gap_id	start	end	length	sequence
CP115149.1_gap1	1483	3632	2149	AGGGACGCCGGCGAACGGGGGCGACGTGCGTGGCGTCGCCCGGGGTCACCTCGAACAGCTGGAGCGGTGGCATGGGAGCAGTGTACGCGAGCGGGGGCGGGAGGGGCGAGCGGCGGTAGAGCGCGGTGCGGGCGCGCGGTAGGCTGAGGCGGCCGGGGTATCCGGCGGGGTGACTGCGATGCGTGTCGTCGTGATGGGACAGGCAGCCTTCGGCGAGGCCGTCTTCCGGAGGCTGCGCGAGGACGGGTTCGATGTCGCCGGGGTGAGCGCGCCGGCACCGGCGGGCGGGCGGGAAGACCCGCTCTGGGCGGCGGCATCATCGGCCGGGGTGCCGGTGATCGAGACGCGGCGGCTGAAGGAGGCGGAGGGGCAGGAGGCGTGGGCGGCGCTGCGGCCGGACCTCTGTGTGATGGCGTTCGTGACCGAGATCATCCCGCACGAGGTGCTCGAGCTGCCGCGGCTGGGAAGCATCCAGTACCACCCGAGCCTGCTGCCGCTGCACCGGGGCTCCTCGGCGATCAACTGGGCGATCATCTTCAGGCGGACGGAGACGGGGCTGACGATTTTCTGGCCGGACCGCGGCATCGATACAGGGCCGATCCTCCTGCAGCGGAGCTGCCCGATCGGGCCGGACGACACGGTGGGCTCGGTGTACTTCGAACGGCTGTTCCCGATGGGAGTCGACGCGATGGCGGAGGCGGCTGCGCTCGTGCGGGACGGGAAGGCGCCACGCATCGCGCAGGACCATGCGAAGGCGACGTACGAGCCGCCCTGCCGGGATGAGCACGCGGCGATCCGCTGGCACGAGCCGGCGGACCGGCTCTATGCGCTCATCCGCGGGTGCAATCCGCAGCCGGGGGCGTGGACGACCTTCGAAGGCCAGCGGCTGCGCATCTTCGACTGCCGGCTGACGGGCGAGGAGGAGCCGGGGATGCCGGGCCGGGTGCTGCGCGTCGAGGAGGGCAGCTTCGATGTGCGGCTGAACGGCGGTGTGCTGCGGGTCCTCCGGGTACAGCCGGAGGGCGGGAAGAAGGTCGGCGCCGGGGAATGGGCGCGGGAAGCCGGGGTGGCGGCGGGTTACCGCTTCCGCTGAGCCCCGCGCTCAGAGGTTGTCGAGCAGGAAGCGGATGACGCGCTCCTCCTGGTATTCGAGGCCGCGCTGGTCGCGCGGCATGTGGCGCTCCTCGGGAAAGATGAGGAGGTCGTACGGCTTGCCGGCTTCGGTGAGCGCGACGATGAAGCGGGCGGTATGGCGGAAGTGCACGTTCTCGTCGGTCATGCCGTGGACGAGGAGCAGGCGGCCTTCGAGCCGGTGCGCATGGGCCGGGCCGAGGCTTCGCGGTAGCCCTCGGGGTTGTCGGCGGGCGTGCCCATGTACCGCTCCGTGTAGCCGGTGTCGTAGCCGTCCCAGTCCGTGACCGGGGCGCCGGCCACGCCGGCGCGGAACACCTCGGGAGCCTTCAGCAGGCACATGAGGGTCATGTAGCCGCCGTAGCTCCAGCCGTAGATGCCGACGCGGGAGGTATCGAGGCCGGGGAGGCCGGAGAGGTAGCGGACGCCCGCGACCTGGTCATCGACTTCGACGGTGCCCATGCGGCGGGCGATGTGGGCTTCGAAGGCGAGACCCCGGCCGCTGCTGCCCCGGTTGTCGAGCTTGAAGACGGCGATGCCCTGCTGCGCGAGGTACTGGGCGCGCAGGTCGACCGTGAGGGTCCAGTCATCGACGACGCGCTGGACGTGGGGGCCGCCGTAGACGGAGATGACGACCGGCGCGGGGCGGTCTGACGGGGCCGGCCGGTAGAGCGCGCCGTAGAGCACGGTGCCGTCGGGAGCGGTGACTTGGTGGAATTCGGGCACGACGAGGCCGAGCGATTCGGCGTCGACCGGCTCCGCGTCGTGGACGGGGATGACGCGGCTCCCGGCAAGCTCCCGGGCAACCACGCGGGGCGGCTGCCCGCGGGAGCTCCAGCTGTCGAGCAGCCAGGCGGCGCCGGGGCCGAGAACCCCGGCGTGCCAGCCGGGTTCCGGGGTGAGGCGCTCGGGTTCGCCACCCGCGAGCGGGACGCGGTAGAGATGGCGCTCGAGCGGCGACTCGCGGGTGGCCGCGAAGTAGACCAGCCCGCGCGCCTCATCGACGCCGAGGACCGAC
CP115149.1_gap2	11566	15324	3758	GCTCACCGAAATCAGCGACGTCGTGATCCGCGCGCCGGCAGGAGTGGCGCTGCCGGCGCTCGTGGACCTGCTGCTCGTGCCCTGACGGCGATTGCGAACCGGCGTGCCGGCGCGTCTTGACCGACAACGGGGCGGCCCGGATGCTCGATAGGTCCTCCCCGGCCCCGCCGATACCCCGGGGCGGGCTATTCGAACCCACGTTTCGGAAGGTGAATCATGACGGCGCCGGTCGCTGAGGAACCGCGCTTCCTGACCTATCCCGGCGCGCCGGCCTGCGCGGCACCGCTGGGTCGATTCGTACGGCGTGCGCCTGCACGTCTGCGAATGGGGCGATGCGGACGGGCCGCCGCTCTTCCTCGTGCATGGCGGTTCGGATTTCGCCGGCACGTTCGACGTGTTCGCGCCGCTGCTGGCCGATGCGGGCTGGCGGGTCATCTCGTGGGACCACCGCGGCCACGGCGATTCGGACCATGCCGCGCTGTACAGCTGGGACGCGGATGTGCGGGACGCGCTCTCCGTGCTGGATTCGACGACGCCGGACGCGGTGCCGGTGGTAGCGCATTCGAAGGGCGGCGGGATGATGCTGCAGCTGGCGGAGGCGCTGCCGTACCGGCTTTCGAAGCTGGTGGTCATCGACGGCCTGCCGAGCCGCGACCCCGCGCCGGACGTCTCGGACCATGAGCACCGGAAGTTCACGCAGAAGACGCTGGCGGAGTGGCTGGACCACCGCCGGGCGGCGCATATCAACCTGCGGAAGCCGGGGACGCTGGAAGAGCTGGCGCGGCGGCGGAAGCGGATGAACCCGCGCCTTTCGGATGACTGGCTGCGCTACCTCGTGACGATCGGCGCGCGGCGCGACCCGGACGGCTGGCGGTGGAAGCTCGACCCGGCGATCCGGTTCGGCGGCTTCGGGCCGTGGAGCCCGGAGTGGTCGCTGCAGCGGCTCAAGGAGCTGAAGGTGCCGCTGCTCGGGCTGACGGCGACGGTGGAGGAAGAGATGGGCTGGGGCACGAACCACCGGGCGCTGCTGCCGTACCTGCCGCCGCGGGCGGAAATCATCCCGTTCGAGAACACGGGGCACTTCATCCACATCGAACATCCGCAGCGGGTGGCCGAGCTGGTGCTGGAGTTCCTGCGATGACGGTCTTCCTGCAGCACAACCGGGTGAAGCTGGCGCTGCACACGCTCCGGGAGGCGCCGGGGCCGCGGCTCTTGCTGCTGCACGCGCTCGGCGACCGCTCGCCGGAGCGGCTGAGCGGGGAGGTGGAGCGGTGGCCGGGGGCGGTCTATGCCCTCGATTTCACCGGGCACGGCTCGTCATCGGTGCCGGCGGGCGGCGGGTACACCGCCGAGGTGCTGATGGGCGACGCGGACGTTGCGCTGGCAGCCATCGGGCCGGCGACGGTAGTCGGGCGCGGGCTCGGCGGCTACATCGGGCTGCTGCTGGCCGGGGCGCGGCCGGGCGAAGTGCGGGGCGTGGCGATTCTCGACGGCGCCGGGCTCGCCGGCGGCGGCGATACGCCGGGGCCGGCGGTCGTGCGCGGCGTCCCGGGCGCGCTTTCGGCGCCGGACCCGTTCGCGCTGGTGGAGCTGGGTTCCGACCTGCGCCCGCGGCAATACGTGCGGCGGTTCGCCGAGCTGGCAACGGAGCATTCGCCGCTGGCGAACCCGATCGCGGTGTGCGGGCGGCAGCGGCCCGCCTGGCTCGAGGCGGTCCTGGAGGTTCCGGGGGTCGTGGAGGAGCCGCTCGAAGCGGCGCTGCAGCGGTTCGCGGCGTTCGGCTGACGGCCGGCCCGGCGGGCACACGATGACGCCGGCCCTCGCGGGGCCGGCGTCGGCATATGCGGCAGCTATCGGCCGGTCAGGCGGACTTGGTGATGGTCTTGAGGCAGCGCGTGCAGATGTTGACGCGCAGGGACGCGCCGCCGAAGAAGATGCGGTGCTTGTGGACGTTGGGACGGAACGTCCGCGACTTCTTGGTGGCCTTGCGCTCCCAGCGGCCGCCGTGCGTGTGGCGGATGTGCCGGCCGAACTGGGTGGTCTTGCCGCAGACGTCGCATGCTCCACTGGCCATGCGTGATGCTTCCTTCCGTGGCAGAATCGAACTTCCATGCTAGCACCGGGTTTCGATAGCGGCCAAACGCTGCCGGGTGGCAGCGCGTGAGCGGGGAGGTGCGCCCCATCGGGCGGGTCGACGGCGAGGGCCTGCGCGCACTGTTCGAGGCGGCAGCGGCGGCGCTGGCTGCGGGGGCAGAGGCGATCAACGCCATCAACGTGTACCCGGTCCCGGACGGCGACACGGGGTCGAACATGGCAGCAACGATGCGGGAGGCTGCCGCCGCAGCGCAGGATGCCGACGCGGGGGCAAACGCGGGGGCAGTTGCTGCCGCGGCGGCACGGGGCGCGCTCTACGGCGCGCGCGGGAACTCCGGGGTCATCCTGTCGCAGGCGCTACGCGGGTTCGCGGATGCGCTCGAGGGAGCGGAGGAGGTGGACGCCGCCCGGCTGGCTTCCGGCCTGGAGGGCGCCGCGCGGGCAGCCTACCGTGCGGTGAGCCAGCCGCAGGAGGGGACGATGCTGACGGTCCTGCGCGAGGCCGCTGCAGCCGCCGCAAGCGCCGTCGGCGGACTGCCCGGCGGCGGGGCGGGCCAGCCGTGCCTGCCGGTGCTCGAGCGGGCGCTGGCCGCGGCGACGGTCGCCGAGGCCCGGACGATGGAGATGCTGCCCTCGCTGCGGGAGGCGGGGTGCCCGATGCGGGCGGCGAGGGCATCTGCGTGCTGCTCGAGGGCATGCTGGCGCGGCTCCGCGGCGAGGCGCTCGACCTCTCGCACCTCGCGGGCGACGGCCACGCGCGGGAGTTCGCCGCTGCCCATGCCGACGAAACCTCCGGATTTTGCACCGAGTTCGTGCTCGAGCCGATCCCGGGGAAGCGGTGGACACCGCGGCGCTGCGGGCGCTGGCGGAATCGTTCGGGGAAAGCATCGTCGTGGTGGGCGACGAGCGGCTGGCGCGAGTCCACGTGCACACAGAGCAGCCGGAGGCGCTGCTGGAGGCCGCCGGGCAGCTCGGCACCCCGCGGCGGGTGAAGGTCGATGACATGGGGGCGCAGCGGGAGCGGTTCGAAGCCGCCGGCAGCGGCGCAACGGCGGCCGTGGGGCTGCTGGCGCTCAGCCGGGGCGACGGGTTCGACCGGCTGTTCGAGAGTCTCGGCGCGCGGGTGGTCGACCTCGGCGACCGGGAGAAGCCCGCGGCCGGCGAGATCGCGCGGGCGGCGGAAGAGATCGGGGCGGCGGACGTCATCGTGCTGCCGAACCACAAGAACGTGCTGCTCGCGGCCGAACAGGCGCGGCAGCTGGCGCGGTGCACGCTGCACGTCGTCCCGACGGCGACGCTGCCGCAGGGCGTCGCGGCGGCCCTGCTGTTCGAACCGGGGCAGCGCGCCCGAGCTGGCGGCGCGGATGGCGGAGGCCGCGCAGCGGGTGCGGACGGTGGAAGTGACGGTGGCAGCGGCTTCGCGGACCGCCGACGGGGTGGAGGTGCGGGCGGGGCAGGGGATTGCGGTGGTCGATGGGCGGCTTGCCGCGGCCAGGGCGACGGCCGAGGAGGCGCTCGCGGCGGGGCTGGCGGCAGCCGGCGCCGGGGACGGCGCGCTTGTTACGGTGTACGTGGGAGCGGACGGCGACGCCGAGGCCGCGCGGGCTGCCGCGGCAAATGCTGCGCCCGGGGCGGAGGTCGAGGTCATCGACGGCGGGCAGCCC
CP115149.1_gap3	83272	87919	4647	ACCGACGCTCATCATCCACGGCAACGATGACCAGAAGCGGGAGCACCTGGGGCGATCCTCCGGGGCGAAGTGCAGTGGTGCCGGGGTACAGCGAGCCGGGCTCCGGTTCGGACCTCGCGAGCCTGCAGACCCGGGCCGTCCGGGACGGCGACGACTTCGTCATCAACGGGCAGAAGATCTGGACCTCCGGCGCGCACAACGCGGACTGGATGTTCATGCTGGCGCGGACGGACCCGGATGCGCCGAAGCACCGGGGCATCACGTACTTCCTCGTCGATATGAACAGCCCGGGCATCACGGTGCGGCCGCTGATCAACATGGCGGGCGGGCACCAGTTCAACGAAGTGTTCTTCGAGGACGTGCGGGTGCCGGCCCGGAACGTGGTCGGGGAGATCAACCGGGGCTGGTACATCGGGACGACGACCCCGGATTTCGAGCGCTCGTCGATCGGGAACGCGGTGGGCCAGCGGCAGACTTTGGAGTACTACCTGCGGTACTGGAAGGAGCACCGGGGAAGCCGGAGACGGCGAGCGCGAGCGCGGCGTTCGCGTCGGAGTTCGCGGACCGGTGGATCGAGGCCGCGACGGCGAAGATGCTCAGCTACCGGGTGATCAGCATCCAGGCTGCGGGCCGGGTTCCGAACCACGAAGCCTCGATTGCGAAGCTGTTCAACACGGAGCTGAGCCAGCGTATCGCGCGGACGGCGATGAAGGCGCTCGGCACGTCGGCGCTGCTCACGGGCCGGGAGGCGCCGATGAAGGGCGCGCGCCGGGCAGCTACCTGCAGACGGTCGCCTCGACGATTGCCGGCGGGACGAGCGAAATCCAGCGGAACATCATCGCCACGCGGGGGCTGGGGCTGCCGCGCGGCTGATCGGAGGAGGTTCCTCCTCAGGGCCGGCCCGGCGCTCGCGCCGGGCCGGTTCGCGTTGGGGAAAGGCCGCGGCGCACGGGCTCGCCGCTCCTTGTCCGCCGTGGAGGACGGCCTAGACTGGGCATCATGAAGCTGGCGGCGGCGATCGCGGCGGGACTGCTTGCCCTTGCGGCGGCGTCAGCGGCCTTCGCCCACGCCGAGCCGAGCCGGGCGACGCCGGGCGACGGCGCGGTGCTGAACGAGCCGCCCACGGAAATCGTCCTCGTGATGACGCAGGACATGGCCCGGCAGGCGGGCGCCAACGACATCAAGGTGTTCGATGCCGCGGGGAACGAGGTGACGCGGGAGGCGGCCGTCATCGACCCGAACGACCGGCGGCGGCTTTCGGTCGCGCTGCCGGCGGACCTCGCCCCGGGCGAGTACGTCGTGCGGTGGACGACGCTGAGCGCCGACGACGGCGACACGGCCAGCGGCGAGCTGCGGTTCCGCTACGACCCGGCGGCGGCGCCGAGCCCGGGCCGCGAGGTGCTGCAGGAAAGCCTGCTCGGGGGAACCCGACGCCGGGGCCGGCCGCGGCGGCGCTGCCGCGGGGCGAGTCGAGCGGAACGGGGTGGGTGCTCGCGGCGGCCGTCGGGGCGGTGATGCTCGTCGTCGGGGTCGGGGCGGGCGTGGTCTTCAGCAGGCGAGGGGAATGAGGCGGGCGCTGCTGGCGGCGCTGGCCGCCTTCACCGTGCTGGCGCTCGCGCTGCCGGTTCACGATGGGCAGGCGCACGCGGCGCTGGTCGCCTCGGAGCCGGCGGCGAACGCCTTCCTCCGGCAGGCGCCCGCGGAAGTGATCCTCGACTTCACGGAGCCGATCGACCCGCGGGCGAGCGGCATCCGGCTGCTCGACGGCGCGGGCCGCGAGATTGCGATTGGCGCGCCGGTCGTGACGCAGGGACGGATGCGCGCACGGCTGCCGGCGCTCGACCCCGGCATCTACAACGTGATCTGGACGAATGTGTCGCTGGTCGACGGCCACGCGCTGACCGGCTCGTACCCGTTTACGGTGCTCAACCCGGACGGGACGGTGCCCGATGCGATGAACACCGTCGGCGCGGTCGGTTCCGGGGCTGACCGGTTGGGGCGGCCGGACGGGACGGCGACGCGGCTGCTGGCGCTGCTCGGGCTGATGCTGACCGCGGGGGCGGGGCTGGTGACGCTGCTGTGGCCGGAGGCGCCGGCCGCGACCCGGCGGCGGCTCGGGCAGGCTGCGGTGCTCGGGGCGGCAGCGGGCCTCGTCGCGGCGGGACTCAGCCTCGCGCTGCTGATCGAAACGTATTCCGGCGCCGGCGCCGCGGCAGCGGTCTTCGAGACGCGGTTCGGGCGGTACTGGCTGGCGCGGGCGCTGCTGGCGGCGGCCGCCGCGGCGGCGGCGGCGCTCTACGGGCGGCGGCCGCGGGCGGCGGCGGGGCGCTCGTCGCCCTTGCGGCAGGGCAGCTCGTCACGTTCACGGCGACGAGCCATGCGGCGGCCGTGCCGGGGAGCGCGTGGGCGATGGCAATCGACGTCACCCACGCCGCGGCGGCGGTGGGATGGCTGGGCGCGGTCGCGGGCGCGGTCGTTGCGGCCCGGTTCGGCCGGCGGCGGGACGCGTGGCGGCCGCTGATGCGGCGGTTCGCGCGGCTGGCGTCGGTCTTCGTCTTCGTGCTGCTGGCGACCGGGCTGCTCGGCGCGCTCATCCACGTCGATTCGGTGCAGAAGCTGACCGAGACGCGGTACGGGCTGGTGCTGCTGGCGAAGCTGGGGCTGGCGGCGCCGCTGCTGGCGGTGGCGCTGTACAACGCGCGGTGGGGAAAGGCGCGGCTGGCGGGCGAGCGGCCGGGCGAACCGCGGCGGTTCATGTTCAGCGCGGCGGCAGAGGTGGGGCTGGGCGTACTCGTCGTCACGGCGGCGGCGCTGATGAGCCAGACGACGACGAGCCGTTCGATCGTCATCGCGCCGGAGCGGCGGCCGTTCGAGATGGCCGCGCCCGCGAACGACCTGCGCGTCACGCTGCGGATCGACCCGAACCAGACGGGCCTCAACACCTACCGCGTCGCGCTGGCGGACGGCGCCGGCGCACCCGCGGAGGCGCAGCGGGTGCGGCTGGTGTTCCGGTACCAGGAGGACCAGTCGCTCGGTCCGTCGACGCTGGTGCTGGCGCCGGCGGGACCGGGCGAATTCAGCGGACAGGGGCCGTACATGCCGCTCGAGGGGCGCTGGCGGGTGGAGGTGGAGGTCCGGCGGGCGGATGCCGACGACGCGCGGACGTTCTTCGATGTGCGGCCCGCGGGGGCATTCGCCGCGGCTGTGATGCAGCGGGGCGGGCCGTGGTCGCTGCCGACGGCCGGGCTGTCGTGGAACCAGTTCGGCGGGCTGGTGCTGCTGCTGGCGGGGCTCGGGTTCGCGCTCAGCCGCGGGACGGCGCGGGAGCTGAACCGGCGGCTCGGGTGGGCGGCGAGCACCGGCACGATGGCCGGGTTCGGACTCGGGGTGCTGCTGCTGTTCGGGGTGCACGCGCACGAGCCGCCGGCGGGGCTGCCGACGAACCCGGTGTTCCCGGATGCGGATTCGATCGCGCGGGGCGGGCGCTCTACGAGGCGAACTGCATCGCCTGTCACGGGCGGACGGGCGTGCCGCCGCCGGGGCTCGACCTGAACCCGTATCCGCTGGACCTCACAGTGCACGTGCCGCAGCACCCGGACGGGCAGCTGTTCCGGTTCATCGCGGACGGCATCCCGGGGACGGCGATGCCGGCGTGGAAGGAGCAGGGGCTGACCGACGAGGAGATCTGGCACCTCGTGAACTACCTGCGCACGCTGGCGCCGGCGACGCAGTAGCGGGCGGCCGGGACGCGGCTCCGGTATGATCCGGGCCTGCCGGGAGACAGCACCGGCAGGAGGTTCGAACGATGGTCACCATCATCGGCAACGTGAAGCCCGAGGACGACTACACCCACCCGCTCGGGCCGGAGGAAAACTTCAACGAATCGGTCTACTTCAACTTCTTCGACCGGGAGCAGCAGATGGGCGGCTTCCTGCGCATCGGCAACCGGGCGAACGAGGGGTACGCCGAGGTCACGGTCATCGTTTACCAGCCCGATGGTTCGGCGCTGTTCAACTACAAACGGCCCCAGATTTCGAGCAACGACGGCTGGAACGCCGGCGGCCTGAAGGTCGAGGTGCTGGAGCCGGGCGAACGGCTGCGCACCACCTACGAAGGGTCGGTCGTCTACCTGAAGGACCCGCGCGAGATGCGGGAGCCGAGCGTGGCGTTCAAAGAGAACCCGCACAGGCGGATCAGGCTCGACCTCGTGCACGAAGGGGTCGGGCCGATCTACGGGCACGTTGCGGAGCCGGGCGGCGCCGGCTCGCAGAACGAGTTCGCGCGGGCGCACTATGAGCAGCACATGCGCGTGACCGGCACGCTGCAGGTGGAAGACGGCCCGGTGCTGCACATCAGCGGGCACGGGCTGCGCGACCATTCGTGGGGGCCGCGGTACTGGCAATCGACGCCGAGCTACCGGTGGATCACGGGGAATTTCGGGGACGACCTCGGGATGGTGCTCTCCATCGTGGGCGACCGCATCGGCGGGGTGTTCCACAAGGGGAAGGACACCATCGTGCAGGTCAAGCACATCGAGCTCGAGACCGAGTACGAGGGCGACACGAACTACCACAAGGCGCTGAAAGCGACGGTGACGCTCGCCAACGGCGAAGTGCACCGGGTCGAGGGGACGGTGCGGGGGTTCAT
CP115149.1_gap4	99796	101119	1323	GGCGCTGGGAAGGACGCGGCGGCTGAAGGCGGGGATGAATGCCGTGGTGGTTCCGTTCCGCGACCCGCTGGTGCTGGCGAAGGAGTGCGCCACGCTCGATTACCTGAGCGGCGGGCGGCTGCTGCCGGTGTTCGGGGTCGGCGACGAGCGAGCACCGGAATGGCGGGCGACCGGCCGCGACCCGCGGGGCCGCGGAGCAGCAGCGGACGAGGCGCTGGAGATCATGGCGCGGTTGTGGACGGGCGAGCGGCTCACGTTCGAAGGCCGGCACTTCCGTTACCGGGAGGCGGTCATCTCGCCGCTGCCGGTGCAGCAGCCGCTGCCACTCTGGATTGGCGGGAGTTCAGAGGCCGCCATCCGGCGGACGGCGCGGCTGGGGACGGGCTGGCTGGCGGGCCTGCAGACGCCGGCGCAGGTGGCGCCCGTCGTGGCGGCGGTCAAACGGGCCGCGGCAGAGGCGGGGCGAACGATCGATGAAGACCACTACGGGGCCGGCTTCTCTTACCGGTTCGGGAGCATCGATGAGCCGGCGGTGCAGCGGCAGCTGGCCGGCCTGGCGCGCCTGCCGGGCGTCGGCGACCCCGCCGCGCTCGTCGCGGTGGGCGGCGCGGAGGAGATCGCGCAGCGCTTCCGCGAGTTCATCGCAGCCGGGGTGTCGAAGTTCGTGGTGCGGCCCATCGCTGAGAACGACGACGACCTGGCGGCGCAGACCGCGCGGCTGCTCGATGAGGTGGTGCCGCTGTTCGCGCCGCCGAAGGTCAGCGGGGAGCGGCGCGAGCCTGACCCAGAGGTCGGGCGGCTCGCCGGCATCGCGGACGAAGACCCCGGAGGCGGTGAAAATGGCCGCCGGGCCGCCGGCATCGGTGATGGCGACCGCGCCGGGGCGCTCCCAGGCCGGCACCTTCTGGTCGATGAGCAGGTCCGAGACCTTCCGCGTGACGCCGCGCCAGGCGATGCGGTCGCCGGGCTGGAGGTGGCGGGCGCGGAGAGCGCCGCGGAGACTCGCGGCGGCGAGTCCCGCGACAGGGGACTGCGGTGCCGGTTCCGCGGGGGAGGTGAGGACGTCGACGCGCCACGGCCCGAAGCGCCGGCTGCCGGGGACGTCCGGGAGCACCGGCGGCAGGGGCTCGACGGGTTCGAGGCGCGGGCCGATGCGGACGCGGCCCGCCGAGACGTCGACGGCGGTGTCGCCGAACGCGACCGAGCCGGAACCGCGGCGGAGCACCTGCCGGAGGTTCTCGAGCCGGGTGCGGTTGACGGCCGGTTCGAGGTGGAAGAACGCGGCCTCGCGCTCGACGACGAGCCAGAGCGACTCGGCGGGGA
CP115149.1_gap5	103512	105459	1947	CGCTGGCGAGCGGTCGTCGAGGACGATGCCGGTTCGCACGAAGCTCTGCGGCTCGAAGCCGGGAACGAGCGCGGCCAGTATAGCTTCCGGGCGGGCGGTGATGTGCTGGTCGGTGCGGAGGCGCATGGCGAGTTCGGTGCCGCCGTCGATGGGGCGGGCGGTCAGCCAGGCGGTGGCAGCGCGGAGGTCGTAGGTGCGTTCGCGTTCGCCGCGCTCTTCGCGCCATTCGAGCGCGGGGAGGGCGAGGAACTCATCGACCCGGGCGCGCGCGACGGCGGGGTCGAGCCCCGGAATGGCGGCGCGGTAATCGGACCAGAGCATGGCGGCCTGGGGCTGGGGCGCGCCGAGGGGGACCTCGCGCGCGCCGACGAGGGCGAGGTCGCCGGTGGCCTGTGCGGCGAGCCGGGCCTGGAATTCGGCGGGGTCGATGCGGGATTCGAGGATGACGTCCATCACTTCCTGCTCCGCCGTGAAGCCGAGGGGGAGCGGGGAGGCGAAGAAGAGCTTCGGGTGGGGAGTGAAGCCCTGCGAATAAGCGAGCGGCAGGCCGGCGCGGCGGATGGCGCGCTCCCAGAAACGGAGCACATCGAGGTGGGAGATGTAGCGGACGCGCTCGCCTTTGCGGAACCAGGTGCGGATGCGCTGCTGGCTGCTCACGCTGCCGATGGTAGCACGGCGCGGGGTCAGGACCGGGGAGGACGCGGGCGGCGAGCTCTTCGGCGGCCGTATGGGGGTCGAGTTCGCGGCTGGCGATGCGCTCGGTCAGGGTTTCGATGACGGCCGAGGGCGCCGCCTTGCGAATTTCTTCGAGGATAAGCTGCTGGGTGATGGCCAAGAGCTGGTGGCGGGCATCCTCGGCGCGGTGCGCGGCGAGCTGGCCGGTGGACTCGAGGTAGGCGCGGTGGTCGTCGATGGCATCGACGAGCGGGCCGAGGCCTTCACCCCGGGTCGCGATGGTCTTGAGAATCGGCGGGCGGCGCTGGTCGGCCGGCGAGAGCGCGAGGAGGGCCTGCAGCTGGCTGACGAGGACGTCGGCGCCGGGGTGGTCGGCTTTGTTGACGACGAGGATATCGGCGATTTCGATGATGCCGGCCTTGAGCGCCTGGATGTCATCGCCGGTGCCGGGGTTGTTGACGAGGACGGTGGTCATGGCGGTGCCGGCGATTTCGACTTCGTCCTGGCCGGCGCCGATGGTCTCGATGATGACGTAGTCGAAGCCGAAGGCGTCGACGACGGCGACGACGTCGGCGATGGCAGGTGCGAGGCCGCCGAGCGCGCCGCGGCCGGCCATGGAGCGCATGTAGACGCCGGGATCCATGGTGACGTCCTGCATGCGGATGCGGTCGCCGAGGAGGGCGCCGTGGGTGAAGGGGCTGGAGGGATCGACGGCGATGATGGCGACGGTCTTGCCGCGGCGGCGAAGTTCGGCTGCGAGCGCGCCGGTGAGAGTGCTCTTTCCGGAGCCGGCGCCGCCGGTGATGCCGACGATGTGGGCGCGGCCGGAGTGCGGGAAGAGGGCGCGGACGTAATCGCGGCCTTCGAGGGTGCCGTTTTCGACGCGGGTGATGACGCGGGCGAGCGCGCGGCGGTCGCCCGCGAGGAAGCGCTGGACGAGCTCGTCCACGTTACTTCTTCACGTTGTCGTAGACGAACTTGACGATGTCCTGGGTGTTCGTCCCGGGGCGGAAGATGGCTTTGAAGCCGAGCTTCTGGAGGGCTTCCGTGTCTTCTTCGGGAATGATGCCGCCGCAGAAGAGGAGGACGTCGTCGAGGCCGCGCTTTTTCAGTTCTTCGACGACGCGGGGAAGAGTTCGAGGTGGGCGCCGGAGAGGATGGAGAGGCCGACGACGTCGACGTCTTCCTGGAGTGCCGCCTCGGCGATCATCTCGGGGTCTGGCGGATGCCGGTGTAGATGACCTCACAGCCGCCGTCGCGGAGGGCGCGGGC
CP115149.1_gap6	156993	161796	4803	GGGGCGCTGCGGTGGTGGTGACGTCGAAGGAGAAGGCGAAGCGGGCGAAGCACCGGCCGGCGTACATCATCGGCGCCGGCGAAAACACGACCCACCTCTCGGTGACCTACGACCCGAGCTTCACGGAGACGCCGATCAAGGCGGCAGCCGACCGGGCGTTCGCGATGGCCGGGGTGAAGCGTTCGGACATCGACCTGGCGTCGCTCTACGACTGCTACACGATCACCGTGCTGCTGACGCTGGAGGATACGGGCTTCTGCGGAAAGGGCGAGGCCGGGAAGTTCGTGGAAGAGCACGACCTGACGTATCGCGGGGATTTCCCGATGAATACGCACGGCGGGCAGCTGAGCTTCGGGCAGGCCGGGATGGCCGGCGGCATGTCGCACATCACGGAGGCGTACCTGCAGATGACCGGCCGGGCCGGCGAGCGGCAGCTGCGGCGGTGCGACACCGTGTTCGTCCACGGCAACGGCGGGCTCATGAGCGAGCAGGTCTCGCTGATTCTCCGGGGGAATGACGGGATGCCGACGTACCGTTCGAACATCGAGCCGCTGCCGGTGCCGACGCCGATTTCGCAGCCCTTCTGGGACGGGACGCGGCAGCACCGGCTGCTCATCCAGCGATGCGACGCGGGGCACGTGTTTTTCTACCCGCGGTCGCACTGCCCGCGCTGCCTTTCGAACCGACTGGAGTGGGTCGAGGCCTCGGGCAAGGGGACGCTGTACAGCTACACGGTGGCGCGGCGGCCGACGTCGCCGGATTTCGAGGCGGACGTGCCGTTCGTCATTGCGGTGGTCGAGCTGGACGAAGGGCCGCGGATGACGTCGCGGCTGGTGGAAGTCGACCCGGACGCGGTGCGGATCGGGATGCGGCTCGAGGTGGTCTTCGACGACGTGACGGAGGAGATCACGCTGCCGTACTTCCGGCCGGCCGCAATGTAGGAAGCGGAGGATGGTCGGGGTGCCGCGATTCGAACGCGGGACCTCTTGAACCCCATTCAAGTGCGCTACCAGGCTGCGCTACACCCCGACCCGGGCGGGCTTGGCGCTGCGTGCCGTCCGCGCGCCGTTCCACGCTACACCATACGAAGCGGCGCGCGCGGGGTCAAAGGCAGGGTCACTGGCCTGAGGGGACGGGGCCGGGGTTGAGCGGCCGCCGGCCGTGTCTGCGGCGGGCGGTTCGGGGGCGGGAACGTGGCCGCGGACGGCGCCCCCGGAGCGGATGTCCGCAAGGCGCCGGCCGAAGAGGAGGAGGACGAGCCCGCTCATCGCCATGATGGCGGCGCCAAGGGTGAAAAGGCCGGGACGGATGCCGAGGCCCTGCACGAGGAAGCCGGCGAGGATGGCGCCGAGGGGGATGAGGCCCCTGTCGAGGCTGAGCAGCGACATGACGCGGCCGTGCATCTCCGGCGTGCTGTTGGAGAGCAGGATACCGTTGGTGAAGGCCATGTAGGTGACGGTCATGCTGCCCGCGACCGCCAGGAGCAGGGCGGTGAGCCAGGTGTTCTGCTGGAGCGAGATGGCGACGAGGGCGGCGCCGAAGACGAGCATGTTGATCGCGAGCTGGAGGCCGGGCCGGGCGATGTTCGATTTCCAGGCAACGAACAGGGACCCGGCGAAGGCGCCGACGCCGGTCGCGCCGGCAAGGAAGCCGACCCCGGAATCGCCGAGGTCGAGTGTTTTCTTCGCGAGGAGGGGGACGAAGACCTGCTGATAGGGGAAGCCGAAGATGAACAGGATGAGGGAGAGGCCGGTGACGACGAACAGCACCGGCTGGCTGGCAACGTAGCGGAAGCCCTCGGCGAGGTCGGCGAACAGGCCCGAATCCTTCCGGCGGCGGGATGTGCCGTCATCGTCGAAGCGCATGAGGAGGGTGGTGAGGATGACGAGGAGGTAGATGCCGGCCGTGATGAGGTAGACGCCGCCGACGGAGGTGACGACGAGGAGGGCGCCGGCGATGGCGCCGCCGCCGATGCGCATGAAGCTGAGCGCGGTGGAGTTGAGGGCGACAGCGTTGAGCAGGTCCTCGGGCGGGACGGTGCGGGGGATGAGCGACTGGCGGACGGGCTGGTTGAAGGCCATGGCGGTGCCGGCGACGCCCGCGGTGAGGAAGACGTGCCAGACTTCGACGATGCCGGCGACGGCGACGATGCCGATGAACAGGTGGCAGGCGGTGGAGGCGCACTGGGTGACGGTCAGGATGCGCTTCCGGTCGTAGCGGTCCGCCACGGCGCCGGCGATGAGCCCGAAGAGGAGGATGGGCGCGAGGCGGGTCGCGATGACGAGCGAGAGCATGACCGCGGAATCGGTGAGGTCGAGGATGAGGACGGCGCGGGCGACCTGGTCCATCCAGAGCGTGGCGGAATGGCCGGTTTGGCCGAGCCAGAGGAGCCGGTAGTTGCGGTGGCGGAGGGCGCGGAAGGTGGTGTCGGCGCCGGGGAGGCGGGGCATACCGGGAATCGTACGTTTACGCGAGGGTGAGGGGAAGGAGTTGGGAGCTGGGAGTCAGAGGTCGAGTTCGATGCCAACGGGACAGTGGTCGGAGCCCATGACCTCGGGCTGGATGAAGGCGCGGCGGACGCGCGGCATGAGGTCTTCGGAGACGAAGACGTAGTCGATGCGCCAGCCGACGTTGCGGGCGCGGCGGTCGCGCCACGGGTCCCAGTAGGTGTAGGCGTCGCGCTGGTCGGGATGGAGGGCGCGGAAGGTGTCGACGTAGCCGTTTTCGATGATGCGCGTAATCCAGGCGCGCTCTTCGGGGAGGAAGCCGGTGCCTTTGAGGGCCTCCTGCGGGCGGGCGACGTCCATTTCGGTGTGGGCGATGTTGAAGTCGCCCATGAAGACGAGGGAGCGGCCCTGGCTGCGGAGGTGGTTGACGTGGGCGAGGAAGGCTTCGTAGAACTCGAACTTGTAAGCGAGGCGGTCCTCGCCACGGCCGGCGTTGGGGTAGTAGGATGTGAGGAGGGTGAACTCCGGGTAATCGGCCTGGATGACCCGCCCTTCGATGTCGAAGCGTTCGATGCCGAGCCCAAGGCGGACTTCGAGCGGCTCGGGTTTGGAGAGCAGGAGCGCCCCGCTGTAGCCGGCCCGCTGGGCCGGGTGCCACCACGACCGGTAGCCGAGGTCGGTCCAGGGCTCGCCGTCGAGCTGGTCAGGGGTGGCCTTGACTTCCTGGAAGCCGGCGATATCCGGCGCGGTGGTCTGGAGCCACGCCTGGAGGTGGCCGCCTTTGAGGGCGGAGCGGATGCCGTTTACGTTCCAGGAGCAGATGGTGAGGGCGGCCACGGCGAAAGTTGACCCGAATCCGGGGCAGCGGGCAAGGCGCGGCTCGGGGACATGCCGGGCGGTGATGACGGGTTCACCCTGATCGGTTCGTTCATACGGAGCGGACGATACTTATGCAGAGAAAGGAGCGAAGCTATGACGACGTGTCCGGTATGCATGGCGCGGTTCGCCGCTGCCGGGGCCGCCGAGCGGAAGTGGCTGGAGTGGCACATGGCGCGGTCGCACGGCATCCAGCGGATGCAGCTCGTGGCCGGCTGGCCCGCAGCGGCGGCGCACGGCCCCGGCCAGTCTGCCGCGTAGGTCAGGCGAAGACGCGGGCGAAGATAACCGCTGCCGAGGCGACGATGGTAACGACGGCGTACTCGGCGGCGGTGGCCCATTCGAGGTCGTGGTCGAGGAGGTGGTGGACGATGCCGGTTGCGAGGTAGAAGGCGATGATGAGGAGGGCGCCGGCGAGGAGGCCATCGAGCGGGAAGAAGTAGAGCGCGAGGCGGAGTTCGGCGAGCGAAATGCCGATGGCGATGGAAACGAGGACGGAGCTGGGGCCGGTGAGCCGGCTTTCGCGGAGGAGTTCGAGGGCGAGGAGCATGCTCGCCGCGCCGACGGCGGCGCTCGCGAGGGGAGGGGTCGTCGCGGGTGAAGAGGACGGCGTAGAAGGAGAAGGCGACGAGGTAGGTGGCGACCGCCATGACGAGGCGGAAGGGACCGTAGAGGCGGGCGCGGACATCGACGGTCTGGTATTCGCCGAAGGCGACGGCGCCGACGGTGAGCGCGGCGAAGGCGGCGAGCGCAGGGCGGGCATAGCCTTCGACGGCGTGGTCGATGAACAGGGCTGACCCGAGGACGCCGAGGGCCGGAAGGAAGGTGTAGACGAGCGCATCGACGGGGCCGCCGGACCAGCCGGGATGGCGGCGGACGATGCCGTCGGTGGCGAAGGCGACGAGCACGGCGGTGAGCCAGGGAGCCAGGGAGTTCGGGGCGGAGGGTGACGGAGGCGATGAGGCCGCCGGCCGCGACGAGGGTCAGGAGGACGACGCGCGCCAGCGTTCCGCCATCGTTCGCCGTGGGCATGGAGTGCACGGCCAGGAGGCTACTCCGCGGCGAAGGTCGGCTCTTCGAGGCCGTAGATTTCGGCGGCGTTGCGCCACCAGAGCCGCTCCTGCTCGTCTTCGGTGAGGCCGAGCTGCTCGTACATGGCGTCGAAGCGGCGGATGTGCTCGGCGATTTCGTCCATGCCGCAGTCGCTGCCCCAGACGAGTTTTTCGACGCCGAACTCGCCCCGGGAGTTGGCGGCGAGGAGCTTGCGTTCGACGAGGTGGCGCTCGATGGTTTCGCCGCCGCTCATGTCGAACCAGACGTTGTGACGCCAGCGGGCGACAGAGGCGGCGTAATCGTAGTTGCCCTGGTTGCCGACGTGGGCGCCAATGATTTTGAGCTTCGGGAAGCGGTTGGCGATGGTATCGAGGTGGAGCGGGGACATGCGCGTCGCTGAGACGTTGCGCGGGGGCATGCGGCTCTG
CP115149.1_gap7	283353	286222	2869	GCAGGCGATCTATTACAGCGACATCGTGACGACGGTGAGTCCGACGTATGCGCGGGAGATTCTGACGCGGGAGTACGGGGAGGGGCTGGAGGCGCTCCTCGGGCTGCGGGGCGATGCGCTGATGGGCATCCTGAACGGGCTGAACTACGACCTGTTCAACCCGCGGACGGACCCCCACGTGCGGCACCACTACGACCTCGCGACGGTGGAGCAGCGCTGGCCGAACCGGGACGCGCTGCGGGAGGAGCTGCGCCTGCCGAAGACGGACGGGCCGATCGCGGCGATGGTGACCCGGCTGACGGAGCAAAGGGGGTCGACCTGGCGATCCAGATCGTGCCGGAAATGGTGCTGGCGGGGGCCAGTTCATCGTGCTGGGAGACGGCGACCAGTGGCTGAAGGACGAGCTGAAGCGGCTGGAGCGGGAATACCCGGACCACGTCCGGCTGGCGCCGAGGTACGACCCGGGGCTGGCGCAGCGGATCTACGCGGGGTGCGACCTGTTCCTGATGCCGTCGCGGTACGAGCCGTGCGGACTCGGCCAGCTGATCGCGATGCGGTACGGGGCCGTGCCGATCGGGCGGCGGACGGGGGACTCTCGGACACGATCCTCGGACCTCGATGAGCACCCCGAGACGGGCACGGGGTTCCTGTTCGACGAGTTCAGCCAGTTTTCGCTCGCCTCGGCCTACGAGCGGGCGGTGCGGGCGTTCCGGGAGCCGGAGACGTGGCTGCGGCTCCAGCGGAACGGGATGAGCCGGGATTATTCGTGGCGGGCCTCGGCGACCTACTACGTGGAGGCCTACACGAACGCGCTGCGGGCGCGGGGCATCGTGCCGCTGGAGTAGCGCGCGGAGCGGGCCGTGCTATGCTCGCGGCCGGGATGGCTGAGAAGCGGATTCTCGTGGTCGGCGCCGGGACGATGGGCACCGCGCTGGCGCGGATGCTGGCAGAGGGCCGCGCGCCGGGCGTCGCCCCGGCGGGGGTGGTGGACATCGACGGGGCGCGGGCGCTGGAGCTGGCGAACGCCGCGGGGACGCGGGCGTTCGGCGACATCTCGACGGCGGTGCGGGAGACGCTGCCCGACGCCGCCTACGTGGCGACGCCGGACGCGCAGCACCGGGCGCCGGTGGAGGAGCTGGCGGGGCTCGGCATCCCCGTGCTGGTCGAGAAGCCGCTGGCGCCGACCGCGGAGGATGCCGAGGCGATGGCGGAGGCGGTCCGCCGGGCGGGCGTCCACGCGGAGGTGAACTGGCTCCAGCGGTGGAACCCGCCGTTCGCGGAGGCCGCGCGCGCCATCAGCGCGGGCGAGCTGGGGGAAGTCCGGCTGTTCAACGGGCGGCTGAACCACCTGGTTTCGTCGCCGCGGGAGCGGCTGCACTGGAGCGGAGGGACGACACCGGCGTGGTACCTGATGTCGCACCTGTTCGACCTCGCGCTCTGGCTGGGGCGGAAGCGGGCGGTGAGCGTCTACGCGCTGGGCGGCCGCGGCGAACTCGCGGGGCGCGGCATCGAGACGTATGACTGGGTGCACGCCATCGTGCGGTATGCCGACGGGGCGGACGGGGTATTCGAAGCGTGCTGGATTCTGCCGGACAGCTGGCCGGCGGCAAGCGACCTCGCGCTGCGGGTGGTGGGGACGCGCGGCGCGGCCGACATCGACGGCGGGCAGCAGGGGCTGGCGCTGGCGTCGGAGCGGTACCGGTACCCGGCGGTATTGCAGTGGGCACCGCAGCGGCTGGCGGCCTTCCTGCGGGCCGCGGAAGGACGGACCAGCACGGGGGCGAGTTTCGAGGATGGCGTCGCCGTGACGAAGCTGCTGGTGGCCCTGCACCGGAGCCTCGAGTCCGGCGCCGTCGAGCGGGTCGAATGACGGCCGGGCAGGACGGCGTACGGATTCACGTCGTCGGCCTCGGGCCGGGCGACCCGGGGCTGCTGACGCAGGCGACGGCAGCGCTGCTCGCCTCGGGCCTGCCGGTCATCCTGCGGACGCGGCACCACCCGACGGTGGCGGGGCTGGCGTTCGGGGGCCGGTGAGCGACTGCGACGACCTGTACGGGGCGGCGGAGCGGTTCGACGAGGTGTACCGGGCAGCGGCGGAGCGCGTGCTCACGGCCGCAGGGCCGGGGCCGGTCGTCTACGCGGTGCCCGGCCACCCGCTCGTGGCAGAGCGGAGCGTCGCCGAGCTGCTGCGGCTGGCGGCGGAGCGCGGCCTCGCCGTGCGGGTCTACCCGGGCGTCAGTTTTGCGGACGTCGCGCTTGCGCGGCTCGGCATCGACGGGGGCAACGTGCAGGTGTGCGACGCGGAGGACTTGCGCATCGACACGTGGCGGCCGGCGATCATCGGGCAGGTCTACCGGCGCGAGGTGGCCTCGGAGCTGAAGCTGCGGCTGCTGGAGTGGTACCCGGCGGACCACCCGGTGCGGGTGCTGCGGCGGCTCGGGACGGCCGACGAGCGGGTCGAAGCGATGGAGCTGCGGGCACTCGACCACGGGCCGTTCGGGTACCTCGATGCGGTGTACGTGCCGCCGCTGGCGCCGCTGGAGGACGTGCGCCGATTCGACGGGCTGGAGTACGTCGTTCGGCGGCTGAATGGCCCCGAGGGCTGCCCGTGGGACCGGGAGCAGACGCACGCGACGCTGCGGCCGCACCTGCTCGAAGAAGCGTACGAGGCGCTCGAAGCGATCGACCGGGGCGACCCGGCCGCGCTGGAGGAGGAGCTGGGCGACCTGCTGCTGCAGGTGCTGATGCACGCGGCGGTTGCGGAGCGGGAGGGGACGTTCCAGCTCGGCGACGTGGTGGAGCGCATCGCCCGGAAGCTGATCCGGCGGCACCCGCACGTCTTCGGCGGAGCGGTGGCGGAGACGGCGGA
CP115149.1_gap8	294947	296942	1995	GCTGGCGGAGCTGCGGTATTCGGCGCGGGTGCTCGAGCTGGCGGGCGCGGGGGACGGCGTCATCGTGCTGCACGGCGGGCCGGCGGGGTCGCTCGAACGGCTCACGGCAGCGCTGGCGGGCGAGGACGCGGTGCTCCGGCACCTCGCGCTGGAGAACGACGAGCGGACGTGGAGCGTCCGCGACCTGCTGCCGGCGGCGCGCCGGCTCGGGGTGCCTGTGGCGGTCGATACGCTGCACCACGGCTGGAACCCGGGCGGGATGACGCTGCGCGAGGCGCTGAGCGAGGCGGCGGCGACCTGGCGGACGCGGCAGAAGGTGCACCTTTCCAGCCAGGCGCCGGGAGCGCGGCCCGGGGCGCATGCGGAGCTGGTCGAGCCGGACGACTTCGCGCGGTTGCGCGAGGCCGGAGCCGGGCTCACGCTGGACGTGATGGTGGAGGCGAAAGCGAAGGAGCTGGCGGTCTTCGCACTCCTCGGGCGCGCGCCGGATGAGCGGGGCGAAGCCGCCGCGGACGGACGGGCTGGCCGCGAGGGACGGCCTCCGGGCGCTCTGGACGCTGCGGCACGGAACGCCGGGGCTGTATGAAGCGCTCGAGATCGCGCGGGCGGGGCTCGGGAACGTGTTCGAACTCGGCTTCGGGCGGTTCCGGCCGATCGTCGTGGCGTCGCCGCAGGGTCTGCGCGAGGCGCTCGTCGAGCGCCGGGAGGAGTTCGGCTGGCGGCCGGAGGGCGACCCCGCGGTGCGGCTGTTCCGGCGGAGCATCCTCGTGACCGACGGGGATGAGCACGACCGGGCGCGGCAGGCGATGGCGCCAGCGTTCGAACCGGCCCGGCTTCGCGCCGCAGCGCCCGCCGTGCTGGCGGTCACCGATGACGAGCTGGACGGCTGGCCGGCGGAAGGCCGGGTCGAGGCGGTCGAGGCGATGCGACGGGTCGCGTGGCGGAGCTTCGAGCTTGTGTTCTTCGGGTACGACCTGCGGGGCGAGGAGCTGGAGCGGACGCTGCCGGGGCTGCTGGCGGCGCTGCGGTACATCGGGCCGGGGGTGTGGGTGCTGCGGGGGCGGGCCGGGGGCGTCCCGCGGCGGGTGCGGCCGCTCGAAGCGCACGTGCGGGGCGTCATCGCCGAGCGGAAAGGGCAGCCGGCCGAGCCGCCGACGATGCTGGACCTGCTGCTGGAGGCGTTCGACGACGAGCGGGTGCGCGACCACGCGCTGACGATGCTGATCGCGGGGCACGACACGAGCACGGCGCAGCTCTCGTGGGCGCTGCACCTGCTGGCGCGCAGCCCCGAGTGGCTGGCGCGGGCGACCCGCGAGGCCCGGCGGGCCCCGGATGGCGAGCGGCTGGCCGGGGTCCGCGCGGACGACCTGCCCGTCATCGACGCCGTGCTGAAGGAGACGCTGCGGCTGTGGCCGCCGATCCACGTGGGCGGGCGGTGGTCGCTGCGGGAGACGGAGCTGGACGGCTATGCGATCCCGGCGGGGCAGCGGGTGATGCTTTCGTACTTCCTCGCGCAGCGCGACCCCGCGGCGTGGGCCGCGCCGGGGCGGTTCGACCCCGGCCGGTGGCTGGACGGCGGCGGCGCGCCTGGGCCGTACACCTACCTGCCGTTCGGCGGCGGGCCGCGCAACTGCATCGGCGCGGCGTTCGCGAACCTGGAGGCGCGGCTCGTGCTGACGCGGGTGCTGCAGCGGTTCGACCTCGCGGTGACGCGGCGGCCGCTGCGGGGCGCGATGGGCGCGACGCTGGAGCCGCGCGGCGGCCTGCTGAGGGTGCGGCGCCGATGACCTACGGGGCGTTCCTCGGGCTGTACCTGCTGCCGCCTATCGTGACGCTGCTCGCGGCGGTCTTCCGCTGGCGGCCGGCGCCGCCGCTGCGGGAGCTGGCTGCGGGGATCGGCGTGCTTGCCGTCATCGCCGTGGTCTACACGACGCCGTGGGACAACTACCTCGTCGCTTCCGGGACGTGGACCTACCCCGAGGAGCGGACGTGGGG
CP115149.1_gap9	299913	301045	1132	GAACGCTGCGGCGGCATCCTGTGCGCACGCCGCCAGTGTAGCGGCCCGGAGTGGTTCCCGGTATGGAGCCCGAATTGGCCCTGACGGGGTAACCTTTGGGCGGTACATTCGTTCTACGGTTTCGAAGGGCCGCAGTGGCCGCGGAGGTCGACGATGGCACGCACGAGCACCCATCAGCTCCCGTCCCGTGACGGGTTCGCGAAGGAATTCCCAGCGTAAGGGTCTACCTTTCGAGACGACGGCACAGCGCCGTACCGCGAAAGGTACGGCGCTTTTCTTTTCCCAACTCATCGATCCGTCTCAACAGTGACAGCTGACGCTGCGCGTCGGCTGGTTGGTCGTTTTCGTCACGTTCACTGCGTGTTTTTCCAGGAGGTGTCGACATGTTGCACCCGATGCTGGGCCATTCGGTGCAGGAAACTGCGTGGATCACCGGAAAACCGCTCGGCGCGGAGGTCGAGCGGCGGCCGGGGTTCGTCCACCGGGCAGCGCTCGCTGCGCTGCGGCGGGAACGCCGCCGGGAGGCGACCATCGCGGCTGAGGCTGCGGAGGCGCTCGCGGCGGCGCAGGCGGTGAAGCGAACCGCGCCGGGGCGCCCGGCTCCGGCCAGTGAGGAGCCCGCGGTGCGCGGGCAGGGCCGCTAAACGCCGGGGCTCCCCGAATTCGGGGAGCCCCGGTTCTTCGTCGCGAGCGGCGAGGCTGTCAGGCCTGGATGGCCTGTTCGAGCCGGCCGTTGATGTGCTTGCGAATGAAGGTCGCTTTCTGGAGGTCGGCGAGGTAGTTATCGACCTGGAGCTTGCGGAGGTCGCGGAGCTTGCGCTTGCCTTCTTCGATGTTGGCGACGCCGCCGCCGAGGAGGATGGCAAGGGGTTCGCTGACGGCGGGGTCGGCCCAGTCCTTCCCCATGCGGGACTCCGCCTTGTTGAAGTAGAGGTTCTGCTCGTCGCGGCGGTCGGGGAGCTTGAAGAGCATGTGCTTCATGCGCTCGATGTGGTAGTCGAGCATGCGTTTGCGGTCGCGGGCGACGAAGCGGTAGAGGTCGCGCTCGAGCTCGTTCTGGGCGAACTCGTCGCCGTGGGAGAAGAGCGTGTAGAGCATCGAGTCCTGGACGAAGAGGATGGCGGCGAGTTCG
CP115149.1_gap10	314907	315892	985	TTCCAGCGTTCGAGGGCTTCATCGCGGGAGATGCTGGCCATCTGGAAGGGGAGTTTGCGGGCGACGCTCTCGCGCATGCGGTTTTCGAGCCAGGCGAGGTCCTCGGGAGTGAGGGAGCGCGGGAGGCGGAAGTCGTAGTAGAAGCCGGTATCGATGGGCGGGCCGATGCCGAGTTCGGCATCAGGGAAGAGCTCGAGCATGGCCTCGGCGAGGACGTGGGCAGCGGAGTGGCGCATGCGGGCGAGGCGCTCCTCCTTGGGGAGGGCGGCGAGGTCGACGCGGGATTCGATGGGGGTAGCCACGGGGCAGGTGAACCTCCGGCGGGGTGTGGCGCGCCGCGGTGCCGGGACGAGCGGCGCGCTCGTGGTTCCACCCGGCTTCTCCGCGCGGAGGCACGGACTCGTTGGGGGCCGATAACGGGGCCTTCCGCGCTGCCTTATCGCCCGGGGGCGCTTCGGCGCGGGCTCGCGGGTGGTGTTCGCCCGCCTGGCGCCGCGCTTTCAGCCGGTGGCGCGGCTCTCTGGTGGTGGCGGCGGGCTACTCGTCCCGGTCGACGCCTTTGGCTGGCGGCTGGCGAGCCGCCGTCGGGTTGTCGAGGGAGAGTATAGCACCGGGCTGCGCGGGGCTTGCGTTTGGCCGTTCACTTGCTATGATGGAAAAGGCGTATTCTGCCCTGCGCAAGACCACGATTCCCGAGAGGGAGAGAGGAAGCGACGAACTGAGCATGTCGGACGATGTCCTGGCCGATTCGACGATCACGAGCGACGACTCGGTGCTCGATGGCGTGCTGAGCCGCCTGTCTTCGTACGAAGACGGGGAGGCCGCCGACGAGGACCTGGCGGGGCTCGGCCCTGAAGTCGAGGAGGAGAGCCCGCTCGACGAGGAGGAGGACGAGGAGGCGAGCATCGCGCTGCTGACCGAGGAGTCGGAAGGGATCGACGACCCGGTCCGGATGTACCTGCGCGAAATCGGGAAGGTCTATCTG
CP115149.1_gap11	316937	319156	2219	GCGACTTCCTCGAAGACCCGAGCGCGCTGGCGCCGGCAGAGGCCGCGAGCCAGCAGCTGCTCCGCGAGCAGGTCGAGGACGTGCTGGCGAGCCTCACGGCGCGGGAGCGCCGGGTGCTGCAGCTGCGGTTCGGGCTGGAGGACGGCCGGAGCCGGACGCTGGAGGAGGTCGGCCGGGAGTTCGGCGTGACGCGCGAACGGATCCGGCAGATCGAAGCGAAGGCGCTGCGGAAGCTGCGCCACCCGAGCCGCTCGAAGAAGCTGCGCGACTACCTCGACTGAGCCGCGGCAACACGCAGCGAACGACGCCGGCCCCGGGACCCGGGGCCGGCGTCGTTCGCTGCCGGCCGGTTCGACCGTTCAGGGCGGAAGGCGGAGAATCGGCGGCATGGCCGAACCGCGCGTGGTCTCGACAGAGCTGGTGTACCGGGGGCGGCTGTTCGATGTCGAGCTGGCGACGCTGGAGATGGACGGCGGGGTCGTCGCGCGGCGAGAGACGATCCGCCACCCGGGGGCGGTCTGCATGGTGCCGGTGCTGGCGGACGGTTCGCTGCTGCTGGTGACGCAGTACCGGCACGCAGCCGGGCGGCGGCTGCTGGAGCTGCCCGCGGGGACGCTCGAGCCGGGCGAGGCGCCGGAGGCGGCGGTGGCGCGGGAGCTGCAGGAGGAGGTGGGGCACATCCCGGGGCGGGTGGTGCCGATGGGCGGGTTCTACGTGGCGCCGGGGTACACGAGCGAGTACCTCCACCTGTTCGCCTGCCTCGAACTGGCGGAATCGCGGCTGTCGGCGGACGAGGACGAGGACATCGAGGTGGAGCGGCGGACGCTGGCGGAGGCGGTGGCGGCGGTGGAGCGCGGGGAGATCTGCGACGCGAAGTCGGTGATTGGCGTGCTGCGCTGGGCGCGAATGGTCGAATCATCGAATCGGTAGGTGGGCGAAGGTTCTATAGCAGGCATGTATGAGCGCTGATTGAACGCGCGGGGGCCGGTCGTAGGATGCGCGGGGAACTGCGGCAGGCGGCCGGTGCGGGGGTTCGCCGGGTCCGGTCCTGTCCGCCCGGGAGACCAGCCTGAGCCGGGCGGGCGACGTCCAAGGAGGGGGCATGCTCTCAGGGACACGGGCGCGCGGCGTGCAGCCGTTGCGGCAGCGGCGCGTGAGGCCGCGGATCTGGATCCCGGACTTCTACGGCTCGGCAGTCGGCAAGAAGGCGGTGATGGCGGTCACCGGCATCGTGCTGCTCGGCTTCGTGCTGGTGCACATGCTGGGGAACCTGCACCTCTACGAAGGCGCCGAAAAGATGAACTGGTACGGGGAGTACCTGCGGGAGATCGGCGAGCCGATCCTGCCGCGGACGGGGCTCCTCTGGATCGTGCGGAGCGTGCTCATCCTGGCGTTTGCACTGCACATCCACGCGGCCTATTCGCTGACGGTGATGAACCGGCAATCGCGGAAGACGAAGTACCAGGGCGGGCGGGATTACATCGCGGCGAACTACGCGGCCCGGACGATGCGGTGGAGCGGGGTCATCGTCGGCCTGTTCGTCATTTACCACCTGATGGACCTGACCTGGGGCATGGGCGGGGCGGACTTCACGAAGGGCGAGCCGTACCAGAACGTGGTGGCGAGCCTTTCCCGCTGGCCGATTGCGGGCGTCTACATCGTGGCGAACCTGCTGCTGGGGATGCACATCTATCACGGCGCGTGGAGCCTGTTCCAGTCGCTGGGCTGGTCGCACCCGCGGTTCAATCACTGGCGGCGGGTGTTCGCGGCGGCGTTCGCGGCCATCATCGTCATCGGCAACGTGTCGTTCCCGATTGCCGTGCTGACAGGCATCGTGGAGTAGGGGAAGGCCATGCTGGACGCGAAGATTCCCGCTGGGCACATCTCGGAGAAGTGGAGCAACGCGAAGTTCGAGACGAAGCTGGTCGCCCCGCAAAACCGGCGGAAGTTCGAGATCATCGTGGTGGGGACGGGGCTGGCTGGCTCCTCGGCGGCGGCGACGCTGGGCGAGATGGGCTACAACGTGAAGGTGTTCTGCTTCCGGGACAGCCCGCGGCGGGCCCACTCGATCGCGGCGCAGGGCGGCATCAACGCGGCGAAGAACTACAAGAACGACGGCGACTCTGTCTTCCGGTTGTTCTACGACACGATCAAGGGCGGCGACTACCGGGCGCGCGAGGCGAACGTCTACCGGCTGGCGGAGATCAGCGTTCAGATCA
CP115149.1_gap12	325967	330351	4384	GGAGGCGGACGCGGCGAGCGAGCAGCTGGCGCGGGTGCGTGGGAACTTCCCGGACTGGGCCGATTCGATCTACGGGCCGAAGGGTCCGGAGGGGCCACGGCCGATGCGGAACGCAACGCGGACGACGATCGCGCCGACGGGGACGCTGAGCATCATCGCAAACTGCTCGGGCGGCATCGAGCCGGTGTTCGCGCTGGCGTTCATCCGCTCGCACTACCTGGACAAGAACGACCCGACGAAGCGGACCGAGCTGACCGAGGTGAACGAGCAGTTCGAAGCGGTCGCGCGGGCCGAGGGGTTCTACAGCGACGAGCTGATGCGGTTCCTCGCGGAAGGCGGCCACCTCGCCGAGCGGCCGGAAGTGCCGCAGTGGGTGAAGGACGTGTTCGTCACCGCGCACGAGATTGCACCGGAGTGGCACGTGCGGATGCAGGCGGCCTTCCAGCAGTTCACCGACAACGCGGTCTCGAAGACGATCAACTTCCCGAACTCGGCGACGGTCGACGACGTGCGGATCTCATACGAGCTGGCGTACCGGACGGGCTGCAAGGGCATCACCATCTACCGGGACGGCTCGCGCGAGTTCCAGGTGCTCAAGCACGCGGAGAAGTCGGACGCCGAGAAGGCGGTAGAGGCCGCACAGGCGATCGTGGCGCAGGCCGCCGGGCCGGTTCGGCGGCGGCTGCCGGACGAGCGGCAGGCGATCACGCACAAGTTCCGCGTCGGCGAACAGGAAGGCTACATGACGGTCGGCCTGTTCGAAGACGGGACGCCGGGCGAGGTGTTCATCAACGTCTCGAAGCAGGGGTCGACCGTTTCGGGCCTGATGGACACGGTGGCGATGCTGACGAGCTACGCGCTGCAGTACGGCGTTCCGCTTTCGGAGCTGGCCTCGAAACTGAAGAACACGCGGTTCGAGCCCAGCGGCCCGACGAGCAACAAGGAGATCCCGATCGCGACGAGCATCGTGGACTACGTGTTCCGCTGGCTGGAGCTGAAGTTCGGCGGCTCGAAGGCGGCGGCGCAGCCGGCGCTCATCCCGCCGGACCTCGTGGTGGAGAGCACGGGCCCGAGCGTGGCGGCGAAGCTGCACAGCGACGCGGTCGCGAGCGGCGTGGGCTGCCCGGAGTGCGGCGCGGTGCTGTACTACGCGGAGGGCTGCCTCGTCTGCCACAACTGCTTCTACAACAAGTGCGGCTGAGCTGACGGTTCGAACGCACCAGCTGCGGCAGGGGCGCGGGGTCTCCCGCGCCCCTGCGGCGTTCGACAGCGGGGCGGCGGCCCGCCACAATCGAGCCATGGGGTTCTACTACGGGCCGAGTTCGCCGCAGGATGACCCGCCGCCGGGCTCGTGGAAAGAGACGTTCATCATCATCTGGGTGGTGTTCAAGACGCTGGCCCTGCCGCTCGGGCTGCTGTTCGGCGCCATCCTGGGTTTCGTCATCGTGCTCTGGGCGTTCCTGACCTCGGCGCTGCTCGGGCTGGCGCTGCTGGGGCTGGTCGTGGCGGCCGTCGTGGCGCGGGGCATCTGGGAAGCGCGGCACCCGCCGGACCTCTCGTGACGGCATCGATGACGTCGATTCGCGAGGCGATCGCCGGGGTTCGGCAGCGCATCGCCCTTGCCTGCGAGCGCGCGGGGCGTGACCCGGGCGAGGTCCGGCTGATTGCGGTGAGCAAGACGTTCGGTCCGGACGCCGTGGCCGAGGCGCTGGCCGCGGGGGTGACGGACTTCGGCGAGAACCGGGTGCAGGAGGCGCTTCCGAAGGTCGCGGCGGTGGCGGAGCTCGCGGCGACGCGCGGGCCGCCCGCGCCGCGCTGGCACATGGTGGGACACCTGCAATCGAACAAGGCGCGGGCGGCTGCAGGGCCCTTTGCTATACTCCACGGCATCGACTCGACCCGCCTCCTGGACGTCCTGGAACGCGCCGCCGGGGACCGGACCATCCCGGTGCTGCTCGAGGTGAACGTCGCCGGCGAGGCGACCAAATACGGTTTCGCGCCCGGCGAGGTGGGCGCGGCCGTGGCGCACGCGCGGGGACTCAGCCGGGTGCGGGTCGACGGGCTGATGACGGTTGCGCCGCCGGCGCGCTGACCCGGAGGAGGTGCGGCCCGTGTTCCGCGAACTGGCGCGGCTGGCGCGGGCGCACGGACTGCGCGAGCTCTCGATGGGCATGACTGGCGATTTCGAGGTCGCCATCGAAGAAGGGGCAACGATGGTGCGCATCGGCCGGGCGATTTTCGGAGAACGGGCATGAAGGTTGCGATCGTCGGCGGCGGGGTGATGGGCGAAGCGATCCTCGCCGGGGCGCTCGACCGCGGCGTCTTCGAACCGGCGGATGTCACCGTCGTGGAAAAGGTCGAGGCGCGCCGGACGCAGCTCCGGGCGGCCTACGGCATCGAGGCGACGGGCGATTTCGGGCCGATGGGCGACGCGGGGCTGGTGGTGCTCGCGGTGAAGCCGCAGGAGCTGGCGAGCGTCAAGGGGCGCGTGCGGCCCGGCGCGCCATCCTCTCGGTCATGGCGGGGGTGCGGATCGCGACGATCCAGGCCGCGTTCGACCACCCGTTCGTCGTGCGGGCGATGCCGAACACGCCAGCCGCGATCCGGGCGGGGATGACCGCGTGGACCGCTGCCCCGGCGGTGACGGTGGAGCAGCGCAGCATCGCGCGGCAGCTGCTCGGCGCGATTGGCCGCGAAGTGTACGTGGACGACGAGCGGAAGGTCGACATGGCGACGGCGGTGAGCGGGAGCGGGCCGGCGTACGTGTTCCTGTTCATCGAGGCGCTCATCGACGGGGCGGTCGCGGTGGGGCTGCCCCGGGCGCAGGCGGAGGAGCTGGTGGTGCAGACGGTGCTGGGCGCGGCCCAGTACGCGCAGGAGAGCGGCAAGAGCGCCGCGGAATTGCGGGCGATGGTTACCTCGCCGGCGGGCACGACCGCAGCGGGGCTGCTCGAGCTGGAGAAGGCGCGCTGCGCGCGTCGGTCATCGAAGCGGTGCGGGCCGCGTTCGCGCGGGCGGTCGAGCTCGGAGGCCCGGCGTGAACCCGGCGATTGCGCAGCTGTTCACGCTGTTCCTGTGGCTGCTCATCCTCGCGATCTTCCTGCGGTCGCTGATGAGCTGGTTCCCGATCAGCCAGGACAACGAGGTCGCGCGGCTGCTTTATCGGGTCACCGAGCCGCTGCTGGAGCCCGTCCGGCGGGTGCTGCCGAGGACGGGGTTCATCGACTTTTCCGGGATGGTCGTGATCATCCTGCTGTACGTGATGATTTCGGTGGTGCAGCGGGCTGCGGCGCAATGATGACGGGGGCTTCACCGGCCGATCTGGTAAGCTGAGGGGAGCGACGCCGGGGGTCGAGCCATCAATCCGTACGTTGCCCAGCTGACGTTTACGTGGCTGAACATCCTGACCTGGGCGATCATCGCGCGGGCGCTGCTGAGCTGGCTCCCGGTGGACCAGGGAGTCCGCTCTACCAGCTCCTGTTCCGCGTGACGGAGCCGATCATCGACCCGTTCCGGCGGGTGATGCCGCGGGCCGGGATGATCGACCTTTCGCCGATGATGGCGATCCCGGCCCTGCTGGTGATGCAGCAGCTGGTCGCGATGCTGGTCGTGCCGGCCTGACAGCACGGCAGGCCGGGGGCGTGTGCGGCACTCGATCCGAGCGGGCGGCGGTGTGACACTTTCGTTGTGAACAGCGCAATCGAGGCGCGGGAGATTCGGCGGAGCTACGGCGACCGCGCCGCGCTGGACGGGTTCACGCTCGAGGTCCCTGCGGGGTCGGTCTTCGGGGTCCTCGGGCCGAACGGGAGCGGCAAGAGCACCTTCCTCGCGCTCGTCGCTGCGGCCGAACGGCCGCCCGCGGGAACGCTGACGATTCTCGGCGAAGCGCCGCACCCGCGGCTCGGGCGCGCATCGGGACCGTGTTCCAGGAGAATGCCTCGGACCCGCTGATGAGCCCGCGCGAGTACCTGCTGTTCGCCGCGACGCTGTTCGGGGTGGGCGGGGCCGAGGCGCGGCGCCGGGCGGACGAGCTGCTCGAACGGTTCGGCCTCGCGGGGCGGGCGAACGACCCCATCAGCACGCTCTCGGGCGGCATGCGGCGGCGGCTCGAGGCAGCGCGCGCGCTGCTCCACCGGCCGGAGCTGCTGCTGCTCGACGAGCCGACGACCGGGGTGGACCCGGAGGAGCGGCGCCTGCTCTGGGAGACGGTACGGGCCGAGCGGGGCGGCGCGACGGTGCTGCTCGCGACGAACGACCTCCACGAGGCGGACGCAGTCTGCGACCTCGTGGCGTTCGTGCAGGCTGGACGCGTGGTCGCGGCCGGGGCGCCGGCGGAGCTGAAGCGCGACCTGCGCCGGCAGGCGGTGCGCGTGGAGCTGAGCGC
CP115149.1_gap13	357038	359661	2623	AGCTGGCGGGGCAGCTCGACTTCGGGGAATTCGCGGAGTGGCACGACCGGGAGCGGATCGTGCCGAACCTGCACCGGGTGTACAGCGAGCTGCGCGGCGAGCCGCGCGGGACGCCGCTCGATTTCCGGCAGATGTTCGCGGAGATGCTGGCCTTCAACGGCGGGAAGCCGCTGCGCTGCCTGGCCTGAGGTTCAGCCGAGCGCTTCCCGGACCTTTTCGAGGAGGTCGAGCGGGCGGTAGGGCTTCTGGATGAAGCCGGCGAGGCCTTTGCCGGCGAACCGGTCGGTGGCGTCCTGCTCGTTGTAGCCGGAGGTGAGGAGGACGCGGACGCGGGGATCGATGCGGCGGAGTTCGCGGAAGGTTTCCTCGCCATCCATGTGGGGCATGGTCATATCGAGCAGGACAAGGTCGATGCCCGGGCGTTCGCGGTAGCAGCGGAGGGCTTCGCTGCCGTCGGCGGCGAGGAGGACGGTGTAGCCGGCCTGCTCGAGCATGCGGCGGGTCACCGTCCGTACCGTTTCATCGTCGTCGACGACGAGGATGGTGCCGCCCCGCCCGGCCGCGGACGCCGCTGCCGGGGCTGCGGGGGCTGGCGCGGCGGCGGGCCCGGCGGCGGGGAAGAGGATCTTGAAGGTGGTGCCGCGGCCGGGCTCGGTGTAGAGCTTGATGGCGCCCCGGTGGCTGCGCACGATGCCGAGGACGGCGGCGAGGCCGAGCCCGCGGCCGGTGAACTTCGTGGTGAAGAAGGGGTCGAAGATGCGGGCGGCGGTCTCCTCGTCCATGCCGACGCCGGTATCGGCGACTTCGAGGTATACGTAGTCGCCCTCGGGCAGGTCATCATCCATATAGGCCGTTTTCAGGTAGGCGCGGTCGGCGTAGAGGAGGCCGGTCGAGACGGAGATGACGCCGGAGCGCTCGCCGATGGCGTCGGAGGCGTTGGTGATGAGGTTCATGATGACCTGGCGGATTTGGGTGGCGTCGCCTTCGATGGCGGGCAGGTCGGGGGCGAAGCGGTATTTGAGGACGGCGCGCTTGGAGACGGAGACCTCGAGCAGGTGGGCCATCTCTTCGACGACGCGGGAGAGGTTGAGGCGCTCGATGACGAACTTGCCCTTGCCGGAGTAGGCGAGCATCTGGCGGGTGAGCTCGGCGGCGCGCTGGGCTGCGGTTTCGATGGCGAGGACGGTTTGGCGGGCCGGCGATTCGGGCGGCAGCTCCATGAGGGCGAGGCCGGCGTTGCCGAGGATGGCGACGAGGAGGTTATTGAAGTCGTGGGCGATGCCGCCGGCGAGGACGCCGAGGCTCTCGAGCTTCTGGGTTTGCTGCATCTGGAGGTCGAAGCGGCGGCGCTCCTCCTCGGCGCGGACGAGGTCGGTGGTGTCGAGCGCGGAGAGGAGGGTGGCAGGCCGGCCGTCGAAGTCGAAGGGCGAGGCGGCGACGCGGAGGTGGCGGACCTGGCCATCGGCGGCCGTCACGCGGATGGTGAAGCGGGAGACCTGTTCGAGTCCAGCCTGCCGGCGCTGGAAGTGCTCGACCATGACGGGGATGTCATCGGGACCGATGAGGGACGCGAGAAACCCGGGCGCCATGAGCTGTTCGCGCGGGTAGCCGGTGAGCCGCTCCATCTCGGCGTTGACGAAGAGGGCGTTGACGCCATCGGAGACCCAGACGGCGGCGGAGACGGCATCGAGGAGCTGGCGGAGGCGGGTTTCGCTCTGGCGGAGGGCTTCTTCGGCGAGGACGGCGTCGTGGATGTCGATGACGCAGCCGACCTGGCCGAGGAACGCGCCGCTGTCGTCGAAGCGCGGCGTCGCGTATTCGAGCATGTAGCGGTAGACGCCTGTATGGTGCCGGAGACGATATCGGATCGAGTACGGGGCGCGGCGCGCTATCGACTCCCGGTAAAGGGCGATGACGGCCGGCAGGTCGTCGGGATGAATCACCCGGGTCCAGCCGCTGCCCAGGTCCTCGTCGGCTCGACCTGTAAATTCCCGCCAAGTCCGGGAGAGAAAGTCCGTTTGGCCGTCGGGGCCGGCGGTCCAGATCATGATGGGGGCGGAATCGGCGAGGGTGCGGAAGCGCGCTTCGCTCTCGGCGAGAGCGGCGGCGCAGCGGCGCGCTCGGTGACGTCGCGGGCGACGCTGCCGATGCCGACGATGGCGCCGGAGGCGTCGCGGAGGGGAAGTAGGAGGTGGCGAGGATGACGGTCGAACCATCTTTGCGGCGCCGGCGCGCTCCATGTCCTCGATGCTCTCGCCGGCGAGGACGCGGGCGCGGATTTCCTCCCGAAGGCGGCGGGCGTCGGGCTCGAACAGAAATTCGGTGGTGCGGCCAAGGACTTCGGCGGCGGCGTAGCCGAGGGCGAGTTCGGCGCCGCGGTTCCAGGCGGTGATGGCGCCGGAGAGGTCGGTCGTGATCATCGCATCGCGGGAGAAGGCGACGATGGCGGCGAGCCGCGCATTCTCGAGGGAGGTGCGGTAGAGGTCGGTGAGGTCGCGGGTGAGCGAGAGGACGGACTCGACTTCGCCGCGGTCGTTGCGCTCGGGGATGAGCCAGGTCTGGCTGTAGGCGCCGGGACCGCGGAAGTCGGACGGCCCTTCCTGGACGAGCGGCTGGCCGGTTT
CP115149.1_gap14	364848	366010	1162	CGAGCGGAACCTGAAGGTGCTGCCGAGCTTCGGCGTCATCCCGGCGTTCGGGTCGCTCGGCGGGGTTGGGCAGGTGCCGGGGCTGCAGTTCAACCCGGCGCTCTTGCTCCACGGCGAGCAGGACCTCGAAATCCGGAAGCCGATCCCGGTCGAGGGCGAGGTGGAGACGAGCGGCAAGGTGGCCGGGATTTACGACAAGGGGAAGGCTGCGCTCGTCGTGCTCGAGACCGAGACGAAGCTGAAGGGCGAAGCGGAGCCGCTGTTCGTGAACCGGTTCTCGCTCTTCCTGCGGGGCGAGGGCGGCTTCGGGGGCGAGAGCGGGCCGCCGGCGGGCAACGAAGCGCCGAACCGGGCGCCGGACGGCACGGTGGAGTCGAAGACGCTGCCGCAGCAGGCGCTGCTCTACCGGCTCTCGGGCGACAAGAACCCGCTGCACGCGGACCCGGACTTCGCGAAGATGGGCGGCTTCGACCGGCCGATCCTCCACGGGCTGTGCTCGTTCGGGGTGGTGTGCAAGGCGGTCGTGGACCACGCGCTGGGCGGCGACACGGCGAAGGTGGCGCGCTACCAGGCGCGGTTCGCGGGCGTGGTCTTCCCGGGCGAGACGATCGTGACTTCGTACTGGCGGGAAGGGAACACGATCCTCGTGGCGGCGCAGACAAAGGAGCGGGGAACGCCGGTCATCACGAACGCGGCGATTACGGTGCGCGGCTAGCGTTCACCGGCAAGCTTGCGACGGCGGGGCCGCGACGGTTGGCGCGGCCCCGCCATTCGTTCGCCCGCGAGGTGAAAGCCGGCTACTCGAAGAGGAAGCGGCGGCGGCGCGGGGCGGCCTTCCGGTAGCGGAGGCCGAACTTGCGGATGCCGACCTCGCGGACGATGGCGGCAGCCTCCTCGGGCGAGTCGGTGAGGACGAGGCGGTCGAGGTCCTCCGGGTCGATGGTGCCCATGGCGACGAGGCGGTTGAGCATGAAATCCATAAGCGGCTCGTAGAAGTCGACGCCGACGAGGATGCAGGGGTAATCGCGGATTTTGCGGGTCTGGATGAGGGTGGCGATTTCGAAAAGCTCGTCGAGCGTGCCGAAGCCGCCGGGCATGGCGATGAAGGCGTAGGAGTACTTGGCCAGCATCACCTTGCGGACGAAGAAGTAGCGGAACTCGA
CP115149.1_gap15	396305	396918	613	CTGGAGGGTCGTCCGGCGCGCTGAGCACGGCGGAGCCGTCTTCGGCGAGGCGGCGCGCGCCGAAAAGCGCGGCGAAGCGCTCAGCTGCTTCCGCGCGGTCCGGGACGACGAGCAGGATGCGGTCGAGACGGGTGAGCATGGCGCACCTCCGGCAGGGCTATTGAAGCACAGGGAGGGGCGGATGGGGCAGGGGTCAGGCGGGTTCGCGGACGCCTTCGCCGGAGGTGGAAAGGTCGACGGCCTGGCCGCCGCGGGTGAGGAGGAGCGGCCGCGTCTTGTTGATGACGCAGTCGGCGTTGACGACGCATTTCTTGATGTCGGTGCGGCCGGGGATTTCGTACATCACGTCCATGAGCGTCTCTTCGAGGACGGTGCGGAGGCCGCGGGCGCCGGTTTTGTGCTTGATGGCGAGGTCGGCGACGGCGCGAAGGGCGTCGTCGGTGAAGACGAGCTCGACGCCGTCCATGGCGAAGTAGCGCTGGTACTGCTTGACGAGGGCGTTCTTGGGCTCGGTGAGGATGCGGACGAGGGCGTCCTCATCGAGCGACTGGAGGCCGACGACCATGGGCAGGCGGCCGACGAATTCGGGGATGAGGCCGAATTCGAGCAGGTC
CP115149.1_gap16	416380	417858	1478	GTCGGCAGCGGCGCGTTCGTGGCGGCCGGGGGCGACGAACGCGGTTTCGGTGGGATGCGTGTCGAGCAGGCTGAGGCACTCGGCGAGCTGGTCGGCCGGGGCGTAGGCGCCGCCGCGGGGCGGAACGATGACGGTGAGGAAGCGGTCGAGGCCGGTCGACTCGGCGTGTTTTCGGGCGAGGGGGTAGGGGAGCCGCGAAATCGCGGCCATCTCGATGAGTTCGCCGCGGAGCTCATCGAGCGCCATGCCGATGCCCTCGAAGACGAGCAGCCGTTTGAGGGCGCTGCGGGCGGCGTACTGTTCGCAGAGGGCTTCGGCGGCGTCGCGCTCGCGCGGGTCATCGAGGAGGATGCGGAGCGCCTCGCGCCAGGGCGGGCGTGGTAGGCGTCGGCGAGGTCGCGGGCGGAGATGCGGCGGCCCGTGACGGCGGCGACGGCTTCTTCGAGGGCGTAGGTGAAGGCGGGGCGGCTATCGATGAGGGCGCGGTCGAGGTCGAACACCACGAGGCGCGGGCGCGGGCGTCCGCTGCCGACGAGGGGCATCAGCGGACGGCGGCGAAGAAGCGGTCGCGCGCGGCCTGGTACTCCTCGGGGGTGTTGAAGGTGAGGTCGAGGAGGTCGCCGGCGTCGACTTCGGCGTGGCGGCTTTCGTGGGCGCGGAGGATGCCGCGGAGTCCCTCGCTGGCATCGTCGGCGCGCATGAGCTCTTCGCGGAGGCGGCCGGCGACGACGACGGGGTGGCCGTGTTTCCCGGCGTGGACGGGGATGGTGTAGTCCGCCTCGGCGGGATGGCCTTCGTAGAGGGCGCGGAGGAAGGCGGCGGGCCGGGGCTGGTCGACGTCTTCGATGAGGATGCGGTCGGCGTCGCGGTTGGCGGCCTTGGCGCCGATGCGGAGGGAGCCGGCGCGGCCGAGCTGGAAGCGGGGTTGAACATGATGCGGCAGGGGATGCCGCGGAGCTGGCGGGAGACGTCGTCGGCGCGGTAGCCGAGGACGACGATGACTTCATCGGCGCCGGCTTCCCAGAGCTGTTCGAGTTCGTAGCGGATGAGGGGCTGTCCGCCCCAGTCGAGGAGGGGCTTGAGGGTGCCCATGCGCTGGGAGATGCCGGCGGCGAGGATGATGGCGGAGTTCATGGCGACTCCTAGTGTAGGAAGGCCTGCGGCTTGGGGCGATGGTCAGGCGCGGGCGGCCGCGGCGGCCTGGAAGGTGTTCTCGACGCCGAATTCCCGGGTGAGGATGCGGAGGAATTCGTGGATGGGCGGCGCGAGGATGCGGTTGCGGAGGATGTGGACGCCGACTTCGAGCTGCGCGGGCTGCTCCATTTCGCGGATTTCGACGCGGGCGAGGGTGCCGCGCTCCCGTTCGCGCTCGAAGGAGACGACGGGGAGGATGGCGACGCCGAGGCCGGCTTCGACCATGTGCTTCGTGGTCTCCATGTCGTCGAGCTCCATGACGGATTCGGGGACGACGCCGGCGC
CP115149.1_gap17	522381	522969	588	CCGGAAGGGGCCCAGCAGCTGCACCGAGCGGGCGAAACCGGCCATCCAGAGGATGTCGGCCTCGACGCGCTCGACGTCGGTGGCATCGAGCAGGAGCCGGCCGCACACGACGATGCGCCGGTACCACTCCGGGCCGGGGAGATCGACGCCGAGGACCAGCCCGTGGAGCCGAAATTCGACGTACTGGCCGTGGTCGAGCATCTGGTAGGCCATGTCACGCTCCGCGGACGGGAGGTGTGCTGCTCACGACCGGAGGGGGTTCGAGGTCGAAGATGACGCCGGGGTTGAGGATGCCCGCCGGGTCGAGCGCCCGCTTGATCGCCCGCATGGCCTGAATATCGGCGGGGCTGCGGGTGAGGTTGAGCCAGCGCTTTTTCGCGATGCCGATGCCGTGTTCGGCGCTGATCGAGCCCCCGAGCGACGCCACGAGCCGGAGCACCGCGTCGTCGGGCGATTCATCATCCGGGTCGGCGCCGAGGATGTTGACGTGGAGGTTGCCGTCGCCGGCATGGCCGAAAAGGACGGGGCGGACGTGCGGGGAGGTTTCTGCCAGGCGGGCGCGGACGAGGGATTCGAAGTCGCCGAGCC
CP115149.1_gap18	528054	531667	3613	TCGACCTGAAGGAGGGCGACCGGATGTTCACCGTGCTGCGGGGCGTGGACCCGACCAAACCGGAGCGCATCCGGATCGGCGCGAAGGTGCGCGTGGAGTTCGAGCAGGCCAGCGACGAGGTGAGCATCCCGTTCTGGCGCGTGGTGGAGGAGTAGCGATGCCCGGCGAACTTTCCCGCGCGGCGGCAATCATCGGAGCGGCGGAGGCGAACGAAATCGGCTACCCGGCGACCCCGAAGACGGCGCTCCAGCTCCATATCGAGGCGATCAAGAACGTCAGCGAGCAAACGGGCATCCCGATCTCGCGCATCGACGGGGTGTTCAGCGCCGGGTGGTCGTCGCAGCTGGCGGAACACCTCGGGCTGCATCCGAAGTACATCGACACGACGTCGGTGGGCGGGTGCTCGTTCGAGATGCACGTGCACCATGCGCTGGCGGCGATCCACGCGGGCATCATCGAGGTGGCGCTCATCAGCCACGGCGAGAACGGCTGGTCGGCGCGTGCGACCGGGGGCCGCGGGACGGGGCGGCCGCGGGGCGCGCCTGACCCGTGGGACCCGGGCCAGCAGTTCCAGCAGATCTACGGGGTCTCGGGCGCGCCTTCGAACTATGCGCATGCGATGACGCGTCACAACCACCGGTTCGGTTCGACGCCGGAGGATTTCGCGCACATCGCCGTGGTGACGCGGCAGTGGGCGATGCTGAACCCGCGGGCGATCATGTTCTCGAAGGAGACGAACCCGGGCGGCGGGCCGATCACGGTGGAGGACGTGCAGAATTCGCGGGTCGTGGCGTGGCCGCTGACGCTGCTGCACTGCTGCCTCGTGACGGACTACGGCGGGGCGGTGCTCGTGGCGAGCCCGGAGGTGGCCCGGAGCGTGAAGACGAAGCCGGTGTGGATTGCGGGAGCGGGCGAGAGCATGGGCCATGCGAACATGCTCGAGATGGAGGACTTCACGGCGACCTCGGCTGCGGCCTCGGCGGCGGCGGCCTACCGGATGGCAGGGATGGGCCCGGAAGACATGGAGATGGCGATGATCTACGACTCGTTCACGATCACCGCCGGGATTACGGCAGAGATGCTCGGCCTCGCGCCGCGTGGCGAGGGGTTCCTGCTCTGGAAGGACGGCCGGGCGGCGCCGGGCGGGAAGTTCCCGATCAACACGAACGGCGGCGGGCTGTCGTTCAACCACTCCGGCATGTACGGGATGCAGCTGCTGGTCGAGGCGTACCGGCAGCTCTCGCGGACGGCCGAAGACGGCGTAACCGGGTTGCCCGGCAAGCAGGTGGATGCCCGCTCCTGCATCGTCAACGGGACGGGCGGGAGCCTCTCGACGACCGGGACGCTCATCCTCGTCGCGGACTGAACCCGGCCGCGCGGCCGCGACGCAACCGGCCCGTCCCTGCGCGGGGGCGGGCCGTTCCGCTTCCGCATGGAATCAAGCGCGGGCGCGCGGCGCCGGGCGGGTGCCGGTGATGCCGGCCGCTTCGAGGCCGAGGATGGCCGCGGGTTCGAGGCCGAGACCGGCGAGGACCTCGGCAGTGTGCTGGCCGAGCCGGGGAGCAGGCCCCATGGCGGCGACGTACTGGCCGCCGCTGCGGACGGCGAGCGCGGGGTAAAGATGGAAACCGACCGGCTCGCGCTCTTCGCCGACCCAGAACCCCGGGCCGTCGAGCGGCCCGAAGGTGAGAAGGTCGGCCTCCGTATTCACCGGGGCAGCGGGGATGCCGCGCTCCTGGAGGCGCCTGGCCGCCTCGCCGTCGGTCTGCGCCGCGGTCCAAGCGGAGAGCGCGGCATCGATGGCATCGCGTCGGGCTTCCCGGGCCGCGGCGTCAGCGAGGGCCGGGTCCGCGAGCGGGCCGCCGACGAGTTCCGCGAGGGCGGCCCATTGCGCTTCGGTTGCGACCTCGATTGCGACCCAGCGGTCGTCGCCGGCGGCCGGATAGACGCCCGAGGGAGTGTGCCCCGGGCGGCGGTTGCCGCGGCGGCGGGGGAGGTCGCCGGTGCGCTGGAACGCGATGAGTTCGTCGGAGACGAGCGGGAGGAAGCCTTCGAGCTGGGCGCATTCGAGGAGGCGGCCGCGGCCGTCGCGCTCGCGGGCGCGCAGCGCAGAGAGGACGGCGAGCGCGCCGATCAGGCCGGACACGGGGTCGCCGCAGGCGTTGGCGAGCATGGTGGGCGGGCCGTTTTCGTAGCCGATGAGGCTCGAGAGGCCGGACATCCCTTCGATGGTGTTGCCGAAACCGACGTAGCCGGCCTCGGGGCCGTATGAGCCGAAGGCCGGCTGGCGGAGCATGACGAGGCGGGGGTTGCGGGCCGCGAGTTCGTCCCAGCCGAGGCCGAGCCGCTCGAGGACGCCGGCGGCGAAGTTTTCGATGAGGACGTCGGCGGAGCTGATGAGCTGGAGCGCGAGGTCGCGGCCGGTCGGGTGCGCGAGGTCGAGCGTGATGCCGCGCTTGCCGCGGTTGACGGCGTTGAAGACGTGGGAGCGTTCGTGGAGTTCGAGGCCGGGGTCGTCGCCGGGCGGGCGGGAGCCGCGCCACCAGTCGAAGTGGGTGTGGCTTTCGACCTTGATGACATCGGCGCCGAGGGCGGCGAGGACGTGGCCGACGAGCGGGCCGGCCCAGCCCATCGAAAGGTCGACCACGCGGAGCGCGCCGGGCCGCCACGGGCCGGGCGCGGCGCGGTAGCCGGGCTCGGCTGGGCCGGCTTCGGCGAGGACGCGGGCCGGCGGGCCGGGCACGCGGTAGCGGCGGCCGGAGGGGGTTTCGGCGGTGCGCCAGGCCTCGCGGGCGGCCAGCTGGGGCGAGGCGAGCACTTCGTCGAGGGTCGGCAGGGCGGCCGCGCAGACGCGGTGCTGCTGGAGGAGGTGGTAGAGCTCCCAGTGGCTGTGGCGGCCGAGCCACGGGAGCAGGCAGGCGTCGAGGTCGCGGATGTTCGCGGCGCGGTCGGTGGGGGAGGCGAAGCGGGGGTCGTCGACCAGCTCCGGGTGGCCTGCGAGCTGCGCGAGGGTGACCCACATGCCGTGGAGGGCGGCGTGGATGCCGACGAAGCCGTCGGCGCAGGGCAGGGTGACGATGGTTGGCTGAGTCGGGGCGTACCGCTCGCCGACGCGGCCGCGGAGGCGGCCGAAGTACTGGAATGCGACCGCGTCGTAGATGGTCGTGGCGGCGAGGGCGGCGACCACTGGCACGTCGATGAGGCCCGGGCCGCGTTCGGCGAAGGCGGCGGCCGCGAGCGCCGCCCAGAGACCGGCGACGAAGAGGTCCTGCGCGCCGGGCGGCGCGAGCGGTTCTCGGGCGGGGTCGCCGACCTGGTGCATCCAGCCGCCGGCGGCGTACCGGGTGAGCGAGGTGGAGGGTGCGCACTCCCAGGGGGTATCGAGCCCGAAGGGCGTGACCCATGCGACGAGGTGGTCGCGGGCGAGGGCATCGAGGGCAGCGCGGCTCGCATCGGTGACGGGGGCGTCGGTGATGAGGAGGTCGCCGGGCTGCGGCCGGAGCTGCGGCTCCGGTTCGACGATGGCGCCGGGGGCGAGGAACGCGCCGAGGCCTTCGGGGTCCAGCGCCGTGGCGTGGCGGACTTCGGCGCCGAACTGGCCGAGGAGCCACGC
CP115149.1_gap19	585752	589688	3936	GACGACGGTGTTGCGGGCGCCTTTGCTGGCGGCGCGGTCGATGGCGGCGTCGAGGCGCTGGAGCTTCGGCGCATCGAGGCCGAGGTCGCGGCGCTCGATGCGCTTCGCGGCGTGGTTCGAAAGCACCAGGCGGGCGCTGGCGCGCTGGAGGAGGTCGCCGAAGGCGGCGCCCGCGGGGGCGGCGGGCTGCGGCCGGGGGGCGGGTGCTGCGGCGGGGCCGATGGGGGCGGCGCGGTCGATCACGGCTGCTGCACCTGGGCGACGGTGAAAAGGTCGACGACCTTGCCGCCGACGTAGAGGAAGGGGATGCCGGAGGCATCCATGACGACTTTCTCGACGACGCCGGTGACTTCGCGGCCGGCGTTGGGCAGGTCGGCGGCGGCGGCCACGACACGCTCGTCTTCGTTGACGGCGACGCGCTCGGGGGAGGTGAGCTTCGCGAAGGGGCGGCCGAACTTCTCGCGGGCGACGAGGTCGCGGGTGATGGCGATGGCATCGACCTGTTTGCCGGTGATGGTCTTGCCGATGAGGCCGGCGGCGCTGGTGAGCTCGGTGAGGCCCTGGAGCGCCTTCATGCCGGAGGCGACGGCGCGCATCTGGTTGAGGGCTTCGAACTGGGCCATCTGGGCCATCCAGTCGGAGTCCTTCTGGGGTTCGAGCGGATTCTGGTTCCGCATCTGGGCGATGATGAGCTTCATGAAGTCGACCTGGCCGAGCTCGTTGGAGGGCGCGCCGGTCGAGGGCGTGTAGGTGGCGTTCTTGAGGCCGGTGACGGGGTCGATTTGCAGTCCTGCCATGGGGCGGGCCTCCTAGACGCGGTAGAGGAGCGAGCCGTCGGGGTTGTAGGCGGCGCGCAGGCGATGCTGGCGGGCGGCGGCAGCCGGGTCCTCGATGCCGAGGATGGCGGCGAATTCGCCGTCGCGCGGGGCGGGCCGCTGCGGACGGGGCTCCGCCCAGCCGCCGGCCTCGCCCTGGCGCGCGCCGAGACCGACGTTCAGGCCGGCGAGGTTCATGCCGCGCTGGCCCAGGAGCGAGGAGAGGTCCGCGGCCGCGTCGCGGAGGAGCTGGACGGCCTCGGGGGTCTCGGCGTGGACGTCGACATGGACGGCGTCGTGCCGGGCGTGGAGGCGGATGGTGATTTCGCCAAGGCCGGCCGGCTCCAGGCGGATGCGGGCCTCGCCGCCGCCGGCTTCCACGCGTTCGATGACGGCGGTGGCGACGGCATCGAGGTTCTCGATGGCCGCAGGCGGCGGTTCGGCGGCGGGGGGCGGCTCAGCAGCGGCGGACGGCGCCGGCGCCGGGGCCTCGCGGGGCTGTGCGACGGCAGAGGCCGGGGCGGCGTGCTGGATGGCCGGCTCGGCGGCGCGGGGGAGGGGCCGCTCGCCGGCGGGCCGGCGCTCCTCGCGGAGGACGGCGCCCGGCGGAAGCGGGAGCTCAGGGTCGGCGGGGGCGTTCCCGGCGGAGCGGACCACGCCCTCGGCGGCGGCTGGTTCGGCGGCGGGCGCTTCGGCCGGCACACCGGGCGGTTCAGCTGCCCTCGCTTCGGCGGAGCCGGCGGGGGCGGACGGTTCGGCTGTGGCGGGCGCGGCATCGCCGGCCGCCGCAGCGGGCTCGGCGGGCAGCGCAGCGGCCGTCTGTTCAGACGCGCGGCCGGCACCCGGCGCATCCGCCGCGGAGCCCGCGGGGAGCGGGAGCGCTCCCGGGCCCGTCTCGCCCGGCGCGGGGGCCGCGGACAATCGAGCGAGCGGCGCGGGGGCGGGCGCCTCGCCGGGGGCGGCCTCGGCGCGCGGCGCGGAGGCTGCAGGGACCGGGAGGCCCGGGGCCGCGGCGGCGGGCAGCGGAACCGCGAGGAAGAGCGCGGGGACGAGGCCGGCCGTATCGGCGGCCGGGCCGCGCTTCGGGAGCGGCGGCATGGCCGGGAGCGGCGCCCCGCCGTCGGCCGGGGCCGCTTCGAGGGCGGCCAGCAGGCCGGCGAAGAGGTCGGCGGGGGGCGCCTGGCCGTCGCCGGCGGCGGCGAGCCCGGGGGCTTCGAGCGAGGCTGGCGGGAGTTCGACGACGAGTCCCATCAGATCTGCATCCGGAAGATTTCCTGGTAGGCCTCGACGGCCTTCGTTCGGACCTGCGTGGCGAGGGAGATCGCCAGGCTTTCGGCTTCGACGGCGAGCATGACGTCGTGCAATTCGACGTCCTGGCCGGTCGCGAGGGCGTTGACCTTCTGGTCGGCGTTGTCGCTGATGGCCTGGAGCTGGCCGAGCGCGCGTCCGAGGAGGTCGGCGAACCCGGCGGCCGGCGCGGCCGTCTTCGCCCCAGTCTGGGCGAGGGGGAGCTGGCTCTGAATCGGTGCGATATCCACGGGAACCTCCGGGGAGCGCGGATTGGGGGCGGGGAAACCCCTGAGCGGACTATCTGCTGGTGATATCGAGGGCGCGGAGCGCCATCTGCTTCATGGCGTTCAGGACGGTGACGTTGGCCTGGTACGAGCGGTTGGCGGAGGTGAGGTCGGTCATCTCCTGGACGAGGTCGACGTTGGGCATCTGGAGGTAGCCGGTTTCGGGGTCGGCGTCGGGGTGGGAAGGGTCGTAGACGGTGCGGCCGGGGGTTTCGGCATCGACGGCGACCTGGGTGAGGACGACGCCCATCGAACCGCCGCCGAGGAACTTGCGGATGACGCCGGAGAAGGGGAGGGCCGGGTCGCCGGAGGCGAAGCGGACGACGCGGCGCTGGTAGGGGCCGCCCTCGGGGGTGGCGGTCGTATCGATGTTGGCGACGTTGTTGGCGACGACATCCATGCGGACGCGCTGGGCGGCGAGGCCGGAGGCGGTGGAGGCGATGGCGCGGATGAGGCTCATGGCGGTGCTCCTTAGCCGGTGATGGCGGTGCGGATGTTGTTGAGCTTGCGGGAGAGGACGCTGGCGGCGGCCTGGTAGCGCATCTGCGTCTCGGCGAGGAGGACCATTTCCTGGTCGACGTCGACGGTGTTGGCGTCGAGGCGGCTGGTAACGAGGAGCTGCTGCGGGTCGAGGCCGAGCTGGCCGGTGCGGCGGGAGGGCGCGGCGATGTGCCGCGGGTCGGTGACGGCGAGCTGGCTGGAGTGGCGGCCGAAAGCGCGCTGGAGCTCGGTCTCGAAGGTGACGTCCTGGCGGACGTAGCCCGGGGTATCGATGTTGGCGATGTTGTTGGCGATGGCGCCCTGGCGGCGGCCGAGGCCGGCGAGCCAGGCGGTGACCTGGGCGATGCCGCGGTCGGCGATGGGGTTCATGCGGGCTCCTCCGTGGGGATGGGCTGGCTGCGCCAGCGGGCGGCGACGAGGTCATCGAGCTGGCGGGCGGCGGCGCGGGCGCGCTCGAGGCGCTCCTCGGCCTGGCGGCGTTCGAGCAGCAGTTCGAGGGCGCGGCGGTCGCGGCGGCGCTCCATCAGGACGGCGCGCTCTTCTGCGACGTCCTCGTCGGAGTGGGCGAGGGCGGCTTCGCGGGCGGCGATGTCGCGCTCGAGCCGGCGGAGGTAGGCCGCGCCGGCGAGGGCGTCGGCGATGTCGAGCGGGCCGGCCGGGGGTTCGGCCGCGAAGAGGTGCTCGCGGCTGGCGCGCGCCTCAGCGAGGGCGGCTGCGCGGCGCTCGCGGAGGGCGATGGCCTCGGCGAGTTCGCGGCGCTGGACGAGCTCGGCGAGCTCACGCTGCCGGATCAACCGTTTCAGCCGTTTCGATGACAGGCTCACCGGTCACCTCCTCGGGGTCGATGTAGCGGAATGCCGGGTTGGCGGGGACATCCGCCCCGGCGGCGAATTCGGGGTCGATGGCGAACAGGGCCGCGAGCGCCTCGTCGAACGACGGGCACTCGTCGGCGCGCTGGCGGAGGAAGGCGTTGATGGCGGGCAGAAGTTCGAGCGCGCGGTCGACGAGCGGGTCGGCGCCGCGCGCGTAGGCGCCGATGGCGACGA
CP115149.1_gap20	605140	606323	1183	TGACGTCGGGGCCGACGCGCATGGCGTCGACGAGGCCGATGGCGGGGCCGAAGTGGCAGGTGCAGCCGAGCAGGAAGGTGTCGCCGCCGGCTTCTTCGCGGATGATTTCGAGGCCGCGGCGCAGGTTGGCGAGCGCGGTGGTGCCCGGCCGGTGGTAGCGGACGGCCGAGGCGGGCCTGGCGGCGTAGGAGCAGGCATCGAGCTTGAGGTAGGTGTAGCCCCATTCGCGGACGACGGTGCGGATGACGTTGCGGAGCCAGGCTTCGGCTTCAGGGTGCGTGCAATCGAGGACGGCGCAGCGGCCGAGCCAGGTCTGGACGAAGACGGTTTCGCCGTCCGGGGTTCGGAGGACCATCTCCGGGTGGTCGCGCAGGGCGGCGGAGTTCTCGTTGAGCACGAACGGCGCGAGCCAGAGGCCGGGCCGGTAGCCGGCCTCGCGGATGCGGGCAGCGAGCGCGGCCATGCCGGAGGGGAACTTCGCGTTCGGGGTGAGCCAGTCGCCGGTGTGCGCCTGGTAGCCGTCGTCGATTTGCACGACCTCGGCGGGGTGGCGCTCGCGGACCATTGCTTCGAGGTTGGCGAGGACGTCGGCCTCCGAAACGCGGTCGTAGAAGTAGTACCAGCTGCACCAGCCGGTGGGCACGCGGTCCGGGACGCGGGCGCCCATGCGGGCGGCGACGTCGTCGGCGTACCGTTCGATGAGCTCGAGGGGGTCGCCGCCTTCGCGGAGGGCGACGGGCGGCAGCTGGACCGATTCGCCGGGGGCAAGCGCGAGGCCGTCGACGTCGTAAACGAGGGCGATGCGGGTGACGAGCGACTCGGCGGCGTCGAGGGTCACTTCGATGTCGAAGAAGAAGCGATCGAGCTGCAGGCAGCCGGCGAGCAGCGCGGGCCTGGCGTGGTACGGAAGCCAGAGGACGGCCTGGTCGCGGCTGACGTACGTGACCGCATCCGCGGCGGGGCGGGCGAACCGGCCGTCGTAGCCTTCGGGGGCGGGCGCGCCGAAGTTGCGGACGAGGGCGTCCATCTGCATGTAGCGCCCGTGAATCCAGAGCCAGCCGTCGGCGGCGGGGACATCGAGGTCAGCGGCGAGGCGCACCTCGCGGGGGGCCGCCGGCTCGCTGCCGGTGTTCGCAAGCGTGATGCGGAGTTCGCCGGCGGCGGCGTCGTAGCCGGCGGCGCA
CP115149.1_gap21	611742	615027	3285	AGCGGGGCCGCTCGACCGAGCTCATCCGCGACATCCCGGAAATCGTGCGGTACGTGAGCGCGGTGATGACGCTGGTGCCCGGCGACATCATCTACACCGGGACGCCGGGGAGCCCGCCGGAGATCCGCCCGGGCGACGTGGTGGAGGTGGAGGTGACGGGCGCGGGGGTGCTCCGCAACGACGTGCGCGGGGAGTAGCCTCAGGCGGCTGCGGCGGCGCTGCCGGGCGCGGGGCGGGCGGCCGGCCTGCCGAGGAGGAAACCCTGCACGAAGTCGACGCCGGCATCGCGGACGGCGGCGAGCTCAGCCTCGGTTTCGATGCCCTCGGCGAGGGTGCGGATGCCGAGGTCGCGGGCCATCGCCACGATGCGGCGGAGGATGGTGGCGCGGTAGGGGTTGGCGTCGACGCCACGGACGAGCTGCATATCGAGCTTGAGGTAGTCGGGCCGGACGCGGTCGAGCAGGTTGAGGGAGGAGTAGCCTTCGCCGAAGTCGTCGAGGGCGACGGCGAACCCGGCAGCGCGGTAGGTCTCGAGGATGCGGACGAGGTGGCCGACGTCCTGCACGCGGTGGCTTTCGACGACTTCGAAGACGACATCGGCGGGCGGGATGCCGGCGGCGTGCACGGCTTCGACGGTGGAGCGGAGGCAGAAGGCCGGGTTGTAGATGGCGGTGGGGGTGAAGTTGATGAAGAGGCGGCCGAGCCCGGCGCCGCTGCGGATGGCGAGGAGGCGGGCGAAGCGGTCGAGGTGGAAGAGGAGGTCGCCGGCTGCCGCGGCGCCGTAGAGAACCGCGGGGGAGATGAGGGTCCGGCCGTCGCGTTCGAGCCCGCGGAGCAGGCATTCGTGGGCGAAGAGGCGGCCGTCTGCGGTGTAGATGGGCTGGAAGTACGTGACGGCGCGCTGCTCGGCGAGGAGGCCGATGAGCCAGCCGAGCGCGCACGCGGGCGAGGAAGTCGGCGAGCGGCTCCATCCGGAGGAGGGCATCGAACGAGGGGGCGGCGCCGGCCTCGACGACCAGGGCGCGGGCGTCGTGGAGTTCGACGGAGGAGAGCGCGGCTTCGAGGCAGGCGGCGAGCGGTTCGAGCTGGCCGGGTTCGAACGGGACCGAGACGGTGGAGTCGAATTCCGTGAAGGGTGCGAAACCTGCTGCGCGGAGGGCCGCTCCGAGGCCTTCGAGCGACCATGCGAGGGGCGGCGCGACGACGAGCCGGCCGCGCGCCGGCGGGGCGGGCGGCAGGACCTGGCAATCGACGCAGGCCGGGCCGGTGCGCGCGTGCGGCGGGGTCACGCGGGGATCATCGGCCGGCGGGTGACGCGGCTTGAGGGGCTAGTGGTGGCCGTGAACGAGCGAGAGGAACTCGGCGCGGGTGACGTGGGAGTTTTTGAAATCGCCGCGCATGGCGGAGGTGACCATGAGCGAGCCGGGCTTCTTGACGCCGCGCATCGTCATGCAGAGGTGCTCGGCTTCGATGACGACCGCGACGCCGTCGGGCTGGAGGACCTCCTGGATCGCCTCGGCGATCTGGCTGGTGAGCTGCTCCTGGATTTGCGGGCGGCGGGCGTAGCCTTCGACGACGCGGGCGAGCTTGGAAATGCCGACGACGCGGCCATCCGGGATGTAGCCGACGTGGGCTTCGCCGTGGAAGGGGAGGAAGTGGTGCTCGCACATGCTGTAGAAGGGGATGTTGCGGAGGATGACCATCTCGTCGTGGGCGACTTCGAAGCCGACGCGGAGGTGTTCGCGGGGGTCGATGAAGAGGCCTTCGAAGATCTCGGCGTACATTTCGGCGATGCGGCGCGGGGTATCGCGGAGGCCTTCGCGGGTGGGGTCATCGCCGATGGCCTGGAGGAGTTCGATGACGGCAGCGCGGATGCGGGCCTGGTCGGGGCCGGCGGTGGTGGTCACGTGGTGCTCCGGGGCGGAGAGTTGGGAGGATCGTAGCAGGGAGAGCGGCAGCGGCGGGGCGCGGCCGCTGACACCAGGCGCGGAGGAAGGGCGATGGACTGGCTGATCGCGGCCGCGGCGGTGCTGGCGGCGACAGGCGCCGGGCTGGCGCTGGGGTGGTGGGGCCTGCGGCGCAGCGCGGCGGGGCGGCGATTCCTGGGGCTGCGGCGGCGCCAGAAGCTGCGCTTCCTGCGGGCGCTGCTGCGGGCGGGCCGGCTCGGCTGGGCCGGGCGGCTCGCCGCGGCGGCGCTGCTCGGCTACCTGCTGCTGCCGTTCGACCTGATCCCGGACGTCATCCCGGTGCTCGGGATGGCGGATGATGCGGCGGTGTTCGTGCTGTTCATGTGGCTGCTGCTGGCGGTGGTCTCGCGGGCGAGCCTCGAAGCGGCCTTCGCCGAGGCGGAGGGCGCGGAACGTTCGGACGGCGCGGAGGGGGACGAAGGGCCGTAGGCGGCAGCGGGGGAACCGCGCAGGCTTACGGGAGCCGGCGGGGTTGCTGTGGTGCCCCGGCGGTTGCGGCGCGACGGCAGGTGAGACGCCCCGGTCCCCCATTCCGGAGTGTGCCGTCGCGCCGCTCGCTCGTTTCAGCGCAGGAGCAGGGCGCGGGCGAGCTGCTGGATTTCGACGATGGCTGCAGGGTCCCCGGCCCGCCCGGCCCAGGCGCCGATGCCAAGGCTGGCCGTCATCATGGTGGTCATGAGCATGCGGGCGGCGGCGTCGGCGGGGACGGGGCGGAATTCGCCGGAGCGGATGCCGGACTCGATGAGCTCGGTGAAGCTGCGCTGGAGCCACTCGGCGTAGTCGTCTTCGAACGACTCGCTGCGGGCGGCGAGCCGGAAAACCGAGACGAGCAGGCGGCGGTGCGCTTCGAGGTACTCGGCCATCGTGCCGAGGGCGGTGCAGACGCGGTCGATGGCGGGGGTATCGCCGGCGACGGCGGCGCGGTAGCGGGCCACGGCGTCGTCACGGGAGACGCGGAGGACTTCGCGGAGGAGGTCTTCCTTGGAGGCGAAGTAGCCGTAGAGGGTGCCGACGCCGGTATCGGCGAGCTCGGCGATCTGCTGGATGGAGGTGTCTTCGAAGCCCTGTTCGTGGAACAGGCGGCTGGCGGCGTCGAGGATGGCGGCGCGGGTGCGCGCTTTGCGGCGTTCGAGGCGGCCGGGCGCTGCAGGGGCTGCGGTCATGCTGTCTCCGGTGCGAGGGCTGAGTCGAACCGTCGCCCACTGCGGGGAGAGTTCGGACTCGAATGCAGTCTACGCAGCGTTCGGCGTCCCGGCCAGCGGGCGCTCAGGCGGCCTCGGCGGCGCCGTCCAGCGGCAGACCGAGGTCGTCGAAGATA
CP115149.1_gap22	626333	626852	519	GAGGAGCGGCGGCGCGGCCATGGTGAGCGCGAGGAAGCCGGTGAAGTTGACCCAGAGGACGCGGTTGCCGAGGGATTCGAGCGGGGTGACCGTGGCGGCGGCGACGATGACGAGCCCGGCCGCGAAACAGCCGAGGCGCCATGCCGGGTGGCGGCCGCCAGCGGCCCGCCAGGCGCGGGCGTAGAGCAGCGCCGCGGCGGCGAGGAGGGGGAGCCAGAACGGGTCGAGCGTCCAGCCGGCGACGGTCACGGGTCAGCGCACCCCGAAGGCCTCGAAGGTGAGGATGGTGAACGTTTCGCGGACGTGCGGGATGGACTGGATGTCGCGCTCGATGACCCGGCCGATGCTGTCGATGTCGTCGACGTAGAGCTTGGCGAGGAGGTCGTACTGGCCGGTGATGCTGTAGCACTCGGAGAAGGCGGGGACCTCGGCGACGCGGTTGGCGACGTCGGTGGTGTGGCCGGGCTCGGTTTTGATCATCACGAAAACGGCGCGCATGGATGGAGTGTACGGCACGGC
CP115149.1_gap23	701404	704407	3003	CACGGACCTTGCGGGCGGCGACCGCGCCGCCGCCGACGACGAGCACCGGCCCGGCCGAGGGACGGAGTTCGATGAGGATGCTCATCCGAGGGCCTCCAGCACGGCGGCGGCGAGGGACGTGAGCGAGGGCTCGGCCGCCTCGGCATCGAGGCGGCCGAAACAGGCGCGGACCGCCGCCGAGGTGGCCGGGCCGATGCTGACGAGGCGGACGCCCGGCGGCAGCTCGGCCTCGCCGAGGGCGGCGCGCAGGAAGCGCGCGGTGGAGGCGCTCGTGAAGGTGATCGCGTCGGCGGCCTGGACCCGGGCGAGCGTATCGGGGGTAAGCGCCTCGGGCAGGGTGTCGTAGGCGTCGGCGCGTTCGACGTGCGCGCCGCGCTTGCGGAGGGCGTCTTCGAGGTCGGGCCCGGCGAGCGAGGAGATGGGGAGGTAGACGCGGGCGCCGGCGGCGCGCGGCAGTTCGGCGGCGAGGCAGGCCGAGGTGGGGCGCGAGGGGAGGAAGTCGGGGCGGATGCCGCGGGCGCGGAGAGCATCGGCAGTGGCCTCGCCGACGGCGGCGATGGCGGTGCCGCCAAAGGCGCGGGCGTCGCGGCCGGCGGCGTCGAGGGCGGCGAACATGGCCGCTACGGCGTTCTGGCTGGTGAAGATGACCCAGTCCCAGCGGCTGGCCGCGCGCTCGTCGGCGATGAGCCGCTCGGGGTGAAGGTCGATGCGGATGGCCGGGGCTTCGACTACGGCGGCGCCGAGCGCGCGGAGCGCTTCGCTCAGCTGCGAGGCCTGGCTGCGGGAGCGGGTGACGACCACGGACTTGCCGGCGAGCGGGCCGAAGCGGCCGGGCCCGAGCCGCTCGGCGAGGGCGGCGACGGGGCCGACGACGGTGATGAGGGGCGTGGGGAGGCCGGCCGCGGCGTCGGCGATGCGGGCCAGCGGTGCGGTCACGGCCTGCTGGGCCGGCAGCGTCCCGTTCGCGATGGAGGCGGCGGGCGTCGCCGGGTCCCAGCCGGCGGCGAGCAGGCGCTCGACGAGGAGCGGCAGGGCGGCAGCGCCCATGAGGATGACGAGGGTGCCGGCGGCCTCAGGGCCCGGGAGGTCGGCCGGCGCTTCGCCGGTGTGTTCGGAGCCGGTGAGGACGGTGAAGCGGGCGGCGAGGCCGCGGTGGGTGACGGGGATGCCGGCGGCAGCCGGCACGGCGATAGCGGAGGTGACGCCGGGGACGACGGTGAAGGGGAGGCCCGCCTCGCGGAGCGCGAGCGCCTCTTCGCCGCCGCGGCCGAAGACGTACGGGTCGCCGCCCTTCAGGCGGACGACGCGGCGGCCGGCGGCGGTGAGCTCGACGAGCAGGCGCGTAATCTCCTCCTGCGGCATGGCGTGGGCGCCGGCGCGCTTGCCGACGGGGATGAGTTCCGCGCCGGGCCGGGCGAACGCCAGGACTTCCGGGCCGACGAGGGCATCGTAGAGCACGGCGTCGGCCTGCTGGAGGGCTTCGCGGCCGGCGAGCGTGAGGAGCCCCGGGTCGCCGGGGCCGGCGCCGACGAGCCAGGCGTGGCCGGTGGAGTTCGGCATGTCGTTCATTGTGGCACGGCGTGGGCGGTCGGGCTGGCCGCTCAGGGCTGGAAGATGCCCTCGGGCGGGGTCTTCAGGCAGGTGAACATCGGCGTATCGCGCTGGGTGTAGAGCGAGGCTTCGGTGAAGCGGAGCCGGCCGACGAGGTCGACGAACTCCTGCGGATAGTCGGAATCGAAGGCGACGACGAACTCCTGGTCGTCGATGCCGTAGCTGTAGCTGGTGTTGAGGCGGACCCCTTTGAAGGGGCTGGAGACGTGGATGTGCTCGTCCATCATGCCCTGCCGTGCGTGGGGGCTGAGCGCGTACCACGCGCGGGTCTTCACGAAGGGGTACACGAAGAGGAACTGCCCCTGGCCGGGCAGGAGTTCGACGCCGTGGCCGGACCCCTCGATGCGGTTGACGTACTGGGAGCGCTTCTGGAGGGAGAGGAAGCTGTAGGCGGGGGTGAGCCAGCCCGCCATCCGGGTGGCGTTGAGGTCGCGCTGCATCTCGTTGAAGCGGCGGACATCGTTCGCGATGCGCCAGAGCATGAAGTCGCAGTCGGCGCGGAGGCCTTCGAGCGTGTACGTGCGGAGGATGAGGTCGTCGCGGGCGGCCCAGCGGCGGAGGACATCGACGTACTCGCGGTGGAGGGCGCAGCGCTCCTCCTGCGGGAGGCGGCGGAAGGCGGGGTCGATGCGGAAGAAGGCGTAGTTGAGGAACTGGCGCGGGGCGCGGTCGGCTTCTTTGAGGCTGACCCGGCCGGAGGGGTCGAGCTCGACCATCGGCCCGCGGGGGCGGGCGGGCGGCTGGGGCGGGGTTGCGGCGTCGGTGCTCATGCGGTGGCTCCTTCGGGTTCGGGGTAGCCGGCGGCGCGGAGGCGCTGGACGGCGTCGAATTCGGCATCGGTCAGCGGCGGGGCTTCGCAGGCGGCGGCGAACTCGCGCAGGCCGGATTCGTCGTAGATGTTCGGGATGACGGCGCCGATGGAGGGCTCGCGGAGGATGAACTGGATGGCGGCCTGGCCGAGCGTGCGGCCGTCCCGGGCGAGGAAGCTGAGCGTGCCGGCGCGGCGGATGCCTTCCTCCCAGAGGGCGCGCTTCTCCGGGGTGTCGATGCGCCAGCGGCGGTGGTCGCCGGGCGGGAATTCGGTCGCGCGGGTGGCGGTGCCGTCGAGCAGGCCGGAGGCGTGCGGGACGCGGGCGAGCGTGCCGATGCCGCACTCGCGGGCGACGGGGAAGATCGCCTCGCCGAGCTCCTGTTCGAGGATGTTGTAGATGAGCTGGGCGGGCATGCCGCGGCGGACGGCGGCGATGCCCTCGCCGGCCTGGCGGAGGTCGAAGGCGGGGCCGAGGGCGACGCCGTAGGCGCGGATGAGCCCTTCGCGGCGGGCGTCCTCGAGCGCACCGAGGAGGTCATCGCGCTGGATGGCGTCGAGGCGGGGATTGTGGAGCTGGTAGT
CP115149.1_gap24	777465	778276	811	GGCTGGCGACCTCGAGGACGAAGTCGCATTCGCCTTTGTGGGCGATGCGGTCGAGGATTTCGTTGGTGACGCGCCGGATTTCGGGCTCCATGGCGTTGACGGCGCGCGGGGTGAAGCCCTTGTTGACGAGGCGGCGCATCTTCACGTGGCGGGGCGGGTCCATCGTGATGATGGAGGCGTTGCCGCCGGCGTTCTGCTGCTGCGCGGCGAAGTCGAGCTCGGCGAGCTTCTCGGGCTTGATGCCGGGGCCGGCGATGCCCTTGCTGGAGATGAAAATCTCGGGCCGGCGGGAGATGAAGAGGATGTCCTCGTACTTCGTGATCGACCAGAAGCCGTTGGAGACTTCGCCGGGCGGGTTCCAGTGGACCGGGTCGCGGTGGCGCAGGATGCGGAGGAGCTCGTGGAACTCTTCGCGCTGGAAGTGCTCAGGGTTGTTGAGGTTGATGTCCGAGGGTTCGATGGCTGGTGCGGTCACGGCACTCCTCCGGGGGCATGGCCCGGTCTATCCGGGATATCGATGGTGCGATGGTAGCTTACCGGTCGGGAAAAGTGAACGACCGTTTACGAAAGCTGGTCAGGGAATCAGCTCGATGGCCTGGCGGGGGCAAAGCCGGTAGGCGCGCTCGGCCTTCTCCTCGAGCTCTTTCGGCAGGTCGCCTTCGATGAGGACGATGGAGATATCGTCGTCGCCGAGCTTGAAGATCTCGGGCGCGGCCTTCTCGCACTTGCCGTGCCCTTCGCACATTTCAGCTTTGACGCGAACTTTCACGGGTGGTTCTCCAGGGCTGTGGGGTATCCGGCGGCCGGGGGC
CP115149.1_gap25	794748	798090	3342	CGAGGATGACGCGGCGGAGTTCGCCGACGGCTTCGCCGATGCCGTTGAGGTAGGCGGGGTCTTCGACGCCGAGCTCGGCCGGGCCGGGGATGGCGCCGCCGGAGCAGAGTTCGAGGGTGGTGACGGCCTCGGCGTACTCCTTCTGGGCGTCGTGGAGGAAGCCGGCGTGGTAGATATCGGCGTGGCCCTCGAGGGCGCGGACGGCGGCCTCGTGGGTGGCGCGGGCCTCGGCGATGAGGCGGCGGGCGGCATCGAGTTCGCCGCGGTGGACGGCGCGGATGGCGTTGGCGCTGATGCGGATGATGACGCGGCTGGCGGCGAGGGCCTGTTCGCGGGCGGCGTTCTTGGCGGCGAACCGCTCGAGGATTTCGGGGACGATGCGCTCGAGCGGGCCGGTGTCGCTCACAGGTCTTTGACAGGCTCGGGGAACTCGCCCTCGCGGGCGGCGTCGATCATCGTGCGGGCCTCCTCGGGGAGGTCCATGCCGTACTCTTCGAATTTCTTTTCGACCCACGTGCCAATCTGGCGCGGGTCGCGGTAGTCCTCCGGGCCGCCCCGGCCGCTGGAGGGGTCGCCGTATTTTTCGAGGATGTCCTGCCGGGTGTAGGTGCGGCCGAACTTCGACATCATGCGGGAGGTGTTGGCGCTGCCGCAGTGTTCGCAGGGGGGCCGCACCTCGGTGTCGATCTTCCGGGTGAAGTAGTTGGTCACCTTCTTGCAGTCGGCGCAGCGGAATTCGTAGATCGGCATGGTGCTATTGTCGAAAGCGGCGGGTGCGGTGTCCACGCCCGCGCGGCTCAGGGCGCCGGGTCGAGCATCTCTTTGAAGCCGGTCGGCGCGTGCGGGCCGAAGACGATGATTTCGAAGACGCCGAGCCCTTCGCGGCTCCCGGCGCGGACGCGGGAGACCTGCTGGACGTGGAGGTTCTGGAGCGGCTGCTCGTCGCTGAGGACGTACTCGGTGCCGTCGACGGCGTCTTCGCCGACCCACATGCCGTGGCCCCATTTCGGGTCGCCGTAGCCGAGCCCTTTCATGAGGAAGGCGTAGAGCGGTTCGAAGGTGATTTCGAGCGGCTCGCCGTGTTCGGGCGCGAGGGTGATGACGGCGGATTCGAGCCAGCGGGTGCCCGATTTGAACTTCAGCCGGTAGTCGACGGCGGCCTCCGTCATGGTTGCATCGGGGTAAGGGGTGAGGATGACGCCGGACTGGTGCCAGCGGGTGCCGTCGCCGTGTTCGGAGACGGTGTAGAGGGTGCAGAGGTCGGGAAAGTTCAGGGGCGCCCAGTTCCAGAAGAACTGCGGGGGCTGCTGGGGCGGAGCGCCGCGGGGGTCGCGGACGCCGACGGTGCGGATGCCCCACGAGTGGTCGCGGGAGCCCCACCATCTGGCGGCCTCGAGGGCGAATTCGCGGCCGTCGACGCGGATGGTGCCGGACCATCCGCCGTGCTGCGTCATGCGGGTGTAATCCATGACGGGCACGTTCCCGGCCATGCGGAAGAAGTGCGGCTCTTCGACGGGGAGGGAGCGGGCGATGAAGCGGAGGTCGGCTTCGATGCCGTAGGCGTTGGGTTCGACGCGGACGCGGAGTTCGTGCAGTGGCCGGACGACTTCGACGGAGATGGGGCCGACGGCGCTGGCCATGCGGTCCGGGCCGAGCCGCTTCGAGGCCCGGACGACGCGCTGGCGGCCGTCGACGACGATGCTGAAGGCGGCGTCGGTGATGCCGAGGTTGGGGTACTGGCCCATGGCGACGCCGAAGTAGACGGCGCCATCCGGGCTGTAGCCGTTGAAGAAGTAGCGGTCGTAGAAGTTGCGGTCGCTGGTGGCGACGCGGTCGAAGGTGTAGGGCGTCTGGTGGATGAGGAAGTCGTCGGCGGGCGTGATGGCCATCGGGAGGGGCTCCGCGGGGGATTCGCGGGTGGGAACATACGCGCCGGTTCGTGAACGGGTCAAAGGCCGGGTGCGTCGATGCCGCGGAAGTGGCGGACGGCGCGGGCGCGGCCGGCGCTGTCGAGGTCGACGGCGACGACGTCGAGCCGGGTGGCCTCGGGGTCGAGCCCTTCGCGCTCGCAGTAGGCGCGGGCAGCGGCGAGGAGCTTCGCGACCTTGGCGGCATCGACGGATTCGGCGGCGAGGCCGGGCGCGCCGCGGCGGGTGCGGACTTCGACGAAGACGAGCGTCTCGCCCTCGCGGGCGAGGAGGTCGATTTCGCCGCCGCCGATGCGGAGGTTGCGGCCGAGGATGGCCATGCCGGCAGCTTCGAGGCGGTGGGCGGCGACCCGTTCGCCGAAATCGCCGAGCCGGCGGCGCTCCGTCACCACGGCAGGGCGGCCTGCGCGACCGGCGCGTAGCTCTTCCGGTGGACGGGGCTGGGGCCGCGCTCGGCGAGCCGCTGGCGGTGCTCGGCGGTCGGGTAGCCCTTGTTCCGGCAGAAGCCGTAGCCCGGGTAGCGCGCGCAGAGCTCCACCATCACCGCATCGCGCGCGACCTTGGCGACGATCGAAGCGGCGGCGACGGCCACGGAGAGGGCATCGCCGTCGATGACAGGACGGACGTTCGGCAGGGGGAGGTCGAGGGCGTCGCTGATGACCGCGCCGGGCCGGACGGCAAGCTGTTCGAAGGCGCGCAGCATGCAGAGCCGGCGCGCGGGGAGGATGCCGATGCGGTCGATCTCTTCGACGGTGGCCCAGCCGATGGCCCAGGGCACCGATTCGCGGATGGCGGCAGCGAGGCGGTCGCGGGCGGCCCCGGTGAGGACCTTGGAGTCGCGGACCTCGGCGTACCAGCGGAAGCGGCGGCCGCGGGGGAGGGCGACGACGGCGGCAGCGACCGGCCCGGCGAGCGGTCCGACGCCGACCTCGTCGACGCCGGCCACCCACTCGGCGCCGGCCTCCCAGGCTTCGCGCTCGAACCTGAGGGTGGGGACGGGTGCGGGGGCCGCCATCGCGTGGAGTGTAGGCGGCAGAGCGGGGAGCGGGAAGCGGGGAGGCGGCAGCGGCGCGGCTTGCGCCGCGGGGGGTGGCTGGCCGGCTTCGCCGGCGGTGGCGCGGCTGGCGCCGCGGGGATGGCTGGCCGCCTTCGGCGGCGCCGCCGCGGGATGCCGCCGCTCCGCAGCGGCGGTGGGGCGGGGAGGAGGGAGTTGGGAGCTGGGAGGAGGGAGGAGGGAGGAGGGAGCAGGGAGCAGGGAGGGAGGATAACCTCCAACCTCCAACCTCCAACCTCCAACCTCCAACCTCCAACCTCCCACCTCCCACCTCCTACCTCCTACCTCCTACCTCCAACCTCCAACCTCCAACCTCCAACCTCCAACCTCCCACCTCCCACCTCCTACCTCCTACCTCCT
CP115149.1_gap26	802087	803917	1830	GGATGGGAGTTGGGAGCTGGGAGTTGGGAGGAGGGAGGGAGGCTAACCTCTAGCCGTAGCCGCGGGGCTCCGTCCCCGCGGAGGGCCGGGAGGCCCACCCCGTTCGCCGAATCCTCCCGCCTCCCGGAACATCCGTTGGGCGCATGGCGCCCCGCGGGGACGGAGCCCCGCGACTACGGAGTTGGAAGTTAAGAGTTGAGAGTTGGGAGGGAGCGTGATGCTGCCGGGGATGCCGTCAACCTCCCCGGCCAGCGCCGGCGCGGAGCGCCGGCATCCCGCGGCGATGCCGCCGGCCGGCGGCGAGCCATCCCGCGCCGGCGCAGGGCGCCGGCATCCCGCGGGAGGCGCGGCTGGGCGGGGCTGGCGCGGCTTCGCCTGCCCGGTGCGGCGGGCTCTGGTAGGCTGATGGCGTGCCCGGGGAACGGAAGTACGCTGAGGCTGGGGTCGACATCGCGGCGCGGAGCGTGTTCGCGCGGCGGCTGCCGGGCATCCTCGCGCGGGCGCGGCGGCCGGAGGTGCTGAGCGACGCCGGGCCGTTCTCCGGGCTGTTCCGGCTGGGGGACCGCTACCGGGACCCGGTGCTCTCGGCGAGCGCGGACGGCATCGGGACGAAGGTGAAGCTGCAGCTGGCAGCGGGCCGGCTCGACCTCTGCGGGCCGGACATCCTCGGGCACAGCATCAACGACATCCTCGTCTGCGGGGCGGAACCGATCTTCTTCCTCGACTACATCGCGGGGAACGGGCTTTCGAACGCGCAGAAGGAGGCGCTGGTGGAGGGGGTGGCGAACGCCTGCGCGGAGGCGGGCTGCGCGCTGCTCGGGGGCGAGACGGCGGACATGCCGGACGTGTACCCGCCGGGGGAGTTCGACCTCGCCGGGTTCATCGTCGGCGTCGTGGAGCGGGACGCGATCATCGACGGCTCGCGCATCCGGCCGGGCGATGCGCTCATCGGGCTGCCGAGTTCGGGCCTGCACACGAACGGCTTTTCGCTGGCGCGGCGGGCGCTGGACGTGGCGAACGGCGAACCGCCGGAGGAGACGCGCCGCCGGCTCGAGGAGCGGCCGCCGGAACTGGGCGGCGCGACGCTCGGGGAGGCGCTGCTGGCGACCCACCGGCCGTACGCGAAGGAGGTGCGCCCGGTCATCGGGATGGTGCGGGGGATGGCGCACATCACGGGCGGCGGCTACCGGGAGAATGTGCCGCGCATCCTGCCCGGCGGGGTGACGGCGGTCATCGACACGCGCGCGTGGGAGGTGCCGGGCATCTTCCGGCTGATCGCGGCGCGCGGCCGGGTGGCGGCCGAGGAGATGTACGAGGTGTTCAACATGGGGATCGGGATGGTGCTCATGGTCGGGCAGGAGGATGCGGAGGCGGTGCTGGCGGCGATCCCCGGCGCGGTGCGGGTCGGGGAGGTGCGCGCGTGGACCGGCAGGGCGGTGGAGCTGCTGGGGCTGGAGTAAGCGGAACGGCCCGGGCGCGAGCTCAGGCGAGCAGGTAGAGGGTCACCGCGGCGGCGGGGATGACGAGCCAGACGGCGCCGGTGAGGAGGATGGCGACGGCAGCGAAGAGGCGGGCGGCATCTTCGGGCGGGTCGCCGGCGTCGCCGATGGCGGCCCAGAGGGCAGCGAGCGGCTGGCGCATGACGAGGGCGGCGCGGCGGTGGGCGAAGCGCGCGCCGGTGAGGAGGAGCGAGGAGAGCAGGAGGAAGAGGAGGAAGAGGCTCCCGAAAAGGGCGGCGATGACCGGCCGGGCGAGGATATCGACGGCGCCGAGGTACTGGCCGAGGGAGGCGAGGAGCGGCACGAGGGCGCCGCCCGCGACGAGGGCGGG
CP115149.1_gap27	805701	809948	4247	CGCGTTGCGGGCGGGTGCCGCATACTGTAGATGGAAGGGACGATGCGATGAACGCAACGGACGACCGCGAGCAGACGATTCCCCTCGGTCGGGATGCCGAGTTCACCGGGCTGATCCGGTGCAAGCGGTGCAACCTGTCGTACACGCCGTCGAAGTCGACGAGCGCGCTGCGGCTGACGTACTGCAGCTTCCTGTGCGAGCTGGGCGACCTCGGCTTCAGCATGCAGGGGCTCGAGCACATGGAGCGGGTGAAGAAGAGCGACGACCGGCCGGCGGAGCCGGTGTCGGCCGGTTCGGAGTAGGCAGCCCCACGCGGCAGCACGCGCAAGACCCCGCTCGGCGAGCGGGGTCTTTTGTGTCATGCGAAGGAGTCGGCTAGGCTACGGCTTCCCGGCGCGGCCGGAGATTTCGCAGGGGCGTGATGATGACAGCGATCACCCACCGGACGATTTCGACGAACGGCATCCAGATGCACATCGCGGAGGCGGGGCGCGGCCCGCTGGTGGTGCTCTGCCACGGGTGGCCGGAGTCGTGGTATTCGTGGCGGCACCAGCTGACGGCGCTGGCGGAGGCGGGCTTCCATGCCGTGGCGCCGGACCAGCGGGGGTACGGGCAGACGACGGCGCCGCAGGAGATCGAGAAGTACACGCAGCTGCACCTGGTGGGCGACATCGTGGGGCTGCTGGATGCGCTGGGGGAGGAGACGGCGGTCATCGTGGGGCACGACTGGGGCGCGCCGGTGGCGTGGAACTCGGCGCTGCTGCGGCCGGACCGGTTCCCGGCGGTGGTGGGGATGAGCGTGCCGTACGGGCCGCGGGGAGACGTGCGGCCGACGGACGGGATGAAGGCAATCTTCGGGGACAACTTCTTCTATATCCTGTACTTCCAGGAGCCGGGGAAGGCAGAGGCGGAGCTGGAGGCGGACGTGCGGGTCACGATGCGGAAGCTGCTGTATTCGGCCTCGGGGAACCTGGTGCCGACGCCGGAGATGGGGCAGCCGCGGCCGAAGACGGCGAAGTTCCTCGACAACATGGTGGACCCGGCGGAGCTGCCGCCGTGGCTGAGCGAGGCGGACCTGGACTTCTTCGTGGGCGAGTTCCAGCGGACGGGCTTCCGGGGCGGGCTGAACTGGTACCGGAACATCGACCGGAACTGGGAGCTGATGGGCGCGTGGCGGAACGCGAAGGTGACGGTGCCGGCGCTGTTCATCACGGGGGAGAAGGACCCGGTGCGGGGCTTCGCGCCGGAGGCAAACATCCGGCAGCACGTGCCGAACCTGAAGGACCTCGTGCTGGTGCCGGGCGCGGGCCACTGGGTGCAGCAGGAGGCGCCCGAGGCGGTGAACGAGGCGCTCATCCGGTTCCTGCGGAGCCTGTAGCTCAGCCGTAGCTGCGGGCGAGGCCGGCGCGGGCGTCCGCCTGGATGCCGTACTGGGGGATGGGGTAGCGGAGCCCGTTGGCGGCGAGGCGCTCCATCCCCGCGATGGCGCGGGGGAGGTAGGCCGGCGGCAGGGCCATGAGGAGCTCGTCATCGAGGACGCCGCCGTAGCGGCGCTCGGCGTAGCAGGGGATGGCGAGGCTCGGTTCGCCGGTGGCGAGGGCGCGGCCCCAGCTGTCGGCGCAGGCGGATTCGCCGACGACGCCCCAGCTGAACTTGCGGTAGCCGCTCCACTGGAGGCCGTTGATGAAGATGATGGCCTGCCCGGGGGTGAGGTAGAGGAGGACGATGTCGGGCGGGTCCAGCCGGCCAGCGGCGAGGGGCGAGACGGCCATGGCGCGGTAGCGGCCGAAGGGGACGACGTCCATGGCGGCCTGGTGGGCGGCCGCGTCCTCCGGGGTTTCGAACCAGACGCCGGCCATGCGGCGGCCGGAGCGCCACTCGTCGTCCTGAGGGTGGAGGCCGATGACGGCGCCGCACTGGGCGCCGACGAGGTCGTCGGCGGTGATGCCGACGGTCCAGCCGAGCCGGGCAGCCTGAGCGACGATTTGGTCGGTGGTGTGGATGGCGGAGGGGCGGCGAATGCGGGGGACGGCTTCCATCGCCTCGACGGTTTCGAAGAGCTTCATGCCGACGGGCGGGGTGCGGAGGCGGAGGAGGCGCTCGAGGGAGGCGACGAGCGCGGGCCAATCGTAGCTGGCGGGTTCTTCGAGCGGGATGGCGTCGGGGTGAATGGTCGACACGCGGCACCTCCGGGGCGAGGGTGCCGGTATGGTAGCGCGCTCAGGCAGCGGGCGTTTCGAGGGAGGCGGCGAGGGCGGCGATCAGTTCGCGGAGAACGGTCTCGGCCTCGGGGGTCAGCGGTTCGAAGCGGAGGTGCCAGGCGTGGCGGCCCCCGGCGGCGGGGCGGCTGCGGACGAGGACGGCGCGGACGGGCGCCGCGAGGCCGGGCCATTCGAGCTCGAGGGCGGCGCCCGGCGGCGGCCCGGGCGCGTCGACGTCGACCGCGCAGCCGCCGAGCGAGAGGTCGACGATGGTGGCGGGCAGGCGTTCGGGCGGCGCGGCGATGGCGGCGGCGATGGCGACGGGGTAGCGTTCGAAGGCACGCCGGTCGAACGGGCGCCAGGGGCTCTGGCGGGTGAAGACGGCCTGGCCGGGGCGGGCTTCGCGGAAGCGGGCGAGGGCAGCGACGGCGGCGCCGCGCTCACCGACGGAGATGATGACCTCGTCGCCGTACTCCCAGGGGGCCTCGGCGACGGCGAGGACGATGGCGAAGAGGCGGTCGGCGACGAGGGCGCCGCGGCCGCCGGGGGCGGCGCCGCGGGGGATGACGATGGCGGGCGCGCCGATGACTGGCGCGGCGATGGGGCCGAGGTCCTCATCCACCCCGAGATAGACGGCAGGATTGGGGGATTCCTTGAGGGGGACGGCTCAGGAAGCGGGAGCAGCGCGGCCGAGCGCCTCGAGGACGGCGGCGAGGGCGGTGAACTTGATGCGGGGGCGGCCCTCGCGGGCGCCGGCGGCGCGCTCGAGCTCGTCGATGCGCTGCCAGTCGCTGCAATCGAGCCACTGGACGCCGCGGGCGCGGAGGAGCGTTTCGACGCTGGCGGGGTCGGGGTCCGGCGGGAGGGGGAGGCGGCCGGCGTCGGCGTCGTCGAGCAGGCAGCGGACCGTCTCGGCAGCGTCGGGCTTGTTGGTGCCGATGACGCCCGTGGGGCCGCGTTTGAGCCAGCCGGCGACGTAGCGGCCGGGGAGGGGCGCGCCGCTGGCGGGGTCGATGACGCGGCCGGCGCGGTTGGGAATGACGCCGAGGCGCTCGTCGAAGGGGAGGCCGGGGATGGGGAGGCCGCGGTAGCCGACGCTGCGGAAGACGAGGCCGGCGGGAATGGTCTCCTCCTCGCCGGCCGGCTCGGCGGCGATGCCGCCGGCGGGGGACGCGACGAGGCGGTTGCGGACGGCGCGGACTGCGGCGACGGCGCCGTCTGGCCCCGGCAGGAGTTCGACGGGTGAGACGCAGAAGCGGAGATGGATGGTGCGCGGCCGGCAGGGGACCGGGGCGGCGGCGATTTCCTGGATGAGCTGGACCTTGCGGGCGAGGGTGCGGTCGGGCGAGCGTTCGACCTCGGCGGCGCTGGCGGGGTCGAGGGCGGCCTCAGCGGGGTCGATGCGGAGCGCGGCGCCGGCGAGGGTGGTGAGCTCCTTCCATTCGGGGGCGGTGAAGGCGGCCTGGGCCGGGCCGCGGCGGCCGAGGATGTGCACCTCGCGGATGCGGCCCGCTTCGAGGGCGTCGATGGCGTACCGGGGCATGTCGGTCCGGAGCAGCTCATCGGGGGTGAGGACGAGGATGCGGGCGACGTCGATGGCGACGTTGCCGACCCCCACGACGACCGCGGATTCGCGCTGGAGGTCGATGGCGAGGCCGGTGAAGTCCGGGTGGCCGTTGTACCAGGCGACGAACGCGGTGGCGGGGAGGGAGCCGGGGAGGTCTTCGCCGGGGATCCCCATGCGGCGGTCGGCGCGGGCGCCGGCAGCGGCGACGACGGCGTGGTGGCGGCGCGCGAGGTCGCCGAAGGCGAGGTCGCGGCCGACATCGACGGCAGCGAAGAGGCGGACGCGGGGGTCGTGGAGCAGCGGCTCGAAGGCGCGGGTGACGCCTTTGATTTTCTGGTGGTCGGGCGCGACGCCGTAGCGGACGAGGCCGTAGGGGGCGAAGAGCCGTTCGAAGACGTCGACGGAGACGTCCGCGCGGGCGGCGAGGAGGTGTTCGACGGTGTACATGGCGGCCGGACCGGAGCCGATGACCGCGACGC
CP115149.1_gap28	811559	814818	3259	GGGGACACGCGGCTGGTGGACGAGATGCCCGCGGAGCAGCGGGCGAAGCTGGAGCCGGGGTTCGTGCGGTTCGCGGAGGTCGGGCGGCGGTTTACGGCGGTCGACGTGGCGCGGGCGCTGGAGCACCGGCACCAGGTCAACCGGCAGATGACGCGCTTCTTCGCGCGGTACGACCTGCTGCTGACGCCGACGACGGCGGCGACGGCGTTCGCGGCGGAGGGGCCGCCGCCGTCGGTCATCGGGGGGAAAGAGGTGGGGCCGGCGGGGTTCATCCCGTTCACCTACCCGTTCAACTTCCTCGGGCTGCCGGCGGCCTCGCTGCCGGCCGGGCTGGCGCCGGACGGGCTGCCGGTTGGGCTGCAGGCGGTCGCGCCGCGGTTCGCGGATGCGTTCCTGCTGCGGGTGAGCGCGGCCTACGAGGCGGCGAGCCCGTGGCGCTACCCGGGGCAGGACTGAGCGGCCGAACCGGCCGAAGGGACGCCGGGGACCGGCCGTTCGGACGCGAATCCGTTGATGCGGATCGGGCAGAATGCCCGCGAAGCATGCACTGGAGGTGACCGGAATGGGACGGCTGGACGGCAAGGTGGCGATCGTGACGGGCGCCGGCTCGGGCATCGGCAAGGCGGCGGCGAAGCTGTTCGCGGCCGAGGGCGCGAAGGTGGTCTGCGCGGACGTGACGGGCGCCGAGGCGGCGACGGCGATGGAGATCGGGCCGGCACAGGCGGCGGCGATGACGGTCGACGTTTCGAAGGCGGCCGACGTGAGGGAGATGATGGAGCGGACGAAGGCGCTGTACGGCCGGCTCGACGTGCTCTTCAACAACGCGGGCATCGAAGGGGCGCAGGCGCCGACGGCGGACTACGAGGAAGCGGAGTTCGACCGGGTGCTCGCGGTGAACGCGAAGGGCGTCTTCCTCGGGATGAAGTATGGCATCCCGCTGATGCTGGAGACGGGCGGCGGGTCGATCATCAACACGGCGTCGGTGGCGGGGCTGGTGGGGTTCCCGGGCATCGTGGGGTACACGGCTTCGAAGGGGGCCGTGGTGCAGATGACGAAGACGGCGGCGCTGGAGTACGCGCTGCAGGGCATCCGGGTGAACGCGATCTGCCCCGGCGTCATCCGGACGCCGATGGTGGAGCGGTTCACGAGCGCCTCGCCGGATGCGGAGGCGCAGCTGGCGGCGACGGAGCCGGTGGGCCGGATGGGCACGCCGGAGGAGGTGGCCGCGCTGGCGCTGTTCCTCGCGAGCGATGAGTCGTCGTTCGTGACGGGGGCGGCGCTGCCGGTCGACGGCGGGTTCATCGCGCGGTAAGGGGCACGGCAGGAGGCGCTGGCCCGCCGCCGGGGGCGTTGGCACTCGGTTTGCTACACTGCTAATCGATGGCGACGGGTCAGCGCGACTACTACGAGGTGCTCGGCGTGCCGCGGAGCGCGGACCAGGCCGAGATCAAGCGGGCGTTCCGGAAGCTGGCGATGGAGTACCACCCGGACCGGAACCCCGCGCCCGATGCTGCGGAGAAGTTCAAGGAGATCAACCAGGCGTACGAAGTGCTCGGCGACGAGCAGAAGCGGGCGATGTACGACCGCTTCGGGCACGCCGGGGTGGAGGGCGGCGCCGGCGGGGCCTCCGGCTTCGACGGCTTCGCGCACTTCGAAGGCTTCGGCGACATCTTCGATGCGTTCTTCGGGGGCTCGGCGCGGCGGGGACGGCGGCGCGGCCCGCAGCGGGGGAACGACCTCCGCTACACGCTGCGGCTGACGTTCGAGGAAGCGGTCTTCGGCTGCGAGAAAGAGATCGAGTACCAGCGGCTGGAGCGGTGCGCGGCCTGCGGCGGGAGCGGTTCGGAGCCGGGGAGCGCGCCGGCGGTCTGCCCGGAGTGCAACGGCGCGGGCGAGATCCGGCGGGCGCAGCAGAGCTTCTTCGGGCAGTTCGTGAACGTGATGACGTGTCCCCGCTGCCAGGGCGAAGGCCGGGTGATCACGAACCCGTGCGCCGTCTGCCGGGGGAGCGGGCGGACGCGGGAGACGCGGCGCATCGTGGTGAAGGTGCCGGCGGGCGTCGACGACGGCGCGCAGATCCGGCTGACGGGCGAAGGGGAGGCCGGGCCGCGGGGCGGCGAGCCGGGCAACCTGTACGTGGCGCTGAGCGTGGCGCCGCACGAGCGGTTCCACCGGGTGGAGGACCACCTCGTGCTGGAGCTGCCGGTGAACATCGCGCAGGCGGCGCTCGGTTCGGAGGTGACGATCCCGACGCTCGAGGGCGACATGGCGCTCGAGATCCCGGCGGGGACGCAGAGCGGCGAGGAGTTCGTCATCCGCGGGAAGGGCGTGCCGCACCTGCGGGGCGCGGGGCGGGGCGACCTCATCGTGCGGGTGACGGTCGTCGTGCCGGAGGAGCTGACCGACCACCAGCGGAAGCTGCTGGAAGAGCTGGCGGAGACGATGGGGACGCCGACGCTGCCGAAACGGCACAAGGGGTTCTTCGAGCGGATCCGCGATGCGATGGCGGGCTGAGGCGGCCGGGTGACGCACCTCTGGTTCGAAATCACGGCGAAGACGCCGCCGGCGCTGGCCGATGCGGTGGCGGATATCGTGCGGGGGGTCTCGCCGGGCGGCATCAGCATCGAAGAGCCGGTCGACATCCTCGGGCCGGAGCAGGGGTTCCGGGTGCGGGGCGGGGAGCCGGTCCTCATCCGCTGCTACCTGCCGTCATCGGAGCTGGGGGCCGTGCTGGTGGAGGACCTGCGGCGGGCGATGGAGGCGTACCCGTCGGTGGAGCTGAGCGCGCGGCCGATTTACGAGCAGGACTGGGCGGTGTCGTGGCGGGAGTTTTTCGGGGTGGTGGAGACGGGCGGCCGGGTGGTGGTGGTGCCGTCGTGGGTGGAGCACGCGCCGGCAGACGGGCAGATCGTCATCCGGCTGGACCCGGGGCAGGCATTCGGGACCGGCCATCATGAGACGACGCGGCTGTGCCTCGCGATGCTGGACGGGCTGGTGCAGCCCGGCGCGCGCGTGCTGGACGTGGGGACGGGGTCGGGCATCCTCGCGATCGCTGCGGTGAAGCTGGGCGCGGCGGAGGTCGACGCGATCGACATCGACCCGGTGGCGGCGGAGGTGGCGGCAGCGAACTGCGCGGCGAACGGCGTCGAGGCACGGGTGCGGGTGCGGGCAGGGCGGCTGGAGCCGGGCGACATCGCGGCGGCGTACGACCTCGTGGTGTCCAACATCAGCCCGGACGCGAACATCGGGCTCGTGCCGG
CP115149.1_gap29	821278	825880	4602	CCTGGGCAAGGACGGTGCGGGTGAAGACCTCGGCCATGGCCCCGCATTTCGCGCACTTGAACTCGTAGAGCGGCATGCGCGGATCCTAGCGGTTCGGGCCGGGCTTGCGAAGGCGGGCCGGCGGGTTTCGCCGGCGGGGGCGTGCGTTACCCGTGGCGCTCGGGGCGGGCGTCGAGTTCGGCGAGGTAGTGCTCGGCGCTGATGGCGGCGGTGGCGCCGTCGCCGGCGGCGCTGATGAGCTGGCGGGCGGCCTTCGTGCGGAGGTCGCCGGCGACGAAGAGGCCGGGGAGGGCGGTCGTCATGTCGAGGTCGACGATGGCGTGGCCGCCGGGGTCGAGCGGGACGAGGCCCTCGAGGAGGTGCGAGTTGGGGGTCTGGCCGATGAAGATGAAGACGCCGTCGATGGGGACGGTCTCGGTTTCGCCGGTGAGGACGTTGCGGAGGCGGACGCGCTCGACGCTTTCGGCGCCTTCGATGGCATCGACGACGGTGTTCCAGCGGAAGCGCATCTTCGGTTCGGCGAAGGCGCGCTCCTGGAGGATGGCGCTGGCGCGGAGGGTGTCGCGGCGGTGGACGACCGTGACGGTGCTGGCGTAGCGGGTGATGAAGAGGCCTTCATCGATGGCGGAATCGCCGCCGCCGACGACGATGACGTCTTTCCCGGCGAAGAAGGCGGCGTCGCAGGTGCCGCAGTAGGAGACGCCGCGGCCGGTGAATTCAGCTTCGCCGGGGACGCCGAGTTTGTTGTAGTCGGCGCCGGCGGTGACGATCACAGCGCGGGCGGTGATGGTGCGCTCGGAGGTGGCGAGTTCGAAGCCGCCGCCGGGGCGCGGGGTGAGGCGGTCGACGGGCTCGTAGGCGAACTCGGCGCCGAATTTTTCGGCCTGGCGGAACATGAGCTGGGCGAGGTCGAAGCCATTGACGCCGTCGGGGAAGCCGGGGAAGTTTTCGACGATGTCGGTGGTGGCGATCTGGCCGCCGATGACTTTGCCCTCGAAGATGATGGTCTTGCGGCGGGCGCGGGCGGCGTAGATGGCGGCGGTGAGGCCGGCGCCGCCGGCGCCGATGATGGCGATGTCGTAGTCGCTCATAGGGTGCTCCGGGGAGTGGAAGCGGCCGCCGGTTGCCCGGGCGGCCGCTGGGGGTGGCGCCGGTGGGGTGCCGGGCTCAGGCGAGGGCTTCGTCGAGCCGCTTCTTGAGGTCGCTCTTGGGGCGGAAGCCGACGATGGTGCCTTTGAGTTCGCCGCCCTTGAAGATGAGGAGCGACGGGATGGAGCGGATGCCGAACTTCGCAGGGACCATCGGGTTCTCGTCGGTGTTGATCTTGAGGAAGTTGACCTTGCCGGCGTACTCCTGGGCGAGCTCTTCGACGATGGGGGCGACCATGCGGCAGGGGCCGCACCAGGGGGCCCAGAAATCGACGAGGACGGGCAGGTCGGACTTGACGACGTCGTGTTCCCAGGTGGCGTCGGTGACTTCGCGGACTTCGGACATGGGGGTGGTTCCTTTCCCGGCGTGGCTGCCTCGGGGATTGCGGTGTTGGACCGGTAGTGCGACTATACCCCCGAGGGGTATACCGAGTCAAGCCCCGGGATGGAGGCGGCGCGTGAACGATGAGGAGATGAAGCGGCTGCTGGACCGGCTGGCGCGGGTGGAGGGGCAGGTGCGCGGGCTGCGGAAGATGCTGGAGGAGCAGCGCTGCTGCGAGGATGTGCTGACGCAGCTGCTGGCGGCCCGGTCGGGGCTGGAGAGCGCGGGGCAGCTGGTGCTGGAGCGGCACTTGAACGATTGCGTGCTGGGCGAGGGGGCGGTGGACGAGCGGACGGCGGAGCGGCTGCGGGAGACGCTCCGGCTGTGGAGCCGGCACAGCGGGCGGGCCGGCTGATTCAGGCCGGCTGTTCGGCGGCCCAGTCGGCGGCGAGCTGGCGGAGGAGGTCGGCGGCGCGCTCCATGGCGCGGGCGGGGTCGGGTTCGAGCGCGGCGAGGGTGCGGGCGCCGGGCAGGCTGGCGCGGCCGGCGAAGACCACCGCGGGCTTGCCGGCGGCGCGGGCGGCTTCGAGGACGCGGCCCGTCACTTTCCCGGCGAGCGACTGCTCGTCGTAGCTGCCCTCGCCGGTGATGACGAGGTCGGCCGCAGCGAGCCGCCCGGCGAAGCGGGTGACGCCGGCGACGATATCGAAGCCGCTTTCGATGGCCGCGCCGAGGAAGGCGCGGAGGCCCCCGGCGAGGCCGCCAGCGGCGCCGGCACCGGGCAGGTCGCGGAGGTCGACCCCGGTAACGCGGCGAACGACGGCGGCGAACCGTTCGAGCGCTTCCTCGAGGAGGTCGACCTCGGCGGGGGAGGCGCCTTTCTGGGGCGCGAAGACGCGCGCGGCGCCGGCCGGGCCGCAGAGGGGCGAGCGGACATCGGCGGCGACGACGACGGAGAAGCGGCCGAGCCACGCGGGCGGATTCCATTCGATCCGCTCGAGGCGGGCGAGCGGGCCGCCGCCGGGCGGGATGTCGGCGCCGGCGCCATCGAGGAAGCGGGCGCCGAGGGCGCGGAGCGCGCCGGCGCCGCCGTCGGTGGTGGCGCTGCCGCCGACGCCGATGAGCATGCGCGGGGGTTCATCGGCGGCGGCCGCGGCGATGAGTTCGCCGACGCCGAAGGTATCGGCGCGGAGGGCATCGCGCTCTTCGGGCTTCAGGTGGAAGAGGCCGTTGGCCTGCGCGGCTTCGATGACGGCGTCGCCGGTTTCGCGGAGGCGGAGGTAGCGGCCGAGGACCGGGCGGCCGAGGGGGTCATGGACGACGGCGGCGGCGGTATCGGCGCGGACGGCGCGGCGGAGCGCATCGAGGAGGCCGGGGCCGCCGTCGGAGAGCGGGAGGAGGTCGAGCTGCCAGCCGGGGCGGGCCGCGCGGATGCCGGCGGCGATGGCGGCGGCGGCTTCGTCGGCCGCGAGGCTGCCTTTGAACTCCTGGGGAGCGATGAGGACGCGCACGTCAGCTGAGCCAGAGCCGCCAGGCGGCGATGAGGACGATGGCGATGATGTAGCCGTAGGCGACGTTGCGGAGGAAGCGGAGGGTATCGCGGGCGCGCCGGTCGCGGAAGACGACCGCCATCACGATGGTCACCGCGAAGAAGGTGACGATGGCGAAGGCGAGGAGCGACTTCATGCGTGGGCCGGCGCGCCGGGCGTTGGCTCAGCTGTCGCCGACGACGGTGCGGCTGGCGAACTTCCAGCCGTCGGCGGTGCGGCGGAGTTCGTCGCGGTAGATGGCGGTGACGAGGATGGAGGCCGGGGGCTGCTCGCCGGGGGTGAGGCGGAGGAGCATCAGGTAGCAGGAGCCGGTTGCGGCGTCGCCGTCGCCTTCGAGGACGAGATTGTTGGTCCAGTGGCGGGCCTTCATGCGGGTGGCGAAGGCCGTGCCGAAGCCCTGCAGCTGGTCGCGGCCGGTGAAGGTGCCGGTGGCGGAGGAGAAGGTGCCGTCGGGGGTGAAGCAGGCGGCCCAGGCGGCGCCGTCGCCGGCATCGATGGCGTGGTTGTAGCGGGCGTAGAGCTGCTGGATGGCGAGCTGGTCGTCGACGCTGAGGGGCACGGGAGCGGAAACCTCCGGAAATGGTGCGCCGCGGGGCGGCTGCTGGCGTACGATAGGGCAATCGCTGGAGAAGGGCACGCTGATGCGCGGATTCGGGATTGGTGCACTGGTCGCCGGGGCGGTGCTGCTGGCTGCCGGCTGCGGGGACGGGGCCGCGAGATACCCGGCCGGGCTGGCAGATGACGCGTACGACCTGGAGGCGATGGCGCTGCAGCCGGCGGACCTGCCGCCGGGGTTCGAACAGCAGAGCCCGGGGGAGTTCGAAAACGAGGCGTGGGCCTCGGTGTTCCAGACGGATGACGTGGAGGCGAAGCTGCGGCAGCTGGAGGCGCAGGGCCGGCAGCGGAACTTCGTGACGCTGTTCGGGCCGCAGGGGCTCGGTCCAGTGCTGGCGGTGACGGCGATTTCGACGCTCTACACGGACGCGGCGGCGGCGGAGCGGTCGCTGCGGGAGTTCGCCTGCGGGCTGCCGATCGAGGCGAACGTGCAGCTGGAGCCGCTGCTCGTGCCGAAGCTGGGCGACGGTTCGAACGGCTTCCTCGAGCGGCAGTTCTCGGAAGGGGCGCCGACCTTCGTGGACGCGACGGTCTGCTTCCGGACGGGGCGGGTCGTGCACGCGATCCAGGCGACGAGCGTTGCCGGGGTGGAGGATGTCGCGTTCCTCATCCGGCTGGCGGAGCGCCAGCTGGCGCGGGTGGATGCGGCGTTCGCGGCGGCGGAGCGCGGCGGCTAACCCGGCGGCGGCGCCTGGCGGAGGGCGTAGAGGGTGCGCCCGCGGGCGCAGAGGCTGCCCTGGGCATCCGTGATGGCGACTTCGGCGTAGGCGAGGCTGCGGCCTTTGCGGATGATGTGGGCTTCGGCTTCGGCGCGGGGGCCGTGGACGGGGCGGAGGTAGGTGATGCCGAGGTCGGCGGTGCCGTTGGGGACGTCGCCGGGCTGGAGGCTGGCCTGGAGGGCGAAGAGCATGGCGATATCGACCATGGCGGCGAGGACGCCGCCGTGGACGGCCCCGCCGACGCCGGA
CP115149.1_gap30	854850	857284	2434	CGAGCGGGGCGCCGACCGGGAGGGCGCCGGGAGGTTCAACCTGCGGCGCGGTGGACTCAGCGCCGGACGGTGAGCCATCGAGGCTCACGGCGCGGGAGCCACACTTGTGGCAGTACCGGGCCCCGGCAGGGAGCCCTTCACCACAGGACGAGCAGTACACGATAGGGCAAACCTCGCGACAGCAGGATGACGGCGCGGAAGTTTACGGCGCGGTCGCGTCAGGTGCTGTCGCGGAGGGCGGCCGGCGGGGCTACCACCAGATCTTGCTTTCGATGTCCCCGGGCAGGTCTTCCCAGTCGGTGGTCCAGAGGTTGGAAGAGAGGTACTTCCAGCCGCCGTCGGCGAGGAGGCAGACGATGTGCTGTTCGCCTTCGAGCCGCTCGGCGGCTTTGAGGGCGGCCCTGACGACGGCGCCGCAGCTGATGCCGACGAAGAGGCCTTCTTTCTGGGTCAGCTCCTTGGCCATGGCGAAGCTGGAGCGGCTATCGACGACGATCTTGCCGTCGAGCACGGTTTCATCGAAGACGGGCGGGATGAAGCCTTCTTCGAGCGCGCGGAGGCCCTGGACGAGGTCGCCGGGATGGGGCGCGGCGGCGATGACTTTGACGCCGGGCTTCTTCTCCTTGAGGTAGCGGCCGGTGCCGGTGAGGGTGCCGCCGGTGCCGAGGCCGGCGACGAAGACGGTGACCTCGGGGAGGTCGCGGAGGATTTCCGGCCCGGTGGTTTCGTAGTGGGCGCGGGGGTTGGCTTCGTTGCCGTACTGGTAGGGGAAGTAGTACTTGCCGGGGTTGGCTTCGACGATCTCCCTGGCTTTTGCGATGGCGCCGTTGGAGCCGAGTTCGCCGGGGGTGTAGATGATTTCGGCGCCGTAGGCGCGGAGGAGGAAGGTGCGCTCTTCGCTGACGGATTCGGGCATGACGCAGACGACGCGGTAGCCCTTGACGCGGCCGATCATGGCGAGGCCGATGCCGGTGTTGCCGGAGGTGGGCTCGAGGATGGTGTCGCCGGGTTTGAGCTCGCCGCGGGCCTCGGCGGCTTCGATCATGTACTTGGCGATGCGGTCTTTGACGGAGCCGGTGGGGTTCTGGCCCTCGAGCTTGGCATAGAGGTGGATGCCCGGCCGCGGGGAGAGCCGGCGCATCTCGACGAGCGGGGTGTTGCCGATGAGTTCGAGGACGGAGCGGTAGAGCGCCATGGCGCGGGGGCTACTGGCCGCCGGCCAGCGCGGGGAGGATATCGAGGACGTCGCCGGCCTTGAGGGCGGTCTCGATGCCGCCGGTGTACCGGATGTCTTCGTCGTTGAGGTAGATGTTGACGAAGCGGTGCGGCTTGCCGTCGGGGCCGTACACCTGCGCTTTGAAGCCGGGGTAGCGGGCTTCGATGTCGTCGAAGACCTCGGCGACGGTGCGGCCGGCGGCTTCGATGGTTTTCTGGCCGCCGGTGAGCTTCTGGAGGACGGCAGTGACGCGGACGCTGACAGTGGGGGTGGAGGTGCTGGTCATGGCTGGTCGGGTCGTCTCCGGTGATGGGATGCGGTCGCGGGCTCAGCCGCCGAAGGGCGCGGCGGCGTGGGGGATGGGTGCGCCGCAGAAGGCTTCATAGTCGATGAGTTCATGGATGGTGGGGTTATCGCCGCAGAGCGGGCAGTTCGGGTCGCGGCGGACCTTGACGATGCGGAATTCGAGGGTGAGGGCATCGTAGAGGAGGAGGCGGTTCACGAGGGGTTCGCCGATTTCGAGGATCAGCTTGAGCACTTCGGTGGCCTGGATGCTGCCGATGGTGGCGCACATGGCGCCGAGGACGCCGGCTTCGGCGCAGGAGGGAACCATGCCGGGCGGCGGCGGCGCGGGGTAGAGGCAGCGGTAGCAGCCTTTGCCGGGGAGGTAGGTGGTGGCCTGCCCGTCAAACATGAGGATGGAGCCGTCGACGAGCGGTTTCTTCAGCAGGTAGCAGGCGTCGTTGACGAGGTACCGGGTGGCGAAGTTGTCCGCGCCGTTCACGACGATGTCGTACTGGCTGATGATTTCGAAGGCGTTGTCGCTCGTGATCGGGGTCTCGTGGGTGACGACCTCGATGTTGGGGTTGTGGGCGAGGAGGGTTTCGCGGGCGGACTGGACCTTGGGCTTCCCGATGTCGTCGGTCTGGTGAAGGATCTGGCGCTGGAGGTTGGAGCGGTCGACGACGTCGAAATCGACGATGCCGATGGTGCCGACGCCGGCGAGGGCGAGGTAGAGCGCGACGGGAGAGCCGAGGCCGCCGGCGCCGATGATGAGGACCTTCGCTTCGATGATTTTGCGCTGCCCGGCGCTGCCGACCTGGGGCATGATGATGTGGCGGCTGTAGCGCTCGACCATTTCGGGGGTGAGGGCGGTGGGGGCGCCGCCGGCGAGGGCGGGGATGACGGCGACTTCGTCGCCTTCGTTCAGCTCGGTGG
CP115149.1_gap31	943973	947071	3098	CCGGGTCGCGATCGTGACGGGGGCATCGCGGGGGCTGGGGACGTACATCGCAAAGGAGCTGGCCGGGGCGGGCTGCCACCTGGTGCTGGCAGCGCGGACGGCGCCGGCGCTGGAATCGCTGGCGGAGGAGATTCGCGGGATGGGCCGGCGGGCGCTGGCGGTGGCCTGCGACGTGGCGGATGCTGACAGCCGGCGGTCGCTGGTGTCTCGCGGCGCAGGCGGAGTTCGGGCGGATCGACATCCTCGTGAACAACGCGGGCATCGAGGTGACGGCGCACTTCGAGGACCAGGACGATGAGGAGCTGGACCGGATCATCCGGGTGAACCTGATCGCGGCGATGCAGCTGACGCGGCTGGTGCTGCCGGGGATGCTGGAGCGGAAGCGGGGGCACATCGTGAACATCGCGTCGCTGGCCGGGAAGGTGCCGGTGCCGTACTCGTCGCCGTACTCGGCATCGAAAGCGGGGCTGATCGCGTTTACGGAGGGGATCCGGATGGAGTTCCGGAAGCGCGGCGTCTCGGCGAGCGCGATCTGCCCGGGCTTCGTGGCCGAGGCGGGGATGTACGCGGACTGGGAGCGGCAGACGGGGGCGAAGGCGACGTTCCTGGCGGGGACGGTGAAGCCGGAGCGGGTGGCGCGGGATGTGGTGAAGGCGATCCGGAAGGACCGGCCGGAGATGCTGCAGTTCTGGGTGCCGGCGCGGCCGACGGCGGCGCTGGCGGAGCTGATGCCGGGGACGTTCGAGAAGATTTACCCGGTCTTCGGGGTGCAGAAGACGTTCGGGAAGCTGGCGGATGCGCGCCGGGAGGAGCAGCGGTCGGCGGAGCGGGAAGCGGCGGCGTCGCGCTAGGCCCGGAGGCGCGGGGCGCGGCCGGCTGGCGGGGCGGCGTCAGCCGGCCTGGCGGGCGACGGCCTCGGCGGCGGCGCGGGCGGCTTCCGGGTCGCCGAGGTAGCGCGAGCTGACCGGCCGGAGCTGTTCATCGAGCTGGTAGAGGAGCGGGATGCCGGTGGGGATGTTCAGCTCGGCGATGGCGTCGTCGCTGATGCCGTCGAGGTGCTTCACGAGGGCGCGAAGGCTGTTGCCGTGGGCGCCGATGAGGACGCGCTTGCCGGCGCGGAGGTCGGGCACGATGGCGTCGTGCCAGTAGGGGAGCATGCGGGCGACGACGTCTTTGAGGCATTCGGCGGCGGGGAGGAGGTCCGGCGCGAGGCCGGCGTAGCGGGGGTCGAAGCGGGGGTGCCGCTCATCGCCGGGGTCGAGGGGCGGGGGCGGGACGTCGTAGCTGCGGCGCCAGGCGAAGACCTGGTCGGGGCCGTAGCGCTCGCTGGTTTCCTTTTTGTTGAGGCCCTGGAGGGCGCCGTAGTGGCGTTCGTTCAGGCGCCAGTGGCGCTTCACCGGGATCCAGTGCTGGTCCATGACATCGAGGGCGATGTTGACGGTTTCGATGGCGCGGCGGAGGAGGGAGGTGTGGACCACATCGAAGGTGAGGCCTTCGGCGCGCATGAGTTCGCCGGCGCGGCGGGCTTCTTCGCGGCCGGTGTCGGTCAGGGGGACATCGTGCCAGCCGGTGAAGCGGTTTTCGCGGTTCCAGGCGGATTCGCCGTGGCGGAGGAGGACGAGGGTGTACATGGCGCCTGCGCTCCCGGTCAGAAGATGGGGTTGACGATGATGGCCTGTTCGCGGGAGGGGCCGACCGAGATGAGGTCGACCGGGCATTCGAGCAGGTCTTCGACGCGCCTGATGAAGGCCTGGGCCTGGGGGGGCAGGTCATCGAAGGAGCGGACGTGGGTGGTGGGCGTCTGCCAGCCGGGGAGTTCTTCGTAGACGGGGCGGACGCGTTCGAGTTCGGATTCGCGGGCGGGGAAGGTATCGATGATGCGGCCGTCGAGTTCGTAGGCGGTGCAGATTTTGATGGAGGGGAGGGTATCGAGGACGTCGAGCCGGGTGAGGGCGACGGCGGCGAGGCCGTTGAAGCGCACGCTGTAGCGGGCGGCGACGGCATCGAGCCAGCCGATGCGGCGGGGCCGGCCGGTGGTGGTGCCGTATTCACCGCGGCCGAACTCTTTGCCGTGGTCGCGGAGCTGGTCGGCGGTGTCGTCGAACAGTTCGGTGGGGAAGGGGCCGTTGCCGACGCGGGTGCAGTAGCTCTTGAAGACGCCGACGACGCGGGAGATGTCGGTGGGGCCGATGCCGACGCCGAGGGCGGCGCCGGAGCTGGAGGAGGAGGGGACGCTGGAGGTGACGTAGGGGTAGGTGCCGTGGTCGAGGTCGAGGAGGGAGCCCTGCGCGCCTTCGAGGAGGACGTATTCGCCGCGGCGGTGGGCCTCGAGGACGATCTCCTGGACGTCGCCGACGTAGGGGCGGAGGCGCTGGCCGTATTCGATGTAGCGCTCGAGGCACTCGCGGAAGTCGATCGGCTCGGCGCCGTAGACGCCGGTGATGACGCGGTTCTGGTAGGCGAGGGCGGCTTCGATGCGGGGGACGAGGTCTTCGCGGCGGAGGAGGTCGCAGATGCGGATGCCGCGGCGGGCGACTTTATCGGCGAAGCAGGGGCCGACGCCTTTGCCGGTGGTGCCGATGGCGTGGGCGCCGCGGGCCTGTTCATCGAGCTGATCGAGGCGGCGGTGCCAGGGCATGATGACGTGGGCGCGGTCGGAGACGACGAGGCGGGAGGTGTCGATGTTCTTCTGCTCGAGGCCGTCGATTTCGCCGAGGAGGACTTCGGGGTCGATGGCGACGCCGTTGCCGATGACGCAGGTTTTTTCGGGGTAGAAGATGCCGGCGGGGACGAGGTGGAGTTTGAATTCGCCGAGTTCGTTGACGATGGTGTGGCCGGCATTGTTGCCGGCGGAATAGCGGGCGACGACGCGGGCTTTGCGGGCGAGGAGGTCGACGATGCGGCCTTTGCCTTCGTCGCCCCACTGGCCGCCGACGACGACGATGATGGGCATCTGAACAGACTCCGGGCCCCCGTTTTCCGGGGGCCCGTCGAGGTATTGTACGGGGAGATTGGGCTACCCGCGAGCGGGGGATGGGCGGGCCTCAGCGGGAGCCGCGGAGGCGGGGGTCGAGGACGTCGCGGAGGGCATCGCCGAA
CP115149.1_gap32	950063	951767	1704	GGAGGTCTTGGTCGGGTCGAAGCCGCCTTCGGCTTCCTTCGGCATGATCCAGACGAGGTTGGCGTCGGCGAGGACGTCGAGGAAGGCGGCGTTGGGCTCTTTGAGCTTGAAGACGACGGTCTGCTTGTCGGGGTACTGGACGGAATCGACGAAGGCGACCTGGGAGCGGTTGGTGTTGGTCTCAGCGGTGGCGCGGCCCCAGGAGTATTTGACGTCGTCGGTATCGACGGCGCGGCCGTTGACGGGGGCGACGTTGTGGAACTTGACGTTGGGCTTGAGCTTGATGGTCCAGGTGAGGCCGTCGGGGCTGGCCTCGGCGCTCTCGGCGATGTCGGGGACGGGGCGGAGGTCGGCCTGGCGGACGCCGGGGCCGGCGTTGTACTTGAAGAGGCGGCCGTAGACGTAGGCGGCGTACCCCTTGGTGAGGAAGGAGAGGTTGCCGTAGGGGTCGATGGTGGGCGGGTCGCCGGTGAAGGTGATGCGGTAGGTGCCGCCGCGCTTGGCGTTGGCGAAGGGGTCGGACGGGGTCGGGGTGGCCTGCGGGCCGGGCGTGGGCGTGGCGAGCCCGGAGAGGCCGCCGTTGTCGTCATCACCGCCGCCGCAGCCAACGAGGGCGAGGCCTGCGGCGCCGGCGGAGAGGGCGGTGGCACCGCCGAGGAAGCGGCGCCGGGTGCGGCGCTCCTTCCAGAAGCGGTCCCAGTATGAACCAGACATTGAGAATCCCCCTGCTGAAGCTTGGTACACCGACGGTACGTCGGCGGCGGCCGATAGGATTGGCCTATCTGGCCTATACGCACCCATAGCGTCTTGCGATATGTACGTGGCGCAGCGGGGAAACGTCAATGGATGATCGGGTGAAAACGCTCGAAACCGAACGCCTTTCGACGGATTGTCATCGGCAGATTTGAAAAGGTTGACCGGCCAGTAGGGGGAACCGGGAAGCGGGAACCGGGAAGCGGGAACCGGGAACCGGGAAGCGGGAGGCGGGAGGCGGGAGGCGGCAGCTGGGAGCTGGGAGCTGGGAGCTGGGAGGGAGGATAACCTCCAACCTCCAACCTCCAACCTCCAACCTCCAGCCTCCAACCTCCAACCTCCAACCTCCAACCTCCAACCTCCAACCTCCAACCTCCAACCTCCAACCTCCCCGCCCGGATTGCCCGGTAGGGGGCCGCTTGCTACGCTCGAGGTTCGGCACCAACGAGATTTTGCCCCGGGTTCGAACAGTCATGGCGCACCACAAATCGGCTATCAAACGCTGGCACCAGTCGCTCCGTGAGCGGGAGCGGAACCGTTCGCGACGGACGCGCGCGAAGAATGCCATCCGGAAGCTGCGGGAGGCAGTCGCGGCCGGCGATGCTGACGCCGTGAAGGAGGCGCTGAGCCGCGCCTATTCGGCGGTGGACCGGGCGGCGAAGAAGGGCGCGATCCACGTGGGGAAGGCGGACCGCCTGAAGCGGCGGATGGCGCACCTCGTGCAGAAGGCGCAGGCAGCGCAGGACGCGGCCTGATGCCGCCCCGCTCCCGGGGCTGAGGTTCGAACCGGGAAACGCCCGCCGAAGACGGCGGGCGTTTTTCGCGCCCGGCGCGCCGGCCGCGGATGGGCTAGAATCCGCGAACGCTTACGTTCACGTCAGGGAGGAGCCCATGGGCAGGCTGGATGGCAAGACGGTCATCGTGACCGGCGCGAGCCGGGGAATCGGGGCG
CP115149.1_gap33	1033199	1036886	3687	GATGGAGGAGTAGGCGACGAGCCGCTTGAGGTTCTTCTGCTGGATGGCGATGAGGTTGCCGACCGTCATGGTGACGGCGGCGAGGGCAAGGAAGGCCCAGCGCCAGCTTTCGGCGTCGGTGACGAAGGCGGTGGAGAAGAGCCGGAGGATGAGAGCGAAGCCGGCGGCCTTCGAAAGGGTGGAGAGGAAGGCCGTGATGGGGAGGGGCGCGCCCTCGTAGGCATCGGGCGCCCACATGTGGAAGGGAGCGGCCGAGACTTTGAAGCCGACGCCGGCGAGGATGAGCATCATGCCGACAGCGACGGCCGGGTCGAGCCCGGAATCGCGGCCGGCGAAGGCCTCGGCGATGCCGGCGTAGGAGGTGGTGCCGGCGGCGCCGTAGACGAGCGAAAGGCCGTAGAGGAAGAGGGCGCTGGAGAAGGCGCCGAGGAGGATGTACTTGAGCGAGGCTTCGTTGGAGCGGAGGTCGCGCTTCAGGATGCCGACGAGAACGTAGAGGGAGAAGGAGAGGACTTCGAGCGCGAGGTAGGCGGTGAGGAGTTCGGTGGCGCCGGCCATGATCGTCATGGCCGAGCCGGCGACGAGGAGGAGCCCGTAGAACTCGCCCTGGTCGACGCCGCGCTGGCGCTTGAGGAATTCGGCCGACATGAGGGCGACGACGAAGACGATGCCGGCGGCGAGGAGCCGGAAGAAGGCGGTGAAGTCGTCGCTGATGAAGAGGCCCTGGTAGGACTTCGGGTCGCGGTCGAGGAAGGCGAGGCCTGCGGCGAACCAGGCGACGGCGCCGAGGGCGGTGAGGTAGGCGAGGAGGTCCTTGCGGAGCCGCGGGGCGAACAGCTCGAGGGCGATGACGAGCAGGGCGACGCCGCAGGCGATGTACTCGGGGATGAAGAGGGCGTAATCGCGCATCTTAGCCAGTGACCCCCGGGAGGAGGGTGACGGTGTGGCCGACCCGCTCGGTGAACGGGGCCCACCAGACGCCCATGATGACGATGGAGGCGATGAGCATCGCGCCGGAGAGGCGCTCGAGCGGGGTGAGGTCCTTCAGGTCTTTCCAGTGCGGGTTGAGCGGGCCGAAGAAGACGGTCGCGAACATCCGGAGCATGTAGGCAGCGGCGAGGGCCGCGGCGAAGATGGCGAGCGCGCCGAAGACCGGGTAGGTCCGGAAGGTGCCGACGAAGATGTGGAATTCGGCGGTGAAGCCGGAGAAGCCGGGCAGGCCGACGTTCGCGAGGCCGGCGATGGCGTAGAAGATGACCCAGAGCGGCATGACGCGCCCGAGTCCGCCGAACTCCTTCATGTCGCGCGTATGCGCCTGGTCGTAGAGCGCGCCGATCATGAGGAAGACGAGGGCGGTCATCACCCCGTGGGAGAACATCTGGAGGACGGCGCCGGTGATGCCGATCGTGTTCATGGTGGCGAGGCCCATGAGCACGTAGCCCATGTGGCTGACCGAGCTGTAGCCGGAGATGAGCTTGAAGTCGCGCTGGGTGAGGGCCGCGGTGGCGCCGTAGACGGCGCCGATGGTGCCGAGGACCATGAGCGCCGGCATCCAAAAGGCGGCGCCTTCGGGCAGGAGCTGGATGCCGAGCCGGATGATGCCGAAGGCGCCGAGCTTCATGAGGACGCCGGCGTGCACCATCGAGACGGCGGTGGGGGCGGACATGTGGCCGTCGGGAGACCATGTGTGGAACGGCCAGAGGGCGGCGAGGACGCCGCAGCCGACGACCATGAGCGGGAAGATGACCTTCTGGGCGGTGGCGCTGATGGTGCCGTCCTGGCCGGCGGCCCAGAGCGACGGGAGGTCGAAGGTGCCGATGCCGGCCTGGTGGAAGGTGGCGAAGATGCCGATCCAGATGAGCACCGAGCCGCCGACGAGCATGAGCGTGAGCTTGGCGGCGCCGTACTCCTTCCGGGTGGAGCCCCAGACGCCGATGAGCAGGTAGAGCGGCATGACCGCGAGTTCGTAGAAGAAGAAGAAGAAGAACAGGTCGTAGGCGAAGAAGGTGCCGTAGACGCCGGCGAGGAGAATCCAGTAGAGGATGTAGAAGTCTTTGTTGCGGTATTCGATTTTCCAGCTGGCAAGGGCGCCGGCGAAGGCGACGACGCCCGTGAGGAGCGCCATGAGGGCGGAGATGCCGTCGACGGCGAGGCGGAGGGAGATGCCGCCCGGGCCGAGGAAGGCGACGTTTTCGACCCAGGCCCAGTTCAGGTTCATCTGGGCTTCGGGGCCATCGACCTGGTAGGCGACGAAGATATAGATGGAGAGGGCGGCGAGGATGGCGCCCGTGACGGCTGAGATGTAGCGGACCGCCATCTTCTGGGAGCCGGGGGTGAAGATGAGGATGAGCGCGGCCGCGAGCGGCAGCACGAGCGTGGCAAGGACGACGTAGCCCTGGCCTTCGTCGAAGGTCATGCGATTAGCCCCTCACCACCAGCCCGGCGAGAGCGAGCCCGATGACGCCGAGGGCGACGGCCATGGCATAGTTCGGGACGCGGCCGGTCTGGAGATATTTGAGAACACCGCCGGTGAAGCCGGTGATTTGCGCCGAGCCATCGACGCCGGTGTCGTTGACGACGTAGCGGTCGAACCACGAGACGATGTAGCTGAAGCCGAGGACGCCGCGGTCGATCATGCCCTGGTAGAGCTCATCGAAGTAGAACTTGCGGCGGAGCATGTCGTAGAGGCCGGGCTGCCAGTTGGCGAGGGCCGTGGCCCGGCGGAGGTCGTTCCCCCAGTACATCCAGGCGGCGGAGAAGATGCCCACGACGGCCATGGCGAGCGAGGCCGCGGCGAAGCCCCACTTCAGCTCGTATTCGTGCGGGCCGTGGTGCGGCAGGAAGATGAATTCGGTGATGCCGCCGGGGAAGCCGAGCGCTTTGCCGACCTCGTGGAAGACGACGAAGCCGCTGGTGATGGCGAGGAAGGCGAGGAAGACGAGCGCGCCCGTCATGACGGGCGGGGTTTCGCGGGTGTGCTCGTAGACGTGGGTGTCCGCCGGCTTGCCCATGAAGGTGCGGATGAAGAGGCGGGTGGTGTAGAAGGCGGTCGTGACGGCGCTGATGCCGAGGAGGATGACGGCCCAGGCGCCCCACTTGTGCTCGAGCGCCACGAAGATTTCGTCCTTCGACCAGAAGCCGGCGAGGGGCGGGAGGCCGGCAAGCGCGAGCGAACCGATGAGGAAGGTGGTGCCCGTGATCGGCATCTTCTTCCAGAGGCCGCCGAGGCGGTCCATCTCCTGGTTGTGGTGGGTGCCGATGATGACGGAGCCCGCGCCGAGGAAGAGGAGGGCCTTGAAGAAGGCGTGCGTCATCAGGTGGAACATCGCGACGGCCGGCTCGCCGGCGCCGAGGGCGATGAACATGAAGCCGAGCTGGCCGACGGTCGAGTAGGCGAGGACCTTCTTGATGTCCGTCTGGGCGAGGGCGATGAAGCCGGTGAGCAGGGCGGTGATGAGGCCGACGATGGTGACGGTGAGGAGCATGCCGTCGGCGACTTCGAACATGGGCAGGAGCCGGGCGGTGAGGTAGACGCCGGCGACGACCATGGTGGCGGCGTGGATGAGGGCGGAGACGGGCGTCGGGCCTTCCATCGCGTCCGGGAGCCAGACGTGGAAGGGGACCTGGGCGCTCTTGCCCATGCAGCCGATGAAGATGAAGGCCAGGGCGGTGAAGAGGTAGGGCTGG
CP115149.1_gap34	1218102	1221946	3844	CCTGGTTCACCTGCGTCAGGTTGATGAACCGGCAGCCGTAGCGGTCGTTGATGCAGCCGTTGTTGTCCCGGTCGATGCCGTCGTTCCGGTTATCGATGGGGTTTTCCCAGAGCTGCCCGGCGAAGTCGGGGTGGCGGACATCGAGGCCGGAGTCGATGACGGCGACGATGACGTCGCGGGAGCCCGTGTGGAGGTCCCAGGCGGCGGGCGCGCCGATGGCGGCGAGGTACTGGGCCTGGTTCGGGCCGCTGCCCGAGCCGAGGTAGTACGGGTCGTTGGGGATGGCGGCGGCCCGAACGGGCGCATCGGGCACCGCGCTGAGGACGTTCGGCGCCTTCGCCACCTCGGCGGCGAACTCCGCCGGGTCGCGGCCGGGCGGCACGGGGAGCGAGAAGTAGCCCTGTTCGGCGAGCGTGGGCGGCGCCTCCCACGCGCGGAGCGGCTGGGCGCGGAAGGCGGTATCGAACTGGACGGCGATGTAGGCGGCGGGCGCCGGGGCCTCGTCGTCGGCGGCAGCCGGGGCGGCGCTCCCTGCGGCGGCGGCCGCGCTCATCCCCGCGACAGCCAGGATGATCGCGAACCAGCGTCTCCGCACGGGGCCTCCTTCCGCCCTCAGGCCGTCAGTTGCCGATGACTCCGATGGCCGGGGTCGGGATCGGCGTCGGCTCCACGGCGGGGGCTTCGCCGAGGAGCTTCCGGTCCACCAGCACGGCGAGCTCGCGCGCCTGGTCGGTCGACATGTACGGCGTCGCGCCGAACGTCTGGACGGCGACCACGGCGCTGCCGCGCCGGAAGATGAAGCGATGATAGACGGAGGGGATGTCGGTCGTCCCGATGGTGGGGCCCTCGAAGCGGAAGGCGGCGGACTGGTTGGCGAGCGGCCGCGCCTGCGCCGGCTGGCTGCCGGTGCGCGCCTTCATCCGCCCCTCCAGGTAGTCGTAGGCGAGCTTCGCGCCGGCCGGCGATTCGAACAGGTACACCTCGACGGACGCGTAGTAGCCGCCCTGGGCGACCTGCGCGGCCCGGCCGATGGGGTCGAAATAGACCTGGTACCCGTCGATGATGCGCCACTGCTGCGAAAGCTCTTCGCCGCGCGCGTTCGTATCGAACCAGTAGCTCGCGGCGAAGGTGGCGATGTTCATGGTGAACGTATCGGAGGCGTTCACCTCCATCTCGGGCGGCATCTCCTCGAGGAGCGGGGTGTACTTGCTCGCGGGCAGGCTGACGGTCGGCTCGGGGCCGCCGGCGAGGCCGCTCGTGCTGGCGGGCGTGGGCTCCTTCACACTTCCTGGAACGTTCGAACCGCCTCCGGAGTTCCCATCGCTGCCGCTGGTGAGGAGGAGCGTGCCGATCGCGCCGCCGGCGATCAGCACCAGCCCGGCGACGAGGACGAGCACCGGCGTCGCAGGCCGCTTCCGGCGCGCCATCAGTTGCCCGCCGAGGGGTTGTAGTTGCTGGTCGGCGTCGGCTCCGGCGCGTCGAGCTGGCCGAGCGCCTTCTTGTCGCTGATGAGCGCCAGCTCGCGCGCGGCGTCGACCTTCATGAACGGCTCGGCGCCCTTCGTGAGCACGACGCAGACGAGGTTGCCGCGTTGGAAGAGGACCTGGTGGTAGACGGCGTTGATGCTCGATTTGCCGATGGTGCCGAGCGTCATCACGTAGGCCGCGCTCTGGTTGCCGACGCGCGTCATGGTGACCGGCGCCATGCCGGGCTGGGCCGCGGCGAACCGGTTGAAGTAGTCGTACGCCTGCTTCGCGCCGGCTTCCTGGGCGAAGAGGTGGCATTCGGTGCGGATGTAGTAGGCCCCGTTGAGGACGGCGGTGTCGCGGCCTTCGGGCGAGTAGCCGGTCTGGTAGCCGCCTTCGTAGCCCCACTGGGCGAGCAGCTTTTCGCCCTCCGCCTGCGAGGGGAAGACCTTCGTCTGCGCGTAGCCGGCGGCATCGACGACCACCGTGGCGGGGATGTCGGTGATCCAGTTCGTGCCGAGGTCTTCGACGCGGATGACGTACTTGCTCGCCGGCGGCGAGAGGTCGGGGCTGACGCCCGGGTTGGTGACTTCGACGGTGGCGGTGCTGCCCCCGGGCGCGGCGGGCGTGGTGCCGGCGCCGTCGCCGCAGGCGGCCGCGAAGGGCAGGAGGGTTGCGATGGCACAGGCGGCCAGCGCCATGGCGCGAGACATACCGAACCTTCCCCGGGGGCGTTGCTCTCGCGAGTGTACGGGCGGCCCCCGGTTAGCGGAAGAAAAGGCGAAAGGTTTGGGGAAGGAGGTTGGAGGTTGAAGGTTGGAGGTTGGCCCCCTCTCTCTCCCCCTCTCCCCTTCTCCCTTTCTCCCCTTCTCCCCTTCTCCCTTTCTCCCTCCCCGTGCCGCCCGGCGCTTGGAGCTGCGGCCCGGGCGCGGTCACGCTCGGCGGCATCACGCCCTGGAACGGAGGTTCGCCCGCGATGCCGTATCAGCAGCTGCCGCTGCCCGACCCGCCGCTCCCCGCCCTGCTGCGCCAGCTCGATTTCGACCGGATGGCGCGCTACCGGGAGTGCCTCGACTTCTACCAGGGCCGCCACTGGCCCGGCCGGCCGCGCCGCGGTGAACGGCGGCTCACGTTCAACTACGCCCGCGCCGTCGTCGATAAGGTGACCGGCTACCTGCTCGCCGGGGCCTCGGTGCAGGTCGCGGGCGATGAGACGCCGGCCGGGCTCGAGCGCGCCCGCCGCGCCGAGCGCGCCCTCCGCCGCGTCGAAGCCGCGAACGGCGTCAGCCAGCTCGATTTCGAGACGGAGCTGGATTGCGCCGTCCTCGGCGACGGCGCCTACCGGGTGGCGTGGGACGCCGCCGCCGGGGAGGTGCGCATCACCGCGCCGGATGTGCAGGGCATCTTCGCCTGGCGCGACCCGGCCGACCCGAACCGGCTCACGGCCGTCGCCCACCGCTACCGCGCCGGCGAGGAGGAGCTGATCGAGTACTGGACGCCGGGCGGGTTCGAACTCTGGCGCGGCTCGACGCTGGAGGAGCGGCTGCCGAACCCCTACGGCTTCATCCCCTACGTCGTCTTCCCGAACGTGCGCGAGCCGAAGCAGGCGTGGGGGTCGAGCGATATCCCGCCGCTCATGGAGGCGAACCGGGAGCTGAACCGGGCCTTCAGCCAGCTGAGCCAGGTGCTCGAGCTCTCGGGCAACCCGATCGCCGTGCTCGAAGGGGTGACCGGCTCGGAGGACATCACCGTCGAGCCGGGCGCCATCTGGGAGGTGCCGGAGGATGCCCGCGCCTACCTGCTCGACCTCCTGCAGGGTGGCGGCGTGGCGCTCCACACGGCGTACATCGACCTGCTCTACCGGGTGCTCCACGACCTCGGCGAATCGCCGCGGACGGCGTTCGGCCACAACCCGCAGGGGCTGAGCGGGGTGGCGCTGAACACCGAGCTCGACCCCATCGCGCGCAAAGTGGAGCGGAAGCGGCGCATCCGGACAGCGGTGTACGAGCGGCGGGCGTGGATGGTGCTGCAGCTCCTGGCGCGGTTCGAAGGGCTGGAGGTGGAGGGGCTGCGGCCCGTGATGCAGTGGGGGCCGGTGCTGCCGGCGGACCGCTCGCGGCAGGTGCAGGATGCGCGCCAGCTCGTCGAGAGCGGCATCATCTCGCGCCGGACGGCCGCCGCCAGCCTCGGCATCGACGACCCGGAGGCGGAGGCGGCGCGGGTGCGGGAGGAGGCGGGGTAGGGGAGGGAGAAGGGAGAAGGGAGGAGGGAGAAGGGAGAAGGGAGAAGGGAGAAGGGAGAAGGGAGAAAGGGAGGAGGGAGGAGGGTTCCTCGCCGATGTTCCGCACCCCCGGGCTCCCAACCGCGCCGGCGCGTGG
CP115149.1_gap35	1263305	1266666	3361	GCCGGCCTCCACGTCTCGCCCGATACCGACATCGTCATCTATGCGCTTGCCGGGGCCGTGAACCCGGAGACCGGCTGGGGCCTCGCAGGCGACACCTTCGCCGTCGTCGAGGCGCTCCAGCGGTTCGGCTACGAACGCTGGTTCAACCTCGGCGACCGCGACCTCGCGACGGCGCTCCACCGCACCCGCCTCCTCCGCGAAGGCTGGCCGATGCACCGCATCGCGGCCGACCTCGCCCGCGCGTGGGGCCTCGAGTGCCGCATCCTGCCGATGAGCGACGAGCCCGTCCGCACTGTCGTCCTCGGCCCGGGCGGCGAGCTCCCCTTTCAGGAGTACATGGTCCGCCTCCGGACCGAGCCGGAGGTGCAGGGCTTCCGGTTCGCCGGCGCGGAAGCGGCCCGGCCGGCCCCCGGCGTCCTCGAGGCGATCCGCGAAGCCCGGGCCGTCATCCTCGCGCCGAGCAACCCGTTCGTCAGCATCGGCCCCATCCTCGCCGTGCCCGGCATCCGCGAAGCCTTGGCCGGGACGCGCGCGGCCCGCGCCGCGATCAGCCCGATCATCGCCGGGCAGGTGGTGAAAGGGCCGGCCGCGAAGATGCTCGCCGCCCTCGGCCACGAGGTCTCCGCCCTCGGTGTCGCCCGCCTCTACGCCGGGCTCATCGACCTCTTCGTGCTGGACACGGCGGATGCCGCGCTGGCCCCGGCGGTGGAGGCGCTCGGCATGCGCGCGCTCGTCACCGAGACGCTGATGACGACGCCGGAGCGGAAGCGCGAGCTGGCGGCGGCGGTGCTCGCCGCGCTGGAGGGTGCCCGGTGAGCCTGCCCGTCCTCATCCCCGTCAACCGGCTCGACCGCGCGAAAGGCCGCCTCGCGCCGCTCCTCACCGAAGCCGAGCGCGAGGAGCTGTCGCTCATCACGCTGGAGACCGTCGCCCATGCCGCCGGCGCCGCGGCGCTCATCCTCACGGCCGACCCGCGCGTGCGCGAGCGGATGGCCGGCCGCTGCCGCGTGCTCGAGGAAGACCCGGCCGCCGAGGGCCTGAACGCCCAGCTCGAAGCGGCGATCGCCCGCCTCCGGGCCGACGGCACCATCGCCGACCGCCTCCTCATCCTCCATGCCGACCTCCCGCTCGTCCGCGGCTGGACCATCGAGACGCTCGACGCCGAAGACCCCGGCCCGGGGAGCGCCGTCCTCGTCCGCAGCCGCGACGGCGGCACGAACGCGATGCTGCTCCACCCGCCGGGCCGCTTCCCGCTCGCCTACGGGCCGGGCAGCTTCGAACGCCACGCCGCCGCCGCCCGCGCGGCCGGGATGCAGGTCATCGAAAGCGAGAACCGGGAGCTGAAGCTCGACCTCGATACGCCCGGCGACGTCGCCGAGCTGCTCCGCACGGCCCGCGGCCAGCAGACGGCCGCCGGCCACTACCTCCTCGCCATCGGCGCCGACCGGCGGCTCGCGGAGGCCCGCGCGTGAGGCTCGCGCGCGCCCTCGGCGGAGCGGCGGCCGCGGCGCTCATCCTCTTCGCCGCCGCTGCCTGCGGCTCCGAACGGCAGACGGCGCCGCCGCGGCCGACCCCGACGCCCACGCTCGAAGGCGCCCGGCCAGCCGGCAGCCGCACCGTCATCGACATGGCCGGCCGGGAGGTCCGCCTCCCCGAGCGCATCGAGCGGGTCGCCGTCACCGCGCCGGCGGCGGCCGATTACGCCCGCGCGCTCGGGCTCGAAGTCGTCGGCCAGCCCTCGGACATCCCGGCGGCCGAGGGCGCCCGGCCGGTCGGCTCCACGCTCAACCCCGATTTCCCGGCCATCGCCGCGCTCGCGCCGGACCTCGTCATCGGCGACGCGGCGGTGCAGGGCGCGCGCATCGCGGATTTCGACCGCTTCACCGTGCCGGTCTACCTCGTGAAGGCGGCCGACTACCTCGCCATCCTCGACGCCGTCGAGCGGCTCGGCGAGGCCGTCGGCAGAGAGGAGGAAGCGGCAGCCCTCCGCGCCGACCTCGAAGGGCGGGTGGTGGCCGCCGCGCTGGCTGCCCGCGAGCGCCGGGCGGCGCAGAGCAGCCTCCGCGTGCTCGTCCTCACCGGCGCGGGGCGCGACGTCTTCGCGGCCGGCCCGGCGACCTACATCGGCAACCTGCTCAGCATGCTCGGCGCGGAGAACGCCCTCGCGAACCCGCCCGAGGGCGGCCCGCTGCCCGGCTTCGGCGTCATCGACCCCGGCGCCGCCGCGCAGCTTGCCCCCGATGTCGTCCTCGTCCTGCCGGCGGGCGACGGCGGCCTCGATACGCTCATCCGCACCGACCCGGCGTGGGCCGCGACCCCGGCCGTGCGCAGCGGCCGGGTCTACGCCATCGACCGGGTGCTCTTCCTGCGGGCGCCGGGGCCGCGCGTCGCCGAGGCGATGGAAACGCTGCTCGGCCTCCTCTGGCCGGCGCGCTAGCCCTGCGCCTGCGCGGCCGCCATGGCTTCGAGGATGAGCGGGTGCGGCCGCTCCTCCAGCGTGTCCAGCACCTCATACGCCTGCAGGTCGTGAATCGCCGAGAGCGAGCGCCGGAGCATCGCCTTCGCCAGCTCGACCCCGCGGTCGTTCGCGAGGTCGATCGAGCCGGCGGACACCACCGGGTAGGTGAGGCACCACATCACCGTCATCCGGTAGTCCTCCCAGCACTGCTCCCACGGGTAGTCGCGGACGCCGTGCTCCAGCAGCGTCTCGTGGTAGGCGCGCACGACGTCGCGCTCGTGCGCCTTCCGCACGGCCGGGTCGACGGATTGGCTCATGAAGTAGCCGATGTCGTATGGCCCGCGCGCCTTGACGGCGATCTGCCAGTCGACGAGCGTCAGCGGCGCATCACCCTCCGGGCTGCCCCAGAAGACGTTGTCGAGCCGAAGGTCGCCGTGGCAGAGCGTCTCGGGCGCACCGGAGAAGCGGTCCTGCATCGGGTTCATCCGGTGCATGTAGCGCAGCACCATCTCGCGCTCGAAGTCGGTCAGTTCGCCGCCGAAGTTCTGGAGGAACGGCTCGACCGCCTGGGCGAAGGCCACGGCCGCCATCAGGTTCACCGGGTCGTTCCCGCGCGGGATCCAGTCGAGCGCGTCGAGCTCCGGCGAATTCCACCAGCGGGCGTGCAGCCGGCCGACCTCCCGGGCGAGGGTGTAGCACTCCTCAGCGCTCGCGCCAGCCACCTGGTCGCCGAGGCGGAGCCCGCCGAGGTCCTCCATGAGGATGACGTACTGGACGGTTTCCGGGTCGCCGGCGGCGTAGTAGGCGCGGGCGCTGCGCACGCCGATGCGGTCAGCGAGCTCGTCGTAGATGCGCCGCTCTTTTTCGTAGAAGCCGAGCATGTGGGCGACGCCGCGACCGCCG
CP115149.1_gap36	1271670	1272509	839	GTACCTCCGCACCACGGCCCTCCGCGACCAGCTGCTCGCCGGCAACGAGCGGATCAACTGGTATCCCGAGCACATCAAGCACGGCCGCTTCGGCAACTGGCTGGCGAACAACATCGACTGGGCCGTCAGCCGCGAACGGTACTGGGGCACGCCGCTCCCCTTCTGGCGCTGCGAGGCCTGCGGCGAAGCCGCCTGCATCGGCTCGAAGGCCGAGCTCATCGAGCGCGCCGAGGACCGCGCCGCCGCCGAAGCGCTCGACGACCTCCACCGGCCGTACGTCGATGCTGTCACCATCCGCTGCGCGGCCTGCGGCGGCACCGCCCGGCGCGTCCCCGAAGTCGCCGACGCGTGGTTCGACAGCGGCGCGATGCCGTATGCCCAGTGGCACTTCCCCTTCGAACACGAGGCGGAATTCCGCCGCCACTTCCCGGCCGATTTCATCTGCGAGGCGATCGACCAGACGCGCGGCTGGTTCTACACCCTCCACGCCGAGGCCACCCTGCTGAAGGCCGCCGGCGCCATCCCGGACGGCATCGCCTACAAGAACGTCATCTGCCTGGGCCACATCAACGACGAAAAAGGCAACAAGATGTCGAAGAGCCGGGGCAACACCGTCGACCCGTGGACGGTGATCGAGAAGCACGGCGCCGATGCGACCCGCTGGTACATGTACGCCGCCAGCCCCGCCGGCATGCCCCGCCGCTTCAGCGCCGGCCTCGTCGAGGAGGGGCTCCGGCGTTTCCTCCTCACCCTCTGGAACACCTACAGCTTCTTCGTCAGCTACGCCAACATCGACGGCTTCCGGCCGGCCGGCGGCCGCCTCGAACCGGCGGCCGAGA
CP115149.1_gap37	1331320	1331993	673	GCCCCGGCAGCACCGCCCCCGCAGGCCGCCGGCGGCGCCCCGAATCCCCAACCCGGAGGGGTGGCGTGACCTCACCAACCGACCCCGGGCAGGCCCCGCCGCAGCGCCTGCCCCACCGCCTCTACGATGCCGACGGCAATCCCACCACCGACCGGCCGTGGATCTTCCGCACCTACGCCGGCCACTCCAGCGCCGCCGCCTCCAACGCGCTCTACCGGAAGAACCTCGCCGCCGGCCAGACCGGCCTCTCCGTCGCCTTCGACCTTCCGACCCAGACGGGCTACTCCTCCGACCACCCCCTCGCTCTCCCGGAAGTCGGCAAGGTCGGCGTGCCCATCAACACCATCGACGACATGCACCAGCTCTTCGAGGGCATCCCCCTCGCCGAGATGAACACGTCGATGACCATCAACGCGACGGCGATGTGGCTGCTCGCCCTCTACATCGGCGTCGCCCGCGAGCGCGGCGAGGACGTCCGCAAGCTCCAGGGCACCACCCAGAACGACATCATCAAGGAGTACCTCGCCCGCGGCACCTACATCTTCCCGCCCGAGGCCAGCCTCCGCCTCATCGCGGAGATGTACGAGTACTGCCTCGACAACCTCCCGAAGTGGAACGCCTCCAACATCTGCAGCTACCACCTGCAGGAGGCCGGCGCCACCCCCGCGCAGGA
CP115149.1_gap38	1339818	1342014	2196	GATGCGCCGGGCCTCGCCGCCGCAAGCTGAACCCCCGCGGGTGACACGGCCCCCTCGGAGCTGCCGCGCCGCTTCGCCACGCTGACCGCGGAATCCATACACCGGAGGTCAGCCAGCCGTGGCGCTCACCCTCATCGAAGCCTCGAAGCTCAGCAACGACACCCTCCTCGCCGGCGTCATCGAGACGATCGCGCAGGAAAGCCCCGTCCTCCAGCGCCTGCCGTTCATCGAAATCGTCGGCAACGGCCTCACCTACAACCGCGAAAACCTCCCGCCCGCCGCCAGCTTCTACGACGTCGGCGAGGACTGGGACGAGAGCACCCCCACCTTCACCCAGGCCACCGCCACCCTGAAGATCCTCGGCGGCGACGCCGACATCGATAACTTCCTCAAGGCCACCCGCTCGAACCTCCAGGACCTCGAGGCCGCCATCGTCCAGCTCAAGGCGAAGGCCGTCCAGGCTCTCTTCGATGACACCTTCGTCAACGGCGACGCGACCGCCGACCCGCGCAGCTTCGACGGCATCGACCGCCTCTGCGACCCCGGCCAGGCCGTCTCCATGGGCCCGAACGGCGCCACCCTCACCCTCGCGAAGCTCGACGAGCTCATCGACCGGGTCCGCGGCGGCAAGCCCGACCTCCTCCTCATGAGCCGGCGCTCCCGCCGCACGCTCAACGAGATCGCCCGCGCCTCCGGCGGCTTCCTCGAAGCCGACCGCGACGAGTTCGGCCGCATGGTCCAGTACTACGACGGCATCCCCATCGGCATTTGCGACTACATCGCCGACGACCAGTCCGTCGGCACCAGCGACGACTGCAGCACCATCTACGCCATGCAGTTCGGCGAAGGCGGCCTCGCGGGCCTCACGGCGCCCGGCGGCCTCGCTGTCGAACGGGTTGGCAGCCTGGAGACGAAGGACGCGAGCCGCATCCGCGTGAAGTGGTACGCCGGCCTGGCGCTCTTCAACGCAGTCAAGCTCGCGAAGCTGGTCGGCGTCCGGCCGTAGCCCGGCGCTTCGGCCCCCGGGGGAGGCGGCGCCGCTCAGGCTGCAAGCCGGTGGCGGCCCGCCTCCTTCGCGCGGTAGAGCGCCCGGTCGGCCGCCTCGTAGGTGGCGGAGAGCGCATCCAGCGGCCGGTCCTCCGGCGCCTCCTGCCACGGCGCGAACCCGCCGCTCACCGTCACCCGCAGCTGCTGCTCCCGGCTCACCGCCACCGGCTCGCGCGACACCTCCCCGATGCAGCGCAGGGCCGCCTCCCGCGCTTCCCCTGCCGGCACGGTGAAGAACACGGCGAACTCCTCCCCGCCGATGCGGCCGACGACCCCCGCCTCCCCCACCGCCGCCTCCAGCCGGCGGGCCACCTCCCGCAGCACCACGTCGCCCGCCGGGTGCCCGTACGTGTCGTTGATCTGTTTGAAGTAGTCGATGTCGAAGATGGCGATCGCCGTCGGCGTGTGGACGGCCGCCTGGTGGAACCACGCCCGCCGGTTGAGCGCCCCCGTCAGCGCGTCGTGGTTCGCGAGGTACTCCGCCTCCACCCGCAGCCGGTCCAGCTCCTGCGCCTGCTCCTCCAGCGCCAGCGCGTTCGCCCGGAGCACTTCCATCGCCTCCGCCATCTCTTCCTCGGCCCGCACGATGTCGGTGATGTCCCGCGCCACGATGTAGCTCTCGTCCTCCGTCACTGCCGAGGCATTGAACGAGACCCACCGCCAGCTCCCGTCCGCGTGCCGGAACCGCCCCCGCAGGTCGTGCGCGTCGCGGCCCTCCAGCACCGCCTGCGCCCGCGCGATCTGCGCCCCCCGCTCCTCCGGGTGGACGAAGTGCCAGAGGCTCTGGCCGAGCAGCTCCTCCGGCTTCCAGCCCAGCGTCCGCTCCCAGGCCGGGCTCACCCGCTTGAACCGGCCCTTCGCCGTGACGATCGCCAGCATGTCCAGCGAATACTCGAACAGCCGGTCGCGGTCCCGCTCGGCTGCCCGCTCCGCCGTCACATCGCGCCCAATGAAGACGAACCCCGCCGGCCGGTCTCCTTCGGCTGCGGGCAGCGCCGAGATCGCCACCCACACCTGCAGGTAGCGCCCGTCCGGCCGCCGGTAGCGCCACTCCCGCTGGACGTTTCCTCCCGGCGGGAGCAGTTCGACGAGCCCCCGGAAGCCGCGGCCGGTGCCCTCGGACTCCAGCTCCTCGATCGTCGCCAGGGC
CP115149.1_gap39	1352536	1356284	3748	CCCCGGCGTGGAGATCGTGGGCGTCGTCAACCGCACGCCCGAGAGCTCCCGCCGCCGTCGCCGACCAGTTCGGCATCCCGCGCGTCTTCGAATCCCCCGAAGCCCTCTGCGGCGACCCCGAAATCGACGCCGTCTGCATCGGCACCTGGCCCTACCGCCATCCGCGACTACACCATCATGGCGCTCGACGCCGGCAAGCACGTCCTCTGCGAAGCCCGCATGGCGATGGACCTGCCCGAGGCGCTCGACATGCTCGCCGCCAGCCAGCGCCATCCCGAACTCGTCGCCCAGCTGGTGCCCGCGCCCTTCGATTTCCGGCTCGGGCCGACCATCACCCGGCTCATCGCCGAGGGCGCCGTCGGCGAAGTCCGCGAAGTCACCGTCCGCGTCCTCAACGGGCAGGGGCTCGATCCGCACGCGCCCCTCCACTGGCGGCAAGCGGCGCGATTACTCCGGGCGCAACGTGCAGACGTTCGGCATCTACGTCGAAATCATCGAACGGTGGCTCGGCCGCCACGCCGGCAGCGTCACCGCCGACGGCGCCATCCTCATCCCGCCGAACGGCGCGACCCCGAAACCGGGCAGCTGCAGCGCCCGTCACCGTCCCCGATACCTACGTCGTCAGCGGCGAACTCGCCCGCGGCGCCCGCATCGTCTACCACCTGAGCACGATGGCCGCCGGCGCCGAGGCGAACGGCATCGCCATCCAGCGGCACGAAGGCCGTCCTCCGCTGGCACCCGGGCGATACCGCCGAACTCGTGCCCTTCGGACAGCCGCACGGCCATCCCATCGAACCCGACCCCGGCACGGACCGCGGCTGGCAGGTCGAAGCCGACTTCATCGCCTCCATCCGCGACGGCGGCGCCCGTGCGGCTCACGAACTTCACCGACGGCGTCGCCTACATGCGCGTCGTCGATGCCGCCCACCGCTCCTGGGAGGAAGGCCGCCGCATCCCCCTCGGGGAGTAGCGGACGCCCCGGGAAGCGGGAACCGGGAGGCGGGAACCGGGAGACGGGAGGCGGGAACCGGGGACAACCTCCAACCTCCCACCTCCAACCTCCCACCTCCAACCTTCAACCTTCAACCTCCACCTCCGCCGCCGGGCGGCGCGCCATCCCCCGCCGGCGACGGCAGCGCCGGCATCCCCCTCCTCCCAGTACCGCCGGCCGAACAGCTCCTCCGCCAGCGCCGCCTCCTCCGCGTCCCGCGGCGTCGCAGCCCGTGCATCGCGAGGCCCAGCACCTCCGCCATTCCCGCAGCCGCGCGGTCGGCCTCGAGCGGCGCCTCCCCCGCCGCCACCACCAGCCGCATTTCGCGCCGCGATGATCGCCTGCGCCCGCGGCGCGCTCGCATTCCTCCCGCCAGAGCGCATCGATCACGTTCCACGCCGCCGCCAGCGGGTCAGCGCTCCCGCGGCCCCCGGCGCGGCCGGCGCCGGTTCGTCTTCTCGCTTCCCGTCGTCACGGGTCGAACCTCGCCCATCCGCGGCCCACCGCGGAGCCCCGCCTGGCACTCCGCGGCACCTGTTGACGACTTGCGGCCGGGCGCCAGCGCGCCATTGGCAGATGCGAACATCCGTTCTACGCTCGGCGGCACAGATTTCGCCCAGGAGGGGCCCGAGATGTCTGGAGCCGCTTCCCCGCCCCGCCGCGCTGCGACGCGCTGCCTGAGCACACGCCGACTACCGCGATACCGGGTGCGATCTCGCGCCGTCGTGCCTCAGCTGCCCGCTCCCGAAGTGCCGGTACGACGAACCCGGCGGCCTCGCCGCCATCGCTCCGCTCCAGCCGGGACGCCGCCATTGCCGACGCCGTGCGCTCGGCGACGGCCTGCCCATCGATGACGTCCGCCGCCATGTTCGGCCTTTCGCGCCGCAGCATCTTCCGGGCGCTCCGCCGCGCCCGCGCACCGCATCACCTCGCAGGTCCGGGCTGACCCGCGCGCACATCCTGGGGAGCAGCGCCCGCGCCGGGCGGGACATCCCCTGCGGGACGCTGCCGGGGAGGAACCCTCCGATAAGACATTCGGCGGGGTTCGCTGTTTACAACGCATCATCCCTGAAAAAGTTATGGTGAACTTTCTGCGCAAACCTCGCCGGCTGCCCCCGGCTGCCGCGCCGGCCGCCGCTGCCGCGTCCGCGGGGGCCGGTTCCGCCCGCCACCCGGCCGCGGTACCGCTGCCAGTGTGGAGCCGCTCATCGGCCACGCCGCCCTCCGCCGCGAGCTCGCGGCCCTCGCCGCCTCCCCCGAGCCGCCGCACGCCCTCCTCTTCGCCGGCCCCGAAAGCACCGGCAGAGCGCTGCTGGCGCGCTACCTCGCCATGCTCCTCAACTGCGAAGCCCTCCACCCCGCGCCGCCCGCCGGCGCCTCCCTTTTCGGCGACGACCTCCCGCCCGCGGCGTCCGCGGCAGCCCCGGGCGAGCCGTGCGGCGCCTGCCGGCCCTGCCGCCTCATCGCCGAAGGCGCCCATCCCGATGTCATCACCGTCGGGCCCGGCGATGCCCTCTGCAAGCCGCGCGACGGCGAATCCCACCCGGCCCACCCCGACTCCGCCGACATCCGCATCTGCCAGGTCCGCGGCATCACCGACCTCGTCGCCCGCTACCCGTTCGAAGCCCGCACCCGCGTCATCATCATCGACCCGGCGGACCGGCTGGCGCTCTACGCCGCGCCCGCCCTCCTGAAGACGCTCGAAGAGCCCCCGGGCCACACCGTCTTCTGCCTCCTCACCGCCGCGCTTACCGAGCGGCTGCTGGAGACGATCATCTCCACGCTGCCGCCGCATCGACGTCCGGCCCGTGCCCCGCGGCGAAATCGAAGCAGGGCTCCTCCAGCGCGGGGTCGAACCCGCGCGCCGCGGCCGAGGCTGCCGCCGCTGCCCGCGGCCGCCCGGGCCGCGCCCTCGCCTTCGTCGCCGAACCCGACCTCCTCGGCGCCCGCGGCCGCATCCTCGAACGCTGCGCCGAGGTCGCTGCTGCCGGCCTGCCCGCCCGCTTCGATTACGCCCGCTCCGCTCGCCGAGCGCTGGCGCGGCGACCAGGCCGCCCGTCCGCTTCGAACTCGAATGCTGGGAAGCCTACTGGGAGGCCGGCCTCCGCGCCGCCGCGGCCCGCGGCGACCGGCCCGCCATCGCCGGCGCCCTCGAAGCCCTCCGCGCCATCGCCGACGTCCGCGAGCACCTCCTCGCCAGCGTCCAGGCCCGCCCCGCGTTCGACCTCATGCTCCTCCGCTTCCCGCGCGGTACACTGGTTTCCAGCACCGAGGAAGAACTCCCGGCCCATGCCTGAACGATTACCGCGCGTCGCCGGCGTGCGGGAGCTCTTCCGAAACGCCGGCAAGATCTTCTATTTCCACGCGGCCGGCCTTCGCCTCGAACCGGGCGAATACGTCGTCGTCGAAACCGTGCGCGGCCCCGAAGTCGCGCGCGTCGTCCATCGCACCCGACCAGGTCGTCGTCGATGAGCTCCCCCGCGACGAGCTCAAGCCGATCCTCCGCCTCGCGACCGAGGCCGACCTCCGCCGGGCCGATGAACTCCACCGGAGGGCACAGGAACTCCTCCCCGAGGCGCGCCGCCTCGGCGAGGAGACCGGGTTTCCCGCCCGCATCGACGCCGCCTCCTTCACCCTCGACGGAAAGCGGCTGACGTTCTCCTTCACCAGCGAAGAGCGCCTCGATTACCGCGAATTCGCCCGCCGCGCCGCTCAGCAGTTCCACGTCAAAATCGAAATGCACCAGATGGGCGCCCG
CP115149.1_gap40	1537233	1541050	3817	ACCAGCGCCCGCTTCCGGAACACGTCGAGGTGCCGGCTTTCATCCATGATCTGCGTGCCCAAGAACAGCTGCGATTCGAAATGGTCCGGGTGCACCTGCTCCATGAACCGCCCCGGCAGGTCCCCCGCGATGAACTCCACCTGCGTGAGGAACGTGCACAGCGTGCACATCGCCCACTCCAGGTCGTCCGGCAGCGGCTGGATCGTCTCCCACGGGATGTCCACCGCGCTCGACCACTGCCGCTGATTCGCCTCCTCGTAGAGCAGCATCGCGCTCTCCGACCAGACGTCCGCCTTCGAACGGTACTGCCGCGCGTGCCGCGGCGACCGCGGGTCCGCCCAGGCGCCGCGCGGCTTGAACACCGGCGCCCCCGATGCGTCGATCTCCGCGTTCCCGTACGTCAGCGCGTTGATCTGCTCCAGCGTCAGGCCCTTCCGTCCCGCCTGGATGCGCATCCCCTGCTCCGTATCCAGGTTCAGCCAGTCGAAATTCAGCCCGGGGACGTCCACGAATGCAGGCGACGTCATAGGGGCACCTCCGGGGTGTGCGTGATTGGCGCAGTATATCGCACCAATAGAACGTTCGCCGCAAGCGAAACGCCGCCCGCTGGCGTCCCCTGTTCCGATTTGCTAGCCTTTCCCTCGATGCGCCATCCCGACGCACTGCCACGCGAGGTCGTGAACGCCCCGGACTCACCGGGGCGCGTCCTTTAGCGCCGCGGCGGCGGAACGCGGCCCGTTCGAACCTGCACCGCAGCGTTGTCCTCCCGACCGGCGCGCATGCTGGTCTCCCGCCCGCCTCTCGCCGAAACTCCCCATAAGAATTCCGTAAGAAACTCGCCCCGGCGCACCCGCGCCGGCCGCCCGTCCCATCACCCCGCACGAGGAGACGACCCGATGCCCGAAAAGATCTACATCTTCGATACCACCCTCCGCGATGGCGAGCAGTCCGCCGGCGTCGCCTTCACCCCCGGCGAAAAGCTCGAAATCGCCCGCCAGCTCGAAAAACTCGGCGTCGATATCATCGAAGCCGGCTTCCCCTGCTCCACCCCCGGCGACCTCGAAGCCGTGCAGGCTATCGCCCGCAGCGTCCGCGGCCCCGTCATCTGCGCCCTCGCCCGCGCCGTGCCGGCCGATATCGATACCGCCTGGGAGGCCGTCAAGGAGGCCGCTGAACCCCGCATCCACGTCTTCATCAACTCCAGCGACATCCAGATGGCCCACCAGCTCCGGAAGGACCGCGAGCAGGTGCTCACCCAGGCCGAGGAGATGGTGAAGCACGCCGCAAAGTACACCAGCAACGTCGAGTTCAGCCCGATGGACGCCACCCGGGCCGACCCCCGCTTCGTCTTCGAAATCGTCCGCCGCTGCATCGATGCCGGCGCCACCACCATCAACATCCCCGACTCCGTCGGCTACGCCATCCCCGAAGAGCTCGGCGCCTTCTTCCGCGCCCTCTTCGAAAACGTCCCCAACATCCACAAGGCCCGCGTCTCCTTCCACGGCCAGAACGACCTCGGCCTCTGCACCGCCAACACCCTCACCGCCATCCAGAACGGCGCCCGTCAGGTCGAAGTCACCATCAACGGCATCGGCGAACGCGCCGGCAACACCTCCCTCGAGGAAGTCGTCATGGCCATCAAGACCCGCAAGGACTTCCTCCCCTTCTACACCGACATCAACACCCGCGAGATCTACCGCACCTCCAAGATGGTGGAGACCTATTCCGGCATGCCAGTCCAGTGGAACAAGGCCATCGTCGGCAAGAACGCCTTCCGCCACGGCTCCGGCATCCACCAGGACGGCATCCTCAAGCTCCGCGAAACCTGGGAGATCATGGACCCCGCCGAAATCGGCATCCCCCAGGGCACCCAGCTCGTCCTCGGCAAGCTCTCCGGCCGCCACGCCTTCAAAGAGCACATGCTCGAGCTCGGCTACGAACTCACCGACGAAGAGCTCAACCGCGTCTTCGCCGCCTTCAAAGAGCTCGCCGACAAGAAAATCGAAGTCGACGACCGCGACCTCGAAGCCCTCGTCAACGAAAACCTCCGCTCCATGGAAACCGCCGGCTGGCGGCTCGACCTCGTCCAGGTCTCCGCGGGCGACCACGCCGCCCCGACGGCCACCCTCCGCCTCATCGACCCCGAGGGCAACATCCGCGTCGATGCCGCCGTCGGCACCGGCCCTGTCGATGCCGTCTACCGCGCCATGAACCGCATCACCGGCCTCGCGCCGAAGCTCACCGAGTTCTCCGTCAAGAGCGTCACCGAAGGCATCGACGCCCAGGGCGACGTCACCATCCGGATCGAGGACGAGAAAGGCCGCACCTACACCGGCCGCGCCGCCGATACGGACATCATCGTCGCGAGCGCCAAGGCCTACATGAACGCCCTCAACCGGATGCTCCTCACCGGCGCCCGGCCCGCCGAGGCCCGCGCCAACCCCTAGCGTTCCCCGGGAGCAGCCTTCCGCTGCCAGCCCGGGCCGATCCCGCCGTCGCCCGCGCCCGGGGCGTAGAATCACCGGCCATGCCGGCTGAAGCGCCCCGGGCGCGGTTCTTCTACGGCTGGGTCGTCGTCGGCGCCGTCTTCGGCGCGCTCTTCGTCGCCTTCGGCGCGGCGTACAGCTTCGCCGCCTTCTTCAACGCCCTCCGCGACGAGTTCGGCGCCACCCGCAGCGATATCTCGCTCGTCTTCGCCCTCAGCGGCTTCCTCTACTTCGGCCTCGGCGCTGTCACCGGCCTCCTCGCCGACCGGCTCGGGCCGCGGCGGGTCATCGCCGCCGGCATCGTCTGCATCGCCGCCGGCATGGCGGCCGCCTCGCTCGCGCAGGCCGTCTGGCAGGTCTACCTCACCTACTCCCTCGGCGTCGGCGTGGGCGTCGGGCTCGTCTATGTCCCGGCTGTCGGCGTCGTCCAGCGCTGGTTCATCCGCCGCCGCGGCATGGCTTCCGGCTTCGCCGTCGCCGGCATCGGCGCCGGCACCCTCGTCATGCCGCTCCTCGCCGCCGCTTCCATCGACGCCCTCGGCTGGCGGCCCTCCTGGGTCATCCTCGCCGCCGTCGCGCTCGTCATCGGCATCCCCGCCGTGCTCACCATCGTCCCGAACCCCGCCGACCGCGGCCTCTACCCCGACGGCGACCGCCAGCCGCCGCCCGCGCTCGGCCCCGCCGGCGGCCCGGCGGTGCGCCAGGCCATCCGCTCCGCTCCCTTCTGGCTCCTCTTCGGCGCGGGCCTCTCCACCAGCCTCGGCATCTTCATCCCCTTCGCCCACCTCACCCCGTACGCCCGCGACCAGGGCTACTCCGATGCCTTCGGCGCCCTCCTCATCGGCTTCATCGGCATCGGATCCATCGCCGGCCGCCTCCTCCTCGGCAGCTCCGCCGACCGTCTCGGCCGCCGCCGCTCGCTGGCCGGCACCTTCGTCGCGATGGGCCTCTGCCTCGCCTGGTGGCTCACTGCCGTGCAGGCGTGGGCGCTCATCCTCTTCGCCCTCGCCTTCGGCGCCGCCTACGGCGGCTTCGTCGCGCTCATCCCGGCCCTCGCCGCCGACTACTTCGCCGGCCGCAGCTTCGGCGCCATCCTCGGCCTCATCTACACCAGCGCCGCCGTCGGCGCCCTCGCCGGCCCCACGCTCGCCGGCGCGCTCTACGACGCCCGCGAAAGCTACGACCTCCCGATCATGCTCGGCATCGCCCTCAACGGCGTCGCCGTCCTCTGCACGCTCATCCTCCGCGACCCCGCGCCAGTCCCCCGCCCTGCCGCCGCGCCCGCAGCGCGCTAGCCCCCGCCGCGGCACAATGAACTCGTGAAGCGTCTC
CP115149.1_gap41	1575572	1578219	2647	TCCCAACTCCCAACTCCCAACTCCCAACTCCCAGCTCCCAACTCCCAGCTCCCAGCTCCCAGCTCCCAGCTCCCAGCTCCCAACTCCCAACTCCCAACTCCCCGCCCCGCGCCGCCGCGGAGCGGCGGCATCCCGCGGCGCCGCCGCCGAAGGCGGCCAGCCATCCCCGCGGCGCTAGCCGCGCCGCCGCGCCGCCGAAGGCGGCCCGCCATCCCCGGCGGCGCCAGCCGCGCCACCGCCGGCGAAGCCGGCCCGCCGCCCCTGACCAGTCAGCCAGCCTACTTTGACGTTCGCGTCAACGTATGATAGCGTCCCATCCGAGGAGGGACGCGCCCGTGCGCTGGCTGTTGCGCCTCATCCCCTACGTCAACAAATACCGCGGCCAGTTCATCGTCGCCTGGGTGTGCGTCATCCTCGCGGGCGCTTTCGTCATGGTCAGCCCGCTCCTCATCAAGTTCGCCATCGAGTTCGGCCTCCAGCCCGTCCGCGATGCCGACGGGCGCCTCACCGGCCTCGAAGGCAACGAGCGGCTCCTCATCCTCGGCTCGGCTGCCATCGTCGCCTTCGCCATCGCCCGCGGCCTCGCTGCATTCGGCCAGCAGTACCTCGGCGAAACCATCGGCCAGAACGTCGCCTACGACATCCGCAACCGGATCTACGACAACCTCCAGCGGCTCAGCTTCGCCTACCACGACAAGGTGCAGACCGGCCAGATCATGAGCCGCGCCACCCAGGATGTGGAGAACATCCGCATCTTCTTCGCCATGGGCCTGCTGCGGTTCTCCTACATCATCCTGATGATCGTCATCTCCATCGTCGGGATGCTCATCATCAACTGGCAGCTCGCCCTCGTCTCGTTCATCTCGCTCCCGATTCTCGCCTGGCGTTCCATCGTCACCAGCCGCCGTCTCCGCCCGATGTGGCTCCAGATTCAGCAGAACCAGGCGGAGATGACGCAGGTCGCCGAGGAAGCCCTCACCGGCATCCGCGTCGTCAAAGCCTTCTCCCGCGAAGACTTCGAGAGCAAGAAATTTGCCGACGCCGCGAAGAAGCAGGCCGACCTCTCCTACCAGGCCGCGATGATCCAGGCGAACAACCAGCCGCTCCTCCAGGGCATCTCCGCCGCCCAGATCGGCCTCACCGTCGGCGTCGGCGCCTGGTTCGTCTCCCGCGGCTCGCTCCAGGCGCAGGACGTCCTCACCTTCACCCTCTGGCTCAACCTCCTCCAGCTCCCCATCCGCACTATCGGCTTCATGATCAACATCATCGCCCGCGCCATCAGCTCCGCCGAACGCGTCTTCGAACTCATCGATGCCCAGTCCGCCGTGCAGGAGAAGCCCGGCGCACTGCCCCTCACCGACGTCAAAGGCCACGTCGTCTTCGAGAACGTCAGCTTCAGCTACGACAACCTCAGCCCCGTCCTCTCCGGCGTCGATATCGATGCGAAGCCCGGCCAGGTCATCGCCCTCCTCGGCCCCACCGGCTCCGGCAAGTCCACCATCGTCAACCTCATCCCCCGCTTCTACGACGTCACCGAAGGGCGCATCCTCATCGACGGCGTCGACATCCGCGACGTCACCATCGAATCGCTCCGCAAGAACATCGGCATCGTCCAGCAGGACGTCTTCCTCTTCATCGGCACCATCCGCGACAACATCGCCTACGGGAAGCCCGATGCCACGCAGGAGGAGATCGAGCGCGCCGCAAAAGCCGCCCGCATCCACGACTTCATCGTCTCCCTCCCCTACGGCTACGACGAATGGGTCGGCGAGCGCGGCGTCACCCTCTCCGGCGGCCAGAAACAGCGCATCGCCATCGCCCGCACCCTCCTGCTCGACCCGAAGATCCTCATCTTCGATGACTCCACCGCCAGCGTGGATACCCAGACCGAATTCCTCATCCAGCAGGCGCTCCAGGAGCTCATGAAGGGCCGCACCACCTTCGTCATCGCCCAGCGCCTCCGCACTGTGATGCGCGCCGACCAGATCATCGTGCTCGACCAGGGCCGCATCATCCAGCGCGGCACCCACCAGGAGCTCCTCCAGCAGGAAGGCCTCTACCGCCGCATCTTCGAGCTCGAACTCAAAGACCAGGAAGAAGCGCTCGGCCGCGCCGCCACCCCCCGCGCGCCTGCCGGCGCCGACCCGGCCCTCGCCGAGCGCATCCGCGAGCGCGTGCGCAGCGGCGATACCGACGGCCTCCCTCCGCAGCTCGTCGAACGCGTCCGCGCCCGCCTCCTCGCCGAAGGCCAGGCCGGGGGAGGCGCCTGATGGGCATGTGGGGCGGCGCCGGCGCAGGCGGCTGGAGCTCGGGCATCGGCGGGCAGCCCGGCGGCCCCATGGGCCGCGCCATGATGGGCCGCGGCGCCGACGGCTGGGACGACGAAGTCCTCGGCAAGGTCTACGACGCCAGGGTCGTCCGCCGCATCCTCCCCTACCTCGCCGAATACAAGCTGCAGGCCTTCATCGCCCTCGCCTGCATGGTCCTCTCCGCCCTCGCCAGCTTCTTCCAGCCCCTCCTCATCGGCCTCACCGTCCAGGCCGGCATCAACCACGACAGCCGCCGCATCCTCACCCTCCTCGGCGTCATGCTCGGCCTCGCCGTCGTCCAGTGGCTCGCTGCCTACGGCCAGCAGCGCACCACCGCC
CP115149.1_gap42	1590944	1594550	3606	ATAACCATGTACTCATGGATGCAAGCATTGCGGCCGCGCCCGAGCTCCCCCACGATCGCCCAACCCCCATCTCCGGAGTGCTGCCGTGTCCGATGTCCTGCTCGAACGCCGCGACGGCGTCGCCCTCGTCACCCTCAACCGGCCCGAGACGCTGAACGCGATGGGCGGGGAGCTGGTGCCGCGCCTTGCGGAGGCGCTCGCCGAGTGCGAAGCCGACCCCGCCGTCCGCTGCATTGCCATCACCGGCGCCGGCCGCGCCTTCTGCGCCGGCGGCGATATCCGCGGCATGCAGGAGCGGAACGACCGGATGGCGGCGGCCGCCGCGAGCGAGGGCCCCGGCGCCGTCATCGCCGAGCTCGACCGGCTCGTGGCCGAGCTGCGCGACCGCCACCGCGCCATCACGCTGCGCATCCACCGCATGCCGAAGCCGGTCGTCGCGCTCGTCAACGGCCCGGCCGTCGGCGCCGGCTTCAGCATCGCGCTCGCCTGCGACATCCGGCTCGCCTCGGACCGCGCCCGCTTCGGCGCCGCCTTCCGGAACGTCGGCCTCCCGGGCGATTTCGGCGGCTCGTACTTCCTCCAGCGGCTCTGCGGCGCCGGCATCGCCCGCGAGCTCTACTTCACGGCGGAGGTCATCGATGCCGCTCGCGCGCTCGACCTCCGCATCGTCAACCGCGTGCTCCCCCATGAGGAGCTGCTGACCGAAGGGCTCGCCTTCTGCGCCCGCCTCGCCGCGGGCCCGACGGCCGCCTACGCGCGGATGAAGGAGAATCTCGCCTTCGCCGAGACGGCCACCCTCGAACAGCTGCTCGACCAGGAGGCGCTCCACATGCGCATCGCCGGCTTCTCCGCGGATTCCCGCGAGGCGGTCGCCGCCTTCCTCGAGAAGCGCGAGCCCCGCTTCGCCGGCCGCTGAGCGGTCCCCCGGGCGGGCTCACACCAGGTGGACGATGTCCAGCCCGCCCCACTCCCGGGCGAGGTATTCGGCCGCCAGCCGGCGGTGGCAGCGCTCCGGCGTCGCTTCGCTGCAGAGCAGCACCGCCCCGTCGATGAGCTCGCGCGGCACCCGCTCCTCCACCCGCCGGGCCGCGAGCAGGGCGAGGTACTCGCGCTCGTACCACGGCCAGCCGCGCTTGCCCTTCCGGTAGCCGTCCAGCAGCTCCGGCGTCGGCGCGAGCAGCGGCTCCTCCGCGTACGCCATCCCGCAGACCGCCTGGAGGAAGTAGGCGAGGTCGTCCCGCTTGGCGAACCCGGCCAGCTGGGAGACGTTGTGCAGCCGGACGTCGACGAGCCGCTGCGCTCCGCTCTGCTGGAGCAGGCCGAAGAACTCCCGCGCCGATTTCTTCGTGAACCCGATGGTGGCGACGCGCATCGCGGCAGGAGTGTACTCCCCCTCCCCTCTGCTACAGTTCCCCCGCTGAATCTTTCGCCCCCTACGAAAGGACCACCCCATGCTGCCCCTCGAAGGCAAGACCGCCATCGTCACCGGCGGCGCCCGCGGCATCGGCGCCGGCATCGCCGCCGTCATGGCCCGCCAGGGCGCCCGCGTCGCCATCCTCGACCTCGACGGCGAGCAGGCCGCCGCGACCGCCGCCGCCCTCCCGACCCCCGGCCTCGGCCTCGCCTGCGATGTCATCGTCGAGCCGGAGCTGCAGGATGCCGTCCGCCGCGTCGCCGAGGCGTTCGGCGGGCTCGACATCATGGTCAACAACGCCGGCGCCGGCCGCGGCCCGGTCGACCTCGCGGCCATCGGTTCGGTGCCCGCCGCCGGCGGCCGGGTCGAGCACATGCCGCCCGAGGCCTGGGACGAGCAGCTCGCCCAGAACCTCCGCAGCACCTTCCTGGGCACGAAGGCCGCGCTGCCCTACCTGAAGCAGCGGGGCGGCGGCGCCATCGTCAACATCGCCAGCATCGCCGGCCTGCAGGCCGCCCCCACGCTCCCCGCCTACGCCGCCGCCAAGGCCGGCGTCATCTCCCTCACGAAGAGCTGCGCGCTCGAATACGCGCCGTTCGATATCCGGGTGAACGCCATCTGCCCCGGCTTCCTCTGGACGCGCGCGTGGGAGGGCATGGCGGCGATGATGCAGCGCACCGTGCCCCAGTTCGCCGGCAAATCGCCGCGCGACATCTTCCTCGAGGTGGTGAAGAGCGGCGTGCCCCTCGGCCGCGAACAGACGCCCGAGGATATCGGCGAACTCGCCGCCTTTCTCGCCAGCCCCGCGGCGCGCAACATCACCGGCCAGGCGATCGCCGTCGACGGCGGCATCACGCTCCGCTAGCGGGGAAGCGGGAGACGGGAAGCGGGAAGCGGGAGGCAGCGACCGCCGGCGGAGGTTGGAGGTTGGAGGTTGGAGGTTGGAGGTTGGAGGTTGGAGGTTGGAGGTTGGAGGTTGGAGGTTGGAGGTTGGAGGTTATTCTCCCTCCCTGCTCCCAACTCCCTGCTCCCAACTCCGTAGTCGCGGGGCTCCGTCCCCGCGGAGGGCCGGCGAGGCCCGCCCGGCCGTTCGCATCCACCCGCTTCCCGGTTCCCGCCCCCGGTTCCCGGCTCCCGGAACATCCGTTGGGCGCATGGCGCCCCGCGGGGACGGAGCCCCGCGACTACGATGAGAGGTTGAAGGTTGGAGGTTGAAGGTTGAAGGTTGAAGGTTGAAGGTTGAAGGTTGAAGGTCGAGGGTTATCCTTCCTCCCAACTCCCAACTCCCAACTCCCAACTCCCAGCTCCCGCCCCCACCGCCGCCGCGGAGCGGCGGCATCCCGCGGCGCCGCCGCCGAAGGCGGCCAGCCATCCCCCGGCGGCGCCAGCCGCCTCCCCCTACCCCTCCGCCGTCACGTTCGGCGCAATCGCCCGCCGGGGGAGGAACGGGTTCGACGAGGGCTGCGCGCCGCTGCCGGCCGGCGTCGGGGTTGCGGTCGGCGCCATCGTCGGCGTCGGCTGGGCCCCGCCCGCACCCGGCGGCGCAGGAGGCGAACCCCCGGGCGGCGCCGACGGGCTCGCTGGCGGCGCGGTTGGCGTCGGCGTCGGCGTCGCCGTGGGCTGCGGCGGCGGCTGCGTATCCCACGCCTGCCCGGAATCGTCCACGTTCCCGAAGACCACGGACCAGTACGGGCCGGCGCGCCCGATGCCGGCGACCACCCACATCGTCCGCAGCATGTTCTCGCGGTGCCCGTACGGCGAGTTGACGAAGAGGTTGAACGCCTGCGGGGCGCTGCTGGCGATGGCGAGGTTCTCGCCCGCGCCGGAACTCGCATAGCCGCAATCGCGCACGCGCTGGAAGGGGCTGCGCCCGAGGCTGTCGGTGTGGTCGAAGTACCCTTTCGCGGCCATGTCCTCCGACATCCACGCCGCCGCCCGCGAGAGGTTCGGCGAGGGCTTCAGCGGCGCGACGCCGTTCTGCGCCCGGAACTCATTGATGAGCCGCAGCAGCTCCTGCTCCGCCGCATCGAGCGCCTGCGTCGACGTCGAGCAGTTCGTCAGCGCGAGCGCCGGTGTCGAACCGCCGCCGGGGCCCCAGCCGAGCACGGCGCCGGCGAGGAGCAGCGGCCCGGCCGCCGCAAGTACGAGTCGTCGCATGCTCACCCCCGGCCGGCGGGGAAGCCGGCGCCATC
CP115149.1_gap43	1608894	1611638	2744	GGCCCGCTGTCGCCGCCGGCGTCGGCGTCGTCCCTGCGCCCGCCCCAGTCCCGGGCGTCCCCGTCGGACCGGCCGTCGGCGTCGCCGGCGCCCCGGTCGGCGTCGGCGTCGGTGCCGCGGCATCCCCGCCCGTCTCCCCGCTCCCCCCGGGCGCCAGGTTCCGGACGGCGTTCACCACGAATTCGCCCGCCCCGCGCAGCGCCGCCGTGGTATCCACCCCGGCCGCCGTCGCCCCGCCCACTGCCGCCGCGAACAGCACCGCGCCGGCGGCCAGCCGCTGCACCAGCGGCCGCCGCTCGCTCCCGATGCCTGCCCAGCCCAGCAGCCACGCCGCCGCCCCGCGCCGGCGCCGCGTCCGGTCTTCGAACCGCGCCCACATCCGGTCCATCGCGTCCCGGTCCGGGCCGGGCACGCGCAGCCCGCTCACGGCGCGCGCCAGCGCCGCCAGCTCCGCTGCCTCGCGGTCCGGCGGGGCGCTCCCGCTGAGCGCTGCTTCGATGCGGTCCCCGGTATCGTCTGCCATCCTGTCACACGGCCACCATCGGCAAATTGCGGAACCGATGGGTCACCGGTCCCACAGGATACATCGGCCCCGCCGGCCGAAAGGTGTCAGCCGCTCCCAAAAACTCCCCGCCTGTGCTCTACTACCCGCATGCCAACCACCTTCATCGTCGTCGGCAGCTCCAGCCGCGAACCTTCCACCGCCGGCCGCATCGCCGCCTTCATCGTCCGCTGGCTCGTCACGGCCGCGGCCGTCTGGGTCGCCGCCGCCCTCGTCCCCGGCATCCACCTCGACGGCCTCGGCAGCACCCTCGCCGTCGCGCTCATCCTCGGCCTCCTCAACGCCTACCTGAAGCCGCTCCTCGTCATCAGCGCGCTCCCCGGCATCGTCCTCTCCCTTGGCCTCGTCCTCATCCTCATCAACACTGCCCTCCTCGCCCTCACCGCCTGGATCGCCGGCAAATTCGACAGCATCCGCTTCGCCATCGACGGCTTCTGGAGCGCCTTCTTCGGCGCCATCCTCATCAGCATCGTCAGCTTCCTCCTCACCCGCTTCATCAACCCCGGCCGGGTCGCGCGCCGTTTCGAGTGACCCCGCCCCCATCCTTTTGCCTCGCGCGAATCACCTGCGTAGGATGACCTCGCCGCCGACCCGCCGGGCGGCGAGCACCCACGGGGCACCCGCATGCGCATCATCGACGGCATCTACCAGCTCCTTACCCCGTTCCCGCAGTTCACCATCGACGACGCGAAAGCCCTCCGCCGCCAGCTCCAGGAGCACCCCCGCGTCACGAAGGGCCTCCCCTACGTGCTCCCCTACCTCCTCAAGGACGGCGGCGACGTCGTCCTCGTCGATTGCGGCTGGAACACCGACTCCGCCTACCAGGCTCTCGAAGAGGGCATGCGCGAGCACGGCAGCCACCCCGCCGAAATCCAGCGCCTCGTCATCACCCACATCCACCCCGACCACTACGGCATGGCCGGCCGCCTCAAGCAGCTCTCCTCCTGCGACGTCGCCGTCCACGAAAAAGACGCCGACGTCATCGCCACCCGCTACTTCGCCCCCCGCGCCCTCACCGACGAGATGGCCCGCTTCATGGAGCTGAACGGCGTCCCGCCCATGGCCACGCCCCAGATGGCCCAGGGCTCCATGGGCATGCTCGGCGCCGTCGCCGCCGTCCCGCCCGATACCCAGCTCAAAGGCGGCGAAACCTTCAAGGTGGGCAGCTTCGACTTCGAAGTCATCTGGACTCCCGGCCACTCCCCGGGCCACATCTGCCTCTACGAACCGAACCGCAAAATCCTCCTCACCGGCGACCACATCCTCCCCACCATCACCCCCAACGTCTCCATCCACGCCCAGACGCACGGCAGCCCCCTCGGCGACTACATGCGCTCCCTCGAAGCGCTCGTCGACCTCGACGTGCAGCTCGTCCTGCCCGCCCACGAGTTCGAAATCACGGACCTCAAAAAGCGCATCCGGGAAATCAAAGACCACCACGAGATCCGGCTCGACGAGATGCTCGCCTGCGTCGACCGCGGCGGCTCCACCGCCTGGGAAGTCGCCGGCCGCGTGAAGTGGGCCACCGGCAGGCTCGAAGAGTTCGAACCGTGGATGCAGCGCGCCGCCGTCGGCGAGACCCTCGCCCACCTCGAATACCTCTTCGAGCTCGGCCGGCTCGCCAAGGTGATGCGCGGCAAACAGCTCTACTGGCTGCCGGTGTAGCCGCAGCCCCGCCTACCCGTCGTCCTCCTCCGGGCCGTGCGCCCGGCCGGACAGCGCCTCCGGGATGATCCGCCAGCCGACGATGCCGCGCTGGCCGAACCGCTCCTCCAGCGCGCTCACCGCCCACGCCGGCGCATCCGCCAGCCGCCGGTAGAACGCCGCCGCGAACTCCCCGAACTCCAGCGGGTCCGCCACCTCCACCCACTGCCCGTGCCCCGAGACGGAGGCCCACTCCCACGGCCCCGTCGTCGCCGTGCTGTCGACCTGAAACGCCACGCGGCCGTTCGCCCGCCCCATCTCCACCTTGCGCCCCGGCGTCGTCAGCCCGCAGAGCGCGCCCTCCGCCCAGGCGTAGAACATCGGCACGAGGAAGTGCCCGTCGGCGCCGAAGAACGCCACGCGCACCACGCGCTCCTTCGCGAGCACGAGCTCCACCTCAGCCGGCGTCAGCGGCCGCGTCCCCATGCCCCCGATCCTGCCGTCCCGCGGCCCCGCGGGCCAGTCAGCCGTTCAGGCC
CP115149.1_gap44	1615245	1617763	2518	GTGTCGAACAGGTACTCGGCCAGCGCCTTCGCCAGCTCTGTCTTCCCGACGCCCGTCGGCCCGAGGAAGATGAACGAGCCGATCGGCCGCTTCGGGTCCTTCAGCCCGGCCCGCGCCCGGCGGATCGCATCCGAGACCGCTTTGATCGCCCGGTCCTGCCCGATGACCCGCTGGTGCAGGAACTCCTCCATGTGGAGCAGCTTCTCCTGCTCCGTTTCCTCCAGCTTCGAGACCGGGATGCCCGTCATCTCCGCCACGAGCTTCGCGATGTCCTCGGCCGTCACCCGGCGGTCCATCTCCGGGTGCTCCGCTTCCCATGCGGCCTTCCGCCGCTGGTACTCGTCCTGGAGCTGCAGGATGCGCTGCTTGATCCGGGCCGCCGCTTCGTAGTCCTCCCGCTGGACGGCCGCCTCCGTCTCCAGCGCCAGCTCCTCCAGCTCCTCCTGGAGGTCGCGCAGCTCATCCGGCAGCGACTGCGCTTCGATGACGTGCTTGCTCGCCGCCTCGTCGATCAGGTCGATCGCCTTGTCCGGCAGCCGCCGCTCGGTGATGTACCGCGCCGAGAGCCGCGCCGCCGCCTCGATGGCGTCGTCCGTGATCTCCACCTTGTGGTGCGCCTCGTACTTCGGCCGCAGCCCCTTCAGGATCGCGACCGTGTCGTCGATGCTCGGCTCCTCCACGTACACGGGCGCGAACCGCCGCTCCAGCGCCGGGTCCTTCTCGATCCGCTCCCGGTACTCGTCCAGCGTCGTCGCGCCGATGACGTGCAGCTCGCCGCGGGCCAGCGCCGGCTTCATCAGGTTCGAGGCGTCGATCGCGCCCTCCGCCCCGCCGGCGCCCATGACCGTGTGCAGCTCATCGATGAACAGGATCACCTGCCCCTCGGCCTGCTTCACCTCGTCCATCACGGCCTTCAGCCGCTCCTCGAACTCGCCGCGGAACTTCGAGCCCGCCACCAGCGCGCCCATGTCCAGCGCCAGCAGCCGCTTGCCCTGCAGGTTCTCCGGCACGTCGCCGGCGACGATCCGCTGCGCCAGCCCTTCGACGATCGCCGTCTTGCCGACGCCCGCCTCGCCGATGATCACCGGGTTGTTCTTCGTCCGCCGGTTCAAAATCTGCATCACCCGGCGAATCTCCGCCTCGCGGCCGATGACCGGGTCGAGCTTCCCCTGCCGGGCCAGCTCCGTCAGGTCCGTCGAATACTTCTCCAGCGACTGGTAGCGGCTCTCCGCCGTCTGGCTCGTCACCCGCTGCCTGCCGCGGATGTCCTGCAGCGCCCGGTAGATGCCTTCCTTGGTGACGCCGAACTCCGCCAGCAGCCGGGTCGCGCCGCTCTCTTCGTTGTCCGCGATGGCGATGAGCAGGTGCTCCACGCCCACGTACTCATCCTTCAGCCGCTCCGCCTCGGCGTTCGCCACCTCCAGCATCCGCACGACTTCCGGCGTCGTGTAGATCTGCACCACGTCGTAGGCCAGCGTCGGCAGCGCATCGACTGCCCGGGCCACCCGGTCCTTCAGCCGCCGGGTATCCACGTTCAGCTTCTGCAGCACCTGCTCCGCCAGCCCGCCCTTGTGGTTCACCAGCGCCCAGAGGACGTGGGGCACCGACCACTGGCTGTTGCGCTTCTGCCGCACCAGCTCCTGCGAGGCCGCCAGCACCTCCTGCGCCTGCTCCGTGAACCTGTCCTGTCGCATCATCGTTTCTGTCTCCTCGTTCGCTCGAATGCCCAGGGTTCCGGGCGCCGCTCGTCGTGTTCCCCTGGCCCCACGCCCGCCACTTCGCTGCTCCGCCTAGGAGGCGGGCCCGTTCCGGTACGGCGCCGGCAGCCGCGTCGCCCGCAGCCGGTCCAGCTCCGCCCGCGTCGCCTCCAGCTCGGCCTGCAGCCGCCGAATCTGCTCGTTCATCCGCAGGATGATGTCCACCCCCGCGAGATTCACGCCCAGCTCATCGATCAGCCGCTGCGCCGTCCGGATCCGCTGGATGTCCGCGTTCGAATACATCCGGATGTTCCCGCCCGTCCGCTTCGGGCGGATGAGGCCAACCTTCTCGTAGTACCGCAGCGTCTGCTGGTGCATCCCCACCAGCCGCGCCGCGATGGAGATGACGTACATCGGCTCGTCATCGTCGACCGGGAGGCCCGTGCCGTTCTTTTCGTCCTGCGCCATCGGTCACCTCCTTCCCTCAGGGTCGAACCCCGGCGCCGCGCAGCTCCCGCAGCGCCTCCCAGTGCTTCCGCTCTTCCGCGCTCAGCCGGTCCGGCAGCACGGCCCGCACCTTCACGTACAGGTCGCCCCGTTTGCCCGCCTGGCCGAGCACCGGCATCCCCTTGCCCGAGAGGCGGAACTGCTTGCCGTTCTGCGTCAGCTCCGGGATGCGCAGCGCGACCCGCCCGTCGATCGTCGGCACCGTCACCTCGCCGCCGAGCACCGCATCGATGACCGGGACGTCGACCTCCTCGTAGAGGTCGTCGCCCTTCCGCTCGAAGCGCGCGTGCGGCAGCACCGTCACCAGCAGGTAG
CP115149.1_gap45	1620668	1624811	4143	TTCCCCAACGCCATCGTCGTCAGCTCCACCATCCAGTCGCTCGGTTTCGTCACCGGCCCGGCGCTCGCCGGCCTCTGCATCGCCCTCGCCGGCGTCGAAGCCGCCTACGCCGTCCACGCCGCGCTCGTCCTGCTCACCATCGGGCTCACCGCGCTCCTGCGCCCCCGCCCCATCGCCGGCCCCCGCCGCGCCGTCTCCCTCGCCGCCATCCGCGAAGGCCTTCAGTTCGTCATCCGCCGCCAGCCGATCGTCGGCGCCATGACGCTCGACATGTTCGCCGTCATCTTCGGCGGCGCCCAGGCCCTCCTTCCCATCTACGCTACCGACATCCTCGGCGTCGGCGGCGTCGGCTACGGCATCCTCGCCGCCTCCCTCGAAGCCGGCGCCCTCCTCATGTCCGTCATCCTCATCTTCCTCCCGCCCATCCGGCCCGCCGGCCGCGTCCTCCTCATCACCGTCGCCCTCTTCGGCCTCGGCACCATCCTCTTCGGCCTCTCCCGCAACTTCTACCTCTCCGTCGCCACGTACGCCGCCATCGGCATGGCCGACCAGGTCTCGGTCGTCCTCCGCCAGACCATCATCCAGCTCGCCACACCCGACGACCTCCGCGGCCGCGTCTCGAGCGTCAACATGCTCTTCATCGGCGCCTCCAACCAGCTCGGCGCTGTCGAATCCGGCCTCGTCGCCGGCCTGGTAAACGCCACCTTCGCCGTCGTTTCCGGCGGCATCGGCACGCTCGCCGTCGTCGCCATCGTCGCCGCCCGCCTCCCCGGCCTCCGCCGCTACCGCATCGAACCCCGGGTCCGCGCCGGCTGACCCGCGGCCCGCCCGCCGCTCTGCCATACTGCCGCCATGTCCGACCCCGCCAGCGACGCCATCGCCCGCGAAATCGACGCCCTCCTCGACGCCTACGACCGCGAACTCGAGTACTTCGAAACCACCGCCGCCCTGCTCATGCCGCTCATGCGCGACCTCCTCGCCGCCATCGATGCCGCCTTCGCCGCCCCGGGCGACCCGCAGGTCCTCGAAGGCGCCCGCAACGCCCGCGCCCGCTACGTCGACGCCCTCGCCGGCCTCAGGCCGCTCCTCGACGACTGGGTGCGCATCCGCGGCTCGAACTGGCGCGCCTGGGAGGCCGAGCACGCCATGAGCGACGCCCAGTACGCCCGCCTCGAACGGCTCGCCGCCCGCGAGACCGCCCTCGCCCTCGGCCGCGACGATTTCGACCGGCTCCAGGAAAAGGTTCGCGGCCGCCTTCTCCTCTTCGAAGAGGCCGACCGCGGCCGCTGACTACACCTCGCCCGGGTCGATCACCGGCGGCAGCGGGTGCGGCCCGTGCGGCTCGAACACCCGCGGCTCCAGCAGCACCGAGTTCAGCAGCATCGCCGGCAACTCCGCCAGGATGTACTCGAACGTCAGCGGCCCGCCCGGTCGCCGCCACGAGAAGTTGTTGTTCGTCGCGAACATCAGCGTGTACGCCACCAGCCGCGCATCGCGCGGGATGAACACCCCCGCGTCGACCCCCCACTTCACCACGTCCATCAGCGCATGCTCGTAGTCCCGGTCCGCCTCCCGCACCCGCTCCCGCCCTTCCGGCGACAGGTTCCGCGAGCGCCCGCCCACGTAGCTCGCCCGCACGATCGTATGGTGCTCGCCCATGATGAGCAGGTCCCGCAGCGCGTTGAAGAGCGCTGCCTCCGGGCCCGGCGCCGCCGCGATGATCGCCCGCAGCCGCCGCTCCGCCGTGCGCACCGCTTCCACCGCCACCTCCACCCAGAGGTCCTCCTTGCTCCGGAACTGGTAGTAGATCACCGCCCGGCTCGTGCCCATCTTCGCCGCCACGTCCTCCAGCGTCGCATCGGGCAGCCCCTTCTCCAGCACCACCTCCGCCATCGCCCGCATGATCTCCCGCCGGCGGGCCTCCGCACGCGCCGGGTCCTGCACCCGGTAGCCTCGCAGACCGAACTCGTCGCCCATCGTTCCCTCGCCCGCCGAAAATTCTCGCACGCAGGCCGTTGACAACTCTACCACTCCCGCGGTAGGTTGAGCGCCTTCGGATAAACACACGCGTCTAATCTTTGCTGTCGGGTTGGGCGCGTGGTCCGAAGCGGGCCCGGGAGCGGTGTGCAGGCTTTGTAGGGGCGCCTGCACACCCCCCGGAGCCATCCGAACCTCCCATACCCCCGGCGGGCGAGCGGACCGCAATCCGCGACACCCCCGAAAACGTACCAACGGCAAATCGGCGCTATTGACAGCGCCTATGCAGGGCAGTAGAAGGCACACATTCGCGCCGAACTAACCTTCGGCGCCACGCGAAACATGGGGGAAGGGACATCATGAACCGCGAGAACTACTGGACCACCCGCTTCCGCCGCCGCCGCCTCCTCACCGGCGGCGCCGCGGCCGGCCTCGGCGCCGCCGCGTGGGCTCTCGCCGGCTGCGGCGGCGACAGCGACAGCGGCTCCGGGCCGACACCCACCCCCGCCGGCGTCCGCCCCGGCACCCCCACCGCGCCGACGCCCACCACCCCCGGCGAAGTCGTCAAGAAAGACGGCACCCTCAAGCTCCGCCAGGGCGCCATCTTCGCCACCATCAACCCCTACGGCGGCCTCGACAGCGGCCTCCTCTGGGGCTTCACCATCTTCGACCACCTCTGGTACACCCCGCTCGATACCGGCATCCGCGAAAACTTCCTCGCCACCTCCATCGAACAGCCGGACCCGCTCCACTTCACCGTCAAGATCGGCGAGGCCTACTTCCACAACAAACCCCCCATCAACGGCCGCCGCGTCAAAGCCCAGGACGTCGCCGCCTCCTACATGGCCGCCCGCCAGCAGACCCGCATCTCCAACTCCTCCTGGTGGACCCAGGTCCTCGACAACGTCGTCGCCGTCGACGACTCGACCATCAACTTCACCCTCAAGCAGGTCGACGCCTGGACCTTCTCGTCCACCAACGGCGGCAGCCCGATCGGCTCCTCCATCCTCCCCGAGGAGATCGCCAAAGACCCCTCCTTCATGGACAAAGACCTCATCGGCTCCGGCCGCTTCGAATTCGTCTCCCACGAAAACGGCGCCAACTTCAAGCTCAAGCGGTTCGACAAGTGGCGGATCGCCGGCGAACCCTACCTCGCCGCCCAGGAATACCGCCTCATCCAGGAACAGGCGGCCGCCCTCGCCGCCTTCTCCGCCGAGGAAATCCACCAGGTCGCCCTCAACAACAAGCTCGAACGCGATGACCTCGTCAAGCGCCACGGCGACAAAATCGTCATCGACGCCGAAGACTCCCGCTCCGTCTGGACGGTCCTCCCCCGCGGCGACGGCCAGTGGGCCGACCCCCGCGTCATCCAGGCCATCTCCATGTCCATCGACCGCCAGGAGCTCATCAACCTCATGAACTTCGGCGAAGGCAAGGTCAGCGGCCCCGTCCCGCCAGCCTTCGGCGAAGCCCTCCCCGAGGCCGACCTCAAGGCCACCTGGGGCAAGTACGACCCCGCCGAGGCGAAAAAGCTCCTCGCCGCTACCGCCTTCGATACCTCGAAGGAATACAGCATCAAGTACATCACCCCCGGCGACCGGAACCAGCAGTTCGCTCAGATCGTCCGCTCCCAGCTCGAAAAGAACCTCGGCCTCAAAATCAAACTCGTCGGCGAAGACCTCGGCCGCTGGCTCCAGCAATCCCTCTACGGCTCCCAGTACGACGGCTTCATGGTCTACGCCTCCCTCGCCTACGACGACCCTTCCTCCTACATCGGCGGCTACGCCAAGCAGATCGGCGGGCGCCCCAACTGGGCCGGCTACAGCAACGACGAGATGGACCAGCTCGTCCAAAAGCAGAAGACCATCCTCGACGACGCCCAGCGCAAAGCCGCCGTCCAGGACATCCAGCGCAAAGCCTGGGAGCGCGGCGCGCCCTTCATCCCGACCTTCATCGCCATCACCAACACCGCCACCTGGGCCTACGTCAAAGGCCGCGTCGTCGGCCGCGGCAGCTACGGCCTCTTCAACGGAAAGGTCTGGATCGACAAGTAACCCCGGGAGAGCGGCATGCGCCAGTACATCCTCCGGCGGCTCGTCTACGTGCCGCTCATCATGGCGATCGTCTCCGTCCTCGCCTTCTTCACCCTCCGGATGCCGTGGGCGA
CP115149.1_gap46	1667174	1670798	3624	CGCCATCGGCGCCACCCCCCAGCAGATCACCATGCTCGAAGCCCTCACTCCCGAGGAGGCCGCGCGCGTGCTCGCCGCCGCCGACGCGAAGAACGACCCGCTCCCCCTCGGCGACTTCGCTGCCCAGCTCCGTCGACTCCCTCCGCCGCACCGAGCAGCGCGCCGCCCGCGAACCCGTCATCGGCGCCGAGCCACGCCGCCAGCCATAGGCGCCTCCCCGGCCCCGGATCAGGGTTCCCCGCCCCCAGCCCGTGAGGGAACCGCCCCCGCCCCGCTGGGGTTCTCCGGATTCAGGCCCGCCCCCTTCCGCCGATACGCTGGCGCCTCACCTGGCTTTCCCACCGGGGGCCAGCGTGGCGCACCGCCAGAAACCCCGCCGCCGACGGCGCATCCTCCTCCGCCCTCGCTCTTCTCGGCCTCGCGCTCGTCCTCCTCACCGGCTGCCGTCCAGCAGACGGCCGCCCCCGGTCAGCCGGCCGCTCCGCAGGACCCGGCGGCGCTCGCCCAGGACCCCCGCAACGTCTCCGCCGCCATCCAGCTCCTCGTCCTCATCACCGTCCTCTCCCTCGCCCCTGCCATCCTCGTGATGGTCACCTCCTTCACCCGCATCATCGTCGTCCTCTCCCTCGTCCGGAACGCAATCGGCATCGGCCCCAGCTGCCGCCCAACCAGGTCCTCATCGGCATGGCCCTCTTCCTCACCGCCTTCGTCATGGCCCCGCAGGTCGAAGACCATCAACGACGAGGCCATCCAGCCCTACCTCGCCGGCACCATCTCCCAGCAGGAAGCCTTCGAGCGCGGCGAAGCCCCCCTCCGCCAGTTCATGCTCAAGCAAACCCGCGAGCAGGACCTCGCCGCTCTTCCTCAAGCTCTCCGCGCAGCCCCAAGCCGCCAACAGCCCCGACGACGTCCCCACCTACGTCCTCGTCCCCGCCTTCAGCCCATCAGCGAACTGAAGACGGCCTGCTCCAGATGGGCTTCGTCATGTTCGTCCCCTTCCTCATCTATCGACCTCGTCATCTCCTCCGCCCTCCTCAGCATGGGCATGATGATGCTGCCCCCCGTCATCGTCTCCCTCCCCTTCAAAATCCTCCTCTTCGTCCTCGTGCGATGGCTGGTATCTCATCGTCGGCTCCCTCGTCGGGAGCTTTGCCTAGGAGCATCCCGTGAACGAAGGCGTCATCCTCGGCCTCATGCGCGAAGCCCTCACCGTCGGCATGCTCGTCGGCGCGCCCATCCTCGGCACCACCCTCGTCGTCGGCATGGTCGTCTCCATCATCCAGGCGGCCACCCAGGTCAACGAAGCCACCCTCACCTTCGTTCCCAAGCTCATCGCCGTCTTCGTCGCGATGCTCCTCTTCGGCATGGCCCTCTGGATGATGTCCACCCTCCTCGATTTCTCCGCCGGCATCTTCGCGAACATGGCCGCGTACGGGCGCTGACCATGGCCCTCGACCTCTCCCCCGTCACGACCTACACCTTCCTCCTCATCCTCATCCGCACCTCCGCCATGCTCGTCTCTTCGCCGCTCCTCTCCCACCGCGGCATCCCCGCCCAGGCGAAAATCGGCTTCGCCGTCTTCACGGCCCTCGTGCTCACTCCAATCACCAGGCTCCCCGGCGGCCAGCCGCCTGAGACGTTCGGCCGCCTCGTCGACGACGTCCTCCGCGAGACCCTTTTCGGCCTCGGTATCTCCTCGGCCCTCGCCATGAACATCGTCTTCATCGGCCTCCAGATGGCCTCCCGCGTCATCGGCCTCCAGGTCGGTTTCGGGCTCGGCGCCGTCTTCGACCCCATCACCGGCACCGAATTCGGCGTCTTCGACCAGTTCTACGCCCTCCTCGTCACCCTCGTTTTCTTCGCCATCAACGGCCACCACCTCGTCATCCAGTCGCTCGCCGAAACCCTCCAGGCCGTCCCGCCCGGCACGTTCGACCCCTTCAGCCTGGCGCCGTCCGGCATCACTTCCCTCGTCGCCGGCCTCACCGTCACCGCCGTCCGCATCGCCATGCCCGTCATGGCCGCCCTGCTCCTCACCGACGTCGGCATGGGCATCGTCGCCTTCGCACCGTCCCCCAGGTGCAGATTCTGATCGTCGGCGCCCCGGTCAAGATCGGCGTCGGCATCCTCGTCCTCGGCGCCGCCCTCCCGGTCACCATGCAGCTGATGAACGGCGTCTTCGGCGCCTCCCTCGCCGGCTCGAGCCGCATCCTCCTCGGCGGAGGGGCTCCCTAGATGGCGGGCGAACGCACCGAAGCGCCAACCCCAAAACGCCTCCGCGATGCCCGCCAGAAAGGCGACTGTCGCCCGCAGCGATGAGGTCGTCTCCATCGGCGCCCTCCTCCTCGCGGTGCTTGCCATGAAGCTGCTCGGCCCCGCCCTCTGGGCGAGCCTCGCCGCCATCCTCGCGCAGGGCCTCGGCCAGCCCGTGCCCGAACTCACCCGCGAATCCGCCCAGCAGCTCGCCCGCGAGACCGCCTGGCAGACCGTCCGCGCCCTCCTTCCCCTCCTCGGCCTCGCCGCCGTCTCCGCCGTCGCCCTCAACGTCGCCCAGGTCGGCCCCCTGTTCACCGGCCAGGCCGGCTGAAGCCCCAGCTCTCGCGGGTCAACCCCGGCGCCGGCCTCAAGCGGATCGTCTCCGTTGACGGCCTCTTCCGCCTCGCCAAATCCCTTCTCAAGTTCGTCATGGCATCGCCGCTCGTCGTCGGCCTCACCCTCCGCGCCCAGTTCGCCGACCTCGCCGGCCTCGGCGCCCTCAGCATCGGCGCCGCGGTCACCGCCCGCCTTGCCTCCCTCGGCTTCGATATCGCCTTCCGCGCCGCCGGCGTCCTCTTCCTCCTCGCCCTCGCCGATTACGCCTGGCAGCGCCGCCAGCACCTCAAGCGCCTCCGCATGACGAAGCACGAAGTGAAGCAGGAGCTCAAGGAAACCGACGGCGACCCCCACATCAAAGCCGCCATCCAGCCGCCGGCGCCAGCAGCTCCTCAATCCGCATGATCGCCGCCGTCAAAACCGCCGACGTTGCGTCGTCACCAACCCGACCCACTACGCCGTCGCGCCTCAAATACGACGCCGTCTCCATGCCCGCACCCATGGTCGTCGCCAAGGGGCAGGACTACCTCGCCCTCCGCATCCGCGAGAGTCGCCCGCGAAGCCGGCGTCCCCGTTCTCGAAGAGCCGCCGCTCGCCCGCGCCCTCCATGCCAGCGTCCAGGTCGGCCAGTACATCCCGGCCAGCCTCTTCCACGCCGTCGCCGAAGTCCTCGCGTGGGTCTACGCCCTGCGCCGGCCCGCGCCGGCCGCCGCACCACCGCCCCAGGAGCCGCCAGGTGACCGTCCAGGCCCAGCCCCGCCCCGCGTCCGCCTCCCTCACCCGCCTCCTCGGCCAGACCGACATCCTCCTCGCCGCCGGCATCATCACCATCGTCGGGATGATGATCATCCCGCTGCCGGCGCCACTCCTCGATGTCCCCTTCCTCACCGTCAACCTCGCCGTCAGCGTCGTCATCCTCCTCGTCGCCATCTACACCGAAGAGCCGCTCAAGTTCTCCGTCTTCCCCTCCCTCCTCCTCATCACCACCCTCTACCGCCTCGCGCTCAACGTCTCCACCTCCCGCCTCATCCT
CP115149.1_gap47	1765323	1769824	4501	CCACTTTCGCGCCGCGCCGCGCGAGGTCCAGCGCATACGCCCGGCCGAGCCCGGCGCCCGCGCCGGTCACGACCGCGACCTGACCTTCGAACGAAATTGCCATCGGAATCCTCTCAGTTCATGCAGGTTTTCGGGCGCAGCGGCAAGCAGCAGGGGCAGCCCCGGCCCGTCTCAACCGCGCAGGTTACCAGCATTCGGTCCTTCGTACCCGGCCGGCAGGGCTGGCGCCCGGTCCACCATCTGCGCGAACCATGCTTCGGTGCTCGCCACCCGCCACGCCAGCACGTCGTCCCCACCCGCCTCGAAGGCCTCGGCCACCGCCCGCACCGCCTCGGCATCGAACACGTCCCGCCGCTTCGCCGCCGCCTCGAGGTGCTGCCGGATCCAGCCCCGGAGCGGCCCCCGCGCCCAGCTCCGCTGCGGCGGCGCATACGCCAGCTTGTCCCGCCGCTTCAGCACCGGGTCCGGCACGATCCCCTCCATCGCGCGCCGCAGGATCGCCTTCGTCGTCGCCCCCTCCAGCAGCCATTCCGGCCGCAGCCCGGCGCAAAACTCCGCCAGCCGGTGGTCGAGGAACGGCAGCCGCACCTCCCGGCTGAAGGCCATGCTGTTCCGGTCCGCATACCGCAGGAACTCCGGCAGCTGCGTCGTCAGCTGCCACCGCACCAGCTCGTTCCGCAGCCGGTCCCGGAACGGGGCAATCGTCGCCGCGTGCGCCGGCGCATACCGGTCGTGCACCTCCCGCGCGAGGATCGCCCCCGAACCGAAGTACCGCTCCGCCAGCCGGTCGCGCACCGGCGCCGGCAGCAGGTAGTACGCCCCGAACAGCGCCGGCTCCCGCAGCGACCCGTACCGCCGCCACGAGCTCCACAGCAGCCGCCCCGCCCGGTCCACCCGCCCCGTTCGCAGCCAGTGCGCGAAGAACATCCCCAGCGCCTGCGTATACCCCCCCAGCAGCTCGTCCGCCCCCTGCCCGTCCAGCAGCACCGTCGTCCCGTGCTCCCGCGCCAGCCGCATCACCATCCACTGCGCGAACGGGCTCGTGCTCGCGATCGGCTCCTCCTGGTGGTACTGCAGCGCCGCGAACTCCGCCTCGAACGCTTCCGGCGCAACCCACGTATCGTGACGCCGCGCCTCGCACCGCGCCGTCACCAGGTCGATGAACCGCCCCTCATCGTGCGCCGAAGAAGCAAACCGCGCGCTGAACGTGTGCTGCTCCCCCAGCCCCGCCGCCTCCCTCTGCGCATGGATCGCGCACACGATGCTCGACGAGTCGATGCCCCCGCTCAGCGAACTTCCCACCGGCACATCGCTCCGCAGCCGCAGCCGCACCGCATCGAAAAACAGCGCCCGGAACGCCTCGACCGCCTCCTCGTGCCGCCGCGGCGTCTCCGCAGCGCGCGGGCGCCAGTACCGTTTCGGCGTCCCCCGCCCTTCCGCGTCCAGCACCAGGAAATGGCCCGCCGGCAGGCTCTCGATCCCCGCGTAGAAGCTCTCCGCGTCCTGGTCGAGGTCCCCCCGCGCGATGTACCGGTACACCGCCTTCAGGTTCGGCTCGCGCAGCCCCGGCCGCGCCGCGAGGATCGCCTTCATCTCGCTCGCGAACAGCAGCTCCCGCCCGTTCCGCGCCAGGTAGAGCGGCTTCTCTCCGAACCGGTCCCGCGCCAGGACCAGCTCCCGCCGCCGCTCGTCCCAGATCGCGCACGCGAACATCCCGTTCAGCCGCGCGAACGTCCCCGTCCGCCACTCCGCGAACGCCCGCAGCAGCACCTCCGTGTCCCCCTGCGAACGGAACCGGTGGCCCAGCCCCTCCAGCTCCCGCCGCAGCTCCACGTAGTTGTAAATCTCCCCGTTGAAGACCAGCACCAGCCCCGCCGCCTCGTCCGCGAACGGCTGGTCCGAGGCATGGCTCAGGTCGATGATCGCCAGCCGCGTATGCCCAAACCCGATCCCCGGGCCGAAATAGCTCCCCTCACCGTCCGGCCCCCGGTGGCGCAGCGTCGCCGCCATCGCGAGCACCTCCTCGCGCGGCACCTCGCCTCCGCGGGCAACCAGCATGCCGGCAATCCCGCACATCCCGGGCGGCCTCCATCGCGCCGTTCCCCGCACCCGGCGCACTCCGTTTGGCCGAATGGTAGCAGCCTTTACTTTTAGGTGAAGTTCGCGGCCCATGAATGAAATCCGCGGCACCCTTCGACAGCGTATACTCCATCCGATGCCCGGGAACATGTGGGACGACGCCGAAGAGCCCGAGGATCTCGACCTCCGCATCCTCCGCGTCGCCGCCGCGCCGCTCGAAAGCCAGCCCGGCACCCTCCGCATTCGCCTCGAAACCACCCGCGGCACCATCGACGGCCTCCTCCACCCCGTCGAAGGCGGAACCGCCGCCCTCGTCTGCGTCGGCGGCGCCATGGGCGGCCTGGACGGCCCCGCCGACCGCCTCTACGCCCGCCTGCCCGCCGTCCTCGAGACTGCCCGCGTCACCGTCCTCCGCCTCGACTACCGCCAGCCCAACGTCTTCGAAGAATGCGTCCTCGATGTCCTGGCCGGCTGCTCCTTCCTCCGCGGCATCGGCGCCGAAGAACTCGCGCTCGTCGGCCACAGCTTCGGCGGCGCCGTCGTCATCAAAGCCGCCGAGCTCCACCCCGCCGTCCGCGGCGTCGTCGCCATGTCGCCCCAGCTCTACGGCACCGCCGACGTCGAAACCCTCGGCCGGCCCCTCCTCCTCATCCACGGCATGGCCGATACCGTCCTCTCCCACGAAGCCAGCGAGGACATCTACCGCCGCGCCCGCGAACCCAAGCGCATCGCCCTCTACGCTGACGCCGGCCACTCCCTCGTCCAGGCCCGCGACGACATCGACCGCCTCCTCGCCGAATGGCTGCCGCCCGCGCTCGCCGGCGCTCCCCTCGAAGGCGGCCGCGAAGAACACGGTATGCTCTAACCCGACAGCACCTGCCCCAAGGGAGGCCCCGATGCGCACCCCGGCCGAAGTCGTCACCGCCTTCATTGCCGAATGGCAAAACCCGAACCCCGACCCCGCCCGCCTCGCCTCCTACTTCACCGAAGACGCCGTCTACCACAACATCCCCGCCGCCCCCGTCGCCGGCCCCCAGGCCATCGCCGCCGTCTTCCAGGGCTTCCTCGCCCAGGTCAGGCCCGCCGGCTGGGAGATCATCCGCCAGGTCGCCGACGGCAACCTCGTCATGAACGAGCGCATCGACCGCTTCGCCGTCGGCGAACGCATCGTCGAACTCCCCGTCGCCGGCTCGTTCGAAGTCCGGGGCGACCGCATCCGCGCGTGGCGCGACTACTTCGATATGAACACCTGGCTCAAAGCCCTCGCCGGCAGCTGACCGGCCCTACGGCTCCGTGACCACCCGCATCGGGCTCCACCGCCCGATGACCCCCTGCCCGTGGCAGCTCACCGAGCGCCCGTCTTCGATGTCGATCTCCGACATCAGCCCTAGCGCCGCCGTGAAGCCGCTAATCCGGTCCGGCACCCGCTCGTACCGGTCCACCACCCGGCCGTCCGCTTCGAACTCCACCGTCCCAGCCCCCTGGTCGTACGTGATCCGGTAGGCATGCACCTGCCCCTGCGCGGTCGGCAGGTCGCGCAGCTCATGGAAAATGCAGAACGCCCGCGCCTCCCCCGTCTCCGGCAGCCGCGCCCCCGGGAACGGCAGCCGCCCGTACACCGTCGCCACCGTGTCGCCGCCCGTGAAGAAGTCGAACGCCCACCCGGTCTCCAAATCCAGCAGGTTCCACGACACGTAGCCGTCGTAGAGGTCGCCTGGTCGCGTCCCGATGGTCCGCGCCGCCACCTGGATCTCGAACGTGATCCGCCCGCCCTCCGGCACGAGGAACCGCTCCTTCGAAAAATACATGTGCTTCGCGTTGTCGAGAATCTGCACCCGGTCGTGCTTCCGCGTGTACGGCACCGCCGCGACCTGCAGCCAGCCGTTCCGCACCAGCACCACCGCGTTCGGCTCGCGGTACTCCCAGCGCGACCCGTCCGGCAGCGCGAAGCTTCCGATCTCCCACGCCGAATCCGGCTCCAGGATCCGGTGGAACTCCCCGATGATGCGCTCCGCCATCCTGCGGCTCCTTTCGCGCCGGCGGCCTCAGCCGCGCAGCTCCGCGCCGAACTCGCGCCCGAGCCGCGCCAGCAGTCCCTGCCGCACCTTCAGCGCCTCCTCATCCGTCAGCGTCCGGTCATCCGCCCGGAACCACAGCCGCAGCGCCAGCGACTTCTTCCCCTCCGGCACGCCCGGCCCGCGGTACTCGTCGAACAGCTCCGCCCGCGTCGTCACGCCCTGGCTCCGGTGCGAGCGCGCCAGCTCGAGCACCGCGCCGGCCGGCACCGAGGCATCCACCACGACCGCGAGGTCCATCCGCACCGCCGGGTACCGCGAGAGCGCCTGGTACGGCGGCCGCTCCGGCAGGTGCCGCACCAGGTCCTCCACCCACACCTCGAACAGGAACACCGGCTCCTCGATGT
CP115149.1_gap48	1788589	1790217	1628	CCGGTGCGCCGTTCGCTGCAGCCATCTCCGTCACCTCGACGTCTCTCACCGCGGTTGTCGGCAACGGCCGCGGAACGATTCAGTGAATGTTCGGTTTCCCCGGCTGCGAACCTGCGCCGTTTCCCGCTTCGTCCGATAACCCCGGTATGAACCCCGAGGAGCCGACCATGCCCGCCACCGACTGGTCTTCCTGGCAGGCCGGTTACGAAGCCGGCATCGACGACGCCATCCGCCTCATCGACGCCCTCCGCGGGCCGGGCGCCGGCAGCCTCAGCGCCCCCATCCTCCTCCGCATCCGCGCCGAGCTCCTCGCCATCCGCAGCCGCGCAGGCCAGCCCCGCGCCGCCTGAACGCTCGCCCCGCCCCGGCCTGTGCGCTACCCTCCGGGGACATCCGCCGGGGGAACTGCCGTGCCCACCTGGACCAACTGGTCAGGCTCCGTCACCGCGACACCGCGCCAGCTGTGCTCCCCAGCGTCCGAAGAAGAGGTCGCCGCCATCGTCCGCGAAGCGGCCGCCTCGGGCCGCTCGGTCCGCGCCGCCGGCTCCGGCCACTCCTTCGTCCCCGTCGTCCCCGCCGATGACGTCATCCTCTCGCTCGACGCTCTCGCCGGCCTGCTCGATGCCGACCCCGCCTCCGGCCGCGCCACCCTCTTCGCCGGCACGAAACTCCGCGACGCCACGCGCCTGCTCTGGGAGCGCGGCCTCGCCCTCCCCAACCAGGGCGACGTCGATACCCAGGCGCTCGCCGGCGCCATCGCCACCGGCACCCACGGCACCGGCCCCGCCTACGGCTCCATCTCCACCCGCCTCGCAGCCGCCCGCGTCGTCACCGCCGACGGCGCCCTGCTCGATGTCGACGACCCGGCGTTGCTCCCGGCCTTCCGGGTTTCCCTCGGCCTCCTCGGCATCTTCACCCGCATCACCCTCGCCTGCGTCCCGCGGTACGCCCTCCGCGAACGCGTCTGGCAGCACCCCATCGACGCCTGTCTCGAAGAACTCGCCGCGAACATCGCCGCCAACGACCACTACGAGTTCTTCTGGTTCCCGCGCTCCGGCATCGCCGAATCCAAATCGCTCAACCCGGTCGACGAAATCCCCGAGCGCGAAGAGCCGCCCCCGCTCGACGGCCCCGGCGAGCGCACCGGCTGGTCCCACCGCATCTATCCCTCCGCCCGCGACCTCCGCTTCAACGAGATGGAATACGCCGTCCCCGCAGAGGCAGGCCCTGCCTGCTTCGCAGCGGTCCGCCAGCGCATGGTCGAGCGCCACCCGAAGGTCGGCTGGCCCGTCGAATACCGCACCCTCGCCGCCGACGACGCCTGGCTCAGCCCCGCCTTCGGCCGCCCCACCGTCACCATCTCCGTCCACCAGGCCGCCGAGCGCCCCTACCGTGAGTTCTTCACCGACCTCGAGCCCATCTTCCGCGACTTCGGCGGCCGCCCCCACTGGGGCAAGTTCCACACCTGCGCGCGCGCCGACCTCGCCGCCATGTACCCCCGCTTCGAAGCGTTCTGCGCCCTCCGCCGCCAGCTCGACCCCGCCGGGCGCTTCCTCTCCCCCTACCTCGCCCCCCTCTTCGCCTGACCTGCCTGCCGCCTCCCCCCTCCCGCCTCCGCTCCCCGTCTC
CP115149.1_gap49	1792707	1794206	1499	CGGTCGGCCCGCGCGCTCTCCGCCCCGACGTCGATGATGTCCGCCCCCGCCGCCCGCAGCCGCTCTGCGGCCGCCAGCGCCGCGCCGATATCCCGCCCCACGCCGTCGCCCGAGAACGAATCCTCCGTCAGGTTCAGGATGCCCATGACGACCGGCCGCTCCAGCGGCAGCTCCCGCGTCCGCAGCCGCCACGCCCGCACGGGCGCGAGCAGCGCCCGCAGCCGCGCCGCGTGCGGCGACCCCAGCCCTTCGAGCGCCTCCGCCAGCCGCCCGAGCATCGCGCGAGACGCCCACACCACCGCCTCGCCCGGCTCCCGCAGGTCGATGCCCAGCCCGAGCTGGCTCGTCGCCACCTGCAGCCGCTCCCGGTCGCCCGCGAAGTGCGCCGCGAACGGCGCCTCCGGCTCCGCCGCCGTCATCCCGAACCCGGGCGGCACGACCCGCAGCGACGGCCTCACCCGCGCCGCCCCTGCAGCGCATCGACCATCCGCCGCACCTGCCACAGGTGCTCGAGGTCGTGCTGGTACGTCTCCCGCGCAATCTCCGCGATCGACACCTCGCCCCGGTACGGGTGCAGCCCTTTCCGCTCCCAGTCCCGCTCCGAAAGGTCCCACAGGAGATAGCTCGTCCGCCGCCGCAGGTAGTGCAGTTCGTCCAGCAGCAGCTCGAGGTCCGCCTCCGCGTAGTCGGCCTCGAACGGGATGTCGTCGAAGTCCACGTGCGGGATGTCGGGCACCTCCCGGCCCCGGTGCATCGCGATGATCGCCGCCTGTTCCTGCACCCCGCGCTCCACCTGCACGAGGTGGAACGGCACCGCCAGCAGGCACCACCCCTCATCGGGCCAGCCCGCCGGCCGCAGCAAATCCCGCTCGCGCACACTGCCGAACGCCCGCGCCAGCTCCCCGGCCGCCTCGCCGAGCGCCTTCAGCAGGAACGAAGGGTCGCTCCCCGCCGTCGCCGGTACGTAACGCACGCCCCCGATTCTAGCCCCTGCGCCCGCCCCGCGCGGTAACGGCCGCGCCTACGTCACGACGAGCGGCACACCCTCCCGGCACAGCCGGCAGTCCGCCGGGTCCCACGATGCCGCCGGCACGTCGAGGCAGGCGAAGAACGGCACCCCGAACCCCACCTTCCCGGCCGTCCGGTCGACCAGCACGCCGACGCCGGCGACCTCCGCCCCCCGCGCGGCCACCGCCTTCAGCACCTCGCGGATGCTTCCCCCGGTCGTCAGCACGTCATCCACCACCAGCACCCGCTCGCCCGGCCCGAGTTCGAACCCCCGCCGGAACTCGCGCTCCTCGCTCCCCTCCTCCTTCCGCTCCGCGATGATCGCCCGCAGCCCGAGCTGCCGCGCCGTCTCGTAGGCGAGAATCACCCCGCCCGTAGTCGGCCCCGCCACCACCGTCGCCGTGCCCCGGAACCGCTCCGCGATCTGCCGGCAGAGCGGCTCCGTCACGTCCGGCCACTGCAGGATGCGGAACTTCTCGATGTACAGTTCG
CP115149.1_gap50	1807113	1808827	1714	AGGACCCGGACGACCAGCTCTTCAGCCCCACCGTCTACGACGACGTCGCCTTCGGCCCCATCCACATGGGCCTCGCCAGAGACGAGGTCGAAGCGCGCGTCGCCCGCGCCCTCGAAGCCGTCGGCCTCGCCGGCCTCGAACGCCGCCAGCCCTTCCACCTCTCCCTCGGCCAGCGCAAGCGCGCCGCCCTCGCCACCGTCCTCTCCATGTCTCCCCAACTGCTCGTCCTCGATGAACCCTCCGCCGGCCTCGACCCCCGCGGACGCCGCGAGCTCATCAACCTCCTCCGCAGCCTCGACCAGACCCTCCTCGTCTCCACCCACGACATGCGCCTCGTCGCCGAGGTCTTCCCGCGCACCGTCATCCTCGATGAGGGCCGCATCGTCGCCGATGGCCCCACCCCGGACCTCCTCGCCGACGCTGCCCTTCTCGAACGTCACGGACTCGAAATGCCCTGAGCCCGCCCGCGGTGACGGGATTTCGCCTCCCGCTCGTATACTGGATCGGAGTGAACACCGCCGACTTCGACGCCTTCGAGGCCGCCGTTGCCGGTCACCCCGACGAGGTTGACCTTTTCTCCGCCGCCATGGTCATCGCACGGCTCGGCGGCCACCCGGTCGACCCGCACGCGGCCGCCCGCGCGCTCGACCTCATCGCCGAAGACGTCCTCGCTGAGGCCGGCGAACGCCCCTCCCACGAGGCGCTCGCCCACGCCATCGATAACCAGCTCTTCGCGGTCCGCGGCTTCCGCGGCAGCTTCGAAAACTACGACGACCCCGAAAACTCTTACCTCGACCGCGTGCTCGAACGGCGGGTCGGCATCCCCATCACCCTCTCCCTCGTCTACCTCGAAGTCGCCAGCCGCGTTGGCCTCCCTGCCGACGGCGTCGGGTTCCCCGGCCACTTCATCGTCCGCTACGGCCGGCCCGGCAGCTACGCCTACGTCGACCCCTTCCAGCAGGGCGCCCGGCTCGATGAAACCGAGCTCCTCGCCATGCTCCGCGGCCTCGACCTCGGCGGCGCCCGCCCCGAGACCTTCCTCGCCGCCGTCACCCGCCGCCAAATCCTCCAGCGCATGCTGAACAACCTCCACGTCATCTTCCGCACCCGCCGCGATATCCAGCGCTGGCACGACACCATCGAGCTCCAGCTCCGCCTCGCGCCGTGGAACGTCGCCCTCATCGGCGAACGCGGCATGCTCCGCTACCGCCTCGGCCGCCTCGACGAAGCCCTGCCCGACCTCGAAACCTACGTCTCCGTCACCGAAAAAGACGCCAGTCCCGGCGCCATCCGCCTGCTCGACCAGCTCCGAATCCGCTATCGCAACATGGGGGAATCGCGATGACCATCGAAACGCCAGCCCGCCACGCCCAGCCCCGCGGCCGCCAGGCGCTCCAGCGCTCCATCGCCTGGTACCTGCGCCAGCTCTCCCGCGTGCTCAACGTCCTCACCGACGAAGAGCTCGAGCGCCTCATCCCCCACCTCACCGAACGCCGCTTCAAGCCGCGCCAAATCATCTTCGCCGCCGGCGACCCCGCAGAGCGCGTCTACCTCATCCTCAAAGGCCGCGTGAAAATCTTCCAGGTCGCCGATAACGGCAAAGAAATCATCCTCGACGTCGTCGGCAAGGGGGACGTCGTCGGCGATATGGCCATCGTCGAAGACGGCGAGCGCACCGCCACCGCGCAGGCCATCGAAGAGACCATGGCCGTCT
CP115149.1_gap51	1821642	1825752	4110	CCGATGACGAGGTGGCCCGCCTCCCGCCGCGCCTTCGCCGCGAAACGCGTGACCACCGCCTCCAGGTCGCGCAGGTCGCGCGGGTCGATCCGCCCGTACCGCGCCACCTCCAGCCCCAGCTCCAGCAGCTCCGAATGCGACTCCAGCGTCTCCACCGTCGGCTCGCCGCCCGGCCCCGGCACCAGCCGCCCGATGATCAGGTGGACCGTGTCCGAGCCGATATCGATGACCGCCCGCCGCTCCCGCCGTCCCCTGCCGGGCATCGCTACCGCGCCCCGCCCCGGGGCGGCGGCGGGTCATCCGGCGCATCCGGGATGCGGTACGTCACCGGGCCCGGGTGCCACAGCCATCCCAGCCCGCCCTGCGCCGCCTTCCGGCCGTAGAATCCGCCGCCCGGCCCGCGCAGCGCCCACGCCGCCCCGACCGCCAGCAGGGCCCCGGCCAGCGGCCCCGCAAGGTACACCCACCAGTCCTTCCACTCCCACAGCACCAGCGCCGGCCCCAGCGACCGGAACGGGTTCATCGACGCCCCGCTCATCGGCCACCCGATGAGGCCCGCCAGCGCGATGTAGCCGCCCACCCCGCCCGCTCCCAGCGGCCCCACGTTCTGCGCTCCCGAGGCCGTCCCCAGGATCACCGTCACCAGCCCGAACGTCAGCACCACCTCCCACCACATCGCCCGCAGCGCGCTCACCCCCTCGCCCGGCAGCGTCAGCCCGGCCGTCCCCTGCTCCCCGACGAGCGCCGCGAGCGCCCCCGCCGCTGCCGTCGCACCCACCGCCTGCGCCACGAGGTACAGCGGCACCCGCCGCCACGGGAAATCCGACCGCAGCGCAAATGCCAGCGTCACTACGGGATTCAGATGCGCGCCGGAGACCGAACCCATCGACAGGATGATCGCCGCCACCATCAGCCCCGGCACCGTCACCTGCGTTGCCGGGCTCACCACGTTGCCGCCGAACCGCGCGTCCACCATCGTCGCGCCCGCCGCCACGAACACGAGGAAGAACGTCCCCAGCACCTCCGCGAACAGCCGCCGCCACTCGTGCGCGTCGTCCATGAACGCGAACCGCTCCGCGAGGAACCCCGTCGGGTATCCCAGCGCCCGCGCCACCGCGTCGCCCGCATTCGCCACCCGCTCGGCCCGCTGCCGGACTTCGCTCGCCCGCGCCTCGTCTGTGGTCGTCATCGCTCCAGGCACCTCACGCGTTGGATGGCCCCGCAACCTAGCACCGCTGCCCACCCCGATCAACGTCTCGCCCCCGGGCGGCTCCCCTGCCCGCCTCCCGCGCCCCGCGGTAAGCTGCCGCCATCACCCCGCCGGAGCCCGCGATGGACCCCTTCGCCCACCAGCTCCCCCGCCTCGAATCCCGCATCGACCCCGCCTCTGAGGCCTTCCGCGCGAACGCCGCCCACAACCGCGCGCTCATCGCCGACCTCCGCGCCCGCCTCGACCGCGTCGCATCCGCCGCCGAACCCGCCGCCATCGAACGCCACCGCGCCCGCGGCAAGCTCCTCGCCCGCGAGCGCATCCAGCTCCTCATCGACCCCGCGACGGCCTTCCTCGAGTTCAGCCCCCTGGCCGCCGACGGTGTCTACGACGACGATGTCCCCTCTGCCGGCATCGTCACCGGCATCGGCGTCGTCGCCGGCCGCCCCTGTGTCGTCATCGCCAACGACGCCACCGTCAAAGGCGGAACCTATTACCCTCTCACCGTCAAAAAGCACCTCCGCGCCCAGGAAATCGCCGAAGAGAACCGCCTCCCCTGCATCTACCTCGTCGATTCCGGCGGCGCCTTCCTCCCGCTCCAGCACGACGTCTTCCCCGATAAGCACCACTTCGGCCGCATCTTCTACAACCAGGCCCGCATGAGCGCCCTCGGCATCGCCCAGGTCGCCGCCGTCATGGGCTCCTGCACCGCCGGCGGCGCCTACGTCCCCGCCATGAGTGACGAAACCGTCATCGTCCGCGGCACCGGCACCATCTTCCTCGGCGGCCCGCCCCTCGTCCGCGCGGCCACCGGCGAAATCACCACCCCCGAAGAGCTCGGCGGCGCCGATGTCCACACCCGCATCTCCGGCGTCGCCGACCACCTCGCCGAGGACGACCACCACGCCCTCCGCATCATCCGGGAGATCGTCGCCACCCTCCCGCCGCCTCCGCCGCCGCCCTGGCCCGTCGCCGAGCCGGAACCCCCGGCCTATCCCGCCGACGACCTCCTCGGCATCGTGCCCGCCGACCTCCGCCACGCCTTCGACGTCCGCGAAGTCATCGCCCGGGTCGTCGACGGCTCCCGCTTCCACGAATTCAAGGCCCGCTACGGCACCACCCTCGTCTGCGGCTTCGCCCGCATCGAAGGCCACCCCGTCGGCATCGTCGCCAACAACGGCATCCTCTTCTCCGAGTCCGCGCTCAAAGGTGCCCACTTCATCGAACTTTGCGCCGCCCGCGGCATCCCGCTCGTCTTCCTCCAGAACATCACCGGCTTCATGGTCGGCCGCCAGTACGAAAACGCCGGCATCGCAAAGGACGGCGCCAAGATGGTCACCGCCGTCGCCTGCGCCGAGGTCCCGAAGTTCACCGTCATCATCGGCGGCAGCTTCGGCGCCGGGAACTACGCCATGTGCGGCCGCGCCTACGGCCCCCGCCAGCTCTGGATGTGGCCCTCCGCCCGCATCTCCGTCATGGGCGGCGAACAGGCCGCCTCCGTTCTCCTCCAGGTCCGCCTCGACCGCGGCGAAACCCTCACCCCGGAGGAGCAGGAAGCCTTCAAAGCCCCCACCATCGCCCGCTACGAAGCCGAAGGCTCCCCCTACTTCTCCACCGCACGCCTCTGGGACGACGGCGTCATCGACCCCCGCGACACCCGCCGCGTCCTCGCCATCGGCCTCCAGGCCGCCGCCTGCGCGCCGCTCCAGCCGACCAGGTTCGGCACTTTCCGCATGTAGGCGCCCCCGCCAGCCGAATCATTCAGTAAGACACGCGCGAACCGGCGGGAACATTTCGTCCGCCGCCGTCGTTCCCTGCATCGAAGGGGAACACCCCCGCAGGAGGAACCATGCCTTCGAACCCGCCCATCCGGCTCTCCGGCCCGCTCGGCTGGGCTATCGCCGGCGTCGCGGCCGCGGCCGTCTTCGCCGCCGGCGCCCTCACCGCCCGCGCCTTCTTCGATGGCGGCGGCGATGCCCCGCCCGCTGCCGGCGGCGCCTCGCCCGGCATCTCCGCCCCGTTCCCGGCCCGCACGCCGTTCGGCCGCCCGGCCATCCCCGCCGCCGCGGGCTCCCCCGGCATCGGCGGCGCCGGCGGCGAGGACGCCGCCTCCTCCAAGCTCGGCTATGGCATGCCGTACCAGTGCCAGGCGCCGCTCCCGGCCTCGGCCCTCGGCATCTCCGCCGTCGACCTCGAGGCCGCCGGCATCCAGCCCCGCGTCCCCCGCGACGGCTTCGAACTCATCGCCGTCAGCCTCGCTGCTGTTGCTGACTGCGACGACCAGGGCCAGCCGACCGGCACCCCCCGGCCGATGCTCTCTACGTCCTGGCGCCACACCGCGACCGGCCTCGAGGCCTACCTCTCCCAGGTAGCCTCGTCCGAGCCCCTCGCCCCCGTCCTTCGCTCCGACGGGGCTGTCTTCGCCGCCCTCGGCTACCACTTCTCCATCTACGTCAACAGCTACCCCGTCCGCCCCTACGACACCGCGAAGCCCTACCCCTCCGGCCCCGACCCGCGCGCGCCGGAAGTCCTGCGCGAACTCATCAGCAAGGTCGCGCCCGGCTTCGACCAGCAGTGCTTCTGGACCGTTACCGATGCCGACTGGTCGGCCCTCGCCGCCTTCAGCGTCGGCGACCCCCGCCCGGCCATCCCCTCCGGCCTCGCCCTCTCCGAAGTCCACATCACCGCCTTCCGCGAGCCCGCGGCCGGCTGCGATACCTCCGTCAAGCCGACCGAAGGCTTCGGCCTCTACGCCTACTGGAACTCCGACCAGGGCGACATCTTCGGCGTCTCCGTGACCGGCCTGCCCGCCGGCGCCGATGCCTCCTTCCCCGGCTACATCGACCAGTACAGCGCCAGCTGGGCCTCCCGCGGTCTCCAGTTCTCCGTCTGGTACGGCG
CP115149.1_gap52	1897212	1899948	2736	CATCGCCAGCTCCAGCCGCCTCGATGCACGCGTTCAGCGTCTCCACTTTCGCCGCCGCCACCCGGTCGATGGCAGGCATCCCTTCGACCGGCTGCTCGGTCCACGCGCGCGCTGCATCCCACATCAGCGCGGCCGGCTCCGCTGCACGCAGCAGGTCCATCCGCGCCACCCGCATCCGGACGCCCGGCATCTCCCGGATCGGCCGCTGGCTGTTCGGTCCGTCCGCTCCCGCGCGAAGGCCACCGCGTAATCGCGCGCCGCCGTCGCCACCCCGATCGTCACCGCGCACAGCCCCAGCCCGGCAACCACGCCATCCGCCGCGCCCGCCCGCGGGTCCGGCGAACCCGCCTCCCGCGCGTTCAGCAGCCGGTCACCCGGCAGCCGCACGCCCTCCAGCACCACGTCGTGGCTCCCCGTCGCCCGCATCCCCAGCGCATCCCACGTCTCCACCACCCGCAGGCCCGGTTCGCCCCGCAGCACCAGGAAGTTCCCCACCCGCGCGCGGCCCGCTGCCGCCATCCTCGACCCGCGCCAGCACGATGAAGTGGTGCAGCACCGGGGCCAGCGTGGTGAACGTCTTCCTCCCCTCCAGCACCCAGCCGCCGCCCTCCCGCCGCGCGACCGTGTCCGGCAGCCCGCCCCCCGAGGGGCTCCCCAGTCCCTCCTCCGTCGCGACTGTGTTCACCAGCTCGCCCCGCTCCACCGCGCCCCGGCAGAACCGCTCGAACCACACCTCCGGGTAGCTCGGCGCCTCCCGCTCCTGCCCGAACGTTTTCAGGTGCATCATGAACGCCAGCGCCGTCGACCCGTCGCCCCGGGCCAGCGCCTCCAGCACCCCGAGGTACGTCGCCAGCGACGCCTCCGCCCCGCCGTACCGCGCCGGCACCGTCAGCCCGTAGAACCCGGCCGCCCGCAGCTCCGCGAAGTTCTCGAACGGGAACGAGCCCTCCCGGTCGTGCGCCGCCGCCCGCTCAGCGAACCGCGCCGCCAGCTCGCGCGCCCGCGCGACCCAATCCCGGTCCGGCTCCATGCCGACGAGTCTACCCGTGGAGCGCTGCCCGCGCCGGTCAGCGGCCCCCGTGGGCCGGCGAACCGGCGAGGTCGCCCGCGCCCGCTCGGCGGCCCCTCGAGGTGCAGGTTCGGCAGCAGCCGGTCCAGCCAGCCCGGCATCCACCAGTTCCAGCGGCCCAGCAGCTCCATCGTCGAGGGCACGAGGAATATCCGCACCAGCGTCGCGTCGACGAAGATCGCCGTCGCCAGCCCCAGCCCGAACTCCTTGATCACCCGCTCCGGCCCGAGCACGAACGCCAGGAACACCGTCACCATGATCGCCGCCGCCGCGGTGATGACGCGCGCCGTCGCCGTCAGCCCGTTCGCCACCGCCTCCGCCGTGTCCCCTGTCCGCAGGTACTCCTCCCGGATGCGGCTGATGAGGAACACCTTCACATAGTCCATCGAAAGCCCGAACAGGATGGCGAACATCATCATCGGGAGGAAGACCTCGATCGGGCCTTCCCCCACCCCGATCAGCTCGCCGAACCAGCCCCACTGGAACACCGCCACGACCACCCCGTACGCCGCCCCGATCGACAGCAGGTTCATCACCGCCGCCTTCGCCGCCACGACCACCGACCGGAACATCGCCGTCAGCAGGATGAAGCTCAACCCGATGACGCCGATGAACAGGTACGGCATCCGCGACGAAATCCGGTCGCTCGCGTCGATCTGCCCGGCCGTCACCCCGGTCACGTAGTACCGGTCGCCGTTCGTCCTCGGCCCGCTTCAGCACGTCGCCGCGCAGCCGGTGCACGAGGTCCGTCGTCGCGTGGTCCTGCGGCTTCGTCGTCGGGATGACCGTAATCACCGCCGTATCGCCGGCCGGGTTGATCACCGGCCGTCCGTCACGGCCGCAACCCCCGGGGTCTCCCGCAGCAGCTCCACCGCCCGGCTCAGCCCGCCGTTCCCGTTCCGCACGTCCGCCACGATGAGCAGCGGCCCGTTCGTCCCCGGCCCGAACCCCTTCGCGATGAGGTCGTACGCCCTCCGCGCATGCGAACTCGGCGACCGGTTCCCCGCATCCGTGAACCCGAGCTGCATCGAGAAGATCGGCAATGCCGCCGCCACGACGCAGCCCGCCCGTACACGATCGCGAACGGCCACGGGTGCCGCTGGATGACCCGGCTCAGCCGGAACCACGGGCTCCGCGGGTCGATGCCCTCCGACTGGTGCAGGAAGGGCACCCGCAGCGCCGATCGACCCGCTTCCCGAAGACCGCCAGCAGCGCCGGCGTCAGCGAGACCGCAATCGCCACCGCCACCAGCACCACCACTGCCCCCGCCGTCGCCAGCGTCGCAACGAACGGCAGCCCCATCACGAACAGCCCGAGGAACGCAGATCGCCACCACCACCGGCCGGCGAACATCACCGACCGGCACCGACGTCACCACCGCCTCGACGACCCCCTCCTCCACCGACCGCCCGCCGTGAATCGCCTCCCGGAACCGCGTCACCACCAGCAGGCTGTAGTCGATGCCGACCCCGATCACCGATCATCGCCGCGAACTGCGACGAGAAGCCGGGGAAGCCGACCCAGCGCGCCGCCACCGTGATGATCGCCAGCCCCGTCCCCAGCCCGAACAGCGCCGCCCCGATCGGCACGCCCATCGCCACTACCGACCCGAACGCGATGAGCAGGATGAACACCGCCGCGATGAGGCCGTAAATCTCCGAACCGAA
CP115149.1_gap53	1902085	1906207	4122	CCGCACCGCCCAGGCCAAAGCCCTCCTCGAAGGCCGCGTCGACTTCGTCATCCCCGACGACGTCAAAGACCTCGCCGTCTTCACCCTCGCTCACCGCGTCATCGTGAGCCCCGGCGCCAAAGTCAAAGGCGTCATCGCAGGCCGACGTCATCGCCCAGTGTCTAGCCCAGCGCGTCCCCGTCCCCGGGGCTCGCGCCCGCGCCTGAGGCGGCACCGTGCGGCGGCTCATCGGCGCGGCCATCGCCCCCGAACGGCGCACCCTCGCCCTCGTTCTCGCCATCCTCGCCGTCTCCGTCTTCGTCGCCTTCGCCACCGGCTTCTGGCTCCTCTTCCGCCTCGTCTACATCATCGCCCTCGTCCTCCCGCTCGCCTGGCTCTACACCTGGTGGAACACCCGCAACCTGGAGGCCGCCGCCGACCGCCGCACGGCCCGCGCCCAGGTCGGCCAGGAGGCCCTCGAAGTCATCGAAATCCGCAACACCTCCTTCCTCCCGAAAGTCTGGCTCGAAGTCGAAGACCCCTCCGGACTGCCCGGCCACCTGGCTCCCGCCGCATCGTCACCATCCCGCCGCGCCGCTCCCGCAACTGGATGGTGACCACGCCCCTCCTGCGCCGCGGCCTGTACGAATGGGGCCCGCTCACCGTCACCGCCGTCGACCCCTTCGGCATCTTCCGCCGCACCCGCACCTTCGGCGAAGCCCAGCAAATCCTCGTCTACCCGCCCGTCGTCGAGCTCCCCCACTTCCAGGCGCCCCCGGCCAACCTCCCCGGCGAAGGCCGCTTCCGCCGCCGCACCCACTACGTCACGCCGAACGCCGCCGGCGTCCGTGAATACGCCCCCGGCGATGCCTTCAACCGCATCCATTGGCGCTCCACCGCCCGCACCGGCGAACTCATGGTCAAAACGTTCGAGCTCGACCCCGCCTCAGACATTTGGGTCACTCCTCGACCTCGAACGCCGCCGTCCACGCCGGCTCCGGCGACGATTCCACCGAGGAGTACGCCGTCCGCATCGCCGCCAGCGTCGCCCGTCACTACATCGTCGCCAACCGCCCCGCGGGCCTCATGCAGTTCGGCCGAGACCTCCGCATCCTCGAGCCCGAGCGCGGCCAGAACCAGCTCACCCGCATCCTCGAGACCCTCGCCACCGCCAGCGCCGTCGGCGATGCCCCCCTCGGCGCCCTCCTGCTCGAAGAGCAGCGCCGCTTCGGCCGCCACACCACCCTGGTGATCGTTACCGCTTCAACGGACGACCACTGGCTCACGGCCATCCAGTCGCTCACCCAGCGCGGCGTCCGCGCCGCCGTCGTCCTCGTCGACCCCTCCACCTTCGCGCAGCGCATCGCTCGCCGCTCCTCCTCTACGGGCAGCTCACCGCATCCGATATCCTCACCTACGTCGTCCGCCGCGGCGATGAAGTCTCTCCGTCGCGCTCGGCCCGGCCGGCGCAGGAGGTGGCGCATGGCAGGCCTGAACCCGACCATCGAGCGCGGCCCCGTCCGCAGCGCCGGGTCCGTCGCCCTCAACCTCCCGCGCATCGTCATGAGCTGGGAGGACTGGCTCACCTTCGCCGCCGCCGTCGTTACCTTCGCCGCCATCGGCCACTCCCTCGACCAGGCGAACTGGGTCGACGGCATGCCTCCCTTCATCCCCACCGTCCGTCGCCGGCCTCGCCATCGGCATGCTCACGGCCCGCACGCGCCTCCACGCGCTCGCCATCCATCCCGTCGGCCTCCTTGCCGGCGCCGCCGTCGTCGTCCTCGTCGCCCAGACCTACGCCGACGGCCCCACCCTCGCCGACCGTCCTCGCCGACTTCCGCGTCCGCATGGTCGAATGGTTCACACGTCGTCCGCGCCGGCGACATCTCCAACGACAACCTCCCCTTCGTCACCCTCGTGCAGGGCACCACCTGGCTCGCCGCCTACGCTCGCCGCCTGGTGCCTCTTCCGCTGGCACAACGCGTGGCTCGCCCTCCTCCCCGGCGGCTTCATCCTCCTCACCAACATCTCCTTCCTCGATGGCCAGCCCACCGGTGACTTCGTCATCTTCCTTTTCGGCGCCATCATCCTCATCTCGCCGCGTCCAGCCTCCAGAAGCACCTCGCCCGCTGGCGCGCCGAAGGCGTCGACTACCCCGAGTTCATCTCCCTCAGCCTCATCCAGCTCACCGTCGCGGTCGCCGCCGCCCTCGTCGTGCTCGCCTGGTGGCTCCCGCTCGGCAACCAGGCCAAAGCCGCCGAATCCGTCTTCGATACCCTCGTCCGCCCGTTCACCTCGCAGTCCGACCAGCTCGCTCCGCCTCTTCCAGCTCAACATCGATTCGCGCCGCGGCGCTCAACCTCCACACCTTCGGCAATACCCTCCCCATCCAGGGCGACGTCACCCTCGGCTCGAAACGCCTCTTCGAAGTAAACAGCGCCCAGGCGGGCCTCCTCCGCGCCACCAGCTACGAGGTCTACACCGGCAACGGCTGGAAAGCCGGCGACCGCGACTCCGCCCGCGTCGATGCCCGCGAACTCGCCGTCGACGCCCGCTCCGCCACCTACGAAGCCCGCACCACCGCCATCCTCCGCGTCAAGCTGCTCTCCTCCGAAAGCACCATCCTCACCCCCGGCGTTCCCCTCGCGGCGAATCTCGACACCCGCGTCGACACCGCCCCCGGCCAGGCCGGCGATATCGAGCGCATGCGCAGCCGTGTCGCCCTCGGCACCGGACGACACCTACAACAGCTTCGGGTCCGTCTCCACCGCCACCGCCGCCCAGCTCGACGCCGCCGGCACCACCTACCCCGACTGGGTCCTCGAGCGCTACCTTCAGCTCCCCGGCTCCCTTCCCCAGTCCGTCCGCGATGAAACCCGCCGCATCATCGCCGAATCCGGCGCCCGCACCCCCTACACAGCAGGCGAAGGCCAGCTCGAAGCCTACCTCCGCACCTTCCCCTACTGGGACCTCGCGCGCGTCCCGGCGCCGCCGCCCGGCCGCGACGCCGTCGAATTCCTCCTCTTCGACCTCAAGCGCGGCTACTTCGATTACCAGTCCTCCGCGATGTGCGTCATGCTCCGCACCGCCGGCATCCCCTGCCGCGTCGCCGTCGGCTACGTCCTCACCCCCGGCTCCGGCGAAGAGACCCTCTACACCGTCCGGAAGAGCGACGCCTACTCCTGGGTCGAAGTCTTCTTCTCCCTCCTACGGCTGGGTCGAATTCAATCCCACCTCCGACCGGCCGCGAAGGCGGCGCGGGCGGCCTCAGCCAGCCCCTCGTTCCCTCCGACCCCTTCGTCGAGCCCTCGCTCGAAGAGCTCTTCGGCCCCGATTACCTCGACCCCAGGGGCGGCGCCGGCCCGGTCCAGGAAGCCCTCGCCGAGGACCCCGTCATCAACCAGCGCTTCAACTGGCTCCTCGTCATCATCCCGCTGAGCATGCTCGCCCTGCTCGCGCGCCGCGGCCGTCGGTCTCCGCGTCGCCTGGAACTGGGGCCTCGCCGGGCTCGATGAGCGCGCCCGCCTCTGGGCCCACACCCAGCGGCTCGCCGGCTGGGCAGGCCTCGGCCCGCGCGCCCCCGAGACCCCGCGCGAATGGTCCCGCCGCCTCGGGCGCACCATCCAGCGCGAAGAGCCAGCCATCCGCCTCAGCCAGGCGTACGAAGAATCCCGCTACGCCCGCCCGGACCAGCACCGCGTCGACGACTGCCGAGGCCGCAGCCTCCTACCGCACCCTCCGCTCAGCGCTCCTCGGCCCGCCTCCTCGGCCGCAAAAAGCCCGCGCCGTGAGCGGAGCCGGCCCTTCCCGCCGCCGCAATCGAGACGCCCCTCGGCTGGGCCGGTGTCGCCGTCACCCCCGCCGGCATCCGCCGCAGCCACCCTCTTCCACCGCACCCGCGACGCCTGCCTCGGCGAGCTCCGCCGCCTTCGGCGCCGCCGAAGCTGCGCCGGCCGACTGCCCGCCCGTGCTCGCCGCCGCGCTCGAGCGCCTCGCCGCCTACGCCGCCGGCGACCCGGCCGCCCTCGCCGCCCTCCCCGTGGACCTCCCGCCGGACCTTCCTCGGCACGTCCCGCCGCGTCCTCCTCGCCCTCCGCAGCATTCCCGCCGGCGAAGTCCGCAGCTACGCGTGGCTCGCCGAAG
CP115149.1_gap54	2021722	2023546	1824	CCGTCGGCATGCCGCCACCTCCACGCAGCGGGTGAGAAACACTGCAGGCAAGCATCCATCGTAGCAGCCGCGCCCCATCCCACCCAAGCCGGGCTGACCGTGCCGCCCGCCTGCGCGATACTGCCCGCGTGCCCACCGATGCCGTCATCGTCGCCGCCGGCGCCTCCACCCGCTTCGGCGCCGCGGACAAGCTGACCGCCGACTGCGCCGGCCGACCCCTCATCGCCTGGTCGCTCGCCGCTTTCGAAGCCGTCAGCGGGCTCGGCTGCCTCGTCATCGTCGCTGCCCCCGGCCGCGAAGCCGAGTTCGAGGCCCTCGCCGCGCAGTGGTGTCCCCGCGCCTGCTTCCGGGTCGTCCCCGGGGGCGCCCGCCGCCGCGACAGCGTCGAAGCCGGCCTCCGCGCCTGCGCCTCCCGCTACGTCGCAATCCATGATGGCGCGCGCCCCCTCGTGACGCCCGCCCTCGTCGAGCGGGTCATCGCTGCCGCCGCGGGCCGCCCCGGCGCCATCGCCGCCGTGCCCGTCACCGACACCATCAAAGAGGTGCGCGGCGGCGTCATCATCGGCCACCCTGACCGCGCTCTCCTCTGGGCCGCGCAGACGCCCCAGGTCGTCCTCCGCCAGGCCTGGCTCGATGCCGCCGCCATGTCCGACAACGACGAGACCGACGACGCCGCCATGCTCAGCCGGCTCGGCCTCGAATGCGCCGTCGTCGAGGGCAGCCACGACAACCTCAAGGTCACCCGCCCGCTCGACCTCGAAATCGCCGCGCGCCTCCTCGCCGCCCGGGGGGATGCCCCGTGAGCGCACTCTTCCGCGTCGGCATCGGCGAAGACCTCCACCCCGTCGACGACTCCCGCCACCTCATCCTCGGCGGCGTCATCATCGAAGAAGGCCCCGGCCTGCGCGGCCACAGCGACGCCGACGTCCTCCTCCACGCCATCACCGACGCCGTCCTTGGCGCAGCCGCCCTCGGCGATATCGGCCAGCACTTCCCGCCCGGCGACCCGCGCTACGCCCACGCCGACTCCGCCGATTTCCTCCGCACCGCGCTCCGCCTCGCGCGCGACGCCGGCTGGCACCCCGGCAACATCGATGCCGTCATCCGCGCGGAGCGGCCTCGCCTCGAGCCCTACATCCCCCACATCCGCGAGCGCATCGCCGCCATCGCCGGGCTCGACCCTGCCGCCGTCAGCGTCAAAGCCAAGACCGGCGAGGGCCTCGACGCCGTCGGCCGCGGCGAAGCGATGGCCGCCGTCGCCGTCGTCCTGCTCTACCGCTGAACCTTCCCTTCCCCGCCGGGTCGTGCCCGTAGCCGTCCCCGGGGCTAGGCTGGAAGCGTGGGCAAACGCCTTTTCGACGTCACCCTCGTCCTGCTCACAGCCCCGCTCTGGGTTCCCGTCACGCTCATCGCCGCCCTGCTCCTCGCCATCGACCTCGGCGGCAACCCGTTCTTCCTCCAGCAGCGCGTCGGCCTGCACGGCCGCCCGTTCACGATGATCAAGCTCCGCACCATGCGCCACGCCCGCCCCGGCAAAGAAGACCGCTACGTCATCGACGACTTCACGACCTTCGTCTTCTCGCCGCCCGGCAAGCCGAACCCCCGCATCACCCGCCTCGGCGCCTTCATGCGGAAGACCTCCATCGACGAGCTCCCGAACCTCATCAACGTCCTCAAGGGCGACATGAGCCTCGTCGGCCCCCGGCCCGAAATTCCCGAAATCGTCGCCCAGTACCCGCCGCACTACCACCGCCGCCACGAAGTGCTCCCCGGCATCGCCGGCCTCGCCCAGCTCAACGGCCGTTCGGATTTGACCTATGACGA
CP115149.1_gap55	2092329	2095750	3421	GCCTCGAGGATGCCCTCGCGCCGCAGCACCTCCGTCACGCGGGCGACGATCTCCTCCACCGCGCCGCTGTCCGGGATCTCGTCCCGGTGCCGCGAAGCCAGCGATTCGGCCACGTTCGCCAGCACCTCCGCCACCACGTCCGGCCGCTGTTCGAGCCCCCGCAGCATCCGCGCCATCAGGTCCGCATACGCCGGCGGGATGGTCCCGAACGCCTTCTCCGTCGGGAAATAGGCGTAGTACGGCCGCCCCGTCGCCTGCTTCACCGCCCGGGCTTCCACCAGCCCGTCCGCGCGCAGGTTTTCGAGGTGCCGGCGCACCGCTGCGGGGCTGATGTCGAACGCCTCGGCGAGCGCTTCGGCCCGGGCGCCGCGGTGCTCCACGATGTACGCGAGGATCCGGTCGCGCGTTCCCTGCATGCTTCCACGGTAGCCCACTTGGATGACTTTCGCAACTTCAATGTTGCGAAAGTTCCGAACCGCCCCGCCCGCTCCACGCCGCCACCAGCTCCGGCGCCGGCACCCGGTCCCCGGCCTGCCGCCGCAGCCGCAGCGCCCGCGCGAACTCCGCCCCGAACAGCAGGATCGACCCGTTGATGTACATCCAGAGCAGGAACGCCAGCGCCGACCCGAAGCCGGCGTAAATCGCCGTATCGCGGGAAAAGCTCGACTGCGCGACGACGATAGCGACCACGTTTTTCGCGGCCTCGAAGAGCACCGTCGCCAGCGCGGCCCCCGGCAGCGCATCCCGCCACGCCGGCCGGGCCGCCGGCGCCACCCGGTAGAGGATGATGAACATCGTGAAGGTCACCAGCGGCGCCAGCACCAGCCCGACGACCTCCGTCGCCGCCTGCCGGTCGAACGGGAACGGCGCGCTCCCGTCCACCCGCGCCACCACCACCCGGGCCGTCGCCGTCGCCGCCACCGAGACCGTCACCAGCGCCCCGAGCACCGCCACGAGCAGGATGTCGATCAGCTTCCCCCGCCAGAACGGCCGGCTCCCCTTCAGGTGCGCCGTCGCGTTGATGCCGTTCCGCACCGCCCCAAAGATGCCGCTCGACGACCAGACGAGAAACACGAGGCCGAAGCCGAGGCTCGCCGGGCTGAACTGCTGCGCCCGCCGCACGATCTCCTCCACGTTCGCGCGCACGCTCTCCGTCTCCTGCAGTGGCACCTGCTCGAACACCCAGTTGACGATCGCCTGCCGGTCCGCAAAGAGGCCGAACACCGAGAGGGTGATGAGCGCCAGCGGGATGACCGAGAAGATGGCGTAGTACGCAATCGCCGCCGCGTAGGTCGGGCAGTTGTCGTCCACGTAGCCGCGGACGGCCGCCGCGACCACTTCGAACGGTGCGCGCAGCGGCCCGGGAATCTGCCGCCACGCCCGCCGTGTGCGTTCCTTCACCGGCCCATCTTAGGCGCCGCCCCGCCCGCCGGGGAACCGCCCGGCCGCCAGCTCCTCCAGCGCCCGCTGCCACCGGGGCCCGACCTCCGGCCACGCGAACCGCCGCGCCGCCGCCCGGAACGGCTCGCGCGGCGGCAGCGGCGCGGTCAGCAGCGCCCGCAGCCGCGCCATCAGCCCGGCTTCGTCCTCCCAAAGCAGCCCGTGCCACTCCGGCGGCACCAGCTCCGGGTAGGCGTACCGCCGCGGCGCGCAGGGGATGCAGCCGGCCGCCATCGCCTCCGCCATCCCGATGCCGAAAAACTCGTGCCGCGTCGTGCTCACCGCGATATCGGCCCGGCGGAGCAGCCGCCCGTACGCCGCCCGGTCCTCCGCATAGCCGAAGTGGAGCACCCGCTCGCCGAGCGCCTCCCGCAGCCGCCACATCGCCGGGCTCGGGTTGTCGCCCGGCTCCCCGGCGATGATGACGCGGAAGGCGAGCCCCTCATCGGCCAGCCGCTGCAGCGCCCGTTCGAACAGCTCCGGCGCCTTGTCGAACTCCCAGCGGTGATTCCAGAGCAGCACCGGCGGCCCGGCGTCCCGCTCCCCCGGCCCGTCGACGTGCGCGAAATCGAGCCCCAGCGGCAGCACCGCCGACTTCGCCGCGATGGCATCGATGCCCGCCGCGGTGAGCCAGTTGTTCGGTTCCCGCTCCAGCTGGCGGAACGCGCCGACCAGGTCATCCCGGTGGAACGCCGAGTTGAAGACCGCCGCATCGGCCGCCAGCGCGCTCGCGTAGTTGATTTGCCCGAACCAGGAGTTGAACTTCGTGCCCCGGAGCCGCGGGTAGGTGACCTGGTTCTCGTGGAAGTACACCATCGCCGGCACCCCGCCCAGCCGCCGCCGCGTCAGCGCGAGAAACGCCGCGAGGTCCAGCATGTCCGTCGCGACCAGGAAATCGAAGCTCCCGGGCACCCCGTCCAGCTTCGCCGCCAGCTCCTCCGCGCCGCGCCGCATCCGCTTCCGCCACTCGCCCGGCGGCAGCGCCAGCACCGTCCAGTCGAACCGGGTGTGCCGGAGCAGCCCCTCGAGGAACGCCCGGTGGCTGCCGCCGTCGAACGGCTGCAGGAAGAGCCCGCGCAGCATCCCGCCCTACAGGTGCCCCAGTTCGGCCAGCCGCTGGAGCGCCGCCTCCATCTCCCGGTCCTCCGGGTCCACCCCGCGGTACTGCGCGACACAGTGGCCCCCGTACTTCTCCACGAGGAACCAGTCGTCGTCGATGATGAAGTCCGGCCGCGGCTCCACGTGCGGGTCCTTGTCGAACATCCCGTCCACCCACTCCGCGAGCCCGTGGAGGTGGACCACCCGCTCCACGTGGGCGAGCCCGGCCGCGCTCCAGACGTACACGCGGTGGCCCGCCGCCTTCAGCCGCTGCATCGCCTCCCGCGCGCCCGGGCGGAGCGCGTTCGTGTGCTGGTCGATGAACACCAGCGTCTGGTCGACGTCGAAGAAGATGTTCACCGCGCCTCGCCTTTCCCGGCGGCGGGCTCCCGGCCGCGCCACGCCAGCACCCGCGCCGAGTTCCACATCGTCCGCCCGTAGCCGAGCGCCAGCACCAGCCCGATGCCGAACGCCAGCACCCCGGCGCTCACGACCGCCGAGCCCACGCTCTTGTACCACGTGTGCGCCAGCAGCGCGCCGCCGCAGAACACGGCGGTGAGCGCATAAACCGCCAGCGTCACGCGCACCCCCGAGAGGCCGAACATCCGCTCGATCCGGTCGTGGAAGTGGTCGAAATCCGCATGCATCGGGTGCCGCCCGTCGAGGAACCGCCGGAGGAACGCGACCGCCGTATCCAGCACCGGCAGGCCCAGCGCCACGAGCGGGATGTACAGCGGCACACGCCCCGTTTCGTCGAGCGACCCCGCGACGCTCAGCCCGGCCATCGTGAACCCGAGGAAGTACGCCCCCGAATCGCCGAGGAACCGCCGTGCGCGCCCGATGTTGAACGGCAGGAAGCCGAGCGACGCCCCGCACAGGGCGG
CP115149.1_gap56	2130983	2132169	1186	CCGCCGCAGGATGCTTCGAATCCCTTTCACGCTGGCTCCAGTCTATCAGGCCTCGTCGTCCGCGCCTTCGCGCGCCAGCACCCGCCGCGAATCGCCTTCCTCCCGCGGGCCCACGATGCCCTCCGCTTCCAGCAGCTCGAGAATCTTCGCCGCCTTCAGGTAGCCGACCCGCAGCCGCCGCTGCAGCAGCGCCGGCGAAATCCGCTGGTGCTTCGCTGCCAGCGCCCGCGCCTGGATGACCGCCGGGTCGTCCTCCTCCACTTCGATGTCCGCATCGCCGCCGTTCTGCGCCGCCAGCGCCTCCTCCAGCAGCGCGTCGGCCGTCTCCGGCGCCAGCGCCCGGAACCGGTCGTCCTTCCAGAACGTCACCAGCCGCTCCACCTCCGCGTCCGACAGGTACACGCCCTGGATGCGAATCGGCTTCCCGGCATCGCGCGGCAGGTAGAGCATGTCGCCCCGGCCCAGCAGCTTCTCCGCGCCGCCCATGTCGAGAATCGTCCGCGAGTCCGTCTGCGACGTCACGGCGAACGCGATCCGGGTCGGGAAGTTCGCCTTGATGAGGCCGGTCACGACATCGACCGACGGCCGCTGCGTCGCCACGATGAGGTGGATGCCCGTCGCGCGCGCCAGCTGCGCCAGCCGGCAGATCAGCTTCTCCACCTCGAAGGGCGCCGCCATCATCAGGTCGGCCAGCTCGTCGATGATCACCACCCAGTACGGCAGCTTCTTCAGCGTCCGCGGGTGCTTGTTGTACCCCTCGATGTTCCGCACGCCGAGCTCGGCGAACTTCTTGTAGCGCGCCTCCATCTCCCCGACGACCGCCTGCAGCACCCCGACCACCTTGTCCATGTCCACGATGACTTCGCTGAAGGCCATGTGCGGGATGCCCGAATACCCGACCAGCTCCACCCGTTTCGGGTCCACCATCACGAACCGCACGTCGTCCGGCGTCGCGTTCATCATGATGCAGGCGATGATCGCGTTCATGCAGACGCTCTTGCCCGAGCCCGTCGCGCCGGCGATGAGCAGGTGCGGCATCGTCGCGAGGTCGGCCACCACGGGCGCGCCCGCGACACCCTTCCCGAGCGCAATCGCCAGCTTCGACTTCCGCGCGACCTCCGCGAACTCCTTCGTTTCCATTACCGACCGCAGCGTCACCACCGTCGCGCTGTCGTTCGGCACTTCG
CP115149.1_gap57	2157410	2162154	4744	AACTCACCGAGGAGCCTCGCCCCCGCGCGACCGGCCGCTCGTCCGGCGCCAGCCGCGGGTCCCGCCCGTGCAGCTCGACTGCCACCTCGTTCACCAGCTGCAGGATGTCCCAGTACACGAGGAAGAAGCCGGCGAGGCCGTGCTGCGCGATGAGCGCCAGCTCCCGCTCCAGCCGCTCCCGCGCTTCCTGCCGGTGCGGGTCGCCGTCCGGGTACTTCCGCCGGAACGCCCGCTCGCACACCCCCCGCAAAAAACTGTCCAGCGTCGCCCCTTCCGGCACCGGGTAGTCCGGCAGCCGGTACGGCAGGTCCCGCGTCAGGTCGAAGCGGCACCGCTCCGCGATCGCCACCGTGTTCGCGACGGCATCCGGCCGCCAGGCGAACCGCCGCGCCATCTCTTCCGGCGGCTTCATCAGGAATTCGGAATTCGGCCGCCGCACCGCATGCGACGTATCCAGCGTCAGCCGGTGCCGAATCGCCACCAGCACGTCATGCAGCCGGTGCCGCGTCCGCACGTGGTAATGCACGTCGTTCGTCGCGACGGCCGGCACCCCGCACGCATCCGCCGCCCGCGCCAGCGCCGCGTTCCGCCGCCGGTCGCCGTAGACGTCGTGGTCCTGCAGCTCGACGTAATAGCGGTCTCCGAAGACATCCCGGTAGCGGCCGGCGAGCGCCTTCGCGCCCTGCTCATCGCCGGCCGCGGCCAGCCGCGCCAGCGCCGAATCCCGGCAGCCGGAGAGCACGATGAGGCCCTGCCCCTGCGCCAGGAGCCATTCCTCCTCCACCTGCGGCGCGTCCTTCCCGTACGCCCGGTAGCCGCGGCTCAGCAGCCGGCAGAGGTTCCGGTAGCCCTCCGCGTCGGCCGCCAGCACCGTCAGGTGCGCGGTCTCCCCCGCGCCTTCCGCCCGGATCGTCAGCTCGCACCCCGTAATCGCCTTCAGCCCCCGCTGGCGCGCCGCCTGCGCGAACTCCATCGCCCCGTACAGGTTGTCGTGGTCGGTCAGCGCCAGCGCCGCGTAGCCGAGCGCGAGCGCCCGGTCGATCAGCTCGTCCGTCGTGCTCGCGCCCTCCCGCAGCGACCAGCACGAGTGCGCGTGGAGCTCGGCATAGCCTGCCACGCGCACCAGTATAGAACATGTGTTCTGCAACCGCAGCCGCGGGCGCGCCGCCTCTCAGTCCGTTGCCGTCGGCCCCGGGTTCGGCACCTGCTCGGTGAGCTGGTGGTTCCCAAAGGTCAGGAACACCATCGTGCCGCCGGGGATGAACACCGTCTGCGACGCCGGCGTCGTCGGGACCCAGCCCGCCTGGAGCACCTCCGCGACCGTATAGGTGCCCACCGGAAGGGGGAAGCAAACGCCGCCCGTCGACGTGGTCACCGCCGTCATCACCAGGGATTGCCCCTGCGAAATCGTGAAGGCCCACCCCGGTAGCAGGGGCTCCTTCGTATCGAGGATGCCGTCCTGGTCGAGGTCTGAGAATTTCTGGATGCAGAGATTCCCGTTCGTCGGAGTCGGGGCCGGCGTGAACGTCGGGGTCGGGCTCGGCGCCGATGGCGGCGTCGCAGTCGGCGTCGCCGCCGCCGGCGGCGTTGCGGCGGTTGCCGCGGCACGGGGCGACCCCGCGGCGGCGCTGCCTGCCCCCGGCACCGTCCCCCCGGCGTCCGCGTCCGCAGGTGAGGCGCCCGGAACCCCTTCGTCTTGCGCCGCACAACCGGCCAGGAGCCAGGCCGCCAGCAGAACGGCCGCCAGTCGAAGATGGACGATCGAACGAGGCATCGCGCGCTCCTTTCAGTGGAAGACTCTTGCGGGGGCGTTGGGGGGCGGCCCGGCCGCGGCCGCCGGGCCGCCCTTCGGCGAAGGCGGTCCCCCCCGGGCTCATGCCCCGTTACTGCCGGTAGTTGCCGAACGTCAGCGTCACCGTCGAGCCCGCCGGCACCGTCGCCGTCTGCGGATTCGGCGTCGAAGGCACCCAGTTCGGCTGCAGCACCTCGGTCACCGTGTACGTCCCGCTCGGCAGGCTGATGCACACCCCGGGCAGCCCCGCAGTTCCCGTCGTCACGGTCGCGACGACCGTCGCTCCCTGCGTGATGGTGAACTGCCACCCCTGGAGGTTCGGCTCGTTCGGGTCCTGCACCCCGTTCTGGTTGAGGTCGAGGAACTTCAGGATGCAGAGCGTCCCGCTCGCCGGCGTCGGGGTCGGCGTGGGCGTGGGCGTGAAGGTCGGTGTCGGGGTCGGGGTCTTCGTCGGCGTCGCCGTCGGCGTGAACGTGGGTGTGGGCGTCGGCGTGAAGGTCGGCGTCGGCGTCGGGGTGTTGGTCGGCGTCGCTGTCGGGGTGTTCGTCGGTGTCGGCGTGAACTGCGGGTTGATCGGCGTTGCGCTGAACGTCGGCGTCCCCTTCGGCGGGACAATCGTGACCTGCGGGTTGATGACCGTCGCGCTCATCGTCGGCGTCCCCTTCGGCGGCACGATCGTGACCTGCGGATTGATCGGCGTCGCGACCAGCGTCGGCGTGCCTTTGGGCGGCACGACGGTGAACTGCGGATTGATGGGGGTCGCGGAAAAGGTAGGCGTCCCTTGCGGCTGGCCGCCTCCACCTCCGCCTCCCCCGGGCCAGCACGCGGCCGAGCTGGCGGCGAACGCCCCGGCCGCAGCGGCGAGCCCGGCGCGGATGAGTGCGGTGCGAATCCGGCGGAACATCGAGGTCCTCCCAGCGAACGTGGCGCAATGCGCCCTGCCCCCTCGACCGAAAAGGCGGCCGGCATCTTACACACCCCGTCGCCGGGCGGGGCCACTCCGTTTTCCCCGGCCGAACGAATCGCTGGAGCCTGTCCTTCAGGGGCTGCGGGGGGCGCCCTCGTCGGCTCCCTGCGCGTCGTCACGGCGTTCGCCGGCGCCCGGCGCCGCCGCGCCCGGCCGCCGGAACTGGGCATAGTCCGCCCCGATGAGCGACGACAGCCCGGTCGCCGCCGGCGCCTCGCCCGGGGGCGCGGCCCGCGCCGCCGCGAACGGGCTCCGCTCGCGCGCCAGCGTCCGCTCCAGCACCTCTTTGCGCCCGCCCGTCACCAGCCGGCCGTCGGCCAGCTCCTCGACCCGTCCCGCCATCTCCATCACGAGCCGGTCATGCGTGCAGGCGATGATGGTGATCCCCTCCACCCGCGCCAGGTCCCGCAGCAGGCTGAAGACCGCCGTCGCCGTCGCGGAATCGAGTTCGCCCGTCGGCTCGTCGGCGAGGATCAGCCGGGGCCGCGCCGCCAGCGCGCGCGCAATCGCCACCCGCTGCTGCTCGCCGCCAGAAAGCTCGTACGGCCGGTGCTCCGCCCGCTTCCCGAGGCCGACGAACGCCAGCGCCTCGTCCACCCGCTTCTGCCGCTCCCGGTGCCCCAGCCCCGCAATCCGCAGCGGCAGCTCCACGTTCTCCCGCGCCGAGAGCAGCGGCAGCAGCCCGAACGACTGGAAGATGAACCCCAGCGTGTGCCGCCGCAGCCGGTCGAGCTCCCGGTCGCTCATCCGGTCCACGCGCGCCCCGTCGATGAGCACTTCGCCGCTCGTCGGGCGGTCCAGCCCGGCGATCAGGTTGAGCAGCGTCGTCTTGCCCGAACCGGACCGCCCCACGAGCGCAAGGAACTCGCCGGGCCGCACGCTCAGCGAGACCTCGCGCACGGCCCAGACGTCCTCGCCGCCAGCGCGGAACTTCCGCGAAACGGACCGCAGCTCGACCGCAGCGCCCTCGCTCACCAGTGCGTCCCCTTCGCCCGCACGCGCCGGCTCCCATCCGGCAGCACCTCGATCCGCCCTTCTCCGAGCAGCACCCGCGCCCGCTCGCGGATGTCCAGCGCCTCGAGGTACTCCCGCGGGATTTGCAGCCGGCCGGCCGCGTCCACCAGCACGTACTCTTCGTGGGCGACCGTCGCTTCCGTCCCTTCGAACCGCACCCGCCGGTAGATCTCGGTGCTCGTCCGGCCGTCCCGGATCGCCACCACCCGGTCCACCCGCGCCGCGATGTCCGGGTCGTGCGTCACGATGACGATCGTCGTCCCCAGCTCCTTGTTCAGCGTCCGGAACACCTCGTACACGGTGTCCGCCCCGACGGAATCCAGCTCGCCGGTCGGCTCGTCGGCCAGCAGCAGCGGCGGCTCGTTGGCCAGCGCGACCGCGATCGAGACGCGCTGCTGCTCCCCGCCCGAGAGCATCTCCGGCCGGTGGTGCAGCCGGTGGCCGAGCAGCACCAGCTCGAGCAGCCGCTGCGCCCGCGCCCGCGCCTCGCCCGGCGGCACCCCGTCCAGCACCATCGGCACCTCGACGTTCTGCAGCGCCGTCAGGTACGGCACGAGGTTCCGCCCCGTCTGCTGCCAGACGAACCCCACCTGCCGCCGCCGGTAGCGCACCATCTCCTTCGCCGACATCGTCAGGAGGTCCTGCCCGCCGACGAAACACCGCCCCGCCGACGGCGTATCGAGCCCCGCGAGGATGTTCAGCAGGGTCGACTTCCCTGAGCCCGAAGCCCCGACGATCGCCATGAACTCGCCGCGGCGCACCTTCAGGTCCAGACCCCGAAGCGCCACGACCTCGAGGTTCGACGTCTTGTAAATCTTGAACAGGTCCTCACAGCGGATGTACAGCTCGTCATCGCCGGCTGCGCCGTCGAGGGTCGGCTTCGGCTCTGCCTGCATCTAGATCTCCCCAATCCGCAGCGCGCGGTGCACCGCCAGCCGCGTGTAGACCGCCGCCAGCGCCGCGATGGTCGC
CP115149.1_gap58	2165224	2167019	1795	TCATCCAGCGCCGGCCGGCCGGAGATGACGACCCGGACGTTCCGCTCCGCCGGCTCGGCATTTCGCAGCGCGTACCGCAGCCCGAGGTCGCGCACCGCGTCCGAGTAGAGCACCACCGAGGCCATCAGCGCCGCCGCCATGACGACGCCGACCGCCACCGTCGCGAGCAGGCGGCGGTTGGCGAGGCTTCGCCGGACCACCATCGAGAGGACCACGAGCGCCGTTCGCATTTCCCGCGCGAAACCTACCCGAGTCGCGGCCGCCCGGCAAAGCAGCCGCCGCGCCGGCCCGGCCGCCCTCGTGTACAGTTGCGCCCGATGCGGAGCGCACTCGCCACCTGGCGCCTCTTCGCCCGCCGCAGCGAACGGAACTGGCGGCTGCTCGCCGTCCTCGGCCTCGGCATGCTCATCGCCGCCGCGCTGCTCGCCGCCGCGCCGGTCTACGCGCGCACGATGGCCGACCTCGGCCTCACCTTCACCGTCCGCGACCGCCTCGGCGAAGCCCCGGGGAATCGCGTCAGCTTCACGTCGGTCCCGCTCGGCACGCCGGAAGGCCAGTCGCTCCGCGACGCCGTGGAGCGCCGCATCGCCGAGCGCATCGGCTGGTTCGCGCAGGGCGAATCGCGCGTGCTCATCGGCCCCCGGTTCTTCCTCGCGCCGCCCGGCGAAATGCCGCCCCTCCTCGCGCCGATCGGGCAGCTCCAGTCCGTCACCGGCTACGAATCGGCCGTCACCGTCCTCGAAGGCGAGCTGCCCCGGCCCGCTGCGCCCGGCCAGCCGATCGAGGTCGCCGTCTCGCGCGATGCCGCCCGCGCCGCCCGCCTCTCCGTCGGCCAGCAGCTCGCCCTCGTCGAAGACGTCGACACCTGCGCCCGCGAAATCCCGCGAGAGGACCGCCCGCCCCCGCCGCCCTGCACGCCGACGGCCGGCGTGACCTTCACCCTGGCGGCCGTGGTCGCGGCCATCATCGACCCGCTTCGCGCCGACGACCCGTTCTGGGTGCTCCCCGCCGAGCGGTTCTTCGCGCCGTACCGCCTCCTGCCCGAAAACGGCCCGGTCGTCCCCATGTTCGTCCCCGAGGAGACGCTCCTCGGGGCCTTCGCCGCGCAGTTTCCGGCCTACGGCGCGGGCACGGCATGGCACACCTACGCCCGCCCTGAAGCGCTCTCGCGCGAGACCTTCGACCGCGCGCGCGCCGACCTCTCAGCGCTCTACTACGACCTCGAGCCGCTCGGCGGCGCCAGCTTCAGCCCGCTCGCCAACGTCCTCCGCGACTACGGCCGCGCGCAGCAGTACCAGCAGGCGCCGCTCACTATCCTCCTCCTCGAAATCGCGGCCGTCGCCGTCTTCTACGTCATCCTCGTCTCCATCGTCCTCACCGAACGCCTCGCCGACGAGGTCGCGCTGCTCCGCAGCCGGGGCGCGACCGTGGCGCAGGTCGGCGTCATCACCCTCGCCGAGGGCCTCATCCTCGGCGCGCCGATCGTGCTCGTCGCCCCGCTCGTCGCCGCCGCCGGGACGGCGCTCCTCGGCCTCACGCCGACCTTCGAACCCGTGAACGGCGGAGCCCTTTTGCCCGTCTCGCTTCCGCCGGAAGCGTTCCTCTACGCAGCGGCCGGCGTTGCCGTCTCCATCGCTGCGCTGCTCGCGCCGGCGCTGCTCGCCGCGCGCTCCTCGGCCGTCGTACGCCGCCGCGAACAGGCCCGGCCGGGCCGCCCGCTCTTCCAGCGCTATTACCTCGACCTCGCGCTTGCGGCCTTCGCTGCCCTCCTCCTCTGGGAGCTGCGCGAGCGGGG
CP115149.1_gap59	2291753	2292342	589	GGCGAGGGCCCGCAGCTGTTCGGCGACGTCGTTCTCTGACCCGACGATGGCGACGTCGGCCGGGCCGGCCGCGCCTTCCACGTCGAGCACTGCCCGGTAGGAGGGCAGCGTGCCGTAGACGGCGAAGACCTTCGCGGCCGAGGCCCGGGCTGCGGCAGCGTCGGCGGTGACAGCCACCGGAAAACCGGAGACGATGCGCGGCGCCGGCCGGCCGGCCTCGGCGGCTGCGGCCCGGATGGCGGGGATGGCCGTCTCCCGCAGGTAGGCCGGGCCGCCCATCCACGTGGCCGTGCCGTCGGCCAGCCGGCCGGCGACCTTCAGCATCTGCGGTCCGAGCGCGGCGACGATGACGGGCACCCTGCCGGCGCCGGGCACCGTCAGCTGGCCCTGCACCCGGTACTCCTCGCCGCGGAACTGGACGGGCTTCCCTTCGAGCAGCGGCACGAGGACCGAGAGGTACTCCCGCATGTGCCGCACCGGCTTCGAATAGTCGAGCCCGAACATCCCCTCGATGACGACCCGGTGGCTCAGGCCGATGCCGAGCGTGAACCGGCCGCCCGCGGCCGCCGCGGCCGTCAGCGCCTGCTGC
CP115149.1_gap60	2374863	2376262	1399	GCCGATTCGACCATGCCCTGGTAGGCCTTATTGCCGTGGCCGGGGCTGCCGCCGCCCGGCAGGCCGGTCCCGGGCGCGGTGCCGGCGATGGCCGCATCGAGATCGGCGACCGCCCCGCCGATGAGGTTGAGCCCGGGCGCGCGAAGAGCGTCGCCGAACGAGGGTGTCTCCGCTCCCGGCATGCCGTACCGGCCGTCGGTCCCCGGCATCCCTCCCGCGGCTTCCCCGGCTCGGGCCTGGAGGTCGTCGAGCGACGGCCTGGCGATGTCCTGGAGGGCGCTGGGCACGGCGCGCTCCGCGGCACTGGCCTCGGAGGACGCATCCGAACGGTCAAGGGCGTCGCGGAGGTTCCCGGTTCGGTTGCTGATGTCCGGGACCGCCGCCGCTGCGGACGCCGCCGGGGCGACGCCGCTGACCGCGGCGTTTCCGCTCGAGCCATCGCTGCCGGGCGCGGAACGTCCAGCAGCCCGGGCCGCGGGCCCGGAGATGGCGGGGTCGCTGTTCCGGAGAAGGGCATCCCGGGCCTCGGCCGCCGCCGTTTCAGCCGGCGCCGGCGCCGGTTTCAGGTCGATGGTGCGGAGGTCAGGCGCTGGCGCGGAGTTGCCGGCCGGCGGCGCTTCTGCGACCTGGGGCGGAGGCGGCGCGGCGTCTGGGGCGGGCGACCGCTTTGGAAACTGGGGTCCGCTCGGGGAACGCTTGGGCATGGGGGCCACATCCTGGGCGAGGATGCGGGCAGTCTCGGACCCTCGAATCGGCGCAGCAATGCCGAAAATGACACATTTTGTACCCCCGCCCCGGGGGGAATGGTCACGCCCCGGGCGGCGGGATGCGCGGCCAGGTCCGGTCGTAGTACGGACGGCGCCCATCCTCCATGATGCGCAGCTGGTGCACGGCCTCCGCCGTCCTCGCATCGAGAGCGACCCAGTCGTTGAACCAGATGGACGGCGGGTCGTTGGCCGGGCCGGTGACGGAGATGAAGCGGAGCTCGCCCACTTCGGCATTGGCCCAGACGACCGGGTACGTCAGCCGGACCCGGTAGGCGCGGCCGGGGACGGTGTTCCAGAGGTCGAGAAACTTCTGCACGTATTCCGGGCTGCCGTTCATGAGGAACTGGACGGCGGCGGCGAGGTAGGGATGCTGGGCCGGGTCGAGGGCGGCGTCGCCGCCGTAGTGCCCTTTGACGACGGAGACCGCAACGGAAAGCGCCTCCGACCAGTTGCGCAGCCGGCGGGCAAACCGCGGGGTGGTGAGCATGCTGAGGAAGCCGCGCTGGAATGGCCCCTGCAGCTCGCGGTGGAGGTCGACTTCCCAGACGCGCTGGATGACGGCGTTCGCCGCCACCACTTCGAACAGTTCGGTCGTGACGCAGGCCGGGTGGGGCAGGTCGGCGATCGCCTCG
CP115149.1_gap61	2444392	2447657	3265	GACCGGGCGGTGCGGGGCCCGGCGCGGGTGCACGCGCACCTCGCGCGGCTGCGCGCGCTTCGGCTGCTCGGGCGCCTGGAGGAGATGCAGCGCGAGGCTGACCATCTCCGGGCGCTCGACTGGGAAGGCGACCCGGCGCTCCGGGCCGAAGTGGTCTACCAGCGGGCGGAGATCGAGCTGAGCGTGACACGGAATTTCCCGCGCGCTGAGGAGCTGCTCCGTGACGCCATCGACGAGGCGGAGCGCCATCACGTGAGCCCGCTCGACCTCCTCGCGCGGTCGACGCTCGGGCAGGCGCTTGCGATGCACGGCGATGCGCCCGCGGCGGTGACGATGCTGACCCGCGCAGCCCAGGGCTGGCGGGCGCTCGGCCGCTCATCGAACCTCGGCTGGACCCTGAACAACCTCGGCATGGCGCACCTCGACGCCGGCGACTTCAAGAGTGCAGTCGCGGTGCTCGAAGAGGCGGTGGCGGAGGGCATCTCCTGCGGGAACCGCCGCAACGTCGCCTACGCCACCGGGTCGCTCGGCGATGCCGAGCTGGCGCTCGGTCACTTCAAAAAGGCGCAGGAGCACTTCGAAGAGGCAATCCGCATCTGCGCGACGGAGGCGCTCGACGAAACGCTCGCGGCGCTCGCGATCGCCGGCCTCTCGGCTGCCTTCCTGGGTCAGGGCGACTTGCAGCAGGCCGATTTCTTCGCCCGCCGCGCGATGCTGGTCGCCCTCGCCTCCGGAAACCAGTACGAAATCGCGTACTGCAAGCTGCGGCAGGCGGCCGTCGACCTCGCCGCCGGCAACGCGCTCGTCGCTGAGCGTCTTGCCGGGGAGGCTGCAGGCGCCTTCGAACAGATGGACGTCGCTCCGTTCGCCGCGGCAGCCTGGTATCGGACCGCTATGGCGCAGTTCCGGCTGAACCGGCGCGCGGAGGCGCAGGAGTCGCTCGCGAAGTGCGCGGCCGCGATCCGTCAGCCGTGGATGACCAACGTGCTTGTCCCGCTCGTGCGCGAGAACCCGATGTTCGCCCAGTGGGCCGCGTCCCGGCCGGCCGCCGGCCGCTGGTTCCGGGACATCCTCGAGCGGCAGAGCTTCCTCGTCAGCAGCGACGCCGGGGAGGCGCCGTCCGAGCCCTCGGCGGGCCGGTTCCCGCGGGTGGTCGCCCGCAGCCTCGGCCGCGTCGCGGTGACGGTCGGCGGCCGGCAGGTGACGGACGAGCAGTGGGCGAGCCTCCGGGCGAAGGAGCTGTTCTTCCTGCTGCTGGCGCACCGGAGCGGCATCCGCAAGGAGCAGGCTGTCGAAATGCTCTACCCGGAGCTGCCGCGCGAGAAGTGCAACTCCGCGTTCCACTCCAACCTGTACCGGCTGCGGCGGGCGCTCTATGCCGAGTGCGTCGTGAAGCAAGACGGCGCGTACCTGCTCAACCCCGAGGGGCAGTTCGAGTGGGACGTCGAGCGCTTCGAGGCGGCGATCGAGCGGGCCCACCAGGCGGAGCCCGGCAGCAAGGAGCGGGCGCTCGCATTCCAGGAGGCGCTCGAGCTGTACGAAGGGCCGTTCGCGGAAGTTTTCGAATCGGAGTGGGCGGCGGCGCGCCGGGCGCGGCTCCACGAACAGGCCCACTCCTCGCTCGCGGCGCTGGCCGGGTACTTCGCCGCCCGCAAGGATTTCGAGGCCGCCGTCCTCTGCCTCGAGCGCATCCTGCGCAGCGACCGCTTCAACGAAGAGGCGGCCTACGAACTGGCGCGCTACCGGAGCCGCGCCGGCCAGGCGGTGCAGGCGCTCCACTTCATCGACCAGTACGCCGAGCTGTATGAGCAGGAGCTCGGTGAGCCTCTGCCGGAGCGGTTTTTCGAGCTGCGGGCAGCCATCGCCGCCGGCGTCGCGGTGTAGTTCTCAGCCGGCCGGCCCTCTCGCGAGAATTTCGTAAGAACCGGGTCATTACCTTCCGGGGCGACAAACCGTTCCCGGAGGAACTCGCAGATGACCCGCCGCCTCGTCACCCTCGCCATCTCCGTTTCGGCGCTCGCCGTGATCGCCCTCGCGGGCGCGGCCCCGTACCAGTCCTGGTAAACCGGCGCGCAGGGAGTCCCTGCACGCAGCTGCCGAATCCGAGACAATCGCCCGCATGAAACGCCATGCGGGCGATTTGTTCGTGCTTGGCGCAGCGGCGGTCATCTTCATCGCGCAGCAGCTGGCGATTTCGTTCATGCCGCTCGATGGTGCAGCCGGCGCGCTCCGCCGCAGCCTGTTCCTCGTCACGACGGCCGCCCTCGCCCTGATGGCGCTCCACTTTCGCCGGTTCTTCGGGGCATGGCTGGTGTCGGCGGGCATCCTCATGAACCTGCTCCCGATGGCCGCCCACGGCGGCGCGATGCCGATTGACTTCGCTATCCTCCAGCGCTCCGGCGCGTTCCCGGAAATCACGGAGGCCGACATCGGCCGCCAGACCAACCACGGGAAGGACGTCGTCCTCCGGCGGGAGGACATCCGGTTCTACTGGCTTTCCGACCGGTTCATCGTCGACCTGCCGCTTTACGGAACGAACATCTACTCCGCCGGTGATTTCGTCCTGTTCGCCGGGCTCGGCCTGGTCGCGGCGCAGGCGGCGGTGATGGCCTTCCGCCCAGGCGGTGAGCGGACCGAACCGGCGTCGACCGCGGAGACCGTCGAACGGGGACCCGGCTGATGCGGTTCGTCATCTACGGCGCAGGGGCCATCGGCGGGACCATCGGCGCGCGGCTCCACCTTGCCGGTGAGGAGGTCGTCCTCATCGCGCGGGGCGCGCACCTCGACGCGATTCGCGAGCGCGGCCTCCGGTTCCGAACGCCCGGGGGCGAGCACCTGCTGCGGATTCCCGCCGCGGAGCGGCCCGCCGATGTCGACTGGCGGCCCGGCGATGTCGTGCTGCTGTGCATGAAGACGCAGGACACCGCGGCGGCGCTCGCTGACCTCGAACGGCGTGCCGGGCCGGACATCCCGGTGGTCTGTGCGCAAAACGGCGTCGAGAACGAGCGGCTGGCTGCGCGGCGTTTCCGGCGCGTCTATGGGATGCTCGTCGCGCTGCCGGCGACGCACCTCGAGCCGGGCGTCGTGACTGCCTCGGGCGCGCCGCTCAGCGGCTGCCTGCACGCCGGGCGTTTCCCGGCCGGCGTCGACGACACCATCCGGGCTGTCTGCCGGGCGCTCGACGGCGCCGGGTTCCGCAGCGACGCCGTCCCGGATGTGATGGCGCTGAAGTACCGGAAGCTGCTCCTCAACCTAGGCAACGGCG
CP115149.1_gap62	2473280	2474178	898	GGCGGTCGCGTCTGAGCGGAGCACCTCGCGGGCGACGAGGCGGAGGTACGAGAAATTCCGGGCTGACAGGCGCATAGTCGCGATGACCAGGTCGGCGATACGCTCCCGCGTCAGGGGCGCGCCCGGCTCGGCCCGGGGAAATTCGCCGGACGGCGCCTCGTTCCAGAGCGCCTCGAGGAGATGCCGCTTGGTTGGGAAGTAGTAGAAAACGGCGGCATCGGAGAGGCCGCAGCGGCTGGCGATGGAGCGCACCGACGTGCCATCGAAGCCGTCRCGCGCGAAGGCTTCCATCGCGACCGCGAGGATGCGGGCGCGGGTGTCGTCGCCCCGCGTGGGCTCGCCGGCCGGGCCGCCCGGGTCACGTGCCACAGGCTGCCTCCATCCCGAGGGCGCAGCGGATGAAGAAGCGGACGCGCTCGCGGAAGACCGGCTGGCGAAGGACGTCGCCGGCGGTGTTGCCGTAGGTCATCACGGCATCCCAGATCATGCCGCTGAGCGTGTGGAAGAGACGGTCGGCGGCGGCGGGGATGTCGCCGCCGTAGGAGGCCGTGCGAAGGATGTGCTCCACTTCGCCGCGGTAGCGCGCTTCCCCGTCGCGGAGGTAGGAGACGGCTGCCGGTTCGCCGCGCAGCTGCTGCTGAAGCATAGCGCGGACGAGCGCGGCGTTCTCCGCCCACCAGTCGAACATCGCTTCGAGGACGTCGACCGCCTCGTCGAGCGTCCGAGCGACAGGGGGCACCCGGTACTCGGGCTGCACCATGAGGGCGCGAAAGAGGTCGTACTTCCCGGGGAAGTAGTAATGGACGGCGGGGTCGCTCACGCCCGCCCGGCTGGCCACCATCCTGATGGAGGTGCCGTCGAAGCCGCGCTCGGCGAAGAGTTCGCGGGCCGCCTGGAG
CP115149.1_gap63	2487210	2489222	2012	CGGCCCGCGCGCACGGGCCGGGTCCCGTCCCGAAGGTCGAGCGTGTCGTCGGGACGGTCTGCGAACGGGTCGAGTCGCGCGGGAAGAACCTGCTCATCACGTTCGACAACGGGCTGGCCCTGCGCGGCCACCTCCGGATGTACGGGACGTGGCACGTGTACCGGCCGGGGCAGCGGTGGGCCCGCCCCGCGGCCGAAGCCCGGCTCGTCCTCGAGACGGCGGATGCCGTCGTGGTCAATTTCAGCGCGCCGGTTATCGAACTCCTCGAAGCACGGGCGCTGGCCCACCATGCGCCGGTCGCGGAACTCGGGCCCGACCTGCTCGCCGACGATTTCGACCCGGGCGAAGCGCTCCGGCGCCTGCGCGACCCGCTGCGTGCGGAGATGACCATCGGCGACGCCATCATGGACCAGCGGGTGATGGCGGGTGTCGGCAACATCTGGAAGCACGAGACGCTCTTCCGCTGCGGCGTGTACCCCTGGGCACGCGTGCGCGACCTCGACGACTCGACCTTGCTCGAGGTCATCGAAACGGCGCAGCACCTGCTCCGGGCGAGCGCGGGGAAGTCCAACAAATGGGGCCTCGGGCGGCGCCCGTCGACGTACGCCTACATGCGAGGGGGACAGCCGTGCCGGCGCTGCGGCACGGTGCTCCGGAGCGCGCGGCAGGGGATCGACATCCGGTTCACGGCGTGGTGCCCGCGGTGCCAGCCGGCGCCGGCTGCGGGTGGTCCGGCTCCTCCGCAGCAAGGCGCTCGAAACCATCCGCCAGGCGCTCCGCAAGGCTGAGGTTCCCGGTCCGGCGCAGCCCGGCGGTCAGCGGGTGGAGCAGGCGGTTCGCCGCCGAGCGGAGCGCGCGGTCGACCGCTGCGGCATCGGCGCCCGGGTGCCGGGCGAGCGCCCGGGCCAGCGCCTGCTGCCGGGCGTGTTCCGCGGCCAGGCGGAAACGGCCGATGGGATGGCTCGCGTCTTCGGTCGCGGAGGCCAGCCTCCGCTCCAGGGCGGTTTCGACGGTCTCCCGCAGGCGGGCACGGAGCGCCATCGCATGAGGACGGCGGGCTTCGTCGTCCAGCATGTCCGCGAGCGTCACGATGGCCGCTCCCGGCGCGCTCGTGAAGTTCCGCGGCGTGCCGAGGTCGATGAACAGGCGAGCTGCGGCGAACGCGCGGACGTCGATTGCCCCCGCGCCGGAGCCGAGACAGCCTGCGACGATGTCGGCGCGGACCCCGGGCGCTTCGGCGAGCGGGACGAACGGCAGGCCCTCTCCGGGGTCCCGCCGGCCGCTGAGGGTGACCTCGAAGCCCAGTTCGGCGGCGCGGCGGGCGATGAGCCGCCCGAGCGCGCCGGTCCCGAGCACCAGGAGTCGGCCGCGCCTCGCGGCGCCCGCAAGCGAGAGTGCGCGGTCCAGGAGGTGCCCGGCATGGCTCTGCGCCGGGAGCGACTTGCGCCCATCGCGCGCGGCAGCGAGGGCGAGGTCGGCGGCTGCCCGGAGCGGCCCCCGCGCACCCGTGAACGCGGCGCGCACCTGGCCGGCAATCTGTGCTTCGCCGAGCACGACCGATTCCAGCCCGGCTGCGACTGCAGCGAGCCGTCCGAGCGCTTCGCGCCCGGCCAGCCGGAGCGGCGCGCCGCAGCTGCACGGGCCGAACCCGTACGCTTCGAGGCGCTGACAGCTGCGCACGATGGCATCGCTCGGATGGCCGGACTCCACCTCAGCGGCAAGTGCAGCCATCGAGATCGCATCGAGTGAGACGGTGCGCCAGGCACAGGCCCGGAAGTCCCGCAGCCACGACGGCTCAGGCATATTGTCGATGAAGTGTATCGACTTTAGTGAGATGAGGGAAGGTCGCCGCGCATCCGCTGCCAGCGGAGGAGGTGGCCGAGCGCAACGCCCGCGCGGGCGATCGACGGATACGTCGCGATGCCGGCGCGCCAGCAAAGCTCCYGGAAATCCAGCGATTGCTGGAATCCTTCGACATTGGTGGCCGGGCGGATGGCCACGACGATCGGCTT
CP115149.1_gap64	2496176	2498684	2508	TCGGCTCGATCCAGCGGCTGGTGCCCGGCCGGACGCTCGACCCGCCTGAGGTCGGCGGAATCAACTGGTGGGGCTGCCACGTCGGCGCCGGCGACGTGAAGCGGGTCGGCTACACGCTCTTCTACTCGACGCACACGAGCCCCGAGGAGCTGCTCTACGTGGTGACCGACGGGGAGGCGTACGGTCTGACGGTGGAGGACCAGGCGCGGTTCGCCGAGGCGATCCAGGCGCGGGCGGCGCTCGCGCCGGTCGAGACCCGCGGCGAGCAGCGCTCGGTGGGCGTCGGCCCGGCGGCGCTGCCGCTCTGGCAGGACCGGGTGGCGCTCTGGGCCATCGGAGCGGGCGCCGCGCTCTGCGCGCTCGTCTGCGGCTATGTCTTCACGGCGTACCCCGGTTTGCCGGAGGTGGTGCAGCTGTCGTTTCCGTCGCTCGGCGGCATCGTGCGCATCGGCGACCGCTCGGAGCTGCTGGAGATTGCCTACCTCGCTGCCGGGGTTTTTGCGGCGAATGTGGCGATTGGCGCGGGTCTCCACGCCGTCGAACGGGCCGCCGGGCTGTGGCTGTTCGCGAGCGGCGCGCTCCTCCAGGCGGTGCTCCTCGCTGCAGCGCTCATCGCGTTCGCGGCCGCCTGATCCCGTCTGCCGCCGATGTGCGCAGTGCGCGCCCACGCGGTAGCATTTGGGGCAGGCCCCCGTAGCTCAGCGGATAGAGTGTCGGCCTCCGGAGCCGAAGGCGCAGGTTCGATTCCTGCCGGGGGTACCACCTTGCTCCATGTGGTTCAGCGCCCGGGCGCAAACGCCCGGGCGTCGTTCGTCAGCAGCCGCGCGTACATCTCGGGGTCGACATTGCCGCCGGACACGATCGCGGCGACGCGGCTCCCCGGTTCGACGGGGACCCGGCCAGCCAGCAGGGCAGCGACAGCGAGCGCGCCGGTGGGCTCGGCGACGAGCTTCATCCGCAGGCCGAGGAACCGGACCGCTTCGACGAGGTCGTCATCGGTCACGGTTGCCACGCCGTCGACGAGCCGCGAGACGACCCGGTAGGTAAGTGCGCCGGGCTGGCGGGTGCGGGCGCCATCGGCAATCGTCCGCGGCGGGTCGATGAGGACCGGGCGGCCGGCCGCGAGGCTGCGGACCCAGTCGTCGCCGTCTTCGGGTTCGATGCCGAACACCTTCGCACGCGGCTGGAGCGCCTTGACGACCGTCGCGACGCCCGAGAGCAGCCCTCCGCCCCCGAGCGGGACCACGACGGCGTCGACGGGCCCGGTTTCGGCGAGCAGTTCGAGCGCCACGGTGCCCTGCCCCGCCATGATCGCCGGGTCGTCGAACGCGGGGACCGGGACCGCGCCGGTCCTGCGGGCGAAATCTTCGACGAGGTCCGCAGGCAGCGCGAGCTCACGGTCGTAAAACTCGACCCGCGCGCCGTAGCCGAGCGCGGCGCTGATTTTCGCTGCCGGGGCGTCAGACGGCATGAAGATGGTGGCTGCGGTGCCGACGACTGAGGCCGCCAGTGCGACGCCCTGTGCGTGGTTCCCGCTCGAGGCCGCGACGACGCCCCGCGCCCGTTCATCGGCTGAGAGCTGCGCGAGCCGGTTGAGCGCGCCYCGGATTTTGAACGAGCCGGTCCGCTGCTCGTTTTCGCACGCGAGGTAGACCCAGCAGCCGGACCGCCCGTCGAGCTGGCGTGACGATGTCACGCGGGTGCGGTGCACGACCCCGGCGATGCGGCTGCTCGCGGCCGCGACGTCGGCGAAGGCGATCGGCAGGCTTGCGTCCATGCCCGTACGCTACTGCGGCGCCCGGCTCGCGGCCACTGGCGGCGCCCTCCCGCGCCCGGTACGATGCCCCCGCGGGGTGCGAAGGGGGCGCTGATGGCGCTCACGATGCGGCGCACGAACGACAGCGGCGGCCCGCCGCTGCAGCCCATCCTGCTGACGGCGGCCCTCGCGGCCGCGCTCGGCGCATTCATCTACCTGCTCTCGGTGCTGGCGGGAGTTGCGGCAGGACGTGCAGACGGCGGCCGCGACGTCGTGACCGAGAGCGGCGGCGCGCCCGGCGGCTTCGAGCAGCCCGGGCCGGACGGTGTCGATGCGACGCCGGCGGCGGTCGCGGACGCGCTCGCGGCTGCACTCACCGCCCGTGAGCTCGAAACGACCGGCGTCGCCGCGGTTGCGCTCGATGGCACGCTGCTCGGCGGCATCAACCTCGACCTGCCGGGGTACGCTGCGAGCACGTACAAGCTGGCGCTGCTCTACGAGGCGGAGCGGCGCGTCGCTGCCGGCGCCCTCGCCTACGACGACCGGGTGCCGGTGACCGCCGAAGCCCGTTCCGAGGACCTCGGGACCATCGACCGGCTGCCGATCGCCGCCGACGGCACGGTGAGCGTCGGCGAGGCGCTCACGGCGATGGTGACCTTCTCGGACAACGCCGCTGCGGTCGCCCTGCTCAGGTTCCTCGGGCCGTCCGCGGTCGATGCGTCGCTGCGGGGCATCGGCGCTGCAACGATGTC
CP115149.1_gap65	2528264	2532764	4500	GTGCTCGGCGAAGCCAGGCGCGTGGAGCCGGATGTGGCCCGGCGTGCGCGGCAGCACCCAGGGCGGCGCTTCCATCTCCCAGGTCCCGGCATCGGGGTGGGTGTGCTCGACCCACGCGCCGGTCGCGCGCAGGTGCGGGTCGGCGACCAGCTCCGGGGTCGTGAGGACGGCGCCGGCCGGGACGCCGGCCCGCTGGAGGAGGTGCATCGCCTCGTGGTGGCCGCGCTGGAGGGTCCACGCCTCGATTTCGGGGTCGAGGTCGCGCTCGTTCGCCTTCCGCGCGGCGGCCGTGGCGAACCGGGGGTCGCCGGCGAGGTCATGGCGGCGGATGACGGCGCACAGCGCGCGGAACTGGTCATCGGTCTCGCAGGCGATGGCGACCCAGCGGTCCTCGCCGGCGCAGCGGTAGACGTTGTGCGGGGCGTGGTGGGGGTGGCGGTTGCCCATCGGCCGGGGGAGTTCACCGGTGAGGCTGTAGCCGACGATGTGCTCGCCGACAAACATCGTGAGGTTTTCGCGCTGCGCGAGCTCGACGTAGCAGCCCTCGCCCGTGAGCCGCCGCTTGCGGAGCGCCAGCGCGACCGCGCCGACGAGCGCCGTTGCCGCCATCGGGTCGCCGTAGCTGAAGCCGGTCTTCATCGGCTCGCCGTCTTCGTAGCCGGAGATGGAGACGAGGCCGGCGAGCTGCTCGACGTTCGAGCCGTACGCGACGTAATCCTTCTCCGGGCCGGTCTTCCCGTGGCCGGGCATCGAGACGTAGATGATGCGCGGGTTCACGGAGCGGACGGTCTCGTAATCGAGGCCGAGGTTATCCATGACGTCGGAGCGGTAGTTTTCCACCAGCACGTCGCTGACGGCGCAGAGCTGCAGGACGGTTTCGCGGCCGAGCGGGTGGGCGAGGTCGAGCGAGACCGCGTATTTGTTCCGGTTGTTGTGGTTGAAGTAGGCCGACCGGTTGTACCAGCGCGGCACGTCGCGGGGGATGAGGCCGAGGGCGCGGAGCAGGTCCCACTGGCGGGGGCTTTCGACCTTGATGACCTCGGCGCCGTAGTCGCCGAGGAGGCGCGTGCCCATGGGGCCGGCCCATACCATGGTGAGGTCGACGATGCGCACACCCTGAAGCGGCTGGCTCACGGCTGGCGCTCCCTGCGGGCGAGGCTCGGCGGCCCCTGCCAGGTTTCGCCTTTGTCGAGCGCGACGGTGAGCTGGGTCCCGGACTCTTCGACGGTCCCCGCCAGTTCCGGCTGCCCGGCCGGGTAGCTCGCCTTGCGCGGGACGAGGACCCGTGCGCCGGGCGGAAACTCGGCGCTCGCGATGATTTCCAGCGCTTCGATGCGGCGGCCGATCGCCCGCGCGAGGACCTGGAACAGTGCGAAATCGTCGGTCTTCCGGAACGTCTCGAGCGCCTCTTCGMGCGCTGGCGGCTTCGCGCGCAGGGCGGAGGTCGGCCGGCGGCGGGATGGTGTCTTCGTCGCCGCGAGCGAGCAGGGCGGCGACGTACTTCCGCGCCCGCGGCGCGGCCTCGCCAGTCAGGCGGTGGAGCAGGGAGAGGTCGTCGCACTGCTCGAAGAAGGCTGCTGCGCGCGCGACGCGCTCCCGCTGGTTCATGCCGGGAGCCTCCCGAGCACTTCGGCATCGTGTTCCCCGAGGAGCGGCGCCCGGCCGGCGTCCCAGTCGCCGGGGCCCATCCACCAGGGCGGGCCGGGGTAGACCGCTTCCCCGGCGACCGGGTGGTCGATGTGCTGGAGGAAGCCGCGGGCGTTGAGCTGCGGGCTCTCGACCAGGTCCGCCATCGTATGGACGAAAGCGATCGGCGCACGGCCCGCGCCGGCCCGCCGGTAGAGGTCGTGCTTCGTCTCGGTTGCCGCCCAGGCGTAGAGCTCGGCCATGAGCTCGTCGTTGTGGGCGACGCGGTCAGCCTGGGTGGCGAAGCGCGGGTCCTCGCCGAGGTCGGGCCGGCCGATGACCTCGAGGAACGGTTTCCAGTTGCGCGGCATGAGGTGGATGCCGATGTGGCCATCGGCGCACGGGTAGATGCCGATGAAGCTGGCCATGTGGTTGCCGCGGCGGATGCCGCTCCACTGGCCGAGGTAGCAGTAGTAGGGGATGGAGGCTTCGAGGATGGGCGCCATGCACCGCTGGATGGAGATATCGACGTGCTGCCCGAGGCCGTCGCGCTCGGCTGCGAGGACGGCGAGCATCGCGGCCGAAAAGGCGTTGAGGCCCCCCTGGTAGTCGGCCTGGTAGCCGCCGTTTTTCAGCGGGCCGCCTTCGAACGTTCCGGTGATGTACATCTGGCCGCCCATGGCGAAGGCGATGAGGTTGTTGCCGAGATAGTTTGCGTAGGGGCCCTGCTGGCCGAACGGCGTGATCGACACCATGACGAGCCGGGGGTTGCGCTCGGCCAGTGTTGCGTAGTCGAGGCCGAGCGCGGCGAGGTCGGCCGGCCGGTAGTTCTCGACCAGCACGTCGGCGGTTGCGATGAGCCGGAGCAGGCGGTCGCGGTCCGCGGGTTCGCGCGGGTCGAGGACGACGGACTTCTTGCCGGTGTTGAGGTAGAGGAAGAGGGCGCTGGCTTCCGGATCGGGTTCGCCGCGGGGGAACGGCCCGTGGGCGCGGGCGATATCGCCGCCGGGCGGTTCGACTTTGATGACCTCGGCCCCGTGCCCGGCGAACAGCTTGCCGCAGTACGGGGCCGAGACGAACGTGCCGAATTCGATGACGCGGAGACCTTCGAGGGGCCGGCTCACGCTGGCGCATCTTACGCGCCCTGCGGCTTCTCCTCATCTCCCGGGTGCTCGGCGCGGACGGCGCCGCCGCGGTCGCCGTGCAGCTGCGAGAAGTCGAAGCGCGTCGGCGGAATCTGTCCCATGCGGCCGGCGTGGTAATCCCGGATGGCCTGGAAGATCTCGTCGCGGGTGTTCATCACGAACGGCCCGTGGAAGACGACCGGCTCGCGGATGGGCCGGCCGCCGAGGATGAGGATGTCAAGATTCCGGGCGCGCGAGTCCTGGACGTCATCGGCCTCGATGATGATGCCGTCGCCGTTGCCGAAGACGACGAGCTGGCCCTCGGCGAACGGCCGCCGCTCCAGGCCGGCCCGGCCGCGGCCGTTGAGCGCATAGGCCAGGGCGTTGAAGTCGCGCCGCCAGCCGGTCTCGAACCGGCTGCCGGGGGGCAGCGTCACGTGGGCGTACGTGATCGGTGTGAAGGTGACGCCCGGGCCGCGGTGGCCGCCGAGGTCTCCTGCGATCAGCCGGACGAGCGCGCTCCCGTCGAAGCCGGCGAGGAGCGTGACGGCGGAAGCGCCGATGTCCTGGTAGCGGGGCGGCGTCCACTTCATCGACGCCGGGAGGTTGACCCAGAGCTGCACGCCGTGAAAGAGGCCGCCCTTCTGGATGAGCCACGCGGGGGGCACTTCGTCATGCAGTATGCCGGCGCCCGCCGTCATCCATTGCGTCGCGCCGTCGGCGATGTAGCCGCCGCCCCCCGTCGAATCGTGGTGCTCGAGGGCGCCGTCGATCATGTAGGTGACCGTCTCGAAGCCGCGGTGCGGGTGCCACGGCGCCCCCTTGGCCTCGCCGGGCGCGTATTCGACCGCGCCGATGTGGTCGAGGAGCAGGAAGGGGTCGGCGATGCCAAGGTCGAGCCCGGGAAACGGCCGGCGCACCTGGAAGCCTTCGCCTTCGAGGGAGGTAGGCGCGGTGACGACGAGGTGAACGGGGCGCGGCCGGTCTCCCGGTCCGAGCCGGTCGATGCGGGGCAGGGCGAGCGGATTCGCTGGCGTGACGGCGGGCACGGCGGCTCCTTCGTTGCAGATGCAACTACGAGGCTAGCAGGTTTCCCGCCGCTCCGTCAGGGTTACCCCCGGGAGGGCAGCTGGACCTGGACGTTCGCGCGTGTGCTCGGCTGGCCTTCGGCGAGCGTGACGACTTCGAGCTCCACGAGGTGGGCACCGTCTTCGACGCGTTTCTCGACGACGCGGCCAGCGAGCACGAGCGGGCGGTCGGCGACATCCGGCCGGCGGTAGGCGGCGCGGACGCTGCGGACCATGCCTTCGGTGCCGGCCCAGTCGCTCACGTACTGGGTGATCCAGGCGAGCTTGAGGAGGCCCGGGACGAGGGCGCCGCCGACGCCGAGGCGCTTCCCGGCTTCGGCGTCGGCGAAGGCCGGGTTCGTCGGGTTGTCGCGGCCGAAGAAGTCGATCGCCATGTCGGTGGTGGGCACGCGTTCGAGCGGTTCGAGCTCGTCGTCGACGTTGACGTCTTCGTAGTAGCGCTGGCTCATTCGTCGCTCCTGCCGGACGCCATCTTCGGGTCGAACTGGGTGATGGTGATCATGGCTGCGGCGACGTGATTGCCCTCGGCGTCGTAGTAGTCGGTGCCCTGCGTGACGAGGACGCTGTAGCCGTAGCGGCCGCCGAGACGGTCGCGGATGTCGTAGACCTGGGAGATGGCCTGGAGCTGTTCGCCGATGCGGAAGGGGCGGGTGAACCGCCAC
CP115149.1_gap66	2534818	2537239	2421	GAGGCCTTTGGGTTGTAGGGGGCGTCTTCGATCCAGCGAACCTTCTCCATGCTCCACTCCTGTTGACACTGTCGAGGGAGCGGATGGTAGCGGGTGTTTCGTCTGTTGCGAAGAGGTTTCCTGAACGATCGGCCAGTTTGACCGCACGCGCAGCTTCTGCGATATCTGCGGCGTATGGATCGATAGGATCCGCGGAGGGCAGCATGCGGGTCGAACGGGTCGGGGTCATCGGCGCGGGCCTGATGGGGAGCGGCATCGCGCAGGTCGCCGCCTACCACGGGTGCGACGTGACACTGGTCGACGTTGACGAGGTCCGGGTTGCGAAGGCGATCGAGGGCATCCGCGGCCGGCTCGCGCGGGAGGCGGAGCGGGGACGCATCAGCCCCGAATCGGCCGAGGCCGCTGCGGAGCGGCTCCACGGGGCTGCCGACATCGACGACCTGAGGTCCGTCGCGCGCGTGGAGGCGGTGATCGAGGCAGTCGTCGAGGACCTGGACGTGAAGACGCGGCTGTTCCGGCGGCTGGGCGAGGTGTGCCGGCCGGACGCCCTGCTGGCCAGCAACACGAGTTCGCTGCCGCTGAGCGACCTGGCAGCCGCCTCGGGCCGGCCGGAGCGGGTGATCGGCCTCCATTTCTTCAACCCGCCCTGGGCGCTGAAACTCGTGGAGATCGTCTCGACGGCGTCGACGACGGAGGAGACGCTGGAGGATGCCCTCCAGTTCTGCCGGCAGCTCGATCGGGTGACGGTCCAGGTGAAGGACACGCCGGGCTTCATCGCGAACCGGCTCCTCGTTCCGTTCATCTTCGATGCCATCGAGCTGCTGCAAACGGGGGTGGCATCAGCGGAGGACATCGACCTCGCCTGCCGGGTAGGCCTGAACCACGCAATGGGGCCGCTGGCAACGGCGGACCTCATCGGGCTGGACACGCTCAAGGCGATTGCGGAGAGCATGTTCGAGGAGTACGGCGAGCCCCGGTTCAAAGCGCCGACGCTCCTGCGGAGGCTCGTCAGCCTCGGGCATCTCGGGCGCAAGACCGGGCGCGGCTTTTTCCGCTATTCCTGAACCGGCAAGGCCCGGCAGATGCTGACGATTTCGTCGAGGATGGCGATGCACTCCTCGTCGGTGTTGTAAAAGTGCGGGGCGATGCGGACGCCCGCACCGGGCCGATGGTCGATGACGAAGCCGCGGCGGATCAGTTCGTCCTTCACCTGTTCGGCCCCTCGGAAGTCGACGGTGACATGGTTGCCGCGGCGGCCCGGGTCGCGCGGGGTGTGGACCGTGAAGCCGCGCGTGAGCGCGCCCTCGATAAGCAGCTGCGACTGGTGGAGCGCCTTTGCCCGGATCGCTTCGACTCCGACGTCGCGGATGATGCGATAGCCCTCGCGCGCCTGGTAGACGGCCGGCATGTTCGGCGTGCCGCCGAGGAATCGCCCGATGCCGGGCGCATAGACGATGGGCGGCGGTTCGAAGCCGAACGGGCGGGCGTGGGAGAACCACCCGGCCATGCGCGGTTCGAGGCGGTCGACGAGGTCGGGGCGGACGTAAAGATAGCCCGCCCCGGGCCCGCCGCAGAGCCACTTGACGGACCCGCCGACGAGGAAATCGACGCCCAGGTCCATCACGTCGAACGGCACTGAGCCCATCGACTGGTAGGCGTCGAGGACGACCAGGGCGCCGTATTCGTGCGCGCGCTCGACGATGGGGCGCACGTCGACCAGCTCGGCGGTCCGGAAGAGCACGTGCGAGACGACAACCAGGAGGGTGCGGTGGTCGATTGCGTCGAGCAGCTGCTCGGCGGGGAAGGTGAGGGGGTCTGCCCCGACGCGGACGACCTCGGCGCCGAGGCGGCGCTGGCCGTCGAGGAGGTATTCGACGGTCGGGAATTCGCCCGCGCAGCAGACGAGGCGGTTCCGGGGCGGTTCGTACTCGAGGCAGGAGAGGATGGCCGCCAGCGCGTTCGTGACGTTCTGGCACATCGTCATGGAGCCGCGCGGCGCGGCGATGATGTCCTCGAGGATGGCGGCCGTTGCGGCGACTTCCGGGAGCCAGGTGTCCCAGGCGACGACCCCTTCTTCGGCCCAGAGGCCGGTGTACTCGGCGAGAGCCGCCGGGACCGTATCCGGCATCGCGCCGAGGGAGTTGTTGATGAGGTACGTCTTCTTCGCGAGGATGGGGAAGCGTGACCGCCAGGAAAGCAGATCGGGCATGCCCGAGAGCATGCCCGATGAACGGTGCGCGGGGAAGCCGCCGGTGCGCTAGCGCGGGAGGCCGACGTAGACTTCGCCGTTCTCCACTTTGACGGGGTAGGTTTGCATGTCTTCGGCGGTGAGCGTCGGGCGGGCAAACTTCGGCACGGGGAAGGCCTGGTACGGCATCGGAATGAAGCGGAGGAGCCGGAAGAGCTTCGACTGGATGCCGC
CP115149.1_gap67	2554653	2555283	630	GTCCTTCGCCCGCTCCGCCGGGCTGACGATGACCGCGACGGCGCCGTTCGAAACGAGACAGCAATCGAGCAGGTGGAGCGGCTCGATGATCCAGCGGGAGGCATGGTAGTCCTCGAGCGTGATGGGCTCGCGCATCTGGGCGAGGGGGTTCATCGTCGCCCATTGCCGCTGTCCGACGGCGATGATGCCGAGGTGGTCCTGTTTCGTGCCGTAGAGGGCCATGTGGCGGCGCGCGGCGAGGGCGTACGGGGTGTTGGCGCCGAAATAGCCGGCTGCGGCGTAGAGCCCGGCCATGCCGCGCGGTCGCTGGGGATTGCGGGCCGCGCCGCCGTACGCCGCTCCCGCCGACGTGCCTTCTTTGAGCGGCGCATCGGCGAACACGCAGACGACGTGCGTGGCCATGTCGGCGTGAATCGCCATGGTTGCGTACTGGACCATCTGGGCGGCCGTCGAACCGGCGGCGTTCATGTGGTTGAGCAGCCGGAGGTTCCGGAGGCCGAGGTAGTTCTGCAGCCCGAGCGTCAGGCCGCCGCCGGTCGTACCCGTGATGCCGGCGTTGATGAGGAGGCCGTCGATGTCGTCTTTCTTCAGCCCGGCGTCTGTGATCGCTTTCGCGACGGCCTCGGCGGC
CP115149.1_gap68	2558818	2560329	1511	TGCAGCGGAGGCCGGGGTGGTGTTTCGCGAAGACCCGCGCCAGGTGGTCGGCGTGGGCGGTGGTGGCGGCGAAGACGAGCCCCTGGTGCTGGCCTGGCGCGAGGGCGCGTTTCCGCTCGAGCGTGATCGCGAACTCGCGGACGAGCGGCTCGACATAATCGTCGTTCCAGCGGAGCTGCTGGCGGACGCAGCGCTGGTCGAAGTCTGGCAGCTCGGCCATTTCGGAGGCGGTGAAGGTGTAGATTTCGCCTTCCGCGCTGCGGAGTTCGACGGCGTAGTCCTTCATCTGCATCGCGAGGCGCTTGAGGATGCGGCCTTCGCGCCAGGCCTGCCGCATCGTCACGTGGACGAGCGGGTCGATGACGAGGCCGTCGCCGTCTTCGGCGGGCAGGTAGCGCGCGCCGGCGAGCGGCTCGCGGTCGAGCCGGACCGGCGTCGCGGAGAGGAGCAGGCTCGTGGCGACGGGGAGCTGCCGGAGCGCACCGGCCCATTGCCCGCGTTCCCCAAGGTGGTGCGCTTCGTCGCAGACGAGGTGCACGCGGCGCCTGGCGCAGAGGCGGGCGTACCGTTCGGGCGCGGCAGCGACCTGCTGGTAGGTCGCCACGACCACGTTGGCCCGGTTGGCGGCCGCACGGTGGAGCGTTGCGTTCTCCGCGAGGTACTTGCGGGCATCGAACCGGGCGCCGAGGAGGGCGAGGGCGCGCTCGATGCCGTCGTAGACCTGCGTCCTGAGGACATCGGTGGGCGTCAGGTAGAGGCAGGTATCGACGCCGGCTGTCGACGCGGCGACGAGGAACGAGCCGACGCCGATGACGGTCTTGCCGTAGCCCACCGGCACGACGACCAGCTCGGCGCGCGAGCCGCCAGCGAGCGCCTCCCGCCAGCGGCGGAGCGCCTCGGCCTGGCCGGGCCGAAGGGAAGCAGCTTCGAGGTCGATCATGCCGGCTGATCCCGTCCCGTCGCTGGCATCGGGATCAGGCTACCGTCCGCGGGCGGTGTCAGCAGCCGTGGAGCTCGCCACAAGGCGTCATGCGCCGTTCGGGGTCAATCGGCGGCGGCGAGGGGTACGACGGCGCGGTACTGGAGCAGCGGGCGCGTCGGCCCYYGGGCGCTCGGCGCCGCCGCCGGGCCGGTCTCCTTCTGGAGGTACTGCCCGGCCATCCAGCCTTCGCCGACGGGGGTGGCGACCCGATACCAGTCGACGCCGACCTGTCGGACTGGTCCCTCGATGACCGTCACGCGGGTGCCGTGCGCCAGGCACTGGATGATGTCTCCGCCCGGGGCCGTCCGGAGCCGCAGGCAGTCGCCGGGCGTGTTGACCCGCGCCGCGTCGCCGGGGGCGAGGAGCGCGCCCGCCGGAGCTGCCTCGCGCGGCTGGCCCGCGCCGGCCGGGAACCGGTAGATGCGGACCTGCAGGCCGCTGGCTTGTGCCTGGGCGAAGGGGTCATAGCCGGGCCGGAGGCGGACGACGCCGTCCCAGAGCTGGTTCGAGTCGATGGCATCGAAGGTCC
CP115149.1_gap69	2758249	2760458	2209	GGGTGAGCTGCCCGAGGCCGTGCTGCTGGAAGTCGATGGTGGCGCCGCGGAGCTGGGTCTCGTGGTAGCGGCGGACCCGCTCGGCGGCGAAGCGGAGCGCCTCGATGAGGTCGGCTGGCAGCGCTTCGTAGGCGGCGCGGACCTCATCCGGGGTGACGCGGAGGTCGGGCGTGTGGGCGCCGTCGATGGCGGAGTTGTAGTAGCGGACAGCGTTGTCGCCATCCTCGCGGACGTCGCGGATGATGCGGCGGACGACTTCTTCCGGGGCGAGCTCCTGTCCGAAGGTGCGGAAGGTGGTCTCGCGGACCTCCATCGGGAGCTCTTCGATGTCGAGGGGCCGGCGGGCAAGGAGGGTTCGCCGGCCTTCTTCAGCGTTGCGGATTATGCGCATCCCAGGTACCTCTCGACGGCGGCGCGGGCGGTTTCGGTGGCGCGCTGCACGAAGGCATCGACTTCGGCGTCGGTGATGTGGGCGATTGTCTCATCGAGGAGTTCGGGGAGCGAATCGAGGAAGCCGTCCAGGGTTTCGCCCTCTTCGAGGCCGGCGAAGCGGAGGTGGTTGGCGATCATGGCACGCGCACGGTCCCAGTCGAGATTGCGGGCGGCGACGTCGCAGGCGACCTGGCGCCAGCGCTCGAGGGTCTCACCGTCGATGAAGCCGGCCTGGATATCGGCGATGGTGCAGCTGAGGGCGCCGCAGATCGCCGCTTTCAGGTCTGGATCGGAGCTGTAGCGGCGATCGAGGTCGAACTGGAGGAGGCGGTCCATGACGTTGGCGCGGATCGCGCCGCCGAGGTGGTCGTGCCGAAGGAAATAGGGGCGGTAGACGCCGGTGATGTACTGCTCATCGAGCACCAGGTGGGAGATGTAGCCGGCGGCCCAGGCGCGCGTTGGCGCATTCAGGCGCTCCGGGGCGGCCAGGTGGCCGTAGGTCTCGAGGAAGGCAGCCACCGAGTCCTGGTGGTTATGTTCATTCAGGTCGAAGAAGTGGGTGCTGTAGCGGTCCTGGCGGGTGAGGACGCGGATGTCGGGAGAAGTCGCGCCGAGGAGGTAGGCGCCGGAGTCGGCCGGGACATCGGCATGGCCGAGGTCGAGCGCAACCTGCCGCGCGATCACCATGTGGAGGGTGATGGGGGGCATGAGCTCATGGTAGCGAACCGGCGCGGCGGTTGGCCCGCGGGCAGCTAGATGCGGGCGCTTTCGATGTTGGTGAGGAGGATGCCGCGGCAGCCGATGCTGGAGAGCTCGTCCATGATGCGATGCGCTTCTTTGCGGTGGACCATCGCCTTGACGGAATACCACCCTTCGCGCTGGAGCTGGGTGATGGTGGGCGATTCGAGGCCGGGGGTGATTTCGCAGGCGCGCTGGAGGATGGTGCCGGGGCAGTCGTACTCGACCATCATGTAGTCGAGCGCGACGAGCCGGCCTTCGATGCGGCTGCGGAGGACGCGGACCGGCGGCTGGTCGGCGCGCTCGGGGTGGGCGTAGAGCGCAGCATTGGAGACGAAGAGGGGCTGGCCGACGATGCGGAGACCGGCCTGGCGGAGGGTGTTGCCGGTATCGACGACATCGACCACGGCCTCGGCGATGCCGAGCGCGACGGAGATTTCGACGGCGCCTTCGAGCTCGATGAGGCGGAGGTCGCGGCCGGCGAAGTACTGGCGGACGATGTTGGGGAACGACGTGGCGATGCGGAGGGACGCGACCTCATCGAGCGAGCGGATGGGCGAGGCGGCCGGGACGGCGGCGCAGAGACGCGAATCGCCGAAGTTGAGGTCGAGCAGGAGCTCGGGATGATGGCCGCGCTCGGCGGCGAAGTCCTTGCCGGTGATGCCGGCATCGAGGATGCCGTTGGCGACGTACACGGGGATGTCGCCGGGACGGAGGAAGTAGAACTCGACGTCGTTTTCGGGGTCGAGCGAGGAGAGCTGGCTGCCGCTCTTGCCGACCCGGTAGCCGCAGGAGGCGAGCAGGTCGAGCGTCGGCTGGAAGAGGACGCCTTTGTTGGGGAGGGCAACCTTGATCACAGCGTGCGGTACACCTCGTCGAGCGTGAGGTCGGCCGAGGCCATCATGCAGGCGACGTAGTAGAGCACCTGCGAGAGCTCGCCGGCGAGGGCTTCGCGCGATTCGTAGCGGGCGGCCATCCATGCCTCGGCGGCTTCTTCGACGAGCTTCTTGCCGATGGCGTGGGGACCGGCAGCGAGGAG
CP115149.1_gap70	2763129	2764024	895	CGCGCGCTCGTCAAGCTCTCGGGCGAGGCGCTGATGGGCTCGCGGCCGTTCGGCATCGACCCGGTGACGCTGAACGACCTTGCGCGGCAGATCAAGCAGGCCGTGGACGAGGGCGTGCAGGTCGCCGTCTCAATCGGGGGCGGCAACTTCTGGCGCGGGGCCACGGTGGCCGAGACGGGGATGGACCGGGCAACGGCGGACTACGCGGGCATGCTCGGCACGATCATGAACGCGCTGGCGCTGCAGGACGCGCTGGAGAAGCGCGGGGCGGTGGTCCGGACGCAGACGGCGCTGCCCATCGCCCAGGTGGCGGAGCCGTACATCCGGCGGCGGGCGATCCGGCACCTCGAGAAGGGGCGGGTCGTGATTTTCGCCGCCGGGACGGGGAACCCGTTCATGACCACCGACACGGCGGGGGCGCTGCGCGCCATCGAAACGGACTGCGAAGTCCTGCTGATGGCGAAGAACGGCGTCGACGGCGTGTACGATGCGGACCCGGCGAAGGTGCCGACTGCCCGGAAGTTCGAGCACGTGACCCACATCGAGGCGATCCAGCGGCGGCTGCAGGTGATGGACATCACCGCGCTGAGCATGTGCATGGAGCACCACATGCCGATCGTGGTGTTCGACGTGGCGGCGCCGGACGCGGTGTACCGGGCGCTCCGGGGCGATACCATTGGCACGCTGGTTTCGGCATCGCCGGAGCCGGCGGCCCATTCCTGACCGAACGGAGGGGCGCGATGGCGGACGCAGAGGAGATCCTCCTCGAGGCCGATGAAAAGATGGACCACTCGGTGGAGGCGCTCCGCCGGGAGCTGAACGGCGTGCGCACCGGGCGGGCGCACCCGAGCCTCATCGAATCGCTGATGGTGGACTACTACGGCGCGCTGACACC
CP115149.1_gap71	2767153	2767986	833	GGGAATGGGTGGACAGTTTCGGGCTGCTCGGGCCGCTGGTGTTCATCGTCATCATGGCGCTCTCGGTGCTGTTCGCGCCGATTCCGAATGCGCCGATTTTCATGGCTGCCGGGCTGGCGTGGGGGCCGGTGCTGGGAACGGCCTACTGCATGGCGGGGCTGATCCTGGGGTCGGCGATGGCGTTCTGGGTGGCGCGGCGGTTCGGGCGGCGGCACCTGCCGCGGCTCATCGGCGCGAAGAACGCTGCGCGGGTCGATTCGCTGGTGCTCGAGATGGGCGGCAGGGTGGTGTTCTGGTCGCGGATGATCCCGGCGGTGAATTTCGACTGGATCAGCTTCGTCGCGGGGATGACGGCGATCCCGTTCCGGGTGTTCATCATCTATTCGGCGCTCGGGATGCTGTTCCCGACGGCGATCTCGGTGGTCGCGGGGGACGGACTGGGGCGGGATTTCCGGATCACGCTTGCGGCAGGCGGCGCGTGGGTGGCGGTCATCGTCATCAGCGCGGCGGTGTACTGGCGCCGGCGGAGGAACGGGGCGCGCGCGGCCTGAATCCCCGGGAAATGGGACGGGGGATTGCGGGGAACGCCGCGGGCGGCTCGGGGGTTTGCCTATCTCGGTGCAGTACGGAGGGCGGGAGAATGCCCCTGCACGAGAGGAGGTGGTCCCGATGGAAGCCGCACGGTTTCCCGCCTATCTGCAGCCGCTGGATGCCCGGGAGGAGGAGGCGCGCGCCGGGACGCCGGCGCGGACGGCGCGGCGCCTGCTCTCCAGGGTGGACCTGCTGCACCACCTCGACGCGGTGGCAGGACTCTCCGGGAGCGCCCCGCTCTC
