gap_id	start	end	length	sequence
CP129490.1_gap1	17200	19767	2567	TCGTGACTTATAATCCACAAATAGTTAATATCATCTCCAAAATATAACCCGGAAAAATCATCCGCAAAATTGAGTTCGGTTTGTTTTACAATGTTTAAATCACTGTCAATTTCGATTAACAACTGCGGATTCATTTCATTTACAATAAAGTAATGTCCGTTTACAGGATTATAAGCTATTCCTTCGAATCCCATATTTAAATCACCGGTAAATTCGGGAAAAATCTTTTTATTAATTTCTTTTCCCGAAGTATTATAAAATGCTATCGATCTTTCGCGTTCAAAAATAACGGTAATAGTTGTGTCGTTAATAACGGTAATTCCCTCAGGATCGATACCTTGAAGCTGTAATGAATCTATAATCGTTCCTTCAACAGAAATTAAATATGCTCTGTTAGTTTCATCGCTGACAGTCCACAATGCTTTTTTATCGTAACTTAATGTTAATCCGGATGGTTCGGGTACATCTGTTTTAAATGAGCTGATAAGCTCTAAAGACTTTGTTTGATTTTTAGTTTCTTGTGAATCTTTGCAAGAAGTGAAAATCAATAAAAGAATAACCGGAAATAGTAGTGACAATAATTTCATTAATCCCCCACAAATTGAAAAAGTTGAAGAATTCAAATTTACCAATTATGGTTGAATTTTTTTGATAAGATTTATTGAGTTATGCAGACATAAACACTTTTTTGCTCGGCACAGATTTCACCGTTGGAAATAATTTTAGAAGTTAATTCCATTCCGGCTTTTCCTTTTTCGGAAAATTTATCTTTTAGATTTTGCCAGTCCGAGTTTTCGATAATTACTTCCGCATAAAATTCATCTTTAACGGGACGCTTATATTCGGTGTGACTATTTTTTATAACTAATGTAGTGGGAATTTTTTCTTCTTTAATTTTATAGGTAAGGATTGCCCAGCCTGCAACAATACCTATTGTGGCAATACTTCCGCCGAATGCCGATCCGTAATGGTTTCTGTTTTCATAAAGCGGTGCTGAAAGTTTAATTGAGTTTTCGGTTAGCTCGGTGACTTCAATTTTTGTGTAATTAAGTATCGGAATATTTTCAAGAATGTATTCTGTTAATGTTTTTGCATCCGCGGTATATTTTTCCAACTGATTAGAAAACTCTTCTTTTTTAATGAACATAACTTTTCCGCTTAATGATTGGGCAAATATAAGAATAATATTAAGACAATACATCTCTTAATGTAAACAACTTGCAAAGAATTATATTGAATCAGCACCGGGAATTTTGCATCTAATAATAAATAATAAAATCAATTGAGTAGATATGAAAGAAAATAAAAATCACTGGTACGACGGATTATTTTACGATGTCTTTATCGCACCGAATCAAGACAAATCATTTCGCTTGGCGAAAAGCATAATTAAAGAAAACTCAAATGTGATTGATGCCGGTTGCGGAACGGGAAGATTTGCGTTTGCGGTTGAAGATAAAGTCAACAAAGTTGATGGTGTCGATTTATCCGAACGCAATATAAAAGTTGCAATGAATAAACTCACAAAGAACAACTCACCTAAAATTAATTTTTATCACTCCGATATTTACCGCTTTTTTGAAAACGGTGACAAGCATTACGATTATGCGGTAATGTCTTACGTCATTCACGAAGTAGATGAGCACTTTCGAAATGATATTTTGAAAGCATTATCGGAAAACGCAGACAAATTAATTCTAATTGATTATTTACATCCACGTCCTAAGCATTACTGGAGCTGGCTTAACGAAGCTGTTGAATTTGCTGCTGGAAAAGAACATTACACTAATTTTAAATCCTACATAAAGAACAGCGGATTAAGAGGATTGGCGGAACAAAGCGGATTGAAGATCATCAAAGAAATTAAAAACACACCTTCAACAAGTCACATAGTTGTGTTAGAAAAATAAGTTAAACAGAACTCTTCAAAGCAGTCTTCGCTTGCTGCAAATGCCTCTTTTGATGTTCAATGATTATCATAAATGCCTCGCCTAATTGTAGTCTAAGTAATTTTGTTACCGGAGATGTTAATTTGATTTTACTCAGATCATACTTCCCGGAAGCTTCGGCTAGATTAATTAGTTCGTTTTGAATAGTGAAAAAATCATGAATTACTTTTTCAAAATCACCGTTATAGGAATCCATAAAAACTTTTGGAGATTTAAACTTCATTTTGCTTTCGGCTTTCATACTATCTATAAATTTTGAGATTAAGTATCGTGGTTTATAATCACGCTCGATGATATCAACTTCTTCCGAAGCGGTTAATGAATTTTTAATCTTTCCCAAATAACTTTTGTTTGTTGTATTGATATGTACAATACATTCTATCGCACTCCATTTATTTGGAGAAGGTTTGTACTCAAAGGCTTCTTTTTTATAGCGATTACTTAACCCAGAAAGTGTGTCAATTGCATCTTTAATTTCAATTTTAAAAAACAATAAAAGTTCTTCTTGTGTTCTCAATTTTACACCTTTCGCTTAATTACATTAACCTATTTTCAACTTTTATCAATCTATTAAAAGCAATTATTAGATTCACATTTTTCTTATCTTTACGTAACATT
CP129490.1_gap2	43343	43979	636	CAACTTTAAATCATAAATCAAACTCAAAGATAAATAGTTTAGCCGCGGTAGCTTTTGCAAAATACAAAGTGGATGAATTCGAAATCAAGATTTTCGGAATGTATGGTGAAAACGTATTTGATTTACTAATGATCGGTGGATACGGTGTTAAGTCGACTGATGATATTACCGGGGAAAACACATATACTAATTTAAAGACCACTTCATATTGGATTGATCTCGTTTATGGAAAAGAAATTTCTTATGGATTATTCGCAGGTTATTCAAGCAACCTCGGTTCGGTAGATGAAGTTGTCGGAAGTGTTTATGCACGTGGGTCGGATATTAATCATCTTTTTAGAATTTCACCTCGAGTGGAATTTAACTTCTCTCCCGTCAGATTTTCTTTTGAATTGGAATATACATCAGCCGCGTATGGTGTTCCGAATAAAATGTACGTTGTCGAAAATTATAAAAACATAAATAACATCAGATCGCTTATTGCGGTTTACTATTTCTTTTAAAAGGGGTTATTACTAAAATGAAAAAAATATTTACATATAAAAATTGGAATATCTTCAGCAAAGTCTTCAGTCTTGCATTGCTGATTATTACACCAATGCTGCTGTTCTTCATATTAAAATTTATGCCTTCAGT
CP129490.1_gap3	56074	60024	3950	AGGGAAAAGGGACGATATTTAGTATAAGTTTTCCGAATCCCTTAATTGAATAAAATTATTGTATAAGTAATACCAAACTCATTGTTGTTAAAAATAATAGGATGAGTTTTCTATAAAACTTTGAAGAAATTTTTGGGAAAGTGAATGATCCAAGCAACAAACCAGTAACTAAGAACGGAAGTGCATAAGCTGCATGTGTAATAACAAGCTGAGTCGTAAATCCGCTTATCGCATGAGATGATACAATTAGTGTAGATGTGACTATAAAAAATCCCGTAATCGAAGCTTTCTGTTTGAATTTATCCCAATCTTTTAGATAGAAATAAATTAAAATAGGCGGACCGTTAGTATTAAAAGCTCCACCTAACATACCGGAGAAGAATCCGAAAAATATTCCCCACTTGTTGGTTAATTTAAATGGTTTTATAAACGGTGCGATGTTAATAAGTACAAACAGCAAAATAACCAGAGCAAGTAACTTCAATATCAAATTCTCATCAGCTTCCGAAAGAAAGAAAACACCAAGCGGAATTCCCATAACAGAACCAAAAAGTAAAAATTTGATATCGGAGAAATTGATATGAGATTTAAGTTGGATAGTGAGATAAATGTTAACAACAAATCCGCAAAGCGCTGCAAGTGGAATCGCTTCTTTAATTCCAACCACCATACTTAATAACGGAATAGATGTTAATGCAAAACCGAAACCGGTCAACCCTTGATTAAAAGCAGCAAGGAAAATTATTAATCCGATGAGAATTATTTCTTCGAGCAAAACAAATTAAGTTTATTAAAAAAAAGAAAGATAATAAAAAAGCGACTCGATTGAGTCGCTTTGTGTGAAAACTTGTATTGAATTTATAATTCTACTTAACAAAATTCATCTTCTTGCTTATTTGATTATTACCAAAAGAAAGTTGATAAATATAAATTCCGCTTGAAAGATTTCCGGCATTAAATATTACTGAATGATTTCCAACAGATTGAATATCATTAACAAGCACTGCTACCGTTTGTCCCAGTGCATCAAAAACTTTTAGCGTTACTTTACCGGAACTTGGGATTGAGTACTCAATATTGGTTTCCGGATTGAAAGGATTCGGATAATTCTGTGATAAACTAAAATTGAGTTCAAGTTTATCGTCGTCTACGGAAGTTAATGGTTCAGTTAACAATTTACTTTCATAAACACCGTTACCGTGGGTTGCTAATCGCATAACATCATTTGCTAATGAAAATGAAAGATCCATAGCAAACACGCCGTCCGGTAAACCATCATTAAATTCATTCCATGTTTCGCCTTGATCAAATGAAACATAGATTCCAAGATCATTTCCTACATAAAGAATTTCCGGATCATATGGATGAACGGCAATAGTTGAAGTCGGAACATCCGGTAGTCCATCGCCAATATCAATCCATGTTTCGCCGGCATCGGTTGATTTGAATGCATGTGAAGTACCAAACCCGGACATTACAACATATACATTCAATTCATTCTGTAAATCAAAAGCAATATCCATGGGATATCGGTCAGGTAAATTTCCGGTTACATTTTCCCAAGTTGATCCGCCGTCAACTGTTCTAAAAATTTGAGCACGGCTGTTAACCGGAGCATATCCTGCCATTACAAAATCATCGCTATGCGGAGATACAGCAAGTGATACTGGAAGATTATTTGAAATTACAAGATTTGTCGCAGTATTAAACCAGTTGCTTCCCCCATTAGTTGATTTGTGGATTCTTTGTGAAGCAGCATACATTACAGTTGGGTCACCATAAGCAACGACATACGGTGCAATAAAAGGTGGATTGAGTGAAGATGGCGATACAAAATCAAACGAAGAATTAAATAGATCGTTACTTCTATATATTCTTAAATATTGACTTGAACCGTAAAGGTAACCATCTTGTTCATTGATTGCAGCCCAACCGCCATCACCGCCGATTACACGATACCATGAATCTTCACCAAGATAAATTGCCGTTGCATTATCTTGCATTCCACCGATTGCCAAGTTGCTATCGTTTAGCGCAACAGAAAAACCACCGTAAAATTGCGTGGTTTGGTAACCACCGTTTCTTCCTTCATAAGTTTCACCAAAATCTTCAGTAATAAATACACCGCCGTCATTTCCAAAATAAACTACATCCGGATCATTTGGATGAACAGCAAAAGCATGATGATCTGCATGTGAGTAATTTGGCGGACCTTCCGGTTCACCGGCATATGTTTGTCCAAGATACCAAGCCGCCCAATTTGATTTTCTTATTAAATTACTTCCACCGTTAGTTGATTTCCAAACATCTACACCGGCGGCTAAAATTTGTGTAGGATCATTTTGGTTAATAACTACAAAATGTGAAAACCATCCTTGATAAGTTGTATAGTTTGTCTGACTTTCAATTGTCCAAGTATCTCCACCATCAGTTGTTTTGCATAACCAAGATGGATCACCGGAAGAATAACCGTCACCAATACTGGCGTATAATAAATTGGGATCATCATGATATATATCAAGCAATGCTTTGCCGCCATAACTAGCTGGTAAACCGGCGGTTAATTTAGTCCAATTTTCTCCGCCATCTTTAGTTCGATAAATACCGTTACCGGTTGATGACATATTTCCGCAAGCTATGTAAACGAGATCAGTGTTGCTAGGGTTGATTACGATATCGGTTACCATCAAAGTTTCGTTAACAAGTTCCCAATCTTCACCGCTGTTCGTGCTTTTAAAAGTTCCTTCGGTTGTGCCTGCCCAAACTATCGAAGAATTTGATGGATCAATTTCCATTGACAGGACTGCGGTTTGCTGATTGTAACTCCAGTCCAAACTTTTAATCCATGTTTCTCCGCCGTCGGTTGTTTTCAATATTCCGATACCATAACTTCCGCGAGTTTCGCGTATTGCAACTCCGCCCAATGTATTTCCATAATTATAGACTTCGCCGGTTCCGATGTAAATTTCAAAAGGATTCTCCGGGTTAATTACAATTGCACCTATTCCTCGTACAGGAAATCCGGGTTCAATATGTTCCCAAGCCGATTCCCCAATTCCGGCTGTAACAGATCTCCACAATCCACCGCTGGCAGAACCCGCATAAATTGTATTTGTGTTCACCGGATCGATAGCGATTGAGATTGTTCTTCCACCAATATTTTTTGGTCCGATTGCTTTCCAACTTTGTTCTGTTTGAACTTTGTTAGCTTTTAATTTTTTTTGCTGAAACGCCGCGTAATATTTATCGGCCGGAATATCACTATTTGGATAGGCTCTTTGGGCAGTCCAAAATTGTAAAGCTTTCATTGCCCCGGATGTTTTCACATTCTTGGCATCGTTTGTCGATTCGAATACAAATTCGTATAAAAGATAACCTGTGGTTATTGATAATAGAAATAGAATAAAAGGAAAATACTTTTTCATGTTTCTCCCGTAGTGTGGACTTATAGTTAACGTAAAAAATCTGGTAAAATCTATGTATTAAAAAATCACTAAAAATATATTATCAAAAATAGAACTGGTATTAGAATACTGATTGCGACTAGATATTTCCCTCTTCCGGTAATTCCGTTTTTGCCTCTAATCATAAACATACCGCTGATAGCTAAAAATACAAGTCCAACCGCGAATAGATCTGCTACATATGTCCAAATTTTTTTAGGATTATTAAGATGAAGAAAATTTGTTTCGCGAAAGACGGTTCTGTCATTAACTGTTTCTATTTCTACTTTACCGAGTTCAACATTTGCACTAACAGTTTTTCTGTTGAAAAATAATTGAATTGAAGTTGGTCCGTTTCTAAAGAAGCTGTTTACGCTGTCAGAAATATTTAGTTCACTTTTTATATGAGTAATCATCGCATCATCAGTTAAAACAGAGTCACTCAGTATATTGATGTTAACCGAATCTTTTTCAATAATGTAATTGGGATTCCAATCATTAATATGG
CP129490.1_gap4	61884	64129	2245	TGGCGCGGAATCATCGCTGAAAAATACAGCATTGTCATCGGTCCGCGCTCAGCATTATTTGCACCACTTAAAAATTTGGGATTAGTTGTCGTAGATGAAGAACACGATTCAAGCTATAAACAGTTTGAAATGGTTCCAAAGTATCATGCTCGCGATGCCGCAATTATTAAGGCAATGTTTAATGATTGTCCGGTTCTACTTGGTTCGGCTACACCTTCAATTGAAAGCATGTACAATGCGAAACAAGGTAAATACAAACTAGTTGAGTTGCTTTATAGAATCGATAACGCAAAGATGCCGGAGATTAAACTTGTTGATATTTCCGCGGCTAAGAAGCAGAAAAAATTGGAAGGATCTTTTTCATCAGATTTATTGAGCGCAATAAATCAAAAATTAAAAAAGAATGAACGTGTAATTATTTTACAAAACAGACGCGGTTTTTCAACTCAAGTTTTTTGTGAAGACTGCGGAAATATTGAAATGTGTGATGATTGCTCGGTTCCGAATGTTTATCACATAAGTAAAAACATTATGCAATGCCATTATTGCGGAAATGTTAAACCTGTTCCCAAAGCTTGTTCGGTTTGCGGGTCTATTAAAATTAAATTTTTTGGTACCGGTACACAAAGAGTTGAAGACGAAATCGATTACTATTTTCCAGATGCAAAAATTGAACGAATTGATTCCGACAGCATTAACAAAAAAGGAAAACTAAGTTCTATTCTTAATAGTTTTAAAAAGGGTGAGATTGATATTCTTGTTGGAACTCAAATGGTTTCAAAAGGATTGGATTTTTCGGATGTTACTTTGGTAGGAGTTATTTCCGCGGAGACAACTTTGTGGATTCCCGATTTCCGTGCCGATGAAAGAACATTTCAATTATTGACTCAAGTCGCCGGAAGAGCCGGCAGAAGCAGCGCGCCTGGACAAGTATTAATTCAAACCGCGAACAAAAGTAATTTTGTACTTCAAAAAGTTTTACAAACAGATTACGAAGGTTTTTACGAAAAAGAAATCGGGTTACGTAAACAAGGTGATTATCCTCCATTTACTAGATTGTGTTTAATAGAAACAAAAGACGGAAATGATCCGCGATCTAAAAATGCGATCAAACAATTTTATGATATATTACAAAAGAAAAGTAAAGGATTAATGATAACGCCTCCGCAAGAAGCAATCATTCATAAACTTAAAGGCGAATACCGATATCACCTATTGATAAAAAGTAAGCGTGAAACCGATCCAAACGGAAGAATATTGCGCGAGGCAGTATTAAACACTTTTATTGAATTTAATAGAGTTTCTCGATTTAGAGATGTTAAACTTATTATTGATATCGATCCGCAAGGAATGTTGTAGACTTTTTACTCGAAAAGATTTTTACACTTCAAAAACAATCACAGCAAATTAAACGAAAGCATAATGTACTGAGAATTATAACCTTCGTTACCGCTGTATAATCCCGCGTTTGAAATATGTCTGAATAAATAAGAAAGTTCAACGCATATATCGGATATATTAAAAAGTTCAATGCCAATACCAATCATATCGCTGAAGATTAAATTCCCGCCTAAATTTCTTCCCGCAATTTCCGGCATGCTGATATAGTTAATTCCAATACCGCCTTTAAAGAAAAACGGAAATCCTAAAAGAGTTACATCACATTTTAATAGTGGAGTTAAACCAAGTAAAAAGTTTGACCTTCCGATTCCCGAGAAATATTCGAACGTAAAGTCGTTTTCATAGGAAATATTTTCAGCAAGTTTGCCGAACTTCGGAAGTTTGAGCATGAACAAAATTTGATCGTTGATTACATCATTGCTCAAACCATTTCCTTTTGCAATTGAAAAGTTGATACCGCCTTCTTCAAAAACTTGTTGAGCTGTAATATTGATTGAAGCAAAAAAGAATATTAAGATTATAATCCATGGAGAGAAACTGAAAAGTTTTGTTTGATATGTCTTTGTTGAATGGCTTTTAGTAAACATTTGTCACCACGCAGAGCGAATGACAGAATCCGACTAAAAAGTTTTATTTCTATTAGAAAATTAGTATTTCAAAAAATAAGAAGCATTAAAAATCGATTATAAAGTTTATGAAAGATTGAAAAGTGATGTGAATCATGAGGAAAAAATAAAGAGTGCACCTAAGTGCACTCTAAAAATATCAAACTCCAAACCAACGTAAAAACGGAAGCGCATCTGCGAGAAGCCAGAATATAAATCCAACACCGAGCCACAATCCG
CP129490.1_gap5	65140	68675	3535	AATCAGTTGAACCAATTAGATTTACTACAAAAGAAGAACGTATAAAAGTATTGGAGGATGCCGGTTATAATCCATTTTTAATCCACGCCGATGATGTTCTTATTGATTTATTAACCGACAGCGGAACTTCTGCTATGAGTTCTAAACAATGGGCGGGAATCATGGACGGCGATGAATCATATGCCGGTTCAAGAAGCTTTTATAGATTTGAAGCCGCGGTTAGAAAAATTACCGGTGATAAATTTATAATCCCAACACATCAAGGAAGAGCAGCTGAGAAAATATTGTTTTCCATTCTCGGCGGACCGGGCAAATATATTCCTAACAACACGCACTTTGATACAACACGAGCAAACATTGAATTCAGCGGTGCAGAAGCTGTTGATCTTCTTTGTGAAGTCGGTAAACACCCCGAACAAAAAGCTGACTTCAAAGGAAATATGGACGTAGAAAAACTTGAAAATTTTATCAAAGAAACAGGCGCTGAAAATATTCCGGTTGTAATGTTGACAGTTACAAACAATTCCGGCGGCGGTCAACCGGTTTCAATGCAAAATGTTAAAGACGTTAGTTCTGTTTGTAAAAAATATAACATTCCTCTTTTCTTTGATGCTTGCCGTTTTGCAGAAAATGCTTACTTCATTAAGAAGAGAGAAAAAGGTTACGAGAATAAATCTGTTTTGGAAATCTGTCAAGAAATGTTCTCATACGGTGACGGCGCAACGATGAGCGCAAAAAAGGATGCGCTTGTAAATATCGGCGGATTTCTCTCTCTAAACGACGAAGAACTTGCAATGAAATGTCGAAATCTTTTAATAGTTACAGAAGGATTTCCTACATACGGCGGATTAGCCGGAAGAGATTTGGAAGCCGTTGCGCAAGGCTTGGAAGAAGTCGTTGATGAACATTATTTACAGTACAGAATTAGAAGTACGGAATATCTGGGTGAGAAAGTTGTTAATGCCGGTGTTCCGATTATCGAACCGCCGGGCGGACATGCAATTTATATCGATGCAAAAAGATTTTTACCGAATATTCCACCAAGCCAATATCCGGGACAATCAATTGTTTGTGAACTATATATTGAAGGCGGAGTTCGAGCGGTAGAAATAGGAAGTGTTATGTTCGGTAAGTATGATAAGAAAACCGGAGAGTTAATTTCACCACCCATGGAACTTGTAAGATTAGCAATTCCAAGAAGAGTTTATACTCAAAGTCATATTGATTTTGTAGCTGAAGTCGTGATTGAAGTATTCAAAAACAAAAATAAACTAAGAGGTTACGAAATAACATACGAAGCCCCGATGCTTCGTCACTTTACGGCAAAGTTTAAACCGGTACACTAAAACTTTGCTACCTCTGTGTCCAAAAAGCTTTTACACAGAAAACCACTGAGAAGACACGGAGAGCCACAGAGAAAGATTATAAAATGAAATTTGAAAAACATATAGAATACAGACCAAGCAAGCAAATCTGGCGGATTATAATTACAGATGATGAAAGTGTTGTTATTGAAAAACGAGATACATCGGATAAACAAGTGTATTTCGATAGTTTTGAATTAGAATCCAACCAAGTCATTTTTTCCAATTTACAACTTGATGAAAAATTCTGGATTGGAATTGAGAAAGTATATAAAGGAGTAATTTTATTTCACAAATATTCCAAGCCGGATATGCCGGGACATAAAGAAATTATTGCTTATGATATTAAATCCGGAAAAATACTTTGGCGCAATGAAGATTACGCTTACTTGTTTGTCCATGACGAAAAAGTATATTGTTACAAACAGCAATTTGAAGGACGAAACTTTTTTACTTTGGATTATTTATCCGGTGAACTTATAGAAGAACTTGGGAACGACACTCAAAAAGTAAATTCGATTTATGATATGGCAAGAGAAAAAGAGTCATACAAGGATTACATATTCCCGGAAACGATTGAATCAAAGAATGAAAAAGTAACCGAAATAATAAAAGAGCTGAAGTCCAATCTTGCTATTGTGGATCAAGTTGAATATAATATTTATGGAAATTATCTTTTTGCAAGCTATCATACAAAAGCATTTGAAAATAGTATGATAAACAGATTTTCAGTAATTGATCTTGATTCCGGTAAAGAAACATTCACAGAAGTTCTTTCTCCAAATACTGCATCATTAATGACGGATTCTTTTTTTGTTTACAAGAATTTTCTATTTCTCTTAAAAGGAAAAGATGAGTTGCTGATTTATAAAATTGTATGAGTCACAAAATGGAATTTACCATTGAACAGAAGAAACTGTTAATTAGACTCGCAAGAGAAAGTATTGAAGAACGTTTATTTAAGAAGAAAAAATCTCTCAACATTAACACAAAAAAAGATCCTGTTCTAAAATCAAAGTGTGGAGCGTTTGTTACATTAACAATAGAAGATCAACTAAGAGGATGCATCGGCTACATAACCTCAACTTCCCCATTATATAAAACAATTCAAGATGCTGCAATCGGTGCGGCATTCAACGATCCTCGGTTTTACCCTTTAATCGAAACAGAGTATGAGCAGATAGAAGTGGAAATCTCCGTCTTATCTGAACCCTTTCCGATGAAAAACTATGATGATATTATTGTTGGTCTTCATGGATTAATATTAGAAGAAGCCGGTCAGCGCGGTTTATTACTTCCGCAAGTCCCAATTGAACATGGAATGGACAGAGAACAATTTTTAAATGCCATCTGTAGAAAAACCGGAGTTCCTCAAAACTTATGGCGGAAGAAATTGTTGAATATCTCTCTTTTTACCGCCACAGTTTTTAGCGAAAAAGATTTGGTGGATGAAAATGCAATTGATTAGAGAACCGGCTGTTGCCGGAATGTTTTATCCCGCAAGTGAAAAGAAATTAAAAGAACAATTAGAATATTTGTTTGATTTAACATCTTTGCAAAAAAAGTATAATAATGTTTACGGATTAGTTGCACCCCATGCCGGATATATATATTCAGGCAAAACAGCAGCTTTCGGATATCATTCTGTTTCCCGAAAAATTTACGAACGCGCGATTATTATTTCACCAAGTCATAGAGAATACTTTCCCGGTATTTCGGTTTTCGATGGAGATGCATATAAAACACCTTTGGGAAATATGCCAATAGATATAGAGCTAAGAAAAAGGTTTGAGATGAATAGTAAGTTTATCTTCTCAAGTACGAAAGGACACATAGCCGAACACGCCGTTGAAGTCCATCTACCATTTATTCAATATCTTTACGGTAATATTCCAATTGTACCGATTGTTATCGGCGATCAATCTAAAATATATCTAGATGAACTAGCGAAGAAGTTATCGGAAGTTAGTGATGAACACACTCTTATAATTGCAAGCAGCGATCTTTCACATTTCTATTCAAGAGTAGAAGCTAATCAGCTTGATTCTATTATTTCCGATAGAATTTCCTCTTTTGAATTTAAAGAGCTTCAAACAGATTTGGAAAAAAGGAATTGCGAAGCTTGCGGCGGTGGATGTATTGTTTCATTAATGAGTGCGGCTCAAAAACTT
CP129490.1_gap6	72817	74970	2153	CCATTTGAATTGACGACCCAGATATCATTGTCATAACAAAATGCAATTTGTGAACCATCGGGTGAAAGTGTTGGATCAGTTGTGAAATAAGTATCGGAAGCAAAAAGTGAAAAGGTGAGAAATAGAAAAGTGAATATTGTTTTCATTATTCCCTCGTTTTTTACAGAATGTTTTTTAGACGTCTTACTTGATAGATTCGTTCATAAAAATAAGGATTAATTCTAAAAATCTTGCACGGATGAATCAGTTTGGCTAAGTTTATTCCTATCAATTATTTTCTCACATAAAGATCTAATGAGGATACAAAATGGATAAAGCAATGATTCTCGAAAAACAAAAACAAGCCGTAGAAATTTTAAAAGAAAAAAATATTGATATGTGGATGACTTTTGTTCGTGAAAGCGGAAACATTAACGATCCGATGATGGATATGATTGCCGGGACAAATTGTACGTGGCAGAGTGCGTTTATAATTACAAAAACCGGACAAACAATAGCAATTGTCGGTTCGCTTGAAATTGCTAATATGAAACTTGTCGGTACTTTCCAAAGAGTTGAAGGGTATCTTAAGCATGTAAAAGATAAACTCCTTGAAGTCTTGAACGAAATTAAACCAAATAAAATCGCTATCAATTATTCACGTAATTCAACTTTGGCGGACGGATTAACTCACGGAATGTATCTGGAACTTATGGAACATCTTAACGGAACACCTCATAAAGATAAATTGATTTCATCGGAAGAAATTGTCGCTGCTTTAAGAGGAAGAAAATCCGATAAAGAAATTGCAATCATGAAAGAAGCAATTACCGAAACCTTAAAAATATTTGATCAAGTTACGGAATACTTAAAACCCGGAATAAGTGAAAAAGAAGTCGCTCAGTTTGTTCATAAAATTGTTGAAGAAAAAGGATTCGGTTTGGCATGGGATAAAGAATATTGTCCGTCTGTTTTTACCGGTCCCGATACCGCAGGTGCGCATGCCGGTCCAACCGATAAAAAAATTGAGCCGGGACATGTTATTAATATGGACTTCGGTATAAATTACAAAGGTTACTGCTCCGATTTACAAAGAACATGGTATGTTCTAAAACCCGGCGAAGATAAAGCTCCCGATCCTGTTCAAAGAGGATTTGATGTAATTCGTGATTCAATAACTCAGTCAGCAAATGCAATTAAACCGGGAAAACAAGGATGCGAAATTGATGACATTGCAAGAGGTTATATTGTAAACAGCGGTTACGAAGAATATCCTCATGCACTCGGTCATCAGTTAGGAAGAGTTGCTCATGACGGCGGTGCATTGCTTTCTCCAAGATGGGAGCGATATGGTAATTTACCATATCTACCACTTGAAGAAAACCAAGTTTTTACAATTGAACCGCGACTAACAATCGACGGTTACGGAATTGCAACCATTGAAGAAGAAGTTGTAATTACAAAAGATGGTTGTGAGTTTATTTCACCAAGACAAGAACATATTTACCTAGTGAAATCATAATAAAATTTTTGTAGAGACTTGATTAATCAAGTCTCTACATATTATATTAAGTTTTAATTCGAAAGGGATTGTGATGTTAAAAGATAAGAAGAAACATAGAATAAAATATATTACCGATAAAAAGGGAAATAAAAAGGAAGTCATTCTGAGTATAAATGATTACAACCAACTTCTTGAAGATATCGAAGATTTAGCAATTGCCGCGACTAGAGAAAAAGATGTCTTAGTTGATCACGATAAAGTTTTAGAACAACTCAGAAAAGATGGATTATTATAAAATAAAATGGACAAGTTCTTCGCTTAAAGAGCTTAAAAAACTACCTCACAATATTATTCAAAGGGTAGTCAAAAAAGTTGAAGATTTGTCAAAAAATCCCCTCCCTAAAAAAGTTCGAAAATTAGCAGGCTCAACGGACCTCTTTAGGATTCGGATCCAAGATTATAGAATTATATATAGGATAGAAAAAAACGAGTTAATTATTGTAATTCTAAAAGTAGGGCATAGAAAAGCTGTATATAAGAAATAGTGGGCGAGTATTAAACTCACCCTTATTTTGGCTTCTGTGTTCTGAATTCTGACTACCGACTACTTTATCAAAAACATCTTCCAGCTAATTCCATCCATGTTGAAATTGCTAACAGAATTACTTAA
CP129490.1_gap7	80390	84024	3634	CAACAGCATCAAGGAAAATATTATTACGAGCATCGACATTATTAATGGCAGCAGAAGACATATTTGTTAGGGAAATAGCTGATTGATCCAAATAACCTGAAAAGAGTGAATTATTAATTTTAATGTTCTCCGGCTGTAATCCAGGGAAACCCCCATAGCCTCCGATTGCAAAACCTCTCCCTGCTACTGAGGTAGAGAGTTCTATTCCATCAAATAGGGTTCCGGTTATATTTCCTTCTAAATAGATTTCAGCAGTCCAATTATCTATAAATTTAGAACCAAATAGGAATGAAATATTCTTCATCTCAAGACCGCTATATTGTGAAGACAGAAATACTCCGAATGAATTTCGAAAGATTTCAAAATCACCAGAAAATGTTATATCAAGTAATTCATGCAACATTTGTGGTCCCAATATACTTATGGGGTTTGCAACAAAGTTGCTTTGAGTCATATAGATTCCAAAATTTGTATTGTAACCAATAATTCCGCCATTAAATGAAATATTTTCGTTTGCACCTAAAGAAATACCAATTTCTTGAGTTGGTATACCACCCAAAAGATTATTAAACTCATCAGTAGTTAATCCTGCTTTTATATTGTTGAATCCTAAGTCCACATTATCTGTTAGCGCAAAGCCAATTGCCTCATTTTGTTTCGCTGTGACATAATTAAATGTAGAATTACTGCATGAGTAGAATGACATACCCAAGAGATTTTCATTTGCAATAACGTTATCAAATAAAACATTACTGCATTGCAACAGCTCAATGCCAATATTAGAATTATTTGAGAAATTACAGTTTGTAACTGTCAGGTAATCAACAAGATAAGCTACAAAGCCATTAGTGAATGTACTTCCACTTACCGTTTGTATGTTATCTAATGAAATGTTTGAAATAGGTAGAAACGGCCCAATAGAAACACCATAAGGATTTGATGACAGTAGTTTGAAATTCGCGATATTCACAAAGGAAGAAGTTATTCGTAATCCAACTATGCTTGGGTAAGAACTACCGTAGCCAATTATTGTTAAAGGTATTTCAACTTCAACCAACTCATAGTATACACCGTTTTTAACTTTTATAAGACTTCCAGGCGGAACATTATCTATTGCATAGTTAATAGATAAATATGGTGATGCTTCAGTTCCGGGATTACTATTGTTTCCTGTTGTTGCTACATAGTATGTATTTCCAGATGTAAAATTGAAGGATGTTGCAGCGTCAAGCTTAATTCCATCGTTGGAAGCAATAACATTCCATTGGAAATGACTTGACCCGGGAAGCTCAGGAACAACATATTGGATGTCTGTAGTAATAATATTTATTAAGGTATCAGGTGTAGGATTTGTTATATCTACGATTATCAGATTATAACTTGATGCATTTTGTGACGCTTCCCAAGAAAAGGGGGTATTTATACCCGAAATGTTAAATCCGTTATAAGGAAATAGAAGACTGAAAGGTTCCGGTGGTAAAATCTCTTTTGTGGTAAAACTCCACGTGTCGGAAGTAATAGAGCCCGTTGCAGTGGTTGCAATTACTTTCCAGAAGTATTGTGTTAGCGGAACTAATGCAGCACCTGTGACATCATGGTAAAGTGCATCGATATCGCTTGCCTGTTTAACTAAGTCAATTATGGTTGTTGCGAAAGTATCCTCTGTAGAAACTTGTAAATTATAAGATGTTGCACCGATATAGGCATTCCATGAAAACCTAGGATATAATGTCACTTCATCAGCTTCATTGTCTGGGGAAACTAGAATCGGGCTTGCTGGAAGTGTGAAGGTTGCAGTGAAATATTTATTACTGTTCATTGTAACTAATAGAGGATTTGAAGTACCGCTCGCATCGCCACTCCAACCGCTGAAAATCCATCCACTGGCTGGAACAGCATTTAAGCTTACGGTTGATCCGGTTATATAAGATGTTAAGTCGGGAGTTTTTGTAACAGTTCCGTTTCCGACAACACTCACAGCGAGTGAATAACCTGTTGGATCAGTATAGCCCGATGAAGGAGTCATACTCCAGATGGCTGAATAAGTAGTTCCAATTCCAACCCTCCAGTAATATGTTATACCGACGACTAATCCTGCACTGGAAGGAACAGTTAAATAACCCGCACCATAAGTAGATATTGAAGTGATGTAAACTAAATTTGAACCTGAAAAATCAGTTGAGCTAGTACTGATTTCCACCGAGAAAGTAAAAGGACCCGGCGAGTAATCAGAAGCGACATACCACCAACTAAGCGTTGGTGAAGTAGTAATGTAAGTTGCACCGTTAATTGGTGCGGAAAGGTTCGGCGTACCTATCTGAGCATTTATTGCTAATGTAGAAAAAACAAATAGCAAAAATACAGGTAGGAATCCTCGTAAAGATTTCATTAGAGCACCCTCGTATTTATGTTTCTAAAGAAATAATACTAAGTATGAATATGATTGTTAATTTGATTGAATTTGATAACACTCAAAAGAACATCATATCATGATGCTATTGTGGCTGGTCAATAACATTTACTCGGAATGTTCAGTAATACGTTCGCACCCATTGGTGGATTTATATGATAATGTGTATATGGAGTCTATGTGAGAAAAAAGACGCTAATAAACTATACTTTTATATTTTAATACACAATAAAATTATTTAATATATTAAAAGATATGTTGACATAATATCACATTTAAAGCGGGTAATCGATGAGATTGTGAAACTTCAGTTATTTTCGCTTATAAAAAATCTGCCAGCGCAACTCCCAAGTTTGTCCGCCATCTAGGGACATCTCCCAATTCCAAATCAACGAGTTTTTTTCAATTGAGTGGAAAATCATTCGCTGATAGATCTCATTTCCTTCGGGGTTTATAAAGTTTCTCGACAAGATCATATTCTCTTTATCAACACCGCCTCCAAAGACCATAAAGTTTCCGGTATTATCGACCCATGTTTGAAGCCACTTATTTTTCAGAGAAGAATAAGTTGTAACACTTTTACCTCTGAATCCCGAATTATAATCTTCAAAATTTTCTTCGATAACACAGTCGTCTAAAATTTTAGAAATAGAGTTATGACCTTTATACTCGTTTCCATCAGAATCATACCAGGTTAAATCCCACTCACCAATCCAAAAATCAAATTGGGAGAAGTTTAACGATTCACAAGATTTTTGAGTTTGTGCTTTGCTTGATAAAGTAAAAGTAAGCACTAAGATACACAGATATATTAGTTTCATAATGTTATCCTTGAATAGATGCCGTGTCCATCCCCCCATTGCTAAATGAACACGGCATTGTTAGGAGGTGATTATTTTATGAGAGTCATTTTTTTAACCGTTGAAAAATTTCCGGCTCTCAAACTGTAAAAATATATTCCGCTTGAAAATTGATCAGCATTGAAATCGACTGAATAAGTCCCGGTTGATTTTTGCTCGTTAACTAAAATTGCAATTTCATTTCCAAGTACATCAAATAATTTTAATGTGACATGTGAATGTTTTGGAATCGAGTAATTAATTGTTGTTGACGGATTAAACGGATTAGGATAATTTTGCGCTAAACTATATTCCGTTGGAATTGATTCATCTTCAACACTTGTGGGATCGTCCACAACATTTACGAACCAAGTTTTTGAAATTG
CP129490.1_gap8	106300	109038	2738	ATTGATTAAGAAAAATAAGATTGTAACGTTTGTTTATTCATCGAAGGAAGAAGAAAAAAATAATGCGGTTGCGTTGAAAGAGTTTGTTTCTTAAATGTTTTTATTCAACTCTTCTGTTTTATTCGTGCATTAATGGCTTGCGTTTTTGACTTTGAATTGTATGAATAACAGCAGAGTCCCGCGAAGTAGCTTTCCTTTTTTAGCCACAAATTAATGAATTAGGTGCTAAAGATTTTTTACTTCAAGCGCACATACGTTTTGATTAATTCTTCTTCTGCTTTCTCGGTGAAAGTTTCGAATCCTTTGTCTTCCATAATTTTAAGTAGCGGCGCCGGGATAAATGGAGTGATTAATAAGTAATTTTCATTTTCTTTTAATTCAAGTATCTCTTTCGTGACTTTTACCGCTGGATGATTTCCGTTTTCCAAATCTTCCCGTGCATCGTATTTTTTTTTAATAGGATTTTCTTCAACCCAAACCGGTTTTGGTTTTATTTTTTCAAAAATATCTTCTTCGACTTCAATATCATCTAATCCCGTAGCATTACGAAGCTCGTTTATTAACAAAGATAATGAAACACCGCCGACAACAGAGGCTTGTTTCAAAGTTGTTACTTTTGCAACGGTTCTTCTTAATACAGGATTTTTTAATTTCTTAAAAACCGGTGCGATCTCAATAAGTTTATCTTCAAGCTGCGGATAATTTTTAAGTAAATCACCAACTAAAGTTTTCGGCGTTATATCTAATTTAATATCTTCTTTAATTGTCATACTGCAAAATTCTCCTTTCACCTTCTAATTCTCTAAACTCGGCTATGTCTTGTGTTAGTTCGAGTGTTCCTAAATATTTTCCTTCTTTGTCTCTCACCGCATAGTAAGAAATGTGAACATACTTACCGTGAAAATCTATCCAGAACTTTGCTGCATCTTGTTTGCCGGATTTAAAATCATCTAAAATTTGATTAACAATATGAACGCTTGACGGAGGATGGCAATATTGAACTTCCCTTCCGAGTATTGCTTTACTTCTTTGGAATATTCTGTCTGTTCCGTGTGAGAAGTAACGAACTTTATCTTCTTTATCAACAAATGTTATATCAAGTGGAATAGAATTAAAAATTCCTTCCAATTCTTCAGGCGATAAACTTCCTGTTGAGAGTTTGAATTTTGTTTCTTCTTTCCCCAATGGATCCAACTTTGTATCAAACTCGGGCTGCCATCTTTTATCGGGATAAAAAATACAGAAACCAATTTCATCACTCTGTTGATCAATTTCATACCACTCGATATCTGTGAATGTGTCGATACACATAGGAAACAAAATATTATCTTCTTTGTAAATCATTTCTTCGATCGATTTAAGCGTCGGTTCAAACATAAATTCAATGAATCCGTTCAAGGTTTCTAAATCAATATTTTCTTTTTCCTCGAACACAGAAAAGGCAGATTTTAACAAACCTCTCGTTTCATCATGCTTCCCCCACATAACCATCGGTGGTCCCGTGATGTTGTGTTTTTCCAAAAAAGGAAACACTAAGTTTTCTTTTCTTACATAATGCTTTTCAATATCCATCAGCAAATTAAATTGTTTGTTGATTTCGTTAAGTGTCTCCGCCGGTGATCCGTTATAATCTTCAGTTGGATAAAGTTTACGAATGCTTTCGATTACTTTTTCTATTTCACGATTTTCATTTATGAAAACATCAACCGGATGCCCTTCCGGAATTTCTTTTGAAAACTTACTCATTAAATTTCCTTTAAGAGCATCAGAATGAAGATCACAGAATTTTAAGACTTCTTCTCTATCCAATCCTTCTTTAATTAGTTCTTCTTCTGCTTGCACCACTTCACCGTAAGGGACTTCACCCATAATTTTTTTGAGTTCTTTTTGTGTCTCTTCTACGGTTTCACCAGCGTGAAGTTTTAGAATAAGGGTCTTTAAGTTTTTTACTCTTTGTTCGCTGTTGTTTATAAATTCACTCATGTTGTTACCTTATATTTTAATAGGGCTGAAGCCCAGTATAATTATGAATCAAATTATCGGCAATGAAAAATGATTTATGTATAAATTGCCGTCCACTTTAGCGGACGGACTAAAAAAGTAAATATGATTGGGGCTTTAGCCCCATTCGATTATTTTAATTTATTTGTGTTTCTTTTAAAACTTTTCCATCTATACCGATTAATTTTACATCGACTACAATGTCACTTCCGGTCATTTCAATCGCTTGCTGAACCATTTGAACTAAACCGCCGCAACATGGGACTTGCATAACTAAAACTGTGATAGCTTTTAGTCTGCTTTGTTCGACCATAGTTATCAACTTATCAAAATAAACTTGTTTGTTGGTGTCTAGTTTTGGACATGCAATTGCGAGACTTTTCCCTTTGAGAAAATCTTTATGAAAATCGGGATAGGAAAATCCGCAGCAATCAGCCGCGAGTAGTAAATGTGCATCTCTGTAATACTGAGCTTGAGGGGAAACAAGATGTAATTGAATTGGCCAATGTGTTAAATGTGATTGTCTTGATCCGGATTCATTTTCAGAATAATCATCTGCTTCGAATGACATTTCTTTTGAGCCGGGACAACTTGTATGTTCAACCTTTTCCTTTCGTAACTCGGGGATCGGAATATTATATTTATTCAAGTATTCAATTGCCTCGGTTACAAAGTCCAATTCATTATGATCAATCAAATGTTCAAGATGCGCTTTGATTACATTTGGTCCGCCTTTT
CP129490.1_gap9	110048	112372	2324	TTTGCATTAATTGTTATTGCGGTGTTATTTGGATTGTCGATTATCTTTAGAAACTTCTGGTGCAGATACCTTTGTCCGTACGGGGCCTTGCTTGGTGTTTTTAGTTTGCTAAGCCCAAACAAAATCAAACGTGATCCAATTTCATGCATTGATTGCGGTTTATGCAACAAAGCTTGTCCGTCATTTATTAAAGTCGATAGTGTAAAAACAGTTTGGTCGGATGAATGTTCAACATGTATGAGTTGTGTTGATGCTTGTCCTGTTGAGGATACTCTACAATTAAGACCTCAATTTGGAAAAAATAAAATCAATAAAAAATTTGTTGCAGTTGGAGTTGTGGGTCTTTATATTCTAATTATTGGTCTCGGAATGTTAACGGGCAACTGGCAAAATAATATTTCGAATGAACAATATATTCTACATCAAAAAAATATACAAAGCTTAGGACATCCAAGAAGTACAGCCGACATCGAAAGGTTAAACAAAATTACAGAAACAGGGGATAATAATGTCTCAAGAAAATCAGAAAAGAGGACTAATTAAGAAAATACTGAATTTCCTTACTCCACCGCCTCAATGGAGGTTCCCGGTAATAATTATGCTTGGAATTTTCTTTGGAATAGGTGTTCACATCTTTTATATCTCGAATGCCGTATCATATCTTTCAGATGACCCGCAAGCATGTATAAATTGCCACGTTATGACCCCTCAATTCGCAACTTGGGAAAGAAGCAGTCACGCTAAAGTTGCAACATGTAATGATTGTCACGTTCCGCAAGACCACATTGTAAGAACTTATTACTTTAAAGCGATGGACGGATTACGACACGCAACTATGTTTACATTCAGACTAGAACCACAAGTAATAAGAATTAAAAGTGCGGGAAGAGAAGCTGTTCAAGAAAATTGTATTAGATGTCATTCAAACCAAATTCACCCGATCGCATTAAGAGCAATCAATAATAGAAATGTAGAAGATCAACGACCCGGTTACTGCTGGGATTGTCATAGAGAAGTCCCTCACGGAAAAGTAAAAGGTTTATCAACAACACCGTATGCACAAACTCCACAATATGAACCTATTACACCGGAATGGATGCAAAAGTTTTTTGCAAAAGAAAATTAATAATAACAAAAGAAGGGTTTATTGATGAGACCAATTCAAGACATCATTAAAGAAAAACCATGGGTTGGGTGGTTTTTATTTTTTGCTACCGTGGTAATTGTATTTTTAATCGGGTTATTCGCATCTTCTATTGTTGAAAGAAGAAGTGAAGCGTTAACATTGCAAACGGTAAAACCAATTGCCGAATGGGAACCTAGAAACGAAGTTTGGGGCGAAAATTATCCCCGAGAATACGAGACTTATTTGAAGACACTTGATACAAATTTTGTAAGTAAATACGGCGGTTCGGCATTCAGAGATTATTTAGAAGAATATCCCGAACTTGTAGTTATGTGGGCAGGTTACGGATTCTCGAAAGAATATAATCAAGGAAGAGGACACGCCCACGCAATTGAGGATATAAGAGAAATTTTAAGAACCGGTGGAAACGATGTTCGTCCAATGCCTTCAACTTGCTGGACTTGTAAAAGTACAGATGTTCCAAGATTAATGGCGGAAGAAGGTGTTGAAGAATTTTACAAAGGAAATTGGTTTGATAAAGGTCATCAAGTTGTAAATCCAATCGGATGTCAGGATTGTCACGATCCCAACACAATGAATTTAAGAATAACACGTCCCGCATTAATTGAAGCTTTCGAAAGACAAGGTAAAAAGATTTCGGAATTTTCACACAACGAAATGCGTTCACTTGTTTGTGCACAATGCCACGTTGAATATTATTTCAAAGGAGAAGGAAATTATTTAACATTCCCATGGGATAAAGGATTTACCGCTGATGATATGGAAGAATACTACGACGAAATCAATTTTACTGATTGGACACATTCATTAAGTAAGACTCCTATGTTAAAGGCACAGCATCCGGATTTCGAACTTTATATGACAGGAACTCATGCCGAACAAGGAGTATCATGCGTTGATTGTCATATGCCTTATAGAACAGAAGGGGGAGTTAAGTTTACTGATCATCATATTCAATCACCACTTAACAATGTCGAGAATTCTTGCTTTGTTTGTCACAGAGACGAGACAGACAAAATGATTCAAAAAGTTTACAGCAGACAAGATCGAATTATGGAATTAAGAGGTTTGTTGGAAGAAGCATTAGCAGCTGCACATATTGAAGCTAAAACAGCTTGGGATAACGGCGCACAACAAAATGAAATGGAAGCAGCATTAAAACTAATCCGTCATGCAC
CP129490.1_gap10	114163	115752	1589	CCGTGTTATGAATCTTTATTGGATTTGCAGTTTTCTGATATGCCCTGGGACGAATTATCAGTGTGAAAAATGAGTTGGGTTTTGCCGGTGCCAACGGTTTGTCGTACTTGATCTGCATTTGATTAATTGCGTGCTCAATATCGGTCGAGTGATTTTGACATAGTTGATAAATTTTCTTTACTCTTTCTTCATCGTTTTTACCGTTTATATAAGGAATTATATCTGCCAGCTCAGGACCATATTTTAAGAAAAAGCCGTCGAGGGTAAAACCTCTAAAGTTTTGAGCCATGCGTATAAATTCCAAAAGTGTTTTGAGAACAAGGTCATCGGTTAAGCTGTCCTTAAGAAAATCGAAATCATAGTTATTCTGATCATCCCATTTGTCTATTTCGGCAGAGAATGAAGCGAATCTTCTATCTACACATTGTGAGCATTTGCCGCAATGAGGTTTTGAACTTGTATTATCACGCGTACTGCTGCATGAAATAGAGTTAATAAATAGATTTGCACTTTCGTGTTTTTTCAAAATTTTTATAACATCGGTTTTTGTTTTATCGAAAAATTTATTTTTTATAACAAAAGGTTCTTCCGCAATTGCTGAGAATAGGCTTCCAAGTAGAGCGAGGGTTTTAGGATGGGTTGTTCTGCTTGAACGTGCATTCATAAGATCTTGAGTTTCTGCAAAGTTAAGAGAGGTCATGCCGTTTTCGTGAACGTATATTTCCTTTTGACCGTAAGCTTCCGCCACAACAAAAGCTGTTGATGTATATAGAAATGATCTTGTTCTCTGACTCTCTTCGGCGGAACTTTCATTACTCAAACCGCATTCAAATTTGTAATGACTTACTCGGCCAGGATAAGTTTGCTGGAGTAAGTTAAAGAGTTTGTTCTGAACACTAATAGTAGTTTTTTGACCGGAACGATGACTAACCAAGCAAACGTGAGAGTGGTTTGTCTGAAGACTTTCAACCGCACCGGCGAGTGAATCTATACCGCCCGAAAAGAGAAGAACTTTTAATTGATCTTCTTTCTGCATATTGAAATTATCGTTATCGAAAATTGATGAAGGAAAATCTTCATCGGACTGATAGAAAGAAAATTCATACTTGCTGTCACCGGTCATAAATTCGAGCGCGTCGGTTAAAAGTTTTTGAATATCGGGTCGTACCCAAAAAGCATAGTCGATAACTCCGATATGAAACACGATATGACGGCTCCATGAATGATACTCCTGCGCTGAGGGACTTCCACGTTTTATTTTTCGGTCGGCGGCAAAGAGATAGCCCGCAATGTTAAGTAAATCTTTGTGACGTGGTTTAACGGTTAGTACTGCATCAATCAACTTATCAAGTTTTATTCTTGTATTATACTCAGGTAATTCTTTTCTGTGTTCAAGTATGATTTTCTTAGAATCCGGATAGTTTACAGCCGCACCAAAACCACCGCATGAGACAATATGTTTTTTACTATTGCTCATTTCAATTCCTCAAACAGAATTTCACTTCTCATTTTCTTGAAGGTATTGCGAATGAGCTTGTTGATATCTTTACCCGAAGGTTTATTTTCTTTGGAATGTTTGTTGTACCACC
CP129490.1_gap11	120160	124014	3854	ATCTGTTGTGATCTAAGAAAAAATTCTACTGAAGCAGAAAAGATTCTATGGAATAAATTAAGAAACCGAAAACTAGACGGTAAAAAGTTTTTACGACAGCATCCCATATTTTATGATTTAAAGGGGAGGGAATCATTTTTTGTAGCTGACTTTTATTGTTTTGAAGAGAAAATGATAATTGAGCTTGACGGTCATTATCATAAATATAGATTAAGAGAAGATGAAGAAAGAACGGAGATATTGAATTTGCTTGGACTGAAAGTGATACGTTTTTCTAATGAAGATGTGTTAAACAATATAGATAATGTTCTGAAGTTGATTGAAGAAAATTGTAACATGTAGAAACTTATGAACTCATCCCCCAGCCCCTTCTCTTGAAAAGAGAAGGGGGGAAAGTCCCTCTCTTTTTAAGAGAGGGATTTAGGGTGAGTTCAAAAATCAAATACAACCAAGACTATGCAGCTAACAAAACACTTAGTTTTATTCAGATACATACTAAAGCAATTCGGTTATGATGATTTTGAAACTCTCCGGGAAGAGTTCAATAATATTCAAACCGGGTATGATTCAGCCGGCAGAAGTTCATTTGCCGGAGTGCTTGGATGGAAACCAATTAGAATACCGCAAGAAACTTTATTTCGCTACGATGAATCAATTAGAACTTATGAAGAAAGACTGAAAACAAATCGTGCCGAACCGAAACTTACATTTAAGTATTTTCAATGGTTTGCACTTCTTTTTACAGAATATTATTTCGATAGACTAACTACCGATACAAATCAACTTATTACCGATCTGAACAACTTTAAAAATACTTATGATGATTACTCTGCGATTGAAAATTACAATGAAAACGATCTAAAAAAACTTGCTTTTTGGATGGCGACAGGAAGCGGCAAGACTTTAATAATGCACTGCAATTATTGGCAGATAAGAAAGTACTTCAAAGATTGGGAAAATATAATTCTCATTACTCCGAATGAAGGAATGAGTCAGCAGCATTACGAAAGTTTTACCGCAAGCGGAATTGATTCGAAAATATATTCCGGCAGCGAAGAAAGTTTGAAGACTAAAGAAGGTGAGATATTAATTATTGAGATAACAAAGTTAGTTAAAGAAAAAGAGGGAGAAGGCGTAAGTGTTGATGTTGACTATTTTGCAGAGACCAAAAATTTAGTCTTTATAGATGAAGGGCATAAAGGGCAGCGTTCGGAAGAAAAGAAATGGAAATCTTTACGCGAACATATAACGAGAAGCAATGATTCTTATACTTTTGAATATTCCGCAACATTCGGACAAATAATTACTTCGCGCACCAATGAGTTACTCCAAGAATACGGGCGATCAATTATTTTTGATTATTCATACAGACATTTTTACGCTGACGGTTACGGGAAAGATTTTGCGGTTTTTAACATTGAAGCCGAAGAGGAATACAACGATGAACAGATCGATCTGCTGCTTACTGCCGGTTTGCTTACCTACTATGAGCAAGTAATTCTATTTGAAAAGTTTGAAAGTGAAATACGACAGTATGAAATTGAAAAACCGCTTTGGATATTTGTCGGAAGTAAGGTTATAGGAAACGGTTCATCAACACTAACTCAAACCGATAAGAAAAACATTTCCGATGTAACACGTGTAATTAAATTCTTACAAAATATTTTGTCTTCACCAAAATTGCTGCAGCAAAATGTGGATAAGATTTTATCCGGTAGTTCGGGGTTAATGAATTCCGATGGTGTAGATATATTCGAAGACAGGTTAAGATACTTGAAAGAAAATAGACCTTCTATTGATGATGTGTTATCGAAATTATTTAACGGCAGCGGACAAATTGAAGCTTATCAAATAAAAAACGCTGAAGGTGAAATAGGGTTAAAAACTAAAACGAGTGATAAATATTTTGCTGTTATTAATATCGGTGATGTTGCGAAGTATTCCAAGAAACTTGAAGAAGACACCGATGGCAAACTTGTAATACAAGAGGATAATTTTACATCGTCGCTCTTTTATAATTTATCGGAAACGGATTCAACTGTTAATTTATTAATCGGATCGAAGAAGTTTATTGAAGGTTGGAATTCCTGGCGGGTTTCTTGTATGGGACTGCTCAATATGGGAAAAGGTGAGGGCGCCCAGATAATTCAATTGTTCGGAAGAGGGGTTCGCTTAAAAGGGAAAGAACTTTCTCTAAAAAGAGAAAATGAATTATCCGGTTACCCGGTTAGAGCGTTACAGACAATTTCGATATTTGGTTTGAATGCTTCGTATATGAACAACTTCTTGACTAATATAGAAAAGGAAACACCGGAATATAAAGAGTACCCTGTTGAGATAAGGTTTAATTACGAAGGTAAATGGGCAAATAAGATTGTTACTTTTAAAAAAGATGATAACCATAACTTCAAAGAATATTTGGTTGTACTGGATTACAACGAAGAAATCGCAAAGCGTGTAACGATTGATTTAAGAAATAGAGTTATGGCTGCCGTAAGCGGTTTCAACAATCAAATTGCCGAAAATATTGAGGAATACTCAGGCAGTTTATTGAAAGAATTCTATGATTTCATCGATTTGGAAAACCTATTAACCGAGATAAAAAACTATACTCTTATTAGAGGTTATACAAATTTAGTAATTACAAAGGAAGCCGTTGTTGAAATACTGTTGAAACTTAGACCTGAATCGATTCTTTGCGGTAAAGATCAATTTACTATAAAAGATGCAATAGAAGGAAAAATACAACGTGTGGCAGAGGCGGCATTAAAAGATTATGTGCAGAAATTTTATTCTGATAAAGAAAAAGACAGCCTAACAAGAAATCTTAGTATTGATCTTATTAATTATGATTCATATCGAGATATTTTTCCTACCGACAAAAGAATGATTATCAAAGCCCCAAAAGAGCACCGAAGGATAGTAGATCAACTAATTAAAGACATGAATCAATTTTATGAAAATGACTTAAATGAAATTCCAACAATTCATTTTGATAAACATTTATACTCACCTATAGCTACATTCCGGAAAGGAGAAATTTATCAGCAAATTAAAACAATCCCGGTTAAACTTAATGCAGGTGAAACAAAATTTGTAAAACAAATAAGAGACTTTATTCGAGACAACTCCAAAAAATTAACAGGGATTGAAATATTTTTATTGAGGAACTTATCGCAGCGAGGAGTTGGTTTCTTTTTGGAAAGTTCCTCGTTTTTCCCCGATTTTATTTTATGGGTAGTGAAAGATAAAAAGCAGTATATCTATTTCTTAGATCCGAAAGGAATAAGAATGATGACGAATTTTAATCACCCGAAGGTTTTATTCTGCACAAAACAAGTGAAGGAAATCAACGAATCTCTGAAAGAAAAAATAGCAAAAGAGAAGAAAGGACTTGAAATAGAGCTCTCCGCATTTATTTTATCGGTTACCAAATACAATGATATTAAAGAGAACTGGGGTTCTGAGAGAACATCAAAAGAAGACTTCACGCGGAACAATATTTTATTTGTTGATGATAATAAAGCATACTTGCAGCAATTGTTTGATGAGTTTGTAGAAAATTAATTGCTACTAGCAGAGACTGTGAAATAAGAAGTAGAGATTAAATGCGGGTAGAAATAATTACTATTCGCAATTATGTTTAGGATGTCGAAATAAACTCAACCCCCTAGCCCCCTTCCCCGCCTGTCGTCGGGCAAGTCTTGGAAAGAGAAGGGGGAATAAAAGGAGGATGAGTTGGTTTAAAAAACATAAAATAGTTATATGAGTTTAACTTACAAAGAGAAATAAGTGAATTAGCAAAACAAGTATGTCGTGAATTAAGAAAGAATTCTACTGAAGCAGAAAATATA
CP129490.1_gap12	135779	138740	2961	ACAACAACATTTGGTGCGGATGAACCGGTTGGTACTTATGATGATATTGAAAAATGCGATATGTTTTTGTTGGTAGGAAGTAATACAGCCGAAGCACATCCTGTAATATATGACAGACTTGTTGCTCGTAAAAAGCAAAATCCGAATGTAAAAGTTGTAATAATTGATCCAAGAAAAACACCAACCAACAAAATTGCAGACTTACACTTACAAGTAATTCCGGGCTATGATCTTGCAATAATGAATGCCATAGCAAAGATACTTATTGATAATGGTTATACAGATGAACAATTCATTAAAGATAGCGTAAACTTTAGTGACGGCACTAACCCGATTACTTTTGAAGATTACAAAAAGTTCTTAGAAAAATACACACCTGAGTATGCAGCAAAACAATGTGGTGTAAATGCTGAAGATATTGTTAAAGCGGCTAAATTGTTTGGTGAAACTCCTCGTGTTATGACAATGTGGTGTATGGGTGTTAATCAAAGAGTTGCCGGTGTATTCCTGAACAACCTTATTCATAACTTACACTTACTAACAGGTAAGATCGGTAAAGACGGCTGCGATTCATTCTCATTAACCGGTCAACCAAATGCATGTGGTGGTGTGAGAGAAGGCGGTGGTTTATGCCACCTTTTACCTGGACATAGAGCTGTCGCAAATGAAAAGCACAGAAAAGAAATAGCTGAAATATGGAATGTCCCCGCAGAAAACATTCAGCCTGCTCCGGGTAAACATACCGTCGCAATGTTTGAGGGGTTAGCAAAAGGAGAAATAAAAGGTATATATATTCTTTGCACAAGTCCGGCACAATCTCTCCCAAACCTAAACAAGTATCTAAAAGGAATGGAAGACGCATTTATGGTTGTTGCAGAATCATTCCATCCGACCGAAACTTCTCAAATGGCAGACGTAGTTCTACCAGCTGCTTTCTGGGGAGAAAAAGAAGGTGTTTACGGATGTACAGAAAGAAGATCACAACATATGGCAAAGGCATTAGCTCCAGCCGGTGAAGCAAGATGGGATGCATTTATTCTTGCAGACATTGCTAAACGAATGGGCTATGGTAAAAACTTCGAACACTTTACATCAGCCGAAGCAATTTGGAATGAATATCTGAAGACAACTAAAGGAACGGATATGGATTTAACAGGTGCAACTTATACACGACTTAAAAAAGTTCGTGGTTTAAGATGGCCGGTTCCTTCGGAAGATCATCCTGGTACTACTCACAGATTTACAGAAGGTGATCCATACTTCCCTAAAGATAAAGCAGCAGGTAAACGTATGTATTTCTATACAAAACCTGATGGCAGAGCAGTAGTATTTGCTCGTCCGGATAAAGGTCCCGAAGAACAAACCTCTCCTGAATATCCGATAGCATTAACAACGGGGCGTATTCTTGAACAATGGCATACAATGTCAATGACAGGCCAAGTTCCCGAGTTAGTGAGGGCAGCGCCCCGACCTTATGTAGAAATCAATCCTGAAGATGCAAAAGAACTTGGTGTAGCTACAAGAGATAAGGTAAGAATGGTTACAAAACGCGGCTCACTGATTGTTGAAGCAAAAGTTATTGACAGACCACGCAAAGGAACAATTTTTGTCCCTTGGCATTGGCCTGAAAGCTTGACGAACATTTTAACAATCGATGCGGTAGATCCTGGTTCAAAAGAACCTGAGTATAAAGTTGCTGCTTGTAGACTCGAAAAAGTATAGTTAACCCTTGTGCTGGGATTGTTACAAGCAATCCCGGCACGCTATTGTAAGGAGTATAAGTGATGATTATAGCAAGTATGATCGTAAAAGTTGATGAAGAAAAAATTAACGATGTTGTTTTAGAATTACAAAAAATTCCAAACGTTACAACACACGGTATTTATAAAAAAGAAAATATTATCGTTCTTGTTGAAGCCGAATCAAATGATCAGTTAAGAGATTTGGGAAGATTTATTAACTCTACATTTGACGGAGTAATTGGTACATATCCAACTTTCGTTTCGGCTGATGAAGAATTTGAAATAGCAAGAGCGAACTAATATAGATTTTCAAAATGCTGAACTTCATTCTCAACTATATTGAAAAAGCAGTAAGTGATGTTTCACCGCTTCGCCCTCCGGGAGCTGTTCCGGAAAAAGAATTCCTAAATAAATGCATCAAGTGCAATAAGTGCCTGCAAGTTTGTCCTTACGATAGCATTATTACAGCTGGGATTGAATATGGAAAAAGTTTCGGCACCCCGATTATAAATGCAAGAGATATACCTTGTTATGTATGTATGTTGTGTCCGCCCGTATGTCCAACAGGTGCATTGGATAATAATCTCGTTGAAAAAGAAAAAATCAGAATGGGAATGGCGGAAATTAACGAAAACACTTGTATGCCATATGTGGGAATAATTTGCAGAGCATGTTTTGAGAATTGTCCGATTTTCCGTAAAGCAATTATTCTTGAAGATGAGATGTATCCAAAAGTAATTGAAGAACATTGTATTGGCTGCGGTATTTGTGAACAAGTTTGCCCTGTTGAAGGTTCGGCGATTATTGTGAAGAGTTACCATAATGTCTAAATCGACAAAGTTTTATAAAAATCTAAATAAGTACAGAAAATCAGTTCAAATATTTTCAATACTGTTTCTGATTTCTATCCCAATATTAATTTTGTTTGATATTCGATATATAATCGGGAATATGTATTCGATAAGTTTCTGGGACTTGGATATTGTTGATCCCGCTATGATGGTTCAAACTATTGTACTTTCAAAGGAGTTTTATTTACCATTATTAATTGCCGCTTTAATTCCAATTGGTCTCGCTTTAGTATTTGGAAGGGTATTCTGCAGCTGGATGTGCCCATACAACACACTGCTCGAATTACTTGAACCGCGTTGGCTAAAGAAAATTCAAAGAAAAATTTTTAATGGAAAAAGAAAAAGTAATGTTAATCCGAAACCTTACG
CP129490.1_gap13	145381	148449	3068	GAATAATACGCGATAATCTCGGTAATTACTTAATGACTTCACAAGGTTTTATGAACGTATATGTTTTTATAATAGACGAGGGTGCATTTGTTCAAACAAATAAAATCTTTATTTCAAAAGAGGGAATGACGAATCCAGCTTTTAATCAACGCACGCCTAATATAGAATTAGTTGATAATGAAATTACATATATCATCGATAGCAAAGGATCAAAGAGGAAATAATATGAAGACTATAAAAATTATCTTGATGCTGTTTGTAATGACCGGCGTTGCCATTGCTCAATCTGATTATCAAAAAGTTGAGAGTTTTAAAGATGAAATAGCTCAGTTGCGTCTTGATATACATAATGCAAAATCTTTAGCAGAACTCGATTCTTTAAGGAATACAATTAACTCACTTAAACAAAAACATCTTGCCGAAAAAGATCTTCTGGATAAAAGTATGTATCCGGAAAACTATAATTCAACCTTTTCAAAACTTCAGGAGGCTATAGATTTAAGAAGAGAAGACTTCACACAAATTGAAACACTTCAAACGGAAGTTGTTACTCTAAAAAGTGAATTGGAAATTTTAAATGAAAAAAACACCGAACTGCTTTCGAAAATAAAAGAGTATCAATCTATTGGCGGTAAAGATGCTCAATCTATCAACGAACTAAAAAGACTAGTAGCAAATCTTAGACAATCGCTTAAGGAACGTGATGAACTGGTAAGAAGTATTGTTGATAGTCTTCTTTCCGACTTTGTAAAAAGTCCAATGTCGTTAAACGAAGCAGAAAGACAACAAGTTTTTGAAAAAGTAGAAACCGGAAATCTGTTGTATAATATCGAAAAGACTATCCGTGATAACATGGAATTTCTAAAGGCAACTCAACTTAATGCTGAAGATTTAGGAGAAGTAAAAGAAGAACAAATACAATTTCATAACATGTGGAAAAGGATAGGTCCAAAGTTAGCTGATGTATATATGGACAAAGGTGAAAAAGCCGGCGAGGTTGCTTATATCACAAATCTTTTTGCACAATGGAATCAAAGACTTGATCGCGAGATTTGGGAGAGAGTTTATCAAGTATTTAGATCCAACAATCTTAAGGTAACTCCTTTTAGCAACGGAAATGAATTTACCAACAATGTTTTAGAGTTTATCGAAAATGAAAAAATTTCGGGCAGCCAAGAATCTTATATAACATTCGAAGATTCAGTTTGGACGGAACAATTAAGAACAACTTGGATACCTGTTCTTATTGATAATGAAATGATAACCACCGAACAAAGAGATACTATACAAACAGCAATTAATAATTGGGAAGGTATGTATGGAGCAGAAACTCCGATCTATTGGTACGTCGCAATTGCAATTATTGTTATCGTATTTTTGTTAATATTTATTCCAAAGTGGAAAAAGAAAAGTAAACCATTAGCCGAACAATAGTTTATTAAAATAGTTTTAACTCATTAAATAACCCGGGTTGAACATCATGTTTGCCCGGGTATTTTTTTATTTCGAAAGTGATGTTTTCTTTAATTAAAATTTCTTCACCTTGCTTAATCCTTTCTTCAGATATAAATTCATCTTCATCGCCAATTACAATTTTTAATTTTCTTGTCAGTTTTGAACGTAGTATATCATAATCTATATCCGGTGGGATAAAACTTCCCCATAGTATCAAGTCGGCATTTTTGAAATGATTATTTACAAACCAGCGTGAAGCGGTTGCGCAACCTTGTGAAAATCCGAAAAGAGTGATTTTTGTATTGGCGTTAATGTTTGAAGAATATTCTGAGTAAATGTTATTTAGAAAATTTATATAATCATTAATTTCGTTTTCGCGGTCCTCTTTAGTCATCCAACTTGCACCAACGTTTCCCCGAAATCCTTTGAAATAAAATTTGTTCAATCCTTCCGGTGCAATTATAAAACGATCGTCCGAATGAATAGTTGTAAAGTTTTGAATAAAATCTTCCGCAAGTTGTGCATAACCGTGAAACACAAACACAATTTCTCTCGTCGAATCATTTAGTTCGCCAAGAGTAAAATATCTTGCTGTTTTTGTAGTTTGTATGTGATGTGATTTCATAATTTAATTTAGTCATTTCGAATGAAACGGAGTTAAGTGAAGAATCTCAAGTCTTTCATTTACATATTATCTAGAGATTCCTCACTCGTAAAAAACGACTCCTTCGGAATGACAAAAGTTAGTTATTGAAAAAGGATTTGAGGTGCACAATCTTTTTACCTCAATGTTCTCTCAAATAATTTATAAATTCTCTTATATTCATCAACCCAACTGCTTGGTTCAACGAAACTGTGATCTTCCATCGGGTAAACTGCTAACTCCCAATTATCTTTTCCTAATTCGATTAATCTTTGTGTTAATCGAACAACATCTTGAAAATGTACGTTCACATCAACCATACCGTGACAAATCAATAAATGCCCTTGCAAACCTTCGGCAAAATAAATCGGTGAACTACGTTTATAAGCTAATGTATCCTCTTGCGGAGTGTTCAATATATTTGCCGTATAAGGATGATTATAATGTGCCCAATCAGTTACGGATCTTAACGCCGCACCGGATTTAAATATATCCCCGTGGTTGAATAATGCAAACAATGTAAGGAATCCACCGTAAGAACCGCCGTATATTCCAATTCTATCCGGATCTATATTATAATTCTCAATTAAAAATTTTGCACCGTCAACTTGATCGGATAAATCTTTTCCACCCATATGTCTGTAAATATCGGTTCGCCAATCTCTTCCGTAACCTGCGCTTCCTCTATAGTCAATATCTAAAACTGTATAACCTTCATCGGCGAGTAAATGATGAAACATATATTCACGTGAATAACTGCTCCACCAATCATGAACATTTTGCAAGTAACCGGCTCCATGAACAAAAATTACAGCTGCACCGTTTTTATTTTCTTCCTTCGGTTGGTAAATTCTCCCCGGTACTTTCTTTCCGTCTTCAGCATCAAACCAAACAATCTCAGGTTTTATCCATGGATAAGAATGAAACTCTTGGGTTCCACCAAAAGTTACTTGTTTCATTTCCGCACCGG
CP129490.1_gap14	151491	152776	1285	CTCTTCGTGGAATATGTTCTCACTTTTTTAATCGAAAAGACGCAGAGATGCAAAGTTTGCTATAAATTTATTTCCGGCCAAGTATCATGAACTATAAAACCTCTTGAGATTTCCTCATAATAATTCTTACCAATATTATTTAATTCAGCGATAAGAAGAGGATAAGTATTTTTTGAAAAGTAATTTTTCAATTTATTCGTCAACTCATTATTTGTAAAAACCGAAGAATCATTAAATGTAATTACTTTCGAAATCCAATTAGCTCTATCTACAACCAACCAATTGCTATTTTTTTGTGATAGGAAATAGTCAATATCTTTTGCATAAATCCACCAACCTTTCGGATGATCCGGATTTGAGTGTTTTGGAATTATAAATGAATTATTAAAAAATAAATCAGCATAATAAAAGATATACCCTTTAAATAATATTTTGGGGATTACTTCTTCCTCGATATCGTCGATTAATAATGCTTCTCTTCCTTCTTCCGTTTGACCAAGTAGTATTTGTTCGTTTACAATTTTGCTGATTTTTCTATCAAGATTATCAATTGAATTAGGTCCGATAAAATTTGAATCCTCGGGAACATTATTTTGAGCAATATAAAATTTACCTGCACATTCAAGATGATAAACTTTATTGTCGGTTAGATCCCTATAAACAAAATCAAACTCTCCGATTGTGCTTCGTCCTTTGAATACTTGAAGATTATGAGCAAGTAGTTTTTTGCAATCGCTGTATTCCAACCAATATTCTACAAGTGATTCAAAATATTTTCCAAGTAAATGTGTGTTCCCGTTGTTTACATGCTCAACTAATTTCAGTGGATTGTTATCAAGTTCATTCAAATGAGGAATGAGCTTTTCAAATTCAATTGTAAAGAATTCTTTTTCAAGAAACGCATCATTCTCATCATTGCTTATTAGCGGAGGAGAACCGATTACCCAGGCAAGGTCTCTAACAGTTTGGTTTTTATAATGCTTTATAGATTTCATCAGAAGGGAAGGTTATTCAAATCAACATTGCCGCCGGAAATTATTATTCCGACAGATTTGTTTTCAAACTTTGATTTGTTGTTCATAACAACTGCAAGCGGTACTGCAGAAGATGGCTCAATTATAATTTTCATTCTTTCCCAAATTAATCGCATTGCTTCAATTGTTTTATCATCGCTTACGGTGATTATTTCGTACACAAATTTGTTGATAATCTCAAATGTTTTATCGCCGAGAGACGTCAACAAACCATCACAAATTGTTTTGGGATTTTCAGAGGGATAAATTTT
CP129490.1_gap15	164170	168868	4698	TGATGTCTCTGATTGTAGTCAGCGTATAATTTTTATTAAATATCGTAATTGGGCTAACCATAACATCAACCGGAAATTCATTTTTGTCCTTTTTCAAACCGAATAGTTCTAAATGTGCTCCCATTTCTCGTTTACGACGCTGCTGCTGATAATTTTTAATATGTTGGGTATGAACCTCGTGATATTTAGGCGGAATCAATACATTGATAGTATTTCCAATCAACTCATCGCGGGAATATCCAAACAGTTTTTCAACTTGTTCATTTATTTGATTTATAATTCCTTCATCATCTACAACTATTAAAGCATCCGGGGCTGATTCAAAAAGAGTTGAAAATGTTGCTTCACTTTCTATTAATTTTTTTTCAGTAATTCTTCTTTCGGTAATATCTTGTACTAACAGCATACATCCAATATATACTTCCGATTGGTATATATGATTTTTAGTTAACGCGATATGTTTAATTTGGTCATTAAACAATAACTCTCTTTCTTCCGTTGTATTATCATTGAGAAATTCTAATCCATTTATTAGAGAACTAATTTCCTTATAACGAACTTTTGATAATTGAGTATCAAAAACTTTTTCAGCGCTTTTATTCATGTGTAAAATTTTTCTGGCTGAGTCGGTAATGATTATTCCGTCCGACATTGAACTAAAAATGTTATAGGAAAGGTCTTCGATACCCAGACCAAATAATCTATACTTATAAACAGCAACAAATATGAAGATAGATTGAATAACGCTTATTGATTCGGCAATTTGAAAAGATGTTCTTTGATGTAATATGTAAGGCAGCAGTACATTAGAAATTAATGCTATAATAAGTGAAACTAAAGAGCCTGTTATGATAAGCGGAGCTGATTTTTTCAGCAGTTCATTGTTAGAATCAGCAGCCTTTTTGTAAATGAGATATAAAGAAAAACTGCCCGGAAAGGTGATAACCAACATAACAAGCGGGATAAACATCGGACCAATATCTTCATCAGGACCCCAGTAATAATTGTTATAGCCGTCGAATACCAAATCTGTAAGAATTGAAAGTGCAACCGCTGATACAGTTAAAGCGAGAAGAAAATAAAAAATCCAATCTTTTCTTCTATCGATGAATTCATAAGTAAAATTTAGAAACCAGAATCCAATTGACAGCCAGGCAATTGAAGCTAATTTAAAAATAAGAGGAATATAATCTGATGGAATATCTTGCCGAAGTATTATCTCGCAAAAAATCCAAAACGAAAGATTTATCGAATAATAAATATATGCTCTATTAATTCGATTTTTTCTCTTTTGTGCAAAGATATAAATCGCAACAAATCCATTAATTAATAAAGCAATGGTTGGTATAATGGAAAAAATATTCATAAATCCAATCAATTAACTATATCTGAGTGAATTTACGAAAATAATTTTAAGATGAGAAAAAATAAAAGCCCGTCATGTGACGGGCTTGGCTTATAGAGGGGGGAGGTTTATGAGAATTTATGATTGCATATAAATCATGGAATAGATATTTGCTATTGCTTGAATTTGTGTCGAATTTGGTAATGATAGCTCACTGGAGACCGTCGCATTTATACTTGCATAAAATGTAGTATATGCAGTAATCAAAGCTTGAATATTAGCCGCAGCAGCAACCGAAGAATCAAATGTAGATTTTAATGAGGTTTCAATTGCAGTTTCGACAACTGTAAGGGAAGTTGAAATCGAACTGAATGATGACTTAACATTTGATTTAATTGATGATCGGTAATCTGCGTATGCTTGTGAAATTCCGCTTATCGAAGTTGAATTTCTTATAGCAAGCAATAAGTTATTGTTTTCTTCTTCAACATTTTGACGATGCTGTTCGCTTGCACCGGCTTTTTCATGTTCTTCGAGCATTGCTTTGGCAATTAATTTCGCTTTAAAATATGCGTTTCGTTTTGCCATCTCAAATTGTGAATTTGATTCAATGTTGCTATTGAATTTCAACATTGCCTTGCCTGAGATTTCCTCAGTTTGAGCATAATGAGTCATCGAAATAGAAGTATTGATATAACCATTGACCCTTGCATTATAGTATTTTTCCCAAGCAGTTCTGTAAGATGCTTCAGTATCACTGCTAAAATAAAGATCACGTTCAAATTCCTTTTGAGAGCTTTCATCTACGGATTTTGCTTCTTCATATTGTGCGTTTGAGTATCCATAATGTGAGTTTGTTATAGCGGCAGCACGCGCTTCGGCTTTTGCAACTATTGCATTTTTTACTTCAGTGTTTGTTATTACACCGCTTTTAATTTTTGCTGCAAGCTCACTACTTATATGAAAAGCAACGTCATGATAACTAACTACATTCGCCTTATTGTCGGAAACAACCTCAGCGTAAACATCAGCTTCAGCTGTTGTTTCGGTATTCAGTGGAGGACAATAGTTATCATTTGAAGCTGATAACTCAGAACTAATGATAGCTTTCCATTCACTACTTCCTTTTGTGGCGTAGATAACTACATTTGATTTACCTGTCGAGTTAGTATTGATTTCAAAAACTCCATTTGCGTCGGTTTGAACACTTGTTTCGGATGTTGTCACAAGTGTACCGCTTGATGTAATTTCAGCAGTTGTAACTGTTGCTCCTTCCACTCCGGCACTTACTTTATTCAATCCGTCTCCATAGCCGTCATTATCAGTTACACGACCTTTTACTATTGTCTCATTTCCATTTCCATCAATCGGATTTGAATCGCTATCTTCACTACAAGCGACAAGAATAAACGTAGTTAATATTATATATAGCAATGATTTAATGTGCTTTTTCATTGTGATACTCCTTTTTTGTTTTCATTATATAATTATTGCTTAAGGATAAAAGCGAAATCCTAAAGCAAGATCTAATGCTCCCCCGGTTTTAGGTATAAAACCTAAAAGTGGTCCTAATTCAAAGTAAATCTCGAAAGGTGATGAACCAGGATAAAAATCTATACCTACAATACCGCGGACAGCAACTCCAACACCGCGATCTCTTATATAGAAAAGATCTCCTCTATCTTTGTAAAAAAATGATTTACCAGTTCCGAACCCAAGTACTCCCCCAAATCCGGCATGCATTGCGACGTATCTGGAGTTGAATGCGTTGAAATGCCATAAATAATCAGCTCCGATTCTTAACCCGCCGAAATATGAACTACCTAAATTGAAGTTCCATGCGTTTATTTGATTAACATTATACTTTGCAGTTAATCCCGTTGGATCACCAATCGAAATACCAAATCCCCACTCCTTTCTTACTTGTGAATAAGTCGTTATTGTCAGAAGCATTACTATTAGAAGTAAGTATTTGTTGAATGACTTCATTTGATTTGTTCCTTCTCTGTTTTTGGAATAAAATTCATTTATTAAATTTCTTGAGACAAATCTATGTAGTGTGTTTTCGATGTGTTAGAGCAAATCTTATGATTAACTTGAAAAGATTTTACGATTAGGTTTGTGGTTGTTTTTGCTACACGAATTCACTTTTCGGCGAAGATGTGCGAATTAGACTCGATCTATATTAAAAATGAATATAAAATGGACTTTTCTTAAATTAAATCAGTTAATCATATCAATTGAGTAAAATATGAACAACAAATTTTATACTGATTTTGATACTGAGCGTCTGTATGATAGTAAACGGGAAAATGACTATAGAAATGCATTTCAAATTGATAGAGATAGAATCATCCATTCATCGGAGTTTAGGCGACTGCAAGGTAAAACCCAAGTATTTTTGCCGGGTGAATATGATTTTTATAGAACGAGATTAACTCACTCAATTGAAGTTGCACAAATCGGAAGATCAATCTGCAATTTCATTCAACATCATGAAAAAGATTTCTTTAGTGAAGATTATTTTATTGATCCCGACCTAGTTGAATCTGCATGTCTTGCACATGATTTGGGTCATCCGCCATTCGGTCATGCCGGTGAACGAACACTTCATAAATTGATGAAAGAATACGGCGGCTTTGAAGGAAATGCCCAAACTCTTCGCATTATTACGGAAACGCTTTATAGAACCGAAGATTCACGTAAAGGAATGAATCCATGCCGTGCCTTTTTAGACAGCATTCTAAAATATAAAAGTTTATTTAGCGAACTTGAAAATCCTCTCAATCATTATGTATATGATAATCACAAAGAGTACTTGAATTTTGTATTCGGTGGAATAGATATCCATGAAAAATTTGCTCACGGCGAGGAAGCTGATTCATTCAGAAGTATTGAATGCCAAATTATGGATTGGGCAGATGATACCGCTTATGCTATTAATGATATTCAAGATAGTATTACCGGCGGATTTATTAACATAGCAAAACTAGTTAATTATGGAAACAGCACTTCACTAAATAAGAATGAAATTAATTATCTAGAAGAACTGATTAATTGGATAAAAGAAAGTAAGTATAAACCAAAACTCGGTTCGCAAGTTGGTGATTTTATACAAGCATGTTCAATCAAAGAACGCAAAACTTTTCTTGATGATAAAACCAATCGTTATAAATATGTTTTAGTAGTTGACAATAGTTGTTTAGAGAAAGCAAACTTCTATAAAAATATTGCTGTCGATCTTGTTTTTAAGTCAACACAACTGCATCAAATGGAATCTAAAGGCGATTACATGTTAACCAACTTTTTTAGTGTAATGCGCGAAAATTATATTGAAAAAATTTCCGGCATGA
CP129490.1_gap16	252371	254574	2203	TTTCTCGTTAGAAGAAACTAATAGAAGAGAACTTTTCTTGGATCAAAAAGTAACTGAAGATAAAGCTATTTTTGCAATCAGATTGGATGGTTTTGAACCGGTTATTCCCACCGCAATTAATACAGGTCAACGTGTTTCAAATTATCTTAATTTATTAAGTCTAAATGCTCCGTTGAATACAGTTTACAACTTTGATGAGTTTTTATATCCATTTAAAGCAGTTAGTACAAATCTTATAACAGGGGAACCACATGTGTTGAGTAAGGGAACACTCGGCGCTGCGATGAGAGCGAGTTCAAGTGTATCTTTAGTATTGGAACCGGTCCGGGTTGATAGTTTAATTTTGGTTGATGGTGGTTTAGTGGCAAATGTACCGGTCGAAATTGCTTCACAAACTAATGCCGATTATATAGTCGCTGTTGATGTAACAAGTCCATTAAGAACTTCGGAAGAACTTAAGTATCCTTGGGAAATTGCCGATCAATTGGTCAGTATTCCGATGAGATTAATTAATGATGAACATCTAAAAAATGCTGATGTTATAATTCGTCCTGATATTAATCATCGGAAGAACAATGATTTTACCGAATTAAGAAAGTTGATAGATTCCGGTTATCAATCATCCAGAGAATCGACAAATATATTAAAAGAAAATATAGAATCACTCACTCTCTCAAAAATCGATATTGATGAAGTGCTTTACTCTAATTTGGAGATTGTTTGTGAAAATGTCGATTTAAAAAATTACTTAGATGAACAAATAATTGATGGACAAAACATTTCCGAAAAGGAATTAATTAAAATTATTATAAGCTATCCTGCTCTTGATGACTTCAAATCACTCTCGGCAGAAATTGATTCGTTATCATCTAAGCTCATAATAAGTTTTGAAGTGAATCCGGTTGTTGAGAATATTATTATTTCCGGAGCCAAATTAATAGATGCAGATTCGGTTGTTGCAAAGTCTATGAATTTACGTGGTAAACCGTTCAACAGTAAAAAAATTCTCGAAACTTTTCTAAATATCCTTAGACATTATAGAACGGAAGGATACTCACTTGTTAGAATAGCAGATTATTTATTTGAGGATAACGTTCTTCGCATAAATGTTGATGAACAGACAATCGATAGACTTATTGTTCACGGTAATGAAAAGACCAATGACGAAATTATATTAAGAGAATTACCCTTTAGTGAAGGCGATATCTTTGTGAGGGGAGAAGTAGAACAAGGATTAACTAATTTAAGAAGTACCGGGCTATTCGAAAATATTGAACTAAGGATTGAACAAAAAGAAAATCAAAATATTTTGACGGTAGAAGTAAAAGAAAAGCCATCACTATTATTCCGATTCGGACTAAGATTGGATAATGAATATTTTACACAACCATCCTTCGACATAAGGGAGGAAAATTTACTAGGAACCGGAACTGAACTTGGAGCAATTTTTACAGGTGGAATAAGAAATCAATTTGCCGCTCTTGAACTTCGTGCCAATAGAATTTTTAATACGTACTTTACTTATAAAATTCAAGCATTTTATAATTCTATTGATATAAACACATATATGGACGACTCAACAAGCACTGAAAAGAGATTTGTAAGAACAAAACTTGGTGAGTATTCGCAGTCATATTTTGGCGGCTCAATCGGTATAGGAACTCAATTCCAAAAATTCGGCAATATAATTGTCGAAGCAAGATATCAACAAGATAATATAAAAGCGATTGAACAATTTGCATCGAGCGATGAATACACAACCAATATAGCAGCATTAAAATTTGAGCTGTCAATTGATTCACAAAACAGATATCCTTTCCCAACAGAGGGAATTTATTTTAACGGATTTTATGAAACAGCACAAACAGCTTTTGGCGGTGATATAGGCTATTCAAAACTTTACTTGGATTATAACAGTTATTTTGCTTTCACCGACGACCACAATTTAAACCTCAGATTGAAATTTGGTTATGGGGACGAAACACTTCCGCTAAGCCAGCAATTTTCCTTCGGCGGACAAAATTCATTTTTTGGTTATCGTGAATATGAATATCGAGGCAGACAAATATTAATTTCATCGCTGGAATACCGTTATAAGCTTCCGGTTAAATTTTTCTTCGATACATACTTTAAAGCAAGGTATGATCTTGGGTCAATATGGGCGCAACAAGAAAATATACGGTTTAAAGATTTACGCCATGGA
CP129490.1_gap17	264504	267618	3114	CAAAACTTTTTCTTCAAACTTATCCGGAGTATTGTTTCTATTTCTTGGTTTAAACGTTGTTCGCTTAATTAACACACCGGTTTGCTTTCCAATTTCATCTGTTAGCGCCATTGCCGTATCTGAACAAACATTAATCGCTTGAAGTGGTCCGCCTTCTTTAATATTCTTCATTAATACAGATTTTAAATCACCCATAAACAATTTGGAAATTTCTCGGAACTCTACTCTTATATCTTGATCGGGTTGAGTTTGTGCGGTGAATAAAAAAACAAATATTATAGTTATTAATGTGAAATATATTCTTTTCATTTTAACTGGTAGGGACAACTCATGAGTTGTCCCTATACCTAAATTTATTTAATTGTCGGTAATGAAAAATCGGGAGCTTTGATATAATCTTCTCTATTATAATTTCCGGCAAGAGCTTTTTCAATATCGCTTCTATAAGTTTCAATTGATGCTAAACCAACATGTCTTGCAACTACAAATCCGCGTCTGTCAATAACAAAAGAAGTTGGAATTGATTGAATGCCACCGTATTGCTGAATAACATTCATATCACCCTTAACGATGGGATAGTTAATTCCATATTCTTTCATAAACGGAACTACATCATTTTCAGTTGCGCCGCCACGTGAAACTGCATCAAGAGATATTCCTATAACCACGACTTGATCATTTTCATTTTGTAATTGAATTAAGTCCGGTACACCTTTGCGACAAGGTGGACACCAGGTTGCCCAAAAATCTACAATAACAACTTTACCTTGAAACTCGGATAAAGATATATTTTCTCCGTAAGTGCTTGCTTCCGCATCTTTGTTATTACATCCCAAAGTAAATACTGCGAAGAAAAGAAAGAACGCTACTACTTTTATTGATTTCTTCATTTATTCCTCTAATAGTTTTTCAATGTCTTTTACGTAAATTGATTTATCCATGTACCCGATATAAGTACTGAAAATTCTTCCTTCTTTATCCAGCACAAAAGAAGTTGGAATTGATTGAATTCCACCATACCGATTTGTAATATTCATATCGCCGTAAACAATCGGGTAATTTATTTTGAATTGTTCCACGAAGTAGGGTACATCATCTTTAGTATCCGAATCAAGTGAGATACCTATAATTTCAAACTGATCGGAAGGATATTCACTTTTCAGTTCAATTAAATCCGGAATGGCTTTTCTGCAAGGTGCGCACCAAGTTGCCCAAAAATCCAAAATTACAATTTTGCCTTTATAATCCGATAAACTTATTGATTCGCCGGAAACAGATTCAAGTTGAAATTCGGGTGCGATTTCTCTGCTTGACGGATCAACTTTGGCTTTATAGTTTGGCGGGTACGGACCCGGTTCTGGTTCGTTAAAACTGTTGTTAACAAAAAAGAATATCAAGAATGCTATTACAAAAAGTCCCGTGTAAACATGACTTCTTTGTTTTTTTGTTAACCCTAAAATTTTCTTTTCTTCTTTTTCCGTGCTCATAATCTCTCTATTTTTAGGTCAAAAATAGCAAATGCAGAGTTCGATTCACAATCAATTATGATGTAATTCATTTAACTCTTTTACAAAAATTTCGATTTTTTCATCATCGAAACCTTTTTCTTTTGCGGCTTCTTCAAGAGAACCCCAAATCGGTTCACCACATCGTAAGCATCTTATTCCTTTATCGCTTAAATATGAAACAGCTTTTGGCAGAATTCTGACTAAATCTTCAATTTCAATATCTTTAGTTATTTGATTCATTTACTTCTTTTTTATCTTTTTTTGATGTAGGAAATGACCAGATTGCTCCGATTAGTGCGCCATAAATTGTTGTCGTATATGGATTGCTTGTAATGGGACAACTTCCAGTATTACATCCAATAAAATAATAATAAGCATATCCCAACACAGACCCGATAAAAACAGGCAAGCCGAACTTCAATATTTTTTTGAGATCTATTTTCATTATTTTTCTTTCAAATATAGAATAAAGTGTCTTTATAAGATGTCGTAAAAGCGACAAAGATTCAGTTTATTAACTGCTAATTTCTTGCTCTTGAAACCACTATTTAATAGTTTTAACTGCTCGAAAATTAATACATGGAGAATCATAATGCCCGAATACCAGAAACATTTGTACATGATAGTTTTCCCGATAAACGCATTAGTTGCATCACAATTAGAACCTGATCAATTTGGAAAACATTACACAACCGGAAGCGCTAAACATTACAGCGGCAAGGTTATTTTCACCGAAATTGACATAAACTACCGTCACCTTTACTTTGAAATTGATAAATATTTGGATTTAACAGTTCCGCACGAAGATGGTTCCCCAAAGAAAACAAAGTTTATAAAATCTTACGGTGTTTTAGAACATGTTGATCTTTCGGCTATAAAGAAATTATTTCTTTGTACGAATAACGGAACGGTTCTCCCTATTGAACCGGCAGAATATACAGCGGTTAATCAACCGGGGTTAATTAGAGTTTATCAAGAAGTCTGCCCGCTTGAGAATCTAGTTGCGTCAAACAAAGATCAACGAGAGTTTGGTAGATTTATTACAACTGAAACCATTTCAAAAGGCGCACCTTCAATGTGCTTTACTCAAATTGATTTTAATATTGAGCAATTTTTTGAAAAAAATAAAAATAAAGATATTCTTCAAATTGATTTGCCCGGTGTAAATCCTTATAGATTTTATGATTGTATTATGGATTTGAAAAACAATCCGGATAAATTTACAAAGACTATAAGTCTGGGAAGTTTACTAAGAGAGATATCATATAAATTTTTACGTCACGGAATTTGGTTTGTAAAAGGCGAAGAAATTAAATTCTTCCCTATGCCGTCAGAAGCTGATCTCGAAAATAAATACTTCTACTGGTGGAAGTTTGTGAGATAGGTTTAATTGTAGGGACAACTCATGAGTTGTCCCTACCGCTATTATTTTTTATACTCCCCATCACCCCATTTTAAAACTTCAACTTTTACTTCTGCTATACCATCATCAATCATATCAAGTTTTTGCGCTGCGCCGTAAGATAAATCAATAATTCTTTCGGGATGCTGCGGCATGTGATCGTTTATTCTAAGAATTTCAGATTTGTTGTTTGCCAAATTAGTT
CP129490.1_gap18	269001	269532	531	CGATTCATTTTTGCAAGGGGCTAAAGATTTGATGGCAACTGCTATGATTATCGCGTTGGCCAGGGGAATTCTAATAATAGCAACGGACGGAAAAATAATCGGGACTATTCTTTACGCATTATCCGATCCTATTGAGTCACTTCATCCAATTGTATCGAGTCAAGCTATGTTTATTATTCAATCAATGATAAACTTTTTTGTTCCTTCAGGAAGTGGTCAAGCTGCATTAACTATGCCCATTATGGCACCGCTGGGCGATTTGGTTGGTGTTTCCAGACAGACAGCAGTTCTTGCCTATCAGTTTGGTGATGGTTTTTCTAATATGATAATTCCGACTTCGGCAATAACAATGGGGGTTTTAACCCTTGCTGAAATTCCTTGGGATAAATGGGCAAGATGGATGATCAAGCTTCAAATTATTTTTATTGTTCTCGGGTTAATTTTATTGATTCCGCCGTATTTCTTTTGGTAAAATTAATCTTTTTGGTTGGATATTTTTCTTTTACTTGTCATAATCATAAGTTAATTTTA
CP129490.1_gap19	298315	299144	829	ATGAACAACAACTTCAATCCTTTCTTTCGGTAAACCGAACAACCAATGAGCTTCGATTACTTCCAAGCCTTTGTTCATCATTGTTGCGGAATCAATTGTGATTTTACTTCCCATTTTCCAATTCGGATGAGCAAGAGCTTGTTCAACCGTAACTTTGGATAAACTTTCTTTGTCGAGATTAAGGAAAGGTCCGCCCGAAGCAGTTAAAATTAATTTATCGATGTATTCTTTTTCTTCACCTATTAGGCATTGAAAAATTGCGCTATGTTCGGAATCAACCGGAATCAATTCGGAACCGAATTGATAAATCATATCAGTTATTAATTCACCGGCAACAACAAGAGTTTCCTTGTTTGCTAATGCAATTCGTTTTTTTCTTTTAATTCCTTCTATTGTAGGTGATAATCCCGCAAAACCAACCAGAGCTGTAACTATTATGTCATAGTTAAGATTTTTTGCGATTTCAATCAAACCATCTTTACCGGAAAGTACTTCGCATTTAATATTAATCCGCTTTTTCAACTCATCAGCTTTGGACTTATCCGTCACAACAACATAAGATGGATTAAACTCCTCAATTTGTTTTTCGAGATCAGCAATATTTGTGTTAACGGTCAAACCAGTGACTTTAAACTTTTCCGGGAATTCTCTTATCACATTAAGAGTATTAACACCAATTGATCCCGTTGATCCGAGAATTAATATTTCCTTTTGTTCACTCACTAGATATAAAGGATTCTTGTTACAGCCATTAAAAAGTTAATAATCACTAACAGGTTGATTTGAAAACTAACCGAATAAAGTTTCTTCAAATTTTCGCGAACATTTG
CP129490.1_gap20	434528	438554	4026	ATAAAAGTTTTGATTTTGGTAGAGAAGGCAGTATTGCAAATCAATTAAAAATGATGCTTGATTCAAACTTTGGAGATAATGGTAAAGTAATCAAGGCAGTTGAAAAGAAATTATCATTTGATAATCCTAATAGTACCTTTAACTTATTGCAAAGTAATATTACCAGACAGCTAAACGAAATTAAACAAGAAATAGAATTGATAAAGAAAGCGGATGAACTCCAAAAAGAGGCAAATAAAAAATCCACACAGAAAGGATATGATTTTGAAGATCAGGTTTTAGATGCATTAGAAAACATAGCTTCTTCGAATGGTGATCTTGTTGAAGATTTGACAACAAAAAGCGGTTCAACCGGTTCAAGTAAAAAAGGTGATTTTAACTATACAGTAAAAAGTATTAATAAAGTAATTGCGATTGAAGCAAGGGACCGTGATACAATTTCAACTCCTTCAACACTCATAAAGGAGCTTGATAAAACAAAGACAAATAGAAACGCTGATTTTACTATTTACTTGACAGCAAGCGAAGAACAGCTTCATAAACAAATCGGAATGTTTCAAGAATATGATTCAGATAAAATAGTAACGCATTTCGGATTACTCCAAGTTGCCTTCAAAGTTGCAATTTCTCGAATGATAATTGAACATGAAAGTATTGATGAAGTGGATAAAGCCGCAGTTGAAAAAGAAATATCCAACATTGAAAGTACCTTAAAAAGTTTTTCGGGACTAAAATCAGCTGCTACGAATATTAAAAAAGAAGCAGATAAAATAACTGCGAAGGCCGATGAAATTAAGATTGATATAAGTAATTCTTTAATTAGTCTAAATGAATTGTTATTTTCACAAGGTACAATCACAGAATGATTGAGTTAATGCCTGAAAGCAACTTTAAGTTTCTTGAAAAGAAATTACCTGATTTAGCAGCTCTGGGGGATTTTGCAGAACAGTATGTTTATGCAGATCCCCAATCCTCTGCTGTCAAGCTTAGAACATTTGCTGAAAAGTTTGTTGAGATTATTTACACAATTCGAAACATTGATAACACTTCTTACCTAGATAATCTTTTCGGGCAATTAGACAATGATACTTTTAAAGAAGCCGTTCCCAAAACTGTAATTAATCTGCTACACTCGTTGAGAATCAATGGAAATAGAGCTGCTCACGGCAGCGATATCACTTCCGAAATTATAATAGAACTTCTCAAGCAGGCGCACGAATTAGCAAAGTGGATTTACGGAACTTATTGCAGCGGAAATATTAATAGTGTTCCAATTTTTGCAGACCCAACACAAAATGTAAAAACTGAAGAATGGAAATCTGAAAGAAATAAAATTTTAAAAGATCTTTATGAAAAAGAGAAACAGCTTCAAGAAGCAATCGCACAATTACAAATTGAAAGACAAAGGAAAGAAACAAAAGTCAGAGCTAAAGAGGAATTAGATCAATTTGTTATTAAGGGGCAAGAAGTTGTTAATGAATTAAAGTATACCGAAGAAGATACAAGGAAATTCTTAATCGACGAAGAGTTAGCTAAAGCAGGGTGGAATGTAGGTTCAAACCAGCAAGATACTGAGGAGGTTAGACAAGAATTCCCAGTTGAATTTCAGCAGAATGATTCAGGACTTGGGAAAGCAGATTATGTTCTATTTGATGATGACGAAAATCCTTTAGCAGTTATTGAGGCCAAAAAGACATCTAAAGATCCAAACATTGGTAAGAAACAAGCTCAACTATATGCGGACGGACTAGAGAAAAAATATGGTCAGCGTCCTATTATATTTTATACCAACGGATTTGAAACTTACATTTATAATGATTCCTACAATGAACAACCTCGAAAAATTTATGGTTTCTACTCAAAAGATTCGCTTCAGTATCTAATTGTGCAGCGTTCATCAAGAACAAAAGCATCAGAAGTAAAAATTAATTATGAAATAACTGATAGACCATATCAAATTGAAGCTATTAAAAGAGTCGTTGAAAATTTCGAAACACATGGAAGAAAAGCGCTAATAGTTCAAGCAACGGGAACAGGTAAAACGAGAGTTGCGATTTCATTAGCTGATGTTTTATCTAGAGCTAACTGGGTTAAAAGAATTCTATTTTTATGTGATAGACGAGAGTTAAGAAAACAAGCTAAGAATGTATTTCAGGAGTATCTACCCGGTACACCGCTCACAATATTAAACTCACGTACATCGGAAGATAGAAATAAACGAATTTACTTAGCTACTTATCCTGCAATAAAACAATTTTATCAATCATTCGATGTTGGTTTTTTTGATTTAATTATTGCGGATGAATCTCATCGAAGCATCTATAAAGTTTATAAAGATATTTTTACTTACTTTGATTGTTACCAGATCGGACTTACAGCAACCCCGGTAGGATTCATAAATAGAAATACATTCAGAATGTTCGATTGTACTGATGACAACCCAACAGCATATTTCAGTTATGAGGATGCTGTTCAATCGGAACCGCAATATCTGTCTTCGTTTGATGTTTTCAATGTTACGACAAAATTTTTAAGGGAAGGTATTAAGTATTCGGAAATGACTCCTGAACAACAGATGCAATTGGAAGAGCAAGTAAGTGACCCGGAGTACTTTGAATTTGATTCCGAACAAATAGATAAAGCAATTTATAATGAAGATACCAATCGTAAGATCATCCGCAACTTGATTGAAAACGGACGCAAGTTACCCGACGGTACTTTGGGTAAATCTATTATTTTTGCTCGCAACCACAGACACGCTTTAATTCTCAAAGAGAAGTTCAATGAACTTTACAGACAATACGGTGAAAGCTATTGCCAAGTGATTGATAATTATGATCCACGTGCCGATCAGTTAATTGATGATTTCAAAGGTTACGGCAACCAAGATATAAGAATTGCCATTTCTGTTGATATGCTGGATACAGGTATTGATATTCCCGAACTCTTAAATTTAGTCTTTGCAAAACCGATAAAGTCTTTTGTTAAGTTTTGGCAGATGATAGGTCGCGGTACGCGAATAAGAAAGGATCTATTCGGTAAAGGATTAGATAAAACTTCATTTAAAATCTTTGATCACTGGAGTAACTTCGAATGGTTCGATCTTCATTACAAACATACACAGCCTACTGAATCTAAAGGATTGCTGCAGCGGGTTTTTGAAGAGAGAATTAATTTGGGTGAAACCGCATTAAAGCAGTATGATCAAGAAACATTTGCATTTGTAAGTAAACAAATTTTGGCTGATGTTAATCGACTTGCAGAAACTGATACAGTTTCAGTTAAAGAAAGAGTAAAGGATATTAAACTTCTCCAATCTGAGCAAATAATAAATAATTTCTCAGGCGATGTAAAACATAGACTGAGAAACATTGCTAACCTTATGCAATTGGTAGATATTAGGGGACAATGCGATGCATACAATTTCGATTTTTTGATTGCTAAAGCACAAAATGCACTTTTACTCAAATCCGGTTCATTAGAAGATTACAAAGGTGAAATAATAAACAGTGTTCAATCTCTTCAGGAATCAATTCATCAAGTAAGAGCAAAATCTGAGACTATAAAGAAAGTACAGTCAAAAGAATTTTGGAAAGATGTTACAACTTCTGAACTCGAAAATGTTAGACAAGAATTGCGTTCAATAATGAAGTTTCACGACAGAGGCGGCGAAGGTGATTATGTTCCACCTAAGATTGACGTTAAAGACGACGATCTCGAATACACCCAGTATGAAGTGAAGAACAAAGGTGTGGAGATGAGAGTTTATAAAGAAAGAGTAGAAGACGTTCTCATTCGCCTCATTGATAAAAGCCCGACGTTACAGAAAATCAAACGAGGACAATCTGTTAACGATAAGGATATACAAGAATTAATCTCGCTTGTATTAACACAACACCCTGATGTTAATTTGGAACTACTTAAAGAATTTTACCCTGATACAGCAGATCACTTAGATCTTGCAATTAGAAGAATTATCGGGCTTGATCCCGAATATATTTCACAGCAGTTTCAATCATTTATAAA
CP129490.1_gap21	517800	522410	4610	CTGGATCATTCACTTATGAGAAAAATAGCACCTCTGCAAATTTATAACACAGTCCGATTAGGCGTAAGCGGAACAGCAATGCCCCCATTCGATAATTTAACAGATGAACAAATTTGGGATGTTGCTTTTTACGTAAGTGCGCTTCGCTATCTAAATGATTACGAAAATTCAACAGAGTTAGTACAGGTAATTAATTCTGCTTCTACAAAGGTTTCGTTTGAAGAACTTGCACTCTACAGCGATGAAGGACTTTTATCTGAGAAGCTTATTGATAAAAACGATAATTACAAAAATACAATTGCATCCTTACGCTTGCACAAGCCGGAACATCAAAAGAAAGTAACAATTGAAATCGCAGCAAAAATGTTGGAGAGTGCACGCAAGCAATATGAAAAAGGCAGTATAGAAATAGCAGAAGAAAGGGCACTCGCTGCATATCTAGAAGGTATAGAGCCGTTTGAGTCGCAGCTTCAAAGCATAGACCCCAATTTGAAGAATGAAATCGAATCAGCCATGTTTCGTATTAGATCGGAAATAAGTGGCGGGATAGAAGTAAAAAAATTGAATGCTTCAGTTGCCGAGACAGTGAATCTAATTAACAAAGCAAGTCACTTGTTAACCGAACAAAAATTCACATTTTGGGTATCATTTGCACTAGCCGCTTCAATAATATTGCGCGAGGGAATAGAAGCCTTTCTAATTATAATTACAATACTAAGTGTGCTTAAATCCGTAGGTGCAGGCTGGGCGGAAAAATTTGTTCATGCAGGATGGATATCTGCGCTATTTATCGGAATAGTAAGCATGTTTTTTGTCAATCTGATAATCTCATTCGGTGCGCAAAATAGAGAATTAATGGAAGGATTTGGTTCTCTCTTTCCTGTTTTAATTCTTCTTTACGTTGGATTTTGGCTTCACAGTAAAACCGAAGCAAAACGGTGGAAAGACTTTGTTGAAAACAAAATAGTTAGATTAGTACGCGGTAAAAATTTGATCGGGCTGGCTGTGCTTTCGTTTGTTGTTGTATTCCGCGAGGCTTTTGAATCTGTTATTTTCTTATCAACAATAAATTTAGAATCAAGTGAAGGTGGAATGAACGGCAGCTATTTTGGTGCGGGTATTTCTTTGTTAGTTGTTTTGACCATTTCATGGGCTGCCGTAAAGTTTGCGGTAAAACTACCCATAGCTAAGCTTTTCAAATATTCAGCTTTTACTTTAGCTGTACTATCTATTATCATAATGGGGAAAGCAATTCACTCCTTACAAGAGGGAGGATATATTGGAGTGACTCAAATTACCGATCACTTAAAACTTAGCTTTATCGGATTTTATCCCACGGTAGAAACAACTTTTTCACAAATTGCTTTATTAATTTTAACAATTATTCTTTGGAAATACGCGGGCAGAATCCCTGTAAAAAGGCGAGTAGTTAATAAATATAAAAAATGATCCGGCATTATCCGGTTTTTACACAATCCCAAAAATAATCTTACCACAACTGACTTAAGTCAAGGAACTCATTTTGAGTGCCGACTATTTTTACAATGCGAATCAAATAAGATAATCAAAAACAGCATTTCAATGAAATTAGAAGAAGGACAAGAAAATAATGTATGAATTTTACATAATTATAAGAACAATACATCAGTTAGCCGGAGCACTCTGGTTGGGCGAAGTTTTAGTTCTCAATTTTATACTTTTACCTGTTCTTTCAAAATACGAAGGGGATTTAAGAAAACGGGTAATCACTTCAATATTCCCCAGAGTCTTTAAGCTTGCTTCAATCTTATCTGCGACTGTAGTTATTACAGGCTTGTACATGGTTTTTTATCTTACAAAAGGGAACCTTGAAGTTTTACTGGATGGTAGATGGGGGTTATCAATTCTAATTGGCGGTTCTCTTGGAATTTTGTTGACTATATTTCATTTCTTCTTGGAAAATAAACTAGCAAAAAAAATCATGCTTGGTAAGCAGGGAGAGAATGAGAAATTAGCAGAAGTGCATCTGAAAATGAAAATTGTTCCAAGAATAGGGTTAACTATATTAATTATAATCTTCCTTTTGATGATCAATGCGGTTCATGGAATTATTTAATTAAGATATTATCTAATAAACATACTGAAAGTGAATCAGTTGTATAATATTTTATGCTTACCACTTCCCTTTTGGCTAATTTATAGATTAGATAATCAGAGATTGTGATAGACCATAAAAATCTCATTAAGAATTCCATCAAGTTCGTGATCAAAGTTTTCTATCACCTTTACATCCGCAGCATCAAAAAGCTTTTTTGCATTTTCTTCGATTTTTTTACAAACCACCGCATTAACACCTTTGCTAATTAAGAGTTGGGCACTAAAGATTTCCGAGCTTGGTGAGGTGCTATAATTATTAGCTATTTTCTCCAATATTTTGTTTTCTAATAAGTCGAAGACAATAAAGAGTCTCGTTGTAGAAATGGATTCCGCTATAATGGGTAACTTTCCTTCGCCTATTGAACAGACTGCTATTCTCATCAAATCCTCTATTATATATGAATATTTTAGCAACAATTAGGCCAAAGAAAATCTAACTCTTCAATCTCACTTTAAATTGAATTTTTTCATCTTTCTCCATAATGTGGTTTTGTTTATACCTAAAGCCTCAGCGGTTTTGATACGGTTACCATTAAATTTCTTTAACATGCTTTCGATTAGTTCCTTTTCTGCATTATCCAGTGGTTTTTCAACTAATTCCCTTTCGTCTGTATGGTCTAATTCCCCAGACGTATTCTGGAATCTTTCAGGCAGGTGCCCAGTATGAATCGCTTCCGAATTTGAAACAACAAATGCATGCTCAATTACATTTTCCAATTCTCGAATATTGCCGGGCCACTCATAGTTGGAAACAAGCTTTAAAGCATTTGGTGAGATATAATGAATATCCTTTTTGAATTTTTTGTTGAATTTTTCTATAAAGTGATTAATCAAGCTTGGAATATCATCACGCCGTTCTTTTAGAGGTGGCAGATGGATATTAATGACATTTATTCTATAAAAAAGATCCTCCCTAAAGCGCCCTTCCCTAATTTCCTTTTCTAAATTTCTGTGAGTTGCAGAAATTATTCTGGCTTTTAACTCAATAGTTTCAGTTCCGCCGACTCTCTCAAATTGTCTATTTTCTAATACGCGCAATAACTTAACTTGAATTGATAATGGAATATCACCGATTTCGTCAATGAATAAAGTACCTTCTCCGGCTAGTTCAAAACGTCCCGGTTTTGTGCGAATGGCACCGGTAAAAGCACCTTTTTCGTGACCAAATAGTTCACTTTCCAACAATGTCTCGGCAAAAGCAGAACAATTTACAGCAACAAAAGGTGTCGACTTCCTTTCACTATTAATATGAATTGATCGGGCAATAATCTCCTTGCCGGTTCCACTTTTTCCGGTAATAAGAACAGTACTATCGGTGTTAACAACATTTTGCATAAGATTGTAAACTTTTAACATCGACTTGCTGCGCCCAATGATGTTTTTGAAATGATACCTTTCGGTAATATGATCAGTTAGATTTTTGACGACACTAATATCTTCAAAGGTTACAACACGTCCTATTTTTTCTCCGGCAGTATTTAATAGAGAGGCAGAGTTAATTCTAACCGGCACACGAGTTCCATTCCTTCTTATAATAGTTGTTTCTCTTAATAAGTTAGAGTAGTGCTCTGCTATAAATGATTTCAGTTGTGCGTCTTGCTTACTATCCTCTGAAAGTAGAATTTCCCAATATTTTTTATTTATAGCTTCTTTTTCTGTAAACCCGGTTATTTGTTCAGCAGCTTTATTGAAAGCAGTAATCTCCCACTCTGTATTAACTGTAAAAGTTCCCTCTAAAAGGCTATTAAAAATAATTTCAAGTTTATTTTTTTCCTGTATTACTTCATCTTTCTTAGCAGCTAGGGCTTTTTGTAGAGAAAGAGTTTCATTGGTATCTCTGAAAACCATTATTAGTCCAATAATACCTTGATTTGGTTGTATTAAGGGAGTAATTGAAGCGGTTATTAATAGTTCTTTATTATCCGTGCATGTAATTGTTAAAGAAATATTCGAGAAAAATTCACCGGTGGATAAACTGCTAATTATATATACTTCTCTTTCATTTTCTTTTGGAAATAAAAAACTTATATCCTTTGAAATAACTTCATTACTTCCAAATCCTGTAATTCTACAAGCAGCATCATCAAAAACAATTACTTTTTGTTCCTTATTAATTGCAATGACACCATCTGCCGCTAAAGAGTCGATTTGAAGACTATTTTTATTCATGTCTGCTAGAAAATTATTATTGAATTAGTTTAACACAGTGCTCTAATATATTCAAAGACTATTTGTAAAATTACAGAAACAATTTGATATTCCCCACGTTATCAAAAAGGTTGCAAGAATGTAATCAGCTTAGTTCTTTTCGTTTCAGTTCTGCAATCTCTCCATTCAAACAATTCCAAAACAGTTGATTGATTAGGACTTCTCCAGCGTATAACTTGGCCCTCTTTTTGTTAATTATGTAAATACTGATAGGCTACTCAAATCAAAATGAAAACTTATAATTAAATGGAGTATGAAATGGCTAA
CP129490.1_gap22	534862	539777	4915	CGGGATTTTGATCTTCATTGACCAATACTTTTACTTCTCTTCCAAGTATATCATACACTGTAAGTTTTACAAAACCCGCTTTAGATAAATTGTACCTAATTGTAGTTGATGGATTAAACGGATTTGGGTAAGACTGCATCAATTCAATTTTTTTAGGGATTTGCTGCTCATCATTTATATCAGTTGTCGTTTTACATTTCCCATTACTTCCTGCTTCATATATTGAATTAACTTCATCTTTAGTAATCGCTCGATTGAATAATTCTATCTCATCCAAAATTCCACGGAAGGGATAATTCTCTACAAATGATTGAGCACCGATTCTTAGAATACCTCTATTATCAAGTGAGCCTTGGTGTGTTGTCGGATCGCCGAAAGTAGTTGGTTCTCCGTCAAGATAGAATGTTATACCGTTCTGATCATTTCTGGAAACCGTTATAGCGATATGATGAAACATACCGTCAGCCACAAAAACCGGTGAAACATAATCTGTAGCAGTTCCATCTTCCAATCTTAGACTTAGTTTTCCATCAACAAGATAGAATAGATATCCGAAAATACCGCCGGAATTTTTAACTCGTTTATCAACAAGATGTTGTACTCCAACATCGTTACTTGTTTGTATCCATGCATCAAAAGAAAAATCGCCGGTACCAAAGTTAAGTTCAGATTGATGCGGGACATCCACAAAGTTTTTACCGCTGAATTGTAAACCACCTAGTACTTTTGCGGCTACCGGAACAGGGTTATTCATATGAGTACCCATATTATCAAAACTAGCTAAATCAAGAGATGATGTACCTGAGATTTCATCAAGAGTCCACCATGCAACCATACCTGAAGGAGGATCGACACAACCGGTAGGTTCGCCGCATTCGGGTGTAGTAATACAGAATATATCGCTATGGCAGCAGAAATTATATACACTTTCTCCGGGTACGACTGTATTGAATATTGCAGTTTGGAAACAAAGTTCTTCTCCACCACCAATTCCTGATATAATTATGCTATCAAGAGGTGAAACTTGACCCGGTAGAATGTTTATATTTTCAAATAATGTTTTAGAAAAAGTAACTCCCGGAGTTGTTGGATAAATTCCGTAACCTGTTGACATAATTGTGGAATTGTTTTGAACACGGAACTTATACAAGAACGTTCCATCCGGTAAACATGTTAACGTACCATTAATTGCCTGCGAACAACTGTCGATTGGTAAATCTAGTGGGGTACATCCAAACATTAATGTATCAGTGCAAACAACTTCTCCGTTATTCATCCATCTTACGGCAACAACTTGGTTTGGTGAAGTGTAATCTCTTATACACATATCAAGAACATCAGGAAATGTGCCTTGACCAATCGTTTCAGTGAAGGGTGGAAATTTTCTCAACTTGATAAGATTGTTCGGCCAAGCATTTGTAAATCCCCAACCAGTTGCCGAAGTTGAAAATGTACTGAACATTCCGCCTGAAACTAATTCGAATTCAACATGTGAAAATTCCATACTGCTGATATTTGTTAATGAAATAGAATAACAGCAATCATCAGGATTACCTTGTGCTTCAACACTTAATGAATCACAAACAGTAATACAAGACGGCATAATTGCGGTAATTGTTTCATAACACCAGCAGCATCCGTCGGGGCTATTGAACTTTGCTAGAATGCTAACGGTATCACCCGGAAAAGCTCCTAGAATTTGTATGTTTTGGAGAATAGAATTTGAACCCGGTGAAACAGCCCATGATAAATTCGTAGTTAGCGGTGAAATTGTAACATTACCTGGACTCTGTAATGTGTATTCGATGCTTGATATTCCATAATCTGCATTGTTTGTAAATGAATAGGAATAAGTATAGTCACTTCCGTTACATGTTACGGTGTCACTCAGAATTGAAGTGCATGAAATTTCACAGTCCAGTTCAATAGTTTCTGAACAAACTATTTCTCCTGATTCATCTAACCAATTTACAATGACTATCTGTGGTGAAGTTACAAAGCTAAGTGACATATTAAAGAAATCATTAAGATTTCCACCCGGTACGATTCCGTTTGGAGGTGTAAATGTGTTTGATCCTGAGGTAAACCAATCTTGATAATTAGTTCCAAGTCCGGTACCGGTTGTAAATTGATTTGGTAACAAACATAAAATTTGTATTGAAGTTATACCGGTAAGATCATTTGGTTGAATAAGATTTAAGCTCCAGTCACAATCATCGGGTGAGGTTTTTATTGCCTCGGCATCTAATGATTCGCAAAGATCAGGTATAGAGCCGCAATCACCAGTATTGGTTAAGCAGAAGTTATCAAAACCAAATCTTTCAGCTTGATAACTTGTCGGGTCGATTGATAATCTCAACATGGTTATATTACTCAACATTGAATTCCAATCACTATCTGTCCCAACCGACATCACCCAATGACCTTCGGAATTCGCCGGTAAGGATTCTCCTGGATTAAGTATTGAAAGTGGAGCACAATAAGAATGCCAGCCATCACCGGCAGTAATGAGATCGTTAGTTACAAAGTATGCTGAAAAACCATTACCCTCAATTCGAATACCAGGCGTAATAGTTATCGGTTGCGATGAACCGTCGTTCCCGTTTCCTGCAAACAAATAATTAACATCCCAGCATAAAGTTCCGCAACCACCGTCAAGGAATGCTGCCCAATCTCCGGTTAAAGGTTTGCTTTCATTATAGAAAGAAGATGCGCCTGACTGATCGGTTGTTTGAAAATAATGATTATCGCCTTCCTCAATAATAGTACCTTGAGCATTATTGGTTGTCCAGCCACCGTTACCATCTTCAAAATCCGTACAAATAGAAGTAGAACTTTCAGAAGTTGTTCCTTCAATAAGAACAGTATTATGAATTGCAAAAGAAGGAGTCATTGCAATACCACCGTTTGGAGAATATGGAAAAATTCTAAGCGAAAAAGTTTGTCCACTTGCCACAACTACACTTAAGCTTTTTGAGAATGTCTGCATAGAAGAATTCAGATAACTCAAAGGAGTAGTGTTTAGTTGAACTTTGGTATTCCAATTATCGAGCGAGTACCATACTTCGGATTCTATAATGTTGAAATTTGCTGGGAGAGGATTATCTCCATAATTGAAGGACACATACTGAACATTAAAACTGTTTCCTGAAAGTGGTGCAACTTCATGTTGAATATATCTAGTATAATCAACGGGACTTGCGGGCCAACCGGTGTTCGGGAAGTACAATCTTTGACCATCAGTTGTGTACGGCAGATTAACAGTCATTTGTGGATTGCTCGTCCCAATTGTTTGATTGGTAGCCTGAATATTTCCAACAGGGGTACTTGGACTAATGGTCGTTGTGCTTGAAAGCGGCCAAGTTACATAAGCACTTTGTGCACATATATTTGTGACAGTAAACATCACTGCGAGAATCACAATCATTTTATATAGCTTATTCATTATAACCTCGGTTTTGTTATTTAATTAATTCACCATTCTTAATCTTGATTGAAGTTTTGTCCTTCAACTTTCTTAAGGATGACTTTAATTTTTCAATTTTTTCTTTTGGTACATTCGGATCGTTTTCCAGATCGGCAATCGCTTCGTCAATTGAATTGTATTCTTTTACATCAGAATTGTTAGGCGAAGATTCTTTCTTAATTATTAAAAGTGGAGCGGGTTTATAGTGCTTGGAAGAATGATTTGAAAATATTATTGAAAACAAGCTGAACAATTCTTTAACAATTCTCACGATATGATATCCGATTTTTGATCAAATCTATATCAATAGGAGTGCTGCTACAAGAGCAAATAAGGATGCGGTATCTTTTATTAAATTAACGGTATGTTTTACTAATTAATCGGTAAGAGTTGGACGGATATTTATCTCTAGTTCATCGCTGTTCAAAATAAATTGGATTTACCTCACTAATATGATTTGATTTATATTCTTTTTTTTTGTAGCATTAGATTCCAATCTATCTCCCTCTATTCAACCACTTCATGGTTGTTGTTGAATAAATAGGTCGTTTAACTTGGGGCGTTGCCCAAAGTTATTCATATTTAACTCCTTTGGAGTTATTTCCTAAATTTTGTGAAATACATAATGCATCTTAATGACTACGAAGCAGTCAAATATAAATAGCTTCGTGTGAAACACGGAGAAAATGAAACCACGTAAAGCAAATGAACCCTATAGGGGTTCAATAAAAATTGCTCTAACTAATAATCTTGTAAAGAGTTGGAGGAAGTGAAATAATAACTTCTGTTCCTTGTGAATTGTTATCGCGGCTGCTGAGATCTTCAAACATTATCGGTTGAGGGATGTGCATTTTTGTACTTAATAATCTCAAACGTTCTTCGACTATTTGAATTCCTTTAGATATATGATCTTCTTTTCCTTTTGATTCTTCTTCTTTCTGCTTCTTTGCTGTTTTGATCCCGATACCATTATCAGTGACCTTTATAATTAACGCTCTGCACAAAACTGAATCAATATCTACATTCTCGAACGAGAAAGAGACCGAAAGTAATCCTTCATCACCGGAATCGAGTATTCCATGCCAAAGTGAGTTTTCTACAAAGGGCTGAATTATCATATTGGGTATCATTACTGAAGATGCATCAATATTTGTTTCATTAATAATCTCATAAGAGAATCTATCCTGGAATCTCAATTTTTCGAGATTCAAATAAAGCTTAAGTCGAGTTATCTCTTCGGATAAAGGAATAAACCCGTTTCCGGCTGTATCTAGGTGTTTCCTGATGAGTTTAGCCATCATAGCTATATAATTATTTGCTTCTTCGTTTCGATTAGAATTTATAAGATACTGAACGGAGTTAAGAGCGTTAAATGTAAAATGCGGATTCATCATTGAGGATAAAGCTTGATGTTTAAGTTGATTTATTCTTTCGTTAAGTTCAATTTGT
CP129490.1_gap23	541355	542722	1367	ACCAAAGTATTGTCTTTTATTCTGTAAATAGCGCCGATTGAACCAAGTAAATAACTTCCGTCATTATCTTTTGCATATGAGGTAGCATTGATGTCATTCAAACCTTTAATACTGATTTTATAAAATTGGTCATCAATAAAATCATATAATCCGGTATGAGTGAGTGCAGCAAGATTTCCCTTAGGTAGAACAACTAATTTATTAACTAAAATCGGGTTTGAAGTTATAATATATGCCGAGTCTTTTTTAAATTTATTTTTATCAAAAACAATAAAAGATAACAGTGGTGCATATGCATATATTTTTTGTTTATAGTCAATCATATATGATGCAGTGTGATATCTACCGTCAATATTCTCAATTAGGTTTTCAATTTTTCCATTACTTAATAAATTAATACCTCTTTCAAAATTTGATAAATAAAGTTGATTATCCTCACCTTCTAAAATTTGAGTTATAGAATTAGAATTTAGTCCATCCTTAGTTCTGTATGTAATAAATCTAGTTCCGTCAAATCTGCTTAATCCATTTAGAGTGCCAAACCATATATAACCAGCTTTATCTTGAATCATATGAAAAACTGTGGAAGAAGCCAGTCCATTAGAGGATGTGTAATGATAATAAGGCGGTGTTTGTGAATAATGAGATGTAGACAGAAAAAGACCTATTAAAACAACTATAAATATTTTGTTAGTCATGATTAGACTGTCTTCAGAGCTGTCTTAATTTTTTGAATAAATTCGGGTGCTTTCCTGCGGGATATTTCAATTTTACTTCCATCAATCATTGTTACATAATTCCCGCTTATATTCGAATAATCTTTAATGTACTTCAAACTGACTATGTGAGATTTGTGAACTCTGAAGAATTTTTCTTTTGGAAGATTCTCCTCAAAATCTTTTAATGTTCGGGATATAATTGAATTCTTTTTTTCTTTAACAATTACTTTTGTATAACAACCGTCGGCTTCTAATCTGATTATGTCATCAATAATAATTACATTAAAACCATGAGAAGCGGGGAGAACTAATTTTTCATTATCAATTTGAGTTACAACTTGATTAGCTCTTACTTGCAGTGATAAAATTTTTTTTACAGTCTGTTTCAGTTCTTTAATGTTTATCGGTTTGAGTATATAATCCGTAGCACCAGCTTTAATCGCTTTAATCCCGAATTCTTGATGAGCGCTGACGAATACTACAAAAAAGTTTCGTGAATCAAATTCGTCGAGAAAATCAAAACCGTTAAGTACCGGCATACTTATATCGAGAAAGACAATATTGGGATTGTGAATGTTTACAAGATTTCTTGCAGCCATTACTGAATCGGCTAATCCGAGAATTTCAATTTCGGAGCAGTAGTTTTCG
CP129490.1_gap24	548673	551192	2519	TAAAAAGACTTAAATAATGTTCTAACATAATTATGCCTCCTCAACTTGTTCTGGTTTCCAAGTACGAATTGCCCAGATTAGTAAACCGATTATAATAAATGCACTTGGAGCTAAGAGGAATAAACCATTAGGATTATACCATCCGCCTTCGGTATTTAATTGGAATACTGTAAATCCAAGTAATTTACCGGAACCGAATAGTTCTCTAAAAAATCCTACAAACAGAAGTACAAATGAATAACCTAAACCGTTTCCAATTCCATCAAGAAAACTTCTTCCGGGTGTATTTTGAAGAGCAAATGCTTCAGCTCTACCCATAATAATACAGTTGGTTATAATTAATCCAACATAAACTGAAAGCTGTTTGCTTATATCAAAAAGGAAAGCTTTTATGATTTGATCGGCAATGATTACCAAAGAAGCTATAATTGTCATTTCAACTAAAATTCTTATGCTGCCGGGAATATGATTTCTAATTAAGCTAACAGAAAAATTAGAGAGAGATACAACAAAAATTACAGCAAGCGACATAACAATAGATGTCTCTAACTTTGATGTAACAGCTAACGCAGAACAGATACCTAGAATCTGTAACGCAATAGGGTTATTATTAAAAATCGGGTCGAGTAATATTTCTTTATATTTCTTCATTTGACCCCTCCACTCTCACATTCTCAATAAAAGCGCCGTAGCCATTTTCGCCAAGCCAATATTTCATTAAATTATCAAGTCCGCGTGTTGTTAAAGTTGAACCGGAAAGTCCATCAATTTGATGATTAGCTTTTGGGTTTGTAGGATCAACTTTTCCTTTTAATACTTCTATGATAAATTCACCATCTTCGTTGAAAGCTTTTTTACCTTTCCAGCTGGCTTTCCAGTTTGGATTATCAACTTCACCGCCAAGACCGGGAGTTTCACCATGTTCGTAAAAAGTTATCCCTTCAACATTTTTTAGTTCTTTATCTAATGAGATAAAGCCATACATTGTTGACCATAATCCTTTCCCATGTACGGGGAAGATAAATTTATCAATATTCTTATCTTCAGTAAGAACTTCATAAATGATCATGTGGGTTGGTTTACGCTTGATACCCGCGATATCTTCAGAGGAGGGAATACTTACACTTAAATCTGAAATATTGCTTACCTTTTTAATATCGAAGTTTTTGGGCGTAAGCAATTCGGATTTTTCTTCCGGATTTATAACTTCACCACTTTCTAGTTCGATAGTAACGGCTTTTATTTTGTTGTTATAAATTTCTTGCGGGTTCTTATTTTCATAATCGATCCCGCCGGCCGCGAGAATATTCTTTATTTTATCTACTTGTTTATTTTCTGCTTGTCTTGAGCTTAAGGAGACCGCAGCAGAAGAAACTAAAATAGAGCATACAAGACATATTCCTAACGCAACCTGTATAGTTTTTTTTGTGCTATCAGATGACATTTCTTGCAAGCCTCCTTTTAATATTTTTGTTTATAAAGTATCGATCTATTATAGGAGCGAATACGTTCATGAATAAAATGGCCAACATCATACCTTCCGGGAAAGCCGGATTAACAACCCTAACTAAAACTGTAAGGAAACCGATTAAAAATCCGTAAACATATTTCCCGTTTTCAGTCATTGCAGCACTAACGGGGTCGGTTGCCATAAATACTGTTCCGAATGCAAATCCGCCTAATACAAAATGCCAGTATAATGGCATTTCAAACATCGGATTTGTTGAACTTCCAACTGTATTAAGTAATAAGGTCGTAAGTGTTGTTCCAACAATAATTGAGAACATTATCTTCCATGAACCAACTTTACTTATTATTAATATTGCTGCACCGATTAAACATGCAAGCGCTGAAGTTTCTCCCATGGAACCTGGAATAAAACCTAAGAACGCATCCATCCATGAATATGAAACTTCCATTGTGGAATCAGCAAATTGTGCTAAAGCTGTTGCTTGACTAAGTCCATCAACTGCAACCCAAACTTTATCGCCCGAAATTTCTGCCGGATAAGCGAAGAATAAAAACGCTCTAGCGGTTAATGCCGGATTTAGAATATTCATCCCCACACCGCCGAATACTTCTTTTCCAATAACGACACCGAATGAAATTCCAATAGCAACTTGCCAGTAAGGAATATTAGGAGGAAGTATTAATGGAAATAAGAGTGATGTAACAAGAAATCCTTCATTGATTTCATGTTTTCTAACGGTGGCAAAAATCACTTCCCAAAATCCACCGACAGCAATAGTTACCAAATAAACCGGCAGAAAGTACAACCCGCCAAAAATTATATTGGCTAAAATGTTTGAAGGATCAAAACCGAACCCAAGCCATTGTAAAACTTGAGCTTGCCAGTGTGGCGAGCTTGTTGCACCGGTTGCCTGCAAACCAAGATTAGCTTGTAAACCTGTATTATAAAAAGCCATAAAAACTGCCGGAGCTAACGCAATAACAACCATCATCATCATACGTTTAAGATCCATCACATCTCTAACATGCGAAGCCGATTTTGTCTGGGA
CP129490.1_gap25	552645	555528	2883	AGTTTTATTCTTCCCATATTCTTCCTACATAATTCAAAATAAAGAGACAAAGATAACGATTTATACTGTCTTATTAAAGAAAATCCAGCTAACTAACACGAAATAAATCGCAACTTAAAAGAAAATTAATGATTAGATCTGGATTGTTTAGACTTTAGTAAAATTAATAAAAAAGTGCCATAATAGATAAATTTTTAAAGATTTTTAAGTATTTCAAAAAATTTAAGCATATATTCAAGAAAACATTACTTGTGTATTTAGTTCCAAAGCAGATCCTCAATTTAATTATCGAAAATTATCTTCGATAATGTAGATATGGTATTGTGTTTAATTTGAGGAATTATGATCAGCCTTTTTACCCTTTTCGAAGGAATGTTGATTGGATTGTTTTTCTTTAGTGCTCTCTTCAGTCTATTCTTGGCTTTAAAGTACATCGATAGAAAAACGAATCTAGCATATTTTGTATTTGCAACCTTTCTCGGATTGGGTATAACTTTTAACCTCCTCGGGTTTTATTCTAACCAAGTTTCAGAATTTTTATTAATCGATAAAATTAGTACTTCATTGTTAGCCATTGCAGGTATTTCATATATTTATCTATTATCGAATCTTACCAAGTATGTAAATCGTCCGCTTGAAATCTTTGCAATAATATGTTTATCAATATTTTTTATCATCAACATTGTATTACCTAACGGTGCAGCATGGAGTCACGTTGAGCAAATGTCTCCTACACAAATCTTTAATGTAGAAACAATCTACTACGCTGAAGGTACTGCATCAAGATGGTTGTTGTTTGTGCTGGCAATTTTACTATTACTTCTTTTCTATTCATCGTTAGCAATACGTTTTTTATTCCGAACAGGACAAAAACAAAAAGCCGTAATTTTATTATCAATGTTTACCATTGGTTTATCCGGATTAATAGTTGATCAAGCTCTAATATATTTCTACAATATTCAAATCCTGCTGCTGGATGATTTGGGTTACATGGGCTTTATAGTTTTAGTTGGATATATAAATTTTTACAGTGTTCTGAAATCAGCCCAAATGAAAAAAGATTTAGAACAAAATGAGATTAAATTCCGATCTTTGTTTCAAAATGCCGGCGATGGAATTCTACTTATAAAAGATGGTAAGATTATAGAGTGCAATAAAAAATCATTGCAGATATTTGATTGTAAAGAAGATGAATTAATAGGTAAAGCTCCTCATGAAATTTCTCCCAAATATCAATCATCGGGGGAGCTTTCATCCGAACTCGAAGAACAAAAGATTAAAGAGGCATTGGTTGGCGAGAGTTTATTTTTCGAATGGATTCACAAGCGAAAAGACGGTTCACTTTTTAACGCAGAAATTACGCTGGACAAATTTATTCTAAATGAAAATCAGTTTTTGCAAGCCCGAGTTAAAGATGTTACCCATACAAAAAGTATGGAAATTCAATTAAAAGAAAGTGAGTTTAAATTAAGAACACTCATCGAAGGAATGAACGACGGTGTTATGCAGGTCGATAACGATGATAGAATTGTGTTTGTAAATAATAAGTTTACCGAAATTCTTGGTTATACATTGGATGAAATCAAAGGTAAACCTGGTTACGAAGTTTTGCTCGATCAGGCTGATCATCATATTATTAAAAAAATGAACACACTTCGTACAAAGAAAGTAGCAAGTCAATATGAAATTGCATTTAGAAGTAAGAGCGGAAAGAAAATCGATTTCTTAGTAAGCGGATCGCCGGTTTATAATTCAGAAGGTGAGGTAATAGGCTCATTTGGTGTGTTGACGGATATAACTTTAAGGAAATCATCCGAAGAACGAATCAAGTTAAGTGAAGAAAAATTTAGATCGTTTATCGAGCAATCTTCAAACGGTTTTGTTTTGATGGATAAGAATGGAATCATAATAGAATTTAATGCTGCACAAGAAAAGTTGACCGGAATTCCAAAGCAGCAAGCAATAGGTAAATATATATGGGATATACAGCTAAGTATAATTGACACTTCAGAAATTCCTCTGCTGGAAGCAAAGGAGAAGTTAAATAGAATTAAAATGTTGACAAGTGATCCTAAACGCGGTAGAAGTTTTATCGAAAAAATTAAACAGACGGAAATAAAAATTATTAATAGAAACGGAAATAGTTTGGTAATTCTTCAATCTATTTTCCCGATTCAAACTGAAAAAGAACTCTATGTTGGTTCAATTTATATCGATATAACAGAGAGAAAGATAGCTGAAGAAGCTGTTAGAAACATAATTGATTCTTCTCCTTTTGGTGCTCATAGTTATAAAATTAACGGCAACGATGATCTTATCTTTAGCGGCTATAATAAATCAGCGGAGCAAATATTAGGTTCGGATCATTCTGTTTTTATGAACAAAACTATGGAAGAACTTTTCCCGCATTTAACCAAAACCGAGTTGGTTGATGTATATAAAAAATTGGCTAAAGGTGAACTTAGGAATTATGAGGGAATAATAAGATATGACGAAAAGGGAGTAAGAGGAATTTTTGAAATCTTTGCTTTTAATACCGGCGAAAATAAAATGAGTGTATTTTTTATTGATACTACAGAAAAACGAAAAGCTGAAGATACAATTGCAATTGAACGAAAAAATTTCTTGCGAATATTTGAAGATTCACCGATACCAATGCAAATTATCGAGAAAGAAGTACCGCATAAGAGATTAATTGTTAACAAAGCTTACTCAGATTTAGTCGGTGTAAGTATTCAAGAAATTTACTCGTCGTCAATTATTGATGCCGTTAAAAATGAAAATTTGCCGGTTGAGCTTTATGGTGAACTAAGTCATATGCTTGAATATAATGGTGAGTTAGAAAATCATCCTTTTAATTTTTATCACAAAAAACTTGGTAAA
CP129490.1_gap26	581332	583640	2308	GAATATTGCCAACATGTTTATCGTTTTAGATTATTTGTAATTGTCATCATTTCTTCAACTGTCTGTACTGTTTTTGAATTTATTTCATATGCTCGTTGAGCTGTAATCATTGCAATCATTTCTTCAACAATATCAACATTGCTCGCTTCAAGAAAACCTTGTTGAATTTCACCAAATCCGTCCGCACCGGGTGTTCCGAACATTGGTTGTCCCGAACCTTCAGTCTCGGCATAAAGATTATCGCCTAGCGCTTCCAATCCGCCGGGATTCATAAATCTTACTAATTGAATATTATCAAGCACATAAGAATTACCACCTGTTGATTGAACGCTAATCTCGCCGTCACGTGAAATATTTATTTGCAGTACGTCATCATCAAGAGTGATATCGGGTTCTAAAACATAACCGCTTGCGGTTACAACTCTTCCTTCACCGCTTATCTTAAAGCTTCCGTCTCTTGTATAGGCAAAAGTTCCGTCGGCTTTTCTAACTTGGAAAAAGCCTTCACCGTTAATTCCTAGATCGAGAGAGTTGTTTGTCGGCTGTAAATCTCCTTGCTTAAATATTTTTTGAGTTGAAGAGGCTTTTACACCGCTACCAACCTGCAGCATCTCACCGGAAGCTTGTGGACCGGCAATATTATTCTGAGCCAAATTTGAAGATGGAATTTCTTGATACATGAGATCTTGAAACTCAGCTTTATTCTTTTTGAAGCCGGTCGTGTTGATGTTCGCAATGTTATTTGATATAACCTGAATGTTTAATTGCTGTGCGTACATCCCGGTTGCTGCGGTTCTTAATGATTTTGTTGCCATAATTTTTACCTATTATTTAGATAGTGCCTATTTCGTTAGCTCTTGCCATTATTTCATCTATGTATTGAATCATTTTTTGAGCTGATTCATATTCTTTACTTATACGAATCATCTCTTCCATTTCAATAATTGGATTCACGTTTGAGTTTTCAAGATATCCTTGAGCAATTTTAAATTGATCTTCTTCTAAATCTTCAAAGTATCCGTTACTCACTTTATAGTTATTGTTTCCGCATCTTATTAGATCGGCTTTCTCTTCAACGGCGACAATTTTTAATTTGTCTATAAAGTTCTTGCCTACGAAAATCTCACCATTAGTCGAAATGGAAACGGTTCTATCTTTCTGCCAGAAATCCTCAAGTAGTTGAATTTCACCGCTTTGACCCATCACCTTATTACCGAGATTGTCAACCAAAAATCCTTCATCAGAGACAGCAAATTTTCCATTCTTTGTGAACTGCATATCACCATTTTCTGCCGCAATTACAAAAAATGCATCACCGTTAATTGCGAGATCAAGAGGATTATCTGTTTGAATTAGATCCCCTTGCGTAAAATCAAGCATGTTTTTTCTAATTGTGTTTTCACCGTTTGAATTCATAATCTGTTCAAACGGAAGCTCGCGTTTATAACCGGTTGAATTTAAATTCGCCAAGTTGTTTACAAGCGATCCGATTTTCTTTTCATTCAGCGTTAAGCTTTTACTTGCTGATTCTAATCCGTTTACCATGATGATTTCTCTTAACTTACTTTTAGTGTCTGATTTCTTAGTCTTGCTGCCAATAATAATTCGGTTTTTGCAATGTTATATTTTCTTGCCGCATTTGTTATGTCACTCTCTGAGTTATTAAGATACTTTGAATTGAGACATAGATTTGTTCGTAGTTTTTTCAACTTAGGATCAATTGGTTTGATGAACTTTTCTTGTCTCATTAATTGAATGTTAGTTTTAAGATCACTTGAAGAAGTATGGCTTCTTAATTTCCTTCTTCGTATTGCAACTACTGAAAGAATTATTGTTGCCGAAAGTCCCAGCACAACAATTTTCCCTATTAGAGTATAGTCCGTCGTTTGAATATTGATTACAGGTTTCTCTACCATTTTAACAGGCTTCATTGAAGCTGGTATATGTTTAACCGCTTTTGCTTCTTTCTTTTTTGCTTCTTCAATTTGCTTTTGTACAATTTCTCTAACATTTACACTGTTATCCACGGCTAGTTCTTGTGCGTTTATTATAACCATTAAAGCAATTAGTATGATCACTTTTTGTATCATTTCAATAATTTCCTTTTTAATGGAAATATCAGTTCTAAGTTTGAGCCTCTATCTTGATCTGAAGTGAATTTTACATGACCTTCGTGCTTTTTCATCAATGTTTCTAACATCATTAAATTAATGTTCTTACTGAAATCTTGTTGCTCCTCTGTTTGAATATTTGTATGATCCGTTGATATAATTCTAAGTAAAACATTTCCTTCGAAGTACTTTGTTTG
CP129490.1_gap27	709635	713881	4246	GAAAGAACTACACCGGCAATAATAAATATCCACATTACTTTGTTAAGAGTTCTATCCAGCACATGGAGAATTTTATCAACAATTTTATTAAACGCTTTTAAGAAACCGGGTAGATTAACTTTTCCCATAAATCTTTCCGTCACCATCGGAAGAAATTCAATATATAGAACAGTTAGATAAAACATAACGCAAATACCTACTTCAAAAAGTGCGGAGTTACCGTTCCACATAATAAGCGGATGCCAGATATAATACCATCTACCGATATCTGTAAATACTCCGAATGCGACAAATGTATAGCCTAGTAAGGCGGTTAGTAAAGCAGGTCTCACTAAAACTTCATATTTATCGCGATGCCAAATGTGACCAAGTGCGGCAGTTGTAAAACCACCGGCAGCTAAAGCAACACCGGCAGCAACATCTAACCCGATCCAAATTCCCCATGGATAAAAGTTATCCAAGTTTGTAACAGCACCGAGTCCGAATAAAAATCTTCCTAATAAAAATGTCATCCCGATTGCAGCAATAATTGCTATAAATATTACTCCAGGAGTGAAATATTTATGTTTTACGGGGATAGGTTGTAGATTATGTTCCATTATTCATCCTCCCCATGTTTCTTTTCTTTATTTTTTGAGACCCACATAATTCCTCCAAGTAAAGCATAAAGAGCAATCGGTGGAACGAAGTAAGCAAAAATTCCATGCTGAATTGATTCGGATACACCGGGAGCGGGATTATTTTTGAGTTTTGGAAAATCAAATTCATGGAAATCTCTACTTGCCATGTACATCCAAGATGTTCCGCCTACTTCGGTATGACCATAAATCTTGTTGATGTAACGATCAGGATATAATTCCATTCTTTTTTCTGCGATCGCAATTAGATCTCGTCTTTTACCATAAGTGAGAGCTTCAACAGGACAGATTTCTACACAACCGGGCAGTAATCCCTCGGCAGTTCTTTCATGGCAGAAATCGCATTTTCTAATATCAGGTTCAATAGCTTTGTCATACTCGAAAGTTGGAATTTGGAAGGGGCAGGCAACCATACAATATCGACAGCCGATACACATACCGGTATCCCAAATAACCGAACCATCTTCTTTTTTTGAAAAAGCACCGACAATACAAGCCGAAACACATGCGGGTTGATCACAATGCATACATTGAACTTTTACATTAATCGGATGATATGGTTGATCCGGATTATCATAGCGGTTAACAACGGTATAACCCTCGTTATGAGGTCTACGCATCTTGTTGAATACCTCTTCGTCGCTATAAGTTTCGATATCGCCGGCATCGTAACCATGTGTTTTTTTACACATCCATTCACATCTTCTACATCCTATACATACAGTAGTATCTACAAGCACACCCATTCTATCCTCGGATAGATTTTTCATATCGGCAGCCTTTGCCTCTTTGGGAGAAAGTGCACTCAAACCTGCAACTGTTCCTCCTAATGCGGCAGATACTTTTAGGAAATCTCTTCTTGTTTGTTTTCCCATTTTTTTACCATGTTTTTATAGATTATTTTAGGTTTTTCTAAGAAAGAACTCGTGTGGGTTGTCAAAAAAATCTTTATCTTGATCATAATATCTTTTTAACCAGTTAAGAAATAAGGGAATAATTAGAAAAAAAGATTCTAATATCTTTTGGAAAGATAAAATTTTTGCTTTTTACTGTCAACTTAAATAAATATGGGTAATGGGATAAGTTTATCGTAATCTCTTATTCAATACTAAATATCTTTTTATAAATGAAATTATTTCTTACTTTTTGCACTTATTTTTACAATTAACGCTATGTCAAAAAAATTAAATCAGATAGATAAGCTCCGTGGAGAAATCAACAAAATTGATTCTTCCTTGCTGGATTTATTCTCCAAACGAAGAGAACTAAGCAAAGAAATTATTAAAGCGAAAGATCTTAATGATTTACCGATCCGTGATGAAAAGAGAGAGAAAGAACTTCTCAATAGATTAATTAATGAAGGAAAACAAAAAGGTCTTGAAGCGGAATATGTTTCTCGCATATTCTATGAAGTGATTGAAAATTCTGTAAGACTTCAACAAAAATACATACAGCAGCAAGCAAATAAGAGAGACAGGAAGAAGAAAAAAATTAAAGTTGCCATACAAGGTATTGAAGGTTCATACAGCTATTTAACTGCACAAAGATTCTTTAATGACTATGAAGATTCAATCGAATTTGTGGGCGAAGAAAGATTTGAGGAAGTCGCAAAAGCAGTTGAAAACGGTGAAGCAGATTATGCAATCCTTCCGATTGAAAATACTACATCCGGTGGCATCAATGAAGTTTATGATATATTGCTTCATACAACTTTATCTATAGTAGGGGAAGAAAAATTTAAAGTAGAACATTGCCTTTGTTGTACGGAAGAAATTCCGCTTGAAAAAATCAAAAAGATTTATGCACATTACCAAGCAGCCGCGCAGTGTAGTGGTTTTATAGACACACTTAATAATCCCACCCTGGAATATTTTGCAGATACTGCAATGTCAGTAAAAAGAATTAGTGAAGAAAAAAATAAATTTCATGCGGCAATAGCCAGTGAAGAAGCAGCGAAAGTATTTGGGGTGAAAATTTTAAAGAAGAACATCGCAAATCAGCCCGAAAATTTCACTCGATTTTTAATTTGTGCACGCAAACCGATATCAATTGATAAAAGAGTTCCGTCTAAAACTTCTATAGTGATGGCTACCGCCCACACAGCCGGAGCTTTGGTTGAAGGATTAATGACTTTCCGGAAATATAATATCAACTTGACAAAATTAGAATCCAGACCGATACTCGGGAATCCGTGGGAAGAAATGTTCTACTTGGATTTGGAAGGAAATTTATCCGATAAGAATGTTCAAAAAGCAATTCATGAATTAACACCTTTCACAAGATTCTTAAAAATTCTCGGAAGCTATCCTTCCAAAGATTTACCAAAGACAAAGATTATTGATGAGTAGAATTTTCTCAAATCTAAAAATAATATCCTGTTTGAATGTGGAAAGAAATATAACTTGGCGTTGTTGCATTAAACGTTGTTCCAATATCAGAACCAAGTAAAAGTTTAAAACCGGACTGCTTATAGTTTCGAAAATCCAAACCGATTCCGAGATTAAAAGCCGCACCAAATGCCCATTTGTCAACATCACTGAATGTTCTGTCATTTAGTGCAAGTATTCCCAATCCTTCTTCAAGAAAGAAGTATTCACTTAATGGTTGTTCTAAAATTAATTTTATTGAACCGCCTCGAACAAATGGGAAATATCTAGATTGAGAGTTGTCGGGTAATAACGATTCTAACTTACGTGCATAATGGAAACTAAATCTAAAAATAACATCGTCCGCGAGAGATAATCTTGTATCTAAGAAAACAGAGGTTGTAAAACTGCCGACCGATGCCGAGTTTCCTTTAATACTTCCCAAACCAATATAGCCGCCAATAGCCTCGAACTTAACTTGGGATATTAAAGGTGTATTGCTTGCTAAAACAAGAATAACTAAAAATATTTTTTTCACATCAACTCATCTAATTAGTAAACATAAATATATCGCAATCATTTTAAGATAAAATGGAAATCAAAATCTACAATTACTCTTCGGGCGGTTCCATGATAATCCACAGAATAATGTAAACAATTAATCCCGGAATCATTGCAGAAAATAATGTTACAAGAGACCAAATTATTCTTACAAAATTTGGATTAACTTTTAGATATTCGGCGATTCCTCCGCAAACACCGCCGAGATATCTATCATTTGCACGTTTTAATTTCATTTATTTTTAAGGTTGTAACCAATAACCAACTCCGGTACCTATAAATGTAGCAATTGCATAACCTAAAGTCCCAACTAAAATTGCCGGTATAACCAAGCTTTCCCATTTTCTTGCCACTGCCATTGCCGCCGCGGTTGTGGGGCCGCCCATGTTAGCATTCGAAGCTATAACGATTTCTGCCAAATCAAGTTTGAAAATTTTTCCCGCAGTTAATAAGAATAGTAAGTGAATTGATAAAATAATAGCAGCAAAAATAAATAGAACCGGTCCAAACTCAATTACAATTGCAATGTTTGCACTCGCCCCAATTGCTGCAAAAAATATTTGCATTAAAAATGTACCTACTTTGTCGGCTCCTTTAATTTCTCCCATCGCATTGTGAAAAGCTGTTGCTAAAAAAACAACAATTGCTGTTATTATTAAAATTCCGCTGCCTTTAATACCG
CP129490.1_gap28	716281	716882	601	ATCAAATATATCTGATTGAATATCTTCATATTCCGCCCATTTAGTTGTGGTGGCGAACACGTAAATTTCAATCGGTAACCCTTCTGGACCCGGTGGTAAATGGCGGACTAAAAAAGTCATTCCCTTATTAACATCTTCTCTTTTTAAAAGATATTCTTTTAAGTAAGCTCTAAAAGTCCCGACATTGGTGAGTCTTCTTCCGTTTATAAGTTGAGTTGTGTCAAACTTTTTTTCTTCGTTATACTTTTTCACTTCGTTTTTTTTCTTATCAAGATAATCTTTTATTAATTGGTACTTGCCGAATCTCTCCAACATTTCATCAGTGCAAAAGGTTATTGAATTTTGGTCGATATAAATTGACCGTTTAATTCTTCTACCACCACTAAGCTGCATACCGCGCCAGTTTTTGAAACTGTCTTCAATAAGTTTATAAGTCGGAATAACGGTGATGGTTTTATCCCAGTTCTGAACTTTTATTGTATGAAGAGCGATATCGATAACATCACCATCGGCACCAAACTTCGGTACTTCTATCCAATCTCCAACCTTAACTAAATCATAAGAAGAAATTTGTATGCTTGCAACAAAGGAAAGTATTGTA
CP129490.1_gap29	730456	734360	3904	TGATTTACATATTCTTTTAGATTTGGAACATGATCTCCCGAACCGCCTATTTTAAATTTTAGATTTGGGATTTTTTGAATAACTAAAGGTAAAGCATCAATTATAGCTTCAAGATTTTTGTACTTTTTAATTCGTCCTATATAACAAATTGTCGGTTCAGAATATTTATCAACTTTTAATTTGTCAAACAGATCATGGTCAATGGCATTATACAGAATATCTATTTTATTTTCTGGCTGACCCAATTCTATCAGTTCACTTTTTGTGCTTTCGGAAACCGCGAAGATTGGTGTATTGCGATATAATTTTGGAATCATTTTTTCTGAGCGAATGATATAATTCGCAAGTAGTTTTGGTAATTCTCTATATAGTGATTTCCCATGAATGTGATGAATTATTCCTACAACCGGTTTGCTTACATATGAAGGTATTCCAAGCGGTATTTTAGAAATGTCATCAACAATAAGATCGAATTTTTCTTGTGCTAAATATTTTTTGTAATAATTCTTGAATTGTCTGTTAAATAGAAACTTGTTTCCGGTTCTTCTAATTTCAATTCCGTCTAAAATTTCTTTTTGTTTAGCACCTTTAAAATTGTGCGCAACATAAGTGACGCTGTGACCTTTAGCAGCAACTCGCTTAAAAATTTCGTGCATATGAACTTCGGCTCCGCCCATCTCCGGATTTTTAGGACAGCGCCAGTTTACTACTAATATTTTCATTCAATCTTTCTTCATATTTATTTGGGAAATCGAGATAGCATGTGAAAATTCGAAAACCGCCTATTTTGTTTTGAGCAATGAGATTTAGGATTTTGGTATTGTCTATCAATTAGCATTTAGATATTAGGATTTTCTTTCCCGATGTTTTTGTAAATTAAAAATAATCAAAATCGGTCAAACAACGATGCAGTTATACAAAAACTTCACATTGTCAACGAGAAAATCCCCGGGATTTACTCGTAATAGAATTTGATATCTATTTAGGTATTATTAAACTTCAGATGAAAAATCCCGGGGATTTAATAAAGATTCAGTTGTACAAAAATTTCACACCTTAGGTTTCTGTGTAGTCAATTTTATGAACCGCGAAATAATATCAAAGAAAGGGATGGTGATAAAATAAAGTAGGGACAATTCGCGATTGTTCCTACAAGTAACGGATACTTTCGGTAGTTTTGACTAACAAGGTGAAATAATTATTCAGATTAAATTAAAAGATCACACATCCTTTTTTCCGTATTTCTACTGAGTTTAATTAAAATCCAAAACAATGAGTTAATAACAAATAAAAAATATTAAAAGAGATTAAAATTTAACTTGACACTTAGGTATTAAAATCACAAATTGCATTAACCGGACGGTGATTTTTAATATTAACTTAAGGAGTTAAATAATGAAAAAGCTTCTATTTATTCTATTTATATTTTTATGGGGGGGTAATTGCTCAAGAAAGGATAACTGATGAATTCGCAATTCAAGCCTATAATGTACCAGCAAGTACTATTACCTATTTTGAAGTAAGATTAGTTTCAAATGTATGTTGGGAAGGTTATTCACACAATGATAGTCTTCAGATTCACCCATTAACCAGTGACTATAATTATTCTAGAGCTTCGACTCCCTTATTCGGTAATAATCCAGAAAGAATTTATTGGCGAGGGTGCTGGACTAATGAATTTAGTCAATATGATAAAAAATTTGGTATCGGGTTGTATAAAGTCTCAGCAGCGTATGATGAAGATTTTGTTAATATCGTTGATTGGTTTTTAATGGATTGGAGAACTTCATTATTACCAGAATCTTATGAGCTAAATGGATATGATATAGTTGTCTCTTTCGATGCTGTAACAAATAAATTTTATTATGGTGGTGATTATAATAATAATCCAAACCCTGTCCCAATAAGTAACGCGACAATTAATTATGCAGAAGCGGCGGGTTTACCAATTGGCGTTACAACAGAACTTGAGCCGAAAATACCTTCCAGTTTTAACGTCTCTAGCTACAATAACTATCCCAAACTCACTTGGACTAAACCGTATTCTGATTACGTTCAGAATTATGAAATTTATAGGCAAGTTGGAAAATTTGGTTTTTTCCAAAAAATAACAACTGTAGATGGTACTACAAGAAGCTACATTGATTATGATTATGTTGTGGGAAGCTCAATCAAACTAACCTATAAAATAAGAGCCAAAAACGGTACAGGTGCTACAGCATACTCCGAATTTACTCCTGAGAAATTTATTTATGGTGATCTATATAAAGACGGATCGGAAATATTAGATTTAGAGTACAGACTTGATCAAAATTACCCGAATCCTTTCAACCCAACCACAATAATAAGCTATTCCATCAGAAGTGACGAATTTGTTCAATTAAAGATATTTAATGCCGTTGGTGACGAAGTTATTGAGCTAGTTAGTGAATCTCAAGATGCTGGGAAGTATGAAATAAAGTTTAATGCATCAAATCTTTCAAGCGGTATTTATTTTATAAGATTCAAGGCCGGTAATTTTGAGGATACAAAAAAAATGTTACTTTTAAAATAATATCAATCGATTAACTACACAGGTTGTTAAGATGAATAAGTTTATTTTATACTTTTCACTTACTTTGGTTCTTCTAGCTCAGACACAGAACCCAATAGATTGGCCTTCGTTGGCAGACTCCCCCTGGCCGATGATAAAAGGTGATCCTCAAGGTACGGGCAGATCAAAATATGTAGGTCCGTCTACTGCGAATATTATGTGGACAAAAGATATGCCCCGCGGAATTGTGCATGGACCCATAATTGGGTATGAGGATATTCTATACTTTGGTACAGCAGGTATTTCACCGGATTCAAATTATTTTTTCGCATTAAATCCCGATGGAACAGAACGGTGGGTTTTCCGTACGGAAAAAGGATACCCGAACTACGGCGCGGCGATTATAGATAAAGACAGCACAATATATTTCCCATCCAATAATTCCCACATTTATGCAGTTGATAAAAACGGACGGCAGAAATGGAAAACCGGATCATTGGCAATTGGTCTTAAATCAATATTGAACATTTCCAAAGAGGGAGACTTATACGTTTCGACATATTTAGACTCAATGTTGATAATTGATACGGAAGACGGAAGAATTAAATACAAGAAATATATTGGTGAGAACTTAAATGCAAATCAGTTTGCATTTTCAGTTGAAGGAGATAAATTATTTTATGTTAGGGCTATTCGTGGATCAGGAGATAATTCGTTTGTTGGTTGTATGGATTTGGAAGGAAATATAATTTGGGAGAAAGAAGCTCGCTATTCCTCAGAGGGTATGCCGATAGTTGATAATGAAAATAACATATATATAATTGGTGCTGATTCCTCACGAGTCATTATATCGTTTCTTGGTGCTTCTGGAGAAAAACGATGGGTTTATAAGTACCAAAAATTCACAAGATATCATACTCCCGCAATAGACAAATATGGAAATATAATTTATGCCGATTGGGTTGTGCTTGATGGCAAAACATATACGTCAATTAACTCCTTAAACAACGACGGAGACCTTAACTGGAGCTATGTTATTGACCATGATACATGGTATAATACAGACGTAGAAGGTCAAATAACCGTAGATGCAGAAGGGAAAATTTATTTTGGCGCAACAAGAGAAGGATATTTTTATTGTTTAAGTAAAGATGGGGAACTGCTCTGGAAACTATATTTGGAAGGTAACGATTTTGACTCAAGCCCGGCGATTGGATCGGATGGGACACTTTATATTGGATCACATGGCAGTTCAACAGCTCAAGGTCAGCAAAGAACATTAATTGCAATAAAGGATGATCCAAACTCGGTAATTGACGAAGAAATTCCAACAGAATTTAAACTAGAACAAAACTACCCAAACCCATTCAA
CP129490.1_gap30	736176	740442	4266	CGGATGATCTTCTATGTGTAAATCAACTAATCTGTCTAACCAAACTTTACCGGTTGACTCTGGTTTTACAACTAATATTGAAGCTGATTGTTTCCCGCGAATATCACCGCCGGCTTCTTCTGCCGCTTCTAGAGTTAATAATAATCTTTCAGCCAAAGTACCCTTTGAATTTTCAAAAGTTTCTTTCATAACCGGCCACACGGAATTATTCTTCATCATATTTGCCTGAACGGAAAATTGATTACCTTTTAAATGTCCGGCTTCCTCGGTACATTTCTTACCTGTGTAAACGGCTACATTTCCTTTTGAATCGAGAACAGCCAATTGTCTGAAATCTCTTCCTTCGTCTTCTTCAATAAGTTTATCCAAAGTCGCTTGTGCGCTAAGTCCGTCTCTAAGTAAAGCTAAACCATCCGGACCGAAGGAGACATTAACAAACGATTGAGTTGCAATTACACCAACTCCGGCTTCGCCCCAAGAAACTATAGTGCCTACAGAAAACCAATGCGATTGAACCGCGACACCCATTTCGCCGGTGACTGTATCTCGCGCGACAATGCTATATGTATTGGCGACGGGATTGCTGCTAAAAAAAGTTTGCGAGTACAAAGTAATCACTAAAAATAATATTGAGGCTAGATATTTCATTTTTTAACTCTCGTCTTTGTTTGAATTACCATTTTACTTCTTTTCGTCTGACCGGCATTGTCATACATCTGCATCCGCCCCCGCCTCGTGATAGTTCTGAGCCTTCAACTGTTATTACATATTTTTGAATCGAGTTTATATCTGTTTTAGATAAGTCTTCGGATTTTATTACATCAAATCCGTTTTTGTTGAGTGCATCAATTGTGTAACTATTTCTTCCGTAACCAAGTACTTTGCCCGGTGCTACTGCAAAAAAGTTTGCGCCGCTGTGCCATTGTTCACGTTCTTGAATCCAATCATCCGAATTACCTCCGCATGAGATTGGTTTGAGATGAATTTTTATTTTTCTAAGTGCTTCGAGTATATTTGCTTCTTCTCGAATCCAATCAACTTTTCCATTATCAATTCTAATATGTACTGTCTCAAAACTATGTTGATTAAAAACTACCGGATCGTAAATTAGACAAGCGTCTTTATCTAAAAATGTAAAAACCATATCGAGATGAATGAATGATTCTAATGTTTGCGGTAATTCCTGCACGATGATGTGTTTTGGTGTTTTAGATTTTTTTAATTCATCGATTATAAAATCAACACCTTGTGTTGAAGTTCTCATTCCAATACCGATGCAGAGTATATCATCTCTAACTACAAGTATGTCACCACCTTCAAAAGTAATTTGTGAAATATCCTTAACGATATTTCTTGGATTTATTGTTTCCGAATTCAATTCGGGGTGATACTTAAATATTGCTTCCATTATAAGAGCTTCTCGTTCTCTAACGGGACTGCTCATTTTTGAAATAAAAACTCTTTCACCAATTGATATTGAAGCATCTCTTGTAAAGAAAAAATTGTGCAGTGGAAGAAGTGAATATCTATCCTTGTTTAAAAATTTTGTAAGAGTATCTTTTACCATTAATACTCCCTCAATCAACTGACGAGCTAATTCTTTGGGTGGAAGAGAATATAAATATTCTTTTATGCATTCAATTCCTTCGTTGCGGCAAATATTTTCTACAACATTAATTTTAGCTTCTTCTTTTTTCAGAATATCCGTCAGAAGATCAGAAACTTCGTAAACTTTGGTAAGCTTGTTTAAAGCCGATTTGAATTGTTTGTATTCTCGTTTAGCTACTGAAAGATTTAGAATGTCACTATACAATGCTCGTTCAGCATTTTGAGGTGTCATGTTCTCGACTTCTTGACCTGGTGTATGAACAATTACACTTTCAAGTTCACCGATTTCTGAATTTACATTTGCATTCATATAATCTCGATTTAGCTAATTACCCAAATATTATTTTTTATTTTCAATTCTGTATTATCTAAGTATACTGATCTTCCGATACCGCCGGGTCTAAAATCGGTAACAATATCTACATGCTGTGCCGATTTATTCATAATACCTTTTTTTGTAAAGGATTCGGTTTCACTTTTACCCTCAATAGAATTAGGATCATCTGTAAAACATTCCGGGTAGCTTGCACCGATTGCTATATGTAAAGTTCCACCGACTTTTTCAACAAACAAGGGATGCTTTAATACTTTTTGAATACCGTTATTCATACCAAGAGCTACTTCACCCAAACGATGTGAACCTTCATCTGTTTCAATTATTTTTGTAAGTGCGTCGTGACCTAGTTTTGCGGAATACTCAACTATTTTTCCCGATTCGAATCTCAGATGAATTCCTTGTATTGTTGTTCCTCCTTGAAATACTGGAAGATCGACATAAATTTCACCTTCAACACTGTTTGCATTCGGACTTGTAAAAACTTCACCATCAGGGAAGTTTCTTTTTCCCGTACACTTTACGACATTTCTTTTTGATATATCCATCTTCAAAACTAATTCATTTCCGGTATAGGGATTTTCAGTAACGATAGTTATAGAATCGCTCTTTTCCATTAATTGATAAATATCTTCCTCAACTTTTTCAAGCATTCTTGGATCAACAGTTGAAGCCGAGACTATCACTTTTGTATAATCTTCGAGAGACATTCCTTCCAACTCTGCAAAGCCTTGTGTCGGGAATAAAGTAAGAACCCATGGTTTTCCTAATCTAATATTTTTATAAGGTTCATCGGCTCGCATAATTGCTTTAGCATTTAGTTCGGGTAGGCCTTCAAATAGTTTGGGATTTTCCGCTCCAAGAATTTCAATATACTTTGTCATTGCATTATATCTTTCCATCTGCCATTCCGGGACACGTTCAATTTGCTTAACTGTACCATGTTTTGCAATTGAAGAACCCCATATTCTTCCTCTGTCGTTATCCGGAGTTACCAAGTTAACATCAGCAATTGCTCCGGCTTGAAAAATTTTATCTTGCAGAACCGAAATAAGAGGCCAGCAAACATGTTCTCCCTTAATCATCACAATGTCTTTGGGAAGTATTCCATCCAACGAATAATTGAGCAAATAATCTGCCCAAGTATTCAAATCCGATTGAGAAATATTAACTTTCATCTTTATCCTCTTGGTTTCGTTCCGGGTTTTCCTTCGGTCAAATTATTATAGTAACGAGTAGTTGGGTAAGCAAAACTAATATCGTCATGTTTAGCAAATTCAATTAAAATATCTTCCCAAATTTGTTGTTCTGATGATCTTCTTTTTCTTACATCGCATAGGTACCTGATTGTAAGCTTTACTCCATATTCTTTAACCGAAGTGTAAACTGTCGGAGTCAATACGCTATAGAATATCATAAATTTACGGGATGTTTCCTTTATTTGCTTTTGAACTTCCGTGGTCAAGTTCTCAGCATCGTTATTAATTATTTTAGTGAGGATTTCTTTTGCCTTTTGCCAATTACTTTCAAAAGTGATATTTATTCCAATTTCATTCCATATATAATTAAATCCGGAACTGTAGTTAGCTTGAAAAGTAGTAAACACTTTCCCGTTTGGAACATGAATAATTCTCCCTGTACTTTGATCAGCATCAACCCAATTGCCTATTTCCATAATGGTAAATTGAAAGATTCTTACGTCAATTACATCACCGGCAACATTATCAATTTCTATTCTATCACCTACTTCAAAAGGTTTTCTAATCATTATAAAAGCCCATCCAACCAAATTTACAATTGGGTCTTTTAAGGCAATCGCTATACCAGCAGAAAGCAATCCGAAAAATGTGGCAAGTGAGCCAAAACCTTGAAACCAGATTTTTATAAGTGCAAGGAATGCTATGACTGTTAAGACGTGAAGAGAAGATTTTCTCCACTTATATTGGATTTTAACATCGTCGATTTTTTTTGTAACGATGTTGAGTATTATTTTTCTAATAATTAGAAGAATTGTTATAGCAATAAACGAGGTGAGGAATTTTTCCTGAGTCTCTACCTGTATCCCGAAATTATGAGTTAACCAATCAGTAACAAAATCCATAATTTTACTTGAATTTTATTGACGTTGAAATATTTTCAAAAGTTCTTCTGTATTTCATGAAATCTTCGGGCCGCGATGTAGAAGTAATAACTAAACCATATCCATCCATATAAAATATATATCCTATTGTAGTAACCATTTGCAATCTATTAACAAAGTCAAATATTATCCATCGTGCCGGTTTCCCGTCTATAATTACTTTACCTTCCTCTTTGAAATCGAT
CP129490.1_gap31	742826	747408	4582	GGAAGATTTTTCTTAATCCATTTTGTCGCTTCTATATAATTTGTTGCATATCCATTGTGTTCTTCAATTCCGGTTGCGATTGCAAATATGTTAGGATCAAAAATAATATCCTGTGGAGGGAAACCGACTTGCTCAGTTAAAATTTTATAAGCTCGTTCACAAATCTTGATTTTACGTTCATAAGTATCTGCTTGTCCGTCTTCATCAAATGCCATAACTATTACTGCCGCACCATAACGCATAACTTTTTTTGCGTGATTTATAAATTCTTCTTCACCTTCTTTTAAGCTGATTGAATTTACTATTCCTTTACCTTGTAAGCATTTTAATCCGGCTTCAATAACAGACCACTTTGAAGAATCCAGCATTATAGGAAGTTTTGCAATTTCCGGCTCGGATGAAAGTAAATTCAAAAATTTAATCATAGCTTTTTCTGAATTGATCATTCCTTCATCCATATTTATATCTAAAACCTGCGCACCACCTTCAACTTGCTGACGCGCAACGGATAATGCTTCTTCATAATTATCTTCTTTTATTAATCGCGCAAACTTTTTTGAACCGGTTACATTTGTTCTTTCGCCAATGTTAATAAAGTTTGAATCGGGTCTTAAGACTAATGGTTCCAATCCGCTTAATCTCAAATAGGGTTCAACTTTTGGAATTTTACGGGGTTTGTGATGAGACGCCAATTGAGAGAATACTTTTATATGATCAGGTGTTGTTCCGCAACATCCACCGACAATATTATAGAAACCGGCTTCAGCAAATTCATCTAACACTTTTTTCATTGCTTCAGGTGATTCATCGTACTCACCAAATTCATTAGGTAAACCGGCGTTTGGATAAATTGAAATATAACAATCGGCGATTTTGGATAACTCTTGTATAAACGGCCGCATTTGTTTTGGACCGAGGGAACAATTGAGTCCAACACTTAACAAATTTTTTACATGCGAAATAGAAATCCAAAAGGCTTCGGTTGTTTGTCCCGATAAAGTTCTTCCGCTTTGGTCAACAATTGTACCTGAAATCATAATGGGTACTTCTTGATTTCTTTCTTCCAACAAATCTTGAATTGCAACAAGTGCGGCTTTAGCATTTAACGTATCGAATATTGTTTCGACTAACAATATATCCGCACCACCATCAAGCAGACCTTTAACAGCTTCTTTGTATGATTCATAAACTTCATCAAAAGTAACTGCCCGGAATCCGGGATCATTAACATCCGGAGAAAGAGATAGAGCTTTATTCATCGGTCCGATTGCCCCGGCAACAAATCGAGGTTTACTCGGATCATTCTTCATAACTTCATCAACAGCAGATTTAGCAATTTCAGCTGCGGTTTTGTTTATTTCATAAGCTAAATTTTCGGTTTTATAATCTGCTTGGGAAATTGAAGTACCGTTAAAAGTATTAGTCTCAATTATATCCGAACCTGCTTCAAGATATTGTTTATGAATTTCTTTAATTACCTGTGGTTGAGTTAATGAAAGGATATCGTTATTACCCTTTAAATCGTCTGAATGATTTTTAAATCTTTCGCCACGATAATCGGCGTCAGTAAGTTTATATCTCTGAATCATAGTTCCCATAGCACCATCAATGACCATGATTCTTTTTTGAAGGATTTCTTTTAATTGTTCCAATAACATAGTGTCTGTATAACCTTTCTTTGAAGATGAAGCCCAATATAGTTAAATTAGTTTTTAATATAAATTGATAAGGAGTATATAAAACTATGATAATAGTAACAGGTGGTGCAGGTTTTATAGGAAGCGTAACTGTTTGGAAGCTTAATCAAATTGGCAGAAGTGATATTGTTATTGTTGATGAGTTGAGAGACGGTGAAAAGTGGAAAAACCTAAATGGACTTTCGTTTGCGGATATCTATCATAAATCTGATTTTCTTGATATGGTTTTAGACAATGAAGTTCCTTTCAAACCGGAAGCAATAATTCATCTCGGCGCTTGTTCATCAACAACCGAAAAAGATGCTGATTATCTTTTGCATAATAATTTTGTATATACTGTCGAACTTGCGAAGTATGCTCTTGAAAGAGATATAAGATTTATTTCTGCCTCATCCGCGGCGACTTATGGAAGCGGTGAATTTGGTTATAACGATAATGAGAACGAAGTTGAAAAGCTAAGACCGCTGAATATGTATGGCTATTCAAAACAAATGTTTGATCTTTGGGCTAAACAGAATAAAGTTTTAGATAGAATTGTAGGACTTAAATATTTCAATGTATATGGACCAAATGAATTTCACAAAGGTGATATGAGAAGCGTTGTTCACAAATCATTTGAACAAATTAGAGATACGGGTAAAGTAAAGTTATTTAAGTCAACAGATGCAAAATATGAAGACGGCGGACAGATGCGTGATTTTATTTATGTAAAGGATGCTGTTGATATGACATTATTCTTCCTCGAAAATATTGATGCAAACGGAATTTATAATATTGGTACCGGTCATGCAAGGACTTGGAATGATTTAGTGACCTCAGTATTTAATTCAATCGGTAAACAGGTTAACATTGAGTACATTGACATGCCGCAGCATTTACTTGGCAAGTATCAAAATTTTACCGAAGCTAAAATTGAAAAAATCAAAAGTGCTGGTTACAAAAAGGAAATTACCTCGCTTGAAAAAGGTGTTGAGGATTATGTTAAGAATTATCTTTTGAAAAATGAGTATTTAGCTTGGTAAATCCTTTAGCCGCATGTTATTCCCGCATGCTTCAAGCGGGAATCTATAAAACAAATGGATGATCAACTTTATGGGTTTAACCAGCATTCTTTGGAGAAGAATTTAATATGAAACTCGCAACACTTTGTTATGTTCAAAAAGACAACAAAACATTAATGCTTTACCGTAATAAAAAAGAAAACGATTACCACGAAGGGAAATGGAATGGACTCGGCGGTAAGTTTGAATTGGGCGAATCACCTGAAGATTGTGCTATTAGAGAAATTAATGAAGAAGCGGGATTAACGGTAAAGAATCTTATCATGAAGGGATTTATAACTTTCCCACTATTTGATGGAAAAGATGATTGGCATGTATTCCTTTTTGTAATTGATAAATTTGAAGGCGAATTAATTGATTCACCAGAAGGCGAGCTTGATTGGATCGATAACGATAAATTATCGGAAATAAATTTATGGGAAGGGGATAAGATTTTTATCCCTTGGCTTTTTGAAGATAAGTTTTTCAGCGCAAAGTTTAATTATGAGGAAGGCAAGTTCAAAGATTACGAAGTTAATTTTTATTAAAAAAGAACACAGATTTGTTATAATCTGCGAAGATTTTAATAATCATAAAGATTTGCGTTCAATTGAATCTGTGTTGTGACTATTCAATTCTTCTTTTCAAAAATCCGCAAATCATATCATTAACATAAGATGGATTTTCGATCGGGGATAAATGCCCAGCTCTTGGAACAATTGCATACTCTGAATCTTTAATCTTATCAGCCATTTCACGCATTACAGGTGGTGGAGTCAGCTTATCAAACGAACCGCCCATCACAAGTGTTGGTATTTCAATCTTCTTTAAAAATTTGGTTGTACTTGTTCTTGATAACATTGCAAGCAACGATCCTTTAACACCAACCGGATTATTATTTTTGCAAATGTTAGTAATATACTCGACAGTTGATTTCATATTTTCGAGAGATTCATCGGCAAATAAATTTGGAATCAAGTCATCAACAAATTTATCCAATCCATCGGTATTGATTTTATTAATTCCCTCTGATCTTTTAACCTTCCCGGCATCATCATCAGCATCCGATTTTGTATCCAGCAGAATCAATCCGTTGAACCTTGATTGATCTCTTTCAACTGCACGTAAAGCAATATATCCACCCATTGACAGTCCGCATAAAATAGGTTTCCCTAATTTGCCTAAATCTAGCTCGTGCATAAGCCAAAACAAATCATCAACAAAAAACTCCATTGTGTATTGACCATCGCCGACATAACTTTTCCCTAATCCTCTTATATCATAAGCAATAATATTATAATCTTTTTGAAGTGCGCGGATTTGACTATTCCACATTGTATAATCAAATGGGAATCCATGAATTAATATAACAGTTTGTTTTTCGCTGTTGCCCAGGTCGTGAACAGATAAACCGTTTATCGTAATATGCATAACAACTCCAAGAATTTGAGTGAACAAGATAACAAAATCTTTATGAATGTTGAACTATATAAGGAATAAAAGGAACATGACACCACAACAGTGGACAATTTATCCTTTAATAACTCCAACCGGTTTTATCTTTGCAACTTTTTTGCTTATACCTGAGTTATGCATTATATCAACAACATCAAAAACATCTTTATACGCATAAGGCATTTCTTCGGCAATTGTACCGTAACCTTTTGCTGCAATTGCAATTCCTTGTGAATGCAACTCTTTAATTAAATCCCTTCCTTTCCCTGCTTTTTTCGCTTGTGTTCTACTTTGAACTCTACCTGCACCGTGACATGAACTTCCGAAAGTTTCTTCCATAGCTTTTTGGGTTCCTGAAAGTATAAATGAATATCGCCCCATATCACCGGG
CP129490.1_gap32	751642	753725	2083	TTCAGTTTACTAATAATATTGTCGAAGCATTACTTCAAACAAAGAATAATTACCTCGATGTATTGATGTCATCTCCGCAAAAGTTAAACTTATTAAAAGCTACCTCGGAACAATTTGTCAAGAATGATCAATGTATAATAAGCGATGGCGGATTTCATCCCGGTTTACCGGCGGCATTAATTCGTTATGCTGCAGATTATTTTGATGAAATTCACTCGGCGAATGTAGGCAGCTTGCTGAATATGGATTGGAAGTTTGAATTTTCTTCACCGGATACAATAAAAGAATTCATTTATGAGTTCAAAGAATATGGTTCAACCGCTTATGTTAAAAAAGAATGGAGAAAGCTTAGTTATAAAGATTACAAATACTTTGATTTCGATAAACCTTTCGGAAAGAAACCTTGCATCTCTATGATGATGGAAGAGTTAAAGGAATTACCGGATGAATATCCGTCACTTTCTGAAACAGGATTTTATATCTCCGGATTTAATTGGTTTACTGATTATTTTGTCACACCATTAATGATGTTCGCCGTGAAAAGATTTTCACTGAATAAATTGAATTCGATTACAAAACTTTTTAAGTGGAGTCTCCGGAAATTTTCGAAACCTCCTTATAAAGTTATTCTTCAATTAATTGCAGAAGGAATTAAAGAAGATAAAAATCAGCAAATGAAAATTGAAGTATCTCATGAAGACGGATATTTTCTAACTGCTGTTCCTGCGTTTGCATGTTTGCATCAGTATTTAGAAAAGTCCAATAGAATTCCCGGACTTCACTTCCAAGCAAATTATGTTGAACCGAAAAAATTTTTAAATGACATAAAGCGATTAGGATGTGAAGTTAAAATCGAATTCAATTTGAAATAATCATAAACTTTTTCATTTTTAATTCGATGATAGGTCATAGTATTAAAAAATCCGGAGATATTTATGGCATTCATTGAATGGAGTGATGACCTTTCTGTAAAAAATTTAACAATCGATTCCGAACATAAAAAACTTGTAGAAACCACAAATAAACTACATGCCGCAATGAGGGAAGGTAAGGGTTCTGCAGTTCTTGGAAATATTCTAAATGAACTGATTACTTATACTAAAACACATTTTAAGAACGAAGAAAACATTATGCGCAAGCATAATTACGCACATCTCGAAACACATATTGCCGAACACAATAGTTTTGTGAAAGAGGTTGAATCATTTTATGAAAAATATAAATCCGGCTCCGGCTCCGTTGCCGTTACAATTTCATTAATAACTTTTCTTAAAGATTGGTTGGTTAAACATATACAAGGGAGTGATAAGAAGTTCGGACTATCAATCTTGAATTAATGCTATTTCCTTTCACGAAAAATGTTTAATAGTTTTTCGGCGGCTGTTGTCGGCGGTAATTCTGAACTCAATACTTGTTCTTGAATCAGCTTGTATTCCTTTTTGATTATATCATCATTAAAAAATGAATCTCGTAAACCATCTTCAACTAATCTCAAAACCCATTCTAATGATTGCTCTTTTCTTCGTTGAGTAAAAACACCTGATTCTTTTGTAAGTTTTTCAAAATCTTTAATCATCTTCCAAATTTCGGGGATACCTTTACCAGTTAATGCAGAACAAGTTAAAGCTTTTGTCTGCCAGCCTTTTGTAGCATGTTGAATATAATGAAGTGCATTTGCGTATTCTGATTTTGATAGTTTTGCTAATTGCTCATTTTTACCATCAGCTTTATTTATTAATACCGCATCAGTAAGTTCAATTACACCTTTTTTTATTCCTTGTAATTCGTCACCACCGCCGGGAATTAAAACCAGTAAAAAGAAATCAACCATTGAACGGACTGTTATTTCACTTTGTCCAACTCCCACGGTTTCGATTAAAATCACATCGTAACCTGCTGCTTCACAAAGTGTAATTGACTCTCGAGTTTTGCGGGCAACACCACCCAATGTTCCACCGGAAGGAGATGGACGGATAAAGCAGTTTTCTTCCTTTGCTAATTTTTCCATTCGTGTTTTATCACCGAGAATACTTCCCCTTGAAATACTGCTGGATGGATCAACAGTTAATACAGCAACTTTGTG
CP129490.1_gap33	756864	761132	4268	TCCATTGTTTCCCAAATGAAATCATCAACTTCTTTACCAGTTTCGGTTTTAAATTTTTCTTTCCACTCATCGTAAGAAGTTTTTTTACTCTTCAAGTCTAATTTTAATTCTGCAAAATTAGGTTTCATTTTCAATCCTCTGCATTTCTTAGCGTCTTGGCGTCTTTGCGGTGAGTAAATGAAAAACAACCGCTAAGGCGCAGAGACGCAAAGTGTTTACTTAATTTTATTCAAAAGTTTATCTAATAACTCAAACGCATCGCAGCCGAGATAGATAAATTCATTCACACCCGATTTTTTATGTTCTTCAATTTGTTCTTTTGGATAGCCGGCTAGAACAACAGTTACTTCTTTTTTATTTTCTTTAATTCCTTTAACTATCTGTGGAACAAGCGCGGGATAAGTTTCATCAGTAGAACAGATAACAACAACATCAGTATTAGATTCATTTGCCGTTTTGACTGCTTCCTCTGTTGAATTAAAACCTTTTGGATATTCAATTTCAAATCCAGCTATTTCAAAAAATCCTTGTGAGAAATCTGCACGTCCTTTGTATTGCTTAAGTGGTCCCATTGTAGCAAGAAATACTTTTGGTCTGTTTCCTCGTTTGTCTTCTATTTCATCGGATTTATCTCGGAGTGATTCAAAAAACTCTGATGCTCTGCGCTTCTCAAGTTTTTGAATAATTATTCCTTCTCCGGCATTTGCTCTGCTTGCCTTAGAAATTTCACCGATTGTAGCGCCTTCTAAAATTGCTTGGGCACCTGTATCAATCGCATTCTCGGAAGATTCATCTACGAGTTTTTGTAGTTTTTCTAAAATGCTTGTGTGTTTGTTTGGATCACTCGAAGTTCTGAGTTTTTGCAAATACTCCGAACGTTTTTTATGAATTGCTTTATAATCAGGTTCATTCTTTCTTTTAATTTCTTCTTTTAAGTTGGCGTACATGTTAGTACCGACAATTACAGATTTACGTTTTGAAATATCTTTCTTCCTTGTTTCCCAAATTTTTTCAATTTCGTCTTGAACATAGTTTTCTTCAAGTGCTTTTATAAGTCCACCTTTTTCATCAATCTTTTGGAATTCTTTCCATGCAGCTTTTGCGATTTCGTCTGTTAATTTTTCGACAAAGAATGAACCTCCTGCCGGATCAATCAAGTTTGTTAGGTGTGATTCTTCATCCAAAATTATTTGTGTGTTGCGTGCGATTCTTCTTGAGAACTGATCAGGCATCCCAAACAATTCATCGAATGTATTTGTATGAATCGAATCAATTCCGCCTACTACCGCAGAGAAAGCTTCGGTTGTAGTTCGAAGCATATTTACATACGGATCAAACTTTGTCTGAGTGAATAAACCAGTTCTAGCATGTATAGTCATCTTTCGATTTTCTTCATTAACGCCGAATGCTTCGGTAATTTTAGACCAAAGAATTTTAGCAGCTCTAAATTTTGCAACTTCCATAAAAAAGAAAGAGCCGACACCAAATGTAAATCTCATTTGTTTTGCAATTAGGTTTACATCCATGCCTTTATCGGAAAGGTTTTTCATGTATTCTGCTGCAGCGGCAAGTGTGTATGAGAGTTCTTGGACTGCGCTTGCACCCGCATTATGATAAACTAATCCGCTAATACCGATAGTTTTGAAGTTCGGTATTTTTTCATTTGCCCATTCGGTAGTAAGTTTCATTTCATCAATTAAAAAATCGAAGGAGACCGGAAGAGAACCATTCTCTACTAAATACGAAATCGGATCAGAAGTAATGCTTCCGTTGATGTGTTTTGCGTCATTTTTTTGTTCGTTAAGATAAGCTGCAAAGATTGAAATAAACGGTAAAGATGAAAAACCAGTGTTGATGTGAATTGGATATTTAGTGATATCAATTTCGCCCAATGATTTTCTAAAACTATTTAGAGCTGAAATAGAGACACCGTTTTTTCCAACTTGTCCAACTTTTGCATAGTCAGCGTCAAGTCCTAATTTTGTTGCTTCATCCAGAGGAAGTGAAATAGAATTTTGTCCGCATGCTAAATCATTTTTGAGTGCACTATTAAAATCCTCTGCCATTGGATATGGAATATCTTGACAAATTTCCCAACCATTTTTACTATAACCGGATGAAGATTTTCCTCGAAGAAAATTTCCATCTCCAGGTAATTCATTAATGAACTCCAAATTTTCTACGTCATTACTTGTATAAATTGGTTGAAGATCAATTCCTTCGTAAGTTTTAGTCACCAACTTCTTTTCGAATGGAACACCTTTTAAATCTTTTTCAACAACTTCACGCCACTGTTTGTATGAAGGTGACTCAAAATCCTTTTTCAAGTTTAATTCTTTTGGAAGTTCCGGTTTCAGTTTTTCTTCAGACATTATAAAGCTCCGTTATAAACTTTTCTTTTTGTTAATCTAATAAACTTATCAATAATCAGCGATAATATCTCATTTGCAGAAATAGAAGAAAAGAAAAAATCGAGCCAAATAAGGATTGGGTTTAAGTGAAATAGGGTTATTTTTCGCTAAAAACCTAACTTAAATTGAGAAATATTTCTCGTTTTTGGAAAAAGTAAATATGGTAATTAGTTGTGATACCTCTTGAATATTTAATCCGAAAATTTATTTCAATTTATCTTTTCCCACTATGTGCTATATTTCAGAGGATAAATAGGGATGGTTATGAAGATCATACTTACATTAATCATAGCAATTTCAGTTCTGTTTATCGGATGTACGGTTACTACAACAACGCCGAAATTGCAAAACGCTGAGCAATTTGGCGTGGTCAATAATAATACGATTAAGATCACTAATCATGAATCAGCTGGTGACTTTAGTGTTCGATTGAACGTGAGTAAAAACCGCGATAGAATCTTGAGCAGCAAAATTGAAGGACACACGATGGTGAATAAAAATGGGATTTATGAAGTCGAACCTGTTGAAGGCGAAGATTATTTCTTTGAAACCGCAGGGGTCAATACAGAAGAGTTCACCGGAAATAATCTACATTGGAATATTCCTGAATTTCAAACAAATTTTGAGGTTGAAGTCAATGTCACACCTAATTTTTCCGTCTACGGTGGAACTACTTTCGCGGACATTGATCAAATTGATTTGAACAACTTTAATTTTGGACTTGGATTTTTTAGAGAAGAAAATAATTGGGCGGTTCGATTGGATATTGCTGGTGCATATTATGAGACTGAAACTCATATCGATTATGTTCGGCTTGAAGATAAACCATTTACCGGTGATGCTGAGCGTAAAGTATTTTTCTTCTATGAATCTCACAAAGAAAATTTTTTTGATCTGTCTTTGGGAGTAACAATAAACTCAAGAAATCCTGAATGGTTCGTAAACGGATTTATTAACTACACCTTCGGCCAACAAAGCTTTTTTGATATTGAACCTACCTCCGTTACTTTTTATGATTGGTTAAAGTCTTCTGAAGGTAAGAGGTTTGAGTTGGATGAGACTTACCATACTCTTTCACTCGGTCTATATAAAGAGATTGAATCTTTAGGGTATTTGTTTGGCGGAGTAAGATTTAACAAGTATACCGACTCAGAAGACAAACTTTTTGCTCCAAATTATTTTCTCCAATTTGATTTTCAACTTTTCTGATGCATAATAAAATCAACGGCATAATACTCTCCGGTGGAAAAAGTTCTCGAATGGGCGAAGATAAAGCCCTGCTGAAGGTCGGCACAAGAACTATCATTGAAATAATGATTGACAAACTAAAACCATTCTGTAATGAGATTATAATCAGTGCAGACGAAACTGAAAAATATTCTCAATTTGGCTATAAAGTTGTACCTGATAAATTCAAAAACGGTGGACCTCTTGCTGGGATTTATTCTTCACTTATCGAATCAAATACAGAAAAGAATTTTATTATTTCTTGCGACTTGCCACTTGTATCTTCAGAAGTAATTGAAAAACTTATTAACTGTAATTCCACCAAAGAAATAATTCTTCCGGTTACGAATGGAAAGTATCATCAACTTTGCGGAGTTTATTCGAAGTCAGTTTTGGAAAAATCTGAATCTATTTTAAATACAGAAGAGGAGAAGAGAAGAGAGGGTGAGGGGGAGAATTGGAGAAAAGGAGAAGAGGAGAAATGGAGAAAGAAGAGAAATACTTCCGTTAAAAAATTACTCGAAGTTTCTCAAGTTGAGTTTGTTGATTTAACTTCAATTTCCGGCAAGAATGAATTTTTGAATATGAATACGGTTGAGGATTTTGAGTTGATAAAAAAGATGTTTGAAT
CP129490.1_gap34	784589	785250	661	TCTTACATTTAATTTCGTCGGAAGGGAATTATTCTAAAATTATTCTCGGACAGAATATTACTGAGGATGAAAATCTACAATACACAATTCCAAGAGAAACATGGTTTGCCGCGGAAGTAAAAGACAAAACTACTTATTCGCTTGTCGGATGTACAGTTTCACCCGGATTTGATTTTGCTGATTTTGAAATGGGAGATCGAAAAACACTTCTTGATAAGTTCCAGCAGCATCAAAATTTAATTAAACAATTTTCACAATAATTATTTCGTGAGTTTTAGTCCTCGGATAGTTGTTATAAAAGATATTTGAGCTTCTAATCCTTTTTAATAATATACTCTTGTCTTGATTTATTTTATTCATTGAGCTAGTTTTCTAATACAATCAATTCCTTGCTAGAGACATTTTGATATAATCTATATTCAAATTTCTCTCCTCCTTTACAGCGCTTCTCCCAAGGACATATAATCATTTTTCAGGTTTGTTTAATCACCTTAAGTGTTTTTTTAAATAGTTCATCTAAATTCCTTGGAGGTACCGTGCTTAAAAAAATTACACTATCAATTTGTTTAGTTCTTTTAGTAGTTATTTCAACGAGTGCTCAAAACTCAGGAAAGCATGAACATGATGGATTTTTTATGAGAATTTTGGTAGGTCCATCATA
CP129490.1_gap35	803489	806541	3052	GCCAATATTTTTATTGCTGGGTATTGAACAAGTAATAATTGAACCTGGCAATACTGTTTTTACTCCACTTAATTTTATCTATTATCCGTTTACACATAGTTTAGCTGGTGTGGTAATATGGGGATTAATATTTGGTGTGGTTTATTTCTTAATAAAGAAAAATTATAAAACGGCAATCTTACTTGGATTGTTAGTTATAAGTCATTGGATTCTTGATTTTATTACACATGCACCGGATTTACCTTTAATTCCGGGATTAGAATTAAAAGTCGGGCTTGGTTTGTGGAACTCTTTGATATTCACACTTCTGTTCGAGGTTGCTATTTTTTCTGTCGGTTTATTTTATTATCTAAAAGTTACAAAAGCAAAAAACAAACAAGGTAATTACGGATTTTGGGGATTGATAATTTTTCTATTAGTTATTTACATCATGAATGTATTTGGCTCAACACCTCCAAACGAAGAAGCAATTGCTTGGGCTGGAAACTTGCAATGGTTATTTATTATTTGGGCTTATTGGGTTGATAGGAATAGGGATTCAAAAATTTAGGTAGTGTATTTTTTGTTACATTTTTTTTGATAAAAAAATTGCCGCATGGTTTAATTGTCTAATCGTTTTGTTAAACTCTTCACAACAATTTAGCCATGCAGCAATTAAGCAATAAACTCTTACGCTTTCATTCTTTCGCCTTTTTCTTCTTTTATGAAGATCCAGCCGACAACTTTACCTATATCAATCTTTTCAAAGTTATTCCAATATTTTTTAGTTCTTACATGCATTGAGCTTGTATCCATCGGATTAATTGATTCGGCTTCTTTGATAATAGTTTTGATTCTTTCTATCCATACTTTCATATTTTTTTCGCGAAGATCAACCCAACCATCGAATGCCCAACTGTCAATATTTTCCGGAGTAAGGTCTAATTCATTCTTTCCTCTGAAAGGTGGAATTTTTATGTCATTACCGCGTATTAAGTTTTTGCCATCCGGTAATAATATCGGAATTCCAATAGACACAATTTCATTTCGCAGTTTTCTATTTTCATTAATGTATTGATGAACTTTCTCGGAGAGTTTAGCAGGATTCTGTTCAATAATTGATTTCATTCCGCCGCCGACTTTCTTGATCAAGTTTATTTCATGGAGAAGTTTTGAAAGTCTAGGTGGTCCTAATAATTCGAATGCAACACTTTCAGAGCCATATTCTTTTTCAAGTTCATCAAGTTTATCAACGGCCGCGTGCTGCATAAATCCGGCTCGGTATGTCGGTTCTAAAGTAGCATTGTCTAAAGCGTTAATTATATCATGCCCGGTATTGCCGCCACGGATTTCATAAATTGCATCAACTGCAATCTCTTCGGGTGTAACGTATTCCATTTGACCTTGAGCTGTAATTGTTTCGAACTCACCTCGAGAGAAGGTTCCGTTCTCACCTGTATCAATGAATACAGATTTTAAAGTCTCGCCGCTTGATTTAAATTCTTTATCTAATTTTAATTGTAATCTATCTTTTAGCGGAATTGCTTCTGTTGGATCAACTTCAATTATTTCAATCGGTTTACCTTTTTTCTTAATCTCACCATAAGTTATCTTCTTCCATGCGATGGCAGCCGTAGGTTTAATTTCTTTAATAATTGTTCCGTCCGGAGTTCTTCCCATCAAAAATAGAAGCAAAGTATGTGCACCGGCAACTGATGATTTACTCAGCAATACTCTGGATGGTTTTTCTTCACTATGAGTGTACGGAATATTCAATCCCATTCCACCCGTACCGCTTGTACCAATCTTAACATATATTTTTGTTCCGGCAGCTTGCATTGAATTATATAAAATTTGAATGTGACGAATCAATTGCGGGATATAAACAGTGCACAATAATTTTTCTGTTTCTTCGGCAAGCAATTCTACACTCGGGTTACTTTCAAGAACAGTTTTGATGCGGTGATATGTCGTATATATATCTTGATAAGCAATACCGGTTGCCGAATTGATTGAATCAATTATAATCTCCGGTTTGTACTTCATTAAAAGCTGATAAATTGAAGAATCATGAAGAACATTATCGGTAAGTTCTTCCATTATATCGGCCATCAATACTTTTCTTTTTTTGCTGTCATTTAAAATTTCAAATCTGTTTTCGTCTTTAAATTCATTACGCACAAAAATATTTCCCCACCAAGGTTCAAAATAACCTTTCGGCATTTCTGGGAATTCTTCAAAAAGTCTCTTACATTCATCTTCAGCTTCATGTTTAAAAAGCGATGTTACAATAATTTTTTTTGGTTTTTCGGGTACAATTTTTCTAATAATTGCGTTACCAACTAATCCATAACCGCCAAGAACTAACACGGTTTTGTTTAAGATATCCATAAGATTTCCTCATCTCAATATTCTAAAAAAATGATGTTTCCAAATTAAAGTTTATGATTCAGCGAAACAAGAAAAATAGGATAAAAGAATGCAATTTTTTAATTTTGATTGCAAAATTGCTATAAGGTTTTCCCTTTGTTAAATTAATTTTTCCAATAAAAGTGAATCTATAAAATGAGAATTTGTGATATACTTCCGGTTAAGCATATAAAAGCAGAAATTGCCGGAATTGATAAAAATCAGGTAATTGAAGAAATGATCGATCTTTTGAGTGATGAATTCAGCGTTGAAGTGATTGATGAATTAAAAAAAGCTGTTATTGAGAGAGAAAAGATTATGTCCACCGGAGTCGGTAAAGGATTTGCAATTCCACATGCAAAAACTTCTTCAATTGAGGGAATTGTGGCGGCATTTGGTAAATCATCAAATAAAATAGATTTTCAATCTCTTGATGGTGAACCAGTCCATTTGGTTTTTGTATTAATCGGAAAAGATAATTTGGTTGGGCCGCATATAAAATTATTGAGCAGAATTTCACGCATGATGAACAAAGATGAATTTAGGACTTCTCTCTTAAATGCTAAAACCGAAGAAGAAATTTATTCCATCTTTGATGAAGAAGAAAAGAAGTATTTTGAAATAAGCTAATCCACTTTTTATTACAAACTATATATTCTACACT
CP129490.1_gap36	938248	942237	3989	TAATGGAACCTATAATTTGCCAGCGAAAGATATAGTTGAGAAAATAGCAAAAGAGAATATTAATATTTATTGTACCGGGAAGCCGTCCTGGTTAGCAAATGACGGCCGAAAATTAGATTTAGACTTGAGAAACGAACTTGATGATGAGTTAATAATTGAAGGTCTTGAACAAGATACAATTAAACCGTTTGAAATAGACGGTAATTCTTTTAATGGGACAATATCTTTTTCTTCGAATTCAAACTTAATACAATGTACAGGGCATCCTCACCCCTTAAATCATATTTTGGAGTAATGTATTTTTTTATGGAATTCTTTTGACTTGTTTTGTTGGGCAATCAAATATGTATCACTTATCCCTTATTTATTTAGTTTCAAGATATAGCAATTCATTCGTAATGAATAGGTCGCCGGTTCGACTCCGGCAGTCGGCTCGAGGGAATTTTCACACCCAAACTTCTAAATCTCCATTACTTTTTTAGATTATTTACTCCAATGAAAACAACTTTTAAGAAATCATTCCCATTCATATCTTTAATAATCATTTTTGTCTCTTGCTCAACAGAAGTAGTAAGACAACATCAAGAATTTCAATCCGAAATTAATGTTTATTTTAATAAAGATGCAGACACCAGTTATGCTTTCCCAAATAATAAAGCAAAATTCAACATTAACTTTGAAGAAGTGTTGATCAATAGAATTGAAAAAGCAACTTCAAAAATTGATATGATGGCCTACGAAATTAATCTGCCGAAATTAATTGACGCACTTATTAAACGAGCAAGTGAGGGAATACAAATTAGATTTATCATTGATGCAAAGAGTCATGATGAATCAATGGTTGAAGATACTTCAACAGTTGAACGATATACGCAAATGAGATTGTATCTAGAAAAGATGAGTCGGGGTAAGGATTTAATTCCCGGTACAGATGATGACATTATGCTTCTTGCCGATTCACCAATTTTTACTGTGACCGATACAACACTTAGAAAAAAATATAAACTCCCGATATCTTTCAATGACTATGAAAATGTAACACTAAAAATCGGCAACAAGAATATTTCCGGTCATCTTTTAGTCGATGCAGAACTAAAACCCGGCTGCAGCGATTGTTATTATTCACCTGGTGCTCAAATGCATAACAAAATAGCAATAATAGATACACAGTGGGTCTTTACCGGTTCATGGAATTTTACAATAACGGGATTGTACGGAACCGAAAAAGATATGCAAAATGGCAACTTAAATGGAAATCAAAACCACATAGTTGAAATAAGAAATAGACAACTAGCTTCAATATATTTAAAAGAATTTGAGGAAATGTGGGGCGGCAATAACCGGAAACCTAATCCGACTTTTGCAAGATTCAATAAACGAAAAACAGACAACACTCAACACATAATTAATATTGATGGTAGAAGAGTTGAAGTCTATTTTAGTCCATCCGATAAAGTGCTTGATAAAATAATTAATACAGTTGAACGAGAAGCTAATAGATCTGTTTATTTTACAATATTTGCATTTTCCTATCAAGCTTTAGTTGATGTGTTGAAAGTTAAATGGGAAGGAAGTATTGAGGACTTACAAGGCGAAAGAACTAATTTTGATTTGAAAGGAATTTTTGATGCAACTTTCTGGAATCAATGGTGGTCTGCTTCAATTAATATGACGGGACGAACACCAAAACAAACTTCAGAACCTCATCCAATGAGAAGATGGAAAAATATCCCACCGGTTTACCGCGATAGAGATTCTAGAAAACTGCACGCGAAAACAATGATAATAGATGAAGGGGTTGTAATTGTCGGTTCCGCCAACTGGAGTGAAAATGCCGACGCTAACAACGATGAAAATACATTGATTATCTACGATCGATTTATTGCCAACCAATTCATGCAAGAGTTTAGGAAAAGATAATTGACGATTGTAACAATTCCAAAATTAGACCTCGTATCTATATTAAGTTTCGAGTAAGCTGTTCGAAATGTGTTGCTTTTAATATTTGGATTTCCTATGTTTTTAACGTTTCAAAAATTTCAAACGATAAAAATATTATGAGTTCCGAAGAACGCGTTAAAAAAGAAATCATTCAGAATTTTGGTCATGCCTACAGAGCCTTTGGTTTAAGTAAATTGATGGGTCACGTTGTTGCTCTGCTAATTTCTTCCCCTGAGCCACTCTCGCTTGATGAAATTTGTAAAAATCTTGGTAGAAGCAAAGGACCAATTAGTCAAATAATGAAACGCTTGCGTGATCGAAATCTTATAAGGAGAGTTTGGCACGAAAACAGCCGTAAAGATTATTATGAAATTCAGCCGGAAATTTTTGAAAATGCATTCCGTAACAACTTTGAATTGATTAAATCAAATACACGTCTCGCAAAACAACTTAAATCGTTAGTAGCAAAAGAAAAAAACTCCAATTTAAATACTCTCAAGAATAGATTAACTGAAATGCATAGGTTCTACCAATTGACTGAAAAGCATTACAATAATTTTTTGGATGAGTGGGAAGTCGAGAGAGAAAAAATATATTCTAAATAAATCAAAAATCGAATAAGGGATTTTTTGTTGATCGAACGTTTTAAATTTTTCAAACGTTAAAAACGTAATGAGGATATAAGATGAAAAAGTTACAAGGAAAGACAGCAGTAATAACAGGTGGTGCACAAGGTATAGGAAAAGCAACTGTTCTGAAGTTTGTTAATGAAGGTGCAAATGTTGCAATTTGGGATCTTGATTCGGATAAAGGAATTTCATTGTTAAACGAATTTAAAAATAATGATCAAAAAGTGATTTTCTACAAAGTCAACGTCGCAAAAGCTAAAGAAGTGAAAGATGCGATGCAAAAGGTGATCTCAGATTTTAGAAAAGTTGATATACTAATTAACAACGCGGGAATTACGAAAGATTCCACCCTAAAAAAAATGACACAAGAACAATGGCAGCAAGTTATTGATGTTAATTTAACTGGTGTCTTCAATTGTACTCAAGCAATTGCGGACCATATGATTGAAAATGGCAGCGGAAGAATTATTAATGCCTCTTCGGTTGTCGGTTTATATGGAAATTTTGGACAAACCAACTATGTCGCAACTAAAGCTGGTGTAATCGGTATGACAAAAGTTTGGGCACGCGAATTAGGAAGAAAAGGAATTTGTGTAAACGCGGTTGCACCTGGTTTTATTGCAACCGAAATGGTTGCCGCCATGCCTGAAAAAGTTATCCAAACTATGGAAGAAAAAACTCCGCTTGGTAGACTTGGAAAACCCGAAGACATCGCTAATGCATATTGTTTTCTTGCAAGCGATGAAGCATCATTTATTAATGGAACAACATTAAGTGTTGACGGTGGAATAGTAATTTAATTTGCAAAGGATAGTGAATGAGAAATGCAGTAATCAAATCAGTTGGAGCTTATGCACCAGACCGAATTATACCAAACTCATATTTTAATGAACTATTGGGTGAAGATGTTGATACTTGGCTAAAAAGTAATCTAACTATTAAAGAAAGAAGATGGGCGAGCAAAGATCAATCAACAAGTGATCTTTCGGTTGAAGCCGCAAAAATAGTCTTAGACAGGGCGAATCTAAAACCTGAAGATTTGCAATTGATTATCATATCAACAGATACACCGGATTTTATTTCACCCTCTACTGCTTCGGTTGTTCAAGATAAATTAAAAGCGGTAAACGCCGGTACGTTTGATATTAATACAGCTTGTGCAGGTTTTGTCACAGGAATCGATGTTGCATCAAAATTTATAAGAGCGGATGAAAATTATAAAAATATTCTTGTTATAGGTGCATACGCTATGAGCAAGTATTTAGATCTACAAGATAAAAAAACTGTAACACTATTTGCTGATGGTGCGGGTGCGGTTGTTTTATCTGCAGAAGAAAATAGCAATAGAGGATTTATAAGAAGTAAATTATATAGTGAAGGACAATATAATGAATGGATGGGAATTTATGGAGGCGGAAC
CP129490.1_gap37	943503	946827	3324	TTTATTTAGAGATTTTTTTGAAATAATTATTGCTCAAATTATTGTGGGTGTTGCAATTGTGTGTCAACCGCACATAATAACCAAATCACTTTTATTGAAAACCGATAAGGATGTAAATAGATATTTAATTGTCGGCGTTATTACCGAATTAATTTTCTTCTTTGTTGTTTTTGCTGGATTGTATGCTCGAATCACTTTTCCCGATTTAACAGTTGATGGTGTCCCATTAAAACTAGATGGAGTAGTCTCGGCATATGTTGTTGCTGAGTTTCCAGTATTTGTTGGACTAATTGTAGTTATGGGATTAATTTCCGCAGGCATCTCAACTCTTGAAGGATTAATTCAAGCACTTGCAACAACTGTAACTTCGGACATTGCCGAGCCGCTATTTGGTAAATATTATCCAGCGGATGAAATAAGAAGAGGCAAGTTTCAGATTGGACTTAACAAAATTGTTATTGCACTTATAGGCTTGGTTGCTATAATATTATCATATGATCAATTAATAAACCCAAAACTAAGCGTTGCAATTTTTGCACAGAACGGTGTATATGCTTATTTCTCAGCAGCGTTCGTTCCTATATTATTCGGAATGTTTTTGAAAGATGTAAAAAAGATTGCAGCGATTGCTGCATCAGTAACTGCGGTTATTGTTCATTTTAGTTTTTACTACGGTCAAATCGGAGTTCCGTTTACAATTGCAACCGGTGAAAATCCGGGTGTCGCAGCAGCAATGGCAATTATATCATCCATACTTGTTGGAGGAATATTATACTTAGTTACAAGGAGCAAGAAAAGTGTTTAATACTCAATTTGACTGGATTGCCAGATGGGCTAAATATACTGCTAATCGTTTATTCATAAGAGAATATGAAACGGGTTTGGAATGGAACTATTACGATTTTAATAATAGAGCCAATCAACTTGCGAATCATCTTAGAAATGAATTGAAAATTGAAAAGGGAGATAGAGTAGCAATATATTCAAAAAATAAATCTGAGTTTGTCTTTTTGTTTTCGGCTTGCGTTAAGATAGGCGCAATACTAGTTCCATTGAATTTTAGATTGACTCCAAGAGAACTTGATACTTTAATTGCAGACGCTGCACCAAAATTATTCTTGTATGAAACAGAGTTTGAAGAAGAAGTAAAACGGCTGAAGACAATTAACTCGATTCCGATAAAATTGTCATTGGATATAATTACTAAGTTCAGCAAAGAAAAAATTCAATTAATTGATTTTCATTATGATCACAAAATTCAAGAATCCGATCCTGTAATGATTCTATATACGGCAGGGACAACCGGATTATCAAAAGGTGCAATTATAACTCATAAGATGTTGTATTGGAATTCAATTAATACTGCATTAAGATTAGATTTGTCTTCACAAGATCATACACAAAGTTTTGCTCCGTTTTTTCATACCGGCGGTTGGAATGTTTTGTTTACTCCATTTATGCACCACGGAGCATCTCATACTTTATTAACAAAATTTGACGCCGATCTAATTTTACAATTAATGGAAAAAGAGAAATCGACAATTTTATTTGGCGTTCCTACAATGTTGCAAATGATGGCTGAATCTGAATATTTCGATAAAGTTGATCTTTCATCGGTAAGATATGCAATTGTTGGTGGCGCCCCAATGCCTATTCCTTTAATAAACAAGTGGCATGAAAAAGGTGTGTTCATAAGGCAAGGTTATGGACTCACGGAGGTTGGACCGAATTGCTTCTCACTTCATCAAGATGATGCAATCCGGAAAAAAGGTTCAATAGGTTTTACAAACTTTTATGTAGAAGCAAAAGTAGTTGATGATAAAGGTAATGAGCTTGGAATAAATGAAGTCGGTGAATTATGGTTGAAATCTCCGGTTGTTACACCGGGTTATTGGCAAAAAGAAAAAGAAACAAATGAATCAATTACAGATGGATGGTTTCACACAGGTGATATGGTTCGTAAAGATGAAGAGGATTTTTATTATGTAGTTGACCGCAAAAAGAACATGTATATAAGCGGCGGAGAAAATGTTTATCCTTCCGAAATTGAAAACTTCTTGTACACTAATGATGTTATAAGAGAAGTTGCTGTTATTGGAGTACCTGACGAGAAATGGGGCGAAGTTGGCAAAGCATATTTATCTCTTAAAGAAAATTCTAAATTAAATAAAGACGAATTAAAAAAAATCTGTACAGGAAATTTAGCCAAGTACAAAATTCCTAAATATTTTGAAATACTAGATGAATTACCAAAAAATGAAGCCGGTAAAATTGATAAGAAAAAATTACTCGAGATACACCTAAAACAAACTAACTAAATTAACATCAGAGGAGATGTACAAATGAAAAAATTACTCACATTGTTATTAATTGCTTTTGTTGCAATTAACTTTATCGCATGCAGCAGCGATGATGATGAAGGTCCAACTGGAACTACTACTTACAAAGTATCCGGTACAATTACGGATGCTGATGGTAACGGTGTTGCTAACCAAACCGTAGAAGCTAAGAGTGCCGATGATACAAAAACAACTACCACAGATGCACAAGGCGCATATGTATTTACAGGTCTAACAGCAGGAACTACCTATACCATTACTGCAAATGGTACCGATTATTATTTTACTACAACAGGTACCGGACAAGTTACTCTAAATGCTGATGCGACAGTTAACTTTACAGCTGTTGGTCTTTACGGTACTTGGGTTTCAGAAGGTGCTAATGTAGCTCCTCTTTTAGTCGCTCTTTTTGCTACAGCAAAAATTGAAGCTACATTTAATCAAAACGGAAGTTATACTGTAGTTCAAACAGATACATCCGGAGCATCATTTACATTAACAGGTACTTTTACTATGACAAAAAGTACTGTCAATAATATTTTTGAAATCACAGCTGAACAGACAAGTCCGGCAGCACTTACTTCATCCGGAATTTTTGAAATCTATGCTGATTCTTCACCTTTCAACATGAAATATGAAATTGTGCAAACGACTCCGGATATTGGTGCGACACCTCCAACTCCTGCAGGTGGTTTTGGAAGTACAAATGCCGGTGCACTCGGTACACTTAATGTTCAGACTTACGTCAGACAATAATCTTTATAATTGGGTCTGTGATCGAGCAGACCCAAATTTTATTATTCAACAAGTGGTGATACAACCATGAAAAAATTTATTTTATTTTTTTTGTTAACTACTTTTGTAGGTCTTGCTCAATCTGGTAACTGGAATTATGATGAAAACAACATACCTACAAAACATCCTCAAGAATTTCAATTTCTTGCCTTCTTTATAAGTCAAGGTGTAAGTAATAATGTTTATGCAA
CP129490.1_gap38	948206	952580	4374	TTCTAGTTCTTAATCAATAATCACTGAGTATAAAATGAGAAATATAAAAGTAATACTAGCAATTTTTGTAACGAGTTTATTAATAGCCTGTTCACCTTATGGGAATTTAAGCAAAATGGAATTCGATGAATTACAATATCCGTATGAAGTTCACAAAGTGAACTTAGACGATGGACGAACAATTGCATTTGTTGATGAAGGTGAATCCGAGGAAGTGATAATATTTGTCCACGGTTTAGGAAGTTATTTACCAGCTTGGAAGAAAAATATAGAAGAATTAAAAAATAATTACAGAACAATCGCAATCGATCTTCCCGGCTATGGAAAATCCAGCAAAGAACCGCATGAAGGAACTCCGGAATTTTATGCCGATGTAATTTCTAATCTGATGAAGAAACTTAACATTGAAAAGGCAAATATCGCCGGACATTCAATGGGTGGGCAAGCAGCAATTACGATGGCAATAAAATATCCCGAACAAGTAAAAGGACTAATCTTAGTTGCACCTGCCGGAATAGAATCATTTACGGAAGGTCAAAAAGAATGGTTTAGAGAAGTGATGACTGTTCAAGGAGTTAAACTTACTCCGGTTAATCAACTTAGAGCAAATGTATATGCAAATTTTTACAACATGCCGGATGATGCTGAATTTATGATCACAGATAGAATTGCACTCCGCGAAGCTGAGCAATTTGATAATTACTGTTACGCTGTAGTTCAATCCGTAAACGGAATGGTTGACCAACCGGTTGTAAATTTACTGGATAGAATCACACAGCCAACATTAATTGTTTTTGGAGAGAATGATAACTTAATTCCTAATCCTTATCTCAATCCCGGCTACACTTCAGAAGTTGCACAAAAAGGAAAAGAGTTAATTCCAAACAGCGAATTAGTCATGATCCCCGAATGTGGCCATTTTTTGCAGTTTGAAAAGCCGGAAGTTTTCAACGATGCAGTCAAAAATTTTCTCAGATAATCCGATTTTATCCTTCTCAAAACTGCGGGTTTAGTCCCGCAGTTTAAATCCTAAATAAACCTTCGTATCCATTTCCCCAATCTATTATTTTTTAAAAAGTTAGCTGTGTCAAAAACATAATTTTTGTTGAAAAAAAGCTTGACTTTACAATACCAAAAGCGTTATTTTGGGGATGAGTGGGGAAAAGTGTTGAATTTTCCCATACATTAAACTTGAAAAATTATGTTTATTGGCAGCTTTAAATATTCGATCGATTCAAAGGGCAGAATTGCTTTACCGGCAAAATTACGCAAAAATATAAACCCGGAAGCAAATGATACTTTTGTTCTTACACGCGATACCGAAAAATGTATTAGTATATATCCGTTGGATATTTGGAAAAAAATGGCCGCCGAGAAACTTAAGATCAACCAGTTCGATCCGAAAGAAGCAATGTTCCTAAGGTTATTCTTAAATGAAGCTGCAGAGGATACCCTCGATTCACAATCACGATTATTAATACCCAAACGATTAATAGAATACGCAGAGATTGATAAAGAAGTTTTGATTTTTGGTTCCATGGATAAAATTGAAGTTTGGAATCCCGATGTGTATGAAAGTTACATCAAAGAAAATTTTTCCTCTTTTAAGGAAATTGCTAAAGATGTAATGAAACGTGATGAGTAAACTTGTTCATCAACCTGTACTATTAAACGAAAGTATTGATCACCTTATTACTGATCTTAACGGAAGTTATCTCGACGCAACAATCGGTTTTGGTGGTCACTCCAAAATGTTCTTAAATAAACTGAGTAGTAAAGCAAAACTTGTAGGCATTGATAAAGATGATGTCGCATTCAAAGCTTGCAAAGAGATGTTTGCCGAAGATAAAAGAGTTTTGCTTTATAAAACCGGATTCACAAAAATTGATCTGATTTCTAAGATCGAGTTCATTGATAAATTTGACGGCATCTTTGCTGACTTGGGAGTTTCCTCATTTCAGCTGGATGAATCTGATTCGGGGTTCACATATAGAGAAGAAGCGATTCTTGATCTTCGTATGAATAAAGAGGAAGGTATTCCTGCTCATAAAGTTTTAAATGAATTCGAAGAAACGGAAATCGCAAATATTCTTTTTCATTATGGTGAAGAGAAAAACTCTAGGAAACTTGCTCGGTTAATTAAAGATGAGAGAACAAAAAAAAAGATCACCACAACAACTCATCTTAAACAATTAATCGAAAGTACCACTCCGCAGCCATTTGTTTTTAAAACATTATCGAGGGTATTTCAAGCACTGCGGATTTATGTGAATAACGAATTAGACGAACTAAAAGAGTTCTTACAAAAGTCTTTTGATCTTTTAACTCCGGGAGGAAGAATAGTAATTATAAGTTACCATTCTTTAGAAGACAGGATTGTTAAGGAACAATTTAAGTATGAAAGCCTGGACTGCATTTGCCCGCCGGGAACACCGGTCTGTATTTGCGGAAAAGAGAAACGGATTAACATACTTACAAGAAAACCTGTCACACCAACTACAAATGAGATAAAAGAAAATAGGCGAGCGCGAAGCGCAAAACTAAGAGTGGCAGAAAGGGTATGAACAAAAGTAATTTTGTTAAAAATCTAATTTTTCTATTTGCATTAATTTGCTTGTGGATTTTCCCGCACCTCTTTCTCAGCTCTGAAATTGATCTACTTAAAAACCAAGAACAAACATTACAATTGTCTCTTAAAGCTATCAATGATAAAATTGAACGCTTAGTGGAAAGAGATTTCAAAGTTTTACAAGATGAATACAGAATCGTTAAGATTGCCGAAGATTCACTCGGCTTAGTTAGATCACTTCATCCTTTTGATGAAGTTTATGTTGACGGTAACCGCATTAATCAAATTGAAAAAATTGTAAACGAGAAATATGATTAATTCACGAGCACTTTTAATTACTTTTATCTTGTTTGTAAGTTTTGGCGTAATTGCGGCAAGACTTTTCAACCTACAAGTGCTCGATCACAATTACTATTCCGAAGTCGCAAAAAACCAACAAGATAGATCACTTCTTATTAAAGCCGAAAGAGGATTAATAAAAGATAGAAATGGCGATATCCTTTCTTACACAGAAGATGATATTTCTTTCTTTGTTGATGCAAGAATGCTAAATGCAAATTCTAGACAGAAAATATCAGCCAAATTTTCTGAGGTGTTTTCAAAGAGTGAAAGTTATTATCTCAATTTGATGAACTCTGCTAAAGGTAATGTCTTTTTAGAGAAGAAAGTTCCACGCGAGAAATATCTTAGTTTCAAATCATTCGTTGTCGATGGTTTGGTTTCAGTTGAAGATCCGACAAGAGTTTATAGCAACGAAACTCTAGCCGCACACATACTAGGTTATGTAAATAATGAAATGATTGGACTCGATGGAGTTGAACGTGTCTTTGATGAATATCTAACCGGAGTTGATGGATTACTTTATGTCGAACGTGATGTTCAAGGAAGAATTGTAACGGTAAAAGATGAACTTTCTCGTCAACCAAAACCCGGGCATGATGTTTATTTAACAATCGATACAAAGTACCAAAAAATACTTGAACAAGAACTTCAAAAAGGGACGGAAGACTGTGGTGCTGAATCGGGTATAGGAATTTTGATGAATCCGAATACCGGTGAAATAATTGCACTGGCAAACTATCCCACCTTTGATCCGGATGCATATTCCAAATTCAATGATCAAATAAGAAGAAACAGAGCTGTAACAGATACTTATGAACCCGGTTCGACAATGAAAGCTCTCACTATGTCTATTTTGATTGACAACGATTTAGTAAGAGAAGATGAAGTAATCGATACGGAAAACGGAAGATATAAAATTGCGAATGCAAGTATTATTGATGTTCATAAATATGATCGGTTAACTGTAAGAGAAGTTTTAGAACATTCAAGCAACGTTGGAATGACAAAGTTAATTGAAAGAGTCGATGATAGAACTTTCTATAAATATTTACGTGATTTTGGATTTGGTAACTCAACTTCAATTACTCTTCCGAGTGAATCGCCCGGATTCTTAAAGAAACCGGATTTCTACTCAACACTGAGTAAACCGTTTATGTCATTTGGTTACGAAATTTCTGTGACTCCGCTTCAGATGGTCACCGCATTTGCTTCGCTTATTAATGGAGGTATCCTTTATCAACCTAGAATAATTGATAAAATAGTAGATGAAAATGGTAAAGTAATTGAAAGCTACCAATCCAAAAAAATTAGAAATGTTATTAGTGCTGAAACTTCGGAACGAATTAAAAACTTGATGCTTGGAGTTGTAGAACACGGTACCGGTAAGCTTGCTAGAACAGATAATATGTTTGTCGGCGGCAAAACCGGAACCGCACAGAAAATTATAAACGGAGCCTATGCAA
CP129490.1_gap39	1007082	1008767	1685	TGAGAATTGACGGCCATGTAATTGGTGATATAACAGTTAATGGGAATTTAACACTCGGTGAAAGTTCTACCGTTGATGGAAATATAAAAGCAATGAATGTAACATTAAGCGGAAAGGTTAACGGATCAGTTACATCAAATGAAAAGGTAATCCTCGAACCAAATTCTTCACTATCGGGCGATTTAATAACAAAAATATTGGTGATTGAAGAAGGAGCCAAATTTGAAGGGAATAGCTCCATGAATTCCGATTCGAAATAAATCGGAAATTAGACATGCCAAAAAAAAATAATCACTCCAACCTTCTTAAAACTTATCATGACGTAGGCCCGTATCTCGGGTTGGGAACACAACTCGCGGCAACCATCGTTCTAATGTTTTTTTTAGGCAGATGGTTGGATGGAAAATTCGAAACGGATCCGGTCTTGACAATTGCTTTTTCTTTTTTCGGTGGTTTTGCCGGTATTTATAACTTTATAAAAACTGTATTAAATATGAATAAAAAGAAAAATCATGATTAAACAAGTTTACACTATAATTATTGGGATATCGGTTGTCTTCATATTTTTGAATCTATTCAACATTATCGAATGGTATTTAGTTGAGGCATGTCTAACAGCTGCTGGACTAAATATGCTCACCTCATTTTCCGCTTATTATTTTTTCAAAAAATCTTTAGGAAAATCAAATAAAGAATTCCTCATTTTCAACCTCGGCGGAATGTTTCTTAGAATTATATTCCTACTCATTGTCGTAATTATTGTGATAAAATTCTTGAATATTGACAAATATGCATTTATATTTCTATTCTTTATTTTTTATTTTACTTCACTAATCTTTGAAGTGAATTTTTTTCACAAAAAAGCAAAAGAGCAGGGTAAGTCTAAGTAATCTAAGAGTTTATGGATTCTCTCTCAACGGAAATACTTAACGATTCTTTGCAGGTCGCAGAGAAATCGAGTGAAAGTGATTGGATTTTACATCACTCCTTGGATGCAAGATATTTGGATTTTGATCCTTTTATTGTAATCCCACTTCCGCATATTGAATTGTTTGGAATTGATATTTCAATTACCAAGCATTTAGTCTATATGTGGGTTGCTGCGATATTTCTTTTCTTCCTTCTGTATAATGTTGCTAAAAAGTACAAGAAACAACGGGTCCCGACCGGGTTCGCGAGTATGACTGAGATAATGATTTTATTTGTTAGAGACGAAATTGCGAAACCTACAATTCACAAGGGATATGAGAAGTTTGTTCCTTATTTGCTCTCTGCATTCTTTTTTATTTTGACACTAAATTTATTTAGTCTAATCCCTTATGGAACAGCTGTAACTGGTAATATATCGGTAACGGCTACACTCGCTGTTTTTACATTTATTGTAACGCAACTTGGCGGTATTCAAAACAACGGTTTCGTCGGTTACTTCAAGGGGCTGGTTCCGCATGGTATTCCTACTTGGCTATTACCGATAATGATTGTGGTTGAGTTACTCGGATTGTTTACAAAGCCTTTTGCCTTAGCTGTTCGTCTTTTTGCGAACATGCTTGCTGGTAAAATTATTATTTATTCGCTTATCGGATTGATATTTATTATTCATACATATTTTGTAGTTCCTGTGTCGGTTTCTTTTGCGTTATTTATTTTCATCCTGAAACTTTTAGTGTCACTAATACAGGCATATA
CP129490.1_gap40	1013295	1017534	4239	ACTGTAATCATCGATACAGCCGGAAGATTACATGTTGATGAAAAGTTGATGGATGAAGTTGCTGCAATTAAGGAAAAGGTAAAACCTTCTGAAACCTTATTTGTGGTTGACTCGATGACCGGTCAGGATGCGGTAAATTCCGCAAAAGCATTTCATGACCGTGTTGATTTTGACGGAATAGTTCTTACAAAAATTGATGGCGATTCGAGAGGCGGTTGTGCTCTTTCAATTAAATCTGTTGTCCAAAAACCGGTTAAATTTATTAGTCTCGGCGAAAAATTAGATTCAATTGAAAAATTTCATCCTGATCGCTTAGCTTCAAGAATTCTCGGTAAAGGTGATATTGTTTCTTTTGTTGAAAAAGCACAAGAAAATGTTGATCAGCAAGCAGCCGAAGATATTGAAAAGAAATTACTTTCGAATCAATTTGACTTTGAGGATTTCCTTAAGCAGATTAAAATGATAAAAAAAATGGGATCATTAAAATCTATATTGGGAATGATTCCTGGGATGAATAAATCGATACAAAATGCAGATGTTGATGATAAGCAAATTGTAAAAGTTGAATCGATTATTCAATCAATGACAAAGCAAGAAAGAAAAAATCCCAAAGTATTAAACGGAAGCCGCCGTAAAAGAATAGCTATTGGAAGTGGCAATTCAATTCAAGATGTTAATAGATTGCTAAAGCAATTTAAAGAAATGCAAAAAATGATGAAGATGTTCAGTTCCAAAGGCGGCAAAAAGATGCTTGGTAAATTTGGGAATATGAGTTTTAATTAATAAATGTAAATTATAATAGGAGTATTAAACTTGGCAGTTAAGTTAAGATTACGAAGAATGGGTAAGAAGCGACAACCAATTTATAAATTAGTTGCTGCAGATGTTCGTTCACCTAGAGACGGAAGATTCATTGAATCTATTGGTCTTTATAACCCTAAAACTGAACCGACGACTATTGAAATTAATGAAGAGAGAGCGTTATATTGGTTAGGTGTTGGTGCTCAACCTACTACAACAGTTAAAAATCTTTTATCCGGTGAAGGAATTCTCTTTAAAAGAGAGTTAATTAAGAAAGGATTATCAGAAGCTGATGTAGCAAAGGAAATGGAAGAGTGGCTAGGTAAGCGAGAAGCAAGAATAGCTGATTCTAGAAGTAAAGCTGAAAAGGCAAAAGCCGAAGCTGAGAAAGCTAAGGCTAAAGCTAAAGCAGATGAAGAAAAAGCAAAAGCAGAAGCTGAAGCAAAAGCGAAACAAGAAGCAGAAGCCGCAGCAGCTGCTGAAAACAAAGACGAAGTTGAACCGGCTCAAGCCGAAGAAGAGAAATCAGAAGATTCTAAAGAATAATTTTTCTCTTTGCCTTGCGGGGCAAAGACAACTTATTGTCTAATAATCTTAAGGTATTCCTATGAAGGAATTTATTGAATTCATCGCAAAGCATTTAGTTGACAGTCCGGATAACGTTTCTATTGAAGAAGCAACACCGGATGAAAAAACAATCGAATTGACTCTCAAAGTTGGTCAAGACGATGTTGGTAAGGTAATTGGCAAGCAAGGTAAGACTGCTCAAGCTATGCGAACTCTGCTTACTGCCATTGCTGCTAAAGATGGAAAAAGAGCAATACTAAAAATTCTTGATTAAACTTAAGTGGATTTGCAAGAATTTCTTTTTGTTGCCCAATTAAAATCTACAGTCAACAAAGATGGTTACCTGATCCTTAAGAATTATAGCGATTCTTCTGAAGTATTAGAGAACCAAAAAATTGTTTTTATCGATGTCTTTGGCGATAAAAGAAAATTTTTCGTCGAAGACTTTTATTTTTCGGGTGAACAACCCGTAATTAAGTTTAAGAATTTCGATTCTCGAGAAGATGTAAATTTTCTTGTAGGTAAAGATATTTTTGTTGAAAGCATTCATTTGCCCGATGTTAAGCCGGATGAATTTTTCATTCATGAGTATATCGGTGCGAAGATATTTAGATCATATGAGTTCTTTGGTATTCTGATTAATGTTGAAAGTTATCCGGGTAATGATGTTCTTGTTATTAGAGATCTTAACGGAAAGGAAATTTTAATACCTCTTGTTACGGATTTTATAGAACGAATTGATAAGGATAAAAAAGAAATTCATCTTAACCCGGGAATGGATCTTAACTATGATGAGATTTGATATCATATCTGCAGTGCCTGATTTATTGGTCAGTCCGATAAGTTATAGTATTATTAAACGAGCACAAGATAGAAATTTGGTTGAGATTCATATACACAATCTTCGAGATTATGCATACGATAAACATAAGCAGATTGATGATAAACCGTTCGGTGGCGGACCCGGAATGCTCCTCAAACCCGAACCGTTCTTTGAATGTATTGAAAAATTGAAAAGTGAGAGAGAATATAATCATATAATTTTTACTTCACCAAAAGGTAAAAAGTATTCTCAGAAAATCGCGAATCAACTATCACTTGCAAATAATATTTTGATTATCACAGGACATTATAAAGGGATTGATGATCGCGTAAGAGAAGTTTTTGCTACAGATGAATACTCAATTGGTGATTTTGTTCTAAGTGGTGGTGAATTACCGGCATTGGTAATCATTGATTCAGTTATCAGATTGATCCCCGGCGTTCTGAATGATAGTGAATCGGCATTAAATGATTCTCTAATGGATGGCGAAAGTGTTGAAGCACCTTATTTCACACGCCCGGCCGAATACAAAGGTTTGAAAGTTCCCGATGTATTGTTAAGCGGTAACTTTGCAAAAATAAATGAATGGAAAGAAGCACAGTCAAAATTTTTGACAGAAAAGTGGAAAAAAAATAATTCTTCGGAGTAGTTATGGATAAGATACAAGAAATACTAAAAGATCAGTTACGCACTGATTTACCGGAATTTAAAACCGGTGACAGAGTTCGTGTTCACGTTCGAGTTATTGAAGGTGATAAAGAAAGAATTCAACCGTTTGAAGGCGATGTTATAAGTATAAGAGGCGGAGCTTCAGACAAAACTTTTACAGTTAGAAAAATCTCAAGCGGTGTTGGTGTTGAAAGAATTTTCAATTACAACTCACCAAAGATTGCTAAAGTAGAAGTTGTGAAAGAAGGTAAAGTAAGAAGAGCTAAACTTTATTACTTGAGAAATCTTTCAGGTAAAGCTGCTAGAATTAAAGATAAGAATATTCAGTAGTTTTAAATTGTTTTTCTCAGCCGCTATATTTAGCGGCTTTTTTATTTTAAAGAATTAGGTGTAATTATGAAAATTATTATTCCGCAAAATATTTATGCGGCTTTTATTGCAATGTCACTTCCTGATGAGTTAAAGAAGAACATTGTAGTTAAACCTTCTGCTTTGATTTGTAATGAATTACAGAACGATGCTTCGGCAATCGGATTAATACCTTCACTCGATATTTTCAAACATAGAGAACTGTATATCTCTTCTAAGCTGGGATTATCATTTGATGGTGTGCTTTCAAATACTTATATATATTTTCAACCCGATCAGCTTGGATTTACAAATTTATTCTTACGTGGTGATGTTTCGACTAATGAAATTATTTTGAGCAAAATACTTTTCTCTGAAAGATATTCTCAAGATGTAAATATTGTTTTGGATACAGCCGAATTTGATCTTGATAACAATAATTATATAGTAGTTGGAAATGAAAATTTAGACTATAATCCAATCGATAAAGGAATGAGCTTCGCTGATCAAGTCGCGTCTTTAATTGATTATCCTTATGTTAATTTTATCTGGGCATCTAAATCAGAGGGAAACTTGTTGGAGCTTCAGCAATCACTTCCCGAACTCGATAAAAAAATTGAGGACAATATTGAGAAATATTTATCTAAGATAGATATCCAAGATAATTTGTACGACTCAATTGTTGCTGAGTTGAACTCAGTTTATTTTGAAATGACTGAAAACGAAAAAGAAGCTCTTGTTGAATTGATTAAACTACCATTTTATAGCGGTATTTTTGACGAAATAATTGAATTGAAGTTTGTATAAAAAAAATCCCGCAACTATTAATTTGCGGGATTTTACAAAATGATTCGGCTTCTAAATTGCTGTATGAGAAACAGTTAATACATTAGGATTATTTCTTATTGCCGCGAGCATTTCATCTGTAGCTGATAATTTTAATTTCATCGTACAACAAGCTACTATTCCGCCGTCAAATATAATATTTTCAACTTCCTCGATATTTATTTCACCTTGTCTAAGCACATCCA
CP129490.1_gap41	1025820	1029510	3690	CTGAAGGAGAAAATGTAATCACTGATGAATTGCTGATTACTTTGTCCTTCATAAATGCGTCATCAGACGTAGATGTAAATGCAACAAAAATTTATCTAAACGGAGTTGAAGTAAATCAATACGCTCTATTTGCAGAGGACTTAATAATCTTTAGCGGGGCAAACTATCCGGAGAAAATTTCTGAACAAAGTCAGTTCTTGAAAATTGAGATATATGATAATCAAGATAATTTAAAGAGTACAACAGCGAGAAGTTTTAATACTATCTCAAGAAGTTATGCTGCAGCTATTGAAAATCAATTTAAGTATAATGTCACCTTAAAAGGTGAATCAAGAGGTGAAACTTATAACGAGGAAACAACTTGGTATAACAATCTAGATGCACGCTTTAAAGCAAATTATAGCGGCTGGGAATTTGATGCGAAAGTTTATGCAACTTCAGAAGAAAAAAGTTACAGACAACCTCAAAATAGATATTCTGCTAAAGTTAGTACCGATTGGTTGAATCTATCATTTGGTGATAGCTATCCGATTTACCCCGAATTAATTTTAAGCGGTAAACGTGTTCGCGGTGTTGATGCCGGAATTAATCTTGGTTTTTTTAGTTTACAAGCGAGTTATGGACAGATTACTAAAAGCATCGAAGGTGCATTGCTTGAAACATTTTCGGCCGATCAGGTTGTATTTGGCAGTGATATCATTGCAATTGATGAAGCAAAATATGGTCAACCTTACGGAAGGGTAGCATTAGGTGAATTTAACAGAGATCTCTTAGCAATCCGACCTTCATTCAGAGCTGGTGAAACTTTTGAACTTGGGTTTACATTATTAAAAAGTGGTGATGATAAATCATCAATTGAGTTTGGTGCACGCCCTCAAGAAAACTTGGTCGTTGGAACTGATTTGAATTTACGTTTCGACAATCGCAGAATATTGATCAAAGGTGAAGCGGCAATGAGCTTTCTGAACTCAGATATAACCACAGGAACATTATCTGATGCACAGATCGATAGCGTTTTCGGAGGTGGTGGAATAATTGATATTGATCCGGATTTAGTAAAGAAATTTAAATCATTCTTTGGCGGTTTCATGGATATTAATCAATTTTTTGGTCCATGGAATCCTGAGGAATTGGCGTCTTTAGCAACATCAGCTTCACTTGGACTCAATTACTTTAATAACAATTTTACGGCAAGATATATCTATAGAGGTAATGATTATAATTCATTCGGTCAATCTTATCTTCGAACCGACGTTGCCGGGTTCAATTTTGTTGATCGAATTAGAATGATAGATAACAAAGTTTTCCTCTCTCTAGGTTATGAAAGATTGCAGGATAACTTGCAAGACACGAAGATAGCAACTACAACATTTAATACAATTAATACTTCTGTCTCGGTGTATGCAGGCGATGGAATTCCAAATATCACCGTTGGTTACACGAGATATGATAATAAAAACGATTTAAGTGTTACAGATACAACTTACTATTCCTCAGCAGTTGAAGATGCAACAAATAAAATCTATGCTCAATTAACTCATGACTTTTTATTAGAAATTCCGCATAGGGCATCATTATATCTTTCAACTTCAAATAGAGTTGACAATTCTTTGCGCAATAATGACGCTAGCAACTTTTCAATTTCATTTAATTTGAATAGTGAATGGAATAAAATGTTCAGCAGTCATGTCGGGGCAACATACTATACAAGTGAATCCTCAGCATTGCCATATGATTATTCAACCATATTCTTAGGCGGAAGTGTATATCTGCTCCAAGAAAAGCTTGATATCTCGGCCACTTTTAGTCCAAGTTTTGGTGATTTTGAAAGACAGGCTTTTGATTTGTTGGGAAACTATAAAGTAATTGACAATTTTATACTTTCACTTCAAGTTAGATTCTATCGAATTCCGGATATTGGCACAAATTCTATTGTTGGGATGATAGCAAGATATAGCTTTTAATAGATGAAAAAATTCATTTCTAAAGCTGCCCTCACAAAAATGTGGGCAGCTATACTTACCACAATATTAGTATTCGTTATAAGCCAGGATTTAATATTCCCATTATCTCCCCTCCAGCAATTAGAACAAAAATTTATAGATTATAGATTCCAAGAGAGAGGAGAAATACCATTCAAAGATTCTGCTGATGTAATTATTCTTGAGATTACACAGGACTCATATGATCAGATACCTTCGCCTTATAATTCATGGCCTTGGCCAAGGACTTATTTTTCTAAAGTGATTGAAAACTTAAATGAAGCGGGTGTTGCAGCTATAGGAATTGATATTGTTATGTCAAACAAAGATCAGTTTTCGGATGAGAATGATCGTGCACTTTTCGAAACAATAAAAAATTATAAAAATGTTGTCGTTGCGGGAAAGATTGATATTGAATCTGAAGCAGCTTTTGCAAACTTGAGTGAACAGTTCATTGTTCGAAATTTCAAAGAAAATTATTCAAGCTTATTTTACGATGCGGATAGTTCAGTCGGTATTGTACAAGCCGTTTCGGATAATGATGGAGTGTACAGAAGGTATGCTCCGTACATTTATTCTGCGGTCAACAATAAGAAGGTACCATCCTTTGCTTATGCTTTGTTAAATAAATATTTCAATAAAAGTTCAAATTACACCGCAGAAAAATCATCCGGAAAATTTATTTATGAGAATGTTGAGATTCCTGAGTTTGAGGAATCAACTATACTTGTTAACTATTATGGTTCGAACGGAAAATTTCCCAGAGTTAAATTTATTGATGTACTTGACGACAGTGAATTTACTACAATCGATGAAGCTGATTTTGAAACCGAACTTAATACTTGGGATGATCCGGACTATGGACTAAAGTTCTCCAATAAGTTCAAAAATAAAATTGTATTAATCGGTTCAACCATGCCGGAAGATAAAGATCTTGTTCCCGTTTCATTTTCTCCCGGTGAAAGGGAAGGCGATAATCTTTTATACGGTGTTGAATATCATGCTAATGCAGTTCAAAATTTTCTGGATAACAATTTCCTTTACACACTTCCAAAATCTCTGGTAATATTTTCTTTAATTATTTTAACAATGGGATTTTTTCTCTTAACTTCATCACTTAAAAGAATCAAGTCAAAAAAAGTGTTTTATATCGAAGCGGGTATTATCGTTTTCGTTTTAATGCTTCTGTTTTTATTGTTTCAACTCGCTTTCATATTATTTGATTCACAAAACCTTATCATCCCTATTGTTGACCCGGCTATAGCAATTTTATTTGGTTATATAGGAAGTACCGCATTTGAATTTTTTGCCGAACGTAAAAAAAGTTCAATGATGAAAAGCATGTTCAGCCAATATGTTTCAACGCACTTGGTTAATGAATTAATTGCTAATCCGGATAAACTAAGGTTGGGCGGTGAAAAGAAAAATTTAACAATTCTGTTTTCTGATATTGCCGGGTTCACTTCTTTCTCGGAAGGGAAATCAGCAGAAGAAGTTGTTACATTCATTAATCAATTCTTGGATGAGATGAGTGAGTCGGTATTGAATTTTAACGGAACTCTCGATAAGTATTTAGGTGATTCTGTTATGGCTTTTTGGGGTGCACCAATCGAGATTAAAGATCATGCTTTGCTGGCATGTAAATGTGCCCTTGATATGAAAAAACGACTGGAAGTTTTGAATGACAAATGGAATTCCGGCAACACTC
CP129490.1_gap42	1036656	1041592	4936	ATGGCGAATCTAATTACGCTTTAGCTGCGTAACTAACAGTTTGCAGCCGTTCTTTAAGTCCCCGCATGTCGGGATTTATATGAACGCCGCTTGACATGCTATCCAAACCGAATACTCGAATAGGTGAGGCGAAACTTTTTTCGAGTTAGCTTTAACAATGCCCGTTTGTTGGCTCTGTTAAAGTGAAATTTAATAAGCAGACTATGTGTGTAGACGTTCCTAGAAATGTAGCTTCGGACGCGGGTTCGACTCCCGCCACCTCCACTCAGGCTTCGTTTCGAGCTAGGCGAGAAACAAGACTGAATGCGGCGTAGTCGTTGTCTGGCGAAGCCGATTTTTGCATCTTTCTCAAATTCGTTCTCAACCACTCATGACATTTCAAGCAGAATGAATATCTCAAACAAAAGTATTTTGTTTATAAATCATAATCAGTTTTTGATAATCCCATACCTTTTTATTGCAGACATCTGATTTATCCACTATTTTTGAAGCATTATGAAACATGTTACACCCTCCACAGATAAAACATTTATACGGATCTTTATTTCGGCATTAGTATTATGTTTAGTCCCGACAATTCTCATTTTATTTGAAGCTGCTGACACAACTACATACGTAGTTGCACTTTTTGTAGTCCTGCTCATCGGTACAATTATTTGGATGACTTTTAGAATAAATTTTATCGTTAACGATCATAACTTTTTGACAAAATTTGGTCCCTTTTCCGTTAATATCGATCTCAGAACGGTCGTTAAAATAACCGATAGATATTCACTTTTTGTAACTCCATCGGTTCTTAAAATTGCTCGATCAAACAACACGATATCTCTCCGCTATAGAAAGAAAAATAGTCTCGCACTCCATTGGCTCACAATCGGTATAGAAGAAGAGAATGAATTTATTCGAGAAGTTTTAGTTCATTCACCTAATGCAGAATTAGAATTACGACGAATAAAACTAGATTAGTCAAAATCGAATTTCTTTGCAAACCTATTTCTTATCAACTAAATTTCGTCTCACTATGAAAACTTTTAGATATATAAAACTCAATGGTGCGGGGAATGATTTCGTTTTAATTGACGAAAAAATCAACCAAAATTTACTAATTACCCCGTCCGATGTAACAAGAATCTGCGATCGCAATAATGGAATTGGAGCGGACGGCTTAATTATTATCAAAGATGCCAAGGAAGCAAATTTTGAAATGTTATATTACAACGCAGATGGTTCTACCGGATCACTCTGCGGAAACGGTGCAAGATGTGCAGTAAAGTATGCTCAAATTTCAAATAGGATCGAGGGAAATACTGTTCAATTTTCTAGTAATAAAATCGAATACTCAGGTGAAATAATTAATGACAAAGTAATAAAATTTTACCTTCAACCGGTATCTGAAATTAAAATCAATTTCAAATTAAAAGCTTTTGGACAATTAATTAACTCGTATTATGTCGATACCGGTTCACCTCACGTAATTATAAATATTAACGATATTTTAATAAATTCAAAGAATCCCAAAGCAGTTTTTGAGGATATTCAACTAGTGCCGGTCGATAAAATTGGTCGAGAGATTCGAAATTTACCGGAATTCCGACCAAATGGTACAAATGTTAACTTTATTGATATAAACGAAACTCATATTAAAATTAGATCTTTTGAAAGAGGCGTTGAGGCTGAAACCTTAGCCTGCGGAACCGGTTCGGTTGCAGCCGCAATAATTGCAAAATTGGTTTATAAAAAAAATGCACCGATTAAATTAATTACTAAATCTAATGCAGAATTAATTGTAAATTTCGAGATGGGAAATAATGAAATTGTAAATGTATCTCTAACCGGTTCGGTTGAGATCGAAAAAGAGGGTCAATATTCAATCTAATCATAAAGAGGAGCTAATGGCAAAAGTTATATTTTCGATTAAGTACAGCATCTTACCGGAAAAAAGAAATGACTATCTTGATGTTATCAGGGAGTTAAAAAATTTAGTAAAGGCAGAGGGATTAGAAAGTTATTCTGTTTTCGAAACTAAAGGCAAAGCAAACGATTTTGAAGAAATATATATCTTTAAAGATCATCAAGCTTATGAAGATTTCGATGATCAATCCGATGAAAGAGTAGATATTCTTATGACTAAACTTTCTGATATGATTAAGCAGCAATCTACGCATTATTCAACCTTATTTGAAGTCGAAGAGTAATTACAATCCAACCAAATGATATTTTTATGAATGAGTACGTTGGCGCAATACATATGCATTCAATCTACTCGGATGGATCGGGTACTGTTGAAGAAATTGTCGGTTATGCAAATGAGGTTGGTCTTGATTACATAATGATTACCGATCATAATACACTTCGTGCTTTAAATGAAGGATATGAAGGCTGGCACAATAATACCTTATTACTTGTTGGTTGTGAGATCAATGACAAAGAAAATAAAAATCATTATTTAGCCTTTGGTATTGATGAAGCCTTTTCAACAAGATTGTCCGCAAAGGAATACGTTAAGAAAGTTAAATCAGCTGGTGGAATTGGTTTTATTGCACATCCGCATGAAAAGCGTTCATCTATGAAGGAACATCCGGCTTTTCCTTGGACTGAATGGGATACGAATGATTTTACCGGAATCGAGATTTGGAATCACATGTCAGAATGGATGGAAGGTCTTACAGAAGAAAATAAGTATCAGCATTTTGTGCACCCACTTCGCTCGGTCGCTGGTCCGCCCGCCGAAACTCTACAAAAATGGGATGAATTAAATCAGGCAAGAAAAGTTGTTGGTATTGGCGGTGTTGATGCCCACGCACATAAAATTAATGTACTAGGTTTTTTTGAAGTAGAAGTATTTCCATATAAAGTTTTATTTAAATCAGTACGAACTCATGTTTTAATGAATGAAAAAATAGATCCGAAAGATTTTCATAAGTCTAAATCTCTTATTTATGAATCTCTGCGTAACGGCAGATGTTTCGTTTCAAATTATTATCACGGTGATGCAACGGGATTTAGATTTTTTGCCGAATCGGATAATAAAATTTTTCAAATGGGAGATTACATTTCGCTAAAAGGCAAAGTTAAATTAAGGGTGTTCCTTCCAAATATTTCCGGAAAAATTAACTTGATTTGCAACGGGAAATTGGTCGATGAAGTTGAAAACAGCGATTGCGAATTCATTATTCGACAAAAAGGTGCATATAGAGTAGAGGTTTTTTTAGAAGGAAAAGCTTGGATATTCTCAAATCATATTAGAATTGGTGATTAAGTTTTATTAAATTACCTAGCTTAAAAAAAACAGAATTGGAGCAAATGTGTTAGCAAAAAAGAAAAAAATCGGTAAAAAGAATATTAAAGAAGATAAGTTAGTTACTTTTTATTCAAAAACACTGCAGTATTATGAAGTTTATAAGAATCAAGTACTTATTGGTGCAGCAGCCCTTATAGTAATAATTGCAGCAATAGTTTATTTCGCTAATCAATCGCAAAAGACTGAAATTGAAGCCGCCTCTGCATTAGCTAAAGCTGAAAGAACATATCAATCAGGAAATTATCAAAATGTAGTTGATGGAGTTAAACCCGAAGGTTCATTATCACTTGTTGAAGTGGTTGATAAATATAGTGGCACTGAAGCGGGTGAAATGGCTCGTATTTACCTCGCAAATTCATATTTCTATATCGGTGATTTTGAGAAAGCACTTGAAACTTATGATGACTATTCAGGGAGCAATAAATTATATAAAGCTACAGCTTTAGCCGGCATGGCAGGATGCTACGAAGCTATGGGTCAATTCGATAAAGCAGCGAAATATTTTAGAGATGCCGCCAATACTTATTCAAATAATGCGTTAAACAGTAATTATTTGTTGAATGCCGCAGTTAATTATATTAGCAGTGAAAAATATTCTGATGCTAAATCTATTCTCGAAACTCTTAAAGAAAAATATACATCATCCGAAGAGGCTAGAGAAGCTGATAGATATTTAGCCGAAGTTAAATTACACAGTAAATCTTGATTTTAAGATTAACGGTAACTATTTTATCAAAATATAATGGATTAATTGGATTATGGCGGATACATCAGATTTCAGAAATGGGTTGATTATTAAGTTCAAAAATGATCTTTATACCATTACGGAATTTCAACACGTAAAACCCGGTAAGGGCGGGGCATTTGTTCGTACGACACTTAAAAATTTAAGAACAGGCAAAGTTCTTGATAATACTTTTAGATCAGGTGAAAGTGTTGATATTGTTAGAGTCGAAAGACGTAAATATCAATTTTTATACAGAGATTCAGCTGGATTTGTATTGATGGATAACGATACTTATGAGCAATTAACGGTTCAAGAAGAATTATTTGGAGACGGAAGAAAATTTTTGAAAGAAAGTGATGAAGTGGAACTTCTTCTTGATGACAATGATAAAATTATTAATGCCGAAATTCCTATCTTCGTTAACCTCGAAGTTATAGAAACTGAACCCGGGTTTAGAGGAGACACTGCTACCAACGTAATGAAACCAGCTAAATTAGAAACGGGTGCTGAAATTAACGTACCTATATTTGTTAATGCTGGTGACATGCTTAAAGTTGATACCCGAACCGGTGAATACGTAGAAAGAGTGAAAACAAAATAGTTGGGACTTATGGACCTAGATCTAATAAAAAAACTCATCCGTGTTGTAGAAAAGAGTGAGATAACGGAATTCACTTTCCAAGAAGGTGAAATGAAAGTGAAAATATCTAAGAACTCTTATGGTGTACAGCCGACATATACTTTGCCTCAGCAAACAATTCAACAACCGGTACCGGTAGAAAAAGAATCTAAATCTTCCGATGCTAAAAAGACGGAATCCACTGAATCGAGCAATTTACATGAGATCAAATCTCCAATAGTTGGTACTTTTTATCGAGCACCGGCTCCGGATGCTGATCCGTATGCAC
CP129490.1_gap43	1065144	1069127	3983	TGCAGATGGAATATTTGAAAAAGTAAAAGTATTTTGCAAGGGTAGTGGAATTAAACATGAGGTTGTTGCTTGAATAATTCGACAAAATTTGCTGTTATCGGTTTAGGAGGTATAGCACAGTTAGTCCATCTCCCAATACTGTCAAAATTGAAGGACGTTGAAATTGTTTCAGTTGCTGAAGTTAATAAGAATCGCTTAAATTCTGTTGCAGAAAAATTCGGTATAAAAAATAAATTTACCGATTATAAGGAACTTATTGCTAAATCAGATTTTGATGCTGCAATTATTGCGACACCAACAAATACACATCCCGATATAGCAAACGATTTTATCAAAGCCGGTAAAGATCTCTTAATTGAAAAACCCATCGCTAGAACTTTCGCAGAAGCTAAACGTATTCATGAATTTGCCGAAAAGCATAAACGCAAAGTCATGGTTGGTATGAATCTTCGATTCCGACCGGATACTATGCTTCTCAAGAGCTTAATCAACAATGGTGAGTTAGGAGATATTTTTTATATAAAATGCAGTTGGTTAAGAAAACAAAGCAGTGAGCAAAAATGGTTTCTTAAAAAGAGTGAAGCCGGAGGTGGAGTTATACTTGACCTTGGTATTAACTTGTTCGATTTAGCACTATGGTTAATTGATTTCCCGGAAGTAATTTCGGTATCGGTAAAGCAGTTTTATCATAATACAAAAAATGTTGAAGATTCTTCTGTCGGTTTCATCAGACTTAAAAATGAAACCGTTATCAATTTTGATGTAAGTTGGAGCTTGCATTCCGAATCGGATGGTCTTAATTTAACTACATATGGTTCTGAAGGTACTGCTCACTTGAATCCGCTTATAGCTTATAGACGTGTTGCTTCTAATCAAATTGATTTAACTTCACGAATATCCGGATCAAAAAATTTATTTAGAAAGTCCTTCGAAAATGAATTGAAACATTTTGTAGGTGTACTGAAAGGGAATTTCCCAATTATATCCTCCAGTGCAGATGCATTAAAAAGAATGAAACTTATTGAAGCCCTATATCAATCGGCAGAGAAAAATAAAGAAATACGAGTTTAGATAGAATGAACAATACAATTCTAATTGTTGATGACGAGAAGGACATTGTTGAATTTTTAGAATATAACCTTCGCAATGAAGGCTTCAAAGTTATTACTGCTCATAATGGTGAGGAAGCTTTAACAAAACTTCCAGAGAAACCCGACCTAATAATTTTGGATGTATTAATGCCAAAGATGGACGGCTATATTACTTGTGAAAGAATTCGTGAGCTTCCTGAATTTAAGAAAACACCTGTGCTTTTCCTTACGGCAAAATCAAGTGAAGTTGATGAAGTAAAGGGATTGAATCTTGGTGCCGATGATTATATTATCAAACCTATTTCAATTAAGAAACTTGTTGCAAGAGTAAAATCAAATTTAAGAAAAGCGGGAAGTTTGATCGGAGGTAATATTAAAATTGGTCCCTTGGTAATTGATCGAGATCAATACATTGTAAAACTTGAAGGAGAATCAATTATTCTTCCTAAAAAAGAATTTGAAATTCTTGCTTATTTAGCTTCGCAACCCGGTAAAGTTTTCCCTCGTGAAAAGATTTTATCTGATGTTTGGGGAAACGATGTTTTTGTCGTAGAAAGAACGATTGATGTTCACGTTCGAAAGATAAGAGAGAAGTTAAATGATTTTGCTGACTTGATTGAAACAGTAAAAGGTGTTGGTTACCGGTTTAAAAATGTGGAATAATTTTTTACAAAATTTCGTATCAGCTCGTATATATTTTTATCATGTCTTTCTCATATCTGCAGCATTCCTTATAATTTTCTTAATATTCTTTAATCATGATCTTGCAATTTTCCTCACATTACTTCTTTCGGTATTTATATTCTCTGTAATACTTTTGTACTTTATTGGTAGTAAACGCCGAATGGAAATTACAGAAATCCGATCGATTATCAGATCTATTCGTAAAAGTGAATTCGATTCGGCAAATGAGATAAGACTTAGTAGAAGTTTAGAGGGTCTTGAAGACGAAATTAAAAAGATGTTTTTGAAAACTAGAAGCGATATTGAAAATCTCAAAAAATTAGAACAAGTGAGAACGGAATTTTTAGGAAACGTATCGCATGAATTAAGAACTCCAATTTTTGGAATACAGGGATATTTAGAAACATTACTTAACGGCGCACTCAATGATCAAAACGTTAACAGAAATTTCTTACAAAAAGCTGCTAATCATGCGGAACATCTAAATAATTTATTGAATGATCTGATCGATATATCGATGATAGAATCCGGCCAAATGAGGATGAGTTTTCAATTTTTTTCCATTAAAGAATTTCTTGAACCAATAGTAAACGAAATGCGACATAGAGCTCATAGAAAAGGTTTGGAATTAATACTGAGCGAAATAAGACCAAATCTTCAAGTATTTGGTGATAAAACCCGATTGCGGCAGGTTATGACAAATTTAATCTCAAATGCTATAAAATATACGGATTCCGGCTCTGTGGTTGTTGGAGCAGAGGAATATCCCAAAGCTGCTCATCTTTTTGTACAAGATACAGGCATTGGGATAGAAGAAAGTGATATTAATCGCATTTTTGAAAGATTTTTTAGGGTTGATCGGGTCAGATCCAGGTCAATTGGAGGAACCGGGCTTGGATTGGCAATTGTTAAACACATTTTGGAAGCACACGGTACAAAGATTGAAGTTAAAAGTGAATTAGAAAAAGGGAGCAAATTCTCATTTTCTCTTAAAAAATAGTACTCCATAAAATAAACATTACCCAAAATTTCTTATTGCGTAATTATAGATGAATAATTATATTTAAGGCTCTTGTTTAGAGGAATTGGAGGAAAACAAATGTTTGCAGTTGTAAATATAGCAGGTGAACAGTTCAAAGTAACTGAAAACACCAAATACTATGTTCCAAGGTTAGAAGGCGATGTTAATAGTGAAGTTTCTTTCGATGAAATTTTGCTTCTCTCCGATGGAAAGAAAACCGAAGTAGGAGCACCTACAATAAACGGAAAGAAAGTTCAAGCGAAAATTCTTGAACACCTTAAAGATGATAAAGTAATAGTATTTAAGAAAAAAAGAAGAAAATCTTACAGAAGATTTAACGGACACAGACAACAACTTACTAGAATTGAAGTTACAAAAATCGGATAATATCCGGAGGTATCATGGCACATAAAAAAGGTCAAGGTTCATCAAGAAACGGTCGTGACAGTAATCCGCAGTATTTAGGTGTTAAAACTGCCGGTGGTCAAAGAATTACAGCTGGTTCAATTATCGTTCGTCAGCGTGGTACAAAGTTCCATCCCGGATTGAATGTTATGAAAGGTAAAGACGATACATTATTTGCTACAATTGACGGCTTTGTAAAATTTGAAACAAAAAGAAATGATCGAAAATTTGTAAATGTTTTTGCTGAAAACGTAAATTAATTCTTGATAAATTTTTAATAAAAAACCCTCCGATCAGGAGGGTTTTTTATTTTAAACCAATTTTACAAATCTATCAAAATCCAAGTCTTTCCATATCTGCTACTAAATTTTTAACGGCGTTAACGGAATTATCTAAAGCTGCTTGCTCATCCGCGTCTAAGCTTAATTCCACAATTCTTTCGATACCATTTTGACCTAGTACCGCAGGAACACCAACGTAGTATCCATCAACATTAAACTCACCGGAAAGATAAGCGCAAGTTGGCAATAGTCTTTTTTGATCTTTTAAAATTGATTCTGCCATTGAAATTGCTGCTGATGCCGGAGAATAAAATGCTGAACCTGTTTTCAATAATTTTACAACTTCTCCTCCTGCCATCTTCGTTCTTTCCACCATTGCACTCATCACTTCTTTTGCTTTAGCCGCATCTTTATATTTTCTTTCGAGCATCTCCATTACCGGTACACCGTTAACATTGGCATAACGGATCAATGGAACCATAGTATCTCCATGACCGCCTA
CP129490.1_gap44	1233610	1238020	4410	CGGTTGAAGGAACTCTGGTTGAAATCATAACCGGGGAAAATGAAACTGTTGAAGTCGGACAAACAGTTGCAAGAGTATCATCAGGTTCGGGAATTGCAAGAAAGAAAGAAAGTATTTCAAGTAGTTCCAAACCAGAAAAAGCTAAAGAAGAAAAAGTTGATGAAGAAACAAAGACCGAAACACGAGAAAAACAATCTGAACAAAAAGTAGATACATCTTCTTCGGATAGATTTTATTCACCGTTAGTTATGAAAATTGCCAACACCGAAAACGTTTCCTATGATGAATTAGAAACTATCGAAGGAACCGGAATAAACGGACGTGTTTCTAAGAATGATATACTAAAATATATTGAAGATAGAAAAAGCGGAAAGACTTCTGCACCTAAGAAACCTCAACAATCTCAGCAAACAACCACTAGTCAAAAACCATCAGTTCCAAAAGAAACTGCACAACCAACCTGGGAAGCCGGTGAAGGTGTTGAATTGATACCGATGGATAATATTCGTCAAAGAATTATGTATCACATGGTTAACAGTCGAGATACGTCGGTTCACGTCACGGCAGTAATTGAAACGGATATGACCAAAGTGCATAATTTTATTCAAAAGAATAAGCAGAAGTTTTTAGAAAGCGAAAGAATAAAATTAACTTATATGCCTTTCATATCTTATGCGGTCATTAAAGCTTTGAAAGAATATCCGTTTTTGAATGCATCAATCGATGGGAATAACATTGCAGTTAAAAAGTATATAAATCTTGGTATCGCAGTTGCAGTAGAACCAAATGGACTAATTGTCCCGAATATTAAAAAAGCGGACGAAAAAAATATTCGTGGACTCACAAAATCTATTATGGAATTAAGTGAAAAATCGCGAACAAAAAAATTAATGCCTGATGATATCATGAACGGAACATTTACTATTACGAATTATGGAGTATTCGGTTCATTATTCGGTACCCCAATTATTAATCAACCTGAAGTCGGAATTTTAGGAATTGGATCGGTAACTAAAAAACCTGTCGTTGTTGAAGTTGACGGCACTGATACGATTGCAATAAAACCGATGATGTATTTATCACTAAGCCATGATCATAGATTAGTTGACGGAATGCTTGGCGGTAAATTCTTAAAGTCAATTAAAGATACTTTAGAAAATTTTGATACATCTATTTTTTAAAAACTTGCGAGCAATAAGCGGTAGTCTTACTCATAATCATAATCATAATCTTAATCTGATTTAAGAAATATAAAAAGTGATTAAGATTAAGAGTAGGATTAAGAATTAAAAGGACACTTATGAAGATTAATCAACATCAAAAAAAATATGCGGAAACCTTAGAGAAAGAACAAATTCCTTTAGGTAAAAGACCTGAATGGTTAAAAGTAAGATTACCAAGCGGACAAAATTATAAAGATGTTCACAGTTTGATGCGCAATTCAAAGTTGAATACAGTCTGTGAAGAAGCACGATGCCCGAATATTGCTGAATGCTGGAACGCACGTACTGCAACATTTATGATACTTGGTGATACATGTACACGAAGTTGTGGATTTTGTAATGTAAAACTCGGAATGCCGAACGAATTGGATTTAGATGAACCACGTAGAGTCGCCGAATCTGTTGAGCAATTAAAACTTAGACATGTTGTTATTACTTCCGTTAACAGAGATGAATTAAAAGACGGCGGTGCATCTATCTTTGCTGAAACTAATCGATTGATCAGAGAAAAAATGCCTGAGACTACTATCGAAATATTAATACCGGATTTCAAAGGAGAGAAGCATGCGTTTGAAATAATAATGCAGAACCCGCCTGATATTTTGAATCACAATTTAGAAACGGTAAACCGATTGTACCACGCTGTTCGTCCCCAAGCAAAATATTCCAGAAGTTTGGAATTAATAACATGGTTTAAGGAAAAAGGATTACGTACCAAAAGCGGAATAATGGTTGGAATCGGTGAGAAGAAAGAAGAAGTATTTGAATTGATGAAAGATCTTTACAACAGCGGTTGTGATATAATGACAATAGGTCAATACTTACAGCCAACCAAAAATCACTTAGCGGTTGACAGATTTGTAACTCTTGAAGAATTCAAAGAATACAAAGATTTTGGGATTGAATTGGGATTTAAAGCTGTAGAATCTTCACCCCTTGTAAGAAGTTCCTACCACGCAGATAAGCATGCGAGATTGGTTTAAAATTGATCACAAACTAAAAAGAACCAAGCCGACTCAAAGTAGTCGGCTTTATCTTATTACTTAAGTAAAATCATTTTTTTTGTTGCATTATATATTTTGCTTTCAAGTCGGTAAATATAAATATTAGAAGCAAGATCAACTACATTCAAGTTTACTTCATGATAACCTGCATCATAAATACCCCTGGTAATAGTTTTAACTTTTTGTCCTAAGATGTTGAATAAGCTAATTGAGATATCCGATTTTTCGGGTAAATCAAATTTAATTGTTGTTGTGGGGTTAAATGGATTTGGATAATTTTGATGGAGAGAAAATTGAGTTGGTATTTGATCTTCAACTGATGTAACAGAGGCATTTACTTTTGCCGTTTCCCTAAAATATTCAAAAGTTCCGTCATTATCGATTTGCTTTAATCTGTATTCCAATTCTTCGGCTGGAGGAGATACGTCCAGATATTCATAGTATTTTGGTGAAGCAGTCGTTCCATGGCCATCGACAAAACCTATTTTTTCCCATTTTGATTCATCAGTTAGAACTCGTCTCTCAACATCAAAACCAAAATTATTTATCTCAATTGCTGTTTCCCATTCTAATAAAACATCTCCGTCAATTAGCTCTCCCGAAAAAGAAACTAGTTCTACTGGTAATACTGAACTTTCGGTTGATACAACACCGCGTATTCTATAATCACCTGAGCCGACTGCGGACCAACCAGCTCCTGTGTTTATTGAAGACCGATTATCAACGTTTCCATCATCTACCCTAATAAAGAATGAAGTACCTGTGGCAAAGTATAAAACTAAGTGATAATCAGTCCCGACGGACAAACTAGTTACACCGGAAGATTGCATATCAGCATAATTCCAACTAAAGTTCAAAATATTATCCTTATCGAATGTAACAGTACTTCCAAGTTTTGAGTCTGGTAAACCAGAGCCATTATCAGACCAAATTTCCAAAGAGAGATCGCTTGTTATATCTATGGTGGTTGAAGGGTGGAAGAAGAGTCCTGTCAAACTGCCAGCAATAGTGGGAGTAATTTTAACGGCAATCATAACAGTCGCCCCGATTCCTGTTGATGCATCTGATGCAAATTCATCATAAACTAGTATCTCTTGATTGGGTGTCCATGAGGAGTTAATCGACTCGGCCAAAGCTTTAAAGATATTCAATTTACCGGCACCCCAAAAGAAATCGGGCAAACTTCCACCTGTATAGGAATCGGAATCGGTGTTATCAGTTAAGAGAGTTTTTATGGCAGACCCGGTTAATGTCCCATCATGCTCAAGCAACAATGCAACCGCTCCAGTTACAACCGGGCAGGACATGCTGGTTCCTTGGCTTAAAATATGCTTATCTCCTGGTAAAGTGCTAGTTGTAGAAGGGCTTGAATCATCAGCAGATAAAGATGAGGCGATCCTCTGACCCGGTGCAGCAAGGTCGGGTTTTTGACTTCCTGTTCTCGTTGGCCCTATACTACTGAACTTTGCGATATCGTCAGATTGATCATAACTACTACTAACCAGATAGCCTGATCCATTTGTTGATAACCATCTCCATCTACTTGCATAGGCTCCGACCGTAATTGCTTCAGCAGATGTACCAGGTGAGCCGACGGTTCGTAAAGAATCGCCTCCTACAAGAGTCGCCTCCTTTGAACCAAGAGCTGACCCAAATAACCATCCATGATAAGTTACAGAAGATGCTGTATTATTTGAAATCACCAGTTCCCAAGTTCCGACTGCTGGGGTTTTAGTTGCATCATCGTCGTCAATATACATATAAATCTCTCTATCCGAATTAGTGGCATTAACATCATTAAATAAGTATATAGTACCGTCTGAAGCATCGCTTTCTTTACCTGATTGACTGTCGGAACGGGTATATGTAACACCGTTTGGCGAAGTTACAGTAGCATCCGCATCGGTATCATCATCGAGCCAAAGATCAAATCCAAAATAATCATTATCAGTGCCAGAATTGGGCGTATAGGAGGGTATGGTAAATTCTATTGTCGAAGAGCCGCTACTGGGAAGTGTCCGCGATATATGTATATTATCACCGCCTTCGTTTCCTGCAGATATGACAACTACTCGTCCTGATAAACCGATAAATGCATCAACTGCTTGAGCTAAAGTTGATGTGCCGTCATGAGGAGCGGAATGCCCTCCCAAGCTCATATTCACTACAACTGGTTTTCCTTC
CP129490.1_gap45	1239570	1243845	4275	GAAGGGTAACGAAGCAATGGCAGAAGCTGCAATTCGTGCAGGTGCCGATGCTTATTTTGGCTATCCGATAACACCGCAATCAGAAGTATTAGAGTATCTCGCTGCAGAAGCAGAAAGAAGAACCGGAATGGTAATTTTACAAGCAGAAAGTGAAATTGCTGCAATCAATATGATATACGGTGCAGCCGGAACCGGTAAAAAAGTTATGACATCTTCCTCCTCTCCGGGTGTTAGTTTAATGCAAGAAGGTATTTCTTATATCGCATGTGCAGAACTTCCTTGTTTATTAGTTAATGTTGTAAGAGGCGGTCCGGGTCTTGGAACTATTCAACCTTCACAAGGTGATTATTTCCAATCAGTAAAAGGTGGCGGACACGGTGATTATAAAATGATAGTTCTTGCACCTTCAACTGTTCAAGAAATGGTAGATTTTGTAAAACTCGGTTTTGATTTAGCATTTAAGTGGAGAAATCCTGTTATGATGCTTACTGATGGTGCACTTGGTCAGATGATGGAAAAGGTCGAACTTTTTGAACAAGTTCAACGAAGCGATGCTGCGGATATAGAAAAATGGGCGACAATCGGCAAGAAGAAAAATCGTGAAAGAAATGTAATTACTTCACTTCACATCCAACCGGATAAGATGGAAGAAATAAACCTTCATCTTCAAGCTAAATATAAAAAAATCGAAGAGGAAGAAATTCGTTTTGAAGAATTTATGATGGAAGATGCAGAATATATAATTACCGCATATGGTTTAGTCGCGAGAATTTGTCAGAAAGCTGCTACGTTGGCTCGTGAAAAAGGGATTAAGGTTGGAGTATTTAGACCTCAGACTGTATCTCCATTCCCATATAAGCAGATTGCAAGTTATACAGATAGAGTGAAAGGAATCCTTGATGTTGAGATGAGTGCCGGTCAAATGGTAGAAGATGTTCGACTAGCTGTTAACGGTAAAGTGCCTGTTGAATTTCATGGAAGAATGGGTGGAATTGTTCCTTCACCGGAAGAAATATTAGAGAAAATTGAAGAAAAATTTGTAGGAGTTCCGGCATGAATGAGAAAAGAATGATTGAAGAAGAAAAACATTTTGAAGAAGTAATTGCCGAAGAAAGTGTCTGTATAAATGACAACCTTGTTTATGAAAAACCGGCTACACTTCTTGACACACCAATGCACTACTGTCCGGGATGTGGACACGGTGTTGCACACCGCTTAATTGCAGAGGTAATTGATGAACTCGGAATTCAAGAGGAAACAATTGGAGTTGCACCTGTCGGTTGTTCGGTTTTTGCTTATAATTATCTTGATATTGATATGTCCGAAGCTGCTCACGGCAGAGCCTCTGCTGTTGCAACCGGCATTAAAAGAGTACTTCCCGATAAATATGTTTTTTCGTATCAAGGCGATGGTGATCTAGCTGCAATTGGTACGGGCGAAACACTTCATACTTGTAATCGTGGAGAAAACATACTAATCATATTTATCAATAACGGTATTTATGGTATGACGGGTGGACAAATGGCACCCACAACATTGCCAGGCATGAAATCTACCACAACACCTTACGGACGTGATACAAAATTAATGGGAAATCCATTGAAGATTACAGAACTTATTGCACAACTTCCCGGGGTTTACTATTGTACTCGGACAGCGGTCAACAATCCTAAAAATGTTCGAAAAGCAAAAAAAGCTATAATGAACGGTTTCCAATATCAGAAAAGAGAAAAAGGACTTTCCTTTGTTGAAATAGTTTCGAACTGTCCTTCAAATTGGAAAATGACACCACTTGAATCCAATAAATGGATGGAAGATAATATGTTCTCATTCTATCAACTTGGTGATTTGAAAGTACCGGAAAAGGAGGATGAATAATGACTGAAGAAATAATTATATCCGGATTTGGAGGACAGGGTGTTCTATCAATGGGACAAATTCTCTGCTACTCCGGCGTTGTTGAAAATAAAGAAGTTAGTTGGATGCCTTCATATGGTCCGGAAATGCGTGGTGGAACGGCAAATTGTATTGCAATTATTAGTGATCAAAAAATCAGTTCACCCATTCTTACAAAATTTGATACGGTAATTGCACTTAATCAACCATCAATTGACAAATTCGAAAAAGCTGTTAAGCCTGGTGGATTAATGATATATGAAAGTAGTACAGCTCTACATCCGCCGACAAGATCAGATATTGATATTATACCGATAGAAGCTGCAAATGAAGCAACAAAACTGGAAAATCCAAAAGTTATGAATATGATAATCCTTGGTGCATTCCTTAAAAAGAAACCAATACTGGACTTTGATAATGTACTTGCGGGATTAAAGAAAGTACTTCCTGAAAGATATCATCATTTACTTCCTCTTAATGAAAAAGCTCTTAGAAGAGGTATGGAGATTGTAGAAGAAGTAACAGCGTAAATTATAATATTAATTTAGTAAAGAAGCCCGTCATGTCTTTTATGGCGGGCTTTTTTATTAACAAATAGATATTTGCAAGTAAATTTGATTGAAATATTTAGTGTTATTGTCTAATTTTGTATTCTATATTTTATTTAGATAAAGGAGAAAAATGGAAGATAATGTTGGAATTGTTGTCCAGGTGATTGGGCCGGTAGTTGACATTGACTTTGAAGAAGGTAAACTCCCAAAAATTTATAACTCTATCAGAATCCCACGAGAAGATGTTGAAGGTAATAAAGAGGAATTAATTGTTGAAGTTCAGCAACACCTTGGTGAAAATAGAGTAAGAACAGTTGCGATGGATTCTACCGATGGTCTTGTCCGTGGCATGAAAGGTTATGATACCGGTTCACCGATCTCAGTTCCAGTTGGTCCTCAAACTCTTGGCCGTTTAATTAATGTTCTTGGTAAAGGAATTGACAAATTAGGTGAGATCAAAACAGAAAAATCTTATCCAATTCATAGACATGCCCCGGCTTTCAAAAATCTTTCAACTGAACAAGAAATTTTTGAAACAGGTATTAAAGTTATTGATTTGATCGAGCCATATTCTAAAGGTGGTAAAACCGGTTTGTTCGGTGGTGCCGGTGTTGGTAAAACAGTTATCATTCAAGAACTTATTCATAATATTGCAAAAGAACATGGCGGATATTCCGTTTTTGCAGGTGTTGGTGAAAGAACACGTGAAGGAAATGATCTCTGGCTTGAAATGAAAGAGTCCGGAGTTCTTGATAAAACAGCGTTAGTATTCGGTCAGATGAATGAACCTCCCGGTGCTCGTCTTCGTGTAGGTTTGACCGGATTAACAATTGCAGAATACTTCCGTGATGAAGAGGGAAGAGACGTACTACTATTTATTGATAATATTTTCCGTTTTACTCAAGCGGGTTCTGAAGTATCCGCGTTGCTTGGCCGTATGCCTTCCGCGGTTGGTTATCAACCCAACCTTGCAACAGAAATGGGTGAACTCCAAGAAAGAATTACATCGACTGATAAAGGTTCTATTACTTCTATTCAGGCAATCTATGTTCCTGCCGATGACTTGACAGATCCGGCTCCGGCAACTACGTTCTCTCACTTGGATGCAACTACAGTTCTTAGTCGTCAAATATCCGAACTCGGTATTTATCCGGCTGTTGATCCGCTTGATTCTACATCAAGAATTCTTGAACCCGGAATTATCGGTAAAGAACATTATCAAGTTGCAACAATAGTGAAAGAAATTCTTCAGCAATATAAAGATCTGCAAGATATTATTAACATTCTTGGTATGGATGAATTATCAGAAGAAGATAAAGTTGTTGTTCGCAGAGCGAGAAGAATTCAAAGATTTTTGAGTCAACCTTTCCACGTTGCAGAACAGTTTACAGGTTTCCCCGGTAAATATGTTAAGCTTGAGGATACCATAAGAAGTTTCAAAGAGATTGTTGATGGCAAGCATGATGATTTACCAGAACAGGCTTTTATGTACTGCGGTACAATTGAAGAAGCTGTTGAAAAAGCTAAGAAGATGAAATAGGGAAGTAATGAAAGAACTTAATTTAGAAGTTATAACACCATCAAAAAAAGCTTATTCCGGTAAAATACAAAGTATTACATTACCCGGAACACTGGGTTCTTTCCAAGTTTTATTCAATCACGCACCTATTTTGAGTTCTTTGGAAATCGGTGAAATAAAAATTGTTGACTCATCTTCGAACGTTTCGCATTATGCTGTTGGTGGTGGAACCGTAGAAGTTTTGGATAACAATGTTTTAGTTCTAGCCGAAAGTTTTGAAGATCCTGCCGATATTGATGATAAAAGAGC
CP129490.1_gap46	1245131	1246338	1207	CGTTATTTCTTACGGCAGTTGAGTATTTTGACATATTTTGCATCAATTCTTCAAGAGATTTTCCTTCAGCTTCGGTTCCTTCAACTGCTTTATTTAAATTGTTAACATAACCGGCATGGTGTTTACCATGATGAATTTCCATTGTTCTCGCATCAACATGCGGTTCTAAAGCATCAAAAGCATATGGTAATGCTGGTAATTCGAATTTAGCCATTGTATCGTTACTCCTTACATTTTTATTATTGATTGTATTAATTTTTGTAAAACCACTAATATTGTTAAAAGACATTGCGGCTGATGCAAGTCCAAGTGAATAAATAAATTTTCTTCTATCCATTTTTTCCTCTAATTATTAATTCTAAACGCCGAATGATTCTCCGCAACCACAAGTCTTTGCCGCATTGGGATTATTAAAAACAAAACCCTTTCCATTTAAACCATCGCTAAAGTCTAACGTTGTGCCGGTCAGGTAAAATAAACTTTTACCGTCAACAAAAAGTTTAATGCCGTGCTGTTCAATTATTGTATCGCCATCTTTTTTAATTCCGTCAAAACCGAGTTGATAGGTTAAACCTGAACATCCACCGCCTTTGACTCCAACACGCAGTCCAAATTCTGAATCAATATTATTTTCTTCCATAACTTTTTGTATTTGTTTTGCGGCTTTTTCTGTAATTGTTATTTCTTGCATTAATGTTTTTTCACTCATAATTATACCTTTTCTTCAACTGTCTTTTCTTCTTCAACAATATTTGGTTTAAAAAAATTCACTTTCCACGAGTTTGATGTTAATTTAGAGAGATCACCTTTTCCCTCAAGATAAGTAGTGAATTTTTGCATTAACTCCTCTGCGACAGGATACGTAAGATGAATGTCTTTCTTTTCAAAATAATGTTTAATTGCATATTGCAGATCTCTAGAAAAAATATTTGAGTTGTAAAAAATTTTGTACTTTTCTTTCATGAAATTGAAAAACATTTCTTGATTTTTTTGAAGTTCCTCAAAGTGGTTCATTACTGTATTCCGATTTTAGTTTAGAATTTCTTTTAGTGTTGTCTGCTTAAAAAGATCAATTATTTTTTCTTGCATTTTACTTAGCGGACTTCTCAAACAGCAATTTGTTACTCTTCCGCAATCATGTTCTGTTGGATTCAAAACCATGCAATCAGTTAACTGAACTTTTTCATCCAGTGCTAAAATAACATCA
CP129490.1_gap47	1248021	1252464	4443	GCAATGTAGGGGATGATTTTTTTATTCAGATGAAAAATTAAATCGAAAGTTACAATGAGTAATAAGAAAACTGAAATTGCAATTTCCGGTAAAATAAAACCAATAGAATTTAATATATCCGCTGTCATTCTTTATCCAAATTATAAACCACTATTTGAAATATTAGCTGCACCATTAATCATAAATTCAACGAGAGTATTCACAGATGTATTCATTATATCCAACATTGCCGAAGGATATATACCAAGGAATATTATGATTATAGTTAGAGGAATAAACATAATATATTCTCTAGAATCTAAGTCGGTTAACTGTGCCCATTTCTCATTTAATTTCCCGAAGAAAATTCTTTGGAATGTCCACAGCATATAACCCGCACCTAATAATATTCCGAGAGTAGAAATTATTGCTAATATTCTGATACTACTTTCTCCGAATGCTCCGACAAATACGAGTGCTTCAGAGATAAATCCGCTTAAACTTGGTAATCCGATTGCGGCAAAAAATGCAACAGTAACAAATCCTGTATAAACCGGCATTTGATTAGCTAGTCCGCCAAAATCATTTATTCCCCTTGTATGTGCTCTATCATAAACAACACCTACAATTAAGAATAGCATTGCTGTTATTGTTCCGTGATTGAACATTTGGAATATCGCACCATTAATTCCTGTCGTTGAAAGTGAAGCCATTCCGAGAAGAACATAACCCATGTGGGAGATAGAAGAATAAGCTATCAATTTCTTGAAGTCTTTTTGAGCTAAAGCAACTAGAGCACCGTAGATAATATTTACCATTCCGAACAGAGCAATGTACCACATCAGATCACGAGTAATATCCGGGAAGATTGGATAACTAATTCTTAGAATACCATAAGTACCCATCTTCAAGAGAACACCGGCAAGAATAACTGAGATTGGTGTCGGTGCTTCAACGTGTGCATCCGGTAACCATGTGTGAAACGGGAACATTGGAATCTTTATAGCGAAGCCGACAAATAATGCAATGTATGCTATTAATCTAAGATTATGCGGATTGAAAGGAGAAAGTATTCCATCTGCGTTATAATTTGCCTGATCCATCAAAGCAAGTATATTAAAAGTGAAAACTCTATCACCGCCGTTGATAACTTCGGTAGCCGAGAAGTAAAGTCCGATCATTACTAAAAGAATAAAAATAGATCCGAATAAAGTATAGATGAAAAACTTAATTGCAGCATATTCTTTTCTTGGTCCACCCCAAATACCGATCAAGAAATACATCGGTAATAACATTAATTCCCAAAATACGTAGAATAAGAATAAATCTAACGCAACGAAAACACCCATCATACCGGTATCTAAAAGCAAGAAGAGTGCAAAATAACCTTTTATTGATTTATTGATATTCCAAGAAGAAATGGTCGCAATAAAACTAACCAGAGCCGTTAAAAGTACCATCGGCATACTTAAGCCGTCAATACCTAGGAAGTAATCTACTTTAACAGTTCCTAACCAAGATAGTCCGGTAATTTCGATCCATCTAAATTTTTCGATGAACTGAAAACTCTCTTCTTGAAATACACCGGCTGCCGAATAATCATAATTACCTAAAAGTATTACTGCAAGTACAACTTGAAGCCCTGTTGCAGCTAAAGCTGTGTACTTTACCCAAAGAGTTTTTTCTTTTGGTAAAGCAAGGATTATGATCATCCCTATTACCGGTAAGAATGTTATCAACGATAAAATTGGGAATCCAATCATGATTTTATAAATACCTATTTTTATTAATTTCTTTTAGAACGGTCTAAATAACAATAATAGAATTAAGACCGCGAATACTACAAAAACTACATATGTCTGAACTTTTCCTGTTTGTAATCTGCGGAATGTTAATCCCACAAATCCGCTGAACAAAGCAGTAAAGTTAACAAATCCATCTACTACGAAAGTATCAAACCAACCACTGATACGTGATATAAATCTTGTTGCTGAAGCACTTGCATTTACTATTCCGTCGACTATATAATAGTCAAACCAGGATAATAATCCGGCGCCTTTTAACGTTCCTCCAATAAATGTAGCATGATAAAATTCATCAACGTACCATTTATTAAGCGAAAATTTATATAGTGAATTTAGTTTTGTCGCTAATTTATCCGTATCGACTTTTTTCCATTGATAGAAGGTAAATGCCATCAAAATACCTAATCCGGCTAAAACCAAAGAGAGAATCATTGCCGGATAGTGTGCGTGATGCATTGCTTCTGTATATTGAACCGAATGAGTAATCCCAGCTTCCTGTGCTAAACCGGCTTCATGTGAATTCATACCTGATTGCATAAAATCAAAACTTGCTGAAGCAGGAACGACAGTCTGTGGTGTTTGTACCCAGTCACTTAAAAACCAACCGGCATCGGAGGAAAGTGGATTAGGCGTATAAAAAATAAAAATAGAAAGTAAACTAAGTACTGCAAGCGGGGCTGTCATTACCCATTTACTTTCATGCACGTGATCATATTTTTCTTTATTCCTGGGTTCACCATGGAAGGTAATGATTACCAATCTAAACATGTAGAAAGCAGTCATTGCAGCGACTGTGAATCCAATTATTGGTAATAGCCAATGTCCTGTTAAATTACCGAATGCAAGTGTTCCTGCTAGAATTCCATCTTTACTTAAAAAACCTGAAAATAATGGAACACCGGAAATTGCAAGAGTGGAAATTAGAAAAGTATAATAAGTCAAAGGCATTTTCTTTCTTAAACCACCCATATGGCGAATATCTTGTTCATGATGCATAGCATGAATTACAGAACCGGAACCAAGGAATAAGCATGCTTTAAAGAATGCGTGAGTGACTAAATGAAAGAATGCGAACGCATAAGCGCCAACACCTATTGCAAGAACCATATAACCAAGCTGACTTACAGTAGAATAAGCTAAAACCTTTTTGATATCATTTTGTGTTAATGCGATTGTTGCTGCAACAAATGCAGTTACTCCACCGACGACAGCAATAACTAACATTGCATCTGCAGTAAGCATTACAAAAATCTTAACAATAAGATAAACACCGGCGGCAACCATTGTGGCAGCATGGATTAAAGCACTAACCGGAGTCGGGCCTTCCATAGCATCAGGCAACCAAACATGCAATGGAAATTGAGCTGATTTTCCTATGGCTCCCATAAAAATTAAAATGCCGGCCGCAGTTAAGATAGTAGTACTATCAAATGGAAGATTACCAAGTGAAATTTGTTCAAATATTTCGGAGAATTTGAATGTTTCGTAACTGGTGAATAAAATCAGAATTCCGATGAACATTCCAATATCACCAACACGGTTGACAAGGAAAGCTTTTTTACCAGCATCCGCTGCAGAATCTTTCTCAAACCAAAAACCAATTAATAAGTATGAAGAAAGTCCAACGAGTTCCCAAAATATATACATCATTAAAATGTTATCGGTGAGGACAATTCCCAACATCGAAAATGTAAAAATTCCTAAATAAGCGAAGTATCTTGTATATCTTATATCGCCATGCATGTATTCAATTGAGTATAGGTGTACTAAGGCGCTGATAAGATTTACAACAATTAACATCAGTGCTGTGATGTTTGTTATTTCTATACCGAGGTCGATTGAAAGGGGACCGATATTAGCAACTTCACCAAAATCAATCCATGTAAATGAAAAACCGATTGTCTCTCCGGAATAAGAAGATAACATTGAATATGCAACAGCAATTGAAAGAGCTAAGGTTGCAAATAAAATCCCGGTACCGAGTAAATATAATTTCGGAAACTTCTTGCCGAAAAAGATAAGTATGATAAAACTTATCAAAGGAAGTAATAAAATTGCGATCGAGCTATTTATAATTGAAATTTCCGACATACTTTATTCTTTTAGATTATTGATTTCGTCAACGTTTACGTTTGTAAATGTCTTATATAAATTGAGAACTATTGCCAATGCAATTGCGGCTTCCGCTGCGGCAAGGATAATTACGAATAGCGCCATTACTTGTCCGCCTAAACCAAAATTTCCGTACTTAGCAAATGCAACAAAATTAATATTTGCCGCATTTAGGATTAGCTCAATGCCCATTAAGACCATAACGGCATTTTTTCTAGTAACAACACCGTAAATTCCCAACGAGAATAAAATCGAACTAATGACAAGGAAATGATTTAATCCAACTTCTATCAATTAAAAACTCCTAGTTATTCTGTATCTCTTCTTGCAATTGATGCAGCACCTATAAGTGCAATTAACAATAAGATTGCAAGCAGTTCAAAAACTAATACGTAATCCACCAGTAAAATTCTTCCTAAGCCGTACATGGTTGATATGGGTAATTCAGCTGGCTCAGATTTCCAATTAGTTCTTAACATCATAGAAACGATGACTCCCATAAAAAGTCCGGTCCCGACTACAGCGGGAATTATATGAACAGTTCCGG
CP129490.1_gap48	1254024	1257785	3761	CGGCTACAACAAGTGATGAAATTGCAACAATGAAGAATATTCCTACTTCTGCTCCGGTGCCAATATACATACCGGAAAAAGGAATTGCTGCAAAGGCAGCATAACTACCGGCAAATGTTAAATATGGTGCTAGATTAAAAAACTTTTTGTCAGTGTCCGAAGCCGTGATATCTTCTTTTTGAATGAGTTTTAAAATATCTGCAATAGTTTGTAATACACCATAGGGACCTGTTCTCATTGGTCCGAGACGGTCTTGCATAAATCCGGAGACTTTTCTTTCAAGATAAACTGCAAAAAGAGCAAAGGGGAGAATAAAAACGAACAGTGGTAATGCCCCGCCAATAATATAGGCAATAACATCATTGCCAAAGATATTTTTTAATAGTTCATACATTATCGATCGACCTCACCAAGAACTATATCAATGCTTCCAAGAACCGCAACCACATCCGAAACCAAATGACCTTTGCAGAGTTCTCCCATTAATTCTAAACTGACAAAAGAGGGTCCTCTGACTTTTACGCGGAAAGGATTTAATGAACCATCACTTATAATAAAATATCCTAATTCACCTCTGGGGTTTTCAACTCTTGTATAAATTGTTCCTTTTGGCGGTTTAATTCTTTTAGGAATTGCAGAAGTGACGTCTCCTTCGGGTAACTGGTCTAATGCTTGTTCAATTATTCTTATACTTTGTTCCATCTCAAGAACGCGGACATAATATCTGTCCCAGCAATCACCAACAGTGCCATGAGTACCTTTACCGACCGGAATATCAAAGTCGAATCTATCATATATTGAATATGGGTCTTCTCTTCTTAAATCGAATGCTAAACCACTGGCTCGTAAGTTTGGACCAGTCATTCCATAATTGATTGCCGTATCGAGTGGCAGAATTCCGACATTAGCAGTTCTTTCAATAAAAATTTTATTGTAACTAAGTAAGTTATTTAATTCTTTTATGTTCGGCTTAAAGTATTGTAGAAAGTCTCTAGTCAATCTCACAAAGTCGGGATGCAGGTCATGAGATAAGCCGCCGACCCAAATGTAATTGTAAAGTAAACGAGCTCCGCAAGTCATTTCAAACAAACTAAGTATTCTTTCTCTATCTCTAAAGGTATATAAGAACGGTGTGAATGCACCGATATCAAGACCGTAAGTACCAACCGCAACCAGGTGAGAAGCAATTCTTTGAAGTTCTCCCATTATCACTCTAATATACTCGACGCGTTCGGGGACTTCAATTCCTAATAATCTTTCAACTGCAACTGCATAACCAAAATTATTATACATCGATGAAAGATAATCCATTCTATCGGTATAGGGAACAACTTGAGGATATGTCATTGCTTCACAATGTTTTTCGAAGCATCTGTGCAAATACCCAACGTGAGGTTTGACATCGACGATAACTTCGCCATTAAGTATTAACTCGAGTCTCAACACACCGTGAGTAGAAGGGTGCTGAGGACCCATATTTAATATCATTTCTTCAGTTTTAAGAGGCATAAGTAACTAGATGTGAGTATTGAGATCTGAGTACTGAGATCGTATACTCACGAATTCCTTTATTTAGCTAAACTGTTTTTAAATCCATAAATCATTTTTTGTACTTCATCCAACTTTTTTATAATCTTATTAAAAACCAAATCATCGATATAATTTAATTCATGCGCTATTATAAGATGAGTTTCTAACTCAAATGATGAACCATTCGCAATATCTAAAAACCGTATTAAATCTTTATTCGAATTTCGTCCGCATCCTTCTGCAATATTTGAAGGGACGGACACTGAAGCTCTTCTAATTTGATCAGTAAGTCCGAAAATTTCTGTTTGAGGAAAATTCTCGGTGACTTTGTAAATATCAATAACGAGATTCTTGGAGTATTGCCATACTTTCAACTCTTTGAATTTATGCATTCTTGATATCTCTCATTTTGTAAATGAACAAGCTTCATTCTCACATCTCAAATCTCTGATCTCATATCTACTACTAATACGGAACCTTCATACCTTTATAAAACTCAGGATTTTTGTAATCTTTTCTAAGTGGATAACCTGCATCCCAATCATACGGCATAAGAATTCTTTGTAAATTCGGATGGTTGAGGAATATTATCCCAAACATATCATAAGCTTCGCGTTCATGCCAATCAGCGGTTTTCCAAACTCCTTCAACTGATTCAACTTCCGGACTTTCTCTTTCAGTTGATACTTTGAGGGTGATTTTATGCTTCAAAGAAGTTGAATGTAAATGATAGTAAACACTTAGTGTTCCGCCCTTAATTGATTCCGATTCATCTGCTTCTTTTATTTTTTCACCATTAGCATCATCAACGCCTGAGAGACACATTAAGCTATCAAATAATAGTTCTTCATTATCTCTCAAGAACACGCCAATTTTATCAATTTCTTTAGGTGGAACGGAAATTATGGGTTCGGTTGGAGTTTCTGAATCCATCTCTATTGGGAGATCAGGGAAGTTACTCTTTAGTAATTCTAAAATTTCGTCAGCTTTTTTCATGCAGATTTTTTGCTTAAAGATTCGGTCCTAATTTTTTCTTGTAATTTTAATAATCCTTCTAGTAAAGCTTCGGGACGAGGAGGACAACCGGGCACGTAAACATCTACCGGAATTACTCTATCAACTCCTTTTAACACATGATAGCCGTGCTCCCAATATGGTCCGCCGCAATTAGAACAGCTTCCCATAGAAATAATATATTTAGGATCAGGCATTTGTTCATACAAACGCTTGATTCTTAAAGCCATTTTTAAAGTTACTGTACCTGAAATAATAATGATATCACTTTGACGCGGGGAAGGGCGGGGAATTACACCAAATCTGTCAAAATCATAATGAGAAGCAGATGTTGCCATCATTTCAATTGCGCAGCAAGCTAAACCGAATCCAAGTTGCCACAAAGATGAAAGACGAGCCCAATTTAACAAGTCTTCTGCTTTAGTAATTACAATATTGCTATCTGAAAATTCTTGATCTAGTAAACCCATATTTAGCTTATTACTTTCTTTACTTGTTCTTCTGCTTGTTGTTTTTTGTTTGATAATATTTTGGAAAGTTCAGGAATGTTAGGTTTTGAGCGGTCCCAGTTCAAGTCACCTTTCCGCCACTCATAAGCCATTCCGAGGGTAAGGATTAATAAGAATATTATTCCAACCCAGAAACCAAAAAATCCAAATTCTTTATAGACTAATGCCCAGGGGAACAAAAGCACAACTTCAACATCGAATATCAAAAAGATTAATGCCACAACATAAAATCTAATATTGAATTTTACCCAAGGTGAACCTTCGATGTTTTCACCACATTCATAAATAAGAAGCTTTTCTTTTGTAGGTCGGGCAGGTCTAATCAATTTTGCGGCAAAAAGTGCAATTCCAACGAATCCAACCGCGAGCAAAATGAAGATGAATATTTTTCCGAATTCTGTGAGCATATATTAATAAATTTTGATGTTGAAAATAGTATAACCATGTTCTAATGTCAAGATATCTAAGATATTATAAATTAAGGCATTATGTCTTTTTATCGAATTTTTCTATAATACAAAAAATAATTAGTTTTGACTCAATTATAATCAATATGAGGTAGTAATGTTAGTGAGAAAAAATCGATTTATTATGTTCTTATTTCTAGTTTCAATTCTTTTTGCCGAAGATTCAAAATTTACCTTAAGTATTGACAGCTTTCTTACATTTGGACCTATTAAAGTTACGTTAACATCCGGTGAAGAAAAA
CP129490.1_gap49	1274726	1276653	1927	GAGTTGAAAGAATTATAAGACGTATTAAGAGAAATGTGAATTATAAAAATCCCGCTTTTTAGCGGGATTTTTTTTACACAATTCTGACATTGCAGTGTCTTCACTTTTTCTTATACTTGCGATGAAATTAAATGAAAGTATAAAATGAAATCTATTACAACGATCCTCTTAATTTTTATATCACTATTTCTTCTATCTTGCAATAATAATTCGGTCGAAACTGATCCAATTGAGACATACGAACGTGGAGAGATAGTTGAAATCATTTCTGAAAAAGAAGTCAGTTTAGAAGAATTAGAAAATTTGATATCCACATTTGCCGGCTCAAATGACTTTGATATTGAATTAAAAAATGACATTAAGTATTACTCTGTTTTATATAGAACTATAGATCATACTGGCAATCCAACCGATGCTTCCGGATTATTTGTTATTCCTTCTAGCGGCAATTTTTTCCCGCTGATAAGTCTTCATCATGGTACACAATCAAAAAAGAATAACGTAGGATCTATAAACCCGCTTTCAAGTTTTGATGCATTACTATCCGGTGCACTTGGATACGTGGCTGTCTCTGCCGATATGCTTGGACTTGGATACTCTAACTTAGTTCATCCTTACCACATTGCTGATGTAAATGCCAACACGGTTATTGATTTTATTCGAGCTGTGAAGAAATTTGCAAATGAAAAATCGATTGCCTTAAATGGTGATCTATTTTTGGGTGGTTATTCACAGGGTGGTTACACAACAATGGCGGTTCATAAAAAAATGCAAACGGAATTATTCAATGAATTTAACGTTACTGCTTCGGCACCGATGGCCGGTGCACATGATTTGATGGGTACCGCTCAATATATTGTGTCGAATGATAATTATGATAAGCCGTCATTCCTCGCATTTTTAACGTATGCGTATTCTACTGTTTATGGTTGGAATAATCTTTCAGAATTTTTCCAAGCTACTTATCACCTTACAATTCCGGATTTATTCAACGGATCACTTACAACAGATGAAATAGATGATCATTTACCGGGTAAACTTTCGGAATTGTTTACTCCTAGTTTATTGGATGCAATTAAAAATGGTACTGAAAGTTTAATGACAACTGCCTTGATTAACAATAGTCTGTTGAATTGGGGACCTCAAGCACCGGTGTTAATTGTTCATGGAAATGCAGATACTTTTGTACCCTATCAAAACGCAATCACTGCTAAAGAAAATTGGGAAGCAAACGGTGCAACAAATGTTCAACTAATTACAATTGATGGCGGTAATCATTATTCATCGGTATTACCCGCAATTATGCATGCTATTAATTTTTTCGAAAATTATAGGAGCGATTTAAGAATAGCTATCAATTACTAGCGATTATTTTGACTTCACCGGAATGACAAGTACCGGAATTTTACTTGTGCGAATAACTCCTTCAATAACAGAACCCATCAATAAATTGTACATCGCGCCATGTCCATGACTTCCCATTATTATAATGCTTGCGTTAAATTTTTTACTTTCTTTTATAATCTCATCGACCGTAACTCCCTGAACAAGTAATGGTGTGGTTTTTATTCCTTCCTTTTCAATGTTTCCGGCTAACTTTTGAATTTTCTTATGCTGATCTCGCAATCTTTTTGCTTTTTGATCTCTCAAAACTTGGGGGCCGACTTCATCACCAATAAATTCCGGTTCAGGAGCTGCAACATGCAGCAATCTTATTTCACCACCTAAAGATTTTGCATATTTTATTGCTTGTTCAATTATTTTTTTTGTTGCATCGGAAAAATCAATTGGGACTAATATCCGTCTCATTTCATCCTCCTTTTTGATACAATCTAATCAGATAATTTTGTTGAAGCAAGGGGATTATCGAGCCGATAAAGATGTTTGTAAACCAAATTACTTTATTATAAGGACTCTCATGCTTAAG
CP129490.1_gap50	1277786	1282729	4943	ATTTTTTCTTCGGTATCAACAATTTCTATGACTAAAGGTAAGTCTTCGGAAAGTCTTAATACTTTTGCGGTATGTATTCTGCTATTGCTCCCAAAACCCATTATCCCTTTATAAACAGTTGCTCCGGCGAGATTAATTTTTCGGGCTTCGACAACAATCTTTTCATATAAGGAGACATGACCATGCTTATCGGTTTCACCGACAAAAATTCTTAATAATTTTGCTTTGCTATTTGTTTTCATTTTTATCTCACAATTATGTAAGCTAAATAAATTCCAAGAATTGTTGTTACAACATTTAGCATAATATTTAATGAAGCGAGAAAAAACTGTGCGTCTTTTAGTAGATAAAAAGTTTCATAAGAGAAAGTTGAGAATGTTGTCAATCCTCCGCAGAACCCTATACCCAGGAATAACTTTAATTTCTCGTTAATCAATCCTTTTTCGTCTAAACCAAAGATCATAAATCCTAGCAATAAACTTCCGACCAAGTTTACTATCAATGTTCCAAACGGATAATAAATCGGAAGATTATGAGATGTATAGTCCGAAATTAAATATCGAAGTGCACCTCCCAAACCGGCACCGAAAAAAACAATTAGAATATTCATAATCTACCGGAATTTTTACAACTTTTTTATAAAAGATGAGTCTAAATTTATGTTAATGTAACCATTTAAGTAATTCGATAGTCAAAATAATAAATAAAATAGAGGGTAAAAATGAAATTATTTTTAAGAAATTTAACAATCTTTCTTTTTGTGCTGTTACTTTCAAGCGTCTCCTTCTCTCAAAGTTTAAGAACCATCCATGAAAAATCTTTTGATGTGAGTTCCGGTGAGCTTCTGGAAATTCAATCAGATGTTGGTGATATAAGAATCAAGACATGGGATGAAAATACCGTTCACATAAAAGTTTATGGTAATAGAAAAGCCGAGGAAGATGTAGATTTTCATTTTGAAAAAACTTCAAAAGGTGTTCTAGTCGATGCTGAAAAAGACGGTAGTTGGAATTGGTTTAGTGGAGTGAAAGTGAAATACGAAATTAATGTTCCGAAAACTTTTAATTTGGATTTGAGAACCGGTGGAGGTGATGTTATAGTGCTTGATTTGTATGGAGAAATAGAAGCTAAAACATCCGGAGGTGATATCGATTTTGAAAATATTGACGGTGAAATTTCCGCAACCACATCGGGTGGAGACGTAAAAATAATTAATGCTGTTGGTAATGTTAGATCTTCAACATCCGGAGGCGATATTGATATTAAATCTAAGGATGGAAAAGTTTCCGCTTCAACTTCAGGTGGTGATGTCACACTCGAGTATTACGGTGAAAATTATGGTATCGATCTCGGAACCAGCGGTGGGGATATTACGGTCTTAATTCCGGACAACTTAAAAGCTGATGTAAACTTAAAAACCAGTGGCGGTGATATTGAATGTGATGTAGAAGCTAGAGTAAAAGAAGTCACCAGAAGCAAATTCCTCGGTATTATGAATGGCGGTGGGACGGATTTAACTTGTAAAACTTCAGGTGGTGACATCACTGTAAGAACATTCTAATGTAATTTAGCGAATTTTCGAATTTGACGAATTGTCGAAAATAAAATTGAAGATGGCTACAATTTATTTAGTAGTCATCTTTTTTTTTGAAAATAACCCATTCAAACAAAAATTGAAATAATTCTATAGCAGTTAATCTCCAAATCCATTAATCCATTAATTCCTTCCGTATTGGAAAAGAAGCGATTTTTGGGTACTTTTATTACTTAATATTTATCCAAATTGGAGGATAATTTGAGTATGGATTGGGAAAAATATTTAGATAGAACAATAAACGTAACCATGAATGAAAATTACGGGGTTGTTTACGGTGAAAAAAAAGAACAATCAAATTTTTACGAAATAGTTTTTAAAACCGGTAAACTTCGCGAAGTTTTTGAAGACGGACTTTTGATTGAATCCGTTCGTGATAAAAACATGGTAATGGTTTTTATTCCATATTCATCTATTAAATGTGTTGAAATATTCTAAAAATATGAAAAAAATTATAGTCTTTTTTTTAATTTCAATTCCCATTTTTTCTCAACAAGTTGAGATAAAAAGCCTTCAAGTTTATTCTTCAAATAATAATGAACTTCCTATTCTGATAGGGAAAGAAAAACTCAATATCAAGTTTGATATTGCTTCGGATTATGAACCAAATTTATTAATCCGTTTTGCGTTTTGTGATAAAGATTGGAAACCTTACGATAATAACTTTTTACAAAATCAAAGTTATAATACGGAATATAACCTCTGGTTCGAACAAATCCCAAACCAAAGTAGTAATGTTCGATATCATTACAAAGGTCAATTTCCAAATGTCGATGTAACATTCCCGTTTTCTGGTAAATGGAAATTTTTTGTTACCGATTCAAATAATCCCGACATAATTTTTTCCGAGGGAAAGTTTTATGTAATAGAACCTCAAGTGAATGTTTATTCCAAATTAGATACTTACCGATTAAACAGCAGTCAAGAACGAACCAATGAACTTCAAAGAACATTAGAACTAAAAGTGGATTTCGTATTGCAAGATTCAATGTATGCAATGGACTTAAGTCATGTTGAAGTTATAGAAAACAAGAAAGTTGATTACCCGATCATTATTAGTAAAACTGCCCGTCGTGGATTAAGATATTATGAAACCAACGGTGCTCGTGATTTTACTTTTGTTGCGCTGGATATAAGACCGGGTAACGAATATCGACAAGTTGATCTAAATGATAGAAACCGATATCAACCTCCAATCACAACAGCACACTACGACGGTTTTGATTATAATCGATTTCAACAATTTGGCTATCCCGATTTAAACGGTGGATTTGAACTTGTTCCGTTTAATGATAGTTACGCGGACTATATGATGGTCGAGTTTGAATATTCACCGGGTGGATTTATTGAAAAAGATATATTTCTTGTTGGAGCATTCAACAATTGGGAAGTACTTCCGCAATATAAACTTTCACAGGACGGTAATATTTATAAAGTTACAACGGACCTAAAACGTGGAATTTATGATTATCAATATGTAACCGGGTATGATAATGGCAATGTTATAGATGATTTAGACTGGTACGAACTTGAGGGCAATTTCTGGGAAACAACAAACGAGTATTACATTTTTGTTTATTATAAATCACTTAATTATGGTGGATACGATCAGATAATTGGTTACACAAGAATAAAAAGCGGAAGATATTAATGAGTAAATTGAAAGTCGGAGTCATCGGAACCGGGCATCTCGGAAAGATTCACACAAAATTATTTAAAGATGTAGAAAACACAGAATTAATCGGAATTTACGATATCGATGAATCAAAAGCATCACAAGCAGCAAAAGAATTTAACACTAAGTCTTTCTCGAAACTAGATGATTTATTAAATGAAGTCGATGGTGTTTCCATTGTAGCCACGACAAGTGCACATTATGAGTTGGCGAAAAAAGCCTTCGAGAAAAATGTTCATGTGCTTGTTGAAAAACCTATTACAGCGACAATAGAACAAGCAGAAGAATTAGTAAAAATCGCGGATGAGAAAAATCTTATTTTACAAGTCGGACATATTGAAAGATTTAATCCCGCACTCCTGTCTTTGGAAAAATATGACCTCAATCCAAAATTCATTCAAACTGATCGGCTTGCACAATTTAATCCGCGCGGAACCGACGTCGCCGTTGTTCTTGATTTAATGATCCATGATATCGATATAATTTTAAGTTTAGTTAGGAGTGATGTAAAAGAAATTAAGGCAAGCGGTGTAGCAGTTGTATCCGATAATATTGACATAGCAAATGCAAGATTAGAATTCGTAAACGGAGCTGTTGCAAATGTGACAGCTAGTAGAATATCACAAAAGAAAATGCGCAAGATGCGTATGTTCCAGCAAAGCGGATACATTGCCTTGGATTTTATTACAGGTGTAGCAGAAGTTTATAGATTGATAAATCAAAAAGAAATGGATGAAAATCATTTCTTATCATTTGGCGAAATGGGAGTTGGTGATAAAAAGAAATTTGTCGTTTATGAACAACCGGAAATAATACAAGTTAATGCACTGAAACATGAACTTGAACTTTTTGTAAATGCGATTACCACAAAAACAAAACCTGTTGTCAGCGGAAGTGATGGTTTGAAAGCTCTAAAAGTTGCCGACGAAATTATCAAGAAAATTGAGGAGTCAAGAATATTATGAAGCTAAATCGCAATCTGATTATTGTTTCATTCATAACTTTATTTATTGTCTCATGCGGAGTTTATGAAACCGTTACAAATTTAACCCGGCTAAAATTCAAAGTAGATTCTTACAACAATTTTAGAGTTGCTAATGTTGCTTTGGAAGGGAAAGAGGATCTCGATGATTTTGCAGCGATGGATTATGTTAAATTAACCGGAGCATTTATAAAAGGGGAACTTCCATTTAGTTTTATAATTAATGTCGAAGCTAATAACCCTAATGATCGAAGCGGTGGATTCCCGGCAACGAATATTACTCTCGAATCTTTCCCATTTCGAGTTCAATTGGATGACAAGCAAGTTCTTTCAGGGAATATTGAAAATCCTCTTGTTGTCCCCGGTGTTGGTGAGAATAGAATTATCCCAATCGCTGTTGAAGTTGATCTTATAAAGTTTTTTAAGGACAAAAGTTTTGAAGAACTCGCAAATTTTGTTTTAGCGATTGGCGGCAAAGACGGGTCAAGATCACGAATATCACTTTTTGCAAAACCGGTACTCGGAACTCCGGTTGGAAAGATTGAGTATCCGGATGAAATAAAAATTAGTCACGAGTTTAATTAGGAAAATATAAAATGGGCACGCAACGTTATGCAATTGGGGTTGATCTTGGGGGAACTTCTATAAAATTTGGATTAGTTAACGAGCTAGGAAAAATTAAAAACAAATTT
CP129490.1_gap51	1284862	1289685	4823	TATTCAACTTCACGAGATCAAAGTTGGTATGAGATGATAGGAATAAATTATTCCGGGCAACTTAAGAATCAACGCAACAAAGTTGACGGGCAATTAAATATCAGAGCCGGCGTTCAACATAATGCATCGGTAAAAGCTTCACCAAAGGTTGGATATTTTAGTTTTACTCCATCGATTAATTATTCTGAAAAGTGGTATAACAAAAAGATTGAAAGAGTATTAGTCCCCGAGTTTGAAACAGATTCAACAGGCAATGTTGTCGATACAAATTATGTTGAACAGGAAAGAGATATTAAACAAATAAATGCTGTTAGAACATTCGATGTTTCACTTTCGACACAAACAAAAATTTATGGCATGTTTAACATCGGCACTTTTGGTATTGAAGCGCTTAGACACACAATTACACCAACTTTATCCTTCAACTATCGTCCGGATTTTAGCGAAGAGAAGTACGGTTATTTTAACGAATTTGTCGATGTTAATGGCAATATTGTTAGATATGATCAATACGCGCGAGAAGTATTTGGCGGTGCTGGTTCGGGTGAACAAAAATCTTTAAACCTTTCGATCGGTAATCTTTTCGAGATCAAGACATTAAAGAATCCAACCGACACAACCTCAAAACAAGAAAAGATTCAGTTGTTAAATTTAACAGCAAATGTTGGTTATAATTTGGCTGCGGATAGTCTTAAGCTTTCTCCATTGAGATTAAGTTATAGAACACAAATTGGTGAGTATCTTAACTTCAGCGGTTCATCTTCTTATACATTTTATGATTTCCGTAACGGCAAACAAATAAATGAATTCTTAGTTAACAAAGGAAAAGGTCTTTTTAGAATGACGGGTTTAAATCTCTCGATTTCTACAAACATAAGCGGCGATAAAATATCCGGTGAATCTAGACAAAGTGGATTTGGTGTTGAAGAAGAAAGTGATTACTCGGCATTTAATAAAACGGATTATATTGGTTTATATGATGAAGTCCCTTCTGATTTTTCAATTCCTTGGAATCTTAATCTTAATTACAATTTCAGTCTCAATAAGCCGACACCCGATGCATCAACCATTCGTTCGACAATTGGTGCCAGTTTGAGCTTAAGTTTGTCACAAGCTTGGAAGCTTACTTTTAGAGGTAATTATGATTTCCAAGAACATGAAGTCACTGCTCCGCAGATAACTATCTATCGTGATCTAGATTGTTGGGAAATGAATTTTACATGGAATCCTATAGGAACTTACAGTGGATTCAGATTTGAAATTAGAATGAAAGCTCCGGAACTAAGAGATATAAAAGTTACTAAGAGCAGAGATATTTTCTCGGGTAGATAATGCAACATTACATTTTGGACGGAAATAATATTATCGGGAAAGATCGAGAACTAAAACAACTTCAACAAATTGAACCGCAGCTTTCGCGTGAAAAACTAATTCCGCTTATTGATCGATACTTTGCAAAAAAGAAAGTAAAAGTTTCACTTCATTTCGATGGGTTTCAAAAAGATATTGTAAAATCATCCAAAGCGAAAATCATTTACTCGGATAATAAAACAGCGGATGAAAAAATTCGAGATCAAATCGAAAGCTCAAAGAATTCTAAAAAATTAGTTGTTGTCACATCGGATCGACCACTTTCGGAGTTTGCTAAAGTCTGCAGTTGCACAGTTATAAAATCCGAAGAATTTCTTAACCAAATTAGTAACGAGAAAACTGGTAGAAGTGAATCAGAGATCCAAGAAGAAATTCACGACGATGAAATAAAAAAATTGTTCGGTGTATGAGCATTTTTGATTGTTTAATTGTCTAATTGTTACATCGTTTTTGATAAGTTTATTCCAGCCATGTGACAATTAAACCATGCAGCCATTTAATAAAACCTTCCTATTATAATATTCAGACAAAATATCTATGTTTAGTATATTTGTGCATGTGAATAATTTGAGATTCCTATGAACAATAAAAAAATAGTAATTATTGGTGGTGGATTTGGTGGAATAACTCTGGCAAAGAAATTAAAAAACACCGATTACCAAATAAAAATAATCGACAAATCTAATCATCATCTTTTTCAACCATTGCTTTACCAAGTGGCTGCAGCAGCACTTTCACCTGGTGATATTGCAGTCCCCATTAGATCGGAATTTTCCAACAGTAAAAACGTAGAAGTGATACTTGGTGAAGTAATAAATATTGACCGAGCTAAAAAGAAAGTTATCACTAAAGATGATCAATACGAATATGATTTCTTAGTTGTTGCAATTGGAAATAAACATTCATACTTCGGAAACGATCAGTGGGAAAATTATGCGCCCGGTCTTAAAACAATTTCAGATGCATTAAATATTCGGGAAAGAATGTTGTTAGCTTTTGAGAAAGCTGAATTAGCTAAAACCGAAAATGAAAAACGAAAGGAAATGACTTTCGTTATAGTAGGCGGCGGACCCACCGGAGTTGAAGTTGCCGGCGCCATTGCTGAAATTTCAAAAGAAACTCTTCTAAAAGATTTTAGAAATATAAATACTGCCGATACAAAAATTATTCTTGTTGAAGGTGCAGATAAAATACTACAAACGTTTGATCAACCATTAAATGATAAAGCAAAACAAACTTTAGAAAAACTGGGTGTGGAAGTTCGACTTAATTCATTTGTTAAAGAGATTAATGAAAATGGTGTTCTTGTCGGAAGTGAATTTATTGAAGCATCCAATGTAATTTGGGCAGCCGGCAATAAAGTTTCTCCGATTCTTGAAAATCTGGAAACAGAGTTGGATAAAAGCGGTAGAGTAATAGTTGATCAGGATTGCTCGTTAAAAGATGATCCGAATATTTTCGTTATTGGTGATGCGGCTTTGTTCATTGAAAATGGAAAGCCACTTCCCGGAGTTGCACCTGTAGCGATGCAGCAAGGGAGATATGTAGCTAAAATTTTAAAGAAAAATTTACAAAAGGAATTTAGAAAACCGTTTAAGTATTTCGACAAAGGGAATCTTGCAACTATCGGTAGGGCAAAAGCAGTTTTGCAAATTGGCAACTTTAAAATTTCCGGATTCTTCGCCTGGTTGGTTTGGGCATTGGTTCACATTGCGTTTTTGGTCAACTTCAGAAAACGCTACCGCGTTATGACAGAATGGATTTGGTACTACTTAACTTTTCGAAATGGAATTAGGCTGATTACAAAAAATGATAAATAATTGAGAAGCAAATCTTAAATTCTAATTTCGAAATGCTAAACAAATCAAAAATACTATATGCAAAATTCTAAATGGTTTGTAGTTGTTTTTGTCATTCAATTTTCGAATTTAGATATTGTTTAGAAATTAGTGATTTGGATTTAGGATTTTAAATAAGTTTAATATCCTCCAAAAACGGAAGCTTGTTTCTTACTTCTTCAACTTTGCTCAAATCAATCTCTGTGCTGAAAAGACCTTCCTCATTATCACACATCAAAACTTCCTCACCCATCGGATCGAAGATTGCACTAGAGCCGTTGTATTCGTTAAATGGATCATTCCCGATTCTGTTTACTCCAATAATAAAGCACTGGTTTTCAATCGCTCTGGATTTTAATAAATGTTTCCAATGTTCAATTCTAGTAACAGGCCAATTTGCAATGTTTATCATTATTTCAGCTCTATCTTTTCCATAAAATCTGTACAACTCGGGAAAGCGTAAATCATAGCAAATTGTTAAACCGATTTTCATTTTCTCGATATTTGTAGTCACTAATTCTTTTCCGGCACTATAAGATTCGTCTTCTTTCGCGTAACTAAATGGGTGAATTTTTCGATAACGTGCACGAATTAATCCGTTGCTGTCGAAATGTACGAGTGAGTTGTAAATATTTTTATCGTCTTTTTCGATAATTCCTGCAAAGAGATGTTTTTTCAATCGTTGCGAAAGTGAGATAAAATATTTTGTCCCGGTTCCATCAATTTCTTCAGCAAACTTTTTTGAATTCATTGTAAAACCGGTCAATGTCATTTCGGGGAATGCAATTATATCTTCGTCAGAAATATTTTTAGAAATGAGCGATTCTATTGTTGAAATATTAGCTTCAACATTTTCCCACTCAGGAGAGTATTGTAACAACCCGATTTTCATTTGAAATCCTTTTAAAAATATTTTCTAAACAAAAATTTGAACACCAAACTTGAATTATAATATCATGCTTTTTGAAAAAAGATTTTTTAACTTAGATGCAATTTACAAAACATAATTTAAGAACTCACATATGCTAAATTATATCTGGCTCGCTTTATTATTTCTCGGGATAGCAACTGCATTAACAACAGATATAATTGACGAATCGAAAAATAAATATCAGAACGGCAACTCCATTCCGGTTGAAATATTTTTAGATGAATTATCCGAATCACATTCTCAACAACAAAAAGCACAGCTTAAAATTCCACACAATACTTTTAATGAATTCTATAACACTTCGTTGAATGATACAATAAGTCATTCTATACAATTAAGCTATAACGAAAAGAAAGGTAGTTATTCACTGTTTTTAAGAGTAAATGAATCATCTCCGGAGATTTGGCAGACAATGGCAGCCGCTGTCGGTAAGTCTGATGATTTACTAGGTACTTTAGAAATTACTAATTCAATTTCCTCAAAAAGAAAAAGTGGTAGCGTTGAATTTGAAACAGTCTCTTTCATCCATATGAAAGAAGTTACAAATTCAACTTTGGATTATGCTTCAACAGCCGTAAACATTGCATTGGGATTAATCGGAATTATGGCACTTTGGCTTGGTATTATGAAAATTGCGGAAGAAGCCGGACTTATTAATATAATTGCGAAAGCAGTTAAACCAA
CP129490.1_gap52	1359724	1362046	2322	GCCGCTTATTCAAAATTGTATCGATCACGCCAATGTTGAAAAAATAGAAATATACATCACAACAAAGTTTGATGCGGATAAAAAATTAAGCATAATCACTATATCCGATAACGGCAAAGGATTCAATCCCAAACTGCTTGAAAAAAATTCCGAAGGACAAAAATTATTATTCTCGGAAAATGTGTCCACAAAAATTTATGATAACCAAAATAGTGGTTATGGTTGTTATATTGCATATCAAATAGGAGTAAAACGATGTGGTTGGGAACTTGATGCTTCTAATAAAAATGATGGCGGTGCAGCGTTTATAATTAAAATTCATGATAGGGCAGTAAATGAGAAACAGTAATAAAATAAATTTACTTTTAATTGAAGATGAAGAATTTGATGTAAGGCGTGTCGAGAATACAATTCAAATATTTCATGAAAGTCTAAGCATTAAACAAATTGTCAGTAATGGTGCGGATGCATTAAAGATTCTTGAAGGCGATCCGAATGGTTTTGATGTAATTATTATGGATTACCAAATTGCCGGTGCAATTAGAGGTGAAGAACTCATCAAGAAAATAAAAAAGATAAATCAAACACTTCAGATAATTGTTATTACAAAACTTACTATTAACATAACGGATTTTGATTTTGCTAAAAAGTTAGTTGATGCCGGTGCTTTCTGGTACTGTACAAAATACCCGGGTGATATAGAAGAATTTATCTATCAACCTACAGATTTCCTAATGTCGGTATTTAATGCATTTGAAAAGAAAAAATTGGAAATGCAGACTTATTCTTCAAAGAAAAAACTTGCAAAAAATATCGAAGATATACTTGAGCGGAAAAAAATCATTGGTGAATCGGAATCAACAATAAAATTAAAATCGAAAATTGAAAAGCTCGCAGAAAGTGATGTAAGTATTTTAATCACCGGAGCTTCCGGAACCGGTAAGGAACTTGTTGCAAATAATATCCACTATAAAAGTAAAAGAAAGTATGAAAATTTTGTCCCGATAAACTGCGGCAGTATTCCACATGATCTGATAGAAAGTGAACTTTTTGGTTATGAAAAAGGGGCATTTACCGGTGCAGCAATCAGTAAAGCCGGACTATTTGAAGTAGCCGACCGTGGGACTATATTTTTGGATGAGATTGCAGAACTTCCCATGAACGCACAAGTTAAATTACTTCGTGTTATTCAAGAAGGTGAAATTGAAAAAATTGGTCGAACACAAAAAATTAAAGTTGATGTAAGAATTATTGCAGCTACAAATAAAGACCTCAAATTAGCTGTTGAAAATGGTTTGTTCAGAGAAGACTTATACTACAGACTAAATGTAGTTCCGCTCCACATCACACAATTAAAAGATAAACCCGAAGACATTCCGATTTTGGTTCAGCATTTTTTAGAAATTTATAGTCTGGAAATCGGGAAACCGGTAATTCATATTGATCCTGAACTTGTTAGAAGATTACAAGAATATAATTGGCCGGGAAATGTACGTGAATTGAGAAATGTTATTCAAAGATTAATTTTTAATGCGAATGAAAAAATTACAATCGACGACTATCAATATACTCTAATTGATTCCGGTAATTCAAAATCAAGTCAGCAAAAATTATTCAACTTTGGCATTCTAGAAGAAATACCAAATCTCAAAACATTAGAAAAAGATTTCAAAAAAGAATTTGTGGAATTTGTCCGCGATAATTCTGATTCAGATGCCGAAGCTGCACACAAACTTGGAATTGCACCATCAAATTTCCATCGTCTCTGTAAAGATCTCGGATTAAAATAATAGCTTATCAAAATGATAACTTTGTATGTCAAGATTAATAATTGAATTCTCACTAATCCAAAAAATACCAATATATCTTGTGGTCTAATTTTTGTATTAGTTTTTAAAAAACTTGAGAGATTAATGAAAACTAAAGCACTTCTTATACTTTGTTTATTAATTGTTGAAATCTCCGCCGGTGGTTTTCTCAAAGTTGACGGACAAAAGATTGTAAACGATGAAGGTGAAGTATATCTAAAAGGAATTGGTTTGGGCGGTTGGATGTTGATGGAAGGATATATGTTCAAAACATCAGCATTTGCGAATGCCGAACATCAGATTAAAGCCAAAATTGTTGATGTGGTTGGTGATCAAAAAGCTGAAGAATTTTTCGATTATTTACATCAGAATTTTGTAACCGAAGCGGATATTGATAGAATTGCCGAATGGGGATTTAATTCAATTCGTTTACCCATGCATTACAATAAACTTACACCTGAAGATCAACCGGGAGTCTATCTTGAAAAAGGATTTCAATACATCGATAATTTAC
CP129490.1_gap53	1365699	1369048	3349	TTGTTCTTCTGATCGGTATCTATCATCAACGATCTAAGATCAAAAATTCCGAAGATTACTTTCTTGCCGGAAGGAAAATGGGGTGGATAGCAGTTGGGACATCTCTCTTTGCCACAAACATTTCATCAGAACATTTGATTGGTTTAGCCGGTACCGGATCTACACGCGGACTTTCGGTCGGTCAGTTTGAGTGGCTGGCTGTTTTTATTTTAATAATTCTCGGCTATGTTTTTGCCCCTATATTTTTACGTTCAAAAGTTTTTACCGTTCCGGAATTTTTCGGACAAAGATTTGACCAGCGAAGCAGAACATATTTAGCTGCAATTTCTGTCACTGCTTATTTCTTCACAAAAATTGCGGTTACATTACTCGCGGCAAGCTATTTACTTAAATTGGTGCTAGGTTGGGATATGTTTGCATCCACGGTTTTAATTGTTCTGCTCACTGGTCTCTATACTATTGTCGGCGGTTTGCACAGTGTTATCAAAACACAGTTATTCCAAGCCGGGCTTTTAATCTTCGGCGCATTTCTACTTGTTTACTATGGTATTTCTCAAATAGGTGGTTTTTCAGCATTGACCGAGCAGCTCCCCAATGATTATTTTACACTCTTTAAACCCATTGATGATCCGGATTTCCCTTGGACAGGTATTATTTTTGGCGCACCGATTCTTGCTATTTGGTATTGGTGTACCGACCAGTACATTGTTCAAAGAATCCTAAGTGCAAAAGGAATTGAACACGCACGTAAGGGAACATTATTAGCAGGTTTTTTAAAAATTTTCCCAATTTTTCTTTTCATTCTTCCAGGTATGATAGCTGTAGTCTTATTTCCCGGTATCTCCGGTAATGAAGCCTACACTTATTTGTTGACCGGAAATCTTCTACCGGTTGGAATTAAAGGAATAGTAATTTCAGGTTTATTCGCAGCGTTGATGTCATCTCTTTCGAGCGCATTTAACAGCTCAGCCACATTGATAGCAAATGATTTTTATAAACCACGTAAACCTGAGATGAAAGACGAAGAGTTTGTCTTGGTTGGAAGGCTAGCAACAACGATAATAGTAATTCTAACTATCTGTTTAATTCCGCTTCTTAAGATGATGAGCACGGACATTTATCTTTATCTTCAAACTTTACAGGCATACATAAGTCCGCCTATTGCAAGTGTATTCTTGATCGGAATTTTCTGGCGAAAGGTTACCGCATCTGCCGCAATAATTGCTTTAATAACTGGTGGATTTCTTGGATTCATTAAAATCTTATTGAGTATAGTAAATCCAAGCTTAATAGGGGATTTAGGTTTATTGACTGCATATTCCGAAATAAACTACCTTCATTTTGCAACTATGCTTTTTGTTGTTACCTCGGTTGTGCTTGTTATAGCTAGTCTGGTAAAAACACAAAGCATTCAAGAAGGAATAAAAACAGGTGAATTTGTTTTTCGTAAAAATGATTTAGCAACAAGTTGGACAAGAGCAAAAATAAAAAATTAAACTGGAGTAAATGATTTAATGTACTTCATATTCAAAACAAACATCAATAAAGGGAGGAATTCCTTATGAAGCGATTCTTACTTATTTGCCTTATTCTTTTTACTGGGGCAATCTTTGCACAAGAGGAGATCATCAATGATTTTGATGAAGCTCCTGATTCAAATTATTGGGCATTCTATCAAAACGATAATGCCGATTCAAACGTCAGCTACATGAATTTTGAATTCGTGAACGATAATGTTCATGATGGTGCGGCTGCAATGCAAGTAACATACAGTGCTCACAATGCCGAAACCTGGGGCGGTTTCGTGAAACTTGAACACTGGTATTATGCTGACTCAAACGGTACATATGACTGGTCAGCGTATGATACTCTATCAATATGGTATAATAACACTATACCGGCTTCTGAGTCAGGTAGAGTCCATTTTAGACTAAATCTTCACGATGTCAGCGATGCAACTACCGGTAACAAAACCTATGATGTAGGTGATGTAGAATACTGGTATTCGTTCAATTTCATCTTGGATGATGCACCGGGCTGGCACGAATTAAAATTCGTACTTGCAGGTGTTCAAGATACAGATCAATCCGGTGACGACAAATTTCACTTGACCGGCTGGTCTGGTATTGCAGGTAACGCTACATTAGATTTAGATAAAATAAAAGGCTTCTCTTTTGAAATCTCTATTAATGGTTCCGGCGACGGTGATGCTGTAAACGGACAGATCGTTTTCGATAAGATGACATTAAAGAGCCCTTCTGCAAATCCATTAGTTTTATTCAACGGCGCAGCAGTTCCTGGAGGTGTTACTTTAGGAACAGGTGGTTGGAGTGATCACGGAGTAGAAGTTACTAGCGAAGAAGCTTATACCCCCGGTACTAAATCAATCAAATGGACGCTTGGAAGTGATTGGTCAGTTTGGGATGGCGTAAACTGGACTTTAAGTAAAATTAAAAACTTAGCTTTTAGATGGGGTGTCGATTCTCTGAAATTTAAAATTAAAACTGATGCCGGTATTGGTCCTCTTAAACTTGTTATTCTTGATGACGATACAGACGGTGACGGTCCGGATTTAATGTTTGAAGCTGGATATATGATCGAAGAATCAATGCTTAATTATGATGGCACTTGGAAGGTAGTATCAATTCCTCTTAGAGATTTCAGCAGATTTGACGGTGGCTGGAATGGAAGCGGAACAACTCCTGGTGAAATGGATTCTTCAAGAGTTAAGCAAGTTAAATTATTAATGGCTAGTGCAGCTGGCGCAGGGTACACTGTTTATCTTGATGATGTTTGGACAGGTGATCCAGAATTTGACGTAATTGCTCCTGATGCTCCAGGTCTTGTTAACGTTGCTGCCGGTGATTATGTTAACTTAATTACATGGACAGATGTTCCCGGTGAATCAAATGAATCTTACAATATCTTTTATAGTTTTAATCCAATCACAGATTTAACAAAGCTTGATGTAGAAGTTGTTGCTATTGGAGTTGGAGAAAATGAACAATTAGCTACTCACGTGTTGAGAGCTCCACTTACAGATCAAGATGTAACATTTTATTATGCCGTTACTTGTGTAGATGCTTCAGGAAATGAAAGCGTAATTGCAGCATCCGATCCTGCTACTCTAACCAATACAGCAAAAGGTGTTGCAGTAATTAATAATGGTGCCCCGGCTAATTTTGTAGCTGACGGTAATCTTGGTGAGTGGGCTAATATCATGCCTTTCAGAATGTTCCCATCGGATGGAAGTGGTACAGTTGTAACAAATCAAGTGATTGACGGCGATGAAGATCTTTCAGTTAATGCTTATTTAGCTGCAGACGCTGAATACCTTTATTTTGCATTC
CP129490.1_gap54	1374338	1377342	3004	GACCGGACCCGGTTGGAATAAACGGTGCGAGCTTCTGGCGAGGAAACAATACCGGCTTACAACATTCCTTTGTTGATGAAAACGTTAGAAACGGTGTTAAATACTATTATGCGATTGTTTCTTATGACCAAGGTGATCCTTCATTCGGTACTACCGGATTAACTCCTTCAGAATGTACAAAAATTATAAGTGAAGATTTTTCGGGTGTATTGAAATTTGTTGATATAAATTGTGCGGTTGTTACTCCAAATGCGCCTGCAGCCGGTTATCAACCCCCACAGATTGATGGGAATTTAAATTCTGTTTCATCGGGAATTGGTACCGGTAATCTAAATGTATCGGTATTGAATCCTGCTGAAATCAAAGAAGGCGCAAATTACCAAGTGGTATTTGAATCAGATGGAAATTTCCCACGCTATTCGACTTCTAAGTACAGAATTTTAAGATCATTTGAATCCGTTGTTGATACTCTTGATGTGTTGGATACAACCGCGATCGGTAGCGGAAGATTCAGTCCACCATTTGATGGAATGACTTTAGAAGTTATCAATCAAACTACTGTAAATGTTGTTGATTCTTCTACTGGCTGGATTGTTGGGAATAGTAATCTTTCGATCAACGTGGCACCCGATGCGAGTGCCCCGGCAAGGAATATTCGATGGCCATCGGATTATCAAATTAAATTTTACGAAAGTCAGCAAGCAACTACGCCGTTTTTTAATATTCCGGTCAATTTTCTTGTTTTCAACATGACAACAAACGACACCGTTCAAGCTGAAATTTTCGATAATGATGCAAGCAAAGATTTATCGCTTGGTGATGATATTGTGATTATTGAATATGAGGGAACACAATATCGATTAACCTGGAGAATTACATATCGTCAACCGGCAGGAATCGGCTATCAGCCTCAATATCCTCAACCGGGTGATATTTATCAGATTTCAACAAGCAAACAATTTTCTTCGGGCGATTATTTTTCATTTAATACAAAATCTTCTAGTGTAGATATTGAGAAAGCAAAATCTGCGTTGGATAAAGTCTCGGTTGTTCCAAATCCATATGTAGCTACTGCAAGTTGGGAGAAACGAAATCTGAACCAAACCGGTCGTGGCGAAAGAAGAATTGATTTTATTAATCTTCCATCAACATGCACCATAAGAATTTATACTGTTGCCGGTCAGCTTGTTAAAACATTGTATAAAGATAATTCTCCGACTGACGGTACAATTTCTTGGAATTTAGTTTCTGATGATGGTATGGATATTTCTTATGGACTTTATCTTTATCACATTGATGCACCGGAAGTTGGAACACACATTGGTCGATTTGCAATAATCAAATAGGAATTGAATAATTATGAAAGCAAGACTAATAACAATAAAATTGTCAATTTTACTATTGCTGACCTCGATAGGTTTTGCTCAAAATAATTTTGAAACAAATGTTTCGAAACGCGGAACCGTTGCGGCACCTTTCCTCACAATTAGTCAAGGTGCAAGAGCTACAGCGATGGGAAGTGCATTCGTTGCAATCGCCGATGATCCTTCAGCAGTTTATTGGAACCCCGCTGGTATTGCCAGGCTAGATCAAAATGGAATTGTCTTTGATCATACGGAATGGATTGCTGATCTAAAGTATAACTTTGGTGCGGGTGTAATTAAGGCAGGAAGTTTTGGAACACTTGGTGTAAGTTTCATTACTTCTGATTACGGCGAAATGAATGTAACAACAATCGAAGAACCAAACGGAACAGGAGAAACCTTCTCGGTTCGTGATATAGCTTTTAGTATAGCATGGGCAATTAATTTAACTGAAGACTTCTCAATCGGTTTTAATCCCAAAGTTGTTTACCAAAGTATTTGGAACATGAGTGATTATGCATTCGCTATTGATATGGGTGTTCTTTACGACACGCCTTTTAAGGGAATCACACTCGGTATGTCAATAACAAACTTTGGTTCAAAAATGAATCTCATGGGAAATACCGGAGTTGTATTATATGATCCTGATGAAACGACAACAGGTAATAACGGCAGAATACCAGCGGAACTTCAAACCGATAGTTGGGATCTTCCTATGGGATTTAAGGTTGGTATTGCTTACCATGCGATAGATAATGAAGATCACAAATTAGTTTTGGGTATAGATGCTTCACACCCGAATAATGATTATGAGAGTTTAAATATCGGCGGTGAATATGTTTTTAACGGAATCTTTGCAATTAGAGGTGGTTATAAATCTCTATTACTGCAAGACAGCGAAGAATCCTTCACTATCGGTGCTGGTTTTAGACAGAACTTAGTCGGTAATATCAACATCAATTTTAATTACTCGTATTCTGATTTCGGAAGATTGAGTGAAGTTCAAAAATTTTCTATTGGAGTAAATTTCTAATTTCATGATGAAAGAGAAAGAAATCAATTATACAATCTTGGCAATCGTTGTCATTCTATTTAATGTTACTATTCATGCAAAACAATACAAAGGTGCCGAACTTAGAACACATGAGACCTTTACTTACGGTAGATTTGAAGTGAGCTATATCCCCGCTAAAAGGGAAGGTGTTGTATCTTCGTTTTTTACATATCATGAAATAAGCAATGTAAATAATTGGAATGAGATTGATTTCGAGTTTATCGGGCGATACGAAAATCAAATTCAGTGTAACGTAATTTCACCCGGTCAAAGAAATCACGAGGCAAGTATTCCGCTTGAATTTAATCCATATGCAGAATTTCATACTTATGCGTTTGAGTGGACACCTGATTATATAGCGTGGTTTGTTGACGGAATTGAAATATACAGACAAACAGAAGATCACATAGCACAAATTAATCGCGCTCAAAAAATCATGATGAATATTTGGCCACCAAACTATATTGATTGGGTTGGTAAAATTGATTCAAAAAATTTGCCGGCTCGTGCTTATTATGATTGGGTAAGTTATTCTTCCTACACACCTGGTGAAGGTAGTTCCGGAACTGATAATAATTTCACATTT
CP129490.1_gap55	1480666	1483325	2659	CATAACATTAATTAACAATCAATTAGAAGCAGCATACCACGAAGTGAAATTTGATGCTTCACAACTAGGAAGCGGAGTTTATTTCTACCGAATTACCTCAGGTGATTTTGTCAGCACCAAGAAAATGCTTCTAATTAAATAACCTTTTGTTTTATCGTAAACCTCGGGGGCATTCCGCCTTCGAGGTTTTTATTTTTAAATGGACAATATTCTATATGATACTTACTCGATTTATTACGAACACTATTCTAGTTCTCCTTTTCTCATCTTCAATATATTTTTCACAAGGATATTATGATGGAACGAGCGGTTTAACCGGGCAGGCATTAAAATTAAAACTGCATTCAATTATTAATAATCATCATAAGCTTACATACGCACAAGTGTGGTCAAGTTTAGAAATTACCGACGAAGATCCACTAAATACCAACAATGTTATTCTTTTTTATACAGGCAGATCACAGGATAAAGATTTGAAAGATCAGGGATCCGGAGAAGATACTTGGAATAGAGAGCATGTTTGGCCGAAGTCGCATGGATTCCCGAATGAATCTGATACAGCGTATACAGATATTCATCACCTGCGTCCAGCTGATAGATCAGTTAATAGCAGCAGAGGTGATAAGGATTTTGATAATGGGGGTTCACCGCATGTAGAGGCTCCGGATACCTATACCGATTCGGATTCATGGGAGCCAAGAGATGAAATTAAAGGTGATGTTGCTAGAATGATGTTTTATATGGATGTACGCTATGAAAATAGTGGATCCTTAGACTTAGAATTGGTTGATTACACAGGAACAAGTTCGGGTACACCCAACTTAGGTAAATATTCAACATTACTTGCCTGGCACTTCGCCGATCCAGTAGATGCTGCCGAACAAACGAGAAATGAAAAAGTTTATAACATACAAGGCAATAGAAATCCATTTATCGATCATCCCGAGTTTGTAACAGCTATTTACCAAAGCAGCGTTACTCCGGAACCTTTTAATCATGTTGAAGATTTCTTCGCACTTTCTCAAAATAATAGTTCTATAACTTTAAGCTGGAATGAGAACCCAGGTTCACAAGCTGCGGATGGTTATTTAATTAAATCAAGCAACACTAGTTTTGCATCTATTCAACTCCCAACAGACGGAGTAGCAATTTCGAATGATTTGAATGTTGACGATGGCTCCGGTGCTGTTAATCTAATTGCAGGTAACTCATCTTATACATGGTCAAACCTTTCTTCAAATACCGTTTACTATTTCAAAATTTTTCCCTACACAAATTCCGGTGCTAGTATCGACTATAAAGTTGACGGTACAATACCTCAGGCATTTGATACAACTCTTTCCGGAGGTAATATTGATCTGCCGAATTTGTTTTTCTCCGAATACGTAGAAGGCGGTTCTAATCGTAAGGCATTGGAGATTTATAATCCAACTGAGGAAAGTATAAGCTTGGCGAATATTCAAATTGCCCAATCTGTGAATGGTAGGGGATGGGAATACTACCATACATTCGCCAATGGTGCAGTAATAAATTCTAAAGATGTGTATGTGCTAATTACCGATGACGATTTTTCAGGTTATTTCGATGTTGGATTAGCCGATGAAATTTTACCTTACCCAAGTGTTGTACATTTTAATGGAAATGATGCTCGGGCATTAATCTATGTCGATAATGAAAATGAATACATAATAGATGTAATTGGAGTTCCAACGGAAGATCCCGGCAGCGGATGGTCTGTTGCTGGCATTTCTTCTGCAACTCAAAATCACACTTTAGTTCGCAAGCTGGAAATTACGAGCGGAAACACAAATTGGAGTTCTTCTGCCGGAACAAATTCAAACGATTCGGAATGGCTGGTATATGATCAGGATGAATTTTCATATTTAGGTAATTATGGAAGTTCAGATAATCCTACTGATCTCCCTCCTTCCGTTTCGAACGTAACCCGGAACCTTACTGTTCCTATGGAAGATGAAGTTTTACAAATAAGCGCAGATGCAACAGATGATAATGGAATAAATTCAGTACAACTGAATTATAGAATTAATGGAAAAGCGAGCAGTTCAAATATGACCAAAGGAAGCGGAAATACTTATATAGGGTCAATATTTGCATCTGAATATGAAAATGGTGATAAAGTTTCATTCTATATAACTGTCAATGACAATGCGACTGTTACTCAAAGCGATACCAGTAATACTTTTTCATTATTAGTTGGTATGTCGACTATTTCGGATGTAAAAGCTATGAATACCGATGGAATGCCAATACTAAATAATTTTGCTGTTATGGTAACAGGTACTGCTTCTGTATCAACCGGTACGTTTCATCCAAGTAGATTGGAAACTTTTATTCAAGATGATAGTAGAGGAATTTCTGTTTTTAACTCCAATCTTAATAATGAAATTGTTATTGATAATTCATACAAAATTGCTGGTATTATAAATAACTACAATGGATTGATGCAAATATCTCCACAAACAGAATCAGATATACTTGATTTAGGAAGTGTGGGACAAGTTGAGCCGTCTGTTGTAACAATTGGTGAAATTCTAGCAGATCCGGAATATTATGAAGGTATGCTAATAAGATTGAACGGAGTATCTTTAGATGCAAGCACTCCATGGCAATGTTCAGGTTCCGGAGCTAATTTAACATT
CP129490.1_gap56	1486175	1487771	1596	GGAATCACTTGCTAGTGGAATCCAAGTAGAATCATGCCCTTCAGTATAACTTGTTTCATGATTTCCTGACTGAGTATAAGTGTAACTTGTTCTTGAAGTTGGCTGCCAGTCAACTCCGTTATGATAATAAACATAATCCATTTCGACCTGTGAAAGAGAATTGTACTGATTTGTCAACTTGTAGTTATAACTCCAAGTTGGTGGTGATTGCCAATAGTTGTAAGTACTTCCAACCATTTCTACCATTCTTTGTTGAGAATCATATGTGTAGTCGGTTTTGGAACTTGGTTGCCATGCTGAGTTAGTCCAGTAGTAATCTATCATTTGTGAAGGATTATTTTCGGCATTATAAGAGCTTTCCGTTTTACTTGCATTCTGCCATGCTCCTCCTGCATAAACTTGAAAGAGAGAAACCGATACAAGTCCCTGCGCGTTGTAAGTATTTTCCATTCGATAACTGTTTTCCCAAGATGAGGTATTCCATGTCTGGCTCAAATATTCTGTTAGCTTACCATCATTGTTATAGCTGTACAATGCACGGTAATAATTCTCGTATTGACTGTTTTGATATCTCTGCAAAAGCATTTCAGATACCATGGTTGTGCTGTCGGAAAGAAGTGTAACTTTTACTTTATCGGACATATAAAATATTGTTGAATCAATTTTTGGAATGTGTTTACTTTGCCCGATGGTTATTGTGGATAATAATATTACAAGGATTAAAAATCGTAGTGATTGTTTCATAATGCCCCTCCGTTGTTTGAAAGCAAACAACATGCCCTGGAGAGAAAATGAATAGGAAAGTTTTGGCGGAAAAAATGTTTATTTGAAAAATAATTAACATACTTCGCTAATTATTGTCAAACAACTTGATATCCGATTTGATTTATAGCATTTGGACTTTAGGTTATTTGGGGAAAAGTTTTCTTACTTTCCCTCGACTCGTTTTACGATATGCGATACTTGATCAATTGCTGATTGAAGTTTGCGCAGTTCTGCTTCTAATATATAAGTTCGATATGCTTCCATTGATTCTTTACCGCCAAGCAGCCAATTTATATCACAACCCAACCGTAAAAGTTTTGCTAATATTTTAGAACCGGGTTCGCGTTTGCCGCTTATATATTGTTGAAGTTGCTGAGGTGAGATATGCATTTCTTCGGCAAGTTTTTTTAATGTACCGTATTTTCTTTTTGCGAAGATTCTAATTCGCTCACCCATTATTATTTGAAGTTTACCGTCCTCAAATAAATCGAGAGTTTCTTTCGGTTCATTATCATCATTAAATAAAGCTAGGTCAAACTGATAATCATCTAGAATATTTTTGATCTTGTTAAAAAGATCATCGTCCAGAAGCGGAGCATCATTTAATAGATAGGTGAGAGTCTGGTTGTTCAGCCCGAGCTTTTCGGCTAACCAACTTTGTTTGATTCCAAAAGTATGAAGAAGATATTTGATTTCTTCTTGTCGAGTCAATTACGACCACATAAGTTGACTAATTGATTTATCAAAATAATAAAAATAATATCACAATGCGAGTATCAAATTGTAAGATTTATTAATAGAAAATTTACTTTCATTAAAAGAGGTATTTGA
CP129490.1_gap57	1521823	1523971	2148	TTTAAGAAATTAAAACCAACAGAAATATGGGAAGTTCGAGCTCAAGTAGGAAATAACATTTTTAGAATTTTAGGATTTATTAATGGCAAGGACTTGATTGTTTTAAAAAATGGTTTTCAAAAGAAAACACAGAAAACTCCACGTAAAGAAATAAAACTAGCAGAGAAAAGAATGAAAGATTATTTAAGGAGAAAAAGCAATGGATGATTTAGAAAAATATGTAGAAAAACGAAAAGCAAAAAGTAAACGATTCGCAAAAGACTTTGAAATTGGGTATGAAAATTTCAAGATAGGTGTTGCATTACGAAAAGCAAGAGAAGATGCTGGAATAACCCAAGAAGAATTAGCCCGAAAGATGAAGACAAAAAAATCAGCAATATCAAGAATAGAAAATCATTCGGAAGATATAAGAATATCGACGTTAAAAAATTATTTAGCAGCAATAGGTAAAGAGTTACAACTATACATAAGGTAATTCACTAAAAAAGGGTTGTGCCCTAACAAGCGCATCAACCCGACCGCTTAATTCTGTGTTGGCAGTTCAAATGTTTTTGGGGTAATCGTTCTAACAATGTTTGTATTGCAAAGTTATCGTTCTAAATAAAATTGTAGCAAAAAATGTTTGCGAATAAAAATAAACATTTTTTGCTTTTAATTGTCCGGGTTGTCGTTCTACTCGTCATTGTAGTTATGGGCTGCGGCTTAGCAGCAACGCCGTTAGGCACTTTTGTGAAATTGTTCTTTGAATTATTGAAATGGGAGGAGAGAAGAAGCTACTTTGCTTTTTTTAGTCCATTTAAGATTATTTGAAACATTTGACTCTCGTTGCCAGACATACAATCAATGGATGCTTGGATAAATAAATTATCTTCATCATTTTGTTTTATTGTATCTTGGTAATCAATGTATTCATAGCCATTATATGTAGCAATCATATCAAAAAAGAGTCTTGTTATTCTACCATTTAGTTCTAAAAATGGATGTAGTGCAATTAGTTCACACATATAGAAGCCTATTTTTTCCGCAAATTCCTCTTTGGACTTTTCTGCATAATCTTTCAAATAATTATCATTTTCTAGTTTCTTGAATATTTCATTAGAAGTTTGTTCTAGAAATCTTACTTGACAAAAGGTGGAATAGCCTTTTGAGATATTTACATTTCTATATTTACCAGCAAATTCATAGAGTTTGTTGAAAGTTTCTCTATGAAGTTCTTTAAAGTAGTTTTCATCAAAAATGGTGTTTTCAGCTAAATTCTTGTGGAAATGTTCATACCCTTTTAATAGTAGCTTTTGTTCTTCCTCTTAAAGTTTCCGTAAGTTCCGAATGTTGAGTTTGTTTCTAGGAATGTTCATGTCTTCGTAGTAAATGTAATTATTGTCGTGAGTATACTTTGACATTAGTTCTTTGTTTTGGATCTAGTTTTTTTGCGTTGATTGGTGGGTTTTCTGGATTGAATTTTGTGACCCTCAATTTTAGAGGATATTTCAACTGCTTTTTTAGCTTTTTGTAGTGAGAATCTTGGTTTGTTCATATCCATTATCAAATTTTTCTCTTTGTTCAATATACAAAAACTGAAATGAAAGTAAAATATAAGTAAGTGCTTAACAAACAAATCAGACCACACACCTTCGTTCTACAAAATGAGCTAAGGCGGGTAAACTTCATTCTGCTTGGGCTTTTAGATTGTGATTTAGGTTATCGTTCTAAAAAATATTTTGGCGCAGTGTTGTCATTTTAGCAGACATTGTCTCTACGTGCTACACTACCTACCTAACTCTGTTAGGGTTAATCACAACCATTAGGCGTATGGATTTATTAATAATGAACTTATTAAAAAGAGTAAAGAAGTATATGATATTACTAGGTGGAATTACTGTTTTAATTATAGCAAGTCTTTTTTTTATATTGCTTTTGCTGAGTCCCGGAAATCCCAAACAATTTCTTGATGAAAATGGGAATACAATGAATAATGGTATATCAGAAAAGATATTTCTGGAACTAAACGGCGCAACTCAAGGAATGTTTATAAAGGGAGAGAATTTAGATAATCCAATTATCCTTTATCTTCACGGTGGGATGCCGGATTATTTTTTAACAGAAAAGTTTCCAACTCATCTTGAAAAGAATTTTACGGTGATATGGTGG
CP129490.1_gap58	1528533	1531813	3280	TAACTAATTTATTTAACTTTGTATAAATATAGGATGTATGAATGGCAAATTATAAGATTATTTGGACTAAAATTGACGAAGCACCTGCACTAGCAACTTATTGCTTATTACCGGTTGTTCAAGCCTTTGCAAAGGGAACTGGTATCGAATTTGAAACCAAAGATATTTCACTTGCCGGAAGAATAATTGCAAACTTTCCGGATAAATTAAAAGATGACCAAAAAATTTCGGATTATTTGACGGAGTTAGGTGAACTTGCAAAAACTCCCGATGCTAATATTATAAAGCTTCCGAATATAAGCGCCTCAATACCTCAGCTTCAAGGCGCAATTAAAGAATTACAAAGCCAGGGTTATGATATACCTGATTATCCCGAAGAACCGAAAACGGAAGAAGAAAAACAACTTCAAAAAAGATTTGCAAAAGTTCTTGGTTCTGCCGTAAACCCGGTATTACGCGAAGGTAATGCAGACCGCAGACCGGCAGCTTCGGTTAAAAGATTTGCCCAGAAAAATCCTCACAAAATGATGAAACCTTGGCCGGAATCCGGTTCAAAAGCTCGTGTTGCTCATATGACCGAAAAGGATTTTTATGGGACAGAGAATTCAACTACGGTTAATAAACCTTGCGATGTAAGAATTGAATTTGTGGATAAGAACGGTAACTCGGAAACTCTAAAAGAAAAATTATCTCTCCTTGAAGGTGAAGTTATCGATACTTCTGTAATGAACGTTGCCGCACTAAGGAAATTTTATGCCGAACAAATTGAAGAAGCTAAAAAGGATAATGTATTACTTTCACTTCACTTAAAAGCAACTATGATGAAAATATCCGATCCGATTATGTTCGGTCATGCGGTTTCGGTTTATTTCAAAGATGCTTTAGAAAAACATGCCGTAACATTGAAAGAAATCGGTGCAAATGTTAATAACGGTTTAGCCGATGTGTTGGCAAAGCTTAGTAAACTTCCTGAAGATAAACGTGCCGAAATTGAAGCCGACATTAATAAGGTCTACGAATATCAACCCGAACTTGCAATGGTTGATTCTCGTAAAGGAATTACCAATCTTCATGTCCCGAATGATGTTATAGTGGATGCCTCTATGCCGAATGTCGTTCGTGATGGTGGAAAAATGTGGAATAAAAAAGATGAACTTCAAGACACTATTGCGATGGTGCCCGACAGATGCTACGCAACTATGTATAAAGAAATTATGGAAGATGCCAAAAAGAACGGTCAATTTGATCCGGCTACAATGGGTAATGTTGCAAACGTCGGTCTGATGGCAAAGAAAGCCGAAGAATATGGTTCTCACGATAAAACATTTGAAGCAAAATCAGCAGGCATTATTCGAGTAGTTGATACAGATGGCAATATTCTTCTTAAACAAGATGTTGAGAAAGGTGATATCTTCAGAATGTGTCAAACTAAAGATGAAGCAATTAAAGATTGGGTTAAACTTGCTGTTAAAAGAGCTAAAGCTTCCGGTTCACCGGCAATATTTTGGTTAGATGAAAATCGTGGTCACGATAAGGAAATAATCAAAAAAGTAGATGAGTATTTGCCAGAACATGATACAACCGGATTGGAAATTAAAATCCTTGCACCGGTAGAAGCAATGAAATATACATTACAAAGAGTTCGAAAAGGGCTTGATACAATTTCTGTTACCGGAAATGTTTTACGTGACTATTTAACCGATCTTTTCCCCATATTGGAATTAGGAACGAGTGCTAGAATGCTTTCAATAGTACCATTGTTAAATGGCGGTGGATTGTTTGAAACCGGAGCCGGCGGTTCTGCACCAAAACATGTTCAGCAATTTTTGAAAGAAGGTCACTTACGTTGGGATTCTCTCGGTGAATATTGTGCTTTAGTACCTTCTTTAGAACTCGCTGCCGAAAAAACCGGAAATAAAAAAGCCACAATTCTTGCCGATACGCTCGATAAAGCTGTCGGTAAATATTTGGAAAACGAAAAAGCCCCTTCTCGAAAAGTAAACGAAATAGACAATAGAGGAAGTTCATTTTATTTGACTTTTTACTGGGCTGAAGCACTAGCCGAACAGAATGATGATCAAGAAATGAAAGAAAAATTTACAAGTATTGCTAAACAGTTGAAAGAAAATGAAACCGCAATAAACAATGAATTACTGGCAGCTCAGGGTAAGCCGGTAAATATAGGTGGATATTTTTCACCCGATCCGGTGCTGACCGAAAAGGAAATGAGACCGAGTGCAACACTGAATAATATTATCGATAATATCTAGTGAACTATTATTTTGCATTTGTATTTAATGAAAGGGATTTGCATTTTATTGTAAATCCCTTTTTTCTTGATTATAATTTTTATGAAAGTGCTATCAAATTGCAATGAACTCAAATTATATAGATATGAAAACGAGGGCAAAATGAAAAAAAGTATATTGTCTTTAATCATAATTGTTATCCTTTCAGCGAATGTACTTTATGCGCAAGAGGGCAGACCGCAGTATAAAATCAGAAACGAAAGAGCAGGTGCTTATATCGGTGATATAATTATTGAATTATTTCCTTATGTAGCACCCCTTCACGTTGCAAATTTTGACAGTCTTGTTGCAATATCATTTTATGATAGTACCGCTTGGCATAGAGTAGTCCCTAACTTTGTTATTCAAGGAGGAGACCCGAATTCTAAAAATGGTCCAAGAAATACTTGGGGTGAAGGTGATTCGACTCAAGCAACAGTTCTTGCCGAATTTAGTAAAGTTTCACATAGAATCGGAATTATTGGCGCTGCAAGAGACACTGATATTAACAGTGCGACCTCTCAATTTTATATTAATACTTTTAATAATACCGGATTAGACGGAAACTATACAGCATATGGAGTTGTGGTTGAAGGAATGGATGTTGCTTATGATATTGAAAGTTCTCCTCGTGACGGAAACGATAATCCGCTGGAAAAAATTGAAATGTTTATCTCAAAACTCGGCGTTAATGAAAGTGTTCCGGATGTTCCCGCAATGATAAGTCCCGTTGATGGGTTTAATGGTTTTCAAAGAAACACGAGTATTTCTTGGTCTCAGATCGAGAATGCCGTTTTAACATTTTTAGAAATTGCTCGAGATGAGGCTTTCAATGAAATTGTTTTTGCGGATAGTTTTGCAGTAACCGGAAATGATAATTCAATTATGTATTCAAATGTTGAGTTAGGAGAGAAAACGTACTATTGGAGAGTTCGAAGTAATAACGGAGCTAAGTTTAGTGAATATTCCGATACAAGAAGTTTTGTAACATC
CP129490.1_gap59	1542149	1546752	4603	ATAAAGCTGTTAAATGTCGCTCGGCTATTTTTCTTTCGTGATCATCTTTTTGATTTATGAAATATCTTATTTTTTGAATATCACCATAACTGAAAAGCAATAAACAATGAGAACGTAATCCGTCTCTTCCGGATCTTCCTATTTCTTGATAATATGATTCTATATTCTTTGGTAAATCATAATGAACTACAAAACGTACATTGGATTTATTAATACCCATACCGAATGCGATTGTTGCCACAATTATATGGACATCATCTTTTATAAATAGTTCTTGATTTACTTTTCTATCTTCATCGGATAATCCGGCGTGATATGGCTTGACGGAGTAACCAGCATTATGTAGAGAGATATAAAGTGAATCAACCTGCTTTCTTGAAAAACAATAAATTATCCCGGATTGCCTCGGATATTTTCTCAAGAATTTCATCGTTTGTTCAAGTGCAGAAGTTTTCGGAACAATTTCTAAAAATAAATTTTCTCGGTTAAAACTTGCTATAAAACTTTTATTACTTCTTAGTTTCAAAGATGTTATTATATCTTTTTGAACTCTGGGTGTTGCTGTAGCTGTAACAGCAACGCATACTGCTTTTGGAAATAGTTCTCTTACTTCAACAATCTTTCTATACTCCGGTCTAAAATCGTGACCCCATTCTGAAATACAATGGGCTTCATCGACTGTTATGCAATCAATTTTAAGAGATTTTAATAGTGATATTGTTTTATCAAGAAATAAAGTTTCCGGTGCAAGATATAATAGTTTGATTTTACCGCTGGTTACTTCGTTAACGTTTTTAGTGTATTCCATTTGCGACAAAGAACTATTTAAATAAACCGCACTTATTCCCAACTCGACTAATTGTTCAACCTGATCTTTCATCAATGAAATAAGTGGAGATATGACAATTGTTAGTCCGTCAAAGATCAAAGCCGGTATTTGGTAACATAACGATTTACCGCCGCCGGTGGGCATTATTACTAGTGTATCATTTTTTTTAAGTATTGAACTTATGATATCTTTTTGAAGCGGACGAAATGTCTTGTAACCAAAGGTCCTATGTAAAATCTCAGATGCTTTATCTATCATTCATCCTATTTCTATTGTATTTCATGGAGAATAAAAATAATTTAACTCATAGCAATATCAAAGTCTTATTTCGAACTTGATTTATATATATGACTTTCTTGTTCAAAAATTTTGAGAATTTTTCTTAAGTATTCATAAACATTTTATATAAATCATAATCATGCCGGAATCACAATTTTTCTTACCATCTCAAAGTTGTTCAGCTTTGGTTTTAAATTATATTATAATTAAAACCGCTCTTGATGAAAAAAAATTAGAGGACAAATATATTCCCGACGGGCATACTGCAGTTGTCATTCACTTTACCGAGAGCGAAAGATTTATAAAAACTGAAACCGAACGTTTCAAGCTTCCTAATCGATTTTTTACGATGCCGGTTAAAATGAACCTTATATTTGAAGCGGAAGCTGAACTTGAGACCTTAATTATAAACTGTAATACTTCGGTTTTTTCAAAAGTATTTGGTATTCGAATGGATAATATACCAAATAAATTGTTTAGCAATTTTGATGATTATATGAACGATTATGTGTATGACAAATTAAAACTAGAAAAGAATAACCAAAAGCGAATAAAAATTTTCGAGAATTATCTGCTCGAAAATTATCCTATAGTAGATTATGAATTGGACGAAGTTGATTTAATATATCGGGAAATTACCTCTAGCGTTAAAAACCAAAAAATATGTGAGCTCTTATCAGAGATTAAGATGAATCATAGATCTTTTAGAAGACAGTTTTTACGTCGCACCGGAATTAGTGCAAAAGAATTGTTGCGTATTGTTAGAGTTAATCATGTCTGGGAAATGTACAGAAGAAATCCAAAACTAAATTTTAATGATATTGTTTATGAATTAAGCTTTTTTGACCAAGCTCATTTTATAAATGATTTTAAAAAAATAATTGGTGAAACGCCCAAGAAATTTTTCAGCAGAGACCTGAGGAAAGTTGAAACATTTTCCGGGAAGAATAATCAAATCGCTCTTGAATAAAAACTTATTTAAAAATTTTCTAATCTTTCCAAATCTATATTGTTAATTAAGGATTCTATTTCACTTGTCAGATTGCCTTTCTCACCGCTTATTTGAATTAAGAAACGATCATCCACAGAAAAAGTATAAGTACATTGTTGAATTCCAAAATCATTTTCGACAATTTCTTTCCAACCTTCATGCTTATTTTTTACTAGTAAGTAAGTCTGTGACTCTGATCCGAATTCTAACATTGAACTCAGATATTCACTGGCACCTTTACAATCAGTTAAAGAAAGACTAATAGTTTGTCCTAAGTCTGTAAACTCCTCCCCAATATCACCTTGACCTATATTGTTATATAAAATTGTTACAGTCGGCAAACACTGCTCACAAGGATCATCAATAATGATTTCACTTCGTGTAAATTTTCCAAAAGATTCAACTGAAGGAAGATATTCAACAAGATAATCATAACTCCCTTGTGCGTTTATAAGAGAAATGAAAGAATAAAAGATTATAGCACCGAATACAAATTTCTTAAACATATTCTTACTCACAATTAATTTTACTTCTATTTATTAATAAAAAATATCAGATCGTTTATAAATCCTCTTGTAAAAAATGGTCAACTATTTATTTCAAAATCTTGCGAATTGATCTAAGATACAAGTGACCATTTTTTACAATTAACTATGGATGTTGATGTCTAATTTAAATTGTTAGGAATATCAAAAATTATCTTACAATTTCCCAAAGGTGAGGTTATGGCAAAAAAACTAATCTTTTTAATCATTTCAATAATGCTAATTGTGCCGGTTAATGCACAATTCTTAAAAGAACTAACTCAAAAAGTACTAGAGAAGACAGAGGACAGAGCAAATCAGAAAATCGATGAAAGTATTGATAAAACATTAGATGCCGCTGAAGGAAGTTTTGATGAAGATGGGAATCCGATTGAAGAAGAAAGTGCGGAGACAAATAATCAAATCAATGTTAATTCAACTCAGCAACAAGACTTCCAAACATATTCCAAATTTGATTTTATTCCCGGTGAAGAAGTTATATTCTTCGATGATTTCAGTGATGTGCCGGTTGGTGATTTCCCGCTTAAGTGGAATACAACAGCATCAGGTGAAATTGTAACAGTCAATAACGTACCGGGTAAATGGCTGACACTTGTGGAAGATTATTCATATTACTCTCCCGAAATTGGTATCACTTATCCGGAAAATTTTACGATAGAATTTGATATGATTTATCCCGGCAACATTGAATGGTTGATGGAATTATATGTAAATAATACTGATTACATAAGCGACGCATACTATCCGGGTGAAGGTGGAATTAGTATTAACGCCCTCGGTGAAGATATTATAATAGGAAATTATAGCAATAGAGGAGAGGGTGAGTTGCGTGAAGTTGGGAAAGGTGTCGGACCGGAAATTAATCCGGGTAAAATAGTAAGATATTCAATTTGGGTACAAGGACAACGATTGAGAATCTATGTGAATGAGAACAAAGTAATTGATATTCCACGAGCACTTCCCAAACAATTTGATGAAAATTATTTAAGAATTTGTACACTTGAAAAGGTATTGATCAGTAATTTTAGACTGGCTGTCGGAGCACCAGATACAAGAAGCCGTCTACTTACCGAAGGCAAACTTGTCACAAGAGGAATTACTTTCGACTCAGGTTCGGATGTAATTAAAGCAGAATCTTATGGTGTAATTAAAGAGATAGCCGACGTTTTAAAGGAAAATGGGTCTATACGGATAAAGATTGTCGGACATACAGATAGCGACGGTGCAGATGACATGAATTTAACATTATCAAAAAAACGTTCTACGGCAGTTAAGAACGCACTTGCTAACCAATTTGGAATTGATGCTTCTAGAATAGAAACCGATGGTAAAGGTGAAAGTGAACCGGTTTCACCAAATAATACTTCGGAAGGGAAAGCAAACAATCGTCGCGTTGAATTTATAAAACTAACCTAAATGGGGATAAAAATGAAAAATTATATTGTTTGGTTGGTTCTATTTTTATTTATCGTTTTTAGTGGCTGCAGTAAAGACGAGAGTAACCCGGTTGTGCCGGATACTGGCGGAACGGGAACGGTATCGGGACAAGTGTTTTCTAAAAACGGACTTGAGAAGATTCAAGGTGCTTCCGTTACGGTAGAAAATCTAAACAACTCTCCACAAACATTTTCGGATTTTGAAGGAAAGTACACTTTATCCGGTGTTCCGACAGGTAGCCAAAATCTATTAATCCAAAAAGGATTATTCAAATCTATAGTTTCAGTAACCGTAACCGAAGGTGCGACTGTAAATGCTCCAGCGGCTCAGTTAGAAGCATCCGGTAAACTTGGATTCGTTTCCGGATTGTACGATAATATTCAGCATATCATTAGAAATAATCTCGGTTACTCTATAGATAGTTTGGGCATACTCGATTTAAGGAATACAGCCTTACTTTCAAATTACAAAGCGATTTTTATTAACTGCGGCGCTGATGAAATATTGATTTATGACGGGCAA
CP129490.1_gap60	1552298	1554373	2075	TAATGCATATTGGTCTTCCGATGGGTAATCAAAATTTTTTAATGGCAACCGATGCACTTGAATCCTTTGGGCAGAAAGTTGTTTTTGGAAATAATTTCTATATCGCAATTGATGCCGAAAGTAGAGAAGAAGCAGATAAATTATTTGCGGGACTTTCAGAAGGAGGAAAAGTTGAAATGCCGATGGATGATCAATTTTGGGGTGACTATTTTGGTTCTTTAACTGATCAATTCGGTGTGCAATGGATGGTTATTTACTCACCACCAAAAGCTGAGAACTGATTTGCATTATATGATTCCGGTTAAAATATCGATAATAATATGACCTCGTCAAAACGAAAACTCAAAATCTGCAGTCGCGGTCATAAATATTATAAAAGCAGCGACTGCCCGACTTGTCCAATTTGCGAAAATGAACGTAAGCAAAAGGAGGGTTTTCTTTCATTACTATACGCACCCGCAAGAAGGGCATTGGAGAATAAAGGAATCACAACATTAAGAAAACTTTCAAGATATACAGAATATGAAATAATAAACTTACATGGAATGGGTCCAAGTTCAATTCCAAAATTGAAAAAAGTACTAAATGAAAATGGACTCTCTTTTAAAAAATCTTAAGGTGCAAAATATGAGAAAATTAAAACTTCAGATGCAGATGTCAATTGACGGATTCGTTTCCGGGCCAAACGGAGAACTAGACTGGATGACCTGGGATTGGAGTGATGATATTAAAAACTTTGTTGGTGATTTAACGAATTCAATCGATACAATATTACTTGGCAGAAAAATGACCGACGGGTTTATCGGGCATTGGTCAAGTGTGTTGGAAAATAAAGATAATCCCGAATATGAATCAGCAAAAATTTTTATTGAAACACCAAAGGTGGTTTTTACAAAAACACTTGAAAATTCCCCTTGGAATAACACGGTTCTTGCAAAAGGTGATTTGGTAACCGAAATAAATCAACTAAAAAAACAAGATGGTAAGGATATTATTGTTTACGGTGGTGCCGGCTTTGTCTCATCGCTGGTAAAAAATAATCTGATTGACGAATATCATTTATTTATCAATCCGGTAGCAATTGGTAAAGGATTATCAATTTTTGGAGAACTCGAGAATAGTCAAAATCTAACACTCGAAAAATCTATTATATTTGATTGCGGCATAGTGCTTCATAATTATAAACCAAAAAAAACTAGTAGCAAAGGAATATGATATTGCGAAAATTAAAATTGCAGATGCAGATGACGCTTGACGGATTCGTTTCGACTGGTCCAAACGATGAACAAAAGTGGGTTACTTGGGCTTGGAACGAAATAAAACATGATGTACTTGAATTGGCTAACAGTTGCGACACAGAACTAATTGGCAGAAAATTAGCTGTCGACTATATTCCGTATTGGACAGATACCTTATTGAGACCTGAGTCAACGATGTATCAAGTAGCCAGAATAAAAGCCGGTCAGAAGAAAATCGTTTTCTCAAAGACATTGAACAAATCTATTTGGGAAAACACAGAGCTTGCAAAAGGCGATTTAGTAGAAGAAGTAAAAAAACTTAAGAACCAGGATGGAAAAGATATAGTCGTTTACGGCGGAACTTCATTTGTTGCTTCATTAATAAAAGAAGGGTTAATTGATGAATTGAACCTTTTTATTAATCCTGTTGCAATAGGTAAAGGAGAATCAATCTTTAGTAGTATGCACGAATTTCGAAAACTGCAACTCAAAAAAGCAGTTACTTACGACAGCGGAATCGTGCTGTTGAATTATGAGCCCGAATAAAAATTTTATTAATTTGGAACATCTTATATGCAAAAGCTAAGAGTTGCAAGTTTCGCATTATCAATCGATGGTTTTGGAGCCGGTCCAAATCAAAGTCTTGAAAATCCCTTGGGTGTTGGCGGTGGGGAATTACATAAATGGTTTTACCCAACCAAAACTTTTCAAAAAAATGTACTCGGGAAAAATGACGGTACAACCGGAATTGATAACGATTTTGCAATTAAAGGGTTTGAAAACATCGGTGCATGGATTCTAGGAAGAAATATGTTTAGTCCATTTCGCGGACCTTGG
CP129490.1_gap61	1562017	1563746	1729	TTGCGGTTACTACTACATTCATTTCGGTTGTTGTAGTTAATTCTGATTTAATAACAATATTTTTCTCTATGTTAAAATAAGTTATTGCGTTACCGTCAATTTTTGGTTCTTCAAATTGATATGCCGCTTCACCTTGTTTTATATATCCGTCACCTTCGTAAGTGACATTCAAATCAGTCGTAATCTTTGCAACTAAATTATCGTCTTTTTGAACCACATCTCTCAGAGTACTTGTTGCAGTATTTGTTAGATTATAAAGTCCCATTGGCGATTCATAAACTAGATCCCAAGTAGAATCTATATTAGTTTCTTTTTCAGGTAAATATCTGAATAGTTGTTGAACTAATGGTTTCAATGCTTGTTCTTTCAACTGTGAGTTTATCTGCTCACGTTCTTCCGGTTTAATTGCGGGGGCTTGTTGAATCTCAAGATATCTATCAACTATTCCGGTGATATTATTTACTTCGACAATTCTTCCTTGATTGTTAATAACGACATCAAATGATTGATTTGGAAGTGAGCTGTATTCGGCGAATTTTAAATTGGTCTGCTCGTCATTAATAGCTTTTGAATCAAATGAAACAACCTCACCGTTATAATTAGCGGAAATTTCAACTGACTCAATTGATATTTTGACACGAGTATTGTTATCTGCTTGACCTAGTGATTCTAAATTAAAAATATAATTTAGTGTCTGTGAAACTTCATTTGTTATAGTGGAATCGGCAATGATCTTTTGATTAGTTGTGGCGACTGAAGTCAACTTGTAGGTCATTTTCTGACCTTGCGGAATTTCATAGTTTAATGCAAAAGCTTCGTTACGATCAATTCCGGAAGCCGCCTCAAATTCACCCGGAGCTTCAATCGAAGACTGACTTTCAGTATTGTCATTGCCGGATTCATTTTTTTTCTCATCACTTCCGCAGCTTATAAATATCATCAACGAAAGCAATAACACAAATAGTTTTTTCATTTCTTTTCCTTTAATAAAGTAAATAGTTTTTTCTAATCTCTTTAAACTCTGCTAAGTCTTTCCCCCAAGAATCTATAATTTCATTAACAGATTTATTGGAATTAATAAAATCTTTTATTTTAGCATTTCCCCAAAGCAAATCAAAGTGAGAAGTAAACTCAAAATTATCTCCATATAATTGTTGTAATGTTGTCAACAAGGTCAAAGCAGTTTTTAATGGATTATAATTTTCTCTACTAACTAATTTTAATTGAATACCTTCGCATATTTCGTTTTTATATTTAGGATTAGAAGCTTTATCCTCAATTGATACCGGAACAAATTCAATTGCTCTCAAAATAAAATCACCACTTAATATTGGAGTAAGTTCATCTTTCAACTTCTTGCTGTCTATAAACGGGGCACCAAAAATATGAAAAGGTGTATATGTTCCTCTTCCTTCAGAGATATTTGTTCCTTCAAAAAATACCGTAATAGGGTAGAGGAGAACGGATTCAAAATTTACAATATTCGGTGATGGATCCCGCCAAGGCAATTCCAATTCATCCCAGAATTTTGACCTATCCCAATTTTGCATTTTTATAACTTTTAGATCAGCTTTTGGAGCTATTCTATCATTAAAAAATAAGGCAAGCTCACCGATCGTCATTCCATGTATAACCGGAATATTGTCAACACCGACAAATGACTTAAAATTATCTTCGAGAATCGGACCGTCAACTAAAATTCCGCCAAGAGGATTCGGTCTGTCTAATA
CP129490.1_gap62	1570907	1574930	4023	GACAATCGGACGTGCAGTTTTAGGTAGAAGTGATCTGTAATGGGGCAATGGTACGAAGATTGGTTCGCATCTGATCTTTATCTTGACGTGTATAAGCATCGCAATGTAGAAGATGCTCAAAAACTCTTAAAATTAATAACTAATAACTTATCCGTATCAAAAAATGATCTTATTCTGGACGCAGCCTGCGGAGCGGGTCGATATTCAAATTTGTTGTTAAAAAATGGATTCAACGTTATTGGTTTTGATCTTAGTTTACCTTTACTGAAAAACGCACAAAAAAACTCTAAGAAAATTATTAATGAAAATATCTTCTTTCGTGGTGATATTCGTTCGGTTCAACTAAAAAAGAAATTCGGGTTGATATTAAATGTCTTCACAAGTTTCGGATACTTTGATACTGACGAAGAGAATTTCATGTTTATTAATAATTCCATAAATTTTCTTAATGAACATGGGTATTTTGTATTTGATTATATTAATAAGAAACAATTGATTCAAAATCTTGTACCATATTCCGAGCGAAATGACGAAGACTTTATTATCAAAGAAACGAGAAGAATATATAACGAACGTGTAATTAAGGATATCGAAATTCATAAAGAAAATAAGAAGTTTAATTTCACTGAATCGGTAAGACTATATAGTTCAGATGAACTGATAAAAGTATTTCAACAAAGCGGTTATAAAGTCATAAATGTTTTTGGTAATTATAAGGGCGATCAGTATAATAGTGAAAATTCTGAAAGGATTATACTCTTTCTACAAAAATGAAAATTAAGATCACCATATTACTATTAGTTGTATTTATTTTTTCTTGCGATTTATTCACTACGCGCGATGAAGAAGAACCGAAAAATATTGGTTCGACATACGTACCGCCGACTACACCTCAACTCTTATTTGAAAATCTTAAAAATTCTCTTTCTGAAAAAGTTATCGAAAATTATTTAGCTTCGTTCGTCGATTCTGCATTTATCAATTCAAAATTTAAATATATAGCTGCATCCGGTGCGGCAGCTACTTTTCAAACATTAGCCGATTGGGATTTATCGGCCGAAAGAATTTATATCAACAATGTATTTTCATCGGTTCAAAACGGTAAAATTATTCTCTCACTAATTAATGAAAATTCAACTCCGCAAGGTGACAGTTCAATTTACTTTTTTGATTACTCATTGAATGTACCTTTAAGCAATCCTGAATTACCAAGTGTTTATGGCGGAAGTGTTGAATTTGTTATCAAACTCGATTCACGAAATCAATGGGTAATTACAACTTGGCGTGATATTCAAAAAGAAAATTTACCTAGCTGGAGTGAACTAAGAGGAAGATTTTATTAAGTCGATTTTTTTTATATCATTTATTTTAATATTTATATCGGTAAGCTGTGTAAATCCGTTTGCACCGGCATTGGATGAGAACATCTCAGGTGGCGACGGTCTAATCACCGATCAGACTAATATCAACGGTGTTTTTCAAAATTTCCAATACGCTTATAGTTTCAGAGATACTACAATTTATGGGGATTTATTAGCGAAAGATTTTATATTTACATACCGAGATTATGATCTTGGTTTTGATATTTCCTGGGGCAGGGAAGAAGAAATGCGTGTTACTTATGGATTATTCCAAAACGTTCAACGTCTTGATCTTATTTGGAATGAAATTGTTTCCCTAACATCCGATTCAACAAATATTATTAGAAGCTTTGATTTAACTATTACCTTTAATCCAACAGACATTATTGATGTCGATGGAAGAGTTAATTTAACACTTCGAAAAAATGAAAACAGTAAATGGCAAATTGTTAACTGGCTTGATGAATCCAACTTCTAAATTTATATGATACTATTTTATTTATCCGAAGCTTTCCGATCGATCAAGCAATCTAAACTTGCATCCTTTATCACTATTGTTTCTCTCGCGATTGCAATCCTTGCTACTAATACTTCGGTTTTGCTTTTATTGCTTTCTAATAAAATTGACAGCGAGTTGAAAGAAAGAGTTGAACTTGATATTTTCTTGAAAACGGAACTATCACAATCAGAAATTGATTCATTCGGTTCACAGCTTAAAAAAGATCAACGTCTGCAGTACGTCAGATTTATTTCTAAAGATCAAGCTGAAAAGAATTTTATTGAAGAGACAGGAGAAGATTTCAAATCGATTTTGGAAGCAAATCCATTGCCGTCTTCGTTTAAAGTGAAATTTAAATCTGAAGTTGTTGCCGAAAACGCAATACAAAAATTTGTATCCGAAATTGAAAAAAACAAAGTTGTAGACGAAGTAATTTATGACTACTCAACAATCATTTCTCTAATTAATTTTATAAATTCAAGTAAGTATATAATATTCGGTATCTCATTTGTGTTTGTATTACTTGCGATATACTTAGTATATTCCACAAATAAATTACAGATTGAGCATAAGTTAGATAAATATAATACCATGAAATTGGTCGGAGCAAAGGTAAGCACACTTAAAATACCAATATATTTAACCGGAATTTTCTTCGGAATAATTGCAGGTGTAATCTCTATCACATTCATATTGGGCATCGGTGAGTTTATTCAAAAATTTTATTATAATTTTAATTTCCTTAATTATATTTATTTTGGTACATTAATTATCTTATTTTCTGGTATTGTTTATGGCATACTTGGAAGTATGATCACATCGCGTGGTATTACATTAAAAATTAATAAACTCAAATAAGCTTTTCAGAGGAATTTTATGAAGCTAAAATATCTTCTTTTGTTGCTGCTCTTTGCAACTATTTCGGTCATCGGACAGGTTAAAGATTATGAAATTGGCGTCTCCGCTATTGATAGAACTGCCAGGCAAGGCGGATTGTATGATTACTCCGATCCTTCCTCCGTAAATATGAAAGTAGCCGTTTGGGGTTTTATGCGTTATCCGGGTAGATATATCGTTCCCATAAATACAACTGTAGCCGATTTACTTTCCTATGCAGGAGGACCAACCGACGATGCAAATTTGGAGGATGTTAGACTCTATCGTGTGCTCGAAGATTCATCACAGATTATGATGAAAATAAATTATAATGACCTTCTATGGGAAAGTCATCTCGAGAGACCTAAAAAATTTATTCCATCTTTGAAAGGTGGTGACATATTATTGGTACCAGGCGCTCCACGTTTGTACTTTAAGGATTGGTTTAGTATCACCTTATCGGTTGTTTCTACTCTGATTTCTCTGGCTATCTTAATTATAAATATTGTTAGAAAATAATTCCGAGGTATTACAAGTGAAGAATCAAGATTTTATGCAAGAACAAAATGAAACGACATTAAAAGATTATATAAATTTAATAAGACAGAATCTACTTCCGATAACCGTTATTACTTTAGCGGCTGTTGGTATTGCCATCTTCTATGCACTCACAGCTACGAATATTTATACCAGTACAACTTCAATGAAGTTGAACAAACCTTCCGGAAATATTTTGGAAGCACCTCTTTTACCAGAATTCCAAGATTTTGGAAGTGATCGCTTTATTGCAAATGAAATAGAAATTTTAAAAAGTTACACTACAAGATATCAAGTCGCACAATCTCTTATAGATTCTTTTAGAATCTCAGATCATCCTGAAGATTTCCATTTAATTTATGACCAGGAAAAATTTTTCGATAACAATGAGCGAAGAGAATTAAAATCTTTAAATTCTTTGGCTGGAATGTTTTCTTCTGCAGCCGGCGTAGTTACTATTGAACAAAAAAGGGGATTGGATATTGTCGAAATTTCGGTCGAATCACCTTCCCCTAAAGAAGCAGCTTTAATAGCAAACATCTATGCCGATAGCTATCTGAATCTAAATCTTAATTATAATAGAAAACAACTTGTAGTAGTAAAAGAATTTCTTGAAGAGCAGCGAAAAGGTAAACTTGATGAACTTTTATTTGCCGAAGAACAGTTAAAAACATATCAGGAGGAAAGAGGTGTTGTTGATATTACTCAACAAGCACGTGCTTTAATTGATCAGTTGACTACCTTTGAGTC
CP129490.1_gap63	1695170	1697962	2792	CGATGGAAGAATTCATCCCGCAAGAATTGAAGAAGTCGTCGAAAAAGTTAAAAGCGAACTCGAAGAAGAAATTGCAAAAGATGGTGAAGCGACATTAATGCAATTGGGAATTCATGGCGTTCATCCTGAATTGACCAAAGCAATCGGTAAAATGAAATACCGTTCTAGTTACGGACAAAACTTGCTTCAACATTCTATTGAGGTTGCTTATTTAACCGGAGTTATGGCAGCTGAACTTGGTTTCGATACACACATTGCAAAAAAAGCCGGTTTAATGCACGATATCGGTAAAACATTAGATCGAGATGTTGAAGGTCCTCATGCTTTACTTGGTATGGAGATGACTAAGAAATATAAAGAACATCCTATTGTTATTAACGCAGTTGGTTCTCACCACGAAGATATCGAAATGGAACATCCGATTTCTGCATTAGTGCAAGCCGCAGATGCTATAAGCGGAGCAAGACCTGGCGCAAGAAGAGAACCTTTAGAAAGTTATGTTAAGAGATTAGAGAATTTAGAAAATCTCGCTAAATCGTTTGAAGGTGTTGCTAAGACTTATGCAATCCAAGCTGGTAGGGAAGTACGCGTTGTTGTTGAACCTGATAAATTAGATGATGATTTATCGGATCGTTTATCATATGATATAGCTCAGAAAATTCAAGAAGAAATGGAATACCCGGGACAAATTAAAGTCACAGTTATTAGAGAAGTAAGAAAAATTAATTACGCAAAATAGTTTTAGGTTATTAATCATATAATGTCATTCCCGCATGATTTAAGCGGGAATCTACATTATGCTTAGATGGATTCCCGACTTTGCGGGAATGACAATACATGCCAAAAAAACTAAAAATTGCAGTAACCGGCGGAATTGGAACGGGCAAATCATCCGTCTGCAAAATATTTCAATCTCATGGCTATCCGGTTCTGTATGCCGATCAAATTTCAAAAGATATTCTCTCCACTGACAAAATAATCCAGCAAAAAATAATTGAAGAATTTGGTTCTAAATCATTTATCGATGGAGAACCCAATACCAAATTCTTATCAGAAAAAGTTTTTTCGGATTCTCAAAAAGTTAAGAAGATCAATTCAATTCTTCATCCCGCAGTTATAAATGTAATTAATAAGAAAATGGATGAGGGATTAACAAAATCAAACATTGTCTTTGTCGAAGCGGCATTAATTTTTGAAGCAAACATGGAAGATCTATTTGATTATGTGTTGGTCGTCAGTGCATCAGAGCAAGTAAAAATCGAGAGAGTTGTTAATTCCAGAAAGATGAATGAAGAAGAAGTAAAAAAGATTATCAATAACCAAATTCCGGATGACAAAAAGAAAAGTGCCGCAGATTTTGTAATTGAAAACAATGGAACTGAATCGGATTTAGAGAAAAAAGTAAATTTTATTCTGATGGTTATCAAATCACTAAAACAATAAAAAAATATTATTATAAGAGATAATAGGGTCTTAACTTGCTTTATGAATTACGTTCATATATTTTTGATAGTCCAAAATTGAGGTGTATTCGTGAATCCACTTAATATTGCTATTGTACAATTTGTAAAGTTACTCCCGAAATCGATAGTTCACATTTTTGCTAAAAAATATGTTGCTGGTGAAAAATTAGAAGATGCGGTACGTGTTGTTAAGGAATTGAATGCCAAGGGTATTGTCGCCACGATGGATGTTCTTGGTGAAGCTATTAAATCTAAAGTCGAAGCTGCGGAAACAAAATCTCAGTACTTTGAACTTCTGGATACAATTCAAAAAAACAAACTTAATTCCAATATTTCTATTAAACCAACCGCACTTGGTTTGGCGATTGATGTGGATTACTGCAAAGAATTGATCATCGAGATAATAGAAAAAGCTAAATCAATGGACAATTTTGTGCGGATCGATATGGAAGACTCGCCGTTTACTCAAACAACCATTGATATGTTCAAGGAGTTACGCGAAAAATATTCGAATGTTGGAATTGTTCTCCAATCATATTTAAGAAGAACATATGACGATGTTGTTGATCTAAATAAAATCGGAACTAATTACAGATTATGTAAAGGTATTTACATAGAACCGGTAGAAATTGCATTCAAAGGAAGACAGGAAGTTAGAGATAATTTCATGAAATCTCTGGCAAGAATGTTCGATGACGGAAATTATGTGGGAATTGCAACCCATGACGAATACTTGATAAATGAATCTTACAAACTGATCGAAGAAAAAAAGATTTCCAAAGATAAGTATGAATTTCAAATGCTCTACGGTGTAACAGAACATTTAAGAGATAGAATTAATGCCGACGGACATAAAATAAGAATATATGTTCCTTACGGTGAACAATGGTATGCTTATTCGATCAGAAGATTACAAGAGAATCCATCCGTTGCTTGGTATATAACTAAAAGTATTTTTTCTTTTAAGTAGATGAATGTATTAGGAATAGAAACTTCGTGTGATGAAACTTCTGTTGCAATTATTAGTAATGGACGGTTAAAGGCAAATCTTATATCCTCGCAAGATTTCCACAAATTTTACGGTGGTGTTGTGCCGGAGCTTTCAAGCCGAGCACATTTACAGATGGTGAATCCACTTCTTAGAAATGCCTTATCCGAATCAAAACTTTCACTAAAGGATATTGATTTAGTCTGTGCAACTGCCGGTCCGGGTTTAATCGGAGCATTGTTGGTAGGATTAACATTTGCAAAGGGTCTGTCTCTTTCACTTGGAAAACCTTTTATCCCGGTTAACCATATAGAGGGACATATATTCAGCGGATTCTTGAT
CP129490.1_gap64	1702407	1704063	1656	GGGATTGGTTGTTACCGGAAGTGAAATAGTTGGAATGGTACCTTATACCGCATTATTAGAAACCGGGAAATTTTATCTTAGAAATCAACACAGATCAGCCGGGATACCAATTAAGGATATTTTGGAAACAGCGGTTCAGTCACTTGGCTTAAATGATGTTTCACAATTTAATATTGAGGAAAGAGTTCTCGGTCTTCCAAAAAATCTAGATAACCCTTTAGTAGAAATGAAAGTAACTGATTTTGTCGATGAAGTATCAAGAGAATCTCCGGCACCTGGTGGTGGATCTATTGCGGCTCTTTCCGGAGCGTTAGGAGTTTCGCTTTCATCGATGGTTGCTAATCTAACAGCAAACAAAAGGGGAAGTGAAGAAGTTGACAAAATTTTAAACGATGCCGCTGAAAGATGTCAGGAAATTAAGTCCAAACTTGTTAAGTCGGTTGATGATGATACAAATGCATTCAACCAGTATATGGATGCCATGCGAATGCCGAAGAAAACTGAAGAAGAAAAAAAGAAAAGAACTGTGGCTATGCAAGAAGGATTAAAAGTTGCTGTTCAAGTTCCTTACTCAACAGCGTTATTAAGTCTTGAAGCGATAGAGATTGCAGAAGTAGTAGCTAAACATGGAAACCCTAATTCTATTACAGACGTTGGTGTTGGAGCTCAAAGTGCTTACACAGGTGTCCTGGGTGGAATTTATAATGTGTTGATAAATCTAAAAGCTATAAAAGATGAAAACTTTGTGAAAGAAATGAAAAGTAACTGCGATGAATTGAAAGAAAAATCAATAAAGAAGTTGAACGTTGTTCTTAGCTTTGTCGAATCTAAATTATAAAAGATTTATCACCACGAAGGACACGGAGTAACACAAAGAAATACTCTGTGATTCTTTGTGCCCTTTGTGGTGAATACTATTTTTTATAAATCACTTCACCATCTTTAATTGTCATTTCGCAAATATTCTTCCCGACTTGATAAACTATATCAGCATAGTTGTTTGTATCGAATACAGAAAAATCAGCTCGCTTCCCGATCTCCAAACTTCCAACAGATTTTGATTTACTTAATGCAGCGGCAGAATTGATCGTCACAGAAGTAATTACTTCCTCAATTGATAATTTCATTTTCAATGCAGCAAGACTCATTATAAAATTTAAGTTTGCTATATGAGAAGAACCGGGATTATAATCTGTTGCTAATGCAATTGGAATTTTATTTTTAATCAATTCTCTCGCCGGTGCGTAATCATAATTGAGGAAGAATGAAACACCGGGCAAGAGCACCGCAATGGTTTTTGACTTCTTTAGTGATTCGATTTGTTCAAGTTTTAAGACCTCGAGATGATCAACACTGATTGCCTTATGCTTAATTGCAGTTTCCAATCCACCGATATTATTAAATTGCTCAGTATGAAGTTTTAATTTTAGTTTATGCTTAGAAGCTGCATTAAAGATTCTGTCCACTTCTTTAGCGGAGAAAGCAGTCGATTCACAAAAAACATCACAAAATTCAGCCAGTTTATTTTCAGCGACATAAGGAATCATTTCGTCACATATAATTTCGATATACTTCTTGCGATCTTTTTTATATTCAGGCGGAAAAGTATGGGCACCCAAAAAAGTTGCAACAATATCGATCGGAAAAATCTTATTA
CP129490.1_gap65	1828541	1829578	1037	ATACTCGGTCAATTAGTTTGGGAGTATAAAGAGTTACAAAAACCGGTAGGTTATCATGAAGTATTATGGAACAGTCTTAATAGCAGTAACAGAAATGTAGCCAGTGGAGTTTATATATATCAAATTAAAGCCGGAAGTTTTTTTGACGCAATGAAAATGATTTTGTTGAAGTAAACAAGTAAAAATTCAGAGGAACTTTTGAATAAAATAATATTAGTTATTCTGTTTGTATCTCTTCAATTGCTCGAGGCTCAAGCGCAAAATATTGTTTCAATCAATGATGTGACTGCTTCAGTTGGAGACACAATAAAGATAGCAGTCAATGTTCAAAACGTTGATGAATTTGTTGCTTTCCAATCAGACATTGTTTTGCCCGATGTTTGTATTTATCAACAAGGGTCAGTAAAACTTAGTGAAAGAGCAGAGGATCATACGTTATCTGCTAATCTATTAGATGGAAATGTTCTGCGGGTAATTGCGTTTTCAATCAGCCAAAAAAGTTTTTCGGGAAATAGTGGTGAGTTGATAACATTTAATGTTATTCTCAAAGATCAGCCGGGTGATTACATAATAAATATTTCTAATTGTGTTTTAGCTAATAGTAATTCGGATAATATTCTTACCGGTATTAATCCGGGTAATTTAATCGTAAAAAAAAAGTCCATCATTAAAAAAGTTCAATTAAATGTGGGTTGGAATTTAGTTTCAGCCCCATTGGTAAAAGATAACATGAATTATTTGAGTGTGTTCCCCACCGCAATTTCACATCCTTATGAATTTACGGATAGTTATCACAAAATTGATACTCTCAGAATTTTTAGCGGATACTGGATAAAGTTCTCTGCCGATTTACTACAACAGATAGAAGGATTAGAAAGTGATGAAAATAGAATTCCAGTTTACCAAGGTTGGAATTTAATTGGCAGTTTTAGTGACTTAGTTTCAACGGGTGAAATGCTTCAAGTCCCAAATGGTATAACATCTTCGGAGTTTTTCGAGTTTGATGGTGGTTACAAATCAGTAGATGAATTACAACC
CP129490.1_gap66	1830767	1833235	2468	TCTTCTGCCGAGCAAAGTTTCCGCATAACCCTTTTCTTGAGCGAATTTTACGGAATCATCCATGAACTTTTTTACATTTTTGAATGTTCCGAAATAAGTATCAATTATTTCTTTCGCATGATTTTGAGTTATTCTTAATCTATTTTTCAATCCGAATGGTCCGATTCCATAAAGGATTCCGAAATTAACTTCTTTTGCTTTTCTTCTCATATCTGCAGTAACATCGTTCGGATCAACCATGAAGACAAGTGCGGCGGTTCTTCTGTGAATGTCTTCGTTATTCTTAAACGCTTCCATTAAATTTTTGTCGCTGCATATACTTGCCATTATTCGAAGTTCAATTTGACTGTAATCCGCACTGAAAATAACATGATCTTTATCTCTTGGAACGAATGCTTTTCTTATTTCTTTTCCAAGTTCGGTTCTGATAGGAATGTTCTGCAGGTTCGGATCTAAACTTGACAATCTTCCGGTCGATGCAACAGTTTGATTAAACGTAGTATGAACTCTTCCGGTTTTAGGATTAATTAATTTGGGTAATGAATCCGCATAAGTTGATTTTAGCTTGGCAACTTGTCTATAATTCAAAATGATATCTATTATTTCATGTTCGCCTTTTAGGGATTCCAGAGATCTTGCGTCCGTTGAAAAACCGGTTTTTGTTTTTTTAGTCTTCTGTAATTTTAATTTTTCGAATAAGATTTTTTGAAGCTGCTGAGTAGAGTTAATATTGAATTCTTCTTCGGCAAGCTTAAAAATTTCTTTCGTATAGTTATCTAATAAAATTTGTAAATCCTTGCTGAACGCCCCTAAACTTTTCTTATCAACACTAATTCCGTTTCTTTCCATATCTTCAAGAACTTCAACTAACGGGAATTCAATTTCGTATGCGACTTTCTCTAAATTCTCCTTCTTTAATTCTTTCTTAAATAATTCATAAAGGCGAAATGTAATGTCGGCATCTTCCGCCGCATAATTAGATAACCTTTCCAAATCAACTTCGTATATTTTGGACGCTTCTTTCTTCGCACCAATTAAATCAGACAATGGAATTGGAGTGTAGTTGAGATATTTTTCTGCTAAACTATCCATACCATGTTTTTGGTCTGGATCGATAACATAGCTTGCAAGCATTGTATCAAAGTAAAAGTTCTTTACTTCTATTCCATGTGTTCTTAAAACTGCAATATCATACTTACCGTTTTGACATACTTTTTTGATCTTCTCGTTTTCAAAAACCGGTTTGAATATTTTCGCAAACTGATCAAGTTCAATTCTATCCGATAAATCAGTTTCGAAAAGTTGAGTTGTTTCCTTTGACGGTTTTATCGGAATGAAATAAGCTTCACCACTCTTACAAGCGAATGCACAACCGGCAAGGTTTACGTTTAAGACATCGAGCGAATCTGTCTCGGTATCAAAAACAAGTAATTCCTTTTTTGATAATTCATCTGCTAACTTTGCAGCTTCCTTAATTTTATTTACAAGATAATACTTCACTTTTTTCGAGTCGAAGTTATCAACTTCATCATTTAAATATGCTTCTGTTGTTTCGGTGATTGCCTTATCTGCTTTCTTGCCAAAAAGTTTAATAAGCTTATCACCGAAATTTTTGAATTCTAATTCGACAAATAACTTTGTTAATGTCTCATAATCCGGTTCGCAGAATATTGCGTCTTCTAAATTAAATTCAAAATCAACATCGGTTACAATTGTTGCGAGTTCTTTTGAGATGATTGCATTTTCTTTTCCTTCTTCTAGCTTTTTACGCAAACCGGCTTTATCAATTATGCCAATATTCTCATAGATATTTTCAACAGATCCGAACTGTTCGATCAATGGTTGAGCAGTTTTTGGACCGATTCCCGCAACACCGGGTATATCATCACTCGAATCGCCAATCAATGCCAAATAGTCAATCATTTGAATAGGTTCAAAACCATATACTTCTTTAACCTTTTGCTTATCGAAAATCACTATTTCGTCGGTCGATTTACCCGGCTTAATAACTTTTACATCGTCAGTTATTAATTGCATGTAGTCTTTATCCGGTGTTATTGCAAAAGCTTCCAAGCCGGCTTCGGCAGCTTTTTTAACTGCAGTACCAATTAAGTCATCGGCTTCAAATCCGGATTTAATGTAAAGCGGCATTTTGAATGCTTCGATAACTTCTCGGATTCTTCTGATTTGTGGAATCATATCTTCCGGCATTGCTTCTCTGGATGATTTATATTTTTCATATTTATCGTGACGGAAGGTTTTTTCTTTTGAATCAAACGCAACAGCTATATAATCGGGTTGAGTATCATCTATAATTTTAAATACTTGGTTTATAAAGCCATAAACAGCTGAAGTCGGTTCACCTGATTTAGTTTTTAACGGTCTATTTATAAAAGCAAAATAAGCTTTGTATGCTAAAGCCATTGCGTCGATTATTACAAATTTTTTCTTTTTTGCCATATGATTTG
CP129490.1_gap67	1981567	1985834	4267	TTCACTTGCTGACCAGCGATCTAGCCTAAAACCAGTATGATTAGATGAATTAGTTATCCATGATAGGCTTACTTCCTCGGAAGAATTTTGAACTGCAGTTAAGTTTGATGGCGGCTCAATTCCGTTTTCTTTCACTAAATCCATACCTCCGGTAATCATTGTACCGCTAAAGTCCATTGTAAAGGTACTTTTTAAACTGTCTGAAGTCAGAATCCCTGCACCGGTCATCAGCCCAACTGAGGGATTTACAGGATTATCTTCCGCAGTTCCGGAAAATTCACCCGTTGCAAAAAGTATGTTACCGTTTATATCACCCCAGATTTCGTGTGTTAACGATATTGTTGCCCCGGAATCATTATAAATTACTTCTTCTATAAATGTATCTATTGAGGATTGTCCGAGAGCTGTGCCACCAATATTAAAAGTAGCAATCACTTTTTGCTGACCTTCATCAACCACAATTAATATTTGAGCATCACCGGTGCTCAGAAAGAAATCATTAATCCAACTTCCAGTCCAGGTACCACTTAATGAATTTATGTTTTTGATTTGTGAGAACAGAGATAAGGTGAGCAAGAAAAAGAAAAAATAAATCATCTTCTGCTTCATATTGCACCTCCATAAAAATGATGTGAATTTAATTTAGTATTGATTTTAAATGGATGCAAGGTTTTTTTATTGGACAAAAAAAAAGCTGTCAAAATTTGACAGCTTTTTTAGAATAATTTTAAAAGGTTATTCCATTATTGCGTAAGGTCCATCATCGGTCATAGTTAATGTGATAACAAAATATTCACACAAATCAATATTTGACCAAACCGCAGAACTTCCGTCAGCTGCTACGGCTTTAATATCCCAACCACAATCTTCATAACCCTCAAAATATATGTCGCATTCGTCACCTGCACCAAGTACATCAACTGTAAGGACATCTTCTCCCCAAGTTGCTTGCGATGCCGGTGAAATGTAAACGTAAGAAATTACAAAATCAGTTCCGTTTACTAAAGTAAAATTTTGTTCTTGCGAAAATGAAGATGATACAACAAACAGAAATACAGCGACAGCCATTAAGAATTTTTTCATAAGACCCTCATTAAAATATTGTTAAAATTTTTTTTGGAATAATTTATTATTCAGGTGGAAGGGAACGAATAATAATAAGGACAATTTAACTGATTTACAATCAATTCCAATATGTTTTTTTTATATATTACAAAAGATGCTGCGATCTGATTGTAATATTTTTCTTTACTATGATATTTTATTACTGATATATTTGCATTGTACTTTTTGACAAATTTAATGATCAAATGTAGTTTTTATCGCCAAAATAAATTCTTTGTCTACTCTCTTCTTTTTATAATTCTTTCTCAGAATCTTCACATTATTTCTTCCATGCTCAGTTTTTCAGAACAGGCTTTTAATCCGATATACATAAACTGCTTTTCAAGTCTAAGTGAGTCACCGGCCAAAATAGAAAATGAGTCGAGTAAGGTTAACTTAAATCAGAGAAAATTATTAAACATAAATGAAACAAATGAATATAAGTCTGTATTACTTTCAAGCCGGATTAAGATTCTTGGTGAATATAATATTGATCATGAAAAAGCATTATTCCACATCATTCATTTTATTTTGAATATAAATAATTCTTTTCGACCCCCTCCCGCTCTTCATCTCTCATAGTTGTTAGTTGAGCCGGTAGTTTCCGGATCAAGTTATAAACTCTATTACTTAAAATAAATATCCCACGGCGTTTCTAAGGTAAATCTGCTGATTAATCAGCTAAGGTAATAGTTATATAACCAGAATTAACATAGCTAATAAAATATTATGGAACTAAAATGAATGAATTACACAGTCTGGGTAGTGCTGTAGATTGGATTGTAATGATCTGCTATTTCGTTGGTATTATGCTGTTTGGAAGCTACTTCGCAAAATATAATCGTAATACAACCGACTTTTTTTTCGGTGGCAGACGATTTGCTTGGTGGCTGATTAGTATTTCAATTGTGGCAACGGGGGTTGGAAGCCACAGTTTTGTGAAATACTCAGCCAAAGGTTTTGAATACGGAATTTCATCAACAATGACGTATATGAACGACTGGTTCTTTATGCCTCTTTTTCTTTTCGGGTGGCTGCCGATTGTAGTTTATTCTAGGATAAGATCAATCCCAGAATATTTCGAATTGAGATTCAGTCCAAGTGTAAGATTAATTGCAACAATTTTTCAACTTCTTTATATGATAGGCTATCTTGGTATAGGTCTGCTGACTTTAGGAAAGGTGTTTACTCCATTGCTGCCTCAGTCAATCGAATTCATTGGATTAAATATCAATATAACTCTGATGGGAGTAATCATCACAATCGCTCTCATAACTGGTATTTACACCACATTTGGCGGGCAAACCGCAGTTATTTTTACAGATCTTATCCAAGGGGGAATACTACTAATAACCGGTGTAATCATTTTTGCATTGGGTATAAGTTATGTGGGCGGAATTGATACATTCTGGAATTTGCTTCCGGTAAGTTGGAAACAACCGTTAGCTAATTTTAACTCTCCGCCGGATTTTAACTTTGTCGGTATCTTTTGGCAGGATGGGATTGCGGGATCTATCGGATTTCTGTTTATGAATATGGGATTAATAATGAGATTTATGTCTGCCAGAAGTGTAAACGAAGGAAGAAAAGCGGCTGTATTCAATGTATTATTTATGTTGCCAATTTCTGCAATTATTGTTGGTAGTGCCGGCTGGATAGGTAAAGCACTTCTTGAAATGAATCCCCCGCAATTAAACAGCGATGTAAATCCGGATCAAGTCTTTATAGCTGTTACTCATATAATCGCTAGTAAAGGATTATTTGGTTTTGTTGTCGCAGCTCTAACAGCAACATTACTCTCTACTGTCGATTCGCTAATTAATGCGATTGCAGCAGTTTATATGAACGATATTTACGCACCTTTAAAGAAGTGGTTGAAAACCAAAGCGGGCTCGCCCCAAATTCAAGCAAAAAAAGAGTTGAATGCCGCTAGAGTAGCTTCGATATTATTTACGTTTGCAGGTGTGATTGCGACCATTCCTTTTAATACATATCCAACTGTTTATGAGGCACATGGATTTTTTCATTCGACACTAACCCCTCCGCTTGTAACTGCAATTTTCTTAGGAGTTTTTTGGAAAAAGTTTACGCCCGCGGGAGTTCTTACAACTTTCATCGGCGGTTCTTCACTGATGATTATCGGTTCCCGATATCCCGATATTTTGATAACTCCAATTGCACACGGTACTCCCTTCGATGCTGTCCATCCCTATTCCTACATCAGTGCACTCTATAATTTAATTGTCTGCGTTAGTTTAGGGATAATAATTACTTATTCACGAAAAGTGTTTATACATATTTCCGAAAAGCTTAAGTCCGGAACTTTAGGAGACAAAGTAACTTACATTCTAATTACAATAGTCGTTCTATCACTTGTTGCAATCTGGTTCAATCTTGTCGAAATGTATTCATCAATTTATTTAGCAATACTCATTACACTATTCGTATCTGTTATTGCAGAATATAAACTGAAATATGATGAAAAAATTCACCTCGAAGGGTTGACGGTATGGTCTGTCAAAAAAGCAAAAGAGAGATTTAAGGGAAAGGAGTTGAATGAAGAACAGGGTGAGAAAATATTTTGTAATTGGATAGTCCGTGATGATGAAAATGATGAAGTGAATATTTCGTTTAATGATATGAATAAATTAAAAGCGAGGGTGGGTGATTTAATTTATATATCTGATAAAAGAAAGTATCTGGGCGGCTTAAAGTCTTTCCATTCCAAAATTGGCGAACCTCACACCAATGATGGGGAGATTTTCATAAGCAAAGATCATCTACTATCTGCTCAGTTCAGCGAGGATAAAATTATCTATGCTGAAAAAGAGATGTAAAAAGAAGTTCGATTTGTGAGAGTGAATACTTCATCAATCTAGGAAAGCTATATGACAATTAACAAAGAATCATGGGGAAGCAGAGTAGGACTTGTACTTGCAATGGCAGGTAATGCAGTTGGTTTAGGAAATTTTTTAAGATTTCCCGCTCAAGCTTCACAGAACGGCGGTGGCGCTTTTATTCTTCCTTACTTAATTTCTTTTCTTCTTATGGGTATTCCCCTTTTATATATAGAGTGGGCTATAGGAAGGCATGGTGGTAAGTTTGGACACCACTCAGCTCCGGGAATGTTTCATGTACTGGGTAAAAATAAATTCTTAAAATA
CP129490.1_gap68	2020275	2022195	1920	CGAATAACAACTTTGATATATATTTAGTCTGCTCAAATGAATCATCCGATGCACCACAAGCAAGTATAATATTTATTTTCTTATACTGATTCATATATCTCGAATCGCTTAAACCAAATAAATAATCCAGCGGACTGTTATAATATGCTTGTTCATCAAAGTGGCCGTGAATATTTTGTTTAATATCAAATTCTCCCCCAATCGTGATTAATCCTTTTGCAAGATCGGGATATTTTAAAACAGTATTGAGAGCATAATATGCTCCAAATCCAAAACCACCAAATATTAGCTTATCTTCTTCGGTTTCGTAATTTGCAAAGCCAACAATATCATGTAGAATTACTTGTTCGAATTTTTGATACTTCTCAATTCGTTCTTCTGGGGTTAGTTTGAAATCAAACCAAATTTTGGAATCGTAGCTATCGGGGCAATAAACTTTAATTATACCATCATCAATCAGATTTCCTAAACTTTCGACAACACCGAAATCTTTATAATCGTAATAATTGGTAAACTTTTGCGGAAATAAAATTAATGGTATTCCTTTTTCACCAAAGACCAGCATTTTAAAATCTTCACCAATCCATTGTGAATACCACTTATGAAAATTTTCAGTCAAGAAATTGCCCTCGAGTATATTGAAGCAGAAATATACTGAAGGGGAAATTAAGTTGCACTATCTGTTAATTAGTTCTTGGCAAATATCTCTCGGACATAGGTTACAACCAGATCATCAATTTCAGACTTATCTTTATAACCGAGCTTTTTAGCTTGTTCTAACCATTTATTAGTTGATTCAGAATTATTTGGTGTTGACAAAGAAAGCGCCGCATATAATTCTTTTGATTTTAGATCTTTATTAAGGGCTTTTTGAAATCTTGCATGTGCTTTTTCATATTCATTAAAAAATGTTAAATGAAAATATCCGAGGATAAAATCATATTTTGGATTATCTTTTTGAGCGGTTGATAATTTTTTAACTTCCGTAAATAGTCTATAATCCTGAAATGAAATTGAATTATATTTTTGTTCTTCCATAAAGTTTAATACAGTTTTCATATTCTCAGGATCGAAATATCCACTGACTAACTCGATAAATTTGAAATCCGGTGTAAAAAATACTGTTGCCGGATAACCTCGAACACCGACTTCATTGGCTAATTCTCTATAAGACATCTCACCACTTTTGAGTTTAACTGTTCCTTGTTTCTCCGGATTGATCTTTACCACGACAAAATTTGCGTTCAATATTTTTATTATGCCTTTGTCAGTATAAGTTTCTTTATCCATCTTTTTACACCAGCCGCACCAATCGGTATAAAAATCTATGAGTATAGTCTTGTTTTCTTTTTCGGCAATTTTCACTGCCTCTTCTAAACTTAACCATTTTAATTCGTTTGCGCTGACTGATGTAAATAAAATTAATGTCATAAAAAAGAATATATTTTTAAACATATTATTATCCCGTTTTGTTAATTCGTTAGATGATTAAAATGTAAAAATGTTTCAAGAAATGAAAATAAACTTAGAGGATATCCCCGGCTAATTAACCGAACCGGGGATTCAAATTTGAGACTAATTAAAGAAGTGATCTATAACTTTGTAAAGTTTTCATGTAGTTAGCTCGTTCAAAAGCTGCTGGTTCACCAACTTTCTTTTGGCTCATACTTCCCTTCATCATTTGGATTGATTCATATTCATGTTCTTCCATCCAGTTCTTCACTCCATCTAGTAATTCTTTTACACGAGAAGTACCGTTTAATAACAAGTTCGAAGCAATCTGAGCAACATCTCCGCCGGCCATCATTACTTTAATGATGTCTTCCGATGAATGCACGCCACTAGTTAATGCCATACTTGCATTGATATTTCCGTAGAGAATTGAAATCCATCTAAGTGGTAATCTCATTTCAACATTAG
CP129490.1_gap69	2033500	2034557	1057	GCTAAATGTTAAAAATAAAAAACTTAACAAAAACATTCGGAAGTTTCACCGCAGTTGATAATATCTCACTTGAAATAAATAAAGGTGACTTATACGGATTTCTCGGACCAAACGGAGCCGGGAAAACCACTACTATTAAAATCATCACGGGACTTTATACTCAAACTTCCGGAAGTGTTGAAATTGACGGAATTGATATTTCAAAAAATCATATTGAAGCAAAAAGAATAATCGGATATATACCGGATCAACCTTTCCTTTATGAAAAATTAACCGGAAAAGAGTTTCTATTTTTTTCAGGCGGACTTTATCAAATTCCCAAGATACTACTTCGAAAAAAAATTAATGAAGTGATCGAAGTTCTCAATATAGGTGACTGGGTAAATAAACGTACTGAAGAATACTCACAAGGAATGCGGCAACGAATTACTATTGCCTCTGCCCTTTTACACGATCCGAAATTAATTGTTGTAGATGAACCGATGGTTGGATTAGATCCGCAAAGTGCTCATGTGATTAAAAAGTTATTTAAGGAGCTTACAAAAAATGGAACTTCCATTTTCATGTCAACACATTCACTAAATGTGGTTGAAGAAATTTGTAATAAAGTTGCAATAATTAATAACGGGAAAATCATTTTTAATGATGAGATCGACAAACTATATGAATTACAAAAGGATATGGATCGTAATCTCGAACAAATTTTCATACAATTAACAAATTGATGGCAATAATAGTCCACATACTTAAGTATAAATTTCTATCATTTATCAAGCTCAATATTTCCTTTGAATTCTCAAATGTGTTAAAAAATACCGGTAGCTTTCTTGTCTATTCTTCATTCGCAATAGGAGCTTTTTTTTTCTCATATTCGACTGTTCAATATCTACTTGAAGAATTAAAGATCGGTTTATTTTTACTGCATGAATTTTTCTCCATCACCTTGTTCATTTTTTTTATTGCAGTAAACATTGGGAATATTATTGTTTCATATTCTACGTTATATAAATCTGCTGAGGTGACATATTTATTTAACAAACCTATCCGGCCATCTGCG
CP129490.1_gap70	2159471	2161440	1969	ACCGCAAACTGCTTGGTCATTTGTAAGTCAATCGCGATCAGATTTGCCTCGTGAAATAGGCGGTGTGCTTTGGTACGGTGTTGATGATACATATTTTACTGTTTATGTTCCGATGTATGCATCCATCACAAAAGCACCTTATAATTTTGGAGAAGGTATTGCATCACTTTCAAAATTTAGCTGGGATTCTGCTTTCTGGGTTTTCAATTTTGTCTCAAACTTTTCATATCCAAAATTTTCTTTAGTTATAGAAGATGTACAAAATGTACAAAATGAATTAGAAGGTAAGTTCCTTTCACGTCAAGCTGCGATTGAAAATGCCGCATTAGCTTTATATAAAGATTCTCCCGGCAAAGCAATCGATCATCTAACAAATTATACAAATGAAGTTGCTGATCTCACAATTAAGAGATGGAAAAAACTTGGCGAGGATTTGATCCTTAACTATATCGATGGAATAAAAAAGGATGAATATTATAAACCAAAGAATGTCGGTTATCCGGAAGAATTCAAGCAAAAGATTATTGCTGAAAGCGGTGAACGATTCAAAATGAAAAAACTTTCAGTAGAAATTGATGAAGAATATCGCTCTGCAAAGAAAGACGCAGATAATTTATTGAATAGTAAAAAATATGCTGAAGCAAAGGAAGCATTCAAAAAATTGGTTGAGTTAAAACCTGACGATGAATATGCTTTGGCAAAGCTCAAACTGATTGACGAAACACTTGCAAGAATCGAAGAACTTCACAACGAAAAATTTAACTCGAAATCTTCTGAACTCATTAGTCATTGATCAAATACAAAGCTTCCCGCAATTTCAAAAATTGCGGGAAGCTAAAATTACTTTTTATGGAGTGAAGTATAACGGTGCATCCGGTCCTAATGGCAATTCTAGTAACATCCAAATAATCATCATAGGAATACGGACTAAAGCAAAGACAATTGCAAACGGAAGCATTGCTGAAATTAAAGTTCCGAGTCCAATATTCTTAACATACTTTTGCGCAAATACAATTACTATCGGAAAATACGGAAGTAAAGGTGTAAGTATATTTGTATAAGAATCACCGATTCGATACGCTGCCTGTGTCATCTCGGGCGAATAACCCATTATCATTAACATAGGCACAAAAATTGGAGCCATAATTGCCCACTTTGCCGAGGCACTACCAATCAAAATATTTATTAGCGATGAGACAAGAATAAACGCCACAATTAACGGAATTCCGGTAAAGCCAATTGATTTAAGAGTATCGGCACCGCTTACTGCTACTATTAATCCTAAATTCGACCAGTTGAAATAAGCAACAAATTGAGCGGCGGCAAAAGCAAGAACTATATATCCACCCATACTTGCCATTGATTCGCCGGTCCATTTTGCAACTTCTCTATCGCTCTTAACTGTTTTTGTAACTATTCCATAAACCAATCCAACAATAAAAAAGATAACAAACATTAACGGGACTATACTGACAAAGAACGGCTGCATTCCACCATTCTCATCTCTTAAAATTGCATCTTCCGGGATAAATAAGTAAGCTGTAATAGCAAGGCAAATTACTAATGTTATACCAGCCCATCTCAAACCTTTACGTTCAAGTGGTGTTATTTCATCGGTTGATTTTTCCAATTCATCATGAGCTTCATATTTTCCTAATCTGGGTTCCAATATTTTATCAGTAACCCAAGTGCCGGCAATTCCAACAATTGGAACAGATGCCGCCATTAAATACCAGTTTGCCGTTGCATCAACAACATAGTTTGGATCTATAATACGTGCAGCAGGTTGAGTAAACGCTGCAAGTAATGGATCTAAACCGGTTAAAAATAGGTTGGCACCAAATCCACCCGAAACACCGGCAAAGGCAGCAGCTAAACCAGCTATAGGATGTCTGCCCATTCCGTAAAAAATTGCGGCACCAAGAGGAATTAAAACAACATAACCTGCATCGGCAGCAATACTTGAAAG
CP129490.1_gap71	2337852	2338710	858	GAACGATAGTTAGCAAGTCTCTGAGCTTGAGATGAAAAATCTCTATGCGAAATAATTATATATTCAGAACCTTGTTCGATTCCACGAATATTAGAATTGGGTACGGCTACAGCATTCGATATTGATCGAAACTTTGAATTTGTTAAAGCAATATATTTATTTCTTTGAGTCTGTGTTCCTTGAACAATAAATTGGAAATCCCCTCCGCTCAGTACCAATGGATTGATCTTTTTTACATTTCTATGATCTGTAACATCATAAACAGCTATTAAAGAATTTGTGAAATTAGATAAATTAAAACGAATAAAATCATTTGTTAGATCTGAATAAAAAGTAAATTCATCATCAACTGCCCGAAGACTTCTTTTGTATTGAATTTCGAAATAGTCGATATGAGCTTGCGAATTTGAAGTAGGATTGTTTATTGCGAATTTCAACGCGCTTCTATTGTTTGGTAAAGTTCCCGTAAAAGTTGCTTTATCTACAAGTTGTCTTCCGAAAACATAAGAGGTATTACCCCAACCGGTTATCGTTCCGGAGTAAACGTTTACACCATTTTCTTCAATGAGAAGATTTATTGGATTTGAAAATCCGGTACTTGTTGTATTTGCGACTCTAAAATTATAATTGATTACCGAACTTGGGATCATCTCATTTAAAGTGTTTATAAAAGTTACGCTGCTTGTCGATGAGTTAAGAACTTCACCCCAGTAATCTCTTCCGCTCTTGCCAATATTTATTAAATTCTCTTCATGTGACAAATACGAATCAGTCTCAGTTTGTAAAACCGCAGTAGGAGAATTGAGCGATTCTTGAAGTGTCATTCTTTTTCCGTTCCCACCACCGGAAGTAATGAAA
CP129490.1_gap72	2468534	2470226	1692	TTCAAGAGGATTTGATTAAACGCTCGCAAAAAATCGGCGGGAATATGATTGTCGATACAATTATCTCACCTTCCTATACTTCAGCGATTGCGCAAGCAGTACAACTACCAAGTGCTTCCGGTTTGGAAAGTAACATGATAATATTTGAATTCGATAAAAAAGAACCTTCCGAACTGGATAGAATTACAGATAATATTTCACTTACTCAAGCCGGTGATTTCGACGTATGTGTTCTCGGTTGTTCGAATAGAAATATTCGTTATGAAAACGGAATTCATGTTTGGATCAGAAGTCTTGATGATGATAATGCTAACCTCATGATTTTACTTAGTTATATTATTTTAGGTCATCCGGATTGGCAAAAAAGTTTTATAAAAATTTATAGTACTTGCAAAGAAGGAGAAATCCAATTATCAAAGGAACGTTTGAACGAACTTGTTTTGACCGGCAGACTGCCAATCACAGATAAAAATATTGAAGTCATCGAAAGAAAAGAAGGAGTTAAAATTCAATCATTGGTAAACGAAAAATCTTATGAAGCCGCATTGGTTATTATCGGTTTTCATGAAGAACGATTAAAACACGAAGGCTCTGAAATGTTTTTAGGTTATGATAATGTCGGCGATATTCTTTTTGTTGATGCTATAAATAAAAAAGTTATTGAGTAGCTTTTGAAAAACCCCGGGATTTTCCATTATTAAATTGTAATCTAAAACTTCTCTACTAAACAATAACCTGAGAAATCCCGGGGTTTTAATTCACTTTTATTTTAATTACTATTTTATGAACTTCTTCGTTCTCGCCGACTTTCAATCCCGGTTTATGTGCGTCATCGGGGAAAAATATTGCAAACTCACCATCGTTAATTTGTACATAGTCACCTTCACCGGAGAGTAACTCATAATCATTTTCTAGATCGTAATCCTGAAATTCATCCAGATAATCAATTAAGACGAATCCAATATTTTCGGAACCACTAATTATGTATTGTAAATCAATGTACTTTCTGTGAGCTTCCCAATTTTTCTCATGATCATCAACGGTAATATATTTTTGCGGGATTGCAAACACATTATCACCATCTATTTCAATTTTTTCTAACGGTAAATTTTCAAGATCGGTATTCTTTAAAAATTCGAATGCTGTTTTGAATTTTTCACCAAGACCATAATATAAATCGCTATTTGTAATTGAATCGAATATCATTTTCTATTCCTTTTTTTAATTGAAACCCCGGGATTTCCCATTATAAATCTGTAGTCATTAACTTATTAATACACAAATAACTTGACAAATCCCGGGGTTTTAATATTAACTCATTTATCAAATTCTTCTTTGTACTTCTTATAAAACGCAACAATCTTTTCATAAGCTTTTTCGAGAACATCATCTTGCGGTAAGAAAACAACGCGCATATGATTCGTTCCCGGAACTTGACCGAATCCTGTTCCCGGTACAACAACAACTCCGGTTTCTTTAATTAACTCGGCAACAAAGTGATTATCATTTTGTTTATTCAGTTCAATTTTTGGGAAAGCGTAAAATGCACCTTCGGGTTTAACGCATGAAATTCCTTCAACGGAATTCAGCATCTCATAAGTCATGTCCCTTCTCTTGTGAAGTTTTTCCATTGCAACTGCTAAATGAGATTGATCTCCCTGCAATGCCGGTTTAATTCCGTATTGTTCGGGA
CP129490.1_gap73	2483329	2485100	1771	CCCAGCTACGTTGAACGTATTCAAAAACTTGAGAAGAAAATTGAAGAATTAACAAAGCAAAATCCGAAGGAAGAATAATGCTTGAACTACAACGAACTATAAAAACTCCGGTTACAATTTCCGGGGATGGATTGCATACAGGAACGACATCAACAATAACATTCAAACCTGCTCCGGAAAATTACGGTATAAAATTTATTAGAACTGATCTGGGAGGTCAACCGGAAATTCCCGCGATTGCTGATTACGTTGTTGATATTTCAAGAGGTACAACAATTGGCTTAGGTGATGCAAAAGTTCATACAGTTGAACATGTCCTTGCCGCTGTTGTCGGTTTACAAATAGATAATATAAAAATTGAAATTGACGGAATAGAACCCCCCGTTGGTGACGGCAGTTCAATGCCATTCGTTGAGAAATTATTGCAAGCCGGATTTGTTACTCAAGATGAACCTAAAGATTACTTAATTATAGATGAAACAGTAATGCATCATGACGAAGATAGACAAGTCGACATAGTTGCCCTTCCTTTAGATGGTTACAGATTAACAGTTATGGTCGACTATTTCAATCCTGCTCTTGGAAGTCAACACACAGGTTTATTCGATCTTGAGAAAGAATTTGTAACCGAATTTGCTCCTGCTCGAACCTTCTGTTTTTTAAGTGAAGTTGAGCAACTTGCCGATGCCGGCTTAATTAAAGGTGGAAATCTTGATAATGCCGTTGTAATTGTTGATCATGATATTGACCAACAGGGCATTGATAGAATAATGACTAAAGTTGGTTTTAAAAATAAAGTGGAAATTGGTCCAACCGGATTTTTAAATGATAAATCACTTCGATACAAGAATGAACCGGTACGTCATAAGCTTCTAGATTTGATCGGAGATTTAGCTTTAATAGGTGTTCCAATTAAAGCTCAAATACTGGCAGCACGACCCGGTCATAAAGCCAATGTTGAATTCGCTCAAAAGATTAGAAAATTATATCAGCAAAAAAAACTCGTTAGAAAATATCAGTTCAAAAAAACCGAAGGTGTTGTATTAGATGTAAATGCTATACAAAGAATTCTTCCTCATAGATATCCTTTCTTATTAGTCGATAAAATTATCGAACTTGATATTGAACGAAAAGTTGTTGGTATAAAATCAGTAACAATTAACGAACCATTTTTCCAAGGGCATTTCCCCGGTGAACCTGTTATGCCAGGAGTATTATTAATTGAAGCAATGGCACAAACCGGTGGAATTTTGTTGCTTAATTCGGTAAAAGATCCTGCAGAACATCTTGTGTTTTTCTCAGGTATTAATAATGCGAAATTTAGAAAACCGGTCGTCCCTGGAGATCAACTGAGAATTGAGATTGATTTATTAAATAAGAAAAAGAACTTCTTCCAAATTAAAGGTAATGTATTTGTTGAGAACACATTGGTTGCCGAGGCAGAAATGATGGCAGTTGTAACCGATAGACCTCCTCAAAGTATTGAAGAATAAAACTTGGTAAATTATGAGCGAAATTCATCCAACAGCAATTGTAAGTCCAAAAGCTAAAATTGGCAACAATATTAAAGTGCACCCCTATGCCATTATTCACGATGATGTTGAAATAGGTAATGATTGCGTAATAGGCCCCTATGCTGTAGTATATAATGGCGCACGAATCGGGAACAAAGTATATATCCATCAATCAGCAGTAATAGCAAATGTTCCTCAGGATTTAAAGTTTGGAGATGAAAAAAGCTACGTTTATATCGGTGACAATACAACCATCC
CP129490.1_gap74	2518297	2520560	2263	AATCTCCCCAAAATCACCTCGATTTTCTTTAAAGTATATCATGAGAGAAATAGTAAGAACTGCAAGAAAAACTATAGGTGTTATTTTTTTTAATGCGTCTTTTTTATTAGCAAGACCTTTCATTAAACCCCCGGTTAAGAAATCAATTCATCTTGGTATGGCTCCAAAATAAATTTCAAACTTTCACGCGCTCTAAAAATTCTCGATTTCACTGTACCAACTTCACAATCAAGTTGATCAGCAATTTCTTTGTAACTCAACCCTTCAATATCTCGAAGAATTAATGGAACTTTTAATTTTTCAGGCAATTTTTCAATTCCCTTTCTTACTAACCCGGGTAAATCAGGACTATCGGAATGACCCTTTATACTTGGCTCGTTTATGGAATCTTTAATAGGAACAAAAATACTGCGAACCCTTTTTTTCCTAAGATAGTCTCTGCATTTATTAACCGTAATTCTGTAAAGCCATGTTGTAAATTTAGATTCAAATCTAAATTCCTTTATTTTATGGAAAACATTGATGAAAACATCTTGAGAAATATCATCAATATTATCAGCATCACCTAAAGTAAGAAAAACTAGGTTTCTAACTTTCTCTTTATGCTTCAAAACTAACTTAGTAAATGCATCTTCATTTCCATCAATAAAATCTCGTATCAATTGGAAATCTTCGTTTTGATCATCACTAATAGGTAATGCGGAATCTTGATTTAGATTTGACATTTTAGACGATGCCTACCCCTTATAGTTCCAAGAAAACTAATTTTAGAAAGTTTAATTAAAACAGCCCTCTATAAGCAAAATAATCTTTCTTTTTATATTCAGAATGAATAACTTAGCTGTTAATATAAATATTTATGAAGAATAATTTTAGGTATAAATCTCAAAATTATTATATTAATTCCCAAGTTTTTAATAGAATTTAACAATCAGGAGAACCAATGAAAATCAAAGTTTCCGAAAAATATGAAGCGGTAGTTATTGAGCTTAAAGGCAATGTTATGGGTGGTCCCGAAGCTCAAGAATTCAGTGATTTACTGCATAAGTTCCTTGATGAAGGTAAGAAACATGTTGTTGTAGATCTTTCTTCGGTAAAATTTATGAATAGTTCCGGCTTAGGCATGTTAATAAGCGGTTTTACGACTATGAAAAACGGTGGCGGCGGACTTAAGCTCGCACGTGCTACAGAAAAAATTAATAGCTTGTTAGTGATAACAAAACTCATCACAATTTTTGAAAACTTCGATTCTGTTGATGAAGCCGTAAAAAGCTTCTAACTAACAAAAAATTTATTAAACTCCGGATACTCCATTCGGAGTTTTTTATTGCACTTTTTTAACCTGAGGAATTTATGGATGTAACCATTCTAGTTGGAAGCCAATGGGGCGATGAAGGTAAAGGCAAAATTGTTGATATTCTTAGCGAGAAGTATGATGTTGTAGTACGATATCAAGGTGGTGCTAATGCCGGACATACAATTAAAATTGATGATAAGCAATTCATACTACACTTAATACCATCCGGTATTTTACGAAGAGATGTAGCTTGCGTTATCGGAAGCGGAGTGGTTATTGATCCTAAAGCGCTGTTGGATGAAATTAGATTTTTAGAAGATCACAATATTTCATTTAAAGACCGCTTATTTATAAGTCACAACGCTCATCTTATTATGCCCTATCATAAATTGCTCGACTCGATCAGTGAAAAAGGCGACAGAAAAATCGGAACTACAGGAAGAGGTATTGGACCTTGTTATATTGACAAATATGCTCGTAAAGGAATTAAAATAGTCGATCTGCTGAATAAACCTCATCTTGAAAAATTGATACGACAAAATATTGAAGAGAAAAACACTCTCTTAACAAAAGTGTATAATGAAAATGAACTTGATGTTGATGCTATAATAAAAGAATACTTGGAATTTGATAAAGTGATTGATCCATTTATTAAAGATGTTCCGGTTTATCTGAATCAACAAATTTCCGAAGGTAAAAGTATTTTAATGGAAGGTGCTCAAGGGACTCTTTTAGATGTTGACTTCGGAACGTACCCTTACGTTACTTCATCAAATCCGACATCCGGTGGCGGCTGTACAGGTACAGGAATTCCACCAACTAAAATTTCATCAGTATTCGGAATTGTGAAAGCTTATACAACAAGAGTGGGTTTGGGACCCTTCCCTACCGAATTGGATGAAGAGAATGGTGAAAAATTACGTCAAGCAGGCGCAGAGTTTGGAGCAACAACCGGTCGTCCAAGAA
CP129490.1_gap75	2566143	2570491	4348	GATTAAGAGCAAAACTAAAGCAAAAATACCGCTTTCAAGGTATGTTTGGATATAATCATTATGCCAGGTGCCAACTTTTTTATCAGCAAGTTTATCCTTGAATGGGAAAATCTCATGAAAAGTTCTAGGACCAAATCCTAGAATTGGGTGCTCCGAAGCTAGTTCAAAAAATCCTTTATATAAAACATCCCGATCCGATAATGTAGTTGGATTAGAAATTCTTCCGGCAGATTCACCCGGATTGAATTGGAGGGCAACTATTGTTAATGTAAAAGCAATTACTGCAGCAGGAACAATTTTCTTTAGTGCTATTTTTCTTAAAAAGATTATTACAATTCCAAGTGTGACTGCAATTGCAAGATCAGCTCTTCCCATCGCAAGAATTATCCCGGAAAAAATTAATCCGGATTCAAAAATCCAAACTAGAGTTCCTCGCTTAAACTTGTAATTTGTATGAAAAGAAAGAATAAACATTAGAATTACAGTGAGATAAGTCGAGAAAGTTGCATAACCTGACCCAAAAGATTGTGCACGATGACTTGTACCAAGTGAAAAAAGAATAATCCCAATCAATGCTACAACTGCACCGGCATGAATCATTATTTCCAATTGTTTAGTAATTTGCTGACGTTCGAAAGTTTTTATATAGAAAAACAATGCTAATATTGTCGTATAGAAGAGCAATTCCTTTTGGATTGCTACGAGGCTAACGCTAAAGTATTCAGAGAAAAGAATTGAAACCAATCTGATTAAACCGAACCCAAGAATAACATAAAGAAACAAGTCCGCGGATTTTAGTTTATCTTTTTCAAACAACCATATTATGAATAATAAAGCGGCAAATAATTGCAACAGTGCTAATGAAATCAAAAATGAAGCCAATAACGCCGCTACTAAATAATAACTGATCTTTGAGTTAATTCGGGATTTGAGCATTTCCATAATAGATATTACCTGAATTGCATTTCATATAATCGTTTATAAATTCCGGTGGAGTTTTTTATTAGCTGATCATGTTTACCATCTTGTACTATTTGTCCGTTATCTAAAACTAATATACGATTAGCATTTCTAATTGTACTTAATCTATGAGCAATTACAAAAGTTGTTCGATGATGCATCAATCTATCGATTGCTTCTTGGACAAGTATTTCTGATTCGTTATCTAATGCCGAAGTTGCTTCATCAAAAATCATGATAGGAGGATTTTTTAATAATGCTCGAGCAATCGAAATTCTCTGTCTTTGTCCACCCGAAAGTTTTGTCCCCCGTTCACCAATTATCGTATCGTAACCTTTGGGAAGATTAATAATAAAATCATGTGCATTAGCAGCTTTGGCTGCTTCGATTATATTAGTTGAGTCAAAATTCTCAAGACCATAAGCAATATTATTAGAAACCGATTCATTAAATAAAACTGTTTCCTGAGTTACGATGCCCATCATTTTTCTTAAATCTTCTAATTTAATTTTCCTTATGTCAATTCCATCAATTAAAATAGCGCCATCAACCGGGTCATAAAATCTCGGAATTAAATCTACAAGAGTTGTTTTACCCGAACCACTGCTGCCGACAAGTGCGATTATTTCACCATTGTTCACCTTGAAACTTATGTTTTTAACAACTTCTACCGAAGAATCTTCATACTTATAAGAAACATTCTTGAATTCGATTACTTCATTAAATTCAGTCTTTCTGATTGCATCCGCAGCACTTTTTATATTTGGTTCTGTATCTAAAATTTCAAAAACTCTCTCCGCAGCAGCACTGGATTCTTGAATTCGATTATTAACACTGCTTAATTCTTTTATAGGCGGCATTAATTGGAATATTGCAAATAGAAATGTGAGAAATTCACTTGCTCGCATTGTTCCATCTATCAACACAAGCTGACCACCGTAAAAAATCACTATGACACCAACAATAACACTCAAAAATTCTGTTATTGGTGAAGCTGCGTTTCTAACTCTTACCATTCTAAGACTTAGCTTGAAGAACTTGAATGTTTCTTTCTTGAATTTATTATTTTCATATTCTTCCATTCCAAATGCCTTGACGATCTTTACACCGGAAATTGTTTCTTGTAATAAATTCGTTATATCGGCCATTTTACTTTGCAAAATTCCACTTTGCTTGTGGAGCTTTAATCCAATCCAACCAATTATTGCTAAAGAAACCGGCAAAACAATAAACGAGAATAAAGTAAGATGAAGACTAATTGACATTGCTATACCGAGAAATACCAAAATGGTCAGTGGTTCTCTAACTAAATTTAGAAAAACCGCAGATACACTGGACTGAACAACATTTACATCGTTGGTTATTTTGGATATTAAATTTCCGGTTTTTTCATTCTTAAAAAAGCTCATCGGTAATTTGTGTAGATGAACATAAGCTTGGTTGCGCATATCCTTGATTACACCTTGTTCAACGAATGCAAGGAAATATGCTTGAAGATATCCAAATAAATTTTTACCAAGAAATGCAAAGAGAATTAATGCACATATTTTGAATAATGATTCAACTTCTGTTCCGCTAAAAATAAATTCTTGAAATGATTTCGTTAAACTATTCATGAATTGGGAGAACCATCCCGGTAAAATTTCAGCCGCTGCCGGATCGGTAGTCGTTTCCGGAATAGATGTCGAAACACCGGATTCTTGGAAAAGTGTGTCTAGTAATGGAATAGCTAAATAAACCGAAGCACCATTAAGAATGGCATAGAAAAACGTTGCTGTAACTGATAACAGTAGATGTTTCCAATAAGGTTTTACATATGATAATATTCTAAAGTAGGTCTTCATTAAAAAATCTTATTCCGCTCTGGTATGCTGTTTATACCGCAACCACCATTTACTTTAATCGATGAAAAAATATCGTCTTTTCTATATCTGAATAAAATAATCTTTGCCTCATTGTCAAAATCTTCATCATATATCAATAAATTCCCGATTATTAGTAAATTCATTTCCCCGACAGCTTTAATTTCAGAGGCAATATTCATTTTTTGTAGATTAATTGAATAAAGAGTTGTTGAATCTGATTCTGCATCACAAGTTACAAATAAATAATCTCCAACCGCATTCCATATATTCTCTTTAATATCACCGGATAAATTAGTTATAAAATTGTTTGTGCCGTTTAACTCATCAATTATATTTAGTTGAATCAGAGAATCCGATTTAATAACCGATAATTTATACCGGAGATTTGGAGAAACGGGATTTATGTTTGATAATTTTGGGATCGGAATTCCTTCAATCAATTCAAATATTCTCTCAGTTGAATTTATCTGCTTACCATCCTTCGAATAATCAAATTGATATTGAATGATATTCGATGTCAACATTGAATCAAGAACCGAGATATAATTTATGAATGTTGAGTCAGTATCCCATCTTCCATCAATACTCATGACATTTCCGGCTTGATGAACAAGTTTAGCATTTTCATCTAATCGATTAAAATAATAAAGTCTGGCATCCATTTTAAGAGGAAAGTTACCTCTAATTCCTTCATGAAGTACAGTAGTAAAGAAATAATGATTCCTTTCATGATCTCTATAAAGTTGCAAAATTTCCCTTCCCCACTTACTCCAAACTAATTTAGGAGATACATCTAATAAATCTGTTCTATACAAGGCCGGTCTATCTAAATGCCAACCTACAAAATAAAATGGAGTATAATCATTTGGAATTATTGAATCGCCAATTATAACATCGAAGTTTGGAATAATTTTATCAACATAAAGTTGAAATCCTCTATCGGATGCTTGCCTAAAATTAGTGAATAGTCCAAATATCACTCTATCATCTTCTGCAACTAATATTGTATCTGGTATAATTGATTCCAAACTATCGGCTGACCAGTTTTTATGATCGGAATAATTAACAATGATAGAACAAGAATCGGATGATAACGGTTTCTCCACATTTGTGTTACAAGCAGAGATTATAATTATTAATCCGATATTTATAAATAATTTAATCATCCTCGCGGGTGAAAATCTCTATGAATCTGTTTAATATATTCGCGATCTATATGTGTATAAATTTGAGTTGTTGAAATATCCGAATGTCCTAACATTTCTTGAACGGAGCGCAAGTCCGCACCACCTTCTAATAAATGAGTTGCAAATGAATGTCTAAAAGTGTGCGGATGTACTTCCTTGTTGATTCCGGCTTCTTTTGTATATTTCTCTACAATTTTCCAAACACCCATTCTCGAAAATTTTGTTCCCCTTGTGTTCAGATAAATATAATTCTTACTTTTCATTTTCTTTTCTAATAACGGTCTAGAGTTTATTAAGTATTTCTTCATCCATTCAATTGCACTTGACCCAATCGGT
CP129490.1_gap76	2571674	2573014	1340	CCGGAGCTTTTGCCGCAAGTTGTTTTAATAAAGGAGAATTAAAGTCGGTTAATTCCAACAAAGTTAAATCAGTTGTAATATTGAAAATTCTTTCGAAGAAAATTATTAGTCCATATGTTAATACCGGACTTATCAATGCATTTGTAGCAGCGAAACCGGAATTAACCAATATTTGATCGATTGGGGCAAATCTTTCCAATCCAAAGGCAAAGATTGTTATTATATAACCAATTAAAATAAATAGAAACGATCTGAAGATTTGTGAGCGGTTTTTTATATCCCTAACTGTGTATGCAGCTAAGCCTCCTGCGACAATATTCATGACAGCGAAAGCGTAATCATTTCCTCTTAATGCTCCAGTTATCAATGCTATTACAATTGTGCCATAAAATCCAACTCTGGAATCAAATATAATTGTTAAAAGCATTGAACCGGCTGGGACTAAAATTAAATACTCAATCGGTGCATTTACTACAACCAATTGTACTATATACCCAAGCGAACTTATAAGTAAAATTATGATGGCAAGTAGTAATACTTTAATATTATCGTTATAAATTTTCTTTCTGAAGAGATAAATATAAATTGAGAAAAGTGATAGGATAGCAAGAATATGTAAAAACTTTCCTACTGATTGCGCAAACTCACCCCAAAAACCGGTTGATTCCCCCTTAGCAATTTTATAGGAATCAATCTTTAACTTGGTTTCGGCAGAAATTCTGTCATGTTTTGCAACTATTCTTTCGTTTTCATTTACAATTCCGACATTTCTTGGGATTTTATTTTTGGCTCTCTCAATTGCTTCATTAGTTAGTTCAGAACTAAAAATTATATTTGGTTTAACGAAATGGTAGACATATTCATCAACTGCACTTCTAATTTCGTCGCTTGAATTAAGATTGTTCCTTACAAATAGTTGAATGAAATTTTTGGCAGCGTTATCATCTAAATAATTTCTTTTTGAGACGTCTCTTTCAAATCTACCATCTCTCAATGTAATTGAATCTTTTTTAATTTCATCAAGTGATGTACTCAATAACCCTCTTTTATAAATTCGATCTACAATCTGTTCGGAAAGTTGGAAGATAGATCTTAGTCTAACACGATTTGTACTTCCAATTAAATTCTCTTGTCGTCTAATATTGAGTAATCTTCTGTAACTATCGTCGGTTAAAAAAGTTGGGTTACTGAATTGTTCATTTCTCTCATTAAGATGCTCATCAATGTATTCAATTAGAAAATTATTGTACGAACGAATAGAATCAATCTGTTTACTTTCAATTGAACTCTCAAGTATAAAAATGGGATTAACATTATCTTGAGCATTTTTAATTTCTCGT
CP129490.1_gap77	2706865	2710142	3277	CCAAAATAATTGCCTATCGAGTAAGGAATAACGAAGTATCCATCGGCTAAGCCTTGCATAAGTGCACTTGCTCCCAGTCTGTTTGCCCCGTGATCGGAGAAATTGGCTTCACCGGCAACAAACAATCCGGGTATGTTGCTCATCAAATTATAATCAACCCATAAGCCGCCCATAGTGTAGTGAGGAGCTGGGTAAATCTGCATCGGTACCTTGTATGGATTTTCACCGGTTATGTTTTCATACATTTCGAACAAGTTACCGTATTTTTCTCGAACCGCGTCAACACCAATTCTCTTAATTGCATCTGCAAAATCTAGATAAACAGCTCTTCCTCCATTCACTCCTTTTCCTTCATCGCAGACATATTTTGCACTTCGAGATGAAATATCTCTCGGTGCTAAATTACCGAATGAAGGATATCTTCTTTCGAGATAATAATCTCTTTCCTCTTCGGGAATTTGATCAGGCGGTCTGTGATCTCCGGGTTTAGCCGGGACCCAAATTCGTCCATCGTTTCTGAGACTTTCGCTCATCAAAACTAATTTGGATTGACCTTCACCGTGAACCGGCAATGCGGTTGGATGAATTTGAGTAAAACATGGATTTGCAAACACTGCACCTTTTTTGTGTACACGCCAAATTGCCGTTGCGTTGCAGTTCATTGCACTTGTTGAAAGAAAGAAAACATTTGAGTAACCGCCTGTTGCAAGAATAACTGCTTGCGCAGAAAAACTTTCGACTTTACCGGTAACCAAATCACGTACCGTTATACCTACTGCTCTTCCATCCGCAATTACAACATCGAGCATTTCTTTTCTGTGATAAACTTGAACGTTACCTCGTTTGATTTCTTTATTTAGTGAACTGTAGGCACCGAGAAGTAATTGCTGTCCGGTTTCACCGCGAGCATAAAATGTTCTGGAAACTTGAGCTCCACCAAATGAACGGTTTGCTAAAGTACCGCCGTATTCTCTTGCGAATGGAACTCCTTGTGCAACGCATTGATCAATAATATTATTACTTACTTCGGCTAATCTATGAACGTTTGCTTCGCGAGATCGAAAATCGCCGCCTTTTACCGTATCATAAAATAATCTATAAACCGAGTCGCCGTCATTTTGATAATTTTTTGCAGCATTGATTCCACCTTGGGCTGCGATGGAGTGAGCACGTCTACTGGAATCATGATAAGTAAATGCTTTTACTTTATATCCCAATTCTCCCAAAGTTGCTGCTGCCGCTGCACCGGCTAGACCAGTACCCACAACAATCACATCAAACTTTCTTTTATTAGCGGGATTGACCAACTTCATATTGAACTTATGGTTAGTCCACTTTTCCGAGATATGTCCTTCCGGTATTTTCGAATCAAGTTTAACCATTAGTTACCTCCGTAAAAAAATAAAAAATAAATTGGGATCGAAGCGAATCCTATTGTCATAACAGCTGCATAAATTAATCCGATTTTTTCTATCAGTGGAAAATATTTTTTATGATTCCATCCAAAAGTTTGGAATGCACTTTGAAAACCATGATTAAGATGAAATCCAAGCAAAATCATAACCAAAATATAGAATACCGAATAGAAGATGCTGTTGGCAAAAGTATCCGCAACAAAATAATAGTAACTTTGATTTGCATGTGCCTCACCAAAATTAAATGAGTACCACATGGTGTTCAGATGTATTACTAAGAAAATAAAAATAATTGATCCGGTCTGGACCATAGTTCTGGAATACAAACTACTATTTTTTGAAGAAGCATTTACAGCATAATTAATTGGTTTTGCTTTTTTGTTTTCATACCACAGTTTTATTCCGTTAAAAATATGCAGAATAAAAATTAGGGCTAAAATAACTTCAATAACTCTAATAAGCGGTTTGATACCGTCTAAACCTGCTACAACATTGGTGTAAAATTCAGGGCCAAGATACATTGATAAATTATTGAGAAGATGAATAATCAAAAACAAGATTAAACAAATTCCTGTGACGGCCATAATAAATTTTTTACCAATAGAAGAACTGAGTGCTTCCGAGAGCCAGCCCATTAATCTCCTCCTTATGAATCTGCTGTTAATGGATTTATTAAAAAAAGGTATAACATACTTTGGGAAACTGCATTTACTAAATATTTCTTGCTTAGGTGAGTCACAAAATTCCGATTGTTGGAGTCAAATATCTAATTGCAAAATAATGCTAATCGAAATTAATTTCAAAGAAAAGTTAATTCCGGATACAATATCCAGCATAAAATATAATTGGGAGATAAAAAATGATTCGATAGCATTTCTAACATGAAAAACAACTTGCTCGCAAGAAATTTCTTCCTTAAGTTACGAGCAGTTCTTAATTAATTCTTACGGTGTTAGGGAAACCGGTTAAATTCCGGTGCTGCCCCGCAACTGTAAAGGACTTATAAAAGTCTTCAGCAAAATGCCACTGTCCCGAAAAATAGGGATGGGAAGGCGCTGAATGATGTCCTAAGCCAGGAGACCTGCCGTAAGCATTCAATCACTAATTAACCTTCGCGGGTGAGGTTATGAACGTAATTTTCAATTCAATCGTTACATCACGCCCACGAAGTTACATCTCATAAGGAGGTAACTTCAATGAAATATTTACATTCTTTTTTGTTCGTATTACTTTTTTCGTTTTCACTATTTGCACAAACCGATACACTAAAAACACAACTCGATGACATTTTGGTAACTGCCACAAAATTTCCAACAGAGATACAAAATATTTCGAGTTCTTATTCGGTCATTGGCAACTCTTACATTCAAAAAACACATTATTCAACTGTACTGCATTTGTTGAGACAAGTTCCCGGAATTTCGATTGCACAACAAGGCGGACTTGGAAAACTGAATAGTTTGTTTATGAGAGGTGCAAACGCAAATCATACATTAGTATTAATAGATGGGGTCGAAGTAAACGATCCGAGTTCACCAAGTAATGCATTCGATTTATCAAATTTACAAACCGGTAATATTGAAAGAATTGAAATTGTACGCGGTCCCCAAAGTACTCTTTACGGTTCCGATGCTCTTGCGGGCATAATTAATATTTTTACCGAACAAGGGAGGGATATTAATAAAATATCTCTTCAGACCGAAGGCGGTTCTGACAGTTATTACAGAGGCGGCGGACAATTAACCGGAAGTTACAGTTTATTTAATTACTCGATAAATTTTTCACGTCTCGCAACTGAAGGGATATCCGCAGCTAATGAAAAATACGGCAATAAAGAGAAGGACGGATATTCGAACAATTCA
CP129490.1_gap78	2782400	2784546	2146	AACACCTGCAGTAAAAGTGTTGAATCAGCATGAACGAATACATCTTCTTCAACATTTAAATTCACTTCTATTTTCTTTTGGAGTGCGGTACCGGATAACATGTTAAAAGATTTTTTAACAACTTCTCTAACATTAATTCTTTCCGGTTCAAATTTAATTCTTCCTGTTTGAATTCGTGTCCAATCCAATAAAGAGTTTACAAGCGAGAGCATACTTTTTGATGAATCTTGAATCAGCTTTATATAATTTCTTTGTTTTTCTTCTGAAACATTTTGTTCACCAAGTAAATAATCCGTAAACCCGATTATTGAACTGAACGGAGTTCTCAAATCATGCGAAATTATCGAAAGAAATCTATCTTTTGCTTCATTCAATTTTTTTAGATTCTCAGCAGAATTTTTTAGTTCTTCCTCGGCTTTCTTTTTATAAGATATATCGCTCACTAAACCATAAATACGATGGATTCTACCTTTATCTTTTCGGATAATATTAATTTTATTTTCAATCCAAACAATGCTTCCTGAATTGCTAATAATTCTATATTCGAATGCTTCAGAAGTTCTTCCGGGATCAGAGTATAATCTGTTTATTTTTGTTAGAATAGATTCTGCATCATCAGGATGAATTATTTTCATCCATAACTTCTCATCAGTTAAAAATTCATCAACAGTAAATCCGGTAATATCTTTAATCGCCTGTGTATATAAAACTACCTTTAACTTGCCATCTTTTTCTTCAGCAGTCCATAAACTTTCTTCAATATTTTCTGTAATACTTCTATAACGTTCTTCACTTGCTCTCAATTCTTCACGGCTTGATTTTTCAACTGTGACATCTCGCAAAACCGAAACTAAGAACATGCTTTCGTCAACACCGTACTTTGCAATGGAATTTGCCACAGGAAGTTTACTTCCATCCTTTTTAATTAAATCAAATTCCATACGAGAAGATTCGGCGGCTCCGGTTTCAATTTCAACAAAATTTTCTTGGATTTCTTCTCTTACCGTTGGATCGATTAGTTTATAAAAATTACTTCCAACCAAATCTTCTTCCGAATTATAACCTAACATGCTTGAGAATGAGTTATTCACAAGAATTATTGTACCGTTAACAGTTACCGCAATACCATCTTGAGATGCTTCAAAAACCGTTTTGATTAACAGTAAATCCTTTTCAGCTTGCTTTTTTTGAGTAATATCAGTTAGTACAGCTATATAATACTTTGGCTTGTTTTCTAAATCGTGTACCGAAGCAAAGCTGGCAAGAACAAATATTACCTCGCCGTTACTTTTTACCAGCGGCAACTCTCTGGCTTGCATCGAATCGAGATTTTTCGGAGAAATTGTAAATTCATTTTCTTGGAGATACTCAATATCAACCAAATCTGAAAAATACTTATTTGAGAGTTCTTCATCGGAGTAACCAAAAGTTTTAACAAAATATGGATTTACGTATTGAATTCTTCCATTAAGATCAATTGTGCAAATGTATTCGTGTGAATTTGTGACTATGTTACGAAATCTTTCTTCGGATTGCCGAAGTTCTTTTTCTAGATTATATCTTTCTGTAACACTCGAGCATAAAATGACTATGGATTGTTTATCTCCTTCTCCGGTTATGCCCATTCTTACATCGTAAAACTCCTTATTATCTTCACCCTTATCTACGGTAAGTTCACCTTCCCAATGTTTTTTTTCTAATAGTTCATCACGTAATATTTGGAAGTAATCTCCATTTAATGATGGGAAAATTATATCTATAAATTTCCCGAAGACTTGACTCTTTGTATAGTTAAACGTTTTCTCAGAGGATTCATTCCAAAATCTAATTTCACCTTTGAAATTAATTCCAATCACTGCATCAACAATTGACGAAGTGATTGCTTGATATCGACGTAATTCATTTAGTTCACTTTCAAAAGCTATTTTTTCTTCGAGTTCTTTTGTTACATCTTTAATAAGAACAAGTGTTGTAGTGTTGTTGCCGGAGATTGGAATGACCTTAACATTGACAAAATTATTATCATAAAGTTTACTTAAGGGAAGGTTAATCTCTTTTTTCTCTACAATATTTTGTTTTGCTTTTTCATAAAGATTGTCTAATGCTTTTTCACAATCTTTTTCAAATAATTCTCTAACAAATTTTA
CP129490.1_gap79	2786274	2788803	2529	AGCATGCAAACTAGGCATTTGAATAATTGTAAACTCGGTTTTTAAGTTTTCGAGTTCTTTTTTGTCCTCAATTCTGACAAACATGTTGCGAGCAAAAAGACTGTGCCACGCAGATTCGGTAATAATTCTTATCGGCACTTTATATTTTGGATCCGTTCCAGCATAACAATCTTGAACATAAATATCTTTGTTCTGTATATATGCAATCATTTTCTTATAAAGCCCGTTAAATTTGTCTTCATCAATCGGGCGATTTACTTTTCCCCACCAAATATTTTTATCGCTCGTCTTTTCCTTAACAATAAATTTATCGTTAGGACTTCTACCGGTATATTGACCGGTTCTAACAACCAAGGGTCCTAAATGAGATAACATTCCTTCTCTTCTGCAAATTGCTCTTTCATACAACGAAGGAGTTGACATATTGTAATAAATACCGAGAATATTTTTGATTCCTAATTCTTGTAATTCTTCAAGAATTCTTACTTTGGTTTTCATTATTCCTCATAAATTTTTAGAAAAAGTTTATAAAAATTTAAACAAAAGCGTTCGCTTTGCCAAATTATTACTGATCGATTTAGAATGATTTTAATTCTGTTTCTAATTATTTTGATTCATATTATTATTTAAAATTGATTGAATATCAATTAATCTTAGCTTTGTATGCCGTTAAATATAAAATCAGCTTCCCTCACAATTTTTTTTTACATGTGCTCTCCATGTAAAGTTTAATTAATATTATTAACGAAAACTGTATTAACTTATATTACAATATAATTTAGGGAGGTAGCTTAATGAAAAAAATCTACTTAATTCTATTTCTTTTTCTTGTCGGTTCCGTATCAGCTCAATGGTACAATTTACAATGGCCACCGACTGCCGAAATTAATGAGGGTGGTTCATTTAATGTGTATGCACAAATTTGGATTGACGGAGTAACAGCTTCAGCAGGTCAGTCAGATGGACTTCAAGCTTGGATTGGTGTAAGTAGTACAAATACCGACCCGTCAACATGGGCGGAGGACTCATGGTACCCAGCAACATTTAATGGTGATGCAGGAAATAACGATGAATTCACAGCTTCAATAGGTAGTGATTTATCAGGTGGAACATATTACTATGCCAGCAGATTTTTATATGAACCGCCGGTTGATGTGAGAAGTTTAAATCCGTTGAATGCTGCAGTTTATTGGTATGGAGGAACCGGAGGTCCATGGAATAACGACAGTGGAGTTCTGACGGTAAATGCATTACCGACTATCGGTTGGGCAAATCTGCAATGGCCTCCTAATGCTGCGATTCTGGAAGGTGATTCTGTTTCAGTTTATGCACAAGTTTGGATGGACGGTGTAACTAGCGGAGCAGGTCAAGGATCTAATATTTATTCATGGATTGGCGTTAGTACCACAAATGATAATCCGGCAACCTGGGATGAATCAGTTTGGGTTGAAGCTGATTATCTCGGTGACGTTGGCAACAACGATGAATACACAGCGGCAATCGGCAGTTCGCTTTCCGAAGGAACCTATTATTATGCAAGCAGATTTTTGTATCAAGTACCTGACGTATCAAAAAGCTCTAATGAAATTACAAACGGACTAAATTATTATTATGGTGGTTATAACGGAGGAGCCTGGGATAGCTTAAATAATGTTTCAGGTGTCTTAACAGTTTCATCAGTTCCTGATACTGTAATTGATTGGGCAAATTTGCAATGGCCTCCTCAAGTTAATCTTGTAAATGAATTAGAGTTTACTGTGTATGGACAGGTTTATGAATCCGGAGTGACTGACGGTGAAGGACAAGGTGCAGGAATTGAAGTTTGGTTCGGGCTTAACTTGAAAAATACTGATCCAAGTACATGGGATGCGTCAGCTTGGACAAACGGAATTTTCAATGTTGACGTGGGAAATAACGACGAATACATGGCTACATTAAGCATTGGTGAATTGTTAAAAGAAATTGAAATATTACCATTTTCATTTTACTATGCAGCACGATACAGATTAAATAACGGTGACTATTACTATGGAGCATTCCAAGGCGGAGCTTGGGATGGTGTTAATAATGTAAACGGTGAAGGACTATTTAGCTTACCTGATATTTCATCTATCGGATGGTGCAATTTACAATGGCCGCCGTTAATGTCATTTGTTGAAGGTGAAAGCGGGACTGTCTATGCTCAGCTATGGATTGATGGAGTTACTTCCGTGCCTGGTGCAACCGAAGGAATACCGGCTTACATTGGTGTTCACACAGAAAATGTTCATCCGGCTCAATGGCCTGTTGAAGCATGGATTCCAGCAATTTTTAATGATGATGTAGGTAATAACGATGAATTTATGGCTGAAATTGGAGCTAATCTTACACCCGGAACTTATTATTATGCAAGTCGTTTTGTTCCCGGTGGTGTAAAATCATTTTACGGTGGATATAATGCCGGCGGAGGTGGTTTCTGGGATGGTGTTAATAATGTCTCCGGTGTGTTAACAATTAATCCAATCGGTGGGCCGACCGTTGATTGGTGTA
CP129490.1_gap80	2953574	2955226	1652	CCGCTTACTTGGTCTTGAATACCAGCACCTATGTAACTGAAAATTCCTATGAACCCCATCACTGCACCTGCTGCTCTTCGTGGAGCAATATCAATAGCAAATAAACCTCCCAGTGCCGCAAGCAATCCACTCAATGTAAATCCATATACAATAAATGCGATTGTTATTACAGTATGGCTTCCATCGGGGATAAAGAATATTATACCCAATGCAATTACTTCTATTATCCCAAAAATTAAAGTAACGGGAGGACGTTTAGCGTTGAATAGTTTATCCGAAATAAATCCATAAGCAACGCATCCGGCCAAACCGGCAAATGTATTTAATCCAAGCAAACTACCTGCTTCAACCAAAGTGTAACCTTTATCTTCTTGCAGATATAAAAATCCCCAGCTATTAATTGCATAACGGGTAACATACATTAGAGCACTAGACAAACCGAGCACCCAAATTGCAGGATTCTTAAATATCTTTAATTGATCTTTTCTTGTTGAAGTGGATTCCTCTTCTTCAGTGCTTTCTTTTGAGGGAAAATCATTTTTCCATTTTGCAATTGTTGGAAGCCCTAGTGTTTCCGGTCTATCTTGTAACAAATAATAAATACCCATAGCCACGAGTATTCCGAATAAACCTGGTCCCCAAAATCCAGCTTGCCAACCGAAGAAAGACACAAGAGTTGCTGATACGATGAAAGTCAACCCTTCACCGATAGCGTGTCCCGTACTCCAGATTCCATAAAATCTTCCTCTTTCTTTATTGCTGAACCAATTGGAAAGTGTTACCGCACCGGTTGGAGCGCCGAATCCTTGGAAATACCCGTTTAACCCCCAGAGAACAACCCAAATCCATAAAGTGGTAGTACCGCTTATGATAATATTAATTGTTGCGGAAAGTATTACGCCAAGAGTAAAAAATCTTTTTACGTTTGCATGATCGGCGAGAATGCCGTTGAAGAATTTTCCGAAAGCATAAGAATAAAGAAGTGCAGAACCGACTGCTCCAAGTTCTACTGCGGAAAAAACATTACCATCTATTAAATCCTTTTTCATTGCGGATAAGGCAAGTCTCAGCGGATATGCTAATCCATAACCGACAGTAATTGCCATCATTACCCGCCATCTGTACTTTTTGTAGAGAGAGTTTATTTCTCCCTCATTTGTTAATTGAGGAGCTGCTTTGCCGGTTGCAAAAAAGTCAAGTATTGTTTTCATTCATACCAAGTATTATTATGAAACTCTCACTTTGATTTTATACCTATTACGGTTTCATTACAATTTTCATAGCTTGTTTTGGTATATGTTGCTGAGTATTTAGATCTAACCCAAGTTTACTGAATGCTTTTAAGCCATCTTTTAGAGGTATCACTTCAGTAAAGAATGGTTTCATATTAATTTTGCCAGACATTAAAATTCGGATTGCATACAACATTGTGTTTTGTCCGATGTAAGTACCTATCAACTTAATCGCCTTACGTGTAATTGTATTCGGAACTACCGTTGCTTTTATACTGCTATCCATGCCAAACGCTAGAATTTTTCCTCCCGGAGTAACGTATTTAATAGCATTTTCCAATTGGCTGCCAACTGCATCAATAACAATATCCGCACCTTTACCATTTGTAAATTTCATCACTTCTTTTTCGATATCAACTT
CP129490.1_gap81	2997098	2998638	1540	TGTAGTATTCTCTTTTCTTTAAATCTGGATGCATGTTATTATCATAATAAGCCATTGCAGAAATTTCCATATTGTTTTCTGTAAATAAATCCTTTACTCTTTTTGCGTCGTCTTTCGTAAAGTTTGCTGCATCAATTTGTCTAGCTTGATAATCTCTATCACTTTCAACCGGCCAAGCTGCAAGTTCTAGTGTTTGGAATCCGGCATCAGCCGACCACTTTACCATTTCTTCCAAACTCAAACTCGGGAAACAAGCTGTGATGTAACCTAATTTCATTTTATACTCCGTTTTATTTTTCAATTCAAGTATTTCAATTTATTGCCGTCTGCTTCAGCAGACGGTATCAGTGATAACTGTAAACTTTCAGGGCTTCAGACCCATATACTTTTAAACAATGTGGCTAAAGCCAAAACCAAGGATAATTCTTTGTAACCCGTCGGTTAAAACCGACGGCAATTTTTTAGACTTCAATCCACATTTGTTCTTTATTACTTTTTAGAATTGCTTCTACAATTTTGTTTTCAATGTGTCCGTCCGCGAATGTGGGGAAATCCGATTTTTCTTTTTGCGGATCTTTTCCCTCGCGAATGAATTGATAGAAGTTTGCAAATAAATTTTTTGGTCCATCAGGATAACCTTCAGGATGTCCGCCGGGATAACTCGCATACTTTCTTACACTCTCGTCAATCAACGCAGGGTCTTTAATAAGTATTTCATTTGGTTTCTCTCGATAACCAACCCACATTTCATTCGGTCTTTCTTGATTCCAAGAGATTGCTTTTTTACTTCCGTCAATATCAAAACTAAAATGATTTTTTCTTCCCGCACTAACTTGCGAAACAGTGAAAACTCCTTGAGTTCCGTTTTCAAATTGGATTAAAACGGAACCGGCATCTTCCGTATTGATTTCAATTTCTTGATACTCGGTTGAACCGAGTTCTTCCTTCCCCTTAAATGTTGCTACTTGTTTTGTAGGTTTTTTTCGTTTCTTGTGAATCGTTACCAAATTTGCGAAGACACGTGTAATTTTTTGTCCAGTTACAAATTGAACAGTATCACACCAATGCGAACCAACATCAGCAATTGCGCGTGAAGTACCACTCAACTCGGTCTCCAATCTCCAATTGTAATCGGTATCGTAGTAAAGCCAATCCTGTAAATAATTTCCGTGAACTAAATAAATATCGCCGAGATTTCCTTTTTCAATCTCAACTCGTGCGTTCTGCACCAACGGATAAAATCTATAATTGAAGTTGATTCCGTTGACTACATTTTTCCTTTTCAATAGTGCTAAAAGTTGATCAGATTCATTTGCAGTAAGAGTTAACGGTTTTTCAGAAAGAATATGTTTGCCTGCTTCGATTGCAGCTTTATTTATTTCAAAGTGAAGAAAGTTAGGAGTACAGTTATGTATTACTTCAACTTCATCATCATTCATTAATTCTTGCCAATCTTTATAATACTTTGGAATATCATATTTTGATTGTAATTCACTTGCACCGGTTTTATCATCGGAAGCAATTGCAACAACATCAACTC
CP129490.1_gap82	2999909	3002948	3039	CACCATTTATAGTTTTGCCGATTACAAACTGTGAATTCCACCAGAAAGGATATTTGTATGAAAGAGTTTTCCCTTTCGGCATATCCTTGCTGATTGATTGACCGCCCAAAGCAGGAACCAATACTTCGTCAAAATCAAATCCATTTAACTTCCACTCCACTAACCAAATCGGGCGTGGTGCCTCGACTTTAACTTTAACCAACACACCTTTGTTTGATTTAAAAAATTCCACGATCGCTGAATATTCTTTGCCTTCATCCGCAAAATAGAACTGAATTGAATTTTCGTTTTTCTCAATTGACTTAACTTTTTGAAGCACTGCCGGATCTGAAACTGCATTGTGAGTTCTAATGATAATAGATTGCTCACCATTGGCACAAACCTTTGTGCTTTCTTTTAAAATAAAAAGACCATCAATTGAAAAGTCTTCTGCAAAATCGATTCGCAATGAATCTGACTGAATGTTTGTCCTCATATTAACCGTAATTGTTTTTCAAAATTGAAGTTCGATTTCTTTTATATCTTTTTTGTAAACGTCTTCGTTAGGTGTTCCTTTTTTAAATATCACAAAGTAAGATGATTCTTCTTTTCCAACTGGCAGACATGCTCCGTGCCAAACTGCTTTATCGATTACTACAGCTTCACCGATATCAACTTGAAATGCCTCAGATTGTTCTTCGGCTTCGCCTTCTTTTAATAACGGAAGAACAAACGGCGCATCAATCGGAATTAAAATTTCGGGAGTGTCAAGATGCCGCTCCATTCCGTTTATAATACTTTTCGGTTGTTTGTAAACCGTACATATCCCGATTTCTGTTGCTCCATCAATTTCATAATTTGCAATATCCGACCAAAATTTGAAATCCGTGGCCTGTGCTGTCGGTTCACCTTTGGGTGACTTAACTACCTTACCGAATTTTATGAAGTTGTCTTCGGTTATTGGTTTTGAGTTTATTGTAATCATAATTCTTTGTAATCTATTTAACTTATTAAAATAACTCATCCCCCTTTCATTCCCCCTTCTCTTACAAAGAGAAGGAGGACACAGGGGGTTGAGTTTAACAATTATTTCTTAATTTCCATCACTGCTATTTTTCCGCCTTCAAGAGTTACATTTTTTACAACAGTTTGATTATCGGATTTTTCGATAGATGTAAATTCACTGCCTTCACCAAGTTCGTTGTAAAGTGTCCCTGTTCCCGTTAAAGCTGACGGGATTGTGTAACTAACTGTTTCTACGCGGGTATCTTTAACCATTCCGGTTTTGTCGTCCGTTCTCTTATCATATTGAACAGTTTGCAGCCAAGCAAATAAAATCACATCACCGTTTTCTCTTTCGAATGCAACGTAACGACTGTCACTTTTTTCATCTGCACTTGATACCACACTTTCACCGATACTCTTTATAGGATCAGCGAACAATTCATTTACAAAGATCAATGCTTGGTTTGCCGGTTTGGGTGAATGATCTGCCCAGGCAATACCAAGGTGTTTGTTATTATAAATATCACCAATTACTTCATCACTCGGTGGTAAGTCCTTTATTTCATACCAAGCCATTGCATCTATTTGTCCGGTCGAGCGAACAAGAGCAATTCTTTTAACAATATCAACAGCTTGATAATTTGGGGTGTGTTCATATTCATAATATGCTGTATAGGAATCTGACACCATAGATCCTTGACGGAAAGTACTGTAACCGACTTCAGCCATCCAAATTGGTTGGTTGTTGCCATATTTGGCAACTACATTATATACATCGTTTACATAGCTTGTAATTTCTTCAACAGGATTTTTATGCCAGGTCTCAAAATAGTTATGGCAATTTACTATATCGACATAAGGACTTAATCCATGATCTTCAAAAAGTGATTGAATCCATTCGGGTCTATAAGCAATTCCACCCAAAACAATTTTAGCTTCGGGGTCAGCTTTTCTAACAGCATCGGCTCCAATTTTATGAAACTCTGCAAATTGTCCGACATCTTGAGTTCTCCAGTAAATCCATATATCGGGTTCGTTCCAAAGCTCCCAAGTTTTGATCCATTTTTTATAACGTGTAGTAAGGTCGAACATGAACTCTCCCCATTCTTCCATATCAACCGGCGGGATATTCCAATATAATGCTGAGTCAACTGGTTCGGTTGAATTCCAGGCGGGAGTATAGCAAACATAAGGTATCATTGTAATACCGTATTCTTCAACACCGGTTTTTACGAAGTCATCCCAAAAGAGCCAATCGTATTTATCTTTTTCATATTCGATTGCATCCCATCCGAATGATATTCGCAAATATTTTATGCCGGATCTTTTCAACAATTCAAAATCATTTACATAAATATCTCGAGTAGTTGTTTCTTCAGGCCAGTCTTCACATAGTCCAAGCGGCATTGTGTAATAAGCTGTGTTGTTCTTTACGGTTAATTCACCGTACATCAACTTATCTTGAATTGCTTTTTCTTCGTCGGGCGCGCATGCGAAGAGAAGCATTCCGGTTAAAATGATTAATAATATTTTTTTCATTGTTTTCTCCGTTTTGTATTTGATTGAAACTTTTGTGATTTCTTAATATTTGTGTCCACTTCTATGTGTGTTGCATACTTTTTTTTGCCCCGACTTTTAAGTCGGAGATTAAGATTGCCAACTTATCTCTGGGCTTTAGCCCCATCCTTGGCATTTAATGGGACTAAAGTCCGTATAGTTTGTTGCTATTTCCCCCGTTCACTAAATTGAACGGCAATTATTTCTTTCAACGAACAAATCCTTATTAGCTTACTTCCTCATTCCAAAAATCTTTTCGCCAAGCGAATTGTTCCAACTCTTTGATTTCATCTTTTGGAAAATAATTTCCGTTACTAACCGCGCTGTTCATTTCCGCCTGCTTGATATTTCTAATCCCCGGGATTACAGTAGACACTGAATCATTGCTTAAACAGAATTTTAATGCAAAGTCAGCCATTGATAAGTTAGGATGTTTTTCATCTTTATATTTTTTTATCTCGCTAACTTTATCAACAACCGCTTTCAAATTATTTCCGC
CP129490.1_gap83	3004367	3006873	2506	TTTTAGTCCCTTTTGCAAAAGAACTCTTGAAGCCTTTTCAGCTGAACTCTTATCGACAATGTTTATACCTGAAAGAATTTCAAGTTCGGATTCATTAGGTGTGAGGTAATCAATAAATGAAAACAATTCATCACTCAATGGAGCAGCCGGTGCGGGATTTAATATAAAAATTGCACCGTTTTGCTTAGCCAATTGTGCCGCTAATGTAACAGTCTGAATAGGAATTTCAAGCTGGGAAAGAACTACTTTTACTTTAGAAAAGTATTCTTGTTTTTTAAGCAAATCATTTGTCGTGAAACGCATATTCGTTCCGGATATAACAATTATTTCATTTTCACCCGATCCATCTACACTGATAAGTGCAACTCCGGTTTGTGCACCATTTTCAATTAAAACATCGGATATATTCACTCCGCTTTCATTTAATGATCTTATTAAAGACGATTGAAAATCATCGTTACCCATCTTACCTAAGAAATATGTTAGACCGCCTAGTTTAGCACAACTTACAGCTTGGTTAGCACCCTTCCCGCCCGGAAACATTGCAAAATTCTTTCCAAAAACTGTTTCACCCGGATTAGGAAATCTTTCACTTGTAACGACAAGATCCATATTTGCACTGCCGACAACTAATACACCTTCCTTCTTCATTAATTACTCCGCAATACTAAATTTTTATTTCATATACCGGTGCATGAATAATAACCGGGGGCTCGAAAATGCCGGATTTGTGTTCGACGGCTTCGAGCATATTTATTAAAGTATTTGTTACACTTAATTCAATTTTGTTTTTACCTTCTTTCACCAAGCCGGTGATGTCAATTTGATACGGATTCCATAAAGCAATTTTTGATTCACCATCATTGATTTTTACTTCGAGTACATCTTCACCGCAGTTTACGTTTAGGAATAAATTTCCATTTAAGTATTCTCTCGGTAAATCGAATTCGGTTGTGTAAACACCGGTTCCAGAATAATGAGGATAACCCTGTTTAGTCCAATCACCTAATACAATTGTGTTTACTTTTTCACCGATTGAGTATGTATTCTCTTTTTTATTGAGTGTAAAGTCACCAACAACTTTAAGTAGATCAAGCATTCCATCTGTTCTTCTTACTACTACTAATTTTATTGCCACAATATTCTTCCCTTCTTTGACAAAAGCTTTAACATCGACTTCCTTTATCTCCGCATCTATTCTGCTTCTTCTGCCTTTATCTTTTACTTCTTTTCCATTGATGAACATGGTGTATTCTTTTCCGCTGAATCCATCAATTAATATTCTTGGATTTGCCGGCACTTTTTCCATTTCAAAGGAAGTCCGGTACCAAAGTGTAACGGGATAAGTAGAATCGTCTCTTTCTTGTGGAAGCTGCATTTCCCATGCACCCATTGTAACATCAAGCCAATTACTGTCATCGTAATTTTCGTTCATGACTTCATCAATATTAGATAAATCATTTTCCATCATCATTTTGTATTTGCCGATGCATAAAACATTATCCTCGGTAATTTCGAATGAAAAACTTTTGTCTAATTTTATGTCGTCAAGTTTTTTAATCGCATCATTAGTGATTTTCTTCTCGCCATCCTTAGTAATTACTTTTGCTTCCGCTTTGTTAATCATTTCTTTTGAATAGCCAATGAGTTTTTCGTTTGTTAAGTCAGTAACTGTAAGATTACTTGATGGAACAAATGGTTTTTCAAGTTCATCTTTAATAATTACAAAGTGTGATTGAGTTGAATCGAATGGTAGAAATATTTTAAGTCTATTATTGTCTACTGAATATTGATGTATCTTATTAATTTCACCGGTTTCAGGATTCCACAATTCAGGAGTGCCGACTTTTTCAAATGTAATTTCAACATTGCCAAGGTTTTTCTGTTGTGTGTTTGTTAGGAAGAACAAATCATAATCATCTTTTACTCTGTGTAAATAAAATACTTCTTCTTCGCTTATGGTAATATCAGGGGTGACTATTTCATTAAGTAATTTCTTAATATCGCCTTCTTTATCTTCAACGGATAAACCTTTCCCTTCAAATAAATAGACGGAACCTTTTCCTATGCTGCTTACTTTATTTACCGCGAATGATGAACCATTGTTTAAGTGTTTCAATAGTTCAGCAGGATCCTTGCCAAATAACTTTTTAATATTTATTAATGAATTGTCATCTTTAGCATCAAGTAAAGTACTTGGAATAACTGTATCGGCTATAACCGTTCCGCCTTGTGATACAAACTCGTAAAGTTTATCGAATGCATTTTGTTGAAGCGCTGTGATAGGTGGTAAAAATATTACCGAAAATTCTTCTTGATTGATCTTAATTTTTCCATTAATAACTTCTGCTTCCGCGAGAATATCTTCGTCGGTGTAATCAAAATCATAATGTAATCTAAGAAGCAAATCAGTCAAGTAATCAAAATCTGACTGCATTAAGTTGAAAAATTGATCGGGGCCGCTTGGTTTATAATTTGCCCAAGCACTGTTGATCGGATACAACAT
CP129490.1_gap84	3008086	3009428	1342	TCAAACCATGTATCGGATAAATAACCGATTGATTCACCGAAGCGTCCATGAATAAATAATCCCGAGATTCCTTTCGCATGGTATTCTTTCATCTGCCAGATCATTTCTTCTTCATTCATTTCACCGTTCCAAAACCAGAACGGTAAAACTCCCATAGCTTTCGGTGGATTAGCAAAATTATCCTTCGTTAATTTCTCACCTTCAACCAATAGTTTAGCAAAGTTCATATTATAACTTCTCCTGTCTTCTATATTTTATTCAATATCTCTGAAGCTGATGTGGGAACATACGCACTTCCCCATCCACTAGATTTGTTTGTCATAATTAATTTTAATTCATCGTTGTTAAGTAAATCATCGTGAGTGAACCAAGCATTATTAAATTCACTCCCGTTCAAGGTTGCTTCTTGTATATAGATATTATCTTGTGATAAATTTTCTGCTGTGATTTTGAATTTTTTACCGTTCCCTATATCGATTTTAATTTCATTAAAAATCGGAGAGCTCATTAAGTATAAATTTTGTCCCGCGTTTGGATAAAATCCCATTGCGCTGAAAACATACCATGCAGACATACATCCTGCATCGTCTTGTCCGGGCAAACCACTTGTTGTGGTTTTGTATTCCCTGTCCAAAATTTCTCTAACTCGTTCGACAGTTTTATCGTGTCTTCCGGCATAAACATATAAGTAAGGTGTAAGTATATCGGGTTGGTTGTGCTGAATGTAATGCCCTTCATGGAACATTCTGTCTAAAAACTTTACGAAATTATCTTTGCCACCGTGATGTTCAATTAATCCCCCAATATCGTGAGGGATAAAAGTTGAATAATGCCAAGGAATACCTTCGTAGAAATATGGACCTTCCCACCATTCTTCAATTCTGAATTCGGGATCAAATCCTTCAACCCAACTGCCGTCGGGATTTTTAACCCAGAAGAATTTTTCATCTTCTCTGAAGATGTTGTAAGAATTAAGTGAACGTTTGAGATATTTTTCTCTGTCTGTTTCTTTGTTTAATATATCTGCAGCTTGGGAGACACAAAAATCATTAAATGCATATTCGAGAGTTCTTGAAGAACCGCACCATTTGTTTGATGATGAGTAACCGAGTTTCAAATACTCGTCGGAATCTTTTCCGTATTCGTAAGGTGAGTCGGATGGAGTTTCAGCGTGTTTGATCATCGATTCGTAAGCGAGTTCATAATCGAAGCCCTTTAATCCTTTTACCATTGCATCAGCAAAGAGTACATCGCTGTTTGTTCCGCCCTGCATAAATGCGAATGAGCCGGATGACCAATTATCGGGTATCCAACCTGTGTGTGAGTAAATATCTAACAAACT
CP129490.1_gap85	3065410	3068977	3567	AAGCTTGATTCAATAAACACCTACTTTCATCCGAATGGGAATATCTCGAAGGTTATAAACTATATAAATGGATTAAAAAACGGTAAGGCAAAAGTATATAATGATGAAGGAGTTTTAGTCGGTGAATATAATTATACGAATGATGAACTAAGCGGTTCTGCTGTTACTTACTATGAATCGGGTGAACTTCTTTCAGAAAATTTTTACAAAAATGATTTTCTTGAAGGAACTGTAAAATATTATTATAGAACCGGTGAGCTTTTTGCAGAGGAAAATTACTCAAAAGGAATACGCAACGGAATTTTTAAGACTTATCATAAAAACGGTGAAGTTGCAGAGTTTGCAATTTATAAAAATAATCGGCTTGAGGGAACGGCTTTCTCTTATTTTAACGATGGCAAACTCAGAAGAAAGGCAGAGTTTAATTACGGTAGGCTTATCCGTGACGAGGTATTGGATCAAACCGGTAAACAGATTTTACAGTAACGCTAATCATTTGGATTCTATTAAGATATCTTCATTTCAACAATCTTTTCAATTACAAACTGATTCATAAATTCATATCCGAAGACGAGTGAAGGTGTTTGAGTTCCTTTATTTACTTTATCATTCAATACACTCTCAACAGCTTCAGCCGCACCTCTTCCGGTAATTTCATAGCCATCAATAAAACGATATGCTTCAAAAAGTTTTTCACCCTTATTGTTTGTTACTTCTCCCCAGACAATCATTGAGGATTTCTGTCTTTCATAATCTGTCGGCCCGTCCGTTCTTTTTGATAACTGTTTCATTAAAAAATCCTTAACCGAATTAAGACCAATCAGATTTTTACCTGCCGCAAGTAATCTTCTCGCAATGTAAAGCGATTTTGACAAACCAAGATATACTTCTATGTTCGGAATTCCCGTAGAATAATAAGCAGAACTTACATCACCCCAAGGAATAGCGACTCCCTCGAAATCAATTTTATCATTCTTTATTTCATATGTCAGATCAGTCAGGGGAATAGAAATAATTTTACCATCTTTTCTGATTTTTCCATCTTCATTAATCATCTCTAAAGTTGTTAGATATGTACCACGCGATATCTTAGTATTTATTCCTTCAAATCCAAGTTTAAGAGAAATAGCATCATTCATACTTTGTTTAAGCTTTTTTGCAATACAATCGGTTGGAATCACGTCAAACCCAACAGCAGGTAAAATTGTAATATTATTCTCGATCGCTGGTTGATTATTTTTCCACGCAAATTCAATCGCCGGGATTTCACCTGTTATATCGATGTAATTTGTTTGTGTTGCTAAACATGCCTCGATAAATTTATCAGCAGTAAATTTATATGGGCCGGCACAATTCAATACCGTGTGAAAATCTTTAATCTTTTCTGTGAGATTGTTCTTGCCTTCCAACCCAAATGCCATATAATCACAATCAAAATCATTCGCTGCTTTACGAAGTTTGTATTCATCTCTTCCCGCTAGAACAGGCTCGATATTTTTCTTTTTAAGATTTTCTATAATCAACCTTGCAGAATATCCGTATGCACCATATACAATAAGCTTGTTCATAATATTTAACTCACATTTAGGATTTTTTAGTAAGGCTCGTGTTTATATCAATCATTTTTAAGTTATTGATATAATCTGTAAAGATAGGTTTTTTAATTGATGTTAGTTTTTCAAGGACTGCAATAATTTCTTTTGTTGCAGATTCAATAAATTTAACACGTTTCTCGATTGCTTCCATATTAAGTTCAGGTTTAGAGAGTTCTCTCCTGATTGCCGTTGTGCTTAGGTTAATTAATGTGAGTGGTTGCTTTATTTCGTGGTTGGCGGTTAGAACTGTTGCTGCAAAAGTGTTTACTTTCTCAATATCAATCAAGAATTTATTTGTTTCGGAAAACCTAAGTGCTGCTTTAATTCTAGCCAGAAGTTCTGCCCTATTGAAAGGCTTTTTAATATAGTCAAATGCACCGGCTTGCAAGCCCTCTTCCAAATCTTCTGTACCGGTTAAAGCAGTAAGTAGGATAACCGGAATGTGTTTCGTTAAATCATCCTTTGTAATTGATCTACAAACATCAAATCCTGAAACTCCGGGCATCATTACATCAAGTAAAATTAGATCTGGCAATTCTTCACGAATTTTTTCTAAACCATTTTTACCATCGTAAGCAGTTATAATTTCGAACCCGGCTTTTTCTAGTCTGTCTTGAAGTATAAAAACATTTTCCGGGTGATCATCAATTACACAAATTTTACTCATTAATTTATATCCTGTTCACAAACAATTTATTAAGTTTAGAAGTTATTGCTAATATATCAATTGGTTTTGTAATTATATCGTCAAATCCGCTTTTATCAATAATATCTTTATCATCCAGCATTGCGTATGCAGTTAATGCAACAACCGGAATATTTTTGTATTCATTATGTTTACGAATTTCTTTTAATGTTTCAAATCCATCCATTTTGGGCATCATAATATCAAGTAGAATTAAGTCCGGAACTTCATGTTTCAAAGTAAGAATACATTCGACTCCGTTTTTTGCAAACAAAGGATTATAACCCAAGCTCTGAACAATTTCACCAACAGTAAATAGAGTATCTTTATCATCATCGACTATCAGCACTTTTACATTATTTATGGTATTAACCTCAATTTCCTTTTGAACCGATGGAATTGTTTCGTCAATTAACAGTTTTGCTTTTGCTAACTCATTTTCAGCAATTTTTAATCTATCGCGTATAATTTTCAAAACATCAATGACATGGTGTTTTCTATTTAATGTGTATTTGTTAAGCTGGTTTACAATTTCCCTTGTCTCACTCTCGTTATTAAATACCAACACAAATTGTATTTTTCTTGTAGATCTTTCGTGCTTAATTATATCAATTATCTCAATTGATTTTCTATCTAACTCAAGAAATACAAAGTCAGGTTGAGAACCATCAAAACTTCCACTTACATTATTAATAAAATTATTTTGGCTAATCGATTTAACATTTTGAACATTGGCAATAGTTTGCTTTAATTCATCATCTTTTAGCAATGAGATAATTTTCGGCAATTTATTGTCTGTTTCCAACGAAAGTTTTTTGATATACCGTTCTGAACTATATTTTAATTGGTCATAATTGATATAATCATAAACCGCTAATCCATAGCCATAATTTTTCTCGTTGAAAGTCGAGACCATAATTACTTTAACATTTTTTACTTCGTTGGAGGATTTAATACTTTTTAATATTTCCCAACCTTGGTTGTTATTGTAGTTCTGATTGATAATTACTGTTGAAATGTAATTTTGTTTTATATAAGAGATTAACGAAGATTTATCATCATACTCAATAATTTGAAAATCATTAAGCAATAAATAATCACCTATAAGTTTTTTGTCGGTTTTGTTTTCTTCTAAAATCAGACTACGTTTAGTAAGTTGGATATCACTTTCATTTAATTGATATGACTCATAATCACTTTGAATTATATTTGGCAATAGAACAGTAAATTTCGAACCAACTCCAACTTCACTTTCTAAGGAAAATTTTCCATTTAGTAATTCAGCAA
CP129490.1_gap86	3071214	3072216	1002	CCAATTTCGCTGAATCAATCGCACTTTTAACATCAGCATATGCCGTTAAAACAATTACCTTTACGTTCATCCCGTATTCCCTCAACTTATTGAGAACGTAAAACCCGTCTTTCTCGGGCATTTTTAGATCAAGAAGAACTAGATCAACTTTATTTGCGGAGAGAAATTTAATTGCAGATTCGGCACTATTTTCAGTACTAACATTATAGCCGATTTCTTTCAATTCATCGGAAAGAGCTTCGCAAAGATTTATGTCATCATCTACTATTAATAGAGACTCCACGTCAATCCTCGTCTTCGTCCTTTTTAGTTTTATACTGTTCTAATGATTTTTGTGCTTCGGTTCGAAAATCTTCCATAACTTCTCTTCCCTCCTTTTTCTCGGCAAGTCTCTCTTTTAATGTAGGAAGAATTTTCGCTTCTAATAGAATTATAGTTTCATTTTTTGTGTATTCTGTTTCATCATACCCAAAAATGTATCTTAAACCAAAAAACCACCATGGCAAATCTTTCAATAATGGAATACCTCTTCTAACAAAGGATTCTGCGTTAACAATTAATCCACCTATTGCTGTTTTTTCTCCGTCAAGCATTAAAACTTCTGTGGAAGCGTTTGTTTTATTTATAATTGTAGAAAGTTCTGTGATTGTCGGAGCTGTGCTTCGTTCAGCATTAATTTTTAATAAAATATAGTTTACACCTTCTTCATCGTATATGTAAGGAGTTATTTGCAAAATTGTTCCGGTTGGAACAAATACATCAATTACGTTGCCGGCAAAATCTCTTTGTTTGATGGAAATATCTTGGCCGATCTGAATTTTTCCCACATTTCCATCACGTACGGTTATTGAAGGTCTAGCAATAATTTCGCCCAAGTTTTCTTCTTCAAAAAATTTAAATACCCCTTCTGCGGTTCCGTCAAACTCGCCCATTGTGTATTCGGATTCCCAGTTCGTTGTAAAGTCCGGTGGAGATTGTTGCTGCTGCGTTGAACTTCCCCCG
CP129490.1_gap87	3082934	3083695	761	ATGCATCAATTCTTATTGTGCGATCAATTACTAATGTTAATAAAGAATTATTAAATGGGACGAATGTAAAATTTGTAGGGACTACTACAATAGGAACCGATCATCTAGATAAGGATTATTTAGAAGAAGCCAATATTAAATTCGCAAGCGCACCTGGATGCAATTCCTTCGCAGTTACCGAATATGTTTTAACGACTTTAGCTTATCTTGCAAATCTTCATGATTTCAAGCTCAAGAAAAAGTCAATTGGAATAATCGGTTACGGGAATATCGGGAAGAAGTTAACTTATTCGGCTAAAGCAATCGGAATGAAAGTATTAGTTAACGATCCACCTTTACTAAGAGAAAATTTTGATTATGATTTTGCTGCACTGGAAGATGTTCTACAATGCGATATAATTACTTTCCATGTGCCCATGAACAAGACGGGAATTGATAAGACTTTCCATTTACTTGATCATGAAAAAATTAACGGATTAAAACCCGGGACAATAGTCATCAACACTTCACGCGGTGGAGTTGTTGATAATAAAGCATTGTTGGACAGAATTGAAAACAAGAATGATATTATTTCAGTTCTCGACGTTTGGGAAAGCGAACCATTATTGAATCAAAAATTATTGCAACAAGTATTTATCGGGACACCACATATTGCCGGATATTCTTATGAAGGTAAAGTAAACGGAACAACAATGATTTATAATGAACTTTGTAATTTCTTGAATCAAGAAAAAATGTGGAAACCAAAATTAAAGGAAGTC
CP129490.1_gap88	3087091	3088436	1345	GCAAATTCTGTTGGTGTTTCTTCATCACGTACCGAGTTTGGATCATCCTTTATTGCAATTAATGTTCTAGTCTGAGACCGGTCAAATGAACTACCGTTTAGCCCAAGGTAAAGTGTTCCATCTGATCCGATGGCAGGTGAGCTGTCAAATTCTCTACCTTCCAAATCGTATTTCCAAAGCAGGTTTCCTTCTCTATCCAGTGCGTAAAAATTATTACCATCTGTTGAACCCAAATATATATTTCCTTCGGCATCACTTACTAATGGATGATTAATATCAGCGAAAAATACATCTTCGTCAGGATCAAGCTCATATTCCCAATTTGTTTCACCATTCTGGTTCAAAGAAATAATTAAATTACGATCAATCAATCTTGTAAAAAAAACAATATCCCCATTGAAAAGAATTGTAGGGGCAGAATAACTATTATAAACGTAAACTTGAAATTTCCAGTTGATGCTACCAGATTTGTTCAGTGAATATAAATATTGCGGGCTCGGAGAACCTGGGATAGATGCATAGAAATAAAGATTATCAGAATTGTCTATCGCTATTTCACCATAATTAGAATTACTAAATCCCATTCTCCAGTTAAGATTGCCTTCCTTATCCGTAGAGTAAATATAATTTGTTGAGTTTGGTTTATACATAGCGCCGGTATGAAAAAAAAGAGATTCTCCATCGGTAGAAAATGTAACCGGTGATACAATCACTTCACCAATATCTTTTTGAAGAATTTGCTCTCCCAAATAATTGTAAGCTACTAAAGTATCGCCAATACTACCGTAAACTTCACCATCCTTGCTAATCGAGATATAAAATATACTCATCACCGGTGTACGCCACTTCAAGTCACCGGACTGAGTCATAGCAAGTAGTTCACCCAAGCCTGTTGTAAAATAAACCGTACCATTGTGGGCAGCAATTGGTTTAGTTTCATTGTTTATCCAGTCTCCGGTTTCAAATGACCAATTTATTGTACCATCAGAGTTATACGAATAAACTAAATTGCTTTCGCTTGTATCACTCAATAAGAATGCATGAGTTCCAAAATATAATTTTTCATTATATCCGATTGTTGGTCCCCATAAAATTCCAAGAGGCAAATCGGCTTCCCAAATTAGATTTGGTGTTTTCGGTCCAACATATTGCGATCTGCCGGTCGCTTGGGCGTCGCCTCTAAAGGTAGGCCATGGAGAATCCGCCAGTGACGGCCATTCTATTGTTTCCTGTGGTTGGGCAATGGTTAGACATAAAAACATAAAAATCATGTAAACAATCTTCATTTTATTCACCTATTATTAAAAGAGTTTTACTGGGCGGTTAATTTAACCGCCCTTTTATT
CP129490.1_gap89	3100060	3104930	4870	TCATAGAAGAATGAATCGTTTGAACGATATAAATAACTTCCCACTTGTATTGCATGATGAAATTCATGGGCAACAGTTACTTTCGCACCATCAATTCCTTTGGTGTAGTGAATATTAAAATCATTGTCGATTACCATAAAACTTGGGCTATTGCTTGTACTCATAAAATCAGTATAACCATAAATCGAACCGAGGTCTTGAATATATACATCATATAAATTATCTCCTCCTTCGCCATTATCGTTTGGTGGTTCGGGATAACCGAGAAAATCTATCTCAAATTTTTTTGTTGAGTCTAACGCAATTGATAATTCATTTAGATTGTATCCCGGTGCATGAACGCCGGTAGTATTATAATGTATTCTAAAATATCCGGATGGTGAGATGATACTCGTTTCAGTCTGTGGCCTCATTTGAAGGAAAGACAAATTATTTTTTTGCTCAGGACTAAGTTTCTCAAAATTTTCTTTCAATTCATTTACGATGTACATCCCGCATTTAATTGTCTCAACCTTTCCGCTGCTGATTTCATCTGCTGCTTTAGAATAATTTATCGACGTAAAAAATTTATGATACAAAGAATCCAAATCTTGTGAAAAGATTGAGGAGGAAATAATACATAGGAACAATATTGTTTGAATAAAATTTTTCATTCAATTTTCTTTAGTTCTATCAGATTACTGGTTTTATTTATCATAAACATGTACTTATTTTGCTCATTTATAAATTCAACAATATATGGTCCTTTATAAGTAGCAATTTCTTCAATTGACGGAATTTTTCCTGTATTAAGTCTAATCTCTGCTGAATATATTTTGTTATCATCTGTAAAAAACATCGATGCAATATTATCTCTTTTTCTAAAAACATTTTGAATATTTTCCAGATCAATAGTGTTATTAAGTTTTATGAAATTATTATTGTAAAATATAAACGTATAACTATTCATCACAGTTTTTAATACATATAGAATAATGGGATCGTCTTCATTTCCGAAGCTTTTTACAGCAGTATAAGTTAAAAAAGTAGTGTCGATATTTACAACTCTATTATTTGCTAAGGCGACATCTGAACCTTTCAAAAATTCTACCCCTAATTCAAAACTGTAATCTGATATTTTTTTTATATAACCATATTTTTTAGTAGCAGAAAACATAGCTGTTTTTATATTCTCACTGATGATAGTAGGCTCACTTTTACTGTATCGTATTCCCTTATATTCAAATTCTTCAATGGAAACACTGCCGGACTTATCCGTTAAAGTTATAATCGCGGGAAGATTATTTTCCCTATTGTCAATTTTTAGGTCCAATATATTATTTATGGTATAATACTGTCTCGTCCAATAAGAACCGTCTGTTAAATTTATATTCAGAATCTCGATTAATTTTCTACCTTTTGTGAAGATAATAAGCAATAGCTTTTCGTTGTCTAGAAAAGAAACTTTCAGATTGTTGTGTAAATTTTTGAGCTTGAACTCATAATATTTGCTCAAAGCTTCTGTGTATAATTTCAGCGTATTATCGATTGAATCAATTATAGCTAAATTTAATAAGGAATTTGAATCTTTTCTGAATGCAAATATTCTGCAAGGTAATGCCCCAAGTCGCAAAAAAGTATTCTCAAGTTCACTTATTGAAGTCATCATCGTAACTTTAGATTCATCAGTAAAAAACGACAACTTAACTTTGCTCCAGCTTGATACATCGAAAGTTGCAACAGAGTTCACTCCTGACAACAAAACTGGTTTTGATAGCTTACCGTTTTGCATAATAGAAGCAAAAAGTTGCTTGCCTGTTACAGAATTTTTCAGATAAACAATATCTAAATAACCATCATTATTTAAGTCAATCAGCTGAAAGTCTTTGACATCATTTTCTTTGATTAAAATTTTGCTTTGTTCAAAAACCGAGATCGAATCGCCCTGAAAAATTTCAATTCCGTTAGCAGATGAAAACAGTAAATCTTCAAATCCGTCATAGTTGAAATCGGCTCGGCGAAATCGAGTTAAATTTTTAATTTCTTTAGATAGATTAATTTCAGTAAGCTGAAAATTTATTTCGTTCCGGATAAGATTTAACGTTCCGTTAAAAATATCGTAATAAACAATATCGGTGTTAAGATCATTATCAAAGTCATAAAATACAGCATCTCTAACGAGTCTTCCTTTTACTAGATCAAGTGTTTCGCCATTAAAATCGGTATCGACTAATTTTATTCCATCAAAATTACTTCCGAACACAAGAGCTTTTTGTGTATTTCGTGAAATAACAAAATTTTCGGGATTATTTTCGAACTTAGTTGATTGGAGTTTGCTGAGCTTCCCTTTTGCATTGATTATAAAAGTACCAAAAACTTTATCACGCCGAGAAAGAAATCCAATTTCAGTTTCACTTTCACCGACTTTCTTTATTCTGCGTAATAACGAAATTTCAAAAGGAACATTAATTGAATTAATCTTATAGTCTTGAGTTGATAAATGAACCGTTATGGTTTTGGACGAATTCGCGACGATGTAATCCGGTTCTCGATCACTATCAATGTAAGATGTAACAAGTGAAGTGGCAGATGAAATTGAATTAAATTGATTTACTTCGCCAAAACCATTTAAATTAATTTGGGAATAAACCAAGGAAGGGAAAACAACAAATAGTATAAAAAGCTTAATCTTTTTTGCGTTGTGAAAGGCGGTATTCTCTTCTCTTAAGTGCGTCATTATATCGTCTTTTTTCATCCTCTGTTTGAGGAGTAATCTCAAATGTTTTAACCGGCTTTCCATCGTCATCAACACTTACGAAAGTTAAGAATGCAGTATTGGAATGAATCCTAGTTCCTTCTCTGTGACTTTCGGTAAAAACTTTTACACCAACTTCCATTGAAGTGTTGAATGCTCTATTAACCGAAGCCATTAAAGTTACAACATTACCGAGTTTAATTGGATGATGAAAATCAATTTTATCGACTGATGCGGTGACACAAACTCGATGCGAATGTCTGGCTGCCGATAAAGCCGCGCATATATCAATCCAATGCATTAACTGTCCGCCAAGCAAATTGCCAAGTTGATTTGTATGATTTGGCAGAACCAGCTCGGTCATAGTAACAACTGATTCGGATACTGTTTTAATTTTATTCTCTTGCATTAGAAGTTCGCAATTCTTTCTTCAATTTGCTGAATGTCTTTTGCCAAATTATGATCAGGATAACGTGCAAGAAATGTATTAATATCTTTTTTAGCCGAAGAATAATCTTCTCTGTTTACTTCTAATTGTATTTTCTTATAAAGTGCTGTCGGACCAAATTCTGTATCGTGATAAATTTCCTGCACATCACCATAATATTTTATTGCGGCTTTGTAATAGTCCATCTTTTCATAAATCACGGCATTATTGTAAAGTTTCTCGGCTAATTTGTGATTCATTTCCTGAATTTTTAATTCAGCTTCTTCAACTTTCGGACTTAGCGGGAAATAATCAATAAACGCTTGAAATTCTTCAATTGCTTTCTGGGTATAAGCTTGATCCAAAGGATAAGGAGGTGAAAGCTGATAATAAGATTCAGCTAACATGTACTGTGCTTCCGGAACAAATTCACTTGCGGGAATATCTCTTATTAACTTACTGAATTCATATGCGGCTAATAAATACTGTTCTCTTTTGAAATAAGTTAAACCAAGATAATATTGTGCATCATCATTAACAGCACTGCCCGGATATTGAAGTAAAATTGATTGGAATTCACTTTGTGCTTCGATATAATCTTCATCTTTGAAAAATTCGAAAGCATATTGGTAATGTTCGTCCGGAGTCATCAATGTCGTGTCTTTACTTCCTGAACAACCAATAATAAATATAATTGCGGCTATAGCTAAGAGTAATTTCATAAGTCCAAATATTTAAGAAAAATTAAAAAATGAAAGATAAAAATAAAGAAATTCCTTCTGGCTTCAAAGAACTGTTATTTGCTCCGGACCGTGAATAGAAGGATAATTGTCACAATTACAGCCCCAACTGCAATAACAGGTTCCAGAAGACTCTCGAACAGCGGTTCATCAGGTTTTGTTCCATGAGTTATTGCCAAAGTCTGAGCTTCAACTTCACTTATTTCAGAATAAAAAAGAGTGTCGGAGTAAACTGATTCGATCATATCGGAATGATAAATTTTATCTTTATCACCAAAATTAAAAGTGCCATTAAGCTTCACATTTCTTTCAATTTTAAAATCGCCAAGAAGTCCATTTCTAAAAGGTTCGGAATAAGATATGGCAATTTCATCCAGAGAAAATTTTACTTTTGCGGCAGAAGAATCATTTGTGAACAATCCTTTTGAGGAAAGGTGATAAATAAATCTATTCTCTAAACTTTCATATTCAGTTTGCGAGAAATACTCAAATTGGAATGGCGATACTTCATGAGGTAATTTTCTTAGTAATTGACTTACATTATTTTCAATTAAGCTATGTATAATTTCAAGATTTGATTTAGTCTGAGAGAATAAAAGATTAGAAATAGTAAAAAATAATACAATCGATATGACTTTAGTTGTTCTCAAATAATAATTTCTTGAAAATTGTGATAGGAAGTTAAAACTACTTTTCTAAAATAAAAAGTGGAATTACTATTAATATTGAAAGGAATACCCCGAGAGATTGCCTCTCGGAGTATTAAAAAGATTTATCTTCTACCGGCGGCAATTTCTTGTAAACGTTTTATTCTTTCTTCAACAGGAGGGTGAGTTGAAAAAAGTTTCATCATAGATTTTCCGGCGAATGGATTTACTATAAACATATGAGCCGATGATGTGCCGGCATTTCTCATAGGCATTTGCTTATTACTCATTTGTAATTTATTTAAAGCACCCGCTAATGCAA
CP129490.1_gap90	3275587	3277248	1661	TGATGCAACCGGTCATGGCATGAAAGCCGGGATTATGGTTGCAAGTATCAAGAGTTTATTCAGTGCACTGGGTTTGAAAATGATGATCCCGGATTTCTTTAAAAAGTGTACTGAGATAATTAAGAGCATGGCGCTTGGTAATTTGTTCATGTCAATGGTATTTATTAGAATTAAAGGAAATACAGTCATTGGAAGTTTAGCAGGGATGCCGCCGATATTAGTTTATAGAAAAAAGCAAAATATTATCGAGGAAATTTTACAGAAAAGTATGCCGCTGGGTGCGTATCTAAACTTTCCTTATGAAAGCTTTCAAACCGAGTTTAATAGCGGAGATGTAATTCTTATTCAAAGTGACGGATACATCGAGTTGTTCAATGCACAAAAAGAAATGCTGGGCGATGAGAAATTAAAAGAATATTTCCTCGATGTGGCGGATAGTAGTTCCGATAAAATTGTAACGACTCTTTTTGAAAAGGGTGACCAATGGCGAAAAGATCATCCGCAAGAAGATGATATCACTTTTGTGGCCATTAAAAAGAAATGATTTTTTCTCTTCGTTTTAATAAATCGATTCTGCTTTATAGTAATACCAAAAGTTTGTAAATTCAGATCAATTCATTCTGCCTCGGTTGATTTTCAATTTTATTTTAGCCAAGATTGATATAATAATTAACGATTATATTCATTTTATAATTTTTAGAGATTTGTATGAGTTCAAAAAGTTTTTCCCGCGTTCATGTTATTTCACTTTATTTATTGCTTGCTGTATCTATATTTTTTCTTCTGAATTTTTACGTTCAGATCGAAGAACAAAAAGTAACTACACCTCCCGAACCTTATCCTCAAAATTACAGAATCGTAGTTCCGCCAATACCCGATAATATTGAAATTTTCGGAGAACGCGTTCCACTTGAAGATATTGATGTTCGTGAAAGATTAGAACGTGAAATAATTGTAAACACTTATTGGCATTCATCTACTTTATTGATGATTAAAAAAGCAAAAAGATGGTTTCCGATTATAGAACCAATTCTTAAAAAAAATAATATTCCCGATGATGTAAAATATATTTCGGTAATTGAAAGCAATTTAGATAATGTTATCTCCCCTGCCGGCGCAACCGGCTTCTGGCAATTTATGAAAGGAACCGCACCAAAATACAATATAGAAATTAGGGATGAAGTTGACGAACGGTATCACCTTGAAAAATCTACTCAAGCTGCTTGTGATTATTTGATGGAAGCATACGAGAAATTTGGAAGCTGGGCAACTGCTGCTGCAAGTTATAATATGGGAATAGACGGAGTTAGAAAACAAATTGAACGCCAAAAGACCAGCAACTATTATAACTTCACCTTAAATCCGGAAACATCAAGATATCTATTCCGGGCAATTGCTATGAAGCTTATTTTAAATAATCCGGAAGTCTACGGTTTTAATGTTGAAGAATTTGAGAAATACATGCCATATGAAACATATGAAATAGAAGTTACCGAAGATATTACCGACTTGGCAATTTGGGCTAAGGACAAACAAATAAATTACAAGTGGTTGAAAATTCTCAATCCTTGGTTACGAGATAACTACTTAAAAGTACCTAAAGGAAAATCATATAAAATAAAATTACCCGCACCGGGTTCTGTATATATTATTCCGGAATA
CP129490.1_gap91	3285951	3290803	4852	CCACTTCCACTGGAATTAAAATAAGCCATAAATTTCGGATGATTCCAATGTGTCATTCCCGGCATTATGATTTCATCAATGTCATTAAAAACATTTTTCATATTCTCTGGTTTTAACGGTGGCGATTCGGGAAGTTTAGATTTTACATCACCGGGATTAATTTTTGCAAGCGCTGGATAACTTTCAATATTCTCAAAATAATTTGCGATCCAATCAATAAGTTCATGGCCATACTTTCTGAACTCCTCGGGAGACATATCAACATACTTTTTATTCATTTCTAAAACTCAATTTTATTCAACCAATTTATTACTTCTCTTGTCAGTTCAATTCGTTTATCCGAAAATGAATGCCCGCAAGAAATTATTCTCTCTGTATAGGTTGGGTTATACTTCTTTAGAGCTTTGGATAAAGGAAAATGATGGAGTTCAACCGGCGCAAGTTGATCGAATTTTGCCGCGATTAACAATAAATCTTTTTTTGCTAATGTTTTAACATGATTTATCAAATTCCACTCTTTATTATGCTGCAACATTTCATTTAACAAATCTTGCTCTGAAGTTCCATTAAGCAATAGCACAGAATCATGCATTCTATCGAGTGAAATATTTTTTATGTCTTCATTTGATTTAATAAAATCCGCCCATAACCCGAAATTGAACCCGGCGAAAGCAGCACCATGTTTTAGCAAACTATCATTTGCTAAATTTAACAAAGTGATAAATCCACCCATGCTATGACCAACAAGAATTACTTTTTTATTATCACATCGATATAAATCCTTTACTTCATCAGATCTGAAGTAGGTAATCACTAATTTGGAATCTTCAATACAATTACTCCATGAATAACTTCCACCGCTTCCCCAAGAACCGCGATAATGAAAATGGACAACATTAAAACCGTTTCTTCTTATTGCATGAGCAATATCTATATTTGTATCATTACCGGGAAAACCGGTTAAGAGAATAACAGTCGGATGAGGTCCTTCTCCCGCTGCAATTAATATAGAACCGATTAGTTTACTCCCATGAGAATCGAGTGTAAAAGTACGAACCGTAGCCGGATATTTTAGATCAACTTCAGGTGGATCTTGTGTTACTGGATCAAAGTTAAGTTTCATTATCTCCTCATTTACGAACCAGCCTAAGACTGAATTAAAACGGAAACACCAACATTTAATTTCTTTGCAAAAATACACAATTAAGAAGCAATTGCGAACCGCATACTAACAAGTGGGTATTCTTATAATCATTTACTATTTTTGTTGATTCGATTATTGGAGATATTATTTTTATGCGTTTATCAAAAGCTTTTATTCCCACATTAAAAGAAGTTCCGGCGGATGCAGTTATACCAAGCCATATTCTAATGGTTAGAGCCGGTTTAGTTAGAATGTTATCAGCCGGTATTTATTCATTTCTTCCTGTTGGTTACAAAATGATTAAGAAAATTTCCGATATTATTCGTGAAGAAATGAATGCTATAGGCGGACAAGAATTTCATTTGCCGGCGCTTAACCCAAAAGATATTTGGGAAGAGACAAATCGTGTTGAAGCTTTCGGTGATACAATGTTTCACATAAAAAATCGTGATTATGTTTTAGCTCCAACACACGAAGAAATTATGACATTCCATGCAAAAGGAGTTTTAAAATCATATAAAGACTTACCTCAGATTTGGTATCAGATTCAAACTAAATTTAGAAATGAACCTAGACCAAGAAGCGGTGTTATTCGTGGAAGACAATTTTTAATGAAAGATGCTTATTCATTCGATACCTCTTATGAAACACTTGATAAATCATATGAGTTACATGATAAAGCATATAGAAAAATTTTCGATAGATGCGGATTGAAATACTTTATAGTAGGAGCTTCATCCGGTGCAATGGGTGGAAGCAAATCAGAAGAATTTATGGTTCAATCTGATGCCGGTGAAGATACAGTTGCACATTGTGAGAATTGTGGATATGCCGCAAATGTTGAAGTAGCAAAGTCTGTAATTGATCCGGTAAATCGTCTCTCAGTAAGCAAGCAAATAGAAGAAATCAGTACACCAAATGTTAAATCGATTGATGAACTCTGTGAATTTTTGAAAATTGATCAACGTGAGACTGCTAAATCAAGAATTTATATTCATAACGATGAACCGGTTTTAATTTTAATGAGCGGAAATGATGAAGTCAACGAAACAAAATTAGAATCTGTGCTCGGCGGAAATGTTCGTCCCGGTCATCCTGAGGAATTAAACGAAATAACCGGTGCCGATGCCGGTTCAATCGGTCCGATAGGATTTAAGAAAAGAATTATTGCAGACAATAGATTAATGGATGGCAACAATTTATATAGCGGTGCAAATAAAAATGATTATCATATCGGCGGTATTGATTTAAAGCGAGATGTTCCGACAATTGAGTATGCGGATTTACGTACAGTTGAGAGCGGTGAGAAATGTATTCAATGTGGCTCACCCATTAGCGTATTCAAGGCAATTGAACTTGGACACATCTTTAAACTCGGGACAAAGTACACAGATGCTATGGGTGTAAATTACTTAGATGAGAACGGTAAAGGACATCCGATAGTTATGGGAAGTTATGGAATTGGCGTTGAACGGGTATTAGCTTGTTACCTTGAACAAAATCATGATGATCGCGGAATAGTTTGGGATAAAAACTTAGCTCCTTTCCAAATTCATTTGATTGGCTTGAACATGAAGAATGACGAAATAAATAAAGCTTCATCAAAACTTTATGATGAATTAACTAGCGAAGGCTACGAGGTTTTATTTGATGATAGACTTGATGTTTCTGCTGGTTTTAAATTTAACGATGCTGATCTAATGGGTATGCCGGTTCAAGTTGTTGTCGGTGAAAAAAATTATAAAAATGGAAATGTTGAAATTAAAATTCGAAGAACCGGTGAAAAGGAAGTCGTGGCAATAAGTAATTTGAAATCAAAGCTGGAAGATTTATTAAGTTAATCCGCAGAGACGCAAAGTCGCTAAGTTTTCCTTTGCGTCTTCGCGCTTGCCCGGCTGTGAATTAGACTTTGCGGTGAATATATGGAACATAAACTCTACTTAGTTTCAACTCCTATCGGGAATCCTGATGATATAACACTGCGAGCTCTAAAAATATTAAAAGAATCAGATATTATTGCTTGTGAAAAAATAAAACCCGCACGAAGAATTTTATCAACCCTTGGAATTCAAAAAGAATTAATTCCTCTCAACAGACATACTGAGGAAGAATCAGCAAAAGAAGTTTTAAAGTTGATTCAAAGTGGAAAAACAGTTTCGCTTATATCAGATGGCGGGGCACCTCTTTTTTCTGATCCTGGTCATTACCTTGTTGATTTGTGTATTGAGAGTAATATTCAGATTGTACCTGTGCCCGGAGCTAATTCTCTTATTCCGGCATTAACCGGATCGGGACTTGATATTGAAAAATTCTATTATTACGGCTGGCTTTCCGCAAATACAGAAGAAAGACGAAGAGAACTAAATAGACTAAAAAACTTGAAAGAACTAATCGTAATTCTCGATACTCCCTACCGCCTTATAAAACTGCTGAAAGATGTGGAAATGATCTTCGGGAAAAAACAACAGATTGTAGTTGCATATAAACTAACGATGAATGATGAACACTTTTTCCGTGGCGAAATATCTCAGGTTCTACCGAAAATAGAAAAAAACGAACTCAAAGGAGAGTTTGTCCTTCTAATTGAAAATCGCAGTTAGATACCCTACCATTTTTGGCAAGAAATTTGTTCATTTGTACATGAAATTATAATTATTTTAGTTAATCTTAGTAAAAAAGAATAAATAGGAACCGGAGGAATAAATGTTACAGGTTCAGGATGTTGATTTAACACCGAATCCACAAGCTTTAAAGTTCATCTTAAATGAAAAGCTTTTACAGTTAGAAACCCGCAATTTTGCTAAAAAAGAGGAAGCTCAGAATGATCCGCTTGCAAAAGGTATTTTTGATATCGAGGGGGTAGTTTCGGTTTTTTATATGGATAGATTCGTCACAATTGAAAAAGATCCGAAAGCTAGCTGGGGACAAATTCAAAAGCCTTTTGTTGATTTTATTTCCAAATTTGATAAAAACCTCGTTCCTGCTGAGAAAGAAGTAAAAATTACTGAAGAAGAACAATCTGATGTATTGAGAAAAATTAATCAGATTTTGGATCAAAGAGTTCGTCCTGCTTTAGCCGGAGACGGTGGCGGTTTAGAAGTAACCGGCCTCGATGGAAACACTTTGAAAATACGTTATCAAGGTGCTTGCGGAACGTGCCCAAGTGCAATTAGAGGTACTTTAGTTGCTATCGAAAATCTTTTGAAGAGAGAAGTAAATCCAGCAATTGAAGTGATTTCAGACTTATAAAAAAAAATTATAGCGCCTTAATTAATTAAGGCGCTACAAACTAATTTCCTTCCAAACTCAATAAGTAATCTGCAATAATTCCAAGATCTTTTACATCTAAATTTTCGTAAGATGGCATCATGATATTTCTAAATTGATTTGAATATTCGTCAAACCGTGGATCGTTGCTATAATCTGCAGGACTTCTTAAATAATTTATAAGTTCATCACGATTCCAATGTTTCTTCGCATTGTATAAACTTGGACCAAGATTTCTGTTTCCTCTCAAATCTTGACCGTGACATGCTGTACACCCATTTTGCTTTATTAATGTAAGTCCGGGAGCTTCTTGCGATACTTCCCGATTTGTTTGCTGCGAAGGTTCTTCTTGTAAATAATCATCTATATGATGAGGTACATTAACCGAATCATCTTTTACCAGATCGGATAAGACGAAGAGAAAAATAAAAACTAGAAGAA
CP129490.1_gap92	3292390	3296833	4443	ACTAATCCCTTTACGAGTAATGTAAGAAACATGTTCTGTTTTCCCATCAACCGATAAGCTTAGCTTAAGCATACGCTGTGCTTCAATACTCGATTGAACGAGAAAGAAAAATAAAACGATTACGATTGTATTTGAGATAAGTTTTCTCAACTTAACCAAGGAATGGAAATATAAATCCGGTTTTCTTTTTAAATGTTGCGTAATCTACAGGAAATCTTTTTAATAAAAGTTTCTCTTCAAGTTGAGCACGCAAAACAAATAAAGGAATTTGAACTATAATAACAATTGGTAAAACAAGATAACTTGCCAATGCCAAACCGGCACCAAGATCACTTAACAATTGAGAAATGTATTGGGGATGCCTGATTAATCTATAGGGTCCGTTTGTAACAAGTTCTTGTTTCTTCGAGATAATTACTTCTTGAGAATAATTCTTTCCGAGTGTTTTGTATGACCAAACTTGTATCCAAGAAAAAATTATGAAAATGATCAATCCAATTAATCTGTAAATATAAAATGAGTCAGATTCGGGTATCTCAAAAACTCCTAAACCGAATACACCAACAGCTTCTAAAATCAACACCAATGCTGCAATGTTAAGAGGCCATTTTTGCAAATAAGTCTTAGGCCGTTCAATAACTTCGCTCAACGATGATTTCAATCCCTTTTTAGCACCGGAAGCATTTGCAGTTATTGTCGCAAATAGATTAATACCTACAAGTAAATTAATAACATCCATTTAAGAAACTACTTTAATTGTTTTCTACAATATAAAATATTATTATAAAATATGCCTTTCCAAAATTGTTGGATGAGTTTATACTAAATATTTAGACAAGAAGTTTATACATGTAATTTTTACCAAATTTCTTTGAAAATAGTAAATTAGCTTAATTTTTTGGCAAATTTATGATAGTCTTTACTTAGCATAAAATTTGCATAGAATTATTTGGGCTTTTTCTCTAATTTAAATAGGAAAGATCGAAGGTATTTATGAATACCGGTCAAATGTTAATTACCATCGCCGCATTAATGTTATTGACTCTTGTGATTCTTAGGGTTAATAATAACTTCCTAAGCACTAACACAATTCTCATGGAAAACAAGTTCGGAGTACTGGCTGTTTCGCTCGCCACGTCAATCTTGGAAGAAGCTAAAGGGAAAGCATTCGATCATAATACCGATACCAATACTGTTACTTCCTCAAACCAACTAAGCACTATTGGTCCTGAAAGCGGTGAAGTTTATCCCAACTTTAATGATTTTGATGACTTCAATGGTTTCTCCAAAATCGATAGTACATTACCTTCAGCACCTTTCAAAATTGAATGTGAAGTTCATTATATAAACCCGTCAAATCCAAATTTAACAACCGGTTCAAAAACATGGCATAAAAGGATGAATGTAACAGTATCAAGTGATTTCATGCAAGACACAATTAGACTTACTTCAATTTACAGTTACTTTTTCTTTAGGTAAACTTATGGGCTTTAGTACTTTAATAGACATAATGGGCTCCACAATTATTGGCGGAATGCTTCTGGTGATCTTATTTCGCATGAATGATACTGCTGTTGAAAACACATACGTTTACGGTGGTGAACTGCTCGTTCAACAAAATCTTGTGGAAGTTGTTACCCTTCTTGAATATGATTTTAGAAAAATTGGCTATTGTGCTGATTGGTCGAAAATCCCTGATCCGGCCGATGCAATATTATCTGCTGATTCAAATGACATTACTTTTATTACCGATTTAGATTCTGATGGAAATATAGATACTTTACGATATTTTACAGGCCCGACTAGTGAGTTAACAGGCACGGCTAATCCTCGAGATCGCATGTTATATAGGGTGGAAAATAATGAATCACCAAAGGGTGCAAATTTAGGTGTTACACAATTCAATATGGTTTTCTATGATGCAATTGGAGCAGTAATTCCTTTTCCGATAACTCAGCCAAGACAGATTTACACGATGCAAATAAATATTACAGTAGAAAATACAGATGCTTATGATGAAAATTATTCCTCTGCTTTTTGGCGACAAATTCGGCTTGCTGCAAGAAATTTAAAGAATAGGTAATCAAATGGGTGGAAAAGCTACAATATTATTAGTCCTTGGTTTTTCAATGATCTTTATGGTTGTCGGTTATAATTTTAACAACCTCACAAACAGATCAGTTGATAACTCAATAAATTATTTCTCAAAGACAACCTCATACAATATAGCCGGAGGCGGCGCAAATATGGCGTTGAATCAAATTTTTCTTGATCCAACTTGGCGTACAGGTTATAACAATCTAGGTATTGGCGATGGCAAAGTAACCGTTACGGTTACGGATACAGGTGATGAACTAGTTGTTACATCTGTTGGAACCTACGATGGAGAATCTTCGACTGTAATTGTTAAGTTAGCAGGAAGTAGTTATGCCAAATATGCATGGTATGCCGGAAATATGAGTTCAAAAGTATTTGTAACAGGTGATACCGTTTGGGGACCACTTCATACTCAATCAAAATTAAATATTGGAGGAAATCCCGTATTTTGGGGAAAAGTTACAGCTTTAAAAGGCATAAACCCATCTGAAAAGAACTTAGCGAAAAGTGGTTACTTCCCCAAATTTTATGGTGGTTATGAATCAGGTGTTGATATGCCAATTCCAAACAATTACCAGTTTACTGATCAAAAAGCTGCGGCACTTGATGGTGTAGCTAGTGGAGGTTCATCATATTTTACAGGAACCGATGTGTGGTTAACTTTTAACGCAGATGGAACGGTAACTTATAGAACAGGAACCGGAAGTGATAGCTCGACATATAGTGCTCCTATTACTGAATCTCTATCCACTTTCGCACCTAATAAAATAATCTATGTTGGTTTTGGAAATATCTATACATCGGGAACTCTAAAAGGGAAAATTACAATAGCGGCAGGAGAATCATCGGGAACAGGCCATGGTAATGTTTATTTAGTTGATGATTTGGTTTATACACAACCACCAATGGTATGGGATGCAGCAGAAGGCAACTATGTTGTTAATGAGAACTCAACTGACATGTTGGGAATTTTAGCAAGTAATAATGTTAGAGTTGCAAACACAACAGCAAATGTAGCCGATAAAGATATAAATTTACATGCAGCAATTTTTGCCGCTCAAGGCGGATTTGAAATGGAGGATAAAACTATTCCCGAAAGTGGAACATTAAAACTTATGGGAAGTGCAGTTGCAGCAAAAGAAGAAGAGATCGCAATAGCAAATAGTTCCGGTATCATTGAACACGGATACAGACGACATGTTGTCTATGACGAAAGAATGTTAAATGCCGTTCCCCCACTCTTCCCATCAACGGATAAATTTGAAATTGTTTCTTGGTATGAGTAATCAAAAGTTTTTTTTCATAATGAGGCAATTTATCAATTTATTACATACCTTTTTAAACTTCGTTGGGATTTCTAACTAATTTCAGCGTGTTTTCTAGCATGATTTTTGCGTAACTAATTGTTTATCTTTAGTAATTATCAGACAATTGTAGAAAAAAAATTATGGGCGGAAATTTATTAATAACATTAGGGGCTTTAAGTTTAGTAGGTTTATTGGTTTTAACAACCAATAATAACATCATGAATAATAATGTTACTGTTGCGGAAAGTGAAATTGTTATCACTGGTATTTCTTTAGCACAATCGCTGATAGATGAGATTAAAACGAAAGCGTTTGATCAAGTGGAAATAACCGGAACTATAGATTCACCATCTGATTTATCATCAACACTCGGTCCTGAAGCCGGCGAAAAAGTAGCAACACCTGATACTTCCAGTTCACAAGCTTATTCATCTCTTTCTGCTTACAATGATGTGGATGATTATAATGGATACTCAAGGACTGTTGATACCGATATTGCCGAGAATTTTTCATTAACGTGTACAGTTCAATATGTTCAGGTTTCAAATCCGGACATATTATCCGGGACAAGAACATATAGCAAATTAATTACTGTAACAGTTACAAGTCCATTTTTCACAACACTTCCTTCAGTTCAGATGAGAAGCGCAATTACTTATTAGGTAATCGATGGCATATTTATTAGAAATAGTTGGTTCATCATTTATAGGCGGAATGATAATTTTTATCATTCTTAATCTAAATTCTAATGTAATGCAGAATGCCGGTGAAATGTCTTTTGATAAAATTGCACAGGAGAATCTTACTTCGTTAGTCGAAGAAATAGAATATGATTTAAAGAAAATCGGTTATAGATCACCAGATCCTAAAATAGTTTCTGTTGATACAAATGCAATTACTTTTAGATATGATATTGACAACAACGGAAGTGTTGAAACAATTTCATACTTCACAAGTGATACAACTATATTGAGTAATACTCCGAATCCAAGAGATATATTTTTATATAGAACCGTAAATGGAAGCCAACCTCAAACAA
CP129490.1_gap93	3350275	3351628	1353	ATTCTTTTAATGTGCTGTGAATAATTCCAAGATGGCTTAAATTCTTTGCTACAATCATTCTATCATTAATAGTTCTTGCTAATGTAAGTGATCGGTTGAAGTATTCATGGGCTTTTGTGAAATCAGAAATGTTGAAGTAAGACATTCCGAGCTGACTTAAAGTATGTGCTTGTCCCGCAGTATCATCAAACTCCGTGAAAAGAGATAAAGCATAGTTATGATTTTCTATCGAATTTGTTATTTCGCCCTTAAAGCGAAAGGATTCGCCAATATTATTGTAAGCAATTGCTGCTCCTTTTTTCCACTTTATATCATTTGCGATTTCAAGAGCTTTTTTACTATAACTTAATCCGGAGTCACCACTTATTGGAATATAATTCCATGCTATTTCGTTTAACAAGTTAACTTTGTTTGTATCATCAGGAAGAATTTTAACGGCAGCAGCCAGACTATCCAAATATTTATCGAATTGAGATTCTTCACGGTTTGCAAACAAATAATTATTGATTGAGATAAAACTCAACGTGTAAAGAAGTAAAAATGTGAATGTCGATTTCATTTAGAAAAATTTCCGAGAAAAAGAGAATTTTCAAATCTATGTTTTATCGATTTATCACGCAGACTAAACCGTTTAATTATCGAAGAATTTTGGGAAAAGTTTAGCCGATCTTTTGTGATATTAGTTTTTAAGGATTTAGCGCACTGTTTGGGATAAGCTAGAATTTGTTTAAGGCAAAAATACTGTAAAAGTTGTTCCTTTTCCTTGTTCGCTTTGAATATTAATTTCTGCACCGATTAATAAACAATAGTTTTTAACAAGAGACATTCCAAGTCCGCTGCCTTCAAATCTTCTTGTATAACCTCTTTCCTCTTGCGAAAATGCTTCGAAAATTTGTTCCTGATATTCTTTGGACATTCCAATTCCGGTATCAGTTACCGAAACTTTAAAACTGCCTGTTTGATTTTTGTCGATGCCAATTTCAACATAGCCTTCTTTAGTGTATTTAATGGCGTTATCAACCAGGTTAGCAAATATCTGGATTACAGCGTATTCATCAGAGTTTATTTCGGCTTCCTCGACATTGGATGTAAATCTTAATTCTAATTTTTTTGTTCTAGCTAAATTCGAGTATTCTTTTCTGATGTTTGAAAGTATGGCTATAAGATTCAAGTTCCTGTTTACAACTTCATACGTACCAAGCTGTAATTCGGACATGTTTAAAATTAAGTCAACAGTTCTTATTACTCGTTTACTTGCCGATTCAATTCCCGAGAAAGAAACTTTTACATCCTCATGCATCTTATCGGCAAATTCTTCTTTAAGTAGTTGAGAAAAGTTTAATACAGCGTTCA
CP129490.1_gap94	3356159	3360320	4161	CAATAAATTTTTGTAAACGGTGAATTTCTTATATTCACTTTACACTCTCGTATAAATTAGTCGATCGAGAATTATTGATAAGAAATAACATAATATCTTCCATACAATGAAAAATCTATATGTCGGAACAGCAGGTTGGTCATACAAAGATTGGATCGGAAGTTTCTATCCGAAAGCACAATCAAGTGATTTTAATTGGCTGGAATATTATTCTCAATTTTTTAATTGTGTAGAAGTTAACTCAAGTTATTATACTTATATCGATCCAAAGACTGTTAAGAGTTGGTTAACTCATATTTCCGACAAAACTGATTTTGTGTTTACAATTAAACTTCATCAAGATTTTACTCATAAAAAAAATTCCACAAACGAAAATATTAAAGCCGTTAAACTTGTTTTAGATCAACTCTCAGACGAAGGAAAATTAGCCGGACTTTTAATTCAATTTCCCTATTCATTTTCTCTTGATAAAGCAAATGCAAATCACCTTAAAAAGTTAGTTGATACTTTTGCCGAATATGAAAAGTTTATTGAAGTAAGACATAAGTCGTGGTTTATCGATCGCTTTTTTGAGTTTGTCAGATCAAATAAATCTTCGTTATGTGTTATTGATCAACCTATGTTGGGTAAAGCAGTTGATTTCCAACCTAACGTTATAGGTGATAATTTATATTTACGTTTTCATGGACGAAACGAAAAAGCTTGGAGTCAGTCAATTAAAAATTTTGGTAATAAACAGAATTATGAACAGCAAAGCGCGCGATATGATTATCTTTATTCACCCGGAGAGTTAATTGAAATGGATCAAAAACTGAAAGAAGTTATTGATACGGTAAACAAAGTTATTGTTATTATGAATAATCATCCGCATGGCAATGCTGTTGCAAATGCACTTGAGTTATTACACATGTTGAGTGATAAAATGAAAGTTAATGTACCGGAGAATACTCTTAAAGCTTATCCGAGATTGAAGAAGATTTTGTAGCCGTCGGCTTCATGCCGACGATTTAGCAACAAAACGCAGACATAAAGTCTGCGACTACTCAACAACTAAATATAAGCTTTCCTCAACTTCTCTTTTCCCAAAGAATTAACAAGATGAATTTCATCAACTGTCAGTTCTTTTTCCGGTTCACCGAAGAAGTCTTTGCTTGTTCTATCTTTCTGTGTTATTGATTGTGCTTTAACTGCCGAGAGAACTTCCATCTTTTCAACAATTATATTGTTACCGCTTTCTGCATCTACTTTTCCTTCAACTAAATACGGACCCATAGAAATTGTAAGCTCCGCATACTTCCGATACGCTTCGGGAAAAATTACCGCTTCAAACGTTTCGGTTTTATCTTCGAGCGAAAGAAATTTCATTATTCCGCCTTTGCTTGTCATCACCCGCTTCGATGCCATATACCAGCCGATCATTTTAATTTTTTTGTTGTGATACTTCTGCATATCCGTAGCTTTTATAATATCTTTTTGGTTTACTTCATCAAAAAAATCTAATGGATGATGCGAAACCATGTAACCGAATATTTCGTATTCATTGTGACAAGTTTCCTCTATTCCGAATTCTCTGTCTATTTTAACTTCTTGTTCAAGTTTGCTTGTGTTGTTAACAAAAAGGTTCATGTTACTCTCTTCAAGCAGTTTTTTATTGTAGAAATAAATATCGAGTAAACGGAGAAGTGTTGGACGTGTTTGTTTAAGTGAATCCATTGCGCCGCATTTTATTAATCGTTCCGCACTTTCATAACCAAGATGAACACGAGAAAGAAAATCCGCGAGTGATGTAAATCGTCCGTTCTTTTTTCGTTCGTTTATAATTTTAGCGGCATAGCTTTGTTCAAAATTTTTAATGGCAATAAACCCTATTCTTACTTCCTTATCTTTCCCCGTATAATCGTACTCGCTTTCGTTTATGCACGGAAGAAGAACTTTTAATCCAAGGCGTTTGCATTCACTTATATAAACCGCAGACGAATAATATCCGCCGCCATTGCTAAGCACGCCTGCCATAAACTCGGCCGGATAATATGTTTTAAGATAGGCAACTTGGTAAGAAAGAATGGCAAACGATGCGCTGTGTGCTTTACAAAACGCATATCCTGCAAATGATTCTATTTGGTGCCACAGTTCTTTTGCGATTTTATCTTCGTAACCCTTTGCTTTACAGCCGGCAAAAAACTTATCAACTATTAATTGCATTGCTTTGTGCGAGCGCATCTTGCCGCTCATTGCACGGCGGAGTAAATCTGCTTCTTCCAAAGTAAGACCAACAATATGATATGCCACTTTAATTACATCTTCCTGATAAATCATAACGCCGTAGGTTTCACCAAGATATTCTTCCATTTCGGGGATTAGATATTTTCTTCGTGAAGGATTTTTATGCCGTTCAATAAACTCTTTCATCATACCGCTTTCGGCAACACCCGGACGAATAACCGAACTTGCTGCAGTAAGCATTTCAAAATTATCACAATTAAGTCTGCGCAAAAGTGAACGCATTCCGGGACTTTCAATATAAAAACAGCCGATAGTTTTTCCTGTTCGTATTAAATCGTTTGTGGCTCTATCGGTAAAAACTTTTTCATAGTCGAACATATTAAAACCGGTTTGCTGAATAATTTGCGGCACTCTGTCAAAAATCCTCCCAATTTGGGGTGAATTAGGAAGTGCATATTGCGCCATATCCAGTAAAACCGGCTTGTTACTTTCGGGTAATTTATTGATATTTATAGTGAACATTTGAACACTATAATACAAACTGATTATGAATGTTTCAAGAAGAAAAAATGGGGATTTTTGAGTGAAAAAGAAGAAAATGGGAGTCTTGGTCTCATAATGTCATTCTTCTCCCAACCTGTCGGGGGAAGAATCTCACATTAAATTTTCCGGAAAACTTGGGAGTGAGATTTTCACAAAGTTCGCGGAGGTATAATAAGCTACCAATCTTTTGGTTTTACAATACTTGTTTTTGGTATTTGATGTGGAAGCTGAGAAGATTTAAGAACACCAGTTCTAACTCGTTTTACAAAATCGGCGTGCTGCATTAGTTCTTTGGAAGGATGACCTTTGCCTGGCATAACTAAGCCAAGCGTTTTATCAGGATGGTGAACTTTAACTAGTTTCATTGACTCAGCTAAATCACTATCATTTGATACTACAACTGCACAATCATAATTATTTAACCATGCATCGTTGAGTAGATGAACTGAGATATTAACGTCCGAACCCTTTTCTTCAGTTTTTATAATCTTGACAGTTCGCTTATCGTTCTCAGGCTTTGCCAAAGGAACATAGACTTCATGAGTTAAAAAGTGACCATAATAAATTTCTATCTCAGGAATGTATTCTTTTAATGCCCGCAAAAATGTCTGTTGTTTAATTGGTTTTTGTGAATTGTATTTCCCGGAGACCAGCGCTGTAAAATATTTTATTTGAACGATCTGATTATGAGAAGCAAGTAATTTTTGAAAAAGGGATTTGAAATCAAGCCATTTGTAAGGAGTGTTTTTAACAGCACCGTAATAAAAATTGAAGCCATCAATATAAATTATTGTTCTCATTTAGCTTTGATTATATATAAAAAAGCAAGCCCGCCGGAGGCGGGCTGCGCCCTTGGTCGAAACCAAAGGGGTGGTTAAATCCAATACAAATTTATAAATATTTAGTAAAATATTCAAGTAATTAAATGTACAACATAATTTTATTCTTGTTTTTCGGTAATTGTTATGAAAACAATATTTCACTTAGATATGGACGCATTTTTTGTTTCGGTTGAACGAAATTTAGATCCTTCACTAGAAGGTAAGCCGGTTATTGTCGGCGGTAGTCCTAAAAGTGGGCGCGGAGTTGTGGCTGCATGCAGCTACGAAGCACGTGCTTACGGACTTCATTCTGCAATGCCAATTAAAACTGCTTATCGATTATGTCCGCATGGAGAATATATTCGCGGGCATGGTAAAGAATACAGCCGTTACTCAAAAGCTGTTAAAAGAATTTTAGAAAAATATTTCCCAACTGTTGAACGTGCTTCTATTGATGAGTTTTATCTTGATTTTACCGGTTGTGAAAAAATGTACGGTCATCCCGAAGAGTTTGCAAAAAAAGTACAGAGCGAAATTTGGCATCAGCTTCATCTTCCGTGTTCTATTGGGATTT
CP129490.1_gap95	3398568	3403233	4665	TTTCTATAGTCTGCAAATAATCCGGATACTCAGGATGAACCAATTTTATATTATAAATTCCAGCCCTTAAATCTATTGGTTCTGAAATCGGGGTTGTATCTAAACGTCGATCATCTAAATAGATGTGCGCCCAAGGAATACATTCTACATACAAATTACCAAAAGCAATAGATGCAATCTTTTCAGTATTATTATCATTAATGATTTCGGGTTCGGAGTCTTCAACTCGAGTTTCGGGAATTTCGCTTGGAACTGTTTCTACTTTTGGATTCAAATTATCAATCGATAATTCCGATCCTTTGTTACCATCTTGCTCATCAATACTTATATCCATTTTAACAGAATTTTCACCCGAAAAATTTTCAGATAGTGATGGATCATCATTTATTTGATCACCCTGTCTAACAAATACAAAAATTAGTGCAATTATTAAAACAAGAACCAAGCTTGCTACGCTGTATAATATTTTCCTGTTTTTTAAAAAATAAAAAGGAGTTCTTCTGATTTCACTAAGCGGAATTTCAAGATCTTGCAAGACTTCTTTTGCGGATTTATATCGTCGCTCAGTTTTCTTTGAAAGTAACTTTCTAAGAATTTGTTGAAGTTCTTCAGGGAGATTTATGAGATAAGCTTCTATAATTTCTACATTATAGTTTATCAGATTACTGATTGTTTGATTAACATCCTCACCTAAAAATGGATTTTTCTCGGTAAAAAGTTCTAATGCCAAAATTCCGGCAGAAAAAAGATCGCTTTGTGAAGTTAATTTTCCACCTTGTACTTGCTCAGGAGACATATAACACGGAGTACCAACTATCGTATATTGACTTGTTACAAAATTGTCATTCAAAGCTAAAGCCAAACCAAAGTCGCCGATTTTCAACTCGGATTTTTCGTTTACTAATATATTCTCTGGTTTTATATCGCGGTGAATAATCTGATTTTGGTGAGCATAATTTAATCCCTTAAATAACTGTACAACAAGATTTTTTTTCTGTTCAAGCGAAAGTGATTTGTCTTTAATATATGCTCTTAGATTTTTGCTTTCGAAATATTCAAAAGAGATATAGAAGAATTCATTGAAGGTTCCGAAATCGAGAACTTTTATAATATTCGGGTCTTCCAACTTTGCCATAATTTTGGCTTCTCTTTTAAAGCGTTCAATCTTAGCTTCATCAAAAATTGTTTTTGTGTTAAGCACTTTTAAAATAATTTTTTTGCCGAGATAAATATGGTTGGCAAGATAAACACTTGCATGCTCGTCTTTTTTGAAGCATTCAATTATTTCAAATTTTTCAAACAATATTTCTGATGTAACTTGATTCAAGTTATTGTAAACCCATTTCTTTCAATTTTAGCTGTATCCATCGAACCGATACTCCAAGAGATTCGGCTGTTAAAGTTCTATTACCATCAAATTGTTTTAAACGATCTTGCAAAAGTTTTATTTCAAAATCTTTCAGTGTTCCGTTAAAACTATTAAGAACTTCTTCCTCCTCAAAAATTAGATGATCTTCTGTTATTTTAGAATTATCACAAAGTATTAAAGCGCGCTGCATCACATTAATTAACTGCCTTACATTGCCGGGCCAATTATATGCTTCTAACTTTTTAATTGAGCTTTTATCTAAGTGAAGATTTTTGTTCTCGGCAAATTTTAATATAAAGTCTTTAGCAAGTAACGGGATATCTGATCTTCTGTCTCTTAATGGTGGCACTTTAACGGGGAATACATTTAGTCTGTAAAATAAATCCTCCCTAAATTTTCCTTCTCTTACCAGTTGTTGTAAATCTTTATTTGTTGCAGTGATAATTCTAACGTCAATCTTTTTTATTTGAGTATCACCAAGTCTTATAATTTCCTTATTTTCCAAAACCCGTAAAAGTTTTGCTTGTAACGCCATAGAAATATCGGCGATTTCATCTAAGAAAAAAGTTCCGTTATTGGCAACTTCCAACAGGCCTTTCTTGTCTGTATTCGCACCTGTAAAAGCTCCTTTCTTATAACCAAACAATTCGCTTTCTAAAAGTGTATCGGGAATTGATCCACAGAATTGAGCTAAATAAGGTTGATCTTTTCTACTGCTTAGTTTATGAATTGCTTTTGCTACCAAATCTTTTCCTGTACCGCTTTCACCAAGTATCAACACTGTTGCATCTGTTTTTGCCACTTTTTTTATTAACGATGCAAGTTCATTCATAGCTTTGCTTTGACCAACCATGTTGGGAATTTTTTCGGTGGCCTCAAGTTTATTTAGGAGAATTTCTCTTTCGTCTTTTAACTTTTCCAGATTTTCAATTCGATCCAGTGCCAAGGATACTAAATTCGAAAAGATATTTAGGAAAACTAAATTTTCATTTGTAAAATCTTTCCTGTTGATTTGACTATCTGCAACAAATACTCCCCAGACGTTTTCATTTCTTACAATGGGAACACCAATAACTGACTTAATTCTTCTTATTTGGATACTCTCAAATTGAGATAATTGTGGGTCGCCTTGTACATCGTGATGAAGTATTGAGTGTTTTTTGTTAATAATTTCATTCAAAATACTGGATGAAAATTCAGAGAGGTCAACAATATTCTCTCCTCTAGTATTCCGGGCTGTAATAATTTTGAAAATATTCTCATCACTATTGTATTTAGCGAACACACCTCTTTCAGCATTAATTACTTTTATTACCCAGTCAAGTGCGTCTTCAATAAGCGAGCCTTGGTACTCGGTAGAATTAAGAATGTGACTTATTCTATAGAGTGCTTCAAAGTGTTCTTTTGAAACTTCCCTCATCTGTTCTAATTCAAGCCGTTCAATATTCATATTATTCTTGTATTATAAATGATGCTGGTCTAGATCTTGCTTTATTCCCAAATTCGTCGATTACCCATACAACCCAGAAGTACTCCCCGGGTGTTAAAATTTTCGGTACCACAAATAATATTTCATTAGAAGATATATTATTTACTTCCCAAACTAACTCGGGATCAACTGTATTTGTGAATATACTAAGGCTATAAGTAAAAGAATACCCCGGTGTAAATCTTCGCCAATTAAGCGTAAGTGAATCAGACACTATTTCATTATTAGCGGGAGTTATAGTTTCAACCGATTCTTTTATTATTCTTTTTACCGTTAAATTAGCTATGCTAAAGGTTTTTCCATTAGCGTCTTTAGCAATAATATCAAATACTTTTCCAATAACATCATCTACCGAAATTATATTCATTTGGGCCGGAGTAAAAGTGTTATGAAAAACTGTTACTGACACATTACTTAAATTACCAATAAATCCGAGGTCATCATTTTTAATAAATACTGAGTCTATATCATTTTCGTCATCTATAATTTGAGCATCTACAATTAAACGGTAAACTTGTACTGCAGGGAACCTGTTTTCCACACTACTGGTAATATTTCCATTTATCAACTTAGGAGTTGAATTAAGCTGCTGTAATACTGTGACACTCTTTCTTGAAGCCCAATTTATAAAGATAGAATCCCTGCTGTAACCTTCTTTTTCAAAATATAAGAATCCATCTAGTGGTCGAAGATCTTCAATTGAAAAATTCCCGCTTGAATTTGTTTCGACAACTATATTAGCGTTTGGCCAGTAAACGGTTACAGCGTTAATAGGTTGATTCGGAACCTTTACTGTTCTCACTGTGCCAGTTATACTTGTGAATGAGTTATTGGGATTTTCAGGGTCCAATGGATTTTCTCTGGGTGCCTCGCATCCGAATACAAACAACAATATCGCAGCTATATTTATATATTTAATCATCATATCGCTCAAGCCAAATCTATTTCTCCGATTGAATAAAGTACAGCCTTTCCGGAAATATTTATCCTGTCACCTAAATCTTCACAAAATAATTCTCCACCACGTTTTGAAAGTTGCTTTGCTTGAAGCTTCCTCTTGTTCAATTTTTTTGACCAATATGGTGTCAAAGCTGTATGTGCTGAACCTGTAACTGGGTCTTCGGGAATACCGGCATGAGGAGCAAAGTACCTTGAAACAAAATCACAATTTTCTCCTTTTGCTGTAATGATCAATCCGTCGGAATCTAATTTTTTAATCTCGTCAAAGTTGGGTACTGCATTAAGTACTTCATTCTCACTATTTAACAGAAACAGTGTTTTGCTGCTCAATAAAACTTCTTTTGGTTCAACATCCAAGCATTTAAGATGTAGATCACTTGTAAAAATTTTTTTAGGGGGTCTTGCTGGGAAATTTAATGTAATAAATTCATCCTCTCTGAAGACCGTTAAATTTCCGCTTAATGATTCAAAGACTATTTGATTGATTTCTTTCTCGATAAAATTAAATATAACATATGCTGATGCTAATGTAGCGTGACCGCATAGATCAACTTCAATCGTCGGTGTAAACCATCTAATATGATATTGATTGTCTTTCTTAACAAAAAAAGCTGTTTCCGATAAATTATTCTCTGCTGCAATGTTTTTTAGTATTTTATCGTCCAACCAATTATTTAAAGGACAAACAGCTGCCGGATTTCCCTTAAACAAAATATTAGTAAATGCATCAACTTGATAAAGATCTAATCTCATTTTCAATTACCCTTAGCAAAAAATAATTCTAAAAATCGCCAGCTTCGCTTTGCCCATGCGTTTTCATTATGCTTCGCATCATAATCTTTGAACC
CP129490.1_gap96	3404529	3409270	4741	AAACATTATTACAAAATGGCTTTATAGAAAGCCGAAGTTTTGATGCTAATACAATTTTACTGGATAAAATTACCAATAGAGGTGATTTTAACTCTGCATCATGGAGTTCTCTGAACTACGGAACTTTACCGGCTAAACGCGTGCTGTTCGATGCCGGATTTTGGGTAAGTGGATTTTACAAAGGTGAAATTCGTTCGGCTGTTAAATATTATTCGGCTAACTACTCTCCTGGCCCAATTATTAATGGTAGGCCTGCTATGGATGAGTCTCCAAGTGATTCATTAAGATATAGAGTTTATAAGGTATTTAAAGGAAACGATCCGCAAAATCCGGATTTACTAGAGTGGCCATCTGATTTGGGAGCTCCAACCAATGAACAGGGAGCACCTCTTATCTTCGGGGATCAAATACTTTGGTCAGTTTATAATATGTTCGATTCTAATTCTGTCAATCCTAATTTTGTTACGACTAAGCAAAAAGGAATACTACCAATAGAAGTGCAGCAGAAAATTTATGGGAGAGAGGGTAACAAAAAGGATTTTGAAAATATTTTCCATAATTTATTTTTTATTGAATGGACTATAATCAATAAAGGCTCATCTTCAATAGATTCTGCTTTTATTGGATTATGGGCTGACATTGATTTTTATGATATTAACTCTAACATCCCGGCAGTAGATGTGAATCGGCAAACTGGTTATTTGTGGAGTGGTATAGATTTTACACCTTCCTTAGGTGGGGTTCCACCTTCGGTTGGTCTCACACTTTTATATGGCCCAGTTAAATCACACCCTGATTCAACAGCAATTTTTAAGGGGAGGGAAATTTCGGGGAAATATAATCTCGGTTTAAGTTCTTTTAAAGGAATTGGTGACGATACAAATCTCGATCCGCTCTACGGTCCTCCAAGAAATGAAAATCAAGTTTATTCTTCCGCTAATGGTTTTTCAAACGGCGGCGGTATAATCATTGACCCAACAACAACAAGATCAACAAAATTTCCATTTAGCGGTGATCCCATTAATGAGACGGGATGGTTATTTCCCTCTGACAAAGTAGGAAATGGATCGGGGATTATTTTGTTCACCGGATCTTTTAATTTAGCGCCAAGTGATACTCAATGGGTTATGGCCGCTTTTGTTCCAGGCTTGGGAGTTGACAAAAAAGAAAGTATAATTAAAATGCGTGAAAAGATTGATATACTGCATTCTCAACCTTATGATTCTTTGGCTTTTGGTGATACACCAATTATAATAACTTCTTTAGATGAAAATTTAGAAGAAATATCTAAAACATTTACCCTTAGCCAAAATTATCCAAATCCGTTTAATCCCAGTACTACTATAGAATTTAATGTTCCGTTAAATACAACAAGAAATGTGAAGCTATCCATATATAACATTCTTGGACAAGAAATAAAAACTTTGCTCAATAAACCAATGAGCCCAGGTCATCATTCGATTACATTTGATGCGTCGGATTTATCAACCGGAGTTTATGTTTATAAATTATCTTCCGGATCAACAATAATTTCCAAGAAGATGATTTTGATAAAATAATTTGTCAACATGTTTCATTCTAAATAATCATTACAAAACTAAATTTTAATTTTTCAGTAACCGCTTTTTTTAGTGCGTTTGATTATTCTATAGTCCCCTCAAAGGAGCAATAATGATTTTTTCGAGAAGATCTTTTATAAAAAACACCTCAATTTTAACTGCGGGAATTTTGCTGCCAACAAATAGGTTATTAAATGCTCTTCAAAATGAACCCGGGAATATGAAAATATTACGCGGAAATGTTGGATTATATACTGAAAGAGGAGGAACTATTGGATGGCAAATTTCAGACGATGCTATTGTTGTTGTTGATTCACAATTCCCTGATACAGCAAGAAATTTTATGTCAATGGTAATTGACAAAACCAAAAGGAAGATTGATTTTGTGATTAATACTCATCATCATGCGGATCACACATCAGGTAATTACATGCTTAATAAAATCACAGATAAAATTATTGCACATGAAAATGCGGTTAAGCTGCAAAAACAATTTTACGGAAAAGGTGATACAAAAGAATCGCAGGTGTACGCTAATATAACATTTAGTAAAGAATGGTCTACAACTATTGGAAATCAAACCATAACAGCATCATATTTTAAACCTGCTCATACGAGCGGTGATATTTATGTGTTTTTTGAAAACGAAAATATCGTTCATCTTGGAGATTTAGTTTTCAATCGGGTTTACCCCTATATAGACAGACCCGGCGGCAGCAACATCTCTGGGTGGATTGAATATTTAGATAAAATTTCTCAACAATTTGATGGCGATACGATTTTCATTTTTGGTCATGGTTCTTCTGTAACCGGTAAAGTTGATGACATAATTTATATGAGAAATTATTTGACAGCACTATTAGATACTGTAAAGAAAGAGATTCTTTTGGGCAAAAGCCAAGAAGAGATTGAAAGTTTAAAGGTAATTCCGGGATTTGAGAATCATGATGGTACACGAATTAAAAACAACTTAACTGCTGCATATGAAGAATTGACTATCTAATCAATTTTCTTTCATAAATAATTGAGACAAAATTTCCTCATTTTGAACAACTTGCTCAAATGGACTTTCGATAAATTCAACATTCGGATGAAGTGAACGAAATCTTAATTTCATTTTCTTTGTTGATCGTGAATTCACAACATATATCTTAACGTCATCTTCCAAGTTTTTTTGGAATAATGCTTTAATATGAACATCCGCATCGGAAAGTGAATAACCGAAGAACACTATTTTTTTTGTCGAACGAATTTCTCTTGCCGCTTCACTTAGCAATTGTGAAATAACCGGGTGATTAAGTGTTTTTATATTTGACGGAGGCATTATAAGAGTTTGGAAATCAGTGCCGTCAAGTGGACAATTATACTCGTACTCCCTTCTTTCCGGATATGTATAACCAAGAAATTTTCCTTGCTGCAAATCAATTTTCTTATCCCATGGCGTTAGTAATGTTTGATTACAGCAATTACAGTATTTCCAATTAAGACTTCCGTGAATTTTAAGAATTTTGGTCGGAACTGGATTCAAGTCTTTGTCAATCGATATTGGTTCGCGAGGATTAACCCATTGAGTAAATTTAGTTTTACTACTACTGTATTCATTATAATTCATAAGATGAATTGAGTAATCGATATAACCAAATTTTTCAAACAAGAATCTGTAACCCTGTTCAAGCAGTGTATCATAATTCAAAGTAATGATTGAAATATTGGAGTTATATTTTTCCACTGCTTCCCAAAATAAATGATAATATGTGCTTGATTTATCTGACTTAAAATCTACGACATAATGAATTAATTTAATTAATGCCTCTTTGACTGCTATTAAGGTAGAATAAGGATACTCTGAACTTAAGCTTTCATTTTGCTGAATGAAGTAATCCAAAAATCCAAAGACAGCTTCAAGTCTCGGATATTGATCTTTTTCCTTACCGTATTTGTAGTTATGATTGATAAAATCTGCGACAAGTTTTCCGAGGTAAGAATTTTTTACTTCGGCAATTTCTCCCGAAAGAATTAATGGTAAGATATCTCTTTGAAGCGGAACACCATCCGGATGAGAAGCCCCGGCTCCCAATACAAAAACAACATCGCGTGTGTTCGAATAGCGTAAATAAATTTCTTTCTTGCCCATAGCAACCAATAAATAACTGAAACGAATAATTTAATATAAATTGTGATAACTGCAAGAAATCTTTTACGCCGCTCTGTTACCTTTGTCATCAAATGGTTTTAAAGGTTGGAGTCCATGAGCCAATCTAGCTTGATCACATCTTTCGTTTGGAATTCCATCTTGATAAGAAAAAGGGAATTCTCTGCAGACGGTCGACCTTACTTCATATATTGAACAACTTACGCAGTTTCCTATTTCACCTTGCAGCGCGATGCAACGAGGATTATTCGAGTTGGTTCCTTTCATAACACGCCTGTGTGAATTCAGATTTTCTGTAAGTTCTACGGGAACTTGTCCATATCCATCTGAGCATTCACTCCAATGGAACGAAGCTCTAAAATAAGCACAACATGCACCGCAGGTTATACATGGATTATAATCGAACATAAACTTTTCTTTCCTTAACCGTAAATGAATTGTCAAGTATTTTAGAATTTAGCGCGCTATTTATACGATTTTTTTTTCATATGTGGAAATAAAATCGGATGAGATTAAGCAGAATATATAAGTCATAAGTGGGAAAATTTGACATTTTGTCCAAGATGTTTTATTATCTCAAAACGATCACGTTAATCAACAAGGAGGAGTACAATGAGAATAAGTAGTAAATTATTAAAGCGATTGGTCATCGTGTTAATTTTTGCTTTATTTTGGGGATGTTCTAGTGATGACGATTCCGGACCAACAGAACCCGAAGACGACAATGATAATCCGCCAACAATAGAATTTGACCCAATTCAAATACCACAAACAATGCAAAACGCCGCAAATTCAGGAGATCCCGGAGCTGCGCAAGCTGTTGCATATATCCAAATGGCAAATATGCTTCCTTATTACACACAACTATTAACACCGCCTGATAATGCAAGTAAAAGTTCTACTACATCGGCATTAAATAACGAATGGACATGGACTCACGAGGGAGCAACATTTACATTGACTTCGGAAGAAACCGAAACAACTTATGAAATGACCCTCACCGTTGATGGTACGATTGAAGGTCATACTT
CP129490.1_gap97	3418970	3420986	2016	GGATTTATCTTTATAGGTATCGGCGTTTATTTCTGGCTTCCGGCAATCGGAATTTTTCGTTTAATTGAATCAATAGATTTAAAACAGAATATTCTCGTTGCTTTGATTTTGGTTTTTCTAGGAATATTCGTCTTGGTAAAGGGAAAACACATTCCTAAAAAAGAACCAGAACAAAAAGAAAAAAATTTTGTCAGATCAATTAATAAAAGAAGATTGTTGGGTGTGTGTTCAGGTTTGGCAAGTTATCTAAAAGTCGATGTAACATTGATCAGAATAATTTGCATGTTGCTAACATTTTTTACATTAGGATTAGTTTTATTGTTCTATTTATTTATTGGTTATTTTATCCCAAGAGAAGAAACCGAGGTATTAGCTAATGAATAATTATTTAGCAATTGGTTCAACTTTATTTTTTGCGGGAATTTTTATCTTCTTGAACTTTGTCGGTTTGACAAACACATCTTTCTTAAAAGGTTTTGCATTCCTATTTATGTTTTATGGGTTAATAACAATAATCACTTTATTTAAATCCGGTAATAGAGGCAAACTGTTTTTTGCTACTGTGTTTTTAAATATTGGAATAATATTGTATGTAATAGAAAATTATGAGATTCTGAATTACTACAATATAATTTTACCGAGTATATTATTTGTAATAGGTGCCGGTTTATTTGTAGTGTATTTAGAAAATCTATCTGAATTCCCGATTCTTGTTTCTGCGTTATTTTTTATGGTACTTTCATTGATAGCAATACTAATGTTTGACAACAGAATTGTTCAATTCGCCCATCGAGTTACACTTATCATATTCGATTACTGGCCTCTGTTTATGATTTTGTTTGGATTGGTTTTAATTCTTTACAAACCAAAAAACTCAACGTCTAGCGGGAGTAGTGGCAGAAGCATTAACACTTCCGAATAATACTGCAGGACCTTGCGGTAATTCCGATCCGGTCAAAGGTTCTATAGTAACTCTTACAAGTTCAACTTGATTTTTCGGTAAATACGGAATGTCTTTAATAGGGATATATTTCTGCGCCCGGCTTGGCACATAACTTCCGACTGAGTATGATCTTCCGTCGCTGATTAACCAAATTTGAAATGCTTGATCTGTGCCCAATGTCGGCATTTCTGATAATTCAAGTAAACCTTCGCGATGAGTAAAAGAAAGCATCAATTTACCGTAGCCGCTTGTGTTGTTATCCACGGGAGATAATTGAATAATTTGAATGTCTTTATAATTCATAAATTCAATCAATTCGTCAAATCTGTTAACAAGATCTCTTGTTGATTGAACTTCTTGTTGAAGTGAGTTTATTCTGCTTTCAAGAGCTGCAAATTGTGAATCATAATCTTTTGAAGAAAATTGAAATATGATTATAGTTCCAAGCAAAATTAAGAAACTTAGACCAAGTGCAATCCATAATGCTTTAATTTTACCGGAAGAATTATCGGTTTCAATATCTTTAAGAGATCTTGGTGGTAATTCATAAACTGATGTAGGAGGAGGTGGATTAACTCTTTTTGCACTCTCATAAAATTCCGTACCTCTTGTCGGCGGTGATAACGGTTGTGGAGGCGGTACTTCATCAAAGCTGGTTTGTCTAGTTTCATCATTGGTGGTTGATAAATTAAGTTCATCTTCATCTTCAGGCTCTAAACTTCTAACAACAGTTTTTGCACTTGTCTTTGTACTTTGTTTTGTAACACGAATCTTTTCTTTTATCTCATCTTGAAGACTTATTAACTTTTTAGCAACCTTGTCTTTAATAGCGGGATTAGGTTTTTCTAATTCTAAAATCACCGGCAGTAATGAAATTACATTTTGGAGTTCACCTAGTTCACCTACCGGAAGCTCACCGCCTTCGTACATATATTCTCGGAAGGTTTTAAAATTCTTCTTATCCATACACCCGGCGGCATACGCACTAATCATTTCATGTATTGCGTTAGCTGCCATTATGTCTGTCCCTGTAATAAATTATCGCGCAAACTGTGCATGGCTGTTAGAATTTT
CP129490.1_gap98	3469982	3474099	4117	TAAAAACTGTAACGGTATTCAAGACGGATCAGGTGCAACTTCAGAGCCCGGTATTTCTAATGTTAGAGTTATATTAAAAGATGCGGCAAATACTCCAATAGATACAGTTTATACAAATTCAAACGGTAACTATCTATTTACAGGACTTTGTGCCGGAACTTACTTTGTATTTGTTGATGAATCAACTTTACCGGAAGGTTACACACCTGCACCAACAGATCAAGGTAGTAACGACGCAAAAGATAGCGATGTAAATGGAGTCGAAGTTGTCTTACCACACGATGATTCAAAAGATTATACAATTGATTTCGGTTATTGTGCTCCTGCTGAAGAACCTGAAGTTGATATAGAAGTTATTAAATCAGCATCTACTTATAATGCAGAAGACGGAACTCAGTTTAATTACATTATAACAGTTACTAATAATGGTCCTGACGATGCTCACGGAGTAGAAGTGTCTGATCTTCTTCCTGACGGTGTTGTATTTATAGCAAGTTCAGCTTCTGTAGGATCATATGATCAAAACACAGGCGTATGGAATGTTGGAAACTTAGCAAACGGAGCTTCTGAAACATTACAAATTACAGTTCAAGTTGATGTTGAAGATGTAAACAATGCTAGTTTCAATTTAGGAATCGCTTCTGATTACAACTTGTTTGTTCTTTATGATGCAACACAACCTTCATCCGATACAGAAGGAAGAGTTGCTGTTGGTAGAAATGCAAGTTTTGCAAATTACAGTGTTGGGGATAAACTTCCCGCTAATAGCGGTGATGTGCTGATTGTCGGAAACGATCTTCAATACACTTCCGGTGCGGTTTATAACGGAAACATAGTTTATGGTAATACAACAAATCTAGATAGTGTTTACTACGCTGTAAGTATTAGTGGTGGTTCTTTAATAAAGAATCCTAATCGTATTGACTTCTCAGCAGCTGAGGGTTACTTACTTGGATTATCCTCAACATTGTTCGGTTATAGTGTAAACGCTACAACAACAATGGAATGGGGCGGCTTAAAGTTAACCGGTACTGATCCTTATCTTAATGTATTTAGCGTTGATGCTGCTGATCTTTCTGCAGCTAATAATGTAACAATCAATGTACCTAACGGTTCTGTTGTGCTTGTTAACGTTAGCGGAACTACTGTAAGTTGGTCCGGTGGTTTAACAGTACAAGGTACATCAATAGGAAATGTGCTTTATAACTTCAAAGAAGCAACAGATATTACAATTCAAGGTATTGACATTCGCGGTTCAATTCTTGCACCAAAAGCACACGTTAATTTTGTAGCCGGTGTACAGAACGGTCAAATGATTTGTAAATCACTTGAAGGAATGGGTCAATTCAACAACTCACAATTTATTGGCAATATTCCGGTTGAACAAGTCATTACAAACGTTGCAACATTAACAAACGTAATTGAAACAGATACAAATCCAGACAATAATAGTGACGATGCTGTTGTCGTAGTGAATGGTCAAGATAATGGAAACGGTGGTGGCAATGGTGGTGGAAACGGCGGCGGAAGTGGAGATGGTAATTGGGAATACATTGGTAGCTTCTTAGAAGGTCAAATAGTTTGGTCACTAGCTTATACTGACGATGGATGTATCTTAGTCGGTACATGGGGTGGCGCAATCTATAAATCAAATACAGAAGGTACAGAGTTTACACAAATTAACGAAGATATGAATGTTGGTTTCATTTGGTCATTGTTAGTCCATAACGGTTACTACTATGCTGGTACTGAACAAGGTGTATTTAGATATAATGGATCTACCTGGACATTAGTTGGTTTAGCTGGTATGGATGTAAGATCATTAGTTGCAGTTGAAGGAAAGATCTACGCGGGTGTTTGGACTGGCGGAGTTTATGTCTCTGAAGATGATGGATTGACATGGACAAACCTACAATCCGATATGCTTAACTGGGCAGCAGTACACGATATAACAGTTACATTCGATCTAGACTTTAACATCGAACTCTTCGTTGCTACATTAGGTAACGGTGTATGTTACTCAGGTGACGGAGGTGCTTCGTGGGTTGAACTAAACATTGGTTACAACTTTGTATGGTCAATCGCTTCAACATCTAACGGTACATTATTCGCCGGTACATACGGTGGTGGTCTTTACACATCTGTTGACGGTGGAATGAACTGGTCACATGTTACTGAAGTAACTGCAAACTATATCTATGACATAACAGTTGACGTAAACAATAATGTTTATATCAGTACACTACTTGGTGGAATATATGTTTCGGTTGACGGTGGTTCATCATTCAACAATGCTGGGATGGGCGGATTAGGTACTAGCTCAGTATTAGCATTCGGTTCTTCTGAAGCAAGCAACGTATATGTTGGTACAAGTGATGGTAAGATCTATCGCAAAACTGATAACAATGGTGTAACTTCAGTTGAAGATGAAGATTTACCAAGAGAGTTCAAATTGGATCAAAACTATCCGAACCCATTTAACCCAAGTACAACAATTCAGTTTGCAGTACCAAAAGCTGGTGAATATAAAGTTGTTGTTTATAACATCCTCGGTCAGCAAGTTGCAGAATTACTAAATACTCAATTGCAACCGGGAGTTCATAAAGTGGATTTCAGTGCTAATCAATTAGCATCCGGTATCTATATCTATCAACTGATTGGTCAAGATGTAAACTTCTCCAAGAAGATGATATTAATAAAGTAAAAGAAAGTGATTGGTTTGTGATTATATGAAAGGCGGCTCATCTGAGCCGCCTTTTTTTATTTAGTCAATCTAGATACAAATTAAAAGAGCCCAGCTTCTCGGAAAAGCTGGGCTTTTAGTTTCGTTATTTAATTAAATGATATTGTGATAGATCAGGCATGTCATTCCAATCAACCGGACCATTCTCAAAACTGTAAATTAATCTTGGTAATACCGCTTTTCCCCAAGCTGCTACAAAATATTCATAGCCTTTTTGCCAATCTTCTCCCTCACCCCAACCACTTTGTATAAAATGAATTTTTGTTTTTCCATCGTCCGTCGGATTAAATCTAATATTCACAACTGTTTTTTGATTAGCTCTAAGGTCAGGTAATGATGGTGGGAATCCCCAAGTGAATGAAATCATTTTATTTTCTTCGAATGAAATTACTTTTTCATCTTCGGCACCGCGGCTTCCTTCCGGTGCATCCGGGAAAAAGTAAATGTGATAATCGCCGAACAATTCTAATTCTATTTTCCCATCCAAAGCAAAAAATGTCTGAATACCTTCGACTGTTGTCCAAGCTTTGTATGCTTGTGATGGCGAAGTGTTTACTGTAAATTCAAAATCTATAATTTTATTTTGTGCGTTCATGTTTATCCCCCAAATAAAAAGCCAAATGAATATTGTTTTACTTTTCATTTTTGTGTCCCTTGTTTTGTGATTTATTGCTTTAAGATAAACTTAGCAAAATACTGCGAGCACAAAATAATAATTTTTTACAATGACTATTCAATGGAGTTTAATTTTTTATGTGTTTTTCCCATTCCTTATACAATTCATAAACTTCTTCAGGTACATAAGTATACCAACCGTAACCCGTTCTTCTATCACGATCAATTTCTTTCATTGAATTTTTTATAATTCTTTCACGACAAACAAATACTGATTTTTGAATTACCGAAAGCTATACCTCTGCACTCATTTCAACGATTTACCTTCTAGATATTTTCATCATCTTAAAAAATCTTCACGACAAGGATTGAATACATCTATAATGATGCCCGGCGTTAATGATTTTACTCCATGTTCAATGTTGGGAGGGACATAAAAACCGTCACCTTCATTTAATATTTTTGTTTCATCTCCGATGTTCACTTCAAACTTTCCTTTTTCTATATATGAAGTTTGACTATGATGATGACTATGTTTTGCGCCGACTGCTCCTTTTGCAAAGAAGATTTTAACCATCATCAAATCCTTATTAAAGCCGAGCATTTTACGCTTTATTCCCTTCATGATATTTTCCCAAGGGATTTCTTCATTGATCAAATATTTTTTGCTTTCCACAAATAACCTCAATGGATTTTACAAAATAGAAAAGGCAACTGTTAAGCCTGACATAACGATTGCAACCATACTCATTAATTTTA
CP129490.1_gap99	3479306	3483360	4054	TGTAAGCACGTAAACGATGGGTAAATCTAGTGCAAAATTATCGGAAGCATAATTAAGAACTTTGCGAACAGGCGTATCAGCTCTTCCCATCATTCGTTCCATTCCGTAAACTGCGCCGAGGAAATGACTTTTGTTAATACCTTCTTGTCCGCCTGTACCTACAAACACATTTTTATTATAATTAGCCATTCCCACAACTTCGTGCGGGACAACTTGTCCAATGGAAAGAATTAAATCGTGTCCGCCTTCAACAAGCAGTTTGTTAACTTGTGCGGGCCATTCATAATTTAATTTTCCTTCAGAAACTTTTTCAATAAACTCGGAAGGAACAATTCCGAGAGTAGCTAAATCTTCCCGCCATTTATGAACTCTGAATAAATTTTTGGGAACACCTTTGTACATATGATCTATTTCTTTTTCTGTCATCGGAGAATGAGTTCCAAGCGCAGGAAGAATGTCAGTTAATTTATCTTTATAATAATCATAAGTTATAGTGGTTAACTCACCGGCCTTGGAATGGAATCGTGTAATATCGGGAGGAATAGCGAGCACTTTATTTTTACCACCTAATTTTTCATAAGTTGTAAACAGTGCAGCTTTAATTTCTTCTTGAGTGAATACTTTATTTTCAGATCCTTCTGCAAAGTATAACATAATTTAAAACCCAAAAAATATTTTCTTCATAAATGAAAAGTCAGTTAAGCTTTATCGCTTCACTCGCGCGTTTCCGTGCCAAATACTCCAGATCATTTCTTCATCTGCGGGCTGCGCGTAATCTGTTAAAAACGTTGTTGCTAAAGCACCGCTTGCCCAACCAAACTGCATCCATTTTTCCGGATTCCAGCTTTTTAGAATACCGTACAACATACCACCGACAAATCCATCACCGCCACCGATTCTATCCAAAACGTAGATTTCTCTAGGCTCTGCAATAAACCAATCATTCTTATTAAGCATTATTGCACCCCAAAGATGCTGATTTGTATGAATTACTTGACGAAGAGTTGTAGCAAAAACGGATGTGTTTGGAAATTCTTTCTTTACCCTTGTGATCATATCCTTGAAGCTGTCGATCTTGTTTACTTCTTTTCCGCCAGCTTCTGGTCCCTCAATTCCCAAACAAAGCTGGAAGTCTTCTTCATTACCGACTAAAATGTCCGACACCGAAGCTATCTCGGTGAAAGCATCTCTTAATTCTTTTTCTCTTCCCTTCCAAAATGAAGCCCGGTAATTTAGATCGAATGAAATTTTTGTTCCGTGTTTTTTTGCAGAACGTGCAAGTTCTAAACAAAATATGCTTGTATCTTCTGAGAGTGCTGCAATTAGTCCGGATAAATGAATTATTTGAACTCCTTCTTTTCCAAAAATTCTATCTAAGTCGAAGTCCTTTACGTTGAGTTTTCTTCCAACCTCACCGGCTCTATCGTTATGAACTCTAGGTCCACGCAGACCGTAGCCGCTATCGGCAATATTTAATTGATGACGATAGCCCCATGGGTTACCCTGTTCAACTTCCGGTCCTTCAAAATCCATATGCCGGCTTTTCAAATTACTTTTAATCTTTTCCGAAATGGGGCTGTCCTTTACAAAAGAAGTTAATACTTTTACCGGTAATCCCAAATATGAAGCAATACTTGCCACATTAGTTTCGGCACTTGTTACCTGCATCATAAACATATCGCTGCTATGAACAGGCTGCCCGTTTACAGGTGTAATTCGTACTCCGATACTTGTTGGTACAAGCAATGCATATTTGCAATCTTTCTTTAACTCTAATGACATATTGTTCCTCAATATTTTCTTTTGAAAAGCAATCTACGAGATTTTTGAACTGCTAATAATAGTAGATAAAACCGTTAAACTACACACCGCTGTACGCATTAAAACCACCATCCACCGGTAATACAACACCCGTTATAAATTCGGAGGCATTAGACAAAAGGAACAATGTAGCACCTATTAAATCATCGGGTTCTCCGAACTTACCCATAGGAGTTGCAGCAATAATTTTGTTTCCTCTATTGGTTAACTCATTGGTATTTTCATCAATAAGTAAAAATTTATTTTGAGCTGTAATGAAAAATCCCGGGGCAATTGCGTTTACTCTTACATTCATTTTAGCAAAATGCACAGCCAGCCATTCCGTTAAATTATTGATTGAGGATTTTGCCGCAGAGTATGCAGGGATTTTCGTCAATGGTCTAAATGAATTCATTGAAGATATATTTAATATTGTACCTGACTTTCGCTGAATCATTTCTTTTCCAAAAACCATAGTCGGTACTAAAGTACCCATAAAATTCAAGTCAAAGACCTTTGTTATGCTCTTCAGATCTAGCCCGAAAAAAGTATCATCCAAAGACTCCACATCATCGGTAATGAATTCCGTCTTGGTAGTAGCAGCCGGCGAATTACCTCCGGCACCGTTTATTAAAAAATCCACGGCTCCTAATTTTTCATTGATTAATTTTTGTGCGGCAATTAAAGAACTTTTTTCCAAAACATTAGCTTCAATACCGATTGCATTGCAGTTTAGTTCTTTTTGCAATTTCTCAGCTAATTCATCTGCATTATTTTTTGAAATATCTAAAATGGCGACTTTCATACCAACTTTTGCTAAACCCATTGCAAGTGAATTGCCAATAGTTCCGCCACCTCCGGTAATAACACAGACTTTGTTTTGTAAATCAGAAAATGTCGTTCCTTTCATATATTCTCCGGTCAATTATCACTTATTAAAAATATTTTGTTGCTATATTAAATTACTTGTTTAGTTATAAAGAAATTGAGTCACTCTTAAAAATTAGTTCAGTTCATCTTATTTTCATTTTTTCTGTTTCTGCCTAAAAATAGAACATATAAGTCAATCATTAAGGGATAATCAAACTTGCTATTTGTATATACAAATATACAATACTCTTTCTTTCCCTACAAGAAATAATGGAGAATTCCTTAAAGTACTATGATTAATGAAACCGCCGTTTGTCAGTTGCTGCTAAAATGCATAAGATGTTTATGAAAATGTTGTTCTAGTAATTCATAATGTGTTTTTTCACTTTTTCTTAAACATCACAAAATCTTATTTTTTAATTCCGCAATTTCCATAGTAGTACTCTTATATTATAATTTATAATTCTTTTTTGCTAAGCCATAGGCTAACTGTTATGCAATTTGTTCTGCTTCTTCGAAGAAATCAGACCTGTTATTTATACCACGAATGCAGTAGAAGCATTGCATCATCAATTTAGGAAAGTAACCAAATCCAGATCTATTTTTCCAAACGACGATGCACTTAAAAAAATGTTATACTTAGCTTACAGAGATTTATCAAAAAATGGACAATGCCGATTCGTAATTGGGCTATTGTGCTTTCAAATTTTTCAATCAATTTTAAGGGTAGATTTTATGATTTTACTTAAACAAAATCTCATCTACACAAACTACTTTGCAGACTCGTAAAATTTCATTAGCAACATTATTTTGCAATAAAAGCTGTTTGCATATCTTCTTGTTCTGTCTTTGATATTTGATACTTATTGGCCACTTCCTTCCAATTTGCAACCGTTTTCTTTATAAGAGATATTATTTTTAAAGCCTTCTTTTCGCTGAGACGAAAGTACTCAATCACTTCCATAGCTAAGTCAAGTTCTAAGGAGTTATCATTTTCTGATATATTTAAATTCAATTCGGTACCCTTCTCATTTGGATTGACATCATATGCCGGTGAAAGAATCCATCCTTTATCTGTCAAAATAAATCCATGATTTCGTAAATAATCATCAGTATTTGAGACACAGATATTAAATACTATCCTTTTCCATAGTTCTTCTAAATCCTCATTCACCCTTGCTCCATTTACAGCAATGAATTCTGCTAACTCTAAATAGCTAACTCCTTGCGAATAATCAGAACCATCTTTATAGCCAAGAAGAGTCATTGCTGAAGCAAAATGAATTCTCCGTTTTTTATTTCTATCAAATCGTTTTGTTAAAAAAGTATGATGTTTGCTTGAGTACTTTTTTGTCATAGCTTGAGCTACATCAATCCCAGATTT
CP129490.1_gap100	3601445	3606308	4863	TCCGAAGTTTGTTTATTCAGCAATCCCCGGGTACCTATAACGCCGGAATATTTATTCACATTATCAAGAGCGATATCGGTATAAGCCTCGGTGGCACGGTAAGGGTGAACATAAACATCAACGTATTGTTTTTCGGGAGGATTGTAGGCAATCATATCGTGATTTACCATTAACCGGACATTAACATTATTATCAACTGATTTCTGAGCTTCAAATTCACCACCGCTTCCAGCTGGCCCATGCTCTTCGGCAGCAAAAGTTACAAATCTTATATTTACTTTTGGCTTGAAATTATTGAGCATAAATGTGCGGGCCGTTTCAAGAACTGCGGTTGTTCCGCTTGCATTGTCATCTGCTCCCGGTGCCGGTAATGTGGAATCGCCTTCCATAATCTCGTAAGTGATTGAATCGTGATGCCCTGCGAATATTATTACTTCATCGGTTTCATTCTGCGCCGGAAGAGTTGCTACAACATTTGTTTGAAGCATTCCGTTACGTGAATAAAATGTGTCGAGTTTTACTTCTTCAAAACCCATTGCTAAAAATTGATTTTTTATCCAATCAGCAACTTCAAATCTTATTGGATGACCCAAGAATCTTGTACCAAAATCTTCAAGACTTTGTATATAGTATCTAACTTGATTTGAATCGATAGAATTAACAATCGGTTGAATAATTTGATCAAGATATTCGTTATTTGCCTTGTTGTAAATTGTTTTTTCATTTCTATAAATCGGAAGCTGCGAATCAAAATTAATAACTCTAATTCCTTTTATTCCCAGGAATGATTGCGGTACATCTTTTACAATAGAGTGTTCGATGGTTTCGTAAACAACATTCGTCAATGATCTTTTTGCAGAATTTTTTTTCCAAACAACTAAGCTGTATGAATTGTCCGAATCCGTTTTGTCCAATTCAACAAACCTAACATCAAAAGCTTTCAACTTATTTCTCTTATCATCATTAACCAGCGTAATAAGATCATTTTGTGATTGTAAATAAATGGGAAGATTGAGTGATTCGACATAATTTAATTTTGCTTGATCTGCCAAATCGATTTTAACCAACGTGAAGTTATGATCTTGAGAAAATACGAGTAAGGAAAACAATAAAATCAAAACTGTTTTTTTAATCGTAATTGTTGTCATGAGAACATCCAGAATTTGTTTATACTATTTGTTGTTATGCCATTTAAGAAATCAAACCACTCTTCTTAATATCACGCATTAATAAGATGTTGTGGTGTTATTATATAATAAATAAAAGGTGTGACTTAATCACACCTATTTAAAAACTTATTTAATTACCTCTTTAGTCGTTATGAATACTGAAAGAGTTCCCATCAGGATATTCACCATAATATTCTTTATAAATCTCTTTATACTTTTTGTAGAGATGATCCGGAACTTGTTTGCCGTTTACATACAATGCATCGTCTTCAAATTCTAATCGTCTAAGTTTGCCGGGACTATCTATTACTCCATCGGAAACAAGTTCATCTTTTAATTCGGATGTAAACTCTTTAAGAATTTTCATTTCGGCTTTGAGTTCTGTCATATCAATATCCAAATCTTTCATTTCTTCTTTTAGTTCACGCATACTTTCTTCAAGACCTGAGAAATCGATATCTACTTTAATGTTTGCTAACTCTCTTGATAAATCTTTCATCTCTCTTTTAAATTCTTCAGAATCCCATTTGAAGTCGATATCAAATTTCATGTCGATTAATTCATCTCTAAGTTGAGACATTTCTCTTTTGAATTCTTCTTTGTTGAATGGAAAGTCTTCCTTTTCTAAGTACTTTAGTTCTTCTTTTAACTGCTTCATTTGTTCTTTGAATTCCTCGCTGTCGAATTCAATTTTTATGTCTTCAGCTATTCGTTTCATATCTTCAGCAAAATTTTCACCTAAATCAATTTTTATATCTTTTAGATCTTTTTTTAATGATGCGAGATCTTTGTGAACTTTTTCAAGTTCCCAAGTAATGCCGTCAACTTCGTCAAGAATCATATCTTCGTATTTATAATATTCATCTGTCGGAACTCGATCGCCGTCTTTATATAAATCGACTAGCTTTCCATTGTCGATTGTGGCTTCCCACTTTGATTTTTCGCCACGAAATCTTTTATAAAAAATATAGGTTTGGTTTTCCTCATCCAATCTATCTGTATTAATGTATCTATGATCTCCATTGTTATCTTCCTCATAAACAATGTTTGATCGATCTTGATAATAACTTTCGCCGTTTGTTATGCTGCATGCGGCAATGCTTAACGAAATTATTATCAGAGTCATCAAAGAAGCAGCGTAAACCTTGCTTCTAAAAGTTCTATGTTTAGTTTCCCCCGTCATTCTTTTTATTCTCCTTAATAAATGATTGTTATTTCCGATTGCGCTCAATGCTAATGAATAGTCTTCTCTATTGTACTGATTCAAGCAAAACAATGCCTTTGCGAATTCCTCCGGTCGGTTAACAAGTTCTAATGAAATATCATCGCAAATATTTTCTCTTTCGTCTCTGATGCGTGATGAAATCCACCAAACAGCGGGATGATAAAAGAAGATTATCTCAAGTATAGATTGCAAAAAGTTAACCAGGTAATCTGCTCTTTTAATGTGTGCAAGCTCGTGTACAATTATTGCTTCGACTTGTGTATAACTCATTCCGTTTAATAACCCGATCGGAAAGAGTATAACCGGCTTTAGATAACCGATTGCTAACGGGACTTTAACTAAAGCAGATTCAAGCAATTTTACTTTTTGTTTTATATTAAGTTGTTTACCAAAACGGTTGACAATATTTGTTAAATTTTCGTCAGGTTCATTTGTCCGGTGATGTTTTATTCTTTGCGAATAAAGAAATCCCCCCGTTAGCTTTAACGAAAAGAACAAAACACCCATTAAATATATCGCAACAATAACCGGTAAATGTTGATTAAAATAAAGCTGTGTTGTAAACAAAATTTGTTTATAAAAACTATCTTCGCTTTCAAATGTGCTTATTGATGAATTGAGAGTTTGCGGTTCTTCTGCATTACTCTGAACCAAATTGTTTTGTTCAATCTTTTGAATCGGACTATTATAATAATCGACAAACGTTCGGATTGTCATAGCCGTGAAAAATAAAATTGCTCCGACAGCAACAAGATATCTTAGATGAACAGATTTATTATTTAGAAACAAAAATAAGAGCGACAAAATAATTGCTACCAGCGCTCCCTGCCAAAGTGAATGGAGGATCATCCATCCAAAAGCGTTAATTGCATTTTCTGAAATAATATTTTGCAAGAAACTCATTTTGATTCCTCTTCAAGCTTATTGATCAATTCTTTTATTTCCCGAAGTTCTTCTTTTGTTGTTTTTTTATTTCCCAAAGCCTGCATGACAAGTTTACTTGCCGATCCGCCGAAAGCAGTTTCTAAAATTTTATCGAGCAATACTTGTTGTGTTTTTTCTTTTTTAATCGCAGCAGAATAACTGTGACTTCTTCCGTCTTTCTTTCGTTCAACCAAACCTTTTTCAAACATGATCTGCATAGTTTTAAGAGTTGTTGTATAACCTGTCTCTTTTCTCTTATTTATCTCTTCATTCACTTCTTTAACAGTCACTTCGCCTTTTTCCCAGAGAATTTGAAGAATTTCTAATTCGGCAACGGTTGGTTTAATATTTTGATTTCCGCTCATTTTCTTATCTTTTATTTGTTCTGAAGATTAAGACGAACGAGTTTACGAAAGGTTTCGTAGAATAGGTTCAACTTATGCTTGACGTTTTAGCACTATAACGTTATTATCGGAAAAAGAGGAGTTCACAATGTCAACAATGAGCAAAAGAGCAACAATATATTTAGAACCGCAGATTCACAAACTACTAAAATTAAAAGCGGCAGAAACTTCATCTTCAATTTCGGAAATAGTCAATGATTTGTTACGGGCAGAATTTCTTGATGATGCCGAGGATATTCAAAGCATCAAAGAGAGAATTAATGAACCGACGATTTCATGCGAAGCACTTCTAAAAGAATTGAAAGATGAAGGCAGATTATAAAATTGAGATAAAGAAAAGCGCTGTAAAAGAAATCAAATCACTTCCCGACAAATATCTCAAAAAAGTGCTCGATAAGATTTCATCTCTTTCTAAAACACCTCGTCCTAAAGATTGCAAAAAATTAACAGGTAAAAGTGATTATCGCGTTAGAGTCGCAGTCAACAGAATTATATATAAAATTGAAGACGAGAAATTGATAATACTCGTTGTTAAAGTTGCTCATAGAAAAAATGTTTATTAGATAAAAAAACATGTTGTCTTTATAACATTTCCTTTCCTTATATTTGCCGAATGAATTTTGATAAGTACACCGAACACAAAGCTTTTCCTATTACAATACTTATACTTCTCGGATTAGTTTGGGGAAGCTCTTTTATTCTTATTAAACGAGGATTAGTTGCATTTGATCCTATTCAGGTAGGCACAATAAGAATAATGTTTGCTTCTCTTGTAATGATTCCCATTGCATTTAAGAATCTGAAACTACACTTCAAAACCGATTGGAAGAAATTTGTTGCGGTGGGATTAATCGGCAACTTTTTCCCGGCGATATTATTTGCTTACGCTGAAACCGGAATAACAAGTTCATTGGCTGGAATTCTAAATGCACTTACACCTGCATTTACATTAATAGTCGGCGCTTTATTTTTTGCTGCAAGAATCAATCGCTGGCAAATGTTCGGATTAACCGTTGGTTTCGGCGGTTCTGTTGCTCTTAGTTTTGTTAGCAGCGGGGGAACACTTGGAAGTTTTAATCATTATGCCGGTGCCGTAATTCTCGCAACACTTGGGTACGGAATAAACATTAATTTGCTTAAA
CP129490.1_gap101	3607635	3608865	1230	TCACTTAAAATAAAACTGCCGATATTACCGGGCATATTTGCTGGGAAAACCAAATCATTCGAGGATTCAGAACCAAAAGTATTTTCACCTTCCTTCAGCCAAAATAATCCGGTTAAATTAAGCCATCCGGTTGGCTGTTTTAATCTCGCAACTCTTTGTGCATGCCATTGATTAATTTCTTGTATGTATTCTTTGCTTCCCTTTTCTATATATTCCTCCTCATTACATGCAACTAGTAAAGTCAAAATCATCCCAAGTAATAAAATCTTTCTCATTTTATCTCCTAAATTAACGTGTAATAAAATAGTAAATCTCATTCAGAAATATTAATTCGAAAAAGAGAGACTTCGAATAATCTTGATTACAGAACCCAAAAACATTAATTTGAATTTGTTTCAATTACAACGGAGGGGAAATGAAATCAAGAAATGCTTTTATTACTATCCTGTTGTTACTGATATTCGCAAGTTCAAATCTACATGCTTCCGAAAATAACATCCGATATCTTACCGGATTTATTAAAGATGTCAATAATAACTTGATCACATTCACAAATAATTTAGTTTGGCGAGCCGACAGAAATGTCACAGCTGTTTCTATGCAGCCGGTTGTTATAATTTTAGAAGATGATAGAAACGAGGGTTATCTTTATATAAAAAATGAAAAAGTGAATGTTACTTTAATGCAGAAATCAAATACAACAGGCAACAATTCATATATGCCGGCGCTATACGACGGACTTTCTGTTTACAATATAGGTCAACTTAAAGACATTACTGCAATTAATATTACTAAGTCAAGTATAACATTAGATGCTGACGATGTTTATTACGTAAACTCCGACGAAGACAAAGAAACGCTTAGTAAGTGGAATGAAAATATTGATGTGGTTTTAACTAAAAACGGAAACTCGATTAGAATTACAAATGTTGTAACTGCAGAATACATAAGTGTCACAAATACACCAAATTTGGCAACCGATAAAAAAGCAGAATAAATTATGAAAAAATATTTTTCGACTCTCATCATAGTTTTGATATTTACTTCATGCAGCGGAATTGATTCAAGAAATTATTTCCAGGAAGTGGGATATATTTATACAACAATCGCAAATGTAAATGATAGATCTATCAGTTTCTCAAACGGGATGACTATCAGAACTAACCGAATAATTATAGCCGTAAATTCAACTCCGGTATTGCTGATAATTGAAAACTATACAGGTGCCGG
CP129490.1_gap102	3705028	3706636	1608	AACTTATGTTGAACAAATAATTCGCCCAACCGGTTTGCTCGATCCGCAAATTGAAGTTCGCCCAATTAAGGGACAGATTGATGATCTTATCGGCGAAATAAGAAAAAGAGTTGTTCTAAAGGAAAGAATTTTAGTTACAACGTTAACAAAAAAAATGGCTGAGGATTTAACGGACTATCTTGATAAACTGAATATAAATGTACGATATATTCACAGTGATATAGATGCACTCGAACGTGTTGAAATCATTCGTGATTTACGCATCGGTGATTTTGATGTGCTTGTCGGTGTTAACTTATTAAGAGAAGGACTCGATCTCCCCGAAGTTTCTCTAGTTGCAATTATTGATGCCGACAAAGAAGGATTTTTACGAAGCGAGAGATCATTAATGCAAACTGCCGGAAGAACCGCGCGTAACGTTAACGGAAAGGTAATTATGTATGCCGACGTAATTACCAATTCAATGAAAAAAACAATTGATGAAACCGAACGAAGAAGAAAAATACAGTTAGAATACAACGAAGAACACGGTATTACACCCCAAACAATTTTAAAGAGTCGTGAACAAATTATGTCCGGCACATCAATAGCCGACATTCGCAAAAAAGATAAAGAAAAAGAAGAAGCATCGTTCACAAGAGTTGCCGAACCGGTCATTAGATACATGACGCAAGATCAAAGAAAAGAATTAATAGAACAGATGCGTGAAGAAATGCACAATGCCGCAAAAGATTTGGAATTTGAAAAAGCCGCTTCACTTAGAGATGAGATTTCTAAGTTGGAGAAGATGATTAAATCATAACTTGACATTGCGTGCGGGATTGCGTACGTTGGTGACGGAGGAAAAAATGAAAACTATAACTGCGACAGAGGCAAGAGCAAACATTTATAAACTTATAGATACGGCGTCGACGGAGAATGAACCAATTCAAATAACAGGTAAGCGATCTAACGCAATTTTGCTATCCGAAGATGATTGGCGAGCAATTCAAGAAACGCTTTATCTTGTTTCCATTCCCGGAATGAGAGATTCTATTATAAAAGGAATGAAAGAACCTCTTGAAAAAAGTTCCGAAAAATTAAAATGGTAAATTGGACGATTGTTTATACAAAGCAAGCTCAAAAAGACGCAAAGAAAATTGCTTCGGTAGGTTTAAAAGAAAAAGCTTTAGATGTTCTGAAAATACTCGAGCAAAACCCTCGAAAAATTCCTCCGCGAGTTGAGAAATTAGTCGGTGATTTAATAGGGGCATATTCACGCAGAATAAATATTCAGCACAGAGTCGTTTATCAAATCTATGATAAAGAAAAAACGGTTAAAATCTTACGAATGTGGACACATTACGAATAAGAATATAGTTACGCAGATAATCAAAAACTGAGACAGCCCATCTTATTTTGTAACATTCTTTTTGTCAATAATCCCCAAAATTTCCCCAAATCACAATCTTTCATATCGGCACGCAAAATGCACCTCTTGTCCTGATTTTAATAAAGAGGAAATCATGACTATATTCATCGGTAAAGAGGGTCAATATCAAATACACAGTACTTCTCTTATTTATCAAACAAAATTAAACTTAGAAGGCGAGCCCTCTTCAAAAAATA
CP129490.1_gap103	3721573	3723241	1668	AATGTCATCAACCCGATAAAATAATTTATTAAGAAATAAACAATCATTCCCATATCAAGCTTTAGATTAAAATCAGCTGGAAGCGTAAATACAGAAGTTGTAATAAGCATAATAACAGGAAGCAGCCAGATAAACATTTGCATTAATCCGGTTATTCCGGTTCCGAGAATTTTCCCGGTCATTAAATCATTACTTGAACAAGATGACAAAAGCACTTCAACAATTTTTGATGTTTTCTCTTCCACGACTGCGCGCATCATCATTGTGCCGAGAAATATTAAGCTGAAGTAAAGAAGAAAAGTAAATAAGAAAGACGCGATTAAATTCCCAACGCCCTCTTCTTCAACATCTTTGTCGGTAGAAACTCTGAATGTATTAAACCCCACACGCATTCCGGCAAATTCAATTTCTTCTTGAGAGAAGTTTTTATCTTCAAAATAAGTTTCAACAAGTGCGTTGTTTATCATATCGCGGAGCTTATCAAACACCGTTCTATTGTTCGGATTTTTGGAATAGTATTCTACATTCTTGTTGGCAAGCGCGCTTGACGGAACAAAAATAATTGCGGTTAGTTTATCACTTAAAAGATCTTCTCTTTTTTCTTCTAAGTAACTTTGCAGTGAAGAACTGTCTTTTTGAAAATAGTTTACTTTATAATATCCGTTTTGGATGAACGTTCTTTCTTGGAAAACTTTTTGGATGTTGTCCAATACTTTTCCGTCTTCGGCTATAAGTTCAATTGAAGTACCTTCATCACTTTCCTGAGTTAATAAAAAAGTTTGAAAGCCGAGAATTCCAAACATGAAAATAGGAAGCAATAAAGTCATAATGACAAAAGTTTTAGATAAGAGTTTATCTCTTAGCTCGCGTTTAACAACGGTTAATGCTTTATTTAAATTAAACATTTGCCACCCCCGCGGTTAATTGTTCGCCTTCAACTTTGCCGGCAAGTGAAATAAATATTTCGTGAAGTGAAATATCGTTTGCGTCAAATTTTTTGACATTCACTTTGTTATCGATCAATAACTTTAATAAATCTTGAGTCTTTGAGGCATCGGTAATTCTTATTCCGGTTGTGTTGCCGAAATCTTCTATCTTTTCAACAAGCGGATGTGATTTTAAGAATGATATATCACCTTCGTAATTTAAGCTGACATTTTTATGTGCATACTTCGATTTAATTTCACTCAACTTTCCTTTTAAAATAATTTTTCCGCGATCAATCATTGTAATGTGGTCACACATTCTTTCGGCAAAATCCATCAAGTGTGTTGAAAAGATTATAACTTTACCTTGTTTCTTTAAGTCGAGTATAATTTCTTTTAACAAATTTGTGTTGATCGGATCGAGCCCGGAAAACGGTTCATCTAAAATTATAAATTCGGGATCGTGTAGAATTGTAGAAATAAACTGCACCTTTTGCTGATTACCTTTCGAAAGATCTTCGATCTTTGCGGTTTTTCTATCGAGTAATTCGAATCGCTCTAAATATTCTTCTGCTTTTTTATGAATCTCTTTTCCTTTCTTTCCTTTCAATTCTGCAAAGTAAAGAAGTATATCCAGCACTTTTGATTTTTTGTAAAGTCCTCGTTCTTCGGGTAAGTAACCAACTTTATCTTTAAATCGGTGATCGACTTTCTCCCCACGCAGCAAAACTTCGCCGCTATC
CP129490.1_gap104	3731776	3733500	1724	TCGAGTGATGGTAAATCATTGGAGTAAAAAATTCCGTCTTCGATATAATTGATAAAACTGAATGGAACGGTGTGTGAACCAACTTTTTCACTTTCTTGAACTTGTATATGAATATGTGGTTGTGGTGAGTAACCGGAATTACCGCATAGCCCGAGCATTGAACTTCTTTCAACCCAATCACCTTCTTTTACTTTAATTGAATCTTCCGCAAAGTGTGATAACTCAACAAAGAAACCACGTTCATCTTTTATAATAACTAAATTTCCCCAGTTGTTTGCTCTATCAACTTTTCCTATCGGCATATCTTTTAAATTGTTTATAACTTTTATTACTCGTCCGCTTACGGGTGAAAGTACGGGTTTTTTGTAGCAATAATAATCTTCCAATAAATCGCCGCTATTTTTGTAACTGTTTCCTTCTTCATCGGTAATGATAAAATCGTAAGCGTATTTCCAGTTGCCTTTATGTGTCCACTTTCCGTCAAAGTCTTGATAGACTGTCCATTTACCAGAAAAAGGAAGCTGTATAAAAGTATCAAACCCGGGATATCGATTTTTATTTGTTAAGTACAAGTCAAGAGTTTCCTCGGGGGTATTTTTTATTATCCACGCAATTTGTGGGTACTTAATTAATCCAAGCAAATAAATAAATGAAAGTGTGATAGCATTAAAGGGAAGAGTAAATGCCGGGATTCCAAAGTTTGACCAAAAAACCAGAACCGAATCGAGTAAAATTGTTGACGTACATACCGCTATGACAGCAAGCAAATAACTTTTTAAAGAAGGAACAAGAAACACTCCGCCGACAGCGATTGCAATTAAAATAAAATTGAAATGATTGATATCTGCAAATGATTGTTCGAACGAACCGTACATTAATCCGACCACTATACTTCCTGCAAAGTAGCCGACAACAGAAAGTAAAAACATAATCCTCGACATCGCAAGAAATATCAATGCAATTACAATTCCGGAAATAACATCTGTCATAAAAAAGATGGAACCAAAAGAGCGGAAGTAACCTTCAAGCCAATAAGGAAGTGTGATTTCAAGATCATAGATTGTGTGTGGATAAAGTCCCGTTACAAAAAGATTTGAATACTGCGTTGTCGCCAAGTAAGCAATCGAAGAAACAATAACGAAAGGTAAACTTAAAACCGGCATCTTCAAGTAATAAATAAATATGCTGTACATTACAACTGTTACAATAAATGTTAATATACCTGCAATCACCATAAATAAAACTGAGAGCTCATTAAATTTGAAAAGGTAACCGATTGCAAGTCCCGTAAGAAGTGGATTATAAGTGTAAAAGCCTTCGTTTAAAAATTCGTTGCTCATGTTAATGATGCGGGCAAAAATGTATGCAGAGATTACGGCAACAATTCCGCCAAGCGCAACGTAAGGATTGATAAATGTAATCAATAATAACAACGCACCTATCCATTTACTTTTGAAGAAGTAAATTTCGGAGTAGCTTTGCAGCAGTGCTTTTATGTGGTTGTTGAGTTTCATAATTTTTTATTCGATTATGTTGAAGTAAAAATCCTCACTTCACTTCGTTACGCTCGGAATGACACACCACTGTCATTCCGAAGGAGTCGCTTTTTGACGACTGAGGAATCTCACCTTATCTTTTTTTGTAAATTTAGGGTTAGATTCTTCGCTTCACTTCGTTCCGCTCTGAATGACAATGTGCTGTTCTTCCAAATATGTTTAAATAAT
CP129490.1_gap105	3735751	3740716	4965	AACGTTCATCTCTTCACCTTTGACAACTTCTTGAAGAATAATCGGGTAGCCCCACTCGGCGGAAATTTTATGAAAGTGACTCATTGCTTCTTGAGTTGTATAAGCTCTTTCGGCTTTGTAGTAAGCTCCTTTTACCATTACAGGAAGACCAATTTTTTCAACTTCTTTAATTAATTCCTCCGGCGAACTTACAACCGAAGTTTTCGGTAAATCGATTTTAACTCTTTCCGCAACTTGAAGAAGTTTGTCTTTTGCGCGGAGTTTGTATTGACTTTCGGTCGGAACAAAAATTTTGATACCGAATTCTTCTATTTCTTTTGTGTATTTGGTGTAAATGGGAAGTTCGGAATCGAGATTGGGAATTACAAAATCTAATCCATATGAATCTTTTATATATGAAAGTCTTTCCAGCAAAGCATCTTTTCCGCTTGATGGATAAGGAAGTATAAAAGTTTTGTCGATCAGCCAATCTAAATAAATGCCAGGCTCCATTGCGTCATAAGCTAATCCGATAACCTTTACATTTAAGTCGGGATCTTCTTTTAGTGAACGAGCAACTCCAACACCCGGACCGGGATTATCAACCGCATTGATTCCTGATACGGCAATTTTCAATTCTTTCATCTTTCACCTCAATAAATATTATATGTGTTAAGGTGTGTGATGAAATCGGAAATATCACTTGAAATTTCTTCCGGCGTTTCTTCAAATTCTTTTGAAAGTTCTTCGGCTATCTGATCGATCTCTTTTCCTTCACGTAAGGAATTGATTATGAAAAGTCCGGTTGGATTTACAGTGTAGCTGTCCCCTGTAGTTGGATCAAAAATGAAACCTTCCGAATTAACAGCGAGTTTATTTAACCGGTTCATTACCCCTCCGATATTTTATCTTATTATCTAATTTGACAGCTAGTATGTTAATCAGGTTTAAATGTAAGGGAAATTATCTATTAATGTTAGCTCTCTGAGTATGCTTTAAGAGACTCGTTATCCATAATTTCCGAGAAACCGTTTCCGTCAAAAACTTCTGTGGTTATGTTCTGACCCAACGTTAACCTGTATGCAAGCTGCAGAAGATGTGATTCTATGTTGAATGTTTTTGTGCATTCGTTACAGATTTGAAGTCCTTTGATTTCTCCATTATCATTTAACAACAAATCTATTTGTGAATTTGAATAGATTACAGAATCTAATCCTGTGTATTGGTTAGTTTTTGTTTCGACAGGGTTACTGTCGGAGTCATCAATTTCTAATAACCTATCGTACTCTATTGTATCTTCGAATAAAATTTTATAAAACATCTTGATGAGATGTTTGTATAATAATATCGATTCAATTTGAATTTGTTTCTAAGAATCTTAGTTTACGTTATGAATAGAAATTAACAATGAAGTTGAAAGGAGAAAACAATGGCCGCAACACCAAGCGCAATGGTAGAGTTGGGAACTAAAGCTCCGGGTTTCAATTTACCTGATACAATTTCAGGTAAGCAAATTAGTTTAGATGAAATTAAATCCGACAAAGCAACAGTCGTGATGTTTATTTGTAATCACTGTCCATATGTTATTCACATAATTGAAAAACTTTCCGAAGTTATAAAGGAATATCAGAAGAAGGGAATTAGTTTTGTTGCGATTAGTTCAAATGATGTTCAAAATTACCCGCAGGATTCTCCGGATAAAATGAAAGAGTTTGCCGAGGAGTTTAATTTTTCTTTCCCTTATTTATATGATGAAACTCAAGAAGTTGCAAAAGCATACCAAGCAGAATGCACGCCGGACATTTTTGTTTTTGACAAGGAATTGAAATTAGTTTATCGCGGTCAGTTTGATGACTCTCGTCCAAGTAAAGATACACAGGTAACCGGTAAAGATTTAACAGCCGCACTTGATGCAATTTTGGAAGGCAAGCATGTTAGTGAAAAACAAATTCCAAGCGTTGGTTGTAATATAAAGTGGAAGAGGTAGACACCCAGAAACCTAACTTCTTTTAAAGTTAGGTTTCTTAAAACTATACCCAAACAAAAAGCCCGACTTTTTCAAAAAGTCGGGCTTTTTTTATTTAATCATCTGCAACTTAACAGAATGTGTTTTCTGTGGTGTGATTGCTACAAAAATATAAATTCCGCTTGAAACAGTTTCTCCGTAATCATTTCTGCCGTCCCAATTGAATTCGTATGTTCCTTTTGTGTTCGGATTCAATTCGAATGTCTTAACGACTTGTCCCAGTATGTTGTAAATCTTAAATGAAATATTATCGCTCAACATCCCGGGCGGTAAATTAACTCTAATCTTAGTCTGACTGTTAAACGGATTCGGATAAGCGGCTAATGAAAATTCTTCGATAACATTAACCGAATCGGTTTCCACATCTGTTGAGCCGCCGCCGTCATCTCGACAATCATAACATACTTCCCCACCGAGAGATGGTTCAAGACATATAAATGCCGTATGATAAGAAAGGACTCTGTTGCTTATACTCGTTCCAATTATTTCGCTTATAATATTATTGGCAGATCCTTGTCCCTCTAGCTCCTTAATGTATCTGCTTACCCACATCTTTCTTAAAGTGCTGTCGCTTTGATCGGCAATATCATCGGTGATTTCAAAATTTCTGGTGAAAACATTTCCTTCATACACACCATTTATTTCAACGGTAAAATCACCGGAACCATTAAATTTTCCTAATTGAAAAATGGGCATATCAAGATAAGTGCTTGATCCGGTCAAGTTGATATTATATCTACCGTAACAGAATCCGTTTGTTAGACTTGTATATAGGTCGAATGTACTTATGAATCCACCCACACCTTGGAATGCTTTTGTTAATAACTCGTTGAAAGAATAACCATCAAGCATACGAGTTAAATTACCGCCGGTCATTCTGCTGATATTATTGTAAAAATATTGATTCCCTTCATAGTACTGATTGCCTATGTAAACATACTTCACGTTTCTGTTTTGAAAATCTGCAACATGAAAGGTTAGGTCGCCTTCAATCGTTTCAAAGATATCGTCAATTAATTCATTAGCGGATTCGGGATCCATAACATCATCCGTGTTTGCAATAAGAAGAACAACACCATCACCGCCTTGTGAGTTAATAAACTCAACACCGTCATTAATCAGCGATGGAAGATTTCCATAATTAGCGAGATTATCTTCGGTAATATTTTCGAATGTTTGAGCAATAGTTACGCTATCGGCCGGAAGCCAAACATCACTTGTTCTATCAATAGTCAATCTTGAGAAGGCAATATTAAAACTATCGGCATCGCTCAAATAGTTAAGAAGTGAGTTCTTTGTTCCGTTTAATATTTCGGATTTAGTTATTGTTGAATTTGTCAGCTTGTAATCAAAAAGTACCATTACTTTTTTGCTCGTTTCACTACTTAAAATTTCGGAAGGGAGTAAAGCAAGTTGATAATAGTCTTCATTTTCTTCCGTAAATGTGCTTAGATAAATTCCTTCTTGCATTGGTGACTTTAATGAGAAAGTAAGATTGTTGTATAAGTAACTCGTTGGAATTTCAACAAACTGATAATCACCAAATGTTGTATCAGAACCATTTTCAAAAGTTAATTCGGGATTTTCAACAATTTCGGGCGAAGTCCATTGTTCGGTTGGATAAACAACTAATCTAAGTTTATCAACCTCTTTTGCAGAAGTAGTTAAAAGCTCGGTCGGTAAAGACGCCATTACTCTCGAAGCCGTCCAGTCCGTCGGAACTAAATAAGTAATTTTCACCTTGCGGGGAAGATCTTTTAAAAGCGGAAAAACTCTTAGCTCATAGTAATCACTATTTCCATAATAACCTTCTCTCTTGAATAGAATAGAAGGGTCAAGATTTCGTCCGACAATTTCATTATAGATCGATCCCGCGGTCCATTCGTCCATTATCTCGGCTTGGATAATTTCGTCTTCTATCCAAAGCCATGAATCGTGTACAATAGCATCATCACCCAAAGTAAAAATTAGTTCGGCTTCAAGACTATCGTTTTCATTATAATAGTTGGGTGTTGTTACGGCAAATGTTAAATATAATCCATACTCAAAAAAAACACCTTTCGGTTTAATGGTTAACGTTGCTTCTTCTATCGTTCCTTGTTCAACCCACCATCCCCAATCCGGTTTAATTATGTATAAGGAATTTTGGGAGAAAAGTTGAATTGAGAACAACAGAAAAAAGCATGAAGTAATTAATAATTGTAATTTTTGTTTCATACCCGCCTCTCCTTTTGAAACACAATTGTTAATGTAAGGAATTGAATAGAAAGAATCTTAATTTAAAATGAGAAAATGAGGTAAAAATTTGGTTTTTAGGACATAATATCAATTTTGCATGGTGATGCGATAAAATGATATTTAAATAATGTAAGTGAAAAAGGCGGTGAGTATTACACTTTTTCGAGAATTATAATTGATAGATCATCACTCATCTTTGTGTTGCCGCGATAATCGTCAATCACATTTACAATATAATTCCCGAGTTCCGGTGCCGGTCGATGTCTTTGATTATTGAGTACTGTTAATAATCGTTGTTCACCGAAGAACTGCCCTTCTTCATTTGTTGCTTCCGTTAATCCGTCGGAATAAATTAAAAATTTATCATTTTGATTCAACTCGAGAACTTCTTCGTTTAGATCAAGATCTTTAATTAAACCTAATGCAGCTCCGCCTTTGCTGAGAGGAATAATAGAGTCATCTTTAATTACTAGAGGCGGCATATGACCGGCATTAATATATTTGATTTGGTTTTTGTTTGCTTCAATTTCAAGATAGAACAATGACGCAAAAATACTTTTCAAACTATCGCGGTGGAAAATTTTATTTATCTTACTCATCAATTCGGTTAAAGATGAATTCTCGTCAGCGAGCGCCCTAATTGTCGCTTGCAGCTTTGCCATAATCAATGCGGCACTCAAACCTTTACCGGCAACGTCACCGATTGAAATTCCGAATTTAGT
CP129490.1_gap106	3741876	3742376	500	AATAATAACCGAGAGAATTGAATTCGGCTCGGTCTCTATAGAATAAATCAAGCTGATCGGATTCTTTTAATTTGCTGTAATAATTCAGCGCTTCATCAATCCCTTCATCCACATATTTTTGATATACTGCCAGAGCAATTCCTTTTTTAGGATATTCGAAATCCAATCCGTTTATAATATTATAAATTTGGTTGGACATAAACCCGAGCGGAGCGCCGCCGGTATTGTTTAACAAAACAATCAATTGTCCTTTCTCAGGTATTCTGGAAATCAAAGTATTAAAACCGTTTATACCGCCGCCGTGACTGATAATTTTTTCAACTTCATCGTCGCCGTCAATATCTTTTTCAACAATCGACCAGCCGTAACCGTAATGACCGCCCATCGCGGCAACATGCGGGGTGAACATTAAATCAAGAGATTCTTGAGTTAAAAGTCCCGGCTGATAAAGTGCCTGATCCCATTTAAATAAATCACCTACAGTAGAATACATTGATCCG
