gap_id	start	end	length	sequence
CP129555.1_gap1	144632	147718	3086	GTCGTAATTTTTGAGCTTCCGCGCTGTTTTCGCCCTGTTCTTGAGATACCTTGCCATATTGCTTGGCTAAATCATCAACGTTTTTCTTATAACCTGTGATAGTTCCATCAAGTTCTTTAATCCTTTGTTTGTAACTATGAGTTGATTTTTCGGTATATTTGAAGTTGTTACCGGTTAATTTTAAGTCAGAATTTAAAGTTTTAAAGTTTCGTTTGATTTCTGCAAATGATCTATTTAAATTTGCTGCATCTAAATCCAAACCTATAGATAAACCTTTTATTCTTTCTCCCATTTTTTACCTCCTTTCTAAAAAAGTTCAAAAAAATAACCCTAACCAAACGGTTAAGGTTAAAACGCATCAATTAAAGCCTCTGCTTTTTCTTCAGAAATGTCATTGTTTTTATTTTGATATATGGAAAGTACATAATGAAATGGCATTTTTAAAACTTCGTTAGCGTCTTTACCATTTTCAATTAAGTCCATCATGAGAGTATCCATATTTTTCAACATTGCTTTATATGTTAAATCTTCAGGCTTTATTTCATGTTCTGGATAAAATTTCTAGTTTCCTCAGTTTGCTGACCTTGAGTAATGAAAATCACTTGTTCACGAAGTGCATTCATTCCATCAGGTGCATGCATACGTTCTTTTAGGTCTTTAACTGTGAATTGGTTATCGTAAATTTTTACAACCATATCCATCAATCTGTCAGCGATTTCTCTTGGTTTCATCGTGCTATTTTCGTCCTCAATATCATCGATTAAATCCATTGCTTCGTATACAATTTCAAATGAAATGAAGTGTGGTGTTAAGTACGTTTGTAATTTAATTTCATTTGCTTTCGGGTCTTCTACTAATTGAATAATGTTACGTTTTAATTTTGCCATTTTATAATACTCTCCTTATTTTCAAATAAAATAGAGGGGTTGCCCCCTCTTATGCTTCTACATTTATTGTTATAGTGTCACTCATATTACCAACTGTTGCTTTAACCGTAGCAATGCCTTGTGCTTCCGCAGTAACTTGACCATCACTATTGATTGATACAATATTCGTTTGATCTGTTGTGTATTTCAATAACTTACTTTGATTAGATGGCTCTACTACAACATTTAAATCGTATGTGTCGCCAACTTTAAGTGTTTTAATGCTATCTGGTATATTAACCGACTTTACCGCAGTTTCCGATGAAGCCGGTTTTGTTACAAAGTTTCTTCGTTACCCTCTGTCACGTTTCCAGTATATTCTTCGCCTAAAATTTTCTTTAAGAAAGCCTCTTCGCCTTTTTCACCGTCTCCATCATGATTTGTCATGTTAGCTGAATCAAAGATATACTTACGTACTGACTTTTTATTATCAACTAAAGGGAAAAGTGCCTCACCTTCAACCTCTTCACTTGAGAAATCCCAATCTTTCTCAGCCGTTTCTCCATCGATTTTAGGATTTGTAAACATAACTTTAGGTAATAAAACTGTTCTAAATGTACCGTCTTTACGCTCTTGTCTGAACCATACAGCTACGTAATTGTTTTGTTTACCTTGTTTCTCTTCGTAAACGCCATCTTCATCATAATCTTCATTAAAAACAATTTTGCGAATCTCTTTAGGGAACGCATGCATTTGTAATGAGATTTTACCTTCTCCGTCTGTATTCCCTGATTCAATTGGACCGCCATCAGCATAAGCTGTTTTTAGTTCTCCACCAGTTTCAACACCAATTTTTTGTAATCCTCTTGTTTTTGTAATATCACTATATTTTAATTCCGCGCCTTCTTTCGTTAATTTAGCGAAACCTAAACCAGTAATGTTAATATACGCCTTTGGCGCACTTGCATGTTTTACTGCCATTTAATTTTCCTCCTTATAAAAAATGCCCTCGTAAACGCGAGAGCTTCTATATGTTTTAAATTCTTCTATATATTCCGGTTTTCCATTTGAAACATTTCCCATTTTTAGTTCAGACCATAATAACTTTTGAATGCGATTAGATATCTTATTTCTTATGATTCTCGCATTATATTCATCATTGTACTTAACAAAAACATCTATTTGGACAATATAACTATATGCACACTCATCTCCGTCAGTATAAGTTGTAGGTATTGGGTCGTCGATATCGTCAATAACAATAAAAGGTACATCAGTATCTTTTACATTAGGGTATTTATTGAACTTAATATTATTGATATTTACGTGCTCTCTAATAATTCTGTCTTGACTAATCACTTCATGAACTTTGTACAAAATATCAATCACAATTTTTTCAACTCCCTTTTTAGCGTCTCAAAATACTTATTTTGCCCTTGTCTTATTGCTCTATTAATCCCACCCATAGCTTTAGGTTTTACAAATTTTCCTGACTTTTTCTCAACATGACCATTTTCAATTAAATGTACTATTCTAAATCGTTCAAAAGGCCCACGCCACCTAATTGTAACAGTACGTTTCCCCTTTATCCATTCAGGTTCAGTACGACCAATCTCACTAATCAGTGCTCCTGAGTCTTCTGAAGGTTTGAGTTGTTTTTTTATTTCTTCAACAATTACCTTAGCACCAGCTATTAACGCCTTATCTTGAACTTTTACCATCTCTTTTATGCCAAAATGTTTTTCTAATTCTCTTTCTAATGCTTTATCACCTGTCACTTTCACACTCATGAACTATATCCTCCACGAATCATAATAAAGTCTTTATTATCCAAATCTGGTGATACTTGCTTTATATTCAAACGATTTTTGAAATATCTTGATTCAATTTCAAGATAATGTTCTTCACTGGGTAAATAATCACCTTGCGGATCACGAATATACAATTTAATGTCATTTTGGGTTCCGTTTGAGATAGCTTGTTCTAATTCACGTAACCAGACACCATCAATACTCGCCCAACAGCTATATAATAATTTTTCTTCTTTTTCTCCAGCTTCTGGACCATTATTTTCAGTATACTTATAAAAATGAACACGAGTATTTAAACGTTTAGTTGTAATTCTAGGTTTTTTAAACACTTTCTTCATCTTCTGATACCTCCATTAGAGATAACGAAAAATCTATTATTTCAGGTCTGTAATTATCGTTGAAGTGTTCT
CP129555.1_gap2	180040	183533	3493	CGTATAAACATCGTCATATTTTTTTATATTCAACGTTGTAATCACGTATTATACTGAATATAAAATATCAAAAATAGATAAATACATATATTTCCCGAAACAACATCATATTAATCCACATTAAACATACAAAACTCATTCTGCTTATTAATAGTTCTAAGATATCATGTTATAATTAGTGAATAAAATCACAAAAGGAAGGTTTTAAATCATGAGACTTCAAAAAGCACCTTTAGTAACATCGGGATTGATCTTAGGTTTGTTGGGGTTGGGCAATCTCTTGAAAGACATATCACTTGTTTTAAATGCTATTTGTGGTATCTTTGCCCTCTTTATTTGGGTTCACCTTTTATGTACTATTCTCAATAATTTTAAAAATGTTAAAGAACAATTGAATACCCCTCTAGTTTCATCTGTGTTCACAACATTTTTCATGTCTGGATTTTTGGGAACCACTTATTTAAATACGTATTTTAGTGATGTAACCATTATCACTAGCTTAATAACACCCTTATGGCTCTTATGTCTTATGGGGATTATGATACATATGATTATTTTTTCAATTAAATATTTAAAAGGGTTCTCGCTCGAAAATGTTTATCCATCATGGACAGTGCTTTATATTGGTATTGCTATTGCTGGATTAACAGCACCAATCAGCGGATTTTATTTAATTGGAAAATTATCAGTTATATATGGTTTTTTAGCAACATGTATTGTCTTACCAATAGTATTCAAACGATTAAAAACGTATCCATTGCAAACGTCTATTAAACCGAACACTTCCACAATTTGTGCACCATTTTCTTTAGTTGCTGCGGCATATGTTATAACTTTTCCTAAGGCAAATGATCTAATCGTTATTATTCTTTTGGTATTGGCTCAGTTTTTTTATTTTTATATTATATTTAAACTTCCAAAGTTGCTAAAAGAGCCGTTTTCACCAGTATTTTCAGCTTTCACTTTTCCTTTAGTAATTTCAGCAACTGCCTTAAAAAATAGTTTACCTGTACTAACGTACCCAGAAATTTGGGAATGGCTCTTATTTTTTGAAATTACATTAGCAACTTTAATAGTATTAAGAGTCTTTTTAGGCTATGTTCATTTCTTTTTTAAAACTAGCCCGAAGGCTAGCTATAACTCTTAATCTAATGTAGCACTTTTAAAAATATCTTATAGTAATGACAAAATGATAAAGAGAAATATGACAAGACATATCTTAATAAATCTTTGCTCAAAATCAACCAGCCATTCAGCTGCCGATTTTACTTGCTTCATATAAAACTGGGTATAGGGTAAAAAACTTAATTCTATACCCTATTATTTTTTTCTCTTTATCCACCAACCCTTAAACTTGCTTGAATGTTTGCATTATTAAAATTAGCTTTAAACTAAAGATCTGAGGTTTCAATTACCATTTGGTAATCCAAGACAATGTAATATTTATTTGTAATTGTTTTAGTATTTTCTTAACTGTTAGATAACTTTCAATTTTATAAATTACTATACACATTAAAAATAAAATCATTAAAAGTACTAATACTAATGAAAGTCAAACACTTTCCTCACTTTATCATTTTTCAACCATTCCGCCATATATTAAGTATCTATAATCAATACCCTAAATTTATACATACACCTAATATGTTTACATAAAAATAGGCAAGTACCGAAGTACCTGCCTGTTATGCACATTTAAATCTTGAGAGAAATGTTAAAAAGTTCTAGTAAAATAATAGCACATTTTATCTTTAAATGTAAATAGAAAGCAGGTGTGTTACACACCTGCTTAAATAGACATGACTATGTCATTTCAACTGATTTCTCCCCATTAGTCGCCTAGTACCTGACTAGTTGGGGCAGAACCATTCCATGTTCTAATAGGCAAGTAATAACGTTGCCCCTCCCGTTTATATAATACCCATAAATAATATTTATATAACTAATTTATGTAATTTTACAAGGCTCAAAATTGAGTTCTGCAGTTAAATTCATAAACATTTAGTATGGAATTTTAGTTTTGCCGTTTGATGTTATGTGTACTTTGATGCGTACTGGTACAGGTAAGCTAGCTATTTCCGATAAAGCTCTCAGACCTAAATGTTGGTATGTACCAACATCTTTAATTTCTTCAGAAACTTTAATGAAACGATGAGCTTGTGTTCTATCTAAGTTGATATTTTTCAACCAATTACCAAATTCTCCATGTGCTAGGTCATTTTGTTTCATATGGTTTTAATCTTCGACCAATCTCAAAGATAGATTGACCAGCGATGTTTAAAGCCATATTTCACGACGTTATGTTTACAGTTAAAGTATTTGTGCGTGGTTCCCATCCCTTACTGCAACACAGGACGTTTCTCAGCGTAAAAAACGCCACTAGAAAGTGACTTTAAAGAATATAACTAATTCAAACTTATATTAATTAATATTCTTTAAATGACCACTCACACTTTGTTTTTTGCTATTTGTAACTTTAAAATGTTGTTTAAATCTATATTTTTTGATATAGCTCCCTATGTAACAAACACTTTTTAATTAATATATATTTAAACAATAATTTAGAGATGGTTAATTGATTCATTTAAATAATATTTATACATTCTATATGTAAACGTTTACACATTTGAATGAAGGAGAATTAAAAATGAATAAAAAATTACTAATGAATTTTTTTATCGTAAGCCCTTTGTTGCTTGCGACAATCGCTACAGATTTTACCCCTGTTCCCTTATTATCTAATCAAATAATCAAAACTGCAAAAGCATCTACAAACGATAATATAAAGGATTTGCTAGACTGGTATAGTAGTGGGTCTGACACTTTTACAAATAGTGAAGTTTTAGATAATTCCTTAGGATCTATGCGTATAAAAAACACAGATGGCAGCATCAGCCTTATAATTTTTCCGAGTCCTTATTATAGCCCTGCTTTTACAAAAGGGGAAAAAGTTGACTTAAACACAAAAAGAACTAAAAAAAGCCAACATACTAGCGAAGGAACTTATATCCATTTCCAAATAAGTGGCGTTACAAATACTGAAAAATTACCTACTCCAATAGAACTACCTTTAAAAGTTAAGGTTCATGGTAAAGATAGCCCCTTAAAGTATTGGCCAAAGTTCGATAAAAAACAATTAGCTATATCAACTTTAGACTTTGAAATTCGTCATCAGCTAACTCAAATACATGGATTATATCGTTCAAGCGATAAAACGGGTGGTTATTGGAAAATAACAATGAATGACGGATCCACATATCAAAGTGATTTATCTAAAAAGTTTGAATACAATACTGAAAAACCACCTATAAATATTGATGAAATAAAAACTATAGAAGCAGAAATTAATTAATTTACCACTTTTTCTGTAATAATTATTAATAAAGGGAGTCCGTTAATTATAATAAGCGTTCTCCCTTTTATCTTTATAACGCTTTAATATAAAGCTAGGGTGAATTAGTAAACTAATCCTCACTAACTCAATATGATAATC
CP129555.1_gap3	186694	187248	554	TTTTATATTAGGAGCCACACACCACGTGAGACTCCATATTTAATTACTTATTCAAACTGTAATAAGATGACTTCAACTCAGTTAACTTATGCTCTAAAGCCTTGTAATCCTCTTGTGTCGCATTCTCATCTTGTACAAACTCAGTTACTAATCTCAACCCCTCAACTAACTCTGGTGCTGGTTCATTGATTCCTGTAGCTAACTGATACAACATTTCAATATTCGCTATCACATCAGTATTACTCGATTGAATGCCCTCAAGTGTATCGGTATCAAATCCATTTTCTAGGTACTCAAACACATCACTATTATTTGATTCTGCATATGTTTGTAATCCATACATAAAATACTCATCTTCAAATAATTGACTGGCCATCATATCACTAATAGAAAGCTGTTTACCGTCATGTAATTCATAACCTACATAATGACCTTCTATACTTCTTATAAGCCCCTCAGTGTGCTTAGGTGACGCTAATTCAAATGATTGCCTTACTTTACAATCTTTAATATATACATGACCGAATAACTTCCCATTCATCATCACGTATGCC
CP129555.1_gap4	198423	203060	4637	TCTCCATTTAAGTTATCCTTTGCTTCAACTGTGTGCGTTGCAAGCCCTAAACTACTACTACTACTTAAAATTAACATACTTGTTGAAAGTAACATTTTCTTAAACCAATGATATGACATTTCACGAGACACCTCCCTTTTTCATATAAGTATTAATCTAAGTATAATAAATATGCGTTGAAAATGCATTTATATTTGGAATTTGAAAATGAATATTAATATTCTTGAAATTTTCGTAAATATTACTTTACAAGTTCGAGTATAAATTTTATACTAAGTCTATTAAGTATTCTTTACTAAAGAAGGAGTAATGATTATGGGTTTATTTAAAAAAGATAAAAAAGCAATGACTTTTGACAACGCAATGGAAGAAAGACGTTCAATATATAATTTGAAAGATTCAATATCAATTAGCGATGACGAATTAGAATCAATGATTGCACATGCAGTTAAACATGTTCCTTCATCATTTAATTCTCAATCAACTAGAATTGTTCTCTTATTAAATGACAACAATAATAAATTTTGGGATAACACAAAAGCAATTTTAAAAGAAGTCATGGGAGAGAATCGTGATTTCGAGCCAACTGAACAAAAAATTGATAACTTCAAACATTCATACGGTACAATTTTGTTTTATGAAAATCAAGATGTTGTAAGTGGTTTACAAGAACAAATGCCAAACTACTATGATAATTTTGCAATATGGTCAACTCAAACAAATGCCATGCATCAATTTGCAATTTGGACTGCATTAGCTACTAAAGGCATAGGTGCTTCATTACAACACTATAATCCACTTGTTGATGAGATGACTTCAAATGAATTTAATATTCCTAAAAGTTGGAAACTTATTGCTCAAATGCCATTTGGTGATATTCGTGAAGCTGCTGGCGAAAAAACATTTAATCCAGTGGAAGATCGTTTCGTAATAAAAAAATAATCAATATATTGTTGGGAATGGGACAGAAATGATATAGAATCATTAGTTATTCATTATGTAGTAGTTCTTACACATTAGCCGCTGCTAATGTGTACTTAAGAATAGGAATACATGAGTAAAACTCATGTATAAGAAATACTAATTTCTAAAGAAAAAGTATTTCTTTACGTTAGAGCCCACCCCAACTTGCATTGTCTGTAGAAATTGGTGTTCCAATTTCTCTATGTTGGGGCCCCATCAACTACTGTCAATATAACATTGTAGAGCCTAGGACTTTGATTTTATGTCCTGGGCTTGTTTTTTGCGTTTCAACATAACTTTTAGTATGTTATATATAAGATCTATCAAGGATGTGATGTTATGAAAGTCCAAATTTATCAATTACCGATTATTTTTGGAGATAGTTCTAAAAATGAAACTCAAATAACGCAATGGTTCGAAAAAAATATGAATGCTGAAGTAGATGTAGTCGTTTTACCTGAAATGTGGAATAATGGCTATGATTTAGAGCATTTAAATGAAAAAGCAGATAATAATCTAGGACAAAGTTTTTCATTTATTAAACATTTAGCTGAAAAATATAAAGTCGATATCGTAGCTGGGTCAGTTTCTAACATTAGAAACAATCAAATATTTAATACAGCTTTTAGTGTGAATAAAAGTGGCAAACTGATTAATGAATACGACAAAGTTCATTTAGTTCCTATGTTAAGAGAGCATGAATTTTTAACCGCTGGCGAAAACGTAGCTGAACCCTTTCAATTGTCTGACGGTACTTATGTGACCCAACTTATCTGTTATGATTTACGTTTTCCAGAATTATTAAGATATCCTGCTCGTAGTGGTGCTAAAATTGCATTTTATGTGGCACAATGGCCTATGTCACGTCTTCAACATTGGCATTCTTTACTAAAGGCACGTGCAATTGAAAATAATATGTTTGTCATTGGAACTAATAGCACTGGATTCGATGGTAACACAGAATATGCTGGTCATTCGATAGTTATAAATCCAAACGGAGATTTAGTTGGAGAATTAAATGAATCCGCAGATATTTTGACTGTAGATTTAAACTTAAATGAAGTAGAACAGCAACGCGAAAATATACCTGTATTTAAAAGTATTAAATTAGATTTGTATAAATAAAAAGCACACGAAATAATATTTAACACATGTCATGACTAAACATAGATTTATGAGACGATTTTTCATAAGCCTATGTTTATTTTTTTATAATAGATAACTCAGTAAGAACCAGTTTCGCCCTTAGCAAATGAATGATTTTCTTAATTAAATTGATTATTTTTTTGACCTTTTCCAACATTAGACTTATTCATATATTTTAACGGTGGATCTCATAATGAGGATTAACTCTTCCCTACTTTATTACAATAAAAAAAGGCCGCGAGCTTGGGAGGGGCTCACGACCATACTTATTATTAAGGGAATGTTTTACAGTTATTTTTTCAATCTATTTTTGGGGATGTTATTAATTATGAAAAAAAATTTTATTTATCAAATAATGATAAATCGATGTTGTTTACGATAGCTTACATGCTAGAAATAATTATCTGTAATGATAATTAAGAAAAATACATAGCACTGAGTCCAAGGAAACTAACTCTACTAGCAAATGTTACTCACTTGCTAATTTTACATGGTTATTAAGTTGGGATGGCTTAATAACTCATACTTTTAGTACTATACGAAGATAACAAATTTACAATGAAAGTAATTAATTATTCATCTTATTTTTTAGTGAATTTGTTCACTGTGTCGATAATCCATTTTACTAAGTCACCGATTGTTGAAATGATATCTTGTGCCATTGAAATCACTCCTTCCTTAATTAAGATAAAAATTCTTAAAATTAAACAACTCATCAACTATTTTCCATCACATCTCTGTGATCTAGTTATATTAAAACATGCTATAAGCATTTATTTTCCATTTTTTCTTAACTAGTCGTTTTTTATTCTTAACTGTAAATTTTTTTATGTTAAAATATTAAATACAAATTACATTTAACAGTTAAGTATTTATTTCCTACAGTTAGGCAATATAATGATAAAAGATTGTACTAAATCGTATAATAACAGTGAGGAGAGTGGTGTAAAATTGAATTATTTTGATAACAAAATTGACCAGTTTGCCACGTATCTTCAAAAGAGAAATAACTTAGATCATATTCAATTTTTGCAAGTACGATTAGGGATGCAGGTCTTAGCTAAAAATATAGGAAAACTGATTGTTATGTATACTCTTGCCTATATTTTAAACATTTTTATCTTCACTTTAATTACTAATATATCGTTTTATCTAATTAGAAGGTATGCACATGGTGCACATGCACCTTCATCTTTTTGGTGTTATATAGAAAGCATTACACTTTTTATTGTTCTACCTCTATTAGTACTACATTTTCATATTAATGAAACACTAATGATGTTTTTAGCATTATTAAGTGTTGGCGTAGTGATTAAATATGCACCTGCAGCTACTAAGAAGAAGCCTATCCCGGCAAGGCTTGTAAAGCAAAAAAGATATTTTTCAATTATAATTAGTACAATTCTTTTCATTATCACACTTTTTGTAAAGGAACCATATACCCAATTTATTCAACTGGGTATTATTATACAAGCTATTACATTACTACCAATATACTATTCAAAGGAGGACTAAATTATGAAAAAATTACTCAACAAAGTTATTGAGCTTTTAGTTGACTTTTTCAACAGCATCGGTTACAGAGCAGCCTATATAAATTGTGATTTTTTATTGGATGAAGCTGAAGTACCAAAAGAATTAACTCAATTACACGAATAACTATAAGAGAAAGTGTGATAGTAAGTGGAAGCATTAAATGATTATAATTACGTTTTATTTGTAATTGTTCAAGTTTCATTAATGTTCTTTATATCTGCATTTATTAGTGGAATACGATACAAAAAATCAGATTATATATACATTATTGGAATAGTGTTATCTTCAGTATATTTCTTTGACAAAATCAGAAGTATTTCACTAGTTGTTATAACGATTTTTATAATAATTTTTCTCTATTTTAAAATTAGACTATATTCTGTATTTTTAGTAATGGTTACTCAAATCATTTTATATTGTGCAAATTTCGTTTATATCATTATTTTTTCATACATTATAACAATTTCACACAGCGTGTTTATAGTTCTACCAATCTTTTTGGTAGTGTATGTATCAATTTCTTATGCACTTGCCTACATTTTAAATAGAATATTAAAAAGGATAAATGGTACATACCTTTCTCTTAATAAAAAATTCCTTACTGTTATAACTATTGTTATAGTAATAACATTCTCTTTGTTATTTGCATATTCGCAAATTGATGCGAGTGATGCATCAACAATCAAACAGTATTCGCTTTTATTCTTGGGAATTATTATATTACTGAGTATCTTAATTTTTATTTATTCTCAATTTACTCTTAAAGAAATGAAATATAAACGTAATCAAGAAGAAATTGAAACCTATTATGAATACACATTAAAGATTGAAGCAATTAATAATGAAATGCGCAAGTTCCGTCATGATTATGTCAATATCTTAACGACTCTTTCAGAATACATTCGTGAAGATGACATGACCGGTCTTCGAGACTATTTCAATAAAAATATTGTACCTATGAAAGATAATTTACAAATGAATGCTCTTAAGTT
CP129555.1_gap5	207320	209210	1890	ATCGATGGAGACACTAATTGTGTCATTGGATCACCACCAAAACCATATATTTGATGTGGTTTCATAACATCTTTTTTATCAGAATAATATTTATAGGCAGCTAATGCAATCGTATCAGTTGCTCCAACAACCGCATCTACTTGCTCTACATTTTCCAAAACATTTGCAACATCTTTTTGTGCTTCCACATAAGTAAAATTTGTTTCATGTATATTAGGTTTAATTTGATATTTGGCTAACTGGTCAAGTAAACCACGTTTTCTATGTATACCAACTGCAATATCTTTTTCACTCACACTAAACACTTCAACTTGTTGATATCCCTGTTGACCAATCCATTCACCTATAATTTGACCTGCTTTATAATCATCATGCACAATACTATGCAGTTGTTCATGTTGTTGACCAACAATAACGATTGGTACATTCATTTTATTAATGACTTCAATATGTCTCTCTGTTATGTCTGTAGCCATTAAAACAATACCATCTACTTTACTGCGTGCTAATGTTTCAAGCGCTTGTATTTCTGCTTCGATATTTAAACCTGTATAATTTAAAATTAATTGTGATTCATATTTTTGGCATTGTTTTGCCAATCCTTTGATTGTTTCATCTACTGCATATGAATTCATTCTAGGTATAATGGCACCAATAAGGTGTGTTTGTCTCGCTCTTAAGCTTTGAGCAAATTGATTCGGTTGATAGTCATGTTCTGCTATAATTTTTGTTAATTTTTCACTTGTTTTTTTACTGACAGATCCATTATTTAAAAATCTAGATACTGTACTTTTTGAAACGCCTGCCAATTTGGCAATATCAGATATATTTTTCATACTTATTCACCTATCATTATTTGTGACACTTAGCCTTATTTTAGCATATGTGTAACCGCTTTAAATAATATTTCTGCTTCTTTCATAAAAAGATTTCAAAATAAAATTTCTGTATAACAAAATGTCCCAACATCAACCTTTAGTTAAATGTCAGGACAATGAATATTCTATGTATATATAAATCTAATATCGAATATGTTTATTGAATCTATTTAACTCACCTTCAAAGTAAGCATGTTCACCATGAACAATCTTGTCTAACCCTATATTCGTTTCTTGTTCTGTAACAGATAATGGTGTAATTAATTTAATTACTTTCGCAATAATAAACGTCATGACGATGCTAAAAATTACAACTGCTGTTACACATAATATTTGCACAAGTATAATATGCACGTCACCAGTGTAAATAAAACCATTCTCAATATCTGGATTTGCTTTTTTACTTTGGAAAAAGGCTGTTAATACTGCACCAATAATACCGCCAACACCGTGGATACCAAATGCATCTAATGCATCATGATACTTTAATTTTACCTTTATGTAATTGATGACAATATAACAACAGATACCCCCTATTAAAGCCATGATTGTTGCACTAAGATATGTTACATATCCAGCTGCAGGTGTAATAACAACTAATCCTGCTAATGCACCGAGTAAAAGTCCAAGTAAACTTGTCGTCTTTTTAAAAATATATTCTAAAATTAACCAACCAATAGCCCCGGCACTGGCAGAAATAACTGTATTCGTAAATGCAAGCATTGCAATTTGATCAAATGTAAAAGCACTGCCTACATTAAATCCATACCAACCAATCCACACGAATATACCGCCAATCAATGTAATGATAAGATTATGTGGTGTTGATTCAGAATGTTTGTTTCCTTTTCCAATCATTATAGCTAATACTAAACCAGAAACACCTGATGTAATATGAACGACTGTACCTCCAGCGAAATCTAATACACCGAGTTTGTTAATCCAACCGCCGCCCCAAACCCAATGTGCTACTGGACTGTATACAAGAGCAGTCCATATTACTACAAATAAT
CP129555.1_gap6	274274	279101	4827	GATACTTGTTTAATAGCCACGCAACGTTGACCTTCTTCATATTCAACAACTTTATCAATTAATAAAAATGGCTGTCTGTGAGGTATAATTTGTTTAATTTGGTTATAATCAAAAATTGTTTCCATGGTTGAAATCCTCCATTATATTAATTTACTGAATTAATCGTTAATACGTTCAATGTCTGCACCTAATTGCTTCAATTTACCGTGTAAGTCAACATAGCCTCTATCTAGGTGCGTTAATTCAGTAACGCTTGTTTTACCATCAGCAACTAATCCAGCTAAAATTAAGGCTGCTGCTGCTCTTAAATCAGTCGCTTTAACTTGTGCACCTTGCAATTGACTTTTACCTTCAAGTTTAGCACTACGACCTTCTACATTGATATTAGCATTCATACGTTTGAACTCTGCAACATGCATAAAACGATTTTCAAATACAGTTTCAGTTACTACTTTATGTCCGTTTGCTGTTAATAATAATGCCATCATTTGTGACTGCATATCGGTTGGAAAACCAGGATGCGGTAATGTTTTGATGTCAACAGGCTGTAAATCTCCTTCAGCACGTACACGAATACCATCTTCTTGATATTCCAATTCAACGCCCATTTCTTCTAATTTATACACTAAACTAGCCATATGTTCTTTGATTGCACCACGTACAAAAATATCGCCACGAGTAATGGCACCAGCGATCAGTAATGTGCCTGCTTCAATTCTATCTGGAATGATAGCATGTTCTACACCATGTAATGATTCTACACCATTGATTGTAATTGTGTCTGTACCAGCACCAGTAATTCTACCGCCCATTTCATTAATGTAGTTTGCTAAATCAACAATTTCAGGTTCTTTAGCTGCATTTTCAATTAAAGTCTTACCCTTAGCTAATGATGCTGCCATAATAATATTTTGTGTTGCTCCTACACTTGGAAAATCTAAATGAATTGATGTACCTTTTAATCCATCTTTAGCATTAGCATAAATATTACCATTTTCAAGATGAATTTCTGCGCCTAAAGCTTCAAAACCTTTAATGTGTTGCTCAATCGGTCTACTTCCAATTGCACAACCACCAGGCAATGCAACAATAGCATGTCCTAGTCTTGCTAAAAGAGGTCCCATAACTAAAATACTTGCACGCATTTTACTAACATATTCATATGGTGCCTCTTCATTTAGAGTCTTTGTTGCATCAACGACAACAGCATTTTCGTCCTTTTTGTATGTAACGTCAGCATTTAAGGTTGTTAATACATTATTTATTGTTTCTACATCACTTAAAGCTGGAACATTAACTAATTTGCTCGGTTTATCAGAAGCTAATAAAGATGCTGTTAATATAGGTAATACTGCATTTTTAGCACCTTCTACTTTAACTTCACCCGTTAATTTATTTCCACCTTTGATTACTATTTTATCCATCGTAAATCCTCCACTTAGAACTCCTATTACTTTACATTTCCCTATTTTAAAATTATTTTAAGTCATTATTTAATTATATCTAGTTTTGATTACAAATCATAGAGTTAGACTTATTTTATTAAATATTTTACCTGCGTCGAGTATTGTAACAAATCTACAATAAAATTGCTTACTGCAGTGCCTAATAAAATAGCAACAAATATCATACACACTTGTAATTGAGTGGCATATCCTTTTTTAAAAAATTGATCTAATCTAATTGATTGTAAAGCCCAATAGGCAATACAAATACATACAACATGTAACACTAAATGGATAACTGCATATTGTCCGATATAATCCATTTTATCACCTCATAAGATTACTGTATTACATTGTACATGAAAAATTTAAATAATGATACAAAGTTTAATACCCGTTTTTAGTAAAGTTTAAGCTAACTTACTATATAATTCTTTTTACATAAATATCATAACTATAAAGTATCTTGGCATGGAAAAATGTAGCTACTTTCAAAAAAAGAAACGTCGACTGTAGATAGTGGTGAAAGGAAATTTTGATTTTAGCAATCTATTAATGATTGTAAAAAGTAAAACTATTCTTGGGAGTCGAACATAAATCGATGTCTAGACTCTATAGTGTTATATTTGGCAGTAGTTGACGGGGCCCCAACATAAAGAAATACTTTTTCTTTAGAAATTAGTATTTCTTATCAGGCTGGGACATAAATCAATGTTCTATGCTCTACGAAGTTATATTGGCAGTAGTTGACTGAACGAAAATGCGCTTGTAACAAGCTTTTTTCAATTCTAGTCAACCTTGCCGGTGGGGCCCCAACAAAGAGAAATTGTATTCCCAATTTCTAGAGACAATGTAAGTTGGGGTGGGACGACGAAATAAATTTTGCGAAAATATCATTTCTGTCCCACTCCCATTCCTATTTTTAAATACACATTAGCTGTGTTTAATGATAAAGAACCACTACATCATAAATCTTTAATGGTTCTTTATCAATTCCTTCCCCACTCTCATGTTTTGTATCTTTAAATTAATATAATTCAAAAAAGGGTCGAAGATATGAAATCACATCTTCGACCCTTTATTTACTATTTTAATTCAGCCACACGCAAACGGTTATTTGCTCTCTCTAAAGCTCTTTCGGCTCTATGAATATCAGTATTGTCGTCATCATTTTCCAAGTGAGACTCTGCTCTTGCTTTAGCTAATTTAGCTCTTTCAACATCAATTTCTCTTGCAGTTTCTGCAGTCTGAACAATGATTGAAACTTTATCTTTTCTAACTTCAACAAAGCCATCGCTTACAGCAATATATTCAGTTCCATCGTGAAATTTCACTTTTACAAAGCCTGTTTTTAAAGCAGCTACAGTTGGAATATGTCCACTCATGACACCTATCTCACCAGCTGTTGTTTGCATAACAACGAGTTCAACATTATCACGATTGTAAACAGAACCATTAGGAGTGACAATATCTAGGTTTAATGTATTCATTATCCATTCCTCCTAATTGTTATACTTCAACACCCATATCTTTAGCTTTTGCAATAACATCATCCATGCTACCAACTAAACGGAATGCATCTTCTGGAATATGGTCATATTTACCATCTAAGATATCTTTAAAGTTTGCAACTGTTGTCTTAACAGGTACATAAGAACCTTTTTGACCAGTAAATTGTTCCGCTACGTGGAAGTTTTGAGATAAGAAGAATTGAATTCTACGTGCGCGTTCAACTGTTTGTTTATCTTCATCAGATAATTCGTCCATACCTAAGATAGCAATGATATCTTGTAATTCACGGTATTTTTGAAGTGTTGATTGTACATCACGAGCTACTTCATAATGTTCTTGACCTACAATTGATGGTTCCAATGCTCTTGATGTAGACGCTAATGGATCCACGGCTGGATAAATACCCATTTCAGTTAATTTACGTTCTAAGTTTGTAGTTGCATCTAAATGGGCAAATGCTGTCGCTGGCGCTGGGTCAGTATAGTCATCGGCAGGTACGAATACCGCTTGAATAGAAGTTACTGATCCTTTTGTTGTAGACGTAATACGTTCTTGTAATTGTCCCATTTCAGTAGCAAGTGTTGGTTGGTAACCTACTGCAGAAGGCATACGACCTAATAATGCAGATACCTCAGAACCAGCTTGTGTAAATCTGAAAATGTTATCGATGAATAATAATACGTCTTGACCTTGTTCGTCACGGAAATATTCAGCCATTGTTAAACCAGATAATGCAACACGCATACGTGCACCAGGTGGCTCATTCATTTGCCCGAATACCATGGCTGTTTTCTTAATTACACCACTATCACTCATTTCGAAGTATAAATCGTTACCTTCACGAGTACGTTCACCTACACCGGCGAATACAGAAATACCACCGTGCTCTTGAGCGATGTTGTTAATTAATTCTTGGATTAATACTGTTTTACCTACACCGGCACCACCGAACAATCCGATTTTACCACCTTTAATATAAGGTGCTAGTAAATCTACTACTTTAATACCTGTTTCTAAAATTTGAACTTCTGTTGAAAGTTCATCGAATGCTGGTGCTTGACGATGGATAGGATCGCGGCGAACAGAATCACTAATTTCTTCTTTAAGGTCAATTGTTTCACCTAGTACATTAAATACACGACCTAATGTTTCATCACCAACAGGTACACTAATTTCTTTGCCTGTATCTTTTACATCCATGCCTCTTTGGACACCATCAGTTGAATCCATCGCAATTGTACGAACAACGTCGTCACCTAATTGCAGCGCAACTTCTAATGTTAGTTGTATTGTACCTTCTTCTTTAGGCACATCAATAACCAAGGCGTTATTAATTTTAGGAACTTCGTTATGTTCAAATCGAACATCAATTACAGGACCCATAACTTGAGTTACACGGCCAATTCCCATGCTATTTTCCTCCTTTAAATATTATTCAAGCGCTGCGGAACCACCAACAATTTCAGTAATTTGTTGCGTAATTTCTGCTTGTCTCGCTCTGTTATATTCTAATGATAAGTCATCAATAAGTTCAGTTGCATTATCAGTGGCATTTTTCATCGCAGTCATACGTGTTGCATGCTCACTTGCTTTTGCGTCTAATATTGTTCCGTAAATCAAACTCTCAACATATTGAGGCAAGATTACACTTAAGATAGATTCTTTATCTGGCTCAAATTCATAAGAAGACAAATGACCATGTCCCTTACTAGAATCCTCTTGAGATAATGGTAATACTTGTCTAGATGTAGGCTTGTTTTCAAGAACGCTGACATAATGACTATAGTATATATTTAATTCATCAATTTCTTCTTCACTGTATAAGTCTATAGCATGGTTAGCTAGTGCTTGAACAGATTTGAAAGAAGGT
CP129555.1_gap7	421995	426816	4821	ATACTCTAGAAGCATCTGAAGCCATACCTACAGAACCTGGTGCTCTGTGGAAATGAGAACCGTGTGACATAGGTCCACGAGATTGTCCGTGGCGTTTAATTGCACCTTGGAAACCTTTACCTTTTGATACGCCTGTTACGTCAATAACGTCGCCAGCTACAAAAGTATCTACTGAGACTTCTTGACCTACTTCGTAAGCATCCACGTCTACATTGCGGAATTCACGAATGAAGCGCTTAGGTGCTGCGTCAGCTTTTTTAGCGTGACCTTCAGCTGGTTTATTAGCATATTTGTTAGATTTTGCATCTTTTTTGTATGCTTTTTTGTCTTCAAATCCAACTTGGATTGCGTTGTATCCATCAACTTCTACAGTTTTCTTTTGTAATACAACATTTTCTTTAGCTTCTACTACTGTTACAGGGATTAATTCACCGTTTTCTCCGAATACTTGTGTCATCCCAATTTTTCTTCCTAAGATTCCTTTGGTCATCGAAAGTCCACCTCCTAAAATTGTCTATTATAATTTGATTTCGATGTCTACACCAGATGGTAAGTTTAAGCCCATTAAAGCGTCAACTGTTTTTGGTGTTGGGTTTACAATATCGATTAAACGTTTATGTGTACGTTGTTCGAATTGTTCACGTGAATCTTTATACTTATGCACGGCACGGATGATTGTGTATACCGATTTCTCAGTTGGTAACGGAATTGGTCCAGAAACATCTGCACCAGAACGTTTCGCTGTTTCTACAATCTTCTCTGCTGATTGATCAATCACGCGGTGATCATAAGCTTTTAATCTGATTCTGATTTTTTGTTTTGCCATAATTTTCCCTCCTTATTCGTCTACATTTAGTGATAGACTTCTCCACGAAAACTATCTTACACAGCGCCATGGCAAAGCGGCCGGGTGTGTCAGTAACCTTTCGCTTCATCGCTTTTCTTAAAGTCCAACGTTAGTTATATTACACGAAAAACATCGATAAATCAAGGCTTTTCACATAATTTTTCTATCTGTCTAACACATACTTTTATATTTTACTTTATATACTTAGTCAGTTCAACTATTTTCGAGATATTTTTTATTTCCTTCTTTATTGTAAATTCGTACCTTGAATCATTTTATTATTATCATTGAAAATTATTCTATATAATTAGTCATAAGAACGGTGGTGAATGAATATGAAAAATGGACCAAAATTATCTTTAGCACTTATAGGTATCTTTTTAATACTTTGTGAGTTTTTCTATGGCATTCCTTTTTTAGGTGCAACGTTTATTTTAAGTTTTGGATGGCAGCCTTTACTCTTTAATGCATTACTTTATCTAATTCTTACTATTATATTATTAGTGAATAGACAAAATGCAATTAGACCTATAGCGATTATTCCAATATTTGGTATAGTAGGTAGTTTTTTAGCTATTATCCCCTTCTTAGGAATTTTGATTCATTGGATTTTATTTTTCCTAATGATTCTATTTGTCCTAGTTGTATTATCAGCGCCAACCTATATACCTAATAAAAATGCTCGTGTCATTTACACACAATACAAAGATGGACATAGAGAATAATTCTTAAAACCTTTTTAATTAGGTATATATATTATAGAAGAAACACGTTCAACAATTTTAAAAGAAGTATATTTATATCGGATATTTAAAGACATTCATAATATTGCTTTATGTTATTTCGCTTCTTATTTTATCCTTACTTCAAAGAAAAAACGACTACCAATCATTGGCAGTCGTTTTTTGTGTCTGGAGTTAACCATGAACAAATATGAAGTACAAAATGAATAGTACCATTAATACATACATTATCGGATGTACTTCTTTATGTTTTTTAGAGATAAGCATTGTAATTGGATAGAAAATAAATCCACACGCAATACCAGTTGCAATTGAATATGATAAAGGCATCATAATGATTGTAATGAATGCTGGCACTGCAACTTCAAAACTTTTCCAGTTTATTTCAGCAAAGTTTGCAGCCATTAATACACCTACCACCACTAAAGCTGGTGTCGTAACTGCACTTGTTACAACAGCGATTAACGGACTAAAGAATAGCGCTAATAGGAAACAACAACCTGTTACGATACTAGCAAATCCTGTTCTAGCACCTACAGCAACACCTGAAGTTGATTCGATATAAGAAGTTGTTGTAGTTGTTCCAAAAACTGATCCTACAATCGTAGCTAAAGAATCTGAGAACAATGCTCTACCAGCTCTTGGTAATTTATTATCTTTCATAATACCTGCTTGAGTAGCAACGGCTACTAATGTACCAGCTGTATCAAAGAAATCAATAAATAAGAACGTTAAAATAACAATTAAGAACTGTATCGTTAATAATTGACTTGGGTCTTTAAACGCTTCAAATGCAGCGCCGAACGTTGTTTCAATACTTGGAATCTTACCTACAATACCAGATGGCATTTGAATCAATCCAGTGAACATACCAACGATTGCTGTGATGATCATACCGATAAAGATAGAACCTGGCAATTTAATTGCATATAAAATAACTGTAATAACGATACCGAATATCGCTAAAAGTACTGGTGGATCAGTTAAATGTCCCAATGTTACTAATGTAGATTCATTTTTAACTATAATACCCGAACTTTGTAAACCTACAAATGTAATGAATAACCCTATACCTGCTGAAACAGCCATCTTCATTTGATAAGGAATTGCATTAATAATAACTTCCCTAAACCCTGTGACAGTTAATATCGCAAAGAATATACCTGAGAATAAAACACCTGTTAAACCAACTTGCCAAGGAATACCCATGGTTAACACAACAGTAAATGCAAAGAATGCATTTAATCCCATACCTGGTGCTAACGCAATTGGATATTTAGCTATTAGCCCCATGAATAGCGAGCCTACAAATGCTGCTAATGCAGTCGCTACAAAAATGGCACCTTGGTCCATTTTCATATCTTCTGATACGCCTTTAACACCTGCTAAACTTAAAACTTGCGGGTTAACTGCTAAAATATAGGCCATAGATAAGAAAGTTGTGATACCGCCTAATATTTCTCTTTTAAAGTTTGTTCCATATTTATCGAACTGGAAATAGTTTTTCACGAATGGATGCTCCTTTTTTTAAAATACCTTAATAGTTTAATATCATTCTTAATAAAAAACAATACCAAAAGCGAACTTTTCGATTTTATGATTCAACTTTGTTCGATTTTATCTATAAATTCAAGTTTTTTAATGCATCTTTAAACGGATTATTGTCTAAACCTTCATTTTTATTCATATACTTTTTCATTTCTTTACGAGATACTTTACCAGAGGATTTAGACTTCATACGCTGATCCATATGTGCTTGCGTTTCAGAATGTCCACAAACACAACGATATACCGCTTCTTTTCCTTTACCAAACAACGTTAATTTCTTTTTACAGTTTGGACATCTTGCATTTGTTTTGCGCTGTACATTCTTTTTCGTCTTACAAGATGGATCTTGGCACACAAGCATCTGACCATTTTTAGTTTTAACTTTAATCATGAATTTACCACACGTTGGGCATTCAGTGGTTGTTAAATTATCGTGTTTATATTTACGATCACTATTTTTTATCCCATTTACAACATCTTTCGTAAAATCTTTCATTTCATTAATGAATGTTTTCGCCTGATATTTACCACGTTCAATTAAAAGTAATTTTTCTTCCCATTGTGCAGTTAAAAGTGGCGACGTTAATTCTTCTGGTGCTAATTCTAATATTTGTTTACCTTTTGACGTCACTTTAATTTTACCGTCTCTTGATTCAATGGCATTCATATTAAATAATTTATCGATAATGTCGGCCCTTGTTGCAACTGTGCCGATACCACCTGTTTGTTTTAATGTTTGCGCATATTTTTTATCCTTCAATTGAATAAAGTTCTGAGGGTTCTCCATCGCTTTTAATAACGAACCTTCATTAAAATATTCTGGAGGTGTTGTTTCATGTTCTCTAATGTTTGTTTTTGAAATCTTCACTTCATCGCCTTCTGAAAAAGGCTGTTGCATCTCTGTAATAGATTCACCTTGTCTAATAGATTTAAAGCCTAATACAGTTGTTACATTCTCTTTCAAAACAAATGTGTGCCCTGCAACCTCTAAAGTAACAGTTATCGCGTCATACTCGTGCGGAGACATTAAAGCTTCTAAAAAACGCTCGACAATCATATCGTATAACTTTAATTCTCTATTACTTAAGTCTGACATGACAGGTCTCACTTCTGTAGGAATAATTGCATGGTGATCAGATACTTTTTGATTATTAAATATCGACATTTTTGATGAAAATGTTTTAGACATTAATGGGCGCGCTTGGTCTTTATATGTTGTTGCCATCGTCGCCTGAATACGTTCTTTCATAGTATCTACCATATCAGTTGTTAAATAGTTTGAATCTGTTCTTGGATAGGTTACGACTTTATGTCTCTCATATAAACTTTGAAGTGTATTCAATGTTTCTTTAGGTCCAATTTTATAACGTCTATACATATCTTGTTGTAAATCTGTTAAATTGTACAGTGATTGCGGATACGACTTCTTATGTTTAGTAGCAACAGATTTAATCTTACCATCGACATTTTTCAAATTATTAACTATCTGTTCTAAAGTTTCTTTATTGGTATATCGCTGATTTGATTCTAGCTGAAAATCAAACCCTTTTACCGTTAATGATAATGTATAGTATTGTTGTGGTTTGAACTGATTAATCTCTTGTTGTCGTGTATTTACTAATTGAATCGTTGGTGTCTGAACACGTCCCAGGGATAGCTGTGCATCATACTTTGTTGTTAGTG
CP129555.1_gap8	467149	471256	4107	AGCTGGTTACACAGTGAACAATACACCAAAAGCTGGTGCAATTATGCAAACAACTCAAGGTGCATACGGTCACGTTGCATACGTTGAAAGTGTTAACAGCAATGGTTCAGTAAGAGTTTCAGAAATGAACTATGGTTATGGCCCAGGTGTTGTAACTTCACGTACAATCTCAGCTAGCCAAGCTGCTGGTTATAACTTCATTCACTAATTTGTGATGAAAGTGAATTAAGCCAACAAGGTTTCAAGAGCCTTGTTGGCTTTTTTAATTTCTAGACATCAAAAAATCGGATTGGTAAAAATCTCAAAACTTCGATTTCCACCAATCCGATTCACTCTGTAATAAAGAATAAACAACATACAGCCATTGACACACCCAAATTTAGGCGCGTCAAATCGGCTATACATTGATAAATTTTTAGTTAAAGTACTTACAAATATACTTGCCTTCAAATTCTCAATTAATTTAGTCATTACATGCCATGACATAAAGCTTACATTACATATATTAACATGTTCCGCTACAAAACATATTCAGTATATGTATAGAGGATATTTATTCTAAGTTAAAACCTTTTCAAATTATAACCGCTACAATTATAAATGATTAAAGTGTTTCAACATATTATATATATTCCACGCTCACATTAAGTTAAACGTGAATTCGATGACTTTTTAATACCTATTCCTGTAAAACCATAGATAATTGCTATAATTGCGCATAAATAACATGGTACTGTCCATATGAAAAATTCTCCAACAGAGACATGAAGTTGATTCGTATAGTAAATACCTGATGTTCCCCATGGTATTAAAGGTAAAACCATCGTACTTGAGTCTTCAAGTGTTCTTGATAAAACGGAACGAGAGACTTGGTATTTTTCGAACAAATCTTTCATTAACACACCGACCATAATAATTACAATCGAAGCAACACCTGCAGCGAATACAAGCGCAATACAACAAATAACGGTAATACATATTAAACTTCCTACAGAATGGATGCCTTTAGAAATAGTAGTTAATAAGACTTCTAAACATCCTGCTTTTTCTACAATACCTGCAAATGCATATCCGCAAAATATCGTTACTAATATTTGGGTCATACTCATCATACCACCCTGTTCTAACAAGCTTTTCACACTGAATGAAATATGAGACTGATGTATCATTGAGTCGTTAAAACCACTAAATGTTGCTTTGAAACCATCTGTCATTTTGAAATGATGATTAAAAGTCCCCACTATAATGGCAGAAAAGCTTGATATTAGCATAGCTGGCACTGTAGCCATTTTAAATAGCAAACAAACAATGATCACAATTAAGGGAACCCAGACCCATATGTTAATTTGATAAATCTGTGCAAGCTCTGATAACAATGTTTGAATCTGCTTATCATTTGAATGCCCTTTAAATTGAAATCCAACAATAAACCATACTAATAAACCGATGATTGACGCAGGTATTGTTGTCCACATCATTGAATGAATGTGTTTAAATATATTCACTTTAGTGACAAGCGCCGCTAAATTAGTTGTATCTGATAAAGGTGACATTTTATCGCCAAATACAGCGCCTGCTATAATAGCACCCGCAGCCATTCCTGGTGAGATACTTAATTGATTACCGATAGAAATAAGTGCAATCCCTGCAGTTGATGCAGAGCCCCATGCTGTACCAGTTGCTACAGATGTAACAGCACTTATAAAAAAGGCTGATATTAAAAAATAGCTTGGATTCAATAAATCTAAGCCATAATAAATCAAGGCTGGCACTGTGCCAGAAAACATCCAACTGCCTACTATAATTCCTACCGCTAGTATAATTAAAATTGCAGGCATTGCAGTATTTAAACGTTCTGCAATGCCTGTTTCTAAATCTTGCCATGTTAAGCCTACACGTTTTGCAATCCATGCGGCATATGCTGAGGCAATAATTAATAATACTTGAATTGGAATATCAAAAAACACAAAGCCTGTTACAACAACAATAACCATTACAATCATTGTCGAAATTGATTCTAAAAAGGTTGGTTTTCTTGTCATCATCTATCGTCCCCTTCGCTTATTGATGAGAAACCTCTTTTCTTCAATTTATTGCTTTTGCATAATGCTATATCCTTTTCTATCTTCAAGCCATCATTTATTTTAAATATTTTTCTAAATCAAGCTTATCTAAGCCAATGGATTCAACTGTTAAGCCTTCCTCAAAGAAGTCTCTCTCTAAAATGGTTGATGCAATGACAATTACTGCATCTATATTTGGTGTCGGTACATCAATAACACGACCTAAGCTTGACCATAATACTAAACCATATGCAATATCCTCAGTTAAATATCTGCTTTCTACATGATTTGGTCCTGGAATTTGTGAAAATACTGGGCTTGTATTAAACAAACGATTTAATGGTTCATCTTCTTTATCACGTTCTAAATAACCACGTTCAATACGTGATTCTTTAGCTGTTGATAATTCAAAACCTAATCTACGGCCTAAATTTAAACGTTCTAATTCGATTGCATGAAGTAATCTAACTGTATGTTTAGTAATTCCTTCTTTATATAAAGCGAACTCACCAGCATAATCAATACGACCGACATTCAATAATGTTGGCCCTGGATGCACTTCAGGATTACCATTTTCAAGATTTGTTTTAATTAAGCTTTCCTCTTTTACTAAATGATCATAAATACTTGAAACTTTGTCATAACAATCATTTAGACAGCTTCTATCATATGTTGAAAAGAAGATACGACGTACATTTAGAGATAAATCAACTGCTGCATTTTCAAAATCGACACGCGTACCATACGTCAACGTATTAGCTTCTGCTAATTGTGGTTTTGTTTCAATATGTCTATCTTCTAAAACATTCATAAAACGAATTGACCCCATTGCTGCAGCCATGTTGAAGAATATCAACTGATTATCAGTTACATGCTCTGCCATTACATCAGCATAATATTCTATGTATGAAGATGGAATAATCACTTGAACAATTTCAGCATCTTTTAAAACATATTCCATATCATCACTAATATCAGTGAATTTTACGAAACGTTCATCACCTTCATTATTAAAATCAAATCCGCCCTTTTCGATTGCGTTTTGAAACTTACTTATAGATTGATTACGACAATATAATTTAACATCGTGGCCTTTGCTCACCATATCTACTGCTGCCGTAACTGCGCCATTTCCTGATCCTACAATTGCTATTTTCATAAACAACCCTCTTTCTATCTTTGGTTAAAATTAAAAACAAATTATACGTAAGACAATATAAAAATGATGCGAATTCATTACGCATCATTATAAATGTTAAGTATATATAACCTTAAATTAACCTATTTAAACGCCGACGTCCACCAATTATTTTTATTTTTAATAATTGTTTAATAAACATGTTTATTTTTGATTATATTTTGTTATAGTTAAAGATAATATTACAATTTTCAAAGGAGTGTCTAATATGACAACTGAAATGAACGACGTAACAAATCATCAACCGAATCGCAAATCCAATGATGAGAACATTATGGCGATGCTTATCTATTTATTAAGTTTATTCACATCTATTATTGGTCCACTGATTATATGGTTATTGAAAAAAGATGAATCGAAACTAGTTGATCGTGCTGGAAAAAATTATCTTAACTATACGATTTCTTATATTATTTGGTCTATCGTTTTAGTCGTTATCACTTTTATAGGCGTTTTCCTAATTGCTACCGATATTGATTTCATTATCATTATAGGTTTCATCATTACGTTTATCGGTATTTTATCCATATTCGCTTTCTCAATTTTATCTTTTGTATTCACAATTATTGCGTGTGTCAAATATTATAATGGCCAAGAATATGTAATACCTTTAACAATTCGATTTATTTAAACATATTACAAATAAATATTTCCTATTAATTATCTGTTAATCTCACTGTAACTTTGACTAATTTTTATTACAAAATTAGTCAAAGTTTTTTTATTCTTTTACAAATCAATAACATTCCCCACAAGAAGCATTAATTTTGTTAAAGTAACTATTGTCATCAATTCGAGATGTGAGAATAAAACAGTCGCTACGTTTTATTTATAAAAAAAGATATA
CP129555.1_gap9	506944	508777	1833	CAATTAAAGTATAACGTACTACAAATTTTGAATTCAATTCATAATTAAAAAGTACTTATCTATATACCTTTTACCCCTATTTTCTATTCACTAACGAACACGAAAGCGATTTATGTTAATAAAATACGTCAAGACTATTACATTTTCATTAATATTAGCACAGACAATTTAACTCACGGCTTGTAATATGTATAATTGTTACAAAATGATATTTTGCTTGTTACCTAATGGAGGTTACATATAATGAAAAACAATAAAATTTCTGGTTTTCAATGGGCAATGACGATCTTCGTCTTTTTCGTTATTACAATGGCGTTATCCATTATGCTTAGAGATTTCCAGTCTGTCATTGGTGTCAAACACTTTATATTTGAAGTTACAGATCTAGCACCATTAATTGCTGCAATCATTTGTATACTCGTTTTCAAATATAAAAAGATCCAACTTGCAGGTTTAAAATTCTCAATCAGCCTGAAAGTAATTGAACGTCTACTGCTAGCTTTAATTTTACCTTTAATTATTCTAATTATTGGTATGTACAGCTTTAATACATTTGCAGATAGCTTTATTTTATTACAATCAACAGGCTTATCAGTACCTATTACACATATTCTGATTGGACATATTCTAATGGCGTTCGTAGTAGAATTCGGATTCCGTTCATACTTACAAAATATTGTTGAAACGAAAATGAATACGTTCTTTGCAAGCATAGTTGTTGGTTTAATGTACTCTGTATTTTCAGCAAATACAACTTACGATACAGAATTTGCAGCTTATAATTTCCTTTACACATTCTCATTCTCAATGATTCTAGGTGAGTTAATTAGAGCTACAAAAGGACGTACGATCTACATCGCAACAACATTTCATGCTTCAATGACATTTGGCCTTATTTTCTTATTTAGCGAAGAAATCGGTGATTTATTTTCAATTAAGGTCATTGCTATTTCAACAGCAATTGTAGCGGTTGGCTATATTGGTTTAAGCTTAATTATTCGAGGTATTGCTTATTTAACAACTAGACGAAACCTTGAAGAACTTGAGCCTAATAATTATTTAGACCATGTCAATGACGATGAAGAAACTAATCATACTGAGGCTGAAAAATCTTCTTCAAATATTAAAGATGCTGAAAAAACAGGTGTAGCTACTGCATCAACGGTCGGTATTGCTAAAAATGATACTGAAAATACTGTGGCTGACGAACCAAGCATTCATGAAGGTACTGAAAAAACAGAATCTCAACATCACATAGATAATCAAACTGAATCTAATCATGATGAAGATCATGACATCACTTCGAAGTCAGTAGAATCAGCAGAATCAGTTAAACATGCACCACAAAGTGACGATTTAACAAACGATTCAAATGAAGATGAAACAGAGCAATCATTAAAAGAACCTGCGACCTATAAAGAAGACAGACGTTCATCAGTTGTAATCGATGCAGAAAAACATATCGAAAAAACTGAAGAACAATCTTCAGATAAAAACAAATAATAACAAAGCGCTTGCTAGTACCTCTTAAAAAGATGATGCTAGCAAGCGCTTTTCTATACTATATATTATTTTTCTAAAATTTTAACGCCCTCTTGAGTACCTACAATAACTTGATCTGCCATATCTAAGAAGTAGCCTGTCTCAAACACACCTGTCAGATGAATTAAATACTCATGGAACTTATATGGGTCAATTCCTTTTGGTAACTTACAATCTAAAATATAATTGCCATTATCAGTTATAAATGCGACATCTTCGTTTACACGGCGTTCTACTTTTATATCAGCGTATGATTCAATTTTACGTAATATGTGATACCAGTTAAATTTA
CP129555.1_gap10	526683	531473	4790	TATAACTGCTGTAGCTATAATAATAATTATGTAAGGTATAGGATTATCTTCACCTTTTACCCCCACTAATGGCGATGCAATACCACCAAATAAAAACTGCACTAAACCTAATAAACTTGATGAACTCCCTCTACCACTACTACTTTCATCCATAGCTATTGTAAAACCAAGTGTCGCAACACCTGTCACTGGTGCTATTAAAATGATAAATCCTATCGCTAAAATCCAAAAGTTCCAATGATTAAGCAATACAATCGTCACTAAAATTACACCGATAATCTGAATCATCGTCATGCCTCTCATCAATTTTTGTGAGTCTATAAAATCAACAAGGTACCCAGTAAGTTGACTTGATATAATGAGCGTAATACCAATTCCTGCAAACATCCAACTAAATTGTATTGCAGTCATGCCATAAATTTTTTGAATAATAAACGGAGACGCAGAAATATAAGTAAATAATATTACAAATGTCATACCTTGAATGAGCATTGGTAATACAAAACGTGGCGTCTTCAATAATATTTTGAAGTTTTTAAACATTGTCTTTAATCCACTACTTGACTCACGATTTGTCACTGTTAATGATTCAGGTACTTTTAATAAAGAACCTATGACCATGACGAAGCCAAAGATAGTCAGAATGACAAAGACCATACGCCAGACAGAATAATTTAAAATTATGCCCCCTATTGTTGGCGCAACAACTGGTGCAATACCATTAACAAGCATCAATAATGCCATAAACTTAGTTAGTTCATTACCACTATACATATCACTTGCTATAGCTCTTGAAATAACTGCTGCTGCTCCACCTGTCACTCCTTGAAGAAATCTTAATGCAACCATCAGCCAAATATTATGTACAAAAACAATACCTAAACTTGCTAATGTAAAAATAATCATAGCTATAATAAGCGGCTTTCTGCGCCCAGTTGAATCTGAAATTGGACCAGCAAACAAATTACCGAACGCTAAACCAATCATAAACATCGATAATGTTAATTGTGCGTTAGACGTCGTTGTTTGAAAATCATGTCTAATATCTGGTAATCCAGGCAAAAACATATCTATTGATAATGCTCCAATGGCAGTCAAAGATCCTAAAATAATAATAAATATCGGTGAACGCTTGTTAAAATGCGTTAAATCATTCATATGACTATCTCCTTTATATTATGATTAGTTTATAACTATCACGAACAGAAACTAATTTTAAATATGCTCTTTTATATATTAGCATTACTCACAAGTTTCATGAACATCATTACAACTTATAAAAGGTATAAAATGATATAAACCTCAGCACTCCATAATTTTTTCACAAAAAACAATCCCTTCAAAGTAATTCACACTAATTGTAAATACTTTGAAAGGATGTTGTTTGTATTCCATGACACATGCATCTTATTTAAGTTTTATACTCTATTTTTCTGATGTCTTGATTAATTGCAAGCGGTCTTGCGGACCTTGTTCAAGCTCATATTCTTTATCTACTTGCTTACCGTTTTCATTTACTAATCTTACGGTTGCAGTAATCTTATCACCATGTTTTTCGGCATCTATAATTTGTGGTGAACTAATCATCATTAAACTTCCTTTAGATACACGCTTCTTTACATCATCATAAAAAGATGATCCTTTTTTTATATATGACGATACAAAATCAAAATCCGACTGATTAAACGCAGCATTATTCGCTAAAGAATATCCAGCAAAGAATTCTATCAATTTGTTCTTCAAGCTGTTTTCTTCTTTTTCTTTCTTTTCAACATAGTCTTCGATATCTTCACTGTCAAAATTCAAAGTTATCTCTGTATTGTATTTTAAATCGCTGGCTTTAATCGTCTTCGTCTGTGTTGTAAATGTTTTACCTTTCGCTTTACCTGAAGCTGAAATGGTAATATCTTTATTTTGTGGATATGGACCATACGTTTTGGAACTTGAAAATGCCATTTCACGGTCATTTATAGTTACTTTTTTAGAACTATCATTTAATTTTGTATCGCCTTTTAAAGTTACAGTTATATTTGCTTCTTCAAAATCTTCAGTAACATCTACCGTTTCAGAATTACTTTGTCTAAAATCAAATTTTAAATGGCCTGCAAAATCACCGTTCTCAGTTGATTTCATAGCTGGAATTCTATATGTCCCCGGTATAAAATTACCTATTGGCGTCACTTTATTTGCTTCAGCTATAACCATCTTTTTCTTACCACCAGATTTAAACTCATATTTTGTTTTTTCTTTCGGTTTAACAATTGGTTGCTTGGTAGGTGCAGTAAAGCTCATATTATCGAAAAAGATATAACGCGTGCCATTTTTACTTACACGTAATATATTTTGACCAGATCTGGTTTGAATATAAGAAGCTACACTGGTCTTACTCTTATTCAATTTATGTACCGTATTTTTAAGGTCGCTGACAAATTGCTTAAGCCCAACTTCATCTTTGATATAGTTAATGTATACTTTCGCTTCTTCAGAATCTACTTTATTATCTTTAGTACTTAATAATGTTGCTACTTTTTGTTTATCATTATTCTCAATCGCATTCACTAATATTTTAGTTTGCGCTTCAGGTGAATTGAAGTTTCTTAGTAAAAAGAACAATATAATAATTAAGATTAAAATGAAAAAACCAATTGCCCAAGGCACCATTTTTCTCATCTTGATGTTATTAGTTTGTATATCTTCATCGGTTGACTTTCTATATAATGCTTGACGACTATCAAATTTATGTCCACATTGTGTACATATCTGTACATCATCTTGTGCTTGTTGTCCGCACTTCGGGCAAGATTTCATACTTTCACCTCAATTCTGTTCCTCTTCAATTGTTATATGTATATCATAAAAATTATTTTATTATTTTACCATTATTATTTTACAAATATTATCCCAAGAATACAATTCAAGAAATGATTAACTTTACTTTAGAATTGTACCTTATTACATTATTTATGAAAGTACTCTCTCAATTATAACTAAAAAGAAGGTGTTCAATACATACATATTTAGTCTTATATTTGAACACCTTCAAAAACCTATTTATGATTGCTATATGTTTTAATGCGATGATTGATGACTTCTAATACTTGCCTTACATTTTCAATATCTTCAGAATTTAAATCATTAGTAATATCTTGCGCAATATCTGTCATAATCGCATTACGTTCTTTCAAATATGCTCTACCTTTGTCAGTTAAGGTTATGAATTTCAAACGTTGATCAATATTTAAATTTGGTTTATCTAACTTAACTAATTTAGCATCGATTAACTTTTTAATTCGTCGGCTTACTGCGGCCTTATTTACACCTTGTCTTTGCGTGATTTCACTAATTGTCAAAGGTTCTTTATTTAACATACCTAATACGTTAGACTGCTCTAATGAAATTTCATATTCATTTTGTAAATCTTTCAACATTTTTGCAGTTAATGCGTTAACGTTATTTATAAACTGCTCTAAAAATTGAATATGGTCTTGTAAATGTTTTACCATAATTATTTCTCCCTAATTACTATTTTTATAAAGTATCCTCAGCAATCATTGTATCGCACATCTAAAAAACACAAAAATATTGACCCATATAAAATATAACAAATTAAGACTTACATGTTGCTACGTTCTCCTTGCTTTAATAAATTAAATCATCTACATTTATACTTAATATTTATTATAAGCGAGGTGTCAGTATGTTATTGAATTTATTATTAATATTTATACTTATCGTTATTTGTCCGTTAATTCTCAACTATACTCTGACGTTAAATTTAACATGCTACATCTTAGTTGTCATATCGATATTTTTGTCACTCATCTATAGCATCATGACCTATACTTTCCCTTGGTCTATGTTTGTTACATTTATAATAATCAGTATTATCATGCTATTCAAACATAGATATTTATTTTCTCATACTTCTAGTCGCTTATTTATTAAAAAATTATTATCTTTTTCATATAAATTTGTACTCTACACATCAGCACTTCTATTTATAAGTACGATTCAGTCACCTATTGTGAAAGGTTTGTCTATGTGGTTAGCTATATTATGTCTTTCCCTGTTACTAACCTTTATTTGTTATCTCGTTTGGACAGTATCATATAGAAATAGATCATACAACAAAGAAGTTGATATCATAATTGTGTTAGGTGCTGGTATTTTTACCGAATTTGTCACACCAATGCTTGCAGCGCGTTTAGACCGTGCACTTGATATATATCAACAACAAGCATCAGCAACAAAGATCATTGTATCTGGCGGACAAGGACCAGACGAACCAATTCCTGAAGCTTTAGCTATGCAACGTTATTTGATTGCACATGGTGTTGATAAAACAGATATACTAATGGAATCTCACTCTATAAATACATACACAAACTTTTTATATTCTAAACAAATCATCAACAATTTGTATCATGAAGCAGTTAAAATTGTTTGTGTAACAAGTCAGTTTCATGTATTACGCGCCTTACGACTAGCCCAAAAATTAGGTTTATCTATCGATGGTGTCGGAAGCCATACACCATATCACTTTTTCTTACATGTGCTCATTAAAGATTATCTAGGCGTAATGTATCAGTATAGATTGTTATTAACGTTATATTGTTCAAGTAGTTGGTTTATATGTCTATACGCTGCTTTTATTTATAATAGTTAACCCACAAATAAACTATTATTATAGGTTGTTTCTAATATTGCGTCAAACTATCTTTAAATATTCGTTAATCCTTGATTAGACAATTGTTATATTGAAAATAAATAAACTAAAGCACGTCATCATT
CP129555.1_gap11	537144	541776	4632	ACTCTTTTCACATATATCTTTAACAGTTATATCATTATATGCCTTCGTTTTTAATAGATTTACCATTCCATCATGTATGCGATTTATCGTTTTCGTTACACGACTATCCGTAAAAGCTGTTTGATCCATATGCCCCACCTTTTTTCTGAACACTAAAAACAAATATGTTCACTATCTATTAATATTTTATTCGCAATCTTAATATACGCTTATGATGATATATAAATAAAGTGAAATGTATCTCAATTTTGGAGGGGTTATCATGGAAGCAACTATCGCGAAGTTGGATAAAGTTGTAAAAACGTATAACAAGCATCACGTATTAAACGAAATTAGTATGTCAATCAATAAAGGTGAACTGCTAGGGTTAATAGGTCCTAGTGGTTCTGGTAAAACAACAACAATAAAGTGTTTACTAGGTATGGAAAAGATAGATTCTGGATCTGCAGAAATTTTCGCTCATAAGATGCCTAATCGCAAAGCTTTAAATCGATTAGGCTATATGGGGCAAACTGATGCATTATACGAAAACTTAACTGCTCATGAAAACCTAGAGTTTTACGGTCGTTTGTCAGGTCTGAAAGGAAATATATTAAAAGATAATATTGAAAAACATATCGTTCTAGTGAATTTAGAGCAAGCGTTAAATAAAAAAGTTGCACAGTTTTCAGGAGGCATGAAACGCCGATTATCTTTAGCAATAACATTGTTGGCCGAACCGGAATTAATCATATTAGATGAACCAACTGTAGGCATTGACCCTAAATTGCGCCAACAAATATGGCAACAGTTCAAGCAAATGACCAAAGACGGAAAGAGTGTCGTCATCACAACACATGTTATGGATGAGGCGGAACGTTGTGATAAAGTTGGACTTATTGTCGACGGAAGAATATTTGCTATAGATACGCCAACCAATTTAAAACAAAGATTTAATGTAGATACAATTGAAGCGGTATTTATTAAAGCTGAGGAGGTTTGTCAATCATGAAAATTTTAGCTATTGTTAGACGAGTATTAAAAGAAATGTTACGTGATAAACGTACACTCGCGCTAATGTTTCTAGCACCAATTTTAATATTGACGCTTATGTATTTTATTTTTAACGGTGATGAAAACGATTTAAAAATCGGTATCGATACATCTGTTTCATCAAATATAACAAAACAATTGCCATCGTCCGACATAAAAACTCAAACGTTCCATTCTCATGAAAATATCAAATCTAAAATCGAGAATAATCATCTTGATGGTTATATTTACCAAGAAAATCAAACATTATATGTCATTTATACAAATGAAGACCCTAACAAATCTAATATGATCAAACAAATGATTGGCAAAGCTATACAACAAGATAAAATAAGCAGTATAAAGCATCTAATTGAAAAAGCACCTCCGACCATGAAAGAACCAAACAAACAAGATATTAAGATTTCACATTCCTATTTATACGGTAATTCTGATAGTACTTATTTCGATAAAATGTTTCCAATACTAATGGGCTTCTTTGTATTTTTATTTGTATTTCTAATATCAGGTATAGCTTTATTACGTGAACGTACAACAGGTACGTTAGAACGTGTATTATCAACTTCAATTCGTCGAAGTGAAATCGTTCTTGGTTATCTGATTGGCTATGGTATATTCGCAATCATTCAAACATTAATCATAGTCCTATTTTCAATATATTTATTGAACATTAATTTAGCAGGTAGCTTATGGTATGTAATTTTGATTAATATTTGTTTAGCTATTACAGCATTATCTATGGGAATTTTCATTTCAACGTTTGCTAATTCTGAGTTTCAAATGATTCAATTTATTCCACTAGTTGCTGTACCTCAGGTATTCTTTTCAGGAATTTTTCCACTTGAAAATATGCCTGATTGGCTAGGAAACATTGGCTATATCTTCCCTCTCAGATATGCTGGTGATGCTTTAACCAATGTTATGATTAAGGGGCAAGGTTGGAGTAATATATGGTTCGATTTACTAATTCTAATGATCTTTATCATAGTCTTTATTATCTTAAATATTGTTGGTTTAAAACGATACAGACAGGTATAAATTCTCCAAAACTTTTAAATGACTTCAATCAAGATAAGCTTCTAAATATAAAGCACTGATAATAAAAAGAACCACTAAAAAACGGTAATGTCTATCACATTTAAAAAGACATTACCGTTTCGTTTATTATTTAACTTGTAAATACTTAGTTACTTCTTCATTAATTTTGTGATATAAATCCTCATGATCTGTTAAGCGATAACCAAATGACGGCACCATTTCTTTAATCTTTGGTTCCCATCCTTTGAATTCATCACGATAGCATCGCTGTAAAACATCAAACATAATATCTACAGCTGTTGACGCACCAGGTGATGCACCAAGTAATGCAGCTAATGTGCCATCATCTGACGTAATGACTTCGGTACCAAATTGTAAGTTACCTTTAGAATCCTCCGTATCCTTGATTACTTGGACACGTTGCCCTGCTGTAATCACTTCCCAATCTTCATTTTTAGCATTTGGGAAAAAGACTCTTAAATCATCCATACGCTCATCATTAGATAACATCAATTGTGACACTAAATACTTCGTAAGACTCATTTCTTTGATACCTGCAGATAACATCGTCACGATATTATTTGGTTTAACCGATTTAATTAAATCCATATGTGAACCTGTTTTTAAAAATTTAGGTGAGAAACCTGCAAATGGACCAAATAACAATGAACGCTTGCCGTCTACAAAACGTGTATCTAAGTGTGGCACTGACATTGGTGGCGCACCCACTGCTGCTTTTCCGTACACTTTAGCATGATGACGATCAATCACTTCTTGATTTGTACAGCGCAGGAATAATCCACTTACCGGGAAACCACCAATATGTTTTGATTGTTTAATTCCAGTCTTTTGGAGTAATGGTAAACTCGCACCGCCAGCACCAATAAATACAAAATCAGATTCATATGTTGTCGTTTCGTTAGTTTCTAAATCTTTAACTTTAACTAGCCATGCTCCAGATTTCTGTTTCTTGATGTCTAATACATTTTGCTTATATTGAATTTCCACACCACGTTGTTCTAAATTATCAAATAACTTTGCAGTTAACGCACCAAAGTTAACATCTGTACCAGTTTCATCATAAGTTAAAGCAATTGGTTCATCAGACTTACGCCCTTCAATCATTAACGGTACCCAAGATTTCATTTCTTCTTCATCTTGCGATAATTTCATTTTTTCGAATAAAACATTTTTCTTTAACGTTGCAACACGACTTTTTATAAAAGCTACGTTATCTTCGCCAATGACAAAACTCATGTGTGGCACCGCTTGAATAAAGCGATCTGGGTTATCTAATTGTCCTGTTTTAACTAAATATGCCCAAAACTGCTTTGAAATTTGGTACTGCTCATTTATCTTAATTGCTTTACTACAATCAACTGTGCCATCCTTACCTTCTTTTGTATAGTTCAACTCGCAAAGTGCTGAATGCCCTGTACCGGCATTATTCCATACATTTGAACTCTCTTCGCCAGGTTGTGCTAATTTTTCAAACACTTTAATATTTTTCTCAGGTGATAATTCTTTAAGTAATGTTCCTAATGTTGCACTCATAATACCGCCACCAATTAAGATGACATCTGTTTTGCTATGTTGTGTTGTCATAACAAATACAGTCCCCCTTTTTAAAATGAATAATGGAACGTTCGAGAAATACGACATATTAATACCACTTTGAATCAATAAGTGTCTCAACAGGTTCTCATGGTGATGCTCTATTACTATCTACTATGTATATTAATATTTTATAATAACGAAACTACTTTAATTATATACTTTATGTGCGATAGCACAAAGACAAAACCACAAACCTTAACACCTATCAACCAATTTAATTTGATTGCTGATTACTCACTCTTCATTTTAACATAAAGCGCTACCATTATTATAATGTCAAACTTCTTTCATCAATGATCCATTAAAAAAAGATGAGATGTTAGAAAACATCTCACCCTCTGTATATTTATATTTTGAAATACGTTTATTTATAATAATGACAAGATGAAAGTCCAAATACAGATGAATATTAGTAAACATACACTGTATTTCAATGTCATTTTTAATAATTCTGATTCCTTACCAACTTGTTTTACTGCTGCAGTTGCAATTGCAATAGATTGTGGTGAAATCAATTTTGCCGCTACACCACCAACTGTATTAGCAGATACAAGAAGTGAACCACTTGTTCCAATTTGTTGTGCAACAGAAGCTTGAATTGGTGCAAATAATGAGTTGTTATTTACAACTGATCCTGTCATAAACACACCTATCCAACCTAAGATTGGTGATAGAACTGGGAAGACATTACCTGCTTTAGCAATACCTTGACCCATTGCCGCACTTAAACCACCATAAGTTGTGATTTTAGAAATTGCTAAGATGAAACAAATTGTAAGAACTGGTAACCATAATTCTTTAAATGTAACACCGAATAATCTACCTGCATCTTTAAAGTTAACCTTTTTAGACATTAAAATTGTAATAATAATAGTTAATAAAATAGCTGTACCTGTTTGTCCAATAATATTTAAAGTCAATACTAATGGTTTATGCGTAACTTCG
CP129555.1_gap12	548718	549493	775	ATTTGCACCATCACTAAATGCACTTGCAATTAGATGTGATTTTGCATCATGATAAACAATATCTCCACACGCATAGATACCAGGTATACTAGTTGTCGTATTACCAAATCCTTTAACACGACAATCATCATGCATATCTAGCTTTGAAGATGTTTCACTCAATAATGTATTACAACGATCAAAACCATGACTAATAATGACATCGTCAAATTTAACTGCATGCGTATCACCACTTTCAACATGTTCCAAAACAACTTCACTTATATGCGTTTCATCATCATTGCCGACCAAGTATTTAATACGTGTTTTCGGGCATAGTTTCACATTTAAATCTGTCACCAGCGTTTTCATCGCTTCATGACCACTTACATCTTCTTTTCGATAAACAACTGTCACGCTTTTAGCAATCTTAGCAATATCATGCGCCCAATCTAATGCTGTATTTCCTCCACCTGATATTAATACATCTTTATCTTTGAAACGTCTGTAACTTTGTACAACATAATGTAAATTAGTTAATTGATATCTCTCTACACCTTTAACATCTAATTGTTTTGGATTAATAATACCTGCACCAATAGCAATGATAACTGCTTTCGATGTATATATTTCTCCCGCTTCTGTTTCAACTTCGAAATGACGTTCTGATTTTTTCCTAATATCTACCACACGTTCATTCAAATGAACTTCCGGTTTAAAATATAATCCTTGCTTAATTGTATCTTTTAAAATTTCATGACAAGGTTTTGGCGCAATGCCGCCAATATCCCAAATA
CP129555.1_gap13	574986	578675	3689	TCTCTATTACCAAATACCATTGGCGGCAATGTCGGTTTATATACTGGTAAGCTTTCACCAAACTGTTGGAAAACTTCATGATCAACATAATAACTTTGACGACCTGTTAGCGTTCTAAAAGGTACTAAACGTTCTACATTCGTTGTAAATGGTGAGTAACGTCGGCCTTGTTTATTAGATCCCGGGAATACTGCTGTTGGTATAACTTCACGTGGTTGTGATGTTATATTCAAGAACGAAATTTTTTCAGCAGCACGCTCACTAGAAATATCTTTCAACGGCATACCAGTTTGTTCTTCAAGATCCTCATATGATTTCTGTGATAACTTTCCATTCGTAGCTGATGAAATATTTAGTATGGCATCAGCGACATTACGTGCTGTATCAATACGTGGACGATTCGCTCTTACAGAATCATCATTTGTATCACTCCACGTGCCTAACATACTTTTTAGTTCTTCGTACTGCTCACTGACACCGAAACTTACACCATGTGCTCCAACTTTCCCTTTTTCAAGTACAGGACCAAGTGTGACATATTTGTCGTAAATTTTAGTGTAGTCGCGTTCTACAATTGCAAAGTTAGGCATTGTACGTCCAGGCACCGCTTCAATTTCACCCTTCGACCAATCTTTCACTACGCCATATGGTGTAGATATTTCTTGTTTTGTATCATGACTAAGTGGTGTTGTCACAACATCTTTAAACGTTCCAGGTAAATAGTCTTTTGCCATTTCTGAAAATGCTTTTGCCAATGTTTTATAAATATCCCAGTCTGAACGTGATTCCCATAATGGATCAATAGCAGGATTGAAAGGATGTACATATGGATGCATATCCGTTGATGATAAATCATGTTTTTCATACCAAGTCGCTGCTGGCAAAACAATGTCAGAATATAACGGTGTTGCCGTCATTCTGAAGTCTAAAGAGACCACTAAATCTAACTTACCTGTTGTTTCTTCACGCCACGTAATTTCTTCTGGCTTTTCATCTTCATTTGGTGTAGCTAATAATCCTGATTTTGTGCCAAGTAAATGCTTCATAAAGTATTCTTGACCTTTTGCAGAACTTGAAATTAAGTTTGAACGCCATATAAATAATGATTTTGGATGATTCTTTTTCAAATCAGGATCTTCAATTGCAAATTGTGTTTGTTTTGATTTCACTTCATCAATTGCACGTTGCAAAATCGCTTCATTAGAATCTATACCTTCATCTTTAGCTTCTTCTGCAAACAACAAGCTATTTTTATTAAATTGTGGATATGATGGTAACCAACCAAGTCTAGCTGCTAACACATTATAATCAGCTGGATGTTGATGCTTTAACTCCTCTGTTTTAGCTAATGGAGATTTTAAACGATCTACATTTGACTCTTCATATTTCCATTGGTCTGTCGCAAAATAGAACCAACTTGTTCCGTTTTGCAAACGTGGTGGTCCTTGCCAGTCTTTCGCAAATGCGACAGTACTCCATCCTTCAATCGGGCGACATTTTTCTTGTCCCACATAGTGAGCCCAACCGCCACCATTCACACCTTGACAGCCACATAACATAACTAAGTTTAAGATTGAACGATAAATCGTATCTGAGTTAAACCAATGGTTAATACCCGCACCCATGATAATCATTGAACGCCCTTCAGTATCGATAGCGTTTTGCGCAAATTCTTTAGCTACTTGAATGACAACACTTTGTTTTACGCCTGAAATGGCTTCTTGCCAAGCAGGTGTATATTTTGATTCTGCATCGTCGTATCCATTTGATTCCAATTTATGATCAAAACGACGCACGCCATATTGACTTGCCATTAAGTCAAAAATTGTAGCAATACGGACTTTGTCACCATTTGCTAAAGTGACTTGTCGAGTTGGAATTGGGCGATTGAATATCCCATCTCCATCACTATCAAAGTATGGGAATTGAATTGTTTCTAATTCATACCCACCTTCTGTCATTGATAATGTAGGGTTAATTTTAGAACCATCTTCTGTTTCTAGTTTTAAGTTCCATTTCTTACCTTCTTCCCAACGTTGACCCATTGTGCCATTAGGTACCACTAAACTGTCACTGATTGTGTCGTGGATTACCGGTTTCCATTCACTTTGCTCTGTCGTTTGTCCTAAGTCACTTGCTCTTAAAAATCGACCTGCTTTATATCCATTTTCATCTTCATCTAACATGATGATAAATGGCATGTCTGTATATTGTTTCGCATAATTAATAAAGCGTTCATTCGGTTGATTAACATAATGCTCTTGTAAAATAACATGTGTCATTGCTTGAGCAATTGCAGCATCTGAACCAGGATTCGGTGCTAACCAGTTATCAGCAAACTTCACATTTTCTGCATAATCAGGTGCTACTGAAATAACTTTTGTTCCTTTGTAGCGAACTTCTGTCATAAAATGTGCGTCTGGCGTACGCGTTAGTGGTACATTAGACCCCCACATAATAATGTATGATGCGTTATACCAGTCACTTGATTCAGGTACGTCTGTTTGTTCTCCCCAAATTTGTGGAGAGGCCGGTGGTAAATCTGCATACCAGTCATAAAAACTAAGCATTTCACCACCAAGTAAATTGATGAATCGAGCACCTGCTGCATAGCTAATCATAGACATCGCTGGAATCGGTGTGAATCCGGCAATTCTGTCAGGACCATATTTTTTAATTGTATATAGTAATTGTGCTGCGATAATATCCGTAACATCTTTCCAATTTGAACGCACATGTCCACCCATACCACGGGCTTGCTTATACTGTTTGGCTTTGTCTTCATTTTCAACAATAGAAGCCCATGCAGCCACACGATTGCCATTGTTTTCTTCTAATGCTTCAGTCCATAAATCCCAAAGTTTCCCACGAATATATGGATATTTAATTCGAAGTGGGCTGTATTCATACCAAGAGAATGATGCACCACGAGGACAGCCTCTCGGTTCATATTCAGGCATATCCGGACCACAACTTGGATAGTCAGTTTGTTGATTTTCCCAGGTAATCACACCATTTTTCACAAAGACTTTCCAAGAACATGATCCAGTACAGTTAACACCATGTGTTGTTCTTACTTCTTTATCATGACTCCAACGTTCTCTGTACATTTTTTCCCATTCTCTACTTTTACTTTCTAGGATCGACCAATTCCCATTAAATTTTTCTGTTGGCTTAAAGAAATTCAATCCAAATTTTCCCATATTTATATCCTCCTACGTATAAAAATACGATGTGTAGATGTCGTGTTTTTAAATACTAAAAATGCCCAAGACTATTGCTTTAATTAGATTGTACATTTTTTCACAAATATAAAATATTAGGGAATTACCTAATTACTTAAGGAATTTCCCTATCAATAACGGGATTTCATTGAAATAATACACAATCATGTGTGGTCATGCTTATTGCCAATCTAAATCGTTCAAATTTGGCACAACGACAAATAAGGCTTCAACACGAATATATTCTCTCGGTTGAAACCTTACTTATTCATTTATTTTTATAAATTAGTGACATAACACTGTATTAGTATCTGCACGATCGGTTGAAATATATGTTACATTTTCTTGCTGCTTAATAAACGTATCATAGTAATCATATTGCGACGAATGATATGTACCATTCGATGTATCATTTGGGTTTAGCAAACAGCCATAACCTTCGTCATATAAATGTTCACAGAGCAT
CP129555.1_gap14	585811	587686	1875	ATCACCGCCTGAAACAGCATTAAAGCGAAACACTTTGGTACTAGCGTCTTTTGGATGAAACCATTTTTCAAATAATGCCTTTGTCGTATAGGCATCAAACACCTTTTCAATCGGTGCTTCTATCGTTCTTGAAAAAATAATTTTATTATCTTCAACTTTAATCGTCATCTTCCCACTCCCTATCTTTTATATTTACTCATCTTAACATGCATTGAGTGACATATGTTACCAAATCATTTGTTATAAACTATAGTAATATTAATCATTCCCTCTGTTGAAATTGATAACTACGAAATAAAAAACACACTCTATTCAGCTATTAACAGTTGAGTAGAGTGTGCAAACCTGTTGAATTAATGCGCTAACATTTCTTCTTTGATTTGGTCTTTATTTAATTTTGAAGGATAATATGTTGGCCAGTTATCCATTTCTTTTAATAACGCGTCATTATCATTACCCATAAAGATATGGAAGTGTTCTGCCTTTTTAGGTGCAATGTTGTGATCGCTAAATTGGATGAATTTCGGTAAGTCTTTATCATTACCATCGACCAATTTAAACATAAATCTCACGCCACGGTTACCTTTAGGATATTTCAATGTTTTCTTACCATTGTATTCATATTTACCAGTGTGTTTCGTACCATCTTTAGTAAATGTAATTTCATTTCCTTTTATATCAATGTTAGTAATATCAGTTTTATATCCTTTGTCATAATAAGCTTTTAAATCTTTAGCAGATTTCTTCGGATCATTTTCAGCTTTATGTTCCATCACTTCATCAAGCGTACCGTCTTTTAAGTAAGGGTAAACAGATTGCCATTCACCAGCATAATCGCTTAATTCACGGTCTTTAACTTGCTCATCTTTAAAATACCCATCAGAAATTGCTTTGTCGTGTTTACTTTCAGCTTTGTCGTCTTTCACTTTAACACCACTGTCTAAAGCTTTACCGATATTTTCAATATTCGATTTCATTAATGATTGATAGGTAATATTATCTTTTTTCTGTTGTTCTTTATTTAAAGACTCCATGTTGTAGAATTTTAAAGGCTTCGCATCTGTTTCTTTACGAATTGTTTCAGTCACTTTATTCGCAACATTATCTTCGTAAAGAATATATTTAGCATTGCTATCTCTAATTTCTTTAACAATTTTAGTCAATTCTTTTTGTGATGGATCTTCAGCATTCATGTTTTGAATACCTTTTTGAACAAAACCATAACGATCAGCTAAGTATCCAATTGATTCATGTGAAATGAATACTGCATTACCTTGCTTATCTTTAGTAACTTGCTTCATATCGTTATCAATTTTCTTAAGATCGTCGTTTAATTTTTTGTAGTTTTTCTCATAGTCATCTTTATGTTTTGGATCTTTCTTCACTAATTCATCTTTAATTTCTTTAGCGAAAGTTTGGTTAATTTTAGGATCTAACCATACGTGTGGATCATATCCGCCATGATGATGATGTTCTTCTTTCCCATGATCATGTCCCTCATGTTCATGCTCTTCACCATGTTCGTGTTGATCAGTTAAAAGCTTTGCTTTATCTAATTTATCTTCTAAAGACAGTTTTTTATCTTTATCTTTAATAGTAGATGCAACTTTCTTAGCAACCGGATCTAAATTATCCCCTGTATACATAAACAAGTCTGACTTGCTTGCACTTAATATATCTTTTTGTGTTGGTTCATAGCTATGTAAATCTGTCCCTGCTGGATAGATTGATGATACCTTCACGTGTTTTCCACCAATTTGCTCTGCAAATGATTGCAATGGATAAACTGTCGTTTTAATTGTTACCTTGCCATCTTTATCTTTTCCATCATCATTCCCACATGCGGCTAATGATAAAGTTACGGCTGGTACAAGA
CP129555.1_gap15	707513	711145	3632	AAATAAACCTCGCGATGGTGCGCCAGTGCCATCGCTTTTTTATTTGTTCGTATCAATATAAAATTGCGAAACATCATGTTATTTTGCATTTCAAACTTTTTGCTGTCAATTCATTTTCTTTTCTGGTATACTTTTTATACTAACTTATAGAAAAATAGAAAACGAGGCGATTCATAATGGCATTTCACGATAAAACAGCAACACAAGTGACAAACATTGAACTGAACGTAAGAGACTTAGACTTAATGACAACATTTTACAAAAACATTTTAGGACTATCCGTTAAAAGTTCTGACGATAACACAACCGTATTATCTGTTGGGACTGGTGGCCATACTCTAACGTTACATTTATTAGAAGACGGCCGTCAGACTTCCCCACGAGAAGCAGGACTTTTTCATATAGCATTTTTATTACCAACTACTGAGGATCTAGCTAACTTCTTATATTTCGTGGCACAAAAAAATATGGGCATCGGCGCTGGTGATCATTTAGTAAGTGAAGCTTTATATTTCAACGACCCCGAAGGTAATGGTATTGAAGTCTATCGCGATAGACCTTCATCTTCATGGGAATGGCAAAATGGCAAAGTTAAAATGGATACTTTAGAAGTTGATAGCCAAACCTTATTAACACATCGTACTGATGAAGGTTGGCAAGGAATGCCAGCAAAAGGCATGATTGGACACTTACATTTAAAAACACATGACTTAGACGCAGCATATCAATGTTACATTGAACAATTAGGATTCCAACATGTGTCTGATTTTCCACGTGCGCTATTTATGTCAACGAATCATTATCACCATCATATTGCTGCTAATACTTGGCAATCCAATCAAGCAAGACAAAACAATGCACAAAGTTATGGATTAACACATGTTGATATTTATCAACCCGACGCCTCAACACATACATTTACGGCACCAGAAGGGTTTGACATCACAGTTCATTCAAATACTGACCTTGTTCCAGAAAAATAATCATCCATACTTTATTAATACAATTTTTTCACGCAAAAGCCTGCGATTCATTTATGTAATCGCAGGCTTTTTTTATTGCTAACTTTTTAATTTTATATATTTAGACATACTGTATTCTATTTATTCTTTTGGTCCAACCCATTCAATAACATCTTCATATGCTTGGCGTGTTTTATTTTTCGGTGGATCTTGTTGTCTGTAGCCAAATGCAACCATCACTGATAAACCAAATTGCTCAGTATCTAAGATACCTTTATTTGCTAAAATGTCTGTCACTGTATCCAGACTAAAACCTTCCATCGGACATGAATCAATACCTAACAATGCGGCTGTCGTCATCATATTGCCTAATGCGATATACGTTTGTTTACTTGACCAGTCATACAAGGCTTGATCATTATCAGAAATATGGAAATCTGCTTGGAATGCATCGAATTTTTGTTCAACAGCTGGAATCGTTTGTGCCTCATATTTTTTAATATCTCTTAACATATGTTGTACATACGGTGATCTTGACGTTACATTTTTACGCGCAAAAATTAGCACAAAATGGCTCGCTGTATCTAATTGTTTCGCTGCGCCCCAACTGTGCGCTTTTAATTCATCACGTAACGCTTGATCTTGAATCACGACAAACTTCCAAGGTTCTAACCCAAGAGAACTTGGAGACAATCTACCTGACTCTAATATTGTTTCAAAATCTTCTTTCGAAACTTTCTTTTGTGGATCGAATTGCTTAGTAGCATGTCTGAAATGAAATGCATCCATAATTGTTTGATTCATATTGCTCATTGAACATAGCCTCCAATTTTTATATTTATTGCTATACAAATTATACTTCATGTTTTAAAAAGACTAAAGTAATCCGTTTGCAATTCACTATAACTTGTGCACATGTTATAAGTTTTCTGCAATAAAACACACTTTTGAATTTTGGAAAATTTAGTGTTATAATATATTTGTGATATTTTTCACAATTAAATTGTGGCGTGATTTTAATGTGCATAATCTTTAATTTCACTCATTTACTTTTCAATCTTTTAAAAGCGAGGTTTTTAATAATGACAAAAATTATGTTCTTTGGTACGCGTGATTATGAGAAAGAGATGGCATTAAATTGGGGGAAAAAGAATAATGTCGAAGTAACTACTTCTAAAGAGCTATTATCAAGTGCTACAGTCGATCAATTAAAAGATTACGATGGCGTAACTACAATGCAATTTGGTAAGTTAGAAAATGACGTTTATCCTAAATTAGAATCTTACGGTATTAAACAAATTGCACAACGTACTGCTGGATTTGATATGTATGATTTAGATTTAGCTAAAAAACACAACATTGTGATATCTAACGTTCCTAGTTATTCACCTGAAACAATTGCAGAGTATTCTGTTTCTATCGCCCTACAATTAGTGCGTCGCTTCCCAGATATTGAACGCCGTGTACAAGCACATGATTTTACTTGGCAAGCAGAAATCATGTCTAAACCAGTTAAAAATATGACTGTTGCAATTATCGGTACGGGTCGTATCGGTGCTGCTACAGCTAAAATATATGCAGGATTTGGTGCTACAATTACAGCTTATGACGCTTATCCTAATAAAGATTTAGACTTTTTAACTTATAAAGATAGTGTTAAAGAAGCTATTAAAGATGCCGATATTATTTCTTTACATGTTCCAGCGAACAAAGAAAGCTATCATTTATTCGATAAAACAATGTTTGATCATGTGAAAAAAGGTGCAATCTTAGTTAACGCAGCACGTGGTGCAGTCATCAATACACCTGATTTAATCGATGCAGTGAACGATGGTACTTTGTTAGGTGCTGCGATTGATACTTATGAAAATGAAGCAGCATACTTCACAAATGACTGGACTAACAAAGACATTGACGATAAAACATTATTAGAGTTAATCGAACATGAAAGAATTTTAGTAACACCACATATTGCTTTCTTCTCTGATGAAGCAGTACAAAACCTTGTTGAAGGTGGTTTAAACGCAGCATTATCTGTCATTAACACTGGTACATGTGAAACACGTTTAAATTAATATATATTTAAACAGGCTGGGACATAAATCCCTAAAAAACAGCAGTAAGATAATTTTCAATTAGAAGATATCTTACTGCTGTTCTATATTTATACAATACTTCGTATTGAATGGCTTCGCTATGCCCATCTGGCACATTACTGTAAAATTCTATAAATAGAATTTTTGATGATGGGTCCCTTCCTAGGGTGCCGTCTCAGCCTCGGTCTTCGACTGGCACTGCTCCCTCAGGAGTCTCGCCATTAATACTACGTATTAACATGTAATTTTACTTTTAAATAATTTAAAAAATAAGACACTTTGCCAAACTTGCACATAAATGTATAATTCAATAATTTGAATTTTCTGTGTTGGGTCCCTTCGTATAATTTAATAAATACCACTAAACTAAATTAATGAAGTGCCTTATGTATAAAAATTATAACTTGATCCAACTTACACTACCAATAGAAACTTCTGTTAGAATTCCTCAAATTGATATTTCGCGATATGTTAATGAAATTGTTGAAACGATACCTAATAGTGAATTCGATGAATTCAGACACCATCGTGGCGCAACATCTTATCATCCAAAAATAATGTAAAAATTATCTTA
CP129555.1_gap16	715301	718726	3425	AAGTGCACCGGGAATGGTACCCGAGGAACCAGCTGTTGGCGTTGCACAAATAATACCCATCGCAGCATTGACTTCATTTGTTGCAATGGCACCTTTGACTGCATCAATCATTTCATATCCAGACAAAGCATGATGTGTTTCATTATAATCACGTAGTTTAGCAGCGTCATGACCAGTGTAGCCCGTTACACTTTCAACGCCATCACCTGTCGTCCCTTTTATTACTGCGTCTCGCATGACATCTAAATTTTGTTTCATTTGCGCTCGCACTTCATCACGTGATTTACCGCTTAATTCCATTTCTTCTTTAACCATGATATCCGCAAATGACATATTATTTTCTACGGCATAATCTATAGTCTCTCTAATTGAATCAAACATGTTTATTCCCCCTCTAATTTATATAGGAAACGTTTACGTCACTGTATTTCTCTTTAATTGTATTTAATGTCGATTCTGAGATTGCTTTATTTAATGGTATTACAACCAAGCATTTATCTTCATCTATCATAATAAATTCATCTTTACAGTCTAATTTCATATCGTTGATATCATTAATGAAATGATTTACTTGTGCTTTAGTCATATTTCCGTCAACAACTAAAATTGGTAATCCATGATTTAAATCTACTTCTAGTCCATTTATATGAATACCTTTAATTTTAATTGTACCACCACCGATTGAAATACCGATAATTTCAATGTAGCGACCATCATTACGAAATGATTTAATATAAGCACAGTTTGGATGTTGACCAATACTATCGCCTTCTTCTTCGACGATATCTATTTTAATACCATCATCAGCTGCAATTTCTAATGAAGATTTAATTCGGTTATCAAATGTTGAATATCCCATTGCTCCACCCACAATAGCGACATCTGTACCATGTCCTTGGTGTGTTTGAGCAAATGATTCATAATAATGTATTTCAATATTTTTAGGAATATCTCCCAATATTGCGCGTGCTGAATTCCCAATCTTTACTGCACCAGCCGTATGAGAACTTGAAGGTCCCATCATAACTGGTCCGATAATATCGAAAGCACTTTGATAATCATAGCTCTTTGCCATAATTAAACACTCTCCTTAATATGATTCTTTTTGCTCGGCATTTTAAAGTTGATATTCATTAAATTAAACTTATTAATTAGTGTTCCAATAATATAGGCTAAGACAATGCTGACAATAATCACTGTTGCGATTGTTACAATTGATGTCACTGCATTATTAAAGCCAAATAATACGATGGCACCTGCAATTGGTGTTGCCATACCTTTGACACCTATTACTAGTCCGCTAAATGTCACGATACATGCGTTGACGACCCCAATCAGTGCATTTGTACCATATAGTTGTACTGGATATTGCGCTATTAAATCAATTTGCGTCAATGGCTCAATACAAACTGCAAATGCTTTTGACGGTCCACCAATGTTTAATTTTCGGAATAAAATAAGGTTAACAAATGAGCTACCTGTACATGTTAGTGCTCCAATAGCCATAGGAACACCTGTCAGTCCTAATAAACTTGTTAATACCATTGAACTTAGCGGTGTCATACCTGTAACAGGAATCACTAGTCCTAAAATGACCGCTAATGCATATGGATTGTTATCACCTACCGCAGTGACAGCACTACCTATTTGTTTTAATGTTGCTAGCACACCAGGTGTAATGATTGATGCAAGTCCGAAAGCAATTGCTGGTGCAAATAAGATCACCACAATTAAGTCCAAGCCTTCTGGAACTTTCTTTTCAATCCATTTAATTAAAAAAGCTACGCCATAAGCTGCGATGAATGCTGGTAATAATTTAAAGTCATGTAATACTAAACCAACAATGACCGCAAATACTGGTGCAACGCCTAAGTTTAAGCACGTTAGAATACCTACTGCGATACCGCTTAAACTTCCTGCTAAATCCCCAATATCTTGTAGAAATTTAATATCAAATACGCCACCAATAGCGTAACTTAAGAATGCTTGTGGTAGAAATGTCGCACAAGCTGCACCGGATAATGCTTGTAGTCCTTGTTTACCGTACGGTGCATACTTTAAAAATAGCGTCATGATCACTAAAACCAAGACTAATGTGCCTACACCTAACAGAATATCCATTTCCCAAAAACCTCTCTCTATGTTTATTTTATTTTCAGACCATAAACATCGTACACCCTTAAGAAAACGTTTTCAACTTTTATCTGTTATCAAATAAAATATTTAAGTGAAATATTTCATATTTGTGAAAGATTTTTAAAATGGATTGTTTCAAAAACTGCTTATGTTGTCATTAATATTTACTAATTAACTTTTTACTCTATATTTCAAACAGTTGTGTGACAGTTTTTTGATAACTTTTTTACATCTGAAAGTAAGTAATATTTCTAAAAACTTTTAATATTTATACATTTTATCTTTCGAGCTATTTATTTCTTATTTTTGTGCTGTGTTTATAAAACCGCACACTATATTCAAAAATAACTTATTACACATATATTTGCAATAAGATAATTAAAGTAGGATATTATTTTTAGTTTTCTGATAGGAATGATGATAGTCTATAGGTTGAATCTTTACTTTTTTAAAGCTAAATTTACATCAACTTAACAATGGTTGGTTATACTGAAGATGAAAATATTTAGTATAACTTAGTGGAGGCGATAAAGGTGCAATTGAGTCATTCCGTTAAAGTTGCAATTTCTATCTATTTAGCACTTATCTTTATAACGTTCACTTCTTATTTAGTCATTATTTTATATACGAGTATGACTGGACATGATGTATCACATTTCGTTTTAGATAGTCAGCATTCTCATCATGGATCTCTTACGCAAAAACATTTGAGTCTTCCTGAAATCTCATTTAAATAGTTTATCCTCTGTGTTTCAACATTCATTTCCCATATCGATTCATTTATCTATCATCCAGACCACTACATCTTAGATGATTTTTTTTATTTTCTCATTTCACTCTTTCTTAAAAGTCGATATAATGAATTAAATCATTATCATACACTGACATATTTTATGTTGTTGGTGTTAAGTTTTAAAGGGGTGAGATACTTGGTGAATAATCATTCAGCTTTGCGTTTAAAAGGAATTATACTTGCCATTGTCGGTGCTTGTTTATGGGGATTAGGTGGTACTGTTTCTGATTTCTTGTTCAAATATAAGAATATTAATGTCGATTGGTACGTCACTGCTCGACTTGTAGTCAGTGGTGTTTTCTTACTTATTATGTACAAAATGATGCAACCCAAACGTTCTATATTTAGCGTATTCCAAGATCGACGTATGTTAGGCAAATTACTTATCTTCAGTATACTGGGCATGTTAGTTGTACAATATGCTTATATGGCATCTATTAATACAGGTAATGCTGCGATTGCAACATTACTACAATACATTGCGCCAGTCTATATT
CP129555.1_gap17	738540	742403	3863	GGAAGACTTCGTAATCCATTGCTAAGCCGAATAGTATACCAATTGTAATAACCGGCAAGAAGGCTAGCATTGGTCCTGTCGTTTCTATACCGAATAATCCTTTCATAAAGCCATCTTGCATCACAAAGGTTGTAAAACCTAGTGTTGCCATTAATGACAAGACAAATCCTAAAACTGCTTTTAACGGTATTAAGATTGAACGGAAGACAATCATTAATAAGAAAAATGCCAATACAACAATTACTGTTGCAAATAAAGGTATCGCCTCATTTAACTTTTTAGACATATCAATATTAATGACACTTTGTCCTGAAATTTCCGTTTTAAATCCATATTTATCTTGCGCATCTTTATTATAATCTCGTAAATCATGCACTAAGTCATTTGTACTTTCTGCATTAGGCCCTTGCTTAGGTATCACGACCATCAAAGCGTAATCATTATCTTTACTCATTTGTGGCGGCGTAACAATATCCACATTTTTCTTATCTTTAATATCTTTATACACAGATTGTAAATCTTGTTGTAATCCTTGTGGATCATCTTTTTTATCTTTAACGTTAATCAGCATCGGTATTTGGCCATTAAATCCTTCGCCAAACTTATCTGAAATAATATCGTATGCCTTTTTCTGAGTAGAATCTGCTGGCTTTACGCCATCATCCGGAATGCCAAGACGCATATGACTAACTGGAATAGCCGCTGCAACTAATATAATTAAACCTAATAATACTGCTGCAAGTGCATTACCAGTAATAAATTTAGACCACGGCGTATCAATATCTTTTTTAAAATTAGACTGCAATTTGTTCACTTTAATGTGTTTATGGAAAATACTAATTAACGCAGGTAATAAAGTCAGTGCACTGAATACAGCAAATATAACACTAATTGCCGAAGCAAACCCCATCACTGCTAAGAAATCTATACCAACTAGCGATAAACCGCATACGGCAATCACAACTGTCACACCAGCGAAGATGACTGCGCTACCTGCTGTTCCCACTGCAAGACCAATGCCTTTAATGTAATCTGTTTCAGTTTTCATAACTTGTCGATATCTGAATAAAATAAATAATGCATAATCGATACCAACTGCTAGTCCAATCATTACGGCTAATGTCAGTGTGACATTTGGTATATCGAATGCATAAGTTAACAAACTGATAATACCTACACCAGAAGCTAAACCAATTAATGCACTTATAATTGGTAATCCTGCAGCAATAACTGAACCGAATGTGATTAACAGTACAACAAATGCAACAATAATACCAACTAGTTCAGAATTACCGCCTACTTCTGTAGATGTCATTCCTGTACCAGTTAACTCTGTTTGTACATTATGATTGTCACGTAAGTCTTTCAAATGACTTTTAACATTATCTCTAGAGCCATCTTTTAAAGATGTTTGACTAACGTCATATGTGATATCTGCAAATGCAGTTGTTTTATCTTTATTAATTTGCTTATTTTCATAAGGATCTGATATTTTATCAATGTGCTTGTCATCTTTTTTAATATCATCTAACGTTTTCTTAATATCTTTAGTAATACTCGGTTGCACAATACCATCATCTTTAGTCGTCTTAAAGACAACACGTATTTGTGCCTTTTCACTATCTTGATTAAAATGTTTTTCAATCTTTTTATTCGTATCTAACGACTCTAGTCCTGTCATTTTAATATCATTGTCAAATTTCGGTGCATTTGTAGCAAGTGGTATCAATATTGCAGCTACAATCACTATCCATGCAATGACCGCGGACCATTTATATTTTGCGATGAATGTCCCCATCTTATATAAAAATTTTGCCAAAGTATATTGCCTCCTTTTAAAATCAACGTTGTAGTTTAACTATACAGTGTAGATTATTGTTTGATTATAGTATCTATCACCGACCTCTTAAAGAATCAATTGGAAAATTTTGTATATTAAACTACACACAAAGGAGAAATGTAGATGAAAGAGACTGATTTACGAGTTATAAAGACAAAAAAAGCATTGTCGAGTAGCTTGCTACAATTGTTAGAACAGCAATTATTCCAAACGATTACTGTCAATCAAATTTGCGACAACGCACTCGTACACCGCACAACATTTTATAAACACTTTTATGATAAATATGATCTTCTAGAGTATTTGTTCAATCAATTGACTAAAGACTACTTTGCTAGAGATATCAGTGACCGTCTTAATCATCCATTCCAAACGATGAGTGATACGATTAATAATAAAGAGGATTTGAGAGAAATCGCAGAATTCCAAGAAGAAGACGCTGAATTTAATAAAGTATTAAAAAATGTCTGCATTAAAATTATGCATAACGATATCAAAAATAATAGAGACCGTATCGATATTGACTGAACTGCACCCAGTCTAGTAGACAATTAAATAATTAAAATTAATGGTTGGTTTTGTTGTTATACAGAATCAGCCATTTTTAATGTAATTCTTTCATGATTAAAGAAAAGAATAAAATCATGAATTGTTTTTGTAGCTTCTTCTACACTATTAAATTTAAAGTGCTTATTTCCTCTAAAAATTTCACTTTTTATTGTACCCCATACACCTTCCATTGGACCGTTATCGATACATTTGCTAACACGTGACATACTTTGAATCATGCCACATTCATCCAACATATGTTTAAATGTTTTCGATGTATATTGAAAACCTCGGTCACTATGAAATAAAATACCTTTTGTATTTTCTACTTTTTCTATCGCTTGATTGAATGTTTTAAATACTAATTGATTATTGTTAGAAGGGCCTAGCTCATAACTAACAATACGTTTAGCACCTAAGTCATAAATGGCACTCAAATATATCTTACTACCTTCTTTGATTTTAAATTCTGTTACATCTGTTAACCAAACTTTATTTGGCGTATCAATGTCAAATTGTCGATTAAGCTTATTTTCTGATGTGATTTGTGGCGTTGAACGTCGATAAGGTTTTCGCTTTTGACGTATTACTGCTTTTAAATTAAGTTCTTTCATCAAACGATAAATTCGCTTTCGGTTTACTTGTTTACCTAGTTTTAAGCGAATATAGATATAAATGCGACGATAGCCATAAATACCATTATACTTATGATAGATTGATTCTATTTCTCGCTTAAGCTGTTCATTCTCTAATTCAAGTTCACTCGATTGATAATGTACCCACTTATAATAACTCGCTCTAGAAATGCCTAAAATACGACACAAGCGTTGGATAGGGTATTGATGTTTTAACGCTTCGATCGTTTTGTATGCCGTGATTTGTTTTCTCTTTGAATCATCTCTCTTTCCAATGCTTGAAACTTTTTTAAAACGTCATTTTCCATCTCTAATAATCGATTTTGTGCTTTTAATGCTTGAATTTCAGCTTCTTTTTGTTCTTCTGGCGTCATCATAGATTTGGGTTTTCCTTTGCCTCTGCCATCTACTAATCCATTTTTACCATGTGCTTGATACTTATGAACCCACTGGTAAATTTGACCGTATGAGATATTAAAGTGTTCTGCAACTTCTCTATAAGATTGTTTATGATTCAAGTAATATTCAACAATTGTTACACGTTCTTCAAATGTGGTTTTTCTTGCTTTCATGATATACACCCCAGTTTTAGGAGATTGATTCTTAATCTCTTTTCCTACAGTATACATTTTTATCCAATTTTTGACTTGTGTCGAACTACGAATATTGTATTTGATTGCGATGTCTTGGGTTGATTGATTTGAATTCAAATATTCATTTACAACTTTTAATTTTAGTTCCTTTGAATAGTGATTGTATTGTTTTTGTGTAAGTAGTGTTTCAATACCATGGGTTTTATAATATTTATACTTAGGATACAAAGTATTGACATTAATATC
CP129555.1_gap18	744378	747459	3081	AAATGCATCTTCAACATCTTGTTTTGTTGCCTTTGATGCATTTGCAATCACTTGTGATGTGTCTGCAGGATTGATTGATTTAATTTTGTCATCTTTGAAAATCTTCTCTCCATTAATCACTAATGGTATGTCTTGACCTAATTCTTTTTCCACGTCTTTCAATGCTTTCTTAAACATATCCACATTTTCTTGGACTGAAAAATCGTAACCAGGTTCATTTTTAAATTCTACTACCATGTACACTTACCCCCTATAAATTTTGAAAGTGGTTTAACCCTTTGATTTAATGATATAACATCATTTAAACTCATTTTACTATGAGTAAGGTTGGTTTTGCAATCGCTTTCATTTTTATGCTTTATCCCTTATTCTCAAGTATTTTGAAATTGATTGGTTACTTTTTAAAATTTAGAAGTGTCATGACAACTAATTTAGTGTTTCATCGTTCAATGCTTCTGATGGTACCTCATTATCAATTTTACGAACGACTTTACAAGGGTTTCCAACCGCTAAACTGTGTGGCGGAATATCTTTGGTGACAACACTACCAGCACCAATCACACTGCCTTCTCCAATCGTCACTCCCGGAAGCACGGCTACATGTCCGCCAAACCAAGTATTACTGCCAATATTAATTGGTCCTGCTTTTTCAAATCCTTCATTTCTATGATGAAAATTAAGTGGATGTGTTGCTGTGTAGAATCCACAATTAGGTCCTATAAAAACATTATCGCCAATTGTAATCTGTCCACCATCCATAAAATAACAATTGGTGTTTACATAGACATTTTTTCCTAGTTTAACGTTCCAACCATAATCTGTATCAAAAGGAATCGAAATACTTACATTGTCTGTTGTTGTTTGAAATAATTCATCGATTAATTCCTTTCTTTTATTTTTGTCACTCGGCTTTGTATGATTTAATTCAAAGCAAATATCTTTCGCTCGTGCACGTTCATTGATTAAGTCTTGATCAAAGTTTGCATCGTACCATTTTTCTGCTAACATTTTTTCTTTTTCAGTCATTACACCTTTCAACTCCTAATAACTTATTTACTTGTTTAATAGTTAATCAAATAAACATTCGCCTATGCAACTAATAAGCTATAACATTATGAAATCATAACCTTATCACTCTTATCTATACCATTCTCGCATCAAATACTGCTAAAGTAGTAGATAAATTCAATACTACAGACGCATTCATTTTTTAATCTATTAACGTAAAATGTGAGTAAGAGAAATATAAAGGAGTATGATAGCGATGAGAATATTAATTACAGGCACAGTTGCTATCTTAATCATTCTAGGTTTAGTTAAAACGATACAAGATTACGAAATGACAAACGACACAAGTCGTCAGTTGTCAGACAACAAAGATGACGATAAAGTCATCCATCTTAATAATTTCAAAAATTTACATGCGAAAGAATTTAACCCATCTGATTTCTTTTAAGTCACCTAAGAATTACAAATCCAGAAGTCATTTAAGTTTTACCTTTCATTCATACATCCTTTAATATTAATTACGACTTCTTTTATATAGATGCTAAATAGAGAGATTGTTGTGCAATGTTTGCACGGCAATCTCTCTTTTTCTTTTTAAAATTGGTAAAAGTAAAACGCAACGATTGACTTATATACCTATAGGGGGTACATTAGACGTGTAACAATGAATCACAGGGAGGCAATAATGTGGCTAATACGAAAAAAACAACATTAGATATCACTGGTATGACTTGTGCCGCATGTTCAAATCGTATCGAAAAGAAACTGAATAAACTTGATGACGTTAATGCCCAAGTGAATTTAACTACAGAGAAAGCAACTGTTGAGTATAACCCTGATCAACATGATGTCCAAGAATTTATTAATACGATTCAACATTTAGGTTACGGTGTCGCTGTAGAAACTGTCGAATTAGACATTACAGGCATGACTTGTGCTGCATGCTCAAGCCGTATTGAAAAAGTGTTAAATAAAATGGACGGCGTTCAAAATGCAACGGTCAATTTAACAACGGAGCAAGCTAAAGTTGACTATTATCCTGAAGAAACAGATGCTGATAAACTTGTCACTCGCATTCAAAAATTAGGTTATGACGCATCTATTAAAGATAATAATAGAGATCAAACGTCACGCAAAGCTGAAGCGCTACAACATAAATTGATTAAGCTTATCATATCAGCAGTATTATCTTTACCGCTATTAATGTTAATGTTTGTACATCTTTTCAATATGCATATACCAGCACTATTTACGAATCCATGGTTCCAATTTATTTTAGCTACACCTGTACAATTTATTATTGGATGGCAATTTTATGTAGGTGCTTATAAAAATTTAAGAAATGGTGGCGCCAATATGGATGTACTTGTTGCTGTTGGTACAAGTGCAGCATATTTTTACAGTATTTATGAAATGGTTCGTTGGCTAAATGGCTCAACAACACAACCGCATTTATACTTTGAAACAAGCGCCGTACTAATTACCTTAATCTTATTCGGTAAGTATTTAGAAGCTAGAGCGAAGTCTCAAACAACCAATGCGCTTGGCGAATTATTAAGTTTACAAGCTAAAGAAGCACGCATTTTAAAAGACGGTAATGAAGTGATGATTCCTCTAAATGAGGTACATGTTGGAGATACACTTATCGTTAAACCAGGTGAAAAGATACCTGTTGATGGCAAAATTATTAAAGGTATGACTGCCATCGACGAATCTATGTTAACAGGTGAATCTATCCCTGTTGAGAAGAATGTTGATGATACTGTAATTGGTTCAACGATGAACAAAAACGGTACTATTACTATGACAGCAACAAAAGTTGGCGGGGACACTGCATTGGCAAATATTATTAAAGTTGTCGAAGAAGCTCAAAGTTCTAAAGCGCCGATTCAGCGATTGGCAGATATTATTTCTGGTTATTTCGTTCCTATCGTTGTTGGTATCGCACTATTAACATTTATCGTGTGGATTACTTTAGTTACACCAGGTACATTTGAACCTGCACTTGTTGCGAGTATTTCCGTTCTCGTCATTGCTTGTCCATGCGCATTAGGACTTGCTACACCAACTTCT
CP129555.1_gap19	768389	772033	3644	TTTCAACACCTTCTAAATTGACACCTCGTGACGTTGAAGAAGTATATCAAACGAATGTATTTGGTATCGTTCGAATGATGAACACATTCGTCCCTCTCTTAGAAAAATCTGAACAACCTGTTGTCGTCAACGTATCAAGTGGTTTAGGTTCATTTGGAATGGTTACAAACCCCGAAACAGCTGAATCTAAAGTGAATTCATTAGCTTATTGTTCGTCTAAATCGGCAGTAACAATGCTAACATTACAATACGCTAAAGGATTACCAAATATGCAAATCAATGCTGCTGATCCAGGTGCTACAAACACTGATTTAGTTGGTGATTTTAGTAATAATTCAAAACATGTTTCTGAAGGGATCAAGCCAATCATTCAATTAGCAACCATTGATGCAGATGGCCCGACAGGTACATTTATTAATGGGAATGGTGAAATGCCTTGGTAATCCAAATTTATGTTACAAATATTGAATTTAGAGGTAAATAAAAAATGCTTCTGCAATAGATGCAATATACATGCAAAACAATATGGAGGCGAATCAAATGAAAAGTATTACGTTTGAAGAACATTATGTCATTGAAGATATTCAAAAAGAAACGATGAATGCGATATCGGCAGATCCTAAAGGTGTGCCGATGAAAGTAATGTTAGAAGGCCTTGAAAAAAAGACAGGTTTTACAAATGCCGACGAATTATCACATCATGATGAACGTATCCAATTTATGAATAATCAAGACGTTCAAATTCAAGTCTTATCTTATGGAAATGGGTCTCCTTCAAATTTAGTTGGTCAGAAAGCCATTGAATTATGTCAAAAAGCAAATGATCAATTGGCAAACTATATTGCACAATATCCCAATCGCTTTGTAGGCTTTGCAACTTTACCTATCAATGAGCCTGAAGCCGCAGCGCGAGAATTCGAACGTTGCATCAATGATTTAGGATTCAAAGGTGCGCTCATTATGGGACGTGCACAAGATGGTTTTCTTGATCAAGACAAATATGACATTATTTTCAAAACAGCTGAAAATTTAGGCGTACCGATTTATCTACATCCCGCGCCAGTTAACAGTGACATTTATCAATCATACTATAAAGGAAATTATCCTGAAGTAACCGCGGCAACATTTGCTTGTTTTGGTTATGGTTGGCACATTGATGTTGGTATTCATGCAATACATCTAGTATTATCCGGCATTTTTGATCGTTATCCAAAGTTAAATATGATTATTGGACATTGGGGTGAGTTTATCCCATTCTTCTTAGAACGTATGGATGAAGCTTTATTCGCTGAACATTTGAACCACCCTGTAAGCTATTACTTTAAAAATAATTTTTATATCACACCGAGTGGTATGTTAACGAAGCCACAGTTTGATTTAGTCAAGAAAGAAGCAGGTATTGATAGAATTCTTTATGCTGCTGATTATCCATATATTGAGCCTGAAAAATTAGGTGTATTTTTAGATGAACTGGGTTTAACAGATGAAGAAAAAGAGAAAATAAGTTATACAAATGGTGCTAAATTATTAGGTTTATCATCTAACAATTAACAAATGGAGGTCATTGAATATGGAAACTTTAGAATTACAAGGCGCTAAATTACGCTACCACCAAGTCGGACAAGGACCCGTGCTCATCTTTATTCCTGGTGCAAACGGTACCGGAGACATTTTTCTACCTCTTGCAGAACAGTTAAAAGACCATTTTACTGTTGTAGCCGTTGATCGTCGTGATTATGGAGAAAGCGAGTTAGCTGAACCACTCCCTGATTCCGCTTCTAACCCTGACAGTGATTATCGTGTCAAACGCGACGCACAGGACATTGCCGAACTTGCAAAGTCATTAAGTGATGAACCTGTCTATATATTAGGTTCAAGTTCAGGTTCAATCGTTGCGATGCATGTGTTAAAAGATTACCCTGAAGTCGTTAAAAAGATTGCATTTCATGAACCACCAATTAATACATTTTTACCAGACAGTACTTATTGGAAAGATAAAAATGATGACATTGTGCATCAAATTTTAACAGAAGGCTTAGAAAAAGGTATGAAAACATTTGGTGAAACATTAAATATCGCACCAATTGATGCAAAAATGATGTCTCAACCTGCTGATACTGAAGAAGGACGTATAGAACAGTACAAACGTACGATGTTCTGGTCAAAATTTGAAATTAGACAATATACGCATTCAGATATTACTTTGGATGATTTCACAAAATACAGCGATAAAATCACCTTACTAAATGGGACAGATTCTAGAGGCTCCTTCCCACAAGATGTTAACTTTTATATAAATAAAGAAACTGGCATACCTATTGTAGATATTCCAGGCGGTCACTTAGGTTATATTCAAAAACCTGAAGGCTTTGCTGATGTATTATTAAATATGTGGGGTTAATTGATCGTTCTCTAATAAAACAGCTTGGACAGTTTTCAAATTATATTTGATGGCTGACCAAGCTTATTTTTATTTACGCTTAAACGTTCAAATCAACTCGTTATTATACATGAAGGCATGTTAACCATTCTCTTCCACTGAAAACACTACTGTTCCAAACATTGATAGTCTTCTTTTGAAATACCCTTTCCGATAAGCACCAAATATTCTGGCACTTTTTTTGAAAATGCTACAGGTGTTAATTCATATTGTCCTTGTGTAAATTGAATGAGATACGTATGTGCGGTGTCTTCAAATGTCATAAACCCTTTCAACCTATAAATATGAGTCGGAAGGCATGCTAAACGTTTTATAAACTGTGCTTTAGTACATTTGGCTGGTGATTGCACAAATTGATGATTTATTGTTTTGTGTAATGATTCATGTTTATTGTCAGAAGTTGCTGTCATTTGGCTAACTGATATTGGCAAAGTGACGCTGCCATGCATACCAACTTGTATATCGGCCTCTGGGTTAATAACTTCTAAATCTTTCAATAGTTTGCTCGTCGTTTCAACATCTGCTGAATCTATTTTATTAACAAATAAGACAGAACAATATGCTAATTGCTCATAAAATAAGCCTTGGATGTCTTTTGGAAATGATTTTATGTGTTTATACATGCTTGCATCTACAACACCAATCATATGTGTAATTGTTGTAAACGGAGCTAAAATGGGCGTTAAACAAGCATCTAAGACAGAGACTGGTTCTGCAATCCCACTACATTCAATAAATACAATGTCTGGTTGCTCTTTTAAATATAATTGATGTAACTGTTCTGATACATCTGCTTTCATTGCACAACAGATACACCCCTCTGTCAGTTCACTTAAAGGTATGTCTTCAGATACTAAGGCACCATCAACACTCATTTTGCCAAATTCATTCATGATAACTGCCGGTTTCAGCGACTCCTTTAATGATTCAGCGAGCAAATGATTTAAGACAGTCGTTTTACCGCCACCTAAAAACCCACCTATAATAACTATTTTCATCTGCGACTCTCCTCTTATACTTCATATGAATAGCATATTCCAAGATAGCTTTCCTATTGACTGACATGACTCTATATTCAGTTATAGTTCATTTCTTTTTTAAATAATCAGCATTACTATTTTAACAATGATGCCTACACCAATAACTAAAGACAATGATGTCACCATTTGCTTTCCAATTAATTTTAGTGCTGACTGACCACCTA
CP129555.1_gap20	812730	813731	1001	CGTTCACAGATATTTTAGCTAGCACTGGAAATGTAACACCAAATTTCTCACGACTAATTTTCAAGATTTCTTCATTAGAACCTGGTTGTCGATTGTCAAAATTATTATTCGGAAAACTCAACACTACAAACCCACGATCCTTATATTTTTGAAACAAAGTCTCTAGTTTTTTCAATTGTTCGCTATATATACATTCTGTTGCAGTATTAACAACTAAAATCACTTTACCTCTAAATGCTTCTAATTTATAAGTTAAGCCTTTATAATCACTTACTTCGATATCATACACATTTCTATTATTCATAAGACACCCCTACACAGCCTTTTTTATATTGAATATGTTCTTTTTAGAATGTTCTGATAAAATAAGTGCACGTTTACACCGCGAATACACATTATATAGCGTGATACATTTTTCAAACACACGATAAATAATGTTCGAGTTTATGTTGTTGCTCAACCTATCCGATTTACCGTCTTTTTTCACCTGTCTTACTTTATTAAAATAATCACATTGTATAGCTGTATTAGTCCAGCTACAATATCTTTCGTTATAACCCCTCATTATAATCATCCTTATTTTCTATTTTTAAAAAGACAATTAGACCGCTCTTTAAACTATAGATTAATACTTAAGTTAAACTCATACATACTGATACCATACGTTAAATCTAACAATTTAAAATTCGTTATAACTATGGATTAAAGAGCTGCCCAACTCATTTAATCCTTAAAAACTTCACATGTGATTGTTTATTAATCCCTCCTTTATCTTATTAAATATCCTTATAACCCTTTTAAAATTAAACTGACACACTCATACATTGTTACACGCGACGATAAACGTCATATTATTGCATATCATTAAAACAAGTCACTTTGTATCGTGTGCGACCGAATACATATTAAATCATCAATAATGATTATTCAATTATTAAAAATAAAAACGAACATTCTATATAGAGTTTCCACTTATTGTTTTTTCAGCATTGTCTTCATTA
CP129555.1_gap21	821498	822239	741	TCAAAGCGTTAACCTCATTATAATAAAATTTATAATGTAAGTCATACAAATGATGATAAAACTATAAGCTAAATCTAAGTTTCACGAGAAACATTTTTGTGTATCAGCAAATTGCACCAATCATATTAATACAAAATTAATTTAAACACTCAGAAATGTTAGTCGTGCGTAAATAGTTTGTATCACTCACTCTGTGTATTTAATGTAGGCACATATTTTCCAGGAAATAATTAATCATTCACCATCCATGTTATAGCACGCTTAATCGCTTGGTCCCAATATGCATAATCATGATCTCCTGGTCCATCTTCAAATTGATAAGGAACATTTTTGCGTGATAAATAATCGATAAAATCTAAATTGTCTTGATATAAAAAGTCTTGTTTACCACACATAATGAGCAATTTTGGAATTTGTTTATCTTCAGCTACAGCTTTGTCTAGCAAGTAATACGGATCATGTTCAGTTCCTTTAACACTTGAAAGATTGCCAATTATGGCCTCTTTTGAAAAATCATTCCACTCTAGATCCATTAAATTTTGCGCTTCAAACACAGCAGATAATGGTACAGCTTTGGCAAATTTATCCCCTTGTGTTAATGCAAATTTAATTGTGCCATATCCTCCCATAGAGTGACCTGCTATAAAATTGTCATCACGTTTTTTGGAAAGTGGAAATATTTGATGAACATAATCATATACTTCCAAAATATAATCATAATAGCTATGACCATATGCCATG
CP129555.1_gap22	877564	878490	926	TGGCAACTTTATTCGTTTGATCACCTTTCGCTTTTGCAGTAAGTTCCTTTGTCCCTTTGTTTGGTAACGTTGCTACTGCACTACTTTTTAATAAATTTAATCCATTTTTCTTGTCATTGTCCTTTGTTGGTTCAACTGGTGATTTTTGATTGTTTTTTAAATCTGAAACTGATAGTGTTTTTTCGTCTTTTTGAGGTTTCACTTCTTGTTCATTGTTAAAATTGTGGTCAGTAATTTTATCATTCGCTTGATTCTTTTGTTGCGGTTGTACTTTCTCTATTTCTGTCTCATTAACAATTTCTCGTTGACTTGTTTGATCTGACTTATTTAATGATGGTGATACCTTTGTTCGACTTTGTGAAGGTAGATTGTTATTAGCGTTTAAGTCTTGACTATTATCTGCCTCTTTTGACTGTTGCTGTGACGCCACTTTACTTTGTTTGCCATCATTAATAGCCTGTTCTAACCCTTGATTTACATCCCTAGGATTAGCATTGTTATTTTTTGTTGTATCACGTTGAATATTTTTATTATTAAGCGATGATTTTTTATCATCCTTTAGTTGATCTTTATTCAAATCATCTGTTTTACGATGATTTTCTTCTGATATTGTTTTATCATTATGCAAGTTCTTAGTTAAATTTTCAGTATGTTGCTGTTCGTCAACACCGTTTTCACGTTGATAATTAGCATTTTCCCTAGTTTGTTGATCCCCAATAGATTGTGCTGTAACTGTATCCTCCTGTGAATTTCCCATATTCACTTGCTTCTCAGCTGCTTGTGCTTGTCCACCACTTAAAAATAGTAATGTAGCTATTAAAATGGAAGATGCACCTACACTAAATTTACGAATACTATACTTATTTTGACTTTTCATCATTGTCAGCACCTCTATTTTTTTATTTTAGATAAACAAATTGATAATT
CP129555.1_gap23	884274	887255	2981	GCTTGCGCAAATACATCATATACGATGGCATCTAAATCTGCGGTGTCATCAATAATCAGTGCTATTTCTGTTGGTCCTGCAATTTGATCAATACCTACCTGTCCAAATAAATATTTTTTGGCATATGCAACAAATTGGTTACCTGGACCTACAATCTTATCAACTTTAGGTATCGTTTCTGTTCCATAAGTCAATGCAGCAATACTTTGAGCACCACCAACTTGAAACACTTGATTAACTTGCGTAATATAACATGCAGCTAATACCTCTTGGGATACTCCGTTAGGTTGAGGTGGTGTCACAACAACAATATTTTCTACACCCGCTACTTGTGCTAAAGTCGCTGTCATTAGAACCGTTGATGGATAACTTGCTTTGCCACCAGGCACATAAATACCCACACTTTCTAGTGGATGGTATATTTCATAGCACTCCACTGATTCTTCTAACTGTTGATTCATCTGCTTAATACTTTCTTGATATGCTTTAATTCTTTCATAACTTTGTTGTAATGCTTGTTTTGTTTTTTCATCTAATGTGTCAAATGCTGCTTTAATTTGTTCATGACTAATTTCTAAATGATCTGTTTTCGTATGATCGAATGTTAGATTATACATTTTCAAAGCCTTATCTCCATGAACTTTAACTTCCTGACAAATATCGCGAATAATTGGATACAATGACTCATCTAATGGTGCTTCTAATGAAAATTGATTTAAAAATTGTTGTGCATTAAGCATTGGCAATAGACACCTCCAAAGAGCGAATAAATTGCTCTATTAATTGTGATTTTTTAAAATAAGCTGCTTTATTAGTTATTAACCTTGCATTGATATCACTAATATGTTGCTTTTCAACCAGTCCGTTCGCTTTTAGCGTAGTACCTGTTTGAACGATGTCGACAATTCCGTCTACCATATCGACGACACAAGCTAATTCAACAGAACCATTCAATTTAATCAATTCGACATCAATGCCTTTTGATTTAAAATATGTTTCAGCAGTATGAACATAACTCGTTGCGATTTTACGATAATTGGTCGTTTCAGGTTTCGCTGCAACCGCAAAATGACATGCTCCAAAAGGCATATTCAACAAATTATTAACATTGTAATGACGCTCATCTAAAATGTCGCTACCAACGATACCAATATCTGCAATTCCTTGTTCCACATAGATTGGCACGTCACTCCCTTTTACTAAAATGCATTCTATATTATCTACACTTAATAATAATTGGCGTTCTCTATTTTTTAATGTTTCTGATAATGTCGTAAATTCAATTGCATCTAAATAGTTAATTAAACTATCCATTAGACGCCCTTTTGCTATGGCGATTCTTAACATTGTGCATACTCCCTTACTTAAAGTGTTAATCCTAATCCAAACCCTTCGATGCTTCCTTTGTAATAACCACCTGTTAAAACTCGAGATTCATTTTCAGCAAAATGACATTGAATAAATAAACCTGTGTAATAGGATCTAGGTGGCTGCGCAGTAATATCTAAATGGATGTCTTTGTAACCTTGTGTATGTAACCAACGTTCCCATATTTTTAATTCAACGAGTGCTGGATGGTCATTTGGAATATAGTGTTCCAATACATTTAATTGTTGTTGCGTATTCTCTTTCAAGATTTGCACGATTGGATGTTCAGTCGACAAATATGTAACCAATCCCGATAAATTACGTTCCTCAATCATTGATAGTATGTCTGGTGTTTGTAACGATTTATCGAGTAACGCATCAAGCAATTGATAATGTCCCAATACAACAAAATGCACGTTGTCTCTCAACTGCTGTTGAATAAACTGAATAAATAGCTTTAAGCTCTGTTGTACATTCGCTAATGATGGTGCATAGTTTTCCAAACCAACTTGTACAGCCGCTTCATTATTCCGAATGATTAAACCTGTGTATGCCACTTTTGTTGCTGCAGTTGGATACATTGAGTAATAACGCAATAATTGATCTGTAAAATCATTTCGAAGTGCATAAATTTGATGCTCATGTTGCCAAAAATTTCGCTCACCCATCTGCTGCAAATCCTCATGGTTCAATTGTTTCCAGTCCAACTTTTCAACCAAACTAAAATCAACTAACTCATAATCTGCTTTATTAAAATATTTTAAAAATGCTGTTTCCGATTCTTTTAACGCAATTAATTGTTCTGAATTATTCACTCGACCACCCTTTACTTTCAATACTGTATTTAAAATCACCTGGTATTTTTGTTGTTCACTTTACTCCTCTACCATACTAAAGTGTAATATGCTTAATAACTTATCATTTTTAGCAATACATTACAACGTTTTTCAGAAAATTCGGTGTATTGGTTTTAAATTTTTTCAAAAGAAAAAGGCAAGACATTTGTGCCTATAAAAATGCTTAACCAAGATTTTTATATTGAAGTTGTACTTCTTGCACATATTGTCCTTGCCTTATTATGTAAAGTTATTTTCTTTCTATCTTTTTATTAAATTTAACTATTCTTCATAATCCCGATTACCTTTAAAGAATTGTCTATCTTGTTTACTATATACATTTTCAGGATTAAAAAACGGTTTGAGTTTATATTTAAATTCAAATAAGTTTAGACCATCAATCGCAACCCTATCTTGGTAAACGTTCGTTGCTGATATATCTGTAAAATTGTTTGGACCGACACCTGCAATAAATTTAAAGCCTGCTTTATCGACCAAATAATCATACGCTTGTGTATGTCTATCCTGTGCGCCATGTGGAAATACAAACATATCTGTTTTACCTACAATTGGTTCAACTTCATCTTTCCATCTTTTAGTATCACGTTTAATACCATCTAAAGATGTTTTTTCAAAATTAATGTGACCATATGAATGACTCGCAAATGACCATCCATCCCGTTTCATTGCGCGAACAACTTCCTCAGCTGCCTTTTTATTCTTTGTATAATCTTTACTCGTTAATTCATTCGTGCGATATCCTAATACACCCTCATA
CP129555.1_gap24	948439	949144	705	GAAATCACAATTAAAGATATTGTGATTTATCCAGACGCATATTCTATTAAAAAACGTGGCGAAGATATTGAATTAACACATCGTGAATTTGAATTGTTCCATTATTTGTCAAAACATATGGGACAAGTAATGACACGTGAACATTTATTACAAACAGTATGGGGCTATGATTACTTTGGCGATGTACGTACAGTCGATGTAACGATTCGTCGTTTACGTGAAAAGATTGAAGATGATCCGTCACATCCTGAATATATTGTGACGCGTAGAGGCGTTGGATATTTCCTCCAACAACATGAGTAGAGGTCGAAACGAATGAAGTGGCTAAAACAACTACAATCCCTTCATACTAAACTTGTAATTGTTTATGTATTACTGATTATCATTGGTATGCAAATTATCGGGCTGTATTTTACAAATAACCTTGAAAAAGAGCTGCTTGATAATTTTAAGAAGAATATTACGCAGTACGCTAAGCAATTAGAAATTAGTATTGAAAAAGTATATGACGAAAAGGGCTCCGTAAATGCACAAAAAGATATTCAAAATTTATTAAGTGAGTATGCCAACCGTCAAGAAATTGGAGAAATTCGTTTTATAGATAAAGACCAAATTATTATTGCGACGACGAAGCAGTCTAACCGTAGTCTAATCAATCAAAAAGCGAATGATAGTTCTGTCCAAAAAGCACTATCACTAGGACAA
CP129555.1_gap25	951575	955011	3436	CCAACGTTTAATAAAGAAGGCGCTAATCAAATTCAAGTCACTTGGGGTGAAAAGGGCGTCTTTGATTATCGTCGTTCGTTACTGCGCACCGATGTTGTGTTAAATAGTGAGGATAATAAATCGTTGCCGAAATTAGAGTCTGTACGTTCAAGCTTAGCGAACAATAGTGATATTAATTTTGAAAAAGTAACAAACATCGCTATCGGTTACGAAATGCAAGATAATCCGGATCATAATCACATTGAAGTGCAGATTAACAGTGAACTCGTACCGCGTTGGTATGTAGAATATGATGGCGAATGGTATGTTTATAACGATGGGAGGCTTGAATAAATGAACTGGAAACTGACGAAGACACTTTTCATTTTCGTGTTTATTCTTGTCAACATCGTATTAGTATCGATTTATGTTAATAAAGTCAATCGCTCACACATTAATGAAGTTGAGAGTAACAATGAAGTTAATTTTCAACAAGAAGAAATCAAAGTACCGGCTAGTATTTTAAATAAATCAGTTAAAGGCATACAATTAGAACAAATTACGGGGCGTTCAAAAGACTTTAGTTCTAAAGCTAAGGGCGATTCGGATTTGACCACATCAGATGGTGGAAAATTATTAAATGCAAACATTAGCCAATCGGTAAAGGTCAGTGACAATAACTTAAAAGATTTGAAAGATTATGTTAACAAACGTGTGTTCAAAGGTTCAGAATATCAATTAAGTGAGATTAGTTCTGGTTCTGTAAAATACGAACAAACGTATGATAATTTCCCGATTTTGAATAATAGTAAAGCGATGTTGAACTTTAATATAGAAGATAATAAAGCGACTAGTTATAAACAATCAATGATGGATGACATTAAGCCCACAGATGGTGCAGATAAGAAGCATCAAGTGATTGGTGTGAGAAAAGCAATCGAGGCATTATATTATAATCGTTACTTGAAAAAAGGTGATGAAGTCATTAATGCTAGACTCGGTTACTACTCAGTCGTGAACGAAACGAATGTTCAATTGTTACAACCAAACTGGGAAATTAAAGTGAAGCATGACGGTAAGGATAAAACGAATACTTACTATGTTGAAGCGACAAATAATAGCCCTAAAATTATTAATCATTAATATGAATCGTAATAAGCTAGCATTGCAAGCTCATCATATGTGAGAAGCGGTGCTAGCTTTTTGCTGGTATGGTTTATTATGGCTGACGTTTTTGCGTCCTAACATGCGCATTTATTCATATATTAAGTAGAACCGCATTGTAAAATTAACGTAACTGCTATTTTAAAAACTTTAGTATTTGTCTAATCATTGTTATAATAATTAGGACATTCATTGCACGTGATTATCAAAATTTAATTATAAGAGACCGGTCGATGAACTAAAGTTACAGAATAGGAAAGGTATACAAAACAGCTAATATACTGATAGTTTCTGTAGGGAAAATCGTATATTTGCACTGATGTATATTGCAGTCATATAGAGAGATTGACTGCTTAAATAGAAAGGATGAGCCGCTTGATACGCATGAGTGTATTAGCAAGTGGTAGTACAGGTAACGCCACTTTTGTAGAAAATGAAAAAGGTAGTCTATTAGTTGATGTTGGTTTGACTGGCAAGAAAATGGAAGAATTGTTTAGTCAAATTGACCGTAATATTCAAGATTTAAATGGTATTTTAGTAACCCATGAACATATTGATCATATTAAAGGATTAGGTGTTTTGGCGCGTAAATATCAATTGCCAATTTATGCGAATGAAAAGACTTGGCAGGCAATTGAAAAGAAAGATAGTCGCATCCCTATGGATCAGAAATTCATTTTTAATCCTTATGAAACGAAATCTATTGCAGGTTTCGATGTTGAATCGTTTAACGTGTCACATGATGCGATAGATCCGCAATTTTATATTTTCCATAATAACTATAAGAAGTTTACGATTTTAACGGATACGGGTTACGTGTCTGATCGTATGAAAGGTATGATACGTGGCAGCGATGCGTTTATTTTTGAAAGTAATCATGACGTCGATATGTTGAGAATGTGTCGTTATCCATGGAAGACGAAACAACGTATTTTAGGCGATATGGGTCATGTATCTAATGAGGATGCGGGTCATGCGATGACAGACGTGATTACAGGTAACACGAAACGTATTTACCTATCGCATTTATCACAAGATAATAACATGAAAGATTTGGCGCGTATGAGTGTTGGCCAAGTATTGAACGAACACGATATTGATACGGAAAAAGAAGTATTGCTATGTGATACGGATAAAGCTATTCCAACGCCAATATATACAATATAAATGAGAGTCACCCGATAAAGTTCCGCACTGCTGTGAAACGACTTTATCGGGTGTTTTTTTATGTTGTTGGTGGGAAATGGCTGTTGTTGAGATTAAGGTTCTAGTTGAAACGCAAAAAATAATTCGATATTAAATGTAATTTATAAATAATTTACATAAAATCAATCATTTTAATATAAGGATTATGATAATATATTGGTGTATGACAGTTAATGGAGGGAACGAAATGAAAGCTTTATTACTTAAAACAAGTGTATGGCTCGTTTTGCTTTTTAGTGCAATGGGATTATGGCAAGTCTCGAGCGCGGCTGAGCAACATACACCAATGAAAGCACATGCAGTAACAACGATAGACAAAGCAACAACAGATAAGCAACAAGTACCGCCAACAAAGGAAGCGGCTCATCATTATGGTGAAGAAGCGGCAACCAACGTATCAGCATCAGCACAGGGAACAGCTGATGATACAAACAACAAAGTAACATCCAACGCACCATCTAACAAACCATCTACAGCAGTTTCAACAACAGTAAACGAAACGCGCGATGTAGATACACAACAAGCCTCAACACAAAAACCAACTCGCACAGCAACATTCAAATTATCAAATGCTAAAACAGCATCACTTTCACCACGAATGTTTGCCACCAATGTACCACAAACAACAACACATAAAATATTACATACAAATGATATCCATGGCCGACTAGCCGAAGAAAAAGGGCGTGTCATCGGTATGGCTAAATTAAAAACAGTAAAAGAACAAGAAAAGCCTGATTTAATGTTAGACGCAGGAGACGCCTTCCAAGGTTTACCACTTTCAAACCAGTCTAAAGGTGAAGAAATGGCTAAAGCGATGAATGCAGTAGGTTATGATGCTATGGCAGTCGGTAACCACGAATTTGACTTTGGATACGACCAGTTGAAAAAGTTAGAGGGTATGTTAGACTTCCCGATGTTAAGTACTAACGTTTATAAAGATGGAAAACGCGCATTTAAACCTTCAACGATTGTAACGAAAAATGGTATTCGTTATGGAATTATTGGCGTAACGACACCAGAAACAAAGACGAAAACAAGGCCTGAAGGCATTAAAGGTGTTGAATTTAGAGATCCATTACAAAGT
CP129555.1_gap26	957034	959941	2907	GGAAAGATGCTATCTTCCGAAGGATTGGCCCAAGAATTGAACCAACGCATGACCCAAGGGCAAAGCGACTTTGTATTCGTCATTGGCGGATCAAACGGCCTGCACAAGGACGTCTTACAACGCAGTAACTACGCACTATCATTCAGCAAAATGACATTCCCACATCAAATGATGCGGGTTGTGTTAATTGAACAAGTGTACAGAGCATTTAAGATTATGCGTGGAGAGGCGTATCACAAATAAAACTAAAAATGGAGTAACTATTAATATAGTATAAATTCAATATGGTGATAAAAACAGCAAAAAAATAAAATATAACATCATAAAGGTGATGTGAATATATTATACAAAAGGGGAATATAATGTTGGAATTAATTACTGATTTTTCAAAAAAAGTCTTTTAAAAATTACAGTATGAAGGAAGAATTAAAATTCAATGCTATAAATATAATATACGGAGTTAATGGGAGGGGAAAAACTTCATTAGCTAGAGGTATTAAAGAAATAATAGAAGAAAATAATCCAGATAGCTTGAGGTATTTTTACACTGATTATATTCATGAACTTCTTTTACTAGAAGATTCCAATAAATTTAAAGGGGTAAAAGCGACATTTGGTACAAAAAATGTAGAAATTGAAAATAAAATAATCAAGCTGAAAAATGAAGTTGTTGATATGACGGATACTAAAAAGTTACTAGTTGAGAAGAGAAGGAAGTTAAGAGAACTAATAAACGAAATACATAAGTCAAGAAAAGGGAATCTTAAAATACCATTAAAATCATCAAATAAAAGTATAGAAGAAGTAATAGCTATTTATGAAAAAAATTTAAAAGATGCTAAAAAAATAGAGCATAATATAGAAAGTATAAGAAATTTTGTAGCGAATGATGAAACACTTTATAATAAATATAATAGCATTTATGAAGTTATGATTCCAAGCCTAAAAATTGAAACTTATGATGTAGATAGATTAACAAAGATTTTACAAAATAATTATACAGATATAAAAATTCCTAGTTTTGAAGTTATAGATTGGTTGCGTAATGGTTTAGAATTGCATAATGTTGAAGAGAGTATATGTAAATTTTGTGGAAACAATTTAAATTATAATTTGATTAAAGAAAAAATAGAAATATATTTATTAAATGAAAAGAAAAAAGATTTTGATTATCTTAAAGATGTCGAAAAATCAATTGAACAATTATCGGATAATTATGAACAATATTTATCTAATATTGATATATTTGTTAATGAATTAGGGGTCCAAAAGTCAGTAGAAGAAAGTTTGGGAGACTCAATTGATGAAATTAAGAGAATTTTAAAACAAAAATTAGGAAATATGGAGAATGACAATCTTAAATTTCCTTCTGATGATTACATTACATTAATAAGCAGATTATCTGAAATTGAAGAGGAATGTAAGGAAAAGAAGAAAATAAAATTAAAAGAATTAAATAAAAAAACAGAAAATATAAATGTAATAGTTACTGGCTCTATAAGTTTAGAAATATTAGAGAATCAAAGTATAAGAGAAGAACTTTCAAGTATTCAATATGAAGAAAATGAATGTAAGAAGCAAGAACAACTAAATGAGGAAATTAATGCAAAAATATCGAAATTACATGAAAATCAATCGGATTATAATGATTTTAAAATTTACTTAAATGGTGTATTTGAAAGTATTAATTTACATATTAGGTTGAAATCTGATGAAACTACACAAAATTATTATCTTTATCATGATTTAGAAAATATATCACTAAATATAAAAGATATAAGTGAAGGAGAGAAAAATCTAATAGCATTTTTATTCTTTTATTTTGAACTTTTTGAGGATGAGAAACAAGAAACCATTAAAAGTAACATTAAAACGTTAATCATTGATGATCCTATTAATAGCTTCGACGAAGCAAATAGATTTTACGTTTTAGAATTAATTAAAAAAGTACTTAAAAGCAAATTTAATCAAATATTTATATTTACCCATTCTTGGAATGACTTTTGTGATATAACTTATAGATTAAAAGGGGAAGATCATAATTTTTATGAAGTGTACAAAGATCATCAGGGAACTAGTTTTTTAGAAAAATTTAAGAAAGTAAAGACGCCTTATAAAAAGTTATTTCAAGAGATTTACGAGTTATCGAGAAAAAGTCAAAAGGACATAGTTGAGGAAGATTGTTATTACTATCATTCAATAAATAGCATTAGAAGAGTGTTTGAAGAATTTTTAAGTTTTAAGTTAAAAAATAGTGACCTAGCTCAGAAATCAAACCAACCAGAAATTGAAGAAGTTTATAGAAAAATGACAGGCAATGAAATGAGTAATAACAAAAAAATAAAGTTAGGATCATTTTTAACAATTATAAATGTATTGTCACATAAACCATACAGAGCAATAGATGTAATTGGTTCAGCAAAATTTTTGATGAGGTATATTGAAGATGTAGATAAAGCTCATTATGATGCTATGAAGGATTGAATTAATGGTCGTATAATTTTTTATTTGAAAAGAACTTAAAATTCATGGAGAACATAAATTGAACTATTATAAGTATGCTGAAAATAAAATTTAGAAGAAATAGAAACTTATTGATACACGAAGCAGATTGTAGTAACTTATCACCTATGTTTACTACAGTGAGAAGATTAGCTCCAAATAGAGGTAGAATAATGAATTATTTATAAGCTTCGACAGAAGCGTAAATACCTGTGGAATTTCATTTGATTATGACAAGAGAAAGAAGATTATTTAGTTCAGAGTTTAAGTTACAAATGGTTAGATTATATGAAAATGGTAAGCCTAGGAATGAAATTATACGCGAGTATGATTTAACACCTTCGCCGTTAGGAAAATGGATAAAGCAATATCAAAACACGGGTACATTCAATCACCAAGATAACT
CP129555.1_gap27	961244	961776	532	GGACATACCATTTGGGAGTTCTAAAAATCCGTTTGAATTTTATGAAATTTTAAAGGTTATACAAAATATTGAAAAAGGATTATACGAAGCTATTTGTGATGAAGCAATTATTATAAAGGAAGATGAAGAAATTAGTACAGAGGATTTTATAGATTCAATTATGGATTATAAGGTTCAAATCCCTACAGTGGATAGGTTGAAGAGTTCAATAACAGAATTATTTGAAAAGTACGAAATTCCTCAAGGTATACAATACGAGTATGATGAAGGAATGCCAGAATCATCTAAATACTGGTCACTAGAAATGGATGAAGACCTTTATTTTATTAAAGAAATAAATTTTAATGAGTGTTGATTTGTCAATTTAAGTGCAACAGTTCATCACATAAAACTTCATAAGGAAACTTCCAATTTAAACACTTTCTTGGTCGATAATTAATTGAGTCTAATGCATAGTTAAGTTGCTCTTGATTTACTTTAGCTAAGTCTGTTTTCTTAGGGAAAAATTCTCTTAGTAAACCATTGGTATTTT
CP129555.1_gap28	968225	971871	3646	CCATATGCCAAGAAACGATCCGGATATTGTTGAACTAATCTTTCATATAAGTCATTAATTTCTTGAGCACTTTGGTGAGCTTCTTCTTTAGTACCCCATTGTGGAGATTGTGGTGTCGCAGAAATAATTTGTAAATCTACGCCAGCATCGTCCATCATTTTGAAGCGTTTCTCTAAATCTTCTTTAGACGCAGATTGATTAATCCCTTTAGCAACTTCAGTACCTTGACTACCTAATTTGCCAAGTTTGTCTAAATAGTCTTCATTCCATAAATGTGCGTGTGTATCAATCGCTTTTGTTTCAGTCATATTATCCCCTCCATTAAAAATTGTCATTCATAATTTGCTTATTGCCAATAGCTTATTTATTACGAGTTAAGCTTAACACTTCTAGTAAGCTTAATACATTTAAAAAGAAAAATTTAGAAGCAGCTTGTGCACCTTTATAACCATGCCCAGCTTTATAATGGTTATAAATAGCTGTACCCATAACAATATTAATCATAATCGTACCAACAACTACTAATTTTTTCCCTAATTTACCGAAAATAGAAGTAAATAAAAGAAGTGAACCAATCATTTCGAAAGCGCCAGCTAATCTCATTGATCTACGAGATAAACCAAAGCCTTGTTCGAATTGTTGAGCCATTTCATCACTATTTTGTACTTTTGGTAAACTGCTTTTAAAAATTTTACTACCTACATATGTGTTAATGACGTGTCTTAATAACATTTTAAAATCCTCCAAATAATTAATGTTTGCGAATAAAGAATGCAATGATAGTACCTATAAAGGCAATCAATGCGACGACATAGAATGTAATATCTAGACCATGAATAAGTCCTTGACTACCACTTAATGAAGAGGTTTTTCCTAATCCTGTCATCAATGTGACCAAGATACCAGTACCTATTGCAGCTGACACTTGTCTAATCGTATTATTCATGGCTGTACCATGTGCAATGTATTGACGTGGCAAAGCATTTAAAGCTTGAGTTGTCATTGGCGTCATGATCATAGCATTACCTAACATGGTAACTGAAAATGAAATAATCACATATAGTTGTGTTGTATTTTGACTAAATTGAGCCATTAATAATGCACCAATCATAATCGTTAGCATCCCCATAATACTCAAGATACGTCCACCAATTTTATCGAATAATTTACCAGTGACAGGCGATAACAGTCCCATAATTAACCCACCAGGTAATAAAATAAGTCCTGACTCTAACGGGGACCATTTCATCATCGTTTGCATATAAATTGGTAAGATTGTTAAATTCCCTATAAATAACATGAACATTAGTACAATTAAAATCATTGCCACTGAAAAGTCGTTATATTTAAATACTCTAAACTCTAACAATGGCGATTCCAGTTTTAATTGTCGGAAAATAAATACCGTTAATATAACTATGGCAGCAATAATAGTTATATAAACCATTGGATGTGACCAACCTAAGTTTCCTGCTGTACTAAAACCATATAGTAAGCCACCAAAGCTAACCGTCGATAAAATAACGGATAGTTTGTCTAAGTTTGGTTTACTTAGTTCCGTTATATTTGGCAATGATAGATACCCGAATACAAAATCAATCATACCTATTAGTAATACGACTAGGAACAGATAGCGCCAATCGAAAATATTGACGAACCAACCAGCTGCAGTTGGTCCAATCGCGGGTGCAAAACCTATTACAAGACCGAACATTCCCATTGCCATTCCACGTTTTTCAGGTGGAAACATAATGAAAAGGAGTGTCTGTGTGAGTGGCATCAGTATACCAGCACCTAAGGCTTGAATACTACGTCCTAATAATAACATTGGAAAATTGATTCCTAGCATACAAATAAATGAACCAATCATTAAAAAGCATGTTGCATTAAAAAATAAAGAACGTAATGTAAAACGTTCAATTAAAAATGCTGTGATAGGAATCATAATCCCATTGACTAGCATAAAAATTGTCGTGAGCCATTGTGCTGTACTACTTGATACCGTAAAATCTTTCATAATTTCTGGAAGTATCGTAGTCATCAAAGTTTGATTCAGCACACCAACAAAAGCACCAATCATTACGACAGCTATAACACGGTTCCGTTGTTTCAAATCTATATTAAAGCATATACATTCCTCAAATTTTGACGCCTCCCTCTCTTTTAAGTGGAACCTACTATCATTTGTTTTATACGGAATACGTTCCGTTTGTCAATTTAATAACTCAAGGGTATGATAATAGGTATCTGATAAAATGAAAAACGCAATAATGAAGGAGGTAGTTTATATAAATTTTGAAGGATTAGAACAATATTTAAATGGTGATAATACAAGATATAACACGCTTAGTTTAGAGACGCTTAATTATTATTTAAAACAATATGTGTTAACTGTCCCGTTCAAAAATATGGATGTTCAAAATGGGATGAAAGTTTCTGCAGAAGTAAAAGATATTTAAAATAATGTAGTGAACCATCAACACGGTGACTTTTATTATGAAATGAATAATTTCTTTAACGTGTATTTTGAATATAAAGGATTTACTGTAAATATAGTTTCTTCAACTATCCATACCCATGGTGATGGAAAAAGCTTAAAAGGTTCTCACGTGTCTTTAATCATACCTATTGATGGCGTTGATTATGTTACAGGTGCTGACTTTGGAGACTTGCCATTTAGTGTCATGCCAATTGTTCCAAAAGATAATAGTCCAGTCATTCATGATATGAACGGTGATTTCCATGCAATTTACGTCAACGATTATTTATTTTATGTTCGAAAAATGGGGAAAGATAATGACAATAACTTGGATCACACTATGAAGTGGAATTAACACCTCGTCATATTCATGACTTTGTTTACAATATTGAATATAATGAAATTAATCCTAATGCTATTTTTGTGAAACGCTAGTTAGTAACAATGATTAAATCTTTTTGGTCGTGCTACAATGTTACAAAATAATATAACTTTAACTAAGCAACAAAAGAAAGAATAATATGATGTAACACCTGAGAATGATAGACAATTTTTAGAAGAAGCATTTAATTTAGATGTTAAAATTGATAGATTAGAAAGTTAAAAACAACGTTAAAAAGAGGAATATAATGGAAAAAAATCAACGAAAAAAACGCAGTGATGCCGAATATAACCAACAGATTATCTTAACTACAATGGAAGATTTACTAGAACAGGGTGAAGATATAAGTACTAAGAAAATGTCAGATATTGCTAAAATATCAGGTGTTGGAGTTGGTACATTATATCGTCATTTTGAAAGTAAAACATTGTTGTGTCAGGCTATTATGGATAAAAAAGTCGATCAAATGTTTATAGAAATAGAAGATATTTTAGCGGAAAATACACAGTGGCCCGTGCGAGATAAAATCAATGTTATATTAACAAAGTATCTAGATTTAAAAGAAGCAAATTTCACAACATTAAATTTTATAGAAAAATCCAGTTCACACTCTAGTTCTGTAATTAATATTCCATTCTTTGAGCGACTAAAAAACTTATTAATTCAACAATTCGAAAATGTTCATTCCATAGCAGACTTGGATTTTAAACTTAATCTAATGCTCAATGCATTTTCTTCAGATTTCTATTATTTTGTAAAACATAACCAAAAATTAACAAAACAAC
CP129555.1_gap29	1011173	1014104	2931	AGGTTGTCGCAAGTTATAGTGGTTGTTGTTCTGTAGAGAGAATTGCACAAGGTACATATCCTTGTCTTTCTCAACAAGATGTACTCATGAAGTATCAGCCATTGAGTTATAAGGAAATTGAAGCGGTTGTTCATAAAGGGGAAACTGTGCCAGCAGGTGTGACACGCTTTAATATTTCAGGACGATGTCTTAATCTTCAAGTACCACTGGCATTACTTAAACAAGATGATGATGTTGAACAACTGCGCAATTGGAAGCAGTTTTTAGCAGATAAGTTTGCCAATATGAGATGTTATACTGAAAAAGTATACTTGGTGGAGCAATAGTTTTACTGTGATGTTGAGGGAAATATGATGATTTAGCCTATTAATAGCGAAAATATAATAAAACAATATAGTGTGGAGAACTTTTGATATTTTATAAATATTGAAGTTCTCCATTTTTGTATTTTGCATATAAAAATTAAATAAAATAAGGTATATTAAGGTAAAGTATAAATATTAAATAAATGGGGAATAGACATGGAAAAAAATGTAGAAAAATCATTCATAAAGATAGGTTTATATTTTCAAATAGCTTATATAGTACTCATGGCTATAACTTTATGTGGGTTTGTAATTTGCTATGGACTAATTTTCGGCCTTTTCTATTTATTGTCAGGTAGCAGAGCTGATTATTTAATAGTAACGATAGTTATATCGGCAATAATTTCTATATTTGTAATTATACTTTCAATCGTACCTGTCATCGTATTGGCATCTGACTTATTTAAAGAAAGGATTTCAAATGGTGTCATATTAATTGTATTGGCTATTATCGCTTTAGTATTATGCAACTTTGTATCTGCAATACTCTGGTTTGTTTCAGCCATATCTATTTTAGGTAGAAAAAAATTAGTATCTACATCAGATACTACCACTATTCAAAAAAGTAAAGGGAACGCAAATCAAGCATCACATAAAGACACGTGTAAAAAGGAACTTGATAGTCAAGACATGATGGAACATCCTGAGTTTAAAAATCCCACGACTAAAAACCTAGAAGGATTAAACGAAGAAGTACATAAAGATGAAGCTACAACTAAAGTTGACAGTGATAATACGGAACCGCCGATTGAATCAAAAGACCATGTCTCGAAAAAAGATTGATGACAAACTAATCGAGAGACTTAAAAAATAATATTCAACATAAACACTTTTAAAACGACATTTAAACGCATTGCCAATCACTAAAGGTAGTGCGTTTAACTATACCTTAAATATCTGAATATTTTGTTAAATGGAGTTACCTTTGTTGTACTATTCAAATGAAGAGGAGTAAAATGTAATTAAAGGAAAGTAATTTGAGGAGTGATCTTTATGACAAACAACAAAGTAGCATTAGTAACTGGCGGAGCACAAGGGATTGGTTTTAAAATTGCAGAACGTTTAGTGGAAGATGGTTTCAAAGTAGCAGTTGTTGATTTCAATGAAGAAGGGGCAAAAGCAGCTGCACTTAAATTATCAAGTGATGGTACAAAAGCTATTGCTATCAAAGCAGATGTATCAAACCGTGATGATGTATTTAATGCAGTAAGACAAACTGCAGCGCAATTTGGCGATTTCCATGTCATGGTTAACAATGCCGGCCTTGGACCAACAACACCAATCGATACAATTACTGAAGAACAGTTTAAAACAGTATATGGCGTGAACGTTGCAGGTGTGCTATGGGGTATTCAAGCCGCACATGAACAATTTAAAAAATTCAATCATGGCGGTAAAATTATCAATGCAACATCTCAAGCAGGCGTTGAGGGTAACCCAGGCTTGTCTTTATATTGCAGTACAAAATTCGCAGTGCGAGGTTTAACACAAGTAGCCGCACAAGATTTAGCGTCTGAAGGTATTACTGTGAATGCCTTCGCACCTGGTATCGTTCAAACACCAATGATGGAAAGTATCGCAGTGGCAACAGCCGAAGAAGCGGGTAAACCTGAAGCATGGGGTTGGGAACAATTTACAAGTCAGATTGCTTTGGGCAGAGTTTCACAACCCGAAGATGTTTCAAATGTAGTGAGCTTCTTAGCTGGTAAAGACTCTGATTACATTACTGGACAAACAATTATTGTAGATGGTGGTATGAGATTCCGTTAATAATCATCCATTAATAATAAATAAATCCTTATTGTTAAGTTTAATCACTTAGCAGTAAGGATTTTTTAGTGCACTTAGAAGGGATTGTATTAGTAGAAAATTAATAACAGAAGCTCTTAAGTGAGTTATGATGTCACAGTCTAATGCATCAGTTGAAAGCATTACTAAATTCTATCAAGCATAGTTACGCTAAAACATCATAAAACACCACTATCTAATTTATCTACATAAAAATTCACAAAGTTATCGCATTTTATTTTTATAAATAAAAAATACCGATAAAAAGCTTACAATACTTTATGTTTTTGTGATATATTTTTAATGTATAAATGAGGTGGAAGATTTGGAAAAAGTTTTGATAACTGGTGGGGCTGGTTTTATTGGGTCACATTTAGTAGATGATTTGCAACAAGATTATGATGTTTATGTTCTAGATAACTATAGAACAGGTAAACGAGAAAATATTAAAAGTTTGGCTGACGATCATGTGTTTGAATTAGATATTCGTGAATATGATGCAGTTGAACAAATCATGAAGACATATCAATTTGATTATGTTATTCATTTAGCAGCATTAGTTAGTGTCGCTGAGTCGGTTGAGAAACCTATCTTATCTCAAGAAATAAACGTCGTAGCAACGTTGAAATTATTAGAAACCATTAAAAAATATAACAGTCATATAAAACGATTCATCTTTGCATCATCTGCAGCCGTTTATGGTGATTTACCTGATTTACCTAAAAGTGATCAATCATTAATTCTACCATTATCACCATATGCAATAGATAAATATTAC
CP129555.1_gap30	1050090	1054246	4156	TCACTTTCTGTGATTGTATTACAAAAACAACAGTTAGAATTAATACTGCAAGCGTTATTTTTAATAGGTACTACTGCAACATTTGTTATATCAAAAATGCTTAATTTAACTTTTTTAAACTTTGTATCTATTAATACAGTTGTTTTAATCGTATCGTACATGATATTTTTCATAGCACTCTATTATTTTGCTAAAAATAAACAGTTCAAAAATTCTTAGTCTAAATTCATTAATAAAAAGGACGTCGATTAGATGAGTGAAAAAAAGATTTTGATTTTATGTCAGTATTTTTATCCGGAATATGTATCTTCAGCGACGTTACCAACACAATTGGCGGAAGATTTAATTGCGAATCACATTAATGTCGATGTCATGTGTGGATGGCCATATGAATATAGTAATCATAAACAGGTTTCTAAAACCGAGATGCATCGTGGTATTCGCATTCGACGTCTCAAGTATTCGAGGTTTAATAACAAAAGTAAGGTTGGAAGGATCAGCAATTTCTTTAGTTTATTTTCAAAATTCGTGATTAATATACCTAAAATGTTGAAATATGATCAGATTCTTGTTTACTCTAATCCACCAATCTTGCCATTAATACCAGACGTTCTACACAGATTGCTTAAGAAAAAATATTCTTTTGTGGTGTATGATATAGCACCTGATAATGCGATTAAGACAGGTGCAACACGTCCAGGTAGCATGATTGATAAACTGATGCGTTACATTAATAAACATGTCTACAAGAATGCTGAAAATGTCATTGTCCTTGGTACGGAAATGAAAAACTACTTACTAAATCATCAAATTTCTAAAAATCCTGACAATATTCATGTGATTCCTAACTGGTATGACATGCGTCAGTTACAAGACAATCGTATCTATAATGACACATTTAAAGCTTACCGTGAGCAATACGACAAAATTTTATTGTATAGCGGTAATATGGGGCAGTTACAGGATATGGAGACACTTATCTCATTTTTAAAATTAAATAAGGATCAGCCTCAAACGTTAACAATACTTTGTGGTCATGGTAAGAAATTTGCAGATGTCAAAACGGCAATAGAAGACCATCGTATTGAAAATGTTAAAATGTTTGAGTTTTTAACAGGTACAGACTATGCTGACGTATTAAAAATTGCGGATGTATGTATTGCATCGCTGATTAAAGAAGGCGTCGGTTTAGGCGTGCCGAGCAAGAATTATGGCTACCTTGCAGCTAAGAAGCCGTTGGTACTCATCATGGATAAGCAATCTGATATCGTTCAACATGTTGAACAATATGATGCGGGTATCCAAATTGATAATGGCGATGCACATGCCATTTATAACTTCATCAACACTCACTCGAGTAAGGAATTGCACGAGATGGGTGAGCGCGCACATCAACTGTTTAAAGATAAATATACGAGAGAAATTAATACTATGAAGTATTACAATCTGTTGAAGTGAGGAGATAATTATGAAGCGATTATTCGATGTAGTGAGTTCAATATATGGTTTAGTAGTTTTAAGTCCGATTCTGTTAATTACAGCATTACTAATTAAAATGGAATCACCCGGACCAGCCATTTTCAAACAAAAAAGACCGACGATTAATAATGAATTGTTTAATATTTATAAGTTTAGATCAATGAAAATAGACACACCTAATGTTGCAACTGATTTAATGGATTCAACAGCGTATATAACAAAGACAGGGAAGGTCATTCGTAAAACCTCTATTGATGAATTGCCACAATTATTGAATGTTTTAAAAGGAGAAATGTCAATTGTAGGTCCTAGACCAGCGCTTTATAATCAATACGAATTAATTGAAAAACGTACAAAAGCGAACGTGCATACGATTAGACCAGGTGTAACAGGGCTAGCTCAAGTGATGGGGAGAGATGATATTACTGATGATCAAAAAGTAGCGTATGATCATTATTACTTAACACATCAATCTATGATGCTTGATATGTATATCATATATAAAACAATTAAAAATATCGTTACTTCAGAAGGTGTGCATCACTAATGAGAAAAAATATTTTAATTACAGGCGTACATGGATATATCGGTAATGCTTTAAAAGATAAGCTTATTGAACAAGGACATCAAGTGGATCAAATTAATGTTAGGAATCAATTATGGAAGTCGACCTCGTTCAAAGGTTATGATGTTTTAATTCATACAGCAGCTTTGGTTCACAACAATTCACCTCAAGCAAGGCTATCTGATTATATGCAAGTGAATATGTTGCTTACGAAACAATTGGCACAAAAGGCTAAAGCTGAAGACGTTAAACAATTTATTTTTATGAGTACTATGGCAGTTTATGGAAAAGAAGGTCAGGTTGGTAAATCAGATCAAATTGATACACAAACACCAATGAACCCTACGACCAACTATGGTATTTCCAAAAAGTTCGCTGAACAAGCATTACAAGAGTTGATTAGTGATTCGTTTAAAGTAGCAATTGTGAGACCACCAATGATTTATGGTGCACATTGCCCAGGAAATTTCCAACGGTTAATGCAATTGTCAAAGCGATTGCCAATCATTCCAAATATTAATAATCAGCGGAGTGCATTATATATTAAACATCTGACAGCATTTATTGATCAATTAATATCATTAGAAGTGACAGGCGTGTATCATCCTCAAGATAGTTTTTACTTTGATACATCGTCAGTAATGTATGAAATACGTCGCCAATCGCATCGTAAAACGCTATTGATCAACATGCCTTCAATGCTAAATAAGTATTTTAATAAGTTGTCGGTCTTTAGAAAATTATTCGGCAATTTAACATACAGCAATACTTTATATGAAAATAATAATGCGCTTGAAGTTATTCCTGGAAAAATGTCACTTGTTATTGCGGACATCATGGATGAAACGACAACCAAAGATAAGGCATAAGTCATCTATTAAATAAAATCAACATACAAATCGTTTTATTTGGAGGTTATAGTATGAAGTTAACAGTAGTTGGCTTAGGTTATATTGGTTTACCAACATCAATTATGTTTGCAAAGCATGGCGTCGATGTGCTTGGTGTTGATATTAATCAGCAAACGATTGATAAGTTACAAAGTGGTCAAATTAGTATTGAAGAACCTGGATTACAAGAGGTTTATGAAGAGGTACTGTCATCGGGAAAATTGAAGGTATCTACAACGCCAGAAGCATCTGATGTTTTTATCATTGCCGTTCCGACACCGAATAATGATGATCAGTACCGGTCATGTGACATTTCGCTAGTTATGCGTGCATTAGATAGTATTTTACCATTTTTAGAAAAAGGAAATACCATTATTGTAGAGTCGACAATTGCGCCTAAAACGATGGATGATTTTGTAAAACCAGTCATTGAAAATTTAGGGTTTACAATAGGTGAAGATATTTATTTAGTGCATTGTCCAGAACGTGTACTGCCAGGAAAAATTTTAGAAGAATTAGTTCATAACAATCGCATCATTGGCGGTGTGACTAAAGCTTGTATTGAAGCGGGGAAACGTGTCTATCGCACATTCGTTCAGGGAGAAATGATTGAAACAGATGCACGTACTGCTGAAATGAGTAAGCTAATGGAAAACACATATAGAGACGTGAATATTGCTTTAGCTAATGAATTAACAAAAATTTGCAACAACTTAAATATTAATGTATTAGATGTGATTGAAATGGCAAACAAACATCCGCGTGTTAATATCCATCAACCTGGTCCAGGTGTAGGCGGTCATTGTTTAGCTGTTGATCCGTACTTTATTATTGCTAAAGACCCTGAAAATGCAAAGTTAATTCAAACTGGACGTGAAATTAATAATTCAATGCCGTCCTATGTTGTTGATACAACGAAGCAAATCATCAAAGCGTTGAGCGGGAATAAAGTCACAGTATTTGGTTTAACTTATAAAGGTGATGTTGATGATATAAGAGAATCACCAGCATTTGATATTTATGAGCTATTAAATCAAGAACCAGACATAGAAGTATGTGCTTATGATCCACATGTTGAATTAGATTTTGTGGAACATGATATGTCACATGCTGTCAAAGACGCATCGCTAGTATTGATTTTAAGTGACCACTCAGAATTTAAAAATTTATCGGACAGTCATTTTGATAAAATGAAGCATAAAGTGATTTTTGATACAAAAAA
CP129555.1_gap31	1151554	1153183	1629	AAATTATTTTCTTAGATGCGATTTCACTTAGAACATTTGAAAATTACACATTAGATTATGACATCGTCTTTTCACCAATGTTTGTCTTAACACATAAAAAATTATTTATCACAAAAGTAGCTTTATCTGAAAATGAGCAATGAAAGTTACGTAAAGAAGTGATGAAGTACATTAATAAGGAATCGGCTGACATTGATAAGGAAATAAACAAGTTAATGGCATTAATTGAACGCACTACGACAGTTAATGACATTACAGAACTACGTGATGGTTTAGAAGATTTTATTGCGAATTATAATTCAATTTCAACCATTAATGGATCGATTGTCACACAAAATAAGACATTAGATTTAGCTGACTTGATACCAGCAAGGCACGTGAAAAGAATACATCATGTTGAAAATATTGATGAAGCTATTGCTAAAGCAAGTGATGTGTTAGTTGCTAATCATTTTATTGATATTAAATATATTCATGAGATGCAACAGGCATTTGATGATTCGTATATGGTTATCATGCAAAATATTGCTATTCCACATGCATACTCTGAAAAGCATGTACATAAAACAGCGATGAGTATGTTGATATTACAAGAACCAATATACATGTCAGATGGCACAGCAATCCATATTATTGTACCTATTGCTGCTGTTGATAAAGTGACACACTTAAGAGCGTTACTACAATTGAGAGATGTGGCGCAAAACAATGACGCAATTAAGCGCATCATACAAAGTCGCAAAAATTCTGATGTAAATGAGATTTTAAAAAATTATTCAAATAAAGAAGCGAGGGAAAATGGATGGGACAGCAATTAGTGCATAAAGAAAATATAATGCTCAATTTGTCGGCAACTGATAAAGAATCTGTATTGTCACAAATGTCAGATGTGTTATTTCAAAATGGGTTCGTAAAGTCAACGTTTAAAGATGCAGTCATCGACAGAGAAAAAGAGTTTGCTACTGGTTTACCAACGCATCTATGTTCGGTTGCTATACCGCATACAGATGTCGAACATATTAACCATAGAACGATAGGTGTGGCTGTTCTAGAAAAAGAAGTGCCGTTTATTGAAATGGGAACACTTGATCAACAGACAGAAGTGAAAATCGTTTTTATGTTAGCAATGGATAAAGTAGATGATCAACTTAAGCTGTTACAACAGTTGATGCAAATTTTTCAAAGTGAAGAAAAATTGGAGCAGATTCTACGAACGAAAGATGAAACAATTTTAGCAACACTAATCAATGATTATTTGAAATATAACTAAAAATTAATTGGAGGAATTGAAAATGAAACAAGTATTAGTAGCGTGTGGTGCAGGTATTGCAACGTCAACAGTAGTAAATAATGCAATTGAGGAAATGGCAAAGGAACACAATATTAAAGTAGATATTAAACAAATCAAAATTACAGAAGTTGGACCTTATGAAGACACTGCAGATTTATTAGTTACAACTGCAATGACAAAGAAAGAATATAAATTCCCAGTTATCAACGCACGTAATTTCTTAACTGGTATTGGTATTGAAGAAACAAAACAACAAATCTTAACAGAGTTACAAAAATAACTGAATTGATATGTAACGTGGGTCAATAACATATAAATATATGCAAATTGCATATAAA
CP129555.1_gap32	1155759	1156376	617	TGTAAGTAATTCTATCGTCATTGCAGGTTATTTTGCGACAGGTATTTTTAAAAAGAAAAAAGTTGTGAATTAAATCAAAGTTGAGGTGATTTACAAGTGAAAGCTTTGAAATTATATGGCGTGGAAGATTTACGGTATGAGGATAATGAAAAGCCAGTCATTGAAAGTGCGAATGACGTTATTGTTAAAGTACGAGCGACTGGAATATGTGGTTCAGACACGTCACGATACAAAAAAATGGGGCCATACATTCAAGGTATGCCATTTGGTCATGAATTTTCAGGTGTTGTAGATGCCATTGGAAGTGATGTTACGCATGTTAATGTAGGCGACAAAGTGACAGGTTGCCCAGCCATACCTTGTTATCAATGCGAGTATTGTTTAAAAGGTGAATATGCACGATGTGAAAAGTTGTTCGTCATTGGCTCATATGAACCTGGATCGTTCGCGGAATATGTCAAATTGCCAGCGCAAAATGTTTTAAAGGTACCAGACAATGTTGATTACATTGAAGCAGCAATGGTTGAGCCATCAGCCGTTGTTGCGCATGGGTTTTATAAATCGAATATACAACCTGGTATGACTGTTGCAGTAATGGGGTGTGGCAGTATAGGATT
CP129555.1_gap33	1157770	1160183	2413	ATTTTTAACTCAACGTATTATTAAAGAGAACATTGAAGTAGCAGCAAAATATGGTGCAGTAGATACAGTCATTGAAGCAATTGATACGATTGTAATGTCTAAAGATAAACAGAACATACACAGTATCCCTGTAAGGAATGAAATGTATCAAGGCCAAACACCACAATCATTTAATATTAAATTATTACAAGATAGTTATCGTGCCTTAAGTAGTGCACAAAAAGAAATCTTATCAGATGCATGTAAAATCATTGTCGAATCTGGACATGCAGTTAAATTGGTACGCGGAGAACTATACAACATTAAAGTGACAACACCGTATGATTTAAAAGTAGCAAATGCCATTATTCAAGGTGATATTGCCGATGATTAATCAAGTATATCAACTCGTTGCACCGAGACAGTTCGACGTCACATATAATAATGTTGATATTTATGGTAATCATGTCATCGTAAGACCTTTATACTTGTCTATTTGTGCAGCTGATCAAAGGTATTACACAGGTCGAAGAGATGAAAATGTACTGCGCAAAAAATTACCAATGCCATTAGTTCATGAAGCTGTTGGTGAAGTTGTATTCGATAGTAAAGGCGTATTTGAAAAAGGTACGAAAGTAGTAATGGTGCCGAATACACCTACAGAAAAACACGACGTGATTGCGGAGAATTACTTAGCCTCTAGTTATTTTAGATCTAGTGGTTATGATGGTTTTATGCAAGACTACGTTGTGATGGCACATGATCGTATCGTTCCGCTGCCTAATGACATTGATTTGAGTACGATTTCATACACAGAGTTAGTGTCAGTAAGTTATCATGCTATACAACGATTTGAACGTAAATCTATACCTTTGAAAACCAGCTTTGGTATTTGGGGTGATGGTAACTTAGGTTATATTACTGCTATTTTGCTGCGTAAGTTGTACCCAGAAGCTAAAATTTATGTATTTGGTAAGACAGACTATAAATTAAGTCATTTTTCATTTGTAGATGACATCTTTACAGTAAATCAAATACCAGATGATCTTAAAATTGATCATGCATTTGAATGTGTTGGAGGTAAAGGAAGTCAAGTTGCACTTCAACAAATAGTTGAACATATTTCACCAGAAGGCAGTATTGCTTTGTTAGGCGTAAGTGAATTACCCGTGGAAGTGAATACACGATTAGTACTTGAAAAAGGATTAACGTTGATTGGTAGTAGTCGAAGCGGCTCTAAAGATTTTGAGCAAGTTGTTGATTTATATCGTAAGTACCCAGACATTGTTGAAAAGTTAGCCTTATTAAAAGGACATGAAATTAATGTATGTACGATGCAAGATATCGTCCAAGCGTTTGAAATGGATTTATCGACATCTTGGGGAAAAACAGTATTGAAATGGACGATTTAATAAACCGATGGGGGAATAACAATGACAAAAACGAAACAAGCAATACATATTGATAACATATACTGGGAACGTGTTCAGTTATATATTGAAGGACATAGTGAAGGCGTAGATTTAACATCAGGACAATTTGTTCTGAGGAATTTAACCGAAACAAAAACATTAGAAGCAAATGAAATGAAAATAGACGGTAATACATTTCTATGTAGATTCAATGTCGCAATATTAGACGATGGGTATTATTTACCAATGGATAAATATTTATTTGTTTATCATGACCAGTTAGAGTATATTGGACAACTTAATCCAAATATTATTGATCAAGCTTATGCGGCATTAAATGAAGAGCAAATTGAAGAATACAATGAGCTGACTACACAAAATGGAAAAGCAAACTATGTGTTAGCCAACGAAGCTAAAGTTTTCCGCAAAGGTGGCGTATCACAACATACGGTTTATACCATTACTCCAGAAATAGCAAGTGACGTTAACGAATTTGTATTTGATATTGACATCACCTTACCTCAAGAGAAATCAGGGGTCATTGCGACAAGCGCACACTGGCTTCATAAACAAGGCCATAAAGCTTCATTTGAAAGTAGAAGTTTCTTATTTAAAGCTATTTTTAATATTACAAAGTTACTACATATTAAAAGAAGCAAAACAATATTATTCACATCAGATTCACGTCCGAATTTATCAGGTAACTTTAAATATGTATATGATGAGTTACTACGCCAAAAAGTAGATTTTGATTATGATATTAAAACGGTATTTAAGGCGAATATTACGGATAGACGTAAATGGAGAGACAAGTTTAGATTGCCATATTTACTTGGTAAGGCTGATTATATTTTTGTCGATGATTTCCATCCATTAATTTATACGGTTCGCTTTAGACCATCACAAGAAATTATTCAAGTGTGGCATGCCGTTGGTGCTTTTAAAACAGTTGGCTTTAGTCGTACAGGTAAAAAAGGTGGTCCGTTTATTGATTCATTAAATCATCGTAGCTATACAAAAGC
CP129555.1_gap34	1346108	1350578	4470	AAGTAAAGTGCTCAATAATTTAATTAAGTATACTATTTTTTTATTATCGAAGATTGCGAAAGGTGAAATGCTCCTATATAATGTAAAACGGAATTATTCCTATTTACAAATAAATTGAAGTGAGGGTATATATATGGCTAAAATTCCAGTTACGGTATTAAGTGGTTATTTAGGCTCGGGGAAAACAACGTTGTTAAATCATATTTTACAAAATCGTGAAGGTCGACGTATCGCAGTAATTGTAAATGATATGAGTGAAGTTAATATCGATAAAGATCTTGTCGCAGATGGTGGGGGACTATCGCGCACAGACGAAAAATTAGTCGAACTTTCTAACGGTTGTATCTGTTGTACACTTAGAGACGATTTATTAAAAGAAGTTGAGCGTTTAGTGAAAAAAGGTGGCATCGATCAAATTGTTATTGAGTCAACAGGGATTTCAGAGCCAGTACCTGTTGCACAAACTTTCTCATATATTGATGATGAACTTGGCATTGATCTTACAGCGATTTGCCGTTTAGATACAATGGTTACAGTTGTGGATGCTAACCGCTTCGTCCATGACATCAACTCAGAAGATTTATTGATGGATCGTGATCAAAGCGTTGATGAAACAGATGAGCGTTCGATTGCTGATTTATTAATTGACCAAGTTGAATTTTGTGATGTATTGATTATTAATAAAATTGACTTAATAAGTGAAGAAGAACTAGCGAAGTTAGAAAAAGTGTTAAGTGCATTGCAACCGACTGCTAAAATTATTAAGACAACAAATTCTGAAGTAGATTTAAAAGAAGTCTTGAATACGCAGCGTTTTGATTTTGAAAAAGCGAGCGAGTCAGCAGGATGGATCAAAGAACTTGAGTCTGGTGGGCATGCATCGCATACACCTGAAACAGAAGAATATGGTATATCATCGTTTGTATATAAACGTCGTCTACCTTTACATGCTAAAAGGTTCAATGATTGGTTAGAAAGCATGCCAAATAATGTCGTTCGATCAAAAGGTATCGTATGGTTAGCACAATACAATCATGTAGCATGTTTATTATCTCAAGCAGGGTCATCTTGCAATATTCATCCAGTTACATATTGGGTGGCTAGTATGTCTGAAGCGCAACAAACGCAAATATTAGCAGAACGCCAAGACGTCGCAGCTGAATGGGATCCAGAATATGGCGATCGTCATACACAATTTGTCATTATTGGTACAGACTTAGATGAAGGTGCAATTACAAAAGAACTCGATGCATGCTTAGTCAATGCGCAAGAAATTGATGCAGATTGGCAACAATTTGAAGATCCATATCAATGGCAAATTAGACCGGCACGATAAGTTGAATGAAGTGTAATCATTTTTAAATTGTGGCTTAATTGTTTGCAATTTATGACAATTAATAAAAAGTTAAGATGTTCTTAGGATCTTTTTGTTTTCAATCTATCTAAAGTGTGATAGTTTTGATAAAGCAGAAATTTGCATTTTATCCATAGGGCTAGGACATGTATGTGTCTTAGTCCTTTTTATATTTGCGTTGATGAAAAATGACAAAACCATCGTACCAACTGTTAATTGAAAGTACAATCATTGTTTAAAGGTCATAAAAATGAGTGAAGCAAATGCAGCTATCAATGTACTATTACTGCTTACAGTCACACGAGTGTTTCAGCCTAAACGTGCAATGAAATTCTGCACGCGTCCAATATATCATGCGCTAGATCATGAAGATCATTAAGATTTCACATGCCAAATCATGAATGTCTCAGACCTCGAGTATCAAACATAAAACACGCCACAAAAATATAACGCGTCAGACTACAAAGATCACGAATATTCCGTATGTCCCACTAAGAACATCCTATACAAAAAACACCAAGACCATTTATTTGCAACAAACTACCCAGACTCATCTCACATCAATAAATCAACACAAAGCAAAGCCACCATCCCTATTGGTATAGTGGCCTGAGAATTTTAAGTATTCAATTCGCTTAAATTATTTTGCGAAAATGTCGATAATTGCTTTGATGATTTTAATGATAGTACCTACAATAGCCATCGTTTTGTCCTCCTGTATGTTGATTTAACATAGTGATGAGTTGTTGATCGTTAATGTTTGAGATTAGTAGTTACCTAAAAATTTACCAAGTAAATCTTTAAAGAATTTGAATAATTTTGCTACGAATTCCATGTGAATGGCCCCCTTCAAATAAGATGTTCATATCTATGATATTTTTATAACTTACTTACCAGTGAATTTCTCAATTAATCCTTTAATGAATTTAATGATTCCTGCAATGATACCCATGTGAAAGACCTCCTTTGTTTGTTATGAAAACTTATTTACCAGTGAATTGTTCGATTAAGCTTTTGATAACTTTAATGATGCCAGCGATGATACCCATTAAGATTACCTCCTTTGCTTATGAGTTAACTTCATTGTACATAGTTATCTTGTGCGTAATTGATTTTTTTCCTAACTTGAATTGTTATGATCATAACTGCGAATTTTTTATTTTAAAAGGACGGGAAATACTGCCTAACTGTACAGGTGCATTTACAAAATCTTTACAATCATTAGTTTAGTGGGGTTAAGGTCATGAATTTGACATGAAGCAGAAATTTAATTATATTTTATGTTATAAGTTTAAAACGAATAACACGTTAGGTCTCGTCTAGGCAAAGCATATTTATGAAGATGAATTGAACAGACAGAAGTAACATTTTATATACATATGTGCATGGGAGCACGCTTAAAGAGAACAGTGTAACAAGGTATATCAACATACCATGGTGCAGTGTCTAGTTAAACTGAAACCTGCAATAGTAAATTTTCTGCCATTATGTACAGAATCTACTATTGTAGGTTTTTCTTTTTATACATAAGCATTATGCGAGAGATTAGAAATAAGGAGGTTATGCAGTGTTAAGTTTTCAATTGCTATTTTCACTGTTTGTTATTGCGCTTATCATTGCATTGATAAGTGGCTTGTTGTTTTTAGCACCAGTTATGCCAATGAGATATATTAAATTACATTTATACATACTAGTCATGCCAGTATTATTTGCAGTCATTGGCTTTTTCGGTATTCATGGTCAACATGTCTTAGGTCCATTTAAAATAGATCGTTTATCTTGGTTATTAGCTGGCTTTGTAATGGCGCTTGGCTTTATTATTCAAAAGTTTTCAATGCGATATTTACTAGGTGATCATCATTATAGACATTACTTTCCATTGTTCACTGCGATTACATCGTTTGCATCTTTAGCATGGATGTCTGAAGACTTAAGACTGATGGCACTCTGCTGGGGTATGACATTATTATGTTTAACATTGCTGATGAACGTTAATCGTTTTTGGAAAGTGCCACGTGAGTCTGCGAAATTATCAAGCATGACATTTTTATGTGGTTGGCTTGCATTCGTTGGAGCAATTGTATCTATTTATATTGCAACTGGCGAGTGGCGGGTACCACAACATATAGCGCATCCGACATGGTCATTGTTGACGAATGTACTACTTGTATTAGCTGTCATGATACCGGCAGCACAATTTCCTTTTCATCGATGGTTGATTGAATCTGTAACAGCACCAACGCCAGTATCGGCAATTATGCATGCAGGAATTGTGAATGCAGGTGGTGTTATTCTAACTCGTTTTGCGCCGATATTTGATAATGGATTTGCGTTATCATTATTACTTATCCTTTCAAGCATTTCTGTATTGTTAGGATCGGGTATTAGCTTGGTTCAAGTTGACTATAAACGCCAATTGGTGGGCTCTACGATGAGTCAAATGGGCTTTATGTTAGTTCAATGCGCACTTGGTGTATATTCAGCAGCGATTATACATTTAATATTGCACGGTATTTTTAAAGCAACATTATTTTTACAATCAGGTTCTATCGTGAAGCGATTCAATATTCCAAAACAAGCATCTGCTAAAGACGCTTATGGCTGGATTGTCATGGGACGTGTATTAGCTATTATCGTGGCATTTCTGTTTTGGATGAGTAGTGACAGAAGTGCATATGAAGTGTTAAGTGCACTCATTCTAGCATGGTCATTACTTGTATCTTGGAATCAAATGGTAGCCTTTAGTAAAGGGCGTATGGCACGTCTGGTTGGCATGATTTTGATTTCAATTGTGACATTTATCTACATCATCACACATAATTATTTTTACGATGTATTACAAAATATAACAACACATGCGACAACGCCGCCTACAATTAGTGTCATCATTAGTGTTGTCATATTAATATTTGGTAGTTTATTAAGTATCTGGGTAGCGCGTCATCGATACTCTAAGACTTTTGCGGTATTGTACGTGTGGTTAGTTAATCTAGGAGAAGCACGCTCGAAAGCGATAGAAAGTCATCCGAATTATTTGAAGAAGTATTTATAGGAGGTGAAAGGTATGACAACACAGTTAAATATCAATTCAGTCATTGAAAATGCGAAACGTGTTA
CP129555.1_gap35	1392024	1394375	2351	AACTTTAGAGCAACAAAATTGGCAACAACAGGTGGGTTTTTAAGAGCAGGTAATACAACATTCTTATGTGGTGTCAATGATGACCGTGTAGATGAAATATTGTCTGTGATTAATCAAACGTGTGGTAATAGAGAACAGTTGGTTTCACCTATTACACCTATGGGAGGCAGTGCGGATTCGTACATTCCATATCCAGTTGAAGTTGAAGTTGGCGGTGCTACTGTATTTGTTATGCCAGTTGATGCATTCCATCAATTTTAATTCTATAATACAATCATCAATTAGAGATACTTAAAATAGTGTATTAATAAGTTATTAACAATTTTGGGTTGCTTGACTGCGACTAGTTCAGATGCCAATAGATTTGATTTTTGTGGTTCTAAGAATAATCACAAATCATGGTCGCTATTGTTGCAGTAATTAGTTGCTCTTTGGCAACCTTTTTATATAAAAGCAAAAGGGAGTTTGTAATGAATGGATGAACAGCAACAATTGACGAATGCATATCATTCAAATAAATTATCGCATGCCTATTTATTTGAAGGTGATGATGCACAAACGATGAAACAAGTTGCGATTAATTTTGCAAAGCTTATTTTATGTCAAACAGATAGTCAATGTGAAACAAAGGTTAGTACATATAATCATCCAGACTTTATGTATATATCAACAACTGAGAATGCAATTAAGAAAGAACAAGTTGAACAACTTGTGCGTCATATGAATCAACTTCCTATAGAAAGCACAAATAAAGTGTACATCATTGAAGACTTTGAAAAGTTAACTGTTCAAGGGGAAAACAGTATCTTGAAATTTCTTGAAGAACCACCGGACAATACGATTGCTATTTTATTGTCTACAAAACCTGAACAAATTTTAGACACAATCCATTCAAGGTGTCAGCATGTATATTTCAAGCCTATTGATAAAGAAAAGTTTATAAATAGATTAGTTGAACAAGACATGTCTAAGCCAGTAGCTGAAATGATTAGTACTTATACTACGCAAATAGATAATGCACTGGCTTTAAATGAAGAATTTGATTTATTAGCATTAAGGAAATCAGTTATACGTTGGTGTGAATTGTTGCTTACTAATAAGCCAATGGCACTTATAGGTATTATTGATTTATTGAAACAGGCTAAAAATAAAAAACTGCAATCTTTAACTATTGCAGCTGTGAATGGTTTCTTCGAAGATATCATACATACAAAGGTAAATGTAGAGGATAAACAAATATATAGTGATTTAAAAAATGATAGTGATCAATATGCGCAAAAGTTGTCGTTTAATCAATTAATTTTGATGTTTGATCAACTGACGGAAGCACATAAGAAATTGAATCAAAATGTAAATCCAACGCTTGTATTTGAACAAATCGTAATTAAGGGTGTGAGTTAGATGCCAAATGTAATAGGTGTTCAGTTTCAAAAAGCGGGAAAATTAGAATATTATACACCTAATGATATACAAGTAGAGTTAGATGACTGGGTAGTTGTCGAATCTAAAAGAGGCATAGAGATAGGTATTGTTAAAAATCCATTAATGGATATTGCTGAAGAGGATGTTGTGTTACCTCTTAAAAATATTATTCGCATTGCTGATGACAAAGATATTGATAAATTTAATTGTAATGAACGCGATGCTGAAAATGCATTAATACTATGTAAAGACATTGTAAGAGAACAAGGTTTGGACATGCGTTTAGTCAATTGCGAATATACATTAGATAAATCGAAAGTTATTTTTAATTTTACGGCGGATGATCGTATTGATTTTAGAAAATTAGTAAAAATATTAGCGCAACATTTAAAAACACGTATCGAGTTGAGACAAATTGGTGTAAGGGATGAAGCCAAATTGCTTGGCGGTATCGGACCTTGTGGTAGATCGTTATGTTGTTCTACATTTTTAGGTGATTTTGAACCAGTATCGATTAAGATGGCTAAGGATCAAAATTTATCATTAAATCCAACTAAAATTTCCGGTGCATGTGGTCGTTTGATGTGTTGTTTAAAATATGAAAATGACTATTATGAGGAAGTACGTGCGCAATTACCTGATATCGGTGAAGCAATTGAAACGCCTGATGGTAACGGGAAAGTAGTTGCTTTAAATATATTAGACATTTCTATGCAGGTGAAGCTTGAGGGACATGAACAGCCACTTGAATATAAATTAGAAGAAATAGAAACTATGCATTAAGGAGGCATTATTACATTTGGATCGCAATGAAATATTTGAAAAAATAATGCGTTTAGAAATGAATGTCAATCAACTTTCAAAGGAAACTTCAGAATTAAAGGCACTTGCAGTTGAATTAGTAGAAGAAAATGTAGCGCTTCAACTTG
CP129555.1_gap36	1584787	1588658	3871	AAATTCAGGTGCTTCATTTGCTTTAGCATTAACATATGCAGTTTTACCAAACACTTCATTTTTAATATTGATGTTTGCTGGATTTTTAGGTGCTATTCTAGGAGGTGCTATTGTATTAATGATAGGCCGATCTAGACGTGATGGATTTAATCCGATGCGTATTATTTTAGCGGGTGCAGCAGTAAGTGCTATGTTAACAGCGCTAAGTCAAGGTATTGCATTAGCTTTTAGGTTAAATCAAACAGTAACATTTTGGACTGCTGGAGGCGTTTCAGGCACAACATGGTCACACCTTAAGTGGGCAATTCCATTAATTAGTATTGCGTTAATCATTATATTAACAATTAGTAAACAACTTACCATTTTAAATCTTGGTGAATCATTAGCTAAAGGTTTAGGTCAAAATGTAACAATGATCAGAGGCATATGTTTAATTATTGCTATGATTCTAGCAGGTATAGCAGTTGCTATCGCTGGACAAGTTGCATTTGTAGGATTGATGGTGCCTCATATAGCAAGGTTTTTAATTGGAACTGATTATGCTAAAATTCTACCATTAACAGCCTTGTTAGGTGGGATACTCGTGCTTGTTGCTGATATGATAGCACGATATTTAGGAGAAGCGCCTGTTGGTGCAATCATTTCATTTATCGGTGTTCCTTACTTTTTATATTTAGTTAAAAAAGGAGGACGCTCAATATGATTAGTTCAAATAATAAACGCAGACAATGGATAGCACTGGCTGTTTTTAGCATTCTACTATTTCTAGGTTGTACTTGGAGTATTACCTCAGGTGAATACAACATACCTGTAGAAAGATTTTTCAAAACTTTAATTGGACAAGGTGATGCCATTGATGAATTAATCTTATTAGATTTCAGATTACCTCGGATGATGATTACTATTTTGGCAGGTGCAGCGCTTAGTATTAGTGGTGCAATAGTGCAAAGTGTCACGAAAAATCCAATAGCTGAACCAGGTATATTAGGTATTAACGCAGGTGGCGGATTTGCAATCGCATTATTTATTGCAATTGGTAAAATTAATGCTGACAACTTTGTTTATGTACTGCCGTTAATAAGTATACTAGGTGGTATCACCGCTGCATTGATTATTTTTATTTTCAGTTTTAATAAAAATGAAGGTGTTACACCTGCGAGTATGGTATTAATAGGTGTAGGTTTACAAACAGCATTATATGGTGGCTCAATTACAATTATGTCAAAATTTGATGATAAGCAATCTGATTTCATCGCTGCTTGGTTTGCAGGTAATATTTGGGGTGACGAATGGCCATTTGTCATTGCATTTTTACCGTGGGTGTTGATTATTATTCCTTACTTACTATTTAAATCGAATACACTAAATATTATTCATACGGGTGATAATATTGCACGAGGTCTAGGTGTAAGGTTAAGCAGAGAACGTTTAATATTATTCTTTATCGCAGTGATGTTATCATCTGCTGCTGTAGCAGTAGCAGGTTCAATTTCGTTTATCGGATTAATGGGCCCGCATATTGCCAAACGTATCGTTGGACCACGTCACCAGTTGTTTTTACCAATTGCCATTTTAGTAGGGGCATGTTTACTTGTTATAGCTGATACAATTGGCAAAATTATATTACAACCAGGTGGGGTTCCAGCAGGTATAGTCGTAGCAATTATTGGCGCACCGTATTTCTTATATTTAATGTACAAAACGAAAAATGTATAGTGTCAAAGGACACAACTTATTGCTATGAAAGGCACTTTATTATATGGCTTTTCATAGCATTTTTTATTTAATGAGTCACTCAAGACTATTTACATTTTCAATAATGAACCATTAAGTTATCAAGACTGTCTTATCATAAATATATTTTATAACGGTATCAGGTTAATTCTTTATGTTAGCGCATTCATTTATTCTGTTTTATACTATGACTGACAATACCAAGGAGGTACAACATGATGAAAAAGTTAATTAATAAGAAAGAAACATTTTTAACTGATATGATAGAGGGCATGTTAATTGCGCATCCAGAGTTAGATCTGATTGCTAATACAGTTATAGTAAAAAAAGCTAAAAAAGAACAAGGTGTAGCAATAGTCTCTGGAGGTGGAAGCGGACATGAACCTGCGCATGCTGGATTTGTAGCTGAAGGTATGCTAGATGCAGCGGTTTGTGGCGAAGTATTTACATCACCTATACCAGATAAAATATTAGAAGCTATTAAAGCAGTAGATACTGGTGATGGTGTATTACTAGTTGTGAAAAACTATGCAGGTGACGTGATGAATTTTGAAATGGCACAAGAGCTTGCAGAAATGGAAGGTATAAATGTTGAAACAGTTATTGTTCGTGACGACATTGCTGTGACAAATGAAGTACAACGTCGTGGTGTTGCAGGAACAGTGTTTGTTCATAAGCTTGCCGGTTATCTTGCTGAAAAAGGTCATTCATTAACAGAGATTAAATCGCGTGTAGAAGCGTTGTTACCTGAAATTAAAAGTATTGGTATGGCAATTGAGCCACCGCTTGTTCCAACTACTGGAAAATATGGCTTTGATATTGAAGACGACAAAATGGAAATCGGTATTGGTATACATGGTGAAAAAGGTATTCATAGAGAAGAAGTAAAGGATATTGATCATATTGTTGGAACATTATTAGACGAATTGTATAAAGAAGTAACTGCCAATGAAGTCATAGTAATGGTAAATGGTATGGGTGGTACGCCGTTATCTGAATTAAATATCGTAACTAAATATATTCAACAAAATTTGGCTGCAAGAACGGTTAATGTTGCTAAATGGTTTGTTGGTGATTATATGACATCTTTAGACATGCAAGGTTTTTCTATAACTATCGTGCCTAATAAACCAGAATATCTGGAAGCATTTTTAGCACCAACAACAAGTCAATACTTTAAATAAGCAGTGAATATGAATAAATATACATTTATGAGGTGGCACAAATGAAAGTGAATGATATGAAAGCGCGTTTATTAAATTTAGAAGAAACTTTTAAAAAACATGAATCTGAATTAACTGAATTAGATCGAGCAATTGGTGATGGTGACCATGGGGTTAACATGGTTCGTGGGTTTAGTAGTCTTAAAGACAAACTTGATGATAGCTCAATGCAGTCATTGTTCAAATCTACTGGTATGGCATTGATGTCAAATGTTGGCGGTGCATCAGGACCACTGTATGGCTTTAGCTTTGTTAAAATGTCTGCAGTCGCCAAAGATGATATGGATAATCAAGATTTTATTAAACTAATTCAGGCATTTGCCGAAGCGGTTGAATCACGTGGGAAAGTTACTTTAAATGAAAAGACAATGTATGATGTAGTAGCACGAGCAGCAGAGAAGCTTAAAAATGGTGAAACTTTAACATTTAATGATTTACAGCAATTAGCAGATAATACAAAAGATATGGTAGCAACGAAAGGTAGAGCTGCATATTTTGGAGAAGAATCAAAAGGTTATATAGATCCAGGTGCTCAAAGCATGGTTTATATTTTAAACGCTTTGATTGGAGATGAAGATAATGCCTAAAATTATACTTGTTAGCCACAGTAAAGAAATTGCAAATGGTACAAAATCTTTGTTAAAGCAAATGGCTGGTGACGTTGATATTATACCAATCGGGGGATTACCAGATGGTTCAATTGGAACTTCATTTGATATCATCCAAGAAGCTTTGACTAAATTAGATGATGATGCATTGTGTTTTTACGATATTGGATCTTCAGAAATGAATTTAGATATGGCAATTGAAATGTATGATGGTAATCATCATGTGTTAAAAGTTGATGCGCCAATTGTTGAAGGTAGTTTTATCGCAGCAGTAAAGCTGTCAATTGGCGGTTCAATTGATGATGC
CP129555.1_gap37	1599706	1601598	1892	AGCTATTGAATTCGGTAAAATGGATTTCAATACACATCTAGATTTAAAGGCATACTCAGACAACATTAAAACTTATGAGTCACATGGTGACGAATTAGTACATCAAGTAATTACTGATTTAAATCAAACATTTATCACACCAATTGAACGTGAAGATATTTTATCATTATGTGATGCAATTGATGATGTTTTAGATGCAATTGAAGAAACGGCAGCTATGTTTGAAATGTATTCAATCGAATACACAGATGAATATATGGCTGAGTTTGTTGATAACATTCAAAAAGCAGTTGCAGAAATGAAACTTGCTGTCGGCTTATTAGTCGATAAAAAATTATCACATATGCGTATTCATTCAATTAATATTAAAGAATTTGAAACAAACTGTGATGGTATTTTAAGACAGTCAATTAAACATATTTTCAATAGTGAAACAGATCCAATCACATTAATTAAAATAAAAGATATTTATGAAAGCATGGAAGAAATTGCTGATAAATGTCAAATCGTAGCAAATAATTTTGAAACTATTATTATGAAAAATAGCTAAGGGGAGTATATATTTATGTCATATATAATCATCGTCACTATAGCTGTAGTTATTTTCTCGCTGATATTTGACTTTATCAATGGATTCCATGATACAGCCAATGCAGTAGCTACTGCTGTATCTACTAGAGCGTTAACGCCTAAAACGGCAATTTTAATGGCAGCAGTGATGAACTTTATAGGTGCTTTAACATTTACGGGCGTTGCAGGCACCATTACTAAAGACATTGTCGATCCATTTAAATTGGAAAATGGATTAGTTGTTGTGTTAGCTGCAATACTTGCGGCTATTATTTGGAATTTAGCTACTTGGTTTTACGGAATTCCAAGTTCGTCTTCACATGCACTTATAGGTTCAATTGCGGGTGCAGCAATCGCATCTGAAGGCTCATTTGGCGTATTACATTACCAAGGTTTCACAAAAATTATTATTGTATTAATCGTTTCACCGATTATCGCATTTTGTGTTGGTTTCTTGATGTATTCAATTTTTAAAGTTATCTTTAAAAATGCAAATTTAACAAGAGCGAATCGTAACTTTAGATTTTTCCAAATTTTCACAGCAGCGTTACAATCATTCTCTCACGGTACGAATGATGCGCAAAAATCAATGGGTATTATTACGTTGGCATTGATTGTTGCTAATGTACAGAATGATGGCAGCGTTGAACCACAGTTATGGGTAAAATTTGCCTGTGCGACAGCAATGGGGCTTGGTACTGCAATTGGTGGCTGGAAAATTATCAAAACTGTAGGTGGTAATATTATGAAAATACGCCCAGCAAACGGTGCTGCGGCCGATTTATCATCTGCATTAACAATTTTTGTTGCATCATCGCTACATTTCCCATTATCAACAACTCACGTTGTGTCATCATCAATCTTAGGTGTTGGTGCTTCTAACCGAGCTAAAGGTGTAAAATGGAGTACTGCGCAACGAATGATCATTACATGGGTGATTACATTACCTATTTCAGCATTGTTAGCAGGTTTATTATTCTATATACTTAATTTATTTTTCTAATTGAAAATTAAGCTATACTGAACTTCAGTATCACAAATATATGGTGGTATTGAAGTTCATTTTTTTATGTAAATAGACAACCTATTTTATAGAGTTTACATAGAATGACCAAGACAAAGCATTTTAATTAGGGGCTAAGTTATAAATGTATTCCATGGAACATAATAAGTTAGGTCATTAAAATATAAGTAAGCGTAAAATAATGATTTAACAGTTTATATTCTTCAATGAATGAATAATTAAATAGCTATCAACTTGTTTAATTAACCTAAATTGTATTGGACTTTATTTAATGTAAATTTGTATATGTAGACGAAAA
CP129555.1_gap38	1608437	1609934	1497	CATTTTTGTATGTATTCTTGATTGAATCAGAATAGATTTGGTGCTTCAGCTGATTTTAATGAAAATAGCATTAAATGATTTTGAAAAAGATAAGAGTGTGTTATTTATATTTTTGAAAAATCACTTTTATGAAGAAATGTGTGTACTATCTAATTAATATTGTCTATTTTAAGTAAATTGAAGCGAGTTGTAGTAAAATAATAATAAATATTTTCATATGATTAACAAAAACTATAAAACTGTATCATGACATGACATCATCCATGTAGTTTTATATAATAATGACAAGGAGTTGGTGACTGTGAAAGTAAAGTATATAGATAAACGTCACTGGCGTCGCCTAATTGATAGGGAATACACAGAGGTAAAAGTTAATAATAATAGGTTCAAGGGTATTATAGGCTTAGTCACGATGAAAAAGGTTCGTGATCCTTTAGAGGTGACGGTAGTTGGACAAAATATTATTGTCGCAGATGACAATTATAAATGGTTGCAAATACTACCTGAAAAGAAACGTTATAGTATTACTGTAATGTTTGATAATAAAGGCAATCCATTAGAATATTACTTTGATATAAATATTAAAAATATAACGCAAAAAGGTAATGCGCGTACAGTAGATTTATGTTTAGATGTTTTAGCATTACCTAGTGGTGAATATGAGTTGGTAGATGAAGATGATTTAATGTTTGCATTAGAAAGTGAGCAAATTACAAAAAAGCAATTTCATGAAGCATATATGATTGCGCATCAAATTATGGCAGAGTTAGAAAATGATTTTAAAGGATTCCAAAAGAAAATCATGTACTGCTTTAATAAAATTAATGCAAAGGCTCAAAAAATTCATCAAAAGCCACAAAATAAAACTAATTTTGAAAAAAGCAAACAAATAAAACCTAAGCAATATAATCAAACTAAAAATCACCAACAACAAAAGAAAAACTAAGTAATTCAAGCTGCAGCCATACCAATAAAATTGGTGAAAATTATTCGTTAGTAATGAACTCTTGAATGCTCGTAGTCATGAAAGTTCAATAATTGAATAATTTATGGGGGGGAAATTATGAAGATTGAAGACTATCGTTTACTAATAACATTAGACGAAACGAAAACGTTACGTAAAGCGGCTGAAATTTTATATATATCTCAACCTGCTGTTACACAAAGACTAAAAGCTATTGAAAATGCTTTTGGAGTAGATATTTTTATCAGAACAAAAAAACAATTGATTACAACAACTGAAGGAACAATGATTATTGAGCATGCCCGTGACATGTTGAAAAGAGAGCGATTATTTTTTGACAAAATGCAGGCACATATTGGTGAAGTGAATGGAACGATATCAATCGGGTGTTCTTCATTGATTGGACAAACCTTACTTCCTGAAGTTTTGAGCCTATATAATGCCCAATTTCCTAATGTTGAAATTCAAGTACAAGTTGGTTCAACTGAACAAATTAAAGCAAATCATAGAGATTATCATGTTATGATAACTCG
CP129555.1_gap39	1616023	1617901	1878	GGAATCTAGGATTTAATCAAAAAGTGATTTCCCCCTTTATTATTGCCAGTGGTTTTATTGCTGATACTACATCACTTCCCTTAATTGTAAGTAACTTAGTTAATATCGTTTCTGCAGATTACTTCGATATTGGATTTATTGAATATTTTAGCCGAATGATCATTCCTAATATATTCTCTCTGATTGCTAGTATTCTCGTTTTATGGTTATATTTCAGAAAATCCATACCTAAAACGTTCGATACAGAAAATCTATCAGATCCTAAAAGTGCAATTAAAGATTCTAAGTTATTTAAGCTTTCATGGATAGTATTAGCAGTACTACTCGTTGGATATCTTGTTAGCGAGTTTATCCAAATTCCTGTATCAATTATTGCTGGTATTATTGCTTTTATCTTTGTAATATTAGCTCGTAAATCTAAAGCAGTTCATACAAAACAAGTGATTAAAGGTGCACCATGGAATATCGTTGTATTCTCTATTGGTATGTATCTTGTTGTGTTTGGACTAAAAAATGTAGGTATTACAACGGTCCTTGGGGATGTTTTAACAAACATTTCAAATTATGGGTTATTTAGCAGCATCATGGGTATCGGCTTTATAGCTGCTTTCTTATCTTCGATTATGAACAACATGCCAACTGTTTTAATAGATGCAATAGCGATTGGCCAATCCAGTGCTACAGGAATATTAAAAGAAGGCATGGTTTATGCGAATGTCATAGGTTCTGATTTAGGACCTAAAATTACGCCAATTGGTTCTTTAGCAACATTATTGTGGCTACATGTCTTAACACAAAAAGGTGTGAAGATTTCGTGGGGAACATACTTTAAAACTGGAATTATCATCACTATTCCAGTCCTATTTGTAACACTCTTAGGTTTATACCTTACACTAATCATATTTTAAGAAAAGGGGCTTTAATTATGGATAAGAAAACAATTTATTTTATATGTACAGGAAACTCTTGTCGTAGCCAAATGGCTGAAGGTTGGGGAAAGGAAATATTGGGTGAAGGTTGGAATGTCTATTCTGCTGGTATTGAAACACATGGTGTTAATCCTAAAGCAATAGAAGCTATGAAAGAAGTAGATATTGATATATCAAACCATACGTCAGACTTGATTGATAATGATATTTTAAAACAATCAGATTTGGTCGTAACGTTATGTAGTGATGCAGACAATAATTGTCCTATTTTACCACCAAACGTTAAAAAAGAGCATTGGGGTTTTGATGATCCAGCAGGTAAAGAATGGTCAGAATTCCAACGTGTTAGAGACGAGATTAAATTAGCTATAGAAAAGTTTAAATTGAGATAATCATAAACGAGTCTGGGACATAAATCCCTAAAAAAACAGCAGTAAGATAATTTTCAATTAGAAAATATCTTACTGCTGTTCTCTATTTATACAATACTTCGTATTGAATGGCTTCGCTTTCCTAGGGTGCCGTCTCAGCCTTGGTCTTCGACTGGCACTGCTCCCTCAGGAGTCTCGCCATTAATACTACGTATTAACATGTAATTTTACTTTGAAATACTTTAAAAAAATAAGACACTTTCGTATAATTTAATAAATACCACTAAACTAAATTAACGAGGTGCCTTATGTATAAAAATTATAACATGACCCAACTTACACTACCAATAGAAACTTCTGTTAGAATTCCTCAAAATGATATTTCACGATATGTTAATGAAATTGTTGAAACGATACCTGATAGCGAATTCGATGAATTCAGACATCATCGTGGCGCAACATCCTATCATCCAAAAATGATGTTAAAAATTATCTTATATGCATACACTCAATCTGTATTTTCTGGTCGTAGAATAGAGAAATTACTTCATGACAGTATTCGATTGATGTGGTTAGCT
CP129555.1_gap40	1679156	1682912	3756	TATTCATGATGTTCACATTCTTTCTATTTATTGTGTGTAATTTATATAAACATAAGATTTAGCAACATAATGTGATTTGTAGTGTTATGTGAACAGGAAGTGTTTGAGCTCATGGGTTGCTTAAGCTAAACAAACCTCAAGCTCTAAAAAAATTTACTTATGTGCTCTACAATCTTATGGGATTTAATAGTTGTATATATATTGAAAAAAGGAAAGTATGATTTCTACAAGCTAGGGGGGCTGTGAAATCATACGCTTTCCATTGAGTAATGAGTGTAATGTATAGTAATAGTATGTTGTAAATAAAAGTTTAACTCAGAAATTGATTATTTTAATTTAGCGCCGCCGAAGATGACGTGAGCTTTTTTACAATAGATTGTTACTTCATCATATTTGCTTAAATCTACATTTTTAAGATCAAATGTTTGTTTTTCTTTATCGTAGTCAACCATTGCGATTTCTTTACCGTTTTTAATGTCGCCATTTTTTGTTAGGTAGACGTATAAATCTGGACCTTTTGATGATTTGTAGTTAGTAAGCATTAATTTACCATTTTTAATCTCAGCTTTACCTTCAACAGTTTCACCGTTTTTAGAACTGAATGTACCTGTTAGGTGTTTTGTTTTATCAGTTTTAACATTGCTATCTTCTGACTTTGTTTTTTGTTCAGTTTTGTTACCTTGATCTTGTGAATTAGAATTACCACAAGCGCCTAAAGCTAATGTTGTGATAATAGCACCAGCTGCTAAAAAATATTTTGTATTCATGCTAACTCCTCATTTCTTCAATTTGATAAGTTAAGTTTAAAATGAAGGCAAATAATATGCCATTAACTAATTCTTAACTTCGTTTAAATATCGCTTAACTAATATTGAAGAAAGAATAATTTGAAAATGAAAATAATTGTCTGATTTAAATAAATAGGAGTCAAAATAAGAGGAGGGCGGTTTTTTAAGTGAGAAAATATTTATCTAAACTAGTTATCACTATAAAACACTTCTGATATAGCGAACTAAGAATATCAGAAGTGTTTTTTAGTTTTGGTATTAAAATTTATAAACCTTTTGCCACAATAAAAACAACAAGAAAATAAGATAGACGATTAAATACAAGTACCAATATGGTGTTAAAACCATCATAACGATAAATGAAATGTTAATAATGATAAGTCCTTTAATCATTAGTTTCTTTATTTTATTATTATTTTCAGCAGATTCATCTAAGCTATTAAATGTTGAAATAAATAACATAATACCACCAATGATGAAAATGGCAGGGGCTAAAAATGGAATAGACATATATATTGATTGTGTACTTGAAAAGTCGGTAACACGTTGCGTTAAACTGACAACAATCGTTAATATGATAGCAATAAATTTTTGGTCTGTAATGTATACAGGTTTTAATTTTTTATCAATGTAAAACTGTAGTATCGTCCAAATGATAAACATCGTTATAGTACACAGAGTAATAAAGTTATATTTATCAATTATGAATGTATTTATAAAGGCGTTTATAGTAATAGATAACAACATTGCACTTAATGATAAATGTTGCATTTGATGCCTATATAAATTGAATCCAGTTATAAGTACGACGATAGCAATATTAATTAATATATATACAATCATGATGGACTCCTGTTCGTTATACTTCAATCAACTATTATATCAATTAATATATTGTTATTCATTAGATATGACTTGTAAAAAGTAAAATAAGTTATCCTTTATACACCTTTTTTATTACTCCAAAGTAATGTATGAAGTTGTGGTAACACATAAACGTGATTCATATCATTACTTTGCATAACTAAATCTACCAACTGCTCGTAGCGTTCTAACAACTTTTCGGTATGATTATCTACGCTGTCTGATAAATATGGGTTACCAACTTGTAAATAGAAGGGAATATCTGGATAACGGTGGTGTATCATTTTGGCAAAATCATAATCTTTATCGTCGAATACAACTACTTTTAAGTTTAATGAGGAAGGTACGCATTGTGCAATCACTTCATCTAACTTTTTTAAATCAGGCGTCATAGTTGAACTTGGTGGTTTTGGACTAATCGTTAAATCATCAATTTGTGTCATCCAAGGTTGGAATTTACTGCCTTGTGTCTCCAGTGCGCTGAAAATACCTTTATCTTGAAATAAGTCAACTAACTCTTGGATACCTTTAATTAATGCTGGGTTACCACCAGAAATTGTAACGTGGTTAAATAAATCGCCACCAATTCGTTTTAATTCATCATAAATTTCTTCAGCGGTCATGAGTTTTATATCGCCTTTAGCACTACCATCCCAAGTAAATGCAGAATCACACCAGCTACAGCGATAATCACATCCAGCTGTTCTCACAAACATCGTTTTTCTACCGATTACTCGACCTTCACCCTGAATGGTTGGACCGAATATTTCGAGTACAGGAATTTTAGCCATTAGTTACACCTGTTCCTTTGGTCTAAATACGACATAACTTGTTGGTGTTTCTCTTACAAATACTTGAATACATTTTGGTTGGTGTTCGAGCGATGCCAAATTTTCTTTAACAATTTGATAAATTGTTTCCGCTACGATTTCAGTTGAAGGGATTTTGTTTTTAAAAGCAGGTAAGTTATTTAACAGTTGATGGTCAAATTTACCGTGTATCATCTTTTTCAAATGGCTAAAGTTCACTAAAAAGCCAGTGTCATCTAGTTTATCACCGACAATTGTTAAATTAACAAAGTAAGTATGACCATGGACATTTTGACAAATACCTGCTTCTTCACACGGAATGTGATGTGCAGCTGAAAAATTAAAATCTTTATTTAATTCGAATTGATATGGATGCGTTGTACTAGGATAGATTTGTTGTAACATTTTAAAGCGCTCCTTTACTTTCAAGATATTGATTTAGTCCACGTTGACGTAAATGACAAGCTGGACATTCACCACAGCCATCCCCAATGATACCGTTATAGCATGTTAATGTTTTTGTACGAATATAATCTAAAACTTCGAGTTCATCACTTAATTTCCACGTTTCTGCTTTGTTTAACCACATTAAAGGAGTATGAATAACAAAATCTTTGTCCATAGCTAGGCTTAATGTTACGTTCATTGATTTTATAAAACTATCGCGACAGTCTGGGTAGCCTGAAAAGTCTGTTTCACATACGCCTGTAATAATATGCTTAGCCCCAATTTGATAAGCTAGAGCACCTGCAAACGACAAGAAAAGTAAATTTCTAGCTGGAACAAATGTATTAGGTATACCATCTTCATTATTAGTAATTTCCATATCATGTTGTGTTAATGCGTTTGGAGTAAGTTGTGATAATAATGACATATCTAAAACGTGATGTTTCATTCCTTGATCTTGTGCAATTTGTTTTGCGACTTCAATTTCAGTATCATGTCTTTGACCATAATTAAACGTTACGAGTTCAACTTCTTTGAAATGTTTTTTTGCATAAAAGAGACATGTTGTACTGTCTTGACCACCACTAAAGACAACGATGGCTTTTTCATTATTTAATACACTTTCCATTTTGTAATTGCTCCTATCATTAATAATATTAATAAAGAGGTTAATGGCATTGATAAGCCCGTTTTTAATTTATAAAATAAAAAAAGCCTATCTCCATAAAAGATAGACGAAAGAAATGGGTTGCTCCTATAATATATATTAAAGGTTTACCAACGAATGTTTGAAATTTCAATGTCTAGTTTTTTATAGAGGGTTTCAGCTAGGAACCTCTGATATTCAT
CP129555.1_gap41	1693821	1696080	2259	CTTGTTTTACTGGGTGTTTTTTGAATTTAAAGTAAAATAACACTATTTCTTAACTTGAGATTACCTATTATTCATTATTTTGTTAAAAAAGTTCAAGGATAAATCATTTAAATTTGAAAATTGTAATAAACGTGGTTAAATAGGGAATACATACATATAATCTCGGTTTTATGCTATGAGAAAAAAAGAGGTGGCAAAGTGATTAAGTTTAAAAATGTAACTAAGCGTTATGACAAACATGTTGCTGTCGATAACATTAGTTTCGATATTAATGAGGGTGAATTCTTTGTACTAATTGGACCTTCAGGTTGTGGAAAAACTACGACATTAAAAATGATTAATCGACTCATTCACTTAAGTGAAGGTTATATTTATTTTAAAGATAAACCAATAAGTGATTATCCAGTATACGAAATGCGTTGGGATATTGGATACGTATTGCAGCAGATTGCATTATTCCCACATATGACAATCAAAGAAAATATTGCACAAGTGCCACAAATGAAAAAGTGGAAAGAAAAAGATATAGATAAAAGAGTAGATGAATTACTTGAAATGGTTGGATTAGAACCTGAAAAATATAAAAACAGAAAACCTGATGAATTGTCAGGGGGACAACGACAACGTGTAGGAGTTATACGTGCGTTAGCAGCTGATCCACCAGTTATTTTAATGGATGAACCGTTTAGTGCATTAGACCCAATCAGCCGAGAAAAACTTCAAGATGATTTAATTGAATTACAAACTAAAATTAAGAAGACAATCATATTTGTTACACATGATATTCAAGAGGCGATGAAACTTGGTGATAAGATTTGTCTTTTGAATGAAGGTCATATTGAACAAATTGACACACCAGAAGGATTTAAAAATAATCCTCAAAGTGAATTTGTTAAACAATTTATGGGTAGTCATTTAGAAGATGATGCGCCATGTGTTGAAGAGAATGCGATTATCCGTGACTTGGATATTATGAAACCAATCGATGAGGTTACATCTATGAGCGCTTATCCAATTGTTTATGACAATCAACAAATTGAAGTATTGTATCAACATTTATCAGAGAGCGAGCGTGTCATTGTCATGCAAGAAGATGGCGTAGGTCAATATGTTATTGATAGGAAAGATATCTTCAAATATTTGTCCCAGAAAAAGGAGGTAGCTCAACATGACTAACTTTTTCGACATATTGAGTGAGCGTAAGGGGCAACTATTTTCGACAATGATAGAACATATTCAAATATCATTTATCGCATTATTGATTGCAACTGCTATTGCGGTACCATTAGGTATTTTATTGACGAAGACTAAAACGATATCTGAAATCGTAATGAATATTGCGGCAATTCTTCAAACCATACCATCGTTGGCATTATTAGGTTTAATGATTCCTTTATTTGGTATCGGTCGTGTGCCAGCAATTATCGCACTTGTAGTGTATGCATTGTTACCAATTTTAAGGAATACGTATACTGGAATTAAAGAAGTTGATCCATCGCTCATTGAAGCGGCTAAAGGTATAGGTATGAAGCCATTTAGACGTTTAACTAAAGTTGAACTTCCAATAGCAATGCCTGTTATAATGGCTGGTGTAAGAACGGCTATGGTATTAATTATAGGTACAGCAACACTAGCAGCATTAATTGGTGCAGGCGGACTAGGAGATTTAATTTTATTAGGTATAGACCGTAACAATGCATCATTGATATTATTAGGTGCAATTCCAGCAGCCTTATTGGCAATTATATTTGATTTAATTTTAAGATTTATGGCTAAATTATCTTATAAAAAGTTATTGATGACGTTAGGTGTTATAGTGATGATTATTATACTGGCCATCGCTATTCCTATGTTTGCACAAAAAGGTGATAAAATTACGTTAGCTGGAAAGCTTGGCTCCGAGCCTTCGATTATTACAAATATGTATAAAATTTTAATAGAAGAAGAGACCAAAAATACTGTAGAAGTGAAAGATGGTATGGGCAAAACAGCATTTTTATTTAATGCTTTAAAATCTGACGATATAGATGGGTATTTAGAGTTTACTGGAACAGTTTTAGGTGAATTAACAAAAGAACCATTGAAGTCAAAAGAAGAGAAAAAAGTATATGATCAAGCTAAGCAAAGTCTTGAAAAGAAATATCAAATGACTATGTTAAAACCAATGAAATATAACAATACGTATGCTTTAGCTGTAAAACGTGATTTTGCTAAACAACATAATATACGTACAATTGGTGATTTAAATAAGATTAAAGA
CP129555.1_gap42	1706341	1708672	2331	TATGGTTTATATCATGCATATAGATTAGCTATTGCTCCAACACAAAGTATTTCTTATGTTCAAAATGCTACAAGTTCTGTAATGCCAATAGTAGATCAAATTGAACGTCGTACTTATGGTAATGCGGAAACATTTTACCCTATGCCATTCTTATCGCCTCAAACAATGTGGTACTACAAATCTGCATTCAATACTGATCAGATGAAATTAATCGATTTAATTGCGACAATTCAAACGCATATTGACCAAGGTATCTCAACGATACTTTATGTTAATTCTGAAATTTCTACACGTGAGTTAGCAAGATTATATGTATATGCGCACTATAAAGGATTAAAATCACTTTACTATACTAGAAATAAATTATTAAGTGTAGAAGAATGTACAAGTTGTTCTATCTAATAAGTAAACGTAAAAAATGACAAACAACTAATCATCTCGTTTAAAATAACAGATGATTAGTCTGCCATGTCTATATTTGTCAATTATTGAGAGTAACATTACAGGAGGAAATTATATTCATGATAGCTGTTAATTGGAACACACAAGAAGATATGACGAATATGTTTTGGAGACAAAATATATCTCAAATGTGGGTTGAAACAGAATTTAAAGTATCAAAAGACATTGCAAGTTGGAAGACTTTGTCAGAAGCTGAACAAGACACATTTAAAAAAGCATTAGCTGGTTTAACAGGCTTAGATACACATCAAGCAGATGATGGTATGCCTTTAGTCATGCTACATACGACTGACTTAAGAAAAAAAGCAGTTTATTCATTTATGGCGATGATGGAGCAAATACACGCGAAAAGTTATTCGCATATTTTCACAACGCTATTACCATCTAGTGAAACAAACTATTTATTAGATGAATGGGTTTTAGAAGAGCCACATTTAAAATATAAATCAGATAAAATTGTTGCTAATTACCACAAACTTTGGGGTAAAGAAGCTTCCATATATGACCAATATATGGCCAGAGTTACGAGTGTATTTTTAGAAACATTCTTATTCTTCTCTGGTTTCTATTATCCGCTATATTTAGCTGGTCAAGGAAAAATGACGACATCAGGCGAAATCATTCGTAAAATTCTTTTAGATGAATCTATTCATGGTGTGTTTACTGGTTTAGATGCGCAGCATTTACGAAATGAACTATCTGAAAGCGAGAAGCAAAAAGCTGACCAAGAAATGTATAAATTGCTAAATGACTTGTATTTAAATGAAGAGTCATACACAAAAATGTTATACGATGATCTTGGAATCACTGAAGATGTGTTAAACTATGTTAAATATAATGGAAATAAAGCACTTTCAAATTTAGGTTTTGAACCTTATTTTGAGGAACGTGAATTTAACCCAATTATTGAGAATGCCTTAGATACAACAACTAAAAACCATGACTTCTTCTCTGTAAAAGGTGATGGTTATGTATTAGCATTAAATGTAGAAGCATTACAAGATGATGACTTTGTATTTGACAACAAATAATAATTAAAATTAAAAAGACCTTCACATGAAAGGGTAATAGCGATTCGTTTCGTCTTGACTCCTACATGTTGAAGGTCTTTTTTCTATAACTTAAAAACGTATGCACATTTTGAAAAAGTAAAAATGGCATTTAATGATGCCAATGAGGCTAGAAAGTATACAAGATACTGCATTACAAAAGGGTGTGCTATTTTACTATATACATCTAAATTACACATTTACAAAAAATGATTTCTATTTTAATTGCAAATATCAATAAAATTGACAATAAATTATTTGAAAGGCTATTGAAATGAGTGACAAAAAACGATACCATTAATGAGAAATGTTATCAATGATAATAATTATCATTAAATTAAAGGGAGAAAATTTTGTAATGAAGTATTTATTAAAGGGAAAAATTTTGCTTCTATTACTTATATTGCTAACAATTATTTCGTTGTTTATAGGTGTCAGTGAACTGTCTATTAAAGATATCTTTCATTTGTCAGACTCACAGCAAAATATATTGTTCTCAAGCCGAATACCGAGAACGATGAGTATTTTAATTGCTGGAAGTTCATTAGCTTTAGCTGGCCTAATCATGCAACAAATGATGCAAAATAAGTTTGTTAGTCCAACTACAGCTGGGACGATGGAGTGGGCAAAATTAGGAATCTTAATTGCCCTATTATTCTTTCCAACTGGTCATATTTTATTAAAACTAGTATTTGCTGTTATTTGCAGCATCAGCGGAACATTTTTATTTGTTAAAATTATTGATTTTATCAAAGTGAAAGATGTCATCTTTGTACCACTATTAGGGATTATGATGGGTGGCATTGTCGCTAGTTTTACA
CP129555.1_gap43	1715472	1718828	3356	AGTGAAACTTGTCCAATATCGGCAAATGCGTACGATCAATTTAATAAATTTTTATATGAACGCGATATGGACGGTTATTATTTGATTGTCCAACAAGAACGCGATTTGTCAGATTATATTGCTAAAAAAACGAACGTTAAACATGAATCACCTCAAGCATTTTATTTTGTAAATGGTGAAATGGTTTGGAATCGAGACCACGGTGATATTAATGTGTCGTCATTAGCACAAGCAGAAGAATAATGAAACTATAGGGTTGGAACATTTTGCCTTACACTACTAGACGTGAATAGCACAACTTAAATTCGTGTGAATCAGAGTAGTTTGGCTATAATGATGTTCTGACCTTTTATTTTATGTAACCTTTAGAAGCAGTTAAGTTAGTACTTTTTTACAAACATATGTATAATGTATTCGAGTATTTTTATTGAAAATATTTTGGAAAACGACGAATCCAATAAGAAAATTTTAACATGATTTGTAAGTTAGTTTAATAGGAAATACATGCTAAACCATAAGAAGTATACTGTTATTTGCTGGAATAATTAATAATCATGTCATGTTAAATGTTCGCATATAATCACGAGATAAAATCTAAAATTTAAGATTAATCTTTTATGAATAAAAAACGTATCACAACAAATAATAAAGTAAGGTGGTCAAGGTTATGAAAGTATTAGTAGCCATGGATGAGTTTCATGGAATTATTTCGAGTTATCAAGCTAATAGATATGTTGAAGAGGCAGTTGCAAGCCAAATTGAAACTGCAGATGTAGTTCAAGTACCATTGTTTAATGGAAGACATGAATTATTAGATTCTGTATTTTTATGGCAATCTGGGCAAAAGTATCGTATACCAGTACATGATGCAGATATGAATGAAGTTGAAGGTGTTTACGGACAAACTGATACAGGGATGACCGTTATCGAGGGGAATTTATTTTTAAAAGGTAAAAAACCAATTGTTGAACGAACAAGTTATGGTTTAGGAGAAATGATTAAACATGCATTAGATAACGACGCAAAACATGTTGTAATTTCATTAGGTGGGATTGATAGTTTTGATGCTGGTGCAGGTATGTTACAAGCATTAGGTGCTCAATTCTATGATGACGAAGGGCGTGTCGTAGATATGAGACAAGGTGCTGGTGTAATTAAATATATTCGTCGTATGGATATGTCGAACTTACACCCTAAAATGGAAACAGCAAGAATTCAAGTAATGTCGGATTTTTCAAGTCGATTATATGGTAAGCAAAGTGAAATCATGCAAACTTATGATGCGCATCAGTTGAACCATAATCAAGCAGCAGAAATCGATAATTTAATTTGGTATTTTAGTGAGTTATTTAAAAGTGAATTGAAAATTGCAATTGGTCCAGTTGAACGTGGTGGTGCTGGTGGTGGAATTGCAGCAGTCTTGAATGGACTGTATCAAGCTGAAATATTAACCAGTCATGCATTAGTAGACCAACTAACACATTTAGAAAATTTAGTTGAACAAGCGGATTTAATTATTTTTGGAGAAGGATTAAATGAAAATGATCAGTTGCTAGAAACGACAACATTGCGTATTGCAGAACTTTGTCATAAACATCAAAAGGTTGCCATTGCAATTTGTGCAACTGCTGAAAAGTTTGATTTATTTGAATCACAAGGGGTTACAGCAATGTTTAATACATTTATCGATATGCCGGAAAGTTATACCGACTTTAAAATGGGATTACAAATTAGGCATTATACTGTTCAGTCTTTAAAACTGTTGAAAACACATTTTAATGTTGAGGTTTAGTAAAGAAGGACTAAATTGGTGATGCTGTCATGATGGTTAATAACATTTATGATGGTTAGCAAAACGAATTAGAAGATCGAAAGTATACGTAAAAAATATGAAAAATCACGCTATCATTGCACTGAATGTTAGCGTGATTTTTTATATTAATTAAGCCTGAGTTGAACTAGTATATAATCGTTTGTTTTTAGTTATTTTCAGCGGTATCTTCTACAATTCCAATGATTACTTGTACTGCTTTTTCCATGACATCAATGGATGCATATTCATATGGGCCGTGGAAGTTACCGCAACCTGTAAAGATGTTTGGAGTTGGTAATCCCATAAATGACAATTGTGAACCATCTGTACCACCACGAATAGGTTCAGTGTTTGCTGGAATATCTAATTTAGCAAAGACACGTTTAGGTATATCAATAATATGAGGCAATGGTAATATTTTTTCTGCCATATTGAAATATTGATCCGATATATCAACTTTAACTGGATAATTTTCAAAATGGGCATTGATATCGTCACGTATTTCTAAAATACGTTTCTTACGCAATTCGAATTGTTTTTTATCATGATCACGAATAATGTATTGCAAAGTTGCTTTTTCAACAGTTCCTTCAAAGTTCATTAAGTGGTAAAAGCCTTCATATCCTTCTGTTCGCTCCGGAACTTCACTATCAGGTAGCAAACTATCGAATTGTTCACCTAAACGTATTGCGTTTACCATTGCATTTTTAGCTGAACCAGGATGAACATTCACACCGTGGCATGTAATAACCGCTTCAGCAGCGTTAAAGCTTTCATATTGTAATTCTCCATATTGACTACCATCCATAGTATAAGCAAAATCAGCATTGAAGCGGTCAACATCAAATTTATGTGGACCACGACCGATTTCTTCGTCTGGTGTAAATCCAATGCGAATGGTACCATGTTTAATTTCTGGATGTTCTTGTAAATAACAAATAGCTTCCATAATTTCCACAATACCCGCTTTATCGTCTGCACCTAGTAACGATGTACCATCAGTTACCATTAATGTATGACCAACTAAACTGTTAAGTTCTGGAAATACTTTAGGATCTAAGACACGTTTAGTATTGCCTAGTTTGTATGGCTTGCCATCATAGTTTTCAATAATTTGCGGTTTAACATTTGAAGCATTGAAATCAGGTGATGTATCAACATGAGCCAAAAAACCAACAGTTGGGACGTCGGCATCGATGTTACTTTCTAATGTAGCAAATAAGTAGCCATTTTCATCTAAATCAGTTGGCAATCCTAATTGTTGTAATTCTTTTTCTAATAAATGTAACAAATCCCATTGCTTTTCAGTTGAAGGTGTTGTTGTAGATTTTGGATCAGATTGCGTATCAATTGTCGTATATCTTGTTAATCTATCTATCAATTGGTTCTTCATTATATTCGACCCCTTAAACTCTATTATTCATGTTGTAAGATTTTTTATATGTCTTACCTTTGATTTTACCATACAGTTGTTTGATACGTGTGTACAGGTAATATAGAATTTCAGAAACTAATATACCGAAAGCAATCGCACCTGAAATCA
CP129555.1_gap44	1801515	1803120	1605	AACGAAGGTAAAGAAGATAAAGCTTCTGGTAAAGCGAAAGAATTCGTTGAAAATGCAAAAGAAAAAGCAACTGATTTTATTGATAAAGTAAAAGGTAACAAAGGAGAGTAATTTTACTTTATATTCCTAATACACTGCACATGCCACTTAGTCGGTATAACCATCGGCTAGGTGGTTTTTTGTATTAAAAAAGTGGATACCAAAATTTATTAATAATTATTTTAATGTTAGAAAAAAACTAAATAAAAACTCGTTAATGATATCCAATAATATGTATACAAAACGAGACATATATTGCATATGATTAACGAGATACTGAATATATTTTATCACCCCTAAAATGATTATTCATTTTCAGCGGTAATTCGACCTAAAGTCAAACTTACAATAAAACCGATGATAAATACTACTAATGAAACGAACCACATCACGATATTAGTTGGTAAACCTGGAAATACTGCAAAGAGGGAGCCAACAACAAAACCAATGATTAATGCAAAAGTCATTAGTTTATGATGTGTTAGGAAATACTGGATAATTTTGCTTGAAATAATGAATCCAGCAAGCACGCCAAATCCGACTGCAAGTAATATAGGAAGACCGGCAAAGTTAAGTTTAACAACTTCAGATATTGCTAGCATGACCGTACCATAGACGCCAAATACTAATAACATAAATGACCCTGAAATACCTGGGAGTAACATAGCACTAGATGCACACATACCTGCAATAAAGTATTTAATAATAAGACCAGTTGATAGAGTAAGTGTTTCTCCAGCATGTTTATCGCTATTATTCATTAATGTAATAACAATTAAGATAGCGATACCAGCTATAACCATCATGTAATGTTTAGTTGTAAATGACGTTTTATAGTTAGAAATTTTCAATAAATATGGAACGATACCAATGATTAATCCACCAAAGAAAAACATAGTTGGAATATGGTGTTGGCTTAATAAATAATTAAAAAGATTACTTAGTGATCCCATTGCCAGTAACATTCCAATTATAATAGGGATTAAAAATGTAAAACTTGGCCAAAAACGTCGTGAGAATATGCCACTAATTGAAGCGATAAATTGATTGTATATACCTAACAATAATGCAATAGTCCCACCGCTAACACCAGGTACCAAGTCACTCGTTCCCATAGCAAAACCTTTTAGAATATTAATCCATTTAAATTGTTGCATGAATAACTCCTTTCAAACGATTGGAATAAAATCATAAATAGCATCATACCATATTACAAATGTCCTAGTGAAATGATAACATATTTTAAATTCATAAAATCCATTGAGAAATTATGTGTTCTTATTATCATTTATATTTTTAAAGAGAGCGGATTAGAGTTGTACTTTAGAGTTATTAAAAATAATAAAAAGGGTTTAAGTTGTTTATATTAAGGTATAAGTAAGTTATAATTAACTGAACGCATTATTACAAAGTCTTTTTGACTACAAATTAAAATTATTATAAACTAGTTAAGAAAACTTTATATTTTACGGAGGGAATATAAAATGGCATCAACATTAGAAATCAAAGACCTACATGTGTCTATTGAGGATAAAGAAATCTTAAAAGGTGTTAACTTGACAATTA
CP129555.1_gap45	1804211	1806530	2319	TAATGCATCGAAAGATGGCGTTATCGTTGAAGGTTTAGCAGATGCTCTTATGAACCATAGTGATTTAGTACAAAAGTACTTTATGAAAGATGCAGTAACAGTAGATGAACATCGTATCACAGCGCTACACACGGCATTAGTTAATGGTGGCGTATTTGTTTATGTTCCTAAAAATGTAGTTGTAGAACATCCAGTACAATACGTTGTGTTGCACGACGACGAAAATGCAAGCTTTTATAACCATGTCATCATCGTTACTGAAGAAAGCGCCGAAGTCACATATGTTGAAAATTACTTATCAAATGCATCTGGTGAAGGAAATCAATTAAATATTATTTCTGAAGTGATTGCTGGTGCAAATTCAAATATCACATATGGCTCAGTAGACTATATGGATAAAGGCTTTACAGGTCATATCATTCGACGTGGTATTACTGAAGCGGATGCCTCAATTAATTGGGCATTAGGTTTAATGAATGAGGGTAGCCAAATTATTGATAATACAACAAATTTATTTGGTGATCGTTCAACAAGTTCACTTAAATCAGTAGTTGTAGGTACAGGCGAACAAAAAATTAATCTAACATCTAAAATCGTACAATATGGTAAAGAAACTGATGGTTATATCCTTAAACATGGTGTTATGAAAGAACATGCATCATCTGTATTTAATGGTATCGGCTACATTAAGCATGGTGGAACTAAATCAATTGCTAATCAGGAATCACGTGTATTAATGTTATCTGAACATGCTCGTGGTGACGCGAATCCTATTTTATTAATTGATGAAGATGATGTACAAGCTGGTCATGCTGCATCAGTAGGTCGTGTTGATCCAGATCAACTTTACTATTTAATGAGTCGTGGGATTTCTCAAAGAGAAGCGGAACGTCTTGTTATACATGGTTTCTTAGATCCAGTAGTACGTGAATTACCTATCGAAGACGTTAAACGTCAATTGAGAGAAGTAATTGAACGCAAAGTTTCTAAATAATATTTTGAAAATAAAAGTTTGTAATAGATATAGACTGTCGATATTGGTATAAGACTAATACAACGTCAGTATTTAAATGATTAGGATTTTTATTTAAGAAAGGTCGTGAATGAAGTGGCCGAACACTCATTTGACGTTAATGAAGTAATCAAGGATTTTCCGATATTAGATCAAAAAGTCAATGGCAAACGTTTAGCATATCTTGATTCAACAGCGACAAGTCAAACGCCTGTGCAAGTGTTAAATGTTTTAGAAGATTACTACAAGCGTTATAATTCAAACGTTCATCGTGGTGTTCATACATTAGGATCATTAGCAACTGATGGTTATGAAAATGCCCGTGAAACCGTTCGTCGTTTTATTAATGCGAAGTATTTTGAAGAAATCATTTTTACACGCGGAACAACTGCGTCGATTAACCTTGTAGCACATAGCTATGGTGATGCAAATGTTGAAGAGGGCGATGAAATTGTTGTCACTGAAATGGAACATCATGCCAATATTGTTCCTTGGCAACAGTTAGCAAAGCGTAAAAATGCGACATTGAAATTTATACCAATGACAGCTGACGGTGAATTAAACATCGAGGATATTAAGCAAACGATTAATGATAAAACAAAGATCGTTGCTATTGCACATATTTCTAATGTACTCGGTACAATTAATGATGTTAAAACCATTGCAGAAATAGCTCATCAACATGGTGCAATTATCAGTGTTGATGGGGCGCAAGCAGCACCACATATGAAACTTGATATGCAAGAAATGAATGCTGATTTTTATAGTTTTAGTGGACATAAAATGCTTGGACCAACAGGTATTGGCGTATTATTTGGTAAACGTGAGTTACTACAAAAAATGGAACCGATTGAGTTCGGTGGCGACATGATTGATTTTGTAAGTAAGTATGATGCAACATGGGCTGATTTACCTACTAAATTTGAGGCGGGTACTCCATTAATTGCTCAAGCAATTGGGCTTGCAGAAGCTATTCGCTATTTAGAACGCATAGGTTTTGATGCAATTCATAAATATGAACAAGAATTAACGATATATGCTTATGAGCAAATGTCTGCAATTGAAGGAATTGAAATTTATGGCCCGCCAAAGGATCGTCGTGCAGGTGTAATAACGTTTAATTTACAAGATGTACATCCACACGATGTTGCTACAGCCGTAGATACAGAAGGTGTAGCGGTTAGAGCTGGGCATCATTGTGCGCAACCGTTAATGAAATGGTTAAATGTGTCTTCAACAGCTAGAGCGAGTTTTTATATATACAACACGAAAGAAGACGTTGATCAGTTAATTAATGCCTTGAAACA
CP129555.1_gap46	1809149	1810077	928	TGAATAACCTAAACTCACACTGGCACTAATGAGTGTAAATATTGCTAAAACAAAATACATGTTAATCCTTCTTTCTATATTTGAATATCTGTAAACAAGTACTTGTCTAAAGATATTTAAAAGATAATTAGAATAAATTTATGAGAAACTTTTTGTTATCATTATAGCGATTTCAAATCATTATAACTATGTCATAAACTAAATTTGTTAAAATTTTTCATTATGTAAATTTATTAATAACAATTAGGTCGAATTATAGCATCATTTTACTAATAAATACATTAAAGTAGCTATGATTAAAAATGCATATTAATTATCATTATTAAGTCTATTATATATAATGAATTTTAACTGGTTTATTAAACGAGAACGTCGGGAATTAGGTAACTACAATAAAAATAAGATATGACAATAAGGAGACTACACGCGTGATCATTGCCATAATTATATTGATATTTATTTCGTTTTTCTTTTCAGGAAGCGAGACGGCATTAACGGCTGCCAATAAAACAAAATTTAAAACTGAAGCTGACAAAGGTGATAAAAAAGCAAAAGGCATTGTAAAGTTACTTGAAAAACCAAGTGAGTTTATTACAACTATTCTAATTGGGAATAATGTCGCGAATATTTTATTACCAACACTTGTTACAATTATGGCTTTACGTTGGGGGATTAGCGTTGGGATTGCATCAGCTGTTTTAACAGTTGTTATCATTTTGATTTCCGAAGTGATTCCCAAGTCTGTCGCTGCGACATTTCCAGATAAAATAACAAGGCTTGTATATCCAATTATAAATATTTGTGTCATTGTGTTCCGTCCTATCACATTACTTTTAAATAAGTTGACGGACAGTATTAATCGAAGTTTATCTAAGGGTCAACCTCAAGAACATCAATTTTCAAAAGAAGAATTTAAAACAATGTTAGC
CP129555.1_gap47	1927042	1927735	693	GGTAACTCGGGTGGTGCTGTCGTCAATAGAGAAGGAAAATTAATTGGTGTAGTTGCAGCTAAAATTAGTATGCCAAACGTTGAAAATATGTCATTTGCAATACCTGTTAATGAAGTACAAAAGATTGTAAAAGAATTAGAAACAAAAGGTAAAATTGACTATCCCGATGTAGGTGTTAAAATGAAGAATATTGCCAGTCTAAATAGTTTTGAAAGACAAGCAGTTAAATTGCTAGGAAAAGTTAAGAACGGTGTTGTTGTAGATCAAGTTGACAACAATGGTTTAGCAGATCAATCTGGTCTGAAAAAAGGTGATGTAATTACTGAATTAGATGGCAAACTTTTAGAAGATGATTTACGCTTTAGGCAGATTATATTTAGTCATAAAGATGACTTGAAATCAATTACAGCGAAGATTTATAGAGATGGTAAAGAAAAAGAAATTAATATTAAACTAAAATAATGTTGAGGTGAACAACGTGTCAATTTTTAGCCAGTTTTTAAAAAGATCAAGCCCTCAACAAGGTATTGTATTGTATTATATCGTCGCAATTGTCGTTGCATTTTTATTATTAAACTTACCGTATGTTCATAAACCAGGTGTAGAAGTAAATCCAATTGACACATTATTTGTTGCCGTATCCGGAATTAGTGTTACTGGATTGTCTCCGATAAGTATTGTCGATACCTATTC
CP129555.1_gap48	1929156	1930047	891	TCATTTTATTAGATAGTGGCGGAAGTTTAGCTGGCTCGTTAGCGGCCTATTATTATGCTATTGTTGCACCTTATAAACGACATCCAATGATAAAGTTGATGAACAGAATGCATTATGATGCTAGCGGTGTGAGTCCAAGTGAATTCAAGTTTGGTTTATCATTTTTAACTCGTTCAATTGCTTTGGCACGTTTTCCATGGTTATCAGCAAATATTGAATACAATGTTACTAAGGAGCCTTATTTTTCAACTCCATATTGTATTAAACATTTTGGTGACTTAAAAATTGCTATCGTAGGCGTTACAGCAGATGGTTTAATGGAAAATGAGTATTCTGAAATGGAGCAAGATGTATCTATTGAAAAGACATTAGTGGCATCAAAACGATGGATTAGATATATCCATGAAGTTGAAGAGCCGGATTTTTTGATTGTAATTTATCATGGTGGATTGAATAAAATTAGTAATAGCACGAAAAATAAAAAGGCAAGTTCGAATGAAGCTGAAAAATTAATGGAAGAAATTGGTGTTATAGATTTAATGATTACAGCTCATCAGCATCAAACAATAGTAGGTCAAGATCATGAAACGTATTATGTTCAGGCTGGTCAAGATGCAAAAGAGCTTGTACATCTTTCGATTAATTTTAAAAAGAGAACAACAACTTATGATGTTGAAAGCATTGATTCTAAAGTGATTGACTTAAATGAGTATGAAGAGGACCAAGAATTATTAGATTTAACATTCTATGATAGAAAAGCAGTGGCTTATTGGTCACAGGAAATCATAAGTGATAAAGGTTTGATGTTATCAGTAAATGGGTTACAAGATTTAGTCTGTCAAACACATCCATTTTCGCAATTATTACATGATGCAATTCACCTTGCATTTG
CP129555.1_gap49	1931984	1934678	2694	CAAAAATTTGGAGGCATTTCTCGGTGAATAACATTGATTCGAATTCCATAACGCAATCATAAAAGGACTATTCTTAACATCTCATACATGTAAGAATAGTCCTTTAATCGTTTATGACATTAATCTAATTAATTCATGTCTATCTATGTCACCGAAATAGTGATATAAATCATATTCTGATAGTGCTTCTTCTATGTGCTCAAAGTCGTGTAGACAGCCAACTAATGCATTTTCAAGATCAGTGACATCTCCGACACCAAAGAAATCACCGAAAATTTTTGCATGTTCGATTTTACCTCGTTTAACATCAAACTTGATTTGTACAAATCCTTTTTCAAATTTTTCCTCGCGTTCAAAGTTATATTTAGGGTTTCTTCCATAATTCCATTCCCAAGTTCTATATTTGTCGTTACTTAACTTTTCAATATTTTCCCAATCTTCATCCGTTAATTTATATTCTTCTACTTCAGTTTCTCCAAAGATAGTTTTCAAGATGATTTTTTTAAATTCTTCAATTTCTAAAGGGTCATTTAAAAATTCTTGAATGTTTGCTACTCGTTTACGAACAGATTTAATACCTTTTGATTTAATCTTAGCTGGATTAACTTTTAGTGCATTCTGAACTTCGTCTAAATCACTATTTAACATCAACGTACCATGACTAAACATTCTATTTTTAACTTTAACCATGGCATTTCCTGAGATTTTCGCTTGTCCAACTTGAATATCGTTACGACCAGTTAATTCAGCATTTACGCCTAAAGATTGTAATGCTTGAACAATTGGTTCAGTGAATTTTTGGAAATTGTGGAAACTGTTACCATCATCATCTGTTATAAAACTAAAGTTTAAATTGCCAGTATCATGATAAACAGCGCCACCACCAGAAATTCTTCTTACTACATCGATGTTATGAGCATCTATATATGTCTGATTTACTTCCTCTATCGTATTTTGATTCTTTCCAACAATGATAGATGGTCTATTTATGTAAAATAAAAAGTAACTTTCTTCTGCTGGTAAATTTTTTAAAACATATTCTTCCATTGCTAAGTTTAAAGTTGGATCTGTAATATTATTATTACTAATGAATTTCATTACAATCTCTCCCTTATATCTATATATATTCTCTACTTATTTATGCCTTAACTTTGCTGAAAATGCCAATTATATACTCACAAATCGTTCTAAATATCGGCTTAAAGTTACATTTTATTATTTTTGATTGTTAATAGTTTATTTGTTAAGTGAATTTTAGTACAATATAATTTAGTTATGATTTAAGGAGGACTTAAAATGACTGTTGCAGAAGTGGGTAACATTGTTGAGTTTATGGATGGATTAAGAGGTCGTGTTGAAAAAATCAACGATAACTCTGTTATTGTTGACTTAACAATTATGGAAAATTTTAATGACCTTGATTTACCGGAAAAAACTGTTATCAATCATAAACGATATAAGATTGTTGAATAAGAAGGTAAGTTATAATGAATAAAATCTCGAAGGCTTTAACTTGGTTTATTATAAGTTTCATTATATTTCATCTCATATTATTTATTATGTGGGGCGAACACCAAGAATACTGGTATTTATATACAGGTATAATGCTAATTGCTGGTATCAGTTATGTGTTTTATCAAAGAGATATTGAATCTAAGCGGTTGCTTACATCAATTGGTGTTGGTATTATTACGGCAATTATTTTAATTATGCTTCAACTTTTATTCTCACTTATAACTTCTAATTTAAGTTATAGTTCATTAATTAAAGAATTAGCAAGAACAGGTGTCAATTGGAAGTGGCAAATGTTAGTAACTTTACTTTTTGTCATTCCATGTCACGAGTTATATATGAGAACTGTTTTACAAAAAGAATTAACACATTTTTCAATACCGAAATGGGTAGCTATATTAATAACTGCAATTTGTTCTAGTTCATTATTTATTTATTTAGATAATTGGTGGATAGTAACATTTATATTTGTTGCACAAGTGATATTATCATTAAGTTATGAGTATACTCGACGTATAGCAACAACATCCGTTGCACAAATTGTAGCTATTATATTGTTATTAATTTTTAATGCTTAAATAAGCTTTTCTTAGACGTCTGTGTTCTAAGAAAAGCTTTTTTGCTTTAGAATAGCAATACGAAGATTCGAGGCATGCTTCATTATAGTGTACACGTTTTTAACGGCAAGCTGTTATTATTGAGATTAGGTTTTAGTCAGTTTTTATTACTAAATATTTTATAAAAACAGTATAATATTTTGCGAGCAAGTTTAATTGATGGTGGCTATCTGAGTAAAGGGGGGTGGTGCCTATGGCATTACTTAACACTTTTGAAAGGAAAAGCCTATTGTGATATCTATTGCAAACGCATTACATTTAATGTTAAGTTTCGGTATGTTTATCGTCACTTTCATTGGTGTAGTAGTCGCAATAATTAATTTAAACAATAAAAAATAACCATCATTTCAAAACTTTGACAACGAATGATGGTTAAAGAAAATCTCATTTAGTCACCGTCTTTTTAACGGGCTCATTAGGCGACATGTTCCTGCATGTCGTCTTTTTACATTTTTATAGTAACATATCTTTTATTTAATTGTCTATTTTTATTAGATGTGTAACAAAATTTTGAAGTATTTTCCGTATATTGCCTGCTAAACATGTCAGATTTGAAAGGAAAATC
CP129555.1_gap50	2017878	2019686	1808	ATTGTAAATAAAACTATCTACACCATTATCGCTGTAAAGTCGTTTACCGTCTTTTGCAAATTGGAAAAATAAATAGGGCAATAGATCTATCGGTATATCTAAATGATCATGCTCATTTGATAATCGAATAGTAGTTGCAGAGTCATGTGGTTCGGAATGTTTGAAAAATGGTGTCATATTAATGACAAATGAACCTTCTAACATGGCACGTTTTTTATATTTTATTTCTGAATTTAAAGTAGGCGGATTAGTTTGTCCTTCTAGGATAGCACGATTCCATTCATGATTATCTTCAAAGTCGATTGGTTTTGAACCATCAAATACACCTTTTTCTAAATCTTCGATGCTAACTTTTCTATCATCGAAAATCCAAGTCGTACTATCTAATGTTATAGGAAACTTTACAGCTCCTTTAATTTGTATCATTTTCCCACTCCCTATCAATGTATATAGCATTATTTTAACACAAATTGCTAACGACACATTTTAAATCTACTTGCTTTTTAATATTTAGTAAGATAAACTTTTAGTAAGACTTGAGAATTTATATAGAGGGGGAGCGTGTCATGGCGAAACAAACAACAATGAAAAATGCAGCTTTGAAACAATTGACTAAAGATGCTGATGAAATCTTGCATCTGATTAAAGTTCAACTAGATAATTTAACATTACCTTCATGCCCATTATATGAAGAAGTACTAGATACACAAATGTTTGGACTTCAAAAAGAAGTTGATTTTGCTGTTAAATTAGGTTTAGTTGACCGCGAAGATGGCAAACAAATTATGTTACGTCTTGAGAAAGAACTTTCAAAATTACATGAAGCTTTTACACTTGTTTAAGGTTTAATATATAAGCATATTAAAACGGCGTGAGATATCGACAATTGAGCAGCGCCGATTTTATATTTATAATTTAATTATTGATTAAAGTGGCTGTTATGTTGTCTTCTTGATGACATGTCAGTCACTTTTATTGGGTTTTAGCAATTCACGATATTAAGTAAACAAATATTCTATAAATTACCTCAAGAGACCTGTTAATATTTGTGATTATGACTGTGTCATGTATATAATAAGTAACATGGATTTTTAAAATTAAAGTATAAAACGAAATCATTTGAAGTATAAATTGTAGAATTGGATGACTGAATATATGAAGAATTTTAGAAGTATTTTACGGTATATTGGTAAAACCTCAAAGTTTATTGATTACCCGTTATTAGTTACATATATTGTATTGAGTTTAATTGGATTAGTGATGGTATATAGTGCCAGTATGGTTCCAGCAACTAAAGGTACATTGACTGGTGGTATCGATGTTCCAGGAACGTATTTTTACAACCGACAATTAGCATATGTCATAATGAGTTTTATAATTGTATTTTTTATTGCATTTTTAATGAATGTTAAATTACTGAGTAATATTAAAGTGCAAAAAGGTATGATTATAACTATCGTCTCGCTATTATTACTGACGTTAGTAATCGGTAAAGATATTAATGGTTCTAAAAGTTGGATAAACTTAGGATTTATGAACTTACAGGCATCTGAGTTATTAAAAATTGCAATCATATTATATATCCCATTTATGATTAGTAAAAAAATGCCTAGAGTATTAAGTAAACCAAAATTAATTTTAAGTCCTATTGTATTAGCATTAGGTTGTACGTTTTTAGTTTTCTTACAAAAAGACGTAGGGCAAACATTACTAATATTAATTATTTTAGTTGCGATTATTTTTTATTCAGGAATTGGGGTAAACAAAGTCCTAAGATTTGGAATACCAGCAGTACTAGGATTCTTAGT
CP129555.1_gap51	2026578	2028204	1626	TGGTTGATTATTTTATTGCCAGTGCCTTTATTACTAATAAATTTAGGTGTCGTATTCGTAGTGTTAGCTACATTATTAAATTTAGGATGGATTGCATTAGGTTTAACAACATTTAAGAAAAATTCAGATCAAACAAAATGGGCAACACAAATGTTTATATATTCACTAAATTATTTGGTGATCTTTTTCGTGTTAGCTGTGATTGTTTCATTACTTACTTTGATCTAGATTAATTAAGTTAGGATGAAAAATATGGGCGTTCCAATTTTACCAACGATAAGTACGACATGTATTGTCATTAGTGCAATTTTAATTGCCATTGGTTGGAGACTTATTTGGAAAAGGGAAATAGATAAACACAAAAATGTTATGTTAGCTGCAGCTGTTTTTGCTTTAACTTTTTTCTTAATCTATGCAAGTAGAACGATTTTTATCGGTAATACAGCATTTGGCGGACCAGCATCAATTAAGAAATATTATACAATTTTCTTATTTTTCCACATTAATTTAGCAACAATTGGTGGTATTCTAGGTCTAGTTCAAATTATTACTGCATTTAAAGATAAATATAATGTGCACCGCAAATTCGGGCCATTCGCTTCAGTTATATGGTTCTGTACTGCAATTACAGGTGTAGCAGTTTACTTATTATTATATGTATTATATCCAGGTGGAGAAACGACATCACTGATTAAAGCAACATTTGGTCATTAATACGCTTTTACAAATGATACTAATCTGATAAGGCAATTTGTTTTATCAGGTTTTTTGATGAAGAATAGTCGGACAGTTGATGGTATTCATTTGATACCTTAACTGTCCGTTTTTTTATACATATTTTAATCCTAATAATGAAATTCAACCTGAAAACATAAAGATAGGTTATGATATAGACTGTAGGGAAAATCTTTATGATGTTAACATTGTGCCTGAAGATGGTTTTGTTTCATCGAAATGACACAGTTATGTCAGTGTTGAAAATTTGCTAATTAATGTGTTGTTTTTTACAATAGTATTAATACTTTTTAGGTGGTTGATTGATGAAAAAGTTAATTATAAGAGTCGTCGGAGTATTATTTTTAGTTGGATTTTTAATATATCTTTTTTATTCACCGAGATTAAAATTTGATGTATTAGAGAACCCGAATAAAGGTAATAAAGTAAATAGATCTGAACAGGTGAATAAATCAAATAACCATGCTGAAAATCCAAAGCCTAAAGAAGGTGTTGGTACATGGGTAGGTAAAGACATTAAAGTGCTTACTTCTAAATTTGGACAAGCAGATCGTGTCTACCCTTTTAGAGATGGTTACAAAAATTATGTGTTTAAAGACAAAAACAGTTATTACATTGTTTCAACTAAACGTGAAGAAATCGTTTCAGTGTATGCTACAGGTGAGAATGTCAATGTTAGTCCGTTAAAAATAGGACAACATTCTGCAGAAATTTTTAATCATACAAGTATTAATCCAGAACCGTCCTTTACAGTTGATGGTAAAAAATATGAATTTGAACTTTCAGATGAAGATTTAAAAACACAAACATTGATTAAATATGGCAACATATATGCACAAGTGTATTCTGATCAACAATCGAAAAAGGTGCTAAGTGTACGATTTTTAACAA
CP129555.1_gap52	2030388	2034244	3856	AAACATGAACGACAAATCCGAAAATATGGACATATCGTTCATTCAAATAGAGATCGTAAATTTGTAATTATGTATGTGAATGAGCAAGATGTTGATCAAATTGTACATAAACTAATGCAACTTAAATACGTTAGACACATTGATGGCTCACCATATAAATACTTAAAGAAAACTTACGAAAAAGAGAAACACGAAATATATAATTAATATTATTGAAGTTCTGGTATCCATTTTTGGAGCCTTAACACACTAATTAAATAATTATAATATAACGATAAATCATGAAATGCTTGAGGAGGCTGTACATCGATACCTAAAATTGGTATGTCGAATTTTTCAGCGCAATCATTAATCATTTGAAACTTTTTATTTGAATCTGGATATGGATATTTAATAGCGTTAATCATGATATAAAGTGCTTGGAAATGATTGCCAGTTGTAGGGTTCATAATGATTGCTACAGATGACTTTTTATTTTCAGCTTGTGGTGAATGAAAATAGATAATTTTATCAATACGTTGATGGTTATATTCAATCATCGTCATGAATTCGAACAAATCTGTTAGACCTTCACCAAGTGTAATAAATGTTTGTTTCATTGGTTTATCATTCTCCTTTTTCTCAATAAATTATATTAAATAACTAAATGAATTGGAAGTGTGAACAACATGCGCGTCATTGCAGGTAAACATAAAAGTAAAGCTTTAGAAAGTATGGAAGGCCGTAATACGAGACCAACTATGGATAAAGTTAAAGAAGGTATCTTTAATAGTTTATATGATGTGTCAGGTATAGGTTTAGATTTATTTGCAGGAAGCGGGGCGCTTGGAATAGAAGCACTCTCTCGAGGTATAGATAAGGTTATCTTTGTTGATCAAAATTTTAAAGCTGTAAAAGTTATTAAATCAAATCTTGCGAATTTGGATTTAGAGGCACAATCTGAAGTTTATAAAAATAATGCAGATAGAGCTTTAAAAGCATTGTCAAAACGTGATATTCAATTTGATGTCATTTTCTTAGACCCACCTTATAATAAAGGTCTCATTGATAAAGCTTTAAAACTAATTTCAGAGTTTAATTTATTGAAAGAAAATGGTATCATCGTTTGTGAATTTAGCAATCATGAAGAAATAGACTATCAACCGTTTAATATGATTAAACGTTACCATTATGGGTTGACAGACACATTGTTATTAGAAAAGGGAGAATAGCATGGAACATACAATAGCGGTCATTCCGGGTAGTTTTGACCCCATTACTTATGGTCATTTAGACATTATTGAGAGAAGTACAGATAGATTTGATGAAATTCATGTCTGTGTTCTTAAAAATAGTAAAAAAGAAGGTACGTTTAGTTTAGAAGAGCGTATGGATTTAATTGAACAATCTGTTAAACATTTACCTAATGTCAAGGTTCATCAATTTAGTGGTTTACTAGTCGATTATTGTGAACAAGTAGGAGCTAAAACAATCATACGTGGTTTAAGAGCGGTCAGTGATTTTGAATATGAATTACGCTTAACTTCAATGAATAAAAAGTTGAACAATGAAATTGAAACGTTATATATGATGTCTAGTACTAATTATTCATTTATAAGTTCAAGTATTGTTAAAGAAGTTGCAGCTTATCGAGCAGATATTTCTGAATTCGTTCCACCTTATGTTGAAAAGGCATTGAAGAAGAAATTTAAGTAATAAAAATAACAGTATTTTAGGTTTATCATGGTTTACAATCCTAAAATACTGTTTTCATTTGTTAACGATATTGCTGTATGACAGGCGTGTTGAAATCTGTTTGTTGTTGCCCGCTTATTGCATTGTATATGTGTGTTGCTTTGATTTCATTTGTGAAGTAATGTGCATTGCTTTTGTTAATATTGGTTATATATTGTCTTTCTGGGAACACTGTTTTTAAATGCTTTAAATATTGTCTGCCACGGTCGTTCATTGCTAATACTTTAACTGCGTGAATGTTTCTCGTAACATCTGTAGGTTTAATGTTTAATAATACATTCATTAACAGTCTTTGGATATGCGTATATGTATAACGCTTTGTTTTTAGTGATTTTACAAAATGATGAAAATCAGTTGCTTCATTAATGTAAGATTTTAAACGATTTTCAAAACCTTCAGTAACAGTATAAATATTCTTTAATGACTCTGTAGTCATAGCTATGATTTGATATTTCAAATATGGGAATATTTGATTTAATGTTATATGAGGTGTTACGTACAGGTGTTGAATATCTTTAGGTACCACATGATGCCAATGATCATCTTGACTAATGATTGATGTTCTAATAGATGTACCACTTGCAAACTTATGATGTTGAATTAATGAATCATGATGTTGAGCATTTTCTCGCTTAATAGAAATTGCATTGATGTTTTTAGCATGTTTAGCAATTGCTTTCAGATAACTAATACCAAGTATGTTGTTAGGACTTGCTAGTGCTTCATGATGCTCTAATAATTCGCTAATGATACGAGGGTAGCTTTTACCTTCTTTTACTTTTTGTGAAAAGGATTCGGATTGTTCAATTTCATTAATGCTGTGAGCTAATTGCTTTAATGTTTTGATATTATTATTTTCACTACCAAATGCAATTGTATCGACACTCATATAATCTGCGACTTTAACTGCTAGTTCGGCAAAATGATCGCCAGATGATAAACTGGCAGTTGCTGGTAGTTCGATAACTAAATCAGCTGTTGATAATGCCATTTTTGCACGAGTAAACTTATTATAGATTGCTGGTTCGCCACGCATGACAAAGTTACCACTCATTATTGCAATAGTAACGTCAGCATTTGTAAGTTTTTTAGATTGATTAATATGATATTGATGCCCATTATGAAAGGGATTATATTCTGTGATTAAGCCAACGCTTTTCATTTGCAATTCGTCCTTTCGGTATTCATTATTAATATTGTAACAGAACATGATATGTTAAGAAAAAATCTTGACAACTTGTTCTTAGAAAGTTAAAATAAATTTTGTGCTTGTTAGAGGTGAAGCCATATGAAATGGTCAATTACGCAATTAAGGAAATATCAAGGTAAGCCATTTGAATTTGATCAAACGGTGAGTTTTGACAATTTAAAAGAATCATTAGATTTAATTGATTTATCTCCAATTACAATCCAAGGTCAGTTAACCATTAAGTCAACAGAAGTCGTTGCGGATATTCACATTACTGGAACGTATACAATGCCTTGTGCACGTACTCTTGTACCAGTTAAAGTCCCACTAGATGTAACTACTACAGAAGTATTTGATTTAGAAGGGTACAATCAGTATAACGATGATCAAGATGATGTAGATGAACACTATCACATTATTAAAGATGGTATGGTTAATCTTCAGGATATTGTCGAGGATATAGTTATTATTGAGAAACCAATGAGAGCTTATTCAGAGCAAAGTGACCAAATGTTGACAGTAGGTAATGGTTGGGAAGTAATCGATGAGGATCAATTAGATGAGCTTGCTAAACAGCAAGAACAAGATGATTCAGAATCACGACAAGTTGATCCAAGGCTTCAAAAATTACAACAATTATATGATAAAGAGCAATAAGTAGTTTAATTAATGATATAATGTTGTTAATTAAACTAACATTTAGTATTTTTCGTTTATAATCTAAGGAGGATATATCATGGCAGTACCAAAAAGAAGAACTTCTAAAACTAGAAAAAACAAACGTCGTACGCATTTCAAAATTTCAGTACCAGGTATGACTGAATGCCCAAACTGTGGCGAATACAAATTATCACACCGTGTATGTAAAAACTGTGGTTCTTACAATGGCGAAGAAGTAGCAGCTAAATAATTTTAGTTACTCAATATAAAAAG
CP129555.1_gap53	2038254	2039418	1164	GGTGCTAATGCACCAGGTAAAGATGATAAAAATTCTGCTTCAGGTAGTGACAAAGGATCTGATGGAGCGACTACTGGTCAAAGTGAATCTAACAGTTCGAATAAAGACAAAGTAGAAAATCCACAAACAAATGCTGGTACACCTGCATATATATATGCAATACCAGTTGCATCCTTAGCATTATTAATCGCAATCACATTGTTTGTTAGAAAAAAATCTAAAGGCAATGTGGAATAATGAGAAATGTTAAACAAATTGCTACAAAATCTATTATAGCTATTATTAGCTTAGGTATTCTTACATATACAACAATGATTGGTAGCGTGTTGGCTGATGAGATAAAATATCCATCAGCCAAATTTAATCAACCTGAAGCAAAAGATAAAACAGAATTAACTTCATCAATTTTTGATGAAAAGATAAAAGAGAATAAAGCGTTAGAATTACTAATTTTTAATCAAGAAAATAAAAATGTAACTGAGGAACAACAACTAGTTGACGAAAAGGCGCAATTGATTTCAGATATGACTGGTAAAATTTACTTGCAAGTAAAACTAAAAGGTCAAATTGATAAAGAACAACTTGTTTTTCAAAATGACAAAAATGAAGAATTCCCCTTTGTTATAAAAGATGAAAAGGATGACACAATAGTAAGAATTTTAATTGAACAGCATATGGATAAAATCAATATGCATGTTAAAACGTTGGCTGAAAAGAAAGATCTAGATAACAAAGAAATGCTGTATTCTATTCATTTTAAAGAGAAAAAAGTACAACATGACGATGCAAAAGAAGTGCCTTCAAAACATCAAAATCAAGAAAATAATCAAGATCAGCTTAAAAAAGATATTGATGACAAAAAAGATAGTCAAAAATCAGACATTAAGGAAAGACGTACTAGCCTTTTTACTGAAAAAGGATTAAATGATATTCCTGTACAAAAAGATAAAGTGCAACAAGACAGTAATAAAAAGATTGAAAACGAGCGACCTAAAGCATCAGGTACATTAAAAGTTGAAAATAGCCCTCCAACAGTAAAAAAGGTTGAAAATAATCACAAAGAGCAACCGAAACATAAAGATGAAAAATCAAAAAAGGAAAAGAAAAAAGTAGTTGAAAAAGAAAAAGCGTTACCAGCTTTTAATAGAGATGATGATAGCAAGA
CP129555.1_gap54	2146308	2149608	3300	TAATTTAATAAAAGAAGAGGGACCGGCACATCATCGTCTATTCACTTCAGAAGTTATTCTGCAAGGGGAAGCAATAGCTGAAGGTAAAGGGAAAACGAAAAAAGAATCAGAACAACGCGCTGCTGAAAGTGCCTATAAGCAATTAAAGCAAATTAAATAGAAATTTATATGATACGACATATAGGTGTTCGATTTAGGATTTATGGAAGAATTTTTAATATTTTATGGAACAACTTCGAAATTTAATATACAAATACTAAAATATCGTATACATGTGTTCTTTAAAATTGTGATAAGGAGTTTAGGATGGTTTATTTAAAATCAATAGATGCCATTGGATTTAAGTCTTTTGCAGATCAAACCAATGTTCAATTCGATAAAGGTGTGACTGCAATTGTTGGTCCAAATGGAAGCGGTAAAAGTAATATTACAGATGCTATTAAATGGGTGTTGGGTGAACAATCGGCTAAATCATTACGTGGCTCAAAAATGGAAGATATTATCTTCTCAGGTGCAGAACATCGCAAAGCTCAAAATTATGCTGAAGTACAGTTAAGATTAGATAATCATTCTAAAAAGCTCAGTGTTGATGAAAACGAAGTTATTGTAACAAGAAGATTGTATCGAAGTGGTGAAAGTGAGTACTACATAAATAATGACCGTGCAAGATTAAAAGATATTGCCGATTTATTTTTAGATTCTGGATTGGGGAAAGAAGCATATAGCATTATCTCGCAAGGTAGAGTTGATGAAATACTAAATGCTAAACCAATTGATAGACGTCAAATTATTGAAGAATCGGCTGGTGTACTTAAATATAAAAAACGTAAAGCTGAATCATTAAATAAACTTGACCAAACAGAAGATAATTTAACGAGAGTAGAAGACATTTTATATGATTTGGAAGGTCGCGTAGAACCTCTAAAAGAGGAGGCAGCTATAGCTAAAGAATATAAGACACTTTCACACCAAATGAAACATAGTGACATTGTAGTTACAGTGAACGATATTGATCAATATACAAATGACAATAGACAATTAGATCAACGTTTAAATGATTTACAAGGTCAACAAGCAAATAAAGAAGCTGACAAGCAACGTTTAAGCCAACAAATTCAACAATATAAAGGTAAGCGTCATCAACTTGATAATGATGTTGAATCGCTTAATTATCAATTAGTAAAAGCTACGGAAGCCTTTGAAAAATATACGGGACAATTAAATGTTTTAGTAGAACGTAAGAAAAATCAATCTGAAACAAATGCACGATATGAAGAAGAACAAGAAAATTTAATTGAGCTTTTAGAAAATATATCAAGTGAGATTTCTGAAGCTCAAGATACTTATAAGTCTCTGAAAAGTAAACAAAAAGAACTCAATGCTGTCATTCGTGAACTTGAAGAACAACTATATGTTTCAGACGAAGCACACGATGAAAAATTGGAAGAAATTAAAAACGAATACTATACATTAATGTCAGAGCAATCAGATGTTAACAATGATATTCGTTTTTTAAAGCATACTATAGAAGAGAATGAGGTTAAAAAATCAAGACTAGATTCTCGATTAGTTGAAGTCTTTGAGCAATTGAAAGATATTCAGGGTCAAATAAAAACGACTAAAAAAGAATATCAACAGACCAACAAAGAACTTTCTGCTGTAGATAAAGAAATTAAAAATATAGAAAAAGACCTCACTGATACAAAAAAAGCACAAAACGAATACGAAGAGAAATTGTATCAAGCATATCGATATACCGAAAAAATGAAAACACGTATTGATAGTTTGGCAACGCAAGAGGAAGAATATACTTATTTTTTCAATGGCGTCAAACATATTTTGAAAGCTAAAAATAAAGAATTAAAGGGTATTCATGGTGCAGTTGCGGAAATTATTGATGTGCCATCTAAATTAACTCAGGCAATTGAAACAGCATTAGGTGCTTCATTACAACATGTCATTGTAGATTCAGAAAAAGATGGACGCCAGGCTATTCAATTTTTAAAAGAACGTAATTTAGGTCGTGCGACGTTTTTACCATTAAATGTTATACAGAGTAGAGCGGTAGCGACTGATATTAAGTCTATTGCTAAAGAGGCAAACGGATTTATTAGTATTGCTTCGGAAGCAGTTAAAGTAGCACCAGAATATCAAAATATTATCGGGAATTTATTAGGTAATACGATTATCGTTGATCATTTAAAGCATGCAAATGAATTGGCACGTGCGATTAAATATCGAACTCGTATTGTTACTTTGGAAGGTGATATTGTAAATCCTGGTGGTTCTATGACTGGTGGTGGCGCTCGTAAGTCAAAAAGTATTCTGTCTCAAAAAGACGAGTTGACAACAATGAGACACCAATTAGAAGATTACTTGCGTCAAACAGAATCATTTGAACAACAATTTAAAGAGTTGAAGATAAAAAGTGATCAATTAAGTGAACTGTATTTTGAAAAAAGTCAAAAGCATAATACACTTAAAGAGCAAGTGCATCATTTTGAAATGGAGCTCGATAGATTAACTACACAAGAAACACAAATAAAAAATGATCATGAAGAATTTGAATTTGAAAAAAATGATGGTTATACGAGTGACAAAAGTCGACAAACTTTGAGTGAAAAAGAAACTCATTTAGAAAGTATTAAAGCATCTTTAAAACGACTAGAAGATGAAATTGAACGCTACACAAAACTTTCTAAAGAAGGTAAGGAAAGCTTAACTAAAACACAACAAACGTTACATCAGAAACAATCTGATCTTGCTGTGGTTAAAGAGCGTATTAAAACACAACAACAGACAATAGATCGATTAAATAATCAAAGTCAACAAACCAAACATCAATTAAATGATGTTAAAGAAAAAATAGCATTCTTTAATTCGGATGAAGTGATGGGCGAACAAGCTTTTCAAAATATTAAAGATCAAATTAATGGTCAACAAGAAACGAGAACACGCTTATCTGATGAATTAGATAAATTGAAACAACAACGTATTGAGTTGAATGAACAAATCGATGCGCAAGAAGCTACACTACAAGTTTGTCACCAAGATATTTTAGCTATCGAAAATCACTACCAAGATATTAAAGCTGAACAATCAAAGCTAGATGTATTAATTCATCATGCGATAGATCATTTAAATGATGAATATCAATTGACTGTTGAACGTGCAAAATCTGAATATACGAGTGATGAATCGATTGACGCATTACGTAAAAAAGTTAAATTAATGAAGATGTCGATTGATGAACTAGGTCCTGTAAACTTAAATGCAATTGAACAATTTGAAGAGTTAAAT
CP129555.1_gap55	2160235	2164635	4400	TGCTTTTGCATATGGTATCGCGACAGCTGAAGAAATAGATGAATTTAATATTTATAAAGCTACTCAAATCGCCATGCAGCGAGCTATTGATGGATTATCAGTACAACCAACGCATTTATTGATAGACGCGATGACGCTTGATAATGCACTGCCTCAAGTATCTTTAATCAAGGGTGATGCAAGAAGTGTGTCTATTGCAGCTGCAAGCATCATGGCAAAGGTTTTTCGTGATGATTATATGACACAGTTATCTAAAGATTATCCTGAATATGGTTTTGAAAAAAATGCGGGTTACGGTACCAAACAACATTTACTAGCAATCGATGATATTGGCATTATGAAAGAGCATAGAAAAAGCTTTGAACCTATAAAATCGTTACTGTAAATCGTAAAATTCAATTAAATGATAAAAAAGTAGCATTTAAGTTTACAATAGCGCTTACATTTTTTATAATTGTAAGGGAACTTAACCTAAGTAACAGGAGGATGGAAGATGAATATCCACGAGTATCAAGGTAAAGAAATATTTCGTTCAATGGGCGTTGCAGTTCCAGAAGGACGAGTAGCATTTACTGCTGAAGAAGCGGTGGAGAAAGCAAAAGAATTAAATTCTGATGTATATGTTGTGAAAGCACAAATTCATGCTGGAGGTAGAGGTAAAGCAGGCGGAGTAAAAATTGCTAAATCTTTATCTGAGGTAGAAACATATGCAAAAGAATTATTAGGGAAAACTTTGGTGACACATCAAACTGGTCCAGAAGGTAAAGAAATTAAGCGTTTATATATCGAAGAAGGTTGTGCTATTCAAAAAGAATATTACGTTGGATTCGTTATTGATCGTGCGACTGACCAAGTAACATTGATGGCGTCTGAAGAAGGGGGCACTGAGATTGAAGAAGTTGCTGCGAAGACTCCTGAAAAGATCTTCAAAGAAACTATCGATCCAGTAATCGGACTTTCACCATTCCAAGCAAGACGAATTGCGTTTAATATTAATATTCCTAAAGAATCTGTTAACAAAGCTGCTAAATTCTTATTAGCACTTTATAATGTATTCATTGAAAAAGATTGTTCAATCGTAGAAATCAACCCATTAGTTACAACAGCTGATGGTGATGTATTGGCATTAGATGCTAAAATTAATTTTGATGATAATGCATTATTCAGACATAAAGATGTTGTAGAATTACGTGATTTAGAAGAAGAAGATCCGAAAGAGATTGAAGCGTCTAAACATGATTTATCATACATTGCATTAGATGGTGACATCGGATGTATGGTTAATGGTGCAGGTTTAGCCATGGCAACAATGGATACGATTAATCATTTCGGTGGAAACCCAGCCAATTTCTTAGATGCAGGCGGAAGCGCTACTAGAGAAAAAGTAACTGAAGCATTTAAAATCATTTTAGGTGATGAAAATGTTAAAGGTATTTTTGTAAACATTTTCGGTGGCATTATGAAATGTGATGTTATCGCAGAAGGTATCGTTGAAGCTGTAAAAGAAGTAGATTTAACTTTACCACTAGTTGTACGCTTAGAAGGTACAAATGTTGAGTTAGGTAAAAAAATCTTAAAAGACTCAGGATTAGCAATTGAACCAGCAGCAACAATGGCTGAAGGTGCACAAAAAATTGTTAAACTAGTCAAAGAAGCATAAGGAAAGGATGGGAGCACTAAGATGAGTGTATTTATAGATAAGAATACTAAAGTAATGGTACAAGGTATTACAGGGTCTACTGCCCTTTTCCATACAAAACAAATGCTTGATTATGGTACGAAAATAGTAGCAGGTGTGACGCCTGGTAAAGGTGGTCAAGTTGTTGAAGGTGTTCCTGTTTTCAACACTGTTGAAGAAGCTAAAAATGAAACTGGGGCAACGGTTTCAGTCATTTACGTTCCAGCACCATTTGCTGCAGACTCAATTTTAGAAGCAGCTGATGCAGACTTAGATATGGTTATTTGTATCACTGAACATATTCCTGTATTAGACATGGTTAAAGTTAAACGCTATTTACAAGGTAGAAAAACACGTTTAGTTGGTCCAAACTGTCCAGGTGTGATTACAGCAGATGAATGTAAAATTGGTATTATGCCTGGCTATATTCACAAAAAAGGTCATGTTGGTGTAGTATCACGTTCAGGTACACTAACATATGAAGCAGTGCACCAATTGACTGAAGAAGGTATTGGTCAAACTACAGCTGTTGGTATTGGTGGAGACCCAGTAAATGGCACAAACTTTATTGATGTTTTAAAAGCATTCAATGAAGATGACGAAACGAAAGCAGTTGTTATGATTGGTGAAATCGGTGGTACAGCTGAAGAAGAAGCAGCTGAATGGATTAAAGCGAATATGACAAAACCAGTTGTAGGCTTTATCGGTGGACAAACAGCACCTCCTGGAAAACGTATGGGACATGCTGGTGCGATCATTTCAGGTGGTAAAGGTACTGCTGAAGAGAAAATTAAAACATTAAATAGTTGTGGTGTGAAAACAGCGGCAACACCTTCAGAAATTGGTTCAACATTAATTGAAGCTGCTAAAGAAGCAGGTATTTATGAATTATTATTAACAGTTAATAAATAAAGTTAAAAGATGATATAAATGGCTATAGCCCATTCCATACTTTATAAAAGTATCGGAAATGGGCTATTTGTCGTGCGATGAATTTAAGTACACTTTTCATATTTTGAAAAGGCAAGTTAATTATTTTACCTCCTTCAATAGCTTTCTAAAACAAAGCAAATTTTTATTAAAATATATAGTGCACTATGTTATAATATTTATATATTATTGTAAGGAGTGTTTCGTCATGAATAAACAACAAAGTAAAGTACGCTATTCAATTAGAAAAGTTAGTATTGGAATTTTGTCAATTTCAATAGGTATGTTTTTGGCATTGGGTATGTCGAACAAAGCATATGCAGATGAAATTGATAAATCTAAAGATTTTACAAGAGGGTATGAGCAAAATGTATTCGCGAAATCAGAGTTAAATGCTAATAAAAATACGACAAAAGACAAAATAAAAAATGAAGCTGTTGTTAAAACATCGGACACAAGTTTAAAGTTAGACAACAAATCAGCAATTTCAAATGGAAATGAAATTAATCAAGATATGAAGATTTCAAATACTCCGAAAAACTCAAACCAAGGTAACAATCTAGTTGTTAATAACAATGAACCTACTAAAGAAATTAAAATTGCAAACTTGGAAGCTCAAAATTCTAATCAGAAGAAAGTGAATAAAGGTACTAATAATTACTTTGGTTACTACAGTTTTAGAGAAGCTCCAAAAACACAAATCTATACTGTAAAAAAAGGTGACACACTTAGTGCTATAGCATTAAAATACAAAACTACAGTTTCAAATATTCAAAATACAAATAATATAGCAAATCCTAATTTAATATTTATTGGTCAAAAATTAAAAGTGCCAATGACACCATTAGTAGAACCAAAACCAAAAACAGTGCCTTCAAATAATAAAAGTAATAGTAATAACAGTACATTAAATTATTTGAAAACATTAGAGAATAGAGGATGGGATTTCGACGGTAGTTATGGATGGCAATGTTTCGATTTAGTCAATGTGTATTGGAATCATCTTTATGGTCATGGATTAAAAGGATATGGAGCTAAAGATATACCATATGCAAATAATTTTAATAGTGAAGCTAAAATTTATCACAACACACCAACTTTCAAAGCTGAACCTGGGGACTTAGTGGTTTTTAGTGGAAGATTTGGTGGAGGATATGGTCATACAGCTATTGTCTTAAATGGTGATTATGATGGAAAATTAATGAAGTTCCAAAGTTTAGATCAAAACTGGAATAATGGTGGATGGCGTAAAGCAGAGGTTGCACATAAAGTTGTTCATAATTATGAAAATGATATGATTTTTATTAGACCATTTAAAAAAGCATAATTTAAATCGAAGGCAGGACATTGAAATATGAAATTTTCAACTTTAAGTGAAGAAGAATTTACCAACTACACCAAAAAGCACTTCAAACATTATACACAGTCTATAGAATTATATAATTATAGAAATAAAATAAATCATGAAGCACATATTGTGGGAGTGAAGAATGATAAAAATGAAGTTATAGCTGCATGTTTATTAACAGAGGCACGTATTTTTAAATTCTACAAATATTTCTACTCTCATAGAGGTCCTTTACTTGATTATTTCGATGCTAAATTAGTTTGTTACTTTTTTAAAGAATTATCTAAATTCATTTATAAAAATAGAGGTGTATTTATTCTTGTTGATCCATATTTAATAGAGAATTTAAGAGATGCGAATGGTAGGATAATAAAGAATTATAATAATTCAGTGATAGTAAAGATGCTAGGAAAAATTGGGTATCTCCATCAAGGTTATACAACA
CP129555.1_gap56	2177865	2181992	4127	TCAATAAAAGAAATTGATCAAATGATTGCTGATAAAGAAAAAGATATTATGTCAGTATAAAACTAATATACAATGACATATTAAAATGCCAGTATTAAACGATAATGTAACATTTAAAATGGGCATGTTTAATTAAATCAAAGATGCATGTGATAATTTAAATTCACAATGAGCATAAAAATGGTGTTTAAACAAGTTAATTAAACATATACTTTATAAATAATAGGCATTAGGTATATTGATATAATAAAGTTATGTAATTTTTAACCTCAGTATGTATGTCACATTTCTGGTGTAAACTGTACCGAGTCAGACTTTGGTACAGTTTTTTTATTTGCTTATTCAATGCATTAAATGAGTATGATAAAATGATAATGATTGTTTAGTAACTTATACTATATGACAGAGATGATCAGGCTCGGAGGAAAGACCATGTTTAAAAAGCTAATAAATAAAAAGAACACTATAAATAATTATAATGAAGAATTAGACTCGTCTAATATACCTGAACATATCGCTATTATTATGGATGGTAATGGGCGATGGGCTAAGAAGCGAAAAATGCCTAGAATTAAAGGTCATTACGAAGGTATGCAAACAATAAAAAAAATTACTAGGGTAGCTAGTGATATTGGTGTTAAGTACTTAACTTTATATGCCTTTTCCACTGAAAATTGGTCAAGACCTGAAAGTGAAGTAAATTATATTATGAATTTGCCTGTCAATTTCTTAAAGACATTTTTACCGGAACTAATTGAAAAAAATGTCAAAGTTGAAACAATTGGATTTACTGATAAGTTGCCAAAATCAACGATAGAAGCAATAAATAATGCTAAAGAAAAGACAGCTAATAATACCGGCTTAAAATTAATATTTGCAATTAATTATGGTGGCAGAGCAGAACTTGTTCATAGTATTAAAAATATGTTTGACGAGCTTCATCAACAAGGTTTGAATAGTGATATCATAGATGAAACATATATAAACAATCATTTAATGACAAAAGACTATCCTGATCCAGAGTTGTTAATTCGTACTTCAGGAGAACAAAGAATAAGTAATTTCTTGATTTGGCAAGTTTCGTATAGTGAATTTATCTTTAATCAAAAATTATGGCCTGACTTTGACGAAGATGAATTAATTAAATGTATTAAAATTTATCAGTCACGTCAAAGACGCTTTGGCGGATTGAGTGAGGAGTAGTATAGTATGAAAGTTAGAACGCTGACAGCTATTATTGCCTTAATCGTATTCTTGCCTATCTTGTTAAAAGGCGGCCTTGTGTTAATGATATTTGCTAATATATTAGCATTGATTGCATTAAAAGAATTGTTGAATATGAATATGATTAAATTTGTTTCAGTTCCTGGTTTAATTAGTGCAGTTGGTCTTATCATCATTATGTTGCCACAACATGCAGGGCCATGGGTACAAGTAATTCAATTAAAAAGTTTAATTGCAATGAGCTTTATTGTATTAAGTTATACTGTCTTATCTAAAAACAGATTTAGTTTTATGGATGCTGCATTTTGCTTAATGTCTGTGGCTTATGTAGGCATTGGTTTTATGTTCTTTTATGAAACGAGATCAGAAGGATTACATTACATATTATATGCCTTTTTAATTGTTTGGCTTACAGATACAGGGGCTTACTTATTTGGTAAAATGATGGGTAAACATAAGCTTTGGCCAGTAATAAGTCCGAATAAAACAATCGAAGGATTCATAGGTGGCTTGTTCTGTAGTTTGATAGTGCCTCTTGCAATGTTATATTTTGTAGATTTCAATATGAATGTATGGATATTACTTGGAGTGACATTGATTTTAAGTTTATTTGGTCAATTAGGTGATTTAGTGGAATCAGGATTTAAGCGTCATTTCGGCGTTAAAGACTCAGGTCGAATACTACCTGGACACGGTGGTATTTTAGACCGATTTGACAGTTTTATGTTTGTGTTACCATTATTAAATATTTTATTAATACAATCTTAATGCTGAGAACAAATCAATAAACGTAAAGAGGAGTTGCTGAGATAATTTAATGAATCTCAGAACTCCTTTTGAAAATTATACGCAATATTAACTTTGAAAATTAGACGTTATATTTTGTGATTTGTCAGTATCATATTATAATGACTTATGTTACGTATACAGCAATCATTTTTAAAATAAAAGAAATTTATAAACAATCGAGGTGTAGCGAGTGAGCTATTTAGTTACAATAATTGCATTTATTATTGTTTTTGGTGTACTAGTAACTGTTCATGAATATGGCCATATGTTTTTTGCGAAAAGAGCAGGCATTATGTGTCCAGAATTTGCGATCGGTATGGGGCCGAAAATTTTTAGTTTTAGAAAAAATGAAACACTTTACACTATTAGGTTATTGCCTGTTGGTGGATATGTTCGTATGGCAGGAGATGGCTTAGAAGAGCCACCAGTCGAGCCTGGTATGAACGTTAAAATTAAACTGAATGAAGAAAATGAAATAACACATATCATATTAGATGATCATCATAAGTTTCAACAAATTGAAGCGATCGAAGTTAAAAAATGTGATTTTAAAGATGACTTATTCATAGAAGGTATCACTGCTTATGATAATGAAAGACATCATTTTAAAATTGCTAGAAAGTCTTTCTTTGTTGAAAATGGTAGCTTAGTTCAAATTGCTCCGAGAGACAGACAATTTGCACATAAAAAGCCATGGCCGAAATTTTTAACATTATTTGCGGGACCGTTATTTAACTTTATATTAGCTTTAGTTCTATTTATTGGTCTTGCATATTATCAAGGTACACCTACTTCTACTGTAGAACAAGTCGCAGATAAGTATCCAGCTCAACAAGCAGGCATACAAAAAGGCGATAAAATTGTCCAAATTGGCAAATATAAAATATCTGAATTTGATGATGTTGATAAGGCGTTAGATAAAGTTAAAGATAATAAGACGACTGTTAAATTTGAACGTGATGGTAAAACAAAGTCAGTTGAATTAACACCTAAAAAGACCGAAAGAAAACTGACTAAAGTAAGTTCAGAGACGAAGTATGTTCTCGGATTCCAACCAGCGAGTGAACATACACTCTTCAAACCAATTGTATATGGATTTAAAAGCTTTTTAATCGGTAGTACTTATATTTTTTCAGCTGTAGTAGGTATGTTGGCTAGTATATTTACGGGCGGATTCTCGTTTGATATGTTAAATGGTCCGGTTGGTATTTATCATAACGTCGACTCAGTTGTTAAAGCGGGTATCATTAGCTTAATTGGATACACTGCGTTATTAAGTGTAAACTTAGGTATTATGAATTTAATTCCTATTCCTGCACTAGACGGTGGTCGTATTTTATTTGTTATATATGAAGCGATTTTCAGAAAACCAGTTAATAAAAAAGCGGAAACAACGATTATCGCTATTGGTGCCATTTTCATGGTCGTTATTATGATATTAGTAACGTGGAATGATATTCGACGATATTTCTTATAATTTAGGAGGATAAATAATTATGAAGCAATCCAAAGTTTTTATACCAACGATGCGTGACGTGCCATCAGAAGCAGAAGCACAAAGTCATCGTTTATTATTGAAAGCGGGTTTGATAAAACAAAGTACAAGTGGGATTTATAGTTATTTACCGCTAGCAACACGTGTGTTAAATAATATTACTGCAATTGTGCGACAAGAAATGGAACGTATCGATTCTGTTGAAATTTTAATGCCAGCGTTACAACAAGCTGAATTATGGGAAGAATCAGGACGTTGGGGTGCATATGGCCCAGAATTAATGCGTTTACAAGATAGACATGGAAGACAATTTGCATTAGGTCCAACACATGAAGAATTAGTTACATCAATAGTAAGAAATGAATTGAAATCATACAAACAATTACCGATGACATTATTCCAAATTCAATCTAAATTCCGTGATGAAAAGAGACCACGTTTTGGTTTACTTCGTGGTCGTGAATTTATTATGAAAGATGCGTATTCATTCCATGCTGACGAGGCATCATTAGATCAAACGTATCAAGATATGTATCAAGCGTATAGCCGTATTTTTGAGAGAGTTGGCATTAACGCAAGACCAGTAGTTGCAGATTCAGGTGCTATTGGCGGTAGCCAT
CP129555.1_gap57	2196764	2199931	3167	AAGATCCAGAGAATGAATTACTTATTAAAGAAGTTTATGCAATTTTAAATGAATTAGTGAAAGAAGAAGTTCGACGTTTAATTGCAGATGAAAAAATTAGACCAGACGGCCGTAAACCTGATGAAATCCGTCCATTAGATTCTGAAGTTGGTATTTTACCTAGAACGCATGGTTCAGGTCTATTTACACGTGGTCAAACTCAAGCACTTTCAGTTTTAACATTAGGTGCTTTAGGTGATTATCAATTAATTGATGGTTTAGGACCTGAAGAAGAAAAAAGATTCATGCATCATTATAACTTCCCGAATTTTTCAGTAGGTGAAACTGGTCCAGTACGTGCGCCAGGTCGTCGTGAAATTGGACATGGTGCGTTAGGTGAAAGAGCATTAAAATATATTATTCCTGATACTGCTGATTTCCCATATACAATTCGTATTGTAAGTGAGGTACTTGAATCAAACGGTTCATCATCTCAAGCGTCAATTTGTGGATCAACATTAGCTTTAATGGATGCGGGCGTACCGATTAAAGCACCAGTTGCTGGTATTGCTATGGGCCTTGTTACACGTGAAGATAGCTATACGATTTTAACAGATATCCAAGGTATGGAAGATGCATTAGGTGATATGGACTTTAAAGTCGCTGGTACTAAAGAAGGTATTACAGCAATCCAAATGGATATTAAAATTGACGGTTTAACGCGTGAAATTATCGAAGAGGCTCTAGAACAAGCGAGACGTGGTCGTTTAGAAATAATGAATCATATGTTACAAACAATTGATCAACCACGTACTGAATTAAGTGCTTACGCGCCAAAAGTTGTAACTATGACAATTAAACCAGATAAGATTAGAGATGTTATCGGACCTGGTGGTAAAAAAATTAACGAAATTATTGATGAAACAGGCGTTAAATTAGATATCGAACAAGATGGTACTATCTTTATTGGTGCCGTTGATCAAGCTATGATAAATCGTGCTCGTGAAATCATTGAGGAAATTACACGTGAAGCGGAAGTAGGTCAAACTTATCAAGCCACTGTTAAACGTATTGAAAAATACGGTGCGTTTGTAGGCCTATTCCCGGGTAAAGATGCGTTGCTTCACATTTCACAAATTTCAAAAAATAGAATTGAAAAAGTGGAAGATGTATTAAAAATTGGTGACACAATTGAAGTTAAAATTACTGAAATTGATAAACAAGGTCGAGTAAATGCATCACACAGAGCATTAGAAGAATAATATTTAAAGTCATATGACGACAATGTATCGTCATGTGATTTTTTTATGCCATTTTTTACGAAGTGACCCATTTTGAATTTGTTGTATTGAACATTTTAAAACGCTTTATTATTTTGTGTACAACTGTTAATTATCCTGTATGTATAGTGATTAATAGTGTACATCAAGTATTTTTTAACTTATAATGAATAGTGAGTTTATATATGGACGGGTAACAAATTTAGGAGGTAAGATTTTGAGTTTAATAAAGAAAAAGAATAAAGATATTCGCATTATACCATTAGGCGGTGTTGGCGAAATTGCTAAAAATATGTATATCGTTGAAGTAGACGATGAAATGTTTATGTTAGATGCTGGACTTATGTTTCCAGAAGACGAAATGCTAGGTATTGATATTGTTATACCAGACATTTCATACGTACTTGAAAATAAAGAAAAATTGAAGGGTATATTCCTTACACACGGACATGAGCACGCGATTGGTGCAGTGAGTTATGTTTTAGAACAATTAGATGCACCAGTATATGGATCTAAATTGACAATAGCGTTAATTAAAGAAAATATGAAAGCCCGTAATATTGATAAAAAAGTTCGCTACTACACAGTTAATAATGATTCAATTATGAGATTCAAAAACGTGAATATTAGTTTCTTTAATACGACACACAGTATTCCTGATAGTTTAGGTGTTTGTATTCACACTTCATATGGTGCCATTGTGTATACAGGTGAATTTAAGTTTGACCAAAGTTTACATGGACATTATGCACCAGATATTAAACGTATGGCAGAGATTGGTGAAGAAGGCGTATTTGTCTTAATCAGTGATTCTACTGAGGCAGAGAAACCTGGATATAATACTCCGGAAAATGTGATTGAACATCATATGTATGATGCTTTTGCAAAAGTGCGAGGTCGCTTGATTGTTTCATGTTATGCTTCGAACTTTATACGTATTCAGCAAGTTTTAAATATTGCTAGCAAGCTAAATCGTAAAGTGTCATTTTTAGGAAGATCACTTGAAAGTTCATTTAATATTGCTCGTAAAATGGGGTATTTCGACATTCCTAAAGATTTGCTAATTCCTATAACAGAAGTTGATAATTATCCTAAAAATGAAGTGATAATTATAGCTACTGGTATGCAAGGAGAACCTGTAGAAGCCTTAAGTCAAATGGCGCAACATAAGCATAAAATTATGAATATCGAAGAAGGCGATTCTGTATTTTTAGCAATTACGGCTTCTGCTAATATGGAAGTTATCATTGCGAATACATTAAATGAGCTTGTACGTGCTGGCGCACATATTATTCCAAATAACAAGAAGATTCATGCTTCAAGTCATGGTTGCATGGAAGAATTAAAAATGATGATTAATATTATGAAACCTGAATACTTTATTCCTGTACAAGGTGAATTTAAAATGCAGATAGCACATGCGAAGCTAGCAGCTGAAGCAGGTGTTGCACCAGAAAAGATTTTCCTTGTGGAAAAAGGAGATGTCATTAATTACAACGGTAAAGATATGATATTAAATGAAAAGGTAAATTCAGGAAATATTTTAATAGATGGTATTGGTATTGGGGATGTAGGAAATATCGTGTTGAGAGACCGTCATCTTTTAGCAGAAGATGGTATCTTTATTGCTGTAGTAACGTTAGATCCTAAAAATAGACGTATAGCTGCGGGACCTGAAATTCAATCTCGTGGGTTTGTATATGTACGTGAAAGTGAAGACTTATTACGTGAAGCAGAAGAGAAAGTACGTGAAATAGTAGAAGCTGGTTTACAAGAAAAACGCATAGAATGGTCTGAAATTAAGCAAAATATGCGTGATCAAATTAGTAAACTATTATTCGAAAGTACAAAACGTCGTCCTATGATTATTCCAGTAATTTCTGAAATTTAATCAAAAAGTCATTAACA
CP129555.1_gap58	2247497	2249659	2162	ATTTCTCTAAAAACTTACCAATTAATAACATTAATGTAATCCCATTTTTCTCACTTGTTGAATAACTTGATGTATCATCATCTGCTTTAGGCATATCTAAACCTTTAACCTGTAAAATAGTTGCTTTTTCTTGAATATTTAAAGCTGGATTCGTACCATCACTAAAAACAAGTTTTAAAATATTGTTTTGCGTTTTTTCAAATAATAAATCGCCTGCATTTTTTACATGCTCATCTTCATTATTCTGTAATTTTTCAATTACATTTAATGAACCAACTTTTTTACCATTTTCACGTTCTTCAACCGTATCAGAAATAGCTTGATAAATTGCCGTTTCAATATGATGATAATTTTCAAAAGATTTAATTTCATCAAACACTGATTTCAACATCTCATTAGCTTCAATACCATCTAAAAACACAATAGGGTCTAGACAACCATAATTGGTTGAATCTTCATAATTCAATGTTACATATTTAAATGTTTTTAAATGATTAATAAATAGGGGATACTTTTCTTGCATTTCCTTACTTTCTGTTACTCTGTCAAACCATTCTGCAAACTCAGATTTTGGATCCCAGTACAACATTTGACCTTTAAAAAATGATGTATAAATCCATAATAATTTTGCTAAAAATGATTTACCTTTACCAGTTTGACCAGTAATTAAAACATGCGGACTATCACTGACAGCCCCTTTAATACCTTTTGCGGCCAACAATAAACTAAATAAAATTATATCCCTTGAACTTGCAACAGCTTCCTCACGTGAAACAGAACGAATAAATTTATCAATACGCCCTATATAAAAACCTGTTTTTGTTCCCAAACTTTGAGACACACCAAATAAATTTTCTGCTATACCTGTTGCCGTAGTTCTTTGTAACCAATACTTATTAATAAACAAATCATTACCATGTAAACACTGATAAAACAATTGTAACTGGTCAGCTAATGGATTAACTGCATATATTTGAGTTTCCTTTAATCGTTTCATCAAACGCTTTGCTTTACGTTTACAGTCTCTATAATCATCACTTTTAATTACAAACATAAATACCCACTCAATAAATACACCTGAGCCAGTCACTTCTCGTTCCATTTGATTCAATACAAACAAATTATCTTGAACATCTTCCGAAGCACTATCGCCAGTATCTTGCTTTTCTTTTGCTTGTTGTTTATGATTTATTTTCGCACGGTCAAATTTTTTCTTAACTTTCTCGTTATTAATGATTTTTGCTTTTACATGGCATTCAACCGGAAAAGGCATATTTTGAGCTTTCTCAAATAAATGTGTATATTCCATATCTAAAGGAAAATCATCAACAACAACTGTTGTTGTATAAAATTTCTCGTTATCATTTTCAACTTCTAAAACACTCAAGCGAGTAGGGTCAATTACTGCATTATAAATATCTGTAATAGCTCGTCTTGAAGATTCTTCCTGTACGTCATGTGTTGCATTTGAAATAAAAGGCTTTCTAATAATATAAGCCAATTCATTCTCAGTTAAACGCTCGCCTCCAATACCTAGGAAACTATCAGCCAAATCTCGTTCAAATGTTTTATACTTATCTAAAATTTTATCGTCTAAATTCACATCAAAACCAAAATTCGAAACAATACGCTCAGCCGTATCTGATAATGTACTTTTTAAAATCTCTTTAAGTGTAACTGCATCGTCAGCTAATTCACGTATTTTAACACCCATAACAAAAGAATTATGCGTAATCATTTGCAATTCTTGTTCTAATACATCAATAGTTTCTTTTGAATAATATTCAGCTACATTAAAAGCTTCATCATCAAAATCTTTACTAATTTCTTTAAATTTATTTCGCAAATCTAAATCGTGGTCATACATTTCAAAATGAAAATCTTGATAACCTTTAATCGACTCTAAAAAATAACGCATACGCTTTTTTGATTCTTCTTTTGCATCATAATTTGCTGTTGAAATAGACTCAGAACGAACACGATAATACGCCCAAACTTCGCCAGTTTTCGTTAATAACAAATTATCTCTTAAACCTGCATACGGTGTTTTTAAATTCATGTCATCCCTCCAATAAAAATAACCCCAATAGGGGCTATTTAAATGTTACTTTTTTATCATGATATTCTACTTCTTCATCATAGCTTAATTTAACTTTTCTTAA
CP129555.1_gap59	2390313	2394292	3979	AATTCTTTTTCTACTACTTTCACAGGAACATTAACAATCACTTTTGATCCATCAAGCAATGTTACTTCAACTTTTGCTGTTAAACTATCAGAAATTGTTGCAGTTGACGGTGTATCAATAATTTCCGCTGTAAGTTGATCAATTAAGTTGATGTGTGCAAGAATATCTTGTTCTGTAATGATGTCATCACGATGGACAATGAGTTCGCCATTTACAAGGATTTGTTCAGGAGTTGCGTCAAAAATTTCATTTACAGCAGGTTGTGCATCAACTTCCCATACATGTGTATTTCTAATATCATCTAATCCTAAATTTAATCCTTGATTTAATTGATCTTTAGTTTGAGCATTTTCAATGTTTTCTAGTGCTCGTTTTTCAGCTTCGTCAATTTCTTTGAGCGCTTTTGCTTTTTGTTCAAGTGTTAAATCAGGGTTTGAATTGATTTGATCACGCTTCGCATTTGCTAATGCTTTAATTGCATTTTTCGCATCTTCTTTAGCTTTCACTAAATCTTTAATGTCTTGTAATGCTTGTGCAAGCTGCGCTTTGGCATGCTCAATTTCTTCTTTAGTCATCGCATTGTTAATGCCGTTATGACCTTGTTGCAAGATTTGATTTATTCGATCTTTAAGCGCTTGTTTTTCCTTATCTGTTAGAATTGGATTTCGATCAATTTCGTCAATTAATGCTTGAACTTGCTTATCAATATCTTGTTTCGCGCTTTCTTTAGCTTTCACTAAATCTTTAATGTCTTGTAACGCTTGTCCAAGTTGTGCTTTGGCTTGTTCAATTTCTTCTTTAGTCATCGCATTGTTAATGCAGTTATGACCTTGTTGCAGGATTTGATTTATTCGATCTTTAAGCGCTTGTTTTTCCTTATCTGTTAGAATTGGATTTCGATCAATTTCGTCAATTAATGCTTGAACTTGCTTATCAATATCTTGTTTCGCGCTTTCTTTAGCTTTCACTAAATCTTTAATGTCTTGTAACGCTTGTCCAAGTTGTGCTTTGGCTTGTTCAATTTCTTCTTTAGTCATCGCATTGTTAATGTCGTTATGACCTTGTTGAAGTATTTGGTTAATTCGATCTTTAAGCGCTTGTTTTTCCTTATCTGTTAGAATTGGATTTCGATCAATTTCGTCAATTAATGCTTGAACTTGCTTGTCAACATCTTTATTCGCATCAATTTTAGCTTTCGGTATTTCATTGGCATGCACTTGTTCAATCGCATGGTTGCCAGCTGTTTGAACTTGAGATACATCCTGATTACTTGTTGCTTTATTAATGTTGTTGATGATGCTGTTTGCCAATTCTTCTGCTTTATTTTTCGCAATAAGCTTGTCTTGATCCGTCGCATTTGAAGCTTCGATTTCTTTTAGCTTATTAGCTAAAGCTTGATTAATAGATTGAATTGCCTTGTCTTTAGCATCTTGTAGTCGTTGATCACCATTAAGATTTTGGATTGCATCATTGACTGTTTGAATTGCGCCGTTAATATCATTCACATTTGTGTTATCACTATTTAGCAATGTATTTGCTAGACGTTTAGCATCATCGAAGTTTGTTTTAGCATTATCTTCAGCGTTTTGGTAATTGACAGTTTGCTCTGCATTTGGAATTTCATTGTCAACTAAATGTTTCAATGTTTCCATTGCATCATTTAAGTCAATTTGATTATTAACAATATCTGTTACATCTGATACAGTATCGGCATTGTTAATTGCATTATGTGCAAGATGTTGTTGCTGTTGATTTAATCCATTTAACGAATTAACAAACGCATTTGCTTTATCTTTGGCATTTGCAAGGTTTTGGTCTCCATTTAATGCATTTTGAGCATCAATAATATTTTGTTTCAATTGCTCTGCTTCAGCTTTTGCAATTGCATTACCTTGCACTTTATCTAACTCATGTGCTGCATTCGCAATTGCATTATCATAATTTGCTTTCAAATTATCATCTGCATTGATGTAATTTGTGCTGCTGATAACACCAAGGTGCTGTTCGTCAATATATTGTTGTACTGCACCCATTGCATTATCTAATTTAGTTGCTCTATTAATTGCTCGAGATGCTTTATTTAGCGTTTCAGCATTATTAATTTGTTGGATTGCTAATTGTCTTTGAGCATTGTTTAGATGTGTTAATTGATCCAATCTTTGTAATGCTTCAGACTTACGATTATTAAGTTTTTCTTCACCATTTAATGCTTTCTTTGCTGCAGTGACTGCATCATTTAATTTGATAACTTGTTCTGCAGTTAAGTTTTGACCTGTCGATTTATCAAGTGCTTGTTTCGCTTTATCAACCGCTTCATCATACACTTGTTTAACTTGTGTATCTGCATTGACATAGTTCGTGCTACCTTTCGTGCGTCCTTCATTGCCAGTGATTCCTTGTGACAATTGATCCATTACACGATTAAGTGCCTTAGCCTCATCTACAATTTGTTGGATTTGATTTAAATCGTTTGATTGATCGATGCGACCTTTAAATCCATCTTGTTGAGCATTGTTTAATGCATTCAATTGCTCTATATCATGTTTACCATTTGTTTTAGCAAGTGCTACACGTTCATCACCATTTAATGCTTGTTTTGCATTTAAAATATTTTGAAGTGCTTGATCCACTTGTTGCTTATTCGCATTTTGTTTCAATACATTTTCGGCATCAGCAATAGCTTGTTTATAAGCATTTTGCTTATCTAAATCTGCTTGTGTGTAATCTACAGTTTGCTCAACGTTAGCATGTTCATTAACTGCTTGTTGTAATTGATCCATTGATTGGTTCAATTGCGTTGCTTGATCTACTAATTCAGCGATTGGTTGAAGTTTCGTCGCTTGATCAATATTTTGTTTAGCAGTTGCAATTTGATCAGCATTTAAATGTGTTAATTGGTCAATAGTTTGTTTCGCTTGTGTTTTAGCTTCAGCGACTCTCTCATTACCATTTAACTCATTCACTTTTTCTTGAAGCTTAGTTAATGCTTGGTCTACAGCGTCTTTATTCGCATTTGAACCATTAGTTGGATCTGTAATGCTTTCTGCAGCTTGTAACGCTTGATCTACTGCTTCTTTTTTATCAGTTGACGCTTCAGTGTAATTTGGTTGAGCCTTATCTGTATTCACTTGATCAACTTTATTTTTCAATGTTTCCATCGCGTGATCAAGTTCAGTAGCAGTTTGAACATGTTGTGCAACCTCTGTTCTTGTAGGCGCTGCATTTATAGCATCAGTTAATGCTTGTTGTTGTGCATGATTTAAGTTTGGCAATGCATTTACAGTTGTTACTGCTTGTAGTTGATCACGAGCAAGTTTTTGATCACCATGTAGGTTATCTTTTGCAGTTGTTACTGCTTGTGTCAATTGTTCTACTTGTGATTTGTCGAGTGTTGGATTACCTGTTTGGTTAATTAAATCTTTTGCATTTTGAACTGCTGCTTGGTAAGCATCTTTTTGCGGTTTATCTTCATTGATAAACTTGCTACCAGATTCTGTTTGTTGTTGATCTTGAATACTATTACGTAATGCTTGCATTGCTTGATCAAGCGCTTTTGCTTCAGCTAATTTTTGCGCTACTTCATCACGAGTTGCTGCGTTGTTTATTTGGCTTTCAAGTGCTTGACGTTGCGGATTATTCAAACCATTTAATTGATTTAAATCAGTAACCGCATGTTGTTTATCGTCTGCAAGTTTTTGATCACCGTGTAGGTTATCTTTAGCTTGGTTAACAGCTTGTGTCAATTGTTCAACTTGTGCTTTATCAAGCGTTGGATTGTTAGTTTGATTAATTAAATCTTTTGCATTTTGAACTGCTGCTTGGTAAGCATCTTTTTGTGGTTTATCTTCATTGATAAACTTGCTACCCGCTTCCGTTTGCTGTTGATCTTGAATGCTATTACGTAAAGCTTCCATTGCTTGGTTAAGTGCTTCTGCTTCAGTTAATTTTTGTGCTACTTCGCCACGAGTTGCTGCATTAT
CP129555.1_gap60	2559888	2560917	1029	AATAATCTGACATATAACATCACTCAATTTTATTTTTTTATATTACTCAATACACCATTTATAAATTTATAATGATCATCATCACTGAATTGTTTTGTTAATTCAACTGCTTCATTCATTACGACTTTAGCAGGTGTATCACTGTGTAATATTTCATATGTTGCCATTCTTAAAATAATACGATCCGTTTTTAATAAACGTGCAATAGTCCAATCTTTTAAATTAGGACTAATTGTCTCGTCTAATACAGGTTCGTGATCTTTAACGCCAGAAACTAGCCAATGAATAAATTCGAAGTCTAAATCTGGATTATCGTCTTTAATAAAGCTTATCGCTTCATTTATCGTTAAATCACTGTCCTTCATTTCTAATTGAAATAAAGTTTGAAAAGCTTGCACTCGGGATTCTTTACGACTCATTTTTAACTCCTTCAAACGTTTGTATTTTTCTTTATTTAATTACTGAATTAGGTATGACATTACTTTTCAATAACGATTTGTGTAATGTGAATATTAATTTGCTTAGGTTCTATCGCTGTCATATTAGAAATTGAATTAAAAATTGACGTTTGAATTTTGTTTGCAGTTTTTGAAATATTAACACCATGTTTTAATGCACAATATACATCTATATATATGCCATCTTCTTTACTCTCGATTTTTAAATCACGGCTTAAATTTTTACGACTAACTTTTTCTAAATTTGTTTCTTTTAATTCAGCAAAATGGCCAGTGATGCCTTCGACTTCCGAAGTAGCTATACTTGCAATAACAGATAGCACTTCTGGCGCTATTTCTACTTTACCTAATTTTGAATTTGAATAATCAGTTACTTTGACCATGGATTGACCTCCTATTAACCTTCATCATTCATAATGCTATTTTGCTCTAAAAAGTTTGTATTAAATTTACCGCTTCTAAATATATCGTTATTCAATAATTTAATATGGAATGGAATAGTTGTATCAATACCAAGAACCACAAATTCACTTAATGCACGAATGCCAGCCATAATCGCTTCATCTCGTGT
CP129555.1_gap61	2682076	2684757	2681	TACAGATCTCCATATAATTTTTGAATTTGGTTCTGTAATTTTTTATTTTCTTTTTCTAATTCCATTACTCTTCTTTTTAAGGTTTTAATAAGGATTTCCTCCGAACGAGAACTTTTCTTGGGTTTTGAGACTACATTTGCTGTTATTTGACGCTCACGAAGGGATTCGATTCTTTGCCTAATATCGTGTTCCTTATAAAGCCATGATTTAGAAACATTAGCTTCCTTTGCTATTGAATTAAAATTAATAACTTTACCTTCAATCGAAAATTTAGAAATCGCTTTGTCTACTTTTTCCCTTGTCTTTTTTGATTTCTGCTTCGCCAAACGTACAATTTCTGTTGTATTTCTAACTTGTTTATCCATTGATAATTACCCCGTCAAACTTCCAATGATTTGTTCTAAACGCTCTTTAACACGGCTATTAGTCTCTACTTGTCTTTGCCATTGTTTATCCTTAGCTATGGCTAATAACTCTTCTGTACGCTCTAACTGTTCTTCGTGCTGTGGTAAGAATTGCTTACTGGTACAGAAGTGAGTGCAATCTAAGCATGCATTCGCATGTGGACAACCACCTGCTACTACTGGCAATCTACAATAACCATTTGGAAGCACTTGTGCATTTATATTTTTCTTGAACCATTGAAGCTCTACATCATCGACTTCATTATCTTCATCTAGATCAAGCACATCTCCATTATTGGTAACCAGTTTTTCCTGAAATTTAGTAAATTCATTTTTTAGAGTTTCATCAAAGATATGAGCGTATCTGCTTGTCATTTCTGGGCTTTCATGCCCCAAAAATTTCTGCACAATATGCTGGGGCATCCCGTTGTTAATCATTCTTGTTCCTACTGTATGGCGAAAGGCATGGGCATGGAATCTATAAATCTCACCTGATTTATCCACTATATTTTGCTCATAAGCTAATTTATTTAACTCACCTCTAAATGTTTCTTGTTTTAATGGCGATCCATCTTTTCTTGGAAAGAGGTATTCACTATCTGGAAATTCCTCTGAAACTTTATCTTCCCGAACTTTAATAAGTAAAGCTACCTCTTTAGATATTGGAACTATATGCTCCTTTTTCATTTTCCATTGATAATACTTTAAAAAGAAATCTCCATCTTTGTCCTCTAATAGACAGCCTTTTTTCAAGGTGCACAATTCACTTATCCTCATTCCACATTCTTGAACAATCATAGTCATCGTAGCTATATATTCGGGTAATTTATCAAGATGACTGTTCAATTGCTCTAGGACGAATTCATCTATAAAGCGTGGTTTTGCTCTTGGTATTTTCGGATAGTCCTCAGAATAAATTAATATTTTGGAAGGAACATCATCCCATTCTAGCCTAAGAAGGGTACTAAATAGTCCTTCCAATATAGAGATCCTCCCAGTTATTGTACTAGGTTTTATTCCCATCATGTTTAGTTCACTTAAATATGCTTCAATTTCCACTCTCGTTAATTGGTGTACTCTCTGAACTTGTTTAAATTTCATGTCCAGAAAATTAAAGAACTCTTTAAGTCTTTGGGCAATATCACTTACATAGGAAAAGCTATCCACGTTCAATCTCAACTTACAATATCTTTTTACAAGTTGTTTAAAATATGTATTCCGAAACCCTTTAAAGTTAATTGTATATTCATATTGTGTTGGGTTAACCTTATCATCTGGCAAAGGTAAGTTACGTCTATCCCAAACGTCTTTATCCCACTCCTCTCCATCAAAATAAAAGTTCTCATAAAACTCCATAAATTGTTTTAGATTAGTAACATAGTAGGAATTAGCTTTTACAGGTGTTTTTTCTTGATTAGCAGTAATCTTATAATTAGTAGTGGTAATTCTAACACCCCGTTTTGTCAAATAAGTTCTATACTCCGTCATTGCTTTTTCAATAGGAACTTCAGTAATTGAAGTAATGCTAGGATACTTTAAATCTAAGAAATCTAACATTTTATTAATTACTGTTCCTTTTCTAATCCAGACAGTTTTTGCATTCCATATTCCATTGTTTAAATGGTAAAAATAAAAATATTTCAATTCTGTTCTTAACCACAGATTTTTAACACGTTCAAAACGAACCCAACGATTCCTTAAAGCAGGATTCTTACTTAATTCTATGGCAGAAGGATGTGGACATTTTCTTATATCCCAACTATTATTAGCCCAAAACCCCTGCATTTCTTCATTCATTACAGCTATTTTTTTGCTAATCTCACTCTGACTAATAATTTTCCTTTTACTAGAAGCATTCATTTCTTATGCTCCTTTCTCTCGAGGTATTTATTAAACTCATTTTTCATATCCTGATCTGAAAGATGAACATAGGTATTTAACGTTGTCTGAACATGTGCGTGACCTAATCTCTTTTGAACGAACGCAACATCCCATCCTTCCCTAATTAGCTGCGTTGCGTGAGTGTGGCGAAGCATATGTGATGTAAATTCTATTCCAGTCCTTTTAACTATTCTTCTAACTAGATCAAGAACACTTTGGTACTTTAGTGGTTTCCCAAAATAGCCTTCTTTTAAGGAAATAAAAACATAATCATGCTCCAATTCCTCACTATACTCATATATCAAGTAATCTGTATAAAGTGACATAAGTTCTTTACTCACATGTATTGTTCTTTCCTTCCTTAATTTAATATAAGCTTCATTAACATTAACATCT
CP129555.1_gap62	2697233	2702158	4925	GTGACAATTTCTTTAATTTCAATTTCTAGATTTGGCTCGACAGCTTTTAATTTATCAATAAATTGCTGGCTTTGTGTTAAAGCTAATTTACTTCTTCTGGAGCCAACGACTAATTTACGCATGTTCAATTCCTCCTAGGAACGGATTGCTCTAGATTATTTTCTTAATTCACAAAATGTGTTGCAAAAAATAAATTAATCATATTTAAGCAAAATAAAATAATGTTATAGTATATTAAATACCTTGAATTCAACCATTTGTTGATTCTAAGTAAAATATAACTTCCATATAATACTGTAATAATTGAAGAGAGTATTACCTTCGGGTCAATGAATATACGTTCACCAACTGAAATTACACCCCATTGTGTACCTAAAATAATACTAAATATGAGAATTATCCACCCACTTAACGTTGAATAAAACACAATTGATTCAAGTGTAGCAACGCTACCTATTCTAAAGTATTTTTGATCAAAACGCTTTTCCTTCAAATTACGGTATTGCATGATATACAGTAATGCATTGACAAAAGCTAAGGCAAAGAAGACATAACTTAACACAGCTAGACCAATATGGACTAACAGTAACTCGTCTACAACAGCAATTTTCTGAACCTTATTAGTATAATGTGTCGGTTGAAATGTATTCATCCCTAAAAGTGTTAACCCTATTAAATTCAAGAAAAACACAGAGAAATTCAAAACTTTGATAAGGTTAAGAATTAAAGAGATTGAAATAATCAGCCAACTTAAAGTATAGAATACATCTGAAATAGACCCTAATGGAATATGTTTAGTTTGTATAATAAAAATAGATAAAGAGATTGTTTGTAAAACCCAAACAATCCCCAATAAATATATGCCTAAACTTCTAATCTTATGACTTTTTTGGACAAAATCATAAAAATAGCAAATGATACTGATTAAGTATATTAATAATATAATTTCATTGAATCGAATAAACAGGTTTTCTTGCATATTATCACCATATTAATATGCTTATTCAAAACTAAAGATACGTCGCGCTGAAATTTCCTTGACCTTGCTTTCTTTTTGTTGCTTCGCTTGCTCATGAGGACATTTAGCTTCGATATCAAATATATTTTGAAATAGCTCTAATTTTTCATTACTTTTCTTATCACTACTTAATTCTTTGGCCTGTTTAATAGGATCTTTCAACATTTGATTGATGATACTTTTTGTATGTTTAGATATAATTTTACGTTCTCTTTCGCTTAACCCTGGCAATTTACGATCAATACTGTCCATCGTTTCCGCTTGAATTGCCATAGCTTTTTCACGTAAAGCTCTAATCACTGGAACAACACCCAACATACTAACCCACTCATTGTGTGCATGTATTTCTGCAGGAATTTGTTCCGAAATTGTTGCAGCCGCTAATTGTCGCTCACGTAAGTTTGCATCAACTAAACCTTTTAAGTCATCAACATCATAATTAAAGATGTTTGTGATGGCACTAATACCAGGTTCAATATCTCGAGGAACTGCAATATCAATCAATACTAGTGAATCTTGCTTTCTATTTTCTGCAATTCTTTCTATCATTTCATTTGTAATGATATAAGATTGTGCACTCGTCGAACTAATCACAATATCTGCACTTTCAAGTAAATTTGGTAATGATGATAGTTCATCATATTTCACTTGATGCTTTGCTGCTAATTTCATAGCATTTTCAATTGTTCTATTTACTACTGTAATATCAGTAATTCCAGAACCAAGAAGATTTAATAGTGATAATTCACTCATTTCCCCTGCACCAATAATGATAGCTTGCTTACTTTTCAATTTGCCAAATACTTTTTTCGCCAACTCGACCGCAGCATAAGACACACTTACAGCATTATCAGCTATATCTGTTTCATTATGTGCTCTTTTTGCAAAAGTAATTGCCTGTTTAAATAGATGATTAAAAATTGTTCCTGTCGTACCTGTGCTTTGCGCTAAGAAAAATGCATCTCTTATTTGACCTAAAATTTGAGTTTCTCCAAGTACGATTGAATCTAAACCAGAAGTGACACGCAATAAATGTTCTACTGCTTCGTCCCCCACTTTTACTTCTGACATTGCTTTAATATCATCTACTTCAAATCCAAATGCACGAGCTAGAAATCGTTGAATATAGTAACGACCTGTGTGAATTTGATCAACAACAGCATATACTTCAGTTCGATTACATGTTGATAATATGACATTTTCTAAAATAGATTTAGTTTCATATAAATCTTCATGGGCAATTCGTAAGGCATCATCTCTAAAAGCAACTTGCTCTCTTAGTGCAACATCAGCTGTGCGATGATTTATACTAATTGCAATAAAATGCATTTGAAACGCCCCCATATATACTAACAATACAAATATTATAACATAATTTAAAATCCAATTAAGTACGATGCTTAAATAAATTATAATCTTTCTAATTTACTTTTGAGTTTTTGACAAAATGATGAACGTTGAAAAATGTTATCAATTGTGTACTAATTAAAAGTTTCGTGCTTACATTATTTTTAAAATTTTTGTATAAGTTTTGTCGTACAAAAACTATGAAATATACGGTTCAATTAAATTCCATATTTGTTGTTGTTTATTATTTTGAATTGATGAATAACTTACAATTGTATCGTCTGGGTCCATATCTAATTGTGTCTTAATATTTTTAATATGCTTTTGAACTTTGCCTTTTGGAATTTTGTCTTCTTTAGTGCATATAACTAAAGTAGGAATATCAAAATGTTTCAAATAATTGTACATTAAGATATCATCTTGTGTTGGATCATGTCTTAAATCAACTAATTGAATAACTAATTGTAAATTCTCTCTCTTAGTTATATATTCCTCAATCATTTTCCCAAATTTTTCACGTTGTGTTTTACTTACTTTAGCATATCCATACCCTGGAACATCCACAAAAATAAGTTGTTCATCTATATTATAAAAATTTAACGTTTGCGTTTTGCCGGGTTGCTGTGATGTACGTGCCATATTTTTTCTGCCAATCATACTATTGATAAATGTAGACTTACCTACATTAGATCGACCGCTCAGTGCAACTTCAGACAATTCTGTTTCTGGATATTGATCTTCCTTTACTGCACTAATGATTAATTCTATATTATTAGGATTAACTTTCATTTTATATCCTCACTTTTTTATATTCTCTTTCAACTTTACCATTATATAATATTTGAACCTTTCGGTATACATTATAAAAAAGCTCCGATCAAAGTTAAACTATTTGAGCGTCAACTTTGATTGGAGCTTTTCACTTTTATAACACATCAATGATTAAGCTGATGTTTTACTATTATTAATTAAATTACCTTCTGCGTCGTATAATTCTGGTTCAGTTTCTTCATTAATTGTTTGTGCTGTAATAACTACCTTCGTTACATTTTCGTTAGAAGGCACATCAAACATAATATCGATTAACGATTCTTCTATGATTGAACGTAAACCACGCGCACCTGTTTTTCTTTCAATTGCTTTTTCACTAATTGCTGATAAAGCTTCTTCAGTGAACTCTAAATCTACATCATCTAATTCCAGCATTTTAGTATATTGTTTCACAAGTGCATTTTTAGGTTGCGTTAAGATGTTTTTCAACGCAGTTACATCTAATGTTTCTAAATTAGCTACAATTGGCACACGTCCGATAAATTCAGGAATCAAACCATAGGCTTGCAAATCTTCTGGGCGAATTTGTGCTAATAATGCTTGTTCGTCATATTTATCAGCTTCATTGCTTGAGAAACCAATAACTTTTTCACCAAGACGGCGCTTAATCACTTCTTCAATACCATCAAAGGCACCACCAAGAATAAATAAGATATTTGTTGTATCAATTTGAATCATTTCTTGGTTTGGATGTTTGCGTCCACCTTGTGGCGGAACACTTGCAGTTGTACCTTCTAAGATTTTAAGCAATGCTTGTTGAACACCTTCACCTGAAACGTCACGTGTTATAGATGTGTTTTCAGATTTACGTGCAATTTTATCAATTTCATCTACATAAATAATACCTTTTTCGGCTTTATCAATGTCAAAGTCAGCTGCTTGAATTAATCTCAACAAGATATTTTCAACATCATCGCCTACATAACCAGCTTCAGTTAAACTTGTCGCATCTGCAATTGCAAATGGTACATTCAACGTCTTGGCTAATGTTTGAGCTAATAATGTTTTACCACTACCTGTTGGCCCAATTAAGGCAATGTTACTTTTTTGTAACTCAACATCATCTTCTTTTGGTCCTAATTGTTGAATACGCTTATAGTGGTTATAAACAGCCACAGCTAAAGATTTTTTAGCTTTTTCTTGACCAATAACATATTCGTTTAAATGATCCATAATTTCTTTAGGAGTAGGTAATTCTGTAATCGCTTCAGAAGTGTTTTGAGCTAATTCTTCTTCGACGATTTCTGAGCATAATTCAATACACTCATTACAAATATATACACCACTTCCTGCTACAAGTTTTTTTACTTGATCTTGGTCTTTTCCGCAGAAAGAGCATTTCAAATTTTCTTCATCTTCATTGAATTTAAACATTCTTTTTACACCCCTATTCGTTAAAGACTATACTAGATTGGATATTACAATGCAACATATTAACATACAAACTTTTTGCTTAAAGAATAGTAGCAGATACATAAGCTATGCATCTGCTACTCATTTTTGTAATTTAATATTTAATGAAGATTAATCTTCTTTAGTTCCTTCAACGAACTTTGCGTTATCTCTTAATAAATCGATAACTTTTTGAATACGAACATCATTTTTAATGATATCAGTATTACCTAAAGTATTTTTGATATCTTCAACTGAGATATTAAATTGTTTACTCATTTTTTCTAATTCTTTATCGATATCTTCATCAGTAGCTTCGATTTTTTCAGCTTCAGCG
CP129555.1_gap63	2864213	2866099	1886	AGCCCAACAAAGTATAAATAAACTCAAAAACAATAACGAAAATCTTAAACAAAAATTTGAGACCCTATTAAATACATTGAAGATAAATGGATGATATTGAGAAATTATTAATTTATCTGTACTTTTTTATACATTACTAAAATCCCCTCGCTAAACAAATAGTGAAGGGATTTTAATTTTTATTTCTTATCTAACTTATTTTAGTATCATTAATAAAAACTACAATTTTATCATAGTACAGATTTGCCAATTTAAATGTATAATTTAATTATATTCTTATTAAGTCACTATTTAAAAAGAAGCATACTCTTTATATATTTATCCTATTAAACAAATTAATATGTCTATTATTCACCTATATATCTTTCAGTGTATCGATCAACATGCTAAAACACATTTGTGTAACTCTATCTTTAGTACCATCTTTTAATTTTTTCATCTCACCTATAATATATTCTAATTGAATATTATCATCATTATTACAATGATTATCTTTAATGAATGCACTTAAATTAATAATTTTCTCATTACTACTTTTAAGCTCATTTGATACTTTGTTTAAATTATTATAGATTATTTCTATAGTATCTATATCTTTCATTCCAATATACGCTTCTTTTAATTTAGTTCTATTTGTAAAGTCACCATTTAAAATAGTTTCTAAGTATTGGTTATATATAGAAGTCATCAAAGTTGTTCTTTTATTTATTAAACGGTCTTTTAAACTTTTGATTTCTTCATATAGTTGCTCGTTTGAAAAGCTAACTAAATCTAGTCTATTTATCGTATCTCCAACTATTAAATTATTCTGATGCAAATCGTAATTATCCACTAATTCATCTTCTAATTCGCTAATTTTAATGCCATCTATTAAATATAAGTTTTTTCCTTTTAAATTTAATAAAGATAAATAAGCTTTTACTTTATAATTAAAATTTTCATTGTTTTTATCTTTTATTATTTCTATAGCTTGAATTTCTTTTTCAAGTAGTTCACTTTCACTTAATTTAAAGAATTCTTTTAATACATTTAATAAATCAGCTTTAGCATCTTCTTCTTTGAAGTTATTCGTTATATTTTTCAAAAAAATTGATTCATCAAAAATACCATATAATAATAAGTTCTTTAGCTCTATATCAAAAAAGACATAATTTGCTAGTTCATTATTTTTGTATAAGTATTTAAACAAAGCAATAGATGTTTTCGTATTTAAATTGTTAAAATCATTATATGTAAATTGAAGATCCTTAATTTCAGATTCACCTAAATTTCCGCTTCGAAATTCATTATACAGAATGAATAATGAAATGAATAATGAAATGTACAAGGTGATTTTAAAATCTTTTGATTTATATTTAATCTCATCTTGCATTTTATTAATAATTAACTTGAAGTTTGAAACTACTAAATTCAAAGTTCTCATATTCAAATGGTAATATTTATAATTTAAATTATTTTGTTTAGATTTTTCGAAAATAATTTCTTTTTTTTCATCACTTATATCAAAAAAACCATTAAATAGCTCTTTAGTAGAGATGTTCTTTACAAATAACTTAGGTAAATTACTTTTTACTATATCCATTGCTACTTCTCTATTATTAGGAAACTTTAATATTCTAGAAATTATTTTCTCACTATTCTTATGAAAATCCGCTTTTTTATTTAGCTCATCTAAATTTCCTATAAATAGCACTTTACAGTCTAAATAATCAATTAAATCATTTCTAATAAATCCCAAAAATTCTTCAAAACTTACTTTGTCACTCATTCTTTCAACATCATCGATTATTAGCAAAGCACTTTTATTATTTTTCATCAGGGAATTTTTTATCTTTTTTAATGAATTATCATCAATATAACGTAATATGTTATCAGAAAAGTTATTC
CP129555.1_gap64	2873003	2874949	1946	AAATCTTTAATTTGAGGCGTAAAATATACAGCACCATTGTATTCAGAACCAACTTTTCCAATGCCGCCATATACAACACCTATGACTTCATTGTTAGAATTTAGAACGGGTGATCCTGAATTACCTGGTTCGATATATGCATCAAAATTTAAAATATTGTCTTTAATTCGTTTTATAGTTCCTGTAGATTCAAATTGTTTAAAACTGTTTTGTGCAGGTAACGGGTAACCGATAACTTTAATTTTGTCATCAACTTTAGCATCTTTTGCAAATTTAAATGCTTGAACATTATCATTAAAATTAAAGCCATTGGATCCACGTTCAACCGCTTGTTCTTCTATATTCATGACGGAAATATCTTCATTGCCTGGATAATCGGAAATACTTTTAATTTTATAAATACCACCATTTCCTTTGTCACCATTTGGATGAGCAGTAATTCTATCGCCAACTTTATAATCCTTTGATACATGTTTATTAGTGATAATTGTATTTTTACCGATTACAAAGCCTGTCGCATCTTTAAATGCAACGACGCCATGATACGGAAAAACATTTGTATCTTTAACTTGCGTAACATGCTTCTCTGCTTTTGCTATTTGTTGTGTCTCTTCAACGACTGCAGCACTTATTCCAGTTACTGATGTTAAAATGGCTAATGCTGCCATGCTTTTAATGACTAAATTTTTATTCATTTTCAAGCTCCTTTACAATTTGAGATATATTGCAACGCTCGTTTTAAAACAATTTGATTATTTATCTATATTTTCTGCAATGAATTTTTTAATCTCTGGTGTGAAGTAGACGCCATAAGCATTTCTATTGTCATCATCTTTCACATCTGAAGCAAAATGAATACCTACTAGTTCGTTGTTGCTATTTAGGTTGTGTATGCATGTCACAATTCTCCCTATCATGACTATTATTCCATATAATTATGATATTAATTATCGACTTGTAAAGTTATATTCTTACTTGAAAAGTTATAAACATAAATGTCAAATAATGCTAATTATGGTAAGTTAATATTACATTTAGTAACATCAAAGTTAACAAATATAGAAGAAAATCCTCAACTTTCTAATTATGAATCAGAATATTATCTTCTTGAAAAAAATTTAATTAAGACACAATTTATCAAAAGTACTAAAAGTAGATGTCTATATGAAGAAACCACTTATCACATATTGACGAATGGAGACATCTTAAACCAACCCGGAAATTTGAAATTATGGACGTAGGCAAGGCTTTTGTCCAACCGTTTCATTGCATGAATTTGGAAAAACATGTCAGATACCTTTATGAAATTTCCGAATATTTGCATTTAAGTAAATCATAAATTTCAGAAGTATTATGATAATATATACCATTAAAACCAATTACTAATTCATTGTTCTAACTATGCAGGTAACTTTCCGCAATAAGTCCAAAATAAATCTAATGGATAAAAAATAATCAAAACTTTAACTTTAATCAATATTGAACTGCAAAAATTTGGCACAAGCTAAAACAATGATTAAACCGACAGGGATTGCCAATGACACAGGTAAATCAGTAGAAGAAATGATGTGTAGAAGTTCACAAGTAAACTGGAAAATAGCAATTAATTAAAATTCGTTTCAACCTTTATACATACTAAGCAAAATTACACACTTTATAAAAATAATATTAATTTTGTAAAATTCAGCTTATTTGGAGGATTAAAAGCAATGATAAAACAGGTTCTAAGAAAAAGTTTACATACAGTAAAAGAACATATCGATAAAAGTAACTTCCAAAAAAACTTAATATTTTCACTTGTCATATTCCCATTCTTATTTGTGCCTTACATTATAATAGATATACTCGTTCATTTATCTAATAATCAAGAATACTTTAAGTTATTATCATCTATTTCACATATATTTTTAATGTTCTTTGTAACAGCAATAAGTTTATACGCTATA
CP129555.1_gap65	2878893	2879630	737	TTGAGAAAAATTAAATAATTCAACCAGCAATAAACTAACTATTTACATGAATCTATAAAACACTTAGAACAAAAGTTCGAAAAACGCACTTTATGATTGTATAGTGATATCAAATATACTTATCAGTGAGTATTAAGAAATACTTCCATTTTAATACTCTTAGAATCAACTACTTTATTATCTCCGTAAATATTTAAAAACTTATATGGAACAAAAGGTACTAGTTCTTTTTTAGGAAATAAGTCAAACCAAAAACTTGTATTGTTCTTTTCAGTAAATTTTATATATCCAGATTCAAATGCAGAACCATCAAACTCGTATAGCTTTTTTTCTTTAGTGAGCCAGTGTCTTGCTTTGTAATCTAGTTCTTGAATAGTAACCATATTCTTATTTGTAGTTATTGTAAATCCAAGTGATTGTCTATTGTCGATTGTTACCTGTACAGTAATTAATTTATCTCTTTCATTTTCAGAACTATTAAATGTAAGACCACCATACATACAACAACCTCCAAAATTTTGGTTTATATCCGGTTCAGATTTAGGTATTATACATGTATAAAAATATGGAACACCAAAAATGTCTACTTTTTTACCTTTATAATTGTTAGCTAATTCTGTATTTTCTAATTCAGTTTTAACCTCATTATAACTCTTATACTCAATTGGAAAAATTAAATCATGAGATAAAAACTGTCTAGAATTGATAACTCCTCTTCCTTCAACAGGTGGAGACAT
CP129555.1_gap66	2919438	2919938	500	TCGAACCGGTACGGTGATCACTCACCGCAGGATTTTAAGTCCTGTGCGTCTGCCAGTTCCGCCACCCCGGCACTATAAAAATGGAGCAGAAGACGGGATTCGAACCCGCGACCCCAACCTTGGCAAGGTTGTATTCTACCGCTGAACTACTTCTGCATATGCGGGTGAAGGGAGTCGAACCCCCACGCCGTAAGGCGCTAGATCCTAAGTCTAGTGCGTCTGCCAATTCCGCCACACCCGCAAATGGTGAGCCATAGAGGATTCGAACCTCTGACCCTCTGATTAAAAGTCAGATGCTCTACCAACTGAGCTAATGGCTCTTCCATGGTGCCGGCCAGAGGACTTGAACCCCCAACCTACTGATTACAAGTCAGTTGCTCTACCAATTGAGCTAGGCCGGCAATATGTAAGAATAAATGGTGGAGAATGACGGGTTCGAACCGCCGACCCTCTGCTTGTAAGGCAGATGCTCTCCCAGCTGAGCTAATTCTCCGATTTAA
