gap_id	start	end	length	sequence
CP129473.1_gap1	45571	46093	522	GGACAAACCAAAGCTAAACTTGGAACAGTTGAAGCTAGAAGTATGGTTGAAAATGTTTTCAACGAGACCTTCGCTTATTTTCTTGAAGAGAACCCAGATGACGCCAAAGCTATAATTGGCAAGGCGGCTTTGGCGATGAGAGCAAGAAAAGCGGCTAAAGCGGCGAAAGATTCAGTTTTAAGAAAAGGCGCTTTAGAAGGCATGACCTTGCCTGGTAAGTTGGCTGATTGTCAGAGCGGTACTTCGGCCGAAGAAGCCGAACTCTTTATCGTAGAGGGAGACAGCGCCGGTGGTAGCGCTAAAATGGGTCGTGATCGTCGGACTCAAGCAATCCTACCTTTGAAGGGTAAGATTTTAAATGTTGAGAGAGCGCGGGTTGATAAGATGCTTTTGCATGCCGAAATAAAAGCTATTGTTATCGCTATCGGTACTGCCATCGGAGAGACTTTTGATTTGTCTAAATTACGATACCACAAAATTATAATTGCCACCGATGCTGATGTTGACGGCGCGCATATTAGA
CP129473.1_gap2	54239	58281	4042	TTGTTTTACTTCTTCTATTATACCTCCGGCAATAACCGTTAGTCCGTTCAACTGATTTTCTTTTAAAATTTTTATTTTACTAAAGTATTTTTCTTTAACTTCTGGAGTAAAATTTTCCAGAGGATGACCGGAAACGTAAAGTCCTAAAAGCTCTTTTTCCCATCCAAGTTTTTCAAATTCACTTGCCGGGTCTTTTTGTTCAAGGCGTAGGGCGGAAAAACTTGAATTTTTAGCTAGTCCGAAAAGAGAGCTTTGATTAGAATTTTGGTCGGCGATTTTTTCTTTGTGAAAAGCCAACAAATTGTCTAAGTTTTGAAGCATTTGTCCTCTTTCACCAAAATCATCAAGCGCCCCACACTTTATCAGTGCTTCAAGTGATTTCTTATTTAAATTTTTATCTTTAATTCTCTCTAAAAAGTCCGCTAAGTCTTTAAATTTGCCACCTCGATCCCTTTCTTGAATTATTGCTTCAGAAATTCCCGCCCCGAAATTCTTTATTGTCATCAATCCGAATCTTATCTTGTCTTTTTCGTCAGCTTTTTCTTTGATGACTGTAAAGACGCTGAAACTTTCGTTTATACTTGGAGGTAAAACGGAAATCCCCATTCTTTTGCATTCAGATACCGCTTCCGCAACTTTTTCAGTGTCGCCGGAATCAGCTGTTAAAACCGCCGACATATAAATCACTGGAAAATTGGCTTTCATGTAAGCGGTTTGATAAGCAACTCTTCCATAACTTGCTGCGTGGGCTTTATTAAAACCATAAGCGGCGAAAGGCTCAATCAATTTCCAAAGCACCTCGGCTCTTTTTTCGGTCATTCCGTTTTTTTTCAATCCCTCAATCAGTTTTTCTTTTTGGGCTTCCATTTCTTCCGGAATTTTTTTACCCATGGCTTTGCGCAATTTGTCGGCTTCAAGCCAAGAATAGCCGGCTAGTTTAATGGCAATCATCATGACGTCGTCTTGATAAGTGATAACGCCGTAGGATTCGGATAGAATTTCCTTCATTCTTGGATCAAGATAGGCGATTGTATGAGGTTCTCTTTTTCTTTCAATATAAGTTGGGATTGATTCAATCGGTCCGGGGCGATAAAGGGCGACCATGGCGTTTATGTCGTGGATTGCTGTCGGTTTCAAATCCTTCAGGTATTTAGTCATCCCCGAACCGTTTAATTGGAACAGTCCTGAAGTTTCGCCCCGTGAGAGCATCTCAAAAGTTTTTTTATCATTTAGCGGTATGTTTTCAATCTCAACTTTTTTATTTTCAAGTTTTTCAACCAGTTTGACCGAGTCAGCCAAGATCGAGAGATTTTTAATTCCTAAAAAATCAAATTTTAAAAGTCCGGCGTCTTCGACGGAATGCATGTCATATTGAGTTATAACTTTACCCTCGCCTTTTGGATCGTATTGAAGTGGCACAAAATTGGTCAAAGGTGTCGGTGAAATGACAACTCCGGCGGCATGGACGGAAATGTGGCGAGCGCAACCTTCGATTTTTTTAGCCATGTCCATTATCTCTTTAACATCTTTTTCTTCCTTATAGATTGACTGAAGTTCCGGAATTTGACTCAAAGCTTTGTCAATTGTCATCGGAAAACCTTGAGCTCCGAATGGGATGAGCTTGGCGATTCTGTCTCCCACGCTATATGGAAAATTTAAAGCCCTAGCAACGTCTCTGACCGCGGCTCTAGCCATCATCGTTCCGAAAGTTCCAATTTGAGCCACCTGATTCTCGCCGTATTTTTGTTTTGCGTAAGCAATAACTTCGTCTCGGCGACTGTCGGCAAAATCCATGTCAATGTCGGGTGCCGACGGCCTTTCCGGATTCAAAAATCTTTCAAACGGCAATTTGTATTCAATTGGATTGACAGTGGTGATAAAAGTCAGATATGAGACCATTGAACCGGCGGCCGAGCCACGGGTAGTGCTGAAAATGTTATTTTTTCTAGCAAATTTCAGAAGGTCGGCAACTACCAAAAAATATGGCGCGTACCCTTTCTTTTTTATTATCTCAAGTTCGTATTCAATTCGATTTTTAATTTCGTCCGTCTCTTTCAGGTTTCGCTCTTTTAATCCCTCATAGACCAAGTTCTTTAATTCAATGTCATGAGTTAAGTTATTTTCGGTTTTGTAATTTGGAAAAACCCATTTGCCGAGTTCAAGCTCGAGATTACATTTCTCGGCAATTGCAAGGGTGTTTTCCAGAGCATTAGGGAAATCTTTGAAGTATTCTTCAGCTTGTTTTTCAGAAATGAAAGAGAAATCTTCTTCTTCGTTAAAACTGCCGGAAAAATTTTCAGAATTTGTCTGAATTGAGAGCATTGTCTTTCTGGCCATTTTGTCTTCCGGCTTTAAATAAAAAACTTCTTGACCGGCGACCATTGGTGTCTGACTTTGTTCCGAAAGTTTTTTTAGAGCCAGCATTTTTTCTTGGTGTCCGGGGATTTCCGGATGATGGGTTATCTCTAAGTAAAAGTTTTCTTGTCCGAATATTTTTTTGTGCCAGCTGATTATCTCTTCAGTTTTTTCAAAGTCGCTGTAGGCCAGAGCTTGGGAAATCTCGCTACTCAAAGCCGGAGAAATACAGACCAAATTTTGCCCGTATTTTTCCAAGAGTTCTTTGTCAACTCGCGGTTTGTAATAAAAACCTTCTAAATGAGAAAGGGTAACTAGCTTAATAAGATTTAAATAACCCTCGTAATTTTTAGCCAGAAGCAGGAGACGGGTTCTTTTGTTGTCTATGCCGGCTTGTTTGTCATTTCGAGAACGGAGGGCGACATAAAAATCAACACCAACAATCGGCTTTATGTTTTCTTTCTTGCACTCTTTATAAAACTCAATAGCGCCGTAAAGATTACCGTTGTCGGTTAAAGCTAAAGCTCTCATATTTTCCGCCTTGGCGGAAGCTACCAGTTCTTTAATTTTCGGCAGAGCCGAAAGCAGGGAGTAGTGGGAATGAGTATGGAGATGGATAAACTTTCTCATGTTTAATCGGTATTTTAGCACAAACTTATTTATAGTCTGGCTGTTATAATTATTATTAATGATTAAATATCTGATTGGCATTGACGAAGTGGGGAGGGGACCTTTGGCCGGACCTTTGGTGGTTTGCGCTTTTTGTGTCGAGAGGAGTAAAAGCGTTTTACCAAAACAGGTGAAAGATTCAAAAAAGATGAGCGCGAAACAAAGAGAAAATTGTGTGACCGAAATTAAAAAGTTAAAAAATCTTGGCCGTGCCGATTTTTCTTTTGCCTCCACCAATAATTCCACCATTGATAAAATCGGACTTGCAAAAGCTGTTGAGTTGGCAGTCAGGCGGGCGATTTGTCGGCTAAAAATAAAACCATCGGAATGCCGAGTTCTTTTAGACGGGGGATTAAAAGCGCCGGAAGAATTTGTTTTTCAAAAAACCATCATAAAAGGCGACGAGAAAATAAAAGTTATTAGTTGCGCTTCGGTTTTGGCCAAAGTCCGGCGGGACAAGTTGATGGAAAGAATGGCAAGAATTTATCCGAAATACGGTTTTGAAAGCCACAAGGGCTACGGTACTAAACTTCATTTTTCAAAAATAAAAAAGCACGGATTAACCCCCATTCATCGCAGAAGTTTCTTGGGTCTGAAATCGGCGTTTGATTCATAATGTTTTTTTGTTATTCTTAATTCAGATGTTCTAATTGATTCCGTGTGGATTGAACCGGAACATTAAGCCAAAGGAGGAAATAATACAGATGCAAACGCAGATGCAGAGGATAATTGCCGCTACCTGTTTCCAGATCAGAGACGGACGTTCTGGAAAACCGGAAGTTCAACTTCTTGTCAGAAGAGGGGGGACCTCGGCGGGTGGCCCATCAACTTACTCTTTTCTGTGTGCCGAATTTGTCCAAGAGAAAACTATCAGAGTGACTGATTTCTCGCCGTTGGCCAAGGAGATTTTGTCCAATGCGGGCATTATAATCCCCAAGAGGTCGAAGCATCCGCCGGTTTTTATCTCAGGCTGGCATTCCTGTCCTTTCCTCGGGGTTCATCGCTATTTGATCTTCCT
CP129473.1_gap3	66207	69751	3544	AAAGCCCAAGAAATCTCTATTGGCCCATATGTCTTAACCGACGGCGAACTGCCGGCTGCGGTTTTGATTTCAACCATAACCCGTCTTATTCCCGGAGTCATTAAATTTGAATCTCTAATAGAAGAATCTTTTTTTAATAAAACAAAAAAAGGTGAAGAAAAGACTCTAGAATACCCGCACTATACCCGACCAGAGGTTTTGGTTTATAAAGGCAAAAAATATCAAACTCCAAAAGTTCTTCTCTCCGGCGATCATAAAAAAATCAATAAATGGAGGGAGGAGAAGAAAAGGTGAAACCTTGACTTTTTAGACTGTTGTGATACTTTGAAAACAGAAAGGGGGTGAAGCGTGGCCTACAACAAAGCCCGTTTTCGCCGAGATGTCAGAAGAGGTTGGGGCGTGTTCTGGCTTAGTGCCAAGAAATTTATCAAAGATGAGTGGCAAAACAGCTTCAACCCGTTTAAGTGTTTGCGGTCATGTTTTACGATGGTGGCTAAACTTGGCTTCCTGTTAGTCTTCAAGCTACCTTTCTTCTGCCTTCGACTCGCTCTAAGAGTTTAGCTTGCCCCGGTCTTGCCCGGGGCGGTTTTTTTTACTGGCTTTTTATCTGTTTCAACCAAAGTCGTAGGATGTAAAAGCCGCCGACTAAGAAAACAATAAGAAAGAAGATAACCCAATTTTCAAAAAAGCTTGCGAAGCGTGCGCCGATTAAAATACCAAGCGAAATCATCGCCGTTTCGTAAATCCCCGCTTGCCACCATTTCAATTCCAAATTGTGTAGAAACTTAAACATTTTATTTTTTGATGTTATACAATTAAGTTTGTGACCTCTTACTTTAAGTTTATCAAAAAAATCAGTCAAGAAGCAAGGCGGGTGGAAATTCCAAGGCATGCCGCGGCTTTGGCCTTTTACGCCATCTATGCACTAGCGCCGATAATAATTATATTCGTTTCTCTTAGTGGCTTTATCGTGGGCCAAGGATTGGTTGAAGATCAGATTGTTGGTTATTTTGAATTGAGGACCGGTGGTAAAGCTGTTCCTTTTGTAGAGGATTTTTTGAACGGTCTAAAAGAGTCTAGGGCCCACTTTCTTTTTTCAGCTGTCGGATTGCTCATTCTTTTTTACGGCTTGTCTCATTTTTTCAACACTTTGAAAAAGGCGTTTTTTGATATTTTCGGAATCCACTTTGGGCCAGTTAGGGGTGTCAACCAGACTCTGTTCAATATTTTAAAATCGGTGTATTACTCGGTTTTTTTGGCCGGTTTCATAATTCTGTTGACCTTTCTAAATATTGTTATACCTCTTTTTACACGCTCCGCTTTTAGCTCCCTAAATTCGTCGATTGCCAGTTCGCCGTTTTTGATTTTTTTTGTGGTTTTTGTCCTTATGGTTTTTTCTTTAGCTTTCATGTACAAGGTTGTATCAGTCGGACGTGTGAATTGGCGCGATTCATTTTTTGGCGGATTTCTCGGCGCACTTCTTTTTTCTGTATTAAACATTCTTTTGTCTTTATACTTCAGTTTGTTTTATTCGGCCCATGCTATATATGGCGCCTCGTCTTCACTTATTGCCTTTTTGCTCTGGATTTACAGTGTCAGCCAGATTTTACTTTTCGGTGCTCTAGGATCCCTGCTTTCCAAAGAATTTAGAAATGACCAATAATCAAGAAAATCAAAATCCAAAAAATATCAGAAGTTTTCCGACAGACAGCGTCGGTAGGATTTTGACCGACAAAGTGCCGACAGCGTTAAGGGATTCAACTGTTGGGCAGATAGAAGACCTCTTGTTGAAGGGCGTGAGAGGTTTTGACAATATCAACTATATTTACATTTTAGATAACAAAAATTCTCTTGTCGGGGTTATCTCAATCAAAGAGGTTTTTCGTTTACCCAAGAGCGCCAAGATTTCATCGGTAATGATCTCAAATCTGGTCTCGGTTCGGCCTAGTACAGACCAAGAAAGAGCGGCGATGCTTGCTGTAAAACATAATATTAAAAATATCCCAGTTGTTGATAAAAACGGCGCATTTTTAGGCGTGGTTACTTCCGATGTCATTTTTGATGTTCTACATCAAGAAGGGATTGAAGATGTTTTGCGTTCTGAAGGTATATTAAAAAATTATTCGGTTAGCGGTTTTCTTGCGACCAAAACTTCTGATCACTTCAAGAAGCGTCTACCATGGCTTTTGGTCGGACTTTTAGGCGGTATGTTCGCAGCTTTTGTTGTCGGTTTCTTCGAGCAGACCCTTTCACAGATTATTTTGCTCGCAGCTTTTATTCCGGCAGTAGTTTATATGGCGGACGCTGTCGGTTCCCAAACTCAAACTCTTTTTGTCAGAACACTTTCTTTGCCTGACAAAGTTAAAATAAAAAGCTATTTAAAAAAGGAATCGACCATAAGTTTTTTACTTGCCGTATTTCTTGGCCTCATTGCTTTTATTTTAGTTTTTTGGTGGTGGCGTGATTTTCGAATATCTTTAATTATTGGATTTTCTTTTGTTTTGACGATTTTTATCGCCGCTTTATCCGGAATATTTTTTCCATGGCTGTTTTTCAGATTAAAGCTTGACCCGGCAATTGCTTCTGGACCACTCTCAACTGTTGTTAGGGATATTTTTAGCATCCTCGTTTATTTCTTGGTTGCCTACACCGTTACTGGTATTTTTTAAGCTGAATAATACTAAGTTGGAAGGGTTGATGTCAGCCAGTAGAAGAAGAAAAATATTTTATTTAGTAAAGTAAGTTATCCACAGTTTCGCTTGACAAACAAAATTTGATCCCTATACTTGTCTAGTTGACAAGATTGAGTTGATGATGACTATCTGGATACTTTAAAGGGCTTATAAATTAAGTGCTTAAAAAGCTTAATTAAATTCTTTTTATAAGTATTTTTAAAAACCTTTATATAGCAAGGTTAAGTCTTGCTTTTGTTGATTTTTATGACTTCAAATCAAATAGTTATCAAGAAAGAACAGCTGAAGAAAAAATATTTTAGTCGCTATAAGGACCCAATCGCCCCCCTCTCTTATTTAGTCGAACCACAAATCAAATCTTTTGAGTGGTTTTTGAAAGATGGCTTAAAAGAAGTTTTTTCGGAATTCTCCAAAATCAAAGATTTTACTGAAAAGAAATTCCAATTTGATTTCTTGGGTTTTGAAATCGGTGAACCAAAATTTGATGAATACTTTGCTAAGGAAAACAAACTAACTTACGAAGCGCCACTTAAGGTTAAGGTCAGATTAAATAATCTTGGCTTGAAAACTGAAAAAGAGCAGGAGATTTTTATGGCTGATATGCCACTTATGACGAATCACGGCACTTTCATTGTAAACGGTATAGAGAGAGTCGTTGTTCCACAACTTGCCAGAGCTTTTGGGGTACTCTTCAATTCACAATATATTCGTGGACATAGGTATTTTGGGGCCAAAATCATTCCTTCACGAGGGGCTTGGATTGAAATTGAAACTGATCAAGACGGGGTTATATATGCCAGAATTGATAGGAAAAGAAAATTCGCCATCACCTCTCTTTTTAGAGTTCTTGG
CP129473.1_gap4	84709	87516	2807	AATCCTCATCTTTGGCGCCAAGGTTTTTTAGAAGTGAGTAGGCCAGTATTAAAATTTCCAAATCGGCCTCTCTCGGCTCTCCACCAAAAATATCGACATTTAGTTGGAAGTGTTCTCTCAGGCGACCTCTTTGAGTATTTTCGTATCGGAAGAGGTTGGGGATTGAGTACCAGCGTAAGGGGAAAGCCAAATCCCTTTTTCTTTTTGCGACCATTCTGGCCAAAGTCGGCGTCATCTCTGGGCGCAGTGTTACCTCTCTTTCTCCACGGTCTAAAAAAGTATAGGTTTGCTCATTAACTATTTCTTCACCACTTTTGGCGCGATAGAGTTCGGCCGGCTCAAGAATCGAAGCCCCGTATTCTTCGTAGCCAAAACTTTCTACCGTTTCTCTCATTTTTTGGAAGAGGTATTTCTGAATAAATAAGTCCTCGGGATAAAAATCCCGGACCCCTTTGTATGGTTCGGTGTTAACCATTTTTTTGCTCATTTGTCGTCTATAATATCACTTTGCCTATTTCCGGCAAATCGTTGATTATTGATTTATGGTATATAATTGTAGAATGTTTTAGTCATAGTTTTCGTTTTTTATTAGTTTTAATTTTTAATATGAGTATTATGAACATTGTTTTAAATTGGTTGATTTCTGCCGTAATTATTCTGGCAATTGCTTATATTTTGCCGGGTGTTACAGTCGCCACTTTTTGGGTAGCTTTAGTCGTAGCTTTAGTTCTGGGCTTGATAAATGCTTTTATTAGGCCGATTGTTATTTTATTGACTCTGCCGATTAACATTCTGACTCTTGGGCTCTTTACTTTAGTCATAGACACCATTCTTGTTATCTTGGCAGCTTGGATTGTTGAGGGCTTTAGTATTGATAGTTTTTGGTGGGCGCTTGTCTTTGCGCTCGTGCTTTGGTTGGTTAATTCTTTTGTTAAAAAGACCGCTAAAAATAAAGCCATAAGTTTTAACGACAATTCAGCTAAATAAATCTTCCCGCCTTAAGGTTTCGGTGGTAAGTATCTCTGTCATTAAATTTGAGTTTTGAAAGAGCCCCGCTGACGTGTTTACACGCCAGCGGGGCTCGAAGAAAGAGCTTGACAGCTACAGGCCGGCCGAAATTGTCCGGTCGTGCGGATCAATCCGCACTGTTCTAGACCTGTCTGGTCTTTTCGTTTTCTCTCCACCCCTGTTCTTAAGTCCCCCTTTCTTTTCCTCTCTCTTGCGGTCATTGGGCGGTTTGGACTTTGTGCCGTCTTTTGCCTGGTCCACGAGTCGCTCCTTTCTTTTGTCGTCTTGTTTCCATCCTTGAATTTATAATTTAATTTTGGTTGTGTCCAGGAAAATTTCCACAGTTTTTTTCAACCTCCTATAAATTTTTTGTGATATTATTCATAATATGGAAGAGGGGACTTTAGAAAATTCTCTGAATTTTAACTTGGGTTTCCCGAGCTCGAGCTTTGTTGTAAACAGTGATTTCTTGTGGCTCATTTTGTCTGTAGTCTTTTTAGTTTTTCTAGTTTTAAGCTTAATTCTTATTTTCCACTGGAATAAATTTGGTTTGCACGCTACTGCCGTTGGTACAGCTGAGATAGTTTATTTTTCTGTTTCTGCTTTTCTTATTCTCGGCGCTGTCGCTTCTATCTTGTTGTTTTAGAAAAATGATTAAATATGTTTAAACTTGATTCAGACGAGAAGGTGGTTTTGGAGCTTCGCAAGCACTGGTTTGTAATTTTTGTCCAGGGTTTTATCTTGTCTATAATTGCTTTATTGCCCGGCATTTTGGCGTTTGTGGTTTTGAAATTTTTCCCAACTATCAAACAAATTGATTTTGGCGGAAGTCTGGTCTATCTTTTTTCTTTCGGATATTTTATTTGGCTTCTTATTTTGTGGCTAATATTTTTTCTTGAATGGACCGACTATTATCTAGATGTTTGGTATGTAACTCCAACCAGAATTATTGCTATTGAACAAAAAGGCCTTTTTCGGCGAGAAACTATAAACTTGCGCTTTGAAAAAGTTCAAGATGCGACAGTGGAAATCAGCGGTATCATCCCGACCTTTTTGGGATTTGGTGAAATTCATGTTCAAACTGCCGGCGCTGGACGAGAAATTATACTGAAAGACGCAAAAAATCCTCACGAGGCGAAGAAGATTATTCTTGACCTCCATTCAAAAATTCTTGAGAAAGAAAGCGGTCATGACCACTTGGTCCGTCATGAATAGTTCCGTTTAGGACTTGATTTTTGTCCGACTTTTGCCATTCTTTAGTAATGGAATTTGAATTTAAAGGTAAAACTCTGTCGTTTGATCCCAATAAGCCGAGAAACCGACCGGATTATTTGAAATGGATGTCTGACGAAGAGGTAAAAAAGTATCTGGATGGTCGTAAGTTGAATTTTGGCGTCTTAATAGCCAACCTTCTTTATGATAATAATGCTGGCAATATAATTCGTACCGCCAACGCTTTTGGGGCGAAAGAAATTATTCTCTACGGCCGGAAAAAATTTGATCGGCGGGCAAGTGTTGGCACCGAGTTTTATATGAAGTTTAAGCACGTCAAATTTATTGAAGACTTGGATGAAATTTTTTCCGGCTACGACTTGGCGGTGGCGGCCGAAAACACGGAAGATTCAACGACGCTTAATGAATTTGAATGGGACGTTTCAAAAAAGACCTTACTTGTCTTTGGCCAAGAGAGCGATGGTATTCCTAAAGAAGTTTTGGAGAGGTGTGATTATAAAGTCCAAATTATCCAATTTGGTAGTGTCCGCTCACTTAACGTTTCAGTCGCCGCCGGAATAGTAATG
CP129473.1_gap5	89361	92037	2676	GTATCGATAGTAGGATTTCAGAAGAGCTGGAAAATCAACCATGCCAAGGAGTAAACAGTGGCACCTATGGCAAATCCGGTGATCTTCCGCCTGATGATTTCTGATGCACTGTGTGGGGCGTTCATTTCTCTCTCCTCTTTTATTTAAGGATGTCTTTTGAAGAACACTTGCGATATTGTATTTGAAATATTAAAAATTTCAAGAGAAAAACCCGCCATCGTGTGCGCCTACAAGTCGCGAGCGATGGCGGGTTAAAGGGACGGGCCGAAGAATTACACTGGCGGAAAGGGGGATAGACTGGGGTGTTTTTGTCTTCCCCCGCCGTATCGTAGTGGGGGTGGAACGATATTCCGCCAGATTCTTTCGGCCCCTGGTTCCTCTTTAGTCTTCGACGACCCTCCTGACGACTCCATCACAGACCAGCCACTGTTTCGGCAGGTTTCGGTCGTCGTATAGTTCATCAATCCGAACCACCAAGAGGCGGCTTTCATCTGCTTTGAATTTGAAAACCGCTACACTGTTTGGTTCAGACGGGAAGTCTCGGCCGTGTTTTTTCTCGTATTCCGAGACGGCCGAAAATGCTGCAGTAGCACTGTTTTTGACTGTCGGACTCTTTTCGATGAGGTTGATACTTTGCCAGATGACGTGGCCCATTGCCAGTATCAAAATAACGACAATGACGATGTTTATCACGATCGTCGGGTTAGATTTTCTTCGCATTTTTGCCTCCCGTTCGTGTGTGTTTGTGTACAGAAATCTACACTCTTTATATCATTTTCTAGAAAAAAGAAAAACCCGTCCTGGCGGGTGGGCTGGGGGAGATGGGCAAGTGCCCGACCAGGACGGGTTGAAATGGGGGGCTACGAACCGGGGAGTTGGAATGGGCGACACAGTCGAATTAGTGTGTCGTTTTCCCACGGCGCCCCCTTTCTAAAGTGATAATAACAAATTATGTTTTAAAGACAAGTGGGGTGTGTCAGAAACTGATCAAGACAATTTTGTTTGGTTGGCGCTGACCTTTTGTAATTTTTAGCTTTCTTATAGGTAGGTTTAGATGTTCAGCAAGGAGAGCTAGCATTTTTTTGTTGGCCAAATTATTTTCCGGTTTTTCTCTGACAAAACACTGAAATCTGCCTTCTGAAATTTTTTCCAACTTGTCTTTTTTTGCGTTGGTGAAAACCTTTACTTTAAGATGCATATGTTCACATTTTAACTCAATTTTGATATTATCTTTTGGTTCTTTGATATAAAACATTCCGGCGTAGCTCAGTGGTAGAGCAAGCGACTGTTAATCGCTGGGTCGTAGGTTCGAATCCTACCGCCGGAGCCAATAATAAAATCCTTCCCTTTTTGGGAGGGATTTTATTATTGGCTCCCGAATTAAAACCTTCGCAAACTTTTGAAATTATTTTGCCAAATTTGATACACAAATCCAAAAAGCGAAATCTGAAATGATGCGCCCCGCCACTATTTTTCTGGGGTAAAGGAGGCGGGGCGATGGACTCGCCCGCGCGGAGGAGGGGTCTGGGGAGGAATCCGCGCGGGCTTCGGCTTTCTTTTTCGAAAGAATTGGCGGCTACAAATTGAAGAAAGAAGAAATTCATGTTAGTATAGTTGTGAGGGTTAAGTTCAACGCTCATACTTATACTATCATACTATGGAAAGTAAGAACAACAGACAAATTGGGGATAAAATAAAAGCCATGCGCACAAAGCAAGGATTGACGCAAGACGCTCTTGCGAGAAAATGCGATATTCCCTATACAACACTGACAAAGATTGAATCAAATGTGATAAAAAAACCCTCAATTCAAACAGTTACCAAGATTGCCGAGGGGTTAGGAATAAGTATTGACGATTTAATTAAATAACATGAATTCAATTTGTATTTTTGGAGACAGTACCGCTTGGGGTGCTTGGGATATGAAGAAAGGTGGTTGGGCAAATCGTCTATGGCTTTACGCTGGTAAGAAAACTGATGGTGAATGCGAAATTTACAATTTAAGTATTTCTGGTGGCACAACAGAAACGATACTTGAAAGGTTTGAGTCCGAAGCGAAAATCCGCGAAGCGGACGCCCTCATTTTCCAGTCCGGCGGCAATGATTCCTATCTAAAAGGCAAGAATGGCCCCAATCAAATTCCAGTTGATCAATTTAGGAAAAATCTGCAGGAAATAATCAGGAAAGCCAAAAATATCACACCAAACATAATTTTCATCGGCTTCAAAAATGTTGACGAGACAAAAACAATGCCGGTCTCATGGAAAGATATTTACTACGTCAACGCCGAAATCAAAAAGTACGACGAGATTATGAAAGATGTTTGCAAAGAAAACAACATTCCGTACTTGGATATTTTTGGCCTTCTCAAAAATGAGGATTTTGAGGATGGTCTTCACCCCAATACTTTAGGGCATAAGAAAATTTTTGAGAAAGTGAAAAACTTTCTTGAAGAAAATAAATGGATATGAATACGAAGAATGTAAAATTTGTAGTTTTTGTTCCGCTTTCGCACGCTGATATCGTACGACAAGCGCTCGGCAAAGCCGGAGCAGGCAAAATCGGCAACTATGACTTCTGCTCATTTTCTTCTCGCGGAATCGGCCGCTTTCGCGGAAACAAAAAGACAAACCCCGCTATCGGCGAGGCAGGAAAATATGAGGTGGTAGAGGAAGA
CP129473.1_gap6	234283	236850	2567	CTTTATTCTGAATACGCGAACGAAATGGAATTGCAAAATACAGTTTGGAATCCAGAAAATGAAATCGGGATGAATGCAAGTCAAAACAAAAAAGAATACAAAGTAGCTTTTGTAGAAAGCGCAGTGCTTCCAAAGGCTTATGGGCTAACAATGGAGTTTAAACGTCAGCAAGTAATGGTTCCTCAGCAAACTCCGCAAGGAATTATTCAAGTTCCACAAGAACAAGTTGCGATGAGAGTTGTAGGGCAAGGTTGGAAGTAAAACTAATTTCCATCACCCAAGAAACGCTGTGGAATTCCTAGAAATCTTAATACGCCAGATAGTTTAGTTTGAGTTTTATTTAAGATAACAAGAACAAAATTTTTATTCTCCCGCAAGGCATTTAGTGCAAACCATATCAATCCTTTCTCTGAAAAATTAAGTTCCGAAAGTTGTGCCTCTTCTACTGAAAAATTCGGCAATACAGCATATTGATTTGTTGGGAGCATTCCTGTTGTGGAAATAAGACCAGAATTTGAAAGGGTATTTTCAATATCCCTCATAGACTTGGTGTGGGTAGTTTCTGTTATACATTCAACGCTTACGATTGTTTCTGATTGACCTATTGTGGCTTCCGAAAAAGACAAGGTGATCGCAGCTATTTCACTCTGTTCTGCAAAAACTCCAGTTGCAAAAGCATTTTCTTTGGTTGTTAGGAATAAATTATTTTCCATTTCTAGATTTTAACATAACGGATAGGCAGATGCAAATTTTTCAAAAATTTAGTTTAGGGAGTCCCGCTCGCACCCCCTCTTCTCCTCTGCGAGCGGGCTTGCGCGCGAACGGGAGGGTGGGTCAAGCGCATTTGCATTCTGCCTCGGGTATTTCCGCTAGGAGCGTCCAGGGCTAAAGGACGAGCGCCGACGAAATAAGAATCTCTAAAATCTAAAGTTAAGATAAACTCGGATATGAAAACGAGGAAGGGGGTTGTGCAAGGGCGGACTCCGAAGGCACGTTAAACGAAGCCACAAAGCTCTACATAAAAAGAAAAGAAATAAAGCACTGAATACTCTAGTTAACCACTGCGAGGAGGAGACCGAAGCTGGGGGAAGGATTCCTTCCTTCCCCCAAACAGCGTCCTGCCCTCGCTCCCGCTCCGCAGAGCGGTAGAGCGAGGAATAGCAGGACACAAAGTAGTCTAGGCGCTCGTAGCCCTAGCGGAAATATCCGAGGCGAATGCCGAGGGCTTATCTCCTTTAGACTTGGACAACCACTAGCAGAGAAATAGCCGAGACAATTTTATGGTATGATGTATTTGCATTTTTGTCCGCCCCGAATTTCGCCAAAAGAAAACGGATGGAGCAAGCGGAGGATTCCTCCCCAGACCCCTCCTCCTCCGCTTGCGAAATCCGAAAGTAGTCGAGGTTTTGCGGAAACCATATCCCCAGAAAATTGCTTCCGCAAAACCGAGTCCATTGTTTAGAGCGTACGAGGTAGTTTCGAGCCACCACGCGCGCGGAGCGTGCGATTAGTCGGCATCAGGATTTTGTTCGTAAAAAGTTCGGACTTTGTTTAAAAGACACCACCATTCCGAATTTGAAGAAAGATTGACCTCACCCGCGCCAAAGGCGCGGGCTCGGGCTGATGTTTCTGTTGATGAGTTTTTGAAATAGCTATGGATAATAAAATTCAAAAAATTGTATATTTTATCCGCCACGGACAGAGTAAAGACAATGTTGCTCCGGTTTTTCAGTCGCCAGACTCGCCTTTGAATGAGAAAGGTAAAAGACAAGCAGAAAGTATCGCACAAAGAGTTTCTAGACTTTCGTTCGATGCGCTTATTGCGAGTCCGTTTGAACGAGCGAAACAGACAACAGAAGCGATTGCAAAAGTCACAGGCAAAAAAGCAGAATATTCCGACCTCTTTGTTGAGCGGGTCAAGCCGAGCTACATCAATGGCAAACCTTATACAGACGAAAAGGCAAATAATCTTTGGCGAGAGTGGGAAAAGAGTTTATATACACCCAATATGCGTGCCGAGGACGGCGAAAACTTTGACGACCTTATCGCGCGAGCAGACAAGGCTCTCACTTTTCTGAAAAACAGAACTGAAAAATCGCTTGTTGTCGTAACGCACGGATATTTTCTACGAACGATTGTTGCGCGTGTTCTGCTCGGCGATTTACTTTCAGGCGAGGCATTTAGAAATATACAGAGAACAGCGGCTATGGAAAATACTGGACTTACTGTTTTGCAATACCGCGAGGGCTTTGAAGAAAAACCAGCATGGCGTTTATGGATATACAATGACCATGCACATTTAGCTGATTAAACTTATGGAAACAAAAAATGTAAAATTCGTTGTCTTCGTTCCACTCTCTCACGCTGATATTGTGCGCCAAGCTCTCGGCGAAGCCGGAGCTGGGAAAATTGGAAACTATGACTTCTGCTCTTTTTCTTCTCGTGGCACTGGGCGTTTTCGTGGAAACGAAAAGACCAGTCCTGCTATTGGGAAAGCTGAAAATTATGAGGCGGTAGAAGAAGAAAGAATTGAAGCTATTGTGCCACGAGCAATTTTGAAAGAAGTC
CP129473.1_gap7	326225	329051	2826	CCACATCGTCGCCCACACTAACAAGCTCAACCGAGACAAGTCTGTCGCCGGACGGTAGTTTGATAGCGATAATTCCGCTTCTTCTGACATCGCTAAAACTCTCGGCTTTGACTTTTTTGGCAGTACCACGCTCGGTTATCATAAAAACTGAAAGTTTTGAAACATCCTTGCCTTTCTTCAGAGGTAGAATGGAGGTTATTTTTTCATCGGCTTCAAGCGAAATAAAGTTCATAACCGACTTGCCACGAGTCGCCCTTCGGCCTTCTGGCAGTTCGTACATTTTAGTCTTGTAGACCTTGCCTTTGTCAGTAAAAAATAAGACGTCATCGTGAGTGGAAGCTGTCAAAAGGATTGTTACAAAATCTTCTTCTTTGGTATCCAAATCAATAACGCCGACCCCACCGCGTTTTTGTCTTCTAAATTCTTCCGGGTTGGTTCTTTTGATATAACCTCCAGCCGTCAGAACTAGAGCATTTTCTTCTTCCGGCACCAAATCTTCAACTGAAAGATTCTTGACTCCGCCCTTAACGACCTTTGTCCTCCTCTCGTCTCCATGCTTTTCGGCAATTTCTTTGATTTCGTCTTTGATAATTTGCAAAATCATCTTCGGACTGGAAAGAATGGATTTTAATTTTTTAATAAGCTCTTGGGTGGTTTTCAAATCCTCTTCTATCTTTTTTCTTTCCAGACCAGCTAATTTCTGAAGGCGCATTTCCAAAATTGCCGTGGCTTGTATATCAGAAAACTTGAACTCCTGCTTTAGTTTCTTGTGTGCATCCGTAACGTCTTTTGAAGATTTTATAAGCTTGATTATTCGATCTATATGATCAAGAGCTTTTTTAAGCCCTAGAAGAATGTGCTCTTTTTCTTCTGCTTTTCTTAAATCATATTCTGTTCTCTTTCGAACAATCACCACTCTGTGTTCAGCAAATTCTTCAAGCAATCCCTTTAAGGAAAGTGTTTGAGGCACGCCTTTAACCAAGCCGACTGTATTGTAATGGAAAGTTTCTTCCAGTTGGGTGTGTTTATAGAGATAATTCAAGACATTTTGAGGGTGGGCGGTGTTTTTCAAATCTATTACAACCCTAATGTCTTTTGTTGATTCATCGCGCAAGGCCTTAATACCTTCAATTTTTTTCTCGCGAACCATGTCAGCAATCTTCATTATTAAGTCGGCCTTATTGACGCGATAAGGAATTGAAGAAATGATAATCTGCGACTGGCCGGTTTTGTTTTCAACAATTTCCGCTTCGCCTCGAACAATCACCCCGCCTCGGCCGGTGGCATAAGCATGATGAATATCTTTTTCGTTGAAAATAACTCCGCCTGTTGGAAAATCAGGCCCCTTAACAAATTTCAAAAGATCTTCGGTTGTTGCATCTTTGTTGTCAATTAAATAAATGGCCGCCTCTGCTACTTCCCGCAAATTATGTGGCGGGATATTGGTCGCCATGCCAACAGCAATGCCAAGCGTACCGTTTAAAAGCAAATTCGGCGCGGCGGCCGGCAAAACAGTCGGCTCTTGCCTTGTGCCTTCGTAATTCGGCCTCCATTCAACCGTCTCTTTTTCCAAATCGCGTAAAAGCTCGCCGGCGATTCTAGACATTTTGGCTTCGGTATATCTTGGTGCCGCAGCGTTGTCGCCATCAATTGAGCCAAAATTTCCTTGGCCGATAATCAACGGGTAGCGCATAACAAAGGGTTGTGCCATTTTCACCAACGCTTCATAGACAGCAGTATCGCCGTGAGGATGATAATTACCAGTTACATCTCCAGTAATTTTGGCTGACTTTCTAGTCTTGGCACCAGCTGAAAGACCGATCTCATGCATAGCGTAAAGAATTCTCCTTTGGACCGGCTTTAGGCCGTCTCGCACGTCCGGCAAAGCGCGCGCGGTAATAACCGACATCGCATAATCCAAATACGATTCTTTCATCTCCAAAGTTATATCGCGAGAAATAATTCCGGAGTTTTCTGCTCTTAAATCATCTTGTAATCCTTTTTTTTCTGGCTTTTCTTTTGGCATAAAATCACTTAAAGTTTTTAATCAAGGACAATGACTTGACTGTCATCAAGACTTTTCTCTTCTGTTGTCGAAACACTCTTTTCAATTTCCTCAAAAACCTCGGCTTGCTTAGCAAAAAAGTCAGTCATAGCCGATTTTAAGGAAGCAAAGTTTTGCTTGGGAATTTCAAAAGTCTGGCTGAAATTTTTCCGTAACGTTGAGAAAGGTGTATTACCATACTCGCTCTCTTTTGCTTTGGCCAAGGATTCGTTTTGAGACCGAAAGTCTATTATCCAGAAAGAAAATATTACTAGGGTTATAAAAAAAGAAATAACAAAAGCGATGGTTTTCTTTTGCCGTTGCGAACTGTTTGCAATCTTTCCAAAAAAATCTTCGTTCATTTTTAAGAAAATAAAATTAACCTTGAGATAAGACAACGATCTCGCCCTGCTTACCGACTAAATCTTTTTTCCTCAAAGACAGCTTTTCAACCGGCTTCAAATTTTCCTCTCCACCTTCTTTCAAAAAGGTCTTCAAAGAATTTTTGTCGCCATTGAAATTGAAATGGATCGGAATAATTATTTTTGATTCCAGTCCGACTGCTGTCTTATAAGCTTCAGCGGCGCTTAACACGCCATCCCCGCCAATCGGTATAAAAAGTATATCAACTTCTTCTTCTAAAGCGTTGAGGTGGTCTTTTATATTTTCAGAACTTATGGCACCAAGGAAACAAATCGACGTCTCTTCCAAAATCACGTTATAAAATGTATTTGGGCGTTTTTTATTTTTATAAGAAGAAAAAGACGGAAAACCGCGAACAA
CP129473.1_gap8	359049	360940	1891	AGATTTGAGAAACCGAGAAAAATCGGAGACAAAAGAAGAATTCTAGTCAACAATAAAAGATCGTGAAGTTCGTCTCCGGCAAACCCGGGAAAAATCTTGCCTAAAATCTTCGGAGCTAGAAAAAAGACCGCAGAACAAATTAAAATTATTGCTAGAAAAAAGAAAGTGAAGACGCTGTCTAAAAACTTCCGGCTTTCTTCTTTTTTTTCTAACTTCTCAACCAAAACCGGAATTAAAATAGAAACAGAAACTAGCGAAGCGACGGAAACAAAAAGAAAGTCAGGAATTCTAAAGGCGGCATAATACAAATCAAGTTCAAGGCCGGCACCAAAGTTGTGAGCCAAAAGTCGGTCCCTCAATAAACCGAGAATTTGAGAAAGCAGAGCAAAAAAACCAAGCAAATAAGCGGCCTGATGAAGGCCGTTTGATTCCCTATGAATAAAATCCCAAATACCTTTTACCATTTTATTCTTGAATTGGCAGGCCGTCCCGTTCTTCTGGAGGCGCTACAGAAAATTCTTCGGAGTTGGTTTCAAAGGGCTCGTTTCCTTCTTGTAAATTGGAGATAATAAACTTAATCTCTTCGTTTGAAGGAAAACTCTGTTCAAGAATCCTGAAGTGTTCCAGGGCTTTAGCCGTGTCTCCAAGTTGAGCCAAGCTTAGACCAAGAAAATATCGGGCATTTGCGTATTGAGGTTCAAGCGAAATCGCAACATTAAGAGCTTCTTTGGCATTCTCAAAATTATTGTTTTGATAATTTAAAAGCCCAAGCTGGAAATAACCAGAAGGTTCTTGGGGTGAAAAACCTATAGCTTCCGAAACAGACACTATCGCGTCGTCTAAGTCGCCACGTGCCGCCTTAATTCTAGAAAGCAGAAAAATCGCTTCGCTATAATTTGGCTTTTTATCCAAAGCACTTGAAACATAATTTTCAGCTTCTTCCAAGGCGCCAAGAGAAATATTCAAGCGAGCTAGCATCAAATCCAAAAATGGATTCTGTCGGTCAAAGACTATGGCACTCTGGTACGAGAGGCGCGCGTTTTCGTAATGTTCCGAAGAGTTATCAGCATCAAAAGAAGCCAGAAATTCATAAAAGCCGGCCAGATTAATCCAATTTTCAAAATTTTTCCTGTTGTAGATTACCGAGAGTTCGGCATTATTGCGAGCCGAGTCAATCAGTCGGCGAAAATGCTCTACATCCTTATCGGTCGGATTACTAACTTCTTGCGCCATCTGTGAAGCTTCTAAAATAAAAAATTCGGAGAGATGCCGACGGAAAATATCATTCCCAGAAATTTTAACCGATCTTTCAAGCAAAACACCGGATTGTGCGATTTTACCTGAAGACAGCTCCAAGACTCCTTTTTGAAAATTGGAAGCGGCGAGGGTTTTTTGAATTACTAAAACTGCAGTTGCCAAAGCAAGAGCGGCAAATATCGACAAGATGATCAAACTGATTGACTTGTTTTTTCGTCCAGCAGAAGAAGACAGGTCAAGACAGAAAGATTTTGGAATCTCATCTTTAAAAATTGAAGTCAGAAACAAACCAGAAAAAAAAGCAGTCATTATAAATAAGGCCGGTCCTACAGGATAAAAAATTGCAGAAAGCCACAAAAAACCGCTCGCGAAAAACAAAGTTACAGAGAGCCAGTCTTCCTTGTTGTTCCAAACTTTCTTCACGCCTAGCCAAAAAAATAAAAATAGGAAAGACATCCAAGTCAAAAGACCAAGAGAGCCAGTGGTAACGGCAAAAGTCGGCAAAAGTCCGACACCGTTATGAAATTCAGCATTCCAAAAAGCAGTCAGATTTACTTCAGACGGTTTCCATTGTCGCCACTGAAAAAGAAAACTGTTTGGACCGGAACCCAGCAAAAAACTTTTAAAATCAGAG
CP129473.1_gap9	372398	376992	4594	CCTTGAATTTTGTCGCGAGATAATCGGTAGAAGAAGCGTTTACGGTGTAGGCAAATCTAGCCGTGTTAACAGCAACCGTCGTATCATCAAAGTCAAAATCCGGAACACCAGGTGTCGTCTCTACAAGATGTGGAATGACTCCAGCGGTCGATTCTCCCTCCATCCCGTTTGTGGAAGAGGCGGTTAGAGTTACGGTCCAACCAGCAGTATTATTGGTCATAACCACAAATTGCGTCCCACCATTTGAAGTTCCACCGGTCAAACCTCCAAGAGAGGGGCTCAAAGTCACATCCGACGGCGCGACCTTAAATGTTATTTCAGCAGTTATGCTCTGGCTTATTTCAAACTGTCCGGAACCTCTTGTTATGTTTGGTTCAACATAAGCAAAACCAATTGGCACCAACAAAGCAGAGACCATCGTAATCGCTAAGCTTTCTTTGAATAATTTTTTGAAACTAGTCATCTTAAATTTTGAATTAATAAAGCTAATAATAAGTTGTTTGTTTCTAATAAATTCGACTTTTTTGTTTTTATCTTTCATCTTTAAAATTAATTAAACTTCTAATTTGAAAACAAATTTTAACACACTATTTTTTGGGAACCATCACATAAAAATATTCCTCTTCGGTCGGTTCGGCAAAAACTGGTTTTATTACTCCGGCTACCCCACTCTCATCCGGCACAAATTCAATCTCGTCAGAAAAAGAATCTCTCAAATAATTTTTTACCTTGGAAAAGGCGTCAGAGTTTTCATTACTGTGAATTGGGATAGTCACAACTCCTCTCTCATCTAATGTCAAAGAGGAAAAATTATTTTCTGCGACAGCATTATCTTTTTTTGCGATTTTATTTTTAGAACTCAAGAAAGAAAAGGATTTAGAAAATTTTTCAAAACCACTCTTCATAACAAATTTAAAATTATCCGAACCTCTTTTGACTGCATCTTTTATGGACGAGCTTGAAAATTCGGGATTCACAATTTTTATTAGATCAGTCGTCATGGATTGAAAACTATCAGCAACAATCGGCTCTCCTTTTTTCAAGACATTAGCAACATCAAAAACCAAGACAGAGACCGAAACAACAACAAAAACTGCAATAAAAAAATTGGAGACTGTTCTTTGTAAAGAAAAGTTTCTAGCTAGTCGATCAGCTATTAAAGACTCACTTCTTAAAGATTGAAAAACTATCTTTTGATTATCGTCAAAAAATCCTTCCGATTTCAGACTAGTTGTCTTGAGTTCTTTATTAGATACTTCACGGATAAGCGGGGACGATTTCTTCCTACCTGATTTCAGGTGGTTAATAAGAGAGCTTTCTTCAACAAACCAAGTCCTGCTAACCAACCGACAATCCAGTTTACCTGCTCGACAAAGCTGTCCGAGATAATCAGAATTATAGCCACTTTTTTTTGAAACTCGGCTAGCCGAGATATATTTCTTGCCTTCTAAATTTAACTCTTTTTCCACCACTAAATTATAATGCAAAAAAGTCTTATCATTAAACTAAAAAAGAGATATCTGTGGATAAATCACCGAAGAAATATTTCTATTGGGTGTAGTAACAAAACAAACCAGATCTTTTAGAAAACACTGTAATTATCTTAAAAAATCACAGAACACCCTGAAGGTGTGATGTTACCCGACAGTAATCACCTGATCGATTGTCCTAGTCAATTAGTCAAACAATTTAATATTTAGATTAAACATTAATAAACAATACTTATTGTGGATATTTTGATTGACAATCTTATTAAGGTTTTATAACCTATAATCAAATGGAGAGAAAGTTTATAACTATAAAACAAGCATCTGATATTCTTGGAGTCTCAACCCTAACCCTTAGAAATTGGGACAAGAGTGGTAAGTTTAAAGCTCTAAGGCATCCAATAAACAACTATCGGGTTTACGAATTGTCAGAAATAGAGAGATTAATTTCCGAGATGAAAAACGCCAACAACCAGAGATTCGGTAAACGGACGAAAAAACTTGAAATAAAACACCTGGATTAATTAAACCAAGAGATCTAAGAATAAATCCTTCAAGACCTGCGGATTTCCAGCACCTCTAGTTTCTTTCATCCCTTGCCCTACCAAGTATTGTAAAACTGATTCTTTTCCACTCCTGTATTCCTCAACAACCTTTGGATTCTCTTCTATTATTTTTCGAACAATTTCTTTTAATTCTCCCTCGTCACTTTTCTGTAAAAGATTATTTTCTTCCGCGATCTTTTCTACATCGCCACCCTCGCCTACGAGAATTGCAAGAATATCTTTTGCACCACGCGAAGATATTTTATTTTCCTTGACCATCATCATTAATTTGATGAACTCAAGATGATCTATGTCTAAATCTACTCCCCGCTTCGCAAGCCCCACCATATCTGAAGTTATGTAGTTCACAGACAACTTTACGATTTCAACGTCACCAGAAAACTTTAAGATTTTTTGAAACAGACCATCAAAAAATTTATTGCGCGACTGGAGGAAAAAATTTATGTCTTCAGTTTTTAATCCCAAATCTTCATACCTGCCCCTTTTCTCCCAAGGCAATTCTGGAATTTCTTTAAGTAACAGTCCCCTATCAAATTCTGGAATTTGGCTTATGTAGAGCTTAGGTAAATCTGGATCTGGAAAATATCGATAGTCGTGGGAAGACTCTTTCGCTCTTTGAACAAAGGTCTCTTCCTTTTTCTCGTCCCACCCTCTAGTTTCTTGTTGTACCCGACCCCCGCCTTCAAGCAGTTCAATTTGCCTTTTTATTTCATATTTAATTGCCTGCTCCACACTCTTGAAAGAGTTTAAATTCTTTACCTCAACCTTAACCCCAAGTTCTTTGCCAACACCAACAGAAATATTTGCTTCAATTCGCATTTCACCTTTTTCCATATTGGAATCAGAGGCTCCGAGATACTGCAACAAAAGCTGTAATTCTTTAGCAAAAGCAGAAGCGTCTTCTGCCGAATGTATGACCGGTTCGGTAACAAGTTCCAAAAGAGGAAGCCCTGCTCGATTGAAGTCAACAAGACTGTATTCGCCACGCTCATGTAAGGATGTCGCCGTGTCTTCTTCAAGATGAATTCTTGTGAGACTTATCTTGTTTATTTCCCCACCAGAAACCAGTGGATACTTATACTGACTTATTTGATAACCCTTTGGAATGTCTGGGTAAAAATAATTTTTTCGGTCAAACTCAGTAAAATCCGCAAGGTTTCCACCAACAGCAAGACCGACCTTCAAAACATGTTTGACGGCTTCTTTATTTATTGTCGGCAGAGTCCCCGGTTGTCCGGTGCAGATCGGACAAATATTTTTATTCGGCTCGGATTCATCCGGATTATTTTTGGAGTTGCAGAACATTTTAGTTTCCGTCTTCAACTCCGCATGGATTTCCAAACCAATTGTTGGAATATAATTATTCATTATTTAGAACATCGCTACTGCGATATTCTAGCAAAGAGATGGAGTGCAACCAAACCTTCATTCTCACAAAAGTACCGAAACAAAAAAGAGTGGGGGCTTAGGAACCGAGAATTTCAGCATGTTAGTTTATTTTTTTAAAATAAAAGCTGTATTTTTTTAATTTTGAAAAATTAGAGCCAACTCAAGAAAAACTTAAGGGAACCGTGAATTTAGTATGGGAGTTTTGAAATAAATATTAAGGTTTATTAATCTTATTTTTTGCTCTTTAACGCCTTTTTGGCAAGCTCGACAGCAGACTCTTTTGATTCAGCGACTACCAAAAAGAGCTTCTTATGGCAAAAGGAAGCCCCTTTCACACCACTAGCGACTTCCAAATCCTCGCCTTTCAGGCCACCCCAAGACTGTGGAAAAGTCACCCTGCTTTCAAAGCCAAAACGATTTTTCTTGACTGTTGAGATGTTCCACCTTCCGTCACTACTAGGAAATATTACAAATTTTGGTTTTTTGAAATCAAACAAAAAATCCTTCCAAGGATAGTATTTATCAAAAATAATAATTTCTTTATTCTTGCTATTTTTATATGTCCTTAAAACTATTTTTTTAGCAATTAATACAGATTTGGTTTTTTTAATCTCTCTTAATAGTATTTTTTCAGCGACCCTAACAGCTTCGGCAAAAAGCCGATTTTGATCTTCGTCTTCGTTCCAGACCGAATTGAAAGACAAAATAAAGTTCGCTACTCTGTATGGACTAAAATCAAAAACCGGTTTGAGGATTTCAATACCATTATCTTCGGCGTCAATTGATTGAACTAGATTTTTGTCAATTTCTTTGGCAACAGAAGCATTGCCGCAAATTTTCGGACCATATTTTTTCCAAACCAATCCGAAAGAAGCAAATGGTATACCATTTGATCTCTGGCCAGCACCAGTTGCTTGATGGTGGTCGAAGTTCCTCCGGCCGTCATATTTCATACCCACGTCAACCAAGATGTCCCCTTCTTTCATCAAATCTTCATCTCTAGTTCTAACAATTCTTATTTGACCTTTGAAGAAAATCTTCAAAACAGCCACAGCGAAAACATCGTCAGCGTGAAAAGAACCGTTGTGAGTAATTACTATTTTTTTTTTGTTTTTTGATTCTCTCGCCATTTTAAAAACCGGAAACGTCCAT
CP129473.1_gap10	378265	382781	4516	AACTTTTTCGTCTGTCGATTTTTTTCCGGTTTTTTTTGAACTTGAGTCAACAGAAGAAGATTCCGGCCCAGACAATATTAATTTACTAGGAGATGGTTTCGGAGAAGTGGTCGTCTGCGTGTTAACTGATGAAATCGCGGAAAAAACTTGTTCTTTCAAAGTTCTTTCCATTTCTTTAAACATCCTCAGACCTTCTTTTTTATACTCAACTAAAGGATCTCTTTGCCCATAAGCGCGCAGATTAACACTCGACCGTAAATAATCCATTGCCTCCAAATGATCAACCCAAAGAAAATCAATACCTTGCAAGACTAGAGATCGAACCGATAGGAAAAAAGCTTCTTCGCCGAGTTCCTGCTTTTTCTTAGCTGAAACATCACCAACTTCCGGGGCAACTTCCGCAACACTACCTAGAAATTCATCTATAAATTGCCTGTCTCCGGAGAGAATTTTTCGGCGTCTGTCATAGACGATTTTTCTCTGAAAATTTAAAACGTCGTCATATTCCAAGACATGTTTTCTGGCATCAAAATTAAATCCTTCTATTTTGGTTTGAGCCGTCTCAAGAGATCTTGTTATAAGGCGATTTTCAATCGGCTCATCTTCAGCAATTCCCATTCTACCCATCAGTTTCTTGACTGTATCTTTGGCAAAGACCCTCATCAATGAATCCTCAAGAGAAACAAAAAACTGTGTTTCTCCAGGATCTCCTTGTCTTCCGGAACGTCCTCGAAGTTGATTATCAATTCTTCTGGCTTCGTGACGTTCAGTGCCAAGCACAAAAAGCCCACCAAGATTTTTGATTTCCTCGGAATTTTCTGGGGTTCCCGGGTTACCGCCTAATTTAATATCGACCCCACGACCAGCCATGTTGGTCGCAATCGTTACTCCACCACGCCGACCGGCCTGGGCGATAATTTCACCTTCGCGCTCATGATTCTTAGCGTTTAGAATCTCGTGTGGCACACCGGACGTCCTCAAATATTCGGAAATCATTTCATTTTTCTCTATAGAAATGGTACCGATCAAAACCGGCTGACCTTTCTGATGAAGTTCTTTAACTTTTCTAGCAATAGCTTGAAGCTTTCCTTTCTCTGTCTGGAAAATTAAATCGTTTCGGTCAATCCTTTTCGATGGTCTGTTGGTCGGAATAGCAATCGTATTCAAACCATAAACTCTGAAAAACTCTTCCTGCGAGGTTAAGGCAGTTCCAGTCATTCCGGAAAGTTTTTTGTACATTCTGAAATAATTTTGGAAAGTAATTGAGGCGAAAGTTCTTGATTCTTGTTGGATCCGCACACCTTCTTTAGCTTCTATGGCCTGATGAAGTCCGCCAGACCAACGTCTCCCGGGTTGAAGTCGACCGGTGAAGTGATCAACAATTATTATTTCTCCCTCTTTCACAACATAATCCACGTCCCTCTCAAAGAGAGCTTTAGCTTTTACAGCGTTTTCCAGATGATGCACGAGTTTTATACCTTCGTCGGTATAGATATTCTTAACACCTAAAAGTTTTTCGGCTTTATCTATCCCTTTGTCGGTCAAAGTGATAGCTTTAAGTTTTTCATCAACTTCAAAATCTTCATCGCGCTTCATCTGCCTTACCAATCCGGAAAAAGTTCGATACAAATTTTCGGCCTCTCCAGATGGAGCGGAGATTATAAGCGGGGTTCTGGCTTCGTCTATGAGGATTGAGTCGACCTCATCGACAATTGCATAATTGAAGTCCCTTTGTCTAACATTTTGCAAATCATACTCCAAATTGTCCCGTAGATAATCAAAACCAAATTCGTTGTTAGTGCCGTAAGTAATGTCTGCCAAATAGGCGTCCTTTCGACCGCAGGGCTTTAAAAATTCATGAACAACTTTAAAACCTCCGACTTCATCTCTTTTTTCATCAAGTTTTTTTTCATCATCTTTATGCGCCGGATCATAGAGATAACTTGCATCATGATTAATACAACCGACACTCATGCCTAAAAAATCATAAATCTGACCCATCCAAACTGCGTCTCTTCTGGCAAGATAATCATTCACAGTCACCACATGAACACCCCTACCACTAATAGCGTTTAAATAAGCCGGCAGTGTTGCAACAAGAGTTTTACCTTCACCAGTTTTCATCTCAGCAATATCCCCCTGATGTAAAACAACCCCGCCAATCAACTGAACGTCAAAATGTCTTTGATTCGAAACTCTTTTAGCGGATTCTCGAACAGCGGCAAAAGCTTCGGGCAACAAATCATCCAAAGTCTCTCCTTGACTAAGGCGATTCTTAAATTCCGCGGTTTTTAATTTCAGCGCGTCGTCTGAAAGTGAGGAAAAATGGCTCTCTAAAGAGTTTATTTTTTCGATCTTCGGCAGAATTTTCTTTATAATTTTTCCGCTCTCGTCACCCAAAATCTTCTTTAAAAACGGCATAATTGAGAATTCTAGCATAATTCCGTCTTCTAATATAGACAATACAAAAACTCCCACGCTTCTGGCGTGGGAGTTTTTGAAAAGCTCGCCAAACTATCTTCTTCTGCGAGTTGATCTTTTGGCTGGTCTCTTAGCTGTTCTTCTCTTGCTGGTTGTTCTCTTAGCAGTAGTTCTTCTTTTTGTTGTTCTTCTTTTTTTTGTTGCCATTTGATTATTGTTGGAAAGATTATTCCAACAACAATTACTTTTAAAAGATGTCTTGTTGATCTGGAAAAACAATTCAACAAGCTCCGACCTCTTTTAATTATCGTTCAAACAAAAATAAAAACAACAATTTAAATTTCAAAATTGGGGATAACTTACAAAAATAATTTCCAAACTTGCAAAAATTAAAAATCAAATTCACCAACTAAAATAATTTCTCTCTCCAAAGTAATTCCGGTTTTTTCTTTCACATCTTTAATTATCTTGTCAGTTGTATTTTTGATTTCAGAAGACAAAGCTTCACCAAGATTAACTACAACTAGCGGTTGGTCTTTAAAAAATTCGACCTGCCCAAAAATTTTTCCTCGAAGGTTGAAAACTTTATCCAAAATCCAAGCCGCCGGAATCTTAAACTCTCCGCTTTGGTTTTCAAAGTAAGGTAAATCCGGATAATTCTTTAGTATCGATTCCAATTTTTCTCTACTAACAATCGGATTTTTAAAAAAAGACCCGGCAGTGCCAAACTTGTTAAGATCTGGAAACTTCCGACCTCTGATATAAAGGACTGCTTCTCTTACCTCTTTCAAGCTTGGCGAACGATCCAAAAAATATTCTTTCAAGTCTTTATAAGACAAATTGGGTGCACCTTTTTTCTTTAAAGAAAAACAAACGCGGGTGATAATCAAACTCCCTACACCCAACTCTTTAAAAATACTTCCTCGATAAGAAAAACGGCAATCCCCCTTGGAAAGTTTTTTGATTTTATTGTCTGCCCTATCAAAAACTTCAACCCAAGAAAGATGGTTTTTGATTTCGGATCCGTAAGCGCCGATGTTTTGGACTGGCGCCGCTCCAACCGTGCCGGGAATTCCGGACAAATTTTCCAAACCATAAAGACCCCTTGAGACTGATTGTTCAACAAGTTTGTCCCAAGACTCACCAGCTGAAGCCACAACATCAATCTCCTCGTCACGTCCTAACCATTCAATTCCCTTGAGACTGATTTTTATAACAAGACCCGGAAAACCGTTGTCCGAGACTAGAATGTTTGAACCGCCACCTAAAACAAGAACCGGCAATCCTTTCTCTTTGGCAAATTGAAGTACGTCTGGCAATTCATCTACCAAATTTATCTCTGCGAAATATCTTGCTTCGCCACCTGTTTTAAAAGTATTGAAAGATTTAAGAGATACGTTTTCCTTTATCATAAAACAACGCCAAGTCATGACCGGCCGCTGCGAGCTCCAAAACAAATGTCTTATATGAGTGCTAACGGCCGGCCATGACTTGGCACAGTCATTATAGTATAACAAAACAAGCATAAACGAACAAAAGGGTACGAAAAACCCGCCGTGAAGCGGGGTTTTCGCAGACATTCGTTTATTTTGGAGTGCGCTACGCACTCACACTTCTCTAGTATATCAGAAAACAAAAAAAATGCAACTAATTTGCCAAGAGCCCGGCTCCCCTGCCGGCTCGAATCTCGGAAATGGCATAATCAGCAGTTTCCTTAAAATTCGGGTCAATCTCAACTATTTTCTCCAATTCTTCTATGGCTTTCGGCCAATTTCTCAAAGACAGATAAGAAGCGACAAGGGCTTGGCGCGATTCTAAATTTTCCGGCTCAAACTCAACTCTCTTCTGCCAAATTTCTAAAACTTTTGAATACTGTTTTATTTCCGCTAAAGTATTCAGGAGTCGATCGTCAAAATATTTGACGGAGTCAGGTAATATCTCCCATTCAGAATTAGCTTCCGATAATCTGTCGTTTGCAAGAAGAGCCATCAAGTAAAATGTTCTGGATTCTGGATTTTCCGGCCATAAGTTTTTTGCGGATTCCAACACTTCCATCGCTTCCTCGAACCGACTGGCAGAAAACAGGGTTGAGGCA
CP129473.1_gap11	426101	430393	4292	ACTGCTTTTTGTTTATTATCCTTTGTTTTGTTCCGTTCTAGCCCGATCATTTTACAAAGTAAAATAATTTAGGGTCTTTGTTGTGTATCTTTCTACACCTGTCATCCAATTTAGGTTTTGAAAACCATTGTACACTCGATCGAGATGTACAATATCGACTGTAGCCCCCACCGAAGTGAGGGTTGTTCAATTTGAAATATTCCACGAGCAGCTTCCGCTACCCGTGCCTTGTTACGACTTACTCCCTGTTATTGAGCTTACCGTGATGCCACAAAAGTGACGCTTCGGGTATTCCCAACTCCCTTGAGTTGACGGGCGGTATTTGATGTGTTATAATGTCACCATTATAATTCTCTTCAACACGGGGCAAGCGGTTTTCCCGCACCCTCGCGTTTTCCAAAGGTTGCTTATCCGATTTTTTTATCGAATTCACTTACCTTGCCATGATAAGTTTTAGCTTTCTTCCCTAATGAGCGCAAATCATTGCGTAGGGAAACAATTTTGTTAAATCCATCATCAGATAAATGTTCTTTGGCGCAAACCATAAGAACTATTTTTCTAAAAATAAGATAGGATTTTTTCTTTTTCGCCTGTAATGGATACTTATCAAGAAACGGGAATAAATACTCTTTCAGGTCCCAGATGCTGGTAATTTTATACTTGGCATGCGGATACCATCCATATCGCTCATAAGAGCAATCATAAATTCTCCCGATTCCGATAGTCACAAGTATGCGTTCCAGGATTTCTTGATCATCTTTCCGCAATTCTATTTCAAATTCCGGTCTGATCTCAAAACCTCGGCGCAGTGTCTTGTGCTTACCGATACTAATCGAAAAAGATCCTTCTCCATCAATAAATCCTGCGACATATTGAGGATCTAACTTTTTCCTTTGAATTTGTTCCTTCCCAATCGGAAGTTCTAGCTTGGGGTTAAACCGAGCATCTTTCCGAGTGGTACTACGAACTCTGCTGACTTCTTGCATATCATCATTGTACCATTACTAGTACAACTTCTCGGTGTGTATAACACAACGAGGAAAATGCAAGATCTCCCACGGTAACCGAATACACATTTTGTTTACATCTCGATGCCACGATACATAAAACGATTTTTTATAGAAGGTTTCTCCATGTACTCGCAGGATGACCTTCGTTTTATGCCATAACTGACATTCAAGCTATAAACTGCTACTTTACTCCTTCACTCAAACTCTTCACAGAGTAAGAACTAGTATTTCGCTTCAAAGCACTATAAATTGCTTTGGTTGGATTTCCACGCCCTCCGTAGTTTAAACGAAGGACGGGGCACCAACTAGCGTACTCAATCGCATGGCGACCCGAGTACAAGACTTGAGAACGTATTCACCGCGGTATAGCTGACCCGCGATTACTAGCAATTCCAACTTCATGGGGTCGAGTTGCAGCCCCCAATCCGAACTGGGGCGGCTTTTAAAGGGTTGGCTCAGGATTACTCCGTCGCGACCTTCTGTAGCCGCCATTGTATTATGTGTGTAGCCCCAGGCGTCAAAGGACCATGCTGACCTGGCGTCATCCTCGCCTTCCTCCCACCACCAAACTAACAGAGTTAGTTTGGAAATTCTAATTTCTAAATCCTAAATTCTAAATAAATTCCAATAACCAAATTTATAAATCTTAAACGAAATCCGTTTTAAATTTTAAAATTAGGATTTTGAGATTGTTTAGAGTTTAGATTTTGATACTTTGAATTTCCACTTAGCTCTCCGAGCTTAGTGGTGGGCGGTCTCGTCTGACACTTGTAACAGACGACGAGGGTTGCGTTCGTTACCCCACTTAAGGGAACAGCTCAAACCACGAACTGACGACGGCCATGCAGCACCTGCCCTAATGTCCTTGCGGACTCCAGCTGTTTCCAACTGGATTCATTAGGGTTTCAAACCTGGGTAAGGTTCTTCGTTTACCATCGAATTAAACCACATAATCCACTGCTTGTGCAAGTCCCCGTCTATTCCTTTGAGTTTTAAGCTTGCGCTCGTACTACCCAGGCGCTTGACTTAACGCGTTAGCTTCGCCTCTCAGAGGGTCGATACTCCGAAAAGCTAGTCAAGATCGTTTAGGGCGTGGACTACCGGGGTATCTAATCCCGTTCGCTACCCACGCTTTCGTGTCTCAGCGTCAGGAATGCGCCAGTCTATTGCCTTCGCTTTTGGTGTTCCCCATGATATCAACGGATTTCACCCCTACACCATGAGTTCCATAGACCTCTCACATCCTCCAGTTCTACCGTTTCCCCCGCGGGCCCTCGGTTAAGCCGAGGAATTTAACAGGGGACTAATAGAACCGCCTACACACCCTTTACGCCCAGTAATTCCGGATAACGCTTGGGGCACTCGTATTACCGCCTCTGCTGGCACGAGTTTAGAGGCCCCTTATTCTTCGGGTACTATCAATAAACTTTCTCCCCGATAAAAGGTTTTTACGTCCCAAAGGGACTTCATCAACCACGCGGCGTCGCTCCGTCAGGCTTTCGCCCATTGCGGAAGATTCTCGACTGCGGCCTCCCGTAGGAGTATGGTCCGTGTCTCAGTACCATCGGTGGGGGTCAGCCTCTCAGCTCCCCTAGCCGTCAAAGCCTTGGTAGGCCATTACCCTACCAACTAGCTGATAGCCCGCAGGCCGTTCCCAGAGCAGATTGCTCTTTTAGTGTTTCCACGCCATCGGGAATTAGCTCACCTTTCGGCGAATTATGCCCGACTCTGGGGTACGTACCTACGTGTTACTACCTCGTCTGCCGTGGGTCTAAACCCACTCGACTTGCATGCCTTATCCACGCCGCCAGCGTTCATCCTGAGCTAGGATCAAACTCTTAATTAAGATTTGTTTAACAAATCTTTTAGAACGGAACAAAACAAAAGATAATACCACCGCGCTTGGCGCGGAATTTATAATCTCTAATCTATAATTCTAATTTGATTTCCTAGCTAATTTTTTGGAATTTTATTTAACTTGCACTTATTTTTTGAATACATTCTATTTTGACATTTCAAAGAACACACCTCTACTTTAAGAGGTGGTAGTAGTATAGACGATAGAAAATTGGTGTCAAGACAAAAAAACTAGCAAGATTAATAACGAAATATAATGCCAAGGCAGGGTTGGCGTAGGTTAGAAGTTAACCTCCCTTCTTCAAATTCCCCATCAGAATTAGAAGCGGGGAGGCCAGAAAGATAGAGGAGTAAGTTCCGACAATAACGCCGGCAATCAGAACTAAAGTGAAATTTTTGGTTACTTCCCCGCCTAAAAAGAACAAGGCTAAAAGCACCAATAAAGTAGTTAGGGAGGTGTTGATAGACCGAACATAAGTTTGGTTCAAACTCTTACCGGCGGTCAAAGAAAAATCTTCCTTAAGATTGTTTTCTTGATTAAGTCGCAAATTTTCGCGAATCCTATCAAAGACCACAATGGTATCGTTAACTGAAAAACCGAGAATAGCGAGAAGCGCCATCACAAAAAGCACATCAACCTCCGCCCCCATAAAGAGACCGAGAAGAGAAAAAATCCCAAGTGGAATTATAATGTCATGAGCCAAGGCAATGGTAGCCGCAAAGCCGTATTTCCAAGAAGACACCCCGCCTTGAATAGGTAGGCCGACAGAAACTTTCCTGAATGCAAAAGCGATAAAAAGAATAATAGCCACAATGGCAACAGCGATAGCGACCCAGGCCTTCTGTTTTAATTCGTCACCAATAAGCGGACCGACAGCGCTAAATCGTTCTTCCAACGGCTCAAAATTGTCACCAAAAGTCATTGCTGAAAGTATTTCCTTTTTCTGGTCATCGGAAATAAAATCTGTCCTTAGGATAAACCTTCCTTCATCCGAATCTCGCAAACTAAAACTCTCTATGCTTTCAGCAGAGGCAACAGCCACCCTCAATTCTTCAAGAGAGGGTGAATCATCTTGATACCGGACTTCCAAAATTGACCCGCCACGAAAATCAATACCAATATTTAAACCAACAAACAAAACCAAAAACAAAGACAGAACGACTAAAAGACCGGAAACCGCCAAAAATATTTTTTTGTATTTGATGACAATCATAATTATTTAGATTTTTTTGTTCCGCTACCGAATAAAAAATCAGTTCTAGGATTTTCAGTCGCTACTGCCAGAAGAAAAGTTCTAGTAATGGAAATCGCCGAAAGCATACTAACCAAAACACCGAGACCAAAAATCAGAGCAAAGCCCTTGACGAGCGAGGTGGCAATAAAGAAAAGAATAACAGCAGTAATTAAGCTGGAGACGTTGCTGT
CP129473.1_gap12	431537	434968	3431	AACTTGTTCGGCGATTATACATTAAAAAATACGGTCTTACAAATATGTTTTTTTAAGACTTTCTATTCCATCCGCAAGCATAATTTTCGGCTCCCATTTTAGAACACTTTTGGCTTTTGAAATATCAGCGCAAGTGTAAAGCACATCTCCCGGTCTTGGAGGAACGTAAACGCAGTCTCCGCCAATTATTTTAGCAATTTGTTTTACGGAAAAAACCTGACCGCTACCAATGTTTATAGTCTCTCCACCTCCAACCATTTTACTTTCCATCGCCAAAATATTAGCTTTAGCAACATCCTCAACATGAACATAATCTCGATAATACTCGCCATCGCCACAAATTGTCATTGGCTTGCCTTCTTGCTTTTGTTTTAAAAAACGTCCGATAACCAAAGCGTAAGCCCCATCCGGATCAGCATATTCACCATAAACATTAAAATAGATCAGGGAAACTGTTTCTAAACCAAATTCCCTAGAAAAAATTTTACAATAATGTTCACCTACCAATTTATGCAACCCATAAGGAGAAATCGGGGATTTTACTATATTGTCTTCTTTGACCGGATATTTATCTTCTGATAGCTGACCATAAGTGGCACTGGAAGAAGCAAAAACAACCCTTTTAATTCCGGCTTTTTTAGCTGACAATAAAACCGCAAGAGTTCCATTCACATTGACATCGTGAGTTTCTTTCGGTTTTTCTACAGAATCAGCGACCCTTGGCAAAGCCGCGAGATGAAAAACTCCATTGGCACCTTTAAAAACCTCAGATAAAATTTTTTCATCACGAATATCACCCTCAACATATTCTGCGCCTGACTGAAAACGTTCTTTTTTTTTACCGCCGGCGTAGTTGTCTAAAACTACAACTTTAAAACCAGAGGACAAGAGTCTTTTAACCAGATTAGTTCCAATAAATCCCGCGCCTCCGGTTACTACCACTTTTTTGTTTATTTCCATTTTCTATTTTCAAAAAATTAAATTCCACTTGTCATAAAAAGCGCCTTCAGAGTTTTTAAAGCAATTTTTAAATCAAGCATCAAAGACCGATTTTTAATGTAATACAAATCATAAGAAAGCTTGGTCTTAGTTTCATCAAAATCAGCATTAAATTTCGGCGGATTTTGATGGTAAAGTTGCGCCCAACCGGAAAGTCCGGGTTTTATAAGATGGCGAACATTATAATAGGGCACTTTTTTCTCATAAAGTTCAGCGATTTCAGGAATCTCCGGTCGAGGTCCAATTAGGGACAAATCCCCTTTCAATACACTCCAGAGCTGGGGCAATTCGTCTATTCTGGTCCGGCGCAAAAAACTACCAACTTTGGTTATTTTTTTCGGCTCATCAACAGTCATGGACCGAAATTTTAAAATTTTAAAAATCTTATTGTTCTGACCAACTCTATTTTGGGCAAAAAACACCGGCCCACCATCATCAAGTTTTACAGCTAAAAAGACAATTGGGTAAAAGACAAAAGAAACTAATCCTAAAACCAAAGCGGCAAATATGTCAGTGACTCTTTTTACAAAATCAAAGGTCGGATTGTGGACAGTAGAGATATTTTCCAAAAACCAGTTGTATTTCAAAACCGACATCGGAACTCGGTCAAAAATATCTTCGTAAACTTTGTGCATATCAACAAATTTAACCTTGGAAAATATGAGGTTGTAAAAATTAGACAAAACTGACTCGACCTTTTCACTTCTCAAATCTATAGCGATAACTGATACTTCTTCGGAATAGACAGTCTTGAGCACTTCTTCTTTAAAATCCAAGCCATCGATTTCTTCTAAATCAACAGAGGAAATAAATTTTATTCCGTAACGTTCGTTATTATTAACCTCTTCTTTCAACTCTTTCATCTCTTCACCGTGGCCAACTAGCATGGCATTTTGCCTCTTGGAGGTATAGAAAAATTTTTGACCTTTGACTCTCCAAAACAAAATCAGGATGAAAGAAATAGCGAGATAGATGAAGAGATTAGTCTTTGGGGTTATGCCAAAAAAGGGAATGAAATAAAAGAAAGTGATAGCGATAACAATATTTGCCAGTTGAGTATGCAGAAGGGTGTTTGGTAGCTTACTTTGAAAAATCAGTGTGTGTTTTTCATAAAGTCCGGCGATAAAAAACACTAAAAACCAAACCGCAAAAAGTATCGAAAATGGTTTTAGGTGGTTAACAAATTCTTCCTTTCCGGGAATTTCCTGATATCTAAAAAACAAAGTTAGCCAAAGAGAAGCCAAAAAGACTAGTAAGTCCCCAAAAAACAGAAAAAACGCTTCTTTTTTACCCGAAAAAGTCATATTAGAAAATTATACTATAGAAACTGGCTTAAAATGTAAAACCCCCTGTTGGGGGTTTTGTTTTGTCAGGGTCGTTCCGCTCTTCCTGCTCTTCGTCCCGCTTTCGTCCTAATCCTGCCGGCCTGATGACTCTTCGTATCCTTCTTCCTCACCACCCTCTTGGGTTTTTCAGGAAATTCTATGCCAAAGAAGAACAACTCAACCCATCCGATCTCCCGGCGAGCGACGTAAGCTTTCAGCAGGAAGATGAGATCCAAAGGCATTGCACTGCGCCCCGTCTCCCAATTGCCCACGGTCTGTGAGGTCACACCGCAAATCAGACCGAATTCGCGTTGAGATATGCCGAGCTTCTCCCGACAATCTCTGACAAACCTCGATGCCCGCTGGCGGTGTTTGGCCTGAACATTTTTTCTGCCCCTTCTTCCATGCATTTCGCACTCCTCTGGCTGAAGTTTCTGAGCGACAAATCTAAGATTAAAGTATCAGCATATTAGAAGCTTGTCAAAAACTCAAAGTTCCAATAAGATAGACCTCTAATGGGGAAAGGGCAAAAAAAGAGGATTTTGTACGTAATTACAAAGGGTAATTTTGGAGGAGCGCAACGCTATGTTTTTGACTTGGCGACCAATTTGCCAAAAGAAGATTTTGAAACCGTCGTCGCTTTCGGTGAAGGTGACATTTTAGGAAAGAAATTGGCCGAAAAGAGTATTCGAACAATCCGATTAAAAAATTCTCAGAGGAACATAAACCCTCTCAAAGATTTTATTCTTTTTTTTGAGCTTATCCGAATTTATAAAAAAGAAAAACCAAATATTATCCACCTCAACAGCTCCAAAATTGGCCTTCTTGGAGCGCTAGCAGCTTGGTTTTATAATTTCCTAAAGCCTAGAGCCTATCGCCTAAAGCCTATCTTCACTGCTCACGGCTGGGCTTTCAACGACAGTAAGTTTTTCTGGCAAAAATTCCTTTGGAAATTTCTTCAATGGCTGACAGTTCTTATGACCAACAAAACAATCGCTGTTTCAAAAAAAACCGTAAACGATATGAATTGGCCGGGGACAAAAAAGAAGATTCGCTTAATTTATAACGGCATCCGGCCAATTGAGTTTTTTGAAAAAGATGAAGCGC
CP129473.1_gap13	438475	440399	1924	CATTCAAAGAAAATCCTAAAGGTAAACAATTGCAAAAAAGAGAGCAAAATCCGCGATTTTCAAATTTCCCGATGAGATTGATTTATTAGTACGCCTCGGCTCAACACATTACTGTGCTTACACCTAGCGCCTATCAACGTGATCATCTCTCACGAATCTCAATGATTCCTAATCTTGGGGTGGGCTTCCCTCTTAGATGCTTTCAGAGGTTATCCCTTCCGAACTTAGCTACCCTGCGGTGCCCTTGGCAGGACAGCAGGCAGACCAGAGGTTCGTTCACAAAGGTCCTCTCGTACTATTCGCGACTCCCCTCAAGAATCAACGCCTGCAGTAGATAGGAGACCAACCTGTCTCACGCATGATACCACTTATTACTAAGTGCATTGGACTATAACTTCATCCCTTACATGATCGCATGTGAGGGACTGCTAACGTTTAGTCTCTACGGGCGTGCTAAAAACTTTTAAATGTTAACCCTTAACTATAACTAGAAATTCCAGTTAGGGTTATTTGTTACTTGTTAATAGTTTCTGCTCTTCCCTCGGTATTCTCCTCTTTCTTTTAACTAAAAGCTATAAGCTAACAGCTAAAAGCTAAAAGCTAAAAGCTGATTGGAATTCACCGATATAAGTCAGCTTAATCAACCTAGACCCTAAACCCTATTGGCTAGACCCTAGTTTTGACCGCCGTGATGTGATTGATTCATCCGCCATAACCCTTTTCAGAGCGAGGCAGACTTTCTATCTAATTATTTGTTTATAGACGAAAAACTCGAAGTGGTTCAGATTGTGAAAAAGTCGATCTATTCAACTTCTTCACGGTCTGACATTAATTAATCTGTCATTACTGACAGGACAGACTATACCTTTCCCGATTTTTCCAATGTCGGGACTGACGTGTTAGCATCCGCTTATACGGACACTCTGCCGTTCATTTAACTGTGAACAAGCAAGTCGTTACGGGGATTAGCAATCTTATAAATCATTGAAGGGATTATATGAGGCTCAACAATAGCAATAAATTTCTGGAAATCATATCTTCCAATACTTATCTTAAGCTTTGTTCGATCCTTTACAATTGTCGCGTTGATTTTTAATGATTTTCTCAGAAATTCTACTATTTGCTCATGGTCTACTTTAGAAAAACTATGAGTGCTCAATGTAAAACTTTCCTTGGTATTAGAACCATCATCCATAAACCAAATCGCGATCATTCTTGGATTGAGAAAACTAAATATATCGTGCGGTAATATCTTTGTCCCATTTTTGTAGAAATAATGATAAAGAAAACCTAATTCTTTCAAACTTTTAGTATGAAAGTACCAAGAAATCTCACGCAAACCTCTTTTAGGGTTATCCCATGAAATTTCAGATGGTTCTTTATTCACAATTTCTTTCAAGACATTGAATTTCCACAATACATATTCTTTTTGCTTCAATCCATGATGCACTCTAAATCGTGCCGTCACTGGAGATCGTATTCCAATTGACCGGCATTCTAAGCGCGCATCACCCAACAATGACCCAATAAGCACATCAATCTGATGCGCGGAAAATGAAGATTGCAATCTTCCCACGATATTATCCATTGCTCATCATTATACTATGACAAGCATTCGGACTTCACCGTTATGAGTCAGTTTATTTTTTATCTCTTATTTATTCTCGTAGATTGTCTTAAGCTGGGCTCATTTTGAATCACTTACCCAGCTCGCGTAACTTTTTAATTGGCGAACAGCCAAACCCTTCCCAGCTTCTCCACCAGGAGGATAAGTTGAGCCGACCACAAATACATTTCCCTTATTACTAAGGGCGCAGACTATACCTTTGCTTGTTATTGCCTTACAAGCACCAGCGTGTTATGGCTGTGCGTATTTGGCTTATGCCAGGACACCCACCATCTTCACCTCCTCTGTTTTTACAGA
CP129473.1_gap14	585961	590718	4757	TCAAGTGAACAGGTCAAAGAAGGTTCTTTTTGGGCGAACTTTATCGGCTCACAAGGTCCGGCTTATGTTGCTGGAAATTTTGAAGTCGGCAGTCGGCTGACAATTGCCGGTGGTGATCCGGAAGCTACTAAAATTTTAGTAGCTGAAAACAACGAAGGGCTGGTGGCTTGGAGCAGTGTCAGTTCTTTTTCCTGTGAGAGAAGAACAAGCACTTCTGCCAATTCTTCAACCGCTTCGGTCTCCTGTGTGCCCGGGGAAATTTTAACTGGCGGAGGCGGGGATTGTGGTAATCGGACCATGAATTACTCAAGACCCCATGCAACTCAAGAGAGGTGGGAGGTTCAGTGCGCACAAATTGCGACTTCGGTTTCTGCAATGGCAATTTGTTGTGAACCAAATTTGAGATTTCTTGATGTTGGTGGGCCAATGCAACCTATTTAAAAAAATGTGAACAAAAAACCCCGCTTTCGCGGGGTTTTTTGTTATAATTCAATTGTAGAAATTTTTCTTAAACATTTTTTATGCACGTTAACTCGGAACAATTAAAAGAATTTATCGTTGACTCCGGTCTAATTTCTCAAAAGGATTTAAAAGAAGCGGAAAAAAAATCTAAATCTGAAAAAAAACAACTGGAAGACGTGCTTCTTAAAAATAATTTGTTAAATACCGATGAGCTTCGGAGGATTCAAGCTATGGTTTTAGGCATTCCCTTTGTAGATCTTAAAAATCAAAAGATTGATTTTGAAGTTTTGTCTCTAATTCCGGAGCCGGTGGCTAGAAGTCACAGCATTGTGGCTTTTCGAAAGACTAAAGATTCTCTTGAGGTGGCAATGCTTGATACTGATGATTTACCAGCGATTGATTTTGTCAGGAAGCGGGTTGGCTTGAAGATTCTACCCCGCTTGACCAATGAAGAGTCAATTAGAGATGTTATTCTCCAGTATCAAAAATCACTTAAAGCTGAATTCGGAGAAATAATCAAAAAAGAATCAGATTCTCTGAAAATGGTGACAGAAGGCGGACCCGAGGAGATGTCGGGCGACGATTTGAAAAAGCTGGCGGAGGATTTGCCGGTCGTAAGGATTGTTGACACTCTTCTCAAACACGCAATTATTCAAAAGGCGTCCGATATTCATATTGAACCACTGGAGAGCCAAGTTGTTGTTCGTTATCGCATAGATGGAATTTTGCGCGATGCGATGGTTTTGCCGAAAAATGTCGCTTTAAGCATAATTGCTAGAATAAAAGTTCTTGCTAACTTGAAATTGGATGAAAAGCGCTTGCCGCAAGACGGTCGTTTCAGGATTGATATGGCCAGCGAGAAAGTTTCTTTTCGCGTCTCAACTCTGCCGGTGTATTACGGAGAAAAAGCTGTTATGCGCCTTTTGCGCGAGAACGCCTCCGGTTTTACTTTGGAATTACTTGGTTTTCACGGTGAGGCCCTAGAAAGAATTCACACTGCCACACGGCTTTCAAACGGAATGATTTTGACCACCGGTCCGACCGGTTCCGGAAAAACCACAACTTTGTATTCGGTTTTAGAAATTTTGAATACCCCGGATGTAAATATTTCAACCATTGAGGATCCAGTTGAATATCAAATGAATAGAGTGAATCAAACCCAGGTCAAACCGGAAATTGGACTGACTTTTGCTGCCGGATTGAGAACTCTTGTCCGTCAAGATCCAGACATAATTATGGTTGGCGAAATTCGAGACAATGAGACAGCTTCTTTGGCGGTCAACGCCGCCCTGACTGGTCATTTAGTGTTGTCCACTTTGCACACCAATTCGGCTGCGGGCGCTATTCCTCGTCTGATCGACATGAAGGTTGAGCCGTTTCTTATTGTTTCAACCGTTAATGTTGTGATTGCTCAACGCTTGGTTAGAAAATTAACGGAAAAAAGGGAGAAACATTTTCTGACTCAAGCCGAATTAGACAATTTAGGCAAAATGGTTGATCTGGAAAGAATTTTGGATTTTCTTAAAGAGGAAAAAATTGTTGACGCAAAAGCCGATTGGAAAGAAATTCCTTTTTTCAAACCAAAGCCGGGTGAAGAATCGGAAGATGGATTTAGCGGTAGAATCGGAATATATGAAGTTTTAAAAATCTCACCTTCTATAAAAGAATTAATCTTACAGAGTAAAACCGACAAAGAAATAGAAGAGCGAGCTAAAAAAGAGGGAATGATGACAATGATTGAAGATGGGATTTTTAAGGCGGTTCAGGGCTACACTACTATTGAAGAGATTTTAAGGGTTATTTCAGAATAAAAATAAAATGAAATTTAATTTCAAAGCGATTAAATCAACAGGCGAGCGTTATGAAGGTGTCAGGGAGGCAGTTGACGAGCGCTCTCTTTATAGTGAATTGAAAAAAGCGGGAGATACTGTAATTTCAGTTTTTGAAGTTAAAGGTAAAAAGAAGAATTCTTTGGTGGCGAGTTTGTCCGGACTTTTTGGACGAGTTGGAGCATCTGAAAAAATAAATTTTGCGAAGAATCTCGGTTCGATGATTGATTCGGGGTTGCCAATGACGCGCTCTCTTTCGGTTTTGGAAAGGCAAACTAGAAACAAAAAATTCAAAACAATAATTTCACGGATTCAACAAGGCGTTGGTCGCGGTGAATCTTTGAGTGAGTCGGTGACGCAATTTCCCGAAGTTTTCTCGCCCCTCTTTGTTTCTATGGTTAAGGCGGGCGAAGAAAGCGGAAGTATCGCTAAATCGCTTAAGTCTGTATCTGAACAAATGGAAAGAACACGTCTTTTGGTCAGCAGGTTGAGGGGGGCAATGATTTATCCGGCGATCGTAATCTCGGTAATGCTTATAATCAGTGTTTTGTTGCTTATCTTTCTGGTACCAACTTTGACCCAGACTTTTTCCGAGCTTGATCTGGATTTGCCCTTGAGCACCAGAATAATAATTGGCTTAAGTAGCTTTCTTAAAGAAAATACTTTTTCTTCTTTGCTTATCTTGGTTTTTCTAGTTTCTTCAATGGCTTTTATTTTCCGGACGAAAGGTGGTAGAAGAGTGTTGAGTTTCAGTTTTCTTAAAATGCCGGTGATTTCAGCTTTGATAAAAGAAAGCAATTCCGCCCGCACAGCTCGCACGCTTTCAAGTTTATTATCCGCTGGAGTTGATTTTTTGGTTGCGATTCAGATAACTCAAGAGGTTGTTCAAAACCCCTTCTACAAAAAAGTCTTGAAAAAAGCCGAGGAGAATGTGAAAAAAGGCGATTCCATTGCTTCGGTTTTCTTGGAAAAGAACGCTCAGAATTTGTATCCGCCTTTTGTCGGCGAAATGGTTTCTATTGGGGAAGAAACTGGGAAGCTTTCGGAAATGTTTTCCAATATCGCCGATTTTTATGAAGAAGAAGTCAATCAAAAGACCAAGAATTTTTCTACGATTGTTGAACCGGTTTTGATGGTTTTTATCGGACTCTTTGTTGGTATTTTTGCTGTCTCAATGCTCGGTCCGATTTACTCGCTCGTTGATGCACTGTAGAATAACAATCAGTTTTTGTGCAGAAGGTTTAGCTTTTTATGTCAAAAATCAAAAATCAAAAATCTTTTTTTAAGCAGGGTTTTACTCTTCTTGAAATTCTTGTTGTCATCGTTATTGTCACCATCTTATCGTTTATTTCCTACGCTTCTTTTGCCGCCTTGCATAAAAACAGAATATTAGAAAAAGAAGCGGGTGTTGTAGTTTCTGTGCTCGAAGAAGCGCGCTCTCTCTCAATTTCTTCAAAAGATGCCTCACAATACGGAGTTTTTTTTGAAGTTGGGGGCAATACAATAGCTTTGTTTTCCGGAGCTAATTATTCTCCCGAGTCGCAAGACAACAAAGTTTATATTTTAGATGAACTGGTTGTCATTTCTGGAGTAAATTTGGTCGGTGGGGAGACCGACACAGTTGTTTTCCAAAGATTGACTGGCGCGACTGATCAACATGGGACAATTGTTATTGCTCGCACTCAAGATTCAGAGGACAATATTACTATCGCTGTCTATCCGACCGGTGTAATAGAGAGATTAGAATAGTCTAATATTTTTATGAAGAATAGAAACAATAGAGGGTTGACTGTTGTGGAGCTTTTGGTGGCAGTTGCGATTATAACGGTTTTTATAACCTCAATTGCTTATTCGTATTCGGCTATTTTGCGATTGGCTTTTAATAACACACTAAGCATTAAAGCTGCTTTTCTGCTTGAGGATACGGTAGAAGCGGTAAAATTTTTGAAAAGAGTCAGCTGGCAAAATAATATCGCCGTCCTTGATTCAGATCAGGATTATTTTTTGAGTTTTACAGGTAGCGGTTGGGAGGTAGTTTCAGAAAATATTTTTATTGACGGGGTTTTTGAGAGAAAGTTTATTTTGGAAGATGTTAATCGTGACTCTGACGGTCGAGTCGTTGAATCGCCGAGCGGTACGCTTGATGCTGGCACCAAAAAATTAACCGCTTATGTTTCTTGGCAGAAAAGTAGTGCCACTACCACGCGTTCTATTACAACGTATCTATCAGATATATGAAAACAGGTCTCAAAAAAACAAAATCTGGTTTTTCTCTAATTGAGATGGTGATATATATTGCTATTATGGCTTTGATTTTGGTTGTTGTCGTCAATACTCTTTCAGTGATGATTTTGTCTCAAAAAAAGATAAAAAATCACAGAGTTATAGAACATTCATCTTCGGTGGCCTTAGAACGTTTGACTCGAGAGATAAAGAGTTCCAAGAGAATCGACTTTGACCAAAGCG
CP129473.1_gap15	611881	616670	4789	CTTTAAGAAGCGACCTTCTGATTAGAGACTTTCTAAAGAAAAGGTTGAAAGGATTTTATATTGCGAACGTTATAATTGAAAGAAATCAAAAAATTTTGAAAGTCGTTATCGAGACTTCAAGACCGGGCTTAATTATAGGCCGGAGTGGAGAAGGTGCCGCTAAACTGAAAGAAGAATTGGTCAAGAAGATTAGAAAGGCCGGTTTTTCTTCGGAAGCGCAGGAGTTAAAGATCGATATTAAAGAAGTGAAATCTCCAGAATCAAACGCCGCTATTGTCAGTCAAATGATCGCTGAAGGTTTGGAGAAAAGAATGCCTTTTCGTCGAGTAATAAAGCAGACCCTGGACAAAGTAATGGCTAATCGAGATGTAATTGGTGCAAAGATTCAGCTTTCAGGCCGTTTAGGTGGCGCAACAATGTCCAGAAAGGAGAGCAAAAAAGCCGGTAGAATTCCTCTTCAGACTTTTCGCGCTGATGTTGATTTTGCGAGACAAGAAGCCGTGTTGCCTTACGGTAACTTGGGAATAAAAGTCTGGATTTACAGAGGAGATATCTTTGAGGAGAAAGGTGCAAAAAGTAATTAGCCCAATGTAGTTTTGAGATACCATTACACAGAATTTATTTAGAGCAACTGTTTCCAATAGAGTAATAAAAATAATTTAAAAATCATGCTGTTCCCAAAGAAAGTAAAATACAGAAAGTGGCACACTTTTCGAGAAAATCCTAAAAAAGTAAAAATTGCCACTCGCGGAACGGAAGTCTCTTTCGGCTCTTTCGGTCTGAAAGCGACAACCACATCTCGCATCAGGTCTAATCAAATAGAATCAGCCAGAAAAACAATCTCTCGAGCTATCGGCAAGACCGGAAAAATGTGGATTCGTATTTTTCCTGACATGCCCTTCACCTCTAAACCGGCTGAAGTTAAGATGGGTAAGGGTAAGGGAGACATTCAAGGATATCAGGTCCAAATAAGGCCCGGACGAATTCTTTTCGAGGTTGATGGAGTTTCTGCTGAAGTTGCGGCTGAAGCTTTGCGTAAGGGTGGTACGAAATTACCAGTCAAAACTAAAGTGGTCAGCCGTTTGTAATTTTATGGCGTTTAAACAAGACACAAAAGAATTAATAAAAATGTTGGCGGAGAAAAAAGAAGCTTTGAGAAATTTTCGCTTTAACATCGCCGGAGGAAAAATCAGAAATACCAAAGAAGGTCGGGACTTGAGGAAAGAGATTGCCAGAATTCTTACGGAGTTGCACCAAAGAGAGATTAATGTTAAGAAATAGTGCTTATGGATCAAGAGAAAACAACAAAAAGGAAAGTCTTGTCTGGGGTTGTGGTTTCAGACAAAATGAAAGACACAATCGTTGTTAAAGTTCAGCGTTTTGTTAAACATCCTAAATTTGGTAAATACGTTAAGATAAACAAGAAGTTTAAAGCCCACGATGCTGGTAATAGTAAAAAAATTGGAGACAAGGTTTCAATTGAAGAATGCCGTCCAATTAGTAAAGACAAGCATTTCAAAGTAATTTAAGTTCTGTCGTTTAAAACCACTGGTTTCAAATCATAGAATCCGAAATTTAAAATTAAAACATGCTTCAACCTCGTTCAATCGTAAATATCACCGACAATTCCGGCGCCAAAATCGGCCGAGTTTTTAAGATTTTAGGTGGTTCTAAAAGAAGATATGCGCAGATTGGAGATGTTTTGGTTTTATCAGTTCAGAAAGCCGAACCAAGAAAGGCGGTCAAGAAAAAGGATGTTTTGAGAGCAGTGGTTGTTAGGCAGAAGAAACCTTATCGACGCTCTGATGGGTCATATGTGCGTTTTGACGATAATGCAGTAGTTATTTTAGAGAAAGAGAAGAATGAGCCAATTGCCGGACGCGTATTCGGTCCGATTCCAAGAGAGATAGGTGAAAGAGGATTTCAAAAGATTGTTTCTTTGGCACCGGAAATCGTATAACACAAGTTGCCAAGAATATTTGTAATATGAAAATAAAAAAAGGAGACACAGTAAAAATAATTGCCGGAAAAGATAAAGGAAAATCGGGAAAAGTTGAAAGGGTTTTAACCGACAACAATAAAGTAATTATCCCGGGCCTTAACTTGTTTAAGTCGCACCAAAGACCAAAAAAACAAGGTCAAAAAGGGCAGATGGTTGATAAAAGTATGCCAATTCATATTTCCAATGTTATGTTTGTGGATCCTAAAAGCCAGAAACCTACAAGAATCGGAAAACGTTCAGAAAATGGCCGAATGAAAAGATATGCCAAAAAAAGCGGGCAATTAATTGATTAGTTAAAAGATTATGACTCAAATTGCGCAAAAATTGGAAAAGACCTTTGAAGCTTTGAAGCCAGCTATGGGCTATCAAGGCCAGATGCAAGCGCCTCGGTTAGAGAAGGTGGTTTTGAGTGTCGGCGTTGGATCTGTAAAAGACAAGAAGAAGCTTGAGGTTATTGAAGATCGATTAGCAAAAATAACTGGTCAAAAACCATCTCCTAGACCAGCAAAGATTTCTATAGCTAATTTTAAATCAAGACAAGGTGAAATTGTTGGTTACCAGATTACTTTAAGGGGTAAGAGAATGATAGATTTTTTGGAGAGATTTATCAGAATAGCCCTGCCTCGCTCCAAAGATTTCAAAGGTATTTCCTCTGATTTTCTTGACGATATAGGCAATTTGACTATCGGCATTAAAGAACACACCATTTTTCCTGAAACTTCTGATGAAGATATAAAGGATGTTTTTGGTTTGGCAGTGACGATTGTAACTACAGCCAAAAATAAGCCAGAAGCCGAAGCGTTTTTCAGACACCTCGGTTTACCTTTTAAAAAATAGGGATTGGGGTATAGCCAATAGTTCGGGTTTGTTGATTTATCAAATTGAGAATTTTTGATTTCGCATCATTCTGCGCAAAATTTTTATTGACAAATAAATTAGTTATGATAGAATAGAAAAGGATGTTATTTTACATTGTCGTTGCAAACGGGCAGGAAAATGTGTCTTAAGGACTCATTTTCCTGCCTGTGTTGGGCTGGATTTCCCGAAAGTGTCGACGGGCCAAGGGGAACTTGGAAAATCGACACAAGTATCTTCGCCTCCAGGTGAGGCAAGGAGAAAGTCATGAGGTATCTCAGTGAGAAGCGTCGTCAGCGGTTCGCCCGGGAATTTCCGGGGTTGGATCAGATCCCCGGTTTCAAATGGGCGTCGATCAAGAAGTTCGACGTCCAGCGTGTCAGTCCGTTCCTTCTTCAGGGAGGAGGGATTATCATGGATGATCACAGAACGGTCTTCTACGTTGTCTACAATGGAGCGATGACGCGCCTGGATGCCAATGTGATCTTCGATCCTTCCTCTGATCGGCGGCCGAGCATTTACGTGCGGTCTAATGGAGAGCAGATTTTTCAGATCAGTTCCAGACCGCCAGACTTCATCGTTGAGATCCGCAGCGAATGGGATTCCCACGGTAATTCCATTGATGTCTGCATTATCTACAAGGCCGACAAGTTCGACTGGGATGGATACTTCAAGCGTTTCGAGCCTGGACCGGAGAAGTTCGAGCAGTTCGTCTGATGACAGCCAGCAACGGCAAAACGTTCTCGATTGACGTCTAAACAATCGAAGCCCCGACCATCTGGCCGGGGTTTTCTTTTGTATTTTCCTAAACCCTACACCCCAAACCCTAAACCTCACTGGCTATACCCCAGACCCTATACCCTAATTTAAGACCTACGGCAAGGTTAAACCTCCCAGAGAAAATACTGCTTAACAAAGCGATATTTTTCTTACACCTAATTGTCAAGGTTTAACCTTGACAGTGCTTACGCCTTTATTTTTCTTGACATTGCAATTAAATTGTACTATCCTTAAAAAGGATACGGAAAAACATGTGGTTTTCCGACAAAGTTTGTCATCCGGTTTGCCTAGCTCCATGTAGGAGTTAGCGCTGAAATAGTCAAGAGACAAAAGGAGATAAAGATGAAGAATCTGTGGATTTGTACGACCAGGATCTTTCTGTTTCAGATCTTGGTTGGTGGAGTGACGTTCGGTATGACCGGCGATGTTGCACTTGCGGCTACCGCGGTCATCATCATGACCGCCGCCGCGGTCATTGTCACCGCCCTCTCTGCAATCTCCACAACCGCCACCTACGCTGATCTTTTAACCACTCTTGCCGCTCTCATCGCCGCCTTCGCTGCCCATGCCGCTCTCATCGCCGCTTTCGCCTTCATCGAACTCGCCGCCTTCGTCATCGCCGCCCTCGTCTTCGTCATCGCCAAAAACGCGAGGGAAAACGGAGCCAAGGAGCCGTTCTGGGCTCTGTGGCTGACGGCATTGCCGGCCGGTGTCGGTACGATTATCGGCGGTTCGTACCTGCTTGCCTTGCGCTTGCAGGGCCGGAGGACAACAACCGCTTGATGAGCCATACCCCCGCGTCCATGTGACGCGGGGTTTTTCTATTCTATTTCTGTCCCCACATTTTCAAACCATCTAAACCCTATACCCCAGCAGACCCTATACCCTAATTTGACATAAATCTCCTTTCTGCTATTCTTTTACAAGCTCACCAAGAGCTATTTTAATTAGGGTTAGGAGTTTTGAATTTCCCTAAACCCTAAACCCTAGTCGCTAAACCCTAGTTCTCATGGCCACTAAAGCCCAAATTGCAAAATCAAAGAAAAAACCAAAGTTTCAAACCCGAACTGTTCGGCGTTGTTTTAAGTGTGGTCGTTGCAGGGGTTATATGAGAGATTTTGACCTCTGCCGAATTTGTTTTAGGGAGTTTGC
CP129473.1_gap16	618495	620458	1963	CGTTCGAGACGTGGTGGAATTGGCAGGAATAAAGAATATAAATTCTAAGGTTGTCTCCGGTAGCAAAAATAAGCTAAATAATGCCAAAGCGGCAATAGAAGCATTAGTTCAGTTTCAAGGTTAGATTTGAAATAAATTAAACACTATGCAGTTACACAACTTAAAACCAAAAACCAAAAACAAAAAATCCCGCCAGGTTGGACGTGGAGGTAAGAGAGGAAAAACCTCCGGTCGTGGTATGAAGGGGCAAAAAGCTCGAGCCGGTCGCAAATTAAGACCGGAAGTTAGAGATTTGATAAAGCGTTTGCCTAAAAAAAGAGGTTATAGATTCAAGAGTTTTCAGATCAAGCCCGTAATTATTTCTCTACAAGATATAGAAGACAATTTTTCATCTGGCGAAGAGGTTAGTCCTGATTCTTTATCTAAGAAAAATTTGATTACCAGAAAAGATTTGGAGATTGGAGTAAAAGTCTTGTCTGATGGTAAACTAACTAAAAAGATTGTTCTGTCCGGATGTTTGTTTTCCAGTTCTGCAAAGTCTGCAATTGAGAAAGCCGGAGGCGAGGTAAAATAAAAATATGAGCGGATTTAGCACAAAGTTAAAACTCATCTTCCAAGATAGGATTTTGAGAAAAAGAATATTTTTTGTCCTTGGGGCTTTAGTAGTCTTCAGGATGCTGGCATCCATCCCCATCCCCGGAGTTGACGCTTTTCAGTTAGAGAGGTTTTTTTCTGACAATCAATTTCTGGGTCTTTTGAACATTTTTTCCGGTGGTGGTTTGGCCAATCTTTCGATTGTGATGCTTGGTGTTGCGCCTTATATTACCGCTTCTATTATTATGCAGCTTCTGACCATTATGTCGCCCAAACTTAAAGCCATGTATCAGGAGGAGGGGGACGCGGGCAGGAAAAAATTTAATCAGTATTCAAGATTTTTGACCGTGCCTCTTGCTTTTATTCAAGGTTTTGGTTTTTTGGCTTTTCTTCGCTCACAGGGCGTGCTTGCGGAAATGACTTTAACTGATCAGTTGGTGAACGTTTTGATTATTGCCGCCGGTTCAATTTTGCTTATGTGGATTGGTGAATTAATTTCGGAGTTTGGTATTGGTAACGGAGTTTCAATATTAATTTTTGCCGGTATTGTCGCCGTCCTACCTTCAACTATTACCCAGCTCTTGTTTACTTTCGAAATATCGCAATTACCAATTTATCTTGCCGCCTTTGTTGCCGCTCTAGCGATAACTTACGGTGTGGTCTTTATTACTGAAGCCGAGAGGCCAATCCCAATTACTTATAGCAAGAGAATCAGGGGCTCTCGAGTCTTCGGTGGAGTTTCAACTTATTTACCGCTACGTTTGAATCAAGCTGGAGTAATTCCGATTATCTTTGCGCTCTCTATTCTTCTTTTCCCGCAAATGGTCTTAAATTTTCTAGGTAGTATTGATAATTTGACAGTTCAAAATATTTCTCAAATTCTTTTGAGAATTGTTGAACAGCCGTGGATTTACGCGACAGTCTATTTTGGTCTGGTTTTCCTCTTCACCTATTTTTATACTGCTGTAACTTTTGACCCGAATACGACCGCGACTCATTTGCAGAAGAGTGGAGCTTTTATCCCCGGAGTTCGTCCCGGAGAAAACACTTCTTCTTATGTCGGAAAGATTTTAACTCGCCTGACTTTGGTTGGCGCCTCGTTTTTGGGTATTATCGCTGTTCTACCCCTTGTTATGGTGGCTTTAACCGACATCACCGCTTTTGCTATCGGTGGCACAGGCCTTCTGATTGTTGTTTCGGTTGTGATTGATTTGATAAAGAAAATCGAAGCCCAGATAACAGCAAGAGAATATTAAAAGATGCAAATGCGAACACGAACTTTCATGTTTTTTGGCCCGTCTGGCTCTGGCAAAGGCACACAAGCCAAGCTCTTGATAGATTTTTTGGAAAATAAACAGGGACGGAAAGT
CP129473.1_gap17	621549	622256	707	AAATTGGTATGGTTTTAGCGATTGAGCCAATGCTTTGTCTTGGCAGTGGTGAGATTTCTCTGGAAAAAGATGGATTTACTATTAGCACCAAAGACAAATCCCTTTGCGCTCATTTTGAACATACAATTGCGATTACCGAAAAAGGCCCGGAGGTGTTGACTTGTTGAAGTTCGCGATTTTGCTATTTTTAGTAAATTCTTCTATACTTTTTGCATTATCAACTACAGACTGTTAGCTACAAATTAATTTACTATGCACCCAAGCAAAGAAAAAACACTAGTTATCATTAAGCCCGATGGAATTCAGAGGACTTTGATCGGCGAGATTATTGGACGATATGAAAGAATCGGCTTAAAGCTCGTTGGGCTCAAAATTGTGGTGCCGAAAGAAGATCAAGTTCACGCTCACTACACAGTTGATCCGGAATGGATTCAAAAAACTGGTGAAAAGGCGATTTCGGCTTATGAGAAGAAAGGGCAAACTCCTCCCTCAACAGATCCGATGGAAGTCGGCAACAAAGTTTTGGAAAATTTGAAAAAATATTTAACATCCGGCCCGGTTGTGGCAATGGTTTGGCAAGGCGCTCATGCGGTTGAGGTTGTTCGAAAAATTACTGGAGGCACGGAACCCCGTTCAAGCGATGTCGGCACCATCCGAGGCGATTTTGTATTGGATTCATATCAAATGGCTGACACTGACGGCCGAGC
CP129473.1_gap18	631973	635022	3049	TCTAATTTTTAATCTATATTAATTATGAAAAAATTACTTAAATTTTCATCAGGTTTGGCGATTGTAGCCGGCATAGCAATGGTTGTCGCCGGTATTTGGGGAATTTGTTTTACTTATAAAAATATTTCGGCAGAAAATATTATTACGCCGTCCGACGCTAGGATTCCGGAAGTAGTAGTGCGAGGACCGCTGACCTTAAAAGCTCAAGCCGATATTATACGTGAGCATACTTTGCGGATGACAGACGGAAAAACTTATGCGGAGATGCCAAGACTTGTGCCAAGACTTGATACTAAAGGCCGTCCGGTTTTAAACGAAGAAGGTGAGCCGGTTATGGTCCCTAACGAAGCTCGAAACATTTGGATTACCGCCACAGCTCTCATCACTGCTCTTCATTTGGGAATTTTAACCTATGTTTTTTCCGGACTGATTTTACTACTCGGACTGATTTCAATTTGGACTGGAATTATTTTTTGTCTGCTTTCTAGGAGGGGTTTTTAATTTTCTTTAAATGGATTCAAAAAATAAAAAAATTATAAAGGCTCCTCAGGGCAAAGCCACAGGGTATTGTCAGAACTCGCTTTACTCGTTCATTCGCGCGACAGAGCTGCGCAGTATTGAACCTATATTAGCTCCTCGGCCGTTGGCACGATGGAGTCGGCCTTTGGCCAGACGAAGTCGGCCGTCGGCACGATGGAGTCGGCCTTTGGCCAGACGAAGTCGGCTCGGAAATGTGAAAGCTTTGCTTTCCCATTTCTCTCGCTCTACGTCGCTAATAAAATTTTTAACTATTGCAATCGTCGCTTTTCTTTTTGCGCGTCTGGCTTTAAACCTGCCTCTTGTTTATTTGCCTCTAAATTTGTTTTTTGTTTCAAGCTATCTTTTGTTGTTTGCCTTGCTTCAGAAAAATTCCGCATGGTTTTTGTTTCTTCTGGCTATCTTCTTGTCGGTTGATTCAATGTTTGGCACTTATTTTTTTGCCGGCGGTCGCATTGGTCAGATTGAATATTTTGGTACAATGGCTGTTAATTTATTATTTACCACCTTTGGTATTTGGCGAGACAGGTTAAAATATTCCAGTTAATCAGCTAAAAAGTCGAGATTACTCGCTTTCTTTTAGTTATGTTAAAATTAAAAATATGAAAAAAAATAACGCGTTTTTGTGGGTTGGTTTTGGAGTTTTTATTATTGCTTCAGTGTTTGGAATTATTTTTTTGGGTGCTAAGACGGACAAATCCTCCGGCTTGGTTTCTCGTGAGCCACAGCCGATTAGCGCATCTGATTGGATAAATGGTGAGATGTCGGCCGAGGTTGTGATTATAGAATATTCTGATTTTGAGTGCCCTGCCTGTGCTTCTTATTTCCCAATCCTAAAAGATTTGAAAGAGAAGTTCGGTTCGCAAATCGCAGTTGTTTATAGACATTTTCCTCTTACACAAATTCACAGAAATGCGGAGCTCGCCTCGTTGGCATCAGAAGCGGCTGGCCGTCAGGGGAAGTTTTGGGAAATGCATGATTTATTGTTTGAAAACCAGAGAAATTGGTCTGCCAATTTCGGGGCTAAAGAAATTTTCATCGGTTATGCACAGCAATTACAACTTGATGAAGAACAATTCATAAATGACCTTGACGCGAAAGACTTGCAAGATAAAGTTTCTGCTAGTTATAGAGAGGGGGTTTCAATTGGTATTGCCGGCACCCCAACTTTTTTCTTGAACGGAGAAAAAATTTCCAACCCGCGCGGTTATGAAGAATTTGAAAGAGTTATTTCTGAAAAATTAAATCAATGACAAAAAGTATAAAGATTGCTGTTGTTATATTTTTAGTGGTAGGTGTTATTGGTTTTCTTGACGCGACTTATCTTACGGTTGAGCATTATCGTGGCAATATTCCGCCGTGCACGATTCAGGGCTGTGAAGTTGTTTTGACGAGTGAACAAAGCAAAATTTTTGGCGTTCCGGTCGCTCTTCTGGGCGCTTTGTATTACTTGGTCATTTTGATCTTGTCTGTCAGTTTTCTTGATGGTAAGAAAGAGGGGGTTATTAGATTTGCTTCTCGGCTTACTTTTTTAGGGTTTATTGCTTCGGTATATTTTGTTTATCTTCAGTTTTTTGTTATTGGAGAGATTTGTCAGTATTGCATGATTTCGGCCGGCACCTCAACCCTTCTTTTTGTTTTAGGAATTTATATTTTAATTAAAACTCGCCAGAGCAAGGTGGTGCAATATTAGTTATACCAATTAACAAAAATCAGCTCTGTTAAAACAGGGCTGATTTTTGTACAAATGGAGATGGCGAGAATCGAACTCGCGTGCAAAAGGTGATTAAATGTACTTCTACAAGGCATAGTTCGTTTTTTCCGCTTACAGCGGATTTAAATGAACAAGCTTTAAAACAAACAAAACACTTATTCACCGAGCCCCATAAGTTTCGAAAATTGAATGAGACAATTCAATCTCTATCCCGACCCGCGCTACGCCGAAAGCTTCGGCGAGGCGAGAAATATTACACCTCTAACTCTTTATCGGAAGTCGAAAGAAGAGATGTCGCTCGAGCTTTATTAAGCGTGAGCGAAAGCAAATTGGTTGGCCCCGAAATACGGAGATACAACTGATTTTGCTTTTGCAACTAAGTTGTTTGCACTTAGAAGTTTCCAAGCTTTTTGAGAGTTCTTGGAGCTCTACCTTGCGCGCAGACAATCAGTCTTTTGTCTAGACCGATCATCCCCAAATATGAGGCTCTAGGGCATTAGACCCTAGGCTCTAGGAAAATTCTGTTTTCTCCTAAGGCCTAGCGCCTAATCCGCCAGCTGGCGGACCTAATGCCTATCTGTCAAAGATCTTTCAATTCGCGTTGGGTGTCGCGCAGAGTATCGCGCTTTTTTATATCCTCACGCTTGTCGTATTTCTTCTTTCCTTTTGCGACAGCCAACTCAAGCTTGATTTTGTTGCCTTTAGTATATACTGAAATTGGCACTATTGTCAACCCTTTTTGCTTTTCAAGGCCGGCAAACCTAGCAATCTCTTTTTTGGTTAAGAGTAGCTTTCTCT
CP129473.1_gap19	674282	677105	2823	TCGAGATTTTGCGAATCAACTGATTGTATTGTTTGTTCAAGATATTGGCGTCTATTTAGAAACCTCTGATCTCCAGACCGAGAATAATATGTGGTAATTAGAATCATAAAGAATTGATAATTTTCTCAAGCAACTTTTCTAGATATTCAAGGTGCCCAGAAAAATCAGAGTCAGATGTGTGAGGATTTCCTATTGTAACCCCCAGAACACGCAATTTTTGCTTACTAGGAATAATTTTCTCCGTGACATCGATAATGTCAAAAGTGTGTATGCACATGTAGCCCTCCGTATACGTCAGATTGTGAAGTGATTGGTTGATTTGGTTTATTAATGAAGAGTCGAAAGTGATGTCTGGATAGTGTGATTGAAGTTTTTCTGGTGAAATAGAGAAAACTACACTATTTAGCTCAACATTATTAAGAGCGATGAAGTACTTCGATTCATTCATTGTTATAGACCACTTTTTTGCTAGGCTGAAGCGGTAATCCACCAACTCTCCCACACCATCAACACCAAGATGCTTCATGAAGAACCATAATTTTAAACTATCGAATGGTCTGCTCCCTAAAAATGGTGTTATCTGCCCCAAATCAAATGAACCCTTTTGAATAGTAATATCTGTGGATTTACTAATCAGCTGAAGGTCGGCTAGATCTCTAAAGAGTATTGCGCTTGAGGAATATGGTATACCCAACCCCTTGTGTGGATCGATACTGATTGAATCAGCCATTTCAATTCCTTGCATTTTCGCCTTTAAATTTTTTGAAAACAAGGCCACACCGCCATGACACGCATCGACATGTAGCCATACACTATGTTTTCTTGTAATCAGTGCTATTTTCTCAAAATTTTCGATGGTAGTTGTTCTCGAATCACCAGCTTGTGCTACCACCGCAACTACTTTTGATGTTTTACTATTGTTGTATGTAACGAGCTTTGTTTCCAAATCATCATAATCAAGACGGTAATCATTAAGCATATTTATCTTCACAATATTCTCTTCCCCCAAACCGAGCCACCAGAATGCGGCTATATGAGAATAATGATAAATGGTATCGCCGGTAATGAGTAAGATCGGCTTTATATTTGATTCTGTTAAACCTTGCTTTCGTGATTCTGGAAAAACCTTACAACGAGCAACTAAAAGTCCGATGGTATTTGCAAGAGTACCACCAGTAACCATCACTCCTCCCACATCCAAAGCATTTCCAGGGATTTCTTTTGGATTCGCAAAACCAATAAGCTGGCGAAGCCAGTGAATAACCTGCACTTCGACAAAAGTCCCGGTTGGTGCGCTCTTAGCAGTTGCTATAAGATTCTGATTTGTAAAACACTCTAAAATACTTGCCGCCAATGCGGATGTGGCATTTCCAGAATCAGGAAAAGCTAAATAATTTGGAGATGATTGTCTTATTGAACCATCAAGTATTTTTGTTTGATATTCTGATATAACTTGCTCCAAAGCCTGACCTTTCTCAGGGATATTCTCTAACAGATTTGCTTGAACTTTTTGTTCCGGATAAAAATTTAAAACTTTATGGTGATTATTGGTAATAAAATCAACACCGATATCTAAGCACTTTCTAAAAACCTTTTCCCCATATTCCTTGCCAATATCGCCAAGAAACTTACTCTTTAAATCAAACTCAGATTTATCTGTTAATCTATTTAATGAGTTGATAGCATTGGATCTTCGCACGGTATATTTGTTTTCTGAAATAAGCACTAAGCCCTGCTGTTCGAGTTTCGATAGTATCAGCGGTAGATGCCTATCCAGATATTGTCTCGTGTAATTTGTATTGCAGAAACCCAAATATTCTTTGCCCTCATCTAATAATCGGGTTATTATTTCTTGCTGATCAAAAGTATCTTTGCTACCGGATAACAACAGTAACAGTATGATAGATTGAAGACATCTGGTTTTTAATTCCTCAAAACTTGCCGGGTCGCCTATAATCAACTGACTGGGACCAGCGCAAGCACTCAACCATTGTCTATACTCGTTGAATGTTGTCCACTCATTCGCGGCAAGAGGTAAAATCTCTACATGTTTTTGATCGTAAGTAAATCCGTATCCAGCTATTGCTTTTTCCAACTCAGAACGAGTAATAAACTCACCCGGGTAATGTTCATCAGGAATAAGTGCATAATCAACGTGAAACTGGATAAAGAATTCCTTAAACTCGTCAACCTTAGATTGAATTAAACTTCCGTCTTTGAAGATAAGTAATAAATCAATATCACTCGCTGGTTTGTTCTCAAGGCGAGCTCGGGAACCAAAAATAACTGCATATTCAACCTCAGTCGGAAACTGTTCCATTATCTTATTCGAAAGAGTATGGATTAATTCGTCTTGATTTTCTATGTTGAACATCATAGTATTTATTTATGCAATTCACTATTTAACTTCTCGACGAGAAACCCATGTAGATGGCCGTTACTTAAAATAGCTCCTTTTATTGGACAATCATAACGTTGATCTTCACCAAATAAGTCCGTTACCTTACCACCAGCCTCTTCAATAATAATCTTTAGTGGAGCAATATCGTACAAAGTATCCCACCAAAATATCACCGCATCCGCTTTCCCCATAGCCAGATAAGAGCAGTGTTCTGAAAAAGAATAGAAATCAAGATAATACTTCGCGTCTTTTATAATATCTTTAATGAATGCACTGGGGGCATATAGTGCATTTTTATCATACAGACCAAAAATCTTTGCATCGCTAATGGATCTAGTATCTGATATAAATATTTGATCGCATTTTTGATAGTTAGTGATTTTAGTCTTAAACGCACCACCACCCTTAAACGCAAAAAGTAT
CP129473.1_gap20	691269	691769	500	ATTTATGATTAAAAAATCATTAACAAAGGCACTTTTGGCGGAGCTGTATATTGTGGTTATAGTGTCGGTTATTCAATATACCGAAAAAATGACTGAATTGCCTGAAACAATACTTATTCCTATGGTTATGCTATCGCTTTTTGTTATTTCTGCCGCAGTGATGGCTTATCTTTTTGTTGCAGAGCCGATTCTCCTTTACATTGACGGACAAAAGAAACAAGCCGTAAATCTTTTCCTCTCCACAGTTGGAATGTTTGCCCTGATAACATTCTTAATTTCTCTCACTCTCTTTTTCTTGTTTTAAGATATGTTAATATAAAGATATTAATAACTTGATAAAATTAAAATACCCAGTAAACCAACAAATAACACTCCGGGAGGAATTTTTGGTCGGGGAAATTATAAGAGCGCAAGAGGTTTCAATAAGGCCTTAAAGGGAGCAGTTGGAAGTACAAATAAAAACAAAGCAAATTTAATTTCTGGTCACTTAGAAGGAAAAA
