gap_id	start	end	length	sequence
CP121689.1_gap1	11524	12310	786	AACGGGAACGGTTTGAATGCCCCGGTAGTGCTCCTCCCCTCCAGGCAGGATTTCCCTAAGCGCTTTGAGCGGGAGTAGTCTGCGCTCATGGTGCCGGAGCGGGGCCAGGATCTTTTTCCATACCACCTTGCGGTATAGCGTGGTAAACCTGTTGATGCTCTCGAACTGGTCGATTGCGCTGGCCATCTTTCTTTTATTTTATCCTTTTCTGGGTTTTGAGGAAACTTTTATTTCCAGATTCAGCTTGTTCGGAATGGCGTTTTCTGCTATGGTATAGGCAGTTTAAGGGATGGAGGGGAAGCGATGAAGCGTTCAGGCTGGGTTCTGGGTCTTGTGCTTTTTTTGATTTTCCTTTTTGCAGGTGGTGCTTACGCCAAAAGTTACTATCACCCCCGCATTGTGCAGTCTTTTTTGCTGCTTGACGACGGCGATGTCGAGGTAACCGAGGACCGCTACTTCTCCTTTGAGGGGAGCTTTTCCTGGGCGGAGCTGCGCATCCTGCGCAAAGGGGTGGAGGATATCCAGTTTGAGGGAGTCTGGGATGCTCAAAGCGGAGAGCCTCTGCCCCATGAGATTTTGCGCGAGGCGGGCTCGGTGGGTATCCGCTGGTCGTACCGGGCGCAGGATGAGGTGCGCGCTTTCCGCATCAAGTACCTGCTTAAAGGGGCTGTTACCTGCTACCAGGACGTAGCCCAGTTTTACTGGAAAGTGATTGAGGACCAGCACGCAGCCATTTTAGAGCTCGAGAGCACCTTTACCCTTCCCCGGCCCAGCCCTGACCTTTTC
CP121689.1_gap2	36811	40903	4092	TACCACCACCATGATATCAACAATCTCTGGTTCACCAAGCTCTTCCAGTGGAACGGTTATTTGCACTGCGTTGTCAGTCACCGTTCCTCCGGTAAAGAACTGGTCCAATCCTCCCGGTTCGCGCTGATAAAAATTGCCGTTTTCCATGCGGAAGATAAAATAGTTTGCCCACTCATCGGGGTTACTGGACGGCCCGGTTAGAACGTTCTCATCGGTGTCAATGGCAAAATAGTATACGTAATCAAGCGGCGGAGAAGAAGCAAAAATTGCTGATATGGTGAGTTCGCCCCCCTCTTCCTCCCAGGAGGGTTGTTCTCCTCGAGCACATCCCATGATCCCCAGACTTATACCAAGCAGAAGAGCGAGCAATAACAACCAGGTTTTTTGAGACATTTTATTCGCCTCCCAGGCTGAATTTGTGTTCAGGGAAAGCTTTTATGGCGTATTCAATCCAGAAAGTGTCTTTTGATTGGTCGTAAAAAAGAGTAACTTCCCGGCAGTGGAGATCTCTGGTTAAGCCCACCCTAATGCTTTCTATTTTGTGGGAGCTGAAATCATAATTTCCCTGACAGTCCAGCGCCCATTCTTTACCCAGTGGCCAGCTGATTTCAAAGACCATGCCTTCCCATTCACTGTTTTCAAAGTCGTAATTTGCACGGAGCTCCACGGAATGGTTGGAGTCTTCAGTATAGCTTACGTTGATGATGCCGTCCAGAAATTGCTTTTCCAAAAAGTCGTAACCACTGCTGAAGCTCACTTCCCAGGGCTCTTTTGCAAAATGCAGGCTCAGGTCCAGAAAACTGGTTTTCCGGGTGGTGTAGTCAAAGCGAAAGGGAGTTGCTCCATCATATCCGCCGAAGCCGTAGCCCAAGCTCAAGGTGGTGTGTTCTCCAAAACTCTGCTTGAGGTTGGTTTCCACGTCGTAAGTGTAGCGAGCGAAGCCGTTACCATAAAAATCCTGAGTGAAAAGAATGACTGGCTCGAGAGTGGTATTTTCTCCCAGCTCACTTTTTCCAGTGGTTTTTAGGGAAAAACGAATCCGTTCTTCTTTCACACCAGTTGCTTGCTCGAAATAGCTTCCAATGGTAAGCGAGGGTTGGTAATAAAAGTCAGACTGACCGATTTGTTCCTTTTTTCGAGAAATACTAAGCTCAGGTTCTTTGAGCACCCGGTTTCCAAAGTCACCGGTGTAGAGGTCCTGATCCAGATCCAGAAAGCCAGTATAGGTCAGTTTGTAAGAGTACGGGTCCTGGGAGTGAGATAGGGCAAGCTCATAGTCCAGTTCCTGGTCGGTGAACTCCCCCCACTGGTGGTCCTGAGAGTAATCCAGCTTGAGGTTGGCATTGAGGTTTTTCTCAAGTTGGTAGGAAGTGTTGAGGACTGCTCTGAGTTGGTCCTCTTCAGAAGCCAGGTTCCAGTCGTAGTCAAGATTTAGCTTCATGGAGTAATCTTCTTTTTTCTGAGCGAAGGAAAAGGTTCCTGAAAAAGTATCCTGGTCGCTGCCTTGATAGTTGAGGTAATCAAGACCCAGGGTCAATGAGGCGTCGGAACTTGGCTCTCTGTAGTAATCCAGGCTCCCTTTAAGGTAATCTCTGGACCCTTCTGGCTTGTCGCGGTAATAAAGGTAGCCTTCCAGAGTCTCTTTGGGTTTTTCATGCTCTATAAAGTGGCGGACTCCCAAACCCCAGCCACTTTTTTCCCACCAGTCAAGGTACACGGTGCCGAAAGAGCCGTCGCTAACAAAGTAGTTGTAGAATAAATTCAGGTAGTAGCCACTGCTTGAGGAGTGCCCGAGCAAAGGTAGAAAAGGAAGTTGCTCTTTACGGTCCAGAAAAATGACATAGTAAGGAAGGGTGAACAGTTTTCTTCCAAAATCCCAGTATGAAAACCGAAAAAGTTCTACCTTTTTATCGGGATAAATGATTATTTTCTGAGCTTCAAAGTGGTAATGGGGTTCTTCAAGGTCGCAGCTTGTAAAAAAAGCGCCTTCGATTTTTGTTTCCTCAGGAGTTCGCTCTACTTCTTCGCCGCGGAAGTAAACAGTTCCTTCAATTCCTTCTCCCCGCAGGTCAGAGCGTACTCCATAGAGCATCCACTGGTCCTCTGCCCAGTTGTAAGCAATTTCCCGGGCGTGATAACCCTCGTCTTCGGTTCTCACCCGAACATGTCCCTGTGCAAAAAGCTTTTTATCTTTCAAGAGGATTTTGATGAAATCAGCTTCTATGGTGTATTCTCCATGCTGAATGGTACCTTTTTCCACCATGGCTTCCTCTTTTTCGGGATGGTAGATAAGCCGTTCTCCAGTTAGCTCTATGCGATCGGACTCTTCCTGGGAGAAAGATATGCTAACCATTCCCAGAAGGGAGAAAACAACAAATAGAGCCAGATAGCAAAGCTTCTTGAGGGTCATATTTTTTCCCCTGCTTACTCGATGACAAAAGTTGCTTTTATAACCCCTTCTGCATCCAGCACCTCTGAGTCGAGGTAATAAGTAGCTTTTTCTACCTGGATTTCGCGCTCTTTTTCGGTTATCAGAACATTTCCTTCAAGCACGATGCGCTCTTCTTGCTGAGTAGCTTCATCTTCAGGGTAATAAAAGACTTTGTCGGCTTTAAGGCTGATTTCTTTCCAGGTTATTTCTGCTCCGTTTTCGCTCCAGGCTTCTTCAGTTTCACCATTGAAAGAGAGTTGAGACGCTTTCCATATGATGTAGGTAGTTTCTTCATTACTTCTTTCTTTTTTGAGCAGCACTTCTCCACTGAATAGATAGATTTCTTCGTCAAAGTCTCCTTCCATTCGGGAAGCCTGGATAACGGTTTTTTCTCTGGTTACCACTACCTGACCGCTAAAGATTCCCGTGTTTTCCTGGAGGTTAAAGACCAGTTCCTGACAGGTAATCCGGTTTTGCCCTTCCACTGCCACCACATTGCCCTGGGCCAGAAAGGTCTCCTTTTGGGAATCATATTGAATTTTATCTGCTCGCTCCAGAAGAACCTCCCTTTTTTGTCCCGTTTCCTCCTGTGCAAAAGCTGTCGCACCCAAAAAGGCAAGACACAGCACCCAAATAATCCAAAAAGCCGTCAATTTGTAGCGTAATTTGAACACCTGAAACCTCTCCTTTGTCAAGCGTGTTTTTTATTATATCATTCTTGAAGGAGAGGGGGTTGAAACCGTGTCCGAAAGTAAAGCGAACTCCATTCTGGATACTCTGGAAACTGCTTTTCCCGATGCCCGGCTACTGCTCGACTTTCGAAATCCTTTTGAGCTTCTTGTGGCCACCGTTCTTGCTGCTCAGGCTCCTGATGAGCGGGTGAACCAAATTACTCCTCACCTCTTTCAGCGTTTTCCCGATGCTTTGTCCATGGCGGAAGCGCCTCTTGAGGCCATAGAAGAAGCGATAAAAACGGTGAGTTACTTTCGTCAAAAAGCGCGTTTCCTTAAAGAAATGTCAAAGGTTCTGGTGGAACGATTTGAGGGAAAGGTGCCTGCCTCCCTTGAAGAACTGGTAACTCTTCCCGGTGTAGGCAGAAAAACGGCGAACGTGGTGCTTGCCAATGCCTTCTCAATTCCAGCTCTCCCGGTGGATACCCATGTGGCCCGAGTAGCTCAACGACTGGGGCTTGCAAAAAGCAACGATGCTGAAAAAATTGAGATGGAACTCTGTGCTCAGATACCCCAGGAGCGCTGGATACGAGCCTCCCATCTTTTGGGGTTTCTTGGCCGCAGAGTATGCAAGGCCAGAAAACCCCTCTGTGAACAATGCCCGGTTACCAGATGGTGTGATTTTTTCGAGAAAAATCGCTGAAGTTTTAAAGGGGAGAAGCTTGATTTCTTTTGAGAAAGGTTAACTCTGCTTCCAGGGTTATGTGGCCTCTAATAGTTTGTGCGTCAGCGGGCAGATTGTCTTCTCCATTCTCTTCAAATTTTCCTTCTAAAAGTACATCAATTTGGTAATTCTTGAACAGCCCTTCTCCAAAAAGACGGAGCTTGCCCCAGTAGAAGGTGGTTAGGGGTAGGTCCAGGGAGTTGAGCTGATAGCAGGAAACCATCAGCACCTTCTCTCGTAAGTCGGTGTTTGAGAAAAGTCGAAAA
CP121689.1_gap3	62799	66396	3597	CAATCCTTTCCAGCCCTTTTCCAGGACCTTGGGGAAGTTTACAATAATGTGTCCATCACCGGAAGTGATGTTCCCTCTTCCCGAAATAGCTCCTATTTCTTGAGCTTTCAGCACAAAGTCAGGAATAATTTGCGTAGCTCTATCATAAAGGGTTTTCCCTTTCCAGTAAGGGATTACTTCTTTGAGGAGTATTTCTTTTGCTTTCTGGTCGATGAGAAATTTGTCCCCTGGTCTGCGGTGAAATTCATCAATTTCATTAACGATCCAATCCCAGGAGTACTCAGGAAAAATGGGTGCTCCTCGTGGTTTCGAAGCTTGGTTGCCAACCAGTAGCTCGTCCTGATATATAAAAATAGTCATTTTTTCCAGAGTGCTGGCTAATGCTTTAGCTCTCTTCAAAATTGGGGGGTCTGCTTCATTTTGCTGGTACGTTTCGGTATAAATACGAGCTCTCTCTATACAAACTTCAGGTATTGTTTCCAGCAATGCTTCACGCATAGAGCGAATTCGTTCTGACATGGTATAACCCGTTTCTAAAACGTCTAACACGGACTGGGTCATTTTGCTCACCTCACATTAAAAAACTCATAAACGTTTTCTCAGTACTTCAAAGTGGAAAAATTCAGAATGGTAGTAATCTTTCGAAAAAAGGATTGCTTGTCCTCTCGCATCATAATGAACATGTTCGAGCAACAAAAAGGGTACACTCCTTTTTAAACCCAGCTTTTTCAGGAAATCTTTATCAGGGCAGTAAGGTATTATTTTGGCTTTCGAGTAGGCAATAACTATACCTTTTTGTTCCAGTGCCTGGAAAAGCGAACCGTGCCAGTCTCCATCCGAAAAATTTGCGGTGTAGTTTTCTGGAATAATGTCTTCCAGATAAAGCAATGGTTCGTTTTCAATGCCCCTTATACGCTTTAAGAGAACGAGAGGACTTTTAAGAGGAATCCCCAGTTTTTTAGAGATAAGGGCATCAGCAAGAATTTTCTCCTTTTCCACTCTAAGAGTGACCAATTCAATTCCTGAATCCCGAGCCATTTCTGTGGCACTGCGCAACCTGGATATGTCCTTACCCAGGGATGAGGGATCTGCAATAAGAAAAGTGCCTTTCCCCTGGAGAGTTTCGAGAATGTGTGCCTGTTCCAGGCTGCGTATTGCCTCTCGTACGGTGGACCTTCCTACCGAGAAAAGAGAAGCTAAACTCTCTATGGAGGGTAACCTGCTACCTCTGGAGAGCCCTTCTCTAAATATGTAAGCAAGAATTTCTCTTTTTACCTGGCTAACCAGATTTTCTTTCACTATCATCGTTATCATATTAGCAGGTCATATGATGACTTTTAAAAGCATTTTACTGCTTTTTATTCCCTTTGTCAAATTGGGGGATTGCTTTTCTGGGATAACATCCCAAAATGTCTTTTTATGAAATTATCTCGATTTCTGAAACCAAAGCGATTTTTTAAGCTTTTTAGCAAAAGTTGTTTTTGCCCTTCGGGTATTTAGGGCTGTTTTTTCCCGGCTTAGCGTGAGCCCAAAAAGAGCGTATAACGACCGGATTGTCAGGAAATGGAAAAGGGATTATGACCAGGAATTCAGATTAGAGGTTTTCTGTTTCATTAAGAAGGAAGTTCAGGTTTTTTGAGATCGGGTTTTTCGGCTCTTTGTGGTTTCCTGGTGGAAGAAACATTTCTTTTTGGGTTTGGTAGTATATTGTTGGTTAGCACTATCTCCGTGTTTTCTGCCCTTCTATTGGTTTGGCGAAAAAATGATATAATGAACCGAAAGATGATGTACACTAAGGCGGATATTCTGGAAAAAGTACAGAGTGTGCTCAATACTCGTGAAGAAATCATCTTTGCATACCTTTTTGGTTCTTTCACCGAAGAAGTAAGCTTTCGGGATATTGATATCGCAGTGTACTGCGATGAAGAGCATCCCCGGCTACGTAACCTCTTTTACGATATTGAGCTTGCTCGGGAGCTGGAAAGCGTCCTGGGTATTCCGGTTGATCTTGTGATCCTCAATCATGCCCCCGACTACATCGTGTACCGGGCTTCTCGTGGCATTCTCATCAAAGACATGGATGAAGACTTTCGGTGTGATTTTCTCGTCCTCAGGTGGAAAACATACCTGGACTTTCAAGAGGTTCTCAAAAAGTACGCCCAGGAGTTCAAAAATGCCCATAGATAGAGAAAGGATCTTATATCTTCTGGGCGAAATCGAAAAAGGCCCTGAGTATCCTTAAAGAGTTTCAGCAGGAAGCAAAAGAAAGGATTCTTGGTGATCCAAAATCCTTGGGAGCAACCAAGTATTACTTCATCGTGGCTATAGAAAGCTGTGCCAGTGTTGGGAACCACATTATTTCCCGTGAGCACTGGGGTATTCCAGAGAGTTACGTGGATACCTTTGTTATCCTGGGACGGAAGGGTGTAGTGCCGGAAACTCTGGCACAAAACCTGGTTAACATGGCAAGATTTAGAAACCTTTTGGTCCACTTGTACTGGAAGGTAAATGATGAGAGGCTTTATGAAATCCTTCAGTCTCACCTTCAGGACATTGAGGAGTTTGTAGACTGTATAACCAGGCGGTATCTTTGAGAAAAAATATCACCATGTAGTTCATATTATGTAGGGTACTCAACAGGGGAGTATTCCGCAAAGTGTCCCTCTGGAGTTTTTCCGAAACCATTGCTCTTTCCCAGCGTAGTGTGAGTCCAAAAAGAGCGTATAACGACCGGGATTGGCAATGATCAGGAATTCAAGGTTAGGGATTTTCCGCCCCATTGAGGAGGCAAGATGGTTCTGGGCATTAGCCTTTTTGAGGGCACTGTTATAATGGGGTAGGTAAAAGGGGGTGTTATGGCTGGAAGAAATACACTGGAAGCATCGATTTTTTAACGATTCTCCACGCAAGCACGTGCTTTTAATAACCAACCATGGCTGTCATGCTCCACAAATTGTGGTTACGGTAGATACTGGGGGACAAAACATATACGTTAATAATCTGAGCAAAGCTCTGGTGAGGTTGGGTTATAAGGTAACCATTCTCAATCGTGGTGGATTCCCGCATCCGGTGACTGGAAAGATGCAAAAGGGGGTTGCCTACTATGATCGGGTGTGGGGTGATGAGGGTTTATTTTCTCGTGTTGTGTATCTCGAAGATGGTTTTCACGAATTTGTGCCCAAGGAAGAGCTGAACCTGGAACACCTGGAAAAGGAAAAGGACTTTTTTATGGAAGTGGTTAGAGAGCAGCTTGCCCTGGATTTGGAAGGTTTTCATTTTATTTCATCTCATTATTGGGATGGTGGCTTACTCGGTGTTTTGATAACGGAGGAGTTAACCAAAAGAGGTTTTTCCACGCCAGCCCATGTTTTTACTCCTCATTCTCTGGGCGTTTTAAAAAAAGAGAGGTTTCGGAATGCTTCCTCGCAGGATGTTGCCCGCTTTCGTTTTCAATACCGTATCGCTCAGGAAGAAAGGTGCATTGCTAATTCCTGTGGTGTAGTTGCCACCTCCCATGCAATTGAAAGAGCTCTGAAAAGATATCGTTCTCGCCCTAAGCGAGTTTTCTGGTTTCCTCCGGCAGTGGATACCGAAGTG
CP121689.1_gap4	76637	78210	1573	CCCTCCATATGAATTTATGACATAAACTTTGAATCCATTGAGGAGCGGAAAAGTACTGACCCAAGTAGTTTTCAAGGGCTATCATGGGAAAAATGTTTTCAGGTAATCTCCGGTATGGAAAATCTCGGGTGAGAGAAGGAAGCACAGACGCAATGGAGTTGAAAAACTGCCCCAGTTCTTCTTTTTTGCCTTCCAGCTCTTTTTCCCGTAGCACCACCTCTAATCGTACCAGACCTTTTAGAGGGTAAAGAGGGTTTGCATCAACAAGACGCGTGAAACAGAAAACTCTTACCGTATCCGATTTGTCTCCCAGATAGGCGCTCAGAAAAGGGGTGCGTTTACCGCGGTCAATCCTGAAAAGAAGGTTCATAAAATCCTCGGAAGGTGGTATTTGCAACCTTTGGATTCTTTTTACCAATCCACAAGGTCCCTTCCCACTTTCAAAAAGATGGGTGTCAAAGTGAATGGTGCCGTCCATTATGATGGGAGCATTTTTGCTAAGCAGAGAATTGACCACCTGTTTTTCCAGCTCTTGCATAGCGTTAAAAACTGCTTGCTGAGCGGTCTCCTGATAGGGAGCGTTGCGTGATTTGCGGCTTGAGGTTTTTACAAAGAAAAAAAGGTTGTCGTCTACTGCAAAGGAAGTTTCCGCTTCTCCCATATCTAGGAAAAGTTCTTCGGGGGTACCAACGACCCTGCGCAGGTGGGGAGGGTTTTGGGGTGAAAACCCCGGCTTAACTCCGCCTTCTTTTGACCATTCCACATATCCGGCAGCTACTTCTGCCAGAAGGAGGACGTAGTTTTTCAGAAACAAGCGGGCGTATATTCGCATCCTGCCGTCCACAAAATACATTCTCTCTGGGATGGAAGTGCTGATTTCTGACTCCCAATTTTTCCATTGCGTTTCATCGGCTTCCCATAAATCCGATGAAGTGAGAAGTTCTGGTTCCGAGACCATCTCTTCGTGGTGAAAAGCTCCTTCCTCATAAAACCAGTGGTCGAGCTGAACCATATTCTCAGAAAACAGTTCTTCCCAGCTTATAATTCCTCTTCGGTGGTTATCCATGAGGCTTTTCCTCCACTCACATTAAGGCGGACTGGAAAATAAGTAGCGAAAAGAGGGTCGTGGGTTACTATACCTACCAGTTTTCCGTCTTTACCCATATTTAAAATAGCATCTGCTACTAACTCCAGATGTTCTCTATCTAAGGCAGAGAAACCTTCGTCTATGAAGATACAGTTGGCTCCGCTTTTTCCACTTTCATTGCCAAAGCGCACCCGGGAAAGAGCTATGGCTAAAGCAAGAGCAATTAGCGTTTTTTCACCCCCTGAACATTCCCCAGGTGAACGTTCCTGACCTCCAAACAGGTTATCGATGACTGCCAGGGTGGCCTTTCCTCCCTCCATTTTCATGGAAACCGTGTATCTTCCCTGAGAGATGTCAGCAAGGATGGTAGAAGTTTCTTTCTCCAGCTGCTCAAAGAGCAAGCCCAGGAGAAAGTTCTTAAATCCTTTACTTTCCAGAGCTTCTTTCAAAGTTTTGTGAAGGTTTCGTTCCTGGATGATTTTTTCC
CP121689.1_gap5	88945	93136	4191	TAAGGAACGCTCCAAGGCTAAAAATAGCCGCAAGAAGTCTTCTCGTCGCAACAAAAAACGTGAACAGGCAAAGTAATTTCTGTGTTAGTGAAGATACTATTGCTGCCATAGCAACACCCTCTGGTATGGGGGCCATTGGCATTGTCAGGATGAGTGGCCCCCGGGCAATTCCCATAGCTGCCTCTATTTTCAAGACTCACTGTGGAAAAAGACTTGAGGAGTTGCAAGCCTTTCATTTTTATCTTGGCAGAATCGTAGACCCCGGGAGTCGGGAAGTTCTGGATGAAGCCTTTATAGTTATCATGCGTGCTCCTCGCAGTTACACCCGCGAAGATGTGGTTGAGTTTCAGGTTCATGGAGGGCCTTTGATTCTGCGCAAGGTACTCGAGCTTTGTCTTCGTTACGGGGCGCGACTTGCTCGTCCTGGTGAGTTTACTCTGCGCGCGTTTTTAAATGGCCGGATGGATCTTGCTCAAGCTGAAGCAGTGGCCCAAATGGTGCAAGCACGCTCTGAAAAGGCTCTTTCTGCTTTTTATCGCAGCTTGAGTGGTCAACTCAGTCAGAAGGTCAAGGGCTGGCAAGACAGGCTTTTGTTATGTCAAGCGTATATTCAAGCCTTTTGCGATTTTGCAGACGCTGTTGAAGATTCAATCGAAGAGCTGATTTGGAAAGAACTTGAAACCCTTGAGAAAGAACTTGCTGAAGAAGTGCAGAAAAGCGAGCGTTTTGCCATCTTTCAAAACGGAATTCTGGTGGTCATTGCAGGTAAACCAAACGTGGGAAAATCCAGCCTCTTCAACCTGATATGCGGTGAGGAACGGGCCATTGTAACCCCCATTCCGGGAACTACTCGTGATGTTCTCGAAGTTTCTCTGACCATAGATGGAGTGCCTTTTCGCTTTGTGGATACGGCAGGTTTCAGAAATTCACAAGACGTAATAGAAAGAATTGGTTTACAAAAAGCCGAAGAGTTTCTTGAAAAGGCGGACCTTGTGGTGTTGGTTTTCGATATGGGCCAACCTTTTGGGGAGGAAGATTTCTCGCTCGTTAAAAAACTTGCTCATAAACGGCGTATTCTGGTCTTGAATAAAAGCGATTTGTCACCTCAAATTAGCAAAGAGGATTTGAACAAACTGTGTCCTGGAGAGGAAGTCCTCGAAATTTCGGTTTTGCAGCGCAAAGGAATAGAAAAATTGTTTGAAAGGCTGGTTAACGTTGCACAACTTAATGTGGACCTTGAAGAAACTCCTCTATTGGTTACCCAGAGACAGCGTGAAATTCTTGAGGAAGCTTTGAGAATAGTTCAGGAAGCCAGGGAGACCCTGAAACAGGGCTTATCGATAGACGTAGTGGGTATTCTCCTCGAAGAGGGGTTGCAAACTCTCCGCAGGTTTACCGGAGAAGACGTCGATCAGAAACTTCTGGATGCGATTTTTTCGAACTTCTGTATTGGGAAATAACCTGTTCCACGTGGAACAATTTGTTTCAAGAAAGTGGTTTTTTCTGAGGAAGACCAGCTTTACGAGGCAAATGGGAAGGCGTAGACATGTGTTTTTCTATTTCGATTAAATAACTTTTTCTCTCTGCCCAGGGCGCATCTATCTCCCAGGTTCTTCTGAGCTTGCATCCCAGAATGTTAAGAGCTCCTTCTGCATCTTTTAGTTCCTGGAAGTAGCGAGGCCCTTTGTAAAAAAAGGCTGATTTGCCAGTTTTCAGGAAAGGGATGGTTATTTCCAGTGCGACATTTAAGGGGGCTAAAGCTTTACTCAACACGGTATCAAAATTTTCTCGCAGAGGTTTTTCTCTGGCAACATCTTCAGCTCGGGCACATATCACGCTGACATTACTCAGATTTAGTTTAGCAATTACTTCTTCCAGAAACAGGCATTTTTTGTTTTTACTCTCAAGAAGTACAAAGTGGGTTTCAGGCCTAAAAATGGCCAGAGGAATACCTGGAATACCACCACCACTTCCAACATCTATGGCTTTGCCCAGCTGGGATTTTGCGAAGGATTCCACAGCGAGAAGAGTTAGTGAATCAATAACCAAATTGATCAGTATAGCTTCTCTGTTTTTATGCGCCGAAAGGTTAAGGTTTTGGTTGACCAGATGGAAGTATTCTACGAATTCCATGGTCTTATCTATTGCTTCTTTCTCTGCGGGTACTTTTAAAATTTTCAATGCTTCAACAAGAATTTTTCTACCCTTTTGCACAACTTATCCACAATTTTTATTCAGAATATTTTTGAACAACAATTACTCTACAATAACGAAGGTACCGTGGCAAGAGTATTCTTCAAGCCTTATGAAATAAGGTTTTTTGAGGTGCTGATTTCTGGTTTTAGCGACAAGCTGTTCTCATGCTCTGAGCACAGCCTCATTTGTTCCACAAATTATCCACAGGAAAAACGCAGCACCAAAATTCTGGATTGGATTTAGAGAAATTGACAGTTACGAGGAGGTTGCGTTAAGTGTTTGCGCAATCTCACCGCTTTTTGTCTTTCTGGAACAAAAACAAAAAACAGGTTTATGATGCTTTTTATTGAAGAAGCAGGTTCTTGATTTTGGTAAGCAGGGTTCAGACCTGGTAGGGATAATTTTCCGACATCTAAAGCATCATCTGGTAGAATAAAATCCTGCTTTCAGGTGGTTTGTTTGAACTGGGTGGTTGTTCATACTTGTCAGAGGTTGGTAGTCAGAGGAAAGACGCGAGTGTGTGTTCCACGTGGAACAAGAAGTGGTGTTTCGAAGATGAGAACAGATTCTCAATGTTTTAAAGAGATTGGAGGGAGAATACGAAGTGTGCATTCGAGAAGGTGAAAGAGTGTACCTCCTTTTAGAAGATGGTAAGGATTACCTGATACGCGTTGAGAAGGACAAGGTTTTCGGCACTCACCTGGGAGGGATAGCTTTCAACGAAATTATTGGCAAAAGATTTGGAGAGCTGGTGCTTACTACTTCTGGCAGAAAAGCTTTTTTGCTCCAACCTGGCATCGTCGATAACCTGTTTCACATGAAGCGCCGGACTCAGATTGTTTACCCTAAAGACCTGGGTTTCATCGTGCTCATGCTCGACGTGAAAGAGGGAGATCGAGTAATCGATGTAGGATTAGGAAGTGGTGCGATGTGCGGAGCGCTGGCCAGGCTGGTGGGCGATGGGGGTAAAGTTTATGCTTACGAAAGGCGCGAGGAGTTTATCAAGGTTGCAGTGGAAAATCTTAGCATCTGGGGTGTTCTGGAGCGGGTGGAAATTAAAAATAAAGATATTAAAGATGGTTTTGAAGAGGAAAACATCGATGCTCTCTTTCTGGATGTTCCGCAACCCTGGGACTATCTGGAAGTTTGTTGGAGAGCGCTTCGAGGGGGCGGTAGAATTGGTATTGTTTCTCCGACTACTCCTCAAGTAGTAGCCGTACTTGAAAAATTGAAAACACTACCCTTTATACAGGTGGAAGTTTGGGAAAGCCTCTTCAGGAAGTACAAACCCAATCCAATAGCTTTCAGGCCTTACGATAGAATGGTTGCTCACACTACCTACATGATTTTTGCTCGCAAGGTGTTTTCAGAGAATCCCTAATTTTGTCTTTTCTGCTATATTATGTTAAATTTAATTGGGCCAATTTTAGATAAGAAGGAGGTAGAGAGGTGGCTGGTATTGCAGGTATTTTTGCATCAAATCAGCATGAAAAGGTAGAACAAATGCTTGACCTCATTGGGTATCGTGGTCCGGCTGGTAGAAAAGTGGTTGCATTGCCAGGAGCTACTCTGGGAGTGGTTTACAATACCGTGCAGAAGGAAGCGCGGGAGATTCTTGAAAAAGAAAATAAAGCAATTGATTGGAGAGGACCAGATCAGTTTGCCGTTGCTGCACTTGAGGATGGCTCACCACTTCTTGAGCGTGACTTTCTGGGGGTAGCTCCCCTTTATTATGCTTATGATGCCCAAGGTAACCTCTGCTTTGCGTCCGAGTTCAAAGCTCTGCGCCAGCTGAGTGACGAGGTTAAAGAACTGCCTTGTGGTAGCCGTTTTGAGAAAGGAGAAATCAAAAGTTATTTTGAACTTGAAGAAAAACCTTTTCTCAAGAGTGACGCTAAAGAGATATCTGGAAAGTTGCGCACGCTTCTTGAGGACTCAATTGCTAAAAGACTTAGTGGTGTAAGAGAGGCTGGTTCCTGGCTTTCGGGAGGGCTT
CP121689.1_gap6	138841	142886	4045	GGTCGAGCCTGAACCTTCTTTGGAAATTGTCGATGCTGGTTTACATAAAGCTTATCAGGAACGCTGCGACCTGGTTTTGTCTCTGGGTGGAGGCAGTGTCCTGGATTGCGGTAAAGCAATTGCTGGTCTCCTGGGACAAGATGAAAGCGTGGTACCTTATTTTGACGGAGTGAAGCAGCTTGAAAAACCAGGCGTTCCCTGGGTAGCCCTGCCTACTACGGCTGGGACGGGTTCAGAGATGACCAACAATGCGGTTTTGACCAACTACCACACGGGAGTCAAAAAAAGTTTCCGTAGCCCCTACCTGGTAGCCCGAATGGCCATTATTGACCCCCAGTTTACTGTTTTTTTAAATGCACGCGTTACCGCTTCGTCGGGTATTGATGCTCTGGTGCAAGCCATAGAAGCCTTCACAAGTCCTCGTACCAATCCAGTTAGTGAATTGCTGGCTCTCGAAGCGATAAGGCTAATCTGGGAATTCTTGCCCCGTGCAGTAGCACAAGGGAATGAGCGACAGTTTAGAGAACAAGTTGCCAAGGGAAGTATGATCAGTGCTATGGCTTTTGCCAATGCCTCTTCAGGTCCTGCTCATGGTCTCTCCCACATTATAGGTCCTGCTTTTGGTATTCCCCATGGTGAAGCCTGTGGATTGCTGTTCCCGGTTACCATGCGCTTTAATAAAGCAGTTCTGGGTGAAAAGTATGTTACCGTTGCCAGGGCAGTTGGCATCCGAGGTGAAAGTCAGGGAGAGGTTATAGATAATTTTGAAAGGTCTTTCAGAGGTTTGCTGGAGAAAATTGGCCTGCGTACCAGGTTGCGCGACTTTGGTGTGAAGAAAGAGATGCTTCGAGAGGTAGTCAGGGAGGAACTTATACAGCGTAGTCTCAGGGAAAACCCCCGTCCCATTGGTGTCAATGAGGCGGTAGAACTCCTTTATGAAGCCTGGTAAGGAGGGAGAAGCATGGAAAGGGTTAGAGAGACTGAAAGGTCCTATCGAAATGGCGATTGGGGTATCAAGTATCTTTTTCGTGGTCCACGTATCGACTGGGGCATTGTCTTCCTGAAGCCCGGCCAGAACATGGGAGCCCATTACCACAGGGAAGTGGAAGAAACTTTCTTCATCCTTGAGGGAGAGGGAATAATGCGGGTTAACGATGAGGAGTTTAAGGTTTCAGCAGGAGACGCAATACGCCTTGAACCCGAAGAACGTCACGATTTACGTGCCACAGAAAGTAGCTTTCTTAAAGGGATATTTATAAAAGCACCCTATCTCCCCGAGGACAAAATAAATTGTTGACCGATGGTTGACCTGGAAACTGTGGAGCAGTTTTTGGGTAGCCTCAGCTTCTGTAAGGTATGTCCTCTGGAGTGTGGCGTGAATCGGCTTCAGGGGGAAAGGGGTCGGTGCGGAACTGGTTTTTTGCCCGAGGTAGCCAGTTATCATCCTCACTTTGGAGAAGAGTCTATCCTTTCCGGGTGGGGTGGTTCGGGTACCATTTTCTTTTCAGGCTGCAATATGAAGTGTGTGTATTGCCAGAATTATTCCATCAGTCAACTGGGAGAGGGAGAGGCTATCTCTATTGAGGATCTTGCCCGAATTATGCTTGCTTTGGAGCGTATGAGATGTCACAATGTAAACCTGGTCTCTCCGAGTCACTTTGCACCGCAGATACTTAAGGCTCTGTATATTGCAAGGGAAAAAGGTTTGGGTATTCCAATTGTCTATAACACAGGGGGTTACGATAAACTGGAGACTCTGAAACTTTTTCGAGGGGTAGTTGATATTTATCTTCCTGATATGCGCTATGCAAGTGAAGAAAGTGCTCTACGCTATTCGGGTGTTCCCAATTATCCCGAGGTCAACCGTCAGGCGCTTATCGAAATGTTTAGACAGGTTGGCGAAGTGATGCTTTTAAATGGTATAGCGGTAAAGGGTTTAATAATCAGAATTTTGCTTATTCCCAGCCTGGTTGAAGAAGCACTTGAAAATCTTCGCTTTATAGCCGAAAATATTTCCAAGAAGGTACATGTTACCTTGATGCGTCAGTACCGCCCGGTTTATAAAGTTTCAGCTGGGTGCTTTCCAGAATTGAACAGCTTTATTGACGACAACACTTACCGAAAAGTAGTACGTTTTGCCCGAGAGCTGGGACTTTCGAATCTTATCTTACAGTAGTGGGGGGTTGAAGCTATGCAGGAAGCAATCAAGCAGGTTGCTCATTTTATGGCGATAGCGGCGCGTACTGCTCCCAAGACCAAGGGAGAAGATTTTGTGACTGTCAGGGTGCTGGATAAAGAGGAAACCCAAAAGCTGGGAGAGGCTATGATTAACTATGGCAAAGAAAAAGGCATTGCTGGTTTTGTGAGAGATGGGCAGAATGTTAAGGATTCAGAAGCGGTGTTGCTTCTGGGTATAAAGGATGCCACTCCGGCTGGCTTGAATTGTGGCGCCTGTGGATTTAGCTCTTGCAGTGAACTGCAACCAAAAGAAATGAAAGACTTTAAAGGACCACAGTGTATTCTGCGGGCGCTGGACCTGGGTATTGCTCTGGGTTCTGCAGTAAAGACAGCTTCTATTTTTAACGTTGACAACCGTATCATGTATCGTATTGGAGTAGTGGCTCGCTTGAGCAGAATGTGCGACGACGACCTGGTAATGGGTATTCCTCTTTCTGCCTATGGGAAGAATATTTATTTTGATAGAAAGGGATAGGTGGACATTGTGGACCTTGCTTTGCGAGTTCAGGATATCATAGGTTTGATCCTGGCAGTTTTAATCGTTGCTATTTTGATAAGCATTGTGCTGATACTTCGTGAGAGTGCCCGAGAACGGAGGATGTGGGAGGAAAGTGAGGAAGAGGATATTTTTTCTCCTCCCCGCAAGAGAAGTACCAAAAAACCTTTGTCAGAGGATTCTACTGCTTCCGAAGAGCCGACTTCGGTTGCCGGATGGAAAGGGAAAATTCTGAAAGAGCTGGAAGCTCGAAAGGCCTGGAATGCTCTTTCCCGCTCTGCAGGCCGCAAGAGTGAGGCACCCAAAGAAGAGAAGCCTCCGGAGACGGTTTTTCAACCTCTACAGGAGGAGGAAGTATCCATACCTCTTGAGCAGGAAAAACTCCAAGAAGAGAAACAACCCCAGATACCACTTGAAGAACCTATTGAGAAACCAGAACCACCCCAGGTAGTGCTGGAGCGAGCTCTTAAAAAGCTGCAGGGTCTTGGTCTGGATATTAAAGAGGCTCAGCCCTTGCTGGATGAAGAGAGTATCGTTTTTTCACCGTTGCTTTGGGAAGTGAAGGAGGAAATTCGCTCTGGTAAAGAGATGGGCAACATTGTGGTGCACACGGTGTTTAAAACTATGCCCGGTTATTCTGGCGAAGAAGTGGTTGAAATGTATCGTTCCGGTAATCTCTCTGTGGTCGAAAAGATGGAAGCCCGAATTCGTACTGCTGAAGGCAGGGAATTTCTGGTTGCCACCTTGGGGCTTGAGTATTTCCGGGTGCCGGCTCTGGAAAAAACCTTTTACGAAGGGCACTTAAGCGAGAAGGAATACGAACTTTTACGAGCCTTGAAGTTTGTTGACCGCAATACCAAGAAGGATTTTGCCCGGGTTGTGTACAGGAAAATTATGAGCGAAGAAGAATGATTCCGGTGGAAGTTACACACCGTTTGCGGGGTAAAAAAGACCTTCTTTCCAGCGGTGTTCGGTCCTGGAGTGATGAACGCAGGAAAGCCTCGGGGCTAAAGTTCTGGGTTATTCTGGCTCTTTTCTGGGGGGTCTGGTTTTTCCTGGGTTACGTCGCATATCCCTTACTTTTCAACGATTACCCTCCTTTGCGCTATCTTTCCCTCCCCTTTTGAAACTGCAATTTCCATCGAGTAGTCCCGACGGGCCTCTTTTTCGTTTTCCGGCTATGCTATAATCTAATAGATAAACCGCCTTGCACTTTTTAAAAATGGGGGTGATAACTTGAGAAACTGGTTCTGGGCTTTAATTGCCGTTGTGGCATTGATTCTTTCCATTGTAGCCCTGGTGGAGTTTAAC
CP121689.1_gap7	226680	231219	4539	CGAAGTTATGGTGGTTCACCTCAGAGATGAACGGGGAAAAGATTACGCCCAATATGTGTATCAAAAGCTGCTTCCAGGTCTTTCCTTTCAGATTTTGAAGGACTTACAGGAGGTTAAAGAGGAAGATTTTCTGAGCCTTGCCGACCGGTATTTCAAAAAAGTTGGAGAGTGGAAGTCTTTCGAAGAGGCCGAGGACATTTACCGAGCATTACTCAATCTGCGCTTTTACGAGGAAGGAGAAAAGTCAGTGGCTCATTTTCAGCTCATAGATGAAAAGGGGTTCATTTTCCCGGTGTTTATTGAAAAAGATGAAAAAGCTCAGAGAGTTTGGGAGCGCTTTCGGGAGATTACCGGTGAGGGAAGCCTAAAGCCCTGGGAGAGAAAAAAGGAACTGCTCCGAATACGCAGAGACTTTGAAGCCTATATTGTCAACGTTCGGGTGAACAAAAAAAGAGAAGCTGTTTTGTTTGAAATCATGTTTTCTGAAAACCTGGGTTATGTACCCTTTGAACGAGTAGAGGAGTTTTATAACCCGGAAACTGGCTTTCGGGTAGGCGATTCTGGGCCACAGGCGATAATGATATAGGAGGGGATTATGCAAAGGATTAACGGAACTATGATTGCCAGCTATTACGCCTGCAAGCGGGAGCTCTGGTATATGGCTCACCAAATCACTCCAGACCAGGATAACCCTTTTTTGGACCTGGGGCGCCTGGTGGAAGAAGAAAGTTACCAGGAAGAAAAAAAGAAGTTTTTAATCGGGGATGTCCTGATTGATATAGTCAGGAGCGAAGAGGGCAAGTTGATAGTTGGGGAAATAAAAAAATCAAGTCGCTCCAAAAGAAGCGGCATCATGCAGCTTTACTTTTACCTCTGGTACCTCAAGGAAAGAGGTGTGAAAGCCAGGGGTGAAGTGCTCTTCCCCCGGGAAAAGAGAAAAATACCCCTGGTTCTGAACAGAGCTATTGAGGAGGAACTCAAGCGGGCGATGCGTGAAATCGAGCTTATCATTGCTCAGGAAGTTCCTCCTCGCCGGGAAAAGATTCCTCTCTGCACACCTTGTGCTTTTAGGGATTTTTGTTTTGCATGAGTGAAAGTATTTACGCTTTTTCTCACGGGATACTCAAGAGAAAACAGAATACTCTCTTTTTTGAAAGCCAGGACGGCTCCCAGCGCTACCTGCCCGTAGAGGGAGTCCGGGATATTCACTTTTTTGGAGAGGTAACGCTTAACAAGGAAGTCCTCGAATTTTTGTCTCAAAAGTCGGTGTTACTCCATTTTTACAATCATTACGGATATTACGTGGGGAGCTTTTACCCTCGGGAACACTATAACTCTGGTTGTTTGATCTTGAGGCAAGCGGAGCATTATTTGGAACCGGAGAAAAGGCTTGTCCTGGCCCGGCAGTTTGTTCGGGGAGCGTTGCAAAACATCCAGGCCGTTTTGAAGTATTACCACCGCCGTGGTTTTGCTCTCGCTTCAGCAATTGGTCAAATGGAAAGTTTTCTTTGTGGGTTGGAAGAGCAAGACACTCCAGATGCGCTTATGGCTGTGGAGGGCAATGCCTGGGATATCTACTATCAATCTTTTGATGTTATTTTGAACGACCAGGATTTTCAGATGGAAAAAAGAACTAAAAGACCACCCGAAAATCAACTCAATTCACTGATTAGCTTTGGCAACTCTCTGCTTTATGCAGCTGTTCTTTCCGAGATATACAAAACTCACCTTGACCCCCGCATCGGTTTTTTGCATGCCACTAATTTCCGGAGGTTTTCTCTTAACCTTGATGTGGCGGAAATCTTTAAGCCGGTTATCGTAAGCCGGGTTATTTTTGCTTTGGTGAATAAAAAAGCCATTAGTTCCCGTGAGTTTGATGAACGCCTGGGTGGGCTTTATCTCAACGAGAGGGGTCGCAAGGTTTTTGTTGAGAAGTTTGAAGAAAAGATGAAAAGTACAGTGAATTACAAAAGGATTGGTCGCAAAGTTTCCTACCGCAGGTTAATCCGCCTTGAGCTTTACAAGATTGAAAAACACCTGCTTGGCGAAGAAGAATATCAGCCCCTTCTTGCAGAATGGTAAGCTATTTTGCGCATGTATGTAATCATGGTTTATGACGTGGAGGAAAAGCGAGTTAATAAGGTTCTCAAAATAGGCAGGAAGTACCTCACCTGGGTGCAGAATTCGGTTTTGGAGGGAGAAATCACCGAAGCCCGGTTGGAGCGCTTGAAGTCGGAACTTAAAAGGTGTATAAGCGAGGAGAAAGATTCGGTAATTTTTTACATTATGCGGACCACCAAGTATTCTGAGAGGCAAATTTTAGGGGTGGAAAAGGGTGGAAAGGGCAACTTTCTATGAATGTTTGTGCTTTCTGGGTTTTGCTTTACATGGCTACCCGCTTAACTCCAGAAGGTTTTTGTAAAATATCCGCTTTTTTCCCGAGTTCGAGATTGCCCTTTTTCCTATCTTGTTCCAGATTTCGGAGCTCAAGTAAAGACACACACTGTTATAAGCTTGGTTTTTTTCAGGACGCAAAGCCTACTTCCTTTTTGCTAACTTCAATCGCATGGAGCGCTTCTCCAAAGCCAAAGAAGTCGTTCAGTTTGCCGGTCTCTCTCCCCAGATTGAGCAGTCTGGAAAAAGCAGAAACCGAGCCTGGCTGAGTAAAAGAGGCAACCCTTACCTGCGCAAACTCCTCTTTCTCTGTGCCTTAACTGCTTCCCGCTACAACTCCCAGTGCCGGGCTCTCTATGAGCGGCTCCTTGGAAGAGGTAAACCCAGGAAAGTAGCTCTCGCTGCTTCAGCCAGTAAACTGTTGAGACAAGCCAATGCCTCTCTGAAAAGAGGTGTACCCTATGATCTCCATTACTTAGGAGAGAAAAGAAATGTTGGTCTTCAAAGGACTTGAAATGAAACACGGAACATCCTGAACCGGTGTCGGTTTTTTCGACACCGCCCTGAACCGGCCTTAATATTAATTAAGGCCGTGCTGAATTTATTTCAGCATCTCTTGTTTCAGGGTCTCCTTGTTATTTCAGGGTCTCTTATTTCAGGGTCTCCTTGTTTCAGGATCCCATAGTTTCAGGGTCTCTTTCAGCATCTCACGTTTTAGTCATACTTAATTGACAAATCTCCAGCTTTTGTCATGCTGAACTTGTTTCAGCATCTCCTTGTTATTTCATCATCTCATGGTTTAATCTAAACACCTGAGATTCCGAAACAAGTTCGGAATGACGGACTTCGCCGTCATCCTGAATTTATTTCAGGATCTCAGTTTTTCGGAATCTCAGCATTTCAGGATTTACTTCAGGGTCTCAGTTTTTTTCAGCATCCCCTTGTTGTTTCAGCATCTCCTTATTTCATCCCCCCTTCTTTCACGATTTTTGAACTTTTTCTCTTTCTGGAAGTCCTTTCTTTTCTTGCTTCCAATACATCGACAGAAAATGGTTCTCGAAATAGGGGTTTTGTGGCCTCTGATTGAGTTTTCATGCGGGTTTCAGGGTATTTTGGCTTCTTTGGGGCTTGTGGTGCGGGTTTGAGGGTATTTTGGGGGTTAAGGAGGGGTGATTTTTCTGTCGATGTCCGGTAACCGGAAAACCCCCGGGGATCGACAGAAAAATGAAAATGGGTTGTAAGTCTCTTGACATGGGTATTAGTTCATGTTTTAATGGTTTCAGATACGCACCTTGACAAGTGAATACCGATTTTAAAAAGCCTTTATTTATAACCCTTTTACGGGTTTGTAGCTTCCCTATAAGGGATTGAAACACTCCTCTTCTGCTTGGTCTATATCTCCAAACGCCAGTTTGTAGCTTCCCTATAAGGGATTGAAACTCCTGTGTAGAGTTTCGTTGCCAATTCCCTTGTTTCCGTTTGTAGCTTCCCTATAAGGGATTGAAACTATGAAAATAAAAGTTGGTAAAAAAGGTGCAAGCAAGTTTGTAGCTTCCCTATAAGGGATTGAAACTGTAGTGCCTCGGTGGGGCTTTCGTATTTTTTGAGCAGTTTGTAGCTTCCCTATAAGGGATTGAAACTAGAAACTGCTCGCTTGAAAACTTTGAACCCTTGCTTGTTTGTAGCTTCCCTATAAGGGATTGAAACAGGAACTGAAGGTTGTGCTTGTAGAAAATCTCCAGAAGTTTGTAGCTTCCCTATAAGGGATTGAAACCTGGAGGGCACAGAGATTACCGAAGAACTTGTGCTCACAAGTTTGTAGCTTCCCTATAAGGGATTGAAACAGGCGTGTTTGTAGAAGCTTGCTCCCGAGCGGGATCTTGTTTGTAGCTTCCCTATAAGGGATTGAAACAACAGTGGCAGGTTCAGTTCCTGCTTGTTTCGCCGATGTTTGTAGCTTCCCTATAAGGGATTGAAACCCATCTTTGGTGTTCCTATGCACAGAAGATTAAACCCGAGTTTGTAGCTTCCCTATAAGGGATTGAAACAGAAACCAGACTTTGGGGATAAAATCAATGTATACGGTTTGTAGCTTCCCTATAAGGGATTGAAACTATGTTTTCGGCGTTCCCTTGTTGCCTCTTC
CP121689.1_gap8	321723	323875	2152	ATTTTGGGTACTTTGACCAATGGGTTGGTTATTCTGAATGTTTCTTCTTTCTGGCAAGAAGTAGTTCAGGGTATTGTGTTGCTCGGTGCAGTAGGAATAGATCAGCTTCGGCAGAGAAGACGTTAGGAGGGTCAAAAAGTGAATGCTCGAGAACGCTTTCACGAAGTTATGCATTTCAACACGGAAGTGTGTGCTTTAAAGTGGGAATTTGGGTATTGGGGTGGTACTGTCGACCGCTTTTATAAGGAGGGCTTACCCCGAAAGTATTATCCTCGAGTTCCTGACAAGGTAAGCACTCCTACTGCCAGCCTTTATGTGCCTGCCTGGAATTCCATTGCTGGAAATAGCCTTCCGGAGGGTATAGCCATTACTGGTGGGGGCTTGTATTGGCCTACTCAAGGCTTTCCGCTTGATTATGATATTAGGAATTATTTTGAGATGGACAAAGGTCAGATTTTGGTTAACGTGAATCTTTTATTTTCTCCTCCTTTTGAAATTGTTATTTTGGAGGAAGATGAAGAACACCTTGTCTATCAAGACATCGATGGCGTCAAAAGGCATTTTTTGAAAACCACAGGTGTTTTACCTTCAGGTTTGGAATATCCAATTAAAGATAAGCAAAGCTGGTTAAGGCTCAAAGAAGAGCGTTTGCGCCTGGATAGCATTGAGAATCGCTTTCCGCCTAACTGGGAAGAATTACTCGTATGGTATAGAGAAAGAGATTTTCCTCTGGTTTTGGGTGGCTATCCTCATGGTCTTTTTGGGACCCTTGCTCATCTTATGGGGTACGACAAACTGTTCCTCGCTTATTATGATGACCCTGACTTGATTCACGATATGTTACAAACCTTTACTGATCTGTGGTGTGCAGTGTACGAAGAGGTGCTATCGCAAGTAGAAGTGGATGCTCTGCATATCTGGGAGGATATGTCTTTTGGAAAAGGTTCTATGATCTCCCCAGCGATCATCAAAAATTTCATGGTTCCTTATTATCGTCGTTTGACCGATTTTGTGAAGGCTAAAGGTGTTGACATTATTCTTCTTGATACTGATGGCTATTGTTTCGATATCATTCCTTTACTCTTAGAAGGTGGTATTACAGGGTTGTATCCCATTGAAGTAAGTTGTGGAATGGACCTTTTAAAAGTACGCAAGGCTTTTCCTCAACTTCAACTGCTTGGAGGTATTCCCAAGGGAGAGATTGCCAAGGGGAAAGAGAGAATTGATCAGATTTTAGAACCAGTTTGGGAAGTTCTTAAAAGCGGGGGATATATACCTTTTGGAGATCACCTTATCCCGCCTGAGGTAGGATTTAGTGAATTCACTTATTATCGGCGGAAACTTAACGAGCTGATTGAAAAATCTGGAAGATACTAAAAGTTATTGCTAAACGGAAATTGTCCAGCTTAAAAAGATTGATTTTCAAGACTTTTGGAAATATTGCCATCCCATATCATGTTTGCAGGGGATCTCTTTCGATAAATTAGATTTTGTAATCATCTTTTATTTTTGCTCTTCGAAAGATTTTTGACAAGCTCGCTCTTTTTCCCCTAAAAAAAATGGCTCTTTTGCCGATATTTAAATTCGAGGACTGTTAGAAAGGGGGATTTGCTGAAATGAGTGCTCAGGAGAGTAGTCGTCACTTTAACGAGGTACAGCTGGTGGTTTTTCAGCTGGGTAAGGAATATTACGGCGTAGATATTCATCAGGTGCAGGAAATAATTCGCTTTCAGTCGCCAACTAAAGTTCCTGGAGCGCCTTCTTTTGTCGAAGGTGTTATTAATTTGCGGGGACGGGTTATTCCGATTATAGACCTTCGTAAACGCTTCCGGTTGTCCGAAAAGGAAGTTACCAAGGATACCCGGGTTATAGTGGTTGAAGTGGCTCCTCATACAGTGGGCATGGTAGTTGATGCCGTTGATGAGGTATTGCGCATTTCTGAGGACAAAATTGAGCCTCCTTCACCCCTTATTGCTTCCATTCAGGAAGAATATATCCAGGGAGTGGGCAAGCTTGAGGACAAACTGGTGATAATTCTGGACCTTCAGAAAGTGCTCAGCAAGGAAGAAAAAGCCAAGCTCGAGGAAATTGAAGAAAACAAAGAAAATTAGGGGAGAAGCTTAAATGAAAAGAAAAAGTAGCCTTAGGGGAA
CP121689.1_gap9	468271	471611	3340	ACATCTGTCTCTATTAGAGAAAAGTTCACATTTTTTAGTTTCGAAAGTTCTCCCTCAAGCTTTTTCAGAGCGTCTCTGGAGCGATCTATTGCGTACACTTTTCCTGTTTTCCCACTATTTGTGCGGCTGGTATTGTGAAGCGTCCTGTTCCACAGCCAATATCAAGAAACACATCTCCTTTTTTCAGTCCAATTTTTCTCAGGATCTCAATTGGTTCCATCCAGAAAAAATTTTTGTTTTGCCAGGCGTGATCATGCTTCATATAGAGCACCTCTTTTAGGTGTCATACTGAAAGTAATATAAACCATCAATAAACGCAACTGTTCCCTCGTTCGTGGATATTGACAATGGTATACAATATGGTATACTTCTAAATTGACATTGGGAAAACGGGTGACCCGCATAGATTATTAATTTTACTTCGGGTTTACTCGGGATAAAAGAAGGGGGGTGGAGGCTTCAATCTGCAGGAGTTGTTCCTTCAACCCGCTTTTAGGTCGTTAAACCTACTTCAAAGGTTGTTGATTAATTAATTTTTTTCCAAAAGGAGGGAAAAGGATGAGGCGGTTATGGAGAGCAGTAGTGGTGGTGAGTTTGTTGTGCTTTGGTTTTGTCGGAGTGAGCTGGGGTATGGATTTCGATTCTTTCCTTCAGGAAGCTCAAAAAACGGGGGTTACCATTGAAAAGATCGATGAAGTAATTGCCTGGACAGGGGAATACGGTGGTAAGATGAAACCCAATGGGCCTCTGGCGGGCAAAAAAATAGGCATTCTGGTGGGTTGTGATTTTAGCGATTGGCAAGCTTACTACTTTGCCAATTTTGTAGGCGAGTTCGGAGGAATTCCACAGTTTATACTTTCTAATAACCATCTCTGGAAGGTATCCCGTGCACTCTTTGGTTCTGGTGAACCAGTTGAGCCTACTGGTAGATGGGGCCTTACCTGTACTGCTGGTTTCAGTGGATTGGGCATAAACGGCAGTAGGGTAATAACTCCTGCGGTTCTTCAGCCAGGTAAAGGTCATGTAGCCAGTCTCCCTGTGGCTAACCCCGAAGACTACGATGCCTTGATCATAATAGGTGGTTGGTCTGGCGACATAATGTATGCTGATGATGTGGCAATTAATTTCGTGAAAGCTGTGGTTGACAGGGGAATTCCTGTAGCAGCTATTGGAGAGGGAATTTTACCTTTAATCAAGGTAGGAGCTGTAAACGGGAAAAAAGTCACCGGTAATAGGGTGGTAGACTACATGCTAAAAAGAGTAGCTGATTTCAGGAATGAACCTGTAGTGGTTGATGGAAACTTAATTACTGGTAGAGACACAGTCGATGCTCCTGCTGTTTTGAGGGCTCTGTGCAAAGTTTTTGATCCTAACTTTGTAGATATCCACAAGAATATCCTTAAAGGAAAGAAAGTTATGGTTATGGTAGCAGATGACTTCGAAGATATAGAGCTTTGCTCGCCGGCCCTTGAATTCATGTATCGTGGAGCGGAACTTGTTGTTGGCCTGTTCAAGCCCTATATCCAGTCTCGGCCACCACTGGTGGGTCTGGATGTTAGGATTGGGAACTTTGGAGTGAGCATTCCTTTCCAGGAGATACCCGATAGCTATTACAAGATTATAAAAGCAGAAGACCTCAAAATGAGCGATTTTGATCTTCTCTGGATACCTGGAGCTATGAATCCGTTGCATATTGCTGCACTGCATCGTGACTTTCTCAAGGATGCCTATAATGCAGGCAAAATCGTAGCTGTTATCTGTCACGGACCTATACCGGCAGCGGCAGCAGATCTGGTAGCAGGCAGGTCGGTCGCAGGTTGGTTAGCCTGTACCAGCTCTATTGAACTGTGTGGTGGTAAGTTCATGCCTGATTGGGCTGCAGCCATTGATGGACGGTTGGTAAGTGGTCGTACTCCTCCAGAGGTGCCGGAGTTTGTTGATGCCTGCACCGCAGCATTGCTCAGAAAATAATATTTCAGCAAAGTAGTTTATTTTGGTTTAGCAAAAAGGAGCTGCTAAATAAGCAGCTCCTTTTGTATGATTTTATCGTTTGGCGTCTGCGCGAGAATTTTTCCCACATCTTAATTGTTTTGACTGCTTGGAAACCTGCCAGAATTGTTTTCTTGAGCTTGAAGCTTTCCTGTAACGATGTTAGTATAGAAGCGTCATTTACCTGCTGAGGATGCTTTGGTATTGTCTGGAGACGGGGGGTATGAAGTGTGGATCAGAATGTGATAAAAATTCTTTGTGCACATGGCGTTCCGGAAGAAATGAAAAAACGTTTGGCCGAAATTGGCCAGGTTTTTTCCTTAAACTCCCACGATGAGGTGGAGATTAAAGAGGCCATTCGGGATAAGCACGTTTTTGTGGTGCGTTCCAAGCCCAGAGTTACCAGGGATATTATTGAGAGCGCTTCCCAGCTTAAGGTTGTGGCTCGTCCCGGTGTGGGCATTGACAACATTGATCAGGAAGCCTGCCGGGAAAAGGGCATAAGAATAATCAACACTCCAGAAGCTTCTACTTCCAGCGTGGCAGAGCTTACCATTGGTTTGGCCATTGCTCTTTTGAGGCGTATTTACTACGGGTGTAATCTTTTGAAGCGTGGCGAATGGGTTAAGGGTAAATGTACGGGGCGCACCATTGAGGGCAAGACCTGGGGAGTCATCGGATTTGGAGGTATCGGACGCCGTGTGGCGGAACTGGTAAAGGCTTTTGGTGCCGAAGTATATGCCTATGACCCTTACGTTGAAGAAGGTGTATTTGTTGAAAAGGGTGTCAGGAGAGCGCTTAGCCTTAATGAGCTTTTAGCTAAAAGTGACATTGTCTCTCTCCATGTTGTACTTAACCAGGAGACGGAGAACATGATTTCTGAGGAAGCAATTTCCAAAATGAAAAGAGGTGCTTATCTCATTAATACTTCTCGTGGCAAGGTTGTTGATCAGAAAGCTCTTTATCAGGCTCTCCTCTCTGGCCAGCTGGGTGGTGTTGCTCTGGATGTTTATGATACAGAACCACCTACGGATCAAGAGTTGTTGGGTCTTGAAAACGTGATTTGCACTCCTCATATTGGTGGTAATACTGAAGAGGTTTTCGTGCGGGCGACTGATATTTTGATCGTAAAGCTAAAAGAAGTCCTGGGTCTGAGTGGGGGACAGCCCTTGGGTTATTAGGTGAAGTGCTGTGAAGAAATTTGAAATCATAGACCATACTGCCGATATCGGCCTGATTGCCTGGGGAAGAAGTATGGAGGAGCTCTTCGCCAATGCTGCTTTGGGAATGTTCCATATTATTGCCGATTTGAGGGGTTTTGAAAGCCCGAAAAAGGATTTTGAGAGCGAGG
CP121689.1_gap10	475135	476278	1143	ACTCCGGGTACATAAATCCGGAACGGCCGATAAGCTGGAGAATGCAAAAAGAGCTGGCTGGTGGAGGCGCACTCGCTGACCTGGGTTCACACCTTATTGACCTCATTCATTTTCTGGTGGGCGATTTTCAGCTTCTTTCAGCCTGGGGAGAAACTTTTATAAAAGAGCGACCCAGTCTGGATGATGCCTTAAAAAAGGAAAGGGTAACGGTTGATGACTGGGCGTTAATCGATTTTCGCCTGAGCGAAGGGGGATGGGGAAGTATCGAGTGTAGCCGTTTCGCAACTGGTTCCTGCGACGAACTACGCATAGAAATAGAAGGGAGCAAAGGAGCGCTACGCTATAACTCTATGCAACCCAACTTTCTCGAATTTTACGACACTCAAGACCCTGGAGGTGCTCTGGGAGGACAGAGAGGGTTTAAGGCTCTGGAAGTTGTGCAACAGTATCCTCCACCCAGTGCTCTGCCTGGCAAATTTGCAGTAGGGTGGGTTCGCTCCCATATTGCCTGTGTTCATGACTTCATACTGCGGTTAAGCGGCAGGGAGAGTTTTGGTGCAACCATTGATGATGGCCTACGGGTTCAGGAAGTACTGCATTCAGCTTACACTTTGATGGGGCTCTAGTTGCTCTGTGGCAAAGGAATAAGTTGAAAAAAGCGCGGGTAGTTACTATAATGAAATAAGCTTGGAGAGGTGTCCGAACTGGCAAGGAGCCGGTCTTGAAAACCGGTTAAGGCCGCAAGGCTGTGCGGGTTCGAGTCCCGCCCTCTCCGCCAGTTTTCAGAAGTCAGTCATCTTTGCTTGTCCTTTTATTTGTCTTATGGGGAAAACTATTGCTATCGCCAACCAAAAAGGTGGAGTGGGAAAGACTACAACTGCTATCAACTTGGGAGCTTGTCTTGCAGAGCTTGGCAAGAGAGTTTTGCTTGTGGATATAGACCCACAGGGGAATACCACCAGTGGGCTGGGTTTTAACCGGGCAGATATCGACCACTGTGTTTACGACCTTCTTTTGGGAAATGCCAGCCCTGGAGAGGTTTTAAAGAAAACATCTCTCCAGGGCTTTTTTTTAGTGCCTGCGACAATTCGGCTGGCTGGAGCCGAAGTGGAACTGGTCTCTATGGTGGGTCGTGAAAATCGG
CP121689.1_gap11	539122	541073	1951	TCCTTATTGATTGTCCCCCCTCGCTGGGTATACTGACCATTAATGCTTTAAAAGCAGCCCGTGAGGTCATTGTTACCATACAACCTCACTATTTTGCCCTGCGAGGCATTGAAGAGTTTATGGAAACTATTGAGTTAATGCGTGAAAATCTGAGGCATGAACCAGAAGTGTTTGTATTGATAACCATTGCCGATGTGAGAACCAATCTTTACAAGGAAGTAATTGGAGAGATCAAAAGGTATTTTGGCGATCGAATGTTTAAAACCATCATTCATAAGAATATTGCTCTTGCGGAAGCGACCAGTCACGGAATGCCGGTTATTGAGTATGAACCCACCTCAAGTGGTGCTCAAAACTACTTATCTTTGGCAAAGGAGGTGATTCGTTTTGAAAAAGAAAAGCCTAAAGCGCGGCTTCTCAGAAAGAATTGACTTTAAACGAGAGCTTATTCGAGATACGACACGTGGTCTTGATTCGGAAGAAACAGTGCGAGAAGAAACTTTGTCAACCCCTAAAAAGTCGACGGCCAAGAAAACGGTTCCTCGCGCTAAAAAGAAAGAGGCCGCAGAGAAAGTAGCTACCATTAAGGTTATTGGTGTCGGAGGAGGGGGCACTAACGCTGTAAACCAGATGATAGAGGCGGGGATAGAAAGCGTTGACCTGATAGTGGTTAACACGGACATTCAGTCTTTGCAATGTTCTCTGGCACCTCAAAAAATCCAGATTGGAGCTTCGCTCACCAGAGGCTTGGGAACCGGTGGCAATCCCAAATTGGGAGAAGATGCCGCTCGGATGGACAAGGAAAAAATTGCCCAGCTTGTTGAAGGAGCAGACCTGGTTTTTGTGACTGCCTGCATGGGAGGTGGTACTGGTACTGGTGCTTCTCCGGTAATAGCAGAGTTAGCCCGTGAGGCGGGAGCTTTGACCATAGGAGTAGTAACCAAACCTTTCAGTTTTGAAGGAGCGCGTCGAGCAAGGCAAGCCTCAGAAGGTATTGAAAACTTGCGCAAAGTGGTCGATGCACTTATCGTGATTCCCAATGACCGCTTGATGGAGATAGCGGACCGGGACACTTCATTGAGAGAAGCGTTTAAAAAGGCAGATTTTGTTCTCTACCAGGCAGTGAGAGGCATTGCTGACCTCATTACTTCGCCTCAGGATATCAACCTGGACCTTGCCGATTTGCGAACAGTACTTACTGGAGCGGGAACGGTTCTTATCGGTATCGGTCATGGTCGGGGTAAAGACAAAGCCAAGCAAGCTGCAGAGATGGCTATTTCCAGTCCTTTGCTGGAAGTTTCCATTAGAGGCGCCCGGTCTATCCTTTTAAGCATTACTGGTGGTCCAGATACAGGGATTCACGAAGTCAAGCAAATTGTTGACATTATTAATAAGGCTGCAGGTACAGAAACTGACCTTCTTTTTGGCAATAAGATAGATCCTGAGTTCAGCAACGAAATACTGGTGACGCTGGTAGCAACCCGTTTTGAATCTGCACTTGAGGAAAAAACAGAAGAAGTTCCTCCCCTGGTTGAGAATATTGCCGTTGATGCGCTTGAGCAAGATATTGATGACAAGCTCATCATTGAAGACGACCTTGATGTTCCTGCTTTTTTGAGGGAAGAACAAAAGAAAGGTTCAGAAGGAAAAGCACGTCTTGATGAAGTGCTGGGGATTTTTAAGCGATCAAGGAGGGAATAAGCAGCTATGGCTTTTCTTTTTGGTAAAGAGTTAACCAGAGAAGAAATACTGAAAAGAGTAGGTGATATTTCTCAGATAGGTGGAGTGAGATTAGCCTGCCTTGCTGATGGTGTGGAGCGGGGAGTTCGTATAGCGGAGGTAAATACCGGAGGTGGACTCTACTATACCGTCTTGCTGGACCGAGGTATGGACATTGCCTGGACTTCTTATAAAGGAATAAGCATAGCCTGGCGCTCAGCAACCGGCAATC
CP121689.1_gap12	542208	546786	4578	ATGGTTTCGAGCTTAAGTTTTATCTTGCCGGTTTCCAGCATCCACTGTGCTGTTTGGGGCATGAGCTGTGCAAGCCCCAGAGCTCCTGCCCGGGATTGACTGGCAACCTCGAAAAGGCTTTCAGCACGAATCACTGAAAACACTAAGTAAGGGTCTACTTCCGGAAAGAGACGGGTAGCCTTTTCAACTTCTTGCTTAAAAAAGAGGGGATAAAGGTTTCGGAGTAGAAATAAATTATGGTTGGTTTGGGAGAAGTTTTGTTGTAAGTAGAGGGTATGGAGAATAGCCTTGCGATATTCACCCATACTGATGTAAAGCCTTACGAACTCAAGGTGTAATAACTTTGCAGAGGGGTTTTTGTGGTAAAGAAAGAGTAGCTCTATCTCTGCGTTTTGGTAAAACCCCTTTTCTTTCAAAAAAAGATAGCTCTTCCAGTGTTCTCTGGCTTTTTCAAGCTGGGTTGATAAGTTTTGCGGATAGTTTTCTATCACCGGAAGTGGTCGGTCCTCGATGTGAAAGTGTTCCTGCGGATTATAGCCTTTTTGGATTAGCTCCTGCCAGCTACGCACGAAATAGTAGTCGATGTTTTCGTCTTTGAGAATTTCCCATAAGAGTTCTGGTTCGCTGTTTTTACCCAGTTTATAAGACCAGAAAAGAGCCCGGTTTTTGTGCTGAGGGAACTTTTGCAAACCTTCCAGAGCTGCTTGGATTTGTTCGGGGTTGTTCTCTCTCAATGCTTTTTGGAACCATACAAGATAGAAGGTATCTCTCTGGGGGAAAAGCTCCAGCGCCTTATGGAGAACGAGTGAATAGTTTGTATCATCTCCCAGACTCTGGTAACAGGTAAGAAGATTGAGGTAAACACTGAAAAGATATGGAGAATGGGGATAGGCCTGGAGCAATTTCTGATAGTGATTTATGGCTTCGGGGTAATTTGCGGAGCGCTGGCTTAGGACCCCCTGGTAAAAGAGTAACGTTTCCTGGAGATAAGTTTCTTTACTGTACTTTTCAAGGAGTTTTTGTAGTTGGGGTAGGTCGTTAACAGTAAGCAGGTATCGTATTTGCAAGCTGAGAAGATTTTCTTTTTGTAAGGGGTTGAGAGAACGTTTTTCCACTTCTTGGAGTATGCTTTTGGTTTCCTCAAAAAGATTCAGAGAAAGTGCAAACGAAGCCAGGTCCAGAAGTGAACCTACAGAAAAGCTTTCCAACTTTAGCTCGGGAAAGATTTGTGAAAACAATTCCCTGGTTGGAAGATATTTCTGGGTGGAGTATTGCTTGAAGACCGTTTTTAAAAGCAGCCCTGCTTCGTTATATTTGCCCTTTTGAGCAAGCGTTTTCACCATCAAGGCCAGGGATTGCTGGCGCTGCTCAGCCAGAAAGGCATGTTGCAGGGCTTTTATGGTATAGGTCAAGGCTTGTTGAGAATAACCGTTTTTGAGGTAGCGTTCTGCGCTCTGGTGGTAAATTGAAAAGAGAAGAGGGGAGTCTGGGAAAAGCTTTTCAGCAAGCGATAACCAAAGAGGAGCTTTTTGTAGGAACGAGGCGTCGGAAAGAGCAGAAAGCCAAAGGTATAAGGCGTGGTCGATGCAAAATAATTCGCTTTCTCCAAGGCTTTGCAGGATTCGTATTTCGGCCTCGTCCATTTTTCCCCTTTCGACTAAAGCAGCGATTTGCAAGAAGTTTTCCTGGTTCTCTGCTTCACAGGATGGTTTCCAGAAAGAGAAAAGAACCATTAAAATTAAGAGTGAGAAGGCAATACTGGCGGTTTTTCGCGGAGATAAATACAGCGAGAGCGTTTTCGTTCTCTTTTTGCTTTCCATTTGTGGGTTATGATACCATTGTTAGGTAAAGGTTGCAAAGGGGATGGAGGGTCATGAGGAACCAGGAAGTGGCCAAGATACTTCGGGACATCGCTACTTTGCTCGAGATTAAAGGCGAAAATCGCTTCAGGGTGGTTGCTCATGAAGAAGCTGCGCGACGTATAGAATCCTGGCCGGAGCCAATTGAGGAAGTGTGGCAAAGAGGCGAACTTACCAAAATACCGGGTATTGGAGCGAGTATTGCTGCAAAGATTTCAGAATACCTGCAGACAGGAAAGATGCAATACCTTGAGGAATTAACCCGGGAAGTTCCTCCTGAACTCATCGAGCTTACCAGAGTTCCAGGAGTTGGCCCCAAGCTTGCCAAGTTACTGTATGAGGAACTGGGTATAAAGAGCTTGGAAGAGCTTGAGAAAGCAATCGCTGAAAAAAAGCTTCGCAATCTTCCTCGCTTGGGTGTCAAGAGTGAAGAAAAGATTAAAAAAGGCCTTGAGATGTTGAAGCGCCAGAAAGGGAGAATGCTCCTTGGGCAGGTATTACCAGTAGTTGAAGAAATTGTGGCCCTACTTCAAGAAAAGACCGGTGTTGAACAAATAAGTCCTGCAGGAAGCGTGCGCCGCATGAAAGAAACCATAGGAGACATAGACATTCTGGTGGCCAGTTCTCAAGCAGAGAAAATAATGGATGTGTTCGTTACTTTACCTATGGTGAGAGAGGTTCTTGCCAAAGGGGCTACCAAATCAAGCGTTGTGCTTCATGATGGTTTGCAAGTTGACTTGAGGGTGGTAGAACCAGTTTCTTTTGGGGCGGCGCTCCAGTATTTTACTGGTTCGAAGGCCCATAATATTAGACTGCGAGAGATTGCAATCAGGAAAGGGTTGAAAGTCAATGAATACGGAATTTTCAGGATAGATAGTGGCCAGCGGGTGGGTGGCGAAAGAGAAGAGGAAATTTACGAGGTTCTGGGTATGGAGTGGATTCCTCCTGAGTTGCGTGAAGATCAGGGGGAAATCGAGGCTGCGCTTGAAAAGAGACTTCCTGTTTTGATAGAGCTTGCAGACATCAAGGGAGACTTGCATGTGCATTCCCGCTGGAGTGATGGGTTGAGTTCTATCGAAGAAATGGCTGAAGCAGCTCTGAAGAGAGGGTATCAGTATCTGGCTATCTGTGATCACACTCAATCCCTTGCAGTGGCTTCTGGGCTTGGTCCCGAAGACCTGAAAGAGCGAGATAAAGAGATTCGAGAGTGGAACAGTAGAAGAAAAGGGTTGTTGCTGCTTTCAGGTGTGGAAGTAAACATATTGAGCGACGGCTCTCTGGACCTTGCAGATGAAGATCTGGCAAAACTCGATGTAGTGATAGGAGGCTTGCATTCAGGTTTGAACCAATCGAGAGAAAAAATTATGATGCGTCTTGAAAAAGCTATGCACAATCCTTATGTCCAGGCAATCAGCCATCCTACGGGGAGACTTATCAACAAGAGGGAAGCCTACAGCGTGGAGCTGGACAGCTTGCTGGAACTGGCATCTCGGACAGGCACCTTTCTGGAAATCAACGCCCAACCGGAGCGTCTGGATTTGCGCGACATTGATGCTCGCAAGGCCAAAGAAAGTTTTGGTTTGAAGGTGATTATCTCTACTGATGCTCATGAGCCTAAATCTCTTGATTACATGCGTCTTGGAGTAGCGCAAGCCAGGAGAGCCTGGCTTACCGCTTGCGATGTTTTAAACACCTATGACCTGGAGAAACTCTTGGACTATCTATCTCGAAAGAGGAAAACCAGGGCAGGAAGCATTCCTGATTAATCAGGGTTCTCTGAAGCGGTTGGTTATAGGCATTCTCCAATCTTTACCGAAAGCGCGAGTCGATATTTTTATGCCCACTGGGGCTTGTTTTCTTTTGTATTCGTTTTTTCTAAGCATGTCGATGGTTTGTAATATGGTTTCCATTGCAAAGCCTTTGTCTGCTATTTCTCCGGGGTCGAGATTCTCTTCGATATAGTATCTCAAAATTTCATCGAGGACTTCGTAAGGAGGAAGTTTTTCCTGGTCAGTCTGGTTTGGCCTTAGTTCGGCTGAGGGCGCTTTTTCAAATACTCTTTGAGGGATAATTGGGGCTCCTTTTTTCTGGTTGTACCATCTGCCTATACGGTAAACATCTGTTTTGTAAACATCTTTGATAACAGCGAGTCCTCCTGCCATATCGCCGTAGAGGGTTGCATACCCGGTTGCCATTTCGCTTTTGTTGCCAGTGGTCAGCACCAGCCACCCAAACTTGTTGGATAGGGCCATCAGATAATTACCCCTGATTCTGGCTTGCAGGTTTTCTTCTGTGATATCGGGATTTGTCTGCCGGAAAACTTCTTCCAGAGCCTTCAGGTAGGATTCGAAAACTTTGTTTATGGAAATAGTTAGCGCCTCTATGTTCAGGTTTTGTGCTAACTGGTAAGCATCTTCAAGGCTTTCTCGCGACGTATAAGGGGAAGGCATAAGGACTCCCTTAACGTTTTCGCTGCCCAGGGCCTCCGTGGCTATAGTGGCTACTAAAGAGGAATCCATTCCTCCGCTCAATCCCACCACCACTTTTTTAAAGCCGTTTTTCTTCACGTAATCCCGAACTCCAGTAACCAGAGCCTTAAAGATTTCTTCTTCTCTTTCCATATGGGAACCAGGCTTTTCCGGATATCTCTCTTTTTTGGGTTTTGGTGGTGGCAATTCCAGAAACTTGAAGGGCAGATTCTGAGTCGACATGTACCTTC
CP121689.1_gap13	551590	552280	690	AGCAAGCAATGTCCGGTAAACAGCTCTGCTCTTCCCAGTACAACCAAAATCAGTCCTATCGAAAAAACTATCCCTCCTAAAAGCTGTTTGACCCCGTTTGCAAGTTCAGCGGTAGTAACCAGGGTGAATAGTTGGGAGGCAAAACCTATGTAGGCGCCTGCCAGAATAGCTCCAACGAGAAGAGACAGGTAGTTTTTCTGAAGTTTGTTTTCACACCAACTGTGGAGAACATCCATTACTCAAACCTCCTTACTGTTGATTCTGGTTATAATTTATTAAAATGATAATATAATTTTTTTATAAAATCCAAAAAATTATGGTTTTTTAATCGGTAATTTGTTACAATTAAACCCAGAGGGCTAACATTTTAGAGAGGGAGGGCAAAAGAGGATGAGTGACATTCTTGACCAAATTGCCAAGGAATTGTTTGCAGGTAATGCGAAGGCAGTGAGCGAACTAACTCAGAAAGCGCTTGATGAAGGTTTTTCTCCTCAAGAGGTTCTCAATGGTGGTTTAATAAAGGGTATGAACCAGGTAGGAGAAAAGTTCAAAGCCAACGAGATTTATGTTCCAGAAGTGTTAATTGCTGCTCGAGCCATGAAAGCAGGCATGGAAGTTTTGAAGCCCAAACTTGCAGAGACCGGCGTAGAACCAGTAGCCAGATTTGTGATTGGCACCGTCAAAGGAGAC
CP121689.1_gap14	573797	575260	1463	TTATTCCCCGCAAGCATTTTTCTGTGAAAGCGTTAATGCCTAATTTGAGTTCTTCTATCATTTCCAGTATGTGAGCGGCAATAAAAGGTCCGAGATGATTCAATTCCAGCTGTCCACTGGAGCAGGAAAAAGCTATAGCCTGGTCTTTACCCATTACGTCAATAGCGATGCCTTCTATGTATTCGCACATGACGGGATTGACTTTCCCAGGCATTATCGAGGAACCCTCTTGCAGGGCAGGCAGGCTGATTTCGCTAATACCAGCTCGTGGCCCCATAGAGAGTAGACGCAGGTCGTTGGCTATTTTGCGCAGGTTCACGGCTAATGAACGCAAAAGACCCGATACTTCAGAGAAAACATCCAGATTCTGAGTATTTTCGAAAAGATTCATGGCTTTGGCCAGCGGCAAACCAGTTATCTCGTTCAAGTGGACGATTGCTCTGGCAATGTATTCAGGGTGAGCATTTAAACCTGTTCCTACTGCAGTTCCGCCAAGGTTAACTTCTTTTATTCGTTCCCTGCTTTTCCAGAGTCTCCAACGGTCGCGGGCGATGGCTTCAGCAAAGGCACCAAATTCCATTCCCAGAGTTATAGGAACGGCGTCCTGAAGCTCGGTCCTTCCTACCTTTAGCACAGAAGCAAACTCTTTCTCTTTTTGCTGCAGCGTTTCCTGAAGGTTAATGATTTCTTTTTCCAGCTCGTCGAGTTGCCAGAGTGTGGCTACCTTAACTGCGGTCATGAAGGTATCATTGGTAGATTGGCTCAGGTTTACATGATCAAAGGGGTTGATTTTTTGATAGTTGCCTTTAGAATAGCCGAGTATTTCCAGGGCTCGGTTGGCAATTATTTCGTTAATATTCATATTGAGAGAGGTTCCAGCCCCGCCCTGAAAAATGGGTACGATGACTTCCTCATTAAATTTGCCCTCCATGCCTTCTTCGCAGGCTTTCAGTATGGCGTTGCCTATCTTTGCTTCCAGAAGGCCCACTTCCAGGTTTGCTCTGGCACAGGCCCATTTTACGGCAAAATAGGCTTTGACCAGAGATGGGGGGACTTTTTTTGAGAAAGGGAAATTATCTCTGGCTCTTTTGGAATGCACACCCCAGTAAGCATTTTCAGGTATTGCTTCTTCGCCCAGAAGATCCCTTTCTTTCCGGAAAAATTCCTTTTTCAATGCTTTACCCTCTTTTCTCTGTGTATTCACTTCTATTTTAGGAAAACCATCCAGGCTTCTTTTCATTTCAGGCCTGGTATAAGAAAGCGAAAATATTATAATATTCCAGGGAGGGGAGTGCTTTGACAGAGGAAATTCCCAGAGGAAGAATATTCCGTAATTATGTGGAAGAAAATTACTCTTTTGGCGAGTTTGCCCTTGTCAGGGTTCGTGGAGACAGAGCAGAAGTTGGCTTTGTGCTTGCCGAAGAGGACATCTCCAGGTGGCCACTTCTTCAAAAACAAACCCT
CP121689.1_gap15	576516	580859	4343	TTATTGGTTGGGAACACACTTTTGTACATGCCATAGCACATTTTCTGGATGCTGTAGTGAACAACCGCTCTATTGCTCCTTATGGAGCTACTTTCGAAGATGGGTACCGCTGTGCTTTGGTTTGTGATACTATTTTGAAATCTGCAGAGACTGGGAAAAAAGAGTTGATACAGTATTAGAAACCGAAAGGCACGGGGTTTTTCTCCGTGCCTTTTGAAGGAGGAATAGCATGCAATACCGTGGTAAAGTGGTCGTTACTTTAAAAAGTGGTGTTTTTGATCCTCAGGGAGTTACCATTAAAAATGCTTTGCATTCACTTTCCTTTGAAAGTGTAGAAGAAGTCAAGACGGGTAAATTTTTTGAGGTTTTGTTTGATGCTGAAAATGACGCGGAAGCCGAAAAGCTGCTTGAAGCAATGTGTCATCAGCTTCTGGCTAACCCCATTATTGAGGATTTCGATTTCTCCTTAGAAAAAGTAAAATGAGGAGTGGACCATGCGTTTTGGAATCGTTGTTTTTCCTGGTTCTAACTGTGATCGAGACTGTTTCCATGTTTTGCACGATGTGCTGGGTGTGGAGACTGTATATCTCTGGCATGCAGCAAGAGATTTGAAAGATTGTGATTGTATTGTGTTGCCAGGCGGATTTAGCTATGGTGATTATTTGCGAGCCGGAGCCATAGCTGCGTATGCTCCTATTATGCTCAGTATTCGGGAATTCGCTGAGAAAGGGGGGCTGGTTTTAGGTATCTGCAACGGCTTTCAAATCCTTGTTGAGGCTGGTTTACTGCCTGGAGTGCTTTTGCCCAACATTGGTGGTCATTTCATATGTCGCTGGGTATATCTCAGGGTGGAGAACAGCGATACGCCTTTTACCATGCGATACGCTCAGGGAGAAGTGGTTAAAATGCCTATTGCGCATCAACAGGGCAATTTTTTTGTTCCCCCTTCAGTATTTGAGGAACTAGAAAGGAACAATTTGATTGCCTTCAGATACTGTGATGCGCAGGGTAGAATTAGCACGGATGCCAATCCTAATGGTTCGGTGGGGAATGTTGCCGGAATAGTTTCGCCTTCGGGGAATGTTCTGGGCATGATGCCACATCCTGAGCGCTGTGCAGAATCAATTTTGGGTTCAGAAGACGGAAAAAGACTTTTTCAATCTATTATTCAATGGTTGGAGGAGAGAAAGTGCAGCAAAGTGGTAATAAAGAAATAGCTTTGAGTCTTGGCTTACGAGAGGAAGACTACAACAGGATTCTGGAAATTTTGGGTAGAGTTCCGACTTCTACTGAGATAGCTATGTTCTCTGTGGAGTGGTCAGAACATTGTGGTTACACCCATTCCAGAAGTTGGTTCCGGCTTTTGCCCCGCCGGGGAAGGTTCCAAGCTCTGGTTGGAGAAGATGCTGGAGGCATAGTCTATGATGGATTAGCTCTGGTTTTCAAAATGGAAAGCCATAATCATCCTTCCCAGGTGGAGCCAAAGCAGGGTGCAGCAACAGGTGTGGGAGGCATAATCCGTGATATCCTGGGTAGTGGGGCTCGCCCCATTGCATGTCTGGATTCCCTCTGCTTTGCTCCTCCTGATGAAAATCGTTCCAGGTATATTTTTCGGGGCGTTGTTGACGGGATTGCTTTTTATGGGAATTGTGTTGGTGTGCCAACGGTTGCAGGGGAGCTTTACTTCCATCCTTCCTTTCGAGGCAACTGTTTGGTGAACGTGATGTGTATTGGCCTGGTGCCCGAGAATGGTTTAATGCGAGCTGTAGCCAGGGGTGAAGGCAATGCCATAATCTATGTAGGTAACAAGACAGGAAGAGATGGTATAGGTGGCTGTAGTATTCTGGCCTCTCAGGAGTTTGCAGAGAATGAGGAAAAGAGGCCCAGTGTTCAGATTGGTGATCCTTTCACTGAAAAGTGCCTTATCGAAGCTACCCTGGAAGCCATAGAAACTGGTAGAGTGGTTGGAATAAAAGACATGGGTGCAGCAGGTCTTACCTGTTCCACGAGCGAAATGGCTGCAGCTGGTGATTCCGGGATGGAAGTTGACTTGGATCGGGTGCCGGTGCGCGAGGAAGGCATGGAAGCCTGGGAGATTATGATGTCTGAATCGCAGGAGCGCATGCTTCTCTGTGTTGAAAAGGGCTATGAAGAAACAATATGCAGTATTTTCAGAAAGTGGGGTCTTGAGGCAGAAGTTATTGGTCGGGTTGTTGACTCAGGAAGGGTCACCATACGTTACCGAGGTGAAATTGTGGCCGATGTTCCAGCCAAAGCCTTAACTGCTCCACCTTCTTGTGTGCCACCGTTTCACGAACCCCCTTACTTTAAGGAGCTCAACAGCTTTGCTTTTGACACGTTGCCTGTTCCTGAAGACCTTAATCAAACTTTTCTATCCCTGCTTGCCTCACCAAACCTGTGCTCTCGTCGCTTTGTTTACGAGCAGTACGACCACATGGTTCAAACCAACACAGTAATTTACCCGGGTTCGGGAACTGTGGTACTTCGGGTAAAAGGTAAAAACTGGGGTATAGCGGTGACCACTGACTGCAACCCCCTTTATTGCTTCTTGAATCCTTACCAGGGTGCTCAGATGGCGGTTGCTGAAGCTGCAAGGAATCTTGCCTGTTGTGGAGCCACTCCTGCTGGTATTACTGATTGCCTGAATTTTGGTAATCCTGACAAACCGGACCGTTACTGGCAGTTTGTGGAAGCCGTGAGAGGCCTGAGTGAGGCTGCTCAATATTTCAATGTTCCCGTGGTGAGTGGCAATGTATCTTTTTACAACGAAAGCCCAGAGGGTTCGATCTATCCTACGCCTACCGTCGGGATGATAGGGATTGTAGAGGATATTTCCAGAGTTATTCCTTCCTGTTTCAGTCAAGAAAACTTGCTGATTGTGTTACTTGGCGAATGTGGTGATGGGCTCGGTGGTAGTGAGTATTTAAGAGTAATTCATAATCTGGAGGTTGGCCCTCTTCCCCATTTTGATATGGAGGCAGAAAAGCGCCTTCAGGAAGTTTTAATCGAGCTTGTCAAAGAAAGATGCCTTTGCTCAGCGATTGACGTTAGCGAGGGTGGTCTGGCTATAGCCCTTGCCGAAGCTTCGTTGAGCGCAGAAGCGGCAGTGGGATTCGACATTGATATCGGTAATTGTGGTGATTTGAGAGAAGATGTAATTCTGTTTGGAGAAGCAGGGGGCAGAGCAGTGGTTACAGTTGAGGAGAAAGACTTTCCAAAATTTGAAAAGATTCTTCTTGAAAGGGGTTTTCCTTTCCAAGTTCTGGGGAGAAGTGGGGGTAAGCATCTGGTTTTCCGTAAGGGAAAAAGAGAACTGATTAGAGTTAGCGTAGAGGTTGCCAGAAAACACTGGGAAATGACGTTTTAATTTCTGACATAATTTTTTCAGAAAGGTAGGCGAAGTCTTTGCTGGGTTTAAAAGAGAGCTGTGGCGTTTTTGGAGTGTTTGGTTTGCCTAATGCTGTAGAGCTAACTTATTTAGGGCTTTTCTCGCTCCAGCACCGTGGCCAGGAGAGTGCAGGCATTGTTGTTTGGGACGGGAAGAGCCTGCAGGAAAAGAAGGGCATGGGGCTGGTTAGTGAGGTCTTTCATCCTTCAGACTTTGAAAGACTTAAAGGCCACGTTGCTCTAGGCCACGTCCGTTATTCGACTACTGGCTCTTCTTCCCTTAAGAATGCGCAACCCTTTTTGGGGGATTGTCGTTTTGGAGAGCTGGGCATAGCTCACAACGGTAACTTGACCAATACTTTGCAGCTTCGTAAGCAACTTACTCGTCTGGGTTCTGTATTCCGGTCTTCCATGGATACTGAGTTGATTTTGCATCTCATTGCTCGCAGCCAGTTCGACAATCTCGAGGACTCCATTAAAGAAGCTTTGTGGCAGATGAGGGGTGCCTTTTCGTTGGGAATCATTGCTCCTGACCGCCTAATTGCGGTTAGGGATCCCTGGGGTTTCAGGCCGCTCGCTTTGGGCAAATTGGATGGAGGTTATGTGATAAGTTCGGAGAGCTGCGCTTTTGATGTGCTGGGAGCTGAGTTCCTAAGAGAAATCGCTCCGGGGGAAATGGTGGTTATTGATCAAAATGGAGTTCGCTCGTTTTTCTATGCTTATTCCTCAAGAAAAGCCTTTTGTGTTTTTGAGTTAATATATTTTGCTCGTCCAGACAGCCTGGTTTTTGGAAACAGTGTTTACGAGGCACGCAAAAAGATGGGGCAGAAGCTGGCTGCCAGAGAGTTTGCTGTTGCTGATATGGTAATTCCCGTACCTGACTCTGGGATGTGTGCAGCTCTGGGCTTTGCAGAATTTTCTGGCATACCTTTGGA
CP121689.1_gap16	733286	736693	3407	GTACATAAATAGTGTAGTTGACACTGTGGTAACCAGTGTTTTGCAAACTCCTGCAGGAAGAATGATTTTTGTTCGCCCTAAGGCATCCTCTAAAAACTAACTTGGAGTGAAAGCCTTGTTCTTTGCGGTTATTGTTGCAGCGGGCAAAGGAGAAAGAATGAACGTTGCCGTTCCAAAGCAGTATTTACCTCTTCTTGATAAACCGATAATTGCTCATACCATTGAGGCTTTTGAGCGTTCCCCTTTGATTCAGGAAATAGTAGTAGTGATTCACCCCGACCATGAGGATATTTTTGTTAAGAGGGTATTGGAGCAATTTTGTTTCAAGAAGTTTCGAAAGTATGTCTTTGGCGGCGATACCAGGCAAGAATCTGTGTATAGAGGGCTGGAAGTGTTGAGGGAGAGGAAAAAGGATTTCGTATTTATCCACGATGGGGTAAGGCCTTTTGTTACTGAATCTATAATAGAAAGATGTGCTGAAAGAGTTCAGGAAACCGAAGCTGTGTGTTGTGCAATTCCCTGTGTGGATACTGTAAAGTTTTCAGAAGATGGAAATACCATAGAGAAAACTCTGGACCGCAGGAAGATATGGCGTGCCCAGACGCCTCAGGTGTTCAGGGTTTCGCTAATTCTTGAGGCTATGGAGAAGGCCTTTCAGGATGGGTTTTATGGGACCGACGATTCTTCGCTGGTTGAGAGATTGGGGAAGAAAGTTGCTCTGGTTCTGGGTGCGGAAAACAACATTAAGATAACTACGCCTTTTGATTTCATAAGAGCAGAAGAAATACTGCGCTGGGAAAAGAGGATTTGCTGATGCAGATGCGGGTTGGGATTGGCTATGATATTCATCGCCTCGAAAAAGGGAGAGCGCTAATTTTGGGAGGAGTACACATTCCTTTTGAAAAAGGCTTGCTTGGGCACTCCGACGGAGACGTTCTTTGTCATGCTGTTATGGACAGTCTCCTGGGCGCCGCGGGTCTTCCAGATATTGGGTTCTGGTTTCCCCCTGGAGATCCACAGTTCAAGGATGTCTATAGTCTAAGGTTGCTCTATGAAGTGGGTAGAAAAATTCAGAATGCTGGTTGGCACATTGTTAATGTTGATACTGTGCTAATTGCTGAAAAACCCCGTTTACAGAGGTTTATCCCTTCCATTCGTGAGAAGGTAGCCGAGATGCTGAGTCTTGATGCAAGCAGGTTTAACGTTAAAGCTACCACCAACGAAGGAATTGGTGAATTGGGAAAGGGGGAGGCCATAAGTTGCTATGCGGTAAGTTTACTGGTAAGCGAGGATTAATTGTATTACCACTACTTTCGCTTTTTTGGTTTGCCTGGGTGGTGAGAGCGAACGCTCAACATGCTTTTTCAGTGGCCTGGGAAAGAAAAGCTTCGCATCTTTTTACGATAAAGATTAATGGTAGATTACTAATGCGAGTTCGTTCAGCAGGTAGCCATAAGAGTATTGAAGAGAGAGCACAGAATTTGGCTCTGAGGCTGGAGCATATCCTGGAAAGCACTTTTGACCAACCACCAGATTTTTATCTTCGGGTTGGTAATGCATCGGTAAAAGCCTTTTGCAACGGTGAAGAGCTTTTTGAAGTTTCAAGAGAAGATGCCCGGCTTAATAACTCTAATCCTCTGGATTTGGCAGCACTTTGGCTTAATAATTTTCAAATGGAGTTTTATCGCCTAAGGGGCTATTACTATAATCCAACCGGAAAGGTCATTACTGGCTTTGCCTCATGGTATGGACCCCGTTTTAAGAACAGAACAACTTCGTCGGGGGAAGTATTTAATCCCTATGCATTTACCTGTGCGCACCGTGAGTTCCCTTTTAACACTGTCTTACTGGTTACCAATCTTGCTAATGGCAAACAAGTTGTGGTAAGAGTTAACGATCGTGGTCCGGCACGAAAAAACAGGATAATTGATTTGTCCATGATTGCAGCGAGGACCATTGGTCTTTTACGAGACGGGGTTGAGAAAGTGAAGGTGGAGGTGGTCAATTGGCCAGCACAGTAAGGACCCGTTTTGCGCCCAGTCCAACTGGTTTTCTCCACATAGGCGGTGCCAGGACTGCTGCTTTTAACTGGGCTTTTGCCAAAAGGAACAAAGGTATTTTTGTTTTGCGCATCGAAGATACCGACCGCGAACGTTCTCAAAGAGCTTACGAAGAAGCTATTCTCAGAGATTTGAAATGGTTAGGTATAAGCTGGGATGAAGGTCCAGATATTAATAGCGCCTCTTTTGGTCCCTACCGACAATCGGAGCGCATGGATCTTTACAAGAAGTATTTTGACCTGCTTCGTGCCAGGAATGTCTTGTATCCCTGTTACTGCAGTAAGGAGGAACTGGAAGCAGAGAGGAGGTCTCTGCTTAGACAGGGCAAACCACCTCGCTATTCAGGGAAATGTTTTTATCTATCTGAAGAGGAAAGGAAAGAAAAGGAACGTTCTGGTGTAATTCCTTCCTGGCGTTTCAGGATACCACACGGCAAAAGTATCGTTTTGCAAGATTTGATAAGGGGTGAGGTTAGGTTTCAGAGTGAAGCTATTGGTGACTTTATAGTTTGGAGATCTGATGGATGGCCCACTTATAATTTTGCTTGTGTAGTTGATGATGCTTTGATGAGGATTACCCATGTTATCCGGGGAGAAGAACATTTGCCCAATACCCCTTATCAGTTGCTTCTTTACCAGCTCTTGGATTGGGAACCACCTCAGTTTGCTCATGTTCCTATAATCCTGGATGAAAACAGATCCAAGCTTAGCAAAAGGAGAAAAAGTGTAAATATCAGTGAGCTTCGTGAGCAGGGCTTCTTGCCACAGGCGATTCTTAACTTTCTTTTTCTGCTTGGCCATTCTTTTCCAGATGGTCGCGAATTGGTTCCTTACCAGGAATTACCGGGACTTTTCTCTATGGAGAGAATTGCCCGCTCCAGCGCTGTGTTTGATTCTAAGAAGCTTATCTGGATAAATGCCAGTTATCTCAGAATGATGGATGCTGAAGAAATAAAAACTGGTTTAAAGGAGTTGTTTTCGGCGGAGGAAATTGAGCGCTGGGAGAAAGAGGCTGGTGGTTCACTTAGGATGGCTAAAATTTTGAAGTTGGCCTCTGAAGAAGCAAACACATTAAGGGATGTAGGTGAAAGAATTCAGAAGATTCTGTTTTTTAAGTTTTCGGTTGCGGATGGGGAGGAAAAGGAGATTGTTAAACTCTTTTGTTCTGCCTTACCTGGGTTGCCTGTAAATTGCTGGGAAAACGAGGAAGCAATGCGCAATCTCTTGAAAAAGATTCAAAAAGAGAGCGGATTTTCGGCTAAAAGGTTTTTTCAGACCCTGCGTATGGCGCTCATGGGTTGCAAAGAGGGTCCAGGGTTGGATGCTTTATTGGTTGCACTTGGTAGGG
CP121689.1_gap17	753389	754830	1441	AAATATATGCGGTTCCACCCTATGTGGGGAATTTTATTGGTGGGGGGCAACTTGCGTACTTCCCCCTGGATTAGGGAGAGACCTTTTGCGTGAGGAGATTCCTGGCTTCTTTCAAAGAGAATTTGCATTCCCAGGCAAATCCCCAAGATAGGCTTACCTTCGTCTGCGTTTTTTAATATGACATCGATAAGCTCTTTCTTTTGCAGGTTTTCCATAGCTTCTCCAAAGGAACCAACTCCTGGTAAGACAATTGCACTCGCTTTTTCAACTGTTTCGGGTTCACAGGTGATTTGGGTTTCCTGTCCCAACCTGTTCAAGGCTTTGGAAACACTAAACAAGTTTCCGATACCGTAATCGATAATTGCTATCATGACTTACCTCTCTCCTATAGAATTCCTTTTGTTGAAGGTATTTCCTGTTTATTCGCTATTTTCGAAGCTTCTCCCAAAGCTTGTCCTAAAGACTTAAACAGAGCTTCCAAACAGTGATGCGCGTTTTTACCCCACCATATTTTAGCATGAACCGTGATTTTTGCATTATTAGTGAATGCTCTCAAGAATTCTTCTATCAGGGGTATTTCGAATTCTCCGACTCTTTCTCCCAAATTTGGTGTTTCCAGGTACAAAAAAGGTCTGCCACCCAAATCTACAACGCTCATCGCCAGAGCCTCGTCCATGGGAACCATCGAAAAAGCAAAACGTTTTATGCTCTTTTTTTCACCAAGGCATTTGAGAAATGCCTCTCCCAGAACAATCCCTGTATCTTCAACAGTATGGTGTTGGTCCACTTCAAGATCACCCTTGGCTTTTAAAACCAGGTCCCATCCGGCATAAAAAACCAGGGTTTTTAAGAGGTGAGGGAAGAAAGGAATTTCCATGTGAATTTCCGAGCTTCCGCTTCCTTCCAGATTCAGCTCAAGTTCAATATTGGTTTCCCGAGTTTCTCTTTTGTGGAATGTCTTTCTTTCCAGCTTAAGCCACCTCACTTTGTGATTTAGAAGTTTAAAAGTAGAAATTAATGCCTGACCACCATTGAGGAGCCTCTTTCTCTAATTCCTGGTTGGATAGAATGATGCCCTTCCATTCCCAGCCGTAATTTTCTTGGGCAATTAAAAGGTACAGTATGTTGTATTCTGAGTCGGGCCAGTTGCTGATTTGCATAGTATAAAAACCGTTGGTGGAAGCTGGTTTTTCTATCTCAATATTTTTTGCCACCTTCAGTTTTTCTTCAAAGTAGGGCTTCAGCGATTCAAACTCCATTACTTCAAATTCACTGAAAATTTGTCCTACCCAGAAATCTCCTTTTCGGGCAAGCTTTTCCAGACTTGAAACATTGCCTGATAAGAAAGCGGCTTCAATTTCTTTGTATAGAAGGGTAAGAGTTTTTCTGCTCCAGTTTGGTTCACTATTAAGATATTTTATTTTGAGTGTGGCTAATTTGC
CP121689.1_gap18	756151	758658	2507	GCGAGACAACCATATAATAATTATGCATATCCCTTTATGAGAGAGACTTGCCAACATTTTTTTAAACGGGTATATTAAGTATATCACAACTTGATGGAGAAACAGACATGTTGAACTTTGATTTCTGGACGGAGACCAAAAGAAGTGCACGCTTTGTTGCCAAGAATCCTACTTTATGGATAGTTTCTTTGTTGCCGGCCCTGCCTTTTGTGGCGGCAAGTCTTGTCGCGGCAAGAGGTAGCGTGGGTTGGTGGTTTTTCGGATTATATCGCTTGGGACTTGGTTTTGGCCTGTTTTTGCTTGGCAGCGTGTTATCTATATTGGTGGCTGCTCTAATTATGATTGCTGCCTGGGATTATAGTTATCGTTCGATTGTCGATTTATGGAGAGCTTTCAGAATGATTGGTGATCGCTTTCTGGAAATTTTGATTACCGCTTTAATTATCAGTTTTGTGGTAGGCTTTTTCTCAGTGTTTTTTATTTTTCCGGGTCTTTTCTTTGCTTTTTTGCTGCTTTTTGTTTTACCAGAGGTAATTATTGATGGCCGAGATCCCTTTTCTGCTTTGCAGGCCAGTTTTCATTTGGTGCTCGAACACCTGGGTGAATGTTTCGCTTTTTTCGTGGGTTTATTATTTTTCGCTTTGGTTGGTTTGCTTTTGGGTTGGGTTTTTAGCTTTGTGCCTATAGCTGGAGTTATACTGGGAGTTTTAATCATTGCTGCTCTTTTGCCTTTCCTGACCACGCTTTTGACCCGTTTTTATCTTTCGCTAACCCGCTACTGAAAAGCACCTATGTAGTCATGTAGTGTGTTGCACAGAATTTTTGAAAATGCTTTCGAGGTCGAGTTGCATTCCATCTCGTGCTGCAACGACCTGGATACCAGTCTTCTGGCTTATTTCTTCTGCTATCTTCCAGGGTTTATTAAGGATTACCTGCATACCGAAGTGAGTGATAACGGCCATTTTGGGTTTAATGGCCTTAACAAGTTTTTCTACATCATCAGCATTGAGGTGCATTACTGCATTTGCGTTGTCTGGTTTAGTTCTTACCATGTTGATGATCAGTAGGTCGCTTTTTTGATATGCCTCCTGAAGTTTTGGATTGTATAGAGTATCTGTAATAAAAGAAACCGTAAGGTTATCCTTGAGGTAGAATTTAAATCCGTAAGTTTCTACCGGGTGCCAGTGCCGACAGGGGGTGGCAAAACGTAAGTTCCCGATGCTATATTCTTTTCCCTCTTCAAGTAGCACAATTTCCTGAAGCATGGGAGTCAAATAGCTAAAAAGCACTTTTTCTTCCTCGAGAGCGTCTTTGGGAAGGAAAACCATGCCTCTTTTCTTCGTGTTACCCTCGGTCATTGATTCGACCATGATATTCAGGTCGTTCGCATGGTCTATGTGACGGTGTGAAAGGAGTATTGCTGAAAGCTTCCATGGTTCAAGCTTAGGTTTACTGGTCAGGGCTTTGACCAACGCTCCTGGTCCAGGGTCTATAAAGAAAGCAAGCTTATCGTGCTGGAACCATATGCCACCCGAAGCCCGGATTTGCTTAGAAACCACTATTCTTGCTCCAGCAGTTCCCAGAAATTTTATGAAGGTTCCCATTTGCCAAAAAATTAACGGAATATTTGTAAAAAGTCAACTTTGGCTTTTTGCGTTCTGGTTTTCAAGAATTGCTTCATGAAGGGAGTTGGTGGAAAATACTAAGGAGGTGGTTTTCTAGTTGTGAAGCTAAAAGCGAGGGATAAAACTTTGAATAAGATCCTTGTTTTGGGAAAGCCGGGAAGTGGCAAAACTACTTTGGTAAAAAGGATTAGCAGTACTTTTCCAGGGGTCTTTACAGGTTTTTTTACTGAAGAGGTGAGAAGGGGTGGAAGAAGGATAGGCTTTTCTGTGGAGACGTTGGCCGGGGAAAAAGGAACTCTCGCTTCTCAGGATTTGTCTTCCCGGTTTTACGTGGGGCGCTACCGCGTTGATTTGGAAAGCTTTGAGCGCGTAGCCCTTCCTGTTCTTGAGAAAGCGCTAAAAGAAGGTAAGCCCTGCCTGGTCGATGAGGTGGGAAAGATGGAGCTTTTTTCTATCTCTTTTCGAGAGCTTATTCTTGCGCTCTGGGATTCTCCACAACTGGTTTTGGCAACTTCGCGTTTCCCAATCCTTACTTGGGTTGAGAAAAACTTGATTTTTGAGAAACAACCTCTGACAATCTACCTTTCAAAAGAGAACCGCGAACAGTGTTATTTGACTCTGAAGGAGCGGTTGAGACACTGGTTATTCAATCCTTGAGTCTGATTTTGCTTTTGGAGAGGAGTTCTTCGGTAATGGTTAAGGTAGTAATTCTGGCAAGATCCACTTCTTCAGCAAGCTGGGGTTTTCCTTGTTCATCTTCGACTTTTATTCGTACTTTTGGTCGGAAAGGCAAGACGGGGTTGAGCTCTGAAACTATTGCTTCTCTTCCATCAGAAAGCTTTACCAAATCTCCTACCTGATAGGGGGAGATGTGGCGTATAA
CP121689.1_gap19	763217	765660	2443	GCCGGTATAGACGGCGCTTATGTAATTTCCAGTGGCAAAAACATGGGCATTTTTAAAGGTGTGGGTTATCCCGAGGATGTTGGACGACTTTTCCGGCTTGAAGAGTACAAGGGGTATTGCTGGATTGCCCATGGTCGCTTTCCCACCAATAGCGTAGGCTGGTGGGGTGGCGCTCATCCCTTTGGCTTACTTTCCTGGTCGGTAGTTCATAATGGAGAAATCTCTTCATACGGCATCAATCGTCGCTATCTGCAAAATTTTGGTTATTATTGTAATCTCCAGACGGATACCGAGGTCATAGCTTACCTGGTGGATCTTTTTGTAAGAAAACAGGGTGTTCCAATGTCGTACCTTGGTGCCATTTTTGCTAGTCCCTTCTGGGTGCAGATAGAACGCATGGAAGAACCTCAGAAAAGCTTTTATCGCGCTATGAGAATCAATTTTGGTGGGGCTCTTTTGAACGGTCCTTTCAGCATTATCGTGGGTTTTGATGGGGGAATGTTTGGGATGGTGGACCGAATCAAGCTACGCCCCATGGTTGCTGCTTGGAAGGGTGCTACTTTTTATCTTTCCAGCGAAGAGTGTGCTATCAGGGAAATCCAGCCTGATCTGGATCTGGTGGTACCCTTGCGAGCTGGAGAGGTTATTCTTGGTAAGGTGGGTGAAGAATCGTTATATGGCCAAAAGCTTGCTGTTTCCTGAATTTAAGGTCGTTCGTGATAGCTCAAGGTGCATTGACTGTCAGGTATGTGTACGCCAGTGTGCTAACGATGTGCATCTTTTTGATGAGGAAGAAGAAAAGGTTTTTAGTGAAGAAGAAAAATGCGTTGGTTGCCAGAGATGTGTAACTTTGTGCCCCACCAATGCATTGCAGGTAGTAAGAAGAGAAGAGGGTTTTCGCCAGAACGCCAACTGGAGTACTGCCCATTTGAGGAATCTCTATAAACAAGCTGAAACAGGTGGAGTTTTGCTCACAGGCATGGGTTGTGACCAGCCCTACAAGATTTACTGGGATCACCTGCTCCTCAATGCCAGTCAGGTTACCAACCCCTCCATAGATCCTCTGCGAGAACCCATAGAGATCAAAACGTTTTTAGGTAAAAAGGAGGACTATCTCGACGTTGACTGGAGTCTTGACCAGCCAATCCTGAAGACGAAGCTTGCTCCACAACTGGAGCTTGAGGTTCCAGTTCTTTTTTCAGCCATGTCCTATGGTTCAATTAGCTATAATGCTTTTCGTTCGCTGGTTGAAGCAGCTTGGGAAGCTGGTACTTACTGTAACAGTGGTGAAGGTGGTCTACACCCTGATTTTTATCCTTTTGGAGACCACATTATAGTTCAGGTGGCTTCAGGGCGCTTTGGAGTCCACAGGGATTACTTGAGAGTTGCCAAAGCCGTGGAAATCAAAATAGGCCAGGGAGCCAAACCCGGTATAGGGGGACATCTTCCCGGAGAGAAAGTTACTGAACAGATATCCCGGACTCGCAAAATCCCTGTAGGTAGTGATGCTATTTCCCCTGCACCGCACCATGATATTTATTCTATAGAAGACCTGCAAAGGCTGATTTTTGCTATTAAAGAAGCTACGAATTATGAAAAACCTGTGTTTGTGAAAATAGCTGCCGTGCACAATGTGGCTGCTATTGCTTCTGGTATTGTACGCGCTGGGGCTGATGTGGTGGCTATTGATGGTATTCGGGGTGGTACAGGAGCAGCTCCTCAGGTGATAAGGGATAACGTGGGGATTCCTATAGAACTTGCTTTGGCTCAGGTAGATGAGAGATTGCGTGTAGAAGGCATTCGCCAGAGAGCCTCAGTGGTTATTGCGGGAGGGATAAGATCCAGTGCTGATGTGATTAAGGCTATTGCTCTGGGAGCAGACGCTGTTTACATTGGTACCGCTGCTCTGGTAGCTATGGGTTGCCATCTTTGCCAAAAGTGTTACACCGGGAAATGTAACTGGGGAATAGCCACCCAGGATCCCTATCTGACCAAGCGTTTGAATCCCAATATAGGCAAGCGCAGGTTGGTTAATTTGTTGCGTGCCTGGGCTTTTGAAATTAAGGAAATGTTGGGTGGCATGGGTATAAACGCTATAGAAAGTCTACGGGGCAACCGAGAACATCTTCGGGCGGTAGGACTTACTCGGGAAGAAATGAAAATATTAGGAGTGAAACCTGCTGGTGAGGGATGGTAAGGTGAAGAAAATTCACATTCATGAAGAGTACTGCATTGGTTGTCGCATATGTGAAATTATGTGTCTGGTGAAGCATTCTCGGAGTGGCAAAATAATAAAGGCTTTTAAAGAAGAACCTCGGCCTTTACCCCGAGTAAGGGTTGAAGAAAAAGAGTATATTTCCTTTGCCCTCCAGTGCAGGCACTGTGAAGAAGCGCGGTGCATAGAGAACTGTATGACTGGTGCCATGTATCGCGATGAGGAAGG
CP121689.1_gap20	769742	773745	4003	GGCGCTGGTCAAAATCGTCATCGGGATGCAACTTGCTGAATAATTCTCGGTCAAAGGTTTCCTGTTTCAAAAGAAACCGATCAGCCCCTGCTTCCCTCCATATTATGTATTCTTCCTCTTCCCGCTCCCCTACGCTCAGGGTTACGGCAACGCCGAGCTTTTTGATTTTCCAGATGAGTTCAGCAAGGGTTTTTGCATCGTAATGGAGGTCTTCACCAGACTGGAGTACTATGGTTTGAATACCCAGACGGTGAGCCCTTTCAGCTACTGAAAATATTTCCTCAGGTGACATGCGAAATCTTTTGAGGGTTTTATTGTCTTTACGCAGTCCACAGTAGAGACAATTTTTGCGGCAAAAGTTGGAGAACTCTATCAAGCCTCTTAAATGGACTTCGTCTCCCACATACTTCTTGCGTTTCTGGTCAGCGAGTTGAAAAAGTTCCTTTTCCAGTTCTGGATCCTGGGCATCCAGAATTTCTGCTATTTCTTCCTCTTCCAGGTCTTCTATAGCTGATAATTTTTCAAGAAGGTTTTTCCATTTACTCAGCATTTTTTGAGGCTTCCTTTCTCTGGAGGTAGTCTTCGATGGCTTTTTTAATGGCTTCCTCAGCAAGTACCGAGCAGTGGATCTTGTTTTTGGGTAATCCATCCAGGGCTTCCACTACGACTCTGTTGGTTACTTTTAAAGCTTCCTGAAGGGTTTTCCCCTTAATCAATTCGGTTGCGATGGAAGAAGTGGCAATAGCAGCACCACAGCCGAAAGTTTCAAATTTGGCGTCTTTGATGATTCCGTCCTCTATTTTGAGATAGATGGTCATTACGTCACCACAAATGGGATTTCCAACCTGTCCTACCCCATCTGCATTTTCAATCCTGCCCACATTGCGCGGATTGCGAAAATGGTCCATAACTTTTTCGCTGTACATTTTACTCAACCTCTTTTTCAAATTTTAAAGGGAGAAAAGCTCCTTAACCTTTCCACTATTTTAGGAAACACTTCAAGCACGGTTTTAATTTCCTCTTTGGTGGTATATTTTCCAAGGCTAAATCGCAAAGAACCGTGAGCTTCTTCAGGTGGTATTCCGCAAGCTAAAAGAACATGTGAAGGTTCCAGAGAGCCAGAAGTACAGGCTGAACCACTGGATGCACATATTCCTTCCAGGTCGAGGCTCAGGAGCATGGATTCGCCTTCCACATATTTTACAAGAACCAGCGAGGTGTTATGAATACGCGCCGCATTTTCAGAAACGATTTTGATTTCTGGTATGCGCTCTTTGATGCCCTTTTCCAGCGTGTTTCTAAGTGCTTCTATTTTAGAAATTTCTTCTTGCATCTCTTTACGAGCAATAGCTGCAGCTTCCCCCAATCCTACTATGCCGGGGACGTTTTCGGTGCCTCCTCTTAACCCTCGTTCCTGATGTCCACCTATAATTTGCGGAGCCAGCTTGATTCCTCTTTCTATGTACAGAAATCCCACTCCCTTGGGACCATAAAATTTATGGGCCGAGGCGGAAGCGAGATTTACTCCTATTTTTTTAAGGTCGACAGGGATTTTGCCTATGCTCTGCACGCAATCAGCGTGAAAAGGTATTTCATACTCTTTACTGATTTTAGCAATTTCTTTGATAGGTTGGATGGCGCCGGTTTCGTTATTAACATGCATTATGGAAATTAAGGTGGTATCTTTGTTTATGGCTTTGCGTACATCTTCAGGGTCAACCACTCCCTGATGGTTCACCGGTAAAAAAGTGACCTGGAAACCTTCTTTTTGTAACGCTTTGCACACTCTCAGTACTGCTGGATGTTCTATAGAAGAAGTGATAATGTGCCCTTTCTTTTTTTTGTAAGCAATTCCCTTGATAGCCAGATTGTTGGCTTCAGTTCCCCCGGAAGTAAAGACAATTTCTTCTGGCTGAGCATTGATTAGTTCGGCAATTTTTTTTCGGGACTCTTCAATAGCCTTTCTAACGGTTTGTCCAGGAGTGTGAAGAGAAGAGGGGTTAGCAAATTGTGCTTCCAGATAGGGTAGCATTGCTTCTTTAACCCTGGGATCACAGGGGGTAGTTGCATTGTAATCAAGGTAAATCATGGGAAATCCCCCTTAAGATTTTAATTCTACTAAAACTATAGAAATAGTAATTGAGAACATTGTATATCGCCCTTTGTCTTTAGTCAAGAAAAAGCTCTGTTTCAGGGCAACACAGTGGTGAATGCGATTTTAGTGAGTTTTGAATTCCTGGACAAGAATGCGTGAAATTTAGTTTTGTCGTGAATTTTTTCTCTTGACCTGTTAAAAAAGATCTTCTAAAATGTTTAAGAAATTTAACATGATAAATTTTTCACTTAAGGAGGCAAAATTATCATGTCTTCTTTAAAGACCCAGGAAATACGTCCTCAGGTGCTGGAGCTACTCAAAAAGAACAACCCCGATCTGGAAATATGGTGGGATGCACACCCTGGTTTTTACCGCAAATTCCTCTCTAACCTTGCTGAAAATGGAGCTAACGAGGAAACCATTGCTCACCTTCATAGATGGATGTCCCATAATGAGGCTGGCACTTTCTTTTTTGATGGTGTGACCACCAATCCCCCCCTAACTCTTAAGTTCCTCCAGAGTTTCCCTGGCGTGGTTTCCTATCTCAAAGAAAAAAGCGAGCAGGCAAAGATAAACACTGGTGAACAGTTTTCCTGGTTTGATCTTTACTGGATGACAGGAAAACTCGGTGTGGATAAGTTTCTCTCTAATTTCTACCGTAGGAGTAGAAAATATGGTTTTGTTTGTGTACAGGTGGACCCTCGCTATAGTAAAGATGAAGAAATAATGAAGCTCCAAGCACTTCAGCTCTCTAAAATAGGCCCCAATGTGATGATCAAAATTCCTGCCACCAAAGCGGGTTTGAAAGTGATTGAGTTTTTGACCGAACTGGGTATTCCTACCAATGCCACTTCTTGCTTCTGCACTCCTCAGGTGTACCAGGTTGCTCAGGCGGTTAAGCGGGGATATCAGAGAGGTTTACTGCGAGGGGTAGATTATAGTGGCTGGAGATCAGTGATCACCATGATGAGTGGAAGGTGGGAAGAATCTCCAGAGCTTTTTGAAGAAGCAAAGAGTAAGGAAATCGAGCTTTCTGAACTTGATTTACGCTGGTTTGGTATTCGCATGGTCCAAAGAGCAGTAGAGGAAGTAGAAAAGCTACAGAGTCCTACCAAGGTACTCGTTTGCTCAACCAGAAAAGGTCCCGGCGAAGATTATCTGCACCTGAAAGCACTTTCTCGCTTACCAATTGTAATCACCATGAATCCTGACGCCATTACCTGGGGAATAACGCTTCTTGATGGGGAGGCGGTGGAAGATTTTGTGCTGGAAATGCCTGATGAGGTTGCAAGTAAACTTGAAAAGCTGGAGTTTGTGCGCAGAACCTGGGATGCTCAAGGCTTTTCTATGGATGAAATAGAAGCTTCAGGTGCTCAGATTAACAATCTCCGTTCTTTTTCGGATGCCATGAGCAAAATTGAAGAAATCTTTACTAAGTAGTTTTGAGCTTGTTGTTAGAAGGATCATGATGCAAAAAGAAGAGCTGGAAAAATTTGCTTCTCGTGTACGCAAGCGGATCGTTCAGGCTACCTGTAGGGCAGGGGTGAGCCACATTGGTGGTTCACTTTCAATAGTAGAAATACTTACTTGTCTTTACAATGGTGTCCTGAATGTTAGCGACGAAAATCTTCGCTCAAGGGAAAGAGACCAGTTTGTCCTTTCTAAGGGTCATGCAGCTTTGGCTCTTTATTCGGTCCTTGCCGAAAAGGGTTTTTTGACCGAATCTCTTTTTGAAGAGTATTGTTGCCAAGAAGAAACTCTTCTGGGTATTCATCCTGAGCTTGGAGTGCCGGGTATTGATGCAGCTACCGGTTCTCTGGGTCATGGTTTGGGCATCGGGATTGGTCTGGCGCTGGCTATGAAGATGAAGGGGTTAAGCCATAAAGTGTGGGTTCTTGCTGGTGATGG
CP121689.1_gap21	776951	777740	789	ACCGTCAGTTGCTTCGGGATAAGTCGTTTTTGGAAGCTCTGGGACGGACTGCTAAGGTTCTGGTTATTTGTGTAGTTTCGGAACTTCTTATAGGGTTAGGGCTTGGCATGCTCTGGAGCAGAGAATTTCCTGGAGAGCGAGTAGTTAGAGGGTTGGCCCTTTTACCACTTCTTGTTGCGCCCTTAATTCTTTCTCTGCTCTGGAATTTCATGTTTGAATATGATTTTGGAGCCGTAAATATGCTTTTGAGCGCTCTTGGCTTGAATAAGGTCTACTGGTGGGCTCCAGAGAGGGCGCTATACACTATCTGTTTTATTACTATCTGGCAATGGTTTCCCTTTTCGACGTTTGTGCTGGTAGCTGGTTTAAGGAGTTTGCCTAAGGATGTTTTTGAGGCAGCGCGAGTGGATGGGGCTTCTAACTGGTATGTCTTTCGGAGATTAACTCTCCCCATGCTGAGTCCCCTAATAATGATTATCGTGGTTTTGCGAACCATGTGGCTTATTCGACTTTTTGATCCCCTTTATGGAACAACCAGAGGGGGCGTAGGCACAGAACTCCTTGATTGGATTGTCTATCGTACAGCCTTTGTGTACTTTGATATTGGCTATGGTTCTACCATGGCTATTTTTTCTTTGCTCCTTACCATAGCATTGTGTGCAGTTATGTTTAAGTTCTTGATAAGAGCACTTGGTGGAAACAGGTAAAGAGAGGGTGAGCACTTTGAAACCTTGGGGAAAATTGCTTTTCTGGTTAATTACTGTAGTGGTGCTTTTTGTAATAGTTGGC
CP121689.1_gap22	789789	791299	1510	AATATGGTTTATGGAAGACCATTAATCAAAAGAAGCACTGAAAAGGGTAGCGTAACAATCTGGGGTAGTGATTCTTATCCTTGGAAGAAAAAAGTTGAAAAAGCAGATGTTATCGCCTTCCAAAGGGTTCATCCTACTTCTCTTTTAGAAAGAAGAGAAAATCTCGAACCACTGTTTAATTTTTGCAAAGTGATTAGTGAAGGTTTTGATCGCGTTTTCTTTTGTACCAGGAGAGAAGTGAGTGGGTGGGTCAGGAATCTTTTGGAATTAAAAGCTTCGTCCCTTACGGGACGCTTTCTCTTGTTTGATGAGACACAAGAAGAACTGATATTTCAAATCCGAGAAGAACTCAGTGATGAACCAATTTTACTGGTTTTTTTGGGGCGAAAAAACGACGAACTCGATTTGCTACCTCTTGTTTTTTTCTTTGATGAGTGGAAGAAGGCTTTTGTTGGTAGAGAACGTGGTGTCTTTGCAGAAATAGCGCGTTCGATGTTTTGCCCCTTTTTCCCTGTCAGGCTGGAACAGGGTTCTTTTTGGCATTACAGTGAGCTGGTGTATGTTCCTCTTTGCTGTGCTGGGTTAAAAACAGGTGTACACGACTTGGAGGAAGGTTTTTGGTGGCTGCAGGAAGTAGGGAAGGAAGCGGCCATTTTCTGTGCTTTAGCCTTTCATTCCTTTCTGAAAAATGGCTACCAGGTATTCTTTGTAACAGAAGATAGTTTTTCCTTTAACCTGGCAAATGGATTTAGGTCGGTTTTTGAAAGGATTAGCCAGGGGGAATACGACCTTTTTCTCCGGGTTAGTGATGTGCAGCAATTTGGCGAAACCTTTCTGGAAGCGGTAGATAGGAATGACAAATGTTTGGTGTTTTTCATACAAAGGAGAAACAAAAACTCCAGGGTCGACTTGCAGGTGAAGTTCCCGACTGAATTTAGGGATTCCGTTTTTTGGGAAACTGCTTTTTCTCCTCTTCATCGTAAAACCTATCGCAGGATTAAGAGTGCACTGTTTGACTCTCTGGAAGAGCTTCTTTCTGAAAAGCGTATTCCCTGTGTTTATTTGTCTGTAGAAGGAGAGCTCTTCTTTAGCGCTGGAGTTCTGGGTTCTTTTCTGCAAAGTCTTGCCTGTTATCTGGGTTTCTTAAATGGTGTTAACCTTTTGGAAGAAGTGTATCCGTCTTTTTTACACCGCAGTTTTTGGCAAAATCTTCAGGGCGGCTAACGAAGGAGTGATTATAGATGCATATTGTTGGAGACTTGCATGTTCACACCCTGGCAAGTGGACATGCTTACAGTACAGTTTTGGAGAATGTCCAAGTTGCCAAAAGGAAAGGTTTAAAAATCTTGGGAATCGCCGATCATGGTCCCAGCATGCCGGGGGGACCAGATCCCCTTTACTTTGAAGCAAGGGGGCATTTCCCGCGGGAAGTGAACGGTTGTAAAATCTTTTTTGGAGTCGAGGTGGATATTCTCGATTTTGAAGGTAATCTGGACCTTGAGGAAAGGGT
CP121689.1_gap23	802636	803905	1269	CTTTATCGTGCCAAGGTAAAGTCAAAGACCGTTCGTTTTGAGGGTGGCATTTTAAGGCAGTGTGAGGTCGAGGACTCTGATGGGTTTGGACTCAGGGTTATCAACAACGAGGGCAGGCTGGGTTTCGTGGCCTTTAATTCTCCCTCTCTTTTTGAGGAGATGCTGGAGAAGGCCTGCTCAATCAGCAAGTTTGGTGACCAGGTAGCGTACACTCTACCCTCGTATCCCGTTTTAAAGGGTTGGGATAGCTTTGTGGACCGACGGGTGGTTGATATTGATTTTGCCGAGATGATAGAGATAGGAACTTATGTCATCGACCGCATCAGGGAAGAATATCCGGAAGTCGTTTTAAATCTCAGTGTAAAAGCCGGGACGGAAAAGAAAGAGCTTGTGAACCATCATCAAGAGATGCTTTCTTTCGAACGAACCTTTTTTGGGGTAGAAGCTGAAGTGAATTTGACCAGAGAATCAGATATCCTGGAATTCTCTGTGGAGAGATTTTGGGGTAATCGTGATATTGACCTGGACCACTTTATCAGCGAGATACTTTTCAGGTTGGAATTTTCGCAGAAGGAATGTAGGGTTGAAGGTGGAGCTTATCCCGTTCTTTTCACTCCCCAGGGTTTGCTGGTTTTACTTTATCCTCTTTTTTACGCTTTGAATGGCAGAAATATTGCCTTTAATCGCTCTTTTCTGAAGGGCAAGTTGGGAAAACTGGTTTTTTCTCCACTTCTATCTCTTGCTGAAGTGCCTTACGAAGCCTGGACACTTGGTTCCTGTCCTTTTGATGATGAAGGGATTATGACTGTCCGGGAGAGGGAACTGATTGTGGCTGGAGAAGTCAAATCGGCCTTTTGGGATCTTTTTTCTGCTTTTCTGGAAGGCGTTGAACCTTCTGGGAATGGTTTCAGACAATCCTATCGAACTCTTCCCTATCCTGAGCTTTCCTGTGTTAAGATTAAAGGAGGGTTAAGGAGCCAGGAGACCCTTATTGAAGAGCTGGAAAAAGGATTGATTGTGGATAGTGTCCTGGGTTTAGGTCAGAGTAATGTTTCTGCTGGGCACTTTTCTTGCAATGTAAACTTGGGTTTTTACGTTGAGGACGGGGAAATACGAGGACGGGTCAAAAATGTGATGATTAGCGGTAATGCCTTTGAAGCCCTTAGAAACATTCAAGAAGTTTCCAGAGATGCTCGCTGGGTCTATGGCAGGTGGCTTTTGCCCTGGATGGTTGTAGAGCCAATAAGAGCGGATGCCAAAGCTTAGTAC
CP121689.1_gap24	812285	815206	2921	CTTTTTGACGAAATAGAGAAGGCACATCCCGATGTTTTTAACATCCTTTTGCAAATTCTTGATGACGGAAGACTGACCGACGGTCAGGGTAGAACAGTTGATTTTAAGAATACGGTTATTATAATGACTTCTAATCTGGGCAGTCACTATTTCAGAAATGTTGACCCTGAAAACGCGGAAGAACTGCGGAGAGTAAAAAACAAGGTTTTAGAGGAAGTGCATAGTAGATTAAAGCCCGAGTTTATTAACCGCATTGATGAAATAGTGGTATTTAATCCTTTGCGCAAAGAAGATATTAAAAAAATCGTTGATCTTATGGTGTCCAGGTTGCGAAAGCGGTTGCAAGAACAAGGTATGGACCTGGTTCTTACAGAAGAGGTCAAAGAATTCCTTGCTGAAGCAGGCTATGACCCCGATTATGGGGCCCGACCTTTGCGGAGATTGATTCAAAAACAAATAGAAGCTCCCCTCTCTGGTGAGCTCATAAGAGGTACCTTTCAAGAAGGAGATGTTATAGAAGCATATCTTGATGACAGCAATCAGATTCGTTTTCGAAAATTAGAAAAAGTGAGCATTTAATTGCGGATTCGAGCCTGGAAAGGTAGTAAACAAGATATGGGCGGTAAAAATTAAATAATTTTAAAATTGATAAGTGATTTGCTTCACTTTTTTTGAAATTCGGTTTATAATAACCCAAAGTTTGGGTGAGAAATTTGTTTTAGGGGGAGATAGTGGTGGCTAACCTTGAAGTAGAAGAAAGAACCAGAGATATGGAGATTTCTTCTGAACTTGAAGACACCTTGCTTGGTGTTTTATCCCGCTTTAAAGGGAAAAAGGGTGTTCTTATCCAAGCCTTGCATGCGGTGCAAAACATAGTTGGTTATTTACCACCTTCGGTGCTAAGAATCGTTGCGCGTGAACTTGATGTTCCTCTTAGCGAGGTTTATGGAGTGGTAACTTTTTACCACTTCTTTTCTATGAAACCGCGTGGAAAGCATGTTATTCAGGTGTGTCTGGGTACTGCCTGCTATGTGCGGGGAGGACAGGAAATCCTGGACAAGATTCAGAAAGAGCTGGGAATAGGGGTTGGGGAGGTTACTGAGGATGGTCTTTATTCGGTTGAAGTGATGCGCTGTGCTGGAGCATGCGGTCTTGCGCCAGTGGTGCGTATAGACAACGACGTTCATAAAAGAGTGAATCCTTCTCAGATTATGGAAATTATTAGCAATTACACCTGAGGTACCGGATGAATAGATGAATGAAAGACCTCTCTCTTCATATTCTGGATCTGGTTGAAAATTCTCTTCGAGCTGGGGCCAGTAAAGTGACTATTGGTGTTTTTGAGGATACGTCTTCTGACACCTTGCAGTTGCTTATTAAGGACAACGGTAAAGGTATGGAAGAGCATGTCTTGAAGCACGTTTTTGACCCCTTTTTTACTGGTCAAAACAAGAGGAAAAAAATCGGTTTGGGACTTCCGCTCATCAAGCAGCTTGCTGAACAGTGCGAAGGAAATGTCCGTTTGAGTTCTCAGAAAGGCAAGGGAACCGAGCTGATTGTCACCTTTAAAAGGAGCCACATTGACCTTCCTCCGCTTGGCGATATTGCCGAGACTCTGGTTGCTCTGATTGTTGCCAACCCAGAAGTAGAGTTTGAGTTTGTACATAACGTGGATGGCGTTGAGTGGCGTTTTAGTAGCAAGGAACTCTTAGAGTATCTTGGAGTGGATAGCCCTGAGGATTTGCCAGCTGTCTTGCCGGCTGTTAAGGAGTGGATTAATTTTCAGGAAAAGTCTTTTCGAGAAGGAGGCGTAAATGATGAAAATTAAAAGCATTGAGGACCTCAAGAGAATTAAGGAGGAAGCTCAAAAAAACGTTGCTCTACGGGAAGGGAAAGCAAAGTATAAGGTTACGGTGCACATGGGAACCTGTGGCATTGCTGCAGGAGCCAGGCAAATTATGTCTGCGGTCCTGGATGAAATAAGCAGGCGCAACCTGAAAGACGTGGTAGTGACTCAGGCGGGGTGTATTGGCCTCTGCGATAGAGAACCCTTGATAAGCGTTGAGAATGGTTCACAAAAGGTCCTCTATGGAAACTTAACCCCAGAGAAGGCAAGGCAAGTTGTGGTTTCGCACCTTGTCAATGGTCAAATTGTGGGTGAATGGGTAATTCACACTGAATAGAGAAGAGGTTGGGAGGTAACGTTATGAATGGGATGGAAAGGTGTCAGGTGCTTTTGTGTGCTGGTGCGGCCTGTATTTCTTCGGGTGCACTTAAAGTAAAAGAGGCATTGGTAAAAGAACTTCAAAAAAACGGTTTGGATAATGAGGTCCGTTTGATAGAAACCGGGTGTGTTGGTCCCTGCAATCTTGGTCCTTTGATGATCATTTATCCGGAAGGGGTTTTTTACCAGAGGGTGACCGTTGAAGATGTGCAGGAAATAGTGGAAGAGCACCTTTTGAAAGGAAGAGTTGTAGATAGGCTTCTTTATCAGCCTTCTGAAGATGAAAGACGTAAGTTTATTCAGGAAATCGATTTTTTCAAAAAGCAGGTTAAAATCGCCCTGCGCAACAGTGGTTTTATTAATCCTTTAAATATCGAGGAGTACATTGCCCGTGACGGGTATCAGGCTCTAGCCAAGGTGCTTTCTTCAATGACTCCTGAAGAAGTCATTGAAGAAGTGAAAAAATCTGGTCTGAGAGGCCGTGGTGGGGCAGGTTTTCCGACCGGGCTGAAATGGGAATTTACCCGAAAGTCACCTGGAGATGAAAAATATGTTATCTGTAATGCTGATGAGGGTGATCCGGGTGCTTTTATGGATCGTAGCATACTTGAGGGAGACCCTCATTCGGTTCTCGAAGCCATGGCCATAGCGGGTTATGCAGTTGGAGCCTCTCAGGGGTATGTTTATGTGCGAGCTG
CP121689.1_gap25	870864	871662	798	TAATACCAGAAATAAACGATACATCCTTACTCCTCCTTCCAGAAATTTGATGCTTTCATTTTCGTATGGGATAAATCGGGCAGGAAGGGCCAGAAGTCACAAAAAGAGATAAAGAAAGTGGGACAAGTGGAAAAAGAGGTAAGGAAAAGAGAAGGAAAAGGGGGATATTATCCCCTCTTCCCTCTCCAGCCCAGAAGCTCTATCTTTTGAAATTTCCAACTTCCGCTAACTTTTATTAAAGTAATGCGCAGGCTGTCGGTAGCTTCCCAGCCCTCACCGTCTGCAGTCTGCACCCAGTGCTCTTCAGCAAGGACAATGGCCCTTGTTTCGCTCGAGAAAGTCACATCTAAGATTTCAAAAGAGTCCTCTACTATTTCACTTTCTTCAAGTCCCAGGTAGGTGTTGAGATGAGTTCTCAGGTCTTCCCAGCTACTCAGAGTAATTTTGGATCCGGAAGAGGCAGAGACGGTATAAGGTATGGTGTAAAAGGTGATTATCTGGTCCAGGTCGTTAGAAAGCAATGCCTGCTCATAGTTATCAAAGAACTGCTCGATTTCCGTCCGCAAAACCAGGGCTGTTTCCTCAGAAACCGTGGTTACCGAACACCCTGCAAAAAGGACAGGTAACACGGCGAACACTGCTAACCAGAAATACTTTTTCATGGTGCTTCCCTCCTTGAGTTTTTAAATAGTATATCAGATGTCCCGCCTGGTGGTTTCATCAGACTCCAGAATTCCCGCTTCCAGGGCGAAGACTATAAGCTTCATCCTGTTTTCAATGCCCAGCTTGGAAAGAATG
CP121689.1_gap26	1021942	1025149	3207	AGAGCATAAAACAAAGCCCGAGAAAAGTTCTTCGTTCGAGCTCTTGCCAGCATAAAAGCCTTCAAAGCAAAGGAAAAAGCTACCAAAAACCAAGAAAGAGGGAAAACAAATAAAAATAACGCCCTGATAGAATAATTATCGGAATAAACTCCATACAAAACCCCCAAGGATAACCAGAAACAAAAGAAAAGCAGATGAAAACGCCAGCTCATCAGGAGGATTTGTTTTCCACTATTCTAAGGCGTGGTTCTTCTATGATGACTTTAGTGTTGGGAGGTATGGAATGCGTAAGCCAGACGTTACCGCCCACAACACTATTTTTACCAATCACTGTATTACCACCAAGAATGGTTGCTCCAGCATAAATGGTAACGCCGCTTTCAATAGTGGGGTGTCTCTTAGTCCCCCTAATTATTTTGCCTCGCTCATCCTTGGGGAAAGAGAGAGCACCCAGGGTAACTCCCTGATATATTTTCACATTATCTCCAATTTCGCAGGTTTCCCCAATGACCACGCCAGTTCCATGGTCGATAAAGAAGCTTCTCCCAATTCTGGCACCAGGATGGATATCTATACCAGTCAGGGCATGGGCGTATTCCGTCATCATGCGGGGAATCAGCGGTATTTCCTGCAAGAAGAGCTCGTGAGCCATACGATAGACGGAAATAGCCAGTACACAAGGATAACTGAAAATAATCTCCTCAATACTTTTTGCTGCCGGATCACCATCATAAGCCGCCTGAACATCGTCTTCAAGCATCTCCCTAATTTTGGGAAGTTTGGAGAAAAAAAGTTCTGTTTCTCTGCAAGCTCTCTCACGGCAGCTGCACAAAAAAGAATGGAATTCTTCTTCCGCTTCCCCTACCGATAAACTACCAAAAGCTTTGGCAATTTCTTCACTCAGTAATGTAAATAGACGGTCCAGCTTGTTACCGACAAAGTACTCAACGTTATTCCAGCACAAATCAGTTCTTCCTAAATAACCGGGGAAAAGCAATTCTCGCAATTCTTCAGTAATTTTAATAACCTGACTCCGAGAAGGAAACTGTCTTTTTTCTATATTGGTAATACGTTCTGTACTCCTATAACTTTGAACCAGCTCTTTAGCCAGTTTCCCTATAGATATCCGATTCATCTCAGGCATAAGACTTAAAAGCGCGCCAATACATTTTCGATGCGCATAATGAGAGTTTGAGGAACACTCTCTCGCTGGCCATTCTGACGGACCAGGTTCCAGAGAAGCTTTTCAAACTCATAACGCTGACAACAAGCACGGCACAAATTCAGATGTTCTTCCAGGGCTCTACGTTCTTCTTCGGTAAGCACTTCACCATCGAGATAAAAATAGAGTTTCTCCACAGCTTCTTTACAATTCATTCTCTACCTTGCTCCTTGTGGACTTATTCTTATTCGAATATTCCCAAAGCAATTTCTGTAAAATTTTCCTTCCACGATGTAAGCGCGACATAACTGTGCCAATAGGGATATCGAGAATTTCAGCCGTTTCTTTATATGAAAACCCCTCAACCAAGGTGAGAATAACTACCGATCTAAACTCGAGTGGAAGACTTTCAATGGCCCGTAACACATCTTCTCTGGTTAGGGTGTTTAAAAGCACTTCCTCAGGCGTAAACCCTTCGAACTGAGGCTGAAAATTAACATCCTCTGCCATTTCTTCCAGAGAAGAGTGCTTTTCTCGATCCCGAACCCGGTAATAATCATTTATAAATGTGTTGGTTAAAATCTTGAAGATCCAGGCTCGAAAGTTGGTGCCCGGTTCAAAGCGGTCAAACGCAGCGTAAGCCTTCATAATGGTTTCTTGCACCAGATCCTCAGCATCTTCCCTACGACGAGTCATGCGTAAGGCTGTCCTGTAAAGCGCCCCCAACTGGGGCATAAGCAACTCTTGAAAAGCCTTTTTCTGGTCTTCCTTAATAGAACTCATCATTCAGGCAACATCCCCTAAGATTCTTTCAAAAAATCGGCATTTCTCAATTTTTCCAGCTCTTTGTGGAAATCAATAACCTCATCGATGGTGATCTGTCCCCGAGGCCGTTCTTTTCCATGTTTACGAGTTATCATTTTTGCAATATCATTCATCTTTTCCAAACTAAAGGTTGCTTCCCCAAAATCTCTGCAATAAGGACAAATATACCTTATGAAAGCTGTGCCGCGATAAGCCGGAATTTTATAAATTCCAATTTCGGTAACATCCTCCAAGGAAATTAACGCTTTGCAACTCTTACATCTGAGAGGCAGTTCCTGCATTTCATCCTCCTGGAACATTTGTTTTTCAAATATTCTACCAATTGGGATAGAATAATACAAGAAAAAATTTGTTTCTAATCTAAAACACCAAAGGAGGCATTGACATGGAACTTCAAGAACTTCTACAACGTGCTTTAAAGATGGAAGAAGACGGACGTAACTTTTATCTTGAAGGCGCAGGGCGTGTCAAAAACCAGCTTGCCAAGGAGGTCTTAAACCACCTTGCTGACGACGAACTGGACCACATCGAAAGAATCAAAGAAGGGTATGAGCGAATAACCAAAAACGAGCCTTTCGCTACTAAAGAAATTCAAGGATTAAAAAGATCTTCTCGCGAATATTTTGAAAACATTTTTACTGAGGCTCAAAAAAAATCCCAAGAATTGATTAAACACGAGGCCGAAGAACTGGATATTCTAAAAACCGCTTTAGACCTGGAATCCAAGTCTCATCAGTTTTATTCAGAACAAATAGGAGAGCAAAGCGACGAGCAAGTTAAGCAATTTCTTGACTTCCTGGCTTCGGAAGAGTATCGACATTATAACTTGATTTTTAATACCATCCAGTATATAACCAATCCCACTGATTGGTATTATCAAGAAGAAAAGCCCATCTTCGAAGGGGGTTGAAAAAAGGGTGGGTGACCCCACCCACCTCAACGTGCACATTCGCGGAAAAGCAATTCATTAGCAAAACTACTTCTCCTCAACACTTGAAAAATATAAAAATAAGCGATAATTTGCACTGGTGTGCTCACCAACCTCGGTATAATCAAAAACTTCCAGGGAATACCAAATAAAGTAGTTAAAAAGAAAGGTGTGAGCAGAAGACCTACAAACAGTTGAGAAACCAAAATGCCTCCCAGGATTCGCGAACGCTCAGAAAGATAAGATGCCATTGCAAAGAACCCCGGGATCATTCCATAAAGCGCAGAAGAAA
CP121689.1_gap27	1031128	1035247	4119	CCATCCTTTTCTAGCTTCTTTCCCTTGCCTCTCCTCTGAGCATTGCTTTCTCAACCTCTTCCGGCGTTGTGGGCCCTGGTTCGTGGACAATTTCCAGACTCTTCAAAAGGACAAGAGCGGCGTGTAAGCGTGGGTTTTCGTCCTCACTTTTTGAGTACTTCCTTAACCACGTCCAGGGCTTTCCAGATCAGGTTGAGCAATTTTTCACCCTGGGCAGAGAAGAACTCCTCCTTCCTCTGGTTAAATTCAGCAACGAAGTAAGGATTTTTGCTCTTCCATTCCCAGACGGTCTGCCTGGTAACCCCGAGCTCTTTCGCTACCTCAGTTATGCTTTTCCGAAAAGCAAGAAGGTAATGGCTTTTTTTCTCGCTGAGGAATCAGGGTGCCCACAAAAAAACAATACACCTAAATCGTTCCACACTCTTTAAGCGCAATCCCAAGTTGGTATATAATGCTTTAAGTAAACTCTGTCAAAGTGTAAAGGGGAGGACAGCGATGACTAAAATCTTACTTATAAAAGTAGGCAATCGTCCCAAAAACGCAGTCAAGGTTCAAGAAATACTCACTCGTTTTGGTTGCAATATCAAAACCAGACTCGGGCTTCACGAGTTTTCTTCAGAATGTGAAAGCCAGGATGAAGGAATAATAATTCTGGAGCTGATAGGGGAACAAACGGAAATCGAAAAAATGATGAGTGAGTTGGAAAAGCTGGAAAGCGTCAAAGCCATATACCAAGAACTCTAACCAACAAATTTAACAAAATCTATCAGGGTGAGGAGAGAAAATGAACAACAAAAAAATTGACATTCAGAATTATGCAGTTGCTCCGGAGCAACTTCGCTGGACCTGCGATCCTGATTCCCTTCCTTTTGAAAACACAGAAGAGGTTTCTTCCCTCGAAGAAATCCTGGGCCAGGAACGAGCTCTAAGGGCTTTAGAAATGGGTCTTGAAACTGAACACCCAGGTTACAACCTTTTTGTAAGCGGTCTCTCAGGATCAGGACGAGCTGAAGCTGTTAAAAAATCCATCCAGGACATTATCAAGCGCAAGAAGGAAGCAGGGCAACCTTTTGAGATTTTTGACTGGTGCTATGTATTCAACTTTGACAACCCTGACCAACCTAAAATACTGCGTCTCTCCAGGGGAGAGGGCAAAAACTTTGCCCGTTCTACAGAAAACCTACTTAAAGTTTTAAAAGAGATTATTCCCAAAGCCTTCAGCAGTGATGAATACAAAAACCAGAAGCAAATACTCATCGATAGCCACCAAAGAAAACACCGCCAGATAATTCAGGAACTTGAAAAAATGGCTCTTGAGGAAGGATTTGTCTTCAGAGCTACCACGATGGGACCAATTCTGGTCCCCCTGGTTGATGGAAAACCGATGACCCAAGAACAGTACTTAGCACTCAGCGACGAAGAAAAAGAGAACATAGAAAATAAACGCCAGCAATTGCTGACTAAAATCAACAAAGCATTCGAGAAAATACACCAATTGGAAATCGAATTGAAAAATCAGATACGAGAACTCGACGAAAAGGTGGCCGAGTTTACTATTACCCCTTATTTTCTGGAACTGATAGAAAAATATCGTGAAATTCCCGACATTGTTGAGTTCCTCAAAGCCCTTAAAAACTTTACACTGCAGTATATACACATCTTTCGAGATGCTCAAGAAAGCCAACCTGTCCAACCTCTTCAACTCTTGCCAATCCAGCGCCTTCAAGATCCTTTTCTACCTTTCAAAATCAACGTTTTTGTTGACAACTCAGAAACCGAAGACCCCCCTGTCATATTTGAAACCCATCCCAACTGGATTAACCTCTTTGGACGCATCGAACGAAGGGCATTTATGGGCACTTATTTTAGCGACCACACCATGCTCAAGGCGGGTTCACTCCACAAAGCAAATGGTGGATACATCATCATGTATCTCAAAGACCTGGTCGTCAACCCTGGAACCTGGGATGGACTGAAAAGAGTTCTGAAAACCGGAATGATTCGGATGGAAGATCCTTTCGAACAGTATGGCCTCATCGCCCCCCAGGGCCTTCGTCCAGACCCTTTGCCTTTCAAAGCAAAAGTAATTCTGATTGGAGAAGAAATCTTTTACCAATTGCTTACAAGCTTTGATGAGGACTTCAGAGAGTTATTCAAGATAAAGGCCCACTTTGACTATCAAATCAGCAAGAATGCCGAAACTATAAACTCATTCGCTGGATTTATAAGAACTTGCTGCCAAAACAATAATCTGCTACCTTTTCACAAAACTGCAGTGGCTAAGACTATCGAGTATGCTACTCGCCTGGTAGCTCACAAAGAAAAGGTAACCTCACGTCTCGGCTTTCTTAAAGATGTGCTTATAGAAGCCGATTACTGGGCACGCAAAGAAGGAGAAAACCAGGTTTTTGAACGGCATGTTCAAAAAGCAATCCAGGAAAAAAGAAAGCGGCTCAATCTTATTGAAGAACGCATACAGGAACTCATCGAAGAAAATACCTTGCTCATTGATACCCAAGGAGAAGTTATAGGCCAGGTAAATGGTCTTGCCGTATACGACCTTGGTGATTACAGTTTTGGTAAGCCCTCAAGAATAACAGCACGGGTTTTTCTTGGAAAACAAGGCGTGGTTAACATTGAGCGTGAATCACGTTTAAGTGGCAAAATTCACGATAAAGGAGTTCTCATCCTAAGCGGTTATCTTGGCTACAAATATGCTCAGGATAAACCTCTTTCCATCTCAGCCAGTATTTGCTTCGAACAATCCTACGAAGGAGTAGAAGGAGACAGTGCTTCCCTTGCAGAAACCTGCGCTATACTTTCAAGCTTGGCCGAAATACCCATCCGCCAGAGCATAGCTGTCACCGGTTCCATAAACCAAAAAGGAGAAGTGCAAGCCATAGGCGGCGTTAACCAGAAAATAGAAGGATTTTTCAGGGTTTGCAAAGCTCGAGGACTGGATGGAACTCAGGGCGTCATCATTCCAGAAAGCAATATTAAAAACCTTATGCTTGACGAAGAGGTAATAGAAGCTGTGAAGGCAGACAAATTTCATGTCTACGCTGTCAGAACAGTCGATGAAGCAATGGAAATATTGACTGGTCTACCCGCTGGCAAAAGAAAGGAAGATGGCAAGTTTGAAGAAGGAACCATAAATTACCTGGTTGACAAAAAGCTCTGGGAAACCGTTACCATCCTTAAAAAACTCCAAGCAAAAGAAGAAGAAAAAACCCAGGAAACAACAAAAGAAGAAAACCAGTCTCCAAAATAACCGTCTCAAAACAGCAAGGAGGGGATTTAGAAAAACACCCTGCCTTCTACAGTGTTGTGGGTCTCCGAATGGCCTGTCAGCGTGTCAAGGATTTTTAAGAATTGATATTTCCCTCCGAGTTAGGTCTTGCTGACTTTATCCAAAATTTTTTGACCTTACTTGACAAATGCTTCAAAAAGTGATTTAATTCTATCTGCTCAGAAAGGTAAAATTTGGTCAATAAACCAGCAAACTGAAACAGAAAGGCGGTGAAAGAATGTCTGAAAAAATGGAAGAAGCCCTCAAACAAAATCGAGCAGAAAGCCCTCCCGAAGAAAAAGTTTCCCGGGAGGAAGTAGAGAAATTGAAGGCTTCTCTTGAAGAACAAAAGAAAATTGCTGAGGAAAAAGAAAAACTGGCCAAGGATTATTTAAACGACCTGAAAAGAGTCAAAGCCGAATTCGATAATTTCAGAAAAAGAGAGATGATTTATCGACAGAACTTTCTAAAAACGGCAAACCGGGATCTCATTATAAGGCTTTTGCCGATACTTGACGATATAGAGAGAGCTCTTTCAGAGAGTAAAAAACGCGGTGAAACTGGCGCTATAGTGGAAGGATTTGAGCTCATTTACCGGAAATTCCTGACCATACTTGAGAAAGAGGGTGTAAAACAAATCGAGAGTATTGGCAAAAAGTTTGATCCCAAATATCACGAAGCAGTAGCCACAGTTTCAGACAAAAATCACGAAGATTATGAAATAGTCGAAGAGATAAGAAAGGGTTACTTAATGAATGACGAAGTCCTGAGGCCTGCTCAGGTCAAAGTAAACCGAATTTCTGAAGACAAATTTGCATAAAAAGAAGGAG
CP121689.1_gap28	1049003	1050596	1593	ATAAATGATCGGTGAAAGCACCAAAACAGTGTGAGCGTAAGGATTGAGGTAATCACCACCCAGAGTAAAGAGAAAGTCCACCCCTTTCGCTATAAAACCTACATTCCACATCACATAAGCAAAAACTGCAAAAAGTACTAAATAAAAATAATCCTGATAAAGAAGATTAAGAAGTCGCTTTCGCCAGGTGTTAAAACAGTTTTTTATAAAAGTCCCAAAAATCTCTTTTGTATCACCTTCAGTGCTAAAAGCACTCTGCACATCAATTCGTAATAAAGGTACATCAAAACGCCTGCCGGAAGCCTGATAAGCTAAGTGTTCAAGATAACTCCTGAATTTGTCTCTGGAACCAATCAGCATTCGTTGATCAGGACTAAGAGGGTTGGGTATCTCCAAAAATAAAAATCGGTAGGGCATTAAAAGTGCTCACCTCTTACTTCTACCCTGAGAGTAGCATCGACAAAAGCCAATCCCTGCATTAATCGAGTTTCACGGGACTGGGTAAAAGTCTCAATGGTTCTTCCACAACATCCAGTCATTTTTTGAAAAAAGTCTGGGGCAAGTGTGATGCCAGTTTTCCAGAAGAAGGGCCCAGGCAGATAAATGCCTTCAGCAAGAGGCAAATCCCTCTCCACATAGAAGGGTAATTCTTTCAAGGCTGCTTCAAATTTATCCTGGAAAATGGTCAACCCCTGCTTTTTAATAAAATTCCTGATGGAAAGAGCTTTTGCGAAAAATGGATGGTGAGACAAAAACTCCTCCCGATACTTTGGAAAACGAAAGCTGAATCTCTTTCTCAGAAAGAGCTCGCTTCTCTGAAACATACCCAGAGGATAACGCAATCGGGCAAGCAAATCCTTTTCTTCCTGAGTAAAATAATCGTGAAGCAAAATCATAACTCCAGCATTCTTGTAAAACAACTCACTTCCCAGCATTACCGTTTCGTGAAGGCTCGAAAAAACCCGAAGAGGATTGAATCTTTTTAAAACATATTGCTGAACTGCCTTAGCTCGACGACTGCGAATGGATTCCAGTTTTCTTCCAAAAGCCGCATTAGCATCTTCCCACCCAAACATGTTTCTGATATGCCTCAAATTTACAACTACCGGGTTATGAATCTCCTCTCCACTTCTGTCGACATAGGCACGAGTCTCTTTAACCCAGCCATCAGGATCAACAATTGGTAAAAAACCAATGAAACTCGATTCTAAAAGCGCTTGCAGCCTCCAAGCATTTTGCACCAGCGAAAAGAAGGCAGCCAAAAGAGTGGCCGAGTGGAGCCTCTCTCCACCGTGGCAGGTTGCTTCGAATACCAGGCGCTTGCTCCCAGGAGAAGGATTGCCAATTTCCAGAACCGGTATTCTGTTACCCAGAGGAGTCACAAACGGTCCATTAACTTCTTCGACAAACGATATCCTAACGACCAAATTAGAAGGCCACTCGAGCTCATTCAGTCTTTGCTGAATTTTCTCAAGAAGCTGAGGATATTCAAAATCCAACCAGTTTAAATATTCCAGAGCGGAACTGTAACTGATCAACTCCTGGTCAGGACAATCAGCAATTACCCTGCCGTTCAAGACTTGTCGCCATCCT
CP121689.1_gap29	1068746	1071702	2956	TTTCCTCCCCATGTCAGACCTCCTTACGCAATCTCTGCAAGAGGAAAGAAGAAATCACCAGAACGATAACCAAAAAGATCCAGGAAAGACTACAGGCATAACCCAGATCAAAATATTGGAAACCTACCGTATAGGTATAGTAGGAAAGAGATTCCGTACTACTTCCAGGCCCTCCACCAGTGATACCGAAAACCAGTTCAAAAAGTTTAAAGGCATCAATCGCTCTCAAAAGAACCAAGGTAACCATAATGGGGGAGAGCAGAGGGAAAGTAACATACCTGAAAGCCTGAAAACGGGAGGCACCGTCTACAGAGACTGCATCGTATAGTTCCACAGGCAAGGATTGAAACGCCGCCAACAAACCCAGGAACATAAAAGGCGTCCATTCCCAGACATCCACAGCAATCAAAACGAAGGGGGTAAGTCGGGCATTGGTAAGCCAGTCCACCACGTTTATTCCCAAACCGCCCAGAATCACCTTCACAATGCCAGCATCAGGATTAAGGAGCATTCTCCATATGAACGCCACGGCGATAGGTGGAGAGGCCATTGGCAAAAGAAAAAGCACTCTGAAAAAATTACGAAAACGGATGCGTTCGTTAAGAATATAGGCAAGGAGTAAACCCAGAAAAAGTTCCAAAACCACAACCAGAGCTACATAAAAAACCGTAAAGCGTAGACTGTTCCAGAAACGAGCATCTCGAAAAAGGATATTATAAAAGTTTTGAAAACCTATAAAGACTCGGGGGGCAGCGGTTGCTGCCTTCCAGCGTTGAAAGCTCAACGTCAAAGACCATATCATTGGAAAAACAGCCATAGCTGCTAAGTAACCTAAGCCAGGTAGTAAGAAAAGAAACTTAACTGGACTTCTGGAAAAAGAGCGCAAACCGAACCACCTCCAGTGTGGCCTGAAAAGGGCTATTTACCAAAAAGGCCGGGCTCAAGCCCGGCCTTTTTGATTTCAATCAAGGCCCAGCGATTCTCGATAAAGCTTGCGCTGCGCTTCTTTACCATAGTTTTCAGTAATTTTTACCCAGTCTTCATATATTGCCTTACAGGCTGCCTCCGCTTCAGTTTGTCCTGAAAGAACCTCGGCAAGATGCAAATCCAGATAATCGTAGTACTCCGCAGCTCCAGGAATCCTCAAATCAGTAACCGCTTTGGGATCAGAAAGGATGGTACGAATAGTGTTGAGATACTTTTCTGCCGATTCTTTGCTCCAACCTCCCTCAACCCATTTATCCAAATCTTCGAAATGGGAGAGACGCCAGGGATTAGCACCAGTATAACCATGGATTCCGCAAACATCGAGAATGCTTCGTTCTGGAGCAGTAAAGTAGGTAGCAAACTTGTAAGCAGCTAAAGGATTTTTAGAATATTTGGAAATGGAGAACACCCAACCACCAAAGTTCAAGAAGTTCACCTGGTTGTAACCTTCAACCCATTTACCTTCTTTGAAATCATAGGTTTTCTTGGCTCCGGGAAGTGGACCATAACCAAGCAATCCTTTTACCTTGCTGCCATACTCTTCGGGAGACTGTTCCATAATACCAATATCTCCCCAATCAATAGCCATTGCAGAGTTACCTGAAACAAAAGCTTGTCGAAGCTCACTATACCCATAGCTCAAAAGGCCCGGAGGGGCAAACTGAGTAGCCTTCTGGATCATTTTCATAGCCTCAATCCAGCCAGGATTTGCAACCAGAGGATCCATGGTGTCTGGGTCAAAGAAAGGAGCAACTCCCGGCTGTGCTGCATACTGCATCACAAAGTCGAGATAGGACCACATAGCCTGGGTTTTACGTTTGGCGATAAACGCAAAACCATACTCTGTTTCACCGTCGTTATCCCAGTCCCATCCGTTGAAAAACTCGGCAATATCCATTACTTCTTCCCAAGTCTTGGGAGGAACGTTATAGCGGTACCCATATTTTTCCTCAAATTGCGCCTGATAATCGGGGTTCTCCAGTGCGTCTTTGCGGTAGTAAAACATATGACAATCTCCATCGTATGGAAAAGCATAAACTTTGTTAGCCCAGGACACTACCACTTTAATGGCCGGCATCACATCGTCCCAGCCTGGGTAGCCATATTCCTTCATATAATCATCAAGCGGAATCACCCATCCTCCGCCCATAACATCCCCGGCCCAGGTGGAAGGCCAGCAAATGAGGTCATAAGCCCCGGTACCGGTAATGAAATCGGTCATCATTTTGTCGAACAAGGATGCGTAGGGTACAACGATTATTTCAACTTTTGCTCCTGTCAGAGCTTCCCATTCGGGTTTCCAGGCCTCAACTACTGCTGTATGAGGATCAGTAATTAAGACCGTAATGGTTTTGCCCTTAAATTCACCTTCTTGAGACTGCCAGGTCTTTTCTGCAGCCCAGGCTACCGAAAAAACAAGCAGGACCAACACCACAGCGAGCAAAGCTTTGCAGGAAATTTTCACAATCCTCCCCCCTTGAAACTATTTGATAGGATGTTTTAAGGATAGCATATGTAAAAGCTGATTTCAATTTTCTGTGTGTAAAAGAATGTAAAAAACCAATCTTTTCCGCGTGGTAAAGCGTCAATATAACTAATGAGTGAGACCGATAGAAGTTTTAGCCAGCTTCCAGAAGAGGGAATTAACGCCTTTCAGGACATAAGAGGGAAACCCGGGCTTCCCTCTTATGTCCTGGTTCCAAATTCTCCTTACTTAAAGGGCCTGTTCCCCACTTTCCCCGGTGCGGATACGTACTATATCCATAACTGGAGAAACAAAGATCTTCCCATCGCCAATTTCTCCAGTACGCGCCACCTTAGTGATGGCTTCAATTAATTTTTCCTTATCAGCATCACGCACAATTGCTTCAATCTTTACCTTAGGAAGAAATAGTATCTCGTACGCCCGTCCTCGAAACTGTTCCACCAATCCTCTCTGAGAACCTCGCCCTTCAACTTGGTAAATGGT
CP121689.1_gap30	1079482	1080556	1074	TTCCTCAAACATGCGGCGAAGCCCTGCAATTTGATCCCGGTAATAGGGAATGGGCGTCAATTTTTCAGCAAGATAAGTGAGTTTAATTATGGTCTCATCTGAAACATTACGCAAAGAGTTGACTATTAGTTTTACCACCTGTTCTGTGGTAAAAGCCTTAATAGAATCAAAATAACTCATATATAAAACCACCTCCCGCAAATATCCAGGCTATTATACCATAGACCCCCCGTGGGTGGTCAAGTTAAGAAGCCTGGCGTAACAAATCGTACATCTTCTTCACTTCTTTGATATCCAACCAGGTCAGGTATCTTGGAGAACCAGGTGCTCGTGAATTATACCGCAGAAGGAAACTGGGGTGAAACATAGGGAAAACCTTCTTGCCACCCCTCCAGTCATACCACTGACCACGCAATTTACTGATGGGCAACTTCGTATCAAGCAAATAAGAAGCAGCAACACTACCCAGAGCAACTATGATTGAGGGGTTTATAATCGCAATCTGGGCTTCAAGAAAAGGAAAGCAAGCCTCTATCTCCTGAAGGGTAGGATTGCGATTCCCAGGCGGCCTGCACTTAACCATATTAGCAATATACACTTCTTCTCTGGTAAGATTCACTGATTGAATTATCCTGGTCAACAACTGGCCAGCCTTGCCCACAAAAGGACGACCAGTACGGTCTTCTTCCTCTCCAGGAGCTTCTCCAATAAACATCAGCAAGGCGTCCGGGTTGCCTTCTCCAAAAACGGTTTGAGTGCGTTGCTCAGCCAGTGGACACCGGAAACATCTTTTGACTTCTTCACGGATTTCTGCCAGCAAATCTTCTTTCCTCACCGTACCAAAAAAAACAACTACTGCTTCATTAGTTCACTTTTTCATTGTAACACAAGAAAAAGAGCCTGAAATAGGAGCACAAATTAGCAACTCAGGTAATTCTAAAAGCGACTTAGCACCGAAAAATTTCAACCACCAGTTGCAGAGGGTATTTCTATTTCCAAAACCCGATAATTGTAGCAGTTAATCACCAAAGTTTCATAAAAAAGGTCTTGCAGGCTTTGCCTACGATCGTAAAG
CP121689.1_gap31	1112888	1116752	3864	AGAGTCTCTGCCGTAGTACCCGATTTGGTGGACACAATGAACATGGTATTCTCGCAGGGCAGCTTATTTTCCAGGTACGTTATCCAGTCCGGATCAGTACTATCAAGAACCAGTAAATCCAAAAAACCCTCGGTCTTGCCAAAAACCTTGCTAAACATTTCGGGAGCAAGGCTGGATCCGCCCATACCTAAAAGACAGGCAACTCTAAAACCTTCTTTTTGCAGTTCCTCTGCAAATGCTTTCAGTGTTTTGATTTCCTTTTTCATCTGTTCTGGCGAATCAAGCCAGCCCAGGCGGTTAGTAATCTCCTCTGGTGAAGGTTTCCAAAGGGTATAGTCCTTTGCAAACAACCGTGAAACCACTTGTTCTTGCTGCATTCTCTGAAATCTGCTTTTAACCTGTCGCTCAAAATTGCCCCAATAGATTTCGGAAAAAGGGTATAGCCACATCACAACCACCACTTTTTGGCCTTGATTATACACCATATTCCCTCAACTCGAAAAGAAAACACTTTATATTCAACTTGCCCAGAGGGTCTCTTTCTGGTATCTAATTTAAGTCTACAACTCTTAAAAGAGGAGGAGAAAAAATGAACCCTCAAGTGGGAATTATTATGGGGAGCGACTCAGACCTGCCAGTCATGAAAGAAGCAGCTCTGGTTCTTGAAGAGTTCGGTATAACCTTCGAAATAACTATTGTTTCAGCCCATAGAACTCCAGAAAGAATGTTCAATTATGCCCGTGAAGCCGCTGAACGCGGTATTGAAGTCATCATCGCTGGAGCCGGTGGAGCAGCACATCTTCCGGGTATGGTCGCTTCCATCACTCACCTTCCAGTAATCGGAGTTCCAGTGAAAACTTCCTCTCTTTCTGGCATTGATTCTCTTTTCTCCATTGTTCAGATGCCCCGAGGTGTACCTGTGGCTACAGTAGCTATCAATAATGCTCGCAATGCCGGTTTGCTTGCAGTAAGGATTCTCTCCATAAAATATCCCAAGTTACAGGAAAAATTAAAAGAATATCAGGAATCCATGCGTGAAAAAGTTGAAGAAAAAGCAGCACTGCTTGAGCAATTAGGATATGAAGGCTACCTGGACAGTGTCCTTTCTTCCCACAAACAAAAACTTGATTGACAAAGTACTCCGAAAAGATTATATTTCAGAATGGGTGGTGCGCCTGTAGCTCAACAGGACAGAGCGGCGGACTTCGGATCCGTAGGTTGGGGGTTCGACTCCCTCCAGGCGCGCCAGGAAGGCTTAAAAACTCCTTTCTTATCTATCGCTTATCTGCAAAGTACTGAAGCAGCTGTCCAAAGAATTTTGAAGGAGAGAATATTTCACTATTAAGAAAGTATTTTGACTATCAGCTCTAACATGCTGAAGTTTAGTATCCAATCCATGTTTTCCATGCTTCTTATTAACGGTTCTTTCATTTTGTGCCATCCAGGTCCATCGGTAACCCATAGAAAATCAATGCCTTTTTCTTTGGCCACTCTGTTCATTTCGACATAGCTTTCTGCAATCGATATAGGCTTACTGCCAGTTGTGTTGTAAAAATTACATTCAACTATGAGCACAGGTTGATGATTTCTGTAAATGACAATGTCATGAGTTTTACCTTTATTCTTTCCAGAGGTTGAAGAGTATAGCGAAAAATTGGGATCGTTAAATATTGGCATATATTCCGTTCTCAGCGAGGTTGCTACTTTATTCTGGCACATCTTTTCAAAGATCTCTCCACTTCTATTTTTTCGAGCGTTAGTATCTATACCTACTTCTACGCCAAGGAGATAATCACAAATATCTTTCGTTTGTTGAAATAGGTTCATAATGCCCGTTTTATTACAGAATTCCACAATTTTCGCTGCTGTTTTCCTGTTTATTTTTTCTCTCTTAAATTCGAAAACTACGATTTGTTCTAACTCTGGGTCAAAAATGTTGAGCTCCCCATTTTTAACCCTTTCCGCTATAAGAAAGGGTAATACTTCTACTACCTGTGGATATTTAACTATAAGATTCTCCAAGTGCTTACTTCTTTCTGAAGCATCCACTTTTGTTAAAGAGTTTAACAAAGAAAGCTCGCTAAGGTATTGACCAACCAGAGCTCTTACTTTTCCCCAGTCTACAAAATAGTCGTAAGTTTTATTTGAAAGTATCAGTTTTTGAAAGAAATACTGTTTGTATTCTTCGAAACTCGAAAATCCCAATTCTTTGAATCTTACCACTTTCCACCATTCCCTAAAAAACCTTAAGAAAGCAAGATGCTTACATTTGGTTCTATGAACTTTCCAACACCACATATAACGTTTAAGCCTAAAAATTCTGTTTTGGGGTTTCTGTTGCTATTCGTTTTCTTAGGTGGCGTATTACCTTCATTGACATTTCTCGCCCTTCTCCGTGAGGATAATTACAGTCTTCTTGCCCCCATATCCATTTATAGGCCTTGAGTATAAGCTCAGGAGGTTCCCCAATCAATGCATTTAATTTTAAGGCCTTTAATACGTCTTCTGGCTCTTCGCCTTTAAAAACTTTTTCAAGTGCGTCTATTAACCTGACGGTTTCTTGAGGATTGTTTTGAGCTTTTACTTCGAGGTCGTTGCATATATCTTTATGAGAAATTAACCAAAGTCCTGAATTATTTGGGTTGTAAACCCAAACCATGAAATCTTCTCTCTTGATTTGGCCATAAGTAAATTTGCCGCCTGGTTTAGTGATGACGATCTTTCTTCCGTCTGCTAACTGTTCAACTTCGTAGCCCCTGTATTTAACACTTTCCAGGTGTTTTCTAAATTCTTCCCTTGGTTTGTTCTTTATTGTAAGAGGGACCAAATCGATTTCGTGAATGTAAATATTTCTTTTTATCCCCTTTTTCATTTCTTAACCTCATATACGAGCAAATACTGGTGAACTATCTCTAAGTGTCCCTTCTGTATTGGGAAAGTATGATTTGGTTTTTCTTGAGTAACAACCACTATTTCTTTGAGCCATAAGCTATTCTGATTCAGTATATCAACAATTTTTTTACCTATAGGCTCTACAAACCCATTGATTCTCACGTCTTTAGCTTGAATGACTATATATCCACCTTTAGTTATATTGGGTAATTCTTGATTCACAGTTTCTTTTAGCCTTTGTAAATAATGATCGATGTTTGACAGAGAAGAACAAACATCCAAAAATGGAGATTTTATGAACAACAGATCCTTGTTTTTTAGTCTGTTTTGCTGGGTACAGTTCGTTTTCTCCTGGTGGCGATGCGAAAGGGCTATTATGATGTAGTCGTTATTTTTTGAGTATCTATCTATCACGTTTTCGTTTAAGCGCTTTTCGAAATCTTCCTCTGAAAAGAGCCATACAGTTGTGGTTTCAAGTTCGTTTAACTTGGTTGATGGTGAATCGTAAACAAGCGCAGTAATCGGGTTATGATCTACTGTTTTTTCTTCCGAAAAATCGTGTTCGATCAGGGAGTTTTTTGGTTTTTCAAAAATTGGCAAATACTCATGTGCTAAGAGAAGAAAATTGTATTTTATACTGTTTTTATACCAAAACCCTGTTGTTTTGCAATTATGCTGTCGTTTAATGACGAGTTCTCTCAATTTGAATCCCGCACCCAGATAAACATTTATAAGTTGAAATCCCAATGGAATCACGTGTTTTTTTCTGCGAGTGTCCCCTATCAGGATAGCACACTGTCTTCCTGGTTTAAGAACTCTAAAACTCTCTCGGGCTACTTTGGACATTTCTTTTAAAAAAGTACTTATATCTAAAAATGAGAGGTCGCCTTCTTTACAGTCTGTGTAGTGAATAATATTGGCATAAGGGGGATGAGCGCAAATTAAGTCTACTGAATTGTCTTCCAGGAAAGA
CP121689.1_gap32	1155494	1157032	1538	CCTGATCTTGTCTCTGGCCCTCTTTGGCAATCTCAGCGTTTTCGTCGCCACAGTAGCTGGCTTGATTGCAGGAATTGCTATCGGTCTCATTTCCGAATACTACACTTCGAGCCACTTCAAGCCCGTTCGCAACCTTGCTGAAGCATCGAAAACCGGACCAGCCACGGTCATCATCGATGGGCTTTCAGTAGGTATGGAAAGCGTGGTTGTGCCAGTAATACTCATCTGTGGAGCGATACTGGTCTCTTACTGGGCAGCAGGAATTTATGGTATCGCGGTTGCTGCACTGGGCATGCTCTCTATTACTGGCATGACTCTGGCCATCGACGCTTATGGCCCTGTTGCTGATAACGCGGGTGGAATAGCTGAGATGGCAGGGTTGGGACCCAATGTCCGCAAGATAACTGACTCGCTTGATGCTCTGGGTAACACCACCGCTGCTATCGGAAAAGGCCTGGCAATTGGCTCAGCCGCACTGACCGCTCTGGCTCTTTTTTCAGCCTACGGTGCAGCAGTGAACCTCAAGGTTATCGACCTCATCAAGCCCATGACCGTGGTAGGACTTTTCATTGGCGCTATGATGCCCTACCTTTTCAGCTCACTGGCGCTTCGAGCAGTTGGCAGGGCAGCCTTTAGAATGGTGGAAGAAGTGCGCAGGCAATTTCGTGAAATTGCTGGTCTTATGGAAGGCAAAGCCAAGCCAGACTATGCCCGATGCGTGGATATCAGCACCCGGGGAGCTCTTTCTCAAATGATTTTACCCGGCATTCTGGCTGTAATAGTTCCCCTGATCGTTGGAGTTGCTTTAGGCAAAGAAGCTCTGGGTGGGCTTCTGGCAGGAGCTATTGTTTCTGGCTTGATGCTGGCAGTAATGATGGCAAATTCTGGTGGAGCCTGGGATAATGCCAAAAAGTACATTGAGGAAGGCAACCTGGGCGGAAAAGGTTCTCCGCAGCATGCAGCAGCAGTAGTAGGTGACACAGTAGGAGACCCATTTAAAGATACGGCTGGGCCTTCGCTGAACATTCTCATTAAGTTGATGTCCATTGTAGCCTTAGTTTTTGCCCCAATTTTCATTCGTTAACTGCTCATTTTGACTGAAGGCCCTGAGTGCTCCTCAGGGCCTTCAGGTTAGGTGGTTGGGTTTGTTTTTTCCTCAGGAATTCCTTGAAGAAATACGGGAAAAAGTTGATATTGTGGACCTGGTCTCCCAGTATGTGGATTTAAAACCCGCAGGTAAAAACTACCGGGCACTCTGCCCTTTTCACGAAGAAAAAACTCCTTCCTTTATCGTTTCCCCGGAAAAAGGGATTTTCCACTGTTTTGGTTGTGGCGTAGGAGGTAATATTTTTTCCTTCATCATGAAAATAGAAGGAGTGAGTTTTCCGGAGGCGGTTACCATCATTGCTGAAAAGTATGGGGTATCGTTGCCGGAAAGAAAGAGTGATTTTCTTTCCGGAGAAGCGCTGGAAAGAAAACGTCTTCTGGAACTTCACAGAGTCCTGCAACGATTCTACCAAGCTCAACTGGCAAATCCC
CP121689.1_gap33	1174211	1178632	4421	GATGCCAAAAACCGAGCCACCAGACCCGATGAAGGGGTGATTGACAACTTTGAGGAATATTTGCCCTATCGTGCGGAGCTTGATTCGTATCTAGCGCAAATGCAAGGCAGACGATTTCCCACTATCACGATAAGGCTACAGCTTTGCGATTCAGCAACAAATGACCTCCTACAGTTTACAGACTTGCTTCTTGGCGCTTGCCAGATGGCACTTGTGGCGGCTTCAATTCGCCCTGTGAAACGAAGGCTTGGCGAGTTCGTCGTCCGGTGGTGCGAAAATCTAAAGCTAAAACCATGGGAACAAACCTATGGTCTTCACCGCCTTTTCAGCTTTTGGGGTTTCCCCAACGATGAAGGTCGTCCCTATAACCACATGCGATTAAAGCTTAAGCTCGACAACGGTCAGATGTCACTCTTTTGATTTGAGCAATCATCCGAGAACAGCGGTACATCATGGCGGATTTGGAGGCGGTGCAGGAGAAGATCCGCGCCCTCAAGGCTGCACAGACCGAGACAGACGAGGAATTGAAGTGGCTGAAACGGGCGATTCTGGATAAAGCTTTTCGTGGAGAACTCTGAGGAGGTTTAGATATGGAAACCAACGAGGTTCATGTCGCTTTTGAAATCCTGCTTGAGGAGATCGAGACCGTGGCCAACGCCTTCAACGACGCCGGCGCCGAGGCTTTCCGGGCTGGGGATTACGAACGAGCACGGCAAGCAATTGAGGAAGCCACCCGACTTGCCGAGTTTCGGGAAAAGGTCAAAGCCCTCCAGCGGGAATGGGCTGCTTTTTCTGCCAAAGGGATCAAGCGGGCCAAGAGGAAGGCTACCCGGCGAGCAAAAGGTAGACTGCCGAGAGGGTTGCGAACTTCCGAAGATGCCTTCCGCCGCCCCATTCTGGAGGCACTGGTGGAATTGGGCGGTTCAGCCCGCATTGGAGAGGTATTGGAAAGGGTTGAAGCCAAGATGAAACACGTGCTCAACGAATACGACTGGCAACCGCTCCCTTCGGAACCTAACTCCGTGCGCTGGAAGAATACCGCCCAGTGGTGCCGAAATACCCTTGTGCGTGAAGGCCTCATGAAGAGCGATTCACCCCATGGTATCTGGGAAATCTCTGAAGCCGGACGAAAATGGTTGAAGAATAAAAGTACAGCTGTTTGGGAAGGAGAGATAGGCTACGACTGACGTACTCTTTAAGAAAACAAGTATATGAAATATTAACCAATACCGCTGAGTGGCTTATAAGAAACGGGAGACTAAAAAGAAACGATTGTCCGATACCAATTGGGAGAAAGCACCACTTGATAAATACAGAACCTAAGCATAGATATGGAGATAGTTTTAGAGCGCCAAAACGGTTATCCAATGGGTTATATATTGAGGTGCATTACAGTACTGCCTCTTGTATAAATAATGCTAGACGTCTTCTTGAAAAGTTTGGTTTTAAAGGCGATATGTTGGAGGTACAATAGCTAATTAGCGGGACTTCCGATAATACAGCATGTACGTCTCATGTTGTTCGCTCAGATTTTGGCTATACCGATGCTCCGTATATGCTAAGAACGTTAAGTGACATTGGGTTTCAAGGCAAAAATGGCGAAAATAACATTTGAAAAATTGGCCAAAATAATATTTGGAGAAATAATACCTAAATTGGAACATAATGATGGAGTGGCAATATTTGCTAAAGAAAGAGCAAAATTTGAAGGTTGGCTTAAGGTAGAATTATGTGGGGGCTTATCAAAATATGCTCTAACTATTACTCCAGAAAAAGATAGAATTGACATTACTTTTGATGATTGGGCAATAGAACTTAAAACCGTCAATACTAATTACCGATATGAAAATACTAAAAACAAAACACGACCAATTACTAAGAATATTCAAGGAGTAATTGAGGATATCGAAAAATTGAAAGGAACCGACTATGTCAAGAAAGCTATCTTATTTGTAGTTTTCCCCGTAACTCACAATCACAAATATTGGAAAATTCACTTACAAAAAATATCTAACTTGCTAAAAGATATGGAATATAAAGAGTTTAGATTCAAAAACAATGTTCCTGGGGTGGTATATTTTGGAGCAATACAATAACGCTCTTTTGCATAGCGCTGTGGTGCTTCGCACCATGTGTTCCTATTGGAGCCATTTAACAAACAGATGAACGACTTGCGCGCCGAAGGTTTGCTATGCAAACTTTTTAAGACAAATAGAGATTATCCCGCCAGAGAAAATAAAATGTTCTATCACTGATAAACCCGGAAAAGACACTCCAGATAATTAACGTTCTAACTCACTGGGTAAACGATGATGAAAGAAGACTTGATGCGAGTTTTTATACCTAAGATGCAACTGCAGTAAGAGTTTTATTAGATAAGATTGATTAAAAGGCATAGCTATTTTTAGTTGTGTATTTCATCAGCCCCCAAGACGTAAACAGAGAGTTATTTTTGACTGCTCCAACGGGAGCCAGCAGAGCATATCTGGTTTCGTGTATTCGGTACTCCGCCCAAATTCCTCGCTTTGGTCGGAACTTCACATATCCTCAAACCGTTAGGTAACATTGGTATCACTTGCTTTTAAATTGTGCTAATCCATTTAAAAATCTCTCAATTTCCTCTTTCCTTTTGAAATAGCCGGCCAAAGTACGCGGTGCACCTTTCCAGGGTTGATAGTGTCAACTTATTGTAGGAGTATTTTTTAAAATTCTCTTCCTTCCTAACTTTGTTGAGCATGGTTCTTTCTTTAACCTCACCATCCAAAAAGTATTGTCTTTTTATATCACAGGAATCCAAGACATCTCCTGGGTTAAAGCTTTGATAGTCAGGCGCAGAGTATCTACTGGCCCTTTCATAACTGGGATGTTGCCATAAACTTCCTGAATAACCTGCTTTCCTTTTTCTTTCTCTTTTTGGATGTTCTCAGGAGAAAGAGTGAAAGCAGGTAATTCCTGTTTATGAGTTCTCAAGTAGAAATCCCTGATAGAACACCGGTTGAACTTCAAGGCTCTCAGATAGCTCATGTGATCTGCTCCCTTCTTTCCCCAACCCATAGGACGATGTGATAAGCGAGCAGAGAGAACATGACTCACATGACCTTCAGCACTGACGGCAAGGTGGAGTTCTTTATAGCGCTTGGAGTTTAGGATTCCTTCCCAGTTGTTCTTAAGGTAGAGGAAGAGGTCTTCAAGCTTAGCTCTTTCTTGAGAGTCTCTGCTTTCAGAAAGAGCACGGAGGAGGATTGCTTGCACCTTTTCCCAGGAACCTTCTTCCAGAGCTTTCCAGACTTTCTTTTCAAGGAAAGTATTATGATGAAGAGCAGCTTGCAAGCGTTTCACCAGGTGAAAGCGGTCTAGTACAAAGAGGGATTTGGGAAGGATTTCCAGTCCTTTCTTAATCCAGGAAGCTCCATCTCCACCGAGAAAGATACAGTTCACCTTATCCAGGTCATAGTGTTCTTCTAAGTAGTCAAGGACTTCATAGAAGAGGTTTTCGGTATCCTGATAGAGACCAGCAAAGTAATGGGAATTTTTGAGCTGAACTCTCCCGGAATTGGGGTTTTCCTTTCCCTCATGGACATAGACCAACTTGGCCAAGAGCCTTTTCTTCTTTCTCTTCTTTCTTTCTCCTGTTTGATTGGTACTCTTCTTCCTTTTTCTCTGCCAGGAGACATGGTCCTCATCAGCTTCGATGAAAAGATACTGACAGCACTTTTTCTGGATGGTCTCCTTCCCCTGGTCAAGGAGAGCTTCTTCTCCTACTTCTTCTTTCTTCAGGTTATGAACCAGTCTCTTTACCACCTCCGGACTCACTGTTACTTCCTGATGTTTAGGCAGGATTTCTCTTCCAGCTTTCTGGTAGGAGCAATCAGTGGCTTTCTCTAAAATCAGAGCTTCCAGCAAGGGGTCAATTCTTCTTCTCTTTTTGAACCCAGCCTGCTCATCCAGCAGGTGCAGGTATTCCCCAGTAGATTTATTCCGGTAGTAGGTCCTTTGATAGCTAACATCCCCAAACAGGGTGAGGATGGTTCTGGAATTGTTCTTGCGTACCACTTCCCAGGTTAACCTTCTCTCTCTTTCTTTCCAGATTTCCTGATCTCTGGCTTCAAGCACTGCTTTTAAGATATCCTTTCCCATACCATTCATGACTTCCCAGAGCTTCTCCTCAAATTCCTGGAAGTTCATTCCCTCTTCCAGAGAATGGAGTGATATTTCCATTACCCTCTGGAATCCTTTCAAAATTTGCTGTACTATATTCATAAGACCTCACCTCCATGAGTGTTTGTTTACACAAACAAGATTTATACCATACTCTGGATGGTGAGGTCTTTCTTTTTTCTAAAAACCCTACAATAAATTTACACTAACTAGGGATATTTTTTAAAACTCTCTCCATTTCGTGATTTACTTTCTTTTCCCGC
CP121689.1_gap34	1197287	1201000	3713	GTGGGGAGCTTTTTCATGGGTTGCCTACAAATATCTTGGTAAAAAGCTATCTCCCCGGGAAATTGTAGCCATGTATGGCCCCCCGGAAGGTGACATTGTGGAAAGGATGGTGGGCAAAGAATTAAAAGCTCAGGCACTTAAAGACTTTTATGACTTCTACCTGGCACACCATGATTCCAGGGTCAGAGTTTTCGAACCAGTGGTGGAGACTATACGATACTTAAAGCGGAAACATACGCTCCAGGCGCTGTTTACGTCCAAGGGTAGAAAGAGCGCTCAGATTACCCTTGAAAAAACGGGAATGTCCTCTCTTTTCCACGTTGTTGTTTGTGGTGATGAAGTGCTTCGTCCCAAGCCTTACCCTGATGGAGTGAGCAAAATACTGATTCGCCTTCGGGTTAACCCTCGGGAAACCATTTACTTTGGCGATTCCCCACTTGACTATAAAGCGGCGCGTATGGCAGGAGTTTTTTTCGGGATGACGCTTTGGGACGCGCTTTTTGAAACTTCCAGCTTAAAGCTAAAACCACGCCTCTGCTTTGAGCAACCAGTGGACTTGCAAAAGTGGGCTCGAAAAATGTATCCTTAAATGAGAGAGGACAATCGAGAAAGATAGAATTTGGAAAGGCATTCTCATGGAAAAACAATTTTTTCAATTCATTTACAAACGCAATGGTGAGATCGAAAGGTTTACCCCTCAGAAGATAAAGCTTGCTATAAGCAAGGCATTTCGTTCCCTAAATAAAGAACCAGAAGAAACGGTCATCGAAAAACTCCTTGAGGAAGTTCTGGTTCTCTTGAAAGAGCGCTTTGGGGATGCTGTCCCTGGAGTTGAGGATGTTCAGGACGCAGTAGAGGAAGTTTTAATGAAGAGAGGTTTTGCTGACGTAGCCAGGGCTTATATCCTATACCGTGAAAAACGCAGGCACCTGCGAGAGGCAAAGTTAAAACTGTTTGGAGTCCAGGATGACCTGAAGCTTTCCCTCAACGCTATTCAAGTACTTCGGGAGCGTTACCTTCTCAAAGACCAGGAAGGAAATCCTGTGGAAACACCGCGCCAGATGATGGAACGGGTGGCTAATGCCATAGCGCAGATAGACGCCAGTTACGGTGAGGACCCGGAAGTGAGTTACCAGGAATTTCTCAAAACGTTGATGGCTCTGGATTTTCTCCCCAATTCACCAACCTTGATGAATGCTGGTTGTCCGGGTGGACAGCTTGCAGCATGTTTTGTTTTGCCGGTTGAAGATTCTCTGGACGCCATCTTTGAGGCGCTCAAAAACATGGCCTTAATCCACAAATCGGGAGGGGGAACTGGATTCAGCTTTTCACGTCTACGTCCTCGGGGAGACCGAGTAAGTTCCACTGGTGGTCGTGCCTCGGGTCCTGTTTCTTTCATGCGCATTTTTGATACCGCAACCGACGTGGTGAAGCAGGGTGGAAAGCGCAGAGGGGCCAACATGGGCATTCTCAGGTTTAACCACCCTGATATTCTGGAGTTCATCCAGGCTAAAAAGAAAGGGGGCGAATTTGAAAACTTCAACTTCTCCGTGGCAATAACTGACCAGGAGATGGAAGCGGTCAGGAAAAACGAGAAAATTCCCCTGATAAATCCCAGAGATGGAAGAGTATGGCGCGAAGTATCTGCTACCGAAATCTTTAATGTCATATGTGAAAGTGCCTGGAGCTCTGGAGAACCGGGCTGTATTTTTATAGACGAGATAAATCGCAAACACCCTTTGAAAGCATTGGGAGCTATCGAGGCTACTAACCCCTGTGGTGAAGTTCCCCTTCTTCCTTTTGAGTCTTGCAACCTGGGTTCTATCAACCTTGCTCATATGGTGACGGAGGGGAAAATAGACTACGCGAAGCTTGGAGAGACCGTTCGCGTTGCGGTACATTTTCTCGACAACGTGATAGATGCCAACTATCATCCCCTGCCTGAAACTGAGCGGATGGCTAAAGCTAACCGCAAGATAGGTCTGGGGGTTATGGGATTTGCCGACCTCCTGGTGAAAATAGGTGTACCCTATTATTCCCAGCAGGCCCTTAAAATTGCTGAAGAGATAATGCAGTATATTATGCTCCAGGCAAGAAAAACGTCTCTGGAGTTGGCCTCTCGAAGAGGAACATTTCCCAATCTTGAGAAGAGCACCTGGTACACCCAGAACTTACCTCTGCGCAATGCAACGCTGACCTCCATTGCTCCAACTGGCTCAATCAGCATAATCGCTGGCTGCTCAAGTGGCATTGAGCCTTATTTTGCCTTAAGTTTTCGCCGTTACGTGCTTGAAAATACCGAGTTAATCGAGGTGAATCCGCTCCTTGAAGAATATCTGAAAGGACTCAAACTTTCTCAAAAGGATTGGGAAAGAATACTTGCTCAGGGCACGCTTCAGGGCATCGAGCAAATCCCTCAAAAGGTTAAAGACCTTTTCCGTACTGCCCTGGAAATACCACCTGAATTCCAGGTGAAAGTCCAGGCTGCGTTTCAAAAGTATGTTGATAACGCGGTGTCTAAAACCATAAACCTACCTCAGAACGCTTCGCTTGAAGAGGTTAAAAAGGTCTTCTTCCTGGCTCACGAGACTCATTGCAAGGGCATAACTGTTTTTAGACAGGGAAGTCGTAGTCGTCAGGCAATTTATCCGGGTTTGCTTTCTGAGAAAGAATGTGAAACCTGCTGACGGGTTTCGCTTGACCAGGTCACGGTTCATTTTCCCCCACTTTTATGGTATCATTGCCTTTATCCATGGGTAAGGAGGTTCAAGAATGCGCTGGCCTGGAATCCTGGAGTATTTTGGTGAATATTTGCCAATAACCGACAAAACACCCCAAATTACCCTTCAAGAAGGAAACACCCCTTTAATTCGTTCCTATCATCTTGCCAAAAGGTGTGGAGTGGGTTCCCTGTATTTCAAGTTTGAGGGCATGAACCCTACAGGTTCCTTTAAAGACCGTGGGATGGTGGTGGCTGTTGCCAAAGCGAAAGAAGCAGGGCAGAACATTGTTATGTGTGCTTCCACTGGGAATACCTCAGCTTCTGCTGCAGCGTATGCGAAGAGGGCGGGCATGCAATGTGTGGTGCTGGTTCCAGAAGGGAAAATAGCTCTCGGCAAGCTTTCTCAGGCCCTTATGCATGGTGCAAGGGTTTTGGCACTTGAGGGCAATTTTGATCAGGCTTTATCGATAGTGAGAGAGATAACATCCAGATATCCCGTAGCTCTGGTAAACTCCATTAATCCCCATCGCATAGAGGGTCAGAAAACTGCCTCTTTTGAGATAGAAGAGTGGCTTGGAGATATACCGGATTACCTGGCTTTACCGGTTGGCAATGCTGGTAACATCACTGCTTACTGGAAAGGGTTTAAAGAATTGATAAGTCGAGGCAAAACTCGTAAATTGCCCAAAATGCTTGGGTTTCAAGCTCAAGGGGCCTGTCCCCTGGTCCTTGGTAAGCCGGTTGAGAATCCTCAAACTGTGGCCACAGCAATAAGAATTGGTAATCCAGCAAGTTGGAAAGGAGCAATTGCGGCTCGTGATGAATCGGGAGGACTCATTGAGGCAGTGAGTGATGAGGAAATCTTGAGTGCTCAACGTCTGCTTGCCGAAGAAGAAGGCATTTTTGTGGAGCCAGCTTCAGCTGCATCTTTGGCTGGTGTTCTTAAAAAGCAGAGAGAGGGCTTCTTCAGGGGTCATGAGACTGTAGTTTG
CP121689.1_gap35	1204315	1207678	3363	CTTGTCTCTGGGCGAGAGTGGCGGAAATGGCAGACGCGCTGGACTTAGGATCCAGTGGGCTAAACCCGTGCGGGTTCAACTCCCGCCTCTCGCACCAGCGTTCTCCAACCCTTGAACTTCTCTCCATCGAAAGCTCCAGGGTTATACAGGCACCGTCAAAAGTGAGCACAATAATCGGGTCCTATTCGGATCTATGCAGGTAAGGAGAGGTAAAGATGCAATTCCACATTTTTTCCACCAAGAGAGAACCACGCATTGGGTCCCTGATAATGCTGGTAATCTCTGCGTGGAGTGTCAGAAAACCCCGGAGACTCCTTTTTCTGGCAAAAATTTTTGGCATATTTCTCCGTGCTCTACTGATACGGGGCGTGAAAGCCAGGCGCTTGAACGGGAACATACCGCTTGTTCTGGGTATCAGTCCAACCCTGCGGTGCAATTACAACTGCCAGGGTTGTTATGCGCTAAAAAGCCCCATCCAGGACGAGCTTCCTTCAGCAGAGCTCAATGGTCTGCTGAAGGAAGCGGAAAGCTTTGGGGTGGCATCAGTGGTGGTGACTGGAGGAGAACCCTTCTTGAGAGAAGACCTGCTTCTGACGATGGAAAAACATCGGAAATTGCTTTTTGTGGTGGTAACGAATGGTGTTTTTCTCACTCCCGCTTTTGCAAGAAGAATAGCTCGGAGCAGGAACATAATCATCCTGGTAAGCGTTGAAGGCTTTGAAGAGGAGACTGATGCCAGAAGAGGAAAAGGAGCATACAGGAAGGTCTTGCAAAGCATGAAGTATTTAAAAGCCGAGGACTTGCTTTACGGTTTTGCGGCTACAGCGAATACGGCCAATTTAGAAGCCCTTTCTTCAGATCAGTTCACCGAAGAGATGCTCAATTTAGGGTGCAAAGTAGGGTTTTTTACGGAATACATACCTTCTGGAGAGAAGCCAGTTGGCAGCTGGATACTCAACAATCAGGAGAGGGAAAAGTTAAGAATGAAAGTCCTCGAGTTGAGGAGGAAGAAGGCACTGGTGATTATTCAGTTTCCCCATGATGAATACGGAAAGCACAATATGTGTTCGGCTTCTGGCAAAGCATTTTTGCACATCAATGCTCACGGTGAAGTAGAGCCCTGCCCATTTGCTCCCTACTCCTGTGAAAATATAAGGGAGGGAGGTTTGCGCTCAGCCTTTGAGTCCCCTTTCCTCAGGGCAATTCGCAACCAGCCTCACCTAATGCAAAGAAATACCTATGCCTGTGCCCTTTTTGAGCATCGAGACGAAGTGGGTAAGTTGCATGATGCAATCCTGAACAACAGGAAATGAAAACAGACATTTCTGGTTTTAATAGACGTTTTCTGCCGTAATGATTGGCTCTTGTTGACGAAATGGGTCAGGCAAACTATAATACCACAGGCAATCTCTTAGAGATTGAGCGGCTTTGCTCGTAGCACAATTCCGTGTTTAAGGCAAAACATAGAGGAAGGTGACAAAATGTTAGAAGTCAAAAAACAGGAAAAAGAGAAGCACCTAATAGAGTTAGAAGTGACAGTGGCTACTGAAAAGGTAAGTGAGGAATTGAACGCTGTATATGCTGAACTGAACCGGAAAATAAATGTTCCTGGCTTTAGAAAGGGGAGAGCACCCCGCTCTATTCTGAGAAGCAGGGTAGGCAAAGAAGCAGTACTGGATTACCTTGCTCAGAAGCTTGTTCCCTGGGCTTTGCAAGAGGCGCTGAAGAAAGAACCGGTGGAATTCATCGGAGAGCCTGAAGTAGAAATAGTAGAGATAGAAGAGGACCAGCCTGCTGTTTTTCGATTTACTCTTATCGAAAGACCTCAAGTTACCCTTCCGGATCCCGAAAATATTGAAGTGAAGAAGTATAAAATAGAGATAAGGGAACAGGATATCGAAAGGGAATTGCAACGTCTCAGGGAGTCCCGAGGCAAATGGGTAGAAAAAGACGAACCTGTTCAGGCAGGCGACCTGGTAACTTTTAAGGTTGGTGAACAATCTTATTCGGTGCTGGCAGGAGAAAACGAAGGCTTGGCACAGGAAGTGTTGGGAACAAAAAAGGGTGAGCAAAAAACAGTTACTCTTGAAAAAGAAGACGGAGATACGATTGAAGTAGATCTGGAAATTACGGGTATTCTCCAGAAAAAAATTCCGGAGATAGACGATACTTTCTTGAAAGAAATAGGAGAATTTGAAAGTGTGGAAGCCCTTAAAGCGAAAATACGGGAATCTCTGGAAAAGTTAGCTCAAGACCTTATCGAAGAGAGAATGAAGAGAGAAATAATTGTAGAGTTAGTTAAAAACTCTGAGCTCTTTCTTCCTGAACCACTCATTCAGTTTGAGACTCGCCAACAGATAGAAGCTTTCCGCAAAAGACTGGAACGGGATAATCTTACTCTGGAAAAGTATCTGGAACTTACCAATAGCGATTTTGCTTCTTTTGAAGAGAGTATGCGGAAAGTAGCTCAGTGGGAACTGCGAAAAATGTTTGTTATCCAGCAATATATTGAGCAAAACGAAATCAAGGCTGAAGAAGAAGAAATCCAAGAAAAAATCAACGATCTTGCCAGAACTGCTGGTAAAGAACCCCAAGAGGTTAGAAACATCTTGGAACGAAATGATAGAATAAAAAATATCGAAAATAATATAAAATTTGAAAAAATGTTTGAACACCTTAAACAAAGGATAAAGATAAGGGAAATCGAAGAACCGATAAATCTTGATCAGTGGAAAGCTCTGGCAGATCCTGAAGAGGAGATGGTAGTGTGAAGAAAGAACCTCGCTTAAACTATCTGGTGCCTATTGTGGTTGAACAAACCCCCCGCGGAGAGAGAGCCTATGACATTTACTCAAGGCTCTTGCAGGACAGAATTATTTTCCTGGGCACCGAAATAAATGACACAGTGGCTAACCTGGTAATTGCTCAATTGCTTTTTCTGGAAGCCATGAACCGTGAGAAAGATATAAATCTTTATATTAATAGCCCCGGAGGCCTGGTGTCGGCCACGCTGGCTATTTACGACACCATACAGTATATCAAGCCCGATGTGGCCACCATATGCATTGGGCAGGCAGCAAGTGGAGCGGCGGTTATTTTAGCTGCTGGAGCCAAAGGGAAAAGAATGGCTCTACCCAATTCCCGGATAATGATTCACCAGCCTTTGGGAGGGGCTCAAGGTCAGGTGACGGATATTGAAATCCACGCCCGGGAAATGGTAAAAATAAGAGACCGCCTGAACGAGCTTTTGGCTTTTCACACTGGACAACCGGTTGAAAAAATCCGCAGGGATACCGAGCGAGACTTTTTCATGTCTTCTGAAGAGGCAAAAGAATATGGCATCATAGACCGGGTGCTTTACCC
CP121689.1_gap36	1221934	1226070	4136	GAATGTATCCGGCTCTAAAAGAAGTTGTGCTTTTATTCCTGGTCAGTTTTGCGTTGAGTTTTGCCATTTTCCCCTTTTACATTCGCTGGCAAAATAAAAGAAAGGTAGGCCAGAAAATCAAAAAGGAAGGGCCAGAATTGCATCTCCACAAAGAAAACACGCCCAGTGGAGGTGGTGTGGTCATTGTTTTGATAACCACCCTGGTTGTTTTGCTGTTTTCTGGAACAGCTGGTCATTCATTCCTTATTCCTGTTTTTTTGGGAACTCTGGGCTTCTTTGGAATAGGTCTCATTGATGATTTTCTGAAAACCTTTTATAACCATCCCTGGGGAATAAAAGCCAGGAACAAACTGTTTTTCCAGCTCCTTTTCAGTACCCTGATAATGGTTCTGGGTAAAAGCGTCTTCCCTGCCCAGGTGGGCATTCCTTTTTCTGAAAAACAGTTTACTTTAGCACCCTGGTCCTTTCTTCTTTACGGAATTTTCCTTTTAACTGCTACCACTAATGCTTTTAATATAACCGATGGTTTGGACGGCTTGGCTGGAGGGTGTGGAATGTTAACCATGCTTTTCTGGGGTAGCTTTTTCCTTCTCAAAGACTTGCCCCAGTATGCAGGGTTTTGCTTTGCGATAAGTGGCTCGTTGATGGCGTTTCTATACTTTAACGTTTGGCCGGCAAAAATATTTATGGGAGATTCGGGGTCTCTTTTTGTGGGTGCTCTCATTGCTGTAGCGGCTTTATTATCGGGACAATCTCTACTGCTCGTTTTTTCAGGCATTATTTACATCGTCGATACGTTGTCAGTGATAATCCAAGTTCTTTACTTCAAGCTTTTCAAAAAACGGGTTTTTCTCATGAGTCCAGTTCACCATCATTTTGAGCTCAAAGGGTTGAAAGAAAGTGCGATAACTGCTCGTTTCTGGATTGTTCAGGCCCTGGGTTGCTTGTTAGCTTTTTATGGAATGGGGAGATAAAGATGAGCGATTATCTGGTGATAGGTTTGGGAAAAGCAGGTGTTTCGGTTGCCAGATTGCTTCTCTCAAGAGGAGAAAGGGTCTGGGCAACGGATGATTATAAAACTATTCACGAGCTACCAGCTTTTCTGGCTCGAAATCCTAACTTCTCTTTTCTGATTAAATCAGAATGGCAAAAAGTAAAAGATATTCCCCTTGCAAAATGCATTGTAAGTCCGGGCATTGGGCAACATCCTCTTATCGATGAATTGTCTGGAACCAGGATACCAGTGATTAGCGATTTAGAACTGGTTATGGAAGAGTTGAAAATTCCCACCATTGCCATAACCGGTTCCAACGGAAAGAGCACAACCACTGCTCTGGTAAGCCATATCTTCAAAGAAAATGGAATTTCGGTCTTTACGGGAGGGAATTTTGGAACGCCAGCTGCTGAAGTCCTGCTTGGCGAGGCTGCTTTCGAGTGGGCAATTCTGGAAGTAAGCAGTTTCCAATTGGAAAGGGTTATCAACGCTCGCTTTCACATTGCAGCCCTGCTCAACATATTCCCCAACCATCTTGACCGACATGGAGACATGGAAAACTATTTTTCTGTCAAGCGAAAAATATTTGTGAACCAGCGAAAAGAAGATATAGCAGTTATTAATTTGACCCATCCTCAATGGGTAACAAAGAATATCCCTGATCTGAAGTCCCAGCTGGTAACCTTTTCGGTGACTGGAGCTCTGCAAGAGGGTTTCTTTATAGACCAGAATCAACTGTGCGAAAAGAAAAGTGGAATCAAAAAAATCCTTTTTCATATTTCGGGCTGGAGTCTTCCTGGTAAACACAACCTTGAAAATCTGACCTGTGCGACAGCGATTTGTCGTCGAGCTGGAATAAGCCCTGATGCAATAGCTAATTCTCTGCATAGCTTTCGGGGATTGCCTCACCGTTTGGAAAAGGTATGTGAAATCGAAGGAATAACCTTTTTTAACGACTCCAAATCAACAACGCCTTCAGCAACCAAGGTAGCACTCGAAGCCTTGAACAAACCGATAATTTTGATAATGGGAGGCAGGGCTAAGGTAAAAGATTTTTCTGAACTTACAGCACTCTCTGAACCGGATAAAGTCAAAGCTATAATCCTCTTTGGAGAATCAGCACCACTCCTTTACCAGTCCCTGTCAGGTTTTTATGACCTTTCACTTTGCAGCGACCTCGAAGAGGCGGTGCAGCAGGCTTTTCTCAAAGCCTCGAAGGGGGATTCCATTTTGCTCTCCCCGGGTTGTACCAGCTGGGATCAGTACAAAAACTTTGAAGAGAGGGGAGAACATTTCAAAAACATTGTCCATGAACTTGTCAAAGGTTGACACTCAAAAAATGTCATCAACCAGTTTAAGCAGGGTAGGAGAGCACTGGCTTGCGCGCTGGAAGTCAGAGCCACTGCTTTTCTGGAGTATAGTGATTTTACTATCGTTAGGTATCATTATGGTTTTCAGCGCCAGTATGACTACCAGTATATATGCTTACCACGATGCGTTGTTTTTCCTAAAAAGGCATCTTTTTGGTGTTTTGCTTTCTTTACCCTTTTTTCTTCTTGGTTCCCTGTTTCCTCTTCAGAAGCTTAGACAACTGAGCTCGAGAATTCTTCTACTTAACCTTTTACTACTTTTGATGGTTTTTGTTCCAGTCATTGGACGTGAAGGGGGAGGATCGGCGCGCTGGCTTTCATTTGGCTCACTTAACTTTCAGCCATCGGAGTTTGCCAAGTTTAGCGTTCTGCTTTACCTGGCTTCTGCTTTAAGCACGCATCAAGAGAGAATCAAAGACTTTTGGTGGGGAGTTTTGCCCTCTTTTCTTATGATAGGCACCATATGCCTGCTTATTCTCCTTGAGCCGGACCTGGGTACTGCTTCCTTCATCATTGCGATAACACTAATAACGCTGTTTATTGGTGGAAGCAGACTTCTGCATCTCTTCGTTTGTGCTGGAGCCCTACTTCCCAGTGGCATATTTTTAATACTTTTCAGTGGTAAAGATTACTGGATGAGGCGCATAGAAGCCTTTTTCAACCCCTGGAACGATCCTCAAGGAAAGGGCTTTCAAATCATTCAATCTCTGATAGCGCTTGGTTCCGGTGGTATCTTTGGTAAAGGTCTTGGGGAAAGCAGGCAAAAATTTTTCTTCTTACCAGACCGACATACCGACTTTATTTTTGCTATTATTGGAGAGGAATTGGGTTTTGTAGGTGCCGTTTTGGTGCTCGTCCTCTTTTTGATAATCTTGTGGAAAGGCTGGAAAATAGCAACCAGCTCCAGAGATAATTTCCAAGCTGTTTTGGGGATGGGCATTACAGCCAGTATTGCACTACAAGCTTTTATCAATATAGGAGGAGTAACGGGGACTATCCCTGTTACCGGGATAACGCTACCCCTGGTAAGCTATGGAAACTCCTCTCTCATTATTACTATGTTTCAGATGGGTATGCTCTTTAACATAGCCTATGAGAATAAATTACGAAATGACAGGCTTTAACATCCTTATTGCTGCAGGGGGGACGGGTGGACACATATTTCCCTCCCTTGCAATAGTGGAGGAACTTCGGGAGTTAAATCCGGGAGGAAAAGTGTTTTTCGTTGGGAGTACAAGAAAGCTGGAAAAAGAACTTTTTGCGTCACAAAAGCTTCCCTTTTTCGCCATCAAAGCCAGAGGTTGGAACCGAACTCTGGATATTGACCTGTTGAAGGCCTTGGTTACCAATGCAGTGGGCATATGGCAGGCTTTTTATGTGATTTTGAAAACTCGTCCTAATGCTCTCCTCTGCATGGGAAGTTATCCCTCCTTGCTTACCGCTTTCTGGGCGAAAATTCTGGGTATTCCCATCTTTGTGCACGAACAGAATGCACTTCCGGGCATGGCCAACCGGATTGTAGGCAGGTGGGCTAAACGAATTTTCGTGTCAGTTCCTGAAAGTAAGCCTCACTTTCCACAGGAAAAAGTAGTTGTTACTGGAAATCCCCTGCGAAAAGACTTGCTGTGCTGGAAGAATCGTAAAACTGAAGCACGTGAAAAGTTAGCCCTGAAGCCCGACAACCCTACTATTTTAGTAATGGGAGGTAGTCTGGGAGCGGAAATAATAAACACTACTTTGTGGAAAATACTCGACGAGTTGGTTCGTGAATC
CP121689.1_gap37	1233305	1235261	1956	AGTTACCCCAGTTGCTCAATTACAGTCATCCCTTTTCTCTGGGTCACTGGCGTGATTTGCTCAAGGAACTGCAGAGAGATATAAGAGAATGGGCTCGCAACCCCTGGAAAGAGGGATTCAAGCCCTGGCAAACAGTCACTTTTTCTTTTCCGCAGTCCACATCTGGGATATTAATCCCTGGGTTTTGTGTCAACCCCACCGGAGATTGAGGTGAACCAGCTTGAACCCATCATCTGTAAAAGAAAACCTGGAAAAGATCTTTAGCAAAATTTCCAAAATCTGTCATAAGGTGGGTCGGGACGAAAGCGAGATAAAGATTGTTGCTGTTACTAAAGGCCAAAGCCCGGAGAGGATACTGGAAGCGGTTGAATGTGGTATAGTACGGATAGGAGAAAACCGGATTCAAGAAGCACTCGAGAAAATACCTCTTTTGCCTCACCAGAGACTCGAGTTCCATTTTGTGGGGCAGCTTCAAACCAACAAGGTGAAACAGATGCTATTACACTTTCATTATCTCCATTCTCTTGATAGAATAAAGCTGGTAGAAGCAATACATGCTCAAGCGGTTAAACTGAACATTGAGAGTCGCCTCCCAGTGCTGATTCAGGTAAACCTTACCGGTAAGGAGACGCAAGGTGGGGTTGATGAGCAAGGGCTTGTTCCTCTTATAGAAAGAGCGGTCAGATATCCAGAACTGGATGTTCGGGGCTTGATGACTATAGGGCCTTATCCAGTGGATGAGCGAGAAACACGTCGGGTCTTTCGCAAGCTCTGGGAATTGAAGGAGGAAATTAACACGCTGAAAATACCTGGCGTTTACCTGCGCGAACTTTCTATGGGCATGAGCGAGGATTTCGAAATTGCCATAGAAGAAGGTGCAACTATGATACGTTTAGGAAGGGCAATCTTTGGAGAAAGGAGTACCCTTAAGTGAAGCAGTTTACTCAGAAAATCTTGTTTATAGGTTGCGGAAATATGGGTAGCGCTTTGGTAGAGGGTTTGTGCCAAGACGGCTGGCACAAAAAAATGGAGTTCCACCTTTTTGACAGGATACCTTCCAGAGCAGAGGTGCTATCCCAGCGTTTCAACCTGAAAACCGCCAAACCCCCGTTTGATGGCAAACAGTACCATTTCATATTTCTGGCAGTCAAGCCCAAAGACTTGCCTTCAGTGACCCCACTCCTTGAGAACCTGGCTGGAAGCACCATTGTTTCTCTTCTGGCAGGAACCAGTATAAACAAAGTTAGCGAGGCGTTACCTGGAGCACAAGGATACGTACGCATAATGCCCAACCTTTGCGTTGAAGTTGGAGAAGCGGTGATCCCGGTAGTGTTTTCGGATACTGTTCCTCAAGAACACCGAGAAGACTTACTGTTCCTTCTGGCATCGCTGGGATGGGTTTTTGAAGTTCAGGAAGCCGAAATTGATTCTCTTACTGCTTTAAGTGGGAGTGGTCCTGCTTTTGTAGCACTCTTCATAGAAGCAATGATGGACGGAGGAGTGAAGCTGGGAATACCCTGGGAGAAAAGCCTCAAAGTTGCTATTCAGACAGTATTGGGTTCAGCACTACTTTTGAAGAAAAAAGCCCTCCATCCTGGAGAATTCCGGAGTCGAGTTGCTTCTCCAGCAGGTACCACTATCTTTGGGCTGCATGCCCTCGAAGAGGGCAAGCTAAAGAGTACGGTTATGAAAGCCCTTGAGGTATCATTTAATCGAGCTAAAAGTTTAACCTCTGAGGAGTGAGTCAGATGTCTTTACAACCTGAAGACCTTTTGCAGATAGAATTTGGAACCGCCTTTCGAGGTTATAACAGAGAGGAAGTAGATGAGTTTCTGGAAGAGATAGCCAGCTATTTTCAGGAACTGCTCAATCAACAAGCTAAATTGACTCAAGAAAATGAGTTTCTGAAACAAAAACTTCATCAACAGGAAACAGAAATCCAGAGACTAAAAGCCA
CP121689.1_gap38	1240005	1243769	3764	GGCCTTGGAGGAAAGGTTGAAAAAGCGGAATACGGATCGCGAGGATGAAATACTCCTTCGCATGACTAATGCACGTATTGAAATGCAGTGCATTTCTGATTATGATTATCTAGTGGTTAACGACCAGCTTGAAGAAGCGGTAAACAAATTATTGTCAATTATCATTGCTGAACGGTGCAGGATAAGGAAACCTCATTTTTGGGGAGGCGAAAAGTAGCCATGATTCCCATAGATAAACTGCTTGAAAAAACTGGAGATAGATATACCTTGACCACCGTTGTTGCCAAAAGGGCAAAACAAATAAGCGAAGGAGCCACCCCCTTGGTAGAGCTGGACAAACCTCATAAGCCTATCTTTGTAGCTATTCAGGAAGTAGTTGAGGACAAAATTGAGTTTTACGAACCCCAAGAAGATGATTTATCACCCGAGCAACCTCTGGAAGAATAAAAACATCCTGGTTGGGATTTGTGGAGGTATCGCTGCATTCAAAATAGCGCATCTGGTAAGTTACCTGGTAAAATCTGGAGCCAACGTTCAGGTAGTGATGACGGACAATGCCCAGTATTTTGTTGGCAAAAGCACCTTTGAAGCTCTTACAGGCAGAAAAGTCTATGACCACCTTTTTAATGCCGAAGGAAAAATTCTGCATATAGAATTAGCTCGAAAAAACGATCTGATCCTTGTTGCACCAGCTACAGCTAACATAATAGCTAAGATAGCTTGTGGCATTGGAGACGACTTGCTATCAACTCTGTGTTTGGTAGAACCACAGAAATTGCTCATTGTACCTGCTATGAACCATAGAATGTGGAGAAACCCAGCCGTACAGGAAAACCTGAATGTGCTTAAGAAGCGGAACATTGGTGTTCTTTTACCGGAGAGTGGAAAGCTGGCCTGTGGGGAAGAAGGAGAAGGTAGACTACCTGAAGTAGAGAATATAATCGAAAAAATGTTCTATTTTGTATACAACGACAAATTTCTTTTGGGGAAGAAGGTACTGGTCACTGCGGGAGCAACACGTGAATGGGTGGACCCTGTGCGCTATGTTTCTAATCCATCAAGCGGCATCATGGGTTATTCCTTAGCTGCTCAGGCCAAAGCACTGGGTGCGGAGGTTACCTTGATTAGCGGCAAGACTCACCTTCGTGTTCCCGCTTCTGTGGAGAGGGAGGAAATAGACACCGCTTTGCAACTGGCGGAAAAGACTCAAAAGCTTTTTCCGAGCTATGACTTCCTGTTTATGAGTGCAGCGGTTTCGGATTTCAGGCCCGAGACGCAGAAACCTTCGAAGATTAAGAAGCATCAGCAGGAAACGCTTGAACTCCGATTAGTACCTACCCCTGATATCCTTTCGATGGTGAGTAAAACTAAAAGACCTGAGCAAGTGGTGGTGGGTTTTTGCGCTGAAACCGATAATCCTCTTGAAGAGGGTAGGAGGAAGCTGCAGGAAAAAAATCTTGATCTGATAGTTGCCAATTTGGTCGATAAAGACAAATCTGGTTTTGAGGTTTTAACCAACAAGGCCTGGATAATAGACCGCAAGGGTAAAGAAGTGGAACTTCCGCTTCTTGATAAAAGAGACCTGGCAGAAAAGATTTTTTTGCATTTAAAAGACTTCCTGCAACAGTAATGCTTTTGGCACAGGTTGCTTTGCCAGTACCCCTTTTCCAAACTTTTTCTTACCTCGTTCCAGAAAGGTTTATCAACGAAATAATTCCTGGAAGCATTGTTCAGGTAGAATTTCATTCTCGAAAGCTAACTGGAGTGGTAGTTGAGCTTGCCGAATACCACGACGTGGAGAACTTTAAGGAAATCTTGCAGCCTTTACCTTTGCAGCCATTGACGACTGCTTACCTTGATCTGGCAAAAAGACTCTCCATAGCTTTCTTTGCGCCGTTTGGCGAAATATTAGCTCTGTATGTTCCCAAAGTAAGCACCCTTAAGAGAAGTGCTCTACCGAGTAAGGAATCTTGTCCTCGGGATTGTTTCCTGCCTCACAAGCAGTTCCTATGTTGTCAACTGGCCTTTGAAGAAGACCGATTACGTTTTTTAAAGCAGTTTCTGCGGGAACGTGTTGCAGAAAAAAAAGAGAAAGTTCACCTCGTTTTTCCCGAGCTTGCGATGCTGGACCGCTATGTAGAGTTTATACAGGAAAACTTTCCAGGTTTGAAGCTCATTCGCTTTGATAGCAGAGTATCCCCTTCCAAAAGACTCAAGCTTCATCAAGAGGCTGTAGCCGGAACTTTTGACATTATCGCAGGGTCATGTCTTTCTCTCTTTCTACCAACCCAGGGCATTCATAATTACCTTATTATCGACCCTGAAGAGCGAGGTCACTTTTCTTCGAAACATCCTTATTACAATTCCCTGACTATTCTGGAGGCCAAAGTCAAAGTCTTTGGAGGCACGCTGATAGCCTTGTGTCGTATTCCAAACCTTTATCTGTATTTTTGTCTCCTGGAAGGAAAATGGGCTTCTCTCAAGCCTGTTTTTGAACTTCGAGGTGCTACTTCCAAAAAGGTAACTACTGTGGTCCAAGAAAAACCCGGTAAGATTTTTTCTCTTTTTGCTCAAAAAGCCATCTCAGAAAATCTTAGAGCAGGTACCAGGAGCTTAATTCTAGTTCAAAAAAGCGGATATGCTACCGCACTGGGTTGTAAAGAGTGCGGGTTTTACTATTCATGCGCGATGTGTAACATAGCCATGCGTTTCCACGCCCATTCCAAGCAGCTGATTTGTCCCCTCTGTGGTCAGAAATTATCCCCGGCTCCGGTTTGTCCACGTTGTGGAGGAACCTGGTTTGAGGGTTGGGGAGCAGGAACAGAAAAAGTTGAAGAAGAGCTCAAAAAACTTTTTCCCGGGGTAGGAATTCAAAGAATTGATTTTGAAACTCTTGAAAAAGGCAAGCTTGAAATTCACCAAGATTCGCTTCTTCTGGTAGGAACCACTTCGATATTGCAGGAAAAATTACTGCGTCAGTCCTCCTTACTAATAATAGAGTCTTTGGAAGATTGGTTTCTTTTGCCCGACTTTGAAGCCCGAGAACGATTTCTTTTGTCCTTTTACAAAGCGTTTCTTTTTCTGGGAGAAGACGTGCCTGCTTACCAAACAAAAATCATTATCCAGACCAGAAAGCAGTTTCAAGATTTTCTGAACCAGTTTCCCAAAAAGTGGCAAACGCTCTTTCAAGAAGAAATTGAGAAACGCAAGAGAGGTGGTTACCCTCCCCTTAGAGCTATGGTTCGCATTGCTGCAGAGGGAAGGAATAAAAGGCAATCTTTTCAGGTTTTAAATCAATTGCGTGAGCTTTTAGTGAGCGCTCAAGAGAAGAAATTTGATATCTTTGGTCCCTATTCTGGAGAAGGCTTTAGAAAAAGAGGCACACTGCAGGCAGAGCTTACTGTATTGGTGCCTCAAGAGGACCTGGAAGATATATATCTGAAGGCCGAACCCCTGCTCAAATCAGCAGGTAGCGTAAAGGTGCGCTGTAAGGTATCCTATTAGGAAGATAGAAAAAGTGGAGGAAAAATAAAATGGTTCGTAAAATAGTTCTCTATGGGAACCCCTTATTAAGAGAGAAGGCGCAGCCCGTCACTTCGATAGATGGTAGAATCGTTTCCATACTTCAAGATATGGAAGAGACCATGCTGGCTTCTTCAGGTATCGGGCTTGCTGGGAACCAGGTGGGAGTTCTGTTGCGCCTGGTGACTCTGGTGCACCCGGAACAACAAAAAGTTTTGCACCTTATAAATCCGGAGATAGTG
CP121689.1_gap39	1392758	1394013	1255	TGGTTACCAACGAAATCCCAGCGACCTTCATGCCCAGCTCACAGGCCAATTTTACCTCCTTTACGGTGGACATACCCACCACATCAGCACCGATTTTCCTCAACATCCGGATTTCCTGGGGTGTTTCGTAAGTAGGTCCCAGCACACCCACGTAAATACCTTTCCAGGCCTTAATCCTTTTCTCACAAGCCAGCTCAAAAAGCAAGGAGCTTAGAAAGCTATCGTAGGAAGGACGTAAGCTACAGGGAAAATCTGGAAAGAAGGTAAAATCAATCTGGTCTTGAATTATCACCAGCGTTCCAGGCTCAATAGACCTTCTCAGGCTTCCTGCAGCGTTGGTCAAAATCAGCGTCGAAACCCCCGCCAGAGCAGAAAAAAGCACCGGGAAAGCCACTTCCCAGGGGCTGTAGCCCTGATAGAGATGCAATCTTCCCATAAAAAACAAGATTCCCCTACCCTTCCACTGGCCCATCACAATTCTGTAGCGATGCCCGGGTATGGCATCTGGGAGGGCAAAAAACTCTCGATAGTCGAATTCCTGCACCACCTCTATTTCCCACAAGACACGGTCCCATCCCGAACCGAGAACAAAAGTCATTGTGGGAACCATTTTCAAGTGGGCAGCGAAAAACTCGGCAGCAAGACGAATGTTTTCAGGACAAAATTTCTGAAGCAAAGCTTGTGCCAGGTCCATGCCATTTGACTCCCAGAAATTCTGCTATAGAATGTGCCACATCGCAAAAAGTATCTCTGACACCCAGGCTCCGACCTCGCTGATTGCTGGGAGAATAGACCAGAAGCAGGGCATATTCTCTGGAATGGTCGGTGCTTGGAGTTGTGGGGTCACAACCGTGATCGCTGGTAATGATCAAGAGATCTTCCTCTCTCATGGAAGCCAGGAAATCAGTTAAGGTGGCGTCCCAGTCTTGAAGCGCTTGCGCAAAACCTTGAGGGTTGTTGCGGTGCCCGTAAAGGGTGTCAAAGTCATTGAAATTGGCCCATATTAGGTCGCCCCGACCGCTTTTCTGAAGCTTTAAAAACACTCGGAAGGTGTCTGCATTGTCAGCTGTCTTTATGGAGTCACTTAGACCCCGAAAGGCAAAAATTTCTCCAATCTTTCCCACACCGATTACCTCTTTGCCAGAAGCAACCAGGGCATCAAGCACCGTCTGGGAAGGAGGTGGAAGTGAGAAGTCTTTGCGACGAGGCGTACGTACGAACTTACCCGGTGAACCCACGAAAGGGCGGGCGATAA
CP121689.1_gap40	1404836	1406590	1754	GAATGTTAACACCAACTACCCGATCACCATATTTGAGCAGTTCCACTTCCAAGCCGTCAACCAGAAAGTCCTTTGCTTCTCCTATCAGATCTTCAGGCAGAACAACCTCCTCATAGTTTTCAAGGTCCATGAAGTGGTAACCCTGATTGTCAGCATACATGAACTGGGCCTTTTTCCCTTCCAGGACCGCTCTGATCACTTTTTCTCCAGCTCGGAAGCTCTTTTCAATTATCAATCCAGTGTTAACATCCCGGAGCTTGGTTTTGATAATTGCTCCCCACTTACCGACTTTGGTGTGCTGAAAAGCAACCACAATGTAGAGATTTCCGTCGACCTCGATGCAGTTTCCCACTCGCAGGTCGTTGCTCGAAATGTAGTCAGGCATAGAGATACAGACCTCCCTCAAATTCTTTCAGGTAAGTTATTCAGTTTGCGCAGATTTTCTTTATCCAGGAAAAACAGGTTTTCAAGCCTGATCCCACCCTTCCCGGGAAGGTAAACCCCCGGTTCAATGGTTAACACCATACCGCTTTTAAGCACCACTTCGCTTTGGGGAGCAAGTCGGGGTTCTTCATGGACTTCAACGCCCACTCCATGGCCCAGGCCATGTACAAAATATTCTCCCCAGCCCTTTTCCTTTAACAAGGAGCGGGCAGCCTCGTCCACCTTCCCAGCTTCAACACCTTCGGTAAGGATGGCCTGAGCTCTTTTTTGGGCTTCGAAAACGGCTTCAAAAAGCTCTTCAAACTGGGTGTCACTGGCGCCAAAACACAGCGTTCGGGTCATGTCTGCGCAGTATCCTTCCACCCTCGCTCCCCAGTCAATAAGCACCCAGTCTCCCTCTTTTAAGGCCCATTTGCCTGGAGAAGCATGGGGAAGAGCCGAACGCTCTCCAAAAGCAACGATGGTTGGAAAAGCCAGCTCCTCAGCACCTCCAAGGCGCATTTTGTAGTCAAGTTCCAGAGCGATGTCTCTTTCCCTCACACCGACTTTAAGCAGCGGAAGGGTTTCCAAAAAGGCCTGCTCGGATATCTCGACCGCTTTCAAGATTTTGGCAAGCTCCGCATCGGATTTTCGGGAACGCAAACTGGCAAGGAAAGGAGGAGCCACGTTCACGCTGATGCCCTGCTCTTCCAGTTTTTTGACCATTCCGATGGGCAGGGATTCCTCAACCAGAAGGGTTTTCTGTCCCCGCTCTTTAAGGAGTTCGTTGATAAGCAGCAGAGGTTTTTCCCGATACTCTTTGACCGTAATTTCCTGAGGGACTTCTTCCCGGGCCTGAACGCTGTAACGGCCATCACATATGAAAATCGCTTCTTCAGGAAAAACCAGGAGCAGGCCTGCTGAACCTCGGAAACCCAGCAAGTAGAAAAGATTGCTCCTCTCACGGATGAGAAAAGGAAGGTTACCCTCTGCAACCAGTTTCTTTTGCAACTCGTGCAACTTCAGCATAGCTCAAGCCTCTTCTTCTTTTCTTGAAAAAACGTGCAGGGCAGCCAGGTATCCCAAATGGCCCAGTCCGGAAATCTGTCCCCAACACACAGGAGCTATAACCGAATGCTTGCGAAATTCTTCCCGGGCGTAAACGTTGGACATGTGCACCTCAATAGTGGGAATACCCACTGCAGCAATGCAGTCTCGAAGAGCAATACTGTAATGAGTCAACGCACCTGGATTGATAATTAGACCGTCAAAATGGGCGCTTTTTTGTATTTTATCAATGATTGCTCCCTCATGGTTGGATTGGAAAATCT
CP121689.1_gap41	1539869	1542076	2207	CACTAATTCTGAGCTTTAGCTTTTGATAGTGTTTGAAAGCAAGGATACCCTGAAAGCTTTGCTGGAGATAATGGAGAAGTTCTTTGATCTCCCTTTGCTTTTTGGGGTCAGTAGTTTCTGAGTACCCATTAAGCAGGACATCGGCAACTTCATCCCAGGAACCTTCTTGTATGGCTTTCCAGAGTTTCTTCTCTAGCTGAGGGTTATGGTGCAGGGTTCCTTTTATGCGCTTTGCAAGGTGGAAGCGGTCTAAGACAAACACTGCTTTGGGAAGGATGTTCAGTCCCTGCTTTATCCAGGAAGCTCTCCAGAATCTGCTCCAAGCGGAAAAATTACCTCTCAAATAGTAAAAGCTGAATTCGTCATGGAGCTTTCTCATTATAAGCTCCTCAAGGAGAGAAATCCAATCCAGAATGGAAACACTACAGAAAATTGAGAACCCCTGTGTAAGCTGAATGCAAGCCTCAAAACCAGAAGCAATGAATTATGGCTAATCCGTTCTGAGTGCAGAAGACAGATATCCTTCCAGAATACACCCTTTCTCTCTTTGAGAAACCAGCCATTCCAGCAAAAAAGCAATCAAGAAAACGCCCAGAAAGGACATAGCATAACGAGAAAGGGCAAAGCGATAACCCAGGCTCTGGGCCTCAAAGAGAAACATGGGTATTTTCATGGTTGACCAGGCACCCAAGAATATCCACACGTTGCGCAAGCTGGTCCCTTTACGCAGTAATACTTCGGCAACTGGAAAAGCAGCGTATAGAGGGCCAGCCGCAAAAATCCCCAGGGCAAGACATAAAAACATGCCCAGAAAACCAGAGTGCTCTCCCAATCTTTTCACGACTTTCTCCTTGGGAACCCAGACATCAAAAAGTCCCACCATGAGGAAAATGGGCGGAACCACGCCCAACATAAAAAGGGTATTTTTAAAGGTCAGTCGGAAAACCTCTTTCCCACTTGCCGGCTGCACAAGGAGAATCACCAACGATACACCCAGCATCACCAAAGCGCTCCTGTATTCTCTAAATTGACTCTTCATTGCTTTTCACCATCCCTTCACCGCTATCCAGACCACGTACCCAACCAGGAAAGAATAAAAGTATGCCAGAAGGTTGCGCCATAACGTTGCTCGAAGCCGGAAATAGCGCGCTTCAAGAGGTGCAGTGACCACCCCCACCATCATGAGCGTGGAAATAAAGACTGCCATCTGCGCTATTCCTGCTCCTTGGTCAAGAAGCATCTTAGCCATGGGGAAAGCCACAAATCCTGGAATAAGCGTTATGGCACCAACCAGAGAAGCTATTAGATAACCAGGAAAACCACTTTGCTCTCCCAGAAAAGCGGCTATGCTCCGCTCAGGCAGAAAAACGATCACCAAAGAAATGAGGAAAATCACAGTTAAAAATGGAGGTAAAATGCCAGCAAAGCTCTTCCAGGCCTTTTTCAGGGCAAGGATGGTCCTGGCCTTGTCTTTTTGAAAAGAAATCAGCAACCAACTCAAAGCTACACCGTAAAGAACTAAAGTTGAAACATCCACCTTCATTTTGTTGACTCCTTTTCAAGTCCCCGGTAGTGAGCGAGAAAACTTTGAAGTCGTGGAATTTGAGTTTCTATGTATTTCGCCCAGGAGTGGAGGGCAATTTTGCCATCCTCGGTTAAAATATACACTCTCTTGGCCGGACCAGGTCCTTCAGTTACCCACTCTGATTGAACGAAACCATCTTCTTCTAAACGGCGCAGGGTCCTATAAACCAATCCGGGGTCCAGGTTCTCCCCCTCGAACCACAGCTTTTGTAATTCTTCAATCAGCTCATAGCCGTGGGCTCTGCGACGAGCCAGCAAAAGCAGAAGACAGGGCTGCAAAAACCTGCCCATCCTAAAACCTGGGCACTCACAGTGTTCGTGATGGTGGCTTCTGCACATCACAAAACCTCCTTATATGACTTATTCATATAGATGAGTAAATTATAATACGCCATTTCTTTCCTCTCAAGATGTACCCAAAATTTTTTTAAACCAAACCTTAGAATCACATCCCTGGCTATTCCAATTAAAGTATTTTGGTATTATAATACCTAAATGAGGTGAGTGCCGTGAAAAGAAAAGTCATCCAGATAGACCAGGAAAAATGCAATGGTTGCGGAAAGTGTGTCACCGCATGTGTAGAGGGAGTCATTCAGCTGGTGAATGGCAAAGCCCAGCTGGTC
CP121689.1_gap42	1571266	1574820	3554	AAGAAAACAGCTTCGAGAGTTCATCAAAGAGAACAACCTGGTCACGGCCCAAGACGCCCAGGACGCTATTAAGTCCCTCATGGGCGAGCTCATCGAAGAAATGTTAGAAGCTGAGCTCGAAAACGAACTGGGCTACAGCCGCTATGACTACCGCAACAAAAAGACAGACAACGCAAGAAACGGTCACAGCAAAAAGAAGGTAAAGACTGAACTTGGACCCTTAGAGATAAGCGTTCCCCGCGACCGTAACGGCGAATTCGAGCCGATAGTAGTCAAGAAATACCAGAGAGATATCTCTAGCATAGAAGACCAGATACTGTCCATGTATGCCAAGGGAATGAGCACCCGCGACATACAGGAGCACCTGGAAAGGATATACGGGGTTCACGCCTCGCCATCCCTGATATCAAGCATTACAGACAAGATACTTCCGGTTGTCAGGGAGTGGCAGAACAGGCCTTTGCAGCCGATATACCCGTTCATTTTCATTGATGCAGTGCACTACAGCGTGCGGCAAGACGGCCAGGTTGTTAAAAAAGCAGCCTACGTAGTAATAGGCATCGATCTTGACGGCCGGAAAGATGTTTTGGGTATATGGATTGGCGAAGCCGAAAGTGCCAGGTTCTGGCTGTCGGTATTAAGCGACATAAAAAACCGCGGAGTTGAGGATATACTGATTATCTCGGCTGACGACCTTGCCGGGATAAGCCAGGCCATCAAAGCCATCTTTCCTCAAGCAGAAGTGCAAAAATGCGTAGTCCATCAGATAAGAAACTCTGTGCGTTACGTCAGCTACAAAGACCGTTCTCAGTTTGTCAAAGATCTCAAAGCCATTTACAAGGCAGTGAACCAGGAAGAAGCTCTCAGCGCCTTGCAAGCTCTAGAAGACAAGTGGCAAGCCAAGTACCCGTTGGCGGTAAAATCCTGGATTAGAAACTGGGACGAGTTGTCCACCTGCTTCAATTATCCTCCCGAGATACGGAGGTTGATATACACAACCAACATCATCGAGGCTTTTCACCGCCAACTGCGAAAAGCAACTAAAAGCAAAGCGGCGCTTCCCAATGACGATGCCCTTATCAAGATCCTGTACCTGGTCACCATGGATGTGACCGAAAAGTGGACAGTGTCAGTGAAAAACTGGGGACTGATTCTATCCCAGTTGATAATTCTGTTCAAAGAAAGGATTGAGCCTTACCTCTAAACTAGTTACCAATTAAGGGGTTTACACAAAAAACTTGACAGACCCCCACATAGTTCAGATAAAACGCGGAAGATGCACTTATCCCCGATAAGCTCGGATTTGTTTAAATCCCACATAGTTCAGATAAAACAGAGACTGGACACTATCCCTTGCCCCCTGCACGGCCTGTTTAAATCCCACATAGTTCAGATAAAACGCTGATGATGTGCTGAGGAAGGTTGCGGTCCCGCGTGGTTTAAATCCCACATAGTTCAGATAAAACGGGGAAACGAGAATAGGGATAACTGAAGATGGGCTTTGTTTAAATCCCACATAGTTCAGATAAAACCAGCAAGATACCCGCACCCAGAACCAGAGATAAGAAGTTTAAATCCCACATAGTTCAGATAAAACCTAAGCTACTTCCATCCCCTTCGCAACCTGCAATCGCGTTTAAATCCCACATAGTTCAGATAAAACTTATCTCTACTGCAATTCTATACTCCATCTTCTTTTTGTTTAAATCCCACATAGTTCAGATAAAACCGTCCTCTGGGCAGAGGATTACTACCCAGAGAAAAAGTTTAAATCCCACATAGTTCAGATAAAACAATACTTCCTCAATTTGCTCTCCGCTCCTTGTTTTTGTTTAAATCCCACATAGTTCAGATAAAACACGCTCTCTTTGCTGGCTCCAAAGCTCCCCATTCGCGTTTAAATCCCACATAGTTCAGATAAAACGCGGAGCAAAAGCAATGAAGCGCAAATTCTATATCCGTTTAAATCCCACATAGTTCAGATAAAACATACTTGCGGCGAATGCACTTGGGTTATTACTATCAAGTTTAAATCCCACATAGTTCAGATAAAACGCAGTGCTCAGAGAACGGGTCACCGCTGGCTTTACGCGTTTAAATCCCACATAGTTCAGATAAAACCTATGATAGTTTTCTCTCTCCCTGCCTGCTTTTTCACGTTTAAATCCCACATAGTTCAGATAAAACGTCGAGCCTAGATCTTGTCGAGCCTAGATCTTGTCGGTTTAAATCCCACATAGTTCAGATAAAACCTATACCGTCCAAAAATGCTCCTCACATGCCCTCTGTTTAAATCCCACATAGTTCAGATAAAACTGTCTACACTAAAAACAAGAGAAAATACAGGAAAGGTTTAAATCCCACATAGTTCAGATAAAACCAAGTAGACTTGGTTTAAGAACGGCTCGTTGGTTCGTGTTTAAATCCCACATAGTTCAGATAAAACATTAGGATTTCCCACCTCAATACCATTTATGCCGAAAGTTTAAATCCCACATAGTTCAGATAAAACCGGCAAGGCCCTTTTGTTTGAGAAGAGCATTGTCCTACGTTTAAATCCCACATAGTTCAGATAAAACTTATATCACCGATGAAGAAGCAGAAGCTCTTGCAAGAGGTTTAAATCCCACATAGTTCAGATAAAACCAAAAAAAGAAGGGAGAACCTTACCTGTCTCAAGAACGTTTAAATCCCACATAGTTCAGATAAAACGCGACAGACAAATAAGCATAAAAATCAAGAAAAATGTTTAAATCCCACATAGTTCAGATAAAACTGTTGGTTCATCGGCGTAGTAAAATTGAGCAAAGTCTGTTTAAATCCCACATAGTTCAGATAAAACAATTGTCGGAAAGATAAATGCTTCTGAACAAATAACGTTTAAATCCCACATAGTTCAGATAAAACTTATAAATTATGCTTGGGAACCCACCACCTATAGGTGTTTAAATCCCACATAGTTCAGATAAAACTTTCACTGCTCACAAGCCCTATTGCAATTACTTCCGTTTAAATCCCACATAGTTCAGATAAAACGAGCATAACAGAATGGACAAAACTTGTGGTTGTAGTGTTTAAATCCCACATAGTTCAGATAAAACCTAACTAATGCTGACCAGACTGGTGGTTTCTTTTTTGACGTTTAAATCCCACATAGTTCAGATAAAACACAGAACCCAATTCCCTTTTCCACAAAGCAGTTTTGTTTAAATCCCACATAGTTCAGATAAAACGCTCTGAATTCGATGAGCTGAAAGAGAAAATTGAGAGTTTAAATCCCACATAGTTCAGATAAAACGCTATATTATGTAGCGGGAGGTGTTTTTTATGGAAAGTTTAAATCCCACATAGTTCAGATAAAACGCTGGGTGGGACACGAATGTTTGGGAGGTGAAGTGATGTTTAAATCCCACATAGTTCAGATAAAACCTTCCCCTCATATTCCCTCAAACTTACCGTAGCCTTCAGGTTTAAATCCCACATAGTTCAGATAAAACTCGTGTTCTTTGAGCCACTCCTCGGCTTCCTCCCGGGTGTTTAAATCCCACATAGTT
CP121689.1_gap43	1605172	1610050	4878	GGGTCGATGAGGGGTGTTTTTTCTGTCGATGTCCGGTAACCCGAAAACCCCCGGGGATCGACAGAAAATTGAAAATGGGTTCTTTCGCTCTTGACATGGGGATTAGTTCATGTTCTAATAGTTTCAAATACGCACCTTGACAAGTGAATAGCGATTTTAAAAAGCCTTTATTTATAATCCTTTTACGGGTTTGTAGCGTCCCTATAAGGGATTGAAACTGAATAAAACGTGTAAAGCCGACTCTCGGATTTGGAGTTTGTAGCGTCCCTATAAGGGATTGAAACAACCATAAATTTCTCTTATGGCTTTTATTTCTTCAGGTTTGTAGCGTCCCTATAAGGGATTGAAACACCCGCCAGGGCACCTTGGCAACCGAGTATCCGAAAGTTTGTAGCGTCCCTATAAGGGATTGAAACCCCGAAAGCCGTATATCTTCCCTTGTAATCTCCGCCTGTTTGTAGCGTCCCTATAAGGGATTGAAACCGATATTTTGAGCGACCTTACCTATGAAGAAGCCCAGCAGGTTTGTAGCGTCCCTATAAGGGATTGAAACCCTGCACTATTTTGGTGGTGCCGGCGGGCATGGTAAAGTTTGTAGCGTCCCTATAAGGGATTGAAACAGACTTGGCAAGAGATACTTCAACGTAAACATTGCCGGTTTGTAGCGTCCCTATAAGGGATTGAAACGTTACTTCGCCCGGGATTGTTATCAGTTTTTCCACCAGTTTGTAGCGTCCCTATAAGGGATTGAAACTATGAACGGGCGACACGCGTTGTTCGTCGTCCGTTCGTTTGTAGCGTCCCTATAAGGGATTGAAACTCACTCTAACCCCAGCTATCTCTACTCTAATCATCTATGGTTTGTAGCGTCCCTATAAGGGATTGAAACATCTCATCTTTCCTGTTGAGAATTCCCATCTCGTACTGTTTGTAGCGTCCCTATAAGGGATTGAAACCAGGGAATGCGAAAAGCCCTTCCGAAGCGATGAATCCAGAGTTTCACCGTTGTTAACCGGTAAGTTTAAAGGATTCGTCGTGTCGAATTTATTTCAGCATCTCGGGCTTCTGGAATCTCAAAGGGGATTAAACCAGGAAGAGTGCAAGAAGTGTGGTTCAGAAAGGGACCCTGAAACGAGGGGATCCTGAAATGAGACCCTGAAACGAGATCCTGAAATGAGGAGACCCTGAAACAAGGAGATCCTGAAACAAGTTCAGGGTGACGGCTCCGCCGTCAGTTCAGGACGACAAAAGCTCCGCTTTTGCCGGTTCAGGGTGACGGCTTTGCCGTCAGTTCAGGACGGTAACGATAAAGCCGTTGCCGGTTTGGGGCGGTGTCAAAAAGCCGGCACCAGTTCGGGGTGGTGGATTGTTGCGACCTTGAAACATAGAGATGCTGAAATAAAGGGTGTTGAGGTTTGCCATTCCACACTGAGAAGTCCGGAGGATTTGTCATTCCGAACTGGGTTAAGGCTGGCTTAAAGCGGTATCGATAAGGCCAAAGCAATGCTTGAGAATAAAAAAGCGGGATGGGGTGTCCATCCCGCTTTCTCTTTCTGTGTGTGTTTCCTGGTTTCTTTCAGATTCTGAAGCGCTCCACCAGCTTCTGTAGTTTCTGGGCCATCTGGGCAAGCTGCTCCACTGCAGAGTTGACCTCTTCCAGTGAGGCATTCTGCTCTTCAGTGGACGCAGAGACCTCTTCACTGGAAGCCGCATTCTCTTCAGCCACTGCAGCCACTGAAGAGAGCTCTTCGGCGATCTGCTGGACGCCTTCTGTGGCCTGAGCAGTGAGGGAAACACTCTCTTCGGAGAGCTTGACCACTTCCTGAGCACTTCGGGTGGTTTCTTCCTGAGCCTGGTGGGCTTCAAGGAGCGATTGAGCAAGGTTTTCGATGTTTCCTTCCAAGCGCTCAATGGCTGAGAGGATGGAGTTAAAGTTCTGGGCCACTTGTTCACTCTCTCTGCTCCCTGCTTCCACTTCACCTTGGGCTTTCTGCATACGCTCCACTGCTGAGCGGGTGTCTTTCTGGATTTCAGCGATGAGCTTTCCAATTTGCTCGGCAGCCTGGGCACTCTCTTCAGCCAGTTTGCGCACTTCCTCAGCCACCACGGCAAAGCCCCGTCCAGCATCACCAGCTCGGGCGGCTTCGATGGCTGCATTGAGGGCTAAGAGGTTGGTCTGCTCGGCAATGCCAGTGATGAGGTCCACAATCTTTCCAATCTCCTGGGAGCGCTCGTTGAGAATTTGGATGCTTCCGGCGACTTCTTCACTCACCCGGGCAATGGAGGAGACGTTTTCGATGAGCTTCTGCAGAGAATCTTTCCCTTTCTGAGCTTCTTCTCTGGTGGTGGTCCCTTCTTCTCTGGTTTTTTGCATCATGGCTTCAATCTGTTCCAGAGCTTGCTGGTTCTTCTGGAGGTTCTCCTGCATCTTCCCAAGAAGCTCCAGGTTGCGCTGGGTGGCTTCAGCAACTCTCTGGGCTCGCTCACCAATCTGGGCTGCTTCTTCACTCACTCTCTGCAGCTCTTCACTCTGGCGGGTGGAGCCTTCAGCAACCTGGGCAATGGTTGAGGCAATCTCTTGGGTGGCTTTGGAGATCTCCGCAACCGATGAGGAGAGTTCCTCACTGGATGAAGCCAGAGAGGAGGAGGTGGTGAAAACATCGTTTACCAGAGCCCGGAGATTGCCCACCATATCTTCCAGTGCCCGGCCCAGTTCCCCAAGTTCGTCCTTGGAGTGAGCCCGGAGGTCAAAATCTGCACTCAGATTCCCCTGAGCAACCTCCTTAGCCAGATTGACCATACGTCGCAAAGACCTGGTGATGCCGCGGGTGATGAGCAGTGCAAGAACCAGCGCAGCAACAATAATAATTGCCACCAAAAGGACTACAGTAAAGAAGCTCTGCTTGAAACTTGCTCGGGCTGCATGGTGCTGGTTCTCTGCCAGAACCAAGCTGATTTCAGTAAGCTGGTCCAGATAATCGCGCATGGTTTCAAATTTCTCTGCTGCATCACCGAAGCTCAGTGCCACAAGGGAACTCAAATCCTCACTGGCTGCTTTCCTTGCCTCCACAATCTTTCGAGAAAGGGGCAACCACTCCTGGCGTGCCTCCTCATATTTCCCGATCAGTTCTAGTTCTTCTGGTGTTTCAGCAAGGGCCTTGTATTTGTTCCAGCGCTCTTCTGACTGCTGGAGGTTCTCCTCGTAACTCCCCAGAAACTCCTGGAAAGCTTCGGAGTTCACATCAACAAGGAGTAGAGATCGTTCAGCAAACACTGCCTGGTACAGGTCGCGATCGATCTGCAGAATATAATCTATGCTGGGCAAGTGGTCTTGAGAGATGTCTTCAAGATTAGCCATAATGCTCCGGGAAAGGGAAAGCCCCAGATACCCAACCACCGCAGCGAGGGCAACCACTAAAACAAAGCTCAAAATTAATCGTGTTCCAATTCGCAAGCCAGATTTCGCCATTTTACTCCTCTCCTTTCCAATGAGCCAACGTCGGACAGAGTGTCCAGAAATAGTATTGGAACTCTTTTTTCACTCATTTTCGGTTTTCCTTCTCTTACCGTCCCTTCTTTGACTTCGTTTTCTTCTTTTTTCATACCTTACTCTGATGAGGAAGCCCAGCCACTGAAAAATAGTGAGGAGACAGGCCGTTTTAGAGCTTCCTCAGCACAAAAAAGGCACCTACTTGGATTAAAGAGAAACCCTCGAGGGCTATCCTCTCCCGAGCAAACTATACAGAAACGGTACTCTTTCCCAAGCTAAAAAAGGTGGTCACGCTAAAGAAACAACGTCCCTTCACCTTGAGAGAATGCCCCGGCTCTCACCAGGGGCTCAAGAACAACTCAGGAAATTTCCTACTTCACTGCCTCACTCCTTTCCTTGAGTATCATGTGCTCATCACAGTACCATATACAGGTTTCGCTCCTGATCTACTATTATTTATCAGCATCTTGTAAGAAAACTTTAGTGTTCTGGTAGAAACTTTGTTTGACTCTGGAAACAGAAAAAGGTGAAAACAAGGATTGTTCCCAGATTGCTCACAAAAAATCTTCCAAAATTCCCCGAAAGCGTAAAAGACAGGTAGAATAAAAGAAAAGGCACTGATGCAGAAAGGAGGGTCACTTCTGAAACCCCTACTGGTCATTCAGGAACACTGGGCATCACACCACCACTTTGACCTGCGCTTGGAGCGAGATGGGGTTCTGAAAAGCTGGGCAGTTCCCAAGGGAATACCGCTTTCTCCCGGAGAGCGCAGGTTAGCCATTGCTGTTGAGGATCATGCTTTGGAGTATGCCGACTTTGAAGGCGAAATCTTGGAAGGGTATGGCAAAGGAAAAGTGGTTATCTGGGACCGGGGCTTTTATATCCCGGAGAAGTGGGAAGCAGGAGAAATTCTCTTTGAAGCCCATGGTGAGAAGATGCGAGGCAAATATGCGCTTATCCACACCAGCGATGACCAGTGGCTGCTCATAAAAAGGAAAGAGGAAAAAAGCAGTGAACAGAAAAAATCCAGCAAGGATTAAAAAAGAGCGCTTTTACGAAATCGATGTTCTTCGGGGTTGTGCCATAGTGAGCATGGTCATTTACCATCTGCTTTATGACCTCTCCGCTTTTGGAAACCTGAAAATCGAACTTTACCGGGGGGGATGGCTCTACTTCCAGCGCTATATTGCCACATCCTTTCTGGCTCTCTCCGGCATATCCCTCCACCTGAGCTATGAGCGCATGAAGCAGAAAACAGGAAACGCCCAACTCATACACCTCATTCGCCGGGGGGTGATCATCTTTCTCTGGGGTATGGTGATAAGCGTGGTCACTTACCTGTTCCTGGACGGTGCCTATGTGCGCTTTGGAATACTCCACTGTATCGG
CP121689.1_gap44	1730350	1732655	2305	ACGCTCTTCAGAGTAAGCAATCGCCAGGAGAAGGTCAATTTCACCCTGGCGGAGAAAGTCGAGAAGCTTTGAAAAATCATCACGCACATACTCTATCTGCCAACCTTCCCGGCGCCCAATCTCTTCCAGAACCTCTGGATAGAGACCCTGAACCTGGCCGCTCTCATCCCAGAAAACAAGAGGTGGGTCCTGGTATGCACCAACTCGCAAAGTCAGAGCCCAGGCCCCGGGCAGGAAAGCGTAAAGAAGAAATATAATCAAAGCAAAGAACAATAAAAATACTTTTTCGCTCTTCAAACGACTGAACTCCATCTTCTACCTATGCTACATCTTTGAAAGACTTAAGATGCTGAACAGAGGGAAACCCCTCCCTGAGTTGTCCTTACCAATTTTATACCTTATTTTCCTTTGAAAATAAATACTTTTTGAGGTCATGTGGTTAGGATATTCCTTGTGCAGGAGTCAAAAGGCTGCTTCTGGTCAATCGCTCACCATACGTTTTCTGCGCTCTTTTCTTAAACAGCTCAATTGCTCTCCAGTATGCTGGCTTTATCACTCACCCCTACCACCTTCAAGCATAAGCAATTTACCTTCATTCTACACTATTCCGGGCTCCTGAAAGATGAAAATTTGAGAATCCCATTACCTGCACACCACAAAACCCAAAACAAAGATAGAAACCCTTCAGCCACAAGACCTGAAACTGTGCTACACTATTTAAGGGGGGAAGCGATGAAAAGGTCGTATTTTCTTTCATGGGTGCTTAAGTTGCTGCTGCTTACACTCGGCCTTATCTTTTCCCAGGCAGTAGCTTCTTTTGTATCGGGAATAGGCACCAGTGCAGAAAGCGCAACTTCTCTGCCTGCAGTCTTTCTGGTCAGCTTCGCCCAGACTATCGTACTCAGCTACCTGGTGGTCCGTTCCCGATACGGCGGGTGGAAACTGTACCTTGCGATGTTCACTGTGTTTTTTGGCATAACCACTGCCCTTTCTCAGGTAGAAACCCTGGTCTTTCTCCGCTACCTGGTTTCCGTAGTTCCCGCTGCAATGGTGCCCCGCTTCTTCCTCCAGGGTTTCCTGACTGCACTCATTTTCAGCTTTCTGCTCCTTGCAGTTTACGGCAGGTGGCACAGCAAAAAACCAGCTACAACAGTGTATTCAGTTCCTACCCCTCAAAAGCGATTGTTGGTAACCCTACCGGTCCTTGCTCTTTTTTACGTGGGCATCTACCTATCTTTCGGCTTTTTCGTCTTCAGGCCCTTAGCCGCCCAGGCCTTCCAGGAATTCTACGCTGGCCTTGAGCTTCCGGCCTGGATTTTGCCTTTCCAGGTATTGCGCGGCCTTGCTTTTTCGGCACTGGCTCTGTTTATTACCAGAGTTGCCACAGGAAAGCGGTGGGAAAAAGCCCTGCTTTCGGCTCTGCTTTTTTCGGTGCTGATGGGATTTTTACTGCTCCTTCCCAACCCTTACCTGCCCCCGTCAATTCGCAACGCTCACTTTGTGGAAGTCACTTCCTCCAACTTCCTTTTCGGGTGGCTTTCCGGCTGGTGGCTGGGAACTAAAGACTCTTAGTCCCGTCACCCCCCTGTGCTTTCTCCATAAACTCGGCTATTGAAGAAGCAGTGTGTTCTATGGCAGGGTAAGAAATCCAGTAATGAGTGACCAGGCGGTATTCTCCCTTCATAGGCGGGTTAATTTTAATACCTCGCTGAAGCAAAAACTGCAGGAAATCAGCATCCGAAAAGCTTTCCCGCCTAACCCGGAAGAAAACCATGTTGATGTCCAGGCGGTCAAAGAAAACTTCTATCCCCTCTACCCTGGAAAGCTGGCGAGCAAGCGTTTGAGCTTTCCTGTGGTCTTCCTCTAACTTTTGGGGCATAACTTTTAAAGCAACCAGGCCTGCTGCAGCTAAGTAACCGACCTGGCGCATGCCTCCACCCATGAGCTTCCGCATTTTGCGGGCTTTTTTGATAAACTCTTTGCTTCCGGCAAGCAAAGAGCCCACGGGAGCACACAACCCTTTGGAAAGACAGAACATTACCGAATCGGCATATTGGGCAATCTCTGGAGCACCTACCCGGAGGTGGCAGGCAGCGTTGAAAATCCGGGCACCGTCCAGGTGAACCGGTACTCCTTTTGAGCGGGCAAACTGGTACACTTCTTCCAGGTTTTCAAGGGGCACCACCGAACCTGAAGAATGGGCATTTTCCATGCAAATCAGGCCGGTCCGGGGGTGGTGGATGTCTTCTTCCCGGTAAAGCCTTTCCAGGTCCTCTATCGCAACTCTTCCCCGATCATCACGAAG
CP121689.1_gap45	1747995	1751372	3377	CAAGCGTTCTTTTTACCACCGGCAAAAAGGTAAAAGCCGGCCCTCCGCCCATGACCACACCGACAAAAGCCGCCTCCAGAATTTCTTCACGTGAGGCACCGGCTTTTTGGGCTGCCCTGGTGTGCAGCAAAACACAGTTTTCACAGTGAATAGCCACACCAACTGCCAGCGCAATAAGCTCCTTGGTTTTTACATCCAAAACCCCTTCCTGCATTACCTGCTGATAAAAGCTGTTGAAAGCTCCCAGAGAAGCTGGTATCTCTTCTTTGAGCGCACGCAGTGCCGAGCGATATTCCTCCATGAACTGGTCAATATTCCCCACACAAAACACCTCCCTGATTATCAAACATAGGTTAACCAGTGCTTATAGTCGGGTTCCTCACCACGCACAATGCGGAAAAAGTGTTCCTGAAGTTTGCGAGTAACCGGACCAGGCTTTCCATCTCCAATCTGGCGGTTGTCGATTTCCACCACCGGAGTAATCTCTGCTGCGGTTCCGGTGAAAAACACCTCATCAGCAAGATACAGGTCGTCCCGAGTGCACAGAGTTTCCTCAACCTGCATCCCCAGGTTTCTGGCCAGCTGAATCACCGCATCGCGAGTGATGCCCAGAAGAATTGAATAAGGATGTGGCGTGAACAGTACACCATTTTTAACGTAGAAAATATTTTCTCCACTTCCCTCAGAAACAAATCCATCTTTGTCAAGCAGAATGGCCTCATCATAGCCCAGTTCCCGAGCTTCCATTTTAGCCAGAGCCGAATTGAGGTAATTGGCGCTCGCCTTGGCCCGAGGAGAACCGGCGTTTATATAAGTCCTTACATAGGAAGAAATCTTTGCTCGTATCCCTTCGGTGAGACCTTTGTCTCCCATGTACGCTCCCCAGCACCAGGCAGCAATAACGCAGTCCACCTGACACTCCGTAGGGTCCACTCCCATCCTGCCGTAGCCTCGGAAAGCAATGGGGCGAATATAGCACTCCTCAACTTGGTTTTCCCGAACTACCTGAAGCACCGCTTCCTCGATTTCTTTTTTGCTGTAAGGCAAGGCCATACGGATTATCTTTGCCGAATCGAAGAAACGCTGAATATGCTCTGGAAGACGGAAAACTGCAGGACCTTTTGACGTCCGGTAGCAGCGTATACCCTCGAAAATGGCTGTTCCATAATGAAGCGCATGAGAGAGCACATGAACCCTGGCTTCTTCCCACTTCAACAATTTACCGTTCATCCATATCCATCGCAATTCTTGCATCGGCCACACCCTTACCTCGTTTTTCCTTTTATTTTACCCAATTGCACAAGATAAAAAAATCGCTACAATAGAAAAAAACAAAAAGGGGGTGAAAAAAACGTTTTGGGATGAGCGTATGGAGCTTCTTCCCCGAGAAGAACTCCAAAAAATACAGCTTAACCGTTTAAAAAAGATTCTGGTCAGAGCCTACCATAACCTTCCTTACTACCGTAAAAAGCTCGATGAAGCCGGCGTTGACGTGTATCGTTTAAAAACGCTGGAAGACCTCAAGCACCTTCCCTTTACCACCAAATCCGACTTGCGCAAAAGCTACCCCTTCGGAGCTATAGCTGAGCCAATGCACAACATTGTCCGCATTCATTCCTCATCCGGAACTACAGGAACGGCAACCGTGGTGGGCTACACCCGCAAAGATATTGAAACCTGGGCAGAACTGATGGCAAGGACACTCTGTGGATGTGGTGTGACCGAAGAAGATATCATCCAGGTGGCTTTTGGATATGGGCTGTTTACGGGGGGTCTGGGGGTTCACTATGGAGCTGAAAAGCTGGGAGCAACGGTGGTTCCAGCCTCAGCCGGCAACACTCTACGTCAGATTCAGATTCTCAAAGATTTCAACATTTCGGTCCTCTGCTGCACGCCTTCTTATGCTCTGTATCTTGCCGAAGTGGCCCGGGAAAACCACATCGACTGGAGCCAGACCCGCTTTCGCCTGGGAATCTTCGGGGCCGAGCCCTGGTCAGAAGAGATGCGGGCAGAAATCCAGAAAAAGCTCCCCATTCAGGCTTTCGACATCTATGGATTGAGCGAGGTCATCGGCCCGGGCGTGGCATTTGAGTGCGAAGAACACCAGGGGCTCCACATTTCAGAAGACCACTTCCTGCCGGAAATCATCGACCCGGAAACTGGAGAAACACTTCCTGAAGGCACCGAGGGAGAACTGGTGTTCACCACCCTGACCAAAGAAGGAACACCGGTCATTCGCTATCGCACTGGAGACATTTCAGCCCTGTATTATGAGCCCTGCCGGTGTGGAAGGACCCTGGTGCGCATGAAGCGGGTCGCTTCCCGAACTGACGATATGCTCATCGTCCGGGGAGTAAACGTGTATCCCTCCCAAATCGAGAGCGTGCTCTTAAGTTTCGATGGTGTGGAACCCCATTACCAGATCGTGCTTACCCGAGAAAACTATCTGGACAAGATGGAAATACACGTTGAGGTCTCTCCAGAGGTATTTTCAGATGAGGTCAAAAAGCTGGAACAGCTAAGAAATGCTATTCAGGAAAAACTCAAAGCCGAGTTGAACCTCAGCTCTGAAGTAAAACTTCTGGAACCTAAAAGCTTGCAGAGAACAGAAGGCAAAGCCAGGAGAGTCCTTGACCTGAGAAAAAAAGAGGGGTCAAAATGAAACAGATTTCGGTTTTTCTGGAAAACAAACCCGGGAGTCTCCATAAGGTGCTTCAAAAGCTCAAAGAGTGGGGTATCAACCTGAGAGCTCTGGCCCTCGCTGACACCGCCGATTTTGGAGTTTTGCGATTCATTGCTGAAAACCCTGAAGAAGTAGCCGAAAAACTCAAGCAGGAAAACTTCACTGCCACCATAACTCCGGTTATCGCGGTAGGGGTTGAAGACCGACCTGGAGGGCTGTGTGAAATCGTGGGCTTGCTTGCCGAACAGGGAATATCCATTGAATACCTCTACGCCTTTGTATCTCCGCAGAAAGACAAAGCCTACGTGGTGCTGCGGGTTGAAAATCCTGAACAGGCAGAAGCCATTCTTCGCAAAAAGGGAAAAGAAATCCTGGAAAAAATTCCGGTTTAGAAAAAGCTGCTGGCGTGCGCCAGCAGCTTTTTTCAGTCTACATTCACCACCACTTTCACCGATTCAGCTTTGTTCTGGTGAGCAAACTCCAGAGCTTTCTGGGTTTCCTCCAAAGAGAAACGGTGGGTAATCAGGGCCTTGAGGTTAACCTTGCCAGAGTTAAGTAAATCCACACAGCCCGGATAGGTATTGGCATATCTGAAAATACCCAGCACATCGAGTTCCTTATCAATAACTTTGATGATATCGTAATCGATTCGGCTTTGAGAGGGAAGACCCACCAGCACCACTTTACCTCCCCG
CP121689.1_gap46	1753016	1755183	2167	GTTTTCACCTGGGTGAGAAAGCCACGCAGTGCAGGGAACGGATCGCCGCTTACCACCAGGAAAAGCCCGCCTCGCTCCCTTATGCTTTTACTCAACTCCTGATATTCGGGAAGGAACTCACCGAACAGAGGGCTAAAAACCGAATCCACAAAGAGGATGACCGCCGGGGTGCGTCTGATGAAGTCCGAAAGCGCAACCAGGTTACCCAGTGCGTCATAAAGAAGGCCGTCGGGGAATGCCTCGTTAAGCCTTGGCTTCTGCCTCCATAAAAATCCGAGCACTTCCTGCATGAAAGCCGGCAATTCTTGAGAGCTTCTCGCTGTTATAACGTTACCGTCAACTACCACCGGAAGATCCACAAACTCTCCACCGGCATTCTCAACGTCATCTCTTACGGAAACCGCCCCGGTGACTCTTTTACCCCGCACCACCCCAGCAGAAATAAGCACCCAGGGGCCATGATGCAGAGCGGCAACCAGCTTTCCCTGCTGATAGCACTCTCTGACTAAGTTGACCACTGCCGGATAACGGCGCAAATAGGCAGGGGCGAAACCACCGGGAACTACCACGCCATCAAACTTGCTGGCATCAACTGAAGAAGCGAGTTTTTCAACCCGCACTGCAAAATTATGCCTTCCCAGGTAATCCCCCTGTGTGCCGGTACCAATGGTCTCTACTTCCATCCCTTCTTCACGGAGACGAAGCAAAGTGTACCAGACATCCAGTTCCTGATATAAATTTTCAACCAGCAAGGCAATCCGTTTGGAGGCCAATCAGGACCCACCTCCCCACTCCTTCTTAAGGCCACTGAGGTAAACAAAGTGTCTGCGTTCTTCGTCAATCACCTTTTGCAGCCACTCCATTTTTGCCTGGGGAACAAAATCAGCAAAACCTTGATAAAAGAGAATACTCTCTTTTTCCACCTCAATGCCAAAATTAATGGCTTCGATAAGGTCAGCCTGAGGAGAAGGCACCCCCACTCCTCGCAACACTTTTCCCAACACCCCATCTTCAACGATGGCCCTCAAATAACTTTCCACCTCTTCCATGGTATCGATGAATTCCGCCTGGTCGTCTATTTCGTTCAGCAGGGAAGAAAAAAATTCCAAATGCTTCTCCTCCTCATCCCTCAAAAGAGAAAAAGCTTCCTTAGCAGAAGAGCTGGTCGCTCTTTGAAGTAATTCTTCATAAAAAGCCATGCCTTTTTTCTCAAGTTCTACCGCCATGGTGAGAATCTCCTGAGGAGAAAAGCGCATTACCATAGCTCCTTCACCCTCTCCAAAGCTTTTTTCCATTTTAGCACTTTTGGCGCTGGCAAGTCACTATACGGAAAAAACTGCCTTTCAGACCACAACCTGCACCAGCTGAAGTCAGTAGCCAAAAACAAACTAACCGAAACAAGTTCTTCCCATCGCAAACATAATATAGAATTATAGATATTGATAAAAACTACGCTAAGCAGGGGGTTGCTATGGGAGTAATTCGCACACCCAAACCAGTGAAACTTTTTATCGCTATCCTTTATCCGGAACGGGAAATTCTGGAAAGCGTAAAGCCGGCGCTTCGGGAACATTTTGGAGAAATAGAATGGGAAAGCCCTCACCTTCCCTTCACCCACACCGATTATTACCGCTCTATCGGAGAAAAATTAACCCGGGTTTTTCTGGTTTTTGAACCTCTCATAGACCCGGGACAGTTAGCCGATATCAAAATCACCACCAACCAGATAGAAGCCCAGACTGGGGATGGGGAAAAAGAGCGGAGAATCAATCTGGATCCGGGATACTTTGACGGAGGAAAAATCGTTCTAGCCACCACCAAAAATTTTTCCCACCGGGTATACATTGGAAAAGGAATCTATGCAGAAGCCACCATCAAGTGGGAGAAGGGAGCTTTTCGCCCCTTTGAGTACACCTACCCGGATTATGCAAGCGAAGCCTATCAGCCGATTCTGTTAAAAATTCGCGAGTTATACCGTAAATCACTGGCAGAAAGAGAATCTTCAACCAGGTAATCAATCAAATCCTTAAAACTCATACCGATAGCCCGACAGGCCTGAGGAATAAGGCTGGTAGGAGTAAGACCGGGTATGGTGTTGATTTCAAGAAGATAGATCTGGCCTTCTTCTTCATCGTATATGAAGTCAGACCTTGACATGCCCCGACAA
CP121689.1_gap47	1776279	1779251	2972	ATCATCTTGCGCTGCAGAGCTGGAAAACAAACACTGAAAAGAATCAAAAGAAAAATGATATCCCAGAACACAATATGCACCTCCCTAAAAGACTCAATTAGTAGAGGGTAATCCCCCGATTACGAATTTTGCCCTCTTCAAAGAGGTCTCCCCCGAAGCTATCATAAGCAACAATCAGGGGGAAATCACGCACAAAAAGCCGCAGGAGAGCCTGTGCCCCCAGGTCTTCATAAGCCAGAACGTCCCTGCGCAACACAAACTGGGCAAGGTATGCTCCAGCACCACCACAGGCAATGAAGTACACTGCAAGGTGTTTTTCCAGAAGTTTTTTCACCTCTTCGCTGCGAGCTCCTTTACCAATGGTTGCCCTAACTCCCAGTTTCAATAGTTCCTCAACTGTTGCGTCCATTCGGGAACTGGTGGTCGGCCCAACTGAGCCAATCACCTTCCCCGGCGGAGTGGGAGTTGGACCCGCGTAGTAAATGGTTGCACCTTTTACTTCAAAAGGTAGTTCTTTGCCCTTTTTGAGGTCTTCCAGCATACGGCGGTGTGTAGCGTCCCGAGCCACGTAAATGTCGCCACTCAAATACACTATGTCACCTACTCGCAAATTTCGAGTATCATCAACTGAAAGGGGTGTTTTCAAAACAAATTCCCGATTTTTTTCTGCTTGCTCTTCCATACCTTTCACCACCTGAGCGTCTTCTGGCGGAAAACATGGCAACTCGCTACCAAACCCACCGGAAAGCTGGCTATATGACACGGATAAACCTCTATCCTAACCTCAAGACAGGTATTCTTACCACCTACTCCCTGAGGACCAATGCCCAGGAGATTTATCTTTTCCTTCATACGTTCCTCAACCTGTGCATAGCGAGGGTCCGGGTTTTTTGACCCCAGAGGCCTACTCAAAGCCCGAGAAGCAAGATACATAGCATATGCAGCATTACCACCTACTCCAATACCCACCACAAGCGGTGGGCAAGCCTGAGCCGCTTTGCGGTCCAGCTCGCGCAAAACGAAACGCTCCAGGTCTTCTACAGAGCTTCCCGGATTTAAAACACCCAGGGAACTAATGTTATCACAGCCTCCACCCTTCACCAGCAAGTTTATTTCCAGTTCTTCTTCCCCTTCAAAATCAAAGAAATAAACCGGAGGCGTATTATCACGGGTGTTGACTCCGAAAAAAGGGTCAGCAATGATTGATTTCCGAAAATACGCCTTTTGATATGCGCGACGTATCCCTTCGGCAATGGCCTCTTTAAGACTGCCCCCTTCAATCTTCACTGCCTGGCCTATTTTCACCTCTACCTGGACCATTCCAGTATCCTGACACAGGGGAAGCCTATTCTCTTCTGCTACCACATAGTTTTCGAGAATCTGAGAAACCATTTCCTGGGCCACTTTCTCCCCCTCGTTGGTAAGCACCTGGAGCATTTTTTGACGCAAGACTTCCGAAGCAACTATGTTTATCTCTATAAGAGCCTGCTCCACTCGCTCAGCTATTTCCTCGAAAGTAATCTTTTTCACGTTCCACCACCTTCCGGGCTAATCACAAAACCCTCCTTTTGCATCAAAGCAGTAATTTCCCTGGCTCTTTGAATAAGAAAACGCGATTCTCTCTCTATTTCTTCCAGAGAAACATCCCTTTGCGCTATTCCCTCTTCCAGAGCAACCCGGGCCACCGCTTTAGCCTCTTCCACATACACTTCCCACTCTTCCATACTGGGAATGATGTAATCCTCGTTTAACCCCTTCCGACGGGCAAATTCATAAAGCGACTTTGCCGCCGCAAGGCACATGGAATCGGTGATGGTGCGAGCCTGAACGCTCAACACTCCCCGAAAAACACCAGGAAAACCCAGGGAGTTGTTGACCTGGTTCGGGAAATCAGAACGACCAGTTGCCACAATCCTGGCACCAGCCTCTTTGGCTTCCCAAGGCCAGATCTCTGGTACTGGATTAGCACAGGCAAAAACGATTGCCTCGCTGTTCATCTGGGCCACCCATTCCGGCTTAATGACCCCAGGACCAGGCGTAGAAAGAGCAATCAAAACATCCCTACCCCTTATCGCTTCTTCCTTGCCACCTACCAGATTTTCCCCATTGGTCACCTGGCAAAGTTCCCACTTCCAAGGATGGCTCTCCTCCAGGTCTTTTCTTCCCCTGTGCAGGGTCCCCTTACTATCACAAAGCACCAGGTTTTCAGGAGGTACGCCGACTGCAATCAGGAGGTGAGCAATTCTCAGGTTAGAAGCCCCAGCACCTATCAAAGCAACTTTAACCTGGTCCGGAGCTTTGCCAACTACATCCAGCGCACCCAGAAAAGCTGCAATGGTGACCAGAGCCGTTCCCTGCTGGTCATCATGCCACACCGGGATATCAAGGGTTTTTCGAAGCGTTTCCAGGACCGCAAAACACTGGGGTTGGGCTATATCTTCAAGGTTAATGCCCCCAAAGGTGGGAGAAATAGCTTGAACCAGCGCAATGAGCTCTTCAGGGTTCCGGGTGCGGACACAAATCGGCCATGCGTCCACTCCCCCAAGATACCTGAAAAGGAGTGCCTTCCCCTCCATAACCGGGAGAGCCGCTTCCGGGCCGATGTCACCAAGCCCCAGAACCCTGCTCCCATCAGAAACCACCGCTACTGTGTTCCAGCGGTTTGTGTACTGAAAAGAAAGTTCTCTATCCTCTGCAATCGCCCGGCTTACTGCAGCAACTCCTGGAGTATACCACAGCGCAAAGTCCTGGTAATCGCGTACCGGGCATTTGAGCAGTGTCTCTATCTTCCCGCGGTAAAAACGATGCAATGCCCTTGATTTGTCAAAAAGTTCCTGAGTTTTCAGATTTCCTTCCTTTACCATTTCCAACCCTCTTTCCTTTTGCATTAAAAACACAACAGGAATATACTCTATAAAAGCCCCAAAAAGCAACCAGGAAGAAAGGAGCAAAGCCAAAATGAAATTTCTCTG
CP121689.1_gap48	1780558	1784031	3473	AAAAAATCTTTGAGGCCCTGGCCCAGGGCAAAAAGGACGTGGAAGGTGTTCCCATACCGCTTTGGAAATGGTGGAAGGACTATCTCCACTTCAATCCTCAGGAGTGGTTCCAGAAAATCCGGATTCCTACCCTGATTCTACAGGGAGAAAAAGATTACCAGGTAAAAACCGAGGATGCCCTGAAAATTGCTGCCATACTGAAGCAAAACGGCGTGACTTACGAGTTAGCAATTCTCCCCAACCTGGATCACCTCTTCAGACCAGTAAAGGGAGAGTTTTCCTCACCCGAAGAATATCTGGACACATCGAGAACAATACCTCAGGAAGTGTTTCAAAAGATTTGTACCTTCTTAAAAAACAACTTGTAGAAAAGAGAGAATTAAAAAGCCCGTGCACTCCTGCACGGGCTTTTTAATTAGCGAGTCTCACGGTGTAGAGTGTGCTTTTGACAGTGGGGGCAGTATTTTCGAAACTCCAGACGCCCCTGTTTGTTGCGTTTATTCTTGCTACCCTGATAGTTCCGTCGTCGACACTCCGTACATTCAAAAGTTATGGTTTCCTGCATGGAACAGCAACCTCCACAGTTACTCTATAATCTCAGTTACTACACCTGCTCCAACCGTTCTACCACCTTCACGAATAGCAAAGCGCAATCCTTTCTCCATGGCAATGGGGTAGATGAGCTTTACTTCCAGGTTGGCATTGTCTCCAGGCATGACCATTTCCACACCTTCAGGGAGTTTGATTTCTCCAGTAACGTCAGTGGTGCGGAAATAGAACTGGGGACGATAACCGTTGAAGAAGGGGGTATGTCGTCCACCCTCTTCTTTGGTGAGCACATAGACTTCAGCTTTGAAGTGGGTATGTGGAGTGATAGAACCAGGTGCAGCCAGAACCTGTCCTCGCTCTACCTCTTTCTTCTCAATACCTCGCAGCAGAACACCAATGTTGTCTCCGGCCTGGGCTTCATCGAGGATTTTGCGGAACATCTCAATGCCGGTGACCACGGTCTTTTTGATCTCATGAGAAAGTCCCACAATTTCCACCTGGTCACCAAGGTGCAGGACTCCACGCTCCACTCTTCCGGTAACCACAGTACCACGACCGGTGATGGAGAAAACGTCCTCAATAGGCATCAGGAAGGGTTTGTCCAGTTCACGCTGGGGAAGAGGAATGTACTCATCCATGGCATCCAGGAGTTCCCAGATTTTACCACACCACTCACACTCTCGCTTACCACAGCCACACTCCAAGGCTTTGAGAGCACTGCCTACCACTACCGGCACATCGTCTCCTGGGAACTCATAGCGGTTGAGCAGATCCCGCACTTCCATTTCCACCAGCTCTATGAGCTCTGGGTCATCCACCATGTCAGCTTTATTCATGAAGACTACAATGTAGGGCACCTCTACCTGACGGGAGAGGAGAATGTGCTCCCGGGTCTGAGGCATAGGACCATCAGCAGCAGAGACCACCAAGATGGCACCATCCATCTGGGCAGCTCCAGTAATCATGTTCTTGACGTAGTCAGCATGCCCAGGGCAGTCGATGTGGGCATAGTGCCTTTTTTCAGTCTCATACTCCACGTGGGCAATGGCAATGGTGATACCTCGCTCCCTTTCTTCAGGAGCTTTGTCAATCTGCTCGAAAGGTGTGTAGTTTGCCAGTCCCGCCTTGGAAAGCACCATAGTTATTGCCGCAGTGAGCGTGGTCTTTCCATGGTCGACATGTCCAATGGTTCCCACATTGACATGGGGCTTTTTCCGTTCAAACTTTTGCTTGGCCATAGGAATCCTCCTCGTTTCAAGTCTTTTCTAATTTCCAAAAGAGTCAAGTTGCTCGCTTCAAGCGCATCATAAATCCAACATCAGCTACTTCATGTCCTGCCTTTTTCAATAAAAAGAAAAATGGAGCCTACGACCGGGATTGAACCGGTGACCTCACCCTTACCAAGGGTGCGCTCTACCACTGAGCTACGCAGGCACCTTTTTAATTCTTCACTTTATGGTGGGGAGGGTAGGATTCGAACCTACGAAGGCGACAGCCGGCGGATTTACAGTCCGCTCCCTTTGTCCACTTGGGTACCTCCCCACAAAAAACCATGGAGCCGGTGATCCGACTCGAACGGACGACCTGCTGATTACAAATCAGCTGCTCTACCAGCTGAGCTACACCGGCACAACTTTTCCGTTATGCCTGAATAAATATAAGGGATAGAGGGCAACATGTCAAGCAAAAATTATGCACTCTAAACACAAGAAATTATTGTGACCACCAGAACGTCCTGGGAGAAAATGATTGCCACAAATTTGTAGTCCAATCTTTTATTCAAGAAGACTGAATACTATCATATCCTTTTCAAAGAATGACCAGCTTTTATGCTATAATCAAAACTAACTAAAAACACGAAAGGAGGGGGGATTTTATCCACAAAAATCCATCTTTCTTCGGTTCATTCCAAAACCATTAAGAGGAGGAGAAAAATGAGAAAAAAAGTTTTTCTGGCAATTTTAGTTGGCGTGGTGTTTTTGCTAAGTTCAGCGTTCGTTCTGGCTCAGGAACCCAAATACGGAGGTACCCTGGTTTTTGGAAGCGGTGGCGATGCTACTCGCCTGGACCCCGCTGATGTAACCGATGGGCTTTCTATCACCAGGACTGACAATATTTTTGAGGGCCTGGTTCAGTACAAGCCTGGAACCACCGAAATAGAGCCTTGCCTTGCCGAGCGCTGGGAAGTTTCCGAGGACGGACTGACCTTTACCTTTTACCTCCGCAAAGGCGTAAAATTCCATGATGGCACTGACTTCAACGCCGATGCTGTGGTTTACTCTTTCAAAAGACAATTCGACCCCAACCACCCCTTCCACAAATACGGAGAATGGGCTTACTGGAAATGGATGTTCACCTCGGTAAAAGACGTGGTCAAAGTCGATGACTACACAGTTAAAATTATTCTCTCTGAGCCCTACGCTCCATTTTTGAGCAATCTGGCCATGTTTACTGTAGCCATCGTCAGTCCAACCGCCTGTGAAAAGTATGGGCCGGATTTCTTTAAAAATCCGGTGGGTACCGGTCCTTTCAAATTTGTGGAATGGGTCAAAGACGACCACATAACCTTGGAAGCTTTTGAAGACTACTGGCAGGGAAGACCCTATCTCGACCGTATTATCTTCAGAGTTATACCCGATCCCTCGGTACGCCTTCTGGAGCTTGAGAAAGGTTCCATAGATGCTATGGAATACCCCAATCCCGACGACCTGGAGCGAATCAAAAACAACCCTGACCTGATGCTCCTTGAAGCCCCGGGCATTAACGTGGGATACCTTGCCATGAATATGGGAGAAGATACCCCTGGTTTCCAGAAACCATTCGGGGATGTGCGGGTGCGCAGAGCAATCAACCATGCCATCAACAAAGAAGCCATCGTGAAATACCTCTACAAAGATACTGCGATTGTAGCCAAAAACCCCATT
CP121689.1_gap49	1785576	1786634	1058	GATTATCCAGCCATCCAGGGAGCAGTGCTGTTTATTGCTTTCGTGTTTGTGGTAGTCAACCTGGCAACCGACGTTTTATATGCCTATCTCAATCCCAGAATACGGTATCAATAAGATGACGAAGAGCAACATAGCCAAGCTACAGGGATACTGGTACTTTTTAAAGAAAAACAAATCTGCCCTGGCGGGTCTGATTATTTTGATTGTTCTCCTCTTTGTGGCTCTGTTTGCCCCTTACCTTGCTCCCAACGACCCCTTGCAGCGCAGCCTGGCCCATCGCCTGTTACCAGGTTTCTGGGCTGGCAAAGAATACGCGCAGTTTCCCTTGGGCACCGATTACCTGGGACGCTGCATCCTTTCCCGTATCATCTGGGGTACCCGTACTTCACTTTCGGTAGGCTTTATCGCTGTGGGTATATCTACTCTGATAGGCCTGGTGCTGGGGCTTCTGGGAGGGTACTTTGGTGGAAAAATCGATACCTTTTTGATGCGTATCGTGGATATTATGTTTGCCTTTCCCAGTATCCTCCTTGCCATCACCATCATGGCTGCACTTGGTCCAGGGCTTGAGAAGGCAATGATTGCCATAGGCATTGTTTACTCTCCACAAATGGCCAGAGTGACCAGAAGCGCTGTGCTGGTAATCCGGGAGATGGATTACATTCAGGCCGAAAAAGCTCTGGGCGCTTCCCATTTGCGGATTATCTGGCACCACATTCTACCCAATTCTCTGGCCCCAGTTATTGTCTACTCAACCCTGAGCGTGGCCAACGCCATCCTGGATGCTGCGGCTTTGGGCTTTTTAGGGCTTGGTGCCTTACCCCCCACCCCAGAGTGGGGTGCCATGCTTTCTAACAGCAGGCAGTTTTTGCTTTCTGGGGCCTGGTGGGCAGCCACCTTCCCCGGGTTGGCCATTATGATTTCAGTGCTGGGACTCAATCTTCTGGGAGATGGACTTCGGGATATTCTGGACCCCAGATTGAGGGTGTGATGATGAATCTGGTTCCTTTACTGGAAATAAAAAATCTGAAAACTTACCTTAAAACACCTCGCGGCAC
CP121689.1_gap50	1794268	1797258	2990	CCTGAAACAAAACCCTATCTAATTATAACCACTCAGGCAATACCCACAACCGACAAGTTGAAAAGCTATCAAGTGGTGTGTTAGACCCGAGAAATAAATGAGTATTCAGCCAGCACCTTCAAATTGAAAAATCCAAAGCTTTGTGAGAGAATATTTTGTTCGTTTTGCCGAAATATTCGGAAAGGCTGGGAGTGTATGCGACCCAAAAACATAACGGATTTTACACAAGGTAGCATCCCCCGACATCTGATACTTTTTTCACTGCCCATGCTGGCGGGGAATCTCCTGCAAACTTTCTACAACACGGTAGATAGCATCTGGGTAGGGCGATTTCTGGGTGCTGAAGCACTGGGAGCGGTATCAGTAGGTTTTCCTGTGCTTTTCATACTCATTTCCTTTGTGTTTGGACTGGGAATGGGCGCTAACATCATGGTAGCCCAGTACCTGGGAGCCCGAAGAGACGACGAAGTCCAGAAAACAGTCATCAACGCCCTGGTCTTACTTACCTTGTTGGGAATAGTCCTGGCCTTTGTGGGTATTAATTTACACCTGGCCATTCTGAATGCAATTCGTACCCCAGAAACCATCAAACAATTGGCCTCTCAGTACCTGACCATAATCTTTTGGGGCTTGCCTTTCCTTTTCCTTTACAATGCGATAAGTAGCATTTTGCGAGGTATGGGAGATGCTAAAACCCCTCTTTACCTTCTCATCTATGCTACCATTATCAATATCGTTCTTGACCCCCTGATGATTCTGGGCATTGGGCCTTTTCCCCCTCTGGGGGTAGCTGGGGCAGCCTTAGCCACAACCATCGCTCAGGGAGTATCAGGACTCATTGGGCTCTTTATCCTTTTCAAACTCAACATTGTCTCTTTCTCAAGAAAAAGTGGCTGGCGGGACTGGCCGACCATAACCACCATGTTCCGACTGGGTATGCCAGCCGGGGTACAGCAAAGCATTGTATCATTGGGTATTCTGGCTATGACTTCCCTGGTCAATCTTTTCGGAGAAAAGGTGGTAGCCGCCTACGGAGCAGCCACCCGAATTGACCAGTTTTCTTTTCTTCCCGCCATGACCATAAGTGTGGCCATTTCTTCGGTAGCTGGGCAAAATCTGGGCTTTGGAGATTATCAACGTTCCCGTGAGGTGTTCCGCTGGGGAACAATCATTGCTTTCTGCTTCGCACTGCCCATTGCAGCCCTGGTTTTCTTTGGAGCTGAAAACCTGATTCGCATATTCATCACCGAAGAAGGGGTCATCGCCATTGGCAAAGAATACCTGCAGATTGTGTCGTTTTCTTACATTCCCTTTTCCCTAATGTTTGCTGTCAACGGGTTTTTGAGAGGAGCCGGAGACACCCTGCAAACTATGATTAACACCCTGATTTCCCTGTGGCTTATCAGGTTGCCTCTTTCCTGGCTTCTGGCTATATACTTTGGACTCGGAGCCCGGGGCATCTGGATTGGCATGGCCACGGGTCCCGTGGCTGGTTTCTTAGTAGCCCTCGCTTACTATCGGAGCGGACGCTGGGAAAACAAGGTTTTAGTGAAAAAGGAAATACCAGATCAGAGAAATCAGGAAGAGCTACTGGCCAGCCAGTAAACGACTCAGAAAATTTAGGTCCAGATTTGCTTCCAGAACTGCACTCAGTCTATCAAGCTCTTGTTCCCGGATATCTTCCCAGGAAGCAGTGGCTTTTATATCTATGTCTAAAACTGGTAGTCCTTTTTGTTGCTTCAGACAATCGAAAAAGCGTTTTCTAAAGCTTGCACGGTCAAAAATGCCATGCACATAAGTTCCAAAAATCCGCTTATCCACACACACACCCTCAAAACGCTGCACGCCCTGACCCAGAAGCTTATCAATCACTAAAAAGGGGGAATACGCCTTCTTAAAACGCGTCCTGCCCATATGGATTTCATAACCTGCAAACCTTGCACTCTGGTCATCAGCAAGATAACCTTCGACCTGGCGTAAAACCTTTTCCTGTGCAAAGTAGGTTTCCATGGCAAGCACTCCCAAGCCAGGAACTGTAGCTTTTGGAGACTCAAGACCCCAGGGATCAACCAGGCGTTCCCCAAGCATCTGAAACCCCCCGCAAATGCCCATTACCAACCCACCCACCTTCAGAAAGCCCTCTATAGCTTCGCCAAACCCCTGTTCCACCAGCCAGGCAAGGTCAGAAAAGGTGTTTTTGGTACCAGGAATAATCAGAAGGTCCAGACCCGCCAGTTCCTTAGCCGAATTTATGTAGCCAAGCTTTACATAAAGTTCTCTCTCCAGAGGCTGAAAATCGGTATAGTTTGCAATATGCGGCAGTCGAATAACTCCCACTCGAAAAACATCCCCAACAACCTGATGCTTGCTACCCTTTAAGTGCTCAGAAAGGCTGTCTTCTTCGTCAAGGTGGAGTTTGAGATAAGGAAGAACTCCCAGCACCGGAACGCCGGTCAATCTTTCTATCTCCTGCAAAGCGGGTTCCAGAATTCTACGTTCACCCCGAAATTTATTGATCAAAAAACCCTGTAAAAGTTTTCTTTCCTCCTCCTCAAAAAGTGCCCAGGTACCGTAAAGCGATGCAAAAACCCCTCCCCGGTCAATGTCGCCTATCAAGATAACCGGAGCATTGCAATATTTTGCCACCCGCATGTTCACGAGGTCCTTACGACGCAGGTTAATTTCTGCTGGGCTACCCGCACCCTCCATTACTACGAAGTCGAACTCTCGAGCCAGCGAATCCAGACTCTCTTTGACCACTTGCCAGAGGTCCTCAACGTACTGATAATACTCAAAAGAAGAACAGGTTTTCCACACCTTTCCCTTGACAATCACCTGGATGGCATTTCCACCTTGAGGTTTAAGCAAAATCGGGTTCATGCGAGCATCGGGCTCAACACCCGCAGCTTGAGCCTGGAGTATCTGAGCCCTACCCATTTCTTCCCCCCTCGGGGTTACCCCTGAATTCAAAGACATATTCTGAGCTTTAA
CP121689.1_gap51	1803734	1806032	2298	ATTGTCCAGATAGAAAACGTGGGTGAGTTAAATCAGGCCATAGTCCAGGGCAAAGGTAAAGAAATTGTTTCCATCTCGGAAGCACTCCATGAGAAAAAAATAGCCCAAATTGCAGATTTTATAACTCAGCGCCGGGGGGCTCTCAAGCTGGTACTCATAGCTGGGCCTTCCTCTTCTGGAAAAACAACTTTTGCCCGCAGACTATACACTCAGCTCAGGGTCAACGGCTGGAATCCTATTACCATCTCTCTCGATGACTATTTTCGTTCTCACCAAGAGTTCAAACACAAAAAACTTGCAGACTGGGAACGCCCCGAAGCCCTGGACCTTGAACTCTTTAAAAACCAGATTGCAGCTCTAATTGAAGGTCAGGAAGTGGAAATACCTCGCTACAATTTCATAACTGGAAGCCGAGAACGAACCGGCCAGAAAACCAAGCTGGAGCCCGAAGGCATAATTGTGGTGGAAGGCCTGCACGCTCTAAATCCCCTGCTCAGTCAGGAAATACCTGAAGAGCAGAAATTCAAAATATACGTAAGTGCCATAACCCAGATTAACCTTGACGACCACAACCGCATCTCCACCACCGACTGTCGCCTGGTACGAAGGCTGGTCCGTGACAATCAGTTTAGAAACAGTAGCGCTCAGGAAGTATTCAAAATGTGGCCTGCGGTCCGCAGGGGCGAAGAAGAATTCATCTTTCCTTTTCAGGAAGATGCCGATTTGATGTTTAACTCCTCGCTTATATACGAGCTGAGCATCCTGCGAACCTTTGCAGAACGCCTGCTGCGAGGTATTACTCCTGAAGAGGAAGAATACATCGAAGCCTACCGGCTATATAGCTTTCTTAATCACTTTATACCCCTTAGCCCCTCACTGGTTCCTTCCAATTCCATATTGCGGGAATTCATTGGTTAAAGAGCTTTGTTTTTTCGACGTGTGGCTTCCCGCAAGAGAAGATAGGCAGAGCGCACCAGGGCTTCCGTATCCTGATCCAGGTCAGCAATTTCTTCTTGGAGCTTGGTAACCTCTTCCATTATTCCTTCAAGAAAGCGCTGAGAAACAGAAACGGTTTTTTCAGAAGGTACAGCCACTGTTTCTCTGGCTACCAGGTCGAAACGTTCACCAAAATGAGGCACCAGGGTTTCTCTACCCTTTTCGCGCAGCAAAAGGGCAAATTGTTCAGCAACACTCTCTTCACCATGGACCACTACAAAGAGAGGCTGATTTTTAAAATAGTCTGTCCAACGCAAAAGGTCCTTTTGGTCAGCATGCGCTGAGAAACCATTGATGGTGTAAACCTTTGCTCGAACCGCAACCTCCTCACCCAGGATTCTGACCAGCCTGGCACCGTCCACAATCCTTCTTCCCAGAGTACCCTGAGCCTGGTATCCAACAAAAATCAAACTGGTGTTTTCTCTCCACAGAGCATGTTTGAGATGGTGCACAATACGTCCCCCATTGCACATACCACTTCCCGCAATCACCAGAGCCCGGTCAATATCGTTTATGCTTTTCGAGTCTTCAGGCGTACTCACATATTTTAAGCCAGAAAGATGAAAAGGGTTACGACCCTGCAAAACATAGCGTTCAATCTCCCCGGAGAGCAAAGAGAGGTACTTCTCATACAATCGCGTCGCTTTCTCACCCATGGGACTATCAAAATAACAGGGAAGGTCCAAAAGGCCCTGGTCTTTCAGGAGAGACAACTCATAAACAATGCGCTGTGCTCTGTCCACCACAAAAGAGGGAATGAGAACCTTCCCTCCTCCACTCTGGGCACTCAAGACAGCCTCCTTGAACTCAGATCGGGTATCTTCCAAAGAACGATGCCTGCGATTTCCGTAAGTAGACTCCACAATCACATAATCGGCTTCTTCAATCACCGGAGGGGAACCCTCCATAACGTTATCAAAGGGTCCCAGATCACCAGAAAAAACCAGCTTAATTCCAGAACACCACAATTCTACCAGCGCTGCACCCAGGATATGAGCCGCGTTCCTTAAAACAAACTCCGTTTCTCCATGGCGCATCAGCTGGTCATAACCCACCGGCTCGCACAGGGAAAGGGCTTCTCGCACCTCCTGTTCCCCAAAAAGAGGCTCCACCAGCTCCTGACCAGCGCGTTTCCTTTTGCGGTTTAAGCGGTCAGCTTCTTCCTGCATCAGTTTTACCGTGTCCAACCATAAAATCTCACAGAGCTCTATGGTGGGAGCAGTAGCATAGATTTTTCCCCGAAAACCTTCCTTGACAAGAAGCGGTATCCTTCCTGAATGATCCAGGTGAGCATGGGTTAAA
CP121689.1_gap52	1860190	1861317	1127	CAGTATCTACAACTACTTTGGCTCCTTTTTCCTGGCAGGCTCTGTAAACTTCTTCCAGAGTTTCCGTCCTTGCACCAGCAAGAACCGAAACTAAAGAAGCACCGTATTCCACTGCCATTTCCGCTTCCAGAAATCCCCCGTCAGCGATTTTCAGGTCAGCAAATATGGGAATTGGCTTCTTCAAACATGCTTGCAAAGAAGGTAGTGAAGAAAGACCATATTTTAAGATAAAGGGCGTCCCTACTTCCAGAATGTCTGCCAGTTCTCCAATGGGAGTACAAAGCTCTTGTGCCTCCTCAAAAGAGACAAAATCCAGAGCAACCTGCAAGAGCACTTTCTTCATTCTTCCTCAAGCAACCTCATAATGAGCCCGCTCCACACCTTGGGATAAAAGTAGGTCGATTTCTGAGGCATTCTCTGAAAAGCATGCACTGCTCGTTCCACATCTTCAAGCGGCGTAGGTTTCATAACAAACACCAACTGATACTCGTTTTCCTCATTAGCAATCTGGAAAACGTCTTTGGTACCTCTAAGATAATCGATATAGAGGTTTTTCTTTTGGGTTTCCTCGTCAATCCCCAATATTTCCTCGAAAACCAGTTTATGCAGAACTGAGGTATCAAGGTAGCGATTGACGTCTTCTTTGCCCAGTTTTTCATCCATGATGCGGCGATCCCTCAAAGTAATACAACCCCAGGTTCCCTCCACTTTGTCGTAAACACCTATGGTGTTGGGGGGAGCCTGTTCTAAGAAAAGTTCCATGGATTCCTCACCCTCAAACAGGTGGACCACAAAATACTCCTCACAGCGCTTGAAAAAGTCTTTTATTCTCTCTACCGGCAAACCATGTATCAGGCGATGGGTGGGCAAAACAAGAAGACCCGGATTTTTAAGGTTAACCAGAGTCATCATCACGTAATCCGCTGGTAAATCCCCAGGAGGGTCTCCCAACTTTTCCCGAACTTCCTGACGATACATAAGGCTGGTCTCGTAACGGTGATGCCCATCAGCAAGGATGATAGTCCTCGGGTTTAAAAGCCTTCGGATTCTGTCGATTACCCGGGTATCGGATATTCTGAAAATCCGATGCAATACACCATCAAAGTCCACAAATTCCATAAGCAGGT
CP121689.1_gap53	1866349	1869735	3386	AAGCAGAATAACTGGCACGAATCGTCAGATGAGAAAAATAAAAACTATTTATCTCTAAAGAAACCTTTTCACCAGGTTGGGAAGGAGCGTAAAGCAAGAGCCTTCCACCCCGCTCCAGGCAGTTTATTGCCCCCTCAATAGCCTTCGGAAAAGGTGGCGTCACAAAAACCACATCCGCCAGGTAGCCTTTATTTTGTTCCTTCAAAACCTCTGCCACGTCTTCCTGATTGGGGTCAATCACTGCATCTACCCCCAGGGAAAAAGCGAGTTCTCTTCGAAAAGGATCAGGTTCACTTACCAAAACTGCGCCTGCACCATAGATTCTCGCCAGCTGGGTTAACGCTAATCCGTTGAATCCCGCACCAACTACCAGTACCGTATCACCACGCTTAAAAAGAGAACGCTTGAAAGCCTGAATGCAGCAAGCCAGAGGTTCTACCAGAGTAGCTTCCACAAACGAAACATTTTCCGGAAGCAATAAAAGCCCTTTTCTCACATTTTCGCCCGGAACCTTGATGAACTCTGCAAAACCACCAGGGTATATGTGGCTTGCACGAAAATCCGGACACATTGAAAACTCACCAGCACGGCAGTAGCGACATACAAAACACGGTACATGATGATGCACAAACACCCGATCCCCGACTTTCAAATTCTGAACGGAAGACCCAGTCTTAACTATAACGCCTGCTGGCTCATGCCCCAGGAAGGTTGGTGCTTTAGGTTCTCGATACCAATCCAGGATATCACTTGCACAAATACCGCAGGCTCTGGTTTCAACCAGGACTTCATCTTCTCCAATATCCGGCACCGGCCAATCCTCCATTTTAAGGGTATGGCGGTCATAATAGCGTAAAACCTTCATTCTCGTGTAAGCACACCGACTTCTTTCAAGAAATCCTTATTCGCAATCACACACAGAAAAGCAAAAATCTCGTCACCCACATTTTTTAGCTGATGTACTTCTTGAGGAGGAATGTATATAACATCCCCAAAACCAACTTCATACTCTTTTTCTCCGGCCAGCACTTTTCCTTTACCCCGCAACACAAAAACACCGTGGTCATGCTGATGTTGGTCAAAAACAGTTTGCCCACCGGGCTGGACCTCAAAGTAGCGCACCGCAAAATACGGGGCACCTTCATTTTTGCCGATCAGCCAGCAAACACTTACTCCGCGAGGGTCCCGGGGTCCCTCACCAGAGGGATATTCTTTCCTTTCTACGCCTTCCCAAATCCAACTATCCTTTCCCTCATGCACCAATCGATGCAGTATAGCCATTTAACCTGCCTCCCGGATTAAGGCTTCAAAATAACCTTTAGGGCTTCTCTGCGGCGGACCAGCTCAAATCCTTTTTCCCAACGCTCAAGAGGTAATTCATGAGTAATCAGTTCTCTCAGGGGTAGGTGGTGCTTGTGCAGCAATGCTATAGCTTTTTGCCAGCTCGAAGAGGTCTGGGTTCTCGAACCAGTAACCACCAGCTCCCGTGAGAAAAAATAGGTATCAAAATCCAACTCCACTTCTCGATGTAATATACCCATTTGTACTAATTTACCACGCTTTCTGAGAACTTCCAACCCTTGATGCACAGCGTGAACAGAACCAGAACACTCAAAAACCACGTCCACACCGTAAGGATCGATCTTTTCTCGAACAAATTGATATATATTTATTTCGTCAATATCAATAATCCCCGCAATATTTTGTTTTAAAGCAATTGCAAACCGTTCTTTATCCTGAGCTTTTCCCACCAGAAACACCTGGGCACCGGATAAGTTTGCCACCCAGCTCACCAGAATGCCCAGCGGACCAGGGCCGAAGACCAGCACCTTTTCTGTGCCCTTCAGCGCAGCCTGTTCCATAACACCACGCACCGCACAGGCCAGGGGTTCCAGAAGTGTACCCTCTTCAAAAGAAAGATACTCTGGCAGGCGATAAAGGGTAAATTCAGGAACCACAATATACTCTGCAAAAGCCCCATTAACTCCTGAACCAATACCCTTTCTGTTCACACATAAATTGTACAAACCCTCGCGGCAGTAAGGGCACTCCCCACAGCGCACTACAGTGGTTTCTGAGCTCACTCGCTCACCAACTTTGAAATGACGAACCTGGTCTCCAATCTCGACTATTTCACCGGAAAACTCATGACCCAGTATAACAGGGGGACGCAAAGAAGCAATCCCATAAACATCCGTTCCACAAATACCTGCTGCCCTGACTTTTATTTTAACCTCCCGAGGACCACAACGAGGTTCTTCCACCTCTAAAAGACGAATACTTTCCTTGCTCTCCGTTTCCTGAACCAGTGCCAGCAAAACCAAGGCCTCCTCTTCACAAAGTGTTACAAATGTCATTAAGAAAATTCACACTTGGAAAATATAGCACACCCGCCAGCCGGGTGTCAACGATTTGTCGTAAAGAGCGGAACAAATGGAATCAACGGCACGGAAACCGGATCCAAGAATAAAATACACAAACTAAAAAACCAAAGAAGCCGAAAGACACAAACCCGTGTAAGACAAAATCAACAACACCAAAAGCTTATAGACTCTGTTTTGCTAACCACTTCATCCCAAAAGGGAGTGCTACAGGTCTTCCAGCAAATTCACTCATCATCAACCAAATTATCCGTAGCAGCAACCATTCTTTTTTGTCTGGCCAAACGCCGTCGATTTTGATAGGTAACGCTGAGATAATTGATTACCATCACCAGAATCAAAACAAAACCCCAGGTAAATTCTTTAAAGAAATTACTGAAACGAAGCATGTTAAAACCGCTGGAAAGGAACTGCAAGGAAAGAATGGCCAAAACCAATCCAGAAACTGTTCCAAAACCCCCGCTGGGATTCACCCCACCCAGGATTGATACTAAAACAGCCTGCAAAACGTAAGAAGTCCCGTAATCAGCCTTAGCAGAATTGGTACGAGCTATAACAATGATACCCGCCAGCCCAGCCAGAAACCCAGATATTAAATAGGTTTTCAAAAGCACTAAAGTATTGTTGATTCCAGAAAAACGAGCAGCAGTAGCGTTGGTTCCCAGCATAAAAACCTGAAAACCAAAAGCTGTCTTATTGAGGACTATTGCAAAAACTACAGCAACCGCTGCGAACAAAATCAAAGGTACAGGGAATATCCCTACCACACCGTTACCGATAAACAAAAATTGCTCCGGATATCCCAGCACCGCATAACCCTTGGTAATCACCATGGCAATACCCGTGTAAAGCTGCATGGTTCCCAGAGTAGCCAGAATAGGAGGAATACCCACCCTGGCCACGAGAAAACCATTAAAAAGGCCACACAAAATACCTGTACCAAGTGCAATAAGGATTGCTCCCATAATGACCAGAGCAACCTGGCTTCCCCCTGTCCCCGGCGGC
CP121689.1_gap54	1942040	1943013	973	GTGAAATGGCTGCGGTTGGAGTAGTAGCTACTGCACCAGTATTATTATTTGCCTTATTGGTGCAAAAATACCTAGTTCGCGGCCTCACCTTGGGAGCGCTAAAGAGTTGAAAAATAACCATCAGTAATAATAAGCTTATAAAATTTCAAGCCAAAATTATTTCAACTCCTGCTTCACGCAGGTAACTTTCCTGCTTTCCATCTATTCGGTCAGTAACTATGACGTCTACCTTCTCAAGCGGCACAATACGATAAAGCCCAACTTTTCCAAACTTGCTATGGTCAGCAACCAAAACTGTTTCTCGTGCCAGCTCTATCATCATTCGATCAATAATTGCTTCCTGGATATTGTGCGTAGTAACCCCCTCTTCGGGAGATATACCATCAGCACCCAAAAAAACTTTGCTTATAAAAGTTTCAGAAAACACCTTGCGCAAAGTCTCTTCCGCCAAGTGCCCGACAAAAGCAGTGGATTCCTTCCTCATTTCACCGCCGATCAATACCAAGCGCAAATTGGGTAAACTAGCCACTTCTGTAGCTACTTTAAGGCAATTAGTAATTACTGTTACATCTCTTTTGGTCTTCAAATGAGGCACAATCTGAAGCACCGTGGTACCAGTCTCCAAAAGAACGCTTTCTCCATCATTTATTAATTCAGCTGCTTTTTTACCAATTCTCCTTTTAGCCTCTATGTTCTGGGATAATTTTTCATAAAAGGTCAGTTCTCTCGAAACAAAATTAGGATGCAAACTTACAAAACCACGGTTTAAAACTACCCTTTCCGATTGTTCGAGTCTACCCACCGCACGACGAACAGTAGATTCCGAAATACCAAGAAGATCAGCAATATCTTTTACCTTTAACGCTCTTTTCTTAAAAACCAGATTAAGTATTTTCCAATCTTTTTCCTGCGTTTTACTCATCCTTGCTCCCAACAACCAAAGGCAACAAAGCAGCACCAACTACACTAGCCC
CP121689.1_gap55	2021063	2023745	2682	TTCCACAGCGGGGATTAGCAATCACCACATCTGCTGCCTGTAGCAATGCTTCGAGCATATCCACCTGAGCCTGGACACTCTCAAGCTCTAACCGGGCATAAACCTCCCCCACCGGGCGAGAAATATATTTAGGCGGCAATTTTTGCAAGGCCAGAGCCAGAAGGTCTTCTGTGCACTGCTCACAGCGACAGAGCTCAGGCTTCAGCTCGTAAATCCGGGGAATTAACCTGCGCAACTCGTCTTCAAGGATATTTTTTACCATGCAAATCACCTATGCCTTAACATCCAGAAGCTGCCCGCGCTCATCCTCAGGAGAAGAACCACTGGAACTGCTTTCTGTTTTCCTTTTCGCTTTTTGCGATTGGCTTTTCTTCCCATTTTTGTTTGAATCTTTCTCTTCTCGTGGCTTCAGGCGTTCCTTCTTCGGAGAGCTAGCGACCTCTTCCGCAACTCTTTCAGCCTGTTTCCTCAACTCTTGGGAGAAAGCTGCTCCCTGTAGCTCAGGAGCATGTTCACGCACATTCTGCAACCTGGCCACTTCTCCCACCCGAGCGACGGTATTCTGCATATTCACCGGATCAACCATTCAACCTCACCTTCGGGCGCTCAAAACTGCCCAAAACTATCTCCCCTCCCTTTACTTCAAAAGAAGCATAGGGAATCTCTTCCCGCACCACATAGGTAAAATTGCCTATGGTGATTCTGACCTGAGGATACACCTTTTCTTCAACCAGGACCTTGCTTTCACGCCGGCTCAATTCATCCTCAATCTCGTTCAGACGCTTCTGAAGAAACTCTCTCTTTTTACTCAGAAGACCATGAGTAACCTGGAGCTTGGTAAACATTTCCGTAAATCTGTCGTCCAGAACCTTCCTCTGGGCTTTTTTACGCAAAAGGAGTGTCAAAGCTTTTTCAGTCTGGGACAACTCACACTGGATTCGCTCAAGCTCTTCTCTGGTTTTTCTGTACTCTTCCCGCAGCTCAGGCGATGCACCAACTTCGATAAAGGTCTTCGTCCCCATAGGTGACCCGATCACTTTGGCCCACAGCCATCCCCCTGCTCTTACCTGACCGCCAACCAGAAGGCCTTTCTTTCCATCAACGATCAAGTTTCCCCCACAGGAAACGTTACTATGCAAAGCAGCTTCCTCAATGAATACATCTCCCCCGGCAATGATGGTGGCACTCTCAAGCATCCTTACTCGTACGTTACCAGCAGCCTGGGCAACACCAGCGCCAGAACCCACAAAGCTTTTGCGGATATGAATGTGGCCTCCTGCTCTCAAGGAAGCTGCTTCCACCACTCCCCAGACTTCGATATCCCCCTCTGCATCTACCGAAAAACCGCTGCGTACATCTCCCCTTACTACCACACTGCCCACAAAGGAAACGCTCCCGGTCTGGGCGTCTACATCCCCCCTCACCTCAAAAACTGGATGAACAGTTATCCGATTGCCCAAAAGCTGTGGTCGCCCTGCAATAGTGGCAAACACCTGCTTTCCATCCTCAGAAAACCGGGCATTTTTACCAGCTGCTATTCTGGCCTCTCGGCCCCGAAGCGGTGGAACGGGATTGCCAAAAATATCTTCACCAGGCTCCCCTTCTTCGGGAGGCATAATTTCAGCCAGCAAATCTCCCGGTCTTACTTCCGGTACCCTGGTAACCCCAAAAAGGTTGATTCTATCTTCCTCGCTGATAATCTCTTTTGTGACTTCTTCCTCGAAGAAGAGCTTCACCCACCCGTCCTTACCCCGAACGGGGAGCCTACCCTGAGCAAGGAGATACGAACCAGGCTTTTTCAGAATATCACTCGAGTCTTGAAGAACTTCTTCCTTGAGACCCGAAACAATACCTTTGCGACTCAAAAACTCACCTACACTCTCGAAGTTGCTAATCTCTTCTTCAGACAAAGGCTTCCTGACTATCAACTCGGCCCTCATGCGGTCTTGAGGAATGAGAAGCTGAATGCGCCCCTCCTCTTCGAGAACATCCAATTTCCTTTTCTGTTCACCCATTTCGTACCCCTTCCCAAGCGAGAATCTTTACCTTGATTTTCAAAAGAGCTCGAGAAATGAGCTGCGAAACACGGGATTCCCCTAACCCCATTATGCTCCCTATCTCTTTCAAAGTCAAACCCTCGTAATAATAGAGGATAAGGCACAACCTTTCCCGCTCGGGGAGTTCTTTAATGGCTTCACTGAGTGCTTCCATAAGTTCTTTCTTCTCCAGCACCTTCTCAGGGTCGATGTATTCTCGCCTCTCACGAATGGTATCTCCAAGTGAGTTATCACCGCCAGGAATCTCTTCATCAAGCGAAAGTAAAAAACCTCCCCTGCTTTGCTCGACCATCCAGGAAAGCTCTTCTATGGAAAGACCCACTATTTCAGCCAGCTCCTCAAGGGTGGGCTCCCGACCTTCTCGGCTTTCGAATTCCCTCCAGGCACGAACCACTTCTCGCAAATTTTTTCTCTGAGTGCGAGTCAATGGATCCAGGGAACGCAGGTAATCGAGTACCGCACCCCTGATACGGGAAAGAGCATAGGTTTCAAACTTCAAACCCTTTTGAGGGCGAAAGCGTTCCAGAGCTTGGATAAGACCCAAAACTCCATAGCTTTCCAGGTCTTCACGGTCGACATGAGGGGGCAGAAGGTAAAGCAGTCTCCCTATGGCTATCTTCACCAG
CP121689.1_gap56	2025387	2026145	758	CTCAGCAAATCGTGCTTTTCAAAAACAATGTGTCTTTTAAGTAACGGCCGTACCGCAAACCGGTTTTCACTCTCTGGCACAAAGTATTTCTTAAAAAGCTCTGAAGGAACATTCTTAAGGTAGTCTTTGCTGTATACCCCCCCTCTGGCTTCTTCCAGAGCATCATAATCAACATCGGTGGCCCATATCTGGTATCCACCAGGTAAACCTTTTTCCTCAAAAAGAATAGCCAAAGAGTAGGGCTCACTTCCAATGGAACACCCTGCACTCCAAACCCGCAGGGCTGAGGAGTTCTTTCTGGCCAGGATGTCGGGCAAAATTTTCTTTCCGAGTTCTTCAAATTTCTCGGGATTCCTGAAAAATTCGGAAACATTGATTGTAAAGCGATTTCTAAATTCCTCAACCACCTCAGGACGAGTTAAAAAAAGCTCAACATACTCCTCTACATCTTTCGCTCCAGCCCTTTGAATGATAAATTTTAACCTGCGTTGAAGCTGGTTCTCCTTGTAATACCCAAGGTCCAGACCCGTTTTCTTGAGGACTGCCTGGCGCAAACGTTCCAGCTCTGCCTTCGAAAACAAAAGTCTCACTCCTTTACGCTTCGTCCCACTCAAGAATTACCCGAGGAATTGCTTCCAGGGGAAGTACCCAGTCAGCCAGGTTCTCCCTGACCACTGCCCCAGGCATGCCAAAAATGAGCGCTGAATCCTGACTTTCAGCCACCACTTTTCCTCCAGAGTTTTTTACGGCCCGACAAC
CP121689.1_gap57	2031204	2032686	1482	CAAGGTGATGACCGTCAATGCCCAAGTAGTAAAGAGTGGCCAGCATCAGGTAAAACTGACCGACCACTGAAGCGCCCAGGTTGGAAAGAGGGTCAACTACATTAACGTAACTGAATCCCATCTCAAAATCGATTATCTCGCCGGCAATCTGAATACAAGCAAAAACAAAGGATACGATTAATCCCAGCACAAAGCCGGTGAGGCTCTCCGATAAAACAGCTGTCAAATAGCGAGCATCCAGGGCTGTCCAGCTCTGGGGAAAATCCACAAGAGGGAAAACCATGACCGCCACCAGGAAAGCAAGACCGATTTTGGCCAGCGGAGGAATAAAGCGAGAATTCAAAACTGGAGCCATCAAAAAAAGACCCAAAAAGCGCACCCAGACCAGGATAAACGGCAAGATATTGTTAGCCAGAACTTCCAAGATGTAGCTCATATCACCTGATAAAAGAAGGCAGATTCCAGAAAAGACCCGCCGCAAAATCCATGAAAACCCGCAACATCCAGGGGCCGAGCAAAGCCAGAATGAGAAACACCGCCAGGATTTTGGGTACGAAGGTGAGGGTCAGTTCATGGATCTGGGTAACCGCCTGGAAGATACTCACCAGAATACCCACAAGTAGTGCCACACCCAGTATGGGTAGGGCAACTTTCATGACCAGCAGTAAACTTTCCCTTCCGATTTCCAGTACCAAGCTTTCCAGCAACTGTTCTCACCTCAACTAACGGACTGAGAGCACCAGGCCCCGGGTTATCAATTCCCAGCCATCTACCAACACAAAAAGCAGTATCTTGAAAGGAAGAGAAATCATCACCGGTGGAAGCATCATCATCCCCATGGACATCAAAATGCTGGCCACCACCATGTCAATGAGCAGAAAAGGAACGTAGATGATAAACCCCAGCATGAAAGCAATTTTCAACTCACTCAAAACAAAGGCCGGAATGAGGACGTAAGTAGGCACCTCATCGCGGTTTCTGGGCCGGGGAATTTTAGCCAGAGAAACCATAAGTGCCAGATCTTTTTCCTGGGTTTGGCGGAACATGAAATCGCGCAGAATAGCTTCTCCCTTGTTGAGAGCCTCATTCTGGGTGATAGCACCATCCATAAAGGGCGTTAATACCTCCTGGTTGAGCTGAGAGAAAGTAGGCGCCATAACAAAGTAGGTTAAAAACAGGGCCAGTCCTATCAAAACCGGAGTGGGGGGTATCTGAGGAGAACCCAAGGCATTGCGTACAAAAGCCAGCACCACCACAATCCTGGTGAAAGAAGTGAGCAGAATCAAAATGGCTGGAGCCAGACTCAAAACAGTCAGAAAAATCAAAACCTGCAGAGTAAACACGAACTGTTCAGGTTGTTCGGCAGTTTGGGGTTCAATGGAAATGCGGGGGATAAAAAGGGGAGTCTCCTGAGCCAGGGCTGAACCAAAGGTAGCCAGCACCAAACCAAGCAGTACCACCCAGTAAAAGTATTTCCTGATT
CP121689.1_gap58	2078889	2079673	784	TACGCAGTTCATATATATAAGCCAAACGGAACCAGCTTTGATGGTCTTCAGGATGCGCCTTGAGGTGCATCCTGAAAGCACGTATCGCCTTTTTGGAAATGCGAAAAGCCTTGAGATATTCTCCCTCTCGATAATAGATAAGCCCCATTTCAAAATAGGCATCATGAGGCCTTATCCCCTGCTCTGCACACTTTTCAAAAAGCTTCAATGCCTCCTCTGTATTGCCACTCCAGAGAGCCTTTTGGGCTTCTTCGAAACAGTTTTGAGCATCTTCTTCAGCAAAAGCGGTGCTCAGAATTAGCACCACAAAAGCAATGAAAAGACATGCCATAAGCTTTTTCATCGTCGGTCCACACTCCAGAAAAGAATTATGCCCATCAAGCCAAAGATTACATCCGGCATCCAGGCAGCAAGCAACGGCTCCATGACCCCCCCACGACCTAAAGAGCGAAAGATAGAAAGCAACATGTAGTAAGCAAAAGCCAGAATTACTGTCACAATAACTCCCAAGCCTTTAGTGTCTCTGGTGCGCTGAATGCCAAGTGGCATGCCCGCCATAACGAAAACCACAGCCGAAAAGGGAATGGAAAATTTCAAAAAGTAGGCAACTTCCATTTTTTCGGTTCTTGCGCCGGCTTTTTTGAGAATTTCAATCTGTTTTTTTAGCTGGCGAGAGGACATTTCTTCAGGTGTGCGTTGTTTTTCAAAAAACTCCTTGAGTTCCTGTCGCATATCGATTTCCATTTCGGAAAATTCAATTTCCCTGACCAGCTTTCCCTCCTCG
CP121689.1_gap59	2083294	2087384	4090	TTACCTTGAAAAAATAGGTGTTGTAGCCCTTAAACTTTTCAGAAATTCCATTGCTCGCTCGATTACAATAGACCCTCTGAGCGCTATAACTGACCATGAAAATATTCTAAAAGCGATGGAAAGCAAAGATGCATCAAAGATACACAGCGTAGTGCTTTCTATCCTTGAAGGATGGAAAAAGAGAGCCTTTGAAACATAACTAATTTTTCCAAAATTTTTAAAAGGAGGTTATCCCCTTGGTCAAAATAGCTGCCGTTTATACCGCCTTAGCCCTGGTAGAACCCTTAAAAAAGATTTTTAAAGAAGTTTTTCCGGAAGCGCAACTTGTTAATATTGTCGACGACAGCCTCATAGGTGAAGTAATAAGCAAGGATGGACCAACTAAAAGCGTCAAAAGAAGACTTCTTATGTGTTACGAGATAGGTTTTGAAAGTGGCGCTGATGCAATACTCAACACCTGTTCTTCGGTGGGAGAAGTGGTAGACCTCCTTCAGCCACTTTTCGACAAACCCATTTTCAAAATTGATCAGCCCATGGCCCAGGAAGCAGTGAAAATGGCCGAGAAGATAGGTGTTCTGGCTACCCTGCCGACCACTCTGGGACCCACCAAGCGACTTGTTCTCTCTGAAGCTTCCAAGCTAAACAAGAAAATAGAGATTAAAGATGCCCTGGCAAAAGGAGCTTTTGAAGCCCTAATGAAGGGTAACTTAGCAGAACATGACCAGCTCATTAAGCAAGCGGCCCTCGAGCTGGCCAGCGAGGTAGATGCTTTTGTGCTTGCTCAAGGTTCCATGGCCAGAATGGAAAAAGAGTTAGCATCCCTTACTGGGAAAAGAGTCTTTTCGAGCCCAGAAATGGGCGTAAGGGCTCTCAAACAATACTTTATGGGGGGTGGTAGATAGGCTAAGTTTTTGGGGTTTTTTTAAAAAGCTTAAGATAATTTTTCAGAAAGCAAGGTGGTGAAAAGCGTGAGAAAGAAAATCTTTCTTCTTATAGGGGTAATGATGGTGCTTCTGGTTTTTGGTGCTTCCGCCTTTGCAGCCAGCAAAATAACCCTAAAATATGCTCACATGAATTCTCCGACAAGCGTAGCTGGAAGACAAGCTGATTACTTTGCAAAACTCGTTGAGGAAAAAACCGGAGGGGCAGTAAGAGTCGAAGTATACCCTTCCTCTCAGCTGGGTAATCTCCAAGAACAAGCTGAAATGGTAAGTATGGGCACAGTTGCGCTTCACCATAACACCATGGCAGGTATCGGTTCTCTCTACCAACCATTTGAAGCTTTCGATACCCCCTATCTGTACGAGAGCGTGGATCATCTCCTGAAAGTTACCGACCCACAAACCTCGCCAATTATGCAGTCATTATCTCAACAGCTTGTCAATGCCCGCAATGTGCGAGTCTTATATACTTTTTATTTTGGAACCAGACATCTGACATGTGATAGGCCCATTTACAAGCCAGAAGACCTCAAGGGAGTCAAAATCAGGGCTATACCATTCCCCATTTACATGACTGCTGTAGAAGGTCTGGGAGCAATTGCGGTACCAATAGACTGGGCTGAAGTTCCAACAGCCCTTGCCACAGGCGCAGTAAATGGCCAGGAAAATCCCGTGAATGTGGTGCTTGCCAACAAGCTCTATGAAACTCAAAAATACCTTATGCTAACAGGACACATAATGGGTGCCGAAGTGGTTGTCATGAATGAAAAGACATGGCAAAAACTCTCTCCAGAAATCCAGCAGGCTATTCAAGAAGCAGCCGCTGAAGCCAGTAAAACAGCTACTCAATGGACCATCGAATCCGAACAAAATGACATTCAAGCCCTTAAAGAAAAGGGTATGACTGTAATTGGACCCGACGAAGGACTTGATATCGAGGCATTCAAAGCAAGCGTTTGGAAACTTGTACAGGAGAGATTCGGAGAAAAATATGGCGAATTTTACGAAAAAGTAAAGGCCATGAAGTGATCTTGTAATGTAGGGCTCCCCTCTCCAAAGAGGAGATAGCTCTTTGGAGAGGGGAGCCTCTCTTTTTGAAAACAAGAGGTGTAAATGGACGATGAAAGGAAATTCGTTTTTAGAAAAAGTAAGTCGTTGCTGTGAGCTCATCGCTAAGATATCACTTGTTGCTCTGATGCTTTTTGTGTTTACCCAAATCATCTTGCGCAATATTTTTATGCTTGGCTTTCCCCAACTGGATGAAAGCTCGAGGTTAGCCCACCTGGTTTTGCTTTTTATGATGGTTCCTGTCCTTTTTGCAGAAGAAGCCCACATTAAAGTTGAAGTATTGAAAAGATTTTTGAGTCCCAAAGCTGACCGACTGGTTAATCTGATATCGCAATCCTTAAGTTTAGGATTTGTGGTAATCTTTATGTTCAGTAGCGTTATGCTGCTTGAGAGCATCTGGGATGTCCCCACCGCAGCCCTTAGAATTCCCAGCATCATACTCTATGCAGCACCAATCACGGGGATTGTTTTTTCCAGCTTTTTCATAACGAACAGGATAATTCAGGTTTTTATGGAAAGATGAGAGGGGAGAAAAAGTGAGCGGAATACTACTGCTTCTCTGCTTTGGTATACTATTGCTCCTCAAAGTACCACTTGGGGTCAGCTTTGTAATATCAAGCGCCCTCTATCTTTTGCTAAACGGCCTTCCTATTACCTGCGTTGCACAACGCATGGTGAACTCCATTAGTTACTCTTTTCCGCTGTTGGCGGTACCTCTGTTCATTTTTCTGGGTTCACTCATGAATACTACCCAGCTTACCAGGAGGATTTTTGACGCGGCAAAGCTTTTTGTTGGATCAGTAAGAGGTGGTCTGGCTTACGTGAATGTTTTAGCAAGTTTGATTTTCTCGGGAATCTCGGGAGCTGCCCTTGCTGACGTAGGAGGCCTGGGAAATATTGAAATGAAAGCAATGCGCGATGAAGGCTACAGTGATGAAGCTTCAGTAGGTATAACTCTTGCCTCTGGCACCATCGGACCTATTTTCCCGCCCAGTATCCCTTTAATCATTTATGCTGCTGTGGCTGAAGTTTCCGGGGTAAGACTATTAATAGCCGGTGTTATACCTGGCATTCTCATTGCTGCTTTTCTCTGTGTTCTCATCGCTTTTTTCGCTAAAAGAAAAAATTATCCGGTTCACATCTCAACATCGAGCTCCCGAGAAAAATGGAAAACTATCAAAGAAACCCTGCCTATCTTGATACTACCTCCTTTTCTGGTGGGAAGCCTCCTTATGGGGTGGTTTGGACCCACGGAAATAGGAGCGGTAGCTTGTGTATATACCATTTTGATAAGCCGTTTCGTCTACAGAGAACTTTCGCTACAAAAGTTTTGGCTGGCAGTCAAAGAAGCCATTCGGTCTACAGCATTGATAATGTTTACTGTTGCCTCGGCTTCTATTTTTGCCTGGTGCCTTACTGTTGCCCAAGTTCCCCAGAATCTAACCTCTTTAATGCTTTCCGTTTCTCAAAACCCCATAGTGCTTTTGCTTTTCACCAACTTACTTCTTCTGGCTATCGGCACCTTTATGGAGTCTATATCAGCCATATTGGTAATAACTCCCCTGGTAACCCCAATGTTGGTACGAGCAGGTGTCGATCCAGTCCACATTGGCATTGTCATCGTGCTAAATCTTATGATTGGACTTTTGACACCACCAGTCGGCATGAGTCTTTATATGGGCAGCATTGTCACCGGTATACCCTTCGAGCGCATAACCAAATACATTGTACCCTGGCTCTTACCGCTTCTGCTTTCCCTGCTGGTGGTAACCTTTATACCCCAACTCTCCCTGTGGTTGCCAAGCTTAATTTTTGGCAAATAAAGGAGGAAAAGCAATGGGAAAAACGTGGCCAGTTTCGATTGGAACAGTTATATACCGTGGATATGACCTGAAAACAACTTTTCAAAGCCTTTCCAAGCTGGGAATAAAATATGTAGACCTGGACTGGATCAGGCCTCCTTCAACCGGCTTTAGGGGAGAAGGATACGGAGTTCACATAAACGAAGAAAATTACACTAAAGCTCGCGAAATACGTCGCATGATGGAAGATTATGGACTGGAATCTATAAGTTTCAGTGG
CP121689.1_gap60	2219420	2223853	4433	CCTGAGGTTCTTCACGTAAGGCCTTCCTCCATTTATATATGAGACTATCTCGGATACCAAAATCCCTGGCAACCTGAGCTACGGAGTGACCTTCCTCTTTGATGAGACGGAGAATCTCTGACTTGAATTCCCGATCGTACTGCCTTTTTATACTTTTTCCATTTTCCATTTCTTTTGCGCCCCCAGTTGATTATACTCTCTTTTCTTTGTCCTCACTAAACTGGGGGAAGACCAAAATGAGCTAAGGCTTTACAAGAACTTTTTTTCAGCCGGTGATGAAGCTCAAAGAGAAGACCCGGGCGAAGGAAAGGTTCACAGAAAGTATGACTCTCCTCAAACTCCTTACCAGAGAGAATCATGAATTCTCCCTCTGTATCAGATGAAACCAAAGCAGAACTAGAAGCCCTGTATCTTTCCCTGAATCCTGCCCAGTTCAAAAGAAACATCGAGGATAAACTGCACAAGCTTTGTAAGGTTTATCAGGAGAAAATAGGTCATTGAGGGTTTGCCCTTCAAAGAGGCAAACACCTCGTTCAGTTACATCTTATGTGACTCAATAAGGGGTATTTGGGTTACATACTTAAATGATTGACATGTGTGTAAAGAAGTTAGCTATGTGTGAGGAGTGAAAAAATGTTATCGTGGAAATTTCCAAGCCGAAGGTTCGCTGACTAATTTTGCTCAAGTTCCCTCACTACGGACAGTTTTCCCAAATACTCCTTTTTCATGAGCAACTGATTCAGCGAAAAAAGGAGGATTTTGGGAGAACCTGGAAGCACCTTCAAAAGCAAAATGGTGGGCCGTGCAGGAATCGAACCTGCAACCTACTGATTAAGAGTCAGTTGCTCTGCCTAATTGAGCTAACGGCCCACCAGAGCACATTAAATATACAATGAAAGAAACGTAAAGTCAACTTGCAATCCAGACAGTTTGTAAATTGGAGAATAGCTCGCTCCTGGCTGTGGGAAGGTTCTTCTTCCCACAGCCAGCAAGGTTCATTTTTTGCCAAGAAGTTCTCTGGCTTTATTGATCAGGTTTTCTGTGCTGATGCCCAGTTTTTCAAGCACTTCTTTGCCCGGTGCAGAGGCGCCGAAGCGGTCGATGCCTATAACAATTCCTTCCTCTCCTACGTATTTGTGCCAGCCCAAGGTAGAACCAGCTTCGATGGCAATTCTCTTCTTGACTTTTTCAGGTAACACCGATGCTTTGTACTCCGCTGATTGAGCTTCGAAAAGCTCCCAGGAGGGCATACTCACCACTCGCACTTTTATGCCTTCTGCAGAGAGTTTTTCATATGCTTCAAGAGCAAGATGCACTTCTGAGCCAGTTGCTATGATGATGATTTGGGGTTCTTCCGGAGCACAATCGGCAATGACATAAGCTCCTTTTTCAAGGTTCTCTGCTGAGGCATATTTTTTGCGGTCTATGATGGGCAGTTTCTGGCGGGTAAGTACCAGGCCTACTGGACCACCCTGATGTTTAATGGCTACTCGCCAGGCCTGTGCCACTTCGTTTGCATCAGCAGGACGAATTAAAACCAGGTTGGGTACTGCACGCAAGCTAGCCAGGTGTTCTACCGGCTGGTGAGTTGGTCCATCTTCTCCAACCCCCACTGAGTCATGAGTCCAGACATAAATTGTTTTGCATTTGGAAAGAGCAGCAATACGCACTGCTGGCCGCATGTAGTCAGAAAACACAAAGAAAGTAGCTCCAAAGGGGATTAACCCACCATGCAAAGCAATTCCGTTCAGTATTGCTCCCATGGCATGTTCACGTACTCCGAAGGCAATGTTGCGTCCTTCATAGCCCAGAGGTCCATCGACTATTCCCTGGGTGTTGGGGTTGCAAACACCTGGTGCCTGAAAGCTTCCCTTTCCTTTTAAGACGGTGTTGGTTGAGGGATCAAGATCTGCGGAGCCGCCGATGAGAGCAGAAATTTTTTCAGCCAGTGCGTTGAGGACTTTTCCTCCAGCAGAACGGGTAGCCATGGCTCCATCTTCGGGCTTGAAAACGGGGATGGCTTCTTCCCACCCTTCAGGAAGAATTCCAGCTATCAAATCTTTGAGCTCCTTAGCCAGTTCAGGATATTTTTGAGCATAAGCTTCAAAAAGCTCTTTCCACTCTTTTTCGGCTCGCTCTCCTCGTTCCACAGCCTGGCGGGTATGCTGAAGCACCTCATCAGGCACATAAAATTCTTTGTCCGCTGGCCAGTTGTAGAATTTTTTAGTCTCTATGACTTCTTCAGGTTTAAGAGGTGAGCCGTGAATGTGGAAAGTGTCCTGTTTGGGGCTTCCGTAGCCTATGTGGGTGGAAACCATAATCAGTGACGGTGCATCAGTGCAAGCTTTTGCCTTTTCGATTGCTTCCTGAATTTCCTCCAGATTATTTCCGTTTAAAACTTCTAGCACCTGCCAGCCACAGGCTTCAAATCTCTTTTTGATGTCCTCAGTGAAGCAAATCGCTGTTTCTCCGGAAAGACTTATCCGGTTGTTGTCAAAAAGATAGATAAGCTTGCCGAGTTTGAGGTGGCCTGCCAGGGAAGCTGCTTCTGCTGCGACTCCCTCCATCAAGTCACCATCGCTTACCAAAGCGTAAGTATAGTGGTTGATGATTTCAAAGCCCGGACGATTGAAACGGGCAGCCAGATGTGCTTCAGCTATAGCCATGCCTACTCCGGTGGCGAATCCCTGACCCAGGGGCCCGGTGGTGGTCTCTATGCCACATTCGATGTCATATTCGGGATGCCCGGGGGTTTTGCTGCCCCATTGTCTGAAATTTTTCAATTCTTCAAGAGTCATTTTTTCATAACCATATAGGTAAAGTAGGGAATAAAGAAGTGCTGAGCCGTGACCTGCAGAAAGTATAAAACGATCCCGATCAAACCAGGCCGGGTTACGAGGGTTAAACTTCATTGTGCGGTCAAAAAGAACGTAAGTGAGTGGTGCTGCGCCGAGCGGCAGGCCTGGGTGACCAGAATTGGCTTTCTGAATGGTGTCCAAAGCTAACATGCGAAGGGTAGTAACTGCAAGTTGGTCAAGATTGGTGCTCATCAACATTCACCCCTTTTGTGATTTTAGTAGCTTTAGTAGCGATTTTCAGCATAAGTATACGCAAATCTTTTTAAACTAAAAAGCTCAACTTCTCGCTAAAAACAGTATGCCCGCAATCAGTATGATAACCCCCAGGAAGAGCTTTCCACCCCAGGGAAACCAGATAAGACTGATGGGCATAAGGTATCGAGCAACCAGCAACACACCGATTATAACCAGAATCCATCCCAGGACCTCTCGCCGGTTTTGCGATCTGGGCTTTTCTTCACTTGCCTCAATTACACTTTTTGAGTTTTCCGGTTCTTCAGGAACGACTATCCAGGCTATGATGTAAGCAACAATTGCTGTTCCTCCGGCAAGAAGTAGCGCAACCGCAAGAAGCCTGACTATGGTGGGATCTATGTCGAAATACTGGGCAATTCCAGCGCATACCCCACCTATCATTTTTTCTCTTCTGGAGCGATACAACCTCTTTTCCATTATTCACCCCCAAGGTGTTTCTTTAAGCGAAAAGCTATTTCTGACAAAGGAGGCACTTCTTTGAACCATTCTCTTCTGGTGAGATCGTTGGCGATGCGCTGATAGACCAAGCTTATTAATTGCAGGAGTTCTTCGGAAAGATGAGGTGGTTGTGAGTTGACAAATGCTTTCCAGCCCAACTTATTTTTTTGCTTGGCTGCCTGGACCTCCTTACACCATTCGGTTTGCCGGTAAAAATGGCGGGCTATTTCCTTGCTCATTTGCAGTCCCTGGTAGGTATAGCGGCATTCATCGGGCGTTCCCACCACATCCACCACTACCAGATTTCTTTCTGCGTCAAAGGCCAGCTCTATTTTCCCGTCTTCGTTGCGTAAACCCAGAGGTTCGATCTCTCGAGAAATAAGCTGGTTGACCCTGAGTACCAGTTCTTTTATCAACTCCAGTTCTTTCTGGTTTATGATCTGGTAGCTGAGAACTTCGCTCCAGCTCAAGTATCGGTCCTGTTCTTCGAGTTTGGTAGACACATCAAGCAGTGGTGGTTGAAGGGGTTCTTGAGGGTTGGGGAGTCTGGAAAGGCCAAAGTCGGAAAGGTTTATTTCCCCTTTTTCTACTCTTTTTCTGAAGCTCGAATTCTGGGGAAGAAAATTGCGGTATATAAATTCGAAGGGTATCAGGAAATTCCCAGCGACATTCTGGTAAATGGAGTAGTCATAGTCATTTCCAAGAAGTGGAGGCTGGATCACTTTAAACAATTGAACCTGCATGACTTTTGAGGGGTTCTCCAGTTCTGATAGTCTTTTGACTTTTCCGTTTTCTTCCAGACCCAGGTAGTGGGTTTTTATCCCCTGCTCTTCAAGCCTTTCGAAAAAATGGGCTCCTATGAGGCAGAGCGCTTCCCCCTTT
CP121689.1_gap61	2226422	2228096	1674	CCTCCCGACCGGGAAGGAAACGTATCGCCTGAGATAATGGCGACCTGCTTTTACCTCGGGATAGATAACCTGTATCGGGTGGGGGGTGCACAGGCTATTGCAGCCTGCGCTTTTGGTACTGAATCTATCCCTGCTGTGGACAAGATAGTTGGTCCAGGCAACGTTTATGTTACTGCTGCCAAGAAACTGCTTTACGGTGTGGTGGGTATTGATGCTCTGGCTGGGCCGTCAGAGGTGGTTATTGTTGCTGAGCGAGGTGCAAGAGCAGACTGGATAGCTCTGGATTTGCTGGCTCAAGCAGAACACGACCCTCTTGCAAAAAGCATTTTGCTGTCGGATAGCGAGGAACTCCTGGTTACAGTTAAAAAGAAAGTGGAACGGGAATGGGCCAGCAATCCCCTGGAGCGAACAGTTCCTATTTACCTTTATCAGCTGGAGAATCTGGATCTGGCCTGGAAAATTGTTGAAGCCATTGCCCCGGAACATCTGGAAGTCATGGTATCACGGGGGTTTGAAGTAGTGGATAAGGTGAAGAGTGCAGGAGCTATTTTTATTGGGCCTTACGCACCGGTTGCTCTGGGAGACTATGGTTATGGCCCCAATCATGTATTACCTACCCAGGGAAGTAGCCGTTTTGCTTCTCCTCTCTCAGTCAGGGATTTTGTGGTTGCGTCTTCGGTAGTGGTTCCCGCCTCAGATCCAAACATAAACTTTGAGCTTTTTGCCGAACTCGCTGCACGAGAGGGCCTATATTTTCATCAAAAATCTTTGCTTGCTCGCATGAATCGAGATTTGCAGGCCGATATCAGGCGTGAATATCAGGAGTCGTAGGGGTAATCCCTACGACTCCTTGCCTTCCAGTAACTGTTTGAAAAATACCGGTAAAGTGAAAGCGGCCTGATGAACTTCTGGTGAGTAATACCTGGTTGGAAAATCGGGTTTGCGCAGAGGCTTTTGAGGGTCCAGACTTTTCGAGCCGACTACGTACGTCCACACTCCGCCGGGGTAAGTAGGCACTAATCCCCAATATACCTTTACAATAGGGAACATATCCAAATTTTCCCATAGCTTGCGAACTCGTTCGGGTTCGAAAAAGGGTGGTTCTATCTGGGAAACAAAAAGACCTTCTGGTGAAAGATGCTCAAACACCTGCTGAAAGAACTCCTTGGAAAAGAGTGGTTCGGCTACTCCTCGAGGTATAGGATCTGTGGAATCCATGATAATAACGTCAAAAACTTGGTCACTTTCTTTGATGAACCGAGCAGCGTCTTCAACCAGAACCTTTAAGCGTGGGTCTTCCCAGTTTCCAAGCTGTGGGAAGTAGCGTCTGCATAGCTCAATTACCCCTTCGTCAATATCCACGAGGTGCACTTCTTCAACTGGATGTTTAAGCACTTCTCTCGAAGCACCACCGTCTCCACCGCCTATAATGAAGATTTTTCGAGGATTAGGATGTACAAACATGGCAGGATGTACCAGCATTTCGTGGTACATGAACTCATCTTTTTCCGTGGTTTGCACGATTCCATCCAGAATGAGAGTTTTCCCGTAAAGAAAAGTATCGAGAATGGCAATTTCTTGAAAGCGGGTTTTACCACAGAAAAGCGTTTCTTTCACCTTGAGGCCCATCTGATAGTTTTCAATGTAGCTTTGGAAATACCAGAGTTCCATTTT
CP121689.1_gap62	2269244	2269744	500	GAATGACCACTACGATTTCACCAAACTGGCACGCCTTGATTTCTTCGAACAGATATGCAAAAAGAGGACGCCCCAGAACCGGGATAAAATTTTTGGGTATCTGGGAGACCATTCTTTTTCCTTCACCGGCAGCCAGAACGCAAAGAGCCCAGTTGGATAAGTCCATTTTCTCCTCAAGAGCTAAAAATAAAACGCGACTTGCCTCAGTCGCGCTGTTTTATTTATTACAAACTGGCTGGGGTGGGAGGATTCGAACCTCCGCTCAGGGATCCAAAGTCCCTTGCCTTACCGCTTGGCCACACCCCAGTTTATGCTTCTCCACAAGCAACACAATTATATCCAAAGGAGAAATCACTGTCAATGAAGTCAGTTTTTGAGGCTGGTTATCGGTGCTGGAACGTGACCTCCTCTTCTGATAAACTGGCTCCCTGAAAAGCGGTTAACAGACATCACTACCGTTTCCCCCAGCAGTCCTCCCCAGCTTACCCGATCTCCGGCTT
