gap_id	start	end	length	sequence
CP129486.1_gap1	6406	10890	4484	TCTCAAAATGAGCGTGCTCGGCCCTATGGACGCACTTTCAACAATCCGGGGAATGCTGAAGAGGTTCCATTTGCCAACCTCGTTGAGCAATCCGTTCCAGTTAGAAATCACAGGTCTTTTCACGGGCGAGCATCGACGGCCACCTTTATCTGGTGCTTTCTTCTACCCCGTCTGCAAAAGTGAAGCGGTAAGATTTCTGCTTGAGCGAGATGGTTTGCGCCTCCACAACGCACTCGCTCTCGGGGACGGCCAAAACGATGGGCGGCTGCTCGCATCGTCGGGCCATGGGGTGTCGTTTTTTGGAGCTGATGAGTGGGCAATACATTGCGCGGACGAGATTATTATCCGCGATCCCGAACAGACTATCCTTCCCTATCTGAGAGAATTGTATAGATTATCGTGCTGAGCAGTATATAGCATACATAGGACAGCGATGAAGCTTACCGAGAGTGCGAAGCGTCTTCTTGTGAGCATGCAGCTTAAGGCGGACTTGTCGCTCAAAGAAGTAGCTCAGCTGCTGAACTGCCGGGAGCACACCGCACGGCGGGCGGCGGCGGAGATCGAACGTAGCGGGTTCTTTATTCGAAAAGCATCGCTCAATCTGTCACGGTTAGGTTATACCGAATACAATCTCTATCTCTCCTTCAACAGCGACAATCTATCCCAGCGTGACAGGATCATCTCTTCCTTAGCCGGGATGCGCGGAGTGAAATGGGTCCTCGAAGTCACGTCGGGGTTCGATCTTCTTGTCGGCTTTGCGGCTCGATCACCGTCGGAAGTGACTGCGTTTTTCGAGGAGATTTACGAATCAAACGGAGGCTTTCTTTTGGCGAAAACCGTACTGGCAGTTGTTTCATATCACTACTATGGGCGGCGGTATTTGGTCACGGCAAACGTAGAGGGGAGATCCCTCGACGCGGAGGATACGGGCACAGCCGGATCGGTTGATGAAATTGATCATAAAATTTTGCGCGGGCTCACACACATCGGATACCAGAGCATCGCCCAACTCGAAAGAAAACTGCGAATTCCCGCTTCGACGATACGGTTACGTATACAGAAGCTCTCGCGCCTCGGGATTATTGTCGGAATGACCTACAACCTGGCGAGAATCCCCCCTGGGCTGCACGTATACCGCGTGCACATCTATACGCGCGGAGGGGCACGCTGTCTTCTCGCGAATCTGAAAAAATTTGCTCGGTCCGATCCTAGTGTCGTCTATATCGTCAAGACGCTTGGACCGTGGGACTTCGAGCTTCAATACGAAACACTGGATCCGGCCTGCATGCCGCAGCTCGGCAGGAAACTTGTTCAAGCTATTGGTGAGCAGCTTTTGAAGGTGAACATTTTGCCGGTTGCCGGCATTTCGAAAGCGGCGGCCTATCCTTTCTGAGGGGAGCGTGCCGGATATTTGAGGTACGCCGCCGCGTAGATCTCTGTCCGTTTACCTCAATCAACGAGTGCGTACGGCAGCACCCATTTCGGCTGAGGCCATTCAAGGCACTCCCCACAGGGGAGGTGTTCTACGTGGGGCCACAGCCACTGACCCTAAGCTAGCCTGCCAAATGGCGGAGCCTCATTCACATTGACAAGAACTCTCACCGACGATTCCAATCGGGTTACGCCCAGAATTGGGAAGGAGCCCCCAGGGAGTAGGTAATAGCGGATGACGAAGCGTCCTACCGATGTGCAGACGATAAGTGAGTGCAGCTTCAATAAGCCCGCAGTGTGCGGGTCGCAGGAGCGCGCATATGGCCGGAAACCATGTGCCCTCGGCGCTACGGCCGCAGGAGTCGTCCTGCAAAGTCGACATCAATTGAACAGCCTAAGATAGCAAGGGCCTAAGAACGGTCTGGCTCAGTGGAAATCGATGCATCTGTACTAATGGGGGTGAATAGCAATGCAGGGTAACAAGATCGGAATCTGCGGGATTGATATTCCCGAGTTGATGAGTGTCGGTATCATTCGATGCAATGAGGGCACGTGTAGGATACGATCGGGTTTCTAGAGGGATAAGCAACCCTTTGGCGGTGCGTGTATAGGTGATCTCATTGGCGGTTCCCGTCAGCACCTGCACCACACAGGTCGAACCAGCATGGTCATGGATTGGGGAGATCTGCCCCGGCCGCCAACACAGCACCAGTACCTCTACCTGCGAAGTAGACATCACCGGATTGCGGGCATATTGTGTATCGTCGAACTGTATATATCGCCCGGCATCGTGCAGCTGGATGCACGCGTCCCCTACGATGGCCTTTAGCTGTTCAGCCCCAAGCGGGCGACTATAACAACGAAGCGCCGAGCAGAGCTTTGACATGGTGTCGTCAGTACCGAGTTCATTCTGCATCGTCTCCCCTCCCTCGAATATCGCAATTTGATTTTATGTATACTTTATCTATCAACTTTGTAAACATATGAAACTTACCCACCGTTGTGAGTACGCCCTCCTTGCCCTGATTATGTTGGCGAGACGTCCGGAGAATGAGGTCACCTCTGCGGAGCAGATCGCCCTTCAACAGCAGATTCCGAAGCGCTTCTTGCACCAGATTCTGGCGCTGCTCAGGCAAGCTAAATTGGTAAGAGCATCCAAGGGACAAAGGGGGGGGTATGCCCTGGCTAAGCCAGCCAATGAGATCTCGATTGCCGAGGTCGTGCGGTTGTTTGATGGGCCTATCGCACCATCCAAAGCCGCTAGCAAACATTTTTATGAAGCCTCTCCAATTGAGCGTGAAGGTAAGGTCCTGGAGCTCCTGGGAGAAATTCGGCAGGTGACCGCAGAAATTCTGGAACACCGTACTATAGCGGATGTAGCTTAATGCGGGCCCGGAAGAATCGAAGCTTGCGGCAAGCCTTCGGTGGGATTAGGGTACAAGGGGAGAATTATTATGCGTTCATCACTGCTCCTTCCAACCCTCTTCGCTTCTGCTGTTCTAATCGCAGGTTGTAGCAGCTCCGTTAAAGCGCCTACAAACTGGATAGCGGATGGGAGCCTTTCAATCCACCGCCCAGTGCCTCAACTTCCAGTGAACTCTGAGCTGAATCAGGATGGAGCAACCGTCTTTGCTTTTGCTCCGTCAGCGTCGATCCCGACTTCGGCCTGGGTGAGTGTCGATCGCCAGGCAAACGAACTCCGGTTAATGCAAGGGCAGCAAGCTATTCTTACTCTGAGAGGTGACGGATTGGATCGTTTACCAACCGGAAGCTTCACCGTCCTCCACAAGCAACGCGAGCCGGCCTGGTACGCGCCCGATCTGTACTTTGCTTCCAGATCCTTAGATACACCGGCTGAACACAGCAAGGAGCGCTACCTACGCGGCGCCCTGGGTGAATATGCCCTCTTCCTGGCACCAGAGCTGCCATTACATTGTGGCCCACTCTGGCTTGACGAGATCGGCGGGGTACGGCTCTCCGAGCAGGATATGGCACAGCTGTACTATCGGCTTGAGGTGGGGGCAGCCATTCAGATTGAATAGCTGACCGTGAAATAGGGTGCGTCTCTTAGGGACCACCTTCAGAACGAATGCCCAGTACTTCTGGGTACGCGCCCCTCCCCTTTTGCGACCGCTCTTACCTGGACGTGATACGAAGTTCTAGCAGCTAGCCATAACCATAAGTGGTTTGAAAAATGCCATTCTTGGCACTTTTGCAAACTACCTCTATCAAAGGGGTATCGAGCCGAGGGGGGAATATATTCGCTGAACTAAGTCTGCGCTCAAGTTTGGATGTGCCGGGGCACTCAGGACTTCTCCTGTACACCAAATTCTAGCGGGTTGAACGTTGGGGGATGGGTTGTAGATCATTCCTGTTCGATCCGGTACATTGCAGCACGAATTGGTTGGGTAGATGAAATTCGCTTGGGACCGGAGTGCGCCCCGCCCCCTAGGGATACACTGAACAGGAGTTATTAATTGCCCCTGTTCAGCCGCTCCAAACCACGCCGGCGCGTGGCATGGAGCGGGCTTCGTGTCGCTACGCGGACTTACGCTTACGCTGCAGTCCGCGTGCACGCCATTAAGGTGTGCGTTTGGAGTACGCGGAACTTATTCAGCGTACCCCTAGAGGCTCCATACGTGATGTGCAGGGTTGTTTATGTCGAAAGTAATGAAATACGAAGAGCTGGGTAAGGGTGTCGTCAAGCGTGTCCAACGCCGTGAAGTTGGTCTCTTTATCGATGGGATAAGCTTGGATCGCGCCGCGCGCCGCCTCAATCGGCGGGTGGACCTAGCAGCCCTGGTCAAAGGGGTCACTTCAGGCCTCTCTCCCCGCGTAGCCCGTTACTACACCCTCATCCCCTACGAAGATGATTCACGGCAACGCGCTTTCTTGGATGCAGTTTCTCGTGCCGGCCTTACGGTGGTCGTAAAGCGACTACCGCCTAAGGGAGTCAACCGCCAGGTCTCCATTGACTCCGAAATGGCGGCCGATATTGTCGCCTTTGCCTTGGGGCATACCCAGTTCCGCGTCACCCCAGAGCTTGAGGAGTC
CP129486.1_gap2	191919	193002	1083	TTGGCAGCTGCAAATAATCGCGAGCCAGGGTGGTGAGATCGTATGAGCCCTTATCCGGGGCCAATACGTATGCCGCCAGCATTGAGTCAAAGTGCACACCGCGAGTGTCAATGCCGACTCCCTGCAAAACCTCAATGTCATACTTAAGATTCTGGCCAACCTTGTGCACCGATGCATCGGACAGAATCGGCGTCAGAGCGGCAACAAAATCGTCAATCGAGATCTGATCGCTAACTCCCTTGTGCCCAATCGGCACATAGTAGGCTTTGTCCGGCTGCCAGCAGAAGCTGGCCCCGACGATCTGGGCTGATAGGGTGTCGAGTGAGGTCGTTTCAAGATCGAAGGCGAACTCCTTCTGCTGCTTGAGCTCTAAAAGGAAATCTCCAAAGTCTGGAGCAAGAATGGTGGCAAAGCTCGCCTCAACTTCCCTCGAATGCTTTTGATTGAGGATCCCTTCCAGCTCTTTGCCGATTGAGGTGAATTCGCACTGTTCAATTAGGGCACGCAGCTTCTGCGTCTGGGGAGGCTGCCGCACGAGCGCCGCAAGTAGTTCTGCCTCTGAGAGTTCACTGGCTACCACATGTCGTTCTCCAAGCGGCAGCGGTGCGTCACGCAACACCTCTGCCAATCGCCTGCTTAGACGTACAACCTGCGGATTTTCTTCAATTTGCCGGACTATGGCGGCGCGACCCCTTATCTCCGAGTCTGCTGATACTTCGGCTAACTTGTTAATAATATTCTCGATTTCTCCGTACTTAGAGATCAACTGAGCGGCGGTCTTGGGCCCTACTCCCTTGAGACCAGGAATGTTGTCCGAGCTGTCTCCCGTTAAGCCTAAGAAGTCGACCACATGCTCCGGGGGCACGCCGAACTTCTCGATGACGTCGGCACGTCCGTAACGACGATCCTTCATGGTGTCCCAAACCTCGACCGAACTGCTGACGAGCTGCAGCAGGTCCTTGTCCCCGCTCACCACAACGGCAGGGATGCCGAAGTGGGTCAGTCGAGCGCTGAGCGTGCCGATAAGGTCGTCCGCCTCATATCCGGGAAGCTCCAGTACGGGCAGCCCGAGAGCTCGCGAGA
CP129486.1_gap3	248086	252591	4505	GGCTCACGAAATTGCTGAATAATGAGTCCGAAGATATTCAACGACAGTGGGAAGCCGATCTTTGCAAGGAAGCAGAAAAGCTTAGAGCAAATGAATTCATCCGTCTTGGTGGCGTAACCCGTATCGTTGTCGCATCTGCGCTCTAAATCGTACCGCCTCCGATCCCTGGTGGCGGAGCATTTAAAGAGCGGTAATACTTGACAGTGAAGAGATACGGAGAGGCTCCCTCCGCGCTCCAGATCTTGCTCTGTTGTTATTTATTCTTTTGGGAGTTCAATTCGAAAGGCACAATGACTCCTCTTTTAAGATGATTGATTTACTTAAAGACTAACGAAGCCCTCGTAGACATTCCGGCAAAAATCTCAGCTTTCCAACTACCCAAACTTCAAGGCCACTACACCAAACTCACGGGATGTCGGCCTAATGTCCCCACGTCATTGCACATGATTGATCTGCCTAGACTCAATCAGATGCTGATTTATGTCGTGCCGCAGGTTCTCTGAGGAGATCAGCTGGGGAGCGCGTTATCGCAGTGCGGATAAGCTGATCATAAGAGTTCCCGGTACGTTGAACCTCTTCCAGCCTCGCTTCAATCGCGCAGGGGCCGCCACTCCCGGTCGCATAACTATGCGGGCGCTGTAACTCCCGCGACGCAGCCGCGCTGTGAAGCTTCCATCGCCGCGCACCCGCCTTGTGAGTAAACCACCTTCCGGTGTTCGTATGCTCACGCGGATTTGCCGCAACAGGCGCAGTTGCCCCGGAGGGACTTTGACCTTACCGACCACTTGAAAGCGATTGCGAGGAGGAGCGTTCGGTGTCGTCGTAGGCGCTGCGGTGGGAGTGGCCAATGGGGTTTGAGTCGGTGTAGGAGTTGGGGCGAGGCCAAAGTGAATGCGTACACGAGCCCAATTGGGCGCCGATTCTACCTGTGTGATTTGGAGGGAACCAAGGTCAATCGTTTCACTGTCTCCGACGGCTCCTAAAAAGAGTGATTCGCGGTGACCATCAAATCGATGCACGCTTGTTTTTCCGTCCCATGCGACGGGAAGATTTCTAGAGTAACGAGAGTCAGAATGACGATATGATATGAAATAGGCACTTCCTGCCACTCCCGGTACGCGTATCTTAAGCACCTGCGTCACCGATGGCAGGCCGCCGGGTATTTCATCCGGAATGATATCGCTTGAGGAGATATAACGCTCTCCAGATCGAGAGACAGTGGCCTGATTCTCCAAAGGCAGCCAGCCCGCCTGGTCGCGATGGGGTGCGTTGAAGCGCCTCCATCCGATGCCTGAAGCACCCATTGGGCATGAATGATCGCTGTAGTATGCCGCGGGATCAGCTGCACCGTCATTATCGGCGTCGACTGCAGCGTGCCTCATGCCAAAGTTGTGACCCAATTCGTGTATTGTGGTGTCTATGGTCCTGCAGGCACTTGAGATTGCCCAACAATCGGCGCCACACCTTAAGACCGCGAGACCCGTCCATCCGCAGTTCTGAGTTGCGGACCCCGGCACAAAATACATGACATGCTGATATCGAGAGAGAACAACTCCTTGGGCAGTGGCGGCTTGATTAGCTAAGAGCATCCAGATGTATGGCAGGCAGTGGTACGATGTGGCGTAGGGAATCGATACCGAGAATACATCGGGATGGCCATTGCCATCCGCGTCTGGATCGAACGCGATCTGGCGATAGCTTGCCTCCTCGAAGAACTCACCCACATTCTCAGGAGAACGCCACAACATCGTCGACAGATCTGATGCGCTGCACTCAACCGCGGCGCCTCGAAAGTTCACCCGAAGAACGAGGATGGTCCGTAACGTTGAGGCGCCACCTAAGCCGACTACCCCCTCTTCAATCGGGACAATACTTTCTGGAATTACCACCAGTCCTTCTGGTCCATGTGAGGTCCATCGTCCTCCGAGTTGAACTGTCGTATCCCCGTATCGGCGTGCCGTTTCCTCTTCTATTGATAGTGGAATTGTTGATCCAGCACTGCGTAGGACAGTATGGAAGCGTGCGGATTGTCCGTGCAAATCTTCTGAAATAACTCTCTGTAGCCTACCCGACCCAGAAAAGTAATCACCTTCTTGTTGGGCGTAAAGGGAAACTGGAAGAAGCAAAAGAGTCGCGGTAGCTACTGCCCAGCAAAGCGTGAGGACGCGATTCGGTCTATGCTGATGTCGCACTAGTAGTGCCTTACCTACAAAACAACTCTTTTTGCGCGATGGGGACCTATTGCGTAGGAGGAGCCACTACCAACGCAATTTCCGGAGCTTATCAGACTATGCACAATCTGTTCCAACCGTGGGTTGGACCGATTGAGAATATAGTTCCTGCAAATAGCGGCCATAGTTCTCGCTAGAGTTGTTCGGCTTGGGTCGCAGTCAATCCGCTAGAAGAGCCCTAGGTTGGTCTTGAGTGAGGGGCTAGTAGGTGTGCAAGGCGTGGCGTTCTTATGAGCTCCAGTAGTAAGGCTCCATCATTCAATCTCCTCACAGGGGCTAGATTATAGATGGCTACAATCACGGACGCGCCACTTAGCATGGAGCACCATGCGAGCACAGTGGACGCCGCGCAACAAGTCATGGGTCCCATTGCAGCAGATAAAACGACAATCAACCAAGGGGCGACGACGCTGAGAGATGCACAAAGCATAAGCACAAGTAGCGCCATTCCGAGAATAGGTACGAGCGTGCCATGCGTCACAGGTTGCGGTGGGCTGATGTGATGGTCGGTTCCATTCTGAAGTCCATATTGCCTTCTTAACTGCACGATAAGAGGCCTTCTGATTACTAAATGCCCGGTGGCCGTCTCTCGCATCGCAATTGTAAAGCCAATAGGGAAGGGGAGAATGCGAAGTCGTAGGTGCATACTTCCTACCATGCCATCCACTAGAGGTGGCCCAAATCCACAATCACAACCAGTGCATGTTCCCCCGAATAATCGAGAGCCAATGAGCATTCCGAGTTCGTAAAGCGAAAGGACAAGACAAACAACACCAAGGTATGTAACCCATAGGAGAGTAGTTTCAATCGTCATATGCTGCCCCTAGCGACCACAACGTTGAGGTTCCTCGGCAGATGCGTTGCAAGTGGTTTGGGTCGAGCCAGCTTGGGGCGTCCGCCCTTCTTTCTAGGGGAGGGAGGTTGGTCGAAGAACGAATCGGGAATTATAGTTCCGCATAGGCGTTCGATACTTTCAGTGCGAATTCGCCAATCACTCCCAATCTTAAATGCCTCAATCACTCTCCCCTTGATGAGGTCATAGAGCTTTGCGCGGTTGACTCGAAGAATACGAACAGTTTCGTTGGTTGTTAGTAATATCGGTTTGGTGTTCATGATTATGCTCCCCCACAGCGCCTATTTGAGTGATACGGAGACAAATGGAGAGAGACTGATCTCAACAACCTATCTGTCCCCATATCGCTCGTAGTATTTCTCACCTTGGTGACCCTCTTGGAGTTTCGAGGGATTTCAGGGTCGAGGGTGCAGTGGATGTCGGTACATCTAGGAATATCAATAGGATATGCATTCACGGATTCCGGAGCTTTTCAGGCGATTGGACTTTGTGGCCTGTGGTACAACAGTTCACACGATGGCGTGCGCGATTGAACTCACATTCTCTGAGGCAAGACCTCGGAAACTTGAACGCATTGCGTTTAAGGCTGGGAAGACGCGACAGTTATTTCGTGGAATTGAGCGCTCGGGTCAGACAGGGTTCTTTCAAACAACAAGAGCTGTTCGTGCGATGGTGGCACTGCTTATTCAGGCTCGGTTGTCGCGGAGCTTGCTCACCGAAGACCATCTCTCAGAGCCGCTTCACGGTGAGTTGGGTAGCCAAGCCGCATCCCTCAATTTCGCGTTGGGACGTCGCCCAGGTTGGGTAGGCGCATTATTTGGATCAACGCGCGAAGACCTGCAACTTCTGTACAGCATTTTTCACCGCAGCAATCCTGACGGAAAGCGCTCCGGTGCGTTCTCGGTATGTGTAAACTTCTCAGTCTTACGGCCAAAGAATATTCGAATCTTCACTGCTGCTGGTGGTGAATTAGCGGGGGAGGGGTTATTGGAGCTTCTGTCGGAGTACAGAGAAACTGCCGTATTCGCGCGTGCCCCGCACAGGACCCCATCGTTAGAATCAGCGCAACGGAACGAGATAGACCTACATGCGATTTGTGTGCAGGAGGCGTATCGCGCGCTCTGTTGTACAAACATTTTCTCTCTAGATCGCTTAGTTGGTAGTCTAAAGCAAGTGTTTGAGCACTCGATTGCGAAGACATACCATTGGAGTCCGAGGGTAATTGGGGATGCATTAGATTTTAAGCTCACTGAAGCGCAACGACTTGGGCTTGTTCCACCGGAGCCAGACTCAAAGCTTGCCAAGGCAGTGGAGGGTATGCGAATCGCGATCAGCACCGGAGGTGTTGCAGCCGTCGCTCTATTGGACTTTCTTAGAGTTTTTCGCGGGTACCCGATCCACGTAGAATATCGATTTCCTAA
CP129486.1_gap4	267437	269082	1645	TAATGAGCTAGTCGATTCCGTGCCAGTTTCAAGAGTCCTAAACCTGGTTCGATGCAGGTGACTTCGTACTGCATCTCGGCTAGGCGTAGTGTTGCTTGCCCTGACCCACAGCCAATTTCGCAAACCTTACCGCCACGGGTTTGTTTCACCGGCTCAAGTACCATGTCCATAAATTCCGCCGGGTAAGAGCCACGATACTTGTCGTAGTCTTCTGCAACGGATTCGAATGTTAGGCCATCGTTGACCATAATGATTCAGCGGAGAATGGCAAACGCTCACCAGTTTGCGCCTCACTTTTACTTCCGATCCTAAACCTAGTCCACTGCGCGCAAAAAGGTATTTACTTGTATCCTAGATACACCTCGCCCACTGGAGATTCATTCTCCATTTTTCAAACACTACAAAATACTCACAAGTTCTATAAGTATAGCCGAACGACTCCGCTAAAAAAGATTAGCAACTGCCGATATGATAAGTTCCTTTTGAGAACCATTAAATTATAGCATCGAGTACTCGCTCGAACGAGAGACGACAAGCCCCGGGGTCATCGGTGCATTTCAAGGAAGAGACGTATAGTAACGGGGACTTGAGAAACGACGGCCAAAAGACTCAAGCGGAACGCCTCAACATTCAGCCTGAGAACTGAGATTATAAACCTCATACAAAAGTGATAAGTCGCTCGTCGGCGCAGAAGTAGTTTGGGGCTCAGAATACGGGTAGCACTTTACTCACAAGTAAACTTATCATTGCACCGGGGCCTCCGATTCAATTCATTGGAGATTAAGATAGCGGAGTTCCATACTTTGTGATGACTGCGCCGTTTCGAATCTTACGGAGCACTAACGGAAACTGGACGCAACGATCAACGATTGGCAGCTCACGATCTTTGACCCTGATGGAGCGTTGCACCAGGAGTGCTGCGGTTCGCCCTTCTCGCTGCGCGTCTGCCTCCTCCGTACAGCTCGCTACAACGGGTGAATGCTCTTGCGCTTACCCCGCTCCCCTTGCATAGCTTACGGGCAGGTCTCAGATGGGTTTCTGGTGGCGTTCAGATCCCCATTAGCTGTTTGATGTAGACTCCTTCGGGGCATCTACAAATCGTCATTAGAAATCTACCCTTGCCATGCGCGCGGTATTCAAGAACTAGAAAGGGCCTACCAGGGTTCGGTCAGCGCTCTCTTTTTATTGCTTGACTCGGTTGGGGCCTTGTTGCTGTTACACCATAAGCGATTGGCTGTCAGTCAATCCATTAGATTCCATTGATAGACTGCCACGCCTTTGAAGAGATAGTTGCCACTGACGAACGGCCTTTTCGCACTTGCCCCTGCGAGTCGTTCAAATATCAAACGGCGGCTTTCTAATACACTTCCGGGAATAGGTATGGTCTTTGTTCCCGTGTTTTCGAGTATTACGCCCAGGTCCGCCGGCCAGACTTTATAGAAACTTTCACCAACAACACGGTCACTGTATTCCATGCTTCTTATTTCCAATGCGCCAGCTGTTGCAGGCATGCAATACGGTGCGCTTGGCTTGCAGCGCGCTCTTTCTATTTCATAAGTACCAGTCTCATCACGAAAAAATATTCGCTTAGAGTAAAGATCATAATTTACACCGATCGGCCCTGTGGATGGCTCTGGAATGCGCT
CP129486.1_gap5	281445	282756	1311	AACACGAGCGTGGGCCGAGCATCTGTGTCGCATGGCGTGGCCAATATTCAACATGCCCCAATTGCACAGTACCACTCGGTGTCGCTTGAGCGTGCCTATAATGTCGAGTTCCGCGAGAATACGTGGGTGCATTTTCGGTCGCGCATGTCGCGTGCGCTGATGGGCGCCAATATGTACACCTACATCCTGTTGGACGATCAGATTTTGATGCAGCTGGGGATCAATGGCGAACAGCATTGGCAAGTGTTTCAACCTTGCGTGGAAAAGAGCCACGACACGGAGTTCTTCTTTTCCTCTGCGCTTGTCAACAACGGACAGGGGGCTTCAGATGTCCGCACTGGTTTCGCGGATGACCTCTCAGATGCGCGCTACACCGACTGGATGCTCTTTTCAATGAAGTATGAGGCGACTCAGGACGAGCGCCGGTTCCGAATTTTTGTGAATGGCAAAGAGGTAGTCTATCGTTCACTCGATGCGCCCTATCCTGAAGGCGTTGTTGATATGCGTACACCTTGGATCCCTCCTTCCGGCACGCACAGATTACGCTTCGGCATTAGCACTCTAACCGATGGGGCGGAGTATGCCGCGACTTGGATTCCGCAGGGAGTGCGATATCGCAATTGTTATGCCCAATATTCTCCGTCCCTCCCCCGATTCTTGTCCACACCTCCTGATACTACGAAGCTACCCTGGATGCTGGAATACGATGCGGTGATGGCTATTGCGTTGAATCCGGAGTTCAGTCCCGAGGAGGTCGAGTACCACATTTGGCAGGGAATATACGGGGGAACAGTCTCCTTACAGGTAGCGGTACTCACGGGGGTGATTCCACTACCGCCTCCAGAACATCAGCAATGGACCTTCATGCCGCCCGGTTCATATGAGGCCCTGCTCGCTCAACTCACCTACCTTCAACAGAATTACCCGCCAAGTATGCCGATGGCCAAGCGCTTCGTCTGGCAATCTGTGTATGCGGTCGGCGGAACTGCCGTAACTGTCCACCATGGCTATCTGACTCCGCCTGAGGTGATTAATAGCCCGCATTGGAGCACGCTATCCCCGCAGGAGCAGAGTTACATCCCCGCACTAGCCGACTTGGTGGGCTCGTCGATGTATTGGGATTTCCTCATTTTCGTATCTGCAGACAACCGCTCCGCGCTGGTGCCACAAACTCACGAACTCATTCGGGCAGGAAAACTCACCGTTCTTCAAGCAATTTCGTTGGAGCTTCTCTCCTGGCAAGAGGCTCAGACCCACTGTGCCTATATCCTGCCGACGGAGATGAGTGCGATTCGGGCGCATGCGAAGGGC
CP129486.1_gap6	335716	338626	2910	CATATCTGGCGCGGTGGTGATGGCCTATGAGCTTGCTGCAGCTCGGCTTCTAGCCCCCCATTTGGGGAGTTCGTTGCATACCTGGACAAGCATCATAGGCGTTATCCTGTTGAGCCTCAGTCTCGGGTATTGGTGGGGAGGGCGGAGAGCGGATGCGAATCCATCTGCGAATGAGCTACGGAAACTTCTCTTTCGTGCAGCAGCCTGCGTCGTGGTGACCGCTATTTTTCAGGAGCTCGTACTCACCTTACTCCGGCGCGCCCCCTTCGATATCAGAGTCACCTCCGTGATCGCGACTTTAATCCTCTTTGCTCCGGCCAGCATTATACTGGGAATGGTCTCCCCCTATGCGGCCAGGCTGCGTCTCGAAAATCTGAGTAGCTCTGGGGCAACGGTAGGCACTCTGTATGCGGTGTCAACAGTGGGAAGCATCGTCGGCACTTTTGTGACGGGTTTCTACCTCCTCGCCTGGTTTGGCTCATCGCAGATTCTTGCATTGCTTGCGGGCTGCTTGCTCTTTTGCGGCTTGCTTTTGATGCCCCTCTCTAGCCTCTCCGCCTTTGCCATTGCCTGCATTTCATCTCTCGGTCTCTACGTCGGACTTGATCGCTATACTCAGATAATGAGCGGGGGACGCATCGATATCGACACCGTGTACAACCGCATTTGGATCGTCGAGGAAGAGCAGGACGGAAGACGGCTCAGGCACCTGCACACCCATGCGTTTACCTCGCAGTCCGTGGTCAACCTGGATAATCCCGATGAACTCGTCCTGCCCTACGCACGCCTGATGGCGGCAGCGGCGCAAGCTGTCTCGCGTCCTCAACGTGCTCTCGTCATCGGAGGAGCAGGATGCTCGCTCCCGCGCGCGCTGCGCGCCCGTTATCCAGAGATGCAGGTGGACGTTGTCGAGATCGACCCTGCGATGACTGAGGTGGCACAGAAGTACTTCTTTCTTCAAGCAGACGCTCAGATGGGCTTCTACCATGAGGACGGCCGAACGTTTATCAATCGGGAGCACGCTCCATACGATCTCATATATGTTGACGCGTACGACGCTAATCTCACCCTGCCCTTTCAACTTGCCACTCTGGAGGCCATACGCAGGTACCACGCCCTGCTTTCTGAGGAGGGAGTATGGGCGATGAACACGATCGCGGCTTCGGCCGGACTCGGCAGCGAACTGCTGAATTCAATCTGGAAGACAATCGATGCAGTGTTCCCTTCGACTGTTGCTTTGGCAAGCCGGCCCCCTGTCTCAGCGGAGGAGATATTGAATGTCGTCTTAGTAGCATCGAAGTCCCCCGCCCCCCTTGAGGCGGTCATGGAGGCAGTAGGCACAGAACACCCTGCGCTGCAGCGTGTCGGACATAAAGCTCTTCCCGTTTTGACCGACGAGTATGCACCCGTTGAACACTACGCTCTGCGCGGCCTGCCGGAGTGGATTAGACGCCGCAGGGGTTCGCAAGCACAACCTAGCGAGAGCTAGAGCGTGCAAAAAGCAATGTCCATAATCCTTAGATTCCGGACATCTGTTCTGGGGATCGCTCTAGGGATACGCTGCACTTACTCAGCGCCTCCCTAGTAGCATGCCTGGCGAGATCTGCGGCACCGATCAGACTGCTGCATGCCGTATTGCGGCTATGGCGCCCCTCCCCCTCATAACCGGCTGGAATCGTGGTGAGATTCCTGTATCGGGGACTGAAACAGTCCGATGTGGTAGAGGATAGTACTGTAGGTGGATCGGATCATCGCCATATACGAGAAACTAGGAACGCTCATGCGAAAGCTCGCCGTTGCCCCCGCAACAGCATTGGTCAGTCTGCTACTGACGGTGTCGGCCTGGGCACAGGACATCACTAACCTAGGTGGTGATTTGACCTCAGACCTGCCGATCGATACGGCGTTAGAGCTCCCTGCGCCAAACATAAGTTCTGAGGAGCTCTTTCAATTGCACCTGGCGGGACATACCGATTTCCATGGTTCTTTCCTCTTTACCAAACTGAACGGCAAGAGAGTTCTCGGTCCTCACTTCAACCACAACTCCTGCGGAGCCTGTCATGTCAAGGACGGTCGAGGCCCGATTCGTATTTCGTCGCGTCCGCCTGGAAGCTCAGTGCTTGTGAAGGTCAGCTTGCGCGGGCTCAACCCCGATGGCTCGCCGCGTGACGTGCCGAGAGTCGGCGAACAGCTACAGAATCATTCGATTGATGGCAGCACGCGCTATGACATCCGGCTGCGCTGGCGCACCGTACGCGGTGTCTATCCCGATGGCACCAAATATACCCTTAGACGTCCACAGCTCAGCTTTAAGATTCCGGGGATACGATCCACAAAAGTTGTTCACTCAATACGCATGAGTCCGCCCACCATAGGAATGGGACTCCTCGAGGCGGTGCCAGCGGCAACGATTGTCGCCATGAGTGACCCGGATGATTTGGACGGTGATGGCATATCAGGACGTGTCAGCTATGTCCCTAACCTCGAAACGGGCCAGATCGAGGTGGGAAGATTTGGCTGGCGTGCCACGCAGCCGACACTGAAGCAGCAAGCCGCAGCGGCCTTTTTTCATGACATGGGATTGACCAACGAGCTCTTTCTTCCAGAAGGGAAGGCGCAGGAAATTCCGGATGAGCAGCTGGCCCGTGTGGTATTTTATTCGCAGGCCGCCGGGGTCACTCCAGCCCGAGACCAGGACCATCCTGATGTGGTAGCAGGAAAAGCGCTCTTCCAGCAGATCAACTGCGATAGCTGCCATGTGATGACCCTCCAGACGGGCGACTCAGAAGTAGTTGAGGTGGCAAACCAGGAGTTTCATCCCTTCACCGATCTGCTCCTGCATGACATGGGTCCCGACCTGGCGGATGAACGGCCCGAGTTTTCGGCAACACAGAGGGAGTGGCGCACCCC
CP129486.1_gap7	354153	356858	2705	GTGGTGGAACTACCGATGCAAGGAGTGGAGATTCAGGCTCCCTGAATGATGAGAGGACCTCGGCATGGCAACACCTCGCTCCGCTGAAATGACAAATCGAACCCGTGCCATCGCCGTACTAGTGGCGGCACTCGGATACTTTGTCGATGTATACGACCTCATTCTATTCAGCGTCACTCGTGTGGCGAGCCTGCGGGATCTTGGATTTCAGGGCGATGAACTGCTCCACCATGGGGTGTACCTGCTCAACATGCAGATGTTCGGCCTGCTGTTAGGGGGGGTGCTGTGGGGAGTGCTTGGAGATAAGTTTGGCAGGGTCGCCGTTCTCTTCGGTTCTATTCTCTTATACTCCTCGGCGAATATTCTCAACGCCTTCGTCTACACGATAGAGGGTTATGGCGTGTTGCGCCTGGTGGCCGGTATCGGTCTGGCCGGGGAGCTTGGCGCCGGAATAACGCTGGTCAGCGAAATCATGCCCAAGGAGACACGTGGGTATGCAACCACAATCGTAGCAAGCGTGGGAGTCGCTGGAGCAGTAGCAGCATCTTTGGTCGGTGAAACCTTCCACTGGCGCACGGCATATATCATCGGCGGGGTGATGGGTTTCGCGCTGCTCGTTCTTCGTATCCTCACTCATGAATCGGGGTTGTTCCACGAGGTCACCAAGAAGAGTGTGCGCAGGGGTGACCTGCTGTTGCTCTTTCGATCGCGCGAGCGCGTGTTGCGGTATCTGCGCTGTATCATGGTTGGCGTGCCGATCTGGTATGTGGTGGGAATTCTGTTTACCTTTGCTCCTGAAATCGGGGCGGCACTTGAGATGCCTGAACTCCCCACGGCCGGGAAGGCCGTGCTTTTCGGCTATATAGGCCTCGTGCTGGGAGACCTTGCCAGTGGCCTCCTCAGCCAGCTTCTAAGGAGCCGCAAGAAGGCCTTGGCTCTTTTCATCTTTTTGACCGCTGTTTTCTCGGGGCTGATCCTCAGCAGTCACGGAATGAGTACGGCGTATTTTTATGCCCTGTGTGTGCCCGCCGGAATTGCGGTGGGATATTGGGCCGTATTTGTTACTTCCGCGGCCGAGCAGTTCGGTACAAACTTGCGGGCGACCGCCGCGACCACAGCGCCAAACTTTGTGCGCGGATTTGTTGTGGTGCTCACCTCGCTGTTCGAGTTTTGGAAGCCCTCAGTCGGTGTCGTGCAAAGTGCCTTCTACGTTGGAGTAGTGGCAATTGGATTGGCGGTGATATCCCTCATAGGGCTGCGAGAGTCATTCGGGAGAGACCTCGATTTCATAGAGGAGTGAGTCGTCTTCGCGGTCAGTCGCAGACATCATTCTCCGATGGCAGCTCAGCAAGTTCAGCAAGGGTTTTCAGATGGATCTTTTTGACCTTGTTCACCATCTTGGCGGCGTTCTCCCTGTCCCCTTTGCCCGCGATCTTCGCAACCCGGCGCGCCAGTTCCAGCAGCGCTTGTGACGTGCCCTCCACTTCGATCAGAGAATTGGCCAAGCTAATACTGGTGCATGCAGCCGAATCGCCGCAGTCAAACACCGTCGTGGGTACCGACCAGGCAGCTTCCCATGCAGCATTGTACAGCTTCTGTATCTCAAGCTTGAACTTCTTAGACTGTTCTTTATTGATACGGCCCGCTCGCGCACTCCGCACCACATAGTTCTTGATGATAATTCGGGCCTGGTTAGCGTTATTGTCGATCCTTGCCAGCTCTTCCTTATTGTCGATCTCCTGGCAGTCCGAAGGGGTTGGCGATGCCGTCGGGGTGAGCGCCGGTGTGATCATCGGCGTCGCACTCGCAGTGCTGGTTGGAGGAACGGTGGGGGTAAGGGTGATCGTATGAGTCGATGTGGGGGTATGTGTAGCGGTAGCTGTACCTGTGCTCGTCGGGGTCAAGGTGGCCGTACCGGTTGCGGTGTGGGTCGCCGTAAGAGTGGCTGTAGCAGTCGCGGTAGCGGTGCTGCTTGGGGTATGGGTCGCAGTTCCCGTAGGGGTTGGGGTCAGTGTGTGAGTTGCCGTGCCCGTCATAGTTGAGGTTGCCGTCGCCGTACCGGATGCGGTGCTGGTGGCGGTGTTGGTTGCAGTTCCGGTAGCAGTAAAGGTTGGGGTGATGGTGGCGGTGAAGGTGTTTGTAGCGGTAGCCGTTACGGTCGCGGTGTGAGTCGAGGTGAATGTCGGAGTATGCGTCCTTGTATGAGTAGCGGTGGCCGTCCGAGTCGGGGTGCGCGTTGCCGTAGCCGTTCGGGTGGCCGTCCGTGTGGGAGTAGCAGTACGGGTGTTGGTTGCCGTGCCTGTCGCTGTTCTGGTCGCGGTAGCTGTTGCCGTTCCAGTCGCGGTGCGCGTTGCAGTCGCAGTCGCCGTCGGAGTGGGTGTTGGTGTCGGACAGAGCTCCTCTCCACCTGGTCCCAGAAGTACACAGCCTGTTTCGAGTATCTCGAGGGTGAGATCGACCGCCGGAATCGTCAGTCCATCGACAAAGAGTGTAACGGCTCCTACATTCTCAAAGTCAGCGGCTCCGCCAAGCCCATGGATCGTCATGTCCTCAAATGCCAGGGTGCGTAGCTCTCCGGGGGGCAGTATCTCGGCAGATCCTTCAAGATGGATGGAACCGCGGGAGAACTTGGTTGCATCCTTGGCGTCATACACCGTGAAGACGAGATCGATATCTCCCTCATCAAAGGTATTGAAGAAGTAGAT
CP129486.1_gap8	358055	360622	2567	GTCGCTGCCGGGCTGGACGTGGTGTCTCCGTTGGTTGCTCGCGAGTGGCCCGTTCTCTCAGCTGCTCATAGGCTGAAACTCTCTCGACATCTACGTCGTACGAGGCGCCGACAAGCGAATCAGCCATAATGGAGCGACGTTCTTGATCCGTTATGGTGCCGATGCGGCTTGCGGGCGGCAGAATGAGGGCGCGCTCGGCTTTAGTGGGGGCACCGTCTGCTCCCATAAAGGAGACCACCGCCTCTCCCGGCACCAATTCTAATAGATCGCGCTCCAGTGCCGATGCATCGTCGCATCGGAAGGTCTCCGCAACCGCGCGCAAGGCGCGTTGTTCCTTGGGGCTGAAGGCCCGCAGTGCATGCTGTATGCGATTGCCAAGCTGTGCGGCGACTTTCTCCGGAATATCCAACGGGTGCTGCGTTACAAAAAAGACCCCCACGCCCTTGGAGCGAATTAATCGCACCACCTGTTCGATACGATCAACTAATGCTGGCGCGGCATCATCAAAGAGTAGGTGCGCCTCATCGAAGAAGAACACGAGCCGTGGTTTCTCTATGTCACCCACTTCAGGAAGCTGTTCATACAATTCGCTGAGCAGCCACAAAAGCAACGTTGCATACACCTTAGGTGACTCAAGCAGCTTCTGGGCACATACTATATTTACTACGCCCCGTCCCGAGAAATCAGTGCGCATAAGGTCGGCCAGTCGCAGAGCCGGTTCACCGAACAGCAGCGTTCCTCCCTGCGATTCAAGAGTGAGCAGTCCCCTCTGAATGCTCCCCACCGATGCGCTCGATACGTTGCCATAGCTGCTTTGAAGCTCGCTACTCCTATTGGCAACCTCTTGAAGCAGAGCTCGCAGATCCTTGAGATCAAGCAGCACCATACCTTCGTCATCAGCCAGTTTGAATGCAATGTGCAGCACACCTTCCTGAGTGGGATTGAGCTGTAAAAGTCGACTCAACAGCAACGGCCCCATCTCGGATATGGTAGTGCGTAAAGGATGCCCAATCTGACGGAACACATCCCAGAACACCACCGGAACTCCTTGCGGTGTGAATCCCGTATACCCCATCTGCTGAATGCGGGATGAGATGCGGTCATTCAAGGTACTGGGCTGGCTCAATCCGGCGAGATCGCCTTTCACATCTGCGACCAGAACTGGGATGCCATGCAGGCTGCACTGCTCAGCAAGCGTGTGCAGAGTGACCGTTTTCCCGGTTCCAGTCGCTCCCGCTATCAATCCATGCCTGTTGAGATAGCGGACCGATAGGGGCAACCAGTCTCGGCCCTTGGCAATCTGAATTGAAGCGTTCATAGCATCCTTGCAAGCGGAGTCACATTCTAGCGCTACCGATAGCCGGTATTGGGTTCGCTTTCAAGGATTGTAATGGGAAACGAACTATTTGGGAGAGTGCGAGGGGGCCGTTCGACCGTTATATACGATCCCATCGAGCGCCCGATAGAGTTCAAGCACGGTGCGGGCTTGATGCCGCAGCACTCCCTCCATTACCTCTATGCCTCTCCGGCTCAACTGGGCCTGCCAATCGACCGCGTGTGGTCCTTCGTCAAAACCAACTATCTGCTCGATGTCACTTGCTGAGGCGGCGGAAACGACACGTCTTACCCCTGCCCAAGTTACCGCTCCGCAGCACATCGCGCAGGTCTGGCCGCTCGTATAGAGCTCATGACGCGGTTGACCGGCTGCACCGAGATCGTATGTTCCGGCGGCCCGTTGCGCGAGCATGATCGCAAACATTTCCGCGTGCGCTATGGAACATTGGGACGCGGTGACGCAGTTGACCCCGACAGAGACGAGTGCGCCAGTATCGGCATTGAAAATTGCCGCACCAAATGGTCCCCCGCTCCCGCGCTCCACATTCTGCCGGGCTAGATCAATCACAAAAGCCATGCGTGCGGCATCAGTAGACGGAATCGGGCCGCTGGATTCGCAAAATTCAACCACCCACCGTGGGAGCGTCAATGTAATGCTATCAACAACCATGGAGCAACCTGAATTGGACCACTAAAAAGAGTCTACCGTACTTATCGGCGTTACCGAGAGGAATCTTCAGCGATGATACGAATCGGCGAGAATGGCAAGATCAGGCAAACATATTCTTGACTTTCTCGAAGAAACCTTTCTGCTCTTCCTTTGGCTGCACTCCTTCAATTTCTTGGAGCTGCTCAATCACCTTGCGATGATCATCGTTAAGCTTCTTCGGCACATGGATGAACACCTTCACATGCTGATCGCCACGACTCGACGAACCGAGCACCTGCAAACCGCGATTTCTTAGCCGGAATACGGTACCACTCGGCGTTCCTGCCGGAATTCTCAGTTTCTCCTTGCCCTCAAGGGTAGGCACCTCAATCTCAGTACCTAAGGTGGCGGCAGCATAGGTAATCGGCACCTCGCAGAACAGCTCGGCATCTTCGCGTTTAAAGAATTCATGCTCCTTGACGAAGATCTGTACATATAGATCTCCTGAAGGGCCGCCCTTGCTGCCGGGCTCCCCTTCTCCTCGCAGCTTGAGGCGCTGTCCATGATCGATTCCCGCCGGGAC
CP129486.1_gap9	365770	370297	4527	TTCTGCAAGGCATCAAATCGCCCGCATTTGGGACACTCGTACTCATAAATTGGCATACACCCCGCCCTCTCCCAGGCAACACAGCGCCAGAAACATCAGACCCGCATTCTTAATCTCTTAACAGGATGATTTCAAGCGAGGGCGCGGTCACCAGTCGCTAAATGGGCAGCAGACCAGCTGAAAAGTGAGTTACATAGAAAGAGTACAGAGATTGCAGCCGCATCCTTTCTGCTTGGTCATAAAGGGTGTCGACCAGGGCCGCCTTAATGAAATAAAGGATTAACACGAGCAGGATGGGACTCAAGTCAAGTGAGCCTATCGCCGGCATGATACGACGAAGCGGCCTCAACAGGGGTTCTGTTGCGTTCACTATAAACCGCACAATCGGATTGTAGGGGTCTGCGTTCACCCAGGAGACAATGACCCTCACCAGTACCAGAAGCAGCATCAGATTGATCAGCATGCTGAGAACAATGGCGATTCCACGTAAGGAGTTTGCAAGAATCAACATGGTATTCACTCCAACATTTATTGCGGACTCATCGCAATGCTCGGGCTTAACACCCCGGGACGAACGGATACAGGCTAACCCGACCGCTGCGTGGAGGCAAAGGCTTGATTGCTGGGGTAAGACGCACGTTGGTTGAGAAGGAGAAGGACTATACGTGGCGGGTAGTGTTGAAACCGCTTCTAGCCGGCCTCTACCGCTTCAAGCGGCTGCTCGAAATCATCTGGGGACACGATCTCAGTAACTCGAATACCAAAACGGTCGTTCACGATCACCGCTTCTCCCCGTGCCACAAGCTTGCCATTGATGCGAATGTCCAGCGGCTCACCTGAGATCTTCTCAAGTTCGACTAGACCGCCTTTGTTCAACTCGAGCAGTTTACGAATATTCATGGACGCACGGCCAAACTCCACCGTCACGGCAAGCCGCACGTCATGAAGGAACTCAAGGGTCCTGGCATTGCCCTCTTTTTCTGCTTTCTGTGGAGGTGTCGCTGACATAAAGTCTCAATGCACAAACAGTGGGCAATCCGCAGCGGAGAGATTCCGCGGGCAAAGATCGCTCTAAGGTTAGATGCCCCTTGGCCCAGCTAGGGCGCAAAAGTTCACTTCTGCTCATCTATCTGAATCAATTGGATATTTCTTCCGCAACGAGAGCGGCGAGGACGCCGAGACAAGGCTATGAGCAGGTGAGGCCACACCCTCTCCCCTGCCGCGCTACTCGTGCCGGGCCCCGATATGTGGCTGAAGTGCCCCCGTGGTAAACTAGAACGACCTGTCTCCGTACAGACTTCTCGGCTCACGCAGCGACGATACCACGCTCTCCGAACAACGCTGTTCCGATTCGAACATGTGTTGCTCCTTCCTCGATCGCTATTGGAAAATCAGACGACATTCCCATACTCAGTTCTGCTGCAGGCCAGCCAAGTGCTCCCCGCAGCTCTCTCATTCGCTTGAAATCTGGACGAGCTTGTTCCGGGGTCTCATACAGGCGGGTGATGGTCATCAGCCCCTGCAGCGTGACCCAGGGGCAGGATCGTGCCAACGGCAGCAGCTCGACAAGCTGCTCAGGGGCAAAGCCGGCTTTCCCCGGATCTCCCGATACATTCACCTGTAGAAACACTGAGAGCCGTCTTCGCTGCCGGGTGCACTGCTCGAAAATCGCCTCGAGGATCTGGACGGTATGCACACTCTGAATGACATCGAAGAGCCGCACCGCCATCGATACTTTATTCGATTGGAGCGCCCCAAGAAGATGCGCCTGATCATAGATCTGAAGTTCAGTCTTCTTGCGTTTAAACTCCTGTACGTAGTTCTCGCCAATCAAGACCGGGATATGTTTCCTTCGGCACCAGGCAATATAGGCATTTATTGATGCCACCGGCTGCTTCTTCGTAGCAGCCACTACATGAACTGGCCCGCCCGCAGTTGTTGAGCGGCTCATCGCCTCCGCAACCTGCCGGTAGGTTGCCTCGAAGCGCTCAACCAGACTTGGATCACTTGCCACGGTGCACCTTATTTGGAGCCACTCTTATCCGGCGAGGAGCCTACTATTCCGAGTGTTCGCATGGCAGCGACGCAGGCAGCGACATTGAGCCCCACGACGTTAGTGTATGACCCTTCAACCCTCGATACGAGTTGAGTACCCAGCCCTTGTATTGCATAGGAGCCGGCCTTATCCATGGGTTCTCGAGTTGCGACATATCTGGCGATTTCGTCTGCTGACATCGGCACTATCCAGACACGGCTCATATGACTTTGCACGAAGGTCCGTCCATCGCGCTTGCGGAACAAACAGAACGCTCCCCACACCTCATGCATTCGCCCTTGCAGCCTTCCCAGCATCTGTTGGGCATGCGCTTCATGATCGGGCTTGCCCAACACTTCGCCGTCCAGCACTACCGTGGTATCAGCTCCTAGACGCCATCCTGGGAAATCCCCCGCCACGGCTTTGGCGTATGCAAGGCGCTCCACCATTTCCTTAGCAGGCTCGTTTGGGAGCGGGGTTTCGTCCACATGCGCCGGCTGCACCGAGAAGGCGAGCCCGACTTGGGACAGCAGTTCAAGACGTCTTGGCGAGGCGGACGCAAGAATAATCTCTTCGCTTTGCTCAAATAGGCAGATCATCGGTCGCCCCGCTCCAACACTGCGAGCAACAATGCTGCACATGCTTGCTCAATCGAGCCCGCACACCCCGAGAGGGGCACGCCATTCCTTATCGCCTGCACATGCCAGGTCCTGCGCTCATGAAATGTGGCAGAGAGAAGATCCCAGCCGCGTCTATCAATCTCATCAATGCACTCATCGACTGACGGAATCCAGAAAAAAAATCGCTCGTGCCCCTCCGGGACTTCACTCCCACTGCCACTGATCAGCGAAACAAGGCGTCGTCCCGGCAACACGAGAAACTCTTCAATGCCTAGATCGGCATAACCTCTCCCCACACGCTGCCCTTCTTGCCAAGGTACAGCCAGCCCAGCCTCGCCAAGCTGTCGACAAAGCTCATAGTACTCAACTGATGCCTGCATGATTGTGATGTTCCGCTGGGCTACGCAATCTGTTCAGCGATGCTCCGACTGCATACGGTCTAGCTGCTCCACGGTCGAGGTGCCGCCCTCAATAATGGTCAATTCGGACACGCGAGTTAAGCGCGCTTCGTTATGGAACTCCTTGATAGAGAGCACCCCTGCGTTGCACATCGCTGATTTCAGTTTGGCAAGGGTCACATTGAGTTTATCCGAGAGCGGGCCTGAGTATGGAACGTAGGCGTCAACGCCCTCTTCAAAAACAAGTTCGGGGCGGTCAGACTGCTTGTAGCGCTGCCAATTGCGTGCTCGGTTTGAACCTTCTCCCCAGTACGGCTTATACACTCTCCCCCGGTAGGTAATCTTCTCGGTTGGGCTTTCTTCGGTACTGGCAAAGTACTTACCCATCATGAGGAAGTCCGCTCCCATCGCCAGTGCGACAATAATATTTGTGTCGCTATTGAGTCCGCCATCGGAACATATGGGCACATATACGCCAGACTTCTTGGCATACGCATCCCGTGCCGCCGCCACCGCCATTACGGCCGAGGCTTGACCGCGGCCAAGTCCCTTCTGTTCACGGGTGATACAGATGGAACCGCCCCCGATGCCTATCTTCACGAAGTCCACCTGCCCTTGCTCCACAAGGTACTGAAATCCCTCTGCGGTAACGACGTTGCCGCCGCCAATTAAAACCGCATCACCAAACTGCTCTTTGACCCATGCCGCCGCCTCAGCCTGCCATTCCGTATGGCCATCGGATGAATCGATGACGAGGCAGTCCACTCCCGCATCAACCAGCGCTTTGGCGCGCTCCCGGTAATCGTGAGTATTCAAGGCGGCACCAACGAACAGCCGCTTTCTGCCATCAGTCAACTCATCGGGATTTGACTTATGGTCGAAATAGTCCCGGCGAAACACCAGGCTCTTCAAGTTCCCGTGCTTGTCAATAACAGGCAGGCATTCCTTCTTGTGCTTCCAAAGCTTTTCGGTCGCATCCTGAAGCGAAATCCCGTCCTCGGCGAGAATCAACCGCTCCACTGGAGTAAAGAACTCCGAAATGGGGCGAGAGAGATCGTCCTTGAATTCCCAAAAGTCCTTACTTGTAAGGAGTCCAAGCAGTTTCGAATTCTTCGAGCCGTCCTGAGTAATAGCAATGGTCGAATGACCGGTGCGACGACGCAACGCCACGGCGTCCTGCAGTGTACAGGTAGGTGAGAGATTACTGTCCGATTCTACAAAGCCGGCTTTATGTTCCTTGACGCTGCGCACCATCTCGGTCTGTGCGGCAATGGGCTGGGAGCAGAAGGTAAAGGCGCATCCGCCTTTTCTGGCCAGAGCAATGGCCAACGCGTCACCCGATACTGACTGCATTGCCGCAGAGACGAAGGGAATATTGAGAAAATGCTTCGGGCCGTCCTTCAGCTTATAGCGGCCAAGAGGCACCCGCAGGTTCACATTACTCGGCACATGCTCCTTTTTCGTCAAACCGGGT
CP129486.1_gap10	507978	509792	1814	TGAGCGCCTCATGCAGTGACTTGAGTCCCACAAGCAAAGGGCCCTCGAGCTCCATGAACGCCGCAACATGAATGGCGGTCGGAATCACGTCGTTCGAAGACTGACACATATTCACATGATCATTGGGATGAATGAGGGCCTTATCGCCTCGCGCACCGCCCAGAATCTCAATAGCCCGGTTTGCTATAACCTCGTTGGCATTCATGTTGGTCGAAGTCCCCGACCCCGTCTGGAAAATATCGACGACGAAATGCCGATCCAGCGTGCCATCAATTACCTCCTGGGAGGCTGCAATAATGGCTTCGGCCTTCTCCTTGGGGAGGAGCCCAAGGGCAAGATTCGCCACAGCGGCTGAACGCTTGATTATTCCTAAGGCTCGAATAAATGCGCGAGAGAATCGCAGGTTACTAATAGGAAAGTTCAACACGGCCCTCTGAGTAGACGCTCCCCACAACGCATCGTCGGGAACAGGCATTTCACCCATCGAGTCTCGTTCAATTCGCATACGCCCCTCTGTGATCACATAACGCCCAGAACTTACACCGTGTGCTGGTTCCGGGGGAGTCTCATATAGCGCGTTCCTGAGGCTAAAGAAATTTCTGAGAGCGGACGAATCTTACCTTAGGGTTGCTTGCTGTGTGCCGGTTGTGCCGAATATCAAGGCGCACCCTAACTACTTAAAACAACGTCGAATTCTATGTCTTCGAAAGATACTACAGTGGAACCAGTGCCCTCTGAAGTCGGGGAGCCGGCAAACGCCGAGGCAGCCAAGGCCCTGGGGGGGCCCTTTGCCGTCGAATTTCCACCTGACCCATATGTGTGGTCAGAAGCGCGTAAACTAGTCGCCGACAAGAACATCCGAGTTGAAGATCTCGCCACCTGCTGCGCCCAGGATCCGGCTATCGTGATGGAACTGCTCAAGGTTTCCAACGCCATGTTCTTTGCCGGCGGGAGGTCCCCCATTACCTCCACGAGAACCGCGATCGTTCGACTCGGTTCCGATGTCGTATTGGACTGCCTTACCAGAATAAAGGAGCGCCCGGCCTTAGAGAGTGAAGAGGTCTCTAACTGGTTCGAGATACATCGCAGCCGCTGCAAGCGCACTGCCATCGTCGCCCGCATGTTGGCCGAGGCGGTAGCCAAGCAGCTCAACGATGACTGTCAAGCCGCTGGACTTCTTATGAACATAGGCGACATGCTCGCCGTGGCCCACTTCCGGGAAGAGTACGTTAAACTGGCCGACGAGCACTCCCGAAGTGGCGTTAATTTCCGGCTGCTCCAACATAAGCGCTTCGATGTTGAGAAAACCGGACTCACCTATTTGCGACGACATGGCATTCCAGAGAACCTGCTCTTCGCAATTGATCGAGAAGCAGTTGCGCGCAGCGCCGAACGAGCAATCATGAAGCCGCTTTGCCTATCGGCAGCAGAAATGGTCGATGCATTCGATGCAAACCGATGGGAGAAGATCGCCCCGGGGCGCACCATCCCACCGAAAAGCGCGATTCGCACCTTACAACTCAACGACGCACAGTACCTGAAGGTATATGAGCGCGCTTCCGAGTACCTCTTTTCAGTCCGACTGCTCGAAGAGAAAAGACGTCGCGATGGCCTGCCATCAATAGAAGAGCCCCTGGGCGAAGCGACACCTGTTGCGCCACAGGAGGATGCCTCCCAACTCCAGAATGAGATATCAACGCTTCTCCAAGGAGCGATCGAGGAGGTGAGCGAGGCCGTTGAAACCGTAGTGGAGCGCTCCGCGCCTGAAGAGGCACCACAAACCGAAACACTGATTGCAACAGTGCCTACATCAT
CP129486.1_gap11	528539	530531	1992	GGTGTTCCCACCCTGCTACCGTGGGGAGCCCTGTATGCATAACGATTCTGGAGAAAGGTCCGTAACTTGCCCCCACCGCTTCCAGCACAGTGGGCGTACCTTCGATGTATGTGTTCATCCAGTCGATGAGGCTCTTCTCATTCGGGGCTATGTGCTGAAGATAGGCCTGGCCATCCAGTGTCGGGCGCGGTCCCTCCACTCGACGAAAGGTGGTCATAATATAGCTGTTCAGCGCACCGCCAAGAAGTGCCGGCAGTATCACTAGAGTCGCCAAACAGGCTACAGATCTAGAAACCTTCGGCGACCGAATACGCGATATCTCACCCAATAGCACGATTGACGATCCGATACTGAGTAGCAACCAAGTAACGTTGTACACCTTGAAGATAGTGTTCATTCGGTCCATCAGGAACACGAGTTCTGAGAACGCAATCGCGTAACCTGAGAGCATAACCAGTATCCCTCCGCTCCTTTCATAGGGCGATCCGTGTGGTGCCAAGGCCCACACCGCTCCCATCCAAGAGAGGCCTACACAGACAACGATTATCGTCCACGGAATCCCACTAACTCCCGACAGCACGCTCACCAACTCAAGCACAAAAGGCGGTAGGGCAAGCGCGATTCCTGCAGCTGCGGGACGTCTTTCAATCGCTCCGCGAGCAGCAGTGCTAATGAATGCAATCACCGCGAGAGCAATCCAGACCCCGAAGTGGCGCAAGATAGGGAAAAGCGAATTGAACTCGTTCTCTCTTACGAGACCCCAGTGAAGGCGTGTCCCTGAGGGCAGATCGGAAGCGAATAGCCCGACAATGAGCAGCGCGCCTCCGGCGATACCCGCTGCAATCGGCAACACGGCCTTGACCCACCCCTGGTCGACCTTCCTAGGTGAGTTAAGGAGTCTAACCAGCGCAAAAGCAAGCACGAGACCTATTCCCGCGAGAAAGTCCCATGTATTGATTGCAAACAGACTGCCCCAGACGAGTCCCACCACGACTGCCCAGCGCAGATGTAATCGCTTCGAACTATCCAGCAGCGGGATTAACAGCCCCACCAGACTCGCAACAAAGGGCAGAGCGATAAAGTGGGCATGCAGATCGGCAAACAGGAAGGACCAGCCCGGATACTCTGATATTGCTGGGGACCGTAAAAGGCGCGAAGTGGCCCAGAAGGTGTCGAAATTCAGCTCCTTGCCCTGGATCAACACCAGATGAATCCACTCCAGGTTGCTGCCCATTACCACTGATAGGCACAGTAGGAGTGCGAGCAGCCGGTTCGAAGTCAGCACAGAGCAGAAGCTCCACACCACGGCGGCCAGCAGTGCCTGCACGGTCACCACGGCAAGATTGTATGCAACAGCTGGCGTAACGCCGCTCAGCTGACTCAACCATCCAAATAGGAAGCTACCAAAATAATAGTATCCAAGAGGCCGGCCGGCCGCCCACGGATCCTCCGGAGGAATAGCGGCTCCGCGAGCGAAGTAGTGCAAAAATGCCGAGTCCATCGGCTTCTCGCCCCAGTATATCTCTGGTTGAAAGGCTCGAATGAGCAGGCAAGTGGCAAAGAAACTCAGGAACACACACGCCACGGAAAGTACTGCTCCACCCATATGTGGCATCTTTTCCTTGCCGAATGCACCACGAAGCAGAAAAAGAGCCGCCGCAGTTAATACGCAGGTAAACCACGAACTGACCGCGCCACCTTGCAAAACACCCAGCACCCCAGTAAACCACATGGAAAATGCAGGAATTAAAAGTCCAACGCTTAAAGCAAGGGCATGCGTACTCGATTGATCATAATCAGAGCCAAGGAACGCCTGTGCCAACCAACCGAGCGCAAGAATCAGCACAAGCCAGACGGTAAGTGCGACTATCCAATTAGGCCTATCGATGACGTTGGTTGACTCTCCGTTCGCGAGAAGAATCTCTTCCAAGGATGGCAGCGGAACAAAATCTTGGACATTGCGAACCCGCCGCACTATTTCATCTACTGAAA
CP129486.1_gap12	614507	617149	2642	GCCGCACCTCTCCAAGAGATAGCGCGGTACTGTAACCTATGAGGCAATTCAAGCTTCCAGAGGTACTTGATCCAGGCAAACGTGTAACGAATTCTCGTACTTCGTTATTCGGCAGGCTATGGAATCGTCACATAAACAGTGACTGCCGCACGATTCGCACCGCCGCTAAAATTCTCTCCTGCGGCGGTTAGGGTAACGGGATAAGTGCCACTCGCGACACCGGCTCGCCCTAAGCAGTCGCGCAAATTCACGGTGAATGTGAATGTGTTGGATGCCGACGGTACGGCATCGGCAGCAGCGTCGTCGAGCGGCCATAAGACTGCCCCATTCTCGGCCAAAGGGCTATCACCCGATCCAAGTGCCGCGGAGTTTTCACTTAGCGTAGCACTCAATCCGCTATAGTAGCCCGCGCAGGTAAACTCCTGTGCCACTCCTCCCACTATCGCACCGTAATGAAGGTGTCCCATGTCCATAATATCTGATGCTTCATAATCGCTCACCGAGCCACGTTGCGGTCGCCACATAGTAAGTGTCAGCGCTCCTGAGCCGGAGAGCACAATCGGATTTCCAGAGGAAGCACCAGCCGTGCTGCCCGACAGTGGATAGTCCAGCTCAACCGTTCCGAAACCGGCATCATAGGATTTAATGGCAGGCACTGTGATGAAATAGGGCGGAAGGGTGAATGTTCGCCTGCTTTCGACCGCTCCATCGGCACTCACCAACTCAACTACGTATACGTCGCCCGGGCGAAATTCAGCAGTGCCTACTCGCGGCTGAATCCCCGCAACCATGGCTTGGCCATCACGAATCGATTCGAGATTGGGGTATCCGCTGCCGTCAGCATTAAGATCGGTCCACAACTGACCTCGCAGACTGTTGTCAGATTCGGAAACGCCTGAGTACACCGCCGTTCCACCGCCATCGGCAGTGCTGCGGCAATAGAGAAGTGGTGAGCCGCAGACAACGTGTCCTCCGGTGATCACCGAGACATCTTCCGGAGCAATGGGGATGTAAAAAATGAGGACAAACTGATCCTCTCCTCCGACGACCGCGTCAATCTGTTCCGGGGTAAGGGAAGAAGCATTGATATTTAGCGTCTGCCCAAGGCCCAGATAGAGCGTTGTAAAGGGGGAATCCTGGGCCGTTGTTGCCGCTGACTCGGGGTCGGCATAATCAGGAACAAGATCCCCATCGTCATCTGGATCGAAGACATCGAGAATCCCATCACTATCGGTGTCAATGCCCCCTTCCTCACCCTCATGAATGCGCACTCCCCGTGTCTTGCTTGAAGAGGAAACAATTTGCACCAAGCCGCGAGACTGCACCCCTACGGGAACTCCATCAGCGGCCTGTGTAATCCGCTCCCTGGTATAAAATCCTCGCGCCACGTTTCTGCGTGGCCTTGCATAGCCGGGGTCATTCATCTGAATAACCCCAAGATTGACCGTTCCGGTTTCGCGGTCCCGACGCCCGCTGAAGGCCAGGTACACTTCTCCGCCACTCCCCGCTAAGACAGTCGGACCGTAATAACTACCGTCATCTGCGACAAAGTGCAGCGTCGCGTTTCTGAGGAAAGTTCTCGTCAGACGGTTAAACTTGAACCGGCCGGTAGAGCCAAGGGTACGCTGGACACTCTCTCCAGATGCGGAGACAAGGAGTGCACGATACCCCGCACCTCCATCGAGCCTGCCTTTGACGGTAATGTGGTTCTGAGCGTCAACGCGCGCGGTCAAGCCAGAAGCAAAGATCGAGAGGAGAAGGATAGCTGCAATCCGCTTTAAGTGCATAACGCCCTCCAAAGATACCAGGGACTATCTGTCGACCGTGTTGTGGGGAAGCTCAATCTGAAAGCTCCAACCTCTGTTTGGCTTTAATTTGGTGGTGAATCAGGGCTGTTATGCTTGGGCTTTGGGTACGGGAATAGAGTACCTTGTATCGAAGAATTGATAAGTGAAAACAAGCGCCCTATGATGGGCGATACTCGTGGAGCTTGGTATCGAATTAACCGCTACCATTGCATGGAGCCGAACCCGTGGCAGAAAAAGGTCGGGGAGTTGTCGGCGAGTTCTGGAGATACTCTGAATAGGTGCCATCGATGGCCCTTGTAGGACCGCTCCAAGCTGTGCCCGCACCGGCCCAGGATCTCTTACCACCCGGGCCCTTTTGAGCGCCTTTGCAAAGGTAGAATGCGTGCGTAGTTCGGAGCACTTTCTCTCACGTTGTAGGCTGGTTCACGCAATTTGCGGGTTCATCTAACAAGGCACCTCTGATGTTGATTTCGCGACTTCTCTCCTTTTCCCTTTTCTTTCTTTGCATTGCACCGATTTCAGGCAATGCCCAGATATATAAATGGGTAGATAAGGATGGCGTTACTCACTACTCGACGGCCAAAAGCGCCCCTAATGCTCAACGTGCAGAGCTTCCTGATATCATGCGCGCCGAAGTAAAACTGCCAAAGGTAACGAGCACTACTTGTGCCAAGCATGGGGGTGCAAACTGTGCTGCCGGTCCCGATGGTGACGGGTCAGTTATCTGCTACGATGGCTTCCGAGATGCCAGCCCCCGTTTTAGCTTCGTTTGCAGCGCGCCAAAACTCGAAATATCCGATGTAAGTGAGGTCCTCGGTGACGGATCCTTCTCTG
CP129486.1_gap13	663312	667379	4067	AGCAAAGTACGGAGATGAGATTCGAGCCACACCTGCGTTCTCTGGGTTCGCTCTCCTTGCGTGGCTTATTCCCCTGCTGTTCCTGGGAACCGGTGCGCTGGTACTCTTATGGTGGCTGTGGCGTAACCGCACCGATACGGTTAAGGAAGAGGCTGACCTCTGCGACGTTGCTGACTACGAGTCAGATGAACCGTAGCCCGAAACCCGCATGAACGAACCCACGATGCGATGGGAAGGATTCGATCCTGGTGCCTTGTAGAAAATGCACCGTTTCAACTCGCTGTTCTCACGGTTCTCTTTGTTCGTATAGGGAGAATGCGCCAAGAAAACGGCGACAAAAGTGACTTTTCTACAGAGCAGATCCTGGCCGGTGACCTCACTCGGCTATCAGAAGCTGTATGTCTCTTTGCAGCTGCTTCATCGAGGCATCTTCTACTCCCTGGTAGAATCCTCGAATTTGTCCCTGCTTGTCGATCAAGAGTACACGCGTGGTGTGCAGATCAACCTCCTCGCCCGAATCAAGCTTCAATGAGTTCGCCCGAAGTGCCCGAATCGCATCCAGCTCACCAGTCAGGAAGAGCCACTGCATCCCGTCAGCACCCAGCCGCTCGCCATATTTCTGCAGCGTCTCGGCATCATCCGTCTCGGGATCGACAGTAATGGACACCAAGCGAAATGATTCGTCAGTACGTTGTGTGATACCGATGGAAGAGAGGCGCCCCATTACCGCAGGACACACTGCGGGACAGGAAGTGAAGAAGAAATTCAGTGTCCATACCTTCCCGCGCATACTCTCACTTTGGAATGCACCGCCCGTGGCGTCCTGGAGACTGAACGCCGGGATAGTTCCGTATGTAGGTAGATGATCCGAGGAATGCTCCCCGAACTGAAGTCGCGCCAGAAAAGCGCCAGCAACAAGGCCAAACACCATGAAGCTAAACAAGGTGAGGCTTGTACCTTTGGAACGAGACATTTAGACAATACCGCGATCAATCACAATCATTACGAGCAGCAATGGTAGATACACCACCGAGACCCGAAGCAACTTTTTGGCATCTTGAACAGAGTGAGAGCGGAACAGGCGCACTCCGGCGTGCATAAAGTAAGCGCCAAGGATTAGAGCGGCGACTGTGTACTGTATCCCTGCGTTTTGGTAGACGACCGGCAGCAATGAAACCAGTATCAGCGCCAAGGTAAATCCAATGATCTGCCGAAAGGTGCGCACACCGTCCGGATCAATCACCGGCAGCATTTTGAATCCGCCACGTGCATAATCCTCCCGGTACATCCAGGCGATCGAATAAAAGTGGGGATGTTGCCAAAGGAATAGAATGCCGAACAGGATCCACGCACCGGCATCCAAACCGCCCGCAGAGGCCGACCATCCGCCAAGGATAGGCAACGCGCCTGGGATTGCTCCCACGGGAGTATTAAGCCATGTGATCCGCTTGAGCGGGGTGTAAACCAGTGCATACAAGAACGCCGTGAGCAGCGCAAGAATCCGGTCAGCAAATTCACATGATGAGCCAATAGAGTAGTCCCCAGCAGCACGCACAAGACGCCGCAGCCCAGGGCGTCCGATGGTGCTACGACTCCCCGCACCAACACGCGGTTCTTGGTGCGCTCCATAAGCCTGTCGGTGTCCCGCTCTATGAAGTTATTGAGCATCCCTGCTCCGCCACAACAAAGCGCAGTGCCAAGCAAGGTAAGAATAAGTTGCTGCGTGTCGATGGGACCCTGGCTTCCCAAAGCAAAGCCGACGAACGTGGTCACTAGTATCATCGACAAGATACGCGGCTTGGCCAGTTCAATGAACGCCGCAAGGGTTCTTTTCATATCGTCACTCAATATCAGGCGATGAGTGCAACAGTGTAGGCAAGGGGGGAGCAAGTTTCAAGTGCTCGACCGAGGATGGGGCGAGTTCAAATGCGCCTGCCATGAATGGCGTCTATGAAAACACTCCCGCCATCTGCGGCTGCTGCTCAAGCCAAGGTTTTCGGGCTCCTAGGGATATGCTGAATAAGTTCAGCGTATCCCTAGAACTCGCGCCGTAGCGGGCGGGTGATAAGGGCACGAACCGCCTCAATCGGGGTGATCCGCCCATCAACGACCGCGGCAACCTGATCGGTGATCGGCATTTCGATGCCATGCGTGCGGGCCAGACTTGAGACCACACGCGACGTTGCTACTCCCTCGGCCACCGAACCAAGGGAAGAAATAATATCGCTCAAAGCTTCACCCCGACCTAGGCGCAGTCCCACCTGGCGATTCCGGCTCAGATCGCTTGTTGCTGTCATTGCGAGGTCGCCCAAGCCCGAGAGCCCCATGAAGGTCGTCCCCTGAGCACCCAGCGCCTCCCCCAACCGCATTATTTCGGCGAGTCCGCGGGTAATAAGCATGGCGCGCGCCGAATCACCAAGCTGCATTCCATCGGAGATTCCCACGGCCAGGGCGATCACGTTCTTGACTATTCCCCCTAACTCCACTCCGAGTGTATCCGTGGAGATATATACGCGCATCCATTCTGTGGTGAACATCGTAGCAATGCGGCGCGCCTCGTCTTCATGAGTCGAAGCGGCAACTACACCAGCAGGCATGCGGCGCGCTACATCGTGCGCAAAACTAGGACCGGAAATGACCGTATAGCTCACGGTATCTCCAAGCACCTTGCTGAAGTACTGCAATGGAGTTTGCAATGTCGTGCGCTCAAGACCCTTGACCGCACTAACGATTGCCCTCGGTCGAAAGGTAAGTGTAGGGAGCACCTCAGACAGGGCAGCCGAGGGAAGCGCAATGAGCAGCGTACTGCAGCTCGATAACTCGTCGAGCGTACCCGTTGCCCTCATCGAGCTATGGAGCTCTATGTCGGTAAGACACTGGCAGTGCCGATGCTGCGCATTGATGGAAGACACAACGTCAGGTTGGACGCTCCAACCGATAATCTGATGCCCGCTCCACGCAAGGTGATTGGCTAACGCCGTGCCCCAATTGCCTAAGCCAACAACACCAATACGCTCTTTCATAGGGTCCTACTGCACCAGATCCGACGGGGTATCTTCATCTTCCCGCTCCATGAGCGGTGCGATTGCCGAAACCTTTTCCTCCGGATCCAGCTCAATAAGCTTGACGCCCTGAGTATTGCGTCCAATCACCGAAATGTCCTTGGCAAGAATACGAATAACCTTACCCGCTGATGTAATCAGCATAAGTCCGCTGTCATGAGCTACCGCCGCGACTCCTACCACATTACCGTTCCGATCGGTCGTTCTAATATCGATCACTCCCTTACCGGCTCGGGTTTGCACCCGATAATCCTCGAGCTTTGATCTCTTTCCGTAGCCATGCTCACACACAGTCAGCAGAGTGCCCGACTCATCGACCCGTTTATACCCCTGCAACTTCTCCTGACCGGCCTTGGCTATCACGGTCATTCCCACGACAGCATCTCCCTGATCGAGACGAATGCCCATCACTCCGCGAGCCGCACGGCCCATTGCCCGCACATCATCTTCAGTAAATCGAATTGACATGCCCAGCTTGGTAGCGAGCAGTACATCATCCGACCCGGTTGAGAGACGCACCCCAATCAATCGATCAGAGTCATCGAGCGAGCACGCTATCACCCCGCCTCGACGCGGATTCGAGAAGCTCATCAGATCGACCTTCTTAATTATCCCTGAGCTTGTTCCCATCACTACATAGCGATTTTCAGCGAACTCGCGAACCGGCAATATCGCCGCAACGCTCTCGTCCGGCCTCAGGTCGAGCAAGTTCACTAAGGCTCGTCCCCGCGCCGTTCGCGCAGATTCGGGAATCTCATACACCTTCAACCAGTAGACTCGCCCAAGTGAAGTAAACACGAGGAGGTACGCCAAGGTGGAAGCCACGAACAGGTGCTCTACGAAGTCTTCTTCCTTTGAAGCAGCACCGGTTACCCCCTTTCCGCCGCGTCTCTGCGCACGATACACGGACACGGGGGTGCGTTTGGCATATCCAAGGTGCGAGATGGTTACCACCATCTCTTCGTCCTCAATCAAATCTTCAACTTCAATATCAGCCCCTGCTTC
CP129486.1_gap14	669922	673321	3399	AGACGCGATCGCCCGAGCCGATGACGCCGCGTGAGGGATGGCCGCGGGTAACCCCAAAAGTCCAAGCGTTCGCGGCCCTCGATAATTCGATGCTTGCTCTGACTTATATGCTCGATATGAATAGAAGCTAAGAGTAAACTCTTCAACGAACATCTCCAGCGCAGTGCGTGAGAATAGGCTGGCCCGGTTGGGCTGCACCACGACGCTTTGTGCTCGAATAGAACGACAGTGCTCTCCGACTCTCCGCGCATACTGCCGCGGCAACGTATCAGCGTCATCTTCCTTGAGCTGGAGTAGAAGAATATTTTGGATCCCTGGCAGGCCGCTCGATCGTATCAGGTAGCTCTCATCCTCGGAGCTCCAGTCGGCGAGTCCCCGTTCAATTGTCGCAACTAATGCGCTCTTCTGGCGGGAAAGAGCCTGTCGTATTGACGGCGAAAGCCCCCGCCGTTCCGGCGCGAAGAGCACCACCAATAGATCACACCGCAGCTTGTCCGAGGCCTTGAGCCTCTGCACTTTCAGCTCCACTCTTTGATGCTTTAAAGTCATTTACAAATCTCTCTAAGTAGCCACAAACTCATATACATGAGGATGCTGCAAAAAGTAGCGAATTTCCTCAAGCCGGGCTGTGGGTAAGTCGATTTTCCAGTTGAGCTGGCTCAGGCAACGCCCTTGCTACGGCAATCGCGGGATTCCTAGCGGCTAGCCCGGACCTTACCTGAACTAGTCTGGAGCGCATCCGGAAATGCGCTCTGAGCAAGCCATGCATGGCTTGCTCGAACGCCGCGAGGCGTTTGGAAGGCCGCAAAGATTGGGTGTTTCGGGGCCCCTTCTTTGCGTGGCCGTTTTCGGGATACGTTCCGAAAGCTATTCAGAAATAGCTTTGAGGATGTGGGAAGTCAGTGCCACACAGCAAAGGACAGCGTCTTACGACACGGTATACGGTATGCGATCTACAAGTAAGTCGGACTACGAGCTGATCCTTTATGACATCCCCTCACCAAGTCCAGAACAGCTTCGATCGAATCTGCAGAGTAAGGGTTTCCATGTTCATGTAGTCGCTGATTTCGGGCAGCTGGTGTCAGCAAGTCAACGCATCGACAACCCCGTACTGGTAGTCGATACGGGAGAGGAACAGGATGAAGCGGTCCGCCATATCCGCCAACTCATCGACGAAAAGTCTCTCCAGGCCGTCCCGCTGGTGCTGATTGGTCGCGATGTAGATGTAAGTGAGCGTATTCTTAACCAGAGCTTCCCCGTTGCTGCTGCGGTGAGCCGTCCCTGCACCACCAATGACATCATTGAAGGAATTGCCTACGTCATCCGGACTTGGGAGACAAAGCGAAGAGACAAAGCTGCCGCGGAAACAGTGGTGCCACCCGAAAGCGTCACGCCGCAGCAAACACTTGCTCCTCAACACGCTCTCTACAAAGAATACACGAATGTAGCTGAGCTGCTGTTCAATCTGCTGCAAAAGAACAACCTCACCGAAAAGGTTTTCGGTGGTCACCTCTACCCTACCCTTTCGCATGAGGAGCGCATCCAACGGCTGGAGATCCTTCCCCAGGGCGCCGAGGGGGAAGCACTGCGGGTGGTGCATTCCGAGGGAGGCAAATGGACCCGCTGCCACCTGCTCCGCACCGCGTTTATTGCTGACCGCATTGCAACAGCCCTGCAATTTCCCGACAAACAGCGGCTGACCATTAAATCGCTCTGTCTCTACTTCGGTTGTGCATTTCGGGGCAAAGACCAAGATCTCCTCTGGCGTGATTATGCCAAATCAAACGCACAACTTTTGAGGAAGGAGATCTGCAGCCGAGTTAAGGATGGGGCGATGAAAGTCGCTATTGATCATCAGCAGCCAGCACTGGGAAACCTCCTTGCACTGCTTGGCCGACTGATTGGAGGGGAAGAAAGCATCAAAGAGGAGGAATCCTACTTAAGCGCCTCGCTGGTGATGGGGTGTGAACTTGCCGATCGCATTTGCTTCCAATCAGGGTTCTGGAGCCCCCGCAGTGCCTATCACCTGCTGAGGCGCTTTAAATCGGGCAAGCTTAATGAGCTCCACCCAATGATACTCGCCTCCCTGATGAAGTTCCTTTCTGAATCAATCGCCGCTTCACCCTCGGCACTCCTCCTCCCCAAGGCAATCCGCGAAGATCCAAAACTCCTGGAGGAGGCTCGCAAGCTGCGTGAGGAGCCCGTGGGAAATGGCGAGGCCAAGATTCCCCTCAACTCCCTGGAGCCCGGAATGCGGCTCTCAAGACCACTACGGGCCTTCGACGGGAAACAGGTACTTTCAGAGGATCTCGTTCTTGATGAAGATCTTATTATGCGTATATGGCAGTTGGCCGCAATTCGACCCCTTAACGCGCCTGTGATCATCACCAAGGAAGCATCCTCATAGAACGGTTGGCAACCCGTTAGTCTCGCCAGCCAGGCGAGAGGTTGCACTGCCGCTCTGTTCATATCACCATACCGCATCTTTATGTTGCAGAGCGCTTCGCACCCCTTCGGACCGGACGTGCACCTCATCGAGGTGGATGGGAAGTCAATATACCTGATCGGCACCGCTCATGTGAGCGCCACCAGTGTTTCTCTTGTCGAGCAGGTAATCCGCAGCGTGAATCCCCAGTGTGTCGCAGTGGAGCTCTGTGCGCCGCGCTACTCCTCATTGCGCGACCCAGAGGCATGGAAGAAGAGCGACATAATCAAAGTGTTTCGGGAGGGGAAGTCCTACGTACTCCTCCTCCAACTCCTCATTGCAAACTATCAGAAGAGGCTAGGCGATAAGCTTCATATCCGCCCAGGCCAGGAGATGTTGACCGCCTCGCGCTGCGCAGATGAGCTTGGAGCACGTATTGCGCTCATCGACCGCGACGTAAAGACGACCCTTCGTCGCGCCTGGGCCACTATGAGCATGTGGAGCGTCTTCAAGCTGCTCCTGTCTGCTCTCTTTGCATCAACAAAGGAGGATACGGTCTCCGAGCAGGAGATAGAACGGCTCAAATCAGCCGATGCGCTCCAAGACCTGATGGGTGAGTTCTCACGCGACTTTCCCGGTATCCGCAATGTGCTAATCGACGAGCGTGATACGTATATGGCGGAGAAGCTCCGCCGACTCCCCGACAGTTCAATTGTAGCGGTGGTTGGTGCCGGTCACGTTCCGGGCATGTTACACAAGTTACCTGAGCGCCACTCGATTGAAGCACTCGATAGCATACCACCACCATCTCCTGCGAGCAGGATAATTGGCTGGGGCATCCCCTTGGCCTTTCTAGCAGTGCTTGCCCTTGGCATGCTGTCAGCGGGCGGCCAAATGAGCCTGGCGATGCTCGAAGCATGGGTCTGGGCTACTGGGATCTGGGCAGCGGTGGGGGCGCTCTTAACCCTTGCTCA
CP129486.1_gap15	811647	815905	4258	TCTCAACTTTCATTCCTTGATCTGATCAAGAAAAAGTTTGCCTATCAACGCTACGCGCCTACGATGTGGGACGTCGATTTTCGCAGCGCGGTCGCGCAAGCAGAAATTGAGGATAGGGAAATCGATGGGCTCTTTTACAGCGTCCGTTTTGATGTGGAAGGGGGTGGAGACTTTACCATTGCTACCACGCGCCCCGAGCTGCTCCCGGCTTGTATCGCGGTAGTTGCTCATCCGGAGGACGAACGGTACCGCCACTTATTTGGCAAAAAGGCGATTACTCCGTTATTCCGTGCTCCCGTGCCTATCATCGCGTCGGAAGTGGCAGAAAAAGACAAGGGCACAGGCATAATGATGATCTGTACTTTTGGTGATCTTACCGATGTGCAGATTTGGTCACAGCACAAGCTGCCGCTCCGTCAGATCATTGGATTTGATGGACGCATCGCAGAAGCAACTTTTTCCCCCTCTGGTGATTTCACCAGCCTTGACCCAACCCAAGCGCAGAACGCCTATGCGCCACTAAAGGGCACCAAGGTTGAGGAGTGCCGCCGTCTGGTCGTGCAGCAGCTCAAAGATGCCGGTCGAATCGTTAACGAGCCAGAAAAAACCCGTCACTCAGTGAAGTTTTACGAGAAGGGAACCAAGCCGCTTGAGATTATTCCATCCAGACAATGGTTCGTGAAACTTCTTGAATTTAAGGAGCAGCTCGTCGAACAGGGCCGTAAGATTGTATGGCACCCAAATCACATGCGCATGCGATATGAGCATTGGGTAAATGGGCTCAACCAAGATTGGTGCGTGAGCCGTCAACGATTCTTCGGAGTTCCATTTCCCGTCTGGTATCCATTACAGGCAAATGGAGCCGTTGATTGGGACAACCCAATATTCGCTCCTGCCGAGAGCCTCCCGGTCGATCCCGCATCAGATGTACCCGCCGGATATACCGAAGCACAGCGCGGCCAACCTGGCGGATTCATGGCCGACCCAGATGTAATGGATACCTGGGCCACATCCTCAATGACGCCGCAAATCCAAAGTCACTGGATGCAAGATGGAGAGCGCCATCGTCGGCTATTTCCGATGGATGTGCGGCCACAGGCTCATGAGATTATCCGTACCTGGGCTTTCTACACGATCGTAAAAGCTTGGATGCATGAGGGGCAGGTGCCCTGGCATCACGCGGCGATAAGCGGATTCATAATGGACTCGGATCGCAAGAAGATGAGCAAGTCCAAGGGTAACGTAATTGTGCCATTGGCTCTTATCGAAGAGCATTCGGCAGATGCCATTCGCTATTGGGCAGCGCGCGGTCGCCTAGGCATTGATACAATCTTCGATACCAGCATCTTCAAGATTGGGAAAAAGCTGGTACTAAAGCTGTTTAATGCCACTCGCTTTATCGACATGCATTGCAAGACCCACGGAATGCGAACTCAGACATTTACTTTGAAGGACGCAACCTCGGATATTGATGTTGCGTTCATGCACTCATTGAAGGCTGATGTTTTAGAATGTGGTCGACAGTTCGAAGGCTATGAGCACTCCTTGGCACTACAAACTGCTGAGCACGCATTTTGGAGCTTCTGCGACAACTTCTTAGAGATAGTAAAGAGTCGAATTGATAATGAGAGCACAAGCAGCGAAGCGAGCCGCCGCTCGGGACTTGCTACCGCCAGTGTTGCGATCAGAGCCTTCCTACGTCTCTTCGCGCCAGTACTCCCTCATGTTACTGAAGAGCTTTGGAGCCGTTGTTTCGCCATGGAAAGTGACGCACATTGGTCGATTCATCGCAGCAAATGGCCACAGGCAGCGGAGTTTAATGAACTGCCGCACGGAGGCGATGATCTCGCATATCGCTTAGCAGTTGAAATTCTGGGTGTAGTGAGAAAGCACAAAGCACAGGCTAATCGCGGACCCCATACACCAGTGAGTCAGTTGTCCATTACCTGTACCGACTCATTACATGAAGTCTTGAAACGAATACTGCCGGAGCTAGCTGATGCGATTGTGATCCATCCGACGTGCATTAAGATTAGGCCAGACGCTGACGCCAATGCACAGGTTCAGGTTGAAGTGGAACTCGCCTAAAAATAGTTTCATAAGTGGCCCGCGCTTAGCACGAGCTGCATTTATGGCAACGCTTGGTCCTCGCCTGGACGGCGAGTGCACGCCGCGAAACCCTTGGTTTGAGGGATTTGGGATTGCACAAGCTGGACTCCGAACCGCTACATGCATACACAGGTGGAGGTGTGTGACCTCCTTGATCTTGAAAACTCTGCTAAACTACTGGCGCACTTTGCCCGCAGTATTACCGCCAAGACCGATTTTCGATTGGCCTGATCATAACGCGCGCGTAACGAATCCCTGACATTCCCGAAACAAATGGTACTCTGACGCCGTAACCACAATCGATCTCTTGCCTGACGCACTCTGATCTCAGCACGACGTGTTTTCAATGTATAAGCGCGTCGTTAGAAGTTCCTTAGAACCCGTTTCTGATCTGTGAAAAGCCCACCGTGATTCTTTAACCTCGCGAGTGTCGACGACCGGACACTCATGAAAAGCGAGTAACGAATCATGCGAATCAGTGCCAGCCAGTCCGTTCCTTTCTCGTCATTGGCCTTTTCCGATGGCGCTGCTACGCGCAACACACCACCCGACACCGCTTCTCACCAGCGGGGCGAGCCGGGCACGCATTCCGACAAGACACTCACCTTTGCAGATGTGCAGTCGGTACGAAATGCTTACAAACTCGCGGCAAAGTTCTTCGCCGGTTGTCAGCTCGATATCGGGAAACAGAAGGTCTCCCTATGCGAGCACTCCTTTGATGTAGGCTTGGTGCTCCTCCTCGCTGGCGAGCGCGGAGCTCTGGTTGTCGCAGGCATTTTGAGCAATGCGCTCTCTCTTCCCCTCAAGCAGGAGCGCGAAGCAGTCCACCGCACAATTCAACGTAAATTCGGCGATTCCGTAGCCTCCCTCATTCGCGCAGTCTCTCATCCAACCTCCGATCCGTATGCCTTAGCGGCGGCTCATCTCAAAGAACGTGGCAATGCCGCAGAAGGGAGGGATATTGCAACACTGCGCTGCTCCATCAAACTCGACCTCTTAGCCAAGGCTAATGAGTTCTTCAAAAGGGCGTCATCGGGCAATGGCGCAGAAGGGGAAGGCGGTGAGTTTGCTGGTGTGCTAAAGCGACTTGAACTTCCGCGGATTGTTGCAAACCTCGGACCTCAGATCGACCAATTTGTCCAGGCCGGCGTGTCCCCCCTATTGCTGGCTCAGTTTCTCAGTGAAGCGAGGCAGTTCACCTCTTTTGTGCTCGGGGAAAGCAGCGCCCAACGGTTGAGCGCCAAGTACGGTGAGCGATATGGAATTGGTGCGATCAACTCTCCTTGCGCCGACGGATCGCCGCTTTTCCCCTCGGACTTAGTTGCTATACGCCGAGCGGCCGAACTCAGTTCAAAATACTTTGAGCATATCGGGAGAAAGTGGGGACCTTATGAGACCATCCCCCTTTCCATGCATGAGTTTGAAGTCGGCACTCTTTTGATCATGGCGGGGGAGTCGAGAGATGTTGTCGTGGCGGGGCTCCTGCACGATCTCTTTGAAGGGTATGTACAGGGCCCGGACCTGGCGCTGTTGAAGTCTGAGGTTCAATGCCTATTCGGGGAACGGGTACTAGAACTCATTGAGGGAGTGACCGAACCACAAAAAAGCAGCCAGGAAGGTAATTGGCTGCAACGCAAGATGGTGGTTCTTCGCAGCCTCCATAGAGGAGATAGGGACCTGGCCTCTGTGGCCTGTGCCGCCAAGATCTCAACGCTCGCAGCGGGGAATAAGATGTTGTACTCGGGACGCCCATTGACTGAATGGTCTTCCGGCAGCTACCACGCAAATCTGGCACTATTCCAGGAGTATGCTCAGTTCTTCCGCGATAGAAATGTTTCCCCTATACTTTTGGAGCAGTTTGAACTTGAGATTCGGCGTTTCGAATCACATAGAGGCAAGTTTACCCTGGACCAACAAGAGGGCCGTGCGGCTAATAGTTAGCCTTAGAGCTGCCTCGACCAGTCGCGGTTACCACCGGCACTTGTTCTCGGTACTTTATCTGCGGTGTTACGATGGTACTGAAAGATAGCGGCATTACGAAGATCGTGACCGGAGGACAAACCGGTGTCGATCGAGCTGTGTTGGACGTTTGCCTTACGCTTGGCATCTCCTGTGGCGGCTGGTGCCCCAAAGGGCGATTGGCAGAGGA
CP129486.1_gap16	845675	848923	3248	GCGCTGAACGCGATCCCCAAATGGGATTTCATATGGTATTACGACTCGCCTCTCACTAAACAGTCTTGCCCGGCAGTGCAGTTCTATGAACGCTGATGAAACCGATATTGAGAAGCTCCATTCGGAGGCATGCCGCCAAGGAGAGCTCATTTACAGAGATCCCCGCACTGGTTACATGGTGATGACGAGAATAGCTCACCTCGCTCGCGGCTACTGTTGTGGCAGCGGCTGCAGGCATTGCCCATTTCAGCGCTTAGACTCGCGCGCACCGGATGTGCGGGCAGATACTGAAGACTGACCGGGAATGCTCAGGCGATCGTGCCCGTTGCGCAGCAAAAGCCCCTCCTTCAAGAGCTTCCCAATAGCCTGTTCAAGTCCCTGGTGGTCCGGCATGACACGCCGTAACGCAGAAACTGAAAGTGCTCCTCGCATGGTAAGGGTGCGCAGTATTGCCCCTCGCGTTTGGCGGAGCGAGCCCCTGAAAGGAGACTGTTTGCGATACGCTGCACTGCGCTGATTGATGCCCGGCGAAAGAGACTTAAGATGACTTCCATAATCCATAAGAGCGTAAAACCACTCTCGCGGATTACTGGAATCGATGGTTTGCTTCACAATGCTGTGCACCTTGCGCTCCAACACGCGCCGGGATCTTGGGAAGAACTCTTGGAGTATCGCCGATCGAATATTGGTCTCGACGAGCGGGTGCGATTGATTAAAAGCAAACACCATCACGGCCTGCGCCGTGTACTCACCGATACCGGGAAGCGCCTCTAATTCTTCAAAGGACCGCGGAACCTTGCCCTTGTACTTGACCTGCAAAGTTTGGGCGGTTTGGTGAAGGTAGTGAGCGCGTCTATTGTATCCAAGCCCTTGCCATACACTGAGCACTTCAGCCAGCGAGGCCCGGGCGAGCGCCTCTGCATTTGGAAAACGCACCAGGAATCTCCGGTATATGGGAAGCACGCGCGCAATCTGCGTTTGCTGCAACATCACCTCTGACACGAGGATCCTGTAAGGATCTCGTGTCGTACGCCACGGCAACCGGCGGCCATGCAAACGATAATAATCATAAACGAGGCGACGGAAGCTGGAGATTCGATGCGCGGATAGCTTCATTGGACTACAGCTCGCTTCGCATCCACGCAGTGGCGAGTGCATCGGCATATTCATTCCACAACCAGCCGTTATGGGCCTTAATCCACTTCAACTGAGCACCTCTGTGCGCCCGATGCAGACGCAACAGCTCCTGTACGAGCTCTAAGTTTTTTATAGGGCCGGATTTCCGCTTCCATCCGTTACGTTCCCATTGCGGAGCCCATTCATTAATCGTCTTCACGCAGAGTTCGCTATCACTGTATATCTCGACCTCGAGATCTGCCGGTATTGCGCGATAGGCTTGAATGAGGGCGGTAAGCTCCATGCGGTTGTTCGTAGTCGACTCCTCACGGCCGTGCAGTTGGAGTTTGATCTCTCCCTGCTCAACGTGCACGACACCCCACCCTCCCGGACCTGGATTGGGCACCGCGCTCCCATCGGTGAAAATGCCGCTCTGCGGTCCCGCCTGATAACGACGTAACACTTCCTTTAGCGTTAAAGATTCCGGCTGCCCGGGGCTCCAAGGGGTCATCAATTATCTCTCGATTATACTGTTATTTTAATATGTTATGCGGTTAGAGGCGCCCTACATCATGTCCGCCTTTGGGGTAGCGACGGCTCGAATCGCGAAAAGTTGCTGTTAGGATCCTCCTCAGCGCATCAAAATACGTGATAGGGATCCGTACGCCAATTTGGCAAAGTATTCAACCCTTTGAAATTACAGTTTTTCTTTCTCTATGACCACTCATGTGCTTCTTACCGGCGGTGCCGGATACGTTGGATCGATTCTGTGCGAACACCTGCTGGATGCCGGATATCGCGTTACGGTGCTCGACAATCTGAGCTTCGGGCAGCACCCTCACCTGCATCTGTGCGCCAATCAGAACTATGAGTTTGTGTTCGGCGACTGCCGTTCAGAGTCGCTCATGAAGAAGCTAATAGCCGGCGCAGATGTGATCTGCCCCCTGGCTGCCGTGGTGGGAGCTCCGGCATGCGATCGTGATCCTTGGATGGCCAAGGCGATCAACTTTGAAGCGGTGCAGCTGGTTAATAAGCTCAGGAGCCCTTCGCAGTTGTTAATTTTGCCCATGACCAATAGCGGCTACGGCCAGCAAGAGGGCAACCGCCCATGCACCGAGGATACGCCGCTTGAACCGATTTCACTATACGGCGAGACCAAAGTGGCCGCGGAGAAAGCAGTGCTCGACTCGCCCAACGCGCTCTCCCTGCGTTTGGCGACCGTGTTCGGTGCATCTCCCCGTATGCGCCTCGATCTCCTGGTAAATAACTTTACCTATCTCGCGTTTACCGAAGGATCTCTTGTGATCTTCGAGAAGGATTTCAAACGCAACTTCGTGCATGTGCGAGATGTTGCCGACTGCTTCGTGCACTGCATAAAGAACAGCACAAAGATGGCGGGGCGTTCCTACAACCTAGGAATCGACAGTGCGAACATGTCGAAGGAGCAGCTCGCTTACCGCATTAAGGAATACGTGCCAAAGCTGTATATTCACTTCGCCGAGGTGGGAACCGATCCTGATAAGCGAGATTATATAGTTTCAAATCAACGATTGCGCGAGGCTGGCTTCGAGGCGACTCGAACCATAGATGCTGGAATAAAGGAGCTTTTGAAGGCATTTCAGATGCTGCGTCGCAATCCGCTGAAAAATGTTTAACGGAGAGTGCGCGTGCCCTGCGGGATATCGGATATCAGTGCGGTCATCCTCGCCGGAGGGCTCGGCACCCGATTGCGCAGTGTCGTGCAAGATAAGCCGAAGGTGTTGGCGGAAGTAGCGGGACGTCCCTTCATCTCCTATTTGCTTCATCAAATCAGTTCGGCAGAAATCCGCCATTGCGTACTATGCACCGGGTACCTCTCCGAACAGGTGCGCGCCTCATTCGGCAGTGCTTTCCATGGGATGACCCTTGCCTACTCGGAAGAGCAGATGCTGTTGGGCACCGCGGGAGCGCTGCGTTTCGCGCTGCCGCTCGTGCAATCTGATCCAATGCTCGTCCTGAATGGAGACTCCTACTGCGCTGCCGACTTGAACGCATTTCTTTCCGCTCACCAGCAGGCCAAGGCAAGAGCATCGATCTATCTTACCCGTGTCAATAACACCTCTCGCTACGGATGTGTGCGAGTTTCCCAAAAC
CP129486.1_gap17	854977	858666	3689	GGGATAGTGCAGCCTCTCTCCCTCGTGTACGTGCATGGCTATGAGTTTCGAGCCGGACTGCATTACATTCGTTCCCTCACCGCGAACCCAATCGGAATGAATGTCATTGTTGAGAAGAACTCGCGCCTGTATGAGTCACGTATGCGGGGCTGGGTCGATATCGCCCTAGATGAAGGTGTGCGTTTCTTTGTTACCGCGCTCGGAAAGCCGGACTGGGTAGTCGAGAAGGCGCATGCGAAAGGAGCGCTCGTCTTTCACGACGTGACCCATCGGCAGTGGGCACTACGCGCACTGGAATGCGGGGTGGACGGCTTCATCTGTGTGAACAACAGGGCGGGAGGCCATGCCGGTACCCTCTCAATGCGGGAGCTTTACGAGTCCCTCTGTACGCTCGGTAAACCGCTGATTGCGGCCGGCGGAATCAGTACCCGCACCGATGTTATGGAGGCGCTTGCGCTTGGCTATGCGGCCGTACAGCTTGGAACACGCTTCGTGGCCAGCATCGAGTGCACGGCTCCGCCCGAGTACAAACAAGCGATCGTAGAGGCGGGGGAAGGCGACATTGTGACGACAGAGCGCGTTACCGGTGTGCCGCTCTCAGTGATACGAACACCCTATGTCGCGAAGGTGGGAACGACCGTCGGCCCGCTAAGCCGCTTCCTCTTTCGCTATCGAAGGACGAGGCATCTGCTCAGATTCCTCTACAATGTGCGCTCAGTGATGGCGTTCAAGCGTTCAATGCACTCAGGGATGAGCACGAAAGACTACTATCAAGCAGGCAAGAGCGTGAGCGGCATCGACCGAATTCTAAGCGTTGAGGACATTTTCTCTCAACTGACCTCTGAGCCCCCCTCTTCTCTGGCGGGATAAGGTGAAGGATGCTACTGAGTTAGTGCTCGACAAAACACGCAGGTACCTCTTATGACGTTCTTCCTTCGAATCATGATCGCTGCGATCTCGCTGTGCTCACTTGCTCCATCTATTTCCCAAGCAGCGGACCCCCAGCTCCCAATTCCGCCCCTAAAGACCAAGGATATTAAGGTGGTACTGCACACCAATACGACCAGTGAGAAGGGGGGCATCAACAAGGCCGTTTACTATGTGCGCTACCTGCTTGATCACTATAAACGCCTTGGCATACCCGCTACGGAGATATCAATGAGCGTGGTGTTTTACGGTGATGGGGTATTAGCTCTGTTTAAGGACGAGACGCTACTCGCCCGGATGCCAAAAAAGGGGCAGGGGAATCGCAGCCTCGCGGTGCTCAAAGAGCTTATGGCCGCCGGGGTCAGCATAGAAGCGTGTAGCGAGACAATGCAGCTCAGAAAAATGAACCCGTCTGATCTCCTTGAGGGCGTGAAGACCGTTGCAGGCTCCTACGTTCGAGTAGTGGACTTGCAGCTGCAAGGATATGCCTATCTTAAGATGTAGCAACGAGCCGCATGGACCAGCTATCGATTCGTGAGATTCTCTTCGACAGCTCAGAGTACAAGGAGGCCCTGAAGCTCCGTTATCAGGTGCTCCGCGCCCCGCTCGGACTCGAATTCTCAGCCGAGGAGATGGCTAAGGAACCTGTGTGCCTTCACTTTGCTGCGTTACAAGCCGGCCAAGTCGTTGGCTGCCTCTTACTCATGCCCCTCGATAGTTCACGGGTTAAGATGCGTCAGGTGGCTGTGTCACCCACATTGCAGCGTGCAGGGGTGGGAAAGGCTCTCGTTATATCTGCTGAAACCGCCGCGCAGCAGCGGGGCTTTAGAGAGATTGTTCTGCATGCGCGGGACACCGCTGTTGGCTTCTATGATCGACTTGGCTATGAACGAGTAGGGGAGCTGTTTCTAGAAAACACTATTCCGCACCTTCTGATGCGAAAGAGCCTGCCATGAACCACCCTACGATCCCTGCATTCGACACGGCAATCATCGGAGCGGGTGTCATCGGACTGGCAATCTGCCGGGAAATTCTGAAACGAGATCCCGCGCGAAAGGTCCTGATCATTGATAAAGAATCACACGAAGCGTTTCATGCATCAGGAAGAAACAGCGGGGTGCTCCACGCAGGCTTTTACTATAAGGCGGGATCGCTGAAGGCCCGTTTTTGCGTGCGCGGCAACCGCGCACTGCGCGAGTACTGCTTCGAGCGGGGGCTGCGGATAAATGAGTGCGGTAAACTAGTGGTGGCAACGGTGCCGGCTCATGTCCAACAGCTGAACGAGCTTCATAAGCGGGGGCTTGAGAACGGTGCGGAGGTCTCTCTCATCACGGAGGCGGAGGCTGCAAAGATTGATCCAAATGCTCGCACCATCGACAAGGCGCTCTTCTCCCCGCGCACCGCCACCGTCAATCCGAAGGATGTGTGTGCGGCACTTCTAAGTGAGTGTAGGAGCAGAGGCGCCACCGTTCGATTCGAGCATGCTTTTCGAAGCTACGCCGGCAACACGCTCACCACCTCTCGAGAACCCTTCCGGGCGGCACAACTGATAAACTGCGCGGGTTTGTATGCCGATGCCATCGCGCATTCACAGGGGGTAGGCCGGCGCTACACGGTGGTACCCTTTAAGGGGCTCTATCTTAAGTACTCAGGCAGCAGCGATGCCATCCGCACCAACATTTACCCAGTGCCCGATCTCCGGCTCCCCTTCCTGGGGGTGCATTTTACGAAAACGGTCGACGGGCAGATCAAGATCGGACCGACTGCAATTCCAGCCTTCTGGAGAGAGAGCTATCAGGGGTTTTCTCGCTTTCGACCCCACGAGGTACCGGCTATTTTGTGGCAAGAGCTCAAGCTCTTTCTTTCAAATCGGTCCGGTTTTCGCACCCTGGCACTTGAAGAGATCAGGAAGTACTGGAAGCCCTATCTCGTGCGGCTCGCCCAGCAGCTCGTCCACCAGATAGATGCCTCCGAATTCCGCGAGTACACCGCGCCTGGAATTCGGGCTCAACTTGTTGACCGTGTAAATGGCGAATTGGTGCAGGATTTTTTGATCGAGGGTAGTCGGGAGAATCTCCATATATTAAACGCCGTCTCTCCCGGACTAACCTGCTGCTTTCCTTTCGCAGAGTATCTATGCGAGAACTATCAGCTGTAATGAAGCGCGGTGAGCCAGCGCAACAGTTTGTGTAATGTTCAGGCTGAATAGCTTTTATGTGCATAGCATAAACCAGCTCTGCTAAGATGAGAGTCACTGTAGCATTCTACCGGATACATAATTCATTTGGCACTCTCACTTGTTCTTGCAACCTCCGGTCTTTTCGTTATCGCCGTTCTCGCGGCTGTGCTGCTTCGCGCCTTGCCCCAGGTTCCTGCGTTGCATTTGTGGCCTCATTATTTCGCACTAAGAAGCCGCTCTCGACAGTTACTGTCGATGCGAAGTCCCTCCTTCCCAGCGACCAAGCTCTCTGTGGAATTCTTAAAGGAACTTTTCTACCTTCGACCGCACCCCTCGTCCCCGGGTCTGGTCAGCGCAATTACCAATCACCACTTAAGCGTGCTCGGTGTACTCGCAAAGAAGCTCAATGCAACGGAGAGTAATATAACGGTGGTGCGCGTAGTTGAAGCGCTGCTGCAGGATAGAGGCCAGCTTCACCGAGCGCTCCTCGAGCTGGAGGAGCAGGTGGCCGCCCTGCGTAAAGAACCCTCTAACAAGGATTGGGCATTACGGGAGTTCGACCGCAAGCGGAGTGCTCTTGACG
CP129486.1_gap18	897843	898771	928	GCTCAACCACCTCGATCAGCACCTCCTTGGGGAGTGTCGAAGGCCGGAAGCGACCGACTACAAATTCAATGTTGTGCTGTTTGGATTTGACCAAACCCTGATCGAACTTGGAGGGAGGAGCGAAGCGCCCGTCAACACGCACTTCGGCTATTTCTAGAGAAACCGCCCGCTCAAAAACGTCTCGATAGCTGCCCTTCCTATTCTTTACGATCGGCGCAAGCAGGCGCAGCTGCTCGTCGCCGCACGCTGCGAGCTCGGCAGCGATCTCTTGAGCGCTCAATGCGGATATTTCTTGATCCGGATGGTCCGGGCAGTGCTGGACTCCTACCTTGGCGAAGAGCAGGCGCAGGAAATTATACACCTCACTCATTGTCCCGACTGTGGAGAGCCGTGAGGGTTGAAAGGTATGCTGGTGTACACACACCGAAGGCTGCACATTCTGCAGGGCATCTATATCCGGCTTTTCAAGCTCATGGATAAATTGCCGGGCGTATGGGGAGAGGCAGTCTAGATAACGGCGCTGGCCCTCGGAGTAAATAATATCCTTGGCGATGGTTGATTTACCCGAGCCGGACAGGCCGCTGAGCGCAACAATCTGTCCCAAGGGGAGATCTAGATCGATATTCTTCAGATTATGATGGCGCGCGCCGCGCAGTTGCAGCATGCACGCGGTGTTATCTTTCGGCGGCGAGGGCACTTTTGCCGGAGCAATCGAAAACCTGCGGTGTTGCAGCGTAGTGCTGAAGAACTCGGCAAGATGGGCCGCAGTGGCTGAGGCGCATTGCAGCAGCTGCCCAGGAGTTCCCTCGGCAACGATGCGACCTCCTCCGTCGCCTCCTTCGGGGCCGAGATCGATGATCCAATCGGCCTGCGAGAGCATGATTAGGTTGTGTTCAATACACAAGATCGAATGTCCGCGCGACCGGAG
CP129486.1_gap19	900887	903311	2424	TACCACTTTGGACGGTTTTCTTGCGCATAGCGGGAGGACAAGTGCTCAGCCAGTTTGCTCACTGACCACCTTGAGAGCGGTGCCTGGCATTGGGGGCATACGGGAGAAGCGATGTTGCACCAGAGCACCTTCAGGTAGTCAACGATGTCTGTCATTGAACCTACCGTAGAGCGGGAGCTGGTGACACGCGTACGCTGCTGGATTGCAACGGCTGGTCGTACCCGTTCTAGGCTATCGACGGCGGGTTTCTTTACCTTGTCAAAGAACTGTCGAGTATAGGGGGAGAACGTTTCGATGTACCGGCGCTGTCCCTCTGCGTAAACAGTGTCGAAGGCGAGGGAGGATTTTCCGGAACCGGATACACCGGATACCACCACCAGCTCGTCATGCGGGATAGAAAGAGAGATATCCTTGAGGTTGTTCTCTCTCGCTCCATATACATGGAGAGAATTCTTGCCATCCAAAACCACATCCTCTCCGCAAAAGAGACCTATAAGCGGTTTCAAACAGGTATTCATGAAACCACTTCTAGGGATACATTGAATGGGTTCAGTGTATCCCTAGAATCGCCCGTGTCTACGGAAAGCTAACGCGGGGTGATGTTCAGTGCAATGTGTGCGGGACGCTATTCAGCGTGCAGCAGAAGTGTTCGAATTTCTTCTTGAGTCAAGGCAGAGGTAAAGCGCGGTCGGCGAGGGCGACGGCGCTCCTGCGCAACTTTCAAGGCAGATACGGGCGGTTCGAGCCGAAAGGCCTCGGTAAGGGTGCGCATATGTTCGTGTGAGAGGGTGTTGTACCAAGCGAGGACGAGGGCGGAGGAAGCTCCAACGAAATGCCAGAGTCCAAGCGCAAGGGCAAACAGACTTAGTGCGAGCACGCTATCCATGGTGATTTCCTTAAGCTCCAATGAGGAGACGACCAGCAGTCCGAGCGCAATTGAACCATAGGCGAAAAGGGAGATAGCGAGTAGTGCCAGAAGCCCAGCCAGTCGTTTGCGGGTCAGCAAGCGAGCGAGATAGAGTGCGCTAAAGATCGATGTCCGTTGGGTCAGCGCGACTAGATACGCGACGAATAGCCGGGCCAAGGGGGCAAAGCTGGCGAGCACAATAAGAGCGAATACAGCGCCCGCAGCGAAGCTCAGAGGAAGCTTGTCGATGCCGCGCGGAATGTCAAAGTACAAAAGCGCCACTACGGTTACGCCCGGAGCGAGGAGGAGGAGCAGCAGCAGCAGAGCAAGTATTGATACGATAATCACTGCCGGCGCTCGGGCCACTGTAACTACAAGGGTTCTTGCAAGTCCTGGCGCACGAGATTCCGACTCTAAGGTGGCAACTGCGTATGCAGCTGCATATGACAGGAGAAGTATCGCGATACCGATAGACAGGAATGGCCAGGCCTCATGCAAAGCAACCCGAAGGGTCGCCAGAGCGGGAGCATCCAGCATTTTATGCATAGCGGCGATTACCTCTTCGCTAGGAAGCTTCCGAAGTTCAGCGCAAGCAAGGGCGATTGCTCCGGGGAGCACGAGCAGAGAGGGTCTTTGTGCAGCCGCCCGCAGTGGGGCGCGCAGAGCCTCGCGCAATCTCAAAACGTTCACTCCATTAGGGCTGGTGCAATACTCCCAAGCTGCCGCGACGATTGCCGTGGCTATAGCTGGATTCAAGTGTTCGGGATCACACCGACATCAAAGGCCTATAGTTCAACAATCGTGCCAGCCCTGCGGCCGCTTCCAAGGGCCACTAGTCCCGGAATTTACCTTAATCGGATCAGTAGGTTACAGGTTAAGAGGAGGGACCTGTTATGAGAACCCTGTCAGCACGGGTTTCCCAGTCACATTGAACCGAGCGCGCAGGGCAAGTGATTGGCCACGAAAGTATGGCTGACGAGACTACGTAATTCTTGGGCAGCCACAGTGCGTTGGCGCGATGTCGCTCGCCGGGAAAGTGTGACAACATGAAAAATGCTCTTGGCGTCCTTTACAAGTGCCTAGTTGTCTTACGCATAGAAGACCAGATGAAAGAAACGTTACTTGTCATTTTTACAGCGGCTTCCCTGCTCGTTCATCCCCTTGGTGTCGCAGCGCAGGATAAACTTTGCTCAATCGCTGCGCCGGCTATAGCTGCGGCTAGTAGCATTCGAGGGCTCAAGCAGAAGGGGTCAGTCCCCTGTCTGATGCATGGGAAGGAGGAGGTAAAAAACTACCTCCTTACAACTCTCGAGACGAAGATTCCAAAGGAGAAGTTCAAAGGTGAGGAGGAGCTACTGAAGGGTCTTGGATTTATTCCTGCAGAGTTCGACTACAAGCAGGGAATTGTAGAGCTGTATTTGAGTCAGCTTGGCGGTTACTACGATCCGGACAAGAAGCACTACGTCATGGCCGCCTGGCTTCCGGCGGCTTTTCAAACCCCGATTGCCGTGCATGAA
CP129486.1_gap20	912250	915106	2856	CTCAGACGGCCTCTCCCGAATGAATCTTCAGGTGGGAGTTGATGGGAGCAGTAGTTCAAATTTGATGCTTTCAGGGGTTGATACAGGCAACCTGAGCGGTTCAGTAAAGCTTGGCCCGGGCGCGCTGACGCTATTCGCAGACTCGGGGACCTTTGAAGAGCTCTATGAGCACTATGGAGCAGAGCCGATTCGCGTTGCCGCAACCTCTTCCGACGGTCAGATGCGGGACATATATCTCTATCCCAATCAGCAAGCTACGGGCGGGGGGAATGTCCAGCTAAACTACCGAGTATATCAAAAGGTTTCGGACACCGGCGGGGTGGGTGCGCAGAGCGGAGCTGGCGCTGCCGGTGAGGTATTAAGCGCAGAGGATGATCTGGTGTATGCGGGTGGATTCAGCGCAGTTATCTCACAGGCAACTGGTCGCGTCGAATCATATTCAACTCCCGTCTTTACGTTGAGCTTTGATGGCGGGACGAGAAGTGGCAGTTATGTGCCGGATTTTTCCGGACTGGTTTTTGTAGGCGCCATATTTCCGACCGATGGCGAGGTCTCTTCTCTTGAAGCATCGGGGATTGAGTACGCGGGGGGTGCGCAGCGGGCGCTTGAAACTCTCTCTGTTAGATTAGCAGAGCTCTCCTCCTATGCGGGCGCTATTGGCGCGGTTTCTGCCCGATTGGAAACGGCCCTCAATGTACTAAGGGCAGCCAGAGAGAACGAGACAGCTGCCGAGGCCAGAATTAGAGATAGTGATGTAGCCCAAGAGAGTGCGAAACTCACCGCCGCCACGATCCTTCAACAGGTAAGCACGGCGGTCCTTTCGCAGGCCAACCAAGCGCCTGACCTTGTGCTCTCGTTGCTGCAACAAGCAGGCACCGATATTCGCCGATAAAGGCAGCGCCACGGGGCCGTAGACGGCTCAGAAATAGCTTACAGAAGTCGCTAGCCAGCGATTCGCTTGGCGAGCTCGCTCGCCGCTTTGGCATCGTAGCGACCCGCGTATGACTCCTTCAGGGTCTTCATGACAGCACCCATATTGAGTGATGGATCCTTCGATTTCATTTGAGAAATGATTGATTCAAGCTCTGTAGTCGAAAGCTGCTGCGGAAGAAATGACTCCAGCACCGCAACCTCTTGGCGCAGACGATCGAGGTGTTCTGCTCGCCCGCTCTTCTCGGCAAACTCTTTCTCCTCGGCTCTCTTCTTTAGCTCCCGTTTTACGATCTCAGTGATGACGCTTTCGGCAAGCTCTTCAGTCCCTTTCTGCAAACACTCGTAGTCGATGGCGCTCAAAATGCCGCGGATAGTTTCAACGCGCACCTGATCTCGGGCCTTCATGGCATCTTTAAGAGCGGTTTGGAACGTGGTTTTCATAGCGTGTGCCCATCTTTAATTCGTTGCTAACTTGTCTTGATATGACTTTACAAAACGTTCGAGCTTGCGGGTAGTTTCAAGACTAATAAGATGCTCAGTTTTGCAGGCATCGACCTCCGCTTGCTCGCCGGAGACGTTAAGCACCTCCAGAAAAAATTTTTTCAAGATCTTCTTTCGAGCGATCACTGCGCGTGCAAGAGCCTCCCCCTCCTTGGAGAGCACCAGAAACCGATTCTCATCCTCGACTACAAGGCCCTTTGTCTTGAGTGACTTGAGATTGGTTGAAGCACTGCCAGTGGTAATATTAAGGTGGCGTGCCACATCGGTCACGCGCGCATAGCCGCGTGAGTCCTTGAGCTCAAGGATGGCCAATAAGTGGTGCGCACCGCTGTGGGTGATGCTGTTTTCCTCGAACTGCTTCCAAACGTCTTCCATACTCGATCCCCGCTGTAAGAAAGTCGCCAATGGCCAGAAGCGTTCGACAGTAGCAGGAATAGTTTGGTACATCAATCAAATGCTTTTTAAATTTAGCAATTGTTCTCTGCTCATTTTAATGTTCGTAACGTAACGAGCGGCACAACAAGCAAACAAATTATCTAAAAAATTTGGCTAGATAGCGCTGTAATCAGGGGTTTGCCTGACTGGCCTTAGTAGAGGGCCTCTGCGCTGCAAAACCTAGCTCCTGACTGGTTTCCTTTAGGTAGCAATATAGTAGTCTGTGGCCGCTGTAAGGGTTTCGCGCAGTTGGAGCTGACACGTCATGATAAAGGCGGGCGGTATCGCCGGTGGCTATCATGGCGGCGCGTTGAAGAGAAATAGTGAGCAACCGTATCGATAGACGAGGAAATATGAGGTTCTCCCCCTGCATATTTGCGCTGCTCTTGCTCCTACAGCCTGCACTGACGAGGGCTCTTGAGAGCCCCGGTACAGAACTGCAGGAGGCAGGCATCACGCCGAATAGGGGCGCTCAGGTGGACACTACCCTCACCTTTAGCGATAGCAACGGCAGAAATGTGGCGCTTCGTGAACTGATGCTGCCGGCTCGACCCGTCCTCCTTATCCCCGCCTATTATGAGTGCCCGCGCCTTTGCGGGCTTTTGCTGGAGGGCACTGTGAAGGCCCTTAACGGCTTGGACTTAGTGCTTGGACAAGATTATTCGGTTATTACGGTGAGCTTCAATGCCGCCGAGACACCGTCTCTGGCAGCAGAGAAGGCGGCACAGTATCGCGCACAGCTCCTTCGCCCAGAGGGCGACGGCACAGCCTGGCACTTCCTGGTGGGGAAAGAGGAGAGCATTACACCGCTTATGCAGAGTATCGGGTTCCGGTTTTTGCCCGATCGCGGAGAATTTGCGCATGCGGCAACGCTCGTAGTGTTGACACCTGACGGCAAGATCTCTCAGTATCTCACGGGGGTTACATTTCCGAGCTTCGATCTGCGCCTTGCTCTTGTAGAAGCGGCGAAGGGCAAGATCGGATCTG
CP129486.1_gap21	931744	935046	3302	TCTTCGTGCGCTGAATCATGGGCTCTTCGCTTGGCGTTACCGCGGTGCGTTCAAGATGGTAGCCGATGTTGTTGTAGAGAAAGGCGCCCCAGTCGAGTCCGGCAAGGTACATAGTAGGGGCAAAGCATATGAAGAATCCCAAACTGAAATAGGTCATGCGCCGAACTGCTGTCTTTATGCCGTCGCACGCAGGCCAGAGCGCGAATACGATAAGGGCTGCAATTACGTAGAGTCGAGATTGCACGGACAGGGCAAAGAGGAGCCCCGCACAGAGATCGCCAAGCCGTGAGGTGCGTTGACGGAAGAATAGAAAAAGCGCAGCGGTGAGAGTCAGGAAGGTCAGTGAATAGCTCTTTACAATCGTCATCCAGGGGTAGAAGTAATTTGCGCTAAGGATGGTCAACACGAGGAGCGCCGAGAGTATGCGTCCTTGCGATTTGGCGTAACTATATAGAAGAAGCAGCGCGACTGCAGCACATAGCGCCGAGAGGACCCGTGCGGACTCCCAGCTCAGTGTTATGAGCGCGCCCCAGAGGGCATAGAAATAAGGAAGGACGGGCATCTGAGGGTAAAAAAAGTCCAGGTAGGGGAGCTGCCCCTGACCGACAAGTTTTGCGGCGTAAAGATAGAAACCGCCATCGAGTGCCACGACGCGATGCAGGGCGAACCAAGCCAAGAACAAAGAAACCCCTATTGCCACCAAAAATATGTCGAGTCTCTTAAGAAGGTTCATGCGACAGGCTGCTCGAAGTCACTCTTTTGTCGGAGCGTGAGATAGCGGCTTGAAGACTCCTTGTTGCACCTGCAGGAGGTATGTATTGCTCTCTTTCCAACGAATCCTGCCTAGACGATCGAATTGGACTAGGCCGCTCTCGCCATCATACTGGTCCTTGCGGATACAACGAGCGATCTGCTCTGAATCGAGCCCGCACTCCTCGATGGCTCGTTTTAGAATCATCAGCGCATCATAAGCCTTAGCCGAACCGAAGTTGGGCTCGCGATGTGCAAACTTACGAAAGCGCTGGGTGAATGTGGCGGATCCCGGAGCAAAGTACTCGAAGAAAATCACACCCTCGGCAAGCGATCGATCCTTGGTCACTACTTCATCATACACGATGTCGTTAGAGGTAAAGGTCAGCGGCGCGAACGCAAGGTCTTGTGCCTGTCTTAGGTACGGCGCGAGATCGCTATTGAGCAGCAAGAGCAGCATGACAGCGCCTACCCGTTCTTTCTTCAATTTGGCGATGGTGCTGCGATAGTCCTGGTGTCCCGGATTAAAGCGCAGTACTTCAAGCCGTGGCGCTGCCTTTGCATCTGACTCTTGCTGCAGCTGTTTCTTCAGTGCCTCCAGCAGCCCCAACAGGTAGGCATTTTCACTGACGAGAATCGTCAGAGAACTAATCTTTAATCTGAGAATATAGTCGACAATGCTGCGCGTTGCTGATTCGGGGGGAGGGAACATCGAGAAAAAATATCCCTGCGGTTTGAACAGATCGGGTTTGTACCCCGAAGGAGAGATCGCGACAGCCTTCATCGAGTGGGAAAGCGGAGCAATTACTTCGGCAAATTCAGCCCAATTGGGGCCGATAACGGCGCTCACTCGGTCAACGGTTACGAGCTTCTTGAACGCCGTAGTGGAATCTCGGAGCTCGGAGCGGTTATCTTCAGTGATAAGAACGACGGGTTTTCCGAGGATTCCGCCGCTTTGATTGATATCCTCGACGGCGAGCCGCAGCGCGTCATACTCGGCCGCTCCGCCCTCTGCGCCCCAACCGGAGAGGGAAAAAATCGCACCTACCTTTACCCGATTGTCGGCAGCAAAGCCTGGGGAGGCTAGCAGCATGCAGCACAAAACAAAGAAGCGTGGGAAATTCCACATGTGAGAGTCCTCAAGATTCGGCCGGTTCTATATGCACTAAAGCGTCGCGAATCGACAGTGCGGATTGGCAGAGGGCCTTGCGAACCTCTCGAGCTATCTCGTGGCCCTCGCGCACTGTTAAACTCCCGTCTACCATAACGTGAATATCAATCAAATAATATACGCCACTTCGACGAGCCCGGCATTTCTCTACCAGCGCGACTCCGGGAACCGCAGCTGCGATGAGCGCGGCCTTCTCCTCTATGGCTGGATGCACGGCAGCATCGAGCAGATCGGCAAGCGGGGTGCGGATAAGCAGGTAGCCATTTCGAGCTATTATGCCCGCTGCGAGGAGAGCGGCGATATCGTCGGCAGCCTCCCAACCGGGGCCGCCGATTAACGCCACCGAGATGCCTATGAACGCAGCGAGTGATGTGATGGCGTCCGAGCGATGGTGCCAGGCATCGCTATGTAGGGCCGAGCTCTCCAATGTGCCGGCGGTGACCTTGACCCGACGATACAGAATCTCCTTACTCACCACGACCAGCACCAGCACAAGAAGGGTGAAGGGTTTAGGTGCATGGTGTGGCACGATAATCTCACGCACGCTTTCCACGGCGACCAAGAAGGCCGCTCCCATAAGCATGATGGCAATGACGACACCGGCCAAGGGCTCGGCTTTGCCCTGACCATACGGGTAGTCCTCGTTGAAGGGGCGGTGAGCTGCCTTCAAACCGCGCCACACGATCAATGATCCTATTACATCGAGCGCGGACTCTATCCCGTCGGCAACGAGGGCGTAAGAATTTCCGAGGATTCCGGCAAGTATCTTGATAAGAGCCAGTACTGTATTGGTGAGTACAGCAACTACGACCACATAGAAGGCCTGTCGGGGAGGGCGATCGGCTGGCGGAAATTGTTGTTGCGCTAGAGCAGGCATTACACGGTCAAAATGTGCTTATAGGCGTTGAACCAATCACTTTGTAGAATGAGGGCTGGATCATATTTCAACTTAAGCTTCAGAAAGTCGGTGAATTGGGGGTAAGCGCGCGTTACCTGCCGTGTGGTTGCCCAGCGGTGGTAGGTCAGGAAATAGCGCCCGCCGTGATCGAGGGCCAGGTCGATCAGCTCCCTGAATTGAGCGGCTGCCCGCTCAATACCGGCTGTGGAATGCGTCACGTTGAGATTGCACACTATACAGACGCAGCGGTCCTTGGCCCAGGCCAGGAAGGTTTCCTGATCCTTTTCGATGAATCGTATAGTGCCGTAAGTCAGATCGGCTCCCATCCCTATCAATCTATCGCGGGCTGCTCGCAAGAAGTCAAACAACGCATCGTAGGGAATGTATACTTCGGTCAATACCTCCGTAGCGTTCTTATCCTGCACGGCTAAGCGATATGCATCAAAGAATGTTCCGGCGAGCTGATGACGGTCAGACCAATAC
CP129486.1_gap22	938098	939132	1034	TCCCCGAATAGGGCTCGTCTCATTGCGGGTGTCGTCGTGGCCGCGCTGCTACTGTTGGTCGGATTGTACCTCGTTGGCACTACTCCCTATATTAATGATGACGGATTCATCCATGCGCGTATTGCGAGAAACCTTGCTGATGCCGGGTACGCGTACTTTAATCTAGATTCCCCAGCCAATGCATCCTCTTCACCCCTATTCACCCTAATACTTGCGGGGCTGTTCACACTCTTCGGTGCGCAGCTCTGGGTGGTCCAACTTTGGAACGCTCTGATGGTGGTGAGCTTGGCGGTGCTGCTCTGGCGCCGGTTCCCCGGAACGGCACCACTGAGGTGTGCCATTGCCCTCCTTGCGGTGCTGAGTGTACTGCCCGCGGCCGCTGACCTGATGGAGACGCCAACCGCCATTTTGCTCTTTGTTGCGGGTGTGTTGTCGATCGAGAAACACGGCCAAGGGGCGCTTGGGCTGCTGACACTTGCAGCCTTCACGCGACCGGAGTGTGGGGCTGCCCTGCTTATCGCGCTGCTTTGGCAGAGCAGATCCCCTGGCGGCTCATGGGGCAGTGTGGTCCTGCCCCCGCTGATAGTTGCCGCGATGATGTTGGGCTGGCTCTATCTCCATTTCGGCGCGGTGATCCCTCAGTCAATCATCGCCAAGAGCATCGTGTATGAAATATCTCCACGGGTGTTCTGGGAGCATGTTTATCTGGCGCTCTTTGGCGATGAAGACAGATCCATAGTGGCTGCCTGTATTCTCATCGCAGTGATCGGAGTGCTGGCCTTGAAGTGGCGAGAACTACCGCGGGCAATGTTCTGGCTGCTTGGCGGCAGCGTCATAATCACCGTGTTCAGTTATCGGATTAAGTCAGTGCTCTTTTTTCCCTGGTATGCACCGCTCGTTTCAGTCCCCCTGCTGCTTCTCCTGGGAATGCTGGCCAGTCGATGCGGAAGAAGCAGGGCGATTGCCGCGATCTGCATCGTTGCGAGTCTCCCGTTCACTATCCCCACCTTCATGGAAATAGACGATGTATTGAG
CP129486.1_gap23	942854	944880	2026	CAGAGACGGGGCGGTTGTTTGCTGCCGATGTAGGGCAGTATCTGCATGAAGAGATCAACATCATAGAAGCGGGGGGCAATTACGGTTGGAGCATCTTAGAAGCAAATGAGTGCTTCGATCGAGATAGACCGCTTAGCCATGGTAATGAATGTGACACCTCGGGGCTGAATCTGATTCCGCCCATATACGCGTACGGGCGTCCATCGCCATTTCGTTTCGGCACCACCGCGATTATCGGCGGACATGTTTATCGTGGCTCAGAGATTCCGGCTCTTGAAGGGAAGTATATCTTCGGAGATTTTACCCATGGATTCATACGAACGTTGACTGAGGATGAAGAGGGCAATTGGCATGCCGAGTCGCTTTTTACTCATTTGCCCTTTTACCTGAGCTCCTTTGGCCAAGATCAGGATGGGGAGATTTACGTGGCCGCTTACAACAAGCGAGCCATTTATAGACTTAAGAGCATGCAATAATCGCTCGATTACTGCGAAAGCAGAAATAGGGCCAACAGGGCCAGCCCCACTCCGCACCACTGCGCAGGATTGAGGGTTTCGCCGAACACAAAGATTCCGATCACGACAGTGGCCGCTGTCGCAAGCAAGAGCCACGCGGTACCCATTACCGCCAGTTCATTCTTGTGCAGCAAGGCCGGCAGCCATGCGACGGTGCCAAGCGCATACACGCCGATTACCAACAGCATTGTCGGTAGATTGGGGGAGTTGGCCCACACTTTGGAGAGATACTCGCCGCCCGCAAAGAATGCGGCAGACAGTAAAAGCCAGAAGGGCGCAGGGATGCTCAGTACGTAGTTGGTCATAAAACAAAAATGGGCGCTCTAGTTATTATCCTTCCGCGGGGTATTCCCTCCGGTCGGACGAGCACTGCCGCCGATTGGAATGAACGTGCTCCCCTGAACTTCCTTTAGGATAAAGGCTCTCTCAATGGCGCCATTATCTAAGAAGCGGAATGATCCTGAAACTCCCCTGTGATGTTTGCCTGCATTGTGGAAATGGGGCCACAGGCAATCGAGGGAAGCGGAGCGGCAGCCGCGTAAAGCAGAGGCAAGCACGGTGAGACCGTCGAACACGAAGTAGGCGTTAATGGAGGGGCTCACTGCGTTGCCAAACTGTGCTTCGAACTGCTGTCGAAAGAGCTGAGATTGGCCATCCTCTGCCTCGGCAATCTGCGGATAGGTATATCGAATGCCGTTGAGCTCCGTACCAAACTCCTGAGGATTGAAGTTGCTCTCGATAATGTACCCCGAAAAGACCGCAGTTGCATCCTTCAGCTGGCGGCGAGCCCGCATAAAGCTCAGAAGCTCATCTTGGCCCAAATATACGAGAAAGGCATCAGTACCCTCAGATCTGGCGAGTGCTATTTTGGAACTCCATGGAAAGGTAGCATCAATGACGGCGTAGTCAGTGAGCACGGGCGCCGAGACGCCTTGCAGCCCTTTCGCGAGCTCCTGCATGAACTCCCCGGTAAAAGAGTCATCATGACGGAACAGAGCAATCTTCTTGAATCCAACTGCACGCAGCTGCCGCGCAAGCACGGCTGCTTCACTGCCGATCTGAGCAGAGAGGCTGATGATATACTTGGAGTCCGAGAGACTCGCTTGATCAAGGAACCCTGCCGAGAAGATCGGAACTCCGGCGCTCCGCGCCAGTGGAGCAATCGCCTTCGTTCCGTTGAGACATCCGGTGATTAGTATCCGCACCGAATCAAGCTCCAGCAACTTCTTCGCAGCGGCAACTGCTTTTGCGGAGTCGCAAAAGTATTCATCCTCGAAGATGAAATGGAATGACCCTGGATTCGACTTATCCGCAAGCTCAATGCCGCGGCGGATACCCTCACCCCAGACTGCCGTTCCACCGCTCAGTGGCAGGATTACCCCGATACGCGTTTCGGCAGGGGACATCAGAGGTATCAGCCAGGCTGCTACTATGAGCGGTACAAGTCGAATCATCTTCCTCTCCAAGTAGCGGTTAGCCAGCCACGATATCTTCCATCAACGCGTCCCTTC
CP129486.1_gap24	963509	967740	4231	GTTGATCGTCTTCGGTAAAGATCTGCAGTCTAGCTCGCTCAGCCGGGGAAAGCTCCTCTAGCCCCATCTCAAATGCGGATTGGAATGTCCGCCCCCAGCTCGATGCTTCCCCAGACAGGGGAAGGATCAGGCCGACACGCAGCCGCTGGTCAGCCAAAGCCGCAAACGAAGTGAAAACGAGGAGAACGAATGAGGTGATCGCGGAAAGCAGCTTCATGCGGGTCGCCTTTTCTATTACCGAGATAGTCAGCCGCAGCGGCACCTGTTCAGTGTAACCATGGAACTCGCCAGCAACTCCTCCCACCCTTTCTGACATCGTGGATTGGTCCGTCCAGTTGTCTGGCTTTGGCCAACCTTATACAACTATCGAACGTGCCGTCGCAAACTATTCCAAAGAAGGACCAGAAAATACGGCCCCCCAATCAGGGAGGTAATCACCCCGACTGGGATCTCATAAGGGGCCAGCACAATGCGCGCGAAGGCGTCACACCATACCAGGAATATACCACCCCCGAGCACCGACCCGGCCATGACCCAACGCGCATCAGCTCCCCACAGCAGTCGAAATAACTGCGGGATGATAATTCCTACGAATCCGATTGGCCCAGCGATGGCCACTACGGCTCCAATCATAAGGCAGGTAACAGTGAGTACGAGCAAGATAGTCGAGCGTACCGGCACTCCATGTGAGGCGGCAAAATCATCGCCGAATGCCAGCAAGTTCAAGCGGGGAGCAAGAGCGACGATAGATGCGAGACAGGCCAGCGCAATCAGAAGAAGCGGAGCGCTCTCCGCAAGCAGCACCCCCTCAAATCCCCCCATCAGCCAACGCGCTATCTTGAAGAGGGCATTAAAGTCGCTCAGATACTGAACGAGGATGATGAGACTGGAGAAGACGTAGCTCATCACGACACCGGCGAGGAGGATCGTGTCCGTAGCGCTGCCGCCGCGCATTCCGCTGAAGGCTCGAATCATGAGCAGTACGCACAGCGCCCCCAAGAATGACGCAACCATGCTGCCCGATAGACCGAGCAGTGCGAATGGAGCGCCGATGAGAAAGTAGAGAGCAACGAAGAACGCAGCGCCACTCGAAACACCGAGGGTGAAGGGGGTTGCCAGAACGTTGCGGAAAATGACCTGAAACGCCAGCCCGCCACCGGCCAGTGCGGCACCAGTTAGAAAAGCGGCGATGACTCTGGGCACCCGCATTCCCCAGAATATGTCATGGCCGACTGAAAGTTGAGCGGGCGCCACTAGCTCCGCCAGCGGAATCCTAGTGATCCCCACAAATGGGGCCGTCGTTACGCTGAGGATGCTCGCCAGAAGCAGGATGGTAAGGCGCTTCATTCAACTCCATACACGATTGGTGAGCCGTCCAAATCGTCTCTGCCTGTGCGAAGATTGCGTCCATACACCCGACGCCATGGAGCCGACTCAAGTATCGCTGCAGCGCTTCCGTCGAAGACAATCGATCCGTCTGCAAGGGCCATGATTCGGCTGGCGCTGCGAAGCGCCGTGGTCAGGTCATGCGTCGCTACAAGCATGGTCAGGTCAGTTGCCTCCTTCAAAGTGTGGAGTATCGACCAGACGTCCGCTTTGGTCACAGGATCAAAGGCGCTCGTGGGCTCGTCAAGGAGCAAGAGCTGCGGCTCCTGCACTAAGCAGCTTCCGATCATGGCGCGTTGCAGCTCGCCGCCGCTCAGCGTGTTCAGCTCCTGATCGGCAATGGCGCCAAGGTTCAAGAGGTCGATGGTACGTTCAGCGATATGGGTATCGTGGTGATCGAAGATCCATGTCGAGCGTTGCCTTGCGTAACGTGAGAAGAGAAGAAGCTGACGCACCGAGGCCGTGGAAGGGGCAGCAGTGTGCTGAGGGAGATAGGCGATGCGATGACTTAGCTTGGTGGCCGATAGAGTCCCTATGGCATCGCCGGCAACCGTAATGCTCCCCGTGAAGGGCTGCAGTCCCATCAGCGTCCTTAAAAGGGTGGATTTTCCTGCGCCGTTTCGTCCCAAGAGCGCAATCCATTCGCCGCTTCGAATCTCGAACGTTACATCGCTCAGGATAGGCCGACTGGGGTAGCCGCAGGTCAGCTGTTGTACCGAAAGCAGAACCTCACTCATGCAACAATAGGATCTCCTTTGCCACCTCTTCTCCGTGCAAAAGCCGTACGAAGTCACGCAGCAGCAGGTCGAATCGAGGACCCGGTATTGTAGCGTAGTCACTATCGAGGAGATACACCCTGCCCCTCTGCACAGCCGATAGTGAGGGGAGTTGTGACCAGGCCCGGCGAATTGCCTGCAACGTGCCCTTGGAGTCAGTCGATGGAGGCTGCACCTCGATAATTATTTCAGGATTGAGCTCTATTATGCCTTCTAGGGAGAAGCCAGAGGCGGGCGCAGTGACGCCGCGCATTACATTCGTACCCCGTGCTATCGAGAGAAGCTCGGAGTAGTAGCCGTCGCTCCCCGAAATGAACACATTGCGCAAGTTCCCCTGGGCGGACTCTCCGCCGACTACGATCATGACACTGGGAGCGTCACGCTGTGCGGTGACTGAGCGAACAGCTTCGATGCTGTGTTGCAATCGTTGAACGAGGGCCTCTGACTCGCGCATACGCCCGCATGCTTCTCCTAGAGCTCGGATTGAGAACAAAATGTCCTTGAGTGAACGGTGATCAAAAAAGAGCGGCTGAATGCCGAAGGAGGACAGCGCCCGTAGTCTTTCCTTAGACTCAATTAAGGCAAGTACGGTCGTGGGGCGCAGTGCTACGATTGCCTCCAGATTCGGGTCGAGGAGACCGCCCAACGCGGTCACTCTACGAATCTCCGGCGGATAGTGGCTATAGCGGGTTCGTCCCACCACATGCCCCCCCAGACCAAGCTGATACACGATCTCGGCGAGACTGGGTGAGAGAGGGATTATGCGGGAGCAGTGATCTTGCGCGGCAGCAAGAAGGGGCATAAGGAACGCTCCTATGGCCAGCATGCTCTGCAACAGGCAAGAGGTGCAATTCCAAGCGTGCTTCGTCGTAGTGTGCATCTACAGCTTCACCCAATTGGATTACATATCGACTCGAAGTACCGCGACTACAGAATATCGCCAAAGCGCACGGTCACACCGCCATATGCACCGATGCCCTGTTCGCCAAATCCCAACACCTCTTCGTACTCTTTGTCAAAGAGGTTCTCGATCCGAGCAAACACACTCACGGCTTTGCTGAGCTGGTATTGGGCCATAATGTCCACTACTACATAGCTGCCCAACTGCTCACGAGTTGCAGGGAAGGCGGAGAAGTCGTTATCCCATCTTGTTCCGACATAACGGGCGATTGTAGCGACGCTGAAGCTTGAGTGTGGAGTGTAGCTCAGTTCGACAGCCGCCTTGTTGCGAGCTCTGCGAAGGAGGGCGGCATTCGTAGTCTCATCTTCGGAATCAGTGTAAGTATGTGAGATGCGTAAGGAGAGCTGTTCGCTTGGGGCGAACTGGATGAAGGTCTCAAATCCGGCGCTGGAGGCTTCGGCGATGTTCTCGAAGAGAAACGTACCTGGGTCAAAACTGATCAGATCATCGAAATCGTTCTTGAAGTAGGTAAAGCCGGCGGAGAGCTGCTCATGCAGGATGGGCTGCTCGAAACCGATATCCCACCCAAGGCTCTCTTCGGCCCGCAGGTCAGGCCGCCCATAGCTTGAGTATCTCTGGTACAGGGAGGGAGCCTTGAATCCGCTGCCGATGGTGCCAAAAATGCGGGTTCCCGAAGTTGGAATCATGAACCAAGGTGCAGCGCGCCACGTGGTCTCGGAATTAAAGCTTTCATAGTCATCGACTCGAAGACCTACTGCAATGCCAAGTACATCCGTGTGATGAGTATCGAGTTGCGCAAAATACCCATAGGACTGCAGATCCTGACCGGTCAGCATATCTTCAAATGAACCAAAACTACTGGTGCCGACAGTAGCGCTGGCCCCACGCTCTTTTTCTGCTTCAGTTCCAAGCAATAGTCGGGCGGATTCAGTGAGTGTGATTGTCGATGTGAGGTCAACTTTGGTAGTAATCGCCCGGAAATCACTGTAGAGAGAATCGACAGGGTGTGCGTCATCGGGGTCATTTTCATCATCGGTATCCTGATGGGCATATGAGAAGCCCAGCTCAAACTCCGTACGTTCTGGAATAGCCTCCCATTTGGCAGCAACGCGGGAGAACAGCTGTTCATTTGTTAAGTTGCGATTTG
CP129486.1_gap25	980771	982292	1521	AACTCTCGTTGATCAGCTCTTTAAGCAGGGTGGTGTGTTCCGTTCAGGTGAGGAAGTGTCCGAACGGGTCATGGACAGCATGGACCTTGAGCGCGAACGGGGAATCACCATTGCGGCAAAGAATTGCTCCGTGATCTGGGGAGAGACAAAGATAAACATCGTTGACACCCCCGGACACGCTGATTTTGGAGGAGAGGTTGAACGGGCCCTTGGGATGGTAGACGGGGCGATACTGCTCGTGGACTCTTCGGAAGGGCCGCTGCCACAGACCCGTTTCGTACTTAAGAAGGCCCTTGAGCGGAAGCTTCCGATCATAGTTGTAGTCAACAAGATCGACCGTAAAGATGCGCGGCCTAAAGAGGTGCTCAATGAGGTGTACGATCTCTTTATAGACCTCGACGCGAATGATGATCAGATTGAATTCCCGGTGCTCTATGCGGTGGGTCGTGACGGCGTGGCCTCTCCAACGCTCGATGAGCGAGGGACCGATCTGAAACCGTTGTTTGACGCCATACTCGCCACTATTCCAGGGCCCTCTTATGACCCTGCCGAACCGTTCCAGATGTTGGTATCGAACCTCTCTTACTCCGATTATGTCGGGCGGCTGGCCATTGGGAAGGTAGTGCATGGTTCGGTGAAATTTAAAGAGGATGTGGTACGCATTGATAGGCAGGGCAAGCCGCAGCAACTCCGCATTACGAAGCTGCAGGTGTATGATGGCGTGCGGCTAAAAGAGGTGGAATCGGTAAGCCCAGGCGATATTGTTATTCTGGCTGGCGTTGAGCAGGTTGAGATCGGCGATACAATCTGTACCAAAGAGCGACCCAAGGCGCTGAAACGCATCACCGTGGATGAACCGACCATCTCGATGCGCTTTATGGCCAATACCTCCCCGCTGGCGGGCCAGGATGGCGAGTTTCTTTTGGCAAGCAAGATTGGGGAGCGCCTTAAGAAAGAGTCGCTGCACAATGTGGCGCTGCAAGTCGAGAGCGCAGGGGATGAAAGCTTCATCGTCAAAGGGCGCGGTGAGTTCCAGATGGTGATTCTGATTGAGACCCTGCGGCGGGAAGGCTTCGAACTCAGCGTCGGCCGTCCTAACATCATTCTCAAACAGCAGGGGGAGGTGATGCTGGAACCGATCGAGCATCTGTTTATCGATTGCGATGAACGCTTTACGGGTGCAGTGTCGGAGAAGCTCGCATCGCGCAAGGGCCGTATGGTCAACCTTGTGAATCACGGAAGCGGACGGGTGCGCCTCGAGTTTTCAATTCCGGCAAGAGGCCTAATTGGTTATAGAACCGAATTTCTCACCGACACCAAGGGCACGGGCATCATGAATTCGTACCTTTCCGGGTACGAGCCTTTTCGGGGTGAGATCACCTCCCGAGTGACCGGTTCTCTTGTGTCTGATCGAGCAGGCGAGGCGGTAGCATATGCGCTGTTTCACCTTGAGCCGCGAGGAGTGTTGTTTGTGAAGCCGGGTGATCAGCTGTATGAGGGCATGGTGGTAGGGGAGCACAA
CP129486.1_gap26	989173	993978	4805	CTTCGCTGTGTCCTTAAGTGCAGTTCGAATGCGCTTGTCGTTGATTGCCCTTTGCGATTCATTGATCACCTTGAAGCCCTCCGACAGCGCTTGCGGATCCGACGAGTTTCCATTGGAGGGCGGCTGAGTGCCGATTTCGGCGAAATGCTTGGGCAGGAGCTCCGGAACCTTATCAGCGAGAAATTCCGTGGTCAATTTGATGGGGGCGCTTCGCAGGGCGACATTACGCACACGGAAGTACATGGGCGCCAGCGCTTCGTTACCCCCAATATCTCGGGCGAATACCTGCATCTTAAGTGGCGGTGACTTGAAGTCTTTGGGCACACCAAAGAGAGCAAAATGGACCGCGGGGTCACTCTTGAACTCTTGCCCGAGCAGTGAGGCAGGGAATCCAATGAATTCTTTCTCCCCAACCCGGATGCCACTTTCGCGAATTTCTCCACTTATAATCCGGTAGAAAACGAGCCCCGCTCCGCCCTGCGAGACATTGTGTTGTGAAGTTAACACCTCAACTCGCGGCCTTGAGTAAATGATGCGGCTTGAGAACTGCTCTTCTGCCCCGTTGCTCCAAAAACTCCCGTCAAAGACTGATGCTTTAATGCGCACCGCGTCCTCGCGCATGCCAAGTTCCTTTGGGTTGAAGTCAATAGCGACCTCTTGGTTAAGCGGTTTGGGGCGGGGAAAACTCTGGCGAAACAGGTCGTAGCTTCGTCCCTGCTGCTCTGCCCGCACGGTGATCTCATCAATCCCAGCTCCCTTATCGTGAACCCTCAGTTCAAGGCGGTTATTGCCAAGTCCAAGCGCTTCAGGTTTCTGCACGAACTCAAGATCCGGGGGGCTCTTCTCGAAGAAGGGGATGTACTTAGTAAACAGATCGGGAAACAGGATGAATGCAGCGAGCGGGAGCAGGGGCAGAAGCAGCACTGCCAGTGCGAGGGGCAGGCCGCCATGGAGGGAGCGACGGAGCGCTGGGTGATGCATGCGAGAACCTTGGTGAGAATGTATATCCTCAGGCAAAATACGAGGCATTGCATATTTCATCAAGCTCTGATTGAGGAAATGAAAGAGGGTAGACCGAGGAAATGGAGACAGGGCAATGCCGGGGATTGCAGAGGATCCGATAGGGCGGCACGTTCAGGCGCGTCTCGGACGTTCAGCGTATCCCGAGAGGTCATTTTTTAAATGGCCGTCCATGGCCATGTAAAAATCGCTCCAAGCTCGGCGCGGGGCCCGAAACGCCCACGCCTCGCGTCGCTCCAAACGCCTCCGGCGTTTGCTGCGTCATCCCTGGCGCGGCTAGAAGCTATTTAAACAATAGCTTCTAGGACGGAGCAGGTCTTGAGGACAGGCGGGTTCTGCCACGGGTGCGGCTTCACGCAAATGTTCACTGTGAGCGAGCGCTCTGATGGTTGCTGCATAGCTCAAGGCAATCCGATGCCTTGCAGCCCTTCGGTTAAGGCACATAGCGCGGTGCCGGAGGGGATAGTCCTGATGCCGCTGCTCTCCTTAAGTGCGAGTGGAATCGTTTTGGTATCAGCGGCCACAAAATCAAATAACAGGTTTTGAAGCACTGTTGCCGTAAGGGCTTGGTGGTGGCTAGACAGCACCAGGGCGCTGCCCGTCGATTCAAAGAGGGCAGTCATGGACTTAAGGAGCGGCCCCACAACCTCTTCCAGATCCCAGCTCTTGCCCTTGGTCGGTCGGCTAAAACTTGGCGGATCAGCGATAATCACATCGTAGCGATTGCCGCGCCGAGCCTCTCGCTCGATAAAGGCTAATGCATCATCGCAGAGGAGACGCAGTTTTTCAGCGGGGATGCGATTCATAGCCGCGTTCTCCCTGGCCCACGAGAGCACTGCCTTGGAATTGTCTATGTGGGTCACCTCTGCTCCTTGCAACGCACAGAGAATGCTGGCCAGACCCGTGTAGGCAAACAGATTCAGTACCCGTGCGGGTCGCGCCTTCATTTCCGTAACGCTCTTGGTGACGAGCGAGAGCCAGGGAAAGTAGGAGAGGTGCTCGGGGAAGACTCCTATCTGACCGTTGTTCTGGCAGCGCACCAGGCAATGCACGCTGCCGAGCTGCATCTTCCATGGCTCGGTTGGCGCTCCGAGCCAATGTGTCTTGGGGGCATAGCGGGCAGCTCCGCTCCATGCAGCAGGACAGCGGCGTCTCCACAGCGCGACACTACAAGGGCGGGCCAGAGTTACCGGGCCTAGACGCTCTAATTTCTCACCCTCGCCAGAATCGAGCAGCGCATAGTCACTTGGGGTTGTCATGTTATTGGATTTCGCTAAAAGTACTGAGGGCCTTCATAGACACCAAATCAATCGGAGCCACATGAAGCTAACACCGATAAAAGAGTTCTTAAAGCTCGAGTCAGCCGGGGGGATCCTACTCGTAGTGAGCGCCGTGTTGGCGCTGATATTTGAGAACTCTGCCTTACAATCCGCTTACCATTGGCTGCTGCACACTGAGGTGGGGTTAGGAGGAGCACTTTCAAAACCGTTGCACTGGTGGATCAATGACGGTCTGATGGTGATCTTCTTTCTCCTGGTGGGACTTGAGATTAAGCGTGAGCTGCTGATTGGAGAGCTGTCTTCGAGAGCCCAGGCGATGCTGCCGGCAGTCGCTGCATTGGGAGGAATGCTGGTTCCCGCATTATTCTACCTGATTCTAAACGTCGAGAATCCAGAAACGGTGCGTGGCTGGGCCATCCCTGCTGCCACTGATATTGCGTTTTCGTTGGGGGTGCTGTCACTCCTGGGGAGTCGGGTGCCCCTTTCGCTAAAGGTGTTTCTCACCGCGTTAGCGGTGATCGATGACCTCGGTGCAGTTGTTATTATTGCACTATTCTACAGCGAGAATATCTCCTTGCTTTTCCTGGGGCTCTCTGCCGCGATTATGATCGTGCTTATCTCGTTAGGACGGTTAGGGGTGCAGCGATTGACCCCCTATATGCTGCTGGGCGTCCTACTGTGGCTATGTATCTTGCAAAGTGGCGTGCATGCGACGGTGGCGGGAGTATGTCTTGCGCTCACCATCCCTCTGTCGCCGAATGACAGCGATCGCTCCCCGCTCACCCGCCTCGAACATATGATTCATCCCTGGGTCGCCTTTGGCATTATGCCGATCTTTGCCTTTGCAAACGCGGGGCTCAGTTTTGAAGGATTAACGTTGAGCGCATTGCTCGACCCGCTGCCTCTTGGCATCGTGTTAGGGCTCTTTTTGGGCAAGCAGTTAGGTATTTTTGCCTTCTCTGGATTGCTGATCAGATTTGGCATCGTCCCGCTGCCCAGCGGAGCCACTTGGCTGCAATTGTATGGTGTAGCGGCTTTGGCTGGCATCGGCTTCACGATGAGCCTTTTTATCGGAGGGCTCGCCTTTTCGTCCGAGCAGTTACTCGTAGAGACACGATTGGGGGTCTTCGTCGGTTCGCTTCTTTCGGCGCTCCTGGGGTTTTTTGTATTGCGGATCTCAGGGAGCACAGTGAGGGAATAATCGTCGGCAGCGTTCTTGCTCAGGAGCGGTGCGTAGGGCATTGTGACTGCTAGGGATACGCTGAACTTATTCAGCGTATCCTTAGAAGCTACTAGTTTTAATAGCGTCTAGCTGCGCCAATAAATATCTGAAACACCTAATTTCGGATATTGATTGCGAGAAGCGCTCTACACATCTACCACTAGAATGCAGAGAGAAACATGTTGAGGCAGCGAGCGATAGAAGATGCACACTCCCAGCCCGCGGAGGCAGCAGCGAGCCGCTTCGCGATACTCACATTGCTGCTTGCACCGGTTATTGCGCTGGCACTGGTGTTGAGTTTTACAAGAAGCTCGATGAAGCAAGCCGCTCTCGCTGAAGAGGAGTTTTGGGGTGGCCCGCTGCCTCAAGGTATTCGCCCCATTCACACCTTTCGCACTGCGGAGGGAATGATCGGAGAGTTTGAGCATATAGAGAGTGCTTCCGAACTGCGCTTTGTAGTGGTGCCCCATGCGGAGCAGCAGAGCAGTGAGGGATTCCTTAGCGCGCTCAAACGTGGAGAGGTTTCGGGCTACCCCACCCTATTTGAGCGCTATACACGAGCCTTTTTGAATCCGCGACGGACCGGCCCCATCCACACCCACCGTCTCGAGATGCGAGGACGCAGTGTGCTTGTCGAGCAGGTAGAAGGTTTAAAGGGCTGGTTCTACATGGTGGCGGTCGTGCAGGGAACTCATGAAGTCATGGAGATACTCGCCATCAGAAAGGGCGCAGCAACCCCCCCGCACTATCTGCGTGAGGTGATTGAACAGAGCCCGCGTCTTCGGTCCATTGCGAGCAGCTCGTAGTATAGCGGAGTAGCTTGGAGCTCGTGGCGCTGCGAACACTTTGACGAACACAGGAGTGCGGTTAGTTCGGGTAGTAATTATCCCACATGGTGTTGCTAAAGGCGCTCCCATAGTAGCCGCTGTTTGCGGAGCTTCCGTGTGCATTTGGAAATCGACCGATTCCATCACTTGGGTTGCTGTCTAGAATGCATCCGCCTGCGCCGTCGTCGCCAAAGGTGACCCCATAGTTATCCATGCTCAAGGTGCAGGTGCCCCCGCCCGTGCAGGTGCTAAGCTCATTTGCCGTGTTGCACGCGGCCCCCGGATTATCTCCGCCCGAGCAGCTCCCCTCGGCGGGCGCGCAGGGATCTGGCTGCGTCCACGCGCCGAATTCGACCCAACGCTTCGCGTAATCGAGCAGATGTGAGTTGGGCCAGAGAGATTTTATTGACGGCATTAGCTCTACCGCCAACGCGGTGGCCTTATAGGGCATGGAGA
CP129486.1_gap27	1180071	1182073	2002	GTTGAGCCCCTGACGGAACCGCTGCGAGAAATAAGATGCCCCCTCTCGTGCAAAGGCGTTCTCAAGGAGGTAGTACATCGCGACTGAGTTCTCCATCTCGAAGATATTATGTCTCAAACATTCACGGATCTCCTCTTTACTGAGCATTGGAGCAGCGACGAGAAAGGCATCGGGAAGTCCGCGCATATCAATTTGAACAAAGTAGTTGGTCGTTTGACTCTGGGCAGTTCGGCATAGTGCATAGTCTGAGGAAGCCTCTCGATTTGCTTCAACCAAAGGAGCGAAGGCCGCATTATACTCGTGGTAGAGCTCTGCGAGGGCGTTGAGCACAACCAGTGGGTAATAGGTGGGCGCACTAGGGAAGGTTCTGAATGAGCGAAAGCCAGGTCGAGAGTGATCCTGCGGAGATCCAAGGTCCGCTTCTTGGACGATGCTACAACTTGTGTTCAAAAGGTCCCGAGCAGTGCAGCGTTCAGCTCGGTAGATGGATCCGTGAACAAATGACATCGGTTGCAAAAGCGGGTTTCCTGGTGTTTCAGGAACAGGTGCGGGCTGACCAGAGGAGAGAGAGTTAGAGTGCATAAGCCGTTTGTTTAAACATGGGTGTAGATGAGGCTTGTGCCTTCACGAAGTAAGACAAGGACAAGCCACTCGGATCGGATGCGTCTCAGGGAGATCAGCAACTATCCGAAGTAAATTCTATTGTGGACGAAATTGGTGGATCGGCCGGCGGCCAAGCGCGAGATGTTGGGCCTACGCCCAGAAGAGGAATGAGGTGAGGTAACTGGAATATGAACGAACTCTCATGCGGCTACCTTGCCAGGTCTGTACAGGGTAGTCAAGGATCTTGCAATAGATGTCAGCAGCGCTGAGATACGAGAGTCACTGCAGGATTATCCTTAGAGTTCTTTTGCGTTCGAGATTCTGGCGAGTAACAGCATGAAACTGAGTGAGGAAGGCATTGCAGCCATCCACAAGAGTGTCTGTAATTCCTGGTCGTATTCGCTTTGTCGTTCTGTTCTTAATATGCTCCACTCGTAAGGAAAAAGATCCGCCGAAGAGCAATAGGATTTTCTGGTGTTTCCTCGTAGAATGAGCTTGCTCCAAACACATGAATTATTCTTATTAAGCTTGTTGATAAGGTATGACTACGCACGCAAATAGCCCGCTTGAGAAACTGCGTTGGGCGCTCACACTTGCCTTTTTGATGGCCCTTCTTGCCGGCCTCTACTTTGTGTTCTTGCCGTTTCTTAAGCCAATCGCCTGGGCCATTATCGTCACTCTTGCAACCTGGCCGCTTTACTGCGCAGTGCAACGACGCCTCAATCAGAGCGGAGGGCAGGCTGCTGGGGTAATGACGGGCCTGCTGGCAGTGTTCCTGCTAGGCGTTGTCGTCCCGGTGCTCACTCTCTTGGCCATAGAGGTACGCGATGGGGTGACCAGTGGATTCGGCTGGATTAATACCCATCGAGAGGCGGTGCACGAAATGGCTACTGCGATCCCCTGGGTGGGCGAGTCCGCTCAGAAGGTGGTGGCTGAACTGCTGCCTCTTACCCCGCGTGAAGAGGCGGTGGACCAGGGGGATCTCATTTCGCTTGCCCGGCAGTATCAGGAGACAATCCTTCGTTATGTGGGGATGGCTGCCCGCGGCCTCTTTACCTTTCTCTTCCAGGTGTTGGTATTCCTGGTCACCTCCTATTTTATCTACAGGCATGGTCGAACACTCGGCAAGCAATTCACCTCCGCCCTTTCAAGGATTGGAGGCCAGCGTTTTGAGCGACTGCTGGGCGCAACGGTAGCAACGCTTAAGGGCACGGTGTATGGGGTGCTGGCCACCGCATTTGCGCAAGGTACTCTCGCCGGCATTGGGTATGTAGTCGCTGGGGCACCGACTCCCATTCTGCTTAGTGGCGCCACGATGCTGCTCTCGCTTGTCCCCTTCGGCACCCCCTTTGTGTATATACCGGCAGCGATCCTTGTGGCCGTGCAAGGTAGTTTGCTG
CP129486.1_gap28	1269547	1273939	4392	CCGTTGGCTTGGATATAGGCGAAGATAAAGGTGAGGAATATCAGCAGGAAAAAAGAGCGCAGGATGTAGAGCGTGCCCAGAATCGCCACCCACACCGTGATGCGTGTAATCAATGCCGGTGCATTCTCCCAGGGATTACTACTTCGAGTCGTCATAACTGCAACCTCCTCCTCGTCGAACTATTCCATGAAATGTTATGGAGAGGAAAGGTCGCCTTTGGCCGATGGTGAAGCGCCAGGGGTGCTTCCAAGAATGCCGCTTGGTACCCGGGCAGCATGTGCCAGGATGGCAACGAGCTCAAGTCGTTCGCCGGCCCGGAAGGGGCTTAGGTACTCCCAAACAACCGTATTTTCGGGGTAATCTCTAGCAGACGACCGGCTTCTGATTCGGCGATAAGGATATTCCCGTTATCGAGAGGCTGGGCCAGGCCGCAGAACTCGGTAAAGAACGGCAGCAAGGGGTCTGGTCCCTCAAACGTGCGCATGAGCTGCATTGTTGGGAACCGATACTCCAACACACGTGACCGTGATTTCTTGCCCAGATTGTCGAACAGCATGAGTTTTTGAGAGCCCGCCTCGATTCGCGCAAAGTGTTGAAAGCGAAAGTCGTCCTTGAATGTCCATACCGCCTTGTGTGTGCGCTTAGAGATGATCACGAGGGAATGGGTATGGCGCATCGATATGAGGTAGTCACCCGCCTGGACTCCTTCCGGAAGCTCCCTAGTGTCCGCTGGAATGACCTGGATGCTGTTCGTGTGCAGCGCATCGCCACGAAGAGGTTGACTGCCCAAAATTTCCCTTCGCAGGGGCGACCCTTCCAGGGCATCAACAATAGATATGCGTGCACGCTCCTCTCCTTCGGCAGAGAGGGTGACAATGTGCTCATCAAGATATGGGCCGGCCTGGCCCGTCGCTACTTCGCGGGTAAGCACCACAATGCTTCCGTCAGAGGCTACTTCTAGGTCGTGGTGTGCATGGTTAAGTCGTGCCCAAATGACGGAAGAGTCAGGTGCGAGCTTTACCAAGGCGAGCCCCTCAAAAATTGCGAGGAGCGCACCGTCAGGCAGCGCCTCGGCAAAGCGCCAATAGGTGGTACGTTCGACCGCTGGCGCGTCATCCGAGGGCCGCACTTCTGGGAAGATCTCGGAAAACTCCTTCCTCCAGCTGTGCACGACAGTACCGTCGGCGTCGATCAAGAGCGCTTCCGGGGCATGACCTGAGGTAAAGAGGGTCAGCCCGGGCGCCATCTTCGCCTTGTTCAGGATGCGCACACCCCCCTCCTGGGTCGCCTTACGATAGCCCGAGAGGTATCCCAGGGAGGCCAGCTCCTGCGCTTCGGCGGCAGTAGGGAGAGGGTCTGCGAGATCTTCCCGCAACGGACGGAACTCTTGGAACCGGGATTGAGCGGGTGGCGCTTTAGGAGGGCTCTTCTCGCGCGGTTCGCAGGCGGGCAAGATCAGTAAAAGACAGCAGAGAACCGATCGCATGCGTCGTGTCATCATTGCCCCGCCGGGATGCATCGCTGTCGAATCGACCCAGAAAATACTTTGGTTATTCACCATACAGTACAGTTCATAGTCCTCCCCGACCTGCAAGAAGGGAGTATGCGGCTGACCGTGCCCGATCTGTTCACGCGCGCGCTGCTCGGCGATGCAGCAGGTGCCGCATGCCGCATCCGAACTGGAAACGGTGCCGCTCCCTACAATAGTCCCGGCAGCAAGTGGCCTTGTACGTGCGGCATGCGCGATGAGCTCGCCAAAATGGAAGTGCATAAGAGCACCGCTTGGATGTCCCTGCAGCTTGCCATTTCTTAGGACCGTCAACTCCGCTTGGACGCGACCGTTTTGCCAGGCCGCGCCTAGGTACTCAGGGGTCACCGCAAATGGGGCAAAAGCGGAAGGGGGTTTGCTCTGGACGAAGCCGAACCCCGTGGCGGTCTCAATGGGCACAAGGTTCCGCAGGGTCAGATCATTCATCAGCAGCACGAGTACAATCCCTTGGAGGCAACGTGCGGGAGTGCTTCCCTGAGGGATGTGCGAGGTGACGACACAGAACTCGCCCTCATAGTCATAGCCGTATTGCGGATCGATAATGGGAAGTGCATCCTCGGCTCCGCTGAAACTGTCACTACCGCCTTGGTACATCAGGGGGCGGGTGTGGAGGTCAGGTGGAGGGTCGACGCCGCGAGCCTTGCGCGCGAGAAGTACATGCGAAAGGAAGGCGCTGCCATCGAGGAAACCCCAGCTACGGGGAAACGGAGCGGCGAGTGTGTGATGGCTGCAGGGCTCGGAGAAAAGGGGCGGGTACTGGCAGGCCTGTTCATACAGCAGCTTCAGTTGCGCACTCACCTCGGACCAACGCTCGACGATCTGCAAGAGCGAGGGACCAATATCGGCGGGAATGGGCAAGAGCGCACTGCCACAGGGCGAAACAAGGCAGGGTCTGCCATCAACATAATTCGGGGTGCGAATTGTCGCGAATCTCACAGATTGCCTCGGAGTGCTTGTTCCCGTTCTATCGCCTCGAATAGCGCCTTGAAGTTCCCGATGCCAAAGCCACGCGATCCCTCGCGTTGAATGAGTTCAAAGAAGAGGGTAGGGCGGTCCTGCAGCGGTTTGGTGAAGAGCTGCAAGAGGTAGCCCTCATCATCACGGTCAACCAGAATACCGAGCTCCTTTACTTTCATCAGATCCTGCTTTATCTCCCCGACGCGCTTGGGCACTTCGTCATAGTAGGTGGCAGGTACGCGCAAGAAGTGGATGCCCTGATTGCGCAGACTGGTCACGGTGGAAATAATATCATTGGTGCGTAAGGCAATATGCTGCACTCCAGGGCCCTGATGGAATTGCAGATACTCATCGATCTGGGATTTCCGCCTCCCCTGCGCCGGCTCATTTATAGGGAATTTCACCTTACCGCTGCCATCTGCCATCACGCGCGACATCAGCGCAGAGTACTCGGTGGATATGTCCTGATCCGAGAACTTCTGCATCTGTGAAAAGCCCAGGGTCTTGGCGTAAAAGTCCACCCACGGCTGCATCGCACCGAGTTCGACATTTCCCACGACGTGATCAATCGCCGTAAGGCCCGCGTTCGGGAGACCGCTGGGCACCTTGAAGAACCGTTCATAAGGAACAAAACCGGGCAAAAAAGCCCCCTTATAACTGCCCCGTTCTACGAGTGGATGTTGGACATCGCCATAGGTGCGGATCGAGGCCATCTTCACCTGGCCATGCTCGTCTTCAAGCAGGCATGGGGCTGAGGCACTTGAGGCGCCGCGCAGCATGGCTTCATGATAATAGGCCTCACAATGGGGAACAGTGAGGGCGATACTGTGCACGGTATCGCCATGGAAAAGTAACTGTGAGGCAATCGGGTGGCGTGGGGAAAGGGGGGAGGTGAGCACCAGACGAATCTCCCCCTGTGCCAGCACATAACTTGCGCTCTCGCGATGACCCGTTTCTGGTCCTCGGTACGCGATCGGTCGGAAGCCGAATCCCCACATATAGAAGTGGGCGGCCTGGCGCGCGTTGTCGCAATATATTTCAATATGATCCCAGTTAGAGATGGCGAGAGGATCCGGCACAGTCTCATTTGAGGTGCGTGTGTCAATCCAGCGAGAGGTCATTCCCATATGAGTACGCTCGCACTTTGGCAGCGCTCCCGCTCCAATAGCGGGCAGCTGTTCACAGGCAGTTTCGGGAGCAGGCACGGCACAAGGCTATGCCTACGCCGACGATTCTTGTACCGTAGCAACTCTTGACGTGTGGATGAAGCCGTTTTTCGAGGAATTGAACTGCGCATGTATGAGATATTTGCGGCAGTAGTTTTAGGGATCATCGAAGGTCTGACTGAGTTTATCCCGGTATCTAGTACCGGCCACCTCATTTTGGCCAACGAGCTTTTGGGCTTTACGGGCGACAAGGCGCACACCTTCGACATTGTGATCCAGCTTACGGCCATCCTGGCTGTCGTGTGGTTGTATAAGCAGCGTTTTAGGGAGTTATGCACCTTTGAGCATAAGACCAGCTTTAGTGGCTGGGCTGGACTGGCGCGACTTGGGGTGGCCTGCCTCCCCGCCTTTATTCTCGGCGCGCTGCTCCATGATAGCATCAAGAGCCTGTTATTCTTCCCGCTTCCCGTGGCCTGCGCCCTGATCGTGGGCGGAGTCATCATGATCGCCCTGGAGCGCAGGGGCAGCACCCCGTCAGTGCACAGTTTGGAGCAACTTACACTTCGCCAGGCTTTCCTGATCGGATGCTTCCAATGCATCTCGCTGTGGCCGGGTATGTCGCGTTCTGCCAGCACGATCATCGGAGGCTTATGTGTGGGGTTGAACCGTATTGTCGCGGCAGAATTTTCATTCCTCGTAGCCGTGCCAGTGATGTGTGCG
CP129486.1_gap29	1276386	1280623	4237	TCGAGGCTGAATACTTCCGATAGATTGAGCTGCTTGGAAATAATCTGGAGGATCTGCGCCTCTTGTGCGATGCCTATGCGCACCTTTAGGCCAAGAGTGAACTCAAGTTCACGCACGGCCGACATTTCAAGCGGATTAGCCATGCCGAGTGTCACGTCGCTCTCCGTGATTTCAAACGGCACTGCCCGCAGACCGCGCCATGTTTCCATGCCAACGCGACGAACGAGCGGATCATCCATGAGCAGCATCAACTTCTCGGTGTTGGCGCGCTCCACTTGGAGCACGGGGATATTCAGGCAGGTAGCAACCTTCTCGATAGCAGCCCACTCATCGAACTGACCCTTGCGCGCATAGAAGCTGATGGGGCACTCACACTCGGGAAGGGGAGAGTGGGCCAAGATATCCGGAGCAAGGAGCTTTAGCTTTATGAGGAGCTTGACAAGCGCCGCCTGCGACTCGGGCGAAATACGAATCTCTGACATAGCCACACCGAACTTCCAACACGTAACTCTTGATCCTCTCTGACAGCCGAGGAACTCGGCGGTGCAGGCAGTTCAAGAATTCCCATAACCAGTGCCATCATCTGTACTGGTTTCCCACAATAGGTCTGTCGGAACGTACGCATTCTGCCTTGAGGGATTGGGCTACAGGTGGTTTCAAAGATACCTTCTTGAAACTGCTTATAGAGTGCTGTGCCGCTGGCGAAGGCAAGAATTACCTAGCTGATTCAGGAGGTTGTGAACGCGAGGAGGTTACGGCTGAGAAGAGATACTGAACCGCGCTCACCGCAGGGAGGCTGTGAGTAAAGAGGAGAGATGAGCGACAAGACAGCCGAGTGATGATTAGCAAAAGGATTCTGCAGCCGCGTCGCGCGCTACACAACCCTTTTGCCGATCATGATGTTAAACCCCAGCTCTGCAACCAGATAAAACAATGCCAACCGAGCTTTAAACCTGAGCAGGGGCTCACATCTGATGGAGCAGGCCACGCGTCCATCCCGCGAAACTTCCTCGCGGTATCACCACGTAACGAACCGAACGGTGAACCTCATCTAACGGGCCAGCAAGCCTAGTGCTGTCTTGTTCGCTCAGCCGAGAATGAAACCCTCGACTCAACGCCCGTACATAGCCAGCTTACGCGAAACCCGGATCTAATGCACATGCCCCGCGGAGAGGTTCTTATCTTATTGATTTTATATTGGAAATAATCGGGGCCCAATTTATTGGGGTGGGCCTTTGGGGTGATCAGCGCAACAGGGCAAGGTAGCCTACTATCAGCAGCGCCCCCAAGATATCGAAGTACACTCCAGCCCGCCGCATACTTGCAGCTGGCACCCTTCCAGTACCATACACGATCGCATTGGGTGGAGTTGACACGGGGAGCATGAAACCGAAACTGGCAGCGAAGGTGACGGCGAGCACTAACAACGTTGCATCCTCCGCGAGCGCGCCCTGACCCAGGGTGGCGCCAAGTATGATTGGAATCAGAATTGCGGCAGCGGCAGTGTTCGAGGCGAACTCGGAGGTGAGAATCGAGATTACGACGACTACTGCGCTGAATAGGAGAAAATTCGACAGCTCTGCTTGAATCAGGTACTGGCCGATATCATGGGCTACACCGCCCTGATCGAGCAGAAGCCCCAGGGTAAGCCCACCGCCAAAGAGCATCAGCGTTCCCCACTCAACCTTGGAGGTTTCTTCCCAGGAAAGATGAGGCCTCAAACCACTCGCCGTTGTAACCGGCAGGCAGAAGGCGGCGATGCCGCCCATTAGCCCAACCACACTCATTGATAGGCGTGCATTGATAGTTTGCAACAGGCTGCTGTCTGGAAAGAGCGAGACCAGGGTGCTTGGGAGGACCCACAGGGCAACGGTGCTCGCAAAGATGATGGCGATCTGCAGTTCACCGCCACGCAGAGGACCCTGTGCGCGCAGGAGCGAAAGAAAGTGAATTTGTATTCCGGGAAATGAGAGGTCGCGCAGGGGAAAGCAACGATCCATGATCAGGAACAGTGCTCCCAGCATCAGCAGAGACAGGGGTAATCCTATCGCCATCCATTCGATGAAGGAGATGGTGATGCCTTGGCGAGACAGAAGGCTCAGAGCGATCAGGTTCGGTGGTGATCCCACGGGGGTGGCGAGTCCTCCTATGCTCGCGCTGAATGCGACAGTGAGAAGGAGCCTAGTGGCCATGCGTTCGCGAATCATGGGGTCGCGTACCTGATCATTTAAACTGGTCAGTATTCCCAATGAAATAGCCGCCATGATGGCCGTGGCTGAGGTATTCGAGATCCACATGCTTAGGGCAAAGCTGGCAACGCCTATCACCAGATTGACATTTCGAAACGAAGTCCCCGGCATGCAGCGCCCCAGCAGAAAATAGGCGATGCGCTTGTCGAATCCGTACTTGTCCATGGCCTGGCTCATCAGAAAACAGGCCAGGAAGAGGAACAAAATGTCGCTACCGAATGAATTGAAGGCCTCAGAGGCTGGCAGCACCCCATAGAGTGCAGACAGTACGGGCACGAGCAAGCCAGTCACGGGAAGCGGAAGAGCTTCGGTCAACCAGAGCCCTATTATCGAGAGGAAGATGGATAAGACGACGGCATGGCTGAGATCTAGACCGAAGCAGGCCAGGGGAGGGAGTACCAAGAGGGCTACGATCAAGCGCCATCGGATAGCGGGTGTGTCCGACATAACAGTGAGACTCGCCGATGATCTGAAAGTTATGAGCTCATCAGTCTGTCCAACATGATTGCACAAGCTGATCGCACTGACAGGTGGTTAAAATCAGCAACGCCATGAATTGGTTCGAGGAAGTAGTCGGCTCTATTAAGCAGTGGCTCGCTCATACCCCACCCGGTTCCAAGCATGAGCAGGAATGGGGCTGCGGGCTGCTGTCGCAGGATTGTCCGCATGTCAGCGAAGCTCGTGCGCGCAGCCCCGGGGCGTGCTGATGTGGCGATGAGCTTGGGGGGGGCACCAAATCGCTGCAACAGCTCCTGCTCTGCGTCCTGAAGTTTGGCCACCACCTGCACAATTGAAAGCGCCTCCTTCCTGTTTGGATTGTACGTTGCCCCATATCCCACCTGCCAATGCGAGTGGAGGACGGAGGCGAGTGTACGCATGGTACTTAGCGAGTGCGCGATAAAAAAGCTCTGCAAGCCAAAGGTGCGAGCGCTGCGGGCAATGTCATGCACATCAAGGAGGGTGAGGGAGGTGGTGACGACCTTGCCCTGCTTGTCGAGCATGTCGTCGTGCAAAAGGGCGACACTGAGATTGGGAATAATGTTATTCATCTGATGCCGTGTCCTTTGGCAAGAGGTCGGGCCGGAGGGCTTTGGTGCGGCGCTCACTTTCCGCGATGCGCCATGCTGAGATGAGCGCGTGGTTTCCGGAAAGCAGTACTTCGGGCACTCGCAATCCCATAAACTCGGGCGGGCGAGTATACTGAGGGCTTTCAAGCAGTCCCCTCGTTTGATCAGAAAATGACTCATGCAGCGCAGATTCGGCGTTGCCAATAACGCCGGGAATGAGTCTGGTTGTTGCTTCGATTACCACCATTGCTGCCACCTCTCCTCCCATCAGTACAAAGTCGCCGATGGAGATCTCTTCATCGATCGCGATGTCGATAACTCGTTGATCTACCCCCTCGTAACGGCCGCACACAAAGATTAGCTCCGGCGCGCTGCTAAGCTTGGCCGCATGCGCTTGCGTGAAGCGCCTCCCGGTAGCCGATAGGAGCATTGTTCTGGCTGCAGGGAGCTCCTTTTTGGCCTCGGTGATGGCTCGATACAGCGGTCCTGGCGTCATAACCATGCCGGGGCCGCCGCCATAGGGCGTATCGTCTACCTTGCAGTGCGGGAGCTCGGCGTAGTCACGTATATTGGTGACTTGGCACTCTAGGAGCTTACGCTCGATCGCCTTGCCGACGAGGCTCGTGGAGAGAAATCCGTTAAAGAGATCGGGGAATATGGAGAGGATGCGAATCTTCATGCTGACCCTCAGCAAGAGCAGTTCATCCTTCCGAGGCGATGTGCCCGACTGCCGGGATGGCAGTACAGCAGTTAGGCCTTCTTAGCCTTTTGGTGCTCTTTCCCGCCGTGGTCTTGCTGGAACCGGCGAGGCGAGCTTTACGCTTCTTGCGTGCGGCGGTTATCTTGCTTAGCTGGTGCTTGGTGCGTTCCTCCAGGAAGCCAGGGAGCTGTTTTTTGATGAGTCCGGCTACGACTGAGGAG
CP129486.1_gap30	1315006	1318756	3750	AACATCGCCTTGAAGCTCGTGCCGCTGCTATTCTCCCTAGCCCTTGTGCCGCTAGTGTTTTTGATCGCAAACGAATGCGATGGAAAGAGAGCCGGGCTTGTAGCAGCGTTATTGACCGCCGCTGCTCCGCAGAGCTTGTTGGTGTGGAGTACCAAGGCGCGCGGCGGATTCATAGAGATAGTAGTGATAGGAGCCCTGGCGCTTCTCATCGCTCTGCGCGCGCTTCGTGCGCGTGAGGTTTCGGTGCACTGTATCGCCGCCGCCTTTCTCCTTGGCCTCGGTTGGTGGGTGAATAATCAGATTGTGTACTTCTTTGCCCCGGTGGGATTGGCCTTTCTGCTGCGGATCTATCCGGACGGATTGGCCGCGCTATGCTCGCAGTTTCTGCGAGCGCTGTGCGCGTTTCTTGTGGGCAGCGCTCCCTACTGGATGTACAACTTGCAGAACGACTTTGCTAGCTTGGGTATATTGAACTCTGCACCGCCTGGCCAGGTCATGGAGCATCTCACAGGGGCGCTCACGGTGTCGCTTCCGATGCTGCTGGGTGCCAAGAATTTTTGGGATGAAGCCGACCTCTTCCCTTTCTCGACGATACTCGTTCTCTCTCTGTATGCGCTTGTGTTTGCTGTTGCGGTGCTGCGCTCCCTGGGCAAGCTCGGCACAATGCGGTCGCACACCCAGGGTGTGGCTTCGCTGCTGGTCCTCTTGCTGCCGCTTGGCGCGCTGGCCATATTTAGCCTGAGCCGATTTGGTTACCTCGTGCAGGCTCCCCGCTACCTTCTGCCCATTTACGTTGGACTGTATGTCTTGTTCGGAATCGGGGTGGCTCCGCTTTTCAGGCGTATGCCCAGACTGGCAACATCGTTGATGACCCTGCTTGTGGTGCTGAATCTCTTTTCGTCTTATCCGGGGAAACGCGCTATTCCCGGGGAACCGTTTGTGTTTGCCGGTCAGCGGGTGGCACGCGATCACTCCGAGCTGCTGGACTGGCTGCAGGAGCGCGGTATCGCTTGGGTGCGCACGAACTACTGGATTGGATACCGTCTGGCCTTTGAGAGTCAGGAAAGGGTGCGCTTTCGTGTTTTTCAGGCTCCGTTTGAAGAGCGCATCCCGGAGTATCGACTCGCCTCTGCCTCAATCCCGCTTGAGCAGATGCCGCTTATTCTGGTGCCAGCTCAGGCTGTTCTGATCGAGCCGGGGCTCGAAGCGTTGGGCATTGCCTTTTCGCGCATCGAGTTATCAGGGTATGTCGTGTTGTACGATTTAGCACGATCCACGGTGCCGATGCGGTCCCTGCCGAGAGAGGCGGTATCGATCGAGACCAATTTCAATTCGGAGGCTGCGTCACGGGCGATTGATGGCGATCGCGCGACTCGTTGGGGCAGCGCGCATCCGCAGGCACCGGGAATGATCGTACGGCTGCTTACCAATATCGATAATGCGCTGGCCAGAATTAACTACGATCTAGCTGAGTGGCCGCATGATTTCCCGAGGGGCTTAGAGATCAGAGCGCTTGATGCCCAAGGTGCAACCCATACGCTGCTGACCCCGCAAGCGTATGATGGGATGGTGTACTACTTCGAGGGCCAGTCATACTTCGAGTTCTTCTTTCCTGCCGTCAATGCGCGCGCGATAGAGCTTGTACAGACGGGGTCGCATACTCTCTTTGATTGGAGCATCGCGGAGCTTGAGCTCTGGGAGGCCGCGCCATGAAGTACGCGATGGGTCGTCGCGTTGTTCGTGGACTACTGGCCCTCTTCTTTCGCCGCATTATCCAGAGCGGCGCGCCCGTAGTCAGCGAGGGGCCGGTGTTGATAGTTGCAAATCATCCGAACCAGGCGCTCGATCCGCTGCTGTTGGTGCATTTATGGCATCGGCCTGTGTATTTTCTGGCCAAAGCGACCCTCTTTCGCGGCGCACTTGGTTTCATAGTGCGGCGCCTCAACATGCTGCCTATCTATCGCCGCCACGAGACGGCGGACATGTCCCAGAATGCCGAGACCTTCAAGGCAGTGAGCGCCAAGTTGCGCACGGGTGCGGCGGTTGCCATCTTTCCGGAAGGGACAAGCATCGGCGAGCCCAGGATCTTGCCGATGAAAACCGGCGCGGCACGTATTGCCCTGCAAACGCTGCAGGAGGGGCCCGAGGATACGGTCTTGGCCATCCAAGCGGTCGGTGTAACCTATGGGGACATGTATGCTTTTCGAAGTTCTGTCACCCTTACTGTGACCGAGCCGCTATGGGTGCGGCGCAGCGACTATCAGGGCCGCTTCGATTCGCCGGAGGCGGTGCGCGCCATCACTGCGTCGATTGAGCAGTACATTCGCACGGCAACGGTCGACCTCCCGGATCCGGAGCTGCGGCTCCTTACCGAGAAGCTCTCCTGGTTCTACGACGGGCTTGTGCCGGCGGATGACCGGGAGCGCATGCACAGGATAGTTGAGAACATTCTGGCCCGCTCGAACACAGACGTGCGCAAGTCCGGGATCCCGGAGTCAGAGCTAAGAGATTCCGTGCAGCGTCGAATTGATGCGTTAAGAGCATCGATGCGCGCACTAGGGCTGTGGGGGGGTGAGCGGTTGCATGAGCCTCTCACGCTGACCGCGCTGTTGAGCACGCTCTTGGCATTTATCGGCGCGGGTTTGTTCTATATTCCCTATACGCTCACCGGCAGGATCGTGAGGCGTAAAGCCAGTGAGCCGGTGTATGTGGCGAGTATGAAGCTCGGCTTTGGGCTCCTACTGTACGCGGGATGGAGTGCGATGCTGCTGCTTGCTGCTTTCCTGATGGGTGCTCGGGGGGTATGGAGCTACTGCTGGTCATGCTGTGCGTGGTCTTCCTCGCGGTGCACTCGATTCGCGGTATTGGACAGGGCTGGGTGACCATCGCCCGCATTATTCCGCGGCGGGCCGCAGCGTTAAAGGAGATAGTAGGGGAGAGAGAGCGGCTGCATGCCGAGCTCGAGGCGCTGCGGGTGGATTGAGCGGATGTTACCCCTTGTTCTCGACCCAGGTGCCTAGGATGAAGAGGTAGCCGACCTGATCCTTGAGGGGACATGCTCGGGAGGACATTTTCGGGACACCCATCGAATCCCACCCGTGCCCCGTGGACTTGGACACCCATAGACCGTCGCCCATGAACTGCCAGTCATCTCGACTAGTGACCCAAATTGTGGACCTAAATTGTGGACATCCACAAAGCCGGTATCATTCACCTCTGCCGACCGCGGTCACGGCTGGCTACCCTGACCCTAGGGGCGCATTGCATGGGTGTCCCAGTCTTGCGACTTGTGGGAGTAGCCCACCAATCCATACTCAGTCGTAGGAAGGCCAGCATCATCGGATGACAAAGTGAAGCCCCCAAGCGCGCGACGTGGATGATACCAGCCACCCCCCAAAATTTGCGCGACAGCACCGAACGCCCATTCTACCTAGGGATTGATCTTTTTCCGTGAAAGGAATTGTATTGGTGCCGAGCGGAGGTTTTGACCGACCGTCATTGAGTCAATTAAGGAACACTTCTATGAAAAATATTATAAAGAGTACGCTGCAATCATTGATGCTCATAGCGTTTGTTGGCGCGCTTTCACAGACGCCTCTGGCTGCGGCCGAAACCGCCGGTGAGATGGAGGAAAAGGCTCGCCAAGCATTAACCGAACTCTATGCATCCACACCAAGCGCGAAAGTTCTAGCGGATAAAGCAAAAGGAGTTCTCGTATTTCCTGAAATCACCAAGGGTGGATTCATCGTG
CP129486.1_gap31	1325543	1327568	2025	GAGGGATATGCGACGCATGAAAACTTACTCGTGTGGGAGTGTTTCAGAGCGGCACAGTGCGCACATTGCGGCAATGGCGCTGCCGGCTCTGTGGTTGTTTCTTCTCAATGTGGGCATCCTTTCGCTGTTCCCCAGCAACGCCGCAGCCGCCGACAAGCTGATTGTGGGGGTTTCCTTGCCGCTGTCGGGGGGTAACGCGAGTTTTGGCGAAGCCTCCCGCAAGGGCTTTGCAATGGCGCTGAAGGAAGATCCAAAAAAATTCGACAAGCTCGATTTCCGCTTTAGCGACAACTCCTATAGCGCATCCCAGGCAATTAGTTCTTTCAATAGCCTTGTTTCTGCGGAGAACGCCGATGTGATCTATATGTGGGGCTCTGCGCCCTGCCTGGCTACTGCCGCATTGGCAGAGAAGCGCTCACTACCTTTGATTTGCTTCGCCGGGGATAAGAAACCCGGGTTAAGCTACGTGTATGGATTCGTAAGTCCGTTTAGTGAGTACGCGCGCCCGCTCGCTCAGGTCATTAGAGACAGGGGCTTTGAAAGAATCGCAGTCGTGTATAGCGAGATCCCGTTTCTTAGTTCACTTGCCGAAGCGTTGCGAGTCCAGGTTGAGGCAAGGCAACTCGCGAGCTTCATCGGATTTGCCCCTACTGCTCAAGACTTTAGATCGTTGGTTCTGAAGTTCAAACAGCAGCGCGTTGACGCTCTTGTGGTTTTTCTGCTGCCGGACCAAATCGGTCCGTTCATTCAGCAGGTGAAAGAGCAGGGGATGGCTCCCGCATTGATCGGTACTGATACTCTTACCGATCCGACGGTGCTCGGCGTGATGCATCGTTAGTGCAGGGCGCTCTATTCAGTGACATTGACATCTCGGATGAGTGGTTGAGTGCCTATGTTTCGGAGGCCGGCTCAAGTCACAACGCGTCCTTTGCGGCGAATGCCTACGCCTTTGCCAACTTAATGGCGCATATAGCAAACAAGCCTGGATATCAGAGGGGCGCAGATCTGAGAGATTATTTGAATGGGACCAAGGCCGAACCCGCGTGTGGCAGCTGCAGTTATCATAACGATCCAGAAGTGGGCCAGTATTTCGCATTTCCAGTGGTTGCGAAGATTATTCGAGGAAGCGATTGGGAGCGCTATAGTGTCCCACGGCCAAATAGTGAGGGGCGAGTCGAGTATCCGCGACTGTGAGCCTAAGGAGAGGGAGATGAATCGATCGGTACTATGGGAGCACTTCTCTCGGCGGTGACGTGGAGTTTCGGCTGACTGAAGCACGAAGCCTGCGGGCGGCCGCGAAGCTGGGGCTCTTAGGATCCCCCGTTTCTGCTTGGCTCCCCACACTATAGGGCTTTCTTCTTGGCTGCGGCGGATAGAAGCGGGCCATCTATTCTATTTATGAGACCGCTTCTAGTAACGCCCCACTCCAATGGGCAGCACGAGGCTCACTAACAAGGCTGTGCAGGGCTTGTTGGGGGCACGAACCTCCATAGAGATAGGACGTTGGTCGTGCTGCACCCTAAAGACATCACGAGGGTTCACCTGCACCCGCTCGCGGCCATACTCGACCTCGAATGCACCATCGGGGGACCATAAGATAGATTCACGCCAGTAAGCAGAGTTGTCTCGACGTGCCGGTGGTTGGGGCTGCACAGTGCGGTAAACCTGCCCAAGTGGAACAGTTTGCACTGTTGCGTCAACATCAGCTCTAAATATCACATTGAAGTCTGTAACAGGACCATCGAGCAGCTTTGCCGAGACCGCTGCGGACCCCCGAATCTCGACACTTTGGAATCGCTCGGTCAGAGCATGCGACGTGCCGTCAATATTCAAATGGATACCTGCGCCTGACAGAAGCACTAAGATACGGCTGTACCCCTCGAATCGAGAGAATGGGCCATCTTGGGTCACCTGTGCCATGCTGAGACGACAGGCGAAGTTGCGTGCTTCAAGGCTCGAGTCTGTCGGCAAGCGAAGCAGTTCCGTTGTAGAGCCGCCACTCCATGGCTTTGTTTCGAGCTCGGC
CP129486.1_gap32	1343909	1344991	1082	TCTATTTCACTGTTGTCGGACCGAACTCTGAGGCGAGTTCAAATAATTATGGAGTACGCATAAGGAACGGAAGTCAGCTCAGAGCAACAGTGGGAGGAGCCCCGCTGGTGCGTGGAGTGACGGTTGTTTCCAATCAAGCGGTGTATGTACAGGGCGATTACAACGCGACCAACAGGATTCCGGCCGCAGTGCTGAGTGATTCATTCAATGTGCTGTCTCAATACTGGTTTAACAGCAGCACAAATGAGTTTCGCGACTCTCTCAGCACTCAGGTGCTTACGAATCGCCCTGCCTCAAACACTACGCAGAATCTGGCCATCCTCAGCGGTACAGACACTACAGGAGGTGTGGAGGGAGAGGGTGGGCAAGGCGGTGCCTACAATGGCGGACTCGAGAACTATCCGCGGTTTCATGAGAACTGGAGCGGGCGCACCTACACCTACAACGGATCCTTCGTCAGTCTCAACCGTCCGCGCCATGTGGATGGAGCCTGGCTCTACGGAGCCCCCCAATACACGGCGCCTAATCGTGTTTGGAACTACGATACGAGCTTCAATAATGCAGCCAATCTGCCGCCACTTACCCCGCGCTTCGTGTACTTGAGGCAAGAGCTCTTCGTGCGGGACTTCGAGCAATAAACGAATCGGCCTCCTGTGCCTTCCCACACCCTGGACTGGTGCGTGCCACTTTCGGTCTAAGTGTTGGCGAGCACCCTGCGCGAGCCCTTGGTGACCCGCAGAGTTCCATGTATGCTTCGGGTGAGTGCATATATTGGTCGACACTGATTCAGTATGACTACCCATCACGTTATTACCGTCGACGGTCTCGCAGCGTCCGGGAAGAGCACGCTCTCTCGGATGCTGGCTGAGAAGTTGGGTTACGTGCACTTTAACTCCGGCATGCTGTATCGGGTTATTGGCTGGTTGGCGATTGAGAAAAAGATTCCCTTCCAAGACGAGGAAGCTCTGCTGAGAATGCTCGCCGCACATGGAGTCAGTCTGCGAGCGAGCGCCGGCGTCATTGAGGTGCTTGTGAACGGGCAACCGGTCACGGCTGACCTTAGCACTCCGCACGTTTCACAA
CP129486.1_gap33	1373911	1377278	3367	GCTATTCGGGAATTCGTTGCTGGAACGTTTTCGCCCTTGGGCAGAGTATGTGAATACACCTTGACCGGTTTTCCGAAGGCTGCCTCAAACGGCTCGTGCGCATTCTGCAATATCGGCCGCTCAAATTGTTGCAGTGGCTCCACGTGGGTAGTGCGGCGGTAATGCGGGACTATGAAAATATCCGATCCGGCAAACCAGTCTGCAGAACTATCACCTTGGCGATTATGCAATGCGTAAAAGTCGCCCACATCTGCCAGCATGCGGGAGACCCCGTTTCGCACTACCTCGTCCTTCAATGAGGCGATTAGTTTCACTAAGGACCTGTTGAGTTCTCGCTCGCTCAGCTGCGTTCGCACTGGGGCGGGTAACTGCGGATAAATATGCGCAGTAATGTGCTTCGTTTCCACCAGCCCCTCAAACTGCTCGCGATGAAAGGACACCAGCTCCGAGCATTTCTCGAAACAGATGCTCTTTCTAGATTCGCGCCGCACCGTGAGTCTATCTTCGATTGCGCGCGTTCGCACATGCGAGGATTTCTTTGGGAAGATGATACCAAATCCCTCGAGCCACACGGGGATATCCCGCTCAATGAATGAAATAATTGCGGCGCTTAACTCAAGAAGCAGTAAAGAGGGCGGCAGGGGAGATGATGGAAGCGGCGGTGCATCGGCGGCGGAGGTTGATTTCACACTCACTGCAAGAACCTCGTGGAAAAATCGAAGTTACGTTTTTAATCCGACCAACTCACTAAGTAAAGAGAAGAAAGGATCGTCACAGACATGAATCAATGTTTGGAACGCAACTATGACAAGGATCTACAAAGCATCACAAAAGTAATGTCGTGTTGGCGACACGTTTTGACTCAGAAATTCTTGTCATGAGTTCGTCTTGAATATAGGTGGTTTCAAAAAGGTATTTCTGAAATCAATTCTAGGCAAACGCCGGAGGCGTTTGGAGCGATTTTTAAATGGCCATGGACGGCCATTTAAAAAATGACTTCTAGAGCGAACACCCACAAGAGCGCTCTAGTCATTTCTGCGAGGGGTGTGGAGTGCAGATAGTACCCACTACATTGCCTGAAACGGTCAATGATTGCAGGGCGCGCAAAACAGCGTGCCAATTAATCCTTACATCCGTTGAGCGCGATCGACACAACGCAGTGTGGGTGCAACTTCCTCCGGCTCGGAGGGGAGGTTGTGGCTCACACGTGAAACGATGCCGGTGGTAGCACTTCCGCTGCAGCGAAGGTTATCCAAGCACTTCTTTGACTGCGCTCAACAGGACATCCTTAGGCACGGCCCCGATAACACGTTTTACGACTTGGCCGCCCTTGAAGAAGACGAGATTAGGTATTCCACGTACATCGTAGCTGGAGGGGCTTCGCGGATTGTCATCCACATTGACCTTGACGATCTTGAGCTTTCCCGAAAACTCAGTTGAGATCTCCTCAAGCACCGGGGCGATGCTCTTGCAGGGTCCGCACCATGGTGCCCAAAAGTCCACTAAGACCGGTATTGAAGACTTCAGTACCTCTGCGTCAAAATTCGAATCCGAGATCTCACCAACACTTCCAGCCATCGCTATTATTCCCTAAGGAAGAAAAACCACACGATTCTAAACGGTTACGCGGAAGCGGGATTATTACCCGCCGTACTCATACTAGTAAACACCCTTCCTGCATTGGGCAATGCCTCCAGGCCGTTAATGTGTTGGTTTGTCCGGGCACGGCCATAACACATTGAAGTCACTAACTAATTTATTTTTCCAAACTCGGCTGGCAGAACCGATTAGTTTAAGGAACTTGAATCGAAGTGTCGATAACAGCGTCTAAAGTTTAAATCGCTTGAAGTAAAATCTATGTGCGCTCCGAATAGCAGTGACAGATGACGAGCCAGGAGACTGAACGGGGACCTTGGGGGACGATGCGCGAAGGAATGATGCTTCGCGGTAGGCGCGCTGACTTGAGCATTGCAGGTTGTAGGTGAGTGAACGGGTTAACAAGGGGCTGCACTATGAAACGGGCAACTCAGAAGGGAGCAAGATCAACTCCGGTGTTCTCTGTTGATCTATTTGAGGACGGGCTGGTGTTCGGGCAGCACCGTTTAGAGAGTGCGCAGCTATGGACCGGACTGCCGCTTGCGCTAGGGAGTGAGGGAACGGTAGCGCCCCTCCATAGCCGCTATTCGATTCGTCCTGACAACAATGTGTCGCAGTTAGAGGGGCACCTGCAAAGGCTGTCTCGGCTTGGAATACTGTCGAGCAGCGTGATCTTCTTCGGAACTGTGCACGACCCCATGTATCCATTCGAGGGTCGATTTGATAATGCGCTAAAGCTCCTGCAGGTATTTCAACGCTACCAGCCGGGTGTGCTTGTTCTGCAAACGCGTTCGCCGCTCCTCGTGATTGCGATGCCTGCGCTCAAAGCTCTCGCTGACAGATTGGTAGTTACGATCGGCATCGAAACCCCCGATGACAGCATGGCACGACGCTATACCCCGGCGATTCCGGCGGCGGAGGATCGCTTTAAAATGGCACGAACCCTCAAACGATTTCATATACCGGTGCATGTGCAGGTAAATCCGGTGTTGCCCTACGGGGACTGGAAGCGTGACGCTGCCCCTTTTGCCGCGTCCCTGATCGAATGCTCAGATGCAGTCTTCGTGGCGCCCCTATGCAATGGGAGCTCCAGCATCGAACGGCGGGTACGGCGAAGTCCGATCGGACAGCGCTTGGCGCTCGATCGAAAGTTTCATTGGCTGAGACCCGATGCCGCCGAACCGCTTCAACAAGCCCTGGCCATCCTGCGTCCGGAAAGCGCAACACCGGCACGGGCTATTATCGAGCGGCAGCTCAAACTCTTTGTGGCCTAGAAGCGGTCTCAAAAATGGAATAGATGGCCCGCTTCTATGGGCAGACAGGGCGCGCATCATATTTCGACTGGCCATTTCGATAAGGCTAACGCATGCTGTTCCATGGGAAAGTCCTCGGCATGATCGGGGCAAGCTGCGTTGGGGGCCTGTATGACTCGAGTTGCGATTGTTGGCGGAGCGCGAACACCATTTGTGCGCGCTGGAGGAGTGTTTGCGAACTACTCTTTTCTCGACCTGAGTGCCTCCTTAGTCAAAGCCACGGCAGAGAAGCTGAGTCTCGGCCCCAGGGAGATCGAGGAGTTTGTCTTCAGCACCGTATTGCTCGATCCGAGAGCGCCGAATTTTGCTCGTGAGGTCGTTTTCAAGTCCGGCCTGCCCAAAGAAACACGGGCGCACTCCGTATCTAACAATTGTATTAGCGGCTTGGTGGCAGCCACATTTCTTGCTGAAGCGATAGTGAGCGGACGCATTCGATCAGGGCTGGCAGGGGGCTGTGA
CP129486.1_gap34	1446674	1448550	1876	GATCGGGGGGATCTTGTCTCGGATGAGGTGATGATTGCATTGCTTCGAGAGAGGATGTCGAAGCAGGATTGTGCCCCTGGGTTCCTTCTAGATGGCTTTCCTCGAACCCTCCCACAAGCTCAGGCCCTTGATAGGATGCTCAAGGAGCTCTCCAAAGAGCTAACCCATGTCATAGAGATTGCGGTGCCAGAGCGTGTACTGATCGACCGGATTAAAAGCCGTGGGGCCTCTGGCTCCGGGCGTAGCGACGATACGGAAGAGGTTGCCTCAAAAAGGCTCAAGGTATTCTGGGAGTTAACAGCTCCGGTAATTGCCTATTATCGCGAGGCAAAGAGGTTAATTGAAGTGGACGGATTGGGAACCATAGAAGAGGTGGCTTCACGAATCCACGCAGTTCTAAGCTAGGGGAGCGCCCCCGGGAGGGGCAACAAAATAGGGCCCTTCTCTTGAGATAAAGCGTAAAAGTGGGTAATATTGCGCCTCTCTCGCAGGGAAGTTATAACTACCTGTTTTGACTCGCTATTTATCCTGGCGGGCTCATCTCCGGGCGGCTGTAGTCGGGCGTCGCGTTTTGCGCACAAGAGCTGTGCTGCAATGCGGTTGCTGGCCCGTGCCTAATCGGGATCGGTTCGTTTGGGATCGATCTCATTGTGCGCATAGAGTAGGCGAGTGGCGGGTCGAGTCGCAGGTGCTGTCGGGTGTGACATGCACGCGGGATCGAAAGTTTTTTGACGTTGTGGAGATTATAGTCTGTGAAAGTCAGAGCATCAGTCAAGCCAATTTGTGGTTACTGTAAGGTGATGCGTCGTCGTGGCGTCGTCTACGTGCGCTGCGCCCGTACACCGAAACACAATCAGCGTCAGGGATAGATGTATTGTTGAGACAGGAGTGAGGGCATGCCGCGTATTGCTGGAGTCGATTTACCGAGGAACAAGCGTGTGGAGCACGCGTTGCCGTATATTTTTGGCATTGGGTTAAGCAAATCTCGTCAAATACTGACCGAGGCAAAGGTAGGTTTTGATACCCGCACGGATAACTTGACCGAGGATGAGGTCGCGCGCATTCGCTCGCTCATTGAGTCGCGCGAGAAAGTCGAAGGAGATCTGCGCCGGGAGACAACCCTCGCTATCAAGCGTTTGATGGACATGGGCTGCTATCGAGGATTGCGGCATCGCAAGAATCTTCCGGTACGCGGACAGCGCACCCGTACTAATTCAAGAACACGCAAAGGACCGCGACGGGCAGCCATCGCCGGCAAACGCGCTGCACCGAAGAAGTAACTGATATTTGGGTTCCACAGGAGAACGTTTTGTGACTGAGGCAAAACCGACAACAACAACAACAGCGGCGAAGAAGAAGAAGGTCAAGCGCAACGTGCCGGTAGGAGTCGCGCATATTCACGCCACATTCAACAACACTATTGTCACCATAACTGATCCCGCGGGTGGGGTTATATGCACCTCGACGCCGGGGGCTAATGGATTCAAGGGCTCCCGGAAGTCCACCCCGTTTGCCGCACAGGTCGCAGGGGAAACCGCAGCGCGCAAGGCGCGTGAGGTCGGGATGCGCAGTATCACGGTCTTCGTGAAGGGGCCTGGCGCGGGACGTGAGTCTGCGTTGCGAGCGTTAGCTATGGCAGGGCTTAACATCCAGTTGATTAAGGATGTGACGCCAGTTCCTCATAACGGATGTCGTCCACGAAAAGGTAGAAGGGTGTAAGGGAGTAGCAGCATGGCTCGGTATATTGGTCCAGCATGTCGGTTGTGTCGTCGAGAAGGGGAGAAGCTCTTCTTGAAGGGTGAGCGTTGCTATAGCAGCAAGTGTGCAGTGGAGCGGCGCGAATCCGCCCCGGGACAGCACGGTAAAGCGCGATCGG
CP129486.1_gap35	1536744	1539731	2987	TCTCCTCTTCTCCGGCGTTGTGCTTTCCGAGGCGGCACCACAGACGGTGCAAAGATTGAGCGCGGTGGCCTTTTTGCTGGCAGTCTCTTTGCTTGTGCGCCGCTACCTCCCGGTCTGCTCCATTCGCATCCTTGAAGTGACGATAGCGGCTCTGATGCTGCTGTTGTGGATGTTTGCGCTGCTTTTTCTGCCCGATAGCATCGAAGCGTTCCACCTGCCCTTAGGGCTGCTGGTGCTGACCGTGTTCATCACAGCGCCTCCACTGCCGCGTGTTGCGGCAGTGCGGCTTGTGGCTTTTATACTCCTGAGTGTGGTGTGCTTGCCCATGGTAAGGCTTGCCCTTGAGCGGGACGCAACGTACGGCCCGGCCGCATATGCGCTCGTCTTCCTGCCGTGTGTGGCCCTTCTATTGCGGTCCTTTCTGGCGATTGATGAGCTGCCGGCAGGGCGCACGCGGCCGCAGCTCAGGGAGACGGCTTCCAGCGAGCGCAGCATGCCGCTGGCCGAGCTGGAGATAGAAGTAAGCGCAGCACTGCATCGGGTCACGGCCAAGCGCCTGGCGCTGCAAGCCCTGGTGATTCTCTCTGGCACCTATTTTTTTCTATTGCTGGTGGCTGCTCTTGTAGTGATAGCGGGCCATGGGAACCCGCTGCTTCTGATAGTTGTTCCCACTGCCTGGTGTTCCAGCATGCTGCTCATCGAACGCGGAGCCCCGAGATTTCTGCGCACGATGTTAGTGCTGTCAGCGCTCATGCTGCTTGGCGTTGCCGGAGTGATGGTACATTTGTCTGCCTATAGCCCCTGGATGATGGTGCTCGGCGGATCGTTCGTGACGTTAGGTATCGCAGCTCTGCCATTCTCAATCGGTGTCGCGCTTGTCCACGCCACGATAGCCCTTATTGCCGTCTGCAGCATGGGACTCTCCTCAGGGGTTGAGGCCACGGTGCTCGCTATGAGCCTGTTTGCATGCACAGGAGCAGCGCTTTTGGGGCTCTTGCTGGGCACATTTTTGAGGCATGAGCTGCTGGCCCGATCGCTGCAAACGATGCTGCAGCGCACGGCTGCCGTTGCCGAAGACGAGCGAGAAGTTGCGCGCATGTTTGCGGCCATAGCCGGGCTGCTGAGTCATGCCGGATCGGCGGTAATGATAGATGCGCAGTTCCATGTGCAGATTATCACGGGAGCGCAGGAGAGAACGGCTGACACGGACATCGTATTCGGTCGGGCGCTTCGCTCGAAGCTCAGCACCCTGACCTCACGTGAAAGTGTATTGACCAGTGTACAAGTGGGGGAGCAGTTCACCACGGCATTCCTCAGCTGGTTCGGTTATGTTCCTGAACGTATGTTTTGTTGTCGCATCGAGGGACCTCCGGGACAGCGTGCCAATGACAGTTGGCTTGTTGTGCCGATCAAGCGGTACTTACCTGGCCGCATCGGCCGGCGCATTGAACGGACGCTGATCGACCTCTCCGTGACACTGCATACGGCGCTCATGGCTTCCCGTAGCGGACAACGTTCGTCAGAGACCATCCAATTGCTAGAGAGTTTATTGAGGGAGCGGGACAGCGAATTAGGGCGGCTCGTGCATACCATCAACAATACGGTGCAAGAGGTGTTGGTGTGGTATGAGGGGCTGCCTGTAGATGCGCAGCCCATGTTTCAGGAAACTCGTCGTGCCCTTTCGGCGCTCGCAATGAGCGCCTCAGATCTGAGAATGGAGCGGGAAGCGCTCACCATGAGCCTTCCCACGAGCAGTGAAAGCGTAGGAGTAATCGCGCTGCTGGAGATGCTGCGGGATTATGCGGATTTTGTTCTGAAAAAGAACAAGGGCATCTTGCGCATCGATATCGTCGACCAACACGCCCCCGATTCTTCTGTTCGCTTCGCCGGAGAAACGTATCTGCATCTTGCACTGCGGATGGTGCTTAGAGCACTGACCCGCAGTCTGAAGCCCGGCGGTACGATCAGCCTGCAGGTGCAGTCTTCAGGAAAGCAGGTGGCATTCATTTGGAATGCTGAATTAGAGCCCGGCACCGTCGAGCTATGGCCTGACAGGTCACAGGGTGACAACAGCGTCACGGAATGGATGCAGCAGCTTTTTGTGCTCACCGGGGGTGTCTGCGACGTGGCGATAGATCAAGAGCAGCATCTTGCGACGGTGCGCATGGAGCTGGAACGCATGTCACTCGCTTCTGTGCCTTCTCAGGCTCTGGGGGAGCAATGGGCCCTGTTTGTGGATGATGCGGCGCAGGTCACAAACTTTTATGGCAAGGTCGCCGCTGCCCTTGCATTGAGGCATCAGACCGCCCCTTCCATAGCGGAGGCGCATCGAATCATGAAACAGCAGGGGCCGCCGCATCTCTTGGTTACCGATGTCCAGCTGACCGATGGAAGCGGGATAGAACTGGTCCGCGCATTGCGGCAGAGCGGGAACGTGGCAACTCGTATAATCGTTGTCAGCGGCGAATCCCGCGATCAGATCGAAAGTGCGGTACGCGGACTCAAAGTAGAAATGGTGTTGACGAAGCCGGTCAGTCGAGCAACTTTGTTTGATCAGATTCGGCGTATTCTCACCCCGCAGTAGTGAACGACGGAAGAGGTGCTGGCTGGAGATACTGTGATGAAAGAACATCGCCTGGCAAAACACGACACTGTTCAGTCGACACAGCTGCAAGTGCAATGGTTGAGTGAACTGGGCGAGTATTTTCTGGCCGCCATGGAGAGAGCCATGCGCAGGGCTTTTGACCGCGAGAGGGAGCTGCTGACCAAGGCGCTCCAGCAGGAGCTGCGGGATAGTGGGGATGTCACGCAACTGGGGAGATCTGTTGCATCCTTAGAGGATGATCAACAATGGATTGGGATTGAGTCGCTTTCGCGATTACGCGGATTGGTGGGTGGGCGCTTCCAGCAGTTGAAGGCGCGCTGGGTAGACGCGGGTCTGCCGTTAAGAGCGCATAGGGGCGACCGCACCGGCAAGGTGCAAATTG
CP129486.1_gap36	1629519	1634331	4812	ATGATCGGCAAGCGCCATCAACAGGGGGGCTCGAAATGATACCGGTAAGTTTTTATCTGACCCTGGCAGCTCTGATGTTTACGATCGGGGTGTGTGGGGTAGCAATTAGAAGAAACGTGATCGTGGTGTTTATGTGCATCGAATTGATGCTGAATGCCGTGAACCTTTCGATGGTGGCATTCTCTCGCACGGTGGGAAATCTGGACGGGCAGATCGGTGTCTTTTTTGTAATGGTGGTGGCAGCCGCAGAGGCAGCAATCGGTCTGGGTATTATTATCGCGCTCTTTCGGTCCACCCGGTCGCTTGAGAGCAGCGAGGCATCGGAACTTCGAAGGTAGGGATCTGGCATGGAACGAACGAATGCAGCACTCGCACTGATTCCGCTCTTCCCTCTGGTGGGATCTGTGGCGGCATTTCTTGTTGGCAGGGTACACAAGCGAGCCGCCGGCATAATTGCCAGCCTTGCCTCGATCCTCGCTTTTGTCTGGACCGCCAAACTTTTCGCAGCAATGAGCGCCGAAACCGTACTCGAAGATGTAGTCTTCAGCTGGTTTGGCGTGGCTTCATTACAGGTGGACTTCACCCTGCGTATGGATGCGCTGGGCGCAGTGATGTGTTTGGTGGTCACCGGAATAGGGAGTTTGATCCACATCTACTCAACCGCCTATATGGCCGAGGACGACTCGGTGCATCGCTTCTTCTCATACCTGAACCTATTCATGTTCTCGATGCTGCTCCTAGTGTTGGGGGGCAATCTGCTGGTGCTATTCGTGGGCTGGGAAGGGGTAGGGCTGTGCTCCTATCTCCTCATTGGATTCTGGTTCCGCACTATTGATTACGCAGCGGCGGGGCGCAAAGCGTTCGTGGTGAATCGCATCGGCGACGCCGGGTTCCTTTTGGGCATATTCCTGTTGTGGATGAACTTCGGCACAGTTGACTTTTTGGAGCTTGAGGCAGCTATTGCCGGAAACATGACACTCGTCGGGCTGTGCACCGTGGTAGCGCTGTGCCTCTTTATCGGAGCCACCGGTAAATCGGCGCAGATTCCGCTGTTCGTATGGTTGCCCGATGCTATGGCCGGGCCGACACCTGTTTCAGCGCTGATCCACGCTGCAACCATGGTGACGGCCGGCATATATATGATGGCGCGCATGGATTTTGTCTTTGCGCTCGCCCCCTTCACCTTGGCCATTGTGACTATAGTGGCGCTGCTTACCGCCTTCGTAGCCGCAACAACCGCGCTTTTGCAGAACGACATCAAGAAGGTGCTCGCCTATTCGACGGTGAGTCAGCTGGGGTTTATGTTTCTGGCAGCCTCCGCTGGTGCTTATTGGGTGGCAATATTCCATGTGGTCACGCATGCTTTTTTCAAGGCGTGCTTGTTCCTCGGTGCTGGTTCGGTGATCCACGGCTGCCACCATGAGCAAGACATGAGGCACATGGGCGGCTTGAGCCGCTACATGCCGATTACCTTTGCAACGTATCTGGTAGCCACCCTGGCTATCGCCGGCATCTTTCCCTTTGCCGGATATCAATCCAAGCACGCAATATTGGGGGCGCTTGAGCACAATGTGAACCCCTACATTGCCCCCTATAACAGCTGGATTGTTGCGCTGGTAACATTCACTGCGTTCCTTACGGCGTTTTACATGACCCGTTCGCTTGCCATGACGTTCTTTGGCAAGTATCGAGGGCATGCGCATCCGCACGAATCGCCCGCTGCCATGAGCGGCGTGCTGGTGGCACTGGCTGTGCTCTCGCTGTTTGGCGGCTGGTTCCTCGAGACCAGGCTGCCGAACTTCCTTGAGCACGTTTTGGCTGTTGCACCGGGGCATGCTTCTGAAACGATCGTCGAGAGCCTCCTGCACTCCTGGGTTGGTATCGCCGGTGTCGTGCTCGGTTTGCTTTTCTATACCTCCTTAGCGGGAGTTCCAGGACTGGTCTTCTCGCTCTTCAAGCCGATCGGGGTGCTATTCCAGCGCAAGTGGTTTGTCGATGAACTGTATCAGGCCATCCTCGTTCGGCCACTGGAAGGAGTATCACGGGGGCTCTGGAAAGCGGTTGATCAAGGCTTCATTGACGGCGCGGTGAACGGCTCGGGGGCGGTCATCGACACGAGCGGGCAGGTGTTGCGGCTTACCCAGTCCGGCCAGGTGAGGCATTACGCCTTATGGATGTTTGTAGCAACGATTGCAATCGTCGTGTTTTTCCTGGTGCGCTCGTAGGGCGGGATTTTAAAGAAGGTACGTTATGCACAGTTCGTGGAACCTGCTTTCCTGGTTAATCTTCACCCCGCTCATCGGCGCGGTCTTGTTGTACCTTATACCTCTTTTCCATCCCAGCGTTGATCGGCATGGCAGCAAGGCACGCTGGTTCTCCCTTGCCGTTGCCGTGCTCACATTTGCCATTAGCGTGTGTGCTTTGGCTTCATTTGAAGTAAACGGCTCGATGCAACTTGTTGAACGTGCCGCATGGATTCCAAGCTTCGGCATATCCTACGCGGTGGGGGTAGATGGTATCAGCCTGGCACTCATCCTCCTGACAACTGTTCTAATGCCGGTGGTGCTGCTCGCTTCCTATTCAGTGCACAGCAAAGTGCGGGCCTACCTCTTCCATATGCTGCTCCTTGAGACAGCGATGCTCGGTACGCTCGCCGCGCTTGATGTGTTTTTGTTCTATGTGTTTTGGGAGCTCATGCTGGCACCCATGTACTTCATCATCGGTATTTGGGGCGGTACGCGGCGTATATATGCGACCCTGAAATTCGTCCTCTATACCGTATTCGGCAGTGTCCTCATGCTCGCTGCCATCCTGTACGTAGTATGGGCCTATGCCCAGCAGACGGGGGAGATGAGCTTTCTTTTGAGCGATCTGCTCGCAAGAACAGAGCTTAGCTTCAAGGAAGAGGTATGGCTGTTTGCAGCGTTTGCCCTGGCCTTTGGAATTAAGGTCCCGATATTTCCTTTTCACACCTGGCTGCCGGATGCGCACGTGGAAGCGCCTACCGGTGGCTCGGTCATCCTTGCTGGTGTGCTGCTCAAGATGGGTATTTACGGGTTTATTCGCTTCGGCTTCCCCCTTTTCCCGAGGGGCGCGGAGCTGTTCATTCCTGTTCTGTGCGGGCTCGCCGTGATCGGCATCGTATACGGCGCCTTGGTGGCCTGGGTCCAAACCGATATCAAGAAGTTGGTGGCCTATTCTTCGGTCTCCCACCTCGGATACTGCGTGCTGGGGCTCGTCGCTCTTAATACCGTTGCCACCACCGGGTCGGTGTACCAGCTGCTCAATCACGGCATATCCACGGGTGCGCTCTTCTTGCTTGTCGGCGTGTTGTATGACCGCAGGCATACAAGAGATGTAGCAGAGTACGGCGGACTGGCAGCGAAAGTGCCGGTCTTCGCCTTCCTGTTTCTGGTGTTTACCTTGAGTTCCATAGCGCTGCCGCTCACTAATGGATTCATCGGTGAATTTCTGATCCTCACCGGGAGTTATGTGACCTTTCCTTTTTACACTACAGTAGCGCTGCTTGGGGTGATTCTCGGAGCGGTGTACATGTTGACGCTGTACATGAAGACCATGTTCGGTCAGCTCGATCAGGCCAAGAACGGCTCCCTGACTGATGTGAGCGCCCGTGAGGTGGCCACCTTTTTGCCCCTCTTGATTCTAGTTTTTTGGATGGGGCTTTATCCGCAGCCGATTTTGCGACGACTCGAACCGGCAGTGGATACCTTCCTTAGCGACGTGAAAGCGCGATCTCAGATGTTGGAAGAGCGCGAGATGGGCTTCATGGCACAGATGAGGCCGCAATTGATTCGCGCACAGGAGGGCGCGGTGCCTGGCCACGGAATAGTGCAAAGGACTTCCCTCAAGGAGAGTAACTTATGAGCCCTCAAATGTTGAGCGATATTGCGCTCACCTCGCCGATGTGGATTGTCACGCTTGGCGCCTTATTGCTCCTTCTGGGCGATGCCTTCACCGCTTCGGGGTGGTCGCGCTCTTTTGTCAGCGCAGTCATCTTGCTTTTGGGGATAGTGGCTACCCTGCTGACTCAGTCTGGTTATTGGGAGGGCAGCACTGCATTCTCAGGAACGATTTTTGTTGATCGGGTCAGCTGGTTTTTCTTCCTACTCATTCAGGGAGGTGCGCTGCTCTCCGTGTTGGTCGGGATGTCCCGACTTAGCGATGAGAGAGTGGAGGCAGTAGGGGAGTACTATGTGCTGTTGCTTCTGGCCACAGTGGGCGCCTGCATGTTCGTAGCCTCGGCAGAGCTGATCACGATGTTCATTGGGCTCGAAACAATGTCACTGGCCCTCTATTGCATGTGCGGTGCGGCCAGCTCGCTCCGTCGCTCGACTGAGTCTGCCCTCAAGTACTTTCTCCTCGGTTCTTTTAGCTCTGCGTTCCTGCTTTTCGGCATCTCGATCCTCTATGGGCTTAGTGCCTCTACCTTTATCCCTGAGATAGCGGAGGTGCTCAATCGGAGTACCCCGGTGGCGCTTGCCTACATCGGGTTCGGGCTATTGCTGGTGGGGCTTGCATTCAAGATCGCCGCGGTTCCGTTTCATTTTTGGGCGCCTGATGTCTACGAGGGTGCCCCGACTCCGGTTACCGTCTATATGGCCTGTGTGGTCAAAGCGGCGGCAGTGGGCGTGTGCTTGCGTGTTCTTTGGACCATGTTTGGAGGCATGTTGGATGGATGGTCAACTGCCATCTGGTACATCGCTTTCCTCAGCATGACACTTGGGAATCTATTGGCGCTTTGTCAGCGTGGACTAAAGCGTATGCTGGCATACTCAAGTATTGCCCATGCCG
CP129486.1_gap37	1784184	1785557	1373	AGAGCGCAGAACGAACGAAGCATTTCGAGGACCGTTTTGGCATTGCGGGCTGGGTGATGAGATCGTAAGCCGGCGCACGCCGAGGGGCCATTCTGCTCTTGAAACAGTCAAGATAAGAGGACTGCTATGAAGTTTGTTATCGGAAAGCGTCGCGGTGAAACTGCGGCAGAAGATGAGGAGCAGCCTCCCAAGCGACAGCCGTTGCGCCCGGATGTGGCGACGCAGCTCTCCAAGATCCTTGGCTACGAGTTTAAGGATTTGCAATGGCTCGAAAGAGCGCTTACCCACCGCTCGCTCCAATCGAAGAGTGAGAATGATTACGAGCGGCTCGAGTTCCTGGGCGATGCCGTGTTGGACCTCGCCGTTGCGCACTTGCTGTTGGAAAAGCATCCCCAGGCGCGAGAGGGAGAACTATCAAAGATGCGCGCGGCTCTGGTGAACACGGCTTCGCTTGCAGAAATTGCCCGTTCACTGAGCATTGGCCCCTATATACGATTAAGTCGTGGAGAGCTCGCTAATGGCGGCTCCGATCGCCCATCGATATTGGCCGATGTTTTTGAGGCAATCATGGGTGCGATATACCGTGAAGCGGGCTTCGCAGTTGCACTTGAATCAGCGGCGCGGCTGTTTGGCGATCGGATCGCGGGGGTAACACCGCGCGATCCGAAAACGGAGCTGCAGGAGGCGCTGCATGCAGCGGGCTGTGAGGGGCCAGAGTATCTCTTAGAACATGTAGAAGGACCGGAGCATGCGCCGACCTTCGTTTCGGTGGTCATTGTGGATGGTCAAGTCGTCGGGCGTGGTCGTGGAAACACCAAAAAAGCTTCACAACAGGAAGCCGCTTCGGTGGCATTAGCGAGGATTCAGGCCCCGGATGAAGTTGACAACGTGTTTCTGGAAGCGGCTCCGGAGATCGGATCCTCACCGACAGAGGATAAGGAGCAGAGCCCATGAGCAAGTTGAAAGTGCCAACCGTCGCTATCGTGGGACGAACCAACGTCGGCAAGAGCTCGTTGCTGAATGCCATCGCATCAAAACCGATTGCGGTGGTAGAGGACCAGCCTGGAGTTACGAGAGACCGCCACTATTACCTGGTAAAACGCTATGATCGTCCCTTCACGCTGGTTGATACGGGCGGTATCGTTGGAGAAGACGAGAATCCTCTGGCTAAGACGGTGCGTGAGCAGGCGTTGCTTGCAATTGAGGAGGCCGACGTAATCGTGGCCGTCTTCGATGCCGCCTATGGTCCCCATCCATTGGATAGTGAAGTTGTGCAAACCCTTCGTCGATCCGGCAAACCGGTCATTTGGGTTGCGAATAAAGCGGAGAGCCCCGTGCACCGGCAATCGCTGGGCGAGTTCTATGCGCTAGGC
CP129486.1_gap38	1799109	1799759	650	TCCATTATCCGGCTCAAGCACAAATTCAGCCGGTGCCAGCGGAGTAATTTCAGCATCTTAATGACGTGACAGCGAGGCTTCAGGCCCTCTCCGCGAAAGGGGATAAATTCGCCGCTAGCCACCTTAAGTCATTGAAATTTCTTGACGATGTCCATTTAGGCTGCCACCTCGCGTCGAACTGGCGCGGTGGGGAGAGGAGGGGAGGAGTGTAATCAGAACTTGGGCCGCTTGGCGCGCTGTGTCGGACATATCGCACAGGGCTAAGCCAGTGAAAGGGAGGCTATGTCAGTAGAAGAGAAAGAAACATCGATCTATACAGCATTCGACGAATACGTTCCGTATGACCCAGCATCGCCGGAAAAAAATCTGCTGCGCGCAGTGCTTCTAGCCGCCGTTTCTGACCTGCGAAAAAACGGTGAAGCGCGCCGTCAAGCACTCAATTATTTTCTCAGCAAGGAGGAGGACTACATCTTCTCCTTCAATGCAATCTGCGACTTCTTAAATGTGGATCCGAAGAAGATTCTTACGGTTACGGGGGTGCTCAATAATCTATCGGGAGCCCCGACCGAGTCCCCGAATACGGCCGACAACGATCAGACGATCGGATAGAGCGGTTGACTGAACAATGAAATGGACAGTGGTTGGAAAGA
CP129486.1_gap39	1802028	1803513	1485	GCAGAGTCAGCTGCGTTGCGTGAACGCCTGCAAACGAGCGAACCACGCTGCGGCGCGCCTCTCCACACGGTCATGACAGGCGAATGCAATGACCGCGGCTGCAACACCCAATGCTCCAGTAATGCCGCCGGCCACGATCTGGCTCATCGACTGACTCATATAGGGTGCGGTCCCAGCGGTAAGTGCGCCGCAACCGATCAATGTAATCGGCGCAACCCAATTTGCAATCGATGCAACTAGTGTTTGGTTGGGTCTGAAGAGCTGACGTGGCGGATCGATTGCACCCTCGGCCGTAAGAGTATCGATGGAGCGATCGACGCGAGGGACGGCCGTGATGCGGTACCAACGCCCTGCTTTGGGATAGATTCCGCAAAGCGCTTTTATGCCATAGGAGGTTCTCTCCAGCAGTGACGCGTTATAGGAGTGAAGCTCTACATCGAGAGATGCTGTCGAGACAGTGACTGGATGCTGCGGATTGACCGCGCGATCCTTCTTCACTGTGTCCACTAGATTATCAAATGCATGCGGATCAGCGCTTGCATCGCGGCTGTGCAATTGCTTTAGCACATCAATCAGGATACGAAGCGCAGGCTTCGAGGGCGTTGTTCCCTGGATCTTAAACCTTGAAATGCAGTCGCGCACACTCTCACTTGATGCCGCGACTTCGACTAGCTGATCTCTCAGCCGAACTCGTTCTCGAGATCCCAGCGAACGGATTGTTTGAGGAGGCACAAGGTGAAGGCCAATAGTGCTTGGGTCTCGCTGTGCTTGTGCAATAACACCCGGAGCAATCGGCTTAAGTCCTGTGAGATACTCCGCTATAGCGTCGCTACGGGAACGCGATGGTTCGGTGCGCTTCTCGACCGATACGTGGAGCGTGTCTGTGTTCTGAGTCTGGAGAGCGGGCTGGGCTGAGCCACTGCTCAGTCGGAGGATCTGCCCCGCGTGTGCTGCCACGTTAAGGTGCGGGCGCACGGGAGTTGTCAGATCATCCACCCTTAGCGTGTGATTGCTCGCCGGCCCCGTTGAGGCTGATTGAGCAGGCGTGGAGACGCTGCGATTGGCTAAGGCTTGGTCGTGGCGAGGAGTCACCGAGATTCCTTAAATAGAAAGCACCAGGTAGCACACGGAGCTGTTATGATGAATGGGCGGTCTCCGGTGCCGCAAAAGGACGCACCATAATCCGCCATGATAACACCCCCTGCTCGGGAGGTTGCACAACCTAGATAGTATCCTGAAAAGACATATCTTTTAATGCGACTTAGCTGCATTACTCTCCGGCTTCAGGTGATGAAGCAGCTAACTGTTTTAAGTCCAGCAGGTATCTGATGGGGCCACTACTCCAACAGCCACGACACGTCTTTACCTCGATGAAGTAGCGACCATCGCTTGGTATGGAAAACGGGGAGGTCTTTCCTGAAGGATCAAATCGCACCTCTTCGTCGATGGTTCCTTGGCCATACTCGTCGAAGACCCGCAGTTTTA
CP129486.1_gap40	1875269	1880049	4780	CATTCTCGGGGAATCCTTTCGGGGCTACACGGGAACGGCATGGGATGGAATTGGAGCGGATGTCGATCTGTGTGAATGCGCCGAGGAGTTCATGCGCTGTTTTTCGGGAGGCCCAGCAAGCAAAGAGTACTGCTGTGGCGACGGCACGCGGGAGGATCTAGGACGTGGTGCCTATCCTGTTCAGAGCTTCATTCGCGCCACCACGGCGTTTACCATCAAAGCCATTCGCACCTTTGTGCAAAGGCGGCGAGATCTTCTTCTTGATGTGCAACGATTCGCAAGGCCCGCTGATGAGAATTTTGGCGATCGAATATCAGGAGAGTGTCGTTCGCGGGAGACCAGAGAGAGCGTTGTTGAGGAACTAAAGGCGCTGGCAGCTGTGCGATGCTGTGTTTCTTGCGGCGTATCGGAGGAAGTGTTGATTGGGGCGTTGCTTTCGATTCGCGGCAAGGGGATTGGATTCAACGACCGCATGCAAGTGGTCGCGGTAAGGCTAGATGAATTCAGAAGAGTCTTACGCAAACAGATGGGCCCGAGTCGTGTGGACGCACTTTTTCAACAGATCTTCATCAATGATGAGCGAGGGCTTAGTCGTCCGCTCAGCAGTCTCGTTGGTCCGGACATTGCGTCGAGTATTTGGTTGCAATGATTCCGTTTGCCGGGCACTGCCGGCAAACATGGTTCTGAGGCGCTTAGTGCGCGGACGAATCTCTACTGAGGGAATTACGGATTTTCTAATTGCCTAGCCCATCAGCGGCCGCTTACCTGACTATTGATTTGCTTTGCGCGCGTCTCCGGCGCTAGCCTCTCGCTGCTATGAGTGCTCTGGGCCCCTCCTTTGTTTCACTGCCGGTGCGCGAGGTTCGAGATCTGTGCGGAGAGCGTGAAACCGAGGTGCGGGCACGGCTGCATAGAGCCACCTTCTCCCTGGACCACTCGAATCAGTTCCGCTTTGATTTGCAAGGACCCGAGAGGTCTGTCTCAATTGTTGCCGCACCCTCGCCTGCTCAAAGGCACTACGGTCTTGATATCCAACTGCGTTGCGCCGAGGAGCGGATGGTGGCCTTAAGTCCAGCGCGTTTGGCGGTAGAGGCGATGCGGATACTTGGACCAGATCAGCGTCCAGTTGCGGCCCTCTATGTCGGCGCTCACCTGATGCGCATCGGTCCGCTCTTACCGGATGTGATCTACGTATTGGAAGTCCGGGACCCTCCCCCTTCCGTATTGCGTCTTGAAACTCCTCCTGCCGACGAACCGGGAGCGAGTGCTGATGATTCGTGCCTAGGGATTGCTCTGCACGGGGAAAGCTTCCCCGTGCTGAGTGGAGCACTCTGAGCGCACCATTTTTCTAGTCTAAGATTATTGGGTGACCCAGATTGGTCCTCCCTCCCCAATTGTTGTTTCTAGGCTGGAAGCCCACGCTCCCTGCTGTCTGGTGCTGGGAAGCCTGGGTCGAGCCGTCGCTGTGCCACGCGCTCGGCCACTAGTTCTGCTACTTCATGGGTTTCTACACGCGTCATACCGCCTCGGCGGCTGGCAACAAGAGCTCCGAGGGCATTAGCCCACATGCAGCACTCTCGTAAATGCTCCTCACTTACCGCATGGAGGCTTGGTCCCAGAACCATAACCTCATTGAACCGTGGATCGCTTATCAGTTTCGCCAGGAACATTGCAGTAAATGCGTCGCCAGCGCCGGTGGGATCTAGATTCTGTGATGGGAAACCCGCTTCATGCAGCCCCACTCCACCCGCTGAGAAGGCAGTCACTCCACGCTCTCCCAGGGTAACAACCATAGTGCCTATACCATATACTCTGTGTAACCGTTCAAAGAGCTCCGCGGGATTCGGCTCGCCCCAGCCAAGTAAGGCCCCCAATGCACGGACCTCACTCTCGTTCAGTTTGAGAATGTGAGTATGCTTCAAGGTTGCCACAATCGTCTCGCGGGTGAAGCAATCACGCCTAAAATTAATGTCGCATACATGCAATGCATCGGAGGCCTTGAGCACTTGTTCAAGTGTGTCTGCGGATTGCCCAGTACGCCGAATAAGAGAGCCAAAGCAGATGACGGAACACTCCCTTGCAACCGCTAGTAATGACTCAGTTGGGCTGATCTTATCGTAGGCGGCATCCGGCAGAATGGTGTAAGGGCTATTTTGGTCATGATGATGCACATGCACCAGGCCAGTGGGGGTGCTGGGATGGCGCTGTACCAGAGTGAGATCTATTCCGCGTTCTGCTAGTAACTGCCAAAGAGCATCACCATCTTGCTCGCCCACGGGGCCAAGCGCACTTACGAGGTGGATGGGATCCCGGCTCGCGAGGTGGTCTCTTAGATGACAGGCGAGATTCGCTGGCGCGCCGCCTGGCCTACGATCATACTCATTGCCACTCGGATCGATGAATATGTCGACAAGCAGCTCTCCAAAGACCAGCACACCTTGCTTTGCCATAAACGCTTAGCTCCCTAGTACTCCATACTCCACGTGAGCAATAAGGGTAGAGTAGAGAGAGCGCCATGTGTAGTCAAAACAAATACAAGGGGATTTAGGGTGGGAACAAAAAGGATCTGATCTGGACGCCCAGAGATCATAGTCGCGCAACCCTCCGGAAGTCTCCCATTTTTCCAGTCTCAAATTATTGGGTGTCCCTTATTGGTCTCCCATAGCGGTCTGCATGGGGACAGTGTCCCCGTGCTGAGCGGAGCAGGCCTAGTGAGCGAGCCAGGCCGTGCTCTCCGCTCATGTTTCCCTATCCCCTGAGATCGATTCGCAGATCTAATGTTCGGGATTGATGATTCCGGACGTGCTTGTTTGGAAGTAGTGTAGGACCGTCATAGAAGGTCTAGGAGCAGGGCTGGGGCTTGATTGGCCTGTGAAAGTATAGAAGCCACCACCTGCTGTTTGATTTGGGCAGCCACCAGAGCGGCGGATTCTGAAGCTACATCGACATCTCTTATCCGTGATTCTGCGGCCAAGGTGTTCTCAGTTGATGATTTGAGTAAGGCGGTAATGATATCGAGGCGACTTGCAGTAGCCCCATATTCACCGATCATCTGGCTTAATTCAGTGCCACGGACATCAAGCATCTCTAAGGCAGTTCTTGCGCCGGCAGCGGTGAGCACATTCGTAAAGTCGATTGCGCTGTCGGATACCCCACCATTGGCGACTCGAAGCGAACGCAGGTCCAGGGCTATAGAGGCGCTCTCCCCGCTGGCAAAGAGAAGGTTGACAACTTGGCCCTCAGTTACCTGACCAGAGGAATCAGTTTCGAAAACACTATAGCCGCCGTTTATCAGATCGGCACTTCCATCCGATGCGATGTCTGCAAAACCAACGGCGATTAATCCAGCTTCGGCCTCAATGACCACCATAGCAACAGTGCGTTGATTGCCGTCGCTATCTACTACGGAAAAGGTTGCGGTATTGGAATACGTTTGGGTAAGCCCCTCGATACCGCCAGCGACATTAGTGGCAAAATCGAGATTATCGAAGACGTCTATCGTGTAGTCGCTGCCTGACCAGAGGCTCCCCGCTGCGCCGTTCAATGTGCCACTGAACTGCACGGAATTTCCTGTACTCACACTGATGATCGAGTTGCTGTTGGAGGTCGTGCCCACCTGCAGGGATAGGGTCGCCGGACTGTTGCTTGTGTAGCGAGCGAGAAGTGACTGCCCATTAAAGCGGGCCGCCGAGCCGATACGCCCGAGTTCCTGGAGCAGCTGTTGATATTCGGAATTGAGCGCGCGGCGCTGAGCGAACGAAAAGGTTCCATTGGCTGATTGCTCGGCGAGCTCCTTAAGACGAACAAGGATAGCGCTCTGCTGCTGCAACGTACTCTCGGCTATATTAATAGCGGATAGCCCATCATTGACATTTTTTAAGGCCACCTGGGAGAGTCGAGCGTTCACTCGCAACGTATCGGCGATGGCTAGGCCGGCGGCGTCGTCGCTCGCCCGATTAATTCTTAACCCACTCGATAACCGCTCAAAGCTACGTGAAAGCAGGGCGCCTGCCTCGTTAAGGCGCCGCTGGGCTCGAAGAGCCATTATATTGCTTCCAAACGTAGCCATCCCTGACCTTGATCTACACCTGCTGACTCCAATAGGTAGATGGGTGGTCCCCCCGTAGGCGAGGATCCACAATGTCGAAGATCGCCAGTTTGGTAGAGTTTCTGCAGCTGTTTCTTTGTTCCGGAGGTGCTGGAATAGGAAAACCCCCTATCTGTGGTTTCAATAATGCCATCCCTGACATTTCAAACCACTTATAGGAAAGCGCTGAATAAGCTCAGTAGTTCGCGGCAAATGCATCAAATCCAGTCAATTTGACATAACAGGGCGACAGGTAGTGTGATCTCGTAGTAACTCATGGCAAAGATCTTTGCACCCCGCCCCTCAGATTTGCTGGCTGACCATCTAGATGGTGCGAGGAGATTTGCTCCCATTGAATTTATGTTCCCTGGGACGGGGAGAGCGGTGTTTGCCGCCGAAGGCTCCCGTGGAGGTGGCGGAGGAGGTGCCGAACCAGAAAAAGGTGCCGAAGCTCCCCGTGAGGCTGCTCCCCCGAAGAAATGGGGATTAAGGCGTGCTGCTGAAATTGCACAGGCCTATAGGGAGCTACAACTTAACGAAGCGCAGATCGTATCGACCATACCACCGCATCTCTTTGCAACTCCCGATGGTTCTGGGGCCTTGCCGCAGGTGCTTGCCGACCCGCAGCGCTGGAGCTTCCTGGCTCGGCCCCACGATGATAGTAGACCCTACCTGCATTACTACCTGAATGCG
CP129486.1_gap41	1882584	1883462	878	TGATGATTATCCCCAATTTGATTGCAATTTGGCTGTTGTCAGGGGAGATCGCCAAGGACTCTCAGTCCTATTTTGCCAGACTGAGGAATGGGGAATTTGAAAGATACAAATAGGCCGCTAGGGAGAGGCTGAATAAGCTCAGCGTACCCCTAGCGCCATCCGGGTATAGCCCGGTTGAAGCGCGTATCAATGAAACGATGGCTGCTCTGAGAGGGATCGCGTCTTGAGGCAGCGATAACCTGTTGGAGCGCTGCGCTCGCCCTGTGCATATCTCCGTCAGGGTAGCGCAAGACTCCGCATACACAGGGTGCCTGGACTCCGGTTGTTGATGGGAGGGTAAAGGGAATCCCCTTGACTAGACACACCGCGGCGTCCGCGAAGATGCGCGCCTCCATGGCTCCGCCGTCAAATCCGTAGTCTAACGACGGTCGGCACTGCACTGAGCCTTTAAGCACATCGCTCACGCGCCGAAACGCTGCTTGATGCTCCGGCAGGACCGGATTGAGGTCAAATCTTCCGTGCAGCAGCCCCCTAAAGTGCTCGGCGATCACCGGATTCTCCCAACCGCCGCCACATAGCCCGAAGTGCTTGGGCAGCACCAACTGATCTGGCAGGAGCGTCAGTGAAAACATCACGGCGTAGGCCGCCAGATACTCGGCGGTGCGCATGCGATCAGGCAAGCCCAGAGGTTCTCCTCCCACGGGAGCCTGCCCCGCAAGCTCTGGCGGAAAGCGATACCATTGCGGATCTGAGGATTTAGGGGGAGGTAGTGTGAAGAAGTTTCTGCCATCGCTTGTGATCGCCGCACCGTCAAAAAGCAAGCGCAGCAGCGCAGTGTTCACCTTGCCCTGTGCTCCGATAGCCCCGTTCTTATCGTG
CP129486.1_gap42	1901130	1901672	542	ATCCTCATTGAAAAGATCAATTCCGATAATCCAGGGCTGCTGGGCATTGATTGGGATTATAAGGAGACAAAACCGCAGATTCAGGTGCGCATAGATTATGACCGGGCCGCTGACTTAGGGGTGAGTGTAGAGAGTATCGGGCGGACCCTTGAGTCAATGCTGGGATCGAGGCGGGTCACGACGTACATCGAGGATGGGGAGGAGTACGACGTTCTGATCGAGGGGGAACGGGATCTTCAACGCACCGCGGGCGCGGTTGAGAATATGTATGTGCGGTCTGCGCGCACTCAATCCTTGATTCCCCTCTCAAACTTGGTGACATTTGAAGAGCGTGCCGATGCAAGCAGTTTGAACCGTTATAATCGGGTGCGTGCGGTCACCCTCGAGGCTAATCTCGATTCTGGCCTTGCGTTGGGAGGAGCTTTGAGCTTCTTGGAGCGGCTTGTGGATGAGCACCTCCCCGATGAGGTAATCGTAGACTACAAGGGACAGTCGCAGGATTTTAAAGCGTTTGGCGCCTCGATCGTGTTTACATTTCTGCT
CP129486.1_gap43	1929670	1934635	4965	CTTGGCTTTTCCTCAGGCACCGGAAACGACAAGATCACTGCCGGTATGGCCGAGTCGAATTTAATGGGATTCGGTAAACGGCTGGAAGCGCTGTACGAGGAGGATGAGGATAGTTCTGGTCTCGAAATGGTCTGGGACGACCGGCGGGTGTTGGGCACCCCAGCACAGTTTATCAGCGGTGTTTTTCTTAAGGATGACGGGGATGAGGTGACCTCCTACTTGGGGGTCCCTTTTCGCACCCTTCCGCAGAAGACGAGCTGGTCTCTCGATACCGATTGGTTCGATGGGATCAACCGCCTCTATGAAGCGGGGGACGAGCGTTTCGTGTACCGCCGCGAATCCGTCGACCTGACCGGGCGTTATGCATTTGCCAGCGGCGACCCGGAATCCTCGCTCTACCGGTACTCCTTCGGATACTCATACCACGATGATAATTTTGAAGAGGCCACCGAAGATGACTTTGAGGATATAAATGTCGACCCCGACAGCGTCAGCCGCGATCCCGCCCTGCTGGCTGCTGACCGTAGATTTACCGGACCGCTTTTCGGTATCCAGCATATCAAGCCGAACTTCATCAGTCGAAGATATGTTGATCGGTTTGATCGGCTAGAGGATTACAATTTAGGGGTTGAGAACTCCCTTTCAGCCCTGATCGCGCCACGGGGGCTGGGGTCCTCCGAAGATGCGCTGATTGTAAATGGCGCACTTTTGCGGGGGCGCGAGCTTGGAGGTTACTCCTTCGGGCGTGCCGAGCTCAGCGGCGCCACCCGCGTGGAGGACGATGGACTTGCCAACTCCTTCATTCATGGGCGGCTGCTCTATTTTCGCCCCTTCGACCCCTGGTTTGCCGGAGGTTGGTTCCTGGGGCGGCATACCTTAGCGGCAAACCTCTCCATTGATTACGGAATTGACCTAGATAAGGACCAAGAGCTCTACATCGGGGGAGACAATGTGCTCAGGGGCTACGAGAGTCGGGCCTTTAATGGGGACAAACGCTATGCGTTGAATCTAGAGGACAGAGTTCACCTCTATGAGAATCTGTTTGATATCGTAAGCTTGGGGGCAGCAGCATTCATCGATGTGGGAGCTGCCACCCATGATAGTTTTGGCGAAATGTTCACCGACCGTACCTTTGCTGATTTTGGTGCGGGATTCAGAATCAACTTCCCGAAGTCATCAGGGGCGCGGGTATTGCGCATCGACATTGCATTCCCGATGCGCGATGGGCCCGAGGGGAGCGGCACCATGGAGCCCCGACTTTTATTTTCTGGCGGCCAACTCTTTGGTGCACGATTACGCAGCGAATCACTTGGCCCAGCCAAGGAGAGTCTCGGCGTGGGGCTTAAGCCCTAGCCGCGATAACGGCATCAACCAATCCGGGTAACCGGCGGCAATATACTGTTATTATTATGCTTTCCGAACCACGTAGAAGGCTCAGCCGGGGGCTGTCAGCGACTCCACAATGAGCAAGAGGGCCTTGCGGCCCTCTTACCCCCCAAAAAAGCACGCGACCGACAGGTTGCCCTGCGGTCGCGCTTAAGGGAAAAACTCCCAAGAGAAGAGCTATCTCTTCTTCTTGCTGGAGCTCTTCTTCTTTGTAGCTTTCTTCTTCGAAGATGCTTTCTTCTTAGTTGCCATCTTAATTTCTCCTTTTGTTAAGCAAGATATCTATCAACTTAACGAGGAGCTGCATCGACTGCATTCGAATCAAACTTTAGCGACAACAACTAATATGTAGCGTCGGCTTCTGTTAATTCGCGGCTCAACGAGCCACTCTTCGCCCTCGATAGTACCTGCCTTGCACCCGATGACACCTCACTGTGTCATCGAGAGGGCTAACCAAATTAGTGCCGAGTTCTCAATCTCGCGGCATGCTCACATCACCGCTCGCGAATCCTCGATCACATAATTTTCAGATTGCCATCAAGCGTACGGGTTTGCAAGACATAATTACGATGAGAGGGTGATCGGGGCGGATTCGAAGAATCGGATCCTTGATCACGCGGCGAGCGAACCGACAAATGTGCCACCCCGAATGAGCTCATGACGCTGCCCGCTCCATGACTCAGCGACCACATCTACCTTATCGGAGGAGATCATCATGTCGGTATGCACGGAGCTCTCATTGCATCCCAGAGTCCGCAGCTCCTCTTCGGTGGCCGTGGGGCCATCTTGCAGACAGAACTTATAGGCAGAGCCGATGGCGATATGGCAGGCCGCGTTCTCATCAAAGAGAATCTCCTCGAACACAAGCCCGCTGCGGTACACGGGGGAATCGATCCCTACCAGCGCCACCTCGCCGAGGCGTATCGCTCCTGGGTCGCTCGATATGTACTCGCGAAAGGTACGCTCACCATGACGGGCCTTGAAATCAACGATCTCCCCATTTTTAAAGGTTACTGAGAGCCCCTCAATCAGTACCCCATTGATCAGAAAAGGACGGGTGGTGCTCACCTGTCCCGTTGTTTCTCTCCAGTCCGGGGTAGTGAAACACTCTTCCGTGGGCAGATTCGGCTCGAAATCCTGATTGAAGGGGCCGCGCTCGGATCCCCCCTTGAAGCGCGCCCGCTCTGAGAGCCCTACCCTGAGCTCCGTACCGGGCCCCCGAAAGTCGAGGTAACGAATTCTCAGTTCATTGAGGGCCTCGGCGCGTCGATGCAGCGCCTGGTTATGCTGCTTCCATTGTGCCAAGCAGTCATCCCGATCAACCCTGCAAACGGCAAATATCTCGTTCCACAGTCGTGAGAGCGCCTCCTCTGGGTCGGTGTTCGGCAAGAGCCTGGCTGCCCAACCCGTGGTGGCACCCGCCGCCACGCACCAGTGAACCTTCGATCGACCAATGCCTTCATCGTAATAGCGTTTGCGCGCCTGATAGTGTGCCATCCGAATGGTATTGACTGCCTTTGGGTCAAGATCTTTGTACAGCGAGGGATCCTCCATCCCTACTATCGACAGGGCCGCGGCATGGCCATGTACCATCTCATCATGCTTGGAGGTGATCCAAGCCGGAACAAAGGGGAAGCTCTCGCTCGAACCGAGCCGTATACGCGCACAAAGTGCCCTCGGCTCAACCAAATCGATATGAACGTAGGCAGCACCCCGCTTGTACGATTCCTCAGCTACGAGGTAGGCTAATTCCCGGTGGCAGACCTCGCCGCCGATATTCACATACTGACTGGGTTGAACATTAAGACCGTGTTGAACAATCAACTCGGCATAGCGTCGTAGAAGCTCTGGATTGGTCATAGTGCTTTTCTCCCTTAGTTGTCAGCCCTCCCGTAGCCGCAAGATTGCATGAATCCAATCCGCACGCTTTCCTGCGATGCCCGCCGCACGGTGTGCTTCGGCGCAGCCTCGATAGGCCGTGTGTTGCCAGAGCACCCGTGGTGCCAGGGCGGAGGTTCAGCTTCATGCGAAATCGCGGCTAGTGGCCACTTGCACCACAGTCGGGATATTGTAAGTCTTGCATGGAATATACTAATAGCGGGGTGCGCAAATAGGTATCCCTTTGACGAGAGCATAATCGAACGGCGGTCGATCCGGCCATAGCTGGATAGCTTCCCCGTTTTTCGGGATGCAGGGTGTTTTTTGTGAGGTGCTAGAGTCGTGGCTGAGCGTGTAGATGTTTCAAATCCAGAGGGCTGGGAGGTCGCACGGAATTATGTGGGACTCTTAGGACCGATACCGAGCTCCTTTTCCTCTACCATTCGAACCCTTGTTTCTGATGGGGAGAAGCTTAACGAGAGCTACTCACCGAAGAGCAAATCGCTGGCACTACGACTGGCCAGAAGTCCCAGTCTGATAGGCTCGCTTGAGCGGGTGGCCCGGGAATTTAGACCGTCGGAGACACCGAGTGACTTCACTGTGCAGGCGCTCCCTGCCATATTTAAGCCCTCTGAACTGGCGATGTTGATCGCCTTTATATATCTCTACAGGAAGGCCAAAAAGATCTCCGATCAGGATGAGTGGCAGTACATTAACGCTCCACTGGTACGTCGCGCAGAGCTGGCGCTTGCCGTGGGGGTAGCTATACCGAGTGTTGGCATTTCCCCCTCTCTGATGGTAGCGGGCGCCGAGCTGATTGGGATGGCCACCATACATGCCCATGATAAGCCGGGGTTCAAAGATTACCGACGTTTCCTGAAATCGAAGGGCGAAGTAACCGACGGAGCGTATGAACTGGGTCGTTGGGGATGCACGAGCTCTCAGATCGGCGGTATAGTCTTCCAGACTGCCGGTTTTGGGATCGCTACCGCTGAGGCCTTCGTTCACTCCATGCATGAGGCTGATATAACTGCTCGGGATGAAGCTACCCATAAAGCTCGGCAGCGCTTTCTGGTAGCCAAAGATTGGATCCAGTCTCTCGATCAGTCAGGTAAAGTCCCTGATCGAGTTCATGACGCCCGCTACTATCCGCTCAAGGACGCTCAAGAGCAGCTGCTACGTCAGGCGGCCAAAGTGCAGAAAAGCGGTGAGATCTGCGGTTGGCTGTCCCTGGCAAAGGATGAGGCGGTGGCAGCACTCGAACAGGAGGAGGGCGGCGAGGCAGGCGGTAAATAAAAAAAGGGCCGTTATGGTGTACATAACGGCCCCTGGGTGTGTGTGCGTAGGTGTATGAAAATCGGTATCGAGGATTAAGGGCTTTTCCCTCTAAAATCTCGGTGCTTCCTCTCTCCCCCACTCCAAAAAATTAGGACAGTGAATTTACTACTCGCTCACATACCCTCAAATGGGTTCGAGAGGAGAGTCGGCGCTTATCGGGAGAAGCTTTCGCTTTTGCCGCTCCACTTTTCTTGATGCGGAGGCGGGTGTGAGTTTTGCTGCCATTGGCACCCACTAAGTCGAATCGTATCGCAGAGATATCCCTGGTTACCGGCACGTTCCCCCAGAGGTCCGCTACCCCCTGCTGCATTACTATTTGGTGGTTTTGCTGACAGCGCGTGCCGTTTATTCGAACCTCCAGAC
CP129486.1_gap44	1939022	1940889	1867	GGCAGACTCCGTAATGTTTCCCGATGAAGCAACCGATCACTACACCATGAGATAGGGATAGGCGAGGTAATAATTTTTCGTAGGGATGCTCTGGTAAAGGGAGCGTCTCTAGCAACCTCGGCCGTTCTCGGCTAGACGCCGTATCGATGTACTGGAATTAAGTTGTTGAAATCGTTCACAGCAGCATCACTCAACTTGGTGGCCGGCGCGCTGCTCTTGTTGCTTCTCGGAGTGGCTCCGGTGTGGGCGGCGGAGCAGGTCTACTCCGAAACCCGCTTTCGATTCAAAGATAGTGCGGAGCTTGTCGTCGTTGCGCCGCGTGGTTACGAACGGGCAGCCGTACTGCTCGCCCGATCGATAGAGAAGCTGCATTCGGCGCTGGAGTCGAGTTTGGGCTCCTTACCGCCCTTTTCAACGCAGCTCCGGATGTTAGAGGAGGAAGAGTTCTATACCTCTACCGGTGCGCCCCGTTGGACGAACGCGCTCTACTTTCGCAACCAAATAATCATCCCCATCAACAACAAGAGTGTTGAGCAATCGGACGCGCTCCTCCGCTCTGTGCGCCACGAGTATACCCACGCCGCTATTCATGCGCTGAGCGGGGGAAGATGTCCTGGCTGGTTGGACGAGGGGCTCGCGCAGTGGTGGGAGGGAGCGGAAAATCCGGCGCTTCGACCGGCCCTGGCTCGCTGGATGCAACAGAATAACCATGTGCCCTTTTACCTATTGCAGGGGGGCTTCACCCGGCTAGACGAGGGAATGGTGGCAGCGGCATATGGGCAATCTCTGATCGCCAGTACCTCACTGACCCGTACCTACGGGTATCAAGCACTTCGTAGCTACCTGGACTACCTACGGAGAGGAGACTCTAAACCAAACGCGTTCCACAAAGCATTCGGTCTGCACGAAGATGCCTTTGAGATTCGCATCGGCAGCTCCCTCAAGCGCTGGGCTGAAAGTACACGCTTACACACCGCCTCCGCGACTTCCGTCCGCACTGTATCATCGCGGCAGCCCGTCACATTGGGTGGTCTTCAACGGGCTAGAGCTGAGGCTGAAGTGAGAGCAGTGCCGCGACCCTCAGAATAATGCCCCTAGCGGCTTATCGTACCCGGTCATTTCTAAGTAGCCCTGAAACTTTTGATCAGGTGAGGCGATGGCACCCTCCCAGTAGGTGGGAGCACTATTGTCTGCCCCTGTCGTGATGTGGATCTCCTGTTCGGGGAAGCGGGCCTGTACTACGGTCTCTATCCCGGCCGCTGGAACTGCAATGAACCATTCGATGGGGTAGCGACCATTCGAGTGCGGGCTTTGCCAGAAGCGCCGCTCCTCGATACGAAATTGGCTGCCGTCGAGGTGAATCGTTTGTCCTTCAGGCGATTGCCAGGTGCCGCTTAAAAACGCCCCCTCCCCGTCGCTATGACGAACCCTGAACAACATGAGTGCACCCCCGCCATCGGTATGCAGGGAGAACCAATCCCATCCCTGCACCGTCGGCCGCAACGCATTACTCATGAACTCGTGGTCCATCCACACAAGCCCTTGCACCCGATGGCGCTGCGGTCCTTGGCGCACCTCTCCCTGCATCGGAATGCGCGGCAATGAATAGTAGTATGATGCGCACTCCGGGCAGTTGCCCTTGCGACTGAAGCCGCCTTCACCGTGCAGCAGCGGTCGATCTGTGAAGGGCCCGATCAAGCTCACCGCAATCTCCTGCTCCTGGTGGCTTGTCTCATAGTCAAGCACGAGCGACTCGGCCACGGTATAAGCCCGCCAGCGCCCGACTGCCACATCCAGCTTATCCTGAGCAGCGAACCCCATTCTCAGCAGCCCCCCTCGCGCTCTCCTGTGGTCGAAGGTGAATCGT
CP129486.1_gap45	1942805	1947779	4974	GAGGCGATGCCGAGCGCTTCAACGAGCAGCAGCAGCCCCAGATAGAATGGGCGCACCCCAAGTAACCGCAGGACATCTAGGTCGCTCTTTAGCTCCTGTGTTGATATCTCCACCGCTGCATACACCGCTGCGGTGGCTACGAGGACGGCGAGGAGTATGAGCAGCGTCAGATTCTGCTGGTATGCTGCCACCAGCCGACGGTTGGCGATCCTGCGCTCCGCCATCGATATAACCTCGAACCCGTTTCCGCGCAGCTCTTGAGTGAGTGCCGGTAAACGAGAAGCGCTCTCGGGCTGGATGGGAATAATGACAAAGCGATTGGGCTCCGGGATGAGGTTCCACCAGCTGCGGGCATCGTGCAGGTCGATATACACATCGCCGGACTGCGGAACGAGGGCGCCGATGCGGGAAACGCCGCGAAGAGGAACGGTAGCAACCTGCCCCTGCACTTCAATGACCATGGAACGGTCAGGCTGATCGTCGGAGCGGGCTGTCAAAGCGCTGCCAGGTTGGAACTGCCCATCGGCAAGCGGTGCGATATCGGTTATCCAGATAGTAACCGGGAGCTGAGCGGCGATCAGACGGCCCGAAATCTTCACAAAGGGAATGACGAGAAGATCGGCGGGGAGATCTGCCAACAGTTCAACCGGGCTGACTGAATGCTCAGGTATAATGAGTTCGATAGATTGCGAGGCATTCAACACGCTGCCCAGCTTCTCAATGACGATGGTTGTGCGATTGGCCGCGAAATACAGGGCTTTCGCACAGGCCAGTGCCGCGGCGACGGTGAGCGCGGCCAGGGTGATGCGAGCGATGGATCTCGGCCGCCTGAAGAACAGACGCCGGGCAAGCCAGACTATGGTGGCAAAAGATCCCTGCATTACCCGATCTTTCCATCCCGAAGGTGCACTATTCGGTCGCAGCGTTCGAGCATCTCCTCGTTATGCGAAACCATAGCAATGCCGCACGGGTAGCTCCGTCGCAGTGAGTCTAAGAGATCCACAATCTCATGTCCGCGAGCGGTATCAAGGTTGCCCGTAGGTTCGTCCGCCAGGATCACTTGTGGCCGATGAACGGTGGCACGACAGATCGCCACGCGCTGAAGCTCCCCTCCCGAGAGCTGAGTGGGATAGTGTGAAGCACGCTCCAAGAGTCCGACTTGAGATAGCGCAAGGCGTGCACGCTCATTCGCCTCGTGGAGAGACACGCCGTTTAGGAGTAGTGAAAGCGACACGTTCTCTTCGGCCGTGAGCGTAGGGAGTAGGTGAAAGTATTGGAAGATGAAGCCTATCTCCTTGCGTCGCATGTCGCGAAGCACCCCGTCAGAGCCATGGGTCAGATCGCGGCCGGCAAATATCATGCGGCCACTGCTCGGACGGATGACGAGTCCCATAATTGAGAGCAAGGTGCTCTTGCCAGAACCTGAGGGCCCAGCGATCCCCAAAAGCTCTCCCTGTCGAAGCTCTAGGCTTACTCGATCGAGGGCCCGAACGATGCTGCGCCCCGCATCGTACTCCTTGCTCACCTGATCAAGGGAGAGAATCAGTTCGGTGATCGAGTTGTTCATCGGGCTACCTTGGAGCAGTTTGGCGGTTTACCTGCAGGTGGCCGCCAACGTTCGTACAAACACAGTTCTTGCCGTGCTGGCATGATAGGCCGTCAGGTGAACGAGTTGAAGTCCTGGCAGTACTGCATGTCCCGCATTTTCTTGCAATTTGCCAAGATCCGGATAGGCTCAAGGGCCGGGCCCGAGCTGTAAGTGCCGACCTTTAGTGCTTAGGAGGTTGGGGTAGCCGTGCAGGCTGTTTGGTCGCCGGCCCCACGGGTGCTTGGGCCAATGGACCCAAGCCATAGACGGTATCTCAATATTGAAATCGGGTAATAGGGTGCAATGAGCGCAAATCCTGTGCAGAGGCAGCAAGTGGTGTTGGGGAGTGGTGACACGCAACGCTCTCCCCGACCGCTCCACGGACGCTCCTCGCGCGCTGCCGCATCGATCTTAGTGCTGCCTCGACAGCTTTCCCGAGCGCCGCTGCAAGATACCCTTGCCAACATTCACGACCTTGATACCAAGAGCGGGAACGTGGTCATTGACGCTTCCCAACTGCGCACGATTCCGGCCGAACTGTTCGGAGCCATCTGCGCGGCGGCACATTCAGCAAAAAAGAACGGCAATCATGTGCAGCTCTTGGTGCACCCGTCCTCGACAATCGCACTACTTCCGCACAACGGCATTCTGGTGCAGGGAGTGGTTGCCGACACCCATCCGATTGATTTGAGGGTCAAGCGACAGGCGGCTCGCGGCGGCTCGCAGCAAGAGATCTCTCGCCTCGAAGGAAGGCTACAGGAGCTTGGTCGTTCCTGGTGAGCTCGGGAGCTGCGATTACAATCGAGTTATCCAGGCGGTCGAGAGGCGATTCCAGGACCACTCCTTGTGCAACAGGGCACAAGGGATGACACCATACCGTTGGAGCTCTCGTTGGACACAATAGAGTGGCCGAGCTCTTAACCATTCGTAAAGACATACCGTTTCCTTTGCAGCGACTTGGTCGGGTGATTGGACTGAGTCCGCAGCTTGGTGGGCTGCTGTCTAGTGCAGCAAGGGGATGGGGACCGTTTCATCAACTACCCGTCAGCTGAGTAAGCTTCTGTAATTGTTGCTCGATTGGATAGTGCCCCCTGAGACACTGAAGCAGCAACGATGTTTAGGTGGACTAAATAAACTAGGACAGTACTAAGAGACACCCGACATCAACGATGTTCCCCCGCTACTAGGAGAAAATCCTAGGGGTATGTCTGAGATGACAAATGGGGTGCTCTTGGGAGCCCAGTGCTCTTTCTCCCTGAGGTCACTATTGTGATGGAATGGACTTGTTGCCGATCGCGGATGTTTCAATGCTGCATCATTATTGTCGCTTTAGTGATACAGGGTGGCGTTTTGGGAGAACTGCGCGCCGATCCGTTTCAATCGCCGGATGACGCCATAAACCACTGCATAGAGTTAGGAGTAGTTGCTGACTCCTCTCCCGAGAGTTATTCGGCAAACGAACTCGCAAAACTTCTCCTAGCAAATGATGACGAAAAGGACCCTCCACAAATTTGGGCATGCGGAGCAAACGACTACCGACGCTTCTCTCGCTTTTTCCTCATTGGCAATCCTGGCCCTCTCGAAGAATGGAGCGGGGAGTTGTTGTTTCAGTTAGGAACTGCTTTCTGGGAACAGAGGGCCGTAGTGAGGAATGAGGCCGAGCAGTGGGTGGCAGAACTCATATGTGTGGAGCCCTGTGACCAGAAACACACCTGGGTGGGAGAGCCGAAAGTAACGCTCTACCGGTCTGATGCGCAAGGCGAGCCCATCACCCGACATGCAATACTGACTGTTGATGGTCCATGCTATAAGGGAGGACCAATCATTGATCTCTGTACCAATCCAGCCCGGCGTGAGGAATTCCGGGATCGAGCCCTCCAAGCGCTTCGAGATAAGGGAGTTGAGTGCCCGCCGGGCTACTCAGTCGCATCGTATGATGTTGAGTTCTTCGCGCACTCCTCAGGCACGAGGTCCTGTAGAACAGCTGATGGAGCCTCCGGACAACAGTACAGCCTGAATATGGGTGTGGAGCTCACCTGCAATCCAATTGTCGGAGAAGATTGGATGTTGGAAGTGTATGTCGATGCTAGGCGCCGCTGCGATGAGAAGAGTGCACTTTCAGAGGCGCAGGCCGCAGGGGATCTCTAAAGTGGCCACACTGATTGGCACCACTACGGATGTAATACTATAACTCCTTGAGGCGCTTTCACCCCCGCATTACTGCAATGCCATGCGCAAGACGCCGTGCAGTGACGGCTAAGGGTATGACCTTGCGATGCTGTTCGGGCTGCAGCGAATACTCCTCGCCCAACGGGCAACGCGGTTCTCATACCGCATCCAGCACTGCCTGAAGCTCTGATTGAAACTGGAGTACTTCAGCGTCAAGGTTTTCAATGCGCCCCCTGAGGTCGCCAAGCGTTGCGGCGCGGGCCAAAGATTCGATTTCTCCGCACAGCGCGTAGCATCGAGCGGCTCCGATGTTGCCGAATGCTCCTTTGAGGGAGTGGGCGATCTCGGAAACCGTTACGGAGTCGTTTGCCGCGACACCAGCGCGGAGCTTAGGGAGATCCTCGGCATACATATTGATGGCGAGTCTTACCAGCTCTCTCAGGAGATCTACATCCCCCTCGACTCTCTCAAGCGTTGCCTTGCGATCGAATATGGGAGTGTTCATGCTGCTTTCGTCGGTATTACTTCTTGCTCAACTGAGCCACCAATTCGCGCGCAATTACCAGTCGTTGGATCTGGCTCGTACCCTCGTAAATTTGCATCAGCTTGGCGTCGCGCATCAGCTTTTCGACAGGGTAGTCCTTAGTATAGCCATATCCTCCGTAAATCTGCACCGCGTCGGTAGTTACCTGCATGGCCATATCGGCGGCGAAACGCTTGGCCATGCTGGACTCCATTGAAGCGCTCAGTCCTTGGTCCAGCAGTGCCGAAGACCGGAGGGTCAAGAGTCTGGCTGCCTCAATGTGGGTTGCCATATCGGCGAGCATGGCCTGAATTGATTGAAACGACCCGATGGGCTGTCCGAACTGCTTCCGTTCGGTGGCATAGGTGGTGGCATGAGAGAGGGCCGCCTGGGCGATCCCGACCGCAATCGATGCGGTCATCGGGCGGCTGCCATCCAATGTCTTCATAGCGATGGAGAAGCCCTCCCCCAGCTTGCCTATGAGATTCTGCTTGGGCACCCGCACATTGTCGAAGCGAACCTGCACGGTGTTCGAGCAGCGCTGGCCGAGCTTGTTTTCATGGTGCCCCGTACTAAGCCCCTTCGCTCCGGCAGGAACCACCACACAGCAGATGCCCTTGTGTTTCTTGGATCGGTCAATCGTGGCAAAGACGGTATACTGGTCTGCCACCCCGCCATTGGTAATCCATTGCTT
CP129486.1_gap46	1950973	1955010	4037	ACAAGCGTTTTCCCCTCCAGGGAACTCTGCAGCTCTCCCACCGCTTGCGGACTGAACACCTCTGGGGCTAGGGGCGGGCCATACTTGCCGCATCCGCCGCTGCACAGCATTACTGCACACAGTAACGCGCAGCCGACTCGCGGGCTGAATCCAGAACGGAGTCGCAATAGCCGGTCGCTGCTCATGCCCTCCTCCTATTTTTCAATGAATCCCTTGAGTCGCTTGGCACGGCTCGGATGGCGTAGTTTGCGAAGCGCCTTGGCTTCAATCTGGCGAATACGCTCGCGAGTGACATCGAAATTCTGGCCTACCTCTTCGAGGGTATGGTCGCTCTTTTCGCCGATGCCAAATCGCATGCGCAGGACCTTCTCTTCGCGCGGAGTGAGTGTGGCGAGCACGCGACGCGTCTGCTCCTGTAGATTCATGTTAACGACTGCAATAGCCGGTGACACGACGCGCTTGTCCTCGATAAAGTCGCCTAAGTGCGAGTCTTCCTCTTCACCGATCGGGGTCTCCAACGAAATTGGCTCTTTGGCGATCTTCATGACCTTGCGCACCTTCTCGATGGGGATCTCCATCTTCTCGGCGATCTCTTCGGGAGTGGGCTCGCGCCCAAGCTCCTGCACGAGCTGTCGCGAGGTTCGCACAAGCTTGTTGATTGTTTCTATCATGTGCACTGGAATGCGGATGATGCGGGCCTGATCGGCAATGGCGCGGGTAATGGCCTGACGAATCCACCATGTCGCGTAGGTGGAGAACTTATAGCCGCGTTGATACTCGAATTTATCAACGGCCTTCATCAGTCCGATATTGCCCTCTTGAATCAGGTCCAGGAACTGCAGCCCGCGGTTCGTGTACTTCTTGGCGATTGATACTACCAGCCGTAAGTTCGCTTCAATCAATTCGCGCTTCGCCTCGGCCGCACGGCTCTCACCCTCGCGCAGGCGTTTGACCGACTCCTCGAATTCCCCGAGCCGCATCATGCACTCGTTCTCTAGTATTTGCAGGGTCGTGCGAAGGGCCTGGAGCTGCTGCCCTAAGTCGCGGGCATCCGGGGCGCGCAGACCGAACCTCCTGCAGACCCGCTTAAACTCCAACTGATTCTCTGAAACCAGCTCTGGAATAGCGCCGAGCAGCTCCTCTATCGCCCGCCCGTGCCGTCGAGAGAGCTCAGATAGCTGGAAAAAAGCGCTGCGCGAGATCTCGGATTTGTCCTTAATCAACTGGCTCATCAGCATGTACTGCTTCTGGCTGAGGTTCATGGTTACGATCTTCTGGGCGTTGCGCTCGAGCTGCTTGCGGTATTTTCGCTCCAGCTCCGGGATGGTGCGTTTTTTCTGGGCGTAGGCCGCACTGAGCTCCTCATACAGCTTGCGGATGTCCTTATAAGCTTTGCGGTAGGGCGTTGCTGTTTTGAGAAATTTGCGTTTTTGCTCCTCTTCCTCTTCGTCAATCTGCTTGACGGGCTCCTCGGGAGCTGCTTCTTCTTCGTCGTCAGTGGGCTTGGGCGGTGCTTCCTCCGCCTCGTCCTCTTCTTCTTCCTCCTGTTCGGTCTCTTCATCCTGAAACAGGTCACGCAGGCGCACTTCGCCGTTCTTTACCTTGTCGAAAAGGTCATGCACATAGGCGATGCTGAGAGGCTGGCGCAGAAGCTCCGTCATGGCGGTCTGCTCTCCGGCTTCGATGCGCTTGGCAATCTCTACTTCACCTTCTCGGGTCAGGAGACTGACATTGCCCATCTCCCGCAAATACATGCGAACAGGATCGGTGCTGCGATTGAGTGCATCGGGTTCTACCTCTTCCTCTACCGCAGCTTCTCCTGCCTCGGCTTCGCCCTCTTCTTCGAAATCGTCGGGCGGTGTGGCGGGAGCAGCTTCCTCCTGCCCTCCAAACAGCTGCAGCACGTCTCCCATTTCACCTTCCGCAGGTGCTGTCGGAGCGAGCCCATCATCGATGTCATCAAGGGTCAGGTAGTCACGGCTCTTGCCCATGTCGAGCAGCCTGCTCATGTCGCGCTCTGGATTTGGCGGCTTACGGGTGAGTACCGGCTGTTTTGTCGGCGGAGGCGGTGTCGCGGTTTCCGGGGCGACTGGGGGCAGTACCTTGCCTTTGGCCTGCTTTGATTGCTTTTTCTCTAGCAGTGAGCGCACGCGCGCACGGCCCCCGCTGCTCTCCTTCTTTTCTACGCGCTTTGCCGCTGCTTTGCTGCTCAGCCGCGCTGATATGGATCTCAACTTTTTAGGTCTGAGTACTTTGCGCTTTCGGTCTCTTGACATGCGTCCCTTTGCCACAACCCTGAACTCCCTGACAACTAATCGCTACGCAATGCACTGCCATCACGAAAAGAGCGTGCCCCCATTGCTCCCAAACTGAGAGGCGTGGGAAGGACCGTCACTCTTGCCGTAATGACATCATCATGAAACTCACAATTGCTTTGAGATTATCTTGTGTGATGGTGCCCCCAGGCGTCGAACAGATGAAAAGCTTCCCCATCCCTCGCGCGTGAGGCACCCCGAATATCCCTCTCCTGGTGCTCACCGAATCCCGCATTATTGCTCCAGTGAGAAACATTTGCAAAGGGCTGACACAAAAGTATTTTTACCCCTGTGGACGGGTCTGACGAAGCTGCTGTTCGAGTTGTTGCAGCTCCTGGGCAAGCGCCATTCTTTTCCCGTCGTCCGTGGCATTACTGAGTTCCGTCTGCAGTGCAACTATCCGCTTCTTCGTCCTAAGTCGTTGAATTGACGAGCGACATTCATCGTAACTACGTGCAAAGTTGACTGAATCATCCTCGCGCATCTCATGGGCCTCTTTCCATAGCTCACGCCAGGAGGGGCCGAAGGAGCGCAATAATTCCTTAAGGGCTTCCTTGCGTTCCCCCTCCGCGGCACCTTGCTCAGCCCCCCCCACCTTACGGACCTCTGATACCCCCTGCAAAAAAGCCAGGGTGGCCGGCTGCACTTCGGCGCATATAAGGGGATCCCGAAGGGCGCTCTCGGCGTTCGTCCCCTTAAGGCCCATGGTTGCTCGCAGCAGCTCCTGATCAATGCGTGGCAGATCCTGGATAGCAGGATAGGCCATCGCCTCAGCCGCGGGCTGACGAGCCGGCGCGGCTAATGGCTGTTCCTTGAGCGGTTTCCCCTGTCGGACAAGTGACTCAAGCTCCGTCACCGGAATGCCTAATCGAAGCGCCGCTTTTTCGATATAGGCGTGCTGTTCGACCGGATTGCTGACCTTCAAGAGCACCTCCCGCACCATGGTGGCCAATCTGCCCTTGGCTGCCGCTCCGCTCGGGACACCCTCCTGATCGAGCAGTCGTCGAAGGTAGCAGTCGAAGAGGCTGATCCTGGGCAATTCGGCCAGGCTGCGGGCAAGGCCCTCTGTCTGAGCGGCTGCATATGAGTCGGGGTCGTGGCCGGATGGCAGAAAGATCGCGTCACTGTCAATTCCGGAATTGAGGAACAGTTCGAAAGCTCTCCCTGCCGCGTTCATACCGGCCTGGTCGCCGTCAAAGAGCACCGTGACCCGATGAGCGAGATGGGAGAGCCGCTTGACATGGCGAGGTGTGAGCGCGGTTCCGCATGCCGCCAGCACATTGCGTACCCCGGCCTGATGCATCGCGATAACATCCAGATAGCCTTCGACCATATACACATGTTTCTCTCGACGAATATCGTCGATGGCCTGCGGACCACCAAAAAACACTCTGTTCTTTTGGTAGAGGGGCGTTTCAGGCGAATTAATGTACTTGGGAATCTTGTAGTCCTCTCGATTCTCAAAGAGCGCGGGTATCATTCGACCGCCAAAGGCTGCGATACGCTTGCGATCGACCCAGATCGGGAACATGAGCCGTCCGCGAAAGGTGTCAATAACCTCTCCTTGCTGGGAGCGGCGGGCCAGACCTGCGGTAATAACGAGTTCCTCTGAACAGCCCTTGCCCTTCAGATATTCGAGCAGCCCCCGGCGCTCGAGTGGAGCAAAGCCAACCCCGAACGTCTGCATCGATTCCTTGCTGAGCCTGCGGCTCTGCACGTACT
CP129486.1_gap47	2036942	2039234	2292	GCGCTCACCGCTCAGTACAGAACCGCTATTGTCTTGGTAACTCACGATCCCGCCTTGACCGTCGGAGCCGATCAAATCATCCGGCTATCCCATGGGAGCATGGTCGAATGAACTGGATGCTGCGTCTTGCCTATCGTGACGCGCGCTGGGGACTTTCCCGCGTTGCATCGGCATATCTTGCGCTGGTGCTTGGCGTCGCCGCGCTTGTGGCAATTTTAGGGGTGGAGGAAGACATTCGCGCCTCCATCTTCCAAAACACCAGGAACCTCCTGGGATCAGACATCGAGTTCTCATCGAAGCGCCCGCTCAGCGCTACGTTTCTCTCCGAGCTTGGCCCTTTCGTCCAGCAACAGGCCCATGAAGTGCGATTTCGCACCATGGCAACCGCTCCCGAAAGCAAGCGCTCCCGTCTTGTGCAACTCCAGGCGGTCGATGACGGTTTTCCCTTCTATGGCTCGGTAACTACTTCCCCGCCCGGCGCCTGGCAGGAGCTCCAGAGTGGTGAGGGAAGTCCGGCCGTAGTCGAAGAGACTTTAGTCCGGGAGCTAGATCTCTCCATTGGGTCCACACTGAAAGTCGGTCCACACACCCTGAGAATCATCGGGGTAGTTCACGATGCGCCAGGGCTCGTCGTACCGGCCTACGTGATCAGTCCAAGGGTTTTCATCAGCTATGCCGCAATCAAGGACTCTCCCCTGCTCACCCGTGGAGCCCTTGCCGATTATTATCTGCACTCCCAACTGCGCTCCGGCACCACCACCGCCGACGTGTCGCAGCACCTCCAGGCCGTCCTGGCTGCCGAACGAATCGAGGCGAGGACGCACCAGCAGCGGGCCGAGGTGCTGGGGCAGGTCTATTCAAATGTGGGTCAATTCTTGTCCCTGGCAGCGTTTGTTGCACTTCTCATCGGGGCAGCAGCAGCAGTTGCATCAACGCACATATATCTGCAACAGAAATTCGCACTGGTAGCTATTCTGCGTTGTCTTGGCGCATCACGGCGCGAGAGCACGTTGCTATGCCTACTGGAGGTAGCGGGCCTTGCGTTTCTTGCCTCTCTACTTGGTGTTGGGCTGGGTTTGGGCGCACAGTATGGGCTGGCCGCCCTGCTCCACTCCTTGGTTCCCTCGGAAATTGATCCGTCGCCCCATCTGCCAGTCGTAGCTGCCGCACTCTTGGTGGGTGTCGGAACCGTAACCGTGTATGCCTTGCCATTAATGGCGCGCCTGAACCACGTTTCTCCCCTTCAGGTTCTCCGCCCCAATGGCCTGGACGAAGTTGGAGCAGCCCGCTACCGCGCCGGTACGATGTTTCTCGTCATTGTTATCACCGTCGCTTTTGGTTTCCTCGTCGCAGAGTCAACAAAGGCTGCTCTGATCAGTATCGGCATTGCCTTGGGAGGCCTCGCCATGTGTGCGCTCTTGGGTTGGCTCCTCCTGTATGTGGCGAGACGCATACCGGAGTCCCTGCTCCCCTTCTTATGGCGCCATGGCATCAAGAACCTTATGCGTCCCGGAAATGCCACACTGCCTCTGATCATGGCGCTCGGTACGGTGGGGATCTTTTCTAATTTGATCCTGATCTGCGGCCACTTTTTGACCTTGCACACCGATAAGTTCCGCCACGAACAGACCCCAAACGTGTTTCTGTATGACATTCAAAGCGACCAGCGAGAACCCGTGCGGACCGTCTTGCATCAGCTGGGGGCCAAGGTGCTCCAGGAGACCCCTGTTGTCATGATGCGTCTTCAAAGTGTAAAGGGCCGCCCCGTGGGAGAACTCCTGGCAGCCCCGTCCAATACCATCCCTTCCTGGGCACTCACCCGCGAGTATTGGTCGAGCTACCGCGAGCAGACGGTGCCTAACGAAACGGTGATTGCAGGACAATGGGTGACAAAAGCGGACCCAGGCGACGACCGGGTGGCTGTCTCGGTGGAGGATCGCATGGCCGAGCGGCTCGGAATCAAGCTGGGTGATGAGCTGGTATTCGATGTGCACAACCGACCGCTTGTAGCGCGAGTCACCAGTCTGCGTACCGTGCATTGGGAGCGCATGGAACGGAATGCGCTGATGGTGTTTCCGAGCGGCATTTTAGAAGATGTCCCGCAATCTCGCTTTATTTCAGCGCACATCGCTACAGAGCAAAAAACGGCTGACGTGCAAACGATTTTGCAGGAGCGTTTCCCGAATGTATCCATGGTTGATCTGCGTCTTGTGCTGAGGGCGATTGACAAACTGGTGGAACGCATAGGGTGGGCCCTTGCTGCTGTCACGGGTTTAATCGCCTTTGCTGCAC
CP129486.1_gap48	2168809	2170773	1964	TGCCACGAATGCGTTGGTCGGGCACCGCTGCAAGCAGCGTGTACATTCACCACAACGACCCGTGGAGTGCCTCTCTGCCGGGACATCAACAACCTCGATATCCCACAACACCTCGGCTAAGAAAAAGTGACTTCCCACCCCCGAACGGATAAACATCGTATTCTTGCCGATAAACCCGCTGCCGGTGCGCGCCGCCACCGCGCGCTCAAGCAGTGGCACGGCATCTGAGAATATCCGCACCGCGGGCCTGCTCCCCACATTTGTTGCCACATCGCCCAGTAACGCCTCAAGCCGCTGCGGAAGTACCTGGTGATAATCCCGGCCCCACGCGTATCGAGCTACCCGTCCAAAGCCCTGCGGTCTCGCCGGATGAGCTCTGGACGAGTAGCGCACCGCGAACGACACTATAGATCTGGCCTGCTCGAGCAAACGTTCCGGGTGGGTGAATAGCTCAGGGTCCCGCCCCATGTATCCCATTTCGCCGTGACAGCCCTGTTCCTGCCACACGCGAAGTCGTGTCTCCTCATGGCGAATCGCCCCAAGGGGCACCACTCCTAAGAGGGTTAATGCGTGCCCTGCGGTCATGCATTCAAGATCTGTATATGACAGTACAGCCATGTAAGGCTCTTCCTTGGTGCGCGCTGAGCGCGGCTATTCAAAAAGTACTGCGCGAGACACTTATTGCGAGAGCCATGTTACCGAAGATCTTTCAACCACACATCACTTCGCATACCCTATTGGCGATACGATTCTGGTGCAGTATGAGATCCCATAGGGATGGACAATTATGCAACGAAGCTTCCCCCGTAGGGACGAAGAGCCGACTCCCCCAAGCTTCCCTCTGCTCTTTGTCGGCTGCACCCTGCAGCCGGGCGAAACCGCTATCCGCGCCTTTGCGGCGGACCGCCATTTCGTTAACAGCCTCGCTTCCATCTTTTGCTTCCTCGCCGTGTTCTTTGGTCCAGTGCTTTACTATCAATACGGCTTCGGTGTGGCCTCCTTCAGCCAAGCTGCTGTAGCGGGCTTCACCCTCGTGGTGCTCTTCTTCTTCATGTGCTGGGCATTTTTGCAGACCGTGATGTTCCTGGTATTTGGAGTACCGGTCACACTGCTAAAGGCGATTGCTATCCTTTGCTACAGTTTGAATCCGATAACCCTGACCCTAATCATCATTTACGCCTTTAATTCCCTCTCCAGCGGTACCATTTCATTCCACGGCCTGCTGTTCACGGGACGGCTGCAGGGAGCAGACACCTATCTGCGGGTGATTCCTTATGCAAGCTGGATCCTGACTGCAATTGTCCTGTACCTTTTTATGTTGTGCATAAGGGAGGCCGGGAGACTCAGCACCCTAGTCGCTATCGGGCTCACGGTCCTATCCCTGGTCCCCCTATCAGCGGCCTTTGTAATTGCCGTTACCCTTGGAGAAGTTGTGGAGCCTGGAACCGCCGCCGTCTTCTCCCGGCTTCTAGAGCTTTATCTGCACTCTCGAGGCGGTTAAAGGCCAGGATGGTGCATTGGGAGTGCGCGGTCCACTGCAGCTCGACCGAAATCGGTGGTTAGTACTTTGCAAAAAGTGGCGGTTACTGTGTATAGTGCCCCTCCCTTGGGTCCCCATCGTCTAGCCGGCCTAGGACGTCAGCTTTTCAAGTTGAAAACACGGGTTCGAATCCCGTTGGGGACACGACTGCGTTGCTGCTGTCCGGGTCCGGCGCTCGCGAGCCCCCACTTGGGTCTATCCGGATCATCCTTTTCCCATCTACACTAGCCATCGATTTGTCCCTCGCTATCGATGGAACTCTCATTACTTCGTGAATTAGTGGTAACGCTGGCACTGGCACTTGTGGTGTTGCTGGTGTGTCATCGCCTGCGCATTCCAGGGCTGGTGGGGCTTCTTGCGACAGGAGTACTTGCTGGACCGCACCTCTTAGGGATCACGAATTCCTCCCATGAAATAGAGCTGC
CP129486.1_gap49	2177665	2178635	970	CATCCGGCCGAGGCCGAAGCGGCCAGCAATATCCTCATCGCCCCCTTCGACGCGATGCTGCCCATATTGCCGGTACAACCGCACCACAGCATCAGATAGCGCCTCGACATCGCCTACCCTTACAAACGCCGACTCAGCCCCGGCGATCAGTCGCGCATCTCCCACATCAAACCCTGCCACTCGCAATCCCGCTGCACAGCCCTCCGCCACCACGTTCGGGAAGCCCTCACTAAGCGAACAGAGGCAAAGCATATCAAAGCCGCTATACACTGCTGCCAAGCAATCAGTGTGCGGCATCCAGCACAGAAGATCTTCTATTCCTAGTTCACCCCCATAGCGTTTTAGCTCAGAGGTCAGTGGTTCACGCTGTTCCCCTACAATAATAAAGTGTACGCCTGGAATTCTTGACCGCACTGCTGCTGACATACGGAGGAAATGTCTGTGCCCCTTCACCACGTCGAGCCGTCCGACGATGCCTATTGCAAAATCCGAATCTTTGAGGCCCCAAGCCCTGCGCATCGTCTGCCGACTCGCAGGACTAAATGCGTAACGCCTTGCGTCAATGCCATTTGGAATGACGCGCAGCTTTGAAGCTGGAAAACCCCGCTTTGATACGGCCCACTCTCGGCCACGTTCCGAGTTAGCCACTATCACATCCGGAATGGCTGCCAATAGCCGCTCTACCAGCCAAACGAGCTGCTCTACGATTCCATATAGATGGTTCGGCATGTCTGCATTACGCAGCCCCCAGACTACTTTGCTTCTCACCCCACACAACGTAAGCAAAGCACACAGCACATTCGGCACACTGAGCATGCTGTGAATAATCTGAGGGTTAATGGAGCGGATGATGCTGCGTAATCGATGCATGGACGATACAAGATCCCAGCGTCCCTTCTTGCCAATGCAGTGCACGGTCACTCGATGATCAGACAAGGAGCCGCTATCAAACACCGAAGGATACAGGGTG
CP129486.1_gap50	2194877	2197252	2375	GCCGCAGCAGATTTCTGAGAAAGCAAAAAACTACCTCTCTGAAGAGGACCTTTTTGCAATGAATGAGGCTATGACCTTCGGTGCCATTGCTGCGATGGACGCATGGCGTGACGCTGGCCTGGAGATCCCGGCTCGCGAGTCAGAGCAGGTGCATTGGGGGAGCGGCTGCGTCCTGGGCTCCGGCTTAAGCGGCATGGATACGATCGGAGAGAAACTCGTACCAAATGTGAACGCGGGGAAGGTGCGCCGTTTAGGAAGCAGCATGGTGGAGCAGACCATGTCCAGCTCTATCTCCGCAAAACTGAGCGGCCTGTTGGCCCTGGGCAATCAGGTAACCTCGAACTCCAGCGCCTGCAACACCGGCACTGAAGCCATTCATGACGCCTATCTGAGAATCAAAATTGGCCTCGCCGAACGCATGCTGGCAGGAGGATCGGAGAGCTCCTCGCAGTACATCTGGGCCGGCTTTGATGCGATGAGGGTGTTAAGCAGCGAGTTCAACGAAGAGCCGCATCGAGCCTCGCGACCAATGAGCGCTTCGGCTGGCGGCTTCGTCCCCGGATCAGGCTGCGGGGTGCTGGTACTTGAGAGTTTGGAAGCAGCGAAGGCGCGCGGCGCCCGTATTTATGCAGAGATCTTGGGAGCAGCAGTGAACTGCGGCGGACACCGTATGGGTGGCAGCATGACCGCCCCCAATAATGTTGCGGTGCAGCGATGCATTCGACAGGCGGTGGAAGCGGCCGGTATCTCGCCATGCAAGATTGACACTATAAACGGCCACCTTACCGCAACAATGGGCGATGTGCTCGAAGTGAACAACTGGGCGACTGCTTTGGAGTGCGCCCCTAAGGATCTTCCACTTATTAACTCCACCAAATCGATGATCGGCCACTGCTTGGGGGCCGCCGGCAGTATCGAAGCGGTCGCCGCGGTATTGCAGCTGCATGAGGGTTTTGTCCACGGCTCCATAAACTGCGAAGATCTGCATCCCGAGCTTGCCGCCTTCGAGGGCAGCATTGCCCGTACAACTATCGAAAAGCCCATCGAGATACTCGCCAAATCGAGCTTTGGGTTTGGTGATGTAAATGGCTGTCTAATTTTGAAAAAGTGGCGTAATTAAGGTCATGTGTCTGTGAGGAGGTATCTATATGCAAGACCAGGTATATGAGAAGCTGCTCGAAATCGTAAAGCCCTTTGCCAAGAACAAGGAGGCCTTCGAGAAGGCAACCGAGAGTTCGAGCTTCCTTGATGATCTCGAGGTGAGCTCCTCACGGCTGGTAGACATCGTCTTAGACATTGAGGAAGCCTTCGAGATCGAGGTCGCCGATACTGAGGCAGATAAGATCGACACGCTGGGATCCGCGGTAGCCCTTATCAAAGCCAAGACGGCAGGTCGATAGCGTGTCAGCAGTTGTACCGCTCGACGCGCACCAAATGATAGCCGCCACACTTCCTGCAGCGCAGCGCATTCCGCTTTGGATTCAGCGCGGATTGGGTAGGCTTTTTGTCGTTCCCCTTAGCATTATCGTGATTGCACTGATGAAGTTTTGGGCACGCTTCCGTGTGTCCAATCATCGGGAGCTGCGTGAGACATTTGCAACGCTCACGGCAAGCCGCGAGCCCTTGCTCATCTGCGCGAATCACCTCACTCTGATCGACTCAATAGTGCTGCAGTGGGCACTTGTGCCCATTCGGGCCTTCGCGCTGCAGTATCGACTGCTGTTTTGGAACCTGCCAGCCCGTGAGAACGTGCGGCGATTCCTCATATGGCGCATCATCACCTATTTGGGCAAGTGCATCCTGGTTGACCGGATGGGGGATAAATCCACGAGCCAGGGGCTCCTGCAGAAAGTGCGTTATTTGCTGCAGCGCGGGGAGATCGTGAATATATTCCCTGAGGGCACCCGCAGCAGAAGCGGTCGCATTTCTCTTGAGGCCACCAACTATGGTGTCGGACGAATCCTGCAAGCCACCCCTGGTTGCCGGGTTCTGTGTGTCTATATGCGTGGACGATCCCAGGAGCGTTATTCGAATTTCCCTGCGAATCACGAAGTGTTTGACCTTTCCATGGAGGTCATCTCTCCCGCAACAGCGCTTCCCGGGTTACGGGGGGCGCGCGATATCTCCCTACAAATAGTGGCGAAGCTGCAGCAGATGGAGGAGAAGTACTTCTCGAGAGGCTATGCAACTGCAAACGTTGGGTAACGATATTGTTGACCTAAAGGCAATAGAGCCACCGCTACATCCAGGCTATAAAGAGCGGGTATGCACTCGCAGAGAGGGCGTCGTGGTGGGGAAAGACCCGGCGATGCTTTGGCTGCACTGGGCAGCGAAGGAGGCGGCATACAAAGCCTTGAAACGGATTGATCCTAGGG
CP129486.1_gap51	2200060	2202010	1950	AACGGGTGTACGAGGCCTGTATCAGAGTAAGGGAGGGTATCGCCTTCCCTACCCTTAGGCTCATGAACCACATCTTGCTTGGAATACTTGGGCGGGTGCAACGAGACCGTAAGATCGTGATCTGCCACTACCTATGGATGGGAAATCATTTGCATATCATGTTCGTCATGCAGGACGCAGAGGCCTGCATCTGTTTCTTTAGCGAGATCCAAAAACAGATTACCGACGCCCTAAAGAAACTCCTTGGCCTTTCTTTCCTCCACCTTTGGGAGGGAGAGCCCTCGATCTCTATTATCCTAGACCCAGAAAAAGCCGAAGAACGAATTCGGTACATCTACTGCAATCCAGCTCGCGCTCACCTCGTTAAGAGCATAGACGACTATCCAGGTCTTTCTAGCTATCAGGCCTTTCTTAAAGCTCTACCAGATGTAGCCGCAGACATCTCGGAGGAGGTCCCATGGTTACGTCGAAGAGCCCTGCCGGTACTTCCCTCAAGGCTCCTCAGCAGACGTCAGGACTACTATTTAAGCGAGAAGCTCCTTTCGCAGAAGCATCGGCGACACACGCTTTCAATATACCCAAATCGCTGGCTAAAAACCTTTGGCATCACGGATCCCGCCGAAATTACTGCTGCAAATGGGCGCATCCTTAGGGCAATCAAAGAGCATGAGGCTCAATACAGCGACCAGAGGAAGGCCGCCAAAACCAAGATTGTAGGTGCGCATAGACTCGCCGAGCAACCGATACTTCAACCTCATACCCCGAAAGCGCGCAGCAGACGCATCTATGTGCTCTCCTCAATCGCTGAGCGTCGCGCCGAGTACATCACACTCGTCAAATCCATTACCGCGCTATGCCGCGAGCTCTACCAGTTAGCAAAACGAGGCTGTGCTGTTATCTGGCCGCCCGGCGTCTTCCCACCGCGAATCCCGCGACTCGCGAATGCGCTGGGATAACTGGGCGACCGTCCAAAGAATAGGTGCCGGACGTATCCAGCCTGAGAGAAGGGCGGCGGAGAGGGTGCGTGCTCAGTGTCAATGTTGCACTCTGAACCTGTTCCCCAGGGGGTCCTATCGACCTAATGTCCTCGCTTAAACCCCAAAAATGACCCATGGGGGCTGACACATCGTCACCCCAACACCATCGAGAAGTATCGGGAGCCCCTTGAGTGAGGAGATGAGGTCAGATGATGGGTGGTACCAGCTAAAAAGTATGCATAAGAAATAGGGCTGCGGCATACTCGGAAGCATGCGAACCACTGAACACTCTTTTCAAGAGGAACCGGGGCGAAATGGAAATGGTAACCCAGGAAATGGTAAGCCCGGGGATCTTCTTGCCCGGTTGATGACGTCCGGAGGCCTACCGCCGCTCGACCAAACTTTCCCGGTCAGCGAAACAGCCCCACAGCGTTGGCAACGACTTTTCTCGGATGGCATCGCTATCAAGGAAGCATTTAACCTCCCTTACATTCAAGCCGTTGCTCCCGCCTTCGCCGCGGCAGTACTCGCAGTCGGCAAAGAAAAGGTAGAGCTCCTGGTAATCGGCGGTGGTGATGGACACTTCTCCCGAATGGTGCTCCCCACAGTGTTGCAGCTCTTGTCAACAAGACCCACACCGATCGAGGTCAATGTTCTAGAAACCGACCTAACCGATAACATCCTGCGAGCTCCTGCCAGGGCAGCCGTGGTGGATGCACGGGAGCTCGACCGACACTACATGGCCGGCTCATTCGATGTTGTGGTAGGCGAAGCGATGCTTCATCAAGGAGGACCAAACGGCGTTGCTAAAACTATCCAACAGGCAGCCCATGTCCTCTCCAGATCCGGAGTGTTCGTGCATGTGCAAGATACTATACCCGACCCCCGAGATTGGGTGTCACCGGCTCGCCTCAGCGATCTAGGAATCGCGGGCATTCCTATCATGCGCGCCGACTCCGATAAGCATCGGGTG
CP129486.1_gap52	2203492	2206542	3050	GCAGGATCTGCTGCCGGATAGCTTCCGCCGACTCTAGGGCGATATCGGAATCAACAATTCTGCTCCGTGCTGACTCACTTCCCACCTGTAGATCCTGCAGGTTCCGCACAAAACTCTCCAAGCGGCTCATTGCAGCGCCGATTACCCCACGCTGCCGCTGCACCTCCTCAATTAGGTCCTCCAGGTAGTCAATCGCATCCAACGCGGTCTGAGCAGTCCTCAAATCAACATAGCGCGCGTTGGTGGTCTCTACCGTATTCTGCAGGTCGACGTAGATCGCAGCGGCGGCTGAACTCAGGATGTCGTTTACTCCGTCTCCATCAATATCGGCCATTGTAATATTGCCCGTTGAGACCAGGCCTATCACGCTACCTGCCGTCATAGAACCATCAATATTCCCGTAAACCGCATTGGCCTTGTTCGAATAGCCCACCAGGATGTCGAGCAAACCATCGCCGTTTAGATCGCCAATCTTGATGGCATCGTTTCCGGAGATTGCTCCCGTGTTCCAAAACCCACTAATCGTCGAGAAGCTCCCACTGCCGTTCCCTAACCTCCGCACGGTCTGCGATCCATTCTGATACACAAGATCAACAAAACCATCCCTGTTCAAATCACCTAGGGCAAAATCGGTGGTGCCTCCCATAAACTCCATACTCGTGGTGACCGCGGCCGAGTATCCGGACCCGGAGCGCAGGAAGGCCTGAATGGTCGGCGTGAATCCGGTGGTCAGCCCCGCTAGGTCAATCTGCCCATCGTTATTCAAGTCGGCTGCTTCGATCGCGTAGTACGTTCCCGTGAGGGTTGCGGTATTGGTGAATGTTCCACTACCGTTGTTGCTCAATGCATATATCGACGCACCCAGCAGCCCCAAATCGAGATCGCCATCACCGTCTAGGTCTTCAGCAAGGATATCTACAGCAGTAGGAGCAGCGGTAGATACTCCGACTGTACTTGAAGTAAAAGCAGTCCCGCTGCCTGTATTGAGGTAGCGAACCGCATAGGTACTGCCCAATGCTGTATGGTAAGAGCCTACGGCAAAATCCTGCACCCCGTCGCCGTTGAAATCGCCGACTGCAATCTTGCCGACCGCAGTCGTCGAAGCATTTGTTAGCGTCGTTGAGTACATGGTAGTTGTGAAATTATTGGGGGCATCCTGCCTATGGATCTGTATCGATAAATTAGTTCCGCTCATGCCGGAGGTAATGATATCGAGGTCACCGTCGCCATCGAAGTCAGCGGTTGCAATATCGGTGGTCGTGGCCCCGGTAACTTTTGAGACCACATTGGTATAGGATTGATTGCCGATATCATTTCGAATCTGGTCAGTGAGACCAAACTCAATGCTGCCATCCGTGCCGAATCCCCCCTGTATGCGCATGTTGGTGAAGGAAGCCGTAAGCAAACTTAGGCCGTTGAATTTGAGCGATCCCAGCGTGCGATTATATTCCAGAGTCAGCTGATCGGACTCCTGGGCCAGGCTTCGGCGTTGTGTTGATGAAAGCGACCCATTGGCAGCTTGGGAAGCGAGTTCGCGCTGCCGCACAAGTATATTAGAGAGTGTTTCCAGACCACTGTCGGCGATGGAGAGTGCGCTGATGCCGTCGTTGACGTTGCGAATGCCTTGGGAGTAAACACGGCTTGCGGCACCAAGTGACATGGCAACAGAGAGCGACGCAGCATCATCGCTGGCGCGATTGATGCGCATTCCCGAGGAGAGCCGCTCTGTGGCACGCCCAAGTCTGTCGATGCTTTGACCTAACAGCCTCTGAGCACGCAGCGCGTTTATGTTACTTCCAAATGTAAGCGCCAATGTTACTCCCAATCCATGGAGTACTTATCAGCTTCAGAATCGGAAGAATTTCAAACAGTTGTTAGATTTGGGCGCTCAATTTTGGGAATCGCGTTCGCCTAGGGGACGCTATAACACCCAGGGTAAATTAAGGAGTTAGCACGATTTCGGCCCAATTGGGTACGAATAATACCTACCGGCGAGCGTATCTGAGGCAGCGCGGCTACCGCTTCATTGCCTTAAGCAGCGCCTTTCCAATATCCGCGGGCGAGCGGGTGATTTCCACTCCCGCCGCTTCAAGGGCGCCGAATTTCGCCTCGGCGGTACCGGATCCACCACTGATGATCGCTCCGGCGTGCCCCATGCGACGACCGGGCGGTGCCGACGCGCCGCAGATAAAGCCCGCCACCGGCTTCTTCATGTTCGACTTAATCCATGCAGCGGCCTCCTCTTCAGCCGAACCACCAATTTCTCCTATCATCACTACTGCATCGGTCTTTGCATCGTCATTAAAGAGCTTCAAACAATCTATAAACGAGGTGCCATTCAATGGATCGCCTCCTATGCCGATACATGTGGACTGGCCGATGCCAAGTTCGGTCAATTGATAGACGGCTTCGTAGGTGAGTGTGCCGCTCCGTGAGACGACGCCGACATTACCCGCTTTATGAATGTGCCCGGGCATAATGCCAATCTTGCATTCACCGGGAGTGATAATCCCTGGACAATTCGGCCCGATCAGCCGGGTGCGTCGACCTTGCATAAACGAGTTGACCCGCAGCATGTCAAGAACCGGAATACCCTCCGTGATACACACAACGAGGTCGAGGTCTGCGTCCACTGCTTCCATGATTGCATCTGCTGCAAATGGCGCCGGAACGTAGATAACACTCACTGTGGCTGCTGTTGCCTCCTTGGCTTCGCTGACGGAATTGAAGAGAGGAATGCCCTCGAAGTTCTGGCCCCCCTTTCCAGGACCCACGCCGGCTACCATTTTCGTGCCGTACTCCTTACACGCTCTCGTATGGAAGGATCCCGACTTCCCGGTAATCCCTTGAGTGATCACTTTCGTGTTCTTATCAACTAGTACGCTCATAAAAACTTACCTCACGGCCCCCACTACTTTCTTTGCGGCTTCATCCATCGTGTCAGCCGGAATAATGCTAAGCCCCGATGAGGCTAGAATCTGCTTGCCAAGGTCGACATTGGTTCCCTGGAGCCGCACCACTAACGGCACTTTCACTCCAAGCTCTCGCGC
CP129486.1_gap53	2251627	2254660	3033	CATCGCTAGTTGAGGCCGCACTTTCCATCCTCTTATTTGTATTCCTTCTTCTCGCCGTCGTTGATCTTGCACGCTACATTTACATCTATGCCGTATTAAATTACGCGGCCTACGATGCGGTGGACTTCGCCAGTAAGCGCGAAGTTGAAATTGCCACTGCGATTGGAGACTGCACACCCAGTGACCCCTGTGATGAATACCGAGAGCTGGTCGCGGAAATCCTAGCCCGCGCGGAGGAACTCGCAGATCTCGCTACCACTCGACCGAATGTTGCCAGTTCCGCACAACGTGTTGCATTTAAGCACTACGACATTGCGACTTACACAAATGGACCAGTTCACGAGTGTGACTATGATATCTGGACAGGGTTCGGCGATATCTCTACCGGGGCAGGCTTTCTAAGGCCCGGAGAGCTTGCATTACGGATCTCCCCTCATGATCCGCTCTTCAATGGGGTAATCGAACACCGCACCCGAACTCCTTCGGGCGGGGGCTGCTGGCCCCAAACAGGTGAGGTTTGGGGAACGATTGTCGAGCAGCACCCGTTGGAAGTGCGAATCGAGGCCATATTCAACGCAGTCACCCCTCTTATTCCGAACCTGACCGTTGTGGCTCGACAGTATGGATTTCGACGGACCCGCGCCTTCGGCACAGGCGGCTCAGGGACGCCATGGACCGCCGTCCCCTCGGATACGCCCACCGAGGCTCCCACAGCTACTTGGACCACAGGACCGACGGAAACTCCGACCGAGACCCCCACTGAGACTCAAACGGCCACTCATACCGGAACGGCGACTCACACCGGGACAGCCACAAATACAGGCACGGCCACTCACACGGGCACAGTCACCCACACCGCCACACATACCGGCACCGCCACTCACACCGGAACGGTTACCAATACTGCCACCAATACCGGAACCGCAACCGCTACTGGCACCGCCACCCACACCGGCACGGTAACACATACGGGAACAGCGACGGGAACAGCGACACATACCGGTACGGCCACCCATACGGGCACGGTTACCAACACTGCAACCCAAACGGGAACCGCTACTCATACCGGTACTGCAACAAACACGGCAACGATTACATCAACGGCGACAAATACGGCGACCGCTACTTTTACCCACACAGCCACCCACACCGAGACGCCAGCGCCGACGCCCACATTCAATTGTCCCGCATGTTTTCAGGCCTTTCCGCAATGCTCTCCCGATGGGTGCTGTGACAGCTGCCCACAGTGCGGCGGAATTGAGCCCTGCGAAGAATAGCGAGGCGAGATTGTTATGGCGACACGCAATGTAAGTTCTAATCACAATCAGAGGGGTGTGTATCTATCGTTGATGGCGCTGGCAACGGTTGCGCTGCTCGCCGTTTTGATCTTGGCGATCGGAACAGGGTTTGTACTTACCGGGAGAGCACGCCTTAAGAATGTAGCGAATGTAACTGCACTTGCCGCCCTCGAACGGTTCACAAGCACCGATGAAAGCACATTCGATGCCCGCGCCAACGCCGCCCTCGCCAGGGCGAACTATATCCTCGGTGAAAATTCAATTCCTGGATTTGCCTCAATGGCTGAAACCCTCTCGCACGCGTCTCCAGGGGTGCCAGGTGAAGCAAACAGGCTTACCTTAGGAATGTATTACGCAAGACCGCCGGGTGGCGATGCACAACCATGCGGAGAGGACGAATCGGACTATCCCTGCTTTGTTCCGCGCTACTTCGGCACGACAGCGCCGCCCGTCGCAAATGCCGCGCGGGTGGACATCAGCGTGCCGATTACCTTTGGGCTTGGCCGATTCCTTGGTCAAGAAACATTTCTGGTAGCCGCAAGCAGTGTTGCCACCATGCGGCCACAGTCCACCGCATATCTACTCGACGTGTCCCTGTCAACAACGAGAGAGACACACAGATTAGCCGATAGTTTCGGCGTGCACCCTTGCTTGGTCGTCGAAGGAATTGGGGGTTGCAGCGGCCCCTCGCATGCGGCCTGTCAATCCCTGCTCGACACACCGGGCTTTTACAATGTATGTCGCGCCTGCAAGATCCAAGCGAATCAATGCTATCCTGCCTGGGCCATCAAGACACAGGAGTTGTTAAACCATGAAGGTGAGCCGATCTGGGGTAACGATGAAGGGGAGATTCCCCCAGTTTCGGAGCCGTTCTTTGTAGGTCTCCCATTTCTCCGTGAGGAAGCAACAAAAGATAGCCAAGAATACCTTTGCCGGGATCCTGATCTAATATTTGAGCCTGGCTTTCCAGAACGTCGCTATTGGTGCAATACACCTAGTCCGACTGGGGGGGGGTATCCTGCCCCGCCCTTGATGGGCGAGCCCGTCCAACATTTGCGTCCCCACTACCAAACACGCAATACACCATTTGGACTGGTGCGCTATGATTCGCTATTCCTTCCGGGCCAATACGAGGGGCCACAGCCATTTATCCGGTTCTTCAAAGCGTTCAACGTTGGCTTACGTGAGGTACGCGCACGTGCCACGGAAGGAGACAGAGCGATGTTCTCTGCCTTCGTCGGCAAGATCCGTGATACCTATCCCGACCCTGATGAGGATGGCGAGAGCTTGACCGAGAATTTAGGGTTTTTGGTGCAGCTCACGAATGCCGAGAACCGCGGGCTGGTGGAGTGGGACGGAGATAGCATCCCCGGAACCCGTATACATCCTAACTTTATTGATCGCGGGTGGTTTCCCATTATGGATGCGGATCCGCTCAATAATCGCACTAATCTCGTGGTGGCCATCTATCGCGCAGCAGAACGCCTGATGGAGTTCTCCGCGGTAGGCGCTCGGAAGACCATAGTCCTTGCCTCCGATGGCCTGGGAATATGCACATTTAACCCCGCCCTAGCCAACCCTGAGGATCCTGCCTCGGGGATTACCTGCCCGACTAATCGGTGGAACGGGCACGTTGGCTCGAATAACCAGTTGATTCAGGGGGGGCTATCCGAGTTGTACCCCTCAATTAAAGACATGCTCTCTGTAGGAGAAATTTCGCTCACCGTTCTTCTAG
CP129486.1_gap54	2283470	2283970	500	GTATGCGAGACAATTGTCCTGGATTTTCAATCCTTGATTCTGGAACTCCAAATGCCGAACGCTGTGCCGGCAAATGTAATCTTGCATGGACCAGACCTCCTCCAACTGGTTCAGTCGACGATCTTAAGCGCTGTGAGCACTTTATTCCAAAGATTAAGGGAGTCCCGCCGGATTACTACGGGCTCGCTTTTTGCTTAGCCGCATCGGAATCGGACCTAAGTCGTTGTGGGAGCATGTTTCGTACTTCCGATGAAATGGACTATCTTAAGCTGGCACGTTGCCTCAGGGCTTCCGAAGCCACCGCCGTAGTGATAGAGCCGTTGCAAGCATGCATGAATCGTGGCGAGTGCCTCAAAAGCAGTCGCAACTGGCAGTACGATCCCTGCTTTAAGCAGTGCCATCAAGATGCGGAACAGCTCATTGAGCTTGCGACTACGACAGTTGAAAGATGTGATGGAATAGAGCAATCAAGGACGTCTCTTTGCTCTATGTTACGTAGC
