gap_id	start	end	length	sequence
CP123622.1_gap1	2088	3128	1040	TCCTCCTGGCTACGTTGGTTTTGAAGATGGAGGACAATTAACAGAAGCTGTGCGCAGAAAACCTTATACAGTTGTTCTTTTTGATGAAATTGAAAAAGCACATCCAAAAGTTCTGAATGTATTATTGCAAATGCTAGATGATGGTAGGTTAACCGACGGACAAGGTAGAACTATTAATTTCCAAAATTGTATCGTAATCATGACAAGTAACATTGGAGCGCACCGAATATTGGAAGCACCAGAAGATGCTCGAAACAGCGAACAACTAAAGAAACTTGTTATGGAAGAAGTCTTAACGCATATGCGTCCCGAGTTATTAAATAGAATAGATGAAACAGTTATATTTAATGCTTTAAGAGAAGATGTTATTGAAAAAATTGTCAGTATCCAAGTCTCTAAATTAGCTCAAAGATTAATGCAACAGCAACATATGGCACTTGAAGTAAACCCAGAAGTAATTTCATCTATTGCAACAGAAGGCTGGGACGTTAATTTTGGTGCACGTCCTTTAAAAAGAGCTTTGCAAGACTTGGTCGAAGTTCCCTTATCTATGGAGCTTTTAGAAGGCAAATTTAATGAAGGAGATACCATTATTGTAAAAGAAGATTCAAAAAAGAATATTTCTTTTAGCAAAAAATAAATTTATTTCCATATAATTGCATTTTTTATAAAAAAAGTCCTAGAAGAAATTTTTAGGACTTTTTTTTCTTCAAGCTCTCATATTTTTTTCTATATTAAAAAAAGAATAGTAACAGTTTTCGTTTCTTTAATAATGTAACAAAATAAAATTTTTCTATTCCTATAACTTTTTGTTTGTATTCTATTTCTTTTGCCTATATAATGTCAAAAACAATATTAGAGGTTGGACATGCAAAAAAATAAAGTTACTTTGTATTCATTGTCTTCTATTTTAATTCTATTTCTAATTAGTTGCGGAAAAAAAGATAACACTCATTCTGAAACTACAACTGAATATACTTATCCAGGTTTAGTTGTTTTGAAAGAAGAAAATAATAAGCATAATTATTTAAATGATTATG
CP123622.1_gap2	195532	196932	1400	TTCTTTAGGAGACGCTTTACGCCCTGGTTCCATAGCAGATGCCAATGATGAAGCCCAATTTGCTGAATTAAAAACTTTAGGTGAATTAACTAAACAAGCTTGGAATTTAGATGTGCAAACGATGGTTGAAGGACCTGGTCACATTCCTATGCATTTAATCCAAGAAAATATGGACATGCAATTAAAACACTGCCATGAAGCGCCTTTTTATACTCTTGGGCCCCTTACGACAGATTTTGCTCCGGGCTACGATCACATTACAAGTGCCATAGGTGCTGCACAAATAGGTTGGTATGGTTGCGCTATGCTTTGTTATGTTACACCAAAAGAACATTTAGGTTTACCAAATAAAGATGATGTAAAACAAGGTTTAATTGCTTATAAAATTGCAGCACATGCTGCCGATTTAGCGAAAGGTCATCCCGCTGCTAGAGCTTGGGATGATGCACTCTCCTATGCGCGTTTTAATTTTCATTGGGAAGATCAATTTAACCTAGCTTTAGATCCGCAAACAGCTAAAAATCATCATAATGAAAGTTTACCGGAAGAAAGAAACCTGCATACACCATATTGTTCTATGTGTGGACCTCGTTTTTGCTCTATGCGCATCAGTTCCCAAATTTATAATTCAAATCAAACGTAAGGGATAAAAAGTGAAAATTGCTATCATAGGGGCAGGTATCTTGGGACGCATGTTAACAATTGATTTTTCGTTACTTGGTCATTTTGTTACTTTATTTGAAAAAGACGACAATTTTTCAACAAAATCTAGTTGTGCCACTGCTGCTGGAATGCTTACTCCATGGTCAGAAATTTTGGAAAGTTCGGAACTAGTTTTTAAATTAGGTGTGCAATCGTTATCAAGATGGGAAGGAATTTTAAAAATAATAAATGCAGAAGATATTTTGTTTAATTGTGGATGTTCACATTTGGTAGCAGCTTCTGATAAAGCTAAAATTGCTTATTTATTGAAATATATTTCTAATAAAGACCCAAATTTCATTCCAATAGAAATGAACTCAATTTTATTACGGAAGTTTTTTAATAGAAGTAAACAAAATTTTCAATATGGTTTTTATATTCCCAATGAAAAGTGTCTTGACCCTCGAATTTTTATTAAAAAAAGTAAAGAATATTTCTTAAGTAATAAAAATATTTCATTTCATTTCAATACACAAATTAAGAAAGAAAATATTGATAATAATTGCTTAAAAATACTAGATAAGAAATATGATTTAATTATAAATACAACAGGATTTCATGCTAAAGAAAATCTTAATAATTTAATAAGAGGTGTGAGGGGTTCTCTCATTCTTGTAAAAGCAACTCAAGTTAAAATAGACTGCATTGTTAGACTAAGTCATTTTCGTTATCCGATTTATATAGTACCTAGAGGAAAT
CP123622.1_gap3	213585	214686	1101	AATCGTTTTAGGGCCAGCGATTAATCTAAAAGCAGGATTTTCATTAGTATAATAATCTAAATTTAAATTGAAATTCGGATCAACATTGTTTGAAAGAATATTTGGTTTTTCTTTTGTAGTAACTGCTAATTTTGAAATAGCATTATGCAATCCTAAAAAAGAATTAACATCGTTATCTAACGGTGATTTTTCACCTTCTGCAGCAACAGCTGGTTTTATTACGTTACCTTTTGCGTCCCCACAACTGCGTTTAAAATTGTTAGCTACAGTTCCACCAATGGTTGTGATAGAACAAATGGGTTCACCCGGAAAGCTTGGGGCAGCTACAATTCCTTTTCCTAAATTATTTTGCAAAACTCTTGCCATATTTGGCAGAGAAAGACCTGCATCGCCACCATGCGCATACATAATTAATTTAAATTTTTCGTCAATTTTATCTGTATCAGGAATAGTAACAATGGAAGAATATTTTTGCTCCGATCCATTTAATTTATAAATAAGTACATATGCTGTACCTTCTGCAAATTCTTTAGTATCAATCTTGCCTTCTTTGGTAGAATAAATTTTAAATTTTGATTTTTTATTAATACCACTGAGCGTTTTATAAGCACTAAGATCGCTTGGTGCTACCTTATCTCTTTCATAATAAGGTATAGAAATAAATTCAGGATTTGTTACTTCTGCTACCTGATCATCAAAACCAGCCTCAACTAAAACATCTGCTAATTTTTTAACACTTACAATTTCTGTTGCTTGTGTTTTAGTTGCCATTTGACTTACATAATTTTGGACTAATTTTGTTACTTCTGCATAATTAGAACCATCAGGAGCAAAATGTTTAGGCATTTCACTTAAGTTTTTTATAAGCCCTGCTTTATCAGTAGCAGACACAGCTTGATCACAACCCGGAACACCAACTTTTGCAGCAAACGCATCCCATTTTTGACAATTTGTTTTTCCTTCTTTCTGCATATCCGTATTGCCTTTAAAATTACAACCAACTATGGCAAGGCAAGAAAGAAAACTCGAGACAGAATAAACAATACGGCGCATATCAATTCCCTCTTTTAATTAGGCAATAGAGTACTACAAGTACAGTAA
CP123622.1_gap4	233309	236838	3529	GAATCCTCATGTAAAATATCATCATAATCTCGGCTTCCAAATATCCCTATACCAGAAGCAGAAATAAAAGTTTTGGGTTTATTCTTTAATTGTTTACTTAACGCTTGACATAATGCTGTTGTAAAATGAATTCTACTATTGATTAATTGTTGTTTGCGCTGCTCACTCCATTTTTGTGATGCAATATTTTCTCCCGCTAAATGCACAACTGCATCAAGGTTTTCAAGATTTTCAGGATTTATAAATTCTCCTTTTTCACTATTCCAAATGGCAAAATTATGCTTTTCAGCTTCATTAATTTCCATATTTCTTCGGACTAGTTTTATTACCTGATGTCCACCGGAAGTTAAGAATGGAATTAAACTACTTCCTACTAATCCTGAAGATCCAGTAACTAAAATTTTAAGTTTTTTTTGAGAATATTTAGCATGCAAATACAAATCATATTTTAACGTTCTATGTCGATAACTAAACAACTTATTCAATCTATCTTCAACAAATGTATGTCCAAGAAAATTAGAAATCATACCAATCGGTAAACTAAACTCAATTTGATCGGTTAATTTACATTTTTTATCTTCTATTTTATCAAACTTATGCAGATGTTTATAAAACGCAAAAGGGCCTTTTAATTGGATATCTTCAAATTGTTTATTTTGTAAATAATTTTGATGCAATGCTTGAAATGTGATGGGTAAAATTCCAATTTTGGTTTTTACTGTTATTGAATCACCATTTTTTATTGTTCCCTTCTTATCAAGCAATTCTGTAGGCATCCATGGAGGTAACAGCCGAAAAAAGGCTCCTTCTCTTTCGTGCCATTGAAAGGCTTCTTCACAGGATACTGGGATAGTAGAACTTCGAGAAAAAAAATGATGTTGCATAAAAAACTCCTGATAAATTCTCAGTAAATTGAGCTTATCAGGAAAAAGTAAAATAAAAAAGTTAAAGAAAAATAAGCTTTAACTTTCTTGCAAATGAAAAGTACTTTAACTCTTAATTATTTTTGCATACCAAGTTTTTCATGCAATTCACCAGACTGATACATTTCAACAAAAATATCGCAACCTCCAATGAACTCACCTTTGATAAAAATTTGTGGAGACGTAGGCCAGTTGTTCATTTCTTTTAAGGTTTGCCATAAAGCAGGATCACTATCCATATCATTTGCATGATACGGTTTTCCTAATTGAGCTAATGTCCTAATTACTTTTGCTGAAAATCCACAGCGCGGAGCATCGGGAGTTCCACGCATGTACACCATAATTTCATTTTCTTTGATGTCTTTTTCAATTTTTTCTTTCCAATCCATACTAAAAACTCCTTAACTCAGATGTCTAAATATTTTTATTTTTTTCATTTTCCCATTGTGTTTGGGTAAAAGCTTTAATGGTAAGAGCATGCACTTCGCCTGTTTCCATTTCCTCTTTGAAGAGATCCATTATCATGCGATGCCGCTTTAACGATGACAAACCTTCAAAAGAATTAGAAACAACAACCACTGAGTAGTGATCTGTTCCACCTGAAAATTCATTTACAGAGCAAAGGGTATTTGGGATACCATTTTCAATTCTTTGCTTAACTTCATGACTTAACACTCTTATACCTCTAATTAAACAGATTAATAACTGCTACGGATGTGAAGCCACCAATCGAAGAGTTTGGGGCAAAGCTCGACATCCAGATACTAAAAAAGAACTCAAGTAGTTTTGAGCAACTAATTCGGGATTAACAAGTTGCCCATCATTTACACAACGCCAAAATATGCCATTTTGCTCATTTTGTTTCAATTCAAAATCGTATGCCAAATAATTTCTTTGACTATCTACATGAACTTGAACTGTACGGACTTGAATAACCTTCCCATTTTGGGAAATAATCATTTTATCGCCAGCTTTTAAAATAATGAGTCCTGTTCTTGGCATTGATAAAGGAAGCACTTGAACTGTTTCATTAGGTTTTATTTCAGATATTATTGAATTTAAATGTGAGGCATAATCAATCATTTTAGAACACAGTTCTTCCAAAAAAACATTTACCGCAAACCGAACAAGCTGTTGGTTCACAGAAGGTGCTAATGTTTTTCCTAGATTTACCCTTGCAAGGTTTTCTATCCAGATTTGTTCGGACTGCTTCATGTTGCATTACCTCAAGTAATCCTAGTTTTTTTATAATTTAAGATTACCTTACACATTTTTAGTTACCACTCTCCTTAATAATAGCGGAACACTTTCTAAAATTGTCATTAAGAGATATCTCTGTCAATTAATTTTAACTCATTTAAAACTTTTTTTGCTGATTTTTCCCAAGGGATAAAAAAAATAGATGCTGGTAAGTTATCAACTATTGCAATTCCAAAGTATGACATTAAAATTTTTATAGTAGTATTAATCACTTGACCTGACTTAGCTGAAAAAATAAGATCACATTCAGATATTTTTTTTTCTCCGATTATATCATTTAAAAATTTTACACATAAATTATAGTCAATTTCTTTTGTATCATAAACAGGTACACTATACAGCTTTAAATTTACATATTTTTCATTCTCAAATATAATTTGTGTTGTTTTTCCTGATAATCCAGTAAAGATATAAATGTTTCTATTTTCAATAATAATTTTATTTAAATCTTGAATTAAAGACTTTAAACCTAATTCATTTTTGGGATAGATGATATTATCTGTTAGCTTACAAAGCGTTGAAGGAAATACTTCTTTCACATAATTTGCAGTTTGTTCTCCAACTGTTCCTATACAAAAACACTTCGAAAAGAAATTAGTTATCTCAATGTTACTTTTAAATTTAAGAAGAAAAAAATCCACCGCATGTTTACTTGTAAAACAAATACCAAAAGATTCCAAACACTTAAAACCAAAATTAAATTCTAGTGGAATTAAATCTAATACAGGAAAAAAAAATGCGTCTTTTTTTGTAGACTTGTCTCCAAAAATTCCAGCCTCAATATAGATTTTTTCCCGAATTTTTTGCATAAAAGCACTATCTCGCTAGTTTTCTGAAAAATCAGCAACTGCTGAAAAGTCATTGTGTAATAAAAACTGCTTCACTTCATTAGCAATGAAAGATTGACATAATTTTTCAAAAAATTTAGAAAATTGAGCATCAGATTCTTTTAACAATGTTTCTAAAATTGAAGGAAATAAAGGAGGAATCAACATAACCGCCTCACGTATATTTCCATTTCTTTCACAGATTACGTATAATTTATCTTTCTCGCAACATACACCAACAGCTGAGTGACAATCTCCACCTAATAAAAATAAGGTTAACCTTTCAAGAGCAGCTTGCATAACTGTACTAGAGTGAGATATCTTTAAAACATTCGTGAATAAAAGTTTATTTTCCTCATCTTTTAATTCTACTGCCACAACCCCTTGTGCTGGAGCTGGGATAAATAAAGAAATGGGAAGTAAAAACATTTTCTTTTTGTCAAATAAATTTAATCGCTGTAAACCAGCTTCGGCTAAAATGATCGCTGAAAATTCATTATTGTTTAGTTTCGTTAGACG
CP123622.1_gap5	241005	242352	1347	ATACAACAACTAATGAAACATATGACTTTGATAACTGTTTACTTAATGCTGAAAAATATTCTCGCGGAAGTAAAAAATGGGCTTTATCTATTTTACATTTACAAGAGCCTGTTAATTTAAAAGAAATCAAAGATAAATATTTATTATTAGCTCAAATTTTGCATCCCGATAAAAATAACCATATTAATCCTGAAGCAATGAAATATTTAAATGATGCTTGGCAAATATTAAAAAAAAATATATAAAAAAATTCTTAGTCTCATTAAAAAGGATTTAAAAAATGACAAATAATCCTCACATCCATTCCCAAAATTGTGGCTGTAAAAATGAAAAAGGTGAACCACTTTTCATAACGGCACCTAGTGCTTCAACTATAAAAGCAATTGAATATAGTGAAAAAAATATAGCTAAAGAATATGAAGAATTAAAAAAACTCGTAAAAATACCAAGTGTAAGTTTGCAAGGATTTGATCCTCATGATGTTAAGCTAAGCGCTGAAGCAACAGCAGAATGCCTTCAAACAGCTGGTCTAGAAAATGTTGAAATTTTACAATTAAGCAATGATGTTCACCCTTATGTTTACGCCGAATGGTTACATAAGCCTGATACACCAACTTTATTGCTTTATGCTCACCACGATGTTCAACCTCCGGGGCGTGAAGAAAAATGGAATTCGAATCCTTTTATTCCTACAGAAAGAAATGGACGACTTTTTGGAAGAGGTACTGCTGACGATAAGGCTGGTATTATTGCACACACAGCTGCTATTTCCGCTTATTTAAAAACGATGGGCGAACTCCCTGTAAATGTAAAAGTTATTATTGAGGGAGAAGAAGAAATAGGGAGTAACAATCTAGGACAATTTGTTCGTTTGCACAAAGAAAAATTAAAAGCGGATAGCATTATCGTTACAGATTGTGCGAATGTTGATTCTGGAATTCCAAGTATTACTACAGCTTTAAGAGGTCTTGTAGCAGTAGATATTGAAGTTTCAGCTTTAGATCATCCTGTCCACTCAGGATTATGGGGTGGAATTCTACCTGATCCTGTTTTTGCTTTGACACAAATTCTTTCTTCACTAATGGATGAAAAAGGTAACATCAAAGTTAAAGGTATTTTAGATGAACTAAAACTTTTAACTGAATTTGAAAAAGAAAATTTTGCAAAATTAAAAATGGAAAATATCGCACGCGGTGCTACAGGCTTATTGAATGGACTTCCCTTTACTGCAAAAGAATCTGACTTTGCAGAAAAATTATGGAGATACCCATCTTTAAGTATTAATGCAATTCAAAGTGGCTCTAAAAAATTAGTAAGTAATATTATTCAAGACTCCGCATGGGCTCG
CP123622.1_gap6	309798	311535	1737	ACAATATTTGATCTTGCCAGTGCATTATTTGGTAAAAGTTTTATTGAAAATTATCTCATTGATTATTTCCATAAAAATCCTACCCCATTAAATATGACCAATTCTGTCAAAGAATTTTCTAGTTACTTAAAGGCGCAAGAAGAAATTCAAAATTGCCCTTTTGTACCAGATTTTATTTCATTTTGTTTTATTATTCATGAAATTTTATCTGCAAAAAATCCATTAGAAAATACCTTTAGCCAAAACGCTCCAAATGCCGAAAATATATACTTACAAAAAGAGCATTTTTTGTTTACTTCTGAGTGGCCAATTTTACAGCTATATAACGCTGCAAAAGATATATTAAACGAAAGCGAAAATAAAGAAAATACTCCAGAATTTTTAGCAAAGTTTCGCGAAGATAAATTAACTCAGATTGAAAATAAATCTGAAGATGTTATTCTTTTTAAAAGTAATGCTTGGAGCTTAGATGTAATTTTAATTCCTAAAGAATTTTTTCCTATTATAAACCTTTTAAGTCAAGGTTTAAACTTACAACAAGCTGTAGAAAACTCAGAAATATCCGAAGAAAATTTTGACTTGAATAAGTTTTCTGATTGGATATCAGTCTTAACAAGACAAAATGCTTTTTTTAATAAAAATTCTTTTTAAATTTTTGAATTATCTGATAGTGATCTGAATACATTTTATTTTCTAAAAAAGATAAGTCATCTAATAAAATCCAAATTACTTCAGATGAATTTCTTGCCTTTGAAATTACAGGTAAATTATCAGATTTAAGAATAAATAAATAAGTCTTTGATATTTGTTTTCCTAAAGGAAATCGATCTGAGTAATTAAAAAATTCGCTGGAAACATAGCTTTTAGAAAAATACTCTTTATCTATATTTATTCTTACTTCATACTGCAAATATTCAAGTGCATTACTTTCAAAATCTTTGTTGAAATTATTTGCTTCTGGAAGAGAATAAAGTCCTTCTTTTAAAGTTTCCTTGCTTTTTAAAAGCAGAATATACTGATTGCAAAAAATTAACACATTAGTCACATTTTCATTAAAAAATGAATCTTTATTTTTTTCAATATATTTAAATTTATTTTTTAGAAAATTATAATCATCTGATTTACTATATTTAGTTAAGTAATTTAAAATAGATTTAGGAACAAGCTCTTTTATTCTTGGTAAATCTTTTTTTAAAAAGTAAATTTTTCTTATGTCTGTAGCATTTATTTGTTTAAAATTACCTGTTTCCAAAAATTTCCATTGCGGAAAAATTTTAAGATAATAAGAACTAGAATCTTTTTGATGTCCTATTATTGCAATATTACTTTCTGAGTTTGTAATTTTAAATACTTCTCCTTGGACATTTTGAATCCATTTTTCTTCACAATATAGTCTATCTCGAATACCAACAAAAAAGACTTTTTTCTTTTCCAAAGTTGTAAGACAGGAGCGAATCATTTCAATTCTTTGCGTAATATTCCAAGGTCCTCTTGGCGAAGGAGAGGAATATGCTCCACCCAAAATAATTATTAGTTTTTTTGAATACTTAAGAGCAAATTTGATGCTTTGCAAGTGTCCTAAGTGAAATGGCTGAAAGCGTCCAATATATACACTGAACTCATAAACTTTTTTCTCCACCATGACTCCAATCATAAAAATCTAGTATTATCATAATATTAGATGATTTCTCCGCTGCTAAAAAAAGAAATTATCTTGACACTTATATATAACAGTAA
CP123622.1_gap7	315088	318663	3575	AAATATCTGAAGGATACAAAAAAAGCTTATTTTTATTTATAAGACAATAATTTATGTTTTCACTTATGTATTCTATGGATATAAAATTTTCTTCAAAATTATTATATAAAATTTTCTTTTCACCTAATGAATTTATTTTCACCAATATCTTTTTGTATTTTGATTTAGAAAAATTTTTAAACAATATTTCTTCAGCATGTGAAACTCTAAAGTTACCAGTGAATCTCCCCCTATTAATATATATTGTTTGAAGTAATTCTCGATTAATTAAAAGATATAAGTAAATTTCATGAAAATTTAAAAAATATTTTTTATCCCTATATTCTTTAAATTTATATTGAAGGTTTTTTTTATCCTTTTCGATAAAATCTCCAAATAGTTTTAATGCTCTGTCTTCACCTGATACTTTTTTGTATTCTAAAAAAGATTCCATAACTATATCAAGTATTTTACTTATTCTTTCAATCCTATTTATTTCCTCAAGGTAAAGAAGCAAACTTTCATTATAAAAATTAATAATTAACTCAGAAACAAATTCTGTTTCAACTCTTCCGTTTATGTCTATAAAATTTATAGACTCTCTATTATAAGTTTTGATTATATATTGCAAAAGTATGATATAAAATAAAAGTTCAACAGAATTGTATTTTACAATATAAGCATTACACCCTGTATGTATTTTTTTATAGTCTTCTTTTTGAAGATCAATTTCTTTTAAAAAACTTTTTTTACCTTCTTCTGTTTCAAATAAAGAGCTTAGATCATTGTAAAAATCTTCTTCTTTCTGAATTTTGTAAAATTTACTGTACAATAAACTGGAAAATTCATTAATAACTAAAACCTGATTATCAATTAATTTATTATGTAATTTTTTTGAGTCTAATGAATTTTTCACTAAGTATCTAAAATACTGTTTGCATTCGTCAGCAAAATCATACTCATGAAATTGAAAAGTTTCTATAGAAAAATCATGCATTTTTGTATCAGATATTAAAATTCCTTTATCAGAAAGAAGATGAAACATTTTTGGAAGATCATTACTTAATAAATCATTAATATAATTATATTCAGGCATTTAATATTTTTCACTCCTTGTAAACTTAATCACCTCTTCATTATTTTTTATATTTTTTTTGAATTTTGTCAAAGATATTTTTCTTTATTTTGATAAAATAATAATTTCACATAATTTCAATAATTTATTATCTTATTAATATTCCTCTAATTACATGATTTTATTTTCTAAAAAACAGGTGCAAATAATTTATAGATATTTTTACAGTATTTTTAAATTATTAAATAAAAATCCTTTTAAATTCAAACTTACTAAGAAAAAAAATGTCAGTAATTTGATGTTTTTATCTTTTAAGTAATCAGTTAAAATTTATATACATATTCTTTTAATTTGGAAGGAATTCTATGGTAAATTTTTTAAATTTAAAATTTATCGTTACATTTTTTATTATTCTAACTAGTTACAGAACATTTGCGGTAGATCTATGCAAAAAACCATGGAAAGTAGCAGTTTCTGATCGCTATCCGTTTGAAGTCTACCTAGAGGGCAAACCTAAAGGACTAAATATTGATGTTCTGAATAAAGTAGCAGAAAAGCTAAACTGTAAGGTAGAGTATTTTGATCTTCCTTTTGCTCGGATTATCTATGAAGCGAAGCATGGAAATTTAGATATCGTCATGGGAGTCGGCAAAAGAAAAGAGAGAGAAGAATTTGCTTTCTATTTTGATCCATATCTTAATTCGCCTTCAGTCATTGTTATTCATAAAAAAGATTACAAAAATTTTGAAAAATTTAAATTAACAGACCTTACTCAGGAAAAAAATAAAAGTAAAATAGCAGGAATGATTGGGGCTGTTTATAATAAAGAATACGAGTCTCTTATGAGCAATCAGGTTTTTGTAAATCATTTAGTCTTAACTTCAAAAAATGCAATAAGTTTTAAAAAATTAATTGATAAAGATGTTGATGCTATTTTACTGAGTGATATAGCAATTGCTAAAACATTAATAAATTCTTCAGATTTTAAAAATGACCTTTTAATGATTCCTATTGACAAAGAAGATTACTCATATTTTATGTATTCAAAAAAATCTTTTTCTGAAGAAGAAGCAAAAACAATAAATTCGACGTTGACAAAATTTTTAAAAGAAAAAGAAGCTGAAAATTTAATGCTAAAGTATTTTACAAAAGAAGAATTAAAGATATTTAAATAATATTAATCATGCAAATAATTATAAACCGAAGCTCTTGAAAGATTTAAAATTTTAGCAATATATTCTTTTGAATTTTTTGCTAAAAATGCTCCATTTTTTTCTAAGTCAATAATTATCTGTTTTTTTTCTTCTTTAGTCAAAGATTTTATATCTTTTTTCATTTTTAATAAGGTATTATTCAAATATATATGAATTTTTTCTTGCCAATCATCTTTAAAAAGTACAGCTGCATTTTTATCAAAGCTGCCTTTATTAAAAAAAATATCTATAAAATTTCTTACATTAACTAAAAAAGAACAATCAAAATTCATACACATTAAATAATTTTGATTTGCATCATTTAAAACAATACTTATGCATTTTAAAACTTTTCCATCATAGTTTATTTTCTCATAAGGGCCAATTATATTTTGTGAATTATCAAATTTAATATCACTTAAATTTGAATCTTCTCCAATTTTTCTATTAGAAATATTATTTGCAATATAAGTAATTTTTTTTAATTTTAAATCATGAATTACAATTTCCAGATAAGGAGTGAAGAGTTTTTCTAAAGATTTTGAAATATTAATGTAATTTTCCAGCATACCAACCTCCTGCGAAACATATGTATTCTATTTCTAAGTTTTATGTCAATTTTCTTAGCAATTTTATCATCAAGCAAAAATAATCAGTAATCTTAATGATTTGACATATTTTTTTTTTTTATGTATTAATTCAATCTTGTTGATTAAGATAGAAAGGAAAATTATATGTATTCTTTTAAGTCTATTCAGTTATTAATACCTATCTCCTGTTTACTTTTTTCAAATTCATATGCCATTTCCGAAAAAAATTATAGTAACAAATATGAATGCCAATTTGAATTTGATCTGAACAAAAGCAATGTTGATTCAAACTTTATTTCATCTTGCTTAGAAAATGTTAAAAATAATGAAAACGTTTTCTCAATTAAAGTACTTGCCTCAGCAAATTTAAAGGGAAGTAAACACTACAATGAAAAACTTTCAAAGGAAAGATTAGAAAATACTATTGAAATTATAACGCAAAAGTTGCCGAATTTAGATAGTAAAGAATTGATTTCAGTTGGGAAGAGTGGTGAATATGGGAAAAAAGTATATATTACATTATACACAAAAGAAAAAGAAATTCCATCTCATGTTAGTGACTCTAATTTAAATAATCATAATCAATCTACTGCAGCGTCAGAACCTACTGAACATAATCACAAAGCTACAGCTCAAAAAAACAACTCTGATTATCAAAAAGAAGAGCCCCCTTACAAACTTGATTATAAGCGAGAATAAACTTTAATTAGCGCATTTCATGCACAATTCTAAAAAGTC
CP123622.1_gap8	333390	334478	1088	CCACACCTCTAGCATGTCCTAAATATAAAGCCGATCTAGGGTTTTCAGCCAAAAATGATAGTTCAATACATAAATGTGTTGGAGAGTACGCTGCAACAACACGCCGAAATTCGATAGCTAAAGTTGCTAATCTAGAAGCTAATTCTTGAGATGGATTTAAATCCCAGGCTCCAGCTGCAACAGCCAAAATTTTTCCCGAATTTTGTATTTCTATAACACCATATCCAGCCATTCTTGTACCTGGATCAATCCCTAAAATTCGCATTACTATATTAACCTAGTGAAATTTTTCTGTTCTTATTTGATTTTGATGAATATTAAGTTGAGGCTGATCTACTTTATGCTCATCTTCTAGTGCAGTTAAAAATAAATATAAAGATGTACAAATAAGTGTAAAAATAAATCCACTAATAAATAATATTTTTATTTTTGAGTTTTTTTCTTGTACCACTTCTTCTACCACAAATAACCTCTTAAAAAGATGTTGTTGATAAATACCTTTTTCTTTCTACGGCAACTACTATTCCAATGCAACTCAAAGCAGTAACCATATGCGTCCCGCCATAACTAATAAAAGACAGCGGAACACCAACGACCGGAAAGACACCTAAAACCATGCTGATATTGATAACAAAATGAAAAAGAAAAAATGCACCAACCCCAACCGTAGCCAATACCGAAAAGGAATCTCTGGCTCTATCAGCTATTTGAAATATTTGAATAATTAAAATAGAAAACAAAAAAATTAAAATCAGGCAACCAATAAAACCATGCTCTTCAGCCCAAACAGAAAACGCAAAATCGGTATGTCGTTCTGGTAAGAAATTTAATTTAGCTTGCGTTCCTTGTCCAAAACCTTGTCCCCAAAGTCCTCCACTCCCAACGGCAATCATACTTTGGATTGAGTGATACCCTGAACCTCGAGGATCCAGCATTGGGTTTATGAATGTTAACACTCTCTGTTTTTGATAGTCATAAAGAATAAAGTTCCAAGCCAATATAGATAAGGTTACAGTTATGAATAGAACGGTTAAAATACTTTTTCCTCTTACTTTTATTGTCGCAATTTGTAGCCCTGAAATAAGCAA
CP123622.1_gap9	367875	371382	3507	TTTCGCTACCTTAGGACCGTTATAGTTACGGCCGCCGTTTACTGGGGCTTCAATTCAAAGCTTTACCTTGCGGCTGACTTCTCCTTTTAACCTTCCAGCACCGGGCAGGCGTCAGACCCTATACGTCACTTTGCAGTTTCGCAGAGTCCTGTGTTTTTGGTAAACAGTCGCTAGTCCCTAATTTGTGCCACCTACTTACGTAGGCCTACCTTATCCCGAAGTTACGGTAGTAAATTGCAGAGTTCCTTTGCCTGGGATCTCTCAAACGCCTTGGTATACTCTACCCACCCACCTGTGTCGGTTTACGGTACGGGCAAAAACACTTCATCGCTTAGCAGCTTTTCTTGTAAGCATGGACTTGTAGAACTTACGCCGTCAGTTTTCAGGTTAAAACGAAGAAGCGATTTCCCTACTTCTTCTACCTACGACCTTAGACTGGTATCCAATACCCAGCTTCTACTATCCTTCTCCACCCCTGCATCGCTCCATGTTTCTGGCGCAGGAATATTTACCTGCTTTCCATCGGTTACGCCTATCGGCCTCACCTTAGGGCCCGGCTTACCCTGAGGGGATTGACCTCTCTCAGGAAACCTTGGGTTATCGGCGGACGGGGTTCTCACCCGTCTTACGCTACTCATGTCCGCATTTGCTCTTGTCTTTCCTCCAGCACTCCTCACGGATATGCCTTCACCGGTCGAGACAATGCTCCCCTACCATAGAATTACTTCTATCCGATGCTTCGGTGACGTGCTTGAGCCCCGTTGAATCTTCGGCGCGAGACCATTAGACCAGTGAGCTATTACGCTTTCTTTAAATGGTGGCTGCTTCTAAGCCAACATCCTGGCTGTCTGGACGTTCTCACATCCTTTTCCACTTAGCACGTTCTTTGGGACCTTAGCAGGCGGTCTGGGCTCTTACCCTTTTCACTATGGACCTTCTCGCCCACAGTGTGTCTCCTGTATTTATACTTGTTGGTATTCGGAGTTTGACTAAGTTTGGTAACCCGGCAAGGCCCCTAGCTTAATCAGTGCTCTACCCCCAACAAGAAACATACAAGGCAATACCTAAATATTTTTCGGGGAGAACCAGCTATCGCCACGTTTGATTAGCCTTTCCCCTACCCACAGCTCATCCGAGACCTTTTCAACGGTCACCAGTTCGGTCCTTACGGAGTCTTACCTCCGCTTCAACCTGGCCATGGGTAGATCACGTGGCTTCGGGTCTATTTCCTGCAACTCAGTCGCCTTATTCAGACTTGGTTTCCCTACGGCTCCAACGCTCGTGCGTCTTAGCCTTGCTGCAAAAAATAACTCGCGGACCCATTATGCAAAAGGTACGCTGTCACACTTACGTGCTCCAACTGCTTGTAGGCGTACGGTTTCAGGTTCTATTTCACTCCCCTCACCGGGGTTCTTTTCACCTTTCCCTCACGGTACTTGTTCACTATCGGTCATCGAGGAATATTTAGGCTTGGCAGATGGTCCTGCCGGATTCACACCGGATGTTTGTGTCCTGTGCTACTCGGGATACTACTCGCAAGAATTTTGTTTTAAGGTACTGGGCTTTCACCATCTGTGGCTGCCCCTTCCAGAGCTTTCCCATAACGCTATTCTTTACTTTGTGTAGTCCCACAACCCCGTCAGGAATTGCTTCCTGAGGTTTGGCCTCTTCCGCGTTCGCTCGCCGCTACTAGCGGAATCACTGTTTTGTTTTCTTTTCCTGAAGGTACTAAGATGTTTCAATTCCCTTCGTTCGCTCTACTGAAGTTATGTATTCGCTTCAGAGTTATCCTTGCGGATAGGGTTCCCCCATTCGGACATTACCGGGTCAAAGCCTTTTTGGCGGCTCGCCGATACTTTTCGCAGCCTAACACGTCCTTCATCGCTTCTCGATACCTAGGCATCCTCCGTACGCCCTTAATCGCTTCTTATAAGGCATCATTTACCTTACTTCATTGCGGTCTCTAATCTACTTTACTTTTACCCGTTTCAAGTTCCGCTACGAAATCAAACACCCTTCCGAGTCTTTTCTCTCTCCGCTTTCCTCTTTCAAAGTCAAAGATTTTCTTTTCTTCTTCTCTTCTCTTTTCAAATAACTTTGTGATCTTGCTTGTCTGCCAGAGTATTATTCTGGAGAAAGTCACTATACGCAGATGAGAGCTTTCGGCACACATACTGAGCATTCATGGTGGACGCTAGGAGGGTCGAACTCCTGACCCCCAGAATGCAAATCTGGTGCTCTCCCAACTGAGCTAAGCGCCCCTCAAGCAAAAAACGGCTTTCCTCTGCAAAGCGACCTTATAAATCAGTGAGTGTTCACAGACTTATCAGTTGTATGCATAAAAAACCGCTTTTATCTGACTAAAGAAGATTACAAAAACAGAGTGCGTGAGCGTTTGACCTAGAATGGAGTCTTTTTACAAAGAACTCTAAATTCCTAGAAAGGAGGTGATCCAGCCGCAGGTTCCCCTACGGCTACCTTGTTACGACTTAACCCCAATCATCGCACAAGCCTTGGCAAGCTGCCCCCTTACGGTTAGCCCACCTGCTTCTGGCTTATACAACTTTCGTGGTTTGACGGGCGGTGTGTACAAGGCCCGGGAACGTATTCACCGCAGCCTGCTGATCTGCGATTACTAGAGATTCCAACTTCATGTGGTCGAGTTGCAGACCACAATCCGAACTGAGACCATGTTTTTGCGTTTGGCTTCACCTCTCGGCTTCGCTTCGCTTTGTCTTGGCCATTGTAGTACGTGTGTAGCCCTGGATGTAAGGGCCATGAGGACTTGACGTCATCCCCACCTTCCTCCGGTTTATCACCGGCAGTACCCCTATAGTTGCCAACTTAATGATGCCAAATAAGGGAAAGGGTTGCGCTCGTTGCGGGACTTAACCCAACATCTCACGACACGAGCTGACGACAGCCATGCAGCACCTGTCTCTGAGTGTATTGCTACTATTACGTATCTCTACGCTTTTCTCAGGATGTCAAACCCAGGTAAGGTTCTTCGCGTTGCTTCGAATTAAACCACATACTCCACCTCTTGTGCGGGCCCCCGTCAATTCCTTTGAGTTTTAGCCTTGCGGCCGTACTCCCCAGGCGGATAACTTAGCGCGTGGGCTACGGTACTGGAGGGGTCAACTCCCCCAACACCTAGTTATCATCGTTTACGGCGTGGACTACCAGGGTATCTAATCCTGTTTGCTCCCCACGCTTTCGTTCCTCAGCGTCAGTATTCGGCCAGGTGGTCGCCTTCGCCTCCGGTGTTCCTGCTGATCTCTACGGATGTCACTCCTACACCAGCAATTCCACCACCCTCTCCGAAACTCAAGAAACACAGTCTCAAATGCACGTCCCAAGTTAAGCTCGGGGATTTCACACTTGACTTGCATTCCCGCCTACGAACCCTTTACGCCCAGTAATTCCGAACAACGCTCGCACCCTTCGTATTACCGCGGCTGCTGGCACGAAGTTTGCCGGTGCTTCTTCTTTTGGTACCATCAAATG
CP123622.1_gap10	473368	477418	4050	TGATATTGGGAAGAAAAAAGATCTGAATAAACAAGATCTAGAATAAAAATATGCTGGGGAAACCTTGCTATTAATTCTAGTAAATTATCTATTGAAGCATGATAACCAGTTGGATTATTAGGTACTGTTAATAAAACAACAGCCTCAGATATATTAGTTAATTCTTTAATAAAGATTTGTTGATTGACTTCAATATCTTTCTGCGTAAAGGAGTTTGGAATTTTAATTTTTTGATAACCCAAACTATTAATGATAAACTCATAATTATTCCAAGAAAAATCTTCCATAAGAATAGTTTGACGATCTTTTCTTAACCATGTTAATATTTTTATCAAAGCATCTTCAGCACCATGAAACAGTGTAATTTGATCCAAATTCGATAAATTAGAATTTTTAGCAATTTCTTTCAGTAAATAACCTTGTTCTTGCAAAGATGCATAACAAGATATATCTAAAATGTTAAAATTTGAAAATATTTCAATAATTTTTGGATGATGCTGAAAAAAGTATTCATTTCTGTCTAGATGAATGTGTGACAAATTTCTCTTCCTTTTGTAGTAAAAAAAAACAATTAAACTAGAAAATTAAATTTTCTTCGGTTAAGTTTCATTTATAACTTTTTTGATACATTCGTTCTAAATCCATAAAGGCTAAGAATTATGCTTAAAGTTCAAAGTACAATAACAGAAAAAGTGATCAAACAATTATGGAGTATCTATAAATCAAAGGTAGGTCAAGTTAAAACGATAGAACAGGCTATTAGAAAAATGGGTGACACTTGGAGTGAAGATCATATCGCTTTTAGAACGTTACCCGGAAAAAATTGCAACATGAAAGTTCTTTCAAGTATTTTTGAAATGTTAGGTTATACTCACGCAGGTAACTATGATTTTCCTGAAAAAAAATTAAAAGCTATCTCAATGAATCCTCCAGTGAAAAAAAATGCGCATAGTGCTAAAGTGTTTCCTAAAGTTTTTATTAGTGAGCTTCTTTTAGATTCCTTTTCAAAACCTTTTAAAGAATGCGTTTTAAAATATACTAATGACGTAACTGATTCACCCATAGAAAAGTTAAAAATTCAACTAAGTCAACTAAATGCGGATAATAAAAAAGTAAATCAGTTCGCTAATGAAATAGCATTATTTTTAGGATCAGGTGCCATGTGGCGAGTTCCTAAATATCAAGACTACGAATTGCTAAGAATTGAAAGCGAATACGCTGCTTGGACTTTGGTATTTGGCAATACCCCTAACCACTTCACCGTCAGTGTTCACCTCATGGAAACTTTTAAAAATCTCCAACAATTTAATGACTATGTACAAAAAAAATTAAAAATCGAGATGAATAAATCTGGTGGAAGTATCATTAAAGGCTCCAAAGTTGTAAAATTAGAGCAGAGTGCAACATTAGCGGAAGAAAATGTGGTTCGGTTTCAAGATGGATTTTACAACATTCCATACGCATTTGTAGAATTTGCGTTTCGTCATCCGCTACAAGGCAAAAAACATGATGAATTATGGGAGAGCTACTATCAGGGTTTTGTGACTGACAACGCTGATAAAATATTTGAATCTACAAATAAACGGACTGGTTAAAGATATTCTAGAAAAGAGAAATATATTCAGAAATATTTAATTCTTCCAAAAAGTTTTTATCATGCGAAACAACCAACATAGCACCTAAAAATGATTTTAAACTGGATAATAAAATTTCAATAGAATGGATATCTAAATTGTTAGTTGGTTCATCTAAAATTAAAAGTTCAGGTACATTTTCTTGCAAAAATAAACAAGCTAATGCTACCCGCATTTTTTCCCCACCACTTAACCAATTTATTTTTTTAAATATATCATCTCCATAAAATAAAAATCTTCCTGCACTTATTCTGATTTCATGTAATTTCTTGCTGGGTAAAGCACATTTTTGCATATTTTCTAAAATCGTGTTTTCCTGCTCTAAAAAAGAACAAGATTGATCTAAATAGACAATTTTTTTTGTTCCTAACTTAACAGTTCCAGATTGAGGTAATATTTCACCCAAAATAATTTTTATTAAAGTTGACTTTCCACTTCCATTATTTCCTAAAATAGCTAATCTTTTATTTCCAATTAATGAAAAATTTAAATTCTTCTTCCAAAGAGGATATTGAGAATTAGGATATTGAAAGTTTAGATTTTCACAGATAATAATTTCTTTGCATGATGGAATTTTTGCATTTTCTAAATCTACTTGAATTGAAAATTTTTCGCGGATATTTTCTTTTGAAAGTTTTACTTTATTTTCAGCTTCAAATAATTTTTTCCGATGTATATCCAGCAGATTTGCTGAAGTTTTTTCGGCTTTAGATTTTTTATATTGCAATTCTAAAATAGACATCCCTTCATTTTTAGCTTTTTCTTTCCCTGTAGCAGATTTATGAGCTATTTTTTTCAATACCTCATTTGAAATGTTTTGAATTTTTTTAAGATTTTGTTTTGCATTATCTAAAGTATTTGCGTTCGCAATTTCTTCAATTTCTTGTTGCTCACGGTAAAAACTATAATTCCCTCCATATACTTTTAGTCCTAAATTAGAAATTTCAAATATTCTATCCATCCTATTTAATAATTCAATATCATGACTTGAAATTAAAACGGTTAAATTAGGCTGAATTATGTTTTTCATTAAGTCAATTTTAGCATAGCCATCTAAATTATTTGTTGGTTCGTCTAGTAACAAAATATCAGATTTATCTAAAATTAATTTCGCAAATAATAAACGGATAAGTTCGCCACCGCTTAAACTTTTACCCATTCTATTTAGTGGATAAGGAAATAATTTTACCGCATGAAAAGCAAGAGTTATTTCTCGTTCTAAATCCCAGCTTTGATCTATTATTTGAAAATCTTTCTCACAAGCAACTCCAGAAAAAACATTTTGGAGAGAATTTACTTTTTCTTTTACTTCAAGAATTTCCGCTATTGATTTATTTGCAAAGTCATATAAATTTTGTGGAAAATAGGTAGTTTTACCATGTATTTTGATATCTCCTTGCGTTGCAATTATTTCTTTTTTTAATAAGCGCAATAAAGTTGTTTTTCCAACCCCATTTTTTCCTACAAGCCCTATTTTTTCTCCTTTTTGTACTGAGAAATTAAAATTTTGAAATAGTAAAGTACCATCAGGTAAATTATACCTAATATCACTTACTGAGATAGGAGAAGACATAAATTTTTGGTCTCCAAAAAAATATTTAATTGTTTAAGTAACTAATTTTGTAAAGAATTATTGGTAAGATACGGTATTCATGGCACTCTTTCAAGAATGAAATTAACAGGCAGGGATTGTTTATCAAATTTTAAAGAAAATTGCAAGATATAATCATAGAAGAACTCATAACACCAGCGATAACCCCTATTGATATAGCAATTATTGAAATTAAATATTTATTCTTCATATAGCCCTACTTCTTCTGAAGTAATATTAGAATACCTGAATCATCTCAATTTTTTATGCAATTTTTCTTTTAGAAATGTTGATTGTTTTAATTAATCTAAAAAATGGAGAAATGCAAACTTTACTAAGTTTGTATTTCAACCGCTTCTACTTTCGGTAACGGAATAGAAGTAAAAAAACGGGCGATGCTTTCAAATTGCTCTGGAGAATCCGTACATAAAACTTGTTTCTCTCCATGATTTAATATTTTTTCATATTGATTAGTAGCTATAAATTGTTCAACAAAGTTGACTATTGGTAGCGAAGACTCTACCAAAAAAATGGGATCATTTTGGTCTTTAGAGCCAAGTTTTAAAACCCAGTCACCGTCAATTGATTTATAAATTACAGTTTTCCCTAATCTTCGTTCCAAAGATTCAGCAATTGGTAAAGTTAAGCGTGGATAATGAGTACACGCAAGCATCACAACTTTTGTATCCTCAGGGATATCCCACAAATACATATCACAAGCGGCATCGACCATAGGGCCTTGAGAAATACCTTCCTCAACTAAAGGAACAAATAAAGGACATGCCCTTGCCCAAACATTTTCTACACCATTTCTATTCAATTCTT
CP123622.1_gap11	478675	480508	1833	AGGCCAAAGCATTTATCTCTCCTCAAGGGTCGTCAATGACACCCGATAAACATAGTTGAAATCTCATCAACTTTGCAACCATTTTGGATTAGAGAATATGAATAAATTAAAAAACATCAGAACTATCAAAAGTAAAAATCCAAATCCAAAACTAACTGTTCTGCTAGGAGATGAGCATTCACTTTCAGCGAGTATGGAGGGCTTAGTTCTCTCCCAAGCTGGATTTGCTGTAAAACATGCTAAATCTATAGAAGAAATAATCAAAATGATTGCAGATGAAAAAATAGATATTGTTATGCTTGATTATCTATTCCAAAAAGGAAATGCACTGAAAAAAATAGTCCAAGCAAAAAAAATTAGTTTAAATCCAAAAATTAGGTTTGTTGTTACTAGTGTTGTAAATAGCGAAGAATATAAAGATGATATTTTTCAAAATAACGCTGATTTATTTTTGCTAAAACCCAGTCCCAAAAGTAAATTAATTGAAGAATTAAAAAAATTAAGTAAAATTGATTTTAGAAAAAGCTTAAGAGTGAAATGTAATATTCCTTTTAAAGTAAAAAAAGAAAACAAATATTTTGAAACTTACGTTATCGATATTTCTGCTGATGGTTTACATGTAATTGACCAGTCAAATCAGATAAATCCTGTAATCGGTACAGAATTAGAATTTGAATTTTTATTGCCTAAGTCAGATGATTTATTAAAAGCAAAAGGGAGTGTAGTAAGGTTTACCGATGAAGGATTTGGAATAAAATTCACAGAAATAACAAAAGTTACAAAAGAAAAAATAAATAAGTTTGTGCAAAGTAACAGCATAGAAATGAAGTCATCACATTATTATTTACAATAATTTTATTTATGTAATTTTTTAAAAATAGCATTAATTTTAATTCAAATAAAAATCAAAATTAATCCCATTGAGATAAAATTAAAGAAACATCATACCTATTTTTTACTTAGTGAGTTCATACTGCTTACAGCTGGTTTCACTTCAGCAGAAAGATTTACAGCAGCCGCACTTGATTTCTCGTTTTTTAAATTTTTATTATTTGCTTCTTCTATTGACTGTTGATTTTTAATTGATTTTAAATAAGTTTCGTATAATTCTGGTTGTAGAGTTGGACTAGGAACACCATCAGGTCTAGGGTTACTAACCACATCACGCCAAGCTTCGTATAAGGTATTTAAAAGTTTTTCAGCTACTTCAATATCCTCTACTTTATTATTAATATTTGCTTCAATTAATTTATCCATTATAAACATATACAAATTTTCTAAATCAGCAGAAAGTTGTCCACCTACTTCATGGTCAAGAGTGTTTATTAATTCAGCAATTATAGCGATTGCTTTACTTAAGTTTTTTCCTTTTTCAGCAATTTTTTTCTCTTGCATTCTAACTTTAGCAACACGTAGAAATTTTATACATCCTTCATACAACATTAAAAGAACTTTTTCAGGCTTTGCAGTTGTTACATTAGTAGACTGATACGCCTTAAATGCTTTCACATTCATTGAAAAACCATCCTTGAAAATTATGTCTTTAGTAAATTATGCAACTATCCCATAGCATCTAGTTTTTGTTGCAATACTTTACCTTGTGCATTCATTCCACTGATAAGTTGTTCAACATATGCAAACTGTCTTCTTAGTCCTTCTTCTCTTTGCTGAGCCTGTCTTGTTTTCACAGCAATGTCTTTGTCAAAATTTTCGAGAATTCTTTTATATTCTCTTTCTTTTGATGGGATTACCCCACTCTGTTGACTCTGAACATTCCGCACAGCATCTGAGAGTCTTGGTCCTATACCTGAAGAATCATCTGATGTGATGAAC
CP123622.1_gap12	487986	490225	2239	AAGTTTCACCAATTGCATTAAATGATTCTGAAAGTAGCGATAAAGAAACTGACGTTTATTTATATAAAAACAATGAAAATAACCTTAGCTTAATTTCTGCAAGCAGCAATAATAAAGATACTGAAAAAGAAGTTGGAAAAATGATTTATGCTGAATTAAATTCAGAAAATAAATCTGATACTGAAGAAAATGATCAACCTCTTGACAAATCTTCTGTCACAGTAACTATTTTTGAGGAAAATTTATCTTGTTTTATGCCAAAATTAAGCAAAGATGACTCTCAATTAATTGATTACTGCGATAAAAAAGCTAATGTAAAATTACATTTTAAAGTAGATATGTTCGGCTCTCGTGCTGGAGAATTTATTCCTAAGGAAAATCCAAGTCAAAAAATAAGAACTGAAGATGGAAAATTCATAACTTTTAGCATTTCCCCAAGTGAAAGGGGTGGCCCAGGGTGGCATATAAAAAATTCTATCAAACAAGAAAAAATAAAATATGGAGACAGAATTTCTCCAGTAGCAAACAAGTATTTTTTTGAAATAAACTCTGACTCAAATAGTGGGAAAACTTTAGAAAATCAAGTACATATTGCAAACACTTTTCCAACAAATTTAAATCCTAAAACTACTTTTAGCGAAACGATAGGTTACAACTCAGGCATATCTGGTGGCTTAAAATTAGGCAGTAAAGCTGAATTCAAGCCAGCAGTTTCTCCAGCAACAGGACTTAGTCTTGGAGAAGTTGAAGCAAATGTTGGCTTAGAACTTGGTGCAAATATATTAAGAACAAGATCTAGAACAATTCAATTTGAGACATATGAATACACTGTCGAAAATAATAGCAATGGAAATAAAGCAATGTGGATTTGGGATGCAAAAATTCCAGAAAACATATGCACCTATTTAACTGGTTTTGACACAAAAAATTGTGACTTTAGTACATTACCTTGGAACACCAGATGGGCATCAAACATTAATAAGTTTTCAGCTATCAGCCACAAATCTTTTACACCAGCATTTTTGGCTACATATAGAACTTCAACTAGAAACAAAGGGATAACTTCTTTTGAAATCAGCACAAAAGCTCAAACAGCTGCTATATTTGGAGAAGTTTCACAATTGGTTATAAAAAAATCTTATAAGCTTGAAGTAGGTACTGGAGAAATTTCTGTAAATCCAATTGTAGTTTCAGTGAATTGGAATTCTCCATTTTTTGCCTCTGAAGAAAATATAAGATTGCAAAAAACAAATAGCCTTTATGCAACAAAATGTTTGGCTGTAAATAAAGCAACCAATGTTGTTTCATTAGCTGACTGTGATAATACCCATGAACAAATTTGGGGATATGACATAGAATTAAAGCTATTTAAATCTAGAACTGGACTGAATAATCTTTGCTTAGCTCTTCAACAAGATAAATCTGGACAAGATGTTGCTGTAGCCGAACCATGTTTTGCAAATAGTGAAGATAAAGTTGTAAAAAATAATCAAATTTGGGAATTTACAACTGAAGGCTATATAAGGTCTAAAGAAGATCCTGAGCAAAGAGTGCTTGATACGAATGATAATGGAGAACTTGTATTAAAAGTTCCCAATAAGTTAACACCAAAATTTAAAGCTTATGACGCCAAACTTTAAAAGCTCTTTAGCAAAGAGACGAAGATAATAACATCCTCGTCTCTTTTTTTGTTAACGCTTCTAAAATTATTTTAAGATTTAAAATTTCGTTTGAAAAACAATTTACTTAGCTAAAGCAGCAACTCCTAAAAGTCCTTTTATATCTTCATCCGTGATAGATAAACCAGCACCTACAAATGGAAACGGCTTATCATATAAAACCAAGCCGTCTACCCCAGCCGTAAGAAAGATATTTGGGGTAATAAATACGTTTGTAAAAGCTTTGATATTAAATGGACCTTTGCTGCCATATTGAGTATCAGATGGTGTTGGGCTGCCACCAAATTGAGAAAACTCAATAGACCCAACTAAACGATCTTTAAATACAAAAAAATCTGTTGCAAATCCGCCTGAACTAGCAAACATACCAACCCTCAGCCCCATAAAACCAATTCTTTGCGAAATTTGTAAATTATACCGTAAATTTGAAACATTTTCATTGGTATTTTTTTGGGTAGTTGTAGTGGTTGTATTTCCATTTGTAGTGGTTGTTGCAGTTGTCGTATCTACTTGTCTTCCATATGATACATTTGTAATACCTAATAAATAATATCTATCGG
CP123622.1_gap13	574318	576583	2265	GGAGAAATTACCCTTGAATATTTTGCAAAACGATTTAAAATTTCGGAAAAAAGCAATAATCAAGGGATTGTAACTGAAGCTGATCTTCATTCGGAAAAAGTAATTAAAGCAGAAATTCATAATTGTTTTCCATCTCACAGTATTTTAGCTGAAGAATCAGGATTAACAGAATATGCGAAAAAAGAAGATTTCGAACCCATCTGGATCATAGACCCATTAGATGGAACCACTAATTTCTCGAAAGGAAATCCATATTATTGCATTTCAATAGCCTTTGGTTTTTTAAAAAATAGAAGATTTTTATGCCAATTAGCAGCCATTTATCAACCAACTACAAAAACTATATTTTATGCTGAAAAAGAAAAAGGAGCATATTGTAATGGCCAAAAAATACAGGTTTCAACTTTAGAAGAATTGAAAATGGCTAGTATTTGCACAGGATTTAGTTCTAATAAAGGGAAAGATCTTGTTCCTCTTACAAAAACTATTGGCGAAATACAAAATAATTCATTGGGTTTAAGAATTAATGGAGCTGCAGCACTTGATCTAGCTAATACTGCAAAAGGTATGTTTCAAGGATTTTATGAAACTCCATTGGCTCCATGGGATACAGCAGCAGGAGCATTATTAATAATCGAAGCTGGAGGAAAAGTAACTAATTTCCAAGGAAATGAATTTTGTCCGCTACAAGATCGAGGTATTATTGCTGCAAGTTCTCAAATTCATGAAAGCTTATTTAATTTAATCAAAATAAATTACGCCAATTAATTGTGTTTTGATTTATCAAAACTTTGATTACTTACTTCTTGTTGGCTATTAATAGGATTACTACCATCATCTAAGGCTTCTTTAAAGTAACTACCACCAGTTTCGGTTCCATCTATTATAAAAACACCAATTGCATCACTTCCTGTTGAACGTTCTCCGGTATTTTTATCAATAGCTATTTCATGAATACCTGTGGGTCTTGTCCAATTTTTTAAAGAATAATTTTTAATTGCACCTTGCATCATTGTTTTCCAAATAGGTGCAGCCATTGCAGATCCCGTTCCTCCAGTTCCTAAAGTTTTAGAATTGTCGTCATATCCAATCCAAACTCCTCCAACTAGTTGCGAAGCAATTCCAAGGAACCATGCATCTGTATTTGCATTTGTGGTTCCTGTTTTTCCTCCAACATAATTTCCTAAACCTAAAACACCTTGTCCAGTTCCAATATGAACAGCTGTACGTAAGAGATCTAAAGTAACATATGCTGCCTGAGGTGAAATCATTTGCAATTTATCTATTTCATTCTCTTTTTCCACTGTTTTACCAGGAAGAAATGGAGCATCTTCAGGAAATTGTGGCTCGATTTTTAAGGGGAATATTTTTTCATTTTTTGCTGAATAAATGACTTCACCATTTCTGTCAACAACTTCATTTATATAAAATCCTAAAGTCATTTTTCCTGAATTTGGAAAAATAGAATAAGCTTGAACCATTTTAAGTAACGATGCAGTTCCTGCTCCTAATGCTACGCTCAAATCAGATAATGGCCAATTAAAACCAAAACGAGTTAAATGCTTTGTAACTTTAGATGGCCCCATAACGTGGTACAGAAAAATACTTGGAATATTATAGCTTAAAGCTAAGGATTGCATTAATGTTGTTCGCCCAGATTCTTTTCCGCCATAATTTTCAGGTTGCCATCCATCTAAATCTATTTTTGGACTGTCTATTTTTGAAGCAGGAGTAAATCCACAGTCAATTGCATAGGAATAGTAAAGAGGTTTTACGCTACTTCCCACTTGACGTTCTGCTTGAGTAGCACGATTAAATTGACTCACTAAAAAGTGTTCACCACCCACCATTGCAAGTATTTCACCGCTTTTTGAATCCATCACCATAGCAGCTGCTTCTATTCCAACTGTGTCAATTAAAGTATATCTAGCAAAACTCTCTTTAGATGGATTATTAAAATATTGTAAATATGAATTTAAAGTAAACATAAATTTTTTATCATTAACAATTCGTGATTGCATTTTTTTATTTAATTTTTGCACATGTATTTCATCACCAACTTTTAGAACATTGTTAATATCAGTATCTCCTGTTTCTTTGTTAATATCAGCATTTAGAGCCCACATGATGTCTTCTTCTAAAATGACACCAACACCTTTTTGAGTGGCTATTCCTACAGCTTGAATTTCTTCATTAATAAAAGTAACAATAGCTCTTTCTTCTTCATTTTCTTTTGGCTTTGATGAAATAAACTCTTTTAAATGT
CP123622.1_gap14	647282	652163	4881	TAAAAATATAATTCAACTAAGTGGCGCTAAAGGTGAAGTTCCACCTAAGTGGCTTATAAACGCAGACTTTGGAGTGGAAATTTCGTATAAAACAAGTACATTATTTAGAAAAAAACTACGTAATATTGAGCAACAATTTCGAGGAAATTATCCAATATCAGTGCCAACACCTGAAGTATCAATCCTACAGGTACTTGAAGACGTTAATGATTCTAATTCATTTGAAGATGCTTTGAACATAATGGAAAACCTCATAGGCTTACAGCTTAATCGCATGCAAGAAGCGTTTAATGAATGTAATTCTTACAAAGTTAAAAGGCTCTTCCTGTTCTTAGCAAAATACACATCATTACCCATCCTAAATGATCTGAAATACACGACAGAAGACTTAGGAAATGGAGTTCTACAAATTGTAGAACACGGAAAATATAATCAAGAGTTCAAAATTATGATTCCAAACCAATTTAAAAATAAAGGAGATAATCCCTTTTGAATAAAGAATTTGAAGAACAAACCAAATTAGTGTTATTAGTTTTGCCATTTATAGATAAAGATATATTTGCCCTTAAAGGAGGTACAGCAATAAATTTTTTTTATCAAAATCTACCTCGTCTTTCAGTAGACATTGATTTAACATATTTACCAATTGAGGATAGAGAAACAAGTTTTAAAAAAATCCATCAATCCCTGCATAAACTCCAAAATGAATTAAAAAAGAGAGGGTTTGAGTGTATTTCTGACAAAAAACTTGATGGAAATTCAGAAGTAAAACTCATTGTTTCAAAAGAAAAAATTCAAATCAAAGTAGAACCGAACTTTACTTTAAGAGGGACAGTCCTTGATCCAGAAATGAGAGGGGTATCTAAAAAGATATCAGAATTATATGGATCAACATTAAAAGTAAATTGTCTTAAATATGAAGAAGTATACGCTGGCAAAATTTGTGCAGCACTTGATAGGCAACATCCAAGAGATCTTTTTGACATAAAATTATTATTAGAAGGACAAGGAATAACAAAGAAATTAAAGGACGTCTTTCTGTTCTATCTCATTAGTTCTGCAAGACCCTTTCATGAGCTGCTCTCACCTAAAAAACAACCGATCAAAACCTTATTCGAACAGAAATTTTTAGGGATGAATTTTGAAAAAATAACAATTGAAGATTTAGATGATGCATATAATATATTAGTTAAAAAACTTAAAGAGTTTATAGAAGAAAATGATATTGAGTTGCTACGAACTATTTTACAACTAAACCCAAAATGGCACTTAAGTAAAATTAAAAATATTGAAAATTATCCTAGTATAAAATGGAGAATGCTAAATATTGAAAAAATGTCCGAGGCTAAGAGACAAAAAGAACTGAAAGAACTCAATAGATATCTTTGATAATTGATTAATTTGTATTAGATGGTACTTTATCCAACAATTTTTTCCTGTTTTAAAAAACACTCAATAATGAAATTATCTGAACACGGAGTCTATCTAGACAATGTTACTTCCCACACGTACACTTTCCAAAAACAGGAGGCTCGTCACCATGTCCAAAATATACGCCTGCATTTGGTCCAACGACAAAGCCGCGGAGATGGCTAAATTTTACAAGTCAATCTTCAAAGGAACCAAGATCGGCAAGACTTCTTACTGGGGCAGCAATCCTATGAGAGTCAAAGAGGGTTCCGTATTGACCATACATCTCACCCTTCTGGGTCAAAAAATCATGCTTCTGAACGGATACGCCGAAATGACTTTCAACGAGTCCATTTCGTTCGTCGTACCCTGCAAAACCCAGCGCGAAATTGATACGTACTGGAAGAAACTGACGAGTGATGGAGGCAAACCTGTGCAATGCGGATGGCTGATAGACAAATACGGCATTCGATGGCAGATCACACCGGCTGAATTCGACAAGTGGAACACAAGCAAAAACAAAAAGAAGAAGGAAGCGGTCATGCACGCGATGTGGAAGATGATCAAATTGGACCGCAATAAGCTAAAGGAAGCCTTCGATCGCGCTTAAGAATCAATCACCTCCCCTGACTGGGTTACAGCTTGAAATATTTGCAATGTAAATTTTGGAGAAGGAATTCAACAAGGCAATGAGTTTGTATTTAAAAACATATTTACTGATGGCAAACATTATGGATCCTTTAGATATCTTCCTCATAAACAAGTATTTATGAATCATTGTGATATTGGCAGCGAAATGCGTTTTACACAAATTAAACTTATAACTCTGTTTTGAAAACCACTTTTAAACTTTAAAAATGTATCAAACAAATTTAACTACTTAAAAGTTTCATTTATATTATAATTGACATCATTTATATTCTTCAGTAAAATATTGCTTAATAGAGATAACATATCGAATTAACACATCTTCTTATTGCTTCCAATTGTTGAAAAGCTGTTGTGTAAATATCCTCCTGTAACGGAAGAAGAAGTTGAAAAAGCTTTTTTCCAATGGGATGGGTTCTGAATGATAGGGAAGACCATAAATCAATTCCACCTACTTACTGGTTTATTAGTGAAACCTGTGATGTCAGACTTTTAAAGATAGTCATTAAACCAGTACCAGATACAGATTTTGCATATGTACGAACCGCCTATGATGCAGATGAAGAGGAGATCGTTATTTATGAAAAAAAATCGAAAAGTTTCCGTTCTAACAGATAAGGAAGAAATTAAAAAAGCGGAAGAGTTTTTAAATGACGGCTACCAAGATAAATGGGAAAAAGGTGAACTTGGAAAAAGTTTAGAACACTCTATTGGAGAAAAAGCAAATATAAGTGGCGCTCCAACAACAATTCGTCTTCCGGATTCTTTAAAAATAACAATAGCTACTTTAGCAAGAGAAAAAGGTTTAACCACAAATTCTTATATTAGAATGATTTTAACAGAACATGTAAAACAAAAGAAAAGAGCTTAATTTATTTCTTTTTTATTTTATGAAATATACTAGAATAAATTTTTTAAAAAAATTAATTTGAAAGATCAGGGGTAAAGAGCCATAATTAAAATTAAGTAACAAATTTTAATTTAGGAGTATTTATGTCTGATAACGAAAATATCATTGAAGAGGATAAAACACAAAGTCACCCAATTCTTAAAGATAAAAAAGAAATTACCGAACAAATGAAAGCATGGAAGAATTTTTTAGATAATACAATTGGCTTTGTCTCATTTAACTTTGCAATTTCTTGCTCAGGACTGGAAGGAATAAAATCTCTGCTATGGCCATCTCTTTCAATAGCATTTATTCTCGTTCTCATGTTTAAAACGGACGATATTTTCCCAAAATCAATAATAGATTTAAGAAATAAAAAGAATAAAACAGACGAAGATAAAAAATATTTAATCATATTTGAAAAAAATTTATTTAACTTAGAAAAAGCAGACCTTTTTATAGAAGAAAAAGACAAAATTAAAAAACGTTTTATTAGTTTTTGCAATGACCTAAAAGAAACTCCTCTATATTGGATAGGTTTCATATCTTTATTGGGGGTTCTTTTCTGTAATATTAGAACCTTTAGCATTCATAATTAATTTTCTTTTAAACCTATTTTACAACCCAAAATTGGGACCTTGGGACAATCTTGCGGGGTGTCTTAAGCATATGGCTCAAACGAATAACTCAATGGCGGACCCAGCAAGAATCGAACTGGCTTTGCCGACTTTTTTCTTTTTGCTTCAAATTTCTAGAATTTAAATAACTTAACAATATCAATTTAGACACTTCATACGAGTAACAAACCTGCCAAACTGTAAAGCAATGAATTTGGGACAACAAAATTTTTTTGTGAGTATAGCAATTCTTCTCGGCTTCATCGGCAAATTAATACTTATTTATATAAAATATATACAAGTAGCTGCCGGCAAGAGCAAAAACTCTTCTCAGCATCATCGGCATGGCCGGCAGATAGTTGGATTTTACTTTACTACAAACTTCAAAAATTATGATGTAAATATATTTCAGTTTTTTAAATTATTTTTTTCATATATTTTAAGTATAATTGTTATCATTAAAGTCAATAATTATAAACTACATTATCTTTACTATATAAAATTACTTGTAGAAATTTTAATGATATTTTTTAAATTAAAGCATTTAAAAATGTAAATATGATCAATTTTTTTTCCAATAATAAATAAAAAAAAATATTTTATTATAATTTATATTTTTAAAGTAAATATTATCAAAAAAAATAGATAAAAAAACCTTGTTCATGAATATAAAAAGTTTAATTTTTGGTAACCTATTTAATATTAATTTTACTTTACATTTTTATTTTTAATAAATCTTGAAAATAAAATAAAGCCTTGATAAAATAATAAATTATGCTTATTTATAGCATTATTTCTTCTTAACAGGAGGTTAAATGATCAAAAGTAAAAAAAGTATTACGATAAATTTTTATAAGATAATATGTGAAAAAGGATCTCTATTCGATAGAAATAAAACACTAGAAGAAAATTTTGACTTTTATTTTTCAAAAAATATTAAAAATTTTGGAAAAGAGTACTTTGAAGAAGATAATTCTACTTACGAAATAACATATTTAACTGATAAAATGATCGATTTTATGGGTGCATACTTTGGAACATTTGCTAAATATAGAGACAATAATTTTCCTTATTGCTCAAGTAATAAAAAAATAGAGAAAATTAATACTGATTATATTGTTGAAGAAACATATTTTTTGATAATTCCAAAAAAAGAAATAGTCGTATTTGCAACAAAGAAAGAGATTGGTGGAATAGAAAATTTTTCAAATTATTTAACAAGAAAAACAAGTTTGAGATTTGATATTTTGAGTATTATTAGAAGAGACTCTTTGAAAAATTTTTTGGAAAAAAAAATTGAACCAACTTTTCTTTCTA
CP123622.1_gap15	698645	699308	663	AAAATCTTTTGCAGTGAATGCTCCAACTGGACAAATATCAACAATATTGTAGCTATAATTGTGTTGTATTTTTCTAATAGGAAACGTTCCAATTACAGAATGATCCCCACGATTAAAAATACCTAAAGAACTTGTCTTTGTTACTTCATCTTCAAATCGAACACAACGTGAGCAAAGTATACAACGTTCAGTATCCAAGACTAGATTGTCCCCAACATCAAGAGCTTTTGGCTTCAATACCTTGTCTTCATCCATTTGTGATGTGTATTTACCAACTTTCATATAGTAGTTTTGCAATTCACATTCGCCTGCTTGATCGCAAATTGGGCAATCAAGTGGATGATTGATCAAATGAAATTCAAGCGCCCATTTATGCGCATCTTTTACATCATCACTTGTTGTTGTTACTTTCATACCTTCAGTACAAGTCGTATTACATGCAATTTGTAACTTAGGCATGCCTTCAATTTTAACCATACAAAAACGGCAAACTCCTGCCACAGAAAGACCTGGGTGCCAACAAAATCTAGGAACTTCAATTCCTAATAGTTCGGTAGCTTCAATAACCGAAGTTCCTTTTGGGACAGAAATTTCTTTGCCATCAATTGTTAACGTAACAGTTTCTGACATTATAGTTATCCTTTTAAATATGGTTCAAATTCA
CP123622.1_gap16	700664	702928	2264	GAGCTTTTTCAGGTGTTACGTTATTGTGTCGATCTTTATTTATTAAAGTTGATGGAGCGTAACCACATTGCCCTAAACATTCTACACCATGCACTTCAAAAGGAAGATCTCTTCCTTCTTTCTGCGCTTTTTCAATTTCATATTTTACTGCTTTAATGGTGTCATTTGCCCCCATCAACCAACATGAAATACTTTTACAAATTTCAAATCGATATGGTTTTGGCGGACTTTTTCGATACATTGTATAAAAAGTTAAAACTTCTCTTACATCAACAGCTGAAAGGCCAAATTGTTTTTCTAACTCATTTACATCTGCATCAGAAATCCAATCTTTTTCATCTTGGATAGCATGCAAGATAGGCAAAATGCTTGAGCGTTTAGTTTCATAACGCTTGACAAATCCCTCAATTATTTTGATCAATTCTGGAGAAAAAACTGGCATAAATTGCCCCTTATCTATCAAGTTCGCCTGCAATAATATTGATACTTCCAAGTGCTGACACTGCATCAGCTAAGAAATTTCCATGCACCATTGTTGGGAATCCACTTAAGATAGAAAAACAAGGAGCACGACATTTTACTCTATAAGGGTTTCCACTGCCGTCAGAAATCACATAAAAACCGAGCTCACCATTTGCAGCTTCGTGTCTGTGATATACCTCACCTTTTGGAGGTTGGATTCCATTTATAATTAGCATAAAATGATTCATCAATCCTTCAATGTTACCGTAAACATCTTTTTTAGAAGGTAACACAATATTTTTATTTGGAACATTTATTGGTCCATCAGGCATGTTTTTAAAGCACCAACGCAAAATTTTAATACTTTGTCGAACCTCTTCCATTCGAACAAGGTAACGATCATAGGTATCACCATTTGTTCCTACTGGTATGTCGAAATCAACTTGATCGTACATCCAATAAGGTTCTTCTTTTCTGATATCGTATTCAAAACCTGTGGCTCTTAAACAAGGTCCCGTATATCCAAACTGAACGGCAAGATCTTTTGGTAATATTCCAGATCCTTTTGTCCGTTGCACAAAAATTCTGTTATTTGTTACGAGAGATTCAACATCCATATGTTTTTTTTCAATACTGTCGACTACTCTTTCACATTCAGCTAACCAGCCTTCGGGAATATCAAATCCCATTCCGCCAATACGCATTAAAGAAACAGTTAATCTGGCTCCACATAATTTTTCAAATAATGAATAAACTAATTCACGCTCTTCAAATAAGTAGAAAAAGCCTGTGATTGCTCCTAAATCTACTAAATTTGCTCCTATACAAACATAGTGATCTATTATTCTGGATAGCTCATCAATAATCATGCGCATTACTTGTGCTCTTGGTGGTACTTTAACCCCAATTAGTTTTTCAACTGTTTCACAAAATGCACTATTATTCATTGGTGCAGAACAATAATTTAATCTATCAGTATATGGAATGACTTGATTATAATTATGAGTTTCACACATTTTTTCAAAACATCTATGCAAATAACCAATTTCCACATCCATTTCTTTTATACGTTCAGCACCGTCAATAACGGACATAAAACGTAAAGTACCATGAGTTGCAGGATGTGCTGGACCAATGTTTATCCACATAAGATCTTCATGATCATACTTTTTCATCAGACGTTCACGATCTTTGTCAAAAGTATTTTCTAATGCTTCACCACGCATGGATTGATTTTTATCAGCAGGATAGTCTTTTCTAAGAGGATGCCCTTGAAATTCATGATGCGTTAAGATGCGACGCAAGTCTGGATGACCTGCAAATTGTACTCCAAACATATCCCAAGTTTCGCGCTCTGCCCAATTAGCACTTTTCCATATATGTTGAATAGTAGAGATAGATTCTTGCTCACCAACATGACATTTTACACGCAATCGTTTTTTTTCTACAGGAGCGAGTAAATGATACACGACATCAAAACGTTTGTTACGCTGAGGCCAATCTACCGCAGTAACATCAATAAGAAATTGAAAATGATGTTTGTCTCTTAAACAAAACATAACTTCCACAATTTTTTCTTTTGGGATGATAAGCGTTTGCTCCTGAGCAAACTGCTCTCTTTCCTCAAACTGCCAAGAATCAGCAGCAACAATTTTTTTTAAATCATCAATAATAGTAGCGTAAAAAGCATCCATCTCGGATATATCCTCCCCTGGCGTGCTACATTTTCGGTGCCATAAGAATTCATAACAAAACATATGTCAACTTGCCTTCAACAAAATGTGAAAGAATCTCAAGCAACC
CP123622.1_gap17	763726	764242	516	AATCAAATTTCTAAGGATGAAGAAAGACATATTACTGGAATTAGCATAATAATTAGTGAAGAATTAAAAACAACAAAAATATCATTTTTTGATATTTTATTAATTAAATTAATAATATCACTTTGTGTTTTTGATATTAATATGAATAAGTACGCTTATCACAATAAAACCGTTCGAAATAATATATTAAAATTAGGAATGAATCCCAATGAATTGACGCAATTTGCAAAAAAAACTGCAAAAGTAATTTTGAGGAATTTAATTAACACAAATAAAAATTGAAAGGTGAAATTATGTTTGACATTGAAAAAAATAAACTTCTTTCAGCAAATAATGCCGAAAATTTTTCTTTGGCTGAGTTCATAAAACCATCTGGAAAATCATTAACTGAAAAAGTATCCCCATTCAATGAATTTTTAGTGAGTGTATTGGAACAAGGCAAAGCTCTTTACTGCAGAGAATTAATGAGTGCTTGTGAACATTCAAGTTTAATACTTGATCAAATTACAAAAACTC
CP123622.1_gap18	769034	771048	2014	ATCAATGGATTATTTTAAGTGAATATTTAAAAGCAAGAACCCAGAAAATTGAAAAAAATGAAGAAATCAGACAATAGAAATTATATTATTTTCATCGTCTTTATCTTTTTTTCTCTCATTTAAATCCTCCTCAATTTCCTTATATACACAGTGCAAAATAGAAAGAAATTTTAAAAGTGAGTTTTTTATACCATCAATTATAACTTTATAATTTAATTCTTCTTCACTATTTAGTTCATTTAAAATTTCAAACAAATTTTCACTGATCTGCTCTATTAAGTAAAGTGGATGTATTTCTTCATTATAGCCCGTTATATTTTTTTCTTTTTCATCAAAAATATCTTTTAAGATTAAATTGATAATATGATTAATTTTTTCTATGTTTTCTAAATTATCCATTCAACATCCCCATAATCATTCAGACAAATTTTGATCTATCTATTAAATTCTATCCTGTCAGAATTGTGTGACTAATTTTTATTTTCCATAAATTTTATAATGTTAGAATTTTATTTTTGATGTAAATTCAATATTATCATCATGTTACTTTAATTGTTTTTTTTAATTTTCACTAACATTTAATAACTAATCTAATGTATATAATTAAAAGACTTGTGTAAATTTATAAAATAATAAAATTTATTGTCTAGTCTATTAGTATAATAAGGATTGATTATCCATAATTAGCAATAAAACAAGATCACAATTTATCTAGAAAAATATTTTTTTTATATGAATACATAATTATTTTTATAATCAGTCTTGCTTTTTTGAAATATATAAACTATTTGAAAAATATTATTGATAATAATTATCAATATCATTGTAAATATTTAAAAATAATAAAAAAGGTAAAAAAATGCATAGAATAAAATTTAGTGCACTTTGCACTTTAGGCGCACTTGCCTTTAATCTAGGTTGCACAAAGCGATCAGCAAATGACATGCACTCAAAAAACTCTGAGTATTCTTCAGTAAGTAATGAATATTCGAGCAAATCAACAAGTGAAAAGGGACAAACTGGAGAGTCGATAGCCAAAACAAAAATTAATGAAGCGTATGCAAAAATACAGCCATTTGAAATTCCTTATGAAGAACTAACTGATACTAATGAAAAAATTAAATACATCGAAGCTACTTTAAAACAATTCAATGTAAAAATTCTTCCAGTTACTGAAAATGTGAGTGAAAAAAAGGAAGAAAAACTCGAACCGAAATATCGAATTACTTCAACTCTTTATCCAAAACCTATTGATTTTGACACAATAGATCATTTGCAAAGAAAAATACAAATAGATGTTTACAATCATTTAAAAAGCGAACGCATTCAAAACTTTGAAAAAGAATACCGAGTTAATATCAAACCATTACTTGGCTCACAAAATTACACTTTTGAGTTAACTGCTGATTGGCTCAATGAAAAAATGTTTTTTAAAGATCTTGGCTCATTAGAAGCTGCCGTAAAAAACGGCTATCACATTCAAAAAGTAGATAATATCACAAAACTTTTTAGAATTATTAGAAACAAAAGTTTTAAAAATGTTTCTACCTTATCTCCAATAAATGCACAAAAAGCATTTGTAATAGATGGAGCTGACGACTTTGCAGCTGCAACAGAAAGCTCAGGACTTTCTCCAAAATTAATTTATCTCATTCAAGGTTTAGGCTTTTATCCTGCCTTTCTATATTTAGTATATTCTGGTACAGAAGGTGCAACGGCTCAGCATCAGGAATTAAAACAAGAGGTAAAAGAACTACTGATTCAAAAATATGAGCAAGAGTTAAAATTAAAAGAAACTCTTCGATCTTTAATTCAAAATGATGCAACAGCAAATGCCTCCGAAATACAAAAAATATACTTTGATCAAATAAAATTTAAAGTAAATCTTCTAGAAATGCTGAATAACGTTACTAAAAATAATCAATCTGATAAATTAACACGAACAATTCAATTTTTAGACAATGAATTGAAAAAAACAACTCCTGTTGATAGTTCGTTGGAAAGAAACATAGCG
CP123622.1_gap19	933581	935280	1699	TTCCACTCCAAGAATACTATCTAAAGCTCCAATTCCATGCGATTTTTCAGGAGAAAAGTAATGCTTTAATAAGGAAAATTCAAGATCCTCAATTGTAACTTTTCTTTTATTATGAAAATATAAATCACTTTTTAACACTAAAATGTATTCATCAGATTTATAATCATAATAAGCTTCTTTTAATAATTTTGGATATACAATATTACTTTCAACTTGGATTAATCTACCTACAACAGCTGATTCCAATAATGTTTTTGCGCTACTAGGAGCGTCGGCTGAATATGGATTTCCTTCACTGGTATTTAACAGAACACTCAAAGTTTTTTTTGCATAAACATTTTGCATAAAAAAAATATAAAATAAAAAAATTATCCAAACTCGCATTCTATCCTCAAAAATGAACTAATTTTTAACTAAGACAACTTCATCAACTTTTAAAAACAATAAGTCAGTTACATTTTCGCTTGATTTTTCTACAGTTTTAGGATTATAATGAATCCCTTTGCCGCTTTCTAATAATGGCATCCAATATACCTTTTCATGAATATAGTCATTTAATTTATTTACCATTAAAAATTTTTCTTCTCTTGTATTTGCTTTTACCGCATTTTCATAAAGACTTTCAAGAACAGGGTCGTATAATGGTCTAGGATAGATATCCGGAGAACTTTGTAAGAGTCTTGCAAATCTATATAAATATTCATGCGGTTCAACTCTATAAAAACCAAAATCAAACGCTGCTTTTTCTGCGAGTTCTTTTGGAACATACTGCTGATCAAATGTCACAAATTTAATTTTAAAGCCATAGCTTGCTAACACTTTTTTTATTTCTACCAATATTTTTGCTTTTTCAGGAGGAATTTCACCATTACCTGAATAAACTGTCCCAATCCATTCTTTCTTACGCAAATTTTTTGGAATTTTATTAAAATAATATTTTACTAAATTAGGATTATGATCGAGTTTAAAATGTTTTGTTCCCCAGATATTATTTCCTGTTTCTTTAGTATCTGCATTTAAGTTTACAGATTTATAAACTGTAGAATGCTTTTCTAAATCACTACTATTTATTGCCGCTTGAATAAATTTACGAAAGTTAATATTATTTCCTAATTCATTTGCATTCATAAATGTTAGACCTATTTGCAGAACAGGATCTTTAGTATAAAAAGATTTAAAATTAGGGTGTACATTTGCAATACTGATATCATATTCTATTTCTTTAGTTAGAACAGTATAAATATTAACTTCATCGATTGAATTTATTAATGAAGAGTCAAACTTTTTTAATTGCATACTGCCATTCTTAAATCCAGGATCAACAACTTTATATGGGCCCGCTCCAACAGGATATTTTTTCCAATCAATTAAATTATTAGCTAACTCTTCCATTGGCACTAAAGATAAATTCCAATCAGTTAATTTATATAGAAAATCGGGATCTGGAGTGCTAAATTTTATTTTTAATTTATTAGGAAATTCTTGCTTAATTCCTTCAATAGCACCTCTTTGGTAATTTTTTAACTTTAAATCTGAAATTCTATTGATTCCTACTATATTGCCTAAATAGCCATCATTTGCTTCATTTTCATTTACAGCAACATAATAATAGCGAAGTAATGAAAATTCTAAATCATCTAGTGTGGCTTTCCTGTTGTTATGAAAGTAAGTATTTTCCTTCATTTCTAAAATATATTCA
CP123622.1_gap20	942365	944739	2374	CACTTAACTTTAGTTCTTTTGCAAAGTATAAGTTTGCTATTATTTTGTTATTATATTCAATTTCCATTTTTTGCGAAGTATACATCTTGTCACTAAATATTACATTTTTAGTCAAATAAATTAAATTCTTCTTTCTAAAAAGACCATTTCCATAAGAACTTATTTCCACTTCCTCATTATTTTTATTTAAGACAAACAGACTAATTTCTGATAGCTCTTTACTTTGAATCAAAGACACAAATTCTTTTTCAATTAAAAAACGGTCTCCAACAATAATTGAGTTTCTTAGTCCAACTTTTAATGAAGAAATAATAATATTTGGTATCTTGAAATACACAACCCAAGACACTAAAAAATAAACAAAAGATAGAATAATAAAGATAATTAAAATAAAAATTATGGCTTTTTTTCTGGAATTTTTTACGATAAATTCTTTTAGAGAAAGCACATTTTCCTCAATTTTTAATTATATTTATTAATTTTGGTTAAAAAATGCTTCTAGAATTAAATTTATTTCAAAATCATAACCCAACAAAGCCAACGGAGGGTATCACATAAAACATTTTATTACTAATGATTATAAATATACTGAAAAATATGTATTTAATAATATATTTTGGTAAGTTAAAGAATAAAAATAAATCAAAACATTTTCAATATATATAAAAAAAATAGGAGATCTGTTTTTTTATCTCCTATCAAAATATTTATCGAAAAAAATTGTAAACCTTTAGCTTTCGATAAAGGCTTTTAGTTTTTTAGAACGACTTGGATGACGTAATTTTCTTAACGCTTTTGCTTCAATTTGGCGGATACGTTCACGGGTTACATCAAAACTTTGTCCCACTTCTTCCAAAGTGTGATCCGTTTTTTCACCAATACCAAAGCGCATGCGCAATACTTTTTCTTCCCTGGAAGTTAAAGTTGCAAGAACTTTCTTAGTTTGTTCGGACAAACTTTGGTTTGCTACAATATCAATTGGTGCTCCATGTGCTTTATCCTCAAGAAAATCTCCGTAGTGATTATCTTCTTCTTCGCCAATTGGGGCTTCCAAAGAAATTGGTTCGCGGGCAATTTTCATAACCTTGCGTACTTTTTCAATACTCATATCCATGCGTTGTGCAATTTCTTCAGGGGTAGGTTCACGCCCCATTTCTTGCACCAACTGGCGACTTGTTCGTACCATTTTGTTGATGGTTTCTATCATGTGTACTGGGATACGAATTGTTCTTGCTTGGTCTGCAATAGCGCGTGTTATAGCTTGGCGGATCCACCAAGTTGCATAAGTACTAAACTTATACCCACGGCGGTATTCAAACTTTTCCACTGCTTTCATTAAACCGATGTTACCTTCTTGGATGAGATCCAAAAACTGTAATCCACGGTTCATGTATTTTTTTGCTATAGAAACAACTAATCTTAAGTTTGCTTCAATGAGTTCACGTTTTGCTTCTTCGGCAAAACGATTTGCATTGCTAATAACTTGGTACTTAATTGCAATTTCACTACGACTAAGGAAACAAGCTTGTTCACTCAGCAAAATAGAATTATGGGCTGATAAATAAGTCGCCTTAAAGTTTTCCCAATCTCTTTCAGTTAAGAAATTTACTTCTATTGGTCTTGTTGCATTTGAGTTACAATATGCTGACAAACGCGCTTCATCTAAACGGGTTCTAACTTTAACTTTATTGATTTCCTTCATGCAGTCGGAAACAATTTTTGCATGCGTATCAAGCTCTGTCACAATTTGTTGAATGATACGGCGATTGATATTAATTTCTTTGACAATTTCAAACATTTGATTGCGGGATTCAACTAATATTTCGCGCTCATGGGAAGATAATTTATCTAGTCCTTGCAAGCCATATTTATCTTCAATTTCAATGACAGTTTTTGCCAGTTTCATAAAGCTTTCAACCAACACTCGAACCCGTTGGGATTGGCCTTCGTCGTTAGCTTGATCTTGCTCGTCATCAAAGCCCTTAACTAAATTTTTAGCTTTAATAATGCCATCAATAAACTTCTGTCCAATATCACACATATGGTTGATACCAATGCGTAAGGACACAAGATGTTCTAGGAGCTTATTTTCTTCATTTTCAATTTTCTTTGCTATCTCAACTTCACCGTCACGGGAGAGTAAAGCTACTTGTCCCATTTTTCTGAGATAAACACGCACAGGATCATTGCTGCGCGCAGAAGCGTCGAGTTCTTCTTCTTCGCCGCCAAGATCGGCACCAAATTCTTCAGCTGCAAGAAAATCATCTTCAGGTAAAGCTGTTGCATCGTCAGCATCGAGATCAACGTCGCCAAGAAGATCGTCGTCTTCTTCCATGTTAAATTCATCGGGCTCTTCGTCTAAAGTAGCTTCTTC
CP123622.1_gap21	1131894	1134611	2717	GAACAAAAAAAATGTATTGTATTAAAATTTGGGGGGGCTTCCGTAAGTTCCCCCGAAGCATTTGCTTCTATCGCTGAAATAATTTTGCAACGGAGATCGCTATATCAGCAAGTTGTCGTCGTAGTTAGCGCTATGGGTGACACAACTGATGATCTTATTGCATTGGCACATAAAGTAAATCCTAATCCACCGAGAAGAGAGCTCGACATGCTCGTTTCTGTTGGAGAAAGAATAAGCATCGCACTATTAGCAATGGCTCTTGCTGCTAAAAATACAGAAGCAATTAGTTTTACTGGTAGCCAATCAGGTATTTTAACAACAAACGATCATGCTAATGCTAAAATTATTTTAGTAAAACCACAGAGATTGTTACCTCAATTAGATAATGGAAAAATCGTAATTGTTGCTGGATTTCAAGGAATGAGTCAAAGCGGTGATATCACAACATTAGGACGTGGAGGTTCTGATACTACCGCTGTAGCTTTAGCCATTGCATTGCAAGCAGAAAAAGTTGAATTTTATAAAGATGTAAATGGTATCTATGACAAAGACCCAAAAAAATTTACTGATGCTAAACTAATAAATCAATTAAGTTACAAACAAGCTTATACAATCATGGAACAAGGTGCGCAGGTTTTACATGCAAGATGTGTTCGACTTGCAGAAAAAAACTCTCTTCCACTGAAAGTATTGCCTTTTAACAACTTTTTAGATGAAAAACTTGGCACAACGATTCAAGACACTGTAAAGTTAAAGAACACTATTTCATATGAAGACTGAAATTTTTAAATTCGGAGTTTCTAATGAAAAATATCGTTGTAGTAGGAGCATCTGGACTTGTAGGGAGCAATGTACTTGCATTGCTAAAAAATACCCCTGATGTTACCGTTACTTGTTTAGTTAGACATCCTAATAAAATTGAAACTACAGAAAATATAAAAGAAATTGTTTTTGATTTTGAAAAAGAAGAAGAATATAAAAAAATTGGCACTGATATTCCATGTCACATCTTTTTTTGTTGCATTGGCACAACGTTAAGAAAAGCAAGATCTTTAGAAAGTTTTCATCGGGTAGATAGAGATTATCCCATAAAATTCGTTGAAATTATAAAGAAAAATACCCCCAACTCTTTATTTGTATTTATTTCAAGCATAGGCGTTTCAAATCCTCGAGGTTATTATTTGTCTGCAAAATGTGAAGTAGAAAAAGCAATTACAAAAAGTTTGTTACATTATATCATTGTAAGACCAAGTGTTTTGCTTGGCAAAAGAGATGAATTTAGACTAGCAGAAACTGTTGGTGGATTTTTCCTTTCTAAAATAGAAAAGTTGACTAAAAAATTCAATATTGATGACGCATTATCTTTTAGCAAATATGCCCCTATAGAAGCTTCTACAGTTGCAAAAGCCATGGTTCATCATGCTTTAAATTTTGATAAATCTATCCCTGGAATGGTTTTAGAAGGGGATAGTTTAAATCATTTTTAGACGATTTTTATTGTTTATATAGACATTCCTCTCTTCCAAAAAATTAATATAAGAAAAAAAATTTTGCATTTCCTCTTTCTATCGAAAATCATGAAAAAACTTTCTTTTTGCAAAAAATTTGCTTTAATTCTTTATCAAGATATAAAAATTATTTATGAATAGTTTTATTTTTCGCAATCTCCCAGTTCCTAAAAATTGTAAAAAATTAAATTGCATTTATCTATAATTCCATATTTTTAAAGAAATATTTTTTTTGTAAAAATATTTCGAAGAAATATGTTGCTATTAAATTAGTCATAAATAAATCTACTCAGGATATTGTTCTATCAATTTTTTTTATGTACTCTCACTTGAGAGCCACTGAAGAGGGCTATACAACACATCTACCAATATTTAAGTTTAGCTATAGCTAAACTTGGAAAGACTTAATTTTTCATGAACTCTTTGCGATTGATCGCTAAAAGCAACACACTCTTCTCCGCTCATAAAATAAAATTATTTAAAATAATTTTACTTACCTTTTTTTATTTTATACTAAACACTAATCACCCTTGCTATAAGTTAAATCAACAAACATTTTTGCTTGAATCGAATATGCCAAAAAGCACACATTCTAGCAAAAAAATAATGCTTGAAAATGAAAATTCAAATTATTTTCCTATATGTAACACTTGCTTTGACAGCGATCAATGCTGCAAAAGCTCTATGAATAAAAGCGTTCAACATACATTTTTAAATTTAAATACATTCCAAATAATTTTGCACTTTGATAGAAAAATTAAATTTATAACGTATCACAACGATATTTTTAGACCCCCCATTTCTTAATCCGACTTTTTTTAAGTAATCTACATTTTAAATATTTAACTTCATCTTTAAAAGGATTAGGAAATGAAAAATCTTTATCAAAATGTTATGGAATCAGTTGGAAATGTTCCCACTGTACGCTTAAATAATATGCATGAAACTTGTAAATTTCATAATTTATATCTCAAGCTTGAATCATGTAATCCTGGTGGAAGCATTAAAGAAAAAAATGCTGTTTACTTAATAGAGCAAGCAGAAAAAAAAGGTTTACTAAAAAAAGGTGGGGTTATTGTCGAATCTAGTTCAGGGAATTTTGGAATTGGTCTTGCTATAGTTGGGGCTGCAAAGAATTATAAAGTTTTTATTGTGGTTGATGCAAAAACCCCATCAGCAACAAGGAAAATGCTTGAAGCTTATGGAGCT
CP123622.1_gap22	1136322	1137658	1336	ATTATTCATAGGAAATAATGAAAGTATATTATATGGTGTAAAGAAAATATTGCTGATTTGTTTTTCTGTTCCTTTATTTATCGCAATGCAAAATGTGTTGCAAGGACTTTTAATTGGAGTGGGAAAAACAAAAGAAATCAATTTTGCAACTTTATCAGGTACTATTGTTCTACTGTTTTTTTCCTTTATTGGTATTTATTTTAAATATCCAGGCGCTATCGTAGCAGCTTATGCAATGATGATTTCTTTTATTTTTGAAATTTGTATACTAAGCGCTAAAGTTCCTTGGAATCATTATATAACTCAATATTCAAAACAAAAATTAATTTAGAAGGTCAAAAAATAATGAAATATACAGCAATAGCACCTGGTACTTGTGGTGAACTTCTTCAAGGATATATTGACGATAAAGATTTTTTAATCAATAGCCCAATTCCTTATTTTGCAAAAGCAAGTGTTAGTTTTAATAGTAATTCCAATAAAACTGAATTCTTAGATGAGTCAAAATACTCAAAGATTAATAAAATTATTGAAAAATTATTTTCACATTTTAAAATCAGGAAAAATATTTCTTTAAATTTAGAGATAGAGTCTAAAATTCCCCGAGGAAAAGGGCTTGCATCTAGCACCGCAGAATTAACAGCTGTGCTTTTAGCTATTAGTAAAGCATTTAATAAAAGACTTACTGATAATGAAATTAATAATTTACTAATTTCTGTTGATAAGTCTTCAGATGGAGTATTTTTATCTGGAATATCTTATATAAATCATCTTAAAGGACATATATATAAAAAATTTAATTATATACCATCATTATCTTTTATTATAGTTGATTCTGGAGGTGAAGTTTCAACACAAAAATTTGATAGAAATTTAGCACGAAGCGTTTCACTTAAAAATGAAAATTCTTTAAGATCTGCTTTAAAAATGTTGAAAGAAGGTTTTTTATCAAAAAATAATAAATTGATAGCGGAAGCTGCAACTATAAGCGCTAGAATAAACCAAAACGTTTTATTTAAAGATCCTCTTGAAACACTTGTAAATGGAACAAAAGAATATGGCAGTCTTGGTGTTAATTGTGCACATACCGGAACTGTTTTAGGAGTTATGTTTGATCATAAAACAACTGATCAAAACCGTTTGCTTGATCGAGTTCATTCCTTAATTTATCCACTCCCAATTTTAGGAGTTTACCCGCTTATATCTGGTTCTCGTATAATAAAAAATTAAGCCAAAAAAGATCTTAAATAAAATCATTTAAGATCTTTCGTTCTATTAGAATGAAAAAAACATTAATTAACTTTTGTAGATACTTTTTGTCTACTATACCAATTTT
CP123622.1_gap23	1139155	1141446	2291	GTGGAATTCTATAAATTAGCTTTTGGATATAAGCCTAATATTTTATCACCTAGAATAGCAAAAAGTATGTTTACTCCAGTAATAGTCAATAGTGATGCTAAAAAGTGGAATGTTCAATGGCCAGCAAAAAAAGAAAATATCGAATCATCATATGCTTTAGGTTGGCGAATATTAAATATTAAAACTAACCCTGATAATACTCTTGTTTATCATCCAGGATATATAAATGGTATAACTTCATTTATTGGGTATATTCCATCTAAAGAAGTAGGAATAATTATTTTGACCAATCAAGGTTCAAAATTTGCTTCAAAAAATGGTATTGCTTTTTGGAGCCAAATAATTAAAAATAATAAAAAAATAGTCAAGTTATAGAATTTTATTTCTATATTTTGCAGAATTTAATATTTAAAATTTGCAAAAAATTAATTACACTCAGTCTTTAAATAAAAATAAGTTTTTGATAAAATATCCTGCAAAATTTCTTTTTTTGTATTAAACCCAGAAAATAAGTACACAACATTTCCTAAACACCTAGCATCTATATTATTTTCTTTTAGTTTTTCTATTAAGGTTTTAGAGCGTGTTGATGTGTAATCAGAATGCTGATCTTGCAATTCAAAAACTAAGACGGTACCTAGTACAAAAACTTTATCAATATTTGGCAATTCAGAAAATTGCTCAATTAATTCATAATTCCAAGGTATTTCTAAACAATTATTATCATTACAAAAGTGAAGAGAATTAAAAGTTTCTTCAATAGCTTCAGTAGCAACTAAACAACCAATAGGGTGCGCGGTATATGAATGTCCATGCAGCAATGCAGTTGATAGATTATCTCCTAAAAAGCTTTCGTAACATTCTTCAGTAGTTAATGTTACGGATAAAGGAAGCAAACCTCCTGTTAACAGTTTTGCATAACACGCAATGTCAGGCTTTTCATCCATTAAATGCGCAGCAGACATTTTTCCTAGTCGCCAAAATCCAGTAAAAACCTCATCAAATATAACAGGAATTTTTCTTTTCTTACATTCTTGGATCAATAATTTTTGAAATAATGGATCAATTAATTTCATTCCTCCAGCACCTTGTAATATCGGTTCTATAAGGAGAGTTCCTACCGTAAATGAAGAATCTTCTAAAACATACATTTGAGAATCAATATATTTTTGATAAATTTCTTTTAATAATTTATTTTCTCTGTTTTTATCAAAAATTTCATTTATATTATTTATATCTAACTGAATTAAATTTTCATCATTAAAATCATCTGGCAAAGAAACATAATATTTTTTATTTTTCATAAAGACTGATGGATATGATAGCCAATAACCTTTAGGCTCATACCAGTAATCATTAAATTTAAATGAATTTGGATTCGTTGCATTCATTGTTGCATGGGTATCACCATGATAAGTATCTTTTAAACCAAGCACCAAAATGTTTTTTATTTTTTCATTTTGATTTGGAAGACCAAACTTTTTTCTAAATGCAATTTTTATAGCAACTTCTACTGCAGTAGAACCATTATCAGAAAAGAAAACTCTTTTTGCCCAGCCTTTCCCAACAGTATTCATTAATTTTTGAGTTAATTTTACTGCTGGCTCATGAATATTTCCTGGGAACATTACATGCCCATACCTTGCGGCAGCCATCGCAGCTGCGTGAGCCAATCGCGAAGAAGCATGCCCAATACCTTGTGTCCACCAGCTGGCATTTGCGTCATAATTATTGTGAGTTAAAATATTTTGATCTCTCAACTTATTTAAATTAACATAAGTTATATTATCTTTATAAGCACTATCTATTACTTTAGGCTCAATGTTCAATCCATGTTGAGTAAACGGCCACCAAATATTCTCTTTTGCAGTTTCAATATAGTCTTCAATAACTTCAATTTTTGTAACATGATAACTGGTTAAATGCTGAAATACATTTGAAAATATCTCATCATTCATTTTAAACCAATTTTCAAGTTCTTTTTTCCCAACTTTTTCTGATTTTGTTTCTTTATTTTCGGTAAGATTTTTAAATGAGAAAACAGGAAACTTATTTTTATACTGCCTTTTTAAAAAAAGTGCATTTTCATCTTTGCCTTCAAATAATAACACACATGCAATTTCGTAACCTTTTGTTTCAAGCAGCGCAATCGAACTAATTGTACATGAAATACCACCTAATCTGCTGTCAGCAACAAAAATAATAGGCAATCTTAATTTTCTGTAAACATCACATTGCAATTGGCCTTGTATTGTTGGTGAAGCAACGCCACCAGCTCCTTCAATTAAAAT
CP123622.1_gap24	1260801	1264886	4085	CATTTTTATTGTAAATAAATCCACCATTAATTGCTTGTATTTCATTAATTTTTTGGGTTATTCTATTTTCTGTCTCTTTTAATATTTTATTTATATTTATTTCATCTGTTTTATTTGATTCCTTATATTTTATTTCTTGATCAGTACTACAAATATCATAAGCAAGCTTTTTTATTTCATCAGATTTATAAATTATTGAATTATTTTTATACCATTCCTTTGCTTCATTATATTTACTTTCCACTTTTCTTTTGAATTTATTAAATTCTTCTTTTTCTTTATTTTTTTGAAATATTCCTGCAAAATATGCATATATAAATGCAGCAGCAAAAACAGCCGCAATTACAATTGCACCTAATCCTGTGGAACTAGCAGCCCCTGCCACAATAGCGCCAGCAATACCGCCAGATGAAATCATGATAAAAAAATTTCTTCTAATATTTGGATCATTATGAATTAGAATATCAGGTGCAGTTTCTTCAGTATTTGGTGTAAAATATAATTCAGCAAGATTAAATGCTTGTGGTTCAAAGGTAAGGGCATTTGAATTTTCTAATTTTGCGGCTAGACTACAGTAATCTTTTAAATTATCTTTAATATCTAAAAGCTCCATTTCTGCTTTTCTGTAGTTATACAAACTATTTTTTATAGATAAATCATTGTGCTGCAATTTATTTGAATATTCTAAGTAATTTGAAAGCCCTTTGAGATCAATATTATTTTCTTGTTCTTCAAGTTTTGATTTTAAATTATTTGCAAAATTTAATTGACTAATTAATTCATTCTTTGATTGGTTATAACTTTTTGTTATTTTATCAATGTAATTATTTTTAATAAATAGTGACTGAGAAAATTGATACCCTATTGCATTAGGAACATTGTATTCCCTCTCTACACGCACGATATGTTGCGCATTTCGCATAAATTTTTCAAAGTCAAAATTGCCGTAATTTGCAAATGCTTTGCTAGGAAATAGCAATTCAAAAAAAATTAAATTTATTGAAATTTTTTTTTTCATTTTTCACGCTCTTGCAAAATACTTTTTACTTTCTGAATTGAGGATGTATTAAAGTTCGGCTCTCTTTCAATTTCTTGAAGAATAGTTCTTAGATAGACATCATCAAATTCATACTGATGATAATTACTAGTGCTTTCTGAAGTTTGAAATGAATCACTAGTAGCTGAAATTATTTTGTCTAATAAAGAAACTATTTTCTTAATTTCTCCAACAATTTTCTTGTATTCAATATTTTCTTTAGAATAACTTTTTATAGTTAGTATTTTACTGTAAAGAATATTTAGTTTACTCAAACTATCATTAGCATTAAGTTCATTCATAACCGAAGAATTAATACTAATTAAGTATTGAATATTTTGAATTAATAAACTTAAATTTTCCTGCGCATTTTCTAAATCCATTTGATTTAAAGTTATTAATAATTTTGATATATTTAATTTAATATTATCCATTGAAAAAATAGCATTTTTAGAGCTTTCAATATTTAGTTGAATTTGATTTATTTTTTCTTTTGATTCTTGGTTAAAATCTATTTCAACCTTCTTAATAATAAAATAGCAAGGGGAGTAATATTCTGTAGAAAATGATGTCTTTGGATCAAGATCAATCAATTGCAAACTGTTACCACTTATTTTTAATTTATTATTCCCAGGAATAACATGACGAACACTTATTCCTGATTGTATTTTTAAATTAAAATAGTCACTTTGAAATCTACCATTTTCAAATCTATTTGCACAAAATCCCCTTGAATAGCTGATAGTAAAATCCATCGGTAAAGAAAATGATTTAGTATTTGTTAGAGAATGAGAAATGTAATTACTAAAATTGCAATTATAAAATTTATTGTAATTTTTTGAGCAAGAGTTAGAAATTATATTTTCACCAATAATATTTGAAAATGCTGAATGAGAAAAGCATAGGAAAATAATTGCAGATGGAATGTTTCTGAGCCTTATCATTTAATAATTCCTTTATTTAGTAAGCAGGTTTTGTAAGATAAGCTGTAATTGACTTGATATATATTTTTTTATTTTTCTGAAAAACAGTTCTTAATCTAGGCTGCAAATTAAATGCATATGGAATATGTTCTACTTTAATTCTAATTTTAGTAAATTTTGTATTTGAACCATTTATCTCGCCCAAAGATTTTTCTTTAATTGAGTGTTCATGTATTACGTTTCCATCGTTATAAATATCTATGTATGCATAAGGAGGTTCGTATGTGGTTTCAAAATTAGCCGCTATTTCGTATTCTACAATAAGCGAATAATTCTTATCTGATGGATATTTATAAAAAGGACTACTATAGTGGCCATAGCCATTAAATGAAGTAATATTCCAATAATTATTTTCAATAACTCCAGCATTAGTTCCACCACCAGTGTAAAATGCAATATCTTGGGCTGTCATTTTCTTAGAATCTACTATTATCACCCTATTATTTTCATTTTTTCTAATACCATTTTTTGAATACTTATCATATGTATTATCATAAATACTTTGTGAATTAGCATTAATACTTGTAAGAACTATTTGAGTTATTATTATTTTCTTTAAAAAATTTTTAAGCATTTCATGACCTTTATTAATTTTTATCTTTATTTCTATCAAAATTAAATAATTTAAATTCATCAAGTAATCATTGTAAAAAGTTGCAGAAATATATCTAAATCTAGACAGAAGAAAATTGTTATTGATAGATTTGTTTCTGTTTGCCTCACCCAAAAATTCTATTCAATAATATCGATACTTGTCTAAGTGAGAAAAATGAAAATCATTAAATAAGGATAAAATTTAAAAATATTTTCTTTTATGTGACAAAATATATAAGATATAAAAAATTTATTTTTACTACATTAAATTAGTTAATAATCACAATTAGAAATACGCATCTTATTGCATCCTTCCTCGCCTCTAAAGTATTTTTTTTCTTTAATAAATTCATCACTTAATCCGCATTCACAAACTAGAGACGAAACGGAATCATTCATTCGAATCTCATCAAGGTATCTTAATTGGTACCCATTAGTATGATTTGAAAGAATATCCCAATGCCCTTTTAAATAGGAATCAGTATACAATTTGACAGAGCAATGAGGCCCGAGTACAACAGAACTTATGGCATTATCAAATGATCTATTATTTCCTCTCCACCCATTTCCAAACCAGTCTTGAATATGTCCATTCCAAGATTCTCTTTCAACCATATGATTATTTAGATTATACAATTTTGCACCAGCAACAATAGTTTCTGAATATCCACTTTGTATATGTTCATATAAAGTACAAGTATTTGCAGAACTAATATTTGCAGAAAGTATTGCGCCAATTGATAATATTGTTAGAGTTAATTTATTCATTGTTATTTTCCATATTAGTTTATTTTATTAGCAAAGTAATTTTTTATTTTATTTTCTACAGCAGGATATACGTCATTATTTACCATATTTTTTAAGTCTGTGCTATAAAAACTTTCTGAATACTTAAAAAGTTTTCTTTTCTCTTTTGCTTTAAAAGAGTTGAATAGATGATCATAGTACAGTGATTTGAAGTTTTCAGATGAGACTTCAGCTACTTGCCAAGTCCCATTGTAATTCCTAAATCTAATTACAAATTCGGGCTGCTTTGACTCAATGCTATTACTTTGAATGAACAACCCAGGATCTACCATTCTAATTTTAAATGAAGCAGCATAATAATCACTGTTACAATTTTTTAACTTAAGACTATTTGAATTCATATTGTTAGTAAATGTACCATAATTATCAGAATTTAAATCATCTTCTGAATACTCATAATGATTATTATCGTAATTTAAATTTTCTTCTACTTCATATTTAAATTCAAAAGTATTAGTAAAAGTCCGATTAAAAACACTGTAATTATAAGTAACAGGAATAATTATTGAGTTTGAATTATTATATTTACTTATATTTTGATTTAATTTATCACAAAAATTCTGTGCAAAAGAATTTCCCATAAATAAGACAGATGATACAGCTAATAATGCTTTCTGCATTTTATTCCTCTTAATTAAACAATATTTTATATAAATATTACGATG
CP123622.1_gap25	1265895	1269067	3172	TTGATTTCTTTTTAAATGAATTTGTAGCCATTATTTATCTCGCAAAAAAAATCTCATAGAAAAAATCTATGAGATTACTTTATAATACAAATGACTTTAGTGTGTATTATTTTCTATTTTTTATATCTACATATTTATCATCTGCTGGACCAACATATTTAGCTGCTGGACGATAAATACGGTTGTCTCTCCACATTTCTACGATATGTGATGACCAACCTGCTACTCTGGATACAGCGAAAATTGGAGTAAAATCAATAGATTCAATTCCCATTAAGCGATACAATGCACCAGACCAGAAATCCACATTTGGCCAGATATAATCTTTTGAAGTTTTGCTTAATTCTTCAATCATAGAATCATGCACAATTCTTAAAGTCTCATAAGTATCTTTTTCTTTTTTAGAAGCAACCAATTTTTCTAACATCCCACGTAGAACTTTAGCTCTTGGATCCATTGTTCTATAAACGCGGTGACCAAAACCCATTACTTTAGCTTTAGTAGCTAATGCATTTGCTACCCAAGCTTTTGCATTTTCTGGCGCTCCAATGGCATCAGCCATTTCAAGAACTTTTTCATTCGCTCCACCGTGCAAAGGACCTGAAAGCGCTCCAATTGCAGCAGAAATAGAAAGTGAAAGTTTTGCTTCAGTTGAAGCAACAACTCGTGCAGCAAAAGTAGATGCATTAAAATCATGGTCAAGATGCAGAATTAAAGCAACATCAAACATACGTGCTTCTTCTTTATTTGGTACGTTACCATTTAGCATATAAAGAAAGTTTTCTGCGTGTGAAAGATCAGGATTTGGAGCAATTGCTTGCAAACCACGTCTCTCACGAGAAATTCTTGCAACTGCTGTAGCAAGTTGGCTAATAATTTTGATTGCACTATGAATATTGTGTTCTTCATTTTTTAAATTAACAGGTTGCTCATCAAAACCAATAGCTGCAATTGCTGCTTGCAAAACTGCCATTGGGTGTGCAGATCTTGGAGCAGCAGAAATAACAGCTTCAACAGTTTTTGGTAAAACTCTATTCGCTTTCATTTCCGTTAAGAATTTATTGAATTGATTTTGCGTTGGTAATTTACCATATAAAGAAAAATAGACACACTCTTCATAAGTTGATTTTTCAGCAAGCTCTTCTATAGAAATACCACGATAGATTAATTTACCTACTTCACCTTGAACTTGGCTTACTGAGGTAGCATCAGCGACAACTCCTGCTAAACCTTTTGAAAATCCTTGTTCTTCTGCCATAATATGCCTCCTCAAATAATTAAAATCATTAATTAAATCAGTATTATAAATTAAAAAATACGTAACTCTTTGTTAAAAATGAGATCGCGTATTTAGACTTCTATACTCCTGTAAGTCTTCTCATACAACTATCGGAGCGGGGCGGAAACTCTTAAGTATTTTTAGCATAATTAAAAAATTTTGTGCTTTCCTTAACTAATTCTTGATAATTAGCTGGTTTTCCTTCTTTTAATAACCATCTTTCAAACCATAAAATACATTCTTTAAACTGCGCATCAGAAATGATTCCACGAAATTTTTGTATTGCTAAAAAAACACCGTAGGAGATGAGAACATCAATAGCACAGTATTCTTCTATTTTTTGCGAAGCATGATTACAGTAGTATTCTTCAGCGACGAGGGATCCGTCCATTCCTGCCATTTTTCCGCCCAGGCCAATTGCTTTCGCAATAGTATCTAATCCAACTCTGGCATTTCTATTATCATAGTTACAAACAAAATTCATTAAATCAAAAACTTTATCAGCTGCATATTTGTATCTATAAGAGTCATTCCCTAAATTTTTTACATAATCTTCTATAGGACATGTAATAAAATGTATTAAACTTCTTTGTTCTAATACCATTAAATCAAAATTAGCTATGTTAAATCCACAAAAAGTAACAGGTAATTTTTTTAATTTACTTTTCTGATATTCTGTGAGATTACGATTAAAAGTATGGTCATACCAATGTTTATGAAAATCTTGATATTTCATTGAAAATTGCCAAAACTCTTCTATAATTTTTTTTTCATGACTTAAAAACTCATGATAAGAATTTACTTTTGGAATTGTTCTTTTAAATCCATCCATTATATAATATGTTTCTGGATCAATATATAATGCACAAATTGATACTATTGAATGATAAATAGTTTTGGGAAATTCTATATTTTCTTTTTCTTTAATTTTCTTTAATAAAAGATAATCATTCCATTTTAACGAAATATCTTCTTCATGAAAATGATCATCTAAAAAATTTTTTGCTAAAAGTGGAATATCTGGAACTGTTTCAATATCAAAGATCAAGAAAGGAGCTTGAGGCCTTTCCATTTTTAAAATAGTGCTACTGGGATTCACCGACATTTGCATGCACCTCAAATTATTATAATTAATACTTTCAGTTCAAAAGCATAGAATTAACAATTTTAGAACATAACTAAATATCTTGTTTCTTGACAAGGATTAAGAGAGTCTATTAAATTTCATATTCAATATAAAATCCGGCTGTTAATACTGTCCCAACATAGCTCAACTGAAGACCAAGCATTTTCCATGATATGTCGTAAGTTACTTGAAAAAAAGGAAGGTATTTTAAATCATCTGCAATAGAAACCAAACGGCTATCATAACCTTTCACAACACCTAAGTTGTAACCTAAATCTGTAGAAAATCCATTTTTGTCGCCAGTTCTATAAATACTTCTATGTAAAGCAAAAACATAGCAACGATCATTAAATGAATTGATAAATGAGCCGGCTATAAAACCTGAATATGCAACCGCTAAGAGATCATGCTGCCAATTTTCTTCGGCGTCTTGATTCACTAATAAACTTAAATGAAAAGACCACATCCCTAAGTAAACTGCGTCTTTACCTGGTTTTCCCCAGAGGGAAAATTCTGAGTTACTTTCAGCGCTAGACTTAGGTTTTTCTAATTCTGTTGATTTTTCAGGATAAGCATTTTTAATTTCTGAATTACTTGTTCCAGTAATTCCTAAATGATATTTTTCAATATTGTTCATGATTAGCTCTTTTGAAAAAACTTCTTTTTCAAAAAAACAACAGATAGATAATAGTGTAATTATTTTTATTAAAATATTTTTTGTTACCATATTTATATTTACGAAAAAAGGTTTAACGAAAGAAAAAAGC
CP123622.1_gap26	1329243	1332578	3335	TCAAAATCTGCCACAGAAATTATGTCTGTTACAAGCCAAGTAGCTGCTGCAGCAACTGAAACATCTGGATCAGTGCGAGAAACAATCGTTACTATCGAAGAAGTAAAACAAACAGCTCAACTTTCAACTCAAAAAGCAAAGAATGTTTCTGATACTGCAAAACGGGCATCTGAAGTTTCATTACTTGGAGCAAAATCAGTCGATGATTCTATTTCTGGCATGGGTGAAATAAAGAAACAAATGGAAACGATTGCCGAAAGCATTATGAAACTCAGTGAACAAAGTTTAGCCATTGGCGATATTACTTCAGCTGTAAATGACTTAGCCGAACAATCGAATTTATTATCCGTTAATGCTTCAATTGAAGCAGCTAAAGCTGGTGAGCTTGGAAGGGGATTTGCCGTAGTAGCGCAAGAAGTCAAAGCTTTAGCAGAGCAATCAAAACAAGCAACCACGCAAATTCGAACTATTTTAAATGATGTGCAAAAAGCAACAGCAAAAGCTGTTTTGACAGCTGAACAAGGTGGAAAAGCGGTTGAACTTGGGATGAAACAAGTTTTGCAATCAGGTGAATCAATTAAAACTTTATCCGAAAGTATATCTGAAGCAGCACAAGTTTCTAATCAAATTGCAGCCTCGAGTCAACAACAACTTATTGGTGTAGATCAAGTTGTTATAGCTATTCAAAACATAAATCAAGCAACCAATCAAAACGTAACAGCAACAAAACAAGTTGAAGTTTCTGCAGGAGAATTAAATAGACTGGGACTTTTATTAAAAGAAATTGTTGATGAATTTAGAGTATAACAATGGATCAAAAACAACAACTCCTGCTGAATAAGCTTCTCCAAACATTTAAGCTAGAGGCAGAAGAACATTTAAATAATATGATAACTTTTCTAGTTGAGCTAGAAAAAGAAAACGACGAAAATTCAAAAAAAACCTTAATAGAAAATATTTTTCGAGAATTCCATAGTTTAAAAGGTGCTTCAAGAACAGTTAATCGTTTAGAAGCAGAAAAAATATGTCATGCTTGTGAAAATGTTTTTTTCTTACTAAAAAATAATCAATTAAAATTATCCTCAGAATTATTTAATCAATTTCATGCTCTTTTAGATCTTCTCGGAAAAGTAGTGGTTATTAATGATAACGAAATTTCAGACAAAGACAAATCATTAAGCAGAGATTTACTACAAAAATTAAACAAGTCGTCTAATCCACAAAACCAGGGGATATCCGAAAATAAATTAGCAAATAGTGAAAAGAATAATTCTGAAAGAAATATTCCAAGCAGCTCTGATAGTAATAAAAAAATTGAAAAAAATCTGCAAGAAGAAATTAACAACAAAACGCCGCAAGGAAAAACTTCAAAAAACGAAGTAACGGAAAAAGAAAATAGTGCAGAAGAAATTTCTAAAGAACAAGAAAAAGAAAATATAGCAGAAGAAAAAAATGAGAAAAAAGAAAATAAACAAAAAAATAACTCAGAAGAAGATAAAAAACCAAAAATTGAAAATTCAAAAAGCAATATTAGAATTTCCACAGATAGACTTAATAATGTGTTACTACAAATTGAAGAGTTACGTGGTCTAGCTATAAATTCACGAGATCATCTTGTCTTCGTCAAAGAGTTGGGAAATGTAATAGAATTATATAAGCGAGAAATTAATAAAAATGAACATATTTCTAATGATACACTTGCATCTTTAGGAATAAAAATTTCGAGTCTCATTGGTTTTCTTGATAGAGATCAGCGTTCATTTCATAGTATGCTAGATTCAATTTTAGGTGACATGCGAAAACTTTTAATGTTACCTTGCTCAAGTGTTTTAGATTTATTTCCAAAAATTGTTAGAGACTTATCGCAATCTTTAGAAAAAGAGGTAGAATTAATCGTACAAAATGGAGAAATAGTTCTTGATCGCCGCATATTAGAAGAAATAAAAGATCCATTAATTCATATCATTCGTAATTGCGTCGATCATGGGATAGAAAAACCAGCAGTAAGAATTGCGAGAAAAAAACCTGCCAAGGGAACAATAAATATTTCAGTTTCAGCAACTCTTGGTAATAAAATTGAAATTTCAATTTCAGATAATGGAAATGGAATTAATCTTGAAAAATTAAAAAATAAAGCAATTCAGTCTGGTCTTATTTCTTATGAACATTCCTTGAAAATGACAGAGCAAGAACAAATACATCTTATTTTTGAATCGGGCATTAGTACAAGTGATATGATCACCGATCTGTCTGGAAGAGGCTTAGGAATGGCCATTGTCAGAGAAAAAATTGAAAAATTAGGAGGATCTATCCAAGTCGAAATGGTTCAAGGGAAAAGTACTAACTTTACAATTAGAGTACCAACAACTCTTGCGACTTTTCGAGGAATTTTAGTTCGAGTTTGGAATCAATTACTTGTATTTCCTACAGTTCATGTTGAAAGAGCAATTAGATTGGCTTTTTCTCAAATTAAAACAATTGAAAACAGAGAAGTTATTCAGTTTAATGATCAATCTGTCTCCGCTGTTTCTTTAGCCCATGTCCTTAATATGGAATTAAAACAAGATTCAGGAGTTAAAATTCCTGACAAAGTTTTATTTGTTGTTGCAGAACTTTCTGGGCAAAATATTGCATTTCAAGTAGATGAAATATTAGGGGAACAAGATGTCATTGTAAAAAGTATGGGTAAAAAATTAGGAAAGGTACCAAATATTTCAGGGGTAACAATTTTAGGTAGTGGGAAAGTTATACCAATACTAAATATGTTTGACCTAATGAAATCAGCTATTACTTTAAGTTCAAAATCAAGTATTTTAAATCCTGAAAAAACCAACGCTGTCACTACAAAGAAAAAATTAGTTTTAGTTGTTGATGATTCTATTACATCTAGAACACTATTGAAAAATGTTCTTCAAGCAGCAAGCTACGAAGTAAAAACAGCTGTCGATGGCAGTGAAGGATTATCTTTGGCAAAGAGTGAATATTTTGATCTGATTATTTCAGATATAGATATGCCAAATTTAGATGGATTTGAAATGACTAGACAAATAAAGTCAGACGAAAAATTAACAAAAATTCCCGTAATTTTGGTTACCTCGAGAGACACTAAAGAGAGCAAAGAAAAAGGTTTAGAAGTTGGGGCAAATGCTTATATTGTAAAAAGCAGTTTCGATCAAAGTAATCTTTTAGAAGTTGTATGGGGGTTACTACATGATTGATGTTCTGATAGTTGAAGATTCATTGGTAGCACAAGAATATCTTATTCAAATTCTAAGTAGTGATCCTTTAATAAGGATTGTTGGAACTGCTAAGTCCGGTGAAGAAGCAATTGAGCT
CP123622.1_gap27	1428617	1429709	1092	TTATTTTTGAATTTATTGACATGACGGATTTTAAAAAAGTTGAAAACTCAATAAGAAGTAACACTAAATTAATTTGGATAGAAACTCCTACTAACCCATTATTAAAGTTAATTGATATCGAAAAAATTGCCTCGTTAGCAAAAAAACATAATGCTCTGACAGTTGTTGATAATACTTTTTCTTCCCCAATTTTTCAAAATCCCATTGAGTTGGGAGCTGATATAATTTTACATAGTACAACAAAATATATTGGTGGACATAGCGACATGGTAGGTGGATGTTTAATGTTAAATGATAAATCCCTTGCTGACCAATTAAAATTTATTCAATTTGCTGGAGGAAGTGTTAACTCTCCTTTTGAAGCATTTTTATTGCATAGAAGTATAAAAACCCTTTCGTTGAGAATGAAAAAACATAATGAAAATGCAATTCAAATTGCAAAAGAAATGGAAAAAATCCCCTTATTTTCGGAAGTCATATTTCCTGGTCTAGAATCTCACCCTCAACATTCTTTGGCAAAAAAGCAAATGAGAGGTTATTCTGGAATGATTTCAGCAAGAATAAACGGCGATTTTGAGAAATTAAAATTGTTTCTTTCCAAATTAAAATATTTTTCACTGGCTGAAAGCCTAGGCGGCGTTGAATCTCTTGTAAATCATCCTGAAACAATGACACATGCTAGCGTCCCTGCAGATCATCGAAAGATTTTAGGGATTACTGCTAATTTGCTTAGATTCTCTGTAGGGATTGAAGATTCTCAAGATCTCATCGAAGATATTAAAAATGCAGCAAAAATTTGACTAATAATTCTTTTCTTCTGGTCTTTTTGTCTTAATCCGATAGTTGACTAGGAGGAATAGATTATGAGCGGTCTTGGACCAAAAACCAATAAAAAAGTAATGCGTACTTCAAGCGAACTCGAATTAATTAAATTAATATTAGACGAAGATAAAGAATTAAAGAAAAAAGTGATTCGCTTTATCCAAAAAAGTCTTGGTAAAACCACCTCCGCTACAGCAAAAAAGCAAAAAAAATAAAAAATATGAAATACCTTTTCACATTTTTAGAAATTAATAAAATATTTAATATCAG
CP123622.1_gap28	1512349	1515331	2982	GATTTTGTTATTTTTAATAAGAAAGAAGAAATAAGATCTTGTTACAATTCAGCAATTAGAAAGCATCCGGGTTTGCAAGGAACTATGACTATCAGTTGGAAAATACTTGAATCAGGAAAAGCTGCTGATGTTTCAGTAGTTGAATCAAGCATTTTTGATAAAAATTTGATAGCTTGTCTTGAATCAAGACTTTTGGTGTGGAATTTTCCAAAACCAAAAAATGGATTTGTAACTGTTACTTATCCTTTTCAGTTTATTATTACAAAGAACAAATGATTGGATTATAAATGGATTCTAATTTTCTTAAAATCATCCCACTTGGAGGTTGTGGTGAAATCGGGATGAATATGACAATTTTAAATGTCATAGATAAATTTTATTTTATAGATTGTGGTGCATTATTTCCTGATCCATCAAATGTAGGTGTTGATCTAATTCTGCCTGATACTAAGTTTATAGAAGAAAACCAAATTCAGCCAGAAGCTTGGCTAATAACCCATGGTCACGAAGATCATATTGGAGCTCTTCCCTTTATTTATAAAAAATTCCCTGCACCAATTTATGGAACAGAATTTACAATAGAATTAATTAAGTCTAAATTTGAAGAAGCTGAAATTTATGACGCAATATTTAATGTGTGGAATTATTTTGAGCCCGCATATTTTAGAAATATAAAATTAACAATATTTCCTGTAAATCATAGTATTGCTCAGGCATCAGGATTTTTTATTGAAACCAAATTAGGCAATATTCTACATATGGGTGATTTTCGCATCGATAAAAATCCACCTGAAAAAACAATGACTCATGAAAACATAAAAAAAGTAACTGAAGGAAAAACTGTTACTTTAATGATGAGTGACAGCACAAATTCTTTCCAATTAGGAACAGACTTCAGCGAAGCAGATGTTTCTCCCCAATTTATTGAATACTTAGAAAAGGAAAAAGGGGTTGTATTAATAGCAACATTTGCAAGTAATATTTGGAGACTACAAAGTATATTAGAAGCGGCTTATTTAACTGGTAGGAAAGTTGCATTTTTAGGTAAATCACTTTTAAAAAATACTGAAATTGCTGGCCGTTTAAATTTACTTAATGTTCATAATAATGTTTTTATTGATATTGCTGACATTAAAAATTTTCCCCGCAATGAGGTTTGCTTAATTTGTACAGGTAGTCAGGGCGAATCTTTTTCAGGATTGCATCGTATTGCATGGAATAATATTAATGAATTTAAAATTGATGAGAAAGATACTGTTATTTTTTCCTCCAGAATGATTCCAGGGAATGAAAAACAAATTGATAGCCTCATTACCCAATTCACAAGAATTGGCTGCAAAGTAGTTACAGCAAAAGAAAATAATTCCATTCATGTGAGTGGTCATGGATATCAAGAAGATTTAATTAAATGTATTGAAACAGTTAAGCCAGAAAGTTTTTTACCTGTCCATGGTACTTATAGACACCTCAAAAAACACCGAGAAATAGCCGTTTCCTGTGGTGTTGATCCACAAAATGCATATTTAGCTGAAAATGGTGATGTAGTTGTTGTCGGACCCAAATTAATGGGAGTAGTAGACACCGTAACAAGCGGTAGAGATTATGTCTGTCCAGGTGGAATATTTTCTCAATCTAGTCAAATTTATAAAGACAGAATTGCTTTGGCACATGGAGGTATTGTTGTTGTATCTCTGAATTTCGAAGCAAATAACTACAATTTGGTAAGCGATCCTGTTGTTGTTGTGAAAGGCGTTCCCATTGATAGTAAAGAATTAGCAAAAAAAGTTCCTATGATTTTTAATAATGTTTTTGATCAATGCGCAAAAAAAAGAACTTTTTCTCCTGAGATACTCCAAGAAGATATGCGAGTTGCGATTAGACGATTTATAGAAAAACGCTTAAACTTTAAGACAAATGTATTAATAATATTCCAGCACATATAATTATGGAATGTTTCTTTTAAATTCCCATTTGCATATATAAAAAGAAATTTAATTTTTATGTTTTATATATTATAATTAATAACTCCTTCTCTAAAATTATTAAATATTAATAATAATTAATTATTTTTATTTTAATTAGTTTTTTATTATTGCATTTTTATTTTTTTCAGGTATTTAAAGTATATAATTAAAATTTAATATCAATAAAAGGATTATTTATGAAAATAAATAACTATAAATTTGTGCTAACTGCTGGTGTTGCATTTTTTATTCTATCGTTTAATTATAATTTTGCATTTGCCAGAAAAAAATTAAATTTAGAAAATTCATCAACACAATTTTACTCAAATAATAACTACTTAGTCGTCGAAGCTTATTCCGATGATATTATTCATATTGAACTAGGAAAAGGTGACAAAAATAGTATAAAACTACCCTTATACACTACACCAATGATTTCAAGTTCAACTCTTTTTAGAGGTCCTGAAAAATTTCAAAAAACAAGTAACAGTGTAGAAACTAATAGCTTAGCAATAAAAATAAATTCTGATCTTTGCATTAGTTTTTTTAATAAGAAATTGTCTTACTCTCTTGCAAATATATGTCCTGAAAATTTAGATCAACCAACGAAAGATATTTATATTCAATCTGATCAAAATAGAAATGCTTATGGTTTAGGGCAATATTTTTATGATCCAAATTATGCAAATGGTGACTGGATTGGTAGAAAATGGGAGCCGGGTGAATTTGGAAACTCGTTTATAGGTTTTGCAGGTGGAGCCAATTCAAAAATTCAATTTCCTATACTTTACGCTCTAGGTAACGACAAACAAAATTATGCGATATTTATAGATAATCAATATAAAATGAGTTGGGATTTTACTAATACTTCTAAATGGAAAGTTTCGATGTGGGGGGATCAAATTCGTTACTTTATTATCGCTGGAAAAAATTTAGAAGAATTAAGACAAAAATACTTATCTCTTACTGGTAATCCTTTAGTGCCTCCAAAGAAAATGTTAGGTTTATGGATTAGCGA
CP123622.1_gap29	1580755	1584806	4051	ATTTTCCGCCAACTTCTAACAAGTATAAAGATAAAGTAAACAGAACTAAAACCACAGACCAAACAAAAGCTTGGATTTTGGCAATTTTTTCACCTCTGATCAAAGATACAACTTTTATACCAGCTTTTGCATAATCTTCTTTATGATAGATAGCGATTGCAATAAAATGTGGCATCTGCCAAGCAAATAAAACTCCGAACAATGCCAACCCTGCAGCATCAACTTTATCTGCTACTGCAGTCCAACCAAGCAGCGGAGGAATGGCTCCTGGAAAAGCACCAATAACAAGAGCGAGTGGAGTTTTATATTTTAAAGGAGTATATATTAAGCTATAAGCTAAAATTGCTAGTAAAGATAATATCCCAGTAAGTAAATTAACGTAATAAATTAACAAAAAAATACTAGTGCAACAAAGAATCATTGCAAATATGAAAGCTTGCGTTACACTTATTTTCCCCATTGGTAATGGACGAAATTTGGTTCGACGCATTAATTTATCTGTATTTCTTTCATAAATCATATTAAAAGTATTTGCAGATGCCACAGATAGCGCGGTTCCTAGTAAGGCAAAAATAAAATTTTTTATTAAAATATTTCCAGGCGCAAGGACAATACCTCCTGCTGTCATTAATATACAAAAGAAAGCAATTCGAGGTTTTGCTAATTCAATATAATGGCGATAAATCGTGTTTTTATTTAACATTTTTTTTCATATTTCCAATAAACAATTATTTAACTGCTGTTTGTTTCGCAGCTGATTTACAATATTCAGCAATTACTTGCCATACATCTCCACAGGCTTTTTTATGTCTTTTCATCTTACTACCATGCATATATGATGTACATTGCTTTGCACCAAAATTATATCCGTAGATTTCATCACCATATTTTTTACAACCTAATGACTTATCTGAATTTGCTAAACAAACTTTTATCATTCTAGGTACAGTTGAATCACATAATTGTGTCATGGCATCGCATTTATTGAACCATTCCATAGTTTTATCCGCGCATCCTTCTAAAGAAAGTTGCGTAGATTCATTTTGTATTTTTGTTAAAGAATGGGTAATTTCTTTTACAGAATGTTCGTAGTTTTGAAAAACAATCCAGCCAATGATTGTTGAAAGCGCAAATAAAGCAAAAACAAAGGGAATGCCTAAATCTCCCTTGCGTCTAAAGCTACCTACTTCTTCATTTTGCATTCTAAATCATCCTAAATAATGTTAATAAAGCAATTACTTCAAAATGAGAATTAAATTGAAAATTTTCTCATCTTCAATCGATTTAGCTTATTCAATGAACAATATCCAGTTTCAAGCAGTGTAATATTTATTTTTTAGTTTTATTAATTTAAATGAACGATAAAAGGTCTTTGGGTTGTTGAGCGGTCAAGTGCGGAATTTCTTTCCCAGAAGTTTGATTATAACCCCAACCACACCAGATTGTTGTAGCACCAAAATTTTTGCCACATTTTATATCACCCTCACTGTCACCAATCATGAAAGCTTTGTCAGATTTAAAATTAAAATGATATTTTTCTGCAATAACTTTTAAAGGCAAGGAGCTTGGTTTCATTTCAGAACAACTATCTCCGCCCATGAGATCAGTAAAAAACTTATCAACACCAAGTTTTCTAATTAATTCTCTTGAATGTTTTTCTGGTTTATTTGTGATAATAAATATTTTATTTTCTTTATTTAACGATAAATATTTTAAAACATCAGTAATTCCATCATACAAACGAGTATTAATACAAATATTTTCAAAATAATATTTTTCATATAACTCTTTTACTTGATTAAATTGAGATGAATTTATGTCTCGATTTTCAATGTAATCATCAAAGCAATTAAGATAGAGTTCAGTCATACCTTTATTCACAAAAAGTCTTACATCACTCGATAATTTTTTTGGAAGATTTAAAAAATTTCTAACCCCATGGACAGAGTTTATCATATCTTCTGATGAGTCTTCTAAGGTTCCATCTAAATCAAAAAAAAAGAATTGCATTAATTATTTCCTTTTTTTGCCAAAATATCTTCAACACTACCCTTAGCATCTCCAAATTCAGTTACCTTTCTTTCTCCAGATCGACTTCCTTTAAAAGCAGTAAAAGGTTTAGAATTATGAATTATAACATGATGAGGAATGCTAGGAGGTATAACTAAAATATCTCCAGCTTCTATAGTAATTGGAAGACCATCAAAATGAAAAGTAATACAACCTGAAACAGCGGCTCTAATTTCTTCATAGTCATGTCCGTGCCTACTTCTTTCAAACCATGGATCACAAGTCTGTAAATCATAAGCTTTAAATCCGAGTTTTTCTAATTCAGTTTTCATCGTTTGTTCAGTCGGATCTACTTTATGAGGCCACTTATAAAGAGTAACTCCATTCGGTAAAATAAATTGATACATGTAAAAACTCCAATAATTAAAAAGGTTTTACTATTTTTGGTGGATTATCTCTAAACTTCCTGACAAAACAAAAAGTATCAAATGAATTACTAGTGCTCGTAATATTTTGTAACTTTAAATCATCCCAACGTAAAAAACTACTAACTTTTTTTTCTTCTGAAAGTAAAAATGGAACTGTATGTAAGCCGCTTTTTAAAGTATGAATTACTTTTTGAAGCTTCTCTTTAATTTCTATATTTTGTGGTTCCAATTTTTCAAGAATTAAATAATTTTCTAAAGTATATTCATGAGCTGTCCAAATCAAAGTATTGTCTGGTAGATTATTACGAAGAAAAAGTAATGAATTAAACATTTGTTCAAGACTTCCCTCAAATAATTTACCACAGCCCCCACCAAAGATAGTATCACCAATAAATAAATGATGTTCACCGTTTTTTAAAGAAAAAAAGTAACAAATATGGCCGAGAGTGTGCCCTGGGACAAAAAATACTTCAGCACTTTCATCTGCAAAATATATTTTATCATTATGATTTAAAAAATGAGTTTGAAATGGTATCCGATTTTTATCTTGAACACTCCCATAAATTTCAACATTAGGAAATAATTGTTTAAGTTCCTTATTTCCACCTACATGATCAAAGTGATGATGTGTATTAAAGATTTTTGTTAAAGTTAAATTATTTTTCTTTAAATATGAAATAACAGAATTTGCTTCAGCTGGATCTACTACTGCAGCTTCTTTCTTTATTTCATCAATTAAAATAAAAATAAAATTATCTTCAAAAACAGGTAACATTTCAATTTTCATATTATACTCTATTAGAATTAAATTTATTCAATAGATCAGACAGGCTTGCTTGTTTATCCTGTTCCTTTCCATCGCTATTTTTGTTGCTTCTTCCTGATGATTTTTTTGCATAATGATTAGAAGAATCACTAGAATTATTTCTAGTTTGTGATGATTCTGTATTATTTCTTCTAAACTTATTTGCTTGAGCACTCACGGCTCCAGAACGACTCATTGCTCCTTGAGTAGGTTGCGTATTTTGTGAAGTATTAGTTACTTCTTCACAGGCCTTTTTTGAAAGGGATATTCTTTTTCTTTCTTTATCAAGTCCAATAACTTTTACTTTTACTTGTTGGCCAACGCTTATTGCTTGGGAAAGATCTTTAATGAACTGATTTGATAATTCTGAAATATGAATAAGTCCATCTTGATGAACACCTATATCAACAAAAGCACCAAAATTAGTTACATTTGTCACTGTACCAGTAATAACTTGTCCTTCTTTTAAATGATTAAAATCACGAACTTCTCTATTATAAGTTTGTTTTGAGCCGTCTTCACGAGGGTCTCTACCAGGTTTCAAGAGTTCTTTTACAATATCTTGAAGTGTTGGCAAACCTACTTCTTCAGTAACATAATTTTCTAATTTAACTTTATGAACATTTTCTTTATGACCAATAAGTTCAGTGATTGATATAGTTAAATCAGTAGCAATTTTCTCAACAATCCCGTATGATTCTGGGTGAACAGAAGTGTTATCTAAAGGATTTACACTTTCAGGTATTCTTAAAAATCCTGCTGATTGTTCAAATATTTTTGCCCCAAAACCCATTACATCAAATAAATT
CP123622.1_gap30	1596160	1599694	3534	TCTTTACTTTAAATTCGATACGATGCGGTGGTATAATAGACCAAATTGGTGGAGGAATTTCCAGATATAGCGTTGACAATAAATGGATCGTTCCTCACTTTGAAAAAATGTTATACGACAATGCGCAAATGTTAAAAATATTTTCTTTAGCAGGATTTCTTTTAAGTAATAACAATCAAATTTTATCATTAGAATTTCATAAAACTTCTGAAAATATTTTAGAATATCTTGAACGAGATTTAAAATGCAAAATTTCCGGATTATTTTTTAGCGCCGAAGATGCTGACAGTGAAGGAGAAGAGGGTACATTTTATACCTTTTATTGGGATGAGTTTTTAGATATTTTTAAAGAAAATTCAAATTTAAAAAATTTTGCATTAAAATACTTTAATGTAACTGAAAAAGGGAATTTTGAAGGTAAAAATATACTAACTATTTCAAATAATCTTCAAAATTTATGTGATGAATTTTCTTTGACAAATGTTGAGTGTGAAAGTTTTATTAAAAAATCAAAAGATATAATATTTGATTACCGTAAATCACGTGAAAGACCTTCTTTAGATAACAAATGTATTTTATCATGGAATTCTTTACTATGTACTGGATTAATAAAAGCATCTATTACCTCGAATAATTTTTCTTTTCTAGAAAAAGGTTTAAATTTACTAACAAATATTACAAATAAATTTAAGAATTCTGAAGGTTATTTTCATATATATATTAATGGAAATTTAAAAATAGACCCTTTTCTTGATGATTTAAGTTTTTTACTAGAAGCTTGTTGTGAAGCTCTTTTTATTACAGGATCTCTTTCATTGTTAAATGAAATTTTAGATTTAATTAAAAAAATTCACGCGAACTATGTAGATCCTTCTGAGGGAATACTTTTTTATAGTAAAAATAATGAAAATACTATATGTAGACCGTCAAAACCCGAAGATAATGTTATATATAGTGCTAATTCTGCTATATTTGGTTGTTTAACTAAATTAAATTTATGGATTTCAACAAATGATGTAAAAGAAATATCTTTAAGTCAACAAAAGATGATAGATTCCCTTGCATTAATTGCTTTATCAAATACTGTTCAACTTACAGAAAAAGTTCCAACAGCATCTGCTCAAATGCTACAAAAAATAAAATTTAGTGAACATAAAAGAACTCTCATCATAAAAAACGTTAATAATTCAATTCCTTTGGAAAGTATTCATAAATCCTATGAATTTGTAACAAGTAAAACTGATGATTATTGCTTTATTGCAGTTGAAAAGAATAATAAATATAACTTGTCAGAATTAAATTTATATGTTTTAGAAAAAAATTCTAGATTACAGGACCTTGAATATGCCTTATGTGATCTTCAAGGTTGCAAAATACCACGAAAAAATATTTTCGATCTATTCAATTAAAGGTAAAATATGAATAAAGATATTCAAACACCTAATATTTTTACTGTTTCTGATGGTACCGGAGAGACGGCTTTAAGCATTGTAAGAGCTGTAAAAGTGCAATTTGAACATGAAGAAATGCATATTCAAAGATTTAATAAAGTAAGAACTCGGGATTTACTTGAAGAAATGCTTATTCAAGCAAAAGAAAAAAATGCTATTGTAGTTGCTACTTTAGTTGATCCTACATTAAGAATTTATTTAATTTCTCGATCTATGCAATTGGGAGTTAAAGTAGTTGATGTATTGTTTCCACTACTCGAGTCCGTTTCAGAACTTATTGGAAAAAGACCAAGTGCTATTCCAGGTCTACTACGTCAATTAGACGAAGATTATTTCAAAAGAATTAGCGCTATTGAGTATACAGTTAGACACGATGATGGCGTTATTTCTAATGATTTATTTGAAGCAGATATTATTTTGATAGGTGTATCAAGAACTTCAAAAACTCCTCTTTCAATGTACTTAGGTCACAAAGGTTATAAAGTTGCTAACATTCCTTTGGTACCAGGAATTGATCCTCCAGCTGAGTTATTCAAAGTAGATCAAAATAAAATAATTGGACTTATAATTGATCCATCCAGATTAGCTGAAATAAGAATTGCAAGGGTAGAAGTTTTAGGTTCAAATGATATTGGGGATTATGCTGATCTTGAAAAGATATTTGAAGAACTTGAATGGAGTAGAGAAATATTTAAAAGAAATAAAAAATGGCCAGTTTTAGACGTTACTGGGAAGGCTCTTGAAGAGAACTCTGTAGAGATTGAAAAAATTATCTTAAGTAGATTTCCTGAATTAGAAGGTGAGTAGATTCATTTTCATTTGTATTCCTTATTTGATTATTTTAATCTATTAAATGAACTCAAACAGAGGTGAGGAGAAGTTTCGCTAATATGAACCCATCAGAAATAACTTTTAGTGTAGTAATACCTGCTTATAATGAATCTGAGATGGTTCAATACTGCTATAATAAAATAACGCCAATACTCGAAGCTAAATTTAAAAATTCTTACGAAATTGTTTTTGTCGACGACGGCAGTAAAGATCAGACTTATTTGGAATTAAAAAAAATAGCAAATAATGACACAAAAGTTAAATGCATCATTCTATCTAGAAATTTTGGTAAAGAAGCCGCTATGAGCGCAGGACTTTTCCATACCAAAGGAAAATTTATTTCTGTTATAGATTGTGATTTACAAGACCCACCAGAAATCATGATAAATATGTATGACTATTTGTTAGAACAAAACTGCGATGTGGTTTATGGAGTAAGAACTGAACGATTAGGGGAAACTTTCTTAAAAAAATTAACTGCAAATTTATTTTATCGCTTTATAGGAAAGCTGTCGATAGTTGAAATCCCAAGAAACACAGGTGATTTTCGAGTTATGAAAAAAGAAGTTGTTGTTGCAATAAATGAACTTGTTGAAACACAACGTTTTATGAAAGGAATCTTTGCTTGGGTCGGTTTCAACCAAGTAAAATTTGAATACAGACGAGAAGCTAGAGTATCCGGAACTTCAAAATTCAATTTCGTCAAACTTTGGAACTTTGCCCTTGAAGGAATAACCTCCTTTACTGATATTCCTTTAAAAGTTGCAACTTACCTAGGATTTTTTCTATCTATTAGTTCAATATTTATTATGTTTAGCTATATTATTAAATATTTAATAGTTGGAGATAAAATTCAAGGTTTTCTTACTTTACTAATATCAATTCTTTTTATTGGTGGAGTTCAGTTAATGTTTTTAGGAATCATAGGGGAGTATTTAGGAAGAACCTTTTTTGAATCTAAACGCAGACCTGTTTATATTGCTAAAGAAAAGATGAACATAAAATAGCACATTATTTTTAATACATTGTGCGCCATTACAACCTTATATTTATTTTATTTTTTAATTTTACTATCCATGTATTTTTGTTGATATTTAGCCGATTCTGCTACCATTTTTTCAAACACTTCTCCAACAATAGCTACAACTTCTTCAGAAGCTCCATCTTTTCTAGCAATTTCTTTTGCTTTTTGAACTACTTCGTTAGCTCTTTTCTCGTCAAGTGCTTTTCCAACGTCTTTTCCTAATTTTAT
CP123622.1_gap31	1603552	1604604	1052	GCTAGGCTCGTATCAAAGACAGCAAAAGGATCTGCTTTAATATAAGGTTTTCCTGGAAGATCAGTACGTTGAAAAAGAACTCCAGTATTTGCTACAGCCGGTCTTATTTCTACAGATATTAAGTTTCCTGAATGAACTCCAATACCTGAGAATGATACGCTACGTCTGAGAGTTCTTTGAAAGTTCGTCATTCTTTCCCCACGAAAACAGCAAGTATAAAAATTATGAGTGATATATGATAAATAACTATCTACCACATAAAATGAGCACTAACAATTAGCACTATAACAAATTGCTAGCAAGCCTCTTCAAATGGTTAAAACGGTCATCTAGCATCCCTACACCTTCATCGGAAAGTATACTTAATTTTACAAGAGAATTTTACGTCAATGAAAAATTTCCTTTAAAACTTTTTGACGACTACAATCGTTTAGCTTGACCAGGATCTGTTCTAGGTTGCGTAAAAAACCGTCGGCTGTAAAAACGCAATTGACGCAAAAGTATCCTGACTATAAGCCTAGGAAGGGAGCATTTTTTATTCCCATAAATCATTTGTTTTTATAAGTAAGGAGAATTGCTTATGTCCGGAGTTAATAAAGTCATTCTTGTCGGAAGGTTGGGACAAGAACCTGATATGCGCAGCACAACCAGCGGACAACAAGTCTGTACTTTAAGTATTGCTACAAGCGAAACTTGGACGAAAGATGGAAATAAAGAAGAGAGAACAGAATGGCACAGAGTTGTATTATGGGGTCGTCAAGCCGAACTAGCTCATAAGTATTTGAAAAAGGGCCGACTTGTTTACATAGAAGGAAAACTTCAAACTCGCTCTTGGCAAGATCAGCAGGGACAAAAAAGATATACAACAGAAATTGTAGCAAATAACATGCAATTTTTAGAAAGTATGAATTCTAATCAAGGCCGTGATATGAATGATATCCCACCAGCTAATGATATAAATGACTACTATTCTGGTCCTAGTAATTATGACTCAACTTCTCCTACCAGAAATAGTTCTTCATCTTCATTCAGTAGCAACTCTAGACCTATGG
CP123622.1_gap32	1698612	1702969	4357	GAGTTGGCTTAAACCACGCCCTTGCTAAGGGCGCGAAGGGGAGACTCTTCCGAGGGTTCGAATCCCTCTCGCTCCGCCACCTTTCTAAGTAGGTGTGTATTTGTCTATTCAACAATCCAATTCAGATCAAAAAAATATCGATTCTTTTTACATGCTTAGGTGCTTAGAGCTAGCTCAGAAAGCTTTTCAGCAGCAAGAAGTTCCTGTAGGCGCTATCGTTGTTGATCATAGTAACAATAGCATTATAGCAGAAGCTTATAATTTGAGAGAAACTCACAATAATGCGACGGCTCATGCGGAATTAATAGCAATTTCTAATGCTTGTCAAAATTTAGCACGTTGGCGATTAACTGGTTGTACATTATATGTAACTTTAGAGCCATGTTTTATGTGTGCTGGAGCGATTATTTTAGCTCGACTTCCAAGAGTTGTTTTTGCAACATTCGATCCTAAAGCTGGAGCCGTAGGAAGTTTAACTAATCTCTTGAGTGATTCTCGATTGAACCATACTTGTGAAGTGACTACTGGAATTTTTGCAGAAGAGAGTTCTTTGCTTTTGAAATCATTTTTTAAGCTTCGTAGGAATAAATAATAAAATTTTAGTATATTGAATTTTAATCATGAGGAAGGTATTTTTTTATATCTTCTAGGATCTTTTTATTATTTGGAGAAATATATTGTGGTTGCTAATGAATTATTTAAAGCAGAAACAATAGGCGTAGTTTTAGCTGCTGGTATGGGAAAAAGAATGAATTCTTCTTTACCTAAAGTTGCGCATAAACTACTAGGAAAATCTTTAGTCATTTGGGCAATTGAGTCATTAGTCAATGCAGGAATTAATAAAATTATTGTAGTTATTTCACCAACTCAAAAAATAGTCGAAGAAATTATTTTAGAAAATGAATTTCCTAGTAATATTCAAATAAATTTTGCATATCAGAATACCCCGTTAGGTACTGGACACGCAGCTGAGTGTGGAGTTAAAGAAGTAGAAAATTATTATTTAAAAAATAGTAAATGTAACGAAATAAATATTTTAATAGCATATGGTGATACTCCTGCAGTAAAGCCTGAAACATTTAAAGAATTTATTAATACTCATAAAAATGAAAATAATATTTTTACTGTATTGGCATTTGAAACAGATAATCCAACAGGGTATGGTCGTATTCTCACAGATAAGAAAAATAATTTTTTAGGAATTTGTGAGGAAAAAGATTGTAATGAAGAACAAAAGAAAATAAAATTATGTAATTCGGGATTTCAATGTGCGAACTTTGCAGCTATGAAAGAATACTTTCCATTATTAAAAAATAATAATGCAGCAAAAGAATATTATTTGACTGATTTACCTTTAATTGCAAAACAAGCTGGAAAAAAAGTTGGCTATTTAATTGGAAAAGATGAAACAGAGTTTTTAGGTATTAATTCTCAACAGCAATTAGCTGAGATGGAAGAGAAATTTAAAGAAAATTAATTTTGAATATAATGAAGAGGTTTCTATGTGTGGAGTTATTGGTTATATCGGAACAGGAGTGACACCCGAATTTTTTTATAATGGTCTAAAAAGATTAGAATATCGAGGTTATGATTCGGCTGGAATTGCAATGCTTGAATCAAACAAAATTTATATAGAAAGAGCTGAAGGAAAACTAACAAACCTTCAAAAAAAATTGAGTAATTTACCGAAATCAGCATCTTTAGGAATAGGTCATACGCGTTGGGCAACCCATGGGAAACCTACAGAACAAAATGCTCATCCGCATAGGTCTGATAATATTGTTCTGTTACACAATGGAATAATTGAAAATTATAAAGAATTGAAAGAATTTCTATTAACAAAAAATTATGTATTTAAAAGCGAAACTGATACTGAAGTGGCAGCGCATCTTTTAAATTATGAGTTAAAAAAGTTGAATAATTCTTCTTCAGTTGAAGAAAATATGAAAAAAGCTATTTCTTCATTGGTTAAACAAATTCGTGGTGCATTTGCTTTTGGTATAATATGTACAGATGATCCAGAAACACTTTATGTAGTAAAATATGGTTCACCAATTGTATTGGGTATAGGCGAAAATGAAAATTATATGGCTTCAGGTATAACAGCCTTAGTAGACCATACTCGTGAAATAATAATTTTAGAAGATAATGAAATAGCTTATTTAAAAAAAGACTCTATAAAAATTGTTAGTTTTTCAGGAGATGAAATTAAACGAGATCCAATAATAGTAAATTGGTCTTCTAATATGCTTGACAAAAATGGTTATGATCATTTTATGTTGAAAGAAATACATGAACAACCACAGGCAGTAGCGCAAACTATTAATGGTCGAATAGATAGAAATTCAGGAATTGTAGATTTAAAAGCTTATGGAATTGATAAAATTAATTTAAAACAAATTGATAGAATTCAAATAATTGCTTGTGGAACAAGTTATTATGTAAGTTGTTTAGCTAAATATTATATAGAAGAATTTACTCAAATTCCAGTTGAAGTTGATCTTGCAAGTGAGTATCGCTACCGTACATCAACTGTGAATGAGCACACGCTTTGTATCGCTGTTTCTCAAAGCGGAGAAACCATTGATACTCTTCAAGCAATTAAATTTGCAAAAGAAAATAAAGCAAAAACATTAGCAATAGTAAATGCACCAGGAAGTAGTATTGCGCATGTCTGCGATGATGAAAGTTTAATATATGCAGGTCCTGAAATTGGAGTGGCAAGTACAAAAGCTTTATCAGCCCAATTATCTTCATTAATTTTATTAGCTTTAGGTATCTCTCAAGAGAAAAACAAAAAAAATAAAACCTTTATTGCTAATTGCTTAGAGGAATTATCAAAAGTTCCAAGTTTAATAGAAAAAACTCTTACTCTTTCTAAATCTATTAAAGAAATTACTTTAAAATACCAACATATGGATAATTTATTATTTATTGGTAGAGGACAACAATGGCCAGTTGCGTTGGAAGGGGCTTTAAAATTAAAAGAATTATCTTATATTCATGCAGAAGGTTATGCGGCTGGTGAACTAAAACACGGACCAATTGCATTAATAGATGAAAATATGAGTGTAGTTTGTTTAGCCCCCAAAGATCAGTATTATGAAAAAACGATTAGTAATATTGAAGAAATTAGAGCAAGAGGAGGTAAAATTCTCGCTATAGGTACAGAAGGCGATACTTCTTTACAAGCTATTTCGGATGATTTTATACCTGTGACAGAGTGCTCTAGTATTGCGTTACCTTTTTTAACCACAGTTCCAATGCATTTATTTGCTTACTGGATAGCTGTAAGAAGAGGTAACGATGTAGATCAACCTAGAAATTTAGCGAAAAGTGTTACTGTAGAATAATTCTATTTATAATTGAAAGTTATATATGAATAAAACAAAATATAAAGAAATTATTGTACCTGAAAAAAAAAGAATTGTCTTGATAGCTCATGATAATAAGAAAAAAGAATTATTAGATTGGGCAGTAGAACATAGTAATAAACTAGCTGATCATGAATTATTTGCAACTGGTACAACTGGGAAATTATTAGAACGAGAAACGGGATTTAAAGTAACATGCTTTGAAAGTGGTCCATTAGGTGGAGATATGCAGGCTGGTGCCCACATATCTGAAGGAAAATTAGACATGGTACTTTTTTTCTGGGATCCTTTAGCAGCTCAACCTCATGATCCTGATGTGCGTGCTTTACTAAGAGTAGCTGTTGTGTGGAATATACCTTTAGCTTGCAATAAAGCTTCAGCTGATTTTCTAATAAGCTCTCCCTTTTTTTCTAACTCTTACAAAAGACAAATTACAGACTTTTCTGGTTATAAAGGAAGAAGTATTTAGAAATTAAATCGATAGAATAAAAACTTTTTTTATCGATTTAAATAGAATTTTTTACTATTACTTGGATCGAGCATGTCGTCCATAATATTATTTAATATTCTTGAACTATTGTTTAAAGCATCTTCTTCTGTTGGTTTATAAACATAATCAGCTAGAACTCCTATACCTTCGATATATTGTTCGTATTTGCTGTTATTATAACGTTTTATTTTATTCCAAGCGAAACGAATTTCAGCTCCTTTTGGTAGCGGTTTTGCATTAGGAATCATAGTAGTTAAGCTGCCTCGCTCGTCAATTACTACGGGTGTTAAAAAGTCGTTCCACTCAATTACATTTGCGCCACCACCACCAGTATGAGCTGTTTCACCATAAATTTTAGCTATTTTAAAATCTTTAAAGATAGCAGTAAAAACATCACAAGCAGAATAACAATTACTATTTGTTAATACAGCAATAGGTTTTGTTGTTAATATTGGTTTCAAAATTTCAGTAGTTTCTTTGTTGTAATAAGAAG
CP123622.1_gap33	1706393	1708965	2572	TAGGGAGATTAATACTCATTTTTTCAATAGTTGTTAACAGATATTTAAAGGCTTCTAAAGGCCGTTTTAGAAGATCCGCGAATTCAATAAATCCTCTATTTGCATCAATTAATTCTCCTTGAGGTTCAAATATTCTTATATTTTGAAGGGCAGGGGGGATGTTTTGAATATTTCTTTCCATAGTAATTTGTCTATCTTGAGCATCTATTGCCATTTGTGGTTCGACTGAAGCAATTCCTACTCTATAACGACCACTATAAAAAAATCTTTCAACCTGCACGTGCCGGAGTACTTTGTCTAAATCTCCTTTGTAGGCAACAAGAAGAGAATCAAATATTTTTTTACTTTTTGCTCCTAATGCACCCTCTTCTAAATAAATTGGGGTATCTTCAGGATATATATTATTAATTGATATTTTTTTGAACAATTCAATACGTTCTTTTTTTGGTAAAACAAAGATAGGATTTTCTTTCATTTCACTAACTATTTTGCACATTATTTCGTCATCTTCTAAATGTGCAAAAGTTTTATTTCCATTTTTGGTAGGAGGCTCATCACCAAAGCCAATATGTTTATTAAAATTATCACCTAATCCATCATAACCAATTTTATCTGATGGAAAAATCCAATTAAATTTATAAACAACTCCGTGTTCTGTTTTTGAATACTCTTCTAAAGCGTTTGCTATTGCTTCAGCAGTAGAAGATTTGCTTGAGCCATTTGGCCCGTGAAGTAAAATAAGTTTATCGACTTTCCCTTGTCTTACAAATTGTTCTAATACTCTATAAATGCTTTCATGGGCTTCTTCTTGTCCTGTGATTGCAGGTTTATTTTTTCCACGAATTCTTTCAAACAATTTAAAATGTCTCTTATTTATATTATGCGCATATTTAACATCACTAACACCGAAGAACTTAAACATATCTAGCATGTATTCAGCTGAATTTCTAATTAATTTTCTAGGTTCTTTTATAAAAACCTCTAAAAATTCATCGTATGAAAGAATATATTTTTGCTCTTTAAATTCTCTTTTAACACTTTCTGAAACACTATTAAGCAGGTCTTTGGAGTGAGATGGTATCATTTCTTTTTTCTCCTACTTTGAACTAAAAAAAAATGCTTCTTTCTGTTAACCTCTAATCATTCTCATGGAATGATAGAGTAAGAATTGATTTCTTGTAAGAGCGCGATCCCTCTTTGGATCGAATTATTTGTCGAAAGGGGTAAAGGGTTGAAAAAGAAATTTGTAATAGACACAAATGTGTTGCTATCTAATCCAAGTGCCATTTTCTCTTTTGAAGATAATGATGTGTATATTCCCATTTCAGTTATTGAGGAACTAGACACTTTCAAAAAAGGATTGAGTGAAACTGGAAGGAATGCGCGTCATTTTTCAAGAATTCTTGATGATCTGCGTGAAAGAGGTTCTCTAAGCAATGGAATACCCTTATTTGGAGATAAAAAAGATAGTGGTAAAGTCTATGTCGTCTTGGAATCTGATATGGCTCTTTTGCCTACTCATTTTGAAAGAAAGCCTGATAATTTAATACTAAGCGTTGCATTGATATTAAAAAAACAAGTAGCAAATATGCCTGTAATTTTAATAACTAAGGACTCTAACCTGCGGATTAAAGCAGATGCGTTAGGAGTTAGTGTTTCAGATTTTGAAGCTGATAAAGTAAACATAGAGGAGCTTTACACAGGCATAGTAGAATTTGAAGTTGAATCAGAAGTACTTAAAAAATATTTATCATCAGGTTCAGTTTCGTTAGAAGAATATGAACTCATGCCTAATCAATATGTTATTTTAAGAGATGCGAAAGATCCTTTGCAGTTTGTATATGGTAAATATGATCATGTTACAGGTAATTTAAAAAATTTAAATTTAGGTGGAAAAGACTTTGTTTGGGGAATATATCCTAGAAATTTAGAACAAAGTTTTGCTTTAGATTTGCTATTAGATGATGATGTTAAGCTTGTTACTTTAGTGGGAACGGCAGGAACAGGGAAAACCTTACTTGCAATAGCGGCAGGATTAGAAAAAACAACTGACGAATCGAAATATCAAAAATTATTGGTAAGTAGACCTATTTTTCCATTAGGCAGAGATGTTGGATATTTACCTGGAACATTGGAAGAAAAATTAAATCCTTGGATGCAGCCCATTTTCGATAATTTAGAACTATTATTAGGAGGTGTTTCTCAAGGAAGACAAAAAAGACTTTCTCAGAGTTATCATGAATTAATAAATCAAGGAATATTAGAGGTTGAACCTCTAACTTATATTCGTGGGCGTTCAATTCCAAACCAATATTTCATTGTTGACGAAGCACAAAATTTAACTCCGCATGAAATTAAAACTATTTTAACTCGTGCTGGAGAAAACACCAAAATTATATTAACTGGAGATCCGTACCAAATTGATAATCCATATGTAGACGCAGCAAGCAATGGTTTAACTTATGTGGTTGAAAGAATGAAACAAGAAGCAATAGCTGGACATGTTACTTTAGTTAAAGGGGAAAGATCTGCTTTAGCGACAATAGCTGCAAATTTACTTTAATTAATTTTT
CP123622.1_gap34	1715344	1720189	4845	GGGTACTCAACAAATTACTAAAGCTATGAAGTTGGTATCAGCCGCTAAATTTGGGAGAGCACAACATAATGTTGTAAACTCTAGACCCTATGCACATTCCTTGGCACAATTGACATCTAAATTAGCAGGTGTGGTTAGTGGTGGCTGTACTCATCCATTAATGAATGAGTCTGCTTCAAAAACAGCTGCTGTATTAGTTATTTCTTCAGAAAGAGGTTTATGCGGTGGCTATAATGCAAATGTAACTAAACAAGCTATTAAAACAATTTCTGAATTAGAAGCTGAAGGATATAAGGTTGTTACAACTTGTATTGGTAAAAAAGCGTTTCAAGCACTAAATAGAAGAAGGAAATTAATTCTAAAAATCAAAGAAGATGCTCTTTTTGCATCTGAAAATGATTATTGTGTAAATCCAGATGTTTTGATTGATAATAACGGATTAGTTTCAATCTCAGCGCATTTCGATAAACCTACAAATGCAAATGCAACTCGTTTATCTGATGCATTTGGCAAGCTTTATTCAGACGGTAAAATTGGAAAATTTGTGGTTGTTTATAATAAATTCCAATCTGCTATGTCGCAAACTCCCACCGCTGATGTTGTTTTGCCTCTTCATATTGGCGTTTCATCTATGCAAGCTGAACCTATATTTGAGCCAGAAGTGGATGAACTTCTTTCATTTGTTATACCTCGGTATATGGCATCAAGAATGTTCCAAACTTTACTTGAAGCTATAGCAAGTGAACATGGAGCTCGAATGACTGCAATGGATAACGCTACTCGGAATGCTAAGGAAATGGAACGCAGGTTACAAATTACTTATCAAAGAGCGCGTCAAGCAGCAATTACTAAAGAACTTATTGAAATTATAAGCGGTGCTGAGGCATTGTAATTTTAAAAATTTTGGAGTTTATATGTCTGGATCAGGAAAAATTATTCAAGTTATGGGACCGGTTGTTGATGTTCAATTTGAACATGGTAACCTACCAGAAATTTATCATGCTTTAAGAACAACAAACACATCTATAAACAGTGATAAAGAAAATCTTGTTTTAGAAGTTGCTCAACATTTAGGCGAAAATACAGTTAGAGCAATTGCAATGGATTCTACTGAAGGGTTAAGTCGTGGCGTTGCAGTTCGCAATACAGGCAAACAAATTTCAGTTCCTGTTGGCAATAATGTTTTAGGACGTATTTTAAACGTTATTGGAGATCCAATTGATGGAAAAGGAGCTGTTGAGTATTCAAAAGAATATCAAATTCATCGCAAAGCTCCTGATTTTACTCGTCAAAGTACAAAATTAGAAATGCTAGAAACAGGTATTAAAGTTGTTGACTTGTTAGCTCCTTACCAAAAAGGTGGAAAAATTGGCCTATTTGGTGGTGCTGGAGTTGGCAAAACTGTGTTAATTATGGAATTAATAAATAACATTGCTAAACAACATGGTGGCTACTCAGTATTTGCTGGTGTCGGTGAAAGAACGCGGGAAGGTAATGACCTTTATCATGAAATGAAGGACTCAGGAGTTCTTGATAAAGTGGCTCTGGTTTATGGCCAAATGAACGAACCACCGGGAGCTCGTGCTAGAGTTGCTCTTTCAGGATTATCAGTTGCTGAATATTTTAGAGATGAACAAAATCAAGACGTATTGTTTTTCGTAGATAATATATTCCGTTTTACTCAAGCTGGAGCTGAAATATCTGCTCTTTTAGGTCGTATACCTTCTGCCGTGGGTTATCAACCTAACCTAGCTACTGAAATGGGTGAATTACAGGAAAGAATTACTTCTACAAACACTGGTTCTATTACATCTGTACAAGCTATTTATGTACCTGCAGATGACTATACTGACCCTGCGCCTGCAACTACATTTGCTCACTTAGATGCGACAACAAATCTAGATCGTTCCTTAACTGAAAAAGGAATTTATCCAGCGGTACATCCTTTAAATTCTACTAGTAGAATTTTGGATCCACAAATCGTTGGAGATGAACACTATAATACAGCTCGTAAAGTTCAACAAATTTTACAAAGATATAAAGAATTACAAGATATTATTGCAATTTTAGGTATGGATGAACTATCTGAGGAAGATAAGTTAGTTGTTGCAAGAGCTCGTCGTATAGAACGCTTTTTATCACAACCGTTCCATGTTGCAGAAGTATTTACTGGAAATCCTGGACGTTATGTAAAAGTTGGAGATACAGTTCGCAGCTTTAAAGAAGTTTGTGAAGGCAAATGGGATCATCTTCCTGAATCTGCATTTTATATGGTTGGTAGTATTGAAGAAGCGGTTGAAAAGGCAAGAAAGATGGGTGTCACCGTTTAATTAAAAGACTGGGGATTGTGTATTTATGGTTGAAGCAAAAGGCAATATGCGAGTTGTTATCTTAACTCCTTATAAACGTCTCCTTGATCTTTCTGGTGTGACCGAGATCTATTTTCCAATCGATCATGGAACTATAGGTGTATTGCCTGGACATGCACCAATGGTTTCAGCTGTTGGCACAGGTGTTGTCGTTTATACGCAGAATGAAGTAGCAGGCTTTTATAAAGTTTCTGGGGGAGTTGCTGAAATATCAGGCTCTTCTGTTACTTTATTAGTTGATGTAGGTGAGGATGCATCTACAATAGATCTTTCTAGAGCAAAGAGTGCTTTAGAAAGAGCACAAAATCGTCTTGCAGCTAAGGCATCGGATTTAATAGATATGAAAAGAGCTGAAGCTGCACGTGCTCGCGCTTTAGCGAGAATTGAAGCTGTTGAACTTCATGCTGGGAAGTCCTCAACACAAACAAAATAATAGTAATTTGATTTGTTGACTCTCTTTTCAAGTTATTTTTTTGATTGTGTTTGAAGATTCAGGTATAATTTTCAATTCAAAATTATGCTACCATTATAAGGAAGGGTTTATTTGAGCTCTTCCTTTTTTATTCTTTGATTAATTTTACGGTGAACATACGATGACGAATTTGTCGACTTTGCAAAACGAAGCTAATTTAAAAGAAAATTCTGATATTGTATGGCTTGCTATTGATTCTAGATCTGCTCAATCGGGAATTGTCTCTGGGATATCAAGATTTGTCATTGGATTAACTAGAGCTTTAGCAATTGAGTTAAATAAAAGAAATTTACTTCTCCAAAAAAATAAAAAAAGATTAAAAATTCTTATAGTTTCAAAGTCTGAACCTTCTCAATGGATTATCGATTTAATTCATAGTTATCCTGATACCGTCTCGTTTTGGAGCGGCGGTCCTGGAGCTTTACAAAAATCTTATGATAAACCAATTTGGTTATGGCCAACTTTTGCTTTAAAAAGAATACAAAAATTAACATCAAATCATGTTATTTGGTTAGCTCCTGCTAATTTTGATAGGCCGCTTTTCATATCAAGAAACAATATGTCATCCAGAGTTATTCAAGTAGTTCATGATAGTATTCCATTTATGCCAGTGAAAGGTGTGGGATTCATATTCAAAAGACAATTTCGATTTTTAGTTAAAAGAGCTTTATCTCGTCTCCCTTATGTTTCTACCGTATCAAATCATTCAGCAAAAATTCTTCAAAGTTTAGTTAAAAAAAGAACATCACCTTTATATGTCATAGGCGATGCTGTGGATTTGCATTTTGGTAGTCAAGCAAAAATCACAGACACAGATCAATTAACAATATTAAGAAAAAAATTTTTTGAAGATGTTTCTCTTGAAAAGGATTCAGAAAAATTTAATTCATTTGTCGAAAAAATAATTCAAGGTCAATGGATACTTGGTGTTGGAAGAAATCAAAAATATAAATGCTGGGATGTTGCTTTACAGGCAGTATCAAAAGTTGCATCTGAAAATAATGCTTTAAATATTTGGTTTATTAGAATCGGTTCTGATCCTAAAGAAATTTCAAGTTTTTTAAAAAGATGCCCTATGAAAGAAATAGGTCGAATTAAATTTTTTGAAAATCTACGAACAATCGTTTTGCCTACTCTATCTGATTTTGAACTTGCTGATATTTATAGATTTTCTAATTTGTTGGTACATCCTTCTGTAGCTGAGGGTTTTGGTTTGCCCCCTTTAGAGTCAGCTTTAAGTGGAACTCCAGTTATTTATAGAACATCAACAGCGGTCGATCAGCACTTTGATTCAGGAGTTCTACCAACAAACTTTTGGTGTGGATTAGATAATGGATACTCAGCTATTTGGGCAAAACAAATAGAAAAAATATTACAAGATAAAAAAGATTCTGTATTTTATAAAGATCTTTACAAGGCAAAATCTACTCGACAATTTATTGTTGAAAAGGCTAATGGTAAAAGTTTTGAATGGAATGAATCAGCAGTATCACTTTTGGATTGGTTGTTAAGTGATATGGGAATGGTAAGTAAAATTAATAAAAAGACCATTAGTATAGCTTCAAATATTGAAACAAAAACAATTTAAATAGGATTGCTCAATCATGAAGATTGGTGTTTTATTTTGGGGATTTAATGATCTTGATTTTATTTCAAAATGTTCGAAAACTATTAAAGAAAAACATGATATAAAAGAATTTTATATACAAATCTCTCACTCTGAGAAAACGATTTCTTTAATTGATCTTTTTCCTGAAGAAATTATTAGATCTGAATCTGATGATCTTAGTATTCTATATAAATGGCTGGCTAAGAATCATAAAAAAAATATAATCGTTACAGTTAATATCTGGGGTTTATTAAGTAAAAAAAATTTTCAAGAAAAATTAACACAATTAAAAGAAATATTAAACGAACCTTTTCAATTTATATTGTCATGTCCTAGAAATATTCATGAGCCTATTTTTTTTGAAGATAATAAAAAGTTGACTGGTTTAATTGAAA
CP123622.1_gap35	1757278	1761872	4594	TTTCAAGACCTGATTGAGGGTGTCAAATCAGCATCTGAATTAAAATGCCAATTAATTGGAGAAGTCCCATTAATGGTTTCATCAAAGCGACCTCAAGAAGTTGCGTCGCTAAGAAATTATATTTTATCTCAGATGCCTGAAGGTGAATGGCTATTTGGTGAAGATGATCTCACTGATAGGTCACAAAGATTTGTCTGCGCTGAAATTATTCGTGAACAAATTTTTCGTCAATTAGGTCAAGAGCTTCCTTATAAAATTGCAGTCGTAATCGATCTATTTGAAAACAAAAATAATGTTACAAATATTTCTGCTACTATTGTGGTTGAACGTGATTCTCATAAGGGAATTGTGATAGGTAAAAAAGGTTCTAGACTAAAAAGTATTGGGACTGATGCAAGAATTTCTTTGGAAAGACATCTTGATAGAAAGGTGTTTTTAGAACTTTTTGTTAAAGTTAAATCTGGTTGGACCGAGAACTTAAATATGCTTTCAGAATATGCTGATTTGCAAGATCCTAATGATGTAAATTAATTAAAAGCTTACCATCTAGGAACTATTTTCCTTTTCAGTTGCTTTTAAGAACTTGTTTTAAGAGTTCAATTATGGGATTGTATATGAAGCGAGAAAATCTCTCCTTCTATATGTTCAAGTTTTTTAATTGCATAGGAATTTTTTTATTGAGATTCTGCCTGAATTTTTAAATTATTAAATAACTTTTTTGTTTCTTTATATTTGGAGTATCGTCGTGATTAATTTTCACTCTCGTAGGTATGTTTCTTTGTCCCTTTTTGAAGAAAGTTCAAAAGATACTATGTTAGAATCCGCACCTGTTAAACGTGGGAGAGGTCGTCCCCCCAAGTTAAAAGCAATAGGCAATGAAATTTCTGATAAAAATGAAAATGCCAATGAAAGTTTCATACCTGCATCTTTTTCGAGTGAAACTGAATTAAATCCTTTAAAAGAAATGGAGAATATTGTGGCACTAAGTCCCGCTGAAGATAATTTGGAAGAAGCAGCTTCTACAGAAGAAGTTAATTCAGAAAATAGTTGGGAAACAGAGCAAAATAATTCCTTTGATATAGAAGATGACGCACAAATTTTTGATGAAAATTATGATGAAACTTTTGGAGAAGAAGAAGCCACAGAGGTAAGAGATTTTTCTCAAAATTCTGTCAGTGTTTCATTTTCATGGTCCCTTATGAATCAATTAAGACAAATGTCTAAAATGGAAGGAATTTCTGTTGAGGATTTATTAGTTGAATTAGTGGCGGAAGGTGTAACAAAAAGAGTCTTTGAAGAACTATCTCGCCCAACTCCAAGCCATTTGATGACTAGAACTGGTTATGTTCATTCTGATGGAACGCAAACAAGTCCGCAGCCGCATTTAAGTCATCATATGATGAATAATTCTCGCCAACAGCAAAATAATGTTCAAAATCGTAATAGATTTGGCTTTCAGCAAAGAAATCAACAGCATGTTCCGCAAAATATGAATAATAGAAATAATGTAAATAGAAATTATCAACAAAATAATTCAAGACAACAAAATTTAGGTCAAAATGGTTTTAGAAACCAATACCAAAATAATAATACTCAACAACAAAGATTTAATAATACTAGATCAAATAACAATTACCAAAATTCACAACGTTTCTATGATGAACAATCATCAAATACTAACAATAATAATCAATACAATAGACAACAACGTGATAATAATAAACGTTAATTAAATATGGCAAAAAAAATAGTAATAACTGGTGGTATAGGATCAGGAAAATCATTGCTATCGAAAATGCTTTCAATGCGAGGATATTGTGTCTGGGATGCTGACATTATTTCTCGAGAAGTTTTATTTTATCCAGCAGTTCAGGCAAGAATAAAATCTGTATTTGGTGAAGAAGTTTTTGTAGGTAATGGTATTTTAAATAGAGAATATGTCAGAAAACTTATTTTTTCTGATCCTAAATTGAAAAAATTATTTGAAAAAATAATGCATCCTGCAATGTATGATCATTTTAATTTTAAATTTCAAACTTTAAATAAATTAGCCCCTACTGCTTGGATTTTTTATGAAGCTTCTTTAATTTTAGAGCTAAATAGAAAAGATGAGTTTGATTACTGCATTGTAGTTACAGCGCAGGAAGAAATAAAATTAAAACGCCTAAAAGAAAATAGAAATTTAGATGAGAATGATGCAAAAAAAATTATGGCATCGCAAATGCCTGATGCTGAAAAAATTTCCTATGCTGATTATGTAATTGACAACTCTTCATCTATTGAAAATCTTGAAAAAAATGTTGAAATACTAATTAATTTATTGTCCTTAAAATTATCTGTTTTATAAAATTGACATCTCTATTATTTTTTATTCTTTAATATTTTTTTTTAATCTTGTATTCTTTAATTAATTTAATGAAAATGAGGTTTTCTTTAAATGTTTGAAGTATCTTGTGCGTCTTGCCAAGCATCATTTGATTATAATCCAGATGATTACATTCATCTTTGCCCATTTTGTTCGGCGGGGTTTATTATTGATCCTGAAGAAGGGGCAAAAGACTTAATTGGTGATCACTATATCATTCCATCAACAATTCAAAAAGAGAATTTAGAAGGAATTTTTAATGATTGGATAACAAAAAGATATCATAATCCAGGAAAAATAAAGAGTGAGTTTAATATTTTAGGATCTTATGGAGTTTTGTTACCTTATTGGGTCATATCTGCTGAAGCTCACACTTTTTGGAGTGGGCATAGTGCAAAAAAGAATTTATACCCAGGAAGAGTTCGTGATCTAGCTTCAGGATTTTTAAAAGAAGAAGGTCGTTTTAGTAGACGTTACAGATGGGCAATATTAGCAAGAAAATCACCGAAAGAGCATTGGGGGTTAGAACGTCTGCATCATCCTAGAGAAAGCGTTAATGTGGATTGGGAAGGATTTCCATTAGATGAGACAATGGGAGTGCAAGACGAAGGATTAAAAGCAATTTATGAAGCAAAAGTACCATTTAAGTATGAACAAACGAATGAAATTGCAGTAGCAAGCATTCAAACAAGAGAAACCTCAGCAGTCGCTAGAGCGAAAGACCAAATCAATGAGTACCACAGGAGAATGGTAAAAACCAAAGTTGGTACTTTATATGAGCATAGAACTGAAATAGAAGTAGTTGGATTGCATATAGTTCACATACCATTTTGGTATATTCGTTATTCATTTTCACCAAACAGTTTATTTAAGTTTTTCACTACAGTGAGAGAAAGAAGAATTCTAATTCAAGGTTATACAAAAGCCGTTCTTGATGCTGAATTACCTCTTAATAATTCAGATAAAGTTATGACAAATATGGTTGTATGTGGAATTCTAGGTTTCATTTCTCTGACATTATCCGTTTTTATTCACCCTTTATTTTATATTTTATTTGTAATGTTTATTATAATAGTCGGTCTATCTACTTGGAAAATAATAAATAGAGAAAAAATAGACCCAGAGATTATAAAAGGCCACGAAAACACTGAACCTGCTTGAAGCTAGAACAAACTTCAAGAATAATTTTTAAGTAAATTTAATAATCTAACTGCATTTTTTTCAGAATTATTATAAAGATTTTTACTAAATTCTACATTACCACAACGATAAAAAAATGCTTTTTTCAGATCTTCATGGAGGAAATGACATAGCCATCCAATTTGACCATATTCAGCGTGCGTTTCAATTCCAGTTAAATAAAAATCTTTTTTAATTTTTGTCCGATAAATATTTATATTAGATAAAACAAAACAACTAATAATTTGTAAGAACCCTCTTTCTTTACAATAATGGATAATTTTATCTAAATAATCGTTATAAATTCCATATTTTCTATATTCTCTTTTAACAATAGCATGGCGCATGTAATAGATATCTATGGATTTTTGTTCTCCTCTGAACAATGCGATATTTAAATTGCCATCCATTACTTTAATATAGTTTTCAATTTTGTTGAATTGATAACGTTCTTCAAGTAATTGTCTTTTTACTTTTTGCTCATCTGTTAATAATGCTTCACGAATAAAAGTCATTTTATTTAGTTCTTCATTAGGAAATTCATCATAAAAAATTTCCCAATATTCTTTTGGAGTGATTCTTTCTACTTTGTATTTATCTAAAATTCCATTTTTGAAAATGTTATCAAAAACCAAATCCATTTGGTCTCCTTCTGGTTTAAAATTCAAATTTAATATAACGAGAATTACTATAGTTATAAATGGTGGAAATAATTTTTTTACATATTTTGTAAGATATTGAAATTTAAATAATTAAATTTTTTAGAGTGATCGTAAATCAATGCTGTTTTAAGTTACTATTTAACTTTTAAGATTAGGTTTGCTAGCTGTACCTGGAAGGATTTCAAAATTTGCTTCAAATTTATCTAACATTGAATCTATTTGGGCAAGTATTTCTTTATCGCCTGTAACTATTAACTTTCCTTCTTTAATTTTTGCTTCAAAAGTACTTTTACCAGTAATTACATCTTCTAAATCAGCTCTATTTATTGTCATTGCTAAATGAGGATTGTCAGCTAAAAAACCTTTAATATTTGTTAATGAAGAATTG
CP123622.1_gap36	1827421	1831668	4247	CGTTGTATTCGGCAGAAGAGCTTTGTTTATTACCTAAAGATTTAGACTCAAAGAATGAAGTTACTCAATATAGTAATCAACTAAGTGATAATTTAGTTGAAATTGATATGATGAAATACTATAAATCATAGTTACTTTGGAGGCTTATTCCAGAAGCCAAAAAAACCTCCGCATATTCCTGGAGGTTTAGTAAAATTACTTAATGCTAACCACTCAATAGAATTAGTATAGGTAACTTTCTTATTACCTACTTTACCTGAGTATAAAGTTAATATTATTTTTTTTTCAAGTTTACTTAATTTTTCTGAGGAATTTTTCGTTATTCTAGTGTCATAAATTTTTATTATTTCAACTCCAAAATTGGACTCTGTTTCTGCTAAAGAGTAGTAAAATGTCTTAATTAAATCTTTGTCTAAAGGAAAATCAGTAAGTTTAAGCGCAACTTTTCCAAAAGTATCTATGTATTTTTCTTCAAATTTATTTTTTTTTGCCATTGATTGAAAAGGTAATAATAGCATACTAAAAAGTATTTTTTTTCCGATTTCTCTTCTTTGAATTAGCATACCATTTCCTATATAAGATTTTTCTTTATAAAATCTGCGCATCTTAATGATAAAGCAGCAATAGTTAATGTAGGATTCGCTGAACCAGTAGTAGGCATGACTCCGGATCCAACAAGGATTAAATTTTTATGGTCATGGGTGACTAAGTTTTTATCTACCACAGAATCTTTTGCATTATCTCCCATTCGATAAGTACCCATGACGTGACCTGCTCCATACCAATTATTCGAGATTTTTATATTTGTGCAATTACTTTTTTCAAGTATTTCTATACACTTTTTAGTTGCATCTGAAAAACTTTTCTTTGTATATTCATCCAATGAAAAATGTATTTCTGGATGAGGAATGCCAATTGTATCAAATTTTTCTTTAGAAGGAACTATTCTGTTTTCGGGATTAGGTAACATTTCAGTTAGAACTGATAAAGAAACTTGTTTAGAGGCAATTTTATTAAATTCTTCTTTTAATTGTTTTCCATAGAAACCCTGATCAAGCAAACTAGTTAATAAAGGTTGAAATCCTCCTTCTGGAAAATTCCATCCATCATTTAGTAATTCTATTCTATACGAGGCAAAATGTTTTCGAAACTCCCCTATTCTAAATTTATCAATACCCGCTGTGGATAAGGGTGATCGAAATGGATAAATAGGTTTGGGAGTTGAACCATAGATTAAAATAATGGGATGATCTGCTAAATTGCGTCCAACTTGATCACTAGTGTTTGCAATTCCATTTTTAAAATTTTCTGTTTTTGACATCAGTAATAATTTAGCAGTTTCAATGCTGTTGGCAGCTAGAATAAATATTTTACCCTGGATGCTTTCAATTTTTTTATCTGGTTTTTTATAATTTATGGCAGTTATTTTTCCTGTAGTATCACTTACAACTTCATAAGCTACTGCATTAGTTATCAGTTTAGCTCCATGCTTAATTGCTTTATTTAAATGAATAGTTGCATCATATTTAGCTTGTACAGGGCAGCAAGGAATACAGCTAGCACTACCACAGCAAGCTGGACGTGAATCGAATTCAACAGAATTTCTAGCTTGAGGACTATGGCAAATTTTATAATCGGTATCTTTTAAACATTCAGTAAAATATTTATCGCTTAGTGTAAATGGAATTTCTGGCAAGGGGTAAGGATTTTTTCTTGGAGATCCTAAATCTTCATTATTATTTCCAGAAACACCGAGTTCCTGCTCTGCTTTAAAATACCATTCTTCTAGATCTGAATATGAAATAGGCCAATCTATTCCAAGATTAAAATTTGTTTTCATTTTAAAATCTTCTGGAACAAGGCGTAAGCATGTACCCAACCAGTGCCATGTAGTACCACCAGCAACCCTTAAATATGTACTTTTAAAATTTTCTTTTCCTTTATTAATAAAATAATTACTATTTATTGTTGTGGGATAAGGTGCATGTGGTTGAATTTGATAAGCAGATTCAGGTATTTTGATAGCTGTTTCATAATATTTTTTCATTGCGTGCGATCTATCTGGAAATGTACCGGCTTCCAGAATTGTTACTTTTATTCCATGTTTACTTAATTTATAAGCAATAAGTGAACCGGCTACACCTGAACCGACAATGACGACATCACTATAGTTATTAGACATAAGCACCTTTTGTTTTTAAAAATTTGTACTTAATCTAATTATTTAAGTCAACAAATAATTATTTTTAACAAAAGAATACTAATTTTAATTTTAGAAAAATAAATACAAAAAAGGTTTTTAAAATTTTTCATCAATTCCATTTTTTTTAATTATCGCATTTCGAGCGAGCTCATCGCACATATCATTATATTCATTGCCTGAATGACCTTTTACCCATTGCCAACTCAAGTGATGTTTTCTTTGCAGAAGAGAAAGTTGCATCCAAAGTTCAATATTTTTCACTGGCTTACCTGATTTTGTTTTCCAACCATTTTTTTGCCAATTTTCGAGCCATTTTTCAGTAAAACCATTTTTGACATACTGACTATCGGTGATAATAAGAACAGGCATAGGGCGAGTAAGGCTTTCAAGTCCTTTTATCACCCCAGTCAGTTCCATTTTATTATTCGTTGTATACTGCTCATAACCTGAAATGCGTCTACGTAACTCATTATATAAAAGTACGCAGGCCCAACCACCTGGACCAGGATTCCCAGAGCAAGCACCGTCTGTATAAAGCGTAACTTGTGAAGTCATTGTATAATGTGCTTTCATCGAGAACTGCAAAGAATTTTGCAGTTAAATTTTAGTAAAAATTGAAAGAGAAATTGAATGCAAGCAGATTTACCACCACAAACTGAGAAAATCCACATAGAAAAAACTTATCCCATGGTGGATGATGTCTCAGCAAAATTAGTTCCCATAAAGAGTGAAAATCTAACTTTTCCTCGAACAATTTTTACACTCGGTATTTATAATGAAGTTTTAACTGGTGCAACCAAAACAAATTATGATGCTACCGGCTATGGATTTTCAATGGGAATGTCGCATAAGATTAGAGGGATGTGGAAAGGAGGGTTAGATTTTCGATGGTCAGATTGGGCTTCGAAACGTTCTGATAACCCTGATTTAAGTCCTTTATCGATCTATTCAAAAATTGAAGGTGCTCCATCATTTAATTTTTTATGGGGTGATAGTGTTGAAAAATATTTTCAGCCTTTTTTCACAGGAGGATTGGGATATACTTTGTTTTTTAGTAGTCGATCATGGTCAGCAATTCAATCAAGATCCTCTTTAGGTCAATTTTCTCTTACGTATGGTATAGGATTTCGTGTAAAGTTAAGTAATTCGTTTGCAATTAATACCATTTTTGAAAATTGGCGTGGTATTCAAACGTCAGACTTTACTGCTCAAATCTACAGAATGGAGCTGGTTTTTGGTGATGTTGAGAATTATTAAATCTGTTATTTTTTTAGTTACTTTAAGTTTTTCTGCATTGTATTCTCAAAAACTTCTTCTTACAAATCCTGTTGGCAAACCATTGCCAGAAGGATCTGTAGTTTTTAAAAATCGCTCTATAATGAGCTGTGGACAAAAAACTGGATTATCAGTTTATACATCTCTTGATATTCAAGCTATTTTAAGTATATCTAATTTACTATCCCAAGATAAAATTTCATTGACAACAAATTGGGATACTTTTACTCCAAGTTTTGCTTCAACGTCATCATCACTAAATGAAAAAGATTTTTTAACATATCCAGCAGATGTTCAACGAATAATTTTTTTATGCTTAACTTGGGATGAAAGTTATCGATTAAAATTATTTAATATTCCAATTGAAGCATTGGATGATATCTCTAGTGAAGTTATTAAAAAGAAACCATGGCAAAATTTACAGAATGAAGTTGCCGAAAGAATAGACGCTTTTTCTAAATTTACAATTCGAGATTTTGTTCATCTTGTATTGAGAGCAAATACTTTTTACTACGTTAGAGGAGGATTAAATAAAAATCCAACTTTATGGTCGACTTCTTTTGTTTGGAAGGTTCCATCAACTGTGATAAATAAAAATTCTGAAAGTATTAAAGATGAATAAAAAAAATACCCATTTAATTATTTATAAATGGAAGAACTCTTTTCATAAAGTAACGTTGGAAAATGATTTTTCTTTTCAAAACTTTAAAGATGAAAATATTACCAAAGAAGAGTTTAATTCTTTTCTTCCTTCACCCGAATTAGCTGA
CP123622.1_gap37	1835961	1839911	3950	TTGTATTTCTTTCGCGGATTTTCCACTTACCTTTGCCAAGTTTCCAACTTCTTCGGCTACCACAGCAAAACCTTTTCCATATTCCCCTGCTCGGGCTGATTCAATTGAAGCATTTAATGATAGTAATTCTGTTTTTGAAACAATATCATTGATAACAGAAGTTTTTGCATGAATTTGATTGATAATTTGGGCAATATTTTGCAATTGATTATTTGATTCTTGTATTGTATCCATACTTGTCATAAGTTTTTTCATAGTGGACATATTATTTTCTGCTTTTTTCGATGCTTCTTTAGCTACTTCTGCTGACTGTTGCGCATTTTCGGAGGTTTTATTTACCATGCTAGTAATTTGATTGATTGCAGCTGTTGTTTGGTGGACTGAAGCCGCTTGGGCAGAAACAGATTCAGTTAGCACTTTTGAATTATTCATCAAGGTATTTGCTATTTCCATGGTACCATTTCCTTGATTTTTTAAACTTACTAAAGACTTTTGAATATCCTTAGATAACTTAGTAATTGAAATTATAATTGCAATTGAAATTAATACAGATACAATTAAAACAACAGACATAGTAATAATAGTAATACTTGTTAAATTTTCACCTTTTGTTGTGGAATCTTTTCCACCTTTAATATTAAATTTTTCTTCTTTGCCAAGGGTCTCTAAAAAGTTAAATAAAGCTGGTCTGCCCACTTTATAGTAATGATTTAAGGCTTCAAGCCCTCTTCTTTCTTTTACCAACTCTAACTCTTGATTTAAAGAAGTTAAATAATCTTTATAAGTAGCCAAAGTATCTGCGTAAAGTTTTTCTTCCCCTGGTGATATTAGGGGTTTATAGTCAACAAATGATTTTTCGATTGCCGCTTTAAATTTATTAATATCTTCTATATTTGCCATATATTTGTCTCTTTGACCAGCAATGCTATCTGCAATAACAAGGACAACCCGTCTTGATAAATTACCAATAGTCACATTTAAATCAGAAAATGAAGCGATACTTGGCATCCAACTTAAACCTGTTTCGCTAGCATATTCTTGTGTTTTTTTGATCATAAACATACAGTATAAACAAGCAAATAAAATTACAAAAATCAGCATTGAAACAGACGTAATAATTTTAAAAGCTAAACTTTTTTTCCGCATTTATGGCACTCCATGCTATTCATTTTTCTATTGTAAACGTTTTATTTTTTAGGGAGAATTTTATAGCATTAGTGCCAAAGAAATGACTTAATTACCAGATGAATAAAAGATTAAGCGGCTTTTTTCCCCATAATGAGACCTTCAATAATTTGGGTAGTTAATTGAAGTTTCTCGCCTTGTTCTACAAGTTCATTAGAAGATTGTGCGGTTTCATTCACCGATGCTTGGTTTCTTTGGGTTGCTTTATCAATTTCAGACATGGCAGTAGTAATTTGTCTGACACCAATATCTTGCTCTTTTGTTGCAGCTGAAATTTGTTCTATGACAGATACCATGTTGATAATATCTTCAGAAATATGCAAGAAAGATTCCTGCGCTTCTGTTGTTACTCCTTTTCCTTCAGACACGCGTTCCTTTGTAATTCCTAATATTTTATTAACTTCTTCTTGGCTTTTCACAATCAGTTCTTGAATTTCATGCGCTGATTTTCCACTAATTTTTGCTAAATTTCCAACTTCTTCAGCCACTACCGCAAAGCCTTTGCCATATTCCCCTGCGCGCGCAGATTCTATGGAGGCATTTAAAGAAAGAAGTTCTGTTTTTGACACAATATCATTAATGACAGATGTTTTTGCATGAATTTGATTGATAATTTCTGCAATATTTTGCAATTGATTGTTTGATTCTTGAATGGTTTCCATACTATTGACAAGTTTTTTCATTGTTTCTTGGCTATTTTCCGCTTTTTGCGAAGCGCCTTTTGCTACTTGGGTAGATTGTTCCGCATTTTCAGAGGTTTTATTTACCATACTCGTAATTTCATTAATGGCTGCTGTAGTTTCATGCACCGAAGCAGCTTGTTCTGTCACAGATTCTGATAAGGACTGGGAGTTTTGCATTAAAACCTTGGAAATTTTCATTGTTACTTCGCCTTGTTTCTTCAGGCTTTCAATAGAATCTTTTATAGATTTTGTGATTCCTAAAATAACTACTGCAATGGCAGCGCTAATGAGCAAGGCTAAAATAATCACAATTGTCATAGTCCAATTAGTAACAGAAGTTAATCCTGATCCTTGTTTTCCTGCCGTATCAGCACCCTTCATGTTAAATTCAATTTCTTTCGTAAGTTTTTCATTAAATTTAAATAATAATGGGCGTCCAGTTGTATTGTAGTGTTTTAAAGCTTCAAGGCCTTTATTTTCTTTTATTAAATTAAATTCATGTTCAAAAGATTGAATATATTCTTTATAAGCATCCATTGTTTCTTTATAAAAATTTTCTTCTCCTGGAGCAAGAAGGCCATTTTTTTGATAATTAGTTAATTCATTATCCAATTGATCTTTAAATTTTTTTAGGTCTTCAGTGTTTTTTGCTAAATCTTCTGTTTGGTTAGCTACGCTATCTGCGATCACAAGCACTGCTCGACGCGATAAGTTGCCAACATATAGATTCATTCTTCCGAATGAATCTATACTAGGAAGCCAGCTAGTTGTAACGTCATTAGCGTAAACTTGGGTTTTGTTGATCATCAATATTGAGTAAATACAGGAAAACAAAAGCAGGGAAATTAAAATACCTATTGAAAAGAAAATTTTAAAGGCTAAACTTTTATTTGCCATAGAGATCTCCATAAACCAAAGTCATAATCTCAATCTATTTTTCTATCGGCAAAAATACTGCTACTTTAATGAGTATTTTGTTAACTGGCTTTTTTTCCAATAATCAGGGTTTCAATTGCAATTGTGGTGGTTTGTAGCTTTTGCCCTTGTTCCACTAATTCGTTGGCAGACTGAGCTGTTTCGCTAACAGAGGCTTGATTGCGTTGAGTAGCCCGGTCAATTTCAGACATAGCAGAGGTAATTTGTCTTACACCTATGTCTTGTTCCTTTGTTGCTGCAGATATTTGTTCAATCACAGAAACCATATTGATGATGTCTTCAGAAATTTGTAAGAAAGATTGTTGTGCTTCGCCTGTGACCGATTTTCCTTCGGAAACTCGGTCTTTTGTAATTCCTAATATTTTGTTTACTTCTTCTTGGCTTTTGATAATCAGTTCTTGAATTTCTTGCGCCGATTTGCCACTTACTTTTGCTAAGTTCCCAACTTCTTCAGCAACTACGGCAAAGCCTTTTCCTACTTCACCTGCGCGCGCAGATTCTATGGAGGCATTTAAAGAAAGAAGTTCTGTTTTTGACACAATATCATTAATGACAGATGTTTTTGCATGAATTTGATTGATAATTTCTGCAATATTTTGCAATTGATTGTTTGATTCTTGAATGGTTTCCATACTATTTACTAATTTTTTCATAGTTTCTTGGCTATTTTCTGCTTTTTGTGATGCGCCTTTGGCAACATGGGTTGACTGTTCTGCATTTTCAGAAGTTTTATTTACCATACTGGTAATTTCATTAATGGCTGCTGTGGTTTCATGCACAGCAGCAGCTTGTTCTGAAACAGATTCGGAAAGAGCCTTCGAATTTTGTTTTAAAGCTTCAGAAATTTTCATTGTGACTTCTGATTGTTTCTTTAAGCTTTCTAAGGATTGTTTTATAGAAGAGGTTATTGAATTAATTAAAAGAATAATACCAATACTAACTATAACCGCGGCTATAATAACGATTGTCATAGTAATATTAGTAATTGCGGTTAAAGAACTTCCCTGTTTCGTGGAGTCTCCAGCACCTTTTATGTTAAAGTCTGTTTCCTTATCCATTAGCGCAATAAATTGATGCAATGACTCTCTGCCTGTAGTATTATAGTGATCTAATGCTTCAATATTTTTTCCTTCTTTCAGCAACTTA
CP123622.1_gap38	1955180	1958599	3419	TTCGAATAGCAATAGTAATATACCTGATTTAAATACTAAAAAGTATGCATTAAATAGAGCGGTTGAAATCCTTCAAATGGTTAAAGAAGATGACCTAGTTCCTGAATTACTAGAGAAGCTTGCTAATTTTGAAAAACTTAGCAATGAAAAAAATAAAAACTATGAAGTAACAGAAATGGAGTCTGCTTATAATTATTTAAAAGAAAAAAAATATGTAGTGGCTAATAAAATATTCAAAAATATTATTGCAAGAAAAAAGATAAATAATTTAATGCAAGTAGATGCAAATATAGGTTTGTTAACATCAAATTTATTTATTAGTAATTCAAGAATATCTTCAGAAAATGCATTTGATAAATATATAAAAGATACTGTTTTAAAAATAGATGATTCTTACTCAAGGAATTTTTATCTAAAAAAATCTATTTTATTTTTAAATGATTTTGATTATACAAATTTTCTTAAAGAAAATGAGAAAAATTTTGACAAGTATAATTATCAAACGATTTTAGCTATGGGGAAAAATAAGCAGTTTGTAGAAAATAGAATTAAGTACATTGAAAAAGTAAATAATGTTGATGATATTTTAACAAAAACATATATTACATATGGTAAAATGAATTTAAAATTAAGTGATTCATATGCTCTTCTGTATAAATTTTATGACAAAAAGGATTTATATTTAACTGAAAATGATAAATTAAGAACAGAAGGAAAAAAATATTTATATCTATCTCTCTCTTATATAAAAGAAAAAGTTAGTAATGAAGATAATTTAGAATTATCTGCGTTAATATCGAGGTTTGATAAACGAAGGTTTACTGTGAATGTTCCTGCATCTATAGCAGATAAACAAGATTTTTTTGATATTTTAGAATATTTACCAAGTGCTATGAGTTTAAATAGTAAAATAGAAATTGGAAGGTTGTAATGAGAGTAAAAACTTTCTTTTTGGCAAGTATTTTTTTTCTAATAACAGCTTGTGAAACTCCAAAAAATAATGAAATTATCGTTGATTCAAAATTATTGAATTTACCAAATTATCAAACTTTTTTTTACTACCCAGAATCTACTACAAAGGAACAACGATTATCAGCTAGCAAGAAATATATTCCCAATGAAGTTATTGATTACTTAAAGAGTAATAAAGAATCTAGTTTCCTTGATATAGTTTCTAGTAATCCTATTTTAAATAAAACAATACCTAGCACATTAGATGTTATTGCAAGTTCTATAGCAGACATAAAAAGGGGTGACTATCAAAAAGCAATTGAAAAAAATAAAAATATTTTAAATATTTTAGAACGACAAAGGACAAAAACTTTAGATGAAGATTATGCAGTTTCTCCATTTAGGGAAGCAATGTTAATACTAGCTTTAGCTTATATGCAGGCAGGTGAGGAAAAGCAGACTTTACAAATTTTAGAAAAATTAATTATTTCATCAAACCATTGGACACCAGCTTATTTAGCTTTAGGTGAATTTTATTTTAGTAAAAAAGCTAATAAACTTGCTCTAGATGTAGCTGTAAAAGGAATCGATAAATGTTCAAATGATTTACTTTATCTTTATATTCTGCAATTAAAATCAGAAAGAGAAATGGGAAATTTAATATCAGCAAAACAAATTGTGAATCGTTTAAATACTCTGTATCCAAAAGACAGTAATGTCTTACTTTGGCAAGGGATTTTATATCAAGATGATAAAGATTATTTAGCTGCTTGTAATTCCTTTAGAAAAGCTTTTGAAGAAAATAGAACCAATCCTTATATTTCTCATAATCATGCATATTGTTTAATTCAAAGCGGACAGTATGATGAAGCTAATGAAATTTTAATGCTTGCTATGACCAATCATCCTTCTGTTCCATTTTTGTATTATTTAAATGGTTTTCTAGAAAATAAAAGAAAAAATTATTTATCTGCCTATAAGTCTTGGGAGGCATATTTAAGTATGATTAGTGAAAATGATCCAAATTATCGAATTGTAAATTTTAAACTTACCCAAATGGAAAATGAGAATTTACTCGATTCGTATCCAGAATTTTCTGGATTACCAGTTACATCTAATTGAAACTGATTGACTTTTTTAAATTAGATTTGTAATATTTTCCCACCAGCAAGCTCAATTCATAATTGCAGTTTTGAAATCAGAAGTAAAACTGAAATTAAGTTGCTTGCAAGGTGATTATTGATTTATGTGTCGATTCTCTCGTATTAGAGAACGCTCCTTGGAGGCATGTCTCATGGCTAAGAAGTTATATGTAGGAAATCTTCCTTTTAGTTGTACTGATAATGAGCTATCTCAAGCTTTTATTCAGTATGGTGTTGTAACTAGTGCTCGAGTTGTTACAGATCGTGAAACTGGAAGCAGTAAAGGGTTTGGTTTCGTTGAAATGGAAGAAGAAGGCGATGCTTTAAAGGCTGTTGAAAGCCTTAATGGTAAACCTTTTATGGGACGACCTTTAACCGTTAATGAAGCTAGACCTAGAATGGATAATAAACGTGAGGGAGGCTATCAACAACGTCGAGGATATAACGACAGAAATCAATAACTCAGTTTAAATCGGAAATTATTTAAATTAGGTGCTCCGAAGCACCTTTTTTTATTATACAAAATATTTTTCTAAAAATAAAAAATTTATTGCAGATTAATTTTTTTATTTTGAAAAATTTTAGGAAAAAATGCTTAAGAAAAACTTAAAAATCAAAACAATGGTAGTTCCTATTACAGTGGCAAGTTTGGATTTATTTTGGCTAGTAATTTCTCAAATACTTTCGTATTTGATTTATTTTAATAAAATTCTCAGTTTTTATCACATCATTATAAATACTTTTTTTATATTCACAGTTCTAATCCCTGTTTTAAAAATTTATCGATTATATAGTTACTTTATAAAGAAAAATTTACTTAGTTTAATTGAGAAATCTTTATTAGCATATGGAGCATTTTTTGTTATTTTTAGTACAATTATATATTTTATGAATCAAAATGAATTTAAGCTAAAATTTATTTGGCTTTTAACTCTTACTGTATTTTTAATGTTTATGTCTATGATATCGAGAGTAATAATATTTTTATTCGTTAAGTTTAAAAATAAAAAATATCTCAAAAATACTAAAAATATTATTTTATAATTTGGAAAAATTTCCTTTAAAAGCTCTTTCCCATGCAATTATTCCACAGACAGTTGATGAAATAACCCCCTGTCCTGGGAAGTAGTTGTCTCCAATTAAAAAGAGTTTGGTTTTATTATTAGGATGAGTGTATACATTAGGTATTGGATTTAATAAAGTATTGAGAGAATTCACAATTAAGCCCCCTACCCTTCCTTCGGATCTTTGGGTATAATATGCAAAAGAATGATGCATAGAAAATTCAGGAGATTTAATTTTAATATTTAAATTTTTTTCAATTCG
CP123622.1_gap39	2092038	2093788	1750	TTGGAATAATTTCAGCAAAAAGTACAATAATAACAGTCATCATACCCGTAACTAAAAGTATTTGAGTATTCCCAAAATGCGTCCGAATTAAATCGTCCACTAAAATTGAGGCGAAAATATTAGCTAAATTGTTTCCAATGAGCAACGAAGCAAGAACTCTTGAGGGTTTATTTAGCCAAAGATTTAAAACTTGTGCGGATTTTTTTCCAGATTCATACAAGTGTTTTGCTTTAAGGTTTGAAATACTAGTCGCAGCAGTTTCTGTGAGAGAGAAGAAAGCGGAAACACATAAAATCAAAATAACAAGAAAGATTCCAGCAAACAGGCTTTCCATTCATTGATCCTTTATTTGCTTTGAATTGTTGCCTTACACCAAGCAGGCTTACCCATTTCTTTTGTAAGTACAGCTTGAATATTTTTTTCTAGCTGAGTCATAACAATCCAAGCATTTTTGTTTCTTTCGTGATCAAAACCTTTTAAATGTAATATTCCATGAATAATCATTTTCTCAAGTTCTGCAGCAAACGTTTGTTTTGCTTTTAATGCTTGATTATAACAAATTGGTAAACAAATTAAAATATCACCTAAATATTGAAAGTTTGAATGTATAGGCAAATTTTCTGTTGCTGGGAAACTAAGTACATCAGTAGGGTATTTTTTTCCTCGATAATAAGAATTCGATGAGAGCATTTCCTCACTATCGCAGAAACGAATACTAACTTCAGTTGAAAAATCACATATCAATGAAAGAACATAATTGATTCTTTTTTTTAAATCAGTTTTATCATAATTAACTAGGAAGGAAGAATTTGTTACTTCAAAAATTAAATCTTTTTTCTTTTTTAAAATAGAATATCTTTTCTTATCTAGCATTACATTAACAGAAAACTTTGGCTTTAAATTTTTTTTCATAAATTATTATTCTTATTATTTAGCTTTAGCATTAAAACATCTGAAACCATTTTGGGAAAAACTGATGCAGGCTTCAGAAGAATCATATCCTGGAAAAAATTCACCATTTACTTCCCCTATAGATTGAGTTTGGGCCATTATTTTACCATTTTGAGGATTTATCATAAATATTTCGCCGTTACTTAAAGCAGCTAAGATTAAATTTGATTTTGTAATAAATAAACTCATAATAGGGGACATATTAATTGCAATTTTAGTTTTCCAATTTAAGCTACCATCTGTTTTATTTAAACTTATAACATAACCATTTGAAGAACCAATAATAATGTTACTTTGCCAAAGCTTTGCTTCTGCAACGCTACCTGCAGGATAACTCCAGACAGATGATTTTATGCCTGTAGAAATAAATTGAGTCATGCTTTCGGCATTTGAAACTACAATTCCATTATCGAGTAATAATGGAGCGGCAATAATACCTGAAAATTTATCCGACCCAGCAGGTAATTGATTTGCTTCTCTTTGGCTGTCAGAGGCCTCTGGTAATTGCCATGACCATAGTATGTGTCCATTAGTCGGATTTAAAAATAATATCATCCCTAAATCATTACCTACTATGAGTTGATTATTATACATTTTTAAAGAATTTGAAGTCAATTTTAAATTTAAATCAGGAGCTAATCTTACAGCCCAAGATAGTTTACCAGTATTCCAATCAAATGATTGAATATATCCGCTATCAGAAAGAACAAAAACACTATTATTTGTTACTATAGGAGTGCCAATAAATTTTGCTGAGTTTGTATAGACCCATTTTAAACCAGGAGTACCATCGAGTGCA
CP123622.1_gap40	2098340	2101804	3464	CCCAAGAATTAGGAATATACATTTGAATATATTCTTTCAGTTCTTCTCCATTTTCTGTGTAAATTGAATCTAAACATAAAGTAACAGCTTTGGAAACATGGCTGGAGCTTTCAATAAATTTAGCTATTCTATTGATCCAAAGTAAATCTATATCTGTTAATAGTTGTTCCTTTGTGATTTTTTGCATTTTTTTTAACAGAAAAAATGTTGGACGTCTTTCAAATTTTTTTCCGAGAATTATTCCTGATTGGCAACAACCATTGCCTGCTAAATGAACATGAAAATCGATTAACATGAGAAAAACCTAATCTTGAAAATGAGCGTTGGGATTACGAACAAATAATTTAAATAAAAAATAAAAAGTTATCATTATAATAACTCCTTCCCACCCCTCTAACTTAATAATTGGGTGGAAAGACACAAGTGCAATCGCAAAACCTAAACTGCTTAAAAGCCAGCATGCAATAAGAACCCACTTGCAGATAAAAAAAGCACGCCAAGATAGAAGAAAATTTGCAGGAAGAATTGATAAATGTTTTTTTAATCTATTTTCAATAATTTGCGAACGCCAAAAATGATAGTATAAAGAAATTATACAAAGCTTGCTAAAACCTAGCGCCAATATGTCTTTTACTCCAGAAGTAGTATATGATAAAAGTAAATATGCACATATAAATAAGGTCATAATAATGTTTGATGGTGTTTTTGGCTTTTCAAAGTGATAACATATATGTAAATATATTCTTGATAAAAAAATATTATATGCAATTAAAAAAATACTTATTAATATCAGAATAGAAGAAATTTCAAAGAAAGTAAAATTTTTTGAAAGTAAAATTTTTAAAGCTATACCTTCAGAAACACTTAGAAAAATTAAAAAAGTAACAGAAAAAATTAATACCAGAAATATTGAAAGTCTTTTTTTTAATAAATGTTGTTTTCTTTTGTAGTAGTCAGAACTTAGTTCTCTGATTTTGTCTTCCACTCTGAGAAAATCCTTTCGATATTATCTAACTTATTTTGTCCTAATGTTAATAATTCTATAAGTCGGTCAAAAGCGCCAATTTTATTGGCTTCAATAAAACGTTCATCTTTAGCAATATTGAAACTTGGTTCCATAGCCTCTTGTAAAGATATCTTGTTTTCATCTAGACTTTTCTTAAATGTTATTGAATAATTAGAAATATTGTAGAAGTCGCTTTTTTTAATTGAAATAAGATGTTGTTTTGAAAATACTACAAGTGCATTATTTGCTAATATTAAATCATTGATAAATTGCTCGAAAGCATGTAATTCCATATTACTACCTGATCGTAAACGAAAAAAAGTATCTTCAAGACTCAATACAATTAATTTGTTCTTGGGTAAAACATTATGAAAAAAATCAAATTGTTTTTTCTTGTTTTCATGATAAACTTGTTCAATATTTTTCATATAATATTTTCTAACATCACTCCAAAATAATAGTGTTGCAAAACTGTTTTCAAATAGAAAAGCAAAAGGATATTTAATTATTGTAGAGTTTTTTTCTAAGTAAAATAAAGAAGAAAGACATTTTATCATAAAAGCTATTACTTTTTGATTGATTTCTAAAGTGGATGAGCAATTTTGCCAAGCAATCAATTTACTGCCCACCATTCCTTTCTTTAAGGGCCAAATAGGTTCAAGCTTTTCAGCTAAAAGATGAAAAGCATTTTGTTTTAAAAGAATTTGTTCAAACCTGACACAATTGCATACTTCTTGATAAGGTGCTGAATTGGGGGTTGGAAAATTTAAGATATATCCTTCACATTCAGATAGATTTGGTTTTTTGTCCTTATTTTTACAAAAATTTTCGCTAATAAAGTCTTTCAAAGAAGAGTTTTTCTTACTAGCTTGATTTTTTTTGCTTTTTTTTACTACTTCATTAATTTCAAAAACAATAGTCTTTAATATTTGTTCCTGTATGAAACTCATGAATATTTGTCCCTTATGAATAATTTCAGATATTCAGGAAAACTCATTTTTGTGACGAGTCTTTGACGATCTAGATTAATAACCACATCCACATTAAACTTTAAACAATAATTTAGAAGTTTTGCATGAGTTTTTCTAGATGGAGTTCAAATATGAAAACGCATTGCTTATCCTTTCAAAGTATAAGTAAGCTATTCCTCCATTTTTGTTGGATTTGTCTATCAATTTACAATCCTTTTGTTTTTTCACAAGTGAAAACAGACAAAAATTGGGAAAATAATACTGTCGATGATCAGAAGGACATTCAAATAGTAGCAGAAAATGATATACCAGATAAACTCTCTGGAAATCAATTATCTGAACCTTTGTCTAGTAATCAAACAAAAATACCAGCTGCATTGATCAGTTTAGGCTGGAAAGCATCAGATTATGCCCTTATTGTTGAAAAATTACTACATAAATTAACAGTTTATCGTTCAAATTTTAATGGTGGTTATGATATTATAAAAAGCTATCAGGCTATTACAGGAAAAAAACAAGGTGATAAAAAATATGTAGGCGATAAAAAAACTCCAGAAGGAGTATATTTTATTACTGGAAAAATTACAGGTGGAAAATTACCTCCTAAGTATGGTCCAGGAGCTTTAACATTGGATTATCCAAATATTTTTGATCAAAGATCTAGTAAAACGGGATATGGGATTTGGATACATGGCGTTGAAGACGACACTAGAGTTTTAAAACCTTTTGATACTGACGGTTGTGTTGCACTCAGAAATCAAGATTGGAAAGATTTGGAAAAATATATTACTATCTTTGAAACTCCGGTAATAATTACCAATGAAATGTTTTACTTAAATTCAAACCAAAGTTTGTTAGAGGCAAAAAATCAAATTCATTCTTTACTCGATGCTTGGAAAAAGGCATGGGAAAATTCAGATTTAAATTCATACTTATCTTTTTATTCTGATACATTTCATACTTTAGGAAAAAATAAGAAACAATGGCTAGAATATAAAAAGATTATTTCTGCAAGTCGAAAAGGAAAAATAAGCATTGAAATAAGTGATCCCAAAATTGTTGCTTATGGAGATCAGCTTTTTGTCTCGTTTTTGCAACGTTACAAGTCTTCTGAAAAAGTTGATTTTGGTAGAAAATTTCTTTATTTAAAGAAAGAAAATAATGTGTTTAAAATAATTTCTGAGAAATGGTATGAAGAAGAGCAGAATCCAGAACTGTTGAGTGCATTAATAAGGCAAAATAATGAATACAAGTAGTGCGAATAAAAAAGGGAATTCGAGGAAATTTAATTTAATTTTTTTTATTGATTCAGAAAAAACATATCACTTTAAATTCAATTATATTTTACTTAAAATTTTTCTTTCTTTATTTTTAGTCATAATTATTCTTGCAATATTTTCTATTTTCATTTCAATTAATATTTACAAAAAAAATATTAGTTTTGAAAAATATATAACATCTGTAAAAAAAGAAGTTATAGAATTTTA
CP123622.1_gap41	2103502	2106760	3258	ATTTTTTCTTCAGATATTTCAGTAAGCCATTGCAGAACGTTGGCTCTAATGAACTGATGTTTACTTATATCAATATTATTTAGTTTAAAATTTTCTATTGCCCATTGAATGTAGGTATTGCTCATGTCAATTGTTGTAACCTTTTTTGCTCCACCTAAAGCGGCAGCTACACTAACTGAACCAGTATAAGCAAACAGATTTAAAATAGATAGATCTTTGCTCATTGAACGAATCATTTGGCGAGATTTGCGATGATCTAAAAATAGCCCGCAGTCTAAATAATCTGAGAGATTTATTAGGAAATTCATATTTTTTTCAGTCACAATTTCAGTTACTTTTTTGCTATCTTGTTTTTCGTACTGTGATAATCCTTTTTGTTTCTTTCGAGATTTTAAGAAAATTTTATTTTCATCTATTCCAAAAAACGCAATTAATTCTAGTAAACTTAATTTTAATTTTTCAGCATCTTTTTCAGCAAATTCAATTTGATAATTAGGGGTTTCATATTTATATAATACTATATTACCAGCATAAAAATCAATGGTATATGGATATTGAGGGATATCTTTATCATAAATTCTATAGGCAGTTATATTCTCTCTTTTTGCCCATTTACTTAAATTTGCATAATTTTTTTTAACTCTGTTAATAAACATTGATTCCATTTTATTCCAACTTTGAAATTTTTAAAAAAGGATAAGCTCGCCTTCTTCTACAATCACTTGTAGTTTTTCAGGCTCGACTGTAACAGGAGTGTCATTAATTTCAAGACAAAATTCAACAAAAATTCCAGCAACTTTTTCATATAAAAATGGGATGACTAGAACTGGAGCAGAACTTTTATAATCTAGGATATGATATTGCTCGGAAAGAATTGTTGGTACTGTTATTTCAAAAGACATACTTTTTTTCTTTAAAAACTGTTGTTTAGCTCGACCCATAATTTGGTTACAAAGTTCACCACACATATCTGAAATAGCTGCTTCATCTGCAACAGCATTTGGACCTAACATTTTAAATAGACAAGATGCGAGTATTTTACGAGTTACATTGATTGACATAGAACCTTTTATTTGAGGACTGGAAAGGCCAATAACTGCACTAATTTCGCTTAAACTTTCATTTCCTGTTTTTAAGAATGGTCGACCAGCTGCGATAGAGATATTTCCAATTGAATCAAAAATATGAATTGTAGATTCAAGAAATATTTTTAAAATATCAGGTTCAAATGCTCCGTAATCACCTTTATTTGGATTTATAGCATATTTTATTTTATCTGAAAGAAGCTTATATCGGTATGGCTTAACAAAAATGTAATTTATTCCTAAAGAACTAAATTTATTTAAATCTTCTTTATTTGGTGTTGAAGTTGTAATTATAATGTGTGTATTAGAGTGAAGTGGATTTTTTAAAAATGCATTTGCGATTTCAATGTAAGACATATCTTTAAAATTTTGATCAATCACAGCAACATCAAATTTTCCTTGTGATAAAATTTCATTCAAAGGCTTTGATTTTTCATAAAAGGTAGCCTCATGTCCCTCAATGCTTAAGAAATGACTTAAGTTTTCAATCGATTTTTTTGATGATTCAGCTATAAATAACTTAGCCATGTTACTTTCCAAGAGAATCTTCCATTAATATAAGAAAATAGTATACCTGTAATTCCATGTTAGTTATCCACTCTAGGTAAAGCATATTCTTCAAATAGTGACCAACAGCGCATATCTTTACTATAAAATGCCAACATTATTCCAACTTCTGACCAATATTTGTATCTTGCGTTCCAGTAAGTGTAGTAACGTAAATATAAATTAGATGTTTTACCGCTAACCATTGAATCTGGTGTAGGAAGAAAATCATCTATAAAGTAACATTCACCAGCTTGTTCTAAACGTAAAAATGGTAAATTAACTGGAGCAGGAGGAGGTCCTCTTACAACAGGAGGAGTGCTACAGCTATTTATTAAAAGAACAAAAAGAGTAAAAAAGACAAGTCTTTCTAGTCTTCTCTTTTTTGTGTATGTTGTTAAAAGCTGTTGCATTTATAACCCTTTCCCTCTGCACGCTTCATCGGAAAGGTTTGTAATTTGCTTAATTAATTAGAAAATTACTTATTTAACAGCATGACAAATTGCTGACTTTGGTCTTTAGAAAGGTGGAAATGTCGGTTTCATATAGACTCCCTGAAAGAAAAAAAAGAAATTTTATAGCTGATGATTTTAATCCTCTTGATAAAAACGATGTAAAATTATTGCTTAATAGGCTTGCAACAGATATTCCCACGGATTTTAAAAGTGCAGCGAATTGGTATGGACTTTTTCATGAAGCATCTTGTTCTATTTCAGAAGCACACACTATTCTTGAATTAAATTTAAGCTTTAATGTTAATGACAATTTAGCTGAACAAAAATTAATTGAATTTGAGGAACATATTTTATCGCAACTTCTTAATATAAGAAGTGAATTAATGGATATTTATATGAACTCTCCTTGGCGTTCAGCTATGCATATGTATGATAATGATAGAATTTTAACAGATTTAAAATTAAGGAGAAAATACACATCACATTCTATTTCTTCTCTCCAAATTGAAGAAAATCAAATAATTCGTGAATATAAAAAATTTACGCATGCTGCAAAAACATCATTTGAGGGAAAATTAACTCCTGTTTCTGCTATTATTGGAAAGCTTAATGATAATAATACAGAAATTAGAAAATCAGCTTTCTTAGCTTATTGGTCTTTTGTAAAAGAGAATGAAGAGCATTATCAAAAATATTTTGATGAATTACATCAAAACAGAATTAAGCAAGTTGAATCCGTCAATGCAATTAATTATGTAGATGTAGCTTTTGCTGAGTTAGGTAGAATTGATTATGGTATTAGTCAATGTCAAGAGTTTCGGAATTCAATTTATCACGAAGTTATTCCTATTGTAAAAGAACTTTCAGAACTTCAAAAAGAATCTCTTAAAACTAAAGATATTTCTCCTTGGGATGTTTCAATATGGCCGACTTTAATGCCAGAAAAAGCTCCTGCTAATGGAAATTTAGATCAATTAATTCTTTCTGTGCAAAATATTTCCTCAAAAATTCATCCATCATTTGGCAAATTATTTAATGAAATGAGGAAAAATAATTTGTTAGATATTGGACCTAGACCAGGAAAAGCTCCGGGTGCATTTTGTGTGACTTTTCAAGAGAGTGGTTACCCATTTGTTTTTGCAAATTTTGGAGGAAATTTTCGTGATTCGATG
CP123622.1_gap42	2215701	2218890	3189	AATACGATTAGTTAATCCTGGAATACAAACAAGTTCTCCATTAAGTAACGAATTTAAGCCTTGTTCAGCAACTTCACGGGCAGACATGCCCGATGATTTTTCAATGATATTTTTATCTGAAAGTTCTTGAATTTTTGAGCGCGCTCGAAATTCAGTTTGAGTAATTCCAGGACATAAACAACAAACTTTAATACCAAACTGTTTATTTTCATGGGCAATTGATGAGCTAAAGGAAAGAATAAAAGATTTGCAAGCTCCATAAACGGATTGATAAGGAACAGGCGAAAAAGAATAAACCGATCCTACATTTAAGATAAATCCAAATTTATTTTTTTGCATATTTGGTAAGAGAAGTTTTGTAATACTAAGGGTAGTATTAACTTGAAGTTGAACTAAATCTAGCTCTTTTTGTAGATTAGTTTCATGAAATCCTCCATGTATTCCAAAACCAGCATTATTTATTAATAAATCTACAGATAAATTATGTTTTTCTAAGAATTGAGCAATAACTTCAGTGCAATTTTGTTTAGAAAGATCAAGTGCAAGGGGATAAATTTTAGAACCATATTTATTAGATAAATTTTCTTCTAATTCTGATAGTTTTTGCAAATCTCTGGCAACAATAATAATATCATAACCTTTTTCGGCTAATAAATTTGTAAATGCGTATCCAATACCACTCGAAGCACCAGTGACAAAAGCTAGTTTTTTTCTTTTTACATTAATCACACTATTACTTATATTTTTCTTAAAAAAGTTCATTTTATTTTATTATTCCTGACTTATAAGTATTGAAGTATTCATTCTCTTGTGTCTTTATTTGTTTCGCTATTTGATTCACTATCTCTCCGCATCCCTCTCTACCCTCTAAATTTGTTTGAGGTTGGATGAGTTTTAAATCAATATAGAAATTTGAATTTTTTAGTGGGTAATTTGAGTAAGTTTCTTGCTTATCGCCTCTAACATAAATGCAAAGAACCCTACAATTAGGAACATTTTGAATGATTTTTCCAACTCCATAGGTCATTTGCTTTTCTTCAAATTTTCCAGTCCTACTTCTTTTTCCTTCAGGAAAAATAGTAATAATTTCTCCTTTTAACAACAAATTTTTGCAAATTGAAAGAATTTCATTGTGATGTGAAGATGATGCATCTCTATGAATAAAAATACACTTAGCTAAAAAAGCAATCGTCCGAAAATGCCATTTTTTTCCAAAAAAATCTCCAGCTGGTAAATTCCATGAAAAATATTTGTAATTAAATTGATACCAATAATTTGGAGCAAGAGCCCAGATAATTAAACAAGAATCAATAAAGGTTAGGTGATTAGCACAAATTACTAATGGTTTATTTTCTTTTATAATTTCTTTAAATTGAGTACGAATTTTTTTTATATTTTCAATTTTGTATTGCATAATAAATTTAAAGATAAATATGATGGAATAACAAAAAGGTATTAATAGTAAAAAGCTTATTGACTTTTGGAAAAAAAGTCTTTGATCGGTATACGAAACAATGGGTGGAGATTTAATTATCTCTTTTTCACTGGTTGGAATAAATTGTGTCGATGATTTAGAATTTTCTTTTTCTAGCATCTAAAAAGTCCTCCTTTTATTGCATTGGTTATATTATTTGATCTATATATATGAGTAAATATGCAAAATTAAAAAAAAGTGGAAGTATAGATTAAAACAGTATTTCATTTTGATTACCTAAAAATAAAATGATTTTGGGACACTGATTTAAGTCTTGATCTTAAAATGACAATATGATTTTGTTGATCGTTGGTTATGTGCATCTTACCTTAAAAATTTGGCTAGCATAGGGTTTTGCTTTAAATGGATAAAAAAATTTATAAACAACTTATTTTTTGTGGTCTTTCATTTAATTCATTAATTTTAATAAGTTGCGTTTCTCAGCCCAAAGTAAAAACATTTTCCCAAACTTTTTCATGTCAACCGGATCCTTCCTTGTCAGAGAAAAACTACCCTCTTTGTCATAATACAACTGAGGATGATCAATTTTGTCAAATAAAACTAGAGAATTTAAAACCAACCCAGTTCAATTTTGCCGAGGATTATGTAAAACATAATTTTAAGTTTTTTGCCAATAAACCTTCTGAATATCAAAGTTACTTATGCAAGAACCCAATAGATATCGTAATAGGTTCAAAAGCTGACTCAGGATTTTACATAGCAGATGGGCATCATCGAGTAAAAATAATTGAATACTTTCGCAATAATCTTTCGACAGATTTTACTATAACAGCAAAGGTAATCAAAAATTATTATCTGGTAAGTCCAAATTTAAAGCCAAATGAATTTTGGAATTCAATGCAAGTCGATAATTTTGTTTATCTCAAAGATAAAGGTGTGCAAAAAGAGCCGAATGATCTTCCTAAAACTATTTCAGATATGACTAATGATCCTTATCTTTCACTTGTGTCTTATATTAGAGATGACAAACAAAAATATTGTTTTGATACGCAATTGTCATCCTTTCAAAACTATGGGGAACTTCATTGGGCAGAGTATTTTAGAAATCACAAAGGCTTAGATGCTTATAATGATAATAAAATATACAGTTACTATAAAAATCGCATTATATATTTTGGTGGGAAAAATGCCGAGAAGAAAAAAAATATTTGTAAATCATTAGAAGCGGCAAACTTACCAGGATATTTTAATTCCAGTAAGTCAACACCTACTTTAGTTATTGATAGTTTTGGTGCAACAGGGGAAGTTAAAAGTTTTCGAACAATGAAAATGTTAGAAAAAGTTCAAAGTATAAATCATCGAGGATTAAATAAATTAAAAGCTTCAGGCAGTGGGCAATTTTCTGAAAATCAATTGGCTTGGATTAAAATGAATACTGCTGAAAATTTAGTAGTTGTAGATTTGCGACAAGAATCGCATGGTTTTATCAATGGTAATCCTGTTACTTGGACAGCGCCTTTAAATTGGGCAAATAAAGGTGAATTAAAAAATAATATAATAGTTGATGAGTCTGTCAGACTGAATGAACTTTTATTTCAAGATCGTATTGCTATACCAACTGCAAGAAATTATAAAATAAACAATTTTAAAATATCTGATTTTGTTAAATTAGAAATTCAAAGTATATCGCGTGAAGATGAATTAACAGAAAAAAATAAAATTGGTTATTATAGAATTACGGTTTCTGATCACTC
CP123622.1_gap43	2220523	2222460	1937	TAAATATTTCTTAAATTACTAAAAACGGGTGATTTAGCATAAATTTCTTCAAAACGTGTATAACCACACTTTCCTTTTTCAGATCTTACTAGAATTATAACTTTTTTAATTTTTGGAATATACTCTAAGAGCATGGATATCCAGACTTTACTTATAAATCCACTCCCTCCAATAATTAATATTGTTTTACCTTCTATAATACGATGAATGGAGAGATTAGATATTGTCATATATGGTACCCTTTCTTGTACTCAAAATCCTCTGAACAACATTGAGCTGATATTGATACATATGTGGAATGTTTCATTTCATTTTGCACAATGCTGTAATATACAAGGTTGTCATATTGCTATGAGTCTTTCAAGCTTTATGTTTGGTATTCTTAAAATTGCCAACTTCCACCAAGATTGATGTATGGCGCAATCCACTGACGTTGCGGAAGATCTGCATCGGAATTTCCAGACTGAGTAGTATTAACTGTGCTAGTAGATACATCAATTCCTAAACTTGTAAGTAAACTAAAACGTCCCGATTTTGTTCCTTCTGCAGATTCAAATCCACCAGTAGCAGCAATTCTTATTCCGAAGTTTTGTTCTGTTTTTTGTAAGGAAACATTATTATAATTAAAACTAAAATTATTTTGAAAATAAAATGGTTCTAAATGTGCATAGAGTCTAATAGGTGCACTTAAACCAGTTTGCTGACTGCTCCAATTCACAAGTTCTATATCAGCGGGAAGAGATACTTGATAAGTCGGATACTTTTGTGACTGTCTATAAAAGTAACTAGCATTATCATTAAAAGTTCCATGCGAATTAGAATCTTTACTAATTGAATTTTGATTATTTGTCGTAGCATTTCCAGAGAAAAATGCACTAAATGAAATTCCTTGAGTATAAAGAGAAGTAATTGTCTGAGAATAATTTATTTTTGTAGTAATTCCTTGGCTAGTAATGCTTATTCCATTATTATCATAGTTTAATCTACGATATCCAATTTGTGCGTTCATAAAAATTTTATTGTCGACATCGCGTAATATTTGGAATCCACCAAAAGCATCGATTAAATAAAAACTTCCGCCTTTCCAATTAGGATCCCAATATTGTCTAAATGGTGCATAAGCCATTCCAAAAGCATCTCCACCAAGAACAATTCCTCTTGTTAAACCTAAAATACATTGTTCATAACTACAGAAAATTTCTGCTTCATCAGGATAAGAAGAAGGAGATAAACGCATAGCGGATAATGAACGAGGACGAGCATTTACAAAAGGTGAAATACCTTCAGAATAATCTGGAGATTGTTGATAAACAGGTCTTCCATCGTTTTGGGCAAATGCTTCAATTTGTGTACCTCCCAAAAATGTAATTAAACTGACATATTTTGCAAATTTTACTTTGTTCATATTTTCCCCTATCAATAAACTGCGATAAAACTATCTTTCAGAGTCAATTTCTGACTTTTCAAAAAGTCTTTATACAGGTATTTTTTCAGAGTAACAATTTATATACTAAACATTCATAGTGATTTTAAAATATGCCGAATGTTCATAATTGTTGTTAATTTGAAAATGATATTTGATTGTGTCATATTAACAAAAATGTATATTCGGGCTTAACACGGAGGTTATTATTGAGTATGCTGTTTTCCTTAGATTATTTTTTGCAACTTAATCTTCCTAATGATGTTTTCCCATTTATGATTGTTTTTTATTGGATCATTTGTGGTGCAATAGTTCAATCATTTTTTATAAAAATTGATAAATATCTTCCAAATTCAAATTTTAGTCATACTATAGAAACTAGTATAACAAGAAGATTGTTCTATTTTATATGTGGTGGAGCAATATTACCAATGCTAGTTGCATTATTGCCACCAATTTTTGCACTTGGTTATTTAGCTAAAATATTAGAAGAAAAAGAATACAGGAAAAAGAC
CP123622.1_gap44	2224132	2226820	2688	CAAGATTAGTATTTGATTTTAGTAACGGCTGTGACCTTTCTAGTTATCCAAAAAGTAACGGAATATTTGAATATTTATTTGATAGAGAGTTACCAAAACATGTAACATTAATTTGTGCTTTAATTCATAATAGAATATATCCTGACGTAGAAGTTACTTTTTCAATTAGTGAAAATGAAACATTTATTAATGGAATGTGTAATGCTGCCGAGTTAACTTATAGCAGAACTTCTGTTGTGCTACAAGAATTTTATAATACCATTTTAGTTGATTTATTAGGTTTTCATGTAAAAAATAATAAAAGAGGAGTAACAAATTCGCTTCGCTTGCCAAAAGAAGAAGAAAAAGATTTTCAACAAAAATTTGTACCTTTCTCGAAAAATTACAAGAATATTGCAAAACATCCTGCCATTAAAAATTCATTCCATGTAATAGATTCAAAAGTTGTAAGATTAGATTATGGCGAAAATTGTTTTCCAACCGCAAATTTTGTAAAAGCAGCAATATTTGAATGTTTTGTTCGACAAAATATTTCTAATTCTGAACAATTGTCTGAATCAGAAATAAAAGAAAATATTTCCTATCGTTATGGTTTTCAGGAACTAGAAAACTATTCTTTGCATTTAGCAAATGGGGTGTCTGCATTATTTGCTAATATAGCAGAATATTGTGCCTCAGAAAATGAATCTTTGATAATCCCTACTGGAAATTATGGTTATTTTGAAGCTACAGCGCTTTATTTTGGTGTAAATGTATTGCAATTAAAAACTAAAATAGAGCATCAATATAAAATCCAAGCTATAAAGTTAAAAGAAATATTAAGTACTGAAAAAAAGAAAAGTTGGATATTTTTAAATATGCCAATTGTAAATCCTACTGGTGCAAAATATTCAAAGCAAGAAATTATTGAAATATTTAAAGTTGCTGAAAAATATCAAGCGACAGTTATTTTAGATACAATTTTTTCTCAATTAGAATTTCTAAAAAAAGAAACATTATTTGACATATCTTCTATTCTTAAAAATTATGCTCCAAATTTAAAGTTTGTCTTATTAGGAGGATTATCAAAAGAATTATCTGCAGGTGGATTGCGAATAGGATATGCATTTACAAATTCTAGTACAGCTAAAAATGCTTTTGCACGCAGTATACAATATCCTCTTCCTAAGACAATTAAATATGCTATTAAAAAAATCTTTTATTGTTTAAATAATCAGATCGATGAAGTTAATCATCACTTCCAAGAGCAAGCAACTTTTTTGAAAGAGAGAGCCGAAAAATTAAGCCATATTCTTTCCATGCATGGATGGGAACCACTCGATTCAAAGGGTGGATTATTTATCATAGCAAAACCTACAAAACTAATTGGAAAAAGTGCCTCTATAAAACTTAACAATAAGACAGAAAATGTTACAATAACCGGTGATAATGTGCATGAAGTTTTATTTAATTTAACGGGTTTACTTATTAATGGTGCTGAATGGACAGGCATTTCGAGTTATTGTCGGTTTGTATTATCTGTTTCAGAAAGTGATTTCGAAAAGGCAATTGATAAACTGAGATTATTTTGGAATGCCGTTAATCGGGAGGAATAATGGCTCAAAAAGAGATTGGTGAGGTTTCTATTGATTCACTGCTAACGGAAAATAGAAAATTTTTACCATCTAAATCTTTTGCAGAAGATTATATTATAAAAGATTTTTCAACATATAAAAGAATGTATAATGCGTCCATTAAAAATCCGCAGAAATTTTGGGAAGGAATGGCTACAAAGCATTTAATTTTTTTTAAAAAATGGCGAGCTATTCATAAATGGAAAGATTGTAAAGCTGAATGGTTTGTTGGTGGTACTTTAAATATTTCTTATAATTGTTTAGATAGACATGTATTTAGTAATAAAAATAATAAAGCTGCAATAATTTGGGAAGGTGAACCTGGAGATGTAAGAACAATAACTTACCAACAATTGCTAATGGAAGTTTCTAGATGTGCGAATGGGTTAAAAAGTTTAGGTCTTGAAACTGGAGATAAAGTAGCAATCTATATGCCGTTAGTTCCTGAAGCTGTGATTGCAATGCTTGCATGTGTTCGTTTAGGTCTTGTGCATACTGTTGTTTTTGGTGGATTTAGTAGTAATTCTTTGCGGGATAGAATTCAGGATTCAAATTGTAAATTATTGATTACTGCTGATGGAGGTTTTCGAAAAGGCAGTACAGTAAAAATGAAAGACATGGCTGACGAAATTTTAAAAGATACCCCAAGTATTCAAAATGTTCTCGTAGTTAAAAGAACAAATGAAAATGTAAACATGAAAAAAGGTCGTGATCTTTGGTGGCATGATCTTCTTACGAAACAACAAAATTATTGTGAGCCAGTTCCAGTACCTTCTGAGCATCCTGCATTTATTTTATATACAAGCGGAACAACTGGAAAACCGAAAGGACTCTTACATACAACCGCTGGATATTTATTAGGGGCTACAGTAACAGCAAAATATATTTTCGATATTAAAGATTCAGACATTTATTGGTGCACTGCAGACGTAGGTTGGATAACTGGACATTCGTATGTTGTTTATGGACCATTAAGTAACGGAGCTACAATTTTCATGTATGAAGGTGCTCCAACATTTCCTGAGCCAGATCGTTTTTGGAAAATGATTTCCAATCATAAATTAACAATTTTATA
CP123622.1_gap45	2295914	2297707	1793	GTATATGTTTTTAAAAAATCAGTAGCAATGCTTTTTGATAACAATTTTAAATCATAATATTCTTTTGATAATTCTTCATTTTTGAATTGCTTATTTTCATGAATATAATTTTTAATTACATTTTCTTTATTTTCGTTTTTATCTGTTTTTTTACTGCAATAAACGTTAAAAAGTGCCACAGATGTAAGGAGAAATGCTTTAATAGAGTTATTCATTTGTTTTATCCTTTTTAGCCTATTTTATTTTTAAAAAAATCAGAAATTTTTTGTAAAAATGTTGGTTCATTTTTAAGATCTTTACTCATAAAAGAGTCACTATTTTTTAAATACCATCCGGTAAAAATATCATTATCATTAAAAATAAGAATTTCGTCGCTCAAATTTAAATTGTATTCAGCGGCTATATCCTTAATAATTTGAGGGTTATTCTCCGCTGCTTTGATAGAAATTAAATGTTTAATATTTTCTTTAACTGCAATTCCTATGTTTTCCTTTGTTTTATAATATAAATTATTATTTTCAAAATAAAATTCATTAATTTCATCATCAACAAGATCTAACGGATTATTATGAATAAGAGCATTTTCTTCATAGGGCATTGAATATAATTCTTTTCTCACTGGGTTATAGAAATAGTAATATTTAGTTGATTTCCCAACAATTACTAAATTTTGATTTAATCTGGTATACCTAGTGTATTTTCTTATTCCATTTTCCACAGGATTTGGTGCAATTATTTTATTATTATCAATTTCAAACCATGCTTTTTTATCTTTTACTTTATCGTAATTATCAATTTCAATGTAACCAGAAGGTTGAATTTGATAATTGATATTCTCTTTTATAACCTGTTTAATATCATTATTGTAATTATAATCAATGATCATGAGTTTAAATGTATTTGTATTTTGATCAAATTTTCTATATACACCATCGTGAGTTAAAACAATTAATTCTTTTGGAAATTTTTTATCTATAAATTTGATTGAAGTTTTCCCTATTTTTAGCTCATTTTCTAATAAACTAATATTTTTTTCTGTATCTTGGGCGTCTATAAACCATTTTTCCGTTTGACTTGAATTTATACTGTAATTCGAATCATTCGATATTTTTAAATAATAACTACCATTGCCGCTAATAAAATTATAATGAATTTTATTTTTCCAATCTTGCGGATAAATAGGTGAGAAAAATGAATAATCACTATCGCCAAGAAGGAGTTGAACAGTCGTTGGTTGAAAATCAAATTTCATAGAACGAATAGCATACTCTATTGGATGTGGATTAAAGAAAGTTAGCATAAATTTGAAATTTTTTTCTTGAATCTCTTGTAGAGCACTGAATTCTGATTTTCCAGTTTTACTTATAATAAATGGTGTATAATCAAATGTGTATGATATATATGATTCAGGTACCATTGGTAGAATAATAGGTGCATTTTCTATAAAAGGTATTTCTTTTTGCGAATCAAAAGAATATGCTTCATTTAAGGAAATAACTCGCTGTTTATCATTTGAAGAAGTTGGCTTGTCATCAAATGGATGTAAATTAGGAGAGTTATAAAAAGTCCCACCATACTCTTTCCACCTAGTTGTTTCATAAAGATAGTGTGTACCATAGGTAATTTTTACTTTATTTTTTTCTCTCAAATTTAATTCTTTAATTACTATATCATGATTTTTTGCGTTTTGTTTTAAATGTCCATTTTCATCCTCAATAAAGTGGTAGTCTTTATAGGCAAAATTATTAATAGGTTTTATTTCAATGTGTGAGTTAAATGTGGTTCTAAAATCA
CP123622.1_gap46	2299755	2300666	911	AAAATATTTCTTGGCTCAATAAATGAATTTGGTTTGTCAAATTTTACTTGGAAAATTGCGCTTTTATTATTTTGAGCGTCTTCTTTTTTAATGAGTAAAGAATTATAAAGATTATACTGCTTTTTTGCCTCTTTTAATTCAATAGAAATAATATCTACGGGATGAATTTCTCCTGCTGAAATTTTATACTTTTTAATATTGTAGTTTAGAATTTGTCCATCTTGTTCTAATTTGTAGGAACTAGTTTGTTTGTTATGAAACCATGAATTTACTTCTGAAGCAATTGTTGGTACTAAAACATGTAAATAGTATACAGAATCAGCTCCTGTGAATTTAGTTAAAGCATCATTAATTGAAAATAAATTTGCTCCTTTGGTATCGCTTTTTACTGGAATAAATTCGCTCTGTTTGCTTATAAAAGTATACAATTCATTATTATTAGCTGTATTTTCAATTATGGCATAATTTGTATTGAAGTGAGTTTTTTCTAAAACAAGATCTGTATTAGAACTTAAATAAATTTTAGATTTTATATTATATTGTTTCGTATTTTTATAAAAATTTTGTAAATATTCATTTGTTTTATTCATTCCAAGTCTATGATTATAAGTGTAAATATTTAAAATATATTGTTCATTTTTTTGTAGAGTTTCTTTTGATATTCTATTTATAATTTTTAAGTCAGGGTCTTCTCTTCTCATTTCATTAATGTAAACTTCATTAAAGGCAGAATTTTTTACATTATTAAAACCATCTTCTGAATGTACGGCATAAAATTTTTTAACTTGTTTTTTACTTACATTTATTAATTCAGCATAGGAAGCGCCAATTATATTTTTATTTTTAGCATGATTTTTAATTTTATCTAACGCAACTTTGTATCCTCTATAAGCTTCAGATTCATTAGATAA
CP123622.1_gap47	2312743	2315729	2986	ACTCCAGTTATAGGTTTGGATCAATTTAAACCAGAAGACAGGCCTCCTATTGGAATTACTTTTCAAACATATCACATCATGATTTCTTTAGGGATGTATATGTTATTTATAACTTCGATATCTTTATTGTTACTTAAATTAAATAAACTTTTTTCAACGAAATGGTTGATGAAAATATATACTATCTCTGTTCTAGCACCAATTATTGCAAACCAAGCGGGTTGGATAGCTACAGAAGTTGGAAGACAACCTTGGATTGTATATGGTTTAATGCGAACTCCTGATGGGTTATCAAAATCTGTTAAAGCTGAAGAAATTTTAATTTCAATAATACTTTTTACGATTATTTATTTGTTACTTTTGTTTGTTTGGATTTTTGTAATTAATAACAAAATAAAGCATGGTCCTGATGATGAAATAAATGCAAAATTAGGAATAAATAAGTAACAAGAGGTTAAAATGGATTTACATATTTTTTGGTTTATAACATTAGGAATTCTCCTTGCAGGTTATGCAATTTTAGATGGTTTTGATCTAGGTGTAGGTATTTTACATCCGCTTGCTAAAACTAATCATGAAAAAAGATTATTTCTAAACTCAATAGGTCCTTTTTGGGATGGCAATGAAGTTTGGCTAGTTACATTTGGTGGTGCTTTATTTGCTGCTTTTCCAGATGCATATGCAACAGCTTTTTCTGGTTTCTATCTTCCATTTATGTTGTTACTCTTTGCACTAATATTTAGAGCTGTATCTATTGAATTTAGAAGCAAACATGAATCTCAAATATGGCAAAATTTTTGGGATTGGAGTTTTTTTGCTGCAAGTGTATTAGCTACTTTTTTGTTTGGAGTTGCAGTAGGCAACTGTCTAAATGGAATTATTGTTGGAGCAGATAAAGAATACGCTGGGACAGTATTTGATTTACTTAATCCTTATTCAATTATAACTGGTATTTTAGCAATATCTGCGTTTGCTATGCATGGATCAATATATCTTTATTTAAAACTCGAAGGTGAATTAAAAGAAAGAGTTCATCGCTGGATTTGGCATACCTTTGGATGCTTTATTGTTTGTTACATATTTACTACTATTTATACTTTAGTTTTCATTCCAAGAGCTTTACATAATTTTGAAGAACATCCCTGGCTTTGGATAATCGTGGTTATTAATGTTCTTTCAATTGCAAATATACCTAGAGCAGTTTTCTTAGGGAAAGCTGGTTATGCCTTTCTTTCTTCCTCTTTTACATTGCTAGCTTTCACTAGTCTATTTGGGGCTGCTCTGTTTCCTAATTTAATTACTTCTAGTTTATCGGCTGAATATAGTTTGACTATTTATAATTCAGCATCTTCAGAAAAAACTTTATTTATTATGCAAATTATAGCTTTTTGTGGTATGCCTTTTGTTCTATCTTATACGGCTATTATCTATTGGGTGTTTCGCGGAAAAGTAAAGTTAGGTAAATTTAGCTATTAATTACTTTTCCTCTTGTATTTTGTTGTGATCATAAGGGCAATTTTGGCAGCCACATTTACAGCAAAAGCCTCTTTTTAAATGATATTCTTTAGTAAAAACCATATTTCCATCTTCGTTAATATAGTAATCAATCTCAGCAATGAGTTCGATTTTTTTTTGTCTAAGCATAGGATACTCGCATTTAAAAATATATTAAGTTGGCAAGATAGTTTTATTTTATAATCACTACTGTGATTATAAATATATAGTAAATAAACAGTAAAAGCAATGCCTTAATAATAGATTAGGGGAGAATGAAAGTACTATCCAAATCTTATTATTTCTTTTTTTAAAAATTAGATTTTAATTTTTAGGATATGCAATTTTAAAATTTTAATATTTTTAGAATAGTATGAAAAAAATAATAATTTATAGATTTTAAAAAATTTAATAATTAAAGATATTTACTCTTTAACTCCCTTTCATGTATAATTTATAGCTGAAGTTTACTAGCCAGAATCGATAGGAAGAAATTTGCAACTCGCTTTTGATGTGTTAATTACATTTTAAGTTTTTATGAACAAGGAAATGCTTTGTTCAACTTTTTAACGCCGTGGAGTATATCATGACCATGCTCAAGATTCATAGTCAAAAGTGGTTAAGTGAAGTCGAATTATTAGATTCCGATTTAGAGCCTTCTGAATTTTTAAAACCTGCTAACATAGAGAAATTTTTTGCGGGTATAACGGATTCAAATGCACAAGGAAATGCAAAAAGAGGGATACTAGACGAGATATCGAAAGGTTTAGAAAATACTGTTTCGTGGTTTTTATCGCAAATGCCTCCCCTGTATCTGTGGTCAACCTCGCAAAATGCAATAATGGATGACATACTAGAAATAGTTTCAGGCAAAGTTCTTGCAGAAAAACAAGTTGCAGAAAGATTTTCTGCTTCTTCACAGACAATTACTTTAATCGCTCCCGGCGAACATTCCTCAGCAACAGTAAAAATAGCTTCCCTTTTATATCGTCATCATGCTAAAAATGCTAGATTATTTAACACTTTGGATAAAAAAATTGGTTTATGTGAACTTTACCAAGCTCCTTATAACAATTCTTCTACTTGGGAATCTAAAATAGCCCAAGAAAAACTTGCTGCATTAAAAACAATTTTAGCAAATAAATCCAAAATTATGGTCGACGCCTTTATTCAATCTTTGGACAAGGATTATGTTGAAATAGCAACTGTAAAACAAATAGCTATTGCTTACGAAGCTGTAAATTATAACATTGAAAATGAAAATACGTTTGTAAATTTAACTACTATTGTTGATGAGCAAACAAAAGATGCGCGTGTAAGGGTAGATATCTGCTTAAAGCATTTTCCAGTCAATGCAGCTATGGAAAATATCATTGGTATTTTTACTAGATATAATTTTCAAGTGAGAAGACTTCTTGCTAATGAAATAAATATGCCAAACAATCAAAAATTTACAGTTCTGCATCTGATAGCGGCTAGTCCTACTGGCGAA
CP123622.1_gap48	2323579	2328088	4509	TTCATCATAGAGTCAAAAATAATTTATCTATTTTAAATGCACTATTTGATTGGAAAATTAGAGAAGCAAAAAACTCTGAAGTAACTAGCACTTTAAAGGAAATGAAAAGTAGAGTTTCTTCCATAAGTTTACTGCATGAATCACTATATCAAGAAAATAACTATGGTGTGATGGATTTAAAAAAATATATTCAAAACTTATCTATATTTACTAAAAGTATATACAAAGATACAAATAATCTTGATATTAAAATTAAAATACCAACTAATACGAAAATACCTTTACAACAATCACTTCCATTTGGTCTAATTGTTCATGAATTTATAACCAACTCTATAAAATATGCTTTCAAATCTATAGAGAAGCCACTTATTACTATAGAATGGAATGAATCTGATAAAAATGTTCTTTTTTCTTTAAGTGATAATGGTATTGGTTGTGAAGATTTATTAAAAGATGGAAGAAAATCTATCGGAATAGAATTAATAAAAATGTTAATAAAACAGTTAGATGGATTACTTGAATGGAATGGAGAAAATGGGGTTAAAATTGATATAAATTTTTCTAAAAGGAAATGTTCATGGTTGGAAATGAAACTATAGCGAAGAAAAAAATATTAATTGTGGAAGATGAAACAATACTAGCAAAAAATTTAGAAGATATTTTAACAGATTTAAATTACCAAGTTGTAGGGATTGCGGATAATTCAATGAAAGCTATAATGCAGTTTTTTATGCATAATCCAGATTTAATTCTAATGGACATTCATTTGAAAGGTCAGGATGATGGCATTAAAACAGCAGAAATAATATTAGAACAAAAATTAGTTCCAATCATATTTATAACTGCAAATCAAGATTCAGCGACATTTAATCGAGCAAAACTGAATGGCGCTTATGGATATGTTTTAAAACCTTTTCAAGAAAGAGAATTGCAGATAGTAATTGAAATTGCATTTTCTCAATTTGAGGATAAAATTAAAATATTGAAGTTAGAAAATCTTATTAGTGATGTTGAACGATTAAATGCTGTTGACACTTTTGCATCTGGTTTTATTCATGCTATTAATACGTCATTAACACAAATTTTTATGGCTTATAATACATTAAAAAATGAGCAAGTATTATCAACAAATTTAAACGTAATAACAGCTTTAAATTTAATAGATACCGCTTCTAATTCAATTAAGTCTACCGTAAAAAATTATAACCACTTGTTAGATTCTTTGGAATTAGACGCTCCTGTTAGTTTTTCAATTTTTGAAGGTTGTAAAGAGGCATTGGATATTTGTAAATATTATGCTCTTTCAAAGAAGGTGCTAATAAAAGAACTAAAAGGTTCAAAGCAAACTTATATTTATATATCAAGGTCAGTTTTATTTTTATCGCTTGTTAATGTAATCAAAACAATTTGTGATTTTATTCAAAATGATTCCGATTCATGGATTGAGATTAATTGGGAAGAAAATACTATCAAGGATGAAAGAATAATAAAAATTTCGTTTAGTGGGGAGCTATTAGATTCTGAAATGCGGAAAAATATTTTTAATCCTCTCTCAGATAGTAGTGAGAAAATAAAAATAAATAAATTTGCTTTGGTTACAACAAAAAATTTACTAGAAAAATGTCATAGTGATTTATTTTTTGGAACAGATGAAGATATAAATTGTTTTGCAATTAAGGTAAAAATTCTCCAAAAAAATTAGTTCAATGGTTAATGTATAGTGAATTATTCTTTATTATTAACTTTTAAAATTTAACATAGCTATCAATTTATATTTTTTAGATAAATTCTGTTTATTTTATAATAAATTTATTGACTACACAGTCAAAATAACTTATATATAAATTGTTCTTTAAAACAAGTCCTTCCTAATCCAGAATTCTTATATATATAAAGTAGGTGATACCATGAATATATATACAATCATCAAAGTTTCTATTGCAATTTCTGCATGTGGGATATTTATTTTAACAAATACAAGTTTACTAAAACCAATAGAAGATAAAAAGATAGAAAAATCTTCAAATGAAAAAAAAGTAATTAAATATATTGTTAGTAAAAATTCATATTTTTAGTAAATGCAGAGGAAATTGTATGAATATCAGAACATTTTTTATTTTAATTTTATTTTTTATTTCTTTGTTTTTTTACTTGCATTCTAATTAATTGAGTAAACATTAGAGGATGTTTAAAGAACAGGCGCAGTTACTGGAAAAAACCAATAGCTGCGCCACCTTCTGTTCGTGGATCAGTAAATCCAAAGTATTGTTTATTTAATTCTTTTACTTCTGCAGCTTGCAAGGAACCAAATGGTTCACTTAATTTAATTTTATGACCCATTTTTACCATTTTTTCTAATGTATCTGGGCTAGTCCCCTCTTCATAGAAAAAAATGTCCGGCCATAATTGATTATGAAATTTGGGAGTTGCAATACATGTAGCAATATTTTTATGATAATCAATATATCTGACTAGAAAATTAAAAACTTGGGAAATTATTCTGCTTCCGCCTGGAGCACCTACAACCAAAATAGGCTCAGATTTGTCGTTTAATAAAATTGTTGGACTCATTGAGCTTAAAGGTCTTTTTTGTGGAGCAATAATATTTTTCTCACCTTGCACTAACCCATATGAATTTGCACTTCCAATTTTTGCAGTAAAGTCTCCCATTTCATTATTAAGTATAAAACCAGCTCCTTTAACTACTTTTCCATTTCCAAATGAAAAGTTTAAAGTGTAAGTATTAGAAACCATATTTCCTTCGCTATCTATAATTGAAAAATGAGTAGTATTTATCTCTTCTTTTTTAGAATTTTTAGAACTTTCTATTTTGCTTGAAGGTGTATGTGTTGAGAGGTTTATTTTCTTAGCTAATAGTTTTGAATATTCTTTATTTGTTAATAAGTCTAATGGATTTTTTACAAAATTAGGATCACCAAGTTTATTATTTCTATCAAAATATGCATAACTCATTATTTCATTCATTAAATGAAAATATTTCGCACTATTTAAAGGGTATTTTTTTAAGTCAAAGTTTTCCAGGATATTTAACATTTCAATGATGGTCACTCCGCCTGAGCTAGGAGGAGGAACTGAATAAATGTTATAATTTTTATACTTTCCATGAATTGGTGTTTGTTCTTCCACATTGTAATTTGATAAGTCTTCAAGAGATATAATTCCTCCATTTGCTTTCATATCATCTACTATTTTTTTTGCTATTTCTCCTTTATAAAATCCATCACTTCCTAATTCAGAAATTATTTTCAACGTTTTTGCCAGATCATGTTGAATTAAATTATCTCCTACTTTTATAGGTTTTCCATTGTTAAAAAATATTTTTTTTGTTTCATTGCTAGTTGAAAGAAGTTTTTCTGAATCGATTAAAGATTGCGATAAAGCATGAGAAACAATAAAGCCATTTTCAGCAAGGTCAATTGCAGGTTTTATAACTTTATCTAGTGGAAGTTTTCCATATTTTTTTAAAGCATAAGTTAGACCCATAACTGTTCCAGGAACACCAGTTGATAAATAACTTTTATCTAATTTATCATTATCAATATTACCATTGGCTTTTAAAAACATGTTTTTAGTGGCTAAAAAGGGTGCTTTTTCACGATAATTAATGTTTATGGCTTTTTTTTCTTTATTTAGCCAAATCATCATAAAACCTCCCCCACCAATATTTCCAGCCTCTGGAAAAGTTACAGCTAAAGCAAATCCTACAGCTACAGCTGCATCAATTGCATTTCCTCCTTGACGAAGAATTTCTACGCCTATTTTTGAAGCCATTTCTTCTTCACTAACAACTATCCCATTTCTTCCAAAAATTGGTTTATATATTTCAGTATTTTTCTCTATATTTTGAAACTGTGTTGCGTCTATTAAGGGGAATGCATAATTAATGTTAACAGAATTAATTAATAATATTTTTAGTAAAAAATAAGATATTTTTTTCATTGTTTTTCCTTTGTATAATTTTGACTTTGAATATACTTTAGAAGTTTAAAAATTACAATTCTGATTTTATGAATAATTGTTACATAATTTTTAATTATTCAAGAAGAGATAGAAAAAGAATAAAAATAACGAATTAGTCCGATAAGTAATTAATAAATTAATGCGTTAATTGTTTTTAATTACTTAGTTTTTTTATAATTATTATTAAAATATTGATAAAATTATATTTTATATAATATATAAAACCATGATTTTATTAAATAAAAAATATAAAAAAAATCAAAAAAAATGATTGTGGAAAAATAAAAAATAACTTAGATAATACACTCTTTTTTTATTTATGAAGGAGTTTGTGTGTTTAAATTATACTTATCTGTAATAATTAGTTTTTTAATTTTTTCGTTAACTGCGAGAGCAGATGAATCCGAAAAAAAAGAATCCCAAAAAATAAATTTAGATATTTATGGATATACAGGATATAGATTGATGACTCTAAAAGATAAAGATGTTTTTGGAAGAAGTCCAAATTTATCTGGAGGTAATCTG
CP123622.1_gap49	2331860	2335152	3292	TAAATGAAATGGCAGAAAAAAATTTTAGTAATTTGCTTCATCCGTTTAAAGAAAAATTAATAAATTTTGAGAAGAGTATTGAACTAAAATATATAAATGAACTTAATGATAGAAACTCTTTGAAGTTTGAAATAGAAAGTTTAGTGAAACTAAATCAACAAATGTCTGATGAAACTAGATCGTTAACTCAAGCACTAAAAGGCGATTCAAAATTTCAAGGTGATTGGGGTGAATTTATTTTAGAAAAGACTTTAGAAATTTCTGGATTAAGAAAAGAATTTGAATACACTACCCAAACCTCTTTTACTGATTCAGAAGGGGATAAGTATAGGCCAGATGTAATTATTCATTTACCAGAAAATAAACATATCATAATAGATGCAAAAGTATCATTAAAAGCATATGAAAAATATAGATCGTCGACAGATGAAATTGAAAGAAAAAAAGCAATTGATGAACACATTTATTCAATAAAGAAACATATTATTCTTTTATCTGAAAAACCTTATACAGAGTTAAAAGAACTCAAAACACCCGAATTTGTTTTTTTATTTATCCCAATAGAAAATGCTTACTTAATTGCTATGCATTTTCAAAAAGAACTCTCTGAATTTGCTTGGTCTAGAAAGATAGCACTTGTTACAGCTACTACATTGTTAACAAGTCTTAAAACTGTAGCTTCTATTTGGAAACTTGAAAATCAAAATAAAAATGCTTTAGAAATAGCTAGAGAAGGGGGGAAACTATATGATAAATTTGTTGGTTTTATGGAAGATTTCGAAAAAATAGGAAAAACTTTTGACCTTGGACAAAGACAGTATAGTGATGCATTTAATAAACTTAAAAATGGTGGTGGTAATATTTTTAAACGGATTGAAAATTTAAAAGAACTAGGAGCTACACCAATAAAACAAATTAAACAAGAATTTATAGAATAGTATTAGGTTGGTTTTAAAACAACTACTTTAGCTCTTCTTTTTACAACCCAACTCGACTTCTCTTTACTAAAAACCGAAATAGCAGGGAGAGTTTCAGAGATAACTAAAGATTTAATTTTATCATTTTCATCAAATATACCCACTTTTTGTGAAAGTTTGATAATGCTTTGAAATTCTTCAGGAGAACAATGCTCCGTTACTTCTGCAGTTTGTAGTTCTGGAGCATATGCTTTCCAAAGACTATCTTCAATTTTAAAATTATACTTTTCTAATTTAAAATTAATTTGTGAAATTTGACTACTTACTATCTGGATATTTTTTTGCAATTTTAGACAGTGAGCTTCAGCATCTTTTAAATTCATTTTTTCATCAATAATATTAAATAAAATAGTTTGGATTTGTTTTGACAATAAATTGTTAATTAAAAAACTGCGCATAAATTCTGCAATTTCAATTATTCCTGAATTTTCTATAGTTTCAAGATTAATATTTGTGAAATTAGATTTAGCTTGAACAAGATCTTGGGAAGCATTTTGGATAAAAAATGTAGCTCTATCAAATGAATCCATTATTTTTTCATGTAGTGCTTCTTGTTTTGCAGGAAGATTCTCCATAATTTTTAAACGTTCAGTTATTACTTGAATATTATTTTGTTGAAAGCTAAGGCATTCTGCTAATTGATCTGAAAGAGTTTTAATGGAATCCATATTTCTTTGATTCATTAATATTAATTCTTGGTTTTCAGCACGCAGTGTATTTACTACTTTTTGACTTTCAAACCCAAACAACCTTTTTAAAAATGAGGACTTTTCAGTATGCTGAAAGTTTTTTGCTGAGGGAATAGGCTTTATGGCTGATTTTTGCATGGGTTTCATGTTCATTGAGACCTCCTCTTGTCGCATGCTGAGGTATTTTATACTTTATTAAAGTCGTCAGTCAAAAAAAGCTGAAGAATAATCTTTATAAACATGAAATTCATAGGAAAATTTAAAAGCATTTTAAAATTAATTTAAATTTTTCAAACTATAGTGTGGCAATACATTCTATTTCGACCATGACATCTAATGGTAATTTTGCAACTTGAACAGTAGACCTTGCAGGAGCGTGGCCTTTAAAAAGTCTTTCATAAACGCCATTCATTTTTTGAAAATCATCCATACTTTTTAAAAAAACTGTAGTTTTTATTACTTTATCTAAAGCTGAACCAGCTTGTGTTAATATTGCTTCCATATTTTTAATAACTTGTTCAGTTTGTCCTTCAATAGAATTAGCTTCTACCTTCATAGAGTTAGGATTTAAAGGTATTGAACCTGAGCAATAAACCATATTTCCTAGAACAATAGCTTGTGAATAAGGACCAATAGCTTTTGGAGCATTTTCTGTAGCGATAATTTTCATTATAAATTTCCTTAACCTATTATGTAAAATTTAAAATTCAATATCTTTTTAATTAATATGATTCTACAATCCAAAACTATTTTCTTAATTGAAAGAATCATTCTAATTCCTTAACAAAACCATATATAAGAAAAAAAGAAGCAAGTAAAGTTTTGTTACTATCTTGATAATTGTGCTTTCTGAATAATAGAAGTTGTGCTTCTGCCAGGTAGTAAGGAAATATGCTCAACACTTCCTCCCCATTCAAGAACTTCTTTCGCTCCAATTGTGTTCTCTAAATTATAATCAGCTCCTTTAACTAAAACATCTGGTTTCAAAGTTTTAATTAATTCAAGAGGATTATCGTCTTCAAATATCACGATATAATCAATACAAGCTAACGATGCTAAAATTGTTGCACGATCATTAGCATTTTGGACGGGTCTAGAAGGACCTTTTAATTTAGAAACACTGCTATCAGAATTTAATCCTACTACTAGAAGATCTCCTCTAGCTCTTGCTTTTTGTAAGTAGTCAACATGTCCAGCATGCAAAATATCGAAACAACCATTAGTAAACACAGTTTTTTTCTGCTGTTGTTTTAATTCATTAATTAATAAAGATAAAGAATGAATTGGCATAAGTTTTTCTGGATGAATTGCTTCGTTTCTTGATTTTATTGCATCAAGAAATTCAGCAAGAGTAATTGTTGCTGTTCCTGATTTTCCACAGGCAATTCCTGCAGCTATATTGCCCAATTCAGTAGCTCTAGATAAAGGAAGTTGAGCGGCTAAACTCATAGCTAAAAAAGAAATTAAAGTATCTCCAGCACCTGAAACATCAGCTACTTGCAATGCATGTGTAGCAAAATTTAAAGTTCCTTCAATATCTTTACCTTTTGTCATAACCCCATTTTCAGATAAGCTCATAACAAGGTTTTCACACCCGCTTGCTTCTAAGTAACAATCTGCAATAGT
CP123622.1_gap50	2344726	2348521	3795	CAACGGTGGTTTCCATATCTTTTAAGCGATCGATAGCTTTTTCTAAAAACTCTTTCCGTGCACCTGGTCTAAAATTACTCAACATATTTGCTGTTTGAACTATGATGGTTATTGGATTTACACCATGTAAACTTTCACTGTGGTGTTTAGCTGCGGCTTCAATAACTTCTTGTGATTCTCCATATTTTTGCAAAAATAAAGCACCTACATGGGAATGACTGCCTTCTGCCTCTTCATCTAGACTTTTGCCAATGTCATGTAATAAAGCTGCTCTTTTTGCCAAGCGGACATTTAAATCGAGTTCTGCAGCAATAATGCCTGCTATTTGAGCTGTTTCAATAGAATGTTGGAGAACAGATTGTCCACCTGTTGATAGATATTTTAATTTTCCAAGCGCTTGTATTACTTCAGGATGTAATCCTGTAATCCCGCAATCAAAAGAGGAACGTTCACCAGCTTCACGAATCATTTGTTCGAATTCACTGCGAGTTTTTTGCACTACTTCTTCAATTCTTGCTGGATGGATACGCCCATCAGCAACTAAACGTTCGATAGCTGTTTTTGCAATTTCTCTTCTGATGGGATTAAAACAAGAAATGATAACTGCTTCAGGAGTATCATCGATGATAAGATCTACTCCAGTAGCCTGCTCTATTGTTCTGATATTCCTGCCTTCGCGGCCAATTATTCTTCCTTTCATATCATCAGTGGGTAAGCTTATTACTGATACAGTTGAGTCAGTTACAAACTCGTTAGCGATTCTTTGAATGGAAGTTGCTATGATTCCTCTGGCTCTCTCTTCAGCAATTTTTCGTGCTTCATCTTCTGCAGCACGAATTTCAGAACTAGCTGATTTTCGCACTTCGACTTCTATAGTTCTTTTTAATTGCTCACGCGCTTCTTCAAGCGATAATCTAGCAACGGACTCTAGTTTGTGTTTACTATCTTCTAAATTTTCTTCAGCTTTTTTTAATGCTACAGTGACTTTTTGTTCTTCAGTTTCTAGTAATTCATATTTTTGTTTTAAGTCTTTTTCTTTTTGGTCAAGCTGTTGTGCTTTTTTATCTAGGGTTTCTTCGCGTTTTTGAATGCGGGCTTCAATTTTTTTAATTTCAAGGTTTTTTTCACGCTGAATGCGCTCAAAGTCTCTTCCTTCGTTAATAGCAACATCTTTGGCTTCTTTTAAAGCCTTTTTTACAAGTTCTTCAGCTTGTTGTCTGGCTTCAGACAATCTTTTCTCAGCTTCTTCATGTTTTATCTTCAGTTCTCGCGCTAAAGCACGCATATTCATGGTATGCACACCTAAAAACGCAAGGGCTGCCACAGCTAGACCGATAGCTATGATCAATACATATTCCCAAGCACCCATTTTTAATTAACTCCAATTATCAATTAATTTGTTTTTCAAAACCCATCCCAAGTCCTTTTAAGGGCATAGATAGGAATTTACAGTTTTTGACCTTAGAACATCGTATAGATTTTTACCAGTAATAGGAATAATGTGAAACAGACTATTATTAAAAATAAATCTACTGAATTCAGTCTCCCAAGGGGGTCGAAAGCTTCCGTCAATCTCATGGCATTTACTAAATGCTTAAGTTTTAAACAATGTTGAAAGGAGAAGAAAAAGGAAAATATTTTTTTTAAAAATAAATTTCACTTGCTCAAACAATGAAAGAAATAATTTTACAATTAATTAAGATGATAAATTAATGATGAGTTTGAAAGAAATATTTGTTTAGCATATCTTGCATTTTCCTTTCTGTTAATTTACTAAGCTATTGTTTTATTTTTATTAATAAAAACTTTTATAAAAAAGAAGTTTTTTTACTACAACTTTATATTTAATTATTTGCGAATATTTAAGGCGAATTGGTGAAAAGTAGGAATAAGAGGTCTTTGAAAGAAAAAAGAGGAGTAGTAACTTGCTATAATTGTTTAGCTAATATTCCAACAAAAATAAGTACAAAAACTAAAAAATTAAAATGTGCCAAATGTATATCTAAAAATATTGTAAATAACAATTTAACTTTGGAAAACTCAGAAACGGTTTCTAATAGTCAAATTTCTAGATCTAAAGAAGATGAAATGAAAAATTCTGTTAAAGAACAACTAGAAAATGAAAGAAAAATTTCAATCAAAGAACAATTAATTCCTTTGGGAAGTTTAGTTACTATTAAAGATCATAAATGGGAAGTTTTAGGATATTTAGAAGTAGCTGAAAAGTTTGATGGTGAAGAGGACGTTTGGTGTGAATATTTACTAGAGAATAAAAGTTTAGGGTATCGTTGGCTAACTGAGTTTGATGGGCATTGGAATTTTATTTCTCCTTGTGAAAAGAAAGACATTAAGTTAATCCCTAATACTAAAAAATATTCTTTAAATAAAGTTCCAGTATATTTTGAAAGAGAATATCAACTTTTTCATATAGGAAAAGGGGTTATTAAATTTATCAATGGCAATTTTTTTTGGCCAGTTAAAATTGGTGATACTTTTGATTTTGAAGACTTCATATCACCTCCTTATGTTCTTACATGTGAAATAAATGGTAACGAAAAAAATTGGTTGCATGGTGAATATCTAAATAAAAAAGAAGTAAAAAAAATTTTACCTGCAAAAAAAATTTTACCTGCAAAAAAAATTCCTTATAGATTTGGTGTTTATCTTAACCAAGTAAATAAATATAGAGAAATAAGGAAAAAGTTAAAAAAGTTATGGTTTTTATTTTTAATTATTGTTACTTTTTTTCAGTTTTACTTTGTTTTGACAGCAAAAAATAAATTAATATTCGAACAATCTTTTGTGCATTTACCTAGGGTTAATGAAAAATCACAAATTTCTAAACAATTTGAACTAACAGATGGCGATAAAAATTTAGAACTTAAGTTAACCGCATATGTCAATGATAATTTTTTTGATATGAATGGGAAAATAATAAATGAAGAAAATGGTAAAATTTATAATTTTTATGATAGTATTTATTACAGTTCAGAAGAAGATTCTGGATCGCAAATTAATACATTAAATTTTTCATCTATTCCTAATGGAAAATATCGTTTCATATTAGAAGGCTCAACCGATGCTTTAACTGATATACCATGTAAAATAATGCTGTTAAGAGATGTCACAAATTGGTCAAATTATATATTGTCTATTATTTTTCTATCAATAATACCTTTAATTTTTCTTATATTAGAATTAAGATATGAAGAAAAAAGATGGAAAAATAGTAATTTTATCCCATAATTAGAGGAATAAAATGATAAAATATATTTACATAATATCGTCAATTTTTGTCTGCGGAAATTTTTTTCAAATATCTAATAAAGGAGAGATATTAATTAATACTTTATTACCATTGATTTATAATCCAACAAATTTTGGCAGTAGCGATCACCATCATAAATAAAGGTTTTAAAATGGAAACTATATTAGATTATATAAATTTGAAATATATTATTTCAGCAGTTGTTTTTTCACTTTTAGGTGTTATTATTTTAGCAATAGCATTTTATATTTTTGATAAATTAACACCAGGCAACTTATGGCATGAAATTGTGGTTAATAAAAATATTGCACTTGCCATTACAACGGCAGCTATGACTCTTGCAATTGCACAAATTATAGCATCAGCAATACATGGATAGTAAATAAAAATGATCTATGTATTGCTTTTTTCTGTATTTATTATTTCTACCTGTGGTCTTATTTATGAACTTATTGCAGGAGCTTTAGCCAGTTACTTGCTTGGAGACTCTATTACTCAGTTTTCAACTGTAATAGGTTCTTTTTTAT
CP123622.1_gap51	2408510	2410084	1574	AGAAAGGGTTCCTGAAAATAACATGATGCTATTTTGCGACTATATGCCATTTAAGGAAACTAGAAGTTATGTTTCTTTAATACTTCGAAATTATTATTGGTATAGTCGTATTATTTCTGAAAAAGATGATTTATTTACAAAAAAAATATTGCAACAAAGCGCAAAAGCAAGATGGCGTTCAGATAGAGTTTATGCTTTGGTAGCTTATACATGGAATTCAGAAGTTGATCTTAAATATAAAAATATTTTAGAAAAAATTTATATTTTTGGAAATAATTCAGCTAATATTAGTTCCAATCCTAACACTGAAAATTGGTTGAATGAAGGTAAAACTCAAAATAGATCATACAGTAATTTAGATGATGAAAAAACTACTTATTATTTCAATAAATCAAAGTGAAATTTTATTTAATAATATTTTTAATATCGATTATTTTATCAGCATAAGTTAAAATACCGTAGCGATGCGATACAATAATGGTTGTGCACGAGTTTTTTATGCTGCTAAGAACTTTGGCAATAATTAGTTCGTTTGTTTCGTCTAAGTTCGCAGTAGCTTCATCTAAAATCATTAAAGAAGGTTTATTTAATATGCTTCTTGCAAGACAAATTCTTTGTTTTTGTCCAGCAGATAAACCAGCAAAATTTTCATCTAATTTATAATTTAAACCCTTTTCATTTAGGACATCCCCAAGTGATACAAGATGAAGTGCTTCGATAAGTTCATTATCGGTAACTTTTCTAGACAGCCCGTAACTCAGATTTTCTCTGAGGGTTCCTTTTATCAAGAAAGGCTCTGGTCCTACATAGCCAATACGTGTTTCATTTTTTGAAATATATTCCCAAGCAGGTAAACCACCAATCGATATTTCTCCTTCGCTTGGTTTTAATATCCCAGTCATTAGCATTAAAATTGTTGATTTTCCTGTTCCACTAGAACCAATTAAACCAATTTGAGAACCTTTTGATATATTTAAATTTAGATTTTTAAATAGAGGAATTGAATTTGGGTATGAAAAGGTAACTTCTTTTATAGTAATGTCAGGAGTGTCAATTTTATCTGAAGTAACAACTAATTTTTGGTTTTCTTGTTCAACAGATTTAGTGTTTTTTATTGGGCCAAAAAAACTTATTTTTGAATTATTTTCTTTTGATAATTGAAAGAAGTTTTTAGAATTTATAGAATCTAATGATAATTTAAATTGCGGATAAAATATAACGGCATTACCAAAATATCCTGATAAAATCGAAAGACTTTGAACAAATCTAGCCAATAAATAAATAAAAGATAAGAGTACAACCGAATTAGTATGCCAAACACTATAACTAATAATGATTATAAATACCAAAAGAAAAATACCTAAGAATGGAGCTGTTTGTGCGCTCAGATTACTAAAGAAATTTGCACTTACTGATTTAGTTGAGTAGTTTTTTAAGGCATTACTAGTAACTTTAAATTCATCTTCTCTTTTTTTCATAAGCTTAATAAATAAAAAATTTCTAGCAATTTTTTCAATACCTTCATTAACTATTTTTTGTTCTCTAGGTACTTGCTTTGCAAAAAGAGAAACTTT
CP123622.1_gap52	2448274	2448851	577	TTTATCATTTTCGGCGTATTCCAAAACAAGAAAATCACCGGTTATGTCTAAAATTTTTATCGTCATTAAACCACGAAAACGAGCAATACCATGTTGCACATGAACAACAAGATCTCCTTCTACAAAGTCAGAATATTGAGCAGATAAAAAAGCTTCTGAATTCTCCTTGGTACTTTTTTTATTCTCTTCATCAGTAAATGTTTCAAAATGTTCTGTAGTTGCAATGCCTCTGATCCATGTTTCAGAAATAGCTAATGTTTTTGTTTCAGAAAGATAGAATCCTTCTTTTGCATTTAAAATTCCTGCGTAAATATTATCGGCTATTTTAGTGCAAGTTAGATTTTTTGCCAAAAGATCTTTACAAGAAAATTGAACTAAATTAAAATTTATATCTTCATTTTTTATTTGCAAATATTTTGCTGCTATTCCATAAAATTCAAGAAAGCTTTCATTATTACTTGCAAGAAATAATATATTATTTATTTTAGAATTATTTAAGAGAGATTGAATTTTATCTAATCTTACTGACAATTTAGTTTTTTCAACAGACTGAATTTCAGTTTGTAAAGGAATAGGT
CP123622.1_gap53	2452101	2454827	2726	ATGCAGATTCCCACAACAGCACAGCAAGTAAAATATGCTGTGTTCCTTGATGCTTCAGGAACATTGCTTCAAAGTTCTGTTTCAAATGCAATTGGAGTACAATTATATTTGGATACAAAAAATATTTTACAAGCATTTAAGGATAGAAAAATAAATCAAATTTCAGTAGCAACAGGAGTAATAACGAATTGGGGAAATAGAATCAATGGAATGTTACGAGCATTACAGGTGGATTCTTATTTTGATGTCATTATTAGTTCTGATACCGTCCAAAAAACTAAACCAGATCCTTCAATTTATCATTATGCTTGTACATGTTTAAAAGTGGATCCTAGGCATGCAATCCATATTGGAGACTCCTTATTAGATGATGCTTTGGGAGCTCAAAATGCAGGATTACACGGAATTTGGTTAAAACGCGGTAATTATCTTCCTGAAGAAGCAAAAAACTTAATTCATCCTTATTTTTCTAATTTAAATGACATTTTTCAATATATTCAAAAGAAAATTATTATTTCTTAAAATCAATATATCTCTTCAAATTCACATTGATTAACATTTATCTCCTGAGTGGTTGCTTGAGAATAATCAGGAATACAAACAGCTTTTGTTGGTTGTAACATCTTCCATTCATTTTTCTTTATAGGATTGTCTATTATTGGTAATTTATAGTTACTTTTTGGAGATACCAAAACTATATATTTATTGTCTTCATCAACTAAACGATAAATACACAAGACTTGTTGAAAATTTTCATCACTCTGATTTTTTTTCATTCCAAATAAATGATATAGACTTAAAGCTTTTACTCCTTCATTTAATCCATGAAAAGATTGATAATTTATAAATTGTTTCCAACTACCTGTTTGGGTAGGGACATAATGTGTACCATCTGCATTTTGTTTTATATCTTCTGCTTTAGGACAACTAGCATAAGTATAAAAAGAAAAACCAATTGATAAACAAGCTAAACTGGTTTTAAAAAAGGTAAATTTTTTCATTACTATTCTCCTTAAAATTTTATTATTAAGTTTTTTTCTCAATCAATAGAGATGAAAATTGAATATAAAAATGTATTTATTTTATAACTGCTTGTTAAGCAGAAAGGTTTTTATCATACAAAGAAATAAGAATTATGCAAATAAATTTTTCTGCGAAAAAAAATAAAAACGAAATTAAAAAATATAAAAAAACAACACAATTAAAATTATTATTTAATAATAATATAATGTTATATGCTTATTTTGGCTTAATAAATAGATTACCAATAAATTTAATTACATCTTAATAGATTAATCTTATATAAAATTCACTTAAATAAAAATAATTTATACTTCTAAAGATATCAATATTTTTAAATTTTTTTTAATTAAGTACATTTGCTTTCAGGTAAATCTTCAATTTTATTATATGTATTAAATAAATAACTCAATTCAATTTCTTGAGTTATTATTTTTTTGTTTGGGATATTAAAGTAATGCAGAAATTTATTTATTTCGAAAGCCCAAAAATAATGGCCAAAGTAAGGTTTATCATAGGTAACTATTATATTTCCAGATAATGTTACATTGTATTCAATTACAGCTTTAATTTTTGCAGATTTACCGTACATTGAAATTTTAGTACAGGTTTTTGCAGGTACTTCAAACATTCCCCCCGATTCTATTGATATTTTCTCTGAATTTGTTTTAGATTCTTCTTTGCCAAATGTAAAAGATTCAGTAAATGAATAATTTGAAGTTAAATTTGATTCTTTGATACCTAAAGTAATTCCTAAATTTATAGCTTTGGCAAGAGACTGTTCTTGAGTCCATTTCGTTGTAAAGATATTTTCAAAAGAATGGACAAAGCGTGGAGTCATTTTTTGCATTCTATCCGTTTTATTTTCAAGGATATGTTCTACTAACAATTCGTTGTCCACTTTTCCTTTTATCAACTTTAATTGTTTACTTGAAACAGAAATTGTTACTTCTTTCCAATTATATTCTTTATATAAGTTTCTATGATAATTATAATTACTCCAAGGAGAGTGATATCGAATAAAAGTATTGTCTGGCCTTTTACCAGTATATATTTCAACTAATGAACTGCGAGTAATATTATGTCCTAAATAGAATTCATTTGCCACTTCTTGACTATTGATAACATAGGATTCTTCGCCCGTCAGGAGAAGTTGAAGTTTATTTTCAGTAAATTCTTCCGTATTCAAACCAGTAAGAATAGTTAGTAGAAAAGACATTTAGAATCCCTTTCTAGTAAATAAAATAATTTATATGCAAATTTTTAAAATAATTTCTTATAAGTTAATATTAATTAATTTAAATTTTAAAGCCAAAAAATCTAAAATAAGTAATTACAAAATTAAACTTTATCAAGTGAAAAATATTCTCAGCAGTGTTTTAAGATTACCAAAAAGGTGAAAACTTTGTCAAATTATTTTTAATTTAAATATTAGTTTGGAAATTTTTAATGAATTTTGTAAAGGAAAAATTTTCGGCAATTCATATCTGTACTTAAATTTTTTTATAAAATATTTTTACTGATTGTGCTGAAAAAGTAACTCCACAATAGAATATTATTTCTTACAAAATAAACTCAGTAGATTTACTTTTTCTTAATTGTTTGAAGTTATATATTTACTATGCTCAATTTTTAAAATTTGTTCAGTAGAAACCGTATGAATTTCATCTGGTTTGTGATGATTCCCCCAATAAATTTTTAAAGAA
CP123622.1_gap54	2458828	2460789	1961	TTGTTGATCCTAATAATTATAATTTTGATAATTTATTTACTGCTTTAACTAATTATTTTATCCATTATTTTTTAGTTACTTATAAAGATAAAATAAATGCTGAAGTGACACCGATAATTTATGAACTATTGGATGGAACTAATAAATTAGTTGATTCTAATAAAATTACGGAAAGTAAAGAAAATATTACTGAGAAAATTATTAACGGTAATATAGGCCAAATTATAGAAGAAATTAATCTGAATATTAAAAATATAAATATAAATTTAGAAAATAAAAAAGAAGCTGAAAAACTAGCCGAAAAAAATAAATTGCTAAAAATAATAAAAGATATTAATCTCGATGGAGAAAAATTATTTCCAAATAAAAGACAAGAGGATCTTAAAAAAGAAATTGAAAAAGAAGATTTTATTATAATTTTAAACAAAGAAATTAATAGAATTATTATAAAAATTAAAGAAAAAAATAAATCTGATATTTTAAAAAAATTAGGTATTCCAAGCAATGAATATAATACTTTTAAATTGAATGAATTTGAAAAGAAAATAAGATCAGGAATGGAAACTAATTTTAAGAAAGAAATGCTCGACTATTTAGTTAAGAAAAATATAATCAAAAAAATTGAAGATAAAGAAAGTCATTTTGATGATTTTAAAAACTTACAAGATGCTATTTATTCTTTAAATATTAATGCTTCAGCAAAAGATTTATATCAATTAATAATAGATCATTTATTGTTAGTTAGAAATAGTAAAAATGATGAAATTACTAAATTAAAAGAAGCATTGAATAAAAAAGAAAAAGAAATTGAAAAAATTTCAAAAACAAAGTCAATTTTTTCTGCATTAGAACCTTTTCCAGGAGTGCAGAATATGAATTGTGCAGAAGATGAAAGCTTAACAAAAAATAAAGCTTTGGAGTATTCTGACTTTAATGACAATGGGAATGATCCTAATAAAAAGCCCTATCTTATTGAAATTTCCTCAATAGATAATGATAGAAAATATAATAATTTCAAAAGATCAAAAAATAGAATAAATCAATGTTCTAATAACAAGCTAGATTCAACAATTAATAATGAAATTGTAAATATAGAATTTTTTAAATATAATGATCTTAATTTTAATGATGCTTTTATTATTCATGTTGAAGATAGAATGAAAAAATTATATTCATTTTATTTTTCTGAACCTGTAACTTTTCGTATTCGCTATGAAAAAAGACATTTTACTGGGATGATTGATTCAAAAACTAACGAAAGATATAGTGCAGATATTTACACTAAATTGAATGAATTTGAAAAAGTAAATCTTAATAATGATCAATATAATGAAATGCATGCAATCTTGTTTTCAAGATATTTTTCAAATCAGATTACCCATGGACATAGTTCTATTAGTAATAAATTTTCATTTTTAAATGTTGATGATAAATATGAGTTTTGGCTTGTAGAAAATAATAATTTTTCTGGTCCTTTTAGAAATAATGATCAGTTACAAGATGCGAAGAAATATATGAAAATCGAAATCACGAAACAAACAGGCCTATTTCCAGAAGATATATTTATTAATGCATGCTTTTATTCGAAAATTAATGATAGATTAATAAAAAAATGTTTTAATGAAAATTTTGGAAAAAATATTAATTTAAAACAATATATTGAAGTAAAGACTAATAACTAAAAAGAAATGGTGTTTAAAATGAAAATGAAATTATTTTTCTTGTTTATGTTTTTTCTAAGTGGCAATATTCATGCAAAAAATGTTGATGAAACAAAAAAGTATAAATGTGAGATTGAATTTGATTTAGGAAAGTTTGAAATAAAACAAAAAACAGGTTTAGAAAAATGTTTGCAAAAAATACCTGAAAATGATGTTATAAAGTTGATATATATCATTTCATCTGCAAACCATATTGGTGATGTAAAAAAGAACGAAATATTGGCGCAAAAACGTCTTGCA
CP123622.1_gap55	2463224	2465517	2293	GATCGATGATAGCACTAAACATAGTCATCATTCGTTCCTCTCCACCTATACTTCTTACTATAACGTCAAGTTCTTCAAGAATGGTTGATGGTTCATCCATATCTCTAGAATAAAGAGAGTCGCAGTAACCTTTCACAGCGGCAGTTAACATAGCACTAGGAGTACCATGCCCTGTTACATCGCCGAGCATAATTAAAATTCTTTTGTTGCTTAAAGGATAAAAATGCCACCAATCGCCGCCACACTCAGAAGCTGATTGGAAAAATGCAGATATTTCAAAGTAACTGACTCTTAAATTATTTGCTTTTGGAATGAAGGATTTTTGCACTATTTTAGTAGTTTCTAATTCATTAGCCATTCTTTGTTGTTCTTTTTCATCCTTAATGAGTTGGATAATTTGTTTTACCATGTAATTAAAATTTACTTTCAAACTTTCAATTTCATCTTTTCCAAAAAATCTATTTTTAAATTCGGTTTCATAAAGTCTATTATTTGCAATTTCCAAACTTGCTCGTTCAAGTTCTTTTATAGGACTGATGATCAAATGATTCACTACTAAAAAGCTAGTTATGACTAAAACAATTCCTAAAATAGAGAATAATATTGAATATTTTATTAATAATTCTTTTGATGCTAAGGAAATATGTTTTGTAGAATAAGTCATTACTAAATAACCAACTTTTAAGTTAGCATATTTTTCTTTTTTGGAATTTTTAAAAAATAAAGGGTACGCTAAAATAAACTTTTCATTCTTTCTGTCTTCTATTTGCAACAAAATACTATTTTTATTGTTGTATTCTATTTTAAATAACTTTTCTTTTTCTTCCTTTGAAATGAGATCTTCAATTACTACGTTAAGAGGTTCTTTTTTTGTGCCTCTAACTAAATATGAGATAGAGTAACCTTGTTCAGAAAATAAGGAAGCAGAAATAACGTTTGAGTTTTTCATTAATTGGTTTAAGGTTGAGTTTATAGTTTTAAAATCTATTTCCCAAAGAGCATTTTCTAATACAGGTATGGCAGAGGTAAATGAAGAAAAATTATTTTTCTTTTCGTAAGATTCCATTTCCTCTCTATTTTCTGAAATTTCATAATATGCAAAAGAACCTGTCACTACTAGAATTATAAAAATCAATGCTGTCGCAATTTTAGCTGTAAGCGGATATTTAATTTTAGCTGTTGCTAATTGCGACATAGAATCCTTTTAAAAAATTTCATTTCTAATAAAAAATTCTATGCGGTTTTCGGATGTCTAGTAATCTACTTTAGGTAGGCAGATAAATGCAAAAGTGCTTCTAGGCGCAATTCTGCTTGGCGTACAGAATTTCCAAAACAATATATTCCATGGTTTTCAAGTAAAAAGGCGCAAATAGGAATTTTTTTCTGCTGACTAAAAAATTGCTCTTCGATAAGCTGGGAAACTTTTTCCATATCCTGATTATTTTTGATTACGGGTAAATAATAATCAGTGTTGTGATCTTTATAACCTAATGCTTTTAATAACTCGTGCCCTGGAAAGATATAAAAACCAAATTTTTCGCAATTTTTACTTTCATCTAAGTTAACACAGTTTTTTTGTAACTGAATGTATTCAAATTCTAAAGCGTGGCAATGAATTACCGCGTTAACATAATCTAAATTTTTATAAACTAAAGCGTGTAGTAATGTTTCATCACTGGGTTTAGGTGCAAGGGGATGAATGGCGTTACCTGTTAACTGAGTTCTAATAAATTGTGAAGAATTTAAATTTCTTTTGTGAATTCCTGACTTAGTAATTAAAAAATGATCTACATTTTTTGTGCGAATGCTGAAATTACTGCTTGTTGCGGGAATTGCATGACGTTTGTCTAAACGTTTTGCTACCTCACACATTTTATTAAGTTCGATGTGTTCTAACGACGACAATGGGTAGAATGATGCATCTTTTATAATTTTCCTATATTGTCTCATTGCTTATCTAACTCTTCTCTAAATAGCTTTATCGTGGAAGTAATTCCTTTGTGATTAGCGAATATACCTGTTCCTGCATTTAAAACAAAATCTTTCCCAAAATCTTTTTTTGCTTCAGGTGCATGCTCAGGTTTTATTCCAGCACTAGGTACAGGAATAGTAGGATTGATTTCCCAATTTTCATTTTTAGCTTGGCAAGAATTGGCAATGTCCACTGCTAAAGGTTTATCAAGACCCAGTTTGCCATAGGGACTCGGAAATAAACTTAAATCGGCTCCAGCTGCACGGATAAATTGAGCTAAAGTAACACGAGGATGAATTGTGCTTGTTGATTCTCGAATAC
CP123622.1_gap56	2631345	2633413	2068	TAATTTAGGATTGGTCATTAAAGCCCGTGCAATTTCTAGTTTTCTTTGTAGCCCATAGGGTAAAGATGTTGCAGGGAAATCTTTAAATTTTTCTAATCCACAAAAGTGCAAAAGTTCTTCCATTTTCTTTTGCAATTCTCTTTCTTTTCTTCTAGTTTTTGGCAGAAAGAATAATGAAGAGAAAAAATCACCTTCTCTTTCAATTGCGGCACCGGAAAGAATATTTTCACTTACAGTCATATTCGAAAATAATCGAATATTTTGGAATGTTCTAGCAACGTGATAGTGTGCAATAAAATGGGTTGGCAATCCAACTAATTCTTTATTATCTATTAAAACAGAACCAGAAAAAGGTTTATAAACACCTGTTATAATATTAAATACAGTAGTTTTCCCAGCACCATTAGGACCAATAACTCCGGATATTCCACCTTTTCGAACATTGATATGGAAATTATTTAAAGCAACAAGGCCACCAAATTTTACTGTTACGTTTGTTATTGAGAGTATATTAGACATGAGAAGACCTCATTTTTTTTAAGTTTTCTATCAAAGATGCTACTCCTTTTGGATTAAGTAACATAATCATGATAACTAAAACTGAAAAAACTAAAGTCCTATTTGAAAATATAGAATCAAAAATAGTTACAAATGAATTGCTCAAAATACCTTTGTCTACTAAAGATAATAAAAATGGATTTACAAGCTGAGGTATGAAACGAAGTAACTCAGGAATTAAAACTATAATTAGTGCGCCAAAAATACTTCCAAAAACACTATACATACCACCAATAACAACAGCTAAAACCAAGACAACACTATTATAAAATCCAGCTTCATCAGGACTGATAAACTGAAGCGTATGTGCATAAAAAACACCAGCTAAACCAGCAAGAGAAGAGCCAATTAAGAAAGAAACAAGTTTTGTTTTATAAATATTTATTCCTATACTTCTAGCCGAAATTTCATCATCTCTTGTGGCTCTAACTGCAAAACCTAAATTGGTTTTATAAAATTTGATAATAAATAATGCAACTATAAACATGCTAATAAATATTAATAATCCAGAGCCTAATTTAGGAATATCTTTAAAACCTCTTGTGCCACCAACAAAATCTAGGTTTTTAAAAATAGTGGCAACAATTTCTCCAACACCAAGTGTGGCCATAGCTAAGTAATCACCCCTTAATTTTAAACAAGGAATGGCAACGATAAGTCCACTGCAAGCAGCACTGATCATTCCAACTAAGCAAGCTAAAAATAGCATTAAACTGTGATTTTCAATCCCTAATTTTGGCGCTAAGAAAACTGTGAAAATTGCAGAAGTATAACCTCCTACAGTATAAAATGCAGCATGGCCTAAAGACAATAAACCTGTTCCACCAAGAATAATTTGCAAACTCATTGCTTGAATAGCAAGTATACAAAACATAATAAATGGAAGTTGAATATAATTTAAAATATCATTCATAGTTTTATACTTTTACTAGTTGTGCTCTACCAAGTATTCCTTGCGGTCTAACAAGCAGAACAATAATTAATAAGACAAAAGCAAATCCATCTTTGTAAGTAGACAGTTCATAACTTACAAGCATACTTTCAGAAATACCTAAAAATAGTCCACCAAGAACAGCTCCTTTTAAATCACCAATTCCTCCTAAAACAGCTGCTGCAAAAGCTTTTAGGCCAGCATTAACTCCCATCAGAGGAAAGATTTGATTTGTAGCCATACCTTGGATTGTTCCAGCAATAACAGCAAGCATTGCACCAATGAAAAAAGTTAAACTAACAGTTCTGTCAAAAGGAACACCACAAATTTTAGAAGCATCGGTATGCATCGCAAGAGCCCTAATCCCTTTGCCTGCTTTGGTTTTATTTAAAAAAAGTTCAAGAGAAATGACCAATAAAATTGTTAACAAGAAAATACCAATATCTCTAATTCTGACAAATAGATCTCCAAATGTTAAAATGTTTCCAGGGATATTTACTGGATAACTTAATGAATTAGGAGAAAACAAAACTTGTACAATATTTTGGAGAAAAAGACTCATTGCAACTGCGGTAATCA
CP123622.1_gap57	2642836	2643515	679	TATAACTGCTGGTTGAACTACAACGGTAAAGTTTTCATCTTTGCATCTACTCATCGCTTGTAAAGCCATCCGGGCTAAACCTGTTTTTAACTGGAAAATAAAAGGTTCATCGTGACTGACCCCTTCAGGGAAAATAAGAATACTATCTCCCTCTAGTAAAGCATCTCCAACCTTTTGAAAGGCTTCATTATTTGCTTTTGCGCGCCAGTCGGCTTCAAAATTTCCTTGTTCCAACATTTCTTTTTGGGCTTGAATATCTTTTTTGATGTCTTGCAAACGAGTTACTGGAATAGCTCTCGTCAATTTCAAGAATTGGCGCATTACGGGAATGTCCCAAAGCGTATGTTTTGCAAGCGGTCTAATTTGTACAGGTGCAAGTCCTAACATAACAGCCGGATCAACTATTCCGCTAGAATGGTTTGAAGCCCATATTGAACTTCCACCTGTATAAGGTGTTCCTGATATACAAATTCTTTTGAAAAAAATTCTGCAAAGTATAAAAGCTAGAAATCGAATCATTATAAGATTTGCCTCTAGTGTTTTGCTGTGATCTAAAATTGAGTATATTGCCATACTGGACATTATTAAATGTCAAATTCACCCATTGGAGACAGAATGTCAATACAATCAAATTCAAATAATGCTAAAGGTAAGAAAACTATTCAAATAAATAGTCCTC
CP123622.1_gap58	2805075	2808941	3866	AAATTCCTATCAGAATTGCAAAGATACCGTTTAGCATCATTGCATAACGCCAACCAAATAAGTTGGAAAGAAAAACAATAATTATAGGTATGATGGCACCACCTAAATTATGTGAAGTATTCCAAACTCCCCACCATCTTCCTCTTTCTGATTGAGAATACCAGTAACTTAAAAATTTAGCACAAGGAGGCCAGCCAAAACCTTGGAACCAGCCATTTAAAGCCCAGAATAAAACAAACAACCAAAAATATGAAGATAAGCCAAATAATATATTTAAAATTCCCGTTGCAATTAATCCGCAAGCCATAAAGTAACGAGCATTTGCTTGATCAGATAGAATACCACTTACGAATTTACTAATTCCATAACTAATAGCTAATACGCTACCTATCCACCCAAGGCTTCCTTTATCTAAATGTAAATCACTAGATATATTTGGAATAGCAAATGTAAAAGATTTTCTGGTAAAATAGTAAACTGCGTAACCAATATACATTGAATAAAATATTCTTATTCGCCAATATTTATAATCAATGTCTATTTTATTAGGATCAGTCACTTCAGGTAGAGCTGTTGGTTGCTTAAATTTATTTAAAATTTTGCAGACAAAAGTCATATAATATCCTTATAATTTTTGTATTTATTCAAAAATACATAAAATAAATAAATTAGTTACAAATATTATTGTATTTTAGTAACTATTTAATTGTGTTTTTAACTATCACAAATATGCTTTATTAGCAAAAAAATTGCAGATATTAATCAAAAAATATTAATTATATAAATTTATTTATAATAGAATTATTTTTTATTATTTTCTTACAATAATTTAAAATGTTTCTTGAATTAAATAAAAAATATGCATTTATTAAAATATTTAATAAATTTATTAAAAAATAAAAAAATATACAACAAGCATTAAAATACTTTAGTAAAATTAAATTTAAATATTATACGACTATTAAACTAGTAGAAAGCTTCTAAATTACTTGCTCGTTTTTCATCTAAAGAAAATAAGTAATTTAGTAAAATCTGTGAGATAGATAGAAATTCTTTTCTATTTTTGTTTACATATTTTGATATCTTAATGTAAATATTTTCTGCTGAATCATAGTCAATTTTAATTTTTTCTTTAGAAATAAAAGATAAAGTTTCAAGAAGTAAAATTTTGTCGCTTAGTAGAAAATTTGAGTTAATTTGACTTGAATGAATCAAAAGTCTTTCTAATAAAATTGGATTTTTTCTAAAATACTCTTCTTTTTCTTTAAATATAGTGAAAGCTAGTTCTGGAAATAATAATTTTTTATTTTTTGTAAGATGTATTGCTTTTAAAAATGCCTTGGAAATTTGTTCTTCTCGCAAAGATTGATATCTTGCTTTAAATATAGATAGAGCTAAATTTTTATTTGGTATTTCAATTTCTGTTTTACGACGAAAGTTATAATCTGATGTCGTATAATTTTCATTTAAATTTAGCGATATGTCGAAAATATTTTGTAATTCTCTATCCCCTATAGTATTGATGTCTAAAGAATTTAATATCTCAATATTTTGTCCATTAAAATTATAATATATCATTAAACTACTAGTATAATAATTTTTTTCTGCAAATTTATTTTTAAGTAATTCATAAAAATGTTTTCTGTAGTTTTCACTTCCGTTTGAATTTTTATGTGAGTCTATAAGAAAATCTTTCTGCATATCTAATAGTACTTTTATTAAATTACAATTTCTTTCTATTAATTCAAAATGAGTATTCAGCATTAAAATTGCATAATCTATTCTTTCATCATAAGGTGACTTGGAATATGCTGATGAAATAAAGGTTTTTTCAATTTGAATTGGCGTTAATTTTTCAAGTAATTTTTTGTCTTTTAAAATTTGATGTAATAACAAATTACTAATTGTTGATTTAAATTTTAAATTATGGACATTTAAATCAGGAAGTATAAACTGATATGCGGTTCTTAATTCTTCGGCGCTAATAAAATTTGATTTCTTTTGTAGCAAAACTGTAGCTATGCCCGCATCTAGAACTTCAAAGTCCATTTCATATTGTTCATTTTTTTCTGGATTAACAATAGCAAGTAAAAGTAAACCTATTTTTTTATTTGGAAATTTATCAATATCATTAATTAGTTTTGAATTTAATAAATGCAATTTTTTATTGAGATTAGGAATAGTTAATTTATTAGAAGCATTTTTGATTTGCTTTGTTATATCGTGTGTTTTTTTAATTTCTTTCAGAAACGCAATAATTTTATTATCTTCATATCTTTTTAAATGTAAAGACTTTTCTTTAGTTTTTGCGTGTATATTAACTGTTATTATAAAAACTAAAATTGTTAATAGTAATTTCATAATATTTGCTTTCAAAATATATATTAAAATAAAATTTATGAATTAAAATTAATTCATAATGAATAAAATTTTGATAGCAATTAAATTTTTTTAAATCAATGGAAGAAAATTAGTGCTACTTTTTAAATCTATTAAAGGAATCAATTTTAAATTAATTTTTTTCTTTGAATTAAATAATTCAGAAAAAAATAAACAAGTTAATTTAAAGTAAACAATTAAAATATTTATGAATAATTTTAAGTAAATATTTTAATTATTCATAAATACTTGTTCGGAAATTTAAAAAAGATCATCACTAGTAACAAAAGCCCAAGCATTATGATTATGAATGGATTCAAAATTTTCTGCAGTGATTTCAAATTTTAGTGAGTTGTCTTTTTCTTTTAAATGGATAGCGGCTTCCCGGACTAAATCTTCAACAAACCTTGGAGTATTGTATGCTTTTTCAGTAACAAACTTTTCATCAACTCTTTTTAAAATTGGATAAACAGCAGAGCTTGCAGACAATTCTGCAATTTTTATACAATCTTGGATTGATAGAGAAGGTTGCCAAAGTCTTAAAGTAATAAAACTCCGCTGACTGTGCGCCCCATACTCAGAAATTGCTTTACTACATGGGCATAGGCTTTTAATGGGAACTTTAACTTGTAAAATACTCTCTTTTGTTCTTGTAGTTAAACAAGAACTTACTTCAATTGTAACATCGACATTTGCAATTCCTTTAATTTTAGAAACAGGGGCTTCTTTTTCATAAAAAAATTGAAAAGATGTTTTAATGTAAGCTTTTGAACTTTCTAAACGTTCATTGATTTGTGCAGCCATCTTTTCAAGCTTTTGAATACTCAAAAGTGATCCAAATTCATAAAGGATGCTTGGAAAACGACTCATATGAGTTCCTTTTTTATGAGCTGGCAGCTCAACAAAAAAAGAAAAATTTGCTGTTGAAGGCAATACTTGGGAAGCTATTTGGTTTTGATCTTGAAAAAGTATGGGATAATTTACCTCTGTAATCCCAACTTTTGCAATTTTTACCATTCTTTGATCAGGAAATGCTTGAGTATCTTGCATAAAACACTTTCTAACGAAAATTTACATTCTTATTTGTTTAAACTACCTGGTAATTCCATAAAGTTAGGTCTACCAATTTCTTTACGAAAAGTCCAAGGAGTACCCAATAGCAGTAATATAACAGCAATAGTACAATAAATTGCAGTAGTTTTATATTTTTGCTTTGAAATACTAGATTTTTTTGTTTTTATTCTGCCAATTTGGATAAAAATAACAAATAAAAGCATTGTGAAAATGTGTTCAATCCCCCAGAAACGAAGAACAGAGCTTTTCATTGTGACGCTTATGTTATTTAAAGCAGCTTGTGTAATGGGACTCAAAGCAAAGTAGAGAATAAGTCCTATGACGAGTTGAAAATGAGTTAGACCGAGTAAAATTCCCCCAAAAATGTGATCTTTTTTAAGGTAATCCGATTTTTTAAGCCAACCTGAATAGGA
CP123622.1_gap59	2849902	2851558	1656	CGTCCATGTAACTGAAGGATTTTTACCACTACTAGCTAAAGATTCTTCAAGTTGATACTGCGCCCCTGGTTTGCTTTGTTGATGCATCCAGGTGAATCCGTAGGTTGAATTCTTATTAATATATGCTATACCTACGGTATAACCAATGAAATTAACATTTATAAATTGATCTTTTACTTTAGGGTCTCCAGTCCAATTATTTGTAAAGTAACCAAGTCTCAAAGCAACTTTTTCAAAAAAAACTGTTTCGGATCCTAAAAAGTAATCATAAACTTCTTTAGTTTGATAAAAAGGGTTATTAGCCTGATTTGCAGAGTAATACGCTATATCCGCGGTAAAAGTTTGAAATTCAAATGGAAACAAAGCCATTCCAAGGCGAATCATATAAGGTAATTCACCAAAGGGTTTTTTATCTTCCTTTGTAGTCGTCAGATTTACAAATTGATCATAGGGGTATGTGCTATCAGGACCTAACGGAACAAAATTTGTATCTGTAATAACTTGATTGTCAACAAAAGTAGTATCTGAATCTTGGGCCATGATAAACTTGTATTTTCCAGACAGACCAAAGGAAATATAATCATTAGGTCTATAAGCAATACCCAAACCACCTTCTATTCCACGCACAAAAAAAGAACTCGTGTAGTTCCACATCTCGTAAGTATAAAGTTGGCTCCCAGGATTATCAGGATCATCAAATGGCCCGCCCACGATGTTTGCATTTTGCACTTCTGAATATTTCATATCAAAAAAAGCAATGCTAGCACCAATGCTCCATTTTGGGGTAATACGTACAGCAGCTCCAAATGCATATTCATTTTCAGTTGAATTTGTTTTTTGCACAAAGCGAGTGCTTTTTTTCCCATCATTACTAAAAGAATTAACCACATTATCAATGTTTACATAATCTTTGTTGTAAATTGCAAAAGCAAGATAAATAGGTGTTTCGGTATCTAGGCGAAATATTCCGCCAAAGTAGCCATTTAATAAATCGGCATCCCCCAATTCAAAGCCTGTGCTACTGTCACTTAAATAGCCTTGTTGTTTTATTGTTGAAGTATAATAGTTGGTTGTTGAAACACTCAGTTGTAAATCAGGTGAAAATCCCATACCACCTGGGTTGTAGTAAATTCCAGCGGCTCCCGTTCCTATGCCAGTATAGGCTCCACCCATTCCAGCGGGTCTTCCTCCCATGATGAAACTATTATTATGCCACCAGTCCGCATAAATTGGAGCATGAAATAAGATATGCAAACAAAATATTATAATGTTTGTTAAAAAGAATTTTTTGCAATCTTTGTTTTGCATTGTTCCTTTAATTTTCATACCTGCTTCATAAAAAAAAGTTTTTACATTTTTTTATTTCTTTCTCCTTTAGCTAAGAAATGGTTTTAATATTTAAAATTATATTTTAAATATTAGTTATGCTTTGCAATCTTTATTTTAGCTTGTTAAGATAAGTATCAATGTGAAAAAATGTTGCAGATAAAAAGTAATCAGTTAGATACTTCCTGCCTAAGCTGAACCTTTAATTAAAGTTTCAACATTTTTTGCAGTTGAATCTAGTTTTTCACTTTGAGAAACTAAATTAATGGAAGATTCTTTCGTATTTGCTACTGCCATTTGGCTTTTTTGCGTTGCTTTATCAATGTTTGC
CP123622.1_gap60	2855764	2857985	2221	ATCAACCCCCTTGGCCCTGCAATTAGATCTCTTTTTAATTCTCCAATTGCCACAATACTAGGTAACCAGTTTTCTCCGGTATTTTGTGAATAAGAGTTTGTTTTATTTATCATTAAAATTGAATATATTGAGATGCATAATATAAGAAAAAATAATATACCTAGTGATAAATTTAATTTAAAACTAAGACTTATTTTTTTCATTCACTACTCTCCAAAAAATTCCTATAAACTTTTCATGCTTCGGAGTCTTTGGAAAATTTATTAACTAGTAAAGAAACTGGGCGTTAAAATTTTGAACATAGATGAAACTTTTATCTACTATGAATAAAGTAAACAATAAACATACAAAAATCACTTTCTAGTTTTTTGCTTTTGTATCACTTTTCAGATATGAAGTTTTTGAAATCTTGTTTGAATATTGTTAGGAGTCGACTTATGCTAAATCATTCTTTCAATCCATTGACACATTTAAAAGAAGAAGAATCCATGTTTTTTCATTCAGTTCTTGAATTTGCGAAAAAAGAAATTCAACCGCACATAGCTGAAATGGATGAAAAAGAACTCTTGTCACCTGAAATAATAAATAAAATTTTTGATCTAGGTTTAATGGCAATTGAAGTTCCTGAAAAATATGGTGGCGCAGGCGGATCTTTCTTCCAAGCAATTCTTGCTATTCAGGCTTTAGCTCAAGTCGATCCTAGTGTCAGTGTTTTTGTTGATGTCCAAAATACTTTAGTCGCAAATGCTCTTTTAAAATGGGGACCAGAGCAAATAAAAAATAAATATTTTCCGCAAATGGCTAAAAATAGAGTGGGAAGTTATTGTTTAACAGAATCTAATAGTGGGTCAGATGCTTTTGCACTTAGAACAACTGCTAGTGATAAAGGTTCTCACTATGAATTAAATGGTAAAAAAATATTTATTACCAATGCAAAAGAGGCTTCTGTATTTCTTGTTTTTGCAAACATTAGCCCAGAATTAGGTTACAAAGGAATTACTGCTTTTTTTGTTGATAAAGATATGGGTGGAGTTACTTTAGGTAGGAAAGAATCTAAATTAGGAATTCGAGCTAGTAGTACTTGTGAAGTTATTTTTGAGAATGCTAAAGTACCAAAAGAAAATGTTATTGGTGAAGTAGGGAAAGGTTATAAAATTGCAATTGAAACTTTGAATGAAGGTAGAATTGGCATAGCTGCGCAAATGTTAGGGCTTGCTGAAGGCGCATATTTTGCAGCAGTACAATATGCAAAGCAACGTGAACAATTCGGCAAAACAATTTCTCAGTTTCAAGGAATTCAGTTTCAGATTGCAGATATGGCTATTCGTATTGAAGCTGCTAAGCTGATGGTTTACAATGCTGCTCGATTGAAAGATGCTGGTCTCAGTTTTGTAAAAGAAGCTGCTATGGCAAAACGTTTTGCAAGTGAAGTTGCGGAAAATGTAGCCAGTACTGCGTTAGAAATTTTTGGAGGCTATGGTTTTATCAAAGAATTTCCAGTTGAAAAGTTTTATCGCGATGCAAAAATTGGCAAAATTTATGAAGGAACGACCAACATGCAGTTGCAAACTATTGCAAAGATGATACTAGATTAATCTTGTTGTTTTTTGGATTAATTGGAGTGATAAATACATGAATTTTAAATTAGCGACATTGAAATTGAGTGCTATATTGGTTTCTTCTAGTTTTGGCAGTGCTGTCATGGCTCAAACTGCTGCGAGTGCTCCTCAGCAAGCTCCAGCAGGGGCTGCTTCTGCAGGCGCTCCTCAAGGAGGCCCAATGTGGGTTAATTTAGCCCTCATGGGTGGAATTATTCTATTTATGTGGCTATTCGTTTTCCGTCCTCAGTCGAAAAGAGCAAAAGAGCAAAAAGAATTTTTAAATTCTTTAACTCCAGGGGTCGAGGTAATTACAGCTGGAGGAATAATTGGGACAGTTGTTGAAGTGAAAGACAACATAGTTTCATTAAATGTAGGAAATTCTACGTTACGCGTTATCAAATCTTCCATTTCTGGAAGACTAGAGGCTGCTGCAGCTTCTGTAAAGTAAAGTTAGGTTTTGCTTTTGAAAAATGAAACCGCCCGCTCATTCTGGGCGGGCGGTTTCATTTTAAGTTTTTTTTATAGCAACACATCAGGTGATTTATGCCAAACAAAGTTCCTATGCCCGCGTTGTGGTGGATTAAAACGGTTATTATTTTCTGTGCCCTTATTTTTGGAAT
CP123622.1_gap61	2862070	2864656	2586	TTTTGGTGGACATTTTCATGCTGTGGGTTTGACAATTTCGCCAGAAAAATTGGAATGGCTAACGGAGTATTTACATTCTCAAGCGAAAATAAATATTCAGGATAAAGATAAAACTCCATTACTAAAAGTCGATGGTTTACTTTCTTTGGAAAGTTTAACTCTTTCTTTAGTAGAAAAACTTGAAGAATTAGAGCCTTATGGCGTCGAGAACCCGAGAACTCGCTGGTTGTTGGGGCCTGTTCAGGTTAGACATGTTAAAAGAATGGGCAAAGACATTTCCCAAAACCATGCTAAAGTTCTATTCTACGATGGAGGTTCAGAAGCTTGGTTGACAGCTTTTGGGTTAGCTGAAGTTTTTGAGCAATTTTTAGAAACAGGATTGAGTGTTCAGCTAGTAGTTGAAGCAAAACTAGCTGTTTGGAACGGGCGTCTGACAACCGATGTGCGGGTGATAGATTATGCGCCTGTTTTATCTTCGTCCTTATTCTAATAAATTTTGCCTATTCAAATCCTATGCAGTAGAATTGGTTTTCATAAACCATATTTTATTTGTTAATTTTAATTGAAGTGGACGCGCCTATGATCCAGTCACATAGAAATGATATTGAACCATGGTATGTTCGGAAGAAAAAGTATCAGTCACAAAATTCTTTTAATAAACCTTCAAAGCCAGGTTTAAATGAAGAATTAGATAAAAAAGAGCAAATAAAAAGAAGCTTTTCTTTATTTGTTTGTATTTTTTTTATCATAATAACAGCTATTTCTACTGGAGTATTTATTGCTCTAAGTGTCTTTGAAAAATCGATACATGCAAATATCAGTATACTTATTCTATGTGCTTTAATTTTTCTTCTAACATCAATTTTTTTAATTATATTATTAGTAGGTTTTATTTGCGCAAATATTATGAAGAACAATGCAATTAATAAATTTTCTTTTGCATTTCAATTTTTTAAAGGTCAATTACATATTGAAGAACCGCGGAAGGGAATTCCTGCTCCCGAAATGGCTTTATATCAATTTATCCAGCAAGTCAGAGCTTACGCAATGGAAAAGTCATTTTTAAAACAAAAACAAGATAGGCAACAAGATGCTTTTATTGGTTTGAATGGAGTAGATCCTAATTCACTGTTAAAACGCCGTTGGAATGATGTTGTCGATAGTTTGAATGAATTTGAAATTTATTTAGCAAATGATCCGAAAGGTATGATTGAAAAATTAGTGGTCAAATCACCGCCTCAAAATATGGATGTTTCCCAAATATTTAGAGATGTAGCAGAAACATTTGATACTACTTGGCGGAGAAAAGGGATAAACATTGAACATGCTATCGTAACACCACTGAAAGCAAATACAAATGAAGCGCTTTTGCGGCGTTTGCTTGTCGGTCCTTGGAGAAGTTGCGTTTATTTTGCAAGAAGGGGCAATGGAGTTGTTTTCTCTGCAAAAAGTATAGATGGAAAAATTATCACCCGCTGGGAATGCGAGGGAATGGCTTTTCCTGAAGAGTTTTTTGCCTTGGTAAAAAACAACGAGCTTGATGTAAATGAAAGAATTGAAAAGGGTATGGCTATGATTGCCTTAGATCCGAACAGTCCAAATACTTTATTTGCACTGATAAGTTTTGTTACTTGGATAGATTTAGTGCATGTGGCTCAATGCGACTATGAAATTAAGCAAGGTTCAGAAGGTCTTATAATAGAATTGAGATTATAAAAATTTAATCTTTTTGTTAAATAATTAAAAATTATTTTTTCTATCCTTTTTTTTTAAAAATTGTATTCATTCTTCCAAATTTTTACCAAATTTTTCCAAGTTATTTTATTTAATTTGCTATTCATTTTATATTTTTAGCATTTTTTAAACTTTCTTGACTATTTTTAATTAATATATTAACAATTAAATAAAGTTAACTAATTGTTTTAATAAATTAAATTATAAAATCGATTTTGTGATGAGTTGATCTTAAATAAAATATTTCTAAAAATTAATAAAGTAAGGAATTATTCATGAAGCTTATCTATTTAGCTATATTGAATTTGATTGTCTTAATACTTACTGCTTGTGGAGAAAAAAAACAGACCCAAACAGAGCTTTACAAAGTAGATAATTTATTTACTTCTGAAGTTTTTCAAAAACAATCAGAAATGACCTCAGCAATTGTTGGAAAAGGATTTAGTTCTATTGAAAACAAACTTAAGAATAGTTGTTTAGACAATACTTCATTTGAATTTATTCCTGATGGTAGGTCACAAATTTCATTTTATAATAATATCTCTTCTTCTGAATTGAATGAAATTTTAAATATAAATACAAATGGTAAATTAAATTCGCTCCAAGGGAATATTACTTTTGATAGTGGTTATTTAAGTAATTTAAAAGCTAGCGAACTTTCTTCTACGGTAACTCTAGTATCAAGTGTGACAAAGGGAATGAATTCTCTAATTAAAAACGACAATAGTGAAAATGGATTTAAGATAAATAATTTTTATTCTTCGATATTTGAAAAAAATAAATCAGAATTTATAAAAATTTGTGGCGATTCTGTTGTTGAAAAGCAGAAATTATCTGCTTTTTTAATTATAA
CP123622.1_gap62	2865672	2866643	971	ACAAATATGAAAAAATCAGATCTTATTTTACATGATATCAAAAATTACTGTGGAAATGAGGCAAAAATATTTTTTGCAAGTAAACCCGATAGTTTAGTAAGTAAAATTGAAATTTGGGAGCAAAATATATGAAGTTCTTAAAATTTTTATTCACTTTTATTGTCAGTATATTTTTCTTAAATTCAGTTACTGCTTACGATTTTAAAAATGTAATTCAAATTTCATCAGGAAAGAGACATACATGTGCACTACAAAGTAATGGTGAAGTATATTGTTGGGGGGATAACTTAAATTACCAATTAGGCAGTTTAGGAAATGACAGCAGTATTCCTAAAATCGTCCCAAATTTAAATAATGTTGTTTCCATTTCTGCTGGTGGGCAGCATACTTGCGCTCTAAAAAAAAATGGAAGTGTACAATGCTGGGGACTGAATACTTTTGGTCAATTAGGAATACCCATTCAGCTAAATCAACCTAGAATAGCTTCCTTAAAAGAAATAAAAGAATTAAAAAATATTAAAAGTATTTCACTAGGAGAAAATCATTCTTGTGCATTAGATAATTTAGGGGATATTTATTGTTGGGGAGATAATAGCGAAGGTCAATTACTAACAAATCAATTATCAGAATCTGCGTTACCTATAAAAAATAATTACATTTCAAAAATAACTATGATCAGTTCAGGTAACCAACACATTTGTGCTTTACATGGAAAAGGTGAAGTTTTTTGTTGGGGTGATAATAGAAGCGGACAAGTCGGTAATAGGAAAATACAAAATAAAACTATAGTTAATTTAGTTCAAAATTTAAAAAATATAAAAAGTATCTACGCAGGTGGTTCATCAACTTGCGCATTAAATACTTCTAATAACTTATACTGCTGGGGGGATAATACATTTTCCCAGTTAGGAGTAGAAAATACTATTGAAAATAAAAATGCGAAGTTTCCTGTTCCTTTTAAACTCGATCAT
CP123622.1_gap63	2882102	2883911	1809	ATTTTGCTCTAGCAATGGGATCTTGGCTGATATATTCAAGAGTAGAAAAAGCTTTTTCAATTTCAGGTGTTTGCATAGCCATGACGGTCTCCTTTGAAGCACCTTTAAAAAAGTGCATCCATTTATCCAGTTCATTATAATACTGATCAGGGATTTTGGGAACTTCTAAAAAGTAGAGTTGAAAATCGTGAGAAAAAACTTTTCTTGTTTCTGTATCTAACGGTTTGATTTTAGTCATAAAATATTCTTTGTCTTTAAAGAAATTAAAATTTAAAATATGAATACAGATAGCTGGCTTTAAGGTTTTATATTTTTTTCCGCTAGTTAATTGTTGTTCATAAAGCTTTGCCCAGTAATATAAACAACGTTTTTCATATTCATAAGTATTTTGCACTTGAATTTCTATGTTAACAAAACTTTCATTATTTAATTTTGCTAAGACATCTAGCTTTGTTTCTTTATCGTAAATCATCGCACAAGCCCACATTTCAATAAAAATTAAATTTGTTAGATTAAAATAGTCATCATAAAAGAAGAGAAAGGAGATGATAATGGAGAATGTAACCTTAAAAAGGAAGTTAAGTTCTTATGTATCAGATAAAGGGTATTTAAAGCATGTCCCCGATGACATATTGTTTGAAGTGTTATTAGCATGGGAGAATTGGACAGGTTCTAGTAAGGAATTTTATGGTACTTTAGGTTTTACTCATGCCCAAATGGCATCTTTAATTGGTAAAGCAAAAAGGTTAAAAAGAGAAGGTCACTTTAGTGACGAAGATTTTAAACAAATAAAGATATCAACGGAACAAAATTTAAATTCAGAACATGCAACAGTAACAACATCTGTATGTGGTGCTGCAGAGTTAGTGTTACCAGGTGGTAAATTGATTCGATTTTCAAACATAGATTTTTTATTGGATTATTTAAAGAAAAGCGCATGATTAATTTTAATAGAAGAACAAAGATATATGTAAATAAGAGTCCCACGGATATGCGAGAATCGTATGATGGGTTATTTAATCGCGCAAAAAATGTTCTTCGTAAGGATCCTTTTTCGGGACATTTATTTTTATTTATAAATAAGAAAAGGTCTTCTTGTAAGTGCCTTTATTATGATGGTACTGGACTCGTAATCATATCCAAAAGGCTAGAAAAAGGTTTATTTTCAAGAATAAATCCGAGGTATAAAAAAGAAATTATTCTTACTCAAGCTGAATTTAGTTTATTTTTTGAAGGAACAGATCTAAACAAAAGATTTGTTGAAAGTCCTGCAGAAATTAGAAAATACATAACCAAATCAAACACTTGAAATTTAATGAACTAGGTGTTATCTTGCGCGAATGGAAAAAAATCTATTCGAAAAAATTACCGCGAATGATCTTTTAAAATTCAATAGCAAACAGCTGATTGAATTCTTTGAAAATCAAAAGAAATATACTGAGAAAATATTAAATTCTCATAATGAATTTATTCAAAAACACAATCTCATTCTTGAAGAACGAGATAGCTTAAAAAAGCATAATAAAGAGTTACTGGATAAAATTGTTGAAGTTGAGGGGCAACTTGTATTACTTAGACGAAGGATATTTAGAGAAAAATCTGAAAGGATTGTAAAAGATAAAAATACTTCGGAACCATCTGATAATATAAAGAAAAACAGCTCAAAAAAACGTGCCAAAGAAATTAAAAGACTTCCATCTGAGCGATATCCTGAAGCAGAAATAATTGAAGAACATGTAGAATTTAAGGAACTGCCTATTTGCAACTGCTGTGGTTCACAAATGCGTGATTCTGGAATGACTGAAGATA
CP123622.1_gap64	2916757	2919097	2340	GGTTTTGACATAATATTTTCCTAATTTATGAGAAATATTTAAAGTAAACGCAGAGCAAACTCAACATTTCCTAAAGGAGCACTTATTTGCAAACCTTGTACAGAAGATTTAATTTCATCAATAAGTTCTTTAGCAATTGCTATCCCTTCGTTCATTTGTTCGTCTGAAGTCTTACATTTTCGCATACGATCTAAAATCGTATTTGGTACATAAACTCCAGGGACTTCATTTGCCATAAATTCAGCATTACGTAGACTTTTCAATGGCCATATTCCAGCAATAATTGGTACTTTAAATTTTGAAGAAAATTCTAAAAATTTGAATAATGAAACAGAATCAAAAACTGGTTGAGTAATCGCCCACTCGGCACCAGCTTCAACTTTATATTTAAAACGAGATTTTTCTTTTTCTATATCAGAAGCAACGGGGTTTGCACCGACACCAACACTCATGCAAGTTGGTCTGCCAATACTGGAACCACCTAAATCAAGTCCAGAGTTTAATCTTGTTACCATATTTACTAATCCAATAGCATCTATATCAAATACCGCTGTTGCATTTGGATAAGGCCCCATTTTAGGAGGATCTCCAGTTATGCATAGAATATTTTTAATTCCTAATCCTGCAGCACCTAATAAGTCACTTTGAATACCTAATAAATTTCTATCTCTACAGGCGTAGTGTAATACGGTTTCAATACCAATTTCGCGTTCAATAATACATGCTGTGGCTAAAGAACTCATTCTTGCTGAAGCTCTAGGACCATCTGGTATATTTATCGCGTCTATGTTATTTTCTTTACATATTTTTGCGCGTTCAAGGATTTTTTCTATTTCTAATCCTTTAGGTGGAAGAAGTTCAATACTAGTAACAAATTTTCCATCAATTATTTTTTGCGCCCAATTACTTTGTAAAACTCTAGGTACATTTGTGATATGTACATGAATTTTATTTTCTTCTTTTGTTTCGATATTTTTTGTTTGTTCCGTTAAGTCAAAAGCTTTTGCTTGGCGAATAGCTCCTGACATTATTTTTGTATGTGCAGGGGACGTTCCACTACTGCCTCCGAGAAGTCTCGCGCCTCTTAGTAAGGCTTGACGAGCAAATTCACCCATATATTCAGGGCTTGCCATATAGATAAGTCTTCCATCAACCATGCGTGGTTGGCCTGCATTGGGATAAAGAATAATTGGTTTATCTGTTGACTGCTTTAGTTTTTTTAATATTTCTAACATGGGAGCAGGGCCATTTCCGCCATCTATTCCTACAACGTCAGCCCCCCATTCATCTAATTTTTGGGTGAACCAAGTAGGTTCTGTCCCAAACAAACTATTTCCATCTTCATTCACACTCATCATTGCAATAATAGGAAAATCACCTATTTCTTTTATTGCTAGTATTGCTTGATGAATTTCAGATAAGTCTGGAAAACCTTCAAGAATAAATAAGTCAACAGATCCGTTTATTAAGGCATGAGCTTGTTCTTTGAAAGTATTTTTTGCTTCTTCAAGCGATGTTGGTCCCCAGGGTTCAATTCTTACTCCAAGTGGTCCAATACTGCCAGCAACCCAACAGTTTGTTGTAGCTGCTTTGCGAGCAATTTCTGCTCCTTTTAAATTTATATCTTCAACTTTTTTTTCCAGTCCAAAAGATTTTAATTTATAGTGATTAGCACCCCAAGTATTAGTACTTATAATTTGTGCGCCTGCATTAATAAATTCTGAGTGAATTTGATAAACAAGTTCAGGTTGAGAAAGATTTACTTCTTCAAAGGATTTATTTATAAAAATTCCTTTTTCATACAGAAGAGTACCGGTTGAACCTCCAAGTAAAATACATTCACCTTTTTGTAAACAGGAACGAAACGAACGTATACATTTTTGCTTAGAATTAGCAGAAAAAGAATTAGGCATATTTTGACCCACTCCAGAAAATTTTGTCTCACAGTGGAAACCACACAACACAGCCAATTGGCGAGAGAACAAAAGAGTTTAGGTTAACAAAAATAAAAAATTTTTGTGCAATGTAGAACATTGTGATAAAAATTATGACATGAAATTTTTCTAGGAGCAAGTATAGTTATATTTCTTTATGTGGAATGTAAGTGTAACCAACACCTCTTACAGAGTGAATAAATTCAGGTTTTGCCGGATTTTTTTCAATATACTTTCTTAATTTCCCTACAAAAACGTCTACAGTTCTAGTTTCTATAATTGCATCATACTGCCAAACTTTATGGAGTAAATCATTTCTAGTTAAAATTTTATTTTCATTTTCTAAAAATACTTGAACTAATAAGCCTTCTGTTGGTGAAATTCTATGGACAATTCCGTCATTTCT
CP123622.1_gap65	2925929	2929164	3235	AAAGCCAATAAAAGTAGATCTTATTGCTTGTGTAATAGAATGTTTATACTTAAGGTGACCAATTTCATGAAGCAAAACAGCAGTAATTTCATCATTGTCGCAAATATTTATCAATTCATCAGTTATTACAATATTTTCTGAAGTCAGTGCAAAGGCATTGGGGCCAAGGCTTTTGCTTGAAAAAAAATGGAGTTTAAAATTAGGTAAGTTATTATTTTCTTTAATAATGTTAACTCGTGCCAAAATAGATGCTTTTTTTTCTGGTGAAACTTTTGTTTCTTCCAAAAAATTTGTACTTTGGAAATACTCCAAAACATTATTATCAATTTTCTGCAAATATTTATAAGGGATATTATGAGCTAATATATGAGAAAATCCAGGTATTAAAATTTTATATGAAATTCCTAAAAAACTTATTAAAGCAACAGTTAAAAGAAATATTTTGGTTACGCTTTTTTCTAAATTTAAGGAATTAGCATGTTTTTTTATAGAATTATTTTTAATCCATTGCTCTATTTCTTTAGAATTTTTAAAATGGCATTGACTTCCATTCTTAAAGAAAAAATATCTTTCTCCATCCGATATTTGTGTTGTGAATTTAATATTGAATGTAGAATATGCAATGTTTAAATCATTGTTTTGAATAATAAATTCATTATTTTCAATTTTAATTCTAACATTATGAGTTATTGATGACAGTCCATCATAATAATTGCCATCAAATTCTCTATCCATAAATTTATACTCCTATATCAATACCAAATAAACTATTTGTTATTTCAGAAGATTGAGAAAGAATTTCATTACTATTTCCAGTATTTTCATTTTTAAAGATCATTTCTTCATTTATTTCTAAGTATAGTTTTTCAAGAAGTAATTTCTTTAATTTAATTTCAGCAAATGGCATATATAGACCGAAAGTTATGACTATCAATATAGTATTTGTTATGTTTGTAAAAAAATATTTTTTGAAACTAATATTAGTTTCAAAATTGTTACTACAAATAGAAAGATTATTAATAACTAATTTATAAAATGCTAAAATTGTATAAATAAGATTCACAAATACCGTAATTACTGTGGCGATATTAAATACTATACCTGTTGTTTTTTCTGTACCAAATAGTATATTATAAATTACAAATGGAGAAAAAACTAAAATAGAAATGCCAATTAATTTAAAATAAATAAAATAAAATTCTTTTGTTTTAGTATGTATTTTGAAAAATACATCTCCAATCTTAATATTGCTGTATATAATGTCATTATATTTTTTAAGCGTATAAGGGAAAATAATAAATAAAGTAATTAAGTTAAGAAAAATATGGGAAAAAAAGAAAATATAAAACTTTTTTAAATTACTCTGATAATTAAAATGTATTCCTTTGTAGCTTATATTTGTCAAATGGTATTGCATAGATTTTGTAATAAAGAATGGAAAAAGAAGAAATGCAGAAAGAAATACTAGAGCAGCTATATTTGAAGAAAAATATGATACTAAAAGATATAACCCAAAAAAAATTAAGACGAAAATATTTCCTTTTAAAATAGCGATAGGATTTGCATGATAATTGAAATGATTTCCTTGGAACCAACTATTTTGCATAAAGTACTGTGTTTTTCTTACTTTTGCCCAGGCATAATAAATACCGCATGTAAGAATAATTAAAACTGTATTTGTAATCCATATCTTAAAATAATCTATCCCTTTACCCGTAAAATTAAACTGCTCAATTTTTTTTTCTTCCATAACCATATCCATATAAAATAAATTAGCACCGAAATAAAACCAAAAAACTAGATATTTGTTGTTAATTAAATTGTCAATATATTTGATTTTTTTATATAAATAAGAACACTAATATCTATAATTAATGTTTTTCTTCTTGGTCGCAACTAACGCTTTCAAATTGTATAGTAACATGAGTAATTTTATGTTTTTCGGCTAATAATTTTTTTATTTGAAAAAGAAGTTCTTCCGAATTGCTATTTTCACGGTTTACAATATGACAAGTGAAATTTATTTTTCCAGAAGTGATTGCCCAAACATGTAAATCATGTACATCAGTAATCCCATGAATTTCTTTAATTTCTTTTTTAATGCCTTCGATATCAGTTCCTTTTGGAACTCCTTCTAACAAGATATTGAAACTATCAGTGAGGAGACTCCAAGCTCTTGGAAAAATCCAAAGAGCGATTAAAATTGCTATTAATGAATCTACCCATTTTATGTTAGTAAAATGAATAATGATGGCTGCAAGAATGACTCCTACTGAACTAATCATGTCACTAAAAACTTCTAAATAGGCTCCTTTTAAATTCAAACTATGTTCTTTCCCGGCACTTAAAATTTTCATGCAAATAATATTAACAACAAGTCCTGCGATAGCAACCCAAAACATAATTCCAGTTTTAATTTCAAAAGCATCGTGATTAAAAAACCGATTAAATGATTCATATAAAATATATATGCCAACAAAAATAAGTAAAAAAGAATTAAATGATGAGGCTAGTATTTCGAACCGATAATAACCAAAAGTTCTTTTTAAATCCGCAGGTTTTTTCGCAATTTTTATAGAAATATAAGCTATTGCAATTCCTATTACATCGGTAAGCATATGAGCTGCATCGGATATTAAAGCTAAACTACCAGAAATTAAACCAGCAAACAGTTCAATACAAAAAAACAAACCAGTAAGAACTAAAGCAAAGAAAAGTGGTTTTTCCTTTGATACATGTGAATGATGAGGTCCTTCGTGAAAAGTCGTGTTCTTTTTCGGAAACATAAAACTCCCATTTTAAATTGTATTTATAATGTAAAATTTTATGAACTAAAATTCAATTTAAAATTAGGAAATTATGGAGAGATTCTTTAATAATTAATTTGCTATTTTCATTTGTTCAGAAGCTACAGAAGGATCATTTTTGTTTTTATTACTTTTTTTCTTAAAAAAGTTTGAGGTAATAATAGCAAATGCTCCGTTACCTAAAACATTTCCCGAAGTATTGACTGGATCAAGAAGAATATAAATTGCTGTGATTAATCCACTCATTTCACTTGAGAAACCTAAATATTTTTCTAGAATAGGAATCATAACAATAATTCCACCCCCAGGAATACCAGCAACACCAAATTTATTAAAAACAAATAAGATAGAAAAAATAAAAAATGTGGACAAACTAGGAAAAGGAAGGCCAAATGTTGCCATAATTGCAATAGCAATCATAGGCACTG
CP123622.1_gap66	2960130	2963258	3128	ATTTTCAGCGTCTTTCAGTTTAATTTTTTGAATTTGGGAGTAAATATTTTTACGCGCAATTGAAATACTTTTACCAGAACTCAATAATCCAAAAGCTCTTCCACCACTAGTTGATTGGTCAGGTTCAATAGCTGTTGGTATAAATTGACATTCTTCAGAGATATTATTTGTAAATACAAGTTTTCTTTTTGGTGCATTTTTTTCAGGATATTCAGGTGAAGCTCCAACTACAAAAACTCTTTTTAAGGAATCTGTCAGAAAGGGAGTCGTATTTTTTTCAGGAAATAAAAATGCTTGTTTTTTTGCAGTTCTATATAACTCAATATAAAATTCTCTTTGTAATCCTGGTAAAATAACTTGAGTTTCGGGGTCCCCAAGACGACAGTTGAATTCTAGTAACCAAGCATTTTGGTCTTTATCAATCATAAAACCAGCAAATAAAAAACCATGATAAGGAGTATTTCTTTGGTTTAATTCTTTTAAAATTTTTGTAAAAGTATCTTTTACCTGTTCCATTATAATATTTGAAAGTTCTACTGGGGAGACAGTTCCCATCCCACCAGTATTTGGACCTGTTTGCTTATTGTTACGTCTTTTATAGTCTCTAGCAATTGGTAAAAGTCTGAATTGTTCATTATTGCATAATGCAATTACAGAAATTTCTTCACCTATTAAAGTTTCTTCAATAAGAAAATAGGGTTCATTATTTTTATTACTATATGTTGGTGCTTCAACTGATTTTGTCATAATTTCCCAGTCAGGTAAATTATTTTCAATAGTTATTAATGCTTGTTTTATATCTTCATGAGTTGAAAGAACAAAAACACCTTTTCCAGCTGCTAGACTATCATACTTCAAGACACAAGGTAACGAAAAATCTTGAATTCTAGGATTTTCTAAAAAATTTAAGAGAAGTAATTTTAATTTACTCCATGAAATAACTTTTGATTTTGCTGTTTTTATTTTTGCTGCTTCAACGATTTCTTTACAAATTATTTTGCTAGCTTCTAAAGAGGCGCATGCCAAAGAGGGTGCTAACACAGGGATATTAAACTTTTCACAAGCCGGTGCAATACCATTTGCAATCGGTAATTCAGGACCGGCAATGACAAGCCCGACTTTTTCTTTTGCAGCAAATTGAGCTATTTCATTCACATCTGTTGCAGGGCAGTTTGCAAATTTTGGTGAATCCCAAAGCCTTTTTCCAGCAGCACAGAATACTGTGCTTACTTCTGGAAGTTTTTGAAAAGAAGAATAAATAGTATAATCTCTGCCACCATTACCAACGACTAAAACATTTTTTGGCATAATAGCTGCATTTATGATTTCTTTAAAAGTATCTGGAAAAATTGGCCAAGCAACTTTTTGTTCATTAGCAATTTGGAGAGGAGTCTTTTCAGAACCAATAAAGGTTTGATATAATTCTAGATACCTAGTTGTTACCTTTTCGATTAGTTCAGAAATAATTTTTTCATCTTTAAAAAAAGGATGATTTGCAGGATTATCTTTAATATTTTCTGGACTTCCAAAAAGCTTAATTAGTTCTTCACGAAGAAATTCTTTTGACATTTGTTTTGGATTAGATAAGTCTAATTTATCTGCAATCCAATACCGCGAAGAATCAGGTGTATGAACCTCATCTACTAATATAATTTTATCATCATATTCTCCCATTTCGTATTTTGTATCTACAAGGATGAGATTTTTAGCAAGAGCTTCTTTGCTACCAAAATGAAATAATTCAATAGATTTTTTTGCAATAAAATTCCATTTTTCTGCACCAATTAAATTTTTAGCCATTTCTGCTGAAATAGGCAGATCGTGTCCCATTTCAGCTTTGGTGGTAGGAGTGATAATGGGTTCAGGAAATTTTTGATTTTGTTGCATTCCATCAGGAAGATATATTCCATATTGACTAAGAATTTCTTTTGCGCCTTTTTCTTTATATAAACGCCATAGACTTCCAGATAAATATCCTCTAACTACAATTTCTATCGGGAAAACTTTGGCTTCTTTTACTAAAACATGAGTCGTATCCAGTGATCCAATTAAATGGTTTTCAATGATATGGCTTGTATTTTTAAAGTACCAAGTTGAAATAGCTTGTAATATTTCAGCTTTATTGTTTATTTCAAATGGAAAAATAAAATCAAAAGCTGATATTCTATTACTTGTTTGAAGAATTCTTAATTTATTTGATAATGATATACTATTTCGAACTTTTCCGATATAAATATTTTGAATTAATGTCATCTTAAGATCCTTGAAAATACTTATTAATATTGGTTATATTTTCGTACATAGCATCTATCTCGATATTACCACCAGAAAAAACCGCTCTACTAAATGGAAAAATCATTTCATTTGGCATTTTTTTGCATTTTGTAATAACATTCCAATCTGCACCTTGAGCTCCTATACCAGGACATAAAGCACTTAATCCGCTCGAGATAAATTCATGAGAAAAAAGAATTTCTTCTCTGTTTGCAGCAATTACAACTCCTGTTACTTGGGAATAAATGGGATCATTAAATAGAATATTTTCCCGAACTTTTTTGCAGGAAGTTAAAATATTTCTCCAGTTATCTTGAATATAAGATAAATCTGAATTACTATTTTCACTAGTTGCGCAAAGAACATAAACTCTTCCCTTTTTTCCTACATGTTCAACACATTGTTCAACAGCAAGTTCTATCGATTTTTCACCTAAAAAAGGACTAATGGTAATTCCATGAACACCTAACGTAACAAAAGCAAAATCTAAATAAGCTTTTAAGGTTGTAGAAATATCGTTAAATTTTCCATCAAGTATAATAGTATAATCTTTATGAAATTTAGCTACTAATTCTTCTAGAAGTAATAACCCTTTACTTCCGTGCAATAAAAAATAAGCTAACTGTGGTTTTATGATATAATTACTTAATTTACCGCAACTAAAACTTAAAATTTCCATATGTTTATAAACAGAGCTTTTAAAGTTTTCAAAGTCTTTTACAATAGGATTTGGATCAATTCCTAAACACATTTTTGTATTAATCAGATTCATTTAAATCCTTTCTAAAGTTTTCAGAAAATTTATTGCAATCTGTAATGTTTTCTGCATGACAAATAAAATGCCCCATTTTTCT
CP123622.1_gap67	2965207	2967518	2311	CTCGCAATAATTCTACTATTTTTTGGGAAGTGGTTCCTCTGACAATACTGTCATCTATAACAATAACTTTTTTGCCTTTGATCGTTTCCCGAACAGGATTTAATTTTAATCTTACTTTGAAATTTCTAACATTTTGTGTTGGTTCAATAAACGTTCTACCGACGTAGTGATTTCTAATTAAACCAATTTTATACGGAATACCCGAAGCGTTAGCATAGCCCATTGCCATTGGAACACCACTGTCTGGAACAGCAATAACCATGTCTGCTTGGACAGGATTATTCTTAGCGAGTTCTTCGCCCATCGCAAAACGCGTATCATTTGCTAACATATTCCAAACAAGGCTATCAGGACGAGCAAAATAAACATGTTCAAATATACATTTAGCCTGTTGCAGATTTTTACTTTGTTGAGTTGTTAAGTTAAAAAATACGCTTTCAATTTTTCCAGTAGTAAGCTCAATACTTAATATTTCTCCAGGAGAAATATCGCGGATAAATTCAGCGCCAACTAAATCCATTGCACATGTTTCACTTGCAAGAACCCAGCTAGGAATTTCACTCTCATTTTTTATTAAACCAAGAGATAAAGGTCGATATCCACAGGCATCTACAACGGCATACATATGAGTCGGGGTAAGGAGTAATAAAGAAAATGCTCCGAATAATTCTTCAAAAGCATGGGTAAGTTTTGCAATAAATTCTTTTTTACTACTTCGAGCCATTAAATGTAAAATAAGTTCTGTATCAGAAGTAGCTTGTAATATAGCGCCTGAGGATTCTAAAAATTGGCGCATTTCTTCGGAGTTAACTATATTCCCATTATGAGATAAGGAAACAGGAACTCCACCAATACGAGCAGTTAGTGGTTGAATATTTGCGTCAGAGTTTCCTCCAGCAGTGCTGTATCTAACATGCCCTATAGCATGATTACCTTTTAGTTTAGTTAAATCTGTTTCTTTGAAAACATCAATAACTAAACCAGAATTCTTATGACTAATAATTTCAGTAGAATTGGTTGAGGAAATGCCAGCACTTTCTTGACCCCTATGTTGTAAAGCAAAAAGACCAAGATAAGCTATTTTTGAAGCATTTTCAGTATTAGTTACTCCAAAAACTCCGCACATTACTTTGTTTCCTTTTCAGCGCATGAAAGTGTGTCAAAATATTTTTTAAGGGAACTAGAAAAATCTGAATAAACAAGATCATGATCATATATAGGCATACTTATATTAGATCCAATTGGTTTTAATTCTGCTATTTTAGTAACAACGATATCTGTGTGGATAGAAGAATTAAATATTGATTCAAAGTTTTCTTCTTCTTTAAATCCTAAAATAAAGCCCATATTTCCTTCAGAAAATAATTCTTTGCTAGATTTTTTCCATAATGCTTTTTCTAAATCTATTAAACAATTTGAATTTAAAGCTAGAGAAATTAAAGAACCTAGCATTCCTCCATGTCCTATGGGTCTAGAAATTTTTGGTGACTTTAGTTGAATTGTTTTTAAAATGAAATTCCAAATATTTTTTTCACTACTTATATTAATTTTTGGACAATCAGAATTTTCTCCTCCAAAAATCCATGCCGTTTGAGAAGCAAGGTAACTTGAATTTTCAAGAGAATTACTTAATGAAATGTGATATAACTTTATTGATTTTTCTTTAGTTTTATCAAAATATCTTATAGGTAATCTATCTAAAGGTACTTTGTTAACATCATCAACTCTGCCAACCATTCCTAACATCGGAGTAGGAGGAATTGGTATACCTTCTGTTTGATTGTTTAAACTTACATTCCCACTTACTATCGGAATATGCATTTCTTTTGCTATTAAATTAATTCCATCAATTGCATCTGAAAATTGTCGCATTACATCAGGTGATTTGGGACTTCCAAAATTTAAACAATCAGTCATAGCTAAAGGAACAGCTCCACTGGCAACTAATTTTCTAGCAATTTTTAATGCAGTTAATGCTGAACCATGAAAAGGATCTAATTCAACCCAACGCTCTTCGCAGCCTCCTGCGATTGCGATTCCTGTAGTACTTAACTTTCCATTAGAATTTAATTCTTGTGCATATTCAGGTAAACGGACAACACCAGCGGAAGCTGTTTGTAAAGATCCACAAGCTGCAACACTATTTCCTTGAACAGTTGAGCAATAATTATGAAATACAGGTGATCTGTTTGCATTCATCGGATGCGCAAAAAGTTTAGGAATTAAATTTGGATAACGTTCAATCAAATTTTCTAGTTGAATATCTGAAAGAATGTCATTATGAATATCTGAATTTTTTAATGATAAAGAC
CP123622.1_gap68	3014855	3015562	707	AAAGCGACACAATTTTTGGAGTACTACACTAGAATTCGCTCTGGTAGAGAATTTGAAATGCTACGTGAACTTGGGTTATGTTCTCCAGCTAAGGAAAAAAATGAAGAAAAAGGAAAACAAACATCTGAATCAGCAAAACAGTGACTATTTGTATGGACAGTCTCCAAGTTTAAGATTTTTTGTTACCACTGCAAAAGGATTTGAAGACACCCTCCAAGAAGAATTATCTGAACTATATGACTTTTTGAAAATTAAACACCATAGTTGGAAAGGGTCTGCCGGTTGTTATGTAGAATCACCTTGGTCAGGTGCAGTAAGTGCTAATTTAGCTTCAATGTGTGCTAGTAGGGTTTTATTAGTACTACTTGAAAGGCAAATTGATTCTGAAGAAGATATCTATCATGCATGCCGTGAAATTAGCTGGACTGATCTTTTTGAAAAGCAAAAAACATTTGCAGTGAACGCTTCAATAAATCATACATTTATTGACAATTCTATGTTTTTAGCGCTCAAAATTAAAGATGCTTTATGTGATAATTTTCGAGATGATTTTGGCAGTAGGCCGAATGTGGATACAGAAAATCCTGATGTAAAGATATTTGTTCGTTTGGTACAAAATAAATTAAGCATTTCTATTGATACAACCGGAGAGCCTTTATCGCAAAGGGGTTATCGAACAAAAACTGTAGAGGCTCCACTGAAAGAGA
CP123622.1_gap69	3025265	3027819	2554	TAGAAATTCAATTCCATTAAGAAACTACTTAATTTCTCATAAAAAATGGATAAAATCTTATTATCAACAAGAGAAAAATTTACTTGTAAATAGAAAAAGTTATTCTAGCGAACCTAGTCAGGTATATAAACCAAATTTCTACGAAAGAAACGAATTAACTCCACTATTTGATCGATATTCTTATGTAAAAGATTCAATAGAGAAGCCAGTTACTATTAAGAATAAAGAATTGATTCAAAATGTTGAATTTGTAATGACACCCCATTTTAATTTACTTGGAGCACATCTTTATCCAAGTTCTAGTATAAATGTTTCTTTAGAATTAAAAGCTTTATTTTTTTAGCCAATAATTTAATTCTTTTTTAATGGATACTGAAGATTGTAAATTATCAGAAGCCCATGCAATATATAAGTCAGGTCTGATAAGTAAATATTTTGTCTTGAAAAATTCAAACCTTTTTTCTGTGTACTTAAAATGATAAATATCTAATCTATCTTTAAATTCTTCTGGTAGTCTAAATTTTTGATGAGTGAAGCAAATAAATACGAAATTTCCTCTAGAAAATAAATTGTATAAATTTAAGCAATTAAAATCCTCAAAAAGCTCTAAATCCGGAACTCTACAGCCAATTAATTTATTTTTATCTTCTGTGCAATTTTGATAATTGATATGTAATCCAGCAATTTCTTGGGTTAATTTTTTATTGACTTCATCTGTTTCTATAATAACATCTTCAAAATATTTTCTAAAAGCAATATCGCTTTCACTGGTTCTAAATAGTAAACTTTCTTGTTTTTTGACTGACTCCATTAACATTTTACCTGCATAAATTCTTTCTGTTTGATAGCTATCTAGTAACCATTTTGGTGCCCAACCCTTTAATTCAGCAGCAAGTTTCCAACCCAAATTAAAAGCATCTTGAATCCCATAATTTAGGCCTTGACCGCCTGCAGGTAAGTGATAATGAGCAGCGTCACCAGCAAGTATTACTCTATTTTTTATTAGTTGTTTTGCTAATTTATTGGCATTTCCAAAGCTGGAAATCCAATGTGAGTTTTTTACTCCAAAATCGTGTCCGCAAATATCTAATAAATATTTTTTAATTAAATCTAAATCTAAAGAATTTTCCTTCAAATTTTTATCTATGCTATCACTAATTATAACAAAGCGGGTAAGTTTTTTTCCAGCAGGCATTACCACTACGACACCTTTGGAACTAAATTCACACTGTGTAGAATATGCTAATGGGGTATCTAAATAAATATCTGCCATTAATGTTGTATTTGTTTTATTTGTTCCTAACATTTCTATATTACTTATTTTTCTTATTTTACTTTTGGCACCATCGCACCCAACTAAATATTTAGCTTGGAATTTTAATTTATTTTCTAGATGTTTTACTTCAACTACCACGCCATCATAATGCTCTTCAAAATGAATAACTTCATGATTTTTTAATATATCTACACCTAATTCTAATGCATGGTTTTGCAGGATAATTTCGGTGTCTTTTTGTGGCAACCAAAGTGTAAAATTGCAGGGACTATCTAACATATACATTTTTAATTTAATCATGACAGCATAGTGATAAAGAGGAAGCCTGGGATCTTTTTCTAAGAGATCTTTTCCTTTTTCTATAAATTTTTCTAAAATTCCTCTAGAATATAACAGTTCTGCTGTTCTTGGATGAATTGTAGCTCCCCGTGATTGTGGTGATTCTGCAATTTTATCGTCTAAGACTAAAGTTTTTATCCCTTTTAAAGCCAATTCACAGGCAAGCATGAGACCAGTAGGGCCTCCTCCAGCAATGACAACTTCATATTCATTTTTCATTTCTATTTTCCTTTGTTTTAGTTAAGTTAAAGGGAATAAAAAAATACCCTAACATTGTTAGGTTTATAGTCTAACAATGTTAGGGTGTCAATGGGGGTGTATTATGAACCATTCACAATCACAAAATATTATTAACGCTGCCTTAGAGTTGCTAGATGAAGTTGGTTTTGAAGGCTTAACAATGCGAAAATTAGCTGATAAACTGAATATAAAGGCGCCAACTTTGTATTGGCATTTTAAAAACAAACAAGAATTAATAGATAAAATGGCAGACTCTCTATTTTCAGATGTAGCATTAGTTCCTTTAAACAATGAAATGAAATGGTCTGATCAAGTAAAATTGATTTCAAAAGAAATTAGACAAGCTTTGCTTTCGAGGCGAGATGGAGGATTAATTTATGCAGGAACAGTTGTACCAACAGAAAATGTTTTTCGCGTTTATCATGCTGTTGTTAATCCATTAATCAATAATAATATTCAATCAATAATTGCTGGTAGATTTGCTTTTAATATATTGTATTTTGTTTTAGGTTTTGTCATAGAAGAACAGGGAAGTAAAAAATCTATTGAGAAAAAACATCTCAATAAATTAACAGATTCTTCTAACATTAATTTGCAAAATGTCTTAAATAATAATTTAAACACAGTTTTAGAAGATTTATTCTCAGATAATGATGAAGATCGATTTGAGTTTGGACTAGACCTTTTGTGCAAAGGTTT
CP123622.1_gap70	3066718	3067850	1132	CATTGCATCTAATGTTAAATCTGTCATCATTTGCAATCCGGTATAAATTCCAAATTTCTTTTCTGCTGCCGTTAAAATATCAAACATTGTCCCACCGAAAGCTTCACCGTCATCATGAACTTCGTTGGTTAAGAAAAATCCAGTTTTATTGATAATCCGCATATCAGATAAGCCAGGGAAAGAACCAGCACCTGTTACATCATGCAACACCATTTGTGCTACAAAATCTGCCATGCCTTCACTGAGTCCACCTGTGCCAGCTAAATTAATATAATCGCCCATCAAGCGATCCATCACACCATGTCCAAGTTCATGCCAAATCGTCGTATTGTCACGGGCCATGTTACCTTGGCTTGGGGAATAAGTTGTAAAGTTAATTGTGTCGTCAGTATAATAAGCATTATTTTTCATGGAAATATCAGGATCGTATAAAAATGCATGAAATGGTCGGGTGGATATCTCTGGATCATTAAAACCACTTTTTTGCAGAGATTGAAACATTTGATCAACTGCCCAATAAACTTGAATAGCATCAAAACCGTTGTTCATGTACTCAACAACATTATGATCAGGGAGACGAACCGCATCGACTTGGTCCATTTGTTTTCGCGAAGTAAACGGTTTAGCATGATAAGTTCCGGTTGGTACCATTTCATTATCACGATAATCAAAACGGAATTGTCCTGAAAATTGCGGCTTAAAGTTTAGTTTGTCAGCATATTGCTTCATAGCTTCAGGATGAACATTAATTGAAGTATATTTTCCTTCAAGAAGAAAACCCGAAGCAAAGTTATTATCAACTAAAGGTAGTGAGCTACGAATTGCGTTACCTTGTCTTTTTACGTAGGAAGGAGCCCAATATCCTTCTTTCCGTCCAGCTGCAGTTAATCCTTTAAATGGATCAAACATGGAATTTAAGTATTTTATGTTACGTAAAGGTGCAAAAGGATCTGTCTCTGCTTTGAAGATCTTACTATTAAGGTTCCGTAAAAAACTTGGAGAACGTGGCATTAACTCATTAGTTTTCTCAATTTCTTCATAAATTGGATAAATGTGTACAGGCACACTTAGTGTTTTATTGTCGTTGTCTGCATTAGGAAAATCTTCATAAAGATGATCTACAACTTTTTTG
CP123622.1_gap71	3075844	3076357	513	ACATTGGAAAAACTTTCTACCATTTGATCATGCAGAACTCTTGCTCCATTTGATAAAAAACCAATTAAAACAAGCCAATCTAAAGCTTTAATTATTATAACTATTCCGCAAAATGAAAAGAAAAATGTTGTTATTTGTTCTGCATTTGCATGTTGTAACCAATTTTTTAATTCATTAAAAAATTTAATTTCATGGTTGCATTGATTATTCGAACATTTATCAACCCAGAGAGAGACAATATAGCGAAATAAACTTTCACCTATACTGGCTGAAATAATTAAAATAAATATAACTGGTGTAAAATATTTAACCCCCTGCATTGCCATAAAGTAACGTTTAAAAAAAGCAAATCCAATACTGCCTTGTTGAACACTTTCTTTTGCAATAAATTTTTTAGTTTCTTCCATAATTTTCTATGCCTGCTAAGAATTGTGTTAATCTTGATTTTTTGTTTTTTATAAGATCTTTATATATACCTTGTTCACAAATTTCACCGTTTTCTAAAAAAATAAT
CP123622.1_gap72	3077501	3082216	4715	AATCTCTTGTCACCTCGCCGCATCATTTCATGGTGCAATCTGTTTCCTAACCAAGTAAAAAAGATTGAAATTGGGATTTGTAAACTTATTATAATAAAACCTAACCAAGCAATTTTTCCAATGGTTGAGATCATAATTATCATCACTAAAATGCAAGACACTAATAGAACGGGAAAGTCGACCATTGCGTGGGAAAGATAATCTCCTAAAAATCTTGTATCATTTTGTGCCATATTGGTGATATCGCCTGATTGAAACCTATTTCTGTCTTTTTTACTGATGGAAAGCAATTGTGTGTAAATATAAAACATCAGTTTATATGGGATTCTCCAAGCTAGGAGCATTTCCTTTTCAATTTTTTGGGCATGCAAGCTGGTTGCTAAAATATTAAGCAAAAATATAATAACAGCCAAAGACATACTAAAAAATAACTTTTCGTTTGTGGTTGGATTCTGATACAATAAATCTATTAAACGAAAATGTTCCGATGTTTGCTCTAAACTTCTTAAAACTTGGACAGCTGTTAAAGCTGCAAGTAAAGAAGCTGTTACGTCTGTGATATGAATTAAAAACATTTTTGTGAATTGGTTTTTTTCAAATACTATTAATGATTTAAATGGAGATTTTCTTAACAATGGGAGTGCTTGCAGAAATGAAGGATATGGGTCTTTTTTTTGCAAAGTTTCATTAATAAATGGAATTGAGTTTAAATCTTTTTTAGTTGCAGATCGTTTATTTAACTTTAGCATAATACTTGTTACGTCGGAAAAAGATAACTTTTCCCATAATGTAGTTTTATTTTGAGACAAGGTGGTACCTCAAATTTTAGTTAGGAGTTATAAGTGAATTTTTGCTTTAATTTGGATGAAATATCAAGTTTCATTACCAAAGCTGAACTCGGTTTTCTTACTCCAAATGAACATACTTATTTGCAAAAAATGATTGCTGCACAATCAGTAATAAATCAATTTTCAAAAAATTTCAACGAACAGGCTCTGCAATATAATAAATTAGTATCTAAATATTATAAGTGGATTTGTTATTCTTTTGAAAAGAAAAATATTAGTAAAAAAGATTTAACTGAATTACTTCTCTTAAAAAATTCTCTGGAAAAAATAAATTCGTACGAAAAAAATAAAACAAACAATACTGATAAGCCATTATCTTTTTTTTGTAAATTAAATGAATTGGCTAAAATATGGAATTTTAATTTAGAGAAAAATGAAAAATCAATAATTAATTTTCTTAAAATTTTTATGAAAGAAATGTACTATATTCCAGAGTATTTAATTGAAAGTGTTATGCAACTTGTAGTTGAAAGTTGGCGTCCAGTTTTCTTTCCTATAGGGTCAATCTTTACAAAAAAATTTTCTTTAAAAGAAATAGAGGAATACTTTTTTGGAGAAAATTCAAAACCAGACTATCAAACTCATATCATTGATAGAATTGATAGGTTTTTTTCGTTAGTAGGGGTAGGGCATACAAACCATCTATTTCTTTCAAAAAAGAATGATTTTGAATTGTATGAAGCTTCTTTAATTGTCCATGAATTACAGCATATAGTAGATGCAAAACAGCAAAAAATATTACCTGAAGGAATGCATTTAGTTGATCATTTATTTTTAGCAGAAAAAAATGCTTTAAATGCTGAAAGAATATTTTTAAATGGAAATGGAGTGTCCAAAAAAGGGAAATATAATTGGCTTGAAGCTAATTTATTTTATCCTCTTCTTTTATTGAAATGCGAGTTACATTCGTATTTAAATAATGAAATTGATATCATAAATTTTAAATCAATATGTCTATCACATGGAATGGATCCTGTTACATTATCAACTTTATTTGATTGGGGAGCACCTTTTCAAATGGGTATTTATTGTGCCGCTGTGTTAGAGTTAGAACAAAACTGGAAAAAATATATTCAATGAATATTCTAATGAGGGAAATATGGAAAATAATTCTACTAAAGATATTAAGTTACCTTCCATTCCCGATGCCGTTCGGGAATGTCTAGCCCAAATGTATAGTACGGAAGCTGATATCGGCAAATTAGCTAACCATGCTCAAAAAGATGCTGGTATTACATCAAGTATATTAAAGCTTGCAAATTCTTCTGTTTATTCAATGGGGCAATCAACAAGTGATCTAAAAGTAGGAATGACTCGAATTGGTCTTAGTTCGTTAATGCAAATTCTTATTAAATATTCTATTGAAAAGTTATTTGAGTTTGAAGCAATAGATTTTTTTAATGTAAAATCATTTACTAAACATTCTTCTTGGGTATCACAGGTTGCATTTGAAATTGCAAAATTCTTAAAAATCGATGCTTTATCTGATTTATTAGTTGCAGGTTTGCTCCATGATGTTGGTTTACTAGTTAGAGCTATTTCTGACAAAACCTTAATGAAACAAGTGACAGAAAAATGCATAAAAGAGAAAATTGATTTTAATATTGCTGAAAAATTATTAAAACTAGAAGCGCATGAACAGCTAGCTGAAGTTCTGCTGCAAAAATGGCAATTACCTCAAAGTGTAATTACCTTAATAAAGTATCATCATACAGATGAAAAGTTTCGACCTAAGACATTGTCGTCAGAGCAAAATAAATTAATTAATATAATGTGTATAGCAGATATAATTGCCCATCGTTTTGGTAACGCCTTTCAAAACTATCATCGAGATACAAGGGTAAATCAAATTGAACTAGAAAAATTAGGTTTAACTAGTCAAGATATTGGTAATATTGTGAAACATGTAACTCAACAATTACAGTTTTTTTAAAATTATGAAAAAATTTTTAATATTTTTAATTCTTTTTTTTACTCCAAGTATAATTGCAGGTTTTTTATTGTTTAAGTTTTTTCCACAAGATTCCAAGCAATTACTTGATCTTGGGAAAATTAAGTTGGCTGAAAAGGCTCCTTTTGTAAAAAATTATATTGCTCTACCTGCCAAAAAAATAGAAAAAAAACCTGAAAAAAACGATAAACCTGAGAAGAAGGAAATTGTTTTAGTCAATAATTTACAACATTTTACAAATGCGGAAGTGTTTTCTCCCATATGTGGTGAAGAAATTAAAGAAAAATTTAATGAATTTTTCACACAGTGTAATAGTTGCCCAAAATATATTAGTAATAACAATAATAACAATAATAACAATAATAACAATAATTTTATTTATTTTTATGAAACAAGAGGAAAAATATTAAACAAAAATGATGAAGAAGCTTTTGTGATTATGAAAGGATGTAATGAAAATAAAAATTTAGCAACAATTGTTTTATTAAGAAACGGTTATGGAGGTTGGCAAAGAGTTAAACACTATTCTGATATTCAAATTGATAAAGAACCACTTGAATTTTTTGATAGTCATGGCATGCTTATTTTTGTCACGAAAAAAACGATTGTAAATGAAAAAGAACTTAAACAGGAAATATATTCATTTAAAATACAATCCGATAAAATTGAACAAAAGGATTTATTTGCAATTGGGATGGAAAGAACTATGGAATGCCATAATACCTTACAAGGTAGTATTGAAGATCCTATTAAAATTAATGGAAAAACCTTTCAAACAAATCTTGAACTTATAGGTTGTAAAAAAAATGTTTTAAATGGTCCACATAAAGTTACCTTTTCTTTATCTGAAGATAATATCTTTTTTCCTAATAAAGAAACAAATTCTTTAATGACTAAAATAGAAAAATATGGAGAAAATGATGTTCCGTAAATTTTTTTTAGTATTGTTTTTTTGGTTAACAATTATTTTTCAATTAAATTCATTTGCATATGAAGAAAAAGAATCATCTTCAGTTCCTCCTAATGTTGGTTTATCTTTAAATATCTTAGGCCCCTTATTTGGATTATATTCGGCAGGAGTTTCCACTTATGTTTCACCATATGTGCAAATTGGATTATATGGCACTTATTTTGATACCCGTAATATTGATCCTCAAGTCACAGGTTGGCAAAGTCAAATTCGTCTTAATTTATATTTTACTGCTCCTAATGTAAGTGGAATATATTTAGGAATTTTTGGTGGATATGAATCTGTTACTATTAAGAAAAATGATAATAAATCTGATTCATATAATGATTTAATTGGAGGTTTTGTTCCGGGATATAAATGGGCTATGACAAAAAAATTAAATTTATTACTCGGAATAATAATTGGTTACATGTATGGAGACATTCAAGTGAGTCCAGAAATTTCATTTGTTTATTCGTTATAAAAAATATTACTAATTTACTTACTTTTTAATTACTAGGGAATAAAGGAATGAAAAAAATTTTCACAATATTTTATTTATTTTTTTCTTTCACAAGTGAGGCATTGACGCTTAAATTATTCTATCCCGATAAAGATTCTCCCCCCAATCAAATGGGAAACGATGATAAAGTAGCAAAACCTCCAGGTTTGTCCCTTGATATTATTTCTAAAGCGGCAAGTGATCTCAAAATAAATATTGAATATTTTCGAGTACCTACAAATAGGGTTTTTATTTCTTTAAAAAAAGAAGAAGCAGATGGCATTTTTGTTTTTTCTTATTTACCTGAAAGAACTGAATTTGGAGTCTTTCCTTTTAGTAATGGTAAAGCTGATAGTACAAGACGAGTGTTTTCTTTGAAGTATCATTTTTACAGGTATAAAAACTCAACGGTATCTTGGGATGGGAGTAAGCTCTTAAATTATCATTCTAATATAGGAGCATCTA
CP123622.1_gap73	3089829	3092526	2697	TTTCAAAATTATTATATTCGCTATACTTTCTTACTTTTTTGGAGTTCTTGGAATTTATTTGACGAATAAATTTTGGGCAAAATTAGAAACCTTAATTTTCTTGAAGAAGGGGTTTTTGCTAAATTTAAGTTCTCTTAGTATAGGTGGACTCTTTATTCTGATATTAAGTTATTTTTTAATCATAACAATGGGTCCACACAATTTAAAAAATTTAATAACCAAATTCAAAAAAAGACTGATTGGTTAATTGTCTATATCAACATAAACAGTTTTTAATTGAGTATAACTTTCAATAGCAGCTATACCGTTTTCTTTTCCAAACCCAGAAGCTTTAAATCCGCCAAAAGGAATTTCAACTGGGCATAAATTATAACTATTAATCCAACACATTCCGGCTTGAATTTGGTTTATAACTCTGTGTGCTCGATTTAAATCATTTGTTAATATCCCACATGCTAGTCCATAAGGTGTATTATTCGCTCTTTCAATAACTTCATTTTCATTTTGAAAGGAAAGAATTGACATCACAGGACCAAATATTTCATCTTTAACAATCGTCATATCATCATGGCAATCTGTAAAAATAGTAGGTAACAAAAAGTTTCCGTTTGCAAATTGGCTTTCACTTGGACTCCATTCTAGAGTTTTGCCTCCATAAATTAATCTCGCTCCTTCTGATTTTCCTTTTTCAATATAGCCCATTACTTTATTGAAATGTTCTTTTGAAATAAGGGCACCTAATTTAGTATTTTGATCAAAAGGATCACCAACTTTGAGTTTGGAGACTTTATTTAGCAAATAATCAGTGAATTTATCTTTAATTTTTTGGTGAACAAAAACTCTAGTTCCATTGGAACAAATTTCACCTTGATTATAAAAGTTTGCGTTTATTGCAATTTGTGCAGCTTTATCCATATCAAAATCATCATAAATAATAAGTGGAGACTTACCACCTAATTCAAGGCTGACTTGTTTTAAATTACTTGCAGCATTTTGCATAACTCTTTTTCCAGTTGAGTAAGAACCAGTCAAAGATATTTTTTGAATATCATGATGTAAACTTAAATATTCTCCAACTTCTCTTCCACCTTGCACAACTTGGAATACACCCTCGGGTATACCAGCTTCTAAAAATATTTCATAAAGTTTATTTGCACTCAGAGGGGTGAGTTCTGATGGTTTAAAAATCATAACATTTCCACTAGCGAGAGCTGGTGCTGCTTTCCAACAAGCAATTTGAAATGGATAATTCCAAGCACCAATTCCTGCGCAGATACCAATTGGCTCTTTTTTAGTATAAGCGAAAGATTTTCCGAGTTGAACATGCTCACCATGAATACTGGGAGCTAAGCCCGCAAAATATTCTAAAGACTCAGCTGCACTAGGGAAATCCACTTCAATTGCTTCAGTTATAGGTTTGCCTGTATCAAGGACTTCGATTTGCGCAAGTTCATGTGAGCGAGATCTGATAATACTTGCAGCTTTATTCAAAATTTTTGCCCGTTGCAGTCCTGTGAATGTTGACCAGGTTTTAAAACCTATTTTTGCTTTTTGAATAGCACTTTCTATTTCATAATTTTGAGTGATTTCTATTTCACAAATTTTCTTACCAGTGGAGGGAGAGTAGTTAGAAAAAGTCTTTTGCATTTTACTTCCTTTCATGTTAAGTGGAAGTTCTAAGTAACATATTTTAAAAGTATTGAAAAGTAAGAAATTTTAATTAAATATTTTGGTTACTTTAGTTTTTTAAAAAAATTACTTATATCATTATAATAATCTTTTATAAAAAAATTATTTTTTTCAAGCCAATTGAAATTATAATAAGTATTTGCGTATCTCTCACCTGAATCACAAAGCAAAGTTACAATAGAACCTTCTTCTTTTTTCTTTTGCATTTGCTTGATGATTTCAATGACTCCACAAAAATTTGTACCCGTTGAAGGGCCTCTTTTATAATCTAAAAAATCAGCCAAATAATGCATTGCAGCAATTGAAGCAGAATCTGGTATTTTTAGCATTTGATCAACAATTTCTTTGATGAATGATTTTTCAACTCGTGGCCTGCCAATGCCTTCAATTTTTGATGAAAAATTTGCCTCAAAATCTTCAGTAATTTTTTTATTGTAGTAATCGTAAAATACAGATTGTTCAGGATCAACAACACATACTTGTGTATCAAGAGATTTATAACGAATGTATCTTCCTATTGTTGCACTAGTGCCGCCAGTGCCTGCACCTATTACGATCCATTTTGGAATGGGAAAACGTTCTTTATTCATTTGCAAAAAAATGGCTTCTGCAATATTATTGTTACCACGCCAATCAGTTGCTTTTTCTGCATATAAAAATTGATTCATAAAATAAGAATTTTTATTTTTACCTAATTTTAATGCTTCATTAGAAACTTCTGTTGGATTTTTCACCAAGTGGCAGTAACCGCCGTAAAATTCTATTTTTGCAATTTTTTCTTTAGAAGTATTTTCTGGCATTACTGCAATAAATTTTAATCCGAGCATTTTAGCAAAATAGGCTTCAGAAACAGCAGTTGATCCAGATGAAGATTCTATAACAGTTGATTTTTCATTTAAGAAACCATTACAGAGGGCATATAAAAATAGTGATCTTGCTAAACGGTGTTTCAAGCTTCCTGTAGGGTGAGCGGATTCATCTTTAAAATAAAGATCAATATTTTTTAAT
CP123622.1_gap74	3152757	3155709	2952	TTTGCTTTTATGTACTTTGTCGCATTTTGTTTGAATACAAATAACTTTTAACCCTAGTTTTTGAAACCAACGAGATAAATTTTCGTCCTCTGGTTGAATATCTCTACGAATATCAATTAAAATAAAGATTGCAAAAAGTCCTGTTCTTTCTTCAAAGAAATTTTGCATTTCTTTTTCCCAATGAGCTTGGGTTGTTAGTGCTGATTCTGCATAGCCATAACCCGGAAGATCAACAAGAAAAAAAGTACCTTTTTCAGCTGAAAATAAATTAATAGTTTGAGTTCTCCCAGGAGTATTACTTACTCTAGCGAGTTGTTTTTGTCCTCCGACAAAATTTATTAAAGAACTTTTTCCAACATTACTTCTACCAACCAATGCGAATTCTGGCGCGGAAGATGGGGGTAAATCTGAGTTCTTAAGCCCCGAACAAATAAAATCAATTCGCAGGGGGGTTTTCTTTTCTGATAAAGACAATATAAAATCTTGATTTGGTAGTTTAATCTCGCGCATGGGGGACTTTTCCTTTCCCGAGGTTGCGTTTTACGATGGGCAAGACTACATACAAACAGCGGGAGATTCCAAGTGTCTTTTTAGGATATTTTTAGGATTAATATCTTTGGAGGAAAAAATTTAATGTCTACGAATTATGATTTAATTGTTATTGGAAGTGGTCCAGCTGGTTATGAAGGTGCTGTCTATGCATCACAGTTTGGCTTAAAAGTGGCAATTATAGAAAAAGATCAAACCCTTGGGGGAACTTGCTTGAATGTTGGCTGTATCCCTGCAAAATCAATGCTGCAATCAGCACTCATGTTTGATAAAGCTAAAAAATTTGCAAGCTACGGAGTTAAAATAGCTGGTGCAGATAAAGCTGAACTTGATTTCCCACAAGTGAATAAAAGACGTGATGAAATTGTTAAGAAAATGACTAGTGGTGTCAGTTACTTAATGAAAAAAAATAAAGTAGATGTCCTTCGTGGTTTTGGAACAATTACTGGGAAAGGACAAGTAGAAGTTACAGCTGATGGGAAAAAAACATCTTATACTTGCAAGAATATATTAATTGCGACTGGCAGTAGAGCTCGCCATTTATCACATATTAAAGTTGATGGAAAAAATATTGTCACCTCCGAAGAAATTTGGGCATGGGATAAAGTTCCTGAAACTATGGCAGTTCTAGGTGGTGGAGTAATTGGATGCGAATTTGCTTCAGCTTATGGCCGTTATGGAACCAAGGTAACAGTTTTAGAAATGGCAGATCAAATTTGTCCAACAGAAGATCATGAAACTGCAGCTGAATTAACTAAGGCATTAAAAAAACAAAATTGTGAAATTTTAACAAGCACTAAGACAAAATCTGTGACTGCTAAAGGTAACAAAGTTGAAGTTATGATTGAAGGAGAAAACTCTCCCCGGGTTTATGAAAAAGTCTTGTTAAGTGTTGGACGTGCACCTAATGTTGAAAATATTGGGTTAGAAAAAGTTGGTGTTAAGCTAGATGAACGTGGGTTTATTGCGGTTGATTTGAAAACTTATCAAACAAATGTTCCCGGTATTTATGCAGTAGGTGATGTCATTCCAACGCCACAATTAGCTCACACGGGCTCTGCTGAAGCATTATTTGCAGTTGATATCATTGTTGGGAAAAAACGTCATCCAATTAATTATTTAACTAATCCTGCTGCAATTTATACTTATCCAGAAATTGCAAGTATTGGATATACTGAAAATCAATTAAAAAAAGCTGGCAGAGAATACAAATCAGCTAAGTTCCCATTTTCAGCAATTGCAAAAGCACATATTGATGATGTTGCTGATGGTTTTGTAAAAATATTAACTGATTCGAAATATGGTGAAGTTTTAGGCGTTCATATTGTAAATCCAAAAGCAAGTGAAATGATCTCAGAATTTGCATTAGGTAACAATTTGGAAATGACTATTGAAGAGTTGGCTCATACCATTCATCCACATCCAACTGTGTCTGAAGTTATAAAAGAAGCTGCTCACACTGCAATGGGACATCCAATTAATATATAATATATTCATTTTTGATTTAAAAAACTGATACGAAAAGGATGTTTGTATATGGCAACTCAGAATGTGCTTATGCCTCAAATGGGTGAATCTATTCAAGAAGGAACACTAACCCGCTGGCATAAAAAGTTAGGTGAGAAAGTTCAGAGAGAAGAAATTTTATTTGAAATATCTACAGACAAGGTAGATACAGAAATTCCATCTCCTGTTACTGGCGTTCTTGTCCAAATTTTAGCAAAAGAAGGCGAAACGGTTAGTGTAAATTCTGTAGTTGCGGTCATTGATGATGCTGCAACTCCGGGTGCAGTAGCTGAAGCTCCAAAAGAAGAAAAAGTAACAAAACAACCGCAACAAACTGTTCAAGTTGCCAGCAAAGATGTTGAGACAAGTAATGATGGTACTCAAAAAGTTTATGCGAGTCCTTTAGCAAGAAAAATGGCAGAAGAACACGCTTTAGATTTATCCAAAGTACAGGGATCTGGTGAAGGTAACAAAATTGTTAAAAACGATGTCCTTGCTGCATTAGAATCTAAAACAGTTTCTCCATTAGTCGCTTCTGCGGCAGCAGCTGCTACTGCTCCTGCTGCAAAGGCGAGTTCAGATCATCTCAAATCAACAGGTGGTGGTTCTGAGGGAATTGTTGATGGTGTAAGAGTAAATCGTGTACCAATGACTGGAATGCGTAAGAAAATTGCAGAACATATGGTAATGAGTAAAAGAACAAGTCCACATGTTACTTCAGTAATTGAAATTGATCTGCAAAAAATAGTTGATGTGCGTGCAAAATTTAAAGATAAATTTGAAGCTATAAATGGCTTTAAATTAACCTTTATGCCATTTTTTATGCATGCTGCTATCGAAGCAATTAAAGCTGTTCCCATTGTAAACGCAAGTGTTGATGGTGATACTATTCTCTAT
CP123622.1_gap75	3186455	3187985	1530	GAATTGGCGGCTTATTTAATTTAATTTTATTTTTAAATGGATTTTTTTTGGTTTTCCCAAAGAACCATGAGGGTATTTCTCGTGACTTGATTTTTTTTATTTGTAAAAATAAAACCAAAATTGTAAGTAAAGATACTAAACTTGAAATAATAAATAAAAACATATTTATTTTTTCCCAAATACTTCATGGATTAAAAAGTTAATAAATATTTCAATATTATCTTCTGAGGTCAGAACTTTGACTAAATGTTTATTTTGTTTGATTTCGTTTCTAAGGAACATAATTTGATTATCTATATTTTTAAAATATTCATCCCCACTAAAATGGATATTGTTTTTAAAATTAATATCTTTTTTCCAGGGTATAAGTTCTTCGATATTAATATTTATATTATTTGTTTCTAAAGGGTCTCTAGATAAAAGAAAAATTCCTTTTTTGACTTTTAAATTATTTAATAATTCAATTACATTTTTAGCTGCAGCTAAATGATTATCATAAATATAAAGAAGATCTGTGATAAAATAAACATATTCAGCATTTTGTAATTCTCTTTGATATTGTTTACAACCATTAAATAAATCAACACTATTAACAGGCAAAACTTTGATGAAATGAGATAATCCTTTATGAGATTCTTCTATTATTGCTAAAATGCCATTTGCTAGTTGGCCTTTATTAATTTTTGATTTTTCAGATGAATAAGTCATATTAATGTAATTATGAAAAATTACGATAACTTTTTGTCTTCCTGGAGAAAAATCGATCTTAGTTAATAATTCATTTGTTTTTATAAAATGTGGTTTTGAAATAGTAGCTATAGGATCTCCAATTTCAAATGGTCTTGTTGTGACACCTAAGCGAGAGGGTGAGTTTTTTTTAAATAAGTCATTTGCTGAAAAAATACCTCCAAATTTCTCTTTTATATAGGATCTTATTGCAAGAGGTAATGCTTTTGCAGGATTTAAACATGGCCAATATTTTTCTTCTTTTGGAAAAACACTTGCAATTTGTTCAAAGTTCATTTTCGTTTCGCCTTTTTTTGGAAGCCGATTGATAAATATGTTATCCCTCTTGCTAGAAATATGTTAACAGAGATTGTCAAGTTAGGACAAATTTATGAAAAAGGTTCCAAAAAAAATTTTGTTCATAACAAATTCGAAAGGTAACCACTTATGTCTCCTGAATTTTTAAAGCTGTTAAATTTGGTTGAAGCAAAAACTTTTGAAAATCCTGCTGAGCTTATGGGAGAAATAAGACAAGCATACCAAAATATCATTAGAAATTTCATGTTACCCAGTCCTCTGCGCCGTTCTCAATGGCTCAGTCAGCTTACTGGAGGTGATATTTGGTTGAAATTAGAATCTTTAAATCCAAATGGTTCTTTTAAAGTTAGAGGCGCTTTAAATGCTATAAGTAAATTGAAAGCAAGTAACAAAGTTCAAGGAAAATTAAAAGTATGTGCCGCATCTGCAGGAAATCATGCGCAAGGAATTGCATTCGCAGCAAAAAATTTAGGTTGTGAGGCGCAT
CP123622.1_gap76	3190128	3193104	2976	TTAGTTAGTTCTTTAAATTTAAAAATAAAGTTTTGTAAATTTTGAGTATTTTTTTGTGCAAATTGAAAAGAATTATTTTGGAATGTTAAATAATTCTTTTCTGAATTATTTGTATTTATAAATTTAATTAGGAAAGGTTCATTTTCATGAACTTCTCCTTTACAAAGATTTTGATTGATAGGTTCAAGATTGAAAAAACCTAAATTAACTTTTGAAAGATACGGTGTGATTTTTAAATATGGAGAATTAGATAAAAATGATTCGTTTCTTATAATAATCCCATTTGATTTTTGTTGGTCTGTAAAATTTGGGATTGCAAGAACATAGTCTTGACAATATTTAATTGGATATTGAAAGGTATCACGTATAATAGATTGAGCATAAATGTTATTTGAAAAGAAAAATACAGTGAGGAAAAGAATAAAATAATTCATATTTATTTCCTTTATTTAATTGTTTATTTGGATTGATTTCTAATAATGAAACATAATAAAAGAAAAAAGTCAATTAAATTTTGGAAACAATATTTTTATTTTGTTTTAAGAAATATTTAATAAAAGTAGAAATTTCTCTATGGCAGATTGAATTACACTTTCTGATATTTTACTTTCAGAAAATGTTTTATTCATGTAATCAACAAAAGCACTTCCTATAATTACTCCAGTAGCTCCAATTTCTTTAGCTTCAAGAATATGATCTCTATGAGATATTCCAAACCCTAGCCATATGTCAGAATTAAATTTTTGCTTTAATTTAGAAATTGCTTTTTCTGTTGATAAATTTAATTCATTTTTATTTCCAGTAATTCCGTGAACTCTTGTTAAGTATATCATGCTAAAATTTTCAGGTGGAACAAGATTTTCTTCGTTCAATACTATTTCAGGAGTTAAAAACCAAACTCTGGGTGTTGAAATTAGAAAAGGAATTTTTTTATTGTAATTTAAATCTGAAAACAATAAACCTGAAAATTTTGGAAATGAAGCTCTTCGTTCTTCAGTATATAATAATTGAGTAGTTGTCATTATGGAAATTTGCTGTTCACTATTGCAATAATTTTTTAGCTCACTAAGAGTATTACAAGTTTCTGACCAAGATAGCATTGAATTTAAAGCTCGTTTATGACTGTCTTGAATAATTGTACCATCTAAGAGAGGATCACTAAAAGGTAATCCAATTTCTAATAAATCTACCTTAGCATTTAATAAATGCTTCAATATTAAAAAACTATTTTTTAAACCAAAATCTCCGAGAGTATGATAAATACCAATCTTCATATGCACTCACTTTTTTTTCTAAAGTTTGAAATTGTATCTAAGTCTTTGTCACCTCTTCCACTCAAACAAATAACAATTGTTTTTCCAGGATTTTTCGCTAAATATTTTTTTGCTCCAGCTACAGCATGCGCTGATTCTAGTGCGCATAAAATACCTTCTTCTAAAGCTAGTTCCTTTACACTTTGAATACATTCTTCATCTGAAATGGCTAGGGTTTGAAGTCTATTTTCTTGTTTCAAACCGGCTAACCAAGGACCAACAGCCGGATAATCTAGACCTGCGCTGATGGAATGAGTTTCTGCAATTTGTCTTTCCTCTGTCTGTAGAATGAACGTTTCCATTCCATGCAATACTCCCATCGTTCCTTGGGTTAAACTTGCAGCACCTGCGGCTTCACAGCCAATGAGTTGTACTGATTGTTCGTTAATAAATGGAGAAAAAATACCAGCGGCATTGCTACCCCCTCCAACGCAGGCAAAAATTGCTGAAGGTAACAAAGAAGTTTTTTCAAGAATTTGTTTTTTTGTTTCGATTCCTATTATTTTTTGAAAATAACGAACTATAAAAGGATAAGGGTGAGGACCTACAATAGATCCAAGACAATAAAAATGGTCTTGATAATTTGCAACCCAGTAACGCATTGCTGCATTAACTGCTTCTTTTAATTTCTTAGAACCATCAGTAACAGGAATTAATTGTGCTCCAAATAATTTCATTCTTGTAGCATTTAATTGTTGTCTTTGAACATCTATTTCGCCTTGAAATACTTGCAAAGACAATTTTAAATTTGCGCATGCCATGGCAGTAGCAACGCCGTGTTGTCCCGCGCCTGTTTCAGCAATTACATTTTTAATTCCCATGTATTTAGCTAATGAACATTGGGCAATTGCATTATTCAACTTATGAGCGCCACCGTGTACTAAATCTTCACGTTTTAGATAAATTTTTCCATTATATAATTTGCTTAAGTTTTTAGCTTCATATAAAGCAGTCTCTCTTCCTGCAAAATCATTTAATAAAAGAGAAAGTTTTTCAACTTCAATAGGATCTGCGATAAATTGATTAAATTCATCTGTTAATTTTTTTAAGGCAATTTCTAATAATGGTGTTAGATATGTAACACTTTTTTCCATTTCTAATGCTAAATCACCCATGTTGTATTCCTTTTACTAATTTTTCCATTTCAAACATTTTTTCAATTGAAAATATACTTTTGGTATTTGTTGATTCTTCATTACAAATTGCACTTGAACAATCAATTCCAATGATTTTCCAATTTTTTTCTAAGGCTTCTTGAAATCTTTCTTTATAATTTTTTAAATTTAGTCCATTACTTACAAATGTTGGAACTTTATTATTTTTTATATTAACAAGATAATTTTCAACAATACCTTTACCAGGAGAAGATCCATCAAGTAAAAATGCTGCTGTATTTAAATATTTTGCTGTGCTTGAACTAATTAAATATTTGCTTTTATCTAATATTGGAAAAGAATAAGCATGTTCATTACAAGATAATTCATCTATAATCTTTAAACATTCTAAATCAACATCATTTCTTGTAATAAAACAAATTTTTTCTTGATTCATTTGAATAAGAGGGAGCATTTCTTTTAAATTGTTAGGACCAACAAATTTTTTTGATTCAGGTATTAAATTTATTCCTATTAATTCCGAGGAAGTTGTTAAAGCATTTTGTAAA
CP123622.1_gap77	3270128	3272115	1987	TTCCATTGGAAGATGTGAATGAAGAAGAAGAAAAAAGAAAAAAAATGGATTCTTTTGCGGGCTATCTTGATTTAGATTTAGCAGACGTAATTCAAGTACCCATTTTAGTACCGCATGCCTTACAACATGGTGTAACTGTTGTTGAGTTTCAAACTCCTACCTATGAGCGGCTCATTTTAAGTTTTGCCCAAAAAGTCTTAACGCAAGAAAACTGGGATACAGATAAAGCTGTAGATATAATGCAACTAGCTACTCCTCAAAAAACAAATTTAAAAATTCTTAGCAAAGATGAGGTTTATACTGAAGAAGTTGTTTGTCATTTTAATGAATTTCGAGCAAGTAGAATAACATTGGAAGCGAATAAAAATGTAAATTTACCTACAATAGAATTCTATAAAATATTATTTCACTTATCTGGTAAGTTGATAATTAATGTAAGTAAACTAAATGGTGAGAAAATTCGGCATGAAATAGCTCCTGGCGAATGTATTTTTATCCCAGCTAATTTAGAATTTTCTTTACAAGCCTCAAATGAAAAGTGTATTTTATTAATGTGTATTCCTAACTAACTAACAATTTTTTGATAAAATTTAAGTTCATATAGCTTGTTCCGATACTTAAACGAATATCGGAATGAAGTAAATTGTATGTTTTTTTCTTTTTTGATTCATACAATTTTGGAGATAGTATGAAGTTAGCTCCTAAAATCATTATTTTGTTATTGGTAGTTACTTTTGGAGTTATGTCTATTTATAGTTTTTTTCAAGTAAAAAAGGCAGAAAAATCATTTAATGCGGATGCAGAATCAAATCATGTTCTATTACTATCTAATTCCCTTGGTTTTTTGTCAAAATCTCTTTGGGAGCTTGATAAAGATATTGCTGCACGTGGAATGAAACCTTTATTTGAAGCTGAAACAGTAATAAATATCCAAATATTTGATGCAGAAGGGCATTTTTTTTCAGGTTATCAGTACAAAATTGGAGCAGATAATAAAAAAGAATTAATTGAAGCAGAAGACAAAGGAAATGAAAAAGATTTTAAACCTAATGATTTACAAAAAGTGAAACGTAATTATGATTCAGTACCATCTAAAATGGTTTCTCAGATGCAAAATCTAGTCGATGGTTCGCATAGATTAATAGGCTCTTTATGGTGGAAAGAAACAGATTTATCAGAGCCAAAATTTCTCGGTTACGTTGTACTAAATTTTTCTACAGAATATATACAAAAACGACTCTTTGAACAAAAAATAAGTTTTATTCTTTTTACAATTGCTTTGAGTTGTACTATTCTACTATTGACTTATGCTTTTTTAAAAAAACAGATAATAAATCCTATTCAATTACTTATGCAAGCGAGTCTAGACATAGCAAATGGGAAATTTACTAAAATTAAAAACAAATTTAGATATAATATTGGAAATGAAGAAGATGAAATTGATAAGTTAACTACTAACTTTAATTTCATGGTTGATAAAATAGAGCATAGTTTGTTAATGATAAAAGGGTTATCCGAAGCAGCTCAAGCGATAGTTAAATGTATGAATATAGAAGAGTCTGTGAAGATTTATGAAAAATATTTGAGAGAACTTATTAAGTTAAATAAAGTTGAAGTTTGGTTGAATATTGAAAATGAAGCAATGAATAATCCAAAAGGGATTATTAGAATCTCAGATAAACTACAAAAAGAAAATTTAACTCCAATTTTACAAAAAGTACTTTCTAGTAAAGATTTAATTATTGAAAGTTCTCAATTATTTATTTCTGGAGATTATATAAATAATTCAATTCTCTTATTTCCATTGTTAAATACAAAAAATATTTTAGTAGGTGTTGTTGAAATTTTCTTTCCTAAAAATATTACAGGATTATCTCAAGAAAGTCTTGGAATATTAAGTACACTTAGTACTTCACTAATTACTGCAGTGGAAAATGAGTGGCATGTTATAAGAGAAAAAAACAGAGCTAATTTAGAGAGAGATATT
CP123622.1_gap78	3323632	3324455	823	CTCCGCAATTAAATGGTTTTTCTGTTCCTGTTTTAAATATTTCATCTGCTGCATGGATGCCGCAGGATAAACATCCAGAACCAAAAATTCTTTCAATATATAGAGAATATAAAATAAAGAAACCGGAAAATAATCAGGATTACTTGCAAGGAGAAGGTGATCTAAAAATTCAAAAAACACCTCATTCAGTTGTTCCTGAAGATTCGCCTTGGAGAAATGTCAAACCAGGACGTTTTTCTTTTGTTTCCTTTGGTCATGATGGGTTTCAAAAACCAGAAACTCTATTACCTGATGCATTAGTAACCACGGCACAAAATTTTATAATTCATGCTGAATTTCCAAAACAAATATTTTGGAAAAGTATGGAATTGATGATGCCTAGTAATCCTTTTGCGCATTTAAGTCGTTTTTGTGCAATGTTGAAAAATGGAATTATTGGCTTTCCTAATCCAAGTACTGATTGGGAAACTAATTTAAGAATTTTAAGACCAAGTTATCTTTTTGGTAGTTCAAATGAATTAGAACAGCTCTGTTCCTTTATTGATATTGTAACAAAAAGATCTAATCATCTTCCAAGATTTCAGGTAAGCGAAAAAATAGATAAAATTCAAAATTTACTGTCATCTAATAAAGCTATGAAAATTCCTGAAGGAATTTTTGATTTGTTAAAATCTTCTTTGCGTAAAACCTCCAGAATTATTTCTGGACATTCTTTTTTGAAAGAGGCGGTTGAAGATTTACGATTTGTGGTGCACGGTTTAGCATCTGCACAAGAAACATATGTAAAGACGCTCGAAAAATTGGGAATACCTGTTATTGAATC
CP123622.1_gap79	3363042	3363942	900	TTTATACCTTCTAGTAATTTATTTTGAGCTTTTATAGGATTCTTTAATGATTCTAATATTTCTTTGTAATTTTCAGAAAAGTTTATAATTTTATTTGTTTTTGAAATTGTATCTAAATTTAAATTTTCCATAAATAATTTCCTTTTAATAAAAAAATTAAAATCTATTATATAGCCTTTAATTGGGACAAATTTGTTCAGCTAAAATTCAAATATTTAATATCATATATTTTTTTATTAGGCTATGAGGAGTTACTTAATGAGAATGAATTATTTTGCACTCAGATTTATTGAATTTTTTACAAACCTCTAAAGCTTTTGTAATTGCTTCTTCTTTTGAATATTGACTGGTGCTTTTTCCATAACTTCCTTTATCACCAACTGCAAAAGCTTTGTGAGGCGCGTCATCTAAATATTGCATAAAAACTTCTTTTCCTTTTGTACTTGAAAGATTTGGATATAAGTTTAAATTTTCTTGTTGTTTAGTAAGCATAATATTTTTTAATTTGTAGTTATTTTCTTGGAAAAATTTTTCTACTATTGGTTCCCAAATTTTCATACCTTGATTAAATAAAAAATGCCCATCTTCACCAAAAGGTGAAGTTATTATAAGTTTTGCATTTCCTCCATTTTTATTAAAAACCATTAATAATTCATTAGCTAAGTCAGGTGAAAAATATTGATCATTTTCAGCGTAAATCCAAAGCATAGGTATTGAAGAAGATTTTCCTAATTCTTTAAAAGCTGAAATTAAAGTATAATCTCCTCCACATATTTTTCTTGGCGCAAAGGAACCGCTTCCGCCTGCAAAACTTATTGCTAATTTAATTTGCACCATATTTGTTTCAAGAGGAAACGCTGTTAAGCCTACTACAGCTAAACCTCCCGTAGAAACACCAAC
CP123622.1_gap80	3365757	3368680	2923	TATAGTTGAAAAAATGGGATATGACTTACGTATAGAGCTTTAGTCTAGAAATTGTTTCTTTTTTGAAAATTAGATATTTTTTTAATATGTATTGTTATCTTTTTATTTCAGTATAATCGTGGAAAAATAAAAGGCATAATTTAAATTATAGTAAATTAAACAAAATATTTATACATAAGTAAATAAAACAAAGGTTATCGCTTTAGATAAATTATTTATATCTAAAAAAATAAAGTAAATCAAGGAAATTTTGATTGAACATTAAAAAAAAATATATTAAAAATAATTATTGGTTTGCTATTTCTTTTCTTTCTGAAGGGTTTTTTTAGCTTTTTTAGAAAGAGTTTATTCATTGCTCTTGCTATAGATTTTTTTATTATTATAAAAAATACAAAATAATATAAAATTTAATTCTATAATTTTGTGTTTTTTTAAAATTTAGATCTGTGAAAGGATTTGTAAATGACTCAGCCTGAAAATGAAACACTCGATACCGGTGCTTCTGGAAGAGAAGCTACAGAAAACTCTAACTCACTGGATTTACTGACAACTCTTTTTGATAACTCCGATCAACCAATCCCTCTGTTAAATGAAGAAAATGACCTTTCTGTAGCTCGAAGTTTAGTAACTGAGTACTTTGCCCTCGGAAAACAAGAAGGTGAAAATTTAAAAAAACTAATGGAATCTAGAGTTGGTTATAAATCTATGATAGCTGCAAGCTCTACATCCGGCGCTGCTGGAGGAGTTATTGCAAATTTTGTAAGTCCTTCTCAACTAGCCGCAACAGCAGGTGGAGCTATTGGAACAGCAGTTGCTGGACCAGTAGGCGGTGTTGCAGGTTACGCTATGGGGAATACCTTAGGTTCTTTACCGGGAGTCCAAACGACAGCGCATGCTTTAATGGGAGCAATGTCAGGGTTTTTGCTTGGGTCAGCAGTCTATATGCTGCAAGCAACCAGAACAAAATGGGTCAGTCTGAAAAAATTCCGAACTTTTATGGATTATGACCTGTTCAAATGGGAAAATCAGTGTTTTAGAACTCAATCTGTGCAAATTCAAGCTGGGGTAGAAATCCTAGCGCAATATTTAAAGGCAAAATATTCTGGAAAATTTGGGAATACAAAACTTCTCCTTATTAGCTGGAAAAATAGTGAGAATGGATTTTATTTAGCTAATGCCTATGTAAAAGTTCTTTTCATGTTACTTCTCTCTATTGATAAAATGCCTAGTTCTGTAATATTATCTATTTTAAATTATGTTGAAAAAGAATTAGAAAGTGAACAAATATCTGCAAAATTACCGAGTGACTTTAAAAAAGTTTATCAAAACTTTAAAGATAAAATTACTAAGTATGTAGAGAGTAGAGTTTATAGTGAAACTATTGTTGAAAATTTGGGAAGTATACTACTTTCTGGATCTTCTGCAATTACACCAATAATGCCATGGATATATTCAAGTTTACTTGGTACTGATCAAGAATTAAAATTTTATGACTCTGATGATTTTATTAAAAGAATTGAAAATGATTCTGTTAAATCGGTTTCATATCGTTTATGGTCTGATTTAAGTATTTTAAAAGTAAATGAAATTAAAGATTCAAAAGATTTAAGACTTGAAAGCCTTGAAAAGAAAATAGGTAAAATAACAACTTTAATTAACGAATTAAATAAAGTAAAATTAAATAGCAATGGTCTTGAAGAGATACCAAATGAAGATAGTGTTTTAAAAGTTGAAAAAAAAGTTAATAAACTATTTGAGTATGCACATGATTTTTTAAAGCATAACTTTAATAATAAAGATAAACAACTCGAAAAAATAATTACACTTACGCATCAATTAGTAAAATTGGAAGATCCTAAACAAAATTCTGTTAGCTTTGCACAAAACGTTTGGGATAAAATGTTTGAATGGTGGAATTCTCAACATAAAATTAATGAAAAAGCTTCAGAATCAAGTAGTAAGTTATACAATGGACTTATTAAAATAAATTCAGAGCAAAAAATATTAACTAAAGATGAATTTAAAAATGTTGTAAATCTATGTTTTTCAATTAAAAAAGAATTTGATAAAAATACTAAATTAAAAGAAAAATATTCGCAAGAATTTTCAAAAAGTGAGCAAAACAAAAAACGTGAATTTGTTTTTGCCAGAAAAATAGATAGTTTTTGTGAACTTGTTTTATATGTTGAGAGAGTTAGTACTTTCATGTTAAAAGATGATAAACTAGATAAATTTTCTGTTTACTCATTTTTTGGACTATGGAGTGTTTATAATATAGTTCTTAATAAATATTCAGTAGATATCCCAGAAGAAGTATTAAGATCTTTTCAAGATAAAAATCTTGCAAATAATTTTAATTCAGATGAAAAACTTAAAAGATACTTTTTGATACCTTATGAATCTTTTTCAAAATTTTTACTTCCAGGTTTTAAAAGAGATTACTTTAATAAAAATTCAACAGATTTCTTTAGATTATACTTATTTTATCTTTCCAATTTAATAAATTTAGTATCTGAAATTCAGTACCACACAGAAGCTCTTAAGTTTAGCAAACTCCTTATGGCTATGTATGGTGAAGAAGATACTTCAGTATTTTTTGCTATGGTACCTTTAAGTATATTAAAAGATAGAACAGAATTATTATTATCTATGATGAATGAGTTTTCAAATCACGTTGAAAGTTTAAATAAAAGCTATTTAGAAGAAAAAAACAATAGCTGGTCTAATATGGTAGGGCTATACGATTTCTTGTTTGGAAAAAATACTGGTTTTTATCAAAATTTCACGAAACGGTATACTGAATATAAGGATAGGGTTGTTATATTTAAAAGAAATATTGATTATTCATTATCATTGCTGGAACAAAAAAGTAGAGCTAAAAATGAAAGTAAGCCTATAAATGAAAGTCTAGCAAGAAATACAG
CP123622.1_gap81	3461956	3464549	2593	ATATTAGTGCCGTTGAGGAGGGTGTTAAATATAATTACACTATAGTTAACAAACCAAATTGTCATACTCAAAGCTATGTAAGAGATGATGGATTATTTAGATTTATTATTAACAAACAATGTGATGTTTTAAATGATTCAGTAATCGTTGCGATGACTAAGATTACTAATAAAAATCTTGAGCATGTCAAAAATATTAAAATAAACTTTTCTATAATTAAAAAATAGAAAAAAATTTAAGTATGCTACTGAATATGCTATTATTTTCTTTGAAAATTTACTCTACTTTAGTTAGCATATTTAACTATATTTTTCTTTATAACTAAGTCTCTCAAATTTCCAATGCTATCCCAAAATTTCTCACATAATATTTTATTTTTTTCATAAAAACTTTTTCCAAATACTAGAAAATAGTCCTTCGATATTACTGGAGGGGATAGTTTAATTAAATTTTTGGCTTTTAATTTTCTAATAAATAAATCAACAGTCATACTTTGTGAAACTAATCCATCTAATCTGCCTGAATCAACTTTTTTAACTAAAATTTCTGAGCCTTTACTCTCTTCATATGGAATAGAAAGTTTTTTTAAAATATCTATTACGGCATAACCTCGGTTTACACCAATTTCTGAGTTTAAATTACTTAGGGTTTTTCCATCCCATGTCAACTTACTTTTCTTATTTTTATAAAAATGATAGTCTAAAGAAGCAACACGATTTTTATGATTTAGTTCTCCATTTTTTAAAAGAGGATAAACTCCACTTTCTTGTCTTTCAGGTAAAAAAGAGAAAATAAAAACTCCATCAACTTCTCCTTTGGCAAGAAGTTGAAAAACCCTATTTGTAGGTACTCGAATTATATTTATGTCAGCCTTAATTTTCTTTGCTGCTGCAGTAATAATATCTATTGACAATCCTGGAGGATGAAAAATATTTTCTCCATTTCCAATTTGCCAAGGAGGCGCATCATTGTCCGGGTAACAAAGTTTAATTGTTACAGCATAAGTATTAAAAAAAATAAAACTCATAAGTAAAGTAGAGAAAATTCTGCAAGTCATAATTTTACTTTCTTGCTACATTTCTTAATTAAATTTAATGTATATTTTGATAAAATTTAATTATTTTAGAATATTCACCAGATTCTATTAGTTTTTTTAAACCATTGTTAAAAAGTATATTCTTATCTTTATAATTTTTTATACTTTTTGACCAAGCAATATAAAGTTTATGGCTTTTAATTGCAGGTGATATAAAAAAGAATGAATTTTTTGATAGTAAGAGTTCTGGTGAATTTCTTTTATAGTAATGGGCTACATTTTTATCTATCACAACAATATCTACTTTATTTTCATCAAGTAGTATTAAATTTTTTTCATCAGATGTAGAATCAATTTTATTAAGTTCTGTATTTTTATCAAAGTACTCTTCATTTACATAACCTCTAACAATACCAAAACGATAATTTTTTAATTTTTCATATGATTTTTGTAAGTTGTTTTTATCAATTGTTATATTAAATTTTAACTTATTTTTTTCATTAATTAAAAATCCAACTTCACTATCTAAAAAAGGATCTGAAAATTCAAAGTATTCTTCTTTACTTTTATCAAAGTATTCTGGCAAGTATCCATCAAGATTATCTTTTCCGGTTTCAGCTTCTTTTACAGCTCTAGCCCAAGGTAAGAAGACGAGATTTAATTTGTATCCTTCCATTTCTAAGGCTCTTTGAACTATTTTTGCAATTAAGCCTTGAGAATATAAGTCTTCACCTATATAGGGACTCCATTCTGAAGTAGCAAGTTTTATCACTCCCATAGAATAACTGTTAAAGTTTATTCCAAAAAAAATACAAACGATATAAAATTTTAATATATTTAACATGTTACCCTGTTTTAAACATTTAATCTTATTTATAGAATAGACTAGTTAAATTTTAAAACATAAGGCATTTTTTTTCGAATTTAGTTAGGAAATTTATTTGACTAACTTTTTCAATGGAAAAAATGTCGAAATAAGTTCATATAAAGTAAAAGAGGGGTTAACATTCATTAACCCCCCTCACTTATATTTTAATTCATTGAAATTAATTAAAATTTTCACAACTTCCATTAGCGCATAATTTTAAAGTTCCATCTCCAAAAGTATATTCAAATCCAGCATCAGAATTAGTACTATTAAATGTATTTTCTGCTTCACTACAAAAAGTATCTGCAGCACTTAAACCAGAAGTTGATTTTAAGGAACTAAAAATCATATTACCCTTAGTATTTGAGCCATTTAGGTTAATATCTCCGGCACAAATCGTAGTTCCTTTCTCTTTAGTTACTGATATTAGAACTTTCCCTATAGAATTCACAACAGCTTTTGTTAAGTCTAATTTTAATTTTACTTTTTTTCTTGTGGCATCTGGATCTGCCAAATCATCTGTGGCATCTGGATCTGCCAAATCATCTGTGGCATCTGGATCTACCAAATCATCTGTGGCATCTGGATCTACCAAATCATCTGTGGCATCTGGATCTACCAAATCATCTGTGGCATCTGGATCTGCTAATCCTTCTGTGCCATTTGGGTCCACAAATCCTTCCCAAACA
CP123622.1_gap82	3517564	3519786	2222	TTTAATTTTGCAATTCTTGCTTATAAACAAACATTAAATTTTTATAAATTAAGAGATGCTAAAGGAATTGAAGTTCATAATTTAGAAGATGCAAAAAAATACACCACCTGTGTAGTACGAAATGATTACAGACATGAGCATTTACTACAAGCAAATTTTAGTAAAATTGAGGAAACAGCACAACAAACTCAAAATGTGCAAAAATTTTTAAATAAACGGTGTGAGTTAATCATTATAGCAGAAGAAGGTCTTAAAGCAAAATTAAAGGAACTTTATAGCAATATGAGTATAGTTGAAAAAGTTCTTGAAGTACCAGAGTTTGATGGAAATATTTACATAGCCTTCAGTCCAGGAAGCGACTCATTTATAATTAATAAATTCAAAGAAGTAACTGAAAAGTAACATATACTTTATTGTTTTGTAACACTTAAATTAATATATTCCTATTTTTTTATTAATAATATCAAATAAATAAAGGAAATGTTGAACTATTTATTAAATTTATGTTGAATATTTAAGCATATTTGTTTAGTATAAGGAATCTTTTTTAAAGGAGAAGTTCATGATTAAATATTATGTAGTACTTATTTTAACTTTAGTTGTTTTGTCAAACCATGATGAAATAAAAAATGAAATCATTAGTTTTACTTCTGAGATTTCAAAATAAATTTTCAATAGTTTAGTAATACTAGAAGTAAAATATAAAATAAATTAGAAAAAGACTGTTATCAATTCTGATGCGCAGTCTTTTTTGTTTATTTAAGCTTCTTCAAAAAAATTCCTCTGCAAGTATTTGCCTAAAAAAAACTATAATGCTAATATTTTTAAAACTTTACAAAAGTGAATGAAATATGTGCAAAAAGTTAAAAAACATACTGATAATTATTAGTTTAACAACTGGATATTTTTCTTTTGCTGCATTTGCACAAGAGAAAATTATCAAGAAAATAGAATTCAAGAGTGATTCTGATGTTCCAGAAGATACCTTAAGAAATATAATAGAGATGGAAGAAGGCGATCTTTATTTTCAAAGTAATTTAGATAGCGACATTCAAAACCTAAAAAACACAACTATTTTTAGCAAAGTCACAGCTGAAGTAAATGAGGATAAAGAAAAAAAAGTTAAAATAACTTTTAAACTAGAAAAAAAATGGACCTTTATTCCTTACTTCATTGCAGGATCGGGAGGTGGTACTAGTTATTATTCCTTTGGATTATTTGACTCAAATTTTTTAAATAATCTTTACTCTTTTAATGTAAACTACAAAATAGAAAATAGTGAATCTAACTATAGTATATCTTTCATAGATAATTATGCATTTAAAAACAATTTTATAAATGGAACAAGCGCTAATATTGTAAATAAAAAAATTACCTATTTTAAAAATGAACAAAAAATAGGCTTTTATTCATTCGAAGAACATTTATTAAATTTATATAGTTTATACAAATTTAATAAATATTTAAATTTTGGCGGAGGAGTTGCTTTTAAAGAAGCAATTAAAATAAACTCTCAACTTTCAAATGATGAAATAGTTACAAATAATAATAACTTTATAAAAGACCCAACGAGTTACTCAAGCATTGGATTTCAATCTAGAATACAAATTGGAAAAATAAACTACCAGGAAATATCTCAAGAAGGAATTTTAGTTAATAATATTAATAATTCTTACGTTAGCCAAAATTCAAATGACGAAAACTTTAATGATGAGAATTTTCAATTACTTGGGTTTCTTGAATTGCCTAAATTAAATGACTCATATTTTGGTACAAGAATTGGTTTACAGTCTACCAATTCAAGAAATCCAGTAAATGAATTTTATTTAGGTGGTCTAGATAAAATAAGAGGATTTAATTATACACAATTAACAGGAAGAAATGCTTATTATCAAAATGTAGAGCTTCGTTTTACTCTGTATAAAAATAGCTTTATTGCTTTTCAAATTGTTCCATTTTTTGACTATGGAAATACGACTGAACAATTTGATGATCTCTTTCATAATATTTATTCCAGTGTTGGGTTAGGTATAAGAATACCATTAATGAAAATTAATAAAATTGCTTTAAGATTAGATTATGCAACAACAATGGCTCCATTTAAAATGAATGGATTTAGTTTTGGATTACTTCAGTTTTTTTAATTTCTTTTTTCTTTGTGACCCTGAATAATTAAATTCATTAAATCCATAATGTCTTTCAATTTATCACACTGTATATCA
CP123622.1_gap83	3534697	3539517	4820	TCATATGCTTTTTGTAACCTTTCTTCTAACCAGAATCCTTGGCAAACATTAAGTCTTGAAATGTATTTGTCATCGCTAAAAAAATATCCAATTACATTTAAATTATATGCTGGGAAAAAGATTTGGAGTGGAGGTCTTTTCAATTCTGGAGGAAATCCATGAATTAAAGATTTTTCAGGATCTTTTTTCGATTCAAACCACCCTTTTGGTAATTCTCCTTTTGTACTGCTGAGAAAATCTGCAATAAAATAAAATGATTGATAAATTTTATTCCGTACGTCATCTGATGACATTTTTTCAAAAGTTTTCGCAGTCATCTTTTCTATTTTTTTGAGATCATTTTTATTTTCAGGAATGATATCTTCTGGAAGAAAAAGGGTTGGCCATTCTTGAGCAATTACAAATTTTGCTGTAAGTAGCAGCTGCAAAATTCCAAGAATGTATAAAAATCTAATTTTTTTGCCGAGCATTAACAGATCCTAATATTATGCTAATGCTTTTCGGTATTAAATTTGAAATTAAAACTCAGGAAAATTTATGTCTTTTGGGAACTTTTTTCCTCATTCTCGAATTTGGTATTTAGAAAATAATTTTCTGGTGAAGCAACTGTTAACTGTTGCTCTATTTTCAATTCGACTCTTATTAAGTTTAAAACTTCTTCAATTTTTTCTTTGACTATTATTCTAGCTCCATTCATTACGGTTATGGTAGTGTCTGGGATGCATTCTATCCATTGAATGTTCATATGATTCAAAAAAATTTCAGTCCCATCTATTCTAGTAAGTTTTATCACTAGATACCTCCTTTTATTTTGGATAACTTCCCTATCATACCAATATATTTAAAATGTATGTTAAACATCCAGCAATTTTTTTTAATATACGCTTTCCATACATCAGTGAGTAAATTTCAAGAATTAGTCGAATTTTTTGATTTTTTGCAGAAAAAAAAGGAAAAAAATGGTACTTTAAAGCTTCTACTAAAGTACTAATCATATACACTATTGAGATTTTTTTAAGATTCAATTTTCTCGGCATTCACGGGAAGTTTTAATTCTTCTTAACAATAGATTTTTTTCTGAAAAAAATCTTATTTCCTTTGCATGTTTTATCTTTTTATCATAATTCCAATTTGGAAACGAAGTTCAACTTATTCTCCTATTTCTTTGTTTTTCTTTTCATTTAAGGATTTTTTATACATATGAAAAAAAACATTTCTCTAAGCATCCCTAAAATTGGCAATGAAGTAACAGTTATTTTTGGGAAGAACGACAAACCACTTGGAAATGTATTGTATTTAGAAGATGGCCTAGTTTCAGAAAGTACCATTGGATTTCTAACTGAATTTTCTTTGACTCCAAATTTCCAAGAATACAAAAGCATAACTGGATTCTTAAAAATAGTAAAAGAACATATGCTTTTTAGAATTTCTGGAGAAATTGAGTTTGAACCTCTTCTCGAATGTGTACGTTCTTTAACTGAATTTAGAAGCAAACTTTCAGCACAAATAAATTGCTTTTATACACCGCAATCAGCCCAAGAAAAATCTATTTCAAATACTTTTAAGGGAAGTAATTCGAAAAACGAGCAGGATGAATGGGAAATTGGATTAGAAGATCTTGAAACTTATTACTACAATGGAAATATCTTAATATTCGATGAAATGATAATAGATTCATTGTATTGTGCAATTCCTGAATTGCCTTTATGCCGCGAAAATTGCTTGGGGCTATGCTCTGAATGTGGAGAAGAATTGAATTTAACTGACATAAATGGAAAATTAAGAACAGTTAATCATAAGAAAAACTGCAGTAATTTTAACAAATTAAATTAGCAGGTATCTTTAAGATTTTTCAAATCTTTTCTTTAAATTCTATAAAATATTAGCTATTTATCTAAATCTATTCATTATCTATAAATAATTTTCCGAAAAGAAAATAAGGTTTTCCTTCATTAGAATGAGGGTATTGTATGTGCTTTTTGCAATTTATAGTAAGAAAAATGAAAGTAAAATGGACAATTTTGGTTCTTTTTACCGTATCTTTTTCTGCATTTGCAAATGAAGAAGTTTATGAATACACAGTGCAACCTAATGATAATCTTTCAACTGTATTGCAAAAACTTTCACTAAAACCAATTTATGGAAAAAATGGATCTTTAGCAGAAGTACTTAAACTTAATCCAGATAAACAAGAGAGCAATGGTAATTGTATTTATGTTGGTGAGGTGATTATCTTACCAAAAAGCATGCTAACAAAGCAAAATCAATCTTCTGAAATAAAAACAGAAGTTGCTAAAAAGAATGAAATTAAAAAACCCAATAATAATAACAATGTAGTAATCTCTCAACAGCCTAAAGAACCAAAAATACCTCTCCAAAAAAGCGAAAAAATTGTTACTCAACAGCCTAAAGAACCAAAAATACCTCTCCAAAAAAGCGAGAAAATTGTTTCTCAACAGCCTAAAGAACCAAAAATACCTCTCCCAAAAAGCGAGAAAATTGTTACTCAACAGCCTAAAGAACCAAAAATACCTCTCCAAATAAATGAAAAAATAGTTACACAACAACCTTTATCAGTGCCTGAAAAAAAATTAACCAGTACTGAAATTAAAAAAATTGAACCAGGGCAAACATTAGCAAGTGAAAATTTACATCTCGAAAAAAAGAGTCAAATTGTTTCACCTTCAGAAAATGAGAATAAAAAATCCTTCAACAAATTAAATGAAATATTTTCTTCAAATTCTAAATTAAGCTTCAGTAAGCAGATATCTAAAAATAATTTAGAATTTGATAATAAATCAAAAATTGAAAATCAGCTTTTTCCTTCCCAAAAAACTATTTTGCTTGCACTTCCTCTAAAGAAGCAGGATATAAATAGAGAAGATACTTTAAGCAGTTCGAATTCCAAAAATTCTTCAACAACAAATTTACTTTCTCGAAAAGAAGTTTTTCTTTCTGAAGAAAATAGTTGCGATATATTTCCTAGTTGCAAATTTTGGTTATGGGATTTAAATAATAAATGTTGTCTTCCAAAAAAACCTTACTTTATGATAAGTAATGAAAATTCATTAAAATAATGAGTTAATTTAATCTCTGCAACAAAAAGAAAATCCAACCTTTTAATTGCTGCCACATTGTTAATGAGTTTTCTTTTGATGTTATATGCAATCCAAGGAAAACTGCTAAAAAAATCAAGCACCAGAACAAAATGAAATGCATATTTTTGCGGAAAAATTGGAAAATTATTTTCTTTCTAAGATTTTTAAACTCAAAAAAGAAAAGCTTTTGTGGTGAATCCCATTCAGCAACATATTTGTCAAATAAATGTTTTTCAAGATTAGAAAAATATTGCAGTGAATTTTTAGCATCGATAATTGCAAGTTCATAAGGATCACACTTTTCTAAAAGCCAACTAACTCTTGCTATTTTTATTTCTTCTGCTGCTGCTAAAAGAAATTTTTCTTTAAATTTAGCATAAGAAAAAATGGAAAAAAGAGCTTTAAAAGGCTTCCGATCAGAAATAATGGAATACTTTTTTAATAATTTTTGAAAAAATTCACTTATTTCTGCAGTTTCCGATTTAACATTGGAGAACATCGCTACTTTTATGAGTGCATTAGTCTCAGTGTCACAAAAGTCAACCTCATAACCTATTGAATCTATAGGATTAGACTTCCTTTGGATGTGATACTTTTTACTTATAGTATTAGAACTTAGATTCACAAGAGATCTATCTCACTAAAATTGCTTAAACCACTCACTTCGGGCAAATACTCTATATCGTTCTTCGGAACAAGTACTTGTCGCTCAGCACCTCTAACATGAGTCACATATCGGGAACACTCTTTATGTGAATTATCTTTAAAAGGGGCGTGAGGACAAACCGAACCACAAGCTGACTTCACTCCACAGACATCACTTAAAATTAATTTTCCCTCAGAATCAACTAATCCTTGCTTAACATGATAGGGGCAACGACTTTCTTTCATATTTCACCCTACAAAAGTAAGTTAAAAAAAAAGATTTGCGTACAAAATATAAATTTTGTACAGACAAAAATGACACTTATTTAAGCTTTATTTGCTTTAAACTGAGTAAAGCATAATGAATTTACCTAGTCAAATTTTTTCCAATGCAAAATAATAATATTATCTTAACTTTATGCGTCATTTTTTTGATTTCATTAAAATATGGACAAAGACAAAAAATTTGTGATCAAAATTAAAAATTATATTAATCAAATAAAAAATTATTTAATTCAATTATTCTTATTCATTTTTTTTCCTTCGATTTTTCTTAAGAAAGTATTTTAATAATGAATTTCAACAGTAGTAGTAAGATTTTAAGCGATAAAGATTTATGGTTTTTGCAAACAAAATTAAGCATTAAAGAGATAATTAGAGTTCAAAACTTACTTACAGGAAAATATTTATTTGAATTTAGTGAGCTAAATTTAGAAAAAATAGCGAAATTATGCAATTTAAATATTAATTATGAAACTATTCATAAAAAAGATTATGAGAAAAATATACTTTCTTTTCAAAATCTTGAAAAAATAATTTATAGAAAATGGGAGCATCCATGTTTACTTGCATATCAATATTATGGAAATTTACAAATTTTGAAAAAACCTAAAATTGGAATAATAGGATCAAGAAAACCAACTTTTTATGGAAGAAAAATAGCTTCTGATTTTTCTAAAGAACTTGCAATTGCTGGTTGCACTATTATCTCTGGAGGTGCTATTGGAATAGATTCTATTGCAAACGCAGTCGCTTTTGAGTACGGAAACACTTGTGCAATAATTGGTTCAGGGCTAA
CP123622.1_gap84	3540853	3544657	3804	TCTATTAAAATATCAAATAACAATCACTGTTTTATAAAAAAAATAGATGAAGAAATTAACTCCAACAATTCTTTCAAAATTTTAGCAGATTATGACCCTGGAAATTTAAAACTCTATTTGCCAAGTGCAACTGGTAAATATCCTATCAATGACAATATGATAGAAAATTGGGACACCAATAATATCAGTTATCATAATGCTGAAGAAATTTATCCACAAATTGATAAATACTACAATGAATTTATTGAATACATTTCATTAGTAGAAAATACAGATAAAATTGAAAAAATAGCAAATATTTATTCAATAAAAACAAAAATAAATAGTTACTTTACTCATTCATTGCTTAAAAATTTTTTATTGCAGCAAACTATCCAAATTGGGGAACAACATCCCATTAATAATCTTCCAAAAGCTCTTTCTTTTTTTAATACTTCCTCAACACCTAGTAACATAATTTGCATTGGAAGAGCCCATGCCCCTACAAACTCAAGTTTTAATGTAAAGGTTCTAAATAATGCTATTTCCCTGTTGAGAAAAAATGGAGTATTGATCGATCTTCCTGCTAGTGAAATTATGTACAAAGGTTTTTGGAAAAATATCTGCAATTCATTAATACCAATTACATTTTTGCTAAATAATATTGAAGATTTAGATAAATTTCCTCCCTATATAAAGATAAATAAAAATATCGAATTTTTCGGAGAAAATTTAATATTTAATTCTACGAATAGTTTAAGTATTAATTTGAATGAAAATAGTAATAGGAAAATATGGGAAAGATATTTAATTAATAATAAAAATAAAATATCCGTAACTAGCTTTGAAAAATATGTAAATTGTCCATTAAATTTTTATCTCCAAGAAGTACTTAAAATAAAAAAAGAAAAAGACAATTTTTTAAAATCTGACCCTTTAGTAATTGGTAGTAAAATGCATTTAATTTGCGAACAACTAATTTCAAGACTAGTAACAATTCTAGGAAATCAAAATTATAATAAAGTAATGCCAAAAATTTATGAAGAAATTATTTTTCATTTTAAAAATGAAGAATTCTTTATTTCACAGTCAATTATTGAATGGAAAAAATGTTTTAAAAATATTTTGATAAAAAATGGTTTTATTTTCTTTGACCAAATTTTCTCTGCATTTGAAGAAAGCCTTGACTTAATATGGAATACAAATGAAAATGATTTTCATTCAATTCAAGAAAGAGAAATTCTGAAAAGAACATTTTATAGATTTATTTACATTGAAAAAGAACTTTCTGCAAAAAGAGAAAACTCATTAGTGGGAGTAGAAAGAGAAAGACCAATTCAAATTGAAATTGAAGGAATATCCCTAGTAGGAAAAATAGATCGAATTGATTGCACTCCTGATGGTATTCAAATTATCGACTATAAAACGGCAAATATTCCTAAAACAGAAAAAAAACTCGCAATACTTCCTTCAGAATTAAAAAGACCAAACAATAAATCTTCTAAACTTAGCGTCCAAGGTGCTTTATATTGTTTAGCCTGGGCTAACAAACACTTATTTGAAGATGATGGTGAAAACATAAACCGAAATCAAATATCTTGCTTTTCTTTATTTCATTTAAAGAATCTTGATACTTCACAAAATCCAATATTAAATTATGAATTTGTCGAACCTTTGAAAAAAGATAGTAAATTTTTCTCAGAAATATTAAAAGAATATTCTGAATATGTAAGAAAATTAAAACAAGGTTATTTTCAACCTTCACCACTGAAGGAAGGAAATTGTAATTTTTGTGATTTCAAGAACATATGTCCAGCAAAATTAAATTCAAACAAATCAGAAGATGCATTTGGAGAGGAAGCTAATTAACTGAGGTTTTTATGCAAAGTTTTACTGAAGAACAAAAAAAATGTATTCATTTCTATCCAAGTCATTCGGCAAATAAAAAGCATCTTTTAATAGAAGCTGGAGCTGGAGCTGGAAAGACAGCTGTGCTAATGGAAAGAGTAAAGTGGTTACTTTTAACAAAAAAAATAGATCCTGCTCGATTATTTATTGTTACTTTTTCAAATGATGCTGCCGAACAAATACGCTTGAGAATAGAAAATGACTTTTCTAAAGAATATTATTTAAATGAATCTTTAGGTTCATTGCATATTTCAACTATCGATAGTTTTTTTTCAGATCTAGTAAATTGTATATATCCAACTTGGTGGGAAAAGAACCAAACTGTTCAAAAATTTAGTATGCCCCCAAAATTACAGTTAATTGATGAAAGTATTATTCTAGATGATCTTAAAAAATCTATTAAAAAATATTTTTTAAGTAACAAGTTAGAGCTCAGAGAATTAGCAATAGCTATCGATTTTCTCCTATCAGGAGCATTAAATACTGGGTTTTTACAAACTGCAGGAACTTTTAATTACATTTTAAAAGCTCTCTGTAATGACACATTTTTGGCTACTTCAAATGAAAATATTAGAATAGCTGCAAGTAACATGCATCCAGCAACTCAACTATTGCTTAAAGAGTTCCATTCTCTTGCTAGGAAAGAATATTTAAAACGTATTCAGCGAGGGGAATTTACATACTCTGATAGAACTTTATTTTTAAAAGAAGAGCTTCAATCAAATATTCCTATAAAAGTTCAAGAACTCATTGTTGATGAATACCAAGATACTAATCATATTCAACATGATATTTTATACCATTTAGTTCAAAGTAATAATGCTAGAATGATCGTAGTAGGAGATCCGAAGCAAAGTATTTATGGATTTAGAAATGCCTCTGTTGATGTTTTCCAAGGTTTGAAAAATCATTTTAACTGGGAACATTTAGAATTGAAAAAAAACTTTCGTTCTAATCCAAAATTATTAAATAAAATTAATGCGCTATCAAAAATTACTTTTGATTGGAGCAATCCAAGATTTCCAGCAGAATTTAAAGATTCTTATTTCTACAAAGAGGCTTTGAAAAAATATATTGCAGAAAATGCCCTAGACCCAGGTAAAAGTCTTGAAGACATTTCTAATTCCATAGAAAGTTTAAATATTGTAACTTGTTCATTAAATAATTCAAGGTTAATAAATTCTAGTGAAGATTTACTAAAAAAAATAAATTCAGTTAATTTAGAAAACTATTCTATTCAGTGCTATGTAAAATTCATAAATTATTGGAGAAGTATTGTTTCATGCGATTGGAATGATATGGTTATTTTATGCGAAGAAAATTCAGATATAATAAAATTTCATAATTTTTTAAAATATCACAATATACCTGTTAATATTTCAGTAGATAAAAATAATAAAATAGAAAATATATTAGAATATAATGTTTCTTTATCACTAATAAAATGTCTTGCAGAAGAAAATGACGACTATGATTTATTTATACTTTTAATAAGTCCAATTTGCAAGCTTAATTTTGATGAAATAGAAAATTTCTTTATAGATAAAAAATCAAAATCTAAAAGCCTTAGTAATGTCATAGAACTGATTGAAAAATATAAAAAAGTTGCAAAAGATAACTTTTTTCTAGCTTGGCAACAATTACGTTGGGAAATATTTTACTTATTTAATAATGAATACATCGACATAAATTCTATCCATTTTATTATAAGTATGGATACATTTGCAGACGCTTTAATTAAAAAACTTTTATATCATGAATTTTCAAATGAGTTAGAAAAAAAAATTAAATTAAATTTATCTGAAAAACCTAATATTAAAGATAAGAAAAATGTCCAACAAATTATACCAATTAATTTAGAACAATGGAGTATTAAAAATGTCACTAATAAATTACATGAGCAGCAAAATTCTTTAG
CP123622.1_gap85	3545659	3548626	2967	ATATACTTGATTTAGTTGCAATTATACCTATAGAAAAATTAGCTTATCTCCCATTTATCCCTACATTTAAGACAGTTTCTAATGAGCTGTTGAATTTTCAAGAATTGCAAGATCAATCTCTGAATAGTAATTTAGTGTGGATTGTAGATTATAAAACAGGAATACCAAGTGAATTACATATTGAGCAAATAATAAATTATATGGAAATCATTAGTCAGCTCAATATCCAAGATTCAAATACTCCTTGTAATATTTTAGCCTCAATCTGTTACCCAAAAAAATTAATTCCAGAATTATTTACTTTAGATACAAGATCTTTTAGTTTAAATTTTTTTGATTTCTCAAACAAAGAAAGTATCTGCTTACTAATGAGAAAAAATTCCTACTAGAATTCCGACATTTGTTTTTGACCCAAAGAGAAAAAAAAGTAAGAATTTTATTAAATCAATATTATAAGGACAATAATGTCTGCAGTTTGCTTTTACATAACAGAAAATTTAAGCAAAATTCTCAACCAGAATCAACTGGATGCCATTGAACTTGCTTGTAAAAATACCTCACATGTATTGCAAAAAAACATACCAAATACCGAGATTGTAACAAAGTTTAACAAATCCGGTAACGAGTTTATATTGTGCGATGGTGTTGATTTTTTATTTTTTGTTAATAAAGCAAAAGAATTAATTACTGATAAATTGATTTTAATGCCGAATGAAAAAGAACTTGGTGTATTTGAAAAATACAAAGAAGAAATGAAAAATATAAGATTTTTAATAGGTTTAATCCATCAAGAAATATTAAAAGCCGTAATTATTCAAATATTATCTTTCAAAAAAAGTAAAGCAAAAAATATTATCCAAAATTTGTCTTTAAAATCTCCTGAAACTTATGAACAATCTATTGAGCATTCTTCTGAAAGAGTCATTATTCAAAGTAAAGTAGCCGATTTCTTTTCACAACTCATCCAGCAAAAAAAAGATAAACTCGTGGCAGGATCTGCTTCATATGCAAAAATTTTAAGTGATATTGTGGATGAGTTTTTAATGAATGCCATTTGGGATGCATGCCCAGCTAGAAGTAACATTGATAGAACACAAACTGTTGCTTTAGAAGAAAATGAAAGAATTGAATTAAAATGTTTATTTTCAGATACAACTTTGGTTTTAAGTGTTGAAGATAAATTTGGAACCTTTAAGGGTGAAGGAATTGCAAAATATATTAGATTTGGTGTGGGGTACAAGGAAACAGAGCCCATTCAAGAAGGTTACCCAGGAGCTGGATTAGGTATCTTTATGATCTTGCAAAAAATTGGAATTCTCATTTTTGAAGTTGATAAAGGCAAACTCACCCGCGCAACAGTGGTTGCTAGAGGCGATCAATCCATCCGCGATGTCCAACGGAAACCTAAGACGGTTTTATTTTTTGAAAAATAATTAATGTTTACAACCTTGAGCACATACATGGCGCATGGCCAATCTAGCGGCACGCGCTGAAGGGGAATCGTTTTTTGAATTCAATGCTTGAAATGGATCAGATGTATTTTCCTGACTAGATTTAGTTGAAGATAAGCTAAAATTAGTCACACTCCGATGTACAGCATGTCCACATGTAGGACAGTTTTTTAAAGGTTCATCTTTAAAAGATTGAATAGATTCAAAATAGCAGCAATCATTGACTGGTTCTTCTAGTGACCAAAGGGTGGGTTCATAAACATATATAGGCAATTTTTCATCCTTTCAATTTCCATCATCATTTCTAGAGGGAATTAAAAAACATACTAGTTTTTTTTAAATTAAATGCTAGATTTTTGCAAACAAAAGATTCCGCTTGAATCTTTTCTTTATCTAAACAAAAGGTACATTAAAGTGAAATTACAAAACATAAATCTTGAAAACAACTTAAAAACTTTCACAAATTTTGCTGAAAACCATAGTAATGAAATTCCATATTCATTAACCCTCGATTTTAAAAAACATAAAGGTCATATTGTTTTTTCAGGTTTGGTACATGGAAACGAAACAGGTTCCTTACCTGCAATTATAAGAATCATTCAGGATCTCTTGTCTAAAAAAATTTCTTATGGAGGAAAAATTTCTTTCTTTTTAGGAAACATACCTGCAGCCCAGCAAAATGTGCGTTTTATTGAAATGGATTTGAATAGAAGCTTTGGAGAAAGTGCAGCAACAAATACCACTATTGAAGCAAAAAGAGCGAGAGAACTCACCCCTTTATTGCAACAAGCAGATGTTTATTATGATTTTCATCAAACAATTATGCCTTGTTTACGCCCATTTTATATTTTCGAAATGGATTTCCAAAGTTACTATTGGGCTAGATCTACTGGGATAGCTAATACATACGTCACTAGAAAGAAAGGTGCAGCATTTTCAAATTTAGGGATGTGTACAGATGAATATGTTCGTTCTCTTCAAAAAGTAGGAATTACTATTGAACTTGGCGAAAAAGGATTTCAGAAAGATGCTGAACTTTATGCTTACTTAATAATGAAAAGAGCTATAAAAAATATGGATTTAGTATATTTACATAACTGTTCCATTAAAAAATTAGCTCATAAAAATGAAGATTTTGAATTTATGCAAATAAAGTATAAAGAAAAATTTGATCATCCTAATAAACGGCTTCATCAAGGATTTAGTAACTTTAAGTTTATAGATAAAAATGATTCTATTGGCTTCGATGGTAATAATAAACCTCTAATAGCCCCGCTCAGTGGAAATCTATTATTTCCTAAATATCCACCGCGTGATGAAAATAATCAAGCAAAATCACCATTGCCTGGAGAACTTTATGTGATTGCTCAAAAGATGAATTTTCATCCTTTAAAATGGCTTTCTGCTTACAAATCAAGAGAAAATCCAAGTCGTACACCAAACTCTAAGTAATTTAGATTTATTGGAGAAGTTTTTAGATAAAAAGAATTATAGTAAAGGTTTGTACTAATTGACC
CP123622.1_gap86	3559930	3561825	1895	AAGCACCTGTAAAAGTACTAGATTGTGAACAACCAGAAAAGTTTGGAACGACTCCACCGCTTAATGGACAAGATGTTACTTTATTAACAGAAGAATAATTTGCAAGATAAAAATAATTATTTTTTACAAAACCGGCATAAGCCTTATTAAATCCAGTTCCAACTGAGCAACCACTAGAATTTGGAATTGAACCGTTACCTTGTACAGGACATGAATATATTGTACCTGCACTATACATGACTACATACACATAATTATTAGCATAATAAATTGTTGGATAGGCAGGAAATGAATCACTGAATCCTGTACTTTTTAAACACCCTGAAGCAGTTGCTGGGATAGTATTATTTGTTATGGGACATGCATAAACAAAACCAGAACTATTTACCACGTACAAAAATGAACTTGAAGCAGATACGCTGTACAAACTTCCATACCCCGTTGATGCAGCACAACTTGCAGCATTAGGCACCGCTCCACCAGACAAAGTACAAGTATAAACAGAACCATTATTATCACCGATATATGTTACTGTCGCTGGAACTGGAAAATTAACTGTGTATGCACTGCGAACAATTTCCATATTACTAAAATTTAATGCAGCATTTGTCCATGCTGCAGCAAATGCTAAGTATCCATTCAATGTAAAATTTTGTTGAGTTCCATTCCTTGGAAAATTTCCTAATATAAAATTACCGCCTCCTAGAGCTGAAGCATTTGTTGAAGGTAATGTTTGAGTTCCATTTGTATCTAAAATATTTGAAGAACCGCTTAAAGATCTACCGACAAAATTATATCCAACATTACTGTTCGTAATTGTTTGATTTGCTAAATCATCTCGAAAATTATTTCCACTTCCATTATTAAAACCAAATCCATTTGTTGAACTCGCTGATGAATTATTTGAATATCCAAAAATTCCATTAAAGTTAGTTGAACTAGGATTTTGTGCATAAGCTACTATTGTTGAAGGTTGTGTTGAATTAAATATTGAAGAATTAGAAATTGCTATTCCATAATTAGGAGCTGGCGCCAAAGCAGAGCTACCTAAAACACCATTTTGATCCCAAGCAAATGCAGCTGTAGATAAAGTAGAATTATGTTGATCACAATATAAGTCAAACACAGTTCTATTACTTATGCTTCCATATCCTGCATTTTGTTGTTTTTGCATTGCATATAACACATCTGGAATAGAAATATTATTTGTAATTAAATTATCAAGGAAATTTTTAATTTGCCCTTGCCCAGCAGCTGTTAATGAATATCCAGAGATACTGCTAACTCTATTTGTATAATCTGTTATTATTCCATTTGTATTTATTCCATTTGTTGTTGAATTTCCATTAATACAAACTTTACTACTACCTAAAAAGTTTGAACATGTTACACATGAAGTCAACACTTTACACAGATCGGCTGTTTGAGTAGTATAAGTTGAAGAAGTAGCACCACTTATTAAATTATTATTTGCATACCAACTATAAGTACAATTTGAAGAATCGCTCCATGTACCTAAAGTAGTCGATAAAACATTTCCTGTTGAGGTAATAATATTTGAATTAGAACTAAATCCTGCACCTGACAAAACAGGCACTACAGTATTAACAGGTGAGCTATAAGTTACGGTTGCAATATTAGAGTTTGCAGTAGTATTAAAAGCATTCGTGGCTGTAACAACATAATAATAAACTGTTCCATTAACTGGATTTGTTAAATCTGAACAGAACGTATTTGTCAAATTAGAATTAGCGCAAGTTCCGGAAGTTAAAGTTACATATCCACTGCCTGATGCTGTAGAGCGTTTTACCGTATAAGTTATTGTTGCATTTCCTGGACTTGCTGTCCAATTTACAGAAATAGATCCAGCCCCAGAAATTGTAGCTGTAACACCT
CP123622.1_gap87	3569078	3573379	4301	ACTCGTTGTTGCACGAGCAACATCATATGAAATACTTGCTGTTCCCGGACTTGTTGTCCAAGATAAAGAAACGGAAGAAGAACTTGTCGAATTAACATTATTTAAAACAGGAGGAGTTGTAAAAGTCGTAGCTTGGGCTTGTGTTGAATAAACAGATTCACCACCAGCAGTTATTGAAGTAACAACATAATAATAAGTAGTACCTGCTATTAAATTTGTATCTGAACAAGAATTAATTGTTACATTATTACAAGAACTAACTATAGAAAAAGGACCTGTTCCAGATGTTGAACGATATAAATTATACAATATACTTGTTGTACCAGGACTTGTTGTCCAAGTAAGATTTATAGAAGAAGTGTCTTGCGAAGTAGCTGTTAAGTTAGTAGGAGCTGATGTAGGTAAAACAACATTAACTTCAGCCGAATTAGTTGAAACTCCACCAGCTGTTGTTGCTTTTACTACATAATAATAAGAATTTCCCGGTGATGCGCTAGTATCAGTACATGTAAAGGTATTGACTAAGCCACTTTGACAAGTACCAGATGATATTGCCACATAATTAATTCCTCCACCAGTTAGACTACGCAGGACTGTATAAGTAATTGTTGCGTTACCAGAACTAGCTGACCAAGTAACATTTACTGCGCTTGTTCCCAAAGGACTTGCAGTTACATTAGCTGGTGGATTTGTAATGGTTGTTGCATTTGCTTCTGAGGAGTAAACAGATACTCCACCTGTTGTTGATGCAGTAACAACATAAAAATATTTTGTTCCTGGAAGAACATCATTATCTACACAAGTAACGATAGGAGATAGTATATTTGTTCCACAAGTTCCATTTACTATTTGAGAGTAACCTGATCCGCTTGTCGTAGAACGAAACAGTGTGTAACTTATTTGTGCGCTTCCTGGACTCGCAGTCCAAGATAAATTGATAGAATTTGTTCCAGCTGAAGCGGCTGTTAACGTTGCTGGAGCATTTGTTGGAGTAGTTGCCGAAGCAAAACCTGAATTTCCTGACGTACCTCCTGCAGTTGTAGCTGTTATAATATAGTAATAAGTTGTTCCTAGAGTAACTGAACTATCTATACATGATGTAACAGATAAACTTCCTGAGCATCCACCAGAAGCTATAGCAACATAACCACTAGAACTACTTGTCGAACGTAGCACTATATAGGTTATGGGAACCGTTCCTGGACTTGCAGACCAATTAATATTGATACTCGTACTTGATAACGTGGTAGCTATCAAATCAACCGGAGGGGTTGTAGTTGTCGTGGCATTAGCTTCAGCTGAAAAAGAAGATATGCCCCCATCTGTTGTTGCCGTAACAACATAGTAATATTTCTTCCCCAGATCGACGGCTGTATCTACACAGCTTGTAACTCCAACAGAAATAACTTCACAACTTGCTGAAGGGACTAAAATATAACCAAATCCTGAAGTTTCAGAACGATAGACTTGATATGTAATTAAAGAAGAACTCCCTGGACTTGCAGTCCAAGATAAATTAACAGACGAATTTCCAACTGCGGTAGCAGATAAACCAGTTGGTGCATTTGTTGCAGTCACAGCATTAGCTTCAATTGAATTGCTTGTAGTCCCTCCCGCAGTAGTAGCTAAAACGACATAATAATAACGCAATCCTGGTGATGCACTTAAATCAGTACAAGTTGTTACTGTAAGGCTTGAATTACTGCACGTTCCAGATGCAATTGCTGTATAAGGTCCACCGCTATTTGTTGCTCTTTTTACTTGATAAGTAATAGGAACACTCCCAGGACTGGTTTGCCAATTTAAAGAAATTGAAGAGGATGAATTTACAGTCGCTATAATATCACTAGGAGGTGTAGTCAGAGTTGCTGTTGTAGATTCACTTGAATTAGGAGAAGAGCCGCCACTGGTTGTTGCTAGTACAACATAGTAATAATTTGTCCCAGGAGAAAGTCCATTATCACTGCAACTTGTTCCGTTAATTCCAATACAATTTGGAACTGGTAAATAATTACTACCCGATGTTGTAGATTTAAAAACTGAATAAGTTATCTGCCCAGCAGTACCAGAGCTTGGAGTCCAAGAGAGTTGTAATGAATTAGCAGTAATTGCAGAAAATACTAACCCAGTTGGAGAATTGGGTTGTGTAGTTAATGCCAATTCTGCACTATTTGCTGTCGTCCCAACAGAATTTGTTGCACTAGCAACATAAAAATATTGAGTACCTGCAGATACCGAACTATCCGTGCAATTTACAACACTAATATTTATACAGCCAACTACATTCGAGTAAGGACCTCCTGATGCAGAAGATCTTTTTAATGTATAAGAAATAGGAACATTTCCAGGACTTTGGAGCCATTGAAGAACTGCTGAACTTGTCGTTACAAGTGGACTATATAAATTGGTTGGAGGAGTTGTTGGAGTTACAACAGAAGCTTGAAGAGAATTAGGGGAACTTCCAGCCGAATTACTAGCAGATACAACATAATAATATTGCATTCCTGGTAAAACGGAATTATCGGCATAAGTTAAAGTAGCAGAGTTTAAATTACTTGCGATAAGATCATATGGCCCGCCAGAAACTATTGAACGACTGACTTGATAGACGATTGTCCCCAAACCAACAGCAGCGTTCCAACTTACATTTGTTAAATTAGAACTAGCAGCAACCGCTGTTACTGCTGTTGGAGCAAATGGAGGCGCAAGTGGAGTTGCTGTACTGATGTTACTTATGACACTACCAGCATTATTGGTAGCAGTAACTTGAAATTGATAGGTTGTTCCATTGTTTAAATTAGGAATAATTGTATAAGTAGATTGCAAATTGGTTATGGTATCCGTAAATGGACCTGGGAATATGCCATAATTAACTGAATAAGTTTTAGCAATATCAACCGCATTCCAAATTAAATAAACGGTTTTGTCGCCAGATATCGCATTCACAGATTGAAATGGACCAACAGTAGCTGCAATTTCTGTTTTAGAATCCGTATTCCCATAGGCATTTTGCGCAGTTACTTTAAAATAATATTGTATACCGTTTTGCAATGAAGGAATGTTGCAAACAATCTGTGCGTTACATGAAGTTACTGAATTTGTATAATTTTTTGATGAAGTTCCGTACCAAACAGTGTAACTTTTAGCTTTTTGTGCTTGCCCCCAAAGTAACGAAACCTGACTATCACTTGCTAAAACATCTGTGATTTCAAAAATTTTAGGAGTAGATAAAAATGGGCTATTACCGTCGTCAACATGAGAATTTGATCCTCCTAATGGATTAAAATTGCAGCCATATGACGCGAATAAAAAAAACAAGAAAATTAAAATTTTTTTAGTAAATAACGCCCGTAACAACTCCATATCCTAATTTAAAAATTTACTTTATTATATCTAAAAAATGAATGTTTTTCTATTAACTTTTTCTTCATTATCTTAAATATTTACTATGCAAATTTTTCACTGCCAGAAAAAATATCCTTAAAATCATCTCTGTTACAAAGAATTATAACAAACCGAAACGTTTATATAAAGTTAGAAAAGTTTTAACAGGTAAAAGGGTTTGAGAATAAAAATTTTAAAAGAAAATTTAATTAAAAAAATTTTAATGCTGTTTGTAATTTTATTTTGTCAAATGAGTGAAAATACTTTTCCTAGAGAATTAAAAAATATCCAATACAAAGTGCAAAAAAAAGATACTCTCCTAGGAATTCTAAAAAAATATTCATTAAAACCAATTTATGGGAAAAACGGTTCCTTAGTTGAAATATTAAAACTAAATCCCCATAAAATTAATACAAAAGGAAATCTTATTTATCCGGGAGAAATATTAACGCTGCCATTAAAAAAAGAAATTGAAAATAATTCTTTAAATAATAACAATAATAATAGTAATTCAACTATAAATTCAGAAGCAAAAAAAATTCCTGAATATTATAAATACAACGGAAACTTAAAGAACATTGAAAAATTACCAAGTTCTCATGTTTATATTATTTATAAGGTAAGAAAAAATGATATGATCAGTGTTTTACTCCAGAAATATAAATCCTTTCCCATTTATGGCAAAAAAGGAACTCTTAGTGAAACCTTGGATTTAAATCCCAAAAAGAAACCAACAAAAGGAGACCTTATTTTTCCAAATGAATTAATCACTCTTCCTATTTCAATCGAAGTATTAAATCAGTTAAGCGAGAATGAAAAAAAATCTTTAAAAGTAATATATTTCAATGAAAAACAAAAAAGCCATGAAGAAATTTCATATTCTGAGTTTTTGGAAACTAAAAAAGTAGAAATTCCAC
CP123622.1_gap88	3654482	3654982	500	ATATGCACAGCTGAAGCAGAGTTAGTTCCTTCAATTGCTCTTATATAAACAGTTGCTGTTTCTTTTCCATTGCTTAATATAGATTCGTGGTAAACAAAGCTACTCATTTTTTCAACTTTAGCTGGAATAAACTCTTCTAATTCTTTTATTAATTTTGTTGGATTTGTTAACCCAGCAGGAGAATAGATTGTTACGTTTGGATTCACAGAAGAGATAATATTTTTTAATTCATTTTGAAAACTATTTAAAACTGTAATAACGACTAAAAAAGCTGACAAACCAAAACAAATTCCAACTATTGAAACTAAAGAAGTAAAACTTAATTTTTTGGAGTTTTTTTTGCATAAAAAATTAAGAGATAATCTAACTAAAAGATTCACTGTACTTTACCTCATTTCGAAATAATTTAAGACAAGATAGAAGTATCGGTTCTCGTCTCTGACAAAAGCTTTATCATAACCAGAAAAATCTCAAAGCAATTCTGCAAATTAAACTTTTTT
