gap_id	start	end	length	sequence
CP126498.1_gap1	21574	24575	3001	GGAACATTGCTTGTTCTGGGAACATTAAATACAAAGCAATGGTTGCAACTCTTGTCACAACAGCTGGAGGATTTTCAAAGCTCCTCATGGCGATTTTCACTTCCGTAGACGAAGTTTTGGACAAGTTAGCAATTTTCAACACAGAATCGTCATACTCTTCAGAAACAACTCTGTCGATTGTTACACCATTCTTTGTCTTAATATTCATTAATTGAGCGAGCGAATTTGGTGCAACATCTAAGAACATATAAGCCATTGTCTTTCCGTATGCAAATTCTGGGACGACCAAAGTTAAAGTAGCGTTAAGTTGAGCGTAGTAAATCTCGATGTATGCAGGCCCACTCCTATATAGCGTTACACTATCTCTATCTTGATTAATTATTTCAGTGTAATTGTATTTACTACTTGCAGTTGGATTCCACTGATAAATCTTCCACTTGTATGCGAACCACGTTTCTCCACCTTGATTTGGCGAAGCATTAATCGTTGTTTGAGCCGAAGAAGGATTGTTTATGTATTGTTCATAGTCAAAGAACACGTCATTTTCTTCTGTGGCTTCGTCAGTTGCGTACTTATGATATATGTAGAAAGTATATGTGGCATTTGTGTATAACTTCACAGTTCTATTGCTGAATTTGAATGTCAACGTAGCTGGATTATCATCTTCAGCACCTTCATAATTATCCGGTGGCATGACTTTCCAATACTTGAACGTGAATGTGGCATCCCTTGTTGGATAGCTGCCGCCTTTTGGAGTTACGTACCTTCCAAGAAGCAACTGAGCTTCTGTCGGTGTTGCAAACGTAACCCTGGCTTGTGATGTTGGTGTTGCTTCTAAGACGATACCTGAATTTGTAGAATTCGTTCGTAAGTTGACGTAAGTCGCGTCTTCTGTTCCATCGTTAAGCAATATCGTTGCATCATAAAGGATACCATAATTTGTAGTGCTCCCCAATAAAGTTTTACTAAGCTCTTGACCGTAATAACCATCAAGTGCAACAAGATAGATCTTTGTTTTGAAGAGCATTGCACTTTGATCAACGAATCCTGTGTGGTAAGGGTTCTGCCCATACACTGGCCAAGAACCATAAGGTCCTGAGCCGTTGAATTTCCAAGCGTAGACTGCTCCATCGTTTGCAGGAACTGCAAAATAATAGTCATTCGTCAATGCACCGGTAGGTGCGACGTTTACCGCTCCACTTATAGGAATTGAAGCATTTGTAGTGTAATCCCAAACTTTTTCAAAATTTCCCGTTGTTGAATTGTACGATAGTATTGTAATTTTACCAGCGTTTAGGCTTTGGTGAGAAGATGGAACTATAAGATAAGTCACACCATCGTTCCCTCTTATAATAGCCGGGGTAGATGTTATTCTTTGTCCAACAGTATACTCTCCCATTTTAGCCAGCGAAGAATTCAAGGCAACAACCTTCCCGTCATCTCCAAAAATGAATATGTTTCCTTCACCATCGATAAGTGGACCTGATGAGTTCGAGTAGGAGAGGAACCCACTTGCATGTTCCTCTTCACCAGTCGAAGGATCTATCTTGAATAAAGTACCGTCTGACCTCAGTGCATACAAGTAACCGCTTTCATCCATAGCCATCGGAACTGTGAATTCTTTACCTGATCCTCCATAATTTTCAAGTGGTGCGGATGACAAAGTAAAACTACCATCGACGATGTTCTGTGCTTCATATAGTTTTCCGCTCTGGGTCATTATATAGAAGTAGCTTTTATCAAAATTCAAAATTGGAGGTGCCTTAATTGGTAAAGCGATGTAAGCACTATTAACTAATGAAATGCTAGACCCATCAAAGACAAATTTATAAATCTTTCCAGTCATATCTGCAGTTATAATTTCGATTTCGCCAGAGCTGTTTACGTAAGCCACGACTCCATACGCGGCCCCGTCTAAATCTTCTTCTTCTATATTACCACCGGTTGCCAATTCATGAACTATTATCTTGTTATTCGCGGCTTGAGCAGAGACGTAAACCAAATATTTGTCAGAGCCAAGTTCAATGTACGTCGGTGGTGCAACAACATTGAATGCTCCGCTAACTTGGCCGTAGTTTATTAATCCTCCCTGAATTGTTAGTTCATACGCAGCTCCATCTTTTGAGAGGAATATTATGTTCCCTTGAGACTTTGTGATTACTGCGGGTCCAAATTTGTTAGGTACTTGTCGGCTGTAAGTTCCACCATTCCACAGGCCCTGCAGTGTTAAACCAGCAAATGCTGAGGATGCGATTAAAAGCAAGACAAAAAAGCTTAAAATTATATGGCTTGATTTCCTTGAATAATATGTTTTCATACTCTCCCCTCCTTAACTATCCGTTTTAGCCAGTCATAAGACTATACAGGTCAATTTTTCAAAACACCGCACTGCCGCAAATTCATGTCATGACCTCAACCTCAAAGGAAAATACACTTTCTGGAATTCAACGATACTTTTTATCCCTCCTTTCGGTCTTTTTTCTCTTTTAAAAAGCTTATTGAGATTTCACTCCTGGGACAAACACTGAAAGAATCCTTTTGAAAAATTGGAATTAGTCAATATTTATACATATCTATATTTAGACATTCGGTAAAATGTTTTCGTTCATTATCACCTTTTCACACCAACAAGTTAGATACAGTTCTAATTCAGTTCTACAAGTATGGTGTTGTCCTTATATCCTTACAAGAAGTTTATCTATCTTTTTCATATATTTTTATCGGAAGAAATTGCACATCCTTTAGCTGAATCTTATTGCACATAAAGCAGGAATTGTCCAATATCTCTCATCAAGTTACCGCTCAAGTCCTGAACGTTTATAACCGTGACGTAATAATAACCAAGAGACATAAACGTAGAAACTGAGAACGTTACAGTCTTACCATCAGAGGAAATATCCTCTGGCTCCATCTGAAGGTCACGATAAAAACCTGAGAATTCGTTTTCTTTTATAAGTAGCCTTGGAAGAACTGTGGTACTCACACCTCCAGGGTCATACAC
CP126498.1_gap2	25950	30208	4258	ATAATTCTACAGCCTGCTTCGATTTTCCTTATTTTAAGAGCATTCAGTATTACTCTTCACTGCTCTTTGATTTCTTGGGCAAGTTTTTTCTAACGACATTTAGTATTATCGACTTATGACCAACATAGTTAACTATCTTGATTTTTCTATAGGTTATGGTATAATCTCATTGCAGTTTGGTCTGTTGTGTTCTTTTGTGGGGCCGTAGCTCAGGTGGGAGAGCGCTACCATGGCACGGTAGAGGTCGTGGGTTCAAATCCCATCGGCTCCACCAAATTTCAATAGATCGTGAAAAAGCCCTGAATTCTTCTCAGGGCTTTTTGTTTATTAATTTGTCGATTAGAAGCAAGATTAAATGTGACCTCTTAGATTTGTGATATAATAAAGCGAAGAAATTTACAGGTACTGCTTAAGACAGTTGAACACTTTCATTTGAGCCTATATTTAACAGCTACAAGGGGGGACGTATATGGATTTTGAAGCTATTAATGAGCGTATTTCAGAAATTATTAACAAACATACCGAGCTTGAGAAAAAGCTCTTCGTTGTTAATCAAAAAAACAACTATCTCTCTTCTTTGAATGAGGTCTTAGACGAACTTTCAGATATGGTTTCAGAAGTTTCTGAGAAGGTAGAAGACTGGCTTGATTACGTATCTGATTTAGCCGACAACATGGACGACTGGCTCGAGGAGTTCTACGACATGGTTGATCAATTTATAGATATGGCACAGAATTCAATAGACCAAATCGGTGAGTACGATGAAGATGATAATGAAGAGTACGATTTTGAAGAAACAGCTGAAAAAGTTGTAAGTGTATTTGAAACCTGGGAGAAACAGTTTTCTCAGTTGATGGAACTTGTAAAAACTGGAAACAATAAAGTTGTAGAGATGTTTTTGACCGTCAGTAAACTTCAAAATGAGGTTGATGTCCAATCGTTATCGAACATGAAACAGCTTGTTAGTCACTTAGTTGATTGGAAAAAACGTATAGAGTTGGCTGTAAGCGATTTTGAAAGGTGGAAGGACTTTGTTGAGAAGCAAGTTGAAGATTTTGAGGAGTTTCATGAAAATATCAAAGACGTATTTGAATGATGATGTGACTCATATATCGAGTATTAAGAAACTAAGGTACAAATATGTTGTTGAGTTTCTCAAAATGTCATGAATTTATCTGCACGATGAACATCTGAAAATTTTATCCAAAGAAAGAATAAGAAAAAAGAAGAAATGTGCAAATATTTCTGTTTAGATTTTAACATTAAGCTATATTCAGTCAAAACGGCAATTCACAAACTGCCCTTTTTTGTTATACTAAAATTAGCAAACGGAATATTAGAGTGATAATCAAACCAAATCTTAGACAGGAGGGGGTAAGAGTATGAAAGTGAAACCACTCGGTGAAAGGTTACTTATTAAGCCCATCATTGAAGAAAAAAAGACAGCAGGTGGAATTGTCCTTCCAGATGCTGCAAAAGAAAAACCCATGAAGGCTGAGATAGTTGAAGTTGGTAAGCTTCCAGAAGATTGCACACTGAAAGTTGGAGACAAGGTTATCTACAACAAGTACTCGGGAACAGAATTGAAGATAGACGATGAAGATTACATCATCATTGATGTAAACGATATTCTCGCAAAAATCGAAGAGTAAAGTAGAGAAATCAAGGAGGTGTGAGATATGGCAAAGTTGTTGAGATACAGTGAAGAAGCAAGAAGGTCGCTCGAAGCAGGTGTTGACGCAGTTGCAAACGCGGTGAAGATTACTCTTGGTCCAAAAGGTAGAAATGTTGTTATCGAAAAATCATGGGGAAGCCCAACGATTACGAATGACGGTGTGTCAATCGCAAAAGAAATCGAACTTGAAGACAAATTCGCAAACCTTGGTGCACAGCTTGTTAAAGAAGTTGCCAGCAAGACAAATGACGTAGCCGGTGACGGTACGACAACAGCAACAGTTCTTGCTCAAGCAATGATCAAAGAAGGACTCAAAATGGTCGCAGCAGGAGCAAACCCAATCCTTGTTAAGAGAGGAATCGATAAGGCTGTTGTAAAAGTTGTTGAAGAGATAAAGAAGATTTCCAAGAAACTTTCAAGCACAGATGATATCGCACATGTTGCATCCATCAGTGCAAACAGTGAAGAAATCGGTAAACTCATCGCTGAGGCAATGGAAAAAGTCGGTGAGGATGGAGTTATCACAGTCGAAGACAGCAAAACAATCGATACATACGTTGAGTTCACAGAAGGTATGCAATTCGACAGAGGTTACATTTCTCCATATTTCGTAACAGACCCAGAAAAGATGGAAGTTGTTTACAATGAGCCATTCATACTCATCACAGACAGGAAGCTTTCAAACGTCAAACCACTCATTCCAATCCTTGAAAAAGTTGCACAAACAGGCAGACCACTCGTAATCATCGCAGAAGATGTCGAAGGTGAAGTTCTTACAACACTCGTTCTTAACAAACTCAAAGGAACACTCAACACGGTTGCAGTCAAAGCTCCTGGATTCGGTGACAGAAGGAAAGCTATGCTCCAAGATATCGCAATCCTCACAGGTGGTATTGTTGCAAGCGAAGAAGTTGGAATCAACCTCGAAGACCTCACACTCCAGGATCTTGGAAGAGCAGACGTTGTGAGAGTTAAGAAAGACGAAACGATAATCGTCGGCGGTAAGGGTAAACCAGAAGAAATTAAAAAGAGAATAGCCCAGATTAAAGCTCAAATAGAACAGACAACAAGTGAATACGAAAAAGAAACATTGCAAGAAAGAATGGCGAAACTCGCAGGTGGAGTTGCAGTCATCAAAGTCGGTGCTGCAACAGAAACAGAACTCAAAGAAAAGAAACACAGAATCGAAGACGCACTCAGCGCAACGAGGGCAGCTGTTGAAGAAGGTATCGTTCCTGGCGGTGGAATCACGCTCTTGAGAGCAAGAAAAGTTGTTGAACCACTCTTGAAAGAACTCTCAGACGATGAAAAGCTCGGTGCACAGATAGTTTACAACGCACTCGAAGCACCAATCAGACAAATAGCTCTCAACGCAGGTTACGATGGTGCAATAATCATTCACAACGTGATGAGCAAGGATGAAGTAGCATATGGTTTCGATGCGCTCAAAGGTGAATACTGCAACATGTACGAACGTGGTATAATCGACCCAGCAAAAGTTACAAGAAGCGCACTCCAGAACGCTGCATCGATTGCAGGTATGCTCCTCACAACAGAAGTTCTCGTAGTTGAAAAACCAGAAGAAAAGAAGCCAGCAGCACCTGAAATGCCTGAATATTAATAAATGGAAAAACAATACAAAGGCGGTATCTTTTTAAAAGATACCGCCTTTTTTATATTGTGTGCTATAATAACTCTTGTCACGTTCTCCAACTTAGAAATATCTGGGCAGGTGTTCATGTTGCGCGTCAGACTCATAGCAGTTACCGACATACGGGGTATGATAGCGATAGATGAAAACGATAGAACGGAATGGGGAAGCCCTGAAGACAAAAAATTATTTAAAGAAATAACTACCTCTTCTGGCGTCGTAATAATGGGGCGAAGAACATTTGAAACCATCGGCAAAAAACTTCCTGGACGTCTGAATGTGGTGCTAAGTAGAGCTGGACAGTTTAAAAATGAAAAGCCGGATATCGTACTTTCAGGAGAACCAAGAGAGATTTTGAAAAGTCTTAAAGAAAGAGGATATCAAGACGTATGTGTTATAGGAGGTCAAGAAATTTTCACTCAATTTATCAACGCTGAAGTCGTCACTGATGTGTATATAACTATAGAACCGATTATCCTTCCAAGTGGTATTAATATATTCGACAAAATAGAGCGCATTTACAGTTTAAAGCTTGAAAAAGTTCAACTATTAAATGATATTGGTAGTATTCATATACATTATAAGATAAAGTGATTTGGAAGCGGAATATCAGGTTTGAAAAAATGAAATGTTCTGGTAAAATATACATCAGTGTGATTTTCTAATAGATTTGGAGGTGGGGAAATGGTTGCGAAGGACAAACGCACAGTAGCGTTGGTAGGTCATAACGGTTCCGGTAAGTCTATGTTAATGGTTGCTGCTTTAAACCTTGGTGGCATGGGTGTAACGAAAAAGGAAGTAGATTTCGACCCAATCGAAGCGCAGCGTGGTGCAAGTATAAACTCACATGTTGGTACGTTTAAATACGAAGGAAAACAGATTACGTTCATAGACACGCCTGGTTTCAGCGACTTTATCGGCGAAGTTATCAG
CP126498.1_gap3	48482	51874	3392	TTGGAACACGACATTTCCGCCGTTCACACCAGCTCTCGGACCTATGTCGACAATATAGTCTGCACTCTCTATTACTTCCTCATCGTGCTCCACAACTATAACCGTGTTGCCAAGGTCCCGCAATTCTTTAAGCATTGAAATCAATTTACTATTATCTCTTTGATGCAACCCGATTGTTGGTTCGTCCAAAACGTATATCACTCCGGTTAACTTTGAGCCTATCTGTGTCGCGAGCCTTATCCTCTGCGCCTCACCACCTGAAAGAGTTCTCACATTTCTCGAAAGACTAAGATACCCAAGTCCTACGCGTTCAAGGAAATCAAGGCGCTTTTCGATTTCTTGTAATAGTTCCCTTATTGCCTCATACTGCTTTGGCGTAATTTTTTCAGGCAGATTCCTGATTATTTTTAGCTCTTTTGATATCGGCAGTTCGGTGAAATCGATAATGCTTAAGTTATCGATTGTAACGCTCAACGCTTCCCTTCTAAGCCTTTTGCCTTTGCACGTCTGGCAAGTGCGCTCAACGAAGAAATTGTCAACGATCCACTCGCGCATCTCTTCAGATGTGTACTCTTCATACCTCTCTTTAACAAGTCTAACGATTCCTTCGAAATATTCAGTGCCGTAAAGCACAGCCTCTTTAACCTCTAATGGCTGTTCAAAGAAGGGTTTATCCACATTTCCGCCGTATTCTCTGACGATGCGTTCCAGCCTTCTGGGTAGCCATCCATCAGCTTTGTGGCCGATCCTCAAACCCTGAATGATTGGAAGTTCCTCTTCGAATAGAGAATCCTCATCGACCTCAAGCTTAAAACCGAGCCCGTGACAGTCAGGACACGCTCCGTATGGAGCGTTAAAAGAAAAGAGCTTTGGATTGATCTCCGGCATCGAAAATCCGCAAGAAAGACATGAAAGTTTCTCAGAATACAGATGCTCATCGCTTTCGGATCTAACCAAAACAAAGCCATTTCCCTCTTTTAACGCAAGCTCGATCGATTGAAATAGCCTATGTGTGTCTTCTCCTGAAACTTCAATTCTATCTATCACAAGACTCACATTGTGCCTGACGTTTTTATTGAGCTCGGGTACCTCCTCGAGCCTGTAAACTTGCCCGTCTACCTCTACGCGTGTGAACCCTCTGTTGAGGAAGCTTTCGAATTCTTCCTTAAAAGTCCCCTTCTTTTCTCGAGCGATTGGAGACAGTATCAGCACTCTCTTGCCTTGAAAATGCTTAACAACATGCGAAACTATCTCATCAACAGACATCTTTTGAAGCTCACTACCGCAATTTGGACAATGAGGTACTCCAATTTGTGCGTAGAGTACCCTCAGATAATCGTATATCTCTGTTACGGTTCCAACTGTCGACCTCGGGTTGTGAGATACGCTCTTTTGGTCTATCGCAATTGTTGGAGAAAGCCCTTCAATGCTATCAACGTCTGGCTTTTTCAATTCGCCTATGAACTGCCTCGCGTACGTTGATAGACTCTCCAAATATCGCCTTTGTCCTTCTATAAAGATGGTATCCATTGCCAAAGAGCTCTTGCCAGAACCGGAAAGCCCGGTAATTACAACGAGCTTGTTCTTTGGAATCACAACATCTATATTCTTTAAATTGTGTACTCTTGCACCCTTAACTATCAATTTATCCATCTACTATCTTCTAAACCTCCTTGAAAGTGCCGAACCCAGCATTAACAATATTAAAATACCGAATAGCAGTACTTCTACACTTAGAGCTACCAATTTTCTTTGCACATCATCGGTTGAAAGATAACCGTACGCACGGGCTTGGAACGGGAAAAACCAAGTGATCGCTGCTATCACGAACATTATGACCAATGTTAAAAAGATCGTTCGAAAAGTATTCCATGTATCGTCAAGTTCGCTTTCAAACCTTTCGAGCTTGTTGTTCAACTGCTCGATTTCCTTTTCATACCTTTCGATGTGTTCTTCAAATTTTCCAATTGATTCCAGAAGTTTCTTTTCAATCTCTTCACGTTCCATACAGCTCCCCCCAGTAAGAGCTTATGAATATTATTTAATGTTGACTATAGCGCTAACAGTCAAGAAGTAAATCAATATACCCCCAAGGTCTGCGATTGTGGTAATCAGTGGACCTGCCATAACTGCTGGGTCTATCCTCATGAGCCTTCCAAGAAACGGCAACATAGCTCCGATAACGTTAGCAAAGATTATGACGAGCAATATCGATATACCAGCTGAGAGATTAACTAAGAGATTATTTGAAATCAAAAGACCTCGAACGAACAAAACGACACCCAAGACACCGCCTATAATTAAGCCGATTATGAGTTCCCTCACAAAAACCTTGAACCAATCTTTCAGATCGACATCTCCAAGCGTCATGCTTCTTATAATGAGCGTACTACTTTGACTACCAGCATTTCCGCCAGCATCTACCATCGTGGTCATGAACGCGGCGATGATAGGTATCGCAGCCAAAACACTCTCGAATTTGTGGATAATAAAAGCGCTTACGCTCTGCAGTAGTAACAATCCAATCAGCCACGGTAGCCTGTTCTTAATAAACACTAATATTGGCGTGTGAAAATAAGATGTTTGAATAGCGCTCATACCGGCCATCTTGTGAATATCCTCAGTTGCTTCTTCATCTATGATGTCAACTATATCGTCGACTGTTACGATACCCACAAGCCTCAAATCGTTATCGACGACAGCTATTGCGTTGAGGTCGTATTTTTTCATAATTGTTGCAACCTCTTCTTGGTCTGTTGTCGTCTTGACATAAACGGGATCCGGCGAGTAGATTTCTTCGATCGGAGTATCTGGATCACTAAAGATCAAATCCTCAAGCTGGAGAGTCCCAAGCAGAGTTCTATCCTCTTCGACCACGAAAATAGTGTAAATAGTCTCAGCATCTTTTCCAAACTTGCGCACCTTAGTCAGAGCCTCTTCGACTGTCATCGTCTTTGTCACGTACACAAAATAAGGCGACATCAAACGCCCTGCGGAATTTTCAGGGTAATTCAGTACTTCTATTGTCTGTTCCCTCTCGCTCTTTGGCAAGAAAGAAAGCAGTTTAGTAACAACATCAGCGGGCAACTCGTCTAACAAGTCGGCTCTATCGGCGGGATCCATGTTCTTAAAGAGGGACTTAATCTCGTCGTCGGTGAGCATTCTGATAAGTTCAATTTGTTCATCGGGCTCAAGTTTGGAAAAGACCTCCGCTGCTAACTCTTTGTGAAGTAAGCGGAAGACAATCGCCTTTTCCGATGTCTGCAGTTCTTCTATCATCTCGTAAACTACATTGGCGTCCTGGTCTTCCAGTAGCATCTTGAGGGTGCGAAAATCGCCGCGTTCGATGAGTTTCCTGAGGTCTACCTGTAGTTTGACCTTCATCGTGAGTA
CP126498.1_gap4	86878	88019	1141	CCCGAGATACTCGAACTGGTCAGCTTTACTCTTCAAAAAGAAGGATACGAAGTCGTACCCGTTGAAGACGCGGAAAAAGCACTCCAAGAGCTTAAAGAAAAAGACGTGGACATGTTCATCGTAGACATCATGCTCCCAAATATGGATGGTTTTGAATTTGTAAGAAACATCCGCGCAAGCGACAAGCACAAACTTACTCCCGTAATATTCCTCAGCGCAAAGGGAGAAGAATTTGACAAAGTGCTCGGATTAGAACTCGGAGCTGACGACTACATCGTCAAGCCGTTCAGCATAAGGGAACTCCTCGCAAGAATAAGGGCAGTATTCAGAAGAATACAGCTCGGAACAGTTGTCAAAGAAGAAAAACCGAAGAAGATAGTTGCAAAAGACTTGGAAATCGATATCGACAAGTACGAAGTTCGCGTCAAGGGCAAGAAAGTATCTCTCACGCCGCTTGAATTCGACCTTCTAAGGTTCCTCGCCGAAAACGAAGGTAAAGTCTTCTCAAGAGACGTTCTGCTTGACAAACTCTGGGGTTACGACTACTTTGGTGACACAAGGACTGTAGACGTGCACATCAGAAGGCTCAGAACGAAGATAGAAGATGACCCATCAAATCCAAGATACGTTGTCACGGTTAGAGGAAAAGGTTACAAATTCAGAGACCCAGGAAAGGAAGAATAATTTATAGATGGCACTTTTAATTGCGTCTATACTACTTGCACTTGTTTTCTTAGTGCTGTTTATTAACGAGCAGCGTAAGAAAAGAGTATATTCCAAATACTTCGACAAGATAGCGATAAGTATAGGAGAGGAGGCTGGCACTCCTCCCCTATATATCTATGAGCGATTAAGGAAGCGCCTCGAAGAGCTCGAGAAAAAGATAGCCGACAGCGAGCGCGAGAGGAAAAATGTCTTTACGATACTCAACAACATAACAGACCCAATAATCATCGCTCGTGGTGATGGAACGATAACATTTGCAAACATAGCCGGTAGAGACATCACGCGCCCCGGCGTTGAGGGAAGGAAAGTCTTCGAAATCATAGAGAATTATGTCCTTCTCGAGATGTTTGAAAAGGCTCTCCAAACTGGCGAGCTGCAGAGCGGTGACGTTGCGCTGAACGTCGATGCTGAGACA
CP126498.1_gap5	123677	128057	4380	ACATGAAAGTTATGTTACATACGGACGTGGAAGATCAGCAAATTGTGACGCCGCAGTACGGATTGGTAATAAACTGGACGTCTACTATCACGTTTTTCTCACAAGATTTTTCGACCTTCATGGCTTTGGTTCTAAAAGTGCAACAAGAAAGTTTATAAAATGGCTTGAACGTACAAATCCAGATATAGTGCATCTTCACAATATACATGGTTATTACATTAACATAGAAGTTCTTTTCTCATTTCTAAAGGACTTTCATAAACCTATTGTTTGGACTTTCCATGACTGCTGGCCTATTACTGGGCACTGTGCACATTTCACGTTTGCACAATGCGAAAAGTGGAAGACGGGATGTTACAGGTGTCCTGAGAAGAGTAAGTATCCGAAAAGTGTTCTTTTGGACAATTCTGCATACAGTCACAAAAAAAAGAAAAAACTCTTCACTGGATTGAAGAACCTTACAATTGTGACACCATCGAAATGGCTTGCTGAAATCGTCAAGCAATCGTTCTTATCAGAATATCCAATTCGAGTCATTCACAATGGGATAGACACAGATGTATTCAAACCAACTTTTGGAGAATTTCGAAAAAAATACGGGCTTGAAGGAAAATTCATTATTCTTGGCGTAGCAAACAAATGGGAGGAAAGAAAAGGATTACACTACTTTTTAGAACTTTCAGATTATCTAAATGACGATGAAGTGATAGTATTGGTGGGTCTATCAGAAAGGCAAATAAAAAAACTACCGAAGAATTTTATAGGCATAAGAAGAACGAACAGTGCTAAGGAACTTGCTGAAATATATACAGCTGCGGATGTTTTCCTCAATCCAACGTTGGAAGACAATTATCCAACAGTCAATTTAGAAGCTCAGGCGTGTGGAACATTTACGATAACTTTTGATTCAGGCGGGGCTTGTGAAACCCTAATCTCAGAGAAAACAGGTATATGTTTGAGAAGTAGAAGCGTTATGTCAATCCTCGAAATTATAAGAAGCAGGAAAATCTTTCAGGGAAATTTCAGTATGAAAGAAGTTAATATCCGGGAATGCAATGGAAAAATAATGTCTAAGGAAAGCCTTACCTTAAACTATATAAATCTTTACGAAGATATACAATCTATATTTTTGGAGTGAATCTAGAGGACTGAAAGGTATCTGTACACAACCGCAACCAATCGACCTGTGTATCGTCTTAAAGACCTTATGAATATAGCTGTATTATTTGTTTTAAGTACAACAGCTTTTCTCAACTGCGGATAGTTATACAGAGATAATGTTTTTGTTATATTGGCATTTCTCATCAATGGTTTTATCTTTTTGTTTCAGCTGTCCACGGTATCACCTATAGGATACAGTCTGAGGGAAATTTATTATATTTTTATGCTTATGCTTATGTTTTACGCTCCGCTACTCCAGTATTTGGCAGACAAATTTCCCTGGTCAAATACTAAGCTACTCGCGAACGATCGGATTATTTATTCGAATCTTTTAATGCTTATTTTCACACTCTTGTTTGAGATTGCCTACAGAATTACAAACGCTGTAAACGAGACAGGTGATCACAAAATGGGAGTAAACATGTTCATTGGAATTTCTGTCATCTATTCTGACCAATAAGGGACTCTTCGGAGCGTCGTACTTTTCCTATTTTACCTATATTGGAAGTTTACCAGCATTCTTTGGAACACTTGTACGGTATTTCTTGTTTCCACTCTATTTGTTAGCCATAATTACTGCACTTTCACCTAGTGCGAAGAAAAGGAAATATGGTTTCGCATTCACATTTTACCGTTCGGTATCGCTTGCGTGTGTGGTTATTTATACGGTGGATCAACAGAACTTCGTTTTAGGGGAGTTATCTACTGTTTAACTACATTTGTGCTTTTTGGAATTAACTTAAGAGAGAGTCTTAATTTGCAAGATACTCATAGAAAAAACTGGTTCATGCTCGAATATGCTTTGCTTTTACTAATGCCGTTATCATCCATTTTCCTATCTGTAAGGTAACTCGACCACAATTAGTGGACACAGAAAACATTCTGTTATCTAAGAAGGAGGCGACATTCCAGTACATGTTGTATATTTCAACTTTAGAGGATCTTGAACGACTGGTCGGGGTTAAGAAAAAAGTATTCGCACAAGCCAAAGCGTTTTCAAATCTGTTGAATAGTCCAACAATCCTTGTTTGGAACTCTGGTGGAAACGTCAGAGTAAGTCATATTGAGGGAAGTAGGACGTATGAACTTGCTGCCAATTTGTTTGCGTTGCGAAACAAGTTTGATAAGCTTCTATACTATAAGAAACTTCGAAAGGTCTTACCATTTGTCATATCCTACGATTCAGGGCAGAGAATAGCATACCTAAGATGTACACTTTATAATAAATCTTTCTTAAACTTACTGAGTTGCCTGAAAAAAGAGAATTATAAAGTTGCCATAGAAATACCTACCTCAACTTTTCTTAAAGAGTATTCTAACAAAGGCGTAGCAGGAAGATACTTGTACTTGAGTTACGCAAAATATCATCAAGCTATCTATTCAATTGCTGATCTGATTGTGGCAATCGGTGAAATATCTGAATCGTTGAAAGGGTTTGAGCACAAAGTACTTGAAACCTCAAACGGAATAGATCTTTCGGAGGTACCGCTGATCGGCCCACCTGCATTTACTAAACAACTGAATCTCATTGGTGTAGCAAACGTTTCCTACTGGCATGGATACGACAGACTTCTTAGAGGTCTTGCAGAATATTACGCTTCGTCAAAGGGGTTTGAAGTGAATTTTCATGTGGTTGGAGATGGTCCTGAACTTAGCGCTCTCAGGAATCTTACCGAGAAGCTGAAGCTTGATTCTCACGTGTTTTTCCACGGAAGGAAGTCTGGCAACGAATTGTACGAAGTTTATAAGAAAAGACATGTTGGAATCGGTTCGCTTGGCAATCATCGTAAGAATATGTTTACTACGTCAGAACTTAAGCTAAGGGAATACTGTGCGTGCGGTTTGCCGTTTCTGCATGCAACATCTGATTCAGATTTTCCTGAACAGTTCCCGTTTGCACTCAAAGTACAATCTAATGAAGAGCCAATCGATGTGCTTGAAATTATAAGGTTTTACGAGAGAATCCGCGAGCAATATCCAGATTATCCAGAACAAATGAGGAAGTATGCTGAGGAAAACCTCACGTGGGATATGAAACTACATCAGGTAATAGAAAGGATTCAAGAATCAATAAGCACAGGTGGGGAGTGAAGAACTTGGATGTAATGGTAGTCTTGAAGAGGAATAAAAGAGGAATAAAATGAGAATACTTTCATTAGTCGGAGCGAGGCCACAATTTATCAAGGAAGCAGTAGTACACAGGGAACTGAAAAAATATCCTGACATAACCGAGGTGCTTGTACATTCCGGACAGTACTACGACTTCAACATGTCGGATGTGTTTTTTGAAACACTTGAGATTTTGAAACACTTGAGATAAAGAAGCCTGATTACTTTTTGAACGTTGGTTCAGGATTACATGGTGAGATGACAGGGAAGATAATGATCGAGTTTGAGAAGGTGGTATTGAAAGAAGAGCCAGATATGATATTGGTGTATGGTGATACAAACACAACACTTGCAGGTGCAATAGTTGGGGCGAAGCTGAAGATACCAGTAGCGCATGTTGAAGCGGGGATAAGGCAAGAGCCAAAAGATATGCCGGAAGAAATAAACAGGGTATTAACAGACCATGTATCAAGTTTATTGTTCTGCCCAATCGAGCTGGCAGTGAAGAATTTGGAAAGAGGAGGAATAACGAAAGGTGTATACTTTGTAGGGGATGTGATGTACGATTTATACCTCGAGATGGAGCCGAGGTTTAAATATGAAATATATGAAGAGCTAAAGTTGAAAGAAAGGGAATAAATAGTCGTAACGCTGCACAGGGATTTCAATGTTGATAACAGGGAGAGACTCAAAAAGATACCTGAGCAGTTGAACAAAATAGCGAAAGAGAAGAAGATCGTCTTTCCGATCCATCCGAGGACAAGAAAGAGGGTAGAGGAGTTTGGGTTGCAGAATTACTTGAAAGACATAACGGTGATAGAGCCTGTGGATTATTTGAATTTGATGGGTTTGGTGAAGAGGAGTTGGAAAGTGATAACGGGCAGCGGGGGGCTGCAGAAGGAGGCGTATTTTGCAAAAAAGCAAGCGGTGGTATTAATGAATGATACAGGTTGCAAAGAGTTGGTCGATATTCGTTTGAACAGGTTAGCTGATAAGGATGAATTGTACAAGATAGTTATGTGTGAATGCAAAGTGAAATATCATGAAGAAGTTTCAGGGACTGGTGACCCTGCAGCGATAGTAGGAGAAATTTTGCGTTCCAAATTCTAA
CP126498.1_gap6	129086	131755	2669	GTACCAAGGTTTAGTTTGTACTCCTTCCTCTACGATATTGACGTATACGCTTGGTATTGGTTTGCTATTTTCTATTTTGTACTTTACCTTAGACTTTTTATTAGGATAGCTGTTGAAAGGCGATTGTTTGACGACGTAGAAAAAAATTTCTTCTTACTGTTCATCTTAACCGGGCTTTACATGGGGAGTCTCCATACGTTTTATATAGGATTTCTAGTACCCAGAGTTGTTTTTATAACGATAATATACGCATTCTTCTTACTATGTGCTGGCTGTCGACGTTATAACATGAAACCGTAGCTTGCTCGAGAATGAAATGTCTAATACGTGGCTAAATATGGGGTTATAAACCACTTAGGATTTATTTTACCGCTTCGTTGGAAATGGAATGATGGATTCCGCGTAAGTTTTGAGTTTCCATGCAACAAAATCTCATAGACTGGAGAGGATGAAAGCAAAGTTATGAGGAAAGTATTGATTATTGGAGATTGCAGGGGCATTTTCTTAAGAAAACTCTTTGACAATCTCGTAGTCGCAGGAAAAAAGCGATATAGTTTTGGCTTAGTGAGCGATGGTAAACGTCTTTATAGTAGTGATCAGTTTGACGAATGCTCAGTTCCGAAAAAATGTATCCAAAGGATTTTCAATGCGATTTATATCTCTAAAAAAATCTCTTCTGAAAAACCTGACGTAGTACACATACATTTTCTTGATCCGTTAAATGTTTTCTACAAAAGTTTATTAAAAGACGCTAAAGTAATAATTACGCTGTGGGGGTCTGATCTTTATAGATACCCAACAAGATCACTACTTAAAAAATTACTTCAGAAGTTCCTGATAAAACGTGCAGACATTATTACGGTGGTTTCTCCCAAGATGAAAAATGACTTTCAGAAAATATTCGGATTCGAGGATAAGCCAATTTTACTAACCAGGTTTGCAATACCAATTGACCTATCGATCATAGATTCACTGAGTGAAGACAAGCTTCGATGGTTCAGAAGAAGATTTTCTGTCGGGGAAAATGAAATAATTATCACTCTGGGCTATTCAGCAGATCCAGGAAAGAAGCATATGTATATGATTGATGAGATTGTTAAGCTATACAATACTTTTAAAAACATTTTCGTCTTCCTCCCAATGACCTATGGCAATGTCGAACACAGAGAATTGGAACAAATAACCAAAAGGTACGTTCTTGTTCTTAAAGTATATACCTTATTGCTCGTTTAGTATTCTTTGAAAGAGGGTGGGTGGAATTTGAATAAGAAAGTGCTGATCATTGGTAATTACAACAGCATATATATCAGAAAACTATTAGAGAGCTTGTCACGCGCAGGAGATGTACGCTTGAACTTTTATGTGCTGAGTGGTCTAAAGTATATACATAACGGTCTTGAAATCTATGCTTTGCCTGAGACGAAAAATTCCTTGAGAAAGCTTATCAATACCAGAAAAATCATAGATAGAGTTGCAGCTGAACATCCAGATATTGTTCACATACACTATTTTAATGCTCCGACTATTTTGTACGTTATGTGGAGTAAACTGTTTAGAAAGGGCAAACTGGTAGTTACTTTTTGGGGTTCGGATCTTTATAGGATTTCGGGAACTCCAATGATAAAGAAAATCATTCAAAAGAGTGTAATAAAGCGTGCTGATGTGGTTACCGTAACTTCTGAGAAAATGATAGATGATTTCTATAAGATTTTTGATGTTAGGGATAAGAAGGTCTTTCTGACAAAATTTGCAGTTCCAATTGATTTGAAGGTTATTGATCAAGTGAGTATGGAAGAAATTGAGAAATTTAAGAAGCGGTTTTCGATAGCGGCGAACAACATTGTTCTGACGCTTGGATATTCAGCAGATCCAGGAAAGAATCATATGTATATGATTGACGAGGTTGTTAAACTTTACAATACTTTTAAAAACATTTTCGTCTTCCTCCCAATGACCTATGGCAATGTCGAACACAGAGAAAAGGTAAAGCAATACTGTGAGGAGAAGTTTAAATCGAGGGGTATAAAGTACTCTATTCTGGAAGAGCAAATGTCGGATCGGGAAGTGGCAGTTTTGAGGAAAGCAACAGACATAATGGTGAATGTTCAAGTTTCTGACGCTTTGTCTGCTTCCATGCAAGAAAGCTTGTATGCTGGGAGCATTGTTATAAATGGTGAGTGGTTGGATTACAGTGAACTGAAAAGAGAAGGCGCATATTTTGAAACTATACCACGCCTTGGACCAGGATTGTTGTCTTCAAAGATTGCATATGTAATAGAAAATCTATATGAACTTAAGGAGAAGACAGTCGTCAACAAGAAAATTATTGCTAAAAGATGTGATTGGGAGGAGGTAGCTAATAACTTCTTGACAATATATGACAATCTACTGGAGGGAAAAATATGAAAATTTTGGTTACAGGTTCCGAAGGATTTATTGGTTCTCATTTGGTTGAGCTTTTAGTAGAAAAAGGTTTTGATGTTAGAGCGTTTGTCAGGTACAATTTTAAAAATGAGTGGGGATGGCTTGAGACGTTGGAATGCCTTGACAAGATAGAGGTCTATACAGGCGATGTAAGGGATTTTGATTCTGTGTACGATGCAATGAAAGGTGTTGATGTAGTCTTCCATTTAGCAGCGCTGATTGGGATTCCTTATTCATACATTTCA
CP126498.1_gap7	186145	191121	4976	TGTGCAGCTTTACATCGGAAGAGAATGTGCCTCAGTAACTCGGCCAGTTAAGGAACTGAAAGGTTTTGCGAAGGTGAATTTGAAACCTGGCGAAAAGAGGAAAGTTTTGTTCAATCTCCACACGGACGTGCTCGCGTTCTACGGACGCGATATGAAGCTCTGCGTTGAGCCTGGGGTTTACAACGTCATGATTGGAAGTTCTTCGGATGATATAAGGCTTAAAGGAAGTTTTGAGGTAGATGGAATGAGAAGAGAGGTATTTGAAGATAGAGTATTCTTTACAAAAGTTTACACTTTCTAATTATTTTTGATCATATCTATTGGAGGTGAAGTGTATGTACTTCAATGTTGAAAAAGTTGTCTACGAAGGTCCAAGTTCAAAGAATCTTTTAGCTTACAAATTTTACAATCCAGAGGAAGAAATCGCTGGCAAGAAGATGAGAGATTGGTTCAGGTTCGCAGTCGCTTATTGGCATACATTCAACAGCAGGGGAGAAGACCCATTCGGTTCTGCAACGTTTGAAAGACCCTGGTTTAAGAAAGATCCGATGGACACTGCGTTTGCAAAGGTAGATGCCTTGTTCGAGTTCTGCGAAAAGACGGGCGTCGAGTATTTCACGTTTCACGATAGGGACTTGGCGCACGAAGGTTTAACTCTAAGAGAATCTAACAAGATTCTCGACAAGGTCGTTGAGAAGATAAAAGAATATATGAAATCGAGCAACGTAAAGTTGTTGTGGGGTACTGCGAATCTTTTCTCGCATCCACGCTATGCGCAGGGAGCAGCAACTTCGCCAAATCCTCTTGTATTTTCGTATGCAGCAAGTCAGGTGAAAAAGATGCTCGATGTGACAAAGGAATTGGGAGGTCTTGGATATGTTCTGTGGGGCGGCAGAGAAGGGTACGACAATTTGTTGCTTACAGATAGTGCGTTAGAGGAAAAGCTGTTTGCAAGGTTCTTGGAGATGGTTGTTGAGTATAAAGAAAGGATAGGATTCAATGGAGTTCTTATGATAGAACCAAAGCCGAAAGAACCGACAAAGCACCAGTACGATTTCGATGCATCAACTGTTCTGTATTTCTTGAAAAAGCACAATTTGTTCGAGCATTTCAAGCTGAACATAGAGGCTAACCACGCAACACTTGCAGGGCATACTTTTGCCCATGAACTTAGAGTTGCAAGGCTGAATGGGAAACTCGGCAGTATAGATGCTAACCGCGGAGATTTGCTGCTTGGCTGGGATACAGATCAGTTCCCAACTGATGTGTACGAAACAACTTTTGCAATGTATGAAGTTCTTGAAAACAACGGTTTGGATTGCGGATTCAATTTCGATGCAAAGGTAAGGCGCGCTTCCATTGATCCGGAAGACATCGTTTACGCACACGTTAGCAGCATGGATGCGTTTGCACTCGGTTTAAAGCTTGCAGTGAAATTGAGAGAAAAGGTAAAACCGATGATAGAAGAGAGGTATTCGGAGTATAATTCTGAAATCGGAATGAAGATTCTGGAAGGCAAAACAACTCTTGATGAGCTGTCTTCCTACGTTGAGGATTTAACCGATGTGAGAGTCAAATCTCTCAAGCAAGAATTGCTTGAGATGGTAATTAACGATGTCATATTCGGCGGGAGGTAATACTGTGAGCAAGATATGCGTCGTTGGGCTTGATGTCGGCACCACCGCAATTAAGGGAATCTTGGTAGATGAAGACGGTAATATATTGACTAAATCAGATTACCCTCTGAAGCTGATATCTCCAAAACCAGGTTGGGCAGAAGAAGATCCGAACGAGTGGTGGAATGGTGTTAAGGTTGTATTGAAAAGCCTCTCGACATATGCCAGAGAGCACGGCATTAGAATCAGTGCGATTTCCACAAGTGGGCAGATGCACAGCCTCGTTGCGGTGGATAAATCGGGCGAGCCGCTCTTTAATTCGATACTCTGGTGCGATCAGAGAACAGGTAAAGAGTGCGATGAGATAACACAAAAGCTTGGCGGGGAGCACAAGGCTATAGAGATTACAGGCAACCCTATATTGACAGGATTCACAGCTGGGAAGATATTGTGGCTCTCGAGAAATTACCCGGAGGTTTTTACAAAATCACACATGTTCATGCTTCCGAAGGATTTTATAAATTTCAAATTGACGAATGTGTATTCAACTGAGCATTCCGATGCCTCCGGAACGGCGATATACGATATAAGAAAAAGGGAATGGAATAATGAGATTTTGGAGATTCTTAACTTAAAAGTAGAACAGCTTCCTGAAATCAAGAAATCAAACAGTATCGTTGGCAAGATTACGCCTGAAACAGCCTATGAGTTGGGGTTGGATGAAGAGATTATAGTAGTGCCAGGTGGTGCAGACAACGCTTGTGCAGCGCTGGGTGTAGGTGTTACGGATTATGATACGGCGATGGTGAGTGTTGGAACTTCTGGAACTGTGCTTGTTCCAACACCTACGGCAAAGCCGGATGAAGAAGGTAGGGTTCACGTCTTTGCACACGTAGTCGATGGTGTCAATTACTACATGGGAGTTATGCTGTCTGCTACGAATTCCTTAGACTGGTTCAACGATATCACAGATTTCAGAGATTATGATATTATTAATAGTGAGGTTGATAGAGTGCCCGCCGGGGCGCGTGGCCTTTTCTTTTTGCCATACCTTAACGGGGAACGCACACCGCACAGAGACCCAAATGCAAGGGGTGTGCTCTTCGGCTTGAGTTCGGCGCACAACCGTTTTGAGATTTACAAAGCTATATATGAAGGCGTTGCGTACGGATTGAAAGATTGCTACGTGCATATACCATCAGCGAACGTAAAAGAGTTTAGGATTACGGGCGGTGGGTCAAAGAGCAAGGTCTGGACGCAGATAATCGCTGATGTTATTGGAAAAAGACTCGTTAAAGTTTCAAGTAAAGAAGGCGGAGCTTACGGTGCGGCTATTCTTGCGTACTCAGCTGTAAGTGGGAATGCGCCCGATAAGGTAGCTAAGGAGTGGATTTCTATTACAGATAGCACAGAACCTAACAAGGAGAGGCACGAGATTTACGAGCGCAATTATGAGATTTTCAAATCGCTTTATCATTCATTGAAAGGTGCGTTCGAAAGTGTGGCAAGATCATACGAATAACCTAACAGAAAACACAACGAGGTGATAACCTTTGTCGATCAGCAAGTACGACAGCAGTAATATAAAGATCCTGAACAAGAAGATCATCCTGAGACTCCTTCATAGAAGAAAGCCGATATCGAGGAACGACATCTCAGAAGTGACCGGCTTGAAGGCAAGCAGTGTCACAAGGCTGGTCAACGAGCTCATAGCCGAAGGGCATATCTTCGAAGCGGGTGTTATGGTGAGCGATTCTCCAGGTAGAAAGAAGATATCGCTTAAGGTAAATCCTGATTATCATATCGCCCTGCTCTTCGATGTCGGCGTTACGTACTCAACAGCTGCGCTCGGGTTTTACGACGGAACGATAAAGGTTATTGAAACTTTCAAGACACCAAAGGATTATTCAAAATTCTTTGAGAAAGTGAAGTATTACTATCACAATTTGAAGAAGCTGTTCGATATATCGCTTGTCGTACTTTCTATTCCAGGTATCGTCGATACAGATAAGGGTATAATAATTACCGCGCCTAATTTGGAATGGCGTGATGTAGAGATTGGTAAGTACTTGGATATCGAAGTGCCGATAATGGCGGACAACGAGGCGAATCTTTCGGTCCTCGCTGAAAAGTATTATTCGAAGGCTTTGTCCAATGTGAACGACATAGTCTTCGTTCTGGTAAGAGAAGGTGTAGGTACTGGGGTTATGCTGAACGGCAAGCTCTTCCGAGGTAAGTTCTTTTCGGCTGGCGAGTTTGGACACATGACGATGGATATTAACTCCGATAAATCCTGCCACTGCGGGAAGACAGGCTGCTGGGAGCTGTACTCGTCCATCAGATACGCTTTGGGAAGAGCAAGAAAAGAACTGAAAAACCATCAAATCACCGATTTTAAGAGCTTGTCAAAGATGCCTGAAGCAAGACAGATATTGCTCGACATGGCTACTAATCTTGGTGAGGGTATAGTGAATATCATCAACGCGGTGAATGCAGAAGCTATAGTACTCGGCGGGGAGATTATAGGAATGCCTGAGTATTTCTATCGGCAGTTGATTTCTGTTGTCAGGAAGAAGGCTTTGAAACCTGCTGCGTCCAAAGTCATCATCATGCCTTCCATCTTTCGAGATATCAGCTCAAACTTAGTCGGTGCAAGCATCTGTGCGATAGAGTATGTTATAGACAATATAAGATAACGAGAAAAACTAATTCACCACGGCACCCTACCGGGTGCTGTTCTTTTTTCAAGTGCCTTTTTAGCTTCTGAGATTACAAATTCCTCATCTGAAAAGACAACAACGCCGGACGTTACGAACGATTTTCTGATTTGTACCTCGCCCGGTCCAAGGTATATTATTGAGTTCAGTAACACTTTTTTCCGGAGCTCTTCAGGGTTCTGAACAGGGATTTTCCAGTACAAGCTCACGGGAATACTATTGAGAAATTTGTACTCGCCGTTTTCTTCGACAATGAATACCGCCTTGTATCCCAATGCGCGCAACAAATTCGCCTTTCCTTCGTCTTCGACAAGGACGGGATATGTGAGTTTTCGTGTTACCAAGGAAGAGACGAGGTTTGTGTCGATTTTCCCTCTGCCGTCGAATACGGGTATTATCCCTGCGTTGCCAAGCCCAGTTGCGAATTTTTCGTATATGTCAGCGGTTATGAATGGCGATTTATTCACTCGGTAGAAATAGTCGTTGTCATCAACACTCAGTGTGTCGAGTGGTCCAATAAGATAGTAGCTGTAACCATCTTGTTTTGCAACACTTCCTACATACTGCCCAACTTCTTGGGCTAACGAAGTGTTCCCGAGACTTCCGAGCGTGAGTAGGCTCACGTCTTTCAGGAAATCTTCCA
CP126498.1_gap8	192188	196535	4347	AAAATGGTAACTGTTCTTTTCTTGTCATTTTCAGTACAACGCTGTCGACATCTGGATTCGGCACAAAAGCGCTCTTTGGAACTGTAAGCACCTTTTGTACGTTTGCGACGGTTTGGAGCACGACAGTTAGAAATCCGCGGTTTGAGCTACCGGGTTTTTCAAGCAATCTCTCGCCAACTTCTTTTTGCATCATGATTGTGAGGGATTTGAAATTTGTGAAGAGTAATTTTTTGAGTATCGGCGCTGTAATGTAGTACGGGATGTTCGAGACGCATTTATAGCCATCAGGCAAGAAAGATGTATCTAACGCGAGAAAGTCTGAAAATATGAGGTGGACGTTTTCGTATGTGAGTAATCTTTCTTGGAGTATTGGTCGCATCCTCTCATCTATTTCAATAGCAAAAATAGTTGCACCTGTTTGTGCAAGTGCAACCGTTAATGTTCCAGCTCCAGCTCCTATTTCAAGGACGGTATCCGTTTTCTCGATTTCCGACAGCTGAACGATCTTTTCGGCGAATGTTTCGTTCGACAAGAAGTTTTGCCCGAGCGATTTTTTAAGCGTTACTCCGTACTTTTTCAAGTAGTCAGATGTTTTCAGTTATTTCTTCACCCTTTCAACAGTGATGCCGTTGGAATATTCCATCTTCACTATGCCATCTTTATCAGTTATTATCTTTATATCAGTACCTTCGTAGCTCAGCACGTAAATATCTTTTTCCAACCGTTTGAGTTCAGCGATGCCCGAAGCCTTCTCAGTTTTCGATGGATTGAAGAGAGCTTGCGGGATGAGGATCTGGAACTTCGGATGAGGCATTTTCAGCATCATCTCGAAGTGCGGTATTATGAAGTTGTTGTCAAGGATCACCAAATTAGGCTCCGAAAAGCTGAACGTTTTAACCGACGGGTTCTTCGGATCATAGTAAGCGTAAAGCGTTATTGTAGTCTTCATCATCTTTTGAGTTGCGAGTATCTTCGCAACAATTTCTCCACCTGTTTTGAAAGTAGCTTCGTAGATTTGGAACATTCCGTTTGCACCGTAAAGCGTTCGCGTCTCAACTAAGTACGTCTCGCCGTACTGTATTTCGCTAACGCTTACCCATCCATTCTTCGTTAGCTGGGTCTTGATTCTGCCAAGCTCCATTTCGCCGATGCGGGCAACGTATTCTGCACCGAAGAATACGGAAGTAACTAAGAGAACGTTCAGTAGTAGGAAGAGTTTTAAGATGTATTTTCGCATATTACCACCTCCGCAGATATGATACACCAACAAACTTAGAAAATGCTTAGAAATCCAAAACTTTTTCGATAGTGCCGTACAGAGGACCTGCGGTTATCTTGTTTACCTTCACTAATACACTTTTCCCTATCAGTTCATTACTTCCTTCGAATGAGATGATTTTATTCCTGATATCTCGTCCGTAGAAAAGCCCGTTCTTTGCTTGGGCTTCTACAATCACTTCCACCGTTTTATCTTTGTACGCCTCATTGAGCTCTTTGTTGATGAATTTTTGCAAGTTTAGAAGGTAAGACATCCTTCTAACTTTTGTTTTGTAAGGTACATTGTCTTTGTAGTACTTCCACGCAACCGTGCCCTCGCGTGGAGAGTAGACTGCGAGGTTGAGCCTTTCGAATTTTAGTTCTTTCACAAGGTTAACAGTGTCTTCGAAGTCTTCGTCGGTTTCTCCCGGAAATCCTACAATTATATCACTCGAAATTGAGGCATCAGGAACTATTTTCCTTATATCCTGGATAAGTTGTATGTATTCTTCTCTGGTGTATCTCCTGTTCATTGCCTTAAGTATCTTGTTGCTGCCGTGTTGGACTGGCAAGTGCACTGACCTTGCTATTTTTTCGCTCTCAAGCATGGCTTGTGGTATTTCGAGTGAAAAGTCCGTCGGGTATGATGTGAGGAACCAGAGTCTTTTAATACGTTCTATCTTTGAAGCCTCTCTCAACAATTTGGCAAGTGATGTTCCATCGCCCAAATCTTTTCCGTAAGCATCTACGTTTTGGCCAAGGAATGTGAATTCTTTGTATCCCTTATCTACCAGTGCTCGAACTTCTGTCAAAACACTCTCTAACGTTCTTGATTTTTCCCTGCTTCTTGTGTATGGGACTATACAATAAGTGCAGAATCTATCACAGCCATAGATTATTGTTATCCACGCGTGGTGTTTTGAGCTCCTCGTTTCGACTTTGTGGTACTCTATTTCGCTCAACGTATCGTCAAAGTATGCGTGTCTACTACCATTCTTAGCATTTTGGACTGCCTGCGGAATCTCAGCCAATGCGCGCGTTCCGAGAACGAAAGAGACGCCTCTTTTGAAGAGGTTCTCTTTTTCCTTCTCCGCAACGCATCCCATTATTCCTATTTTCTTGCCCTTCTTCTTCAGTTTGCCTATGTGGCTATATACCTTTTCTTCCGATTTCTTCCTAACCGCACATGTATTGAGGATAACAACATCGGCGTCGTCTTCGCTGTCTGTTATTTCAAAACCTTCATTTAGAAGCAATTGCTTTGCGATTTCCGTGTCGTTTTCGTTCATCTGGCAACCGTAGGTGAAGATATGTACTTTCATGCAAGACCTCCTCGCGTTATACTTCTCCCAATTTATCAAAGTAATTATAGCCTAATTGCGAACGAATTTCAATGATTTACCAAGTTAAGAGATTAATAAGAATAGATAAATTAAAGAAAAAAGTGGGCAGGGTAACCTGCCCACATTCGTTTTCGTTAGTTTATATATCAGATGAGATTTTGTATGTACTCGACGACTACCTCAATCGCTTTGTCGTTGTAACCACCGCGTGGAATTATTATGTCTGCATGTTTCTTCGTAGGTTCAACGTAAGCATCGTGCATGGGTTTTACGGTGTTCAAGTATTGGTTGATTACGGATTCTATCGTTCTTCCCCTTTCGAAGATATCTCTTTGCAGTCTTCTGATGAATCTTTCGTCACCTTCAGTGTCGACGTATATTTTGAGGTCTGCAAGTGCACGTAGTTCGTCGTAATAAAGTGCGAAGATACCTTCGATTAAAAGGATAGGTTTCGGATCTACTTTGATGTTGTTTTCCGTTCTTGTGTACTGTGCGAAGTCGTAGTCCGGAAGGTCCACTGACTTGCCTGTCAGCAGTTCTTTTACGTGCTTTACGATGAGCGTATGCTCGATCATGTCCGGGTGGTCGTAGTTGTATTTTTTTCTTTCTTCCAACGGAAGGTGCGACATGTCTTTGTAGTAATTATCCATAGGGAGCATTACGCATTTGTCAGAACCTATCGATTCCATTATGCGTTTTGCAACTGTCGTCTTACCAGAACCAGTACCGCCACCAACCAAGATGATGTACATAACAAAACCTCCAAATTCTTTCAAAGTCTCTATTTTGAGAATTTCCGTCTAACGAGATTGACCGCTGCTTCTAAGGATATGCCTCTTTCAACAGCGTCTGAAACACTACCATGCCTTACTGATACGTTGAAGTTCGGTGAAAGGCTATTAATCTTCTCTTCTAACGCTTCAGCCAGAAGAGGAGAACTGCCTTCTCCGTAGATTGCAATTTCGTCTACTTCCAAAAGCATCGATGCGTTGCCGAGCACGTATGCTAATTTTTCAACAACCTCTTTATATAGATTCCTATAAATTGCTATCGCGCTTTCATCACCGTTCTTAGTAATGTTTCTTATCTGCTTCAATTCTGTCCAGTAATCTTCCTCATGCTCTATGAAATCAACGAAGCGAATGTCTTGTTTCGTAAATTTCTTAAATACCGCGTAGTCAGAAGCAACAGTTTCAAGACAACCGACCGCTCCGCAATAGCACTTTTCATTTCCGCCGTAGTACAGGTGGCCAAGCGGTATGTTTTTGAACTCGTCGCGGCTGAAGAGCGCATGATATTCGTAGTAACAAGCACCTATGCCCGTTCCGTAATTCAGAACAAAGACTCTTTCCTTGCCTGAGGTTTTTGATTCGTACGCTGCGATGGCTTCTACGTCTGAGATTATAACATACGGTATGCCAAGTGATTTTAATTTCAGTGACTTAACCGGGTCGTAATTCTTCAATTTTAGTATCCGCGATTCCACTTTTCCATCCACAACGTTTCCAGAAAATGCGATGCCTACACTGTCGAAGTCGTAGAATTTCTCTATTGTTCTCTTTAGCAATTCACTCATTGCTTCATTGTTCAAGTGTTCACTCTTAACTCTATATTCAGCACTTTCGAGTTCTTCACCTTTTCCATTGTAGACAACTGCTCGAATCTTTTCTCTACCTACGCTGACGGCAAGTATAGTCCAAGCGTTTTTGGATATTGAAACAAATTGAGGAGGCTTCCCTATAGTAGG
CP126498.1_gap9	201172	204349	3177	AACTGGGCTTTTGACGTTTATAACCGCTTGGAATGAGTTCCTCTTTGCATTCACCTTTATGCAAAAGCCTGACTTTTATACAGTACCTGTCGCAATAGCGATGTTCGCTGGTAGAAGTCAGTACGAGCAACCGTGGGGACAGCTCATGGCCGCTGCGGTTATCGTCACAGTGCCGCTCGTAGCACTTGTACTTATCTTCCAGAACAGAATTATCGCCGGTCTTAGTTCGGGTGCGGTGAAAGGATAAAGAAACGGTTGCAGAACGGAGCAAATTTAGGTTGGTGAATTGTTGATGGTATTGTTCGTTGGTGAGTTGTTAGCCGATATGATTACCGAAGAGCTTTTTCAAGAGGCTGAGAATTTTGTTTTGAAGATTGGTGGTTCTCCGGGGAATATAGCGCGATACAGTGCACAACTCGGCGTACCTTCAAGGATGCTTTCGAGGGTGGGAAATGACCCGATCGGAGGAAGAATTCTGAAAAGGCTCGCAGAGTCCGGGGTGGATGTGTCTTTTGTTCAAGAAGATAATATCCACGGAACTACTTTGGTGTTCGTTCAGAAAACGCCTGGCAGTCCTGACTTTTTCGTCATCCGCGGTGCAGATCAATACCTCGAATTGGCGGATGATGAAATTGAAAGGGTCCTTGAAGGAGTAAAGGTTGTGCATTTTAGCTGTTGGATGCTGTCGAGGTGCAATTTGTACGAGCTTACGATGAGAATTGTCAAAGTAGCTTCTGGAAAAGGGATATCAGTAAGTTTTGATCCAAACTGCCGTGATAAGCTTTTTGAATGTGGGAGAATTGATAGCGAAAAGGTAATGAATATGCTTCGGTACACGACATATTCAAAACCTTCGCTCGATGATGCGGTTGCAATTTTCAAGAGTGAATTGAGTGTGAACTCTTCTGTTGAAAACGAAGTCAAATATTATATAGAGCGATTTCATCAGTTAGGTGTGAAATATGTTGTTTTAACCGCAGGCAAGATGGGAGCTTACGCGTCAGATGGAAACACGATTATTCATATACCGCCTTCCGCAAAAAAGGTTATTGATGCAACGGGCGCTGGTGATGGTTTTTGGGCAGGTATGTACTACGCTTTAACAAAAGGGTACGATTTTTTCAAGGCTTGTGAATTTGGAAGTAAGGTAGCAGGTCATATAGTCGGATTTGTAGGAGCGGATGTGCCTTTGAATGAATTCAAGGTCGAGTGATAAGGACTATCATGAAAAGGGGTTTGAGTATGATTAAGAAGGTTGCTTTTTTTAATCCACAAGGTAATTTCGATAGAAACGACAGCCACCTTACCGAACACCCGGATTTCGGGGGACAACTGGTATACGTAAAAGAAGTTGCCAAAGCGATGGGTGACATTGGAATCGAAGTGGATATCATAACGAGGCAGATAATCGATCCAGATTGGCCAGAGTTTTCAGAACCGTATGATTACTACACGGATGCACCGAACGTGCGAATTGTGAGGATACCTTTTGGCGGTGAAAAGTTCTTAAGGAAGGAAGACTTGTGGAAATTCTTGCCTGACTATGTTGAAAAGATATACGAATTCTACAAGTCTGAAGGGAAATTTCCGGATTTTGTGACAACACACTACGGTGACGGTGGTATAAGTGGAGTGTTGTTCTTAGAAAAATCTGGCATTCCATTTTCGTTTACAGGTCATTCGCTCGGCGCTTGGAAGATGGATAAAATCTTATCTTCCGGCGTCTCTGTTGAAGAGGCGGAGAAGAAATACAGGTTTTCTGTAAGGCTCTTGGCAGAAAATCTCTCTATCAAGTATGCTTCTTTCGTTGTTTGCAGCACAAGTCAGGAACGATACGTCCAGTATTCGCACAAAGCTTATAATACTGATCCGTACAGCGATAAGTTTAAAGTTATTCCTCCTGGGATTAATAGCTCTATATTCAACACTGAGAGCAAACAAGAGGACGAGTATGTGAAAAAATATTTAGATGGTATAATTGCAAGGGCTCCTGTAAAGAGGCAAAAATTGCCTTTTATAATCATGTCAAGCAGGTTGGACAGAAAGAAGAACCATATCGCTGTCGTGAAGGCGTTTATGAAAAATGAAGAACTCAGAGGTTCCGCAAATTTGCTGATAGTTGTTCGAGGAGTTGACGATGCCTTTAAATTTGTAGACACACACAGCACCGAAGAAGCAGAGATCCTAAGGGAAATATTAAATGTTGCAGGAAATGAAGTAGGTATTAGTGTATTTTTTGCGAACATATCTGATCAAAGAAACTTAGCAGGGCTTTACAGAACCACCGCACAGAGGGGTTCTGTTTTCGTACTTCCGGCGATATATGAGCCATTCGGGCTTGCAATAATCGAGGCTGCCGCCTGTGGGCTTAAAGTTGTTGCTACAAAGAACGGAGGTCCATCTGAAATATTCGCTAATGGTGAGGGGTTGCTTATAGATCCGGAAGATACTCACGATATCGGACACAAAATATATGTAGCTTTAACTCAGTTCGATGCGCAAAAATCATTAGAAATTGCAAGAAAGTACAGCTGGAAAAATACTGCTCTCGGGTATTTAGAAAACATCCAAAAGGCTCTTGAAAACAAACGAACATCGATAGATGAGGGCGACATAAAAAGATTTTTTGAGATAATCAAGTGCATATAGGGTATTTAAAAGAATAATATTCTTTAAGAAAGGGCAGAACACTTTCTGCCCTTTTTATTTTTACAACAGCTTGGTTGAATTATTAAAGCATGGATGATAAAATATTAAAGTAAGCTACTACTCGGTATTTCAAAGAGGTGAGGAGTTTGAAATTAGGGCACCTTTTAAAATCGATAGGTAAGTTCATAGTATTTGAGAATATTCCTGAAGAGCTTAAAAACGTTGAAGTTACGGGCATTTACAACAACTCGACTAAGGCAAAACCTGGCTCACTTTTTATTTGTAGGCAGGGAAGGTCTTTTGATTCGCACACGATTGTTGATACGATATATCGTGAAAACGGCGTGCTGGCTTTTGTTACCGAGAAAGAGATAGATTCGAGATTTCCATACGTCCAGGTTTACGATTCGAGGCTTGCCGAGGCCTACTTGGCCGATACGTTCTACGAACACCCGTACAACAAACTCATTGTTTTTGGTGTAACAGGAACTAATGGCAAAACGACGTGTGCACACCTCTTCCACCACG
CP126498.1_gap10	269365	270169	804	CATTCAAGCGCATGATTTTACCTATTTGAGGATTCCCGAGCGTGAGTTTTGTCACGCCAACAAGTTCAATACCGTTAGAATGACATATTTCTGATAGCTTCTGAACGTTGTTCTTTAATACGGAGGTGTCTATAATAAGCCTTGGGTAATCCATAAAATCCCCCTTTTCGGTGTTTTATATGAATGGAAATTATGATATAATTGTTTGAAAACCGAATTAGGACGAGGATAGTTCAAGTTCACTTGTAATATTTTAAACTAAGTATGTTAAAGTGTAAATGAAGAAATCAGGAGGGATAAAAGTGGATACGAGAGTAAAAGAGGCTTGTGAATACATTACGTCAAATATCAATAACAAGCCAAAGATTGCTTTAATACTTGGCTCAGGATTGGGATTTTTGGCAGACAAAGTGAACAACGCTCGCTCAATAGCTTACAAAGACATTCCAAATTTTCCGTATTCTACCGCACCGGGACATGAGGGAAAGTTGGTTTTCGGAGAGCTCTTTGGAAGAGAGGTTGTTGTGTTGAACGGAAGGTTCCATATATACGAAGGTTGGAATCCTTCTGATATTAAGTTGGTTATTCACACGTTGAAGATGATTGGTGTGGAAAGGATTTTGATTACAAATGCCGCTGGTGCGATAAATACATCTTACAGCCCGGGTGACATAATTTTGGTGAAGGATATAATCAACTTAATGTTCAGGAACCCTCTTAGAGGACCAAATGATAATGACATGGGACCAAGGTTTCCCGATATGCTTGGTGCATTCGATAGAGAGTGGATGGAAAAACTCAAAA
CP126498.1_gap11	278491	282629	4138	AAGATTTAAGAGTCACTCTTTCCGACAACGTCTTGGATAAGACGTATGAGGTTAGTATAGGTGAGGTTGATGAAAGTCAAAACGGAGAATATATACAAACGGCACCTTTGAAAGTTCAGATTGAAGATTATATCGATAAGAACGCTCGATACACATTCATTATTCAGAATAAGAATGTTAAACTGCCAGATGATTATAGATTGCAGATTCTTCCAATCTTAGAGCTTATAGAGTATGCTATGACAGCCGTGCTCAAGGGTACTCTATCTCGTTTGAGAAGTTTGATAGATCCACTTACAAAGCTTTACACAAGGTACTATTTTTCAGATGTATTGCTTTATTACTTTGAAAAAGCATTTAACGAAAAGGGTGAACTTACCGTTGTAATGTGCGATATAGATAATTTTAAGAAAATAAACGATACTTACGGACATTTGACGGGTGATGAAGTACTAAAAGAGATTGCAAAAGTGCTGAGAGAGCACGTAAGAACCACAGATGTGGTTGGAAGATTCGGCGGTGAAGAGTTTATAATCTTGTTCCCCTCAACAGGATTAGAAGATGCTATAAACATTGTTGAAAGATTGAGACGTCATATTAGAGAAATTGCGGGATTCCCATTTAATATATCGCTTAGTTTTGGTGTTGCGAATTATCCAAAATGTCAAGTCTTTAAATCTGAAGAGTTAATACAAAAGGCTGACATCGCGCTGTACAACGCAAAGAATACTGGAAAGAATAAAATAGTTGTTTATACGGAGGGAATGACAGGTGGATTACACGCATGATTTTGAGAAAGTTAGAAGAATAGATAAAAAGATAGTCTATAAGCTTTGGGACTTAGGATGTGATCTGTATTTTGAGGAAAGCTTAGCGCACCATGTCAATTTCAGATTAGGGGGCAATGTTCCTCTTTTAATCGTTCCGAACAATAAGATTGGACTCATCGAAACGTTAAAGCTATTGAAGTGCGAAGAATTTGATTATAGAATACTTGGCAATGGTACAAATATCATCCCAACGGACAAGAGCAAAGATTTTGCCGTAATTTCAACTGAAAGGATTAATGAAGTTAGAATAAAAGAAGGAATTGTATACGCCTCAGCTGGCGTATCTTTTAAATCACTATGTTTGGCTGCATCGGAGAATTCATTATCTGGGTTAGAAAAAGCTTACGGTTTACCTGGAAGCGTCGGCGGTGCTATTTATATGAACGCAGGATGCTATGGTTGGGAAACCGCAGAAAATGTTGTCAGCATAGAAGTCTTTGATGGAAATGAGATATTTGAAATGAAACCCGACGAGGCGAAATTTGGGTACAGAAATAGTGTATTTAAGAATGAGAGATCACTGATAATTCTTGGGGCTAAATTCAGACTCGCTCACGGTAAGAAAGATGAGATTTTGGAATTGATGACTGAAACGATGAGGAAACGATATGAGAAGCAACCGTTAGAATATCCGAGTGCAGGCAGTGTATTCAAGAGACCGAGACCAGATTTTTACGTCGGCACTGCGATAGAGTCTTTGGGGTTGAAAGGCTATCAAATCGGTGGAGCTCAAGTTTCTGAAAAGCATGCGGGATTTATAATAAACAAGAACAATGCAACCGCTTCGGATGTTTTGAAACTCATAGATTTCATAAAAACAAAAGTAAAAGAACACTACAACGTAGAGCTTGAAACAGAAGTGGAAATATGGGATTAATATGTGATTTTAATAATCTTGGAGGTGTTGATATGGGAATGAACGAACTTGTTTGGAAAAAGAGAACCCGAGAAGAGATTGAGCATTTTTCTGATGACTACAAAAGATTTATCGAATTTGCGAAGACAGAGCGTCTTGCAATTGAGTATTTTGAGAAACTCTTGCAGCAGAACGGTTTTGTATCGATGGAAGAAACGGCAAGCAATTTTGATAAGGTTTTTTATATCAACCGTGGCAAGTCACTTGTCGCAATAAAAGGAGACATTTCAAAAGGTGTCAACTTTATCGCAGCTCATGTCGATGCTCCTCGCATCGATTTGAGGACATATCCTCTGTATGAAGATAGTTCGATCGCTTTAGCAAAAACACATTACTATGGTGGCGTAAAGAAGTACCAATGGTTCAGTTTACCACTGGCATTGGTTGGAGTTGTTGTCAAGGAAAGTGGAGAAAAAATAGATGTATGTATAGGTTGCGACGAGAAAGATCCTGTCTTGGTTATCCCCGACCTTCTCCCGCACCTTGACAAGGAAGATAAAAAAGTCAGTGAACAGTTTAGAGCCGATAAGATGAACGTAATTCTCGGCTCGATACCACTTGATGGTGAAGAAAAGGAGCCTGTAAAGAAATACGTGCTTAAACTCTTGAAAGAGAAATACAACATAGATGATGAGGACTTTGTCAGTGCGGATCTTGAATTGGTTCCAGCTTTAAAGCCAAGAGATGTCGGTATAGATGCAAGCTTTGTTGGGGCATATGGACATGATGATAGGATATGTGCTTATCAAGCTGTAATGGCACTTTTGGCTGCTGAACCAAAAGAGAAGGCATTGGGGGTAATTCTGTTTGATAGGGAGGAAATCGGCAGCGAAGGTGATTCTGGAGCTCAGGCACGTTTTTATAAGGCTTTTTTGAGAAAGTTGTTGGTGTTGAAAGGTGTCAGAGACACTGAAAGCGCACTCGATGACGTGATAAAGAATTCGACAGTTTTGTCAGCAGATGTAACAACACTCTTTGATCCTTCTTTCCCAGACGTACATGATAAACTTAACGTTGCAAAAGCAGGCTATGGTGTTGCATTGGTGAAATATACGGGCAGAGGTGGAAAAGGTGGAGCAAGTGAAGCTCACGCTGAATTAGTAGCAAGGGTCAGGGGTATTCTTAACAAGAATGGTATTTCGTGGCAAGTAAGTTTGCTCGGAAAAGTAGATGTTGGCGGTGGTGGTACAGTTGCGAAATTCTTAGCGCAAGAAGGATTTAATACAATCGATATAGGTCCTGGACTGATGAGCATGCACGCACCATTCGAGCTTGTATCAAAAGCTGATTTGTATGAAACGTACTTAGCATTCAAAGTACTTATAGAAGAGTTATAACAGGCACGCAGGGGTGAAAGCATGGAAGGAAAGGCGTTCACAGAAGAAAAAAATTTAGAGGAGTTGCTGAGAGCAATTTGCTTTAGAATCCGTGTCCACGGCCGAGAAGCTTTGAAGAATTATAGCATAACCTCTGCACAATTTGATCTACTTCAGAGAGTGTATTTCAACGGTCCGCAGACTATGACTAAGCTGAGCCAAATGCTTGGAATAGCTAAGAGTACTACAAGTGGTTTGGTCATGAGGTTGGTGAGAGATGGATTTTTGAACAGAACAAGAGACCAAAAGGACAAGAGAATTTTCAAAGTTGAGATAACTGTTCTTGGTGAAGAAGTGATTAAGGCTGTCATTAAGAAGAGGGAAGAATATATTGGGACGATAATACGCAAACTTCCAGAAAAGAAGAGAGAAGAAATAAGAGAATCTCTGGAGATTTTATACAAACTTATGCAAGAGGAGGAATAATTGTTGATTTTTAATTTTTAATGTGCGTTAAGGAGGTTAGAATCTTTGAGGATTCTCAGGATCATTTTACTACTTATTTTGACATTTCAATTCAGTGCTTTTTCTTTAACGATTGAAGCTCCGAGTGGTAGTATGGTCTACTACAATGGAAAGTTGATAGGTACAATAAAAGAAAAAAGTATATCCTTTCAAGCAACATTTCCGGGAGAGCTGAAAGTAGTAAAGCCTGGATACGTTACCTTTGAAAAGATAATAACGGAAGACGGTACAATAACTGTGAATTTACAACTGCCAGCATTTCTGAACATTACGTTAAGCCCACAGAATTCTTTAGTTTTCATCGACAACGAAATGCTGAAAACTGAAAGCGATTCAACAAGCTTGCGCCTTCAAATAACGCCCGGGGTACATGAAATAAAGGTCATTGCCCCGGATTTTATGCAAAAATCTCTTAAAGTGGAACTTTCGCCGTATGAGGAGAAGTATCTTGATATATCTTTAAAAAGGACTGTAACTTTAAAACTCACTTCGGATAAACCAGTTAAAGGTGCAATCATAAACAACATGATTTTAGACTTGCCGGCTCAGAT
CP126498.1_gap12	284691	286462	1771	TTGAAACTACAAGAATAATAGCGATAAGTGCTGTTGTACTTGCTGCAGTCCTCGGTATAGTTATTTTATTGAAATAGCAAACGTAAAGGTGATAACGAGTGCTGGGACTTGCACTTCAAGCGGGTGGAGTTAAAGGCTTTTCTCATATAGCCACCTTAAAGATTTTTGAAGAATGTCGAGCACGGCCAGATGTTATATCTGGTTCATCAGCCGGTTCAATAGTTGGTGGTCTGTACGCAATTTACACGAATGCTGATGCAGTATACGATATATTTGCAAAGACAGTGAAGAAATTTCTGAGAAGGCAGAAGACTAAGCCTGAACCGATTATGAACTTGGAAATGACAATTAAAGAATCTCTCTATTCATTGGATGAATATTATGAATTCTTTAAAGAACTCTTTGGAAAGACTAAGTTTTCGGAGCTAAAGATTAAATTGTTAGTAATTGCTTTCGATTTATCAGAAATGAAGAGTATGATAATTGACGAAGGTTTTCTTGTTGACGCTGTTCTTGCAAGCTGCACAGTTCCTGGAGTTTTCGAGCCAACTTATGTTGCAGGTAACAAAATGCTTGATGGCGGTGTGCTATCACCTGTTCCTGCTAAGGAGTTGAAGTACTACGGTGCTGATAAAATAGTTGCGAGCGTTTTTGAAGAGAACGTTCCTAATTATACGACATATGCCGATTTGATGCTTGTTGTTGACTGGTTAAAAGAAAGACAAATTATAAACAATGCAGTGAACTACGTGGACTTCTGTTTCAAATATCCAATTTCAGTTGGTTGGAGGGATTTTGACAAATGTGATAAGGTTTACTATGATGCTCTTAATGTTGCAAGGAGTGTGAAAGATGAGTTTCAGAGTTTCCTTGGGCGGTGATGTGATACATTACCTCGGAGCTGTGGGGTTCTTTAGAGCTCTCGACGAATCAAATATCTTAAACAACGTAGAGATCCATTGTAGTGGTTTCTCCTGTATTCCTGCCATTGTCTACCTCACCAAACCACAATCATCATACAACATTCTTTCAAATGCTTGGGCAGAAGCGCAAAAGGTTTTCAAAAATGCAGCTTTAACTTCTTTAGATGAGCTTTCTAAGAATATCCTATTGCTTTATAAGATGAGTACAGTTATCAATAAAGAGTCATCAAAGAAGAGAATTCAAGAATTTGTCGAAAAGTTTGTCCCATCCTGTGAGATAGCAGAAAGTGACAATGTTAAGGTTCACGCATTCGATGTTTCAACAAATAAGGACGTGATTCTTTATGGAAATTCAAAAGACCTCTTGCTGAAAGCCTTACCATACCCTTTAGATTTTGCTCCTGTGGAAAATTTCATTTCTTCAAGTTGGGTATTTGGTATTTCGGAAGGTGATGGTATAATATATCTCGATTGGATTGAAAGAAATACGCCTAAGCGAGCCACTGATTATCTCCTTCTCGCAACATTCGCAAGAACATCAGCCCTTGTAAATGAGAAGTTACAGAGGGCAAGATTTCCCTACAGAATTCGCTTATCAAATTCGAAGGACGATTTCAGAATAATCAGCCTAAAGTTTTATCAGATAGGACAGGAATTGGCAGGAGCTATCAAAAACGTTTAATTGGGAGGTGGACATATGAAAAGGCTTTTTAGAATTGTTTCCTTAATTGTTGTAAGCATTGTTATAGTAGCAGTCCTTACAGCTCAAACAACGACGACAACCACCACAACGACACAGAAAAAATCAAAAACCGTTAGGGTATCCGCGGATTACGTTGAACCAAAAA
CP126498.1_gap13	287853	290175	2322	CAATGCTATTTGGATTGAGCCAGACAAAGACACTGTGGAAAATATCGAGAACATAATCAGGAAAGAATACACTCTTTAAGGCTTTTCTTCAATCAATCCTCGACATTGGAGCGATCCTCAAGTAGGACTGAAAAAACGACAGAGGTGAAAGACATGGAATCGCTTTACAGGAAGTACAGACCTTCAACCTTCCGGGAAATTGTTGGCCAAGGACATATAAAAAAGCTGTTGAAAAATGCGTTGGAAAAGAGGACTCTTAGCCACGCTTACATCTTCGCAGGACCGCGAGGTACTGGAAAGACAACAACAGCGAGGATTCTCGCAAAGTCACTGAACTGTGAGAAGAACCAATTTGGTGAACCGTGTAACGAGTGCGCATCGTGTAAATCAATAGACAACGGTTCTCATCTTGATGTCGTTGAACTTGACGCAGCTTCAAACAGAGGCATTGATGAGATTAGAAAGATTAGAGACGGGGTCAACTTTACTCCAGTAATGGGAAAGTATAAAGTTTATATAATCGATGAAGTCCACATGCTGACACGTGAAGCTTTCAATGCGCTATTAAAGACTTTGGAAGAACCACCTGAGCACATCCTCTTTGTACTTGCAACGACAAATCCTGAGAAGATCCCGCCAACGATTATCTCCAGATGCCACGTTTTGGAATTTAGAAATATTTCAAAAGAAGACATTGTGCAAAGGTTAAAGGAAGTGTGTGAAAGCGAAGGATTTGACGTTACCGAAGAAGCTTTGGAAAAGATTAGTAAAAAGGCAGCTGGCGGTTTGCGTGATGCTCTGTCTATCTTAGAACAGGTAGTACGCTATGCAGGTGGCGAAGTAACTTCAGAAGTAGTAGAAGAAGCTTTGGGTTACGTTAGCGAAGATGTTTTGATGAGGTTTTTGGATGCTTTGTTTAGCGGGGATGGTCATACTGTAGAAAATGTGCTCGATGAAGTATATATAGAACGCGGTGATTTTGATACATTTTTAACGCAGCTTGTTGAATATGCTGTCGAAAAGAAGGATTACGAACATATAAAAATAGCAACCAAGATTTACGACATTCAAAAAGAGCTTAAGAACGCTGAAGAAAAGTTGATAGTCGCAAAGTTGCTATTTTTAAATCTCGTCGCTGAAACAAGAAATATCGAAAAGCCTAAAGAATCAAGAGTCCCAACCTTGGAGACTTCAAAGAGTAAAGAAAACTTAATTAAAAGTGCTAAGCCTGAAACGAAAGAGATTAAACCAAGCATTGATAAGCTCATAAATGTGAATGAAGTTGCTGAAAATATCGTTGATGGCGATGTTGCCCATGGGAATAAGGAAGAGATCAAACGCTCTGAAACGGGACAAGAACAGGAAAGTGTAAGTTTCATACCTGCTGCTACGAACGAAATTTCCAGCTCAAAAATGAAGTTAGTTACTAAAGAAATTTTAGATGACTTAAAGCTTAACGGAGATCTTTCGATTTATGTTGGTTTATCTCTTGCAACTGTTTATGAACTCGATGATGTTGTCAGAATTGTATTTGATAAATCCAAGCAGTTCAGTTATGAAATATTGAAGGAAAAGAAAGAACAGATAGAAATTTTGTATTATCAAAAATCTGGCAAGAAAAGAGAAGTGAAAATTGAGCTCTCAGACGATGATCATGATCCTGTCTTGGAAAAATTGAAAATGTTACTTAGCTGATTTACAAAAAGAGGGGGGAATGGGTATGCTCGATATATATGATGTTATTAATAAGGCAAAGTCAGCAAGAGCTACGGACATACATATATCAGCTGGTAATCCACCTATCATACGCGTAGACGGTTTTTTGTCGAGAATGCAAGGATATCAACCATTGAGTGCCGAGGATGTTTCTTATGCGGTTAAATCTCTCTTAGAGTCTGAAGACGTTATAGCTGATTCCAAAGAGACTGATTTCTCTTTCGGCTTCCAAGATGTTAGAATAAGGGCCAACCTTTATTACGAGCGCGGGAATCCTGCACTTGCACTGAGAATTATCACAAAGCGAATTCGAACATTCGAAGAACTGGGATTACCGAGCATTTTAAGGGACTTTTGCGATAGAGATACTGGATTAGTTATCGTAACAGGTCCAACTGGTAGTGGTAAATCGACAACATTAGCAGCTATGATAGACTACATAAATTCAAAGTACGCATATCATATAATAACAATTGAAGACCCGATAGAATACGTCTTCGAAAATAAGAATTCCTTGATTCACCAAAGAGAAATTGGTAGAGATACGGAATCTTTTGCTGACGGCTTGAAGTACGCACTCAGGCAAGACCCAGATATCATACTCGT
CP126498.1_gap14	305683	308480	2797	CGATGTTCGATGTGTTGTAATGAAATCTCTCAAGTATAGTTGACAGGTGAGGTGAATAAAAACCAGTAACGCTATGGCCGTGGTGATAAGTCAAGTACTCGAGGAACGTTGTCACGCTACCTTTCCCGTTTGAGCCTGTTACGTGGAAGAATTTAATTCCAGAATGGGGATTACCCATTCTGGAAAGCAAACCTTCTATTCTAAAAAGACCTAACTTCATCGTGTTGTATGGACGAGTAAAATACAAGTATTTTAAGGTGTCTATAAAAAGTCCAGAGTTGCTCATCTGTTTTCCTCCAAGTCGTGAATTATCTGCTCGATTTTAGAAATTTGCTCGTTAAACATCTTCTGTTTTTCCCTTGTTTCCTCGACAATGTCTTCTGGTGCGTTTTTCAAGAAGTTTTCGTCTTCAAGTTTCTTGGCGAATTTCTCAAGGTCTGTTCTCAGTTTTTCGACCTTTTTCTTCAACCTTGCAACCTCAGCTTTGACATCTATCAGTGTGCCAAGCGATACATAGGTCTCAAGGTTTGGAGAGACGTACGCGGTAGCACACATCTGCGGCCTTCCCTGAACGAATTCAATATCTTCAACATTTCCAAGGAATTTTATGTATTCTTGCTCTTCTTGGGACAGGTTACCCTTAGCATATGTCTTAACCTTTGTAGACTGAGGAACGTTGACTTCCGCTCTAACGTTTCTCACGCCTCTTATAATTTCCATTATCTGTTCAAATCTCTTCTCGGATTCTTCGTCGATGTACTCACCAAATACCTTAGGCCATTCAGCGATGACCAACGATTCCGTAGTAGTTGGCAACTTGGTCCAAAGTTCTTCTGTCAAGAACGGCATGAATGGATGCAAGAGTCTCAAGCTCATATCGAGCACATAGACAAGTACGTTTTGGACGGTCTTTCTCTCCTCTGTCTTAAGTCTGCTCTTCACTGCTTCGATATACCAATCACAGAGTTCATCCCAGAAGAAGTTGTAGATTTCGCTCGCAGCTATGTTGAAGTCGTAGTTATCAAGAGCTTCTGTGACTTTCTGAATAACCTTCTGCAATCTTGAAAGAATCCATTTATCGACAAGTTTGAGTTGGCTCGCTTCGATCGGCTGTTTTTCGAAGTCTTCAAGGTTCATGAGTACAAACCTTGTTGCGTTCCATATCTTATTAGCGAACTTCTTGTAAGTGTCGAAAAACCTAACGTCAAGTTTCAAATCTCTTCCCTGAGCAGCTAAGATAGCAAGGGTGAATCTCATCGGGTCTGCCCCGTATTCGTCTATGACTTCCAGTGGATCAATGCCATTGCCAAGAGACTTGCTCATCTTCCTACCAAATTTGTCTCTTACGAGTTGGTGGATATACACTTCGCTAAACGGCTTGTCATCCATGAATTCATATCCCATCATGATCATCCTGGCAACCCAGAAGAAGATTATGTCAAATCCGGTTACCAAGACATCTGTTGGATAGTATCTTCCAAGATCAGGTGTCTTCTCGGGCCAACCCATAGTGCTGAATGGCCAAAGCGCTGAGCTGAACCAAGTATCGAGGACGTCTTCATCCTGAACAAGATGCGCACTACCGCATTTTTCACACGCTCTTACCTCTTCTTCTGAGACGTTGTAGTGGCCGCACTCTTCACACTTCCAGACAGGAATCCTGTGTCCCCACCATAGTTGTCTGCTTATACACCAGTCCCTTATTTCGTACATCCAATTGAGATATACCTTTTTCCACCTTTCAGGAACGAATTTCACTTCTCCATTTTCAACCGCTTCGATAGCTCTCTTTGCGAGCGGTTTCATGCTCACGAACCACTGATCCATAAGCCTTGGTTCGACAACTGTGTCGCATCTGTAACATCTGCCAACCGAATGTTTGAGTTTTTCGATTTTCACAAGATAACCCAACGCTTCGAGTTCTTCAACAACCGCTTTTCGTGCTTCCTCTGCTTTCATTCCTTTGAATTTTCCACCATTTTCGTTTATGACAATGTGTTCATCGAATATGTCAACAAATGGCAAGTTGTGTCTTTGACCTATCAGATAGTCGTTTGGGTCGTGGGCAGGTGTGACCTTCAAAGCACCGGTACCGAACGATGGATCAACGTAATTGTCCGCGATAATAGGCAGTTCTCTGCCAACGATCGGTAGAATTGCGGTCTTTCCGATGTATTTTTTATACCTCTCGTCTGATGGATGAACAGCCACAGCTGTATCGCCAAGCATCGTTTCTGGTCTTGTTGTGGCTATGACCAAGTAATCATCTTCACCTTTTATTGGATACTTGACGTGGTAAAGCGCGCCTTCTTCTTCGTGATAGTCAACTTCTTCATCCGAAAGCACCGTACCGCACCTGTGACACCAGTTCACTATGTATTTGCCTTTGTATATTAACCCTTTCTTGTACAAATCAACAAAGACCTTTCTGACAGCTTTTGATAATCCTTCGTCTAACGTGAATCTTTCTCTTGTCCAGTCAACAGAAGCACCGATTGACATTATCTGCTTTTTAATCTCATTTCTGTACTTATTTGCCCAGTCCCACACGATTTCGAGGAATTCTTCCCGCGAATAATCCCTTCTGCTCTTACCTTGTGTTGCAATGTATTTCTCAACGGCTGTTTGTGTGGCTATACCTGCGTGGTCTTCGCCTGGAAGCCAGAGCACGTCAAAACCCTGCATTCTCTTGTACCTGCTAAGTATATCTTGAATAGTTATATTGAGTGCGTGTCCCATATGGATTCTTCCAGTTATATTTGGCGGTGGGATTACTATACTGTACTTTGGTCCTGCT
CP126498.1_gap15	493735	496649	2914	CTCAATTAGTACTACATTCAAAGATTTTCAAACAAGTTACACACTCCAGTACACTATAACCCCCGGAAAACCTGTTTCCAACTTTGTGCACAATTTTAAATACTCTAATCTCACCACCACCTTGTACCAAGAGAACGATTTCGTAAAGAGAGCGATTGTATCCGGTTCTTTTGCACTCCTTGACTATTCAGCAAAACTTAGTGCAAACTATTCTGTACAATCCAGAGAGTCTCAACCAAACTACAGTTTTACTTTAAGTCTTGAAAAGAAGGATGAGAAGTATATTCTTTCGTACAACACCGATAACACTAAGAAATATGTCTTCGAGACACAATTAAAAACGCTTGACCCGAACATATCGTTGAAACTAAGATACAATCCTGAAGAAAATAAAATAGAAAGCGGGAACGTCGTTCTGGATAAATCGTTGCACTGCTGGCGGTTAAGCTTTGGCATTGACTTCTCCTATAAGAGCACAAGTTCTGTCTTTGATTATGTAGACAAAGTAACGTTCAAGTTCTACCTTACCGATATACCTGACATTTTCTTCTTTTTGAATCCTAAGGAAGGGCAGTTCCAATTTAGCGGGATGTGATGTGGTATGATGTTTTCCGACTTATCGAGCCAAAAGGGTAAAAATGAACACGGTGGAATGTTTGAGAGGTTTGAGGGTATTGTAAGAAAATACGCTCCCACGGAAGTTTCATTTTTACTTGCTGTTTCAGGCGGTGTGGACTCCATAGTTATGCTTGATTTGTTTATTCGGTTAAAAGCTAAGAGACAGCTGAAAATTGGTGTAGCAACCTTCAACCATAAACTTAGAAAAGAAGCAGATGAAGAAGTTGAATTCGTAAAAAAGTTCTGTGAAGACCATTCCATACCATTCTATACAGCTTGTGCAGATGTAAAAGCTTATGCTTACATTAATAAACTATCCTTAGAAGAAGCAGCAAGGATTTTGAGATACGAATTTCTCCATTCGGTTAAGAACTCTTACGGATACAATTTAATAGCCACAGCACATAATCTGAACGACTTGCTTGAAACAATTATTCTACGTCTTGCAAAGGGAACTGGACCATTTGGCATGGTTGGGCTCAAACCGCTGAGTGGAGAACACCTACGCCCACTTCTCTTTTTTACTCGTGAGGAGATAGAGAGTTACGCGATAGCAAGAAATCTTACTTTCTTTACAGACGCTTCGAATTTTGATGAAAGATACGAGAGAAACTATATAAGGCACCGGATTGTTCCGCTTCTGAGAAAGTTGAACCCATCAATAGAAAGAGCCGCAGAATCCTTAGCGCAAAGCACGTGGAAACTGGATGAATACATTGAGAGCGTAGTAGAAAAGACAGAAAGGTTTCGTACGAACGATCGATTGTTTTTTAAGTTAAGCGAAGATAGATACATTCAGATAGAACAGGTCAGGCGTTTTGCGATGGAGTTTTTCGGTAAACCGCTCGACAGGGAAAAGATAGAAAGATTCGAAAATGCGAAATCAAAATCATTTAAAGTTTCATTCTGGAGAAATTTGGGAATGGAGGTTTCTCACGGATGGGTCATGATGGGTGATATTATTTCGCATGAACGGTTTGAATATACTTTAACAATAGAAAGACATGGTAATGAAACTATATTTTGTCCAAATGAAAAGAGATATTATATCAATGGGTACTTTATAGAATTTATAAACCGTGATATAATGTTACCGTACGGTGTTGACAAAATTGTTCTAATAGTGAGGAATTGGATGGAAGGTGATAGAACGCTGGAAGGGAAGAAGGTAAAGGAAGTGTTCAACGAAAGAAAAGTGCCGACGTTTCTGCGGAGAATGATACCTTTAATTGAGTACAACGACAAAATTGTTTTTATACCGCATATTTACAAATCAAGATTTCTCGATAGTTTAAATATTCAGGTTGTAGTGAAAGGAGGTTTTGGTATTGAATCGTAGCATTGGCTCTATAATCTTTCTGATACTAATAGCTCTCTCGCTGTTTTGGATATACGAAGGATTTGTCAACTCGAAGAGTGCTATTGAAGTCAATATGAGTTATAGTGATTTCGTGAAGCGAATGGGTGATGGAGAAACCGATATCGCGAAAGTTACTATCAAAGACGATGGTAATTTAAGAGTGGAAACGAAAAATGGAAGGCTGTATTCCGTATATGCTCCATGGTTTAGGTATGACATAGAGAAAATTAACAAACTTGTGGAGTACGGAGTAGTGGTAGATGGTGAGAAAAGCGTAGATAGTAGTATTTGGATTAACGTTATTGGAAACGCCGCATTTATTATTCTCACAATCATTTTGTTTGCATTCATCATACGTGGACTTGGTAGAGGAAATAATCAGGCATTTACATTCACCAAGAGCAGAGCCGAGAAGGTAGGTCCTAACAAAATCAAGGTAACATTCAAAGATGTTGCTGGTGTTGATGAAGCAGTTGAGGAACTGAAAGAAACCGTTGATTTCTTGAAAAATCCAGGGAAGTTCTCTAAGATAGGTGCTCGCATGCCAAAGGGTATACTCCTTGTTGGACCTCCGGGAACTGGTAAGACGCTACTTGCTCGTGCCGTTGCCGGTGAAGCAAATGTTCCGTTCTTTCATATAAGCGGTTCAGACTTTGTTGAACTCTTTGTCGGTGTTGGTGCAGCAAGGGTTAGAGATCTATTTGAGCAGGCCAAGTCAAGCGCACCATGCATTGTATTTATAGACGAAATTGATGCGGTTGGAAGGCACAGAGGAGCAGGTCTTGGTGGCGGTCACGATGAAAGAGAGCAGACACTGAACCAATTGCTCGTTGAGATGGATGGATTCGACATCAATCAAGGTATTGTGGTTATGGCTGCAACGAACCGTCCAGATATCTTAGACCCGGCATTACTTAGACCTGGAAGGTTTGACAA
CP126498.1_gap16	585096	589517	4421	CAAAATTAATTCCTTCAGTTTTTCTGGATTTCCATCAAAATAAATTATGTACCCTCCGTTCTCTATACCCTCATTTATTTCGACAAATTCTGCAAACTTTGAACTTATGTTGTCTATGCTATTGGCTTCTTTCAAGCTCACAACTATTTTCTTCATGCTCCTCTTGAACTTTGGAGGCGTTACGATATGCCCTTCTTTTATAAATATAACCCTATCGCAAAGCTTCTCAACTTCGCTCAGCACGTGAGATGACAGAAATATACCAACGCCACTTTCCTTCTGTTCAAGCAATATTTTGTAAAATGTTTTTTGCACAAAAGGATCCAACCCATTTGTTGGTTCGTCCATAATAAGCAGTTTGGGTTTGTGTGCAAGTGCTTGAATTATCGAAACTTTTTTCTTATTACCCATAGATAATTCCTCAAATTTTTTGTTTAAAGGTATATCAAAGATTTTACACAGCTGTTCACAATAATTGTCATCAAAATTCTTATAAAAACTTTTGTAAAGCTCCAGTATCTTTATAACTCGAGCATCATCGTAGTAGTTAGTCTCACCCGGTACGTACCCTATCTTTTCAACTAATTTTGGAAGACTTTTCTGGTTAACTTTCTCTCCAAATACTTTTATATCTCCAGCATCTGGTATTAGGTATCCCATAATTGTTCTAATCGTTGTTGATTTTCCAGCACCGTTCGGACCTACAAACCCCACTATCTCTTTCTCATTAACTATGAAACTGACATTTTCAATTCCTATTTTCTTTCCGTAAAATTTGGTAAGATCTTGTACCTCCAATAACACATTACCACCTCCGTGAATGTTACACAAATGAAAGTTAGCATTACTAATAAGATTATATCACAACACAAATAAAAAGAGCCCCATTTCGGGGCTCTGCTTTCCAACTTCTTGATAATAACAATTATTTGTATTCTTCTGCGAGGTATTTCTTAATTTCAGAATCTGCTTTCTTGATAGCACTTTCCATATCAACTTTACCGTTGATAAAGTCATTGAACATTGTGCTGACTACGTTTCTAATTTCTGTCCAAACTGAGAGTTGTGGGTCCATCTTCGCATTGTCAATCTGCTGTAGTGGTATTTCAAGCAATGGGTCTGCTTTGGCTGCGTTCTTCCAAATTGTCGTTTGAAGTGCTGCTTTCCTGACTGGCAAGTAACCAGTATTGACTGCCCAGTAAGCTGTGACTTCTGGAGAGATTAAGTACTTCATAAATTCCCAAGCAGCTCTTTTTTCCTCTTCCTTAGCCGTTGTGAACATTATTACATCTGTACCTGCGAACGGAACGTTTCTTGTCTTCCAAACTGGTACTGGTGCCCATGACCACTGGAATTTACCCTTCGCTGATTGTTCAACGTATGTTCTACCTGCTATTGTGTCGATGTAGGACAACACCGTGCCTTGACCAAATATGTCGTTCAAATAACCGCCTTGTGCGAACGCAGCCTTATCGTCAAGCAGTTTTTTGAAGAACGTAAGAACTTCTCTGGTTTCTGGTGAGTCTATTGCAGAAACATATTTGCCATCTTTACCGAGCTTAACAATGTCGCCACCGCGCATCATTAGGAAAATTTGGAATGTGTCAACTGTTGTTCTGAATGCGAAGCCATATACATCTGGTTTTCCGTCTTTGTTCTTATCTTTTGTCAATGCCTTGGATGCATAAAGAAGCTCATTTATTGACTTTGGCGCACTTACGCCAGCTGCTGAAAATGCCGTTGCATTATAGTAGAAAATGTAAAGACTCTTGTTGAAAGGTACTGCATATACTGTTGTTCCCCATGTACAGTTGTCTCTGAAAGCTTTGAATACGTCTTCCCATTCAGCTTTGGTCATACCTATCTTTGGATCATTTATATACTTGTTCAATGGTTCAACGATCTTGCTCTGCAAGAGCTTTGCTGTCCAGTTTGCATATGCCTGTGAAATAGTTGGAAGCTGACCTGCTTGGACGCCAGCAAGGAGTTTCTGCTGCAATGCATTGTAGTTACCAATATATACCGCTTCAACAACGATATCAGGGTGTGATTCGTTGAATGCCTTAACTATCTGGTTGAGTGTCTCACCCTGTGCACCACCCATGGCATGCCAAAAGACCACTTTCGTAGCACCGAAGAACGTGACCGCTAAGACTAACAAGCTGACGATAAGGAACTTCTTCATACCCTGTACACCTCCCGTTTGATTATGAAGAATCGAAGATTCTTACCATACTACCGTAGCATACTATTATATCATGTTATGTTAAGAAACTAATAAGACATTTTAAGTTTAAAAAATCGCCTACAGGTCCAATTTCAGCGATTTTACAGGTCCCCCTTGCTCTATAGCAATTTTATTCAGTTTTTCTAAAATCTCGTCTTTATTTAAACCCATTCGTTCGATTTCTTCGCCAAGCGTTCCCCATTTTACATCACCGCAGACTATAACTTTGATACCAATTTCGAGCAACGGTGATATCAGATAGGGAAAGTGTTCAGCAATTTCTTCAAAGCTTGTATTCTCTTTTATATATTTTTCATTCAGCCCGTTCATATTAACACCTCCACGCACTATTTCGTACATTTAATTCTTATTCATTGCAACCACAATCGGATGTATTGCTCTTGGCTTTGCAATTTTTAGTATCTTTATTGCTTCTTTTATCGTGCTTCCTGTAGTAAGAACATCGTCTATAAGGATAATGTTTCTATCTGATATCTTCCGATCTGCACTATCTACTAACGCAAATTTTCCTCTCACAGCCTCGGTTCTATCAGTAGTCTGGAGTTGATCTGTTTCTCGAAGAGCCGTTAGCGCTTTTAAAACAGGTATTCCAATTTCTTTTGAAAGTGCTTTCGCAATAAGGTACATATGGTCATATCCCCGTTTGTTCTTAGCTGTTTTAGTAGCTGGAATATATACTATGAAATCTGCGGCTATTAAATGTAGCTTAATCGTTTGCGAAAGCATCTTGGAGAATACTTTGGAAAGAGAATGATGATTTCTAAATTTGTAAGCGAGAATAAAGTCTCTGAGTTTCTCTTCGTATATTCCGAAGTATTTGACTTCAATGTTTTGTATGAATCTTCCAGTCATTGACGGCGGGCCATCAATAACCTTTACACAATCTTCGCAAAGCCTCTTTCCAAAACTTTGTTTTCCACAGACGATACATTCCGTGTTCGTTGCAATGTTTAAGACTGATTCAACTATCTCGTTTAATCTGTGAAGCATTTCCTCATATTTTTGTTCAATTACACCCATATTCTCAAGCTTCAAAGCTCCAGTATTTCGTATTCTTTTTGCTCCGGTCGCAATATTACTGCTGTTGACCTTCCTGTCAGATATCCGCATGATTCACCCGGATTTATGACAAGAGTCTTTCCTTCTGTTCGTATATCAAGCTGATGTGTATGACCGTAGAAGACAAAATCATAGAGTTGCGATTTTATGGCGGGAACAAGAGCGTACGGCTCATGCATCAAAAATATTCTGAAGCCGTGAAGTTCTTTTTCGTACGGCTGATTGTGGAGTTTGTTTTGGAATTTCTGCATCAAGAACAGCTTCTCACCATCATTGTTTCCAAAGATACCGAAGAATTCAATCTCATCAATCAAAAAACACGGCGCCACAAACGGTGAAACTATATCACCCAGATGAAAAATATGAGTTACGCCCTTTTGCTTTGCTATTTCAATAAATTTCTTGACGTTTGGTATGTTATCATGCGAATCACTTATTATCATCCATACTTCTTCCTTCTTGCCCAACACTCTCAACCTCCTCCTTAAATCTTGTGAAACGCATCATCAAGAATAGACCTATAAATATTATGAGATAATATGTTACAAGCCTAAACACGAATATACCAGTCATTGATGCTCGAGCACCATATATGTGTGAGAACACCATTTGATAGAATCCCTCTATACCACCGCTTGAACCCGGAGTAGGTACATAGTACACGATAGTATTAAGCATTGAGATGACACCCCAAATAGTAGTTAGAGGTACTTTTACATGACTCACATATTCTATAGATAACTTAAGCATCAGTGGAGACAATACAGATACTAAAATACCAAGAGCAACATCAACTAAAACAATCCAATAATTTTTTAATAGCAGTGTTTTCGTTGATGCACTCATATTATCAAGCCATGCAAGGGCCTTTATTTCTTTCTCTTGTATCTTTTCAGATTTTGTGAATTTCAAGAAGAATTTGAAAATCTTGTACAAAAATTCTTTGTTAACAAAGGCAATAAATCCGGCAATGCTGATACCTAAAGTAACTAAGAAGCCAACAATTATAACAGATAGACCGACAGTTCCTCTGAGAATTCCTACTACATCTTTGAGAAATATTATATCTACAACAGAAACAATTATGATTCCCTCAAACATTCTAACTATGGAT
CP126498.1_gap17	590557	593038	2481	TCCAAAACGCGAGCCTATTCCACCAAACATGAGCAATGCAAAGACTTTGGTATCTTTAATTTTTTCACTATTTGACATTTTCTCTCTCTTTCCTTTCTTGCACGAGTTTTAAAAATTCCTCTTCGTTTATGATTTTCACGCCAAATTTCTGTGCTTTCTGTAACTTACTACCAGGGTTTTCACCAACCACAAGATAATCAGTCTTCTTTGATATGTTATCTGTGAAATGTCCACCTAAGGATTCGATGTACTTTTTAATTTCCTCTCTTGAAAAGTTGCGGAGCGTACCAGTAACACATATTGTAAGTCCGTCGAGTATATTCTCTTCTTCGGTTATCTTGCTCTCCAAATTTACGTTTGCACATTTCAGCTTTTCAATTATTTCCCGCGTCTTTGGTGCTGCAAAGTATGTTACGATACTCTCAGCGATATCTTCTCCAATTCCCTCTATTTGTAAAAGTTCGTCAATCGAAGCATTCACAAGTTCATCGAGATTCCTAAACTTCTTTGCTATGACTTTTGCTGTTTTCTCTCCAACATCCGGTATACCAAGCCCAACGATCAACCTTTCAAGAGAGGTATCTTTAGCCCTCTCTATTTCGCTTAGAATATTCGATATCATCTTAGGACCAAGCCCACTGATTTGCGAAAGGTCAAATATCGTAAGGTAAAACAAATCTGCTATGTCCTTGACTAAACCGGCGTCGACTATCTTCGAAATAATCTTTGGACCGAGTCCTTGGATATTTAAAGCCTCTCTTGAGACAAAGACCTCAAGATGCCTTTTCAATTTTGCACTGCAGTGAGGATTAAGACATTTGTAAGCAACATACTCACCTGACTCTTTACCAACGGGACCTCCACATACTGGACATGTTTCAGGTGGCGCTACTGGTATTTCGGAACCGGTTCGCAAATCAGCGATAACTTGAACAACTTGAGGAATTATTCCGCCAGCTTTTTCAATAAGTACATAATCACCGATACGTATGTCTTTTTCTTGGATGTAATCAAAATTGTGTAACGACGCACGTTTAATAACCGTTCCTTCTAATTCAGTTGGCTCAAATTCAGCAACCGGCGTTATTACACCTGTTCTCCCAACTTGGTATGTAACGCCCAATAGTTTTGTTCTTGCTTGCTGTGCTGGGAACTTAAATGCAATTGCCCACCTTGGTGCTTTTGCAGTCCAGCCAAGCTCATTCTGTTTTTGAAAATCATTGACCTTGATTACCACACCATCTACCCAGTATTCCAATTCATGCCTTTTAGCAGCCCATTCCTGCCAATAAGCGATAACCTCTTCTATTGAATTGCACAATCTATTGTGAGGGTTGACTTTAAAATGGAGCCTCTTTAAGAATTCAAGAGCCTCCCAATGAGTTCTTAGGTTATATAAGTTTGGCTTCACAACAAAATAAATGAAAGAATCGAGCTTTCTCTGAGCAACTTCGCTTGGGTCCAAGAGGTGGAGAGTACCTGCCGTGGCGTTTCTTGGATTCGCAAATGCTGGCAAACCATTTTCCTCTCTCTGCTGATTGTATTCCTCAAAGTAACTAACCGGCATGTATATTTCACCGCGCACCTCAATATCTATCGGTTCGGGCAATTTGAGAGGGATTGATTTAATTGTCTTCACATTGGCGGTAATGTCATCTCCTCTGAGTCCATCGCCTCTTGTAATAGCTTTCATTAAGATTCCTTTCTCATACCTTAAAGCCACTGACACACCATCTATTTTAAGTTCAGCAACGTATTCGACATCACCAACAGATTTTCTTACACGTTCATGGAAGTTAAGCATCTCAGCTTCGTTGTAAGTATTATCTAAACTCAACATTGGTTCGCTGTGTTCAACTGTTTCGAAGCCTTCCAAAAGCTGACCCCCGACTCTTTGCGTTGGCGAGTCAGGGGTTCTTAATTCAGGATACTTTTCCTCAAGCTCTATCAGTCTTTTCATCAGTTTGTCATATTCTTCATCTGTTATTACAGGGCTTGCAAGAACGTAATAACGATAGTTGTGGTACTCGATTTCATTTCTTAGCTTTTCTACTTCTTCTCTTATCTTTTCGGGAACCATTCTTTACACCACTCTTTTCCCTTAATTCATAGGTTTGCTCAACATCTTCTGTTTTCACCTTCTTCTTGCTTTTCTTACCTTTCTTTTCAATTTGTTCGCTCTTTTTACCTCTATTGCTTTTGGCATTACTTTCAAGCATTCTCAATTCTTCATCTGTAGGTATCTCAAAATTTATCTCCATTCTGATTTTATCAGCTCGAACTACCTTAGCTTTTAGCATATCGCCGATCCTATAAACAGTTCCAGTATGCTTACCCACAAGCATACTTTTAACATCGTCGTAGTAGTAATAATCATCAAGTGTCGACACGTGAATCAAACCTGAGATGTATTTATCTGGAATCTCAACGAACATCCCAAATTTTGTCACTGAGGTCACAACGACATCGTATATTTCACCT
CP126498.1_gap18	595805	596669	864	AGTCATAGTAATAAGTACAGTTGTCATGATGTTAACCTTTGGGCCAAAGGATCCAACTGCGGGGTATCAAGGATTAGCATACGAAGGCATCGCTATCTTTGACAAATTTGGCCGAATAGTTTTTCTTCCATTCAAAGTACTTTTTGGTTTTGACAGTTCTCAGCTTCTGGCATTTCCAATAACGTGTCTTGGCTCCACTGGAGCTGCGTTAGCTCTGGTTCCACGCTTTTTAGAACACGGACTTATTAAACCAAGTGACATTGCCGTCTTTACAGCAATAGGCATGACGTGGAGCGGATACTTGAGCACCCATGTTGGTATGATGGATGCTCTTGGATACAGATATTTAACAAGTAAGGCAATTCTTTCGCATACAATAGGTGGTATTGTTGCTGGTTTCAGCGCTAATGTACTGTACAATTTATTCTTTTGAGATCTCAATATACATATTATTTTAGTGCCTGAAGAATCTGTGGGGGTGTAGTAATGAAATTGTCCATTTCTGAGTTAAAAGTATACAAGACATCCGGTGAGTTTGAAACGAACACATATGTCTTTACAATTGATGACATAACGTATGTAGTTGACCCAGGGATAGGGGTGGGAAAATACCTCGGCGGAGTAAAATGCGACGTTATACTAACACATGGCCATTACGACCACATAGCTGGACTTTCTGAGCTAAAACACGAACGAATTTACATTTCGCCTGAAGACAGTAAAGCACTATCCGACCCATCAGTTAATCTTTCTGTCCTTTTTGATGAACCATTTAGCTTAGATGTAAATTGGTATAACGTAGACGAATACTTCAACACACTCTTCGCACCGGGCCATACTAATGGTTCTCGAATTATACTCTTT
CP126498.1_gap19	605523	609189	3666	TTGACCTTAGCTCTATACATTTTGGTTCATCTTTGCATCCCCACTCATTGCTGAATTTCTTGTATCCTTCCCTTACTGGCTCAACATACGGAGAATACCAATTAATCCAGCGCCAGTCACCACCTGTGAAAGCAAGCACACCGATATCCAATCTGCTATCGAGTGCAAGGCTCATTGTCGCTATCATCCCACCAAAGCTGAACCCCATAATTCCCAATGGCAAATCATTACTTACGCCTTGAATGAGTCCTGACTCTAAAAGGTCTATCGTCCTTCTCACATCCTTGATCGCTTGGTGGAAGCGTACAATACAATGTGCCGGTGAATGATGGAAGAAAGGCTCTCCTCCGTTCCACTCCTGCTTTGTGCGCTGCATGTGGTAGGGTTGTATAAGAAAATACGTCTCTATGCCTTTTTGTGCAAAATTCTCTGCAAACCACATGAGATATGGAATATGTCCATTCCCAATTCCATGCAAGAATATCAGTCTCATCCAAGGATTTTCTGCGCTATATCTGTAGACATATACTCTGCTTGACTCTGGAATATCTGGTTCATAGACCGTGTCGAAACTTAGAAGTACGTATTTCTCGTCCTCTTTTTCGACCTTAAGATTAAAAGGCAAATTCTTATCGTACTCATAAATGTACACTACTTGCACCCCCAATTTTCTAAATTATTCGGGACTTTTTGTTGAATAAAAGACATCGGCTATATAATATCCAGTCGAGCTGCCGAACATAACATCCGACAACCAATGATTATTGGACCACAATCTTTGCGCCGAGAAAACCAGAGGTATTGAATACCACACATCTCCGAAACGCTTTGCAATTGGCGTAAAAATAGACCAACTCAAAGCACTGTGACCAGATGGGAATGATTGGTAACCCTCAGTGAGAGAGAACGGTTTAAAAATGAAAGGGTTGTTTTCAGCGTACGGGCGTCCTCTTCCAACAACAAACTTTACTAATCCAACAAAAACAGCGGTAGTCAAGAAACTCTCTATCACTGTGAATGCTGTATATTCATCGAATGGATACGCAACGGCTGCACTCACAACCGCAATCGCAGTGAAATGAACAAGATTCAAGTCGTTAAGAAAATCAAATAAATTCGATCTTGACACCCCCCTATTTACAGGTTCATCTAACAAAAAGGATGGAAGCGGAACACAGAAAACAGGAACAATTACCTTTGACAAGTTATGTACGTCCATTACTAATTCATCCAAATAATCAGCTCCAAAACTTATAAAAGGAATCAGTAACAATAAGAACATAGCTAAAGACCTTTTCAACATTATCAATCACCCCTCCTAAAGATTATTATAGCCCCTGAACCTCTTAAGTCAACTATTACTGACCGAACATAGTTCTTAAAAAAGAGTGGTATAATTATTATGTGAATGGCGGCTCAGTATAAATGTAAGGGGTGGTGCTATGAAATGGTTCAATTTTACAGTTATCTTTATTATAGCCATTGTCATAATTGGTCTTTTTGGATTTTACATATATGAACATTATAGATACTCACCGTTTGCGTTACTCGTTGACGTAGGAGTTGCGAAAGAATACCTAAGAGACAGACACGTTGATTTATGGAATCCGGTGAAAAGAGATGAGATTGTTTTTGAGAATGTAGAAATCACCGAAAGATTGAGTACTTATGAATTCGCACTCAAACTTGAACCAATCCTGTCAAAACTAAACGACGGAATTACAAGAATAGAAATTCAATTAAAATCAACGGACAAAGTTCTCCCGATGAGCTTCAAACTTATTGATGGAGACGTTATAGTCTACAAAAGCAAATGCGAAATTCCTGTTGGTTCAAGAATACTTACAATGAACGGATACCAAATAAAAGACATAATTGAGAAATACAGAGATTTATTCCCCACACTTGATGAATTTGAAAGAGAATATGCTTTTGTCGATAAATTACTGTATGCTTATCCCAGCATAATTGATGGCTCAACTATTCACATCACATATTATCTTCCTAACTCCAGTGTACAAAGAACAGCGTACATCAAAGCAATGGACAAGAAAAGATGGGACACTGAAATAAAAAAAGACGTCGAGAATGTCAAGATTTACAAGATAAAGGATTATGCAATTCTAAAAATACTCAGCTTCGAGATCTTTGATAAGAAGCAAATGACAAGTTTGCTTGAAGCATTTGGTGAACTAAATGACGCAACGAATGTAATCTTCGACTTAAGATATGCAAACGACGGCGACAGCACAATACCGACGATTATAATATCAAAACTAATTACAAGTCCAACGGCACTGTATCCGAAATACACGGGCAGATTTAGAAACAAGGAAATCGAAAAGAAACAAATTCCAATAGAACCAGACGACCATAGAATAGATGCAAAAGTTTATTTTCTTGTCAACAACTCTTGTTTCTACCAGCCACAAAAGACGCTCATAACAGTTCTGAATCAGCACCAACTTGGAAATTTCATCGCTTGGAATATTCCTGAAAGTATCAACAAAGGCGTTTACTATACAGATGAATTTTGGAAAATACTCCCCAATACTCGCACATACATAGTAATGCCTCAAGGCAGAGTCGAATACAATACCAATATTGACTTTGTTATAGGTGACGGACCAGATGTGGCCATAGAAGAACTGATCGATGAAAATCGCTACTTTGAATGGTTGAAAAACTTTATTGACATGTTAGAAACTACCAAAGAAGAATAAGAAGGTGGCATTTATGGAACTATCGGAATATCTTTCAAGAACGAACGTTTTGGACTTTTTACAAGCACTCGAAATTTCCGCATACGTTGTTGACAAAAATAGAAAGATTGTCTTCTGGAACGGACAAGCGACAAGTCTAACAGGATATGACTCAGAAGAAGTCATAGGAAGGAAATGCGCTGAACAAGTGCTTAATCATGTTGATAGAACAGGCATTCCCGTCTGTTCAACCGACCTTTGCCCATTATACCAAGCTATCAAGAATGGTATTCCAGTCGAAGTACCTTTTGCGGTATATGGGTTGACAAAATCAGGTAAAAGGAGGCCTTTTTCTGTATTCGGTCTACCTATCAAAAACGGTAATGAAATACTTGGAGCTGTAGAACTATTTACAGATGCCGAGAAATTGGATGCTGACATGTCACTCGCTATAACCATTCAAGAAGGGTTCGTACCTGAAAGTAACGACAAGATAGAATTCTTCTACCGCCCGTCAACAGGACTTGGTGGAGACATGATTTACTACAACCCACCATGGATTGGAATCATCGACATCAGCGGTCATGGAGTAGCCGCTGCGCTTGTGAGTATGCTGATTAGGATTTCTCTCGACTCTGTCATTGCCTTCGCCCCTCCTTTAAATGCGCTTCCATACTTGTTAGAGAATGAACTGAAAAGATTCAAATTGCAGGGAGTATACTTAACATCGATATTCGGACAGCTTAAGGAAGATGAATTTACCTTTATAAACATGGGACATCCATCTCCAGTTAACATAACACAAAAAAAGGTTGTTAAAACGAAGAATGTTGTTCCAGTTGGATGGGGGTTAAGTGATGAGTACGATGAATCGATTATTAATCGCCATAAGCTTTCAGACGGCAATCTGCTCCTTTATACAGATGGACTTACAGAAATGAAAACAAAAACTGGTATGCTGGGA
CP126498.1_gap20	657022	660654	3632	TCTTTGAGTATCTCAGATTCTTCCTCTGACTTATACTTATCCAATAACATGACGACTGTGCTTAATAACTCATCTTTTATTAGTTCGTAATGCGCTTTAAATCTCGCATATCTTTCGTAAAGCATCATGCTTCGGGAAGTTATTATAGATGTCATAAGCGATGTAATTTGAGATTTCGCGTTGTCAGAGAATCCGAGAACCCTGGTCTGATTTTCAAAATCTAACATTGAGTTGTACGCATTTGTTTTCCATACACTCTTCTTTGAAACCTGTGGCCAAATCGAAGCCGGAAGTCTTGAAAGTTGGTCAACAAAATCTTTTTCGACGGCTTTGAAATCTGTTTGTATCAGTTGTTCGTGTAGCCTGTTTATTTTATCAACAAATATTGGGGTAAGGCTGTTTGAAAGGCTTCCTTTTTCATCGTCTTCCAGAATTTTGTCTAAGCTCTGCTTTGACTGCTCGACAAGTTGTTCAAAGGTACTCTTCCAAGAGTCTTCATCAGAAAGCTTCTTTGAAATGTATTCATAAGTTTCTTTATACATATCCAAAAGTTGCTTGTAAGTGTATACACTTTCTTGGTAATCTGAGATAAGCTGATACTCTCTTGCTAAGGCGTGCAAGTGGTCAAGTACACCATCAGGTACTCCCCATACTCCTTTGGATTCCATATACTTGCACGTCTTTATTTCCAGATTCGCCATGTCAACAAGTAAACGCCTTGCATCGTAATTTATAGGATCTTTGAGCGTCACAGTCATATTAGCAAAGAACCTATAAATATCTTGTCCACCACTTGTTGCAAGCTCGATATCGATGTTTTTCCAATCTGGGAACCTATTCCAACCACCCGGCATTATGTAAAGTGTCCTTCTTGTCCACGTATCGAATTTATTGAAGAATATTGATAAGAGCCCTCCTATCTTTTGCTCAAGATCTGCGCCTTTGATATTGTCTAAAAGCATCTCTGTTACTCTATAAAGCGAATTGTATCTAACAGCAAGCGTTTTGAATGTATTTCGTTCGGTAAATGTCAACAAAGATAATTCGTAGATACCGGCAGAATCGACAAGAGCTTGGGTAGTTGCAAGGTCAAACTTGTCGACAAAATCTGGATTAGCTTTCAAATAATCGTTTAGCACAGCAAAATACCTTGTCTTAAATCTTTCAGGCAACAATTTATGATATTCATCTGCTTCTTGGTTTAGGACAGACTGAGGATCTTGTTTCAAGCGTTGTTTTAGTTCTTCAATTCTTATTGGATCTGCAGCAAGCGCTGCCAAATAGAAGAATGACTTTCCGTAAGTGTGATTCAATTTTACACTTTTAAGGAGGTTTTCTTTAGCTTCTTGATACTGCTTCATTATTTCGTTTGGTATACCCTGCTTCTGTGCAAGTAACTGGTTTCTATTTGCGTTTATCTGACTTCTAATATTTTGAATTGTTTGCTGTCTTTCATTCTCTGCTTTCAATCTATCGTACGCAATTCCCAGTCTTCTTGCCTCAGCTTGTTTCTGACCGTGCCAATTTTCCTCTGAAAGTCCGACAAATTGACCAGAGAAACTGTTCAAATCTGATTCGATTTGGTCAAGCTGTTTCAGGTAATTTTCAATTTGCGTTTGTTGGTCTCTTAACATAGTCATAGTTTGGAAAGCAACGTTTCCGTTTCTAAAATAAACTTCTGAAATGAAGTGGTTCCATCTAAGGTATGTCGAAGCACCAATAGTACCTACAAGAACCAAACCCAGCGCCACAGCTTTAACGCCGTGAAGTTTGTATTCTTTTCCATCAACTTTGTTAAAATACTTCCCTAAGCCTACGCTCAGAACAAACGTCGCAAGAAGTGCGTTGGGCAAAAGGTGCCCAGGAAAACTGAAGACACTTTGGAACGCAAAGACAACACCACTTAAAACAAGCATTGAAAAGAGGGTTATATCGTCTTGTTCATCTATCTTTTGAGTGTTCTTGACCACGTATATTACTAATAAAATAAGCATAACCAAGATTAAACCAAAACCTATCAATCCTGTTTCGGAAAGTACTTGGAAATAATCATTGTGAGCGCGCTTGAAATTGTTCCAACCGTAGTTGTACTCTGGATTGTTTTCTATCAAATCAGCAATACCATAAAGGCTATAGATTTGATAAGTACCTATTCCTTGCCCCAAGATTTTGTGCTTCTGCCAAATGTATATTGTGGAAAACCAAGAGAGAAATCTTTCATCCATACTTGAAACAGAAGCCATTGCGCTGAATCTATCAGTCATTTTGAATGAACCGTAGTTGTTAAACGCCGACGGTACGTTGTAAAGAACGATAAGAAGAATAGTAATTAATACGAACACAGCAACTGAAATGCGTCTCAGAAATTTGAGCTTTTTAAGTAAGCTCGGATTTTTCTTCTCTAACTCCTTTTCGTGTAAGTTTTCTCGTTTCCTAATATAGAAGATGTAAGCGACTGCTAGTAGAATACCTTCAACTATCAATGCCAAATATTCAGAACGGGTTTGAGAGAATATTATAACGGTAATGTACAATAATGCAGAGATTAGAGACATTATCTTAACAAAGGCTATTCCAACGAATTTTTTTAGATTTATGGCACCTATATCAAGGCTTATGACAAAATACAGAGCTATTGGCAAAAGCATGTTCAAATAGTTAGATACAAATATGACATTACCGATATTAGCCTTTATACTTGCGCGCTCAAAAGGATTACCAACTTGACCTAAGAAGATGTCATATCCCATGTAGAAGTTAAGAATTGCATTTACAGCGATAAATAAACCTGTTAATACAAATATAAATAAGAATCTAACAATTTTTTGCTTGTCGTTTAAAATTGTAGCGAAATAAAATGCCAGAATTACGTTTAAGAAGAGATACAAACCTATATCAATACCTTGTCTGAAAAAGTAAGGATTGTCTTTCCACGTATTGATTGTCGAAAGCAGAGCCACAATGGAAAATGCGAACCACACAAAATGGATCTTGGAAGCAAAGAACTTGATCTGCTTGGTTTTGAACATTCTCCAAAGAAGGTATAACCCTATCAACAAAGTTGCGACCGTTAGTATGGCATACTTAGGCGTACTGAATTCGTATGTGTACTGCCTGTGTGCAAATAGTGCAACAAGTGGAATAGTAATGTAAAGAACAAGTTCTTCAAAGAATGACAACACGTGTACCCGCCTCCCTATATCACAGATTTAATTCTGTCAGTACTTGAGAATATTCAACCATTTGGAGAGAAACGCGTAAAGTATTAATATTACAACAACGCCAGATATCATCATGTAAATATTGATTCTAACAATTAGTCCTACAAGTAAGACGAAACATTGGATAAATATCATTGTCCATAAAGTTTTTCGTTTATCATTTACAACATTATAGATTTTATCATATACATGACCTCTATCACCGCTAAAGGGTGAACGTCCGTTTAGCAGTCGTCTGAAAACACCCGATGATAGATCAAAAAAGAAAATTGATACAAGAATTAGTGCTGAAACAGCTCTCGGAAAATTGTTTGTGCCTTCTCTAAACGCAGAAAGAAGACCTATCGAGAGTGTTCCTCCAATTAGATAACTTCCAGCGTCACCCATAAATATCCTTGCCGGTGGGTAGTT
CP126498.1_gap21	694298	695837	1539	AAAAATGAGTAACAAAAAATATGAGGTGTGTATTATAGGCGGGGGAATAACGGGAACAGCTCTTGGATATTTTCTGTGTAAATTGGGTAAGACCTCAGTTGCTATATTTGAGAAATCGTACCTTTCTTCAGGTTCAACAGGAAGGTGTGCTGGTGGTATAAGACAACAATGGTCAACGAGACCGAATGTAAGACTCGCAATGAGGAGTGTTAAGTTATTTGAAAGATACAGAGAGGACGTAGGAATGGATATTGAGTATACACAAGGTGGTTATTTGGTACTTTCGTATACTGAGGATGAAGCCGCACAGTTCGAACGCAACGTTTTAATGCAAAGAGAAGAAGGGCTGAATGTTGAAATTCTCTCGCCAAGCGAAGTGAGTAAGAGGTATCCTTACATAAATATTGAAGGATTAAGGTTAGCAACATTTTGCCAAACAGATGGACACGCGAATCCTCATAAAGCTGTCATTGGATATGCTCAAGCAATTAGAAAAATGGGAGGCGCAATATTTACGCATACAGAAGTAACCGATATAGATGTTATAAATGATCGGGTGGTAGGAATCAATACTTCAAAGGGTTATTTTTCTTGCGATGTGGTCGTTAACGCTTCGGGTCCCTGGTCGAGAGAAATATCTGAATTGGTGGGAGTGGAACTTCCTACGGAAAGTTACAGACATCAAATAATGGTTACAGAACCTCTTGAAAATTTCTTTCCAATGATGGCTATAAGTTTTTCAGGCAACTTCTACATGAGACAGACACAACATGGTCAATTCATACTCGGTCAAGGCGATAAAGATGAGAAACCTGGCATAAACTACAATGTGACATTCAAATTCGAGAAGGAACTTACCAGCAAAATGATAAGAATTTTCCCATTCCTTAAGAACGTTAGATTGATTAGACATTGGAGCGGAATGTACAACATGTCTCCAGATGCGCAGCCAATAATTGGTGAAAGTGAGAAAGTCAAAGGTTATTACTATGCTGTAGGGTACTCCGGACATGGATTCATGGTTGCACCGGCAGTTGGTGAGGCTCTTGCAGAACTGATAGTGTTTGGTAAGACACTTCATACCGACATATCATACCTCGGTTTGAAAAGATTCGAAAACATGGTTTTTGAAAAAGAGAAAAATGTTGTATAATATTGCTGAATTCCAACTTTGATAGACAATGCATGGGAGGATATTAAGTGGGTAAGAAGGTTCTTGTAGTCGATGACAGCAAGTTTTGGCGATTAGTCTTGCAAAGCATTCTTGAGAAATTTGAAATCGAAGCATTATTTACTGCTGAAAATGCTATGCAAGGTATAGAGATTGCATTGAAAAATTTCCCGGATATCATAATTACTGATTACAATATGCCTGGTATTTCAGGATTGCAGATGTGCCTTTACCTTAGGTCGATTCCTGCGTTCAAGGACGCAGGAATCGTTGTTCTAACAGGTTCTGATGACATAATAAACCAGTTTTGGGCTGAACACAGTGGTGCCAACAAATTTCTTTCAAAATTACTTCCCAAGGATGATCTC
CP126498.1_gap22	789226	793625	4399	TCAAGATAACGTATATATTGTTATCTATCCTTAAACCCTTAACTGGATCTGATCCAGATATCATAAAAGCTATCGAATGAGAATGATAACACATGTCTGGTTCAAAAGGATTAATGCCATGCCAAGTTATATCCGTTATGAGATTGCCAAATTTATCGTATTTTTCGTAAAAACACTCTCTCTTTAAGGCAGGATGTGACTTTCTAAAGCGAATCATCTTTTTAACAAACTCAAACAAATCTTTGTGTTTCTCTTTCAATGTCCAATCAACCCACGTTGTTTCATCATCAATACAGTAAGCATTGTTATTCCCATTTTGTGTTCTGAAAAATTCATCACCCATCAAAATCATTGGAGTTCCATGAGAAAGCATAAGTATGGCAAAAAAGTTCTTTACCTGCTGTTTTCGTATTTTCACGATTTTTTCATTATCTGTGTCACCTTCAACTCCGTAATTATAACTAAAGTTTTCATCTGTACCATCTCTATTTCCTTCGCCATTTGCTTCGTTATGTTTCTTATTGTAAGATAACAGGTCTCTCATGGTGAATCCATCGTGGCATGTTATGAAATTTATGCTTGCATGCGGTTTTCTATTTGCGTAGAGGTCGGGACTACCAGATATTCTAAGCATCAACTCTTCAATTACTCCATTATCGCCTCTGACAAACTTTCTAACGCAATCTCGATATTTTCCATTCCATTCAGCCCATCCTTCTGGAAAGAGTCCTAAGTGATAACCACCTGCAGCATCCCAACCTTCAGCAATCAATTTCAATTTTCCAACAATTGGGTCTTCGGCTATGTCTTTCAAAAGCGATAAATCACCTATCCACCTACCGTCTGGCGTCCTACCAAGCACAGATGCCAAATCAAATCTGAAACCATCAACGTGCATTTCGGTCGCCCAGTATCTCAGGCTGTCAATTATCATCTCTTTGACAACAGGATGATTACAATTCAAGGTATTGCCACACCCTGAATAATTTAAGTAGTACCTTTTATTCTTCGGATCAAGCATATAATATATCTCGTTGTCTATTCCTCTAAAGCAAAGCGTAGGTCCCTTTTCTCCACCTTCTCCTGTGTGGTTGTACACAACATCCAAAATAACTTCAAAGCCATTCTTGTGAAGCATCTTTACAAAGTCTTTGAATAGAAACACCTGTTCACCGAGCTTCAGCCCAACTGAGTAATTTCCGGTGACTGCAAAGAAGTTCAATGGGTTGTATCCCCAAACGTCTTTAAGCTGCTCTCCAGTAACTGGATTCACATTGGGATTTGAGTTAAGATTGAATTCAAAAATTGGCATAAGTTCAATTGTAGTAACGCCGAGCTCTTTTAAATGGTCAAGCTTTTCAATTATTCCAAGGAATGTGCCCGGAAATTTCACGTTTGAAGTCGGGCTTATAGTGAAAAGTCTAACGTGCATCTCGTATATTATAGTTTCGTTCCACGGTATGTGTAGTTGCCTGTCGTCTTCCCAGTCATACTTTGAATCATCAATTACGATTGACCTTATCATGCTTTTTGAAGAATCAATTGTAGAGAATGATAAGTCTCCCATCGGAGAATTTCTCTCGTACCCATAAACAGCATCATCGTTCCAGTCAAAAAATGTTGTTACTGCCTTTGCGTATGGATCTATGAGCAATTTGTTAACATTAAATCGCTTACCATTTAGTGGATCATAAGTTCCATCTACACGCCAACCATAATATTGGCCATGTCCAATGCCGTAGACGTATATGTGCCAAATGTCTCCGGTTTTATTTTTTATGGGATCAAGTTCAAAAGAATGCGATGGTATCGAATCATAGTAATTTTGGTAAAGTTCCAAGATAACTCGAGTGGCATTTCTAGAAAATATTGCAAAGTTAACCCCTGTTTCATCAGGTGTTGCACCTAATCTTGGATAACCTCTCTTCGTTTTTAGTACAACGTCAGGTCCGGGGTTCTTATACTGAAGTGGATAATCAGCCACTTATTTCACCACCGTTCCTAACTTCTCCAATCTGCGGAATTTCGAGTATTTTGTTCAATATTCTCTTGATCTCTTCTTTGGACCTATCTTTCATAAATAACTTCTCAAGTAAGTCTAATGCTTTCAATACGAGAATGTTTATTTCATTTACAGTTTCAGTTAACGCCCCGCTCTCCAAAATCAGACTCTGTATGAGTTCGATCTCTTCCTGAGTTTTTTCCTTTTTGGAAATGATATCAAACAAAGTCATTTTTTTCTCGCTTGAGAGCTTTTCGGAAGTTTTCTTTATCAGTATGGTAGCCTTACCCTCAACAATATCGTTAACACTCTTTTTGTCCCCACCAAATGTACCAATTATGTCATCTCGATACTGAAAAGCAATCCCAACGAGTTTGCCTATTTCTGTGAGCGTTTTTATTTCTTTTTCATCATTCTGGCCACTAAGATAGTAACCGAAAAGCATTGGATGTATAAACGTGTAGTACGCGGTTTTTAACAAGCTGATCTTTGCCGGGATATCGTCTGTTAATATTGTCTCATCCAATCGTCCAGTGTATAATATATCAAGCAGCTGACCGTAACCTGTTTTTACATAACAATCCGAGAAGAGTCTCAATACTTTTCTGAAGGTTCGACTTTCAATGTTTAGTTCAGATAACACGCCAAGAAGATAAAACGATATTATATCTCCAACAATTATTGCAAGGTCTTTACCGAGCTTTTCGTTCTCAAATTTGGATTCGTATATCTTGTGTAACGTTAGTTCCCCTCTTCTTAAAAGTGATTCATCGATAACGTCATCATGCACGAGTAAAAAGGCATGCATGATTTCAATTATTGCTGCTAACTTCAGAGCATTATTTTCAGCATCGTTATCCGAGTACCCCTTGTATGTTAACACAAGCAAAAAAGGTCTGATCCTCTTTCCAGGCCTTAGTACAAAATGTGAAAACTCAACGATCACATCTTTCAGTTCTCCTGGTGTATCTTCAAATAACCCATTAAGGATTCTTTGTATTTCCTGTTCTACGGCCTTCTGTATTTCAAGAGCTTCTTCTCGCATTCTATTTTGCCTCCATTAACCAGTTAGTTTGCAAATAAAATTATACCACACCTGTTTGAAATAGTCTAAAACTGGCAAATGTGGTATAATAAAATATATTGGAAAAGTAGTGAATCAGGAGGTGCATTATTTTTTGGATGTCACATTCAATGAAATTTCTAATGCTGCTGAAAATCTGAGAAAAAGAATCGAGAATGGTAAATCGTATGGTCTTGTAGTTGTGAATAAATCATTCGCCAGGACTTTGTTGAGATCAATAATCGATTTTTCAAAGATTTCTGACGTACTCATCATTGAGCCTGAAACTAATATCGGTATCGATGAAATAAGAAATGCCATAAATTTTTTAGAATTTACTCCTCAGGGTGATTCAAAATTTGTCATTATTTATGATGCTGACAAATTAACGCAGGAAGCAGCAAACGCTTTCTTAAAGACATTGGAAGAACCACCAGCTTATGCTGTCTTGATTCTTGTAACAACAAGGTGGAACTCTCTACTTCCAACGATAAGGAGCAGATTGCAGAAATTGTATGTCAAATTAGAAATCAGCTCTGAATTAAACGATTTTCAAAGATTTATAGCTTACTGGAACTACGATATGCTCAGAGAATTGGTGGGAGGAAACTACGACGTTCTTTCAGAAGATGAACTATTTGAATCTAAAACAGAAGATCTGTCAGATTTAACGATCTTCATGTCATTAAAAGAAATGTTCAAAAAGAATATCTCAGCGGATTTAAGAACCTTTAGTAAATTTCTTTTACGCCTTTCTAAGAAAAATGATGTCCGATTTCTGAAAATAACAGCAAAAGCGGTTATGTGGACTGCCTTCAAAGATGAAAGATTAACACTGAAAGAAAAGATTAGACTTGCACAAGTTTGTGATAGTGTGCTTAAAGCAAAAGTTTTTAACTTTAATTACCAGCTTACGTACTATACTTTATTACTTAACTTAAGAGGTGATAATCTGTGAGTTTACAAGCAACAGTCTATGGTGTTGAATTAATGCCAATGGGTAAGATTATCTATTACTTAGATAATGGTGAGAAAATGACCTATGGAGACTACGCAATTGTTCTCAGTGAGTTTGGAACTGATTACGGCAAAGTTCTTTTGGGGCCGAAAGATATAAGCATAGATGATGTAGACTACGAACTGAAGTCGGTTTTAAGAAAAGCAACGGTAGAAGATTTAGATATAATTCGCGAAAATGAGGAAATTGCAAAAAGAGCACGTGAAGTAACTATTGAACTTGTGAAGAAGCACGAATTGCCCATGAAAGTTCTGCAATCAAAATATATATTCGACAGGAGCAAGTTGGTAATATATTTTAGTTCAAAAACACGTGT
CP126498.1_gap23	798388	800268	1880	GTCGGCGGAATTAAGGAAAAGGTATTGGCGGCTTACAGAAAAGGAATCAATACAGTCATTATGCCTAAGAAGAATGAAGTTGATTTGGAAAAAATACCAAAAGATGTGTGCGAAAAGATGAAGTTTGTGTTCGTCCAAACTATAGATGAGGTACTGGAGGTGGCACTCTGTGACAAATCTAAACAAGAAAAATCCGATGCAATTACAAAAAAGAATAGCGGAAAACGTAGAACTCGCAAAGGTGATAGCAACTCCAAACGATAGATTTCCTGACCCCCTCCTTGGGGAATTCACGTTTGTTGGAAGATCAAATGTTGGAAAATCAAGCTTATTAAATGCGCTCTTAGGAAAAAAAGTTGCTTTTGTTAGTAAAAATCCAGGAAAGACGAAAACAATAAATTATTTTAAGGTTAACGGAAAGTTTTATTTTGTAGACCTTCCCGGATATGGTTACGCAAGGACTTCAAAAAAAGATAGAGAAGAGTGGAGGAAGATTATAGAAAGATACTTTTCAGAAAGAAGTTGGAATATGAAGCTCCTCTTTTCACTTATTGATTCGAGGCACGAATTGATGGAATCCGATGAACAGCTTCTCGAATGGTTACAGATCTTAGGAATTAGTCCAGTTGTGTTGCTGACGAAAACAGATAAACTCTCTTCTAATGAGCTAAACAAGCAAATCTCTTATTTCAAAAGAGTCCTTTCTGAATATGGTGTAGAAAAAATCATTCCTTGTTCATCTTTGAGCAAGGAAGGCATAGAAGATGTATGGAAAGTTATAGTTGAAGCCCTGCAAAACTCGGAAGAGTAATTCTGAATATTTAAAATTATTCACAACAAACAGGAGGTTTTTAGTAGATGATAAAAAGAGAGATAGAATCACTACTTAAGAGTTATCTCATGGAAACAGGAATGGAGTATGATTTCGTTGTAGAGATTCCGGAAGAAAAATTTGGAGATTTTTCGACTAACATAGCATTAATTGGAGCGAAATTCTTTAAAAAACCACCACGTGAAGTCGCCAAGTACTTTGTGGAGAAATTAACTGGACATCCTATGTTTGACGAAATTTCAATCGCAGGTCCTGGGTTTATAAACTTCAAAGTATCAAAAACTTTTTACAGGGATTTCTTGGACAACTTCCTAAGAAGTCCTGAAGGAATCTGGAGATTCAAGAACAAAGGAAAAATATTGTTGGAATATGGTAGTGCGAATCCAACAGGTCCTCTTACAGTTGGACATGGTAGGCAGGTAGTTATAGGTGATGTTCTGGGTAATATCCTAAGGTATATCGGTTTCGATGTAACTAAAGAGATGTACTTAAATGATGCCGGAAGGCAGATAAAACTCCTTTCAAAGTCAGTTTGGGCAAGGTACAATCAACTCCTTGGATACGAAGAACCAATACCCGAGGACGGTTACAAAGGCGATTATGTTATCGATATTGCAAGGCTCGTATTAAAGGATTGCGGTAATAGATTTTTCAGAACATGGGACAACGAAATTGAAGATATTTTCAGGGATTACGCACTGCGCGAAATCACGAAAATGTTTGATAAGACCTTGGAAATGTTAGACACCAAGTTTGATAACGTTTATAGTGAGAAGAGCCTGATAGATGATGGAACTGTAGATGAAGTGCTAAATATACTGAAAGAAAAAGATTTAACCTACGAACATGAGGGTGCACTTTGGCTTAGAGTGTCACGCTTTGTGAATGATAACGATAAAGTTTTGATAAAGAATGATGGCAGCTATACATATTTCCTAACCGATATTGCATACCACTACAAGAAGTTTAAGAGGGGCTATGACATCGCAATCGATATCTTTGGAAGTGATCACCATGGTCATCTTCCAAGAATGTACGCAGCGATGAA
CP126498.1_gap24	801484	805800	4316	TGAGCACGAGTCAGGTTTTTTCGAATTCGAAAAGGAGAGCACATTTTTCAGTATAGCTATTAAGAAGGTCGAATTTTTCGGTGAAGAACGTTTCTTGGTAAGTTTGAGAAACATAACGACTGAAAAGGAAATTCAAAAGTTAAAAGAAGTCGACAAAATAAAGACCAATTTTATAGCGAACATTTCACACGAATTGAGGACGCCTTTAGCTGCCATAAAGGCTTACACAGAAACGATGCTTAACATGCCAATGACATTGGAAGAAATCCAAGAATTCCTTACCATTATTCAAACTCAGTCTGAAAGGCTTGAAAATTTGTTGAACGATTTACTTGATTTTTCACAAATTGAATCTAACACTATGAAGATAGTAAAGGAGAACACGGACATATGCAAGATTGTTGAAAATGTTGTGAAGTCTGCAAAACAAATGGCAAGTGATTATAACGTTGACATCATGGTCGATTGCAAGAACGTGACTGTAAATTGTGACCCGGGGCGTATGGAACAAGTTCTTCTAAATTTAGTGACGAATGCTATCAAATTCTCAGACAAAAGCAAGGAAGAAAGATATGCGAAAATCGAGGCAATAGATGAAGATGATCAGATCAGATTAATGGTCTCAGACAACGGAATAGGAATTCCTGGTGATAAGCTGGACAAGATCTTCGACAAGTTTTACAGGGTCGATAATGATCTTACATATTCAATACCGGGAACAGGTCTTGGACTTGCGATTGTTAGAGAGATTGTTCAATTGCATAAAGGCACAATCCAGGTAGAATCTGAAGAAGGTAAGGGCAGTATCTTTACTGTAATTATACCAAAATAATAATCCAAGAGGGAATAATAATGATTAAAGAGCTACTAAACACAGTTACTGAGATACCTACACCTGACATAGTGGTACAACAGATAATCTCAACAGCTTCAAATCCAAATTCGAGTGCAAAAGACCTCGAAAAGGCTATATCTATGGATGTCGGGTTATCAACCAAAATATTGAGGTTAGTTAACTCCGCGTATTATGGTCTTCCACGCAAGATAACTAAGCTAAGTGAAGCGATTGTAATCGTAGGTTTCAAAACGGTCAGAAATCTTGCGTTAAGCGTCTTTACTTATTCGGCACTTCATTCGAAACATACCTTTATCGACCATGATAAATTATGGTCTCATTTCATGTTAACAGCAGTGTTTTCAGAGCATATTGCAAAAAGCATAGGTTTCATAAACAGAGAAGAAGTTTTCTTGGCTGGGATGATGCATGATATTGGGAAGTTGGTACTTGATTTGATGTTTCCCAAGTATACCTATGAAATTTCAAAAGTTGGTGAAAGATCTCAAGTACCGTTTTTTCTTTTGGAATACAAGGGAAATGTTGAAAATCACATGGAGATAGGTGGTGAACTCCTAAGATTGTGGAAATTCCCAGATGAATACATAAGTGTAGCGCAATACCACGAGAAACCATCATTGAACCCAGATTCTCGTTATATAGAGATGATATGTATAGTCCACTTAGCAAACGTTTATTCTAACATATTCCTACCTGGCTATTCACTGTCATACGGTGAACCGTACCTTGACCCGTTTGCTTTAAGTGTTTTGGGGTTGAAACCTTCTGCCTTGAAAGTAATATACAATGAACTTGATAGAGTGTTTGATAAATCTAAAGATATAATATACGGAGGTGTTGAAGATGAAGCAGGAATACAAGCTTAAAATGCTCGAATCAGAGTTGCGAAAAGTGATTTCTGAGGCGCTGATGGAAATGAAGGACGAATTCATAGAAAAATCAAGGTCTCTCATAACGATCTCAAGAGTAGAAGTATCAAAAGACAAAAGATATGCTGATATTTATGTTAGTGTCCTTGGTGACGAAAATAAAAGAAAAGAGATTTTGGAATACATTGAATCTAAGAAGGGGTATTTTAGAACTTTCGTAGCCAAGAATATAAGAATGTATGTAGCTCCCGAGTTGAGGTTTAAAGAAGATAAAGGCATTGAAGCAACTGTGAGAATAGGTCAGCTGCTTGATTCAATTAAAGAAAATAAAAAACTAGGCGATAACGAATAAGGGATATTCTAATAAACGGAGGGGTCCGTATGGAGGTTATAAAAGGTTTGGGAGTACCAAATGTTGACCAAGAATTTCAAAAGAAATCTCCAATGCCGAACACACATGTACAAACAACCGAAAATAACTCTAATCATCAAAGTGAGCAAATCGGTGTAGTCACTCCTCAATCTGAAAATATTGACTTGTTTAAGGAAAACCTTGAAAAATTAAAGAAAATTTTTAGAGGAGAAGCTGAATTCAAAATAGATAGAGATACAAACATGGTCGTCATAAAGATCAAAGATCCCGAAACGGGGGAAATTATTCGCCAGATTCCTCCAGAACTTGCAGTGAAACTCGCAAAGAATATACAGGAATTGTTGGGGGTTTTGATGGACGAAAGGGTGTGATTAAATGGACCTTTCAAGTATAGCAAATAACATCAATTATCGCTACCAGGGTTCGTCACGGCTGCAAATCGGCGGTGCGGTTAGTGGTCTGGATACACAATCTATCATTGAAAAGTTATTAGAAGTTGAGTCAATGCCCCTCCAGAGACTCAATGAAAAATATTTGCAATATACTTATTTACAAAAGGCCTATCAAAAGGTCTCAGATAAGATTAGAGATTTCTATACATACCTGTCAAACTTCTCGCTCCAGGCAACACTTATACCTAAAAGTGCCACAGCCTCAAATTCTATCCTCAGTGCGGTTGCCACGCCAACTGCTCAAGACGGTACATACAATGTCGAAGTATTGTCACTTGCTACAAACAGCATATTCTTAGGTGAGGACTTTGGAAAGACTATTACATCGGCAGATATGGTTGGTGACATAGATGCAAGATACGTTCCACAGAATTCAACTGTGAAAATAAAGATAGGTACGAATGAGACAACGATTAATGTTGCGACAACAGATACGATAAATGATGTCGTTGCCAATCTTCAAAACGCACTTTCAAGCCTCGGTGCGAACGCGACCGTTACCTTTACGGATGGTAAACTTAAAATAACATCTGATAAGGCGTTTCAGATTTCAAATACGTCTGGTAACTTCACTTTTGTTTTCAGATTAAACGACGCGGTTATGACTCAACAATCCGGAACATTCACCTTGGAAAGTAGCGGAAATGTCGGAGCGTACTCAACATATAAGACACTTTCTAATCTCGGAATTACTGGCGACAGAACTCTAACGATTAATGGAACAAATATAACTTTAAAAGATACAGATACGATTAGTAACATAGTTCAGAAAATAAATAGTTCAGTCTCTTCAGTACTCGCAACTTATGACGATAAAAACGGAAGGTTAGTCATAACAAGCAAAACAACAGGAGACAATATTATTGATGTGACAGGTGATAGCGATTTACTAACCATTCTAAGACTGGACACTGGTACCTTTACACTTGGAAGTGTTGCACAGGTAAACGTAACATTAAATGGATACACTGAACAATTGACCTCAAGAACTAACAGTCTGACATACAACGGGCTGACGCTTAATTTAACAGCAACTGGAGCAACAACAGTTACAGTTTCAACAGACAAGGATAAGATAGTCGAGCGTGTGAAAGAGTTCGTAAATAGGTGGAACGAGTTGACCGATTTTCTTTATACAAAACTCACTGAGAATAAAGTTAGAGGTAAAACAGAAGACCAGATGACTGAAGATGAGAAGATTCAAGGATTACTTAAGAGCGATTCGTTCATAAGAAGAACATTTGACAAATTCAGAAGCTTCTTAACAATGAACATTGATGGAAAAACTTTGAATACTCTTGGAATTGAATCTGGTGATACAGGAAAAGGTTTCACTAACACAATGAGAGGTAAAATTACCTTGAATGAAGACAAGCTGAAAAGTTTCATCGATGCCAACGGTGCGGAAGCGGTCTGGCAATTTTTTGGGAATACTGAGGGAACTAAAGGATTGGCGCTTCAAATAAAAGATTACAGCTGGACATTGACAAAATTCAACGGCGAAATAGACACAGTTGCTGGTTTGAACGGAAGGCTCGAGAGAGAGAAACGAATACTTTCCAAGCGTATGGCCACAATGCTTGAGTACTTGCAGAAAAAAGAGCAACAGCTCTGGGCAAAGTACTCAACGCTTGAAAGTGCACTGGCAAAATTGCAAGCACAAGGTGGATTCATGGCTCAGGCGTTTGCTCAAAAGAAGTGATAGAATTAATATTTATCTCTTTAGTTCTGAATAATATCGACAGCAATCTTTCAAAAAACAAATC
CP126498.1_gap25	895664	897597	1933	TGCAAATATATTAATCATAATTGTGTCATATTTAGCTGAAAAGTTTATTCCCACGTTCATTCTGCCGGTTTCAGTTGCTTGTTGCGATTCTACATATTTTGTTGACAGTTCAAAAGGTACGCCTATCGAAAATCCGTAAAATTGAAGAATGGGTGCCAGTTTGAAAGAATAAGTTGAGAATTGGAAATCGTATCCACCCTGAGTATTAACAGATAATATTCCATTCGCATCAATTGGTATCTTAAAACCTATCTCACTATACGGAAAACCCAGTGTGTAATATAGTAGTCCATGTGTGCCTGAGAGCCCAAACCCATACTTTGTGTTAAAGTAAAACTCTTGAGCGAGCATAAATCCAGAAAAGGTAAGCAATATTAAGAAAATGGATAAAATCTTCTTCACAAAACCCCCTCCTAAATATCCTAATATCACTTGTACTTAAAAATCCATTAAGATTATATCACAAGGCCCGAAATCGTTCAAAAAACAAAAACCCTGGAGGTGTGAACCCCCAGGGACTATCGCTATTTTTTGTCTATAGAATCCTTTATCTAATAAAAAAGCTTAATATAGCGGGCAATATTAGGTAAATGGAAAAGTATCTTAGATGAGCTGATATCGTAAGTTGCTTTACAACAAGCAGAGCCACAATACCGGCAACAAAAGCTCCACCAAATCCAGAAAATGTAGCTGCATTCAAAACAACGTCTTTAAGTTCAAACAATCCTGCTGCAAGTGTTATCGGAAGACTTAGAAGGAAAGAAAATTTAAACGCATCTGCCCTGTTAAGACCTACTAATAAGGCACCTACTAATGTAATACCGCTTCTTGAAATACCTGGTAATACTGCTACAGCTTGAAAAAGTCCTATGAGCAGAGCATCCAAAAATGATAGCTCGTTAAGTGATTTCCTTCCAGATGCAGCATCTGAAAACCACAAAAAGGCTGCAGTAATCAAGAAAAATATCCCAATAACCCACTGTGACGAGAAAATATTTTCGATTTTCTTTTCAAAAAACAAGCCTACTAAACCGGCTGGAATGGTAGCAACGATGAGTTTAAAAACTAAGTTCCATATTTCTTTATCAAGCTTGAACATGCCGTAAAGAATACTCCAAACATCTTTCCAGAGAAAAATTAGAACCACTAAGAAAGTTGCGAGGTGCAGAAAGGCAAATAAAGATAAATTAGATTGAAGTCCGAAAAGTTTCGAAAAAAGTCCCAAATGTCCTGAGCTTGACACTGGTAGAAACTCTGTAAGTCCTTGTACAACTCCGAGGAAGAAATCTTTCACCTTTTTCGCTCCTTTCACATTATATAGAGGTATTATTTGTACAGATCAAAAATAATACCGTTAATCTCTCCAACTTTCTCTGCCATTTTTAGTGTATCTTTTTCTGCCTGCATGAGTAGGCTCGTCAGCTGTTCAAGCCTTTCGTCAATTTGCTCAGCAATTATGTGTAATCTCGGCTGAGATAATGAATAGTCATATTTACCAGCTAATTTATACAGGTTCTTCTCTACATATTTTAGAATATTTTTTATGCGTTCTTTGTATTTCTTCAAATTCTCAGGTGTTGGCGAACGGACAAAGTCGTTACCCGCTTCAACAACTTCACTTACCATCTCTTCGATGGTCTTTTTGATTGCCTCGCTCTCAGCTTCTTCGAATATACCAGCAAATGAACTCTTGATCTCAGAGTGCACTGACTCTTTTTTGTGAGATTTTTTACCCTTGATATTCGAACTTTTCAATTTCGGGTCATTTGAAGGTGGTTCTATCCTCACGTTTTAACCTCTCTTCAAATTAATAGTGTTTGTCTTACTTCTCAACTGCCTTTGCAACATTTTCAGCTAATGTTCTGAAAGCCTGTTCAATTTCGCTCTCTCTGTAATAAAGTGTTATTGGTTTACCTTCGTCGAGTAATTCAAG
CP126498.1_gap26	903080	906492	3412	TTGAAGAACATAGAAAATTGGAACAAGGAAAGTATATATGCAGCGTTTAAAAATGTGATGAAAGGTGCAAAGCTTAAAGGTAAAGATTTCTACATGACGCTAAGACTTGTACTCACTGGAAAACACGAAGGTCCTGAGCTAATTGATATATTGGAGATACTCGGCAAAGAAGAAGTGCTTGCAAGGATAGAGCAATTCCTAAGTAAGTGATAAAGAAATAACATTTGGAGCGTGAGTGGAATGAGCCATAAGGTACATATAACGGACACGCTAACAAAGAATAAAGTACCGCTTGAAACAATCGAGCCAGGAATAGTTAAGATGTACGTCTGTGGACCTACCGTGTACAACTACATACACATTGGAAATGCCCGTCCAATGGTTGTTTTTGATGCATTTAGGAGGTTTCTCGAATTTGTTGGTTATAAGGTGATAATGGTTCAGAATTTTACAGACATCGACGACAAGATAATTAACGAGGCTAATGAATGGGGAGTTGACTGGAAAACAGTTGCAGATACATTTATTGCAGAATATTTCCACGATGCGCATTTACTTGGTGTAAGGGCGGCAAACTATCATCCCAGGACAACCGATTTTGTTGAAGATATAGTAGAGGCTGTTAAGAGAATTATTGAAAATGGATACGCATATCCTGTTGAGAATGGTGATGTATATTTTAGCGTTAGGAAATTGCCAGGCTACGGTAAATTATCAGGGAAAAATCCGGACGATTTACGTGCCGGGGCACGTGTGGATATAAGCGATGCAAAGAAAGACCCTCTTGATTTCGTTTTGTGGAAATCGGCCAAGCCCGGCGAGCCAAAGTGGGAAAGTCCATGGTGTGCAGGAAGACCAGGATGGCACATTGAATGTTCAGTAATGTCTCAAAAGCTCCTCGGTGATATGTTCGATATCCATGGTGGCGGTGAGGACTTAATCTTTCCGCACCACGAAGATGAGATAGCACAGGGTGAGGCTTTGACCGGTAAGCCACCTGCAAAATACTGGATGCACAACGGAATGATCATCGTGCGTGGGGACAAGATGAGCAAATCTCTGGGAAATACATTCATGGTTAGAGAAGCCGTTAGAAAATACGGTAAAGATGGCGTCAAAATTTTCCTTCTGTCCAAACACTACAGGTCACCTATGGAATTCTCAGATGAAATCTTGAGCGATAACATGAAAGCCGCAACGAGAGTTCATAATACTTTGAAGAGGTTTACAGAAAAATACAAGTACCCGTTGGTTCCAAAAGAAGATACTGAAATGAAAGAATACATAGACAAGTTTGTTGAAGCCCTCTCTGACGACTTTAATACACCAATAGCACTTTCGATAATCTTCGACGTGTCAAAAGAATTGAACAAAGCTATGGACAGTGGAGATGATCAGAGGGCCCTTAAAATGTATCACTTGATTAAGCGTGTTTTCGGACCTGTATTGGGGATATTTGACGCAGAAATTGTCACAACTGAGATTTCATCAGACATAGTCGACAATGTAATTCAAAAGGTTATAGATCTGAGAACTGAATTCAGAAAACAAAAGCAATACGATTTAGCCGACAAGGTGAGAAATACACTGTTAGAAGCAGGTGTGAAGTTACTCGACACACCAGAAGGAACGAAATATGAGATAGTGGAGGGAGAAAAATGAGATATACGCAGTTTTACGCGCCAACTTTGAAAGAAGCCCCGGCAGATTCCGAAGTTCCAAGCCAAGAATTACTCATCAGAGCTGGGTTCATAAGAAAAATAGCCGCAGGTGTTTACACTTACCTACCACTGGGTAGAAGAGTTCTTTTAAAGATTGAAAACATAGTTAGGGAAGAAATGAACAAAATAGGTGCAAATGAGATTTTGATGCCAATAATTCAACCTGCTGAACTGTGGAAACAATCGGGCAGGTGGGAAGATTACGGTCCTGAGATGATGAAGTTGAAAGACCGCCATGGACGAGATTTTACATTGGGACCAACTCACGAAGAACTCGTCACTTTCCTCGTTCAAAACGAATTGAATAGCTATAGACAGCTTCCAATAACACTTTACCAGATGGCAAATAAATACAGAGATGAAATCCGTCCAAGGTTCGGAGTCCTGCGCGCAAGGGAATTTATAATGAAAGATGGCTACAGTTTCCACGACAGCTGGGAGTCTTTGGATGAGACTTATCAAGCTCATAGAAGAGCTTATTCAAACATCATGGAGCGCATAGGTCTGAAATATGCCGTTGTTGAAGCGTCGTCCGGTGCGATAGGCGGTAGCGAAAGTCACGAATTCGTGGCTTTTGCCGACACAGGGGAAAGCAATATACTCTATTGTGAGTGCGGTTACGCCGGTAATGACGAGAGAGTACCATATGTTGGTGATATCGTGTACGACAATGAAGATGAAAAGACCATTGAAAAAGTCTACACTCCAAACGTAAAAACAGCACAAGATGTTGCTGATTTTCTTGGTGTTCCGGTAAGAAAAATCGTTAAAACGTTAATCTACAAAGGGCGAAATGGCTATTTCATGGCATTAGTACCTGGCGATAGGGAACTAAACGAAGAAAAACTTAAAGCTTTCATTAATGACCAATCATTAACATTTGCAACACCTGACGATATATATAGAGATTTTGGAGTTCCTATCGGATTTTTAGGACCCGTTGGAGTCAAGGGTATAAAGATAATAGCGGATAATCAAGTAAAAGGCATGAAAAACTTTGTTGTTGGTGGAATGGAGAAAGATTACCACTTCGTGAATGTAAACGTTGGGCGAGATTTTGTGCCAAGTGAATGGACAGACTTGGTTGTCACGACAGCAGGTGACCCGTGCCCACATTGTGGAAAGCCCATGAACATGAAAAAGGGTATCGAGCTTGGGCATATATTCAAGCTTGGCACAAAGTATTCAGAAGCTATGGGAACAAAATACATGGATAGAGATGGGCAGCTCAAACCATTCATCATGGGTTGCTATGGTTGGGGTATATCACGAACGATGGGTGCGATCGTTGAACAACTTTACGACGAAAAAGGTATCATATGGCCGCTATCTGTTGCACCGTTTACCGTTGTAATTACACCAGTGAGCAGTAACGAGAATTTGATGAGTTTTGCAGAAAAAGTGTACAAATTCTTGTCAGAAAAAGGCGAAGAGGTTCTCTTCGATGACAGAAATGTCTCTCCTGGCGTAAAATTCAGCGATGCTGATCTAATAGGTATACCATTCAGAATGACTATAGGTAAGGCATTAAATGAGGGCTTCGTAGAAATTAAACGGAGAACTGGGAAACAATTGAGAGTCGAAGCCGACTTGGAGAAAATATACGAGGTCTTACAGAAATCAAAAGAAGAATACAGTCCGCACGAAAGGTATTAGTTTTGAGAGCTCACCACCCTTAGCGTTTCAAGGCT
CP126498.1_gap27	924288	925898	1610	ATACTTAAATCCCCTCTTCTTAATATACTCGGCAAAAAGTTGTATTTGTGTGCTCTTTCCACAAGCATCAATGCCTTCGAAAGCAATAAACATTGGCATTCCTCCTTCTGTTAAGCAAGTTTCAAAAATATTCTATCATATGGTAGAATTAAATTGAATGATTATCAAACATGTTGGGGGTAGAAATATGAGAATAGGAATTGTCGGTGCGGGCGTTGTCGGAAGCCTTATAGCAAGGGAATTATGCCGGTACGATGTTGAGGTTATCATTTTCGAAAAAGCTTCTGATGTAGGAATGGGAGTCACGAAAGCTAATTCAGCCATTGTGCATGCCGGTTATGATGATGAGCCAGGTACTGTTCGCTCCAAGTTCTGTGTTCCAGGAAATGCGATCTATTCGGAACTTTCTAAAGAATTACAATTTGACCTCAAAAGAATAGGTTCCTTGGTGCTTGCTTTCAAAGACGAAGAGCTTAAGACGCTTGAAGAGCTATACAAGCGTGGCGAGCAAAATAATGTACCTGGAATAGAGATTTGGGATAGAGATAAGATACTGGCATATGAACCAAACGTAAATCCGGAAGTTATAGCAGCACTCTGGGCACCTACAGCTGGTATTACCGAACCATGGATGGTTGCAATGGCAGCGGTAGAAAATGCCATTCAGAATGGTGCAAAGCTTTATTTGAATACAGAAATACTTGACATATCTACTGTAGACGGAAAAATAAAGAAAGTGATTACAAACATTGGAGAATTTGAAGTAGACGCTTTGGTCAATGCAGCCGGTATGTATGCGGATGAAATTGCGAAAAAAGCGGGCGCAGAATACGTGCCACTTCATCCACGTAAAGGAGAATACATTCTCTTAGACAAGCAAGAATTCGGAGGTTTTGTAAAAAGTGTACTCTTCCCGACGCCTTCAATTCTCGGAAAAGGTACACTCGTGACCCCAACCGTTGATGGTGGAATATTAGTTGGCCCAACTGCCGTGGATTTGCCACCTGAAAAAGAGTTTAGGGAAGATACCTCAACAACCTTCGAAGGCTTCGAAGCCCTAATGTCAAAAGCTTTGAGAATGACCCCTCTCATCGATTTCAGAGCCTCGATAAAAACGTTTGCTGGTTTAAGGCCAGAAAGTCCGCAAAAGGACTTTTTCATTGGTAGAACGAGCGTTTTCGGATTTTTCAACGTCATGGCTATGCGTTCTCCGGGCTTGACTGCAGCACCAGCTATAGCCAAGTACATTGTTGAGGAAATCCAAGAAGCTATGGGAGAAAATTTCACAACTAAGAAAGACTTTAACCCTTTAAGGGAAAGAATTAAGAAATACGCAGAACTTCCACCTGCTTTGTGGGACGAGGAAATACGGAAAGATCCTCTTGCTGGAAAGATGATATGTTTTTGCAATAAAGTGACTGAAAAAGAAATTCTTGAAGCTATAAAGAAAGGTGCCAAAACAATCGATGGAATAAAGTTCCGTACAAGAGCCATGTTTGGAAGTTGCCAAGGCGGATTTTGCATGCACAGAATAATGAAGATATTAGCGCGTGAATTGAATATAGATATATCAGAAATAAAACTGAGAAGTGAAAAAAGTCAAATTCTCA
CP126498.1_gap28	941919	946360	4441	ATGTTATCCGACCTTCTTGAAATTCAGGAATCACCTCTTTAAGGATCGTACCTTGTGGAAAAACCCTCTTTAGCATATGATTATCAATGTCTCTTCGAATAATAAATTTATAGTGTTCAAAGAACTGCTTGTTAGGTTTCAGCGTCTTTCTTTTCGCTAAATGCCATATAGGAGTTCCTGGAAAGATCATTAACTGACGAAGATTTATCCTCCTAAGCAGATACCCTGAATTTAGGTAGTCCAACAGTTTTCTGTAATTTAACTCGTATGTCTTCTTAGTCTCTCCGAATAGTCCAAAAATAAGGTTAATGCCAGGAAGCAATTTTGGAACGCCAGTGGCATCTCTTACTGCACCGATTTCGTTAACAACTCTGACAGCTGTATCAATATCTTGTACATCTCCGTCTATGTTATTCTTTTTCCTGACTATCGGATCAAAACTTTCAACGCCAAAAGATAAGATATCTCCTGAGGTATTGTACTTCACTATAATTTCAAGGATATCAGCTGACTTGGGCAAATTCTTAGATATGTAAGCTGGATTGGCATTATCGGTATGTAAAACCTTCAAATCGGGGCATTTTTCTCTTATGCCTTTGTAAAGTTCTTCAACGGCCAAGGGGTTTATGTTATTATCGTTAAAGTCGCTACCATAGGCTATTATATTCGCACTTCTGCCAAGCCGGAAAGCTCTCACTCCAGACTTGTAAAGGCTTTCTATTTCATCAATTATATCTTTAACAGGACGTGAGAAGAACTTAGGATGTAACAAGGGTTCTGTGCAAAATGTGCAGTAAGTTCTTCTCTCACAACCCAAAGATACTTCGATTTCAGCTATTATATTTGGGAACCTCGGGTGTTTCTGCACAATTTCTGAACCACTTATTGAGGTAGAGCGTATAGCATCAATATAAGGCTTCTCTAAATACTCTGAAATCCATCTTCCTATATCATCCACTGTCTCTTCAACTTCTATGTTGTTGGAAATATCCTTTGCTAGACTTCCACCTCTGTTTGAGAAAGCTTTGGCCAATGCTCCCATTAAGATTCGGTAAGAGTTCTTGCAGTTGCTAAATATTTTTTGAACTTCAAACGGATTTATAGGTGTTCCACCCACATACTTTCCCGGAACAGTTAGACCACCGACTATAACAACAACATCATAAACAGAAAAAACGTGCCATAGGCTTTTGGCACGTATTTCATCAATTGTGTAATAATCAACCTCATAACCTTTTAGAATGAAAGCTCCTGAAACGTATCTTACATAAGTGCTTACGTAAGGCGGTACTCCAAGAACAGCAGGTTCGTCAACATAACCGTCAATTACCACGCAACGCATTCTTAATCTCCTTCTGCGTTTTTTCAGTTGCTTTTAATATTTTCAAATAGTATGATCCTATTTTGAAATCACCACTTGTTTTGTTTATTTCCATTTCGAGGGGTTTTCCTTCTTTATCATAGCCGGAAATCCTTATATATCCTTTACCTTCTGACACGGAAGCCCATAAAAAGATATTATTCAAGTTATATACTTCCTCTGGTAAATTAGGGTTTTCAACAAGTGTAAATTTTGATAAAATACTTTTCATATCAAACTGCTTTGGGAGTTTGTTTATATACATCGTTGTTGAAACGTCTCCAACTTTCCTAAAAATACGAATTATCTCTCCTGAAACGACGAAAATTTCTAAAGAAAAGGTATCTTCCGAAAATTTATATACGCCATCAACAGAGATATCTAATTTCTTAGACCTGACATACTCGTATGCTATATCCGCGAGATCTCTTATCTGAAAAGTCCGTGTTAAATTGTTGGTGTTTCCTATATAGTATTTGTCTTTCACCCTTACCCATGTAAAACTTTCGGGACTCGTCACGAAAACAACCTTTATATCCCCGCTTTCATAAACCTCTTCACTTCTAAACATAGTGCCGGATTTGGTCGTCTCATAAACCATTCTGACATAATAGCCTTCTGAGAAATTGAAACTCGGCACAAGCAATAAAATTATAAATATAGCGAATACAAAGAATCTTCTTGTATGTCTTATCATCTTTCTGCCTCGCTTTTTGGAATTTCTACCTTTTTACCACCCACCGTCGCTTGCAATTGCAGTATATCTGATTATTTTGAAAACATCATTTTCTTCGTTCTCAACATTAGAGTGCTCTAAGGAAGCATCTTCCGAAGCTGGTATAACGCTTGGATTATCATTTTCCGTAAATAATTTAAAGGTCTCTGCTGCTTTGTGAAACATCAGTGTAAAACTGTTAGTATAGCTTCCAGGCTTAATGTATTCGAAACCAGCGAAAAGTATTGAAATAATTATCAAAATAGCAATACCGTATCTATAAATTAGGCTTCTGACTTTTCTTCGCTTTATCTTCAAAATGATTTTCTCTTCCATAATCGGCCCAGGTTTGTAAGAATACTCGCTTAACACCAATTTCAAATACTTTCTTTCCCCGGAGAATTCTTTTGGATCACTCATTATACTCATTTAAAGACTCCTCCTTAAGTGCCGTCCTTAACTCTTTTTTTATGTAGTGAAGTCTGCTTTTCACGGTTCCTTCAGGTTTATCAATTATTTTTCCTATTTCAGAATATGTTAACCCATCAACCTCTTTCATGTAGAGAATCATTCTATCAGTTGGTGAAAGCCTCTCAATTGCTTTTCTAAGCTTTTCGTAAGAAAATTCATTAGCCACGTTTTCCTGAATATCTTCGTCGGTGCTGTACTGAGTTTGATATTCGTCGCTATCGTTGGTCTCAGACAAATCAATCAAAACATCTCTACCCTTGTACTTTTTATAGTGATCTCTACAAACGTTAATAGCAATTTTGTATATCCAAGTTGAAAGCCTTGACTCGCCCCTGAATTTTTTGATGTTTTTATAAATCTTCAAAAATACCTCTTGAATCACATCGTCTACATCGTCTGACCCCATAAAACTTTTAGCTAAGGCTCCTATCTTTGAAGCATACGTTTTATAGAGGAACCTGTATGCATTTTCATCGCCTTTCCTAAGAGCCTTGATTAATCTATCTTCCGAACACCAATTATTTTGACTAACGTTTTCATCAAATCGTTCATTTTGCGAATTAATATCCATTCTTGAAGAGTTGTTAGAAGATTCCAATCTTTTCGCCCCCTACCTGCTCTCTAAAAGAACGAGCATTCCTTAGAGCTTGTCCTCTGTAACAATTGTTGAAAAACACAAGGGCTTTCTTTACATTTGGTAAAAGTATACTCTTTGAAATCTCATCAAGCTCGTCTTCTGTATAGTAATAATCATATCTTGTTTTTTCATCAGCAGTGAACCAACTTTTCTTACGTCCGTGAAGCCTAACGTATATTTCTTCGTCCTCACTGTTGTAATACGTATTAAATGGGTACAATCCTGAAATCTTCGGTAAGTCGACGATAACAATACTTACGTTTGGTGAATACTCTTTAATAAATTCAACTACATCCTCTTTATAAGACCAACTCAAATGTCGAAATTCTATAAACACCTTTGAGTCTTTAAAGCACTCAGCAATCCTTTTTAGAAAAGTAATATTTTCATCCGAATACTTAAATGTATAGGGAAACTGTGCAAGATAACCAGCAAGTTTGCCTTCATCGAATACTATATGGGTGTTTTTGAGGAAATTGGCAATATTCTCAAGATTGCCTTCATGTGTTATTGAGCCGTGTATCTTTAGCGCAAATTTAAAACCTGTAGGTGCCCTCCTTAAAAGAGAAACTATAGACTTATAAGACGGCATCTGATAGAAAGTATAATTTATCTCAACTGCGTTGAAACCATAGTGCTGACAATAATACGTAAACATCTCCGAACTCTTGATGCTTTCTGGATAAACCGTACCGATCCAATCAGAAAATGAAAAACCACTCGTTCCTATATACCATTTCAAAGTATTTCTTTCATTCACAAAATCCCTTCTTCTCAAACTTCCAAGTTTCAGTAGAATTATCTAACACGCCAAAATTCTGCAAGGTGTGGAGGGATATCTTTGACAAAATCTCTTTCTATCTTATCGTAACTGATATAATTTCCTCTTGATAGAACAGAATGAGTTATATACAGCACATCCTTCGCCCGAGTTATCGCAACATAAAAAAGTCTTTCCTCTTCATCCAGCGAATTATCTTTTAAAGCCAAGAAATGTGGAAAATCTCCCGGATTTACTCCAATAACGAATACCACTTTCCATTCAAGCCCCTTTGCTTGATGTACAGTCGTCAATGTAACTTTTCCACTATCTTCATCATTTTCAATTGTTATGCCCCGTGCATCTGAAACAATTAATTCACTGAGCAAAGCTTCTGTAGTTTCATAAAAACTCGCCATCTCGATGAGCCTTTCTATATCTTCTTCTCTATCTCTAAAGTCTTGGTAATGGACTTCTAAGACATATTTGTAAAAATTC
CP126498.1_gap29	1004169	1008004	3835	ATCCGGGACATAAACAAGCATGGAATAATCCTTTGGCAAGAATTTCAGCGCATCGGCAAAACTCACTGTTAACAGCAGTATGGTTAGTAATAAAAAGCTCAATAGTTTTCTCAAGCTCATAGTTGTTGCACCTCCTGGAATTTTTTAACATAATATAGGTTCAATCTCTATTGTACACCTCATGATATACTTCTTCAAGTTCTTCAAATTTTAACTTTTTGGTAGGTTGGTAGTTAGCAAATTCGCTCTTTCCACCACCTTTTCCACCAAATTTCTCTATTAACTTTGATACAAAATTTCTTACATCGTATTTTTTAGAAGCAATTATGTATTTGCTGTTATCGTAAAATACTAAAATGCTGTCTTCGAAATTTCCAATTTTAGCTAAGAAATTCCCAACTTCTGTGTATCCTTCTAAGTATACCAGACCTTTATTTGACAAATTCTGACTCAAAACAGTTGCGTATTCCTGCGAAATCTTAGAAAGTAGTAAAGCTTGGTCTCTGCTCTGGTTCAAAAGCTTTTCCACACGCAGTTCCAATTCGCCCACTGAAGATGTGAGCATTTTGGAAAGTTTTTTTAAGACGGAATTGTATTTTTGAAAGTATTTCAACGCCCTCTTCCCAGCGACTGCGTAGATCCTTGTGAGATTACCCTTGACTTTCTCAGCATCTATTACTTTTATCAAACCTACCTCGCCAGTATTGTTAAGATGAAATCCACCACACGCAGAAACGTCGAAGTTGTCTATTTTTATAAGCCTAACTTCTCCGGTAACTTTATCGCTTAAGGGTTTTCTCAGGTTGTAATTCTTAGACCCCTCAATGTCCGTTATTATCTCTTCTATTGTATAACAAGATTGTGTAACTCTATTGGCGAGCTCTTCTGCCTCTGAGATGACTTCGCTTTCCAAAAATGGAACGTCGAGATCTATAGTTGAATACTCCTCGCCCATGTGGAAACTGACGGTTTCTATATCCGCAACCTCTAAGAACGCAGCTGAGAGAATATGCTGTCCGGTATGTTGCTGGGCGATATCTTTACGTCGCTTTTGATCGACAATGACTTCATGGATACCTGGTGTGATAGTGCCAGCAATCTGATGGACAATTTCGTTATCTTTTTCAAAAACATGAAAAACATCTACTCCTGCAATCTTCCCCCTGTCACCGAGCTGGCCACCCTTACCGTCTGGATAAAACGGTGATGCATTCGCATATGCATAAAACTTTCCGTCTTTTTCCTCGATTCTTGTAATTTCTACCGTGCTCTCAAAATACCTCTTGTGTATGAGCAACTCAATCACCCCATAATGCCGAGAGTATTATTCTAATTTATTTATGAAATCCACAGTTTTGCCCAATCTCTTTAACGTCTCTTCCTTTCCCAAAACCACTATGCTTTCAAATAAACCAGGTGTTACAAGCTTTCCTAAAAGAGCACCACGAATAGTCTGGAATACTTTGTTTGTACCAAGACTTAATTCTTCTGCAATAACTCTCAAGGTCTTTTCAACGTTTTCAATAGTGTAATTTTCGAGTGCTTCGAATTTTTCAATAGCTAAGCTTAATATAGATCTGGCTTCCGGCTTTTTGACAAATTTCTCAATATAGTCCGATGAGTATTCATATTTATCATCCACAAACGGGAGGACAAATTCGTATAATTGCTTTAAAGTATTTACTTTCTCGCGGCATATGTTAATCACTTCCCTTGGAACATCACTTTTAATTCCAGTAAACTTTTCCCATTCTTCAAAATATGCATAGAGCTCATCGTTAGATAACAACCTCATATGCTTTCCATTTACCCATTCGAGTTTTTGATAATCAAAAACTACGTTCTTATTCGATATCTGATCTGGTGAAAAAGATTCAATTTTCTTTGTATAATCAAAAATTTCCTCGTCGACGCTCCAACCAAGAATTGCCAAGTAGTTAACTAACGCTTTCGGAAGGTATCCTTCTCTTCTAAAATGCTCTACAGCTGTTGCTCCGTGTCTTTTACTTAGTGGTGTTTTATCAGCACCGAGTATCAGCGGAATATGCATGAACCTCGGTGGAGTCCAACCCAAAGCTTCATATATAAGTAGTTGTTTTGGCGTATTCGATATATGGTCTTCACCACGCAATACATGTGTGATGCCCATGAGATAGTCATCGATCACAACAGCGTAGTTGTAGACAGGATAGCCGTTTGACTTAACGATAATGAAGTCTTCCATGTGCTCTGTTGAAAATTCAATCGTACCCTTAAGCATATCGTCAAAAGAAAGAGTTCTGTTTTCTGGTACTTTGAAGACTATTGTATACGGATTATCGGTTTCTGGCTGCTTTTCTGTTTTATACAGTAGTTTCTTTGGGTCGTCTTTGTCGTAAACAGCAAAATACGCATGCCCCACCTCAACGAGCTGGTAGGCATATTTTCTATACAGTTCGAGCCTCTCACTTTGCCTGTAAGGACCATACTCTCCACCAATATCAGGACCTTCGTCCCAATTCAATCCAAGCCATTTCATATCGTTCATTATCATACGTTCGGATTCTCTCGTGGACCTTTCTGTGTCAGTATCTTCTATCCTAAGTATAAACTTCCCGTTATTCTTACGTGCGAAAAGCCAGTTAAATAAGGCTGTTCGAGCACCGCCCACATGTAAGTATCCGGTTGGGCTTGGTGCAAATCGTACTCTTACTTGTCGTTCGTTAGCTACATTAATTTTTTCTGTCATCTCACCTTTTCCTCCCGCTTCTAAGTTTATTTTATACTTTTAATTCATCGTCTCAAAAACACCGCAGGAACATACAATTCTTCTTCAGTGAGCCCACCGTGCATTCCTGCGAGCCTTTCCTCGCCTCCGCTGTACATATATGTGAAGGCATTATTCTTTGTTGCAATCATTATAGCATCACCTATTCTGTTGTACAACTCCGGGTGTGTTCTTCCAGGACCAAAGAGTTCCATCTCGAGCGCTTCTTTATTAGACAAGAAAATTGCTGAATTTGGATAATTCTCGTCAAAGTATAACCTTAACGCATCGTAGGCACTACGCTTCAAAAGGTAGAAATACATCATCCTCATCTCTCCACCGGGTGGAGAAGATAAAAGTCTATTAAATGAATCCGTAGGTTTCAAGAAGTTGTTGCTCGAATTTGGAATTTGAATCATTCCGTGATCAGAAGTGATTACAAAGAGCGAGTCGTGTGGCAGACTTTCAGAGGTAAATCTTTTCAATTCCATAAGTATCCTTGTCATTTCCATATCGTATGCATCGCTATCTGGTCCTTTTTTGTGCCCCAATCCGTCCAAGTGTCCCCAGTAAACGTAGAGAATTCCGCTCCAGTCTTCTAAAAGTTTCTTTCTAAGTGTTGCTAACAAGTCGCCCATGTAGTAATAACCCATTATATGTCCGTTCTTGTGTATTAGGTAAGATAATCCAGAATTGGCAATCGACGCGTGTGTTATAACTCCGCCGTACAATCCCTTTTCCTTTAACTGGTCAAATATGTTATCTATTCGATGGAGTCTTTTTTTCAGAATACTCGAGAATATATTTCCTTCAATTCCAGGATAAGTAAACTCTATCATGTTTGCAAGTCCGCCGATTTCTCTTAGGTAAAGAATATATCCTAACAATCCGTGTTCTTTTGGGGTCTTCCCTGTAAACCAACTTGTAACAGCCGCAGCTGTTGTAGAAGGAAAAACGCTCGATACCTTCAATATACTTTCAAACCCAAGTTTTTCGTTCACTTGGATAAATTTGTTGTATCCCATTCCATCAACAAGAAATATAACTATCTTATTCACTCCATTGAAAAACCCCTCGAAGGAACCTTCG
CP126498.1_gap30	1094431	1099127	4696	CCTTGAATGTAGCTCATATCGTGGCTGAAAGCATTTTGCAAGGCTCTCACTTGTGCCGGTGACAAGGGAATTGGCATAAGTTTTTCTATAACTGTTGATATATTTTCAAATTCCTCTGGTTCATACTCGGTACGTTGAATATCGCTGAAAAAGGAACCGTTCAGCAATTTCTCAAGCACTCTATTCTCAAAGCTCTCATTTTTTCTAACTTCATCGATCAATCGGCTTAAAGATTGATAGGTAGATATTTCATTGGGAACCTGAGCCATGAATAAATATCCTTCGTTTAAGAAGAGAATTTTGCTTGATTTGTAAAGAAAATCCAATCTATCAATCCATTCATGATCTTCAAAATCTTTTGAATGTAAGGTATCATTTTCAGGTAAATTGATTAAACACGTTTTGGAAACATCAAATATGTCTTTGAAATCATTCAGACTGTCTTGTAATAGTTTGAAAGCTTTTTGACCAAATTCTAAGAGCTCGGAAATTCCGCTTATGACTGATAATTTATCCTCTATGTCACTTATAGCTTCAATTTCTTTCTCTAACTCGGGGTCAACATACTCTTCCTCATCATCCGCAACAACTCGTTTTTTGTCAAGTAACTTTGAAATTAGGTCATAGTTGAGTACTGACGATGAAACGTCTATGTATAAAGAAAAACCACTTCCTTTATAAGCTTCAATTTCGCACTCAGCAACTAAAAATGGACCAGCATATTTCCTTTGACCAAATACACCTCCTACACCGAGAAACAACTTCTTATCTGAATATTTTTCCAACGTCGGATAGATTTTGAGGAGTGCTTCATAAAGTCTACTATTCCGCCTGATATCAACAGTATCTTCTGATACCACTTTAAACTCCTGACTGTTAGATATCGGAATCACGTAGCTGCCCATTCCCCTTCTCTTAAGGGCGTTCGTAAAAATCTTAGCAAAATCTGTTTTGGTTCCGATCTTCCTGCTTATGTCACGTAAATAGGCTATGTAATTTATTATAGTCTCATTCTTTGCTTGTTCCATTTCCATCAACCCACTCTGAGAGATCTAATGGTTCGTTTAGAACGTCCCTGAGTCTTTGAATTTCTATCTTTAGCATTTCCGTTTGTGAAATCAAATCGCTCGTTCTAGTATTTAATTCAAGTAACTCTTTTAGAGTTTCTTGGTATTGTTCAAGAATTTGGTTTTGCCTTAATAATTTAGAATCTACTTCTTCTATTCGACTCTTAGTTTCATCCAAGGAATTAATTATTTTGGATATATTCAGTTTTGTTTCATCAAATCGTTTAGAAACGTTTTCTCCGATTTCTTTCAGCTGTCTTTCTATAGTTTCCTTATTTTGTTCGAAAATTTGGTTTAGTCTAATAAGTTTAGAATCAATCTCCCCTATGTGATTCATGGTATCATCTAAGGAGCTACCTATTTCTGATAAGTTTGTTTTTGTTTCATAGAATTGGTTAGAAACAGCTTCCTTGAGCTCCTTCAGTCGCATCTCTATGGCTTGTAACCTTAAGTCCACAGTATTTAGTACTTCACTCCTTTGTTCAATGCGCTGAACAATTTCGAATAATTGCTTTGATGATGAATGAATTTCTAACAACATTTCTCTTGTTTTCCTTATGGCAAAATAAATCACGACGCCATAGGCAATTGCAAGTACTAGAGTAACAACAGAGATAATTACAGAAAACATCATATAACCAACTAGCGAATCAAGAGACATAATATCAATCCCCTTTCAGATACAATACTGTTTCACTTTGCCTGTTTCAGTTTATATCTATATGAATTTTATCACTTTTGACTTGTTAAAGTCAATCACAATTAATTTTATTGAAATCTTTATATTGCTTAGAGATAAAGTTAGATTCTTAACAATAGGTGTATAATAACTCTGAACAAGGTGAATATCCCTATGATTGTCATTGTGAGGTTGTACGAGATGAAGAGAAGTCCATTTCCTGCTATTTTCGTCTTCGTTATTTTGCTGACAACACTTTCATTCCCCCTCGATTTCGTCCTCTTTGGTCACAAAGATGCCGTTTGGGAGCTCCAAACAGACGGTAATTTGATTTATTCAGTAAGCGCAGATGGAACGTTAAAAGTGTGGAGTAAGGAGCTCGTGCTCCTAAACACAGTTACAACTCACAGTAGCTGGGCAAGGTGCGTTGCGCTGAGTGATAAATATATAGCTGTTGGAGGGTATAAGCCAGATAATGAGATTAGGGTGTACGATAAATCGAACCTAAAATTCCTCTATACGTTAAAGGGGCATACAGCTTCTGTTTTTACGCTATCTTTCTACAAGAACTATCTGTTTTCAGGCGGTTCGGACAACAGTATCTTGGTATGGAAAGATTTCAAGCTTTTTAAACGTTTGAAGTACCACGATGCGTGGGTACGCAAGATCGTTGTCTTTGGTGATTTCTTAGTCAGCGGAGATGAGAATGGGCGTGTTGTTTTTTCCAACATAGCTGATTTTTCTTTGGTGAAAATGTTCGAGTTGGGTTCTATGGTTAATGCGATGAGTATTATGGAGAGTTCTCTCATCGTGGGAACAGCAAATGGTACTGTTTATGAGTTTCAGATAGTTGGCAGGGATGTTAAATACAGAAAGGTACTTTCTTTGGATTCACCTGTCGAGGCAATCGATAGTCAAGGTAACTATCTTTATGTTTCACAGTTGGGCAGTGTTTTTTTATTTGAGAAGAAAGCTGGATCTTTTAAGAAGATGCGTAAGATTAATGTTTCGCCATCGGAGGTAAGTACTCTGAAGGTTGTTGGAGCAACGATTTTTGCAGGCAACAGGCAGGGGGAGATATATTCATATTCAATTACGGGTGATTATAAAGCTAAGTCGCCAAGGCATTTCTTCTCTTCAGCCAAGATAATAAAATCCTACAAGAATAATGAACTTATCGTTGCAAGGGAAAATGGAAATGTTGAGAATTATTCCATTCAAACGGGTTTGCTTAAATGGTCATACAATATAGGCACATCTGCACGATTCGTTGCTGAGGCAAAGGATGAAATCGTAGTCGGCTCAGGCTCTGGAAAGCTCTTTTTATTGAAAGGCGGAAAATTGACTGCGTCTATCGTAACTGAAGACGCTTTAATCAGTTACCTAAAGCTCAAAGATAATCTCTTTTACGTAGGCTCACTCGGAAAAGTCTATTTGCTCGAGAAAACAGACAGGTGGAGCATTAAACCTGTCTTAAAACTCGAGGGCGAGTGGATAACGGCTCTATCATACAGTGGCAATGTGATATACATAGGCACAAACGCGGGAAATGTATACACTTTTGATACAAAAAACGGAAAGGCTTCGAGAATTTACAACTATCCAAGTTGTGCTGTTTCTATCTTGATGGTGAATAGCAGTCTTTATGCTTTCTTCTTCGATGGCAAATACGCTATCTTTGACGGCAAGAGCTGGCAGCTCAAGAATTCCGAAATTTCTCCACTCTACAGTGTATATTTATCCGGAAAAGATCTTATTTTGGTAGGGAACGGTATCAAGATTAAAGATAAATCTCTGAGTTTCGAAGCACCTGTTCTCGATGTCGTAAAAGATGAAAAGGCAAGCAATGTTCTGTATGCGGTTCTGTCAAACGGTGTGGTTGTAGAGCTCACTAACGTTATGCCCAGCAGGAAATTTTCAGGCGATATTGGGAAGATATCTACTATATATGCTGATGACATAATCGTATGTGGACATGAAGATGGAAAAGTGAGCGTATGGAAGTACGTCGGCGGGAAGTTAGAATTATCTATGGTACTTGATGACCACGCAGATTCGGTAAAGAAAGTTGTGAGATACAAAGATACAGTTATATCCGCTTCCAACGATAGAACTATAAAGTTTTGGGATTTGAAGACAGGAAAGCTGAAAAGAACGTTGGTTGGGCATACTGGATACGTCTGGAGTTTGTTCGTTGTGGGAGATACGCTCATAAGCGGTGGCTGGGATGGGAAGGTCTTATTTTGGAATTTGAAGGATTATTCTCTGAAAGCAATTTACGACATAAAATTCTCTGCAACTGATATTTGGTCCTATTCAAGCTCAACAGCATACATCTCCACTCTGGAAGGGTACGTTGTGTCAGTTAGCAATAAGGGAATCTCCAGCCTGAAATTGTCACCGCAGACACTTTGGACTATCGAAGGTGTGGCTGATGGAAACGGAAAAGTAAGAATCTATACTGCTGGCTGGGACGGTAGGGTGTTTGTTTTGAACGAGGAACTGAAAGACATAAAAAGCTTTAAAGGGCACAATTCAACTATATTCAAGGTTATCCTTTACGATGGAAAAATAATTACCGCAGGCTCTGATAATCTTCTCAAAGTATGGGATGAGAATTATAATAGCATAGGTACCTATTCCGATTTCAGGCAGTCCGTGTTATCGATTGCGCTTTCAAAATCTCTTGGATTGATAATAACAACTGACGGTAAGAATATTCTGACAACTGATGTAAAATCGATGATAAATTTTTAGAAAATTCAAATGTAGGAGGTTAAGAAAACGTATGGAAAAGACGATAAGTTCAAAGGTGATATTCAGTGGCGTGCTTTTGACTGTACTCAGAGACGAAGTGGTCCTTGAAAATGGAGCGATGAGCACAAGAGAACACGTACTCCACCCGGGTGCAGTTGCTATTGTCCCGGTAACCGATGATGGAAAAGTTATT
CP126498.1_gap31	1248414	1253221	4807	TCGGTGTTCGTGAAAAAGATAAGTCAAAAAGAGAAGAGATTCTTTATAGAATATTGAAAATGCTGAAAATTGAGGAATTAAGAGATAGATATCCGTACCAGCTCAGCGGCGGGCAACAGCAGAGAGTGGCACTCGCACGTGCATTAGCGATGGACCCGTCTATGGTATTGTTAGATGAGCCTTTTAGCAATCTCGATGCGACCCTTCAAGAAAGCATACGACGAGAAATTAAAGATATAATCAAATCAACTGGAAAAACCTGCATCTTTGTCTCTCATGACAAAGAAGACGCTATAGAGCTAGCCGACAAGATTGCAATTATACATAAGGGCGAAATAATCTTCTACGCAGTGAATTCTGTTTTTCGTTCTTCAATTCTAAACCAAGAGATACCTGCTCATCTCGCATAACTCTCTGCCAGCTTTCGAAACATAGCCGTTCTTATGTTTTCTCGAAATACATTTCACCCCTTGACACTTTAAAGAGCATATGATATTATTCTTATCGGCACGTCTTGCCAAAGACGAATAGGTGACCTGGTAGCTCAGCAGGTAGAGCACCTGACTTTTAATCAGGGGGTCGCGGGTTCGAATCCCGCCCGGGTCACCAGAGAGGTGCGAGAGTGGCGGAATTGGCAGACGCGCTGGACTTAGAATCCAGTGGGACTGATAATCCCGTGAGGGTTCAAATCCCTCCTCTCGCACCAGGTAGAAGGTTAACGAGCGGGTGTAGCTCAGCGGTAGAGCACTTGCTTGCCAAGCAAGGGGTCGCGGGTTCGAAACCCGTCACCCGCTCCAGATTTTAGAAATTCCGTGCGAGCGCACAAGCGCTCTTTTTTTATCGAAATTCTTTGAATGTTTTGAACGAAAATCACTTCAAAAAGGCTTCTTGACGAATTTTTCATCTCGTGGTATAATATATAGCGATCGCGATAAAAATCCAAATCTATGCCGAGGTGGCGGAATTGGCAGACGCACATGGTTGAGGGCCATGCGGTCATTGGGACCGTGCGGGTTCAAATCCCGCCCTCGGCACCAAAATAATAGACGCGCCCTATCAAGGGCGTTATTTTTTCAATACATCTGTATCCATTTGTCTTAAACGATTCTTGCTTTAAAATAGTCTAATTATATTGGAAAGAAAGTCATTGACAATTTAATATTGGGGGCGAACGGTTTCGACGGGGGTAAGTCTTCGTTGGAAGCGAGCCGAGGTTGCCTGCTGTCCGCGTTAAAAAACGGCAGGAAAAAGTTAAGTGCCAACGAATACGTTCCTCTCGCTGCCTAATTAACAGGTAGCCGTCCGCTACAGAGTCTGGCCAGTGCTCTGTAGTTGGGCGTGACCCAACTGGCCAGGTAGTTCGGATGCGCCTCACGTCTGAAACTACCTTACTCAGTGAGGCTGGTTAGTTAGTAGCCTGTCTGTGGGCGACTAACTGGCGAGATCCAAATCACAGACTGCGCTCGGAGATGCCAACGTGGATTTACTTTCGGACGCGGGTTCGATTCCCGCCGCCTCCACCAGATAGAAAAGCCCTGAGAAATCAGGGCTTTTTCTTTAATCCGGTGACGTAGTATACCTGTAATCAGTTCGGTTCTATATACTAAGTGAAACAATTGCTTTTTTGTGCTGGTTTACAAAAGTATTAGATGATTTTCTTCTTCATTGATATTCTTTGATCATTTAGTCATGGGGATGCTTTAATGGATGTGACTGTTAGACCTATAAGGTTAGAAGACGTATCTTTCTCAGTGAATTGCGGACTATGGATGGTACAAGGGAGACAACACTCGGTATTAAGAGTGAAATGATAACAAAATCCGAAGAGTATATAAGGGATTTGGGACCAAACGACCATGTGTTTGTGGCAAGGATAACAGAAAACGGAGAAAAGAAAGTAGTTGGATTTATTGGACTTCATGTGAACACAAACCCGAGACAAGGACACTCTGCACGCCTCGGCATTGCAGTTCACAAGGATTACAAGGGTAGAGGAATAGGTAGAGCATTATCAAATGAAATCTTAGACTTGGCAGATAATTGGTCGAGACTACTAAGAATCAAACTTGTGGTTTTTGTTGATAACGAGAGAGCCATAAAACTTTATGAATCCTTAGGATTTCAAATAGAGGGAATAAAGAAATACGCTGCAGTTAAAGAGGGAAAGTATGCGGACATCTATATAATGGCGAGATACAACTTGTGACTCACTAGAATAATTGATAGTTCTTTAATTAATAAGAGTTCTGTTCTCAATAAAAATCATTACATATAGTTCTAAAAGCCCTGATTTCTCAGGGCTTTTGCTTTTTTGTTATATGTCAAAATCGATTGACAACTCGCAAATACAAGGTATACCATTATATAAGCAAGTTTCTTTGAGTATTGAAAAATTACAAATATATCAATAGACCACACGATTGAGGAGGCAGGTATCGTGGGAAGGAAGAAAGTAGATATCAAGAAACTGCTACAGTCTATGACATTAAAAGAAAAAATAGGACAGTTGGTGCAATTAGCACCATTCCTTTTCAAAGATAGTGCTAAAGGTATAGTAACAGGTCCTATGGAATGGCTCGGAATTAAGGATTCTGATGTGTGGAACGCTGGTTCTGTGTTGGGAACAGCGGGAGCTGAAGAAACAATAGAAATACAGAAGATGTACTTAGAAAGAAACCAAAAGAAAATCCCCCTTATGTTCATGGCTGACATCATCCACGGATACAGGACGATATTCCCTATTCCACTGGCGCTTGGCTGTACTTGGGATGAGAAGTTAGTTGAGAAAGCAGCAAGGGTATCTGCGATAGAAGCTTCAGCAGGTGGTGTGCACGTAACGTTCTCACCTATGGTTGACCTCGTCAGAGATCCAAGATGGGGAAGAGTTATGGAGTCGACAGGAGAAGATCCATATTTGAACAGCGTTATGGCACGTGCATTTGTGAGAGGTTACCAAGGAGATGATATTTCAAAAGAAGGAAACATCGCATCCTGTGTAAAGCACTTTGCAGCGTACGGAGCGGTGGAAGGTGGAAGAGAGTACAATACCGTTGATATCTCTGAAAGGATGCTTAGGGAATTTTACCTGCCTGCATATAAGGCAGCTATCGATGAAGGGTGCAAGATGGTTATGACTTCATTCAACACCGTCAACAGCATACCTTCATCAGGCAACAAGTGGCTCTTGAGAGGCATTTTGAGAGGCGAATGGGGATTTGACGGCGTAACTATATCCGACTGGGGTGCGATAAAGGAACTTATTCCTCACGGAGTTGCAGAGGACGAAAAGGAAGCTGCCGAGAAGGCTATAAAAGCTGGCGCTGATATAGACATGATGACAGGATGCTATGCTAAGAATTTGGAGAAGTTAGTCAAAGAAGGGAAAGTAGACGAAAAACTCATCGATGAAGCTGTCTACAGGATACTAAAACTCAAGGAAGAGCTTGGCTTGTTTGAAAATCCATTCAAAGGCGCAGACAAAGAAAAGGAAAAACAAATTGTCTTATGTGATGAACATAGAAGGATTGCACGCGAAGTGGCAGCGGCATCAGTTGTTCTGCTGAAAAACCAAGATGTTTTACCATTTGATAAAAACATCAGAAAATTGGCTATAATAGGTCCTTATTCCGATGAACACGCTATCTTAGGTCCTTGGTCCTGGCAGGGAAAATGGGAAGAATCCGTCTCGTTGAAAGAAGGAATCGCCAACAAGATAGGCGAAAGCAAAGTCTTAGTTGCAAAGGGCTGTGAAATCGAAGGCGAGAGTGATTCGCAGTTCAAGAAATCGCTCAGACAAGCTTTGAAAGCAGCAAACGAAGCCGATATAATAGTCCTCGCACTTGGTGAGCATTATGACATGAGCGGAGAAGCAAGGAGCAGAGCGTTTATAACTTTGCCAGGAAGGCAAGAGGAATTGGCAAGAGAAATTATAAAACTTGGAAAGCCCACAGTTGTTGTACTCTTCAACGGAAGGCCATTAGAGATTAGAGAGCTGTACAACATTGCACCCGCAATCCTCGAAGCATGGTTCCCGGGCACAGAAGGTGGAAATGCAATCGCAGACATATTGTTCGGCGACAAAAACCCTTCAGCCAAGTTAACTATGAGTTTCCCATACACAGTTGGTCAGATACCAGTGTATTACAACCATTTCAATACAGGAAGGCCAAAACCAAGCGAAGATAGCACAGAAAGATTCTGCTCGCACTACATAGACATACCCAACGCACCTTTATTACCTTTCGGATTTGGGCTAAGCTATACGGAATTTAAATACTCAAAGGTTAAGTTAGACAAGAAAGTCTTAACTCAGGACAGTGTAATCAAAGCAAGTGTAAAAGTCAAGAACGTCGGAAGATATCCTGGAGATGAAATAGTCCAACTTTACATAAGGGACATGGTAGCAAGTGTTGTCAGGCCGGTTAAAGAATTGAAAGGGTTTAAAAAGATACATTTGGAAGTAGGAGAAGAAAAGGAAGTCGTGTTTGAGATAAGGGAAGAAATGCTCAGATTCCATAACGAGAATATGGAATATGTATCGGAAAAAGGCAAATTCCAACTCATGATAGGTCCAAATTCAAAAGATGTCCAGACGGTGGAGTTTGAGTTGAGATAATAAAAGTTTTGAAAAAGAAGCCCCGAGGAATCGGGGTTTTTTGGTTTGAAAATGAATATCCGAATTGATTTTATTTACTGTCTTTGAAGATACTCCTTTCCCAGCTTATCAGCTGTAAGAATCGCTGCATAGACCATATCTGGCGTTACCTTGAATGGAATGTTGTGAATAGTTTCTCCTTCTGCACAAGCA
CP126498.1_gap32	1258044	1262017	3973	TAAGAGTTCTAATCTTAATTGGATCAGTTTCTTCTGAGTGTTGTTTTGCCATCTCTGTCATTTTCTCTACCATTTCGTGAAGGTGCGGATAAATCCAGTCGTTCGTACCGTTGAGCCAGACTTCATTGTATCCATTTGCACCCCAACTCGAAGCGGCAGGTGTTAATATCTGAACTTTTTCTATCCAGTCGACAACGTCGCAAGCTCTGACAACACGAAGCTTCTGACTTTTGGCTGCCTCTCGCATGAAATATTCGATAAAAAATGGTCCCTCATACCACCAGTGTCCGAAAAGCTCAGCATCAAATGGTGCCACAATAATTGGTTCCAGACCTTCAAATAAATCTAATAAGTATTCTACTTGTGCTTCCTTCTTTCTAAGGAAGTCCTTTGCGTGGTTCATTGCTGTTTGTTTCGCAATGTCTATGTCATAGTAATCTTTCTTCTCCAGTGGTACATCTTTTGAAGTAATTTTATGGTATTTTATGCCAGTGTTCATCCTTACACCGCTTGGATCAATATAAGGCCTTATATATTCGTACTCTCTGTCGAATCCAATGTCCCTGTAGAATTCTCTGTAATTTGAGTCCCCAGGATAACCAATCTGCGCACTCCACACTTGTTCTGAACTCTCAGGATCTCTCGCAAATGCAAAGACATTATTTGGAGTGATGACCGGTCTGTAAACTCCATATCGTGGTCTTTCGTCAGCATACCAAAGTGCATGCGAATCTACAAAGAAGTATTCAATACCGTATTCTGCGAGATATCTATCCAGCTCTGGGAAATATGCACATTCTGCAAGCCAGATACCGCGCGGCTTAACTCCCATGTGTCTTTCATACGTTTTAACTGCTTGTTCGAGCTGGGCTCTGATGGCTTGTGGGTATTGTTCCATAAATGGTAAATAACCGTGAGTAGCGTTACAGGTTATTACATCGAGATAACCCCTCGCCATGTATTCTTTGAAGCCGTTTAATATATTTCTCTTGTACTGATCTTTGAAAATATGCAAAGTTTCTTGCAAATGTGTAAGGTAGTACTGTGCCATCTTGTGCTTAGTAGGATGTTCATTCTTTGTTCGCTCAACTTCTTTTCTTGCAAGGTCTATCAGCTTTTCAAGATGTTTTTCATATTTCTCCTGGAGATCATGGTTGGCCAACATTTCCATCAATGGTGGAGTAATAGACATTGTTAGTTTTGTAGGTACCTTTTCTTCTTCAAGCTTTTTAAACATCCTAAGTAGCGGGATGTATGTCTCGGTTATAGCTTCAAACAACCAGTGCTCTTCCAAGAAGAACGGATATTCTGGATGGTGAACATATGGCAGGTGAGCATGTAGTACGAACATTATCTGTCCACGTGGCATATTTACATCCCCTTCCCACTAAGTTGAATAAAGCTGATGCTTCCAACACTCGAAATCCGAAAAAGATGTTCCAAACCTTGAACGGAGCCACTAATTCTTTCAACAACAGGTGTTAACATACCGCCTGAAGGCATAACTATCCTTCTTCTCTTTCTCAAATCCATCCATCTTTCCCTCGTTGACTGACTTGGCGAATTAACGGGTGTTTTACATAGGTTGGAGCGTAATATGAACTTGTATTTACCTTCTTGATCATAATAGCCAATTTCGGCAAGGTAATGTGCTCCCGGCATTGGTACGTTTAAGTAATAATTCTTCATATTGTTGATGTCAACATTAATTTCAAATGTCCTGTGTGCGTTTGTTCCGTCGAATTCTATAAACGTCACATCGTAAACTCGTAGTACGACTTTTCTCACTTGATGAGATTTCAAAAATTCCCGGTTCGCTTCAGAAAAATCCCAGTACAAGTGTATCCAGTTCGGATTGACAGGCATAGCGAAGAGCTTATCTTTATTATACGCTTCCGGGACTGTTATATCTTCTTTGACAGGTTTTTCGTGGACTATGGATGATACCTGAGCAGCTGAAGTTGCAGAGGATGGTCTTTGAAAGGTTGAATCTTCAGGTTGGACTGCTTTTACTCTTTCTACATACCTTTCGATAAGCTTGTGTACATCGTTTTTCGTCATTTGTTTTTTGACAGTTAATCCCAGTTCCTTAGCCTTCGCCTTAAGTTCTTGAATCGTTCTTTCCTCACTCAGCCATTTCTCAAGCTCTTGAACAATATTTACCATATCTTCACCCCCCAGCGGACTGTGCGATTTTCCTTGCATCTTGAGAGTATTTTACCACTTTTGTGGTTGTTGTAAATTGTTGTAAGAAAGTGAAAAGGACACATATTTCGAACTAAATGCCAATAAGCGGATTTAGTATGGAAACATTTGTATATTACATTTAATTCACATTAGTTAACATTTCGTATACAGTATAAAAGTTGATAAATCAAAAAAAAATAAGCGCCTTTTCAGGCGCTTTGAATGTTAAAGGAACTTCATTAAATTTCTTACAGTATTCTTTTTAAAAATTCACGTGTTCGTTGTTTCTTTGGGTTTTTTAAGACTTCATCGGGGGTTCCTTCTTCTTCGACAACCCCATCGGATATAAAGATGATTCTATCGGCAACATCCCTCGCAAATCCCATTTCATGCGTGACAACTAACATCGTCATTCCGCTCTTTGCAAGGTCCTTCATGACGTCAAGGACCTCCCCAACAAGCTCTGGGTCGAGTGCAGATGTCGGCTCGTCAAAGAGCATTATTTCAGGGTCCATCATCAATGCTCGAGCTATTGCAACTCTCTGTTTTTGACCACCGGAAAGTTGTTCTGGATAAGCTTCTATTTTGTCTGATAATCCAACCCGCTTCAAAAGCTGTTTAGCTTTCTCGACAGCTTCTTCTCGAGGCATATTCTTTACTTTTGTTGGGGCTAAAATTAGATTGTCGAGTACATTCATGTGTGGGAACAGGTTGAATTGCTGGAAAACCATGCCTATTCTTGTTCTGAGTTTATTTACATCGTAACTGTCGATGTCAACTCCATCAAGGTAAATCTTTCCACCCTGATATTCTTCGAGCTTATTTATACATCTTAAAAGCGTACTCTTACCGCCACCACTTGGTCCTATTATTACTATTGCCTCCTGTTTTCGTACTTCAAGGTTTACTCCCTTGAGTACTTCTAGTTTACCGAATCGCTTTACAAGATTCTCTATCTTAATAATTATTTCGTTCGAATTTTGGGTGTTCTCATGTCCGTTCATGCTGTTGCCATCCTCCTTTCGATGTACCTTACGATCCTTGAAATAACAAACGTCATGAGGAAGTATATGAACGCAATTCCAAAGTATATTGAGAACGTTTGGAACGTTCTTGATATCACAAATTGACCGCTCCTCATCAACTCAGCAACGCCTATAACCGATGCCAATGAACTATCTTTTGTAAGTGTTATGAATTCGTTTCCGAGCGCTGGAAGGATATTACGGAACGCTTGAGGAAGTATTATGAATCTCATCGTTTGCCAGTGTGTTAAACCTAGCGATCTTGCGGCTTCGTATTGTCCTCTTGGAATAGACTGAATTCCTGCTCTCACGATTTCCGCTATATATGCGCCACTATTAAGCCCCAGAGCTGTGATAGCAGCAGGATACGGTGCAAGTTGTATACCCAGTTGAGGTAATCCAAAATATATGATGGATATCTGCACAAGTAAAGGTGTTCCTCTTAAAAATTCTACGTAAGCTGTACATGGATAATTAATTACCTTGATTTTCGACAGTCTTCCCATGCCTATAAAAGTGCCAAGAATTAAACCGATGCCAACTGAAAAAGCCGTTAGCTTTAAAGTCTCCCAAGCTCCTATTAGTAAGAAAGGAAAGTTCTTGAATAGTTCGTTTAATGCTTCCACAAATTTCCCTCCCTATTTATGCTAAATGATACAAAGAAAAACAATAGTGCCCCCTAATGCAAAATAGGGGGCACGCAAAAAAATTATTCAAACCATTTTTGTAGTAATTTTGAATATGTTCCTGAGCCTTTCATT
CP126498.1_gap33	1438988	1439885	897	ATTTCTAACAAGTCTCCAGTACGTTCCGACCATTGCTTTGAACTTTCTTTCGTCGGATTTTCTCTTTGCAACCTCGAGATTTGGTTCAAACCAAACTTCGTTACCTTCAACTTTGATGTTAACAAATGGATGATTTGCGAGTTTCAACTCGCCTTTTGGACCTTTTACCTTTATTTCAGAGTCGGTGATTGTTAACTGAACATTTGCAGGTAGTATAACTGGCTTCTTAGCTATACGAGACATGGACTACACCTCCTTACCAGATGTAGGCAATTACTTCTCCACCGACTCCATGTTCTGCAGCTTCTTTGTCGGTGAGCACGCCTTTTGATGTGGATATAATCGCTATTCCAAGTCCATTCTTAACTCTTGGAAGATTATTTGAACCAACGTATATTCTTCTTCCAGGCTTTGAAACGCGGACTATACCATGAATAACTCTTTCCCTGTTCTTTCTTGAGCCTTTGTACTTGAGCTGTAGTCTGAGAATTCCCTGTTTGCCATCTTCGATATATGTATATCCCTTAATGAATCCTTCTCTTACAAGAATATCAGCAATTGCTTTCTTCAAATTAGACGCAGGGACATCTATCTGATCTTTGAAAACAAGATTCGCATTCCTTATTCTTGTAAGCATGTCAGCTATTGGATCGCTCCACACGGTTAACACCTCCACTATTACCAGCTTGCTTTCCTAACGCCCGGGAGTTTTCCCTCGTTAGCAAGTTTTCTGAAACAAACTCTGCATATTCCAAATTCCTGATAGACTGAATGAACTCTACCGCATATGCTGCATCTTGTATATTCTCTTACCTTGTATTTCTTTGGCCTCTTCCATTTTTCAACCATTGCTTTTCGTGCCATTTAATATTACCTCCTTATTGCTTTTTGAATGGG
CP126498.1_gap34	1525079	1530012	4933	GCCATGATTCGGGACATAGTCAAGATAAACGTTGCGAAAGTCGATAGGATAATCAGCCTGAACGTGGTAAATTTTACTAAAAAACTTACCAAAAGACAAAAGAGATCGCCTCATGTGTGTTGTACTCGTCACAAGCGTTATAGGGACACTGCCTACCAACTCATACGTGTATTTTGCATTTTCGTATGTATTTCGAGCTCTTTCTTCGACTATTATATTTTCTTCTGGAACCCCAAAGCTAACGAGAACATCTCTCATAACCGAAGCTTCTGGTATACCTTTCGTCACAACTCCTCCGGTAACAATTATTCTCCTTGGGTTTTTCAAGTACAACTGATATGCTCTATAAAGGCGCCTGAGTGTATGCTTACCAATTTCTCTTTCACTGTTATATATATCAATTCCGCCACCTAACACTACTATATATCGGCCGTTATCGTCAGTATCGGGAATATACAGAGTTTTGCTAACCAGATACGCAAACCAGTTCGATGAAGCAATATAGAAAACAAAAGACAACGCCAAGAAAATTCGCCAAGCTTTGTTGCGCTTTTTATATAGAATGAAGCTCAAAACCAAGAAAAGTAGAACGATTATTCCGGGAAAAACGACAAATGATGAGATGATTTTTAGCAAAGCAAACATATATTATCCTCCGTTATTCTCCGCTTGCTAATTCTTGCTAATGTGGTTTTTCCAAACCCTAAGTTCCAGAAGTGTTTCTAATGTACTTTTGAAGTGCAACTTCGTCGATAACTATTCTCTCTTTTCTATCATTTTCAATCATTTGTGATCTGATATATCTTTCTTTAAGTTTTTCAAAGCTCCTTCGTTCTGTTCTCTTTTCCAAATACATTTGCAGGGTCTTCTCTTCAAGAAGTCTCAATTCAGATAGTTTCAATCTCAAGTTTCCAATGTGTTCATTGTACATCTTTATTAGGTATATGAAAAAAGCAACTTGCGTGCCGGTTTGAGTACCGGTACGAAGTTGCATTTCTATCTGTTTTTTAGAATTTTCAACGTTATCAATTTCTTCTTCAACTTTTCTAATCTCGGTTCTGATTCTGCTCAGTTCACTCTTCAATGATTCCTCTTCTTTTGCTCTTAAATATAAGAGTTTCTCAAGTCTGAAAGCCAAATTTCAATCCTCCAAAATTGAATTTACTTGCCGGATAAGAAAGCAGACAGAAGCTCGACAAGTATTTGGAGAACTTTCTTGCTTGTTTCTGAAAATCTTTGCCCTTCAAAATTATCGAGTGAGATTATTATAACTTTCTTATCTCCCACTCTCACGCTTCCGACAAGCGGTATAAAGTTTGGAGTTGTGACTCCTGCTCTTTCCCACATTTCCCGTTGCTTGCTTTCAAGATTGAGACGGTAAGCGTCGAGTAACTCAACAACCTTGTTTTCTCCGATATTTGGTCCGTAATTATCATCTGATGCTTTGATTAGGACGTTCTTGACTTCATCATCGTAGTTGTGCACAGCAACGCACTTGTATGTATCCTTTTCCAAAAGCCAAATGGATGCTTTCTGTGTTTCTGGCACAAGCTTCACAAGGTCATCTAAGATTCTTTCAAGGTACTCTTCAAGTGTATTCGATTCGTTCCAGAGACTAATAATTCTAATTATCGAGTCAAACTTCTCTATTATATCTTTGTACATCCTTTGATTTTCTATAACTTTCATAGCTGCAAGCACCTGTGAGGCGAGGAACGAAGATAGTGCCTTTGCAAGGCTTAAATAATGCTCTGGTACATGGACAACAAACTTAAAATTCTCTATCGGGATTACTTGGTAGTTCTGCTTTTCGTGAGTAAATGTCTTTACCTCGTCGATTTGCTTTACCTTTTCAATTAGTTTATAGTCTTCAGAACCTATCAAGTATTCGTTGTCTTTCAAAAGCACAACTGCTGTATGTGGATACTCGGCATGAAATTTCCTCGAAAAAGTCGTGACGAACTTATCCAAATCACCCTCAGCTTCACCAAGCGATTCAAGGATTTTTTGCTCAACGAAGGACAAGAGTTTGTACAAAGTTCTTTCAAGAATTTTTTCCGTAATATCATACATCAATCCTGCAACGCCGTAACCACCGGTTCCCAATCTTATTGGCATTCTTTGGATGTTGTAATGTCTCCCAGCGATCATGAGTTCGTGAGATTGATTTCTTCTATTCTTCATAACCTTCTTATCTATTTCATCTATTTCTTCGACTCCAAGTATTTCCGATTCTTTCTTACCGACAACTTTCTCTTCCGGCAATCCTAAAACGTTTTCAAGTTCCTTATTAATCCACAGATACCTTCCCTTATTGTCTTTTATGAACGCTGGTGTAGGTAGTTTTTCGAAAAATTGCTGCAAAAAGTATAAGTACCTCATGCTGTTACCTCCTCTATCTTCACTTGAATAATTTTTGATATGCCGTCAACCATGGTCACTCCGTGTACTATATCTCCAGCCTCCATTATCAATTTGTTGTGGGTGATTACTATAAATTGTGAGTTCTGCTGTTCGAGTAGTCTTCTGAACTTCTCTGAATTGTAGTCATCGAGAGGTGCGTCTACTTCATCCAAAACGTAGAAAACACCTTTGTTAGATTCAAGCATCGCCATTATTAATGCAATTCCAACAAGTGCTTTCTCACCGCCCGAAAGCAACTGCAATCTCTGAACCTTCTTCCCCATTTTAGATATATTTATCTCTATGCCTGCTTCGAATATATTAACATCATCTGTAAGACGCATGCTACCTGTTCCACCGTAGAAGAGCCCTTCGATATATCCTTTGAATGCCTTGTTGATTTGATTAAATGTCGCTAAGAACTGTTCTCTTGCTTGTATATCAGTTTGCTCTATCAGCTCTTCAAGTTTTTTCTTCGCATCTTCTAAGTCAAGTTTTTGCTTCATTAGTTCGTTATACTCTTCTTCAACCGCTTTGTACTCATCTATTGCTGATAAATCAACCGCACCAAGCATCCTAATTTTGTTTTCTAAATCTCTCATCTGTTCACCGAGTTCGTCGATCTTTTCAGGATCGAGTTCAATCGGCTCTCTGTACTCTTCTGGAATATTAGATATTCTAAACCTTATTTCTTGGAGTCTCAAGTCAGTCTCGTGGATTCGTTCTTTTGTTGTTTCTATCTCTGCCTTTACCTTTCTTATTTCTTCCTCGAGGTATTGCAGCTGTTGCAGTTTCTCTTCCTTTCCGCTCTTCCTCTCTTTTATGCCTGTAAAAATGTCCTGTGCAGTTGCTTTTAGACTTTCGAGCTCTCTCTCGTTTTCAATCAAGAACTGCTTTGTGTTGTTTATCTCTTCTTCGAGCCTTGCAATAATGTTCTTTGCTTCGCTACTTTCTTGAGCTATCTCTTCAAGCCTCTTGTTCGCTCGTTCATTCTCTGCAGTGTACTGTAATTTTCTTTCGTAGAGGTTCTTCACTTCAGCCCTGTACGTTGCGATGCTTTCATTCAACGCTTCAAGCTGTTTCCTACGCTCTTCAAGCTCTTTTGAGAATTCACTAACGCTACTTTGAAGTTCTTTCCGTTTCTCTTCCAGCGATTTTGTTTCTACTTCAAGATTCTCTATTCTCGCGACATTGCCCTCGTACTTTGCATTGTATTCAGCTTCGAGTTTGGTCAACTCAGAAAGTTCATTAGAAACGTCTTTTAGAGCTTTCTGTATTTCCTCGAGAACCCTCCTTGAAGATAAAGATTTGCTCGAAACACTTGCCAGCTCTTCTCTTATAAGGTTTATGTTGTCCTGAATTTGTTTCATCTCGTTGGAAATATCTTCTATATCACTTTCGAGATGAGTCTTTTCTTTTGTCATATTCTCTAATTCTTCCTGCAAAGTTTTAAGCCTGACTTTTCTAGCGATGAGGGAATTTGAGTAATCTTCTTTAGACTTGCCACCGCTCATCGAGCCTCTGCCAGATATTAATTCGCCATCTAAGGTTACGATTCTGGAGCGCAAGTTATATTTTCTCTTTATACTTATGGCCGAGTCTATGTCTTTAACTATTATATCGTTTCCAAACAAATAATATGGAAGGGTCTCGTATCTACGAGAAACATTTACAAGCTTTGCAGCGTATCCGACAAATCCGGGCTCATTTTCAACTCCGGCAATCGGGCTGAAAGAAGTGTCAATGAGGTCGAGGGGTATAAAAGTGGCGCGTCCGTACTCTCCAGCTTTCAAAAATTCAATAATCCTCTTACCGTCTTCGGCTGTTTCAACAACCACATGTTGGACAGCCCCACCTAAGAGTGTTTCGTAAGCTGTCGATAATGACTTTTCGAAGTCTATTAAATTAGTAACAACGTCAATTAGGCCTGCAAAGATATCTTTGTTCTCAAAAATCTTTCTAATAGCAAACCCAAAGCCATGGTACTCCGAAATCTGTTTGTTTACAACCTCTATTTCTGCCTTAATTTCTTTCTCATGTCTTAATATTGCATCGAGAGTTTTCATTTTTCTCTCTTTATCTGAGCTTAATTCTTCCAACTTAGCCTTCGCTATCTCAAGCTCTTTTACCAATTCGTTTTCTTTTTCAGTTATCTCAAGCAAATGATTTTCCAGATCTTTGATTTCTTCTTCCAGCTCAATCTTTCTTGTTTCCTTAGTAGTTCTTTGGTTATGAATCATCTCAAGTCTGTGCGAGATATCTTGGTTGTTTTCTTTTAACCTTATAATCTCGTTGTGTATTTTAGAAAGCGATTTGTCTACTTCCTCATATTCCTGTTTTTTCTTCAGTATCTCTCGTTCTTGTTCTGAGTACTGAGTGTATATCTGCGACTTTTCTGCTTCGAGTTTTTCCAATTCTTCCTCTTTTTTTGCGAGTTCTTCAGATATCTTCGAAACGATTAGCTTTATCTCTTCATATCTATTCTTTATAGATTCCGACTCGTTACTCAGCATGTCGAGCCTTGTAGTTG
CP126498.1_gap35	1531859	1533463	1604	TTCCCTTTCCTATAATTGCCGTGTTCGAGCTTTTGGTGCAACGCTCCAAGAAAGACATATGGGTCAGCCCCGAGGTTCATTAGGCTGTTTGCCAACATCGAGGTTGTTGTAGATTTTCCATCTGTCCCAGTAACAGCGAACCCTTTGTAAGGCTCTAAAATCCTTCTAAAGTGATCTATTCGCATTGTTATTTTAATATTATTTTCAACTGCATGAAGATACTCAGGATTTTCTTTCGATATAGCCGGTGTTACGACTATTTCATCCATGCCTTCGACGTTTGATTCTTCGTGTTTGTCGTACACCTTAATTCCCAAATGTTTCAAATAAACCGTTCTCTCTGAACTGTACGGGTCACTGCCTGATACTGATTTTCCGTTAAAGTGTTCATGCATGGCTTGAGCACTCATTCCAATGCCACCAACGCCTACGAAATGAATTCTGTAAACATCCTTTGATTTTTCAAAATTTTCAAGCTTTTTAGTCGAGTCAAATTTCTCACCCATCTGCTATACCTCCAGGTCATAGTTTTATCTCAATAATATTAAATAATATTACGTTCTGTGAATTTTACAAGTCTAAATCTTTTTCTATCATCTGAACAATTTTCTTCGATGGATTTTCACGTTCTTCAAACTTTCTACCTTTCTCGAGCATTTTCCTCACCAGTCCAACTATCTTCTCAGGTGTGTATTCCCCTTCACGCACCATCGTACCGAGTCCTTCTTTTTCGACAATCTTGGCATTGATTACCTGATGAGATTCGGTTGCACCTTCCCAAGGTACAACAATTGCAGGGACGTTGAAATGAATGAGCTCTGAAATAGTCGTTGCCCCTGCACGTGTTATTGCCAAATCAACACTTCGCCAGTAAGCGTACATGTTTTCAATATAATCTCTCAATTCAACATTCTGCGGAACAACACCATCTAATTTCTTTCCGCCAGTCGATAAAATAAAATTAACGCTCGGTAGTAATCGCGCAACTTCGATCGTTACACGATTTAAGAACTCACTACCACCACTACCACCTATCACTAAAACCGTCGGATGACGAATTTCTGCAACGCCTTCCTTAGTCCAGACCGGATTTCCCGTCACAGCTATCTTGCTCTTTGCACTTTCAGGAAAGTGCTGTACGCTCTCCTCGAAAGCCGCAAAGACTCTTTTAGCAAAATTGGAGATAACCTTATTCGCTCTTCCTGGAATCGTATTTTGCTCTTGCACATATACAGGCAATCCGAGTTTTTTTCCTGAAAGTGCCACTGGATAGCTGACATATCCACCGGAGACGTAGATAAAATCAGGTTTGAATTCTCTGAGTTCTCTTCTTATACGAATTCCGTTTGCTCTCAATTTGAAAAATCTAAACACGTTCTCTGGATGAATTATTGGGCGCCTTAATCCTTTGACAGAGATACTTACTCGTCTGTATTCAGGATGAACCTTAGGAAGCAACCGCTCTTCAATTTTTCCTTCAACACAAAAGTACAAAACTTCTGAATCGTACTTCTTGGCGAGTTCTTCAAGCACCGCGAGATTAGGATAAAGATGACCACCTGTCACGCCACCTGCTACCGCGACTTTCAATTTGCCTCTGCTCA
CP126498.1_gap36	1535966	1540320	4354	GAAGACATAAAATCCAAGTGAATGTATACTGCCAAGCTGGACATAACTCAACTGGAGTGAGTCTATCCCTGCAAACCCCCTTCTGATATTTATGCTCGGTTGATTTATACCCATTTTGCTAAGTGAAAAACCTTCGTAATTGAGTGAAAATGGACCAATTGTACCTTCACCAAAAGGAATACTTGGTAGCGAGAACCAGGTCTTTGAATACTCGGTTTGAATGACTTGGTTTTGTGAGATATAATAAGTCCTCTCAAAACCTGTACTCGGTATTGAATAATTTTCATATCCTAAAGTAAGTGCTACACCATATGTCTGACCAACAAAGGTAAGCAGGTCAAAATAACTTTTGTCCACTGTTCTTTTCGCAGTTATAAATCCAAGTTTATAACTCTCGGTTCGAATATTTTCATCATGCAATCTCAAACCAACAGCCAATTTCGAATCTTCGTAGACCAAAGAAAGGTTCCACAAGTTGAAAGAAACAGAACTATACAAACCACTTACCCATGGTTGCAAACTTTTAATGAATCTCTCTCCGTAAAAAAGTTCGCCATCATCTGAGAAACCAATTGTCGACACCAAGACGAAGAGTACTATAACAATTGTAATCTTAAAACTCGAATGTATAGGAGTTTTTTTCGACACTCTATACGGTTTGAAATCCATACTTTCCCCCCTTAAAAAGCTGAAAATTATCCTCTCAAAAGTTTATTAAGAACATCGTTAACGGTCTTTGGATTTGCCTTCCCTTTCAGTTCTTTCATAACTTGTCCCACAAAGAACCCGAAAAGACCTTCCTTGCCAGCTTTGAACGTTTCCACTTGTTGTGGATAGCTTTCGATCACTTTCTTTGCTACCTCTTCTATCAACGATGAGTCATCAACCTGCTTAAGCCCCTTTTCCTCGACTATTTGCCTTGGCAACTTGCCAGACAATGCAGATTCTTGGAAGACTTCTTTTGCCATATTTCTTGATATTGTTCCGTTTTCTACGAGTTCTATAATTTCTACGAATGTATCACTTGTCACACTAAGTCTTTCTTGTCCGTATTCTCCGTAAAGTCTGAAGAGCTCCGTTAAAAACCAATTAGCTACTTCTTTCGGTTTATTCACTTTTCTCACAACTTCTTCATAGAAGTCGGCTATCTGTTTATCTTCAACAAGAACCCACGCTTCTTTTTCGCTCAGTTTATATTCAATGACAAATCTGTCCAATCTCTGGTCTGGTAATTCTTCCAAGTTATTTTTCACATTCTCTATATAATTTTGAGTTAAAATAATTGGTGGTATATCAGGTTCTGGAAAATATCTATAGTCGTGCGCTTCTTCTTTACTTCGCATACTGACAGTTGTTTTCGTACTAAGATTCCAACCTCTCGTTTCCTTTTCAACTTCCAAACCTTTTTCCATTAAATCTATGATTCTTTCATACTCGTACTGCAACGCCTTTTCAACAAACTTAAAAGAATTCATGTTCTTAACTTCAACTTTATTACTTTGCTTACCTGTGAGAGTGTCAATCACAGAGATATTCGCATCGCATCGCATAGCACCTTTCTCCATATCTCCCGTGCTTACATTTATATACCTCACGATGCTTCTAAGTTTTTCCATAAAAATTCTTGCTTCTTCAGGAGACTCTATGTCAGGTTCTGTAACAATCTCGGCGAGCGGAATACCACATCTATTCATATCCACAAGAGAGTGTTCTGCTTCTGTTATGCTATCACCTGCATGAAATAATTTACCGGCATCTTCTTCCAAGTGTATTCTTCTTATCCTGACTTTCTTGCCATTAACTTCCAAGTATCCATGCTCTGCAAGTGGATAAAAGAACTGTGTTATCTGATATCCTTTTGGTAAATCAGGGTAAAAGTAATTTTTTCGATCAAACCTCGAGTATGTATTTATTTTGCAGTTCAGCGCCAAGCCAAGTTTTGTGCCAAGGAGAAACATCTCCTCCGAAGGTACAGGTAACGCACCAGGTTGACCAGTACAAACTGGACATATCGATGTGTTCGGTTCAAGCTCAAACACATCTGCACTGCAGTCGCAGAACGCTTTTGTCCTTGTGTTAAGCTGTACGTGTATTTCAAGTCCGATTACTGGCTTGTATCTTTTATCCATCACACCTTCCTCCTTCAATTAAAACAGTTGATTAAAACATATCATTTAATATTTCTCTCTATTTCATCGGCTATGCCAAGCACGAGTGCATCAGAGAATCTTGGTCCCATGATCTGAATGCCAACTGGAAGATTCTGCGACTTACCAAAAGGTACGCTGATAGCTGGCAGTCCAGCAAGATTTGCCGGAATTGTGAATATATCCATCAAGTAATACACGAGCGGATCACTGACCGAGCCAACTTCAAACGCGGTTATTGGCGATGTCGGAGTTACTATGAAGTCGTAATTTTCAAATACCTCTGATAACTTTTTTGATATCTTTCTTCTTACTTTCTGTGCCTTTTCGAAATAAGCATCGTAGTAAGCTGAGCTCAAAGTAAACGTTCCGATAAGTATCCTTCTCTTCACTTCTTCACCAAAGCCGTATCCTCTCGTCTTTTCATACATTTCGCGAAGGCCTTCTGCGGAAATTCTATATCCATACTTCACACCATCGAACCTCGACAAATTAGAACTCACTTCAGCAGGAGCGATTATGTAGTACGTTGCGACGGAATACTTTATCTCATCTATATCTACAAGCTCAACTTCATGACCAAGCGACTCAACAAATTTTGCGAATTCATCAACTCTCTGTTTGATACCATCATCAACACCTTCACCGAAGGACTGTTTTGCAATAGCAAATCGTTTCTTTGGCATTTTCTTACCTATGAACTGAGTGAAGTCTATATTGCGCTCCACTGTCGTTGAATCCATTTCATCTTTTCCTGCTATTATATTCATGACTATGGCACTGTCTTCAACATTTTTTGTAATAGGACCTATCTGATCAAGTGACGAAGCGAAAGCAACTAAACCGTACCTTGAAACTAATCCATACGATGGTTTAAATCCGACAACACCACAAAATGCTGCGGGCTGTCTTATAGAACCACCGGTATCACTGCCGAGCGCAACGACAACCTCACCAGATGCAACGGCCGCGGCGGATCCACCACTGCTTCCACCCGCTACCCTGCTCTTATCGTGAGGGTTTCTCGTGGGACCAAAAGCAGAATACTCCGTACTTGCTCCCATTGCAAATTCATCAAGGTTAGTTTTTCCAACAATCGAAAAATTCATTGATTTAAGCTTCTTAACTACAGTCGCGTCGTAAGGAGCGATGTAATCTTTCAAAATCTTTGAAGCGCAAGTCGTTCCAAGACCTTTTACATTTATATTATCTTTTATGCCTATCGGTATGCCGGGTTTGGCGTCTTTATTCACACTTATGAAGGCATTTAGAACACTATCTTCCTTTTCTATAACCTCTAAAGAAGTCTTTACAAGATATTCTCCATAACCTTGCTCAACTAATTTCGAAGCTTCACTTATAGTAATTTTTTCGAATTCTACAGTACCGAACAGCAAATTAAACACCTCCAAAGCAATCCAGAAATTTCGATATTAAAATTAAAGCGCACTCTGGATGAAATTATACCACACATTCAGCAAAATGTACTTATATATGTTAAAATAATAACGGTAATCCAAGACTTAGTAATTGGGAGGTGCAATAATGATTTTTGAAAAGAATAGTTCGAAATATTATTTTCACTACCCATTCCCAGTCGCTATAATCGGTGTTGTTTCGTCAGAAAAGGTGAATTTCATGTCTGCTGCGTGGCACACTCAGATATCCTTTGATCCACCACTGTATGGGGTTCTTATATCTCCAAAAAGATATACAAATCAATTGATTCAAAAGTCGAAAATGTTCTCAGTGAATTTCCTGAAATACAGTGATTACAAAATCGCAGGCTATGTTGGAAGAACTTCGGGAAAGGAAATAGATAAAGCAAAAGTTTTCGAGTTGAAATACTCTCAAGGACAGTTGTTGAACGTCCCTGTGCTTGAGAATGCTATTTCATGCTATGAGTGTAAAGTAGTTGAAGAACGAACATACGGTGACCACATCCTATATGTCGGTGAAATCCTCGGAGTACACTATGATGAAAACTTTTACAAAGACAACCTTTCAAAAGAACTGCTGCTTTATCACGGCAACGACAGATACACATTTGCAGTAACAGACAGCGTAAAATTTGGAAAAGAGGAAGTTTTGGAAGAGTTAAAAAAATCTAATTTTTGAAAAAAGTGATATAATTTTGATATAATTCTATCTAAGACGTGTAGGGGAGGTGGAAAGTATGAAAATTTTCCTTGATACTGCAAACATTG
CP126498.1_gap37	1626806	1630222	3416	TTCTTCTCCATCCGCTGTAATGGAATTAATAAAGGAGTTCATTTCATCACTCAAGAAAACGGGAACGAATTTCCCTTCTTCAGTAATGCCTTCAATCAAATTCATCAACCAGTCTTCAAAGATTTGATAGTCAAATTGGTAATATTTGCTTATCCTTCCTCTCTTGCCTCCCGGTAAAAATATCTTGGCTTCTCCGTTGTTTTGCCGCTTTGCGTATTCATAGGAGTATTTTTCCTCTTTCTGATCAAACCTGAGAGAGAAGAGTACAAAGTATACATCACTTCCTCTGTACTTAGTGTTTTTCTCCGATTTCTGAATAACCCAGTCATAGAAAAGTAGTTGCTCAATTGGAGAGTTCTTAACTTTTGAATATTTGTAGTCTATTATTAAGTAATCGCTACTTCCGCCTGTTTCTTCAACTGTGTGTCTCACATTTTCGTCTTCTGAAAGTACAACTTTCGGCGATATTCTGTCTATCCGGTCTACTCTGACTGTGAATTCATAACCTTCATGGTGAACTACAAATTCCGATTCGAGTTCGGCAATTTCATCAGAAACTAAGTCTACCGTCGTGACTTTAGTGCTGTTCTTTTTGCGAGGTTTTTCATCACTTTCTTCGCTTGATTGCGACATTCCAAGACTCCTGTTACCTAAGGTTATAACCTTTTTGCTCTGCACAAAAAGGTTCATCAAAGTTAAGAGGTTCTCCTTGAATTCTTTGATCTTCAATTCTTTTGGTATAGAATAAGCATATATGCCTTCGTTGTACAGTTTGACATACTCTTCTTCCAGCCATTCGTCTATTTGTTTTTCATCTATTTCAAAAATCGTCTTTTCTTTCGTAAGTTCAAAGAACCTCTTCACAATCCTATGTGCAATAATTCCATCGTTGATGGATTTCTTATTCTCAATAGCCGCGCCAGGTTTGTAAATATTGAGAACCTGCTGGTAGAAAAATTGGAGCGGGCATTTCATGTATGTGTTGATTTTGCTGAAGCTGAATTCTTTCATGTCCACTGGTCCGACGATGAAGTCCGATTCGCTTAACGTTTTTTTCGAATGTTCGTCAGCTTTCAGTCTTTCGATTTCGTAGTCTATTTCTGAATACACGTCCTCAAGGGATGGTACATATTTCTCAGTGCGCCTTTTGTTGGCAAATTCCGATGTGTATTTGGACGGAACGAGCATGTCGCCCGTGTTCGTTGCAAGCGGGACGATGAGCTGTGATATGTCGCTGAACAATAACGACAGTATCAGAGACCTTCTCTCTCGCTCTTCAACGATTTGATATATCCTCGACCTTTCGCTGTTCGTCTTGAACAATAGCGGGTTTATCTTCTCTATAGATGGGTAGTAATCATCCGTGAATTCCAAGAAGAATTTGTATTTCTTGTTCAAGAACCTCGCATTTGAAAGGTCGACTATGTCAACGACGTTCGCCGATTTGAACGTCTCTCTGTAGCCTGAAGAGTTGAGCAGGACTGTGAGAAGTCTGTATATTTTCCTCCAGCTTTCCAAGCTCTTTCTGTCACCCAATTCGACAATTCTCTTCGTGTAGTCCTCAAGTTTGTCGATTATTTCTATGAATTTTGAGAATGCATTAACCTCGTTGCCCAAGCTGTGCGACACAAGCCTGCTGTCTTGAGATTTTTCAAATGCTTTTGAGAAGCTCTTTGAGTATTTCAATATGAACGCGCGATACCATTCGAAGAAGTCTTTCTCCTGAGCACTCTTGAAGATGTCATCGAGGATTTCAAACAGGTCGTTCATTATCCTCTTGAATTCTTCAAGCTGTTCCAATCTCTTGATGGTGTCGTAGTAGACATCCTCTTCTATTTCTATATTTTCTTTCTCAGCCTTTATCTCCTCTATCTCTTCTTCCAGTTTTCTGAAGAATATCTCGTTCCTCTTCTCTTTGTCCTTCAACAGCGACTGTGTCAAGTTCACGGAGAAGTATCCGAACTGTTTGAATAAATCCTCTATCTCGTCCATTGTAAGTTTTCTTTCAGGAATAAGCGGGGATTCAATAATTGCCAAGATGTTTTCGTAGTTCAGGTCGTTGAAATATGTTTCGAGCGGTTGAATCAATATCTGAACGACTTTGCTTTGCGTTAGTGGTATCTTCCCGCTGTATCTGTAAGGCACTTTCGCTTCGTCGAGCTCCTCCATGAGCCTTCTTGCGATGGAAGAAGATGGCGTAACCACGGCTATGTTGTCGGGATTCTCTCCTTCGATGAGTAATCTCTTAATTTGAGACGCAGTATAGTTGTACTGGTAAATTTGGCTTTCGATTGGTACTTCTTCGATCGTTTTCCTATCTTTCAGCTCTCCTAAGCTGACAAAGCGTTTGTGGCAGTAATCTGTCTTCAGTTCAAAGCCGCTCTCTTTGATAAATTCGTAAACCTCGTCGAGCTGTTCGAATGAGAAATCGTGCGGTCTCTGCCAGACGAAGAATAAAACTTCTTCGGCCTTTTCGAACATTTTGATTAAAGATTTTTGCATCAGCGGTGGTATGTCGAAGAATCCGCTCAGAGCGAGTGTTTTCCGCTCAGGTTCAACATGCTCAGCTTCTTCAACGTACCATCTGTATACGCTTATGGGGTCGTATATTTTCCTGCCTTTCAATTTTTCTGCTGATTCCTGCATCTTGCGGATGATTTCGCTGAGTATCTCGGCAAAGGGCGTTTCAGGATTCTGGAGTATTTCGTATATGATAGCGTACGTGCCTTTGAGTTTTTCTTGGTTTTCGTTCAGCTCATCTCCGTAGAGCGTCAGTTCCCATACTTTTTCGAACAAGTCGACGATGTATTCAATTATCGTCGGAGATTTGGAGAGCGTTCGCAATATAATCTCCTTTTGTGAATCGCCTGAGAATTTTTTATCCGCTGCGAGTTTATCGATGACGTCTGTGACGTAGACTGTGTAAAAATCTCTGTCGAAGACTTCCGCATCGTAGTTGTTCAGTTTAAGTATTTCGGTAACATACTGGTTAATGACTCTGAACGCATCCCTGTTTATCGCTTTCCCAACCCTTCTTGCTACGCTGTCAGCCACTTGCCTGACATAGAATCCGGATGGCCCGATGAAGAGAAAATCAAGCGGGTCTCTGAGGTACATCGGAGCGATCTGTTCAGCAATGAATTCGAAGTGGTCTCCATCTATCGGGATAAGATAGGCAACTTTCTTCGTCATATTTTCATCATCTCCTCAAAGCTCTCGATCTTCTCAACAATCTTATCGAAGAACCTTTCATCGGGCGGGTCGATTCTCAGAGCCTGCCCCCTCGGAACGCTGACTAAGTACCCACAGTGGACTTTTCCAATGTCGGAGAGCAAGTACATGTAGAATTTCAGCTGGAATTTGTAGCGTTCAATTGCATCTGAGTTACCGTAAAGGTCTGCGCTTTTGAAATCGAC
CP126498.1_gap38	1638640	1643628	4988	TTCAACAGCTGCCTTTCGCACTTTCCAGTCATCATCTTTCAATTTTTCGATAAGCATGCCAACAGCTCTTTCATCGCCTATCATCCCAAGTGCTTCCGCAGCAGCTATTCGAACATTACTAATTGGATCAACGAGTGCATCAATAAGCGATGGCACAGAAGATGGATCATTCATATTCGCAAGAGCCTTTGCAGCGCTAAGTCTTATCCAAGAATCTTCATCTTTTAAAGCATTAACGAGTATATTCGTAACCCTTTTATCCCATACGTTTCCAAGTGTTTCAACAGCAGCTCTTCTCACACTCGGGTTTTCGTCTTTTAGTGCCTCTTCGAGGTAATCAATCGCTCTCTGATGTCCAATATTCCCAAGAGCTTCAACCACCGCTTTTCGAACTTTCCAATCTTTATCTCCCAGCAATTCGACAAGTGAATCGAATACTTTTGGATTTCCTATTGAATTTAAAGCTTGCACGGCTGCCAATCTTATATCAGCACTCTTGTCCTTCAACAGTTTCTCAATGGCATCTACAGCCTTCGGCGCTCTTATATTCCCAAGTGCCTGAACGGCTTTTAACCGAACGCTCATATCATCATCATCGAGTGCTTCGACTAAAGGAGCAACAACGTTTGAAGTGTTCAAATTGCCGAGGATTTCAACTAACGATTTTCGAACTTCAATATTCTTATCTTTTAGTGCCATGAAGAGTACTTCATTAACAGGTAACCCTGCCTTTAGCGCGTTGAAGATACCTATTTTCGCTTCTACACGCACTACATAATCTTCGTCTCTCAAGAATAAGACAAGCAATCCGACTACGCTGGGATCGTTTATCTTACCAAGAGCTTCTGCTAAGACTTTTCTGACTGTCGGATCCGTATCGGACATAGACTTTGCAAGTGATTCGACGGCCTTCGGATCACCAATGTTACCAAGCGCCTTTATGATAGCTTTTCTTTTATCGGAATCTTTATCCTTGAGAAGTGGAAGCAAGACTTCAATGCCTTTCACTATGCCGAGGATTTCGAAGATAACGGATTCGAATTCGTAGGTAGGCAGATTTTTTGAGCCTGCGGGAGGGATTTCAATAGAAAATCTGAATTTTTGTGCGTTACCTGATACCTTTAATGTTACAGTTCCTTCTATCTTGTTTGGTAACTCCTTCGTTTCTACTATCAGCTCTGCATCAGCGCTTTGAAAATCACCTTCGACAACCTTGAGACTTCCATACGTTTTGAGTATGTTCTTAGCTAATTTAAAATAATTTATGATTGCTTTTCTAAAGAAGCCAAACCGTTTTTCTACAGCACCTTCATTAACGGTAATTTTTACAGACTTAATCTCCTTACCAAGTAACTCTTCGCTCCTTTCTGACATAAACGTCAGCTCCTTTGAGCTTTCTAAATTGTCTATATATTATCGGCGATATAATATTTTAGCACACCTTCCTAGTATTCTACACACCAAATCGTCTAAATGGTGAAAAATTATCTACTTGTATATATGCATATATTGAACTGAGAATGCCACGGTGGTATTATATGTTCGTAAAGAAATTAAGAAGATGTCTAACTTGCGTAGGAGGAATAAAAAAGTGGAACCGATTATAGAATTTAAAAACTTCACGTTTAGGTACCACGTTCAGTCTGAACCGACGCTGTACGATATTAACCTCAAGATATTCCCGGGCGAGAAGGTACTGATACTGGGTCCAAGCGGGAGTGGAAAGAGTACTCTTGTCCACTGCCTCAACGGGCTCATTCCTTTCGCTTACAAAGGTGAAATAACTGGTAGCTTGAAAATCAAAGGTTTTGAAACGCGAGAACTCGATATTTTTAAATTATCGAAAATCGTTGGAACAGTCCTCCAAGATACCGACGCTCAATTCGTAGGACTTACTGTCGGCGAAGATATAGCCTTTGCTTTAGAGAACGATAACGTGCCGCACGAAGAGATGAAAAAAAGAGTCGAAGAAGCAGCGAAGATGGTCGGAATGGAGAAATTTTTGAACCATTCACCGTTTGAAATATCCGGTGGGCAGAAACAAAGAACAACAATTGCAGGTGTGCTTGTTGATAACGTCGATGTACTCTTGTTCGACGAACCGTTGGCAAACCTCGATCCTGCAACTGCTAAGAAAGCTATGGAGATAATAGATGAACTCCATACCAAAACTGGTAAGACAGTAATAATTGTTGAGCATAGATTAGAGGATGTGCTCCACAGGGAAATTGACAGGGTTATCGTACTAAAGGACGGAAGGATAATATTCGACTCAAATCCGCACGAATTGATGGAAAGCGATGTATTGTCAAGCGCTGGATTAAGAGAACCGCTGTACGTATCTGCTTTGAAGTACTCAGGTTTAAAGATTTCTAAAGAAATTAAACCGGGCTACATATCCACTTTAAGCCTTCCAGATAAAGAAAAGGAAAATGTTAGAAAGTGGTTTAACAGCAATTCAAAGGATGTTCAAAAAATGACCGATGAATCAGAGCCTATTCTAAGGGTAGAAAATCTGAACTTTTCTTATGAAAGAGGTAAGCCTGTTCTGAAGAATATAAATCTTGAAATAAAAGACGGAGAGATGATTTCGATAGTTGGAAAGAACGGTGCCGGAAAATCGACATTTGCAAAGGTGCTCTGTGGCTTTGTAAAGGAAGATTCAGGAAAGATCATCTACAAAAACGAGATTTTGAACAATATGACGATAAAAGAGCGAGCTCAGTTCATAGGTTTTGTGATGCAGAATCCTAACCAGATGATAACAAAACCTATCGTGTACGATGAGATAGCGCTCGGGCTGAGGCTCAGAAAAGTTCCGGAGGATGTGATTGAGAGAAAAGTGGACGAAGTTGCCCAAATATGCGGACTTAAGCCGTTTATTAAGTGGCCCATTTCTGCACTCAGCTATGGACAAAAGAAGAGAGTTACAATCGCTTCGATTCTTGCGTTAGATCCGAAGATAATCATTTTGGACGAGCCAACTGCTGGGCAAGATTTCAGCCACTATTCCGAAATTATGGAGTTCCTCGCCGAGCTCAATTCGAACGGGATAACAATCATACTTATAACCCACGACATGCACTTGATAATGGAATACACGCACAGAGCTGTCGTTTTTGCAGATGGTGAAATCGTGGCAAACGATGAACCGTCGAAGATACTTACGAATTTTGAAGTTATCGAAAAGGCGAATTTGAAAGAGACTTCGCTGTACTCTTTAGCAAACATCGTCGGAATAAACGAGACTTCAGAGTTCGTCCAGCACTTCATAGATTACGACAGGACGGTGAGAAAGAGCCATGCAAGAAAAGCTGATAATGTACACATCTGAAGAAACTTTTATACACAGGCTATCTGGATTGACGAAACTCATATCCTTTTTGGTTCTCACCTCGGCAGTTATGTACACGTACGATATTAGAGTAATCGTCGGCATACTGATATTCTCGTTTGCACTGATGAAGGTAGCAAAGATAAAGTTCTCAAAGGTAAAGACAATGTTCTTGTATGTTTTCATCTTCTTGCTCTTGAACGAATTTATAACTTTTCTTTTCGCACCTACTGAAGGAGTTAAGATATTCGGAACGAGCCATGTTCTTTTTGAGCTATCTTCAAGATACGTCGTCACGCTCGAGCAGATATTCTACCAGACAACGAAGTTTCTGAAATACATTTCGGTCATACCGCTCGGTATGATATTCCTTTTCACAACAAACCCGAGCGAGCTTGCTTCATCGCTTAACCGGATAGGCGTTCACTATAAGGTAGCGTACGCATTCGCACTAACTTTGAGGTATTTCCCAGATGTTCAGAGGGTATACACAGATATAAGCCTTTCACAGCAAGCCCGAGGCGTTGACCTATCATATAAAGCGAAGTTCAAGGATAGATTTAAGCATTCTCTCTTGATTTTGATACCTCTCATATTTTCAAGCCTCGAAAGAGTTGAAAAAATAAGCAATGCAATGGATTTGAGAGGTTTTGGAAAGCACAAAAAAAGAACATGGTATACGACGAAGAAATTAAGAAAGGAAGATTACGTAGCCCTCGTCATATCTGGAATGGTATTATTGATTTCGGTACTTATCGGCATGTTCGTAAACCATGGTAGGTTCTATAATCCCTTTATTTAAACTGAAAGGAGTAAATTATGAAACTTCAAAAGTTCCTTCAGTCGAAGGGTTATTCGCGAAGAATGGCTGATAAGCTTGTATTTAATGGTGAAGTCTCTGTAAATGAAAAACAAGTTTTTGAGCCTTGGTACGAGGTTAATTTTGGTGATAAAGTGCAAGTGGAAAATAAGAATTACACGTTCGATGATAGAAATCAAGATTACTCGTACTATGTACTCCACAAGCCTAAAGGATACTCAACAACACTTTCCGACCCAAAACAAAAGCACACAGTAGCAACGCTCTTGCAGGAAAAGAATCTACAGCATTTGAACCATCTCAAGCCAGTTGGAAGGTTGGACAAGGATGTAGAAGGAGTGGTTATATTAACTGATGATGGAGATCTAATAAACATACTCACGAGTGCAAGGTACGGCGTGGAAAAGGTTTACGTTGCCAAAGTGCGAGGAAAGGTTAAGAAAGAAGATTTGGAAAAGTTGAGGAATGGGATTGAAGACAACGGAGACTTCTTAAAGTGTGAAAATGCTGTTGTAATTGAGATGCATAAAGATTATTCGATTGTAAAGGTAACAATGATAAAGGGCAGAAAACATGAAGTCAAAAGATTGTTCTCATCAATTGGTAATCCTGTGGTCAATCTGATACGGATAAGTCATGGACCTGTTGATATCACCCTTGTTCCAAACCCTGGCGATATAGTGGAGATTCGAGCGAATGTTTTAGACAAGCTCTTAGAGATTAAAAAGAAGAATCAAAACAAAGTCCGTTCATGATATAATTCAAAAGTGAACATCAAACATTAGAAGAAGGAGGTTGAGAGTGAGATGAAAAGGATAAACCGCGTTGTTAAGT
CP126498.1_gap39	1656919	1657817	898	TTCTCTTCCTTCTGAGTTCCTTGAAAGGTTCGTAAATCTTGGATTTTCTGGTGGGGAAAGGAAGAAGGGCGAAATTCTCCAAGCAAGGTTCTTAAAACCAAAGCTCTTAATATTGGACGAAATAGATTCTGGACTTGATGTCGATGCGTTGAGAATAGTCGCTTCTCAGATTAACAAGCTAAAAGAAGAGGGAACTTCTCTGCTCATAATAACCCACTACGCGAGGATTCTTAATTACTTAGACGTTGATAAAGTGCACGTTTACGTCGACGGTAAGGTTGCTCTCACGGGCGACAAGTCGTTAGCTTATGAAGTTGAAGAGACTGGCTATGCAATAGTCAACGGCTCTTCGCAAAATGCATAATGAGGGGGCGAAAATATGAGTGACCTCCATGAACTTCTGTACGAATTAAAGAGAAAAGAGAATTTCGAGCTGAAAGTCAATGTACCCGCAGCGTTGAGACTTCCTGCAGGGCTCAACAAGAAGTTGGTGTATGAAATATCCGAGGCTAAAAATGAGCCAAGCTGGATGTTAGAACACAGGCTTAAATCATTCGATATATTCGAAAAGTGGCACGAACCGGACTGGGGCGTTACAAGAGACGAACTCGATCTTTCAAAAATAGTTCCGTACGTTAAACCGAATGCCAATAAGACAACGACGTGGGAGGAAGTTCCTGAAGAAATCAAACAAGCGTTCGATAAACTGGGAATTCCAGAAGCAGAACGCAAGTACTTAGCTGGCGTCGGCGCTCAGTTCGATTCCGAAATGATATACAAGAACATAAAAGAAGAGCTGAAAAAGCTCGGAGTAATATTCATAGATATAGAAACAGCGGTTAAAGAGTATCCTGATCTTCTGAAAGAGTATTTCATGAAGCTTGTTCCACCAACGGAT
CP126498.1_gap40	1705325	1707755	2430	GAGCATTTCAGAGTGCGTGTAGACGTACACATCCGTGCCTTCAACTTGTTTAAGGAGCTCTTCAAGAGCTTTGAGATTATGTCCAGTGACGATTATCGCGTGTCCTTCTTTTGTACCCGTTTCCACTTCTGTCGGCATCGGCTCACCGTACGTTTCAATATGTGCCTTCTTGAGTAGTTGCATGACTTTGAAGTTCATCATACCAGCTCTGAGAGCCAAATTCACAAACTCCTGAGCATCGAAATTCACGTTTGTGAGGGTTGAATAGAGCCCTTCACTGAGGAAAGCTGCAATTTCCTCATCTTTGTAACCGAGTTCTCTTGCATGGTAGTAATACGCAGATATACCTTTGAGTATGTACTCCAAGTTATCTTGCAATCTTGAAACAACAGGATCTTTGCCGCACACACCTGTGATAGTACATGCTTCGCCGTTCATCGCTTGTGAACACTGATAACAGAACATGTTCAACGCCATCTCAAAACACCTCCTAAAATAATACCTTTTAATATTCTTTGATTTCGAATAACCTGAGGTTTCCAAGATAAGTTTAATATAACTTCAAATATAATTCCGTAACCTATGTTACAATTTTAGAGAAATAGTCGTGTCTCAAACGGAGGGAACTTTATGGAAAAATACATAGAAGCTCTTCAAAAGTGCGAGGTATTTGCCGGTGTTGAGAAGAAATGCATAGAAGAACTTATGCGGTATGCGAAAATTCAAAGGTACGATTCGAAAGAGCTGGTGCGTTCAAGGAATGATGAGTGCGATGAGATGTTGTTTTTAGTTGAAGGTGAAGCGTTTGGGCTTTTTACAAATCCAGAGGGCCACGTTTTACAAATTGACCATATGTTCGCCCCGAAATTGCTCGCAGCTGCGGTTATATTCTCAACGGAAGCCAAGTACCCTGTTGATGTCGAAACCGCTCAACCTTCTGTTTTCCTAAGCATCGAAAAGGATAGGTTCGTTTCATACATGATGAAAAACGAGCAACTGCTGAGGAATTACCTTAGATACGTCAGCGATGCTTTTGTCTTCATCACCGATAGGTTTTATGAAATAACAATGAAAAACCTCGTCCAAAAAGTGTGTTCATATCTTGTGAGACTAATGGAAGAGCAGAAAAGTCCTGTTGTTACACTTGATATGACGAAAGAAGAGCTTTCAAGAGAGTTCGGCGCCACACGCCCTGCGCTTTCAAGGGTGTTTGTGGAGCTTGAGAAGCTTGGAATTATTGAGATGGAAGGAAAACGCGTGAAAGTCAACGATATCGACTATGTGCAAGACTATGCTGAATTTGGATAATGGATTATAAAAGTGCATATGGCTGAAAATAAGTGAATTTTTGTACTAATAACGTTCGAATTGCTAATTTTCTTCTGTATGCTCAGTTATTTCAGCTTTGCGAAAGTTTTTCGATAAACTCCGAGGTTGTATAATTGTATTGCCAGAAGAAAAGCTTTTAAACAAAGGAGGCGGTTAAATTGGGGACAGTAACAATGAAAGCTATAATGAAGCAAACAGCAGGACCAGGGCTTGTAATGACAGAAGTTGAAAAGCCAACGGAACTTGGACCAAGAGATGTGCTTGTTAAAATAAGGCGTGCTTCAATATGTGGTACGGATATACATATATACAAATGGGATGAATGGTCGCAGTCTCGAATCATCCCACCACTGATAACCGGACATGAAATGGCTGGTGAAGTTGTAGAGGTAGGTAGTGCGGTAACACAAGTTAAAGTGGGCGATTTAGTTGCGGCGGAGACGCACATTCCTTGCGAGCACTGCTATCAGTGTAAAACGGGAAGAATGCACATCTGTAAGAATTTGAAAATACTTGGCGTGGATACAAACGGTATCTTTGCAGAGTACGCGGTTATACCAGAAACTGTTCTGTGGCGCTTTTCAAAAGAGATACCTCTGGATTTCGCGTCTGTAATGGAGCCGTTTGGTAACGCTATACACACAGCTTCCGTAACAAACCTTCTCGGAAAGACTGTACTCATAACAGGTGCTGGTCCGATAGGCTTAATGGCGATACAAGTTGCTAAAGTTGCAGGAGCAAGTACGGTAATAGTTTCCGAGGTTGATCCGCTTAGAATCCAAATGGCGAGAGAAAATGGAGCAGATGTAGTAATAAATCCTGCGGAGAAGGATCTTGTAAGAGAAGTTTATAAATTGCTTGACGATGGTGTCGATGTATTGCTCGAAATGAGCGGAAATAGAAAAGCATTTGAAGATGGTTTGAAATGCGTGACGATGGGCGGAGAGGTATCCGTTCTTGGTATATTCGGCGGCAAGATCGATATCAATATCGATGCATTGCTAACTATGAGAGGCCTCACAATGTACGGCATAACCGGAAGGCGCATGTTCGAAACTTGGAGAATCGCAGATGAGCTGTTGAGGACAAAGAAAGTTGACC
CP126498.1_gap41	1709017	1712464	3447	TCTCGACTTTGCACTTGAAAAATTTGAAAAGGTTGGGAAGAAATTGGCGGTGATATGATAAAATCAAACCGGGTGGTTCTCACCCGGTTTAATTTTGCACATTAGAGGTGAGGATTATGAAGCTCATCACTTATCCTCCGAACAGTGTTATATATAAAGAAGGCGAGGTTCCGCAATCAATTTACTACATAGTTAACGGCTCCATTAGCACAAAACTCTTTAGAAAAGAAAAACAAATAGAAAGCGGTACAATCGGTGAATGGGGCATTTATAATATCCCGTCAGAAGAGAGCGTTGTTACACTTTCAGAAACTACCCTCTATTCAGTGAATCCAAGTGAAATTCTTTCATCCGAATATTCTGACAGAATATTGAGAAGTATGGTTTCCTCAATAGCCCAGCGATTGTTGGTTATAGATTCAGAGCTTGCAGAATCTCGGGAAATACCAGAATACGTTGGACCCGATAAACTAAGATTTTTCAATAGACTGCACCCGGGGGCTTATAAATTGACTGATAATATCTTTCAAGACATTTTGCAAGCCAAAAGGTTTTATGTGGGTGGTTATTATAGAGAAGCGATGGAGATATTTGCTAAGATGATGGCTCAGGTGACAAATGAAGAGCTCAAAAAGGAGATAATGGTATGGCATACTCTCCTGAGCATGCTAACGGATCCTGAAAGAGCCGAAATACACTTCAAAAGGCTCAATCCAAACGAATACGGCGATTTGCTTTCATATGTGTACCTTGTTAATTTCTTCAAAGGTGGTCAGAAGCAGGAGATACTTGAAATGTACATGAAAGCAGGTCTATTTGTTCCGGCCAACACCATAGTTACGCTCGAAGGTGAGGCAGCGTTGGAAGGATACTTGATACTGAAAGGATACCTGAAGGCTGTAAAACTTTTTGAGGATAAAGAAATACTGCTCTCAATAGTTGGACCTGGAGAATTCGTGGGTGAGGGTGCTTTCTTAGATTCAAAAGTAAGAATGGTCACACTGTACACGCTTTCACCTACCGCATTCATCCCGCTCAATGCCGAGGTTATAAACAAGACGATCACTACAAACCCAGGTTTTATACTGAAGATATGCGAGTCTCAACTGAGAAGGATATCGCAAGTCAAGAGATTACTTGAGATACGGTATCAATCAAATCCAGCTCAAAGAACGATAAGCGCGCTTAAGTACTTTTCTGAACTCTTTGGCAAGACAAAAATAACCGTAAGGGATATAGCGTATCTTGTCGATGTAAATTCCGAGAGAGTAATAGAAGAAGCTAAGCATCTTGGATTCAAAGTATCATTTGATGGAACGATCATTTCGTAGAGGATTAGCTGTTTTGGAGGAAGTGCGATGGTAAAGATATTCAAAAATGCGAAAGTGTTTGCCCCGGAATATTTAGGCGTCAAAGATATCGTATTCGATAAAGAGATTTTGTACGTGGGCGAAAGTATAAATACCGATGTACTGCCTTTCGAAATAGAAATCTATGATGCAAATGGTTTGTATTTGATTCCAGGCTTGATCGATCCTCATGTGCATATAACAGGTGGTGGCGGAGAAGGCGGGTTTGCAACGCGAACGCCTGAATTGGACTTTTCCGAGTGTGTAAAAAATGGTATCACCACAGTGATTGGTTGCCTTGGAACTGATGGGATCACGAGAAGCCTTGAAAACTTGTACGCAAAGGCGAAATCGCTTGAAACTGAAGGGATAAATACCTATATTTATACAGGCTCATATAGAATGCCACCTGTCACTTTCACAGGTTCAGTGATGAAGGATATAGTCCTAATTGATAAAGTTGTTGGCGTTGGTGAAATAGCGATTTCTGATCATAGATCTTCCCAGCCAACGTTTGAAGAAATTGCTCGAGTTGTAGCCGATACGAGAGTTGCGTCGCTCTTGTCTGGAAAGCCCGGAATTGTTAATTTCCATGTAGGAGTCGGGAACGCTGGGATAGATTATCTTTTCAAGCTTATCGATACAACCGAGATCCCAATCCACCACCTGTACCCCACGCACATGAGCCGGAGCAGAACACTTTTTGAACAAGGACTCGAATTTGTCAAAAGAGGAGGAACGATAGATCTAACCGCTTTGCAACCAGAAGAGTTGCCTAATGAAATCGAATCATTTAATACAGTCAACTGCATCGTAGAGATTTATGAGAACAAAATGCTCGATAATGTCACTATCTCGTCAGATGGACAAGGAAGTCTTCCGAGATTTGACAAAGATGGTAGATTCTTAGGGCTATCTGTTGGAAGTGTATCATCTGTTCCCCATACGCTCAAGCGTGTGGTTGAAAAAGGCGTTCCGTTTGAAGATGCACTGAAGATATCAACGACCAACCCCGCGAAAGTTTTTAACATGAAAAAAGGCAAGATATCAAAAGGATATGATGCAGATTTTGTGGTTATTGATTTAGAATCATGGAAAATTAGCACAGTAGTCTCGCGTGGAGAATTCGTTATGAAAGATGGCATTGTGAAGCCCAGAATATTTAAATAGTCTTGTGTGTGGCTTTATAGTTGCCTATAATTGCCAAATTCACATTATGGGCAAGAAAAATATAATAAATCGTTTATAGCTTGCCTATTTTTGATTTTAAGCTCGTTCTTGTTTATTGAAAAAAGATGTATTAATAGTATACTAAAATATGAGATAAAACAAAAATATTAATAGTGGAGGCTAAGTATATGCTGGATCAGTTCGCTTTGTTTTTCCAAAGTACGGGCTTTGCACAGCTTACTATGGGTAATATTTTCATGTTAATTATCGCTGGTGTTCTGGTGTATGTTGCTGTGAAAAAAGATGCTGAACCTCTTCTCTTAATTCCTATTGCTTTCGGTATAATTTTCTCGAATATTCCTTTACTTGCGACTGGTGTTCTGGCTGAACCTCAGGTTTTAGAAAATGGTGGATTAGTTCCAGGTGGTTTTTTGTATTACATAAAGCAAGGACTTGATCTGGGTATATACCCGCCGCTTATATTCTTAGGTATAGGTGCGTTGACGGACTTTTCATTTATGCTTTCCTACCCGATAACTATTTTCCTTGGCGGTGCTGCTCAAATCGGTGTTTATTTAACATTTCTTTTAGCAAGAGCTTTCCATTTTACGTTCCCTGAGGCAGCGGCGATAGGAATAATAGGCGGTGCGGATGGTCCGACGTCGATTTATTTAGCAACTAAGTTTTCACCGGATTTGCTACCTATTATCGCTATCTCTGCTTACTCGTATATCGCATTGATACCTATTTTGCAGCCTCCGATATCTAAATTACTTACAACAAAAGATGAGCGAAAGATAAGGATGAAACCACCGAGAAAAGTTTCAAAAACAGAGAAAATAGTGTTTCCAATCATTACAACTGTTATAACGGCGTTGATAGTTCCGCAATCCTTAGCGCTTGTCGGTCCTTTGATGTTCGGTAATCT
CP126498.1_gap42	1733049	1734610	1561	TCTTTTCCTTCTTCAACTTTGCATCCCCCTTCCATTGTTTCATATTTACAACAAGAGTTAAAGCACTATCTATTAAAAAGGGGGCGCCGAGCCCCCGAATGATATGTAGATGGCAATAAATATAAATCAATCTTCGAGTAATTGAGCTAACTTCTTCTTGAAGTTGTTCAAAGCGTTTTCTGGTGAGACGTTGGACAGCATTACCGACTCTACCATTTCCTTCAAAAGCTGTTCGATTTGAGGATCCTTTTCGTGTAGTGGTATCATGTGAGATTTTTCAAGATCTTCTAAGAAGACTTTTGCATAAGGGAATTTTTTAAATGTTTCCGACTGCATCAAAGATAACTTTGGTTGAATGAGTCCAACCTCTGTTAGATACTCTTCTGGGTGGCTCAGCATATACCAAATCAATTTCCAAGCCATCTCGCGCTCAGGTCTGGAAGCTTGCATGTTCACCATGTAATAATGTCCGTAATAGTTGCACCTGACGTCTTTAACCGCATCTTTCCAAATGGGCCAATTAACCACCATCCATTCTCCGCTGTTGTAGAAATTCGGATTTTCTTCCTTTATTCTAAGTATCTGGTAAAGTCCCGATTCGCACATCGCTATCGTGTTGTTGTCTTTATTAAACTCTTTTCTTGCTGCAGTGTAGGTTGGAGAGCCGAGATTCTTACCGTTTGGTCCCCATTCTTTCATGTAGTTCAAAACTTTAATCCAAGCCTGGTCGTTGATAACAACAGGATTTCCCTTCTTATCGAACAAAGCTCCGCCCAATTGTTCTACCATCGGCAGGAAGAATGTGAGGTAATACGGATACCTGAAGTCGAAGCCTCTTCTCTTTATTATGTTACCATCGCGGATCGTCAGTTTCTCACTTATCCTCATTAAATCTTCCCATGTCTTTGGATAATCCTTTTCAGGATCCAATCCCACTTCTTTGAAGTACTTTTTGTTTATGAACAGTGCCCAGTTTGTAACTTCAAGTGGCAAGCCATAAATCATATTTCCATACGTCACTGCGTCCAATGTTCCCTTAACGTACATGTTCTTAAGTTCAGTATAGCTCTTTACACCTATCGCGTTAAGATCGACCGGAACGACTCGCTTGTTCGTGATGTATGGGTAAGCGTACTGAATTTCGAGGTTGAATATAGTGGGACCTTTACCTGCCGCGAACGCTGTCAAAACGATATCTCTTATCTTGTCGGATGGATAAGTTACTCTCTTCACTTCTACATTTGGATACATCTTCATGAACTCTTTAATGTACTTCTCCTCGATCCTTGTCCTGTTTGGATCCTCATGTGTCCATATCGTGATCTGGATCTTCGCACCGAAAGATATAACTACTGAAATCAACAAAATTGACAATAATAACTTCCTAAACATACGATCACCTCCTATCGGATAAAACAATTTTACTACTTATATTTTTGAAAAAGAAAGAATACAGTTTTGAGAATTTTAGAGTAAATAATCGTTTTTAACAGGAAATAACCCTTCTAAAATATATGCCAATCTTTTTCACCGATATTCACGAGACTTTCGTTAAAGTTGT
CP126498.1_gap43	1736190	1738180	1990	ATAGAATTTTTCATATTTCTCCCAAAACTCGTCGACATTTCCAAAGAACGTCGTTTTTCCATTCTTTAAGACCAATATCTTATCACATACCTCTTCGACCTCATCTTCATCATGCGTCACATAAAAAACAATGCAGCCTTTATCTTTGAATGACTTAACGATATTCTTGACTACGGCTTTGGTTTCCACATCTAAACCTTCTGCCGGTTCATCGAGCAGGACGATCTTGGCATCTTTCAGCAAACTTATAGCCAAAGATAATCTTTGCCTTTGGCCTTTAGATAACCTTGATGGCTTATGGTTCAAAAAATTTTCTATCCCAACTTGTTCTGAGATAGAATATATATCCTTTTCAGATTTGAATATATACTTAAAGTAACTCAGATTATCTTTCAGATTTAGCTCAGATATGAATTGCGAGTTTTCGGAGACGTAAGTAACTAATTTTCGATATTCATTTATGCTTTCTGGAGAACCGAAAACATCGATATTGTTGTAATAGAGCTTCCCTTCTGTTGGTTTAAGAAACGTCCCAAGTATATTTAAAAGCGTACTCTTTCCGCTTCCGTTTTCACCAATCACGGCAACAACTTCGCCTGCCTCTACTCTACCTTCTATTTTATCAAGGGCGAGTTTATTATCAAATTGCTTGCTTATCTTTTCTAAGATTAACACTTAAGACACCTCACTAATATACTCAGCATTGTTGATATACTCATGGCTTTGGCACTTTCAGAATGGGTTTTCCGTAGGTGTCTGAACCTTCTTTATCGTCTAACTTTATAGACTGTAATATGTTGGTTATCCTCCATGGTTCTACATCATCTTGCGTGTACACGATCTTGTATTCTTTTGTGTCTTCTTCATACGTTATTTCAAATCCTTGAGGTTTTGTGGAGATATAACCGTGTGTATAAATATAATCAAGTATATTGCCACTCGCAGGTGGATTCGGTTCAAGTGTTAGCATTTGAAGAACAGCTTGGTTCAACGCGCGAAAATTACCGGCAACATTTGTTGCTTTTGCTTGTTTTAAAGCATTTAAACCTGTTGGAGTTGCCACAGCCATGAGAGCTGCAATTATTGACATAACTATCAAAAGTTCAATAAGTGTAAAACCTCTTTTCACCTTCTCTCCCTTCTTCCGGTTCGCCTGCCAACTGAAATTTCGATTGAAACAGGCGAGTTTAGATTATATATAACTGACTGTAATAACACTTACGCTCTTACTGGTAGGACTATGTAGATGTATCCTTCCACATTCCTCGGGTTTATTTGCAACGGGTTTATGTTGTCAACAAAGTTGAATTCAATTTCCTTTTCACCAATGTGCTTGACAGCCTCGCTCAGAAATTTCGGGTTGAAGTTGACTATCAAATCTTCACCGTCTTTTGTGACTGGTATGTTTTCTATTGCCTCGCCGAAATCTGGACTCTGGCTGGAAAGTTCCATTACATCGTCGGTGATTTTGAGCTGGACCTTTTCGTTTCCACGTTTTGATATGATCATTACGCGCTTGAGTGCTTCTGAAAAGTCGTCACTGTTGAGGACAACACGGGTCTTAAATGCCTTTGGAAGCACTCGCTTGTAATCTGGGAACGTTTCTTCAACGGTTCTAACAACCATTGTTACGTCTCCGGCGTTGAACGACACTATTGAGTGGTCGTACACTATATTGATGGTTGGCTCTGTTGTACTTGAAACGAGCTTTTCGAGCTCCTTTACACTCTTTAGAGCCAGTATGAAATCGAACTCACTATCGATGTCGAGTTTCTGTTCTGCGAGTGCAAGTCTGTAACCATCGCTTGCCACCAGTCTCAAGAATCCGCCGTGTACCTCCCAGTAAACTCCGTTAAGTGCCCTCATTGCGCTTTCGCTTGATGCACAAAAGCTCACTCTTTCGAGCATCTCTTCTAATATGGAAGTATCTATGCTGAATCTAACTCCACCGTTGTCTACTTCTATTATCGGAAATCTTTCAATGTCTGAA
CP126498.1_gap44	1760411	1764781	4370	AGTTCACATCGACGGCTAGGCTCGGCACCTCGATGTCGGCTCATCCCATCCTGGGGCTGAAGCAGGTCCCAAGGGTTAGGCTGTTCGCCTATTAAAGGGGTACGTGAGCTGGGTTCAGACCGTCGTGAGACAGGTCGGTCCCTATCTGCTGCGGGCGCAAGAGGCTTGAGGAGGGTCGCCCTTTGTACGAGAGGACCAGGGTGAGGGAGCCACTGGTGTACCAGCTGTCCTGCCAAGGGCATACGCTGGGTAGCTACGCTCCTGAGCGATAACCGCTGAAAGCATCTAAGCGGGAAGCGCGCTCCAAGATGAGGCCTCTTGGGTCGGTTCGAGAAGAGGACCTTGATAGGCCGGTGGTGGGAGCACAGCGATGTGTGGAGCCAACCGGTACTAATAGACCCGTCCCTTCACCTACACCCTATGCACTTTTGAATGATCCTGGGTGCCGATACTGCGGTGGGAAACACCCAGTTCCATTCCGAACCTGGCCGTTAAGCCACCGCGGGCCGATGGTAGTAAGGGGGCGACCCCTTGCGAGAGTAGGTAGTGCCCAGGCTTCCTATATACCCTCACCGCCGATTCTTATCCGAATCGGCGGTTTTTTGTTTTTAACTGAATTAGCATGAATATATGAACTTACAAAGGAATATCAAAAAAATGAAGTAAAGAAGAATAATAAGTTAAATGGTAGTTAAGTTGTTGAGAGCCGAGAAAAATGTGATAAGATATAGGTGAACTACTTAGCGAAGAGAGGAAAGATATTCTTATCAATTTGTTAGTATATTTAGAAAATAGGGGTGAAGGAGTAGTACGGTAGGTGTGGCGGATGGGTGAAAGAAAGCTGGTAAATTTGGTTAGTGTTAATGATAAAATAAAAATGTACTGAAAGTGGAATATAAGGATGTACAAAATTGTACATTGATATGATATCCTTTCTCATAGTGAGGAGGGATATCAAATGCAGAACTTAACAGCACATTTAAACATGATAAGGGCGATGAAAATGAAACCTAACTTTTCAGAACTTGCAAGAATATATGGGATAGACAGAAGAACAGTAAAAAAGTATTATGAGGGTTATGAAGGAAAACCTAAGAATAGAAATAAACCAAGTAAATTGGACAAATACTATGATGAGATAAAATCAAAGCTTGCTATCAAAGGAGTTACAGTCAAGGGTGTTTATGAGTATTTAAAATCAAAAGATGAGACAATAGGAACATACTCAAATTTCAATAAGTATGTTAAGAAAAAAGGATTAAAGCCAGAGAAGAAAGTAAAAGGTCACCCAAGATTTGAGACAGATCCAGGTGAGCAAGCGCAAGTTGATTGGAAAGAGAATATAAAGCTTGTCTCAAGAAATGGAGAGGAGTTTGTTATTAATGTTCTTGATTTTAAATTAGGTTATTCAAGATATTGCTGCTTTGAGATAAACAGGACAAAAACTCAAGAAGAATTAATAGAAAGTCTAATAAGAATATTCAAAGATATAGGCGGAGTACCTAAAGAGATTTTATTTGACAATGCAGCAGCAGTTGTTGATATAACAGGTGAGAAAATTAAAGTAAATTCAAGATTTAAAAGTTTTGCAAAAGACTTTGGGTTTGAAGTGAAACTGTGCAAACCAAGACATTCGTACACAAAAGGAAAAGTTGAAGCAGCAAACAAGTTTATATATTGGATACTGCCATATCAGGGTGAATTTGAAACAGAAGAGGACTTAGTAAGGATAATAAAAGAGATAAACGCAAAGGTCAATATGCAGCCAAATCAAACAACTCAAGTCCCACCTGCTCTTCTGTTTCAAAAAGAAAAAGAGTATTTACAACCCTTGCCAGACAAAAGGTTAATAGAGAGTTACCTAAATTCCTACAAGTCAGTTAAAGTCCAAAAGGACTCTCTGATTTACTACAAGGGAAGTAAATACTCTGTTCCACCCGAATACATAGGAAAGACAGTCCAAGTAAAGGAGGTGGAAAACAAAATTTATATTTATTATAACACAAACCTGTTAAGGATACATGTTATTGATGAAAAAAGTATCAATTATCACGATGAAGATTACAAACAGCTAATGCTAATGAGAGTTGGTCAAAAAGAAGAGCTTAACAAGATATGTGAGGAGAACCTAAAGAAATTTGATAATCTGTTGAAAAACTAAAGAAAGGAGAAAATCTAAAAATGAGCAACTATGTGAAACTACTTAACAACTTAGAAGAGTTAGGTCTTCACAACATAAAGAATAATCTTGACAAATACTTAGATTTAGTGGCAAGCGGAGAAAAGAGTATGACAGATGCATTGTATGAACTTAGTAACTTAGAGATAAAAGCCAAAGAAGAAAGGGCGATATTAGGATGTGTGAGGGTGGCAAATTTCCCATTTATAAAAGGTATAGAAGATTTTGATTTTTCATTTCAGCCAAGTATAAACAAGCAACAGATAATGGACTTAATGAGTTTGAGATTTTTAGAGGGTAATGAAAATATACTATTTGTCGGAACACCAGGGGTAGGGAAAACGCATCTAGCCACAGCAATAGGTATAGAGTGTGCAAAACGAAGGTATTCAACATATTTTATACATTTTCAAGAGTTAATAGCTCAGCTAAAAAAAGCACTGTTAGAGAACAGATTAGAATACAGGCTTAAACATTTTTCAAAATATAAAGTTTTAATAATAGATGAGATAGGTTATTTGCCAATAGACAATGATGGAGCAAATTTATTTTTCCAGCTGATATCGAGCAGATATGAGAAGAGCAGTACAATAATAACAACTAATGTTGTATTCTCTGAATGGGGAGAGATATTTGGTGGAGCGACGATAGCAAATGCAATTTTGGATAGGCTACTCCATCATTCTTACGTGATTTTCATAAAAGGTCCTTCATACAGATTGCAGTCAAAAACAGTATATTTTAGCAACACAAACCAGCAAAACTAAGTTTATTTTTTGTACATTTTTATTTTCGATTTTTTGTTCATTTTGATATTGACATTTACAGTTAGGATGTTACTCATTTCGTTAATATCTCTAGTCTTGTTTTTGAGCTTGAGCTACACATTCAAAGTCATCAACCTTCCAGAAGGTGAAGTTATTCGCTGGATGGTCCCGTCTAATGAGATTACAAAATATTACCAATTCGAAAAACCCGATAGCAAAGAGTTCGTGGGATACTTTTCTTACGATGGTGTAAGAAATACCGTTGTTTTTCAAAAAGTGATTGCAACAAAGTTAGAAATATTTGTGAATAGAGAACGTGTTGCGGTGTTCGGTGATGGGACGGGTAATTTGTGGCCCAAAGCGCTTGTTGTAAGTGTACCTGAATATTTGTTAAGAGAAAGCGAGAAGAACGAGATTAAAGTGGTTTTGCACGGTATAGTTGGAGCGGGAATAAGCGGAAGTCCTTACTTAGTGGACATGAATACTGCGATTCAGGGAGCACAGTTGATAAACATGTTTAGAAATGATATTGTTTTAGTCGGTATCGGAGCAGCGGGAGTTATTCTATACTTGTTCTTACTGGCATACACCGGTGCTTCAGCAAACGAAAAAAAGTCGTATTTTTATATCTTGATGGCTTCTGTTTTCATGATACTCGGGCTTGTTCAATTTACATACAGAGAGACTTATGGATCTGTAGAGAGTTATTAATCTTTGAAAAACTTGCCCGCACAGCTCCCATGTTTGTTGTTACTTTCCTTCTTTTCCTCATATTTGAAAATTCGGGTTTTTATCTTAAGCCACGTTTCAAAATTGCATTCTTGATCATTCCTTTCTTACTTACAGGCTTAGTGGTTATTTCAACTAACACAAAATACGTGCACTTTTTTGGTTTACTCTCAGATCTATATTCAATGATTTTGGTAATATATATTTCCTTCATCGTTTACGTAAAACGGCTTCTTGAATACGTCTTCCCTGTTTCTTTCCTTTTGCTCACTGGAACTCAGACATTTTACGTACTCGCTACCGGATTACCAAACGAGTTAATGATACCTTATGGAAGGCTCGTATTTTTGATCTCTTTGGCGACTACAACATTGACAAAGTTCAAGCGCATAGCAGCGAGGCATGAGGTTTTGGCGAAGGAAAATGTGTTAGACCATCTCACTGGTGCATTCAACAGGAAGGTAATAGAACAGCTTCCAAAGGGTGGCGTTTTGATTTTGATAGATATAGACGGGTTGAAGAAGATTAACGATACATATGGTCATATCTACGGCGATAAACTGCTTCAGAGATTTTCTGAAATTGTAAAGAAAGATATCAGGCAGGAAGACTATTTCATACGCCTTGGCGGAGATGAGTTCTGTATTGTCTCCAACAGTATTTCTGAAAAAGATGTTGAACACATAATGAATAGG
CP126498.1_gap45	1797005	1801350	4345	GGAAATTTTTAGGAGGATTGTTGAATTTTGATTTCTTAACTTCATTTGATAAAAACTCTTCAACTTCGTATGTGGCAATATTGATGCCGAAAACTTCGCACAAAGTATCTCTATTGATCGGAAAGGGTATTAATTTACCCTCTGCGTAGCTTAGAACTTTGTGTTGATAATAATTGAATTCAGTGAACTTATTGACGAATTCCCAAACTGTCTTATTGTTTGTGTGAAATATGTGTGGACCATAAGTGTGAACCGTTATGCCATTATTATCTTTGTAATCATGGCAGTGACCAGCGATGTGTTTATGCTTTTCGATAACTAAAACCTTTCTACCACTTTCAGCCAAGATTCTTGCTGCTGTTGAGCCAGCTAAACCTGCACCAACTACTACGGCATCAAAAAACATTAAAAAATCACCTCTTCGTATTCTTATTTTACATAATTGACATTCTCAACCTTGAATGATAAAATATATCTTGCCTTACGGCTTTTGGGAGGTCGTCTAATGGCAGGACTGCGGACTCTGGATCCGCCAGTGGAGGTTCGAATCCTCCCCTCCCAGCCAGTTTAAGAAAGCCCCTTTTCGGGGCTTTTTATTTTTATCTCATGTCATCCAACATATCTTTTATTCCACTTGCCACAAAGTTTATTTCGAATTCAAATTGTTCGCCTGTCTCCATGTTCTTTATCATCACAACATTTTTCTCAATTTCGTTCTCACCGATTATTACGCACAATTTTGCGCCCGTTCTTGCTGCGTTCTTTAATTGTGCACCTAATCCTCTTTCCATTATTTCTAAATTCACCGCTATTCCTTCGTCTCTGAGCTGCTGAGCCAATCTAAATGCAACATTTCGCACTTCGCTTCCGCCAAAGTGTGCGATGTATACCTCGTTTATTCTCATATCCTCAACTTCCACATTCTCAGCCTTTATCGCAAGGACTAACCTTTCCATACCCGCGGCAAAACCGAGCGCAGGAACATCTTTTCCTCCGATTTCCTTTATCAACCCATCATACCTTCCGCCACCTGCGATTGCGCTCATCGCACCGAGTTTGTGGTGGTGGACTTCAAATACTGTCCTGTTGTAGTAATCGAGCCCTCTAACAAGCCTCGGGTCCTCGATGTATTTTATCCCAGCAGTGTCAAGCAGTTCTTTCAACTCTTCGTAGTGCTTACGTGCATTTTCGCCTATGTAATCGATAAGCTTTGGAGCATTCTTTGCATACTCTACATCTACCTTACAATCCAAAAGTCTGAGAACATTTCTTTCGTATCTAACTTTACAGTCATCGCACAACTTGTCTAAATGTTGTGAATAATATTCCTTTAGGGCTTCTTTGTACCTTGCCCTGTCTTCAGTATCACCGAGAGTGTTTATATGTATCTCAAAATCTACCAGCCCAATTTCCTTTAAGAACTCATTGACAAATATTATTAACTCAGCATCTGCAAGTGGGGAAGGGCTTCCGAAAATCTCTGCACCAAACTGGTGAAATTGCCTTTGCCTACCAGATTGTGGACGTTCGTACCTAAACATCGGTCCGATGTAGAAATACTTCTGTGGGAAACCGACAGTTATTAACCCATTTTCTACAAAAGCCCTGACAACTGGTGCAGTTCCCTCGGGTCTCAACGTTATACTTCTTCCGCCCTTGTCTTCAAAAGTGTACATTTCTTTCTGAACGATGTCTGTATCTTGCCCAACACTTCTAACAAATAATTTAGTCTCTTCAAAAATCGGTGTTCTAATCTCCGTGAAACCGTACAGCAGCGACAATTTCCTCGCCTTTTCCTCTATCCAGTACCAAAACTTCATCTCCTGCCCGTACAAATCCTCTGTTCCCTTTATTTTTTGGTACACAGTTTTTCCACCTCCGAAATTCGCTTCTTCGCATCATCCTTTGCGCCTTCGTCTACAAATTTCCATTCTGGTCTTATGGGTAACTCCAATACCTTGGTGTAATACTCCAAAGCTTTGCAGTAATCCTTCTTCTTTTCAAAAAGTCTCCCGTACATATAGTAAGTGTACAAATGATTCGGATTATTCTTCAAAGACCTTCCCAAATACTCTTCAGCAAGCGCCAAATTTGGGAATAATGGAACTTCGAGATTTCTAACTCCTGCAAGAAAGAACGGTTCCCATTCGTTAGGTCCGTATTCCATAGCTTTATTCAAATTGTAGTCAATCTTGCCAACTAACGTCAGAGCGAGCAGATTATTTTTCTGAACCCTGTGAGAAAGCACGACGGCTAAGCTATAATACCCTTTCCAGTATTTCGGATTCTCTTTTATTACTCTATCAGCGATATTGTAGGCCTTCTCGGAATATTCATATCCCTTACCGCCCCAGCTGTACAATTCCGTGTAGCCAATAACCACATCGCATATCTCAGATACGCTCAATCTTTCTAAATCTAAGTTTTTGAGAAACTCATCGAGCTCCTTTGCTTGTCTGTTACCTATCATATATTGAATTTTGTAAGAAATTTCACTTTGGGCAAGAACTAAGACATTAAAGAGCACGAAACATACAAACAGAAAACTCAATAATCTTCGCATTTAAACTCCCTTTAACTTATACTCTTCCATTCAGTGCCCATTTCCTAACAGCATATGCCACTCCAGCTTCATCGTTTGATTTTGTTAAAAACCTTGCATATTTCTTTACTTCTTCATGCCCGTTTTCCATAACCACTGGATAACCTACGATTTTCAGAAGTCCTATGTCGTTGAAGCTGTCTCCCAAATACATCGTCTGCTCGTGAGTCACGTTGAAATACCTCAGCAGATATTGAAAAGAAGATTCCTTTGAAGAATTTGGACCAAAGACTTCATAGAACGTTTCATTACCTAATGTGTTGTTTTTCACAACACTCGTTTGGTTCTGAAATCCATCCAACGCTTCCGAAATTGCCTTTACAACAGTTGGCTCGTCACCAACAACTGCAATTTCCGCAATCGAATTCTTTGTTTTTAGATATTTTAACACATCATCGACAACATTCAATCTCCAACTATTTTGCTCCAGATATTTCGAAAACGTACCGCTGTACGGCTCATCGACGTACATATCTTTCTCTTCAAGAAAGTCTCTATAGACTATGTAAAACAAATTATTTCTTCTTGCACTCTCAACAACGCGAATAGCTATCTGTACGTCTAACTCGGACTTGTAAATAACCTTGTCTTCCATCCATTGATAGATGAAAGCCCCGTTTTGAAAAATAACAGGCACATCGAGTCCAAGTTCTTCTATGTAAGGCTTGGCAGAATAAAAATTCCTGCCGGTTGCAACACTTACGTGCAAACCGTTCTCCATCGCTTCACGGAGTGCCAATACATTATCTTTTGGTATATGCTTTTCTTCGTTCAGCAACGTACCATCCAAATCAGTTACTATTAACTTAACCACTAAGAATACCTCCTTATTTATCCCCTTACCCCACGGCTCAGCGGGACACAACAACCTTACCTAAATCTCCGACTATTATCTGTACTCCTTTTGGTTTTCCATCGTTTTCAATGATTTCGACTTTCTTACCTATCAACGAAGAATCAATCCTGTACGAGAAATTCGATATCTTCACTTCGTCCATTAGGATAGAATTCTCTATCTCACAATTCTCAATAAGTGTGTTATTACCGATTGAAGTATAAGGTCCAATGTACGCATTTGAAATCGTGCAGTTATCACCGATAATCACAGGTCCTCTAATTACACTGTTCACTACCTCAGTGTTCTTTCCAATGCTCACTCTTCCCTGCAGTACCGATGTTGCTTCCACAGTACCTTCTATCTTAAACTCTTCAATTACATCGTCGAGGATCTTGTGATTTGCTTCAATCAAATCCTCAGGTTTTCCTGTATCCTTCCACCAACCGTAGATGATATGGCCCTCTACTGTCTCCTTGTTCTGAATCAACCAGTCTATAGCGTCTGTAATTTCCAGCTCATTCCTCCACGATGGCTTTATATTCGCAATTCCCTCGAATATATCCTTTCTGAACAGATACAAACCGATTATCGCAAGATTTGAAGGTGGCTCTTTTGGCTTCTCAACGGTTTTAACAATCTTGCTTCCTTCCATGACAGCGATACCGAACCTTGTTGGGTCCTGAACTGGCGATAACATAATCAGAGCGCTGAGTTCCTTCTTCTCTTCGAATTCTTTGACAAAAGGTCGTATATCATCCATGATGAGGTTGTCGCCAAGATACATCATGAAATCTTCATCGCCGAGGAAATCCTTTGCCATCAGAACGGCATGAGCAAGCCCTTTTGGCTCTGGCTGAAGGATATATGAAAGCTTTACGCCATACTTAGAACCATCGCCAAGCGTT
CP126498.1_gap46	1804039	1806008	1969	GGATGGGACAGCACATGTATGAAGAGCTCGTTGAAAGAAAAATAGACATCTACCTTGTAGAGCCCGGAACATCAATCGACACGATTGTCTCAAAAATGATTTCTGGAGAATTGAAAAAGATAGAGCCGAGGAAATAACGAGGTGAAGGACAACCCCCAGTTTAATAAGCTGGGGGTTGTTTGTTTATCCAAAGTCAAGACCGTTTGTTTGAACAACAATCCCATTCTCTCAGTCAGAATATTGGAAGGTGTGTTGGCTTGAGGAGATGTACACAAGAATGGGGGGAGTATGATGAAAAAAAGTGTCAACTATTCGCATGATATTTGGTTAAGGTGCGATAGCAAGACAGGGTTGTACTATCTGACGACGGAAGTAAGAGGACTGAAGTTCAAGGAATACGGTTATCCAACATTAGAACGATACTTGGTTAAGGTGGGAGGGATGGAAAACCCCAGGGAAACGGAAAGAGTGTACATCAGCGACGCTCTGCTTAAATACTTTGGTTCTGACCTCCCGAAGTGCTTAGACGCAGAACTTATCAAGACAAAGCCCTGGACATATTACCTTGTTCCAAGCAACACTTTCCAAACATTCATTATCTTGCTTGACAAAGGTGGGTTAGTCACTTTTGTCGAAAAACTGCCGAGAAACACTCGAAATTTTGTAATCCTGCCTGCGAGTGAAGTACAGTGGGATTTGGTGGTTCTCACACTGCCAAAGAAAAGAAGAAAAGAAGCAAAAATCACGTATGCAGCCTTTTCAGGATGTTGCGGCACGAGAATGGAAATAATCATAACACCTTAGGGGGAGATTATAAGGCCGGAGTTGCCGCGGATTTAGAGTAGACTCCACCTTTTTATTCCCTTCTCTCTTCACAGTTTATGTTGACTATTGTATATACTGATATTTGTATTAACCGTTAACAAGAAAAACAATTTCCATGGTATAATACAATGTAGCTGAGCGACTCTATGAGGGGTTGAAATTCTAAGATCTAATATGCCACAAACCACAGGAACTATGGTGTTAAAAAGGCTGTTTATTGGCAAATATCTTTGTACATTCCCATAAAATTTCGACACAGTTTGCGGATCCAGTGAAGCGTTCCTAACTATTCTCACAAACTTTCTAAAGGTGTTTAGATTATATATTGCTGCATGATTTCTTCTTTTGAAATTTTAGAACTTTGTGAACCTGTCTTATATTAACTATGAGGGATTTAAAGCCATGACAAGGCCTGATTAGTGGAAGTGGTACTGGGGAAACGGAAAAGTCAGTATAGCACAGAGTTTGAGCTTCCCTACAAGGGATTGAAACAATTGTGAGCGTCGCTATGAGGGTTTGAAACATATGGCTCTTGTTTTTTCCTCATAGTGATATGTTTTGAGCTTCCCTATAAGGGTGTAAAGACCCCCAGCGAAAGCTGGGGGTTATTTATTCACATATTTTTCGTATATCTTCTCTAATCTTTCCTGCAGTTCTTCAATCTTACTGTTATTTTCAACCACTATTCCCTCTTCAACAATATCTTCCTGCCTTTTCAGTATCTCTTCAATTGTCTTTTCGTCGTACCGTCCGCTTAGACGTTCTCTTATCGTTTCAGGACTTGCAACAACTGTTATCGTCAAATCGCAATTCTTAATCCCAAGCCTTCTTTTTATCGCTGCTTCTATGACTATGTCTTTCCCTTTCAGCTCTTCGAGCCTTTTGTCTAATAGTTTCAACATTGTAGGGTGTACTATCTGCTCGAGCTGTCTTAATTTCTCTTCTGATGCAAAGACTATCTTTCCTACTTCTTTTCTGTCGTCAGTTCCGAACGTTTTCTTGATTACTTCTTTGTTTATCTCAAATGCCTTATGACCCAGTTCATCTACGTTTATGTACTCAAACCCTTTACCAACAAAAAACTTTGAGACAGTGCTTTTTCCAGTGGCTATCTTCCCCGTGACACAGATGGTCATAGCAACCT
CP126498.1_gap47	1807516	1810146	2630	GTAATCAAGCCCTCCTGCAACATTCTCAGAGAGGGTGTAAGTCAAATCGAACTTTAACACGTTAAGGCACCTCCGTTTTTTGCTCTCTTAATATTCTAATCTAAATATTACAACGATTGATTGCTAAGTCTGTTTTCTGATTTTTAAAGAATTAATACTTGATAGGTGCAATTATTGGAAGATCCTTAAGCAAATCCCTTGGATTAAGGTATGTGAGCTCAATTAAAAACGCACTTGCAACGACTTGACCTCCAACTTTTTCGACCAATCTCTTAAGTGCCAAAGCAGTACCGCCAGTTGCAAGAACATCGTCGACGATTAGTACTTTTTGCCCGGGTTTTATAGCATCTTCGTGTATATGGAGTTCCGCTTTCCCGTACTCGAGTTCGTATGTATCGCTTATCGTTTTGTATGGGAGTTTTCCAGGTTTTCTCACAGGAACAAATCCCTTGTTTAGAATATATGCAAGTGGAGCGCCTATCATGAATCCTCTTGCTTCTGGACAGACAATAACGTCGAACTCGTATTTCTTTGCTTCTTCAACAATCGTATCGATAGCGTGTTTAAAAGCTGTTGAGTCTTTGAGAAGAGGGGTTATATCTCTGAATATAACTCCTTTTTGTGGGAAGTCTGGAATGTCTCTTATAAATGCCTTTAGGTCCACTTTGAAATGCACCTCCGTTTTGTTTTTTACGCATATATTTTACCACAAAAGTTTAAATATTGAAAATAGTAATGCGGAAAATATACCGCTGTACAGTGGGGCCTGCAACCAAGAGAATAGTACTCTGTTAAATATCCTTTCGTTGCGAATCCTCGTACCTCTGGCATACCCTACGCCGACTATGCTTCCGACTATTGAATGCGAAGCCGATATTGGCAAACCAATAGCGGAGAATAACCACAAAGTTACGGCGGATGCACTGATACTTACCATCGCTGAAAAGTCATCAAGCGCAACAAGCTCTCTTCCAATTGTATAAATACTGCGTTTTCCGAAAAAATAAACTCCAACAGCAAGGGACAGCCCACCGACTAATAATAGCAAATACGGATTAACACCCTGGGAAAGTAGAAGTCCTGTGATTTTTCCGGCATTATTGGCTCCGAAAGAAAATGCACCGTAGAGTGTGAAAGACCATAAGAAAGTTCTCAACACCAATTCTCTGACGCCTAAGTTTTTAATGCCTCTAAAAATTAACGCAAAGATTTTAAAGAACAAATATGCGATTGCAAACGAAGCAACAGGTGTGGCGAACCAGCCCAAGGCTATGAACAAAAGCACTTCTGTATTTACTTCTTTCAATAAGAACCCTACTCCAACACTTGCTCCTACAATTGCCTGCGTCATTGAAATAGGCAAATTAGCTCGCAAGAAAAATAAGGCAACCGCTGCTGAGGAGATGTTTATTATAAGCGCTCCGGCTGTATCTACCTTGACGAGGTTTGATGCAACTTTCAAATTTGGCATACCTTCAATCAAAGAGCCCAAAAGGATGAAAATTATAGAAAAATAAAGGGCTTTTCTCATTTTAAAGATGCCGTTTGCTATCGTTGGACCGAGGAGACTTCCGGCATCGTTGGCGCCAATAATTACAGAAACGACAACAGATGGTAAAAGCAGCAAAAATACCGTAAAGTTCATCTATCCCACCCCTGGAGAAATATTAGCAAGACTGAGAATATAATTATACAACTATTTGCTCATCTTTGGCAATAAAAAAAACAAAGAGGGCACAACTGTACCCTCTTTTCTGGTTTTTGGAGCAGGCGGTGGGACTCGAACCCACACCCTCCTCCTTACCAAGGAGGCGCTCCACCTCTTGAAGCTACGCCTGCACCAAGCGAATCATTTTTGCCGAAAGATATTTTACCAAAACAGGTAATTGAGGTCAAGATGAAAAATTAGAAACTTATTCTTCCTCTTCATCTTCTTCGTCTGTATCGATGAAGAAATCCTCGTCACCCATCATATCTTCCCAAATCTTTACGACATCGTTGAACTCTTCTTCATTTTGCACGGAGTCAAGGAAAACGTTTCCCTCGTCGTCTTCTGACTTGACGAACAAGTATGTATCTCCAAATTCAGAGATTTCTTCATTCTCTACGAAGATTTCTTCACATACCCAGTAAGTTTTTCCTTTGTTTTCGACTTCGCCAAGCAGTACGAAGTGGTGTTCGTTTCCTTCCTCGTCCATAAGCGTGAATGCGTCGATGTGGTCATGGTGTTCATGATCGTGGTCGTGTTCGTGACCGCAATCACATTCGTGATCATCGTGATGATGGTGTTTGTGTTCGTGATCAAACATGTTAATCTCTCCTTCCTCAAAGAAATATACGATTAAATGATACCACACATTCGCTAATTTTGTTTAATTTTGTGTTAAATTTATGTTCTCTTTGCTTTCGGAGTGTTATTCCGAATAAGAGATGAGTTTTCTCATAATCGTGTCAGAAAGTTCGCCCTTTAAACCGGGTGTATTCGACAAATTGACAAGCATCCTGATGAAGGCTTCGAACGAATCTCTCGGCACAACTTTTGAAAGTTTGAACAGATTTTCAACGATCGTTTCGACATTGTTCTTGAGACTTTCGAGTTCTTTGTCATCTACCGTTGTTATGAAATCGAC
CP126498.1_gap48	1811305	1813758	2453	GCGCATGCTGTCTATCTCGAGCTTAGTTGCCTGCCTTCGAACAGCAAGAAATACCGCAATTTCCAATTGAGATGGAGACAAACTTCCGAGATTTCTTCGCTTGGCAACCTTAGAAACAAAATCGGAAAACTGCGGTTTTGTGTAGAATCTATAGTAATCCTCTATTTGTTTCAACTCAACTCCGTACTCTTCGCCGGAATACCTTTCTTGAAGATATTTCAAAACCTCATCAAGTTTTTCTTCAGGCAGTTCGGTAAGTTCAATAAGCAATGTTTTCGATATACCTCGGGAAGCGAATATAATGGCTTCAACAAGAGAAACATATCTTTTCAAATCATCTTGCAGTTGCGACATCTTCTTTCACCACTCTTCTTAAGACCATGTCGTCGTCAATTGTATACCTTTCAAACCTTATCAACTCGAGCACAGCTAAGAACTTAACGATGATTTCATACCTTGAATTGCTATTTCTCAAAATCTCGTACAGGCTTACATTGTCATATATTTCTTCTATCTCAGCCATTATCCTCTCGAGAGAATAGTTCTCTTTTTTAATAACATAAACCTTCTGCTTAACTTCGACTTCTTGAATAGCCGCTTTAACGATCTTAACTAACTTCTTTTCGTCGACCTTCGGGAAAACGTATGGAATCTTTACGGGATACTGATCGGGATTGCTGCTGTTTGCAATGTGTTCCGTTAACTCTTTCAACCTCGCGTATTCCTCAATTCTGCGTATCAACAATTCCCTTTTGTATTCGTACTCTTTCTTTTCCTTTTCGCTCATCGGAAGCAAGCTTTTCGATTTCAGTTCCAAAAGATACGCAGCGGTCGCTATGAACTCCGAAGTTATATTCAAATTAAATTCTTCCATCTGGTTAACATAGTACAAAAACTCATCCGCCAGCTGAGAAATGGACAGCTGACGGATGTCTATTTTCTTTTTTTGAACTAAATAAAGGAGTAGATCCAAAGGACCTTCAAATTGCTCTAACTTAAAATGCAGTTCCATCGCCTAATTAAAAGAAACCCTCTTCCTCCACTATGGATTCGTACGGGATTTCATATACTTCGAGGATGCCTGCAACACTCTCTGCGTCCTTGCTGTCAACCTTAATGGAAACTTGCCTGTTTTCGCCATCTTTGAGAGTGAGTATTGACAAGATGTTAATTTTGTTGTTAGCGAGTACGTCTATGACTCTCTTCAGCTCTCCGGGCTTGTCTTGTAAAGTGAGATTGATCCTTATTCCATGCTCATCCATTGCGGCGATTTCAGTCATCGCTTCGAGAACTTCCTGTATCGAGAGCACGCCGATGACTTCGCTGTTGGAATTCACAACTGGAAGTATCGTTTCCTTGTTTTCGATGAGCATCATCGCCGCTTCTTCGATTGTTGAATCTTCAACGATGTAGAAATCTGGGAAGACAACATAAGAAGCTACCTTTTCATCCATTTCTACTTCTTTAACGACCGACTTGTGGAGCAAACCGTCAAATTTGCCATCCTCGTCGAGAACAATACAGTAATCGCATGAAAACCTTCGCATCTCGTGTAGAGCTTCTGAAATTGCCTGCGAATTCTTTACCTTGGGAAATAGAGTATTTACCCACCTTACTGCTTTCATGAATAAAACCTCCTTTACCTGCCATTTTGGTTATGGATTCTTAGAAATAGTAGTAATAAACTTCACCGCTATCTGAACAGTACACTGCAAATGAATTGTTTGAATTATTTATCTTAAATACTTCAAGAGGATAATCGCCCGTATCTAATGTGGTTATATCCTTGCCATTTGATGTGACCATAACCTTATTATACGGTGCGCTGAGAACCGCAACTTGTTCTCCCACCTTAGCGACATACGTAGGCGTGTAAGGAACCTTGAATCCTCCTATGATTTCATCGTTCTTGAGTATATAAATCGTTGAATTCGACATAGAAGCTATGTAATAAACCTCTCCGTCGAAATACGCACTTGATATGTAGGAAGCCAATTTTGTCAGTTTACCAGTTGCCAAGTTGTAAACCTGACCTCCGCGTGTGTCGACAAGCAAGTCATTTACCAAAATAGAGGGTGTCGTAAGACCAATTTTCAAAGGTTTTTCGTTAAGAAATTCAACATCGTATGAATCGTTCCAAAGATAAGTACCTAAAACTTTTCCTTTCCATAGGAAGATATAAGCTGCTGAACCTGAGAATGTCGATTTAGACACTGCTTTCAAATTGGTGTCGTATATATGTAAAGCCCCGCCTTCCAGCAGTACGTAAACATTCTTTCCATCGAAAAGGCTACCCTGAATACGCCTTTCAAATTTGACGCTCTGCAAGAGTTCACCATCGAGAGATATTTTCGAAAGGTAAGGTCCTGTCCTGTCAACGACCAAATACCCATTTTTTAAATCATACACGGCGATAACGAAGTTTCCAATGTAGTTGAAATACGATAAAATTT
CP126498.1_gap49	1991619	1995437	3818	CCAGAGTTTAGAAAATCAGTCGGAGCAACTTCAACAGGAAGAGGGCGCTGGTAGTTTTGAAAATGGGCAAGAAAGTTCAGCTGAAACAACACAGGGAGGTCAGTTTTAGCCGTGAAGTCTGAAAGAAAATTCGCAAGAGTTGTCAAGTTCTATTCGAACCTCCTTGTCGTTGAGGATTTGGAAAATGGAGAACGTTTGCTCTGCAAATTGCGTGGCAAATTCAAGAAGCAAGGTATAAGACCTATCGTTGGTGATATCGTTGAGTACTTGCATATCGTGAAAAATGAGGGCGTTATCGAAAATATATTGAACAGAAATAATGAGCTTAAAAAACCCAGTGTTGCAAATGTTGATCAAGTTGTTATAGTAACTACATTGGAAAAGCCGCAAGTGCCATACGACATACTCGATAGGTTCATTGTCCTTGTTGAGTACGAAAATCTCCCAATAGTAATTGTCCTCAATAAAGTTGATTTGTTAAGTCAAGAGGAGATATCTGAATTTGAGAGTATTTACGGAAAGTTGTATCCCATAATTAAGACGAGTGCACTTCAGAAGATTGGTGTCGATGAGTTGAAAGATAAGCTACATGGCAAGGTATCTGTTTTTGCAGGAATGTCGGGTGTTGGAAAAAGCAGTCTTTTAAATGCAATTGATGAAAATTTGAAACTGAGAACTGGCGAAATCTCTGAAAAACTTGAGCGCGGCAAACATACCACAACCGCTGCAGAGCTTTTGAGAATCTCTTCTGGCGGTTGGGTGGTTGACACGCCAGGTTTTGCGAGCCTTGAAATTTCGCACATACAACCGATCGAACTCAGAGATCTGTTTGTGGAATTCGATAACGAGAAGTGTTTCTTCCCTGATTGTTTACACGTAGACGAGCCAGAATGCCATGTAAAAAGACTCGTTGAAAAAGGGAAAATCCCTGAAAGCAGATACGAGAGCTACTTAAAATTTCTGACCGAGCTTGAAGAAGAACAAGCGGTTTAGCATTAGTCAAATAGTTCCAAAAATTTCTTAAATAGCCTACTAATTTTAAGCTGAAGAGACGTGTTAATAATCGAAGGCATGTGGAAGTCTATGTATCCTTCTGCTATCGCCTTCGAATATATCTTTTCAAGTCTTTCAGCCATTGTATTCATTGACCAATGTTTTTCAACGTACTCAATGCCCTTTACTGAGAGGAATTCTTTTTCTTCGAGTGCTTTTGCTATGGCGTCATAAAATTCTTCCTCGTTTATGCCTGTTGTTATTGCTCCCTCTCCGTTTACCAGAACATTGGCTATACCCTTGTATGCGATAGCAACAACGGGTGTGCCGCTTGCTAATGCTTCGAGGACAACAAGACCCTGAGTTTCGGTTAACGATGCAAATACGAATAAGTCCGCAGCTTTATAATAGTCCTTAATTTCTTTATGTGGTACATACCCTGTGAATATTACCCTATTTGAAAGTCCTTCCTCTTCGAAATATCTTTCAAGCTCTTTCCTCTCAGGACCGTCACCTACTATTAGGAACCAAATCTGGCTGTTATTATGCATGTGTTTTGAAACTACTTTTGAAAGGAATTCCAAATTTTTTTCTTTTGCCAATCTGCCGGCGTACATTAGCAATATAGCGTCGTTCGGGATGTTATATTCAGCCCTGATGTCTCTTTGCGCAGGCTTGGAAAAATCAATGGTATCTATACCTGTAGGCAGTACTTCGATAGGTCTTTCCACACCGTAGCTTATCAATTCGTCTTTAATCTCTTTAGTCGGTGCGATGACAGTGTTCACCTTGTTACAGAACCACCTCGAAAATTCTTCCACAGATCTTCTGTCCGGTGTGAGCGGTGGTGGGACGTAGTGCCTATACTCAGTGAGCAACGTGTGGTAAGTGTGGACGTGCGGTAATTTCAAATCTTTCTGAACCTTCAAAGCTCTAATTCCAAGTGCTAATGGATCATGACTGTGGAGCACGTCTATCTTATGCTCAAGTGCGAATTCAAGTATTTTTATATGATTTGCAAATACAACCCGATGCTGTTTTTCAAGCAAAAAAGGCATTCCCGGGACAACGAGAACACTCTTATCATCTTCTGGTGCAACAGGAGCTACTATGTAAACCTGATGACCTCGCATTTCAAGGTATTTTTTTGACAGATAAATCGAAGTAGCAACGCCGTTGATCTGAGGAATATACGTATCAGAAATCATCAGTACTCTCACAATGTTTCACCCTTGTCTGTTTTATCGTTCTCTACCTTTGCTTTCCTTTTTCCCGAGATTTTTGAAGGGCTTCTGTCATGTTTAGATACCAGAAGAATGAAATGAATAGGCTTCCCAAAAGCCCGGCCGATGTCACAAAACCAAACTCTCGTAACAGCTGACCGCGAGCAACGAGGAAACTTGCAAAAGATGAGACGGTTGTAAGTATCGACATAATGACAGCTTTTTCAGTCTTTATTATACTTTCCTTACCGTATTTGACGCTATGGTCAAACTCAACTAAACTGTCGACACCTATGCCTAAGAATATCGGTAACGTCAAGAAGGTTATAAATGTGGTCTTGATTCCAACGATGTAAGAAATGCCAAGAGCAGCGACCGCATTTAACATAGTTAAAACTATTATATTAAGCGCTTTCCCAAAATTCCTAAAATCCATATAAAGCACGATTATTTCAATTATAAGAACCAATCCAAAAACTAATATTGTAGACATCAGCAGCTCGTTGATTATGTTGTAGAACAAAACAGAGTAACCGTAGACCTTGTAATCTTTCATTGAATCAAAAAATATTCTAATGTTATTTCCTTCCCATATATTCACAGATGGCGTAACATATGCTAAGAGTAATCTCTTACCGGTTATGTCGGTATAGAAAAGGCTCGGTATATCCTTCTCCATGATTTTGAAGAGGTCTTCCAAGTTCGATATATTCTTTATCACGTCAACTGTTGATACGAAACTTTCGTAAAGACCGTGCTTCTTGAATAGAACTTCTAAGAAAGGCGTATTTGTGAGTTTGAGCACCTCAAGGTATATATTTGAATGTTCTTCAGCTACCTTTTCTGGGTTTTGAATAAACGTAAGTATCGAAAAATCTGACGTTATAAGCCCTCTTTCTTTGAGTTTGTTAATGTAATCGGATAATTTTTCGGAACTTTCGGCGGCTATGACTACATCGCTTGATGCAACGCTTCCGAATTTCTCTGAAATAATCTTGCTTGCAATATTTGTTTCAGATTTTTCCGGGATAAGACTGGACGTAGTGTAAGAAAAGTGCAATATCGAATAAACACCTATACCTGTTAGTATTAATGTGAGGATTATTGTGAAGGTCATTAATACGCGGCTTTTTCTTACGATATCCACTATACGTATATAGGTATCTCTTTCTCTTTTCCTGAATTTGTTTATAAATTTATCGTGCATGATTGGAACAAATGTGTTGAATACGAAGAAATACACCGAAACACCAAGCGAAACAGAGATTCCCATCTGCTTAATTGCGTTCGAAGGACTTAAAAGCATTCCCAAGAATGCGAGAGCTGTTGTCAGCATTGAGATAAATGCAGGTCTGAAATTTTCTACGAATGCTTCGATTATACTCTTTTGAGAAATTCCATCTATGTTAAATCTTTCCTGGATCCTTGTGACTATGTACATTGCATAGTCTATACCCATTCCGAGAAGCATCGCGTTGACAAATGTTGTTACAATATTCAACTCTCTCAAAAATACAGCTATCAGTCCGAGAGTTATTGCCATAGACATTATTAATCCAGCGAAAAGTATCAAAAGTTCTAATACGTTTCCAAATCCTAAGA
CP126498.1_gap50	1997824	2001910	4086	TACCGGGATTATTTGTATAACTTCACGGACTATAGTTACTTCGATTACTTCATTGCCTCTCTTTATAGTTAGTTTGACACTTGTCCCAGGCTTTCCTCTCATCTTGTTCACAGCTTCCATGTACTCCATCTCGCTGACAGGTTGATCGTCAATACCGATTATGAGGTCTCCGGATTGTAATCCCGCACGCCAAGCTGGTGTTCCGTACATTGGGCTTACTACTTTAACAGCTCTGTTTTCGCTATCGTAAGTTACCTCTATGCCAAGACCTCCGTATTGGCCCTCCATTTCTATCTGCTGTTCGTTCATCTGAGAAGCTGGATAGTAGTAGCTGAAGTCATCTCCAAGGCCTTTAACCATACCATCAATTGCTGAATCGATGAGTTTGTCAAAGTTCACATTTTTGATGTCGTAATAGTTGTAATTTATTCTGTAGAGCGTTTCATATAGTGGGGAGATATAGTTAAGTAACTGCGTATCCGAAGCGCCCGATAATATAAGACTTGAGCCGATAACAACTGCAATTACAAATACATATGAAAAAATACCCTTAACCACACTTTTCACAGAGCTCACCTCTTTCCAGGTTCATAACTTCTCAGAATATTTGTTATTACTATTTTCTTTCTCGTTATCAATATTCTCGGAAACTTGTTCAATCTCTTCTGTTTTGATAAATGAATTTACCTTCCTTGCGAAGACCAAAAATGTTGTGTGTGCGACCATTCTATCAACAGGTCTGAGTCTGTTCGGATAAGGCTTGTACTGTCTCATGAGTGATTCCCAAACCTCAACATCAATGAATGGGAGCTCGTACATCTTTTCAAGGACCATAGAGACTTGATTAACTGTTGGGCATATGACTCCCATCATTCCACCACCTGCAAGTGCCTGCCAACATTGTTGTATGTAATTCTCTGGATCCGGTACGTCGAGAAGCAACGCATCAATATTTGTTTCATCAAAACCCATAGAGATATCTCTGAGTTTTAGCTCGACTCTATCAATTAATCCCCACTCGGTAAGGTTTTGAGTTGCAAGGTTGTAAAAATCCTCGCGCCTCTCGTATGCATAAACCTTTCCATTTTCTCCAACAAGCCGAGCCATCGCAGCACACATTGCACCACTGCCAACTCCTGTATCAATGACTCTCTTTCCAGGTTTTATATCAAGTTTCAGCAATATGTAACTCGAATCTTTTGGGTAAATGATTTGGGTCTTTCGCTTCATTGAAAATATATCGTCGATATACGTTGGCGGTAGAATATAGTAGGACTTATTTGTCTTTCCTATTTTGACAATATCTCCGTAGTTCATGCCGATAATCGAGTCGAACTCAACTACACCCAGATGTGTTCCTTTCTTTTTTCCAGCTTCAACTTTTACAAGGAATTTTGTACCGTCTTCGCCGTAGAGTAAGACTCTGTCCCCATCCTTTATCAACGTTCGCCACCTCAGCTTTTATTCTTTTCTTTATTTTCTATTTTAACACGTGAATATTTAAGTGCAATAATGTTACTGAGAATAAGTACAGTCAGTACCACACCACTTATTCTTGAGCCAAAAATATCAAGTAGTCCTCCGGTTAGGACGATGATTAAGTACAACAAGAGATTGTTAGCAGCATTAACACAGACGCGAGTGTCTTCTAAGAATTGGAACCTGTCTGTACTTGTTAATAGTGAATTGCTTTTCACGACTTCTTTTCCAACCGATTTGAGTGTGACTTCCAAAAGCATGGCTACAAAGAAAACTATTAAGTATATTAGCGATATGTTTGTTGTAAGATAAATTGAAACCAAAAGTGCAGCTGTAAGAACCAAAATCATCGGCGTTAAATTTTCCAGAACAGAAATAATTCTTTGGAAAAATTTCGTGATAACCAAACCAAATAGACTTCCTAAAAAGTAATAAAAAATTGCGAACGCGGAGGCAAAAATATCTTGAGTTCTAAAGAATACGTAGAGTGGTAAAAGATACTGAAAACTGTAACTATTCAAAAGCATTGAGAGATTTTTGCCTTCTTTGAAGAAGATGTTTTTCAAATCGGATATATCCAATTTTACGAAGTTTTTCTTAGTGCTTTCATAAATTTGAGTCTTTTCTGTAGGTGACAGCTTTATCTTATATTTCTTGTCCTCCACTATGAGGAAAGCTACTGCGAAAACGGAGAAAAGAAAAATCATAGCCGGGTATGAAACCGTCTCTTTTTGCTTATAAGTACTTATGGAATATGCGTAAGAAAGCAAAGCTCCAATGACGAACCACATTTTAGATTGAAATCGTATTATGTTGTCATAATTGTAATTTTGCTTGTCAGAAAACAGGCCTACTAATGCAAGGGTGTATACGTAAACAGAGAAATTGAAGAAGAAGATTACAACTAAGAGAATCGAGGCTGATGTCAAATTTCCGATCATGCTGTACACAACAGTTAAGAGAAAAGCTGTCAGCGTTCCAAATACTATTAGGTATGGGGTTCTTCTGCCAATCGCTGTTCTTGTAAGTTCTAACAATAGCGTTAAATATGGCCTCAGAAGTATAAAAATTACTATTTCTGAATAGAAAATTGCCAACAGAAGAGCCTTTGGTAAGTCATAGGTGTTTAAGAGGTATGACATCGAATAAATATAAGTAGGCAGTAACGTGCCTAAGCCAAAAGCACCGAACAGTAATATTATCATATCTTTGATTGTTTTTGAATTCAGTTGTCTTTCCTTCTTAGCGAGTGATCGCATACTTTTCACCCTAACATTTCCTAATCTCTTCTTTTTGAGTTCACGACTCATCTGTATCTTTCCACAGTGAATCTGAGAATTTCAAAATCGTCATCGTATATTCCGGCTTTCAATTTGGCAATTCTTATCTGCTCTTCAACGGTGTCAACACCTTCTATGTCTGGAAGTAATAACCCTCTCCTCCAGCCTTTTTGTACGATTATTCCATATTTCTTTGGATCAAGCTCTTCGATGCTCCTTACTGGCTCGTAAGGGCTTAGAATGTCGACATTGACTACGATATTGTCAAGCTCATGAGGTTGAACTGGTGGAAATCTCGGATCTTGAGTTGCAGCAGCTATAGCATTGTCCCGAATTTCGTACGCCAAGTTCTCTCTTACCGGAGCAAATGTACCTATGCAGCCGCGCAGCGAACCATCGAGGTTGTGGAGTGTAACGAAGGCCCCTGCTTTACGTTTAAAGAGCTCTTCTGGTAAGTCGGAATGTGGTTCTATTTTCTTTCTGTGAAGTACATAATTCTCTATCACTTCTATTGCCCACCTTACAAATGGGTGCTCGCCTATCATTCAAATCCCCCCCTTGTGTTACTAATCTGTTTAAGAAATTAAGTTTTCTGTCTTTTCATGAGGTCTATGATAAGCTGTACTTCACCTACTCCCATTTTCATTCTCTTCGCTATCTCAACAGGTTCTATACCGCTCAGGTACATGTCAAATATTATATTTTCCTTCTTTTCTTCCACAAGCTCTTCAGTCATTTTGTAGGATTCGTAGAGTTGTTCGTCCTCGCTTTTGACATTCTTGGCCTTTTTGTCAAGCTCTTTAATGCTATTCACATTACTTGCATCCAAGCTTCCTACTTCTATATTTTGATACGCTGGTTTGTAAATTTGATTCACTAATGACGGATTTTCAGTTGGCTGGTTAGTCTCCTCGGACGGTGCTTTCACAAGTAGTGCCGAAAGAGATATGTACATTTCGTTTAGTTCTTTTATTAAGCTTCTTGTCTCTTCCATTTTCTTATCCAGTTGTTCAAGTTTGGAATCTACAAAGATGCGCACTTTACCTATAAGTTCGACGAGTTTCTCCTCCTCCTCCTCTATCTTCGTCTTCTCATTCTGACTTTTGAAATTTTGAAGAAGGTATACTGCCCAGGCAAAAGCAAGTGTGCTTATAGTCGCAAGTATAACAAACCAGTTGAACGCTGTCATATTTCATCCCCTCTTAAATACTATTTTCGGAAAGAATTTTATGTCTTGACCTTTCCACAGTATCAGAGAATTCAAAACTTTAGTCGGTGTTGGCTCAACGCTTTCTAAGACTGCACCTTCGGGCAGATGGACTTTCAA
CP126498.1_gap51	2029863	2031339	1476	GAATAAATATCCATACAGTGATGTGAAAGAGTATATCCATAAAATTAAAGAAGATATTATCGACAAGGTGACATCAACAAAGAAGTTGCAAGAACTGGAGTATTACTTTAGAAGAGCTTACAGCGTTAACTTGATTGTTGATAACTCCGGTTTGAATACAGCTCCGGTTGTCTTTGAAGACACACCGACTTATCACAATCTCTTTGGAAAAATTGAATATATAGAACGCGAAGGAATGCTCTACACAGACTTTACGATGATACGCCCTGGGAGCATTCACAAAGCAAATGGTGGTTATTTGATCATTGATGCACGTGAGCTATTGATACACCCGTTTGTCTGGGACAGACTCAAAAAAGTGCTCTTCTCCGGTCAACTTGAGGTTGAGAATATCGACACTGCGTATGGCTATTCTACGATAGCGACTCTCAAGACAGAACCGGTTCCTCTGAGATTAAAAGTCATTTTAGTTGGAACTCCAGAGATTTACGAACTTCTGTACGAATACGATCCAGATTTTGAAAAGCTTTTTAAGATTAAAGTTGAACTTGACTGGGAACTCGACACAACCGTTGAAAATGTTAAAGATCTTGTTTCTTTCATAGCCGACTACACAAAAGAGAATGAAATTCTTCCCGCTAAAAGGAGTGCACTTAATAAGGTTGTGTGGTATTCGATGAGGCTTTCCGGAGATAGAACGAAGCTTTCCATGAAGCTCGGTTCTATTATTGATCTGTTAGAGGAGGCGAACTTCTTTGCTCAAAAAAGGAATTCAAAATTTATCGAGTATACTGATGTACATCAGGCACTAACCGAAAGAGAAGATCGGTTAAAACTTATCGTTGAAAAGTACGATGATATGTTCAGAAAAGAAGATTTAATAATAGATGTTAGCGGTAAGGTAGTTGGACAAGTCAACGGTCTTACAGTAGTTAATTTCGGTGATTTCGAATTCGGACTTCCGGTTAGAATCACCGCAAAAACTTACCTCGGCAGTTCTGGAATTTTGGATATTCAGAGGGAAGCTGATTTGAGCGGGCAGATACACAGCAAGGCAGTAATGATTTTAACAGGTTATCTCGGTAGCAAGTACGCTCGAAAAGTTCCCTTCTCGATAGGTGTTTCGATATCTTTTGAACAAGTTTATGGTTATGTGGAAGGTGACAGTGCTTCCTTGGCTGAGGTTCTCGCGATAATATCAGCCATATCGAAGATACCATTAAAACAGAGCATAGCGGTTACAGGTTCTATCAATCAGCACGGACACATTCAGCCAGTCGGTGGTGTCACTGAAAAGGTTGAAGGTTTCTACAGAATATGTAAACTTAAGGGACTTACAGGTAATCAAGGGGTAATCATCCCAAGGGCGAATATAAGGAACCTTGTTTTGAGTGATGAGATAATTGAAGCGATAAAAGCAGGACAATTCCACATATGGACAGCGGATGACGTAGATGAAGCTATAGAATTGATGAC
CP126498.1_gap52	2036469	2038907	2438	TTATCGACCACGGAAACGGGATAGAAACTTACTATGCCCACTTGTCGAAAATAAATGTTTACGTTGGGCTGTACGTTGAAAAAGGAGATTTCATTGCACGCGTTGGTAGTACTGGAACATCGACAGGACCGCATCTCCACTTTGAAGTTAGGAAAAACGACCAAACAAACGATCCTGTAGCATATCTACCGAGAACAAACACTTACGTTATGAGGAGGGTTCTCTCTGAGTGAATTGAGCAAGGTATTCAAAGAAATAGTCTTTAATTTTGATGAAAGCAAGCAAGAAGAGATCGATGATTTACTTTACGGTGAATACGATTATTACACGATAGATAGCAGCGAGGGGAAATTCCTCGCTGTTGTTTCGTTTTATCCGGAACAATTAGATGAAGTCAAGGAGAAACTTACCGAGATTGGATTAAAATATATTGGCATGCGAGAAACAAGACCGGAAGATTGGGTTAAAAACATCATCACTGAACCTTTCGAGATGATAGAAGGTGTTGTAATCGACCCAATGGATCACAATTTGGAAGAGCAGGGAAATATAATTTTGAAAATACCACAGGGGTTAGCTTTTGGAACAGGTTTACATCAAACAACGAAGATGTCTGCTATGTATTTAAAAAAATACCTTAAGCCCGGAATGGACGTACTTGATTTGGGTTGCGGGAGCGGTATATTAGGTATCTTGGCAAAGAAGCTTGGAGCAAATAGAGTAGTTGCTGTCGACAATGATCCACTTGCTGTTGAAGTGGCGCAAGAAAACGCAGTAAGAAACCGTGTAGATATAGATGTGAAATGGTCTGATTTGTTCTCAAATGTTGAAGGAAAGTTCGATATTATTGTGTCGAATATAATAGCAGAGATACTCGTTGAGATGCTCAAACAGGCAAAAAATCATTTAAAAGATGATGGGATTTTGATACTTTCAGGTATAATAACTCAAAAATCGAACCTCTTTGACCAATACAACGTTATAGAGAAAATGGTGATGGATGAGTGGAACGCGTTAGTGATAAAGATTTAAACATTATTGCGAAACAGCTTGACAGGAACGTAGAAAATGTGCTAAGCGTTGAAAGATACTGTTCTTTCGGTTTTCCTGTTGTTATTTTGAGCTATCCCGTAAGAAACGGCAAGCCCTTTCCAACTATCCACTATTTAACTTGTCCACACTTAGTAAAAGAGGTTTCGAAGTTAGAGGAGCAAGGTTACGTAAAGAAGTATGAGAGATTAATCGAAGATAATATACGATTTTTCTCGCGTTTAGAACAAGCTCACAAAGATGTTATTAAAAAACGAATGTCTCTCCTCAAACCTGAGGATTCTGAATGGGACGCAGTTCTCGCCTCTTCTGGTACTGGCGGGATAAGAAATTGGAAAACTTTAAAATGCTTACACTTGCACTTGGCAGACTACCTTGCTGGAATAGATAACCCAATAGGCGAACTTGTTTACAATCAGATAGAGAAGAAGGAATGTGGAGAATGCTACTGTTGTAAATTGTGATTGTGCTTTTTTCTTTCTGGGGGAGTCTTTTCATTCCACATTTTTCATCTCTCGTAGGGGGGATATTATGAATCTTACAAATCTTAACGAATCCCGGTTTCTTCAATCTTCCGCACACTTAAACATATTCTTGCTTTTTGATTTTCAAAATCAACCAGTAGATGTGCAGTTGGTGTACAGAGAAGCTCAAAAGTATGGAAGGATAGTTGGAGGCAAAGCCTACGGTTCTTGGTCTAAGCACAAAATGCCTGCTTTTGCACTCTACAACTACGGTATAGAGCTCATTGAGATACCAGAGGCAGAATTCTTACCAAACAAGAAGGGAAATGATATAAGGCTTGCGGTAGATTGTATTGAACAAGCTCTAAAAAATGATGTGATAGACACTTTCTTTCTTGTGACAGGAGATGCAGACTTCACGGCTTTAGTATACAAGCTGAAGTCTTACGGTAAACAGGTAATTGCTGTTGCGAGGACGAAGTCAACGAGTTATGAGCTTGTCTCAGCTGTTGATAAATTCATTCCCTACGAAGATATTGTGAAAAACGAGAATCTCACGGACCCAATTGACAGACTTGGAGAGGAGATGGATATTTTCCTTAAAAGGTCTGGAAAGAACTTCACAATAGAGAACCTCTCAAGATTTCTCGCGTCTTTTAACATAAACCCATCAAAATATGGTTACAACAATATAACGGAGCTAGCCGAAGAGATATATGAACGCAAAGTGCAAAAACCGGAAAGGCTAAAGAATACTAAACTCCTACTCATTAGAGGGATACTTTACGAATCACTTTCTGAAAAGACACTTCCAGAGTACTCGCAAAGACATAAAATAGCTATTGATGACTTAAAGTTAGCATTAGATATGTTGTTGCACGACGATGTGCTGAAAATAAACGATGGAGTTTACGAATTAAATAG
CP126498.1_gap53	2083654	2085726	2072	AAGATAACCTTTCTTGGACCCCAGCCTGGGCAGATTTTGACACCTTCTTCAATTGCTTCTTCTATTTCTTCCATATCGGCTGGCATTTCTTCGTGTGTTCTCTCAAGACACGTGACCGTGACATGAACTTCTCCAAATTTCATCTTCTGGAGTCTTGCCATACTCCTTGCAATGTCCATCGCGACATTACCACCACCAATGACCACAACACGCTTGGCTATCTTTGGCTCGGATCCTTCGCCTCTCAAATAGTCCCTTATTTCTCTTAAAAGAGGCAGAGCTTGGACGACATTTGGATGGTCGGAACCTGGAATTTTTGTCGATCTGCCAAGCGTCAAACCAGTCGATATAAATATCGCATCGTATCTGTTTTTGAGCTCTTCAAATGTTATGTCCTTTCCAACAGCTACACCTGTCAGTATTCTTACACCCAGTGATTCTATAAATGCGATATCTTTATCGAGCGCTTCATCTGGTAATCTGTATCTTGGTATTCCGTATCTCATCACGCCGCCTGGCCTGTTCATCGCTTCGTAAACATCAACCTCATAACCCATCGATGATAGGAAGTACGCAGCCGAAAGGCCGGCAGGACCGCTACCAACGATCGCTACCTTCTTGTTCTGCTTTGGTGAATCAAATTTGACAATCTCGTGCCATTTTTCTGCAGGAACGTTGTCTGTTATGTACCTTTTCAGCCACCTTATTGCTATTGCTTCACCTCTGTGTCCGATAGAACATACTTCCTCACATCTGTGCGTACAAACTCTTCCACATACTCCTGAGAACGGGTTTGCACCAAAGTTCTTCTGGTCTTCAACGCCTTTGAGGAGCCATTTCAGTGCATCCTGCAAATCGTCTTTCCAGATGGCTTTGATGTACTGCGGTATCTGCATGTGCTCGGGACACCTGTCCACACATATCGCACACTCGACACATCTTGCAGCCTCAGCAATTGCTTGTTCTTTACTGTATGCCTTTACAAATTCTACAAAGGAGTTAGATCTCTCTTCAGCTGGCATATGCTCTGGAACGATTCTGTCAAGATCAAGCAATTCGCTATTTTCATCCCTTGTCCAGCCAACCTTTATTTCCTCAGGCTCTTTCTTCAATATACCCTTCTCGGTTGGTGCATAATAGAAATCCTCTGGATTTGGAGAGACGAAGATATATTCTCTTGTCATCTGCAACGAGCCAGTTGTACATATATCGACACACATCGCACAGAAGCTACATCTTCCATAGTCTATAGATGGCCTCTGAGGTTTCATTCCGTATTCTTCTTTCATATCTGGTACTTCGACCATCGTTATTGCATCCGTTGGACATATCTTCGCACAAGTGCCACAACCGATACATTTCTCCCAGTCATTTATGTGAAAACCCCTGTACCTTGGTGCTGCTTCTCTATACACCTTTGGCACTTTAATTGTAACTGGCTTTTCAAACAGGTTCTTCCAACCAAGCAGTGGAGCGAAGAAGCTCTTCTGAGGTCCTTTATCTTTGATTTCCATCATCAGCACCTCCCGATTATCGATCGATTTCAGGTGCGCAAACACCCATAGTGTCAAGCCAGATTGGAACGTCATCTATTCGCGTACCGGGCAATAGGTGCTCAACACCGTACAGTCCTTGAGGATAAGATGCTCCCCTAACAGCTACGCGGTAAGGCGTTTCTCCGCCATTTGAAACAACCAAGTAGCCGTATTCACCGCGTGTTGATTCGACCCTTGCGTATGCCATGCCTTTTGGAACTCTTATTCTCAAACCACTACCATCAGATATCTTCGTATTCACAGGTCCTGATGGCATTTTCTCAAGCACTTGCCTGATAATTCTTATACTCTGCCTAATTTCTTTTGGTTTCAGGCTGATTCTTGCCAACGCATCTCCTTCAGTTGCCGTTGGCACTTCGAATTCCACTTTGTCGTAGAACAGGTACGGGTCGATTTTTCGTATATCATACGGCACACCGGTTGCGCGCAGTCCGATACCGGTAACACCGAGCTTCAAACACGTTTCCGTATCAATTTTGGCTATTCCTCTTAGACGTGTGTGGAGTATTCTGTTCT
CP126498.1_gap54	2094274	2095112	838	TGTATTATAGCAAAATTGTTTTTAAAAACAAAATTGCGTTCAATCTAGTATTCTTCAAACAAAAAAGGGGCGAATTGTTCGCCCCTTGTGAATTTTTTATAAATTCTCGATAAATATGCTTATTTCCTGTACTCCTTAACCATACTTAAGAAGTATTCATGTACTCTTGTGTCGTCTGTTAGCTCTGGGTGGAACGATGTGACGAGCACGTTTTTTTGCCTGAGCATAATTGGGTGCTTGTCTAAGAAAGCCAATGTTTCAACTTCATTTCCCCACTCTTCAACCCTTGGAGCGCGGATGAATATCGCTTTGAAAGGTCTGTCAAAACCTTTGATTTCTACCATTTCGTCAAAGCTGTCTACTTGCCGTCCGTATGCATTTCTCCTCACTTTGATGTTGATTACCCCTAAGGACTCTTGCGGGTAATTCTCTATTTCTTTGGCCAAGACTATAAGTCCAGCACAAGTTCCGTATACTGGAAAACCTTTCAAAATCTTTTCTTTCAGTGCATCGAAAAGCCCTATGCGCTTCATTATGCGGATCATAGTTGTAGATTCTCCACCTGGTATGATAAGCCCATCAACTTTCTCCAGGTCTTCTGGAGTTCGTACGACGTATGTTTCGACCCCGAGCTTTTCTATCGCCCATTTGTGTTCTCTAAAATCACCTTGTATGCCTGATACCCCTATTACCATTTCTTACCAACCTCTTTCTTGGAGCCTTACTTCTAACGTTTCAATTTCCAAACCTTCCATTGGTTCGCCGATGTCTTCTGATATCTTCAAGAGCATCTCTGGGTCGTTCCAGTACGTGACTGCCATAACTATCGATTTTGCCA
CP126498.1_gap55	2096569	2098478	1909	CCGGTTTGTGTATGGAATCTCAACTTCAATGCCTCTGGATCAGTCACACCGAATCTTTTCTTCATTATCTTTGCCCATAGTCTTCTCGCTGCACGGAATTTTGCTATCTCTTCAAGGAAGTTGTTATGTGCTGCAAAGAAGAAAGACAATCTTTTTCCAAAGACGTTTGGATCAAGCCCAGCCTTTATTGCTGTGTCTACGTACGCTATAGCATCAGCAAGTGTGAACGCAACTTCTTGTACTGCGCTTGAACCGGCTTCCCTTATATGATACCCACTTATGCTTATCGGATTCCACTTCGGCATGTACTTCGAGCAGTATTCAAAGATGTTTGTTATAAGCCTCATAGATGGTTCAGGTGGATAAATATATGTTCCCCTTGCTATGTATTCTTTGAGTATATCGTTCTGTATCGTACCGCTCAGTTTGTCTTGCGATACTCCTTGTTTTTCCGCGACGGCTATGTACATTGAGAGCAGAATCATCGCCGTGCTATTTATTGTCATGGAAGTACTGACTTGGTCAAGTGGAATACCATCGAACAGTATCTCCATGTCCTCAAGCGAGTCTATTGCAACGCCGACTTTACCAACTTCACCTTCAGCCATTGGGTCATCTGAGTCGTATCCAATTTGAGTTGGCAAATCGAATGCAACCGAAAGTCCTGTCTGTCCTTGTTGGAGGAGGTACTTATACCTCTTATTCGATTCTTCGGCAGTTCCAAAGCCTGCATACTGGCGCATCGTCCAGTGCCTTGCCCTGTACATTGTTGGCTGAACACCGCGTGTGTAAGGATATTCACCGGGGAATCCGATTTCTTCCACGTAATCTATGTGTTCTATATCCTCTGGAGTGTAGAGCCTCTTGATTTCATAACCGGACGTTGAAGTAAAAGTTGGTTTTCTTTCAGGTACCTTTGCTACCGATTTTGCAACAACATCTTCGTATTTTGCTTTTGCCTTTACAAATCTTTCGTTCATTCCAACTCCCCCTTCGCTTCGATTTAAAAAATTTAATCTTTACTCAACCTTTCCTGTCTATGCTGCTCCCCTTATCTTCAACCGTCAGATAGGATCTCATCATTTTTTCACCCTCGATGGTCTTTAGCGCCATTTCTTTAAATTCATTGAGTTTCTGCTCGAGTTTTTTCTTCCGCTCCTCGTCTCGCTTGTATATCTCTATCAACTCTTCGCTCGATAACTTCGAAAGGAGCTTTTCTCTCTCATCGAGTAACTGATTCAGTTTCTCGTAGTCTTCTTTCTCTATCGCTTCATCTATCTGAGCTTCGATATTCAATATGTCCTTCTCTCCACTGTTTGCCATAGTATCACTCCACATTCCATTTTTCAAGACTTTCAAGTATTTCCGTAACCTTCCTGAGGCTTATTGGATGTATATAGTCAGGAGCGATCTGGGCCATCGGTTTTACGAAGAAAATCCTGTTTTCAAAATCGTAGTGCGGAATTCTCAATTTTTCACTTTCCACAATTATATTACCGTAAAACAATATATCTAAATCTATAATTCTTGGTCCCCATTTTTCATTTCTAACTCTTCCCATCTCTTTCTCAATGTTCAGCAGAGCATCTAAAAGCTCTTCCGGTGATAGGGCAGTGCTTATCTCTATTACGCAATTTAGGAAATTCGGTTGATCTGTCTTACCGTAAGGTTCGGTTTCTATAACATCGGAAGTTGAGATTACGCTCGCTACCTTTCCAATTCTTTCGATGGCTTCTTGTATGTTTTTCTTTCTGTCTCCAAGATTTGTCCCGATGCCTACAAAAACTTTTCCTTCGACCTTTTCTAATATTATTTCGGCTACTGCGAATTTATCGTGAGACAGCGTTGTGTGTATGTAATTATATGCCCCGTGTTTTGCATGTCTATACCTATGAATCACACAATAGAG
CP126498.1_gap56	2103666	2107809	4143	GTACTCATAGCATTTTGAAGGATATAAAATTTGCAGATTTGGGGCTTGTTGTCATTGACGAAGAACAGAAGTTCGGTGTTGAGCAAAAGGAAAAGTTCAAAAAGCTTCGCGTGAACGTCAATGTTCTTTCGATGAGTGCAACGCCGATTCCAAGAACGTTACATATGGCACTTTCCAATCTAAAAGATCTATCAGAAATAAAGACCCCACCGCTTGGACGAAAAGAAATACAAGTTCATATAGGTCCTTACGACGAGAGGATAGTAAAACTCGCAATCCTTAGGGAAGTCGGAAGGGGCGGACAAGTTATATACGTCCACAACCGCGTTAATACGATTTACAGCGTATATGAAAAGCTTAAAGAGCTCATACCCGAAGTATCGATAGTAATAGCTCATGGACAACAGACAAAGAGTGAAATGAAAAAGGTTATAGATGCGTTCTATCACAAGCATGCTGATGTTCTATTGTGTACCACTATTGTTGAGAATGGTATTGATGTACCTGATGCAAATACGTTGATAGTAGACGATGCGCACAGATATGGCTTGGCTCAGCTATACCAATTACGTGGCAGGGTAGGTAGGAGCGATAAATTGGCGTTCGCCTACTTTTTGCACCCAAAACATGTCAACGATAAGGTTTTGGAAAGGTTGTACGCAATAAAGTCTTATCAAGGACCAGGAAGTGGTATGAAGATAGCGATGAAAGACATGGAAATTCGTGGAGTTGGTGCGATATTCGGACTTGAACAGCACGGCTACATAAACGACCTCGGCTTAAAATACTACTTAGACCTTCTTAATGAAGCTGTCGAGGAAGTGAGCGGTAATATTCAAAGCAAAATCGATACAGAAATCGAAGGTATACCTGATAGTATAGTCATACCAGAGAGCTACATATATGATCCATTTGAGAGAATGAGATTTTACAGAAGGATAGCGTCGGCAATCACTGAAGAGGAACTTACTGACATACAAGAGGAACTTGTCGACAGGTTCGGCAAGTTGCCTGTAAGTGTTAATAATTTAATAAAGTACGCATATCTGAGAGTCATGTTGTGGAACAAGAACGTTTCAAAAGCAACGATATCCGACGTTGGTTTGGTGGTAAAATTTAAGAAAGCACACTTCGAAGAGCTGTCGCCAAGGTACATATACAACGAGAAGGAAGACACGTATATATTCTTTATGGACATCGATGAATTAGTAAATACACGGAGTACTGTGTTGAAAACTTAATTGATCCTTTGTATTCAGAAAGGTGAATTTATGTGAAAATATTCGGCTACGTTCTTGAATCTTATGGAAAATATGTAAAGGTCAGAACCCAAGATGGTGAATATATAATCAAGAGTGATAAAAGACCTCCAAAAGAGGGTACGAAGCTCGAGCTAAAAAATTTTGGAAGCGGTGACTACTTTGCAAAGGTAGTCGCAAAGAAGCCTTACGAATTCAACGAGCTGCCAAGTGTGAAGTTCGTGCAAATGGCAGAAGAACTCTTAGCTAGTCAAGAAATTTGGAACGAACATGTGAAAAACAGATTAGCTATTGCAATAGGCCTTTTTCTTGAAGAGGTATCTAAGAGAAGAGACATTGACAAGAAATTGCTGACAAGATTCAAATCACTACTTAATGAAAGAATAGGCAGAAGAAGTGATTCAGGAGAAGTTATCGGTGGAACAGGTATATTATTTCCTGGAAATCATGCTGATAATTCAGATAAGGCCGATAAGTACGCTGAGTTCGAAAAGTATTTGAACATTCTGTCTGGGAGATATGGTCTAATTATTAATGAAGGTTTGGTATTCGTAGACCGCGAATTAGGAACGTTCGAAGTATTTGTTGTTGGTAACCACATATTTGCCAAAACTGATGGTCAGAACCTAACTTTGTATTTTGAAAAAATACCGGATGGAGTTGAGCAGTTAGAAAGAAGGTTGAAGAGAGTATTTCGACAGGTACACATAAAACTTAAAGGGATGGATGACGGAACCTATGTTTGATAACTTCGATAACTTCGACACTTTCGGTTCTATTGATTCAGACGCGAAGAAAAGCAACCAAGAATGCACCAAGAAACTTGCTGTTGCTCTGAGATATCAACCGGGAAAGGATTACGTACCCTTTGTGGTTGCAAAAGGCAAATGTCACTTAGCAGAGCTTATAATCAAGAAAGCTGAGGAGAGCAATGTTCCAATCGTAAAATCAGAAGAGCTTGTGAAAGAACTTTTCAAACTCGAAGTACTCGAGCCGATACCAACAAAACTTTATGTAGCTGTTGCTGAAGTGCTTGCTTTTATCCAGCTGGGATTGGAAAAGTAATGTTTCTCAAAGGAGGGGTTGACATGAAAATCAGGCTTTCAAAAATATCTCTAGTATTTTTGTTGCTATTAGTAACTTCTTTTGGACTCGCAGAAATTTCATTTCAAATCATAATAGGATTTGGAAATGTGCCGGCTATTTCCTTGGGTGACCTGCCAGATTACTCTGTTGTCATATATACCGACGAACCGTTTTCTGCGGTGTATATCGACGGAACTTACGCAGGGACAACGGATTCGTTTGGCAGATTGGTTGTCCGATTCAGCACTGAAGGATACCACACAGTCTGGGTAGTTACTTCCAACAAATACGTGATTTATGACAGATACTACTTCCGTGTAGAAAAGACTCCACGAATAGTCTATGTCCCTTCTACAAGACTGGGTGAAGTCACAGTCTTTTCAAATGTATATCCCGTTTCGGTTTACACAACGAGTGGCAAGTTGCTCGGAACAGTTGAAAAGAACGGTGAAAAGGTTTTGGCACCCCTCGGAAATCAGGAACTGATATTTACTTGCCCAGGCTTTGCCGACCAGAAGCAAACAGTGAACGTGCTTTACGCGAAAGAAACACCTGTCTGGCTCGAGTTTAAGCCTGTTCCTTTCAAGCTTGAACTGGTTGTAATGGATAAATTCTCACCCAATGGCGACTGGCACGAAGATGAATGTGTTATCAAAATATACTCTTCAAGACCGGCAACTGGCAGTATTCAAATTCTCGATCCATCTGGTATAATTGTATATGAGAAATCAATAAAAGTTGGTGCCGGAACAACACAAATTAATTGGGACGGACAAGGTAAGGCTGACGGTCTATATACCGTCAAAGTTTTGTTATCAGATGGTATAGCTACAGAAGAACGAGTAGCACAGACATCCTTAGACAGAAGTGTCTACACTTACAAGAAAGAGATAGTTATCGGAACAATTATAGGAATGATGTTGTTCATAGGATATATGATATGGAGTAGTATGTAGTTTGTTAAATGTACGATTAGAAAGATGATTAAATAAGAAAGATACGGTTTGAAGAGAGGTGTAACTTGTGATTACTTACGAGCAGAAACAACGAATCGAAGAACTCAAGAAGAAGTACGATGACATCATCGAAGTCTTCCATCCGGAAGATAAGAGAGAAAAACTCAAAGAGTTGGAAGAAGAGAGCCTGAAGCCTGACTTTTGGAGCGACCAGAAGAAAGCACAGCAAGTCAACAGGGAGATTCAAAGGATAAGAAAGATCATCGAAGACATGGAGAAGATAAAGAACTTGTTTGATGATATCGAAGTCGGCATAGAACTTGCTGAAGAGGATCCTTCAATGGAAGAACATTTGGACGAGATTATTGAAGAAGTCTCGAAAAAGATTAGAGAGTTCGAACTCGAACTCATCCTGAATGGGAAATTCGATGGTTCAAACGCATACCTTTCTATCCACCCAGGTGCTGGCGGTACGGAATCGCAGGACTGGGCATCTATGCTATTGCGCATGTACATGCGCTGGGCTGAGAAGAAGGGTTATTCAGTTGAAATAGTGGATTATCAAGAAGGTGAAGAAGCTGGTATAAAGAGTGCGACGCTCTACATAAAAGGCGATTTCGCTTACGGGTATTTGAAGCATGAGCGGGGTGTCCACAGGCTTGTTCGAATTTCACCATTCGACGCGAACAAAAGAAGGCATACTTCTTTCGCATCTGTCAACGTGTTACCTGAGATAGAGGACGATATAGATATAGAAGTCAGACCTGAAGACATAAGGGTTGATACTTACAGAGCGAGTGGAGCTGGCGGACAGTACGTCAACAAAACAGAATCCGCAATAA
CP126498.1_gap57	2116366	2117041	675	GATAGAGGTCTTCATACGCATTTTCTTTATCCAAACGGAAGATCCGGTGAATATACTTGTTCTCGGGCTTGACAAAGACATTGGGAGAACAAGAAGGACCGATGTCATACTTGTTGCAAGCATAGATCTCGAGAATAAAAAAATGCTTATGTCCAGCATACCGCGAGACCTTATCGTAGATGGTAAGAAAATAAACGCTTATTATCAATCTGAAGGAATTGAGAAGTTTACTGAAAGAATTGAGAAATTGACAGGTTTAGAAATTAAAAGACACTTCATCGTAGATTACGAAATATTCAAATTTCTGGGTGACGAGCTCGGACCTATCGAGGTTTTTGTCGACAGACCGATGTATTACAAAGATGCCGCACAAGGATTGGAAATAAACTTTTCACCCGGGTACTACAAAATGAAAGGGAAAGAGCTTCTTGCCTATCTCAGATTTAGAAAAACGGCGGAAGGTGACATCGGAAGGTTAGATAAACAAAGAGTGATCATAGAAAAATTGGCTCAGAAAGCATTGAATAAAAATGTTTTCTCGTTAACTGAGCTTTACAGGGAAATCAGAAAAAGAACTGAGTTTAACATGGACATAGGCGAGGTCGTCTATATATTCTCCAAGGTAAAAACGAACTTCAAGATAGACACCGTGCCATTTCCGTATTTCATAGGTGA
CP126498.1_gap58	2118517	2120001	1484	TTTACTACAAAACAAATCTTCGCTCAGATTGGTTATTTAACGGATTTTACTCAATTTCAAGACATTTCAAAAGGTATATTTGCAGTGTTGAGGTTCTATGTTCCAGACCCACCAGGCATGAAAATGAGAGACAAACTTTACTTAGAAGGTCAGTACTATGGAGGGAATTTTAAAATAATTGTCGGGCTTCTCGAACCTTAGAGAGCTATCAACAACGTTATAGCTGTTAATACATTCAAGACTTGAAAATAACGATATTCGTGATATAATACTTGTGCAAAAATCAGATTTTGATTATGCCGATGGTTATGCCGAGGTGGCGGAATTGGCAGACGCGCATGACTCAGGATCATGTGGGGTTTCCCGTGCGGGTTCAAATCCCGCCCTCGGCACCAGTTGAGGAACAAGCGCAGGAGTTGACCCACTCCCAATCCCCTGAAGGGGATGGGATTCTTAGTAGCTCATGGCTACCCTCCATGGGCTCGTGTTAAACTCATGGCCACGTAGGTGTGGATTGTATCTTACACCCACGGAGGAGGCCAATCTCTCAACTACTGGGATGTCTCCCAGATACCTTTTGTAGATATTTATCGCTCCTACTCCGTCCCGATGGTATTCAAAGCCACAAGATTGACATCTGTAGTTTCTTCCATTTGGCTTATTCTGTGTTCCGCAAACTGGACATGTCTTGCTTGTGTATGCTTCTGAGATTTTGATAACTGAGATGCCAAATAACTCAGCTTTATGCTCAATCATCTGCGTTAGTTTCCTAAACTGCCACTGGTGAATCTTTTGCCTCGCATTGTCGTTTCCTTCTACATTCTCACGTATATTTGTTAATTCGCCAAGTACGATAGTTCCAACGTTTTTCTTAAGACACATCCCTATGAAATGGCTCGTGATTTTGTGCATGATGTCTTTTATTTGGTTGCTTGTCTTTCTGAGCATATTCCTTTTAGCTCTGTTGAGTTTCTTGTATCGTTTCGAACCTTCTTTGCATTTACTGAGCATCTGCTGAAATTTGGCATATTCTTTGTTGCGATATCTCAGAACACTGTTAAGTGCACCACCGCTGTAGATAACAACTTGCTCACCATCGAAAGTTGTGATGGGACGGAGTACTCCAAGGTCTACAGCCATTACCTTCGAGCCTGCCTGCTCTTGCTTCTCCACCTCTATCGCAAGGTGGAGATAATACCTACAAGAATCGTACACAAGCGTTGCTTGTTTGATAATTGTGCTTGGCAACAGGTTTGTTTTAATCTCCAATGGCTCAGCTTTCCCGCCCATAGACAGTCTGAGTGTTCCATCTTCTAATAGCTTGATTGCTGTCGACTTCCAAACGAATGGAACGTATCTTCTTCGTTTGTAAGGTGGTTTAGCATTTGGATTTGATTTGATGTTTGCAAAATAGCTCCTCAAAGCTTGGAAATACCTTTGCATTATAGCTTGCTTTGAGTGAGTATGCATATCGATGCCTTCGT
CP126498.1_gap59	2129266	2132890	3624	CTAGTTGCCAGATAGACTCTAACAAGCGTATTCACACCAGGTCCTAAGTCTCCAACTTCTTCCTTATGGAACACGTGAACGCCAATGATTCTTCCTTCAACGCCGTGTGGGACTCTCAATGAAGAATCTTTAACGTCTTTACCTTTTTCACCGAAGACGGATCTCATTATCTTTTCTTCAGGACTTGCGTCGCTTTCACCTTTTGGTGTTACTTTACCAACAAGGATGTCTTGCGATGTAAAGTATTTCTGCTTACCAACGTAAGCACCTATCCTTATTATTCCGTTCTCATCGAGATTTCTGAGGTTTTCTTTTGAAACGTTGGGTATTTCTGAGGTTATTTCCTCTGGACCGACTCGCGTTTCGCGTGCCGTTGTTTCGTAAACTTCAACGTGTACAGATGTGAATGCATCGTCTTCAAGGAGCTCTTCGCTTACGAGTATAGCGTCTTCAAAGTTGTAGCCTTCCCATGGCAAGAACGCGACTAACACGTTCCTACCGAGTGCAAGTTCTCCGTTATCTGTCGCTGGGCCATCGGCTATCGGCGTGCCCTTCTTGACGAACTCTCCAGCGTCTACTATAGGTTTTTGGTTGATGCATGTGTCTTGGTTAGATCTCACGTACTTCAACAATGTGTACTCATCTATAACCGGGTTACCGTTTCTATCGTACATTGGGTTACCGTTTTCATCCGTTCTGTGGACAATTATTTTCCTTCCGTCGACTTTTTTAACTATTCCATCGTTTTTCGCCAGTACCACATGTCCTGAGTAGATAGCTGCAGGATATTCCATTCCAGTTCCTACGAGAGGTGCTTGCGGTTTTATGAGAGGAACAGCCTGCCTTTGCATGTTTGAACCCATAAGGGCACGGTTAGCGTCATCGTGTTCAAGGAACGGAATAAGAGCAGTTGTGACGCTGACGATTTGTTTTGGTGAAATATCGACGAATTCAACCTCGTCTCTATGCACGTAGACAATCTTTTCGAGGTACCTGACCGGCACTCTCTCTTGGAGAATGTTGCCTTCATCATTTCTTGCAATTGTTGATGATGCAATTTTGTAATTTTCTTCTTCGTCCGCTGCGAGATAGACAACTTCATTTGTAATCTTACCGTTCACAACGCGTCTGTACGGTGTTACCAAGAAACCAAACTTATCGGTTGTCGCATAAACAGAAAGCGATGTAATAAGACCTATATTTCCACCTTCTGGCGTTTCGATCGGACACATTCTTCCATAATGCGAGTGGTGAACGTCACGAACTTCGAACCTCGCCCTTTCTCTCTTCAAACCGCCAGGACCAACAGCCGTAAGCCTTCTTTTGTGTGTCAATTCAGCGATCGGGTTTACTTGGTCCATGAACTGAGACAGCGGATTCGTGGCAAAGAAACTGTTCAAAGAAGCGATTACATTTCTAAGGTTTATAAGACTTGGAATAGAAATCTTATCTAAGCTTGTGTAAGTTGCAAGCTTTTCTTGTATCTGGTGGACCGACTTAGAGAACGCTCTTTCAAATTCAGAGCCTATCAGTTCACCGACATCTTTAACTCTCTTATTTGCCAAATGGTCTTTCGTATCAAGAGTTTCTGGATGTTTCTCTACATCAAGAAGCATTCTTACAACGAGTACTATATCCATCGGTGTCAAGGCATTGGAGTTCTCGTTGTACTCTATATTCTCAACGCTCTTCGGGGATCTATTTTCAATTTCTACAAGGAACTTTCTGTAGCTATTTGTAAGTTTCTTGTTCATCTTATAACGTCCGACTTCTGTCAACTCAAAGCGCTCATCGTTGAAGTAAAGGTTGTTCCAGTAAGACTTGGCTGCATTGTATCTGAATACTTCGCCAGGGCGCAGTTCCTTGTATATTTCCATATACGCCCTCAGCTCGCTTATATTTTCCTCTAACGGCATTTTCAGGCGTTCTTTCAGTTTCGCATATGTCTTAAAAATGTACTTGTTAACAACTTTTATCTTATCTATTCCATGTTCACGCAACACATCTATAAGTGTAGGGGTAAGTATAGAACCTTTTTCCGCAAGGATGTCACCTGATTTGGAAACAACATTTTCCAAAATGATTATTCCTTCGGAATGTTTTAAAGTATAGTCATCTTCAACATCTATGTAGCTTGGGAACAACGAAAGAATATCCAAGTCATTTTGGTAACCTAAGGTCTTCAAAACCAAGAAAAGATTCAGTTTCTTTCTTCTATCTATTCGAGCGTATAGCGTTTCATCGTTGAGGTTGAGTAATATTTCGAGCCAAACACCTCTTACCGGCAAGAAGTGAGCTAAATATATTGGTTTCGAACCGATGTTCTTTGTAGGCTCTTCTACAAAGTACACGCCAGGACTCCTGACGAGCTGGCTCACCACAACTCTTTCAACACCATTTATAACAAATGTTTGGTTTTGGGTCATGATTGGATAATTACCGAGACTAACTTCCTCTTCACGCATTTCACCGGTTGAAAGATCTGTCACGCGGACTGTTGCATAGAATGGGGCAACATATGTTAAAAGTCTCTGTTTACATTCCTCAACAGAGTGAAGTGGTTCTCCCACACGAAATCCAACGAATTCGAGACTAAAACCTTTTTCGCGTCGACCTTCTGTCTTTGCTGATGTGATGGGACTGAACTTCTTGAGAATGCGCAAAATGCCCTTGTCTAAGAGCTCCTTGAAGGATTTGTGCTGGATTTCCACGAGGTCGGGGACTTCAATAATCTCATCTACCCTGCCGAAGGAATACCTTGTTCTCTTACCAACTTGATAGGTTTTCAACACGATCACCTCTTCCTTAGTGTCGATACGTAAGTGGTTGGCAATTACATTTTGAGGGGGAAAAGAATTGCTCAAAAAATAAAAAGCCGTCAGAAAAAATGCCTTACTTATGAACGGCAAATTTCAAGGATTGTGTTTTTAAGCGATATCTGAACTACTTGTGGCAGAAATCACAGATTATGAGGTCAATAATATGCCAATTATATATTAAAACACAAAAACCCCGCACTGTACAGTCTTGTGCGGGGTTTGATACATAATATTCTTTGTTTAGAAAAATCTGTTACTTTATTTCAACTTCTCCGCCGACTTCTGTAATCTTCTTCTTGATGTCTTCTGCTTCTTCCTTCTTTACACCCTGTTTAATGAATGCATCTGCTGCGCCTGCTTTTTCAACAAGGTCTTTTGCTTCCTTAAGGCCAAGTCCTGTGATTTCTCTTACAACTTTGATGACTTCGACTTTCTTTGCACCGAAGCTCTTGAGGAGAACGTCAAATGTATCCTTTTCTTCTACTGCCGCTGCTGGTGCTGCCGCTGCTGCCACTGGCATTGCTGCCATTACTGGAGCTGCTGCGCTTACGCCAAATCTTTCTTCGAGCATCTTAACGAGTTCCGCAAGTTCTGCAACCGTCAAAGACTCAATAGCTTTTACGAGTTCTTCCAATGTCATAATATACACCTCCTATAAGTTTTGAACCTTCCTTAAGGTTTGATTTTTCTTACCACTTACTGATTTTCTTTCTTTTCCTTAATTGCGTTAAGAGCGTAAAGCACACTTCTAAGCACACCTGCGAGAGAATTGACAAGCCCTCTGATTGGACCTTGGATACCACCA
CP126498.1_gap60	2134790	2138696	3906	CAAGAAACCTGAGTAATTCATCTGGACTATACCGTTTCTTACAGGTCTCAATATCTTGTCAAAGTACGCTTCAACTCCAGATATTCCATATCTTTGATCTGTCTTTCCGATAATCATTGAAAGCCCAAAATCTGAAATACTGTTCCGCCTTTCTTCCGGCTCTATCGAGACGAATTTTAAATATATGGTTGGAATCTTTTTGATAGCCTCTTCCCTTTTTTGGACACTTCCAAGGCGCAAGATCTTTCTGCTGTCGAGTTCGGAAATCTTTTCAGCAATTCCAAAATTCATGAGCATCTTTACAAAATCCGGATCCTTTTTGAAACCATTACCGGCAAAACTTCTTAGATAATCTAAATCAAGGTATGCGGTGTACACTATCTCACTAGTGGCTAACAATCGGCCACGTGAGTCATAAATGCTCCCGCGTAGAGCAGGCGTAACGCTCTTAACGGCATACTGATTAGTCGAGATATTAATATATACCTTTAGATTTAAGAACGATATAAATGCTGTTAGTAAGACTAATACGAGTTTGTAGCGAAGTCTGCTCAATTTACCACATCACGTCCTAAGATTAATTTCGAGATCTGTACATCAAGTGCCTCTGTCTGTTCTTCTAAAACGCCTAAGTTCTTCCTGTACATCTCAACCTGCCTCGAAAGTTCGGCTGTCTTGACGTTTAGAGCATAAGTTACGACAATAAGTGAAAGTAGTAAAACCCATGGTAAAACAAGTTTGAAAGTTACGAGAACCCTTCGCTCCTCACGCAAACCTTCCAGAGCTTCTTCTCTCCGCTTGCTCCTGACAAGTGTCATACTACATATCCCCCTTCGCTCCGCTGATATGTTCCTTAATTAAGTACCCAAAATCTCTGCCGAAAAACAAAGATGGCAGAAACACCCTCTCCGCTGAAAGTTCTTTTTTAATCTTAAACACTCAATAAACAAAAGAAAACAAAAAGCTTTCTAAGAAATAATCCTCTATACCCTCTCCGCTATTCTGAGTTTTGCACTCCTGGATCTTGGATTAACTGATATTTCTTCCAAGCTTGGTGCAATGAAATCTCCCAATGGTTTTAGTCTCGGATCATCCTTAAACGCATGCTTAACAAGCCTATCTTCAAGTGAATGGAACGATATTATTGCAAGCTTTCCTCCGTGTGACAAAAAGTCTGGAGCAAAAGACAAAAACTTCGTTATATTTTCCAGTTCTTTATTCACTTCTATTCGAATTGCTTGGAATGTTTTTGTTGCAAAATGCCTTTTTCTACCATGAATTTCCTTGTATGGCAAAGCGCGTCTTATCGCTTCAACAAGTTCTCGAGTGGTATGTATAGGCCTACTCTGCACAATGGAGCGTGCGATCCTGCGCGCAAAATTCTCTTCGCCATATGAATATATAATATCGGCTAATTTTTCTTCCGGGTAGGTATTAACAACATCATAGGCGGTCAAGTCATTTTCGAGGTTCATCCTCATATCGAGAGGTTCGTCTTGGTTAAACGAAAAACCTCTACCTTCTGCTTTAAGCTGGTAGGTAGACACCCCTAAATCAACAAGAAGTCCATCAACTTTATGGACTTGCAATAGGTTCAGCAAGACGGGCAATTCAACGTAGGAGAATTTAAAGAGCTGGACATTCGGGTGGGCTTCCAGATTTCGCTCCGCTATCTGCAACACTTCGCTATCAACGTCTAAACCAATAACTTTACCACCACTTGCTGCTATCCGCTCCGCTATCGCTTGGGTGTGTCCCCCTTCTCCTACCGTACAATCTACGTACACCCCGTCCGGCTTCCACACTAAGTTGTCAACAACTTCGTTCAACAAAACCGGGATGTGACGCTCACTATACAGCCTATTCATATCTTCTGTACTCAACTCCGCTCCGCTAATTAGAAAAAACCTATCTACATTGTAGAACAAATCGTGTGCAAATTGCAATTTTCATATATTTGAGTATACGTTCGAAAATATAGTATTTATGCTATTTTCAGACATTTATGAGATATATACTGAAGTATAGTATAATTTAACATAATGTTTACATTTGAGATTAACGGTATTTTGATGAACAAAACAAAAAAGCAGGGAGGTGCTAACCTGCCCTGCTTTTAGTTGTAAAATGTCTACTTAAGCATACTATTTTGTTATTCTTGTTCCTGTAAGACCTTTCAAAGCCTTATCGAGAACAGCCATATCGGTAATAAGACATTCTCTACCTGTAGAGGTCACAAAATCGATAGCTGCTTCAACCTTTGGACCCATGCTTCCAGATGGGAACTGTCCTTCATCAAGATATTTCTTTGCTTCTTCAACTGTCAGATGGTCGAGTTCTCTTTGATCTGGCTTTTTGAAGTTTACGCATACCTTTTCAACGCCTGTAAGTATTATCAATATATCCGCTTCGATCTCTTTTGCCAAAAGTGCACTTGCTCTGTCTTTGTCTATAACCGCTTCGACACCCTTAAGCGCGCCATTTTCTTGAATGACTGGTATACCTCCGCCACCAGCTGCGATGACGATAACATCTTTTTCGACCAACGTTTTTATGACATCTTTCTCTACTATATCAAGAGGAATTGGAGATGGAACAACTCTTCTCCAACCACGACCAGCGTCCTCTTTCATTATCCATCCTTTCTCTTGATGGAGTTTCTCCGCCTCTTCTTTTGAATAGAACGGTCCCACCGGCTTACTTGGTTTTTGGAAACCTGGGTCGTTCTTGTCAACAACGATTTGCGTTACTACTGCAGCAATCTGCCTTTCGATATTCTTTTTCCTAAGCTCGTTGCCCAATGTCAGTGCTATCATGTAACCAAGACTTCCTTGTGTTTGCGCATCATTAACGTCAAGTGGGAATGGTGGTATAACATGTTTTGCGAGGTCTTGTTGTACGAGTATATTGCCAACTTGAGGACCGTTGCCATGAGTTATTACGATATCGTATTCATCTAACATCGACACCAAGAAGTGCGCCGTTTCTGAAAGATTCTTCATCATGTTTTCCGCCGTAGCTTCTTCACCAGGTCTGTTTACCGCGTTACCACCTATTGCAACAACTGCCAACTTTTTCATCGAAACACCTCCGTGTACTCTGTGGTTATCAATCAGATTATTATATCAGTTCACGAAAGAGCGATAGCAAGAGCTATGGAAGCAAACTTTGAATCGCTTGTATCAGCTCTTGATATGACGATTACAGGTGCTTTGGCTCCAGCTATTATACCTGCAATTCTGCCGTTTGCAAAATATACAGCGGATTTTCCGAGGAAGTTTCCGCTGTGTATATCAGGAACAACCAATATATCAGCATGTCCCGCAACATCACCCTTAACACCTTTTACTTCCGCAGCGTAGACACTCAAAGCGTTGTCGATTCCGAGAGGCCCATCTATCTTACAATTCTTAATCTGGCCCCTTTCATTCATCTTCGCAATTACAGATGCTTCGAGTGTCTCAGGCATATCTGGGTTTACAGTCTCAACAGCAGCGATGAGCCCGACTTTCGGCATCTCGTATCCAAGTTTTTTTGCCACTGAAACTGCATTTTCAATGATTTGAACTTTCTGCTCCAAAGTTGGTTTAATAACCATTCCGCCATCGGTTATGAAGATCAACCTATTCACACCAGGCACTTCAACGACTGCAACGTGTGAGAGCAACCTATCAGTTCTCAAGCCACATTCTTTGTCAAGAACAGCTTTCAAAAGCGTTGAAGTCTTTACGAGCCCTTTCATTACTATGTGCGCTCTTCCTTCGACAACAGCTTTCACAGCTTCTTTTGAAGATTCCTCGTCTGTTCTGCAGTCTATTATTGGAAAATCGGCGCCGACTTCTGCCAGGTTCTTCTCTATAATCTCCTTCTTACCAAACAACAGTGCGGAAACGCCGAGCTCACTAG
