gap_id	start	end	length	sequence
CP129493.1_gap1	9150	10134	984	CCGGCTTCGCCATGGTCTCTACGCTGATGATTATAACCAGGGAAGTGTTGGACCTCAAGCAGTTTATCACGGTGAAGCACTTAGATAACATGGCCAAGATCATGCTTGCTACCGGTATGATGGTTGGGTATGCATACGCAATGGAAATGTTTATCGCATGGTATAGCGGCAGCAGCTGGGAACGCTGGATTTTTATTAACCGCGCCATGGGAGATTATGCCTGGGCATACTGGACAATGATTACCTGTAACGTAATCTCACCTCAGATTTTCTGGTTTAGGAAATTCCGACGCAGCATCCCCGTGCTGTTCATCATTACCATATTTGTAAATATCGGTATGTGGTTTGAGCGGTTTACGATTATCGTAACATCACTACACCACGACTTTTTACCGGCATCGTGGGGGTATTATTCGCCATCGTGGGTAGAAATATCAATCTTCATCGGAACGTTTGGGATCTTTTTAACAGCATTTCTGCTCTTTGCCAAGTTCGTTCCTGTCATCGCGATTGCCGAAATCAAATCGATCATGCCGGGTGCCCAGCCGGCCCACCATCACGATCATAAGCTTGCCGAGGTTAAATCATGATGACTGAAACTGCAGAAACAAAAACTACACTAACCTGGAAGGGTACCCCGGTAGGCGCTATTGGTGAATTTACTGATGTGAATGCACTTATGCATGCCGCTGAGGCAATCCGTGATGCCGGGTACCGTGCTTTTGATATTCACACACCATATCCCGTGCACGGACTTGATCAGGCAATGGGAGTTAAACGGTCAATCCTTACCTATATCTCGTTTACAGGCATGGTCATCGGTCTTTCGTCGGCACTTGGCATGCAGTGGTGGATGGGAGCAATTGATTATCCCCTGAATATTGGAGGTAAAGGACTGTTTGACTGGCAGTTCAGCGTACCAATTGACTTTGAGCTTTCGATACTTGGTACAGCCGTATTTACTGTTTTTGGGATGCTGGCATT
CP129493.1_gap2	11600	16493	4893	CCGGAACCACGGGCTTTTAGACGGTTACATACGTGATGAGCATTACCATGACCTGGGTAAGCTGATGTTTGCGTTTACTGTTTTCTGGGCATACATCGGATTCTCACAGTACTTCATTATTTGGTTCGCCAATATTCCTGAAGAAACTGTGTACTTCACAACGCGTTTGGACAATACGCCTTGGAGTGTTTTTGGTATTCTGCTTATCCTTACACGCTTTTTAATTCCGTTTGCGTTATTGCTGAAGCAGGATGTGAAAAGAAAGAAGAAGGTTTTGGTATGGTCGGCAATTGTGATTTTAATTGCCCACTTTATTGACATCGTCTGGATTGTTATGCCGGCAGTAGGCAAGGTGCTTATCCATGGAACATCAGAGCAGGCAATACCATTCTTGTTCTCGTGGAATGAGTTTACCGGGATGCTCTTTTTTGCCGGTGTTTTCCTGTTTGCCGGTGCAAGGATGTTTACATCGCAGAATGCAGTGGCAGCAAACGATCCGCTTCTTCAGGAATCGTTTGAATACCACAGCTGAGTTTAACATCCTAATAATTATCAGCGCCGTAAATCATGTAAAGCCCAACTGTCTGGTTGGGCTTTCTGTTTTTGGTGGTTGTAGTCAGCAGCTGCCGGCACGGCACACGTATTCTCAGGTCTGAAACTCGTATCTTTGATGCCGTATTACGTACACCAGTTATTGAAATTTCTGTTAACCTATTCTCTGAGAGAAGATACTCATGACCCAGCATACGTTTGATGTTGTTGTAATTGGTTCAGGACCAGGCGGCTATGTTGCTGCAATTCGTGCTTCGCAGCTAGGACTTAAAGTAGCCTGTGTTGAGCGCGACCGACTTGGAGGCGTGTGCCTGAATTGGGGCTGCATCCCTTCGAAAAGTCTTTTAAAAAACGCTGAATACATGAACTTCCTGCATCATGCCGACGATTTTGGCTTTGCTCTCAAAGGTATTGATGTAGACTTCCCCAAAGTTATCTCGCGGTCGCGTGGCGTTGCTGAACGCATGAGCAACGGCGTTCAGTTCTTGTTCAAAAAATACAAGGTAACCCAAATAAAGGGCTGGGGAACCATGAAGTCTGCCTCGAGTGTTGAGGTGAAGGACGAAGATGGTACGGTTACCGATATGATTTCAACAAAACACATTATAGTTGCAACAGGTGCAAGGCCACGCCAAATCCCGGGTATTGAAGTTGACCGGCAGGCCGTTCTAACAAGTACCGAAGCAATGCTTCAGGAAAAAGCTCCCAAAGACATCATTATTATGGGTGCCGGTGCCATCGGTATTGAATTTGCATACTTCTACAATGCGTTCGGATCGAAAGTTACCGTCATTGAAATGCAGAACAGAATCCTTCCCGTTGAAGACGAGGAGGTAAGCAAAGAACTGCGCAAGGTTTTTGAACGTGAACTGAAAATGACCATTCATACCGAAACCAAGGTGAAAAGCGCAAAGAAAAAAGGTAAGGGTGTCGAAATTGTTATTGTAAAAAAGGATGGCACCGAAGAAACACTTATCGCCGAAAAAGCACTCAATGCAATAGGAGTGCAGGGCAATATCGAAAACATCGGTCTTGAACAGGTTGGCGTTAAGCTTGAACGCGGCTGGATTGTTGTTGATAAGTTCCTGCGCACAAATGTTCCCGGTGTTTATGCCATTGGCGACGTTGCCGGAGCCCCCTGGCTAGCTCATAAAGCCTCGGCAGAGGGTATCGTAGTGGCAGAACACATTGCCGGACATCCCACCGACGGTGTTGATTACCATAATATCCCCGGCTGTACCTATTGCCAGCCTCAGGTTGCCAGTGTTGGCCTCACCGAAGCAAAAGCCAAGGAAGCCGGCTATGACGTCCGCGTTGGCAAATTTCCGTTTACTGCCAATGGTAAGGCCCATGGTATCGGTAAGGCACAAGGCTTTGTTAAACTGGTGTTTGACAAAAAGTACGGTGGACTGCTCGGCGCACACCTGATTGGCCCCGATGTTACTGAAATGATCGGTGAGTTAGGTCTTGCACGGACCCTGGAAGCAACCGGCCCAACAATCTTTAAAACCATACATGCCCATCCCACACTGAGTGAAGCTATTATGGAAAGTGCCGCAATGGCCTGGGATGAAGCAGTAAACTTTTAAACGATTTCGAGTGCGGATAGAAAACTGGGGTCTGATTCGTTTTGCTGATGCCTGGGACAGGCAGCGCGAACTGGCAGAACGTGTGTACCATGGTGAACAAGATACCTTGGTGTTCTGTGAGCATCCGGATGTAATCACTCTTGGAAGAAACACCAAGACAGGGAGCCTGCTCGCTTCCAGAACCATGCTCCGCGATCGCAATGTTGACGTGATTGAAATTAACCGTGGTGGCGAGGCAACGGTACATAACCCCGGTCAGCTTGTCGGTTATCCTGTGTGCAATCTCCAACGCTCCAAACCAGATCTACATTGGTTCCTGAGAACAATTGAAGAAGCTGTTATTCAGGCACTCGATGAAATTGGCATTGCCTCCGGTCGTGTGGACGGACTCACCGGGGTGTGGATTCAAGACGTTCGCAAAATTTGTGCTATCGGTATCCACTGCAGCCGGTGGATAACTACCCATGGTTTTGCACTGAATGTGAATAACGACCTTTCACTGTTTAACGACATTATCCCTTGCGGCATTGTAAACAAAGGGGTTACGAGCGTCAGCCGAGAAATTGGTGCACCAGTGCCGCTTACCAACCTGCAGGATGGGATTGCTGAAAAACTGGAAAGTCTCATAAAATCAACCAAATTGGACGTGCTACACTAACATCTTGGAAAATAACATGGTTACCGATATAGACGATTTATCCGTAGTTCTGTGGAAAACTATGTGGATAACTGTAGGTGTCGGCAAATCATGGTCTTAATGAATAATCCGAAAATTGGACGTTGATTAGTTACGGAATGGGGCGTATGTTTGCATTCGTTCTAACACATGCGGGAATAGCTCAGTTGGTAGAGCACAACCTTGCCAAGGTTGGGGTCGCGAGTTCGAGTCTCGTTTCCCGCTCGGCGACGCGAGTCGTCACTTCCTCTTTATGCTGCATGCCTTGCCGTCGTTTCCCCCTTGATGGCGAGGCATTTTTTATTGATGTAAGTATTCTTTTTTCGGGTAACTTTCAGTGACAAACCGCAGTCTTGAAACAATACATCATGCTTATACCGTCAACCCATCACAGTGTTACAGATTAGTTTCAATACCCATCCACCAATCAGAATGCAGTCTGGGAGAGTAGTGTTGCATATCTCCGCACAGCGGAAGTCATTATGTTTACTACTGGTACTACTCGTGTATATCGTTCCGGGCAGTGCCTTGCAGTACCCCTCTGGTGTTACTATTGAACACACTCAGTTTCGGTCTGTGCGAATAGTGGTTAACCCCGAGGTAATGGTTGACACGGTCACGGAAGGGGCTGGGCAATTCGTAAAAGTCACCTCCTCTGAAGCATACCAACGGTATAACAGACAAGGAACAACGTGGCAGCTCTGTTTGGATATTCCTGTAAAGGTTTCGGGAGCCAACACACTTGCGCTCACCCGTTCGGGGTCTGTTCCGCAGGTTGTAAATCTTGCACCACTGCCTCCGGAGACATTTGCCGATGAAAACAACGCAGGATTGAAGCCCATTGTTGGACAATCTGTTGTTCGTTATGCTGGAATCAGCGCTGGTGTACACATTGCCATTGCAACCGTTGTACTTGCTGAATGGAGTATCGCAACCAACTACACCACAATCCACCGGCGTGCGATATACGAGTTTGAAGTTGCTCCAACTACCGTTGCACAGTCTTCACCGGTGCAAATGGGCAAATCGGCAGACCTGGTTCAGGGTATCGATGCCTTAAGTCCGGTTGCCAGGGTTACCGTAGAATCCGAAGGGATTTTTCGGCTTACTGCGCAGCAGTTACAAAATGCCGGACTGCCGGTGGATGCCGATGCAGCCCGTACGATAAAGGTGTTAGGCTGGGGGGGCAGAGAGTTGTCAGAACAAGTTGAACCGCCATTGAATAACGAGCCGACAGAGCAGGAAATAATCGTAAACACGAATGCTGACGGAAGTATTCGGGACGTAATATTTTATGGCGGCGGACTTACCGGATGGGTTTGGGGTAACGGTAAACCTGAACACTACATTCATCATTATGCGTTGCAGGCCTCGTATCTTATTACAACAGCCGGAGGTGCCGGCCGGAGAAGCAGTACTAGACCGGCCGCCACCGTACAGCCTGCACACCAGCCACTTACTGTTGACGGCTTCGTTTTTAATGAAGAAGAACTGGTGAGTCCGTATGCCAGCGGTTCCGGACGGAAATGGTTTGGACGCACGGTTGAAAATGGCGGTGCCTACGTGTTAACAATGCCGTTGCCGGGATTGGTACGAAATGGAAACGTACGCTACAGTATGAATGTTGCGCACAGAGGAACTCTACCAGGATTGTTCACCATGTTGGAATCCGGCAGTGAGTTTGCGCAGAAAAGTTTACTCAAGGTGCCACAGTATATGGATATGTACAGTGGTCGCGTGGCCGGATCTGTTCCTGCCGATAAAATTGCAGCCGATAACCGCAGTGTGGTACGGTTTGAATACACATGTGATGATAGAATTGCAACCGGCAGCCTGGACTGGATTGAAATTGTGTATCCCCGCGGCCTGATTGCCGACAATAATACGTTCACTTTTTTTACCGATCCCGGGCTGCAGGGCTGTGTTGAATACAGCATCAATGGTTTTGATGGCAGCGATGTCTATGCATTCGATGTTACCGATCCGGCACAACCGGTTCGTGTAGCAAATGTGGCGCCCGCCGGGAGTATCTATTCAATTCGGGAGATTGCTGATTCAGGCAAGGTGCGCAGGTAC
CP129493.1_gap3	58823	62322	3499	AGAATAGTGATCAAGTTTGATAGTACATCGACGTTTTAGCTGATAGCTTCCTCCAGAAGCTGTCTGCCATAAACCTGCGCATATTCACCGTTGAGGCTGAGGAGTTCATCGTGAGTTCCGTATTCAGTCACCATACCATCGTGTAAAACCATGATATGATCGCAGTGGCGCAGTGCAGAAACACGGTGTGATACCACAAAAGTAGTGCGGTCACTCATAATGTGCCGTAGCTGCTCAAGGATTTTATGCTCTGTATGCGTATCGACGGCCGACAAGGCATCGTCGAGAATTAAGATGGCAGGATTAGTCAGGAGTGCTCGTGCAAGTGAAGTCCGTTGTTTTTGTCCGCCACTCAGCGTAATGCCACGTTCGCCCACCATCGTCCGGGTGCCGTGTTCCATGTATTCAAGGTCTCCGCTTAACAGTGAACTCATAATGGCACGTTCAGTTTGTTGCGTGTTGGCATCGGGATCGCCAAACTTCACATTATTCTCGATAGTGTCGGAAAATAGGAAGCTTTCTTGCGGGACTACGGCAATATGTTTTCTGAGGACAGCAAGCGGGATTGTTCGTATGTCATGTCCGTCAATCGTTATCGTGCCACTGGTTACGGTATACAGTCGTGGTATTAGGTTTACAAAAGAGCTCTTACCACTGCCAACGCTACCCATAATTCCAAGTGAAGCCCCTGTTGGTACTTCAACGGACACGTTCTTCAGAGCATCACGATGCACATAAGAAGGTGAGAATGGGTTTGGATAGCGGAGCGTAACATTAGAAAAACGAACGTGTCCACTCAGGCGGGTAATCGAGTAATTTGTGTTGTCATCATCGGTGATGTCGGATCCAGAATCGAGAATCACGCCAAGGCGTCCTAAACTTGCAGCACCTCTTTGAATCATACCGGTTACCCATCCAATAGCTCCAACCGGCCAGATTAGCTGATTCAGGTAAATAAAAAACTGAGTCAGATCACCAACCGTAATGGCATGATTAACCACGCGGTAACCGCCGTAGCCAACAACAACGATATAGGAGAGGTTAAAGAGAACAGTCATAGCAGGCATCATCAAGGACTGTACTCGTGCCAGGTTCATGCTCTTCCGATAATAGTCCTTGCTTGTACGTGCAAAATGTTTAGAATCCGATTCTTCCAGTGTATATGCCTTGACTACGCGGATACCCGAAAATGCTTCCTGGGCATGGGTGGTAACATGCTCGTACTGCTCCTGGACAATCTTATATCGGCTATGGATTTTTTTTCCGATACTGAAGGTAGCCCACGAGATGAACGGTACGGGAATAACGATGGCAAGTGTTAGCCATCCGTCAATACTCAACATCCAGCTTAACGCAAAAATGAACGTAGTAACGGTATTGGCCGTGTACATGATAGCAGGCCCGATAAACTCGCGTACCGAGCCGATATCGTTTGAAAAATGTGCCAGCAAAGAGCCGGTGCTTCTGCCATGAAAAAACGTCTGACTCTGCCGGCTGAGGGCGCTCACAAAGTCGTTGCGAAGGTCTTCTTCAACCAGTCGCGACATTAGAATAATTGTTCTGCGTGTGGCGAACATACCAAGCCCGGAGCCGATCGTGAGGAGCAGAATCTGAGCGATGAGAATCAGAATATCAGATTGGGTGTAAGCATCAGCCCGAAGGGCATCCACGGCCCTGCCAACCATGTGGGGAATGGTGGTGCTGCAGATGTTGCTAACGGTAATGAATATCAGACCCCATGCGATCTTTGAGCGATACCGCAGCAGGTAAGGCTTTAACCGTGCCAGATGTGCCAGCATTGCGGCCAGGTCTCAGGCTATGGTTATTTGATTGCAGAGGTACACGTTCTGTATTGCATGGAGCAGTGCAATTCCGTCGTGCATTGGCTTTTGGAATGCCTTCCGACCCGAGATCAGCCCCATACCGCCTGCTCTTTTATTGACAACAGCCGTTGTTACTGCTTCCGAAAGATCGTTACTACCACTTGCACCGCCACTGTTAATTAGGCCGATTTTCCCCATATAGCAGTTGGCAACCTGGTATCGTGTAAGGTCGATGGGGTGGTCAGTGGCAAGTTCTGTGTACATACGCTCGTCCAATTTCCCGTACGAGCTTCCACCCATATTCATTGCTTTAAACCCACCGTTATTTTCAGGAAGTTTTTGTTTAATAATGTCTGCCTGAATTGTTACCCCTAAATGATTTGCCTGTCCGGTAAGATCTGCCGAAACATGGTAGTCTTTGTCGGCTTTAAAGTGACTGTTTCGTAAGTAACACCACAAAATGGTGGCCATTCCCAGCTCATGTGCAAGCGCAAAGGCTTCGGCAATCTCAACAATCTGACGGGAGCTTTCTTCAGATCCAAAATAGATTGTGGCTCCAATAGCTGCGGCACCCATGTCGGCGGCTTGTTTAACAGTTCCGAACAAAATCTGATCGTAAGAATTGGGATACGTTAGGAGCTGGTTGTGGTTGATCTTAACAACATAAGGAAATTTATGAGCGTATTTGCGACTGGTAGCAGCCAGTACGCCAAACGTAGATGCAACGGCATTGCATCCGCCTTCAATTGCCAGCCGAATGATATTCTCGGGGTCGAAGTACAGCGGGTTTTTCGCAAACGAGGCACCTGCACTGTGTTCAACTCCCTGATCAACAGGGAGTATGCTTACGTATCCGGTGTTTGCCAGCCGGCCTGTTTGATGTATCCAGTGAAGATTATGGAGTACGGCCGAGGAGCGATTGCTCTGACCGAATGTGGCGTCAACACTGTTGGCAGACGGAAGGTGCAGTAACCCTTTGTCAATTGTTGTACAAATGTGGTTTAACAGGTAGTCGGCCTGCGTCCCGAGCTGCTTTACGATGGTTTCAAACATGGCTGTGGTATTGATGGTTGCAGTATTAGGAGAGTGCAAAGTTACGGACTACGCGTTTGCCCTGCGTATGGCAAAGCCCCTTACCTGACAATCAGTAGTGGCCGGACTGCATTGTACGGACCACTTTCCATTCGAAGAAAGTAATGTCCGTTTGCAAGGTGCGAAACGTCAAGGGTCAGTTCGTGATCGCCCGGAGGCAGGATGGGAGTTTGCACTTCGAACACCTGGTTCCCTATGTTGTCAGTAATAACAAAGCGGGATGAACATGTAATGCCGGTGCTGTAACGAAGTATGGTACCCCGGTGTACGGGGTTTGGCTGTGGATTCGAAAACGAGAACCGGCTGCCGGCAACTGTGATAATCCGGCCGTCGGGAAAGCAGGTGGCATCAACACGGTATCGGTGGACGCCGCCTTGGGTGTGAACGCAGTTCGGAGTGACGTCGGCAAGAACCCGAATTTCGTGTTCACGCTGCGCTGTGATGTACGGGTCGAAAATGATATTCAACAGAAGCCCGTTCTCCAGGGTTGTACTGGTTGGTGTTCCGTGAAGAGTTACCGAACCGGGTATTACGTTGGTAACATCAAACGTCCACCCGTTCGGAGTTTCACCAACAGAGCGAAA
CP129493.1_gap4	64968	66732	1764	ACGGTATGTATTTCCAGGCTGAGGAGGCAGCCAACGATATGTTAGATTGGTGGCATCATTGGTAATCATCTCCCAGCTGTTTCCGCTGTTACTGCTGTACTCTAACCGAACAGGTGTTGTTGGGAGTACACCGCTCCAGCTTATCGTGATTGTATCGCATGCCGAAAATACTTCGCCGCCGATGGGGTGGTTAAGCATAACAAACCCTTGTCCGCCTACCAGTTCGATATTTGGCGGGCACGGGGTTCCGAGCAATGAGAGCCGGGCTTGCCTGAATACCTGTTGTGATCCTTGTGTAAATCTGACCCGTATTGAAGTTTTCTCGCCGGGTTTTAAGGTAAAGGGTGTAAAAATGCTCCCCGTGCCGCGTCCCCAGTCAGCAACAGAAAAGTAGGTATCCGGATCGATAGTATAACCTGTTACGGTTAGCGGCACCCCGGTAGCCTGGACTACAACGTCAGCCTGTGACGTTCGACCGGTGTCGGGATTTCCGCAGAACAGCACTGGGAAGTTGATGAGTGTGCCGCCAACGCTTTCTGGGGGCGTTGTATAGGTTGCTTCAGCGGTAGGGGAACCGTACGTTTTTAATGTGATTGTTGCGGTTCTGTTTCTGTCTTCTGCTTTGCACACAACCGGGCTTACCCATGACAAGGTACACGTTTCTGTTGACTGAGTCTCCAGAGCGAGGTAGCTGAATAAATCAATGAGTTCAGTTTCTTTGGCAACAATGGACTTTCCGCCGGTTGCACTTGCGAAAGCCGCAATGGTAGCGTGAGTATTCCGTTCCATTAGGGTCACGCTGTAAAAGCGAATCCCGCTGGAACGTAGTATAGGAATATTCTGGGTGATAAACTTATTTTCATCTTCGATGACGGGATTCGGGTGACCGTCAGTTAAAAAGAAAACGTAGCGTGGCAGTGACGGCGGGCGCTGCTTGAAGAGTTCGTAAATGTTGTTGCCAGGGTCTTCGAATGGTTTTCTGTAGTCGGTGGATGACTGAGGTTCCATTTTATTCAGGGTGTCGAGGATAACCCGAGGATTATTTGTCCAGGGCGTCGACACTTCAAAATCACCCGAAAACGTTGTCAGCATAACGCGGGTTTCACCCGTAAAACGAATTTTGTTTACGAAGGCCGCAAGAGCCTGTTGTGCATACTTAAAGCGTATCGTTCCATTTACATCGTCCCGCATTGACTGTGAACGATCCAGGATGATCATGATACTGACTTCTGTTTGAGTTTTTGTGGTTGAGCAGTCGTTTGAAATTGTAGCCGACAGATTTGCTGTGGTTCCGGACTGTGTTGACTCGATAATCTGAAACTGGTCTGCCCTTAGCCCGGTAAGAATATTGCCGGAGGCATCGTAGGCGATGTAATCTGCGGTGATGACGGGAAACTTGTCGGCATTCACATTGAAAACAGTTAAGGACTGTGCGTCTACACCCGTGACGTGAGCCATTGTCAGCAGAGCACCAACAATAAATTTTATGATCAGCGGTGTAGCGGCCTGGCGTTTCATCGTATCATTCTTGAGTTCTGAACAGGGGACAGATCATTCGGGATTAAAAAAAGGGGCTCGAATTTACCCGAGCCCCCTACCATGATTACATTGTGAAAGGTTTCATTAGCGAACAACGGAAAGAATTTGTGAACCGACAAACGGACCACTGATCATGCGCAGCGTGTAAAGTCCGCTGCCAATCGTTGACACATCCAGATCGAGAGCATATTCGCCCCCTTCCAGTACAGGCGTTGTTATGCTCCG
CP129493.1_gap5	155001	157368	2367	CCGACGGTGATGACGAGGAATTTTTAACCCTGAGCACCATTCACAGTGCAAAAGGACTCGAGTGGAACTCAGTGTTTGTTATATCTGTTAATGAAGGCAATATCCCATCGGCACGTAGTCAGGGCAGCAAAGGCATGGTTGAAGAGGAACGGCGTCTGCTGTACGTTGCCTGTACCAGGGCAAAAGACACGCTCATTCTTACCTATCCGCTGGTAACCTACCAACGAGAGCACCATGACGTGCTTGGCATGCCCAGCAGATTCCTTGAAACGGTTTCCGATATGGATTGTTTACAATACATTCTGACGGATTCCGACGATGAAATGTCCGGTTCGGATAGTCGTGGTATCAGCTGAACTTCCTAATTTTGGACTTTTTATGAGCCGGCAGATTAAATTCGGCCAATCCAGAAACTCAATCAGGCATGCACATACCAACTTTGCTGGAACTTGGTGAGGATGTAAAAGCCACGGCGCGGGGCATAGAACGTGCCCCTGACCTGCGTGCCGGGCGGTTGGCAACAACTGTTCTGCTCATTGCAAATGACGCGTTTGTTATAACTGCCGTCCTATGGCTGGCATTAATGATCCGCTCTTTCAGCATCCCAACATCGATCCCGTTTTCTGGCTACGCCCTTATTGGGGCAGCCCTTGTGCTGGGTAACACGCTCGCATCGGCCTGGCGGGGAAACTATCCCGGTTATGGTACGTGTGCAATTGCTGAGCTCAGGAATACATTTTACACGATAACCGGTGTTTTTGCCCTGGTTATAGCGGTTTCGTTCTTTAGCAGAGACTGGCCGCCATACGTCCGTTCTATTTTGCTTGGCTCGTACCTTGTTTCGGTTCCTACGCTTGCCATGGCCAGAATGGCCTTACGACGGTGGCTGGGACGATTCGACTGGTACGGTATTCCGGTTTTAATTGTCGGCGTAAACAGTATGGCAAAACGGACGGTGGATGTTCTTAGAAATCACCGCCAGCTTGGCTTGCGGCCCATGGTCATCGTTGAACCTGATAGCGAAACTGCCGAGTACGGTTATCATGAAGGAGTTCCGGTGATTGGCGGCCTGGAGACGATTGAGCCGATTTGTACAACCTACCGGATAAAGCATGGTATCGTAACGATGCCGCATAAACGTATTGAAAAGGTTCGCTCAATCATTGATGAGTACTGCCAGCACCTTGACCATATTACCGTAATCGGTGAAAACGTAAACCCTTCGGTAATCTGGATTTCAAACACGACTGCCGATGCACAGGCGATTGGAGATGTAGAGCAGCGTCTGCGATATCCTGCCCTTCGGCTCAAGAAGCGACTGTTTGACATAGCGATGGTAATACCGCTGCTGATGCTTGCTCTGCCGATTATGCTTGTGGTCTCGGTTTTGGTTTTGGTGTTGAATGGAAGACCCATCCTGTTCCGTCAGGAGCGGATCGGCGAGAAAGGAAAGAAGTTTACCATCCTAAAATTCCGGACGATGCATAATAACGCCGAGGCCAGGCTTGCGGCAATTCTTGCGGAAGATAGTCGGGCCCGTGAAGAGTACAAACGATACCATAAGCTAAAGGAGGATCCCCGCGTTACCAGGCTTGGACGAATTCTGCGTAAATACTCACTTGATGAACTTCCCCAGCTGTTCAACGTTATCCGAGCCGATATGTCGCTTGTGGGAACACGTCCGCTTGCAGAACGAGAATTTGGTGATCTCTCTGCAGACACCATGAAGCTTGTTGCCAATTTGCAAGAGTACACCAAACCCGGGCTATCTGGACTATGGCAGATTTCAGTTCGAGCTGACGGACCGTTTGAAGAACGCCCGCACATTGACCATTACTATATGCGCAACTGGTCGCTCTTCCTTGACCTGTACATTGTTATCCGAACAGCAGCGGCAGTACTGGGCGGACGAGGCGCATATTGAACACGGTGCTCTTTTTATCACCCAGGTTTCCCTGGCCTCTGATTGGCGGTGACCGGGTAAAGGCATTTCATCTTCTTCGGCTTCTTGCCGATAACAACAGGGTCATCGCCGTGGTTTTTAATCAGTCGGCTGATCTCCCGGCCGAGTATATTCAGGCTATCACCCGTTTGGGGGTTGAGCTCCATGTGGTTAGGCTGAATCCGTTAACAGCCGGTATCGGGTGCATTCGCTCGTTGTGGACCAGCCTTCCGTTGGAAATAGCATACTACACCCGTGATTCGTTTAACGTTGTGGTGGACAACATTCTGAGGCAGGAATCCATAACCGACATCGTTAGCTTTTTCATGCGTACGTCCGAGTATGTGCGCCATACCACGGGCCCACGGAAGATCCTGGTTGCCGAAGACTGCCGGACATTGTATCAGACACGTTCGGCCGATGCA
CP129493.1_gap6	177897	180772	2875	TACGGACGCACTGAGAAACCGGCTGAGATTATTTCACGCGTATGCGGCAGACTGCTAACCGAGAAAGATTTCTTAGACTACATTGGCGCTAAGGCAGCGTGCGTGTACGGCGTTTAACGGCGATGAACTGTTGCCGTAAGGGATGCCCGACGGATGTTGTGACGTTACGCGTTCGCACGTACCCGCTGTAGGCACCGTTCAATCATTGCCAGGGCTGCATCGACTGTTGACCGATTAGTTCGGAATGACAGTATTGCAATCCGGATCACAAAGCGTGAATCAACTTGTGACGAACTAAAGAAGACTTCGCCGTCGGCATGGAGCTGTTCTAAAAGTAGTCGGTTAAGGTGGTTTGAATCGCCGGAAAAAGGATAGTAAAAGTAGCTCACTGACAAGTCAGGATCAGGTCCGACCTCGAAGCCCAGTTCTTGTACCCCTAATCTAAAATAGTTTACCAGAAGAAGCTTCTCTGCCAGGCATGCGGCAAAGGGTTTGGTACCGTACAATTGCAGGGGCAGCCATACACGAAGTCCACGAAAATGGCGCGTAAGCTCCGGCGAAAGGTTTGCCGGGCTTAGTGCCAGCTCCTCATCGGCAGCATCCTGCATGTAGTTGGCAGTGTAAAAGTGCGACTGGAGTACAGCGTGACGGTCCTTTACCAACACGGCTCCTACGCCATAGGGCAGGAACAGTCCCTTGTGCGGATCAACAATGAGCGAGTCAGCGCGTTCAATACCCCTAAAAAGGTGTTTCTTGTCCGTCAGAATAAAAAAGCCACCGTAGGCGGCGTCAACGTGAAACCACAGTCCGTGCTTCTCCGCAATATCAGCCAGAGCCTCCAGTGGATCAACGGCACCGGTATCGGTTGTGCCTGCCGTTCCAACCACAAGGAACGGATGCAGCCCCGATTGCTCGTCGGCAATAACCTGGTCTGCCAGCACCTGGGCATCCATGCGGTGGCGGGTGTCAGTGGGGATGCTGCGAAGTACAACATCTTCCAGACCAATTATGCGGAGTGCCTTTTGAACAGAGTGGTGAACGTGTGAGCTCAGGTACACCACTGCCGAGTAAACATGGGTGCCTTTAATGCCGTGTTTGTCACGTGCAGCCGTCAGAGCAATCAGCGTGGATATTGATCCACCTGATGACAAGCATCCCGTTGCTGTTTCAGGAAACGAGAATAATTCTTTTAGCCAGTGAACAACTTCATTCTCGATCGCTGCAGCACCCGGTGCTGCAAAATACGCTCCTGCAAACGGGTTCGTAACCGCTGCCAGGTAGTCGGCTAATGCACCTGCGTAAATGCCGCCTCCGGGTATGTAGCCCAGATGCCCTCCTGATGCCGCATTAATGCCGGTTCCCACGACCTCGGAGTTGTACAGTTCCAGAATGTCAGTCAGGGGGCTTGGATTGCCGGTAATTGCAACAGATTGTAAAATTTTTGACTGAAAGGCGTTGGTCGAAGACAAACGGTTGATGAAGCTTGCGGCAAAGCCGGTTACGTGACGGGTGAGCGCGGCTCGCTCACCTTCTGACGGTTCAAGAACCGAGCTTTGCTCCTCGAGGTCCTCAATCTGCGATATCAGATCCGCTTTCGTCATAATATCCGGTTGTCCTATGTGTTTCGTGCGGAATGCGTTAACTTCTTAGAGAGCACTGCATCAAGTGAGTAATTACCGGCACCATGCACCATAAAAAAGAAACCCAAAACCAAATACACTAACGGAAGCTCCCGATTCGACAACGGCATTCCACTATGAATATGAAAAAAGATTACCATCATGGTGGCAAAAATCGGGATAGCGGCAATGCGCGTAAACAGTCCTAATGCCAGGAGTACCGCACATCCAAACTCGGCCAGCATTGCCATGGTGAGTGAGAAGCCCGGACTCATGCCAAATACGGCCGCGAACTCAATAGGCTGCTCGCCCAGGAGTTTTGAAAGCTTTGGAAACCCGTGGGTGATCAGCAGGAAGGCAAACGAGACCCGGAGAATCAATACGGTGACATCGGTTAGCCGTTCTGAGGCGAATGGTTGGAAGAGTTTTGTCATCATAGGATATGTGTTGAGATTGTTGGTAATTGTTGAAAGTTAACGCAGAGAATTCAGATTGTGGTACAAACGCCGTTGTCGGCATAGTAAACGCTCCTGGCATCACACCTGCCGTACAGAACAAAAGTATTGAGTGGTGAATGAACCATCGCGGCCAGCCGATACCTGTGTTTCCGCCGGGCCACGGCCGATCCTGCATCAGTGGCAGAATCACAAAACGGTACCCTCGGGATGCCCTCACACGACGTCCGGTTGTTGGCTCCCCCGAACGGATAACAGCCAAACTTGTTGTTCGCAGCTTGTTAACGCTGTGTTACCGTTCCTGAAGCGGACAGCCCATTTTCGAAGTTTTGGTCTTGCTCTTTGCCGACTTTCTCATATCTTCGCAGCCTGAAAAAGCGCCAACTTAGCTCAGCTGGTAGAGCAGTTCATTCGTAATGAACAGGTCGCCGGTTCAAGTCCGGCAGTTGGCTCACTATTCCTCTCCTCATTCCTGCTGATACAACGGCGAGAGAAGATATTGTTGCATTTTTTTATGAATGCCGTGCCATGGGTCGAATAAACACCATCTGTCTTCCGGCCATATTTCTCCTGTTCCTGGTAATTCCATCGTGTACGGAGCCTTCCACGTTTGGAGAGCCCCTTTCCGACAATATGAAGGTGCTGAGTGTATCGGAAGCAACAGAAGACAGTCGGCAGGGCAAGCCGGTACAGGTACAGGGTACAATTACTGCTGTATGTCCTGACGAAGGATGTTGGATGGCAATAACTGATGGGAAGACCGGGCTAAGGATAGCATTTACGAATAGTTCGTTTGTGGTG
CP129493.1_gap7	187163	190299	3136	TTCATTATTTCTTCTGTCGTCGTTGTTGAATAACATCCGCACATAACTCAAGCATCTGCTGTGCCGCCGCATCCCAGGTAAACCGTCGTGCCCATTCAATAGCATTCATGCTTAGGCGTTCACGCAGCGAGGCATCTGCAAGCACCAGGCAGATTAGACGGGCCAGTTCATCAATATCGCCGTACGGATAGAGCATTCCAGAATATTCATGTTTTACGGAGTCACGCAAACCGGGCACATCGGCACTGATTACAGGAGTGCCACAGGCATTAGCTTCAATATTGGTAATGCCCCAGCCTTCTTTCACTGACGGATTAAGATCGATGTATGCGCGGGACAGATGCTTTGCTTTTTCAGAGTCTTCAACAAAACCATGGAAGCGGACAACGTCGATCAGACCAAGTGCCGTAGCAATTTCTTCAAGAGCCGTCTGGTCGTCACCAGTACCGATAACATCCAGGACAACGTTGGGAAATTGTTCGCGCACTTTAACCATTGCGTGCAGGATATGATCAATACTCTTATAACGCTTTAGTCTGCCAAAATAGACCAGTGTTTCGGTTGTAGCTTTTGTAGTGACTTCAAATGGGAAGAGGCTGGCATCGATACCATTGTAAATAATGTGGATATTCTTGCCCGGAATTCCACGGTCAATGCACTCTTGTTTGGTGCTTTCGCTTACAACGCATATCGGGATGTTGGCATACACACGGGGAATTTGTTTTTCAAACCACAGTACATACTTTCCGGTGAGCCTGCCTGCCTGCTGATAAATACTGTCACCAAAAAAATGGTGTATGATTGCAAGAATAGGAATCTTCCTGACAAACCGGGGAGTGAAGAACGGAAGCTTATTGATATCATCAATAACAATATCAAACTTTAGCCCCTTACCAACCAGGGTCCACCATAACGGGACGATGTAATTGAACCACGGTCGCCTGCCAATCCTTACAATGTTTATACCATCGCATGTTTCTCTGTGTGGTGCCTTCCCATGCCCACAGCAGAGTAACGTAACATGGTGTCCCTTTGCAGCGATGCGCGAAAAGATGCTGTGCAGATGCGACTCGGCACCTCCGCTTTGCGGGTGAGATTTATCCTGCCAATTAACTACCAGAATGCGCATGACAGTGGATGTACGTTAAAGGCATGCACAATGGTTACTCATAGCATTAGTTCTGAGGAGTCTCTACAAGGACTTCAACAGTTCTTGAATAGAATCTGCCTTCGGGTGTGTTGTTGTTATACAGTGGGAGCACTTCGCCGCGACCGCTGGCATTATTTTCAGGTACACCTAATGCCGTAGCTACAGACCGTGCGCGGCGTTCGCTTAACCCTTTGTTGTACGCAGCATCGCCGGTTCTGTCTGTATAGCCAACAACCTTAACAGTGCTATTCGGCTGAATGCGCTGTTTAATCAAGCTGATAATTTCCTGATGATCGGGTGTAACGGCATCCTGATCGAAGCCAAACAATATCAATGAGTAGCGGTCAATTTTAATATTTGGCGAGCCGCTGCGCTGTTTGTCTTGCGACGTGATACGCCGAATTGGAATTGTTTTCGTTGCCGACGGTATGACAGCACCTCCGGAGTCACGTACGGCAATCAGGTAGCTTACCTGTGTTGCTGTTTTTGGAATCCACGGCACGCTTTCACTGATGCGCCAGTCAATAGCTGTTGGGAGCGGATCCGGGCCACTAAAGGTTTTGAGTAGTTGTTGTCCGTTGGCAATAAAGAGCGTGTAATTTGCTATTGGCATATTTGGCTTGATGCCGGGTTCAAATCGAATTGCGCTTGGCTGTGTAACAACCATGGTATCGGAGCTTTCCACAAATGCAAGGAGCTCGGGTGACGCAGATGAAATTTCGACACGCGCGTTTTCTTCAAGACCGTCAGCGTCAGTAGAACGTGACGGCTTTTCAGGTAGTCCGCGCGTGATCACGTTAATTCGTGTTGGAGCGATATCCCAAACATCGGTCAGGTAGTCTGCCACAGCCTGTGCTCTTTCTGCAGCAAGGGATGCATTATTCTCCAGCGGATCGGCGCAGCCTGTGAGTGTAACTGCCGATGTTGGGTTTTCGTTCATCCTCTTGCCAATGATATTTAGAATGTGTGAGTATGTAATCATAGCGTCGAGGTTGTAGAAATTCTTCATCGAGAAGCGCTCTACCTGATCTGAGCTAAGGGTACGATAGGTTTCAGGCAATTCGGCAGAGCCCGGTTTGAAGAAGACATATGGAAGCAATGGTCTGATACGGGTTGAGAGAAATTCTTCAAGAGTAATACTGCTACCATCGGTGGGTACACCGGTTTCTGTGAAACCGTTATGGCTGATGCTGCTAACAAAGGGAACGTCAGGACTGACTGATGTTGGTGGTGTGATTGATTTTGCAAACTCGTATAATTCAGAATCAGTCAGCGAATCGTCAACAGGTGGCGGTGCATAGCTGATTCCAAGTCCTGCACGCAGATGATGGGTGGTCCAAGACATGTTGGATGCGTGGGGAAACAGTGAGAAGGTAAACAATGCCTCGGGTGACAGGAACAGTGTGCGGTCAGAATTGAGAGCAAGGTTGTATGTAAGCCCCACGGATATTCCGGCTGCAATCACCGAGTTATCCGGGATCTGTCCGCTCTGCACGTTTCGCTCCCGCGAATTATTGGCAAACGCTCCGTCAACCGGTGTTACAAGAACTTCCTTCTGGCTGAAGTCAGCTGCAAAAACGGCTCCCAGTGTAACGCCTCCCAGCGCCTGCAGATTATTAGCCAGACGGTAGGCCATAAGGGGCTCAAGGTTTATCTGCTGGAAGGTTCCCGTAAGCTGGTGCTCTATTGATGCCTGCGACGGGCCACCTTCAAGGTCCACAATGGGGAGGGTTTCGTTTGACGTAAATGGTGTCTTGAAGGATTGATAGTGCATTCGCAGGTTCAGCGTCAGATCAGTATTTAACGGCTTGATGTACCCAACACCAAGCACAAGACCGGAGCCCGTGGTGCTTGTATATTCCGGACAACAGCTTGATACTCCGGGGATACCTTGGAAACTCGCGCTACTCACGCTAATGTCATAATTGCCGAACAAACTAATGCGGGCGGCATCGTTGAACTCTACGGTAGGAGTAGCTGTTGCAT
CP129493.1_gap8	191308	194148	2840	GTAATACGCTGCTCAGCCTGCTCATTTTCGTTAACATTGTCAAACACAACGTTTGTTCTCGACAACTCGAATGCGACACTGTCCTTCCTGGCAACAATTGCAATCTGGGTTACACCGTTCTGTGAGTCAATCGCATTTGACGAAATCACGACCGAAGCATCTTTCTGACTTGCTGTCTGTGGTGCAAAGCGTACCTGAACGTCAACTGAGTCTCCCGAATTAACAGAAACCGGGAACGTAGTTGGTGCCATTACACTGAACTCACTACTGTGAACACCCCCAATATCAATCGAGTAGATCACCAATGGTGATGTGCCACGGTTTCCAATTGAGAAGGATTTTGTTGACGATTCTGTGTTGCACTGATTTGAGTTGAACAGCAGCGTCTGATCTGACGAGCGAATTCGGGCGTCGCCTGCACCCTCGCCATACAGGCGAATGAGTCTGGTTGAGCCATCACTCAGCGTAAATTCAACCCAGGCAGCAAATCTTCCGGCAGCGCTTGGTGCAAAGCGGAGCGATATCGTCCGGCTTTGGTTCGAGTTTAACGTAAATCCGCCGCCGCCCGTAAGGATTTCAAACGCGCCCTGCTGTACTCCCAGCAACAGCGTGCGTGTTATCGTTACCGGCTGGCTTGTGGTGCCCACCCGTATCAGGACTGAAGTGTCGGCGGCATTACCTCCGGCCAGCCTGCGACCAAAGTTCACAACAGGGGGTAGGAACAAAATCGGAGATATGCCAGTGCCTGACAATGTAATTCGCCGTGTTTCGCCTCCGGCATCGATTTCTACGATTGCTTCACGAACACCTTCAGCATTGGGTTGAAATGATGTTGCAATGTTTAGGGTGCCGTTCGGTTCGATATGGTTAACACCTGATGCACTGAGGATGGTAAAATCTTGTACATTACCGGCAATCATACGCCAGCCGTTCACTACAAGGGTGTCAGTCCCGGTATTTTCGATCACGACGGAATTGCGCTGCAAGGCTCTGCCGATTTCTGCCGAGCCATGGTTAACATTCGAATACGTTCCTACGCCGCCGACGATGGTGAACGTGTTGTTGCTTTGGTCCGTAACGGTTTCCGCGTGAGCGATATTCCAAATTCGTATAAACGAATCTGTACCTGCCGTAAGGATACGTTCACCGGTAGGATCACCGGTGGCAGAGTATATCAGGGACGGGCCGGCACTAAACGAACTTTCTAATTCCAGCGAGCTTGTTTTGAAGGTTTTTGCTGTGCCGTCACCTCCGCCAACAAGCAACTTGCTGCCTGCGTTTGCAAATTCAAGTGATAGGATCGACGCTATGGAAGGGGCTGAGGTTTTCCGTATGGCACCGGAAGTCAGGTTCCAGGTACGTACAACAAAATCGCTGCCACCGGTAGCAACCGTTGAATTATCCGGGCTGATGTCAGCTGCGTACACTGTGGCAGGTGCTGCATCGAACGAAGCAACGACCTGGTAGTCAGAGGTTTTTCTGACAACTGTTTTCGAAGCTTCGGCCGTTACAATATACGTTCCATCAGCCGAGAACTTCACACTATAAACGGGGCCGCCGTCAACCGCAATCGAGTTAACAAGGTTCATATCGGGCCACGAGTAAATACTGATTGCTTTGTCGGTGCCAACAGCAAGAGTACTGCCGTCAGGTGAAAACCGAACTGACCAGACTCTTGATGGTGCGGTGATTGACTGAAGGCGTTCCCCGGTCTCCAACTGATAGGCACGCACGATACCATCATGACCTCCGCTAACACCAACCATTGTTGTGGGATGAGTGGTTACCGTCCACACCCATGCACCGTGAATTCCCAGCTCGCGGATCTGCTCGCCGGTAACAGCATTCCACACACGCACTGTTCCATCATGTCCGCCGGAAATAACCAGTGATCCGTCATGGGAGAATGCGGCAGAATACACCGGTTCGCGGTGTCCTGCAAGCGTAATGATTGCATCGGGTGAGAGCGACGTTCGCTGTACACGAATCATCATGTTGCTTCCGGTACCCGGACCAGCATTCCACTGATATTGTAATCCACTCGCTGTTTCCGTGATAGGCGTCCATGTTACCCCACCGTCAGAACTCCGGTCAAGTCGTACAACATCAGCAGGGAGGACGTTGGCCCACGTGATGTTATAGGGTACACCTGCCTTGAGTTGTTCGCCTCCGTTTGGAGTAGTTAATTCAAGCTTGTCACCGCTGATATAGCTGCCACCTCGAAGGTATAATGGCTGGTACACACAGGCATCAGAGGTAATGGTAATACTTCCTGCTACGCCACTGGTGCTTCCCAGATATCCGATGCGAACCGAAAGACTCTGGTTAGGCTGGATAACAGTACCGGCAGGGATGGGTTCAACGAGGGTAAATGCTGGGTTACTGATGGCAATATTTGTTATTGTAACAGGGTTGACAAGGGCAGTAAGCTGAACGGTGCGTTCAGATGCGGCTGTGCCGGTTCCGAAATCAACACCTCCCGGTTCAGACCAAGCAAGTGTCGGTAAGGTGTTTGATGGTAGTGTGAGCGTGACGCTGCGCTTCGTTTCGGTCCATGTTACCGTTACCTCTCTGGTACTGGTGCATGCATCCGGCATGGTAAACGTGATTAGGGTTTGCTGCGTTTGCTTTGCATGCGAGATAAATGCCCGCGTAAAGTCCTGGGCGTCTTCCTCATTGTTAATATTCTCAATGTACAGTCCGCCAGTACTATCGGCCAGTGACCGTACGTCGGATGTTAGAGCCGTTCTGATACCAACGATATAGATTGCCACACGATAATTCCGTGCAGTGCGAATAATTTCAGCAGCATTGATACTTGGTGTTCCAGTCAGGGTAAG
CP129493.1_gap9	195727	196836	1109	ATGCGGTGTGCTGCAGTTGAATACCGTTCGGGGACAGTGCTGCTCCCTTCGTCAAAGTAAACATGATTAAGAACAGGCAGATAGTCAACAATCAGAGTTTCTTCAACATGAACCGAGTCAAACGGAACCCGGTAGTTCTGAATGAGTCCTTCAAGCTTCAGCGTTATTTCAGGTGGTGACAGCGAGGGAGGCGCAGGCAAGGTAACAGTGTCAGCATTCGGTACCAGAGGCAGTGCGATACTGGTGTCTGCTTCGGGCACTTTGGCCCCGTGTGACACTGCAATAGCAAGCCTGATGTTCGTAGTTCGCCACTCAGCCGAGCTGGTTACGTTGGTAATGGGGATGGCGATACTAACATCTGTACCCAGGTGCCACTGTTGCGCCTTGCCTACAGAGAGTGAGTAGTGCAGGCCACCGAGAACTTCGGCTTTGAACGGTGATAAATCCGGAATCTGTTCCTGGTAATTAACCCACGTCCTGGCTGACCCCAAGTAACTGCCATAATCATCGGGTTCTACCAGAGTTTCGCGCTGAGTAAACGAACCATCAAAGACCCACGCAGCTCGTAAACCGCCAGTTAGAGAAAGGTTACCAACGATACCGAGCAGGAATGTTGGTTCGATGCCCACAGAAGAAACCGAAGAGGTGAACTCGTGCAGGAACATCGCACGCCGCACCCGCGGAGTGTCGCGCAGGTCTGCCACAAACGTCCACTCCTCACTCTGCATACTCCCGTTTTCCTGCACCAGGGTAAGCCTTGGAACAAAAAAGAGTTTGTCAGACAACCGGTACGCTGCATGAAGACCTGCAAGAAAGCCGGTGCCCGAGCCGCCGGTAAATGACGGGCAGCATGATGCGAAATCACCCAACTGGGTAAACTGAGCTGCGTGCAAAGAGTACACAACCCCCCCGTGAACGCCGTACTGTGTGTGCTGTGCCGTAACCGGAGCTTGTCTGGTTACCAGTAAGGCTAACGTAACAATCATCACTGCAGGGATCATACTGCAGACAGTGGCTGAACGGTGGTGATGTGTGACGGTTGGCATGAATTGCTTGTTGTGTTACACGTTGAAAGCAGACGGACACAGATCGGAGACTGCACAATCTGA
CP129493.1_gap10	243412	244770	1358	GGCGGCCACCACTCCGGCTACCGAAATCACAGATCCCGTATGCCACCGTACTGTCTGCCGGACAATAGTCTTCCGGAGTACGTCAGCCGGTTGAATGGGGGGCTGCTGCTGCCGGGCTGCCTTGAAGAAATCCTGAAGGGTTTTGCGTGACGTCACAGACCAGCCTCCGCAATCGTGGGGAGAACATCAGCCGTGAACTCATATCGATTACCGTCGAGCCTCTCTTCAGCATGTGTGGGGTTTTCAACGCCCATAATTCTGGCCAGATGTTTGCGACCTCTCACAAGCCTGCTTTTAACACCAGAAAGCGACCCACCCTGGATAGTCTGGATTTCGTTAAGCGAAAGACCAACGATTTCAAACAGAATCACAGCCTCACGGGTTTTGTCGGGCAAACGACTAAGAGCTTCACGCAAAAATTGAATATCTGCCTGAATATCTGGCGGAACCCCGTCGTTACAATACTCATCACAATTAAAATCAGCAGAAACCTCGATGAACAATCTGCGCTTCCAGGCTCTTTTCTTGATTGTTCTGCTGGCAATAGTAAACACATAGCTCAGAAAAGCCTGTTTGTCACGAAGTTTAGTGAAGCCTTCGTATGCGCATGCAACCGTTTCAGCCAATATGTCTTCAGCTTCGGACTGTGTTCGAACCCCCGACCGGATAAAACGCCATAGGTCGGTTTGATGTGCCTGAAGCAATCGGAGAAAATCTGTTTCTGTTTCCATAGAGTGGCAGGATTCTGCCTGCAAACCTACGGGCTTACCGCTGAACTACAAAAGGTACGCTGCTACGTCCCTTGGTTGTGACAACCGAAAAGATATGAGTACCGGACTGAACCGATGGCGGGATGGATACCGACGTCGTGCCACTGTCCAGGAATCCATCAAAAATATCAATGGGCTGCCCGCCATCAGTCTGTACAATTTGAATTGAAGCATGAGTTCTATTATCAGACGCTACAATGGCTTTATCACCCAACACGCTGATTTGTACGCCGATTTCTTGTGTACTGTTGCTAGTGCCAACACGAAGGACACTGGGAATGAACAACACATACGGTGTTTGTGAATCCTTGTACAGCGTGCCCACCGGAGTGTTGTCTGCCTTGGAAACCAACAAGAGGTGCCACTCATCGCCTTCAATATTCCCCTGGGTTACCTGTGTCCGAACATCGGTAACTCTGAATGTTTCGGAACAAGCTCCGTCAACAACAGCCATGGTTTGCGTTGCGCCGCTCGGTAACTTCATTGTAGCGATATCCCAGCAACCATCAGCGTTCCGGTCGGTAAGCAATAACGTTACTGATGGTGTTACACCATCACCAGCTAATACCACCGCCAAGTCTCCTTTTT
CP129493.1_gap11	246754	248106	1352	TCCAACAAGCGCATCAATCACTGATGATGTTACGCCCACTTCTTTTGACAGCATGGTATAGCTTATCGGTGGTTCCTTCTTGTGGTAAGCACGGTAGAGTCGTCCAAGCACCAGACTTTGTTTTGGGGCCGATGAATCAAGCTGTGTAAACGTTTTACGAACGCGAGCATCATCGGTAGCAAAATCCGGATTAAGGATAGCTGCCTGCCGTGTTGACGACCCGGGGACGGTGTCCATCTCCGTATAAATATTTACATAGCCTGCAAGCTGAAGAGCATCAAGCTGTTGGGCTATACTCTGAACGCGCAGTTTCTTTTGCAGATATCCCACGGTGATATCGCCCTTGTGATCCAACAGTACCTCCAGGAGTGCCGCTCGTTTCGGTGCCGTTTTTTTCAGAGCTTCCAAATTGATCGGGTGTGTTTGAGGCAGTACGGTTACCTTGAGCACGGTACCCGGTGTAATGCCGGATGGTAGGGCGGCAAACAGAGCCTCGCCCCAGGAGCACAGATAATAGTCGGCAACCCTTCGTGTAAGTTTGAGCAGGTTCAACGTAAAGGCAGGGGTCTCGTCCAGCACCTCCAGAATCTCAAGTGTTCGTTGCGGAGGTGCGGGATCGGTGCCCACCACAATGCCGGTTTCGATACGCTTGCCAATCGGCACAAGCACTCGGGAGCCTTCGGCTACAGGGTATTGGGAAACGTACGTAAGTGAATCGATGCGCGGAAGAGGAACTGCCACGTGGTAGTACATACTGCAAACTACGCCTACCGCCATGATATATTCGAAATTCCTGAGGCAATAACTTGGGTTTGGTTACGACAAAGGGGACTATTATGTTACCGTTTATTTCAACCACAATGCGTTTGAGTGTTTTCTTTCTTGTTGTATTGTCTGTAGGGGCTTGTGCCAAGACTCCGGCAGATAGTCCGCGGTCCGCAAAGCAGGCCAACACCGTACCTTCGGTTTACACCCGGGCCGAGGATATTCTGACTGCTTCGCGGCATAATGCCATCACACGGGCCGTCGAGGTTTGCTCTCCGGCTGTGGTAGGGATTAATGTTACCGAAGTCCGAGAAGAAGTGTACCGGTCTCCGTTCTTTTTTGATGATCCGTATTTCGAACGATTCTTTGGTGGACCGCAGACCAGAACGCGTCGCTACAGCGTGAAAGGTGTTGGTTCGGGGTTCATTATTTCAAGTGATGGCTACATTCTTACGAACGACCATGTTGCCGGGAATGCTACCAAAATTGTCGTTACCATGGTTGACGGTACTAAACATGATGCAACGGTTGTTGGTACCGATAAAGTAGCCGATGTTACCCTGCTTAAAATTGATGCCAGGAACCTG
CP129493.1_gap12	253814	257348	3534	CAGGGAGCCTTCGTGGTTGTTCGGGCAGAGAAACTGCACACTATCGCATCGTGATTTCATCGTACCGGATACAAAGGGCTTGAACATAGATATGAATTGGGTAACTACACCACAAAGTTCTCGGATAATTGACAATGAGGCTATTGCTTCCGGTATTGCTCCATCAGTACTTATGGAAACAGCAGCACAGGGTGTGGTCTCACATTGTGCCGATATCCCGGATGGTAGTGCGGTAGTTGTTCTGTGCGGTAATGGCAATAACGGTGGCGATGGATATGCTATTGCCCGCATGCTGTCCACCCGCTGTACGGTTACCATTGGTGCCGTCCCGGAGCCGTCAACGATGTCGGCTGAAACTCTTGAGAACTACCACAGAGCCCTCCAGTTGTCTATTCCGGTTTCAATACCTGATGACGTTCTGGCCGGAACGTATGACGTTGTTATTGATGCTCTTATCGGAACAGGTGGCACTGCAGACCTCCGGGAGCCCATCAGCAGGTGGACACGCCTGGTTAATAGTAAAAAGGCTTACGTTCTCTCGGTTGACGTACCAACTGGTCTTGACAGTGCTACCGGACGAAGGCACCCGGATACCGTTCGGGCTGATACAACGATAACAATGGAAACAATTAAACTGGGGATGTTAACAGCAGGCGGACGTGAAGTGTGTGGGACAATACATGTTGTCCCCATTGGTGCTCCGCCCGGTCTGGCCCGACAGCACGCCATTGGTTCAAGTCTGGATACGGGAGATCTTCGGCAACTCCTGCCTGAGCGCAGGTCTGGAACGCATAAATACACGTATGGACATGTGCTGGTTGTTGCCGGGAACAGGGCAATGCGTGGCGCTGCAGCCTTGTGTGCCGAAGCAGCTCTGCGTACAGGTGCAGGGGTTGTAACACTGGCCACCGACCACCCCCATCCGCTGTTGCCAAGAGAGATCATGGTAGTGCCATTGAACCAGGCTGAACAGATGCTGGGAAAGGTCACAACCATTGTTGCAGGTCCGGGATTTGGCACAGACGAGGATCGGCTTGGGATGCTCACACGGCTTCTGAACAATGCACATGATATTCCGCGGATCATTGATGCCGATGGATTACGCTGTATTCCGGAAATGCGTGGCAATATGCAGAACTGTATTCTAACGCCGCATCCGGGGGAGTTTAACCAACTATGTGATGCGCTCGGTTTGGAGCATGCATCGAAATCAGCCGAGATCACGTCAGTCGTAAACACCGTCCGTACACTTGCCTCACACCTTGGCTGTACAGTACATCTAAAATCTGTTCCTCCGGTAACCGTGTCTGGCTCAGATGTTCGTTTTTGCAGTACGGGCAACCCTGCACTTGCCACGGCAGGTACCGGTGATGTACTGGCGGGCATGATAGCCGGACTTGTAGCCCAAGGGGTACTGGGAATAGATGCAGCTTCCCTGGGTGCGTATTTGCACGGACTTACTGCAGATGTGTGGGTACAGAGCAGGGCGGAAGAATCGATGCTTGCCGGTGACGTAATCAGACTGCTTGGTACCGTAATGAAGAACAACAATGAAAAAGGCAAATAAACTTACCGTCATCCCATTAGGTGCACTAACGGTTCTCATCTTCGTTCTGAGTTCATTCCCGGGAAACGAGCTTCCGCCTCTGGACTTTTATCTGGGTGATAAACTGGCCCACGTAAGCGTATTTTTTGTGTACGGTCTGGCATGCCAGCTTGCGATTATTGGCTGGAAACCTGCTGCGTCACGCAAGAAGGTACGTTTGTATTCGCTAATCCTTGGAGCTCTGTGGGGCGCCCTTGATGAAGTGCACCAGAGCTTTGTCCTGAATCGTGATGCAAGTGTGTATGACTGGCTAGCCGATATTTCCGGCCTTGCATTGTCGCTACTCTTCACTGCCGTCATCTATAAATTCGTCTTCCGAGCTTCCCGTGCCTGAGCCCCTTTCGTATCGAAGTTTACTGCCAGATACCGGTGTCCGTTCGGTAACCAAGGGGTTGTACGAGAACCCTGCCATCCTAATGGCGAGCAGGTTTTCGGCCTTTTTATAGGCCGACGGGTTGGGGCCGTTGCTGATGATTGAAAAGCACCAGTCCTCGCCATCAAGGGTGACAGCATACCCCGCCAAGGAGCTGGTGTTGCGCAGAGTTCCTGTTTTTGCAAATACATATTCTGCCGCAATGGTACCGGCCAGCCGTCTGCGGATGGTGCCATCAACACCGGCCACCGATAGAGTGTGATAGAACTCCGTGCCGTACGGCTGCTTCCAGACAGCCTTCAGCAAATCAACCTCTGTAGCTGCGCATACACGGTTACGCCGCGAGAGTCCGCTCCCGTCATTGAGAATCATTCCGCGATGCGGCACTCTTAGAGAATCCAGGGTGGCAAGAATAGCTTTTCGTGCAACGTCAGCGGTGTTTGTTCTGCCACCGTAACGTCCACCAACAAACTTGAACAGCTGCTCAGCATAAAAGTTATGACTGCGTTTGTTGACTACGGAACAATATTCACTCAATGGACGCTGTATCTGGGAAAGTATCCTGGAACTCTGCGGAGCAGCCTTAACACCAATACCGGCGTTAACCTGAATTCCGCCAGCCTGAAGCCTGGATTCAAGAACACCAACCGCCACCAGAGCAGGCTTTTGTACCGTGATATGAAAGGTTTGTGTACGATTAGGCCGCGGAGCACCGGTAACGGTAATTTGAACTCGTCCATCCTTTAGAACGGTCTGGCTAACAGATAGAGAGGAACGTTTCTTCCGACGGCGGTTCTGACGAACGGCGGGAGCAACCTGTACAACGACGGCTGTGGTATTGGGGAGTACCTGCACCGAAACAGTACCTTTGCGGGATGCCGAAACGACTACCGAGACCGACCCCTCATTGAGCGATAGGGGATAAACCGGCGCCGTATGCTGAACATCTTCAAAATCTCCACTATAAACAGCACGGTTTCCCACATGGTCAAAAAAGCTATCATCGGCATACAGTTTCCCGCGTACTTTGCGCAGGCCCATCCTGTATGCCTGATCAGCCAGGTATTCCATATCATTTACGCTGAGCATTGCATCACCGCATCCAACCAGGTACAGGTCACCGTCCAAAACGCCATCACTGTTTAAACGCCCGTTCATCCTGAGTTCAGTAACCAGTGCGCCTCCACTGCCCAAAGCGTGGTAGGCGGCTGCCGTTGTAAATAGTTTTGTTGTACTAGCCGGCGTAAGATTCTGGGTCGGGTTTCGCTCGAAGAGAAGTTTGTTTGTTCGCAGGTTCCAAATCTGACAACTGACATCAGCCCCTTTAAATGCATCTGAATTAAGAACTGAGTCGGCATATTTCTTAAATAATGCAATTGCCTGTGCCGAATCAAACTGAGTGGGTATGGCTGGCAGTGGTGGTAACCGTGTGGAATCGGTAGCAGCAGGAGCTGCAGTTACGTGGCCGATGGCCAGTAATGCAAGAACACAGACGGTGACAGCGATGTTATGCAGGATCTGCGATACCGCTGTTGCTGCATGAAGCCACTGATAC
CP129493.1_gap13	259671	261322	1651	TGTAGCTTCACCTTTAAATTCTGTATTTACCCCCTGATGACGGCTGTCGCGCTGTTCATAGGCATTGATAATTTCAGCCACAAGCCGGTGGCGGACAACATCTTCGCGACCAAATTCCACGAAGTCAATGCCATTGATTCCTGAAAACAGCTGGAACACGTCGCTCAGACCCGAGTCGGTTTTCTTAACAAGATCAATTTGTGTAACATCACCAGTCACGATTGCCTTGCTGTTCTGGCCAAGACGGGTGAGGAACATTTTCATCTGACTGCGGGTAGCGTTCTGGGCTTCATCCAGAATGATAAAGCTGTTGTTCAGCGTTCGGCCACGCATATATGCCAGTGGAATAATCTCCACAATACGGCGTTCCAGCATACCCTTGAGTTTATCGGGGCTCACCATGTCGGCAAGAGCATCCAGGAGTGGTCGCAGATACGGGTCGATTTTCTCACTTAGGTCACCAGGCAAAAAACCAAGGCTTTCGCCTGCTTCAACGGCAGGACGTGACAGGATAATTCGGCTGACTTCATTGGCGCGCAAGGCGCTTAGTGCCATGGCAACAGCCAGAAATGTTTTTCCTGTACCGGCAGGACCGATGCAGAATACCAGGTCGTTCTTTTGTACTCTCCGATAGTATTCCAGCTGGTTTTGGGTCCGTGCTCGGATAACTTCCTTCTTGCCCCAATATATCAGTGAGTCGAGTTCTTCAGAAGCAACGGGTGGGGTGTGACTGTTGCGGTTACCGCTTACCAGATCGATGATTACCGACACGTCAGTCATCGTCAGACGTCCTACACGCTGGAGCGTTCTTGTCAGCTCCTGGATAATTTGCTCAATTTTCTTGATTTCATGGGGTTCACCACGGAGGATTACGGTATCACCGCGAACAGTAAGTGTTGTATCGAAAGCATTTTCGATGAGCTGCAGGTGATTTTCGTTCGGACCAAACAGTTCCACCGGTTCTACATCGGTGATGCGTAGTTTTTTCTCGACGGTTTGCATGTAGCCTAACAATAGTGCCAGTATGGTTAACCAACGAATCTACGAGGTAGTACTGAAATCATAGGTATCTGGTATGTACCGGTGGAAAGATTTCGTGTTGGCAATAAAAAAAAACCGCTTCACAGTGAAGTGAAGCGGTGATTTTTGTCGGCGGTATAGCTGAATGCGTACCGGAGGTGAACCGGATTTATTTTCCGGTTTCGCTGGTAGCAGGTGCAGCCGTTGATTGCGGTGTTTCAGTTGCAGCAGCCTGTGCAGCCTGAATTTCGGCTTTCTTCTTACGCCAGTAGCGACGTTCGGCCTTCATTTCTTCGTCTGATTTTGGTCCTTTGGGAGGGATATTAAGCACCCAGCCTGGCTGAATCACATCTGGATTTTTAATCTTATCGGTATTTGCTAACCAGATTTTTGGCCACTGGTGTGGATCGGCATAAATCTCGGACCTGCCGGAAATGTTCCACAAACAGTCTTTGTTTTCAGCCCACGTACCAACGGTGTATCCCGGAGGACGGCTGTGTTCACGATACAATCCCTTAATATCACGTCCTAATGCGTTGATCCGATCGTAGAATTCGGGGAGAGCTGCAAGGCGCTGACCTACCAGCTGCCGAAAATCTTTATCAAGCTGGATGACATCCGCACGCCGGTC
CP129493.1_gap14	354739	358188	3449	AAACGTAGAATTCATTGCCGGGGTTCGCTCCACTGCTTTAACGATAGCCCAGGCAAGAATGTGAGTAAACGAAAGTTTCGAGGTATTGCTCCGAAGCCGGAACTCGTTAATGAGGGTACGGTTTTCTTCGAGTGCCTTTACCGGAACGTTTCGTACCGAGGTTGCCGTTGGCACGGTTAACGAACGCTCCATGTTCTCGGCAATAATACTTGCTATCGACGATAGTGCAACGATTTCGTCACCCTCGTGCAGCGCAGGCATCCGCGTGCCGGTATCCGATACGGACGGGCTTGCTACCGGGGCTACCGGGCGCGACTCTGCCACGGGAACGCTTTTGGATTCTACGAATGGTGTGCCGGACGTACTTGAGGGAGCAGATGACTTACTGCCGTTTCCCAGTGGTACTTCTGGTACATAATTGGCAAAAAAAACACGCCACTCGGGCGATACTGATTCAGGATTACGCAGGTACTCGAAATACATTTCGTCCACGTAAGCGCTATTCATAGACATCATGGGAACAATACCCTGGTGAAACGTAGATACAAACTTACGCACCTTTTTCTAGTTAGTTGTGGTTGTGTAAGCTTCAGCGTAAAAACCGCTACAGAAGCACAGCGAAAACAACACTGCGGCCACTCAGTTCCTTATCTCTACGGTACGAATGATAGCGTGAATCGGCAATGGTGCAGTGCGAGCACACCTGAATGTTTGACGCTACCATGCCAGTGCTGATAAGCTGCGATTTGATGGCCTCATGGTTGTCGTAATACCATTTCTCCGGCTCGGCCGGATCCTGGGTGCACCACTCCGGCAAGGCTTGTCTGACGTCGTTGCCAACCTGGTAGTTGTTTGCCGAGGCACACGGCGATAACCATGCTAGTACGTTTTTGGGATGTGTGGTATAGGTATCGTTCATTGATGCTAATGCTTTGTGAACTGCCTTGGCGGCAGTTCCTCGCCATCCACTGTGAACAACGGCAACGGCATGATTTGCAGTATCATACAAAACAACTCCGCAGCAGTCCGCTACCCGGATACATGGCGCAGCCAGCCGAAGATTTGTTACGATGATGTCAGCGGTACCTACACGCTCCCCTGCCCGGGATGGCAACACAGTCAGCGTGGAAACACCTGTACCGTGAACCTGGGATACCATGACAATGTTGGCGTCTGGGATTCCAAGTACTGATGCTAATGCACTGATGGATTGTAATGTGGCTTGAGCAGAAGATCCGTGCTCCGAAAATGAATAACCAGGCCACGCCCTGTTGGATGCGTTAGTTTGTGTAATTCCGCATCGAAAGCGTGTTGTTTTGATTCCCCAGGTTATCTCCATGGAGCGAACGTACGAAGATATTTCCGTACCTGCCTTGTATTGATATCCGCTGTGTTCTATCGCCTGCAGATACCTCCACCAGGATGCGATCTCTGTCGCGTCCAACAGACACTAACGGGTGGCGCGGAGAAAAAGCATAATACACACCAAAAACGGCAATCGTCATGAGAACGATTCGATAAGTAAGGTGCCTTCTGTTCTGGCTCCGAAGCAGCCAGAGCAGGCCAGCAGTGCCCGAAAGAGCAACAAGTGTGGCTGCCACGTACGAGACCGGGACCGAAATATCAGCTATCGTGGTGTTAAACCACACGATAAACAATATCATGGTGTTGATGCACCATGCAACCGACAACGAGATTACGTCACTGAATAGTCCAATCGTACACAACAGGAGACCACACACCATAACGAACGTTAATACTGGTACTGTTACCAGATTCGCAATGATGCCAAACCATGCAACTGTCTTCATTGTATAGGCAACCGGGAAGAGCATCCCTGTAGTTGTTGCAAGATTCAGGCTGAGAGCATTGACAAAATGTCGTATCCATGATTTGTTCACCCTCAGGCAGCGTTCCCAGCACCGCACCCACGCCGGCAGCAGTTTAATAATAGAAAATGTTGCAATTACACTGAAGAGCAATGAACTGCCTGTAATAACTTGGGGAGAAATGAGTATCTGGATAATGACTGCAAAACCAAGAATGTTGGTTGCATCTGGAATCCGCTGAATAACTGCTCCTATGATAAAAACTGTTATTACAGTAAATGCTCTCAGTGCAGGGGGCTGAAACCCGGTGATCATCACATACGCGGCAAGGCATACCACAACAATTATGGCATGTACTATTCCGCGGATTCGCCCGCCACTCAAAGCAATAAGAAGTGCTGCCAGCATAACAACATGGGCACCGCTAACAACCAGCACATGAATCGTTCCGACAACAATAAACTGGTGCTTTTGCTCCTTGCTGAGGTACTGCGGCTGGCCCAGTAGCATGGCCATCAGGACAGCTGTTGCGTATGGTGTACAATACCTGCTGATGTGTTTGTAACACAGTGAATGAATTCGCTGAATAGAAAGCTGCACAACATCTGGCTGCTGCAGAACAAATGCTGAGTCTGCACGTGCAACGAAAGCAGCTCCGACCCTTCCTGCATAGTCAATACTCGAAAACAGTGATGGCAGGCCAGGTTCCTGAGGAAGCTCAACCATTCCGAAGCATAATACCCGAGCCCCTTTCGGGATATCTCCGATGATGGGTTTACGCAAATAAACGATCGTCGTGCAGACGGTTGGTGGTGCAGGCTTGGTGTCGGTTTCACCGCTGATGATAATTGTTCGAACTGTGTCGGCTGTTTGAACTCCTGAAACTACCGTACCGTGAATACGGGCCGGGAAGCGATGCCCTACAACATTGGGATGAGAATCTGGAATGTGAAGATGAAGAACCACCCAGCATGCAACTGAAAGTGCGGCAAGCAAACGTCCTCCCCCGTACTGCCTGAGATAGCACAAGACGCTGCCTACAGCAGTTATTAGCATCAGAGCGGTTAAGACTGCCGCCGACGGCCGAAGACCAATCAGGCCGTACGCATGGGTAAGAACCTGGAGTGCGAGAGAGGCAAGTGGACGGTACGGCATATCATGCACTGTGTTTACGGTAGCACCAGACGTGACACCTGGAGGATTTGCGTCGTGTTGAAAACTTCTTTTCCAGAATCTGTGGTTTCAACCGGTAGTAACCTGTAACTTTAACCTTGGTGTCGCATAGTGTGCCGTTACGGATACTTCTACACATCAACCATTTATAACTCCGAGGAATATCATGGCAGAAGCAAAAGCAGAAACAAAGAAAACAGCATCCACCCCTACAATTCAGGAATCAAAAATCAAGGCAGCCCAGTTAGCCATTGATCAAATTGAAAAGCAATTTGGCAAAGGCTCCATCATGCGTCTGAATGATGAGCACCCTATACAGGTGGATGCCATCAGCACCGGGTGTCTATCACTGGACGCAGCTATTGGAATTGGCGGCGTCCCACGCGGAAGAATTATCGAAATTTATGGTCCTGAGTCATCAGGGAAGACAACGGTCTGTCTGCAGGT
CP129493.1_gap15	391062	392018	956	CTTGTCAAGCATTACGATGTAGCCTGCCCAGCCAACTGCACTGACCATCGTGAGGATGTCACCTAGACCAACCCCACCATACTCGGGTTCAGTAAACAGGAATAACCCCAATAATACCGCTGCTGCCCCAAGCCAATGTATTCCAGGTATCCGCTTACGATAAAACATCCGGTAGATAAATGGAATGAACACAACAGTTGTTCCTGTAATAAAGGCGGATGTTGTAGTTGAAACATCTTGAAGAGCGATACTCTGCAGCACAAATCCGATACCATATAAAACACCAAGTCCGATACCGTAAATAAGCAGGCCGGGTGTTAACGATCGTAGTGAGCCATGCCATAGAGCAACTGATACCACAATGGCAATACAGAACCTAAAGAAAACGAAGCCTGACGGAGAAATGAATTGAAATGAGGCTTGAGTTAATAAAAATGTTGCTGACCATAGTGCAGTTGCTGTTAGCAAATATGCTTCAGCCCGTAACCGTGTCACTCAAAGTCCTGTACTGATGAATAAAAGCGAATGCAGGCTTCGATACCCTTATGGAAATTTGCAAGGTGAAAGTGCTCATTCGGTGAATGAAGGTTTTCGGTGTTTAAACCAAAGCCCATGAGGACGGCAGGAACTTGTAAAACCGATGTAAAGAGGTCAACAACTGGAATCGAGCCCCCTTCTCTCTGAAATACACAGGGCACACCGAATGTTTTTTCCAGTGCATCCTTCGCTGCTCTTGTGGCTGCATTATCCCGGTTTACATACACTGGATTTGCTCCGTGTAGGTCCACAACGGAAACGGTTACACCCTTCGGAGCGTGCTGCTGCACATGTTTGCGAACAAGTTCAACGATGTGTTCGGGTTTCTGGTTTGGAACAAGTCGCATACTTAGCTTTGCCATCGCTTTCGCTGGCAGAACGGTTTTGGCTCCAGCTGCCTGATACCCCCCTGAGATGCC
CP129493.1_gap16	559921	560772	851	CTGAACGGGATAACCGGTATTTTGTGTGAACCGGGTCCCGGCTTAGCAGCATGGCTGTTTGCACTGGACCTGGTTGATGAACTGCACCTGCACACCGCACCGGTACGCATTGAATCCGGACGGTCATCGAATATTCCTTTTGACCGATTTACACGTTACTCTTCACAACAAGCCGGGGCGGATACAATCGAGATCCTGCTTCGTAACGGCCACTAACATTGTTTATTACGTATGCGTTTTGTTCTCATCCCGCTGTTCTTTCCAGTCCTTGTCTGTGCGGCACAACCCAGTCTTACTCAGCACATTCACTCTGCCATGGAACGGCTTGGCATGTCAGACTCCGATATTTATCTGCCGTACGACTGGGTAAAAGCCGATCCGCACAGAACAAGGTTCCATGACAGTTTGTTTACTCATCCGCTCGGAAGCATTTCGGTTGCGCGCAGGCTGAGCAGCGAAGCCGTTTCAATGCTTACTCATGCCGATCCGGTCCTGTTTTCTGACCTTATACGGTTAACAGAGGTGGGCTACTCACCACTGCATTTGTTTGGAGCACCACCATCACAACTGCCGGTGGCCATTACTGATCTTCATGGACGGCCCACTGAAATCACCGACAACGGTACGCATATTATCGTGCAGTCTTTGCTAAACCGGATTATTACTGCCAAGGCAGCGGCAGCAGATGCCCGCAAGCGCGTTCGCAATACACCGATGGTTGAACGATGGTCAGATTCACTCTGGCTTGAATCGGGCAGCAACGAAAAAGCATCGCTGTTTGACACGTACCGAGCTGAGCGCGAACAGTTTAAAGAGGTGAGCGATTACTTTAACCTTGCACAGCCGGCATG
CP129493.1_gap17	570624	573231	2607	TACAGCATTCGTATCACCAAACAAATTGTGCAGATCACCAAGAATTTCCTGATATGCACCAACCAGGAAAACGGCAAGGTAGTATGGCTCTGAGTTCATCGGATGTAGCGGCAACGTTTGCCGGTAATCGCGTCCCCCGATAAACCTGTCAACCTTCCCGTCACTGTCGCATGTAATATCCTGCAGCGTTGCCATCCGAGTTGGTTTTTCACACAGCCTGTGTATTGGCATGATTGGAAACAGTTGATCGATTGCCCAGCTATCAGGCAGAGACTGGAACAGACTGAAGTTGCAGAAATATTTTTCTGCCAGGAGTCTTTGAAGGGGCTTGAGTTCTTCCGGCGGGTTTTTCAGCTCTTTCGAAAGGTCGTACACAGCCCGTGCAACTGACCAGTATAGTTTTTCGACCTTGGCGCGTGCTGCAAGATCCACCAGCCCGAGCGAGAACCTGTCCAACGCTTCTTCGCGTACCTGCTGAGCATCGTGCCACGATTCGAACATTGCCCGTGGACTGATATTCTGAAGAATACCATGCATCTCACGAACCAGCTCGTGATCGGTATCATCGGCGGTGTCAGTTTCTCCCCACTCTGGGACCTTAGCGGTTTCAAGAACGTTGAACACAAGCACTGAATGGTGGGCAGTGAGTGCCCTGCCGCTTTCGGTGATGAGGTTTGGATGTGGCAGTGAGTTCCTGGTTGCAGCATCCACAATTGTTGCAACAGCATCATTGGCGTATTCCTGGATGCTGTAGTTAATGCTGGATGCATAGGAACTTCTCGAGCCGTCATAGTCAACGCCCAAGCCCCCTCCAATATCAACAAATTCGATATTGCAGCCCTGCTTCATCAGTTCCACGTAGTACTCGCTGACCTCACGCAAACCGCTCTTGATTCTTCGGATATTGGTGATCTGCGAGCCCAGATGGAAGTGTATCAGCCGCAGACAGTCCAGAAGATTCTCGTTACGGGCATAATCCACGGCTTCGAGAAGCTCGGCAGGGTTCAAACCGAACTTGCTGTTGTCGCCACCACTTTCTTCCCATTTACCGCTGCCCGATGCAGCAAGTTTGATGCGAATGCCAATATTGGGCCGAACACCAAGCCGCTTACTGATCGTATTAATTAATCGTAGTTCGTTGAGCTTCTCAACAACAACATAAATCTGCTTTCCCATCTTCTGGGCCAGCAGCGCCAGTTCAATATAATCTTCGTCCTTGTACCCGTTACAAATAATCAGTGCATCCGGGTTTCCCATGATTGCAAGGACGGCGTGCAACTCGGGCTTTGAGCCGGCTTCCAGACCAATGTTAACCCGCTCTCCGTACCGCACCAGCTCTTCAACCACGGGACGCTGCTGGTTCACCTTGATGGGGTACACAGAATAATACTGGCCATTATACCCGTAGTCTGCCCCGGCTTTATCAAAGCATAACGCGATTTTCTCTATCCGGTCATCCAAAATATCCGGAAACCGAAGCAGAACCGGGAGCGACACGTCACGTGCCACCACCTCATCGATAACCTGCTTCAGGTCAATTTCCGGTCCTTTATTCTTTCGTGGCTGAACAGTAACATTACCGGCTTCGTTCACGCCAAAGTAGCTCACGCCCCAGCCGTGAACATTATAGAGTTCCGAGGAATCCTCGGCCCGCCATTTACGCATGTATTAGGAGTATGATTTGTGGTTCAGAAATGACGACCAAAAATACGAAGACTATATTTGCTGTCTATGTCAGCAAACGTAAAACTCGAACAGCTGCAAAATCAGTTTGCAGAATTCCTCCGCCGAAAGAAGTACCGGGCTACTCAGGAGCGGTACAGGATTTTGGAAACAATTGCCGAATTGGACCGACATTTCTCGGCCGATGAGCTTTATTTTGAAATCAATAACCGTGGTGAACGGGTATCCCGCGCTACGGTGTATTCTACTCTGGACTTGCTTACGCAGTGCGGCATTTTAACCAAACACAGATTTCAGGGCGAAAGCGCTCACTTTGAGCTTTCGTCACGAATGCCAAACCACGACCACCTTATCTGTACCGAGTGCGGCAGAGTTGTTGAGTTCCGCAACGAAGCTATTGATGCCATCCGAAATTCAGTGGCAGAGTCGCTTGGTTTCGTCCCGGTATCACATTCGCTGCAAATTTTCGCTGTATGCCATAATCCGTCAACTTGTGAATTCAACATATCATGAATCTAGTTATCGTAGAATCGCCGAGTAAGGCCAAAACAATTCAAAAGTTCTTAGGTGACAACTTTGTTGTCACATCATCAATGGGACATATCCGCGATCTGCCGGGTAACGACAAGGCGATTGATATCGAACATGGATTTACTCCCACATACGAGGTCACGGCAGATAAAAAGAAAATCGTCGCAGATCTGAAAAAGCAGGCCGCCAAGGCAGAAACAATATGGCTGGCAACTGACGAAGACCGCGAGGGTGAGGCTATTGCATGGCACCTGATGGAGGCGCTGGAACTGCCACCACAAAAAGTACGGCGCATTGTGTTCCACGAGATCACCAAGAAAGCAATTCAGGCGGCAGTCGAAAAACCCCGTAGCGTTGACATAGCTCTGGTTGATGCTCAACAGGCACGCAGAA
CP129493.1_gap18	574635	575914	1279	TGGCACGCTACGGACCCATTGCACAGATCGGCGACTCTGATGATCCGGATAAAAAACAAAAGGGCCTTGCTCCAGCAATGAGCATGGAAACAGTTACTCTTGAAGAGGCTCTGGCGTTGTTCCGCTTTCCACGCGTTGTTGGTGACTACGAAGGACAACCCGTAGTCGTGAAAATCGGACGGTTTGGTCCGTATATCGAACACAACGGCATGTTTGCCTCCATTCCATCAGGCGAAGATCCCGGAACAGTGTCAATCGAACGATCAATCGAACTCATCGAGGCAAAGAAAAAAGCAGTTGCCGAACGTCTAATCAAAATATTTAATGAAAATCCTGATGTGCAGATTCTAAAAGGACGCTGGGGACCGTTTCTGAAAATTGGTAAGGACAACTATCGAATTCCAAAAGGTACTGATGCTGCAGCGCTTACTCTTGCCGAGTGTTTGGCACTGGCAGAATCACAGTCCGAATCGGCACCAGCCAAACCCGAACGTGCGGTAAAGAAGACTGCTGCAAGGAAGTCGGCCGCAAAAAAGCCTGCATCCAGAAAGTCGGTTACAAAGAAGTCTGAGTAGCATTGGCTGCGGACAGAACCATTGTTTACTGTGCAACAATAAAGCTGCTCCAGTAATACGTTCCGTCCGCCAAATACACTGCTGCAAGGAACGGAGTACCTGAACTTCCAAGTTTGTTTACAATGCCACGGATTTCTTCAGGTGTGATGTTATAAGTTTGCCGGTACACCTGCTGTCCGTTTAGCTGGTACACCACCAGTGTTGCATGTAGTTGCTGAAACGTTACCAGTCTGCCTTCAATCCAGCAGCCGGTTATCGCAACCGAACCGTTGTGATACATTGCCAATGGAACAACGCCGTTCTCAAGGGTTACACTATCCGCTGTCACCGGAGCACGCTCCGGCCTTCGTAGCATGGTCTGAACGTTCAGGTACACTGTGGTATCTGCCTGACCCGATGGATAGCCTGCAAATAAAATGTGGTACACATTGTCTGTAGCTTCCTGAGCTACACGTTCGATACTGCACCCTCCTGACCCAAGCACATTCAGTGCATTCCGTGGAGTACGCACCGTAAACCGGACTGTGGTAGAACCATTAAAGTGCAGGGTTGACTGCAGCCGAATCGGGATGTTCAGAAAAGTGCCAACCGGTACTGTGGTATCGGGGATGGATATACTTACCTCGCCTGTGATGGTGTCACCAACGGCAATCCCCGTGATCCTGGAAGTTATCGTATCCTGGCACTCGGAGTCCATCAGCACC
CP129493.1_gap19	581124	585210	4086	ATCTCTTGTACTGCGTCCGATATTGGTTTCAATAAGCATGGCATCATCCTGCATAACACCCCATGCAAGAGCTACATACTCACGCTGAACTATACGTTGAGCAAACTGATTAGAAAGGTGCAGTGTTGTAGCATAGTTTTTTCCAACAACCATCACTCCCGACGTGTCGCGGTCCAAACGATGGACGATACCCGGGCGTACGGCTTGTGCAGACAGAAATTCGGAGGGACTGGAGTCAGGTGTTTCCAGTATGCCATCCTCCATACCATCATCGCCGTCTGACTCGCCGTCATCATCTGTATCGTCGTAATCGGCAAGTGACTCACGATTACCCAGGACAGGAACGGCCTCCCGCTGTCCGAGATGCCACAGAACTGCATTCACCAATGTCCCCGACCTGTTGCCGATGCCGGGGTGCACCAGCATACCGGGCATCTTATTGATGACGATAAGATGTTCATCTTCAAACAGAATATCCAGCGGTATATTTTCGGGGATTAACTCCAGTGGCGGAGGTTTGCGAACGAGAACGTGAATTACATCGCCCGGACGAATTTTATAGTTTGACTTTGTGGGCTTACCGTTCACCGTAACCGTACCGCGTTCTATAGCACGCTGAACACGTGACCGTGAAGCATGCTCAATACTACGCGAAATGAATGCATCGATCCGTTCAGGCGTCTGACGTTGCGGAACGTTCAATGTAAATGTGAACTCCACCTTCTCGGGATACTGTTCAGCCGGGTTCTTCATGGTTGCGGCACTTACGGTGCCTGATGATCGGTCGTGTTAGGCTCAGCAGTGGGACCCTTTTTCTTTCTGAAGCCGGCAACGATCTCTAACCCAAGCAGCAGGGCGATGCCAACGGTAACGCAGGAATCAGCCACATTAAAAACCGGCCAATGTGTCCACACCGTCCCCATGATATTCATATCGGGAATATCAAGCTGCACAAAGTCAACCACGCTGCCAAGGAACAGTCCTGCCTGACCATAGGCAACGCCATAGAATGTACGATCAATAAGATTACCAACAGCGCCGGCCAGAAGCAACATTATTGCCGTTTGAAGAAGCATACTTCCAGTTCTGATTTTATAGAGGTACCAGCCAAGTGCAGCTGCAATGATCACGGTTGCCAGCGTTAAGACAATTTTCGCTGATCCCCATTCTAAACCAAAGGCACTTCCGGGATTTTCAACAAATGTTAGCCTGACGATGTCACCGATGAGCGGTTCACTTTGACCAAGGTACATCCCCTGATGGGTAATGCCCATAAACGAAAAACCCTTAACGGCAAGCTTTGTACACTGATCCAGGAGTACCAGGGCCACGGCAATCAAATGGAATCGGAAAACCCGCATGTAGCACTATCGTATAACGCCACCGGGCTTTGCCACAATGCGGTCAACGCCGTCTTCCGGACATTGCTGATGAATTTTGTACGATGCCGACAACGTTGTAATCGGCACAGCAAGCAGGCGTTCCTTGGCGATTTTAATTCCGCACATCCGACATATACCGTACGTTTTTTCATCAATACGCATCAGTGCTTCATCCAGCTTCCGGATGTATTCCTGGATGCGTTGAATCTGAGCATAGGTTTTTTCTTTTTCCATTGCTTCAGATCCCTGCTCGGCCATGTGCATAGAATAGATAGCACTCTCTTCGGCCATCTCGCTGCTGGTCAGATCGTCAAGACGCTCACGCAGCATCCGTAATTCTTCCAGAGCATCCGATTTGGAATGTTCAATGTTAACCTTGAACATCTCAAGGTCCTTATCGTTATACCTAACATTCGGCTTTGGCTGAACCGGTACAAGTGGGGCGGCCTTAACCACCTTTGTTTCTTTTGAAGCTTTTGTTGTTTTTGTCTGTTTTGAAACAGAAGCTGCTCCTGTGGATCGCACAGGAGCAGCTTGTGATGTGCTTCCGGTTTTCGAGTTAGACTTCTTTTTCGTCACTTCCTGCTTTCTCGCTGTTTGTTCCTGATTCTTCATCTCTATAATAGTATTTTTAGACGCATTTGACATCTGCCTGCTGACGGCTGACGTCTTCGACGAAGTCTGTTGCGAAACCGGATTAAATGAGTTGCCGTTTCGGGCTAGCTCATTTTTTTTTTTGCAGCAGCTTTCTTAGCTACTGGCTTCTTAGCGGCAGCTTTCTTGGCTACCGGCTTCTTAGCAGCAGCTTTCTTGGCTACTGGCTTCTTAGCAGCGGCCTTCTTGGCTACTGGCTTCTTAGCGGCAGCCTTCTTGGCTACTGGCTTCTTAGCGGCAGCCTTCTTGGCTACCGGTTTCTTAGCAACAGCCTTCTTTGCGGCTGGCTTCTTAGGAGCAGCGGCCTTTTTGGCGGCTGGCTTCTTGGCGGCTTTCTTGGCAACTGCCATAGAAATAAACCTCCGATAAAAAGTGAATGAAAACGCGTGCGTCGATGGACGCACAAGCTTCAGTCGCGCAATACGCGCACGTTGACGAAGCGCCCGTTAATCTCGAGATCAACCCCTTCGGGCTGTTCCCCCCGCTCGAGCGATGTCGCCAGCGTTTCCATTACAATGTACGACCGCATGGATACCAGTGCTTTATATGTTTCGTCGTCACCAACCAGGACTAAACTCACTCTGTCGGTAACATTAAAGCCCGAATCCTTACGGATTTTTTGGATTCTGCTAACAAACTCACGTGCCAGACCTTCACGTTCGAGGACATCATCAATTTCAGTATCTAAAGCTACCGTAATTGTTCCCTCGGAAGCTACCAGCCATCCTTCGATATCCTCGCTGATAATTTCAACATCTTCGTATTCCACCTGAACAATTTCATCTCCCACTGTACATGCCAAAACCGAAGATTGTTCCAACTTCCGCACATGGTCGTTAGTCATGGTACGAATTGCCGCTGCAACAAGCTGGGTGCGATCACCATACTTTTTCCCTATAACTTTAAAGTTTGGTCGTGCACTCCGCCGAACGATACTTGTGTCATCCGATACATACTCAATTTCTTTTACATTGATCTCCTCCATGATGATGTCCTGTACAGACTGAATCTGTCTGCGTGCTGCCGGGCCATCAACTGGAAGAAGAATTCTTCGTAACGGTTGCCGCGTTTTTATTCGTGCCTTTTCTCTTAAAGAACGTGCAAGCGATACAATTATCTGCGCCTGCTTCATCCGTTGTTCGAGTTCAGCATCAATAAGTGCTTCCTCAAACAATGGCAATATACAACAATGTATGCTCACTTGGTGCGACTCTTTTTTTAGTCGTTGAAAAATCGCTTCGCTGATCATCGGGACAACCGGTGCCATCAGCTGAGTTACCCCAAGTAAAATTTCATACAATGTATGGTAGGCAGATTCTTTGTCGGCATCCATAGTACCCTTCCAGAACCGACGCCGATTGCGGCGAACATACCAGTTACTGACTTCCTCAATACAGAACTCCTGAATAGTCCGGCATGCCAACGTTATGTCGAACTCATCGAATGATTCCATAACGTCCCGACGCACAGTTTGCAACCGGGATACAATCCAGCGATCAATCTCCGGACGGGTTTCAACGGCCGGAGCAGGCGTGGTTGCGGCAAATCCGTCGATGTTGGCATACATTGCAAAAAAGTCGTACACGTTTGTTATCGATCTGAATAGCTCGGCTACAACCGTACGTGCAATGTCAGTTTCGTTAAACAACTTCGGCTTCCAGACTGGTGATGAGACCATGAGATACCAGCGAATAGCATCTGCGCCGTATGTGCCGAACAGCGAAAATGGATCAACAGTGTTGCCACGTGACTTCGACATTTTCTGTCCGTCCTTGTCAAGAACCAGGTCGTTGACAATAACGTTTTTAAATGCAACCGATCCAAACAGCGCAGTTGCAATATTGTGCATCGTATAAAACCATCCGCGCGTCTGATCGATTCCTTCAGCAATAAAGTCAGCCGGAAATTCCTTCTCGAACTTTTCCTTGTTTTCGAACGGATAGTGAAACTGGGCAAACGGTACGCTTCCGCTGTCGAACCATACGTCAACAACTTCGGTGGTTCGGCGGTATCGTTTTCCGTTGCGCACAAAAACAACATTGTCAACAAA
CP129493.1_gap20	586483	590965	4482	GTTTCGATCTGCGCCTTGTCGGTAATGCCCAGCCGCTTCTCTGCGGCAATCTCTACGGGCAGTCCGTGAGTATCCCATCCGGCCTGCCGACGGACTGCGTAGCCCCGCATGGTTCGGTATCTGCAAATGGTGTCCTTAATAGTCCGTGCAAGCACGTGGTGTATTCCCGGACGTCCGTTTACAGTTGGCGGTCCTTCATAAAACGAAAAAACCGGGGCATCTTTTCGGGCATCCTGTACGGTTTGGAAGACAGTATTGGCATCCCAGAATTCGAGAACAGATTCTTCAAGTTTTGGATACGATAAATCGTCTGGAAACGGTTCGAACATGGTGTAATGTAAAATGAAATGAGATACAAACTTACACTGTTCTTGGCAGCACCATGCTAAAGGTTGTACCCTTGCCCTCGGTACTCTCAACCTGTATGCGTCCGTGATGTTCATCAACAATCCAGCGGACGATACTTAGGCCGAGGCCGGTACCAGAGACATCCTGCGACCGTGCCTGATCAACCCGGTAAAACCTGTCGAAGATAAACGGAAGCTTGCTTTCAGGAATTCCAATGCCGGTATCACTCACGCGCAAAATCACGTCATTAAACTCTGCAAGCAACGTAATATGAACAGTCCCACCGGCTGGCGTGTACTTTACAGCGTTCTCGACAATATTCAAAACAGCCTGCCGTAGTCGAAGCGCATCACCGGTAACAATCAGGTCAGGCTGAATGGCAACGTGCAGCGTAATCTGCTTTCGCGTTGCCAGCCGTTCAATCACATCGGCAACATCGGCAATCATAACCGAAAAATCAACTGGCACCTTCTCGATAACAACCTGTCCCGACTCTGCACGTGACAGTTCCAGAAGACCCTGTACCACGTGCGTTAAACGCTCAACTTCTTCCAGACAACTGGTTAGGATTGCCCGGGCCTCCACCCCCACGTTTTTATTTCGGAGGGCAACCTCCAGCTCGCCCATCATTATTGCCAGCGGGGTTTTTAATTCATGCGATGCATCTGATGTAAACTGACGCACCTGTTCGAACGATTGCTGGAGGCGCGCTATCATACTGTTCAGTGTTTCAACAAGCCGGCCTATCTCATCGTTCGCAGGCGGTACCGGTAATCGTTCCGACAAGTTTTCAGCCGTTATCCTGCGCGCACTCCTCACCACCCTGTCCACCGGTTTCAACGCCCTGCGTGCCAGAAGCCACCCGATAAACATACTGACGACAATCGTTACCGGGAAGCCCCATTGTACAAGCTTGAATAGCCGAACCAGAATTAAATCAATTTCGCCAACCGGGTATGCGGTAGCCACTTCAGCTATCGAACTTCCGATGACAACAATTCGATATCGAATTCCATCCTGTTCAAACCATGACCAAACCCGGTTTGAATCTCCCTTCCCTGTTGGCAGCAAACTGCGAAGTGACGGCAGCGAATCAGTAAGCAGGTTGTCGGATTTCCAGACGATGTCACCTTTTGCCGATCGAACCTGTAATAAAAATGAACTTGCATTCAACAATACGTGTTCATATACGGCACTCCATACCGGGTCGGGTGGCTGCTCAAAAACATCATCCGTCACAGGGATCGGACCCACGAACTCCCGTAGCGACGATCGTTGCAAAAACTCAAAAACATTGTCGGGGCTATCCCTCCGACGCTGCTTTACCGGCTGGAGTGGCCTGTTCTGTTGTGTGTGCTCACGCTGCACTACGGCAAGTAAGCCGTTGCCTGCCCGCAGCAACGAAGCATCCAGATTATTCTGCAGCTCGTCCATCACTGTGTAATACGCAATAAAGGCAAAGGCAACCGTTGTGATGGCTGCCACAGCCCCGTACATCAGTGATAACCGCATTCGTAGGGTGAGGTTCACAACCGTAAACTACGCAGAGTAGGTACTTATCCCTGCGTATTTTCGACGATATGCCGGAAGAACTACAACCCATTGGTGTATTTGACTCGGGCCTTGGCGGTCTTACCGTACTGCGGAAGCTTATGATGCACCTTCCGAATGAACGGTTTGTGTACTTGGGCGACACTGCCCGCGTACCGTACGGTAACAAGAGCGCCGAAACCGTCCGCAAATACGCAGCCGAATGTGCGGCGTTTTTACTTGACCATGACGTTAAACTCATTGTGATTGCCTGTAATACTGTCTCCGCTGTTGCACTGGAGTCTCTCAGGTATCACCTTCCTGTACCCGTGCTTGGAGTTATCGAACCTGCAGCAAGGCAGGCCGCCCAGGTTAGCCCGAGCGGACGTATCGGCATTGTTGGAACCAGGGCCACGATTGCCTCCGGAGTGTATGAACAGGGTATTCACGCTCACCGCAGCGATGCCGCGGTTATGAGCCAGGCATGTCCGCTCTTCGTTCCCCTTGTTGAGGAAGGATGGCTTGATACCGATGCAACACGACTGGTTGCCAGAACCTATCTGAATCCTCTGCTGGCACAGCGCATTGATACCCTTGTGCTTGGATGCACTCACTATCCGCTACTCTCACCGCTGATTCAGGAGATGGCCCCCGGTGTTCGGCTTATTGACTGCGGCGAAGCAGCCTCAGTACAGGCAGCACAAACACTTAATGTAGCTTGGATCAATGGAGTTACGGATACAACGCGATCTTTTGCTCAGCTGTATCTTACAGACTATACGCCAACCTTTCAGCTTATTGCCCGTGAGCTCCTGGGCATGAACGTTCAGGAGCCTACCCGCGTAACCCTGTCGGAATACTCATTGCCGGACGCACCATGAAACTCTTCCAACTACTGGCAAATGCCCTTTCACTCCGACAGTTGTTGTACACACTTGCCGTACTCCTTGGAGTTGTAATACTAACGTTCTTTATCAGACCACCGGGTGACCCTGTACGGGTTGCTCTTGGACAGCATGCAGACTCTGTGAGCGTGGCGAACCTTCAGAAACAGCTGGGTCTGGACAAGCCCCTTGCCATTCAAATGCTACACTACATAGGCAACCTGACTGCTGGCGACATGGGTCGGAGTCTTGTTACCGGCAGACCGGTAGCTGAAACCATTGCCGACCGTTTGCCGGCTACGGCACTGCTTGCCACCACATCGATGCTCATAGCCACAGTTCTTGGTATTATACTGGGTGTGTGGGCAGCATGGAGGGCCAACTCGTGGCTCGACACCTCGCTGATGGGGTCATCGCTGCTGGGGATTAGTGTTCCCTCGTTTGTTGTTGGGCTGCTGTTCATCCTGGTGTTCTCGGTTATCCTGGAGTGGTTTCCTATCAGCGGATATATTGATCGTGGATGGGAATACCTTACCCTGCCTATGATCACACTTGCCATTCGGCCATTGAGCGTGATTGCACGCATCACCCGTTCCAGCATGCTGGATGTTTTAGGGATGGACTACGTACGCACCGCCCGGGCGAAAGGCTTATCTAACGTCAAGGTGTTTTTCAGGCATGCCCTGCGAAACGCTCTCAATCCTGTTGTCACCACCGTTAGCGCATGGTTTGCCGGCCTTCTTGCCGGCACCTACTTTATCGAAATGGTTTTTAACTGGCCGGGAATCGGCCTGGCAGCATTTAATGCCATCGAAAAACTCGACTATCCGGTTATTCAGGGTACGGTGCTGATAACTGCGGTGATTTTCGTTATTACCAACTTAGTCACCGATATTATTAACGCCCTGCTCGATCCGAAAGTGAGGGTGCGATGATTCCTATCGTAACGCTTACGTGGAAACGACTGAAAAAAAATAAAGGGGCTTTGGCAGGCTTGATAACAATATGTATCATGTCAGCAATGGCCATCTTTGCTCCATGGATAACACCATTTGAACCCACCACTCAAATTCTTGAATACAGTGTTAAGCCGGCTGGGTTTAGGGGAAACATTCTGTTAAAACACAACCCTGCAAATCCCAACGTACCCAGTGTTATAGCTGTCAGCGACTTCACGATATCCGGCGATACCGTCCACTACCACGATCCTTCGGGAGAACCATACCGTATCGCCCTGAAGCAGCTTGCGGGAACGTCGCAGGACGACTGGCACCACCGGCCCCTGTTCCTGCTCGGCACTGATCGTTTTGGTCGTGACGTGTTCAGCAGACTGATTTATGGTTTGCGGGTATCGCTGACCGTTGGGCTCATCGCCCAGGCTATCGCACTCCTGATAGGCGTTACGCTTGGTGCCTTTGCCGGATATTTCAGGGGCTGGGTTGATGACGGTGTAATGTGGGTTGTGAACGTTGTCTGGTCATTCCCCGCCCTTCTCCTTGTGATTGCATTCAGCGTTATTCTGGGCAAGGGCTACTGGCAGACCTTTGTTGCCATTGGCATGAGTTCCTGGGTTGACATTGCAAGGATTGTCCGCGGACAGTTCTTCTCCATCCGAGAAGCTGAGTATGTAGAAGCCACACGTGCATTTGGTTTTGGTGCAGTCCGCACCATCCTCCGTCACATGCTGCCCAATGCCGCCGGACCTGTGATTGTGCTAACG
CP129493.1_gap21	685701	689868	4167	GGCGTCCGTGATTTGTTATAAACACTTCTTCCCTGCTGAAACGCACGCGTACGGGACGCCTTGTTTTCCGAGCAATGTAGGAAATGATAATTTCATGCGGGAAGGGGTCGCTCTTGCCACCAAACCCGCCACCAACTTGCGGTTTAATAACGCGCACTCTGCTCAGTGGCACTTCCATAACCTTTGCAAGTGCCCGGTGCAGGTAATGCGGCACCTGAGTAGCCGTTACAATCGTTAATCCATTCTCGTCCCACCAGGCAGTTGCAGCATGTGGCTCGGTAAAACCGTGGCTGACGCCTTCGAATGTGAACGACATTTTTGACGTTACGTCTGACGCATGGAGTCCCTGCTGCTGGTCACCAAACCGCAACTCTGCTTTTTTATGAACATTGTTATTAAACTTGCAATGTTCATGAATCTTTTCGTTATCGCCGATATCGTTTAGCGACGCATCGATTTCGGTAAAGGCTGTAAGGGGCTTATACTGTACCACAATTCGCTTACAGGCTTCAGCAGCAGCCTGCTCTGTTTCGGCCGCAACTGCGGCAACGATTTCGCCCATGTATCGGACTTTATGTATTGCCATTGCCGTTTCATCCTGCGAGATTGGCAACACACCAAAAGGGATTGGGAGCTCGGTGCCAACGGCTACATAGCGAACGCCGGGTACCTTGTACGCTTCCGATGTATCGATTGATTCGATGCGCGCATGAGCATGAATGCTGCGCAACATTTTCACATACAATGGATTCTTACTGACAACATCATCAGCATACTCTGCCGTGCCGCGTACTTTCTTTTCGGACTCGATGTAGGGTGTGCGTTTCCCTATAACATGGCCCCCCTGATTGTGCGCAGCCCGGCCGTTTGAATACCCTTCCTTGGTTTCAGCAGCATATTCTGCTACAGCCTGAATAATCTTCTTGTAGCCGGTGCATCTGCACACGTTTCCCGACAGTGCTTCCTTGATCGTGTCAACAGTTGGTTTGGGAACACTCTCTACATGGTGAAGTGCCGTCATCAGCATACCCGGCGTACAGAATCCGCATTGCACAGCCCCTTTTTCAATGAATTTGGATTGCAGCTTATGCAGATGTTCGCCACTGGCCAGTCCTTCAACGGTTGTGATGCTGGCCCCTTCGCAGCGCATCACCGGTGTGATGCAGCTTAGAACCGGTTTTCCATTTACCCACACCGTACACGTCCCGCAGCTTCCCTGCTCGCATCCGATTTTGGTACCGGTAAGCCCCGCCTTCTCGCGTATTACTCCTGCCAGCATATCGTGCTCGCCAACCAGCAAGTTGGTGGTGGCACCGTTAATCGTAAGTGTTATCGTTTTCATCGTTTTGTTGTGTAAGTTAATTATTCTCACGACATAACAAAATGACAAAACGCAGGGTTTTAAGAATCTGCCTAAAGTCTGTGTTCGATTACGGGGTCAGGTTTCAGATGCCTGCCCCAATACTTTTACCGCCATCCACGTACAGGGTTTGTCCGGTAATGAACCCTGTTGAATCACAGGCAAGGAAGAAGACAGCATTGGCTACGTCGTCCGGACTCCCCATTGATTTTGTAGGTTGTGCCTGGATAAGTTTTTCGCGGACATCATCAGATAGTGCAGTTGTTAATGGGGTATCGATCAGGCCTGGAGCAACCGCATTTACCATCACGTTGTAGCGGCCCAACTCAAGAGCAAGCACGCGTGTCAGCGCCACAACACCCGCCTTTGAAGCAGAGTAATTACTTTGACCGGGGTTGCCCAGCCAGGCTCTTGACGAGATGTTTACAATACGTCCTGACTTCTGAGACCTCATCACGGTGGCAGCCTCGCGGCACATCAGCCACACACCTTTTAAGTTCACATCTATAACGGCATTGAAATCATCCAGTGTTTGCTTCCAGATCACCCCGTCGCGGATAATGCCGGCATTATTGACCACTACATCGATGACTCCGTACTTATCGAGGGTAGAAGTGAACAACTGGTGTACGTCGTCCTCCCTGGTGACATTTGCATTTACATACTGCACCCCATGGTCACCGAGCAGCGCAACAAGCCGTTCACCGGCTTCACCATCAACATCAACAGCAACAACCGTATACCCCTCTTTAACAAAGCGTTTTGTTATTGCCATTCCGATGCCCTTGGCAGCACCGGTGACGATTGCAACTTTTTTCGTCATACTGTTCCCGGATGTGTTATGTATGTGTGTTGAACAGTTCAGTTTTTCTTCCCATGCAGAGCTGCCGTTGCATTAACACCATTTTTAACGGCTATCAGCTTGGCAATAATACTCAACGCAATTTCCTCCGGACCCTCGGCGCCAATATAAAGGCCCATCGGCATATCAATGGCGTTTGCCAGCGTCTCGGACGCAATACCGGCATCGGCAAACATCTTCTTTGTGAGCTCTACCTTGCGCTGACTGCCAATCATACCCAGGTAGCCATGGGGCTTGGATATGCACGCAGCCAGGATATCGCGATCATACTCGTGGCTATGTGTCATGATGCATACATAGGTATCTGCATCAAATGGCAGCAGCTGCACGGCTTGCGCATACGGCAGACACATTTTACTCACGCCGTCTGTTGTACACTGCTCCAGATACTGCTTCCTTTCGTCAATCAGTACCGTAGAGAACGGGAACTGTTGTGCCAGAGCAGCCAGTGCCAACCCCGTATGGCCTGCACCAAAAATATACAGTTTGATAGGATTCATAATTGGCTCGATAAAAATGTCAACACTTCCACCACAGCACATATTGTGCTGATGCACCAGGTCGTGCCTGAAAAGTTTGGGCACCCGAACCTCAATCTGACGCAGCGCATTCTGGATAACAGCTTTTTCAAGCTCACCACCACCGATGGTACCTCGAATGCGTCCATCGGCATACACGATCATCTTTGCCCCTACCTTACGTGGTGTGCTGCCGCTGGTTTTAACTACAGTACAGAGCGCTGCCTTCCTTTGGCCAGTTTGTGCATCGTGTACGTACTTGTAAATCGAATCCACCTAAACTTCGTCCTCAGAAGCAATTGTTAAGGGTTGTAACTGTCCACCAGGTGCCGGTAATCATCGGCTGTATTGATATTCCGCAGGACATCAGCAGAATCAACGTTAACTGTGTTTTTGGCAAAGCCCCTTAACACATCACGCAGGTTACACTCCGTCTGCTTCATTTCAATAATACGGTGAATTACTGGTCTGGAAAGCAGGATCGGATGTCCGCCTCTTCCCTTGTGCCTACACTCTGTGTATCCGTTCATGGCTCGATTTTGCCACAACGTCTGAATTGTTGTTGTGCTGATCACCGGATTATCAACGTTATGAATAAAGCAAAAGTCAGCATCTGCAAAAGTGGTCAAACCTGACCGTACAGAGTAGAACCTCCCGGCATCAGTATCAAGGATATGCGCAAAGGCAAGTCTCGTCATGACTGTCTGAAAGTGCTGTTCCCACTCTCCTGACGTGTATTCTCTTCGAATAACAAGACCCACGGCCGGAAACCCGGCATCGGCATACGCTGTGGCAATGGCTTCGGCAAAGGTTTGCCCGCGAATTTGCAGATAGCACTTTGGATACTTCATGCGTTCTGACCTTCCTCCCGCCAGAATCACCACACCTGTTTGAGCTTTCATCGGTGTCGCCAACCATAAATGAAGATTATTTCCATGTTCAACCTCGAACTATGACAAGCATCATAGTTTACCATGATAGAACAAATTTATTTTGGTTCAAATCATAAAAAGTGCACCATGGAACACCTTGACAATATTCTTGACTACTGCGAGCGGACAGCATTCGACCTGAACTTCACCAGGGCAAAAGACTGGAAGAAGGCCGGTAAAGATAGGCTGCTGGTAGGGTATTTACCAATTTACGTACCACGTGAGATGATTCATGCTGCCAACGGTATGGCTGTTGGAATCATGGGTGCGGGCGACAGGAAGCAGATCATCAAGGGAGATGCTTACTACCAGTCCTACATCTGCCACATGCCCCGCGGAATTATCGAAATGGCATTGGATACCAACCTGCATGACATAGACGGGTTCTTGTTCCCTGCCATCTGCGACTGTATCCGAAACCTTTCAGGCATGTTTAAACTGTCGAAAAAAGGAAGTTTCCAGCGATACTTCGATTATCCGCAGAACTTTGATTCT
CP129493.1_gap22	701423	705985	4562	TTCTGACATCGGATTGTTTGAGATTAATGAAGCCTTCTCTGCACAAGTCATCGGATGTGAGCGTGAGCTGGGCCTTGACCGAGCCAGGCTGAATGTCAATGGCGGCGCTATTGCCCTTGGACATCCCCTGGCGGCTACCGGCGTACGCTTGTCATTGACAATCTCGCGCGAGATGCAGGCTCGGAATGTGCGCTTTGGCATTGTCTCGGCATGCATCGGAGGTGGTCAGGCAACGGCTGTGCTGCTGGAGAACACGGCATGTAATTGAGTTTGCCATCCTATCCTGTAATTTTTATTACTACCTGTGGAATAACAATGAATGCAAGTTCATCAGATAATGTAATGTTTCAGTGGCAGATGACTGAAACCGATAAGGAGTTTTCACTTGTTCAGGTGCAGCAGCCCCAGGCAGCACCCGGACAGGCGGTTGTACAAATTTCAGGGTGCGGTGTTTGCCATACCGATTTAAGTTTTTGGCACTATGGTGTACAAACAAAGCATACATTACCGTTAACACTCGGGCACGAGATTAGTGGCGTGGTGGTAGCCGGTGATCCGGAATGGATCGGCAAGAACGTGATCGTACCGGCCGTGCTTCCGTGCGGCGAATGTGACCTGTGTGAAAATGGACGCAGCAATATCTGCCGCAATCAAACCATGCCGGGCAACGATTTCCATGGAGGATTTGCATCGCACATTATCGTACCCTCGCGGTTTTTATGTGCCGTTCCGGACTCTGTCCTTGCCCGCTTCCCATTATCACACCTGGCTGTGATTGCCGACGCTATTTCTACACCATACCAGGTGGTGGCAAAGTCTGAGCTACGTGCGGGTGACCTGGCAATCGTAATCGGTGTGGGTGGCGTTGGAATTTATGCAGCACTGATTGCCCGGATTCTTGGCGCTAAGGTGTTGGCACTCGACATCAGCGATGCCAAGCTGCAGATAGCTAAGGATAACGGCATTGAGGCAACGCTCAATACGGCAGACCTGGACATCAAGGCTGTGAAGGACAACGTCAAAACCATTGCACGCGGTTTAGGCGTACCACAAACCGGCTGGAAAATCTTTGAAATGAGTGGTACCAAGGCTGGTCAGGAACTTGGATTTAATCTTCTCACGTTTGCCTCCACAATGTCGGTTGTTGGCTTTACCATGGACAAGGCAGACGTACGATTGAGCAATCTGATGGCATTCGATGCCAAGCTGATTGGAACGTGGGGCTGCCGTGCCGAGCTATATCCGGAAGTTCTGAACCTGATTGAAACCGGAAAGCTTAACATAGCCCCCTTCGTTGAAACAAAACCAATGTCGGAAATCAACGATGTTTTTCGGAACTCATTACAACACCTCTACACAAAGCGAATTGTCCTTGTACCCGACTTTAACAATAATTAACACACATGGAACAACTCAAAAATCACAATCTCGTAGAAACCACGTATCAGGAAATCCTTGTGGAGAAGCGTCCGTGCCTTGATGCGCGCGGCAATCCTGTGCAAGGGTTATTCAATGCGTGGATTTTTCTGAACAATCCGCGGCAATACAACTCGTACACAACTGCTGCTGTGAAGGAGATCATCCTTGCCTTTGCCGAAGCCTCGAATGACAGAAGTGTGGTAAGCGTGGTATTTACCGGTGTTGGTGACAAAGCATTCTGCACCGGTGGGAACACAAAGGAATATGCAGAATACTATGCCGGAAACCCGCAGGAGTACTCGCAGTATATGCGGTTGTTCAACGATATGGTTAGTGCCATTCTAAAGTGCGAGAAACCGGTGATTTGCAGAGTCAACGGGATGCGTATTGGTGGCGGACAAGAGATTGGCATGGCTTGCGATTTTAGTATCACCAGTGATGCGGCACGCTTTGGCCAGGCAGGACCTAAGCACGGTAGCGCCCCGATTGGTGGCGCAACTGATTTTCTGCCTCTCTACATGGGAATCGAAAAGGCAATGGTATCACTGACACTATGCGAGCCGCTTACCGCACATCAGGCGTATTATCATGGCATTGTTTCGGATATCGTGCCCGTGTACAAAGTTGACGGTGAGTTCATCGTAAACCCGCTTGTAGTTACAAACAAAATAACGGACGACTACGGACGCATCGTGTTTGGGACGATGAAAACGGGGCGTGAACTGGCAGAGGCAAAAGAAATTCTTGCTTCAGCAACAACCGATCTGTCACTCCTGGATGAAGCCGTAAACAAACTTGCCACCAAGCTGCTATACACGTTCCCCAACTGTACCAACAAAACAATCTCGGAAGTACGCAAGTTTAAACTCGAGCACTGGGATAAGAATAAAGAAAGCAGCCGCGAATGGCTTGCTCTGAATATGATGTCGGAAGCCAAGGCAGGCTTCAGGGCATTTAATGATGGCCCAAAAGAAAACCGCGAAGCTGATTTCATCAAGCTGCGTCAGCTACTTGCCGAAGGACACCCCTGGGATGATGAACTTCAGCGTGTTATCTCGCCACTATACACCAAACCTGAGTAGCTCATGACCAAGGTACACGTTTCATACATGTTTGACGGAAGTGTGGCCAGGATTGTTCTTGACGACGGCAAGGGCAATGTACTCGATAAACTGATGGTTGACGACCTGCTGGAGTTTTTAACTGCAGCGAAAGCAAATAACAATCTTAAGCTCATCACCTTTGAAGGTGCTGGCAAGCACTTCTCGTTTGGTGCAAGCGTTGAAGAGCATCGTAAGGATCAGGCTGCCGGAATGCTTCAGGGATTTCATAAGATCTTTTATGAGCTGATTGACCTTGCAATCCCTACTGTTGCGATTGTTTCCGGACAATGCCTGGGCGGAGGTCTGGAGCTGGCTTTAATGTGCAACCTGCTTATTGCCGATGCCACAGCCAGACTCGGGCAGCCCGAAATCATCCTTGGCGTTTTTCCTCCGCCTGCCTCACTCCTGCTTGCCGAAAAGATTGGAAGCGTCCGTGCCGAGGAGCTTCTGATATCCGGCCGAACCATAACAGCCGTCGAGGCACAACACCTGGGTATGCTTAATCATGTTGCAGAAACCAGACAGGAGCTCGACGACTGGCTAAGCCAATGGATAACAACACACATTGTACCAAAGAGTGCTTCATCGCTACGGTTTGCAACCAGGGCGGCACGCACAAAAGTGAATACACTACTCACAACCTACCTCCCCGAGCTGGAGAAGACCTACGTGCACCAGCTCATGGAAACCCACGACGCAAATGAAGGCATCCAGGCATTTCTGGATAAGCGAACACCACAGTGGACAAATAACTAAGCGTGTAACTATGAAAGATATTACGAACGTTGGAATTGTTGGCGCCGGAACCATGGGTGCTGCACTGGCTCAGAAGTTCATTCAGGAAGGCTTCGCCGTTACGCTTGCAGACCGGTCGATGGAGATTGTACAAAAGGGTATCACCGGTATTCAGAGTACGTTACGGGATGCAGTTGAAAAACGTTTGTTTACCGAAACACAGGTTGAACAGTTCATGCAGCGGCTAAACGGAACAGATACTCTTGCCGGTCTTGCACACTGCGATCTGGTTATCGAAGCCATTTATGAAAACTTTGAAGCAAAGAGTGAACTCTTTCAAACACTGAGTACGATTGTATCTTCAGACTGTATTCTGGCTACCAACACATCCTCGTTTTCGGTGTCGGAATTAGCAGAATCGGTTCATCATCCCGAACGCTTTATTGGCCTTCATTACTTTTATCATGCTGCAAAAAACCGCCTTGTAGAAATTATACCTGGCAGCAAGACTGCTCCGGAAACATTCATAGCGGCACAACGATTCTCGTTCCTGTCGGGGAAGGATGCCATCACGTGTGCCGATTCGTACGGCTTTGTTGTTAACCGGTACTTTGTTCCCTGGCTGAACGAGTCAGCACGTCTGCTGGGCGAAGGCTATCCGATTGATGTGATTGATGCCGTTTGTAAACAAGTATTTGGTATTGGAATGGGACCGTTCGAGCTGATGAATGCCACAGGTATCCCTGTTGCCTACCACTCAGAGAAAACTCTCGAACGTTATGGTAATCTGTACACAGTGTCGGAAGTTCTTGAAAAACAGGCATTAGCCAACACTCCGTGGCTGTTGGGCACAACACCGGACAGCGGACTCGGCACACTGGAGCAGGAGCGCGTAATTGCTGACAGGATGCTTGGTGTGGTATTCTTCGTGTGCCTGCAGTTGCTTGATGAGAACGTGTGTAGCGTGGCTGCCATAAACCGTGGTGCCAAGATTGGCCTAAAGTGGAAGCGCGGTCCGTTCGAGATGATGAACCGGTTAGGTGAAGACGCCGTACGAAGCCTTGTCGGCAAAATCGCAGCACTCTATACCATGCCGATGCCAAACGCTCTGTCCGCCGACCGGTGGAAATCTGAAAACGTTAAACTGGAAAAGAATGGTTCCATTGCCATCATCACGATGGATCAGCCGGAATATCAGAACGCATTCAGCGAAGAAACTATGCGTCAGTTAGCTGCGTGTTTTGATAGTGCAGACAGTGATCCTGATATCAAAACCATATTTTTCACCGGCTCTGGAAAGGCGTT
CP129493.1_gap23	777457	779330	1873	GAACATTGACTGAATCCATCCCATTGAGCCAACGATGACGGCGCGAAAGCCCCCAAGCTGTGAGAGCGATCCAATGCTCATCAGTGAAAAGCTCATCACCACCAGGGCTGTCAGGGTGATGTAGTTCTTATAACGAACAACAAAGTCGACAAACCGACGCATTAATGTCGCTTACTTTTTAACAGAGCCGATGAATACGAGGTTAAATCTTCGAGTACCTTACCAGTACCACGGACAACGGCCGTCAGTGGGTCTTCGGCAACCAATACCGGCAGATTTGTTTCGCGGCGCAAACGTTCATCGAAGCCCTTTAACAAGGCACCGCCACCGGTAAGAATAATTCCTCTGTCGTAGATATCGGCAGCCAGCTCGGGTGGTGTTCTGTCCAGCAAGTTCAGAACAGCTTCTACAATGACGGTAACATTCTCGTTAAGGGTTTCCCGAATTTCTTCACTGCTGACCACGATGCTTTTGGGAATACCACTGATCATGTCGCGACCTTTGACTTCAATCTCAAGCTCCTGTTGCAGCGGCCAGGCGCTTCCCACGTTTACCTTGATCAGCTCGGCAGTCCTGTCACCGATAAGCAAACTGTGGTGACGTTTAAACCAGTTCACCACGGCAGCCGTCAGCTCGTCGCCTGCAATTCTAATACTCTCGTCTTCAACAATACCAGACAGGGCGATGATGGCGATTTCGGTGGTACCACCTCCAATGTCAACAATCATGTTGCCCTTAGGCTCGTGAACATCCAGGTTTACGCCAATGGCTGCTGCCATTGGCTCTGCAATCAAGTGTACTTCCTTTGCGCCTGCATGTTCGGCACTATCGCGCACCGCCCGTTTTTCCACCTCGGTAATACCGCTTGGCACACAAATGACCATTTTCCGTGCAGGCTGCCAGTTGGCACTGGTTTTGCGGATGAAGGCGCGCAGCATGCCTTCGGCAATTTCGAAGTCGGTAATCACACCGTCTTTTAATGGACGAACGATACGGATATCGCGGTGAGTTTTCCCAACCATTTCCTGCGCCTCATGTCCGATCGCGATTATTTGCCTCGAGCTACGGTCAAACGATACGATTGAGGGTTCGTTAAGTACAATCCCCTTACCTTTTTGCCAGATAAGGGTGTTGGCCGTCCCGATGTCGATGCCAACGTCGTTAGAAAAAAAGCCGAAGAGAGCCATGCTGGTAATATAGTGTTCTTGACGTGTGTGCAGGACGTTCCTGACCATCAGAGATTCCTGCCTGCACAACAAAGTTAACATGACTCTGCGGTTTCGAACGAACTTTTCATGAAGAGCACAAAATCACATATTCGCCCCCTACTCTCGCTGGCACTGCCGGTAGCGGCTTCGCAGGTGAGCGATATGCTGGTGATGGTGTCTGACGCCATCATGGTAGGCCCTCTTGGGGCAGTACCGCTTGCCGGTGTTTCACTCGCAGGCGCTGTTTCGGCAATCGCAATGCTGTTTGCCGTTGGGTTCACCGTGGCAATCACACCGCTGGCCGGCGAGGCGTACGGACGCCGATCAATGGCCGACGTAGCATTATACGTCCGCATGGGCACCATCTCCAGCATTGCTATCACCATTATCCTCACGGGATTGTTGCTGGTATTCAGTACACGTCTGGATCTGCTTGGTGCTTCGGCCGACGTCACAGCCCAGGCAGTACCGTACTTCCGATGGATAATTGCCTCTGTGTTTTTCAGAATCGTTTTTGGCTGTTTTAAGCAGACCGCCGAGGCAATGGCAAATACACGCGTATCAATGATCATAAATGTTGCTACCAATGTCATCAACATTTTCCTTAACTGGGTGTTTATTTACGGAGAACTTGGGATGCCCGAAATGGGTGCCGAGGGTGCGGG
CP129493.1_gap24	788876	789789	913	CTCATTTCAACGATCATAAAATGAAGGAAGGGTACGATAGCGTACCCTTTTTTCTTTATGCACCAAACTGTCACGAAACCATCTGTACTTGTTTGTATTCAACAATTAGGATGTTAGACAATTCGCTACTCAGAATGGCGCTAACCGATATTTCTTTCGTTTAACCCTCTGCTGACAGTACCGTCTGACTGCTGTAATTCCGTTCGGGTGCAGCAATCATGAGCATACTCATTGTAACCATTACGCCGGTACCGCCTGAGATGTGGCTGCAGGCAGCGTTCCGGGTAGATACCGATATTAACAGGATTACCCATTGGGTTAACGGTTTCGGGCTTGATACAGTGACGGTTTAGAAGCAATTACCTGTCTCCAAGTGAGCAGGGTCGATTATTCTGACCATTCTTATCGTTGAGACAGATGTCTCAACTTAAGACTGGTCAGATTTATTTACCCCACTCCACTCCCACCACCAGAACTATATCACCATTTTTGCTCATCAGACACCAATGCTTCTATGAATGTCTCCAGCGGGAGAACCGATCTGCATCATTATCAAGTTCACGAGTACCCAGCGTAACGATTCTTCCTTCGTCCTGCGTTCCTATACGTGACCTTTCAATCTCGTCATCAAATACTCCAGACTCTCTTCGTTTTTCACTCACTCAATATGATTACAATTATACTGGGCACCATACTGTATCAGCCAATAAACAGCAATCAGAGCCCCTTTCAATAATATATTCACGATATCGGTCAACCTGATATGATTAAGGGACATAATTAACCAGGATCATGCCCACAAGCCTCTCCTTGATAAAATACATTACTACATGATATCCGTAGCTGTTTTCTGCAATTGGTTTATTGTGATGCTGGGCATCCATATCAGCATGAAAGCTCCCGGCAAAGTCCC
CP129493.1_gap25	923642	928381	4739	AATAAATCATCACCAATCCGTGCAGCCCAAATGCAAACAAAACAGTAAGGGCCAAGATATACGCAACAAGTAAAAAAGTCTCCATTGAACCTGAAGAATAACTGACAAAAGAGTTTAGGAATTTTGTTCGCTGCAAATAACTGCTACCAGTCAGACACAACTGCAAGCAGTATGTCATCCACAATGCGGTCAATGGCTACTCGTGCGGCACGGGTTCTGTCTTCAGTGGCGTTTGCCACATCATACACATCGAAGTTTTCGAACGTGCGTGTCCACACGGTACGATGCTTTACAGCATCAGTATATTCAACTTCGACGGATACTATCAGTTTACGCTGGTTTTCCAGGTCGGCCTGCTGAACGTTCAGCATTTGATCCTGAACCCGGATTAAAACCGGTGTAAGCCGTATATCGCCATTTTCGTCCACCAACTGCAACGTATTGTCTGTCCGAAAACGTGATACCAACATCTCATTACAGTATTCACGAAGTGTTGCATCTCCATAACCACTGCGGTCTGTTACCGGACTAATCGATACAGAATGCAGATGATCAGGTATTGCACCCCCCCGGAATGAGTAACAGGCTGTCAGCAGGACTGCCGTTGTCACACAAACAATATGCGAAACTATGGTTCTTAACAATGCAGTATCATGAAGGTTGTATGAATAAACTTTCACTCTGCGAGGAATGGATTGGTCTGTGTTTCGATGTCGATGGTAGAAGAGGGTCCGTGTCCGGGAAGAATGATATAGTCAGGTGGCAGCGACAGCAACTTACTACGGATTGATTGCAGCAACTGCTCGGTATTTCCGCCGGGCAGATCAGTGCGTCCGATACTTGAGTTAAACAGCGTATCGCCAACAAAAACACGTCTGCGCGCTGCGTCGGTATAGCACACGCCGCCTTCGGTATGGCCGGGCGTAAACAACACGCCCAGCTGGATGCCAGCAACGGTTATCGTACTACCATCATCGACCAGGACATCCGGACGAACCGGCTGCAGATCGAACGGGAGTGGCCACACGGTATGGGCATTAGGGGCTTCAATCCGATACGAATCCGCAGGATGCACGTACACCCGGGCACCTGTTCTGCGCTTAAGGTCTGCACAGTCGCCCGTATGGTCCCAATGGGTATGGGTAAGCAGAATTGCGGTAAGGGTACAGTTATGGTGTGTTACTGCCTTCAGGATTTCGTCCATGCTTTCCAGCGGAACATCAACACAAAAAGCTTCCCCAAGCGTAGTATTGCACACCACATACGTATTGGTGGCTACCGGACCGCATTCAAAACATTGCGTTTCTACCATGTGCGAAGATAGTGCTAATGGTGCTTTTTGGTAACTTTGCCCTGAACCGGAAAACAAATATGTTAGAGAACTACCTGCCCTTGATTGTAATGATTGCTGTTGGACTGATTTTTGGTCTCAGCAATATTTTTCTTGCCCAGTGGCTTGGGCCACGGCGCACCACGCGCTCCAAGCTAACAACCTATGAGTCGGGCATGGAGCCAATTAAAACTGCACGCGAACGCTTTACCATAAAGTTCTACCTTGTGGCAATGATGTTCATCCTTTTCGACATTGAAATTATTTTCATGTATCCCTGGGCGGTTCAGTTCAGGGAGTTGGGAATGAACGGCTTTATTGCAATGATCCTGTTTATGGTTTTACTGTTTAGCGGCTATATCTACGTTTGGAAGAAAGGAACTCTGGAATGGGATTAGGAGAAAACATTGCCCGTGACGGCTTTATCACTACAAAACTTGAGGCAGTTGTCACATGGGCACAACGGAACTCACTCTGGCCAATGCCGATGGGCATCAGCTGCTGCGCCATCGAGATGATGGCGTTTGGCGGACCCCGGTCCGACTCTTCGCGATTTGGCTCGGAGCGATTCAGCTTTTCGCCTCGTCAGGCAGACCTGATGATAGTTGCCGGAACGGTAACCTACAAGATGAGCTGGGTTGTTAAAAAAATATGGGATCAAATGCCCGACCCCAAGTGGTGTATCGCTATGGGCGTGTGCGCCAGCGCTGGTGGCATGTTCAGGTCGTACCCCGTTGTTCAGGGGATTGATCAGTTCCTCCCGGTCGATGCATACGTCGCTGGGTGTCCGCCCCGCCCTGAAAACCTCATGAAGGCTCTTCTCTACATCCAGGAAAAGGTTGCCAACTCAAAGCCGGTCCTTGCAAACTTCGGCAAGGACACCGGAGCTGTTAAACGAAGCGACATTATCAGGGTTTAACATGTGATTATTGCCGGCATCATGACCGGCACATCGGTGGATGCCATCGATGTAGCCATTTGCGACATTACTGCTCAGGGAGATCGTCACACGGTCTCCCTGATTCACTATGTACAAGCCCCCTACCCCCCAGACCTCAGCGAGCTGATTCACAAAGCACTGAAGCAGGAAGCGTCAATGGAAGAGCTGTCCGATCTGCCGTTTGCTCTTGCCCAGGCCTACGCAGAGGTGGTGAAAGGGGCTTTGGCCCACGCGGGGCGTCCGGCTCAGGCTGTGGGTGTGCACGGGCAGACCCTGTGGCATCACCCGCCGCACAGTACGTGGCAGGCTGTGTCGGCCCCGGCTCTTGCTGCCCTGCTTGATCTTCCCGTTGTGTCGGACTTTCGTTCTGCCGACGTAGCAGCAGGCGGCCAGGGAGCTCCGCTTGTACCGGTTTTTGATTTTGCGTTGCTTGCCGGACCGGTCAGCCGGGTTGCAGTTAACATTGGCGGTATGGCCAATATTACACTACTGCCGGCAGATGCCACCCGCGAGATGGTCACAGCGTTTGACTGCGGACCCGGCAACATTTTAATTGATGCTGTTTGTGAACGGTGTTTTGGTAAGCATTTCGATACTAACGGGGCAATTGCGGCAGCCGGCGTTGTTCTGGACAGAGTTGTCCGTGAACTTCAGCAGCATCCGTTTTTTGCAGAACACCCGCCAAAATCTACCGGTCGCGAAGTATTTGGCACAGCCCTGGCCGATGCACTGGTACGGAAGTACGCACACCCCTCTATACCGTCAGAAGATCTGGTACGATCCGTTACCAACGTCACTGCCTGGTGCATTGCCGATCATATCATTCGGTTTCAGCCCGATACCAGGGAGGTGATCGTAAGCGGTGGTGGCGTACATAACGCCACACTGATGTCCACTCTATGCGGGCTGCTTCCCGAATGCTCAGTGGAGTCCAGTGCCTCCTACGGGATCGATCCCGATGCTAAGGAGGCCATGGCGTTTGCCTACCTGGCGTGGCTGAGTATCAACGGACTACCCGGGAATCTTCCAACCGTTACTGGTGCACGCTCATCCGTCGTTCTTGGTTCATTAAGTCCTCCTCAAAGCTTTAGGATACCGTAAGTTTGCAGCAGATTTTATTTCTGCAGTTTCACCTTTGTAAACCAACAATTCAATTTCGTTAACATACTGTACCAAGCCATGTTTGATCTGACTTTTTCCGAAACCCATCAAATGATTCGCGATACGGCTCGTGATTTTGCCCAGAACGACGTTTTCCCTACTGCTGTGGAACGTGATAAAAGCGGTGAGTTCCCAGCCGAGATTGTTAAAAAAATGGGTGAGCTTGGTTTCATGGGTATGATGGTAAGTCCGGAATGGGGCGGCTCGGGACTGGATGCCCTAAGCTACGTTATCGCAATGGAAGAAATCAGTGCCGTCGACGCATCAGTTGGCGTTGTGATGAGCGTGAACAATTCACTGGTGTGCTGGGGTCTGGAGGAATACGGGTCTGCCGACCAGAAGGCAAACGTGTTAACTCCGCTTGCTCGGGGTGCGGTACACGGTGCATTCTGCTTGTCGGAACCCGAAGCGGGCAGCGATGCCACACAACAGCACACTACGGCAACACGGGGTGACGGCGGCTGGATTCTGAACGGTACAAAGAACTGGATTACCAACGGTACCACCGCTTCCTGGCATCTGGTAATGGCGCAAACCGACCGCGACCTTCGTCACAAAGGCATTACCTGTTTCATCATTCCTTCCACTGCCGAAGGATACGAGCCAGGGCTGAAAGAAGATAAACTTGGCATTCGTTCCAGCGATACGTCGTCAATTGGTTTAACAAACGTGTTTGTACCTGACTCAATGATCCTTGGTGATGTTGGCCAGGGCTTCCGTATTGCAATGGAGTCACTCAATGGCGGCCGGATTGGTATTGCGGCTCAGGCACTGGGAATTGCCAAGGGGGCGTTCGAGGCTGCACTGGCATACTCAAAGCAGCGGAAGGCATTTGGTAAGCCCATCAGTGACCTACAGGCAATTCAGATGAAACTGGCTGACATGGCCACACGGTTAGAGGCAGCCCGTATGCTTGTGTACAAGGCCGCATGGCTCAAAGATCAGCATGGCAACTATATCAAGGAAGCTGCACAAGCAAAACTTCTGGCGTCACAAACTGCTGTTCATGTTGCACTGGAAGCTATTCAGATTCACGGTGGTTACGGCTATGTACGCGAGTATCTGGTGGAACGATATCTGCGCGATGCCAAAATCACTGAGATCTACGAAGGTACCAGCGAGATCCAGCATATTGTGATTGCACGGGAATTACTCAAGGCATAAGATGCCTGCACCATCACGTTGCCGTAGCCCCTTACAGTCTTAATATTCTTTTTGTTTACTGAATACGCGCGCCAAGCCTGATTTCCCACAATCGGGTTTGGCGCGAAATGTTTCCGGAGTTATTCACCGAGTGCGACACATCGG
CP129493.1_gap26	1044548	1049241	4693	CAGTCTCTACCACGCCATACGGTCGGATTGTATATGCCTCAGGTGCCAGAGCGCTTTCGGTTACAGGCATTGAATACCATAACATCAGCTCCGTTGGTTGGACTACATCCAGACGCTCCAGACGCAGCTCAGGGAGCGTTGTATCGGCAATAACCAGCAGTTCGTGGGCTGACGGGTTTGTGGGAATTAGGTGCACATCAGAAACCGGATCTACAACAACACGATATGCTCCGGCAGGAATTTCAATACTACCAAAGCTTACTATCACGGTTGAATCACTGCCCAGCGAAATACTTCGTGCAGCTGCAATGGCGGTACCCTGGCTATTGGTAAGCCTGATTTTGCCTGCATCAAGGCCAGAGTCGCTCAACGGTCCGCTGAATTGAATTAACAGCTGAAGGTCTGACGCTGCCCGGGTGGTGGTAGTCACAGCAGGTGTCAGCCGGACAACGTTCAGCCGGTCTCCGGTGTAAACCGGAACGATAGCAGATCGTTGGCTGTTCTGACCTGGGTCACCTGCAATGGCAACCACCGTAAAGCGATACATCCGGTTAGCGGTTAGTGTATCAACCTCAAAACTCGTCGATTCCGTTGAGTCAGATATTCGGAATAGTCCGCTCCCATCGCTATTCCAGTACACGCGATACCGTACTGCATTGGGTACGGAGCTCCAGGTTATCCGTGCCTTCACCGAATCAAGGCTTACTGCTCGAACGCCGGACGGCGGTTCTAATCTTGAAGCAAAACCAACATATTCGGCAAAATCAAAATTGTCCATTAAACCAAAGCCCTGGGTAGAAACACCATAGCCAAGTTCAGCGATGCCGTTACGATCGAAATCATGAGTAAGAAACCGGGGGGTTACCACACCACTGCGGAACCAGATGGGCACAATGGTCCCGGTATCTGATGTTGTAAAAATGTACATTCTGGGGAATGCACAGATAATCATTTCATCGCCGGGCCTGCCGTCAACATTGGCGATCTCTACCCCGTTGCGGTACCCGTATCCATAGCGAACTCCCGATACACGGTCTTCCCAGGTTACGAGATACGAGTTCGGTGCATCTGACGTAATCAATCTGTATGTCCAGGTCTGTCGGCCATACTCACGGTTGGAGTTGATATACGGATCATCCGGTACACCAACCAGAACATCCGGTTTACCATCACCGGTTACGTCGCCGGCAGCAACATAGCCAGAGCCCCCTACCCCGGATCCTTCCAGCGTATATACTATTTTAAATTCGTTGTTTTTATATTCGGCAATCACCAGATCTCCGTCGGTATCTGAAAACGCAATTTCCATTGCGCCGTCACCGTCAAAGTCTCCGATGCCCACGCTGACTTCGTCAATTCTGTTATCAGCATTGCCTGCAGCCGGTGGAGTTGGATTTTCAATTCTGCCAATTTCAGTCCACGCATTATTACGCCAGCCTACCACCACGCATGCAGAGTTTGACAACAGCACCAGGTCATCGAGTCCGTCGCCGTCGATATCTGCCACGCCCGCCGGCGTATTGCCTGTTACGGTATCAGCGTAAATGATATGGCCAAACGGGTTATTATCTGAGGTGCTTCGTTCAAACAGCACGGTTTTGCCGGAAATACCGGCAAGCACTTCAGTAATGCCGTTTCCGTTAGCGTCACAAATACCCCGAGGGATCCAGATTTGATCGGTTTTATCTCCGGCAACAAAGTCAACTCCTACACGCTGCATGAGTACGATCGGACCGAATACACCGGTCTGTAAGTCGCTCATTAAAAACTCTTCGTTACCGCTGCCGGTAATGTCCTGCACTGTATTGAGTACGTACCCGGTGAAGTTGCCTGACGATTTTTGCTGCCATCCCAAAACCGGTGCTGATTCCGGGTTAACAGAATACGGGATGGTAATGTCAGCGGTATCACCATTCTGAGCTACACACTGCACCCGGATCGGGCCGTTATTGCCCCATCGTTCAGAGTTAATCTCAAAACTTAACATTGTGGATGCACGTGCATCGAACACTTCCCTGTCATCCGGGTTGGCCGGGCTGCCTGCCAGTGCCACCTGTACTGGTCGGGACGTTTGGACTGTTAGGATGCCAACGCGTTTGTCATCCTTCCACGCCTGCACAACATCGGCATGAATAATCCGGAGAGTATCGGCGGGCTTTACGGCATAGATCCGACGTCGGGACTCGATAACAGCGCCGGTTTTTAACCGAACAACCAGGCGGATAACGTACTCAGTTCCGGTAAACAGCGAGGCCGGTATCGAAGCCAATTCACCAAAGGCTATCGCATGGTCTGCCTGGGCTACCGTGACCCATTCGTCTGGTTCCACACCCTCGCCCACATCCACGCGATACGAGCTGAACAGCGTGGCATACGCTGATCCGGTTACAGAGATCGGAGTGTTTGCAATTGTTATCTGGGTTTCATTTTCAGGATAGGTAATGTCAACCGCCGACGTCCCCACATGTGTAAGTGCCGCATACGAATCAAGCCGTCCGGTACCATATTCTCTGTCCCACCCTGGTGCACCAAGGTCCTTGCACGTCTCAAGCAGTACCCCACGGAGTTCCTGCGCCGTCAGTTCGGGATGCAGCTCGAGCATCAGGGCAGCGGTGGCTGCAACGTACGGTGCCGAGAACGACGTACCGTTCACGGTACGATAGCGGCTTCCAACGGCGGTGGTAACAATGGCTTCGCCCGGAGCAACCATGTTTACAAGTGACCCGGTACTGGAAAATACAGCCCGAACATCTCTGGCGTTGGTTGCGCCTACGGCCAGAACGTTATTGTAGCCGGAGGGGAACTGGCGCGACACGGTTCCGGTGTTACCGGCAGACGCTACAAGAAAACAGCCCATGGCTGCTGCAAACTGAACAGCATCCCTGAGAACCGGCGAGTCAACACCGTCACCAAAACTCATGTTCACGACAGGTATTTGGTTAAGTGCGGCATACACGATGGCAGCGGCAATGTTACCTTCGTCAGCATTCCCGGTAGCGTCAAACGCACGAAGCGTTACAATGCGGGCACCATGTGCCAGACCCGCAATACCAATTTCGTTGTTGGCCTGAGCGGCTATCACACCTGCTACCGACGTACCGTGTCCCTGCTCATCGGCAGGGATCGGATCACGATCTCGAGCATCGCCGATATTCGCCACACGCTGATGAACAAAATCATAACCAATTACATCATCAGTGTAGCCATTCCCATCATTGTCAGCTCCGTCAAGATCACCTGTGATTCCGTTAATTTCCATTGTTGACGGCCAGGGTTCAAACTTTCCGTTCTTGTTAATGTCTTCGGCCGGATTGACCGCCAGTCTGTTTTTCAGATCCGGATGATCCCAATCGATTCCGGTATCTACAACAGCTACCCTAACACCCTTACCGGTTGCCAGTTCCCAACATTTCACGGCTTTCAGAATACCAAGGGCATATTGGTCAGCAGAAAGAGAATCCTGCGAATATGGTTCGTTGTGTAACGGTATCGGGCGCAACATCCAGGCCTGCTCTACCGCAGGACTGCGATAGACTGTATGGACGGCTGAGTCGCTGACGCTGACAACAACATACCGCTGCAACCGCTCAAACACGGTTCGCCCGTTAGCTGCCTGGATAATCTGACGGTGTTTGGAGCTTACAGCTTCAGCAGGGACAACGTATTCCGGATTTGACACCCCTGCTGGCAACACCTGTCGGTTATGCAACAACAGTACCATCTCTGCAGCATGCAGAGGTATCACTGCTAACGCAGCACAGAAAACACCCAGCCAGAATACTACGGAACTGCATTTCATTGTGGCACCCCGTAGAGTTCCCGACGGGCAGCAGCAACAGCAACTCGCAAGACCGGATAATCAACTTCGTTACCAAAGTATTCCCGGACCTGACGTAACCGGGCATAGCGATGGTTACGAACAAACCGCACAACCTGCTCAAAGACCTCAGCTGGAATCAGTGTGGAGAGGTTTACCGATACTCCGCCTTCGATAGCAAGCTGTAGTTGCTGTGCAACCTGTGGCGCAGTTAAACGCAGCCGCTCTGCCAGGTGGGCCAGCGAGGTAGATGTTTCCGCCAATGCTACAACCCTTCGTGTTGTTTCAGTTATTCGTGCTGAAGGGATCCTTCCCGCTTGCTGCATTCGCACTTTATTAAGAACTTGTAGTATCTCATCTGAATAGTGTGCCAGAAAAATACCGTCACCATGCACTGGCGGGACAAGCTCCTTCACCGATTTGGGCATATCTGACGCAAGACGTTCGATTGCAGCCATCGAACAGAGGCTGGAGGGGGCTTTGTTTTCCCTGTCGGCTGTACTGTCCCGAAACTCCAGGAGTGCCTTTACGGCGGCTGCAAACATTTCATCAACGACTGGTGCTCGCAACTCAAGTTGCCGAGGCATCGGACGGTATGCCCGCAGCCCCTTCTCCGACACTCCGAGCAGGGGGAACAGACTCCCCGTGAGCACCAACATTTGTCGGACGACTGAGCCATCGATAACCCGCATAACTTCTGACCTGTTATAGCTTTTCAGTGCTCCCCACGATGCTGCGTGATGCAGATTGTGCTGAATAACCTTAGCGGATGCGGTCCCGGTGAGAACATCAGCAACAACATTACGACCAAACCGATTTCGTAGTTCATACACGCACTGTACGACTGCCCGTTCGGTACCTTTATCACGGGACGAA
CP129493.1_gap27	1052160	1054003	1843	CACCTGCGGCAAGTGCTGGCCGATAGCCTCCGACAGCACGGAACACATCAGTGCGGACAATCTGACACTCTCCGCGGCCGGCACCGATTCGTAGCAAATTTAACAGTGCAATATAGGTGTTGTACAACGGATGAAAAATCGAGTCAAACAGCCTGGCCTCCGATGGATTCACGTGAACCGGACAGGCAAGGGCGGATGCCCTGCCGTACCGTCCTTGCCTATCCGCAAAACAAACAATAGTGGCAAGAAATCCTTCGGCGTTGGCGGGAACCGTGTCGGCATTAATAAAAATCAGCACTGACCCCTGCGCAACCTCAGCCCCTTTATTCCGTCCCTCTGCAATGGTCTGACGATGTTCACCGGAATGTACAACAACATTGGACGTATGTGTTAATGCGATGCTCACCGAGCTGTCAGTACTACCACCATCCGAAACAATGATTTCTGCTTGAAACCTGGCTTGCAGCTCCGGTGTAAAAACGCGAAGGGTTTGCTCGAGCAGTTTCTCCTCGTTCAGCACGGGCACTACAATGCTAAGCGTAATGTCACCTTTGTCAGGGGGCTTTGGTTTAGCAATCACAGTGGTACAGAAATCTGAAATGGGTACAGGAATTTAAACGATGGACCTTCGTCGCCCCACTCCAGGGTTGGTCCCGGAAACCGGATGATGTTCAGGCACTGGCGAAGGTAGTTCAGAAAGCCAACCGACGACGTTGGCAGGATTTTCACCCAGTTATAATCCAGACCAATCATAAACCGCTGAAGAACGGGTAGTGCGTTGCCGGCGGCATCTAGCGTAGCATAGTTACGAATTCCGTAGCCTACCGAAAGCATCAGCCAGTCTGGCCAGTATGGCTTGCAGGAAGCAGGCAGCATATTATGCACGTTGCATGCCAGCCAGAAGGTTGTGCTGCTGTAATCATCGATAAAGGTTTTCGGACGCTCATTGAGTTCACGCCCTCCCGTCCATTCAGAGGGTACATAACTCCATCGCGGCGAAAAATTCTCAAGATAGGGCACGTAATACTGAAGCAGGAAGTAGGTGCACCCGGCAACGTTTGCAATCTCGTCCGACGGCGAGAATCCCCAGTTAGCAGCAAAACCATCCTGAACCTCCACATAGGTTTGATAGAGTAAACCAAGTCCGGCACCTATCCAGCGCGCCTGTTCCTGCTCTACACCGGCTTCCATCAGGATATCAGCCGGCAGGGTGGACATTGCGTACCCTGCGAACAGGTGCCCGTATTTGTCAAGCCATCGGGCGTACTCCAGATCTTCGATCACGTGCCAGCCACCGGTTTTATCCTTCCACCATGCCTGGGTTTGATGGATGTGCAGGGCTGTAAATACCGCAGCATAGGCTACTCCCATACCCACCAACGGCAAAGTCTGAACGTTGGTGTGCCGCAGCGGACGTCCACCCAGGAATGTATACCGCTGGTTATTGGCATACGTGAACTCGCTCCGGGGTACATACAAACTGTCATCTGCCGATTCAGTAACACCTGAAGCATGAACCGTTAGGGTTGTCGGTACGGTATCGGCAAAAACCGTATCCACCACCGGTATTGCATACAAGCTGGTACCGGCCAATATAATAAACATGGTTATTAGTGCAGGGCTGCGAGCTCCGGCTGATGTGCCGGAAGACAATCCCCAACACAATGCACGAATGACGCTATACCCGTGCAACATGCACCTTCATTTTGATTACGGTTCTGTTGATAAGCGCCGGGAAGTATGCCACAACATCGCTGGGTTTTGGTCTGCCACCCGAAAATCCGGTAACGCTGGGTGGGCCGGTCAGGATCAGGGGTGCAAGTTCCATCCCAAAGCGTTCTAT
CP129493.1_gap28	1055217	1056357	1140	AATCGTGTATTTGCCTGTCCCGCCGGTACACCGGAACCTTCACCGAAGCACGAATGATACGTTCCAGGCGGGCTGTATAGACCGACAAAATACGGAACTGCAACTCACCATTGGGAAGAATTAGATGAAGGTGGGTTACCGGACCGTGTGGTGCAATTCGTACGGCAAGAATATCGTTATAGTCAACTGCCTTGTAACGCTCCAGGAATACGGGACGAATAAGGATGCCGTGGGTACGGATTCGGGTACGTTGAAAATACACCCTGAGTGCAATCTGCACCAGTTGTACCAGCAGAACCATGGGTATAGCATAGGTGTAGATTGCGGGCTTCATGAATACAAAGCACTGAACGGTGATGGCCAGCCAGACAACCAGAGCTCCCGCAAGAAACACCACACCCCACCCATCTGCAAGGATGAGAAGATCTTCGCCCAGCCTGATCTTGCGTACCGACAAATTATCGATAATCTGCCTGTAAGCAAGGGCGCCCCATAGTAAAAGGGCAAACATCAGGGCAACGTAGAAGGCATGCCAGAAAAACTGTTGATTAAATTCCATTGTTACAAGCTAAAAATGAAGCATGTTTGCAGTTCCGTTGGCGATAACTTTTAAACCGTATGGATCCACTGGCACAGAGACTAAAAGCAGAACGCGAACAACAAGGGTTAAGCATTCGAGACCTGTCTGTTGTTACCAAGGTTCGTGAACCATATATCGAAGCTCTGGAGCGTGGCAGATATGATATCCTGCCGGCAGTGTATATCCGTTCGTTCGTGAAAACAATTGGCTCTGCCCTGGGCATTACACATGCCGAGCTTGAAAAGCTCATGCGCGTTTCTTTCGAGGGCAACGAAGAGTCCGTACGGTTACCGCGTGCTGCAGAGACACCTGCAAAATCATCGGGTCTTGAATCAACAGTCCAACGCGCTACGGCAGCCGTTGAGCAGGGCGTTAGCCGCGCCTCGGAAGTTCTGGGCGATGGCATTAAGAAAATCGGTTCACTGCGTTCCCTGAACAGCATATCACTTGGAAACAGACCCCGCCTTGTAATGGCAGCAGCCGTCCTTGCTGTATTAATTTTAATTATAATTTTTGTGTGGGTAGCAAGTTCGTCGGACGAACCAACTACTGATGCCGGA
CP129493.1_gap29	1057953	1061577	3624	CAAATTCCAGTGTTTGGTTCGGCTCTGTGGGATCTGTACTCATAATTGCATTGCTAAACGTTGGTTTACAACATTAACACTGTGGCGCTACAAAAAAAGAAAAGCCCCCTGTTTTTGGCAGGGGGCTTTGGTTAGCGTGCAGGTTTCGGATTAGCGAACTACCGTAAGTGTTTTCGACAAGATGTCGTCACCAGCGGTAAGCTTGTACATGTAGGTGCCAGACTGAACATCGTGGCCATCGGCATTCTTACCGTTCCACTCAACGGCATATTCACCGGTTGAGCCGGCAACTTCGCCATTGTACAGTGTTTGAACCAGGTTCCCAATCATGTCGAACAACTCAAGTTTAACCTTGGAGTTGTTAACAACACGGAAGCGGAACGTAGTCTTGTTGGCAACCGGGTTTGGATAGTTGTTTTCGAGAGCAATACCGAGACCGGTTTTAACAACGCTGACAATGTTCGAGAACGACTCACGACCATCGAAGTCATGCTGACGCAGACGGTATTCGTAGGTATAGCCATTTTCTACCTTGTCATCGAAGAAGCGGTAGTTCAGTGTTTGGGTGCTGTTCCCTGCGCCGGCGATGAAGCCGATATTTTCCCACGGAGCATCGGAGGCCGGGCTGTTATCAGTACAGGTCAGACCCGTTTTGCCAGACGTGAGGTTCGTTGTTTCGCGCAGTACACGACGCTCTACGTTGAATCCTTGATTGTTTTGTTCCGATCCGGTTTCCCAGAACAGGTCAATACCAGCCTGACGTGCCTTGGCTTCGAAGAAGGTGAGCTCTACAGGAATAAAGCAGTCAACGAAGACTGGCGGTGAGGCATAGGAGCGCTGACCGAAGTAGGGACGCAGAAGCGGAATCCATGAACCTTGAGTAAATGTTGGATAGCCAAGGCTCATGCCAAGTGAGTTCAGGTGCGGATAACCCGGGTTGCCGATTGTGGGAGTAAACTGTACCCAGTCTCCGGAGAATCGGGTTAATTCGTATGCAAAGCGGTTGTCATTGATAAGAGCGCCACTCCGGTTGCGAACGCGGAAGTTCTTGTCAACCAGCAGCGTTCTGTTGGCAATACCAAGTGTTGGAACGTCAGAGAACAGTGTGGTAACCATACCCATTCTTGTGGCCGAGGCACCAAGTTCGTAGCCTTCAGTACCCATCTGGGCAACCGACACCCAGTATTCACCCGGTGCAATGACAACAGGCTTTTCAAGCAGATAAGTGACATACTTACCAAACTGGGGTTCCGTCCACTGACCGGTTTCATCTTCACCACGGCGACGAAGGATGGTGCTGTTGGCAACACGCGTGTCACCCGGCACACCGCCTTGGTCCTGATAGAGCGAGAACGAGATGTTCAGATAGTCCTGGTTGAGTTCACCCCAGTAAGCCTGATAACCAATAACTGTATCCTGAGAATACAGGGTAAAACGGGCTGCAATCTGACCTGAAGCGTTACCGGCATCAGCACCGTACTGGTCACTGGCACCAAATCCGCCCGGATACCCGTTCAGGTAACCACCGGTGTACTGAGCACCAAGAGCACCACCGATATAGAAATAACCGCCATCATAGTAGTTTCCTGCTGAACCGCCATTCGATGAACCACGATGGTTAAGCCCCTTACCGGTTACACCGGAGAACTGGAGTTTGGGAACATCGTTAACGGGATTGAGCGGGTTTTCTTCGTAGGCGAATGACGGACCATACAGAATGGTAAAGTCAGCTGCCGTAGAGTCATTGGTGGTATCTAAGTCATTACCCGGGAAGAAGATACGTCCGGTAATCTTGTAACGGCCGGGTGTTGTGTTCCGGAAGTTCGCATCCGGGAACGGGAGCAGAACTTCGCGGTTACCGGCAAGCGTCGGAACGGTAATGGTACGGCAGTAAATCTGTTGTACTTCGTTACCGAAGGGTTTGATTTGCAGGCGTACCGAGAATGCCGGAGCTGCAAGGTTGGTGTTGTTTGAAAGTTTTACACGGATCGGGATACGGGTAACCTGTGAAGCAGGTGCCATGGTGTACGGCCAGATCAGTGAAATGTTGGAGAACTCAACGTCGGTTACTTCATCGGGGAAGAGGATCTTAACGTTGTCAACAAAGAAGTTGTCTTCGTCATCAGCCGGCATTGGCGGTGTTGCGTTCTTCATTGCCTGAACCGACAAGCGGAAGCGGAAGTTACGTCCACCTTCGTTTTTCCAGCGCATAACGGTATCCGGGATCGGGATAGTCACTTTAAAGAACTCAACGTCCTTACCATCGTCGAACAGGTCTTCGCGCAAACCACCGGTTGGCGGTGTGTAGTCGTTGGCAAGCTGCATGTTGTAGTCTTTAATATCGTACCCACGACCGTAACCGCCACCACCCCAAATTGTAAATGGTTGCAGGTAGTCGTTGCCGCCAAGCTTGGCAATATCCAGTCGCCAGTTGTTGGTTGGAATGTTGGTAATACCGTTAATACCATCGTTGGATGGGGTGGCAAATTCAAGCAGCAAGCGGTCGGGTTTACGGTTACCTTTTGCGTTGAAGTTATTCATTACACGGAGGTTAACGTAATGCTCCGGACCAATTAGACGGTTATCGGAGAAGCCGCGAGCAATTGATGTAAGCTTACCTGCCCTTTGGTAGGAGAATGACAGAACTGCCTTCTTGCGGTTTGCAAGGTTAATTGGGAATGACCGTAACTGGTCACCGCCAAACTGACCCAGGTTAGGGATATCGTTGTTACCAAGCGTCATCCGGTTCATTCTGATTACCGGTGACTTCAGCGAGAAGATTGCAGAATTGGCAGCAGTATAGGTTCCACGTGGCGGCGGCGGATTGTTGGTTACTTCATCACCGTCAACAACGTCCGATTCAATATTTACCCACTTCAACACAGACGGCATTGGAGCACCGCCAACGATGTGGAATTCCGTAACGTCATCATTAAAACCATTCAGGCGGCGCATCGAGAACAAACGAATACCGGTGGTATCGTCGAACGGCCATTCATCGCCAAGCAGAATGTTGTTTGAGTCTCGTGGCTCGGCAACAACGCTGGTGAACATCCGACCAATTTGAGCATCGATAAACGGGTTGGGTTCAAATGGAGGGAAGGTAACACGTACGAATTCGTACGGCTTTACAAAGTGCTTTGCTGTGTAGGGGACCTCTTTACCGTTGATATCGCACAGTGAAATGTTCGACAGGTCAGGATCCATCAGTGCCGAATTTGTAACAGCCTTGGACGTGTTGTAAACAATTTCACCAGTTGCTTCATTGATGATTCGGAAGCGAACCTTGAAATTAATGCCCTGTTTTACGTAGTTAACGCCCTGCGGACCCTGAATGTCGTTGGTCAGGTTCTGAACAACTGCAACCGGCTGTATGATACCCAAACGTGATTCACCAGCCAGAATTTCGTAGTTGTTGGCTTTGTCGGATGGAATTTCAACCGAGAAGTCGAGCGGAGAGTTTCCGTTCAGCGGGTGTGTACGATAATAGACCTGGATTACACGAAGGATGTTCTTCCATTGCTTGAATTTAACAGCAAGGTAGTCCTTGGGTGTTGTGTTTAAGTCATTCTTTGTTGACGTTGCACGTACACCGCAGGTTCCGCATCCAGGCTTACGGTCATC
CP129493.1_gap30	1063692	1066940	3248	GAAGTTTAGTGTGTTTGAAGCGGTAACAGTAACTGCTGACCTGCGGTGGTAATTCATGAGGCTATACCAGCAGTTGCGATAGCCAGCGGCGTATATCGCTGATGTCCATGTTTTTCCGTCGGGCATAATCCTCCAGCTGATCTTCTCCGATTTGACTGATACCAAAATAACGGGCGTGCTCCGATGCGATGTAATAGCCGCAAACGCTGGCAGCAGGCATCATCACCAGAGATTCCGAGAGTTCAACTCCGGTTCGCTGCTGTGCTCCGAGTAGGGCAAAGAGTTTGTGCTTTTCGGTGTGGTCAGGGCATGCGGGATATCCGGGTGCGGGCCGTATGCCTGTATATGCTTCGGCAATAAGTTGTTCATTGGTAAGGGCTTCCCCCCGTGCATAACCCCACAGGTCAGTCCGGACACGGTGGTGGAGCCACTCAGCGGTAGCTTCAGCAAGCCTGTCAGCCATGGCTTTTACCATGATGGCCTTGTAATCGTCGTTTTCGGCAGTGTACGTTTTAACAAGCTCCTGCACTCCGTGTCCGGCAGTTACAACAAAGGCTCCGATATGATCACTGCCGGGAGCAATAAAGTCAGCCAAAGAGAGGTAGGGTGTTCCTGTAGCCCGCAGGGTTTGCTGACGCAGAAAGTTCAGGGTGTAACCTTGGACTTCTACATCATCCTGGGTTCGCCAACACGGGAATATGCCACATACGGCACGCAGAGTTAGCAGCCGTTTGGCTTCGATTTCATCAAGAATTGCCTGTGCGTCATTGAACAATGCTGTGGCCTCGGCTCCCTTTTCGGGGTCACTGAGAATGGCAGGAAACTTGCCCCGAAGCTCCCACGACAAAAAGAAGGGGGTCCAGTCAATAAACGTTCGTACCTGTCCGATGTCGATGTCGTCATACTGATGGATGCCCGGTAGCCTTGGTGGCGGGGCCGGTTTAACTGGGGTGGGAAAGGGGCTCTGGCGTGCCTGCTGCAGGGGGACCAGTTTGTGGGACTTGTTTTTTCTGGAATACTGTTCCCGAACGGCAGCATATTCCTGGCGGAGTGTTTGTGCAAATTGTCCACGCGTGTCGTGGTTTAGCAAGGAAGTTAATACCGGGACGGCCCGGGATGCGTCAAGAATATGTGCAGTTGGACCCGAATAGTGGGGTTCGATTTTAACGGCGGTGTGGGTGCGCGAGGTTGTGGCGCCGCCAATAAGGAGGGGTACAGTTATTCCCCGACGTTCCATTTCGGTGGCTACGTGAATCATTTCGTCGAGCGATGGCGTAATCAGGCCTGAAACACCGATGGCATCAGCCTGGGTCTCAACAGCGGCATCGATAATTTTCTCGGCTGGGACCATGACGCCCAGGTCGGTAACGCTAAAGCCGTTACACCCTAACACAACGCCTACGATGTTCTTGCCGATATCATGAACGTCGCCTTTAACGGTGGCAAGCACAATCTTGCCGGCCTGGCGTAAGCCCCCTTCCTTTTTTTCGGCTTCGATAAACGGGGTAAGGTAGGCCACTGCTTTCTTCATGACCCGGGCGCTTTTCACAACCTGGGGCAGGAACATTTTACCGGCACCGAACAGGTCGCCGACAACGTTCATGCCGTCCATTAGCGGACCCTCGATAACGGCAAGGGCCGAGGGGAGGCTGGTTCGGGCTTCTTCGGAATCTTGCTCAATGTAGTCGGTAATGCCTTTTACCAATGCATGCACTATGCGGTCGCGTACGGGCTGACTGCGCCATGCTGCATCCTGGGTTGCAGCCGTGGTCTGTGTTTTCTTATAGGCTTCTGCCAACTGAAGCAGCCGCTCTGTGGCATCCGGCCTTTTGTTCCAAACCAGGTCTTCCACATGCTGCATCAGGTCGGGATCAACTTCGCTGTACACGTCTAACTGTCCTGCATTGACGATGCCCATATCAAGGCCGGCCTGAATGGCGTGATACAGGAATGAGGCATGAATGGCACGGCGGACGGGTTCGTTTCCACGGAACGAAAACGATACGTTACTGATTCCACCGCTAACTGACACCGACGGCAGGGTATCTTTAATGAGCTTTACCGCCTTAAAAAAATCAATGGCATAGTTGTCATGCTCGGCCATGCCGGTGCCAATGGTGAGGACGTTGGGGTCAATGATGATGTCTTCAGGCGGGAAGTTCAGCCGGTCGGTGAGGATGCGATAACTGCGTTCGGCGATTTCAACCCGCCGTGCCACGGTATCGGCCTGGCCGGCTTCGTCAAAACACATGACGATGACGGCTGCACCCATGTCCCTGCAGATCTGCGCCCGGCGTATAAATTCATCTTCACCGTCCTTGAGTGATATCGAGTTAACAATGCATTTTCCCTGAATGCACCCAAGCCCCTTCTCCAGCACTTCCCAGCGCGAAGAGTCAATCATGACGGGAACACGGGCAACGTCGGGCTCGGCAGCCACCAGCAGCAGGTACTTCGTCATTGCTTCTTCGGCATCCAGAAGCCCTTCATCCATATTAACGTCAATGATTTGGGCTCCGTTCTCAACTTGCTGACGTGCAACGGTAACGGCTTCTTCGTATTTCTCTGTACGGATCAAGGCAGCAAAGGCACGCGAGCCCGATACGTTGGTGCGTTCTCCTACGTTAATAAAATTGCTGTCGGGACGTACCTCTAACGGCTCAAGGCCGCTCATGCGCAAGCGCTTGGGAACGGTAGGAATGGCACGCGGCGGTAGGGTGCGGACAGCTTCTGCAATCGCTGCAATGTGGTCGGGTGTTGTGCCACAGCATCCCCCAACGATGTTCACATACCCTGCCTGTGCGTATTCACGAACGTTTTCGGCCATGAAGTCGGGCGTTTCGTCGTATCCACCCATGGCATTGGGCAGGCCGGCATTGGGATACAGCGAAGTATAAACCGTGGATGCGGCACTAAGCTCAGCGATGTACGGACGCATCATGGCAGTGCCCAGGGCGCAGTTCAGACCAACGCTCAGCAGGTTACGGGCATGGGCAATACTTATCCAGAATGCCTCGGGGGTTTGCCCGGAGAGCGTTCGTCCGCTTTGGTCTGTAATCGTACCTGAGACCATGACGGGTACTGAACTCCCGCGTGACGTGAATACCTCGGCAATAGCTTTTAACGCAGCCTTTGCGTTCAAGGTATCGTAAACCGTTTCAACAAGCAGTACGTCAACACCACCATCTAACAGTCCCCTAACCTGCTCGGCAAAGGCATCTTTAAGTTCCGTAAATGTTATCGAGCGA
CP129493.1_gap31	1099817	1102794	2977	TGTTGACGAAGTTGACAGTGTGCTGGTTGACGAAGCACGGACACCGCTTATCATTAGCGGTCCGGTTAGTTCCGGCAGTACCGAAAAAGCATTTGTAGACATGGTACCCAGGGTGCGCAGACTGGTAGAAGTGCAGACCCGGTTTATTAATACAATTGTTGCAGAAGCAGAAAAGCTCCTTGCTACAGGGAAAAAAGAAGACCGAGAGCAGGGAGGTGTTAATCTCCTAAGGGCATACAGGGGAATCCCGAAACATGGCAGGCTCACCAAGATGCTTCAGGATCCCGATGCCATGAAACTGATGCGCGACACCGAGCTGGAATACCTGAAAGATCAGGGAACCCGCATGTCGATTATCGACGATGAGCTTTTCTTTACGGTGGATGAGCGTAACCACTCGATCGATATTTCGGAAAAGGGGCGAGAGCTCCTTGCTAATGCCCAGGAAGATGTAAATATGTTCGTTATCCCTGATATTGCCCTGCAAATGAGCGAGTTAGAGGGGAATACCAGTCTTTCAGCCGAAGATCGCGCAAAAACACGAAACGAGCTGCTGCTGGTGTTTTCTGAACGATCCGAACGTATTCACATTATTAACCAGCTTCTGCGTGCATACACGCTGTACGTGCGTGATGATGAGTACGTTGTCCAGGATGGTAAAATTAAAATTGTTGACGAATTTACAGGTCGTATCCTGGAGGGTAGGCGTTATTCAGATGGTTTGCACCAGGCCATCGAAGCCAAGGAAGGTGTGGTGGTTGAACAGGATACCCAGACGTTTGCAACTGTTACGCTTCAGAACTATTTCAGGTTGTACCGCAAGCTGTCGGGCATGACGGGTACTGCCGAAACCGAAGCTGCGGAGTTTTGGGAAATTTATAAACTCGACGTCGTGGTGATCCCTACCAATAAGCACATTATCAGAAAAGATCTCGACGATCTGATCTACAGGACAAAGCGCGAGAAATACAACGCCGTTGTCGAGGCTGTCCGCACCCACCTTGAAGCTAACCGTGCCATCCTTGTTGGTACCACCAGTGTTGAAGTGTCGGAATTGCTGAGCAAAATGCTCAAGCGTGCCGGTATCCAGCACAATGTGCTGAATGCGAAACAGCACCAGCGTGAAGCGGAAATTGTGGCACATGCAGGCCGCAGAGGCTCGGTTACCATCGCGACCAACATGGCCGGCCGTGGTACCGACATCAAGCTGGAGCCCTCCGTAAAAGAGGCCGGCGGGCTGGTTATTATCGGGACAGAGCGGCACGACAGCCGCCGTATCGACCGGCAGCTTCGTGGCCGTGCCGGACGTCAGGGCGACCCTGGTATTTCTCAGTTTTTCATCTCACTTGAAGATGACCTGATGCGCTTGTTCCAGGGCGAGCGTATCGCTTCGATTATGACGCGGTTCAAGGTCCCCGAGGGTGAGCCAATTCAAAGCCCCCTGATCACAAAGACAGTGGAGAACGCACAGAAAAAGGTTGAAGGCAACAACTTTGCGGTACGGAAACGACTGCTTGAATACGATGACGTGATGAACCAGCAGCGCGAAGTGATTTATGACAGACGCAGACATGCATTACAGGGCGACCGCCTGAAATCAGAGATCATGAGTTACGTACAGGAGTACATTTCTGACCTGTACAACACACACTACGAAGCAAAGAGTCACACAGGATTTATTAACGAGCTTCGTTCGTCGCTTCTTGTTGATCCACCGATTACGGCAGATGATTTTGATAAGAAGTCAAAAGAAAACATTGTTAGTATCGCGTACGATACAGCAAGTGAATTTTATCGGCAAAAGGAAGAGTCGTTGGGTAGTACCTTCATGGTGGCCTTAGAACGGTACGCATTCTTGTCGACAATTGATGAACAGTGGCGTGAACATCTGCGCGATATGGATGACTTGAAGGAAGGTATCTATCTCCGCGCTTACGGACAAAAAGATCCGTTACTTGAGTACAAGGCAGAAGCCTACAATACGTTCATGGATTTGATCAAGGAAATAAATAAAGGTACCATTCAGGTGGCCTTTAAATATTTCCCGCGAGTCGTGGAGCAGCCTGATGACTCACAAACCAAGAAGCAGACTGCTGATGTTCCCAAGGTTCGCTCAACCATATCGGCAAGCCGTCCGCTGCAGTTTACGCACTCGTCAGCTACTCCGTATGCCGCGGCAGACAACGGGTCGGCTTCAGACCAGCAACCCGCCGTTACCAATACCATTCGAAATGAAGCGCGCATTTACGGCAGGAACGAGCCTTGTCCGGTGTACCCCGGCCGAAAGTTCAAGAACTGCTGTGGTGCCGAAGGACACCGTACCTGCGTGAAGGTCGGAGCCACGCCCACCAAGGGAAACGGGTAGCATTGTTCAGCAGCCGGGTACTTGAGAGGAATTCTATTCACCAGTCGTTATGGTTTTGCAAACCACCTGTTGGTGAAGATTGTACTATCGGTCAGTGTTTTCAAAAATGCAACCAGGGCACTTTGCTCCTGGCCCGTAAGATTCAGCGGTATAATACGGGGATCCTTATTCGCAAAACTTACACCGCCGTCGTTATATCGCTCGATCGCCTGTTCCAATGTATAAAGCTCACCTTTCTCGTAGTCTCCGCCGGCCATATATGGCGGTGTAAGAGCAACGTTCCGCAGCGTTGGTGTTTTAAACCGGCCCTCATCTTCAGTTTTTTTAGTAACCTCAAATCTTCCTGTATCAAAGTAGTGATGAAACAGTCCGATACTGTGGTAGTCGTCGTCGGTCAGGTCGGGTCCGCTATGACATTCCGAGCATTTGGTACGGTCACTAAAAAACAACTGCATCCCTGCTTTTTCTTCGGCAGACAGTGCCGTTGTATCGCCCAGAACAAATTTGTCGTACCGGCTGTTGGCACTCACAAGGGTACGCTCGAACGTTGCAATTGCCTGCATTACCCTGCGCATTGTCACCACGGTATCTCCAAAGGCTGATACCCAGGCG
CP129493.1_gap32	1117999	1122987	4988	TTTCCTGGCAATACGGCTAAGCACGAAGCTCCTACGCAGGTATGGAGCAAGGATGCAGCATGCCCAGGCTAACTATACCAGTACACTTCAGGAAACCGTTCACGGTATCCGGGTGGTCAAGGCACTTGCCGTTGAGTCAACCATGCTGAAGCGATTTTCCTCGCAAACGGCTCACTATGTTCACACCGCTCTGCGCAACGAACGGGTAAGCGCTCTTGTCCCGGTTGTTAACGATACCTTTGGCATCCTTGCCCTTGTCGGTGTTTTCTTTGCTGGCGGGATGGCTCTTGAAAGCGGACAGATCGTTGCTTCGAATCTTGTCACCTTCCTGTTCCTGCTGTTTGGTTTAATGCAGCCGATAACATCCATTGTTAGCACCATCGCCAGTATGCAGCGCGGAATTGCGGCCGCGCAGAATGTTGCCGGCCTGCTGGACGAACAACCAACCATTACGGACGGCAGCAGCAAGCCCGGTACGTTTTCCACGGAACTCGCCATTAACGATGTAAGCTTTTCATACGGAAGCGGCAATGTACTCCGCAACATCACCCTGAATATTCCACGGGGCGAGACCGTTGCCTTCGTTGGTGCCAGCGGTAGTGGCAAGAGTACTCTGCTGGATCTTGTCTTGCGGTTTTACGATCCGCAGCAAGGCAATATCAGTTTTAATGGTCAGGATATCCGCACGTTTAGTCTGCCGGAGTACCGCTCGATGTTTGGCATGGTAAGTCAGGAAACAATTTTATTTAACGACACAGTGTTTGCCAACATTACCCTGGGAATGGAGAATGTTACCAGTGAGCAGGTAGAGCAGGCTGCTCGAATTGCTCATGCTCACGATTTTATCTCGCAGCTGCCGGATGGATACAACACAGTGATCGGAGATCGCGGGATGCGTCTGTCCGGTGGACAGAGGCAACGCCTGGCTATTGCCAGAGCTGTTGTGCGCAACCCCCAGATTCTGTTGTTCGACGAAGCAACATCTGCTCTCGACACCGAGAGCGAGCGGATAGTGCAGGCAGCCATCGGTAACGTACTGTCAAACCGTACTGCCATTGTTGTTGCACACCGGCTAAGTACAGTAGTGCATGCCGACAAGATTTTTGTTTTTGACAACGGTACAATTGTTGAAACCGGTACTCACAACGAGTTGCTGGCCATGAATGGTGTTTACACCCGCCTGTATGCCGGATAGTATTGAGCTTTAGTTCTTCACCAGATAGGTGTACTCCTCGCTCGTCCACTCAACATTGTACAATGCTGCCAGACCGGCAACAACCTCGGTTTGCACCTCTTTCGAAACCGAAGGGTGATAGTAAACAATTACAGGTTTACCCATTACTGCCAGCTGAGCAACAACGTCCAGCGAACTTTCTGTCTCTGGAAGCGCAACCGGTGTGTAATTCTGTAAAGGGGCTTTGCCATCCGAATATACCTGCAAATACCACGCTATTTGTGGGTTTAGCGAGTCGGCATCGTTATGCCGGTGATACACGTAACCATACGCTGGCATTCCCGAGTCAGTTAACCGCAAGGCTACCTCACGTCCGCCTGTAACGTCTTCCGGACGTCCATTCCAAATCACCTGTGCTGATGATATCGCGCCGGCAGCAATCAGGATTATAATGACCGGCTTAAACATACGGACGGCAAGTGGCGTGGTAATTCTGGCTGGAAGTATCAGCGGAACAATAAGCGCTGCTGCCGCAAACAGCAGCCAGGGCAACATCTCCAGCGGAGCAGAGCGGGCAATATGTCGGATCCCCGGCAGATATGCCCAACAGGCTATCATGAGCAGTATCATAAACACTGCAAGTGTCATGCTGCGTTGCCACCTTCCGATTATTCGTTCAAAATTGACTACTGCTGCAAGTATTGCCGGCGGGAGTATCATCACCGTGTAGTGCGGATTCTTGGTAGCAGCAACTGTTAGTGGGATAAACGTACACACCAGCCACAGATAAATTACAGCCTTGAATCGCTGACGTGACTGCTGCGGGTTACCCGTGGTAAACAGCAGCCGAACCATGCCGGGGAGTTCCTTTACCGGCAACAGCAACGCCACAAGAACAAACGGCTGGGCAACCAGGAGTTGATTCACGTAATACAGCAATCCCAAACTCCTGGAGTTACCCTCTACCGCGGTAGTAACCTGGTGTAGTGACAGTGCCTGCAGAAACGGAGCCCCATGCTGAAGCGCCATTGATACATACCATGGCAATGCAATACCCAGACCCGTCAGCACGACAATTACTGCAGTTTTTCTGGTTTCGGGTAATGCGAATAATGGGATGGTGAAGAGTACAGGAAGTACTCCAACGGTAAGTTTAGACAGCATTGCAAACCCAAGCCCCGTTCCTGCAGCAACAGTAGCAAGCAGCATCTGCCTGTGCCATACTTCGCATCCGCGCTGCCGCAAAACATAAATCCTCATCACCCCCCACAGCGTGAGCAGCGAGAATGCAGCCAGCGGCACTTCCTGCATTGCCTGTCGTGAATACACAACCCAATGCAATGCCGTACCCAGGAAGACGGTTCCGTACACCGCCATTCGTGTGTCGGCAACCATCATCAGTATCAGGTACACCAGCAGCATTGCTGCTGCGGATTCAGCCACAGTAAAGAATCGAACGCCAAGTGCCGTCTTCCCGAAAATTGAAATCCCGGCAGCAGACTGCCACGAGACAAGAGGTGCAGGAATTGCAGAGTAGAGTCCGCCCAACGTATGTTCTGACTGATCTACCACCTGACCTGTCTGCGCGATTGCATTGGCCCGTACCGCATACAACCCTTCGTCCCACGGCTGGATCTCAACTCCGCCGATACGGGTTAGGTATGCCACCGCAATAAGCAGCACTGTGGCGATAATGGTATGCTGCTGCGAGGTTAACTGCATTGCCGGTACGAATAAAACACTGCGACTATACCTTAAGTAACAAAGTAAACAAAGCGAATGGGAAGGCAGAGCACCAAAATCACTAAAGCCAGCCACCCTATCATTGTTCGAACCGGGCCAATCGGCGATGAGTCCGGAAGCTCGGGATGATGAATCCGGACCAGGAAACGCACAAACAGTGCCCACACCAACCATCCTTCACCAGCCTGAAACAACCAGGGTGCGGTTGTAACCATCATGTGAAGCGGCTTCCCTATGCTGTCCTGCAACATCCGTATCCATTCAACGGGTGTTGGTTCCATCAGCACCGTATTCACCTGACCAAGCACCGAAAGAGCTCCGGCAGCAAACATAACCCACCACAGAATGCTTGAAATCCTGCGCTGCATACGTCCACCAACCAGAGCATACAAAACGTGTCCGCCGTCCAAGCTCCCAAACGGCGCCATATTTAACGCCGTAACGAAGAGGCCAAACCAACCAACACATAAAAAAGGATAGTGATATACTTCGTTCATTGGAGGAATCCAGCCGTTAACCTGCAAACCAAACCAACGGAACAGGGTGTATAGCGGCATCTCACCAAAGTACATGCCGCTACGTGGAATTTCCTCGAGCAGACGGTATTCGGGATGATACGTATAAATACTTTCGAATCCTGGAACAGTGCCGTAGCCAATGCCCAGGATCACCAGGCACACCGCAAAGCCGGCGAGTGGTCCGGCAACGCCGATATCAAACATTACCTTCCTGTTTGGTATCACTGAGCGGGTTTTTATCACTGCCCCCATCGTCCCAAACGGAATAATCTGTAAGAATGGCATTGGTATAAAATAAGGGAGTGTGGCATCCACATCATGAATACGGGCCGCGATATAGTGCCCAAACTCGTGGGCCGACAGGAAGCTCATGATGAGCAGCGCATAGGTTATTCCATGACCCCACAGTGTGATATCCGAATAGTCCGCCATAGCCCATGCAGTGCCGGCCATCATGGTGCTAATAAAGGTTATTGCAAACAGCAGGGCATGAAGCCAGAGTTTATCAGGCTTCGGCATTACTACGCTCCGGTTTCATTTGCGGGAAGAAAATAACATCCCGAATACTGTCGTTACCCGTTAGCAGCATCACCAAGCGGTCAATACCAATGCCCAAACCTGCCGTAGGCGGCATACCTGCATCGATGGCGTGCAGGAAGTCTTCATCAACAACCATGGCTTCGTCATCACCCGCCGCACGGATACGTGCCTGTTCTTCCAGCCGTGCGCGCTGATCGATGGGATCGTTAAGCTCCGAGAAGCTGTTGGCAAGTTCCTTACCGTTCACGTAGAGTTCAAAGCGTTCCACCAGGCCCTCCTCGGAGCGGTGTGCCTTGGCAAGCGGACTCATCTCAACCGGATGATCGGTAACAAAGGTTGGCTGGATAAGGTGAGGTTCTACTTTCTCGCTGAAAATTTCATCAAGAAGCTTCATTGCACTCCACTGGGGGTCATGCTCCACCTTTAACTCACGCGCTGCCTGCACAAGCTGCTCGCGCGAAAGCCCACGCAATGGCTTACCGGTGTACTGTTCTAACAGGCTAAACATTGAGGCACGGACAAAGGGTTTGGAGAAGTCGATAGTGGTTGATCCATCCGCAGTCTGTATCGTTGTTGCTCCAACAGTAGCAGCAATCGAACGCACGAGATCCTCGGTGAGATCCATCATCCACAAATAGTCCTTATACGCCACATAGATTTCCATACTGGTAAACTCGGGGTTATGGGTTTTATCCATCCCTTCGTTACGGAAGTTTTTCGAGATCTCGTACACGCCTTCAAAGCCGCCAACGATAAGCCGTTTTAGGTACAGCTCATCGGCAATACGCAGGTACAGGTCCACATCCAGAGCATTGTGGTGGGTAGTAAACGGACGTGCCGTTGCGCCGCCATACAGCGGCTGAAGAACCGGTGTTTCTACTTCAAGCCACCCGCGTTCGTCAAAATATCGTCGCATCGTTGAGATGATCTTTGAGCGAACAACAAACGTTTCCTTAATCTCCGGATTGGCTATTAAATCAAGATACCGTTTCCGATAGCGTTGCTCCTTGTCG
CP129493.1_gap33	1125579	1126655	1076	TGAGATCTGTTTCGGGTAATGTCCGCCGCTATCCGTTACAAACCCGTACCACCAATCTTGTCCTCCCGGTACGGCCGCCATGATAAGTTTATGACCATCCGGACTATACTTGGCAACACCGTGGGCAGACCAATGATGGGTTTTTTTATCAATCAAGAGGACCGGGTCAGATCCGCTGCTATCGTACTGCCATAGTTCTGCATTCTCATAGTCATTTTGGTTTTTACCGGTGGCAGTATCAGATCTGTACGTTATGAATTTTGTATAATTCGGATGTGCATACACCCACCAGTAGTTGTAGCCTGGCTCCCTGATAAGAAGCTTAGGATTGCTTCCATCGGGTTTACCTTGGTATAGCTGAAACGGTCCTGTTTGGTTGCTGAAGTACAACAGTTCATTGGCTGACTGTGCAACCGCCACCAGTGCAGGAAGCAGAACCGATACCAGTGCGCATCCAACAATGTGGAAAATCATGTGTTCATTATTTTCTGTGGCACGTCACCGAACCAATTACCAAACACCAAACTAAACGATAACAGGCAACCATACAACAGCAAACATCATCAGACACAATAAACGCTTCTATCACTGCTTACCGGCCTATCTGAACCACAACTACTCGTCCAGAATTGCAAATTGTTCCCACCCATTGACATCAAAATGCCACCATTCAGTAGGCAGAACGCTAAAACCGTTGGCATGCATGTACGATGCCAAACGTCGGCGGTTGGCCAGGGTTTCGTCAGGCAGCTCTAAAAAGGTTATCGATGAGCGCTCGGTAAACTCATCGTAGGCCGACCCCATATCCAATTCGGCGCCGGAAGAGTCGCACAATGTTAAATCCACAGCGCAGCCCCGGTTATGGCGCGACCCCTTTGCCGGATCGGCAACATAGCGTTCATCGGGCACGATACTCCACATTAGTTTTTGAACGCTGAGCGGACGGTAGGCATCGAACACCTTGATTTGGTACCCATCCTTCCTGGCTTGCTTTTGTACCTGTGCAAGTCGGACTGCCACAACACGTCGGGCGCGTAGCGTATCATTCGGGTATAAGATCTGTTTAGTAAAATTAT
CP129493.1_gap34	1203866	1207275	3409	CAGCCCCCTCCGCGTGAGCCGCTCTGCCAGCGAGTTCAGCGCGGCAGCAGTTCCGGTTGTGTTATGTGGCGTGGCAGCCTCGAGAGCCCGTATCAACTCACTGATATATGACTTCTTGCTGCGCGAGGGCAGGTACTGCTCTACAGTGTTCGTGTATAGGGTAAGGCCGGCAGCGTCACGCTGCTGAAGGATTAAGTAGCTGAGTGCCGCGGCAAGATAGCTGCCGTAGGTAAACTTAGACAAGTTCCCGGGTGCTGCATACCCCATACTGGCACTGCAGTCAAGAGCGATCATGCACCGAAGATTGGTTTCATCCTCGTACTGTTTAACGTAGAAGCGGTCACTGCGACCATAGATTTTCCAGTCAATATGCTTTAACTCGTCGCCCGGGCGGTATTGGCGGTGTTCGGAAAACTCGGCAGAGAAACCATGGAACGGGCTGCGATGCAGGCCTGTAATGAAGCCTTCAACAACCAGCCGGGCACGCAGTTCCATACTACCCAGCTTGGCCACTACATCGGGGTTCAGGTATTGGCTAACGGTTTCCATCTGTGGTATTTCCTAATACAGGAATAAGGTGCCGACCTAGACTTACTCCTCGGGGAGTTCAACCTTTGAGTCGAAATAGGTTGAATGCAGTAATGCAAACCGCACCAGCCCTGCCGTGTTATTAACGCCAAGTTTATCCATAATCCGCGCACGGTGAGTTTCAACGGTTCGCGGACTAATATACAATTTTTTAGCAATTTCCTGACTGGTGTGTCCCTTAGCCACCAGCGATACAATCTGTTCTTCACGTTTTGTTAAACTAACAGCGGGCTTACCTTCACTGCCTGATGCTTCTTCGGGCGACTGAATTTCGCCGTCGAGCATATTTAAAATCCTGCGGCTGAACACCCGTTGTCCCTGCAACACACTTCTAATTGCAGAGATAAGCTCCGGTGCCGATACATCCTTCGTCAGATACCCATCGGCCCCCATGTACAGCGCCTGATGAACGGCATTGGAATCGTCAACCGAACTCAGCATGATTACATGACATTTATGACTGTCGTTCTTAATTGCCTTTGCGGCATCAATACCGGTTGATTCCGGCATATACACATCCAGCAGGACCACATCAGGTTTTGCAGCACGAACTTCCTCAATTGCCTGGTTGCCATTCGAGGCCTCGGCAACGACTTCAATCTCCGGGGCACTTGCAAGAAGCCGTCGTATTCCCAGACGTGAAATTTCATGGTCGTCGGCAATGACCATCCGTATGGTTCGTGTTGTGTTACTCATAAGAATCCGTGGGTCAGTCTAATCCTTAGGGCAAAAATACAATACAGCGTGAAAGCTCACTAACCCACAGCTCGGCCGATGTATCGCTGGGCATGCGCCAGTCGGTTCGTGGTGAGAGCGACACCGGACCAATTTTGATACCATCCGGAGAACAGTTCCGTTTAAACTGATTGGCAAAGAACCGACGCAGAAATATCATAAACCAGTCGTGCAGTTGCTGCGCATTGTACAGCCCCTTAAAAACAATGCATGCAAGGTAGTAGGTGTTGGTTACCGGACGCTGGAGCCCGACAAAATGGTAGAGGAAGAAATCGTGAACGGCGTATGGACCCAGAATTTCTTCGGTGTGCTGTGTTGCTGTGGCAGTGCCGGTAGCCGGTAACAGTTCGGGCGACACCGGGGTTTGCAGGATATCGCGTAGCACCGTGGCCAGTTGTGGATCTCCGGTTTCGGCCCACCATTCAACCATTGTACGAATAACGCTCTTGGGGATACCGCTGTTAACGTGATACATTGCCATGTGATCGGCATTAAACGTAGCCCAGCCCAGTGCAATCTCGCTCAGGTCAGCCGTACCTACTACGATTCCGTTTACCTGATTTGCAACGTCCATCAGGATTTGAGTACGTTCCCGTGCCTGTGCATTTTCGAAAACAACATCATGAATATCGGCATCATGTCCGATATCGCTAAAATGTTGGTGTACTGCCGTATCAATCGGAATCGAGCGTAATGTAATGCCCAGTACCTGGGCCAGCAGATCCGCATTGGTACGGGTACGGTGGGTGGTGCCCGGACCCGGCATTGTTATGGCCAGAACAGCACCGGTATCCAGACCAAGCTGCTGTACCGCCTTCACGCATACAAGTAAGGCAAGTGTACTATCCAGTCCGCCCGACACCCCAATAACCAGCTTTTTCGCGCCAGCCCGCTTCATGCGTACGGCAAGCCCTGTTGCCTGTATTGCGCTGATTTCTGCACAGTACTGCGAAACAGGCTCGGACAGAAACGGGTTTTGGGAAGGGGGCTGAAGCAATGCGGAGGGCACGGTGAACGGACGTCCGTCATACACCATACGGTGCATAGGCTGACCGGAATGCTGGTAAAACGTTCCCGAGTGGCGGCGCAGACACAGCAAACGTTCAACATCGATATCGGCAACAAGTATGGCCGATGCCATTGACAGCGGCTCGGTCTCGGCGACTACATCACCGCCGGCAGCAATGATGCAGTGGGCACTGTACACGGTATCGGTTGTACTTTCCCACGGGCCTGCAGAGGCATAAATGTACCCCGTAAGCGTACGGCGGCTATGCTCAGTGACAACCGCCCGCCGTTTATTGGTCTTACCGGCCAACTGATTACTTGCCGAAAGATTAAGGAGCAGCGTTGCGCCCTGTCTGGCAAGCCGGCCTCCGGGCGGCTCAACCGCCCACAAATCCTCACAGATTTCAACTCCAAATACAACGTCGGAATTCTCTGTATCGGAAAACAGCAGGTCTGTACCAAAGGGTACCGGCACCCCCGCCAGCGATACTGAACTTCCGGCAATGGTATGTCCGGATGCAAACCAGCGCTGCTCGTAATACTCACCCGACGTAGCCAGATAGGTTTTAGGAACAACGCCCAGCACCCTGCCCCCGCCAATGACGGCAGCGCAGTTATACAAACGTCCCCCGTGCATGCATGGGAAGCCAACCACAAATACACCGTTAACGGTGCGGCTCCAGCCTGCCAGTGTGACAACGGCATCCCTGGCAGCCGATAAAACAGTAGCCGACCTGAAAAGGTCGGCTACCGAATAACCTGTGACCGAAAGCTCCGGAAACACAACAATGGATGAGCCACGGTTGAGAGCTTGGACTACACTTTTTTGAATTTCTGCAATATTGTAATCAATACCACAGACGTCAAGCACCGGAGAACACGCTGCTACTCTGCACCAACCGGTTAGCACAGTAGAATCGGTGCTCATTAACCCCAGCCAAGAGCCTGTACAAGTGGCTTATACAGCTTTTCGCTTCCACCCTTGCCAAACGTATTGGATTCAATTTTACCAAGCTGTTTGGCAGCATTCTTAAGTGTGGCTGCACCTGACTTTGTCAGCTTTACTGACCATGCACGC
CP129493.1_gap35	1222928	1226111	3183	GTGAGGCAGCAGCCACACTACCTGACCAGTTGACAACAATGGGAAACGCATCGCCCGGCCTCTTGGAAGAGGTCGCTGACGATCTGGAAGAGGAGATCGACGCATGACCACTGACACCACAGAGAAGGGGCTCGAAACCCTGATCATGAAGGCAATGACCGGTATGGACGGACTGAACGTCAAGCCGGGATTGGCGGGTGAGCCCCCTGCACCTTATGGTGGCACGGGCTACTTGGCCGGAAGCCCCAAGGACTTTGATAGGGCACACGCCATTGACGTCCCACAGCTGTTCGCATTTCTTCAAGCAACGCAACCAGATACGTTCAAGAAGCTCGGCATCGCTGACGTCAATGACATCAAGGACATCAATCGACTCAAGTTTCTAAAGCGATTGTCTGGTGAGATCGGAAAGCGAGGCGTGATCGATGTTCTACGGAAAGGTGTCTCAGATGGGCCTTTGCACCTCATCCTCTACTACGAGACGCCATCGCCTGGGAATGAGAAAGCCGAGCGGTTGCACGGCATGAACCGCTTCTCTGTAACGCGACAGCTGGCATACAGTATGGATGAGAAGCGGAGGGCACTGGACCTCGGACTCTTCATCAACGGAATACCGGTAGCTACGTTTGAATTGAAGAACAATCTCACGAAGCAAACGGTGGAAGACGCGATCCAGCAGTACCGAAATGATAGAGACCCACGTGAGTTGCTCTTCGGCTTCGGACGATGTGCGGTACACTTCGCCGTTGATGAAAAGCAAGTGTTCATGTGTACCGAACTGAAGGGCAAGGCGTCGTGGTTCTTGCCGTTCAACAAAGGTGTCAACGACGGCGCTGGTAATCCGGTAAACCCAAACGGCACGATGACAGACTATCTCTGGAAAGAGATACTGACTCCAAAGGGTCTCACGGACATTGTCGAGAACTATGCTCAGATTGTCGAAGAAAAGAACCGTCGCACTGGTAAGAAGAAACGCGTGCAAATATGGCCGCGTTACCATCAACTAAGTATTGTGCGACAGACGCTTGCGGATGTTCAAGAGCACGGTGTTGGAAAGCGCTATCTGATTCAGCATTCTGCCGGTAGCGGTAAATCAAATTCCATTGCTTGGCTGGCTCATCAACTGATAGGTCTCAATCGGGACGTTGCTGCCGGGACTGGCGATCTCTTCAGTTCCGTGATCGTGATTACCGACCGCCGGATACTGGACGAACAGATTCAGGCGACGATCAAGCAATTCATGCAGGTTGGTTCCACCGTTGGGCACGCGCGTAAGTCCGGTGACCTCCGGACATTCATTGAGCAAGGCAAGAAGATCATTGTTTCTACCATTCAGAAGTTTCCGTTCATCCTGGACGAGATCTCTGCCCAAGAAAAGGGGCGGTTTGCCATCATCATTGATGAAGCACACTCCAGCCAAGGGGGTCGAACATCAGCCAAGATGAACGAAGCCCTGAGTGATGTAGAAGACGATGACACTGAAGAGTTTGATCCCGAGGACACTATCAATAGTGCACTGGAGAAGCGGATCGCATCACGCAAGCTGTTGGAGAACGCAAGCTACTTCGCTTTTACGGCCACACCCAAAAACAAGACACTTGAAATGTTCGGTGAGGCAATACCTGTGGATGCAGAAGGTCACATCAAACACCGTCCGTTCCATGTCTACACGATGAAACAGGCGGTTGAAGAAGGTTTCATTCTGGATGTCCTAAAGAGCTATGTACCAGTGGATAGCTACTACAAGCTCATCAAGAAGGTCGAAGACGATCCGGAGTTTGATACTAAGAGGGCAAAGAAGAAGCTGCGGAAATATGTGGAGGGTCATGACCACGCCATACGCTTGAAGGCAGAAATAATGGTGGACCACTTCCATGAGAGTGTTATCAGTCCCGGCAAGATCGGGGGCGAAGCTCGAGCGATGGTCGTGACCAGCAGCATCGCCCGGGCCGTTCAGTACTACCATGCGTTTCAAACGTATCTTGCCGAACGCAAGAGCCCGTTCAGAGCTATCGTTGCATTTTCGGGCGAACACGAATACAACGGACAGAAGGTCACGGAGTCCACGCTCAACGGTTTCCCCAGCGCAGACATTGCCGACCAGATTCAAGAAGCACCATACAGATTCCTGATTTGTGCTGATAAGTTTCAGACAGGATATGATGAGCCCCTACTCCACACTATGTACGTGGATAAGCCCCTTTCCGGCATCAAGGCCGTGCAAACACTGTCTCGTTTGAACCGTGCGCACCCGAAGAAGCATGACTGCTTCGTGCTGGATTTCCAGAACAATACAGATACCGTTACGCAAGCGTTTCAGGACTACTATCGGACGACTCTGCTGGCCGAAGAGACAGATCCGAACAAACTCCATGACCTGAAGAATGACCTTGACGGTGCCCAGGTGTATGACCAAGATCAGGTTAACCGGATAGTGGAGTTGGTCCTCTCTGGTGCAGAGAGAGATACCTTGGATCCTATACTGGATGCGTGCGTTTCGACGTACGTACAGCATTTGGATGAGGACCAGCAAGTTGACTTCAAGGGGAAGGCCAAAGTATTCTGTCGTACCTACGCGTTTCTGTCGTCGGTGATCACCTACGGCAACGTCGGGTGGGAGAAACTCTCAATATTCCTTGATCTCCTTACACCAAAATTGCCTGCTCCGGTAGAAGAGGATCTTTCTCGCGGCATCCTGTCTGCCATCGACATGGATAGCTATCGTGTTGAGAAGAAGTCAGCCATGAGAATTGCCCTTGAAGATGAGGACGCTGAAATCGATCCATTGCCAACCTCAGCCGGTGGACGCATGCCTGAGCCTGAGTTGGACAGACTTAGTAACATCCTTGTATCGTTCAATGAGCAATTCGGTACGTTGTTCGATGATGCCGATCGTGTCGTGCGTCGTATACGTGACGAGATCGCGCCGAAGGTGGCTGCAGATCCTGCCTACCAGAACGCAAAAGCCAACACTCCACACACGGAGCGTGTTGCTCACGACCAGGCTTTGGACAGAGAGATGCAGTCAGTTCTGAATGATGACACTGAGCTCTATAAGCAGTATCAGGAGAACCCTGCTTTTCGGAGATTTGTAAGCGATTTCATTTACCGCTTCAATGGTCGGGGCGGAACACCGTAGCATACTTGCTTTGAAATAGGAAAGCACTCCGCCGTTATGACGGA
CP129493.1_gap36	1228221	1230433	2212	TTGACAAGTTCACCTTCTTGTATCCGCTTTTCCAGCCACCGATCAACTGACGACTCGCCGAAGCCTCGGGAGGTGATCCGTCGTTTAATCTCGGAGTGTCGCAATTTCATGCCGTTGTCAAACACGGCGGTGACGGTGAGATCATCAAGCTGACTGCGACGCCGAGGCCTTACAATAGAAGTATCGTCAGTATCGGTACGAGTCCATAGAAGAGTATCCTCATCCTGCTTCAATCGCCAACATGCCGTTGGCACTGATCTTCCACGGATGTGAAGTTTGATAGACTGGCCGTCGCGTTCGACGACCATCATCGACTCGGCAGCCTTTGTCCAAGCGCTTCCGCCGATCGTGTCAAATATGTCTCCATAACTACTCTTGACTGTGTGATGAATTGCCAGAATTGCAACTTTGTACCGCAATGCCATTTGCTGTAAGCGGCTGCCGATGGCGTATTCGAAATCGTATCCGTCAGCAAGGTTGCCTTGCTTTTTTAGGGGAGCCAACAGGCGTAACGTGTCGATGACGACGCATCTCACGTCTGAAAATTCCTTGATATATCCTTCCAGCTGGTCGATCGCCGCATCGGTCCACGACTCTATCGCATCACTCAAGAACAGGCGGAGGTTCGCCGGTGGATACCAGGTATCTGATTGATTGGCGAAGAACTGCTCGAGGCGGTCGCGTACCATTGAGAGCCCTTCTTCTAAAGAGAAGTACAGCACAACCCCTTCTTTTGTATTGAGCGTACCCAGTGCATTCGAGCCAAGTGCGATTGGTATCGCCACCGACCCAAAGCTCAAGATGCTTTTGCCGGACTTTTCGCGACCGGCTAAGATTGAAAAACCAGCAGGCAACATGCCCTCAACGATCCACTGCTGTCTCGGTATTTCATGGCGTTGTTTCCATAGGTCAAACAGTGATACACCGTGGTAGTATGGTTGTTCAGGCATTGGCCCCTCCGCGTTTGCGATGCGAATCAAGAAACGACATCAACTCTTCATATGCTTCGCGCTCCTTCCGTTGCCAAGCACGAACCAGCAGATCGACATCGCGGACACTTAGCGTATCGGCGGAGAGCAACAAACCGGATGCGTCCAGTTTGATGAGGACAAATTGTCCTGATCCATCAAGGCCGATGCCAACGTCATGGAACGCCTGGAGAGGAGCATTGCGAAGTGCAGCGTAGTGATACCGCTGGTCAATGGCATGGTATATCAAGCGGTAGGCGATTAGGAAGTCCGTGATCGGAGCAATGCGGCCGGTGCGGACGTTTGCCATGTTGAGGGACGGGATCATTAGGCGCCCCCTTTCCGAATCGAACTAAGGTGCCTATCGGCAGTGACCGTCGAGATCACATCTCGACGACCCTGCAAGAGCCACTCGAGTAGCTCATGTTTTAGAAAGTAGAGGCGGCCGCCTCGCTTCAGGTGCGGAATCTGCCGGCGACTGGTCAGGGCATAGACGGTCGTCCGCTTCAGTTTGACCAGTGCAGCAGCGGCGTCGATGTCGAGAAGGTCCTCGACGGTAGGATGGGTGGGTGTGATGCCGTTTGACATCATGTCTCTCCGAGTATTGATTGGATTCATTCAGATCGGCTTGTTGCCGTCTATACTCGGAAAAACGGAAGTGGGGGGTGGGGTGGGGACCCCCCAATTTTTACTCAGGTGGATCCCTTTTGATTGCTTCTTCAAGAAAATCAGTTCGGATACCATCGAGCTTGAGATTTATCAGCTCACTCAAGACACGTTTGAGATTGTTGTTGCCATCATAGTCCAGCCTTGCGATCGCCAAATCAATCATATTGTCATAGGTATCGGTGCTTATGCCCGTGAGCGACATCAGCAGGCGTGATAGTTGAGACTTGTTTACTGACAGTATCTGATCGGGCGGGCCGAATGATGATAAGAGTGCAAGAACAGCGTGCAAGGCCTGACGAGCTTCGTAACGCTGTGTATCCGCAATCGAGTACTTGCCGCTTGTCGTTTGCTTCTTTTCGCCAGAAGAAGCAGGTGCGATAGTTAACAGCTGGTTCATGTAGTGAGAGCACGCATCCATACATGCGAGGAAATCGACGATCTTCTCGTTCGTCCACTTCAATACATCGCCGTTGACGATCTGTCTCACGCGTCCCTTTATCTTGTCCTCATATTGAGACTTGTACTGCGGATAATCAAATTCAAAAAACGTGCTGTGTCTCGTTTCTGAAACATAC
CP129493.1_gap37	1402858	1406407	3549	CGTTTGAGGTTCATCAGTGTAATCTGATAAGGAATCAATTACGACTTCATTAACGTTTCCGAGAACATCATACAGTCCCCAAGCATTGGGCCGCTTTTGACCAACAGGTCCTGGCTTTGCGTTTTCGGGGAGGTAACTTGGCGGCGTACTCGAGTTGTAACGGTACCAGGCAATCTCCTCAAGTACTGGACTGGGATTCTTGTCATCATAGTAACCGTTATACGTATTGTTTGTATCTCCCGCTCTTGCAAAGTACTCCCATTCAGCTTCCGTGGGTAGTCGATATCCATTTGCATTCCGATCCCAATTGAAAGACTCCCCTGTGATTGCATAAGCCCGCTGTAGGCCTTCAGCATCGGAGAGTCTGTTGCAATACTCAAGCATCTCGATAAAGGTTATACAGGAAACTGGACCGTTAGCAACTGCCACTAGTGAGGGGTTGATCCCCATGACACTCAAGAATTGTTCCTGAGTTACTTCCGTTTCTGCGACGAGCATTGGTCTTGTGATAGTGACTTGATGCTTCGGCCTAGTTTCGGCTGTTCCGCCAACTGTACCTCGTGTACCACCCATCATGAACGTCCCTGGCTGCACTGCGATCATCTCCGGGTGTGCGGGCACAACTACATCACCGGCGATCACAAAGTCCTGGCCGGTGACATCTGCGCTGGTTACAGTAACGGCGCGTGTCGGCGGGGTGAAGGTATTGCCGGTCTTGGCCGGGCTAATCGTGTACGCCCCCTGCTCGAATCCTGATAGTGACCACGCACCGTTCTGATCCGTCGTGTCCTTGCGTGATCCGATGGTGACCACCACACCTTCGACGCTCTCTGCTGCCGTTGGTGTGACTTTGCCGCTGATCGAATACGTTGTTGATGGTGGCGTCGGCTGACTATCTGACCCACACCCCATCAGCATGCTTGTGCCGATGACGAGTGAACACAGCGAGAGAATACATGTTCGTGAGCGAATCATGGTTTGAGCTTTCTCATATCGATGATGGAATAATCTTTGAATTCGGGTTTGAGCTTCTTGTTATCGTAGAGGAGGGACAAGGCATCTGGAAGTGGATGCTTGGACACCAACGTGTCTATGGAGACATGAGACATGGCCATGGAGGCCACCTTACTCGTTGACCTGTACCGCGTCGTGACAGACAGAAGACGTAACTCTCGGTCGGCCTCCACCTCAATGGATTTCACAAGACCATCGCGACCTTCATTGGAAAGGTCAACGACAAATTCGGTCCGACCATCACGACCTGCCGTGCAGGAGACACTGCCGGGCGTAGCTATCAACGTGAAGAGTTGTTGAAGCGCCTGTGGTGTCGAATCTCTTTCTGGTGACTGCTGCCGAATGAAGACCCGCTTCTCCGCTGTTGAGATGTAGACGATGACCGATTCATCTTCTGCGATCGTGAACATCTTAGACCGAGTAACCTGTCGAGTGTTGTTCTTGGCGATATGTACTTGATCTGTGTCGTGTGAACCACTCGTGTTGGACGTGACCAGGGTGAAGTCGATGTCAAGTGTCCGTGTACCATTGATCGTCGACCGAAGGCGGTCCAAACATGAACGCAGATCGTCGCTGCACTCGGCGGCGTGGACGCCATCAGTGGGGCATAAGAACAACAACACGAGGATGACCACGTACTTCACGACCTATTCTCCGTAAAGACGCTCTAGGCGTGCGTTGATCAATCGGCGATATTCTGCCATGATATCGACCTCGCAGCTGCGTTTGCACGGACTTGGCGGCGGCACACCACCAGAGGTGCACGTCGTGCATGTGGAGTCTTCAAACTGTGAGGAGAAGGCATGAGCCCCATTCTCAAATCGGGCACTGTCTGACGAGTCTGCCGGTTGATTGCGAAGGTGGTGTAACCACGGATAGTCGCCTGGTTCCGGCACATCAAAGATGATCTCGCCGCAGATGTTCCGTGTCGGATACAGCACATTGGTACAGCAGGCGTTTGTATCGCACGGAGCTAGCTCACCGATCTCATAGCGCACACGTGCGGAGTCAATGAGATCTCCGGCACCGGGTGTTGTTGGTGGACAGGAAGCCGACGCCTGATTCTGCACTCTCCAGCAGAGAGGCCGGGTAAACTTCCAGCATCCGTTGGCGCCCTGTTGAATGGTATCAGGGTAGAAGCCCATGGCGTTGGTCTCGATCATTTTGCCGAGTACCATACCGGGCACCTCATCCACGGGGATCTCATCACACGGGTTGGGATCCGTCATCTCGATCTTCTCGAGTTTTAGCTCCTGACAGGCGTCGGTGATACAGGTCCGCTTCTTGAAGAAGGCCCTGAAGGTGCAGTTGCCGATCGTGACATAGACACTTTGGACCGGCACCTGACTCCAGGCACGCACGGCCGCCTTGCAAGGTTTGCAGGGACTTGGATAGGACGTCGTATCCTGAGACCAGGCCAGAACCGGCAAGAAGAGCAATACGGTGAGGAGTATGCCGACAAGTTTAATGCGTTCCACGTGGCCCCCTACCATTACCCTTGGATGTATCGGAGGACTTGATCTGCTTCGCCCTCATGAGGGAGTCAATGTTCACCTCCCGTTGCGGTCCATCGAACAACTGTAGGCGAAGCCGTTCCGGGTTCACATTCAGTTGGAGCATATCGACCTTCCCATTGATGCGCGAGGGGGTGCCGTTGATCATCTCCTCGACCGCGTCAAGGATGTTAAAGCCGGACTGCTCCCATGGGCTGGCAACGCGCGGCAGTGAGCCGAAGCTTGGCACTTCGGCACTGTAGGCAATCGCTGGTGTATTCTGGTGCATCTCCTGCAGCGGGAAGATCCCCCGTTCCGTCTCGCGGTCCTTGCGCTTGAGCTGACCTTGAGCGTCATACTTGTACAGGGCTGCAAAGTGCTGATCGTCAAACTGTGCGATGAGTTTGAGGGTAGCCGCATCATAGACGTAGCATGTTGCCTCTGAATTCAACGGCTGCATGCGCACATCGTCAATGTAGAGCGTCGTTCCACCTGTTCTGCTGAAGGTCACGGCCTTGATACCCGTCGATGTCAACGGACCGGTATTGGCACTGACGGTCCACTCGAGGAGCTTCCATCCCGCGACCGACGCGATCGTCTGCGGTGATCCCACGGACGTGCCACCGATACTAAGGGCGCACGTTGAACTTGCATCCGGACGGATCCACGCTCGGACCATCAGACCGGAGTTTTGCACTCGTGATGCGACGTTCAGCGCGAAGACCGAGTCAGCCGTCGTGTTAAGCGATCGACTCTTCTTGCCCGTGTGCGCCACAGTAGCGTTACCGAGGTCAGAGTCTTCAAACGAGTTAAAGGCCGCGGCTCCATGTTCGGCATTCTTCGCAATGATGACCGGCATGGAGGCACCATAGCCGAACACTGCACACGATGGTATGCCGAGAGCATCACGCTCAAAGACGGCGTCCCCGTGCTGGTTGTAGTTGACGACGTGTGCCGTCCGCACCCAGGCGAGCGTATCCCGTGACGATGGGTTACTGAACGGGAACTGCGCAAATGTTGATGAAGCACGGCCAGCCCTGCC
CP129493.1_gap38	1492435	1492995	560	TCTTAACACACCTAATCCTGATGCATCTACCAGTAGTATCTCCTTGGCAAACACAGGCAGAAGTGCGATAGCACCACCAAACAAAACGGCAAACATGTCTAATGCAAGAGCCGCAAAAAGTACGTGCGTACTCCTGATAAACTGTAGCCCCGTTATCACATCATCCCATAACCTGCCCTTGGTTGTTGATAGTATCGGTTGTATAACCGGAAGCCACAACGAACTGATTCCACCCACACACATCGATACAATGGTGAGTACTGCGGCAGTGAGTACACCAAACTGCCCATACACTAGCCCACCTATCAGAGGTCCGAGCACCATTGCAGCTTGCCAGGCCGTACTTGATATTGCCGTTGCCTTTGGCAGTACATCAACAGTAACAGTTTTGCTGAGTGTTGAAAACATTGCCGGCGAGTACAAGCTGCGCGCAAAACCATTTACAACGATAAAGGCAAGCAACAGGGTTGTGGAGTGTTCTGTACCCATATATGCAATACTTTGCGGCTGAACCAGTACTCCGGTACAGATGGCACTGATAATCATCAGAGCAAGAGCGG
CP129493.1_gap39	1506353	1511139	4786	GTGCACCCTCAACCAGGTCCTTGGCTTCTTTCAAACCAAGACCGGTGATTTCGCGTACTACCTTGATTACATTCAACTTCTGAGCACCGGCATCGGTAAGCTCTACGTCGAATTCAGTTTTTTCTTCTGCTGCAGCAGCAGGAGCACCACCGGCAGGGCCGGCGGCCATCATCACCGGAGCAGCGGCGGTTACGCCAAACTTGTCTTCCAGTGCTTTCTTGAGTTCCGAGGCTTCCAGTAAGGTTAAAGCCCCGATTTTCTCAACGAGTTCATCAACGATTGCTGACATACGTTTCTCCGAAAATTAAATTCTGGTGAATAAAAAACGTTAGGCTGCCTGTTTTCTGGCAACCTCCTCTACGAGCATGGCAACATCACGCATTACTGCGTTGACTGCGCCATGAATGCCCGAGATTGGTGCATGAATGCTGCCCACGATTCCGGCAATCATATCCTCACGCGTCGGTAATTCCGCCACCTGTTTCAACTGCGATCCGTCAAACGACTGTCCTTCAATAATCGCAAACTTGAGCTTTGGTTTTTCACCCTTCTCAAAATACTTGCGAATTACCTTGGCAGGCGCAATAGCATCGTCAGCACCGAATATGACTCCCGTTTGACCGAAGAGCTTGGATTCCTCAATGGTATAACCACCAACTTCTGTCAAGGCACGCAGAATCAAGGTGTTCTTCGCAACACGCATTACTGCGCTTTTCTCGCGTAGCTCACGCCTGAATGCCTGGTCATCAGCAACGGTCATCCCGGTGAAGTCCACAAAGTACAAACTCGCTGCACCTTTAATTCTCTCGACTAAATCGGCAACAACAGCTTGTTTCTTTTCCTTCGTTACCATACGGCTCCGATAATAATGTTACGCTATGTGCTCAACCGCCAAAGGCGGGTTAGAAGCAGAGCACGATAGCAGTGCGTAATAGACGTTATTAATGATCTGCACCAATCGAGTTTTCGTCAACGCGGACACTTGGCCCCATTGTACTCGAGAAGTGAAGACTTTTTACATATTTACCCTTGGCAGTTGCGGGTTTTGCCCTTAGGATTGTTGACACAAACATTTGGGCATTTTCAGCAAGTTTCTCCGGCGAGAATGAACATCTGCCAATGCTGGCATGAACGTTTCCCGCCTTATCAACACGGAATTCAATCTTTCCGGCTTTTACTTCGGCGACTGCCTTTGCTACGTCAAAGGTAACAGTGCCACTCTTGGGATTGGGCATTAAACCACGGGGGCCGAGAATCCGTCCCAGCTTACCTAGCTCGCCCATCACATCCGGTGTTGCGATAATAATGTCGATATCAGCCCAGCCCCCTTGCAATTTTTCAAGGTACTCGGTAAATCCGGCATGATCGGCTCCGGCATCCAATGCTTCTTTGTCTTTTGGTGTTTTTGCCACCACAAGAACACGAACTGTTTTCCCGGTACCATGTGGTAATGCAACAGTTCCCCGAACCAGCTGATCGGCCTTCCGTGGGTCTACACCCAGGTACATCGAGACTTCGAAGGACTCGTCAAACTTGGCAGTAGCATTTTTCTTTACCAGCTCAACAGCGCTCTTGTAATCAAACACCTGCTTGCGGTCGTAGCTCTTAACTAACTTTTCGTATCGTTTGTTTGTTGCCATAGTAGTCCTTACCCTTCCACCGTAATGCCCATTGAACGGGCTGTTCCGGCAATCATTGATACTGCATGCTCAAGGTCGTTGGCATTAAGATCGTTCATTTTAACCTGGGCAATTTCCTCTAATTGCTTCCGGGTAACCTTCCCAACCTTGGTCTTGTTAGGCTCTGAAGAACCTTTCGGAATTCCTGCTGCTTTCACAAGCAGAACAGGAGCTGGAGGCGACTTTACCTCGAATGTAAAACTCTTGTCGCTGTAGTACGTAACTACAACCGGAAGAATTGTTCCCTGCTGCTTGGATGTTTTTGCGTTGAATTGCTTTACGAATTCCATCCCGGCAAGGGAGCGCTGCCCGAAGGCAGGCCCTACAGGAGGAGCCATGGTGGCTTCCCCGGCTTTTATCTGGAGCTTAAAGCTCCCCATGACTTTCTTTGCCATGTATCCCTTTCGTGGTCAGCGGTATGGTTGTCCATACCTCCCACATAAATTAAGTTAATGTTGTTCCATCTCAACCTGATGGAAGTCAAGCTCAATTGGCGTTTTACGTCCAAGAATGCCTACTTCCACCTTGAGTTTTTGTTTTTCGTGGTTAACTTCTTTTACCGTGCCGCTAAAGTTGGCAAACGGTCCGTCAATTACCTTTACCGGATCTCCGTCGCGGAAGGCAATCTCGACAGTTGCAATGTCCTTGCGCTCCTCTACGCGCCCCATGATCCTGTCAACCTCATCCTTCTGGAGTGCCTGCGGTTCCGTCTTGGTACCAACAAAGCTCACGATTGACGGAAGAGACAGAATAATTTCCTTCAGCCGCTTGTCAAGCGTACATTCTATGAGGATGTAACCGGGCAGGAAGTTCCTCACCTTTGTACGCCGTTTCCCATTGCGGACTTCGTAAACAGTTTCCTGAGGAATAACGATACTATGAACCCTATTCTCCATTCCCAGCCGCACCATCTCCTGCTCAATACCTGCCTTCACCTTGGATTCATGGCCGGTGAAGGTACGCAGTGCGAACCATTTAAGCTCAAGCGGTTGTATTGGAGTGGCTGTCATTTGTCTCTTCTCTTTTTATCAGAACAGGAAATTCATTACTTGAGTCATGGCTTGGTCAATCACAAACACAATTGCTGTGATGATCAACGATGTTACAATTACAACCATGGTACTCTCGCGCAGCTGATCCCGGGTAGGCCATGAAACCTTCTTCATTTCCTTGTTTACCTCGGTAAAAAACTGTTTTGTTTTGCTTAGCATCATTTATCCTTAACGTGTCAACTTCTTTGTGCAGGGGCGGCAGGATTCGAACCCGCGGCCTGCGGTTTTGGAGACCGCTGCTCTACCAGCTGAGCTACACCCCTCTGCAAACATGGAGCTGATGACCGGGATTGAACCGGTGACCTCCACCTTACCAAGGTGGTGCTCTACCAGCTGAGCTACATCAGCAATTATCTGGGAGCGGGAGACGAGACTCGAACTCGCGACCAACAGCTTGGAAGGCTGTGACTCTACCAACTGAGTTACTCCCGCAACTCAAACGTGCTTACCACGTGCGTGTGGGCAGGGAAGGATTCGAACCTCCGTAGGCGTATGCCAGCAGATTTACAGTCTGCCCTCGTTGGCCACTTGAGTACCTGCCCGGTACGTCAGAGCCGACAAACTTACGACATGTAGGTGTTAATAACAAAAACGGGGGTCAGTACGAATAAAAATGTCCAACGACTAATGGGCAGCAATCCTGGCTGCAAACTGCTCAAAAAGGTAATCCGAATCTCGGGGTCCTGGGCCTGCTTCAGGGTGGTACTGCACGGCAAAGGCGTTTTTTCCCATAATTTCAATACCAGCACAGGTATTGTCGTTAAGGTTGATGTGGGTTACCTCCACGCCTGCGGGCAGCGATTCCATGTTTACGGCAAATCCGTGGTTCTGCGAGGTTATCTCAACCTGTCCTGTACGGAGGTTCTTCACGGGATGGTTACCTCCGCGATGTCCGAACTTCAGCTTGTAGGTCTGCCCTCCAACTGCTAACGCCATGAGTTGGTGCCCTAAACAAACACCAAACATGGGAAGAGTCCCCAAAAGCCCGCGAACAAGCTCAATTCCATGGTGTACGGCTGCAGGATCACCGGGTCCGTTACTCAGGAACACGCCATCCGGCGATAGTGCCTTGATATCGTCAAGTGTTGTTGTCCACGGCACAACGGTTATCCGACATCCATGGTGGTACAGCCTGCGCATGATGTTGCGCTTTATGCCAAAATCAACGGCAACGATATGGTGCTGAGGTGCAGTATTGCCTTTTACGTCAAGGGGCTCGGGTTCAAACTCATATACTGCCTGCGTGGATACCATTGGCACAAGGTTGCACCCTTCCATACTTTCAACGGCCCTGGCCTTGGTAGTCAGTTCGTCCGGGTCCAGGTTGTTACCATGCTCGATCACGCATCGCATAGCCCCTTCCGTTCTTAACATCCGCACCAATGCCCGGGTGTCTATGCCTTCGATACCTGCAATCTGGTTTTTCTCCAGCAGAGCAGCCAGCGAGCCTGTGGCTTTGTTGTTGGAATATACTTTCGAGAGTTCACTCACAACGATGCCACGGGCATGAATACTGCTGCTTTCAATGTCGGTTTCGTTAACTCCGTAATTCCCAATGTGGGGGTAGGTGAAGGTTACGATCTGACCGTGGTACGAGGGGTCAGTGATAATCTCCTGGTACCCCGTCATAGCGGTGTTAAACACCAGCTCGCCTGCACTGCGGGCACCAATTGCCCCGATAGCCGTTCCTTCAAAAAAGCGTCCGTTTTCAAGTACCAGAAGTGCAGGGGTTTTCTTCATTTTTAAGGGTGATGTATACAACTTTTTAGTTTGGGCATTCGAAAATAGCGTCTGCAGACCTATTTTAGCGGCAAAGGAGAGAGTTTTCAGTTTTTCTGCATCACATTTTCATCCTATTCCTAACCGCTCACCGGCGGATGTGGTGTACTCTCTAAATGGTAAAGTACTGGTTCTGAATCAAAGCTACGAACCTATCAGTGTATGCAGTGCCCATAAGGCTCTTAGATTGCTGTTCCTGACAAAGGCCGAAATGGTGGAACAGAAATCCTCGCAGGCAATCCGGTCAGTTTATTTAACATATCCGTTCCCAAGCGT
CP129493.1_gap40	1676613	1677162	549	CGCTATTTCGTTAAAAATGATTTTGTCATCTGGCGTTAAAAACATCTCCACACCAAACACCCCGATACCTCCAACGGCTTCTACGCAGGCTAAAGCAATTTCCTGAGCCTGTTTTTGCAGGTGTTCCTCGATTGGAGCGGGGGCTAAAACCGTAACGCAGATATGGCCTTGCTGAATTGTCTGCACACACGGATACACAGCAGTTTCGCCCCGCTTGTTTCGGGCAACCATGACTGCAAGTTCTTTTGCGGCCGTGACAAAACTTTCTGCGTACAAGGCCCTGGGCTTACCGCCACCCATGAACCTGTTCCAGGCGATGTCAATTTCCGATTCACGGTTTACGGTAGCATTACCGTGTCCGTCGTAACCGTGTGTTCTGGTTTTCACAACAAAAGGGTATCCGTACTGCTTTCCAAAGGCGATTAAGTCTTCACGATCAATAATTTTAGCAAAGTGCGGTGTGGGGATACCTATACCTGCAAATGTTTGTTTCTGTGTGAATTTATCGCGGACCAGACGCATTGTTTCAACGGTTGGGTACAGTAATCG
CP129493.1_gap41	1708798	1712594	3796	ACAAAGTTTTCGATGTTGTTCTTAACCCCATTGATGTATGCCTGCATCGTACCCGTCACGTCAACCAGAAAAACGAAGTCAACCGGTATTCGCTCTGTTATTGTGATTTTTTCAATAGAAATCACCGGCTTCTCTACGCCATCTTCCATTACCGTGAGTGTTTTGGGGTCGATTCTTTCAAGCACTCTGCTGCTATCATCATACGCTTCCACAATTAGTTTTATTTGCGGGAATTTCGAGATGTCAACATTTTGAATAATTAGTCTGAGACCTTCCAGTGAAGACTGAATTTTCGCCTTTTCTGCTTTAAGGGCTGCCTGCTCAAGCGAGTCGTTAGTCTGACCAAGACAATACATGGGCACGGCACACATCAGCAGTACCAGACCGAAACACAAAAGGGCGCACCTACTGAACGCCCTTTCGATTTGATGCCTTGGATTTATAGACATCACAATATCTTCATTCTACTTACTAGAAGTTCAGTCGTAAAACCGGAGAAACCATAAAGAAGTTATCACGTTCCCAGGGTTGTGCATCCCTTAGCGCCGTACTGTATTTCCCTTCAACATACAGCCAGTCACCTAAAATTGGCAGGTAGGCCCGTGTAAGGAGAATTTGATTCGAGTACTGAGCAGAAACACCAAACGGGAAAGCCCCCTGATTTCGATATTCAACTTTAGCATAAATCCAGTCAAGGACTTCATCCGGATGGTACAGCGTTAACCCGGTAACACCCTGGTAGGCAAGGTAGCTCATCTGAACTGTTGTATCTCTGAACATCGCTGCTTCGCGAACGTCGTAGTACCCCAAGCCTGCGTCAATCCTAAAGAAATTCTCGGGACCCTTTTCACCAAACCAGAAGTTATAAAACAACGTGGCCTGTCCGGTGGAACGAAGCACGTATGTTGTTGATGCTGGATCTACTGGGTACGAAGGTGCTGTAATCCGGCGAGACTCAATATCGAACTGATAATATGTTGTAGGGTCTACCCCGGTAGAGTTTGTAATACCTTGTAACGGTATCTCCATGTTCAGGCCAACACCAAACTGTGGATGCAACGGCAGGTGGAAGTCAATACCGCCAACCAGTTTCCCGCCATAACCGGAATTTAGGCGACGTCCCGGAACAAAGTCAAGCAAACGCTCCTGGCCATCCATCGAACCGGTAAGCCTGTATCCAAATCCTAAACGGGCGTTAATCAAATACGGGATAGCTGTTCTTGTTTCGTAATCAGAGTTAATATAAAGCGGACGTTGCAGATAGATTCTGGATTCGCCCGATGACCAGTAGGGATAACCAACCTGATCTGTACCGGTAGATGCTTTCAACCAAAAACCACTCTTACCGATTTTCAGAACCTGATCGAATGCCGAGAGCGTAAAGGCATGCGTTACGTTTGTTGGCTCCATGTAATTGATAATCTCCTCGGCCTGAGCACTACTGGGAGGCGATGCCGGCGGAATATCCTGAAAGCAGTAAGCACGTTTGGGTTCTGCAAGACGGAATCCCAGCTTACGCATATTCTGGGCTATTTCGGCAGCCACCATCTTTTCCTGACCACATTCAATTAAGATAAGGTCATACTCGGGCTCAGCCTGGTCAGCACGTATCGGTGCAGATGTTACAACGATATTGTTTTCGTCGAGCCTGTCCTTATCGTACCCCATCAGTGCAAAGGTCTGCTTGATCTGGACTTTTAAGTCAGGCTCACATACACGCCATCTTGGGAAATACTGAAGAATTTCCGGGTCGATAGTTTTGAGTGCCTGTACAATCGTTTCGGTTGAATTCTGTGCACCGGCGTGGAAGGCACCGGTTAAAAACACGAATACTGTTGATAACGCTATTGAGAATCTCTTCATGGGTGATACCTGATTTCTCGAAGGGGGCTGTACTAAAAGTTAAAAATGAATCGTATGGCCGGCATAACAACAGCAGATGTTTCCCATGGTCTGGGATCTCTGAACACGGGTGCGAAAACCCTGGTATCAATGCGCAATGAGAAGCTGTCGGCAACCGGGATTTGCAACCATGCTGTACCAAGGACAGTCTCGTCGAAGTAACCAAGAGAGAAGCCTGCCGGTGTAGACCAGCTGGTGGTCATAAACTCAACGCGGCCTGATACGCCACCTACTGTAGTGTTCGATACATTTCTGAAGTCAGCCGAATCGGTACCTTGGTTGAACGGCGTCCATGTTTCCATACCGTAAATCGTAGCACCCAGCCGGAGTCTGAACAGGTAGTCTTTGTCAATGCTGACAGCAAACGAATACTGCATTGTTGCATGATACCGTACCAGGTAGTCTTCCCAGCGGTTCATTGTGCTGCTTAATCGCATGTGGTCGCTCTGAGTTGCATCGTCGAAAACATAGCTTAATGCAACGTTAAAAACTCCGCTGTTGTCAATAACTTTAATTGGGAAGTCAAAGGATCCATTAATGCCGAGGCCGGCATACGTCATTGTTTGAGTATTGCCAAACGTTTTTGCAAGCTCACTCCACCCGGCTGTGGGAAGAATTAGTCCAAGCTTCGATGAACCCCACAGTGCGTTTACTGCCGTACGGTTTGACCACAGTGATGGGTAATTGATATCTTCCAGACCATAGCGGAGTTCAACACCGTACAGTGGAAGATTTGCATTAGTTGGCTGAGTACTGTCAACTTCTTCCGATGCGGCATCGCCTACATGTTTGCGTTCGTATCGGCGGTATGATACACCGTCGGCAACACTAACAATTACTTCGTTGTTATTCTGATAATCCTGTGGTAAACCTTCTGATATTCTCATGTAGGTTTGAACATTGTCTTCCGGAATACCTAGTGTATTACCATACTTCTTTTGTACAAAGCGGATTCCCTCTTCACCAATACCTTGTGCCTCGGGAGTAACATTTTCATAGTTACTTTGGATTAGCTGGTTATTAAGGTAATCCAGTAGGGTGGCTGCGGCTGTTCCGCCCAGGATGTCCTTCCCCTTTAAGGCCTGACCATCCATGAGGAATTGTTTTTCCAGGTCAACATTTTGCAGTTGCGCCGGCATATAAATATCCGTTGGCGGATCCAGGTCATCCTTTAGAGCGTAGTAGCTTTCCGAATTTCGCTGGGTTAGGAGTCCAATGATCTCAAAAGGTTCGTTTTGATTGCGACGTGTGGTTAGCACATACGCCTTTTTAAACTGAGCTTTTTCCCAGGCTACCTTTTGAGTGTAATACCGTTCGTAGGCTTTGCAGCCAGGCTTGCGTAGAATGTTTTGAATTTCTTTTTCTTCCATGCCTTCGCCGCCGGTAAGAACGATACTCTCCACATCATCGCGGGACTTACATTCCTTGGCATCGTCAGTTATTTCCGGCTCACGCGGGCCAAGCAGGATGTTTAACCGGCGCATAGATTCTGCTTCGTCGGCATCGGGTACCTTGTATAAGGATATCATGCCGTATCGCCAGTTCTTAAAACGCAGAAGCAGATTTTTAATCTGGGCATTCTGCTGCGCCTGCACCGGCACCATTGCCAGAGCGAAAGCCATAAAACAGATTATTGAAGTTATAGTACGCATCATTTGCGTTGCACTCTATTATTGGTCGTCAATTACTTACGTTAACAGTTTTAGTGATCATGCGTGGACGTGACTCTGCTCCGTCGGCACTGGCAGTTGCAGAGATTGTAACCTGTACACTGCCTTTTACTCTGCCCTTGGTAAGGGGGAACTTGCCACCCTGAAGTTTTAGCGTGATTTCGTAGTCATTGCCTGAAACTTTTCTTGGCTTGCCAACAGGAACAGCTTTAAAGGTTGCACCC
CP129493.1_gap42	1715114	1718521	3407	AACAATTTCTAAGCCATTTAACACGGTATGCCTACGAACACCCCGTAGTGTGGCCGCAATCAACACATACCATACATGAACCGTTAATCTTTACGTGCATCGATGCGCATTTGCCGCATGCTTCACCGGTAAATCCCATTTCGATTGCAATCATCCGTGCATCTGCTACTCGTCCGCCAATAATACCGGTAACTTTCTCCGGATTATCTCCAACCACTATCGGCGGATGAAAATTCTCTGAATCCGAAACCGCTCGCGCACCATCAGGTAAGCCCGTTTTTTCGGGAAGTTTATTGTTTTTTGACGGTGCAACCTCGTCTACGGCCTTTACGTGGACAAAATCAGTACGGTTTAAGTAGTCATACCCCAACGTCCTGAACACATAATCCAGGATTGAGGTCGCATTTTTAATTGCTTCGTGTCCTTCAACAAAGCCTGCCGGTTCGAATCGGGTAAAGGTAAAGGTATCAACAAGCTCTTCAAGCGGAACGCCGTACTGTAAGGCTTTTGACACAAGAACGGCAAAGCAATTCATGAGCCCCTTAAAAGAAGCTCCTTCCTTGTACATATCAATAAAAATCTCACCCAGCTGACCGTCGTCAAACTCACCGGTACGCACGTAAACCTTGTGTCCGCCAACCGTTGCCTCGCGCACGTATCCATGGCGTCGTTTGGGCAGACGTCTGCGTTCTGCCCTGTGATAAACGCGTTCACGGATTACTTCATACACTTCTTTCGGACCCTTGGTTTCATCCAGCGTGTCTTCATCGCCAAGCATGACAATTTCGTCGTAGCTGTCCGCAGAGGCATTTAACGGCTGACTAAGCTTCGAACCGTCGCGATACAAGGCAATGGCTTTTACCATCTGTTTCCAGCTTTCGAAGTGTACTTCTTCCACCTGGCTAACGGTGGCTTCGCCCGGCATGTTGATTGTTTTTGAAATAGCTCCACTGATAAAGGGCTGGGCTGCCGACATCATTCGAACATGGGCCATGTATGGGATATAACGCTGACCGCTTTTTCCGCATTTATTTGCACAGTCAAAAATCGGCAAGTGCTCATCTTTTAAGTACGGAGCCCCTTCAATCGTCATGGTACCCGAAACGTACGTGTTGGCAGCTTCGATTTCTTCGTCGGTAAAGCCTAATGCCGAGAGAACCGAAAACCTTGGCTGCTCCATCTCGGCCTCGGTAAAGCCGAGCTTTGCGCAAACATCGTCACCCAGGGTAAACCGATTAAAAACAAAACGGATATCAAAAGCGGAATCAAGCTGGTCTTCGATCTTATCGATGGCAAATTCAGGAAGCCCTTTTTCACGGAGCGAGGCTTTGTTAATAACGGGGCTGCCAACAAGAGTTCCGTGACCTTTACAAAAGCGTTCTATGCTTTCAATTTGACTGTCGGTATAGCCCAATTTATGTAGTGCTATACTTACACTTTGGTTTACAATCTTAAAGTAACCACCTCCGGCCAGCTTCTTGAATTTTACAATTGCAAAGTCAGGCTCAATACCCGTGGTATCACAGTCCATCAGCAGACCGATTGTACCTGTTGGTGCAATCACGGTAGTCTGTGCGTTCCGGTAGCCGTACTTTAAACCAAGCTCAAGAGCACGATCCCAGGCGTGGGTGGCTGCTTTCCGCAAGGGTTCCGGACAATCATTGTGGTCGATACCACGGGGTGTAATTGTTAGATGCTCGTATTCCTCTTTTTCGGCATTGTATGCTGCACGCCTATGATTTCGAATTACACGAAGCATGTCTTCGGCATTACTCTTGTATCTGGCAAAAGCCCCTACATCTCGGGCCATCTCTGCTGAGGTTGCGTATGCTTCGCCGGTCATGATAGCAGAAAGGGCACCGCACAGGCTGAGTGCTCGCGGTGAATTATAGGGGATCCCCATAACCATCAGAACCGTTCCAAGGTTGGCATAACCCAGGCCAAGCGTCCTGAAGTTAAAACTTCGTACGGCAACTTCTTTTGAAGGAAACTGGGCCATGAGAACTGATATTTCGAGCACCACGGTCCATAGCCGGATTGCATGCCTGTACTCATCAATTAAAAATGTTTCCTTTTCAACACTGTAAAAGTGTGCAAGATTTAATGACGCCAGATTACAGGCCGTATCGTCCAGGAACATGTATTCCGAACACGGATTCGAGCCGTTGATTCTGCCGTCAGCGGGACATGTGTGCCATTCATTGATGGTTGTATCAAACTGAAGTCCCGGGTCAGCACTCTTCCACGAGGCCATGTTGATTTTATTCCACAAGTCGCGGGCACGAACCGAAATGCGCTTGGTATTATCGGTACGCCATACCAGGTCCCAGGTTGTATCGTTCAGTACGGCATGCATGAAGTCATTGGTCACCCGAACAGTATTGTTGGAGTTCTGTCCGCTCACAGTGCCGTAAGCCTCACCCTCGTAATTTGTATCGAAAGTAGAGAAGTTTAATGTTGTAAACCCTTGTGCCACCATGTCGAGGGTCCGGCGTACAACATTGTAGGGAACGCCGCGATGCAGTGCTTTCCGAATAAGAGTGTCCAAAGCCTTATTGCTATGCGGATCGGCGCCGTTTGTATGCGCTTCGTCCATAATTGCCTGTAAGAATGTAGAACACACCTTACTACCGGCAACCAGTGATGCCACTTTTTCTTCTTCTTTTGCCTTCCAGTCGATAAATTTTTCAATATCGGGGTGATCAACATTAAGGATCACCATTTTTGCGGCACGGCGGGTCGTGCCACCGCTTTTGATTGCACCGGCTGCACGGTCAAAAATTTTCAGGAAGCTCATTAAGCCGCTCGATACTCCGCCGCCGGATAACTTTTCGTTTTCGCCCCGTAAACTGCTGAAGTTGGAGCCTGTACCACTGCCGTACTTAAAAATGCGGGCTTCACGGGTGGCAAGGTCAAAAATGCCGCCTTCGTTCACTAAGTCGTCCGACACTCCCTGAATAAAGCAGGCATGTGGCTGCGGGTGACTGTAGGCATCCTTGGATTTAACCAGGCGTTGTGTTTCAGGGTCAACATAGTAATGCCCCTGTGATGTTCCGGTTATCCCGTATGCCCAGTTCAAGCCGGTGTTAAACCACTGCGGAGAATTAGGAGCAGCCATTTGATTCAGCAGCATATAGGCAACTTCATCGTAAAAGGCCTGTGCGTCATCGGCAGAGTCAAAATACCCATGCTGCTCACCCCACCATCTCCAGCATCCTGCCAGCCGGTGTACTACCTGCTTGACAGAACGTTCTCTGCCCAGTACCTGTTCACCACTCTCGTCAAGAACAGGGTTGCCGTGCTCATCAGTTTGCGGAACACCTGCCCGACGGAAGTACTTCTGAGCCAGGATGTCGGTTGCTACTTGCGACCAACGTTCTGGTACTTCAATGTCGTCCATCTGAAAC
CP129493.1_gap43	1723732	1728709	4977	GTCTGGATAAAATCATCGCACGCAGAATGCGGCCGGCCTCCATCGGATTCACGGCGGGCTCAGCTCCGTCCATAGAAGAAAGTGCTTTCCTATTGCGGTACGTAGAGCCCGAAGACCTGATGCGCTTTGGCTTTATACCCGAGTTTATTGGCAGGCTTCCGGTTGTAACTGCTCTTGACCCACTGAGCGATGCTGCCATGTTGGATATTTTAACGAATCCCAAACATGCCTTGGTAAAGCAGTATCAAAAGTTAATGCTTCTTGAAGGAATCGAACTGGAGTTCGAACGTGATGCATTAGAAGCAATAGTAGCAAAAGCAAAGGCCCGACGCACCGGCGCCCGCGGCTTGCGAGGCGTGATGGAAGAAATCATGAATCCAATCATGTATAAACTGCCCGATGTAGAAAACGTACGCAGATGCGTTATCACCCGCCAGGTTGTGGATAATAAGAGCGAGCCCCTGCTCGAGCTGCAGGACGCAGTACAATCACCATCACCTACTAAGTCTGCGAAAAAAACGGTTTAATCGTCCAACTTAATGCAAGTGTACAACGGCACTCCGCTGGACAACTCCGTTTGTGCCGGTAACCGTTACAAACAATACACCATGCGAATTGTTGGGAACTGGTACTGATACTGTTTCTCCTGCAGATACACTCATTTCCTGTGACGACAACAAATCACCTTGCAGGGTATGCCACTGAACCAAGACCGTGCCTGACTCAAAACCAATCAGGCTAACGTCCGCCCCGTATGTGTATAGCTGTACACCTTGCTGTACTGGCGTAACCCGCCTCTGGTCAAATGCACAGTAGTCAGCCCGTAGCAGTCCGTCCTTAGTGCGGATATCAAAGTAGCCGCCGGCAATGGTGTTAAGTTTAATGATTATCGGACTCCGCAACCGGGAACCCAGAAGTATGTCGGCTGAGAGTCGTGCAAGCTCATTAACGGTTCCGGTAACAGCAGGCACACCGCTCACATACGCTGATCCGGGTACTGGCTGAACCGTTCCGGAAATTAAGCCCTGAATGTCTGTTGTAAATCGTGCCATACTGCTGTCGGTACGAACTTCAAACTCGGTCAGTGTCCCCTGAGATGCCAGCACAGCAAACAACGAATCCTGGGTTAGCGTTGTTCGTTCGTCAGGTTGTAAATAAATTGGTATTTCGGATACTGTGCCTACCATGGCATCAACAGTGTCAGCCCACAGCGTCCCGCACACTACTCCAACAATTCCTATCCGAAGTGTAGTATCCTGAACAGTAAACCAGTCGGCATTTGTCTGAACCGTACATTCACAGGCATCCGGACCAATTCGGGTTGGACTTAGCCGAATTGCAAGCTGTTTTTCTTCTCCGCTGTCCAGGCGTATGGGAAGGGGCTCAGGTAGCGTAAATGCATTTGACCCAGTACAGGTTATTTTGTTGATACTCAGTGCTTCGTTTCCAAGATTTCTGATCGTGACGGTTGTATCTGCAACACCTCCATAACACACACTACCTTTTTGGATGTCATGTCGCTCAATGTCGAGTAGTGGCTGAACACCGTATTGTACAATGGTAACCGGCAGAATTGGAGCACATAATTGTTCACGGGTCTGAAGTATGGCCAGGGTGCGTCTCTCACCTATTCCCTGTGTTCGGCTGGTGACAAAGCATGTTTGACCTTGCAGAGGCAGAATCGTTATCGGCCACGGCTGGCCTCCGGGCAACTCGAGTGTTGCGTCGGTAGGATTTTGCCCTCCGTACTGCACACCTGTAATGGTGAGTGGTGTTTGTGAGTTGTTGCTGATAACAACACTATCAAGAACATACACCATATTCTGCGACACTCGCTGGCGTCCCATATAAATACTGTCAGTTACGTTCAAGCTTTTGTCAGCCGAATATCCAACGACCGTAATGTCACGATTACCACCCTCGGCACTGAATATCCTGAATGTTGACGTCCAAGCCCCTTGCACAACCGGTGTTACAGCAACCGAAATGCTCAACGTGGATTTCGGACCTACCAGGAAGGATGTTTGCGGACTAATCGCTGCCGGATCGGTACCAAGTATTCTAACCGAATCGATCAGGATGTCGCAGCCTGTGATATTGGCGAGATCGAAACTTTTTGCAGTGGTTGCGTTTGTACAAATAGTATCCATGTACAAGGTATCACCTTGTACGGAATACGCCGGTTTATCCACCTCGATTTTAACGGGGACTCTTATCACTACGGGTTTTGCCGGTGAACTGAACTCGATTTCGCCTACGAAGGTACCTGCTATTGCAGAACTTGCCTGCACAAAGAGTTGGCCGCGGGCGCCACGGGCAATAGTTTGCGGTATTACGGTTTTCGTATTGAGTGTAAATACGCCCCCCGCATCATTGCTTAGTCGCGCATTTGTAATCGTGGCATCACACCCACCAACGTTTTGAATTTGCATTGAATCAACCATTGTATCGCGCACACAGATCCTTGGCAGAACCAACGTATCACCGGCAGTAAGCGCCTGAACTTCTGCATGCTTACCAACGATTGTCACCTTTACAGTATCAATCAATTCAACCCAGGTTGTATCACCAGGGGCAAGTGATTCCCAGTCACGCACTACAATTTGGACATACACATCTGTTTGCTGCTCAGATAATGGTGCAGATTCAATTTGTACCGATGCACTACCATTGGCAGGAAGTACAGGCAATGGACCTACGATGGAGGCAGGAGCACCGGAAGGTGCAATCACAGTTGCACGGTACATGGGCAGACACCGGATTCCATCCAGTTTGACAGGAATATCAAACGTATCACGGTTTCCCGGACACACCGGTAGAGTAACAGTATTCGCTCCGTCTATCTTTCCAAGTATGCCGGGGACGATCACACACACTGTGCTTTGCAGAATCGTATCTGATGCGTTAGCCATAAACGCAATCGGGATAGTATAGGTTTGGTCATACAATCTGGGGACAACTTCGAATGAGGCCAGACCAACACCAGTTTGATCAACAGTAAGAGCCGCCGGAATTACCTGTGTTGTCTGAACAAGGGGCCTAATTCCTGCCGGCAAAGCACCCAGCTCAACTCTAACATTGTTTAACAGGTTCTGGCCAGTGTTTGTAACCAGGAATAAACTGGTAACGGTATCAGGGGCATACGGTGAATATCCGGCCTTCCCACAGGTATCCTCTATCACGGTGGCAACACGCATACACCCTCCGGGTCCGGCAACACCAAGGCTACCCCCGCCCCCGCCACCACTACCACCACCACCGCCACCGGTTCCAAACGAAACCGAGAGCGAATCAACCAAACCAATTTCGGTTGCAGCGAGCAGTTTTCGCGTTCGTGCAGCAAGCTTTTGTTGCTCCCACAGAAGTAAAATTGCACTGTCAGTAAAGCTTAATCCCGATGGAATCCGCTCGTCCCACATAACTTTGTACAGCCCGGGAATACCTGTACTGTTATCGTCAACCCAGTTACCAAACAAAAACCGGTCGGGCTCAATAAGTTCACTTGCCCGAAGGTTACCACGCGCCGTCAGGCCGGGTGCCAGCGGCGTTCCTTCCAGTGCAATCCAAAACTCCGGAATTCCGGGTGCTGTATTTCTGCGATACTGCGATTCGATCCCGCTGTAGCCGAATGCCGTTCCGATTGGTGCTCTGTCGTTCTTCCCAATCTTGGTATCAACAAGCATCAGCACACCTATTGAGTGCGGTACAATCCCGGAATTGTCAACACGAACCGATAAGCGGATAAAGCCGCCACTGGGACGCTGCACCGGCTCCATCGTAAAAACCAGTTTCACGCTGTCGCCGGCGGATGGTATTGCCAGAAGTCTGGTATTTATCCTTGGTCTGCCCTGGACGGTATCCCGAAATAAATCCTGAACAATAAGGGGGTTGGGTGGCGGCGGTAGGTCAGTTGTCCTGTCAATTTCGTACGGCAGCTGGTAAACCACATCATCAATTTTAATATGAACGTGCGAGGTATAGTTAACCGGACGATTCCCTGCACCGTCTTCCCGGTATATCAGTGTCTTGGTGGTATCTGTAGTATAGTTTGTCGTTATCGAAAAATGTCCATTGTTTAGGAGTCTGGCACTCAGTAAATACGGCGGCAACTGATCGTTAAGTTCCAGCATGGTTTGTGCACCGGCCGAATTGCCCAGTACCACACATGCAACAACCACATACAGAGAAGCTATTGTCAGCGCTTTCATTATTCCTCCGCCGGGGTTGCAATTTCGATGAGTACGGTACGGTTGTACCACCTGCCTTCGGGCAACTCATTATTGTAGATTAATGTGGGGCCGGCAGCCTGTAAGCTAACATGATTCGGAACAATGCGTTGCTTAATATCTGCTTCGATGGCTTCGGCTCTACGCCGCGATAGTTCAGTGTTGTACGGTACACTGCCCATTCTGTCAGTAAAACCGGTAATCCGAATAGCCGAATTAGTTCGCATCCTACTCCGAATGAGATCTAAAATCGATTTATTAAAGCTGCTTATCACTGGTTTGTCAAAGTCGAAAAAGATTAGCCGAAATCGTTCAATCACACTATCGCGCACAAGCTCATTTGAGTAGCGACGGCTTTGAACAATACGACGCACGCTCATCAGTGAGCTTCTGGCATCGGTCTGCCCGTCAGAATACCGAACTGAAACATTCACTTCACCTGTTACGGAGTTCTTCACACCCAGAACTTCTGTTAAACTGCCCGCATTCACCGTCCACACTGCTTCAGCACCGGATATCGGGATACTGCTTCCAACCTGATTCCCGTTCATGATAAGCCGAGCTTCCTTCTCTGCGATATCATCCTGAGTCGAGAACACGGGCTTAATAACAAGTTCACGAGGTTCCACGTTCCGTTTTGTGAATGCCAATTGAATGGGTGCCAGAATCCGGGGATCAGCACTTGAAAGTTCAGCACGACGGTTTTCTTCCCTTCCGTCCTGCGCTGCACGATTGGAAACCACGGCCGGCA
CP129493.1_gap44	1837143	1839224	2081	TTCGTCCCGTTAAATGCCATGTGCTCACAAAAATGAGCCAGTCCGTTTTGGTCGGCATCTTCAAGAACAGCGCCCGCATTAATCGTTAGCACAAGGTCGAGTCGCTTTTGTGGCTTATGATTCTCCACAAAGTAGAAAGGGATACCATTTTTCGTCTTCGCCATTTTAACATTCGGCGAAAGTGGAATTATGCCCGTATCAGTAATTGTCTGGCTTAGTACCAGGCCAGTTGTTAGAAAAAACAACAGCAGAAAGGATCCGAGTCGGCGGATTTGCATGGTAATCTCCGGAGGAAGAAAGTTGACTGCAAAGCTACGGGAGAACCCGTAAAACGATTTTTCTGTGAATTGAAAGGGGCTTTGACTTATGGCTTCGGAATATTGTCTATATTCGGAATTACTGCAAACCCTAGCCCCCTTCATACTAATTAAAATCGGGGTGCACGGACCTTGTCAGAATGTGAAGTTATTAATACTAATCGACTTTTTATTACGCACAAACAATGAGTACCGACACCCTTTATTCCATGGAAATTTCGGCGGACCAGCAGGCTTTACGCGAGCATATCCGCAGTTTTATTGAAACCAATCTTAAGCCGGTTGTAGGTGCGCTGGATGAAACCCAGGAATTCCCTGCCGAGATTTTTAGGCAGCTTGGTGACCTTGGTTACCTTGGCATCGTGTTTCCGGCTGAGTACGGGGGTACGGGTCTGGGTTACCTTGAATACGCAATAGCGGTTGAAGAGGTTGCACGGGTGTGCCCGGCTGTCGCCCTGGGTGTTGCCGCTCATAACGGTTTGTGCACCAGTCACATCTATCGGTTTGCCTCCGAAGAACTTAAACAAATGTATGTTCCAAATCTGGCCAGCGGTACCTGGCTTGGCGCATGGGGTTTAACCGAACCGAATGCTGGCTCGGATGCCGGAGGAACACAAACCCGCGCTACAAAGGACGGAGGGAGCTGGGTAATCAACGGATCAAAGAATTTTATTACCCATGGCAACGTTGGCCATGTTTGCGTCGTGATGGCAATGACCGATCCTTCGCGCGGAAAAAACGGCATTTCCGCCTTCGTCGTAGATAAAACCATGCCCGGCTTTTACGGTTCAAAAAAAGAAAATAAACTCGGCATGCGTTGCTCGGATACGGCTAGCCTGACGTTCGACAATGTTGTTGTCCCGTCCTCTCACATGATTGGCAACGAGGGTGAAGGCTTCAGGCAGGCCTTGCAAATCCTGGATGGCGGACGTATTTCGATTGCTGCACTCAGCGTTGGACTGGCGCAGGGGGCTTTCGAAGCTGCCACGGCCTATGCAAAGGAACGCATGCAGTTTGGAAAACGTCTGGCCGATATGCAAGCCATCCAGTTTAAACTTGCCCGAATGAGTATGGAAATCGATGCGGCACGTATGCTTACCTACAAAGCTGCGTGGCTGCGTGACCAAAAGCAACCGTTTTCGCGCGAAGCCTCACAAGCAAAACTCTATGCCTCCGAAACCGCTGTACGCACAGCCGAAGATGCTGTTCAAATTCATGGCGGCTACGGCTATGTGAAAGATTACCCGGTTGAAAAATTCTGGCGTGATTCCAAGCTGCTTACAATCGGCGAGGGTACGTCGGAAATTCAGAAAATGGTTATTGCCCGCAGCTTACTAAGCGACTAAGTGTTCAGCACTACTGTGCAGACATACTGCCGGTACTGTTTGTCTGTATAAGCTGTGCAACCAGGTAGGCCTGGTTTTGATTATACTCCGCCGTCATCTTCCGGTAGTTAACCAGGTCTATAATCACTCCAATAAAACAGAGTCCGGCGGTTAGAAAATACAAGATCCCCATGCCAACTTGGTTTAACATGATGCGGTTAATTCCAGCTACACCAAAAAAACCAATAAGCGTCAGGATTAAAATCATCTGCGGGTCTTTTCTGCGTGCTCTGTATACCATTGCAAACTGCTGAGCCTGGTCGTTTGTCATATTGGCAAACAGAGAGTTTACATAAACCAGCTCACTGTCATCCAGCTCAGGTAAGTACGTTAATGCATTTGCCATCGGGTCCCTCCCAAAAATCAATGAGAAAATATA
CP129493.1_gap45	1885359	1890093	4734	TTGGAAGTCTATCAGAGAGCAGTACCGTGGACAGCAACAGCACGCGAAAGAGAACCAACTCACCCATAGAATTGCAGACTCCTTTCTTCAAGAAGAAGAGCTACAAAGTACGCAGTGTGACAAGGCAATGGTCAGTGACTACCTTGTTCGTGCCGCTCTTGCGGAATACACTGGACTACCCAGATCATATCGGCGTGAGCACAACATCGAAGGCCGGATCGCTGACCTCAGAAAAGACCTTGGTACAATCGGGATTGAGGTCATAAGATCAATGGGTACAATCAGTTCTGAACCCATGGATATTGCCGAGATGGTTCGTACGACGGAATCTCGAATTCAAGGTCAATCGCTGGACCCAGCATTGTTCGAGTATGCGAGAATGTGCTACAGAACGAATGTCGACGCAACTCGTGAATTCGCCGAGGAACTGGTTCAGAAACATCCTTTGAGACACATCATGGGTGGTATGAGCTATTCAGCGGACGGTAGAGTGGTTGCAAAACGTGATGGTCTGAACGTTAACGACCCGGAATCCTACGTTCGCGCAATCGAAACAGAAACGGTCCGGCATTTTGGTCTTACTCTGGGGATTTCCGCGTCAGGATGTATCGTACCGGGACTGGAGGTCTTGCAGAAGGAACACAACATTTCCCTTGACTTCTGTCGTCGTCTGATGTCGCGGGCTGCGCTGGTGCCGCACGGAAGAACTGAAAGTTGGGCGAAGGGAATGTATCTCGGATTCAAGGGAGAGATATGTGAAGCCACCCATATCCTCGTGCCCCAAATTGAACATTGGCTACGATGGTTGCTACAAGCTTCAGGAGACGATACTATCCGTCGTCAACAGGACAGAACAGACATACAGTTGAGCATGGAGACAATGCTGTCCGACCCTATGATGAAGGAGATGTTGAACGATGGACTGTGGTTCGAGTTGAACTACTATTTCCTTAGCCCTCATGGAGCAAAACTGAGAAACAACCTCATGCACGGACTGATTGCTGATGATGAAATGAGAACCTCATTGTTCTACTCCTTCTGGCATATGTGCCTTCGTCTCGGAGTTCTGAGCCTCCCGATTCTAGAAGAGCCTTCCGATGCGTGAAGAGTTCTTGGAAGGTACCAAGCGTACGTTGGCCCTACGCGCTGGAGTGCACTGGAGGGAACCCGTCGATTCCGGGATCGAAGTAGCCAAGAATCTCGTACTTTTCGCGTAAGAATTTTTTCGGGCTTAGTCGTTGTCCACCAATCACCTACAGGGCAGTTTGGGGGAAGGAAAAGCACATATTTGTAGTATACAATACTCTCAACGGTCCGCGAGTACTTCCTTCTTCTCGTGTGATCAGTAGTGAATTTTCTATCAGAGAGAGGTGGTTATGGCCTACGACCTGCATAACGATTGGTCCAAGGTGGTCAAGGTTCTAGCGCGTAGCTACGAGCAGAGGAAACAGCAGACTCTTGGTGATCTCGTTTCCTACGAACGGGGAACACGAGGCGAACAGTTCGTTATCAAGACCTTCAACAAGGAAGGGTACTCGACGGCGAGTTACTACAGCAGGACCCAAGGAGATGTGTGGGCCATCGGTTCACACACCTGCCATGGCTATAGGGTTACCAGCATTGCTCTCGTACAGGTCAAGACCTCCGCATCCGGACAGTATCGCTTTCAGAATGCTCAGGCGGAACTCGGTGAACTCGTAGCTCATGTGCGGAATTCGTTGAAGAACGCGGATGGAACTGACCATCTTCCTAGAGTGCGTTCAAACTCACGCATCGTGGTAAGCGGGTGGTTGGCTTCTGTCGCTGACACCAAAAAATCCTGTTCCTTTGATAACGTAGAACTTGCTTCCGCTGCTGGTATATGGGCTGAGGGGGAAACCGAACAAAAGCTCATTCGAGACGCGGTTACTACGCTTGTGGGGAGAATTCTATGTTGAAAGAGGATTCCCAACTCCCTCCCTTGCTTGTTCGCGGGTGTCTTACTATCCTCTTCCTTGCTCTGGTAGTCGTCCTCATTGACCAGTACCTTCGGGGCTGGGTATGGTACCCACCCGATACAGTCTTTGAAGCCGCAGGAACACTTGTAGCGGCCTTGGCTTTCTGGGGTGTCGTTGCTACGGTTTCCCTCCAGAGCAGGGAGCTTGCTTTGCAGCGACAGGAACTGGCAGATACTCGCAAGGAGCTTCAACGACAGGCAAAGGCTCAAGAGAAGTCCGAACAGGCTCTTTCCGAACAGGTATCCGCTTTACACAGGCAAGCAGATGCGTTAACTGCACAGACCGCTGCGATCTCTCGACCGTACATCAGTGTTCGAATCCGAGTTCAACAGGATACTCTACTTATACTCGAAATCCAGAATACCGGAAAGTCACCCGCTCTAAACCTCACTATGACCTTGGACAAAGAGTTCCATATCATGGGTGTCACAGAATCAGAGAGAATCCCGGGCATTCATCGGGCATTCTCGTTTCACAATACTATCCCAGCTTTCTCCAATGGTATGAAGCTCCTGTTTCCACTAGCCACCGGGGACAAACTCAAAGGCTCTTCGCCTGACGACCCTCTGATACCCCTTGTATTTACGCTTACTGCTACATACGCATATGCAGGTCAGCAGTACTCTGAAGTTCATAGCATTGACCTGCGAATGTTCAACAACTCATTCGTTGAACAGAATTTTGAACTTGATCGCCTCACAGCAATATCTAAGTCCTTGGAATCGATAGCCAAGTCCACAGAAAGGATGTCGAAAGAGCCCCGATCCTTATCATAGCTTGTATTTGTAATCCTCTAACGCGCGTACGTAACGTACGAAATGCACATGCCTCTGACATTTCCGGAACGACAGTTCTTTGAAAGGTTGCTTCAAATGGGCGGTGGATACGTTCTCAATTTCAGTAACAACAACTTTGAGGAATTCTTCCGACTTGGGGTAGGTGTAAACATTTACGCTCCAGAGTACAACTATGCTTCCGGGTCAAAGGCCAATCGATTACGGGGCTTCTGGAATGTTGCACCCGACCACCTAGTTGGTAGAGCACTTAGGGGTTTACTTGACATGGTGGATGGTCTCAGCCAAGAGAGACGCGATCGTGCTATTGAAATCATAGTTCGTCTGGAGTCGCAACCTCACATCCCCGATCTTGATGCACTGGAGGTAGACTTTACAGATGATCTCTTGGAGAGACATGCTCAGGCGATTCGCCACCTCTTACAACAGTCAAGGGCAGATGAAGCCGTAGACCGAATGCACACCTTCACTGTATTGTACTTCAGAAACCTCTCCGACGCCCACAACCTACCCTACGACAGGGATGCCACCCTCCAGTACCTGTGCTCTGCCTATGTCCGAGACCTCAGGGCTGACGGAACCATCGAAACGGTAATGGGAGAACGAATATTGAGGAATACATTGTCAACGATGGATGCCTTTTCCAGCGTTAGGAATGACCACAGCATGGCACACGGGAACCCGGTTGTTAATGTCGATGAGGGTTGGTACATCCTCTCTACCGTACTCGCGACTTTCAAGTTCATCCGCAGTGTTGAACGACGCCGTCTGACGCGAAATAAACAATCCTCGTTAGACGACGTACCCTTCTAATTAAACTGCAAGACGGTATGCCTGACCCAATCATACTTACGATTTCGCTGCTCTCCCTGTTCATCTCAGGAACGACAGCTTGGCTGACTCTTTTCCGCAGAGGAACGGTGAAGATGACACAGCCAACGGTCATTTTCTTCGGTCCCGACGGCCGAGGCTCCGCTTCATCAGAAGCATCTCCAAAGGTGTTTCTCCGAACCTTGCTGTATTCGACCTCTAAGAAGGGATGAGTCATCCAGAACATGTACATCACCCTTTCCCGGAATGAGAGTCGGCAGACCTTCAACGTGTGGGTGTACGGGGATGACAAACTGGTACGCGGGAGCGGTCTATTTGTGGGAGAGACAGGCTTGGGGGTAAACCACCACTTCCTTGCTCCCCGGGATGACCATGGCTTCCGGTTCACGGCGGGAACCTATCGGCTTGAAGTATTTGCTCATCTCGTTGGAAGTCGGAAGCCAATACTTCTGTTCACCCAATCGCTGGAGCTTTCCCAAGAAATAGGGCGTGAGATGGATAGCCCCGATGCAGGACTATACTTCGATTGGGGACCTGACTCCTCACGGTATCACTCCCATCTCGACCGACGACCTGAAATGCCGCTCTCAAACGAGCTTCGAAGGCTCCTCACAGATCATGGGAAACAGTCCTAACCTGCACTGCTCATTCCTGCTTTGGAAGCCTACGTCCGACCCAACGCTTTCGTGTATCCTCTGACTCACGTACTCATTACAGTTATAGGTACACGTTTTTCCACAAGCAAAAACTTCACGAAGATCAAGACCAACGTCTGAAGAATTCCTCCCAGACGTGAGGAACGTCCTGCACGGTGTGGTCCATAAGAAGACGGTGGAGATGCCCCCAGCATGACTGAGGATCGAGGATGTCTCCATGGCGTCTTTGAAGTAGCTGCCTATACGTTCGGTCCTTCGCTCTCCTCTCTGGACGTTTCCCTGCCTCTCCGAAATTCCCCAGAATGGCCAGGGCCAAGGGACGCTCCGCAAGAACCTTGGTGCGGTTGCCCTTCACTTCTTCCACAGGCTTCGGAGATACCTTGTTCTTGTCGATACCGAAGAAGGTGGAAACCAACCGGGAGATCAGGTAGGAATACACCTCGGGCTTGGTCAGGT
CP129493.1_gap46	1930168	1931941	1773	ATGAAGATCTGTATATAATTCTTCAAACTTCGCATGGAGTTCAAAAAACCGATCACCACGAATATTCCAGTGAAAACCACGAACATTTTGATAAAAAACGGAATAATTGGCTAACAGTTCGTTTAATTCGTCCGCGATGAGTGTTGCCTTGGCAGTTGTAATACCAATCGTATTAGTTTTTGACATAAAATTCCCAAAAGAACAAAATGAAAGATTTTCGTATAACGTATCACGTAAACCGATGTTTGATAAAAGCAGCACATAAATCAGCCGTAGCACTGATTCCTTGTGTATGCGTTCGCTCAATCCCATGTGAACCGGAAACGCCTGGGCCTATTAAGGCTACCGGCACATCAATACCAGCTCTCCAAGCTGCTGTACCATCCGAACTATAGAACGGGTAAATATCAACAACATGGTCAATACTGTTTTTTATGGCAATTTGAATTAGGGCATTTGTTAAGGAGTAATCATAAGGGCCGCCCGAGTCTTTAGCACATATCGACACTTTTGTTTCAGTTCCGCTGCAGCCATCGCCAACAACACCCATATCAATGATCAGGAGCTCTTCGACTGAATCTGAATACCCCGCGGCTCCACCGTGCCCAACTTCCTCGTATGTTGAGAAGAAAAATTCAACCGGAAAGGTCCCGGCCATCAAATCCAATTTACCGGAAAGCTCAAATAATACCGCACAACCGGCCTTATTATCCAAAAAATGACTTTTTATATATCCGTTGCGGGTAACAACAACGCGGGGTTCAACAGCAATAAAGCAGCCGGTTCCAATACCCAGCGCACTAACACAATCGGCACTTGAACAGGTCTCATCCAGCCGAACATGCATATTGCTTATAGAACGTTCGCTTGTAGCTGCGTTCTTATTGGCATGGGCCGAAGGGTTGTTTAAAAGCAAGGTTCCGGTGCTGACAGTGCCGGTTCGACCATAAACGCGCACGTAACATCCGTCAAAGACTGGGAGTAAGGGGCTTCCCAAGGTAGATATTTGTAATGTTCCGTTGGCATTTACACCAGAAACGATGAATCCAAGGGTATCGGTATGTGCGGCAATACATAATTTGGGCTTGGGATGCTTTGAAACAACCAAAGCCCCTTTCCTTGTCCGTCGGACCGAATATCCCATTGAAAAAAACGACTGTTCGATATACGAAACAGCATTCTCGGTAAATCCTGTCGGAGAGTCAATATTCAGTAACTGAGTAAGCCAGTCAGTCGTAGGTACACTCATAATTTTAATCCAATTTCTAAACAACAAATCCAATTCAGCAGACAAATGTCACACTTACACCCTATTCAAACCAAACTTGCTAACGGAATTCCCGTTGTTGTGACCCCTTTACCGGATTCTCAGCTGGTGACGGTGTATGTAGGGTATTCGGTGGGAAGCAGGCATGAGGTACCCGGTTCATTTGGTATTGCACATCTGTTCGAGCATTTAATGTTTGATAATGGAGGTGATGGTACAAAAAAACAGTACGACAAGTTATGCACCAGAGTAGGAGGGTTCAACAATGCATATACCACATATGATTTTACAGCCTATCATATCACGCTGCCGGCACATGAGCTAGAACTAGGCTTATGGCTGGAGTCAGAAAGACTCCGTTCCTTTACTATTACGGATGATGATCTGAAGATTCAGAAAGGAGTTGTTACTGAAGAAATTAAACAAAACATATTAAATCAACCATATTCAGGATTACGGTCTGAACTTGACAAGATAGCGTACTCACACGATCACGGCTACTCAAA
CP129493.1_gap47	1958377	1961375	2998	GTGATGAATCGGGAGATTATTACGCCGCCGGCCGGACATTCGCTGCTTCCAGGGATTACTCGCGACAGTGTGATAACGCTGGCCAGGGATCTTGGGTATCGAGTATCTGAACGCAACATCTCTCGAGCTATGCTTTATACAGCAGATGAGATGTTCCTGACCGGTACTGCTGTCGAGATTACACCAGTCAGATCAGTCGACCGAATTCCGGTAGGCTCAGGCAAGGTTGGACCAATTACCCGGTCAGTTCAAAAAGCATTTGGAACTATTATTACAACAGGCAACGACACCCATGACTGGCTAACATTTGTTGATGATGTTCCATATAAGAAAACATCGAAAACACGCACCAAGGAAAAGAAACAACATTGATTATTAAGGAAAGATCTATGGCAAAATCAGCTCCCAAACAGGATTCGTCGGTAAAGAAGAAAAAAGCACAGGCCGCACCCTCCAATCAGCAGTCAATGACTGTGAAGGCTAAATCGCCCAAACAGCAATTGGATTCCGGGGATGCATCATCCCCAAAGCTGTTCAACATTACCGGATTTGACAAAAAAACTCTGCTGGAATGGTATAGAATTCAGCATTTGGGCAGACGCTTAGATGAAAAAGCTGCCAACTATCTGAAAATGGCCAAAGGATGGTCGTATCACGCCCCGTTCGCCGGACATGACGGAATACAGTTGGCATTGGGTAAGATTTTCCGACCCAACGTGGACTTTCTCTTTCCCTATTATCGTGACATGCTGACTTCTCTGGCTGCCGGAGTCACCGTTGAAGAAATCATTGCCAACGGCCTTAGCAAGGATGCAGATATTGCCGGTGGCGGTAGGCATATGAGTAACCATTTTGCTAAAAGCTCTATCGGAATTCAGAACACCTCGTCATGCACAGGAAACCATTCGCAGCATGCAGCAGGTACGGCCAGGGCCATTAAAAAGTATAAAGGCAGCGAAGTAGTATACTGTTCAACAGGTGACAGTACAACATCAGAAGGATATTACTACGAAGCAGTCAATGGCGCAGACCGTGAAAAGCTACCCGTAATCTTCGTTATTCAAAACAACAAGTATGGGATTTCAGTACCGGTTCATGAACAAACCAGTAACACGGATGTTTGCGACAACTTTTCAGGGTTCCCTAATCTGAAGATTATCAAGTGTGACGGCAGAAACCCCATGGACAGTTGGCGTGCTCTTGAAGAAGCTCGGGAATATGTACTGTCGGGTGCAGGACCCGCCATGGTGCATGCAGACTGTGATCGCATTGGAAGTCACAGTAACAGTGATAACCATGAACTGTACCGGCCAGAAGAAGATTTTACGGCCATGGCTCAGCGTGACCCGCTTCCTCGTATGCGTGCAACACTGCTTGCGGCCGGAATAGCAACCGAAGCTCAACTCTCGGCCATCGAGGACGAGAACAAGAAAGCGATTTTTGCTGCTGCAGATGCAGTTGAGCCCCTTCCCGACCCTGATCCACAAAGCTATTCTGAATTTGTTCTTCCAGACCCGATAATCGGACTTGATGATCAGAGTGAATTTACAATAAAACCTGCACCGGATGCACAATTACTTACACTACGTGAAGCCATTAATACTGCTCTTCACGAAGAATTCCGCCGGAACCCAAATACATTTTTATTTGGCCAGGACGTAGCATCATTTAAAAAGCAAGGCATATTTAACGTCTGCAAAGGCATGCTTGATGAATTCGGCAACGACCGGGTTTTTAATGCACCCATTGCCGAAGATTTTATTGTGGGTACTGCAAACGGTATGACGCGATACCGCGACGATATCCGTGTTGTTGTAGAAGGTGCTGAATTTGCCGATTACTTCTGGCCGGCAATGGAACAGCTCATCGAGTGTACGCATGACTACTGGCGTACCCGCGGCCAGTTTTCACCCGCAGTGGTAATCAGGCTTGCATCAGGGGGATACATCCAGGGTGGACTTTATCATTCACAAAACCTGGATGCCACCTTCACCACCTTACCCGGATTACGTGTTGTAATGCCAGCATTTGCTGATGATGCAATCGGACTAATGCGAACAGCCATTCGTTCCCGGGGTACAACAATGTACCTGGAACCCAAATTTCTCTACAATTACCGCCCAACATCGGCTCAGCTTCCACCGGAGGGCTATATGATACCCTTTGGCAGAGCCCGCGTGCGCCGTGAAGGAACACATGCCACTATTGTTACCTGGGGCAACGCTGTCCACCTGAGCCTACAGGCAGCCGACATCCTTGCTGCCGAAGGGATCAGCCTTGAAGTAATTGACCTGCGCTCACTGGCACCCTGGGATCAGGAAATGGTCTGTGAGCACGTAAAAAATACAGGTCGATGTCTGGTAGCTCATGAAGACAAGGTGGTAGGGGGCTTCGGCGGCGAAGTTGCCGCAACGGTTACCGACCAGCTGTTTAAATATCTGGATGCTCCGGTTAAAAGAGTAGGCAGCAAGTTCACACCGGTAGGCTTTGCAAAAAACCTTGAAAAAGCTATTCTGCTTTCTGTTGATGATATTCTGACTGAAGCCAGGGCACTTGTAGCATTCTAAAAATCCAATGAACCTCTCCTTAAGGCTCCCCTTCATCTGCTGAATGGGAGCCTTTTTACATTTAACAGTTGAACCCTGGGCTCAATAAACCGGTTTTTCTTTCCACACGCAATTTTAAAACAAGTTGTGAATATGGCTTCACACTTATGTTAACAACAAGAGTAAGCTACGGTAAATCATAAGGTTGACTGCTAAAAACTTTGTTTGTATGATAACCATCAAAACGATATATTTGCGCTTCCAAACCGAGGGCAAGGTGTGCCTATCGGTTACTTTGTAGTTTATTAAAGACATGACAGAAGATATAATAGAGCAGCAACCTGCACAAAAAGAATCGTTGAACCAGCCTGCGTGGCTTACTGCAGCGCAAAAGCAGTGGAAGCTGTATGCAGGCATTGCCTTAGTATTAACGCTGATCATTGGTGGTTTTT
CP129493.1_gap48	1967160	1970584	3424	GTTATCAATCAATTGCAATTCGTAACTCCCCGGCAGATACAACGCTGGATGAGGTCGTGATGGCTCGTCCGCAGTGGATGTCTAATACATTCATGCGCAAGTATGCCGACCCCGCTACCCCGGACGTATTTGCAGAAGATTTTACAAGTGCAGGGAAGATCGATATTCGTATCGATGGTAACCAAGCACGCCAACTGTTGCGTCCAACCAATTTTGATAACGGTGGTAACCCGTGGCACGATGACTTGAACACTGACTCGCTGGTTTCGATCGTTGTCAATGACGGTCATGGTGGTATTAACACACTAACCCGTAGAGTGTTTGTTAACGTTCAACCAAAGATTGTTACGACAAATCTCGAAGACGCAATTGAAGACCTCGACTACAACATCGAGTTACTTGACTCTTCACGTCGTATCAAGGTATTTGATCCGAACTGGGGTCAATCACACACGTTTGAGCTTATTTATCAAGATGATCAACGTGACTCGATTGCAATAGACCCGTACTTCCACGAAGCTGGCTTCATCGTTCTTGACAGCACACGTAAGACTACACCAAAGTGGCTCAAGATCAATGACGTAAGCGGCCTCCTCTACGGAACGGCACGAGTAACAGACCTCCCGTTTGAGGACACAACTGTTCAGGTTACTGTTCTTGTTCGTGACGCTGGATATTTAAGTGACATCACTACAATTGACCTGCGCGTTCAAGCTGTTAATCACCGTCCTGACCTCTTCTCATCACCGATCTTAAAGTGTGTTGACCTTGGAAAGGCTTACGAAGACACAGTGTACGTAACGGATCTTGACCTGAAGCGTAAGCAGGCCGATAACGAACAACTTTCGTTCGAGGTACTCGAACCACTGAGCAGCACCTGGACCTTTACGCCGAGCACACTCAGTAGTCCTGTTGCAGATACTCAAAAGGTCGTGATATCGACAACAGCATTGAATGGAACACCTGTAAATGGTCGGATTACGATTAAAATTCGCGTTACCGACTCGCATGGTGCTGCAGATACGCTTGTTTATAATGTTGCTGTTTCCGATGAAACACGATTTACAGCCAACGTGAAGGTCCGCAACAATCTTGGTGCATTCCAGAACCTTGTATTTGGACTTGGTGGCGCCAACCCGGCTACACGTGGTGACGAAGATGGCTCGTTTGGTCAACTCGACTCGAACTACTGCGAATACGAATTACCACCGGTACCATACATCGACGTATTTGATGCTCGCTGGACGGTTCCGAACAGAAATGGTATTCTCCGTAACATCTTCCCATTCAGCTCTACGCCTGGCGAAGCAGTATATCGTGCTCGCTTCCAAGCAGGTGGTGAAACAGGATCAAGCTCTGCATACTTCCCGGTAACAATTTCATGGTGTCGCGACGAGATCCCGGCAACAGACGCTACCAATCCTGGCAGTTACTGGATTCGTGACGATATCTCGAATGGTGCTCTCTTTAACTTCAACATGAAGACTGGCGAGGGCCGTTCGGCAGCTGACATTCTTCATAAAGAAGGTCAGTGCGATACGCTCGTCATCAGCCGTACATCGATTGGTGGATTCATAATCGTTTATGACTACACAACCGGTGTAGAAACAGACGATATGACAATCTCCAATATCCTGACTGTAACAAGTGCAAAACCAAATCCGTTTGTATCCGAAACATCGATATCCTTTAACGTACCGGTGGCTTCTCACCTGACGGTTGAAGTATTTGATGCAGTCGGCTCACACGTGGCTACACTTGCAAACCAGATGTTTACAGCGGGTCAGCACTCAATTGATTGGGATGGTACCGCAAGTGGTGCTGCTGTAGCCAACGGAATGTACACTGTACGTATCTCCGATGGAACAAAGTCTGCTACGTACCAAGTTGTAATCATGCGCTAATAATCAACAGGGGGCTGTTAATTCACAGCCCCCAATTCCACCTACGAAAAGCAAATAATTGAAAATCACGAGGTTAAATATGAACCGACAGATAAACATTGCAATGGCAGTGGTGCTCTGTATGATCACATGCGGCGCGGTGGACGGTTTGGCGCAACAGATTTTTAATCAGTTTCACCAACCCGAACTTGTTGTAGGCCGTCCATACAGAGATTTATACCTTTGCCCAGTTTCAGTAGTAAACAAGAATGTGATTCCACCTGCATCCTTTGTTTTACCGCCTGTAAATACGAATAATTTGGACGATGGGTACGCGACAGTCCAAATGCCTTTTACATTTAACTTTAACGGCACGAGTTTCACTCACCTATATGTGAGCGTAAACGGCTTTGTTACGTTCGACGGTACAAAACTGTTGCCTGCAAAGCAATCGGCAGGACTCTTCATCAACTCGGCATCGTTTCCTGACAATGTGCTTGCTCCGTTCTGGGGTGATCACAGACTTCGTACTGCCTCGGAATTCCTCCAAGGGTACATGCCGTCAGAAATCAGCTGGGCTTATGATGTGGACCGTGACGAAAACTGCGACACCATTCAGCCTGTTCGCAGGTGCATGATAATTCAGTGGAAGAATCTGAATATTAATGATCAGTCAGTCAACTCTTCAGTAGGCAACTTCCAATGCCGCATTTACGAAGGTGATGCTTCAACCAATTATCAGGGTGACATTGAATTTGCATACGGTCAAGTTGGCGGAAATCCGCATACCACAAACACAATCGTTGTCACCCGTGGTGCAACAGTTGGTATCAAGGGTAGTGGCGGATTCCCTGGTTATCTTTCCGACTTCTGGAATGGTCTCGTGTGGTCGCCACAACTTGGCGCAAACATGCGTACCGACAGTACAACCCGTTGGCAGCCATCGGATGGCCGCTCAGACGCTGTTATTCGGTTTGGCTCCATTGTGTACCTTTCGTTTGATATGTGGGGTTATGGCGATGCTGATACCTCAGCAGCCCGCAATCAGCGTCACGAAGGTATGGCCCAAAACCGTCGCGTAACAGCCAACGATGCCCGGGTTATCATGCGTTCGATGGTTACAAAGAAGTGGCTTGACTCTGTTTGGAAACGCCAGGCTTATCAAGGTGATGTAAACCATAGTGGACGTTACTACTACACGAAGCTCACTCGTGATTTCAGTACTGATTCACTCGACGTTAACGGTGATATCGTAATCTGGCGCAGAACCATTGATGTTGACCAGTTCACTGGTAAGCAGGTACTTCGCGTGATGCACGAAAGTGAAGGTCTTTATGGTTTAGGTGGTAAAGCTCCAGACCTTAGTGCACTGAATCAGATTTACTATGAGGTAACCGAATACGATGCTGCATTAATCATGCGCTACATCTCGGGACGTTTGCCCTACCTGCCATGGATTTACGATAATGACACCACAGGACCTGACTTTGGTAAAATCAGTGGTAGTGTTGCAGCAGAGAACATTCACTTCGGTGTTCCTG
CP129493.1_gap49	1988654	1992647	3993	GTATTGCTGCCGGTGCGTACCGTTGGTGTAATGGGTGATGAACGAACCTACGAACACGTTTGTGCGTTGCGGGCAGTTACCGGTGTGGACGGGATGACTGCCGACTGGTACCACTTTCCATACCAGGTACTGGCACAAATCAGCAACCGCATTATCAACGAAGTCCGTGGCATTAACAGAGTGGTGTATGATATCTCGTCAAAGCCCCCTGCCACTATCGAATGGGAGTGATGATGAACTCCATTTGGTTTCATCTGCTGGTAAATCACATACCGATTGTTGGTACTGCGATTGGTTTGGGAATTGTAATCGTTTCACTTCTGCGAACGAATAAAACGGTACGTCGTGTTGGGCTGATCGTGTACATTGTTACCGGTCTGATGGCGTATCCAGCCAACTTCAGCGGTGAAGCAGCCGAGAAGGTATTGAAAGGGGCTAAAGGTATCAGTGCCGATCAGATTCACGTTCACGAAGAGGCAGCGCAGTTGGCCCTAACACTTACTTCGATGACTGTTATTCTGGCTATGCTACACTTATTTAACATGCCGCCATCACAAAAACTGCAACGGTACGTGTTCAGTGGCATTGTCCTGATTGGAATAGCATCACTTTTTCAGCTGGTAGTTACCGGTCACGAAGGAGGTGCGATTCGACGTCCCAACCTGATCGGACCAACTCCACTGCATACCGTCATATTAAGGAGTACTGATTAACAATGACCTGCCTGGTACCAATCACAAATGGGTCTGACGCAATGGAGGCCGTGATCATCATTGATATGATGAGGAGAGCCGGAGTCGATGTAACTGTGGCCGGTGACGGACACCTGATTACGTGTTCGAAAGGAGTTCGGATAGTGCCTGATACTGCGATTGACGACTTGGGTGAATACGATGATTTTGATATTATCATTCTTCCCGGTGGCAGGCAAGGAGTACAGAACTTCCTCGCAAACGAGTCACTGCGTCAGCTTATCGTTAAACACCGTAACGCAAAACGTCCGCTTGCAGCTATCTGTGCAGCCCCATTTGTTTTACACGAACTCGAGCTTCTGAAAAGTGGCTCAAAAGTCACCTCGCACCCAACGCTCGAACATGAGTTTACCGGCTACAACTACGTTACTGATAGAGTAGTTGACGAAAATGGAATAATCACAAGTCGCGGAGCAGGCACGGCATTTGAATTTGCTTTGGCAATCATCAAGAAATATGTGGACGAAGGAACTGCCCGGTGGCTGTCAACTGATATTGTATTGTACGAATGAAACGATATTTAATAACATCTGCCTTGCCCTACGCAAGCGGCATAACACACCTGGGAAACGTGGTAGGAAGTACGTTGCCTGCCGATATTTATGCACGGTATTGCAGACTTCAAGGACGTGAAACTCTCTATGTGTGCGGGTCCGACGAATACGGAGTTGCAATTACGATAGCAGCCGAGAAGGAAGGAGTTACACCATTAGAGTTAGTAAACAAATACCATACAGCTAACGAAACTGCACTGCGTGCTATTGGAATTGACTTTGACGTGTTTGGCAGAACAACCGATCCGCTCCATGCCGAGACAGCAAGGGAGTTCTTTACAACATGGCTTGAAAAGGGGCTTTTGGTAGAGCGAGATGACGATCAGTTCTACGATGAGCAGTCAGGAATATTTCTGCCCGACCGGTACGTAGAAGGAGTGTGTCCGAATTGCGGTTATGATAAAGCACGCGGTGATCAGTGTGATAGCTGTGGAGCATATTACAACCAACTTGACTTAAAAAACCCGCGTTCTGTAGTATCGGGTCAGACACCCGTAGTAAAGAAAACCAAACACTGGTACTTTAAACTCAATGAATTCCAGCAGTGGACTGAACAGTACATCGAGCAGCACGCCGGCGAGTGGAAGGACAATGTTCTTCAGCAAAGCAGATCCTGGCTAAACCAGGGCCTTGCTGCACGGACGGCAACAAGAGACTTACAGTGGGGCATTCCCGTACCCGTGGAAGGTGCCACCGGTAAAGTACTCTATGTATGGTTTGAAGCAGTTCTCGGGTATATATCAGCAACTAAGCGATGGGCATCAGACAAAGGTACTCCCGGTGAGTGGGAGAAGTGGTGGAAGGACTCCAATACGCAGTACACTGCATTCCTGGGCAAGGACAATATTGTATTCCACACCATCATATTCCCAATCCTGCTGCACACCAGAGAAAACGAAGGTTACATTCTGCCGGAAGCGGTACCTGCCAACGAATTCTTGAATTTGGAAGGGAAGAAGTTTTCGAAGAGCAGGAACTGGGCAATTGACGTACAGCAGTATCTGGCTGCATTTCCGCAGCAGGAACATGTAGACATTTTGAGGTACGTACTTACTACCAGTATGCCAGAGACCAAGGATAGTGATTTTACGTGGCGTGACTATCAGTCAAAAGCAATCAATGAGTTAGCCGCTATCCTGGGAAATCTTGTGAACAGAGTTAGTTTATTTGTTCATAAAAACTATAACGGTGTTGTTCCCGAGGGAACGGTCGTATCAGGGGAACACGAAGAAGTACTTCTGCAGGCCCTTAAAGAAGCAACACAGGCTGCGGGAGACCGGCTGGATACATTCCGTTTCCGTGATGCCGTCACAGAAGCCATGAATGCAGCCAGGGCCGTTAATAAATATTTTAACGACAAGGCTCCCTGGAAGGCAATAAAAACAGACCCTTCAGATGCGGCCGCTACGCTGAAGAGATGTCTGGAAGCTCTTGGCACAGTATCAGTGTTAATGGCACCATTTACGCCATGGGCTGCTGCAAGTATTCAGAACATGCTTGGTCTTGAGGAACGCATCGGAGCAGTTGGTGAAGATATTAAGAATGTTTGGAGTGAAGCATGGAAGGTGCACCTGAACCCGGGTGACACGGTTGGGCAGCCCGACATCTTATTTCATCGGATAGAAGATGACGTAGTACGCCGGCAACTGGAACTGCTTACCGAAGCTTCGGGCAATACAAACAATACCAACGATACTGCAAGCTCGGAATCCATGCTGATTGACGTTGATCTGTTTTCGAAGGTTCAGCTCAGAACTGCAGAAATTTTGGAGGCGGAAGCCGTACCGAAATCAAAGAAACTCTTAAAGCTCCAGGTCAGGATTGGTACCGAACGCAGGCAGATCATTGCAGGAATTGCGCAACATTACAAGCCCGACAACTTAGTCGGCAAGATGATTGTAGTGGTTTACAACTTAAAACCGGCCACGTTAATGGGTATGGAATCACAGGGCATGGTGCTGGCTGCAAGTAACAGCGACGGATTTCTTACCCTGATTGGTCCATCGGATACAGGAGTTGGTGCCGGTGCAGAGGTACGGTAAATGGCAAATCCTAACATCGGGCCAGAAAAAGATCACGAACCGGAGCAGTCGTATCTGCCCGGTAAGGAGCCAACCGCCATTGTTAAGCAGCGCCGGCTGATTAATAGGTGGAGTTTATTTGCTCTTTTCTTTATCAGTGCATCCGCTACGGTTTTGTACGTTAGTAATGTAATCGCCGTTAATAAACTATCACAAGAAACCGAACAACTGCGAAGGAATGTGGACTCATTGGAGACGTTAAACAAAAGTCTGCGTAACGAGACATATCGTCTGCAAAGCTCAGAGCGTGTCACAAAAATTGCAACCGAAAAACTCGGCATGATTCCCCCACAAGAGGCACCGGTAGTATTGCAGCCGTGAACAGTGTAAACGCATACGATCCCATACGATGGCGGGCGGGGCTGATTAGTGCCATTTTTGCTTTTGCATTTGTTGTAATCCTGGGCAGACTGTTTTGGGTTCAGGTGCTTGATAACGGCAAGTATCGTGACGCCGCCCGAAAACAGTACGAAAGCAAGGTTGAGCTTCGGGCTGAAAGAGGAAGTTTGTTTGACCGGAACAACAGAGAAGTTGTTGGGATGATCCGCACTACATCGTTTGCGGCTGACCCCGAAATGGTGAAACACCCCGAGACAATTGCACAGC
CP129493.1_gap50	2083921	2087900	3979	ATTATCAGCATCGAAAATCTGAACTACCGTACAGCCATGGACTTCTGCCAGGCCGTGAATTTCCTTGCCCATGGCTCCGTAGCCGATCAGTGCAATCTTCGTCATCAGGCTATCACCCTTCCTTCTTCAAGACGTACCATGGTGGCATTCGGGAATGCTCCGGTCAAAGCGTCGTTATGCGAGCTGACAACCATGCCCATTCCGGCTGAAATACGCTGATTCAGGACATCAAGTACCCGTTGTGCAGAGTGTGAATCAAGCATGCTCAGTGGTTCGTCTGCAATAAACAATGTTGGATTCGTGATTAGTGCTCTGGCAATGGCAACAAGCTGTCGCTCACCGCCCGAGAGCTGCCCCGGCAGTTTTGTACGGCAGTGACTAACGCCCAGGAGGGCAAGGAGTTCCAGAGCGGTAGCGGTTGCCTTTGCGGCATCGTTATTATGGGTTGCACACGGCATGAGAACATTCTGGAAGGCCGTAAGCACACTGTTCAGATATGAGAACTGGTGCACAATGCCAATTGCCTTTCTGTGGGCCTGTAACCCTGCTGACCGCATTTTTCGGGTAGATGTCCCGTTTATGGTAACCGTACCCATCGTAGGGATGATATCAGCCCATAGCAGTCGTAGCAGTGTTGACTTGCCGGAGCCCGTGGCACCGGTAACAAGAGTAACTGAAGGTGCGGTAATTGTCAGGCTGACACCGCTGACCGAGGCAATGCCGTTGTGGGTTACCGTGACATTGTCAACCTCAATCGTCATACACCCGCCTTCATGGGTTCCGGCACAGGCTTCCGATTACCCATCAAAATTGCAAGCGGTGCGGTTGTTTCGAACTGCTCCATGGTAGCTTTTACGATTGCCATTATTGGAACTGACAAAATCATGCCAACAACACCCCACATCCATCCCCAGAAAACTAACGAAAATAAGACGACAACCGGACTCAGGTCGAAGCTTTGTCCCATGGCCCGTGGCTCCAATACATTCCCAACCAGGCTTTGAAGTACTGCCAGAACTCCAACGGCAATCAGCGTCAGTGCGGGGTCTTCGTACTGAATAAGCGATACAATACCAGGCAATACAACGCCTACAACCGAGCCGATATTAGGCAGGTACGTAATGAAGAACGTCAGCAATGCAAAAAGTGGTGCAAAATCAATATTAAAATATATTAACACACCATAGGTTATTCCCGCATTAATAACGTTAAAAAAGGTTTTCACTCGCAGATACTTCAGCACTTTTGCATTTACCTCAGTAGCAACTTTTTTCAGGTGCGCCGCATTGGCCCTATCGAGTGCGGCATCCATTTTCTCGTTAAACTTAACCGAGCTTACGAGCATGAAGATCAGGTATATCAGCACCAGGATGGTATCGCCAACGATGCCGACCACTGACCCAAGAACCTGGCTTGCTGTTTTGATGATAGTATCCTGGTTTATCGAAAAGTTAGCGGGATTCAGGAGTTCTGTTCCACCCGGCATATTTTGAATATAGTGCTGTGCTTCCAATACCATACGCTGAATTTTAGCACTGTATTCGGGTGCCTTTGCGTTTACAGCATCCACGCCAACTGCCACAATCGAGGCAATGCCCCAGATAGCGCCGCCAGTTAGTGCCACCACGATAATGAGTCCAATCCACGACGGTAACCGCAGTTTTTTTACGGTATGGGTAATTGGCTGAAAAAGAATAGCAAAAAAGATAGCCACAACCAAGGGCAGCAGCAGATCTCTGACAAGATACCCTGCTGTGATAGCAAGTGCCGCACAGATAAACAGCAAGGCAGCATTTCGGCTTCGAATGGTTGCATCCATACGGCAAAATACCCAACAATGGTGCCTATTTTTGCAGCCCCTCCATCATAATTTTCACATAGGTATCGTATGAGCAAGCCAATTTCTGAGTTTATCGAGAATAACTTCCTTCACTTTAACGCAGCCGCACTGGTGGATGCCGCCAAAGGGTATGTACGCCACCTTGACGAAGGTGGTAAAATGATGATAACCCTGGCAGGTGCGATGAGTACGGCTGAGCTGGGTAAGACGCTTGCCGAGATGATCCGTCAGGACAAGGTGCAGATCATTACGTGTACGGGAGCAAATCTCGAGGAAGATATCATGAACCTGGTGGCGCACTCGCACTATAAACGAGTGCCTCACTACCGTGATTTATCGCCGCAGGACGAATGGGCCTTGCTCGAGAAAGGGTATAACCGCGTTACAGATACCTGTATACCGGAGGAGGAGGCATTCAGGAAAATTCAAAAGCACATTGTTAAGCAGTGGAAGGGGGCTCAGGATTCGGGTGAACGCGCCTTCCCGCATGAGTTCATGTACAGGATGCTCCTAAGTGGCGAGATGGAGCAGTATTACGAGATCGACCCCGCAAACAGTTGGATGCTGGCAGCTGCCGAAAAGAATCTGCCCATCATCGTGCCGGGGTGGGAAGACAGTACCATGGGCAACATCTTCGCGTCATACTGCATCAAGGGAGAACTACTGCCAACAACCATGAAGAGCGGGATTGAATACATGATGTGGCTGTCTGACTGGTATCGGAAGAACTCATCAGGCAAGGGAGTGGGCTTCTTCCAGATTGGCGGCGGTATAGCTGGTGACTTCCCGATTTGTGTGGTGCCGATGATGTATCAGGATCTGGGATGGCATGATGTACCATTCTGGTCGTACTTCTGCCAGATTTCGGATTCCACAACATCGTACGGTTCGTACTCCGGTGCTGTGCCAAACGAAAAAATCACGTGGGGGAAGCTGGACATCACCACGCCGAAGTTCATCGTAGAGTCCGATGCTACAATTGTAGCACCGCTCATTTTTGCCTGGATTATGGGTTGGTAAGAGTTCCTACTTACTGAATTTCACGTGGTCAGAACCCTGGTAAACAATGTAGGTTCCTTTCGGCCATGCTCCGGTTGACAATATGCAAACGTTGTCAACAGGCATGGTTGAAATCATCCGTTGTCCGTTGATGTTGACAACGGTAATCGGGATTCGGGGAGTACAGTTGGTAATGGTGACGGCTTCTGCGTTTGGTGAGTAAGAAATTTGCAGCCGGACAGCAGTAGGAATGCTGACACCTGCGGGCGTATCATCAAAGGCCAAGTCAACATAAACCGGTAAGTGATCAGAAACACACATTAGCGAATAGGCCATGCTGTTACCGTATGTAGTGTTTTCGGGTTCGTAAATCGATGAGTTGAGCCGGGAAACCGAATCATTCCCAAAGGCAGTATAGCTGTTGGGCACAAGATGTTCCGACAATTCGGAGCTTAAAAAAATGTAATCAAAACGGTCGTCCATGCCACCGGTGGAGCCCACGGTGCAGCCCTGCGGATTTTGCATTCGGGTACTTTGGGTGTATATCCATGAGTACGTCGATCTGTCACGCTGCCAGTCGGATCCCAGCGGGTCAACAAACACTCTGCCCTGCTCGGGATTTGCCAGAAGCTGGTACGCCCTCTCGGTTGGAGAGTAGATATTTAAGTCACCGCACACCATGGCATACCGGTTGTGAGTAACAGTACTCTGAAATACCTCGACCTCGGCGGCACGCCTGCCGGCAGCCTCTTCGTCGCGATTAGCCTTTAAGTGCATACTGTAAACAACGATAGTATCCGGCAGAAAGCCGGGAGCAGGGATGCGTTCAAGGGTATATTCTGCAATGTTTCGCAGAGCAGTGGGTATGGCGCGCTGGCTGATGAACCTGACCTTTGTGTTGTTGTAGAACAGTTGATTATCACTGTCGGGTCCGTCCACAAAGGGTGTTGCAGAAAAGGGTTCCCAGGTAAGGACGTTCGAGACAAAGTGGGTTGCCATGTTTCCGGCCGTGACCTCCGAGCAAACCAGGATGTCCGGTTTGATGGCTTCCAGGATGCGCTGAAAATGTTCTGTCCGCCCGTTATCGGTATTCAGGCTGTAGTTCAGCACGTTATACGTGCATATCCGCAACGTGTCGGC
CP129493.1_gap51	2122917	2127338	4421	GCCGGTGTTTTTACAATGCATGGCGGACATCCCGTACGCAAGTCCACAGGCGAACATCCTGCACTCGACCTCTCGGTGACCAACTTTGTTGTGTATGAGTGGATTGCCATTGCGCTGATTTCCACTCTGTTTATCCTTGGCACACGCCGATACCGTTCCAAACCAAAGGAAGAACCCAAAGGTCTTCAGAACCTCCTGGAATCAATTGTGCTGTACGTACGAGACGAAATGGTACGTCCGAATGTTGGTACCGACAAACGGTGCGACCGGCTGATGCCCTACATCACCGGTCTGTTCTTTTTTGTTCTGGTGCTTAATCTTTTTGGTATGCTGCCCGGCAACCATGCCGCTACAGGCGCTCTGGGACTCACCGGCGCACTTGCTCTGACCGAACTCGTGGTTGTTAACTTTATTGCCATTAAGGATGCCGGTATTAAAACCTGGCTGCTGCACCTGCTGGGCGGGGCACCCTGGTACATGGCCCCGATCATGGTACCGATTGAAATCATCTCGATGTTTACAAAGCCATTTGCCCTCATGATCCGTTTGTTTGCAAACATGACGGCCGGGCACATTGTTCTGATAGCGCTGGTTGGCCTGATTTTCTACTTTGAATCGTATGCTGTAGCACCGCTCAGTGTTGGTTTTGCAGTATTCATCAATCTTCTTGAACTGCTGGTGGCCTTCCTGCAGGCATACATCTTTGCCATGCTTACCGCCGTTTTTGTTGGCCTTGCCCTGGGCGAACACGTTACCCACGACTCACACAAACACAATCACGACAACGAATTAGCAACAGTACATCCACATTAATACACTCAGGAGAATAACTATGGAAGCAGTCGCATTTGCATGGCTCTCAGCCGGTTTAGGCGTTGGAGTCACGGTTTTCGGTGTAGGTACCGGTATCGGACGTTTGGCCGCAGCCGCCCTTGAAGCCAGCAGCCGTCAGCCCGAAAATGCCGGTGACATCCGTACCACGATGATCATCGGTGCAGCACTTATCGAAGGTGTTGCGCTTCTGGCAGGCGTTATCTGTATTCTGCTCGCACTGAAAACGCACTAAAGCTTGTACCCCGCGTACTGCGCGGGGTCTAAGTCAGTGTGTTCTGCGGCAATGTGTGGCCGGGAACACAGTGATTTAGCCCCCTGACAAATAACTGTTAAACTTACTGACTACGTTTATGCCAAATTTTCTGAAACTTGACCCGGGTTTGGTGTTTTGGACACTGGTGAACTTTGGCTTGTTTGTGTTCATCATCGCAAAGTTTGCGTGGAAGCCGATGAAGGCCGGTCTGGCAGCTCGCGAGCAAAGCATCAAGGATTCGATAACGGCTGCCGAAAACGCGAATGCTGAGGCACAGAACATTTTGCGTGAAGCAAAAGAAAAGATTTCCGGTGCTCAGGCAGAAATGATGCAGATCGTTCGTGATGGGAAGTCGCAGGCAGAAGAGCTGATCCGAAAAGCTACCGATGAAGCCGATGCGGTGAAACATCAGAAATTGGTAGAAGCTCAGCGCGAAATCGAACGTGAGAAGGATGAAGCGATTGCCCAGCTTCGCAACGAGATGTCAACACTGGTTGTTGAAGCCACCGAAAAACTTCTCGGGCGGACGCTGAAGGACGATGACCATAAACGAATTGTTAACGACTTTGTTCAAGAGATCTCCAAGAACTAACCTATGTCTGTTGTTGCCATTGCAAAACGGTACGCACACGCCCTGCTCATCGAAGCAAAAAAGACGCAATCGGAAGATGTTCTGCTGAAAGACTTTGCGTTGATTAACGCAGCCATCAGCCACTCTGCAGACCTGCGAATGCTGCTGCGGAGTCCCATTATCGAGTCATGGCGCAAAAAAAACGTCATCCGTGAAATTTTCAACAGCACTGTCTCGGAACTGATGCTAAAGTTTCTGCTCCTGGTGGTTGATAAACGACGTGAACAGTTTATTCCGGAAATCGCCACGGCCTTTTCTGAACTGGTAGATACCGAACGCAATATCACCAGAGTGGGGGTAACAAGTGCTCACGAGATCGATGCCGATTCACAAGCATCACTTACCAAGGTACTCTCATCAAGAACAAAAAGCACGGTAGAAGCTACCTACAAAACCGATTCATCGCTGCTTGGCGGTGTAACCGTTACCGTAGGCGATACCGTCATTGATGGTTCGTTGCGCCACAGGCTGCAGGAACTCAAACACCGACTTGCGAATAATTGATTAATAAGTTAAGGAATTACAATGGCTGAAGTCAGACCAGAAGAAATCAGTGCGATTCTCCGACGTCAACTGTCGGGATTCGAAAACGAAACCGATGTGTACGAGGTGGGCACCGTACTGCAGGTAGGTGACGGTGTTGCCCGCGTTTTTGGACTTACCAACGTGATGGTGTCGGAACTGGTGGAATTCCCCAACGACGTTGTGGGAATGGTTCTTAACCTTGAGGAAGACAGCGTTGGTATTGTGCTGTTCGGCGATGACTCGCTGGTACGCGAAGGAGACCAGGCACGCCGCACGGGCAAGATCGCATCAGTCCCGGTTGGCGAAGCCCTGATCGGCAGGGTTGTAAACCCGCTGGGACAACCCCTGGACGGGAAAGGGGCTATCAAAGCTGAAAAAATGTTCCCGATTGAACGCAAGGCCCTTGGCGTTATTGACCGTCAGCCGGTTACCGAGCCGCTCCAAACCGGTATCACTGCCATTGATGCTCTGATACCGATAGGCCGAGGTCAACGCGAACTCATTATCGGTGACCGCCAGACCGGAAAAACGGTGATCGCTATTGATACGATCATTAATCAGAAATTTACCCACACACCCGAAGCGGCTGCGCTTGGTATTAAACCGGTTTACTGTATCTATGTAGCGATTGGACAAAAAGGTTCAACGGTTGCCAACGTTCTGGCTACTCTTGAAAAGTACGGCGCCATGGAATACACCACCATCGTTACCGCGTCGGCATCTGACCCCGCTCCCCTTCAGTTTATCGCTCCATACTGCGGTTGCTCCATGGGTGAGTACTTCAGAGACAGCGGCCGGCACGCCCTGGTGATTTACGACGACTTGTCCAAACAGGCCGCCGCATACCGTCAGGTTTCACTGCTGCTCCGCCGTCCGCCGGGACGCGAAGCCTACCCGGGCGACGTGTTCTACCTGCACAGCCGGTTGCTGGAACGCGCTGCTAAGCTTAACGATAGTCTGGGAGGGGGCTCGTTAACAGCGCTTCCCGTAATCGAAACACAAGCTGGTGACGTAGCTGCATACATCCCTACCAACGTTATCTCGATTACCGACGGACAGATTTACCTGGAACCCAACCTGTTTAATGCAGGCGTACGTCCGGCGCTGAACATTGGTATTTCAGTGTCGCGGGTAGGTGGTAACGCACAGATCAAGGCAATGAAAAAGGTGGCCGGACCGCTGAAGCTCGAGCTGGCACAGTTCCGAGCTCTTGAAGCATTTGCCAAGTTCGGCTCAGACCTTGATAAATCAACACAGCAGCAGCTACGGCGCGGTTCCAGGCTGCTGGAAGTGATGAAGCAGCGTCAGTACCAACCGGTATCTGTAGAAGTCCAGGTGGTTGTGATTTATGCCGCTACAAAGGGTTTGATGGATGAGTTGCCGGTTGACACCGTTAAAGAATACGAAACAAAACTTGTTGAGTATATGCAGACTGCCCATAAGGATCTGCTTGCAAAGATTGCTTCCGAAAAAGCGCTTACCGATGACATTGTAGCCGGGCTTGACACCGCCCTGGCAACATTTGGCGAACACTTCATGGCTACAGCCTGACCACAGGAATTAGCACAATGGTGATTCTTACAGGCGGTGCAGGGTTTATTGGAAGCTGGATTCTTGCAGCGTTAAATGAGCACGGCATCAAGGACATCATTGTGGTTGATTCGCTCCGCACGGGTGATAAGTGGAAGAACGTAGCAGGTAAGTCGTACAGAAGCATCATGTCGAAAGAGCATTTCAGGAGTCGCATGGATGGCAACGACTGGGGCACGATTGATGCAGTTATTCACATGGGAGCATGCTCTGCCACAACAAGTACCGATAACGATTATTTGTACGATAACAATTTTGTTTACTCAACGCAGGTTGCCGAGTTTGCCTTGCGCCACAACGCACGATTTGTGTACGCAAGTTCGGCCGCAACCTACGGAAGCGGAAATAAAGGCTTTTTTGATACTGAACGAGACCTTAGACCGCTGAACATGTATGCCTATTCCAAACATCTTTTTGATGAATGGATTCGCGACAACCATCTGGACACGGAATGTGTGGGTTTGAAGTTCTTTAATGTTTTTGGTGCCAACGAATACCACAAGGGCAAACAGGCAAGCATGGTGTGGAAGGCATACACCCAGCTGAAAACAACAGGCAAGATTCAGTTGTTTATGTCGGATACCCCGG
CP129493.1_gap52	2160511	2161925	1414	AAGGAGGTGTTCTTTCCAAAGAAAGAGTTCGAGTTGCTGGCATTTCTGGCAGCCAATAGTGGCAGAGTGTTTTCGCGCGAAGCATTGCTGCGCGAGATATGGGGTGAAACCGTACAGGTTGTTGACCGAACGGTAGATGTGCATGTATCGAAAGTTCGTGAAAAACTTGGTGCGCATGCGGCACTCATCGAAACAGTAAAAGGTCTTGGGTATCAGTTTAAAAATGTTTAATACGTATCATTGCTATGGCAGCCAGACCTGAACCGTTACGCAAAATAGCAGTACTGGTTTCTGTGTCGGTACTGACGCTTGCCTGTGCTCTGGCGGGCGTGGTCTTGCTACTGCCGGTACACCTTAGTGGGGTTACGCTTGCGGTTCTTGGTGTTGCGTCGGTGCTGATCCTTGGCGCTTATGGGGTAATTCTGTATTCGCTGATATCCCGATTTGTTACACAGACGATACTAAGTTCACTGCAGGAAATTTCTGCAACGATTACGGCAATAACGCAGGGAGCCGTCAGCACCCGCATTACAGCTCAGAGCACCGTCTCGGAAATCAACAGTTTGGTAACGGCAATCAATGCATTAGCACAGAAGGCATCCGGTGACATCACAGAGTTGCGCCGACTTGAAACTGTGCGAAGCGAGTTCATTGCCAATGTGTCGCACGAGCTTCGCACGCCCATCTTTAGCGTCCAGGGATATCTGGAAACACTGCTTGACGGTGCGTTGGACGATCCGGAGGTGAGCCGTCAGTTCATCGAGAAGGCATACTACAATGCCCGCCGATTAAACGCACTTCTGAGCGACCTTATTGATATTTCCAGAATTGAAAGCGGCGAACTCAGAATGAGTTTCAGGTATTTCAGTGCTACGGAATTACTGCAGGACGTTGTGAATACGATGGAACTGCAGGGTGCGCAACGCGGAATTACTCTCAGGCTGCTCTTACCGCCCAACAAGGCACTAAGGGTGTATGGCGACAGGGAGCGGCTTGTACAGGTATTAACAAATTTGATTGATAACGCAATCAAGTATAACACCGATAATGGATTAGTTGATATCAGTGCTGAAAAATCAGATGGTGTTGTACGAATTGCCGTACGTGACACCGGTATCGGGATTCCGCCTGAACACAAACAACGTTTGTTCGAGCGGTTTTATCGCGTAGATAAAAACAGATCCCGTGACGTTGGTGGCACAGGGCTGGGTCTGGCAATCGTGAAACACATACTCGAAGCTCACTCGTCCACCATTAGTGTAGAGAGCGAACCCGGCCATGGAACAGTCATTGCGTTTACGTTAAAGGCGGATTAGCGATAGACGATAACAGGAACCGACGTTATCCAAGCCCCTTTAGAAATCACAGCTGTATAAACACCGGGCACAAGATGCTGCACGTTGATTTCGACGGA
CP129493.1_gap53	2264810	2267152	2342	ATCAGCAAGACGAGCTATGCCGGTGACGCCTCGCCGCAGCCGGCACTTGTGAAGCTCTACTCTGACGGCACCACGCCGGGTATAGCCCTGGCCTCGTACAGCTACAAAAAAGGTGACCGCAGCACCACCGACTCGATTGCCGGCAGTGCCACCGCCTCGCTGACCTCCAACAGAGTGTTCCTGGGCGTGGACTGGCGTCACTACGGTCGCACGGGTGCCTTCACGGGTGTGGAGCGTGTGCTTCGCGGCGTGATTGACTTCTTTGAAACCAACGGCGGCACGGTAGTGCCTGTGGAACTGCTGAGCTTTGACGCCCGTGGCCGCGGCAGCGATGCCGACGTGTTCTGGTCCACGGCCAGTGAGCAGAATGCCGATCACTTTGCCGTCGAGCGCCGTCGTGCCGACGATGTTACCGCCGGTGATGCTGCCGTCTGGAGCACGGTTGCCACCGTTGCCGCCGCCGGCACCAGCACCGAGCGTCGCGACTACAGCATTGTGGACCGTGACCTCAGCAGTGGCCTCTACCAGTACCGCCTTGTCAGCGCCGACCGTGACGGCTCGCAGTCGCGCAGCGGCATCGTGGAAGTGCTTATAGGCTCTGACGGCACGCTGCTGAGCATCGAGAGCGTGCAGCCCAACCCCGTGCGGACCACCGCCGTGGTCACGCTGCAGCTTGCCGACGCCGGCACCGCCGACATCGCCGTGGTTGACATGCAGGGCAAGACCGTTGCCAGGCTCTACAGCGGCACCCTGCCGCAGGGCATCAGCACGGTGGACCTCTCGGCAGCACCGCTGGCCAGCGGCACCTACACCGTAGTAGCCACCGTTAACGGTCAGACTGTCACAACCACCATCAGCATCGTTAAGTAAAACCAACCACGGGGGCTAAGTATGACGTAGCCCCCTTCATAAAATAAATTAGTATGGTTATGCTAAGCTGAATCAGCTAAATGGTGGTATAGATAAAAGAAAAAAGAAAGATTATAATAAATAAAGCAACGATAAATGTGCAGAAACGGCAGGAACTTGGGTACGAATGACATGCCGTAAATTTGAGCTTGTTGGAATACCATGAACTGTCTTAGTTTTGTTCTGGACGACGTGATGTCGTGTTTAATGATGTGGGCTTCGATATCATCGTTTCCGGCCCTGCTGGCAGAAAAATGTCATAAACCGACATTTTTTTTTATTTCGACTTTAATATTTCCGGTAATGTATTTTTGACAAAACTTCGCTTGGATGGCGGAATTGGCAGACGCACGGGACTTAAAATCCCGTGTTCCGTAAGGGACGTGCGGGTTCGACCCCCGCTCCAAGCACAAAGAGTGTCACATTGACCCACAAATGCGCAAGTATGTCAGAAGCGCAATTATGACAGGACAAACTGTCGTATCCCCTTTAAAAATCAAAGACTTGCATAAGTTAATTTGTTGTGTAACCTTTGCAATCCTGTCTTGTTACATTCAAGTCAGTTGCAGTGTGTAATTATAGCAGTCGTAAAAACCCTGACTGTCTGAATTGCGCATTTGCTGACAATTAGGATTGTATTTAAACACAAAAAATTTATTTATTTACACAGGAGTAATCCAACCATGAGATGCAAGTCAGTACTCTCTTCGGTTATTCTTACATCGGCCATACTACTGCTTTGCAGTATGCAATTGGCAGAGGCGCAGAATTACGTGACGATCCCGGGCGTAACCGGAGGGCAGCAGCGCACGAACTATTTCTATGAGTACAATTATCCAAATTTGACGCAGTACATCTTTGGAAACTATTCGTACTACGATTACTACAATCGCGGTTATGATGAGTTTATCGTAACAGCTGCGGACATGAAGAAGGCCGGACTGTGTGCCGGACCGCTTGCCGGTCTCGGGATGCAGTTTGTACATGTACCCCAGGAGTATCAGGGTTCGATGCGGATTTTCGTGAAGTCAATTGGTTCAACATACCTGGGGCAGTTTAACGGTTCTGCCCAAGGTGGGTATCCGTATTACTACACACACTGTATTCAGAAAATTGGTGGCGTTATTCAGCCGCAGACGAATGTAGTTGAAGTCATGAATACCAGTAGCTGGAGTCTGCCGGTAGTTGGAGAAGGCGACACAACCTGGGTAGATTACGAGTTTAATGGAAATCAGTTTGTATGGGACGGGAAGAGCAATATTGCCATTGGCCTCCTTAACTGCCGTCCTACCAACATAACCCAGAACGGTCAGTATGCCACATTTATGATCACCGAGGTTAACCCTCCGGCTCCCGGTCAAAGTTATTACGCATACCCACCGTGGTTCCAGGCATTCACGTATTACTATTACAATCAGACAGATTGTAATTAT
CP129493.1_gap54	2310818	2311360	542	TTGCTCAAAGTGAAGACGACGCGGTGCGGGCTGCATGGCAGGTTGAGGTTGCATCTATTTACTACCGGATGGGAAAGTACGATCTTGCCGAAGAAGCCTTTGCCAAGGTTGAGAACTATACACCCGATCTGCTGGCACAGTTTGAATCCCGTCTGTACAGAGCCGCTTGCATGGTACAACTGGGCAGGTTAGACGAAGCAGAGCAAAAGTTTAAGGAGCTTGACGATAACAGGAATTATGCCGACTGGACAAGCTACATTGCCGCCGAAAAACTTGCATTGGAGCGGGCACGCAGTGCTGACCTGAGTAATCCGGCCCTGATTGCAAAGGAGAAAGTTGCCGATACGTCGTTTATCGGAAGGCCTGAGCTCATGGCTCAGAACTTTCAGAAGGCTATGGAGTACTTTAATAAACATGAATATGAAAAAGCCCTTGTGTATTTTGCCAAGGCTAAAGTAATTCGTACTCCCGTCTATGAAGTAGCTGTAAAATACTATTCGCTGTTAAAACAGTGGGAAGATCAAAACCTCAAACTGTTTAAC
CP129493.1_gap55	2332786	2335363	2577	CAGGCCTGCCGTGCTGTCCGAGCCATTCACGCTGTCCGGCGAAAAGCGCTGGTACTCCTTCATCGTCTGGTAGTCCAGATCCTTGCGGTCCACCACAAAGAACACCTTGTCGATGAACTCTAGCTCGGTGGCCAGGCGCGCTGCCTTGAAGCTGGTCAGGGTCTTGCCTGAGCCGGTGGTGTGCCATACGTAGCCGCCGCTTTCCGTGTTGCTCCAGTTCTTTGCCAGATGGCTGCTCTTGATCTTCCACAGGATGCGTTCGGTGGCGGCAATCTGGTAGGGTCGCATCACCAGCAGCGTGTTGCTGACATCAAACACCGAGTAGTGTAACAGCACATTGAGCAGTGTGTTTTTCTGGAAAAAGGTAGCGGTAAAGTCTTTCAGGTCCTTGATCAAACTGTTGTCCGCCTTCGCCCAATTCATGGTGAAGTCGAAGCTGTTCTTGTTGCGTTGCGTGGTGTTGGCAAAGTAACGGCTATCGGTGCCGTTGGAAATCACAAAGAGCTGCAAATACTTGAACAGGGACTGCTCGCTGTTGAAGCTTTCCTTGCTGTAGCGGTGTATCTGGTTGAAGGCTTCGCGAATCGCCACGCCACGCTTTTTCAATTCCACCTGTACCAGCGGCAGGCCGTTGACCAGAATAGTCACGTCATAGCGGTTGGAACCACCCCGCCCTGCGGGCACCCCTCCAGAGGAGGGGAATTTGTCTATCGCGGCGCGAAGCGCCGGGGAGGTTTCAAACTGCCTGATCACCTGCACCTTGTTGCGGGCAATATTCTTTTTATCCAGCAGGTAGATGTTCTGGATGCGGCCATCGTCGAAGACAAAGTCGTGAATGTAGTCATCGTGAATCTTACGGGTTTTCTCGACAATGCCGTCGCTAGGTTTGTCCAGATACTCCTCAACAAAGCGACGCCACTCGCCATCAAGAAACTGCACAGAGTTGAGCGCTTGCAGTTGGGTGCGCACATTGGCCAGCAAGGCATCAGGCGTGTTAAGGTCGGGCAAATATTCATAACCCTGATTTTGCAAATCGGCAATGAATTCGCGCTCCAGATCGTATTCGCTCTGGTAGCCCTCATTCGCTTGCCATTCCTTTGTGTACTTATCCAGAACGATGAAGTTCTTGGATTCTGCGATGGTTTTGTAGTCAGTCATTGATTATGCCTCCTCCGTCAGGCTGGTTGCGTCATTGCGGGCTTGACCCGCAATCTCTCCGCTGCCTGTATGAGATGTCGGCGTTCGCCGGCATAACGCAGCGTGAGTGTTGTCTGAGGCCATCCACTCCACAGTCACGCCATCTAGCAGCTTTTCCAAGAAGTTCATTGGTGTTTCTCTCCTATGGAAACCACCCCGCCCTTCGGGCACCCCTCCAAGGGAGAGGAATTTGTAGAGGAGTGCAGCTCGGTATTTTCCTCCAAGGGAGGGGAATTTGTACTCTTCATTTATTGTGTCTGCGGAAATTCCCCTCCTTTGGAGGGGTGTCAGGCGAAGCCTGACGGGGTAGTTTTAAAGCTTGACGAGGAGGTTCCGACAAGGTCGGATTCTCCTCTAAAATCGCGGTATTCCCCTCCAAGGGAGGGGAATTTGTACTCTTCATTTATTGTGTCTGCGGAAATTCCCCTCCTTTGGAGGGGTGTCAGGCGAAGCCTGACGGGGTGGTTTTATATCCTGACGAGATGGTTCCGACAAGGTCGGGTGCCCCTCCAAAAATGCAATAACACCGTCCATATTCTGCAAAATATCCTTTACGTTGATATGAATCACCGTCAGTCCCAAACCCTTCAAGTACGCATCACGCTTGGCATCGTAATCTTGACGCCCTTCGTGAGAAGCGCCATCCGCTTCAATAACCACGTTTTTTTCAGCACAATAAAAATCAACAATGTAATTACCGATAATTTTCTGCCGATCAAAATCAAGCCCTTTGAATTGTTTTCTCTTAAGTTGGTTCCACAGCAAGGCTTCATGCAGCATGCCTGCTTTACGGAGTTCTTTGGCGCGCTGTTTTAGCTTGGAGTTGAATGGCAGAGACCGATAGCGTTGTGTATTCCTCATAAACCACCCCGCCCTTCGGGCACCCCTCCAGAGGAGGGGAATTTGTAGAGGGGTGCAGCGCGGTATTTCCCTCCAAGGGAGAGGAATTTTGGGAAGCTCAGCAGCAGATCGCGGTAGTATTCGTATTGCTTCTGGCGCAACTCGATTTCGCGGGGCAAGCCTTCGGTGATGGAGTTAGTCAGCGTGTCTAGCTTATCCAGGATGTCTGCAATTCTTTTTTGCTCGGCAGTCGATTTAGTTGAATCGGATGCATACGGGACTGGAATCCGAATCCTCTCCATAAGCGCCTTGGAACTTAGATTTGGCTGTGCGCCGCCGCCGGCCAAATCATATATCGCATCGGTCTTTGAAAGTAAAAAATGATATAAATATCGATTATTTAAGACATTGCTTTTGGGAATAAATTTCCCTACTCGCTGGTTCAGATAGGCTGTTCTATTGCTGTTAAAGCAACCGATTTTTCCAGTGGTTGCGCCAGACATTGCAATTAGAATGTCGCCACTTTCGATCATGTAGTTC
CP129493.1_gap56	2458498	2462454	3956	CCGGTGGTCTTCTTGCTAAGGATCTTACCGAAGTGTACAAGCGCATGGGAGGTGACGCCGGACTGAAAGGGATTTTAGGTGCCCCGCCGTTCCCGGCGATGGCCCAGACCTATACAGATCATCCGCTTACTGAACAGGAAATTGCTGATCTGATTGCATTCCTCCGTACGGTCAGCGATCAAAGCGCAAAACAGCAAGCTGCATCGTTTAATCCTCTGCTCATGGGTGGTGGAATCGGTGTGTGCTGTGTGTTTTTGTTGATACTCGTGATTTGGTTTAAAAGAAAGCGATTCTCAGTAAAGGCCGACATCTTTAACCGACAAATTAAATCCATATAGAATAACCTAAATCTGATAATGTGAGGCATTATGAGCTGGATAGAAGATATTGTTTCGCCCAAGACCCGTAAATGGGAAGAGTTTTACCGTAACAGATGGCAGTACGATAAAGTTATTCGCAGCACCCACGGTGTGAACTGTACCGGGGGCTGTTCGTGGAATATTCACGTGAAAGATGGTATTGTGGTCTGGGAAACACAGGCATTGGACTATCCGTTGCTCGAAAACACGTTGCCACCGTACGAACCCCGCGGATGCCAGCGTGGTATTTCGTATTCATGGTATCTGTACAGTCCGATTCGAGTAAAGTATCCGCTGATCCGCGGTGCTCTGATGGAGCTGTTCAATGTTGAAAAGAAATTAGCCAACGGCGATCCGGTGAAAGCATGGGAAAACCTGCAGAACGATCCCGAAAAACGCCGGCGCTATCAGTGGGCTCGCGGTAAGGGCGGGTTCAGGCGTGCCAAGTGGGATGAAGTACTTGAACTGATTGCCGCTGCCAACATTTATACTGTAAAGAAGTACGGTCCCGACAGGATTATCGGTTTTTCACCGATTCCTGCCATGTCCATGCTGAGCTATGCAGCCGGCGCCCGCTACCTGCAGTTGATGGGGGGCGTAAACCTTAGCTTCTACGATTGGTACTGTGACCTTCCCAATGCATTCCCCGAAGTATGGGGTGAGCAAACCGACGTGTGCGAAAGCGCAGACTGGTACAATTCAAAGTTCTGCGTGTCGATGGGTGCCAACCTTGGAATGACGCGGACCCCCGACATCCACTTTTTCTCCGAATCCAAGCATAACGGAACAAAAACCGTGGTGATGTCACCCGACTTCAGCATGGTTGCCAAACACGCTGACCAATGGATCCCGTGTCATGCCGGTTCCGACGGTGCGTTCTGGATGGCTGTAACCCACGTGATCCTGAAAGAATATCACGTTGACAAACAAGTTCCGTATTTCATGGATTATATCAAACGATATACGGATTTACCATTCCTGGTTGAACTGGAAAAACACGGTAATCACTACAGAGCCGGACGCCTGGTGCGTGCCAATGGCATTGCCAAGTATGCAGGCGTGGAAAACGGTGACTGGCAACTGTTAAATATCGACGCAAAGTCCGGCAACCTGGTATGCCCGAAAGGTACGATGGGAAGCCGGTGGGCTAAGGAAAAAGCCGGAAACTGGAATCTGAAATTTGAAGACTTTGTTGATAATACACCGTACGAACCAACCCTGTCATTACTGGATCATAGCGATGATGTGTATCAGGTTGAGTTCATTGAGTACGGGCTTGATAAAACGGCACTGCGTGGCGTCCCGGTTAAATTCATCGAAACGTTGAATGGGAAAATTCCGGTTGCAACGATTTATGATGTAACGATGGGACATTACGGCGTTGGCAGGGGGCTTGCAGGTGATTACCCGGCTTCGTACAACGACGAAAAGCACGCCTATACGCCGGCATGGCAGGAAATCTTTACCGGCGTCGGTCGGGATACCGTGATAAAGTTCGCCCGCGAGTGGGGCGGAACAGCCGAGGTTACCAAGGGCAAGTGCATGGTGATTGTCGGTGCCGCAATTAACCACTGGTTCCATGGCAACCTGATGTACCGCGCAGCAATTATGACGCAACTGCTTACGGGCTGCAACGGTGTTAATGGTGGCGGTATGAACCACTACGTTGGTCAGGAAAAACTTGCACCGGTGGATTCATGGGGAACCATTATGGCTGCAAAGGACTGGATTGCCGGGAACCGACTGCAGCAAGCCCCTATCTGGCACTATATCAACTCCGACCAGTGGAGATATGACAATAACCAGATGGACTATAACAGCGTTCCGAAGGATAACAAATACTCAAGTATGCACTCTGCGGACTGGACGGTAATGTCGGTACGAAACGGCTGGATGCCCTTCTACCCGCAGTATAACAAGAGCAACCTGGATGTTGTAAACGATGCTGTGGCTTCCGGTGCAAAAACTGATGACGAGATCCGGACATACATTGTTGAAAAATTAAAATCAAAAGAGTTACAATACTCAGTAGCCGACCCTGATAATGAAATTAATTTCCCGCGCAACTGGTTTATCTGGCGTGGTAATGCTCTAATGTCCAGCGCCAAGGGGCATGAATACATGCTGGACCACTATCTTGGAACTCACAACAACAAGATTGCCGACGAAGTTGCCAAGCCCCACGTACATGAAATCATCTGGCGCGAGGCTCCTAAGGGTAAAATGGATCTGGTGGTTGACATTAACTTCCGGATGGACACCTCGGCACTGTACTCGGATATTGTTCTGCCTACGGCATCTTGGTACGAGAAGGCCGACCTGAATTCTACAGACATGCACTCGTTCATTCACCCGCTGTCGGCAGCCGTTGCTCCGGTCTGGGAATCAAAAACCGACTGGCAGATTTTCCAGGCCCTTGCCAAGAAGGTGAGCGAGCTTGCCCCGGCCTACCTGCCCAAGCCGGTGAAGGACGTCATCAATGCTGCACTGTCACACGACTCGGCAGATGAAATTACCCAACCGTCGATTCGCGACTGGGGTAAGGGTGAGTGCGAACCGATACCGGGACAAACCATGCACAAGCTGGTATTTGTAGAACGGGATTATACGCAGATTTACAATAAGTACATATCGTTAGGGCCGAATATCAAAACGAATGCGTTGGGCGCACACGGTGTTTCGTTTATGGCTGATGATGTGTACAACGAAATGCTGCATGACAAACGTCACGTGCAGAAAGTAAATGGTGTTGAGTACCCATCGGTGAAGGAAGACGTGGAAGCGGTTAACGCCGTCCTTACCTTGTCTACCCTGACCAACGGAAAGCTTAATGACCGTGCCTACAAGAACATGGAGAAGAAAACCGGTGTTGTTCTTGCCGATCTCGGAGAGGGAAGTAAGGACGTACGCATTGACTATAAGGACTTGCAAGCCCAGCCACGCCGGTATAATACCTCGCCGCTGTGGTCAGGTCTGATGAATGACGGTCGAGCCTACTGCGCCTATTCGTACAATGTTGAGCGCCTGGTGCCGTGGCGTACAATTACAGGCCGGCAGCACACCTACATGGATCACGAAGGGTACATTGCCTTCGGCGAACACTTCACTACGTATAAACCATCGCCGACACCACAGGTGTATGGCGATATCCGCAAAACTGTGAACGATGGGAAGGCACGAATGCTGAACGTGCTCACACCCCACGGCAAGTGGCATATCCACTCAACCTACGGTGATACACTGCGCATGCTTACCTTATCGCGCGGCATTGAACCCTGCTGGATGAGCGAAGAAGATGCCGAAGCCATTGGAGTCAAGGACAACGACTGGGTAGAAGTGTACAATGACCACGGCGTGTATTGTACGCGTGCCTGCGTAAGCGCCCGGATACCAAAGGGAGTCTGCATCGTATATCACTCACCCGAACGGACATACACAGTCCCCAAATCTCAGATGCGCGGTAATCGCAGGGCAGGCGGACACAACAGCTTCACCCGTGTTCACCTGAAGCCAAACCTGATGACTGGTGGCTACGGTCAGTTCTCGTACCACTTTAACTACTGGGGTCCGGTTGGAGCCAACCGCGACACACACGTC
CP129493.1_gap57	2464150	2466827	2677	GTGAACATGATTCTGATGCCTGGGAAGAACTCTACACTAAAACGTTCGATGTTCAACCGGTCTGTTATCTTGACCTTGGGTACGTGATATTTGGTGAGGATTACAAGCGGGGTGCTTTTCTGCTACACATGCAGAACGAGCAGCTTATGATTAACAATGACTGTGGCACCGACTTGCCGGACAATATCAGCAACGTACTTGTTTTACTGACCAAGCATCATAACCAGGTGTTTTTGAATGAGCTAACCGGACAAATCGTGATTCCTGCTGTTGAAAAAATGATTGGTGAGTTTGCGCAGGCAAGAGTTGAGCTAAAGATACGGGTGATGCGCAAACTTCACAATGCAATCATTCAGGAAGAGCTTAATCAGGGCAACGTGTACCGGAATGTGTTCGAGTCGCTGCTTTGTGTGCTTAGGGAAGATTTTGCCGAAGCTCCGGCTCCGCTCAGTAATGAAGAGATTTTAACAAGTCAGCATCACAAAGCGTTTTTTGGAAAGAACAGCATTAACGCCGAAGTGCATACCATAGCCACTAATTATAAACTTGATTAACTATGACAAACTACCTGTTATTCGCAGTTTTGCCATACGTATCGTTGGCTGTTTTCCTTATAGGGTCTATCTATCGCTATCGCAGAAAAGGGTTCAGCGTATCGTCTATATCGTCGCAATTTTTAGAAGGACGTGAACTGTTTTGGGCAAGCCAGCCGTTTCACTGGGGTCTGATGATAGTATTCTTCGGACACCTCACGGCGTTCCTGATTCCCAAAACCGTCCTGGCATGGAATGGTGATCCGGTACGGTTAATCATTCTTGAAGTTTCGGCTTTTTCATTCGGATTAGCATCTTTAATTGGATTGTTGCTGCTAATCTATCGGAGAATTACTACACGAAGGTTACATGTGGTAACGAGTCCCATGGACATTGTGGTGTACATTATTCTCCTGACTCAGTTGGTAACCGGTGTTCTTGTTGCCTACTTCGACAGGTGGGGATCCTCGTGGTTTGCCGCGTTTTTAACGCCATATCTGCGATCGATTTTTGTTTTCGACCCACAAATCGAGGGTATTGCCGGGGTTACTTCACTGTCACTAAAAATCCACGTTGTATCGGCATTTTGCCTAATCGGCATTATCCCGTTTACGCGGTTCATGCACTTCCTGGTTTATCCGTTGGATTATCTCTGGCGCGGTTACCAGCAAGTGATTTGGAACTGGAACCGGCGTGAGATTCGGGTGTCGCGCGCGCACTCAGCAGGGAAGAAGGCAACAAACAATTAATTCGGCAGTTCTAAACTGTACTTTTGGTGTGTGGCGTTTGCTGTTGTTTCACGAGTTTTACTCGAGGAATACGGCAAACGCTTTTTTTTTTGTTACTCTGGAAGGTTGGCAATCCTGAGCAACTCTTTAACGTTAAGAATACCGATACTCTTCCCTGCTAGCTCTATAATCCCTGCCTTCTGGAAATCCGAGAGAACCCGAATGGTGGTTTCGGTAGTTGCACCGGCAATGTCGGCAATGTTTTCCCGGGACAGGATGGTGTTTAAGGTGACGTTATTTTCTTCGGTTCCAAAAAAGTCGCGCAATACAATCAGGGTTTCTGCGATCCGCTCGCGCACCTGTTTATGAACCATGCTCATGGCTTTCAACTCGGCTGTTTTTAGGTCAGCCGACAGCAATTTGATAATTTCAATTGCCACTGAATGATTCGAAATAATATGTTCCTGGTATGCCGACTGAGGGAAATAGCATACCGTGGAGTCCTCGATTGCGGTGGCCGAAACATGGTAGCGCTCGTTGGTAAATAAGGCTCGGTAGCCCAGGATACTTCCGCATTTGGCCAGTCGTAAAATCTGATTACGTCCGTTGTCGTTGTAGGAGTGAATAACAACCTTGCCCGAGTGCACGCAGTACAGCCCCTGGGGGTGAGTGTTCTGATGAAAGATCACCTGCCCCTTTTTAAAGTGAAGCATAGTTTTATTCTCGGCAAGGATTCCAAGATCCAACTTGCCCATTGCACAGAAGATAGAATCATGCATACCGCCGCACTTATCGCAGTTTAGCGTTTTCTCTTGGTGGTGTGTTCTGCTTGATGTCATGTGTAATGGTGAGAAAATACCTACGGGAGCAAAGATAGTGAGTGACGTGGAAATGGTCGGAAATACAAAAGCCCGTTATACACTGTGTGACGGGCTTTGCGGGTAGTTAATATAGTGGAGGGAACTGTTTAGAACAGTTCCAGGACATCTGCATAAACGATGCGGTTGCTAACCTCTAAGGTAATTGGACCCTGGCCGGACTTCGGGTCACCAAGACTTGTCTGGCGGCGTCTCGGATCGTCCGGATCGGAGAAGAATGATTCCAGCTCGGTAATAACCATGCGGTACTGGGTGCTGCCAATAGGTTCTTTTAATGCAATCATACCAGCCCAGATATTGGCAGCATGAATTCTGTCTAACCGTTGGTGTGTTACACGCGTCCACCCGAGGTCGGTACTTCCTGCACCAGGGTCACGTCGTTCAAGGGCAACCTCGATTTCACTCCCCAATTGTCCAACAGAGTTAGTCCGGTAGGTATGGCCGGTAACCTGGATGCTGATATTCTTACCATCATCTTCAATCCTCACCATAGCCTCGCGGTCAGGAGCTAACTGGCAAAACGTACTTTGCGTAACGC
CP129493.1_gap58	2468124	2470648	2524	GGTCAGCGTTTTTGATGAAGCCTCCCACACGGGTTTCTTGTTCCCCTCGGCAAGTCGGAGTAAAATGGACGAAAGCGCAGGCCACTGACTAAAGGTATCAAAGCCAATCGTAACAACCGATGTTCCGATCGCCACGGTAGCCTGAGTAGCCCCTCCGGTATTGATCTCGATAATATCACCTGTGTTTAAGCCGGGCACATTGCTAAGGGTAACAGTCCGGGCAATTGGATCAGGGAGATACGGGACCTCCGTACTGCCGGCTTGTACCAGCGGGTACGCTATGGCAGTTTTCTTTTTATTGGGATCCGATGGCGGAGTGTTGTCAGTAGCTTCGGCTTGCAGGTTGCCGTTCTCATTTCGTGTGTACCACCGCTGTGGCAACGACTTCTCCTTCCCACGAATCAGGTCGAACATTGTGTTGTTGCCAACCATCTCTTCCGTTGGACTTTTATCGAACAGACCATGCCGTTCCGCAGTCTGAACTGACGCCAGCGGCGGGAAGAAATGGCGTTCACAGGTTTCGGTAGTTTGAACAACCTGTGTATCATCCTCGCTTGCATTGTAGTTCCGAATTACCATGGTTTCGATATCCTCGCCCTCAACGGGATGATTGCGCAGTGCAAGTGTTGGCGAACCAATCGGATCCCAGCGCACGTACCGTACGGCATCGGTAGCGCAGGTAAAGTCAGCGGGATTCATATCTGAAAGTTTGGCACTGTTACCTGCGATATCGGTAAATCGTGCGCGCATCCTGTACTTCCGTCCGTACCGTAATCGAGGTAGGGATTTGGGTACGATTGAAATATCGGATTCAACCTGGTAGGCGTAGTCTGCCGGCGGCTTTTGTTTATTGCTCCCGGGCGCAATCTGGTCATCGTTGTCAATAAACTGTCCAATTGGCGGTGCAACAATCGACCAGCCTTCCCACTGTGCAATCACTTCGTGTGCATACAGCTGTTGCAGGGACGGATCGTCTTCACTTCCTGGCGGTCGGGATGCTCCAAAGGTAAGCACGCCCTCTTCGTCGGTAACACTGATACCGGCCGATCGCAGTGGTTCATCGGCAAGCGGGAAGGTATAGGTTGCGTTCCTACGCATCAAGCTTTGCCATGTCCCTGCGGTTTCATCGTAAATATCTATACGATAGCCACGCATCACATCGTCGGCATGTAATACCGGCGTGTTATTTGCAATCAGCGAATTCCAGTGCTGGCTGTTCCGAATAATGGATTTTGCAAGCTTTAGTCCACGGTTCTTCCGAATGAGCTGCAAGCCCGTACCACGAATTGCCGGGGGCTCGGCAGACAAATAAGCATCTGGCGTATCCCGTGTTTTGGAATAACGGTGCAAGATGTTTCGTATATAACCAAGCATTTTCAAGGCTGACGAGTCGAGGTCGATTTGAGTAACCGCAAAATGCTCGGGGTTGTTTAAGCAGAGGAGCGGACCAACGATTTCAGACCCGTCAAGGGGCTTGGGCAGGAACTGCCAAAATTGTTTATCACCGGAGTCATTGAAAATGTAACGCGTAAACGGGGAGATGGTGGTTGTTGGTATGGCTGCGGCAACCTTCCATTGTACGTTACACGAGATTTTACCCACATTACCAAGTGATGAAGGGGCTTTAAATTCAACATGAATTGTAAGGCCGAGGCGTCGCATCACTACAGGAAACTCACGCAGCACACCAACAACCTGGTGGAAGTCGAACGTTGGTTTTATAATCTTCGGACGCCGATCGCGGTACGTTCTGTTCTTCCCGGAGACGGTATCTACTGGATAGATACGAGCCTTATGATACAGTTCCGCCATGAGCAGTGAGCCGGCTTTTGAATCCGGTGTGATTCCTTCGCCCAGCGGTACCGGGAACATCATTTGTTCAACTTTCTGTGGGATTGGGATCCGTTCCTTCTGGCCCGTACCTCGTTTTTGTCTTGACTCGGTATTGCCCTCGTTGCGCATGGCTCGCTGCGTGGCTGCCTGGCCACTTTTTTCCCATTGGTTCAGAACATTCCTGAATTGTTGCTCCTGATCCATACTTGGTATAATACCTGACAGCGCCTCAATAAGGGGTGGCTGGCTGGTCTGACTAACCTTTAAAGTAGCATTTGCAATTTTGGGTGGTTCAAAAACAGGCGTCTTGTCTGTAAACGTTTGTACAAGTTTTGTATAGGTACTACGCAAGGCACTGTCAACTTCCAGAGGGGAGAAACTAATAATCTGGTAGCTAGGCCACACCTCTCCCACACCATGGGGATTAACAGCGGTGTTTTCATTGAATACAGCTTTCCAGACATCGCTGTCGGGCTGTTCGTCAATCACGGTCAGCTCATTACCGGGTATAGTAGTCCCGTTGACAACTAATTCAAAACTCAGTTTTTTTAATGATTCCGGCCAGTCAAGAAAATCCGGATAACTGGCTAAGGTAGTAGGTGCCGATGTAACATCCTGAAGCCGCGGAGTCAGTACGATTGCAGCGCGGAGCCATGTTCCTGAGTCACGAACATCAACATCGTAGGGGATT
CP129493.1_gap59	2480531	2482454	1923	GTGTTGGTGCCTTTATACGCCATGATGAAGATAATCTTGCAGATGTCAAGCGCTCTACGAGCACGTTGTCAAGCTGGGGGGCTAACATTGGGTTAAACATCAGGACATGGCCGTTTATTCGCTTGTCATATTCGCCGTACACACAGGTTAATAACTCACGAGATACATTCCTGCAGTACCGGAACGAAACGGTGATTTGGTCAGTTGTTACCGGCCATGCGTATCGGCTGGGAACATTCGGGGCCAATACCACATTAACCCTCACCCGTCAGGATGCCGAGACCAAGAACCATGTTAACGATTATTCTGTCACGTCGGCTAACCTTTCGCAGAGCCTGAGTTTTACTATCCCGCTAACACTGTCGGCAGGTCTGGGATATATCGTGCAAAAAATGCCGCTGGAGGATGCCACGTCAATTGTTACTGTTGACGGAGCTGCTGCCTACGCGATAAGCGAATCGTTTAGCACGAGTGGCGGAGTAACGCTGGCTTTTGACAGTATGTATGGAACGCGCAGCGGGTTCTACCTGTCGTTACTGGCACAGTTAGGCGATTATGCCGATATTGATTTACGGGTGGAACGCAATATCTTTAATGAAAGCGTAATTCCACCTGTATTGGGGGGCAGCTATACTGAGAATATTTTCAGGCTGACAATTGGTAAGATTTGGTAGTATCTACCAACAGTGCTGAATCAATCCCGCACTTCCCAGTACTTGGTTTTCCGAAGTTCGCTAACCCACGCTTGTTCCAGCTTTTGCTTCTTGGCATACACGGCCATTTGTTCGATGGCCTTATAGTCGTATTCAAGTGATGGCCGGTGTTCGCGGATTAAACGCTTTTTGTAAATAATGTGATATCCCGGTTTTGTGGGATCGGCTGAATAGGGTAATGGGTCACTAATCCCTCCATCGGCAAGGTCGTTTACAACCTTCTTCATGTCAGGTGGCAGTCGCTGGACGTCCAGTTGCCCCATGGCTCCACCAAAGCCCTGTGTTTCGCGCTCTTCCGAAAACTCTTTTGCCAGATCCTCGAAATTCTCACCGTTTTCAGCCCGACCTTTCAGTGTGGTGAGTTGTTTCCTGATTTCGGCTTTGTCTTCCTCGCTTTGGCCTACTTTAATCAGGATGTGTTTGCAGTGGATGCTGGTTGGCGTCTTACTCACAAGTTCGATGATGTGGTAACCAAACGGACTTTCCACCGGCTCAGATACCTGTCCGGGCAGCAAGGCAAAGGCAGCCGCTTCGAAGGAGGGCACAAACTTGCCCTTTTCCACCGAGCCCAGGTCACCGCCATTTTCAGCAGAGCCGGGGTCGGCGCTATGGCTGCGCGCCAGTTTTTCAAACTCTACGCCAAGTCTGACGTTTGAGTCACGTATGGCAAGGGCAAGCGCAAGGGCTTCTTTCTTTTGTTGTTCGCCTGCCTTAACGTACTTCACGATGTGATACAGATCAACACGGTCAGGAATGATGGGCAGAGAGTCCTTGTACTCCTGATAGAACCGCTCTACATCATTACGGGTGGCTTTCACGTCGCCAAACATTGCTTCCCGCTTTTTATGAGCCAGAAGCTGCTTCCGGATTTCATCCCTGAATTCACGACGAATTCTGGTCATGCTCATGCCGTAGAGCTGTTCAATCCGTTGCTCTGACCCGAACTGTTGCACCATCATTGCAATCTGCTGCTCCATACGCTGACTAATCTCTTCATCGGTAACAGCGATGTTTGTGTCTTCAACGGCAGCGGCCAGGACAAGCCTTTCATTGATAAGCTGGTCAAGAACAAACTGACGCACGTTTGGGCTGCTTTTATCGACACCGGGATTTTGCTGAGCCATAATCGAGACCTGACCGTCGATATCGCTCTTTAAAATGATTTCTTCGCCAACAATGGCAACAATTCGGTCTAGGGCATCCTGTGCAC
CP129493.1_gap60	2489840	2492040	2200	CGTACCGATGTTATCTGATAACCTCCCGGAAGCATACCACATGGTTGCCGTAGCACTTGATCTGCCCGACCCAGGGATGCAGAATTCAAATGCCGATGTCCATCGGCTGAAGGCGATTTTAACCGAGCGAATTACCGAACTGCTAACAAAGAACCCCGAGAAGCTGATGGCAGCCCTCTATCGGCTGGATGTTAGTGAGCATAGTATCAACGAGGTTTTTAATCAGAGTTTGTCGGAAGATCTTGCCGAGAATATCTCGGACCTCATCATTGCACGTCAGGTTGAAAAACTGGTCACACGTCGGGCGTACGCACAGCAAAAGGGCGCAGAAGGAGTGTAATGGTAACGTTTTTTCATAACATATCAAATCTGGTAACATGCAGTGCCGGCGGCAGCCATACACGAACCGGAAATGACATGGGATCGGTAGGGTTAATTAAGAACGGAGCAATACTTTTTGATGAGCACATCATTGCTGTTGGTGAAACTGCTCAATTAAAAGAGCACTATCCCGATGTTGTTGCAGGTGCAGAACACGTGGACTGTAGTGGTAAAACGGTGCTCCCGGGATTTGTGGACTCGCATACCCATCTCGTGTTTGCGGGGACACGGTCACATGAATTTTCGCGTAGGCTTGCCGGCGTCCCCTATACACACATTGCAGCTGAAGGCGGTGGTATCCTGACCACCATGAATGCAGTGCGGGAAGCATCAGTAGGGCAGATAGCAGCACAGGCAACGAACCTTGCCCTTTCGGCGTTACGGCACGGGACCACAACAATCGAGATTAAGAGCGGGTACGGACTCAGTACCAAGGCCGAGCTGAAACTGTTGGAAGCTGCCGAGATGGTACGCCGGCAGGTTCCGTCAGAAGTCCACATCACCTTCCTGGGTGCTCATGACGTTCCGCCTGAGTACAGGAAAGCCCAAGCCCCTTACACTCCGGATGACTATGTAGCAGAAATCATTGAAACCATGCTTCCGGCAGTCGTCAGGCAGGGATATGCCACAGCGTGTGATGTTTTTACCGACAAAGGGTTTTTTACGGTGGAGCAGTCCGAAAAGATTCTTCGGGCAGCACGGGATCTGGGTTTGGCAATACATGTTCATGCCGATGAAATTGCCAATATTGGTGCGTCGGCGATGGCAGCACGCTACAATGCCTACAGTGCAGATCATCTTGAATGTATCAGCTCTGAGAACGTTGTGGCACTTGCAGAATCGGGTGTTGTGGCCACACTGTTGCCGGGTACGGCATATACGCTTCGGTTACCGCCACCACCGGCACGAATGATAATTGATAGTGGGGCTGTGGTTGCACTGGCAACAGACTGTAATCCAGGAAGTAACTATAGTGAGAATATGCAACATGTACTGTCACAAGCCTGTATAATGCTGCACATGAGTATCGAAGAGGCAATTACCGCAGCTACGCTGCATGGTGCACATGCTCTGCGCATTGCCAACAGGAAAGGATCGCTGGAACCGGGGAAGGATGCCGATATCGTTGTGTTCGGTGTTCGCGAGTATACCGACATCGTTTATCATTACGGAATCAACCATGTTGACAGTGTTTTTATTGGCGGTCGGCGGGTTGTTTAATCAGACAGTCCCAATGCCCGGGTAACATCATTGTCAAAAAGCGTACGATTGCTGCCCAGAAGCTCTCGCCGGGCCTTTATCCAACGCTCCTTGTTTGCGCCATAGTGTACCAGAGCTTCTGGTCCTTCGGGCATTTCCATACCCCAGTGGAACGTGAAGGGCACTGATGCAGATTTTAATGCATGAAAAACAGCTTTGTGGAAGTCGTGGGTACCCTGACACTTCACACCCGGCAGTTCAATCACAGCAGTTATCGGAAATTGTGCCATCCCCAGGAAGGCGCGTGTTTGCTTGATGTAACGAATAGCAAAGATGCCCGCATAGTTCAGCAGCGGAGTTCCAATGGTACGCAGTAGATGCAGAACTGCGGCAGTGTGCTGTAATGGTATGCCAACCTCAGTGCTGGTGGCCATGCCAAACACCGTTGGTTGCCGGTAGGTGGCGACCGGTGTATCCACGAATGGTCCCACATCCTTGTACGACTTATCCAGCAGGGTGTGTAACGACTGCGGGATCAGCTCGGGCGACGTATTTCCCACCAACCCAACAACACCAAGCATGTTGGTGCCCGGCCGAATGTCGGTGTTTGCAGGTGCCG
CP129493.1_gap61	2606981	2610172	3191	TTTCCCAATCACCATTGGCTCGGTAGGGCAGGTGCACAAGGGACAGACTGATGCCTTTATCTGCCGGTTTTCGGCAGACCTTGCAAATATGGATATCTCAACCTTCGTTGGCGGAAACAAAGAAGATAAGGCATACGGTATTGCTGTGGACAAGGCTACCGGCGCCATCTACGTGTGCGGATCAACCACGTCGAACGCAAACTTCCCGGTCAGTGGGGCACACCAGCAAACCCTGGGCGGCGAAATGGACGGCTTCTTGGTAAAGCTTGCCCCCGGCGGCGGTACGTTTGTTTTTTCAACCTACTTTGGCCGCACCAAGAATGAGGTATTCACTGCCATCGCCGTTGATGCCTCCGGTTTCCCGTTTGTAACGGGATGGACTTCGTCGTCGGATTTTGAAACACAGCCTTCGGGTAGTAGCGGAGGGGGATGGGGCTGGTGGAAACCCGGCGCACGGACTCCGTATGATGCAACCTACAATGGAGGTGATAAAGATGCATTCCTGATTAAATTCTTCCCGGATGGCACACTTTCTAAAAAAGATGATGGTACGTTCTCTACATACTTTGGCGGGGCCGGTGAAGAAGAAGGCAGAGGAATCTATATCGATGCTCAAGGACGTCCACTCCTGGTGGGGGTAACAAACTCAACGAAATACCCTACCGCCGGCACCATTACCGCCGACTATATCGGTGGCAAGTCAGATATCTTCATGTGTCAGTTTACGGATGACGGCAAGGCACTTACCGCATGTACCTACTTTGGTGGTACCGGTGAAGATTGGGTGAATGGTATCGTTGCAGATCCGTCACTGAATTCCGGCATCTTGTGGGGATATACAAACTCAATGGATTTCCCGATTCAGGGCGCCGGAGCCAGTGCAGCGCGTACCGGCAGCACCGATGCCTTCCTGGCAAATATCAACCCGTATGCGGTGAAGTTTAGCTCGCTGGTAGGGGGCTATGGTACCGATACCGCCGTAGCTGCCGTTGTTGACGATGCCGGCGATATCTACTTTGTCCTGAGAGGCACGTCGGATGACCTGACCGTTCACCCGGATGCTTGGAAGCAAACCAAGCCAGGTGAAGAAGACGGCTACGTTGCAAAATGGGCTCAGGGCACGCTTGACCTGGTGTCGCCCACCGGTGGCGAAAGCATTTGTGCTGGCTCCAACCGGACAATTAGTTGGGCTGCCGAGGGAATGCTTCAGGGCGACAAGTACCTGCTTCGTATCAGCAGCGACAGCGGCAAAACGTGGACCGATCTGGCCAAGGATCTTACAGGGATGAACTACACCTGGAAACCTGCGGCAAATATGGTAGAGGGTACGCAGTACAGAATTGAACTGTCATCACCCCGCGGTCATGTTTCACGCAGCGGTACATTCTCTATCAGCAACCCTCCTGCGGTACACAAAGATCCTGTGTCAACATCTGCGTGCGAAGGTGAAGATATCACACTTGCGGTCGAAGCCCAAGGCATTGGGCTGAAATACCAGTGGCGCAGAAACGGAACTACGATCCAGGGAGCAACGAATCCAACGCTGAAAATCTCAAAGGTGTCGGCTGATAATTCAGGTAACTACGACTGTGTTGTGAGCGGTGCCTGCTCACCGGCAGCTACAACAAAGCCGGCAATTGTTGGCGTTGCAGCTCAAACCGAAATCACACAGCAACCAGTGGCCACAACGGTAGATGAAGGTAAAAAACTAACGCTCACGGTTGTTGCCAAGGGTTCGGAGCTTACCTATTCGTGGAGCCGCAATGGTATGCCAATTGCCAACGCCGATAAGGCAACATATACGGTTGCGACTGCATCCGGCGATGATGCCGGTGATTATACCTGCACCGTTACCGGCGGTTGCGGAAGCAAGACCACAGATGTTGCCACCGTGATTGTTAACCGGGTTGGTTCGGTTCAAACCGAGGTTGCCGTTCCCGGCTTTGCCATGCATATCAATGGTCCGGTGCCTGCTTCCGAAAAACTCTCGTGCACCTTTACACTCAATGCCGATGCCGAGGTTATGATTCGGTTCGTTGGTGTAGATGGCTCAGTGGTTTCGTCGGTCATGCTCGGACGCCTGGCAGCAGGAACGTCAACACTCATGGTGCCGGTTAGCAATCTAACCCCGGGTGTGTACGGCATCGAAGCTGTTCGTGGCACCACGGTGCTGCGTACGGCAATTCACGTGATCCGCTAAAATCAGCCTCAGATGTCACACTGTATGGGTATGGGTACACTACACAGCAATGAAACACTCCTCACCATACTGGATAACTAGAATACTGTACTCCTATGTCTTCCTCCACTCACTACCGCTTTTTGCCGGTATGGGTGGAGGAAATTTTGTTTCGGGCTTTCTCGGGTCGTCCGATAGTGCGGGCATCTCGGCAGTAACCTCGCTGAACAACGGTACCGTGGCAGTGTGCGGCTGGGGCGTGTCGGCACACTCCATTACCGCACCGGGATGGCGTAAGACCGTTGCCGGAGGCACCGATGCCTTTGTTGCAATCTTTACGAAGAGTCTGGATACGCTGCTTGCGTTTACAACGATTGGCGGACGTGCCAATGACAGGCCGACGGCTATGACCGTAACACCGGATGGCTGGATTGCGGTGACGGGGTGGACACTGTCGGCCGACTTCCCGTGTACCCAGGGAACTGCACAAACCCAGTTTTCTGCCGAAACCGATGGCTTTGTTGCCGTCTTCCCGCCAACCCTTGCCGAACCGGTTTCCTGGCTGATACCGGGCAGCGGCGTGGAACGGCCCACATGTATTGTTACCGATGCAAAGGGGACGATTTACGTGTGCGGCACCACAACCTCGCACTCGGGCTTCCCCGTCACCAACGGGTTGTTTAAACAACTGAAGGGAAATTCCGATGGTTTTGTTATTCGGTACACCGCAGCAGGAACCTCGGTCCTGTTTGGCACATACCTTGGCGGGTCAGCACATGACGGGTTTACGGCGCTGACGGTGGACGAAAGTGGCTACCTGTACCTGGCCGGGTGGACCTCGTCTGTGGACTTCCCAATGTACCCGATTATTGACTCACAATGGTGGTGGTATTACGATGACCGGCCGCTTGACTTTACCTATAACGGCGGCGATGCCGACGCAACGCTGACGGTGCTGCAGCCCGACGGCTCGGGAGGCGTTGCCAGTACCTACTTTGGCGGTAACGGTGCC
CP129493.1_gap62	2612187	2613888	1701	TGCGACACAGCCACGTACTTACAGTAAAATGGCACTGACATGCGTTATATTCAAGAATTGCTCGCCATTACAGCAGTAAAACCACTGAAATTTACACCCACGTAGGTCCTAGAAGTTTGAAAAATATAAAAAGTCCCTTTGATGATTTGTAACAACCGAACTACACCAAGCTAACAAAAAAAGATATATTTATGCAGTATTATTGCATATATAAGCGAGTTGTGCGTCAGCTTAAAGACACCCCCTCGCAGAAAATACTACCTTGACAAGATAGAATTGATTTATGAAGGGTGGAACTTTTCAGGGACAACTTTCAGCATTTCAATAAAACAATCTTTCCATTGACTTGGGGATAGATTCACGATTTTTAAGTTCAAATTAATTCCAAGTTTTTCGGAAATTTCATTAACCTGACTTTTTCTGAATATTAATTTTAAAGCCGTTCTGACAGGTAAATTAGGTTTTTGTAACAGAAAAGATAGAAAATTTAAATATTTGACTTTCTGATTAAAATCAATATGTAAAGGTTTTCGTTCAATTTTAAGAAAAGCAGACTTAACAGTTGGAGGAGGTATAAAACTATTAGGATTAATTTCGTAAACTATCTTCAAACTATAAAATGTATGATATAGGATAGTGTAAGGATTAAAGATTTTGTCTGCAAATAACTTTTTAGCAGGTTCAAATTGTAGGAAGATTGAACCGCCCTGAAAACTTTCCATATTTTCAAACATCAATATTTTTAAAATTTCTGATGTTATACCAAATGGTATGTTTGAAACAACCTTAAACGAAAAATTTGGAATTTTATAATTTCTGAAATCACATCCAAAAATTTGAATGTTTTGAGTTTGTTTAAATTTGTGTTTTAAATGCGTTATTAACTCAAAATCATTCTCAATCGCAATGACTAATTTAGCCTTTTGTAGTAGTTGTACAGTTAGAAATCCTTTTCCTGCACCAATATCTAAGACCGTATCGTTTTGATTAATTCTTGATTGTTTTATTGCATCTTCAATTAGCACTTTGTCAATTGTAAAGTGCTGACCCGTAAATCTTACAGGCAATTTATTTTTATTCATTATGACTTCTTACAGGTGAATACTCTTGTAAACTTCCCTTTTTTCGGACAGTATAAAATTAGACAATTTTTTAATTAATTATTGTTAACATACCATTTATTTTCTCTAAAGTCAAACGGAGTTTGATTATTTAAGGATTCGTGAGGACGTTGCTTGTTGTAGAAAGTCCTCCAATGATCCGTAATTTCTCTTGCTTCTCCAAGTGTTTGAAATATATAAGCATCAAGCACAGCCCTACGATAACTACCATTAAAACGTTCTATATAACTGTTTTGCGTCGGACATCCTGGTTGAGTGTAAAGTAACGTTATTTCGTTAGCCTTGCACCAATCCATGAACTTGTGTGAGGTAAATTCTGTACCATTATCGCATCTTATATTTTTAGGTTTACCATTAATCCATATTGTTTTTTCAAGTAGTTTCACTACACGTTCTGACGTCATTGTCATTGATATTTCTTGGGCAATAGCAACACGACCATAGTCGTCTATTACATTAAGAATGCGAAACTTACGACCACATTCTAATGCGTCACTTACAAAGTCTATTGACCACGTTGTGTTCGGCTCTTCTGGTTGCTCTAAAGGGTTCTTTGTGCGTGCGGGCAATCGTTTGCGAA
CP129493.1_gap63	2680504	2681760	1256	TGTGGAAATATGCTTCAGCGCCGGTGTAATCCTTTGAATCGGCCAGCACGATTGCCTGGAAACCCTGCACTGCACCACGGTATGATTCAGAGGGATGGATTTGAAGGTGTTCGTTGGCCTGCTGCAGGGTTCGTTTCAGTTCCTCCATGTTACACAGCACATCATACATTTCCAAACCCGTAGCCAGTACAAACGATGTAGCTCCGGGTACGTTGCCAGCCCAGGCAAGTGACAGTGCATGGTTGTACTTTTTTATGGCGGTATCTGCTTCACCAATTCTGGCATGCACCAACGCCTGCCGTGCCATGGTTTGCGACTGCCCCATATTAAAATTAATCTCAACGGCGCTATTAAACGCTTTTATCAGGTATTCCAGTGCAGTACCATACTCCTCATGGCGGTAGCAGAAGTCAGCATAGCCATGATACACCATAAAGTTCAGCTTGTTCCTGCCAATTTCTTCCGAAGCTCCGATGGCCAGAAGGTATGTTTCATCAGCTTCCAGCGACCTCCCGGCATTGTCCAGAATTTTAGCTTTGATATTGATGATGCGGACGAAAAGACTACGATGAGTTTCGTACTCTTTGGCGTTAATCGATTCGAGTACGTCGAGAGCTTCCAGGGGCTTATGCAAATTCATCAGCATGGTTGCATGCGTGCACACTACCCAGGCATGTAAAAAACGATCAGCAGCGGCAGACCTTCGCGCATTTTCCAGCCATTGTTCTGACGCTTCCATCATTGAGTGCAGCTGGTAGTGCTGGGTAAGGGCTATGGCAATGAATGTTTGAACATAGTGGTCAGTGGTTGACTCAAACAAGGCAATAACACGACCTCTGGCTTCGGTGAGACCGGCACCGCAGCCTGAAACCGAGAGTTCGGTTTCGGCGTTGTTAATAATTGTGCGCTGCTCTGCAGTCAGCCAGCTTGACTCAATGGTGTCCATTACCTAAAGTATGTTGTACGGTAGCCTACGTATACGACCAAGATACAACCTGCGCTGTAATATGCCAACCGTCGTCGGGATTTCTGCAGAATGGGTGGAGCGGTGTTCAACAATGAGCATCAAACAGTGTATTAGTCCAGTGAAACTGGCAGACTGAACAGGAACGAAGCGCCATCGGAATACTCCGGCTCGAAGATGATGGTGGCATTCATGCGTTCCGCCATTCGTTTGGAAAGGTACAGCCCAACACCCATACTGTGTTCGCCAGCGGTGGGTCGGGCCGAGAGCTGGGTGTACTTTGTAAACAACA
CP129493.1_gap64	2706274	2707030	756	CGTCTGCCAAGGATCCGATGACGCCGTCGCTCGGTCTGATTGAGTTTAAGGAACGCTTCGACGCACGCGGAATTCTGCGCAGCACCTACCACCATTCTTTGTAAGGGGGCTATGGCATCGCACGTTGACGTTGTCCTTGTAGCCCTTGCCAACATCCGGCAGGATGCCCGAACGCTGAACCTTGCCCGTGCCCTCCGTGACCGTGGATACACGGTGGCCGTGATTGCTGCAGGTGATCTGAACGGCGAAGAGATAACCATGTTTACATGGGCAGATCCCGGGACATCGGCCTTTGGTCGGTGGCGCTCGCTGAATGCATTTGTACGCACGATACCCGTAACGGCGCGTCTGGTACTTGGCATGGACCTGTTTGCTCTTCAGGCTGCATGGGGGCTTGCACGACGGTCACGTGCTCCGCTCTGGTATGATATGCGCGAGTTTTACTTTTCGCTGGGACCCTTACGTGGACGTGGCTTAAAGCAAAAACTAATAGCACGTCACGAGCGGTGGCTGCTTAGGCACGTTCAAACCGTTATGGTCAGCGGTTACCTGGATGCCTCCATCGTTCAGGAGCGGTTCCGGCTTCGGTACCGTCCACCCGTGCTGTTAAACACTCCACCGCTTCGTTCCGTTGTTTCGGGCACCTACCTGCGGGATACATTCAACATTCCGGAAAGCGGAATCTGTATCCTCTACCAGGGGGTAGTGCACCACGGACGCGGCATCGAACCCATGATGAAGGCGATGGCCCTGCAG
CP129493.1_gap65	2719770	2721698	1928	GAAAAGCAATGCGAACACGCTGATTCTGGTTACCGATAACGGCAAGGGAATGTCGGCCGGCATCCGGAAAAAAATCTTCAAACCCGGCTTTACCACCAAGCACCGCGGCTGGGGGCTTGGGCTCTCGCTTTCCAAGCGTATTATCGAGGAATACCACCATGGCCGGCTGTATGTAAAAGAATCTCAGCCCGGCGGGGGTACTACATTTGCAATTGAATTACCACCCATGGCAGCATGACAGAGACCACGAAACCCGGAAAGATAGACTGGCTGATCCTGCTGCCCGTGGCGGCACTCCTGATGTTCAGCGTTGCCTTTGTGTACAGCGCCAGCTCCACCTTTGCGGCCGTTAAATATGGATCATCGGAACAGATGTTCTGGAACCATGCCATCCGGGTACTGGCAGGTATTGTGACCATGATTGGCGTCTCCAAAATCGACTACCGGTTTTGGTACCGCAACGCAACAATCCTCCTGCTGATCAGTATTGGATTTTTATTCCTGGTTCTTCTCACCGGAGCCGAAATCAAGGGAGCATCGCGATGGATACACCTTGGCCCGTTAAACTTCCAGCCGTCGGAACTTGCCAAGTACGCCCTGGTCATGCAGGTGGCCGTCCTCCTCTCAAAAAACAATCTTCGCACCGAACACTGGCGGAATTCACTGGCACCCGTGGTATTGTGGACGCTGCCCGTATGCCTTTTAATCGGAATGCAGCCCAACATGTCAACCATGGCGGTTATCCTGCTTATCGTCATGGTTATGATGTTCCTGGCCAACATTAAGCCCCTTCACCTCATGGTTCTGGCCGGCGTACTGGTCGTAGGAATGGGGGTTTTTGCGGTAAGCGCCGACTACCGGATTCGTAGGCTGCAATCATACCTTGGCACTGAAAGTGCCGACGAAGCCGTAGGCTACCAGCTGGATCAGGCCCTCATTGCATTTGGAAACGGGGGGATTACCGGTGTGGGCCCCGGACAAAGTCGGCAGCGTGACTGGTTTCTGCCGGAATCGTACGGTGACTTTATTTTTAGTATTGTTGGTGAAGAGTATGGATATATTGGCGTAGTTTTACTCTTACTGTGTTTTATCGTTATTACGTGGAGAGGATTTACAACCGTGCGTGAGGCACCGGATACCTTTGGCCGACTACTTGCCGGCGGCATTACAACCACGCTTGCACTGTATGCATTCGTGAATGCCGGCGTTACCTGCGGGTTGCTGCCAACCACCGGATTGCCCATGCCGTTTATCAGTTACGGAGGGTCGAGTGTACTGTTTTCAACCATAGCCGTCGGCATTTTGCTGAACATTTCATCACATGCCGGAGTGTATGGCAGAAAACAAAAGACACTGGAAAACACCTAACGAGGCTGGTTTTTTCGTATAATTCGCACTTATGAAAGCTGGAATAGAGCGTTTGTATTACTCAATTACCGAAGTTAGCAAGATGCTGGACGAGGAGCAGCACGTATTACGGTATTGGGAACGTGAGTTTTCACAGCTACGTCCGCAAAAGAACCGAGCCGGAAACCGTGTGTACACGAGCAAAGATTTGGCAGTCTTAACCACGATCAAGAAATTGCTTCGTGAAAAACGCTACACCGTTGCCGGTGCCAAGGAACATCTGAGGCATTACACCGCCGATGAGCTTGCAGAAGAGGCGTTTAACAGACAGGAGCAGGGGGCTTTAGACGAAGGAGCAGAAAATTTAGATCGTATTAAAATCGTTGCCGGTACCGTTGCTGCAGAGCTGCGTGAACTGGCAACAAAACTCAGGAAAACTAATAACACTGGAAATACAGCGAAAACTGAGATTGAGTAACAGAAACATCATACATAAGGGATATCTACATGACTCGTAATGGGCTAGTTGTCTTCCTTGCTGCAATACTTGCAGCAACCGGAATGGTACAGGCGCAGAGGAA
CP129493.1_gap66	2724928	2725453	525	CCATCCCGGCTACGGCTTTCTGGCTGAGAACGAAACCTTTGCCGAGATCTGCCATGAAAGTAATCTTACCTTTGTCGGGCCCTCTGCACAAGCGATTGCCAGAATGGGCAACAAGAGCGTGGCCAAGGAAACCATGCGTGCTGCCGGAGTACCCGTTGTACCGGGCTCTGACGGCGTGGTAAAAACAATTGATGATGCAAAACGGGTAGCAGCCGACATCGGTTATCCGGTTATGCTAAAAGCTGTGGCAGGGGGCGGTGGCAAGGGGATGCGTTATGTTGAAAGCGAGTCGGAAATCGAGCGCGCATATTCTACGGCACGCGGCGAGGCCGAATCGGCCTTTGGCAATGGCGATGTGTACGTTGAAAAATTTATCGAAGAGCCCAGACACATTGAAATTCAGGTCTTCGCCGATACGCACGGTACTGTTGTTCATCTGAACGAACGCGAGTGTTCAATACAGCGACGTCACCAGAAGCTTATCGAAGAAGCCCCTTCACCAATCATGACGCCTGAACTTCGGAA
CP129493.1_gap67	2728717	2732511	3794	GATTGCCGGGAGTGCCTACACCTATTCGTACGCAACAATCGGCGAGTTGTTTGCGTGGATCATCGGCTGGGATTTAATTATTGAATACCTGTTTGCATCGTCCACAGTTGCCGTAGCATGGAGTGGCTATGTGGTAAGCTTCTTTGAGAAAAACCTGCATATTCATATCCCTGATGCGATTCGTGCGGCACCATTTTCTTTTGATCCCGCAACCGGGTTTTCAACAACTGAGTCGCTGATGAATCTTCCCGCAATGTTTATTGTTGGATTGATTACGCTCATTCTTATCAGAGGCATCAAAGAATCGGCTACATTTAATAACATCATCGTATTTATTAAAATCGCAGTAATCCTGCTCTTCATCATTTTTGGTTTTCAGTATGTTAATCCCGACAATTGGTCGAACTTTATTCCCGAGAATACGGGTGAGTTCGGGATTTTTGGCTGGAGCGGTATTTTCCGTGCTGCCGGTGTAATCTTTTTTGCCTACATTGGTTTTGATGCCGTAAGTACCGCCGCGCAAGAGGCCAAAAACCCGCAACGCGACATGCCGATAGGCATTCTTGCCTCACTGGCAATCTGTACAGTGCTATACATCCTGGTGTCACTTGTACTGACGGGTGTGGTACCTTACACCGAGTTAAACGTGCCTGATCCGATGGCAGTAGCCGTAGATGCAACGATGCGCCCGGATGGTACGCCGGCTCTTGGCTGGCTGTCGCCACTGGTTAAACTGGGTGCGATTGCCGGTTTGAGCTCAGTTATTCTGGTGATGCTCATGGGGCAGCCCAGAATTTTCTACTCGATGTCGCGCGATGGATTACTGCCCAAGGTGTTTAGCAAGGTTCATCCACAGTTTAAAACACCGGTGATATCCACGATTGTTACAGGGTCTGTTGCCTTGGTGATCTCTGGTATCTTCCCAATTAACGTCCTGTCAGAATTAGTTTCAATTGGTACCCTGCTTGCCTTTGTGATGGTATGCGCAGCGGTACTGGTCCTGCGTAAAACACATCCCCATATCGAACGGCCGTTTAAAACACCCCTGGTTCCGTACGTACCTATCGGCGGCATCCTGGTGTGTCTGGCTCAAATGGTACCCTTGCCGGGGCCAACGTGGGAAAGACTCATTGCGTGGCTTGCAGTTGGAGTTCTGATTTACTTCTTCTACGGTATCAATCACAGCAAGGTTAATCAGGGAAAAACATGGGCAATGCTGCCGGTGGTTCGAAATGTGACGGCTGTATGCAGCGCCGCCTTCCTTGTGTATGTAGTCTGGGCCCACTTCATACGGTAACATAATGTATAAACGAACTCTAAGCACGTGGGACGCTACATTGGTGGTAGCCGGCTCGATGATCGGATCCGGCATTTTTATTGTCAGCGCCGATATCGCACGACAGGTGCAACACCCGCTCCTGTTACTGCTTGTATGGGTGATTACGGGGGTACTTACCCTGATCGCTGCACTTAGTTATGGCGAACTGGCAGGGATGATGCCAAGGGCGGGTGGACAATACGTGTACCTACGGGAATCGTTCGGACCGCTGGCAGGATTCCTGTATGGCTGGACGTTGTTTACTGTTATTCAAACGGGTACAATTGCTGCAGTGGCAATGGCATTCGCAAAGTTTCTGGCGGTGCTGGTACCGGGCCTGGGCGAGAATGTTGTACTGTCGTCGTTTTCGGCGGGAGGCCTCTTTACCGTAAACCTTAGTGCTGCCCACTGTGTTGCAATTGCCTGTATTGTTATCCTAACGTTTCTTAATACCCAGGGCGTTGATGTGGGCAAGTGGGTACAGCGGATTTTTACGAGTACGAAAATTCTAGCCGTTGTCCTGCTGGCTCTTACGGGAATTCTGCTTGGTTCGCTGTGGGGACAAAACATGTCACAGCCCCTTCCATCCATCTCCTTCATGACGCTCTTGCCAATGATTGCAGTGGCAATGGTAGGATCGATTTTTAGCAGTGACGCATGGAACAATATCACCTTTATTGCTGCCGAGGTAAAACAACCGGAGCGCGCAATTCCAAAGGGACTGTTTTTTGGTGTGCTGATCGTTACGCTGATGTACCTTGCGATGAACGTTGCATATCTGAACGTACTGCCGTTTTCATCCGCAGATGCCCCGTCAATGGCAACAGCCGAGTTTGATCGTGTGGGGACGGCTGCGGCAAATTCCATTTTTGGTCAGAGTGGCGCCGTTATTATGGCATTGCTCATTATCGTTAGCACATTCGGATGCAATAATGGCTTAATCCTTGCCGGAGCACGTGCGTATTGGGCAATGGCCTCGGATGCTTTGTTCTTCAAGGGAGCAGCATCGCTGAATAAGGCCGGTGTCCCGGCCAAGGCACTGTGGATTCAGTGCGTGTGGGCTAGCCTGCTGTGTTTGTCGGGTAGCTATGGACAGTTGCTGGACTACGTTGTATTCGCCGTCCTCATATTCTATGTTCTCACCATTCTTGGCATCTTCCGTCTTCGAAAAACACAGCCCGACACTCCCAGACCGGTTAAGGCATTTGGCTATCCGGTTCTTCCCGCATTGTACGTGATAACCGCATTGGCAATTTGCGGTGCACTCCTGCAGTTCAAACCTGACTATACCTTCCCGGGATTGATTATCGTGGCAACCGGGATACCGGTGTATGTTGTGTGGCGGTTTGTTAATGCATCACGATCATAGGCTTACACTGCACGGTGCCTGCACTGCGAATACAAATGGTATACCGTCCGGAAACAAGGTTACTGACGGGTAATTCGATTGTTTGTACGCCCTGATCAAGATCACCACACCTGATGGTGCTTACCTCGATTCCCAGTTCGTTGATTATCGTAACAGTAACGTTATGTAATATGTTAGCCGTGTTCACAACCACGGCAGCATTGTTTGTTGCTGGATTTGGAGCAACGGTACAGGAATATGCCGTATGTGGAAGTTCGCCGCCCGCTACACCCGTGGTGCGAACCGACTGCATCGTGGGTTTGCCAGGATCGTAAAAGCTTCCGCTGGCCGTAGTCCGTAGCGTGCACGGGTAAATCTTGTAAAACACGTCGCCTTCGTTGACGAGTGAATCGGTGAACTGATTGGTGGTAAGGGGCTGTGGCGTGATCAGCTCCCACGGACCGATGCCTACTCTGCGAGTGATTACGTATGCATCTACCCCTGCGGTGGGCTTCCACCCAATATCAATAAAATGGGGATAACGGGGTTCAAGGGTAACATCGACAACACCCGGGACATGTCCGCCAAATGCTTTAAGCGTGGGGTCGCCCATGAGTGCAATGTGTACTCCGCGGTCACCAACAGACGCAATCCCGGCACCTCCTGTGGTGAAGAAGAGGTTCGGCACGTAGGTTCCTAACTGTGTGCCAACAACCGATTGGTTGTTCTGGCTCAGGCGGACACTGTATCCGATGGTTTCGCCTAATGCCATGTGGTGGGTGTACCAGGCTGGCCTGCCAACCCACCCGCAGGTTAGGGCAGACGGGCTTGATGCAATTGATGCCCGCAGCAGATTGTCGCGTGTGTCCCAGTCACCAAAGTAGCTGCCAAAGAGTTGAGTATGTATTGCATAAACCGGGCTCGTGGCAAAGTCAGCAGTATTGCCAATACCTCCTGCGCTCTTATATGTGCCTCCGCCACACCCGTATGCCCACAGGGTGTATTGGGGACCCTTTAATTCGTTGAACCACTTACCGGCCTTCACACCATCACTGCCGGAGTACAGTTGGAAGGTACGCCATGCGCTACTGGCAAACCCCTCGCCGTACGAGCCGAAATTGTCTGCAA
CP129493.1_gap68	2736982	2737730	748	CCGCTTGTACTGGAGCCGGGAAGCAATGCCACGATCGAAGTACGACAGCGGCCAAGGGCACCACGAGTGTATCTTGCCAAAATGGTAATATATTATAGTAAGCCATGTAAAGGGGCCGATACAACGGTGCTGGTGCGTGGCGAGGGATTTGCTCAGCCGCGCGGTATTGCCTTTCAGTTCGACCCGAACCGTGTAGTACCGGATACGTTTGTTATGGCAAGCTGCGATACTCTGGTGATACCGCTCCACTCGTCGATATCGATTGATGCCTCGGTAGTTGACATCTTTATGAGGGTTGATTACGATAGCTCTCAGCTCAGATTGCTGGATGTAACGTCGCCACTTCTGTCTAACCAGTGTACGTCAAGAACCGGTGGAATTCAGTACACGTCATCAGTGATGACCGATGTCTCGCCGTACGGTGGTATTAGGGTGACGCTTAAGAATGTTTGCGGTGTTGACTCGCTAAACCCGTTTGCTTATCTGCGTTTTGTTACCGTGGCTAACAACCGTGCCAATAGTCCGGTTTCGGTTGACAGTATAAATTTTGATACCGAAGATGTAATCCTGTATCGATTGATTGGCGTTGGAGACCGTGGGACGATTATTGCGCAGCTCTCTGATATAGCGATACGGAATCCGGTGGCATTTGACAGCGTCAGGATTTTAGACTGTAGCGAACACACCATTGTGGTTGTGAATGTGGGTGATATATCGAATACGATAGACAGTTTGGTCGATCTGCCTC
CP129493.1_gap69	2926048	2929093	3045	CAGCAGGTCGAAGTCCGGCCACGCGAGTCCGGGATTGTTGTTGCTGCGTCAGTTCCACGCGAAGCCCGGTGTTCGTGGTACGACCTTAGTGGCAGGTGTTTATACACGCAAGCCTTGAACACGGTAGCCGGCGACGTGTATCTTGCTACGCCGCCCCAGGCAGCACGGGCAACCATGGTTGTGGTTGTAACCACCGACGGAATTGTTGCTACTTCTGTTCTGGGTCTGCAACCACAAGGTCGATAAGGCGCTTGTCAACGTCAGTGCGGGCAATAACAATATCCAGCTCTGTTCCGTACTGGAAAATCCGGCGATTACGCCGGCCAATGAGTCTGAACCGTTTCTCATCAAAAACATAGAAATCGTCGCGCAGGTCTCTGATATGCAACAGGCCTTCGCACATCAGCGTGCTGATCGTAACGAAAATCCCAAAGTTCGTTACTCCCGTTACATAGCCGTGGTGACGCTCGCCCAGGTGGGTGCGGGCAATCATGACCTGTGCAAGTTTTTGTGATGCTCTCTCTGCCTCTACGGCCATCCGCTCTGTTTGCGAGCTGTGGTCGCTTACGTAAACAGACTGCTCATAGACCTGATGAAGACGTTTGTCGCCGGGGATACCCTGTGCATATTCTTTGAGCATGCGATGGACAAATAAATCCGGATATCTTCTGATTGGCGAGGTGAAGTGGGCGTAGGCTGTAAATCCTAAACCATAATGGCCGATATTGTGTTCCGCATAAACAGCTTTTGCCATCGACCGCAGCAAGAGTGTGTTGACAACTGCTTTTTCGGGGCGATCTTGTACAGCCGTAAGTATTGCATTAATCTGTACCGGCGTGAGCTTGCCGGAAGGCACAGGAATACCCAGCGCCCGTATCACGCTTACTGCGTCGGTAAGTTTTTCACTATCGGGCTCACCATGAGTACGATAAACCAAGGGCAGTGGTATTGTGCGTCTGTGTGATTCTGAAAGTTTCTCTACGTGTTCAGCTACCACACGGTTTGCAGCCAGCATACATTCTTCAACCAAGGAGGTAGCCGCGGTCCGGGATTTAACAACTGCGCTCACCGGGACATACTCCTCATTGAGTAGATACTTTACCTCCTGTGTTTCAAAGTCGATCCCACCATGCTTCATTCTTCGGGCAAACAAAGTTTTGGCCAGTGAATGGAGTCGTACAACAAGGTTAGCTACAGGATCTACAGGCGTACCAGACCCCTCGACCGCGGCGTCAATCATAGACTGCGCTTCGTCGTAGGTTAGGCGTTTCTTGCTCTCAATTAGGGTCTCCGTAATCCGATAGTGCTTTAACATACCCTTCCGGGTAAATCGCATGAAAACGCTATATGCGTATCGGGGCTTGTTGGGGACCAGCGAACAAAGATTGTTGCTTAATCGCTCCGGCAGCATTGGAACAACAGCATGTACCAAGTAGGTGCTGGTGCCCCGTTTGAGTGCTTCGGTATCGATGACAGAGCCGGGGGTAACGTAGTGCGACACATCGGCAATATGAACCCCAAGCTCTACATCGCCTCCTTGCAGTTCGGTTAACGACAAAGCATCATCAAAGTCGCGCGCATCTGCAGGGTCAATCGTTATGATGAGTGTATCGGTAATATCTTCACGGTTATTGGAAATTGGTAGTGCCGGTTCCGACAGTGCGTTTGCTGCCTTTTCAACCTCGGTGGGGAAGGATGATGGCAGGTTAAACTCTTTCAGTATCGCCGTGAACTCTACCAGAGCCTTGCCGCTGACACCGACAACGTCGCGAACTGCAGCTTCAGGCGCTACCTTGGGATTATCCCACTTAATGAAGCGGCCAATAACCTTGTCGCCTGCCTTAGCCCCTTTCAGATTGCTCTCAGCAATCATGAAATCCATGTGGTATCTGGGCTCATCAGGAATAAGGTAAAAAAAGCTACCATCAAATTCAATGGTGCCTGCAATGGCATGCTGTGCTCGTTCAATGATTCCGAGTATCTCGCCCTGGATTTTCTTTCCCGGTGCAGGTGCAAGGATGTGAACGCGCACGGTATCACCGTCGAGTGCAGTGTGGAGGTGCTGTCGTTTAATCAAAACCGGCGGTGCCGAAGCATCGGTTGTTCGGACGGAGGCACTATCATGGTAATAGGTAAGTGTGCCAATAAACTCATGTGTTATGTGATGCGCAATACTGTAGCGTCGGCGGGCATGCTTTTGCAAAATCCCTTCGGCTGACATTGAATTCAGTACATCTTTTAGGTAGTCATAGTCTTCTGACTCGGACTTGATGTGCAGTCGCCTACTCAGCTCAGACAAGGAGGTTGCCTGTGTGCTACGTTCTAAAATCTCCAGGATATCTTTTCGGAGATCAAGTGTGTTGTGATTTTTCATTTGTTAAATAATATGAAAAAGGGGATATACATAGTGTACTGGTGATACCTATCCGAGTGCGACGTCGAGTATCATCATAACAACAAAACCGCCAATAAAGCCAAGCGTTGCCACATCGGTAAACTTATCCTGCTGTGTTTCGGGAATTACTTCTTCCACAACAACATAAATCATGGCACCGGCGGCAAATGCCAGCGCGTACGGCAGTACCGGCTGCATGGAAAGGACCGCTACCGCACCGATCACCCCGGCAATCGGTTCAACAATTGCCGACAGCTGTCCGTAGTAAAAACTGCGCAGCCTGCTTACTCCATGACGGCGTAGCGGGAAAGCCACGGCAATACCCTCGGGAAAATTCTGTAACCCAATTCCAATCGCCAGTGCCACGGCACCACCAATCGTTGCTTCGGGAATGCCCGCCGCTACACCACCGAACAGTACACCTACGGCTAAGCCCTCAGGAATATTATGAAGCGTTATGGCAAGGATGAGTAGTGTAGTGCGATGCCATTTTGTTGACGGACCCTCCGTTTGCGACGGGTCGAAGTTGATGTGCAGGTGGGGCACAAACTTATCAAGGGCAAAAATGAAGAGTGCGCCTGTCAAAAACCCCACAGCCGGCGGAAGCCAGCTTGGCAACCCCATCCCTTCGCTCATCGCAATGCTTGGGG
CP129493.1_gap70	2951258	2955055	3797	TTCGGAGTGGCGCGGAATCGGACGCTGCTGGAGAGCATACAGGCATCCCTTGGCAGCCTGTTTGTTCCGGTGCAGCTGGATATAACAAAGGCTGACTCTGTTGAATCGTGGATTCATAATTCATTTTCCGATAGCAATTGTCCGGATATTCTGATCAATAATGCCGGTATAGGTGCCTTTAAAAAAGTTGATGAAACCGATACCGAGCTATGGGCGAATATGATGAATACCAATCTGAACGGCGTTTTTTATGTTACGTCTGGCCTGGTTCGGTTGATGAAACGGAAGAACTCACCGTCACACATTGTGAATATTGGTTCCGTTCTCGGAACGGTGGGCAAGGCTGAGGCAACGGCCTACAGCGCCAGCAAGTTTGGTATCCGGGGTTTCAGCGAATCCCTCTACATGGAGTTGCGACATCACGGGATTAAGGTAACGTGCGTATGCCCGGGCTCGATTGAAACCAGTTTTTTTCAGGATAGCGGAATAAGCGCTAGTCCGTCAATGCTGCAGCCTGCCGATGTTGCCAATACGATCGTTCACATTCTTGAAACACCAGATACGATGCTGATCAACGAAATCATACTGCGCCCCCTGACTACGAAGCGTTCTAATTAAGTGTCGTGGTTTTATCGCCGAACCTAAGGAGAGGGCGTGTACACAACACGGTTGTTCTCTATCCTCGCCGGTTCAGTATAGGAGTGTTCTTCCACTGTGGAAGAACTCAGAATGTGTAACACCTGCCAACCCCGAGCGGTTAGGAAGTCGGCAATTAATGCTCTGTGGCAGCGCCACCACACTGCCTCGGAACACATAACTGCGCAAACACGACGAAGGGCGTCTTCCTGAAACTCCTGAATTGCCGTCTGAAAAACTGCTGTCTCCATATAGTCTGCGTATCCTCGAAATGAGGCGTTGCGCCATGCTGTGTTCCGTGAGTCGGGATTCGGGCGTCGGCGGCCACCTAATCCGGGATAATGCCGATACACGATGTTGCTTTCGGCAAGTGAGTTTCGGAGTACGTCAGTGTTAAAGTGGGGGTATTTCCGTGAATAGGGGAACCGTCGAACATCTGCCAAAACCTGAACCGAGTGTACCGTGAGCAATTCGGTGAACTGAGCCAGACTGCGGGTAGAGTGGCCAATGGTAAAAACGGTGCCGCAATGGTGTAAGGCTGAACTCACAATGAGTTATCGGGCAGACGTAAAGGCCTGCAAATACTTGTCAATATAAACGTCGCGCTGCCGGGACTTGTACTGCTGAATGTAGCGGGGATGATCCAGCACAATCAAACGTCCAAACAACTTGTGCTCGTTGTTAATGTCGCGAATAAAATCAGCATTCTTTTTACCGAGGACAAATGCAACCGACGTGTGTAATCCCATTGAAATGTGACTCCGCAGAGTTTCAATCATGTAGTCTTTTACGCAGTTGTACAGCTCGGCATCATCGTAGTAATTAGCGTTAAGCCATTTACCTTCTGCTGCCTTGCGGACAATAGCCAGCGGGAAAGGAGAGTTGATGTAAAACTTGGAGTAAAACTTTTTCGCTCCGCCGTACTGCTTGATCATCTCGTACACAAACACCGACGAGACCTCGTGAGTGTAAGCTGACGTCATTGGAATACCGCATACATCGGCCAGCCTCTTGGTGTCGGTAAACGGTACACCCGTAACACCAGCTCCGTGCCGGCTTGGGTTGATACCGATAATAAACCAGCGTTTTGAAGAATCGCTATAGAACTTATCGTAAAACTTTTTCATGACAACCATTGTTTCAGGATTGTCAGTAAAAGGGTTTAATACCGCAAAACCTTTGGGGAGTTTGGCTGTATATTTCAGCCCCTTATTAAATCGAACAACATTATTGCCAAACGAAGAAGAACGGGTAGCCATACGTATTTCAATACCATATCAAGTTTCCTGCAAAATTACGGTAATGGGGATGGGGATGGGGTGCGGGGGGTCAAACCCGCCCGCATGAAACATCATAAAAAATTATCATAATCATCTGAAGGGACTGAGGTCCAAATCAATTGGGACGAGAACCCGTCCAGGAGGGTGGGCTGGGGGTGTCACTTTTTCCGTCATCCCCGCACTATACCTGAAAGCAATTGCTCCGGAATTCCTATGGTAGTTTACGTAGGCTGTGCAACCCAGCCGACCAGCCGAGCTGTAGTGGTAGGTGGTGATGCACGATGGTGGTGGTGGCGGGGGTGGGGCCCAAAGGGCCGTAGTCCGTCCGCTTGGGATTTATCGCGTGGTTCGGTTGCGCAGGTGGGTTGTGTTAAACCATAATGTTGCACTGGTCCTGAAAAAGTGGACACTACGGAAAAGGCGCAATTTCCCCAAAACCTTAGGAAAGAGCAATGAAACACGCACCACAGTTTTATGATGAAGAATTTAAACGTCGCGCCCTGGAGATGGTAGCTGCGGGACGGGGTGCGGGGGACGGGGGACGGGGGATGAGGGATGAGGGACGGGGGGGCCGCAGGCGTGGCAAATGGTATATTTACACTTCAATATTGACGTTGAATGACGCATAAAATCATAGTGAACATATCATTGTCAGGATAATAACAGAATGATTACCGATCAGCTGATAGAACCTCAAAGTATAGCCGTTGTCGGAGCTTCTGGAAACCCCTCGAAACCGGGTGGAAAGGTGCTAATCAATTTAATTGACGGTGGCTACAAGGGGACAATTTATGCGGTTAACAAAAAGCCTATTCAAATACAGGGGGCAACCCACTGCTACTCGGTTGACGACGTAGGCAAGATTGATCTTGCAATCCTGGCAATCCCTGCTGAGCAATGTATCGGTGCAGTGAAGACGTTGATTGCAAAGGGGGCTAAGGCCTTTATCGTGTATTCCGCCGGTTTTTCGGAAGCCGGACAGCATGGAATACACCTTGAAAAGCAGCTTGTGGAAATTGTGCGGAAAGCTAACGCCACAATGATAGGGCCTAACTGCATTGGCGTTCTGAACAAGCATTATAAAGGAGTGTTTACAACACCGATTCCGGAATTCGATTCCTCCGGATGCGAGCTTATCTCCAGCTCGGGTGCAACTGCCGTGTTTATCATGGAATCTGCACTCCTCACCGGGCTTCGGTTTTCGAATATCTATTCGATTGGTAATGCATCGCATACCGGTGTTGAAGATGTGCTGGAATACATGGACGTCAACTTCGATCCCGACAGTAGTCCACGGGTAAAGTTGTTGTACCTGGAAGAGATTAAAAATCCGTTTAAGTTTATTAAGCATACCGTTTCGCTGAGGAAGAAGGGCTGCCGGATAGCAGCAATAAAGTCAGGGTTTTCTGAGGCCGGCGGACGTGCGGCATCATCGCATACCGGTGCATTGGCAACGTCGGACACTGTTGTTCGCGCCCTATTTCGGAAATGTGGCATTGTGTATTGCAGCAGTCGTGACGAGCTTATTGCTGTGGCAAGCGTAATGCAGTCAAAGAAACTTGAGGGTGACAAACTGGCCGTCATTACTCATGCCGGTGGTTCGGCAGTGATGCTAACCGATGTATTAACGTCAAACGGACTCCAGGTTCCGTCATTCCCTGAACACGATACTGCAGATTTATTGGCAAAGCTGAATCCCGGATCGTCTGTTGCCAACCCGATTGACTTTCTGGCTACCGGCACTGCGGAGCAGCTTGGAGAGATCATCGATTTTTGTGAAATGTACGATACCATTAATGGCATGATTGTAGTGTTCGGAAGTCCGGGTTTGTTTAATGTTAAAAATGTGTATGAAACACTCGACGCCAGAATGCAGAGGTG
CP129493.1_gap71	2964644	2967999	3355	GTGGATGGATGATTTTAGTCCTCCGGGATGTATGACAAGAGAACAGCTCTTCCAGAGCTATTCCTACGGGAACTTGATTGATGCAATACAGCGGGAATTTAATAAACTGCTGGCTATAGAATCGGAAACGAAAGTACCTCCAAAGCAAATTCCTACATGTCCAAACGTTAGAACGTATCGTTCCGGCGTTGCGTCACCGTGTAGGAAGGCAATGGTGTACTGGACGTACTCAACGAATTTTGTATCGGTTTCATCGGATCCGGGGTATGTTGGGATTGAATACGATCCAACCAAGCCATGGTCGTGGTACGAGGCTCAAAAACCATTAGGATCCACAAATGTACAGGTGGTGATGGAGATCTGTAAGGAGGCGGGCTGCTGCATGAGACTGGTGAACGTGTGTAAAGGCGAAGCTGGAGAAGTGATCGTGTTGGCAGGTGAATTTATCTCCGATCCCATCAGCTGCTGGACGTATCCCATTGACCCGAACTGCAATGTTATCTGGTGTAATCAGTGGTGGTAACTAACGATAACGTATCCCAATTGACTAATATGAAACCCTGAAAGGTACCTGTATGAAACAGCTATGCGCGTGTGCCGTGTATTGCATCTGCGCTGTTGCAGTTACAACGGCGGTGTCGGCACAAGTTCTGGAACGCTTGAGCGGCTTCGGCTTTACCGGTGACTGGTATCAGACCAAGCCGGTGTCGGACAATGAGTACATTATTGTAGCCGGCAGTGGTACGCTGATTTGTTGGAATGTGGAAGAGCGCACCTTTGTGAAGCAATCTGTGTTACAATGCCGTGCTCTGACCTCGTTTACTTCAGCTAATGGGATGTGGTATCTCGGGACAGCCTACGGCGAGATACTGTCGTCCGGAAACAGAGGTGAGACTTGGGACGAAGTAGGCAATGTTGGTGCATGGATATCGGATTTGCAGGCTATTGGTGGCACGGTTTATGGGATTTCGTACAGTGGAGATGTGTTTATTTACGATGAGCTGACAGGGAAGCTGAACATTACTCTGCAGCGGCAGGACAGACAGTTTACCTGTCTTGATGTCAACGGCCCGGTAATCACTGTTGCAGGCACGAAGGGTGTAATCGTTCAAAGTCAGGACGGCGGCACCAACTGGGAGACTCTGCAGTCTGACACTGCTAACCGAATTACTGCAATCTGCCGGGTGGATGATACAACGCTGGTGTTCGGTGGGACTGCCACGCGGTTGTGGACGTCGGATGACAACGGACGGACAATGGCTCATCGAACCGTACTAAGCTGGACGTATTATACCGAGGAGGGAATACCGGGCGTGAAGTATGACCCAATCAATAGCATTATCTATTATCACAACAAACTGATGGCTGTGGGGAGTATGCCAACGAGATTAGGGTTGTTGCCGCGCTACGGCATCTACGTGTCAACCAATTCCGGTAACTACTGGAAACAGTATGAGCTGCCTGAAACCCCGATAGATCTTCCTGCGCGGTTTCAGTTTGCCAATGCCATCCTGCCCAGACCGGATGGCTCAGTGTATGTTGTAGAACCGGGCTGGGATGAACCGGGTTCGATCAGAATTTCATGGCTTGCACCCGACCTGACTCCGAGTGTTGATACCATGTTTTTCCAACAAAATTTAATGTTTACTGAAAAAACGAGCAATTTGCAGAAAAGCGGGAGTGAAGCCGTTGCAGGCGCATATCAGTGGCAGAACAATCAACTACACAGGCTTATATTCACGGACACTGACCCGGACGTGTATGGTGAACACCGTTTAACTGTCATTCAAAACAGCACTGACCGGGGCTTGTCCTGGACCACCACTGGCGAGCTGGTCACACCCCAGCGAATCAAGTGGTGGCACGTGGCAACCGACAGGATTTATCTGTGTATGGGCCTGCGGGAGAACAAAGGAATACCGGACCGTGTAGCAATGTCCACCGACGGAGGCGCGACGTTTACGTTTTCTCCGTCGCTCCCACGCCTAATGGAATCGGCGGTGGGTGACGAGCAGGGGCGACAGCTTGTGATGTTTTGCCGGAATAATGATACGGTTGGACAGGAGATACAGAAGGGAATGTTGTTTGACCTGCAACCGGACGGAACCTGTACTCGAATTGAGCTCCCAAAACTGGCACAGCGATTTTCAATTAACACCCCGTTGGTGTACAATGATTCACTGTACGTACCTGTTTGGGAGTTTGACACCAGCGGTAAGGTGAAACATTCCTGGATCATTTCAAATTCGTTACCACTGACCACCTGGAACATACGGCCCATCCCGTTTTCATTCGAGAACTTAAAACCATTTTACCAAATGGGTATTTGGGCCGTAACCAAACGCTATATCTATCTAAACTCAGGTGAGCTACGTGTAGCAACCTATGATTTGGAAACCGAAACTGTAACTGAAGAAAACGTTTGGCCTGAAATTGATCTAACGGATCCATGGACCACTACGAGGTATTTTGACCTATTTACGGCAACAGATAATTATCTGTTTTACTCGCTCGGCAGAATCCTGAGAATGCGTTCCAAGTCAGAGACGCAATGGCACACCGTCTCACGGTGCTCTGATGGTGCTCCCCCTTCGGGAAGCATCGGTGCTATCATTCCGATGGATTCTGTAAGCATGTTTATCGGATGTTCTTATGCAATGTATTGGCTTCGACTTGATGGTACCAACACGTCGGTCGCCGAACGTCCGCTTCCGGTAAACGAGGTGCGTGGCGTCGTGCTTCGGCACAGTCAGCCGGTGGATCTACATCCATCTACAATTAACGCAACATTATACACTGCGAACGGCGAAGCTGTAGCCGCGACTGCGCGCAACGGAAATACTAACACAGAGTTTCGGGTACCGTTTGCGGCCTCCGGCGTGTATTACCTGGTAGAAGTCACCAACAATGAGCATCTCGTCACCCGGGTCATGATAATGCCGTAGCTTATGCACGTACCGCTGTCTGATTAAGCACTCCCAAAGGTTATCCGTATCCTCCCTCTGCCAGGAGCATATTCGTATTTTTGTGGTATGAAGAAGCTCATGATTTATGCGCCTTTACCGATCATTCTCTTGGCGTTTGTAATTGCTGTTCTGCAAACCTCCGCAAAAACCATTCGCGTACTGTTTATCGGTAACAGCTATACTGCCGTGAACAACCTGCCTGAGGTTGTAAAACAGGTTACACAATCAGCTGGTAACGATATTGAATATCAGGCAAGTATTCCTGGCGGAACAACTCTGTGGCAGCATACAACAAACCCGGTAACGCTACAGCTACTGCAGGAAGGGAATTGGGATTTCGTGGTTCTGCAGGAACAAAGTCAGATTCCGTCATTCCCTGACGGACAGGT
CP129493.1_gap72	2986996	2987496	500	ATGGCGTCGGCCCCGGTTGACATTTTCATCCACGACACATACTTCATTGTAGCACACATTCATTACGTATTGTTTGGCGGATCCCTGTTTGGCATCTTTGCTGGTCTCTACTACTGGTTCCCGAAAATGTTCGGAAAGATGTACAGCGAGACCTGGGGACGCCGGCATCTCTTCTGGTCATTCGTGTTTTTTAACGTGACCTTCTTCCCGATGCACGTATTGGGAGTAGGCGGGCACATGCGCCGGATTTATGATCCGAGCGTTTATGATTTCCTGAAGGGCATGACATCGTTTAACGAACTGATTACGATTGGTGCCATTGGCCTGGGATTCACACAGTTAATATTGGTGGCCAACATTATCTGCAGTATTAAGTGGGGTAAAAAAGCGCCACGGAACCCATGGAATGCCAACACACTTGAGTGGGCTGCACCGGAACATCCCGGACACGGCAACTTTGATACTGATATTACCGTGTACCGTGGTCCGTACGAATTTTC
