gap_id	start	end	length	sequence
CP129343.1_gap1	193248	195563	2315	GGCCCCCAGGAAGTGACGGTGATCGGGGACAACGAAACCCGCATTCTCAAAGCAAAAGAGATCATGTTATGCCCAGGCTCGGTGCCCTTTGTGCCCCCCGGCATTGAAATTGACCATAAAACTGTCTTTACCAGTGATGAAGCAGTGAAGTTGGAAACGTTGCCCCAGTGGATTGCCATCATTGGTAGTGGTTACATTGGCTTGGAATTTTCCGACGTTTACACCGCCCTCGGTTGTGAAGTGACCATGATTGAAGCCCTGCCGGATCTGATGCCAGGGTTTGATCCGGAAATTGCCAAAATTGCCGAACGGGTGCTGATTAAATCCCGGGACATTGAAACCTATACCGGCGTATTTGCCACCAAAATCAAAGCAGGTTCCCCTGTGGAAATTGAACTCACCGACGCCAAAACAAAAGAAGTGATTGACACCCTGGAAGTGGATGCTTGTTTAGTCGCCACTGGCCGCATTCCTGCCACCAAAAATTTAGGGCTGGAAACGGTGGGAGTGGAAACCGATCGCCGGGGTTTCATTGAAGTTAACGACCAAATGCAAGTGATTAAGGATGGCAAACCGGTGCCCCATCTCTGGGCGGTGGGAGATGCCACGGGCAAAATGATGCTGGCCCATGCCGCTTCTGGCCAAGGAGTGGTGGCAGTGGAAAATATCTGCGGCCGCAAAACTGAGGTGGACTACCGAGCCATTCCGGCGGCGGCCTTCACCCATCCTGAAATTAGCTACGTGGGTTTAACGGAAGCTCAAGCCAAAGAGCTAGGGGAAAAGGAAGGATTTGTGGTTAGTACGGCCAAAACTTACTTTAAGGGGAACTCCAAAGCTCTAGCAGAAAAGGAAACCGACGGCATTGCCAAAGTGGTTTACCGCCAGGATACCGGGGAATTATTGGGTGCCCACATTATCGGTATTCATGCATCGGACCTAATCCAAGAGGCGGCCCAGGCGATCGCCGACCGCAAATCAGTGCGGGAATTGGCCTTCCATGTCCATGCCCACCCCACCCTGTCGGAAGTGTTGGACGAAGCGTATAAACGGGCGGTTTAAACCATGGTCACCATCACCGTTACCCCAGAGCAACTGAGTAGTTTGGACCTTTCCCCAGTGCAATCGTGGCTGGAGCGGGCCATTAGTCTTAACCTGAATCGCATTGACGAATCTGCCCTGGCCACCATCGAAAAACAGGTACAGTTCGACATTCAATTTGCCAGGGAAGAAGGCGATCCCAGGGAATTATCAGAGATTCCCGAAGTTCGTCTGTGGTTTATCCGTCTAGATAGCGTTTATCCCTGGTTTCCCCTGTGCTTGGATTGGCAGGCCGGGGAATTTACCAGGTATGCTGCCATGCTGGTGCCCCACGAATTCCATCGGGTGGATGGCATCCAGTTCAATCCTGAAGCTCTGGATCTGTTCATTATGGGTAGGGTATTTGTGTTAGCGGACTGGTTAAAAAAATATCAACTCCCAGCCCAGTTCCGCCTCAAGTCCTTGGCTCAACTGTTGGGCTACGATTTGGACGACAATTTTTTGGCCCAGTTGTAGAGGAGTTTGCAAATAGGACGGACTAACCCCGGCCCCTAGCCTAGGGGGGGAAATTTCGTGAGAAAATATGGAGCTATGCGTAACCAAGATGATCTGCTACTGGAGGATTCCTGGGTTGATCCCCTGGATCAATTAGATGACGACGTAGCCCCTCCACCTCCGGACCCTGATGAAATGTTGGTGCTTCTGACCAGTAGAGAAGCCCCACAGAGGATGCTGGCGGCCCGGGCTTTTTGTGAAATTGCCGATCGCCGGGCGGTGGAGCCGTTGATCAATTTATTAGGGGATAGCTGTCCCCTGGTGCGGGTGAGTGCGGCCTATGCGTTGGGGCGTAATACGGACCCGACCATAGTGGAACCGCTAATTCAAAGTTTGCAAACAGATTTCAATGGTTATGTCCGCAAGGGATTGGTCTGGGCCTTGGGAAATTGTGGCGATCGCCGGGCTCTAGCGCCCTTGATCCATGCCCTCAAAACCGACATTTCCGCCGTGCGCCTCTGGAGTGCCAGCAGTTTGCCTAACATTGCCAAATTGGCCTACGAAGATGTTATTGCCACCATTCCCCCGTTGATTGAGGGACTGAGGCGGGACAAGATGGCCGCTGTCCGCAGTAATTGTGCCTGGGCGGTGGGGCAACTATGCCGGGAATTGCCTTCCAATGTGGTCTATGCCACGGCGATCGATGCCTTGCTGGAAGCCCTAGTGGAAGATGAAGATTTTGGCGTCAAGGAAGATGCCAAATCCGCCCTACTGCGACTGGG
CP129343.1_gap2	196804	199959	3155	TCGCAGGTTTGGCCAATCAACATGACTACCGTGAGTTTTACGGCAAACGTCTTAGGCATGATCGCCTAGTGATCAGTATTCCAGTTACTAGACATTACCGGCTTATTTGTCAGGACGATGGCGATCGCCTAGAACCAAAAGAAATCGTCTCCCACGAAGATTACAATGTATGTAAGCCAGGGCATTGAGCAAATCCCTTGGTCTGGCGGAGAAACTGCTTAAATTTGCCTCAATTATTGCCCATTGCCCCAAGCCTTGGAGGGTTACCTTGTTCAATAGAATTCTCGTTGCCTTGGATCTGTCCCCCGCAGGTCAAGAAGTTTTAGAAAAAGGTTTATCCCTCGCCAAGGTCTATGGCGCTTCCCTATTGTTGCTTCATGTCCTGTCGGCCGAAGAAGAAGGTAGTCCCCTACCCATCCCCGTCAATATGGATGAAATTTACCCCGCCGTGGGTAATGAGTTGACCATGGAGGTGTGGCAACAGCAATGGCAAACCTTTGAACAAGAAGGGTTAGATACCCTGGAAAAACGCCGTCAGCAAGCACTGGCTTTGGACATTGAATGCCAGGCGGAACAAATTTTGGGCAGTCCAGGTAAAATTATCTGCCAGCGGGCCAAACAGGATAATAGTGACATCATTGTGGTGGGGCACCGGGGCCGGTGGGGACTAAGCGAAATTCTCCTCGGTAGTGTGGGGAACTATGTCTTTCACCACGCCCACTGTTGCGTGTTTGTGGTGCCAACTCCGGACTGAGAGGCGATCGGACCCTGAAGTTAACCGGCGATCTTCCCAAAGTTAAATAAAACCATCCCCTGAGCCATGCCATCCATGAGTAACGATTCCATTGTCCGCCACGTCCTGGTCATTGAGGATCAGAAATCTCGTCGCATTGTTTCCCTAGAAGAAAACACCTACGACATCGGTCGGGACCCCAGCAGTGCCATCCCTATTTACGATCGCCAAGTTTCCCGTCACCACGCAACCCTGATCCGGGTTAACGACTATCAGAATCATCAATACACCTATAGATTAATTGACGGTAATCTCCAGGGAAAACGCAGCACCAATGGCGTGGTGGTCAACGGTCAATATTGTCTTTCCCATGAGTTGGAGCACGGGGACGTAATTCGCTTTGGCAATCAGTCCAAAGCCAGCTACCACATTATGAATCTGACCACAGAATCGGAGGAGCAACCCTACGGAGCCGAACCTGTGTCGGTGGTGGCCAACCCAATCATGGGGGAAACCTATGTGGACCCCCTAAACTTTGCCATGGCTGACCACGGCTATGGAGAAGGGGCTGGATTTGACCATGAAGCGGTAGAAGTAGAGGAAGACTCTTCCTTTTCCACAGCGGTGGTCTATAACGATGAAATACCAGATGTCAGCCGCAGTGCTCCATTACCAAGTCATCGTCCACCGGCTTCCCTCAGCGAAAATAGTACCCAGTTAATTGTTGAGTTAACCACTGCGGGGCAGGTGATTTACGCCAACGGGGCAACCAAAGCCTTATTTCCGGAACTAATGGCCATCCAGGCCCAACATCCTCTGATCCAAGGCCTCTCAAATTTATCCCTCACCAGGGAGGGCTTGCAGTTGGAACGGGATATTGCCATCGGCCAACAAATTTTTCATCAGCGGATTTTCCTTGGGCCAGACCGAAGCCGGTTACAGTGCTACAGCGAGGACGTGACCGAGTATCGCAAAATGGAGCAGGGGTTAAATGATCTCCACCATCGTTTGCAAGCCTATCGGGAATATAGCGCCACAGGTTTTCTGTTGGTGGATGCCCGCACCAAAACTGTGGTCGAAGCTAACAGTGCTTTTTGCCAGTTATTGGGCTATGAGGAATCGGAGGTTCTCGATTTCACCCTTTATCAGTTGATCGCCGCAGAACGGCCGGTGATTGAAGAACTATTAATTAACCTGGAAACCCAAAACTATCTATCGGTACCAGAACTAGAGTACCGCAATCGGGAAGGGCAAACGGTACAAGTCAAGGGGGAAGTGTATCGCCTACCGTGGGAGGACAGGGAGGTGTACTGTTTTGTCATGCGCACTCCCCGGGGTCGCCAGGGGTATTCAGAAACCTTGGCTAACCAAGCGTTGTATGACCCCATTAGTAAACTGCCCAACCGGGTAAATCTACAAAAGGAACTATCCCTCGCCATCGATGCGGCAGCCCACCACCAGCATCTCATGGGGGTGATGTTCATCCATTTAGAAATTCTCAATCGCATTAACCAGGCCTATGGCTTTGGCTTTGGGGATGAAGTATTTATGGCCTTCCACGGGGCGATCTCCGACTGTATGCGTTCCGGAGATACCGTAGGGCAATGGGATAGCAACACCCTAGTGATTATTCTGGCCAAGATAAAAAGCCCCCAGGATTCCATTCGTCTAGCGGAAAGAATTCTAGACCGCTTGAAAAATCCCATAACCGTGCGAGAAAGGGAATTTATTTTTAATATTAACATTGGCATTTCCGCCTACCCCAACGATGGTAACCGGGCCGAAGATTTACTCTCTCGAGCCAACGCCGCTCTGCAAAAATTGCGCCAAACTGGTTTTAATCATTATCAGTGCTACGATCCGAAATTTAGCACCGCCGCCCTCCATCAAGCCCGCCTAGAAAACCTTCTTCAACAGGCGATCGCCAAACGGCAACTTACCCTGCAATACCAACCCCAAATCCATCTCCAAAGTGGGGAAATCACCGCCATAGAAGCCCTACTCCGTTGGGAACATCCAGAAGTAGGGGAAATTGCCCCGGGAAAAATCATCCCCATTGCCGCCCGTAGCAATCTCATTTTTGAACTCAGCGATTGGATTTTTCGCACCGCCTGTCAACAAAATTTGGAGTGGCAAAAGGATGGTTCACCCCCTCGGGCGATCGCCATTAATCTATCAGCCCGGGAATTTTATCGCCAAGACCTAGTGATGATGGTAGGTAAAACCCTAGAGGAAACCGGCTTAGATCCCCAATGGTTGGAGCTAGAAATTACCGAAAATACTCTGAGGCAACAACCAGCCAAGGCCCTGGCCATTCTCCAAGACCTCAAAACCTTTGGGGTTAGAATTGCCCTAGACGACTTCGGCCTAGGCCAAATGGGCATTGGTTTTGTCACCCAGTTTCCCTTCACCACCATCAAAA
CP129343.1_gap3	218560	220129	1569	GCCTGCACCTACCACATCCCCCGCCACTTCATAGCGTTCCAGGGGTTGACCTTTGGTGTCGAGGAACTGAACTAAAAGCAGCTTGACGCCGGTTAAGTTCGGTGTCTTCGATGTACTGACCACGGTCCCCAAAACTTTGGCAAGTTGCATGGCTTAATTGGGCTCAAAATTTATAGGGAAAATTAACGGCGGATGATGGAAGGATTAACGATTTCCCGGAACTGTTCCACCGCCTCGGTGTAGCGAATGGGTAGCACATACTCCAGGTTTTCGTGGGGACGGGCAATAATGTGGTTAGACAAAACTTCACCACCGTTTACCCGACGGATGTTTTCAATGCCAGCGGTCACTGAGGCCTGTACCTCGGACACGTCACCCCGCACAATCACGGTGACTCGGCCGCTACCAATTTTTTCGTAGCCCACCAGGGTAACCCGGGCGGCTTTAACCATGGAGTCGGCGGCCTCCACAACGGCGGGAAACCCAAGGGTTTCGATCATCCCAACTGCAATTGACATAGGTTTAAGTTACTCCCAGGGAATATCAAATCAAAAAATCAAAACTACGCTGATCAGCGTCCATTGCCCAGGCTCGGCAGTCCTGGCTATTCTGTGTAGTTGACTACCGATCGCCAAACAAAGGGGAATTAATATGTCCGAAATTGTTCAACTTCTTCGGTATAGCGAATGGGGAGGACGTATTCCAGGTTTTCGTGGGGACGGGCAATGATGTGGGTAGAAAGCACTTCGCCACCGTTGACTCGGTTAGCGGCTTCGATACCAGCGGAAACAGAAGCTTGTACTTCGGAAACATCCCCCCGCACAATCACCGTGACCCGACCGCTACCAATTTTTTCGTAGCCCACCAGGGTGACCCGAGCGGCTTTAACCATGGAGTCGGCTGCTTCTACAACAGCGGGGAAGCCACGGGTTTCGATCATTCCAACTGCAATGGACATGGGGGATAGTCTCCTAGAATCGTGAAAGTGCGGGTAAAAGTTAGCAGGCGAGTTCGACTGTGGTCAGGGGCAGAGCCGGATCTGGCCATTCCCACCAAGGGATCAAAACCCAGAACCCGATTGATTGCCTAACAGTCCACAGTAACAGCTTTGGTGAACGGAAAAATCAAGAGAATTCAGAATAGGTTTTAGCAACCCAAGATAAACCCCCGACACAAAAAGTATCGGCTCTTGACAGCTTTTCCTGCTGTTGAAGTTGAATTTAGGAGGATAAATAAAAAATTTACGGAAATTTGATTATCTACCCTATGAAAAGCATAGGAAACCTTGGGCCCTTTGACAACATAAGGGATTATGATAATTTTTAATTCGACTATTCAGCATTACTAATCAAAAATCAGGGGGCAATCGCCGCTTTTGATACACATTTGGATAGTTAATTAACCGATGGCTATGGCCACCTAGGGGAGGTCTGTTTCCCCCATTAAGTAAAGGTCACAGGCTTTGGCTGCCCCCCGACCTTCGTTGAAAGCCCAGACCACCAAACTTTGGCCCCGGCGACAGTCCCCCGCCGCAAATACCCCGGGAATACTGGTTTCATACTGACCGTA
CP129343.1_gap4	229821	233218	3397	CAGGGGCAAAAACACCCTTAGCAATCATTATTACTGCCTGTATTATTGCCATAGTCTTGCTGTTTTTTACCGGTCTTTTCAGCAATTTACCAGAGGCAATCCTGGGATCGGTAGTTTTAGTGGCGGTAAAAGGGTTAATTAATATTCCTGAGTTACAACATCTCAAAAAAATTGCCCCTCTGGAATTTAAGGTTTCCCTTATTGCTCTGTTCGGGGTACTTTGCTTTGGGGTGCTACAGGGGGTTTTATTAGCGGCGATCGCCTCCATTTTGTTCTTGATCCATATTATTTCTTATCCTAGTAGCGCAGTTTTAGGAAGAATTCCTGGCTCTGACCAATTTAGCGACCTTGAACGTCATCCGGAAAATTTAGTCATTTCTGGGGTATTGATTTATCGAATCAATGGACCAATTTTATATTTCAATATTAATAACATCGAAAGTGATTTATTTAACCACCTTGCTCAACAGCAAGAGCCAGTAGAGTTAGTGATTTTTGAAATGGGAACCTCCCCTGGTATTGATACTCCTGCTGCTCGTTGGTTTAAAACCTTATCGCAAAGCCTTAATCAACAGGGCATAACTTTAAAATTAGTAAATGCTAGCGGGTTCGTGCGGGATCGTTTGCGGGCAGAAGGGTTAGAAGGTGAAGTAGGAACTTTCCGACGTTTAGACACCGTTGATTCCCTGATTTCTGAGTTTAATTGCCAACGATATTCAGATTTACCCCATACCGAAAATGACTGAAGAGTGACATTTTATTTTTACTTGGTAAATATAATTTATTCACATTTGAAATTCACCAATTTATCTATCCTGTAAATACGAAGTGAGACAACTATTGTTGCATTTTCTCCAAAATAGCGACAGAGGTGGGGGACTGACGGGTAAAGTAATTAAAAATTAATAGCTTAAACAGTGAATCCAAAAATACAGGCACTGTGGCAATAAAAATATAAACGGCGTGGCGATTTTCCGGTAGTCCAAAATGGCTTGTCAAGTTTTCCAATACCACTTCCCAACCATGGGCCGAATGAAAGCCAACAAACATATCTGTTAATAAAATAAAAATGAATACCTTGGTAATATCATTTAAAGCTAAAAAAGACTGACTTAAATATTGCTGAGTGATAATGGATTTACCACGAAATACTATGATCAAAACCACAAAAGCTACTAATCCAGCAATATCAGCGAGGAGATTCACTATGCCCTGTTGACTGTTAGTGGCAGCCTGGCGGATTAATTCTTCAGCTTTCTTCTTTAGTTCTTGATGAATTTTTTCCTGGTTGAGAGGTTGATTTTCTGATAGAAGCTGTTTGATTTCTAAAGTTTCTTTATAGCGAGCAAATTCTTCAAAATAGTGTTCAATGGTCTCCTCTTGATAGTGAATTTTTTCCCAGGCAACTATATCTACTCGGAAGTGTTGTACCAAGGGGGCAAAAACTAAGTTTTTAGTCAGTATTTGAACTGTCAAAGGAATGAAAATAAGAACTATTAAAAAACGAGTGGCAATGCGTCTTTGAAGTCTGAGATTACGGAGATTTTGTAAAATTTTCTGTTCATCCTGTGCGGATAAATCCCGTTGAATATTAAAGAAGTTACTACGTTTTGGTGAGATATTGTTAATTTCAGCAGAAGATTGGGAGTCAACTTCTACTAAATCTTCAGAAAAACGATATTTGGCAATAATCTTTTCAATGGCATCCAGTTTGACAATAATTTCAGCTTCTGTTATTTGAAAATCCTCACTATTGTTCAATAAATTAGTTGCGTTAAAGCGAGCTAGATTAAACTTAATTTTTAATAATTCCCGCTCTAAAGTAGATTTGAAATAGTTGTAGGTATTAACGCCTCTTTGACTGTCAGGGGCGATTTTGCCCCCGTCAAAATAGGTTTTCTCAATGGATTCGATCGCCTGGGCACTAACTTGGGCGTTATCCAAAGCGGCGATCGCCTGGCGGACTAACCAGTGGTGGAATCGATGGTTGGGGGAACCGAGTTTTTTGTCAGGTAACATGGTGGTAGGCTCTGGGCAAAATCAAGGGGAAAGGGAGCTTACAAATCAACGGAAGGTCCACCTCAATATTCCATAACAATCCGAAAAAAGTTGCACAAGTCCAGGCCCACCGGGGATGATGTTAACTTGTTGCTCAAATCTGTTCCCCGTCGGTACTGTTAACTCTCCATGACCACCCTGACCCCCTTTATTCCCCTCAATTTCCCCATCACGGCGATCGTCGGCCAAGAGGCAATCAAGCTGGCTTTACTCCTAGGGGCGATCGATCCTGGCTTGGGGGGCATTGTTATTGCCGGACGGCGGGGCACAGCCAAATCGGTCATGGCTAGGGCAATTCACACTTTGCTCCCTCCCATTGAAATCATTAAGGGCAACCGTTACCAATGCGATCCAAAAAATCCCGGCAGTTGGGATGATGACACCCTAGAAAAATTTGCCGATGTTCCCCTGGATCAATTGGAAACCCAGGTAATTCCCGCTCCCTTTATTCAAATTCCCCTGGGGGTCACGGAGGATCGCCTGTTGGGATCGGTGGATGTGGAAAAATCCGTTAAGCAAGGGGAAGCGGTGTTTCAGCCGGGATTACTGGCCCAGGCCCATCGGGGGGTGCTGTACATTGACGAGTTGAATTTACTGGATGACCAGATTGCCAATCAGTTGCTAACGGTGTTAACGGAAGGCAAAAACCAGATTGAGCGGGAAGGCATGAGTTTTCAGCATCCCTGCCAGCCTTTATTAATTGCCACCTATAACCCCGAAGAAGGGCCGTTGCGTCGCCATTTATTGGACCGCATTGCGATCGCCTTGAGTGCGGACGGTATTTTGGGGCTGGATCAACGGGTAGCGGCGGTGGATCAGGTGCTAGCCTATGCCGATTCTCCCATTAGTTTTATTGACCAGTACGACGCCGAATTGGACGACCTAAAAACCACCATCATTCTGGCTCGGGAATGGCTCAAGGAAGTGAGTTTAACCCCGGAACAGGTGAGTTATCTGGTGGAAGAAGCAATCCGGGGCGGCCTCCAGGGCCATCGGGGAGAATTGTTTGCCATGCGGGTAGCGAAGGCGATCGCCGCTTTGGATGGCCGTAGTGATGTGCAGGCTGATGATCTGCGGCAAGCAGTGGAATTGGTGATTGTGCCCCGTAGCGTGTTGATGGACAATCCCCCGCCTCCGGAACAGGCTCCCCCCCCGCCGCCCCCTCCCCAAAATCAGGATGAAGGGAAAGACGAGCAAGAGGATCAACAGGATGACAAGGAAGACGACAAAGATAATGAACCGGAAGCGGAACAGGATCCCCCCAGCATTCCGGAAGAATTCATTTTTGATCCTGAAGGAGTAAGCCTTGATCCCTCGGTGCTGTATTTTGCCCAGATGG
CP129343.1_gap5	258388	260515	2127	ATTCCAGCGGGTTTTCTGCGCCAATGCGGATGGTCACCACTGGGCGGGTTTTAGGCATAGTTTCCCCGGTTAGCAAATTCATTTCCTGACCCAAGTTAGCCAGATTATCTCCATAGTTATCGGGGTCGAACAGCAGGGAAAATAATTTATCCTGTTCCTGTTCTAACAAAGACAACAGCATTTGTACCTGTTCCAACTGGGAAAACTCTGGTTGTTGGATTACCTTAGAAACCCCATGAACCACTAAGGGGCCCGCCATGCGCCGTTGCAGGAGGGGCTTGATTTGTTGTTGTAAGCCTTTGAGAAAATCGGCATAGATACTAAATTTTTGGTCTAGCTCTTGCCAATTTAAATGGCTCAACTCAGAAAGGTTTTTTCCCCGCAATTGGGCATTGAGAAAGTTGGAGAAAATTGCCAATTCCTGTTCCAATTCTCCCTCTTCCTTTGCTTCCATGGCAGCGGGTAAATCTAGGGTAGCGGAATGGGTGTGATAGCTGTCGGTCACCAGAATAATTAATATCTGATGGGACGGTAACAGCATTAACTGTAAATGCCGCAATTGCACCGTTTCCGTTTGGGGAAAAGTAATCAGGGCGATATAACCGCTCAAGCCTGCCAAAATTTGCCCCATTCTCTGGATCAGGGCTTCAAAATGCCAATTATCACCATTAATTTCGTTTTCCAGTCGTTGTTTAACCGTGCGGCTCTGGCGATCGCTCCAGGTCAAAAGATTATCAACATAAATGCGGTAACCGGAATCGGAGGGAACCCGCCCGGCGGAGACATGGGGTTGGTAGAGTAAACCCGCTTTTTCTAGTTGGCCGAGGGCATTGCGAATGGTGGCGGAACTGACAGCAAATTGATATTCCTGGGCCAGGGTATGGGAGCCCACAGGCTCGGCGGTGGCGATGTAGTGCTGGACGGTGGCGCGGAGAATTTGCTGATGGCGATCGTTTAAGCGGAGGGGCTTCACCATTGTTTCCTAAATTGCGGGCTAAAGACTAGATGTTAAAACGGTTGTTGTCGGGATAGATAAATTGGGTTCAGAGTTAAAAGTCTATAAAGGATTCTTAAAAAAATTAGATTATAAAATAATTACCCAGGATTTGCTTGGGCCGTTGCTGGTGTGCCCTGGATTATATCCCATCAATTAAAAGTGAAAGTTAAGCAAGCGGAGAGGGTGGGATTCGAACCCACGTTGAGTTTCCCCAAACCCGATTTCAAGTCGGGCGCATTCGACCACTCTGCCACCTCTCCAGGGGGTCAAAGATTAGTTAATCATCTTACCATGGCCGTCCTAGGGACATTGCCCGGTCAATTTTGTTCGGCACTGCATTGGGGTTTAAGCAGTCCTGGAATAGTGGCCAGTAATTCTCCGGCGATCGCCAGAGGATCTTGGTCTGCCTGCAGGGGAAACCGGAGATCCGCCTGGGCGTAGAGGGGTTGCCGTTGGGCCAATAAATTTCCTAACCGTTCTTCCAGATTTTCCACCTGGAGCAGGGGTCTTGCTTCATCTCCCTGGAGCCTGGCCAAAAGTAATTCCAGGGAACCATCAAGCCAAATGACCAGGCCATGGTGTAGATAACTCCAATTTTGTCGTCGGAGCACCACTCCGCCCCCGGTGGCAATGACGCTTCTGGTTTGGGCCGCCAGATGTCCCAACACTTCCGTCTCCAAATCCCGAAAAGTATCTTCCCCATCCTCCGCAAAAATGTCGGCGATCGCCTTGCCAGCCACCCGCTCAATCAACACATCCGCATCGAAAAAACGGTACCCCAACTGTTCTGCCAACAACGGCCCGACGGTGGATTTACCACTGCCCATCATGCCGATCAGAAACAGGTTAACGCCTTGTAATTGTTCTTTGATTAGATCCTGGGCCATGGCAAAAGTTACAGAGGTTGAAAAATAGTGAACAGTAATTGGATGTCAGTCCGAAGCCAATTTGCCCCCTAGGGTTCGGCAACGCATCGGCGTTCCCTAGCTTAAATTATCTTGATGTCCAAAGAAGGCTCGCTTTCGGGAATCACCATTACCATTGGAGGGAAAGACGTTGAACTTGTTTAATCGCCATTATGGGTAAGAATCTCCTCGAACAACTGCGCCAATTTACAGTGGTGGTGGCCG
CP129343.1_gap6	266160	271084	4924	AATATTTTTGTTGTATATGCCGGCAATGGTTCCCTGGTGCCGCCCCGCTTAAACCTAAGAGAATCCTTTGAACGCAAATTGCCGGTTATTTTGGTTTATTACCTCGATGACAGTAAAGATTGCAAACAGTATGCTTTCATCGTTTCCCGTATGCAGGAATTTTACGGTCGGGTTGCTAGCATTATTCCCGTTTCCGTTGACAGCATTCCCGACCAAAAGCGTTTCCGTCGCGATGAGCCTGGCTATTACTACAGCGGTGGGGTACCCCAGACGGTAATTCTAGACAAAAGCGGCAAAAAAATCTTCGACGCCCAGGGAGCACTTAAGTTTGAAGTAGTGGATGATGTTCTCCGGGATTTATTTGATTTATTGCCCCGTTCCGAGTCCATGGAACTGAAACAGCGTACCTATAACGAATTCAATAGTGAATTAGTCGATTAACTCATTCTTTCCGACAACAAAAAAACGGATAAGCCCAGTAAAGTTAGTTGGGTTTATCCGCTTTAAGGTCAATTTGTTACCGGAAATTTAGGGGAAAAAGTCTAGGGGTCATGGTCGTCCGGGCCGAAGTCAAAATCGTCTAGGGAAGTTGAGATTACAGCATCGGCACCGGGGGAGCTGGTGTCACTCAACAAGGCATCCAAGTCATCTAACTCGCCACTTCCACTGGAGGGGGCTTCTCCGAGCATGTCCGCTAAACCGGGAAAAAGATCATCATCCTCGTGTAACTCAGCTTGGTTTGCATTGCCTTCATCGGTTTGCAGTAGGGCCAGCAAATCGTTGTCAGAGGAATTGGGATCTTCATCTAAAATATTGATGAAAGGATCTCCCCCATGGGTTTCCGGGTTGAGCTCCAGCAGGTCAGGAAAATCACCACTGCCCTCCCCTAATGTCTCCATGCCGACAAAACCGGCGCTGATGGGTTCTTCATTGGAAAACTCCGGTAGGAACTCATCCTCATTCTGTCCGGGAAAAAGCTCCGTCTCTTCTGTTTGCAATTCCAAAAGAAAGTCGAGGTCATCGGCTTCAGCGTCCCCATCCCCCGGCAAAATCTCTTCAGTGGTTAGCTCAGGGGCTGGAGTATCTGTGCCCAGACTTGCCAGTAGATCTTCAGACAGATTCAAGTCATCACCGGAGTCGGATGTGAAGGAAAGATCGTCACCAAGGTCTTCCAATTCTCCCAGAGTCTCAGTTTCCGCCGGGGTTTCGCTGAATAAAGGGAGTTCAGGGGCTGACTGTTCTTCGGTTAACTCGGCTAAAAATTGATCACTACTTTGTTCCGTTTCCGCCGCTTCTGGTGTTTCCACACTGGATAGCTCTGCTAGTTGTTGTCCTGGGTTGGTGATGCCCTCATCATTGATATCAGGCAATTCCGTTGCCAAGTCCATGGGCTCAAAATTTTCTTCCCCACCACCAAAGTCCATATCTGGTAGGGAGGCTTCTGGGGGGGCATCAACCCAGTTTTCCAAATCAGCTTCCGCCTCTACCTCGGTGGTTTCAGTGGGGGGAGCATCAAAGGGGGAAAACGTTTCTTCCTCCACCATGGGTTCCCCTACTGGCCCCTGGTAGTCTAAAGGTTCGGTTTCCAGTTCTGCTGTGGGAGGAGCATCAACCCAATTCTCTTCCTGTTCTGGAGTAATTTCCGCTATTTCAGGCGTTTCTTCCGTGACAGTGGCCTCCATGAATTCTGCTACGGGTTCGGCCGCCGGAATAAATTCTTCCCCTGGGACTTCGGTAAATTCGGCGATCGCCGGAGGAGCAACATCGGCATCAAAGGATTCCTCCTCGGCTAACGGTTCTTCCTGCTCTTCTACCGAGGGTTGGGCTTGCTGAAGCGATTCAATTTCAGCCTGGTATTGGTTCTGGAGGGCTTGGACTCTGGCTTGGTGTTCCTGCTCCATGGCCAACAACTGAGCTTGCAGGGCGGCAACTTCATCACTCTGGTCGAGGGGCCGTTGTTCTTCTGCCGGCCCACTTTCCCTGAGGGACTGGAGCTCATCTTCCAAAGCTGTTTTTTCTGCCGTCAACTGGGCCAGGGCCGCCGCTTGGGCTGTTTGAAGCTCGTCTAACTGGTTACGATGGCTGGACTCCAGAGATTCCAATCTAGCTTGGAGGGCTTGGGTTTCGGCTTTTTGGGCTTCCAACTGAAATTGGAGAGTTTCGGTATCTTCACTGGCACTTTTGGCACGGCCCAGTTTGCTTTTGGTGCTATCCAACTTTTTCTGAAGTTTGGTAACCAGGGTGAAATAGGTGCCGGCAAAACCAACGACTAGCCCAATGATTACCGCCAACACCAAAGATAAAGTTTCCATGTAATGTCTCCAAAGTGACAGTTAAGTTAGAAAATACCCATTCCGACCAAGGAGCTCAGCAGTAACGGGTTGTTAGTCTGGTTGACCAACGGGAAAAATCAGTCTTTGTTGAGCTGAGCTAAAAGACTCAATTCACTGTAACAGTGTGTAACTAAATTGAATGAGCAAGATTAGCTTAAATGATAGGGAATTTTGGGAAAGCGATGCTCCTAAGTCAAAATTTCTTAAGAATTACCGCCGCAAGCCACGAAAAATTTGTCGGTATTTTACCCACAAACGTTGCCAAACCTATTAGATTTGCATTACTTCAACTTGCTTTAATGGGAGCTTTGACTTTCTGCAAAGGCGGCATATACCCCTTGAACGTTATACCAATTGAGGAAAATTCGGGCAATTTCTAGGGCTAGTTGGGGGCGATCATGGTCAATGAGCCATTGGAGGAGTGGGGCCATTGTTTTTTCATTCAAGCGTCCCCCTAAGGAGAGTAATCCCCATAGAAACCAATGGAGCCGAGTCATTTGAATCATCAGCCGCACTTCCCAGGTGGGATGTTTTTGGTAAAATAAAACCCCCATACGCCCCCGTTGTATTTCCTGGTCGATTAATTTGGGGATTTGTTGCAAACTGAAGGGAGGATGCCAATGATAGCCCACTGCCCGGGGGCATTTAACGAGTTTTAGACCTAAATTTTTCAGTCTGACTCCCAATTCCAAATCTTCCCAGCCATACAGTTGAAAGCCAGTGTCAAATAAGCCTGCTTCTAGTAACCATTGCTTGGCGATCGCCACGTTGCCAGTGGCAAAGAAGGCGGCGGAATAATCAGTGAGTTTGTAGGGTTCCGATTGGGGAGAGTCAAAGTTACAGGTATTGACCACGGCCCCATAGGTAAAAACCCGGTCTGAATTGTATTGTTTTTGGCCCCGTTGTAAACCTTCGGCATGGGCTTGGAGAAAAATGTCCGTCACCACCAAATCACTGTCAATAAAAATGATGGTGTCCCCGGCGGCTTCCTTAACCCCAAGATTCCGGGCGGCAGCGGGCCCCTGGTGGTCCTGTTCCCAGGTTCGGACATGGGGAAATCCCTGGCAATGTCCATCTAGCCAGGCTAGGGTGCCATCGGTGGAGCCGTCATCCACCACCACAATTTCGTAGCCTGAAATTAAGGTTTCGTCAAAGGTTTGTTGTTCCAGGGCCCGTAGGCATTTTTCCAGGATCGGCAGACGATTATAGGTGGGAATGACAACACTGAAAAACATAAATAAACCCAGGCATTTTCAAGGGACCTTCCAGCTTAACTTAGCCTAGGCGGTCAATAATTCCTGAGCTGTGTTGGCCACCTGTTCCACCTGATCCTGAGCCAACTGTTGCAGTAGGCTTTGGCGATCGGGATGTTCTAGATGACCCACCGCCAGGGCTAAACGATAGCGCACTTGCCAGTCTTCGTCTTGTACTAAGGAGGCAAGCAGAGGTAGGGCTTCCGGGTTGCCCAATTCTCCCAACGCACTGATGGCCGCCGTTCTAATCAAGCTATTCTCAGAATCAAGGGCGATTTTCAGCAGGTCGAAGCCCCGGCGATCGCCCATTTCCCCCAGGGTGGCCACAATGCTCATCTGCAAGAGCCATTCAGGAGTTTCTTCGTAGGCTTTTTGCAAGTCAGGGTAGGCGGCGGTTAATTTTAGCCCCCCAATCACGTCGGCGGCCACCGATTGCACATCAATTTCCGGATCGTTAAACAGCCGATCGCGCAGGAGTTGCAATGATTGTTCCAAATCGGCTTTACCCACCGGATCCAGTTGACTAACAGCGGCATAGCGGATGCGGGGATTGGCATCGTTAACCAAAGGTTTCAGCAGGGGAAAAGCTTCGGCCGGCTCCAGGGCCCGCAATTGATTCAAGCCCCGGACTTTATCACTAAAATTATCCGAACCCAGTAATGCTTTGATGGCGGTGAGGGAATCACTCATAACAAGATTGGAAAAATCAACTAAGGGCTAGGGTTAGGAATTAAGACGGGCTGGACCAGCCTGGTGGATGGAAATGCTGGAGGTCTGCCAATTGTAGGACTTTTGTGGGGTAGCTGCCAAAAATTTTAAGCACTTCTGTGTATTGTTTGAGCTTTTCTAGGGCTTCCTGGAGTCTGGGTTCCGTTTGGCTGGCTTCTAAATCCATAAAAAAAACATATTCCCCCAAAGACCTTTTGGTGGGGCGGGATTCAATGCGACTCAGGTTAATATTCCTCTGGGCCAGGAGTTGCAGGGGAGCTACTAGGGCTCCGGGCACATTGCGGGGAACACTAAAGGCAAGGGTGGTATGGCTTCCAGCAAGATAACCCTCTGAACTGATCGCCCAGAAGCGAGTGCAATTGTCAGGATAATCTTGAATGTCCGTTTGTAGTACAGAAAGATCGAATAGGGTGGCGGCCCTAGGAGAGGCGATCGCCGCCGCTGTGGGGTCATCACCAATAATCTGAATCGCTTCAGTGGTGGAATTGGCCGGCACCAAACTTACCTGGGGAAGATGAGCCCCCAACCATTTCTGGCATTGCCCCAGGGCTTGGGGATGGGACACAACCTTGGTTAAATCCGCCAAAAGTTTTCCCCGGCTGAGCAAAA
CP129343.1_gap7	293630	298625	4995	AACCAGCGCTGATTAAATCTTTGTTGGAACGATCAAACATGATTTTTAACCCCCACCCCTTAGTTATTGATCCGATTAATTAAAGTTATGGAAAAATTTCGTTTTACAACGTATCACTCCCCCGGGGGAAAAGGGAGAGAAAGGGCGGTTTTTGCAACTAAGCTTTAACATCCGCCACATTTCTTTACAATTGCGCTGCTTTATCGGGGAAATATGGCCCAGATCGCCAGTTAGGAACTGCTAGGAACTTAATCGTTACCAAGGCAAATGCCCAATCCCCGCGCAGTTTTCACCAAGGTGCCGTCCAACTGCACCGTTTGATAGGTTTGGATGGCTTCCTCAATGGGCACACTAATGGTTTGACGATTGCGCCAGGCCACCATGTGGTCGAATTTGCCTTCCGCAATCAAGTCCACCGCCGCGACCCCAAACACACTCCCCAACAGGCGATCGAAAGGTGAAGGAATGCCCCCCCGTTGGATGTGGCCCAGCACAGTGACTCTGGTTTCTGCTCCAGTGCGTTGGGCAATTTGTTCCGCAATGTATTTACCAATGCCGCCGTAGCGGTCTTCGCCAAACTGTTGGATTTGCTTGACCTGATCGCCCAATTCTGTCCGCACCGCTTCCGACACCATAACCAGGCAAAAGTTTTTCCCCTCGGCCTGCCGTTGACGAATTTTATTGCACACACTTTGGATGCGGTAGGGAATTTCAGGAATGAGAATAATGTCCGCCCCTCCCCCAATGCCGGCGGCCAGGGCAATGTGGCCCGCATCCCTACCCATCACTTCTAGCACCATGACCCGGTTATGGCTAGCGGCGGTGAAATGCAAACGATCCAAGGCTTCGGTGGCAATGTTGGTGGCGGTGTCGAAACCAATGGAAATTTCCGTTGCCCCCACATCATTGTCAATGGTTTTGGGAATGCCCACTAAGTTGATGCCCCCCTGTTGGGCTATGCGGCGCAAAATGGCTAAACTACCGTCTCCGCCAATGCCAATGAGAGCGTCAAGCCCCAACTGACGATAACCGGCAATAATATCTTCGGTGCGGTCCCGCACAGTGCCGTCGGCCATGGGAAAAGCGAACGGATTACCCTTATTGGTGGTGCCTAAAAAGGTACCTCCCATCATTAACAAATGGTCAATGTTATCCCGGTGCAGGGCGATCGCCTTGGAGGGATTTTCCATTAGTCCCTGGGTGGCTTCTTGAATGCCAATTACTTCCCAACCGTAGGTGCCAATGGCATGGTGTACCACGGAGCGAATTACGGCGTTTAGTCCGGCACAGTCTCCTCCACTGGTTAAAATACCAATGCGTTTAATTTCCCCCATGGTTTTCCTTGCCGATATAGTTCTGTTTTATTTGTAGAAGCAAATCGAATCAGCAAAACTTCTTTGTGAGAATTCTTAAAATTGTCCTCAATCCTTAACCTACTTTTAACTGATGCTGGCTAAGCTCCGCCAACGCCTTGCTTTTTTAACCCGTACCAATGGGACTATTGATTGGGGTAGGGGCATTCGTACTTTTTGCGGCATGGCAGTCCCCTATCTGGGGGGCATGGCCCTGGGAAATCCCCAACTAGGTTTGGGCGTTGGTTTAGCTTCCCAATTAATTTTATTAGCGGACATGGGGGGACTATATTCCGTCCGTTTGAAGACTATTTTCGGGGCCTGGGTCGGGGCGGCGATCGCCATGGCAGTGGGAACTATAGTGCCCGATGGTTGGGGTTTAGGGCTAGCAATAACGGGCTTCGTTTTATTTGCTAGCGGTTATCTAGCGGTTTATGGGGAGCAGGGAGCCATGGTGGGCATTGTCACCACCTTTGCTTTTCTCCTCGGTGCCCAAAATGTCAGTACCGATTCCTTTGAATTTACCTCCCTGGCGATCGGGGGAATGTGGAGCTTGATATTAGCTATTTTCATTTGGCCCTTCCGTCCCAATCAACCTTTGCGGCAAATGGTTGCCAACAATTACAGCATTTTAGGCAATTATCTCCGGGCCATGGCCGCCGCTAACTTTAGTCCCGATGACCCCCAAGCTCAGCAATTGGTGGTCAAACTGCGTCAAAACTTGCTTAAATCTCGGCAAACTCTGGTGGCCAGCCAGCGAGGATTATGGGGACAAAGTAAATTAAGGGAATTATTATTAGTTTTAATCGAGCATACGGAAAGATTAAATAAATGCCTAATGTTGCTCAATGAAATTGTTAATTTCCACAATCTACCCCAATTACAAACAGTGGAAATCCTAATGGAAGATGCGTTTAATGCTCTGGGGGAAGTTTGCTTAGATTTAGGACAAATGGTGCTAGGCAAAAGACGCATTCCTAACACTAACCGTTTGCAACTATTAGTGCAAGCATTGCAACAGCAAAAAAAATTACAACGGCAGGCTCTCACAGAGGATTTTAACGACTACAACAGTTTAACCACCGTAACCCAATTGGTTAACCATTTAGAAAACCTGATCAAACAATTAGAGCAAACCATTCAAACCGCGGAACTTTTACAAAATCCCCAACTTTTTTCCGATAATAATTCCAATGATCAAGGAAAACTAAATAAAGTTAGGCTTATGCCTTGGTGGGACCCCCTAGGGAGTAATTTTCACCTTAACTCGCCTTTGTTACGCCATGGTTTGCGCATGGCATTGGGGGGTATGGTGGGGGCAACAATTGCCCATCTAACTCAAATTCCCTACGGTTTTTGGATTGTTATAACGCTAATTTTTGTGCTCAAGCCGGATTTTAGTTTAACTTTTCAAAGGTTATCCAATCGTCTTTTAGGCACTTTTTTAGGGGTATTAGTAATGTCCATTGCCCTCAAGCTCATTCAAGACCCCCAATTGCTCAGTTGGCTGGGAATTTTGGCGATCGCCATGGGGATGGCCCTGTTGAGATTTCACTACAGTGTGGCGGTCTTTTTTATCACAGCTTTTGCTTTAATTCTTAAGGCCATTGATCCGTCGGTGCCCACGGAATATGCCCTCCTTTCCCGCCTGGTTTGTACCCTCATTGGCAGCGCCATTGCCCTAGGTTTAGCCTTTAGTTTTCTGCGGCAATCGGAAAATTTACGCTTCACCCAGGCCAGTGTCAGAATGCTAACTAATCTGGAGCAATATTTTCAGCAATTAATCCCCGCCCTACTGGGAAAAGAGTCAATTAACAAAAAAGAAGCAGAAAGGGTACGCAATGAAACTCGGTTAGCAGCCACCGCCATGCAGATTGCCCTGGATCGCTTACTCAGTGACCCCAGCACTCCCCTGGAAAAACAAGAGCCAGCCTTGACCATGACCAATTATCTAGCCCGCTTAAGTAGGGGTTTTCGGGTTTTGATCAGTCATTTGGAAAATAGCTCCGGCAGTAATCCCCCGCCCCCCATTAAGTTATTTACCGAGCAAGTACAACAAAGTTTGGAAAATTTACGCTTTTCCCTGGAGCACCAATCATCACCAGCGGCTTTGCCCCCCATGGCCACCACCATTAAAGAAATCCGGGAATATCACCAGAGTTATCAAGCCCAAAGAATTACGGAAATTAATCAAAAACAAGACTTTACTCCCACCCGCCGTTATTTGGACGATTTTAATTTGGTGGTGGAGGAATGCCAACAAATTTACCAACGCCTGGAAACTATCCACTCGGCGATCGCCAGATTTACCGATAGCCCCCAACTGGCCAATGGAATCAAACTCAAAAGTCAGCCCAGTTGAGCAATGTAAATGAGGAAATGAGGCAACAACAAAAAACCACCCCAAACAAGGCAAAGTTCAGAGCGGTGTGGATATTTATGGAATTGGGGAAGTCAATAATTGCCCTATCTAGACAATGAATAATGGCTAGACCGCAATCAGTGGGAGTTTTAGTAAACTCCTGGATTAATACGGTCATCGCCAGAAGTTAGCTCAATGCTTGGTTCGGTGACGGTGAAGCTACCCAAATTGGCTTCCAAGCGGCTTTTTTGGGTTTCACTCAAACCAGGAATGTCCAAAACTTCCTCTACGGTGTCGTAGGGGGCATTTTTAATGATTTCACTGGCCAAATTGGGATAAAAGCCCCGCAGACCACGAAAATCCCGAATATCACTATTATTTAAATCAATCTTTTGACCAAAATCCGTGGTCAATTTAGCATCCACAGCGTTTAGTTCAGCCAATATAGGATTGGGAGTGAGAGCTTGGGCCAAATCCGCTCCCAGAAAACCCATCAGTCCGATCAATAAGCTACACGCAACCAGTAGGCGGGAAATAAATTTCATGAATTGTCTCCTATAACCAAGGCAATGAATTGTTACTATCTAAGAAAATTATGCCGACTGCGCCGATTTTGGGAGGTCAAACCAGCGCTAATTACAATAGATTGTATATTCTTGGGGCACGGCTGACCATCTTCCCTGGATTGACTGAGTAATTATACTTATTAGGTTTGCGGTTGGTTTAACCGTTGGAGAGATTAAATACCAATTACATATTTTCGCCATTCATGGTTGCGGTCATTGCGAGTATGTTTAATAATTTCAAACAGCAAACTGCTGTAGGGACGCCGGGGGGTATAATTTAGGGACATTTGTGCTTCCCTAGGGGTACGATTACCCTTCTTGATGTTGCAACGCACACAGGCAGTGACCAGATTTTCCCAACTGTCTCCCCCACCCCGGGAACGGGGAATAACGTGGTCTAGGGTGAGTTGTTCACCTTTGTAATTGCAATACTGACAGGTGTGGCGATCGCGCTCCAGTACGTTGCGGCGAGTAAGGGGGATTTCCTTGTAAGGAACCTTGATATACTGCCGCAGGCGAATCACCGACGGGAGGGGAAAATTGGCGTAGATCAGCTTGCCATTATTTTCCAAAGCTTCGGCCTTATCTTTCAGCAGTAACACCACCGCCCGTTGCCAATGGGTAATGTTTAAAGGTTCATAGGAAGCGTTGAGGACTAAAACCTTAGCCATGGTCTGCCATCGCTGAATTTTTTTCCCTAGATGCTAGCACAATC
CP129343.1_gap8	300972	303639	2667	ATCTCCCACGGACAGTAGAAATAAACAACGTTACAATTAGATACAATCATCGTTGTCAACCATAGGGATAAATGCCTTACCCTGGGCGTGTTTCACCATCACTGACGACGGCATAAAAATTGTCCCATTGTTTTTCCTATGACCTTTGTAGCCGCTTCCATAACTGATAACCAATTCGATGTGGCGATCGCCGGGGGAGGCGTTGTGGGGCTGGTACTAGCGGCGGGTTTGCGTCATACGGGGCTGAAAATTGCCATTATCGAAGCTTTACCGAAGGAACAGGCCCTAACTAAGCCCCAGGCCTATGCCATTTCCCTGCTGTCGGGCAAAATCTTAGCGGGACTGGGGGTCTGGGAAAATATTAAGGACTCCATCGGTCATTTCGAACGCATCCAAATTTCCGATAATGACTATCGGGGTACCGTTCCCTTTGCCAAGGAAGATGTGGACGAACTGGCCCTGGGCCATGTGGCGGAGCATCCAGTCATTCTGCAGGCGCTGGAAAATTGTGTAGAGCAATGTCCCCGCATTGCCTGGTTTCGTCCCGCTGAGTTGATCAGTTTTACGGCGGGAGAGAACCACAAACAGGTCACCCTACAACAGGAAGGCAGAGAAATTACCCTACAAACCAAATTGTTGGTGGCGGCGGATGGAGCCCGTTCCCACACCCGTTCCCTGGCGGGGATTCAAACCAAGGGGTGGAAATATTGGCAATCCTGTGTGGCTTTCACCATCCAGCATCAAGCCCCTGACAATACCACTGCCTTTGAGCGTTTTTGTGACACTGGTCCCATGGGGATTTTGCCCCTACCCGGCGATCGAGCCCAGATTGTCTGGACCATGCCCCACCATAAGGCCCATACCCTAGTGAATCTACCGGAAGCGGATTTTATTACAGAACTGCGCCAACGCATTGGCGATCGCCTAGGGGAATTTCATTTAATTAATGCCCGCCGTTTATTTCCGGTGCAACTAATGCAGAGCGATTGTTATGTGCAACCCCGCTTGGCATTAGTGGGGGATGCGGCCCACTGTTGCCATCCGGTGGGGGGTCAGGGTTTAAATTTGGGCATTCGGGACGGAGCCGCCCTGGCCCAGGTTATTGCCACGGCCCACAGCCAAGGGGAAGATTGGGGTTCCCTAGCAGTGCTGAAACGTTATGAACATTGGCGTAAACCAGAAAATTGGCTCATTTTGGGCTTCACTGACCTGCTAGATCGTTTCTTTTCCAGTCATTGGCTGCCGGCGATCGCCTTGAGAAGGTTTGGCCTAGAGGTATTGCGCCTAGTGCCTCCAGCGAAAAAGCTGGCCCTCCGTTTGATGACCGGTTTGCTCGGTCGGAAACCCCAATTGGCCACAGGGCAATCCTTAGTGAGTCAGTAGCTCTAGGTATTCCTAGATAGTGAGGCGACGGGCAATCAAACTCCCCAGCAATACACCGATCGTCCCGATTCCTAAACTCCCTAAACCGTAGAGCACTCCCTGGCCCAACTGTCCCATACGCCAGAGGGAAGTCACTTCCAAGGCATAGGTGGAAAAGGTGGTGTAAGAACCCAAAAATCCCACTGCTAAAAGCAACCTTAAATCCGGAGACATCAAGGCCGGTTGGGTCGCCAATGTCACCACCAGACCCATACCCACACAACCGGAAAAATTAATTAAAAAAGTGGCATAGGGTAAATCGTTACCAAAAAGCCCGGCCAGAAAAATAGTGGCATAGTAGCGGGCCAACGCCCCCGGTATGGCTCCTAAAATAATTGCCAATGGCGACCTGAGAGAAGCTGGCATGGCCCCCAACCATTGCAATAAAGGATTCATACAAGATCGTCAAAATCGAATTCCCGGTCTAATTGTTGTTGGGAAGGGACTCCCCGCCGACGATTACCACCGGGTAACGGGGCCAACAAACTACCTACCACCAGTCCCCCGGCCAAGGAAAATACCAACAGCAGACCCACCGGCATCTCAATAGACTGCAATGTCAAAAAACTCAGGGCCACAGGGGTGACATTTTGGATAGTCAATAATGCCAGGGATATTAACCCCAAAGCTAAAACCATGGCGATCGCCAATTGACTCATGCGACGTAGCATCCAACGAAAACTCCCCTCTGCGGTCGGCTCCACTCCCCAAGGATAGCTCAAAAGCCAGCCCAAGCCGTTCCCATTACCCCCAAGCTGAAACCACCAACCCTTGCCACTGCAGAAAAAATCGAGCATTCTGGATTATGAGGATTACGGTTAAAATAGTTGGCCGTCAGCCACGGCGACAACGGTGGCAGCAAGAGTAATAAAAAACAACACCAGTGGACTTGCCCTATTCCACTTTTTTCCATGTTCATCCCCCCAAAGATGGGACTGACATGCCCTGAAGAGAGCCCTATGGTGGTAGTAGAGCAGTCAAAGCTCTAATTTGGTCTCGGTGTGTTAGGACGTGTCAAGGAGAGAAGCTGATGAAATTACAGCATCCCAAACCCCACAATTCTGTCCGTCGGGCGCTGCGCTCTTGGGCCGGCCCCTTGGCGATCGCCCTAGTGATGATCATTGGCCTGGAAACGGCGGCCACAGCGGCTTTTTCTAGTCTCGAGGAACATACCGTTGTTTATAACGGCAAATGCCCCGGTGACAGGGACGATGACTGTAGGGACTAAGCAGACAATTGTCCGTT
CP129343.1_gap9	305712	308009	2297	CTCAGAGGATATATTCAAAATCTAGAGGCGGGGCAGGCCCTGTTGGTGGATTCCCCGGCTAACACGCTGGAAGTGGTGGGCATCCTCAAAAGCTATGGTGTGATCCTCGATGCCTATTCCATCAATCTGCAACACATTGCCCATACCCAGTATCTGAAGTTATTTCCCTTTTTTAAATATTTCAACGGTAATGTCAATGGCGATCGCCTATTGAAACATTGGTGGCACAATCGCATTAACTACGAGTATGCAGAATATTGCATGAAGGCAATGATGTGGCATGGAGGGGGAAAATTGGATGAATATCTAGACAGTGCCGAGTTTAAAGCCAATGTTAAAAAGTTAATTAAAGCGAAAATCAAAGGCAATCCTTTTTTGCAATTACTTAACCAGATTTTTCCCGAATTTTTGCCGGAACAAATGCGAATGATGGCCTATTATTCCGCCTTGGGTCAATTCTGGCGGGTGATGGCGGATATGTTTTTGAATTTATCTGACCGCCATGACCGGGGAGAAATCAAAACCATTCCTGATGTGGTGCAACATATCCAAGACGGCCTAGTGGCCGATGCCGCCCGCCCCATTATTTACCGGGTGGAGTTGGGGGGAACTACCTACGATGTTTTGCCCCCCAGTGCCAATTTAGCTTTTTTGATGGAAACCGCAGTGCCCTACGTGGAGGCGGTGTTTTTCCGGGGTACTCCTTTCCCTGGCACCATTTCCTACAATGCCCAAGCGGGACAGATTCCCCCTGACCAAAGCCTGTTTACCTATGGGGCCCTCTATGCCGATCCCCTCCCCGTTGGTGGAGCTGGCATTCCCCCCACCTTGCTAATGCAGGATATGCGCCACTTTTTGCCGGACTATCTCCGACGGGTTTATCAGGCATCCCTACGGCAGGAAGGGGATTTACTGGTGCAAATTTGTGAAAGTTTTCAAAAATCAATGTTTTGTGTCACCACCGCGGCCATTCGTGGTTTAGCACCCTATCCCCTGGAGACCGATAATCCCCAGGAACAGGAGACTAACCGAGCTTACCTGGAAAGTTGGATGAATCGTTTTCTCACTTCCCGGGTGGAGATTATTAACCAACCCTCAACCATGGCCGATTAGCCGGCTCTCCATCAGCACTGTGGTTGAAAATCTTGAAACTATTGACCAAGCAATGGAGCGGTGTCGCACAGAAACTCTCCGCCTGTTGCACCGCATTCCCCCAACCCTAGGCGATCGCCAATGGCACCCAGATTTCAGCCCCATTGATTGGCACTTTGGTCACATTGCCTTTACCGAAGCCCTTTGGCTATTGCCGGAGCAGGAGCGGAAAAAATTTCATACCCCGTCTTACCAAAAATTGTTCCGAGCCGATGGTTTATCGAAATCGGAACGCTGTGCATTACCTAGCCGTGGAGTTATTGAGCAATATTTAGGGGAAGTTAGGGCCTCTGTGAAGCAGGTCTGGGGATCGACTGATCGATCCTGGGACCGAGCCCAAGCAAGGTTAAGGTGGTGGCTCCTACAACACGAAGTCCAACATAGTGAAACCATTAGTTTTTTAAGTCATTTAGCCGGAATTGATTTAGGGGTTAATAGCCAAATCCCTGGGGACGAATGCCCAGAACCAGTGCTGGAGGCAACCATGGTGCCTATTCCCGCTGGAGGTTTTTACCAAGGCAGTGAGCAAATATGGGCCCAGGACAACGAACGCCCCGTCCATTGGGTCGAAGTAGAACAGTTCTGGCTAGATAAATACCCAGTTACCCAGGCCCAATACCAACAATTTATCGATGCTGGTGGTTATCAACAAAGTAAATACTGGACAGAAGCCGGTTGGCAATGGCGATCGATGGCGAACGTCACAGCACCGCTTTATTGGCACCCCGAAAGTAATACCCAGAACCATCCCGTCTACGGAGTCAGTGCCTACGAAGCGGAAGCTTATGCCAATTTTGTGGGTAAACGTTTACCCACAGAGCAGGAATGGGAAAGGGCCGCCCGTTGGTCTGGTCAGCATAACTCCAGCACCTATCCCTGGGAGGAAACTTTGCCAACCAAAGAGCAATGTAACTTTAATAATCACCGTGGGCGCACAACCCCTGTCCATTATTATGACCAGGGTCGTAATCAAGGGGGCTGTTATGACCTGTTGGGCAACGTATGGGAATGGACAGCTTCTACTTTCGAGCCCTACGACAATTTTCAACCCTATCCCTATCGGGGTTACTCCCAAGCCTATTTTGATGGGGAACATCGGGTGATGCGGGGCGGCAGTTGGGCCACCCGTAGTTGGGGCTTAAGGG
CP129343.1_gap10	385448	386073	625	CGTTGCCTGTGAAATAACCATGGTTACCCTGCTGAAATGGACAGTTCCAGACTATCACCACCTCATTGAACAGGGGCTATTGGACGGTAAGAAAGTGGAACTTTTAGACGGAGACCTAGTGACCATGGCTCCCGAAGGACCACTCCATAGCTACACCACCACCACCGTTGCCGACTATCTGCGCCAAAACCTGCACGGATTAGCTCTAGTGAGGGAAGCCCATCCCATTACCCTGAGTCAATCTGAACCGGAACCTGACATTGCCATTGTTCTAGCTCCCCAGGAGCGCTACAAAGAAAGGCATCCTCAGGCCGACGATATTTTTTGGTTAATTGAAATAGCTAACAGTACCCAAGCCTACGACCTCAACGACAAAAAACAAATCTACGCTCAAGAAGGCATCCCCGAATATTGGGTGGCAGACCTAAGCAAACGCCAATTATTTATTTTTCGAGCACCAGACAAAGAAGATTATCGCCTGCAACAAACCCACTCCGAAGGTATCATCCGTAGCCAAGCCTTTCCCGAAATAAAAATATCAGTACAAGAAATGTTCCATTGGTAGCTCTCCGACCATTGGCCAAACTGAAACCATGGCAAGTTTTCTGGCCGTATTCTTGCTCCT
CP129343.1_gap11	387079	391271	4192	GGGGGATTTGATTCTTGTTACTACAGAGCCTCCCTACCTAATGGTGGTGGCCTATATCCTGCATTTGTTATACAAAAAACCCTATATCTGCCTGATTTATGATCTCTACCCCGATGTGGCAGTGAAGTTGGGGGTGGCGAAGGAAAAGGATGCCATTGTTAAATTGTGGCGTTGGCTAAATCGTTTAACTTGGCAAAAGGCAGAGGCTATTATTGTGCTCAGCGAGAGCATGGCTAAGGTGATCGCGGACCAACAACCAGCCCTAGCAGGGAAAATTGAGGTGGTCCATAACTGGGCGGATGGAGTGTTAATCCAACCAAGGGCCAAAGCTGATAACTGGTTTGCCCAACGCCATGGCTTGGACCGGACATTTACCGTACTGTATTCCGGTAATCTGGGACGGTGCCACGACCTGGAAACTGTTATGGAAGCGGCTCGCCTACTGCAGCAAGAAGAAGTCCAGTTTGTTTTTATTGGAGCTGGTGCTAAGGCCCCAGTCTGTCAAGAATTCGTACAACGCCACCAGTTAACTAATTGTTTATTTTTGCCCTTCCAACCCAAGCCGGTTTTGCCCTTTTCCCTCACCGCCTGCGACCTGAGCTTGGTTTCCATTTTGCCCCAGGTGGAAGGGCTGGTGGTCCCGAGCAAATTCTATGGCTGTTTGGCCGCAGGCACGGCGATCGCCGCCATTTGTCCCCCCCATTCCTATTTACGGGAAATTATTGCCGAAGCTCAATGTGGAGCAACCATTGATAACGGAGACGGGGCAGGATTGGCTCAATTTATCCTTCAACTTAAGAATAATCCCCGCCGAACAGCAACCATGGGGCGTCGAGGCCGCCAATATTTTGAAGAAAACTTTACCCTGGACACCATTGCGGACCAATACCTATCTGTCATTACTAAAGTGGGCGATGAAGAAGTCGCCAAGCTCCAAGCAAATAAATTCTGTAACCATCCTGACTCAAGCTTGCTTTAACCAAAGGGTCTGACAAACAAGTCATCTGCCACCGGACAACTGAATCAATCCACTTGTTAGCTACAGTGATGGCAGGAATTTAGGGTTTATCAAGTTGCTGACCAACATTTTGACCAAAATTGCATTGAGGCTCATACTGCCAATCGTTTGCTTTACCCTGGTGGCCTGTGGGGTTTCCCCCGATGCGGTGCAAGCAGAGTCCCGCCTATTTTTACCCCTGTCCTTGGAATTTTTAGATAGCTATACCCTACCGAAACAAGCAATAGAGGATTTACCGGTTGGAGGCATTTCCGACCTTACCTATGATCGCCAACAGGATCTTTTTTATGCCGTCACCGACGATCGGCGATCGCCTCGGTTCTACACCATGCACCTCACCATAGTCCCTGGGCAAGAGGGCATCGGGATTGCCAAAGCAGAAATAGTGGGAATGACCAAGCTCAGAACCAGCGGAGGGGAAGCCTACGGTCGTCAATTGTTAGACCCAGAAGGCATTGCCCTGTCTCCCCGCCAAACCCTGTTCATCAGCAGTGAAGGGGTTTTATCGAGCCAAAGCCCGCCCTTAATTGCCGAATTTGATCCCCAAACGGGTCAGGAGTTGGAGCGATTGCCCCTGCCCAGCCGATTTTTGCCCCAAGCAGACCGACCCCAGGGCATCCGGGATAACTTCGGTTTTGAGGCTTTAACCATTGCCGCCACTAGCACCCTAGCGGACGATCCTTTTCGCCTTTTTACTGCCACGGAAAGTGTTTTAGCCCAGGACTTTGACCCGGAGAATCCCCCCCAAGAAATTCCCTTACGGTGGTTGCATTACGTAATTAACTCCGTCGGGGCACCAGTTTTAGTCAGTGAAAATCTTTACCCCCTTGATCCAGCTCCAGCGGGCACTCTGCTCCATGGCCTAAGCGCCATGGTGGCTTTACCCAGGGAAGGTTATTTTCTCACTTTAGAACGAACCTTTGGACTGACGGGATTCCAGGGCAAAATTTTCCAAACGGTCAATGCCAATGCCACCGACACCAGCCGCATAGCTAGCTTTCAGCCTGGTACCAACACCATTAACCCGATGCGCAAAGAACTACTGCTCGATCTGGAGGATTTGGGCATTGAGTTGGATAATCTAGAAGGAATCACCCTGGGGCCCCGCTTACCAGACGGTTCCACCAGTTTAATTGCCATCAGTGACGATAACTTTAGTGGGGATCAAAGCACCCAAATCCTACTTTTCCGTTTGCAGGGGGTTTAGCAACGGCGCCAAATGATCAATGACTGGTTCCCGGCCGACGGTTAGGTGGTGGGCCAGTTTTTGCGCTAGGGGCGGCACATAGACCAAGGGATGGGTGAAGCCGGTGAACAACACCAACCCCGGTAGATTAGGCATTTCCCCCACTAGGGGTAGGGTTTGGCCACTAAAGGCCACTAAACAATGGTGGGCGGTGACCGGCAGTAGGGCCAGGCGGGGTAAAATTTTGGCGATCGCCGTTTGTAGCTGCTGTTGGGCCCAGGCCAGGTCGGGATGATAGCGGGGGGAAGTCACCAGTTGGCTAATTTGACCGATGAATAATCTGCCATCGAAAAACTGCACCGCTCCGGGTTCCACAACCGTGGCGACGCAATGGTCATCGGGCCGATGCCAATCTAAAGTCGGGGCTAGGGCTTCTAAATTGGGGCGTTGCTGTAAATCCGCCGGCATAATCACACAGCGGAGATTTTCTTGGGTAGGGACTGTTTGCAGCACAGCGGCATGGGTGAAATAGAGGGGCAAATTAATACCCGACTCCGGTAGCAGAGCAAGGCTTTGACCCCCCCCCGCCAGAATAACGTTATGGGCAAAAAAGTTTCCCGCCCCAGTGTGGACCCCCTGCACCCGGTTTTGCTTGGTAATTAATCCTTGCACCTCGGTGATGCGGACTATGCCTCCTAGCCGGAGAAAGGCTTGGAGATAGGCGTTAACGGTTTTGCCGCCGTGGCAGTGGCCCTGGGGCACCACAAATCCGCCGCCAATGCCGTCCGGGCTAAGTTGGGGTTCAATGGCGATCGCCGTTAAACGGTCCACCCATTGAGGCCGAATTAAACAATGGTCAAACTGCTTAGCTAGGGCCTGGGCATCATCCTCAGGACGGAGATAGAGTAATAGCTCTAACTCTCGATATTCCGTTTCTCCCCCCAACTCCTGGCTCAAATGGGTCCAACGATAGCGACTTTCATGGCCCAATTGCCGCTGTAGAGGAGTGGCCCCAGCCCAATAGATAATGCCACCATAGCTCAGGGCCGTGGCGTTGATAGGCTGACGATGTTTTTCGAGTAATAGTACTCGTTGCCCTTGGTTTTGCAATTCATAGGCGATCGCCGCTCCGGTAATGCCGGCCCCGACCACAATGGCATCGAAATTTTCCATTAACCTTGATTAACAATTTGGCCCAAGGCGGCAAAACCCGGCACTTTCCCCGCTGAGGCGGCACCATCTTTCTCCGAAACAATGACCGCACTAATCTGATCGCTCATAATGGCCACCTTTTTCTCCGTCTGCTTTTCACAGGTGAGTTCCAACACTTGGGGGCGATCGCCCTGCATGGCAGTGACAATGGTCTGATAGAGTGCTTCCGCCCCATCCTTTTCCTTGCGCTGTACGGACACGGGCATGGGGGAATATTTAAGGGTCAAATCAATGCTGATCATAGGGGAACCGTAAACGGGAAGTGGTGAAACAGTCTTGCGACTCTCCCTATCTAGGTTATAGTTTTTTTGCCAAGAAGGGGGGAAAGCACCAGTTCCCAGGGCACTAAACCGCCAAGCTGCAATCCTCGTTTGTTTAAACAACAGCGCGACAAAGTTGAAATACCTTTTCCATGGAAGACGTAAAATTCTTGATCGGCTCGATTTTATTTTAGTTAGCCATAAAATCCTAAGGTAATGTCGGGCAGTTCTACATGGATAAATGAATAAACACTAGTCCCCATGGGAGATCTGGTGCCAGGGGGGTAACTGGATTAAATCTTCCAGGTTGGCCTGCATAGTCTGGCAAATTTGGTCTAAGGGCAGATCGTTGGCATCGTGGCCGAAGGGGTTTTCAATCTCCACTCCAATTTCTTCAATGCCGAAGACAGTGAAAGCGATAATTCCCACCACAAAAGCCGTGGCCCAATGGAGGGTATTCACAATCTGGAAAGGGGTAATGAAGCAATAGAGAAAGATTAGCTGGCGCAAATGGAT
CP129343.1_gap12	400638	405235	4597	ACCCGTGTTTCCTTGCCCTGTATGGGATCTAAGCAACGAACCTGGGGTCGACATTGCGTTTCCATTTAACCTTTTAACCTCGGGGGAACGACGGCACAAAAATCCCCCTAAAATCCTAGCAAAGTTGGGCAACCTTTCCGGATTCTGGGGGTTAACTGTACTTTTGGGTTGAGCCAATCAGCGCCTAGTCTTCAAACGCAATCTCCACCCCTTTCTCGGTTTGACCATGTTCAACAATATCGAGCCCCACTTTTTCCTGGGACGGTTTTACCCGTAATATGCCCCAAAGATCCATGACGTAGAAGAGGAAAAACATGGTGATGAAGGCCCAAAAGGGAATCACCAAGGAGCCGACGATTTGAGCGCTAAGTTTATGTTCAACGTTGGTGCTAAAAATACCCACGGCGATACCGCCCCAAATGCCGCATAAACCGTGGACAGGCCAAGCGCCCACCCCATCGTCAATGCGTAGACGGTCCAACAGCTTAGTGCCCAGCACCGACAAAATGCCTGCCACTACACCAATGGCGATCGCCGACCAATTACTAACGGTGTCACAACCGGCGGTAATGCCCACCAAGCCGCCCAAAATACCATTCAGGGTTACCAGCAAATTAGGTTTGCGCTTATTCTCAGTAATCCAGTCAAAGGCCAAGGCCGCCAATCCCCCCGCTGCTGCGGACAGAGTGGTGTTCACCGCAATTAACATAGTTGTATTGGTATTTAAAGCCCCCACAAAGGCTAATTGACTACCGGGATTAAAGCCATACCAGCCCACCCAGAGAATAAACACCCCCAGGGAACTGGATGTAATCCCCTGATAACCCAGACTATTAATTTTGTTGCCCTCAAAACGACCAATACGAGGTCCCATTACCACCACCGCCGCCAGGGCTGCAAAGCCTCCCACGGAATGCACCAGAAGAGAACCAGCAAAGTCGTGGAAACCCAATTTATCAAGCCAACCCCCTCCCCACTTCCAATGGCCACTGATGGGATAGACCAACCCGGTAATCACGGCGGAGTAAATTAGATAGGCTTTGAAATACATCCTCCCCATCACCGCCCCGGACACAATGGTGGCCGCCGTAGCTGCAAAGGCTGCCTGGAACAACCAATCCACCTGGGGACTAAGCCCTTCGACATTATCCAGATTATTGGTGATGCCAAAGCCACCCCAGCCAAAAAAGCCGCCCAACACCGGGTTTTCGCCGTACATGAGGCTGTAGCCAAAAAGGAAATAAAGTAACACTCCCACACAAACATCAAAAGTGTTTTTAAACAGCACATTAACTGTGTTTTTGTGGGAAGACAGCCCGGCTTCCAACATGGCAAAGCCAGCCTGCATGAACAGTACTAAAACTGCTGCAGCTAGTAAGAATAGATTATTGATTGCATAGGTAACTTCTGCAATGGAAGTGGTTTCCGTTTGGGCTTGGGCCACCCCGACAAATAAAAATGCCAGCATGGCGCCCAGGACATAACGAGCAAGGGGAAAATTTTTCGGTTTCATCGCCTATACTAAATCAACTCCCTGGAAAAGTGAAATTTTTCTCAAGATGGCATCTTAGGAGGGAATGAATTGTTCACTGCCAACTTTTGTTACTGTTTGTCCACAATTTGCCGGCCCGGGAAAAGCAGTACTCTGATGATATTTGGGCTCCAATCTAGTGGAACGAGGAAGTGCACGGTACACTGAAAAAGAGGGGAATGAATCCTCTTCTGCAAAGCATTAGCATCGGCAGTAACGCTCTATGGGAACAGCTTCCCTTCTGGTGGCAGATGACGATCCCGATAATTTCGACGTTATCGATGCCCTCTTAGCGGACCAGGGTTATGAACTCAACTACGCCGATAGTGGCCAACGAGCTATTGACAATCTAGATACCTTTCAGCCGGACCTCCTGTTGCTTGATGTCATGATGCCGGGGCTAAGTGGCGTTGAAGTTTGTCGGATGATTCGTGCTTCGGCTCGGTGGCATGCCCTGCCAATTATTATGGTGACGGCCCTGGATAGTAAACTTAGCTTGGCTAATTGTTTGGCGGCGGGGGCAGATGATTTTATCTCCAAGCCCTTGAACGGATTGGAGTTACAGGCCCGTATCCAGGCCATGTTGCGACTGAAGCACCAGTATGATGCTTTGGGCAATTTGCTGCAACAACGGGAATCAATGGTGCACATGATTGTCCACGATTTACGCAATCCCCTCACTAATCTGATTTTGGGGATACAGGTTTTGCAGAGGAGTCATTCTGATGCTCCCTTGCCCCCGGAAAGACTTGATCGCCTGCTCCAGGCCGGGCAACAAATCCAGCATTTAGTGGATGATATGTTGGTGGTGTCTAAACAGGAACATGGCAAGATTCGTCTGGACTATCAAGAAGTCGACCTGTTGGCATTAATGGGGACTGTGCTGGATGATTACGAGGCGATCGCCAGCCAAAAACAATTAACCCTGGTACGGACATGGGAAAATAAGCCCTTAGTTGCAAAAATAGATCCCCCCATTTTTCAGCGTATTATTAGTAACTTGCTCAGCAATGCGATTAAGTTTTCCCCCACGGGCGCAAAGGTGGAGGTGGCGATCATAACGGAAGATAAGGATAAAGTCACCATCTGCTTCATTGACCAAGGGCCAGGTATTAAGGACGAACTTAAGCTCAAAATTTTTGAGCCCTATGAAGTGGGCACCATCATGCCCAACATTGCCCAAATTGGCTTGGGTCTGGCATTCTGTAAGATGATGAGCGAAGCCCATGGCGGTGCCATCACAGTCCAAGATAATCAGCCCAGGGGAGCGATGTTTTCCCTGACATTGCCCCAGCATCCTCCGGTGCCATTCGGTTGGATGCCCCATGACCAATGGAGAGGAGCAGCGGTGGATATCGGGAAATAAATGGGCCACAGGATCACCAAGGTCAATCTTGACCAAGGGCCAATGGGTTTAGATTAGATTGATTCACAATTTGACAAAAGTACTAGCAACAACCATGCCAGCGGAGGGCAGATTTTATTATGTTTAAGCATTGCCTCATTTGTACCGACTTTTCTGATGGACTACAACGACTAGCGGGCTTTGTAGAAGAACTTTCCCTCTCTGGCATCACTAAACTAATTTTTCTCCACACCGTCTCCGTTTGGGAGGATGAACACATAGCCGATGTGGACGAAAGCAAACTGAAGGAAGCCAAAACCTATCTGGAGTCCTTGGTGGGTCAGGTGCCTCCAGGGATAGAGGTCAAAGTAGAAGTATCCTCCGTGCGGTATGTGGACTTGGTAAACCAGTTGGTGGAGCAGGAAGCCATTGATCTGATTATTAATGGCATGCCGGTGCGGAGTAACTTAGAGTCAAAACTGTTCGGCAGCCATACCCTTTCCTTGGCGAAATCTACCAAAGTGCCGGTGATGATTTTACGCCCCCAATTGGTCAGCACTTACACCGTTGAAGAAATGGCTTTGCGGTGCCAACATCTCTGGCGCAATTTACTAGTGCCCTACGATGCTAGTTCTGCGGGTAATTATTTAATAGAAAGATTAAAAAGTGCCTTGGAAAAGGCTCCCCCCGGTAAGGTTGAGTCCTGTTACTTCCTCTCCATTTTGGAAGATGGTATGCGCCGTCCAGAACTGTTAGAAATCCGCCGTCAGGAGGCGGAAGCCAAGCTAGCGGAAATCAAACAACAATTTAGCCCCCTGGTGCCGAATATTATTACCGAAGTGCGCCATGGTAGCCCTGTGCAGGAAATTCTCGACACTGCCTTTGTCAATGACATTACGGCGATCGCCGTGGCCAGCCGCCGAGCTACGCTATTAGATTGGACAGTACCTAGTTTGACGGATAGTATTTTGAACCGCAGTTGGTTTCCCCTCCTGTTTTTCTCTCCCAAAGGTTAACCACAGTTAGAACGAACAGAGTCTAGCCTGCTGGATTTCCCGACATCACATATACGAAAAAATCCCCACCTCTGCAAAATTAGGAGTGGGGATATTACTTGTGGGAAAACTAGGAGCTTAAATTACAGCATTCAGATCAACACCAAAAATGCCAGCCTGGGCGATCGCCTGGGGAGAACCAGCTTCAAACACACTGGAGGAAATCCAGTTCCAGTCAGCACTAGAGTTCCAAACACCAATTTGATTAGTGTTGAGGTTTTGCCACAGCACTTGGTTAACCCCTTGTACAGTTTCCGCCGCTAGGGCTTGCCAGTTACCGAGGTTGTTGTCAAAGGCTTCCCCAAGGTATTTGATTGGTGTGGTTAAATCATCCCCAGATTGGACGTAGTAATTACCCAAGATGCCTTCCAGGAGAGTTGTAGAACCTTGGTTTTCCACGGTCGTCAGGCGATCGCCAAGGAGGTCATCGTTGTTGATGTCAATCTGGAAGGTAACTTCTGCTTCCAGAGTATTGAAGGAATTGGTAGGCCAAGTTTGCGAAGAAATCCAGTTCCAGTTGGAGTCGGCATTCCAAACACCAATCTGACCAAGGTTGGGATTTTGCCAAAGCACTTGATTGATGCCATTGACCGTTTCTGCTTCCAAAATTTGCCAATTGCCAAAGGTGCCACTGGCAAAGGGTTGATTGTTAAATTTAAGCTGTAC
CP129343.1_gap13	416576	417894	1318	AGATTATTCCCCTGATTGACGTTGTTTTCTGTATTCTGACCTTTTTTATCCTGGGGGCGGTGGGGCTATCCCGACAACAAGCCATTAGTTTAGATTTACCCCGAGCTAGCACTGGGGCTCCCCAAATGCGGGAAATGTTTATGGTGAGCCTGGACGATCTGGGGCAACTTTATGTGGAAAAACAGCCGGTAAGCCAGGAGCAGATGGTTAGTGCCCTGCAAAATTATCACCAATACAATCCCAGCGGTTTGATTGTGCTCCATGCTTCCCGCAATGCCAGTTATAACGATGTGGTGCAATTACTGGATACTCTGCGAACCGTGGGCGGCGATCGGGTGGCTTTAGCGACTTTACCCGGCGATGGCCAAACTCCCTCGGGCATGAACCCCAATAGCTTTAATAATCCTAATTTGGGATTACCGGGCATGACTCCGGGCAACGCATTCCCCAATGGTGCCAATCCGGGAATGTCCAATTTTAATAACTCGAATCCTGGGGGTTCCGGTGCGGGCGTCCCTAATTTTAGTAACACTCCCTTACCAGGTATGCCCGATGCCAATGGCAATGTGTCTCCCAATCCTGGTATGAATCCTGGTTTTCCCGGTGGAGGCGCCATGAGCCCTGACCCCAACTCCCAATCGCCCAATTTACCTGGGATGGGTAACACCGTGCCCAGTGCCCCCCAACAGTAATTGATTGATAGTAATTGGCTGAAACTGCATTGCCTATGATTTCGGCTCGACAATTGGCCTTTTTGATTCTGCGAGACATCAATCGCCGGGATAGTTACACTGATGTGGCCATTGACCGGGCTTTGCAAAAACATCCATTGTCTCCCCCCGATCGCCGTTTTTGTACGGAATTGGTGTACGGAGTGGTACGCAGACAAAGAACCCTAGACTGTTTAATTGAACAACTTGGCGATCGCCCCATTGGTAAGCAACCTCCGGATTTAAGACGGATTGTGCAACTGGGACTATATCAACTGCGTTACCTAGACCAGGTACCGGCTTCAGCGGCGGTCAATACCGGTGTGGATTTGGCCAAGGCCAATGGCTTAAAGGGATTAAGTAAAGTTGTCAACGGTATGTTGCGTCGCTACCAACGGGCGGAGGAACAGGGAAAGAACATTTTAGACCAGGAAAAAATCAGTTTGGGGGAGCAATATAGTTTTCCCGATTGGTTAATGGAGTTATTCGAGCAAACCTGGGGCAAGGCAGAAACGGAATCTCTCTGTGCCTATTTCAATCAAAATCCTTCCCTAGATCTACGCATTAACCCGTTAAAAACTAGCAGAGTAGAAGTGGCCCAAAGCCTA
CP129343.1_gap14	514805	519004	4199	AGAAAGATGATTTACAGCACTGATCCCTGGCTTACCCAGTTGTATGACTCAGGGAGAAATGATAGAAGAAAATGAATATAAACAGTCATTGTCAAAGGCGATCGCCAAATCAACGAGAAAAAGTGATTAAAAGAAGTTATTCTTTTATCGTTCCCGAGGGAGAAAATTACGCCAGTGGGGAGGGAGTAGATCGTCAAAATAAGCTTCCACTAACCGGTAATGTTTTTGGTAAAGTACACCAACAGCAATAATGGCCAAACCGATGGCTGACAGTGCAAAGGGGAACAAAATGGAATCGGCAAAGACTTGGAAGGCTAAATAACTGATGTAGCCGAATACCCCAATGACACCAAACACCATAAATAGTCGTCGTTTGAGCAAAATTGATAGGGCCATCAGACCTAAATTAATCAGGCAAAAAAACAGTCGGTACCATTCCGTATCCTGCCCTGTGGCCAAGAGACTAAACCAAAAACTAATCAGTCCAAACAGGTAGAGCCAAAAGCTGTAATCCCCCCGACTGCGCCGCCAGCGCAAATCCACCCCATAGGCGATCGCCAAACAAATAATGCCAAAACCCAGGGTCAGGCGGGCCGCAGTAATGAAACTGACCGTCTCTCCGTAAATGAGCGGGGGAATATCAATGGAAAGGAACCAGAGGCAGAAGGCAAGGGGGAAGGTGAGGAAAGGAAAGTGAATAAAGCGCAAAGCCAATAAACTGGCAATAATCGTACCCATGGCCAGGGGGAAACGGCCGCTGATTAACCAGGTGGGTAAATTACGGTACACGGAAGGATCTTCAAGGGAAATTAACCCAAAACCCTGTTGCAGTCCGTAAATGGCCAAGGGGGTCATCCAAACAGCAATGGTAATCAATAGGCCGCCGGGCACAGGCAATTTTTGCTGAAAATAAAGCCATTGGCCCACTATGATCAGACCCAGTGCATATACCACTGCCACAGTGAATAGACCAAATCCCCCCAGGGCATCCCAAACAATGCTACCGAGGAAAACCATGGCCACAATCACAATCAGGGCACCAAAGTAAAAAGCAACGTTGGCAAAGTCGAATCGCAACGGCGGGGAATCACTATTTTCCCTGGCCCCTTCCATGGCAGGAAAGTCCTTATGTTCTATCCAGGCTTGCCATAATTGTTCGGCTTGCTCTGCGGACAAATAACCCTGTTCTACCGCCCAGGCTAGGTCTGTTTCGGTAATGTCCATGCCCAAATTTTCCTCCATTGCTCGCCACTGACCTTTTACCGTATCAGGCGATCGCCAGGGATAGGGGATGACAACGGGGCAATTCTGGAATTGGAAGAAATTAACGGCGACAATCTGTCTGGGGATGAACCAGAAAATCTAACTAGGATTAGCGGGAGAACTTATTGGTTAAGTTGCTTTTTGGCCTGCTGCCATAGGGTTTCCAACTCTTCTAATTTGTACTGATCCAACGGGCGATCGGCAAATTTTTCCATCAATTGTAGCCGCTGAATAAATCTTTGATTGGTGCCATGGAGAGCCAAGGAAGCGTCGAGATTGTACCAACGGGCCAGGTTGATGAGGGTGAATAATAAATCCCCTAATTCTGCCTGTTGATGGCCCTTATCCTCCGTGGTCAAAGCCTGTTTAAATTCGGTTAACTCCTCTGTAAACTTAGCCCATACGCCGTCAACATCTGGCCATTCAAAGCCCACCGCCGCTGCCTTTTGAGAAATTTTACTACCGGCCATCAGGGGGGGCAACGTACTGTTATAGCGTTCTAATTTGATGCTTAAAAGTGGTGTTTGGTCGGGGTTTAAACCCTTTTCCTGTGCCTTAATCGTCTGCCAATTGGCTTTCACTTCCTCTGCATCGCTGACTGTTACCTCAGCAAAAACGTGGGGATGGCGACGGATAAGTTTGGCGGTAATGCCCTCTGCCACCTGTTGCAAATTGAAGTGTCCTAAATCCTGGGCCACTTGGGCTTGGAGTACCACCTGGAGCAATAAATCCCCCAATTCCTCGGCGATCGCCGTTTGGTCTTGGCTTTGTAGGGCGTGGACCACTTCGTAGGCTTCTTCCACCACGTAGGGAATTAAACTTTGTTGGGTTTGGGCTAAATCCCAAGGGCATCCCCCCTTTGGCGATCGCAGTTGGGCCACTACGGCAATTAATTTTTCTAGGGCTTGGAGAATGGGGGCAGTGGCATCCATAAAAATCAGCAGTTAATCTAACCAATACAACGGGGAATCAGGGGGTAATTTTTGACCGGGCCAAAACTCTCAGATGGGTTAGCAAAGTTTCAGGCCAGGCTAATTTTCCCCAACTAAGTTAAGCAATCTTTAGGAAGCACCGGGGTAAATTCGCCCCCGCCATTGTTTGGGGGTTTGGGAAGCGGAAATGATAATCCGGGTCACCGCCAACGGATCCGCCAGGGGAGAAAGCCAATAACTCCAGGCTCCTTTTTCTGAAGGTCGGTAATAGGAAGGATAAATGGCCAACAGCATCCCCCAACGAACTAAAAGCAAAAAACCATTCAGGGCGATCGCCAAGCGGAGGGTTAAAAAGTCAAAGTCTTCCCCCCAAAGCATCAACAACAGGGAAAAAAACAAAATTGGTAAGCCTTGCACCAATAGCAGAAAAATTACCTCTGCCCATAACCGGGCCGGCACCGTTGCATCCTTGAGATCCAGGGAACGGCCCCATTCTCGCCAGGTTTCGCCAATGCCTTCGTACATTCTCACCCGGATCAAGTTAGCGCCATCCAAAAAGCCCACTCGATAACCCCGTTGGGCCGCCACCCTCGCTAAGGTCACATCATCACAAAAAGAACGAGCCGCCAGTTCATAGCCCCCCAAGGCTTCCAACACCAATCGCCGACAGAGAAAACATTGACCATTGGCCATCACCGTTTCCGGAGCCTGTTCCCTCACCCCAGCGGACTCAAAACGGTATAGCAACGTCATCAGCAAAGCCGGTTGCAGCCACCATTCCCCAGGCGATTGCAAAATAAATTGGGGCGATAGGGAAAGAATGTCGTAATTTTCTTCCTCCGCCGCCTGCACGACACTGGCCACTAGCCCCGGTTGGGGTTGGGTATCGGCATCAATGCCCAAAATCCATTCGCTGGCGGGATCACTGTGCCTAAAGCCATAATTGAGCGCCCAGGGCCGCCCCACCCAGTTATCTGGTAAAGGATCATCGGTCAGCAGTTGCAAACGGGGATTATCTTTTTGCCTTGCTTGCACCACTGCCTGGGTGCCATCGGTGGAACGACTATCCACCACCAAAATTTCCCTTAATGGTGGCCCCTGTTGGGCTAAACCAAGCAAACAAGGAGTTACCCGGGCTGCTTCATTTAAAGTTGGCACCACCACGGACACATTGCGAACCCCTTCTTCCGGCAAAAATACCGGTGCCAATGGCGATCGCCGCCGTGCTCCTTTGACCAAACGGCTGAGCAAAATTAAACTAGCTACCCCCTGGGCCACTAACAACCCCAAGCAGAGTATGGCAATGATCAGCATTATTTCTGTTTTTAATATGGATGAAGGGGAATTGCCTGCAACAACGGGCCGGAGGAGTCAACGCCAAAGTAGTGATTATAGTTGTTTAGGAATGACCAAAGATACCGTTGTGCCCTGTCCTAGCTCACTTTTGATCTCGATTCTGCCCCCATAAAAGGTTATCAACTTTCTGGCGATCGTCAAACCAATACCAATGCCGGCAATATGGCCCACGTTGGACCCCCGCTGAAATGGCTCAAAAATTTTCTCTAACTCTGTCTCCGGAATACCTATGCCATAATCTTGAATTTCAAAGATTATTTCTTCGGGAGATTCCAACAGCAGTAAATCAATAGTAAGAATAGTAGGGGAATATTTAATGCCATTGGCTAGTAAATGGGTCAAAACCGGTTTCAATAAAACAGGATCGAATTTGACTGCCAACCGGGTCTTAGAACTTAAACAGGCACAAAAATTAATTTTATAGGGATAACTAAGATATTCAGTTTTATCAATTATATCCTGGCAAAAATCAATTAAACTACCCTTAACCAACACTGGTTCGATTTCTTCTTGGTTAAGATTAATAGTAATAATATCGCCAATTAATTCATCAATTTGCTTCGCTCCCCTAAGAATTGACTCTATATATTGAACTCGTTTTTCATCGGTTAGTTTTGCTTCAAATTTTCCCATAATTGAAGCCGCACA
CP129343.1_gap15	551244	553482	2238	ATTGATGATCGCAGTGATGTGGTTACCTATACTTCTGAGCCTTTGCAGAAAAGTTTAACCATCTGTGGTGTTCCCCAAATTTTCCTCACTTTGGAATCCGATCGCCCTAGTTTCGATGTAGCGGTGAGTTTGTCTCAATTTAGGGTCACTGGAGAAGTGTGGGCCCTCAGCCAGGGTTACTGTACTAGCTGTAAGCAAACAGCTAATTTGGAAATTTGTCTCCAGGCAATTTGTGTAACTTTGTCCCCTGGCGATTGCCTGCGCATTAGTTTAGCGGGGGCAAGCTTTCCTGCTTATCCCGTCAACCCTGGCACTGGTCAGCAGGCGGTTTTGGCGAATTTGGTTGATCAGCAAATTATTACCCTGGCTTTGGTCACCGATGGCCCAACCCAAAATCATCTGCTGTTGCCCATTCTCTCGGGGGAGTGAACAAAAGTTTTGATTATCCAAAGGCGATCGCCTTGCTGGGTTATTTCTTCTACCACTCCAGAGCCGCCGCCACAGTGGGAAAATGCTTCATAAAAATCTTCCGAGCCGCCAAAGCAATTTCCCGGTGTTCTTTTTGGGTGGCCTGGTCACAGCGGACACTGAAATAGTGGATCCAACTGCGTACAGAGCCTTTCATATATAAACGGGTAACCGTATTGAGGGGCAAAATAGAACGGGCACACTCTTTGGCAATGCCCTTAGCCAAGGCCTCTTCATAAAGTTGATGACTTTTTTCCCACACGGCTGCCTGGGCTTGGTTGAACCATTTTTTTGTGCTTTCATCAAAGTCATCTAGGGAATTTTGACGGTTTTTCACATCCTGACGACGGGCTTCATAGCACTCATATTCGGTAGCACAGGAATACCTTAGACTAAACTCCTGAAAAGAAAACGATCGATGTCTTAAAATTTGGGGGGCGATCGCCCGGGTGGTGGTAATTTCCAAGGTCATATCCACCATTTCAAAAATGCTCCAATGGCCTTCCCGGATGCAAAATTGCAATAGCTTAGTGTAGTTGGGATTTTCTTGGTTAGGACTAGAAACCCTAGCGCAGTAGGCAATTAGTCCCTCGGGGGAAAGGGGCTCCCCGTCAATGACAATTTCGGGTTTGGTGAGGGAAATGAAACGAACATCCATGGTTAAAAATAGGCCACTATGGGGAGGAGATTTATCGTTGGCCTTGGTCAATGCAGGGCAAAATCAGCATTGCCCCACAAAAAAATTCCCCAGCTATGGCCAACGGGGGACAACTTGGGGATATCAGCTTAATTGTGGTCCAACAAATTTTCTTAAGCGACCAGGTAAAATGACAAGCCCCAGGGGCGATCGCCAGTTTATTTAAAACCAACCGCCGCTTGCCACACAAAGGCCAAAGCCAAAAAGAAGAGGGGAATGACCGGCAGAACATCCACCAGGGGGTCAAAAATCTGATAGGCTTCCGGCAATTTAGCGAGCAAATAAATTGTTTCCATTATTTGAGTTTCCTGACTGACAAAGAATAAAATCTTAATTTACGGTAAATCTTATCATGATGGCCCCTTCCCCCATTAGCCGTTTTGACGAAATTCACGAAGCGGCGATCGCCTCGCACAGAGAGACATTCTCGGAACTGTAAAGGTTCTGCATTCTATGGGCCAAACAACGGGTCAGTTTTTGGGAGCTAGCCTTGATGGTGCTGGGGTCGTAGTCCCTAGCGGCGATGCCCTGGCCAAAATTAATTTCCACTGAAGTGCCTTTGCCTGGGTAGGGGTCACTGTAGGCGATCGTCACTGGGATCACTTTAATGTCAGTGTTGGGGTTTTGCTTACAAACTTCCATGGCAATGCGCCCAATACCCCGTTTGAGGGGATGGACAGTGTGTTGATCCCGAAAAATGCCCCCCTCAGGAAAAATGACCAACATTTCCCCTGCTTGGAGTAACTGCACACTATAACTCACACTACTGATTTCCGGCCTTTTCACGTCAACGGGAAATCCCCCCAAATGGCGAATAAACCAACCCTGTAAACCCTGCACTTCCGTCACCGCCACCATAAAACGGAGGTCTCGACCAGTTACCCCCCGACCGGCGGCCAAAGAAAGCAAAATTGCATCCCAACGGGAACGGTGGGTAGGGGCCAGAATAATCGGGCCACTGCGGGGTAAATGCTCCTGACCATGGATGGCGATCGGGCCAAAATACCAATGTAAAAACCTGGTGCCTAGGGGATAAATTAATTTGATTAGCCAGGGGGAAACCCTGGAAGGGC
CP129343.1_gap16	558296	558896	600	TCTGAAATTACCACGGCTATTGTTAATAAAATTGGCTTAAGCAAATTAGCCGGGGTGATCCATCCCTATCCCACCCAGGCCGAAGCGATTAAAAAAGCCGCCGATACTTACCGCCGTACTTTGCTCACTAATAATACGAAAAATTTACTAAAACTTCTAACTAAATTTCCCAGTAAATTATTCTAGAAAACATGGTTGAAAACCCTAAAATTGTACTCAATTTAAGACTGGCCACAACAGGTTTCATAGCCTAAACTTTCTAAGATTAGATCACTAACAGCATTGGCCACTGCAAATTCACTAAAAAAACTTTCCCGAAAATCAAAAGCCTGCATTTCAGTCACAATGGCAATCACTAGGGAACCTAAATCATTTTCCCCTTCCAATCGTTGACGCACAAAAATTTGAGCGGCCCGTTCCGCAATGGTGGCATTAATTCCTTCGGGAATAAATTCTTGATTAAGCCATTGTTGTAATCCTTGACGCAACCAATCGCCCTCTTGCACAGGGTCTTGGAGTGGGGGCAACGTGATTGGGGGAATGGGTTCAACAGCCATATTTCCTGGAAACTTTGTTTATAAAATGTTAATAAAATATTGT
CP129343.1_gap17	562624	563443	819	CCAAGAGGATAAAACCATGAAACCGATGATTTGGCACCCAGAAGATAAAGATGAAAAGGTCAACAAGTATCTAGACCGCATCAACCATGAACCTTGGTTGGGATTTGTTGCTTTTTCCTTAGCATTTTTCATGGCCTTTATTTTAATAATGTTTATGGGGATTTTCTAGGAAAATGTTTGAAAAGTTCTAGGTAAGTTTCCGAAGCACGGGATTAACCATAGCCCCATGGATCTTTGTCTCACTGGTGTTAGGTAGATCGTTCGTTGACGACTTCTTAAAGCGCAACTTAAACGTTGCAAACCTTTTTAAAGGGTCACCGGGGTAACTAATTGAGCAGCCCAGATTGCTCAACCGTTTGCCAGGCGGGCCAAATTTTTCCCTGCATAAAGAGGGCGATCGCCTGGAGGCCATTAATTTCAGGGTTATCGGGAGCCAGGGCCAAGGCGGGTTTGAGGGCCTGTTCCCCCTGGTATCCTTGCCAGTCGTAAAGATGAACAAAGGCTAAATAAGCGTGGGCGTAGGGATTTTCGGGATCTAGTTTGACCAAAGATTGCAAAGCGGCGATCGCCTGGGGAGGATTTTCCTGCAATACCCGGGCCAAAACTTGGGCATAGGTTAAACGGAGAGCATCAACGGGATTTTGGCTGAGGCGATAGGTCCAACTAGCATCCCCCTGCCGCAGATAGTCGTGGCGAGGATCGTATAAATTAATCCGGTCAACCTGGGCAAAAACTGGATCTAGCCCAGCAATGCCCTGCTGCAAATTTTGCGCTAAATGGTACAGTTGGCTGACAAAATCCAATGGTGGAGCAGGCAAA
CP129343.1_gap18	568733	569482	749	CAAGGGGATCAAAAGACTAGTGTTTCCCCCGGCACTCCCTTTGAGGCCCTACCCCTTAATTGGAAATGTCCGGTGTGTGGCGCCCCCCGCAACTACTTCATCAGCACCGGGGAGACCGATGCTCCCTCTGGTTTTGCCGAGAACCTTAACTACGGTTTTGGTTTTAACCGTATGAGTGGTGGTAAAAAGAATTTACTAATTTTCGGTAGTCTTTTCGTCATTTTCCTATTTTTCCTGAGCCTTTACGGCATGGGATAAGGCTTCAATTTTCCCTCTGAGCCCTTGCTGTACTCGTTGATTATTCCTGTTCACAATGCCTGTTAAATTCCCCAGTTTGAAGTTTGAGCAACTAAAGCAACTTGTCCTAGTGGCGGCGATCGCCGTTTTCTGTGTGAGCTGCAGCCATGTGCCGGATTTGGCCTTCAATCCATGGCAAGAAATTGCTTTAGAAACAGATTCTACCTTTGCGGATATTGCCTTCACGGAAGATCCGAACCATGGTTGGCTGGTGGGTACCAAGGAGACTATTTTTGAAACCACCGATGGCGGTGACACCTGGGAGCAGAAGCTGATTGACCTAGGGGAAGAAAAGGCTAGTTTTTCCGCCGTTAGTTTCTCTGGCAACGAGGGATGGATCACAGGTAAACCTTCCATTTTGCTCCACACCACCGATGGGGGCCAAACCTGGGCCCGCATTCCCTTGAGTGAGAAACTGCCCGGTGCTCCCTACAGTATTATTGCCCTGGGAC
CP129343.1_gap19	688906	693603	4697	TAATAGCCAGGTTATCGGATTGACCCCGAAAACCAAAACTCATCTGGTCAATTTTGATGTTGTAGTTGCCCTCGGTGACCACCAACTCCGCCAGAGTCTGGTTTTTCAGTTGGAATCTACCCGAAGAAATGGCAATCATCATCCCGGTGCCCACCACTGCAACCACAGTTATGGCACTGGAAACCAACAAAGCGGTGAATTGCTTGGTGGCAATGGGCAAGTTAGCCCAGCGTTTTTGCAATGTTAGGTTAGACCGCTCTTCGTCCAGGGCTAAATCATCGGTGGCGGCGGCGTATTTTAAGGTCCCAGTCCAAGCCATGGCCGGGGTAATGCGATTGGGATCCGCTAGTTGGGCCTCAATGCCGGCGATCGCCTGGTCACAGGTGGCATGGAAAATCCCCTCCTCATCGTTAATTTTTAAATCTTCGTAGGCTTGGAGAGCATCGGTTAAAAATCCCCCCGCTTCTAGGGCACTGGCGAAACTTATTTGGGCCACCAGATCGTCGGGCCTCTCTTGCACCGTCTCCTGGAGCATAAGAATCTCTGGCGGATAGACCTGCTTCTTCTCTTCCTCAGTCAGGGGTTGGGGAATAGCGGGGATTTCCTCCACCGCTGGTAAATTAGGCTGAATTTCCGCTAAAGCCTTACTGATGGTTTCGCCATAAATGCCGTCACTGTCCAACTCCTGGGCTTGACGATAGTATTGGGCCGCTTCCTCCCAAAAACCCTCTTGCTGGAGAGCACCGGCCAGGACGATCTGGGCAAATAGATCATCCGGGGCAGCCATGGCTGCTGCTTGCAGTTCCAGAATCTCTTGGGAAAATTGGGGTTTAGTGGGGGTGCTAACCATGGCGATTAAAAGTAATTAAAAAACAATTGGGCAATGGGTCGGAACAGTTTCAGGATTAACGATGAAAATTAAGACTCTGTTAAGGTGAAAAAGTAAGGATTAAGACCAAGATTAAGTTGAGCAAAAACTTTGGGGAGGCCCGATAACTATTTCTCCAATGGGTGAAGCGGTTTAATGGAACCCCCACCCTGGAGCCAGGCAAAAATTCGATCCACATCCAAAATCAGAATGGTTTCCCCGTCTTTGTTGCCTTCTCCCAATAAAAAGGGCTCCCGCAGTGGCTTAATTTCCTCTGTACTAAAGCTAACAATGCCCTTCAATCCTTCGGCGATCGCCGCCACCTGGGCAGATTCTCCCACCAGTACCACTGCTTTAGTATTGCTCAAGGTACGGTAATTGAGGGGGTTAGCCGTAGCCGGGGACAATAGGCGGGGCAAATCCATCACCCAAAGCAGATTTCCCCGTTGATTGCTCACCCCCAATAACTCCGGTCTTACCCCAGGAATGAGACAAAGGGAACTGAGGGGAAAGGACAACACCTCCCGGGTTTTAGCTAAAGGAATAGCCACCGTCAGGGGCAGACCCAAATCAATCCAAAAATAGTCCTCTACCATAACCTCATCACCGTAGTCAGCATTGGCAAGTTCTAGGAAATATAGGGCTTAACGGTTTTCATCAACTCAATGGGGCTATAGGGCTTAATCAAATAAGCATTACCCCCCTGGCGCAGGGCCCAAAAACGGTCGTAATCCTCATTTTTGGTGGAACAGAAGACAATGGGCACATCTTCTAGGGCCAATTCTCCCCGAATTTTGCGACATAGGTCATAACCACTAATATCCGGCATAACGATGTCCAGCATAATTAGGTCAGGCACCGTATTTTTGTTTAACCATTCCAGGGCTTCATCGGCATTGTTACAAATGACAGCCTCTGTGCCCATGGACTTTAAAAGCCCCTGAACCAATAACTGGTCAGACTTGGTATCTTCCACAACTAAAACAGTTTTCACTGGTATCCCCCTGGGCAATTGCTAACGATGATAATCATAGGATAGAAGAAGCAAATCAGTAATTAAAACTAACTTATACAAACAACTATCAGTAGTAATTAAGTAATTAAACAGCTGCGGAGATAAAGCTCTGCACTGTTTCCACTAATTCCTGGGGCTGGAACGGTTTGCAAATGTAGCCAACGGAGCCGTGCATTTTTGCTTTTACCCGGTCTAAAACTCCACTGCGGCCGGTCAACATGACAATGGGAATATGCTTGAGGGCTTCGGATTTATTGCAAATACTGCACAGTTGATAGCCGTCGATGTCGGGCATATTGATGTCCATTAAAATCAGGGCCGGTTTGGCGTGCATCAAAGTAGTTAGGGCACTAGAGGCTTGTTTGATGTTGATCACCTTAAAACCCGTGGCTTCGAGGGCAAAGCTCACCACCCGTTGAATGGAAGGACTGTCATCCACACAGGCAATGACCGGGCGGTTATCCTCCTGCTCCGGTTCGTAGGGTCCCATGGTGATGAGACCTAGGCCCACTAGGGTTTTGAGAATAATGGCCACACTAAGGCTACTGGTGTGCAGAGACTCGGCAATTTCATACACACACATTTCCTGGGCGATTAATTCCGGCAATTTTTGGTAGCGGTTCAGCAAGTCACTGGTGATGTGTTCGAGCTTACATAGCCCAGGCAAGATGGTATCCACATTCTCGGCGATCGCCCGTTGGAAAGGGGAGTTGATGACAGTACAAATTTTGAGCCAATGTTTGATTTCCTGGGCGGCAGGTTGCATTAACTGCTTGAAGTCCAGATAGAGCAGTAAACGATCTAGCCCCACCGTTTCCTCGAAAGTGCAAACCGGCTGGGACAGGGAAAGAATTTGGATCAAAGCTTCCTGGGTTAACTTGGCCAGAATGGAGCGGATTTCCTGAAAAGAAAACTGCTGGGAATCCCACAACTCACAGAGGTACTGATAATCGCTGGTGATGGGCTGCTCAAGGCGAAGTCTTTTAGTGGGAGTGTAGCGTTGGAACAGATAGTTCAGCCTTTCCGATTGCCCTTGGTCACTTCCGGCATAGTGAATGCGTCCGTTGCCCAGATAGATCCGCCATTGGATGCGGGGATTGCCCTTGCTATGAACGATCAATTTGCCAGAGCTCTCTTTGGCAATGAGGTTCTGTAAAACCTGGTACAAGTTAGGGCTTTCACTGGCGGAGGGGGGAGAAGCTTCCATAGCGTTCGGGGGAGATGGCAGGGGGTAGGCCAACCCTAGTGTGGTCTGATTCGTGGCCGGGGAAGAAGACAGGGGAGATTGCATGGGACAACAATGGCGGTTGAACAAATAAAGTCCATCTAAGGTGAGAGCGAAACCTGTCAATAATTATTAGCCCTAAAGTTAACTATTTTCTTAATCTTAAGTTAACTATAGTTGATCACTTTGCTATGGGAACAATGCAAATTAATGAGTAGAGTTTAACCCCATACTATTTCTAAAATCAAGCACCATTTCATCCCTTATCCCATTTCTTCAACGATCAGCCATGACTAATCGTTTTTGCTCTTCAATCTATGGGAAATCTATCCCTTGGGAAGTATCTATTGTTACATTTGCCATGATCAAATTCCCTTTTTTGATATAGGTTCAACTCTTTTTAGTTAAGTATCCCTAATTACTTAAGTAGGAGGAAAATCCCGAGTCGTCCCTCAAAAAGCTTTACTCTCAGACTGATTTTCGGTCTAATGTTCTTATTATTAAAATAACATTTAAGGTCATTAGCTCTTAATTTTGGAAGTATTCCTATGGCCGGTGATGGAGATGGCAGGATTTTCTGCGGGCCCTGCTTAAGGGTAAGAAAAAACTGTTTGCTCCGTTTAATGAGTTCAAAATAACCGCCAACCCAATAAACTAAATGAGGATTCAATGGTTATTTTGAGTACCAAAAGTCTTTAGTCTAGGCTTCATTGGCCAACAATTCCCGGAAGCGAATTTCGTCTCGATGGGGGTCGGCATTACTAACCTTTAGGCTTAGGCGATCGCCGGGGGAAATGGGACGGTCAAAGCGATGGGGCAATTCAAGACCTAGTTCTTCAAGAAGAATTAAACCCAAGCCATCATCCTCCCGCAACCAACGGAGCATCACCCCCTGCCACACCTCATTAATATTGCGCCGCAGAAACTCCAAGCTCCAGTAACGGTTAGTTTGCCGTTCCACCAACGTAGCTTCCTTGGAAGAGGGCATAACGCTGTATAGAATTTCTTGTACCTGCTCCCCAGAGAAAGGCAACGGCTCCCCCCGTAGGTAGGCCTTCATTTGAAAATGGGTAATCAGATCAGTGTAACGACGGATAGGGGAGGTGGCCTGGGAATACAAATCCAGCCCCAAACTAGCATGGCGACTGGGGGTAATGCCCACTTCACTACGGGGCATACAACGGCGTACCGCACATTCCCGCACAGGGCCCGGCGGTAAAGACAACAACTCTTCATCGGAGGGTAACTCCGGCTGGGGTTGGCCCCGGAAGGGGACTGGGATGCCATGCTCTTGGCAAAAACGCCCCGCCACCTCCCCGGCCAAGATCATCATTTCCGCCACCAGTTGACGAGAAACGGAGGTTTCCTGGAGATAAATTTGCACTTCCTCGTCGGCATTAACTTTAATAATGGCTTCGGGCATTTTGATGGTGATAGCCCCCTGGGATTTACGCCATTGGGCCCGTTTTTTGGCTGCTTCGGCTAGGAGGGGCAATTCCGGTTCCCCTTGAATTTTCAGCACCAACATCTCATCCACATCTTCGTAGGTGAGGCGATAGGTAGGCTTAACCCAACTAGGGGCAATGGTA
CP129343.1_gap20	721997	722841	844	CACCCCAACGATTTAAACTATATGGGGTTGACCATTAATGATTAAAAAAATCCAAAATTTTAAGTAGAGTTGGTTCGTGTTAGACCTCAAGCAAATTCGTGAAAATCCCACCGCTATTCAAAATCGCCTCAATCAAAGAGGGGGCGGGGCAAGTTATGATCTCGAACCCATTTTGGCGATCGCCGCTGAGCAAAAAGCCAAGGAAAGCGAACGAACTGTACTGCAAAGTCGTAGCAATGAAATCGGCAAATTAATTGGCCAAAAAATTGGTCAGGGAGCCGATCCTAAAGGGGAAGAAATTCAAACTTTACGGGAAGAAGGTAATAGTTTAAAAATCCAGTTAGCAGATTTAGAACCCCAGGAAAAAGATCTTAAAGAGCAGTTGCAAAAGCTGTTACTAGAACTGCCCAATTTGCCTTGTGAAACCACTCCCATAGGAGCGAGTGAAGCTGATAACATCGAAGTAAAACGTTGGGGAGATCAATACTTAAAAGCAGAAACAGTAGGAATTTTACCCCATTGGGAAATCGGTGAAAAATTAGGCATTATTGACAGTGAGCGGGGAGTTAAAGTAGCCCAGAGTCGTTTTATTTCCCTCATGAAAGCTGGAGCTGCCTTGGAAAGGGCTCTGATTAACTTTATGCTGGAACGTCACATTGGCGTGGGCTACCAGGAGATTATGCCTCCCATTTTAGTTAACAGCGATTCCCTGCTGGGCACAGGGCAATTACCCAAATTTGCTGAGGAAAGTTTTCAATGTCGGGGGGATGACCTCTGGCTTATTCCCACCGCCGAAGTGCCAGTGACTAACCTTTATCGAGACGAAGTTTTAGACTTAGAACAA
CP129343.1_gap21	726822	731213	4391	CGGAAGCATTACCGGTGATGCGGTTAACAGAATCAATCCGTTTGTTGCCTTCAGCAACGGTAGCGCTCAAAGCATCTAACTGAGAACCAGAGAGGTACTCGCCGCGAGCATCAGCTTGGGAAACAACCCGAGTGAATACGTCGAACATTGAATTAATCTCCTACTTGACTTTATGAGTTGGGATTTTCTTAAACACAATTCCCCCGGATAAACTGAGGGAGTCCAAAGTAATGACCCTAGAGTTATTGTTACTGATCTCCATTAACTTTCGTTAACTACCCGGGGATTTATGAGAGATATTACCTAAATAAATCCAGGGAGAAACACGGAGGCAGCGACAAGGGCCACCGGGATGCTCAAACAGCTCAGCGCCTAGGCTTGAATGCTTTTGCAATCCCACAGTTAACTTTATACAACGGTGATGGGACTTATGTCTGTTACATCTTGTTAATTTTATTCCTGCTTTTTTGTTAAGTAATGTTGCAGGGGATTCTCAGATTGTCCTGGATTGGGAAGGGAAGACAACCAGTTTCGTTCAGCTTATGTTTTAGGGCTAAAATTATGCAATTGATGTTCGGTGCGAACTTTTCTCGTTTTTTTAGTTTCCAGTGGGGTAGGGAAGACTGTTGCCTAGGGAACCACAGCCTACTTTCCTTTTTGAGCTTTTTATCCCACCATTTTGATATTCAGGGACTCTTCTCTACAGGTGGGTATAGATTTGTTAAGTTTATTTTATAACGAAGTCGGGATCGTCTTTGATTTGCCTTGCTAATGGGCTAAATAACTTCATCAGGAGCCATAAACCTTCTCTTCATGGGATTTAGCCCAAGCAACGTCCCTGTGGTTTGTCTGTGATCTAAATCACCTGGTTAATGTGATAGTTTCTCTGGTGGAAAGACTGGCCATGGCAAAGACTGGATGTAGTTAGTGACATTCAAGTCTTTTTTTAGTCATGTTTGATTGTACTGTTGATTGTTTTAGTCTACCCGATGATCTGGCCCTCAAGCGGAAAATTACCGACCTGGAAAAATTATTAAATTGTGCATCCAATAAGCCGGTGGTTGACCACGAAACTAGGGCTGAAATTGTTCACTCCGTGGCCAGCCGCATGGGAAGAGTGGCCTATGTCCGTCGCCTATCGATGGGACGGGTCAGGCAAAAGCGTGGTTGAGGCGTTTACTTGGACGGAGAACTCCCTTTTTTTCCACTTGACTGGTCAATATTTGGCTAAACACTTCCATGTTAGCGGGGACTGACATTCCTTTTCCCTTTCCCTAACCTGGATGTAGTGGGGCAAGATTTTCCCACAACCAATATCCGCAATCAGGTGAGGAAATTAGGATGTTTAATAGTTTTTCGTTCCCTAAGCTGCATTGGCAAGCCCGCCGCTCCACAGCTTTATTGACTACCGTTCTCTTGATGGGAGGGTTGGTTGGTAGTTTTACTAATCCGGTGGAAGCTCGTCCCCGTCCCAACCGTGGCAATGCCGCCCAAAATTCTAACCGATGGAATAACAATAATGCCTATCCCGGCGCTCCTCGGTCTAGCTATAACATAGGTCAACTCTACAATGTGGAAGTGCCGGCCCAAACGATGATTCCTGTGGCGGTTGACCAAGGACAAATCACATTGAGAAGGGGAGAAACCAGGGCGGCCAGTCTCCGCACCACTACGGCCCTCCGTCAATCCGATGGTGTTACGATTATTCCTGCTGGCAGTGAAATTATTGGTCAGTTTCGCCCGATCGCCAATGGTAATGCGATGCAATTTGTGGCCCAACAATTGGTGCTCAATAATGGCGAATATTTACCGATTAATGCCCGTTCCCGTGAGCTTGTCGGTTTTCAAACGGTCAATAAGGGGGCGAGTGCTTCCGATGTGATTATGGGGACTTTGGCTGGGGCCGGCACGGCAACAATCATTTCCGGTACCACCGGCGATCGCCGTATTACACCTCTGGAAGTGCTTGGGGGAGCCGCGGCGGGGGCCTTGGCCGGTTGGGGTCTGCCCACCGCAGGGATTGTTGGCGGTGGCTCGGAAGAATTGTTAACCGTTTCCAGCCGAGATTTGACCCTAATGTTGCAATCTCCCCTCCGCATCGGTAATGGCCAAGGACAAACGGTGCCCACTAATAACAATAGTAACTGGCGTAATGCTAGTTGGTAGATAGTGGATAGCGCCAAACCAGATAACCTCGTATGGATTGTCACTTTTGAAATATAAAGTGACTTTTTTGTCAATGAAATTTAAAATTTCTTAAAATTAATTGGGTAAACAGTAACATTTGTGACGGTCTACTCCGGTTAAATCCCCTAACGTAGCTTCTAATTCATTCACTAGGAATAAATACTCATGAGTGTTTTCCCCGCAGAAACCTGTCCCGTGTGTGGCGTCACCATTGAAAATGGCTCCAAGGTGGTTTTTTCCTCTGGGCCGGCGGGAACGAGGGCCCGGCTCTGGGCCAGGGTCTGCAATTTTGCCCGTAACACCAGTTGCATCAATCAAGATGAAGCGGCGATCGGTAATGTTTCCAGCCGGGATTATTACGACTAGTATTTTTATGTCTAGACTGTTTTTGCTCGACTAAATTAAGTCAAATTTTGCCCAGTTTTCCCATGTTTATGTCTGGCTTTGGCCAAAGGGGAGCTGGGCTCTCGCTTGAATATTAATCTTGCTTATTGTTGGGGCTGTGGTAAATCCGACTAGGCATGGGCTTCAGTTATCCACTAGGGCAGAAGGATTTAATGGAAGCGGTGTGAGTGTGGGCAATTTAAATTTTGGCGATCGCCTCACAATCCTGAAACCTCCTTGTTAAAGGATGGTTTAACCTGGGACAATTTCGCCTCAATTTTAGGTTTAAGCCGGTCTAACTCCTGCTTAAGTAACCGTTTAGTCACCTGGGGTTTACCACCGGGCATGGATTGACTAGTTTGGGCCCACTCCTTGAGCAACTTACACTGATTGGGGGCAACGGTAGCGGTCAACATATGCTGACAGCGAGTGGGATTTTCCAACGCAAAAAACAGCAACCAATAGGTACCGGATTCCCCCAACATCTGGGCAAAACTCTGACCCGACCTAGTCTTTAAATCCAAATAACAGGGCAACCAGCGGGGACCATATTCCCGATGGTAGAGCACCGTAATCCACAGCACCATGGGATGGGGAGAAGTCATCAGTAAAAATTGGTTGTAGCGGATGCTGGACATCCGGGTGAGGATATCCTCTTGATTCAACATCACCCACAAACTAGCCAATTTTCCTTCAGCGGCGTTGAGCACATAGGGAAAAACAATTTTCTGTTTTGGTTTATCGGAGGGCCACTCTAACTGCTTACAGAGTTCACTCACCAGCGGCAACCGCGTTTCTGGGACGATTCCCGGGCCCCGCTGGGCCACCACCGTTGCTTCCATATCCGTGTTGAGTAAATGGGGAGCAATCTGGGTTTTCTCGGTGTCGGAAATGGGGGGAGCTTTGATTTCCGCTTCAATGGCATCGATCGCCCGGATAATCACATCCACCGATTGGGGACGACCTTTGGGGCTTTTGGCCAGGCAGTTCATCACCAAGGCTTCGAGGGAAGCGGGGATTTTATAACGGGCGGAAAAGGGATGGGGCTTAGTGTGATGATGGGCTTCATACCAACCCCCAAAGGAAGAATTGTCTGGGAACAGGGGCATTTCCCCCGTTAGCATTTCGTACATCATCACCCCCAGACTGTAAATGTCCGAACGGCTATCTAACTCTTTGCCCTCCATTTGCTCTGGGGAACAATAGGCAAGGGTACCCATAAAAGCTTGGGTTTTCGACTCCTCTGCTGCTTGTACTAATTTGGCGATACCAAAATCGAGAATTTTAACCAGTTCCCCCAGGGCGGGGTCTTCCACCAACAGTACGTTGCTGGGCTTGATATCCCGGTGGACAACGGGGCAGGCTTCCCCTTGGTAAATAATTCCTTTATGGGCACAATCCAAGCCAAAGCAAATTTGCCTAGCTATTTTTAAAAAGCGCTCTACTTTGAGGGGACGGTATTTAATCACGTCACTAATTGTTTTCCCCTTGGAGGTATTCCATCACGTAGAAGGGAATTTCCTTTTCGTCCAGGCCGTAATCCCGCACCCGCACAATGTGGATACTTTTTTCCCCCAGTAGGGCCGAAATAGTGGCTTCCCGTTCAAACCGTTCCTTCATGCGGGGATTGAGCAAGGCTTGGGAAAGGAATTTGACTGCGACGGTGACTCCCCCAAGGAGCTTATCTTCCGCTCGGTAGACTTGACCCATAGCTCCACTACCCACCAACTCAACCAGTTGATAGCGATTGGCCAATAGACGGCGGTGACGGGAGTCAGGGGTCATAGCGCAAATATCTCAGCGACGAGCGGTGACGTTAA
CP129343.1_gap22	807841	810702	2861	TCGGTATAGGCCACCGTCAAATTCACATCACTGTTATCGGCATCGTCGGGAATAATCACCACTTGCATGGGCAAATTATTATCCTGGGCAAATTTGAAATCCCGTTGATCGTGGGCGGGAACCCCCATCACTGCGCCGGTGCCGTATTCGTATAGAACATAATCGGCAATCAAAATGGGAATTTCTTCTCCGTTGAAGGGATTGATAGCAATGCCACCGGTTTTAACACCACGCTTGGGTTTATCCTCCGCTGTCCGTTCAATTTCACTCTCTTTGGCCACCATGGCGACAAACTCATCCACTGTGCCCTGTTGTTCTGCTGTGGTAACCACCTTGGTTAAAGGATGTTCTGGGGCTAAAACCACGTAGGTAACGCCGTAAACCGTGTCCGGGCGGGTGGTGAAAACAGCAATTTTTTCCTGACTATCCTTGATGGGAAATTCCAAATAAGCCCCCACGGATTTGCCAATCCAATGGGACTGCATCAGTTTGACCCGTTCTGGCCAGCCCGTTAATTGCTCTAAATCATTCAGTAAAGCTTCGGCGTAGTCGGTGATTTTTAAGAACCATTGCCGCAATAATTTACGCTCCACCATGGCCCCCGATCGCCAGGAGCGGCCTTCACTATCGACCTGCTCATTGGCCAGAACTGTTTGATCAATGGGGTCCCAATTAACGGTGGCTTCTTTTTGGTAGGCCAAACCAGCTTGGAAAAATTCCAAAAACAACCATTGGGTCCAACGGTAATAATCGGGGGCACAGGTGGCCACTTCCCGTTCCCAATCGATGGAAAGCCCCAACTGTTGCAACTGGGCTCGCATCTGGGCAATATTTTTTTCTGTCCACTGCTTGGGGGGAATACCCCGCTCAATGGCTGCATTTTCCGCCGGTAAACCAAAGGCATCCCAACCCATAGGATGCAACACCTGGTAACCCTGCATCCGTTTTAACCGAGCAATGACATCGGTGATGGTGTAGTTGCGCACATGGCCCATGTGGAGGTTCCCGGAAGGATAGGGAAACATGGACAGGGCATAAAATTTAGGCAGATCAGAGGCGATCGGTGTTTTGTCCAACCCCCATTCAGCCCAGCGTTGTTGCCATTTTTGCTCGATTTCACCAGCGTTGTATGGGGATGCCACGACGACCAAGATCTCCTAAGCCCAGTTGATTACAGGCTTGTTAGTATACCATTCTGACTTGGGCCCAAGGTTGTCTGTTAACCATCCTAGACCAGTGACCACGTAGAGATTGAAATTTGCGATTATGGAAACTATTCAATTCAACATACGCCAGACAATTATTGTCGCAATTTTAGTGCTTTACATTGGTAAATATCTCACTAAAAAAATTAAGTTTTTGCAGAGTTTTAATATTCCCGATGCCGTTTCCGGTGGAGTGCTAGCTTCCCTGTTTTTTGGTCTCATCTACGGTATTTTTCGCACAGAAGTAGCTTTCAATTTTCCGATTAGGGATGCTTTTTTAATTATTTTCTTTACCTGCATTGGTCTATCTTCCAAGTTAAAAGTCCTACTCCAGGGCGGCAAACCCCTATTGATTCTTTTAGCAACAGCGGTGAGTTTTTTAGTAATTCAAAATTTTGTCGGGGTGGGTATGGCTTCCCTATTGGGGCAGGCGTTACCAGTGGGTTTACTCTCCGGGTCCATTTCCCTGAGTGGTGGCCATGGCACGGCGATCGCCTGGTCTCCGGTTTTTTATGATAACCACGGCATCCGTAATGCTTCGGAAATTGCCATAGCCTGTGCCACTTTTGGGCTGGTGTTCGGGGGCATTGTGGGAGGCCCCATCGCCAAATTTTTAATTATCCGCAATAAGTTAGAACCGGATTGTGACACTAAAGATTTGACCATTGGCATCCGGCGAGATCAGGACAATGTGCAAATTGATTACAACACCATGCTCCACACCATTTTAGTCATTGGCGTTACCATCGGTCTTGGCTATGAAATTAACGATCTGGTTGCTAAGTTGGGGTTAATGTTGCCGGCCTTTGTTTCCTGTTTACTGGCGGGGATCGTGCTCACCAACACCATTCCCCTCGCTTTTAAAAAATTCCCTTGGCCGGCGGAAACCCCTTCCCTCGCCCTGATTTCCGACGTTAGTTTGGGACTATTCCTGGCCATTTCCCTGATGAGCCTGCAACTCTGGACCTTAGCCGACATTGGCGGAGTGATCGCCCTGATCCTCCTGGTCCAATTCATGGCCACAGTGCTCTACAGCATTGCTGTTGTTTTTCCCCTCATGGGGCGTGACTACAACGCAGCGGTAGTTTGCTCCGGTTATTCCGGTTTAACCCTGGGGGCCACCCCCACGGCGATCGCCAATATGACCGCAGTGACGGAAAAATTCGGCGCCGCTCCCCAGGCTTTCATCGTTGTACCCTTGGTGGGGGCCTTCTTCATCGACATTGCCAATGCCTTTGTGATCCAGCAATTTCTCAATTTTCTTGGCTAGATCTATTGTGAAAAAAAGAGGGATGAGGCGCATTATTAACGGACAGCAACAGCCACCCCAACCCGCAGGCTAGAGTGGACTCAGTTGCCAAAACATGACATGATTCCGTTGGAGCTGAGCTCCTTGGACAGGAATGGAAGCGAAAACAGACCACTTCTTCCCCCAGTTCAGGTAGAGTTTTTCCCCAGAACCTAATCTGGAGTCAACTTGCTAAGAGAGACCAGCCCGGACAAAACCAATACTATTGCCTAGAAACCGCTCAGTTAACGAGTTCCAGCGCCTACAGGAGTTTTGGTGCTAGGGGTGGGTAGTTGATACTCCCGCAGACTGGGGAATAGAAAATGATTCTCTTCCACATACTGGGCCCCAAACAGTCCCTTCTCGGC
CP129343.1_gap23	812146	817135	4989	TAGAAGTTAGTCTTGCCTTAGAAAAAGTGTCATCTTCCGGAATGGATTGGGCCACATTGGCGATCGCCGACACGGGTTATGGCATTCCCCCGGAGGATCAACAGAAAATTTTTGAGCGTAATTATCGTGGTGTTCAGGGCCGAGGCTCCATTAATGGCACTGGTTTGGGTTTGGCGATCGTGGCGGATTTGGTAGCCCAGATGGGGGGCAAAATCACCGTCACTAGCCCCAACGGTTTATCTCGCGACCCAGACCAACCAGGCTCAACTTTTACCCTCTGGTTACGCTCTGGAGAACAAGTGTAATCAGGATTAACAGTTAAATTGGCCCAAAGATTTCCGAGAGTTTCAGATAGATAACGATATGGCGGTGATGGTTATTTCACAAGTACGGTGGGCAAACATGGGGATGAAAATACGGTCACCAAATATGTGCAAAAACAAGGAAAGGACTATTTGCGGCTACATCAAAACTTTCAACTAAGTCTCTTCTAAATTCTTTCGATACCCCGATGCTTGCGGCGGGGTTATTCATTCCCGATGCGAATCCCTTACGAAAAAGCAATTGAGAATCTTGACCTGCTGGCCAATCTGCGTATATTCGATCCAATCGTGATCGGAACGCCGCCGCTTGGAATTGATGTGTCCAACAGCGATATCGACATTGCTTGTTATTGTGACGATCTTGACCGATTCGCAGGATTCGCAACGCGTCAGTTTGAATCTCAAGATGGCTTTCAAATTCGACACGGAACTTTTCAAAATCATGAATCCATCATTGTTCAGTTCAATGCGTTTGAATGGGACGTTGAGATTTTCTGCCAGCCAATTCCGACAAACAAACAGTGGGGCGTACGGCATTTTCGGGTTGAACAGCGGTTGCTGGCTTTGTCTCCTAGTCTAAAATCAACCGTGACGGAATTGAAACGTTCTGGCTTGAAAACCGAACCTGCGTTCGCCAAAGCTCTTGGATTGGCTGGTGAGCCTTACGTGGCAATCCTTGGGCTCGAGCAAACCGACGACCGTGAATTGTTGGCATTAACTGCTACTTGCAAGTCTCTCGCCGCCTCCACAACTTCACCGTTGGGCGATCGCCTTAAACCCTAGGGGGATAGATGGGTTAGATTTGTGAAAGTAGAATGGCCTTTTGCCTTGCTCAACCATTGCCTAAGTCCTGGCGAGCTGGGAAATGGTCGCTTGCTTTTAAGACTTATGTAACCTTGTTAGACCAAAGGTAAATCGGGTTTCCCGTTACGAAATCTCTCCATTTGAACATATTAGTCAGTTTCCCTGTCAATCATTTCTTTCTCCATGACCCCGTCCCCTGCTGCTCCCCCGTCTGATAATGATTGGCGCTTGTTATTGCGTCTGCTTCCTTACGTCAAGCGCTATCCCAAGGAACTGGCGGCGGCGTTAGTTTTACTGATTCCTGTGGCTTTTTCTGGAGCAGTGCAACCCCTAATCATTGGGCAAGCAGTTTCCCTGTTGCGGGAGGAACCAGCCTGGGGCTTTTTGGATGCCATGCCATTGGATAGGGCCTTACATACCCTAGTGATTATCTTGGCAGTCACCATTGTCATTCGGTTGCTATTTTTGGGGTTACAGGGCTTTATTGTGCAAAAAATGGGGCAGGAAATTACCGCCGATGTGCGTCAGGATTTATTTGAACATGTCACTTCTTTGTCGGTAAACTTCTTTCACCGTACCCCTGTGGGCCGTTTGGTAACCCGTATCACCAGTGACGTGGAGGCATTAGGGGAAGTATTTGCCAGTGGGGCGATCGGTGTGGTCAGTGACATTGTCTCCATTCTGGCTATCATCGTGACTATTTTTTGGGTGCAATGGCAGTTGGCCCTGCTACTGGTGGGGATGTTGGTGCCGGTGACTGTGTTGATTATTTATTTCCAGCAACAATATCGCAAAGCTAACTACCAAGCTCGGGAAGAGTTATCCCGCCTTAATTCCCAGCTTCAGGAAAATGTGGCCGGTATCAATGTGGTGCAATTATTCCGTCGGGAAGAGTTAAACAGTCGTTCCTTTCGTCGCGTGAATGAAAAATATCGTCGGGCAGTGGATAAAACTATTTTCCATGACTCTGCTGTGTCGGCCACCTTGGAATGGATCAGTTTAGTGGCGATCGCCGGGGTGCTGGGTTTGGGGGGCTGGCTAATTTTGCGGGATAATCTGGAATTTGGGGTGTTGGCGGCGTTTATTCTGTACGGACAACGGCTATTTAATCCCCTGCGACAGTTTGCGGATAAATTCACCATGTTTCAATCGGGCTTTACGGCGATCGAGCGCATTGGGGAATTAATGGAAGAACCGGTAGAAATCAAAGATCAAGCGGTGATTACCCCCATTGAAATCAATGGTGCTTTGCGGGGTAGCCATGGGGAAATTTGCTTTGAAAATGTTTGGTTTGGCTATAAACCAGACGAGTACGTGCTGAAAAATTTAAACTTCACCATCAAACCCGGGGAAAAAGTCGCCCTAGTGGGGCCAACGGGGGCAGGAAAAAGTTCGATTATTCGTCTACTGTGTCGCCTGCACGATCCCTCCCGGGGTCGCATTTTAGTCGATGGCATTGATATTCGAGAACTGTCCCAACAGCAACTGCGCCGTTTTATTGGCGTCATTCTCCAAGATAGTTTCCTCTTTGCCGGGGACGTGAAACGGAACATTACCCTAGGGGAAGAATACAGCCTGGAAGAAGTGCAACGGGCAGCCCAATTAACCAGCGTCGATCGCCTGATTGAAGAATTACCCCAGGGTTACCACACCCAATTACGGGAACGGGGTAGTAATTTGTCAGGGGGACAAAAACAGTTACTAGCCTTTGCTCGGGTGGCCATTCGGGAACCCTATGTATTGGTGATGGATGAAGCCACTGCTAGCCTAGATGTCCGCACTGAAGCGGATATTCAAGCGGCTTTGTTACATTTGCTCCAGGATCGTACTTCCATCATCATTGCCCATCGCTTATCGACCATTCGCAATGTAGACCGCATTTTCGTGCTCAAACACGGGGAAATTGTGGAAACTGGCAACCATGACCAACTATTAGACCTCAAGGGGCTTTACGCTAGTTTGTACCAGTTACAAATGCTGGGGGGCTAATTATCCTACCGGGAATCTCCCTGGTATCATCATTGGTACATCACTAACTTTGCTGACAGATTTTCTGATAAATTCAGCGCAATTGTCTAATCATTGTCATGGATATGAAATTTTTCATCCTTTGCCGACCATTAATTTCATTTGGCCTGGTCAGTACGATTTCCCTGGCTCTGCCTGCTACGGCCCAAGGCGACCAAAATTCTGGCAATCAGTGGGACGGGCAAATTGATCTGCCCGATCGCCAAATGTTTGCCGTTGTCCCTTTTACAGAACTTCCCCAACGGACATTTTGGCAATGGTCTAATCTCAATACACTTACTAGTCCAAATCAACTCATCCAACAGTTCTACGGCCAACCTTTGTTGCCCCAGCAGTTAGGGGAAGGGAATTTCGGTTGTTTCCGCTCCAAGAGTGCGACGGCCACTGTGGTTGGCGATAATTCCGTCGCTGTTTTGCTCACCCAAATGGGTAGTTGTGATGATTCCGTTAGTGGGCACCAAACCAGGGTAGATTTTATCCCCATTGGCGATCGATGGCAGGTGAATTGGGTCGGGGAAAGGAGCCATTGTCGGGCGCGTTTCTGGGCGGAACCAGGGCAACTCTGTCCATAGCTTTTTTCTGCTTAAAAGAGGGTAAGTGCCGCTGAATATTACTATGAAATTCCTTTTGGTTGCCCAAATTTTGCTGTTTGGACTAACGGGAGAAGCTGTTAAGGGTAGTAATCACATCGGCCATATTGTTGGCCAACATAGCAGGGGTATTGAGCACTAAGCCTGGAAATTCTTGACTGGCCATCAATCCATTGTCGTCGGGACTCAGGCGTTCATATTTTCCATTCACTAGCACAAACCAATCAATTTCCCGGTCGATGGTGCGCCAAACAATGTACTCTTTCACCCCATGGTTTTCGTAAACTCGTTTTTTGCTATGGAGGTCGTAGGAAGCAGTGCTGGCGGCAATCTCCACCACTAACTCCGGGGCACCGCTGATGTAGTCATCTTCATCTATCTGGGCATTCCCCCCTAAGCGAAAAAGAATAGCATCAGGTTGAAGTTCGTTTTCATCGTCTAACCGCACAGTGGCCTCAATACTAACCGCTAGTCCAGTTCTTTGGGCTTGGTAAGTTATTAGCCAACCAATGATTTGACTATGGGGTTGACCATGGTAAGTGTGACGGAGGGGAGAAGCCACGTGGACGATTCCTTCAATTAGCTCAGCTTTTTTGATTCGAGATTCAGCATAAATTCGCTCAAACTCTTGACGATTGAGGTGATCGCCATTTTCAAGAATGGCAACTCGGGTGGGAGAATTGGTGGTGACCATGGGGGAATGCGCCATAATTTCCGTTTTTTCCATCATAGTCACCCTGGTTGAATGCTTAAGTTTGGGGATTGTTATTGATCTGGCTAAACATGGGAGAAAGGTACGCTACCAGGGCACCCAGGCTAAAGCCCATTAAATTGCGGAACAGAGGCAAAAAATCACTGGTGCGGGTGACAACGGGGCCAATACCAAAGGCAATGACCAGAATTCCCCACAGAGGCGACATAATCAACACCCATTGCCACGCAAAGGTCTGATTCGGCGATCGGGGAATGGCCGCAAAGCCAAAAATCAATCCCCCCACAATGGAAGTTACCAAGGTTAAAATCCACTGTTCCCTGGGCAGTCCAGGCACCACATTACAACCACCTTTGAGCAAACAACCTTTAACTGTTTCCAGCGCTTCGGTGATAGCTAGATTTTCGCCATTATCTCGAATGTAGTACATATTGCCGAAACGAGCCTGCATCTCAATCCAAAAGGTGCGGGGCATCAACTCATACACTTCATCCCCGATACTAAAGGCTAATAAATTTCCCCCCCTTGCATC
CP129343.1_gap24	835276	838759	3483	CAGTGCGGGACTCATCCTGACGGGTGACGGTGATGGTTTCCCCTTCTTGGGCCACAATTACCTTTTCTGGTAACTGTCTTTCCAAGGACCCTTTAGGGCCTTTAACACTCAGGTGACTGCCTTGGATATCTACGCTGACCTTCGCAGGGAGGGGAATGGGGCGTTTTCCGATACGGGACATAGGATTAATTCTGTAAAGTTAAGTTTAATTAGTAATGCAATAGTAGTCTTCGACCGGGACTACCAAATGTAACAAAGGATTTCGCCCCCAATACCTTGGCGACGGGCTTCCCTGTCGGTCATGATGCCGTGGGAAGTGGAAACAATGGCGATACCAATGCCGCCCAACACCCGAGGAATCTTTTTGGAAGGGGAGTAAACCCGCAAACCAGGCTTACTGACCCGTTGGAGGGTATTGATCAAAGGTTGACGAGTTTTGCCCTTGTACTTGAGGGTAAGCACTAACATTTTGTTAATACCTTCGCCGGTTTCAGAGTAGTCCTCAATGAACCCTTCGCTTTTGAGCACTTTGGCAATGCTCAGGGTCATTTTGGTGGTGGGCACCTGGGTAGTGCTATGTCTCACCGCACAGGCATTGCGGATGCGGGTGAGCATGTCGGAAATTGTGTCTGTTGAAGCCATTATTCCTGCTGGTAGATTCTCCTAAGGGATGATGATTCAGGTGGATTGATGGAGACTTATTGCTGACCAATCACCCTGAGCCGCGACTAAATTAACTTCTAAAGGGCATGCCCAGAGCTTTGAGCAATGCACGACCTTCTTCGTCGGTTTGGGCGCTGGTGATGATGGAAACGTCCATACCCCGGATTTGATCGATGGTGTCGTAGTCAATTTCGGGGAAAATTAATTGTTCGCGAATACCTAAGCTGTAGTTACCCCGGCCATCAAAGCTGTTGGGGCTAATACCCCGGAAGTCCCGAATGCGAGGCAGAGCCAAGTTGATTAAGCGATCCAAAAAGGCATACATCCGCTCGGAACGGAGGGTAACCATTACCCCCACCGGCATACCTTCCCGGATTTTAAAACCGGCGATCGCCTTGCGAGCCCTGGTCACCACCGGTTTTTGCCCCGTAATGGTGGCTAATTCAGTCAGGGAAGACTCCAAAGCCTTGGCATTTTGGGAAGCTTCCCCCAGTCCCCGGTTAACTGTCACCTTAGTCAACTTGGGCACTTGGTGAATATTTTTATAACCAAACTCTTCCTGGAGCTTAGGAAGAATGGTTTCTTGGTAAAGGGTCTTAAGTCGTTGAGTCATGGTATTTACAGGGTCTCTGGGCTTGGTCAGAGAGTAGATGGACGAAGGGAACTCGAGCACATCGGGTTAGGGTCTAGCATTGCTTGCGGGGCAAAGGTGATAGCCATTAATCGATGATTTCGCCTGTTTTTTTCAGCATCCGCACTTTACGGCCATCGTCGGTGACGGTGTAGCAAATGCGACTGGCAATTTTTTCCTTGGTGGAATAGAGCATTACCTTGGAGCTATGGATGGGAGCTTCATAGCTACTGATTTGCCCAGATTCCCCTTCCTGACGAGGTTTAACGTGCTTAGTGCGGATATTCACTCCTTTGACCACCACCTGACTGTGGCTGGGAATGGTACGCAAAACTTCTCCCACTTTGCCCTTATCCTTGCCGGAAATTACCTGGATGGTGTCGCCTTTTTTGACGTGCATTTTCACCCGGTGGGGGGCTGGTTTGGTTTTAGTCATCTAGAGCACCTCCGGAGCCAAAGAAACAATCTTGGTAAAGTTTTTATCCCGCAGTTCCCGGGCCACGGGGCCAAATACCCTGGTACCCCGGGGATTACCTTCAGCGTTGATAATCACAGCGGCATTGTCATCAAAACGGATACTCATGCCACTGGCCCGGCGTAGGGGCTGTTTGGTTCTGACAATTACCGCCCGCACCACGTCGGACTTTTTGATGGGCATATTAGGGAGAGCATCTTTCACCACGGCAATAATTTGGTCGCCAATGCCACCATAGGTGCAGTTGCCCGTGCCCAGAACCCGCAGACACATGAGCTTACGAGCACCACTGTTGTCCGCGACGTTGAGATAGGTTTGTTGTTGAATCACGGCGTTTTCCTAAAAAAATCGGACTAGGATGAATGGCTCATAATGTTGATTACTTGCCAGCGTTTGGTTTTACTCAGAGGGCGGGTTTCTTGGATGCGAACCTTGTCCCCTTCTTGGCACTGGTTTTCTTCGTCGTGAGCTTTAAATTTCTTGGTTTTGACGACAATCTTGCCGTACTTGGGGTGGGGAGAACGGCTTTCCACAGCAACAACCACGGTTTTATCCATTTTGTTACTGACCACAATGCCCACACGTTCTTTAATCGCCATGGTGTTTTTATGCCTCCTCAGAAGGGCTATTCTCAAGTTGTCGTTCCCGTTCCACCGTTAAGAGTTGAGCCAAGCGATGGCGGGCATGTTTAAATTCATGGGGGTTTTCGGGACGACGGGTAGCCTGTTGGAACCGGAGTTGGAACAATCTTTGCTTGGTGGCTAAGATTTCAGTGGCCAATTCTTCGTCGCCGAGTTTCCTTGCGTCTGCAATGTTGGGAAGAGCCATGGTTAAATATAGTCCTCCTGACGGCTAATAAATTTTGTTTTAATCGGTAATTTCTGGGCGGCGAGGCGCATGGCTTCCCGGGCCACTTCCTCAGAGACTCCAGCTAGTTCAAACATGACGCGGCCGGGCTTAACTACCGCTACCCAATATTCTGGGGAACCTTTACCGGAACCCATCCGGGTTTCAGCGGGACGCATGGTGACTGGCTTATCGGGGAAAATACGAATCCAAATTTTCCCACCCCGACGGATGTAACGGGTCATGGCTCGACGGGCGGCTTCAATTTGGCGGGAGGTGATCCAACAGGGTTCGGTGGCCTGGAGGGCGTAATCACCGAAGTTGAGGGTGCTGCCCCGCTCCGCTAGACCCCGCATCCTGCCCCGTTGCTGTTTGCGGAATTTTGTTCTTCTAGGACTTAACATAGTGTGTTAACGAATAGGCGTTAATGAATGGCGATAGCGTTTAACCGTCCTGGGAACGGTCATCGAACTGTTGCCGACGGGATTTGCGACGGGGTTGGCTGGGGGGAGCAACGATGGCGGCTTCCTGGCCAGGGATGACTTCCCCTTTAAAAATCCAGACCTTAATCCCTAAAATGCCGTAGGTGGTCAGGGCGGTGCGGTAGGCATAATCAATGTCTGCCCGCAGGGTATGGAGAGGCACCCGGCCTTCCCGAACCCATTCCGTCCGGGCAATTTCTGCCCCATTTAGGCGACCGCTAACTTGTATTTTGATACCCTTAACTTCGGCCCTTTCTGCCCTTTGCAATGCTTGGCGCACCACCCGGCGGAAGGAAACCCGACGTTCTAACTGTTGACCGATGTACTCGGCCATTAGAGCCGCATCCGCATCAGCATTGGGGACTTCGATGACATTGACTCGAATC
CP129343.1_gap25	844268	849033	4765	GGCCCATCCTTTACGACGGGCTGGAATTCCCTTTGGTTTTACGATGGGGAACCACGATGCTTCCGGTGCTCTGGATCAAAATCGTCGTTTTCGGTTTCAAAATGAACGGGATTTGGCGGCCCGTTATTGGCGCAACCCGGCCCATGATCCAGGCATAACTTTCCTGGATAAAAGTGATTTCCCCTTTTATTACACCTTCACTCAGAATGGTGTTTTTTTTCTGGTCTGGGACGGGTCAACTCATCTTATACCTGCGGAAAAATTGGCTTGGGTAGAAAAAGCTTTGGCCAGTGCTCCGGCTCGGCAAGCTAAGTTACGACTGGCGATCGGTCATTTGCCTCTCTATGGTGTGGCGGAAGGTCGCAATAAGCCGGGGGAGGTGATGGCCAACGCTGAGCAGTTAAGGGCCTTGTTGGAAAAGTATAATGTTCATACCTATGTCAGCGGGCACCAACACGCTTACTATCCTGGTCGGCGAGGAAATTTGGAATTGCTCCACACGGGCCTATTGGGGGCGGGCCCCAGAGCTTTAATTGGTCAAGAACGGCGATCGCCAAAGACGTTAACCATTTTGGATTTCACGTTCGATCAACCGGGGCAGGTGCAATACACCACCTACGACATGAAGAATTTGGCTACTGTGAGACTGGAATCTTTACCCCGGTTTCTGTTGGGCCATAATGGTCGGGTAATCCGTCGCGACCTGAGGCAAGGGAATTTAACCCCAGCGGAACAGCAGGCCTGCATAAAAAATTTAGGTTCTGCCCTATGCAATACAAAGTGAGAAATGGAGCCCTAGGTATGGTGACCAATGGCTAGTTAAAACTACCATGGGGGTTTGTCCTCAGACTTGCCAATTTTGCGTCAGACCATGGCTGAAGTTATCCCCAACAATCTTCCTCCCCTCACTAAAGACACTTTCTGGGCCATCATTAACCAGGAAATCAGTGATGAGGTAGTCAACGCTCTACTTGCTTACTATCTTGGTTATCGATTTGATGGCGATCGCCAAAAATGGGAACTGGGAGAAGTGGAGTCAAGCTGGGCCCAGGAATATCCGGTCCCCCCCAATTTCATCGAAAACCGTCCCCCCACAGTGAAGTTGACCCGTTCTATTCCGCCGGAAAATAAACAATTGCTCAAGGAACAGTTGGGCTTTACGGGCTACAAAATTGGTGAGTTTACTCCCCGCCACACCCGCCGCGCCACAGCGGTCAATTGGCTACTTAGTTACATGGCCACACATAATCTGCTCTTGCACTGACAAATGCATCGACAAAGAAATGGGCCAGGGAAACTCACTCAACTCCCCAGCCCCAGATTCTCCCTGATCAAACCATTGAAAACCAGGATATCTACCAGCCCTTTTCCGCTTGATCAAGCACGTAGGCCGCCACATCTTCCATGTCGCTGTCACTGATGCGACCCTTAAAGCCAGGCATAGCGCCATTACCATTGGTGATCTGGGCCACAATTGCCGCCACGGAATTTTTACCATTGGCTTCCAAGTCTGCCATTTTTAAGGTTTTGCTGGGGTTGATGGCATTAAGGCCCCCATTATGACAAGCGGCACAGTTACCGGCAAAGATAGCTTTACCATGGGCTAGGTCAGCGGCTAGGGCGGTGTTACCCAGGGAAAAAATCCCCCCCAGGAAAATTAGACAGGGGAGGGCAATGCCAAAAAAAATTCGGCTAGCTTGGTTGAATAATTTAAACATTAGTTCTCCTTTCAAGGATAAAGTCTTCAAGACGCGAAGGTATTATGGGAGGCGGTCCAGGCAAAGTCAAAAGACAATCTGTCAAAGTTGCGGTCAAGCTAAAATTGGCTAGGTTTGTGAAGTGGCCATGGCAATGCAATTCCTGAACCACTGTTTTTTATTCTTTCCCCAGCTTTTACGATGGTTTCATGGTGCCGATGGCGATCGCCAAGACGTTGGTTTTTGTTTGCGTGTCTTGGGCTGTTGCTCAGTGGATTAATCAGTTGCCAGAGCAATTCCCCCCAGAGCATGGAGGGGAAAGTCAGCTTTTGGACTATGCAATTGCAGCCAAAATTTAATAAGTATTTTGACGACTTGATTAGTACTTTTGAGCGGAACAATCCGCCGGAGCAGGTGAGTTGGGTAGATATTCCTTGGAATGCCATGGAGAGTAAAATCCTCAGTGCCGTCTCGGCCAACACAGCCCCCGATGTGGTCAACCTAAACCCCACCTTTTCCTCTTTATTGGCTAGTAAAAATGCCTGGCTGAATTTGGAAGAGGAGGTGAGCGCAGAAGTTAAGGCTCGCTATCTGCCCAGTATTTGGCAAGCTAACAGCTTAGGCAACGGTGAAGTATTCGGTTTTCCCTGGTATCTCACCACCCGCATTACCATCTATAACCAGGATTTATTGCAACAGGCTGGATTATCTACCCCGCCAGCAACCTTTGCCGAATTGGCGGTGGCGGCTAGGGAAATTAAGGCGAAAACCGGTAAATATGGCTTTTTTGTCACGTTTTCCCCTTCTGATTCCGCCGAAGCCCTAGAAAGCCTGGTACAAATGGGGGTACAGTTGGTGGACAGTGATGGCCGGGCCACTTTTAACAGTCCCGCCGGCAAAGTGGCTTTTCAGTATTGGGTTGATTTGTATCAACAAGGATTACTGCCACCGGAAGTGCTCACTGAAGGCCATCGTCGAGCGGGGGACCTTTATCAGTCCGGGGCGATCGCCTTTTTATCGGCAGGGCCAGAGCTATTGGCTAGTTTGGAGAAAAATGCCCCCAGCATTGCTAAAGTTTCCGCCGCCGCGCCCCAAATTGTGGGGGAAACCGGCAAAAGAAATGTGGCTGTAATGAATCTAGTCATTCCTCGGAGTACCAAAAACCCCACTGGAGCAATTAAATTTGCTGAATTTGTGACCAATACGGACAACCAATTTGCCTTCATCAAAGAAGCCAACGTTTTGCCCTCCACCATTGGCGCTGTTGACAAATATCGACAGGAGTTGGCACAAATCAGCAACGCCAGTTCCTTGGAAAATGCTCGTCGGGTAGCATTGGAACAATTGCCCACCGCAGAGGTGTTAATTCCTCCCATGGCCAACCTTAACCAACTCAAGCGTATCATCTACGAAAATCTTGGAGCGGCGATGGTGGGCAACAAAACAGTAGACCAGGCCCTACAGGATGCGGAACAAGTCTGGAATGACAATTTGAAAGGCTAGACAAAGGCGGTCACAGTCAAGTCTTCCACATAGCCCAGCCGTTGTCTTTATCTACTTTATCTAACCCTTCCGCCCGTAGAGATGGGCAGAAATAAGCACAACTTGCAGCGGACCCATTGCCAGGGGCATTACTGAGAATCTTGCCACAATCAAGGCAACTGTTAGCCCTGAACAGTTTTGACGTTGCCTTTAGCATTTAAACTGACAGGCAGTTTTGCTCCCCGGAGCTAAAACCCATCTCGACCATTCACCTAGCGATCGCCATGAGCAGTACCCAAGATTATATCGGCGAGGAAGCCGCCACCAGAGTCAAAATCCTCAGTGAAGCTTTGCCCTACATCCAACACTTTGCTGGCCGCACCGTGGTGGTCAAATATGGAGGGGCTGCCATGAAAGACAGCAACCTCAAAGACAAGGTAATCCGGGACATTGTCTTTATGGCCTCCGTTGGCATTCGCCCGGTGGTAGTCCATGGCGGAGGGCCAGAAATTAACACCTGGCTAGATAAGGTGGGCATCGAACCCCAATTTAAAGATGGGTTACGGGTCACCGATGCGGCCACCATGGATATTGTGGAAATGGTACTGGTGGGTAGAGTCAACAAAGAATTGGTCAATTTAATTAACCAAGCCGGAGGAAAAGCCGTGGGACTTTGTGGCAAAGACGGCCAACTGATGACCGCCCGCACCATGACTAATAAAGATGTTGGTTTTGTGGGGGAGGTGAGCTCCGTTGATGCCCGGGTGGTGGAAACCTTGGTGAAAAGCGGTTATATTCCCGTCATTTCCAGTGTGGCGGCGGATGAATTTGGCCAAGCTCACAATATCAATGCCGACACCTGTGCTGGGGAGTTGGCCGCAGCCCTAGGGGCAGAAAAACTAATTCTCCTCACTGACACCAGGGGCATTTTGCGGGATTATAAAGACCCCTCCACCCTAATTCACAAGTTAGATATTCAACAGGCGCGGGAATTGATTGGCTCCGGCATAGTGGCGGGGGGCATGATTCCCAAGGTTACCTGTTGTGTGCGTTCCCTAGCCCAGGGAGTAAGGGCGGCCCATATTCTGGATGGCCGTTTGCCCCATGCTCTGTTGTTGGAGGTATTCACCGATCTGGGCATTGGTTCGATGATTGTGGCTTCGGGCTATGATCTCTGAGGTGGCCAAGATTTTTTCACCCCCTTGAACAATGGATTAAGCAATCATTTTGGACGATAATCTTTTACCTTTGCTCTCAGGTTCTGCCCAGTTAAAACTTTTGCAATTGGTCAGCCCGACCCTGCCGGTGGGAGCCTACAACTATTCCGAAGGCTTAGAATGGTTGATAGAACGGGGAAATATTACTAATGCTGATACCTTAGGAGCGTGGATTACCCAGGAGTTATGCCGGGGGTCCATTACGGTGGACACAGCCATTATGGTTCGAGCCCATCGGCTTGCCGGCCAAATGCCCAAGACTGATATTTTACCCAGCCCCACTCTCAAACATTTATCCTATTGGAATCAATGGTTAACAGCCACTAGGGAAAGTCGGGAATTAAGAGAGCAAAGCTTGCAAATGGGAGG
CP129343.1_gap26	852125	853683	1558	ATTTATAAAGTGGTAGAAGTAGCAGAAAGACGACGCAACATAATGCGAGTCATCACGGCATAAATAGCCGCTTCGCTCATTTCTGGTAGATGCTCATAATCCTTACTCAAACGACGATACCAGTTCAACCAACCGAACGTCCTCTCGACAATCCATCTTTTTGGTAAGACCTCAAAAGACTTCCCTGAACGACTAATCACCTGGACTTTGGCTTGAATTAAGAGCCAGATGGCTAACCCAAAGGTATCACCTCGATAACCCTGGTCTACTAACATGCTCTTGACAGACTCGAGGAGTTGAGTTCCTTCTTCAAGCAAACTCATCAGAGCATAAGCTGTGACGATGCGTTCACTTGCATTTGCTTCGGTCACTATCACTTTTAAGACTAAGCCCAGACTATCGACGATTAGATGACGCTTTCGTCCTTTCACCTTCTTACCTCCGTCAAAACCGTAGACTTCCCCCTTTTTTCGGTGGTTTTTACCGATTGACTATCTGCCGCTATCACGCTGGGCTCAAGGCTCTTGCCACTCTGGAGGCGGCATTGCTCCAACAGCCTTAGATTGAGCCTTTCCCACACGCCATGACGTTGCCATTTACGGTAATAGCTATAGACCGTGCTACTAGGAGGAAAGTCATGGGGTAACATTGCCCATTGACAACCCGTTTTTAGTTGGTAGTAAATACCATTACAAACCGCTCGCATATCTGTGGTTCGTGGGTGTCCTCCGGGCTTTGCGGGAGGAATCATTGGTTCAAGTATTGCCCATTCTGCATCGCTCAGGTCTGTTTCATAGGCTGTCAGACTTTTCATGCTCTTTGTCTCCTTCTGCTCTTACTCTTAGTTTTCCTTTTTTTCTTCTCCTACTTGCTATCCATTACAAGACTTTATAAATGAGCTCATAGCAGCCCGCAAAAAAAATAATCCCCGCCCGGAGAAGGGAAGGGATACTGACTAGCTAGAAATATCTAGAAATATAAAAATAGGGATGCTGAACGTCCGCAAGCTCGGGGCATAGGAGATTACCCTTAATCCTCATCATCCCCAAAATCGTCATCGTCATCCATATCGAAATCATCCTCATCGGTGTCGTAGGTTTCTTCAAACTCTTCGTCATCCTGACTGAGTTGAGTGCCGGCATAGGCCCGGGCCCTAGTGTCGTCCAAAAGGTCGTCATCGGCTTCAACTTTTTTAGTTTTCACCTTGGTGGCGCTAGCCTTTTTCTTCGTCGTTGGTAATTCAATTGGCTCAATCATATAGCCTTGAATATCGTCCTGGGTTTCAATCAATCCCAACACTTCCTCATGGCTACTGAAGCCAGTACCCGCAGGAATAAGACGACCAATGATCACGTTCTCCTTCAGGCCCCGTAACCAATCGGACTTGCCTTCGATTGCCGCTTCGGTAAGCACCCGAGTGGTTTCTTGGAAGGAAGCCGCACTGATGAAACTATCGGTATTCAAAGAAGCTTTGGTGATACCAAGCAATACAGGAGTATAGCGGGCCGGAGCACTACCAGTGATGCCCATGGCTTCATTAACCTGTTCCACTTGGCGT
CP129343.1_gap27	885582	886294	712	GCCCTTTTTGCAACAGGTCTTAGACGATTGTTACCAAGATGCCCGAAAGGATGCAGCCCAGGAAACAAAACTAACCCCCGACAACTTCCCCAAAGAATCCCCCTACACCCAAGCTCAGATCCTAGACCCCGACTTTTTTCCAAAATCAGAATAAATACAAAAAAAAGCCCTCTAAAACAATGACCTTGTCCTGAAAAACTGACACAAAAATTTCATACCGTCGTCATAGCCCTGTCATACTCGTCCCCTACATTAATAAATGTCAGCCCAAGCCGTTTTCCCAATTGCTCCTCACCGGGCTGACTTTTTTCCCAGATTTGTTTTAAGCAACAGTTCAGCAAATAAGTGTCATCAAGCCATGAAAGACGTTTCCCTCCATTCTCCCAAACAGACCCCTTCTAAAATTTCCTTGGCCTACCTGGGGCTAGTCCTGGTGGGTATGGGCATTGGTGCTGGGGGGACATTTGTCTTAACTAATCCCCAATGGGCGGATCATTTAACAAATAATTCTGTTATTTCTCCCTTAGTAACTAATCAATCCATTGCTCCTGCCAATGAGAGCTTAGCAACGAACTTACAAAGTCGTTTATCCCCTAGAGAGCCCAGCAATTTTGTCGTGGACGTGGTGGAATCCACCGGCCCCGCGGTGGTGCGTATCAATGCCCAAAAAACGGTTAAATCCCAGGTGCCCCAGGCATTTAATGATCCCTTC
CP129343.1_gap28	938827	940714	1887	AATAATGCCCCCCACACACATCACCAGAATTGCCATGGCAAAGGTGTAAGTAAAAATCAGTTGTAGAGCTGTTTCCCCTTGACCAGTACCCACGGCAATAAACACTAGGCCCATGTAAGCACTAACTACATAGGAAAGGAAGCGCTTAATATCTATTTGGGCGATCGCAATTAAAGAAGCACCGATCGCCGTTACGGAACCGATAGCAATCATGACAGTCAAAGCCACAGGAGAAAGGGCCAGAATCGGTTGTACCTTTACCAAAACCCACGCTCCCGTTGCAACCACCAATGTATTCCTTAGAATAGTGGCGGGAATTGGACCTTCCATGGCTTCATCCAACCAGAGATGGAGAGGAAATTGAGCGCATTTAGCCAAAGGTCCAGCAATTAAGGCCAAACAAAGCAGGGTGGCAGCGGTGGGATTTAAGTCTGCACTAGCAGCCCATTGGGCCAAATCATCATAATTCCAACTTCCAGCCAAAGGCAGGAGGGCAACTACCCCCATTAACAAAATTAAATCTCCAACCCGTTTAGTTAAAAACGCATCCCTAGCCCCGGTCACCACTAGGGATTGATTGAACCAATAGCCAATGAGAAGATAAGTACCTAGGGTTAAAATTTCCAGGACAACGTAGCTGAAAAACAGGGAGTTACACAACACTAAAGTGCATAATCCCGCCTCAAACAGAGCCATTAGGGAAAAAAATCTGGCCCAGCCCCAATCCCTTTCTAGATATCCGATGGCATAAATCTGTGCCCCCAAATTTAACCCAGTAATCAAAACCAGGGCGGCGATGTTAACAGTGGATATTTTTAAATCAAAGTTAATTTCTAAGTCAGCGGCATGTAGCCAGGGGAAGGAAAGATCGATGGCGGGTTGCTGCCAAATATGTATAAGCACCAACAGACTATGCAAAAATGCAACAAAAGTCATTAATGTGCTTATATAGCCTGCCGGCCTTGGCCCCGTTTGTCGAGTTAAGCCCGGTGACCAGGGGACCGCTAACAGGGCACCCAAAAGAGCGTAGCAAGGTACTAGCCAGATAATTCGACTTAAACTTTCTAACATGGGGGTTGTGGGAAATTTTGTTAACAAGATTCCACTTTCGCCGTCCAAACATCCCGGTCACCGAAGAATTTTCCGGCTTACTCGGTGCTAGGAATCTGGGACTGCCAGAACCCAGACAGGGAAAGCTAATACATCCAAAGTGACGGCCCAAATGGCTGATCTTATCCAGGCCCCAAAGGGGCATTACCATAGTCAAGCGACAATGGTATAACCTAGATGCATAGAAAGAGTGTTATTTGTTACACCATATCATAGGGGAAATAAAATTCCAGATCAACAACCATTTGCTTAAGTGAATGATAAGTCTGGGTAATTGGAGGAAGAGGCAGGCTACGGGGTGGCAGTCCACTCCAAGGGAAAATTTGAGAGTTTGATCCGAATTACATAAATATCCGAATTACGTAAATAGGGTGTTAATCTGTTGCCATTCCCGCAGCAGTGCTCGACATTGCAAACAGTCCAAAATTCTCAGCAAATCTACCAGTTGTGAGGGAACTTGGAACTCGGCCCCGATCGCCTTGGGGCTGAGCCGAAAATCTCCATCGATCCTGGCCCAATAGCCATATAGCTTTTGGTTGGAAAAAGAGCTATTGACGGCCCAACCCCCGTCATTGAGGGGAGTTATTTCGGCAATGGCATGGGGAGGCACTTCCAGTTCCCGATGAAGGATTTCAGCCAAAGTTAGCTCCACCTTAGCTAGATCTGTTAGCCGCCCTCCAGGGAAATCCCAAGTTGCCCTACCTATACCCGGCCGGAAAATGGGATGGGGTAAAAGCAGGCGATCGCCTTGTTGGGGCAACACTATTAAAGAGTCAG
CP129343.1_gap29	942708	943870	1162	ATCCACAACGACACCATGCGGGCTTTAGGCCGTCCCCAGGACATGTTCTCCGACACGGCCATCCAACTGCAACCGATCTTTGCCCAATGGGTACAGCACCTGCACACCTTGGCCCCCGGAGCCACCGCTCCCAATGCCTTGGCCACTGCCAGCTATGCCTTTGGCGGAGAAACCATTGCCGTTGCCGGTAAAGTCGCCATGATGCCCATCACCCTGGGTACTGCCGACTTCATGGTTCACCACATCCACGCTTTTACCATCCACGTAACGGCCCTGATCCTCCTCAAAGGGGTTCTATATGCCCGTAGCTCTCGCCTTGTCCCTGATAAAGCGAATCTCGGTTTCCGTTTCCCCTGTGATGGCCCCGGCCGCGGCGGCACCTGCCAAGTATCTGGTTGGGACCACGTTTTCCTCGGTCTGTTCTGGATGTACAACTCCCTTTCCATCGTCATCTTCCACTTCAGTTGGAAAATGCAATCCGATGTTTGGGGTACCGTTTCTCCCGATGGCAGTGTCACCCATGTGACCCTAGGTAACTTTGCCCAGAGTGCCATCACCATCAATGGCTGGTTGCGGGACTTCCTCTGGGCCCAAGCCGCCAACGTCATCAACTCCTACGGTTCCGCCCTGTCGGCCTATGGCATCATGTTCCTCGCCGGACACTTTGTCTTTGCCTTCAGCCTCATGTTCCTGTTCAGTGGACGGGGATATTGGCAAGAGTTGATCGAGTCCATTGTCTGGGCTCACAACAAACTGAATGTGGCTCCGGCCATTCAACCCCGCGCTTTGAGCATCATTCAAGGTCGTGCGGTCGGTGTAGCGCACTATCTCCTCGGAGGTATTGTTACCACCTGGGCGTTCTTCCTCGCCCGCAGTCTTTCCATTGGCTAGACTTTGAGCTGAAGTTGGGTTTTCCGGGATAAACCAGGGGGACTGGCTGAGGTTTTTACTATCCTTAATCCTCCCCCTGCCCTCCACCCTCCCCAGCATTTAATAGAAGCGGTTTTAATTTCGCTTTTACCCTATATTCACCCCTATAACCCCTTGTTATAGTGGCTTTAACAATCCGGAAATGAGCAGCGCTTCTGCATTAGCCTCATTTTGCTTGCTTAACGAGGAGAATTTCCGAAAAAGCTATGGCAACTAAATTTCCTAAATTTAG
CP129343.1_gap30	954453	956505	2052	CGGGAATAGGTCAAAATAGTGACATCCTTACCGGGGCGCACCACTTCGGCTTTATCCAGAGGCACAATATATTCGTAGTCGGGTAAGTTTTCTTTCAAGTTGTACAAAAGTACGTGCTCAAAAAATAACACTGGGTTATTATCCCGAATGGCTGCTTTGAGCAATCCCTTGGCGTTATAGGGGGTGGAGCAAGCCACAATTTTTAACCCCGGCACCGCATGGAAATAGGCCTCCAACCGTTGGGAATGTTCTGCCCCTAATTGCCGACCTACGCCCCCAGGACCACGGATAACCATGGGAATTTGGTAATTGCCGCCGGAGGTATAGCGCAACATCCCCGCATTATTGGCAATTTGGTTAAACGCCAGCAGAAGAAAACCCATATTCATGCCTTCAATGACTGGGCGCAATCCTGTCATGGCCGCCCCCACCGCCATGCCGGTAAAACTGTTTTCGGCGATGGGCGTATCCAGCACCCGCATTTCGCCATACTTCTCGTACAAATCCTTGGTTACCTTATAGGAACCGCCATAGAGTCCCACATCTTCTCCCAGCACAAGGACGTTGACATCCCGTCCCATTTCTTCGTCAAGGGCTTGGCGTAGGGCGGCAAACAGTAGGGTCTCAGCCATGATTTCTGGGGGAAAACTTAGTTTTTAATAACAATTTAGACCGCCGCCGCATCTCTCCTTGTTGGTCCGGTGTAGGCAAACCAAGCAAGGGCGATCGGGGCACAACAATCTAGTATTTTGACACACTGGCTGGCCACCATAGCGGAGATTTTAGTCAGGGGACAAGGGTGGATGTCGATTAGGGCACAAAGGCGAAGGCTATTTATGGTTTTTTAGACTGGTCCAAGCAACTAATTACCGTGGTCAACAGCACTAGGACCTTGCAGCTTGATTTGCCCGTGCCATGTTTTTGATAGGATAAAAAGCTAGCTAAGTTGTAATCTTCGCTTGCTTAGTCCGATTGACTGTTTCCATCCGTTTCCCTAGAGGAATTTTCCATGCCCCAGGCCGTTGGCGTGATACAGACCCTTGGCTTTCCCTCCGTTTTGGCCGCTGCCGATGCCATGCTCAAGGGCGGTAGGGTGACCCTGGTGTACTATGACTTGGCCGAGAGGGGGAATTTTGTGGTGGCGATACGGGGCCCAGTATCAGAGGTGAATCTGTCAATGAAGATGGGTCTAGCGGCGGTCAATGAGTCTGTTATGGGGGGAGAAATTGTCAGCCACTATATTGTGCCCAATCCACCCGAAAATGTACTGGCAGTTTTGCCGGTGGAATACACAGAAAAAGTCGCTCGCTTCCGCACCTGAGGTAGACTTTCCCGCCCTCGTAGTCCGATGTACACCACTTAGCCTATAGTTGACCATGGGATTCTTGCTAATTCCCACCCCGACTAGTCGTTAAGTCGAAGGTTTGGGTTTTATTTATCTGTCCTTTAGTTTTTGCCGCCACTGTCAAGGAGAACAATATGTCCGCCCAATCCGCCGTCGGTTCCATTGAAACCATTGGTTTTCCCGGTATTCTTGCCGCTGCTGATGCCATGGTTAAGGCCGGTAGGATTACCATTGTGGGCTATATTCGGGCGGGGAGTGCTCGCTTCACCCTTAATATTCGTGGGGATGTGCAGGAAGTGAAAACTGCCATGGCTGCTGGTATTGATGCCATTAACCGAACTGAAGGGGCAGACGTGAAAACCTGGGTGATTATTCCCCGACCCCATGAAAACGTAGTGGCAGTTCTGCCCATCGATTTTAGTCCTGAAGTGGAGCCTTTCCGGGAAGCAGCAGAAGGTTTAAATCGTCGTTAATTTTTTTGTTGGGAAACTGAGAGGCATAGACGAGATAAGGTGGGTTACTGAATTCCCCAATGCGTCAAATTTTGATTGCACCAGACTCTTTTAAGGGGACTCTTTCCGCTGGTGAGGTTTGCCAGATTGCTCTAGATGTTTTAGCGCCGGAATTTGACTGTGTTGCCCATCCCCTAGCCGACGGCGGTGAAGGAACCCTAGAGGCGATCGCCAACAATCTCGACGGCCAATGGC
CP129343.1_gap31	1002272	1003486	1214	TAATTGCTTATTGTTTGATTAAACTGGTGTAATATTAACGGCGCAGGCTTTTAATTCCGGTTGTTTAGAAATAGGGCAAGCAGTGGCATGGGTCAAACTATTAACTTCAGCATTATCGTCCCACAAAAAACCCCAGTGCATGGGCATAAAAACCGTACCGGGGGCAATGGCTCTAGTAACTAGAACTTCTAGCTGAGCAGAACCCCGTCGAGATTTAATCGCAACTAAATCCTGACTTTTAATACCCAATTTTTCTGCGTCCTTGGGATGCATTTCCAATATAGGTTTGGGATGCATTTTTTTGATTTTCTCAATGTGGCCAGTGCGGGTTTGGGTATGCCAATGACCATAAAGACGACCATTGGTGAGGACAAAAGGATAGTTTGGATCGACCGGCTCAGCTAATCCCCGACTGTGGTCTAAGCAAAAGTTTGCCCGACCATTTTCTGTGCAAAATTTATAGTCGGTGTAAAGTCTTTTAGTTGATAAAAGTTGACTTTCTTGATCTGATTGACGACAGGGCCATTGCAGCGGCCCCAGCTTTTGCAACTTTTCATAACTGACACCAGATTGGTCACATAATCTTTCAGCAGTTAGTTGCACATATTCCCGATGTACTGCGGCTGAATCAACAAAATTAAATTGATTTTCAAAACCTAATCTACGTCCTACCTCAGCAAAAATTTCCCAGTCGGGTCTTGCTTCCCCAGGAGGAGAGCGAAACGCAGGAGAAAGGGTAACTCTCCGTTCTGAATTGGTCATTGTGCCAGTTTTTTCGCTCCATTGAGCTGCTGGCAATAACAAATGGGCGTATTCTGCCGTTTCAGTGGGGGAATAGGCATCCTGATGAATCGTAAAAGTTGATTGTTGCAGAGCCTTTTTAACCCTTTCTAAATCAGGCATACTAACAACAGGGTTAGTCGCCACAATCCATAGGAAACCAACCTGTTGATTTTCCAATCCCATGAACATTTCCCAGGCTGATAAACCTGGTTCTGGATTAATACGGCCAGGGGAAATCTGCCAAAGTTGTTCTACCTCTTGGCGGTGTTGAGGATTTTTAATTGAACGATAGCCAGGCAACAGATGGGACAATCCCCCTGCTTCCCGACCCCCCATGGCGTTGGGCTGACCAGTGAGGGAAAAAGGTCCACTGCCTGGTTTCCCAATCTGACCAGTGAGTAAATGGAGATTAATTAAACAACGACCTTTAG
CP129343.1_gap32	1007839	1010587	2748	TAACGCCCCCCGTCGGGGAGGGGAAAAATACGGTCAACATGATCAATTTCAATGAAGGGCATCATAGTTAGTCCGGGGGTGACAAATCAAAAATTGAGAACTAGTAGCTAGGAAAAACGGCCTTCCTATGGATGTTTGGTCACTTTTGCTCCGCTGGGACCACTAAACTTTCCAGAAAAGCGATAAAACGATCTAGCAATAAACCGACAATGCCCACATAAATTAAGGCAATAATGATTTCACTGATCAGGGAGCTGTTATAGGCATCCCAGATAAAAAAGCCAATGCCCACACCACCAATCAGCATTTCCGCTGCCACGATCGCCAACCAGGAAAGACCAATGCCAATGCGTAGGCCAGTGAAAATGTAGGGCACTGCTGCCGGGAATAGAATATTGAAAAAGTATTGGCTTTTGGAGAGTTTTAGAACCCGGGAAACATTCCGATAATCCTGGGGAACCTGTTGAGCTCCCACCGTGGTGTTGATGACGATGGGCCAAATTGCCGTAATGAAAATAACGAAAATGGCCGAAGGCTCTGCTTCCTGCAAAGCCGCCAGAGCAATGGGCAACCAGGCCAAGGGAGGAATGGTTCTTAGAACCTGAAAAATTGGATCGAGGGCATCATACATAAATTTGCTACTACCAATTAAGATGCCTAGGGCAATGCCCACCACCGCCGCCGCACTGAAGCCCACTGCCACCCTGGTTAAACTGGCAAAAATTTGGATGCCTAAACCCTTGTCTGTGCCACCATTGTCAAAAAAGGGATTGAGAATTAAAGGATAGGTTTGTTCTAAGACCTGCACGGGACTGGGCAGATTAGAACCTTCTCCGGAGCAGAGAATCTGCCAAACCACCAACAAAACGGCGATCGCCACGGCGGGACGAATAACCTTGGGACTGTAAATGAAACTGAGGGGATTTTTCTTGCGGCGGGGACGGAGCCCAGCGGTGGAACTAGCCATAATTTTTACCAAAAATAGTTGATTGAACTGCAGCAATTACAAAAGTCAAGGGGGTACTTTTCCCCAGGGGGCAAATCACTGGGAACTAAGCTTTAATAGACTTAATTTTCAAGCTGTCCAGATAGGCCTGGGGATTTTCTGGATCGAAGGTTATGCCGTCAAAGAAAGTCTCAATTCCCCGGGAAGGACTACTGGGAATTTGATCTGCTGGTACCTCCAACGCCTGGGCTGCTTCTCGCCATAGATCTTCACGATTGACTTTATCCACAATGGCTTTGGTGTCCGTACTCGCTGGCAAATAGCCCCAGCGAATATTCTCAGTTAAAAACCATTGGTCATGACTTTTATAGGGATAGGAAGCATTATCGACCCAATATTTCTGCATAATTTCTTGATCTTCAAAGGTTTCTTGGCCATTGCCGAAGTTATAAATACCTTTGGAGCGGTCAATAATATCTTCAAAGGGAACTTTAAACCATTCCCGTTTAGAGAGAATTTGACACATTTCTTCCTTATTCTCTGCCTGGTCACACCATTGCTGGGCTTCCATCACCGCCATTAACAACGCTTTAGCAGCTTTGGGATTCTGATCTACCCAATCGGCCCGCATGCCAAACGCTTTTTCGGGATGATCCTTCCAAAGTTGACCAGTGGTTAATGCCTGATAGCCGACTCCTTGGTTAACAGTTTGTAAAGGCCATGGTTCACCAACACAGAAAGATTCCATGGCGTTAACTTTAACGTTGGCCACCATTTGGGCGGGGGGAACCACAATGGTAGAAAAATCTTTACCTGGTTCCATGCCTCCAGCGGCTAACCAGTAGCGAATCCACATGTCGTGGGTGCCGCCAGGAAAAGTCATGGCCACTTTAGGATCCGTTACTTTGGCAAAGGCTTCTTTGAGGGGAGCAGCGTCGGTACCCACTTTTAAGTCTTTATAATTATTGCCCAACTGAATGCCTTGGCCATTGACATTTAAGCGGGCCAAAATGTACATCGGGGTTGGTTTTCCATCGGTTACAGTGCCCATGGTAATGAGGTAAGGCATGGGGGTAAGAATATGGGCCCCATCAATACCGCCACTGGCGGAACCCAATACGAGGTTATCTCTGGTAGTACCCCAGGAAGCCTGCTTCAACACTTCCACATCCGGCATGCCATATTTGGCGTAAAAACCCTTTTCCTTGGCAATAATCAACGGGGCAGCATCGGTTAGGGCAATAAAACCCAATTTGGCGGTGGTTACTTCCGGGGCATTCTCCCCCTCGACTAAAGGACTAATGGCTTGATCCGTGCTGGACCCTGTACCCGTCCCGGTGGATGTGGTGGTGGGGGAAGTACAACCATGGAGAACCACTCCTCCAATAGCGGCGGCCCCTGCGGTAAACATGAACTTGCGTCGGGTGCTTCGGGAAAAATTACTCATAGTGTAGGCAATAACTAAGGCCAGAAAGGGCAACTGCTGACGATCACATTCCTAGACTGGATTTTTTCCTTGTAAATATTTGTATAGTTTGTAACTAATAATTAATTTTCATGCGATTACTGCATTGGTGCTGGCTTATTTTGCATATAACTGCAGTCGATGCCATTGTTGTTTGACCAGACCGTCGTCAATGAGCTTTTCCGCTTTGGCGATCGCCGTTTCTAGATTGGGAGCATCCGTATGTTGCCAGAGATAAAAAGCACTGTTCCAAATTAGGGCTGACCGCAGGGGAGTTTGTTCCCCATTCAAAGTGGCTTGGGCCAACTCAAGATAATCAACCAAATTAGTCCAGACC
CP129343.1_gap33	1044986	1047849	2863	GCCCCGATGACCGGAGAATAACACTTGCCAAAGGGATGGTTGCAACCAATTGAAACTGCCCCCGTGACCCGTAGCTTGTCCTTCTTCTAAATAGGGAATGCGCTCAATGCCACCATACTGCCAAAGATAAATTAATAGCTGGGGAATTTGCATTAGCATCGCCACTGTCAACATCACTAGCAGTGGTTGCCAAAATTTTCTCTTAGTAATATTGGTAAAAATAGTTTGACTAGCTTTTCCCCAATGAATTGCTGAAATGGTTGTTAAACTCGGTTGTTGATTACCCAATGGTTGCGTTTCAAACCCGATCGCCGCCACCAATATTGGTGCGAGGAAAAACAGCACATCCTGGGGCCGCACCCAAGCGGCAAAGGCGATCGCCAAAGCGAGCATAATCTGCCAACGGCCATCGGTTAACCAAGGTTTAGTGAATATGCCGTACAAAAATAAGGCGATTAAAAAAGCGGAAACTGCATGGGACATGGACACTTCTAGGAATAGGTAATAGCTCAATGGTGAAGCAAACCAAATTCCACCTACGGCCAGTAAACAACTTATGTGGGAAAAATAACGCCGAGCAAAACGATAACTCAGGGCTAAACCAGTGATGCCCAAACCAACGCTTCCCAAGCAATAAAATAGTTCGTAGGGCCAAGACATACCATTGATGGGAATGGCATTATTAAACTGATGTAAAATCAAGGCAACTACATGACCTAGAGCAAAGAATGGTAACAGAACTATGCCTAGCCCCACCGTGTATTTGCTGTATTCTGGAATGGGCCCAAATACCCGGGGACTGCTGTTGAATTGTCCTGCGGTTTCAGCATAATAGCTATATTCGTTATCTACCCTGAGATTACCATCAAATAATAGAGATCTCAGGGGAGTGTAATAGCCCAATCCATCACCGTACACCCCAAAGCCAGTGACAAAAAACTTAAGTAGAAAAATCCCCAGGGTAACAGCTATGGCAATTAAAAAGCAGTATTTAAGATTTTTTTCGTCGTTAATGAAGTGAAAAAATTTACCCATCATTATCCATTCCTTCCATCACACCAATGGGCTACAAATTAAGCTTTCTTTTTCGGTTTACGCCAGACCCAAAGAAAGTTAGTGGCCATGCTCCAAAATACGGTAATCATGGTGGCAACGATAGCCGCTATTTTATGGTCCCAGCCCAATTTATTGCCCAAAATTACAATAATTAAACTCCAGAGAAAAAAGCCACTGAAATTGGCCACATGGTATTCCCAACAGCGTTGCCAAGAAAGGTTAGGATTACGAAATACCCAGAGGTCAATCGCCCCGTAACGAATGATGGTAATGACTTCGGCGGAGAGGACGGAAGCCCAGGTGAGGCCCATGCCGAGGGACACTTTGAACCAATCCAAGAGGACAACGTTCAAAACCATGGCAATAATGCCAATGATCCACCAGCGCACCATGGCGTTTTGCCAAAGGCGTTGTAAATAAACGGGCAAGGTTTCCCTGGTAATCATGGCGAAGTCAGTAAAGGGCAGATAATCCGGCTATTATACTGGTCAATGTTCTAGGAAAATTGGCATCTAATTGCAAATAGGGGCTAAATTTTTCCCCTGCAGGGTAACGCAAAGTTTTGGAGCTTGGCCCTGAATTGATGCAACGGCAAACTGGCAAACTAAATCATCTTTTTTATGTCTTCCCCTCTGGTTCTTCCCAGTGATGGCCACTATTGGCTTAAAAATGCCCATATTCCCCCCAATTTGGTCAAAACCAAGGTAAATTTTCCCGAAAATTTTCAGTTTCCCAGGCCTTGGGAGGATTTAGGACTTTACCATCTAGAAATTGCCGACGGCAAAATCAAAAATATCGTTGCTGTTGGGCAGGGGGAAGAGTCCGATTTAGTTACCGACGATGGTGTCCCCAGGGTGGATTTGAGTAAAAGAATGATCTTGCCCTGTTTTGTGGATATGCATACCCACTTAGATAAGGGCCATATCTGGGGGCGATCGCCAAATGTTGATGGAACCTTTTCTGGAGCCATTGCTAGCACGGAAAGGGATGCTGAATTGCACCATAGCCCAGAAGATATTTACCGCAGAATGGAATTTGCCCTCCAATGTAGCTATGCCCATGGCACGGCAGCGGTGCGTACCCACATAGAAATGGCTGGTCAGAAAAGTCAGATTGCTTGGCAAACTTTTCAACAACTGCGCCAAGCCTGGGCCGATCGCCTAACTTTACAAGGGGTGGCGATGGTTACCACGGATTATTATCTAGGCTCTGCAGGGGAAAAGTTAGCCGACCAGATGGCCCATGGGGGAGGAATTCTGGGGGGAGTGGCCTACGCTGGGCCCCAGGTGGAAGCCCAGTTAACCCGTTTGATGACCCTAGCCCAAGCCAGAAATTTGGCCATTGACCTGCACGTAGACGAAAATGGCGATCGCCGCTCCCGAGTATTGCATCAAGTAGCCGCCATCGCCTTAAAAGTCGGTTTCACCGGTCAAATTGTCTGTGGGCACTGTTGCAGTTTAGATGTGCAATCCCCCCAGCAAGTCCAGCAAACATTGGCTTTAGTCAAACAGGCTAATATCGCTATCATTAGTTTGCCCCTTTGTAACCTGTACCTCCAGGGCCGCCATCAACCCCAGAAACCGGCCTGGAGAGGAATTACCAAAGTTCATGCCATTCACGCGGAGGGCATTCCCCTCGTCTTTGCCAGTGATAACTGTCGGGATCCGTTTTTTCCCTTTGGTGACCATGATGGCCTGGAAATTTTGAACCAATCCGTACGCATTGGCCAATTGGATCCTCCCTACGGTCACTGGTGTGCCACCGTTAATCAAACCCCTGCCCAATTAATGGGACTTGCCGACTACGG
CP129343.1_gap34	1052370	1056944	4574	GCTTTGACCAGTAAGGATGCTCTAGTGGAACAATCGGCAGAAACGATCGCCACCGCAGCCGAAGCGGCCTAGACAGCACAATTGGGGTAATGGACTCTTAAAGGGTGTTAAAGGTATTTGCCATAGTGGAGACTGTTTTCGGGGAACTTTTGGGGTTAATTTTCCGACATAGTGCCATAGTAGGGCTGAACAGGGGAGCTTTGGTCTGATCAGCTTAGGGGAGCCAGGGATATTGGCTAAAATCCGGGGGGCGTTTTTCCAGGAAGGCTTGTTTGCCTTCACTGCCCTCTTCTGTCATGTAATAAAGCAAGGTGGCGTTGCCCGCTAGTTCCTGTAATCCAGCCTGGCCGTCACAGTCGGCATTGAAAGCAGCTTTAAGACAGCGGATAGCCAGGGGACTTTTGCTCAAGATTTCCTTCGCCCATTGGATACCTTCTTCCTCCAGGCGATCGACGGGAACAACGGTGTTCACCATGCCCATGCGTTCTGCTTCCTGGGCAGAGTATTGGCGGCAAAGATACCAAATTTCCCTGGCTTTTTTTTGTCCCACAATGCGAGCTAAGTAACTGGAGCCAAAGCCTCCATCAAAACTCCCCACTTTTGGCCCGGTTTGGCCGAAAATGGCGTTATCTGCGGCAATGGTCAGGTCACACACCAAATGTAAAACGTGGCCACCACCAATGGCATAGCCAGCCACTAGGGCAATGACAACTTTGGGCATGGAGCGGATTAACCGCTGTAAATCGAGCACATTGAGGCGGGGAGTTCCTTGGTCGTCGATATAACCCCCTTCTCCCCGGACAGATTGATCCCCACCGGAACAAAAGGCATATTTGCCATCGCTGTGGGGCCCGGCTCCGGTTAGTAGTACAACCCCGATGCGGTTATCTTCCCTGGCGTTACAAAATGCGTCATAAAGTTCAAAAACGGTCTGGGGACGGAAGGCGTTGCGTTTATGGGGACGATTGATGACAATTTTGGCGATCCCCCCCGCTTTGTAATAGAGAATGTCGTCGTAATGTTTTGCAATGTGCCAATCCATAGGTTCCCTCCTGAGCAGTCCTTACCCATCTTACGGGGACAGCGTAAAGGTTTGACCCAATTCCTATTCCATCAATAACCGACCGTTAAGGCTAATTTGTGAGTAAACAAATATAAAGCAATGCAAAGGATTGGCCCCAAACTTTGGCGATCGCCTTACTATGCAGATCAAGACCTCCGTGTTTACTTTGATTTTTTTCCATGACCATTGCCGCCCCTAAAACCACCGTTGCCCCTGAGATGAAGCCGACGACACCGAAAAAAATTGGTGTACCCAGGGAATCCTTTGACCAGGAATGCCGGGTGGCCATGACCCCCGATACAGCCCAAAAGCTGCAAAAATTGGGCTTTGATTTGTTGTTGGAAACGGGAGCGGGAGCAAAAGCGGATTTCGCCGATCGCCTTTATGAGTCCCTAGGCTGTGGCATTGTCGATGGTCGCCAAACCTTATTTGAGCAAGCGGACATTATCCTCAAAGTGCGGCCCCCTTCCCCGGCAGAGGTGGAGGAGTTACCGGCGGGGAAAGCCCTGATTAGTTTTATCTGGCCGGCCCAAAATCCCGAATTGCTGGAAAAATTGGCGGCGAAAAATATCACTGTGCTGGCGATGGATGCGGTGCCCCGGATCAGTCGGGCCCAGAAATTGGATGCCCTCAGTTCCATGGCCAACATTGCCGGTTACCGGGCGATCATTGAAGCGGCTAATCGTTTTGGGCGGTTTTTCACTGGACAGATCACTGCGGCGGGCAAAGTTCCCCCAGCAAAAGTTCTGGTCATTGGGGCCGGGGTAGCAGGGTTAGCGGCGATCGGGGCGGCCAAAAGCTTAGGGGCGATCGTGCGGGCCTTTGATACTCGCCCAGTGGTCAAAGAACAGGTGGAAAGTTTAGGCGGGGAATTTCTCCTGCTGGACTTTAAGGAAGACGGCACCGGGCAGGGGGGTTACGCCAAAGTAATGAGTGAAGAATTCATTGCGGCGGAAATGGCGTTATTTGCCGCCCAAGCCAAGGAAGTGGACATTATTATCACCACAGCGTTGATTCCCGGTCGTCCCGCCCCCAAATTGATTACTGAACCCATGGTCAAATCCATGCGGGCTGGTTCCGTAGTGGTGGACTTAGCGGCGGAGCAGGGGGGCAACTGTGAAGTTACTAAACCCGGCGAAGTTTATGAATATGAAGGGGTGACCATCATTGGCTACACTGATTTGCCCAGTCGCATGGCCAGTCAATCCAGTCAGCTTTACGGCACCAATCTCTGGCATTTGCTCAAGGATATGGGCGGCTCCGAAGCTTTCAAAGTGGATGTGGAAGATGAGGTTATTCGGGGAGCCTTGGTATCCCATGAAGGCAAGATTACTTGGCCACCGCCGAAGCTTAATCCCCCTAGTCCGGTGCAACCAGCTAAACCTACCGTGACCGTAGTGGAGAGTGAAGCCAAATCTGCTAAAAAATCCGGCTCCGGTAATTTTCTTTGGTTAGCCCTAGCGGCGATCGCCTTGGTGGGCATTGGTATCGGCGCACCTACTTCTTTTCTCTCCCATTTCACTGTGTTTGTGCTGGCCTGTGTGGTGGGTTGGCAGTTAATTTGGAATGTGGCCCCGGCATTGCACACCCCTTTGATGAGTGTGACCAACGCCATCAGCGGCATCATCATTATCGGTGGCATGTTGCAGATTTCCGGGCCATTGAATAGTCCCACCACTATCTTGGGGGCGATCGCCATTTTAGTGGGAACGATCAACATTGCCGGGGGATTTTTAGTTACCCAACGGATGCTGAAAATGTTTCGGAAGTAATTTTATTTTTTAATAGGAATTAAATTATGGCCAGAAAATCAAAAGAATTTCAAAAATTATTTCACGAAGAAACCCATGCTGAGAAATCACCAAGAAGGGAGTCTACTTCTCAATCCATTAGAAAAAAGGAATTAGCGGCTTACGATCAATTCAAAAAAAAGCTTGAAAATGATGAGCACAATAAAGGCGCCACCTTTGTTAAAAATCCCAAAGGCATGAGAAAAATGTCTGAGGTTTTAGAGGAATTTGTCGCCCCCTTTATTGGTGATGAAGACTCCTATGAAGAAAGGGAATTTTTCTTTGAGCTAGCAATATTAGCCTGGAATTGTTCAGTATTCCCAGAAAGTGGGCGAGAAAAACTTATGGAAGCTTTTTTTACAGATTTGAGCAATCCCCTCGAGCCAGAAAGTATAGAAGCGACGCAGGATTTAAGAGTTTTTGTTGAGGAGTTAATTGAGCGCAAATTAGAAGTATTTCCTAAGGACAAAAGAATTATCCAAGATTTCCAATTAACTCAACATGAAGCCGGTTTCCACGTTGCTGTGTCCTACGTTATGGCTCGATAAATCCCATGCAAATTTCCCCAGCATTTAAATATAAAGTTTCCATTGATCCAGGCAAAATTACTGCATTTTGTCAGCAATGGCAAATAACTGAGCTTGCCCTATTTGGTTCATTTCTCCGAGATGATTTTGATCTAGATAACAGCGACATTGACGTTTTGGTCTCTTTTGAGCCTAATGTTCCCTGGACAATCTTAGATCTGGTGGATATGGAAGATCAACTTCAACAAATTTTTGGTCGGAAGGTGGACTTAATGGAACGGTTAAGCATTGAGCAAAGCCAAAATCCACTGAGGAAAAAAGCAATTTTGGAATCTTTACAGGTCATTTATACGGAGTCGAGACTACAGATTTAGTCCTAATAAGGCTTCAATAAATGGACAAGAAACAAAAACTTTTAAGCAAAGCTAAAAATAATCCCCAAGGCCTCAGCTTTAGAGAATTTGAAAAGCTTTTAGAACTATCTGGTTGGCTTCTTGATCATCAAACTGGTAGTCACCGTATTTGGTACTCCTATGATAAGCATCGCTTGTCCGTTCAACCAACAAAAAATGGTCAAGCAAAAGCTTATCAAGTTAAGCAATTTCTCAATCTTCTTCAGGAGTGATTATGACTGTTAGTAATATTTTTGATGGTTACACAATCAATCTTTTTCAGGATGAAGATGGGGATTGGTTAGCTTGCTTGGCGGAAATGCCCAATGTTTCAGCGTTTGCCGATTCTCCCCAAGCCGCTCTTGCTGAATTAGAAATTGCCTGGCAAGGGGTAAAGGAAAGCTATCACAAACACGGAGAGCCGATTCCCATCATTGAAAGGGTTTATGCAAAACCCTAATCCTTTACTTAAATTGATAACCAATTACCACTAAATTCTTATGTCTAACAGTTTACAAACCGTGGCCTATGTGGCCGCCAGCATATTATTTATCTTCAGCCTGGGGGGCCTGGCCAATCAGGAAACTGCCCGGCGGGGAAATGTTTATGGCATTGCCGGCATGGCGATCGCCTTTTTAGCCACTGCTTTAGGGGGCGACTTTACTGGTTACACCACTCTGCTGGGGGCAATTTTACCTGCGGTGGTTATCGGCTCCCTGTTAGCCTCCCGAGTAGCCATGACTTCCATGCCGGAACTAGTGGCGATTTTGCACAGTTTTGTGGGTTTAGCGGCGGTTTTGGT
CP129343.1_gap35	1058780	1061031	2251	TGCGGCAACGGCTACTTTGGGTGGAAGTGAATCAACAAATCCAGGGCGGCAAAATGCCCATTTTGCTCACCAGTGGCGCGGCCAGTTTGCTTTGGGACACGGTAGGAGAAGCCCTCCATGGTCAACGGGTAGCGGAAGACTCATCCCCATGGGCAGAAAAATTAGGACAAACTGTGGCCATTGAAGAATTGAATATTAGTCAAGATCCCACCGCCATTCCCTTTGATTGTCCCTTTGACGATGAAGGAAGCCGTACTCAAAAACTGGCTTTAATTAAAAATGGAAAAATTGCCCAGTTTTATACAGACCATGAAACAGCAGAAAAATTAGGTACAACCACCACGGGTAATGGTTTTCGTCCTAGCCTAGGCAGTGCGCCCCAACCGGGTTTGGTGAATATGTTAATCACACCGGGAACCGCTAGCTTCGACCAGTTACTTAAAAAATTGGGTAATGGTTTAGTTGTAGATCAAATTCTTGGGGGGGGGGCGGATATTTCCGGTGATTTTTCCATCAACGTTGATTTGGGTTATCGAGTGCAGAATGGTGAAATTACTGGCAGGGTTAAGGACACTATGGTTTCTGGCAACATTTATGAATTATTAAATCAGATTATCGCTTTGGGTTCAGACCGTCGTTGGCAGGGTTCCTGTGCCACTCCATCAATTATTTTAGATGGGGTATCGATCACCGCTTAGTACTATATTTGAACATTGGAATTTTCACCTAACTACCATTGAAAAAATCCGGCCATAAATTTGCCCAACGGTTATTCTGGCTTTGATGGTACTGTATTGGAATGGATAATGTTACTCGCTATCAAAACGCCGCGCTTCAGTACTACCAAGATCTGACTGGGTCTTCCCATCTCCACTACGGTTATTGGCAACCAATTCCGGAAACCGAAGATGATCTGACTATGGCTAAATTGCGCCATGCTCAGGAAAAATATACTGACCATTTGCTTTCATTTTTACCGCAGAATATCGAAACTGTATTGGATGTGGGTTGTGGCAACGGTGATAACGCCAGTCAACTAATTGGCAAAGGTTTACAGGTGGAAGGAATTGCCCCAGATCCTTTTCAGGAGTCAAGTTTTTTACAAAAGACTGGGGGCAAAGCTCGCTTTAATAGTAATACTTTCCAAGGTTTTATAGAAGATTGGCAACGGATTGGTTCTATGCCCCAATATGATTTGTTGCTTTTTAGTGAAAGTACCCAATATATGGCTGTAGCCACTATCGCCGATGGGGCAAAATTATTGGTAAAACCAGGGGGTTATGTTCTCTTGGCTGATATGTTTCGTAAAAATGAAGATTATCAGACAGGAATGTTTTCCAATTGTTTGATCAAAAGTGAATTACAGATGGCGATGAAAGAAGCCGGTTTTATTCTGCTCGATAGGGATGATATTTCCCAACAAATTGTACCTACCTTAGACCTTTGTGTGCAAAATTTTCAAACTTTTGGTGTTTCAACTTTAACCTATTTAGCTAGTTTAGTCAGAATTGCAGTCCCCCCTCTGTATAAAATTTTCGATTACTTTTTGGGTAAAAAGGCTAAGGTTTTGGTAAAGGAAGGATTACAGGCTGGGAATATTTTTCGGGATCATCTATGCTACGAAATTCAACTTTGGCAAAAGCTTACTTAAATTGCTGGGGATGATCTAGATTTACCTTGGGCAGGGGAAAGTTAAGAATAATGACTAATTTGTCTTGATGGCCAAAGCCCAGAAGTATAAGTAGAGTAAGGCCCCTTCACCGCCGGAGAGAACAATTATGTCCGCTGAATTTTTTGACTGCCTCCAACATAAATGCGCCTATGTGGCGATCGGAGAATTTAAACCCGGTCGGTTTGCAGAAGCCCAACGGTTATATGAGAAGGCCATTTCCACCTATAAAAGTGGCTTTAAGGGTGCCTTCCTGCTAAGAAAACCCAATTCCGACGAGGGCATTGCCGTGATTCTCTGGAATACGATCGAAGATATGGAGGCGAATCAAACGGAAGTCCATCGCAAAATTTTGGACGAAATGGGCCCTTTGTTTAATGTGCCTCCGGTCACCAATATTTATGAAGTTTGTAGCGAAGTGGAAGCCTATGGTAAGGTGCTCTGCTAACCATGTACAACATTAGCTTTACCCCCGATCGCCCGCTGACCTACCATTTGGAGGATGATCAAAGTCTGGCCCGTCTTTCCCTCGTGCCGGGGCGGGGCGGTCTGGTGACCGAGTGGACCGTTCAAGGTCAGCCC
CP129343.1_gap36	1161293	1165853	4560	ATAACGGATAGCAACCCAGGTGAAATGGTCCTGTAACAGGGCAATATCTTGGCGAAACTGCCAAATAGACCAGGGAACAAGGGTTAGCCACAGCAAGGCCACCACTGTCCAACGACCATAGACCCCCGCTTGGTAAAGGCGATAGGCGGGTTTACTTAAACACTGGTCGGGCATTAAACGATGGGGCATGGATGTTGAAATTTTCACTATTGGAAGTCCATTAACCGCCAATGCCTAGCCTCAAGGCCCAGTTGGGGCTAAAGGGAATCAGGGTCAGCAACATTAACAATAGGGCTAGTAAACCCAAGCCGGCCCTGGTGTCGTCCGGTTCCGTCAACTCGTTTAAGCTGGGGCGTTCCAATTGCCGTTGCAAAAATAAAACCACGATCGCCCAATAGAGGGGAATGGGATTGGCGGGGTTAAATAGGGAAACAGCCCCCAAAATAACTAGGGTGGCAATGGTGGTGCGGCGGGCTACTTTACGGCCGTAGATGGCTTGGACAATGCGGCCCCCATCGAGTTGCCCAGCGGGTAATAAATTTAAGGCATTAATTACCAAACCGAGCCAACCTAACACCGTCAAAGGATGGATGGAAATCACACTACTTTTTAGAGCACTGCCCAAAATTAATTTAGCTAACGTGCCCACCAACAGGGAACCTTGCAAAAATTGCACCGGCAGTTGAAATAAATTATTGCCCCCGGATAAGTTCAGTCCCACGATCAAAAATAGTAAAGAAACTAATCCCCCTATGGCCGGCCCGGCGATCGCCACGTCAAAGAGGGCATTGCGGCTGGGTAAAAGGGATTCAAAACGAGTAATGGCCCCAAAGGAGCCGATTTGCCAGTTGGGTAGCAAGAAAGGCCAACTCAACCTGACTCCCCATTTTTTCGCCTGCCAGAGGTGACCTAATTCATGGGCTAGCAAAATAATACCCACGGCGATCGCCAGGGGAACTGTTTCTCCCACCCGTTGCCAATTGTCCACTAAGTCAAAGCCCAACAGGGCCGCACTGGCTTCTAACGTAGTCACAATGGTGGCCACCAGTAACACCACCGCCAAATTTTTCTGGGCCAAGGTGCTGGGTTGGGGGTCATTAGTACTGGGTAAAATCACCACCACGGGGCGGTCTTCACTCCCTTCCACTAGGAAAAGGCGATATTTTTCCCCCATTAATTCCTTCAGTTTGCCCGATAGTTTACCGAAAGCATCCTCCGCTTCCGTCCGCAAATTACCTTTAAAGATTGCCCCTTCCTGGTAGGCAATGGTTTCCGTGGCAAAAAAGCTATCAATGCTAAAAATACCTTTAATAATGGCCAAATCTTCCGGGGGAATGGGGGAAGTTTCTTCTAAGTTTGTGTTGGCCGTGCTGTCACCGAGCACAGTGGTTTTATCTGCCCCATTGGCCAAATCTTGCAGACGTTGGGCTGCCTTTTGGCGCAACAGTTCCGCTTGTCCTTCTTCCCGCATTTGCCGACCCAGATAGATGTAAATGCCCCCCGACACCAAAAGCAAAACCAACACTGCGGGCAAACTGATGGATAAACCAAAACTAAAAAGGACAAAATATAATAGCCAAGGGGCCATCAGCACCACCGACTGGAGCCAAGCCAGTTTTCCCAATTTGCCAAAGGGTTTAGCCCGCCGATAGCCCCAGACTAAAACACCGATCGCCAGGGCAAAAATGGCGAAGACAATGGGGACTAAAAACTGGTCTAGGGTAGTGGGCATGGGTAAAACAAGTGTGGAAATTAGAATTATTTCTCAGCTGGGGTTGATGAAGATTAGGGAGCAGCATCCATGGCCTGGCGTAAATTTCCCCCATGGCGATCGAGTTGAGCCTGGGCAGATTCTGCACTTAAACCAGACCAGTGCATTAACAAAGCTAACTTAACCCGTTGGCCACTGGCGACCAGTAATTCAGCCGCTTCCTCTCGGTTTAAATCGGTTAAATCTCGCAAAATTCTAATGGCTCGGTCTTCCAGTTTGCGATTAGTTACCGCCACATCCACCATACGATTGCCGTAAACTTTGCCCAACTTGACCATGGCTCCAGTAGACAGGATGTTCAAGGCCATTTTGGTCACTGTGCCCGCTTTTAAGCGGGTGGAACCGGCCAAAATTTCTGGCCCGGTTAAAAGTCTAATATTCACGTCTGCTTGGCAAGGAGCTTGGCTTTCCGGTACACAAGCAATAAAAATCGTTTTCGTCCCCCGGGCCCTGGCCGCATCTAACGCTCCATGGACATAGGGAGTCGTACCCCCGGCCGTAATTCCCACCACCACGTCCAACTGGGTAATGCGATGGTCGGCGATCGCCTGGGCCCCATCTGCCGCAATATCTTCTAAACCTTCTGAACTGCGGAGTAACGCACTGGCTCCCCCGGCTAAAATTCCCTGCACTAACTCCGATGGTGTACAAAAAGTGGGGGGACATTCCACCGCATCCAACACCCCCAACCGGCCACTGGTACCTGCGCCAATGTAGAAAAGTCTCCCCCCTTTAGCCAAAGCATCACTAATAATTTCAATGGCCGCCGCTAAATCTTCCCTCGCCCCGGCGATCGCCGTCACTGTCAGTTGATCCTGTTGGTTAAATAAATCTACCAATTCCAGGCTGGACAACTGGTCCAAATTTTGACTTTGGGGATTGGTCTGCTCTGTTAATAAATGACCGCGCTCTTCTAAGATTTCCATAGGCATGGGGGATGGGAGAAAGATGATCGGGGAAAGAAAAAACAAATTAGAGATTAAACAAAATCAACCAAACCAAATTTAGTCAATTAACTGGGACTAAGCTTTAAAATTATGGTTAGTAAAAGGGTTAGTTAAAACCAGAAAGGACATGTCCACAATTTTTCTACAACAACCCCTCCAAACGACGGCGAATATTTTCTAGTTCAGCATCGGAAAATTCGTTGTCTGGCTTTTCTTCTCCCTCGCCTTGGTCAGTGTTTTGGGCTTCCCGGGCCGCCTGCAAAACCCCATCCGGGTCCCATTCCGGTTCCGCCACATTTTTTTCCGGAGGAATGGCCAGCATGCCTTCCGCCACAACCTCGCAGTCATAGCCAGCTTCTTGACAAAATTCTTCAATGTCCCGGGAATCCATGGCTTCAATGGAGGGGGGCGGGAAATCCTGGGCCTCTAAAAGCAGGGCATAACGGGTGGCATCGTCCTCGGAAGTGAACATCAAAATTTTATTGCGTCCCCCCATTTGTACGGTGTGGATGCCTTCATTATCCGTACCTGCGTTGAATAAAAGAACGTAAACACGCATAGAGTCAGCAAAATCTAAAAGTTGTCTATTCCTACCAGCATATCGAGCTAGGGCAGTTCTGCAAAAATCAATGGGGCCACCGACGACATAACTCAAGCTGAGCATTCTTCGATGGCCCCCAGGGGAGAACCTAGGCTCCGCCCCTATGACGGGATAATCCGGTGGAGAAATGAACTAGAAATTAAGTTCGGCAGCTTGAACTTTTTCAATCTGTTTTTTCTTCAACACCAACAGAATTTGGGAGAGCATAATCCCCGCCAAGAAGAGTACAAGGAATTTAATGCGGGTGGGATTTTGCAGCACTACTTCCGTATCTTTCTGGCCAAAACCGCCCACATTGGGATTATTGGTCAAAAATTCCCCAGCTTCCACAGTTTGACCGGCACTGACAATCAATTCGGGGCCGGCGGGAATGTCCACGGTTTCTGTACCGTCGGCAGTGGTGAGGATCAGTTGGTAACCACCAGCTTCAAGGGCGTTAACTTCTGAAATGGTGCCAGCGTTGGGGGCTTTAAAGGCATTGTTATTGCTCAGCAAACCAGTGGGATAAATTTGTCCACGGCCCCGGTTGGCCCCCAGGTGGACAGCGAATTTACCGTAGTTAATGCTTTTATCCTTGGCAGGATCGGGGGATAGCACGGGGAAAACGATTTCCTGATACTGCTCACCGGGCAGGGGGCCAACAATGACCACATTTTCCATGTCTTCCCGGTAGGGCTGGAAGTAGGTGCCGCCAACTTTTTCTTTAAGTCCCTCGGACAGGCGATCGGGGGGAGCAATTTTGAACCCTTCGGGCAACATCAACACGGCTCCAACGTTTAAGCCACCCTTGGAACCATCTCCTAGTACCTGCTGACTATCGAGATCATAGGGAATTTTGACTACTGCTTCAAACACGGTGTCTGGCAAAACTGCCTGGGGAATTTCCACTTCTGCCGCTTTCTGGGCGAGGTGGCAGTTAGCACAAACAATACGGCCAGTGGCTTCCCGGGGGGTCAAAGGCGCTGTTTCCTGGGCCCAAAAGGGATAGGCAGAGGCGGCCTGGGGCAGACCAAGGTCGGTGATCAAAAAGACGCTGACTGTGGCGATCGCCAACACCGTGAAGCGGCGCAGAGCAACCATGGTTTTCGTCCACAGCCCCAAAGTATCAGGGTTTCTCATCGTTAAGTTGAACGGATTAGGTTTAGGTGAACAGTAGGGGAAAAAGACCAGTCTCAGACAATTACACAAAATTACAACAGTGTTGCTTACTCAACGGATAGCAAAGCTAAACCTAAGCCCAC
CP129343.1_gap37	1178134	1180260	2126	GTGGCGGTGGTTCTTCAGGACAAAATCCTGGTGATGATAAGAGAGGTGGCTTTGGTGGTTCTGGAGGGTCCGGAGGTGGCAATCCCATCGGTGGGAATGGTAGTGTAGGGTCTCAAGGGGGCGCTGGTAATACAGTTGAAGGAGGTAGTCCCGGAAATGGGGGTAGTGGCGGCGGCGGTGCTGGTTTAGGCGGTGCGCTCTTTATTAACCAGGCCACGGTTACCATCACTAATTCCCAGTTCAGTGGCAACACAACCCAAGGAGGAACTGGGGGAAATTCCGGTCAAGCATTGGGCGGAGCCATTTTTATTACCGACAATTCCTTCGTGACTGGTGCGGGTCTGACATTCAGCAATAATTCTGCTCCCAGTAGTCCCGGCGGTAGTTTTAGCAATGCCTATGGCCAGTTCCAAAACAATAATGATGTCTATGGCACCATTGATTCCCTTTCCAATGCTTCAACGAACCTATTCCTGGTTCCTCCCCTTACTCCCGAGGTGCAAAACGAGATAAGCGTCGTTGCTAAAGACAATCTTTTCTTTGTGCAATTGCCTGACGGCAGTGAAGTCAGTCTTCTTTACGAGGATCAGCCCTTTGTAAGTGGCAGTTTTGGAAATTGGCAAATCCTCGAAGCAGAAACAATTAATGGTGTTAATAACGTGCTTTGGCAGAATCCTGATATTGATGAAATTGGGGTTTGGAACGCCGATAGTAACTGGAACTGGATTTCGTCCGAAACTTGGCCTACCAATTCTTTCAACACTTTGGAAGCAGAAATTAATTTCCAGATTGATTTAAACGGCGATGAACTCCTTGGCGATCGCCTTACAAATATTGAAAGCAAAGGTAACACTAGTTTTCTCGAAGGTATCTTTGGTAATTATTATGTTCAAACTGGGGATGATTTAACGGCACCAATCAAATATCTGGGTGAAGTATTTGAAAACAATTTTGGTGACTGGCAGGGCCTAGCAGCGGAGACAGTTAATGGTATTAACCAGGTACTTTGGCAAAACCTTGAAACTAGTGAAATTGGTGTTTGGAGCACCGATAGCAACTGGAATTGGCTGTCATCAGACGTTTTCGCCGCTGGCTCTCTCCAAGCCCTAGAGCAACAGTTAATTTTTGCCGTAGATGTTAACTGAGTTATTAAAGCTTCCGGGAAGAGGTGATCAACTGACAAACTCATCACTTTCTGAAGCCGAGGAGCTCTGCGACCCCGAGTCCTTTTTAGGTAATCATGGACGACCTTCGGCATTATTCACATTTACCACGGCAAGACCTTAATATGGTGCGAGTCCCCCGCCTTGAGCGCCCTGGGCAAGCCCCTTCAAAAAGTCGTTTATCGCCAGAAGGGAACTGGCCCCTGCCAAAGCGAAAAAATTTCTCCGTGAATGTTTCATAACTGATATTCCCCATCATTTAGCTCTGAATTATAAAGTCTAATTTTCAATCAAAGCTGACCTCAATCACATTTTTGCCAAAGCTTTGATAGGCATCGCCCATTCCTTTCGCCATGGTGTCGTTGGGAAAAACGTGAAACTCGCCAGATTGTAGTGCAGCAATAATAGCTTCCGCCACTAGGGTGGGGGATTCGGCAATATCAGCCCGGCCAGAAGCATGGGTCATTTCGGTGGCGATGGGGCCAGGATGGACGCTCTGAACCAGAGTGCCTTGTCCAGCCAGAACTTCCCGCAATGCCTGGGTAATGGAATAGGCTGCGGCTTTGGAAGCAGAATAAGTAGCAACATTGCAGAATGACTTGAGGGAAACTACTGAGTTGAGTTGCACAAAAGCTCCCCCTCCATTGGCTTTGAGCACTGGAGCAAAGGCTTGGGCCATGGAGATCAACCCATACACATTGGTCTCCATTTCAAATTTCAAGCAGGCGATCGCCTCTTCGGCCAGGGGATTTGCAACTTTTTGCACCCCGGCATTATTGACCACAATTTCCACATCTGTGGCGGTTTGGGCAGCGGCGGCAATGGATTCTGGGTCTGCTAGATCGATCAAAATAGGGACTATTTTATTGCCATATTTGTCCACTAAGAAAGCGGCGCTTTCCAACTTTCTGACGGCGGCGTACACTTTTGCGGCCCCATGCTCCAAAAAAGACTCCACCAGTA
CP129343.1_gap38	1209350	1213589	4239	TCCAAACTGCCATCTTCAGGGGCTTCCGTTGCCATGGCATAGGCTTTGGCTTCTTCCCCTGCCACCTGTTCGTAAACACTAAATTGACAAGCAGGCAAATTTTTAAAAATGTGGTTGCCCCCGTCCAAATGCCACAGGTTAAATTTCCCCGTTGGCGATCGCCCAATGCAACCGGCTCCAAACCCCCCTAGGGGCATACCATGGTCCGGGCCATCGTCAAGGTTACTGGCGTAGCGTACAGTGTAGGGCTTTTCCCAATCCTTACCAATGGATCGTTGCCAAGCGCAGGCAGGAATTTCAGGTTTCTGGACTAACAGGGACATTGGCGGCAGGGGCTGTGGATTGGTTAGTTAACTGTCTGCATCATGGTAATCGAACCGGGAATATGGGGGAAGGGACAGCGATTAGGATAGACTCAGTTCTTGCCATGGATAGTCGTTCAATCCCTGTTTTTGTTAGCCCGAGTCAAATAAACCACAGACCTAAACCCTAAAATGGGCTTGTTATCGAGAAATTAAGCTGTGAGCGTTATTGTCCCTGAAGATATTTTGACGGCAACCCCCATGACTGAAGCTGAAATGCGCCAGGAAATTGCCATTATGCTTTTTCAGAGAGAAAAATTGACCCTGGCCGAAGCCAGTCGCTTTGCGGAGATGCATAGAGTTCCATTCCACCATCAACTTTCTAGGTTCCCCATTGAAAAGGCGATCGCCAAAAGATCAGTCAAGTCATATTCCGGCGAATGACCATTTCAGCCCTTAATTATTTTGGTTAGCAACGAATTTATTAACCAGTTCAACATCAATATCTAACTCCTTGGCAATTTCGGCAATTGTAAGACCTAATTTCTTCAACAGGGGTATGGTTTCTAGTTTCGCCTCCAGCCTACCTTCTAGTTTGCCGGCAATTTTACCCTCCTCTAAAATTTCTTGATAGACAGCGGATTCTTTCATAATTTCACTCCTTAAAATTGTCTTGATCAGCTCAGGGGCCAACAGAATCCCTCCAAAAACAGAGGTTGCTGCCATGAGATTTGCCTTAACCCGATTATCCTCAATCTGTTCCAATGCAGTCGCCACTTCCCTCAATTTTAATGTAGGGTCAGAGGTCTGCGTCAATACCGCTAGGGGTAATAACCCTGGACTTTGGAGAAATGTCTCCGATGGTTGCTCCCAAAGCCGAATCGCTTGATAACGGTGTAAAGTCTCCCCCACCTGAAAACTATCCTGATAAACTAAATCATTGTTACTACGTTTCAGGTAGATGACAAATTGGTGCATAGTCTTCTGGGGGAAACGACGATAAACCCTTACCCGATAGTCCAACATCCGAAAGCCCATGGTGGGGTCAGGCTCCGTTTGGAATTCCAGATGCAACACCAAGTCTTCCGATTGCTCCAAAATCAGGGAGTCAGCCCGAATTGGCTCCAGGGAAAGTTCCGTCGGACTCAGCTTAGTCAATTTAATGGGTCGTCCCAGTAACCAGGCGGCATAGTCTTCGGAAAAGGATTCGGCCAGAAATTTGCACAGATTGTCAAACATACCCGAATTTTACGATCGCCAATGGTTGGAACGAATTAAACTAGCAAGTAAACAAAGTTCTTATTTTCCCCATCTTGACCAAGTCAGATAGAGGAGTTAGTTATTTAAGTCCAATTTGGATAATTGTTACTAAATTTAATGTTTAACCACCAATAATTATAGTACAAAAATGACTTGAGATGATAACTATGAATTTTAAACTGGAACAAGCGTTGGCTATGGTATTTATCATCGCCCCGCCCCTGGCGAGCACCAACCATCTATTAGCTAGTTCACCCAGTTATTATCCCCCAGCACAAACCCTGGTAGCCCAAGGTAATCAAGCAGAAATGGCCTATGCACAAATGGATCAATCCATGACCAATGCCATGGGGGAAATTGTGCCCTTTTTGACACTGCTTAGTGAGATGGAAAACGTCCAAACTGATGAGCAATTACTGGCGTTGGCCCAACAGCTATATCCCATGGCTAATCGTATTACTAATAACTTTAGCCAAGCTTATCAAGCGGGGGAAGTGCTGTTACCAATGTTGCCAGCCGGTTCCATGGAGACTCAATATTTGAGCACAGTGGTTGCCATTAACGGTTTAGGGTCTCTGGCTTTTTCCCCTTGGCAAGAAATTCTTGGCCAGATTCAACAGGCCTATCAGGCAGAAAATACCGCCATCCTACAAGCGGCGATCGCCAAAGTACCACCAGCCATTAACAAATTAGCTGAGTTTGGGGGACAGCTCCAGTCCGTATTTCAGCAGGGGCAACAAATCCAAGCATCCCAAGCTTCAGCTTCTTCTAACATGTCTCCAGAGTATTATCAGCGGATGTCTGACATCTACCGCATGGGTCATGAAACTAGCATGGGAATTTTGAACAATATACGCTCTGATGGTGAATGGCATTACAACTATAGTACCGGCAGAGATGAATACCAGTATTACTAAAGGTGGATAAACCAGTCCCCAGCAGTAAATTTTTGCCGAGCATCAAGTTTTGATAGCGCTCAGGAAATACCTTGGCCATAGAACTCGTTGGACGTCCTTCCACTAGATGAGGTCATTCCATAGAAAGTGCTTGAAGAGTTTTAGGCAAGCCTTTGAAGGATGAGATGGCGTTGCCAACATCCCACGGGGTTAGCTAGCAGAGCGTCAGAGAAAACTCACTACTTCAACACCAAAGGAAAAACCCTCAACCTTGCTTGCGGGGAATTTGGGGAATTTAATGATGGTTGCCCCTTGTGTGCCGCTTGGAGTTTATCTGTCATGGCGATCGCCAAAAGTTTTTGCCAGTTACTGGTGGGAGGCAAAGTTAAAGCCCGTCTTTCTGTGAAGTCTATATTTGATGGCACCGTGGATTACCACCGTGCATTGGGGATGTTGTAGGCGATCGCCGAATCATCGACGCATTCCGCCAGAAATACTGCCCCAAAACCACCAGTACCCAGTAAAGACTGCAGGACATACCGCCCGCCTAGGCACTTTTGCTCTAAACTTCTCCAGGACGACAAAAACATAGGCTTTCAGTGTAAACAGGCAAAGGTACTATGTAAAACTATGCCCTCCTGAAGACCATCATAGGTTCGCCCACCAAAAGCGAATATAAAGATTAGTAAAGAAAATTACTTTGCCAACCCCAACATCCGGCGATAATGCAAGCTTCAGCGAAAAGCAAGAGATTCTAGAAGAGATTAGAGCAATTTCAAGATAATTCCATTAATTGCTTGACTATTATTAGAGTTAGAATTCTTAGTTAATCGTCCCTTTTTGGAGAAGTATGCCGCAATCGGAATCAAACATTGCCCTGCTAATTGATGCGGATAATGCCCCAGCGTCCAAAATTGAGGCGATCGTATCGGAAATTGCCAAATATGGAGTAGCCAATATTCGTAAAGCCTATGGCAATTGGAAAAGCCCTAACCTAAAAGCCTGGGAAGAATGTTTACATGAGTATGCCATTCGTCCCGTGCAACAGTTTGATTACACCAAGGGTAAAAATGCCACCGATGCCGCCATGATTATTGATGCCATGGATTTGCTCTACACCCAACGGTTGGACGCCTTTGCCATTGTGTCAAGTGATTGTGACTTTACCCCTTTAGTAATGCGGATTTTGACCAATGGACTAAAAGTTTATGGCTTTGGGGAGAAAAAAACTCCCTTGCCTTTTGTCTATGCTTGTTCGACATTTTTATACTTGGAAAGTATTGATCAAATTGAAAACTCTGAAGGGGCGACCCAAAGTTCCACTAGTGTTAAGAAAACTGGGAAGGAATTGAAACAAGACGCAAAATTAATTAGTTTACTTAGGAGTGCCATTTCCAGCACCATTGACGACGATGGCTGGTCAAGCTTAGCTGAAATTGGCGGCCACATCAAAAACCAAGCATCCTTTGATTCCCGCAACTACGGCTATGCCAAGCTAAGTAGTTTATTTGAGGCGATTGATTTGTTTGAAATTGAGCGTAAAAACAGGGCAATTTACGTTAGGAATAGACAAAAAAAGTCCGCCACATCTAAGTCCTAGTTCTGGGCTGCACTATAGCTGAAAGATTTCAATACTCTACTAGAACGAAACTAGCTGCAGTTCTCAATCTAGGCCTATAAAAATTGGCCAGTATAGCCGGTATTCGGATAGCCACAATTACTTAATAGGGTACATCTTCTACTGGCAAAGTTAATTACAATAGCAGAAGATGCACCAACGA
CP129343.1_gap39	1216622	1220869	4247	ATCCTGGTATTTCAGCGCCTTCAATTCCCCATAATGGGTGGTGGCCACCGTTAAACAGGGCTGGTCTGCTAAATGACGCAATAGGGCGATCGCCAGGGCACTACCCTCGGTAGGATCGGTGCCGGCCCCTACTTCGTCCAGCAAGACTAAAGATGGAAAAATTGGATGGTTGGGAGAATCAATTTCCGGGTCCAATACATCCTGAACTCCAGAGGGCAAAGCCTGCAAAATGCGGATAATGCGGCAAATATGCCCCGAAAAGGTGGAAAGATTTTGTTGTAAAGACTGTTCATCGCCAATATCCGCTAATATCTGGGCAAACCAGGGCATTTCCACTGTTTCCTTAGCAGGAATGTATAACCCCACTTTGGCCATCAAGGCCACCAAACCCAGAGTTTTGAGGGTAACGGTTTTGCCGCCCGTATTGGGTCCAGTAATGGCAATGACTCGAATTTGAGAATCAATGGTTAACGTGATGGGAACCACAGCGGGCCCCCCTTCTTTTTCTGCCTGCCAATGGAGCAGGGGATGGCGCAATTGTCGTAACGTAATCGGCTTTTCATCTCCTGGGGTCAACCATTGGGGAGGATGGGCCCCCAACCAAAAGCTATAGCGTACTCTGGCCGTGGCCAAATCCAAGCGGGTGGCGATCGCCAACAGATGTTCCAAATCCAGCAGAACTTCTAAAACTTGATCACTCAGTTGTCGCAGAATCCGTTCTTCTTCCGTTTGCTCCTGACGACGGGCTTGCCGCAGTTTATTGCCCAATTCCACAATGGCTTGGGGCTCCACATACAGGGTGTTACCACTGGCGGAACTATCATGGACAATGCCGGGCATCTGTTCTTTGTAACCCGCTTTGATGGGTAAAACAAATCTGTCCCCCCGTTGGGTAATTACTGCTTCCTGGAGGGCATTGCTTTGGCGTTGAATGATTTTTTGTAGCTTTTGCTGGATTTGCTCCCGTACAGCCTTTAATTTTTGGCGAATTTCCCCCAATTTGGGGCTAGCCCGCTCGGCCACTTTGCCATCTTCCCCTAGGCAATGGTGGATGGCCTGTTCCAATTCCGGTAGGGTTCTTACTTCCGCCACCAAGGTTTGCAAAATTTCCAGGTCATCCCGTTCTTCGATGACCCGCCGCAATCTCCTTACCCCTGCTAACGTGCCGGCGATCGCCAACAGTTCCAGCCCCGTAACCAAACCGCCCCGTTCTACCCGGGCCAAAGGTTCAGTAATGTCGGCAATACCTTTAAAATGCCAATTACTTTCCGGAGAATTTTCAATCGATTCCACCGCCTGGGTTTGGGCTAGCAATTCCCGACTTTCTTCCCACTGGGAAGGGGGCAATAAGTAGCGGGCGGCGATCGCCCCTAAGGGAGTTTGGGTAAAAGTGGACAAATGCTGACAAAGCCTGGGCCACTCCAACAGGGCCAAGGTCTCTTCCGCAATGGTTAAATTGGTGGAATCACTCACTCTTTATGTCTTCGCGCATACTAAATCTATTAACTGTCCTGGTTATCCTCAGAAAAATCCACAAGCACTATGGTGATGTTGTCCGAGCCGCCGGCATTTTTGGCTTCTTCAATTAATTGGACAGCCTGATCATCACAATTCCCCTGACCAGTGAGGATTTTTTCAATTAAATTATCGGGCACTTCCTCCGTTAAGCCATCGCTACACATCATAAAGGTGTCTCCCGGTTGGGCATCTAGAGCTTCCACCTCGATAAAATTCAAATCCTGCCGCCCCAAACATTGAAACAGCACATGGCGCCAGGGGTGGACCTTAGCCTGGGCCGGGTCAATGTCCCCCATTTTCAAGGCCCTGGCCACCCAGGTATGGTCCTCCGTCACCCGCTCCAATTGCTGATTTCGTAAACGATATAGGCGAGAATCCCCCACATGGGCCCGCCAAGCACCATCTTCCCGAAAGGCGATTAACACTGCGGTGGTACCCATATCCCGCCGTTCCAGGTTAATTTTTTGATCCTCAAGAATACCTTCATTGGCATCCATTAGTGCATCCCTCAGCAATTGTTCCGAGGTAATCTCCGATTGCCAGTAGGTGTCCAGGTAATCCCGTACCCTTTCCACTGCAATCCGACTGGCCTCTTCTCCTCCGGCGTGCCCCCCCATACCATCGGCGACAATGTAAAATCGTCCCTCTGGATCAAGGTAAAAACTATCCTGATTGTACTGACGAACTAGACCGGGATCCGTCTTTCCCGTGGAACTACAACTAACAACTGATAAATTCACTTCTGTCACAGGCCTTAGAAAATTGGGTTAGTTTTTAGTGGGCAGAGAGAGAGTGCTTGTCTTTTAAAACATCCGGTCCTGTCTTTCCAAACGTTTTAATAATCGCCAGAGGGCAAAGGCTGGCACCAATGACATTAATAATACAACCGCCGCCGCCATAAAATAATTATTTACAAACAATAGCGTGGCTGATAGGACCAAAGCACAGGTAAATAAAACATAGTTGGTGCCCATTTGCATAGTACCCATCCGTCGCAAAAGTCGATCAGTTTCCGTTGATCTAACCCGAACTCGGATATCTCCCCGGTCTAAACGGTCAAGGCTGTCTTCAATGCGCCGGGGTAGCCCCAAGGCACTATTACCCACCTGCACCGCCTGGCGACCTAGTTCATCCATAATGTTACCGGCGGGGTTAAAACCATTGGAATTGTTCATAATTTGTAAAGCGAAGGGTTGGGCCACAGCCATGAAATTGAAATCCGGATCTAACCCTTTTCCCACCCCCTCCAGGGTCGAAAAAGCCCGCATCACAAAGGTAAAAGTTGCCGGAAAACGGAAAGGTTGATCGTAGGCAATCTCGTAAAGGTCGTCACTAATTTTGGTAATGGACTGTTCTTCAAAGGGTTTATCCATGAAGTTATCCAACAAAAATTGCACCGATCGCCGGATAGGGCCCATATCTTCCGTTTCCTTCAGGGCTCCCAGGGCCACCAGGGAATTGACAATGCGCTCGGCATTTTTTTCCGCTACCCCGAATAGGGTATCCATGAGTTTATTTTTCGTGTCCGGGGTAATTTCCCCCATCATGCCAAAGTCATAGAAAATTAATTCCCCTGCTTCCGGGCTGACGGCCAAATTACCAGGGTGGGGATCGGCATGGAAAAAGCCATGGTTCAGCAGTTGGAACAAGTATGCTCGGGCCCCCAGTTGGGCCAACTCTTTTCGTTCTAACCCCGCCGCTTCTAGGGCATCGTAGTGGCTGATTTTAATGCCGGGCAAATATTCCAACGTCAAAATTTGGGTGGAGGTGTAGCGCCAATAAACCCGGGGCACCTTAACCCAATCTTCCCCCCGGAAGTTACGCCGAAAGGTATCGGCACTGCGTCCTTCCCGGAGATAATCCGTTTCCTGCCAGAGGATTTTGCAACATTCCTCGTAAATGCCGTTCCAGTCCCGGCCCCGGCCCCATTTGGGATGGTTTTGGAAATATTGGGCAATTTTTTTCAGGATGGCCAGGTCAATGGTAAACAGTTTTTTTAACCCTGGCCGTTGCACTTTCACCACCACATCTTCGCCGGTGTGCAACTGAGCTTTGTGCACTTGGCCCAAGCTAGCTGCTGCTAAAGGGACGGGGTCAAAACTACGATACAGTTTGGCGATCGGTTTACCTAATTCCTCTTCAATGATGCCGGCGGCCTGTTCGTAGCTAAAGGCGGGCACCTCATCTTGAAGCTTGGACAGTTCCTCCACATATTCCGCTGGAAACAAATCGGAACGGGTGGAAAATAACTGTCCCACTTTAATGAAGGTAGGACCAAGGCTAAGCAAATTTTCTCGAATCCATTTGGCTTGACGCCGCCGCCGTTGCTGGAGTTTTTCTTCCGTGTAACCTCCGGCATAGCTCCACTTTTTGCCGTTTAACCAGAATTGGTACAGCAATGTCAACACAAAGCCCCAAATATCGATGCGCCGCCGGGTGATGGAATAGTTACCCCGATTCCAGCGATACCGACCCTCCGCTTCTAGGGGCGATCGCCGTTGGGGGGGCAGAGATTCAGAATAGGAATTTGTGGGCTCAAGCTTAGTGGATAGGGCAGACACACTGATACAAAGAAAGGACTAAAGGAAATAATACGGAATGGGAAGATAGGGAATTAAATTTATGAAGTAGGGGTTTCTTCGTGTTTTTTTTCAGGATGGACATTAGGGATTACATAGGTGCGACCGCTGATAGCCTCTCTTCTTTTTGTGTCTTCGTACATTGCCTGT
CP129343.1_gap40	1319135	1321876	2741	ACCATTGAGCAACATCACTAAGCCTGCCACTAAAATTCCCAAGGCGATCGCCCCTAAAATCCAATCTAAATTAGCCGTATTTTCCATACTTTCCATGGGTTAATGCCCAGGGGGCAGCGAATGATTTGGATGGGTAACCATGACTACTTTTCACCCAGTCCTAGAGCATACTAATTCAACTTTTGGGCCAAACTCTCTTCTATGGAATTTTTGTTAATAAAATTGACAAACTTTTCCACCATTTCTGGATTACGCCAACCCCGTCGGGCTTCTCCTTGTAAAATTTCCAAAGCCTGGGCCGTATTCACCGCTTCCTTATAGCGACGGTTACTGGTTAGGGCAGTGAAAATATCAATGATTTGAAAAACCTGAGCTAGCAGGGGAATTTCCTTACCCCGGAGAGCATCAGGGTAGCCACTGCCATCCCAGCGTTCATGGTGATAGCGCATAATTTCCCCCACAGCCCTACGCCCAGCCAGGGGTTCAAAAATGGTAGCCGCCACATGGACATGGTCCCTCACGCAGTCCAATTCTGTGGAGTTGAGGGGCCCTTGCTTGAGCATAATTTCATCGGGCACTTGGATCAGTCCCAAATCGTGTAGCCGAGCCGCAAAAACAAGGTCATCAATTTGCCCCTGTTCTAGACCGATAAATTCGCCAAAACCCTCTATTAGTTGACTACAGGTGATGCTAGCCTCCCCAACAGCGTAGCGTTCTTCAATCACCGCCGCTAAGCGAAATAAAACCTGTTCAATTTGGGCTACGGATTCGGCTAATTTCTTTTTCTGGATCAGTAAATCCACCTGATTGAGCAGTTCCACCCGCTCCAAGGGTTTGAGCAAATAGGCATCGGCCCCACTGGCCCGACTACGGAGACGGCATTGGGGGTCGTCCATGGCATTGGTGAGAATGATGGGAATATATTGCCCGACGGGGCTATGTTTGATTGCCTGACACAATTCAATGCCATTTTGGTGGGCCAAATTGACGTCCATCAACACTAAGTCCGGATCAACTTTTTCCACCTGTTCCACCACTTGGCCACAACTGAATCCTTTGGTGGTCTCCCCTTCAATAATTTGGTAATTGTTCAAACGCAAAAGGTCGGCGCTGGCGATGCGACTGTAGGGGTGGTCGTCCAACAAAAAAATACGGAGGGGAGAAATTTGGTTCACGGATAGGTGGGGTTAAACTGCGGTCTTGTTCATCATTCTTTGCTTGAGGGGTTTGGGATCTCCCTGCGCCACAATTTTGCCTTCCTCCAACAGAAAGGCTCCATCACAATAGTCTAGCTCGTCTAAGCGATGGGTTACCCACAGGGCGGTGATGCCCCTTTGTTTGACTAATTTTTGTACTTGCAATACCAATTCCTGTTGACTATCTCGGTCCAGCAAGGCAGTGGGCTCATCCAATAAAAGCACGGAACAGTGTCTGGCGATCGCCCCGGCAATGGCAATGCGTTGTTTTTGGCCGCCACTGAGGGCATAGATGGGACGGCGGGCCATCTCAGCTAGGTTAACCGCTTGCAGGGCTTCTCCTACCCGGACTTGTACTTCCTGGGGAGAAAGTTTTTCCTTGACTAAACCAAAGGCAATATCGGCCCCGACGGTGGGCATAACTAATTGATGGTCAGGATTTTGGAAAACAAAGCCCATGGGTTCGGCCAGTTTCACCAGACCGGATTGGGGGGTGAGGAGTCCCGCCAATAACCTTAATAGGGTAGATTTTCCACTACCATTGGTGCCCAACAGCATCCAAAACTGACCTTGGGGCACCGCCAGACTACAGTTTTGCAAACCGGGGCGATCGGCAGACCATTGAAAATTTAGGTCCTGGGCAATGATGGCGGGGGTGGACATGGAAATGTGATGGAATAAGGCTCTCCAATTCTAGGTTACCGAGCCAAATGTGGGTCGATGGGCAATGGACTTTGCCTTTGCTCTGGATTAGGGCAGGAAAATGGTCCGGCCTTGGTGGGTTTAGGTACACTGCAAAGAGATTTCATTTCTCAAAATTATTGCCATGGCAACTATCCAAGCTTTTTGGCGCTTCTCCCGCCCCCATACCATCATTGGTACAACTCTGAGCGTCTGGGCTGTGTATCTGTTAACTATTCTCGGGGATGGAAACTCAGTTAACTCCCCTGCTTCCCTGGATTTAGTGTTCGGCGCTTGGCTGGCCTGCCTGTTGGGTAATGTGTACATTGTCGGCCTCAACCAATTGTGGGATGTGGACATTGACCGCATCAATAAGCCGAATTTGCCCCTAGCTAACGGAGATTTTTCTATCGCCCAGGGCCGTTGGATTGTGGGACTTTGTGGCGTTGCTTCCTTGGCGATCGCCTGGGGATTAGGGCTATGGCTGGGGCTAACGGTGGGCATTAGTTTGATTATTGGCACGGCCTATTCGGTGCCGCCAGTGAGGTTAAAGCGCTTTTCCCTGCTGGCGGCCCTGTGTATTCTGACGGTGCGGGGAATTGTGGTTAACTTGGGCTTATTTTTATTTTTTAGAATTGGTTTAGGTTATCCCCCCACTTTAATAACCCCCATCTGGGTTTTGACTTTATTTATCTTAGTTTTCACCGTGGCGATCGCCATTTTTAAAGATGTGCCAGATATGGAAGGCGATCGGCAATTTAAGATTCAAACTTTAACTTTGCAAATCGGCAAACAAAACGTTTTTCGGGGAACCTTAATTTTACTCACTGGTTGTTATTTAGCCATGGCAATCTGGGGCTTATG
CP129343.1_gap41	1378453	1379186	733	TCTGTCTCGATTACCGACGTTACCGTTGCCCCTTGCTCAGAAAAACAAGCAATTTGCTCTAGGTCAAAAATTCGTTGGCTATCCATTGCAATAATCCTCTCTTTATTTGAACTGAGGACAGGTTTTACCGACGGAATCACATTGATAAATATAAGGCTTTTGCCAATGAAGTGGAATTTCCAGCAAATCCCTTGCCCCAGTTATGCCCTGACCAATAAAGAGCAATAAAGCGAAACTATTAATAATAATGTGGGCATTACGCCAACGATTTCGACGATCTTGATAAATATCTTGAATCGTAGCCACTGAAAAAATCATTAACAGCGCGGCTAAAATTCCATAATAAAAATGGGAGACAAGCCATTCATGGTCTCGACGATAAATTTCGGGCTGACAACCTAAGAGCACTAGTCCCATTCCCGTTAAGGTGGCAAAGATCCCCCGCCAAATTCTTGTTTTAGCTTGAAAAAGAAAGATGAAAGAAGTAATACTTAAAATGAACAGCGCAATGATAAATAAAACCCGAAAAGGCTCTTCAGAAATTAGATTTTTATTAATAAACTTAGAAAAAATAGGATAGGCTAACCCTAGAAAAGTAACGCCCACCACCGCCATACTAAGATATCTTCCGATCGCCACGTGTTCGGTGCCAACGATGGGAGGAATTTTACTTTTCTCGCCCACCTTCATCGCCAAACGCCGTTCCCGGGTGAGTAAAGCACGGTTAAGCACA
CP129343.1_gap42	1383151	1384071	920	ATTTTTTGCGGGAAGAATTTAAGCTAGATCCCTGGGTTTCTGATTATGGTGTTTAGAGCCCATTTATAAAGTCTTATAATGGATAGCAAGTAAGAGAAGAAAAAAAGGAAAACTAAGAGTAAGAGCAGAAGGAGACAAAGAGTATGAAAAGTCTGACAGCCTATGAAACAGACCTGAGCGATGCAGAATGGGCAATAGTTGAACCAATGATTCCTCCCGCAAAGCCCGGAGGACACCCACGAACCACAGATATGCGAGCGGTTTGTAATGGTATTTACTACCAACTAAAAACGGGTTGTCAATGGGCAGGGCAATGTTACCCCATGACTTTCCTCCTAGTAGCACGGTCTATAGCTATTATCGTAAATGGCAACGTCATGGCGTGTGGGAAAGGCTCAATCTAAGGCTGCTGGAGCAATGCCGCCTCTAGAGTGGCAAGAGCCTTCAACCTAGCGTAATAGCGGCAGATAGCCAATCGGTAAAAACCACCGAAAAAAGGGGGAAGTCTACGGTTTTGACGGAGGTAAGAAGGTGAAAGGGCGAAAGCGTCATCTAATCGTCGATAGTCTGGGCTTAGTCTTAAAAGTGATAGTGACCGAAGCAAATGCAAGTGAACGTATCGTCACAGCTTATGCTCTGATGAGTTTGCTTAAAGAAGGAACTCAACTCCTCGAGTCTGTCAAGAGCATGTTAGTAGACCAGGGTTATCGAGGTGATACCTTTGGGTTAGCCATCTGGCTCTTAACTCAAGCCAAAGTCCAGGTGATTAGTCGTTCAGGGAAGTCTTTTGAGGTCTTACCAAAAAGATGGATTGTCGATAGGACGTTCAGTTGGCAGCGCTTTTGTTGCCCCCTCTGTCGAAGCGGTGACAATGGACAAAACTACACGGTGGAGACTTTTAAAGGAAGTTACAGTGACAA
CP129343.1_gap43	1385594	1389473	3879	AAAAACCATGATTGCCGCCAGGGCTAATCCGCCGCTGAGCCAAAATACATGGCGGTAACCAAATATCTCGTTCAGTACGCCCATAATGGGAGCGGCAATGGCAATGCCTCCATCAAAACCGCTCATGCACACGGAGAAAACCCTTCCCCTTTCCTCCAGGGAGGAACGATCGGAAATTAGGGCGATGGTGGTGGGTAATAAAATGCCACTACCTGCTCCTTCGAGGGCGGCTGCGGTCAATAATTCCCAAGAGTTATCCGCTTGGGCAAGGCACACCATAGACAGCAAATAGCAAATCAGGCTACCGACAATGAATAGCCCCCGACCATAGGTATCCGCCAAGGAACCAAGGAAGAGGCGGGGCACAAAACTGGCGATCGCCGCCACACTGTAAAAAACTCCCGCATAGGTAGCTAGGTCAATTTCCCGCACAAACAGGGGCAAAAAAGTGGCCAAGTTACCGAACAAAAGCCCAATCAGCAGTAACACCAAGGTGGGTACGGCCATGGAGCGACTGGTGAGGAGTTTGCCGATGGAACGGGGTCGGGGGCGATCGCCGAAAACATCCTCTGCTGACGATTGATCTGGGGGACGGTTTTCCCGCACCTGTAGGGCCAAAACCAGGGAAATAAAGCCCAACAGGGAAGAGGCAATGAATAGGAATTCGTAGCCAATGCTTTGGGAAATGTAAGCCCCCACAGCCGGCCCAAATCCCATACCAATAGGCACCGCTAAACTCATATAGCCAATAATTTCCCCCCGTTGTTGGGGTGGGGATAAATCCACCACTAGGGAGTTATAGCCGGTGGTATAGGCAGCCAAGCAAATGCCGTGAAAAGCTCGAATGGCCATTAAAGCTCCCACAGTGGCGGTGAGTAGGTATCCCAAGGGGGCCAGAGCCACAACCAATGCACCAATGACAATGGCAATTTTTCTCCCCCGGCGATCAACCAACTGACCAATCCAAATTCTGGACCCCAACAGGCCAAGGGCGAAACTCCCCATAATCCAACCCACTTGTTGTTTCGTTGCTCCCACATCCTGGGCATACATGGGCAGAGTGGGAAGAAGGGCAGTGAGGCTGAGCCAAAACATCAGCACTGAAGCAAACAACAGAGCAAAAGTTTTCTGGGTGGAGGGAGATAGTTGACGGAGGGTCTGGAAAGAACTCACGGAATAATCTGCTGGGGAGGAAATGAGGCAAAGGGCAACTGCTTAAGGTTTCTTTACAGTTTGCTTTTCCATGATAGACCCAAAATTCCTTACCAGGGTGAGCGGGGCGTGGGGAAGCCAAATCGGTCTGCGATGGTGAAATTGAACATTTTGTAGATCAATCTGGGGAGGGTTGACAGGGTTAACCCCCCACTCTCAACAGGCAATAACTTTCAGTTTTTTTCAAGGGATAACCACAAAAAAACAAGAATATTTCGACCAATTACTTGCCGGCTTAATCTTTTCTTAATTCTATCTTAATTTCGACTTAATCAACTGATTAACTCCCCTTAAAATAAGTCAAAAAACGGCTATGGTTAACCAAAAGTTAATCGACTTTTTTGGGAAATTATGCATTGAAAATAAAAAAAATTTCGTGTTTTAAATTAACAAAATGCAACTAATATTGTTAGCTAGAACGGACCAGTAAGGTTTCTGGCTTTATTGACAGCAAACGGCCCGTCTTACCCTAGGGTTTTGCCGTTTTTTTAGGTCGATAATTATGCCAATGGAAACCCCATCAGCGAACAAGGGCTGACTGTTTCAACTGCACTACAATTTAGATTGCAAATTCCTATGCTTAGTTCACTGCAAAAAGTTGCTACCTTCTCCGTAGTCAGCGTTATCGTCGGTTTTGGTGGCATTGGCCAGGCCATTGCCGGTACCCTCAATGGTGCGGGAGCGAGTTTTCCGGCCCCACTCTACCAACGTTATTTTGCTGAGTATAAAAAAGCTACCGGTAATACTGTCAATTACAACTCCGTCGGTAGTGGCGCTGGTATTCGTCAATTTATCGGTGAAACCGTTGATTTTGGTGCCACCGATGCTGTGCCCACTTCCGCCCAACGTCAACAGATGAAACGGGGTGTGGTTATGGTGCCCACCGCTGGTGGCGCTGTGGCGGTAGTTTACAATTTACCAGGCAAAAAAGTACAACTTTCTCGCATTGCCTTGGGTAAAATTTTCACCGGGGAACTAAAAACCTGGAACCAGGTGGATTCCAAACTGCCCAACACTCCCATTCGAGTTGTGGTACGGGCCGATGGTAGTGGCACCACGGATATTTTTACTAGCCACCTCAGCGCTATTAGTAGCACCTTTAGAAGCAAGATTGGTGCTAGCCAAGATCCCAACTGGGGTTTCCAAGTACTGAAAGGTCCGAAAAATGACGGGGTAGCGGCAACGGTTAAGCAAACCCCCGGGGCGATCGGTTATGTCCAGGACACCTTTGCCCGCCGTAACGAGGGTCCCAATCTGCAAACCGCCAAGGTACAAAATAAGGCCGGTCAGTATGTAGAACCCAGCTTGGCAGAGGCCAATAAAGCCATCAGTGGAGCCAAGTTTGACGCGAACTTTGTTGCTGAAATAAGTGATCCTGCCTCCGGTTATCCCATTGTGGGTTTGACCTGGTTGTTGGTGTATCAAAACAATAAAAATGCCAACGTTGCCAAGGACGTCAAAGCTTTGGTGCGCTGGATTTTGACCACTGGCCAAAACCATAATACCCAGTTGGAGTACACCAAAATTCCTCCCGCCGTTGCCCAACGGGTAATTGCAGCAGTTAACAAGATCAAATAAACCAAATATCAAGTCAATCTGCGGTTTTTCAAGCTCCCCTAGTCTCCTCAGTTCGGGAAGAAACTGGATAAAGATCCCCCGGTATTGGGAGATTTAGGGGGCAAATTAAAACTTGGCAAACAGGCTCTAGGAAAAGGCAATAGGTATGGTGGAAGGTTTTTCACGTCGTTCAGAATTCACTCTGGCCCGGGGAGGGGATATTACCCAAGGGAATTCCCTCACCAATGGTTTGGACTGGGGCTTTAAACAGTTGACCCGTCTCTGTTCCCTCGGAGTAGTGGTGATTCTCGGCTGGATCGCCTGGGTGGTTTTTACCGATGCCCGACCGGCGATCGCCAAGTTTGGTTGGGAATTCATCGTCAGTCAACAATGGGACAGCAGTGGGCAACTGTTTGGCGGCTTACCCTATATTTTCGGCTCGGTGGTTAGTTCCTTCATCGCCCTAATTTTTGCCCTGCCCTTGGGGCTGGCCGTGGCGGTTATGACCAGCGAAAACCTTCTACCTGCTCCGGTGCGGGTGCCCATTGCCTTTCTGGTGGAACTGATTGCTTCCATTCCCAGCGTGATCATTGGTCTATGGGGCATTTTTGTCTTCATTCCAGTGTTAATGCCTGTGCAGGGGGCACTGTTTAAATATCTGGGTTGGTTACCAATTTTTGGTACGGAACCCTTTGGCCCCAGCATGCTGGTGGCGGGATTGGTGCTGACCGTGATGATTATTCCCACCATTGCTTCCATCAGCCGGGACATTTTACTCTCTGTTTCCCCCAGCCTCCGTAGCGCTTCCATGGCCCTGGGGGCAACCCGATGGGAAACTATCTGCTCGGTGATTTTGCCCTCTGCTAGTTCTGGCATTATTGGTGCCACTATTTTGGCCCTAGGTAGGGCCCTCGGAGAAACCATGGCAGTAACAATGGTGATCGGTAACTCAAATATTATCTCGGCTTCCCTACTGGCACCGGGATATACCATTCCCTCAGTGCTAGCTAACCAATTTGCCGAAGCAGTGGATGAGCTGCACATCGGCGCTTTGATGTATTTAGCTTTAATCCTTTTCGTTATTACCCTCGGTATTAATAGTCTGGCGGT
CP129343.1_gap44	1391423	1396118	4695	GTTGCCCAATGAAATTTGTATGATGAGCAAAGTTTTTTTTGATATTACCATCGGCAGCGATACCGCAGGTCGCATTGTGATGGAATTGTTTGACGAAGTTACCCCCAAAACCGCTGAAAATTTCCGGGCCCTTTGCACTGGAGAAAAAGGTGTGGGTAAAGCTGGTAAACCCCTACACTTCAAAGGTTCCCATTTCCATCGAGTCATCACCGATTTCATGGCCCAAGGGGGAGATTTTACCCGGGGCAACGGTACCGGCGGTGAGTCTATTTATGGAGAAAAATTTGCCGATGAAAATTTCCAGTTAAAGCACGATCGCCCTGGGCTATTGTCCATGGCCAATGCCGGGCCCAATACCAACGGTTCCCAATTCTTCTTAACCTTTGTACCTTGCCCTTGGCTTGATGGTAAGCACGTCGTTTTTGGTGAAGTGGTGGAAGGTTTAGAAATTCTAGAGCAACTTGAAGCTAACGGTTCCCAAAGTGGTCAAACTAAACAGGCGATCGTTATCAGCGATTGTGGTGAAATTAAATAAGCCTGATTGACACTAGTGTGTATAGACTCTGTTAAAAACCTTGTTGGAAAAATAAAGTAAGACAGTCCCCTTGATTAGTTTTGAATTGATAATCGAGGGGGTTTTTATTGGTCAAATTTGAGTGAAAATCAATCAGCAAAACTATTAGCCTTGGTGGCAAACTTAACATCCAATTCTGTAATGCCGCCTGCATCATGGGTGGTTAAATCAATGGTGACCCGATTATATACATTGGACCATTCTGGATGATGGTTCAGGGTTTCCGCCACCAACGCTAACCGAGTCATAAAACCGAAAGCTTGATTAAAATTGGCAAACTTAAATTGACGATGGAGTTTATTGCCCTGCAAGCTCCAACCGCCGAGTTCTCCCAGGGCAGTTTGGATTTCTGGGTCAGTTAAACGTTGGGGGGTGGCCATGGTGCAATTTATCTAGATTTTTAACTATTGGTTAGGGATTGTTCCTGCCATCCGTTATATCATCTCCCAGAAAAAGATTGAAGGAAACCTGGGTTGGTTCGCCCACGTTGGTGGTTTCCTGCACCCGGCTATCGGGAATTTGCCAGTTATCACTCAAATAAGTTCTAATCTGCTCTGTTTGGGAAAAAAGACTGGCGGGATTACTATCTGGAGGACGTTGAATGGTGAGTCGCAAATACAGAGAGGGATGGGACCGGAGAATTTGTCCCACATTGTCGAGTACTGCTTGATCTTGGTTGGAAAGATTCAGGGGAGCACTGGCGATCGCCGCAGTTTCATCGAGAACGGTGAGGGGAATAAGCCCTTGATCTGTGGCGAGGCGTTGGTATTCCACCATGGCATCATTAACCTGTAACGATCGCCGAATTTGATTGGAAAGAATAACTTGGGCGTCCTCCTGTAAATCTCGATCACCAAGGTAGATGACCACTAACTTAAAAGCGGAATTATCGCTCCGGAGTACGACTTGATAATCCACCAATTGCAGGGCATCAGGAAGGCTCACCAGGGCGAGGGAACGACTAATTTCCCCCATCAATTCCCCCTGTAGGTCTGGCAAATAACTAACTTGGGTGATGACTGGAATAGATTCCGTGTTAACCGCTTGGCTGGTGGGAATTTGCACAAACCGCAAGGTAATGTCACTGGGGCTAAGGTCCAGGGCAGTGGCTAACTTGTCCACAAAGCGGTCTTCATCTTCCTGGCTGTAGAGCTTGTCGGTCACCACCTGGAGTTGTATCGATACTTGGTTGTTATCCCGTTTCGCTTTTACCTGGTCGATGTAGGAACGAAATTCATCATCGCCCCCGTCGAAATTATCCTGCCAGATCTGCTTAATGGTGGAATTAAGTTGGTTTTCTTCCCGTTGCTGGGTCACTTGGCGTCGCACCTGTTCCAGGGATTTGGTCAGAGGAAACGAAATGATCCCCAGGGTAACCAGGATCAAGAAAAAGCGACTGGGCAAACCTCCTACCCGTTGAAAAGTGGTGTAGGCCGGCAATCTTCTCAACCAAGAACTGACCACTTGGCTTTCAGCATTTTCTTGTTTCCATTCCCCAATGGCTTCCCGCACTGCCCGCACATCAAAGTGGACGAAAAAGAACACAATCATGGCGGTGAAAATAATCGCCACTAGGTTGGTGATGAATAGCAGTCCTCCCCCCTTGGCCACGGTCAAACCCTGGGAAGAAGCCAAGCTGAAATAGATACCAATGCCGTAACCCACCACGCACAATGGCGGCATCAAGGCCACGGCGATCGCCACCCCTGGTAAAGAAGCCGCTACCCCCTTCGCTTGTTTGCAGGTAGCCACCGATCCCACCGCCCCGGAAAACAAAGCCACAATTAAATCCAAAAGGGTAGGATTGGTTCTAGCCAAAATTTCGGGGGTAATTTCCTTAAAAGGGACTATGACCACCAGAATGGCTGCAAAAACGATGGCTAAACTACAGCTCAGTAATAAGTTAAACGCCGCCCGCAACCAGAGCACCACGTCTCCCGCCGCCAAACCCATGCCATTGGCCAAAATTGGCCCCATCAAAGGGGAAATCAACATTGCTCCAATGATTACCGCTGGACTGTTCAGTACCAACCCCAGGGTGGCAATGCCCGCCGCAAACAAAACCTCAATCCAGTAGCTTATGTCCCTGAGGCTAACGGACTCACATAACTGGGTGTAGATTTGCACCTTATGTTCATCGGTCAAATCTAAATTATTCGTAAAGCCACGGCGTAGACGCAGTAACATCAGCAGGGAAAAACGATGCCCGGAGGACTTGGACTTTGACATAGGGGGGGATGGGATTAATCGTCTCCATTGTGCTTGACCAATACTATACTCTGGGGAGAGTTTGCTGAATTATTGCCATCCACCTTTTCGGGGTTGGGCTATCCCAGGTTATATTGCCTTACATTATCCCCATATCATTCATTATTTCCCATCGAGCGAGTTGTTTATGTTTGGCGTTCTGCTGTTCCTTATTTTCTTCTGTGCCGTCAGTCTAGCCTTTTTTGCCAACCGTAAATGGTGGATTCGTGTTTCCACCCAGTCTCCCCGCTGTACCTATTATTTTGGCCCCTTTACTTCCCAAGAAGAGGCGATCGCCCACCACCAAGGTTATCTCCAGGATTTGGAGATGGAGGGAGCCCAGGGCATTGAATACAAAATAGAACGCTCCTATAAGCCAAGAAAATTAACCATCGAAGACTGAGAAAACCGCCAGCAATGGGGAAGCTTGTTGGCTAATTTCTCCCCAAAGCACAAATCCCCCAGTTATTTGGTTAACTAGGGGATCCAGCTTATCTTTACAGCTAAAATTCTGAGCAACGAGATCTTACTAAAAATTTAGTCTCGACCGTTGAGGGCAATCAGTAGACGCAGAATGAAGATAAACAGGTTGATATAGGTCAAATACATGGACAGGGATGCAGCCAAATATTGATCATCCCGGTAGGTGCGGGGGAGAACAAAAAAGTCCACCACCGACACGCCGGCAAATAGCAACACCCCGAAGCCAGAAATGGCCACTTCCAAAAAGGTAGGGGTAATGACCCCAAAAAAGCCGAGCACCACTTGGAGAAGCATCACCACCACTAGTCCAATCAAGGCTAAGCTGACGGTTTTGCTCAGGGCAATGCCATCTTCTTCCGATAAATTGGAGCCAATACTACGGGCCACCACAAAAGTTACACCACAGCCCAGGGCCGCCACACCAATGCCTTGGATACCCACTCCACTGGTTTGCAGGGCCAGGTAAATAATGCCACTCAGGGTATAACCAGATAGCAGACTATACAGGGTTAGCAAGGGCAAAGCCGTTGCGTTATTGCCACTTTGCGCCACCCGCATGGCGACAAAAAAGAGAATAAAATTACCGATTAAAGCGACCCAAAAGGTGGTCATGAATAGACCGGGATTGCCCTGCATGACGCTGAGACCACCAAAGGTTCCCGCCGCTGTCAGCACCAAGCCTCCGCCAAGATAGGGGAGGGCGTTTTTGATCACGTTTGGCCCGATCAGACTTTGGCCTTTTGCCTCCGCCATGATCTGACGAAAATTGCTGGTATTGCTCATAAAAAGTGGATTTTTGACTAGGATAATCACAGGGGGGAAATTATTTTTCCCTTACCTTTAATATACTATCGACAACCATGGCCTTGCTTTAAGTGCTGGTAAGTCCTTATAAGCCCTTATTTGTGGGCTATTTCTGCCCCTGGATCCCGCCGGCTGAGCTAAGCATGAACTGTGTATTGTTCCATTGTCAGACCAGGAGGCCTTAGTCCTATGAATTATCGTGTTATTGTCTTGAGTGGGGTGATGACTGCCCTCCTCGGCACCGTGTTTGGTTGGGGCATGGGGCAGATTGCCCTGCGTCAACGGCCTAGCCAAGTACAGGTCACCATGAGTCAGCCCTATCGTACTTTCTATGGGCGGCGCTTAATCTGGTTCGGGGCGATCGCCGGCTTTGTGTTGGGGGCAGGACAGGCCTGTGTACTGGCGGAGAGGAAAAAGGAAAAAGAAGCCATGGAGAAAGCGGAAACTGAAGAAGACTATTCCTGATCCCCTGCCGCTGCAGTGACCTGGTTTTCCGTTACCGATGGAGGGAATTTGGTTGCTATTTCTGGCGGTCCAAGGGACGCGAAAAAGTTCGCCGCCACTGTTTGCATCGCCGTGGCCTAAGG
CP129343.1_gap45	1399271	1403047	3776	TATTTAGCCCGAGCCCGCCCCACATTAATCACCAGCACCAGGTAAAGCATCGTCGCCAAAGCAGTGATCAAAGCTGGCCAGAGTAACTCGGTTTTTGTCATCGGTCATGGTGAAAGAAAGTATATTTTCAGACTAGCCCAAAAAGTTACTCTGCCTCCAAATCATTAATATTGCTCGGACTAATCGCTATACTTACGGTCAGGGTATTACCCAACTTTTTATTTTTCTCAGTCAAGTTCCTTTTGTATTTTTTATCCCATGCAGCTAAGCCCCCAGGAAAAAGATAAATTGTTGATTTTTACCGCCAGCCTAGTGGCAGAACGCCGTAAGGCCCGAGGGCTCAAACTCAACTATCCCGAAGCCGTGGCCTATATTTCCGCCGCTATCCTGGAAGGGGCCAGGGATGGTCGTACCGTAGCCGAGTTGATGAACTATGGCGCTACCCTATTGAGTCGGGACGAAGTCATGGAAGGGGTGCCGGAAATGTTACCGGAGGTACAGGTGGAAGCAACTTTTCCCGATGGCACTAAACTGGTGACGGTCCACGAACCCATTCGCTAGTAATGAGCTGGCCGGTCAGGGCGGACTGTTTTTTACCGTTAAACCCCAGGCCTGTTGACCGTAGAAAAAATTCATTGTCTAGGGTTGACAGTGATCAATCTTTATCGCTATATTTAAAAACGTCTGAAATAACGAACTGTTATCGAGACTGCCTAGCCCCCATCGTCTAGAGGCCTAGGACACCTCCCTTTCACGGAGGCGACAGGGATTCGAATTCCCTTGGGGGTATTAAAAAAAAAGAAAAAACGAAAAGAAGTTCTTCGGGGCTTCTTTTTTGTTGCTCACCCAAACAATTCCCCAAGAAGTTTAAAACCCTCTTTCGGTTTATGGAACAGAAGAAGAAGCGGGGAGCTTGTCGAGGGAAACAGCGCAGAAATGGCAAGACCCAAACTCCATCTATGGCAGTATAGGGGCGTAGTTCTTTGTCCTTGAGGCTCTGTCTGGCAAATGTTAATCCTGCGTCGCCTAATACTAGTTGTTTCCCTTAGTTTTGCCACGATCGCCATTGACATTACTACGAGACCAGGGCTGGAACCAGTGCAAGGCCAGGGGGTGGAGACAGTAGACTCGCAAACACTAAAAGTGGGGGTGGTGGGCAATCCTCCCTTTGTCTTTTATGGAGAAGGAAAAAACGCAGCATTTACCGGTATTAGCCTAGATGTGTGGAGAGCAGTGGCCGAGTCCCAGAAGTGGAATTCAGAATATGTAAGGCAAAATTCCATCTCCGCAGGCATCACAGCGGTGGCGGAAGGGGAATTGGATATTTTAATTGGTCCCATTAGTGTTACCCCAGAGCGGGCCGCCATAGAGGGCATTACCTTCACCCAGCCCTATTTCAGTAGTGGCATTGGCCTGTTAATTCCAGGCAAACCGGTGAGTTTATGGGAAAGATTTTCGCCTTTTTTTGGCATAGCCGCTTTGTCTTCAGCGGGGGTACTTACTCTACTTTTATTTTTGGTGGGGAATTTAATTTGGTTAGCAGAACATCGCAAAAATCCTGAGCAGTTTTCCCCCCATTACCCAGAAGGAGTCCAAAATGGCATGTGGTTTGCCTTAGTTACCCTAACAACAGTGGGCTATGGCGATCGATCGCCGAGGACTAAGTTAGGGCAACTGGTGGCGGGGGTATGGATGTTGGTGGCCTTATTAAGTTTTTCTTCCATTACGGCGGGGTTAGCTTCGGCTTTTTCCACGGCTCTTTCCGAAGCTAGTGCAACACCTTTGTTTAGAAGTGTGGGGGATTTGAAAAATAAAGAGGTGGCAGTGGTGCGGGATACCACAGCGGTGGATTGGGCTAATTTTTATCAGGCTGACGTTAGGGAAACTAATAATTTGACAGCAGCCATTACCCTACTACAAAAAAAACAGGTGGAGGCGGTAATGTTCGACCGGCCAGCCTTAATTTACTACACCAGACAGAATCCTAATCTTAACTTGGAGGTGACAGAAATTCGAGTTTCCCTGGAGCCCTATGGCTTTGTGCTCAAGGAAAATAGTCCTTTGCAAAAGACTATCAATGTGGAGATGCTCAATTTGCTTTACAGCAGGGTAATTGCGGAATTTACCGAACGCTGGTTAGGGCCTGGGATTGAGGAAAATCAAGACCTTTTGCCCCAAAACATAGGAGAAAGCCCTAGCTAAACCCTGGTAAAACTTATAATACCGTTCTGGCTCTGCAACCCTACTAATTACTGTCAGGAACAGCCAAAGTATTTTTTGGACTGGGAGCGCAAACAATGCCTTTTATTGATGTTAGCCTTGGACTAGCTGTGTTCCTGGGGTTTATTTTCTCGGTAATGGCAGCTAGGTTCTTTTTGAAAATTTGGCTGCACTATCTATGAGTACCATCAAGGCCCTGTTACCGCCAAAATTCCCCCAATTACTGACTGGTTTAGCTTTACTTTCCCTGTCTTTGGTGGTCAGCACGGCGATCGCCGCCAAGGCCTTACTGGAAGTAAAAAATGCTAATGATGTATTAATAGTTACGGGGTCAGCCAAACGACCCATCACTTCTGACTACATTGTTTGGGGATTATCTGTCTCTAGTCAGCAGCCCACCGCCCAGGCAGCTTACCAGGATTTACAAAGTCAAACTGAACGGGTGCAAGCCTATCTCCAAGCAAAAAATGTGCCCACGGCAGCCATTAGTATGGGGGCGATGGAAACCTATGCCATTCCCGAAGTTACTGAAAATGGGCAGGAAACCGGGAGAACCTTGGCCTATCGTCTTACGCAACGGTTTGAAATTAGTGCCGATGACGTGGATCGTTACAGCAAATTGTCCCAGGAAGCCACCGAATTGATTAATGAAGGCATTAATTTAACGGTAGAACCGCCCCAGTATCTTTATACTCAGTTAGCCCCCCTCCGCATTGAAATGGTGGCCGAAGCAACCAAGGATGCCAAAGCTCGGGCCGAGGCGATCGCCAGTAGCACCAATAGCAAAGTGGGGGCAGTGCGGAGTGCCCAAACCGGAGTTTTTCAAATTACCTCCCGCAATTCCACCGATGTCAACGACATGGGAATCTATGACACCTCTTCCATCGAGAAAGACATCACCGCAGTGGTTTCCATCACTTTTAGTATGAAATAATTATCTGAAAATTTTACCAAGGCTGTTACTCTGTCCGTATTTTCCCTGATAATTAAAAGATCTAACCGATGAATGATTGATCTTTGTTGGTTTTCGTTCCACGATGTAAAGATTAGAGTCGATAAAAGCCATGCTGTTTCGTCAATTGTTTGATCCGGAAACCTCCACTTACACCTACGTAATTGCTGACCCCAAGGGTCGGTCTGCGGCCTTGGTAGATTCTGTTTTAGAACAAGTGGATAGGGATCTAAACTTGCTCAAAGAATTGGATCTCAAGTTAACTTTTTGTCTGGAAACCCACGTCCATGCCGACCATATCACCGGAGCGGGAAAACTACGGCAATTAACAGGTTGTCAAAACCTCGTACCCCAGTATGCTGAGGTGGACTGTGCTGACCGCCATTTGCAGGACGGGGAAATTGTTCATGTTGGCTCCATACCCATCCAGGCGATCGCCACTCCGGGGCACACCGATAGCCATTTAGCTTTTTTGGTCAATCAAACCCATGTGTTGACGGGGGATGCTCTGCTCATCCGGGGCTGTGGCCGGACGGATTTCCAAAGTGGAGATGCCGGTACGTTGTATGACGCTATCCACGGTAAATTATTCACCCTGCCGGAG
CP129343.1_gap46	1404322	1406510	2188	CGCCCCTGGATTTTATTTTCTCAGTGGTTTTGTCGGCGCAGGATTATTATTTGCCGGACTTTCTGGCACCTGTATGATGGCTAATCTTTTGGGCAAATTACCCTACAACCAAATTAAGGACTAATAACCATGGCACTCCAAGTGGTGGGCTATTTTTTGGCAAGTTGCATTGGCCTAAGTTTGGGGCTTTTGGGAGGTGGCGGCTCGGTGTTAGCCCTGCCCATTTTGGTCTATGTCATGCAGGTTCCCCCCAAGGCGGCGATCGCCATGACGTTAGTGATTGTGGGGGCCGTGAGCTTGATTGGGGTCATTCCCCATTGGCATCGGGGTAATGTTAATCTCCCCAAGGCCCTGATTTTTGGTTCAGCCACCATGGTGGGAGCTTTTGGCGGGGCTAAGCTAGCCGCTCTTCCTTTAGTGACAGAAACGTTTCAGTTGATTTTATTTGCGGTGCTGATGCTGGTGGCGGCTATTTTTATGATCCGCAAAGCCCAACAACGACCCCAGTTATCCTCCACAGAGGATCCTGATTTAGCCACCTATCCCGCCCCCATTTGTAAATATTGTTGGCTGTGGCTACTGACGGAAGGCATTGCCATTGGCGTTTTAACCGGGCTGGTGGGAGTGGGGGGAGGATTTGCCATTGTACCCGCCCTAGTGTTGCTGGGAAAATTGCCCATGAAAGAGGCGATCGGGACTTCCCTGTTGATTATTGCCTTTAACTCTGTGGCCGGCTTTTTAGGTTATTTTGGCCAAGTTAGTTTGGATTATCATCTGATGGTGAGTTTTACGTTCTTCGCCGCCCTGGGAATTTTATTGGGTTCCTATCTATCCAGTTTTGTTGACGCCAAAAATCTCCAAAAAGGTTTTGCTTATTTCCTCATGGCGATCGCCGCCTTTATTTTGTTCCAACAACGGGATACTTTCCGAAGCTCCAAAGTTAATAGCTATCTGCCCGAAATAAGCTCCCAAGTATTGCTGCAAAAAGCACAGTAGATCCAAAAGAATGAATTAACAGAATTGATACTTACCATTGATTAACAGATTGATGGGTAGGGCAAATTAGCTAACTGTCCCCGGCAATTTTGCCAAAGTAACCGAAGAACTACAATCAATGGGGAAATCGACACTTTTTAACCCATCTGGCCGTCTCGGGTTCCATTGCCCGTTCTTTGCCCTGCTTCATCATCCATGCTTTCCCTGCTCACACCTCTAGTTCTGGCCCAAGCTAATCCGATCGCCATTCCCATCACGCCACCACCGGTAATTACCCAGCCCGCCCCCACCATCGGTGACACTCCCCAAGAACTAAAAGTTGTGCAGCCAGTGCGCCCTTTGCCAGGGCAACTAGACCAAATTCCCGTTTTTAACAGTAACAGTCCTGAACTGATTTTTAACGAAGGCATTATCCTCTCCACTTTGCCTTCCATTGGCATGGGCCATCCCTATGCCCACCTAAATCATCCTTTCCGAGGTCGGTTTGATGTCTTTGCCCACCACGTTGTCCAGGCTTCCCCTGAAGGGAAAACTTTATATTTAGGGGTGTTACTGTTCAATGGCAGTCGGCAGGATGCCACGGTGGAAATTCTGCAGGGGGCCAGTTCCCTCACTTCCCCCGACGCTCTATTTATCGATCTTCCGCCGGTGGTGGAAAACAATGACGGGAATGTATTTGCTGGCCCCGGCAGTCGGGTGACCAATGACGTACTACGGGGCAAAAGACAAACGGATTACCCAGACAAATTCGTCATTCCTGCCGGCCAAAGCCGCATGTTAATTAATCAGCCTTTGCCGGTGAACTATACCCCAGTGCCTGGGCAACCACCGCCGATTCGACTACCCCGCAACGGTTTTTCCGCTTACTTACGACTTAATACCAACGTCCCCATTCATGCCGCCAGCATGGCCATGTATGCTCCCCAGAATAGCCTTGGTGTAGAACAGGCTCCCCGTTTGGCCGATTGGGAAAATTTGCTCAAAACTGCCAACCTGATGCAACCCAGGGACCGCATTCCCCGTAATAGCCAACGCCGCATTTATAGCCGGGTGGCGGGGGTTTCCATTGGCTCCCAGTGGCAAGCCACCATCACTGATGACAACAGCCAAAAGCTAACCATTCCCGAACCGGGACAGGGTTTTTCCTATCCCATTAGCGCTTTGGAAGGGGGCCGCATGGGCACCGGGCAAA
CP129343.1_gap47	1452349	1452991	642	CCATGGGAATTGCCCATGACAAGGGTAATGCCTATTTCTTGCTAGATGGCTGTGGTAGTCGAGACAGCAATAAGCAGTGCTTGGGTAATGGGCATTTAATGCGCTATGACTTTAACCGAGATCACCAGGAAGGTAATGGTTTTCATGGCGATGGCATTGTTTGGCGTTACCCAGAAATTGATTTCAAACGTGACAAAGATATACCTAGCGGAATGTTGGTGCTAGATGATTGGCTCTACTTTTCCAATACTGGTATGGGCAAAGTTGAGAGAATAGCTACTACGGAGGGAAATGTACAAACCATTGTCAAAAGTTGGTCAGATCAATACGATAAAGAACAAGTTGGCACTGGAATAATTAGCTGGGAAGATGTTAAAAGTGTCTCAATGGATGGAGATGAACCAGAGGCTATTAGTAACTGGGTAAGAACTCATGGAGATCTTGCTAAGATAGCGGAACTTGGCCAAGCTTGGATTCCTCCTATGGAAGTTCTTGCAGAATATTCTTATGTTTACAATGTGCCTCAGGAAACTTTTATTTCAGAAAATTGGCTAGACAAACCTTCGGGACTTGCTAGCGATGGAAAATCTCTTTTCGTTGCCGACTACAGCTCTGGGTGGATTGCCGCTTTCGATTTGAAAA
CP129343.1_gap48	1455682	1456362	680	GTTAAGGATCAAGGCGGTTAGCCAGAATGGCCACGGGCACCATGGGAATCATAGGTAGTAAACAGATTGCCCACTGTTGCCAGTCCATGGGAGCAGTTTTGAACAATACATTCATAAATGGCAGTTGACTGAAACCAATTTGTAAGGCGATCGCCACCGCAATGCCCAGTAACAGTATGGAGGCTTTGGTAATGGTTTGACGTTTACCCGTCACATAGCCCAGAAAACTACGCCCTAACTGGCTAATGCTGAGTAGATAAATCACCCTAGCGGCCACCAGGGCTTGGATGGCCATAGTACGAGCTAGGGCTAAGTCGTCATAGGTGCGATTAACCCACTCGAACATGCCAAAAATTAGAATCCAATTGAACAGGGATACCAGTAAAATGCGGTGCAGTAACTTTTTGGTAATTAGGGGTTCGTTGGGATTGCGGGGAGCCTGTTGCATAATGCCCGGTGATTTGGCTTCAAAGGCTAGGGGCACAGTCATGGTGATGGAGTTGATCATGTTTAACCACAACACCTGCAGGGAAAGAATGGGCAAATTCAACGCCAGTAAAACGCTGATCAAAATGGTCATGGACTCCCCGCCATTAACCGGCAGCAAAAAGGCGATCGCCTTACGGAGATTTTGGTAAACGGTGCGTCCTTCTTCCACCGCCGCTTCAATGGAGGCAAAA
CP129343.1_gap49	1634427	1638308	3881	AAGGCAAACTAAAAGCACTGGCCAAATGGGGCATTGGCGTTGATGCTATCGATTTAGCCGCCGCAAAACAGTTGGGAATTTTGACATCCAATACCCCCAATGTCTTTGGTGATGAAGTGGCCGACGTGGCGATCGGTTACCTAATTCTCTTGGCAAGGGAATTGCACTGCATTGATCAAGCCGTTCGGCAAGGGGAATGGTTGAAGATTCGCGGCCACTCCCTCCGGGGTAAAACAGCCGGCATTATCGGGGTAGGCAGTATTGGTCAGGCGATCGCCGTTCGTTTACAAAGTATGGGGCTGAAATTGTTAGGCTATGACCCACATCCCATTAGCGCCGACTTCTGTGAGCAAACTGGATTGCATCCTGTACCGCTGCAAGATGTATTACAACAGGCGGATTGTTTGTTTTTAGCCTGTAATCTTACCCCAGATAACTTTCACCTCCTGAATGCAGATACCTTTGACCAGATGAAACCCGGCGTTTGGCTCATTAACGTTGCCAGGGGAGGATTAGTGGATCAAGCAGCACTCATAGAAACATTGCAAACTGGAAAAGTCGCTAAGGCAGCCCTAGACGTGTTTGAGCAAGAACCCTTGGCGGCCGACAGTCCCTTAACCCAACTGCCCCAGGTAATTCTGGGATCTCATAATGGTTCTAATACCCGAGAGGCAGTTCTCAAGGTGAATCAGTTGGCCATTGATAATTTGGTGCGGGACTTACAACGAGCAACATCGGGAGACTAACCATGAAACCAGTTGTTCTTATCACCGGTATTGCTGGGGGGATCGGTCAGGCGACAGCCGAACTTTTTGCCCAACAAGGTTGGCTCGTGACGGGAATTGATCGTCAAGCTGACCCAAAATGCCCTTATATTGACCACTATCAACAAGCTGATTGCGGCGATCCTAAAGCCCTTGCGGCTGCCTTTGACAATTTGGTCGGGGAAACCCAAAATCTCCATAGTTTGATTAATAATGTCGCCCTGCAAATTTGTCAGCCAATTCTCGAAACCTCCCTAGACGATTGGGATCAAGTAATGGCGGTTAATCTCCGGGCCGCGTTTCTTTTGGCAAAAATGTCTCACCCATATCTCCAACAAACCCACGGGAGTATCGTTAACATTAGTTCAGTTCATGCGCTGGCGACCTCCGCCAATATTGCTTCCTATGCCGCCTCTAAAGGTGGGTTAATTGCCTTGACCCGAGCCATGGCGATCGAATGGGCCGCTGATCAGATTCGAGTTAATGCCCTATTACCGGGGGCCGTAAATACCCCCATGCTGAGGGAGGGTTTGAGTCGTGGTCATTTGGTGGAACAATCCCCCCAGCATCAACTCCAAGAATTAGGGTCTAAAACTGTGATGGGTCGTGTCGGGCAACCGTCTGAAATCGCTCAGGCGATCGCCTTTTTAGCGGACAATGAGCAATCTAGCTTCATGACTGGGCAAACTATAACTATTGACGGCGGGGCGATCGCACGCCTCAGCACCGAGTAACTTGTTTCCGAGCTCAATTCCATGACGAAAAACACAACCGTAGAGCGTTTGCCAGACGCTAATCCTTATCGGTATGGTTTAGCAGAAATTTGGCGCAGACTTAAATGGGATCTGACTCCTGAATCATGGCGATCACGCCACAGACTTAAGCAGTATGAAAATCAATATGTAGGTCAAAAAGCTGTCATTGTTTGTAATGGCCCCAGCTTGTTACAAACAGATTTTTCATTGCTTAAAAATATTTATACTTTTGGTCTAAACAAAATCAACTTACTTTTTGATAAATCTGATTTTCGCCCATCTTGTATTGTTGCGGTAAACCCCTTGGTAATCGAGCAAAATGCAAGTTTTTATAACAACACCACAATCCCCCTTTTCATCAACAGTAAGCACACATCCCTGATTAAACCTAGAGAAAACATTATTTTCCTTCACTCAACAGAACAAATTAAATTTGCTCAAGATTGTTCAATCAGCTTATTTCATGGATCAACTGTAACCTTTGTCGCTATGCAGTTGGCATTTTATTTTGGATTTTCAAAAGTTGCTCTTATTGGATGCGATCACTCATTTAGAATGACAGGTTTACCTAATGAACAAGTCACTACGGAGCAAGAAGACCCCAATCATTTTGACCCTAAATATTTTGCAAATGGTGTTCAGTGGCACTTGCCAGACCTCTTAGGAAGTGAAGTAGGATATACTATGGCTAAGTTTCATTTTGAACACAATAATCGAGCAATTTACAATGCGACAGAAGGTGGAAAGCTAGAAATTTTTCCTCGATTGTCGCTTACAGATTTCATAGACTTGTAATTCAGAAAAACTAATTGAATTTCCACATTTATCTTAATACAAAGAATTAGTAGATTCCCAAGATACCTAGCGTAAACTTCTCAATTGAAGACAAAGAATATTATTAATTCATGTTTTTCATGCAAAATACTAAGTCTATTTATATTATCATTCCAGTTCATAATCGTCGAGAAGTTACATTACAATGCTTGACAACTCTAAAGCTTAACGAGGATTTAGATCAGTATAGGATTGTTGTTGTTGATGACGACTCAACCGATGGCACAAGAGAAGCTGTTAACGCTCAGTTTCCACAGGTAATTGTTTTAGAAGGAGATGGTAATTTATGGTGGACAGGAGCAGTCAAGATGGGAATGAAATACGCCTACGAACAGGGTGGTGAATTATTTATCTTGCTCAATGATGATTGTTATCCTCAAATGGGAACTATTTCTAAATTACTAAAAAAAATCGACGAAAATCCTAATTCAGTTATTGGCGTTCAATGCCTTGATCCAAAAAGCAAAGAACCAAGCTATGGCGGAATCCTTACAAATAATAATAAATTACAAGTCGTGAAAATTTTCCATACTTTTAATAGCATGACTGATTGCGACGCTTTAAATGGTAATTTGCTGGCAATTCCTCGTAATATTGTTGATAAAGTTGGCTTTCCTGATGCAAAACGATTTCCTCATCATTTTGGAGATTTTGTTTACACTAATCGAATCAAAAAAGAAGGCTATAAACTTTTTTTATGTAATGATATAGTGGCGTTATGCGAATACCATTATAATGGCTTGTCAAAAAAGTCCAGCCAGTTTAACCGTTTTCAAGAGCTATTTACTCCTACATCTCAATTTTACTGGAAAACAGAAATGAAGGGTTATATCGAGTTATTTGGTATTAAGGGCATAATTATATATCTACATAAGCGTTGTTTATTGTCCTCATTAAAAGTGATTTTTTTACTTCTCGATCAAAAACTAACTTTGTGATACCCCCTACTACAAATCCCTATTCTATCTCCACCGCATCAAAAGCTTAATCAAAGAAATCGGCAAAACTTGGCTACCCTAGCCCCAATTAACCTTGTCTGGCCCATAATTAAACATAGAACTACATCGATTATGGCTCCTGATGTTAACATCAGAGAGAATAATAGAAACCGCATTCCCTCCTAGTAATCCGTCCGATTATTTTAGCAATCCGGTCTTTGCTGACCTAGGCAAATTAGGAGAACTATTATCATGAATGAGCTATTGGAATTTACATCGCTAGTCTGGACTATCCTAACGTCAGTGGTGCTGAACACCTAGAGCTATTAAATATTCGGGATCAAATTGGAGAAATTGTTAACATATTTAGCCTACGAGAAAAAAGAAAATTACGAGAAGCAGATAAAAAATGTTAATTAACATGGCAACTACTTATCAAAAAATTTCTCGCTTTATTGATTTATCTAACTATCGAAATGAGCATGAGATTTCCCCCCATCAATGGTGGTGGTATTTAGATGTTTTATCCTTTCTTCCTGATGACATTAGCTCCAATGTAGCCTGATCAAAAAAACTTAAAACCTAGACCT
CP129343.1_gap50	1657965	1659287	1322	GTCGGCTACCAAACAGGCGGCCACGTCGTCTTGGGTGGACAGGGGGTTACTGGCAATGAGCAAAGAATCAGCGCCACCAGCATGCAAGGCGATCGCCAAGTTAGCGGTTTCGGTGGTAACGTGACAGCAGGCCACCAAGCGGATACCGGCGAAGGGTTTTTCCTGGGCAAAGCGTTCCCGGATTTGTTTTAACACGGGCATTTCCCGGGCCGCCCATTCGATGCGCTGACGACCTTGGGGAGCGAGGCTAATATCTTTAATATCGTATTTCTGTTTAACGGGCGTTGCTACCATACGGGGTAATTCCTAAGAACTTTGCTTGAATGTGATATAACTTAACATTTTATCGGTCTGGAATGGCGATCGCCCCTTTGTCCATTGACAGACGGTTAGCGCAGGTAGGCAAAGCTCTAATCTGATCCTAAATTTTCCTACCAAAGCTCTGGCAACCCTGCAGAACTTTAAACCTATCCCCCTAGGCTTGGGGCCAGGGGACTTTTCAAGCAACTCCTTGGGGCACTATTTGGAAATGTGATAATGGGAGTTATAATTCGCCTCTCGGAGAAAAGTTGAAATGCACTCATTGTCATCACTGGAATTTCCTGAGCTTAAAAGTGTTATTGCCCAATGTAATCTTGAAGAAAAACTTGAATTATTAGAACTTTTGGAAAAGGATACTTTTGGCACCAGATTTAACAAATTTTTAAATTCTGTCAAAACTGACGAATTAACCTTAGAAGACATTACACAAGAAGTTGAATCGGTCCGGCAAGCTAATTATCATGAACAATGAAGTTATCCGGGTTGTAATTGATACGAATATCTGGATCAGTTTTCTAATTGGAAAAACTCTTCAAGGTTTAAATCAAGCCATCATTGATAACCAAGTGGTCATTTTATTCAGTGACACTTTGTTTACTGAGCTGATGGAAGTATTACACCATCCTAAATTCAAAAAGTACTTTTCCGGAACAGCCATCCAAAATTTAATCGCACTGTTAAACGAAAAAGTTGAATTGGTTGAAGTGAATCTTCATTTTGACAGTTATCGAGACAAAAAAGATAATTTCTTGCTGGATTTGGCAGTCTCAGGCAATGCAAATTATTTGGTGACGGGAGATAGTGACCTATTGACATTAAACCCATTTGACAATGTAGAAATTATCTCCTATCAACATTTTCAAGCTATTATTTTAGCCATGATGGATAATCAGTAATTATTAATCGATGGATTAATATTTAAATTAAATATCATTCACAGCGGTGATTTTTACCTCCGTTTCTAGTTCCGATTGCACCGTCAAACCTGTTTCCAGGAAAGT
CP129343.1_gap51	1695678	1697053	1375	ATTGAGAGTCGTGGAGCTTATATTCCCCCAAACGATTGGGCGTAAAACTAAATTCAATTTCTCGGTTGGGCACAATGTCCTGTTTAATGCGGAAATTAGGCACGTAAAACCCATGGAGCACATCTTTGGAGGTCATATTCAATGTTACCCGGCGATCGAGGGGCAAATGCAATTCATGGCTAGTTACCCCCCCATTGGGATAGGTGAAAGTCCACAGCCATTGTTTAACTTCTACGCCAATCCTTTCGGGGTTAATATTGCTTCCTTGGGCCATGGCTAGTTCCGCTGGAGCATCGGCGGCGATCGCCTTTTCCCCCAGTAATTGAGGCACTTCCACCACGGGTAAGGGGCCGAGCACATTCATTCGTTGGTAAATGACATAGCTATACCAAGCAATCCAGGTCACCAAAATAATCGGCACCACTGTCCAAAAAATTTCCAAACGGGCATTACCCCGGATCGGTGCCCCCTGGGGATTCTGCAGGCTGAATCGATGGAAAATAACCGAGTATGCCATGGCCCCCGCCACTCCCAAAAAGACCACGCTACCAAGGCTGACCAAAAAACTAAACAAATCCCCCACAGGTTGTGCCTCCTGGGCGGCGGCAGGGGGTAGCCATTGGTAAGCTCGCTGTCCCAACCACAGACTAGCTCCCACGGTAAAAACAATGTAAACCGCCAATAGGATGAGATTTTTGCGACTCATAGTTAATCACTCTGGTTAGCCGTGGTCTAATGGGGAAGCTAGATTAGCTTAGTCTGCCAAAGGCAGAAATTTGGTTGCTGTGGAAACATCAAAGCCGGGTTGTGGTTTAGCCCTGGATAATGACAAGCAAAAACCTTGGTTAGGCCTAATGATAGGCAACTCCCGTCTGCACTGGGCATATTGTAGCGGCAATGCTCCCCTGCAAACCTGGGTTACAGATTACAACCCCAAGTCAGCTCAGTTGCCGGTTTTGTTGGGGAAAGTTCCTCTGATGTTGGCATCGGTGGTACCGGAACAAACCGAAGTTTGGCGAGTATATCAGCCTAAAATTTTGACCCTGAAGAATCTTCCCCTGGTCAATCTTTACCCCAGCTTTGGCATTGACCGGGCCCTGGCTGGTTTAGGGACGGGGCTGACCTACGGCTTTCCCTGTCTAGTGGTTGATGGAGGCACTGCTTTGACCATTACAGGGTTTGACCAAGATAAAAAACTGGTGGGGGGAGCGATCTTGCCCGGTTTGGGATTGCAGTTAGCAACCCTTGGCGATCGCCTGGCGGCCCTACCGAAGTTAGAAATGGATCAATTAACCGAGTTGCCTGACCGTTGGGCTTTAGATACCCCCAGCGCCATTTTTAGTGGTGTTGTCTATGGCGTGTTGGGGGCATTGCA
CP129343.1_gap52	1706149	1709091	2942	CTTTAAAAAATATTTATTTATACTTTGGGGCACCGCTAGTTGGTGTGGGTTGGAAACTCTTTGGAGTCATTCCATTCTCTGGTGGAGTCCTGTGGCCTATACCCAAAGCCCTAGTCAGTTACATTTTTTGCAGTGGGGAGCCATTGGTGGCCCGGCTTTATTAAGTGCTTTTATTGTGGCTGTTAATGGATTTTTAGCTTTAGGTTTAATTGATTTTTTAGACGGTAAAACTGTTAACAAAAATAAACAAAATTGGCATTATTTTTTAATTGCTATTCTCATTTGGTTATTCTGTCAAGGAGGAGGTTGGTTACTCTATCAAAAACCTTTAGCGGATACACCGGAGGAGAAAATTAATGTGGGTATTATCCAGGGGAATATTCCCAACCAAATTAAATTTAATAGTGAAGGTTGGCAGCGGGCGATCGCCGGTTACACAGAAGGTTACAAAAAACTAACTGAGCAAGGAGCAGAAATAGTACTCACCCCGGAGGGAGCCTTACCCTATCTTTGGGAAACGGTGGTGGCCAAAAGTGGCTTTTACCAAGCTATTTTACAAACCCAAGTGCCGGTGTGGTTGGGGGCCTATGGCACTAAAGGGGATGGTTACACCAATAGTTTATTGACGGTGGATGGCCAGGGAAAATTGCTTGGTCGTTACGATAAGTTTAAACTAGTACCCCTGGGGGAATATATTCCGCTCAGTAACGTTTTTGGTCAGTTGATTCAACGGCTTTCCCCCCTTAAAGAACAGCTACTCCCAGGCGATCGCCCCCAGGTTTTACCAACTCCCTTTGGGCCAGCGGCGGTGGTGATCTGTTACGAATCTGCCTTTCCCGATCTATTGCGTTCCCAACTGTTACAGGGAGGGGAATTTATTCTTTCCAGTGCCAACAACGCCCATTACAGCGACACCATGGCGGCCCAACACCATGCCCTAGACGTGATGCGGGCCATTGAAGGCGATCGTTGGTTGGCCCGGGCCACCAACACTGGACTTTCGGCGATAATTAATCCCCGGGGAAAAACCCTTTGGTTATCGGCCATGAACCAGTATGAAATCCATGCTGCCCCCATTTACCGTCGCCGGGGCCTCATTCTCTACAGCCGTTGGGGGGACTGGGTAGTGTTTTTATTACTGGTTGTCTCGGCGATCGCCTGGCTTTACCAAATTGTTTTCCCACTTAACCAACGGTGAAAAATACTGAAAACATAATGGAATTAATTTTATACAGCAAGCCCGGTTGCCATCTTTGTGAAGGATTGATGGAAAAATTAGCCCAGATTAATAGCCTAACCATTGAGCTAGAAGTCCGTGACATCACCACTGACGAACAATGGTGGGCCGCCTACCAATACGAAATTCCGGTATTAGTGTGGCGATCGCCGACGGGGGAAATTACTTTGCCGAGGCTATCTCCCCGGGCCCCTGTTAGTCAATTGGAAAAGTTACTGCAACAATACGTTAATGGCTGATTTCCCTGGGTAATGGAAAGGGTAGGCTTAGATTGAACGCAACGGCGATCGTTCATTGCGCCCCCCAGGGACAACGGATGAATAAGTGGTTTAGTAAAAAGTTTTTAGCAACGGATATTCGGGCTCCCCATAATTTCACCGGGGTGCATTTGGCTCCCCCCCAATGGTTGAAGCTGTTTTTTTTGCTAGGGGCGGACTTTACTGCCCTACTGGTGGCTTGGATTGTGGCCCACCGTCTCAATGATTTTTATTCCCCGCCCCCCCCGCAATTTGTTTGGTGGAACTGGTGGGGATTGCCCAGTTTATTTTGGTGCTATGCCGCCATCGTTTTGATTGTTTTTACCTACGCCGGTTTATACCGTCCCCAGACCCGCACTCAAAACTTTCTCGGAGTTGTTAAGCTGATCAGCTCCGTTTTTTTGCTGACCCTGGTGGCCAAATATTTTTACGATCCGGCGATCGACCTGCCCCGTTCCCTATTTTTTTCCGCTTGGGGCACCAGTATTATTTTTGTCATCCTAGCCCGTTTTGTAATTAGCCTAGTCCTCAGTCCCCTGGAAAGTCGTCAAGCCATTCCTATTTTTTTAATTGCTAGCTCCTGCCGTATTCAGCACCTTACCGTTACTTTGGAACGGCGTTCCCAATACCGAGTGGTAGGAGTTGCCTTGGCCAGTACAGCCCACAGCCATCACACTCTGCAACAAATTCTGGCATCCGGGGCCCAGGAAGTTCTAGCGGAGGCTTTACCTGAAGCGGATTTAGCCTCTAGTTTGTACTGGCATTTACGAGGGGAAAACATTGCCCTAAGACTACTGCCCTCCAGCCGGGATATGCTCTACCGCCGGGGCATGCCGGAGATTTTTGCTGGTTTACCAACGGTGCGGGTGGAAATTCCTTTATTGGTGGGGTTGGATTACCGCCTCAAAAGAGCTTTGGACTATGGTGGAGCGTTATTTGGTATTGTGGTGCTTTCTCCCCTATTTTTGGCGATCGTTATTGCCATCAAACTATCTTCCCCCGGCCCAGCTTTTTTCCGCCAGGAACGGGTGGGGCTCCAGGGTAAAACCTTTCAAATGTGGAAATTTCGCACCATGGTGGTCAATGCCCCCCTGCTTCAGCAACAATTAGAAGCCGCCAACGAAAACGATGATGGCATCATGTTCAAGCTCAAACGGGACCCCCGCATTATTCCCCTGGGGCATTTTCTCCGCCGCAGTAGTTTGGATGAAATCCCCCAACTATTCAATGTGATGATGGGGCAAATGAGTTTGGTGGGCCCCAGGCCTCTGCCCCTGCGGGATGTGGAAAGGTTTGATGCTTGGCACCATATTCGTCATCAGGTAATGCCTGGGGTAACGGGACTTTGGCAAATTTCCGGGCGATCGGATATCGGTAGCTTTGATGACGTAGCCCGACTAGATTTGTACTATATTGATAACTGGTCATTAAATCTTGATTGGGACATT
CP129343.1_gap53	1719951	1721148	1197	CCAACTCTTCAATGGTGAGATTTTGGTCTTTGATGTAGGGCTGGTCTAGCAAAGATAGCTCCTTGAGGCGTTTATCAATGCGCCCTTGGACAATCTTTTCTTTGATATTGGCGGGCTTTTTGCCCAGGTCGTCGCGCCCCATTTCAATTTCCTTCTCTTTAGCCACCATTTCCTGGGGAATGTCGGCTACGCTAACGTACTCCACATTGGGACAAGCGGCAATCTGCATGGCCACATCGTTAACCAAATCTTTAAAGCGATCACCCCGGGCGACAAAATCAGTTTCGCAGTTAACTTCCACCAACACGCCAATGCGGCCACCAAAGTGGATGTAGCTATGGACCAAACCTTCGGCCGCGGTACGGCCAGATTTTTTATCAGCGGAGGCAATGCCCTTCTGCCGGAGCCATTCAATGGATTTTTCTAAATCACCCTCATTTTCCTTTAGGGCTTTTTTACAGTCCATCATGCCTGCGCCGGTTTTTTCACGCAGTTCCTTCACGAGTTGAGCGGTAATTTCTGCCATGGTTATCGTTCCTAATCAGTTTTTCTATGATTGCACGGTAATTATTGGGCTAAGGGAAAAAAGTGATGGTCAACACCAGCTATATTTTCCCCTAGTACTGGGACTGGGTTTGCCCTGCCCCATCGGTGAGAAAAAGGAAAAAAGGGACAAAATCTAAGCTTCTGGAGTGGCTGCAACTTCTGCTTCGGCCGCTTCTTCCACTTCCTCAGCGGCTTCTACTTCTAGATTATCTCCATCCAAACCTTCGTCAAACTCTTCGTAGTCATCGCTGACATCCGGTTGACCATGGCGACCTTCATAGATTGCATCGGCCAGTTTGCCCACAATCAATTTGATCGAACGGATGGCGTCATCGTTAGCGGGGATAGGCACATCGACCACATCTGGGTCACAGTTGGTATCCAACATGGCAATGATGGGAATACCGAGCTTTTGGCATTCATGAATGGCGTTATGTTCCCGCCGTTGGTCCACGATTACCACCACGTCGGGGAGCTTGCGCATATTTTTAATACCGCCCAGGTATTTTTGTAATTTGCCCAATTCCCGCCGGAGCATGGAGCCTTCTTTTTTACCCCGACGGTCAATGCCGCCACTGGCTTCTAGGGCTTCCAATTCCTTCAGGCGATCAACCCGTTTGCGGATGGTTTCCCAGTTGGTGAGCATTCCCC
CP129343.1_gap54	1824992	1829509	4517	TCTGGAGAAGCCCCGTTGGTTCACCGTTAAAGCCAGTTTTACCAGGGAATTTGCCCAGATGATTACTTTGTCCACCCTCAAAGCCCAGTTTAGTCCGGAGGAATTAGGAGTCCTTAAAAAAGGGAACCGCCTGTCGGTGTTACCCGTCTCCCCGGCGATCGCCAATCGAATTTTAGAGTTAGCTTAATCCATGAGCAATGATACAATTGGAGACTGTGTCTTTTTTTGTGGAGTAACGGGTCATGACTCAACGAACCCTCGGCGGAACCAACCGCAAACAAAAACGTACTTCCGGTTTCCGGGCCAGAATGCGTACCCATAACGGCCGGAAAGTTATCCAGGCCCGCCGGAGCAAAGGTCGTCATCGCTTGGCTGTATAGTTTCCTTCCGTGGGACTACCCAAAACACTGCGCTTAAAACACTGGCAAGATTTCCAGACCGTTTATCAGCAAGGAAAGCGACATCGTCACAGCAATTTACTAATGCGGGTTCTAGGCGATCGCCAGGCCGACCATAGCCGTTTTGGCATCACCGTCAGCCAAAAAGTTAGTAAAAAAGCCACGGTTAGAAATCGTCTAAAACGTCAAATTCGCGCCGTCATTAACCATTTTCAGCCCCAAATCAAGCCGGGTTTTGATGTGGTGATTATTGTCTTGCCCCAGGGCATTGGGTGCAATTATGAACGTTTTTTGCGAGAATTAGAGCAGTTATTTAGCCAAGCTGGGATTATTGACCATGGGCATTCGAGAAACCACTTATTATGAGGGCGGCCCCCACATCGGGGACTTGATCGTCAATATTTTATTGGGGTTCACCGTCATCTTTCTCCCTTTGACCGTTGGGGCGATCGTCCGGGCCATCTGGCTTCGTTACAAAATTACTGATCGCCGTATTTCTGTCACCGGCGGTTGGATGGGTAAAGACCGCACCGACATCGTCTATGGCGAAGTGGCGAAAATGATTAAAATGCCTAGGGGGATAGGCCTCTGGGGGGATATAGTTGTCACCCTCAATGACCGTTCTCGGCTAGAGCTGCGGGCCATGCCTAACTTTCGGGAAGTCTATGACTATATGGCCGAACGGGTCGCCGACAAAACCGGTCGCCCCTTAGAAGCTATCACCCAGCAGTAGAAACAACAGTAATTAATGATATTAATCAAGCACTGGAGCCATTGAGCCCCCCAGTCTTCCCGGCAACCTTGGCAATATTTATCTAGAGAGCTTGTTAGCAATGGATTTTGGTATCGGTTTTATTTCGACAAATATCATGCTGCCAATCCTGGATTTTTTCTTCGGGATTGTACACAGTTATGGTTTTGCTATTATTGCCCTCACACTAGTAATTCGTTTAGGGCTTTATCCCCTCAGTGCCGGCCAGATTCGCAACATGAGAAAAATGCGAATCACCCAGCCCCTGATGAAAGAGCGCCAAGAAGAAATCCAAAAACGCTACAAGGACGACCCAGCCAAACAGCAAGAAGAAATGGCCAAGGTCATGAAGGAATTTGGTAATCCCCTGGCCGGATGCCTACCCCTGTTGCTGCAAATGCCCATCCTGTTTGCCCTATTTGCCACCCTGCGGGGATCTCCCTTTTCCGATATTAATTACACCGTTGACCTGCAAATATTACCCCAGGAACAGGTAGAGCGCATTGTTCCCCAAACTTTCTCCACGAAACCCCAAAATATCTACGTAGACGAAGCCCTCCATTATCCCATTGCTGTTTTCCTGCCCGGTGGCAAAATGCTTGGAGTCGGGGAGAAAACCCAGTTGGAAATTCAGAGCACCGAAGGCAAAGCTTTTAACCAAGTAATCCCCGAAAAAAATAGCCAAATTTTAACCCCTACCTATAGTGTCACCAAAGGTGAAGACCGCATTAGCGTTAATCCCGACGGCACCATTGAAGCCCTAGTACCGGGGGATGCTACCGTCCAAGTAACTATCCCCGGCATTGCGGCCCGCACCGGCTTTCTCTTCATCAAGGCCCTGGGGCAAGTGGGAGTAACTGGCGAAAACGGTGAGATCAACTGGGACATCCTTGGCATGATTGTCTTCTTTGGCTTCAGCATTTATCTCAACCAAGAATTGTCCGGTGCCTCCGGGGGAGGTGCACCCAACGCTCAAGCCCAACAGCAACAGACCATCAACAAAATTACCCCTATTTTGTTTAGCGGCATGTTCCTGTTCTTCCCTTTGCCGGCCGGGGTTTTGATGTACATTGTCATGGCCAACGTCTTCCAGACAATACAGACCCTCATTCTGATGCGAGAGCCGTTACCGGAAAACCTGCAAAAGTTGTTAGATGAACAACAAAAAGCCACCCAAGGCCGGGAGTCCCTACCCTTTGAAAAGAAAAGCAGTAAAAAGAAGGAAAAAACCTCGTAAATTTTTAAACCATAAGTCTTCACCTTTCTCAGTAGAGATGGAGGCTTTATTGTGATTGCGGAAGTTAAATTGAGACCTGAATATTGACGATGGAAAAAATAGTTACCCAAGCCCAGAATTGGCTCGAAGAACTTCTCACTCTAATGGGTTTTCCCAGTACTGTCACCGTAGCAGAGGATAAAGAAAATACTTTGGTGATGGGCCCTTGGTTAGTCATTGAGGAAAAAAATCTATCCTCAAGCCAGATTGAGCGGTTGCTAGCGGAGAACGGTTTGGCTTTAGATGCCATTCAGTATTTACTCAATGCTTCTCTACGTCCTGCCGTGGCCGACGGTGGCATAAACTTTACGCCCATCACGGTGGAGTTGGCAGAATTTAGGTCTCGTCGCCAGTCGGAGTTGATTTCTTTATCGGAAATGGCAGCCCAACGGGTACGGGAAACCCTTGAGCCAGTGGAGATGGAGGATATGACTGCGGCCGATCGCCGTCAGGTCCATAGCTTTTTTGAAGATTCCCAGGATTTGGAAACAGAAAGCCAGGGCTATGAGCCCCACCGCCGCTTAGTGATTCGCCCTCGACGTTAGGGCTGAGGAACCTTAAAACATTCTGAACTTCCCACTACTTACCTGATGTTAATTGGTTGGGTTATTTCTTTTTGCCCCCGAATAACCCGCCCAAAAATCCCCCTTGGCTGGACTTGGCTCCCTCCTGACTACTGCCGGAACTAGTGTGCTTGGCCAATTCTTTTTTCGCCGCCATCACTTTAGGGTCATTGGGGTCTAACTTCACTGCTGAGCCAATGTGAACCTTGGCCATGGTCATCATGTTGTTCTTTAGATAGGCCATGCCCAATAAACAATGAGCCTGGGCATTTTTGGGGTCGGTTTTCAGGGCAGATTTCAATTCGGCAATGGCCTTCTCATATTGCCGACGATCAAAGTTTTCCTGGGCTCGCCGTAAACTCTTTTCAAAGGGAGAAAGTTCTTCCGCCGGGGGATTATTGATGGGAGGGGTTGGGGTTGGGCCCTGGGGCGATCGTCCTGAAACCACGGGAGGAACCGTTTCTTTTGAAGACGCAATAGTTTGGAACACAGGGCGGGCAGAAGCATTTTCCCCTTTCACCATCAAAAAAATCAGATTGTATTCGCTCACTTGGGCAATCTTGCGAAAAACCGTTTTAAAGTCTTCGTAAAGCCCTTTGCTCAGGGGGGTGACCACCTTGCGGTAAACCAATTCCAAATTTTGCTTTGCTCCCTGGAGTTTCTGGGACTCTGCACTGCTAAAGCTCGGTTGCCCTATGCTAGCTAAGTTGCTCACTGTCTGCTGGATGATAAGCAAGTGTTCTTTACGGTCGTTCTCTCGGCTTAAAACTTCATAGGCCGGGTTAACAAACTTGGAGAAAAGTTTTGCTGCTAAGGCTTGCTCTTCTTCGTTGGTAGCTTTTGATGTGTCGGGGTGTAGTTGGAAAGCAATCTTGAGATAACTTTTACGAATTTCTTCGGGAGTCGCATCCAGAGGACAGCCAAGAATGGCGTGGTGGTCAACTACGTCATAATTAAACAGTCCTTGCTTGATGGGAAACGAGCTCATAAAAATTACGGGAGGGGGGCATTTCTATCCCTTTCTACTCCATTATTCCTCAGAAAGAGAAAAATACTCTCAAATTGTTAGAAACGTTCACCAAAGCTTGACCCCTAATTTCTCTTGAGCACCAAAGCAATCAAATTTTTTGTGCTCTAGCGGCGGCGTACTGCTGGAACCATTGGGGAGTTGCCGCCAGGGCTTGGCTCAGTTCCTGGTGAATTTTCCCATTGGTGGCCAGAATGCGCCCAGTGCTTAGATCCAGAGGAGAACAATCATAGGCGGAAACTATTCCCCCTGCTTCCCGCACAATGACAATGCCAGCGGCCATATCCCAGGGATTAATCCCCCTTTCCCAATAGCCGTCCAAACGACCGCAGGCCACATCGATGAGATCGATCGCCGCTGAGCCACTGCGCCGTACCCCTTGGGTGAGATGGGTGAGATAGCAAAATTCTGGATAGTTGTTATCTAAAGTTTTCACTCGGTCGTAGGCAAAACCCGTCACCAGTAAACTTTTATCCAAGCTGGCGGTGGTGGATACTTGGAT
CP129343.1_gap55	1831588	1835400	3812	AGATGAGCTCGCTAGCACGAGCATTGCCGTTGATGCCAGCTTGCTTAAATAAAATAATTCATCCGGCAGACTGTTCTGGATTTTTGATTCTCTGTTCCAATTCATCAATGGTTTTCAGAAGTAACCTTTTAGCCTGTAATTTCCAGCCCCACTGTTGAATTTTGACCGCTATGGGTAAGGCGATCGCCGGAGCCAGAAAGTCCAACGGTTGTTGCAGGGAAATACCAAATAATAAGCCCAAGCCTGCAATACCCCAAAAAGGTAGGGCAGCCGTTTGACGATTATCTTCCACTAACCGAGGCAAAAATCCCTGGGGCATAATTTCTAGCACCTCAGCTTTTAACTCCTGCTGTTGTTTGTAGTTGAGAGATAAAGCCATCTTGCGACGAATTTTTTCTATTTTGCGGGCCTCACTGCTGTATTCCGTCAGTTCATCCTCCGCCATCCGCACATAGGTTTCTAAATTGGCCATGGGCTTACCTGTTACTGTTACCTTTTTAATTAATTGCTCAAGACTCTTCGGCAGAGGCTTTTTTTCTAGGAGCCAAAGGGGGTAAAGCGCACTGGAGCAGTGGGTACTTGTCCCGATTGACAGACTTGGAAACGACCCATGAGGGCAGTGTATTCTAAGCGCCCACCATTAATTTGGTACTCATCCCTGGGGCTAGGTAGATGGCCCGCCGGGGCGTTAAGGGTGAAGTCCAAATTTTTCTTGAAAATGACCCACTGGTTCTCTTTACGCCAGCCAATGCGATCACCAAATTGGTCGTAGGACTCCGGTGACATTAATCTACCGGGGCGATTCCCCGTGGCCAAAAACGCTTCCAATTGGGGAGTGAAGCCAAAACGATTGTTGGAATGTTGTAACCATAACTGATCAATGGTTTTCAGATCCTGGCAGGGAATTTGCTCAATAGTGTCGGTGGTCAACCAACCCTGGAGTGTCCGATTGGTAGCGGCCAACAGCAGGCGGCGGGTAATTTCATTGGCCTGACTAAACTGCTGGGATGCTAAGGCCGTTTCCAAGGGCTGGAAATTTAGTTCCACCTTGGGGATCGGGGTGGAAGTATTATTCTGGGGAGCCGGGGCTGTGAACTGGGCCCTAACTAATGGGGCCGTTGTCACCAAGCTTCCTAATAGAACTGTCGCGGCAAGTTTCAGCAAATGGGTTGCGGTGGTCATAGTCAAAGGCAGTCAAATTAGGGCAAAAGCTAAACACCGTTGGCGCATTTCAGAATACCACGGACTTTTAGCTAAATACATGGGAACGTTCCTCCCTAGTGTAGCGAGGAAAAGACTTGCATTAACTGGCGATCGCCCCCAATATGGATCCCTGGGGACTACCGCCTGCCCCATATCTATCTAAGGCAATCTAAGGCAATCTAAGGCAATGACCATGGTGGCCAGTTGGACTCGAAACCACATTTTAGACCTAACCGATTGGCGGGGCGAAGAATTAGACATTGTGCTACAGACCGCCACCACATTCCAGCAAGTACTGAGTGGACAAACAAAAAAAGTACCTGCCCTCCAGGGACAAGTAGTCACCAATCTTTTTTTTGAGCCATCTACCCGCACCCGCAGCAGCTTTGAGTTAGCGGCCAAGCGCCTTTCCGCTGATGTGATGAATTTTTCCCCTGGTACTTCTTCCCTTACCAAGGGAGAGACTATTTTGGACACCGCCAAAACTTACCTTGCCATGGGGTCTGACATTTTTGTTATCCGCCACCAACAGGCCGGGGTGCCCCATTTCATTGCTTCCCAAATGGACCGGCTCCAAACCGGAGTCAAGGTACTCAATGCGGGGGATGGGCAACATGAGCATCCTTCCCAAGGATTACTGGATTTATTTACTATCTGCTCCCAATTTGCGCCGGACAATCCTGCCATTCAATGCCTCCAGGGAAAGAAGATCGCGGTGGTAGGAGACATTTTACATTCCCGGGTGGCGCGTTCTAATCTGTGGAGTCTAACTACCGCCGGGGCTGACGTGCATTTAGCGGGGCCTCCCACCCTGTTACCAAAGGAATTTCAACAATTAACCCTAGCGCCGGGATCGGGTAAACTCCATTGTCATTGGCAGTTGCAGCCAGCCTTGGAAGGGGCGGATATAGTTATGACTTTGCGGTTGCAAAAAGAACGGATGACAGCCCATCTTTTACCCAGTTTGCGGGAATACCACCATTATTTCGGCATTACCCACGATCGCCTAAAGGTGTGTCAACCAGGGGTAAAAGTGCTGCATCCGGGGCCGGTGAATCGGGGGGTAGAAATTAGCTCCGAACTGATGGATGACCCGGACATTAGCTTGATCCAAGACCAAGTAACCAGTGGAGTAGCCATCCGCATGGCTCTACTTTATTTGCTAGGCACTGTTCAGGAATAGGAGTAAACGGAGAGAGAGGGATTCGAACCCTCGATGGAGCTATAAACCCCATAACTCCTTAGCAGGGAGCCGCTTTCAACCGCTCAGCCATCTCTCCAGACTGACAGTTCCATATCATAGCAAACAATGACGTCTTCCGCCTTTTTCAACCGGCAATTTCTACTCCCTTTGATGCGGAGGATAATTCGGAGACTTGACGTTGGTGTTAAAAAATCCAACGTTGAATACCAAAGTAGTTCCCAGTTACTGATTTTTACCACTTTCTAAGAGTTGCCGGAATGAACTCCAACTGGTTTCGTTGGGACGCTGGTCAGATAAGGGTGGCGGTTCAACGTACTCGGGAAAGTTAGTGGTAATTTCCTTCTGCATTACTGCCGACAAATCATCGAAGCTGGCTAATTTACGCCCAGCGGTGTTGAAGTATAACAACCCAACTCGATCGCCCATTTCCATCCAAGGTAACCAGTTGGAAAGCCTAGCCCAACCAACGGAGGCCGGGGCTGAGGTCCCCTGGGGATCCGTCAAAGCGTCGACATCACCAAAGAAGTTGAACATCTCCGTGGCGTGATAGGTTCCCCCCACATAGCGCTGAAATTTCCCTCCCAAGGGATTGGGGTAAAACAGGGGCACGGTTACGTTCATCCACCATTGGTTTCCTAACACCGTAAGTTCCCTGGCGATCGGACTGCCGTCATTGTCCTTTAAGCGATAGCTAAAATTCACCGGATCGTTGGCCACATGAAAGACTTCGACTGTTTTGCCAGTCCAGGGATTTTCCCACTGACGTAACACTTCTCCGGTAACGGGATCTTTGTAGAGTAAAATCTCCCGGCTCACCATGCGAAAATCTTCGTCATCATGGCCATCTGCCAGGGGGCCACATTGGCGGATATTCATGCCCTCCACCAGAAAAAGCAAACGGTCTGGCTCTCCTGGAATCCGACTATAGGTTTTACCTTCCCACCAGTAGATTATCGGTTGACCATCTTCCGTCGAGCAGAAAACCTTCCGGAGGGCTTGCAGTTGACCTTCTGGTTCACCCAGTTCCAAAGCTTGGACAGCAGGGAATCCCATACCAGCCACCAGAAGCACTACGGATAAGGGGGAAAGGAAAGCAGAAAAAAATCGTGGCATGGTTAATGCCATAGTTTGTGCCTCAATAACAATTAATAATTAACGCTTGGTTCTTAACTTTGTTTCAGCTCAAGGGCATCCTCCGTAGCAGCACCGTGGACCGTTTTCACCCACTTGAGTCGTTTGGGGCGAAAAGCCATGCGGGCGGTGACGGCGGGCATAATGATCAGCCAGTGGAACATATAAATGGTGCCACCGATGGTGCGAGCTAGTAGGGCCGGCATTTGTTGCCAAGGAGATTCGCCTTCGCTGGGAGTTAAGCGCTTTAGTCCGTAGTACATGCCCCAACAGG
CP129343.1_gap56	1865208	1869614	4406	GGTTTAGGTATCCGGGAAGCCTAGCGGCTTGGTTTGTTCACCTTGCCCACACCTATTGCTTCACTCCTCTCCTTGTCCGATGCCATACTCCACTGAAACCATCCCATGTATAGCCTAGATGTAAATTTTCTCAAGGATCGTAACTCTGACGTTGTTCGGTCGACCCAAACTACCACTATCACCCTAACGGGGGACGATCTACAGAAGCAAATGCCGCTTTATATTGGGGCGGGGGTGATGGTACTTTTGCCTGCTTTGGCGGGGTTGGGAGTACTGCTAATCAATTGGCAAAAGGGTGTTGCTCAAACCAATATCCAACAATTGGAAACGGAGTTATCCCAGCTACAGGGGGAACAGCAAAAAATCCAGGAAGTTGAGGCAAAAACGGCGGCGGCTCACCAAGAAGCAGATGGGCTAATTGGCGTTTTTAATCAAATTAAACCTTGGTCAGCCCTGTTTCAGGAGATAACTAATCAGTTGCCCCAGGAAGTGCAACTCCAAAGTATCCAGCAGGAAGGAAATGTAATCACTCTTTCCGGTTTTGCTGGCAACTATGGCTCCCTCAATGATTTTCTGCTGACTTTGCAAAGCTCGAAGTTTTTGCAGGCTAATAAAACTAAGCTGATGACAGCCAACGCGGCAGCCCTACCTATTACGGGGGAAGGGGCAACGGCAGAAACCGGGGGCACAGAGGAGCCAAGTGCAGATCAAGCTGCTTCTGGTGTTGTCATTCCAGCGGGAGTGAGTTATACCATCCAAACGGAAATTACCAATACCCCCGATAAGGAATTGATAACGGCATTGATCGCCAATGGGGCAGCCGGTTTAGTGGCTCGTTTCAAGTTTCTGGAACTGAAGGGCGTCTTGGATCGACCTGCGGGAATACCGGAGGTTGCGCCTATTTTGGAGCCACCGGCGGAGGGAGCTCCTGGAGCAGAAACCCCACCAGCTAATAATTGATGATCCCTAGCCACCGAACTTTGTTTTTAGAGGAGTGCCATGACCAGCTACAGCGAAGAGTATTCATCAACGACAACAATTATTGATGAGGAATTTGATGCGGGAGGAAATTATCCAACTGCATTTGGGATAACCTTCACCCCCCAGGTAAGTGGCATTAGTTTAGGTATTCTTGGCTTGCTGGCCATGGGTTATGTTCTGCTCAATTTTGTCATGCCAGCTTTGGGAGAATATCAACAACTAAGACAGGACGAAGAAGCTAAACAAGCTCAAGTGGATCAGCAGTCCCCGGAAGTGTTGATGCGTCGGCTAGCCAATGCGGAGGTGCAGTTACAGGAAGCTCAACAGCGTAAAGCGACAGTGTTGGAACTCTACGCCAATAGCGAGGACTTGAACACAATCCTCTATAACTTCAATACTCTATTCGTAAATAGAAACGTGAAGTTAGTCAGCTTTTTGCCCCAGGGAGATCCGGTGGTAATCTCCGATGATAGTCTGGGGGCAAACGCAAAAAATCAGCTTAAACGACAAACTTATACCATTTCCATGACGGGCGGTTTTAGTGAAACCCTGGCATTAATTCGGGATATTGAACGGCTGCAACCGTTAATTTTGATGAAAAATTTGCGGACTAGCTTGGTTAATCCAGAATTTCCAGTCAATGTGGTTAGGGATGGTGACACTGTACAAGTGCAAACTGATGCGCCAGATATCCTAACTACGGATTTAACGTTGGAGGTGTTTATGCCATTAACCCCTGAGGAGATTGCCGCCCTGACTCCTCCCCCGCCGCCGCCTGGACAGGAGGGTCAACCACCGGCTGAGGGACAACCTCCAGCGGAAGGACAAGCGGCCCCGGCCCCCTAAAGGGTAATTTTGCTGGTAGATTATCGCTAACGGTCTTACGATTTTTGAATAATTATTCAATAATTGATTTTAATTGGTGTGTGAGGAGCAATTCTGTGAAAAATTTTCGGTTTTGGTTAACAACGGAAATAGCGACCTGTTGCTTGTTGGCCCTAGCGCCTGCCCAGGCAGAAACGGTTTCCCAGTCAAATACTTTGGATGGAGATTTGCGGACGGCGATCGCCGGTGACTCAAGTCGAGATTGGCTACAGTTTGAAAAGAGTTTGGAGCAGTCTCTCAAGCAAAAAGAAGAAATTGATTCTTGGAAACCATCATTGGAGTTGATGCAGGCTAAATCCCTTGTCAAACCAGGGCAAAAGTTGACGAATATTGAGTTGCTGGTGCAGGAGTTGGAAGCCTTATCCGACCCACTGGCATTAAATTTTCCAGAACCGAACCAGACCAGTGTTGCTCAAATGGCTCCCCCCAGCCGCCCTATGCCTCCCCCTCCAGCGGGCAGTGGGCAGGTCATGTTTCCCAATCCCGAAATAATCATCCAACAGCAGGGTGGTGTGCCCCAACGTGGTGCCAGCCCTCAGGTGGGAAATCCTAGCATTTTATCTCCTGCGGTACCTGTGGCTCCGGTACGTTCCCGGGCTGTGCCGCCACCAGTGGGGGATTTGGCCATTTCCAACATCAATGCTTCCTTCGACATGATTGATCTTGGCCAAAGGGGTCAGGTTAACGTACCAAGCTTGGTACTACGGGAGGCCCCAGCAAGGGAAGTTTTGGCTGTGCTAACCCGTTATGCTGGCATGAATCTAATTTTTACCGATAACCAAAACAATGAAGGCACTCCTACCCCAGGTACACCTCCCGGTGGTCAGGTTGCTCCTCCCCAAGCTCAGTCAACCATTACTCTGGACATTCAAAATGAAAGTGTTCAGGACGTTTTTAACTACGTTCTGATGGCCTCAGGGCTAAAAGCTAGTCGTCGGGGTAACACAATTTTCGCTGGGGCTAATCTTTTGCCTTCGGCTCGAAATATTATTACCCGCACTATCCGGTTGAACCAGGCTAGTGCTGAGTCTGTGGCCAGTACTTTGGCTTCTCAGGGTGCGGAAGTTAACATCCTATTTGAAGGTCAGGAAGATGTTCAGTTGGCAGAAAATGCGCCGCCAAGGGTAATTAAGCAGCCTCCTACTCTAGTTCCCTTAACTGTTCAAAAACCAGCCAACGATTCTTCAGTTTTAATTCTGGAAGGGCTAGTGGTTAGCACTGATCCCCGTTTAAACACTGTAACCCTGGTGGGTGAACCCCGTAATGTGGAATTGGCTAGTTCCATGATTACTCAAATGGATGCTCGCCGCCGCCAAGTGGCAGTAAACGTCAAAATTATTGACATCAATCTTAATAATATTCAAGATTATGACAGCAGTTTTTCCTTTGGCATAGGAGATAGTTTCTTTGTCCAAGACAGTGGTTCTGCGGTCATGCGCTTTGGTGACACGGCTCCAGTTCAGGAAATTGATATCAACAATAACCTGGGGCGAATCACTAATCCACCTGCCATTGTTAATCCTTTTCAAGACGGAGAGATTTTCTTTGATCTTAATAGAATAACTAACATTGAAGTGCCTCTTGGCCCAGGGACCATCCCCATAAATTTCTTCACATCAGGTTCTGGAGCCGTTTCCAACAATCCATTGTTTAATGGAGTTACTGAATTTCCAATTGTGGAGGTAGATGAACAAGGTCTGTTAACAATCACCCAACCTGAGTTTGGTTTGCCATCTTTTTATCAATATCCTAAAAAGTTTCAGGCACAAATTGACGCTCAAATACGTAGTGGGAATGCGAAAATTCTCACCGATCCAACTTTGATTGTTCAAGAAGGCGAGGCTGCTCAAGTTAAGTTAACAGAATCTGTTATTGCCAGCGTTGATACGCAAGTTGATACCCAGGGAGATACAGCAGTTAGAACTATTACGCCGGTTCTGGAAGATGTTGGATTAACACTAAATGTCATAGTTGATCGAATTGATGACAATGGCTTTATTACTTTGCGCGTTAATCCAATCGTTGCATCTCCTGCTGGAACACAAGTATTTGATAGTGGTGCTGGCGCCATCAACGAAATAACACTGATAAACAAAAGGGAACTTACTTCCGGTGTAGTTCGGCTGAGGGATGATCAGACATTCATTCTATCTGGCATTATTTCGGAACTTCAACGTTCTACCACAAGTAAAGTTCCAATTCTAGGGGATTTACCGGTGATTGGAGCATTGTTTAGGCAGTCCACAGACACAACAGACCGTTCGGAAGTTATTATTCTCATGACCCCCAAGATCATTCATGATAGTACAGAGGCGCAGTTTGGCTTCCGTTACAATCCTGACGCGGCTACGGCGGAATTCCTGCGGCAGAAAGGATTTCCCGTTCAGGCTCAGCCATAGTTAAATTCCTAGCGGGAGACTAAAGTGTTGACCAGCCGTTCCAGAATGTTAACTCGATAATAGGGTTCACAAATCTGGGATAGCTGGTTTGCTTTTGGTTGATAATTTCTAAACAAGATAATGTTGCCGTAAACGCTTTGA
CP129343.1_gap57	1870719	1875075	4356	AAAAGCACATGGCTATTAATTTCCAACTCATCCACCCGATCGCCAAGGGCCAAGTTAAAAGTACGAACACGGTTTTGTTGGCGATCGCCCCATTGTTGGAGTTGTTGATAGGGTAGGGGCAAGGGTTCAAAGGCAAAAATTTGAGCTTGGGGAAAATAGCGGCGCATTTTTTTGGCAAATTGTCCCTTATTAGCGCCAATATCAATAATGGTTTGAATATTTAATTGCCTAATTCCCAGAAGTCTGCCATCCCAACTAGGGGTGAGCAAGTTGCCAACAAAGTTAAAAAAATTGTCACTGCAACGGCGGATAAAAGCGTTATTCAACAGAGCCTGGGCCATGGGATTATTAAATCTTGATGTTTCCCGTGGGAAAAATTGAAAATTTAGTGGACAAAAATAATATAAATGGCTTGGACATTACTGCACAGTAAGCTCCATCAAAATTTGCAACGGCGCTTCCCCGAGTTGCAAGGAACTCGAATTTTAGTGGCGGTATCCGGGGGACAAGACTCCCTCTGTTTACTGCATCTACTTAATGATTTAACCAAACAATGGCAGTGGCATTTGGCCGTAGCCCACTGTGACCACCGTTGGCCCACCGATGCAGGCATTGCCGACCACGTACAAGGCCTAGCCCAAGGTTATAAACTACCCTATTTCCAACGGGATGCCCAAGATTTACCCCAAACGGAAGCCGCCGCCCGCCATTGGCGTTACCACGCCCTCACGGCGATCGCCAAAGCAGAAAATTTTCCGGTGGTTATGACTGGCCATACCCAGAGCGACCGGGCAGAAACTTTATTGTTTAACCTCGTGCGGGGCAGTGGCAGTGACGGCTTACAAGCGATGAATTGGGTGAGGAATTTGGAAGAGTCCGGCTCAGACAAAAGCCCGATTAGGCTAATCCGTCCCCTCTTGGAAATTAGTCGTCAAGAAACTGGAGATTTTTGCCAGCAACAACAATTGTCTGTGTGGGAAGACGTGCTCAACGAAAAGTTGACCTATCGCCGCAACCGCATTCGAGGAGAATTGATTCCCTACTTAAAGAAACATTTCAATCCCCAGGTGGAAAAAAGTTTAGCTCAAACGGTGGAATTGTTAACAGCAGAAGTGGCTTATTTAGAGCAAGTTAGTGGAGAAATTTATCAAACCCTAAGCCAAACGGATCAAAAAAGTTTAAACTGTCGTTTACTCAGTCAAAAACCCCTGGCCTTACAACGGCGTATCATTCGCCAATTTCTACAATCCTGTCAAAGCCAATCTCCCAATTTTGAGGAAATTGAACAGATAGTAGGGTTGATTAATGCCCCCAACCGCTCCCAAACTTCTTCCCTACCAGGTCAAGGAATAGTTAGGGTGGAAGGGGACTTTTTGCGATACATTTACCAGGGTAAATAGTAATCATTTCTCCCCAGCTAAACTATGGATAAATTGGCTGAAATTTAGGCTAAAAACCCATCGCTTTAGCAACAATTTCCAAATCTGGTTTTAAACCCGCTTTCACTTGATTGCCACTATTTTGCACAGCACAATCTGGATCTTTCAAGCCGTTGCCGGTCAGCACACAAACCACGGTGGCTCCAGCGGGAACTTGATCTTTTTGCTTCAATAAACCAGCTACGGAAGCGGCACTGGCGGGCTCACAAAAAACCCCTTCTTCGGCAGCTAGGATACGATAGGCTTCCAAAATTTCGGCATCGGTGACGGGGTGAAATTCCCCATTACTTTCCCTAGAAGCGGCCCAGGCCTTATCCCAGTTGGCAGGATTGCCAATACGAATAGCAGTGGCTAGGGTTTCGGGATGGCTAATGGGTTGCCCTTGGATAAAAGGAGCGGAACCAGCGGCTTGGAAACCCATCATCCTCGGTAGGCGATCGCCTTTGCCCAATTCTTTATACTGACAAAAACCCATCCAGTAGGCGGTGATATTGCCCGCATTGCCCACGGGGATACAGAGCCAATCGGGGGCCTGGCCGAGGACATCAACAATTTCAAACGCGGCGGTCTTTTGTCCTTCCAAACGGTAGGGATTAACGGAATTTACCAAGGTTACGGGGTAATGTTCCGATAACTGCCGCACGGTGGTCAACGCATCGTCAAAGTTACCATCAATGGCAATCACTTCCGCACCGTAAATTAAAGCTTGGCCTAATTTTCCCAAAGCGACATAACCATCGGGAATGATCACAAAAGCCCGCAAACCGGCCCGCCGAGCGTAGGCCGCCGCCGCCGCTGAAGTATTACCTGTGCTGGCACAAATTACCGCTTTGGCCCCTGCTTCCTTGGCTTTGGAAATGGCCATGGTCATGCCCCGGTCCTTGAAACTACCGGTGGGGTTTAGGCCGTCATATTTAACAAAAACCCTTACGTCCTTGCCAATGCGTTTGGCGATCGCCGGAGCGGGAATCAGGGGAGTATTGCCTTCTAAAAGGGTGACCACTGGAGTCTGGTCGGATACCGGTAAATAGGGCCGATAGGTTTCAATCAATCCACGCCAACGACAGGCCGAACTCTGGGGACAGACGGGGGTAGCACTGGGCAACACTGTCGAATTTGGGGCGGATGGGGTCATGGTGAAAGAATGACAAGAAATCATGGGGGGCAATGGCCCGAGGTTCCATTCTACAAAAGAGCGGGCACCGAAATGTGAATCGTTTCAGAATTGGATTATTGCCCAAACGATTAATAAGCATAGGTTAAACATATAGTTCAGGGCTTGGTCTGTCCTGGTTGGAGTCCTATAATCAGAAAAATTGGCAGAATGCCCCCAGGCGATCGCCCACAAGTCCGGTAAGCTTGACCCAGGTGTAATCCCTTGGGGTGCAACACCGCTGGACCCCCCCTGACCACCATTAGCCGTGAGGAGACCATTGGCCCTGTGTTTGTTTTAACCGGTTACGAATATTTTCTTGGCTTTCTCTTTATATGCTCCCTGGTGCCAGTGTTGGCCCTGACCGCATCCAAACTCCTCCGTCCTAGGGATGGTGGCCCAGAACGGCAAACTACCTATGAATCCGGTATGGAGCCCATTGGCGGAGCTTGGATTCAGTTCAACATCCGCTACTACATGTTTGCTCTGGTGTTTGTGGTCTTTGATGTGGAGACGGTGTTTCTTTATCCCTGGGCCGTTGCCTTTAATCAATTGGGCCTGTTAGCCTTTGTAGAAGCATTGATCTTCATTGCCATTTTGGTGGTTGCCCTGGTCTACGCTTGGCGCAAAGGGGCTCTGGAGTGGTCCTAGAAGTTTAGTAATGGCCACCAATCCATTGTCCTTGCCTTGCCTGCCCCCCCTATTGTCTTCTCCTATTTCCCATGAGTCCCAACCCTGCTAACCCCACTGACCTGGAACGGGTCGCCACAGCCAAAATTCTCAACCCCGCCAGCCGTAGCCAGGTCACCCAAGACCTTTCGGAAAATGTCATTTTAACCACGGTGGATGACCTCTACAATTGGGCCAAACTTTCTAGTCTCTGGCCGTTGTTGTATGGCACTGCTTGTTGCTTCATCGAATTTGCCGCCCTGATCGGTTCGCGCTTCGATTTTGACCGATTTGGTTTGGTGCCCCGCTCTAGCCCCCGGCAAGCGGATTTGATTATCACCGCCGGAACCATCACCATGAAAATGGCCCCGGCCTTGGTGCGCCTCTACGAAGAAATGCCGGAGCCAAAGTATGTCATTGCCATGGGAGCCTGCACCATCACCGGTGGTATGTTTAGCAGTGATTCCACCACAGCGGTAAGGGGGGTAGATAAATTGATTCCGGTGGATGTGTATATTCCCGGTTGCCCTCCCCGCCCCGAAGCCATTTTTGATGCCATTATTAAACTGCGCAAAAAGGTGGCCAATGAATCTATCCAAGAACGGGCCATTACTCAGCAAACCCATCGCTACTACAGCACTTCCCACCAAATGAAAGTGGTGGCGCCGATTTTGGACGGCAAGTATTTACAACAGGGTACCCGTTCCGCTCCCCCCCGGGAGTTGCAGGAGGCCATGGGAATGCCTGTACCTCCCGCTTTGACCACCTCTCAACAAAAGGAGCAATTAAACCGTGGCTGAGGAAGTGAACTCCCCCAATGAAGCTGTTAATCTCCAAGAGGAGACGGCGATCGCCCCTGTGGGCCCTGTATCCACCTGGCTGACCACCAATGGCTTTGAGCACCAGAGCTTAACGGCGGATCACCTGGGGGTGGAAATGGTGCAAGTGGAAGCGGATTTGCTTCTGCCCCTCTGTACGGCTTTATATGCCTATGGGTTCAACTATTTACAATGCCAGGGAGCCTACGATGAAGGGCCTGGTAAATCCTTAGTGAGTTTTTACCATCTGGTGAAGTTGACCGAGGATACCCGTAAC
CP129343.1_gap58	1905427	1908840	3413	TACTGTTGAGAACCGCAGATCAGTAATAGGTGGCCCTGTTGATACTTGTGGGTCACTAACGGGCGACTGAGGGGCAATGTTTGTTGAGCTTGGTCAGCTCCAAGGACTTGCACTGGCCAAACTTCTCCTAAAACATTGGCGATCGCCTGGGGGGGTAAGCCGATGCCCAATAACTCCGTCTGACCTAGGTGGGCCAAAGCCCTGTCCTGAAAGTAAGCTCGTTTCCAAAGACCAAGACAAAAACTCCGGTCTGCCTCCACTGCTACACCTAAAATTTCCCCCGTATCTGTCTCAATACCTGAAGGTAGATCGATACTGACCACGGGGATAGGTAGATTGTTGATAGTTGTGATTAGGTCGGCGATTGCTCCGGTGATAAGTCTAGTTAAACCAACGCCGAACAAGGCATCAATAATCAGATCGCAATGGGCCAAAGCCTGGACCCCATCCACCCAAGGGATGCCCAAACTTTTGCCGTAGTCAACGTGGTTTTGGGTCAGGGGTTTTAACTTGTCCAAGGGCTGTAAAACCTGAACCTGGTAGCCCTGGAGCTTTAGTTCCCTCGCCACCACTAAACCATCGCCACCGTTATGGCCCGGGCCCACCACCACCCCGATGCGGGGATATGTGCTGAGGGGATAGAGCGTTAGCAATCTCTGGGCGGTCTGTAGAGCCGCTTTTTCCATCAAGGCCGCCACTGGCATACCCTGGGTGAATAGCCAATTTTCAATCTCCTGCATTTGGGCCGCACTGACCACTGCCCGGAACCATGGAGACGTCACTGCCATAATCTTTTTCCTTCAACTCTTAGGCCAATGCTGGATCAACCAACGGCGAATAGTGTTGGAGTTGCCATTGATCCAAATACTCATACCAGGACTGCAATCCTTTCCCCGTGCGGGCAGACACTGCAAAAATTTGGGCTTGGGGGGCCACTTGCCGTAGGTTTTGCCAAGCCAGCTCTGCATCAAAATCCACTGCGGCGGCAATGTCCTGTTTGGTGACTAAAATAACCTGGGCTGATTTGAAGGTGGCGGGATATTTAAGGGGTTTATCCTCCCCTTCTGTGACGGAAAATAATACGACCCGTAAATCTTCCCCTAGATCATAGGTGGTGGGGCAAACCAAATTACCAACATTTTCAATGATCAATTGATCGATATTGTCTAAATCTAACTTTTGGGCCGCCTTGGCCACCATTTCCGCTTCCAGATGGCAAATATTTCCTGTGGTGACCTGAATGGCGATCGCCCCGGCACTGCGGAGACGTTGGGCATCGTTATCGGTGGCTAAATCCCCCACAATGACGGCGGTGGGATGGTCTTTTTGTCGATCGCCGACCATTTTTTCGATCAGAGCAGTTTTACCGGCTCCGGGAGAAGAGAGGAAATTCATCACCAGTAAGCCCTTAGCCTGGAAATAGCCCCGATTCCTTTCCGCTAGGCGGTCATTCTTGCTGAGAATGCCTTGGCCAATGGCAATGGACTGGCGATCGGGTTCAATGGTCACAGTCTGCTGACTTGGACTTTTGCTGTAGTTGCCATGGTGGTGATGATGTTCTTGCTGGTCATGGTCATCATGGCTGTGGGCAAAATTTCCATCGCCATGGTGATGGTGGCTATGGGCAACGGTTCCCACCGCACTACAACCGCAGTTTTGGCACATAATAACCTTCCCCCTCGGGCGGAAATATTAATGTTATGACCCCATGGTAAGAGAGGATGCTTGAAAGAGGTTCTACTTTAATTGCCATTTGGCACAGTAATCTGGAATTGATGGTGGAGACCCAGGTTTGTCTTTTCTGGCTCCATTGATTAAATATCCAATTTCCCAGCCCCATTTTTGTAATGACAGCTCCCCTAACCCTCAACTTACTCCAAGGTTCTGTTCGTTTTCCCTTTAGTGCCGAAGCGGCGATCACCCTCCAGGGGGAGATCAACCAATTGGTCAATCAATTAAAGGCCATTGGTGCTCAGGTTAACCAGGGAGGCCGACCGGAGAAGCAACAGAATTTGGAATATTGCCACAGTGGAGAAGTCTTTTTAGAAGTATTTTGCAACCCAAATATTTACCCCAGCCCCTTTGCGGCTAAGGTATTGCTCACACTACGGGATGACCGGATTCGTTTGACCACGGAAGCGGAATTGCCCAGACTCATTGAAGATTTGGCTGAATATCTAGCCCAGCATGGTTAGATCCAGCCCTGGTAAACCTTGTAAACAGTGCCCAACCAATGTCTTCCCTGCCCAAAAATTTTCTTCAACCTCTCCCTCTCCAACCAGGCGATCGCCTCACTGTGGTGTCCCCCAGCGGTAGTCTGCGGGAATTGGCGGACTTGCAAAAAGGGGTGGATATTTGGCGATCGTGGGGCTACGAGGTAATTTTCAGCCAAGGTTACCACAATCGCTTCGGCTACCTAGCGGGAACAGATCAACAACGTAGGCAAGATTTACTCCACGCTTGGTTAGACCCCCAGTGTAAAGGAATTTTATGTAGTCGGGGGGGCTACGGCTCCGCCCGGTTGCTGGAAGATTGGCAATGGCCGGCAATTAGCCAACCAAAATGGGTGTTGGGTTTTTCCGATGTCACAGGGATTTTATGGAGTTTGCTCAAATCAGGTATTATCAGCCTCCACGGCCCTGTGTTGACTACCCTCAGCGATGAGCCGGATTGGGCCCTGGAACGGTTGCGTGGGCATCTTCAGGGTCTTCCCCTTGCACCATTGACCGGGAACAGTTGGCAGAAAGGAATGGCCCGAGGGCGTTTAGTGGCAGGTAATTTAACCGTTGCTACCCATTTTTTAGGAACAGAATGGCAACCAGATTTTGAAAACGTAATTTTGGCGATCGAAGATGTGACCGAATCCCCCTATCGCATTGACCGCATGGTGACCCAATGGCGAGCCTCCGGCAATTTATCCCAGGTAGCTGGCATTGCCCTGGGGCGGTTCAGTGAATGTGAAGCTCCCGCCGGATTCCCCAGTTGGACAGTGGAAGAAGTCCTTGGCGATCGCCTGGGGGATTTGGGCATACCAGTGGTGGCGGATTTACCGTTTGGTCATGGCGGCGTCAATGCCATTTTGCCCGTGGGTAGCAAAGCGGAATTGGATGGGGACGCTGGCACCCTCAGCTTTTTGTAAAGTTTTATCATCTTTTGCCTCCGGAGATATTCATTGTCATAGCTCCGGTATTAATGCTCCAGATTGGTCTGGGCAATAGCTTTGTGGCGATTATGGCCGGGGGAAAAATTCATAAAACTTATTAAAATTATTTGTTAATGAGTTTATAGCTTAACTACAAAAAGTTAATAGCTTGCTGGCATAAATAATCAATTTTTCTTGAAAAATATTTAGAAAAAATCTTTATACAGCAAAGGTTATGGACTCCACTCTCTATCTTAAGACATAGACAATT
CP129343.1_gap59	1912264	1916773	4509	GCCAGGGCTAGTCCTCCCCGCAAATGCCCCAGGATAATACCCATGGTTTCTAATAGTTGCTCAGCAATGCCAGACCGCTCCAGCATGGATCCCAAAAAGATGAAAAAGGGAATAGCCAGCAGAGTACCATTGGCCATAATGCCAAAAATCCTTTGGGGCATGGCGGACAAGAATATGGGGTCAAAGGAACCTAAAGCCGCGCCGATGATGGCAAATAAAATCGCCACTCCCCCCAGGGAAAAGGCAACGGGATAGCCACAGCCCAGGAAGACCAATGCCCCCACAAACATCATTGGCCCTAACCAATCGTAGTCCACCATTAACCCCTAGCCTCCGTATCAACATGACCAAGGGCGATCGCCAGATTTTTAATTACTTCCGCAATGCCTTGGAAAATAAGTAGGACAAAACCGACAATAATCATGGTTTTAATGGGATAACGGGGTAATCCTCCCGGATCCGGCGAAGTTTCCCAAATGTGCCAGGAATTGATCACCGATTCCCAAGAATAAAAAATCACTAGCCCACAAAACGGGAATAAAAATAAACAGGTACCCAATAAATTCACCCAAGCCCGCTGGCGATCGCCAAGGGATTTGTAAAAAATATCCACCCGCACATGGTCATTGGTTTGCAGGGTGTAGGCAGCACCGAGAAGAAAAACTAGATCAAACAAATACCATTGGGCTTCTAGCAAACCATTGGAGGCCAAGTTCTGGCCTACTAAGCGGCCGAGGTAGCGCCCCACCACATTCCAGCCGCCAGTTAGTACCATTGCCAATACTAACCATGCGGTAAATTTCCCAATCCAAGCGGTGAATTGATCGATAAGCTGGGCAATTTTGAGTAATTTGTCCACTAATTACTGGCCTCCCTCAGCCAAAGAACTTCCCATAAAAATAGAGCAAATTCTAGATGTTCAGACTACAACCTAGACCAGCAAGTTTCGCCATTAAACAAATAAAAAATCCTCACCATTTTACTAGCGAGGACAATTTGACTCTAAAAATAAGAATGTCAAATTCTATAGCTTGACTTCGATATCAACCCCGGCAGGGAGATCCAACTTCATCAGAGCGTCAATGGTCTTGGAAGAAGGCTGATAAATGTCGATAATGCGGCGGTGGGTGCGGGTTTCAAAATGTTCCCGGGAATCCTTATCCACGTGGGGAGAGCGCAACACACAATAAATTTTCCGTTTGGTGGGCAAAGGAATCGGCCCCACAGCGGCGGCATTAGTACGATTAGCGGTATCAACAATTTTGTCGCAGGATGTATCGAGGAGGCGACGGTCAAAGGCTTTGAGGCGGATACGGATTTTTTGTTGTTGCAATGTTGCCATGGAAATTTAACTCAGAATTAGCGGACTGTTTAATTGTCAAGGTTCAGAAAGTTGAATAGTCAGTGGGGCTGGCCCAGTCAGAAAAAACTTACCGTAACCAACCCAACACCAACTACATCATGAATGTTGTTCTAAGGACTACTTCAAAATCTTAGAAACAACACCGGCGCCGATGGTACGACCACCTTCGCGGATAGCAAAACGCATCCCCTGTTCAATGGCGATCGGGTTAATGAGCTCAACGGTCATTTTGATACGATCCCCAGGCATAACCATTTCCACAGCACTGCCGTCGTCAGCGGTGTAGCTTTTGATGGTACCGGTTACGTCAGTGGTCCGTACATAGAACTGAGGGCGGTAGTTGGCAAAGAAAGGAGTGTGGCGGCCACCTTCTTCTTTCTTGAGCACGTAAACTTCCCCTTCAAATTCGGTGTGGGGAGTGATGGAACCGGGTTTAGCCAAAACCATACCCCGTTCGATGTCCTCTTTTTGAATCCCCCGGAGGAGCAGACCCACGTTGTCCCCAGCCATTCCCTCTTCAAGGGTTTTTTGGAACATTTCCACACCGGTAACAGTGGCTTTACGGGTATCTTTAATGCCGACGATGGAAATTTCTTCGCCAACTTTAACTTTTCCGCGCTCAATCCGACCGGTGGCAACGGTACCACGACCAGTGATGGAGAATACGTCTTCCACCGCCATCAAGAAGGGCTTATCAACTTCCCGCTCAGGGGTGTCGATGTAGTCGTCAACGGCTTTCATGAGTTCAAGAATCGCATCTTTGTATTCTTTTTCTCCTTCGATCGCCTTGAGGGCAGAGCCAGCAACGATGGGAATGTCATCACCGGGGAAATCGTAGTCGCTGAGCAATTCACGAACTTCCAGTTCCACCAATTCCAGCAGTTCTTCGTCGTCCACCATGTCTTTCTTATTCAAAAAGACCACCAGTTTGGGAACCCCTACTTGCTTAGCCAAAAGAATGTGTTCCCGGGTTTGGGGCATGGGGCCATCAGCGGCGGAAACCACCAGAATCGCACCGTCCATCTGGGCAGCACCGGTGATCATGTTTTTCACATAGTCAGCGTGACCAGGACAGTCTACGTGGGCATAGTGACGGCTATCGGTTTCATACTCAACGTGGGCAGTATTGATGGTAATGCCCCGGGCTTTTTCCTCAGGAGCCGCGTCAATATCTTCATATTTCCGGGCTTTGGCACCACCCAATTCCGCCAAGGTCATGGTGATCGCCGCCGTTAGGGTGGTTTTACCGTGGTCAACGTGACCAATGGTGCCAATGTTTACGTGGTCTTTCGTCCGTTCAAATTTTGCGCGTGCCATGAATAAATAAGTCCTTTGATTGTTTCTACACAGATTGCAGTCCTAGGAGAACTGCCGGCTTAGGCATAGCCTCTGCTTTTGGCGACGATCGCCTCGGCAACATTACGGGGTACTTCTGCATAATGGCTAAATTCCATCGAAAAAATACCCCGGCCTTGGGTTTTTGACCGGATATCGGTCGCATAGCCAAACATTTCCGCCAATGGAACACTAGCGGCCACTTTGGCTATGCCCTGCTCCGTTTCCTGGCCCTCAATATGGCCCCGACGGGCATTGAGGTCACCGATCACGTTGCCCATGAAGTCATCAGGAACTTCAATTTCGACTTTCATGACCGGCTCTAGGAGCACAGGGTCAGCTTGGCCCACAGCCTCCCGGATTGCCATGGAACCAGCAATCTTGAAGGCCATTTCCGATGAGTCCACATCATGGAAAGACCCATCTACCAAGGTGGCTTTGAGGTCAATGACCGGGTAGCCCGCCAATACCCCCGAAGCACAGGCTTCTTTCATCCCCTGTTCCGACGGGGCAATGTATTCCTTGGGAATAACGCCACCGACGATTTTAGAGACAAATTCAAAGCCCGTCCCTGGCTCGGTAGGCTCCACCTCAATGACCACATGGCCATATTGGCCCTTGCCCCCACTCTGGCGAATAAATTTACCTTCTGCCTGTACTGCCTTACGGATGGTTTCCCGATAGGCTACTTGGGGAGCACCCACATTGGCCTCCACCTTAAATTCCCGTAGCATGCGGTCCACCAGAATTTCTAAATGCAATTCTCCCATGCCAGCAATTACCGTTTGGTTGGTCTCGGGATCGACACTGACGCGAAAAGTGGGATCTTCCTCGGATAAAGATTGTAAAGCTTTGGAAAGCTTATCCATATCCTGTTTAGTTTTTGGTTCCACCGCTACGGAAATAACTGGCTGGGGGACAAACAAGGATTCTAAAATAATCGGCTCTTGGTCATCACAAAGGGTATCCCCAGTGAGGGTATCCTTGAGCCCCAACACTGCGCCCAAATCTCCGGCATTTAACTGGTCCACCTCAATGCGGTCATCGGCTTTGAGGATGATTAATCGGGAAATGCGTTCCTTCTTCTCTTTGGTGGAATTCAATACATAACTGCCCTTTTCCAACACGCCGGAATAAACCCGCACGAAGGTGAGCCGGCCAAACGGGTCCGCCATTACTTTGAAGGCCAAAGCTGACAGGGGAGCTTTATCTTCCGCCGGTCTGGTGGCTACTTCGCCATCGGGTAGATGTCCCTCGATCGCCGGCACTTCTAGGGGGGAGGGGAGGTAATCCACCACCGCATCGAGTAAAAGTTGAACTCCCTTATTTTTAAATGCGGAGCCACAAAGCACTGGCACCATGGTCCCAGCAATGGTTCCCCGGCGCAGGCCGGCTACTAACTCATCGGCGGTTAACTCTTCCCCTTCCAAGTATTTCTCCATCAGAGCATCATCTGCTTCCGCCACCGATTCCACTAGGCGCAGGCGATATTCTTCCGTTTTATCCTTCACTGAATCGGGAATGGGAACTTCCTGGATATCTGTGCCCAGATCGTTTTTGTATAAATAGGCCTTCATGCGCACCAAATCCACAATGCCTTCAAACTCCGCTTCACTACCGATGGGAATTTGAACGGGCACCGCATTGGCCCGTAGGCGATCGCCAATCTGTTGACAGACCCGGAAAAAATTAGCCCCGGTGCGGTCCATCTTATTGACGAAGGCAATGCGGGGCACTTGGTATCGTTCCGCTTGACGCCACACTGTTTCTGATTGGGGTTGCACTCCACCCACGGAACAAAATACAGCAAT
CP129343.1_gap60	1939611	1943135	3524	TTGACAATAAAATAGGAAAGGATTTCATCGGGTTTGATATTTCCTGGTAACCCTCCCTGGAGTTGGTAAAAGCTGAATAGCAAAACCCCTAGTAACAGGGTGGCCCCTACTCCTAAAACGCCGGAAAACCAACCGAGAAAGATGGCTTTGCGGGCTGATTGCTCATCGGCACAGGAAACATAACGCTGGACTGACTGTTGATTAGTCCCCGCCACCGCAAAAGCTAAAATGCCGTAGGCGATCAACGCTGTGGGTAGAGAACGAATGGAAGCGGGATCCCAATCAAAATTAAATACCACCAACTTGCCGTTTTCCCCAGCAATGCGCCACAGTTCCCCAAAACCCCCTGGCACAGCGGTAACTGCGGCCCAAATGCCCGCCCCCAAACCGACGAAAATCATGCCAAATTGCAACACGTCCGTCCAAACTACGGCGGTGATTCCCCCGGCAACGGTGTAAATAATCGAAACCACCCCCACCATCAAAATGGCAGTATTCGTACTAATGCCAGTTAGCACCGATAACACCAGGGCGGCGGCGTATAAAAGTCCCCCTAGGCGGGCAATGACAAACAGCAGAAAACAAAGGGAACCGAGGGAACGGGTTTTGGCATCGAAGCGCCTTTCCAAATATTCGTAGGCAGTGGTGAGATTGAGCCGGACAAAAAATGGCAAAAAGACAGCAATGACTAAGCCATAGCCGATTAAGTCTCCCAATTGCAGTTGCAAATATAAAAAGCCGTGGCCGTAACCCTCCCCCGGGCCCCCCAGCAAAGAAGCGGCGGAAAAAGAGGTGGCAATGATGGAAAAACCTAGGGCCCACCAGGGAATTTGCTTTGCACCCCGGAAATATTCATCGGTATTATCTTGTTTGCGACTGGCGATCGCCCCAATGGCAATGACAATCGCCGAATAGACCAGCACAATGGCCCAGTCAATCATGCCCATGAAAAATCAAACTCCTTGGCAATGTGGCAATATTCCACCCTACAGGTTTTGGGACGTAGAGCACCGCCAGATTGATCCCAACTACAGGGAATGAAAGTGAAAAAGTCTGTTTTTTCCGACAGAGGAAAGAGCTTGATTGGTTTTAACTATAAACAAGCAGCCAAAATGTCCTGTTCCAGGGCACCAATGGTGCTGATTTCCTTTAAGCCCTGCAACGTTAAGTCAATATTGTTACCACTGCGGGCCACTGGCGATCGGGGAACTAGGTTCAGGGCAAAACGGCTGGGGGGCTGCTCCCCATAGGGGTCTTCCACTACCAAATCCAACGCTTGGGCAGAGACGGCGCCATGGGTACAAGCAAACTCAGACTGGTAAGCAAAAAAAGCTCCTATCAGTTGATTGCCCCGTACCTGAAAGATGAAATATTCCTGGCCCACTAACCCCGGCTGGGCAGATTCACCATAAAAATGAACACCTTGGCGCAGAGGAAAATTTTGGGCTGCAACGGCCATTGGTGTGATTAAATTTCCTAGTCCCATAAAGGCAAAGCTTAGTAGGGCGGTGGAAAATTTGGCCAGGCGATCGCCGCTGCCTGGAAGTAGGAAAAGTAACATAATTTTGTAGGTGGGAGGAGTAAGGTTAATGATTAAATCATTACTTCTAACTTAACAATCATTCACGAAACTGAGCTTCCCCCGATAGTATGATGATCCAAAAATTAACAAACTTTCATTAATTTACTGATGGCGATCGTCAATGATGCGGACTATATTGCAGATTGTCAGTAACCATCTCGGCAGTTTTTAAGCCAGCGAGACCCATAACTCCCATAACTATGGATAAAGCCATTCGGAAAATTTTTGCCTATCTTCGTCCAGGGGTCATCCTAGTCGCTTGCTTGCTGAGCCTATTGTTTTTTGTTCGGCCTGCCCTGGCTTTTTGTGGTTTTTATGTAGCCCAGGCTGACACTAGTCTTTATAACCATGCGTCCCAGGTGATCATTGCCAAAGACGGCGATCAGACAGTGCTAACCATGGCCAACGATTACCAAGGGAAAGCCCAAGATTTTGCCCTCGTGGTGCCGGTTCCGGTGGTGCTACAGGAAGACCAAGTAAACGTAGGGGAGAGAAAAATTATTGAGCGTTTAGACAATTTTAGTGCCCCCCGTTTAGTGGAATATTTTGACAATAATCCCTGTGAAACCTACGGCGGCCGTCAATTTATGGATGCAATGCCAGCGGCCCCCAGCATGACCAGAGGATTGCAAGAAAAAATAAGCAATGAAGCGTTGGGAGTCACCATTGAAAATCAGTTTTCGGTAGGAGAATACGACATTCTCATCCTCAGTGCCAAGGAATCCAATGGCCTAGAAACTTGGTTAAACCAAAATAATTACCGCATTCCCCCTGGAGCGACCGATGTATTGGGAGCATATATTAAACAAGGGCTAAAGTTTTTTGTTGCTAAAGTCAACCTGAAAGAATTCGATCGCCAAGGATTTCAAGCCTTACGGCCGCTGATGATGGCCTATGAATCCCCCCGGTTTATGTTGCCCATTCGTTTAGGTATGGTGAATGCAGATGGCCCCCAAGAATTAATCGTTTATCTACTCTCTCCCCAAGGAGCGGTGGAAGTTACCAACTATCGCACTGAAAAAATTCCCTCTAACTTAGATTTACCTGAATTTGTCCAGGGGGAATTTGGCCAGTTCTATGGCGCTATGTTCGACACTGCCTATAAGCGCTCCGGCAAAAATGTTGCCTTTCTGGAATATGCCTGGGACATGGGCAGTTGTGATCCCTGTTCGGCGGATCCCCTTTCCCCCCAAGAACTAGAAGAAGCCGGAGTATTTTGGTTAGACCAACCCAGTGCTAGCCCCAATCCTTCCTTCCGGGGTATGCCTTTCCCTGGCAACAGCAATGTGTTCATCACCCGTTTACATTTACGCTACACCCCCGACAAATTCCCGGAGGATTTACGTTTTCAAAACACCGCTAACCAGGAATTGTTCCAAGGGCGTTATGTCCTACGGCGTCCCTATCGTGGGGAAATGAATTGCACCGCCGCCAACACCTATCGTCAAACGGTGCAAAAACGCCAACGGGAAGAAGCCAAGACCCTTGCTAATTTGACTGGTTGGCCCCTGGGGGAAATTGAGGACAAAATTAACTATCTGGAAGGCCCCCGGGATTCTATTCCCTGGTGGCGCAAACTCTGGCCCCGTTAAAGTTGAAGTAACTTATACATCTCAATTGCCATGGATCCCTTAACCAAATTAGTTTTAAGCGCCACTACCCTGCCCGTGCTTTCCGCCCTGGGTTTAGCCCGTTGCCTTGGTCAACGCAGTGAAGCCCTAGGTAAACTTTCCGAAGAAGTGTTCCGAGGCGATCGCCTGCCGGTGTTACCCTTTCCCGTCGAAGAAGAAGCAGGTTAAAGTGAATACTCCCCCCAAACCTTGGCTGGGGATAGCGGGTGAGTTGTAATTTGACTAAAACTTTATGGGTCATTTTCCCCACAAACTGCGGGTGCTGTTGAGCGTTTACTTTGCCCAAATGGTGGAGTACCGGGCAGAAATTT
CP129343.1_gap61	1947789	1952725	4936	AAAACTATTGCCATGGGCAGGGTAAATTGATTTTTTCTTGTTGTTTGATCCCATTTTCCAGTCTTTTTGACTTCCATTCAGTCAGGATAATTTTTGCAGTTTTTTTATGGAGTTTTGATAACATTGAGCTTTGCCCCCGGCGATCGCCTAGGGATAAACAATAAACGTGTGAACTAATATGCCTGGATTTATCCCTGGATTGACATTGTTTTTGCCCCCCTAAGTCAGCAATGACAGAGTTGAAAATCCCTTACTCCCCAGCAATTTCAGCTTATTTTGAGCTTATTTTTCAGTATGAAAACATTGAATCGTATCCATCTGGTCGAAGAAGAAACAGAAAAACTAATGGCTTGGGCCCGGAGTGTCACGGAATCGCCGGAGAACTATTTCCAAGCGGCCCGGGAAGTGGTGAAAAAATTGGGGGGCCATTACCAAGGGGATGGCCTAACCCAAGTGGGATTTTGGGTGCCCCGGTTAGCGGGGGAAGGGGCTTTTACTGAAAAGTTAATTTACCTAGAGGTGTTTACGCCCCTGGGGGAGATTGATTTCCAAGCGCCGGAACAAACTGGCTTGTTTCGTTGGGAAAGGATTGAATTGCCGCAACAGGGGGAATTTGTTTGGGCTGTGCTGTCGGGGATGCGGCCAGGCACCAGAGATCAAGCTGGTTCTTTCTATTGGTTGCGCTATTACGATTCCATTTTGTCCAACACGTTGGTCATCCGTGATCCCCTGACCTATTCCCTGCCCTACGGTGTTTTTGCCCCAGCGGAACTGTACGATGTGGAAAAAATGCAGAGGGAACGGGCGGATTTAGATTATTTACGGCGATCGGCTGCCCTGAACCATTGCCAAGAAAATCCTGAAAATGTCTTTGATCCGGAGCAGCTTAAGGCCCAGCGGGCGGCGGTGCTTAACCCGGCCATTCCTGTGGATCAAAATTTGCATCCCGATGAAGACAGCGAAGCGGCCATTTGTCGGGTGGGGGCCATGGCCAATATTTTGCAGATCCACATCAATACCGCTTCCCCGGAAGGCACCCTGGTGGGACTCACTAAAATTTACCAACGGCTGGGGGAAAAAATTCTCCGGCACGAACCCCTCAGCGACGCGGAACAGAATTATTTGGGCTACGACGCCATCCAACTATTGCCCATCGAACCCACCATTGAATATCGCCTGGAAGATTTCAACCAAGACCACGAATTTTTCTCCATTGCCGGGGAAGAGGTGGAGGAAATAGAAGTGGAAGAAGGGGCTGTGGTGGTGGAAGAGAAAATCAAAGTTACCCTCCGCAAACCCAATACCCAAAATTGGGGCTATGACGTGCCCATTCTCGGTTCCGGAGCCACTAATCCTGCGGTGTTAGGTACTTTGCGCCCGGATGAATTGGTGGACTTGATTGCCACGTTGCACAATTTTCCCAGCGGCCCCATTCAGGTAATTTACGATTTGGTCTATGGCCATGCCGATAACCAGGCGTTGGAATTGCTCAATCGGCAATATTTTAAAGGCCCCAATATGTACGGCCAGGATTTGAACCATCAGTTGCCCATTGTTCGGGCCATTTTGTTGGAAATGCAACGGCGCAAAATTAATACCGGAGCCGACGGTATTCGGGTGGATGGGGGCCAGGATTTCCGCTTTTTTAATCCCCTCACGGGACGGGTGGAACAGGACGATGCCTATTTATTAGCTATGAGCGATGTGGTGCAGGAAATCCAAGGTTGTAAACGGTTACTGTTCACTATTTTTGAAGATGGCCGTCCCTGGCCCGAAGACGGTTGGGAAGAGAAATCCACCTATAGGGAGTTAATTGAGCTGCGGCCGGAATCCTACCAGTGGGGTCCCCTAATTTTTGCCCATAACACCCCCTCCCTCAAGGGTTTTTGGCAACGGAAATGGGAACGGGTTTGTGAGGTGATGTACAAAGGCGATCGGTGGATCACTGGCTGTGGTAACCACGATACGGTGCGCCGGGGTAACCAAATTGACCACCATAACTCGGAAATTAACTGGAATTTGGGCACAACTTTGCCGGAAGTGTTGCACAATGCCTACGACAATCCGGCCACCTTATTGTGGGTCTATGGTTTTTGCCCGGGCTTACCGATGGATTTTTTAAATGCCATGATGCACAGTCCCTGGGGGTTTTTCCGCAACACCGATGAACGCTATGGCGTGAAAGTAGCTTTTGAAGAAGCGGGTTTTCTCGATTGGCAAATTTCCCCGGAGTTATACCAGCACCCCCAACTATTTCCCCAACTAAAGGCCCTGGGTTTTAAAGATTTGGCACTGTTGCAACGGTTTATGAAGGCAGTGGCCGATGCCATGGTGAAAAAAGATTTTCAGCTCGAAGCGGTAGCTAAGGCCTGTCGCCATTGTTTGGGCTATGAGCCTGAGGAAGATGGGGACGCGGCGGCCTGTGATCTGGAATTACTCAGTCAGTTTAAACATGCCGAACAACCGGAATTTGTTACCCGTTTGGATGTGCCGAAGTTGAAAAAATTTGCTAGGGCTTTTATGGAAGATGGCCACGAAGCTTGTCGGGTATCCTATCATTTCGACCAAGTGGACCCAGAAAGAAGTCGTTTTAACTTGGCATTGCGCAATTACCGACGGCAACATCCCTGGTTACACCACAATCTCCAAGACGGCGATCGCTTTAACCGCATCCATGAAAATGACCACACTCTTTTTTATGGTCTCAGGACTAACCCCGCCACAGCCCACAGTGATGATCCTGAAAAGGTGGTGATGGTGACCCATATGGAGGGAGATCCTGCCATTGTTACCTTGGGGGACTGGTTACAACTGGATTTGCAGGAATGGGAAGTGGCGATCGCCACCCCGGGGGTGAATGTGGATTCCACGGCGGATTCGTTACGGGTGTTTGAGTTGCGGGATGGCCAGGGTGTGATTTTGCGCAACAGTCGCTCGAAGAAGGAATGCTAGGGCCAACCAGAGCAAGGATTTTTTTTGATTAATTTTTCGGAGGTTACCGTCTATGACAGCAAAACATAATCAGTATGTAATGGCCCTGGATTTGGGCACCACCGGCAATCGAGCTATTTTGTTTGATTACGAAGGCAATATTGTCGGGCAAGCTTACAAAGAGTTAACCCAGTTCTATCCCAAGGCTGGCTGGGTGGAGCACGATGCCCTGGAAATCTGGCGGGATACGAAAACAGTCATGCAGGAAGTGGTGCAAAAAACCGCTATCCAACCCCAACAAATTGTGGCGATCGGTCTAACGGTGCAACGGGAAACGTGTTTGCTCTGGGATAAGACCACTGGCCAACCCCTCCATCCGGCAATTGTCTGGCAGGATCGACGCACTGCTCACTTTTGTGGAGAATTAACCGCGGCGGGCTACGTGGACGAAATTTATGAGCGCACCGGCCTCGTGTTAGATGCCTATTTTTCGGGCACCAAACTCCATTGGTTATTGGATTGGGTTAAACAGAGTAAGAGTGTCGATCCAGCTAATCTGTTGGCGGGCACCATTGATAGCTGGGCCCTCTGGAACTTAACTGGGGGTAAAGTACACCGCACGGACCACAGCAATGCTAGCCGTACTATGGTGCTCAATTTAGACAGCCTCATCTGGGATGAAAAGCTGTTGGATTTATTCACCATTCCCGCCCAGATTATGCCGGAGGTGCAACCTAGTTTGAGTTACTTCGGCGTTACCGACCCGGAAATTCTGGGGGTAGAAATTCCCATTACCGCCATTTTTGGTGACCAACAGGCGGCCCTCTATGCCCACGGCTGCGATCGCCCAGGATTGCTGAAATGTACCTACGGCACGGGGGCTTTTTTGGTGGCGAATACGGGGCAAACGGTAACCCGTTCCCAACATCGCTTACTTTCCACTGTGGCTTGGACCCAAACCAACCGAGACAAAAGCTTGACAAGGGATTACGCCTTGGAAGGAAGTATGTTCACTGCTGGTTCCTGTGTGCAATGGCTACGGGATAAGTTGGGTTTAATTGAATCAGCGGCGGCCAGTGAAAGCCTAGCCCGCAGTGTGGATAGCAATGGCGGCGTTTACTTTGTGCCGGCCCTAAGTGGTTTGGGGGCTCCCCATTGGGACATGAATGCCTGTGGCGCTTTTCTTGGCTTAACAGCAGGGGTAACTAAAGCCCATCTAGTCAGATCGGTTCTAGAGGCGATCGCCTTCCAAGCCCGGGAAGTGGTGGAGGCCATTAACCAGGATAGTCCCGCCCCCATTCAACAACTGAAAGTAGATGGAGGAGCCTGTAACAATGACTTTTTGATGCAATGCCAAGCGGATGTTTTAGGCATTCCCGTAGAACGGCCTGCGGTGTTGGATGCCACGGCCCAGGGAGCCGCCTTTGGAGCCGGGCTAAAAATTGGGTGGAATCAGCTTCAAATTAGGTTTTTCCGAACCTTCCACCACGGGACGATAAGCTTAATTTGTCTTCAATTTCTGCCCATGCGTATTCAGGAAGGTGTATCCGTTGACCAGTGACATTGCTTCCATCACCAGCACCCAAAACCCCCTGGTTAAACAATTGCGCCAACTGCACCAAACCAAGGGACGGAAACAACAGGGTCAACTTTTGCTGGAAGGCACCCATTTGCTCGAAGTGGCCTTAGCCCAGGGCAAAGGCTTTAACCATGGCTGTTTCACCGCAATGTGGCAGGAAAAAAATCCCGTCTTGGCCGATCGCCTAATGGCCCAGTCTGTCCACAGTTATTTGGTCAGTGGGGAAGTTTTGGCAAAAATGGCCAGCACCGTTAATCCCGACGGCGTGGTAGCAACTTTAACCATGGATCAATTTTGGCGATCGCCGCCCCCCCATGCTCGGTTAGGCCTAGTGCTGGAAAGATTACAGGATCCAGGTAACCTGGGCACTATTCTTAGAACCGCCGCCGCCACCGGAGTGGAAGGAATTTGGTTAACCGCTGACTG
CP129343.1_gap62	1956608	1957908	1300	CAACCAGTCAAATTTGGCTAGTATTGTAGGTCGGGTACAATCAGAACTCGCTGGCTAGCCTGAAAAAAATTTGTTAACCATTAACAGGAGACATTAATAACCATGGCCCATAAGAAAGGAACGGGGAGTACCCGGAACGGTCGCGATTCTAACGCCCAACGCTTGGGAGTCAAACGCTACGGTGGTCAAACCGTTACCGCTGGCAGCATCATCGTGCGTCAACGGGGTACCCAAGTTCATCCCGGCAACAACGTCGGCCGGGGCAAAGATGACACCCTTTTCGCTTTGATTGACGGTGTGGTTAAGTTTGAGCATAAAACCAGAAGCCGCCGCAAAGTGAGTGTTTATCCCGCCACTGCTGAATAAACTTCCATCAAGTTAGAATGCTTAAAATCCTCCAAATTCTGGGGGATTTACTGTTTTTACCCCTGTAACTCAGCTTCGATGTCCTTTGATACCCCGCTCAAACCCTATCTTGCTATTCCCATCCAAGATTGTGGTGAACCCCTCGCCCCCATCAATCTTGAAGGCGTTAAATCGCTTAAACCCCATCCCTACGCACAAGTAGGAGCGGATTACCAAGGGCGATCGCCTTACGTATTGCGTACTGGAGTTTTAAAAAGATTGGATCAGGCTCGGTTGACCTTGGCTGACATTGAGCCGAGCTGGGAGATTTTAGTATTTGATGCTTACCGCCCGATCGCCGTTCAACAGTTTATGGTGGATCACACTTTTGCCGAAATTGTGGCGAGAGATGGCTTACAAGGCCAAGTTTTAACCCCCGAACAAAAGGAAAATATTTATCACCAGGTTTATCAAATTTGGGCCGTTCCCAACAATAATCCCCTCACCCCTCCGCCCCACAGCACGGGAGCAGCTCTGGACATAACGTTGCTGGATGACTTAGGGCAACCTGTGGATATGGGGGGAGAAATTGACGAATTATCAGCCCGTTCCCTGCCCAATTATTATCAAACAGTGGAACCGAATAGCGATCGCCAAAGGAAAGAATTTGAGCAATATCAAAGACGACGAGAACTCTTAAATACCATCATGGAAAGCGCCGGGTTTCTGCGGCATCCGGGGGAATGGTGGCATTTTTCCCAAGGGGATCAACTCTGGGCATGGCAATATAATCAACGACATCCAGACCACCAAAAGATCGCCTACTACGGCCGGGTTGAATGATGTTCAAATTTTGTTTACAAAGCTTTAATTTGTTTATTTAATCTCGGAAAATGTTGAAGAATAAATTAAAACTTGAGCAACAGATTTTTTAAAATTCTAACAAGCAGATATT
CP129343.1_gap63	1959957	1962971	3014	GAAAAGTTTCTCGATACGCAGATAAAATGCTCTTCATCGGGAATGTATGTCTGCTTAGCGTTTGCGGTGGTGGTCCATTTGGAGCTAGAGATTTTGTTAGAAATAACCCTGTAAAATAAGATTCAAGCACAAACATCCATGGACAACATTAAAATCGATCAGCTGTATGAAAAAGACTATAGCCAATGGGCAGAAACCATGGCCGATTTGCTCCAATCGGGTAAATTTACGGAACTTGATATTGAAAATTTGGTGGAAGAGGTACGGGATTTGTCGAAGCGAGAAAGGGATCGCCTTCTGAGTAGTCTGCGGTTGATTGTCCATCATTTGCTGAAGTGGGATTATCAGCCAAAACGGCGCTCTCGCAGTTGGCAAGGAACAATAGAGTAAGAAAGAGCAAATATCGATCTCTACTTGAAAGATAGTCCTAGCCTAAAACGCTATTTGATTAATGAATCCCTATCAAAAATTTATCCTGCCGCCCGGGCCGATGGATTTAAGGAAACGGGTTTGGCTCTGCCTGATACCTGTCCCTATGGCATTGATGAAGTGTTGCATCGTGTGGTTTCCCTGGGTGATTAATCATCAATTGTGTCGGTCCGGGGTAACGGTTTGTTACGGGTGTTAAGGGTTGGGAGTTTGTTGAGTAAGCTAATGAATGTCGGTTCTCAATTGGGATTCCTATGTCGGACGTGATGATCCGGGGGTCAAATTTAGGCAAAAAGTACATGATTGGCCACCAAGCAGAAGGACGGTCTAATTATGTGGCGCTGCGAGATGTACTGACAGATGGAGCCAGGTCCCTGGTAAAGCGGTTTACGGTTGATAAAAATCGATCGCCTGCTTGGGGTCTATTCCAGTCCCGACAGAGATCCCCGTATGCACTCCGTCACCATTTCCCTGGTGGTTAAAGCGCAAGGTGATTTGCTCATTGGCGATCGCCAGGAAGTATCCGAGGTCAAAGCTTTTGCGGTGAAAGATTTACCGTTGGGAGCATTAAGTCACGACCACGATCAACAACTACAGGATTTTTTGCAGGGGGAAACAATCACTGCCTGATTCCCAGTACTTCATCTTGGGTAAACATTCCGTATAAATCAGCTAAGTTTTCAATCAGATCTTCAATTTTTTTTCAAGAAGTATGGGTGATTTTCATAATGCAGTTCGTTTGATGTAATTCAAATGTTTTTCAATAGTTTTGCAAAAGTTGTCTTCTATTTAAAAGATATCTGCCCCTAGTGCTTTTCGTTTCAAGACTAATACACGAGGTCTGGCTCCTTTCTCTAGAGTAAACCCAAGACCTGACCGATATATCTCCGGCATGTAGTAACGTGCAATGTCATCTTTACCTCTATCTTCATAAATCACACCTATATCTTCCAGCATTCTAATGGTTGCTTGGTTGATAGATAACGCATCCAAAGTAAAAGGTGCACGTTTCTGCTCTGGTGTGTATTCTGTTTCTACAATGTCAACCCATTTTTTAAATTCGGGATACTCTTCTTTGACTTCGCTAACTTTATCTTTGCTGCAAGGCTCTATTGCTCGTCTAATTGCTTGAGGCGGCAGAAGACGGCTTTCAGACCAACGCTCAAATTGAACTTCTCCACTTCTATCGATAGTGATATGTGCAGCATGATAGAGGAGTCGAACAATGTCCCTCGCTTGTAAGCGCCCCTTGAAATCTGACAATGCTGCATAAATCCAATTCGCGGTATGCGCCTCTTTTCCAGTATCTTTTCCCAATTTTTTTCCCCATAAATTTTCTAAACTGGTAACCAGTTCTTCTCGACTCAAACTATCCAAGACTTCTTCGTTGGCACCAATCACAGAAGCTTGACTACAAACCCAATAAGCCAATCTTAAAAATGAGTCTGCATCCCAAGATAAGTCGTAAGGACTATAAAGGCTTTCAAATTGTGCGAGGTTTTGTGTAACTGAGTATCTTAAAAAATCACGTCTCAGAAGAATGATTAAGCCAAAGTTAGCCTGTCTAATTTCATTTAGTCTCTTGGGCAAATTAATTAACGTTCTTAACGCAATTTGTTGCCCTGAATCTACTACAGCCTCTGCAAAAATATCCTCTAATCCATCAAACAAAAAAATAAGGCGAACATTTTTTTGCTTTAAATAATCGTTTAAGATTAGCAAACTTGAAGAATCATTATTCTGTAATAAACCAACCGACTTAGATATTTGCTGAATCCAAAATCTTGTCCACTCTGGTTCACTGCTAGACTTTTCAAGAAAACTTTTGATGCTGTCCTGAAAATCTGAGTGATAAAATTCAAGCATAGAATCAGACAAAGCTTTCTGAGTTGACGCCCTGGCCTCTCTGACAATATTTTCTGCCGCATCCCTCAATGTACTTGACTGAAGTAGGGGAAAGATGTGAGTCCTTGGTTCGATTTCAGCTAAGTCTCTTGTTGCACGCCTTAGAAATGTTTCCCAGTATTTTAATCTAGAAAGTTGAACATATATAAACGTTTTTCCAGCTCCCTTAGCTCCAATCGAAACTACACGAGGTAATTCATTACGAAAAGTCGTTGCTAAATTTTTCAAAGATTCAGTGACTAATAAACTTTCTCCTTCACCACTTTCTGCAAATTCATACTGTTTACACACCTTTCTAAAATTACGAACTGATTCTAGAGAATTGTCAATTGTGAGATCTGCACTTGAAATCTGAGGGTCTTCTGTTAATTGAGATGCAGCCCATTCCCTTGCAATTCTCATCACTGAAGTTGAAGCTAATTTATTTTTTGCTTCCTCCCAAGAATTAACATAAAGTAACTCTTGAGTAAAGTCTGTTTCCTTAATTTCTAATCTTGCAGAATATAAATTTTCATCATCGGACTGATCACCAGGATTATAAGCAGAGTTGAATTTTTCTAAAGAATTCTCAAAGGCAGAAAGCTTTTTTAATTCAGGAGTTAGAAAACTAATAATTATTGATGGATCATAAAATTTTCCACTACTAATCTCTTCTTCAGAGGGAGCAATATGACTAATTT
CP129343.1_gap64	2029007	2032022	3015	GACTGGCTTTTCTATTTGTTCTTAACAGCCGTTTTTTACGTTTACCGTTTAGTCAGCCTGAAATCGAGAACAGAGCAGGAACGCATCGGTTCAACGCCGGTGTTTTTCTCTACCCTCGGTTTTTTTGCCATTTTTGAATTTGTTTTTGCGGACTCTTTGTTTAGACTGCCACTATTTCATGTTTTAGGGCTAATTTTTTCCTTTATTTGTGCTTTTACCATTTATATTTACCTGCGGAATTTAAAAAAGGAGGTAGAAGTGATTTTCGAAAAATTAGTCAAACAAAGTCAGGGCAAAGTGAGCGTACTGACTTTTATGCAACGTACTAACATGACTAAAGATGAAGCCATGGATTACTTAGACGCCAAATTACGCCAGCTCCCTGGCATCACCTACGAAACCCTGGGCAATATTTATTATGAATTTGACCGTTGGTAAGGGCTTCTGCGGTGGCCATCTAGACTTCAAGTCTGGGCCCAGGAACCGTGCAGGGGATAGGGAATGTGATGCTTTAACTTCAAAGTGGCGATCGCCGGAGCAGTAATGTCCTGAGCATCAAGAATCACTAGTTCGGAACGGTGCAAATCAGCTTTATAAATCAAGCAGAGCAACCAACCATCATCTTCAGCCACGCCACCGGGTCGGGGCACAAAAATAGGTTCCCCGGCAAAACCATGGGGGGCAAAGGAACGTAGAGTTTCAGTGCCGGACTCTAGATCTACTTTGAGAATGGCCTGAAGGGGAGCATTGCCTGTGCTATGGTGTGCGGCTCCCATGTAAACATAGCGATATGGACGGCCAACCTGCTGGGGATGGACAACGGGAAACTCGCAACAACGACTAACCATTAACTGTTTTTCCACCGTGGCTGCTGCGGGATCAATGGTGAAACGCCATAACTGTCCGGGATCTAAATTATCGAAATTCGTACTACGAAAATCCCCATCGGTGTCTACCTGGGGCAGGGAATTGTAACAAATGGAATCGAGGATTATTTTGCCATTTTCCTCAAAAGCGTTGGCATGGTGAAAAACAAAGCCTGCCTGTACCGGAATTCTTTTTATTTCTCCACCGTCCCTAGGAACGAGAATAATTTGAGCAGGTTTATCGGGATGAAATTGCACACATTCCCCTGCTCCTCGCAAACCGAAAAGGTAGGGTAACCCGTTGAGAGTAACGTTATTTTGCAGAAAAATGGCGTAATGGGGCGTGATCGCAAAATCATGAATAAAAGCAAAACCAGGAAAAGTTTCAGTTTTTTGCCGCAACAATTTACCCTGGGGGTCTAGCTCTAACAGGGTGAGGGTACTGCTCAAGCTGGATTTAATTGAAAAGGTCACATAGCAGGGTTGGCCCCCATCAAAAGTTGAAGCCGGATCAATGCGGGGATGGGCCGACAGGGGTTGCCCTTCCGCAAGAATGCCGCCCAAATCATCCAACCCAATGGTTGCTAAGTTTGATGGTTCCAAGCGATGGGGTTGTCCCCCTTCCCATAGGGCCAAGAGGCGATCGCCCCAGTAGGTAATGTTGGTGTTGGCAATGTTTTTTAGCCGTAAGTCAAAGATAGTTTTGAGCCAGCCCCCCGCCGGTTGGGAACCAAAGACGCCCCGATAGATCATTTTTCCCGCTTTTTGCTCTTCCACGTAACCCTGGGTGCGGACAAATTTGCTCTGGAAATGTACTCGACCGTCCCCAGGAAATTTAAAGGCTGTCACCATGCCGTCCCCGTCAAAGGGATGCTTCAAAGGGCGATCGCCAATTTCCAATAATCCAGGGCCGTTGCGATAGAGCGTTCCCTGGAGGTCTGGGGGTATGCTCCCTTCCACGTCTTCGACCCAATAATCCCACTCCTGGGGCTGGGACTGGTAACCTCTCAGCCAATCCTGCGGACTGTAGGAGCGCTGCGATGGGGAACTGGTTGGGGGGGAAGTGACCATGGTCAATGGGGAAGTTTGTTACATTTCTTTACTTTTACCATTGTAACGTTCTCCGCTCCGGGGAACTGGGGGTTAAAATCTATACGTAAAGAATCTGAAGTTTTTCCACTTTCGCCCAGGGAGGTAAATGATGGCGACCGAAGTTTTAAACAAGCCCAGCAATAGCACAATCCGCAAACACGCCCCCCGTTACCGGGTCTTACTGCACAACGATGACTTCAACTCCATGGAGCATGTGGTGCAAACTTTGATCCAGACGGTGGCGGGCATGACCCAGCCCCAAGCGGTGGACATTATGATGGAAGCCCACTTTAACGGCATGTCTTTGGTGATTACTTGTGAGTTGGAACACGCTGAGTTTTACTGTGAAACCCTGCGGAGTCACGGGCTGTCCAGCACCATCGAACCGGACGAATAGGCCCTAATTTTTTCTTGATGACAACGGTTGATCCGGTGGAACTTCAGCGGCGGAGGGCATTAGACATCCGTAACTCGCCAACTAAGTTTGAGGTTGAACCAAAAGTTCCAGAGGGTCACTAGGGCGATCGCCAGGGCGTTGGCTAGGTAGCGGTTGAAGTGGGAAAAGTTAAAGAAGAAATTCAACAGCCCCAGGTTAATGCCCAGGCCAGCCCAGCAGATCAGGTTAAATTTGAGCAGACGTTTACTGACTTGGGAGGGACTATTTTGTCCCTGGGTTAGATCTTGAAAAGTCCAACGGTCATTCCAAAAAAAGTTGTTCAGGATGGCTAACTGGGCGGCGATGATCTTACTGCGGCTCAGGGGCAGATCTCCCAGGGATGGTTCCGTGAGGATAAATAAAATGGCCATGTCCACCGCCACTCCGGTTAGCCCCACCGCGCAAAATTGCAAAAACCGGGAGGAAAGGGACAACCTCAGTTTGCATAGATGCTGGAGATATTCCACATACTGTCGCCAAGTGACCTTGCTTTGCCCCGATCGCCGTTCTTGAAAAACGTAGCCGACCTCCGCCAACCAACGGATGCGCCCCCGGGCCGTCACTTCAATGAGGATTTTGTAACCCACTGGACTGAGGGGACAATCGGCGATCGCCTGACGC
CP129343.1_gap65	2080731	2084592	3861	TGGGATGGCAAAATTTCTGGTGAAGCTTGGGGAGTAGCTGAAGTAGACTGTCGCTCTATCTGAATTTGACCTATAGATGAATTATTAGATAAGTTTTTATAAAAGTTGTGATTAATTAGAAATGAAGGTGCGTAGGATTCTTCAGCTTGGCTAACAGTTGATTGTGAAGAGGATTCGACTTGAGACTGGTTAATAATTTGCCAAAGTTTGTAATTACCCTGATGGCTAACTAAAGTGCAAACAAAATTTCGCCAAGCAAACTGAAATAATACCTCTTGAGTTTTCAACATATTTAAGGTGTCTGCATCAAACTCTAGCAAAATACACAATTCTTCCGTCGTTATCCAGAATTCGGAATCACTAACTTGCTTAACTAAGTTAAGTTGCTGAATTACCGCATGAAGTTTACTTTGCAATGGTTCTTGCATGATTCTGGTCATAGTAGTTAAAAGAGTATTGACAATCTCTTCAATAATCATTTTCTCATGATCAAAATCCTTTAGGCAGATCCCAGTGGTTTATCTTCTTTTTTGGCCGCTTTTTCTGTGGTGGCATTTCTGGTCTGAGGTTATTTGGCGGTCAAGAATAGGATAGCGCTTGGCGATCAGGGGGGAGAGGTTGACAGATGCCCAGCCCTATTGGCAGTGGGCTTGCTGAGCTTGTGTTAGCATAGAGCTATTATCGATTGATTAAGATGTCAAAACTATGACCAAACCAACGATAGAACTATCAGAGAGTGTATTTAAAAAAATTCAGGTACTTTCTCCGGAAAACCAAAAACAAATTCTAGATTTTCTAGAATCTATAACAGCAAATTCCGATGAAACTCAAGAAAAAAAAGCAACTAGAATTTCAGGATTGTATCAAGGACAAGGCTGGATAAGTGATGATTTTAATGATCCTCTAACGGATGAGTTTTTTTCGGAAGTCTGATTTATGGAACTGCTGTTAGATACTCATGCCTTTGTTTGGTGATCAATTGCTCAGGAAAAACTATCTTCAAAAGTAAGTTCTTTATTGTCAAACACAAGTAACAAAATATTTTTGAGTACAGCAAGTGCATGGGAGATACAAATTAAACTGCAACTTGGAAAGTTACAACTTAACATTTCCCCAGAAGAATTAATCAAAAATCAAATGACCATCAATGGTTTGCAGGTTCTGTCTATTGACTTGGAGCATATCTGGAAACTGGCGGTTCTTGAACATCACCATAAAGATCCCTTTGATCGAATCTTAATTGCCCAATCTATGACCGAAGAAATTCCGATTTTAAGTATTGATAAAGTCTTCGATCTTTACCCGGTTCAAAAACTTTGGTAACTGTTCAGGCGGTCAGGGTTAACTGACGATCAAGGATCGGATTGTGCTTGGCGATCGGGTATTAACGGCGATCCACATTAACCATGGGCTTATTTCCACCATGCTAGAATAGGGGCACAACTGACTTAAAGCAGTGTCTCCCACAGATTAGCGACCTTAAAATGAATTCACTTTCTTTTGAATGGGACGAAGAAAAGAATCGAACCAATCAGAAAAAACATGGTATTTCTTTTGAGGAAGCTGAGACTGTTTTCTACGATGACAATGCTATTCAGTTTTGGGATGATAATCATTCAGAAGTAGAAGATAGATTCCTAATGCTGGGTAGAAGTTCCAGAATGAGAATCCTGCTAATTGTTCACTGCTTCCAAGAGAATGAATCTATCATCAGAATTATTTCTGCTCGCAAGGCTACTCCTAAAGAAACGAAACAATATAGAGGATAATATTATGAAGAAAGAGTATGATCTAGCCAACATGAAAAGCCGTCCTAATCCTTTTGCTCAAAAGCTTAAACAAAAAGTTACTTTACCTTTGGGAATTGATGTAGTTGATTTTTTTGAAAAGAAAGCACAAGAAAAAGGCATTTCTTATCAAGAAATAATTGAATTATATCTTCAAGATTGTGTTGTTAATAATCGAGAACTTTCATTTTAAATGCTCAGCTGACGGACAGGTGTTTTTGTGTTTGTAACCAGAGTAGCTCTCAAATATGAAACCATCTATTTCAGAAACTACCAACTCCATATTCCCCAATGGGCAGGACTCAGCTTCGCCGGGATTACTTTCACGTTTGTGGTCTTGGATCAACTCCTACGGGGGTTTGTCCGACTTGAAGAAGTACAACGCCGAACTGAGGAAGAGCAACGCCGAATTAAGCAAACAGAACGAGAAACTCGCCGAGCTAGAATTGAAACTCGATAACGTATTGCAATCATCCAGCACCAACTTGACCCCAACAATCTCCACCGACAACAATTAGGGGATATTCAAGCACTTCTCGAAGAATATCTAGATACCCTTTAGCCAATTGGCTATCTGTGAGGTATTGGCAATCGGGCTAAAATGGGGGAAACTTTGCCCCAACAATTGCCAAACATGAACGCAGTCAGCCAAATTATTGCACAACAAAAACTTGCAGCTATCATGGAGCAAGTATGTAGTGATCATGTTCCAACAATTATCACCAGGGATACCCAACCATCTGTCGTCATGATTTCCCTGGAAGACTATCAGTCATTAGAAGAAACAGCATATCTACTACGTAGCCCGAACAATGCTCAAAAATTGATGTCGGCGATCAAGCAATTAGAAAATGATCAAGGTGTCGAAAGGGAACTATTGGAGTGAAGCTAATTTTCTCTGAGCAAGCCTGGAGCGATTATCTTTACTGGCAACAAAACGACAAGAAAATACTTAAAAGAATCAATACCTTAGTTGAATTAATTTGATAGAAAAAGACGACCACCTTAACGGCGATCGCCAAACTGTTCAGCTCGTCAAAGTAACTAACTAAAAAGCCAGTCAGCTACCACAACAAAAAATTAAACATCGGTGTCCACTCGACCGTAGAAAATGCCCCGGACTTTAACATCAAGGGGTTCTTTAGCACCCAAATCAGTGTCAGAGGGTTGCTCGCTTTCAAAAATACCGGCAATTTCCCCAGTGGAACCATCAACCTGGGTCACCTGCAAGGAAAGGGTTCCTTTACCCAAGGGGGTTTCCTTCTTGTTGGTACGGAATTTATCCGCCGCTGAAGGCAGAGCTACCGCATTGTCATAACCAGTGTATAGACCCCGGGCTTTGGGATCCAAGAAACCAGCCCCCCGGTAGGAAGGCACATTGAAATCCCCAACAAAATCGGTGGAACTATTGATGGAAGTAAAGCCAGGCTCCGTAGTGCCAGTAAAATTTTTCACCGTGAAAAAGAAGGGTACTTCTTCACCACCGGGAAGTAATACCGTAATCGGCTGGAAGTCAATGCCATCTTTTTCTTTAAAAGTCAACGTTCCATCAGCACCCACTGCAATGCTGCCGCGGATCTGTTCTAGGCTAGTGGTTTGACGGGTCAGAACCTTACCTTTAACGTACTCAGCCTTTTGGCGCTTATTAACGGGCTCTTCCTTAACAAAATACTCCTGGGGCTCCATACAGAAGTCAGAAACAAAATACTTAGTATTCGGTTCCACCTCAATGGTTCCTCTGGTGAAGGAAGAAATTTCAGGGCAAACGTTAGCTAGACCCGTATTTACAATGTCATCGTAGGTAAGCTGGCTCTTATCAACCGCAAAGGCACTGCCGCTATATAAAAACGTTAGTAGTCCAAAGCAGACTGAAAGCAAAGCCACAATAGACGGACGAAACCTCATGGTTTAACCTCGCTTAAGTCAATCTCAAATTTTTTGTCTTTTTCAGGCCTTGTCCGGCTCCAGACTTACACGGATGCAACCCTAGGGATTATGGACAAAATAGGCATATTTTAACGAGATCCACTCTACCAAACTTTCGTTACCTTACCAGCCATATGGCCGGAAGGGG
CP129343.1_gap66	2087102	2087805	703	CCAAAGTCACCGAATTTGATGATGGCCTGGAAATTCAAGGGGGAAGCCCGTTACAAGGGGCCGAGGTGGATAGCTTGACGGATCATCGCATTGCCATGGCGTTGGCGATCGCCGCTTTAGGTAGTGGGGGGCAAACAATTATTAACCGGGCGGAAGCGGCCGCCATTTCCTATCCAGAATTTTTTGGCACGCTAGGGCAAGTTGCCCAAGGATAAAGTTAGAAAAACTCCTGGGCGGTTTGTAAATGTTTTACCAAGGTAGTTTGGGGTAAAGGCCCCAGCAAGTGCTGCCAGGGTAATTTATCCGCAATTGACCAATCGGCATGGACCGTATCGTTCAAACTGGGTAATTCTCCCTTTAATTCCTTAAAAGCTCGCTTAAAACTGCCCAACGTATCTCCGTAATGGCGAGTGAGTAGAAGTAATGGGGCCAAACGGCGATCGCCACGGGAAATTAAAGCCTGCATCACTGACCAGTTATAACTTTCGGGACGAAAATCAACACCCAGGGGCCGCAGTTTTTTTTGCAAAAATTGTAGACGCTGTTTGGCTTCCGGATTGACCCCATACCATTGGAACGGGGTGTGGGCCTTGGGGACAAAGGTGCTACAGCCAAAGGTGAGACGTAAACCGGGGGCGACTTTTTTGACCTGTTTTAATAAATCTACCGTTGCTTCCACATCTGACCTTGTTTCCCCTGGCAC
CP129343.1_gap67	2102533	2105934	3401	CGCAAATTTTCGTACTTCCATTTGCCCCGCCAACTGCAACGTTTCCGGTAAATCCACCGCTAGGGCTAGGCGATTAATCACCGTTTCCGTTAGGGTCATAGCCTCTTCCAACATGGCCTTAGCACTGTTGAGGTTGCTAGCCCGGATTTCACTGTTTAACAGGCGTTCATGGCTACGACTCAATTCCGCCGAGGCCGTTTCTAAAATTTCATGGACTTCCCCACTCAGGGTGCGGGTGGCGGCCAACAACAATGCTTCCAGGTCGCCTTGCTCCAAGGTTTCGGGCTTAGTGTCCTTGCGGCTCAATTGGCTCAGGCTCAACAGGGACAGTTCACGGGCCACACGGCGGGGTTGTTGACGGGCAAGCATAGGTTCAAATCTCAGCAAATCAGGAGTAATACTTTCTCTGATCCTATGGCCATTGTTGGTTACTTGGATAATCTGGCCCAAGCCTAGGCGATCGCCGACTGGATTTCGATTACCATGCAACTCACCAATGCCGATGGGTTTACCCTGTGCCAGAGCCGGCACCAAAGGATTGGTTCCATTGTGGATTAATGGCAGAATGGCTCCATGGCCCTAGGGGATTTGCTGAAAATGGTTAATTGGACTAGAAATTGGTTTGGTTTTTCGTGCTTATTTGTTCTTACTCTGGCGGTAATGCTGGGGCTAAAACTGTTTTTGCCCAGTCCAGTGGTGGCCCAATCCTCTTCAGATTTTATTCAACAGGGCAATCAAATTAGCATTGACGGTAAATCCTATCCTGTGGCCTGGGGTCAATGGCAGGAGGGAGGCCAGACCCGCACCGGCCTTGGGGATACTGGGGCCATGCAGTTTCTAGGGCTAGATCTGCTTGATAACACCAGCCCCAATCAGCAACCTGTGCAATGGTTCAGTGGCGATCGCCAAACTTTAAACGCCCGTTTTGTCGCTCCCAATCGTTACCTGGATGTAACTTCCCTCTTGCAAGGCTTCGGACCGTTGCAAGCCCAGGGCAATACCCTCGTGATGCCCAACACCAATGCCCAAATTCTGACCGTGCGGGACGGTAGGCAATCCTGGGGGGAAAGGGTAGTGTTGGAACTAAGCCAACCAGCCTTTTGGCAAGTGAGCCAAGCCAGGGAAGAAGCCGTTGTCACCATTAACGCCAGCAGTACCATCGGTAGCCAAGGCAATGCCAACGCCCCCGGACTACAGGCCATTGACCAGGACGATTTGGGTGGTAAAACCAGCGGCGGGCAACAAATTCGTTATCGCCTGGAAAGATCAGGGGCCAGCAGCAAAGTCCATTTTCAATTACCCGTGGGTTACAAGCTCCAGGTTAGTACTCTTACTTCTCCCTTCCGTTTGGTAATTGATGCCCGGGCTGATGCTCCTCCGGTCAAAACTATCAACTGGACAGAGGGCATTACTTGGCAACAACGCTTTGTCAATATCAGCGGCGGCCAATTTCCCGTCACCACCGTCACCATTAACCCCCGATCTCCAGGCATTTCTTTACGACCTTTGATGGCCAATCCCACCATGGCCCAGGGCACAGCACCGTTGGTGACCATTGCTAGGGATCAACGGGCGGCGGTAGCTATCAATGCGGGCTTTTTCAACCGCAATAATCAACTTCCCCTAGGGGCAGTGTGGAGTCAGCAAAATTGGCGATCGGGGCCGATTTTGAACCGGGGGGCGATCGCCTGGAATGACCAGGGACAAACCACTTTTGGGCGCCTATCTTTGTCGGAAATAATCACCACTGGGTCTGGTCAACGCTTAACCGCCAATTATCTCAACAGTGGCTATGTGCAACGGGGCATTGCCCGCTATACCCCCGCCTGGGGCCCCAGCTATATTCCCCTCAGTGATAACGAACAGGTTTATGTGGTGCAAAATAGCCAGGTCACTGCCCAATATCCTTTGCCCAAAGCGGGCCAACAGCAAATGCCCATTCCCAGCGATGGTTATTTAATCATTGACCGGGGCAACCAAATTCCCGCCGGGGTTCTGGCTGTGGGAACCACCCTTAACGTCAATGGGCGATCGACGCCGGAAGCTTTCAACGCTTTCCCCAACGGCATGGGGGCAGGGCCCTTATTAATTGACCAGGGACGCATGGTGCTCAATGCAACAGGGGAAGGTTTTTCCAGTGCTTTTCAACAGCAACGGGCCTCCCGCAGTGCGATCGCCGTGGACAGAAACGGCAACATTATCCTGGTGGCTAGCCATAACCGGGTGGGGGGAGCTGGAGCTAGCTTGGGGGAATTTGCCCAAATTTTGCAACAGTTGGGGGCGGTGAATGCGTTGAATTTAGATGGCGGCAGTTCCACCTCCCTGGCCCTGGGGGGTCAGTTGCTGGATCGATCGCCAGTGACGGCGGCCCGGGTGAGCAATGCCATTGGCGTGTTTGTTCGTTAAATAATGGTTGTGCCGACCCTAATCAATGCTGAGGGGGTCCACGTCAATATCCAGGTAAACGGAGCTAGGGCAAATTTGTTTAATTCTCTCCAGCGGCAAAATTACTTTGATGAAGCTGGGATATTTAACTAACAACTGCCAGCGATACCGTTGGGCAATGCGGAGAATACTGGCCGGGGCGGGTCCCAAAATCTCCACGGTCTTGGGTAAAAGTTGTTCACACAAAACGGCGATCGCCTGGATCGTTTTTTCCACCTCCCTTTCATTGGTCCCCAGACAACGGAGCAAAATTAACTTGCCGTAGGGGGGATAATTTAACATTTCCCGTTGGGGTAACTCCTGGGCGATAAAACCATGGTAATTGTGGGTTTTAACGGCTTGGATCACAGGATGGCGGGGGGTATAGGTTTGGATAATCACTTGCCCCGGCTCTTCTCCCCGGCCAGCCCGGCCACTCACCTGGGTTAAGGTCTGAAAACCCCGCTCAGCAGAACGATAATCGGCAAAATTAAGTAAACTATCGGCGGCCACCACCCCCACCAAGGTAATCTGGGCCAGGTCTAACCCTTTGGTTAACATTTGCGTTCCCACCAGTAAATCTGCTTCTCCCCGTTGGAATTGATCCAACAAGGCTCGATGGGCACCTTTACGGCGGGTGGTGTCACTGTCAAAGCGAATCCAGCGTAAATCGGGAAATTCTTGGGTTAGGGCTTCGGTTACTTTTTGGGTGCCACTGCCAAAAAATTTCAGATAGGGGGAAGAACATTCCGGACACACTTTGGGCTGGATTTCCGCATGGTTACAGTAATGGCACCGCAGGAGAGGTTGGCCATTGCCCTGGACGTAGTGATAGGAAAGGGAAACGTCACAGTTGGGACATTCCAACACATAACCGCAACTGCGACAGGAGACAAAGGTGCTATGGCCCCGGCGGTTAATAAACAAAATACCTTGCTGTTGTTTGGCTTTGAGTTCCCCCAGGGCAGTTTGTAAAG
CP129343.1_gap68	2119379	2123741	4362	AGGCCAATTTCCAAGTTAACGGTGTCGTCGCTGGTGGCCACCACAATGGCTTCGGCTCGGTTGATATTGGCGCAGGCCAACGTTCTTTCTAGGCGGGCATCCTCCACAATTACGGGCACCCCCAGGGAGCGGGCCGTATGCAAGAAACGATTATCTGTATCCTTTTCGATTACCACAATTTCATGGCCCTGGTGAATTAACTCTTCAATAATGGCCATGCTCACTCCCCCCAGCCCACAAATGATGATGTGATGGCGATCGGGTAACTTGGCCGCATCCAAAAACTGACTAAAGCGACTGCCAAGGATGAAATCATTCAGTAGGGCATAACAAATACCAATCACCCCCGCCCCGGCGATCATCATCACCACTGTGAATACTTTGATGATATCGGGGGACTTTTCGGCCACCTCTTCCTTGCCACCGGCCCCGGTAATCATGCCCACGGAAAAATACAACGCGTCCACTGGGGCAATATGTTGATCAATGGAAACGTAGATGAAGGTGGCCAGAAAAATCATCAACAATAAAAACAACACCACCCATATCACCTGTTGGACATACCGCTGATACTCCCGCAGGTTGGTAATCAGTTTGGAAAATTTGCGCCAAGGCGATCGCCGTTTGGTCTTGGGTTGGGGTTTTTGTCCCACTATTAAATGGTCCCCAGATTGCAACGTTAAATTATTCACCACTGCGCCTACTAAATCCGTTTCACTGTGGGCCGGTAGGTAATAGATCAACATTCGGCTCGGATCATCCCATAAATCCGCCAGGGGTAAATTGAGCCAGGGATGGTCTTGGTGAATGACAATTTCCTGAATGGGCCAAGTCTGGTCAAACAAACGCAATTGCCCGATCGCCTGATTGCCCAAAGCCGCAAAGGAAAAAATCGGGGCCGCCAGGGCGGAAACACTCAAACTAACGTGGTCTGGCAAGGTGGTGTCTAAACGTTTACCCAGGGCATGGTTGAACAAACGATTAACAATGCGAATGCGGGGATTCAGAATACGGGCCTGGGTCAGAATGGCCAAATTCAAGGCATCGTCACTGGTGGCTAGCACCAAAGTTTGGGCAGTGTGGATAGCGGCCCTAGTCAGAGTAGCAGTGGAATTCAGTTGCCCCACCACAATATTGCTGGGATTTTCCCCTGGCACGGGGCGATCGGAAACGCCAATCACTTCCGCTCCCTGTTGTTTAAGCAGGCTAAAAATTCGATAACCCGTTTGCCCCAAACCACAAACGATGATGTGCGGTTTCATAACGTCCTAAAAAAAGGGGAATCTGAAGGAAAAAAATGTCACCGACGGTAAGCCTTATCCCAGGGCCGCTGGAACTGGTTAAAACTCACCAAACTGCCCTTTGCTAGCCCGGCCATTTCATTGTCTCCATTCTCTCCAGACAACGCTAGCAAAACTGTCACCGTTCAATCATTTTGCTCAACTCGGCGATCGCCCTAGCCCCAGCATCGTACTGAAATTGATCTGCCAATCATTGCGGCCAACGTTTAAGATGGGGGCATTGTTTTAGTCCACCATTGTAATTACCAACGGAGGGAAAATGTTACAACTACTTATCGTCTGGATTGTCACCTCAGTCAGCCTGCTGATCATTGCCCAACTGCCCACAGGGGTAGAAATCTCCAGCTTTAAAAAAGCCCTCATTTCTGCCGTCGTTATCGGTTTACTCAACGCCCTAGTGCGTCCAGTACTGACGTTTTTCACTTTTCCCCTAATTTTTCTGACCTTTGGCCTGTTTTACACCGTAGTCAACGCCATCATCTTTGCCCTTGCTGCCGCTTTTGTAGATGGTTTTAGCCTCCGCTGGGGCTTTTGGAGCGCTCTCATTGGCGCCATTCTGCTGGGATTTATCAACTCTCTCCTCTTCCAATTACTACCCATCAGCAGCTAGTCCACAGTTTGACTTAGCTATGACATTGGCATTTCAAAGTATCTAATTAATGCGGTGGGGTTGATTCTAACTTCACCGTTTTCATCTGTTCTTGCAAAAATTAAAAATTGTTTGAGGGAAAAATTTTGCAAGTTACCATTAACCAAGCTAAATCTATCCTCAATAAAGCTACTGGTTTTATTCAGGACTACGATTTCACCCTCAATCCCTATCGTGGTTGTCAGTTCGGTTGTGACTATTGTTATGCTTCGGCCTTTAGTCCCAACTCTCAACTAAGGGCTAATTGGGGAGATTGGGTAATGGTAAAAGAAAATTCAGCAGAATTATTGGTGAGTGAACTAGAGAGAATTAGTAAAAAATATGACCGTCCGATTCGGATCTATATGAGCAGTGTGACCGATCCCTATCAACCAATTGAAAAAGAAGTACAAATAACAAGAAAAATTCTCGAAGTATTAGTTAAATATCAACCCATACTAGTCTTACAAACCCGTAGTCCCATGGTTGTGAGAGATATTGATCTTTTAGGTCAATTTCACAAGCTGAGAATTAATATTAGTATTCCCACCGCTAGCGAAAAGGTGAGAAAAGATTTTGAAAGTCGCTCTCCCAGTGTTAAAGCTCGCTTACAAACAGTGGAAAAACTCAGACATCAACTTCCTTCTGATGACAGTTATCAAATTAAATTTGCCATTACCATGACCCCCCTGTTACCGTCCTATGATGAAGATTTACCCCAGTTTATTGAACAATTAGCCACAGTTGACAGGATAGTTATACAGCCATTTCACAGCAGTAAAAATCAATCTTTAAAAGCTTCCACTCCAGCCAAAGCTATAGAATTAAAAGAAAAATATCAATGGTGGTATGTAGATGAAGATAAGAATTATCATAATCTATTCAAAAAATTAGAGTTACTCAATCAATACTATGGTGTAGAAATTTTTGAAGGCAGAGAAGGTTTTGGCTATGATTAATCCGATCAAGGCTGTCAAAGGCTTATGGCAGTTAAAAATCATAAAATCTGAAATTGCTCGCGGCAATACCAAACTAGCCCAACACTTAATTTTAGCCAGAAAAAAGCAAGGTTATAGGCTAACTCTTTTAGAAAAGTTATTTCTAGAAAATCAAAACTATCAAGCAAAAGTCCGGCAAGCTACTGACTATATATTTCAACAAAGCTCATCAGTAATTCAGCAAAAATTTCCGATAAAAAAACAGCTAATACAGCAAGTCAGCCAATCTTTTCGCTTAATTGACCATGACGGTTACAAAATCGAATGTACGGGTATTAAAACTTCAATATTTGCAAAATTAGAAACTGAGTTAGTTCATTTTCTGGAAAAAATCATTGCCGATAGTGGATTAAATGATAATGAAGCCAAGAAAAAAATAGACGAAGCCCATCGAGATTTAAATGGGTTGAAAAAGGGACTAGATCCAACCTATGACAAAGCCTTTAGCCCCCATGTGTACTTAATAAAATATTTTTTGGACAATGTTTATTGTAGCTATCTCGCCTATTTTTTTATTTATCAAGCTGGATATCTTCCCAAAAATATTACGATTCTTGATATTGCCGCCGGCCCAGCTACAATGCTATTCGGTTTATCTTTATTTCTAGAATCTTTAGCTCAACATCAAGAAATTAGTGATTTTAATTGCTCTTATTATTCTCTAGAAAAGGAACGTAATTTACAATACCGAGGCCTACAATTTTGGCGACAGTACATTAACGAACTTAAATTCCCGCCCAATATTTTTTATCAATTCAATACAGTCAATATTTTTGATTATGACAACTATCGCCATAAACTACCGAAGGAATTTTTTAATTTGATTATTATTGCCCATTGTTTTTTCTACCAAGGGGAAGATAGAAGTAAATCTTTGGATATTTATCGATCAATTTTCAAGCAATGTTTAGAACCGGATGGAAAAGTTCTATTGGTTATCCAAGGCAATAAATTTTATAAGATGTTTGACACTTATCCTGATGAAAATTTAGCGAAGGAGAGAGATTTAATCAAATCATTTTTAGATTGCCTCGGTTTGCGATTGATCCTTTATAAATATTTTACTTCAACTGGCAAAAGAACCAATAACAAGGAAGACTTCAAGCAATTTATCCAAGGGGATCTGCCGGAGCGTCCCCAAATTTCCAAACTGCAAGAAAAGTACTTCGGTTATTCTTCCATGAGTAAATATATTATTGATGACTTTGTTATCTATGCAGAGAAACAAGTTTAATTATCTGTTTCAGACTCTTCCTCCGTTGTAGAAGAATCCTCCGGCAGTTGATTGACTAATACTTTATCAATACGGATACCGTCCATATCCACCACTTCTACTCGGAGAGTATCGGAAACAAAATAATCACCGGATTGAGGAATTTTGCCCAAGCTTTCGATCACAAAGCCGCCGAGGGTATGGTAGTGGCCTTCCTCTTCG
CP129343.1_gap69	2125395	2128238	2843	AGGTTTTCGAACAGCTAAAAGCTTAGTGCCGGTTTTTTCCGTGGTGTTTACCAACGTCTGCCCCCTGTGACTACCCTAAACTACGTTGAATTGGTCAAGTTTCTTGTCCGTCCCTTTTTGGAAAAGCCCGATGATCTGAAGGTGGACTGTGAGGTGTTTCGACAAAATAGCCGGGTTTGGATTCGGTTAGCCCTAGGGGACGAAGACCGGGAAAGGCTCCTTAGCCGGGGAGGGAGGAGTTTGCAAACCATTCGCACCCTACTTACCACCGCCGCTGACCAGATGGAACAGTCAGCCTTCCTAGAGATATACCTCACCGATTCCGTTGGGAAATCGACCCCCCTACGCCGTCGTCGCTCCTCTGCTGGCCCCGCCCCTGTCCGTCGTTCCCGCAGTCGGGGAGAGTCCGTTAATCGCTACTAGGGGCAACGGTTTTCTCAGACAACATAACTTGGAAAGTTTTCTAATTTATCTCTGGGTAATGGGGTAGTAGTATCTGTTTGTAATATTTCTTCATATTGTGATCCAACGATGTCGACCCATTTACGCTTCCCCTTGGGAGGCAAAGAAATGGGTCGTTGTTTTTGTATCTATATTGTCTATTTTAAAAAATCATCTTGCGTATGATTGGGGGGTTTGTAAATTCTGAAATAGAGATTTAGTCCATGACTGGAAACGCCGCCCGCACCCAATCAGTTCACCAAATCATCAATCGACCTCTATCTTCTGGCAAGAAGTTATCCCGCCTGGAAGATATGTGGGCTGAGAACGTTTTTAATTTGAGCAAAATGCAGGCCAGTCTTCCTAAAGGCGTTTTCAAATCAATTAAAAATACTATTACCACTGGCGAAAAATTGGACCCTTCCGTTGCTGATGCAGTGGCCACTGCTATGCGGGACTGGGCCATGGGGAAAGGGGCAATGTACTATGCCCACGTTTTCTATCCCATGACCAACCTCTCGGCGGAAAAGCACGATGGCTTTATTTCTGTACAGGGGGATGGCAATGTCATTTCAGAGTTTTCCGGCAAAGTTCTAGTACAAGGGGAACCGGACGGCTCTTCTTTTCCCAACGGTGGCATTCGGGATACCTTTGAGGCTAGGGGCTACACGGGATGGGACGTAACCAGTCCTGCCTACATTATGGAAACGGATAATGGTTCCACCCTATGTATTCCGACGGTGTTTGTTTCCTGGACAGGGGAAGCGTTGGATAAAAAAGTGCCCCTATTGCGGTCCATTGCGGCCATGGATAAGGCGGCCCGCAAGGTGCTCAGTTTGTTGGGTAACGAAGACATTGCCCACGTTAATTCTAGTTGTGGGGCGGAGCAGGAATATTTTTTGGTGGATGCCAATTTTGCTAGCCAACGGCCGGACCTACTCCTCGCCGGACGGACTTTGTTTGGCAAGCTCCCGGCTAAGGGTCAGGAATTCGATGACCATTATTTTGGCGCTATTCCTGAACGGGTGCAGGTGTTCATGCAGGACGTGGAGGAGACCCTTTATAAGTTGGGTATTCCAGCTAAAACTCGCCATAATGAAGTGGCTCCCGGCCAGTTCGAAATTGCGCCCTTTTTTGAAGCGGCTAACGTGGCCAGTGACCACCAACAATTGTTAATGACGGTACTGAAAAATACGGCCAAAAAACATGGCTTTGTCTGTCTACTCCATGAAAAGCCTTTTGCGGGCATCAACGGTTCCGGTAAGCACGTTAACTGGTCAGTGGGTAACTCCACCCAGGGTAATTTGCTTGATCCCGGCGATTCTCCCCACGATAATGCCCAATTCCTCGTTTTTTGCGGTGCAGTGATTCGGGGAGTGCACAAATACGGCCCTCTGATGCGGGCGGCGATCGCCACGGCTAGTAATGACCACCGTTTGGGGGCCAACGAAGCTCCCCCGGCCATTATGTCCGTTTATCTGGGTACCCAATTAGAAGAGGTGTTTGAACAGATCAAAACCGGCAGTGTGAAGGATTCCAAGAAAAAAGGCGTGATGGATCTGGGAGTTGATGTACTTCCAGATTTAACCAAGGACGCTGGCGATCGAAACCGTACTTCTCCCTTTGCCTTCACTGGTAACCGTTTTGAATTCCGAGCAGTGGGCTCCAGTCAGTCGGTTTCTGGTCCGCTAATTGTGCTGAACACCATGCTGGCTGACTCCCTTAACTGGATTGGCGATCGTCTGGAGGCGGAGTTGGCCAAGGGATTGGACTTGGACACTGCCATTTTGACGGTGCTGAAGGAAATTATGGAAAACCACGGCCAGGTAATTTTTGGTGGCAATGGCTATTCCGAAGAATGGCATAAAATGGCAGTGGAAGAACGGGGTTTGGCCAACTTGCGTACTACTGCCGATGCTTTGCCGGTGCTGAAGGAGAAGTATATCGAAGACCTATTTGAAAAAACTGGTGTATTGACTCCAGTGGAGTTGGAAAGCCGCTTTGAAGTCTACGCTGAGCAGTACATCCTCTCCATTGAAGTGGAAGCCAAACTGGTGGTCAGCATGGCCAAAACGGTCATTTATCCAGCGGCAGTGGAATACCTGTCCAAACTTTCCTCCACCATTGCCAGCCTCAGTGGTTTAGGCATTGATTTTGAAAAGGAAAGTGCCAAAAAGATCGCTGATTTGACCAACCAAATGGTCGGTGCTGTCGCCAAACTAAGTGAAGCTATGGCTAAACACGACTTTGCCAACACCGAAGAGAAGTTGCAGTATTGCGCCCAAACTCTCCGTCCCCTGATGGATGAAGTACGGACTTTTGCCGATGCCCTGGAAGGGGAAATTGCCGATAGTTTCTGGCCCCTGCCTACCTACCAGGAAATGTTGTTTATCAAATAGTGC
CP129343.1_gap70	2230200	2232685	2485	GGTTTAACCCCAGTGTTGCTATTCTTGGCAGCGGCGGCGATCGCCGGAGGAATTTTGAGTTGGTATATCAATGAAAACAGTCCCTCTGTGGCCCCCCGTAAGGAAAAAGGATCTTCCTCTTCTAGCTAGTTAATTGTTGATAGTTACCACCACCGGAGCATGGTCACTGGGTTTTTCCCAACCCCTGGGTTCCCTATCTATCCAACATTTTTGGGCCTGGTCGTAGAGTTGGGGAGTTAGATAATGGTGGTCAATGCGCCACCCCCGGTTGCGACTAAAGCCCCTAGTGCGATAATCCCACCAACTGTAATGGCCCGTTTCTTCGGTAAATTTACGGAAAGCATCCTGCAAATTGGCGATCGCCAACACTTCCGTTAAAGCTTCCCGTTCCATGGCAGTGGCCATAATATGATTCTCCCGGCCCACTGGGTCATGGATATCCCGGTCTTCTGGGGCAATGTTGAAATCTCCACAGACCAAAAATTCTGGGGTGTCACTACGGCGCAGTTGCTCCAGATAGGTCTGCAGTAAGTTTAACCACCGCAATTTATACAAATACTTTTCACTGTCGAGGGCAGATCCATTGGGAACGTAGAGATTAACGATCCGCACACCGTCATAAACGCCACTGATCACTCGTTTTTGTTCATCCAAATCCCCCGTCAAGGCTGGCTCCACTAGGGCCGCAAAACCGATTTTCACGTCTTGCAATGGTTCCCGACTGAAAATGGCCACGCCGTTATAGGACTTTTGCCCAGAAATATGGCAATGGTAGCCCGCCTCTTCAAACGGTTGCCGGGGAAAATCTTCATCCACCACCTTAGTTTCTTGCAAACAAAGTACATCAACAGGGTTTGTGCCCAACCAATCGAGGATATGTTGCTGACGACTGCGGACGGAATTAACGTTCCAACTGGCGATGTCCATGGGAAAACCGAGAAAAAATAGATTGGCCATAGCCCCTTCCCACTGCCAGTCGGCCCAGGTCAAAATTGATGGCGGCCTGTTCTAGTACCCATTGGGCATAGGTGTTGCTATTGGGGCCGGGCCAGTAACGATAGCTGTAACAGTGGGGATAGATTTGGGGACTGTTGAGAATAATTTCCCCCAGGCGATCGCCAATGGGGCCAGACCATTGCTGGGCTAAAAAACTGGGGCCGTTACCCACTCCTCCATAGGGAGTCAGCAGATTTTGATGGAGATGACCCCAACTAGGGAGCTTCAACTCTCGCCGTTGCCACACCTCCCATCTTTGTAAATTCTCCAAGCTCTGACCATGGCGATCGCCGACCACATACCAGTAGTGGACAGCCCAGCGACCAACAAAGGGAATTTTGGCCCACAATAGTTGCACTTCCATCGCCATGGCGGTTAAGCAAAAAGTTATGGGAATGATCTACTCGTACAACCAAGGGTTAAGGGTGGCATCCCATTCATTCACTTCCTCATCCTTAAACCAGAGGGAAATTTCCCGTTTAGCGGTTTCAATGGCATCGGAACCATGGATAATGTTGCGACCAACGGACACACCGTAATCTCCCCGGATAGTACCAGGGGCGGCAGCATGGGGATCAGTTGCACCAATCATTTGGCGGGAAGTAGAAACGATGGAATTACCTTCCCAGACCATGGCCACCACGGGAGAGGAACAAATGAAGTTCACCAAGCCGGAAAAGAACGGTTTGTCGTTGAGAGCTTCGTAATGTTTTTCGGCTAATTCTTGGGAGACAGTCATCACCTTCATGGCGACTAATTTGAAGCCTTTTTTCTCGAAACGGCCAACAATTTCCCCAATTAATTGCCGTTGTACCCCATCGGGCTTGATCATGATAAATGTGCGTTCCATGGCAACCTCCTTTTGCTTTTTCTGTTAAAAAAACTTAACAATCACCCTGTATTTTACATGGTTTGGGCATCGGGATTATGAATGGTAACCAGCCCCCATCGATAGGGGAAAACCACCCTGGCGATCGCTGTTCCAGAACCCTAGGGGAAAAGAAGATCAAGGATAATTTTGGTAAAAAGCTTGACAATGGGCACCACTTTCAGCACAATAGAATACTGTGACTCGGGGCTATAGCTCAGTTGGTAGAGCACTTGCATGGCATGCAAGGGGTCAGCGGTTCGAGCCCGCTTAGCTCCATTTAAATGGAAAACTAGTCAGTTACTCCTTTACTTCTTGTCTTGACCAGGCAGAAGGCTCCAAATGGTTTACATAGTTAATGTAGTGGGCTAGCGGTTTATCAACACTCAATAGAATATTGGGCTTAAATTGAATATTGTCATAAATCAAACCGTCTTCATGGCGCAGGAAATAGTAAGCTAATTTTGTGCAAAGCAAGAGAAAATGACTGACCAAATAGCCCATAATGCCACGACGTTTTGCCGTAACGTAGATGGGCTGGATGCGAATTTTACTCAACTCTAGATTGACATCATCACCGTGCAAGCTGGGCAGGGGAACGTAGGCATAAATCATGTGTAG
CP129343.1_gap71	2251289	2253951	2662	GGAATGCTGGTTCGATCGCTAATTCTGGACAGGATAACAAAACCAGTTGGTAATGTGGAAAAAGCTGTCTCCATGTCATTTGGACTGATGCCCTGTTTACTTTATTAACCCCACCATGGTTCAACTTTCCCCGACCCCTGCATCAACCCTGACTTACAAAGACGCAAATGGGCAAAATCGTACTGCTAGCTTGACCCTCGACGTGGGGGGCATGAAATGTGCCGGTTGTGTGGCGGCGGTGGAAAGACAATTGGATCAACTAACGGGAGTGACGGACAGTTGCGTCAATTTGGTCACAGCGGTGGCGGTGGTGCGTTATGAACCGGAAAAGATTCAACCCCAGGCGATCGCCGAACATTTGAGTCAGCGGGGATTTCCCAGTCAGATTCGTCATGGCCATGGCGCTATCCCTGCGACGATAGGGGAAAAAGAGACAAGGGAAAACGTTAACTGGGGTTTGACCATTGCCCTGGTGTTACTGCTCCTATCGGGGTTGGGGCATCTAAGCCATTTTGGTGGCCCCATGATTCCCTTTTTCCATCACCCCATATTTCATTGGAGCTTGGCAACCCTGGCGATCGCCATACCGGGGCGGGAAATTTTTCTTGATGGTTGGCGAGGTTTGAGATTTGGCCATGCCAACATGAACACTCTGGTGGCTTTGGGGACTGGCAGTGCGTACCTCACCAGTTGCATTGCCTGGGCTTGGCCTGGACTTGGCTGGGAATGCTTTTTTGATGAGCCGGTGATGTTGTTGGGGATGTTACTACTGGGCAGAACCCTGGAGAGTAAAGCAAGGCAAAAAGCCAAATCTGCGTTGACAGAATTATTGGCTTTGCAACCATCCCTAGCTCGGTTAGTGGGGCGGGGAGAGGACCAAGGAGAAACTGGCATTGAAATTCCTGTGGAACAGGTGCGGGTGGGGGAATGGGTACAGGTGCTCCCCGGGGAAAAAATCCCGGTGGATGGCATTCTGGTGGCGGGAAAAACCCTGGTGGACGAGTCCTTGTTAACCGGTGAATCCCTACCAGTGGCGAAAAATGTTGATGATGCCGTCATTGCGGGAGCTTGGAATCAGTCCGGAGCCATTATTATTGCCGCTACCCACATTGGAGCAGAAACCACTTTGGCTCGCATTATCCAACTGGTGGAAACGGCCCAAACCCAAAAAGCTCCCATGCAACGATTGGCTGATCAAGTGGCGGGCTGGTTTGCCTATGGGGTGTTGGCGATCGCCTTGGTAACGTTAGGCTTCTGGGCCATGGTGGGGCAATCCTTATTTCCCGAAATGGTGGCGGATACCGGACTTTCTCCCCTTTTGCTAGCTCTCAAATTGAGTGTTTCCGTCTTGGTGGTGGCTTGTCCCTGTGCTTTAGGTTTAGCCACCCCCACAGCGATTTTGGTGGGCACCAGTTTGGGAGCAGAACAGGGCATTCTGATCAAAGGGGGTAACATTCTCGAAATTCTTCAACGCACCACGGTGATGGCCTTCGACAAAACGGGCACCCTCACCCAGGGTAATTTGCAGTTAACCGATGCGGTGCCAGTGGCTGATATTACTGGGATTGAATTATTAACCCTAGCGGCTTCTGTGGAACAGGGAACTCGCCATCCCCTCGCCCAAGGCTTAATCTCCAGTGCCCAGGGTCTGGAACTATTGCCGGTGGAAAATATCGAAACGGAAGCGGGGCAAGGGGTTCAGGGTTGGTACCAAGGCGATCGCCTGTTGGTGGGAAATCAACAATGGCTCATGGAACAGGGGGTAATGGGGGAACCTCAATGGCAAACAGCGGTGGATCAACTGCTTGACCAGGGGAAAACCGTTATTTTTGTCGCTCGCAATCAGCAATTACAGGGATTTTTAGCCTTGCGGGATACTCTCCGACCGGAAGCCAAGGCCACCATTGCCCAACTGAAACAATGGGGTATTGCTCCCTTGCTGTTAACCGGCGACCATCCCGCCATTGCCCAGGCGATCGCCATGGAAGTAGGTATCGAGGAATTTCAAGCCCAGATGACCCCCCAGGCCAAGGTGGCCAAAATCAAGGCAATGCAAGGGTTTAACCCTGTATCAGTGATAGCGATGGTAGGGGACGGCATTAATGATGCTCCAGCCCTGGCCCAGGCCGATGTAGGCATTTCCCTCTCCGGGGCGACAGCGGTGGCCATGGAAACAGCCGATGTGGTGTTAATGCGCTCCCATCTTTCCGATGTGCTCAAAGCTTTGACCCTAAGTCGTAGCACAGTGGCTAAAATCAAGCAAAATCTCCTCTGGGCTTTGGGCTACAATCTCCTTGCCATTCCCCTGGCCGCTGGGGCATTCTTGCCTAGTTTTGCCATTGTGCTGACTCCGGCGATCGCCGCGGCTATGATGGCCAGTAGTTCCATTGTGGTGGTGTTGAATGCCCTAGCTTTGCGGTATCAATTTTCCCGTTCCCTTGGTCAAGATCCCGGTTAAGGTTCGGCGGGCAAAGAAGTGAACTACCTAAGCTATTTAAATCTCTGGCGAAGCTGGAGGCTTTTTTAGGCGGAATTAGGTTGATTTACCGTCAATTTAGCCCCTGATTTAAGGATTGCTTGGTTAGTTTGGTTAAGATTGATGAGGGTAAATTTTTGATCGTTTGCCCATTGGATCGATTGGGAACTAAACTTCGTCCAGTCT
CP129343.1_gap72	2256522	2257922	1400	TAAGTTTGGTGTGATGGCTTCGGTAGCCGATAAAAAATCATAAACTTTTGCCGAGGGGACAGTTTAATAACTGTTGGTTATCGATAGTTTGTGATCTCCGTCACCGGCATGACAAAATATTTTTGCCCATTTTTGCGGTAAATATCAATTAAATTGTTCAAAAATAGTCTTTATGGTCAAATTAGTCCTAGTTAATCCCCAAATCCCCCCTAATACTGGTAATATCGCCCGAACTTGTGCCGCCACTGGGACAGAATTGCATCTGGTCGGCCCCCTAGGTTTTGAATTGGGTGATCGTTATCTCAAACGGGCAGGATTAGACTATTGGCCCTATGTTGACCTCCATTACCACAACAGTTGTGAAGAATTTATTACCCATTGGCGTGGTCAAGGGGGTAACCTGCTCGGTTTTAGTGTCACTGGCACGGTTAATTTCTGGGACTACACCTACCAATCCACGGATTGGCTGATGATGGGCAGTGAAACAGATGGTTTACCCCAGATGATGCGGGATTTATCTACCCAGTTACTTTGCATTCCCATGCCCCACTCCGAGGTAAGGAGCTTGAATTTGGCCTCCAGCGCCGCCATTGCTCTGTTTGAGGCCGGACGACAGTTACGCAGTCTTGGCTAGGAAACCCCGTCACTACCATCGAGTTGGGCAAGAAGGACAAAATCGAACTAGTGAACTGATAAGAAATTGTGATGGCCGGAGCGAATTAGCCAAGGGGTCGATTCAATTAAAATTTCTGATTAAAAATAAACTTAGGACTGATGATTCTCGGCGATCGCCAGGGGATTTTTTTTCAGAAAAGAGGACAAAGCAGCCAGGGAAAAAGCTTGGCAGGGCAAGGAAATTTGCCAGAAACAAAAACCGGAGGGCTACGTCTAGGGGGTCAGTTAACCACTGATCTAGATTCGTTACTATTTTTCACAACTCTGTAAAAGCGGGAATTTCCACCAGCTTGTCGAATCATTGAAAGCAGGTTAATCTTTCTTAGCAGTCTTCATTCTTCATTAGGTATATTGGCTCAGTCAGATTCAGTCGTGGAATTTAATCTCCCATTAAACCTGAAATGACTGGGGCGGTCTAACAATCTAGTTCTAGGTTTTAGGCTCATTCACACACAAGGAGGTTCTTCTTGAAAGACGTACTCAATCAACCGGCGACATTTTTTCCCTCGTGTCCATCTCCGCCTATGGAGATTAATTCCTATGATGGAAGCACTAAACAGGAGGGTACTGTGCCCCTGGGCGAAGGATACCGTCGGGTTCGCCGCTCTGCTGCAATGGTGGGTTTAGCCGTTTCCATGGGAGCAACGAGTATGTTGTTTTCCCAAACCGCCACCGCCGCCGCCAGTTCTGGCAACTCCCCCTTGGTTGCGGTGAGTAATTTATCC
CP129343.1_gap73	2263742	2267580	3838	TGGAACATGGCTTCCCCTTTCCAGACCGGCTCCTTGGGCACATCAATCTTGTCGCCGATGAAACCGTAGTAGGGCATGAAGACACGGACATCATGGCCCAACTGATGCAGAACTTTAGGCAGGGAACCCACCACATCCCCCATGCCACCTACCTTTGCTAGGGGGGATACTTCCGCCGCCACAAATAAAATCTTCATACCGTCGTTATTCCACTAATTGAGTTCAGGGCCTGGTTGCCATACTTTCCGCTCAATTATATGACGGTGGTGGTTACCCATCGGAGAGAGTAATTAACAGTTTCTGCTTTCCATCCCTATACCTTTTTCTTAGTGCTTTGTCCGTGGACTATCCATTGCCGGCCGGTGGCATGGCCTAAGTATTCCAATTCATTAATTCATTGCTAAGCCACTAAGGATTGGGAAGTCATATCCTCGGACTCGTGTTCTTTTTCTGGAGAGATGAAACCGCCCGCTGCTAATCCGTCGGGATCAATACTCAGTTGTTCGCAGGGAATGGTGTCCGAAATAATCGAGCTGGCCATCATGCCAGTATGAATTTCTAACTGAGCGCTGGGCACTGCCTCAAATACTAACCGTTGACCAGGGAACACAACTCTTTCAAAATACCAATTAGGGACATTGGTAATGCGGGCCACTTGGATTTGATTGGTGGCATTGACGTAGCAACAGAATAAGGCTGATGGCTGGTTGTTGGGGATGGGATCAAGAATTTGGGACATGGCAGGCATGGGATTTTTATTAAAAAAAGGTCTTTTAACTATTCTGGACAAAGCTAACACCCGCTGATCCCGATCCGCTGTAAAGATAATTACAATCAAATTTTTTGACTCTGGCTTTGTCCCTGGACTCAAGAAAATTTTTCCGAGGCATTGCACTTTGGCGTTGGTGATTACTTGGGGCTAGAACGGTCAGAATGCTGAGGGTGGCGGCTCCGAGCAATCGTTAAGATATATTACAATTGTGAGTAAGTGGGGGTAGTCCCTCCCGTTGCTGATCTCACCCTACCAGTGCCCCAACGCCATGATCGATCGCCTTTTGTACGTTCGTCTTCCCTGTAACCCGATTTTCCCCATTGGGGTGATTTATCTGGCGGACCATGTCCATAAATGTTTTCCGGCGACCGCCCAGCGGATTTTCGATTTAGGCACCATTCCTCCCCTGGATTTCAACCGGGCCCTTGATGAATGTATTGATGAATTTCAGCCGACAATTTTGGTTTTTTCCTGGCGGGACATTCAAATCTATGCTCCGGTGGGGGGTAGGGGTGGTAATCCCCTGCAGAACGCGTTTGAGTTTTACTACGGAAAAAATCCCTTGGTGAAGCTGAGGGGAGCCTTAGGTGGTTTGAAAGTTACCAGTGCCTATTACGGCGAATTATGGCGTAATTTAAGACTAATAAACCGGGGATTGCGGAGGGCAAAGCGTTATTGCAGTGATCCCCAAATCATTGTCGGGGGCGGAGCAGTTAGTGTTTTTTACGAACAGTTAAAAACCAAGTTGCCAGCGGGCACCATTGTGTCTGTGGGAGAAGGGGAAACCCTGTTAGAAAAATATCTACGGGGGCAAACCATTGAAGACGAACGGTGTTACATAGTCGGCCGCAGTCAGCCCCGGCCCCGGTTAATCCATGAACAGCCCTCCCCCATGGTAAAAACTGCCTGTGATTATGACTACATCGAGCAAATTTGGCCGGCCTTTGACTATTACCTCCAGGAGGATGATTTTTACCTAGGGGTACAAACTAAGCGGGGTTGTCCCCACAATTGCTGTTACTGCGTTTACACCGTGGTGGAAGGGAAACAGGTCAGAATTAATCCCGCCGCCGAAGTGGTCAAGGAAATGCGGCAACTTTATGACCGGGGCATTCGCAATTTTTGGTTCACCGATGCTCAATTTATTCCGGCTAGGGTTTTTATAGATGATGTGGTGGAATTGCTGGAGGCGATCGCCGCGTCGGGCATGGAGGATATCCATTGGGCTGCCTATATCCGAGCTGACAATTTAACCCCTCGGTTGTGTGAACTGATGGTACAAACGGGGATGAACTACTTTGAAATTGGTATCACCAGTGGTTCCCAGGAATTGGTACGCAAAATGCGCATGGGTTACAATCTCCGCACCGTGTTACAGAATTGTCGGGATCTAAAGGGGGCAGGCTTTAATGATTTGGTTTCCGTCAATTATTCCTTCAATGTTATTGATGAAACCCTAGACACCATCCGCCAAACCATTGCCTACCATCGGGAGTTAGAAGCTATTTTTGGGGCAGACAAAGTAGAACCAGCCATTTTCTTCATTGGGCTACAGCCCCACACCCATCTGGAAACCTATGCCCTGGACAAGGAAATTCTCAAACCAGGCTATGACCCCATGAGCATGATGCCCTGGACCGCCAAAAAATTACTCTGGAATCCAGAACCCCTCGGCTCGTTTTTCGGCGAAGTTTGCCTCCAGGCTTGGCAACAAAATCCCAATGATTTCGGTCGAGAAGTGATGAATATTCTCGAGCAACGGCTGGGCAAAGCTGATCTCGAAACAGCCCTCCACTCCCCCCTGCCCGACAAAAAAAAATTTCCCCCTACCATGGCAGAGGGAAAAAAACTCAGTCCTATTTAGCTTGGCCAGATGCTGGCCGAGTGGCACCGTAGTTGGGCAACTAACTGGCGATAATATACTCTGCCATATTAGCCCGCCGACGCTTCAGTTGCGCAAGGGCTTGGTTTTCTAATTGGCGGACCCTTTCCCGGCTGATGTTGAGATGCTGGCCGATTTTAGCCAAAGATAGCTCTTGGCCATCGTTAAGACCAAAACGCATGGTCAGCACAGCCTGTTGCTGGGGTGTTAATTCCGCCAGTAAATTTTGCAGGTCTTGACGCATGGACTCCTGGGTGATGTAAGCATCGGGGGAAACCCCTTCGTCCTCCAAGAGTTCGGACAATTCTGTGTCCTGATTATCCCCCACCCGCACATCGAGGGAGATGGGTTGGCGCGACAGACTGAGGTACTCGCGAATTTGACTAGGGTCAATTTCCAGAGCCTTGGCTACTTCGGCGGGGGTGGCACTGCGGCCCAATTGTTGGGAAAGTTCCCGTTGGGTTTTTTTGATTTTGTTTAACTTTTCAGTGATATGAATGGGCAAACGGATAGTCCGGCCCTGTTGGGCGATCGCCCGGGTGATGGCTTGGCGAATCCACCAGTAGGCATAGGTGGAGAATTTATAACCCTTGGTGGGGTCGAATTTTTCCACCCCCCGTTCTAAACCCAGGCTACCTTCTTGGATCAAATCCAAAAACTCCATATTGCGCTTCTGATATTTCTTGGCGATCGCCACCACCAACCGGAGGTTAGCTTCAATCATTTTCCGTTTGGCCCGTTCCCCTTGGCCCAGATAGCGGTGTAATTTCGTCACCGACAAATCCGCCGCTTCCGCCCATTCCGGGTCGGAGGGCTCTCGGCCCAATCTGTCAGCCAGGGCTTTCTTGTGCTCCAGCAGGGCCATCATTTGTTGGACTTGTTTACCGAGGATAATTTCTTGCTCATGGGTTAACAGGGGTACCCGACCAATTTCATGGAGATAGGACCTCACCATATCGGCGGTGAAAGTGGGGGGGGAGGTAGGGGAGGAGAGATTGGCGGTGGGCATTCGGAATGACTCCTTAATGAAGAGCAACAGAATAACTGTCACTGTTACCATCTTTCCCAAAAATGTCTTAGACTAAGTCATTGATGGTGGAGAATAGGGTAGTGCAGTCGTCAATTTTTTTTACACCGTGTCCTAACGAGTGGGCCTTTAGACGCCGCAAATGGTGACAAGGTTC
CP129343.1_gap74	2268684	2273498	4814	AAGGGCATTATCATTGGCCAAAAAGGTAGTATGCTTCAGGCGATCGGCACTGCGGCCCGGCAACAAATTCAAAAATTAATTTCCGGGGATGTTTATTTAAAACTATTTGTGAAAGTTGAACCAAAATGGCGGCAGTCTCGCCAGCAGTTGTTAGAATTTGGATACCGTGTGGAAGAGTAGCAAGAAGCAATGACTAGCGATCCCAATCCAGCCCAGGCATTTGAAAATTGGTTTGAGGAGGAAGAGGGGGATGACGCCTTTACTTCCCTCATTGCCGGTGAGGAGACTAACAGTGGGATTGAAGAACTGGATTTTGGCGATTTATTTGAGGGAGAACCCACCGTCATCCAGGGTGAAGGGTTTGGCTCGCCGTCCTCTGGAGAGGAAGATCCGCCGGTCCGCATGACCCTAGATTTTAATTCCCCGGAAGCGGAACTAGACGCTCTCTTTACCGATGAGGATGCCCCCACAACGGCGATCGATCCCTTTGAAAGCTCCAGTTGGCTAGAAATCGACCAGATGATGGAAGCTGATCCCCTGGCTTCCATTCCTGAGACCAATGCCCCCGCTTACCAGACCGCTGGTGGCCTAGATGACAATGACCTAGCCGAATTGCAGGATTTACTAGGAGTAGGGGACGTCGAGCCCGCCATTACCAACCCTGGTTTGCACTCCTTTGCTGGGGCTGATCGGGTAACTCCATTGACAAATGAGGTCCTGCTTTTTGCGGCGATCGATGACTTAGACGGATTGATTAATGCCCCTGTCCTGGACGAAGAATTTTCCTTTACCGAACTAGAGACTTTAATCGATACCCCAGCCCCAAAATCTTTTGCCACCATCAGCCATCCTTTTCGTTTACCGGTGGCTATGGAGGAAGACGAGGATGAATTCAAAGACTTAGAAGCATTATTAGAGCAAGCGGATAGCAGTCTGGGGGGGGGCATAGCCGGCATGGGAGGGGCTCGGCTGCCCGCTCGACCTAGGCAGGTTAAATCCCGTAGTTTTGAGCAAACTATGCGGGTGCCCATCAAACAACTTGACAACCTCAGTAACCTGATCGGGGAGCTAGTGGTCAAACGGAATCGCCTTGAACAGGATCAGGAGCGTTTACGACAGTTTTTGGATAATCTGCTCAACCAAGCCCAAAACCTCAGCGATGTGGGGGGGCGGATGCAGGATTTATACGAAAGAACTTTGTTGGAAGGGGCCCTTTTAGCCAGCCGCAGCACCAACAGCCGTCACCACTCCTCGAAAACCACCTACCCCGATGCCAGGATCACGGCCTCTAGTTCCTCGACCATGAATGACCAGCCTTTGGATGCGCTGGAAATGGATCGATTTACCGGATTTCACCTGCTTTCCCAGGAGATGATCGAGTTAATTGTGCGGGTGCGGGAATCTGCGTCGGATATTCAGTACTTGGTGGACGAGACAGATCAGGTGGCCCGAACCCTCCGGCAGGTGACTACGCAGTTACAGGAGGGAATGACCAAATCTCGCATGGTGCCCTTTACCCAAACCGCCGATCGCCTGCCACGGGCCATCCGGGAAGTGTCCATGAAATTGAATAAAAAAGTCAACCTAGAGGTGGAAGGGGGCGACGTGCTCATCGACAAAATGATTTTGGAGCACCTCTACAATCCCATGACCCATTTGGTTAACAATGCCATCACCCACGGTATTGAAACCCCAGCAGAACGACAAAAATTAGGCAAATCCCCCGAAGGGCATCTAGCAGTGCGGGCCTTTCTCCAGGGCAACCAAACCCTGATCACCGTCTCCGATGATGGAGCAGGGATCAACACGGAAATGGTTAAACAAAAAGCAGTGGAAAAAGGGCTCATTAGCCGTATGGAGGCCCAGAGCCTATCCCAGTCAGAGGTTTATGACCTCCTGTTCCATGCTGGTTTTAGCACCAAGGACACAGCGGACGACTTTGCCGGTAGGGGAGTAGGTCTTGACGTGGTACGCACCAGTCTGATCGATATTCGCGGAGCCATCAACATTGAATCCACTGTGGGCAAGGGCACCACTTTTACCATTCGTTTGCCCCTCACCCTGAGCATTTGCAAAGCCCTTTGTTGCCTGAGCGATCGGGCTCGCATCGCCTTTCCCATGGACGGGGTGGAAGATACCAGGGACTATTTGCCCAAAGACATTGTTACCGATGAGGATGGTCAAAAGTGCGTTAAATACGGCAAGGAAGCCCTGCTTTTACCGCTCTATCCCCTCAAAGATTTGCTCAACTATAACCGGCAATTAAGCCGGGGTAGTGTGTATGGGGGCAAGCAAGAGGAAGATGTGGTGCGGGTCATCATTGCCCGGGGGAGTTCTGGTAACCTGTTAGCCCTCCAGATAGACCAGGTATTAGGGGAAGAAGAAATTGTTATCAAGCAAATTGAAGGGCCCATTCCCAAACCTCCAGGCATTGCCGGGGCTACCGTGCGGGGGGATGGTAGCATCATGCCCATTGCCGATGTTTTGGAACTGATCGAAATTGCCCAGGGTCGTCTCCGCACTGACAGCAGTGGTGGACTATGGCGCAAAACCCTGACCCCCACGGTCAATGAAGTCCACATGGACCCCACTGTGCTAATTGTGGACGACTCCATCACGGTGCGGGAATTGCTCTCCCTCAGTTTCAAAAAAGCTGGTTTCCGGGTAGAACAGGCTAGGGATGGACAGGAAGCCTGGGATCAACTCAAGTCTGGTCTGCCCTGTGACTTGGTCTTCTGTGACATTGAAATGCCCCGCAAAAATGGCTTGGAATTGTTATCGGAACTGCAAGCAGACGAAGAACTATCTTCCATTCCAGTGGCCTTACTCACTTCCAGGGGAGCCGATCGCCATCGTAAAGTGGCGGCCAAGCTGGGGGCAACGGGCTATTTCACCAAGCCCTATACAGAAAAAGACATTTTGGACGCGGCCAACCGGATGTTGAATGGGGAGGTGTTACTCCCCGGCAGTACCCGCAAAACTAATTCCATTCTTTCTCGCTTCAAAAAAGCCCGAGGCAACTTCTCCGAAGAAGCTCCCACCATTGTGAGAAGTAATCCAGGTACCCTACGTTCGACGGTGTTAATTATTGATGACTCGGTGATGGTGCGGGAAATGCTTTCTATGACCTTTAAAAAAGCCGATTACCATACAGAAACTGCTCGGGATGGCCAGGATGCCTGGGAAAAACTCAAGTCTGGCTTACCCTGTGATTTGATTCTCTGTGACATTGAAATGCCCCGCATGAACGGTCTGGAATTATTGGAGCGCATTCAAGAAGATCCCAACCTTTCCCGTATTCCAGTGGCCATGATTACCTCCCGGGGAGCACAAAAAATGCAGCGCATGGCAGCAGAAAAAGGCGCCAAGGGATACTTTGTGAAGCCCTACATTGAGGAAACTTTATTGGAAGCCAGTCAAAGGTTGATAAGGGGAGAAGTGTTGCTAGATTTGGCCGCTCTAAGTGCAGACGAGTAATGACAGAATCGTTGAGTCCCTTACTGCCGGAAATTAGTATCGCCCTGGTGCTGGAACAACTAAGGCGTTTATGTCGGCAAAATTGTCAAAGCCATTGGTATTGCTTACCTGGTGCGCCTTGGGAGATTTCTGATTGGCAAACTTATCCATTGGGTAAAGTTAACGAGAAGGGTTATTTAATTTGGGAAAAAGGCGAAAAAACCCAATGGTTTGCCCAAACTTTTACCGTGCCTAAAGCTTTGGCGGACTATCCTTTAGATGGTTTGACATTGCGGTTAGCTTTAACTTGGTGGGCCAAGGATGCTCAAATTTTTGTTAATGGCGAGTTAGTTCAAGCTGGGGATTTATTTGATTCTAAAGCTAGAGTTTTGTTAACTGATAACTCCCAAATTGGTCGAACATTTACCGTAGCTTTAAAGTTAACTAGTTCCGGCCATGACATTGGTGGATTGATGCAGTCCCAATTAATTTTTGAGCGGAAATATCCTGACCTAGATCCGGGTTTTATTGCTGACGAAATTGAAGTTCTAAGCTTATATTTAGCTCAATTTGAATCAGAAAGACTAGCTCAATTAAGTAAAACTTTAGAAGCAATTACTTGGAATAAAATTTCAGATCAAGAACAATTTGATCAATCATTACTGCAACTTCGCCAGCGGTTACTACTGTTAACTGAAGGACTAAAACAACAACAAATAAATTTACTAGGGCATGCCCATCTAGATATGGCTTGGTTATGGCAGTTGGAGGAGACTTGGGAAGTAGGAGAAAGAACTTTTCAATCAGTCATTAATTTACAAACAGAGTTTGCTGATTTAGTGTTTGGCCACACCAGTCCGGTTTTATACCAATGGATTGAAGAGCATCTACCGGCATTATTTGAGCAAATTCAAGTAGCAATTAAAAAAGGAAACTGGGAACTTTTAGGAGGCATGTGGGTTGAACCAGAAGTAAATATTATTAGCGGTGAATCCTTAGCCCGTCAATTTCTTTATGGCCAGAGGTATTTTGAAGCAAAGTTTGGTCAAATTAGCAAAGTTGCTTGGCTTCCCGATAGTTTTGGTTTTTGTGGTCAGTTGCCCCAAATTTTTCATCAAAGTGGGATCGATTATTTTGTTACTGGGAAACTCCACTGGAACGATACTAATTCCTTTCCCCATGGGGCTTTCCACTGGCGATCGCCGGATGGGACAGAAATTTTCACAGTAATGTCTCCCCCCAACCTAGCTGGAGTAATGGATAATCAACCCTTACCTATGGCTAATTATGCTAATCGTTGGCAAGAGCAAACCGGACTTAAGGAATGTCTTTGGTTGCCGGGGGTGGGAGACCATGGC
CP129343.1_gap75	2332391	2337234	4843	AATTTGGGCCCATTGCCGCTGGGGACAGTTAACTAAGCACAGACTGTTGCCCACATAGTTGTCGCTAGAAGCCATTAACAATAGACTTTCCCCCATTTCAAAACAATTAAATTGTCCTGGTTGCCAAGCCAACAGAGGGGTTTTATCGCCCGGAGCTAGATATTCCGTTACCCCAACCCCTTGAACGTTAAAGCTAGGAATGGGATTGGTTAACTCGGGGCCTTGTTTGACTGAGCCTTGGAATGTGCCCCGCAGTTGGCTACCGTCATTGAAGGTGTAGATCCATTGCCACGGCTGGGGAGATGGGGCGCTTTCCGTTGGGCGGCTCAAGTTAACGTTAATGGCGATCGCCAAGGGGGAAATGGAGAAACCTGCCCGATAATTTGCCCTGCCCATGATCTTCACCTTCCCCTACACCTAGGGATGATTACTCAGTGCGGTTATCTCCAGCTTATCGGTATTGCGCCTCTCTTGGGTGCCATACACTGAAGAGTCCGTCTTTTACCCAGTTACTAAACCCTTGTTGGAAGCTTTTAGCAGCGATAATTTTCTCTAAATGGTCTGAACTAAACTGGAATTATTCGCCGCTTTAATTTCTCCTAATGTCATGCCTAGAATTTCAATTATTCGGCCTGAGCAAAGTTACACTTTTTCTGATTACTTCAAACTTAACTTTGCACCCCAAGACATTCTGAGGCATTTTGGTGTCACTCTCCAACGTCAATCCCTCGATCTTCCCCAGTATTTAGGGCCCCTTAACCGTCTGGGTGACCTCAAGACTCGCCTGGAAGAAAGCTTACCCCGCCTCAGCCTCACCAGCGAAATGGCAAGGAGAGAATTTCTCATTGCTCCAGTGTTGACCGATGTTCTGCACTATACCCACGCAAACCTGGACGTTGAGTATCCCATTGTGGTTAGTAATCAACTAAAAGGTTCACTGGATTATCTACTACAAAATGATCAAACTTTCTTGGTAGTTGAGGCAAAAAATGAGGATTTGGAACGGGGTTTTGTTCAGCTTGCCATTGAATTGATCGCCCTTGACCAATGGATAGAGTCAGACCAGTCCGTCCTACAGGGGGCAATTTCCACGGGTAATATTTGGCAATTTGGCCAACTAGACCGGCAATCCCGTTGCGTAACCCAAGACCTTGACCTTTACCGCGTCCCAGCGGATCTTGAACATCTCCTAAGAGTTCTGGTGCAAATCTTACGACCAGTAAGCTAGGCTCAAACATTCCCATGGCGGACTATTTTTGTGTTCAGTTTTTCCTGGGGCCTTACAATCAAGGGCTGATCCTTCGTTACAAAACCACCAAAATTCTTTTATGACCGATTTGACCCTGGCCGCTCTCAAAACTGCCCCCCTAGCACAAGTACGCCAATATTTACTCCATCTGTTGGCCACTCATGCCTACAAGGAAGGAGATTTTATTCTTTCCTCCGGTCAACCCAGCACTTACTACATCAACGGTAAATTGGTCACCCTGCGGGCGGAAGGGGCCTTGGCGATCGGGCGATTGCTGTTGACAGAGTTGCCAGACCAAGTGGAAGCGGTGGCCGGGTTAACCCTAGGGGCAGATCCCATTGTCAGCGCTGTTAGTACGGTGTCTGCCTACGAAGAAAAACCTGTGGTCGCATTAATCATTCGTAAAGAAGCCAAGGGCCATGGCACCAAAGCCTACATTGAAGGGCCAGAGTTAGCTCCGGGAACAAAAGTGGTGGTGTTGGAAGATGTGGTCACCACCGGAAAATCCGCCATGCTAGCGGTGGAAAGGTTGCGGAATGCGGGCTACCAAGTTGACACAGTTATTTCCTTAGTCGATCGCCAACAGGGAGGCCGGGAATTTTACCAAAGCCAGGGTTTGACGTTCCAAGCGCTATTCACCATCGGTGATATTCAACAGGTTTACCGGCAGAAGTAGAATTTTTGGAGCTTGTGCTTAGAATCCCAATCCCCAACTTACTGACCGCCATACCAGCGCATTAATACCCGGGCTAAGCGTTGGGGGTCATGGCGTACCTGATGGCTTTTTTCATCCTCCTGCATCACATTGGCTAGCACAATGCGGCAACCCTTTTCGATCACTGCTTGCCGGTCCAGGTAAACGGGATGGGAATTTTCGGCGGCATATTTTTTCAACACCGGGGCAGAAGGGGGATTTCTCTGCACCAGCACAGCATCGTAGAGCCTTGCCGAAGAGACTTGATCGATCGCCGTTAAATGGTCTGAGACAGTGTAATTATCCGTTTCCCCTGGTTGGGTCATCACATTGCAGATATAAATGCGGGGCACCTTGGCCTTGGCGATCGCCGTTTGAATTTCGGGAATGAGCAAATTAGGCAAAATGCTGGTGTATAAACTGCCCGGGCCAATGATGATATAGTCGGCCGCTTTAATGGCCTTGAGCACCGCTGGCAAAGCCTTAGGGGATTCTGGTAAACAACCGATGCGCCGAATGCGTCCTTGGGCTTCAGGGATATTGGATTCCCCCTCCACATAGCGCCCGTCCTCCATTTCTGCCCACAATTTGACATCGTCCAGGGTGGCTGGCAACACCTTCCCCCGCACCGCTAAAACCTTCGAGCAGGCGATCGCCGCCATTTCCAAATCTCCGGTAATTTCCGCCATGGCAGTGAGGAACAAATTACCAAAACTGTGGCCCGACAGCCCATCCCCAGCTTTAAAACGGTATTGAAACAACTCTGTTAATAACTTTTCTTCGTCCGCCAGGGCCCCAATGCAATTGCGAATATCCCCTGGGGGCAACATACCCATTTCCCGTCGTAAACGCCCGGAGGAACCACCGTCATCGGCCACGGTAACAATGGCAGTAATGTTAGCGCTGTAATGTTTCAAGCCCCGTAAAAGAGTCGATAAGCCCGTACCTCCCCCCACTACGACAATTTTAGCCCCCTTATTAAGGCGACGGTGGGCCAGTAGCACGTCCACCAACTCCTGGTCGTTATCCGGTTGCAACACCTCGGAAATAGAACCAACGGTGCGACTTTGACCCCAAAAGACAAAAAATAGTCCCAAGGCCAAAATCAGGGGCCCAGAAACATAGTTGGGCAAAAGATTGGTCAAAAACCCCAGGGTATCGGAAACAAATTCCGTAATGCGAAAAATGGGGGTCAACTTAACCCAAATGGCCAAGCCCAAAAACATTAAAGTCAAACCAACGGCGCTGATCACCATCCAACGTTTGACAAACAGTCCCGGAGCCATCCATTTGAACCAGCGGTTAACCCTGGGGGAGGTGTGCTGGGAAACCCGATCGCCAAACTTCCGTTGTTCGGTTTTCAACTTGCGCATGGCGGACTTAGCGGACTTAAAGCGGCTATGGCTCATGGGCTAGGGAAGCAGAGGGGGAGAAGAAAGGGCAATGGGACGATAAAGCAAATTACTCCTTAACGCATTAAGGGGAAACCAATCGCTACCGATTTTACCTCTTCAAAGTATGCCAACGTCTAAATAGACAAGATACAATCAGAATCTATCTGTGTCTTTTTCACCCTTGAAAAGGTGCGTTTATTATGAATAGTCCTGTTGATCGTATTTTGATTTTCGACACCACGCTTCGCGATGGGGAACAGTCCCCCGGAGCCACCCTGACCGTGGAAGAAAAACTATCGATCGCCAGGGCTCTAGCCCGTTTAGGGGTGGATATTATCGAAGCGGGTTTTCCCTTTGCTAGCCCCGGGGATTTTGAGGCGGTGCAGAAAATCGCCCAAACGGTGGGTACGGAAAATGGGCCAGTAATTTGCGGCTTAGCTCGGGCCACCCAAAAAGATATCAAAGCAGCGGCGGAAGCGTTAAAACCAGCGGCTAAACACCGTATTCACACCTTCTTAGCTACGTCGGACATTCACCTGGAGCATAAGTTAAAGAAAACCAGGGCGGAGGTGTTGGCGATCGTGCCGGAAATGGTGGCCTATGCCAAATCCTTAGTGAATGACATTGAGTTTTCCCCGGAGGATGCCGGGCGCAGTGATCCCGAATTTCTTTACCAAGTGTTAGAAGCGGCGATCTCCGCCGGAGCCACCACGATCAACATTCCCGATACGGTGGGTTACACAACCCCGGCAGAATATGGGGCTTTAATCAAAGGTATTGCCGATAACGTGCCTAACATTGACCAGGCGATTATTTCCGTCCATGGCCACAACGATTTGGGCTTAGCGGTGGCCAATTTTCTGGAAGCGGTGAAAAATGGGGCTCGACAACTGGAATGTACCATCAATGGCATTGGCGAACGGGCTGGTAATGCGGCCTTGGAAGAATTGGTCATGGCTTTACATGTGCGCCGCAGTTACTTCAATCCCTTTTTAGGTCGCCCCGCCGATTCCACCGCACCTCTGACCAACATTGATACCAAACATATTTACGCCACTTCCCGCTTGGTGTCGGAGTTAACGGGGATGATGGTGCAACCCAATAAGGCCATTGTTGGCGCTAATGCCTTTGCCCATGAATCCGGCATTCACCAGGATGGGGTGCTAAAAAATAAGCTCACCTACGAAATCATGGATGCGGAATCCATCGGTTTAACCAATAACCAGATTGTGTTGGGTAAACTCTCCGGCCGCAATGCCTTTGGTACTCGCTTAAAGGAATTGGGTTTTGACCTGAGCGATACGGAATTAAATAACGCCTTTATTCGCTTTAAGGAAGTGGCGGATAAGCGTAAAGAAATTACCGATTGGGATTTAGAGGCAATCGTTAACGATGAAATTCGCCAACCCCCCGAACTCTTCCGTTTGGAACGGGTACAGGTTTCCTGTGGTGAGCCTTCGGTGCCCACCGCTACCCTAACCATTCGTACCCCGGCTGGCCCAGAAG
CP129343.1_gap76	2354259	2355961	1702	AACATCACTGTTGATACGGTTGCACCGGCCGTCACGATTGACAGCATCAGTGATGATACTGGCGCACAAGCTAATGACTTCATTACCAATGACGACACCCTTGTCTTCAATGGCACTGCAGAAGCAGATAGCACAGTTGTTGTCAGCTTAGATGGTATTGAAATCGGCACTGTGACTGCTAATGGTGCTGGTGAGTGGACCTTGGATTACACCGGCACCCTCCTGGCAGATGGCGACTATGAGCTGAGTGTGACTGCCACCAATCCCACTGGCAACAGCGCAACAGCAACTCAAACAATTGTTGTTGATACCACTGCTCCGACTGTCACCATCAATGCCATTGCGGTTGATGACATCATCAATGCCGTGGAAGCAGGTAGTCCTGTTGCAGTCAGTGGCACCACGACTGGTGTTGAAGATGGTCAAGTCGTCACTGTCACCATTGATGGCAATACCTACACCGCCACCGTTACTGGTAATGCTTGGACATTCAATATCCCTGTCGCAGACATTGCCAACTTTGAAGCGACTGAAGAAGTCGTAGCCACTGTCAGTGACCTAGCCGGGAATCCCGCTACCCCCGCTACTCGCAACATCACTGTTGATACCACTGCTCCGACTGTCACCATCAATGCCATTGCGGTTGATGACATCATCAATGCCGTGGAAGCAGGTAGTCCTGTTGCAGTCAGTGGCACCACGACTGGTGTTGAAGATGGTCAAGTCGTCACTGTCACCATTGATGGCAATACCTACACCGCCACCGTTACTGGTAATGCTTGGACATTCAATATCCCTGTCGCAGACATTGCCAACTTTGAAGCGACTGAAGAAGTCGTAGCTACTGTCAGTGATCTCGCTGGGAATCCCGCTACCCCTGCTACTCGTAACATCACTGTTGATACGGTTGCACCGGCCGTCACGATTGACAGCATCAGTGATGATACTGGCGCACAAGCTAATGACTTCATTACCAATGACGACACCCTTGTCTTCAATGGCACTGCAGAAGCAGATAGCACAGTTGTTGTCAGCTTAGATGGTATTGAAATCGGCACTGTGACTGCTAATGGTGCTGGTGAGTGGACCTTGGATTACACCGGCACCCTCCTGGCAGATGGCGACTATGAGCTGAGTGTGACTGCCACCAATCCCACTGGCAACAGCGCAACAGCAACTCAAACAATTGTTGTTGATACCACTGCTCCGACTGTCACCATCAATGCCATTGCGGTTGATGACATCATCAATGCCGTGGAAGCAGGTAGTCCTGTTGCAGTCAGTGGCACCACGACTGGTGTTGAAGATGGTCAAGTCGTCACTGTCACCATTGATGGCAATACCTACACCGCCACCGTTACTGGTAATGCTTGGACATTCAATATCCCTGTCGCAGACATTGCCAACTTTGAAGCGACTGAAGAAGTCGTAGCCACTGTCAGTGACCTAGCCGGGAATCCCGCTACCCCCGCTACTCGCAACATCACTGTTGATACCACTGCTCCGACTGTCACCATCAATGCCATTGCGGTTGATGACATCATCAATGCCGTGGAAGCAGGTAGTCCTGTTGCAGTCAGTGGCACCACGACTGGTGTTGAAGATGGTCAAGTCGTCACTGTCACCATTGATGGCAATACCTACACCGCCACCGTTACTGGTAATGCTTGGACATTCAATATCCCTGTCGCAGACATTGCCA
CP129343.1_gap77	2383684	2385213	1529	AATATTTGCAACATTATGGTCTAGGGGCCCTGGAAGGGGTGCTGTGGGAACTGTTAAAACTGGCCCATAACCAAGCGGAATTAAATCTTTGCACTTCCTCCGCCATGGTGCAGGAATTAGTCAACCACGGCATTGAACGGGTGGATTTATGGCAACGAGGGGTAGATACGGAACTGTTTCAGCCCCACCTGAAATCGGCCCAAATGCGGCAAAAACTGTCCCAGGGTCACCCTGACGATCCCCTATTTTTATATGTTGGTCGGGTTTCGGCGGAAAAACAAATCGATGAAATTAAGCCAGTGCTCGAGGCCATTCCCCAGGCCCGGTTGGCGATCGTGGGGGATGGACCTAACCGAAAAAATTTAGAAGCCCATTTTGCTGGCACTAATACCTATTTTGCCGGCTATATGCAGGGATTAGAGTTGGCGGCGGCCTTTGCTTCCGCTGATGCGTTCATTTTTCCTTCCCGTACTGAAACCCTGGGCTTAGTACTTTTGGAAGCTATGGCGGCGGGCTGTCCCGTGGTAGCGGCGGCCTCTGGGGGCATTTTAGACATTGTCACCGATGGTGAAAACGGTTACCTGTTTGATCCCGCTGTGGCAGGGGGAGTGGTGCAAGCCACCCAAAGGTTAATGTCCGCCCCTGGCGATCGAGAACTCTTGCGACAAAACGCTCGGCAAGAAGCGGAACGATGGGGTTGGCCAGCGGCCACCAGACAATTGGTGGACTACTACCAACTGGTAGCCTATGGGGAAAATGACGCTCCGTTAGCGGCTTAGGGTATAGCTTGCCACCCTCTGACTGTAGACAACAACTCGCTAAACCGTTACCAATCCTCGCAAACTTTCCCTCCAAACTTCGGGAAATTGGGGGGCATTTAAACTCCGAAAAAAATTTCCCCCGGCACAACCAAGGGGAAGAATACAATTATTTTTTCAAGAATGCCGAGGGCCTTTTGGATCTTTACCCCCATTCAGAACTTGACTGAATTTCTTCCCAGGGTTGGGAGAGTAATAATTGTGGCAAACAAAAAATCAATCAAGCCATTCCGTGTGGAAAAATTCTCCCCTCGGCTTATCAGTCCGTTCATAGGTGTGGGCCCCAAAGTAATCCCGTTGCGCTTGAGTCAGGTTTTGGGGAAGCACCGCCCGCCGGTAACTGTCAAAGTAATCCAACGAGGAACTAAAGGCCGGCACTGCAATGCCCATTTCATTGGCCAGCATCAACACTTCTCGCCATGGCCCCTGGCGATCCAAAATACTTTGCTTGAATTCCGGAGCTAGAAGTAAATTGGGCAACTGGGGATTGTCTTTAAAAGCTTTCTTGATCTTGTCTAAAAAGCCAGCTCGGATAATGCAACCCCCTTTCCAAATGCGGGCAATTTCCGGCAGGTTAACGTCGTAGCCAAATTCCTGGGAAGCTTTGGCAATTAGGGCCATGCCCTGGGCATAGGAACACATTTTCGAGCAATAGAGGGCATCCCGCACCTTAGGAATCCAGGCTTCTACGTCCCCACTAAAGGTTTTACT
CP129343.1_gap78	2451954	2454797	2843	TTCGGGAAGACATTGCTCACATGCCCGGGTACAACGTCGATAAAGCCCAAGCCATGACGGATGCGGAGGTGGCGGCTCTGTTGGATCAAACCAATGGCATTTTGGCTTTGGAAGATATGGAACATGCTGATGACATCATGTTGGAGTTGGCGGGCATCTGTCACCGAGACCAAGTAACGGTGGGGGGCGTGGTGGATACCCGTAATCCGAAGAAACCGTTGAGTACCCACGTAAAAATCACCGGCAGAACCTTTGAAGGGAAGATTTCTAGCCATACCTTTACCCTGGGGGATGAAACCAGCATGGCGGCCAATGTTTGCGGCCCGGCCTTTGGTTATTTGAAAGCGGGTTATGGGTTACATCGTCAGGGTTTAAAGGGTTTATTTACAGCAGCGGATGTGATGCCCAAATTTGTGCGTTAATCTATCAACGTTGTTCAATCGGTTCAGGTAAACTATCTATGACTAGACCAATTTCCCTGGGCTTAGGAAAAATAGCGGGACTGGCGATCGCCTCTGGGCTAGTTTTAACCCAGTCCTACGGAAGTTTTGGGCCAGAGATGTCCATTGCTGAAGCGGGGGAATTACCGGGGGGAGTGCGTTTTTTTAGTCGTCCTCCCCAGTTGGTGGATAGTGTTACCACCTTCAATGCGGTGTCAATTCCGGCGGCGAAGTATTATTTCACTATTTCTCTGCCGGAACAGGCCGGTGAACCCCTCGACAGAGTTGTTTTTCAACAGCAACCTAACCCAGACCCAATTAATTTTTACCCGGAACAAACCTTTGCTTTTCTTGGCGATCGCCACAATCGGGGGTTCCAAGTTGCTCTGGAGTCGGTGGATTGGGACAGAGATACGGGAAAAATCACTGTAACTTTTGCCCAAACCATTTCCCCTGGGGAAACTGTCACCATTGGGCTAAAGCCCTGGAAGAATCCCGATGTGCCTGGAGTCTACCAATTTCGAGTTTTTGCCTTACCACCGGGGGAAAATTCCCAAGCCATGGATTTGGGGGTAGCCAGGTTTCAATTTTATCGGGGTGGAACCTGGTAACCGGGACATTGCCGGTCAACTATTCAGACATTGAGTGGGAATTCTATTTCAGATCCGCCAACTGAATACGGGGATCGGTAAATTTCAGCAGTAAGTCCGCCAGAAGATTACCAACGATGAGGAGAGTTGCCCCCATCATTAAACTGCCCATCACTAGATACAGATCCTGGGCGGTGACTGCTTGGAGAATTAGACGACCTAAACCGGGCCAATTAAAGAAAAATTCGGCGATAAAAGCGCCACTGAGTAAGCTAGCAAATTCAAAGCCCAGAATGGTGATCAGAGGGTTGATGGCATTACGGAGGGCATGGACGTAAATGACCCGATTTTCGGGCAAACCCTTAGCCCTGGCAGTTTGAATGTAGTCCTGGCGCAACACATCAAGCAATTGGCCTCGCATCAACCTTTGTAATCCAGCAAAACTGGTGATGCTCAAAGCGAGGGTAGGTAAAATCATGTGCCAAGCCACGTCCCAAACCTTATGGGGCCAAGAAAATTCGGCAAAATCAATGCTGGTCATGTCCCCCACCGGCAACAGGGGTGAAACGGATTGGGCAAGAAATAATAAAAGTAGGGCAGTGATAAAACTAGGAAATCCTTGGCCGATGTAGCTGATTACCCGCAAACTCCGGTCTATGAATGTGTTTTGCTGTACGGCCCCCACAATGCCCAAGGGAATGGCGATCGCCCAGGTGAGAATGATAGATGTTATGGCTAGTAGTAGGGTGGCGGGAATCCGTTCTATTAGTAGGGAAGCAACGGAACGGTTATAGACAAAGCTTTCACCAAAATTGAAACGGGTCACCACTTGGGTGAGCCAGCGCCAATATTGCACATACCAAGGTTGATCCAAGCCAAATTGAACTTTTAGCTGTTGCAGGGTTTCTGGGGAAATTTTCGGATTTTGCTGGAGGGTGTCGAGATAACTGCCGGGGGCTAGCTGAACAATGGCAAAGCTTAATAGGGATGCTAGCAATAAGGTAATCAGCCCTTCTATCAACCGCTGGACAACATAGGCAAAGTCGTCATTTTGGAGCCAACGGAGGGGATTGCGCATGGATTACTGAATTAAGAACTGCTGGTTAGATCCTATCTGGGGATTTTTCCTAGTCAATATAGCCTAAGCCTTTTCTTGGTGCAGATGCCGATCGCCAGGGAGCAATGGGTCCTCGGAATCCGCTAAGGTTAGGAACGTATTTGTTTGACAGGAACTGAGCCGAACTATGGGAGCTATCCAAGCCATTCGTGGAACCCGTGACATTTTGCCCCCGGAAACCAACTACTGGCAGTGGGTAGAGGCGATCGCCAAAAGCATTTTAGACCGGGCTTTGTATCAAGAAATTCGCACCCCAATTTTTGAGCAGACTTCCCTGTTTGAGCGGGGTATTGGGGAAGCCACAGATGTGGTGGGGAAGGAAATGTATAGTTTTACCGACCGGGGTGACCGCCCGATTACCTTGAGGCCAGAAGGCACAGCTGGGGTGGTGCGGGCCTATATTGAACAGAACTTACAGGCCGCTGGCGGAGTGCAAAGGCTGTGGTACACCGGGCCCATGTTCCGCTACGAAAGACCCCAGGCGGGCAGACAACGGCAATTTCATCAATTGGGGGTAGAAGTGTTGGGCAGTGCCGATCCCAGGGCCGATGTGGAAGTTATCGCTTTGGGCACCGATATTCTCAAAGCCCTTGGTTTGAGTAACCTTTCCCTTGCCCTAAATTCCGTTGGTAACGGCGGCGATCGCCAAAGGTATCGGGAAGCTTTGATCGCTTACTTAACTCCTTTTAAAGCTGA
CP129343.1_gap79	2457695	2461058	3363	TTGATAGGTAATGGCGGTCCCTACCCAGCGATCCCAGTCGGCATTAGAACCATAAAGGTAGGCACTCCGCATGGAGGCAAAGGATGTTTCTAGGTCTGCCAAGTTCGCGGTTTCATAAATGGTGTGGTAGATTACAGGGTCCCGATCAAAGCTGGTATAACGACGGCAAGCGGCCCAGGTAGGCACATCCGCCATAATTTTAGGTAAATAGCTTTCTTCGTACCAGGCCCGAAATTCCGGTTCCGCCTCCGGTTTAACTTCAACGCTGACTTGGAAAAAAGGACGATTGCCAAAGATGCCATCCCAAGGACGGCGGGAATGGGCATAGGTTTGTTGGTAAGCTACCCGGCTTAGACCTTGTAATGCATTAACTTTCCAATGTTGCCATGTAGCGGTTTCCTCTTCCCGCCCTGGGCGAGACAGGGCAGAGTTAATCTGCTCCAAAGAAACATTGGGGGCTAATTCGTAGAACGTGAGCAAGCGTTTGCTGAACCACTTCAAACTGCCGGCCACTCCATATTCTTCGTAGCGACGGGCGGTAGTGATTTCAGGAACAACTTCTAATAATTTAGGAATGTAGTGATGGTGGTAAAACTCAGTAAATGCCGCTTCCGCTGCCGGGGCGATCCGTAAACTAATTACGAGAAGATTGACCATGGATGGCTCCGAAGGGAAATGATAACAGGGTTAAGACCTAACAAAACGGCTACAATTAACCCCTTAAATAGTTGAAGATTGTGGCAAGGTTAAGGAGTAGCTGGACATTTTTCATTAGGACTCTGCTCTTTTGGCAACTGTTCTAGGATATTGATAAAATCAGCAATGCTCCGGAAACGCCCATAATACGGATATAGGCCACTCTATTTTCTTCCCGGAGATATTGCAACACCATTTGCCCGATCGCCATCGCCAAGGCGGATTTTTTGTCCAAATTTGGCTAGCCAAAATGGAATAGGTCATGGATTAGAAGAAAAAGAAGATTGGGTTAAGGATTTAATAATGGTGTTACTAGGGCGATCGCCAAGGTTTAATTCAGCCAAAATTAATTGGGCAATGACCTCGCTAAAATAGCTGGGAAAACGGTGCATTTCTTGGGCATGGTCTAACAAAAAAGTGTGGTAATAACACCCCAGGGATTTTTCCAATTTGATTAAACTATGAAAAAAATCCGGTAATTCCTTTAAACGGTGAGAATGATTCTGTTGGAGAATATTTAAAAAGTGGCGAAAATGGCTACCTTCATCCTGGACTAAATGTTGTCCCACACGACTCAATACTTTGCCAAAAGGTTGATAATATTCCCGTAAATCCCGACGGTAAGAAAACATAGACCCCAATTCGTCAAAGACTAGGGTGCTAACAATGGTGAATTCATCTTGTAAAACCCAATCAATTTGTTCCAGACTAGGCGATCGCCGCTGAAAATTGTCATCCATAGCGGCAAAATTTAGCTCAGATAAAAAGCGATAAACTCGCCGCAGAGCTTGATAATGTTTTTGTTCATCTCCCAGCCATCGGGGTAATAAAGCTAAAAAATCGTCGGATAAATCCTGTTGACGGGAGAGTAAATAGTTGTATAAAAACTTAGCATCACCTTCGGAATAAACATCTCGACTTAGTAAAAGGCAAAAATCATTCTTTAGATTGTTTTCTACATTATCCAAAATCTTAGTAGGGATTTGATAGTCGATGGGGATTAGTCTGTCCACATCCCAATTGTTTAAACAATTCCTTTGATTTCCCCTTATTTGACTATGTTTTAAACAAGTAATTTTCACGACTATTCCCCCTATATTTTAGAAATCATAAGTTAACTAATAGACAAAAATTCTTCTGCTACAATATGGGGAATAATTAAACAATGACGCCCTGTAATACGAGCCGTATCTCCCCGCAAAATAATACCAGCGGCAACGTCATCAATAACCCAACTACCAACCATGTAATGGTAGTCAAATGCTTGGGGCAATTCGATATATTCCTGGATAATAAAGCCCTCTTCACCATAGCCATAGGTTGGCCGTTTTTCCACTGCCCCAGCCCCTAACTCAATCGAAACACCGATGCCTTCCATGCCTAAAAGGGGCTTACGAACGTGTAAACCTTCTAGTAATAGGCGGGTTGCTTCCAGGGAAATATCGCTTTCAAAATAGGTGGGCAGGAGATATTCAGCATACTCACTATCTTTAAACTGTTGCCAAATTAAAGCCATGGTTCCTTTATTAGATAAAATTTGCTTCCATAAAGGTTCAATAACTTTTGCATCTCCTACGGCTAAGCGTTGCGCTAAGGCTTCAGTGCAACCAGCATTGGCCATATCATTTTGCAAATCTGACCAGTCATACATTTTCCACAAAATTGGAATTCTTTCGTTGGCATGGTCAATGAAATAACCATCTTCATCCAAACCTAATCCTCTCTGCATTAGTTGACCCCGTTCATCTTCTAAGCCCCGTAAATAAACCAATTGGGTGTAAACATTTTCATCCACTTCATCGTGGAGAATTTGGATTAATTGCATGGCCATTTCACTGTCTTCTTCCAGTTGCTCATCCACCAGAAAAGAAATGCCGGTGCGGAGTAAATCATATTCTTCATAAATCCTGCGCCATTGCCCAGCTGTTCTTTCCCAATATTCATTAAACTGACTGGCATTGGCTGGTAAGGCATAGGCCCCTTGATTGTGGTTGCGTTGGTAATCCACTAACCAATTCCATTGGTAAACGGTTTCTGCTCCTAATAGCGGGGTTTCTCCATTAATTTCAATCAATTTAATCTGACCATCTTCGGTGACTACTAGATCGAAACGGGTAGCTAAACTCAAGTCTTCCACCGGGTCGGTGCGATGCCAACTTTTTTTCAGAGCAGGCCAATATTCAGGGCGAATTTTTAACTGGGCTAACCTTGCGTCAACGGCGGAATCATCATCTTCATCGAAAAACCAGTCCAGAAATTCCACACACATTTGCCAAAGTTTTTCACTCGCAATGGCGATCGCCGTTTCTTCTTGGGGGCTGAATTGGATGGCAAAGGGTTGGGGCAGGGCTTCCACCCAGTATTTTTGAGCTGGATCACTGAGCACATCCGCTTGGTAAGCATTGTCCTGGATATGCTGGCGCCAGCGGGGACGACGACTAATTTTTATCGGTTGCATTATTTGCCTCCCCGGCCAGTGCCTTTAAAAGTAGAACCGAAACCCTTATTACTACTGCGGCCAGAAATAGTGCCTTTAGCAGCGGTACCCGATGGCCTAGGGGGAGCGGGGGCAGTGACAGCTTTGGAAGTAGAAACTTTGCCTGTGGTGGTGCGGGGCACAGAGATGCCATTGGGGGTAATCAACTGATCCGGGTTTGTCCCCCGATA
CP129343.1_gap80	2496625	2501576	4951	AACATCGTTTTGGGGTACAACAGCGGGCTAAGCTTTTGGCCAAAGGTAATGCGCCCCATGTTTTAAGCATGACCGCCACTCCCATTCCCCGCACCCTTGCTTTAACCCTCCATGGGGACCTAGAAGTGAGCCAAATTGACGAATTGCCCCCCGGCCGTCAGCCCATTCACACCAGTGTCATCACTGCCAAGGAAAGGCCACAAATGTACGAACTGATTCGGCGGGAAGTGGCCCAGGGTCGTCAAGTCTACATCATTTTTCCGGCGATCGAAGAATCGGAAAAATTAGACATTAAAGCAGCAGTGGAAGAGCATAAGTATTTAACTGAAAAAATCTTTCCCAACTTTAATATCGGCCTGTTACATGGCCGATTAAAAAGTGCTGAAAAAGAGGCCGCTCTAACAGCTTTTCGAGAAAAGCAAACAGAAATTATTGTTTCCACTACCGTGATCGAAGTGGGGGTCGATGTTCCCAATGCCACAGTGATGGTGATTGAAAATGCAGAGCGTTTTGGTCTTTCCCAACTGCATCAATTGCGAGGGCGAGTCGGTCGAGGTAGTCACCAGTCCTATTGCTTATTGGTCACCAACAGTAAAAGTAATGATGCCCGGCAAAGATTGGGAGTAATGGAACAGTCCCAAGATGGTTTCTTTATTGCAGAAATGGATTTACGTTTGCGGGGCCCAGGGGAATTTTTAGGCACTAAACAATCAGGATTACCGGATTTTGCTTTGGCTAGTTTGGTGGAAGATCAAGAGGTTCTATTGTTGGCGAGGGAAGCAGCGGAAACCATGATGGTAGAGGATCCTAATTTAGAGGCGCATCCTGATTTAAAAATAAAATTAGTCCAAAGATATGAAAAGTTATTAGGGGGAGAAATATTGACCTAACCAGAGATACATGGGGAATGTCCATCGTCCCAGCCTTTGTTTGTTAGAATAGTTCCCCATTGATTAATTGTTTTGTAATTCCTTTTTGTTAGTAAAATTTATGATTTGGCCCTTCAAAACCAGCACCCGTAAAAAGATTGCCCGCATTGAAGTGACCGGGGCGATCGCCAGTGGAACCCGCAAAGCAGTATTGAAGGCTCTAAAGACGGTGGAAGAAAAAAAATATCCCGCCCTATTGGTCCGCATCGATTCCCCTGGGGGCACAGTGGTGGATTCCCAGGAAATTTACACTAAATTGAAGCAATTAAGCGAAAAGATCAAAGTTGTGGCCAGTTTTGGTAACATTTCTGCTTCTGGAGGTGTGTACATTGCCATGGGTTGTCCCCACATCATGGCGAACTCTGGCACCATCACCGGCAGTATTGGCGTAATTTTACGGGGCAATAACCTGGAAAGATTACTAGAGAAAGTGGGAGTTTCTTTTAAAGTGATTAAATCCGGGCCCTACAAAGACATTTTGTCCTTTGACCGGGAATTGCTGCCGGAGGAACAGTCTATTTTGCAGGCTTTGATTGACGACAGCTACGGGCAATTTGTCTCCACGGTGGCGGCGGGGCGCAATTTGGCAGTGGAAAAAGTCAAAGAATTTGCCGACGGAAGAATTTTCACCGGGCAACAGGCTCTGGAATTGGGTTTAGTCGATCGCCTGGGCACGGAGGAAGATGCAAGGCAATGGGCCGCTACTTTGGCGGGCTTGGATCCAGACAAAGTAGAACTGGATACCATTGAAGACCCCAAACCTTTAGTCAGAAGACTCACCGGTGGTGATAGTCAACTACAGACCATGGCCGATAACCTTGGTTTGACGGAAAGCCTAAAATGGTGCGAGTTTGAGCTTTCCACCAGTGGTCAACCCCTCTGGCTTTATCGATGAATGGGGTAAATTTATGTCTCAACTTTGCGGAGTGACTAAACCACGCCCATATAGTTAGTCGCTAGTTACTCAGATTTACGGGCAGCAGGGGGAGCGGGTAATCCGGCATTAGCATCGGCGGGGGCGGCTGCAGGAGCAGCAACTGGGGCCGGAGCACTGACTGCCCTAGGGGGAGCTGAGGGTGCAGAAGCTGGAGCACTAGTCCTAGCAGTTTGGATATTACTGGGGCGGGCGGCATCGGTCTGGGTACGGCGATGACGGCGGGGTCGCTCAGTGGTGTTCTGACCGTCTGTTTCCGGTGAGCTAGGAGGAGCAAGGGTTTTGACCCGACGCTTAATGGGTTCGGCTTTAATGCTGGGTTTACGTTGGTCGAGATTTTTGGGCAGGGCAGGGAAGGATTGCACCGGCATCCCCTTGGTGGCGTCCCGCATAAATTGTCCCCAAACCATGGCGGCGGTGGTGCTGGCTCCATTGGTGGGGCGACTATTGTCGTTGCCTAACCACACCCCGGTGACCAGTTGGGGAATATAACCAATAAACCAAAGATCCTTTGCTTCATCCGATGTACCGGTTTTTCCTGCTACTTGGCGATCGCCTAATTGAGCGGGGCGACCAGTACCGGAAGTGACGACCCGACGCATCATGGAAGTGAGGATGGCATTGCTTTCGGGATCTAGGGCTTGGGTTTGTTTATGTTCTGCCTTGTACACCACTTCCCCTTGAGCGTTGACCACATTTTGGATGGCGTAGGGTTGCACATGGGTACCCTTATTGGCAAAGGTACCGTAGGCACTGGTCATTTCCAACGGGGTCATTTCCCAAGCGCCTAAAGCGAGGGAATAGGTAGGTTCCAGCTTGGAAGTAATCCCCATTTGTCGGGCCAAATTGATGACTGGATTCCAGCCCACATCCAGCAGTAAGCGCACCGCCACCACATTGACAGAACTGGTGAGAGCATCCGTCAGGGACATGTTGCCGCCAGTATAGCGATCGCCATAGTTGGCCGGTTGGTAGCCGCCAATGTCAATGGGCACATTAAGGTAACTTTTGTTGGGGGAAATGCCGGAGGCGATCGCCGCTCCGTACAGAATGGGTTTAAAAGTTGATCCTGGTTGTCGTTTGGCTTGGGTCACTCGGTTAAACTGACTGGCATCGTAGTCTTTGCCACCCACCATCATTTTGATGGCCCCGGTGCGGGGATCCATGGCCACCATGGCCCCTTCAGAAAACCGCTGCCAACGGCCGTATCTTTTCACCGCATCGCTGAGAACAGTTTGGGCTTCCTCTTGCCATTGTTGATTGAGGGTAGTGTTCACAGTTAATCCCCCCTGTTGCAGTTCTTCTTCCGGTAATTTGGCCCGCAACTCATCCAAAATATAGTCAGCAAAAAATTCCGCCTCCCGGTTAAAGCGCTTCAGGGGACTGGGGTTGATTACTAAGGGTTCGGCGATCGCCGCCTGGGCCTCTGCGGGGGTAATAAAACCCACTTCTGCCATGCGGTTCAACACTTCATTACGGCGACGGGTAGCTAGCTCCAAATTTTGTCGGGGGGAATAAACACTGGGGGCTGGTACTACTCCCGCTAAAGTGGCCGCCTCCCCTAGGGTCAACTCTTCCGGAGTCTTGCTGAAATAGGCATGGGCCGCATCTGCTACCCCGTAGGCCCCAGAGCCCAGATAGATCAAGTTTAGATAGCGTTCCAAAATTTGATCTTTGGGTAAGGCAGTCTCAATTTTTTGAGCCAATCGCACCTCCTTCAATTTCCTGGCTAGGGTGCGGTCTTGGGTAAGAAACACGAGGCGGGCTAACTGTTGGGTAATGGTACTGCCTCCTTGCATTACGCCCCCGGATTGCACATTGGACAGGGACGCCCGCATAATGCCCTGGAGATCAATGCCCCGGTGTTCCCGGAAGCGACTATCTTCACTGGCAACGAATGCCTGCTCCACTAGGGGCGGAATTTCCCCCATGGTGACTTTATCGTGGCTGACATTACCAATTTCCTGGAGAATGGCCCCATTGGCCGCCTTGATGGTCATGGTTCCCCTAGGGGCATAGGTGACCACATCGGCGATCGCCACCTGGGTCATGGTTTCCAACTGGTAAAAGCCCCAGGCCAAAGCGGAAGTTCCCATGCCGGCCCCCAAGCCAAAACCAAATACCAACCAAAATCGAGGCTGTTGAGTTAATTGGGAAACCGATCGCCCAACGTTTTTTAGTCCGGTGACCAAAGCAAGGGGCGTTTTGGGCGCAGACTGTTTATGTTTACCCCTTTTGCGGCGGCGACGGCGGCGGCTCCCCCTCTCCAATGTATTGTCGGCAGAGGATAGGGGAACGGACGTAACTTGCTCAGCAGTGACGGTAGATGCCCCAGGTTCACTACCATTACCATTGCTTTTGTTTTGCTCCGCTGCTGCTGCTCCATTGGCTGAGCTATGGTGTTGAACGTTTTGAATATTAATGGCTGTAACCATTTCCCTGCCCCTGCCATAACCCGGTTCCAGTTCGGCGGCATCGCCATCCCCAGGGAAAATTAACCCATCATCGCCATCGACAGAATTTTGCGCTTCAGACTCAAGATGTTGTGCAACCTGTGCAACGGGGAGAGTCTTTTCCTCGATCGCCGAAGATTTAACCTCTTCCTCCACTTCCAATGTGTTCGCTAACTGGTGGAGAAAGTTGACGGTAGAGCGCTTAAGTTTGCGGGAGAAGGATTTAAACACGGCGGTGGATAGGCACGGGAAGGCCGAATTTGGTTAAAAAGGACAAACCTAACAGCTAAATAGCTTCGCCGACAAGCCCTTTCCTAATGTATCTCCTACCATTATGTCAAGGAAAATTTCAGTAAGGGCAAATCTAAAGTGCAGATTAGGGACTGGAGAAACAGTCCTGGCCAATCCTAACTAAGCTATGGAATCAACGGTTAGCTTTTCCAGTTTAATTCTGATACGGAGAGGGGGGGATTCGAACCCCCGTTGAGTTGCCCCAAAACAGATTTCGAGTCTGCCGCATTCAACCGCTCTGCCACCTCTCCAGGGAATTCTTGAGAAGGATTTCTGCAATTTTCCGCCCCCATCTTAGCGCAGATTTGCCGTGGGTTATTCTGGGCTTCAGGTATTGGGGTAGA
CP129343.1_gap81	2512022	2513682	1660	CGGTGATCCCAGCAAAGGAGACATTATTGCCGCCGGAAATGGCCGGGTCATTCGGGCCCGCTTAGCCGATGCCAAATTTTTCTATCAAGCCGACTGTGACGATAGCCTCGATAGTTACCTGCCCCAACTAGAAACGGTTACCTTCCAAGAAGAGTTGGGCACCATGCGAGACAAGGTGGACCGCATTATGGAAATGGCCGCGGCGATCGCCGACCAGTTGGGAGTAACAGAGCAACAACGGGGAGAAATCGATAGTACCGCCATGCTGTGTAAAGCGGATTTGGTCACCCAAATGGTGTATGAATTTCCCGAACTACAGGGCATTATGGGGGAAAAATATGCCCTCGTTAGTGGTGAATCGGCAGCGGTGGCCCAGGGCATTGTGGAGCATTACCTCCCCCGGCACCAGGATGATGATTTACCCCAAGGCTTACCGGGTCAAGTGGTGGGCATGGCCGATCGCCTGGATACTCTGGTGAGTATTTTTGGGTTGGGTTTATTACCTACCGGATCTTCCGATCCCTTTGCCCTGCGGCGGGCCGCCAATGCGGTGATTAATGTAGCCTGGGCAGCGAGTTTAGAAATTAATTTGCTGGAATTGTTGACCCAGGGCTGCCGGGATTTTGTTACTTCCCACCCCGATAAAACCTCTCCCCTGCAAGCGTTAAAGACGTTTTTTCTGCAAAGATTACAAACCCTACTTCAGGACGAACAGGGCATTGATTATGATCTAGTCAACGCCGTATTGGGCAATGGGGAGACAAACTGCGACGAGGCTCAAAGTAGATTACATGATCGCCTGTTAGCAGATTTACAGGATGTCAAAGAAAGGGCTCAATATCTGCAAGAATTGCGAGATAACGGTCATTTAGACGCAATTTATCCCACTGTGAACCGTTCTGCCAAGCTAGCTAGTAAAGGCACTTTGCCAACGGACCAATTAGACCCCCGTCCAGTGATTCAAGCGCCCCAACTAGTCCAGGATTCAGAAAAAGCAGTTTACCAAGCATTGCTGGCCATTTATCCCAAAGCGGTAGAAGTACAAGAAAGCCGTGACTATGAAACCTTGGTAAATGCACTACACGAGCTTGCCCCCACCGTGGCGGAATTTTTCGACGGGCCGGATAGCGTATTGGTGATGGCAGAAAACGATGAATTACGGCAAAATCGCCTTAATTTACTCGGTTTAATCCGCAACTATGCTCTGATCCTCGGAGACTTCGGGGCAATTGTTAAAGGCATTTAAGAGCCTGTTTTAAATGTCCTCCTGGCCTCCAATTTGGGGGGAAACTGAGTGAAAGTCCCCCAGTATTGCCGGAGCTTTAGTGAAGAGATTTAGGGGGCTGAACAAAACTGCTAAACACGTTCTAAGCAATAAGGTTCAAGGAATGAAAATGACTCATACAAACAGGTTATTGTTCTCATTCCCAGATTAAATTAACGTTGTATTTTTTGAAATTTTCGTCTTTGCTAATGACGGAAAAATTATGTTGCTGAGCCTGGGCAATAATCATACGGTCAAAAGGATCTCGATGATGCAAGGGCAAATTGCGACAAGCTTCCAAATGTTGCCATGTGATGTTCAAAACCGAAATATTGAGATCAGCAAGTAAATTCTCTAGATCAGTAAAAGCGTAATTAAGCCTTAGTTTGTTGATGT
CP129343.1_gap82	2611368	2615348	3980	GTCACTCCAGTACTATTAGATGCTTTTAGCCGTCGGGTGTTGAATATCCACCCCAGTTTATTGCCTAGTTTTCGAGGTGTGCGGGCTGTGGAACAGGCCTTGGCGGCGGGGGTGAAAGTGAGTGGTTGCACAGTCCATTATGCCGAAGCAACGGTGGATAGTGGCCCCATTGTGGCCCAGGCGGTAGTGCCCATTCTGGCTGATGATACGGGGGAGACTCTCCATCAACGCATTCAAGTCCAAGAACATCGCCTCTTTCCCCTGGCGATCGCCCTTGCCGCCCAGCAAAGCCCATGACTGCCCCCTATTTTTCCCTCAGCCAAGGTCACCTGCAACTGTTGAGTGTTTGTCCGCCCCAATTTCAACGGCGTTATTGGGAACAGTTGGGCGGTTTACTAGAACCCCAGCGCCAGGTCAAAACGGAATGGGGCCAAAATTTTCACCAACTGGTTCAACAATGGACTTTGGGTTTGCCCTTGGAAACTTTAGCAGCCCAGAGCCTTGACCCCCAGGACGTTAGCCTACTGGATTCCCTAAAAAATTTAATTGCCACAGTGCCGGCGCTCCACCTCCCCCCCGGCCAAAGGCAGGCTGAACATCAACGCACCCTAGCCAGGGATGATGTTTTATTGACAGTAGTCTATGACCTGTTGGTGCTCACCCCGGAGCAGGGGGAAATTTTTGATTGGAAAACCTATCCCCAGCCGGCCAAACCGGAAAAACTCCACCACCATTGGCAGACTAAGCTTTACCTGTACGTGTTGGCAGAAACTAGTTCCTATTCCCCCGAACAGTTATCCATGACCTATTGGTTTGTGCAGTCACCGGAAAAAATTCAGCACTATACCATTACTTACAACGAAGCTCAGCACCGGGCCACTGAAAGGGAGTTAACCGATTTGCTCCAGCAATTTCGTCAAGGATTAGCCGCTTGGCATCGACACCGTACCCCCCTGGCCCACCGACATAATTGTAACCGTTGTCCCTACCACGACCAGTTTTTTCCACCAGACTAGTTATTTGCCCATGACTTTTAGTGAAGAATTTGAATTACTATTGCGGGCCTGTTATCCCCTGCTCTACATTCCCACCCAGGAAGAAGAACGACTGGAAATGGCGATCGCCAGCAGTGCCCAGAGGTTGGGCAATCGCTCAGTTTACTATTGGGATTTTGTAGAAGGGTACCAGGGCAACCCCAACGGAGCCAATGTGGGCCGCCGCAATCCCCTCCAAGCCTTGGAATTTATCGAAAAATTACCCGCCAGTAGTAATGGCATTTTTGTCCTGCGGGATTTTAATCGTTTTCTAGACGACGTTTCCATTTCCCGAAAACTACGCAACCTTGCTCGCCGTCTCAAGGCCGAAGCTAAAAATCTTGTCATTGTCGCACCCCAAATCTACATCCCCAATGAGTTGGCCGAAATCATTACGGTGATGGATTTTCCTCTGCCCAGTAGTGCCGAAATTCAAGGAGAAATTGAACGGTTGTTGACGGGTTTGGGACAAAAAGTAGAGTCTTCCCTGCGAGATGAGTGGAGTCGCGCAGCCCAAGGTTTATCCATGGAAAGAATTCGGCGGGTGTTGGCCCGTTGCCTAGCAGACCATGGCCAGTTGGGGGCAGACGATGTGGAATTGATGCTAGAAGAAAAACGTCAATCCATCCGCCAAACCCAAATTCTTGATTTTTATCCCGCCAGTGAACGCATCAGCGACATTGGAGGCCTAGATAATCTCAAGGACTGGTTGCTCCGGCGGGGAGGAGCCTTTAGTGAGCAAGCCCGTCGTTACGGTTTACCTTATCCCCGGGGTTTACTACTGGCCGGCATCCAAGGCACTGGCAAATCCCTCACCGCTAAGGCGATCGCCCACCATTGGCATTTACCGTTGTTAAGGTTGGATGTGGGCCGATTATTTGGCGGTTTGGTAGGAGAATCGGAAGCCCGCACCAGGCAGATGATCAACCTCGCGGAAGCGTTAGCCCCCTGTGTGTTTTGGATTGACGAAATTGATAAAGCCTTTGGGAGCATGGACAGTCACGGGGATGGGGGCACCACCAGCAGAGTGTTTGGGGCTTTCATTACCTGGTTGGCGGAAAAAACTTCCCCCGTCTTTGTGGTGGCCACCGCTAACAATGTCCAGAGTCTGCCGCCGGAACTGTTGCGGAAAGGTCGCTTTGACGAAATTTTCTTTGTGGGACTGCCCAATAAAACAGAAAGGGAGGCCATTTTTTCTGTGCATCTTAACCGTTTGCGACCCCATAAAATGGCTGATTACGATATCCACCGCCTGGCCTACGAAACCCCAGACTTTTCCGGAGCAGAAATTGAGCAAATTTTGGTGGAAGCGATGCACATTGGCTTTAGCCAGAATCGGGAATTTACCACCGATGACATTCTTTCCGCCGCGAGCCAAGTGGTGCCCTTAGCTCGCACCGCCAAAGAACAAATCCAATTTTTGCAGGAGTGGGCCGCCGCTGGTAAAGCCCGTTTAGCCTCCAGGGACAGCGGTTTTCCCGCCATTAGTTAACCATTCATCCCGTTATTACTTGCCATGGCCAGTTCCCCCAGACCCACTGAACAAACCAAACAATTTTTTCAGCAATGGCAAACCTATCAGCAGTTGGTTGACCACAATTACATGGCCCATCGGCAAATTCACCAGGCGGTGGGGGCTTTGATTCAACAACAGTTCGATCGCCCGTTTGATTTTTTGGACCTTGGCTGTGGGGATGCCCAGGCGATCGCCAAAACTTTGACGGGGAGTAAAATCAATTCCTATACAGGGGTAGATTTATCCCCCAATGCCCTGGCCCTAGCCCAGAAAAATTTGGACCCTTTTCGACAGGTGGAGCTAAGGGAAACGGATTTTTTGACCTATCTGGGTGAAGCCAACCAAACCGCCCCAGCCAGCTTTGATCTGATTCACGTCGGTTTTTCTTTGCACCATCTGCTCCCAGAAGAAAAGGAACAATTTTTTGCCCATTGCTTTTCTCTGCTGCGCCCTGGGGGATGCCTAGTTATCTACGACGTTTTTCGTCAGCCCGAGCAAAATCGACAGCAGTATATTGAAGCCTATTTAGCTAAGGCCGAAAGTCAATGGACTGCCCTTGCCCCCGACCAACTCCAGGCGATCGCTGCCCATATAAAGGAGTGCGATTTCCCCGAATTGGTGGCTACCATGGCAGAAATTGGCCAAAAAGTAGGATTTATACCACCCCAAGTCCTCTTTACTGAGCCTAGGGGTTTCCACCACTGCTTTGCCTTTGCCATTAGTCAAAGTGGAAAAGCCCTGGCCCAAGACGGGGTGTAAAAAGCAATTTTCCGATAATATGGGCAGAAGCTAAACAGTGCCCCAATATGGGAAGCTGTGGGCCGTAAACATTCAATCCGAATAATAAAGGACTGGTTGAAGATGGAAGAACAAAAGACAGCAACTGCCGGGATTAAAACCGATGTAGGACCAATCACTACTCCCAATCCCCAAAAGTCCCCAATCACCGACCAGGCTTGGCAGGAATGGCTACAACCGGTGTGGGAAGTGCTGGGTAAAATTCCTCAAATGACCGGGGAGTTTTTCGAGGACAACAAGCAACCCCTCATTTCCCTGGGCATAATCCTGTTGGGCATTATCAGCGTCAAAATCTTGATTGCTGTGCTCGATGCCATTAATGATATTCCTTTATTGGCACCAACTTTACAGTTGATCGGCATGGGCTACACCGCTTGGTTTATCTGGCGTTACCTTTGGAAAGCTGAAAAGCGCCAAGAGTTGGCTTCCGAATTTGGTGCACTAAAGGAGCAAATTTTTGGCGGTTAGTGTCTCCAGACCGCCCCAGCCTCTTTTTCCTGCGCCTATCCTCCGGGTTTGATGTTCGGGGGATTTTTTCTGGCCCATGACCAACCGTCCCGTCCCATCGGTGTGGGATAGTTCTCCCTTCATTGGTATTCTAGGAGTTAGTTTTTCGCCATTCTTCCTCCCCT
CP129343.1_gap83	2784484	2787734	3250	TTTATTTTTTCCGATATCTACCTTGCTAGGAAAGCAATCAGAAATTTGGGTTAGGCCAATGATACCCGATGCTCAAGGTATGTTTTTTTTGTCGGCCGCCTTATTATTTATTGGTTTAAGCTGTAATCATAGTAAATATTCAAAAATCAACTCCGTAATTGCTATTATTTTAATTATAATAATGTCCTTGTGTAAAGAGTCTTACATTATCTTTATACCGACTTTAATTTCTCTTAAGGTTTGGCTTTATAGCGATTTTCAAAAAACTTCCCTGTGGAAATCAATTGATACCAATAGGATTTTTGTAGGAGTGTTATTAGCAGTAATGTTTTTAGAGCTTACCTATATAGTTTTTTTCTTGGGAACTAGCGGTATGGGGTACGCTGGCGTTGATAATGAAACATTAGATTTATTTGCTATTCTTAGAACATCAAAAGATCTATTACTACAAAGCTATTTTCTGCCTATCATAATAAGCATTGTAATTCTTTTTGTTACAACTCGCCTAACTCATCATTCATTATTAGTTACATTAAAAAAAATAATTCCTTTTATTATTCTGCTCTTCATTTCTCTAATTCCCCAAACTTTAATTTATACAAAATCAGGGATCATAGCTGCTTTTTATCTATTTCCTTTTATTCTTGTTTCCACCCTTTTATTGTCTAAGATTTTGTCGCTCATTGGTGATAGTTGTAGGTGGCTTGGTGTTTTGCTAGTCTCTTGTTTATTATTTACACTTGTCTTTAATCAATCACCATTAGCTTGGGATATTTATTCCCAACAATCTCAAGAAAAACAATATATGAATGAGCTGATAGACCAAATTGAAATATGCTCAGAGAAACCAGATCCAATTTTAGTGGTTCTTAATCCTAAAGTTCGTTATGAAGTATCAGACGCTCTACAAAAAGTTCTACGAAGTGTAAAGCATCGAGAACAATTGTTTATTGTTACTTATGGATTAGAAGGAAGTTTATTTTACTCTGATAAATTGGCTGATACTGAAGCTGTGTGGAACTTTTTAGACCCCAAGGCAATCTTGCCTAGCTATAACGGAACATTATTGGATATTCATGATAAAGGTGATATTAAGACAATAGTGATATTTGATGGCTTAGATGATGATTTTGCCAAAAGTAATATAGATTGGTTTTCTCCAAAAGAATATCAAATGAAACGGTTTGATATTAGTCTTGCCCCCAGTACTCTTTACTGCAAAAAATAAATTAACAATTATATATATTACGATCAATTTGTATGATTAACTTTTCCGAAAACAGGACTACCAATTATTTCAAGCACTTCAATATTCAGTTTATTTTTCCTTATCTTTTTATTATTTCCCTTGTATTTTTTTCTCGTTTTCTTTTCATTAATGATTTTGGACTTTACGAAGATGATTGGGCATTTAGTGGTACAGCTATCTCAAATAATTTAACTCAAAACTGGATTAGGCTTAGGGCTTCCTTTGGTAGTTTTTGGCAGGGTCGTCCACTCCATATGACTTTTCTTACCTTTATCCCCTTTATCGGGGCAAAACTCGGAGGAATTAGGGCCCTATATTTAATTGGATTTACGATTTTAAGTTTAAATGCTTGTCTTTGGTATTCTTTATTAAAAAAAATTACAAAAAATAAAAATGTGGCAATCATTGCTAGTTTACTTTTTGTCCTATATCCTGCCGATACAACATTTGGTCTTTTACAACATTTAATCGGTATCCAAACCGCTCTGTTGTTTCTTCTCATTGCCTTTCACGTTTACGTTTCTTCTTCTGAAAAACATAAATTAAACTATTTTAGGAAGCCAATCAGCTATGTTTTTGCAACTCTATCTCTGCTAGATTACGAAAGCTTATTCTTGATTTTTTTGACTGCCCCCCTGCTTAATCACCCCAAAAGTACAAAAAAGGAAAAACTCTATCATTTTCTAACCTTAACAATAATTCTTGCCATCTATTTATTTCTCAGAAAATTAGCTGGGGAATCTAGGATAAGTGGGATAACGGGACTTCAGCTTATCCAAAAAGTTGTATATCAAGTTTTCTGGGGTCCCTTAATAGCTTTTTATTCGTTTTTCAAACGTCCCATCGAAGTAATTTCATCCCCAAGGGTAGAGAATATTATTATTTTTTGTATTGGATTAATATTATTTTTTATCGTTCTAAGGTATTTATTCAATAAACAGTTTTTACAAAATGATATCCCAGCAGATTTAAATACATTTCAAGAATTTTGGAAGTTGTCAGGGACAGGATTACTGATGACTATTCTAGGTTATTCATCTGCATTACTTTTATCTGTTCACGATATCAATGGTCGGGCTTCCCGAGTTCATTTTTCTGCAGCTTTGGGCATTACTTTGATTCTTGCTTGTATTTGGGGTATTGCTTTTTATATTACCCGCGTGCATAAATTTTGGCATACATTATTAATTTTATTATTGTCTGTCTACCTCAGTTTTTTGTTAACCTTCTCGATCAGCGTTCAGCAATATTATAAAATGAGTTGGCAATATCAACAGGCTTTTTGGCATGATGTTTTTACCTTAGTTCCTGACATCAAGGAGGGAACAATAATCCTTGTGCAAGCACCCAGTCTGGTCTGGGGTAAGCAAATTAATCCCTTTGACTGGAGCTTACCAGTTGTGTTGGAATCAATATATGACTTTCCCGATGATTGGCAATTTTCTCCAAGGACTTACCGTCTTAATTCAGATGTAGTTGAGCCTGAACAGTGGAAGGATAAAGTAATTAGCAATCGGAAGTTTGTTTTATCCGGTAAAAATGACGGCTTATTTTTTTACTTCCCCTGGGAACCAGAAAGAATAGTTGAACCCCAAGATGTTGTTTTACTAGTGGAAGAGCAAGGGCAATTAGTCAGGAAAGAGAAGTTCCAGACCACGGCTGGAGAAATAATTTATCTAAAGCCTAAGACAAACGATCAACCAACTCTAGATTTACCCACCACTGTTATTTTTGAACATTTGATGCCACCACCAGATTGTGATTATTGCGGTTCTGTTCCACGTATTTATTTTCAGCCTCAAGAGTAATTGACATTAGCTTGTTAGCAGGTTTGCTGGAGGCGGTTAAAGTAACAAAAAAATAGAATAAAGAGGATTAAGCGAATAAAGAAACATCTTTCTACGTTTGTAGCGTTTTTCAATCTAGCAATGCATAAAAAGTTTCTTATTTTTTTTACTTCTCTTTTGTCAGACTGGGCAAGTTGATTTTTTGCAAACCCTC
CP129343.1_gap84	2791588	2795254	3666	GGAAATCCTTGCCCAGCGGGAAAAGGGAATGTGTGCCACCGATGGTTGTGCATTGCCGGTTACCAGTGGTGTTGAGGGTAAGCCCTAGGTTTTTGCGACAATAATTGAAGGCCATTGAAAAGAATACAGGCATAGTCGTGAATTTTCGTAACCCAGTTCCCACGGTGGATTTGATCATCGAAATGATTGATCAACCCCGCCGACCTATTTTATTAATTGAGCGGCAAAATCCGCCCCACGGCTGGGCCCTGCCCGGAGGCTTTGTGGACTACGGCGAAACCCTAGAAGCGGCAGCCCTGCGGGAAGCCAAGGAAGAAATTTCCCTGGACGTCCAGCTTATCGAAATGTTTTATGCCTACTCAGATCCCCGCCGGGATCCCCGGCAACACACCCTCAGTGTGGTATTCCTGGCGGCGGCCACCGGCAAACCCCAAGCGGCGGACGATGCTAAAACCGTTGGCTTTTTTGATTTGTGGGAATTTCCCGACCCAGTTTGCTTTGATCATGGACAAATTTTGCGGGATTATCGCCGCTACCGCTATTATCGTCAACGCCCCGATCCCCACCGGAATTATTTGGGGGACTAACGGGCAAAGCATTAGTTCCTTGGCTCCTTCTAGACCAATAGTGCAAATCTAACAAATTCAATGGGGGATGGCTTCCGAACAAATATTGTTGATGAATTTCACCCCATCTTCCTTGGGTATCAGTTCTTGTAAATAAAAATCCACCGTTTCATTACTTTCGTTGGTCACTAGCACCTTAGCTTGGTGCCCCTTTTGTAATACCTCACGGCGATCGCACAGTTCGTAGGCAAAAATAATCAGGCGATCGCCTGGTTGACAAAGCAAGGCGGCTCCACCGTTGGGGCAAATTTCCTTGGAATGGGCTTGACCGGGCAGGACATAGGTGGAAAAGCGATTACCGTTGCTGAGATTGATAATATCCACCTCCTCTAGGGGCAACAATCCCACCCGCTCCAACATTACTGGGTCAATGGTGATACTGCCCACATAATTAACATTGGCCTCCGTCACACAGACCCGATGTAATTTTGCGTGCATCAAACGAATGCTCCCCATTAAGCCCTAACCTCGGTGAAAAAACGGTATTGGCACTGTCCGTTATCGTGTTAACCGTCGCTAACCATGGCCAACGCCACATCAATATTAAGGCGAACTGCTTCTGCAGAAAGATGGAGGGCAGCTTTTTCTTCAGGGGTTAATTGCACTTCGAGAATATCTTCCACTCCTCGACACCCCAAACGGCAGGGCACTCCAAGGAAAATGTCCTTCAATCCATAGGCACCATCAAGGTAGGTGGCGGCGGGGAGAATTCTAGACTGATTGCGTAAAATGGACTCCACCATCACCGCAGCGGAAGAGGCCGGCGCATAATAGGCTGTGCCCGTTTGTAGTAAGGCGGCAATTTCAGCCCCACCGTTACGGGTACGCTCCACCAACTCTTCAATGGTTTGGGGGGGTATTAATTCGGTAATGGGAACCCCGCTGACGGTGCAGTATCGTGGCAAGGGCAGCATCAAATCTCCGTGCCCGCCCAGCACTAAGGTGTTGATATCAGAAGGACAGGCCCCTAATTTCATCGCAATGAAGGCCTTGAGCCGAGCCGAGTCCAACACCCCCGCCATGCCCATAACCCGTTGGGAAGGTAAACCAGTTACTTTCCAGGCCAAATAGGTCATTACATCCAGGGGATTGGTGACCACAATCAAAATGGCGTTGGGGGAATAACGCAATGCTTCCCGGGCCCCCTGGGCCACAATGTTGGCGTTTTTGCCCAACAAATCATCCCGACTCATGCCGGGCCTGCGGGGTAGACCAGCGGTAATTACCACCACATCGGAGCCGGCGGTGGCCTCGTATTCATTGGTGCCAATGATTTTGCTGTCGTATTCCTCCACGCTCTGGGCGGCCATCAAATCCAAGGCAATGCCCTGGGGTAAGCCTGGCACAATGTCCAACAAAACTACGTTGGCGACATTTTGCTGCACTAACCTCTGGGCAAGGGTCCGCCCCACATTGCCAGCGCCGACCACGGTAACCTGCCAGGACTGACAGGCGATCGGAGCATACTCCAAAATATTCATGGCACCCTCCGGGGTGTTGATGGTGGAGAAAAGCAACCTAAGCCAGGGCTTCGATTTGGTCTAAGCGCAGCCAGACGTTGGGGGTAGGGACATAAAATCGCACTAGGGCATATTCTTCGTTTAAATCCAACACTTCTCCTTTGCTATGGAAAAGGTAGTCGGGTAAACGGCGATCGCTGGCTTGGGCTTCAAGGCTGTTTTCCAATTGTGCGCGGATAACCCGCACTAAACTGCCCTTTTTCATTTTAGCGGCCATGGTTTTGCCCTCGTTGGGAGACTGGGAAATTAACTCTAAATTGTTACATAACCCCAAAATTTTGTAATTCTTATTTTTGGCTAGTTTCTCCCCAGGCCATTCCCCAGACTTTCCCCAGTGATTCCCCCAGTTAGCGGATTTTATCCCCAGGAGGTTAAGGTTTTTAGGCTATTTCTTAACCCTGACTGGGCCGTGGGCACCCTAGGGGTGGGGGAATTTTTTAGGGTTTTGACGCTAGGGATAGTAGGAATATTTTTCTGGCGATCGCCGCCTGGGGAATCCCAGAAAAAATTAGAGAGAGTTGGTTAAAGCCCTTTTATTGTTAAGTTGAGTTAAGTAAAAATAGCTCAAATTCCTATAGTTTCGTTAGCAAAAATGAGAAATGCCCACCGGGGCAAAATTTTCCGCCATTGACAGCCAGGGGAATTCCTCGATAAAACTATTGGGCACACAGCAGAAAAACTTTGGGTGTGGGGCCGTAATCTTCAGCCGGCCAAGTTATTCCCCAAAGCAGCTCCGCCCTTTGACAGAGAGAAGAACCATGGATACCTCCGTTAGTGTTTTTGCTGAAATTCCCGAAGACCTGCACCAGTCCTTGACCACCTATCTGGATAAACATCCCCATTGGGACCTAGACCGGGTGTTTTCCGCTGCCCTGTCCCTGTTCCTGCTGCAAAATGAGGGAGGCTACGGCACCAAACCCATGTCCACCAGTTACAAAGCCTGTGCCCGGGTCTATCTGGAAACTTTATTGCAAACTGCCGAATGATTCCCAAGTTAATTGTGGGTTTGGGTAACCCTGAGCCGAAATATGATCAAACTCGCCACAACATTGGTTTTGCGGTGGTGGATGCGTTGGCGATCACCTGGCAGTGTTCTTGGTATGACCATAAGCGCTTCCAGGGCTGGTTTGGCGAAGGGCTAATGGCCGGACAAAAAACCTGTTTGCTCAAACCCCGTACCTATATGAATCGCTCTGGCCAAGCTGTGCGGGCGGTGGTGGACTGGTACAAACTCGACCCCCAGTCGGTGCTGGTGGTCTATGACGATATGGATTTACCCCTGGGCCGATTACGCCTGAGACAAACGGGTTCCGCCGGGGGCCATAACGGGATGAAATCCCTGATTAGTCATTTGGGCACCCAGGATTTTCCCCGCCTCCGGTTAGGCATTGGCAAAAGTGACGGCAGTAAAGACACCATCGCCCATGTGCTAGGCAAATTTAGCCCGTCGGAATTACCCATCGTCGAGAAAAGCTTAGACCTGGCCACGGAGGCGATCGCCCATAGTCTGCACCATGGCA
CP129343.1_gap85	2942537	2946945	4408	CGTACAAACCACCTCTGGGTAGTAGCTTCAAAGCAAGATTTCCTGCCTCTGCTCCATAGGCCCCGAGAAAAAGTTCCATGGCTTGGTCAGCCAATACATCTGTGCCTTCCAGGGCGGCTTGGGATACGGCGGCGGCCAGATCGACGGTTTTGGTTTCTTGGTCCTTTTCTCGATTCCAGGTTTGGTAGAGTTTGCTGAATTGGGCTGATTCCCGTTCTGGGTATTGGTGCCGCAAAAATTCGTAAATCATGGCGATGCCCATGCCGGATACCACCCGTTCAATGGAAATCCGCCCTAGGGAATACTTCTTTTTGAGATACTCCAATAACTGCCATTCCAAAGGCGATCGGGGGGCAAAGTCACCGTGGGCTCCTTCGGAGGCAAAAACTCGATATCTTCCTTGGCCCTGGGGAATTACGTAGCATTGTCCCAAGCCGGTGCCTGCTCCCAATATGGCGATCGCCCCTGACGGATCCACGGGAGCGGCCTGGAGTACGGTTAAATCCTCTGACCCTAGCCCTAAAATGCCGTAACCCACAGCGGCAAAATCATTGATGAGGTCAACCTGGGCAATGGCCAATTCCTGGGCCAGGCGATCGCCGCTGAGATGCCAATCTAAATTAGTGAGGCGACAGGTGTTATCGATCACAGGGCCGGCAATGGCGAAACAGGCCTTAGCAACGGAGATTGGGTTACCCAACACAAAGGCTGCTTCTTGACGGAATTGTTGCACCATGGGCACCAGATCGGGAAAAGCTGGACTGCTGTAGGTCTGTTCAAACAGAGTCACCGGCCGGGCCAACCCTGGGCTACTCTCGTTTATCGTCACCAGGGCCAGAATCGTTTTAGTGCCGCCGATATCCCCTGCCAAAAAATTTACGCCCATGGCCCCCATGGCCCCAAAGCCATTGAAAAACTACACAAAATCCTGTCTTTTAGCAGTTTAGGTCACCGAGGAAAGGGTCACCAAGCAAAAAGCTAAAATTCTCCCGTTTCAGCAAGTTTTAGCAACTTTAGGAGAGCAGTTCCTCCACCTGGGCCAGAGGAAATTAACCGTTAAATGGGTTACGATCAAAGCTGTTTTCCCTTTAGGTTTCGTCCATGGCCGCCCCCAGCGTCAAGCAGTTACTTCGTTATTTAACTCCCCATTGGCGGGCGATCGGAGCTGGAACCTTTGCGCTATTTTTGGCCAATGCCCTGGGGGTTTACATTCCCATTTTGATGCGGGATAGTATTGACGATTTAATGCCCCCCTTTGAGGCATCGGACGTAGCTCGCATTGTGGTGCTAATTGTTGTTCTCGCTTCCCTAATGTGGTTTATCCGCATGGCCTCCCGCATTCTAATTTTTGGGGTGGGAAGACAGGTGGAATACGAGCTCAAACAGAAAATTTTTGACCATCTGCTCAAGTTAGAGCCCCTCTATTTCACCGAAAATACCATTGGGGATTTGATTAACCGGGCCACCAGCGATGTGGATAATATTCGTCGCTTGGTGGGTTTTGCGGTGTTGAGTTTGATCAACACTGTTTTTGCCTATGCCCTGACTATCCCGGCCATGTTTGCCCTCCACATTCCCCTCACCTTGTTGGCGGTTTCTGTTTATCCGCTGATGCTGATGAGTGTCAATCTTTTCAGCGGTAAGTTGCGAGATTATCAATTGGAGGTGCAGGAAGAGTTGTCTGCCCTGAGCGAACTGGTGCAAGAGGATATGAGCGGCATTAGTTTAATCAAAATTTATTCCCAGGAAGATAACGAACGACAGGCTTTTCAGACGAGAAACCAAAAATTGCTCCAGGCAAACCTGAAGCTGGCCCGCATTAGAAATTTTCTTTTTCCCCTCATTGAGGGTCTGGCTTACCTCAGTTTGCTCATTTTGCTGGCCTTTGGCACTGGCTTAATTCAAGATGGCAGTATCACCATTGGGGACTTCATTGCCCTGATCATTTTGGTGGAACGGTTGGTATTTCCCACTGCCCTACTTGGTTTTACCATCACCGCCTACCAACGGGGAGAAGTGAGCATTCAACGGGTGGAAGCTATTTTCCATACCACTCCGAAAATTTTAACGGTGCCCCAACCTCTGCCCTTTAGTCCGGCTCAGGCCACCGGAAAAATCACCGCCCGCGGCCTGAACTATTGCTACCCTGGTAGCGACCTGCCAGCGTTGGAGCAAGTGGACTTTACTGTTTATCCTGGAGAAATGGTGGCCATTGTGGGGCCTATCGGTTCCGGTAAATCTACGTTGGTTAATGTTTTACCCCGTTTGTTGGATATTGCCCCTGGTCAGGTGTTCATTGATGACTACGACATCACCCAAATTGCCCTCAGCGATTTACGCTCGGCGATCGCCTTTGTGCCCCAGGAAAGTTTTTTGTTCAGCACCACCATTGCCGAAAACATTGCTTACAGTGATCCTAGTCAAACTGACACGGCGATCGAGCAGGCGGCCCACCAGGCCCATTTAGACCAGGAAATTGCTAACTTTCCCCAACATTACCAAACCCTAGTGGGGGAAAGAGGCATCACCCTGTCCGGTGGCCAAAGACAGCGGGCTGCCCTAGCCAGAGCTTTAATTCTTGATGCTCCCCTGTTGGTGCTAGACGATGCCCTTTCCAGCGTGGATAACCAGACCGCCACCCGCATTTTGCATTACCTGGCCCGCCGCAATAACACGGTACTCTTTGTTTCCCATCAACTTTCCGCCGCTGCCCAAGCGGACCGCATTTTTGTCATGGACCATGGCCGCATTGTCCAAACGGGCAGCCATGAAGAACTACTGCAACAGTCAGGACTTTATCAATCCCTGTGGCAACAAAATGAGTTAGAAAAGGTTTTAAGTTGAGTTGGATCTAAAAATGGGTTGCGCATACCCCGCAGCTTGCTGCGATTGGGTCTTTCACTGAATAAAGCTATTTTTAAGGTAATTATAATTAGATAGAGTTCTAGTCATCTTTCCACATAAATAGTACCATCTTTATCGGTTGTAATTCTTCTCTTTATTCATATCCATTGATAGAGCTGTAATTTTTTCCCTGGCTCTATTGTAGAAGCACTATTGTACTATCCAATCAGGAAGTTTGCGTTATCTCCGTTCCTTTAAGGATTGGAATCGGCTCTCATTCTAATGATCCTGGCGATCGCCACTAGAGCCAATCATATTATTTCAACAACAAATTATTATGGTATTTAATAACTAATATAGGTGATTGATCTAGGGATGGCGTTTTGTATCCAATTACACAGTTTATTATTTTTTACAAAGATTCATGGCTCAACTTAGGCCCTCTGGACCTTTGCTAATAGATTTTCATACTCCTCATGTCTGAACCGAAACCAAGCCAGCCTAATTTTTCCCATTTGGAGGAAGCGGACTACACCGGGAGAATGCGACAGCACGATCGCCTCTTTGGATTGCTGGCCATTGCCGCCGGGTTAATTTTCCTGCAAGGGTACATGATTGCGCCCTTGATTCCCCGTTTAGCAGAAATTTTTGACGTATCTGCTCAGGAAATTGGCTTCATTGTGCCCGCCTACATGTTGGCCTATGCCCTAGCGGCGCTTTTTTATGGCATTTTGTCGGACCGTTTTGGCCGTTGGCCCGTCATCCAAATTTCAATCATAGTATTTATTACCTGTACCGCTTTAACTGCTACTGCTCAAACTGCAGCTCAGATGACCTTTTGGCGATTACTGACAGGACTTGGGGCCAGCGGCGTGATTCCCCTCACCTTTGCCCTCATTGGCGACATGTTTCCCTACAACCAACGGGGGGCAAAATTAGGGCTGGTGTTTGCGGCGATGGAGGGGGGCATGGCTGCCGGTTCCGCCGGGGGGGCAATTTTAGAACCCTTTCTTGGTTGGCAATTGTTGTTTATTGGCACTGCCACTGCGCCCGTGATTGTGCTCTGGCGACTGCGACGCTACGGGGCTTTGTTCGATGCCCCCAAAGCAACCAAGATCCCTGCCCTGGCAACGGTGTTTGCTGGCTATTGGGCCGTACTGTCTAATTTTCGTGGCATGCGCACCTATGGCTACGTGCTTTGCAATGGTATTTACCACTCTGGAGTGTACACTTGGCTTGGCCTTTACCTGTCCCAACGCTACGAAATGGATACCCTTAGCATTGGCCTCAATATTCTAGGTTATGGTGTCCCAGGACTGATTTTTAGCCCATTAATCGGTAAAGCAGTGGATCGTTGGGGACGACGCTGGTTAATTCCTCCCGGTTTGGCTATGGCGGCGATCGCCGGTTTGACTATGGTTCCTTTTATTCCCCCCCTCGCCGTTACCATGGCAATTCTGGTCATGTCCCTGGGCTACGACCTGACTCAACCTTTGTTTGTGGGCATTGTGACCGATTTGGCGGAAGAAGATACTTTGGGGCAAACCATGGGGCTAAAGGTGTT
CP129343.1_gap86	2951077	2954103	3026	AATAATTGCTCAGGTCTTCGGGCTTGGCGATATTGTTCAATAGCATCTTTAATGCTTTGCAGAGCATCTCGGGCTAAAACTTCTGGGGTAGAAAAATAAGCCCTTGCATCCTGTTCAGTTATCGTTAGAATTACTTCTTTGTCTAAACTTAAATAAAGTGAATTATCATAGGGATTCGGTGCAATTTTTAGGTTTTCGAGAGCAATAGAGTAATTTTGGGCAATTCTTTTAATTCTTTGCGTAATGGCGTTGGCCCTATCCTCAGCTGAAAACGAAGAAACTCCCCTCCGAATAAAGAAGATAGGTCTGCCATCGAGGGTGACTGGAAAGCCGTCAATTGCATTTTCCGTTTGTGTTTGACTTTGGAGCACTCCTGATTGTGCCGAATTTTGTGCAACACCTACGGTGGGGATAGTTAGCACTAGTAGTAAAAATATGGTAAATGTCACCAACATGTGACCAATTCTTTTCATATATTATCCAGCAGAAAATAGTATAATTATAATCAAAGATTTTCGACCCATATCAACAGATAGTACGAAATTAATAGCGTTAATTTCAATGGCTAATCCTGCAAGATTAATTGACGTTTCATCCCTGTTAAACATTGATTATTTATATTATCAATCTACTTGGTCATTAACCATTACATTATGCTCAAAAAGTTATCCTTGCCTTAAACGGCGATCGCCTGGGGCCACTGACTTGGCGGGTTCATAGGGGATGGAGCCATACAGTCATAGAATGGAGTGCCCCAGGAGCTTTGTTTTCCTAGCTGATTCTTCCATTCAGTCCAAGCAAAATTTGACCATGAAAGCAATTATGGTGGTGGGTACCACATCCCATGCAGGCAAGTCCTTTTTGACCACAGGGCTATGTCGTCTGCTCCGTCGTCGGGGCGATCGGGTCACCCCCTTTAAGGGACAAAACATGGCCCTGAATGCCTTTGTCACCATTGATGGAGGGGAAATGGGCCATGCCCAAGCAGTGCAGGCCTGGGCAGCGGGGACTGTTCCCAGGGTAGCGATGAATCCAATTTTGCTCAAACCCCAGGGGGATATGACTTCCCAGGTGATTATGTTGGGCCAGGCCGTAGGTACAACCAGGGCCCAGGAATATTACCAGAATTACTTTGACCGAGGCTGGCAGGCGATCGCCAACTCTTTAGAGACCCTAGCCCAGGATTTTGACGTAGTGGTATGCGAAGGGGCAGGCAGTCCAGCAGAAATTAACCTCAAACATCGAGACTTGACCAATATGCGTGTGGCCACCCATCTCCAGGCCGCCACCATTCTCATTGCAGATATTGACCGGGGTGGGGTCTTTGCCCATGTGGTCGGTACATTGCAACTGTTAGAGCCGGAGGAAAGAAAATTAATTAAGGGTATTGTTATCAACAAATTTCGCGGCCAACGTTCCCTGCTGGACAGCGGGATTACTTGGTTGGAAGAATATACCGGCATTCCTGTTTTGGGTGTCATTCCCTACGGGCAAAATCTTTTCTCCGCCGAAGATTCCCTCGATATACTAGAAAGAAGTGGCCGCCCCAGCAAAGAAGATATTCGCATAGTAGTACTGCGCTTGCCCCGCATTGCCAACTTTACTGACTTCGAGCCCTTGGAGGCGGAATCCGGTGTTTACGTGGATTATCTTCCCTTAGAAAAGCAACTAGGCAACCCCGACGCCGTAATTATTCCCGGCAGTAAAACCACGATCGCCGATCTGCAAGCGCTACAAAATAGTGGCATGGCGCAGCAAATTATGGATTATGCCCAAGCTGGAGGGACTGTGATGGGCATTTGTGGCGGCTATCAAATGCTGGGGCAAACCATTGCCGATCCGGAAAACATAGAAGGCAATGTCAGTAATTGCCAAGGGTTGGGGCTTTTACCCCTAACCACGGTTATTAACCAAGAAAAAATTACCCGCCAATGTCAGACCATCACCCACGCTCCCCCATCAGGTTTAACTGTCACTGGCTATGAAATCCACCAGGGACTAAGTCGGCGATCGGAGCATAGCCAAGACTTTCTGCCCATGTTTGACCAAGAAGAGCTGGGCATGGTCAATGCCCAACAAAACCTTTGGGGCTGCTACCTCCACGGCCTATTCGATAACGGTGCTTGGCGACGGTGCTGGTTAAATAATTTACGTCAACGACGGGGCTTGGACCCATTACCAACCTCCATTGGTAATTATCAAGAACAACGGGAAGGTATGTTAGATTCATTAGCGGATTTTGTTGAAACCCATGTCAACCTTGAGCCGATTTTACAATCTCTCCCAGAGGAAAATGAGACACCTTAAATCAACAGTTTTTTAACATGATGAAACGAATTGCTGTAGAAGAAGCTTTTGTTACCCAGGAGATTGCTGATGAGTGGGCAAATGTCATTGCAACGGGGGCAAAAAACGAACCAGGTTTTCGTAAAATGGGCGAAACGATTCTGGCGGATAGTCCCGGCACAAGAATTATCCACGAACGACTAATAGACCTCGGTGCTGGACGTATTGCTCACATGGATGCGACTGGCATTGATATACAAGTTATTTCTATTACCTCTCCAGGCGTACAGGTATTTGAGCCTGAGTTGGCCACAACCCTTGCCCGACAGGCCAATGATCAATTAAGTGAGGCCATCAAAAATCATCCTGATCGTTTTGCGGGACTGGCGGCGGTGGCCCCTCAATCTCCCCAAACCGCTGCCCTAGAAATTGAGCGAGCCATACAGAAACTTGGGCTGTGTGGTGTATTGATCAATTCCCACACCGGTGGAGAATACCTCGATGACCAGAAATATTGGGAAATTTTCGCCGCCGCCGAGGCCAACAGTGCCCCCATTTATCTTCACCCTCGAACCCCTTCCCCAGAGATGATTTCTCCCTTTCTAGACTATGGACTCTATTTTGCAGGCTGGGGATTTACTGTCGAAACTGCAACCCACGGTTTACGTCTCATTATGGGCGGCGTATTCGATCATTTTCCCAAATTAACAATTGTTTTGGGCCATATGGGGGAAGGATTA
CP129343.1_gap87	2958291	2961196	2905	ACGCCAACTGTGACAAAAGATGAATAAATTCTAAGTTTCACGATATTTTTCCATACAGGGGTCAACAATTGGTTATGGTAGTATTCTAATCAGCCCATCACGAGGTTTAGAAGGATTTCCAGTATGAGTGCTACCCCTCAAGTTTCCGACGCAAGTTTTAAAGAGGATGTATTAGACAGCGAGTTACCCGTGCTCGTAGACTTTTGGGCTCCCTGGTGTGGCCCTTGTCGCATGGTAGCCCCCGTCGTTGATGAAATCTCACAACAGTACGAAGGTAAGGTCAAAGTCGTTAAGTTAAACACCGACGAGAACCCCAATACCGCTAGTCAGTATGGCATCCGCAGTATTCCCACCCTAATGATTTTCAAGGGGGGCCAGAGAGTGGATATGGTGGTGGGAGCCGTGCCCAAAACCACCCTGGCCAGCACCCTAGAAAAATATCTTTAAGCGCTGGCTTCCCTGCTTTGTGACGGTTTCCCTCCGGATCGTGACCCTTCCTAGGACACGGTCTTTTTTTTGCCTTTTTATCCCCCTGTTGGCTATGCCCCAAATTATTTTGGGCTAAATATCGGAGTTTCGTTTTTTCGTTCTAATGGGCTGATCCACCCCCAACTTTTAGAGTTCACAGCATGGCTAATTCGCCAATCACTTCCAGGCGTTTATATTTACCCAGCCGGACGAATTTTTCCGACAGAGTTTCCGCCACCTGGGGAGGAATCCAGCCCATTTGTTGCAGCAGGTGAATGGCTACAGCATACTTAGCCCGTTTGGAACCGTCTTTTACTTTGATGGCTAAGCCTAAGCCTTCTCCCACTCGCCCCACACATTGCACCCCTTCAGCGCCGGATTTACTCACCAGCTCTCCTTCCATCTGTTGCATAAGTTCCGTATCAAAACAGCCTTCCCCAGCGACAAAATAGGGGTAGTAAGTCATGGCCCGAGCCACTCGTTCCAGACCCAACTGTTGCCCCGAAGCCAGCAGCGCATACAAATGAGCTATTTGTCCCAACTCCATGGTGTAGGTGGGGGCACCGCAGTCGTCATGGGCAGCGATCAATTCGGCTCCGGGCATGCCCAACAGATCCGCTACTTTGGACAGAATTAGTTTTTGGATGGGACTATTTTGTTGCAAATAACTGTGGAGCGGCCAGTCCTGTTGTTGGCAAACGGCCAGCATCCCCGCATGTTTACCGGAGCAACCATGGTATAGAGGGCTTTCCTGTCCCGCTGGTATGGGACATTGCAGAGCTTGAGGCTCAATGTCGGCCCGCCAAAGAATGTTGAATACCTGCCGAGCTTGTTCAATGGTGCCTTGGTGGGAACCACACATAATGGCCAGGTCTTTGTCGGTAAGACCATAGCGTTCCATGGTACCGGTGCTGGTGACGGCTAGGGCTTGAAACGGTTTGAGGGAAGAGCGAATAAAGGCATTGCTGGTGCTATCGCCGGCCAGCATTAAAACCCTTCCCCTGTCGTCGTAGACTGTGGCTTCAGCCCAGTGCTGGGATTCGATGATGCCTTCCCTCAGCAAATGCACTTCGATGGGGGTAGTGTGGGGACGTTTTCCTCTGCTCATGCTGTTGGGGGAATTTCCGATGATGGTAAAGTTTCGCGGGGTTCTATTGATTAACCTATCCTCAATTCTAGGCATTTAGGGCACTTTGCACGGATCAGAGCCCATTTGATCTGTTTAATCTGTGCAATTTTGCTCAATGGAGAAATCGAAAAATGGTCCAAATAAGAATGTCGATCGCCATGGTGGCCCCCAGGAGTTTCAGAGTATTTTGCCAACGTTGTAGTACGGGGTTAACTTGATAGCGCAAAATAAGTTGGTCCCTGGTTTGCACTTCCAATGGTTTGCGCCACACCTGGCCATCGTACCAACCGGATTCTTCGTAGGTGACGGTTTCCGCCCCTAGGCGATCGCCAACGTAACGCCAGCCCAACATCAAGCGCAACACAAACAGAGACAATAAAAGGCAAATACCCAGCACAATCAGAAAACCGCATTGAACCGGTTGCTTTTCCACCGAAAAACTGGCAGAGGCGATCGGACTGACAATAAAACTGATCAGCAGGGCCAGACGGGTGAGGTTTTTGCCGTAGCTAAGCAGATCTACTTGACCCCAGGAATAGAGCCAAGCGGATTTGAGCGCTTCATATTCGTTGACCGGCTGTTGGTCGATAGGCACAGGACAGATTTGGGGGGAAGATTCCCGCATCGGCTTCATGGGTTTGGGAAGATGGGCTAGAGGATTTAGTGTAATTCCTTCCCATTTTGACCCAGAATTTCGGTGAGCACCAAGTTATGGTGAGCTAGGAAATTTGCTTAATTTTGCCTAAAGCAGATTTTCCTGGGGCCCCTCTCCGCTAACCTGGGATTATCTGTGTTGGTGACCTATGCCTGTATCTCCCCTATCGGTTTGTATTACCCTGGGCACCCGCCCCGAGGCGATTAAATTAGCCCCAGTGATCCGTGCTTTCCTGGCCCAGCCTGATATGCACACCCAAGTGTTGTTAACGGGACAGCATCGGGAAATGGTGCAACAGGTGATGGATTTATTTGCATTGTCGGCGGACGCAGATCTGGAAATTATGCAACCGGGGCAAACCCTCACGGACATTACCCAGGGCTGTTTAGAAGGACTAGGACAACTATGGCAAGAAAAACCGCCCCAATTGGTCATTGTCCAGGGGGACACCACCACTGCATTTGCTGCGGCCCTGGCAGCTTTTTACCAACAAATCCCCATTGGCCATGTGGAAGCAGGTTTACGCACCGATAATTTGTTTAACCCCTATCCAGAGGAAGCCAATCGCCGTCTAATTTCCCAAATAGCCCAGTTGCACTTTGCCCCCACTACCTTGGCGGTGGAGAATTTACGGCGGTCCGATGTCACCGGGG
CP129343.1_gap88	2962271	2966889	4618	ATTGATTTTAATTCCCCTATTTGATGTCGATCCCATCATTGCAACTTTAGTGGAAATTAGTTTTGAAGGAGGCCACGGAACAGCCGCGGGGATGGCAGAAACTTTTAACAGGTTAAACTTTCCCGATGGGGGAGATTTAGCCCTGGGATTAGCCACGGTGGGCATTGTTACAGGGGTAATTGCCGGAACGATTTTGGCCGACTGGGGCAGAAAAAATAATTACATTCAAGAAATACCAACGGAAGTACCATCAGGAGACGCCCAATTTCAACCTACGGCCCATCTAGAGAGCGATCGGGTTTTAACCAGAAGGGCCCGGTTAATGCAGAATCTTTTAGTTGATCCCCTGTCTTTAAACTTTGGTTTTACGGCCCTAGCAGTGTTGATTGGCTGGATAATTTTAGAATTACTTAGGTTATTAGAATTTTTCACCTGGGGAAAAACGGGTTTTGAGTTAGCTGGAGCCATTCCCCTATTCCCCATGGCTTTGATCGGGGGAATTATTGTCCAACTAATCATGAAAAAGTTGGATTTAGATACCTTAATTATTCGCAATTTACAGGAAAGAATTGCTGGGGTTGCACTGGATTTAGTGGTGGTGACTGCTTTGGCTTCCATTAAACTGCAAGTGTTGGGGGCTAACTTGCCCGTTTTTCTTAGTTTGTCTTTGGTGGGAATTGTTTGGAATATTGTCGCTTTTGTCTACCTAGCACCAAAAATTTTACCGAGCTACTGGTTTGAACGGGGCATTGGTGATATGGGCCAATCCATGGGAGTTACTGCCACGGGAATTCTCTTAATTAAAATGGTGGACCCCCATAACCGCACGGGTGCATTTGAGAGTTTTGCCTATAAACAATTATTTTTTGAACCCATTGTTGGCGGGGGATTATTTACAGCAGCGGCCCCTACTTTGATCCGACAATTTGGCCTAGTTCCCATGCTAATTTCCACCTCTGGGCTATTAGCTTTTTGGTTAATCTTTGGTTTCTGGAACTACAAGGTGATTAAACGAGAAATGATCGCCGAAGCGAATTCTCCCAACCCAATTACTTGATATTGATATTCAGGGAATAATAAACTGCAATTAGGTCTGTTCTATGTACGAAAAATTGCAGTATTTAGCAGCGTTAAAAATTAAGATCTTGTAACGTCTTGGTCAAGCCTTGGTCAATCTTTAAAATCTGGCTAGATGCCAGTCGGGGCGTAAACTGCGAGCTTGCCGTAAATAAGCGTGGTACATCTCAGACTGGGGACTTTGGCTGTTGACATGGATCAACACCCGGATACACCGTTCCAAACTACCTTTTACACACATTTGTTGGACATCTAGCAGGGGTACATTTTCCCAACGGGGCCTCTGCCTGGCGATCGCCGCCGGAAAAATGGCATCGAGATCGGGGGTAACGGAGAAGGTTACGCTGACAATGTCTTCAGGGGGACAGGCATTATTCGCTTCAATGACATCCAGTAGCTCACAGACCGCATCTCGGATTGCCTCAGAGCTATTTTCCGAAACCGTCGTTGCACCCCGAATTGCCCGAACTTTCCAGTCCACCACCCTCAACCTCCTCGTTAATTGCTAGTAAGTTTAGTCTTTGTGAGTTGAATTTAATTTAATCGGTCTAGTTACGGGGGCAAAAGTTCCCCGTTTAGCCCTAGCCCAAGGGTAAGGGACTATTTTGCTTGGAAACCACACCCATCTTACCGGACAATTCGGTTAGGATGATTGACTGACCTTTTGCCAATTTTGCCTGAATGTCTATGCCTCGCCTCAGCCTTTGCATGATTGTTCAAAACGAAGCCGCTTTCCTAGGAGATTGCCTGGCCAGTGTGGCGAGTTTAGTGGACGAAATAGTCATAGCAGATACAGGGTCCACCGATAACACAGTGGAAATTGCCACCCAGGCGGGAGCTAAGGTGATCACTGTGCCTTGGCAGGATGATTTTGCCCTGGCTCGCAATCAGGCCCTAGCGGCCACCACTGGAGATTGGGTTTTAGTCCTCGACGCGGACGAAAGGTTGAATATTTTGGTAAAAGATGGCATCGAAAAGGCGATCGCCATGGACAATGCCTTAGTGGTGAACCTAATGCGCCACGAACTGGGCAGTAATCAATCTCCCTATTCCTTGGTATCCCGACTGTTTCGTCGTCATCCGGCAGTGCAATTTAACCGTGCTTACCACGAAACCATTGACGACAGTGTGTTGGCCTTATTAACCCAGGAACCGGATTGGCAAGTGATTGACCTACCGGGGGTGGCCATTTTGCACCAGGGCTATGACCCTACTTTACTCAGGCAACGGGGCAAAACCCAACGGGCCAAGCATTTACTCGAAAAAGCCAGGGTGGATAATCCCCAGGATCCTTACCTCTGCAGTAAGTTGGGAGCCTTATATTTTAGTTTGGGGGATGAAAAAGAAGGGGTAAAACTACTCAAGCAGGGTCTAAAAAGCAATACAGCTTCCATCCCTGTGCGATTTGAATTGCATTACCATTTGGCCAACGCCTACCGTCGCCAACAAAAATGGGAACTGGCTCGGAAGCATTATCAAAAAGCCCTGGATGAAGAAATTTTATTGCCGCTAAAATTAGGTGCTTTGATTAATTACGGTGCTTTTTTACAAGACTTGGGGGAATTGGGCGAAGCAATTAAGCTTTATCAAGCAGTAATTCACATTGATCCATCCCAGGCGATCGCCTTTTTTAATCTAGCTATGATTTACAAAGCCCAAGGGAATTTGCTAGAAGCTATTAAAGGTTATCAAGAGGCTATTACCCTGCAACCGGATTATGCTGAAGCCTATCAAAACTTAGCTGTTACTAGCTTTAAAGCTGGGCTAATTCAGGAAAGTGTCGATGCTTTCCAACAGGCGATCGCCCTTTACGAACAACGGCAATCTCCGGAGGCAGATCGACTAAGAAAAAACCTAGGAGAAATGGGTTTGATCTAAATGTGCAATTTATTCATGGAAATGCCAAAAGAATTGTTTGAGTGAAACTGGCTCAAGATTCGATTATCACCCAAGAAAAGTTAACTATCGCTCTTCTATCATTGTGGGTAGGATAAAACGGAGAAGATAGTCTGAAATGCGGAGGTGGTATATGGTTGCCCCACGTGAAGCAAAAGAAACAGTATAATTCATTGACAAATACTGCGAAGGATACAGAGGCTTATTTTATTTCCAAAAGTGAGAATGAGAAGCTTTGAATACTTGCATCTAGGATTAATTGCGAATATAAAGAGAAAAACCTTCGCAGAAATAGCTAAGGTAGTAGGACTAGAAAATGGACAAGGATTTGACTATTTCTTCGGTAACAGCCCTTGGTCGTTAGAGGAGGTAAGGGAAAGAAGAATTAATAAAATTCTGAGTTTTGCGAAAGGAGAAGCAATAACAATGATCATAGACGAAACAGGGGATAGGAAAAAAGGAAGAAAGACAGATTATGTTGCGCGTCAGTATATTGGCAATCTAGGAAAAATAGAAAATGGAATAGTAGAGGTGATGTGTTATGGAATTATAAAGGGAATGACAGTACCATTAATCAGCAAAGTATATAAACCAGAGACAAGACTAAAAGAGGGGGATAAATACAAAAATAAGCCAGAAATAGCAGGGGAAATTATCAAAGAAATAAAAGAGCTTGGTTTCAATATAAAGGTAGTATTAGCAGATAGTGAATATGGAGAGAGCAGCGAAAACTTTGTAAGAGTATTAGAAAAAGAAAATCTAGAATATGTACTAGCTATAAGGAGTAATCATGGAGTCTGGCTTGGGAAAGAGGAAAGAGTAAGAGCGAACAAATGGGGAAAATTTGAGAGAGAATTTGCAAGTGGAAAGTCGGAAATAAGATACGTGAGAGAAATTATTTATGGAAAGAGAGGGGAAAAAAGATATTGGCAAGTAACGGATAACAAGGAGAAAATGCCGTCAAATTCAACGTATTGTATTATGACAAAAGTATCAGAAATAAAATATAAAGAAGTGGGTAACTTATATGGAGCAAGGAACTGGATAGAGTATGGATTAAAGCAAATAAAGAATGAACTGGGGTGGGCAGATTTTAGAATAATGGACTATTCCAGAATAGAAAAATGGCGGGAAATAGTGATGAGCGTATATTTAATGGTAAGTCTTCAGATAGAAAATTTGCCTCCGCATGATAACTCCTTAAACAAATCAAAAAAATGGATGGAAAAACATACTTAACAACATGAAATTAATAATTCAGCCATTATGTTACTTTAATTTATTAAAGCCGTGGATGACGGTGATTTATACACCTCAGTTATTGAGAAACTTCCATTGCTTATTTGACAAATTGAAGAAGGCAGTAATGGCTTTAGGAGACCTTATTATTGCTCCAATTATTTTACCTTCCCACCTACACTGATAGAAGAGCGATAGGTTTTCGACAGGCTTATTTGGTGGCTTTTTTGAATTTGGGATTCTTCCCCAGGTGAGCCATGGGGATTCTAATTCGCCCTGGCTGTTTATGGTGATAGTAGAATCGGCCCTCGGCATTCCCTAACATGTAAACTTTTTCCACTAACCATCTGTTGCTCCTAACAAACAACAAAAGGGGAGCGGAAAAACCGACCCCCTTGAAGATAGT
CP129343.1_gap89	3102112	3105658	3546	CCTTGGAGAAAGTGTATGAAAATCTAGCGCAAATTAAAGGGGCATTGAAAACCAGGTTAGACAACGGCAAAGATGATGCGATGCATTCTCAAATGTTAGCCCGCATTGTGGTGGATGTGCCCCTACCAGTAACCTGGGAAGATTTGCAATTAACAGGATTTTCCACTGATCGCCTGGTGCCCCTGTTGGAAAAATTGGAACTCCGAACTTTTATTGACAAAATTCAAGCTTTCCACCGCAACTTTAGTGATAATCAGAGCCCAGTACCAATGGGCAATGAAGCTGACAATGGAGAACCAAAGAAAACGGTTAAGGCAAAAAAAAGCAAAGAAAAAGTTAATCCAGACGATTCTCAGCAATTATCATTGTTTGATGGCGTGCCAGTGGTTAACCAAGAAGATGGTTTAATCACCATTCAGCTACCAAAACAAATTCAGCCCCAAATTATCACCACCATTGCCCAACTCGAAGCTTTAGTTGAGGAATTAAAAAAACATACTGATGCTGACTTTCCCGTTGCTTGGGACACGGAAACCGACAGCTTAGATCCTCTGGTGGCAAACTTAGTGGGTATTGGTTGTGCCTGGGGTCAAGAACCTAATCAAGTGGCCTATATTCCCCTAAAACATCATCAAGGAGAACAGCTATCTCTCGGCATAATTAAAGATCTTTTAGGGGAAATTCTGGGAAATGCTATTTATCCCAAAGTCTTACAAAATGCCAAGTTTGATCGACGAGTTTTGGCCCACCATGGTATTGAGTTAGGAGGCGTAGTGTTAGACACCATGCTGGCCAGTTACGTTCTTCAACCGGAAGAAACCCATAATTTAACCGATCTTTGCCGTCGCTATAACCTTGGTTTAGTGGCCTTGAGTTATAAAGATTTAGGCTTAAAAAAAGACCAGACCATTGCTGATTTACCCCTGGAAACAGCGGGGCAATATTGCGGATTAGATTGCTATGCCACCTATTTGTTAGCGTCAAAATTACAAAAAGAATTAGATCAATATCCTGAACTCAAAGAAATTCTTAAGGAGATCGAACAGCCTTTAGAAAAGATTTTAGCAGCGATGGAAGACCGGGGCATTCGTATTGATTGTGATTACTTACAAACTCTGTCCCAACAATTGGCCGAAAATTTACTTACCATTGAAACAGCAGCCTATGAAGCGGCAGGGGAAAGTTTTAATCTCAGTTCTCCTAAACAATTGGGTACTATTTTATTCGATAAATTAGGCTTAGACCGGAAAAAATCTCGTAAAACAAAAACGGGCTATTCCACTGACCACGCCACCCTGGAGAAACTTCAAGGAGACCACCCCATTATTGATGCGATTCTGGAACATCGTACTTTGGCAAAATTAAAATCTACCTATGTGGATGCTTTGCCGGAATTAGTTAATGGCCAAACCCAGCGCATTCACACGGATTTTAACCAAGCTGTCACTTCCACTGGACGGTTATCTTCTTCCAATCCTAATTTGCAAAATATTCCCATTCGTTCGGATTTTTCCCGACAGATTCGGCGAGCTTTTTTACCCCAAAAAGATTGGCTTTTGGTGTCGGCGGATTACTCCCAAATTGAGTTACGCATCCTCGCCCACCTTTCCCAAGAACCGGTATTGCTACAGGCCTACGGCGATCGCCAGGATGTCCATGGGGTGACCGCTAAATTACTTTTCGGCAAAGAAGATATTACCCCGGCGGAAAGAAATCTCGGTAAAACGATTAATTTTGGCGTTATTTATGGCATGGGTGCCCAGCGCTTTGCCAGGGAAACGGGGATTTCCGCTGTGGAAGGGAGGGAATTTATTGACCGTTACCACCGCACCTATGCCCAAGTCTTTGATTACTTGGAAACTATGAAGCTAGAGGCGATCGCCAAGGGTTATGTCACCACCATTGTGGGGCGGCGGCGTTACTTTAATTTCGTTACCGAAGCTCTAAGACAACTAAGGGGAAAGACCGTGACAGAGCTAGATTTGGTGGACGTAAAAATGAATTATAACGATGCCCAACTGCTGCGGTCAGCAGCCAATGCCCCCATCCAAGGTTCCAGCGCCGATATTATTAAAATTGCCATGGTTAAGCTGGCTAAGCTATTGGAAAGTTATCAAACCCGGATGTTATTGCAAGTACACGATGAACTGATTTTTGAAATGCCGCCGGAGGAATGGGAAGAGCTAGCTCCCCTAATCCAAAACACCATGGAGCAAGCCCTTACCTTATCGGTTCCGTTGGTGGTGGAAATGCACCGGGGTAGTAATTGGATGGAAGCGAAGTAGTTTTGTGACAAACTTTCAGCAACAACTTAATTATTCTTAAAAATTCTCCACTGCCCAAGGTAATACGAGGATCAAAAACTGGTGTGATAATAACGACACTAGGTTTAAGCACAAGACCAAATTTGTCTCGGATCTAGCCCCTTGCCTTGAGAACAAAGAATAGTAACTACGGCTGTTGATCTATGTCCCAAAATTTTTTTGCCAATTTACCAAAGACTAGGCTTTTGGCCCGTTTAAACGATGGTTGGTTGGGCAAAGCTGTACTGGCTTTAGCCCTGGTTTTATTGATGGCTTTTCCCACCTGGGCTCTGTTAAACAACGCTATTAAAAGTAGCCTGTTGCTCGACTCCCAAATGAATGTTTACTACGCCAAATCCCTAGACCGCTACACAGGGGAATTTAGGGCTAAACACCCCATTATTCTCGGTTTATTCAGTAATGAGGGGGGAGATTTTTATCTGTATATGCCGGGTAAAACTACGCCGATCCAGGCCCCGCCAGTGCCGGTGCAATACCAAGTGGTCAAAGGAGTTTCCCATAGTTCCATGGCTATCTACGCCATTCTTCAGCCCTATTTTGCCACTGCCGACAATGCTCCCGCCGCTGGGGATGGTTGGAAAGCAGAATTGACGGCCTACCGAGCCGAACAGGCCAACACCCTGGCCCAGGCGGATCAGTTGGGACTAGAACCAGATGCTTTGACAGCGGTGAAAGAAATTTTGACCAATAACATTAGCTTTATTGACGAAACCTTGGCCGCTGGAGTGATCGATCACCAAAAGATCAATGCTTGGATTAAAGAGGTAGTGCCCCATTTCACCACCACCATCGCCACCGCCGCCACCTACCAAGTGGACCATTGGATGGAAGTTATGGCGGAATGGAAAAAAATGATCGGCGACCAGTGGGACCAAACCTTTGGGGTGACCAATACCCTTTACGTTACCCGCACCAACAATATTTTATTTACTTTGATGGCCCAATTCTTTGGCAAGGAAGCCATCAACGATCGCCTATTACTATTTGAAACCACGGAATTCACCACCAAACCGGACACCATGTTGTCCCTGCTGACCCGCATTGTGAAAGACCGGGAATTGGGTCTAGCTTTCTTTGACGATTATTTCCTCATGGATGTGGAATTGCTCAGCACCGGGGCCCGGGAGGCGATCGCCAGGCAGGACGGAGCCAGAGTACCCATGGCCGCGTCCCAAGGTTCCTATGCTGTGGGGCCAGCCCATGCCCGTATCCGTGCCTACGA
CP129343.1_gap90	3108404	3111240	2836	AAGTTTGGCTAAAATCTAGTGGAAATTCTTGGATAGTTAATTGAGTCGTAACCGTACCATATTCAACGATAAAATTATTGACATGTAAACGATAAATAGATGCTCCAAGCTGATAAGATTGACGAAATTTAGGTATTACTTCCCATTTTTTAGCGTATTGTTTTCGCGTCTGAAACATTGAATGTATGATATCTGAAGTATTATCTTCACTGTCTGATGAAAGTTTTTTCTTGATTAAAGTTGGGTTGATGGCAATATGAATGACTGGAGATATAGAGTTTTTGCGCTTGCCCAACACGGAATTTATTGCTTCTAGTTCCTTCGTTTGGTAATCTACTCCAATAATAAACGCAAATCCTTGAATTTTAATTAATGTTTCTCTGAGCAATGTTTCCGTTGGTCGAAACGTTTTAGTTTTAACTTTAGATGTATTAAGTTGAGGTGTATATTTTTCAATTTCTTCTTTTTCTATTTTAGCAAGTTCAATTTCGTCAACTATTCGGTAATAAATTGAGAAATAATGATTTTTCTGTGATTCAAGTTGAAAAAAACGATGGTGACTTTTGCCTTGCCATCTGTTTCTAATATTTTTAGCTTTTCCAACATACCATACTAAATTTTGTTCGTCGACGACATAGTAAATGCCGGAAAAAATTGGTAGGTTATCTTTTGTGGCGAGTGAAACCTTTGGTAAGTTAAGTAAAAAACTATCAGCTATCATTGGTTACGTCAAATTTAAAAAACAAAAAGTAGAATGTCCTAGGATTTTGTGTCAATGAATTAAAATGATTAATCAGTTTATTAGCAATAACTTATTAACTAAAGTTTAGATAAATTGCCAAAGTGTGACGAGACTGATAAGAAGAGTATAGCAAGCCACTCTTTTATGACCATGAAAATTATTCAAACTGCCCAAGCTCCTGCCCCTGTTGGCCCCTATAACCAGGCGATCGCCGCCAATGGTTTCCTCTTTACGGCTGGCCAAATTGCCCTCGACCCCCAAACCATGACCATTATGGGAGAGGGGAACGTGGAAGTCCAAGCAAAACAGGTATTGACTAATTTAGGGGCGGTGCTCCAGGAAGCGGGCTGTGGTTGGGAAAATGTGGTTAAAACTACGGTATTTCTCAAAGATATGAACGATTTCGCCGCAGTTAATGCCATCTATGGCCAATATTTTGACGAGGCTACGGCTCCGGCCCGTAGTTGTGTGGAAGTGGCCCGCCTACCCAAAGATGTGTTAGTAGAAATCGATTGTGTCGCTGTGTTACCAACCTAGGGCAATGTCCGTCATGGCCCCAGGCTCCATGCTCTAATGGAACTGTTGATTAAACAAATTTGTTCGGAATATTCAGGCCGCCCCGCTCCAGAGCCAATAGCGGTCCCACTGTTCCAGGAGTAGCAATTATGGCTGGATCACTGTTTGCCGATGCCAGTAAAAGATTAGAAAAAGCCCTGAAATATGTGGCCATTTCCGACGATGCCGGGGAAAGGCTGAAATATCCCAAAACCAGTCTCAGTGTTTCCATTCCGGTGCGGATGGACGATGGCTCTTTAAAAATCTTTCCCGGTTACCGAGTGCGCTACGACGACACCAGGGGGCCAGGCAAAGGGGGCGTGCGCTACCATCCCAACGTCACCATGGATGAGGTGCAATCCTTAGCCTTTTGGATGACCTTTAAATGTGCCCTGTTAAATTTGCCCTTCGGAGGAGCTAAGGGGGGCATCACCCTCAATCCCAAAGAACTCAGCCGAGCAGAATTGGAGCGTTTAAGTCGGGGTTACATCGAGGCGATCGCCGATTTTATTGGCCCGGACATCGACATTTTAGCCCCGGATGTTTACACCAATGAAATGATGATGGGCTGGATGATGGACCAATACAGCATCATTCGCCGCAAAATTAGTCCCGCTGTGGTCACCGGCAAACCCGTCACCATGGGGGGCAGTCAAGGTCGCAACACGGCCACCGGCACTGGAGCTTTTTACATCATGCAGGGCATGCTACCCAAGTTTGACCAATATCCCGAAAATACCACCGTTGCTGTCCAGGGTTTCGGTAATGCGGGTATGGTGGTAGCCGAATGTTTATACCAAGATGGCTACAAAGTGGTGGCCATCAGTGATTCCCAGGGGGGCATTTATAACGAACAAGGCATCGATATTCCCGCTGTGATTGATTACAAACAACGGCATCGCACTTTAGCGGGTATGTACTGTGACCAAGCCATCTGCGATTTAGGGGAAAATCAACAAATCAGTAATGCCGAGTTACTAGCTCTGGACGTGGACGTGCTCATTCCCGCCGCCTTGGAAAATCAAATTACCCGCGACAATGCAGACCAAGTCAGAGCTCGCTACATTTTTGAAGTTGCTAATGGGCCCACCACCACCGCCGCCGATGATATTTTGGCTAGCAAAGGTATCTATGTTTTCCCCGATATTTTGGTCAATGCTGGGGGGGTGACGGTGAGCTACTTTGAATGGGTACAGAACCGCAGTGGACTTTATTGGAGCGCCAAGGAAGTTAACGATCGCCTGAAGGAAAAAATGGTGGAGGAAGCGGAACATGTGTGGAACATTACCCAGGAATTGGATGTGAATGTGCGCACTGCAGCCTATATCCACGCCCTTAACCGCCTGAGCGAAGCTATGGATGCTAAGGGGACTAGGGATTATTACCAGGACAGCTAGGAAAATCTGAAATAATAGGAATGGTGTTTTTCTGCTGCTTCCTAATCCCGTCCATTTTTCACTGTTCACCATGACCGAAACTACCATTACCACCAGCGATAACGTCGAAAAGTATGGCGAGCGGGAAATTCGGGATGCCCAA
CP129343.1_gap91	3156948	3160447	3499	GTGGGAGGGGCCGCATTGGCGATCGTAATGGCGCTAGCTTCCATGGTGGTGGTTTCTGAGTCAATTTCGATGTGGGCTTCAAACAACTCCTGTTCCCTGGCCTGTTGAATGCCAGCAAAAATGTAGGCCATCACCCCCAGATTATTTTTCAGTTCCCGGTCTGCTTTTTCCACCATTTCCGCCTCAAAGCCGACCCCGGCCAACAGGAGCATGGGAATGTCGTTACACAGGGCCGTATCCACCACTTTGGTGATGCCCCGGTTGATGGTTTGGCAGGCTCCAGGGATTTGGGTGGGAATGCCCAGGGCAACGGAAAAAGCATTGGCGGTACCCCGGGGGATAATGCCCAAGGGAATGCCGGTGTTGACGAGGGCCGCCGCTACGCCGGATACGGTGCCATCACCGCCGGAGGCAATGATAAAGCTATCTCCTTCCCCGTCCGATTGTTCGTTGGCCTGCTTGATTCGCTTAACAATTTCCTTGGCTTGGTCGGTGACGTTGACTTCGGCACTGGTGAAAGTAATTTTGAGATTAATTTCCGACTGTAAATGCTCTTTGATTAAATCTAGCTCCCGCTCCACATTGCCCTGGCCTGCCACGGGATTAAAAATTAGATGGCCAGTTTTAGTTTTACCCAATAGTTTAATCACTGCTTTGGCGGTGGCTAAATTAATAGCTAGGGGAACGTTGTACACTTCACAAAGCCTTAACAGGGTCCGGATGTCCGGCTCGTGGGGTTGAGCATAGAGAGGGTCAATCAAAAAAATGACGGCAGCAATGGTCCCATCGATGATTTGGGTGGCAATTTGGGTGTCCCCCCCCAGGGGGCCAGAAAAAACAGTATCCACGGCCAAGCCGGTTTTGTTCCTCACTAATTCCCCTGTTTGACCGGTGGCGATGAGGTCATAGCGAGAGAAAAGGGATTTATGCTGTTGGACAAAATTAACCAGAGCGTCTTTTTTGTTGTCGTGGGCGATAAGGGCTATATGGGCAGCCATGGTGTTTCCAGATGGTGGAGTGGAGAGTTGAAGCGTTACCTTAAATTCACAGGTTCAGATTCACAATGGTAATGGAAACAGCCTTTAGCCGTATGGATTTGGTTCAGTCTCCGGTTATTCCCGTGGTTGGACAGTGGATTGTCGATTCCCCCGGTACGATTTCCCTGGGCCAAGGGGTGGCTTTTTATCCTCCCCCTAACGAGGTGGCCGTGGCGGTGCGGGAAAGTCTGGAGCAAACTCCTCTGCATCAGTATCAGCCAGTGGCGGGCATACCAAGCCTAATTTCTGCTTTAACGGAAAAGTTGCGACGGGATAACGATATTAACCTGTCTTCCGACCAAGCTGTGGTAGTAACGGCTGGGGCCAATATGGGTTTTTTAAATGCAGTGCTAGCCATTACGGAGGTGGGAGATGAAATCATTCTCAATACGCCGTACTACTTCAACCATGAAATGGCGGTCAGAATTGCGGGGTGTCAGCCGGTGTTGGTGCCCACTGATGATCAATATCAACTCCAACTGGACCTCATTGCCCAGGCGATCGCCCCCCGGACTAGGGCGGTGGTGACCATTTCGCCTAATAATCCCACCGGGGCCATTTATCCAGAGGCAGATTTGCGGGCGGTGAACCAACTGTGCCAGGAGCGGGGTATCTACCACATCCACGACGAGGCCTACGATTATTTTGCCTACGACCAGACTCCGATTTTCTCCCCTGAGGCCATGGGGGATAGTGGAGGCCATACCATTTCCCTCTACAGCTTTTCGAAGGCCTATGGCATGGCCGGTTGGCGGGTCGGCTATATGGTCATTCCCCTGGAACTATTGCTAGCGGTCAAAAAAATTCAGGATACCAATCTGATCTGCCCGGTGGTGGTTTCCCAATATGCCGCCCTTGCTTGCTTACGGGTGGGCAAGAATTATTCAGCCCAATTTTTACCGGAGATGGCTGCCTGTCGCCAGCAACTATTAGAAACCCTAGGTCAATTGTCTGACTATTGTCGTTTAGTGGTGCCCCAGGGGGCTTTTTACTGTTTGCTGGAAGTTAATAGCCCCTTGACGGATTTAGAGCTAGTGAAAAGGTTAATTGATGAATTTAAGGTGGCGGTGCTACCAGGTTCCACCTTTGGCGTGGATTCGGGTTGCTATCTCCGTATTGCCTATGGTGCTCTGCGGCAGGCCACGGCTAGCGTTGCCATTGCCAGACTGGAGCAGGGTCTAAAAAGTATCTGTTGATTTAGTTCAGGTTTAAGGATTATTCTCGTTTTTTTGCGGTAAGTTTCTTGCTTTGTAGAACAGTTCTAAACTTTGGCGATCGCCGACGTAACGCCAATGCCAGGGTTCGTAGGCAATGCCCTGGGGATTATCCGGGGGAAAAGACAATTCAAAACTGTATTTGGCCGCATTATTTTGGAGCCAATTAAAGGCTTTCGTTTGGGCAAAACTTGCACTTAAATGAGTAGCCTGGGCACTGCCATCGCCAATATCCACCGCATAGCCGGTGTGATGTTCGCTGTAACCGGGGGGGGCACTGACTTCGGCCCGCTGTCGAGCCTCTTGATTGCGCTGTTGTTTGATGTCAAAAAAAAGTTGTTCCTGCTCGGTCACAGTGCGAAAGGCGGAAATGGGGACAAGGGAAATGCCCTGGGCCTTGGCATCCCGTTGCATAAGCAAAAATTGGTCAGCGGCGGCCTGGCGTAACTTTAAACGGCCGTCGGGGGTAATATTTTTCAACTCCCCCAGGGGAGCCTCTTCATAGGGCAAGTGCCCCAACAGGTTATCAATGGGGGTTGCCGTGGGGGTGGGACTTGGTTCTGTCACCACTTCCGGTGCGGGCTCGGGCCTGGGCCACAGGGCCAACAACGTCAATAAAGCCAGAATAATTATCCCCAAGCCGGCCGCGATTAATTTCAGCGGTATGGGGGACAAGGGTTGGGACTGGGGCGACCCCGCTGGATTGTCCCGAATTACTTCCGGGATGTCATCCTGGTTGACGTTAAAGGAAGATTTTGGTTTTTTACCCATGCAGTTGGCGATCGTTGCAGCTCATTGCTTGGCCCCATTGTGCCAGAGAATGTTGGCGGTCATCACCGTACCCCCAAATCTACCGCTAGGCGATGGGCACAGGCAAAACCAGAAAAAGCGACGGCGTTCAAACCCTGGCCTGGAAAAGTACTATCGCCAACGCAATATAGGCCCGGTATGGCGGTGCGGTTGAAAGGCATGGGCAGTAAACCCGGTAAGCGACGGCGGGGGATGGGGCCATAGGTGCCATTTTGTCGCCCTAAAAAGCGGCGGTGACTACGGGGGGTGCCGATTTCCATATAATCCAGTGCCCGATCAAGTCCGGGAAAAATGGCTTCCAGGCGGTCGATTAATTTACCAGAATCGGCTTCTTTTTTGGCTTCGTATTCCTGGGGGGAAAGATTTTGCCAGGATTCGAGCCAACTGGGGGTGAAGGTGTGGATGATGTGGTAACCGTCGGGAGCCAAGCTGGGGTCG
CP129343.1_gap92	3248712	3252153	3441	ACTCCATCGCCGACAGCTATTGTCTAGCTATTCACACACCTCTGGGGGTAGTGATGCACAGTGGAGATTTTAAAATCGACCACACTCCCATTGACGGGGAATTTTTCGACCTGCAAAAGGTGGCGGAGTATGGCGAAAAAGGGGTGCTCTGTTTACTGAGTGACTCCACCAATGCGGAAGTGCCTGGCATTACCCCCTCTGAAGCGTCTGTTATCCCCAACCTGGACCGGGTTTTTTCCCAGGCGGAAGGCCGTTTGATGGTGACCACCTTTGCTTCTTCGGTGCACCGGGTCAATATCATCCTCAGCTTGGCCCAAAAACATCAGCGGAAAGTAGCGGTGGTGGGGCGATCAATGCTCAATGTTATTGCCCATGCCCGTAAATTGGGCTACATCAAATGCCCCGATAACTTATTCGTGCCCCTCAAAGCAGCCCGCAATTTGCCCGACCAACAACAACTAATTTTGACCACTGGCTCCCAGGGAGAACCTCTGGCGGCCATGACCCGCATTTCCAACGGTGAGCATCCCCAGATTAAAATTCGCCAGGGGGATACAGTGGTCTTTTCCGCTAATCCCATCCCCGGTAATACCATTGCGGTGGTCAACACCATTGATCGCCTGATGATGCAGGGAGCCAATGTAATTTACGGCAAGCATCAGGGCATCCACGTTTCTGGCCATGCTTCCCAGGAAGAACACAAAATGTTGTTGGCCCTTACTCGACCTAAATTCTTTGTCCCCGTCCATGGGGAACACCGTATGTTGGTCAAGCATTCCCAGATGGCCCAGGCCCAGGGTATTCCCAGCGAAAATATTGTTATTGTCAATAACGGCGATGTAATTGAACTGACCGGCGATCGCATCCGGGTGGCAGGACAAGTTCCTTCCGGCATTGAATTGGTGGATCAAGCGGGTATTGTCCATGAGAGCACCATGGCTGAACGGCAACAAATGGCCGAAGACGGTTTGGTGACGGTGGCGGCAGCCCTAAGTAAAACTGGCACACTGTTAGCCTATCCTGAGGTACATTGCCGGGGTGTGGTGATGACCATTCAGCCTAAGTTGTTGGAAGAACTAATTGTCCGCACCATCGAGAATTTCCTCACAGAACGCTGGTCAGAGTTCACCCATGGTTCCAACGGCTCCACAGAGGTTAGCTGGAATGCGCTGCAAAAAGAATTGGAGTCTAGCTTGCAACGCCTGATCAAACGGGAATTACAGAGTAGCCCCATGGTTTTACTGATGTTGCAAACCGACACCCCCATCGAATTGGATCAGGTTCCCCAGAATGTAAGCACTGTCAGTGCGACTTCTGCTACACCAGCCCCCCGCAAAAAAGTGGTCCTGACTAAAACCCCAGAACCAAAAGTGAAAGCTAAACCAGAAAAGAAAGTGGTCACCACTGCCGAGCCTAGCGCCCAACCGGTCAGTACCACTAAGGTTTACCGTCGTAGCCGCAAACGCTCTACCACTTCTGTTTCTTCCTAAGATCCGGTATTGTTTTGGCTGGGGTTCTATCTATTGGGCCCCGGCCAATTTCTTTGTCAGTCCGGTAATTGTTGAGCAAAATTAATGTCCACTGTAATTCCTACCTCCCAAGAACCTGTCACCCTTCCCAATGAAATTCTAGAAATTTCCATCAGCATTGCAGTCAAGGAGTTAGACCCAACCCTAGTCAATGAACAGTTTTTGAAGTTCAGTGGCATTGTGTCCAACGAATGGGAATTGAACCAACAGCCAGTGGTAAGTAAAGCTGGTTCCCAATTGGTGTTTAAAAATGGGCTCAGCATTGTGGCCCAGCCCCGCTCCCTAACGTTTTTAGAAGGGATGAATGATAAAACGGCGGAAGTGGTAACCGTGGGCAAGGTCGCCAGTGCCTTTGTGGAAAAATTACCCAATGCCCAATACAACGGCGTGGTAGTAACCCCCAAATGTTTAATTCCCCTACCGGATCAAAACGATGGGGCTCGGAAGTTCATCACCGGTACTTTGCTGGCATCCGGTGCCTGGCAAGATTTGGGCAAGGCCCCCGTACAAGCGGCGGTGGAATTCACCTATCTTTTGGAAGGCTGTCAATTTAACCTCAAAGTTAACCAGGCAACTTTGCAGATTCCCGATCGCCAGGCAGTGAGTGCGTTGTTATTTGCGGGTAACTTCAATTACAGCTTGAATAATCCCAATCCCCAGGAACGGGTCAGCGTGGCCAAACAGTACATTGAAGCGTGGCAATCCGACTTGGATACTTTCCGGGGCATTGTCCACGAAAAATTCTTGGCGGAGCAACAACCCCAAACGGTGTTTGGTTAATTCGGTATAACTATTTGGGGGTTTAACACCTCTAACATGGAGCAATCAATCCGTAGAAATTTCCGTTGACCATACTTTATCCATGGACACCAAGCCCCCTCGACAACGATTGATTGGTTTGACCGGGGGCATTGCTACGGGAAAAAGTACGGTTACGGATTATTTACAGCAAAAATACAGCGTCCCTATCCTCGACGCCGACCTCTATGCCCGCCAAGCAGTGGAACCGGGTTCTGAAATTCTAGTGGCGATCGCCAGGCGTTATGGCCCGGAAATTTTAGACCAACAGGGACAGTTAAAGCGCCAAGCCCTGGGGGAAATTGTCTTTAATAATGCTGAAGAAAAACAATGGCTGGAGTCCCAAATTCACCCCTTTGTTGGGCGGTGTTTTCGGTCTGCCTTAGCTCAGTTAAAACAAGAGCAAACGGTGTTATTGAGCATTCCTCTATTGTTTGAAGCCCAGTTAACAGATTGGGTAACGGAAATTTGGGTAGTGACCTGCGGACCACAGCAACAGGTGGAACGATTGATCAAGCGCAACGGTTTGACGGAGGCAGAGGCTTTAGCTCGCATTACTAGTCAAATGCCCTTGGCGGAAAAGGTAGCTCTAGCGGATGTGGTGTTGGACAACTCCGGGCAAATTGCGGACCTAGAACCACAAATTATCAAGGCTTGGCATCACCGTTAACATTTCCTTGCACTGATACTTCCATCAGGCGATCGCCAGGGCGAAAACTGGACTAAGATTAAGTTCCGCAGAAACAAATCGAGCTCTATGCCGTCAGTGGGCATAAATCGCCAGAATTTTAACTTTTTAGACGCTACCATATTTAGTGTTTTGCCCCTACAATGAGACTCCCCGCACACTAGATATGGAGTCTTGTTCCGGCAAGACCGATGGCAAAATGAATCACTTGCAAGAATGGCGGCAAAGTTGTGTAGACGACCAACTAACCCGCCTCAATGTCACTCCCCTTTTAGGGGATGCCCCCGCCCAACATTTGCTTTATGCTGAAGCGCTCCAGCGCCGTAATGACGGCCGAGTTAGTGACGGTTTAATGAAACGTTATGCCCACGTGGCCTCGGGGGGCTGGTGGTGTTCTGGCATTGATTTACTGTCCGGGGAAAAAGA
CP129343.1_gap93	3286224	3288058	1834	CCTTGTTAAAAAGTCCGGTGTTGCAATTTGTTTCTAGCTTGACCACCGGTTCTCCGGCCCTAGCCTATCTACTAGCGGAGCAAATTCCCATTGAGCAATTGCCCCTAGTGTTGGGGAAGCTCCAATTGGCCTATGACCTATTTAATTTATTGGCGGCGGATAACGACGATACCAGTTTTGATCTACTCACTCTCTGGCCCCTATTGCTGGACAATCCAGTGTCCCCCGATCGCAATGCCTGGGCCTTTGGCCATGCCCTGTTGGAATATTGGACGCAAAATTTGACGGTGGAGCAGTTGGGAGTCAGATTTCGCCATTATTGTGAGCTAAGCTGATTGGTTGATTAACGGTGAAAGATTAGGCTGACTATGGTTGATATTGGCTTGGGGCGACATTTTAGGCCATTGCACCCAGTAACGGTAACCCCGCTGGGCACTGCCCTGTAGCGCAATCTGCCCCTGATGACTTTTGATGAAATAAAAACTGAGGGTTAAAGCCAAAATTTGTCGGCAATGGTGACCCTGACTTTCTTGGTTATGGCCCTGAAGTTTCAGAGCTAAGTACTCCAAGGTCAACTGGATATTTACTTCTGCTTGGTTGGCTTCCCCTTCTGTGAGTAAATCCTGTAGGAGCACATGGGGCAAACCCTGGCCCTGGGGAGAATCAACCCAAACAGTTAAGTGCAAATAGTCTTGGTCAGCGGAGGTGTGAATGTGTAACGTGCCATCTGTTACCCCCTCATCCAACAAACTAAGCAATAGGTAATATATTCCCTGTCTGGCCTTAACTTTGTCTAGGGGCCAATATTTCAGCCCCGATTCTAGGGAAAGTTTGAGGGCAAGCCGTTGTTGACCGAGTACTGCGGCCATTTTATCCTGCCAATACTCCCCCAGTAGGGCCAAATTGACATTGACAATTTGTAAGCCCTGGCGAACGGGTTTAATCTGCTCCAGTTCAATAATTTCCTCAATGGCTTGGTTAACCCGTTGGCCACTCTGGTGAATAATTTCTAGATACTGTTTTTGTTTGTCATTCAGCTTGCCAAAAACCTCATCCCTTAAAACACTGGCCATACCGATCACGGCTGTGAGGTCCCGCTGGGTACGGATTAGGTAATGGGGCACCAATTGCAGTTTGACTGCCTCTGGAGAATGGGCCGATCGCCCTGATGTCTGTGGTTTATTCAAGTTGTTACCGTTGGCAGAAAAAGCACTATTCTCCCCCCCGGCGATCGAACTTAACCGGACATTAACATTATTGAAATTGCGGTCAGGTTGCCCCTGGTTAGCGGCGAGACAAGCTTGGTGTTCAATTTCCCCCATGCACCAACGGGCAGTCATATTCATTAGGGCCACATCTGGCTCCCTAAAATCATGGGGAGAAAAGTCTAGGGCCGCCAAGGTTCCGAGACACACACCATCCCTGGTTAGCAGGGGAGTGCCCAGGTAAGACCTAATACCATAACGCTGGTACAATTCCCCCTCAGCAAAAAATGGTTCCGCCAGAGCATCGGTAATCATTAGTGGCATGGCACTATCCACCACCAGGGTACAGTAAGCATCGTTGCGACTGATCTGCCGGGAAACCAAATTAGGGTTACCCACACCCAATCTATAGATACCTACTGCAGATACAATATTTATTTCATCTTCCACCATCAAACCCACTAAACAAATAGGTAGTCCCAGATTCCTAGCTAAGGTTTGGGTAGCCTCCTCGAAGAAAGTGCTGTTTCTATTGGTTAACAAACCTAATTCCAACAGTTTATTTTGCCTCTGTGCATCTTTTTCTCGCTTCGATAAGCCGTCAAGGGCACAACTCAAGCCGAAACTGT
CP129343.1_gap94	3291460	3295207	3747	TAATAGACAAAGCGTTTCCCTCACCCTGCAAACCCCGATCAAACAGGATCAATATAACGATCGCCTATTCTTTATGCGCCAACCCAGCGGGCAGATATTTTTCCGGGGCACCGTCAGGGTTAGTTATGTGGATGGAGACAACCAATCCCAGGAGCGCTTTTTTCACCTCACCCAACGGCGGGGAGAAATGAGCAATCCCCTCATCACTTTGAATATGCAACCGGGGGAACAACGGGAAGTGACGGTGGATTTGATGTATCCCCCCGATGCTACTCCTCCCCAGGTGTTGACAGTCAAAACAGAGGAGCTTTATTACGGCAGTTTTTCTTCCCCTAGGTAAGTACAGAGACTCCGGCGGGGGAAAGGGTAACAGGTTTCTCCGCCACAACTTTCTTCTCTTCCAAAATAGACGAGTTAAAACGGTAGCCCACATTTCGCACAGTCTGAATTAGACTGGGTTGCCTGGGGTCTGTCTCAATTTTTTTCCGGAGGGAAAGGACGTGGGTGTCGATGGTGCGGGGATTGTCGATCGCCTCGGGCCAGGCCCGGCGGAGTAGCTCTGTGCGGCTGAGGGCACTACCTTCCGCTTGGGTCAGCACGTAGAGCAAACTGAATTCCTGGGGGGTGAGGTCGACAAAATTGCCCTGATATTCCACTCGACGCTGTACCAAATCAATTTTTAGTACTCCATAATCCAACAACAAAGGGGCGGCCACAGTGCGGACCCGGCGAATTAGACATTCTATGCGGGCTAAAAATTCCTGCATGCCAAAGGGCTTGGTTAGATAATCATCAGCCCCAGCCTTTAACCCATGGACAATGTCTTTTTCTGTGTCCTTGGCGGAAAGAATAAAAATCATTGACTGGTGCTGTTGATATAACCAACGGCAAAGCTCAATGCCATCCCCATCAGTAAGGTCAGAATCAATCACGGCCAGGGTGGGCAATTGGTTATTAAATGCCTGGCGGGCTTGGTGGAAACCGCTACATTGTTGGACAAGGTAGCCGCTCTGCTGGAGGTGCCAGCTCAATAGAGAGCGGAGATGGGGGTTACCCTCTACGACTGATATGTAGACTGGATTCACCGATCTAGACCCCTGACTGAAAGTTCCCTGTTAATCTAACAAAGTCAATGTCAAGGCTTTGTAACAACAGTTACCTGCATGGGGGGGCAAATCTTCAAAAAATATAAAGAATTTGCTCGCCATAATGTTAATTGTTCGTACCATTTCCGTCGCTCAACGGTTAACTTTTGTCAGACCAATGGGCCATGAAAAAATTTGAAAATCCCTTAGCAAGGTTTTGGTGTAGAGCACAAATTTACCCAATCAAGCTCCCTCAATACCAGGAGACTTTGATGTTCGCCCCAAATCTGGGGAGTCTGGGTGCTTTAAAAATCTATTCCGGGTCATCTTCACTGCGCTGCTAAGACTAGGGGTTTGAATTGTTCCATAAGTTCCCTGCGACTGGCGGTAATGCAGGGATAGGGGCGATCGCCATAGTCTTCTCCTATCGTAAGCGGAAACAATGGTTCGGGGCGGAGGCAAAGAAATTCCCCTCCGGCGGCCAACAGGATTGGCCAGGCTCCAGCAATGTCCCAAATTTTTGGTGTTTTTTCCGTTCCCCCGAGGGCAGCCCCTAGGGCCACCAGGGCCAGATTGTAACTACTAACCCCAATGAGCCTCAATTTACAGGGAAAGGGATTGGTTAAAATTCCGGCGCTACGGGCACAAAGATTAAACAAATGATTTTGACTAGGCTCGGCGTCACTAACCTGGATTGGTTCCCCATTCAGAAAGGCCCCCTGGGGCCCGGTTAACCCAGAATTTTCTAGCCAATAGCCCCAAAAGGATTGCTGTAGTAAAGGAAAATGGAGAAAACCAAACACTGGTGTGCCCCGGTAGAGTAGGCCAAGGGAAATGCCCCAGATGGGAATGCCCCTGGCGAAATTGGTGGTGCCATCAATGGGATCGACAATCCAACACCAGTCATTAGCAGGAAAAATGTGGGCGGTTTCCTCCGTCAGCACTCCATGGTCGGGAAATTGGACGGCAATACGTTGGCGCAATTCCTGGTCAGACCATTGATCGGCGGCGGTGACCAAACTACCGTCGGCTTTGCGTTGGGCAGGGATTCTGGCGGATTGGGCCACCAACTCTGTGGCGATCGCCTTGGTGGTGGACTGACAAAAGCTCAAAACCTCTGGCCAAAAAGTCTCCATGTCGAATCTTGATATAGTAAATAGACTGCCTGACAAGGGCAATATGGCCATCATCACACATCGCAGGAATTTGCTGTGACCCAGGTTTGGTTTCCCTCCAAAAAATCGGCTACGTCGGTGAAATCAACCGGTCAGTTTTTGCCCCTTTCCCCCAAGGAAATTACAGCCCTGGCCCTTCGTTTGACTGAGTATCGCTGGCTATACCGTTGGGGCCCCTGGAGTGGGGGGGCTTTTTTGGTGACTATGCTCTGGGCAACGGAATGGCGACTGATGCTTGCCACGGGCCTGGGGGTAGGTAGTATGCGGTTGGTCTATTGGCTTTTGACCCATCACCAGGAACTCCAAGCCAAACAGTGGCACCAGTTTTTTTCTGGACCCCAGGGTCGATTGACCATTGCCGGTGGTGGAGGTGGTTTAACTGCGGTCGGCACCTATATGGCCACCATGGTGTGGTCGGAAGTGGAAAATCCTTGGTTGGCCACGGGCATTATTTTGCAGGGTTTGGGTTCCCTCGCTACAGTAGGATTATTGCTCTGGCAACGGCGAAAAGTGGCTGCTCCCAAATTACTCACTGCCCCAGTTTCCGATTTTGACCGTTGTTTGCATTACCTGGCCCATGGCGATCGCCTGCAGAAATTAATTGCCCTGCGTCAGTTACAACAATGGCAAAATCAGCCCAGTCCAGACTCTCCGAACCCGAGAGAACTGGCCTTATACCTCCAAGCTTTTTTAGACATTGAACAGGACCTAGCCCTACAACGGGTAGCGTTGCATTTGCTCCAGCAGTGCGGACAATCTCCCATCCGCCAAGAACCTTTATCCATTCCCCAACGACAAAAACAACGGCAAGCGATTGAATGATGCGGCTCCCACCGGTTGAGTTGTGCGGGTAACAATTCAGCCATTACTGTTAACTTCTTAGTCCTTATTTCAAGGGCCACCAGTTAACCTTTTCCCGGGTGGCACTGTAAACTTCCTTGAGTCCTTCCGGGGCCAGAATTTGAATTAAGTCTTCTTTTTCTCCCTTGGGAATGGCAATCAGATGGTGTTTTTGCATACCCTTCAGCACCTGCTCCACCGTTCTTTGATTGAGCTGGCAAGCCCTGGCGATCATATCAATGGGCAAATCGAAAATATAATTCCCCTGGCGATCGGGTTGGTTGCCCAGTTCTCTTTCTTGATAAATCAACGCCCGCAGTAAACTCGCCACCGCTTGGGGAGGGTAGGTACTGCAATTGAGCAGATGATATTCAAATTTTTGTTGTAATTCAAATAGAAAACGATACCGTTCCCGAAAAATTTCGCTATTTTCATAAATTTGCTCAACAGTAGCGAGGGGAATTTTAATGACGTGGGTGGTCTTATAAACCTCGACAGAACAAGGAAAAGATTTACTGGCCAAACCATAGCTAAAGGGCAAACTGCGCCAACCAAAGCAACTGCCAGCATAGTTAATGGCAATGATGCGGTCCAGAGGAGTGCTACGGGTGATGACGACACCATCATCCAACATCACATAAAGATTA
CP129343.1_gap95	3375299	3379541	4242	AGGAACCCATCCCAGGCCATCGGTTAATTCTGGAAAATGAGGGGCAAACCTACGGAGTTAACATTTGGGATTTATGCTTTCAAGTCTGCTTTGCCAATTATCAAGCCCAGCCCTTTGGGGATAACTTGCCGGAGAATAATCAGGCTTTGGCAGTGGAAATAGACCAGGACTTATTTAACGACCAAGGGGAAGTGGATTGGACGAAATTAGACCATAAAGCTCGCCATTGCGTGGAAGTATTTTTAGCCGCCCTGCCCACCGTTGGCCATAGTTGATTTTGATTGCAGGCGATCAACCGTGCGGAGAATTTGTCCTGCCAACATGGCCGCTCCAAAGCCGTTGTCAATATTGACTACCCCCACCCCCACTGCACAGGAATTGAGCATGGTTAACAGGGGAGCCACGCCGCCGAAACTGGTGCCATAACCGACGCTGGTGGGTACGCCAATCACAGGACAGTCCACTAATCCCGCCACCACACTGGGCAAAGCCCCTTCCATACCGGCCACCACAATCAACACATCCATGGCTTGGATTAATTCTCGATGGCTCAACAGTCGGTGAATGCCGGCAACTCCCACGTCCCAGAGTTTCTCCACTTTGAACCCGCAGAGGCTGGCAGTGATGGCCGCTTCCTCCGCCACGGGTAAATCCGCTGTACCTGCACTGAGAACGCCAATGGTACCGGAATATTTAATTTGTAAAGGGGTTTGCACCAGGGCACAAATGCGAGCTTGGGGATAGTACTGCAATAGAGGAATGCGATCGCCAAGGAGATCCGCCACCTCCGGCTCCACCCTGGTCACTAGCACCACCGGATTATGCACTGCTAAGACCTGGATAATCTGCTCAATTTGTTCTGGGGTTTTGCCTGGGCCCCACACAACTTCTGGAAAACCCGTCCGCAGTTGCCGCTGATGATCCACTTTGGCAAAATCATCGATCGCCTGGAAACTGAGGTGTTTAAGCTGCTCAAAACCCTCTTGGCTACTGATGTGGCCACTGGCGATCGCCGTGAGCAATTGTTGGAGGGAATCTGGGGTCATCGGTGCAGAAAACTGAAAAACAGGGCCACTGACCATTCTGGACTATTTGGGCTAGGTTGCCCCGCCGTACATGGCCTGTAGTACCAGAGCCGGATCTACTAAAACTCCGTTATGGCGCAGTTCCCAATGGAGATGGGGCCCTGTGGTTCTTCCCGTCATGCCCACCCGACCAATGCGCATCCCCGCCACCACCTGTTGTCCCTGTTGGAGCACAATGCCCCCCTGGCGATCGACCAAATACCGTTGCCCCTGATGCACTTCCACCCCGCCCATTAAATGACAGTAAGTGTGCTGCCAAGGGCCGGACTGAATGCGAACCATGGTGCCGCAACCGGTATGGTCGGACATTTCCACCACTGTGCCATGCCACCAATTGCGTATGTAACTGCCCAGGGGCGCAGCCAAATCCAAGCCATTGTGGAAAGTGCTAGCCCCAGCGGTGGGGGCTCGGCGGGGACCAAACCCAGAAGTATATTGCTGGAAATTTTCCACCGGGAAAGAAGCATACTGCCAAGGGTTGGTGGAACTGGTAGCCACTGGAGCATATTGAGCAGCAACCTGGTTATTGGAGGCCAAAGCAATGGTCAAGGTGCTACTGGCCATAACCAGAGCGAGGAGAGATATTAACGACCATAGTCGGCATTTTCTGACCCTGGGCCTGGATAAATTTCTACTTAACCAATGCTTTTGACGACAAGTTCGCCAGAAAGAGTTCATAGCACAATCCTCACACGTTTCACACTGCTCCCTAGTGTATGCCTAGAATTGTTCCCTGGCGAAGGTCAACTTATTTATCTCTGGAGGCATACCTGGGTGTGGGTAAAAAGCACGAAAATGCCCATTAATGCCCCTGTCGTCCGTAATGAGGAAAGATCTAGCAAAAGTCTTCTGGATGGAAAGAGGATTGCAAAAAGATTCTTCTCTAGAAAATCTTACTTTTCCAGTATTCTCCTAGACCATTAACTTTAGGCTTTAAGACCAGTTAAATTGGGCTTGGTTTGGTATAGATTGAGGTTAACTAGTTAAAAATACAGTCTATCTTGCTCCGTTGTTGTTGTTCTTCCGCCCCCCGCTGAGCCGTGCTCTACAAAATTCGCCACTATCCCAACTCGGTGTTGGCCGTTACGCTCAAACCCAAGGAACGGCTCTACATTAACCCCGGTTCCCTAATTAGCATGGATGGGGGATTGGTCGTTAGTCGGGTTTGTGGTGGAGGCTGGCTCCGGGCCTTGGCTCGGTTTTTATTGGGTAAAGAAAACTTAATGGTTAATGCCATCCATAATCCCAGCGATCAACCGTTAAGTTTTACCCTAGGCAAAGCCTTACCAGGAAATTTGACCAGGCTAGACTTACCCAAAAATGGCATAGTCATCAATCCAGGAGTACATGTTGCCCATACCAGCGGCGTCAATATGGGGGTGTATTGGCTCGGTCTATCCAGTTGGTGGGGGGGGCAGGGTTTATTCGGTTTGAAACTCCAAGGTAAAGGCCGCGTCTTCCTTGGTAGCTACGGCACCCTTAACCAGTTGTCCTGCCCCCAGAGTTTTGTGGTGGAGCACTCTCATTTAGTAGCGTTTCAGCCCAAGCTCAAGCTCAAAGTTAATTTTCCCCGGGGTATTGTTGGTGATCTCCAGTCCGGTCGGGGGCTGAGTTCCCTTCTAAAGGGCTCCGGCAACCTCTATTGGCAATCCCGTAGCTTGAGCAGTTTAGGCCGTTTTATCCGGCTCCGACTGCGCTGATTTTTTCTTTGCCCGCCCTATGAACATTAAACTTCTCAATTCCCCCCAAACGGCGATCGCCAGGGTACTTCTGGAGGCCAATGAAGAATTAGCAGCCCAGCATGGTTCTTTAATTGCCATGAGTCCCGACATTACGGTGCAAAGTTCCGTGCGGCGCACTAGCGATGGAGCAGGGAAACAGAGTAGCCGGGGCAATCAAGTTAAAACCATGTTTTTAAACAATTATCGAACCGGGGAAAATGGCGGTGAAATTTACCTGGCCCCTCCCCTAGTGGGAAACCTGGGGCACTATCAACTGGGCGGGAGGAAATTAATTGTCCGCCAAAGCTCCTACCTAGCATCCGATGGCAAGGTGGACATTTTCATGGGCTACAAATCCGCCGCCAAGAAAGAACCCTATTCCTGGCTGAGTTTGGTGGGCGTTGGAGATGTGTTAATCAGCTCCTTTGGGGCCATGTATTCCCTGGAAGTGAATGGCAAACAAATTGTCAACTCCGACCATGTGGTGGCCTTTGATAACAGCCTCAAAGTTAAGCCGTATCAAGAGTTGCGTCCCTGGCCCAAACGTCTGGTGCCCAACCAAGAAATCCTCTATGAATTCAGTGGCACAGGTACAATTTTTTGCCAAACCCATGGTCCTCGGAATTTTGCTCGGGAAGTGGGTCGCCAACTCAAACCGGAAAACTTCAAACTGCGCTAAATCATAAACCGAAACCACTAATATCATTGCCCTGTAACTGAAATCTGCCCGCCATGATGGAAGAAGAATCCCTAGAAAAGCTCGAAGAAAGTCTAGAACAGATCGACCCTGAGGAGGATTTGGAAGAGGATTACACCCAACATCTCTTTGCCCATCCCCGGGAAGCAGGGGGAGATAACCAGGTACGTCCTACAGATGATGAATTTAATCTTCCCTACAGCATTAATGGCCATGCCCTGTACGCCACCCTGGAGCTGACCCTGAAGCCCGGTCAAATTGTCCTTGTTGATGCCAATGTAGTCACTGCCATGGACCGTTCTGTTCTCTTTGTTAACAAATTGCGGGGGGGATTGTTGGATGTCCTCCGTAAAGCCCTAGGGATAGATACCCTATTTCTTAACCAATTTACGGCAGAACAAAGCGTTGGCCACCTGCAATTGGCGCCAGCCCTACCGGGGGATATTTGTCATTATTTTTTAACCACAGAAAAAGGTATTTATCTCCGGGCAGATAACTTCCTGGCCTGCCAACCAACGGTGAAAATTGACACTAATTTCGCCAGTATGAAGCATTTTTATAACGATAGTGAGAGTTTTTTATTGCGTTTAGTCGGACAGGGGGATTTGTGGTTCAGTCTTTATGGTGGTTTGGTGCAGGTTTCCATGAACGGCGATCTGGCCTATAATCCCGATTACATTGTTGCATTTGAAGATACCCTGGATTACCAAATGACTAAACAGGAGGGGCTCGCCGTCGA
CP129343.1_gap96	3528243	3529009	766	AAGGCACCACTGGCAGCTCCCACCGCAGCTCCCAACAGGGGATTGAAAAATAAAATACCGATCAATAAACCCCAAAAGCCGCCACTAACGGCGCCGGAACTGGTGAGATTAATGGCTTGCTTGAGCTTGACTTTGCCCTTTTCGTCTTTGACCACAACGGCGGCATCTTCCATTTCGATCAAATGCTCTACTTGTAGCTTGGCCAGGGCAAGGCGTACTTCCTCTGCCTTGTATTCATCATCGTAGCCGATAACAATTAAGTCACTCATAAAACTTTACTGAAAATAATTGGTGATTACTAGGCTCCATGGTAGCAGTTGGGTTCAATCTTGAAAGTTGGGGTAACCGTCAATACAACATTGGCTCCATGGCTGGTCAATCCATTACAATTTGGGTTATTCGGTGACGCCCCAACCTCCACACCTCCGTTAGATCCCATCTGGATAAAACTAATAAACTCTATTACCCATGATTAAAGCCTACGCTGCCCTGGAAGCCAACGGAAAACTCCAACCCTTTGAATACGACCCCGGTGCCCTGGGTGCTAATGAGGTGGAGATTGAGGTGCAGTATTGTGGGGTGTGCCACAGTGATTTGTCCATGATTAATAACGAATGGGGCATTTCCAATTACCCCCTAGTGCCGGGTCATGAGGTGGTGGGTACTGTGGCCGCCATGGGCGAAGGGGTGAACCATGTTGAGGTGGGGGATTTAGTGGGGCTGGGTTGGCATTCGGGCTACTGCATGACCTGCCATAGTTGTTTAT
