gap_id	start	end	length	sequence
CP129494.1_gap1	7006	9102	2096	CGCCTGAGCGCCTAATGGCAAGTGCGAGACCTTATCTCAGGAAGGATTGGCGTACCGAGATCGTACTTCGAAGATCTCTTGAACGTCTTTTACTGTCAGTACCGTGTCATACAGCCCGATCGCCTCGCCCTTATGCTTGTTGATCCCCGTGTACGCGAGGCTGGAGTCCTCGTACCTCTTGAACTTGTACACGGCGTCGTTCATGAGGGCGCTGTTGAAGAGGCCGAGGCTGACGAGAAGCTCAAAGTCCTTGACTGCCAAACCGGTCACTTTCTTGAAAAGGACCGGTTCCAGCTTCGTGATCACGTCGCGCAAGGTCCGCTCGCGAAAGTCGGTCAGGTACATAAAGATCGGAATCCGCGTCGCGAACTTGATCAGCTTCTCCTGAATCTCCTTCCGCTTCGATCTGTATTCCTTTTCATCATCTGAGAGCTGCTTCTTCTCCTTATCCGAAAGCTCGCGGTCGTTCGCTTCCTTCCGCGCCTTCTTCACCGAATCCGACTTGTTGATGATCGTCTCGATATCTTGGTTGAGGCTCCGGAAACCCTCGATGCTCATGATCGCTCGCAACGCTTCTTCATCGTCGAGGAGCTTTCGCAGCGTCCCGTTATCCACGTTTACAAGCAACGCGCTCTCCCATCGCCGGGCGAGAAGCGTGGCAGTCGTGCCGCTCATCGCCATGTCGAGAATCCCAGCGGCGTCGATCTGTTTCATTGAGCTGCCGTCATAGGCGAGCACAGGTAGGAAATCTATGAACTCAGCCACCTTCTGTTCCGGGCTCGTGGCTTCATCTACGTTGAGGCGGCAGCCGTAGTCCGCGATCTGTCGGAGCGCGCGATCGGGCGCGAAGTCGAAGACGTAGCACTCCAGTTTCAAGATTTCCTCGTGGTTGGGGTTCATGCCGTCTGGATTGAAGATCGTCCACGGGGATTGCACGCGGAACGCGGATTGGAAGTACGTCTCCGGGCTTTGCGAATTTCGGAGCATCAGAATCCCGGTCCAGGGCCGTACGGTGACACCTGTGGTCAGCTTGCCGCACGTCAAAGTGATCGTCCGCGTGGCAAGCGGATCGTCCATGGCGTCCAAGACCGGCTTCAGGGCGGCCATTCCGATTCCCGCTTCGGTCCCGGCGGCGACGATCACTCGGTAGTCGTGATAGAACCGGTTCTGCCGCTTCTTCAGTAGGTTCGCCATCGCATGGCAGGACGCAACGTTTGGGAGGAACCAGATCGTGTGGGAAAGCACTTCCAGAAGTCGCGCGTCGGAGAAGGGCAGCGGCGGCTTCCTGGCGCCGAGCTTTAGGTTGTCAACAGTAGCGGGCGCATAGGAGCCGCGGATGAGGTCGAGCCACTTCTGCACCTCGTCCTCATACTTGAACGTCGCCTGCGCACCGGCTCCTGTCGCCGAGAAGAACGCGTTCAAGTCGAAGCCGTCGAACTCTCCGCGCATTGCGATGTCCCGAATGTCGTCTGGGAGTTGGTAGGTCATCAAGACCATGCGCGGGAGCGGCAGATAGGGGTTGTCGGCCCCCTTCCAGTCGCGCTTGGCCCTTTGCTCGTCGGAATACGTCCAGTTGAAAATCTGCTCCTCGATGAACTCCCCCGAGGCGATGGCCCGGAACGGCGTACCAGATAGGTAGAGGTAGGCGTTCGTCGTGATCGGCATGGAGTCTTCGTCGAAGTATTTAATGCCTTCACCCTCTTCGAACTCGAGCTGCCGTTGGTCTTCGCCCTCGAATAGGTCCTTGGCCGCCTCTCTCCAAGCGCCGTAATGGTACTCGTCAAAGATAATAAGGTCCCAGTTGATGGCGTGGACCCATTCGTTCTTAGTCTTGATGCCGCCCGTGCTCGTGTTCTTGCCCAGGTAGTCCTGAAACGAGCCGAAGCACACGATGGGACGGCTTTTGTCGCAGGACGGCTCTCCCGTTCTCGGCACGTCCTTGCTGGCCACGAACTGCCAGCCCTCGAAGTCGGTGTGGGTCTTGACGTCCTCTTCCCAAGCGCTTTGCACGGCGGGTTTGAAGGTGAGCACGAGGACGCGCTTCCAGCCCATCTTCTTCGCCAGTTGGTAGGCGGCGAACGTCTTCCCAAAGCGCA
CP129494.1_gap2	24970	26368	1398	CGCTGATTTCAAGGAGAAAGTCGCGGGAGCGATCGTGCAGGGTCTGAGGGCCTATTTGGGAGATGGCAAGCAAGAAGACTAAGAAATGCAAGAAGCGGAGACCGGGCCTCGGAATGCCGGTTGCCGTGGGCTTGTTGGGGCTCCTGGTCGTGGGCGGCCTCGCCGCTTATGTTGCTTGGGCGCCGGCCGACCGGATTCCGGATTGGCTCAAGCGTCCCGACAAGCGAACGACTTCTCGACCCGTCGAGCCGACTGTCACGCCTGAGCTGACGCCCGAAGTCGAACAGGAAGTCATTCTCCTGAGCCCGAGCTATGTGGGCGGAGAACTGGGGTTTACCGAAACGGTCGCTAAGGTCCCCCAAGGAGAAGACCCCAAGGCGTTCGTACTCAACCGATTCCTCGATGCGGCCGCGATCACCGCGGCGGACGTTCGTGTCCTGTCGGTTCACATTAACTCCGATGGCCTGGCGGCGCTTTCGTTCAACAAGTCGCTCGGGCAAGGGCTGGGATCGATGGACGAATCGACGCTCGTGAACGGGCTGCGATGCGTGATCGGCCAATTCCCAGAGGTCAACAGCATGGAGATGTTCGCCGACGGCGAGAAGATCGATACGCTGGGGCACTTCGATTTCAGCGAGCCGATTCCCGTCAAGAGGCCGAGCGAATGGCATCGGGACGCCACGCCTTCCGAAGCGCCAGAACCATCGCCAACAGGCTGATTCCGCACCAAGCCACGGCCCAGACGATGCCCGGAATTCCCGAAGCTCCCGCTGCGATTTGGGCATCATTCTCAAAGTCGCCCAGAGCGCTTATGCCCAGAAGGACCCAGAGCGCCTGTACCGACGCAAAGCACTGCTGCATTCCAAGGAACTGTACGCCCAGCATCGCGGCGGGACCGCCGGCTTGTTTGCCAAACAGGAACAGCAGCGCGATCCAACCCCCGATCGAGAGAAGGCCAATCAAGTCGCCCCGGACCCAGAGAATCAGCCCGACCGATAGGAGAACCGCTAATCCAAATAAGGCCTGCCGGGCTCTCTTTGCGCCGGAGCCCAGCACGATGAGGCCCGCGCCCACGGCCGACGCTCCGATGTAGCCCGCCGAAGCGATCAGCAGCGTACTGCCGCCCGCAGATTGAGTTACGCCCGACCCATCCCCAAAGACGAGGATCGTCTTCGCCGAACCGCCGGTTGCCAAGGTCATGAGCGCGTGCATCAGCTCGTGGATGTGGGTGTTGAGGTAGACGATGGGAAGCGTGAGCAGCGAGAGCGCTGGGACCACCCACGTGACGGCGCTGAGACCGGCAGCGACGAGTATGAGCTTACGCCTGTTCTGGAGCGTCACTTTCCATCGCTTCCCCGCCCGTTGGACCTCTTCGCTTCGTAATCCTCATCAGAACTT
CP129494.1_gap3	91772	94556	2784	CGTTTCGGGCACATTCAACTTGAACGGCACGGACATCGCTCACGACGCGAGGTTCGAGCACCCCACTTCCGACTTGGCTCTGCTGCGGTTCTCGACTCCGTTCGCGGGGTTCCATCCGCTGTTCAACGGTTCGGCATTGGGCCGAGAAGCGTCGATCGTCGGTTTTGGCAACTCGGGAACGCCCCGAACGAACCTGACGGGCTATAACTGGGTAACGGCCGCGGGGACCCGTAGAGCCGTTACGAACAACGTCGGTCTGACCCAAACTCTGGCCGTCAACTACGGCGGCAGCATCGGGGTTCTCAACGTGGCGATGTACCTCGCCGATCTGGATTCGCACGATCCGGGAACTCCCGCGCCGTACGACCGGGATTGGTTTGGTGACGGCGGGGCAACTTCGAACGAAGGCAACGTCAGCGTGGGCGACTCGGGTGGGAGTTGGCTCGTCGACGATGGGGGAGTCTGGAAAGTGGCCGGAGTCACTTCGGTCCGATTTTTCGCCGACCCGCTGCCTGCCGGAGCCACAGGCGATCCTGACCCGTTCATGGCGTTTGGGATCAGCGGTTCAGGTGCCGTCAACCTCAACGACCCGAACAATTGGAACTGGATTCAGGCAACGATGGTCCCTGAACCCGCCACCCTTATTGCATTGGGCATCGGGATCGCCGCGACCCTTCGCCGACGCCGAAAGTGACGCTCGCCTCGCGGCGGGTTCTTGGAGGCTCTCGCCCCAGTGGGCGAGGGCCTCTTGCTTGACAAGCGGAACGGACCGAACCCAAAATCCTCAGCAATCGCCGGGGGGATCGAAGATGGCAAAGCGAGTACTTAATGTTGGGTTGATCGGCTACCAGTTCATGGGCAAGGCCCACAGTAACATGTACCGGCAGGTCGGCCGCTACTTCGACCTCGACATCGAAGTGAACATGCACACGCTTTGCGGTCGAACCGCCCACGCGGTAGAGGCCGCAGCCGAGAAGCTCGGCTGGGCGAACGTGGCCACCGATTGGCGAGCCGTCGTCGAGAATCCTGAGATCGACGTCATCGATGTCTCGACTCCAGGGGACAGCCATTGCGAAATCTCCTGCGCCGCCGCCGAAGCGGGCAAGATAGTGTTCTGCGAGAAGCCGATCGGAAACACGCTCAAACAAGCCAAGGACATGCTCGAAGCCGTCCGGCTGAACGGCGTTCCCAATCTGGTGTTTCACAACTACCGCGCTGCGCCGGCGGTCGCGCTCGCAAAGAGCATGATCGATTCGGGCCGTCTGGGGACGATCTATCACATGAGGGCGACCTACCTTCAGGATTGGATCGCGGACCCTCAGTTTCCCCTTGTGTGGCGGTTGCAGAAGGAGCGGGCCGGGAGCGGGGCCCTAGGCGACATTCATTCCCACATCATCGACTTGGGGCGGTTTCTGTTGGGCGAATTTGAGTCCGTGGTAGGGAAGCTACACACGTTCATCGAAGAGCGGCCTCTTGTGGCGGCGACGGACGACAAGCTGGGCGCGAAGGCCTCGGAGCAAATGGGGAAGGTGACCGTGGACGACGCCTCGATGTGCCTCGCCAAGTTTCGGTGCGGCGCGCTGGGCACGTTTGAGGCCTCTCGCTTTGCGGTAGGGCGTAAGAACTACAACCGCTTTGAAATCAACGGCTCGAAGGGCTCGGTGGTATTCAACCTCGAACGGATGAACGAACTGGAGTATTACAACGCCGCCGACCCGGACGGAGAGCAGGGATTTCGGCTGATCCAAGCGACCGGAGCGGCGCATCCCTACGCTGGCCATTACTGGCCTCCGGGCCACATCATCGGCTACGAGCACACCTTCATCAACCTGATGGCCGATGCGCTCTCCGCGATTTCCGAGGGGAAACGGTGCTCGCCCGACTTCCAAGATGGCTACGAAAACCAGAGGGTCCTCGACGCCATCGAGCGGAGTTCGCTCTCGGGAAGCTGGGTGAATCTCTGAGGATTTCGCAAGAAGCGCGCTCGTTGCTGTAACTTCTGCGGGGCTGGGGAGTCTTTACAAGCATAGGGGGCGGATTTCCCGTACGGATTCCGGAACGCACGGATGCGACGGCACAGTACGAAATACATCGGAAAGCACAAAAAAGGGCACGAAATTCGCGCTCGCGGTATAGCTTTTTCCACCAGTTCGACTAAAATACACAGTGGAGATCGTATGTCTCGACGTTGGATTGTATTGGCGATAGGAGCGGTGACAGCGGCCGCTAGCTGGGCTGAGGCCCAGACGCCATTCAACGCCGGTACGGAAGCCACCTCTACCCCTGCCGAAGCCGCCTCGATCGGTGGCACTCCCACGATCGATATGATCACGCTCGATGGTGCGAGCCTCGGCGTTCCTCTTCGGTTCGCGGGAATCGTCGCAGGTTCGGAGCGTGTCGAACTCGACGGTCGCAAGCTCGTCCGCGGAGTCGATTACCGGATCGACCATGCCGCCGGTGTGCTTTACCTTGGATTTGAAGCTCGTGCAGGAAGTCGGCTGATCGCGGCGTACCGCCACGACAAGGCCCTCGCAACGACCGCCCAGAAGGGGCTCGCCGGCGCGGGCGCGTTCAGTTTCCAGTTGGTGCCAGGTGGGCTGAACATGGTCGTGGGACTTGGCATGACCGAACGCACGGGCGACGGCAACGTGTTGAGCTCCAACATTTTTGGCTGGAACAACTCCTTCTCGTTCGGCGCGGGCAAGCTCAGCGGGCTGTTTCTCGTTGGGGATCGTCAACGCGTGCAAGCGCAGTCCCTGTACGAGTACGAGAAGCCTCAGGACA
CP129494.1_gap4	97866	99073	1207	GCTCCGCTCGAGCTTTTCCCTTGGGCGCTTTCAGCGATGGCGCCTGGGGGCGTCTGCTACGTCCCGCTGCCCGAGTTCCGCGCGCACACCGAGGACCTTCTGCCTGCGACTCCCCTCGTGGCGTGGCGGTATACGGACTTTTCGGACCCTCGGTGGCGATTCACCCCAGGGTCGCTCTCGTTGAGCCAGACGGAAAGCCCATCGCCGCAGAAAGCCGGCCTTTGGGTCGAGCAGGGCCTCGCAGCTTACGTCCTTGAAGGCTGGGTATTTCTCAAGCGGTTTGAGCCGCATCGACCCGAAGACTGCCCGGACTTCGGGTGCAATTTCGAGATGTTCACGAACGGGGAGATGCTGGAAATCGAGTCCGTCGGCCCGATTCGGTCGCTCCAGTCTGGCGAATCGCTCGATCACTTCGAGACTTGGTACGTTCGCCAAACGTCAGAGTTTCACGCTCTCCGATCAGGCAGTCGGGAGTGGCTGAACGAAGCGGCTGCAACCTGCCCCCTCAGGGCCGTGGAGCCTCGCGTGAGCGGATAGCGAGGGAAAACGGCGTTACAATGAAGGGAGAACGGAGCCGGGGCAAAGTTTCGTAGGGAGAATAGAACCCATGCTGAATGCACTCCTATTGTCGATATCTCTCGCGCCGCAAGGGCCAAGCTACACGGACCTGAACCGCGTTTTCGCCAAGGGCGAGAAGTCGGAGTATGAGGTCCGCGCGAGTCTCACGACCGAGCGGCGGGTGATTGGACTTGAGACTTGGATGCCGGAGGACCTCGACATTCGCTACAAGTTCAAGTATGAAGTCGTTGAGATGAAGGCGGACGGGATCTGCGACCTGAAGTACCTGCGCCCCTCGATGACGATCACCGAGGGAGAAACCTACGACTCGCCTCCCAAGGAGACCGTCGAAAAGGTCGATCTGAACTTCCTGCTCACGATGTCGCCCGTCAACGACCTCATCGGGATGAAGGACCTCAACCCTCCCAAGCCCGAAAAGCCCCCCGGCGCGAGAGTGCGTTCCATGAGTCCCTGGGCCGGGGTCCTACAGGAGACGACCCTTCAGGCCTTCGTCGGGCAATTTGCGGGTGAAATCTACCGGCTGGCGCTGTTCGCGGGTTCGATGGATGCGAGCTTGGACTTCGCGCCGAAACTGCCTTACGACGAAGTCAAGGTGGGGGACAAATGGAAGCGGACCGTGGGCTATTCC
CP129494.1_gap5	106970	111475	4505	AGCCGTTGCGAACCTTCTGTACCTCGATGGCCACGTTTCGGCAAGACCCGTGAATTGACGACCCCTCAGGGCCGCCGTTCCTGAAGCGGCAAGGAATCCGTCGACGGGCTTTGGGCGCAGGCCCGACATTGCGGAAGGGTCGACTTGCGACAGAAGTGAGCGAACGGACGCCAGCCCTGGGTATTTTCTTGGGGTTGTCCGACAACTATCATGCGGCCATGAAGCATCCCAAGTATTCGCATTCGTTCGAGGTGACGTCGGAACTGCCGGAGGAGCTTCACCCTCTCAAGCGGCTCGCGTTCAACCTTCGCTGGACCTGGCACGAACCCACTCAGGAGCTTTTCCGGCAGGTCGACCGGCAGTTGTGGGAGGAGGTCGAGCACAACCCGGTGCAACTGCTCAACGGCCTGTCCGCCAAGCGAATCCAGGCTCTCTGCAACGATGCCGCCTTTCTCGCGAGCCTCAAGGTGTGCGCCGACGACCTCGATCAGTACCTCGAAGGGAAGACCTGGTTTGGCGAGACCTTCCCCGAACAGGTGGGTCGGACCCTGGTCGCGTATTTCTGCGCTGAGTTCGGGATCTCCGAAACGCTTCCGATCTATAGCGGAGGGCTCGGCGTTCTTGCGGGCGACCACCTTAAGGCCGCGAGCGATCTCGGCGTGCCGCTGGTCGGCGTTGGGCTCCTTTATTCCCGAGGATACTTCCGCCAAATCCTCACCTCTGACGGCTGGCAACAGGAGCACTATCCGAAGTACGACTTTTATCAATATCCGCTCCAACTCATGCGCGGAGAGGACCAGCAGCCGTTGCGGGTGGAAGTCGAACTCCCCGACCGCACCATCATCTGCCAGGTCTGGAAGTGCGACGTCGGACGAATTCAGTTGGTTCTGCTGGACAGCAACGTCCTTGAAAACGCGCCTGTCGATCAGGAGATCACCGACACGCTTTATGGCGGCGACCAAGAGATGCGGATTCGCCAGGAGCTGATCTTGGGCGTTGGGGGCATGCGAGCGCTCGATACGTTGGGGATTCGCCCCACGGTCTGCCACATGAACGAGGGCCATTCGGCGTTCCTTTCGCTCGAACGCATTCGGCAGTTCGTCAAGCAGCGCGGCTGCGACTTCCGGTTGGCGCGGAAGGTGGTTGTGGCGGGGAACGTGTTTACGACGCACACGCCGGTCCCTGCCGGGTTCGACCTCTTTCCCCCAGACGTGCTCGAGCGGTACGCGTCGAGCCTTGCGCAAGAGATCGGGCTCAAGATGGACGACCTGATCCGACTCGGGCGCATCGACCCCGAAAACGACGGAGAGCCGTTCAACATGGCCGTCTTCGCGATGGAAAACTCGAACTATGTGAACGGAGTCTCAGAGCTTCACGCCCGCGTGACGAGGCAGATGTTTCACGCTCGATGGCCCGACTACCCCGAAGACGAAGTGCCTGTGTCGGCGATTACAAACGGCGTCCACACGTTGAGTTGGACGAGCCCTCGAATGGCCAAACTGTTCGACACCTATCTGGGTTCGGAGTGGCGCGAACGCCCCGACGACCCCGAAACGTGGGCTCAGGTGCATGCGATCCCCGATCGCGAGCTGTGGGAGGTTCGGGAGAACATGCGCGGCGACTTCGTTCGCTTCGTCCGCAAGCGAGTTCAGCGCGACCTCGTGCGCCGAGGGCACACCCGTTCCGACGCAAGCCAAGCGGAGACGATCTTGGACCCGCGGATATTGACGATCGGCTTCGCCCGCCGGTTCGCCACCTACAAACGCGCCACGCTCCTGCTTTCTGATCCCGAGCGGTTGCGCTCGCTGCTCTTCCATTCCGATCGCCCGATTCAAATCGTCATCGCCGGAAAGAGCCATCCCAAAGATGATGAAGGCAAGAGACTGATCCAACAAATCGTCACTTTTGTGGAGTCAGAGTCGGCGATGCAGAGGATCGTGTTTCTCGAGGACTACGACATCAGCGTCGCGAAGATGATGGTCCAGGGCATCGATCTCTGGCTCAATAACCCCCGAAGGCCGATGGAGGCGAGCGGAACGAGCGGCATGAAGGTGGTGCCGAACGGGGGCCTGAATTGCTCCGCGCTCGACGGCTGGTGGGATGAAGGCTTCGACCCAGGCGTGGGCTGGGCGATAGGAAGCCGGAACGACTATGCCGATACCGGGTTCCAAGACTGGGTCGACAGCCGGTCGCTGTACGTAGCGCTCGAAGGAGAAGTCTCGAACAAGTTCTACACTCGCTCCAACGGCGATCCTCCGACCGGATGGGTCGAGATGATCAAGCAAAGCATGGCGAAGCTTGCGCCCCGGTTTTCGACGGCGCGAATGGTTCGTGATTATGCAGAGAAGTTCTATCTGCCTGCTTCGGTGTCGTTTCAAGCGATGGAATCGAACGGCTTGGGCCGCGCGCGAGAGGCGCTCGCTTGGCGCGATAAGGTGCGGGCAGCTTGGCCCAAAGTGCGAGTCGATTCGGTCTCGGATACGCTGCAGAGCCGAAATCTCGTGGGATCGACGTTTTCGATCCGCGTGACAGCCGATCTCGACGGTTTGATGCCGGAAGAGGCCCGCGTTCAGGCCGTCGTCGGACGAGTCGGCTCCAATCGTGAGCTTCAAGACGTTTGGCATGTGGACCTGACGCACGTTGGCTCCGAGAACGGGATGCACTCGTTTGAAGGAGAAGTGCCTTGCCGGCAGGCCGGGCACCTCGGCTATACCGTGCGAATCGTGCCTTCGAGCCCCGACGTCGTGATCCCCAGCGAACTCAACCTAGTGCGTTGGGAAAAGGACTAAAACTCGCTGCGGTCCGTCCTTCGCCGAATGACGAATTCGGAGAGGAGGCCGATCAGAATCAGCGAAACGGGCAGCCAGAACCCTGCCCAGTGCGCGATCATGATCTTCTGGCCGCGTCCCCGCAGCAGGTCCTTGTACGCAATCGCCTCGAAGCTGCCGCCCACCACGTTATAGAAAGGGCCAAACCCGGCGTACGCGCCCAGGATCAGGATGAGGAGGCCAACGTACTTCCAGTACGGTTTGCCGCCCTGCAGTTGAGTTCTCAGGCCCAGGACGAACGCCAACAAGCCAAAAAGGCACGCTAAACCTGGGAGCAACAGTACATCGACCCATGAGGCAGGCGGAAGCATGGCGAGCAACATCGATAACCCTCTCTTTTCGGGACGTGGGAGCAACTATTGTGCCACATTGGGGAGCCGAATGAAAAGCACCCGCTCCGCGCCGGGAGAATCCGGTGGAATCCGAGGCGGCCTGCGGCCACGCCCCTTGCCTTCAGCTGGGATGCATCGCGTCAGCATCGGAGACGGTGGGCGACAATGAGCGCTTCTACTCGCAGTCGGACTCCGAAGGTTCCGTCCGGCGGCGCGAGAGAACCCTTTGAAAGGTCGACGGTTTGCTTGCGCCTACTCGAACTCGGGATGTTGGAGCGCCGTAGAATGCGGAAGGCCCCTCAGCTTCCCGATCACCGCGCCGGCCCAAAGTTCGCCCGTATCGGCCCGGACGTCGATGTGGTCAAATATCCTCGATCCCTGAAGGGGTTCGCCAAACCGCACGCAAAACACGAGCCTTGCCTCGAAAGGAGCCCGCTCCCACCCGTTACGCGTGCCGTTAAAGCCGTTTTGCACAGCGTAGCCTAACTTGGCGACAGCGGTTTCTCGATTGCCACGCAACGGGGCTTCCTTTTCTTGACAGTAGGCACGGTAGATCTGCCAAGCGATGTCCTTGGCGCGATTCTCGGAAAGCTGTATTGCGGTGGGGAGTATCGCGAAGTCACGATCCTGCTCGATCTCAACGATACGGCCTGTTTCAGAGTCCAATCTGACCTTCAACGTGGGACCCATCGAATGAAATTCGTAGGCACCCAGGTCCGGCTTGAAGCTAGCTAAGTAGTGCCCCCACTCTTCGCGTGATGGATCATCGGACCGAAACTTGTAGGTCATTTTCGCGTTCGGCCTTACCCCGAGCTTGTTCGCGATCGAGCACAGTTCCATCTTGGCGTCTTCGTCCGAGGCGAAGTGCAGGTGGCCCGTGCGATGAGAGTTCGGCTTGACGCTATGCGAGCCATCGCTCAAGTACAGTCGCACTAGGTCCCCAGTCCGAGAATCTATCTTCAGTACATAGGCATTCGCATCGAAAGCCCAGTACCTTCTGCCGCCCTCCCGTGTCCATAAGCGGTTGGGACGCCAAGAGGAAACGCCAAGACTGAGATTCCTTGCAATCTGGTTCGCTTTTTCTTCAATAGACTCAAACGGCAGGTCGGCTGGCTGTAAAGTGGCAAGCTCACCTTGTGCGGGAGACGCCCAGTTGCTCAGCACAAGCAGAGCAGACAGCGATAAGAACACCATCATGAGATTATCCTCCACCAATCTACTGGTGCTTGAAAGGCCCATTCTCTATCATAAACGGAGCGCTGCCCGTTTGCCTCTTCCCAACGCAAATCCGCGCTCGTCTTCGTGCGCATGTCAGTCATCCCAGGCACGGGTTTGAAAACCCTCG
CP129494.1_gap6	113475	114159	684	GGGCCGACACCCAACTCCTTGCGCCGATCGGCAAGCCCAATTCGGTGCGGTTCGTCCCGAGTGGCTTTGGCGTGGGCGGTGGGCAGGCAGGATTCGACAGCGAGGACTCCGGCCCGCAGTTCCTCTATCTCAACCCCGGATCGGTCGTGGGCTCCCATTCGAACTTGCTGCTCGACGACGAATTTGGAGGGGTCTCGCTGAAGTGTTGCCTCGCCCTCGCTGTGGCCGAGGCCGGCATGAACCTCGACCCCGGACAGGCGCTTGGTTGCGCGATCGGGTTCGCAATGGCCTTGGTAGCGTATTCGCCGGAACTCGAACGGCGCGAGTTGGCATCGGGTCTTGGCCTCAGCCGAAGCCACGACTTCGCAATTCCTGTCGGACCCGCCCTCACCTCGCCCGACGAAATGAGCGACGATTTTGGGCCTGAGGGCGACTTCGTCGCTCCGTTCGCTTGTACTTTGAGCCTGAACGGAGCGGATGTCGCCGTATTCGATAGCACGGATGGACCCGTTTCGTTGCCGTCGATCGTGTCGTTTGCCAGCCAAACCGCCCCCATCCGCGCCGGAGACTTGTTCCTTGTCGAACTGGGACCCACTCGGCAGGGCCTGAGGATCGAACCCGGTGACGAAATCAGGTGGACCAGCGATCGCTTGGGGTCCCTCGCCCTGCGCCGAATCTGATGCT
CP129494.1_gap7	309195	312256	3061	TGCCGTTGCCGCTGCATTGGACCTGCAGATTGCCTTTCGTGAGGTCCCAGCGTCGGGTGGAGCCCCCCTCCGGGTCAGGATCGCCATCCACACCGGAGAGATGGACGCTCGCGAGGGCGACTATTACGGCCCAGCGGTGAATCGCTGCGCGCGCATCCGATCGGCAGCGCATGGAGGACAAGTTCTGGTTTCGCATGCCGTGCAGCAACTTGCCTCGGAAGCCTTGCCTGTGGGCTCCCACCTTGTCGATCTGGGCGTACACCGTTTGCGCGACCTCTCTCGCCCCGAGCGCATCTTTCAGTTGGCTCACCCCGACCTTCCGTCTGTGTTTCCTCCGCTTCGAACCCTCGACCACCAGGTTCATAACCTCCCGGTGCTTCTGACCAGCTTCGTCGGTCGCGAACACGAGGTCTCAGAAGTGCTGGAGCTGTTTGAGAAGACGCGCCTTCTCACTCTGGTTGGAGTGGGCGGAACAGGGAAGACCCGAATGGCGCTGGAGGTCGCGGCCCAGGTGGCGGATCGGTTCAGCGATGGCGTCTGTTTCGTGGATTTGGCGCCGCTCCGGGACGCGCACCTGACGGAAAGAGCGCTGCTCTCTGCGATTCAAGAGACGAATCCCGACCTGGCCGGCACGCTGGATGCGGCGCTTGCCGATCGAGAGCTTCTCCTCGTGCTCGATAACTGCGAGCACCTACTGCGGGCGACCTACGCGTGCGCGGACCGAGCGCTCCGGATTTCCCCTCGGCTGAAAGTGATCGCAACGAGCCGCCGGCCATTTGGGCTGAGTGGGGAGCAGATCTACCCGGTGCCGCCGATGAACTCTCCCGCTCCGGGCTCGAAAGGACTTGTGCGAAGGCTGTTCGCCTCCGACGCAGGTAGCTTGTTCCTCGAACGCGCCCGCGCCGTACAACCCACCTTCGATCTCCATTCGGCCAACGCGGAGGATGTCGCGGCCGTGTGCGCAGCCCTGGACGGAATCCCACTCGCGATCGAGCTCGCTGCCGCGCGGCTTCGGGTCCTTTCGCCTGGGCAGATCAGGGAGCGGTTGCAGGACCGTTTCGCGCTGCTCACTTCGTCGGCGAGCTCGGGCGACGAGAGACACCGCACGTTGCGCGGCGCTCTTGATTGGAGTTTCGATTTACTCTCCGAACCCGAGCAGGTCTTGCTGGCGAGGCTCTCGGTCTTCCGCGGAGGGTGGAGCCTGGAGGCCGCGGAGGCTGTGTGCTGCGAACCTGAGTTTCCGCCGCCCAAGCTGCTGGACGTGCTCCAAGGTTTGGTCGAGGCGTCGCTGGTCCTCTATATGCCGTCCGAATCGGGACCGGGCCGTTACAGAATGCTGGAGTCGGTTCGCGAGTACGCCGCAGAGAAGCTCGTCGAGAGCCCTCAAGCCCCTACGCGGAGTCGCCACGCCGAATGGTGCGCCGATCTCGTGCGAGCGGCAGAGGCCGAGTTCACCGGAAGCGACCAGGCGCGGTGGTTTGAGCGCATCGAGGAGGACTTGGACAATGTTCGGGCGGGCATCGCCTACCTCCTCGAAAGCCGAGAAGGCGCCCTCGGAGCGCTCCAACTCGTCTTGGGACTGCGGACCTTCTGGATCGTGCGGGGACATTTCGAGGAGGCGCGAGCGGGCCTCTTGGAGTCGCTTGCGCGGGCGGAGGACCTCGACCCTGCGTTGCGAGCCCGGGCAGAGAACCTCCTTGGCATCCTCGCGCTCCTGAGTGGTGACCTCGACGAGGCTCGCCTCAGACTCGCCGGGGCTTTGGAGTTGCGGCGCGCGCTTGAGGATTGGGGAGGTCAGGCCGCCACACTCAGCAACCTCGGCATCGTCGAGCGGTATTCGTTCCGATTCCAAGAGGCGCTGGCGTTCTTTGACGAAAGCGTGCGCCTCTATCGCCGACTCGAACAACCCAACGAAACGGGCTACGCCCTACTGAACCTAGGATGCGCCTACTTTGAAACTGGCCAGTTCGAAATGGCGGAAGCGACCTACGCCGAATGCCTCACGCTCATGACCCGACTCCAAGATCAGAGCGGCCTTTCTCAGCTAAGGGCCAACATGGCGGACGTACGGCTGTCCCTCGACGATCCCGAAACCGCCGCCGCACACATCCTCGCGGCGATCCATGAAGCTGAGGCCTGTGGGTACGTCCAGTGTCTGGGCGACGGCTTCCACGCTCTGGCTCGCCTTGCCCTGTACAACGGTAACACCGAGGTCGCCGCGATCGCGTGCGGAGCGGCCAAGAGGGTGGCCGTGGAAGGCGGCGCAAAGCCGACCCCGATCGAAGGGCGCCGCGCGGCCCAACTAAGGAGCAAGATCGTCGCGCTTGCAGGAGAAGCGAAATACCGCTCCGGCCACGAGCAGGGCTTTGGGGTTCCCGAAAAGGGCCGATTCCAGCTTGCGCGTTCGTTATTGGACCGATTGACAGAAACGAGTGATTCTTGATAGGGTTTAGGCAGCCGCAAGTCAGTTGCGGCTCAATTGGGGGAGTCAAGCATGGGCAACAACAAGAAGGAAGGGCCGTTTTCGGGGACGAGGCCGATCCCCGCGCCTCCGCCACCGCCGCCGACCTACGCAAAGGTCACGGCGGGCGGGAGCCTCCAGTTCACATATGAACTTGAGTGGACGCGAAGACGAGGAGTGGACCGACACATTCAGGTTCAGTGTTTCCTGCTCTTGCCGCCGCGAATTCGCAACGAGAAGTCCGTGCCGCGTGTCAGGATCGAGGACGTCGTCGAGCAGCCTACGATCCGCAAGGCTGTACCGGCCGGTTCGAAGGCGATGCTGATGGAGGTCAAGACGCGGGCTGGGCTGAAGGGGGTCCACCGCGTTCTCGTCGTGGCGACTGTAGGCAGCATCACGGGGTACCGTCTGATGAAGGTGATCGGCAAGTAGCGGCCCCATTGCGTCGCGCAGGCGGAGGCTCGGCCTTGGGAACGCACGCGTCTCGCATGGCCCTTGCCGAGTGCGCCCTCGTAGCCTCGGCCCCAGGAACGCATGCGTCTCGCATGGCCCCCGCCGAGTGCGCCCTCGTAGCCTCGGCCCCAGGAACGCATGCGTCTC
CP129494.1_gap8	361637	363958	2321	TGGTCGTCTGCAAGAAGGCCCTGCCGTACGTATCCCGTTCGACGAGAGGACGCCTTTCCTGATTCTGCGAGGCCACCGCGCTGAGGATTCTGGGACGCACGGCCTGAATCTCCTCCTCGGAGCACAGAGACCTGAGGCGGATGTGCCCGTTCCGTTGGTATTCGCCCCGATCCTCTGCGGTAACGTTGTAAGGAGAGTCGAACGTTGGGATCGAGGTTGTGTGTTTGGCCATGGCGCGTTCATTGTATCCATACCTGTCCAGTATTTCGAGAGGCAGGGAGAGTTTGGAGTTGAGTTGAGCGATCTAAGAACCGTGTTTCAGAGCCGATCTCTTCGCTCGATGACGGGCCTATTGCTCGGCGCGGTGGCGGGGGCGTTGATGGGAGCGATTTACGGCTCGAATCATGTGCCGGCGGACGTGTACGGGGCGGCGGAGGAGTCCAACTGGCTTCTCGACAACATTATGTTAGGGATGTCGGCGTTCGGGTTGGTGAGCACGGTCGTTGCTCTCTTGCCCCGACCTCTCTATGCGCTCTCGGGCCTGCTCTTCGGGAGCGCGATCGGCCTCGCCCGGACGGAGCTGTGGGCTCGCCTTGAAGTTGGGCTGATGGGGGAGCATTTCCCCGGCGAAGGCAGGCTCGTCATCTTGGCTCTCAGCCTTGGGTTCGCGGGTGCGTTTGCCCTCGTCGGGCCGTCGATCCTTCGATCGATGGCGCGCCCAACGAACTGAGGCCGTGCGCGGCGTATTGTAGAATCAGGCTTCTGTGGATACCAACGAGCGACTCATACGGGCCGTCCAGCTTGCCGCAGCCAAGTTGGTCAGTAACGCCGACATCGATCAGTTGCTCGACGAGGTGCTTGCGATCTGCGTCGAGGCGGTCGGCGCCAGCGGAGGCACGATCTACCTTCACGACGACCGCAGCCGCAGGCTCGTGTTCCATAGCGTTCGCCCCGCCGAGGTCCGAACGAAGCTCCCCGTGCAAGACATCCCCGACGATTACGGCGTCGCAGGGAAGGTGTTTCATACGAGGCGATCGGAGATCAGCGAGTTCCCGGAAGTGCCCACCGCCAGTCGAACTGACTTCGAATCGGCCACGGGGGTGTACCTCAAGACAATGCTGACGAGTCCGCTGATGATGGAGGGAGAGATCCCGATCGGCGTGGTTCAACTCATCAACAAGAAGGAAGGATCGTTTACGGACACCGACGTCGCGGTGCTCGAGACCGTCGCAGCGGTCTGCACAATGGCGGTGATCAACTCGCAACTCGCCGACGAGGCCTCTCGCGCTTCGACGCTTCTCGGAATGGGCAAGGTGAGCCACGATATCGGGAATCTGGCGGCGGCCCTCTTTGCCAATATCTCGTACGCCGGTATGGCGGTGGAGGCGATCCAAACGAGCCTGTCCTCTCAAGAAAGCGAACTCGACGGGCAGCGGCTCGCCGACCTTTCCGCAAACCTCGGTGGGTCGCTCGATGACCTGAAGGGCGTCGCTGACCGGATCGTAGGCTACGCCCGGCTCATCAGCGACCTTTCGGCGGGACGGCCGCTCCGCCCCAACCGCACCCGCGGATCGCTTTCCGCGATCATCGAAGCGGCCGCGCGCGAGGTTGAAGGCGACTGCGAGCAGAGTGGCGCTTGCCTCAGCCTCGACCTTCAAGAAGGCGCCCCGGACACCTGCGTCGATTCTCAGTATATGGCGAGGATCGTCCAGAACCTCTTGGGGAACTCGATCAAAGCGATCGGCGAGGCCCCACCCGGCCCCAGCGGGAGCGGAAAGAAGGCGAAGGGCATCGTTCGCGTCGAGTATCGGTTCAAGAGGGGGCGGCACATCCTCACGGTGGCCGATAACGGGCCAGGCATGACCCGCGAACAGGTTCGGGCGGTTCTTTCGGGCGCAGGACGGAGCTACTGGTCGAAATCCAGCGGCTCCGGATGGGGCATCCGAATCGTCCTTGAATTGGCGGCGACCCATGAGGGGAAGGTGGACGTCGAAAGCGAACCTGGCAAGGGCGCGACATTTCGGCTTTCGTTCCCGCATGTGGACCCGGAAACGGGCTGCCCGTAGGTCCTAAGGGAACTTTAGGCGCGGGTCTGCGGTGTCATAATTTAGGTTCGGAGCTTTGAAGAATTCCCACACAACCGTCATCCGACGTACCCCTCCTCGTTCGAGGAGGTGGCTCTCCGCCCTCTCATGGTTCGCTTATGCGATCGTGTGCGCGGTTGCGCTGGTGGGGGGCACTGCTGCGGGATGGCTCAAGTCGAGCCCCGTCCTCTCGGCCATGAGCGCCCAGTTCCTCACCAACAAGAACGCATCCGACGT
CP129494.1_gap9	482941	485665	2724	TATCGCTCTGTTGAGAAAGACTCGGTGATGCCCTCCACGTCCACCGTCCCCATTGGGCTTCGCCGCGGAGGTGGATTCGGTTCCTATCCAGGCTCGACGATGGGGGTGATCGCCTTCATTCGTCAGGCGTTTTATGACGCCCAGTACCATTCGCGCGTCCTGAAGGCAGTCGCCTCGAAGAAGGCCGGAGTCGAGGCGCCCGAAGCCGATCCCGCGCTCGAGGCTCTGGCAGGGGTTCTGAGCGGCGCTTCCGTCCCGGTCTTTGAAGACCTCAACGAGGTCAGCGCATACATGGCCGCTGAGCTCGCCAAGGAGTTCGGCATTCGCCCGGTATTCGTGATGTCTTCCGACTCGGGGAGCCTTCGAGATGTCTTCTCAACCGCTCGGGCAGTAGTCTTGAGGGGAACGATCCCCAGTCGGCCGCGGATCGACGACTTGGAGAACGCTTCGCTGGGAGCAGTTCGCGCGTACTTCGGCGAAGTACAAGCTGGGGCCGAACTGCAAAGGTCCGGCGTTGCGTTTTGCTTTGGACCCAGCAGCGTCGCGAACCCACTTGCGGGGCTTCGCACCTATGTTCGCGGCGGACTCGACCGCAACTCCGCGCTCGCTTCTCTCACGACCCGGCCCGCCGAGCTTCTGGGGCTGGCGAACGAGATGGGAACGCTCGAGCAAGGCAAACGCGCCAGCATTGTGCTCACGCAAGGCGACCTCTTCGATTCCTCCTCCCAGATCATGGCCGTGTTTTCGTCGGGCAAGCGGATCGACTTCGACATGCCCGATCGAAAGAAGGGCGACGAACTGAAGCCCGACGCGCCTCTCAAGCTCGTTCCCCCGAAATACGGACGCTTCCCCGCCCCTGCCGAGACCGCTCCGGCCTTCCGACTCTACCGAAATGCGACGATTTGGACGATGGGACCGCAGGGAGTTCTGAGCAACGCTGACCTGCTAATTCGCGACGGCAAGATTCAGGCGGTGGGCCGAGGCTTGCAGGTCCCTCAAGGGTGCCAGGTAATCGACGCGAGCGGGATGCACCTCTCGCCCGGCATTTGGGACTGCCATAGCCACACGGGGATCTCGGGAGGGGTGAACGAAGGCGCGAACATGGTCACGATCGAGTGCCGCATTCAAGACGTCACGGACCACACGCAAATCGGAATCTATCGACAGCTCTCGGGTGGGACGGTCGGCGCGAACCAGCTTCATGGGTCGGCCAACGCGATCGGCGGGCAACCCTTCACGGTCAAGTGGCGATGGGGCGAGCCTCCAACGCGGTTTGGCGTCGAGGGCGCCCCTCCCGGCGTCAAGTTCGCCTTGGGCGAGAACCCGATCCGCGAACCTGCGGGAAGGGGCGGCGGCGCCCAAGCGACTCCGGACGGAACCACACTCCTCACCTGGCGTCCTCAAACGAGGATGGGCGTCGAGGAAGCCATTCGAAGGGCGCTCCAACTCGGAAAGGAATACGCCGAGCAATGGCAGGCCTACCGAGCGGGCAAGCTCCCTATCGAGCCTCGGCGCGACATTCAACTCGAGGGCCTGGCGGAAATCGTCACTCAGAAGCGATGGGTCCACAGCCACGGCTATCGTCAGGACGAACTTCTGATGCTGTTGCGCGTCGTCTCGGAGTTCGGCGGAAAACTCGCCACCCTCCAGCACGTCCTTGAAGGCTACAAAATCGCGGACGAGATGGCGGCCTCAGGGGTTGGGGGCTCTACGTTTGCCGACTGGTGGGGCTACAAGCTCGAAGCCTACGACGCGATCCCGCACAACGCGGCCCTGATGGCGATGCGGGGCGTCTCGGTGAGCATCAACAGCGACAGCGACAACCACGCCCGAAGGCTCAACCATGAGGCCGCCAAGGCCATGCGTTATGGTGGGGTTCCGGCGGAGAAAGCCCTGAGCTTCGTCACCATCGAGCCGGCAAGGCAACTCGGCATCGACTCGCGTACCGGCTCGCTCGAGCCCGGAAAGGATGCCGACATCGCCGTCTGGACCGCCGATCCGACGAGCGTTTTCGCGGTGTGCATGCAAACCTACGTCGATGGGGTCCTTAAGTTCGACCGAGATGCCGACGCAAGGCAGCGCTCCGAGAGAATCGAAGAGCTTCAGGCCGCGAAGGAGGCCCTGAGCGCCCCTGAGCCTGAGACCGACCCCGACAACCCGTTCGCATCGACGGCATCGGCCGGCAACGCCGAAGCTGACGCCGACGAGGGTAAAGCCGAAGTCAAGCCCGCCTCCGAAGGCGGCGCATCCGTCGCCACCGGGCTTGGACCCATTACTGGCTTTCCGGGAACGGTCCGTTATCCCCGAAAGTCTTTCCTGATCCGGGGCGCGACGCTTCACCCGATGGTTGCCGAGCCTTTCGTCGGTGACCTCTTGGTGGGCGCAGACGGTCGGATCGCCCAAATGGGCGCGAACCTGAGTCCAGAAGGGGTTGAAGTCATCGACGGCAGCGGCAAGCACGTCTACCCCGGACTTATCGACTCTTCCACCACCCTCGGGCTCATGGAGATCGGACAAGTTCCGCAAAGCGACGACTCCGTCGAAAAGGGCGACTTCCACCCCGACTACAGGGTTGAGCGGACGATCAACGCAGAACATCAGACCCTTGCGGTCGCTCGCGCCCAAGGCGTCCTGACGGCGCTCGTGCGGCAATCGGTGGGTTCAGGCATAGCCGGACAAGCGGCCGTCATCAACACCGAAGGCTACACGTATGAGGACTTAGCC
CP129494.1_gap10	567932	572322	4390	TCTTTCCACTTAGCAAAACCTCATCAGGAAGGTGCTTCAGAATCGCTGCTCCAACCAAGACCTTGACATCCCAAAGGGTTGGGCGGCGGGGTGAAGTCCCTCGAACAGGCTCCCTGGCTATTGATTGCCCGTTTCCGGCGATAACTTCGGCCACCAAGTAGGTGAAGACGCCCATTTCCAGGGCTTGACTCTCAAAGGATTCCTCATGCCTTGTGGAGGAGTACAAGGGAAGGACACTGAATTCGCTGACCGGAGTGTCGTCCAGGGCGGCGGCCTTCGTCTCGTCGGCCTTTGCTTCTGCTCCTTCCGATCTGCAAGCATCAGCGAACAACACGCGAGCCCTTCCTCGAATTGAACTCATTCGCCTAAGCACGTCAGCCCAAGATATGGCTGTGCTCAGGCTCTCTGCGCCGCCAATTCCTTCGTTATAGTCGTAAGGAAGAAACAAGAACTCCCTCTGATTGCCCTTCGTCGGGTCAAGGCTTTCAATTGCTCTCCCGTGACCAGACAGGTGGACGATGACCACGTCGTTGTCTGTCGCTTGAGACTGAATGTCGGAAAAGGCCTTGAGAATTCGTTCCCGTGTAGCAACTTCGTTAGTCAGCTTGGTGACGAACACCTTGTCATAGAGGGGGCCGCCCTTCTGGGCCTCGAAAACCTCCGCCATCCTATTTGCGTCGCGATCGGCATACTTCAAAGTGTTCCAGTATGGTTCCTTGTATTCACCGACGCCGACGGTCAGCAGGTAGAGGTTCGGGAGCTTTTCCGGCTCGACCATGGGTGTCTCAGCTTTCAAGTCAACGACCAAGTCCTCGCCTTTGACGTCGGTTCCAGCCGAACCGATGTGGCGCACAACGAACACAATCTTGTTCTTGCCCTCGAAGACCTTGATCGGAACTTCGACCGTACTTGATCGAGGACCTTGGTGTGGGTCACCACGCCAGGTTCGAAGATCTTTGGCACCTTCTTCGGGCACCGAAATGACCCTAGGGATGATCTCCAGCGTATCCAAGTGTGCGCTCTCGACTTTCAGGACGAACTTTACGTCGTGGGTCTTCACAACGGGCAGCTTCGTCTTGGGGTCGATTTCAGGCTGCGGTTCGATCCTCAGCAGTTTGACGGACGGAGGGGGATCTTCTACTTGGACCTTCTCTATCTCCTTGATAGGTTCAGGTTTGGCGGGAGGCGGCGGAGGAGCGCTTACCTCGATCCGGATCGTTGCGATCTTTCCTGAGTATGCGCCGCTCCGAACGACGATTTGCACCTCGCCGGCTTTGTCAGGGGCTTCGAAGTCCGCGCTGTCGCCTCGGGAGCGTAGCGTTCCTCCTCCTTCCATTTTCGTCCAACTCACATCGCGGCTGCGAAAGTCCGCAGGGACGAACGCCTGAAACGACACCTTGTCCTTCGTGCGCAGGTGCAAAACGAGCGCGTTGGCCCGTTTGTCTTTCTGGTTGGCTTGCGCGCGCTCGGCGACAAGAATGTCTCCCGATGGAACCGGCTCAGGCGATACCGCGATGGTGACGACCGCCTTGCGAGAGGGGTCCGCCACGCTCGTCGCTACGAGGACCACTTCCCCCGGAGTCGGTCCCGCCTGGAAGACCACTTTGTCGCCCGAAACCGAGATCGTTCCGACTCCCGAAGACTTCGTCCACTTGACCTCACGCGGCTTGTAGGCCTCAGGGATATACGCAACGAACGTCTTGGTGGAGTTTGTGATTGTCTCCGCGTTAATTGCCGTACCGCGTTTGCTCACTTCGCGCGCGTACCGCTCGTCCCCCACAAGAATCGGCGGACGAAGTTGAACGGCTCGCCGACGCTCGAACTCCTCGTCGGCTCGGTTCTTCGCTTCCGAGACGTTGCCTTCGACTCGGGCATCCATCAAGAGGGCCAGGACGTCAGGCCGGCGAAACTCGGCTCGAAAGCTCTCTAGCGCGAAGGCGAACTTGGCGGCCTCAGTCGCTGACCGATTCGTCTGTACTCCAACGAACTCGGCCCCTCGTGGCGAAGCCGCGTGGAAGCCGTTGCGATTCCAAGCGACCCACTCGCTATTGTCGGCGGCAAAGATCGAGAGTGTGGGGTCAGATATCTCCTGGGCAACCTTTGTGGACCAAAGACAAACCGTTTGGTCGACGGACGAAGTGGCGATCCACTTTCCGTCGGGAGAAAATGCAATGTCAGTGACTCGACCAAAATGACCCCTCATTTTCATGAGCAGCTTGCCATTGCGAGCCGAGTACAAATAGGCACCCAACTCGGCAGCCACGGCTACTAACGAACGATCAGGTGAGATATCCCACGTCACCGAGAGATCATTCGCATCGGGTAGCTGGATCGTAGCGACCTTGACGCCGTCCAGGACCAACTCATACTTCACACCTCCAGAGTGTCGCATCGTTCGTCCAGATCGATTCTTCCAAAAGCTGGAGTCGCCGAAGCCAACACCCGGAATTCGTACGAAGGGGTCCCTTTCGGCTCGCAAAAGGACGAGTGGGGAGCGAACTGAGTAGCAAAACTCAAAGGGCTCACTTATGGCCTTGCTGCGAGAAAACCCAACGAACGCCGAGTCGATGGACCAAGCAACGCGCATCACGGCCGATCCTGGGCCACGCAGCTCGATTAAATGCTTGGCAATGTCCGCTCCTGAAGTAAATGCAACACCCGCGTCCAAAACGAACACCTGGCCACCAGAACTCGCAACTGCCAGATAGTTCGATGTGGGCGAAAAGAGGACTTTGCGGACTTCCCCAAACCGCTGCGGGCGAAGGGCCTGACCTAGGACCTCAAGTCTGCCACCGTCCACACGGCATTGGAGTATTGAAGTATATCCGTCCCCGTCGTAGACCGATACCGCCAGGAGCGTGGAATCGTAGTTGAACGATACCGAAGCAACCAAAGACGGTAGGACGAAATCGAAGCTACTTTGACCGGTGTCAGCGGCCCACAAGTGCAACTTCCGTTCGGAAGAACCTGAAGCAATCCATTTACCATCGGGAGACCACGCGACAGGCATCCAATAACTTGCATCTTTGGAACTCGTTTGGAGGGCCTTCCAGAGCACCTTCTTAGACTGAAGCTCCCAACACACCAACGAGCCGTCGCTGCCTCCACTGACGAGCCGAGAACCATCTGGTGAGAACGAAAGGCTCACGATCGCAGAGCCTGGTTTATGGCCACCTTTCAGTTCAAAGGGAGGGGCTCCGTCTTTCGACACTTGCCACACATAGAGACTGCCGTCATGGGCTCCGGAAGCCAGAAGGTGGCCCTGGCCGCTGTATTCCAAGACGTAGACGATCGCGTTTTGATGCCCTTTCAACCAATGCTCGACCTCCCCGGAAAGGGTGTTCACAAGTCGAATGATCGAAACGTCCTCATTCGGTCTACCGGGGCTACCTCTGATCACATGGGGCTGGTTACCTGCAACGGCCAGTAGATGCTCGTTGGGGTGGGACGCGATGGCGTAAACCTCGCCATGGTACATATTGCCGCCCCCGCTTCGACTCCCGATCTGGCCACGAAACACGTGCATGAGTTGACCGGTCCCAATATCCCACGACCGAGCCGTACGGTCACGGCTCCCCGTGTACAGAGTCTGACCGTCTGATGAAAACGCAAGTCCGAACACATCGCCATAGTGAGCCTTGGGTTCTAGAATCAGGTGGGCCTTGCCATCGAGCGACTGCAAGGATTGCACGTCCCCTACGTCGGCGGCAACGACTAAGGCAACGGTCGCAGTCAGCGCCAATCCGAATAACAAGCGGAAGAGACCAGAGAACCTAGGCATGAGCTTACTCGACCGATTTCGAAGTCCCGTACCAACCCCATATGTGGTGCCTACGCAAAGGTGGGTCACAGCCTGCCGATTCTGTCGGCGATTTCTTGTCTCTGCTTGTCCGTAAGCTGGGCCTTCTGAAGCGCCTCCGTAAGGACCGCCCTTTCGTCCTCGACCCGCTTCTGGTTCTGGCAAAGGTCGGCGATTCTCAAGTACGGAACTGCATACGTCGGGTCGGCCTTAAGGGCCTTTCGGTACAGTTCCTCCGCCGATTGGGGACTTGTGTCGAACAGGCTGTCGCCTTCCATCCGGAGCCTCACCGCCTCAATGCGAAGGTCTTCGGCGGTCGGAATGTCTCGCGCCCCGATGCCGTCATCCACCTTCGGGTCGATCGCGGTGCGGATGTTCTTCACGAGCATCTTGGCGAGGCCCTGCGGAGTGGTCCCCCATTGCTCGGCCCACGAAGCGTCCGCCGTGACCAGCAGACCGTTCTCGGCCTTCCGAGCGTTGACCGCGTATTCGCCGCGAACCTGATAGACCCCCAGAGTCGACCACCACAGCGGGTCTTTCTTCTGCAATTCAACGAGCCGCTCCGCCACGATCCTCGCGCGCTTGTCCACG
CP129494.1_gap11	626777	627898	1121	ATTGTAAGGTAAGGACTGAACGTGCGACAGAGCTACCGAAAGTACGCCCCAGGAATCCGCATCTCCCGAATCGGCCCGACCCTCGTGGGCGCTTTCGTTCTGACTTTTGCGGCATGGGCACAAAGCGTAGTCCCCGACGAAGTGGTTGTTCAGTTTCGCCCTGGCGGGGAGCTTGCGGAGACCCTTTCGCGGGTCCGGTTTGGCGCGAGAGAGATCGGGCGCATCGAGGGCACGCGCGCGAGGCTCTGGCGAGTTCGAAATGCCGCCCAACGGAACCAGGTGATCGGCGCGCTCCGCGCCCATCCCGACATCGAGTTCGCAGAACCGAACGCGATATGCGCTGCCGCGTTCGTCCCGAACGATCCACTGCTGGGCATGCAATGGGCTCCTGCCAAGATCCGACTTCCTCAGGCTTGGGACCTGGGGATCGGAGCGCCGACGGCAATCATCGCCATCGTCGACACAGGCGTCGATCTCTATCACCCGGACCTCAGGGCTAAGATGCTGGACGGCTGGGACTTCGTCAACAACGATTCGATCCCTCAAGACGACAACGGCCATGGCACTCACTGCGCCGGAATCGCGGGCGCGGCCACGAACAACGCGACCGGCATCGTGGGCGTGGGCTACCTCTGTAAGATCATGCCGGTCAAAGTCCTCAATAACCTGGGAGGAGGGACGACCTTTACGGTCAGCCAAGGAATCAACTATGCGGTGGCCAAAGGCGCGAGCGTGGTTTCCCTCAGCCTGGTCTCGTCCGCTACGTCCTCGGTCCTTCAGTCTGCCGTCGATCAGGCGGTCGCCAGCGGCGTAGTGGTTGTGGCGGCTGCGGGCAACGACGCCAACCAGAACCCGAAGTATCCGGCCGCGTACGCAAGCGTGATCGGCGTGGCTGCTAGCGAATCAGGCGACGGCCGAGCTTCGTTCAGTAATTACGGCGCATGGGTCGATGTCGCCGCTCCGGGGCAGGGCATCCTCAGTACCTATGTGGGCGGAGGGTACACGAACCTGAGCGGCACCTCGATGGCGACGCCCCATGTCGCGGGGCTTGCGGGGTTGCTGCGTGCGCGAATGGGATCAGCGGCGTCGGTCGCCGAAATCCGTGACCGCATTCGAACGCA
CP129494.1_gap12	629161	629862	701	CCGACTCCCGCAGCGGGCGGCTCCTCTTCAGAAGCCGACTCGGTGGAAGCCTGCTTGTACATCTGCTCGGCGATCGTGTGGCTCTCGGACTCAAGGTCGCGGTACGCTGCCTCGATCTCGGCCGCCTCGTCTTGGCTGACGGCCTTGCGTAGGTTGGCGATCTTCTCTTCGATGCGCGATCGATCCGCCTCCGCGATCGTATCCCCCGCTTCCTTGAGCGTCTTTTCGACCGAATAAGCGAGTTGGTCGGCCTTGTTCTTGAGTTCGGCGCGGTCCGCAGCCTCGCGGTCGGACTCCGCGTTCATCTCGGCCTCCTTCACCATCCGGTCGATCTCTTCCCGGTTCAGGTTGCCCGAACCCGTGATGGTGATCTTCTGATGGTTGCCGGTTCCGAGGTCCTTTGCGCTGACGTTCAAGATTCCGTTCGCGTCGATGTCGAACGTGACCTCGATTTGCGGGACGCGGGCAGGCGCAGGCGGAATGCCGGTCAGGTGGAACTTGCCCAGGCTCTTGTTGTCCCTCGCAAGCGGGCGCTCCCCTTGCAGAATGTGGATTTCGACGTCGGACTGGTTGTCCACGGCAGTCGTGTAGGTCCTGCCCTTGCGCGTGGGGATCGTCGTGTTTCGATCGATCAGCTTGTCAAAAATCCCGCCTTGGGTCTCGACTCCGAGCGAGAGCGGCGTCACGTCGAGAAGCACGAT
CP129494.1_gap13	666138	667078	940	AGGCGTGCTCGCCAACGATGGCATCCTTTTTAGCGAGTCGGCGCAGAAGGGCGCGCACTTTATCGAGCTTTGCTGCCAGCGAGGGATTCCGCTGGTGTTCCTACAAAACATCACGGGGTTCATGGTCGGCAAGAGATATGAGAACGAAGGCATCGCAAAGCACGGCGCGAAGTTGGTGACCGCGGTCTCGACGGCGAACGTTCCCAAGTTCACCGTGATCGTAGGCGGATCGTACGGCGCGGGGAACTATGGGATGTGCGGCCGAGCATACGGGCCCCGACAATTGTGGATGTGGCCCAACGCCCGGATTTCGGTCATGGGGGGAGAGCAGGCGGCCAACGTCCTGCTCACCGTAAAGCTGGACCAACTCGCGCTTCAGGGCAAAACGATGAGCCTGGAAGAGCAAGAGGAGTTCAAGCGGCCGGTGTTGGAGCGGTACGCCTGGGAGTCGTCCTGTTATTTCTCCAGCGCGCGGCTTTGGGACGACGGAATCATCGACCCCGTCGATACGCGGCGGGTACTGGCGCTCGGGATCGAGGCGGCCCGGGAAGCGCCCCTCGGACCTCCGCCTTTCAGCGTGTTTCGGATGTAGGCAGAACAAAGCGACCCACCTTGCGGCGGGTCGCCTGTTCCCCTATTGGTCGGCTCGCTAAATCCAGTTCAGCACTTCAATCAGCGGCTACCAACTCGAGTACGCCGTGCCATCGGACGCATTGCCGCTGGCGGATGACGTGATTTTTCCAACGGACCCGGAGGTCGTCGAGTAAGTGAAAGCGGCACCGGAGACCGGATCGTTCTCGATCTTCTCTACGTAGGGCCCTTTGTAGTCGGCTGCGTTGATGGACTTCGCGGTTCCCGCTTCGTCCTTGCCAGCAGCCGGCGCGGTCGTGACAGTCAGATCCGCCAGCTTGTCAGGAAACGCTCCGGTGTCGTTTCGGAA
CP129494.1_gap14	723449	725829	2380	AGAGATCGCCCTCGGAAACGGTGCGAGTGTCGTCGTCGATTCCCGAGATCGGCGCGTCGCCGCTGATCCTATCGAGAACGGCGCCCGACCGCTCAATCGCTTCCGAAAGGAGTGGCATCTCAGTTGCTCGCCCCTCCTTGTTGCTTCGTTGAGCGAATCTCGATGTCGGGAGAAGGGGACGCTTTCGGGCTAGGGACCACATCTTTGCCGGGCGTCGGAGGAATTCCCAGCAGCCGGACGACCGCTTGGGCCGATTCGACGAACACCGGCCCCGCAACGCTCGCGCCGTAGTACTTCCCTGCCTTCGGGTTGTCGATCATCACCAGAATGAGCGCCTGGGGGTTTTGCGCAGGAACGAGTCCCACGAAGTTAGAAACGTATCCGCCGCCTTCGACCGTGCCCGTCGATCGGTTGATTTTTTGGGCCGTACCGGTCTTGCCTGCAAGCCGGTATCCCGGAATCCGGAGCGATTTGCCCGTACCCGAGTCAGATTCAATCACGGACTCCATATACCCCAGCACCTGATCGGCGGTTTCCTTCGAAAACAGCCTCCCGGCCTCGCGCTCTTTCGTGTCCCTGCCGCCTACCGTCGCGATGAGCCTCGGCTCCATCCGAACGCCGCCGTTGCCCAGGGCTGAGAAGACCGAAGCCAGCCCGACAGGAGTGCAGGTCATCGATTGACCAAAACCGAAGGTCGCAAGTTGGAGCCCCTTGGCGTATTCGTCGCGGACGAACTGGCCCGAAGCTTCGAGCGGAAGCCCGAGCTGGGTCTTACGCATAAGCCCCGATCTGTCCAAGAACTCGATGAAGTCGGGCGAACCCACTCGGAGCGCCCAAGTCGCCGCGCTGACGTTGCAGCTTTTCGAGATCGCCTTTTCCAGGTCCACGGTTCCATGCGCCCGCGTCCCCCCGTGCAAGTCGCACCGGACGCTTCGGTTCGACCAGACTTGGAGAGAGCCGCCACACTGCACGACGTCGGTGGAATTCACCACTCCCTTCTCCAAGGCGAGCGCGAGGGTCAGAATCTTGAACGTTGAGCCGGGTTCGAGGGCCGCCATATAGTTGGGGTTGAAGTCCGTGAACCGCTCCTTGCTTCCGGTGGGCTGACCCAACCGCGCCGGGTCGTAGCTGGGCCAGTTGGCCATCGCTAGGATGTCTCCGGTCTTGGGGTTGAGGATCACCACCGCTCCTTGGTCGGCGTTGTTGGACTCGACGGCCTCTTTGAGCGCCTGCGTCGCGACGAGCTGCAATCGGCTGTCGAGGGTGAGAACGACGTCTTCGCCATCCACACGGGTCTTGGTGCGGGGATCGATCCTCATGGGCAGGAACTTGCCCTTCGAGTCCGTCAACCCGATGGTCAGCCCGTCTTGCCCTTCGAGCGTCTTGGACTTCGACACCTCAATCCCTGTGATCGGCTTGCCATCGCGGAGCGCGCCGACGACTCCCGCCGCCGCGATTCCGAGGGGGTAGTCCCGCTCGGCGACGCGTCGTAGCGAAACCCCATCGGCCCGCCACCTGATCTTCACGTCTTCAACACGTTTCGCTTTCGACTCGGTCAGAGGCTCCCGCCAGAACGTGGTCCTCACTCCCGATGCCTTGAGCTGAAGCATCTCGCTGGCGGGAATCCCTGAAGCCTCGCTGAGTTCCATGAAAAACGTCCGACTGAACGGCACATCGTCGAAGATCAGCCCGAACTCGCGCGCGCTCGCGTCTTGAGCGAGGGGGCGGTTGTCCGCGCTGAGGATCGCCCCGCGCCGAGCGGGTTCGACGCGCTTGACGAGAAAGCGGCCGCTCTTCTCGCCGAGGTCGAGGACCGCGTCTCGCCGAAACACCTGGAGCCGTGCTTGAGAACCGGCGGCAACGACGAATCCGGCCAGCGTCAGCCAAGCGAAGACCTTGATGCCCCTAGAGTTCATTGATTGCGCTCGCGAGTCCTGATTCCCCAGACGAAACAGGGGTCGATTCCGTCGCCGAAGCCTCCAGTGGGTTGGCGACGGGGGCGGAGGCTGGCTCCCTCGCTCCGGCCATCACAAAGCCGTGGGACTCGGCCCACGACTGGACTGCGACTAGGCTTCGGGAGGCATCGACGCGCTTGCGAAGCATCAAGTTCTCCTGTTCGACCCTCTTAGCGCGCTCCGCCGTGCGCACCGCTTCGCTTCGCGCGGACTCCAACAGCATCTGACCTACGAGGCTGCTGAGTACGAACGTGAAGAAGACGACCCCGACGAACGACGCCATGTACCGCGCGACGACCGCAAGCCCGCTCCTTGCGGGAGTAACCCTCACCGTAAGGTCGGCTGAAGTTGGCACGTATATTTTCGATGCTGGCGCTGCACTCATTCTTCGGTTGGGCCCTCCGTGGCCCTTTCGCTTCCCTGCA
CP129494.1_gap15	749560	754436	4876	CCTGCTGCCTTTGGGACTCTTGCTTCAGTTCGGCTTGAGCAGCGGAATGCGATGTTCGGGCCTCAGCGAGGTCGTTGCGCGCGGAGTTCAGCGAGACCGTTTGCACCAGGGCGAATATCAAGAAAAGCGCTGCCAAAACCCCGACGACGATCGTTCGAGTACGTTCTGAGATCGGCGACCCGCCCGATTTCGGGGCTTCGGGCGCCTTCGGTTTCTCCGCAGGCGCCTCGGGCTTGGCGACCGCGCCCTGCTCTTCCGCGACTTGTTCGCTAGAACTGGTCTTGTCTTCGTTCGGACCCATCGTGTCCCTCCTGCTTCGAATTACTCGGGGAAAGGATACCGGTTTTGGGGGCGGTTCCCGCTATTCGATGGCTTGCGTATACACTGCGCGCAGGACTTCATCCGGGGTCGTCCAGCCCTGAAGGATCTTCGTGATGCCGTCTTCGAGCATCGTTCGGTAGCCCTGCTTTCGGGCCGCGGCGACGAGTTCTGGGTAGTCGGCTTTGTGGGCGATCGCCTGCCGGAGGTCGGGCGTCCCAAGAATCAACTCGAACACGGCGGTTCGGCCTTTGTAACCCGTTCCCCGGCACTCCGCGCAACCCTTCCCCGCCATGATCTGCGCACCCTCGAGTTGCGCGGGGGTGAGGTTGAGCATTTGCAGTTCTTCTTCGGTCGGCGTGTAGGGCTGCCGGCACTTGGCGCAGTTCAGCCTGACAAGCCTTTGCGCCATGATCGCAACGGTCGTCCCGGCGATCAGATAGGGCTCCGCGCCCATATCGATCATTCGGCCTACGGTTTCGACTGCGTTGTTGGTGTGGAGCGTGGTCAACACGAGGTGGCCCGTCAACCCCGCCTGAATCCCAATCGAGAGCGACTCCGGGTCTCGCATTTCACCCACGAGCATGATGTCGGGGTCTTGGCGAAGGAACGACCGCATAACCCTCGGAAAGCTCATCTTCTCCGTCACCTGGACCTGAGCGATGTTGTTTTCGAACTCATATTCGACCGGGTCTTCGACCGTAACGATGTTCTTCCGAACGTGGTCGAGCGTGTTGATCGAGGCGTACAGGGTCGAGGTCTTTCCGGACCCGGTCGGCCCGGTAACGATGACCAAGCCGTAGGGGACCTGGACCGCGCGTTGCCACTTCGTCAGAACGTCCTCCGGCATCCCCAGCTTTTGTAGCTCCACCCGCATCGCCGCCGGGTCAAGGATTCTCATCACGAACTTCTCGCCGTTCAAACACGGGACGCAAGAGGCACGGGCTGAGAGCCTGCGCCCCATGAACTCCATGTCGATTCTCCCGTCTTGGGGCTCGCGGGTCTCGTCGATCCTCATTCCGGCCGAAAGCTTGAGCCGGGCCAACACGTTGGCGGCTTGTTCGGGCGGGAGCTGCCCGGTCGCGTGGAGCACGCCGTCTTGCCGGTACCGAATCTTGAGCTGGTCGCGTTCAGGCTGAAGATGGATGTCGCTCGTGTTGGTCTCTAGGGCGCTGATGAAGATGTTGTCAACGATTCCCACGGCGAGAGACATATCGTCTCCGCCCATCTCCTTGGCCATTCCCGATTCCCGGAGGATGAGTCGAAAGCGCTTGGCTGCGCCCCAATTGAACTGTGAGTGGTCGCTGATCGACATGGCTGTGGTCCTATGTTTGCGTAAGGGGATGGCCGGAATCAAGGTCCAACGCCCGCTCGCGATGCCTACGGGCGGCAGATTCGGCCATACTGTGCCGTGTCCCCACGGCCTCCTGGCGGTTTCAGCCTCTTCCTCTTACTCACTGTGACGGCTTGGGGGCTCAATTTCGTTGCCCTAAAAGTGGTGTACCTGGAGGTCGGGCCGGCTGCGTTGGGCTTCACCCGGTCCCTCATCATGCTGGCGACCCTCGTGCCGGTTTGCTGGCTTGCCAAGGCGCCCCTGCGCTATGAGCGCTCGACGGCGGCGCTGATCCTGTTGCAGGGCTTCATCAGCATGGGGCTCTACATGGTGGCCTTCCTAGAAGCCCTTCGCCTGACGGGGCCCGCGGAAGGCGCGCTCGTCCTTTCGACTTGCCCGGTTCTTACGACCCTACTGGCCATGGCCGTGCGGCAAGAGGCGTTTCGATGGGCCACGCTGCTCTATGCGCTTGTGGCTTTCGGAGGGGTAGCGCTGGTCATCGCCGGAGGGGTCGCCTTGCGTTCGACGTCCCTGATGGGTTACCTGCTCATGGTTCTGGCGGCGCTGACGTGGGCTGTAGGGACGGTGATTAGCAAGCCGCTGGTACAGAAGCACTCGCCCTATACGGTCCTGACCCTTTCAATCCCCGGTGCGCTGCCGGTGCTTGCGGCCTACGGACTTTGGGACACCCTTCAGACGCCCTGGACGAGCTTGTCGGGGTTGACATGGCTCGCTTATGGGTTCGTCGCGCTGGTCGCGGGGACGTTTGGCTTCGTGGGTTTCTATGTGGGAGTTCGGCAGATCGGGGCGACCGGCGCGATGCTGTACCAGTACCTTGTTCCGGTCGTTGCGGCAGTGGCCGCCTGGCTCTGGCTTGGGCAATCGCTCGTGGGAGTTCAGTGGCTTGGCATGGCGATCACCCTCGCCGCCGTGTTTCAGGCGACTCGAAGCCGGTCGCGGGAATTGCGACCGTCCCAAGAGGAGCTTGCCCCCGGCCCTGCGGTCTGAGACCCTGGTGTAAACTCTGGGAATGCTCGCCGTTTTTGCGTTGCTGGTGGCCCATCAAGCTTCCGCGATCCAGGCCACCGCTTTGGACGTGGGCGAGCGCTTGCGAGCGATCGATGTGCTTTGGGCGGAAACGCCTGCGCTCGACAGGCGGATCGCGGCGTCCCCTCTGATTCAGGAGGGAGTGGTGTTTGCGGGCGCGGGTCGGAACTCCGAAGCGTGTGAGTTCCTCGACAAGGCGGCGGCGGAGTTATCGGGTGGCGAGGTCTCTGCGGGCGACGCCGTAACGCTTCGATTCTCTTCGCCGGTGGTCGAACCGGGAAAGTCCGCCGAGTTGAGGTTGGGCTGGGCGTATCTCCCCTCGAAGCCCGACGCCGTCAGCGTGGCGGTCGCCGGAAGGACCGTGCAGCTATTACCAGGACGCAGCGTCACAGTCGAAGTCAATCCGGCTTGGGGTGAGCCCGATCTCGCTCTGACGCCCGAAATCGGCTATGCGGTGCCGATTACGGTCGGAACGAAGTCACGCACGGCCTACTTGACCATCTTGAAGGGCGGGCGGCAGAGGATCGACACACTCTCGCGGGCCACTGACCCCCAAGCTCGGGATTTGGGCCTGGAGCTCCAGCGATTGCTCGCCGAGCCGCTCACCTGGACCCACGAGACTCCGATCCTCGATTGGGTCTATGTGGGAGAACAACTCGATCAGGGGCGCAAGAAGCTGAGCGAACTCGCGCGGCTCCCTTTTGCGCGTCACAAGCAGACCGTGTTTCGCGCCGAGTTTCCGCGCCAGGCGCGAGGGAAAACGCCCCCGCCCGATCCTCAAGTCGTTCTCATCGCCGTTCCCAGTCCGACGGGTGGCGAGTCGTCGTTTTTTGAGTCGTATGGGCGCGGACGGGTCGCACTCGAAGCGGAGCGGCGAGGTTGGGTTTTCGTGTCGGTCCGCAGTTCGCCCTCGGCCCTCGAAGACGCCTTGGAGTGGCTTCAGCAGGTTCGGGGAATCCGAATCCGCCACCTAGTCGTAATGGGGCATGGCCAAGGCGCGGGTGTCGCGCTCAGCGCGGCGAGCCTGCCGATCAAGCCCGCCGCGGCGGCGATTCTCGCACCGAATCAAGCCTCGTTCCTGCGGGAGTGGATCGAGCTTCCTCTCTACCTTTCGGTCGGGCTAGGCGACGGCGGACGGCTTCGCGCTTCGGTGGAGTCGCTTGCGAGGGAAATCGGCGAGCGACCCGACTTCCGATTCGATCAGATTCCGAATTGCGAGCACTTCACTGTGGTCGCTGAGTCCATTCCGACCGTTTTCGAGTTCTTCGACAGGTTCGTTCCGCCCGTACTTCCTGAGCCCGACCCGGACGGCGGCGAGTCCCGTTCGATCCCGCCCTCTGGCCTCGATTCGTAGGTACAATCGAACCCATTCCCACTCGGTTGGGGAGGAGGTTGAACGTTGCCTCATAGTGGAAAGAAGCACCCGCGCGAGACCCAGCCAGAAGCACCCATCGAGTCGCAGATGAACCCACAGAATTCGGCAACTGATGGCGAGGGCAAGACCAGGGCAGAAGGGGCCACGCCCAGCCTCGAAGAGCAGCTCGCCTCGGCCCTCGACGAGCGCGACCGGATGCGCGATCAAATGCTTCGTGCGTTCGCCGAGGTTCAGAACCAGCGTAAGCGGCTCGCAAACGAACGGGATGCGATGCGCCAGTTCATTCTCGAAGAGTTGATGAGCGGCATGATCCCCGTTCTCGACAACCTGGAAAGGAGCTTGGCTGCCGCAGATGCGGGGGCCAGCAGGGAGTCGCTGCTCGAGGGCGTTCGGGGAGTCGAAAGGCAGTTCCGAACGGTATTGGAGTCGTTTCACGTAAGGCGGATCAACGCCAAGGGGAAGATGTTCGATCCGAACCTACATGAAGCTGTAAGTACCGTCGCAACCGCCGAGTTGCCCGAAGGAACGGTGGTCGAGGAGATCGAGTCGGGCTATACGATCCGCGAGGGGGTGCTGCGGCCCGCCAAGGTGCAGGTCGCGAAGAGGTCGTGAGCCGTCCCAAGTTCGGAACCGACGGGATTCGCGGCGTCGCGGGCACCCAACTGACGCCTGAACTGGCGTTGCTCGTGGGTAAGGCGGTCGCCCAGGTGCTGGCGAGCGGGTCCGGAAGCCGGGCCGTCATGGGCCGAGACACCCGAAAGAGCGGGTCGATGGTGGGTGCGGCGGTCGCTGCCGGACTGGCT
CP129494.1_gap16	784682	789352	4670	CTCGATTTTGGGGATAGCTACCATGGCGTTCAGGAACCCGTCATCGACATCATCGAGCGCAACCTCCCGAACACGGTGCGAGTGGCTCTCATGGCCATCTTGCTCGCCGCCATCGTAGGCATCACGTTGGGAACGCTCGCAGCGGTGTATGAGAACCGCGCGGCAGATCGAGCAGTTCTCACCCTCAGTACGCTAGGGGTGACCCTACCCAACTTCGTTCTCGCGCCCATTCTCGTGTACGTGTTCGCGATTCAGTTGGACGTATTGCCTCAGAACTGGAGCGTGAACCGGGTCGCCGACGACATCTACTACCTGATTCTCCCCGTGGTGATCCTCTCCGCCCGGCCGATGGCGACTCTCACAAGGCTGACGCGGGCCTCGATGGTCGAGACCCTCAAGCAGGAGTTCATCAAGCTCGCGATCGCGAAGGGAGTATCGCCGACCCGTCTCGTACTTCAGCACGCGCTTCGGAACGCGATCCTGCCCGTCATCACGGCCATTGGAACGAGCTTCGGGTTTCTCCTCACGGGCTCCTTCGTCGTCGAGCGGTACTTTACGATGCCGGGGATCGGCCGCGAAGCGATCGAAGCGATTCAACAGAGCAACACCCCGGTGATCCAGGCCTGCATCCTGATCACGGGGGTCATGTTCATTGGCGTGAACCTACTCGTCGACCTCTTGTTGCCGCTCTTGGACCCCCGCATTCGGGAGAGCCAAGTTTGAAGCGGTTCGACCCGATGTTCTGGTTCGGCGTGAGCTTCCTCACGCTGCTGGTGCTCGTCGCCGTGTTTGGACCGATGGGGTCTGCGGGCCACAACGCCATTGTGGCCGACCCGTACCTTGGCCCTTCGGCGCAGCACTGGATGGGCACGGACGAGCTCGGACGGGACATTTTCAAACGGATCGCCTACGGCGCCCGGCTTTCGCTGATGATCGGGCTTTCGGTTCAGGCCCTGAGCCTCTTGATCGGGATCACGGCAGGGATGATCGGGTCGTTCGGCCCGAAATGGCTCCGCGTCATGGTGTTGCGATTCACCGATGGGATGTTCGCCTTTCCCGACATACTGCTGGCGATCCTCATCATCGGAGTTTGGAAGACGGGTGTGGAGCCGGTCATCGTCGCGCTTGCAGTGACCTCGTGGCCGGGGATCACGCGCTTGGTCGTGACGCAGGTCGCCTCTCTGCGCGACCGCGAATACGTCGTCGCCTCCAACGCGATGGGCGCTTCAACTCCCTACGTTGTGATCCGGCACATCCTCCCGCAAATGTGGGGCGTGCTGCTCGCCGTCGCCATGGTCGATCTTGCCGGAACGATCCTCGCCGAGAGCACGCTTAGCTTCCTCGGCATCGGCGTTCAGGCGCCCGACCCAAGTTGGGGGAGCATGATCGAGAAGGGCCGGTTTGAGATGACCTCGAACCCGATGCTGCTGCTGTGGCCCTGTCTCGTGCTGAGCACCACGATCTTCGCTCTCAACTTCGTGGGCGACGGTATTCGGGCCGCGCTCGACCCGCGCCGGAAGTCGTAGGATCGGGGAATCCCCGGCTCAGACCACCCAGAACCGCTCGGAAGAGGCCGGACGAATCGAATTTCGAAGCCAAGGCTCGAACACCAACGTCGGGCTGTCGATCTTGGATTGGAGGACCTCGATCGCCTTGCGGAGTTGGTTGTCCGACTCGGGTTTGCCAAACGGGTTGGTCCCTCCGTTGGGTTCGAACTCCACGACGACGTCCGGTTCGAGTCCGCCGGAGACGTACTGGCCGTCCTCATCCACTTTTCGGCTGATGTCGAGGCCGCTGGGCAGGTAGTACCGCGCGATCGTGATCTTGGCGAGAGCCCCATCGACAAGGGGTACCGGCGCTTGAACGGAGGCCTTTCCGTAGGTGTGCTCACCCACGAGCGTGGCGAGGCGGTAGTCCTTGAGAACGCCCGCGAAAATCTCAGCGGCGCTGGCAGATTCCCCGTCGATCAGCACCACCACGGGCTTCTCAACCTTGATACCGCGCCCCTTCCCTGTCCGAGCGACCTCCTCGGTGCCGTCCCTCATCTTCATCTTGACGACCACCTTGTTGTTCACGAAGTGTTCGAGCATCACGACGGCGACTTCGAGCAGCCCGCCCGGATTGCCGCGGAGGTCGATGACGAAGCCCTTGGCCTGTTGCGCGCTGAGCTTGGACAAGGCGTTCGCGAACTGTTCGGTCGTCGGTTCGGAGAAGCTGATGACCGAGACGTAGCCGATAAGCGCTCCCTCGATCATCTTGAACTCGACGCTCGGTGTGACAACCGGCTCGCGCTTCAAGCGCACCTTGAACGGCTTCTCGACCCCTTTGCGGATGAGTTCTAAGCTGACGAAGGTCCCCGCTTCGCCCCGAATCAACTTGACGATCTCCGTCGTGGGCAAGCCCCCGACCGACTTCCCATCGACTCCGACGATCGTGTCCCCCGCCCTGACTCCGCCTCGGCGGGCCGGCCCCTCTTCGAATACAGTATCGACCCGCGCGCCGAGAGGATCCCCTTGCAACCTCGCCCCAATGCCCACGAATTTGCCTCGGGTCTCGAGGTCGAACTCCTTGGCGATTTGGGGTTCGAGGTACTGCGTATGGGGGTCGCCCAGCGAGTTCATCAGCCCACCCAAACCGGCGTACTTGAGTTCCTTGGAATCGACCTTCTTGTAATAGCCCGTTCGGATGTGGTCGAACGCTTGTACGAACATCGTCCTTGCCGTCACGAGCGTCTTCTGCGGCTTGCCGGTGAGGAGCGATTGGACAGCTTCGACCGAAGGCGGGCGGCCCTGTTGAAGGTCGCGCCAAGTGAACCCGAACGCAAAAAGGGCAACGAGGCCCAAGAGAACGCCTAGCGTTTTGGTTAGGGCTCTCATTGCCCGACCTCGCTGCCTGGGCGCGCTCGCGCTTTCCATTTGCCGATCCCTAACGTGTACCCGGAACCGTTCGGAAGGGTCTTCCATTCCACGGCGATCGGCTCTTGGGGGAGCGAACCCGAGATCAGAGTTGCGCCGGCCCTTTCGACCAGTAGGCTCGCCAGCACGCCCGGAGCGCCTCGCGTATAGGCGTCGACTTGGACCCCAAGCTTGTAGGGGGCCGAAGCGCCTTTTGCCACCGTCACGGGGATTGGGGGCTTTCCGTCTTCGCGAATGAGTTCACCGTAACTGCCGGCAGGAACCAGAACTTCGAGGATGCCCTTGGCGATTTCCCACGAGCCGACGCTTGCCCCACGAAAGTCGAGCGTGACTTCCTTGCGGTCTTTCAGGGTCTCTGCGAGCATTTGGGGGACGCCGGGCGCAAGCCGAACGCGCAAAGAACCACCCTCGGATTGGGTGACCGGCGCAACCCGGCTGGGTCCTGCGACGATCTGGGTGGGCAGCACCCTCTCCCCTCGATGCCAGCTCACCGACATCGCGCCGCTTCCGGTCGAAAGGCGCTGCATGGCTCTCGCGGGCGTAATGCTCTTCTTTGTCTTCTCGCGCAGGTCCTTACGGAGTTCATCCAGCTTCGAAACCGGCCACTCGCCCGACTGGACCTTTTGCTGGGTCATTCGCAACAGGTCCACGGTTTCCGCATCGACGACCCAGTGTCCGTCGACCGCCTCGACCCAATCTCCGGGTTCGACTCCCGCCTTATCGGCAGGCCCGTTAGGAACGACATAGGTCACGAGAACTCTCGGAACGCGGGAGCCGCTAGCCACGAGGTCTCCGGGTTCCGCGGGCGGAGCGTCGGCCCCGTGAATTGGCTGAGGTCCCGCCGTGGGCGGCATTTCGAACACGAGTTCCGCGCCGATTCCCTCGAATTGGCCGCTTAATGCCTTCCGGTAGACGGGGAGGTCCTTGGCGTCCATGTAGATCGTCGTGGGGTCTTGTAGGCTCAGCACCATCCCTCGAATGGCGCCCGAAGCGAGCATCAGGTCGTCGTCGATGGGATCGACGAACTCCCTTTTGAGCAAGCCCGCCAGTTGATCGAAATACTCCCCTTCAGGGATCTCCGTCTGGACGGCGCGAGAGGCGAGAAGCTGTTTGGAAGCTACGGTGTCCGCGCCCGACCTCGTCAACCCCAAGTCGACGGCGTCGCGCACGCCTACGCCTAACACCACGGACGCTGCAGAAGCGCACACGATCCCGGTCATCAAGAACGTTTTCTGGGTTTCAGTCATTCGGAAAGAGCCGTCCCACTTGATTGCTATTGTGCCCTTTGAGAGAAATCCTGCATGGCAAGGTTGCCAGGCTTTGCCGAACAGCGAGCGAGTTGCGGCGCGCCCGAGCACGAGTATATCAAAAGACGATGCTTCATGGGGCGTGGGTTCCGTCTGGGTCGATTGGCGGGGGAAGACCCTTGATTCGGGCCAGTTCGAGATAGGCCGCTCTCACCCGAGGATCCGCGTCGCGTCGAGCGTTTTCAACCTCTTCGACGGTGACGGGTCCCAATTGTTGAGCAAAGGCCCTAAGCGCCGCAGCCCGAATTTCCGGCGAGCGATCGACCACCGCGATCTGCAGTCCAGGCCGAAACCTTCCATCGAACTTCGTAGCCAAGAACTCGAGCATCTGCCTTCGGACCTCGATGCTGTCGTCGCGCACACCCTTGAGCCCCTCGGCGACCAGTTCTTCACGGGTGGACTCCAGCAACTTAAGGTAACTCGCGAGCCGAACCGCATCACTTGGATC
CP129494.1_gap17	791000	795562	4562	AAACCCGCCTGGGGGAAGCCCGCAGTTGGGTCGCAAAGAGGGGGGAGCGATTGGGCGAGGGCTTCGCCGTGCCAATAGGCGGTCTGCGGCCCGGCCGATGCGGGAATCCGGTAGCCGTGACGAGATGCGGCGAAGCGCAGGTGCCCTGCCCAGGCGTTGTACATCGAAGCCGCAAGGCCATAAGGACCTTGGCCCTCGCCGTCGTTGTAGAAGGACAGGCTCGTGACGGGCGTTCGGTTGACGAGCGTGGTTCCTCCTCCCAAAGCTGGGGCCGAATGGACGAGAAACACCGAGTCGTACGGGCCGCGGTAAACGCGATCTTCGGCCTCATAAGCGCCGCCGTTGAATCGAGGGGTGAGATAGTCCTGAAGGAACGCCTCGCCGTAAGGCTGAGTGCGGGGCAGGGCTCGCGTGTGGGCCCATTCGGTGTCGATGGTCCAATCGATCGTGGCCCTCAGGTTCCCGCCCGCCGTAGCTTCGACCATCGACGCAAACAGTGCGGCAGCAGCCTTAATCTCTTCGAGTTCGCGGGTCACCAGGTTGCCTTGCCGAACCTGATACATCCCCAATTCGTTGCGGTCGAGCACGGTGCAACGGGGCAGCACAAACAGCTTGACCTTCCACTCAGGGGTGGTTGGGGTGATCGACCCTCTTGCGATCTCATACGCCGCTCGCATCCGTGCCCAAGAGCCGAGCTTCGGGATCGGAACGACAGTTCCGTTTGTGGTCACTCTGAGCCCTTGGCCTTCTGCGAACGGGTCGGGCAGATTGGGGACCTTAGCCACGACCGAAGCGCCGCCGATCTCGTACGTTCCCAGCGGGACGAGGTCGTCTTGAGGCGACGGGCTTGCAATGGGCAACGCGAGGGCAAGCAAGGCGACAACGTTCATGACTCTATTCGGGTAGGAGTTCGAACAGTCGGACGTCTCGCGGGCTCGCCGCGTGTCCATCGCCTCGGCTAAAAGTCAGCGCCGCACGGGGTTGGAGGGTCGAAAGGTCCTTTGGCATACGCTCGATCAGGCTAAGGACGACCTTGCGGGCGTTTTCGGCGTTCGACTTGAAGACCTCGAGCACATCGTGGGCGGTGACGGCTTCCGCTCCCGCGAACACCCCGCTGTCGTAGTCGGTGATGAGGGAGATGTTGACGACCGCCATACCCAGTTCCCGGCACAGATACGCCTCAGGGTACTGCGTCATGTTGATGACTTCCCAGCCCGCGCTGTGGAACCACTGGCTTTCGGCCTTGGTGCTGAACCTTGGGCCCTGGATCACCACCACGGTTCCCTTTTCGTGGCAGGGAATCCCGTGTTCGCGGATCGTTTCGACGGCGAGCCTCCGAAGTTCGGGATCGTAGGTTTCCGCGGGAGAGACGTGCGTCGTTACGGGCCCATCGTAGAATGTGTCCTTTCGCCCGGAGGTCCGGTCGACGAACTGATCGCATACGACGAAGCTGCCCGGCCCTACGTGCTTTTGGAGCGAGCCGGCAGCGCACGGACTGATGACCGCCCGGACTCCCAACGAACGAAAAGCCCACACGTTGGCGCGGTAGTTGATCGCGTGAGGGGGAAGGGTGTGGGCGCGGCCATGCCTAGGAAGAAACGCGACAGCCCGACCTGCCACTGAGGCGAGCGTGATCGAGTCGCTGGGGGGGCCGTAGGGCGTGTCCACCTTGATCTCCTCGACGTTTTCGAGAAGGCTGTAGAACCCCGATCCGCCGAAGACCCCGATCTCCGCTTGGCTCACTCCGACCCCTCCTTGGGCGGGTTCGTTCGACCCAGAAAACCGTACACCTCTCGAATCAGAACGTCCACTCGAACGCCTCGCCGGAGCATCACGTCAGGGACGATCTCGGCGGTGCGGCCCGATTTGAGCGCCTTCAGCGAACCCAGGCGGGGATCGTCGGCGATCGCCCGCACGGAGCCGGCAACGAGGATCGCGTCGGGATTCCATTGCAGGAGCATCTCGGCGTTGACGGGAACGAACATCTTGGCATCGGGGCCGATGGGTTCTCCGCCCGACTTTCTCACGATGTCTGCTTGGAAGCTCGCCAGACCGGCGATCATGTGCTCCGAACCTTCGCCAGGGATGAGCACCGCGACGGTGGGCTTGGGTTCGAGCGGCGCGCCTACGGCCTGTTGCGAGGCGGCGTGAATCTTATCGACGTATTCCGACATTTCCGGTTCGGCTTTGGTGAGCGAGGCAAACCTGATGAGCCGGTCTACAAACTCCTCGACAGTCGATCCCCCAATCGCGAATGTATCGATTCCGAGTTCCTTGAACTTCTCCAAGTCTTGTTCGTTGAACAGGTCGGGGTCATAGACGACCACATCGGGCTTAGCGGCGGCGATCGCTTCGTAGTTCGGCTTGACTCCGTTCATCACGACAGGAACTTGTTCGAGCCCAGCGGGGTAGTTGCAGGCTGCCGTTCGACCCTTGATTTCGAGCCATTGGCACCGCCCGCGGATGATCTCGGTGGCGCTTGGACTCAAGCTGACCGAGGTCTTGTAGAGGTCATCGGTCAATACGCCGCCGACGTTGGTCGGCTGATAGCCGCAGCCCCAAAGCGCCAGCGACAAGAGGAGACAGACGATCCATTTCGAAGGGCGCATGGCGTTCATTCTGACTGAACGCTCCCACCGCTCGCCACGTGCCCGAAGCGCCAACCGAGACCGCTACCCGAGTTGGAGGCGCATGGGCTTGTAACGGCGGGTGACTTCGAATCCTTGCGCTCCATAGAACCTATCGAGGGTGGTCCAATCGATGATCGTCTGACGGCAACCCCGCCGCTGAAGCTCCAGCAGCGAAGCCGAAAGCAGCGCGGTTCCCAGGCCCGTGCCCCTGCGCGACTTCGCCACTCCGATCGGTCCAAGGCTACCCCAGTGGCTGCCGAGCGCCCCTCGCCAAACTGCACCACCGACAGGCAGCTTGTGAGTCGAGTCCTGGATCAGGGCAAACCCGCACAGCTCAGAGCCCTCGAAAAGCCCGCAGACCGTTTCCGGGCCCTCGATTCCAACTTTCTGCAACACGTCGTACTGCCACCTTCCGGGGAACTCCGCTTGAAGGTGCGAGGCCAGCGCGGCCACATCGTTGTCGGTAAGGGTGCGAACGGACGCTTTGCCTTGCCCGCTTCCTCCGGGCCAGGCGGCCAAGGCCGTCTCCAAAGCAGGGGAGGGATGGTAGTTCTGAAGATCGCGCTCGAGGTCGAACACTTCGGGTTGTTCTTCAAACCCTTCGACCGTAAGGAAGTTGCAGAGTACGGGGAGATCGCAGGGACATCCAGGAAAGAAGTGGCGCGTGTCCTGCCCGAAAAGAAGCGCGAAGGCACCGCGCTGCGCGATCACGCGTTTGGAGTACGACAGCAAATCGACCCCGAGCGCGGGTTCGAGGAAAGCGATCGCGGAAAGGTGATACGTGTCCTGGTCCGGGCCGGAGTAAAGTCCGGGGGCTGGGGAGCGTTTGACGGCCACGAACCCCGTTGGGACCCCGTTATCCCAGTGGATGCAGGAGGCCCCCCAATCGAACACGGGGCTCCCCACGGTGTTCGCCTGGAGGAGTTCAGCATCGACCCGGAATCGCGGAGAGTGGAACTTGTCCCACAACTCAACGAGCTTCGCGAAGTCCGCTCGTTCGAAACTGGTGCGGCCCGCAATCAACGCGCAGGCTCCGAAGCTACCCCGCGGCAGCGGTTCGGCGTCATGCGTTGGCCTCCTTGCCGATGCCCACAAAGTTCACTCGGAGGTCGCGGATCAGGTTGCCGAGCCTTCGCTTGTCGTCTTCGTCGAGGTGGGGCTCAAGGAACGTCGCGAGGTGGGTCGTGACGTCGATCGCCACCTTGGCTTCGGAAAGGTCGACCGCGACGTTCCCGGTGAACATATCCGGCTGGAGACCCATTTTCTGCCAAGCGATGGCCGACATCTGGTCCACCATCGCCATGATCACGGTGTAGACGCTTACGTGTTCCTTTTCCCCTTGGGTGCTTTCCTCCGACATCGTGCTTTCAGTTTACAACGAGTCTGGGCGCTCAAGGACATTCTTCGACTCCGACTCGTAGGTATTCTTGGCAACGCGCTCGGCACGCGGGTTGAGTTGCCGGACGCGACCTCCTGAGGAACCCATGTCAGATTCGCCTACCCTCCATAACGTGCTCATCATCGGCTCTGGCCCCGCAGGCTACACAGCCGCCCTTTACGCCTCACGCGCAGGCCTCGACCCCATCGTTTTTGCCGGACTCCAGCCTGGCGGCCAGTTGATGATTACGACCGACGTGGAGAACTACCCCGGCTTCCCCCAAGGCTTACTCGGCCCCGAACTGATGGACCTCTTCCAAAAGCAAGCCGAACGGTTTGGAACCCAGGTCGAGTACAAGGTCGTGACGCGAGTGGACCTCTCCGAGCGGCCGTTCAAGGTGTGGTGCGACGACGAGCTTTATCTCGGTAAGTCGATCATCATCTCGACGGGCGCCGAGGCCAAGTGGATAGGGTTGGAAGGCGAAAAGACGTTTGGCGGCTTCGGAGTGAGCGCTTGCGCCACCTGCGACGGGGCTTTCTTCAAGCAGATGACGG
CP129494.1_gap18	876166	878687	2521	TCGGACCCGACGAGGCTGCGTTCTACCGGCGCTACTTCCCCACTCTCGATCTCGACGAAATCGCCGCGAGGCGAAATCGGCAATGACCTACCCATTCTCAACCCCTTAGGAGGCACTTCTTGGCAGCACTCAGTCAACCTTACGAAACCTTCGAAAAGCCCGGCCTGGTGGTCAGCTACAAGCTGTCCAACATCAAGGCCTACAAGGGCGCCCTTTGCGCCATCGACAGCAACGGCTATCTGGTGGCGCTCGACCATGCTACGGCCAACCTCAAGTTCGCGGGCGTGGCCAACGAGACCGCCGATAACTCCGGCGGGTCAGCGGGCGACAAGTCGCTCAACCTGACGAAAACCGGATCGTTCGTTTTCAAGGCCGCGACGGGATTCTCGCCGAGTCAGGCGGACTTGGGCAAGGAGGTGTACGCGAACACCGATTGGGAGGTTCAGACCTCGACCGGAGGCCTCACGAACACCTATAAGGTCGGCACGATCGTCGGCATCGAGACCACCTCGACGGGAGCTTCCGGCGTCCGCGTGCGGATCGACAACTACACCCAGTAACTCGGGCCCCGGACGTCGTGAAGAGGCGTCCCCTGGCACGACCTACGCATTCAAATAGGAGGATTCTCTATGGCTCTTACCCCGAGCGACATTCCCGACCTGTTGCTACCCGGCTTGAAGGCCGAGTTCGCGCAGGCTTACAAGAACGAAGTGGACCACAGCCCCGCCGAGCGGATTGCGACCACGATCCAGACGACATTGCCGATCCAGAAGTACGCCTGGCTGGGCACGGTCCCGCCGATGCGGGAGTTCGTCGACGAGCGACGCCCTTCGGGTCTCGCCGCCAACGCCGTGACCATCGAGGACAAGACGTTCGAGTCCACCATCGCCGTCGAGAGGAAGGCGATCGAGGACGATCAACTCGACCTGATCCGATTGCGCATCCGCGACATGGCGTTCCGCGTCTCCATGCACCGCCATCAGATGATCGTACAGGCGCTCTCCGACGGGTTCGCGCAGAACGGATACGACGGCGTGAGTTTCTTCAACACGGCTCACCCGGCGGGAACTGGCACACACCCAAACCGCACGACCAAGGCGCTCGACGAGGCGGCTTTGGCGGAGGCGATCTCGACGATGATGGTCGTCCCGGACGAACACGGCACACCCCTCGGGATCGCCCCGGACACGCTCTTGGTCGGGCCGAAACTGCAATGGACCGCGCTCGAGCTCGTCGAAAGCCCGGTGGTGGTGTACAAGGGCAACGACAGCGACACCGCTCCGTCGACTCCGTACTCGAACGCCTTTCAGGGCAGGCTCCGCGTCGTGGTCAGCCCGTTCCTGACCGGCACGAGCGACGACTACTGGTTCCTGCTGGACACTCAGCGCCCGATCCGGTCGGTGATTCTGCAGCAACGTAGCGACGTTCCGGTGGAGTTCGGCGCGCTCGACAACACAAGCGGCAGCGAGAGCGCGTTCATGCGGGATCGGTTCTACTACGGCGTCCGGGCTCGCTACAACGTAGGCTATGGGCTCTGGCAGACGGCTTACGGAGCGATCCTGTGAACTGGACCGAGATCGCTCTGATCGCTTCGCTCTTGGGGCTGGGCGGAGTCGCCGGCGCGCTGATCTCGACGGTTTCGAGCGCGGCTCGGGTGTTGGATTCGTACGAAAACCTCTCCGCGACTTTCCGAAGCTATCTCTCGGAGAACCGGGACCCAGGAGTCGGTCCTCTCGCCGTCGCTCTCAACGAGTTCGAGAACGAGGTCTCTACGTTCCGGCTGGCGCTGAACCGGCTCAAGAAGGTGCTTCGAATCCGATGAGCCCGAGCGCCGAACTGCTAGCGCTCGTTGGCAGCTTCTTGGCGACTGCCTTCGGTCTGGTGCGGCTGGCGCTTTCCGCGCACCGCGCCATGACCGAACGGTTCGTTGACTTCCTCGAAAGCTCTTTGCGGAGGCAAGAGGAGGTCAACACGCACTTCGAAGCGGCCATCGAGCAACTTACGGAGAACGTCCGCGAGAACTCGACTCTCTTGGGGAGGGTCGCCGAAAGGCTCAACGTAGGAGGTCAATCATGAGTCTCAGCGTCCCATCGTCCCGGGTCAAGGAGAAGTGCGGGATCACGGTGTCGGACTATGACGCCACGATCTCGAACCTCATTGGCGAGATCACGCCGGTCGTGGAGTTTGCGATTCGGGGAGAGCACCTCTCGGACACGGGTAACACGGGCCTACAAGCCACGCTGAAGCTAGGTCTAACGGAGGTGATCTGCGGAGAGCTCCTCGAACAGATCGCTCGCGAGCCAGGCGCCTTGGAATCGGTCAGCATCGGCGATCTTGCGCTTTCCCCGCCTCCGCCCCAAGTTTGGAGCACCTTGGCGGGGCTCAAGCGTCAGGGCTGGGCGCGGTTGAGGCCCTTTCTGAAGCCCGACGTCGCAGGCGTCCTCGCGACCGTCCTTACGGGCGGATCGAAGATTCCGGAGGAAAGCGGGTTATGACGCCTCTTCAGCGAAGGTTCAAGTAC
CP129494.1_gap19	888470	892296	3826	GACCGAACAAGCGATTCGGTGAAATTCGGGAGCCTGTGAGACCCACAAAAGAGCGCCCTAGTCCTTGCGGACCAGGGCGCTTTCTCGATGGAAGCTCCTACGGCGATTACTTCCGGCGACGCCGTAAAAAGGCAACGCTACCCAAGGCCAGCGCTGCCATCGAAGTCGGTTCGGGAACCGCATTGACGTTCAGCTTCACGATGGTATCGGACGTGAACGCAAGCTCCATCCAATCGATCTGGATCTCCGAGCCGGTGAAGCTAACTCGACTCGAATCGAAGCCCCCCATGTTGGTCGAAGCGTCGATCGTCACCGAAGTAAATGCCGGCCCCGAGACCATGCGCATGGCGATGCCGTTGTAGATGGTCGGCGCCAAAGACAAGCTCGACGAGGACCACGTCGCAGCGGCCATATAGTCGAACGTGATCGACGTGTCGTCCACATCGATGTCGAAGTAGCTGGCGAAGTTGCCCTCGACTCCGGGTCCGACCACGAAGTCGGTCTGGGAGTTGTAAGCTCCCCCATAGGCGTAGTACTGCCATCCCATCGTGGAACCGTCGAGACCGGCGAGCGCCGAGCTGGGAAGAAAGAGCGCCGAAGCGCCAAGGGCGATCGGAAGCGCCCGCAAAAGGGTCTTGTTTCTCATATTCAGCTTATTCTCCTTTATCGATCGATCCGAAAAACATCTCTGCCCAAGCTCGGACCATTCCTATCGTACTGCAAGTTTTCGTAAATGGCGACTGCAAGACAGAAAACCTGTGAGAACTGCTGGCGCTATGGCGACTACGTTCGCGCGGGCTCGCCCGAACAGGGCAAGCGCATCTTCCAGACCCTCAACCGGCAGAGCTGGAACGTTCCGCAGCAGCAATGGCAGGACAGTCCCGAGGAGTTCCACTACGCCTACGACACCCAAGGAAAGCTCCTCTATGCCGCATTCGCCATGACCCCCCAACAGGGCCTCACCGAGTACACCGACGAAGACCCTGCCCTGCGCCGCGCGCTCGCCGTCTACGAATACGACCCCGCAGGAGCGTTTTTGCCGAATTGTTGAAAAATATCTTGACGTTTTCCGCAGAACCTCCTAAACTCATTCTAAGATCATACGCCGTGAAGTAGGTCTCCCACCGAAAGCACTCCACGTGGCAGGCTGTGGGAAGCGCTATCAGCGGATACAGGATAGGGAGAGTACGTGAAAACACCTCGTTTGCGAGTGAATTCGTCGCTGGTAGCAGCGGCGCTCGTCGTCGGCTTGTTCGGAGTCCCAACGATGGGCTTTCCTGATTTCGCCGTGGTTCCGTCTGGGCAAACCGACGCGGGCGCGGGCGAAATCCGGGCTGCCGAATCTTACGCAATAGTAAACAATCAAGTCACCTTGCTCAACAACCAGCACGTATTCGAGATCGTGTTCACGGGCATGACTCACGAAGAGGAAGAGCATCCCCAATATCAAGGGCACTACAACACGATCGACCGCTGGCTCTGTGTGCCCAATTCGCCTGAAATTCGGTTCGGAAAGGTCGGCACGGTAGTGCCCGGGATCGTGCAGCAAAGGCCGACTAGCGCAGGCGACCCTGAACCGATGATGGCCTACGGTCCGTTCCTGGACGGGAAGGTTCCCGTGCACGTACCAGCCCTGGGCGGCTACGAACTGTTGGGACGGGAGTTCTTCGTGATTCAAGTCACACAGCAGGTTCAGTGGGTGTCCAACGGCCAAGGGGGATGGGTCCAAGAGACGACGAAGAGCTACCTTCGGTGGGACCTCAACCTCGACAAACTCATGTGTTCGGAAATGGGCGTCAGCATTGACACCAGAAAGGCGTACGGGCAACCCAACACCGACGGCCAACTCTTCGCCGATGCCAATGCGGAGCTGCGCGAAATCAACTTCTCCAACTGGATTTATCGAGGGGGTCTGTTCGCTGGACACATGCCCGACACTCACCGCGACCGTAGCGGAACCGCAAGGATGCAGTTTGTGACGACAGATACCGAGACCGAGGGGGACTTCGTGATGGCCGTCCTCGCGCTCCTCTATATAGGCCGTCCCGACGACGCAGATGGCTCAGTAAGCTTGGGAGCGTATGTGCCCAGTTCTCAAGATGCCAATCTGGAAGTCGAAGAGTCTGCGCTGACGTGGGCGAATCGTTGGACGAGCATAGCCCCGGAAACGTACGTTTCCGGCGACCACAACTGGTCGATCCATCCAACTCGAGTGCTCACCTTCGCCTCGGGAACCCCAGCGAGCCAGTACTCCAATTGGGGACTCACCCCAAGCACAGGCACACCCCCATGGACCCACAAGGCAGTTTGCATTGCAGTTGACAATGAGACGGGCCTATCAAGTGGCTTTACTGCTTGGAGGTACTTTGCCAGCAGGTGGTTCGTGCAGCAACTACCGCAGGAGGTCACCGAACGAGACTTCGCCCCCCGAATCTGGTGCCTTCGCAAAACGGAAACTTCGTCATGGAACTAACGAACGCGAAAAAGCGGATTCTATGGAAGCTTGGAATCCCGTTCCTCACGCTGGGCTTGGTTGGCGCCAAAGTGCTCTGGATTTCGGCGCCTGCGGCGTCGCCGAATGTCCGACCCTATGTGCATCCTGCAGCTCGCCGTGTGATCGAACACCGAACGTCGGCCGACAAATTGGCGGCTTCCGGACAGCACGAACTCGCAAAGAGCGAGTATGAACGACTCCTCTCAAGCTACAAGGACTCTGCCAGGACGGACATCCAGGAGCAAGTGACCGCCACCAAAATCCGGTTGGGTTTCTTGGAGGCGAAACAGGGGCATTACGAGTCCGCGCGTCGGGTCTTCTTGGACGCCGAAAGGACGTTCAAAGGAGACGCCGAGCGGTCTTCATCCTTTGGGAACCTGCCTGATCAGGCAGCGTACCAGGCCGCCGTCTGTTTGATTGCGCAAGGAAACGAGGAGGCTGCGGCCCTGGAACTTCTTCAGTTCATAAAGGAGCGACCCTATAGCCCACTCGTTCACGCCGCCTTCAAGCGACTAGCTAAGATGGGTGGCGATCTCGACAAGGCCCAAGAGGCGATGCAACGGGCCGTCCAGCTGCAAGAAGAGCGGAGCCGGCTCGAAGCAGCGGTTTGTGGCCCAAAAGTCGTCGAATACATTGCCAAGCGACTTGGTAGAGACTCTGCGGATTACCGGGACATCGCCAAGAGGGCAGGTAGCACCGATCAGGGCACCTCGATCGGAGGAATGCTCCAAGCCCTCGCGGGCCTTGGGTTTGACCCCCACGCCTACAAACTCAACCGACCCGACCTCGCCAGAATCCCGACGCCGGCAGTTCTCCTCTTGACCGACCACTACGTCGCCGTCGAGCGCGCTTCAGATGCGGCAGTCGTCATCTACGACCCGCGCCACCGTGCGCGAACCAGCCTTCCACTACCCCCTGCCGACGAGGCCGGGCAGCAGTACATCGTCATTACCCTTTCGCCTATGCCACTGAGCACTGAAACAAAATGATTCGTCCACATTCTTCAGCCTCGCAATTCGTTTCTTCGTGGGTCATCCTTGGACTCGCATCGCCCTACATTCCCTTCGGATCGATCGGCGATCTCAAGGGGAGTTTTGGAGAGCCTGAAGTCGCTCCAGCGCCCACTCTGCCGATCAGCCGGGAGCTGACTGCAGAGGAGTTGGAGTCGATTTCCGGTTCCGCGCTGGGGAACAACCCCTACTTGAGCGGAACCCAGAAGTACAGCCCGAGCTATAAGGGCGTCGACTTGCTTACCGGCAACTTCACAATGTCCTCCACCGACCTATCGTTCGAAGGCGGGTACGGAATTCCGATCGCGCTCACCCGAACCTA
CP129494.1_gap20	986343	991305	4962	CGCTCCGCCCCGACCATCCGGTCAAAGACCTCGTTGGGTTGAGGGCTGCAAGCTAACAGGGAGGCGACGAGGGCGATCAGCACGGCTAAAGCTTATCCCACAATCACCGACTTCAAGGCTTGCCTAACCCGCTAGGAACGCGGCTCTTCCCCAAGAAACCGGCGAGCGCAACGACCGTGATGACATAAGGAAGCGACGACCAGAACTCGGACGGCACGACGACGCCTCCGATTCTCGTTCCTTGAAAGATAATCTGCATCGAATCGAAGAACCCAAACACGAGGCAGGCGATGGCCGCCGGGATCGGCCGCCAGCCTCCCAGAATCAGCGCAGCCAAGGCAATGAACCCGCGCCCCGCCGTCATGCCGTCGGTGAACCACTTCGAGTTCGAGAAGATCAGCGCGCCCGAGAGCCCGCAGAGCACGCCCGTCACCGTCAGGCCATAAAAGCGAACGAAGAGCGGCTTTACGCCCATCTGGCGCGACTTCGAGGGGTCGCTCCCCACCGCGAGGAGACGCAACCCGCCCCTTGTTCGGTGGGTAAACCACGCCAGCGCAAGCGGAGCGAGGAGCGCGGCGACGTAAAAGGCGTTCAAGGGCAAGGTGGGGATTCCGTGCGCGCGATCGGGATCGGTGAATTGCTTATCGAGGAAGTTCGACGACCCGATCGCAATGGCGTTGATGGCCATCCCGCTCACGATGTGGTCGATTTGATACGTCTGGGTCAAGAGCCAGTGAAACCAACTGAGGAGCACGGCGGATCCGATCCCTGCGCACAGCCCGAAGTAGGCGTTTTCCGTACCTGCGCCGACGAGGGCGGTGACAGCCGCTGCGATCAGCATCTTTCCTTCGAGGCCGATGTTGATCACGCCGCCGCGCTCGCTGCAATACCCCCCCATTGTGGCGAGGACCAGCGGAGCGCCGTAGATGAGCGCACCGACGAGGAGGGTTCCCACCCACGACTCCACTATCGACCTCCTCCTCTCCGCAGGCTAATCGGCCTCATGGGTTACCCTCCGGTATCGGACTGCGGCGAAGACGACGATGACGAGTCCGAGGACCACCGTGCTAATCCCTTTCGGCACGCCCAGAATCTGTATGGCCGTCGAGCCTTTCGAGAGGATGCCGAAAAGGGCCGCAGAAGGAAGCAAGGCCAACGGCTGTCCCGCGGCGAGTAAGGCCACCCCCAAAGCGTCAAAGCCATACCCCGACGAAAAGCCCGCATAGAACCTGCCTTCATACGCAAGAACATGGACTGCGCCCGCTAACCCTCCGACTGCGCCGGAAACCGTCATAGCCCCTACCACAACCCGGCTCGACATGACCCCAGCAAGCGAAGCGGCACGGGGGTTCGATCCTACGAGGTCGAGTTCGTACCCGGCCGAGGTCCGTCGTTGCCAGATCGCAAAACCCACCACCAGCAGCACGGCCAGCAGCAGCGCCGAACTCGCAAAGAGCGGAGGGTCCGCCCAGAGGTGCGGCAGCCGGCTGGACTCCTCCAAGGCAGCGGTCGTGGTGTTTTCCTGCCCGGGCGCCTTCAACGGACCGCCGACCAGATAACCCGTGAGGAAGATCGCGACGCTGTTGAGCATGATGGTCGTGATGACCTCGTGGCCCCCCTTGTAGGCTTTGATAAGGCCCGCTGGAAGCGCCCATAGAGCGCCCGCTCCCATCCCACTCGCCGCTCCTACCACCATGCCCAAGACTCCGGGGATTCGGAGAGCAATCGCGGCGCAGACGATCGCGCCCACGAGGAATTGCCCTTCGACGCCGATGTTGAAGAGCCCTCCGCGCAACGCGATGAACACCGCAAGTCCAGCGATCAGCAGGGGTGTTGTCTCCTTCAGCGTGCCGCTGATCGCGCCCGGGGAACCGAGGCTGCCCTGAATCAACCCCTTGAGGGCTTCGAGCGGGGTCACTCCGGTCAAGCTGACCGCCAACGCAAGGACCGCAAGAGAACCGACGACAAGAAGCAGCACGCGGTACTTCATCCCGCACCCACCATCAGTCTGCCAATTGCGGCGCGGTCGAGTTCCGAGCCCGGAGGCGGCGACGTAAGCTTCCCGCCGCACATCACCAGCACCCGGTCGCAGTGGGCGAGCAGTTCGTCGAGGTCGAAGCTCACCACAAGGGCGGCCGAACCTCCGTCACAGGCCCGATGCAGCGCCGAGTAAACCGCCGACGTGGCATCGATGTCGAGACCTCTCGCAGGCTGAAAAGCGAGAATCAGCTTGGGGTCGAGTTCAAACGCCCGGCCCGCTACGAACCGTTGCTGGTTCCCACCCGAAAGGCTCGACATCCGCTTCTGGATTCCCGCGTGTTTTGTCGAGAAACGCTCGGCGACACGTTCAGCCATCTCGGCAGCGGCGGCGCGGTTGAGCCAAGGGCCTCGGGAGATCGGAGGAAGTCGCTGAAACCCCAAGATCGCGTTCTCTTCGAGCGGCCAGCTTTCGACCACGCCCTCTTCGAGCCGGTCTTCGGGAATCACCCTGAGGCCCCATTGAAGCCGCCCTTGCGTCGAAAGCGACTCCCACGCGGCTCCCTCGGCGATGATTTGGCCCGATTGAGCCGAAAGGAGGCCGAGAAGACACCAAAACAGTTCGCGCTGTCCGCTCCCGTCGACGCCGGCGATCCCAACCACCTCACCGCGCCCAACTTCAAAGCTCGCCGACTTCACCGCTACGTCGCCCCGCTCGCCGCGGACCGAGAGATCGCGAACTTCGAGGGTCTGTTGTTGGGTCCGCGTGAGTTCTCGCGGCGCGGGCGGGGCGAGTGCGTGGCCCACGATGGCCTCCGCAAGCCGGGAAACGTCGGTAGAGCCGACCTCTTGATCGCTGACCCGTCGCCCACCTCGAAGCACCGTGACTCGTTGCGCGTGGGCGATCACCTCTTGCAGCCTATGGGTGACGAGGACGACGGTCGCTCCTGCTACCGTAAGCTGGTGGAGGCTCTCGAAAAGCGCGTCGCTGTCGGCAGGTGAGAGCATCGCCGTCGGCTCATCGAGGATCATCACCGTGGAGTCGCGCCAGAGGAGCTTGAGAATCTCAAGTTTCTGGGCAGAAGCAGGACTCAAGCTCCAGGCCGGCTGGTCCCAATCGAACCGAAATCCCATCTTCGCCGCCAGTTCGTCAGCACGAGCCCGCGCCGAACCCCTTTCGAGCACCCAGCCCGGTTCCGCTCCCAGCATCAGATTCTGCAGGCAAGACAACTCGCCGATGATGCTGTAGTGCTGGCTGACCATGCCAATCCCGTGGGCGATGCCGTCGGAGGCGCTCCGAAACGAACAGGGGCGGCCACGAACCTCGATCGAGCCCGAATCCGCCCGCAACGCCCCGTAGAGAATCCGCATAAGGGTCGTCTTGCCCGCGCCGTTTTCCCCCACTACGGCATGGATCGTTCCCTCTTCGACCTCAAGATCGACCTCGGAGAGCGCCTCGACCGCCCCGAAGCGCTTGCAGACCCCCTTCATGGAAACGACGTTCATCGGCAGGGTTACGAAGAGCAGAGCTTTTCAAACAGCGCGGCCGTCGTGAGGCCGCCTTTCCCCTCGGATTGCATTTCAGCCAGCAGCGAGCGAACAAGGTCCGTACAGGGAATGTTGGCCCTGATGCTTTTCGCCGCCTCACTGCAATACACGAAGTCCTTGACTTGGTTGTCGATCGTGAATCCCGGCGACCAGTCGCGGCGAAGCACTTTGGGTCCGTAATTCTCGAACGCCCAACTTCCGGCCGCCCCGCCCCCAAGGAGTTCGTGCGTTTGGCTCAGGTCGAGCCCCGCCTTTTCGGCAAAGCACAGCGACTCGCAGAGGGCGATCAACGCTCCCCCAACGGCGATTTGGTTCGCCATCTTCATCCATTGGCCCGCTCCGGGGCCGCCCACGCGTTCGGCGCGCTTGGCGTAAGGCCGCACGAGTTCGATCGTCTCGGCCACATCCTGCGAGTCCCCGCCACAAAAAATCGTGAGTTGTCCGTTTTGCGCGCCCATGCTTCCCCCCGTGATCGGCGCGTCGACAAAGCGCATCCCAAGCCCTCGGAGCCATTCGTGAAAATCGAGGGCGCCTTGGGGAAGGATGGTCGAATGGTCGACGAACAGAGTTCCAGGCTGAGCAGTGACGACCAGCTCCTCCAAGCACGCCCGCACGTCCTCGGTCGCCCTGACGCACAGAAACACCGCCTCGCAAGTCCTGCCCAACTCACCTAGCGTTGCCGCCACTCGCGCGCCAGCGGCCCGCAGCCTCTCAGCCTTTTCTGGGGTGCGGTTCCATACCGTAAGCTCGGCGCCTGCTCGAAGCAAATGCCCGGCCATCGGCTCGCCCATTACCCCCAAACCAACGAAACCCAACCGTGCCACGGAATCGCAGTTTAGCGAACTCGGAACTTCGCTTGCACGTCGCCGCGCATCGCTCGTCCCCTATACGGCGTCTTCCCTAAGAGGCGAGGTAGTCTCAGCCGATGGAAGGGGGGTGCGCCGAGACGCTCTCGGCGGGGTTCTGATGAAGCAATCGAAGGTCGGGAGGGTCGTGGGGGGTCTGGCGTGCGGCGTTATTTTCGCCTCCTCGATGGTTGGGGCGGTGGGCTGCGCGGGCACGGGAGCGGCGCTGTTCGTGTTCTCAGGAATCGCGTTCTCGTCGAACCGAGACGGCGACTTTGACATCTACCGAATGAACGTCGATGGTTCGCTGGTGTTTCAGGTCACCCAGAATATCGTCTTCGACGGCGAGCCTTCTTGGAGTCCCGCCAACGACAGGATCGCCTTTTCGAGCGACCGCGATGGCAATCGGGAAATCTACGCCGTTTTCGTGACGGGAGCGAGCCCCCAAAGGCTCACCAACCACACAAGCGAAGACTCTCAACCCTCGTGGTCGCCCGACGGCACCCAGATCGTGTTCGTCTCGAACCGATCGGGAAACCGGGACATTTACGTCATGAACTCAAACGGGACTGGCGTCGTGCAACTGACCTCC
CP129494.1_gap21	1021323	1022643	1320	CCATTCCGGGCAGGTGGGCCGCTCCTCCCGCTCCCGCGATGATGACCTCGAGCCCTCGTTCTCTGGCGGTTCGCGCATACTCGAACATCGCTTCGGGCGTGCGGTGAGCGCTGACGACTTTGAGTTCGAAGGGGATTCCGATCTCCTCCAGCGCGTTTGCGGCTTCTTGCAGCACGGCGAGGTCCGACTTGCTGCCCATGATCACACCGACGCGGGGGTTCATAACCTCCATCATACTCCCGCGCTCGGCTTCTCACGGGCCTCCCCTTCGAACCGAATGGCCTCGGCGTACCTCTTGGCCGCTCCGAGGTTGCTTGCCACGTAGTCCCTCGCGGCTTGGCCCATCCGCGCTCGCAAGCGCTCGTCCGCAAGGAGTTGATCGATCGCGGCCGCCAACGACTCGGCGTCCGCGCACACGCGAGTCGCTCCGCTCTCTGCCGCGCCTTGCGCCACGTCCTGAAAGTTCGCCATGTGAGGACCATGCAAGACCGGCTTGCCATGCGCCAAAGGCTGAAGGATGTTCTGTCCGCCGAGGTTCGAAAAGCCACCGCCGACGACCACGACGTCCGCGGTCGAATAAACTCCCGCAAGCTCGCCGAAGGTATCGAGGATCAGGTAATCGCCCGTTTCCCCCTTAGAGCGCAGGGCGACTCCGCCAAGAGCCCTGGTCACGGACTCCACCAGCGCTGGCGCGGATTCAAGATGGCGGGGCGCATGAACTACGCGAACTCGCTCGGGGCCGACGAGCCGGATCGCCTCGACCACCAACGATTCCTCGGCGGAATCCCGCGTCGATCCCACGACCACGACAGGCTTGTCGCGGGAAAGCCCCAGTTCCGTTCGCCACCGCTCCTCGTCTTCAGAGGCGGCTTGGCCCCCCTCATCGAACTTCGAATTGCCCTGTACCTCGACCTGAACTGCGCCCAGGGCGCGTATCCGCTCGGCGTCGCCCTCCGTTTGCATCAGACAGCGGTCCACGAATCTCAGCAGCGCGCGATAGAATCCGCGAACGCGCCGGGCCCGCCGAAAACTGCGGTCGCTGATGCGCCCGTTCACGACAAGAGTCCGCGCCCCGAACGCCTTGGCGGCCCAGAAGAAATTCATCCAAAGCTCGGTTTCCATGACCGCTACCACGGAAGGGCGCGCCGACGACATCGCACGAACCTGAAACCGCAGGAGGTCGATCGGGAAATACACGAGGTGATCGGCAAGTTCGGGCACCAAAGACTCGGCGATCTGGTGCCCCGAACTTGTAGTGACGCTCAACACGACCTCCGCTTGGGGCCAAGCAGCGCGCAGTTCCTTCAGAATCGGCCTTGC
CP129494.1_gap22	1025926	1027945	2019	CAGGCGTTTACGACCTTCTCGTCGCTGATCCGCAGGGCGCGGCAAACGATGTCCCTCCCCAGCGAGCCGCCGCTGACGAGCGAGTATCCCACCATCGCCGAAACGATCGTTCCCGCCAATCCGCAAAAGAACAATGCGTTGAGGCCGTCCGGCAGAATCTGGCTTCCAAAGAGGGGGAAGATCGCCAGGCGTTCGAGAGACGAAGCGTCGGGCGCAATGGCTGGGCCGAGGGCCAGCGCATACATGCCGGTCGAGATGCTGAGGATGTCGAACACCATCCAGAAGCCCACCGACCAAAGGACCCCCGTCCTTCCCACTTCGGGCCGGGCGGCGCTAGCGACCCTCTGATGAAACGCTGGATCGACAAATGTCCAAGCTCCCAGGATCATGAAGGATGCGACCGCGATCCAGCCCTGCCCGCCGGTGAGCGTCAACAGCGCGCTGGGCTCGATGTCGGCCCAGGTCTCGATGGGGGGATAATTCGCGACGCACCATCCCACCATTACGCCAAATCCTACATACATCATCGCAAACGCGAGAATCGAAACCCTTGCGTCGGCGAGGAGCCCCCCACGGTACAAAAAGGCAGTTCCGGCTAGTGCACCGACGAGCACAGAAACGCCGATCCCCCACCCCGTCAACACCTGGACCAACACGCCGAGCATGAGTACGTGGGCGGCAGGCACAGCGAGCAGCAGAATCGCCCCCGAGGCCACAAGAGCGGTTTCCCGTCCAAAGCTCTCCTCAAACTTTTCAGGGATGCTGATCGGCTTCTCGTTCCGCACCCGCCTGGCCAAAATCAAAGAGTAAAGAATCCCAAAAAGGTAATACGGAACGCCAAGCAATAGCCAAGTTCCTAAGCCAAAGTAGGACACGGACTCTCCGATTCCCAAAACGCCCCCATACCAGGTGCTGACCAAGGTCGCGACGAACACCGGAAGCGAGAGCGAGCGGCCCGCGGCGAGGTATTGCAGTACGGTGTTCTGCTTGAGTTTTGCCGAGAAACCTAGCGCAAACAACGCCCCCAAGAACAGCGCCACAACGACCCAGTCGATCGGGCCCAGCTTGGTTTGCCCCACCGCAAACCCAAGCCCTACCATTGTGGTAGTTCCTCTGCCGGAAACTCGACCGTGAGCAAAGCGGCTCCTTGAAGCACCGAGGCCGCAACAAGCTCTCCAGACGCTCGGTTCGAGATACTGGAGAGGCCTGTGGGGCTTAACTTGGCCGAATCGAGCGGCCATCGCACACCCGCGAGCGTCGCTACCGTAGGGTCGGCCAGCGGCAACAACGAAACTCGCCTTTCGCACCGGGATGGGACTTCAACCTCCTCGTTCATTCTAAGAACCCACCCGATCCCTGTTCGCAGGACGATGCGAACCCGCAACGGCGCTTTTGCGGCGCTATGAAGCGTAGCGAGCACATGGTCGATCTGGTCGCCTTCGACGCCAAACAAAGTGATCTCCGTATGCCCCTGCCTCGCAGCATAGGCGAGCAGTTTGTCGCAATCTGTTGTGGATTGGCCCGGATCATGAACGAGTTCGATCGCCCTCTCTGCGTGCAATTCCTGCAACCTCGACAGCATCGACGTCGAATCCAGATCGCCGACCACGGCTGCAGGCATCAGGCCCAATCGCACGAGCCGGTCGGCCCCGCCATCCGCCGCGTACACCTCGTCGGCAGACCGCGCCCAAGCGAGCAAGGCCGCATCCGCCGCATCGTCCCCTGCTAAGACTCCGAGCACTCGCGCCATCCGGACTATTCTATCCCGGCGCGATACCTCTCACACTCAGACAGGTAGACAAGACAAGGCGCAAACCTGTATCAAGGAGGCCCAAGAAAATCGACGAAAAAAGTCGAAAGTTCTCCTTCCCTTGCCGATGAAGGCTGTGAATGCCTCTCCTTGTCGATTTTTGACAGCTATCGGAGCTACATGGGGTGGTCATGTCCTGACCCAGTGTGTATAATCGTCTCTCACCCCGCGCCATTACCGACCCGAAAGGGTCCGACTCCTCAAGGGAC
CP129494.1_gap23	1074778	1076794	2016	ACGGCCCACAACCTAAGACCGTGTATTGGGTCTTCGCCCAGGGAGGCGGGGGGTTTGCTGGGGCGAATCTGTGGGGCGACTACCAAGGGTTTGCGACGTTTGGCGATTGGGTGCTCGAACCCATAAGCGGGGTGCGGGAGCCCAAAGCGATCCACTCGGGCTTCGCAACGTGGCAAGTTCAGGGCGGCACCCCGAAGGGCACGACCGTCCATGAACTTGGGCACGCCTTCGGGCTTCATCATCCCGACAAGTACAAAGGCATGTCGATCATGCGTTGGCATGGTGACTACCCAGACACGGGGCTGCTGCCGCACGAGGTGATGATTCTCAGAAACAGCCCGTTCTTCGTGAGCAACGCCTACGAAGCGGATGCGCCGTGGCTCGACTTCGAAAACCCTGACGTCGTTCGCACAGGACAGACGCTAGTTCTTCGAGGCAAGAGACTCCGCGCGGGAGATGAGATCGAGTTTCGGTGGACCACCTCCCCACTCGACTCGAAAACGGCCCTCACAGAGAGGTTCGAGAAGGTTCGGTGCGAAGTCCTGAGCGACACCGAAGCGAAAGTGACGGTTCCGTTGTCGGCGGGCCCCGGATTCGTTCGGGCGTGGCGCGGAACCAAGAAGGGCAACGTAGTCCCGGTCAATGTCTACCCCCTTGAAGAGTAGCCCGACGGTACAATCGAACTGAATGGCCGCTACAGGGACACTCGACACAAACACCATCGCCGCCAAGGTTCAAGAAGGCGATAGGATTTCGGCAGAAGACGCGCTGTTCCTTTTCCAGCACGCTTCGCCGCTCGAACTCTCGGCTCTCGCCACCTTACGCCGCGAGCAATCCGCACCGGGCAGGACGATCAGCTATATCGTCGGGAGGATTCTCAATTACACCAACGTCTGCTGGGTGAGGTGCAAGTTCTGCGCGTTCTACCGCGTGCCCAACCACCCCGAAGGTTACGTGCTGTCGGATGACGACATCTTAGAGAAGGTCGGGCATACGGTCGCGACCGCTTATGAACTCGACCGGCATCTTGGCGTCCCCGAAGGAACCGACCGAGCAGAATCGGTCGAGATCCTGTTCCAGGGTGGGCTCAACCCCAAGCTCAAGCTCGACTACTACGAAGGCATCTTCCGCAAGATCAAGGAGCGGTTCCCGGAGGTCATCCTTCACGCGCTCTCGCCTGCCGAAATCATTTACATCGCGCACATTTCGAAGGTCACTCTCGAAAACTGCCTCGTGAGGCTCAAGGACGCCGGGTTGCATTCGATTCCGGGCGCGGGAGGCGAGATTCTGGTCGATCGCGTTCGGAGCCTGATCGCCCCTTACAAGGACACGACCGAGGAGTGGCTCGCGTGCATGAGAACGGCGTCGAAACTTGGCATCCGCAGCACGGCGAGCATGATGTTCGGCCACGTCGAGACCTTGGAAGACCGAGTCGAACACCTGCAGCGCATCCGCGACCTTCAAGACGAGTGCGCGCCGTTCCGCGCGTTCATTACATGGAGCTTTCAACCGGAAGACACCCAACTCCCGATCCCGCACAAAGCGTCGGGCTGGGACTACCTCCGCACGCTCGCCGTATCGCGAATCTTCCTCGACAACATCCCCAATGTGCAGCTCTCGATCCTCACGCAAGGGCCGAAAATCGCTCAGCTTGGGCTCGCTTATGGGGCGAACGACTTCGGTTCGATCATGATCGAAGAGAACGTCGTTTCCGCCGCAGGCAACAAGTTCATCTTGAGCGCGAGCGAATTCGAACGGTTGATTCGCGACGCAGGATACGCGCCCCGAAGGCGAAACACGCGCTACGAACTGATATGAGGTCTACCCGCCAGGACCTGTGAGTTTTAGGAGCGCGGGCGCAACTTCGAAAACCTTGGGCTCGCCGACGTACTCCTTGGCTCTTGGCGCAAGCGCCACGGCATCCGAGCGGAGCTTGGGATAGCAGTTCTCGCAACACGCATAGATCCTCACCCCATCGACGTCCGCATACCCCGAAGTACCCCAATAGTGCGCGAG
CP129494.1_gap24	1078454	1080658	2204	CCGCCTCCGCCGCCACAACTCGCAATCGAAAGGAACAGCAAGGTGGACGCCAAGGCAGCAAGCCCCAGCGCGAAACGGCGAATCAGGCGGCACATCATGGGCGGCACAATGAGTTCGACCGATCAGGTCGGCGAATGGTTCTTTGTACCCTACTTTTCCCCTGAACCCATTGCAGCGCTCGATCGAGGAAACCTCAGCACGGAGTCGGGCGTTTGAGCATTCGGATACACTTATCGAGCGCCCCTGTTTCTGGGGCAAGGAGTCAGGTCAATCATGCGCCATTTAGGAGCTTTTCTCGCGGTGTTCGCCGCAACCGTCGCCCTTGCGGGCCAAAGCACATTCAAGTTCGAGCGTAAGTACGTCGAAGGCGAGAAGGAGGCGTTCAAGCTCACCCTTTCCATGGAGTCCAACTTCGGCAGTATCGACATCCTGATGAATCAGAACGCCGTCGTGAAGAAGGTTTACGAGAACGGTGACGCCGACCTCGAAACGATCATTAGCGGGATGAAAGTGGCTATGAACGGCCAGGAAATGCCGACGCCCGCGCAGGATGTCACCATGATGACGAAGGTCTCGAAGTCGGGCGCGATCCTCTCGGCAGGCGGAATGTCGGGCGGCTCAGGGATGGGCATGAACCTCGGCTTCATGCGATTTGCCACGGCAGGTATGGACAAGCCCCTTACCGTCGGGCAAACCTACGATATCGACTACAAGGACCCGGCAAACCCTAAACAATCGGTAAAGGGAACAGTCAAGCTCGAAAGCATCACTGAGGGCAAAGCGAAGCTCCTCTCCAAGCTCGCCTTGGTAACCACCGAGGGACAACCGCCGATGGACGTCAATATGACCACTTTCGTTGAGGTTTCCTCGTCAAAACTCATCAAATTGGAAGGCACGGCGTCCAACGTTCCGGGCATGGAGCAACTGGGTACCTCGACCGTGCAGTTCGCGATGGCTGCGGCCAAGTCCTAACCGGGCAGTTCATCGGTAATCGGGCCGTAGAGTTCGGGATGGCGGGCCGCAAGGATCTCCGTCTCGAACTTCCCCGGCACGATCACGTTTCGTTTCACGTCGGCCTCAGCCAAATCGAGGTCGACGATCAGCCTTTCTTCCCCCTCACCTGCGTTGGCGAGGATTCTGCCCACAGGATCGGCGACGAGGCTCCTTCCGATGAACCGAAAGCCCTTCTCCTCACCGACACGATTGACCCCGGCCATGAAGATGCGGTTCTCGGCGCAGCGCCCGCGCAACACGAACCCAGGCCCCGCCTCTGCGCCCTCAGGCCAATTCGTCGGGAGGAGAATTAGCTGTGCCCCCTTCAGCGCCAGCACGCGCGAAGGCTCCGGCATCCGAAGATCGAAGCAGATGAGGACTCCGATCCGCCCCCACTGAGTCTCGAACACCTCGAGCCGATCTCCGGGCTCGGCGAAACGGTCAAGGCCCAAACACGGCATGTGCGTCTTCCGGTAATACCTCGGCGAGCGCCCAGGTTCGAAAATCGCGGCGGCGTTGAACACCGCTTCCTCCCCGGACTCTGCGAATCCCACAACCGCGCCGACGCATTCGCGGTCCGAGGCCTCCCGCAGGAGTTCCAGAGCGGGATGGTTGCGCGGAATCGCCATCTCCCGCGCCTCTTCGAGACTCTCGACCGCGTACCCGGTCAAGAACGCCTCAGGAAACACCGCCAGATCCACCCCTTCGGAGGCGAGCTGGCCCAACTCGCGGGCGGCCCGCTCCGCGTTCGCGAGAGGTTCTCCGAAACGCACATCCCATTGAAGGCAAGCGAGCTTCACTTCTCCACCACCCGCAGCCAGTTACAGACCTTCTTTACGACCATCAACTGCTCCAAATCGGCAAGCGCCCTTTGGAAGAGCCTTTCTTCCACTTCATGCGTAAGGAACACGATTTCGCCGACATGGTTCGCGGAGTCAAACACTCGCATCTCCATCGCTGAGAGCGATACCCCATGTTCCCCGAGCGCGAGCGCGATCTCGCCGAGAACTTTCGGGCGGTCATCGACCAGCAGCCGCAAGTAGTACGAAGAACGCGTTAGGCCGATCGGCTCCACTTCGATCGGGTCGCCCCAAGGAATCACGCTCCCCGGCCCCTTGATCTTGAGGTTTCGGGCGACGTCGATCAGGTCGCCCACGACCGCCGAGGCCGTCGCCTCAGCTCCCGCGCCCCGGCCGCTGAACATCACGTCC
CP129494.1_gap25	1254418	1255414	996	TACGGCGCCCGCGGGCAAGTCCGAACCGGCTGGAAGGGGCAACGAAGGCTCGAAGCTGATCCGCACGTCGGCAGGCCTACCGAACTTCACTTTGAAGAAGGGCAGCATCTTGCCCCATTCCTTGATCGCCGCGTCCCTCGCTTCGGCGAACTCTCCCCGGAAGTCGGCCGGCGCCTTCGAATCATCCCAGTCGATCACGATCTGCTTTTTCGGAAGGGCTTGAGCGCGAGCGCTCGCCGCAGCGAAGTCGCCTTGCTCCATCAAGCGTTCGACTTCAAGAACCGACCGCAGAAACTCCTCCGTCGCGCCTGGCGGAGCAAGCGGCGGTTGCAGCGGACCTTGCGCCGCCCCGATCAAGACCAATCCCAAGAGCCAATTCATCGTTATTCCCAATCCTCAGCTTCTACGCAATGAGACGACACGAACGCTCCAACGCTTCGTTCCCTTGCGCTCTCCAAACTCCTTACTCGATATGGGTCCCTTCGACGGGCCGTTGCCTCAAGAAAGCCTCGATGAATCCGTCGATGTCGCCGTCGAGGACGGCCTGCACGTTCCCGGTCTCGTAACCCGTTCGATGGTCCTTGACCAACGTGTAAGGCTGGAGAACGTAGCTTCGAATCTGCCTGCCCCACTCGGCCGGGCTCGCTTCGCCCTTGATTTCGCGAATTTGCTGTTCGGTGTTCGCTTGTTCGAGCGCCTTGAGCCGGGCAAGAAGAACCGTCATCGCGTGGGCGCGGTTCTTGTGCTGGCTGCGTTCGTTCTGGCATACCACCGTGATTCCCGTAGGGAGGTGGGTGATCCGCACCGCGCTTTCCGTCTTGTTCACGTGCTGGCCGCCCGCCCCGCCCGCGCGGAGCGTGTCCACCTTCAAGTCGTCCGGGTTGATTTGCACCTCAGACTCATCGAACTCAGGCGACACCTCGACCCGAGCAAAGGAAGTGTGACGCCGGGCGTTCGCGTCGTACGGAGAGATGCGAACGAGCCTGTGAACGCCGT
CP129494.1_gap26	1258331	1260354	2023	CTTCCGGCTTCTATGGCGTTCAGGTGATCACCGTGCCCAAGGCCCAGATTCTGAGCGGCGCGGTCGCCTCCCAAACCCAAACCCTTCTGTCGAGTTCCTTCACCATTCAAGTTGCGAGAACTCCAGACCCCAACTTGAACCATATCTACATGGTCGGCGAGGGGCAGAACAGATCCCAAATGAGGCTCTATGCGGTCACTGGGCTCCCCAATAACCCGGTCGTCAGTCAGACCGCCGTAGCGATCCCGACCTGGTTCCCGCCCTCGGTCAACGCGCCGAGCCCCAACGGACGCACCCTCGACAGCCTCGACGGCAGAATCTACGATGCGGACTGGCTCAACGGCCGGCTCGTGGCCGTTCATACCCCGAGAGTCTCGCAGTCCGACTCGCGGAACATGATCCGTTGGTACGAGTTCAGCACGAACGGCTGGCCGACCATGCCGAACCCGCCGACGCTGTTCCAGTCCGGCAACGTCATCGGAGGCTCGGGCGAGCACTACCACATGGCGGGCATCGCGTTGAACTCGGTGAACGACATGGCGGTCGTATTTACGAGGAGCAGTTCGTCGATCGTCGCCGACCTCATGGTCGCGGGACGCAAGGCGAGCGACCCTCCTGGTGCCATCGGCACGCCGGTCCTCGTTTCGAACAGCCTCGGAGCCTCGTACGGCTCGTCAGGATTCAACCGATGGGGCGACTATTTCAGCATGGAAGTCGACCCCGACGACAACCTGAAGTTCTGGAGCGTCGGGATGATCGGAAAGGCCAACGGAAACTGGACCACGATCATCAACAGCCACACGATCTCCGACATCGGTACCGGCGGGCAGTTCACGCTGTTCCCGCCCCTCACGGCCTCGATCTACCAAGACCCGTATTCGAACCCATCCGTTCAGGGGATCAACCTGCAGGGTGGACCGGGTGACGTGGCCAATTCGGACAACATCAACCTGACGATCGGCTCGGTATTCATGCCCGGACTCGGCCAAGTCGCCGCAGGTCATTTCACTTACGACCTCGAGGGCAACCTCTCCGCCTTAACGACGCTTCGAGTCAATCTGGAAGCCAACGCGCTGAGCACCTGCACGATCTTCGTGATGGTGAAGAACCAGATCACCGGAAAGTGGCACAGCGTCAAGTCCTTCCCCGCCAAACCGACCGGCAACGCCCAGGTGTTGGTGACGTTGCCCGCCCCCTTAAGCCAGTGGCGAACTAGCTCGGGCGCGATGGATGTGGTGATCCGCGCGGTGAACCCGATTCGGTCCCGACTGTTCGTGATGCCGCTGGCGTTCACGTTGAGCTTGGACTTGGTTGAGGTTCAGGCGAGGTTCTAGCTCGCTCCAAGGAATCGGGGGCGTCCTAAGCGGCGCCTTCGATTCTTCGAGCGTTGCGCTTCTGCCCGGCATAGGACCGAGTCGCCAGCGCCGCCCGGCGTCCGCTTGAAAGGCTCTCCAGCAACTTGCTTTGCGACTCCCTCGCGCTGGCAATGACCCTCTCCGCAACTTCGTTCGCTTGCGCCACAAGGGTTTGTGTTTCTTCGTCCAAAGGGAGTTTCAACAGCGCGTCGATCGTTTTCTCTCGCTCCGCCAAGACGGCGAAGAGCGATTCGAAGTCTTCTGCGCGAAGCGCCTGTTCGGCCGCCAAGGTCAGAATGAGGAGCCGACTCGATTCGGAGTGGGCGCTACGCCGCACGTTGCATCTCCGCCGGCTCAGGGGAAAGGCTCTTCGAGAGGCTGTCCCAACTCGAGCGCAGATCGCTCAGAACCTGCATCGATCGGTCGATGCCGCCTGGGTCGTCGTTCACGTTCGCCTCGACCAGTTGGTTGAGAACATAGGAATAAAGCGAGAACAGGTGGGTGGCGATTTCGCCACCTTGCTCCATGTCGAGGCACGAAGTCAGTTCCAGGACGATTCTTTGCGCGCGCTGTAGGTTCTTGTTTTGAGCTTCGAGGTCACCTGCCTCCATCGCTCGCTTCCCCGCCTCCATGAACCTGAGAGCGCCATCGTAGAGCATCAGGATCAG
CP129494.1_gap27	1396652	1400999	4347	AGCAGAACCGCCGTCCGAAACTCGGGGTTCATCGCTTGAAGCCCGGCTTCGACGTGTTCGCCCATCGCGTTCTGCATGAGTTCGGCTTCGGGCGAAGCTTCGTCGTCAGGGATCTCCAGGGTCGTGGTTCCGCCGAACACCGTCTGCTCCAAGCTGGTTGTCCGGAGCCGTCCACGCCGCCGAACCGTATCGACGTGTGCGTTGCTCATGATCCGGTAGAGCCAATTCAGAAACGGGAGGTCTTCGTCGTAGCGATGAAAAAACCGGTACGCGCGGAGGTACGTCTCCTGGACAAGGTCTTCTGCGTCCGTGGAGTTGCCAGTCAGCCGATAGGCGAACCCGTAGGCGCTTCGGAACGAATCCTTCACGAGAGATTCGAACCGTTCCTTCTGATTCTCGTCAGATCGGCTTAGCGCGCGTGTCAAGCTTTGGACCATTTCTCTTCCAGCCGCATCTACCTACGCATGGCAGACGCGTCACAGTTCCTGCCTGCGATCTGTTAGTTTACACCGAATTCTACGAAGTTCGGCCTAGGGGCTTCACCGGAGCGCTCCCACGATGGTGGCGCAAAGGGCATCGAACTCCAGCGAAGGCTGAACGTTACCTTCGACCTTGCGATGCGATTCCAGCACGTGCTGGACGGCTTGCGAGCGCCAGCCGCCCTCGACGGCCCACACTGCGACCGCCTCCAAAACCCAGCAATGAGCCGTTCGGGAAGGGACGGAGTCGTCGTCGGCAAGCTGCTTGGCGATCTCCCGCCAACTCTCCGAAACGCTGAGCGCCGCCGACCGAGGCCGCTGGGGAAGGCTCTCGAGCGATTCGGCGAGCGAGCGCCAAGACTCTTTGCGCGAGCGCAACCGCTCCAGTCGAGTCCGCGAGCCGAGGGCCCAAAGCTCCTCCCAGTTCTCCAACACGCCGAAGTCTTGGGCAAGCTCCTGTGGCGTCCCCACCTCGCACGGCACTCCGATCGCCCGCGAAGCGATGGTCGGTAGAACGGCGGAATAGTGCTGCGTGGTGAGGACGAAGCGGCTTCTTTCGGGCGGCTCTTCGAGGATCTTGAGGAACGAATTGGCGGCGTCCAGACCCAGCCGATCGACGTCGGCCATCCAAATCACCTTGTTGCGCGCCGATAGCGGAGGAGTCCGCAAGAACTCGGATACTGGGTACTCGTCCGATTCCTTCGCAGGGCGGATCGATTGCTTGCGGATGAGGCGGCTTTTTCCGCTCGGCGCGATTCGCAAGAGATCGACCGCCGCGTCTCGGCTGAACTGCATACAAGGCTTGCACTCGCCGCACGCACCGTCCTCTCTCGGCTGGGCGCAAAGCCACCCTTGAGCAAGCTCAGCGGCAAAGCTGTCGCGCTGTCCACCCTCCTCGCCATAAAGCAGGACCGCATGAATCGAGGAGTCGTCGCCGATCGCCCTTTCCAGCAATCTGCCAAAGGGGGTTCGATTCCGACCTGCAGGAGGCTCAGAAACGCTCGAATCTTTCGACATTCAACACAAACACCACGGCCCCACCGACCGGAACCTTTACCGGGCTCGTCAGGAAAGCCCCCGTAGGAGCTGCCTCCAAGGGCATCACGTTCAGAAGCTGCTCGCGAGCTTGGCAATTCTGCTCGATCAGGTTCAACAGCGCGGGCGTATCCTCCTCGCCGACCCCCACGAGAATCGTCGTGTTGCCTTCTCGAAGGAATCCGCCCGTCGAACTGATAACGGTGAACTTGTAGCCAGCCCGAATCATCTCATCGGTGACCTTGTTCTTATCGCGGCTATGGACGACACAGACGACGAGCTTCACGCGGCACTATTATAACGGCTCGGCCCCTTGGGCACAAATCGGCCCTCAGTAGAGGCGGGCGGCGTTCCTTAGAGGTTCAAACGCCTCGCATTCCTCGTCCATTCGCTCCTGCACGGCTTTCAGGTTCCCGCGGCCCTCGACGGCCTCTCGCAAAAACGAATGCCCGGCAAGGATGTCGATCGGCATCTTCTCGGCTTCGTACTCGTAGGGCGGTGGAAGCCACCCGAAATCGTCTGGGTAAGCCTGGGCGACTTCGAGCAACAGTGCCGCAGTCGTAAGCACAGGGCGAAACGCTTGGCGGTCCGTAACGTGCGTGAAAACCCCTTGGCATACCTTGTCGTGATGTTTCTGAAAGGTCGGCAAGAACTGGTACGGCCGGAAGACCACTCCAGGGAGCCCGATTCGATTGAGGGTCTCGGCCAGCCGCCAGCCGTCAATGTAGGGCGCCCCCACGATCTCGAAGGGGCGAGTGGTTCCTCGCCCTTCGCTCAGGAGCGTGCCCTCGATCAAGCAAGCGCCGGGATAGACGAGCGCGGTTTCGAGGCAAGGCATATTGGGCGAGGGCATCACCCAGGGGATTCCGGTTCGGTCCAGGAAGTCCGCGCGATCCCAGCCCACGACTCGCAGCACTTCGAGTTCCGGCCGGGCGAACCCCGTCTGACAGAACATCTGAGCGATCTCTCCCAAGGTCATCCCGTGTCGCTGAGGCATCGGATGCAGCCCCACGAAGCTCGAAAACTCGGGATTGAGAACGAACCCTTCCGCCCTCGCGCCCCCGATCGGGTTCGGGCGGTCGAGAACGAGCACGGGGATATCCGCCCGCTCGCAGGCCCTCATGCAAAGCCCCAGAGTCCAAATGAAGGTGTAGTACCTCGACCCGATGTCGGGCAGGTCCGCGACGAACAAATTGATGCCTTCGAGCCAGTTCGGCTGGGGTTCGCGCCGCTCGCCGTAGAGCGAGTAGAACGGCAACCCCGTGCGGGGGTCCGAATAGCCCTCCCACTCGATCATGTTGTCCTGCGTGTGGCCCCAAATCCCGTGCTGCGGTCCGAACACCGCGACCACCTCGCATTCCAGTTCGCGGCTCCTCGATAGAAGCGCGTCGAGCAGCGGGACGAAAGAGGTCGTAACCGTCGCCTGGTTGCAGAGCAGCCCGATGCGCCGCCCCCGAATCAAGTGCGTATGGTCAGAGAGAAGACGGTCGATGCCTGGAATCGCCTGGCTCATGGGGAACCCGAAGTATATCTGCGGGGACCTCTACTTTCGCGGACGCTTGGCCCGTTCGGCGACGCCAAGAGCCTTCTCGACCCACAACTTGAGCTCCGCTGGATCGTCGAGGACGCCCGGCGGAAGCTCCCAATAGCCCATCGGTTTCGGAGAATCGTAAGGATAAAACGGCTCCATCCCGCGCTCTTGAAAGTCACCCCGATTCGTATCGTCGACTTTGAAGTAAAGTCTGTCCTCGGCGATGAGCGCAAAGAAGAGATCGCCCGAATAGATGCCCACTCCGCCAAACATCGCGCGGGTTCGAAGCGGGGTGACGATGGCGAGCCGTTCCTCGACGTGCTCACGGTAGGAGTTGGAGAAGCTCACAGCCCCAAAGAATAGCCCAAGCGAACTCTTTGCAGGAATCGGCGGAGGAAGGGCTGAACCTTGAGATTCGATGGCCAAAGCATCTCCCACTCTCAAGCCGCGAGGGTTCGGCGCCACTTCGCGGAGCGATACGTGGTGGGTCCAGCCCGCGCTCGTGTTCGTCGCGCTCTCGTTGTTCATCGTGTATGCGACTTGGGCGGCGTTTCAGGGGGCGAACTACTTCCACGGAAACTACCTGTCGCCGTTCTATTCGCCGGAGCTGATCGGGGTTTCGCCCCATTCTTGGTTTGGGCCTAAGCCGGAGTGGTGGCCAGGTTGGTTGCCGTTCTCCCCCGCTCTGATCATCTTGCCGTTCCCAGCGCTGTTCCGGTTCACCTGCTACTACTACCGGGGCGCCTATTACAAGGCGTTTTGGGCCGACCCTCCGTCGTGCGCCGTGGGAGAGCCGAGAAAGGGTTATACCGGCGAGAACGGGCTGCCGCTCATTCTCCAGAACTTGCATCGTTACTTCCTCTACTTCGCCCTCCTCTTCCTTTTGGCGCTTTGGCACGATGTCTGGAAAGGGTTCTGGTTCCCCGTCGGCGAGATGGGCCGCTATGCGCCGGCGGGGCTCGGGCCGATGCCGAATCAGCCTGTTCAGTTTGGCGTCGGCGTGGGGTCGATCGTGCTCCTTGCCAACACCACCCTTCTCACCTTTTACACCATCTCGTGCCACTCGTTCCGGCACCTGATCGGCGGCAAGAAGGACTGCCTCTCCAGTCACAAGACTCGCCATGCCTGCTACTCTTGCGTCTCGCGCCTCAATCCCCGTCACATGAATTTCGCCTGGATGAGTCTCTTCAGCGTGATGTTTGCCGACCTTTACATTCGTTTGGTGGCGATGGGGGTGTGGTCCGATTGGAGGTTCTTCTGAGATGAGCGACTACCCGACTCATGAATACGACGTGCTGATCA
CP129494.1_gap28	1483032	1487951	4919	CGGAAAGGCCGTACCAAGCTCAAGGTAAAGTCGAACGCCCTCTTTCAGGCCTTGATGACGCTCCACCCTGCGTTCATTACTTCCGTGATCCTGGTCGGCGCGCTTTCTGAGCAGGGCCTAGGTTGGCTTGCCGCGGGTCTAGCCGCTGGCGTCCTCACCCTCGGCGGCCTCTGCTTCAACCTGCTGACCAAGTTCTCGCACCGGAGAGCAAGGGCGCTCGCCGACGAACTCAGGGACCGGATCGCCGAGGCGATCGAGACCGCTCCGCAGGAGTGACCCCCGCCTGGGTTAACTTGGACTCACTCCTCGACAGGCGAGCCTTGGCCCGTTTCGAGGTAACCGCGCAACGAATCGAGGCGCCCCGACCACTGATCCCGAAGCTCGGAGGCCTCCTCTTGCAACGCGATCTTTCGATGCTGCAGCGTCACCACACATCGGCCGTCACCCTTGGGGGTCAACGAGAACTCGACCACAGACCCCGGCGTGAATGCGGCCTGTTCCCATTTGAGAATGAAGTTCTTAAGCGGGTTCAGGGTGGTCAGAACTCCCCTGCCTGAGTTCGGACTGCCCCATACACCCCCTTTTCGGAAGTCGATCGCGGCGTCTTTGGCGTACCAGAGCACAAGGTCGGACTCTTGCGCAAGTGCCCTCCATGCCTTTTCCAGCGGCGAGTTGAGAGTCCTGGAAACGCTGATCTGAAACCCGTCCGGCATCTGGTTGCGGACCCTGCGCCCCCGAGCCTTCTCATACTCGCCAGTGATCATTTGCGACCACCAGAGCGACACGCCTTGTTCGCTCCGAAGCCACCTCGCGATCGCTGGATGTTCCATCGACTCCGCCCCTGCGGCGTCGAGAACGTCGAACCACTGATCCCAGCTCCTCCCGGTCCTTGCCCTAACGGCGGAATCGGAAAACGAGCGTTCGGTTGAAGAGAGGCCAGCCATTACAGAATTGTACAGGATGACTTGCCGCTTTGTGACTCGAAACAGCGCATGGACGGAGTGTGCAGAGCCTGGCAAAAATGCTTGTTTGCATGGGATGGGAAGGTTCTTCGTCACAACAAGGGCCGTTTCGGACAATCCCTATATGAGGCTTCTCATTAGAAAGGCGAGACTTCTTGGTTAGGCGCTCTTAGCGCCGCATAAAGTCCGAAAGGGGACTAAATCAGGAGTGGCAACGGGGTCGGGATACATTCCGGCCCCTCCTGATTTTAGGACCCCTTCTTTTCGCGTTTTTCTCCTCCCAGACGCCATTCGGAGGTAGAAACGGCTGAGGCAATGAAGTCTTTCCTCCGCGCTCTGGGCATCGCTGCCGCTGTCGTCATCTTTCCGGCGGCTTTTTCTGGTTGCGATGCGCCTGATGGGAGCGGAGTCGTGCTGCGCCTGACGAATTGGGGCGGGGCCGGAGAGGACAACGACTACGACCGTCTCGTCAAGGACCTTTATCGCAGGTTCGAGCGCGACCATCCCGGCGTTCGATTGAAGATCGAGAACATTCCGGGGGAATACGTCCCCAAAATGCTCCTCAACTTCGTCGCCGGTACGCAACCGGAGGTGATGGTTCTCGACGCAAGCAGTGCGGCGGTTTTCGTCAACAACGGACTTCTCACCGACCTCCGTCCGTTCGTCGAGGAAGACCCTGAGTTCGATCTCAGCGATTTTTACCCCAACGTGGTCGATATCGCGCGTCGCGGCGACAAGCTCTATGCGATCCCCATCGACTTCACGCCCATGGTCGTTTATTACAACAAGGACCTCTTCGACAAAGCGGGCGTCCCCTACCCCGATCCCAACTGGACCTTCGCGGAATTCTTCGAGATCGCCCAGAAACTCACGATTCCCGCCAAGGACCCCGGATTGCCTCCCGTCCAGTACGGCTTCGTCTTCACCAACTGGATGCCTGCGTGGGTGATGTGGCTTTGGAACAACGGGGGCGACGTCCTTTCGCCGGACGGGAGCAAGGCCACGGGCTATTTGGACAGCGACCCCAACGTGGAGACTCTCACGTTTTTGCGGGACCTCGTGAAAAGGCACAAGGTCGCCCCGTCCCTCTCGGAGATGCAAGCGATGGGCGCGGACCCGTTCGTTCACGGCAAGGCGGCGATGGTCGTCATGGGGCACTGGGCGCTAACCGGATACAAGAACGCGCCCAAGGACGGCTCGGGGAAACCCCTGATCGACTGGGAGCGGCTCGGAGTGGCGCATCTGCCCCACAACACCCCCGAGCCTCACACGGTTTTCTACGAAGCGGGGCTGGCCATACCCAAGGATTGCAAGCACCCCGAAGAGGCTTGGGAGTTCATTCGCTACTGGACGAGCGCGGAGGTTCAGAGGGTTTACAACTCGAGCGGGATCGCCGTGAGCGCGCGAAAGGATATCAGCCGTGAGCGCGCTGCCGACCCCATCGAAGCCCAATTCTTGCCCATCGTCCCTTCGGCAAGGCCTCCGTACGGTTCTCGGGTCGAAAGCTATGAGATCGTCGAAAACGTGGGCCGGTCGATGATCGATTCGATTCTGAACAACGACGTCCCGGTGCGAGAGGCGTTGCGCCGAGCCGCCTCCCGGATCGATAGGGAGTTCGCCAAGCGATGAGCCTGCTGCGAAGGAGAGAGAGCCGGCTGGGCTGGTTGTTCGTTGCGCCCGCGACCCTCCACCTCGTCGTTTTCGCCCTGTTTCCGATGGGATTTGCCCTTTACATCAGTTTGTTCAAGTGGCGGCTGTTCAAGGATTCCCCCGAGTTCGTCTTCCTTCAGAACTACGTCTGGTCGTTCACCGAGGGCCCCTTTTGGAACGCCCTATGGAACTCATTCCGGTACACGGCGGTCTCGGTTCCTGCGGGAATGGCGGTGGCGCTGGGAGTGGCGCTTCTCGTCAACCAGAAGCTCCGGGGGGTTACGATCTTCCGTACGCTTTACTACATCCCCGCGATCTCTTCGGGAGTCGCGGTGTCGATGCTTTGGATCTACGTCTTTCTGCCCGAAACGGGGATGCTCAACCTCCTTTTGCGGATGATCGGGGTCAGCAGCATCGCCTTTCTTCAGGACTCCGCGTGGGCGATGTGGGCGCTGGCGTTCATGTCGATCTGGACCGGGCTCGGCCCCAAAATGGTGCTGTATCTCGCGGGCCTCGTGGGAATCCCCCAATCGCTCTACGAAGCAGCGGAACTCGATGGGGCTGGCAAGCTGAGGAGCTTTTGGAGCGTGACGCTCCCGATGCTCGCCCCGACCACCATCTTCGTCCTCATCACCTCGACCATCGGCGCGATGCAGGTGTTCACCCCCGTGTACATGATGACCAAGGGAGGTCCGGAGGACTCCACCGACGTGGTCGGCTACCACATCTATACGGAGGCTTGGGTCAACTTCAACACGGGCCTCGCGTCGGCCAAGTCGTTCGTTCTGCTGGTCATCATCGGCGGCATCTCACTGCTTCAATTCCGATTGATGAGGCGGCAACTTGAGGGCTATTCGGCGTCATGAAAGCCCTTAAGACCCTAGCCTCGTACTTGTTGATGCTCGCGTTGGCGGCGTTTCTGATGGCGCCGTTCGTTTGGATGGTATTGGTCTCGCTTCATCCGAGGAAATCCGAGATTCCGAGCATCGAACACCTCATCCCTCACCAGCCCCAATGGTCGAATTACGACTTCGTGCTCCGGCACGAGACGCTTCCGGTGGCGCGGTTCTTCGTGAACTCGGCCGTCACCGCGGTGAGCGTTGTAGTCCTTCAACTCCTGATCACCTCGCTGGCGGCCTATGGATTCGCTCGCTTGAGGTTCAAGGGCAGGGGCTGGGTTTTCGGACTGTTTTTGGGTTCGATGATGTTCGCCGGTCCCGTGACTCAGATTCCCGTGTACTTGCTCCTCCGCGACCTGCAATGGCTCGACACTTTCATGGCCCTGATCGTGCCCGGAGTGAGTTCGGCGTTTTCGGTGTACCTGCTGAGGCAGTTCTTCCTCCAAATCCCCTTGGAACTCGAGGAAGCAGCGCGCATCGACGGAGCGGGCGACCTTCGAATCTACTGGAAGATCGCCCTTCCGCTCAGCAGGGCTGCCCTTGCTACTGCGGGAGCGTTCACCTTCATTGGCGTTTGGACGGACTTCTTCAATCCGTTGATCTTCACCAACACGACCGAGATGCGCACCCTCGAGGTCGGGCTCTCCATCTTCAAGAACAGCTATGGGGGCACGAACTGGCCGCTGCAGATGACGGCAGCCGTCATCGTAATGCTGCCCCTCTTGATGGTGTTCCTTTTCACGCAGCGGTACTTCGTGAAGGGCATCACGCTGGGAAGCATCAAGTAGCTGCCGGGTCAGGCGAACTTCTCGAGCAGCGATTCCGCTTGGAATAGGTTGATTCCGCTGTTGATGAGATCGATGAGCGCCTGCATCTTGGCTTCCTCTTCGACCTGCTCCTCGATGAACCACTGCAAGAACTGGAAGGTCGTGTAATCGTCCTCTTCGAGGGAAACGCTCGATAGAGTGCGAAACTGCCCGGAAACCTTGCGTTCGCTGTCGAGCGCGGCTTGGGTGGCTTCGAGAGCTGAACTGAACCGCGTGGTCGCAGCACCGATGGCGGGCAGATCGAAGGGCACTTCGTTGTCGACGAGGAAGGCGAGGATCTTCTCTGCGTGCTCCCGCTCTTCGGCGGCTTGGTCCATGAAGAGCTTGGCCCACCCCATCAGACTCTGCCTCGCGAAGTAGAGCGCGATCCCTCTATAGTTGTGGCTCGCAGCCAGTTCGCTGCCAATTTGCTCGGTCAAGAGTTCGGCTGACTTTTCCGTAATCATTGCATCACCCCTCAGCGGGGAGTGTACCAGCGGCGGCTACTCCTTGGAAATCGTAACGGATGCCATTACGCGCTTGGCGGTTTGCTCTTGGGAAGCGCTTGCGGTGCGATACATCGCCGACGCCTGCCAGAGTCG
CP129494.1_gap29	1511554	1512488	934	CCCAATCGCTGAGATAGTCCTCCCAAAAATAGCTGTACCACTCACCGGTTCGGCCGCCGGCCATGATGTAGGGCGCGGCCCACTGCTCGCCGTTGTACTTGATTTGGACCGTGAAATCGCGGGCGCTCTTGGCGAGCGGTAACACCCGCGCTTTGCGTGTCACCCAAGATCTCGTGAGGAGCGGCAGAGGGGAGTCCGTTTCCTTCAAGGCGTCCAGATAGCACCGGAAGAACTCGGGGCCGCGGCCGCTTTCCCCGATCCGGAACCCGAGCGCATCCAACCGGGGCAGTTTGCGGATGGTTTCGGCTACCACCTCTTGTGTGTACTCGTAGAGGTTCTCCTCCGTGGCGGCGTACGGGGGACTGGGGTTGTGAGGCGTGTCGAACCGAGCTTCGTACGACATCAGGCTCACCCGAATGCCCCTGGCGTGCGCCATGTCGATGACCTTGCGCAGTTGGGCCAAGTTCTTCGCCTTGACTTCGGGCGATGGGCCGACGAGGGGGTACTTCGCGCTGGAAACAAAGTAGGCGAAGAGGTTGGGAAAGCGCGTGGTGTCGAGATCGTAAGGCCCGTGAATGTCGAGCCAATTGAGTCGACTTCGAGCCATTTGATCGAGCAGGGTCCGCCAGTAGTCCTCGTCGTGGAAGAACCATCGCTTTGGATCGGCCAGCGCTTCTGGGGACGGGTCGATCCGGTTCGCAAGATAGTCCCAGGGCAAAGGAAGGAACAGGTTCCATCCTCGGTCCGCGAACTTGGGGCTTCCTCGAAACTCCTTTCCGGCGAGTTCGGACAACTTGACCGCAGCAAGACGCTCCGCCGCATCTAACGCCCCATACATCGCCCCACGATCATCGCTCGACGCAACTTCGATTGCGGCTTTTCCGAAGGCGACGTGGAACGCCTCAGGTGGCAACCCCTTGTCGTGCTTCCTTCG
CP129494.1_gap30	1522887	1523637	750	GCGGTCCGGCCAGACTACGCCGACCTTCGCTTCCGTTTGGCCTGGGCGTACTTCACGATGAACGAGCCCGCCAAGGCCCAATCCTCCTTGGAAGAGGCTCTTGCGCTGAACCCCAATTACGCCGACGCCGCGCTTCTGCGAGCGATGATTCACGTACAAAGCGAAAACTGGGAGGCCGCGCTCGCCAGCGCAGAATCTCCTGAGGTCGCGTCTCGGTTCCGAGAGCGCTCCGAACATGAGGCGTTGCTGAGGGCGATCCGGGCCCAGGACGCGGAAGGTGTTCGCAAGTTGCTCGAAAACGCGCTCGAGGGGAGTAGCCAAGGCGAGAGCTTCCACGTTACCGTCGCCGAAGGGTACGCCAAGGAAGGGAGATTCGACCAAGCCGCTGCACACTATGAGATCGCGCTGCGAGCCGTCGGGCACTACCCTGACCTGCACTGCAAGTATGCGCAGGTTCTGTTGGAACTCGACCGGCTCGGCCAGGCTCTCGACCACCTCGATACCGCAGTAAGGCTCAACCCGAGGTACGCCGAGGCTCACGCGCAACGGGGGATCGCCTTGCGGCGGCTTGGGCGCGGTGACGACGCCCGAGAGGCGTTTCGGGAAGCCCTGAAATTCGATCCGCACCACGTGATCGCCGAACTCGAAGTTCTGCGACCCTAAGCGAGCCGCTCAGGATCGGTGCAGAGTCTGCGCCGCCGCTTCGATGGCAACCTTCCAGCGAGTGTCTTCGTCGCCCCCGAGAACCTG
CP129494.1_gap31	1539723	1544041	4318	CCCTACGAAGCTCGCTCATGATCCGCCTCATGTGCCGAACCGCCTCGACAACGTCGCCGGTTCCGGCCTCGCCCTTCGTTCGGATCATCGCCGCGCCTTCCCCATACCGGCGCAACGCCTCGCCGAGGTTGCGCGCCCCACATACGAACGGGACGGTAAATCCATGTTTGTCGACGTGGTGCTCCTCGTCGGCGGGCGTAAGGACCTCGCTTTCGTCGATGAAGTCGACTTCGAGCGCCTCAAGAATCTGGGCCTCGGCGAAGTGGCCGATCCTGCACTTGGCCATCACCGGGATGCTAACGGCCGCCTTGATCCCGAGGATCATCTCCGGATCGCTCATACGAGCGACTCCACCTTGAACCCGAATGTCCGCAGGGACCCGTTCGAGAGCCATTACGGCCACAGCCCCAGCGTCTTCGGCGATCTTTGCCTGCTCGACGTTGGTGACGTCCATGATCACGCCGCCCTTGAGCATCTCAGCGAGACCGACCTTCTCTCGCCAGGTCTTTTCGCGGGTCTCTCTCGAACCGTTGGAGGCCGTTGCCATGCTGCGATTGTACCGCCTGGGGGTCATCGGAACTGGGCCCAAGTGCCGCGCCGGAGGCTGTGGAAAAAACCCCCTAAAGATGCCGGGACGAATGCCGACAATCCTAACAGGGCCACTCAGCCCAGGTTCAAAAACCTGAAGTGGACTGTTAGCGATGAGAGTTCAAGACGTGGAGTGCAAACTGGCGCAAGGCCAGATCCAGCGATACCTCGCCGGGGAGTCGCTATCGGCAACCGCGACCCGGCAGCTCCGCGACCACATCCACGAATGCGCCCGATGCTCGGAACTCGTTGCGACGCGGAAGCGAGCTTTGGAGTCGATGGTCGCCGTCGGTTCGGCCGTCGTCCAAATGGAAGAACCCGAAGCCGCGCCTGAGCCTGAAACTACGCCTCAGGCCGACCCTGCTCAGACGCTTCTCGATTTCGTGCGTCAAAAGGCAACTGCCTTCGCCCCGCAGCAGCCCCAACCGGACGATCGACCCAAGAGCCGCATCCACTGGAAGCCGCTCGCATGGTCTACCGCGCTCGCCCTCGTTCTGATCGTGATGTCGCAGATCTCGCGCGACCCCACAAGGCTCTTTGGCGATCGCGCGTCGGAAGTTTCTCTTAGCACCCCCTCGAAAGCGGCCGAAGTTGACACGGCCGCGACCTCTCAGGGAAGCAGTACGGACGGTCCGCAGGAACCTTCGCCGGAACCTGCACCGTCCTCTGCTCTCACCGCGGCGAACCCCTCGCCCGAAGAGGCTAAAGCCGCCTCACCCAACGTCTCCGAGACCCCGAATTCGAGCGAGCCTGCCGCAGGCGCCTCGTCCGAAGCAACCAGACAGCCGCAGCCCCGCCTCAAGCCGAAGACTGCCGCCGCACAGCCCGCAACCGGTCCTGCCGCCAGCTCGATCCGGGTCTATGACGCCAGTGGCAATCCGATTTCCCGTTGATCTCGAACGACCCGCCAGGAGGAACCCCATGAAACTCGCAGCCCTCACTCTCGCAACCCTCGTTTTGGGAGCGATCGCGTTCGCTCAAGAAGAAGCCACCGTTCAGGGCGGGGCTACCGGAACCGTTTCGATTCATTCGAAGGGCGCGGATGTCCGCAACGTCATCCACGACCTCTTTCAGCAAGTCGAACGAAACTACGTACTCGAACCCAACGTGCGCTTCGTGCTGTACCTTTCGCTCAACGATCTTGAGTTTGAGGAAGCGCTGCAACTCGTGTGCAAGCTCTCCAGCCTCGACTATGAGATTCAGAACGGCATCTACTTTGTCGGCAAGAAGAAGGTCGGATCGGGTTCTCCGGCAACGCATCCCACCACCCAACCCCTCAAGCCGAAAGGCAAGCTCGACCCGGCGGTGCTCAACAAGCGGGTCACGACTCGGTTCGACAAGATCGACCTTCGCCAGTTGATGTCTGAACTCGGCAAGCAGACGGGAATCTCGATCGAAGTGGACGCTACCGTGCCGAGTTACAAGCTCGACGCCTATCTCATCGACACCTCGCTGAAATATGCGCTCGACGTGATTACCGAAGCGACGAAGCTCAAGTTCGAGTTCACCGACAACCTCTCGATCCGCTTAGCCAAGGCCGAGAAGGTCGGCGTTTCGCTGGTGTCGGGCTCCTGATTCGACCCGTAGGGAATCCCTGGATCGATAGCTCCTCAGAAGGGGGTTTCGCGCCGTAGCGAGCCCCCTCGCGCTTTTCCCCGTGCCAGAATGAGGAAATGGCTGGCCACTCCAAGTGGAAGAACATTCGGCTTCGCAAGGGCAAGCAGGACGCGATTCGCGGCAAGCTGTTTACCAAGTTGAGCCGCGAAATCATCGTCGCAGCGCGGATGGGGGGAGGGGACCCCTCCGGCAACCCGAGGCTCCGGCTGGCGATCTCCAAAGCTCGCGAGGCGGCGATGCCTAGCGACAACGTCGAGCGGGCCATCAAACGAGGAACCGGCGAGACCGAGGGAGCGGCCTACGAAGAGGTGACCTACGAAGGATACGGCCCAGGAGGAGCGGCCCTGATCGTCGAGTGTTACACCGAGAACCGCAACCGGACCGTCGCCGACCTGCGGCACGCGTTCTCGAAGAACGGGGGCAACCTCGCTGAGAACGGATCGGTCGCTTGGCGATTCAAGTACATCGGCGAGATCATCGTCCCGCCCGACGGGCTCGACGAAGAGGAGTTCACCCTTGCAGCGATCGACGCCGGGGCCGAAGATGTCGTGCGAGACGACGACGGATTCAACGTATACACCTCGATCGAAACGCTCCACAGCACGAACGAGGCCCTGGAGACGGCGGGGTACAAGCCCACTGAGGTGGGGCTCACCTACCTTCCCGCCGACAAGGCAGAACTCTCCGATTCCGACGCAAGGCGGCTCCTCAACCTCATGGAGATGCTCGAAGACCTCGACGACGTCAAGGAAACGTACGTCAACGTCGAGATCACAGACGACATGATGGACGACGCATGAATGAGCGCCCCCGGGTTCCCGTCGTCACCTTACTCCTGATCGTCGCCAACATCGGCGTTTCGTTCGTCCTGACGTGGCAGCCCGAATTGCTCGAGCGCTTCGCCTTCGATCCTTTGCAGCCTTCCTTCCAAACGGCCTTGACGAGCCTGTTTCTTCATGTCAATACGGTCCACCTGCTTGGCAACATGGTGTTTCTGGCCGCGGTCGGCCCCGCCGTCGAGCAAGCGGGAAGCTCGTGGCGGCTGGCGCTCACCTACCTTGCGGGGGGCCTCTCGGGGATCGGCGCCCACTGGGCGCTCGAAGGGCGCAACGCTGACCCGAGCCCCGTCGTGGGGGCGAGCGGCGCGGTGGTGGCGTGCGTGGCCTATTATAGCGTTCGATATAGCTTCATTAAGGTGCCTCTCGCCCCGAAAGTGAACGTGAGTATAGTGTTCGTTACAGCCGCTTGGCTGGTCATGCAGGTGGCTTCGGCCTTTGTGAACATCGGGGCTACCCTCCCTTCGCAGGCGTATTGGGCTCACGGAGGAGGGTTTGCCGCGGGCCTGATCTTGAGCCTGTTCTTCCGCGCTCCGAAAGAGGCCCGCCTCCAACAAGGCCGCGCGATGATCGCAAGGCTCGGCGAGCGCAGTCCGGGCGCGACCTTGTCGGCCGCCGAACAGCACCTGGCCGAGCACCCGACGGACCTTATCGCTTTGCGAAATCTGGCCGACGCGAAGGCGCAGGTCAACGATGTCGAGGGGGAGTCCGAGGCGCTTTGCGGCCTTCTCGACGCTCTCCCGGAGTCGCAACAACCGGAAATCGCCCTTCGACTTAAGGCCATTGGGCGGCTCGATCGGCTCCCCTCCCTGCGTCGAGCGCTGATGGCCGAACGCATGAAGGAATCGAACCCCGAGGCGTCGGTTGCGCTTCTCGAGAGCATTGTGGGTTGCGCCGACGACCCTCAACGGCCCGAGGCGCTTTATTCGCTCGCGTTGCTCCTCAACGGCGACGATCCCAAGCGTTCCCAAGCGTTGAGGGACGAACTGAAGGCGGAGTACCCGATGCACCCGGCTTCTGAACGGGCGCGTCTCAGGGAGTTGGAGTCTTGAAGAACTGGTGGCGGCGGGTTCGGCCCAGGGTGCTAGGCGGGCTCGCCGCAGGGTTTATTCGCTTGCTGGGGGCCACCTTTCGCATCACGACCCTGGGCGAAGTTCCCGTGCAAGAACCAGGAAAGGGCATGATCCTCTGCGTGTGGCACGCCCTGACGCTTCCCTCTGCCCAGAAGCACAAGCACAAGGGCATTTGGGCGCTCTTCAGCCTATCGAAAGACGGAG
CP129494.1_gap32	1555267	1559767	4500	AGCTCGCGCACGTTTTGCGCCGCAAGGGGTTCTCGGTGCTCCTCGCGGCGGGCGACACCTTCCGGGCGGCGGCGATCGAACAGTTGGAGATTTGGGCGAAGCGCACCGATTCCGACATCGTTCGCGCTGTCCCTAACGCCGACCCCGGAGCGGTCGTGTTCGATGCGATCACCGCTGCGAAGAGCCGAGGGATCGACTTTGTCCTGGCCGACACGGCAGGGCGGCAACACAGCAAAGCGAACCTTATGGGCGAACTCGCCAAAATCGCCAAGGTGACCGAGAAGGCACTCGGTAGGCCGCCCGACGAAGTTCTGCTCGTCCTCGACGCTAACACCGGTCAGAACGCGATCCGGCAGGCGGAGGAGTTCCTCAAGCACGCAGGAGTCACCGGGTTGGTTCTCACCAAGCTCGACGGGACTTCGCGAGGGGGAGCGTTGATCGGAGTCTATGACCGATTCAAGGTCCCGATCAAGCTCATTGGGGTGGGAGAGCGTCCCGAAGACCTCAAAGACTTTAGCGCGGAGAAGTTCGCCCAGAACCTCTTCTAACGGGCGAGCTTTCCGAACGCCGACATTCCCGCATATTGAGCCTGGTGCCCCAATGCCTCTTCGATGCGGAGAAGTTGGTTGTATTTCGCGACCCGGTCGGTTCGAGCCGGGGCGCCGGTCTTGATTTGGCCGCAGCCCACCGCGACCGCAAGGTCGGCGATCGTCGCATCCTCGGTCTCCCCAGACCGGTGGCTCATGACCGAGGTGAACCCTGCCCGCTTGGCCATCTCGACGGCGTCCAGGGTTTCGGTGAGCGTCCCGATCTGGTTGACCTTGATCAAGATCGAATTCGCGGCCCTGGACTCGATCCCTCGCGCGAGCCGCTCGACGTTCGTAACGAAAATGTCGTCGCCCACGATCTGAACGCGGGTTCCGATCGCCGCCGTCAGTTCGCTCCAGCTGACCCAGTCGTCTTCGGCGCACCCGTCTTCGATGCTGAGGATCGGGTACTTCTCGGCAAGTTCGGCGAGATAAGCCACTTGTTGGCTACCCGACCTCTCGCGGACGCTCCCGGCCTTGTAGAGATACTTGCCCCCTTCATAAAGCTCGGTCGCCGCGCAATCGAGTCCGAGCCACACGTCGTCGCCCGGACGGAACCCGGCCGCCTGGATCGCGTCGATCAGGTAGTCGAGCGCGAGTTCCTGCGATTCGAGCGAGGGCGCGAATCCACCTTCGTCGCCGATTCCCGTGTTCAGGCCCTTCTTCTTCAAGACCGACTTGAGCGAGTGGTAGACCTCCACTCCCATCCGTAGGCCCTCGGCAAACGAGGGAGCGCCCACCGGAAGGATCATGAACTCCTGGAAGTCGACGTTCGAATCGGCGTGCTTACCCCCGTTGAGGACGTTCATCATCGGGACCGGCAGCACCGTGGCAGAGACACCGCCGATGTACTTGTAAAGGGGCAGTCGGCAACTGAGCGCGGCCGCCTTCGCCACGGCGAGCGATACCCCCAGCGTGGCGTTCGCGCCGAGTTTGGACTTGTTGGGGGTACCGTCGAGTTCGATCAAGAGGTGGTCGATGGCTTGCTGGTCGGTGGCGTCGCGGTCGTACAGTTCAGGCGCGATCACGTCGTTGACGTTTGCGACTGCGCTCTGGACCCCTTTACCGAGATAGCGCTTCTTGTCCCCGTCTCTCAATTCGACGGCCTCGAACTGCCCTGTACTGGCCCCGCTCGGAACGGCAGCGCGACCAAGTATCCCGCTTTCGAGCGTGACGTCCACTTCGACGGTGGGGTTTCCCCGACTGTCCAGAATCTCACGAGCCACAACGTCCACGATCAACGGCATGTTCCGACTCTACCCGCTGGTAACATGATTCCATGTCCTTCGCGCTCACGCGGGAGAGCTTCTTTTGGCATCGGGTTCATTCTCTGACCGGCATCGTACCGATCGGGTTCTATATTCTCCAGCACCTCACGCTGAACTCCTTCAGCCTGGCGGGCCCAGCGAAGTTCGACGGCGTCATCGGGTTCTTCGAGTCGGTCCCGAAGCACGTCCTCCTTGCAGCCGAAGTACTGCTCATTTGGACGCCGCTGCTCTTCCACGCCCTCTATGGGCTGTTTATCGCGAACCGAAGCAAGCCCAACTACTTCGGCTCGCGCTACAACTGGTCCCAGAACCTGATGTACGTGCTGCAGAGATGGAGCGGGATCGCGCTGTTCTTCTTCCTCACCTACCACGTGATCTCAACGACCGTTCACAAGTACGCGACGAACGATCCGCGAGTGATCGAGTACGCCGCGTGGCAGACGAAGCTGACCGAGAACGGGTACCTGCTCCTTGCGGTCTATGCGCTCGGGGTCCTTGCGGCCTCCTATCACCTGAGCTATGGGATTTGGAACTTTTGCATCCGTTGGGGTATCACCGTCAGCGATCGTTCGCAGGCCGCGGTCCAGCGGTTTTCCGCAGTGGCGTTCGTGGCGATTACGTTGCTCGGGTGGGCGGCGCTCGCCGGGTTCCTCATGCACTAGCTCCACGAAGCTCAATCGAAGACGTTTTCCAAGAGCCAAAACGCGCACAGGAGCTTGGGGGCCTTGGGGCAATGGAGCTTTCTGCCGTCCTGAAAAAGGAGCGTGAGCTCGTTCTCGTCTGCGCCGAAGCCGATGTCCCGACGCGAGATGTCGTTGATCGCGAGAGCATAAAGGCCCTTCCGCCTGATCTTCTCTTCGGCGGCTTCGGTGTCGGGGGTCGGTTCAGCGGCAAAGCCGATTGCGCGCGCATCGGGCCCTGCCTTCTCAGCGAGCGCGGCCAATACATCGGGGTTGGGTTCAAACTCGATGATCATCGGTTTCCCCTCCCTGCGGATCTTGCCTTCGAATGGAGACTTCGGCCGAAAGTCGGCTACGGCCGCAACGCCAAGGATCGCATCGACCCCGTCGGCCATTCCGAGGCCCGCCTCCAGCATTTCGCGCGCCGAGTCTACGCGCACGATTTGCGCCAGCCGAGGCAAAGGGGCTTCTGAGGGGCCGGATACGATTCTTAGGTTCGCTCCCATCATTTGGGCGGCCTGAGCGATCGCCGCGCCCATCTTGCCGCTCGACCGGTTGCCCACAAACCGCACGCTGTCGATCGCCTCGTGAGTTGGCCCGGTCGTGAGCAAGATCGTCTTGCCCTTCAGCCGCCCGAGACGGCGGTGCGATTCCACGGTGAATTCAACGATGCGGGAGTTGGCGGCGAGCTTGCCCTGCCCCGACTCCCCGCAGGCCACGTCGCCCTCGGCGGGTTCGATCACGAGGACCGCCCGCTCCCGGATCTCCCGAAGAGACTTCTGAGTTGTGGGGTCGAGGAACATCGAGGGGTTCATCGCGGGCGCAACGATGACCGGCCCCTCGTAGGCGAGCGCGAGGGTGGTCAACATGTCGTCCGCGATCCCAGCGGCGAGCTTGTTGAGAGTGCTCGCGGTGGCCGGAGCGATCAGGAGCACGTCGGCTTGGCGCGCCCAATCGATGTGCGCCATTCGGCCGCGCTCCGGTTCGTCAAAAACGTCGGCCAGGCAAGGTTGCCCCGTAAGCGCCTCAAACAGATCGGGCGTTACGAACCTCTCCGCTGCATCGGTCAGGCAAACCCGGACCGAAAACCCTGCGCGCATCAGATCTCGGGCAAGGTCGGCGGCGCGATACGCAGCCACGCTTCCACTCACGCCCAGGACTAGATTCGGCACGCAGCGAGGTTTACCCGGTTTGACCGCGCTCCGGCCCGGACCGGATTGGGCCACAATAGGCCATGCGGGCTGTTGTGACCGGCGGGGCGGGGTTCTTGGGTTCTCACCTCACCGACCGGCTGGTCGAGCGCGGATGGGAAGTCACGGTCATCGACAACCTCATCACCGGCAGCGCCGAAAACTTGGCCGCGCACTTGGGTTCGGGCCGCGTCCGGTTCATCAAGCAGGACGTCACTGAGTACCTGTTCCTGGAAGGGTCGGTGGACGCGGTTTTCCACTTCGCCAGTCCGGCAAGCCCTGTCGACTTCGACCGCTTCCCGATCCAAGTTCTCAAGGCTGGCGCCCTCGGTACCCATAAGGCGCTCGGACTCGCCAAGCACAAGCGCGCGAGGTTCGTCTTGGCCAGCACGAGCGAGGTTTATGGCGACCCCGAGGTCTCGCCTCAACCCGAAACCTATTGGGGCAACGTGAATCCGATCGGACCGCGCGGCGTCTATGACGAAGCCAAGAGGTTCGCAGAAGCGATGACGATGGCCTACAATCGCATCCACGGCGTCGACACCCGGATCGCGCGGTTCTTCAACTCTTACGGACCGAGGATGCGCCTCGACGATGGGCGGGTCGTCCCGAACTTCGTGGCCCAAGGGCTTCGAAGCGAGCCGCTTACCGTGTTTGGCGACGGGTCGCACACGCGGTCCTTTTGCTACGTGGACGACACGATCGAAGGCGTCCTCAAGCTCTTTGAGTCTGATTTTGTCGAACCCATCAACATCGGGAGCGAGCATGAGCTTTC
CP129494.1_gap33	1562186	1564574	2388	CAAGTTTATCACAGCTAAGTGCAACTTCATAGACGACACGGATGGACATAAGCCGATCGTCCGACGCTTCGTCCTTCAGAAGCACATTGTAGCTTTGAGTGAAGATGATATGATCTTCCTTCGTCACGAACTCCGCATTCGACTCAACGAGCGGAACTTGGGAGGCCCGAGAACCGAAATTGCGTCGAAATGTGGTCACCAGCAGCGACCGCATAACAATCCCCGAAGCGGAGGTCATAGCAAGAAAACGGCTGTAAGTGACCGGGTCCATCAACAATCGCCCCCATTATACTCGGAAGCCCGGGGAACTCTCCTCGGGCTTCATCAGAATCTTCGTCGCGAAAATCAGGCGGTGGCGGCTCACCGAGGTGCTCTCGATGCCAGGCAATCAAGTCCGGGTACGAGTCTCTCAGCACGCAGAGTGCGTCCTCTTCCGATTCGCCGTACGCATGAAAAAGGTCACGCCCGAGTGACGGGATATACACGCAGACGAACCCGTCCCCAGTGGTTGCTTGGATCTCGTACGGAATCTCGTCGATTCGTCTCACGGAACATTCTACTCCCATTGTTGATCCTCGGTTCAGCGAAGCAAGTCCTCTAGGCCGTTTTCCTTCACTAAGCGCCTCATCTCAATAAAGTCGAGGACTTCCAGGACATAAGCGAACAAGACCATTCCCCGGTGGTTGGACACCGGGAACTGTCTCTTCATTATAACATGTTCCAGCTTCGGGATGTTGAAATAATCCGCAATGACCTTTGCTTGCTTGGGTGCGCATGCGTACGGGTTCCTGATAACATCTGCGTGCCCTCCCTTTCCCCGATCCACGAGACCGTCCAAGAGCGGATGAGTCAACAGCACCCCCATTTGCGCAAGAGGAAGATCGCTCTTCTTCTTGCGTGCCCGAAGTTCGGCTTCCAGTTTTTCGGCCGCTGTCGCCACTGAATTCGATTATACTGTTCGACAATCCAAAAGCTAACTGAAGACCGCGGCGTCAACCTACGTTCAAGCGTCGGTGCAGTCCGAAGCTCGAATTCGGGTTGCATGATCGAATCAGTATGTTCGCCATTCACACCCTTCGACAGATCGGTGCAGGCGTTTCCGAAGCCGACGACGTTTTTCGGAGGTCGAACCTAAACTATAGGATCGCGAACATTGAACTGGTGGAGGCGGCGGGAATTGAACCCGCTTCCAAAACTGTCGTACCTACGGTTCCCACGAGCGTCTCCCCTACTTAGGTTTTCGTCGCGGAGCCCTCCAAGGGGCGGGCTGCCCCGCGCTTAGCTCGATTGTTTTAGCCTACGCGCGCTCCGAGCCGAAGCTCACGCAAGCGATCCGGATTTGGCTACGCCTGAAGGTTGCCTACCGGCTCGGCGGACCCCAGACGCGCGGCAGCTATTAGGCCGCGTAAGCGAAGTTGTTGTTCGCAGTTGCTTTGTTTGCCGCTTTTTACGAGGCCAGCGGCGCCTCGGCTCGCAACCGAAGATCGAACCAGCTCTGTCGAACCCGTTCGCCCCCAAGTTGTCTCAGTCAGTATGACGCGTTTCCTCAGGTTCCGGTTCCTCTGCTGGGACCTTTCCACTAGAAGGACAACAGGCGCCGGAGCTCGAACAACCCACTTGGAGATGGACGACGGACTCGATCGTCTGATACGGGACCACCGCGAGCGTGGGAAGGAATCCCTTTTTGTTGGAGAGGAACGTCGAGAGTACGTTCACCCTGTGGCTCCGCCTGGAACCTTCCTCCAAGCGCTGGAGCGGTCCTTTACAGGCGCAAAGAAGGCAGCGGAGGATGCGAAGAGGTTTTGGAATCAGCCTATTCGAGATGTTCTTCGTCGCACCACGGGTCTGAGGCTGGTGGTCGGCGACTGGAACGCTCAAGTTCCTGTCAGGGTAGTGGATAACGTCATGCCCGAATTCCTCTGGGTCATTGGAGCGCTCAATGATGAGGCCGGGTGGGACGTAATCTTCGCGATGGACGCTCTTCTCGACGCCGCAAAGGGGCTCAAGCGGCTCGCAAGCCTTGCTCGAAAACACCCCGGCTTAGGCTTTACGGTGGGAGAGTGTGAAGCCGAAAGCGAGAGAATTCACAGCCTCCTCAGGGCCAGCGGCGCTTCGGCGCTCTTGCAGCGGTTCCGGAGCGTGCCCAGGGACATTCTCGGATGCTATTGGTACGACCCGTTAGACCCGAGAATCGACCTGTATTGGATGGCGATCGCCACCCTTGCGAAGGTCCTGAACGTTTCGGTCGAGTCGCTCACCGTCGTCGTGCTGGCTCATGAACTGGCTCACGCCTACTCTCAACTGGGTCGAGACATCGATAAGTGGGATTGGCCTGTGTTCTTCTTCCATAAAACATCGAAAGATGTGGTGGAAGGCATCGCCCAGTTC
CP129494.1_gap34	1569120	1569899	779	GCGAGTTCGCTCGCAAGCTGAAACGTAAAATTGACCTGATACGCATCGCCGTCGTGCAGGTAGTCCTTGATCCGCCGGAGAGACTCGAGGTACGCGGACCTTTCGATGCCCTCTCGCCACAAAACGGCCGGAAGGGGCGCGAAGCTGGCGGGAGACTCAGACTCATTTAGTTGATCGTAGATGGCGAACCACAAGAGCGGAAGCCCGGAAAGGGGGGAGTGCGACTCGATCGAGGGGTCGAACGCCGGGCCTGCTTCGTACGACAAGAATCCTACGGCGCACGCGCCTCGATGGGTGAGCCGCTCGATATCTCGCAGGGCAGAGGGCACTTCGCCCGGCTCGAAACACTCGATGAGGGCGCGGGGGGATTCCCCTTGCAGCCATCTTCCGCCTGCATCGTCATGAATTCGGAGGAGGGCGAACCCTGGGGATTTGAGGGGGCGGCGAATGGGCTGGAGCGGGTTCGAACGGATCAAGTCCGGATGAATTATCGCACAGGCTTCGGGGCCGCTGGGCTACCCGACAAGGAAGTCGGCGGTCTTGTGGGGGAGCGAGGCCGCGTTGCTGGCCAGTTCGACGAGTCGCGGGGCATAAGCAAACACCCGCTCCGCAAGAAACGCCGTATGCCCATCTCGGTCTTGGGCTCGGCCGACCACCGTCACATAAGGCGAACAGACGATCGCGTGCCCATATTTCCGGTACACCGCGTCGAAGCACGTCACGTTCAGTAGCCCGGTCTCGTCTTCCAGGTCAAAAAACACGACGCACTTGCCGCTTGG
CP129494.1_gap35	1669453	1673359	3906	TCAACAGGGCTGGCGGCTGGTCGGGCGCGCTCTCGCGTTCCGGATTCAAACCTCCCTGCTCGAAGGGCGGGGCGAGGAGGCCGTCCGCGACCTGTTGCTTGCCACAAGGTTCGGTTTCGACATCTGTTCGGGCTCGGCCACCGACGCTTCCTTGGGTCTAACCATCGTCGACGACGCGCGCCGGGCGTTCTTGCCCCACCTGCATCAACTCGGCGCGGAGCAACTGGAGCGGCTTTCTGCCGGACTCAAGGGCGAACTCGACCGGCGACGCTCGCTTTCGACGGCGATCCACAACGAACACCTCAACATGCGCGAGGCCATTCAATTCGTTCAGGATAGCTTCCGAAAGGGCGAAGCTAGACTCCTTTCGGAGAGGCTCGGACTCGACGTACAAGATGCCGTTCAATACCTCGACCAGCTTCGAGGCAAATCCGGGGAGGAACAGGTTGCGTACTTCAGCGGGTTTGGCAAGGAGGCGGACCTGATTCGCGAGTACGAGATGGATCGCGCCGACCTCAACGCAAGGCAACGAGACAGCCTGAAGCCGCTCTCTCTCCCCGAGCCCAGGCCCTGGTGGAGGCTGTCGAAGCACCTTTTCTTCACCTTCGACTCGCTCCTGGAGGCTCGCGATCGAACGGTCGCTCGAACCCGGCTTCTGGCCGTCGAGGCGAGCGTCCTTGCTTCCGTCAAGAACTCGGGCCAAGCCCCGAGGGACCTCAACTCGCTTGCCGAGTCTTTGGTGATCGACCCCTATACCGGGCAAAAGCTCCTTTATCGAGCGAGCGGCGCTACGTACCGACTGTATAGCGTGGGCGCGAATCTTGCCGACGATGGCGGAGACACCAACGAAGAACACGCTGAGCCCGACCTAACCCTCGAAGACTTCGGTCCATGAGCGGAACCCCCGAAGGACAAAGGTAACCTCACACTCTAACCGACATGATCGTTTTGATGCAGTTCGACGCGACGGCGGAGCAAGCAGAAGCCGTCGCTCAGGCGATTCGCGAGTTCAAGCTGGATGCACTGATCCTTCCGGGCGCGCAGACGGCGATCGGCATCCCCAGCGCCATCCCTCAGGAGTTGAGGGAGTCCCTCGCCTCCGCGCTGGGCAGCCTTCCAGGTGTCAGCAAGGTCACCCATGTCAGCCGCCCGTACAAGCTCGCATCGCTGGAGTGGCGAAAGGAACCTACCGTCTTTCAGGTCCGGGATGTGACCCTTGGCCGCGGCCACTTCGCCACGATCGGAGGACCGTGTTCGATCGAGTCGTACGAGCAACTCCTCGACGCGGCGCAGATCGTCAAGGACGCGGGCGCGGAGATTCTCCGGGGCGGCGCGTTCAAGCCCAGAACCTCTCCATATTCGTTTCAGGGCCTCGCCGAAGAGGGTCTGAAGATCATGAAGGCGGTCGGCGAGGAGACCGGGCTTCTGACGATCACCGAGGTGATGAGCGCCGAAATGGTCAGCGTGGTGGGAGAGCACGTAGATATCCTGCAAATTGGGGCGCGGTCCATGCAGAACTTCCCGCTGCTGATCGAAGCCGGTAGGAGCGGCAAGCCCGTCTTTTTGAAGAGGGCGCCGTCCGCGACGATCGACGAGTTTCTGTTGGCAGCGGAGTACATTCTCAATCAAGGCAACTCCCGGTTGATGCTCTGCGAACGAGGGATCGTCCCCTTGGACCGGGACTACACGCGGAACACGCTCGACCTGGCTTCCGTCCAAGTCCTTCACGATTTCAGCCACTTGCCGGTTTTCGTCGATCCTTCGCACGGCACGGGCGTCGCGAGGTACGTTTCAGCGATGGCGATTGCGGCCGTTTGCGCTGGCGCGGACGGTCTGATGGTCGAGATGCACCCCAACCCTAAGGCCGCCCTCAGCGATGGTTCGCAAGCCCTCACCCCGGCGTTGTTCCGCGAGTTGATGGACCACATCCGGCAAGTCCGGTCGATTCTGGAGAGCTGGGACGCCGCAGGATCGCTTTCTCCCTAACGCAATCGGGCCAGCCCAACGGCCAGCCCGATCGTAGCTTCGCCCTCGATCGAGGTCAGAGCTTGATGTCTACGATGCCGCTCACTCCCACGTGCTCGACGGCTCGGATGTCCTTCAAGACGTCCTTGCTGGAGACAGGAATGAGGGCCTTCATGCGGAGTTCGCGTCCCAAGAGTTGGGCTTCGGGTTGCGCTACGGCCACGACCTTATCGACTTGATGGGGCGGTCCCATAACTTGCGCCGCACCGACGGCGGTCGAGGAGTTGATTCCGACGGAAAGGATCGGCACCACTTTGGTCTTGACTTCCCAAGTGTCTTTCCGGCCCCACAGCTTGTTGATGCCTTCGTTCATCTGCTTGCCCATAGCGTTGACGATCGCCACGACACCTCCAAGCTTGAGGAGCTTGTCCAACTGCGGCGCGCCGATCGCGGCAAGCGCAAGAACAGCGGCCATCACGAACGAAATCTTTCTCAGCCCAAGTTTCTTCATTGATTCACCTCATACGAATCGGTCTTCATTGGACGCCCCGAAGCCTCAATGAGGTCGGGTCGTTAGGTCGAACAACCTAATCGTACCAAGTTTGGAAAGAAAAATCGGGACCCCGTGCGTTGGCACGGAGCCCCGATTGCGTTTCGGATACCGGAACTTAGAACCGGAAGCCGACTTGCGAGGTGAAGAGACCACCGGTCGCGCGCGTTGCGGACGAACCGAACGGCGTGAATCCAGAGACTCCCTTCGAGTCGTAGTCGCTCATCTCCCAGTTGAAGCCCCACCAGGCGTTCTCGCCCAGTCGGTACTTCGCACCGATCCAGTACCAGCGCTCTTCCGGCTTGCCGCCAGAGAAGCTGGTTCGGGAAGCAAGGTCCCAATCGACGAACTCGGCGCCCGCGTGGACGTTCCAGTTGTCGTTGAGCTTGTACATAACCTTGCCGGAGACGTGGCGCAACTCATCGCTCTCAGTCATTCCGCTCACACCGCCGAGGGTCGTGCCGGTACCTTCATAGATACCCACGCCGACCTTTGCGGCCAAGCGGTCGCTGAAGTCGAAGCTGACTCCACCGTTGAAGCCCTTGATGTTCGTCGGGTTCTGCCAGATGCCGATCCTGCCCCAGTCGCCCGGAGCATAGAACTGCGGCTCGATCTCGCGGTAGCCCGCGTAGAACGAAGCGTTCCCGGTGTTGAACCTAATGCCGGCCCACCAAGCGGTGTTGTCTTTGTCGACGACCGAAGAGTCGTTGTAGTTGAGGTTGGTCTGCGAGAAGCCGCCGCTGAGCGACAGGTTGTCGTTCAGGTCGAACATGGCCTCACCGCCGAACACGATCGCGCGGTTGATGGCCATCAGCGGCGAAGAGCTGAGGACCGTGGTCGCGTTCTGATCGAGGATCAGGTAGTTGAGGTTGATCTTCCCCCGCTCCATCAACGGAATGCCGACGCTCGCACCGAGGTGCTGGTCGACCATGATTCCGGTGTGGAAACCGTAACCCCGGGGGCGCTCGGTGATTCCGCTGGTCTCAGGGTCCCAAAGGTGACCATATTGACCGGCGAACATCGGGTTGAGTTCGACTCCATTGGTTGAGAGCCTGTTGCTTTGGCGTCCGCCAAAGATGTCGAGGTTCACGTTGCCAAAGTTGAAGTCGAAGTTCGCGCCGTCGAAGTACCACTTTCCGTCGTCCCAGTACTGCGACCAGTAGTACGGCGTGGTGTCCGGGCGGCGGAAGAAGTACCCGCCGAGCTTCTTGCCTTGTCGTCCAATCGTCGCGTTGAAGTCCTGACCCAGGAAGCTGGTGTTGAACTTCACGTTGAGCTCTTGGAAGTAGACGTCGGTCGATGGCTCGCCGTAGGGGATTCCCGAAGGAATCGCCGAAAGGTCGCCGAATGCGAACTCGCTGTTGAAAGCGGAGCTCAAGTAGGAGCTGCCT
CP129494.1_gap36	1735430	1736955	1525	CCGTTGGAACGTCGGCTCGCCGTTGATCAGAATCGCCGCCCCCCGAATCGTGACCTCCCTCATACCCGCATAGGAGTCGATTCGGTCCAGTTCGCGGTCCCCTTCCCAAAGCGTGAGCCGAAGTCGATAGAGATGGGGGCTGGCTGGGGACCAAAGCTTTGGGTCCGCAAGGGGAAGCTCGAGTCGGGGATGCCGCCAATCCCCCGCCGAATCCGCTTGCGCGACCCTTCGATCTCCCTCGAAGACCTCCGCCCGAAGCCGTTGGTTCGCAGAACCGCGCTTGATTTCGGCTCTTAGCTCGAACCGGCTCTTCTGGAGGTTCGGAGTGACGACGAAGTCCTCGATGTACGACTCGCCCACGCCTTCGATCCAGACCGTCTGCCAGATTCCCGTAGTTCGCGTGTAGAAAATGCCGTGGCTTTCCGGTCGGGAAGACTGTTTGCCCAGAGCCTGCAGCCCGCTCCGAGGGTCGTCAAACGCATGGACGACGACCTCGTTTTCGCCTTCCCGCAGACGTTCCGTAATGTCGAACGAGAACGGCGCGCTGCCGCCCACATGCGATCCAACGCGGACGCCGTTGACCCAGAGGGCCGTCCTCCAATCCACAGCCCCAAAATGGAGGATCACCCTGTCGGATTTCCAATTCGACGGAACTCGAAACTTTCTCCGATACCCCACGTTTCGCACGAACTCCTTTCGACTCAGGCCCGAAAGCGGGCTTTCCCTACAAAACGGGACGACGATGCGGTCGGGGAAGTCGACTCCCGGCTGGAATAGGGCCTGATCGTCGTCGGTCTCGGCGAACTCCCAAACGCCGTTGAGGCTGAGCCACTCCGATCGGACTCGGTCGGGCCGTGGGTGCTCGGGCCGGGGGATTTCAGAAGCGTTCATGGTGGAAGGAATGAGGCAGGCGATCATCAGAGCAATGGGAATCACAGTCTTCTCCGCGTGTCGCGCCTATTCTGGCGCATCGCCAACACGGCGAGGTCGCCCGCGCGTCCATCGGTTCGGAGGAAGAAATGTCGCCTGTAGTTGAAGAAAGGCGAGGTCACGATTGTCGTCTCCGGGGTGGGAGACTCCACGGGAAGCTACGAGCTTCGCTGGGTGGATTTGGAAGGGTAGATCACCGAACCAGCGCTGCGGGTGCGGCAAGAATAGGGCGGCTCGGCCCTCCGGTCCGAGTCAGCTTACGCCTACGGCAACTACCCGAACGCCAGCACAGCAAACACGAGTGCGACGAGAGCGCTTAGGCTCGCCAGCTTGCCGAAGTTCTCGATGTTCTTGGCTGCGCCAGTGTCGCCGCGCTTGATTCGTCGCCCCAGGTGGGCGATGATCCCCACCGCCAAGGTCAATACGATCACCGCGCCGAGCTTGACCTTGAACAGGGCCGGGAGCATTTCCCACCCGTTCCAACGGGTGTAGATGAGCGTGATTCCCGTCGCCCAAAGCAACGCAAGACCCACTTCGCCAATGCGGGACATGATCGGGGGAATGGGCCGAAGGACGGGCTGCATTTCGGGAGCGG
CP129494.1_gap37	1748945	1753375	4430	GACGGCGTGCGGTGGGGCCGATCGAGCTTCGATTGTACTCGCCTTAGCCTCAAGTCAGTAAGCCTTCCCATCGTCTCGATTGTGCCGCGCGCGCTTTAACCGAGCGTTAAGGAACCTGCCCTCAAACTCAATGCGGCCTGCGGCACTTTTCGCTTCCGGCTCGTCCTTTCGGGTGACGATCACAGGAAGTGGTCTATGGCAGAACTTTCGGGCAAACTTTGGGAATGGAATCTCGCCCGCGTAGTCGTGGTCGACGTGACCGACGACTACCGACTGATGCTGGGGCCCATGCCTTCCGAGTTCTATCCGGTCCTCCGGGAAGTCTGGTTGCCAAGGTATCGCCTGCAAGAGGTCCTGCAATCCGATGACCTCGTCACGGGCTACCTCTACGACTGGCACGAAGGCCCGGCGCAAGGCAGCGGAAGCTGGTACGTCGGGGTTGTCAGCGAGATTCTTGCGCGCGATGCGAGATGGTACTGGGCCGCCGGAACCGAAATCGCATAGGCTGCGCGCGTCCTTGTGTTAGAATCCGCCGTGCCTCAAGCGCATGAACCCGCAGGGCCCGAAGGCCGGTTGCTCCAGAAGGTAGCCCGCGCCCTCCAACTCGACGGCCACGACCTCCGCTCCCTCGCCGCCGCAGACCTGTCCGGATGCGATCAGCTCCACGTGGGCGGGCGACGAGCGACCCTCGACCTCCTGCGACGCGCGCCGCTCTCGGCAGGGAGCTTGATCCTCGATGTGGGATGCGGCCTGGGGGGTCCCTCGCGCTCGCTTGCCGAGGCCGGCCACCGAGTCCTGGGAGTCGATGTCTCACCCGAATTCTGCGCGGCGGCCCGGGTTCTTACGGGATGGGTCGGCCTGAGCCCAAGGGCGGCCTTTGTCGTGGGCCGCGCCGAAAGGCTTCCGGTGAGGCCGAATGTGTTCGATGGCGTGTGGCTGCAACACGTCAACATGAAGGTTCAAGACACCCTCGGAATGCTTGGCGAAGCGGCGCGGGTGCTGAAAGCCGGGGGCCGCCTGGTGATCCATGAGGTCTTCGCGGGGGAATCGCCCGCGCTGTATCCGACGCCTTGGGCTTCAGAAGCGAGCGGTAGCCACTTGGCGCCTGCGGGCCGATTCGTAGCGCTCCTCGCTGCAGCGGGCTTCGATCTCGAGCAATGGCAAGACCTCCAGGCGGAGTCGGAGGGGTGGGCGCGCAAGGTGGAGGAAACGCTCGCTGCAGGGGCCCAGCCCCATCTCGGCCCCAGCGTCGTTCTTGGTGAGCGTACGGAAGAGATGCTGAGTAACCTCGTGAAGAACGTGCGGGAGAGGCGGGTTCAGGTTTTTGCCGGATGTGCCCTGAAGCCCGCCTAAAAAAGGCAGAGCGCCGGCCTCAGGGGAGGAGGCACGGCGCCCGTTACCGGGTTCGAGTGCGGATTACGCTCCGTCACCGGGAGGGATCGGAGGAGGGCCGCCAGGACCGCCTGGGCCACCCCGTCCTCCGGGGCCGCCCGGTCCCATGCGCTGGAACTCGAACTTCTTGCCCAGCAACTGCTGCCACCGGGTTCGCTGCTCGGGAGTGAGGATCTCCATGACCCGCTTCTCCTGCTCTTCGCGCATCTTGTCCATGTCCGGGGGACCGCCTGGAGGACCTCCGGTGGGAGGACCTTGCCGCGGAGGGCCGCCCTGGAATCCCTGTCGGCCGGGCCGAAGCGCTTCATGCACCTTCTGGAGCTGCTCGTCGCTCAATCCGAGTTTGTCGGCGACGGGCTTGCGTCCGATCGCCATGACTCCCTCGAGTTGGAGCCGGAGTTCCAGGTACCGCTTGTACTGGCCCTCGTTGAGGATCGCCTTGATCTTGACGTCCATCTCGGCTTCCCGCTTCTCCATCTGCTCCGGGTTCATGGGACCGCCTTGACCCGGACCGAAGCCACCGCGCCCCGGAGGAGGACCTTGCTGGCCGCCCTGACCCGGGCCGAAGCCACCGCGCCCCGGAGGAGGACCTTGCTGGCCGCCCTGACCCGGGCCGAAGCCGCCAGGACCACCAGGGCCACCAGGACCGCCCGGACCCATCGGCATGCGGAGCGCCTCGGCGAGCTTGGCGCGCTGCTCCTCGGTCAGTTTCAGTTCCTTAGCCACGTCGTCGCGCAAGAGGATCGCAGGTCCACCCATGGGCATCATGGGGCCGCCGCGCATCGGGCCGGGGCCGAATCCTCCCTGAGGAGGTCCTTGCCGATTCCCGAATCCCGGTCCCTGTCCCGGAGGGGGGCCTTGGCCTGGGCCCGCGCCTTGAGCGGCGGCAAAGCCCACCAGCATCGCGCTTGCAGCGACGATCAGTGTTCGATAGGCGATTGTTTTCATCGTCTTCACCATCCTTGCCGCTAAGATACGACCTTGTCCTGAGAAAATCCTGAGCGGCCTTTATCTCCGCCGAAAGTCCCACCTCGAAGTACGGCCCGCGCTGCTAGCCCCGGATGCCCCAGACAGGCGGCTGACCGTGCCGTTTGTCCGGGAGGAATGGGAGACCCCCTGCCCGGAGTACGGTAAGGGACGTGCCGGCACGAAGAAGCCCGGGTGACCTCAACCGGGCCATTTGGTCGACCCAGATGAATTCTCGCCTTCAGCCCATCCCTGACAAACGGCACAATCCCTCCGCCTGTCAGCGCCACCCGGCGCCTTCCAACCCAAAGCCATGCACGTCTTCGTGCTCATGTCACTCATTCGAAGAGCGGGTTCTCAAACCACCGCCGATTTGGCTAAGCAGTTCTTCGCTAAGCTTCACTCCGCTCACATAACCTCCCCACACTTGACCCGTGTCAGCGCGGATGCTGACGTGGTCCACGAAGCCGAACCCTAGGTATGGGCCAAATCGAACGCGATAGACCAAGCGTGCTTGATACGGCGCGCGCTGAAAACCTGATGGGGAGCCATTCCAACCATTCGGAACCGCATAACCCAGGCCAGCTACATCCGCCTCCTCCTTGGTGGCTCTCAAAGGTCGTCCCTTGTCCGAACAGTAGGAGCTGTACGCACGCCAAGCAAGGTCTTTCGCCTGAGCCTCTGTAACCCGAATCTCCGTAGGTGTTACTTCGTATTCACGATCCTGTTCGATCTCGACGATGCGGCCCGTCTCCGAATCCAAACCGATGGTGAGGAGGGGACCTCTTGAATGGAACTCATAGGCACCCAGGTCCGGCTTGAAGCTAGCGAAGTAGTTGCCCCATTGAGTTCGACCGGGGCCATCAGGGTTGAACTTATATCGCATTTTCGCGTTCGGCCATACCCCGAGCTTGTTCGCAATCGAGCGTAGTTCCATCTTGGCGTCTTCGTCCGACGCGAAATGCCGATGTCCCGTGCGATGAGAGTCCGGCTTTACGTCATGGGAACCATCGACTAAGTACAGTCGAACCAAGTCTCCAGTTCGGGAATCGAGAAGAAGACAATAACCGCTGGCTACAAAGACCCATTGCCGCCTCTCTCCTCGGTACGTCATCATGAACTTGGGGCGCCACTCTGTAAACCCGAGGCTCAGGTCCCTTGCAAGCTGGTTAGCTTTCTGCTGGATGCGCTCGAACGGAAGGTCGCCGGGTTGGGGGGGCGCTTCCTCGCCTTGCGCTCCGCTTACGGTAACTCCGAACACAAGAAGAATCGGGAACAAAACGCCTTCAATCATAAATTAACCATTGATATAGACCTTGACATCGCGCATCACGCCGGTCCTCACCCAGAACCTCTCAGAATCGCCCCTCCCCATATCCGACCGGACTCCGCGCACACATTTACGGAATCGGAAACCCCAATCCCGGGCACGACTTCCTTCAGAGGGCCAAACTCGACGCGGTACACCAGACGAAACCGAATGGGCCAAGCCTTGTAAGTGTCTGGAGATCCGGCGAACCCATTAGAAGCCGCAAAATGGATTTTCACCCGTGCCTCGGAGGGGTCGCCTCTCGGCTCGATTCCGACGGCAGAACACTCCCGGACGTAGACAGCCCATGCCCTATCTATTGCCTGCGATTCTGAAAGAACCACGCGGTCGCTTTCGACCTCGAATTCCTTGTCATATTCGACCTCATAAAGCGTCCCGTCCTGCGTATCGAAATTCAAAATGAGCATCGGTTGCAAATAAGAAAACTGAAAACCTTTGTACAATGGCCTAAAGATAACGCGATACTTTCCAAATACGTCATTGAGGTCCTGTGGAAGGGAACTGTTGATTCTCTCCTCCGTGAGCTTGCAAGATGAAAGGAACGTATCTGGCCAAATTCCCAGACTGCGCGCGACTTGCCAAGCCTTCTCTCGTACGGCCCCCTCATCAGCAAAGTACACTTGGCCAGTCCTTGCCCATCGCTTGCGAATTGTCGCCAAGTGTCTATTGTCCCTATAGTGTACTATTTGGCCAGCGGGAGACGAGACCTGAACGTTCATACCGGGGCTGCTGAAGTCCCATA
CP129494.1_gap38	1822884	1826844	3960	TTTGCACCGAGTTTTGAAACACCAGGACGTCGTTCGTCAGGACGCTTTGGATGCTCCCTGACCGCTTGGCGTGGAAGTAGCTGAGAGGGAGGCGCTGAAGCTTCTCGAAAATGCGCTTGCGGAGGTTGGCCGAAAGGTCAGAAGCAGCGTGCGTGAGGAAGTAGGCCTGGCCCCGCGTGAACCAGTACTTGGTGAGAAACAGGGCGACGATCAGAAGGCAAAGAACGCCGAGCCGTTCGAGGGCCGACTTGCGCGCAGGAAGGCTGAAGTCCGTTTGGGAGTCTGCGGCCCGACGCACCGCTTCTTCGACTCGAGCCTTCTCCACCCCCAATTCGCGAGCCATCGCTTCGGCTTGCTGATCGGTGAGCTTGGGCTGGGAGCCGAGACCGGGCAGGGGCGTCGAACCCAACTCCCGAGAGGCGGACGCGGGCGTGGTGTCTACAATGGCGGCGATGCTCTGCTGCACGAGCGGGATCATCGCCGAGGTCAGCAGCGAGGTTGCGAGCACGCACAGAAGCCCCCACGTAATCGGCTTCTTCTGCGCTTTGAGTTCACCAGTAACTCGGGGATCGAGCTTCCGAAAGAGTCCAGGCACCTAGAACTCCGCGCTCCCTGGCGTTCGGGCGAAGGGGATCACGTCGCGGATGTTCTTCATTCCCGTGACGTACATGAGCATTCGTTCGAGACCCAAGCCAAAGCCCGAATGAACCGCGCTGCCGTACCTGCGAAGATCGAGGTACCAGCCGTAAGCCTCTTCGGGCAATCCGGCCTCTCGAATCCGGCGCAAAAGCACGTCGTACCGCTCCTCGCGCTGCGATCCGCCGATGATCTCGCCGATGCGAGGCGCCAACACATCCATGGCGGCAACCGTTTTGTCGTCGTCGTTCAGCCGCATATAGAAAGCCTTGATCTCCTTCGGATAGTCGTAAACGATCACGGGCCGTCCCACCTTCGTTTCGGTGAGCCACCTTTCGTGCTCGCTTTGCAGGTCGCAGCCCCAACCCACAGGAAACTCGAACGGCTCCCCGCTCGATTCGAGCATCGTCATTGCCTCGCCGTAGGAAAGCCTCTCAAACGAGGAATTCGCCACCTGATCGAGCGTCGAGACAAGGTTGGGCTCGATCCGGAGGTTGAAAAACTCGACGTCCGCCGCACAACGATCGAGAACGTGCTGGACGATCGCCTTGAGGAATTCCTCCGCGAGGTTCATGTTGCCCTCAAGGCTGCAGAACGCCATCTCCGGCTCGATCATCCAGAACTCGGCAAGGTGGCGCGGCGTGTTGCTGTTCTCGGCTCGAAAGGTCGGGCCGAACGTATACACGTTGGTGAGCCCCAAGGCGAGCGCTTCAGCCTGGAGCTGCCCGCTCACCGTTAGAAACGCAGGTTTGCCGAAGAAGTCGTCACTCGCGGAGGCGCTCTTCAGGCGATAAGATGCGCCTTCGCCTTCGCCGTCGATGTCGAGTTGGCTCGTCACCGAAAACAGCGCGCCCGCGCCCTCGGCGTCGCTGGCGCTGATCAAGGGCGTGTGGATGTAAGCGAACCCCCGCTCGTGGAAGAAGCTGTGGATGGCGAGCGAAACCTCAGACCGGACGCGAAACACCGCCCCAAAGGTGTTTCCTCGAACCCTCAGATGACCGATCTCTCTCAGAAACTCGAACGACGCGCCCTTCTTTTGCAGCGGATAGGTCGTGGGGTCGGAGGGCCCCAAAACCGTACAGGTCTCCGCGCGGAGTTCGATCGGTTGTCCTGCGGCGGGGGATGCGACGATCTCGCCCTCGAAGCACACCGACGCCCCCGTCGTCACCAGCTTAAGAACCGAATCGTCGATCGAGTTCTCGGGAATGACCACCTGGAGGTCCCGCATCGACGAGCCGTCGCTCAACTGAACGAAGCTAACGCCCTTGCTGTCGCGACGCGTCTTGACCCACCCATAGGCAGCCGCCCTCGAACCGGGCTGTGCCGAGAGGAGGTCACGGATGTACTCGCGCCGATAGTCCATCGAGCGGGGAGTTTACCGGGTGGTTCGGCGGAGGTTCCGACCTTATTCCGATTGGGGCTCGGACTTGGCGGGGGCCTTCCTTGCCGGAGCCTTCTTCGCGGCAGGCTTTTTTGGCGCTTTGGCTGCCGGTTTTTCTGCGGCTTCGGTTTCTGGCTTCTTGGACTTGGCAGGCTTCGCGGCCGACTTCTTGGCGGCGGGCTTTTTGGCAGCAGGCTCAGGCGCCTTGGCTAGCGTAGCCCCCTTGAGCTCGTTGATCAGTTCCTTGACCCGTTTTTCCTTTCTGTGGCGACGCTGGCGGATCTCTTTGTTTCGAATGCGCATAAACCGGTGATTCCTTTGGGTTGGGGCCCGGCCCCTGATTGGCAGGACGTAGGATACCTCAGCCTTGGCTCGGAGCCGGGTCTTCGGTGGAAAGATCTGGCTTCGCGCCCTTACGCCGACCCCAGACCGCATAGAGCCCGATTCCCAGAATCGCCATCACCGCGGCGGCGATGTGAGCCTCGGTGAGGGGGAGGTTCGCGATCGTCGTCGAGGTGACGCCCGCCCGGAAGAACTCGTACGCGAACCGGGCCACCCCGTAGACGACGAGCATCGCGGCGAACGACTGGCCCAGGGCCAGCCCTTTCTTCTCGATCCGATGCAGAATCCACGCCCCTGCGACGAGCATCAAGGAGTCGTAGATTTGAGCCGGGTGGTGCAACTCGCTGTACCCTTCCACATGGATTCCCCAGGGCAGATCGCAGACGCCGCCGTAGCAGCACCCGTTCAGGAGACACCCGACGCGGCCGATGGCGTGGCCGATCAGGACGGGCACCGCCGCCGTATCGAGGAGCGCGAGCAGCGGCTTCTTGGCTCGCCAAGCAAAGCCCCAAGCGGCGAAGAAGCCGAAAATCAAGCCCCCAAAGCTCGTAAGCCCGCGAAACTGAAGGGTCCAAAGTTCTTGGGGGTTCTGTCGGTAGTACTCCAACGATTGCAGAATGAAGACGACGCGAGCGCCGATGATGCCCAGGAGCAAGATGGCGAAGCTCGCATCGGTGATTTGCTGCGGGGTGAGCCCGTACCGCTTCGCACGCCTTCGCGCGAGATAAACCCCGACAAGGAAGGCGATCAGGATCGCAAAGCCGTAGCTGTAGACCTTGAATTCGCCGATTTGGAAGAGGATGGGGTGCATACGCGCTCGATCCTGCCGGGGCGGAGTGTACCTTCGCGCACGTCCGTCGCCCGGGAGGGGTCCTACAGAACGGCCTGGTGCGAAAGCGCCTGGTCAGCTCGCTCGGCGGCCTTCTTCGCAGCAAGGTCGTCCCCGGCCGCTTGGTGCAGTTCGATCACCTTCTGCCAGGCCTTTCGCACGTGAATGACCTTCGCGCCCACAAAGGCTTGACCAGAAGGGGAATCCACATCGACGACGACCTGCAAGTGCTGGCCGATCGCCTCCTCGACGAGCTGAGCGAGCTCCCGATCCACGCTCTTGCCTTCGAGGGGCGGAACGATCTCGTAAAGCACGCTCATCAGGATAGGCGCCTTGTCTTTGGGGGCGACCTCAAAAGTGCCGCGCGCCAGTTCGATCGCCTCCTTGGCCTTGCCCGTATGGGCGAGGCACTGAGCCAGCCGAAGGCTGTCGTTGACGATCCGGTCCACGTCGTTTTCCCGCCGCGCCCATTCGAGCGCAGTTTCATAGATCGGAATGGCACGGTCCCACATCCGCGCCGTTCGAAACGCGTCGGCATAACGCCAAGCCTGCTCGGGCTTGATCCGGGCGACATCGACCGATTGCGTGAGCTTTTCTGCGTAGTGCGTCAGGTACTCATTCCGCTCTTGATCGGTGAGTTCTCCCCGAAGCACTCGCTCCTGAAGCGCGTTCGCCGCCCGTGCAAGGTTCCGCTGGATCACCTCGGGCTGCAACTCGCCGACCGCCTCGGGGTCGTTCGGGTCAGGGGGCGATCCCAAGCTGCAACCGCCAG
CP129494.1_gap39	1832609	1833473	864	AAGACCCCAACTTGCTTCAGTACTTCGCCATAGGGGTCCCGATCGTGTACGAGGACGTGTTGCCGGGGTCCAAGCGGATTCGCTTCGAAATCGACCTGAGTCAGATCATTCCCGCCGCGATGTTGGATCAGTACGAGTCTATCCAAGTGAACTTCCTCACAATGGACGTCGTTCCGCAAGGGGCGACGGGCTCGAAGCAATGGGACGCGCTTGGCGACTCGCTCGTGCCCTCCGGGATCAACCAATACGTGACGCTGTCGTTGCGGACTAGCGGTATATATAACAATCAGACGTTTTTTGATTTAGAACCCCAGTACGACACCACCCTCCCCGACCTCGACATCGTCGATTGGTCTGTAGAAGTTCGGCTGCAATAAATGCCCAAAGTCAGCGTACTGCTCACCTGCTACAACCACCTCGAGTTCCTCGGGCAATGTGTCGATTCGATCCGCGGTCAAACGTTGGGCGACTTCGAGGTGATCGCCATCGACGACGGCTCGTCGGACGGCACGAGGGAGTGGCTTTTGTCCCAGCCCGACCTAAAGATACTCTTCAACGAATCGAACCTGGGAACCTACGCCAGCCTCAATCGGGGGCTTGCCGAGTGCGCCGGAGAATACGTCGCGATCCTTAACGACGACGACCTTTGGGCGCCGGAGAAGCTCCGAGCGCAAGTCGAACTCATGGAGCGCGATCCTTCGATCGGCCTCTGCCACACCGACGGCTGGTTCATCGACGGCCAGGGCAACCGTTTGGAAGGCTCGCCTCTCGGTTTTGAGTTCCCGAGGACGCTCAAAGGGAACGTTCTGACCGCCCTGCTCTACGCCAACAAGATCATCGCCAGCGCGGCCCTAGTTCGGCGAG
CP129494.1_gap40	1883167	1884313	1146	AGTCCGGCTGCCCGGGAGTTCCTTGGCCGTCTGTCGGAGCTTGCGCCGGCCTACTACGAAATTGTCGAGGAAGAACCGACCGCCTCCGCTAGAACTGAGACTGAGGCTGTACCCGATCCTGCTAGCGAACCAAGTCCCGAAAGTGACCACGGCCCGAGTCCGAAAGCCAGTCGGCTGGAGGATTGGCTATGACACGGATCACTCGCCGCGACATCACTGTCCTCCGGGACCTTGCGCTCAGCCACGTCCTTTCACGCGATCAGTTGATTGAGCTCTCTCACTTCGGCTCGATCACTCGTGCCAACACTAGGATGCGAGAGCTTATTGGCCTTGGCTTTGCGAGGCGTCTTGAGAGCCCATTCTTCGGCCAAAGCCTCTTCATGGTCACGAAGCAAGCGGCCGAAGTAGTCGGTGAGCGGATTGCCGGCCTCATTGAGAATCGAGCGTCTTCGCCGCGCTTCGTGCAACACGCGCTGTCAGTCACCAATGTCCGGATCGCCCTTCAGCGGAAGTCGAGCGCAGCTTGGAGATTCGAGCAACAGCTCTGGCGAAAGATCCAGGGCTCCAGGGGGCTCGAACTTCGACCAGACGGACTGCTCATAGCAAGCTTGCCCATTTTTGTCGAGGTCGACATGGGGCACGCTTCCGCGCCTCGCTTTAAAGAAAGGCTGACAGGCTATCAGGCTCTTGCCCGTTCTGGCCATTGCCAGTCGCTGTACGGATTTAGTCAGTTTCGCGTCCTGGTGGTCACAACCGGCCCCTTGCGCTCTCGTCACCTTCGTCGCCTTCAGCCTTCCGGCGCAGAGTTTGAACTCCTCGTTCAAACCTTCGACGAGGTTGGTGCGACCCCGATCACACCTTGGAGTTAAACAACATGCTTCCCCAAAGAACCGACCAACAACCTCTCGTCACCGTCCCGAACTCGCTCCGCCAACAGCTTGAGCGAGCCCAGAACCTCCTCGATCAGAGCGAGGAAGCCGAGTCCTACGGCGACCGTTCGCTAGCAGTCGTCAAGGCAAGAGAAGCGACGCGGGTCGTCGAGCGGATCGCCCAACAGTGCCCCGATATCGGGGCACTCATCGTCCTCGCCGACATGGGCTACCGTGGATTCGAGGTTGAGACGATGGAAACCGTTGACCGTCATCA
CP129494.1_gap41	1999310	2002226	2916	CGCGCCGGGAATCTGCGGAGCCCGCACCTCCGGCCCGCCCAGCAACGCTACGGCAAACCCACGGGCGATCAAACCTTGCGCCACCTCGGCCCATTTCTCCGCCGGATACGCCTTGTTCGAGTGACCTGCGCCGACGCTGAGACTTGCCAACGGAGTTTCGGCGGGCCAATCCTGGCGAAGCCGATCTCGAATGTCTCGGTATTCGGGGAGGATCGGGGCCGCGTCTCCCGGGAAGTCGCCCAGTTCGCCGAGGGCAGCGAGATTCCTCTCCACGATATGCAGGGAGGGGTCGTAACCCTTCATCGAAGGTACCAGCATCCGCGATAGGGCGTCTTTACCGCCTACGGAGAGCGTTCTTCTGGGTCTTGCGAAGGCGAGGCAGAGCGCGGTCTTGGGGTAGCCCTGCAGGTCCAATCCGAGATCGAACTTGTGCTTTCGCAACGACAACCAGAACCTGAGTTTCGGTCCCCAAGAGCGGGGACCCTGCCTCCTCCACTTGGTTCGCTCGTCGACGGCAACGACGTCGATCAGTCTTTCGGAGTCCACGACGTCGGCGCACCGATCTTCGATCGCCCACACAAGGAACGAATCCCGGTGGCTGCGCCGAATTCGGGACGGCACGGGCGCGGCCATCACGCAATCGCCGATCGCGGAATACCGGGCAATGAGAACTCGCGGCGCGCTCATAGGAGTCCCGCTTGCCTTGCCGAGCGCCATCGGTCGTGGAACCATAGGTACTGATCTGGGTACTTGCGAACTGCGGCTTCGACGGCCTGATTGTAGGCCGTCATCAGACCTTCGGATTCCTTTTCCCAATCCCCGCAAGGCTGCAAGGGCGGCTGAAACCAGACGCTATGCCTGCCGTTCGGATCCTTGGCGCTGAACGCGGGCACCATCGGCGATCCGGTTCTGAGGCTGAGGACAGCAGGACCAATTACGGTCCCGGTAGGGTGGCCGAAGAACGGCAAGAAGGACTCGCTCGAGTTTTGATCCGCGAGCACGACCACGACTTTTCCAGCTCGGAGGGCCCGCAACATCGACGCCGCTGCGTTGCCCCTCGAAAAGACCTCGACGCCCTGCGATTCGCGCCGCTTCTGAATCTCCCGCTCAAGCGAGGGTTCGTCGATCCTCCGCGTGACCGCCGAGCAAGGGATGCCCAACGTGGAGAGGACGTAGGGCAACAGCTCCCACTCGCCGAAGTGAGCCGTCATCAAGAGCACCCCATCTCCCTTCTCGTAGGCCGCCACGATGTGTTCCGTGCCGGCGAGGTCGATCTCCGCGGACGCCGCGCGGTCCAGGTCCATGTCGCCGACGGCAAACCGGAGCGAAATCGTTCCGAAGTGCTCGAACACCCGAACCGCCATCCTTTCGACTCGGGCGGAGTCGAGTTCGGGGAACGCGAGTTCGAGGTTGGCCCTGCACCGCACTCGGTACTTCCTGGAAACGGCGCGGAATGCCCGCCCCATCCACGCGCCGAGCTTCGCCTTCGTTCGTTGGCTGCGGCCCTTCAGTAGCGCACGCAGCCCTCGAAAGAGCGCGGCCCCTACCTTCCCGGCCAAACGACGCCTAAACGCCTGACGCAAGGGCAGACCGGAGCCACTCGGCGAACGAACCTGCTGGCTCGATGGCGACGGATTGCTGCGCGACCCAGAACTGGTGCTTTTGGACATCGGGCCTTGACTTGAGTTTCACCCAGTCCTTGGCGGTGACGACAATCGCCAATCCTGGGTCGAACGACCGCAAGAGGTTACCTCCGTCCAAGGGGTCATGGTCGGGCAGCAACCGCTTCTGGGCGATCTCAATCCCGGCGGCCTCGAGTGCCGCGACGAACCTCTCAGGGGAACCGATCGCGCACAGCACGGCGACCCTCTGGCCGCTTTTCGGCGTGAGGGGAGTCCCTGTCGAACCCATTACGTACCGAAGGGGCTCCTTGGAGACCCGGAACTTTCCCGGCAGGACCAAGTCCGCGCGTTTCAGTCCGCTGCGGGGCTCGCGGAAGGGGCCTGCGGGCAGGCACCTTGAGTTCTTTCCGGCAGGGTCGTGCAAGACCAGATACTTGCTCGCTTGCAGTCGGAGGTGCTGAAACCCATCGTCGAGGACCAGCACGGCATCGGGGAACTCTCGCTCGGCGATCTGGGCGGCCTGCACCCTGTCCCGTCCCACGATAAGGGGCGTTTCCGAGAGCAGGTCTCGCAGGAGAGCGGCTTCATCTCCCCACTGCCCCGCAGAAAGGGGACCCTCCGGCGCAAGCGATGCCCCCGATTCAGACGCGCCGCGATACCCCGAACAAGACACCACCACAGTCGCCCCGAGCCGCCGAAGAGCATTCACTAAGTGGATCGTCACTGGGGTCTTGCCGCTGCCGCCGACGGTGAGGTTGCCTACACACAGGCTCACTACGGAAGGGCGGTAGGCCCGCTTCAGCCCCAAGGCATACATCGCCTCATACGACTTCCAGCCCGCGGCGTAAAGCCACGAGAAAGGGGTCAGCAGGGCCCGCAAGGCACGGGCTGCGAGGCCGGAACCGTACCAAACGTCCTGCGCCCGCATGGGGCCATTATGGCAGGGTGTCGAAGTACACTTTGGGAGTGCCGAAGGCAGCGTTTACCACCTTGGGCTGCAAGGTCAATCAGTGCGAAACCCAGCGCATTCTCGAAAGCTTTGCCGGAGCCGGATTCGAGATTGTGCCGTTCGATGCTGTCGCGGACGTTTACGTGATCAACTCGTGCAGCGTAACTTCCGTTGCCGAGGGCAAGAGCCGCTACACGATCCGAAGGGCCGCCCGGACGAACCCGCTGGCCAAGGTCGTCGTGACCGGATGCGCCGCGCAAATGGCTTTGAACAAGAACGAGGCGATCGAGGGCGCGCACGTCGTAGTTCCGAACCCTGAAAAGCTCGACGCGCTCAAATACCTCT
CP129494.1_gap42	2003268	2005401	2133	AGCCAAATGCCCACGCTGTTTACGCGGATTTTGCAGGGGGAGATCCCGGCGAGGATCGTCTACCAGGACGAGCACTGCTTTGCGTTCGAGGACATCAACCCTCAAGCGCCCGTTCACGTCTTGATCGTGCCGCGCGAGGAGATCGCGGGCGTTGCCGAGGCGCCCGATTCAGGCGATCATCAGTTCCTCCTGAACGCGGCAAGGAAGATCGCCGAGCAGATGGGATTGGACTCTGGATTTCGGCTTGTGATCAACCAAGGCATGGACGCAGGGCAAACGGTCGATCACCTGCACGTCCACCTGTTGGCGGGTAGGCCGTTTTCGTGGCCTCCAGGCTAAGGACTTGGCCGCCTGATGCACCCAGATTTTCTCCCGACCGGAAAACCCGTCGTAGGCCGACGCCGGGGGTACGGAGAACTCCCGCTCGACAAGAGGCTGGGGGTGGGGATTCTCGGACTCCACGAAGGACACACGCTGCTCGTCGCCTTGCGCGCTTCCGGGCTTTGCCGGGCGGTCGCAGGGTGTGACCTTGCCGAAGAGAAGCGCGCGGCGGCACGACTCGCCTGCCCAGACCTGCACGTCTACGAGCGCTACGAGGACATGCTCGCCGACCCTGAGGTCAGGATCGTCGCCCTTTACACCCCCGATCCGATGCACGCGGACCACATCGCCCAGGCCTTCATCGCAGGCAAGCACGTGATTTGCACCAAACCGCTCCTCACGTCGCTCGAACGGGCCGATGAGTTGCTGGCGCTAGCCCAGGATTCGGGGGTTCGGCTGCAAGTCGGGCAGTCCACGAGGTTCTTTGAGCCGTTCCAGCGCCAACGAGAACTGTTCGAATCCGGGGCGATGGGCGAGGTCGAGGTCCTAGACGCCCACTACGTCCACCGGATGGACTGGTGGTACGAAAAGAGCCCCTGGACGCAAGGCTCGACGCACTGGGCCTTTCTCGGACTGAGCCACCCCATCGATTTGGCAAGGTGGTACTTGGGGGAGATCGATGAGGTTCATGCGCTCGGCTCCATATCGAGGTTGGCTCGGACCTACGGGATGCCCTCGCCGGATATTCTGTGCGTCAACCTTCGCGCCGCCGACGGCCGTGTCGCGCGGGTGTTCGGGCATTACGGAGTTTCGGAGCACCCCCAAGGGCGGTCGCTGATCGAGTGCTGGCTGATGGGCTCAGAAGGGTCGTCGGTGGCGAGGTATCCGGACTTGAGGCTCACCTACGCCCTCGAAAGGGATGGAATCGAGCACGAGGAGAACTACGAACACGCGATGTCCGGCTACTACTTCCGGCACGAACTGAAGGGGATGCACTACGGCGAGTTCTGCAACTACGCGGACTATTTCGCCTCTAAGCTCCTGTCCGGCGAACCCAACAGCCCCGACCTCGCAGAAGGGATCGGCACGGTCGCGGTTCTCGTGGCTGTCGTGCGATCGCTCGAATCGGGCCAGCCGGTCCGAGTCGGCTAAGGACGAAGCCCCCAAAACCCTCTCAGCTAGCGAACTGAAACACCTTCGCGTCGAACTTCTGATTGAAGTTCCATCCGGCGGACCAGTGGAGCCGGTACGGGCTCCCTTTGGCGTCCTTCCGGTCGACGCGGATTGTGACGGGAAGCTTTCGGTCTGCGTCGAACACCATCTCGATGGTGCACTCGCCGAGCTTCTTGGCCGAACTCGCCTTCCGAACCGCAAGGACTCGGAAATTGCGCACGGTCTTGTCGCCGACCTTTCTTTCCCGTTCCTCGACCGTGGTCTCGAATCCGCCTTCGCCTCGCGCCAGACCCATCAGAACCGGCTTCCAGGCGTCCTTGCCGTCCACGAGGCCCCGGAACATGAGCCGCGAAAACTCGTAGGGCCACTTTTCGACCAGTTCCGTATCCGTCAGGTTAGCGTCCGCGCTCGCTGTTCCGACCGGAGTCTGATCGGTTACGCCCTTGCCGCTGAACGATGCCTTCGTCGTGCCGTCGCTCTTGAGGCTCGCCGAACTCGGCGCTTCCTTGCCGACGAAGTAATCCACATGGAAATGTTTGGCGTCGGCAATCCGAATCACGCTCTTGTGCTGGCCCTTTCCTGCGGCGGTCAGGATGAGAGTCCGGGCCTCTCCATAGACCCCATTCAGGTTTGCCATCG
CP129494.1_gap43	2007686	2011993	4307	AGATCCGCCCATCGATCCGAAGACGGGCAAGCCCCGCGAGGTCAATCCGCTCTCGATCATTCACACGTACTCCAACCTTGGATACAGATTTCCGATGATGTCCCCGGCGTTCAACACCTTCCAGCCGCATGTACTGGGCGCGAAGTCGGGGCTGATTCAGACGATCGACCCCGAGGCCGCTCGTCTCAGGATTTGGATCGAAGATTCCAAGCGATCCGTCGTGTGGCAGTTCTTCGCGCTCGAACAACTCGCTCGGCCGAACCCCCGGCCGAACTTCGTCGACGCGCCCGACGGGGTTCCTAGCGAAATCAAGCCTGGCGAGTTCGTCGCCGTCGCGAAGAAGGCCCTGTCCGGCTCCCAAGCCACCCTGGCAAGTGAGAGCGATACCGCGATTTGGGTCGCAAGGCGGATGGACTACTTCGATGAGTCGTGTCTCGCGTGCCACCCCAAGGTGAAGTTGGGCGAACCCGCAGGCTGGATGATCTACGCAATGGGGAAGTCTCCCAGAAAGGAGCCCTGACGCGGGCACGGAGGTCAGGCCCTTTCGTACCGGGTCAGCAGATCGTCCCAAGTTCCCGTGGAGATCGCTTGCCGAATCTCCTCCATCAGCCGGGCGTAGAACGCAAGGTTGTGCAGTGTGGCTAACCGGGGACCGAGCGGCTCGGCCGCTTTGAAGAGGTGCCGGACGTAGGCTGCGCTGTAGCGCTGGGTGGGGGCAAAGACGCTCGCCGGATCGAACGGCCCTTTGTGCTTGGACCACCGCTCGTTGAGAATGTTGACGCGGCCCTGCAACGTGTAGAGGCAATGGTGGCGGGCCATCCGGGTCGGCAAGACGCAATCGAAGAGGTCGATGCCGCAAGACACCGCATGAAGGATGTCCTGGGGGTGCCCCACTCCCATCAGGTAGCGCGGCTTCTCTTGGGGGAGCAAGGGGGCGACCTGGCGCACCACAGGCCGCTGCAACTCGGTGGGCTCGCCAACGCTCACGCCGCCGATCGCAAACCCATCGAACGGCGCGTTGGAAATGAACTCGGCGGACTCACGGCGCAGGTCTTCGTGGACCCCGCCTTGGACGATTCCAAAGAGCGCCGGCCTTCGGGATTCGGGAAGCGAGAGTCGGGATTCCAGGTTCCTTGGCGCCCAAAGGTGCGTCAGCCGCATCGCCTCGGCGGCCTCCTCGCGCGCACAGGGGTAGGGCGGGCACACGTCGAGTGACATCGCAATATCGACCCCCAATTCCGATTGGAGTCGGACCGATTCCTCAGGGCTCAAGAACAACTCACTGCCGTCGAGATGGGATCGAAACCGAACCCCCTCGTAGGTGAGAGACCTTCGCGACGACAGGCTCATCACCTGGTACCCGCCTGAGTCCGATAGAACCGCGCCGCACCAGCCCATGAACTTATGAATCCCGCCCAACTCGCGGACGGCCTCGGCCCCTGGGCGGAGGGCGAGGTGATAGGTGTTGGCTAGGATCAGCCGGTATCCCAGCGACTCCAAATCTTCGCTGCCGACGGTTTTCACCGCCCCTTGGGTTCCGACCGGCATAAAGGCAGGCGTCTCGACCACCCCCCCCGGCGTGCGTAAGAGCCCCCGGCGCGCCCCGGTCCGAGGGCACTCGGCGACGACTTCGAACGCGACGCGACCGTCCACAGACTCGATTATGGATGCGCCGTAGGTATGCTCGCCCACTGTGCGCGAAGGACACATCGGAGTCGATGAAAGCGGGAAGGGGGACTTTTTCGGGCCGTTGGTCGTTGCCGCTTGCTACGTCGGCCCGGAGCACCTTGCCGAACTGGACGGCGTCCGGGACTCGAAAAAGCTGGCCGATGGCGTTGCGAAGAAGCTGGCCGCGACGATCAAGCGGACATGTCCGCACAAGGTCCTGACGATTCTTCCCCATAAATACAACGATCTCTATCGCCAGATCGGCAACCTCAACCGACTCCTTGCTTGGGGCCATGCGAGAGCGATCGAAGAGGTGTTGGAGCTCCAGCCCTGTTCTCAGGTGATCAGCGACCAGTTCGCGGACCCCGAAGTTCTGAAGCGCAGGCTGTTCGAAAAGGGCAAGCGGATCGAGCTCATTTCGATGGTCCGGGGCGAGCAAGACATCGCTGTCGCCGCAGCCTCGATCCTCGCCCGTGCGGAGTTCCTATGGCGCTTGGAGGCACTTTCGAAGGAGTTCGGCGTCGATCTCCCTAAGGGCGCGTCTCCGGCGGTCGTCGCCGCAGGAAAACGATTCGTCGAGCGGTACGGCCGCGAGGCCCTCGACAAGGTCGCAAAGCTGCATTTCAAGACCACGCACAACGTGTTAGGTTGAACGAGTCGACGCACAGAACAATCACCGGCGCAGGACGTCGTAACCCCACATGGTAGTGACGACGCTCGCACTGGCCTTACTCATGGCGACCCCTGTTGACGGAACTCAACGCCCGAACCTCCAACGCGCCGATCGCGGCGGAATCCAGGTCGGACAGGCCGCCAAGGACTTCGAGCTCAAATCGCTGGATGGCAAGTCCACCTTTAAACTGAGTTCGAACTACCGTAAGAAGCCGACCGTGCTGATCTTCGGCAGCTATACGTGACCGCCCTTCCGCGCCCAGGCGGGTGCGATCGAAAAGTGGTATCAGGCGACAAAGACGCAAGCGGACTTCTACATTGTCTACATCCGGGAGGCCCACCCCGAGGACGGACGGCAGGTGCAAGCCAACAGGCGCGACGGCGTGATCGTGAAGACCGCCAAGAGCGAAGAAGACCGCAAGGAGGCCGCCCAAGCCTGTTCAGTCGGACTCGAAGTCTCGCTGCCGATGATCGTCGACGGCATGGACGATGCGGTCGAGAGAGCCTATCAGGGGTGGCCCGACCGCATCTATATCGTCGACCTAAAGGGGAACGTTTGGTATCGGAGCGCGCCAGGGCCCGCGGGATTTAAGCCCGCTGAAGCCGAGCTAGCGTTGCGCAACCTGCTGAAAGGCTAATCGCCGTCGAGTCCGATAGGCAGGACGGAGACGTACCCGTTCTCCGAAAGCTCGCGTACCTCCAGCGAGATCGCGGCCTCCTTTTCGCCGTACGACTTGCCAAAGCACTCGACCAGCGTCGCAAAGAGCACCTCGCGGATCGACTCGATCAGTTCTGGGGTCCGACCGGCCTTAATCAGCACCTGGCAGTGGACGAACCCTGGAGGGGCGCCCTCTCCCATCGACCAGTTGTTGTGGAGCGTGTGATAAGCCTTGATGCGGCGGGGACGCACCGATTCGAAGGCCCCGAGCTCATGCACAAGCTTTCCGAGGATGTCGGGGATGTCCACGTTTTCAACGAGGTCGGCGCTGGTGATCAGATGAATGTGTGGCATGGATTCCCCAAGTTAGCTACGAGCCAACTAGGGACTCTGACTGCAAGAAATGTTCCATTCGTCCCGGGTGAGGCCGTAGAGCCTGAGCGTCAGGTCATGGTAACGATCGGTCAGTTCGAGGAACTTTAGGCCAATCCGGTCGCAAACGGCGAGGGATTTCTCGTTTTCGGCCCTCACAATGGCGAATATCTCCCCAAGGCCCCTCGTTTCAAACCCATATCTGAGGGCAGCTCCCCCGGCTTCGGTGGCGTACCCGTTGCCCCAATACGCGCTTCCTAAGTGCCACCCGACCTCGACCCGCGTGTCTTGGGGGAGCGGCTTCAGAATGAGCGAACCGACAACCCGCGCATCTTCGGTCCGTTCAATAGCCCAGAACCCCAAACCAGGTGGATAAGACTCTGCGGTTTGAAAGTTCTTGGCCATCCGCTCCCTTGCTTCTTCTAGTGACCCAATGGCGGTGGCGAGGAGCGGTTCCATAACCTTGGGATCGCCATAGACGGCAAAGAACGCTTCGAGGTCGTCGAAGGTCCACGGGCGGATGGTGAGGCGTGAGGTGGAAATGATCACGGAGTGGGCTTCAATCGGCAATCTCGAAAACTTCCTTTTCTGGACGACAGCGTCCGACACGAATGTCCGCTTCCCCAACAGAGATCAGCGTTTCAATGTCCATATCGAAGGTCGGATTGGTCAAAGCAACGACTCTTGGAGCTTGACCTGACCGTTGCGAAGCAGATCAGGGTCTGAAAACCTTAGCTCCGAATCTCGGGCATACGACTCGTTGATTTCCACGCCCAGCCAACGCCGCCCAAGAGTCTCGGCGACTGCTCCAGTCGTATTGCTACCCGCAAACGGGTCCAGCACAAGGTCGCCAGGGTCGGTGAGGAAACGAATGAAGAACCTGGGCAGCTCGGCCGGAAACCGGGCGGGGTGAATCTGGGTTCCTTTCTCCTTGGAC
CP129494.1_gap44	2013671	2016079	2408	CTTGCCGAGGTTTTTGTTCACTTCGAGCGCCACCAGCGCAGCCTTGGCGACGGTGTTGATGATCATGTTGCCTTCGCGGGGTTCCTTCTGTTTGGACTCGTTCCCGAACTTGAGGCCGTTTCGGTCGCAGTGTTCGGCGATTTCTGTATTGCCCTCGATGTACCAGCGCAGTCTCTGGCCGTAATCGACCTCGAAGTGGTAATCCCAGCCGTCAGAGCCGGGCCACAAGTTGCAGGAAACGCAACCGAGTTCCTTGGCGAGGTCCACGCCCTTGTGGATCTGCGAAAGGCAGGCCTTCCTGACTCCTGCGTCCGGGTGCGTGATCCCGCCGAACTTGTATTGAGGGTTCGTCCAGGTGTTGAAGTTCATGTTCGTGGGGACCACGTCGAACGTCTTCAGGGCGTCCTTCACTGCCTGCAGTTCGGCGTGGTTCACCGATCCATCTGGGTTGAGGAAAACCGCCTCGTGGAACTCGATCCCGGCGATCCCTGCCTTTGCGACCCGCTCGATCTGGGCGACGACGGAGTTGTCGAAGTCGGGGTTGTCGGAGTTATAGCCAACGGGGCAGAACCGGTCGAAGAACTCTCCGGCGCACCAGTGCCCCGCGGCGAACTTGATGCCGAAGTCGCTGAGAAACTCGTCGACGGCCGGTCCTTCGAGATAACCGTCGTATTCAGAGTCAAGCTTAGCCAGCGTGCGTGAGTCGAAGTTCATAGTACGCTCCCTGCCGGTAAGTCTACCGGGGAGCGCTATTCTGCGTCTTCGCGAGGAAGATACGAATGCGTGCTAAACCACCAAGCCGCCAGCCAGCTTCCGACGACTACAAATACGCCTAAAACGATCCAGCCCGTCGATGCGGCGATATGTTCAATCGACCTTTCGCCCGCGAGTGCGCCGAGCGCGCCGGCAGACCCTGAATTGGGCTTCTCGGCGATCGCCTTCAGATAACTGAAGATCGAAATCTTATAGATGTTGCCGGCCATGTTCGCGACCATCGATTCCCAGCCGAACGCGAACAAGAGATCGACGATCATCGCCCGGTTGATCCAAAGGCTGAACAGCGTGAAGAGCACGATGTAAGCCGCGGATCCCATCGCGAACGACTTCAGGTCCCGCCAAAAGAACTCGTTGGAGAGAAACTGTCCCTGAAACACCGCGAGCGATACCGTCAAGCCCGCCAAGGTCGTGAGGACGGCGGTAGCGATGGCGGCTGCGAGCATCCGCGAAAGAATCAGCGAACTCCTGGGGACCGGCCGGGTCACCCAATACACGATCGTTTTCTGATCGATCTCTTGGGTCAGCACGGCCGTGCTGAAAAGGGCTGCGGCAAGCATCAGGAGCCGGTAGACCAGGAGAGAGCTAAGTTGGTTGTAAGCGTCCTCTCGGGACATCTCGCCGTTGACGAACCTGAACAACAGCGCAATGCCGAAGAGCGCCGCAATGAGAATCAACCAACCCACGACGCGCTGAGGCCGAGTGAACTGCCGAAGGGCCGCGCCGACCAAAAAGCCCTGGATCATCCGCCCACCAAGTACCGGAATACGGATTCCAGGTTGTTGTCGGGGCTCTCAATGGCGTGGAGGGGAAGACCCTTATCGAGCGCCAGGGTCGGCAAGAACTGGAAGAACTGATCGACTTCGCGGGTCTGCAATTCGAGTGCGTCGCCTCCTGGTTCAAGGTGAACCGAGATCACATAAGGGAGCGCAACGATCTGCTCGGCCACTTGGCGCGCGGCGGTCGATCGAATGCGAACGCGGTGGGGATGCTTGTCGATCAACTCGCGAATCACCTTCAGGTCACCCGTGGCGAGCAGCCTGCCTCGATGCAATAGCAGGATGCTTCGCGTCATCTGCTCGACCTCAAAGAGGATGTGGCTGCTGACGAGGATCGCCTTGCCTTGGTCTCCCAACTCGTGAAGCACATCGATAAACTCCCGGCGTCCGACGGGGTCGAGCCCGTTGAGGGGTTCGTCGAGAAGAATGATCTCCGGGTCGTGGAGCATGGCCTGCGCGAGCTTGATCCTCTGCCTCATGCCCTTGCTGAAGCCCCCGATCTTGCGGTCGGCGCGGTCCGCCATCCCGACCTTCTCCAGCATCACTTGAGTGCGTTTCTCCGCGCCCTGCTGCGCGAAGCCCGACATGCGTCCCATCAGGTTCAAGAACTGGCGGCCGGTGAGTTCCTCGTAGAAGTTGTCGACGTCGGGGCAATAGCCCATCTTGCGGTAGACGCTGGGGTTCGCAAACGGGTCCTCGCCAAACACCCGAACCTCCCCCGCGGTGGGCCTCATCTGTCCGGTGACGAGCCGCATCAGCGTGGTTTTGCCCGCGCCGTTCATTCCGAGAAGCGCGGTGACGCCGCCCGATATCGTAGCGGACACGTCGTTGAGCCCGATGACTTGTCCGTACCAG
CP129494.1_gap45	2043471	2045519	2048	CGTGGGGGCTCAGCGGGGCGGGAGGGCGAGAGCGCAAGTGAGGCTGCCCGCTTTTTCGCTTTTCTCATCGGACCCCTCTCCTCGAGGCGTCGTGGACAAGCTGCTTTCCGTATTCGATGCGGAGTTGAGCGAGGAGCAAGTTGGGCAGCTCGTAGCGGCCGCGGAAAAGGCGTCCGAAGGAAGGGTGACGGCTCAGAACGCGAATCAAGTAGCCGCGGCCGTGAGCCGGCTGATTTTCGGCTCGCCCGAATTTCAGATGGCTTAGAGACTTTGCGAACCGGAGTCGAACGTTTGCGCTGTCTTGGGTGCTTGCGGGGCTTGAACCTCGTAGGACGGTCCCTCGCCTGAAGTCCACTTGAGAACCGGCGAGGCCCACACAAACCCGCCGATCACCACGGCAACGCAGATCGAAGTCGCAAGGGTGAGCCCCAAATTGGGCGAGGCAAGAGGACGCTTGGAGTCCGATTCGTCGCTCACGAAGGCAGCCATCGCGATGCCCAGGTAGTAATAGACGCTGATCACGGAGTTCACGACGAGCACGACCGCGAGGGACGTGAGTCCGGAACCCACCGCATCGGAGATGATATTGAGCTTGCCCAAGAACCCGGACGTGAACGGGATTCCGATGAGCGACGCCATGAACAGAACCATCGCCACCGCCAAGCCGGGGGATCGCCTCCAGAGACCGTTGAGATCGCGCACAAGAGTTCCCTCGCGGCCGGATTTGGCGATGAGCGAGATCACCGCAAACGCGCCCAGGGTCATTCCCGCATAAGCGAACAAGTAATACGTCACGCTTCCGAAACCGACCTCGGAGGGGTTCTTGTAATGGGCGATCAACCCGACCAAGAGGTATCCGGCGTGGCCGATCGAAGAGTAGGCGAGGATTCGCTTGAGATCGGTCTGAACGAGTGCGATCAGGTTCCCAACGGTCATCGTGAGGATCGCGAGCCAGAACAGAACGGGGGTCACGATGTCACTCAGAGGCAACGAAGCGTCGAGGACCCGAACCAATGCGCCGATCGCAGCGATCTTGGAAATGGCGGCCATAAAGGCGGTCACGTTCGTGGGCGCGCCTTGGTAAACGTCGGGGGTCCATTGGTGGAAGGGGACAAACGCCGCCTTGAACGAGAAGCCCACGAGCATGAGTCCCAGCCCAAAGAGCACGAGCGGCTGGAGCGTTCCGTCAGCGGACTTCCACGCTCCGGCGATGGCTTCTAATTCGAGGCTGCCCGATGCTCCGTAGAGGAACGCCATGCCATAGAGCAGAAACGCGCTCGCAAACGCGCCCAGCAAGAAGTATTTGAGCGCGGACTCTTCGGACTTGCCTTCGCCACGACTTAGGCCCGCCATGACGTAAAGGGAGATGGAGAGAACCTCCAACCCCAGAAAAAGCATCAGGAGGTTGGTCGTGGCGACCATGAGCATCCCGCCGGAAAGCGACCAGAGCATGAGGGGATAAAACTCGCCGAACGGAATGCGCTTTTCACGCAAGTAGCCTTCGCTGAAGAGGGTCGCCACCAGAGCGGACCCGACCATGAGCAACTGGAGGACGGCTCCCAGACCGTCGCGCAGGACCATATCCGCGAGCGCCGACGCGCGAGGTTCACCCGTCTGGTTGGCCAGCAACACGCCTGCTCCCGCCAATCCGATGAGGCTGATCGCGACGATGAAGTTGTTGTTGCGCTTGGGCCGGGCCATCTCGATCAAGAGGCCCACGATCCCAGTCACCATCACCACCATGATGGGCAGCACCGGACCCAACGAAACCCAATCGGTCGCCGGTGGATGGAACCCATCGAGCAGCGGATTACGCATAGGCACCCTCCCGTGAGTCGGAGCGCGGAGCAACGGCACCCTGCGAACTCGGCGGCTTCAGGAAGATGTCGGCTTCGGGGTCGTCCGCAAATAGAGCCCCTGGGCGAATCTCTCTCACCGCCGCCACTTCAATGCCTGTTCCCGCGCGGTCCCAGCCGAAGGCGCTTGCGGGCAGATCGGCCACGAAGTCGAGGTACGCGCCCTTCGCGGCATCGAGGTAGAGAAAACTC
CP129494.1_gap46	2046709	2048175	1466	GAGAAGATGCCGAGCAGCACAAACCCCATGTGCGCGACGCTGGAGTAGGCGATCAGCTTCTTGACGTCCGGCTGAACGGCGGCGACGATCGCGCCATAGATGATTCCGATCACCGCGAGCAGCATCAGGATAGGTACGTTTTGGGGCAGAACGTCAGGGAACAGCGGGATCACGAACCGAAGGAAACCGTAAGTGCCCATTTTCAAGAGCACCCCGGCCAGGATCACCGACCCTGCCGTCGGGGCTTCCACGTGGGCGTCGGGAAGCCAGGTGTGGAAGGGAAAGGCCGGACATTTCACGAGCAAAGCGATCGAGAAAGCCCAGAACACCCAAGCCTGGGTTTGCAGCGCTCCGGCCCAAAGCTGCCCCCCTGCGACGGCGGTTTGGATGTCGATCAGCGAGAAGCTCGCGACCCCGGTCGCTTCCTTATGAAGCATCCAGAGCACGATCATTCCGATCAGCATGAAAATCGACCCGGCAAACGTGAAGAGGAAGAACTTCAGGCCCGCATAAATCCGGCGTTCGCCTCCCCAGACGCTGATCAGCAGCCACATCGGGATCAGCGAGGCTTCAAAGAAGGTGTAGAAGAGGATCAGGTCGAGCGAAAGGAACACCCCGAGCATCGCCGTTTCGAGCACGAGCATGGCGATCAAGTACGTCCGCACGCGTTGCTTGATGTAAAAACTAAACCAGATGCTGATGAACGTGAGGAATGTCGTGAGAGCGACCAGCCAGATGCTGATCCCATCGACCCCAATCCGGTAATGGATCCCCACCGAGTCGATCCACCGAACGAACTCGACGTGTTGGAAGTGGTACGTTGCGCCGTTGAACCCAACCACGAGGAACAAGCTCAACACGAACGTCACAGCCGATATTGCCAGCGCCGAGTTTTTCAGGAGTCGCTCTTGAGAACCTGGGATCAAGAGGAGCAACAGCCCGCCGAACAGCGGCAAGAACGTCAGCAGAGACAGCAGCCCGAAACCGGTGGGTTCCATTTACCCAGCCCCTCCGAGGCTCGAAAGCACGTTGTAGAAGTACACAAGAATCGCGACGGCGCCGATGAGGATCCAGAGCGCGTAGGTTCGCACAATGCCCGTTTGAAGCACTCTGAGCCCGTAACCAATTTCGCCCGCAAGGAACGCCAAGCCGTTGACGAAGCCGTCGATGATCCCCGCGTCAAACTTCCTCCAAAGGGCGACCGCGAACGCGCCGCCGCCTTCGACTCCAGCATCGACGATCGCCTCGTCATAGCCGAACTGCTTCCCGGCGCGCCTCCGGAACCAGTGCCATTTGGACTCGTCGCCTTCAGACTCCGGCAGGCCCTTGCGGTAAACCCAAAGCCCATAGCCGATGCCGGCCATCGCCGCCGCGATCGAAAGGTAGAGCAGCGCTTGGCCCACCCATCCGTGCGGGTGACCCGAAACGGCTTCCGGGTTCACGATCGGCAGCCCGCTGGGATACAG
CP129494.1_gap47	2100930	2101475	545	CGGTGGGTCCTTTCGGGGGCGTATGACCGGATTCTCGCAGGCGACTACGCACGAACGACCAACGCCAAAGGCGCGTAGGCCGTAGGATTAGGTACACCTTTGCCATGAAGCGCGCCGTCGTCTTGTTGAGTGGCGGGCTGGATTCTACGACGACTTTCGCCCTCGCGCGAGATCAGGGATTTGAAGTACACGCCCTCACCGTTGCTTATGGCCAGCGGCATGGAGCCGAACTGGACGCAGCTCAACGCGTCGCTCAGGTCTATGGCGCGGCTTCCCATCAGGTCGTCAAAGTGCCACTGGACGCCTTCGGGGGTTCGGCGCTGACCTCAAAGATTGAGGTTCCCAAGCATAGGGCCTCCGAGGAACGCTCCGCCGACATTCCCATCACCTACGTCCCGGCTCGCAACACGATCCTTCTCGCGCTTGCGCTGGGGTTTGCGGAGTCGATCGGCGCTTTCGATATCTTTCTGGGAGTCAATGCCGTCGATTACAGCGGGTATCCCGACTGTCGCCCTGAGTTTGTCGCGGCTTTCGAGGAGTTGGCG
CP129494.1_gap48	2156845	2159036	2191	TAGGGACCTGGGCGAATCCCCCTCCGAAAGTCGGGCGTGAAGGTGTACCGAAACACGTCGTTAGGCCAAGTGAGGCGTCGGCCCACCTCTCGCTCGAACTCCGCGCGGGTCGGCTCGCTGAAGTCGGCGTTCATTCCCGCGTACCGGAGCCGGTCGTCATAAAGCACGCCATCGACGTCGTAGTTCGCTACTACCTCGCCAAGAACGGCAAGCGCCCGCTCGACCACTTTCGGGTGGGTGGGGTTCATCATGAGCGGCACTTGCTGCCTGGGCCTCGCTGAAATTGGCACGAACACCGGGTCGGCGACGATTTCGAGTTTGCGTCCGGGCAACGCGTGCTGGCGCAGGAACTCGCCGGCGGGGCCGTTGCCCGCAAGAAGGCTCCCGCCTCGGGGGATGGTGGGCAGGGCCGAGCCGAAGCCCCCCGATTCGAACCCATCGACGATACGGAAGTTGCGGTCGATCGTGACGGCGAAGTTCCCAGGTGTGGGTTGCGGCCGACGGGAAGAATCGTTGAAGACGTGCAGCGATTCGGGGATCAACTGCGGGGGATTGGCGGCTTCGGAAATGGGGAACCTATGCACCGCTGCGCCCGTGTCGATCCGCGCCATCGGCTGAGGTTCATAGAGCACGGTTTGAAGCTCCGGGGTCTCGTAGCCTGGGCCAACTCGAAAGTCGCGATGCCCCTCGCTGAAGGCGTTGAGACTGATGAGGAGGGAAAGCCCGTTCGCCCGCGCCTCGCGCACCATCGCGCCCAATGGGTCGAAATCGGCCGGAAGTTCCTTGCCCTTCCACGCACGCAATTTCGGCGCGAGTTGGCTCGGATAGACGACTTGACCGCTGATGGGCTTCACGTCGAAAACGATCGTGTTGAATCCAACCTCGCGGACCTTCCTCACCAAGGAAGCGATCTTGTCGGCGGTGTTGTATCGGTCGATATTGGCCGTGCAATCAACCCAAAGCACCCGCCCCTGAAGGCCTGACGCCCGGGCCGCAAGCTGCGCGATGCCTTTTCCGTCGAGCTCTCGGTCGATCCAGATCGAAGGGATGCCGGGCAGAGGGCGCGCGAGCACGAAGCGCGGCTGGTGGGGGGATTGAGGAGCCACCCAAGCGCCCATCGACAGAACCAGGAGCGAGAATACGCCACGGACGGCGGCAAACCCATACCTCACGCGTCTATTCTGACCGCTCGTGCGCGGGAGTTACGACCTTGCCGCGTTTTGGCCGAGTACGGCCTGTGCCGCAGCCGCGAGCCGATCGTCGGGGATCGGGCCTACCCCTTCGCGGCGCAAGACCCGCGCAGTAGGCAACACCCTGCGGAAGCCGCCGGTCGCCGAGTCCAACTCGGACGCGATATCGAGCATGATCAGCCCGTCGGACAGAACGTCGTCGAGCGGCCTTGAATCCCAAGGTCCCTTGGTTCGGGTGAGGTACTCGAACACCCCTCGAATGCGCTCCGACCCCGATCCGGCGCAAGCGTATGCGTGGTTCTGGAACCGGGCGCCCGCGCCGTCAAAGAAGTAGAGGTGGAAGCTATCGCTCTCCGGGTCGTAAGCGGCGACGATGGGGAGGAACACCCCGATTCCCTGCATCGCGAGTTCAAAGTTCGAAGCCATCACGCGGGAGATCTCCTGGAGCTTGCCGTCGAGCGAGAGCTGGCCGAGGGTCAGTCTGCGGTAGTACTTGAACGAATGCTTCAGGAATCGGGCGGATTCCACTGATTTCGCGAACGAACCGCTCAGGGCCAACAAGGTGAAGTCGTCGATGGCCATGATCTTCTCTGCTTGGTCGTACATGACGAGGTTGCCCGCCGTCGCCCTGCGGTCGCCGAGCACGATCACGCCTTCATCGAACCTGAGAGCCAAGACCGTCGTACCATGCGCCTGAAGCGCCTTGCTGGGGGCCGCTGCCCAATTCGCAGGCGGGAAGCCGACGAGTTCGGCAAACGTTTGATGAATTGAACTTTTCATTGTCCCGACCGCTGGCGGTACTTCTTGGCTTGGTCGGGATCGACCTTGCGGAGGCGCTTGATCAGTTCGTTGGGCCCGCCTGGTTTCGGCACGTTAGGGCGGCTTGGGCCTGTGTCGTCCTGCTTGGACTTGGGGGCAGGTCCCACCTTGCGGACCTTTCGTTCGTCTCCTCGAATCGTCATGACTCCTCCGATAGTTGGGCTACAAGAGTACCTACGTCG
CP129494.1_gap49	2261947	2264982	3035	CGGTCAGGTTAGGGTGCGGCCTCAGAGGGAGAGACTTTCCATCCGAGTCAACGATCGGCTCACCCAGGCCTTGCCGCCGACTTCCGGCGCAACCGCGCGGCGCGCCCTTTCGGCGCTCGGCTCGTTGGGGAAGACGCCAAACACCGCGGAGCCCGACCCGCACAAGAGCGCTTCGGTGGCGTTCAGATCGAGCATGCGCTGCTTGAGCGCCAGCGACTCCTCGGGCGCAACGAGTTCGAAGTCGTTGTGCAGATCGTCGGCCAGGGGGAATTCCCTCCAGGAGCGCTGAATCTCGTCCAACCGCGCGTACGCTTCCCTCGTCGAGCACCTTGCCTCGGGTTGCGCGACGACGAGCCAAAACGGGATGGGGTCTTCGAGAGGCGTCAGTCGCTCTCCGTACCCTTCGGCCTTCGCCCGCCCCCCCACAAGGAAGAAGGGTACGTCTGCGCCTACGGCTCGCGCGATTTCGCTCAGTTCAAACTCGGATGCCCGAGAGCGCGTCAGGAGCGGGACGGCCCGCAGCAACCCCGCCGCGTCGGAACTCGCTCCTCCCAAACCCGCCTCGCTGGGAATGCGCTTGATCACCGTGAGGTGGAGGGGAGGAAGCTCGGCCACCTCAGCAAGCAGCCGCAGGGTCTTCGTGAGGGTGTTGTCTTCGGGCACCGCCTCGTCCTCGAATTCGATGGCCGTCCGACCTGGGGCCCTTTCGATCCTTAGCGTATCGAAGAGCGAAATCGCTTGAAAAACGGTCCGAATCGGGTGCATCCCCGCGTCGTCGGGAGGGCCGACCGAAAGGAACAGGTTGACCTTTGCGGGGCACGCGATTTCGATCACCGCGTTCAACTCTCTTGGTCGAGGGTTTGGGTGGCCTCCGAGTTCGCATCAGTTCGCGGTTCGGGAGGCATGACTGCGATGGTCTTGGGAAATGGGGTGAGCTCGAGTTCTTCGAGGGCTTGGTCGATGGCGGCAAGCTGCATCTTGGCCTCTTGCATCGCCGCAAGGAAGTCTTGACTGTTCAGTTCGGGGGCTGCGCCAGCGAGCCGGTAGCCGAGAATCTTCATGCGCAGGGTGTCTACGGTCGTGATGAACACCGCCGTCTGCGCTTCGGTCCGCTGAACTCCCGCCATGACCCCGGCGAAGTGGTGCTGATACTCGGCGATGTTCTTGTCGGCGATTCGGTAAAGCTCCTTGGCCTGTGCGTCGTGCGCGGGAGGGTTCCACGAAGGCGGCTGGGCGTACAGTCCGCGTTCGGTGAGCGACACCTCTTGGGTGATCAGATCGGCCCTCCGCAAAGCGACGTAAAGGCTCCTTGCAACCGAGTGGACGTTGCGGGGCAGTTCATGAATGCCCGCGAGGTGTTTCTTATGGACCCTCTGCATCACCTGGTCGAACAGGTCGAGCCGTTCGGAAAGGGCGTTCCAGTGCGCCGCGAACCTTCGGTTGATGAACCTCTTACGGATGCTCGCCTGGTAGGAAAAAAGAGCGTGGCCGACAACGGCAGCGCACGAGAAGCCTAGAACGAGAGGCAAAGGCAGCCCTGCCCACTGCATAGGACCCAAGACGAAAAAAAGCGCCGCAGCGCTAAGAAAGAGCCTTCCAAAACGCGTCGCCTCCTTCCAAAAGAGCTTCTGGTCGACGGCTTTGATGTCTTCCATCAGCCGTACTTACGCCTCCCGAGGCCGTGAGGTGGCACCCAACGTTCGCTCGATGCAGTGGGAGAGTTGGAGGACCCTCTCATCCGCTCGCCGGGGACCAAGGACTTGCAGGCCCACCGGCAGGCCCTCGGACGTCCCGCAACTGAGGGAGAGAGCGGGAAAGCCGCCCATGTTTGCGGGGATCGTGCAGTAATCGAGGAGCTTGAGCGCCATCGGGTCTTCGGAAAGCTGGCCGATCTTGAACGCCGTAATCGGACTCGTGGGAGAGAGGATGGCGTCGAACCTTTCGAGGACCTGTTGGTACTCCTGCGCCATCATCGCCCGAACCTTCGACGCTTGCAGGTAGAAGGCGTCGTAATAGCCAGCCGAGAGCACATAGGTTCCAATCAAGATGCGGGTCTTCACTTCCTTACCGAATCCGGCAGCGCGGGTTGCTTCGGTCATTGAAATCGGGTCCGAACGATCTGCGCGCAAGCCAAATCGAACCCCGTCGTAGCGCGCCAAATTGCTGCTGGCTTCGGCGGGGGCGATGATGTAGTACGTGGTTACGCCGAACCGAGTGGAGGGCAAAGAGACCTCCTCGAACTCGGCGCCTTCGGCGGCCAGCTTGTCGAGAGCGGCGCGCACGGTCGCGACCACTCCAGGCTGCATACCTTCGCCGAACATCTCCTTGGGCAATGCGAACCGCGCCCCTTTGAGGGTCCCGCCGTGGATCGAAGCGGAGTCGATCGGGCTCATGGGAAGCGAGGTGCTGTCTTTGGGGTCGTGACCCGTGATCCCCCACGCCAGCCAAGCGGCGTCCTCTACGGTTCGAGCGAAGGGGCCGATCTGGTCCAGGCTCGACGAGAACGCCACGAGTCCATATCGCGAGCACCGCCCGTAGGTGGGCTTGAACCCCACAACGCCACAAAGAGCCGCGGGCTGCCTGACGGAGCCGCCGGTATCGGACCCGAGCGCAAAAGGCGCAAGTTCGGCTGCGACCGAGGCGGCAGAGCCCCCGGAACTGCCTCCGGGCGATCGTTCGAGGTCATACGGATTCCGGGTAGGGCCATGCGCCGAGTGTTCGGTCGAACTGCCCATCGCGAACTCGTCTAAGTTCGTTTTGCCCAGAATCACCGCGCCTGCGCTTCGAAGCCTCTCGACGACGGTCGCGTCATAGGGCGGCACGTACCCCTCCAGGACTCTTGAGGCGCACAGCGTGGCGATCCCTTGCGTCGATATGTTGTCTTTGAGCGCGACCGGGACTCCGGTGAGCCTGGTCGGGGCACCCTCATCGAAGAGCTTTTGGGCACGGTCGGCGTCTTCTCGGGCCCTTTCTTCTGCGACCGTAACAAACGCGTTCAGACGGGGGTTCAGCCGGGAGATCCGTTCGAGGTGGGC
CP129494.1_gap50	2424959	2428224	3265	TCCCATTCGGTGAGTCCGAGTTCGATCCGCGCGAGGTTAACTGGAGTCGCCCCAAGGCTTACGATGCGTCCGGCGGGCAACTCGGGGAGGCGGGCGTTCAGGCACTCGTCGATCTCCGTCGAGGCGCGAACGAGGGCAGCCGCGTCGGGACTCTCTGCCTCGAGTGGTCCCTCCAGCAGCCCCAACGCGCCTACCGCGAATGAACTCTCAAACTTCTTGCTCCAACCCGCGGCTTTCCTCTCGCTCGTGACGATTTCGGTGCTGTGGCCCCCAGGGTCGAGGATGGTGATCCGGCGATCGCCCGCCCACCTCGGATCGGCGGAAACCGATTCGAATCCGAGCCTTGCCTCATCTTCGCCAGAAATCACCGTGACGGGAGTGCCTTGGGATCGAGCGGCACCGAGGAACTCGTCGGCATTCGTGGCGATGCGCAGGGCCATCGTGGCGGCCGCGAGGGTCGATTCGGCCCCGTGGTGGGCGGCCTTCTCGAACGCGCCTCGAAGCGCTTCGAGGGTTCGATTCATGGGCTCGGCTTGGAGAAGCCCGGACTGCCGCGCCCCTGTTCCTAGCCCGGTGACTTGCGCCGACTCGAACACCGGCTTCCAGCGACCTTCCCGAAGCTCGGCTACTGCAAGCAGAACCGAATTCGAGCCGACGTCCACGACCGCCCTTCGCACCGACCCAGTGTACTTCGCCAATGGGGCGTGGCAGAATGGGCCGTGGCGAAGCTGTTGGGAATCGATCTTGGAACGAGCGGGTGCAAGGCGGTCTTGATCGACCCGAGCGGCCGGGTGTTGGCGCAAGCGTCCGCGCTGTATCCGTTGCGAACTCCGCAGCCGGGCTGGACCGAACAGGACCCTGAGGACTGGTGGTCGGCGGTGCAACAGGTCTTGAGTCGCATCGGAGTCCGGAGCCCTGACGCGATCGGGCTTACGGGGCAGATGCACGGGGCGGTATGCCTCGACGGAGATGGGGACGTTATTCGCCCTGCGATCCTCTGGAACGACCAGCGCACCGCCGCGGAATCGTCCGAGATCGACCGCGTGATCGGCGCATCGCGATTCCGTTCGATCACCTGCAATCCGCCGCTCACGGGGTTCCAAGCCCCGAAACTCCTCTGGATTCGAAATCACGAACCCGAGAATTTCGCGCGAATTCGAAAGGTGCTGCTGCCCAAAGACTACGTCCGCTTCCGACTTTCGAGCGAGTTTTTTTCGGAGGTCTCGGATGCGAGCGGAACTGCGCTGTTCGACGTGCCGAATCGAAGGTGGTCGAGGGAGGTGATTCGGGAACTCGGATTCCGGGAAGACTGGTTCCCTGAGGTCAGCGAGTCTGATGCAGCTTCTGCAGAAACGAAGGGAAGCGCATATTTTTCGGAGGGGATTCCCATTGTCGGCGGGGGCGGAGACCAAGCCGCAGGCGCCGTCGGCGCGGGGTGCGTGGCCGAGGGCAGGGTGAGCGCGAGCCTAGGCACGAGCGGCGTGGTGTTCGCCCCGACCTCTGCGCCTGTCTACGACGAAGCTGGAGCGACGCACACGTTTTGCCATGCGAACCGTGCTTGGCATCTGATGGGTGTGATGCTCAGTTGCGGGGGCGCGCTCCAGTGGTTTCGCGATGAGTTCCTCGCGGGCGGAACATATGATGAACTGGCGGAGATGGCCTCGAGGGTCTCGGCGGGGGCGAACGGCCTGACCTTCTTGCCCTACCTCGCCGGAGAGCGGACTCCCCACAACGACCCTCACGCTCGCGCGGCGTTCGTGGGGGCGACCCTCTCTCATGGAAAGGCCGAGTTCGCCAGGGCCGTGTATGAAGGGATCAGCTTTGGTCTTGCCGATGGGCTCGATCTCCTTCGCGGGCTTGGCGTCGCCCCCGATGAGATCCGAATCGTGGGAGGGGGGGCCAAGAGCGAGTTCTGGGTTCAGATGCTTTCTGATGTGCTCGGAGTCGCTTGCGTCAGGTTGGAAGCCGACGAAGGCCCAGCCTTTGGCGCGGCTTTGTTGGCGGGCGTGGGGTGTGGAGTCTGGAGCGACGTCGAAACCGCGTGCCGCGACACCGTGCGCGTCAAGGACCGGTTCGTACCTTCCCACGAAGGCGTGTATGACTCCGCGCTCGAACTCTTCCGATCGCGCTACTCGTGCGTCGTCCGGAAGCCCCGCCTGTAAGGCTCAAACCCCCTTTCCCTATCCTTCAGCGAGTTTTCAGATATAATAGGCGCACCTTAAGGGATTCTGTCTCGCGAGTGACCATTTAGTATGCCAATTGACCAAGACCTGACGCCGCACGGGGAACCAGAGATGACCCCGTCTCCCGAGGCAACGGGAGAGGCGCCCGATACGTCCGCCGACATCGATGTCGATGTCCCCTCTACCTTGCCAGAAGCCGAGGAAACCACGGCTTCGACTGAACCCGACGCTGCCCCGGAAGTGGAAACGCCCCCTGTGCCGGAAGCTGACGAGCCGGGCGAGCCTGCTTCTCAGCCGGGGCCGGTAGAAGAGCCGATCGCCGCCTCGGAGTCCGAACCGGAACCGACGCCTGAACCGGAGCCTTCGCACGAGCCGGCGCAGCAACCCATAGCGGCGGCAGCCCCAGCCAACGACGAGGACCTTTTTGAGCAGGCGATGATCGCCATGGAATCGGAAGATTCGGTCGGCGACATCGACGCGGCTTACAAGCGGCTTTCGCGCGGCGACCGGATCGAGGCAACGGTCATCCAAGTGGACCGCGACCGTGTGTTCGTCGATCTCGGCACCAAAGCAGAGGGCATCGTCCCGCTGGGCGAGCTGTCGGAAGATCCGGTGGAAGACGCGACCCACCACTTCAAGATCGGGGACAAGATCAACGTCGTCGTGATCCGCCCGGAGGGGAACGAGGGCAACCCGATCGTCTCCAAGAAGCGAGCGGACTTCGAAAAGACTTGGGTCCGCATCGAAGAAGCGCATCGTAACGGCACGATTCTCCACGCCCCTGTGTTGGAGCGCGTGAAGGGCGGATTGGTCGTAGACATCGGGGTGCGCGGGTTTATCCCGGCAACGCACGTCGGGACGGGCAAGCTTCGCAATATCGATCGGTTCGTGGGCGAAGTGATCGACTGCCGAGTCATCGAGATCGATCGTGATCGGAAGAAGGTCGTGCTCTCCAACCGTGAGGCCGCGGAAGAAGTGCGGAAAGAAGCGAAGGAGAGGCTGTTCCGCGAGGCTAAACCTGGGGACGTCCTCGACGGTACGGTTCGGCGCCTTACGGATTACGGCGCGTTCGTCGACTTAGG
CP129494.1_gap51	2430406	2432601	2195	GGTTTCGATCATCAACTCGCAGACACTTCCCGTCGCCACAGTACTCAACACCCATGAGAACACGGCCCTGATCAATCAGGGTTCGCGAACCGGGTTCCGCACGGGCATGGAAGTGATCGTGATTCGTGGCCGCGATCAGGTTGCGACCGCTAAGGTGAGCGACCTCGAGCCCGACAGCGCCGTAGTTACGATTACTCGCCCGATTCGAGGCATTCAGCCGGGCGACCGGGTGCGCGCGGTGTTTGCGGTGCCGGTGGCGTCGCCTAAATTCGGCGCAGAGGGTGGCATCGAAGTCATGCGTCCGCGAGAGCGGGGACGTTCGCCCGGAAGCGGTTTCGGAACCCTCGCGATCGTCTTGGGTTTGGCAGCGCTGTTGCTTACTGGCGGTCGGTCCAAGGGCTTCTCGCCCGCTGAGAGCGTGAGCGCGGAAGCGCTGATGTACCCGGACAGTTCGGGCCGCTCGGCTGTAAAGATTTCATGGAAGCGGGACATCTTCGCGCGGGGCAACTCGCAGACGATGCAGTGGCAGGTGTTCCGGGATGACGTGCTGGGCACTCCAGTTCAGGTTGCCGACGGGATCGCAGGTAGCACCATCGACGACGACGCAGTGACTCGGGACATCAGTTGGGGCAACTTCGAGGGCGTGATCGGTGGGAACACCTGCAACGTCACGGAGATGCCGCTCGAAGACGCAACCGTAGCGGGCGTCATTGCAGGTCGGGCGTACTCCTACGCCGTAGCCCTGGTCTATAAGCTGTCCTCGATCGATCTGCCGGATGGCGGCGGTACGGGCGGCGGCACGGGCGGAGGGACCGGCGGTGGCGGTGGTGGCGGTGGAACCGCCTCCGACTGCTATTTCGTGTCGAAGCAGGTCGCCGCGAAGGGCCTCGCAACGCCCCTTCCCAGGCCGAGCCTCGTGAACCCGGGTTCCAACGCAGTCATCGCTGGAGACACGATCTTCACGTTCGGCTCGGTGGTGAACGCGTCGTTCCCGATGAACATCGAGTACGCGCTGCAAGTGAGCCCTGATCCTAACTTCCCCAAGGCCAAGTCGAAGGTGTATGCCCGCGTGACCCGGGGGGACCTCGGAACGCTGAGCAGCGGGACGGTGACCAACCTGTTGAGCCGGCTGGCTTCCGACTTCGGCGTCGGAGTGACCGAGTTCTATTGGAGAATCGGCGCTCGCAACGTAGCCGACAAGCCGGGGCCTGTGCCGGATCAGAGCGGCGAAAGGTACGTGTTCAGCCCGTCCCGGCGGTTCACGATCCCTGCGCCTCCTCCTCCTCCTCCCAGTCTGTAGAAACAACTCGTGCCTTCAGACAGTCAGTCCTATGAAACGCGGCCCCTGCAGTCCCAAATGCAGGGGCCCCCAAACCGAAAACAGAGACTCAAGGTAGCAACGATGAGAGCAGCAATCGCAAGAGTACTCGGAGTCGCAGCGGTAGGCGCCGTGGCTTCTGCCCTTTCCTTCGCGCAGGGCGACTGGGGCTTCCAGTGCGTGGACCCCGAAAACGAAACGCCCCGCACCGATGACCACTTGGCCACAGGAGTGGGCAACGATCTTATGATCAGCGCGATGGGCGTCAGCGGATCCGTCACGTACGGCGGCCAGAACGGGCCCTGCTATGCACCGAACGCGGTGACGAACAACCTCGCGGGACGCTTCGGGTTCCAGGTGGGCTTCCTGGGTTCGGTGCAAGACCAAAACCCTGCCGACCCGCAGAACTCCGGTTTCCGTGACGACCTCATGGCGCTGACCGTAGGTATGCCCACCGACCCCTCGGGCTCCTATTGCTACGCCACGACGACCAAGAACGAAACGCGTACGCTTTGGGGCAGCGCCGGTTTTTCCCTGCTCTTTACGGGCGCCTCGAACCGCTATTACTACGCGGAATCCACGCTCGACAACGTTTTCGTCCAACTCAAGATCGACGTCGTTGCGGACGCCACGCGAATGCAGTGGACGCTCACGAACCTCGATACAGAGACCGCCAGCCTTGGGCTCTGGTTTGGGGCGAGCATGGGAATGCTCACGGTCGCCGACTTCATCACCGACCTCAACGGGGCCAACCAGTCCCACAGCAACCTGGGGACCCTCACTCGAGGCTTCACGAGCAAACCCGGTTATGTGTATCTGCCGGTAGGAAGGCCTCCACGGACCGACCAGCGATACACCCGCGCCCTAGATCCGGCCA
CP129494.1_gap52	2493291	2497698	4407	TGGCTGTGCTTGCCGGTAAGGAGCGAGGCTCGGCTTGGCGCGCAAATGGGGTTGGCCGTGTAGTGCCTATCGAAACGGAACCCCTCGCTGGCCAATCGGTCGATCCCCGGCGTATCAATGATCCGCGAGCCATAGGCCGAGATCGCTTGCCGGGCATGATCGTCCGAAAGGATCAGAATGATGTTCGGACGTTCTACGACGGGCGCGATGGCCGCAGCCGCCAACAACCAGAGCATGGCGCAACGTTACCCCAAGTCTTGCGTGGCGTCGGCCTTCTCAAGGAGCGCGCGTAGCTGTTCCGGCGTGTTCGCGCCTCGCGCCCAGTCCGGATCGATTCCGAGTTCTCGTAGCCGCGCCTCGTCGATCCATCGAGGCTTCAGCAGACCCAACCACTCCTCCATTCGCTGGAGCCCAGGGTTCGCACGAAGGACTTCGAAGCATGTTGATCGGTAAGCGGAGCAGAGGTACTGGGGCCGGCCGCCGATCACGGGAACGGCAGCGTCAGCTTCGAGCAGCGATTGGGAGAGCGCCTCGGCCACCGAACTCCGGAAGAGGGGGATATCGCACGAGACGACGAATACGATCTTGCCCTCGGGCGCGAACTCCCGTAAGGCCGCGAGCGGCCCTTGGTGCTGCTCTGCGTCGGCCTGGAACGGGAGCCCTTCGAGCGGCTGATTGCCCAGGACGAGGACGGGCCAATCCGCTGCGGACAGTTCTCGAGCGATGCGAAGTCCCATCGGCACCCCGCGTACTTCGATGTTTGCCTTATCGGCGGCCATGCGGCGACTTGCGCCCCCGGTGAGAACGACGGCTTGACGTTCGTTCAATGCCGGCCTTCCCCTAGGCGCTTTCGGACGTGACTGTTGAAGTTGTTTCTACTCCTCGAGTTCTTCAGAACCCTCGTCGGCCCCTTCAGGTTCCTCGATGTCGTCGAACTCCCCTTCGTCTGCCGACCGGATGAGCCGAGCGATCGACCTTACGGAGTCGCCTTGTGCGAGGTTGATCAGCTTGACCCCCTGGGCGACGCGGCCCACGAGCCGGATGTCCTTCACCGGAGTTCGGATCGCCTTGCCCTGCGTGGTCATAATCAGCAGCCGGTCGTCGGGCGCGACCACCTCGGCGCTAACGATCTCGCCCGTCTTGCTGGTCACGTTCATCGTAAGGATGCCGGAGCCGCCCCGACCCTGGACTCGATATTCGGACAGCGCTGTGCGCTTGCCGTAGCCGTTTTCGCCAACGACCAAGAGGGTGTTGTCGTCCGAGACGATGTCGGCGGAGACGATGTAGTCTTTGGGCTTGAGCCGCATGGCGCGAACTCCTCCGGCCGCCCGTGATCGGCTGGTGATGCCCTTTTCGCTGAAGCGGATAGATTGACCTCGACGGGTCACGATGATCACGTCGTCGTCTCCACGTGAGCGGAGCACCCAACAGAGATCGTCGCCTTCTTCGATGTCAAAGGCAATCAGGCCGTTCGATCGGATGTTGGCGAACTTCGAGATGGCGGTTCTCTTGACCTCGCCTTGCCTCGTGATCATGATGAGGAATCCGGGGTCCTTGAGATTCTTTATGCTGATCGTCGCCGTGACGCGCTCGTCGCTTTCGATGGCCACGTAGTTGATCACGGGCATTCCCTTGGCGTACCGACCAGTCTCGGGGATTTCGAACGCGCGGAGCTTGTACACGCGGCCTCGATCGGTGAAGAAGAGGATGTAGTGGTGCGTGTTCACCTGGAAGAGGTGAGCGGGCTCATCGTCCGTCTTGTGGACGTTGCTGACGCCCTTGCCGCCCCTCTTTTGAACTCGATAGGCGTCCTTGCTCACGCGCTTGATGTACCCGTCGCGCGAGATCGAGATGATCGCGTCTTCTTCGGGCACGAGGTCTTCGTCGCTGAAATCCCGCGCTTCGCGGGCGACGATCTTGGTTCGCCTTTCGTCGCCGAACTTGTCCCGAAGCGCCACGATCTCGTCCTTCATGACTTTCGTCAGCCGAATCGGATCGCTCAGGATGTCCATGAGGTCGTGTACGCGAAGGAGCGCAGCCTTGTAGTCCTCTTCGAGCTTGGTCTGTTCCAGTTTGGTGAGTCGCCTAAGGGCCATGTTGAGGATGGCGTTGGCTTGGAATGGGCTCAGTTCGAATTGCCGGACCATCGCCGCGCGGGCCTTCGCCGGGTCATCTGAGTTTCGGATCAGCGCGATGATCTCGTCGAGGAACCTGCGGGCGATCTGGAACCCTTCGTTGAGGTGGACCTCTTCGAGAGCGCGGTACAACTCATACCTTGTCCTGCGCTCGATGACTTCGCGGCGGTGATCGATGTATTCGTCGAGCAGAACGAGCAGCGGCGAAACTCGCGGGGCCCCGTCGACCAGGGAGAGCATGATGGCTCCGAAAGTGGTCCGGAGTTGGGAGTGCTTGAGAAGGAAGTTGAGCGCCTTATTGGGGTTGATGTCCCTGCGGAGTTCGATCTCCATCCTCATTCCGCGCTTGTCGGAGTAGTCCTGGACGCTCAGGATGCCGTCGAACTTCTTGTCCTTCACGAGCTGGCCGATCGTACGCTTGAGGTTCTCCTTGTTGACCTGGTACGGGATCTCGGTGACGATGATCTTGGACTTGCCCATTTCCGAGGGCTCGATCATCGTCTTCGCTTGCATGATGATGGAGCCTCGGCCCGTCTCGTAGGCGCTTCGGATGCCGCTGGCGCCCATGATGATCCCGTAGGTCGGGAAGTCGGGGCCGGGCATCACCTCCATGACGTCGTCCAGGGTGCAATCTGGGCTGTCGATCCGCATCAGAATCGCGTTGCAGACTTCGGTCAGGTTGTGCGGGGGCATATTTGTCGCCATGCCGACGGCGATTCCCGACACGCCATTGCAGAGCAGGTTCGGAAACTTCGCGGGCAAGACGGTGGGCTCGTTCAGGGTCTGGAGGTAGTTGGGGATCCAATCGACGGTTTCTCGGTCGAGGTCCTCGAGCATCTCCATCGCGATGGCGGTAAGGCGGCATTCCGTATATCGCTTTGCGGCAGGCGGGTCGCCGTCGACGTTGCCAAAGTTACCTTGGCCGTCGATGAGCGGATACCTCATATTGAAGGGCTGCGCCATCCTGACGAGCGTCGGGTAGATGATGTCGTCGCCGTGCGGGTGATAGTTTCCCGAGGTGTCGCCCGTGACCTTGGCGCTCTTGGTGTAGGCGTTGTCCGGCGTGAGATTGAGCTCGCGCATCGTATAGAGCACTCGCCGTTGCACCGGCTTCAGGCCGTCCCTCACGTCGGGGAGCGCCCGAGCGATGATGACGGACATCGCGTAGTTCACATACGAACGGCCAAGCTCTTCTTGAACGTCGATGACTTCGATCGGGGTGGGTTCTTCCAAGGGCTTTCTCTTCGGACGCCGAGGCGATGCGACGCACTGGGCGGAGGGTCAGGAACGAAGGGAATTGTACCTGAAACGCCGCCCTTATTGAGTCTGTGAAAGCCTCGACGGGCGAAGAGGTCGGCGCGCGGCTATCGAAACCGCTCTTGCAGCCGGGCTAGCTCCTCGCTTCCTGGGCAGAGGTCGCTGTAGGGCACGCTTATGAGCGGCTCGGGGACTGCCCCCAGTTGCTCCATCATGTCGCGAGATTCGGTCGAGAGATACAGCATCCCTGTGACCAGTTCCCCTGCCCGTTGCTTCGAACGCACGTAATTGTAGGCCCGGTCGCGGTCGGAGGGGTCGTAATCTTCGGCCACCTTGTGGAGCCTGACCGTGCTTCCATCGTGCATCGTGACTCGGTTCTCGGAGCCCGGCTCATAATCGGCGGTGATCTCTTCTTTGGGAAGGATCAGGTCCGCATGGACGACCTCGACGGCGTGCTCGCGGGTGTAAGCATAGCTCTTCGTCGAACCAACGTGGTCGTTGAAGGTCACGCAGGGCGAAACCACATCGACGAAGGCAAAGCCCTGGTGGAGGAGGCCGGCTTTCAGAATGGGAACGAGCTGGTCCTTGTCGCCGGAAAAGCTCCTGGCGACAAAGGTCGCGCCCAAGCTGAGGGCCAGCAGCACGCCGTCGATGGCTTCCATCGTATTCGGTGTGCCTTGCTTGTTGGTTGAGCCGGGGTCGGCTGAGGCGGAGAACTGGCCCTTGGTGAGTCCGTAGACCCCGTTGTTCTCCACGATATAGAGGGCGTTGATGTTCCTTCGGATCGCGTGGCAAAGCTGCCCAAGGCCGATCGAGAGCGAGTCCCCGTCGCCGGAGACCCCGATCAGCTTCAGTTCCCGATTGGCCGCCGAGACCCCGGTCGCGACCGCAGGCATGCGGCCGTGGACGCCGTTAAACCCGTGCGCTTGTTTGAGGAAGTAAGCCGGAGTCTTGGAAGAGCATCCGATCCCTGAAAGCTTGGCCACTTTGTGGGGCTCGATTTCGAGTTCCCAAA
CP129494.1_gap53	2515995	2520883	4888	TCCTGGCGGCGTTGCTGCTCGCCAAGACGAGGTTCGGGAGGGAGGTTTACGCGATTGGAGGCAACGAGGAGGCCGCGCGCCTTTCGGGGATCGGGGTCGCCAAGACAAGAATCGCCGCCTATGCGATCAACGGGCTTTGTGTGGCGTTGGCGGCTCTGATGTTCACGGCGAAAACGAACAACGGTCAGCACAGCGCGGGCATCGGCTATGAACTCGACGCGATCGCGGGCGCGGTGGTCGGGGGCACCTCGCTGCTCGGAGGCTACGGACAGGCGACGGGCACGTTCGTGGGGTCTCTTTTCATAGTTTCCATCGGCGTATTGATGCAACTCAAGGGGATCAACACACAAGTTGGCATGGGTTTCAAGGGAATAATCATTCTCATAGCGGTCTATTTGCAGAATCTTGGTAGGAGGTAGATGATGAAGATTCGATGGATGGGATGGGTTCTCGTTGCCGGTGCGGCGCTCGCGGGATGTTCGGGCGGGCAGTCTGAGGTTTCGGGAGACGGCGGTTCTGCGGCAGGATCGGGCGCCGAGCTTCCGCTGGTCGCCTTTGCGCAGGCCAACAGTCAGGACCCCTGGCGGCAGGTCTTTGACGCTGAAATGAAGGCGACGGCTGCGACTCACGACAAAGAGTTTCGCTTTGAATTGCAGGACGCCCAGGACGACGCCAATAAGCAGATCGGCTTGATTGAGACGTATCTGGTGAAATCGCCCAAGGTGCTTCTGGTGAGCCCCTGCGAGGTCGCAGTGACGATGGCGGTGGAGACCGCCTATGACCGAGGGATTCCGGTGATCCTGCTCGACCGGGCGATCGAGAGCGAGAAGTACACGTGCTGGATCGGGGGCGACAACGAGCAGATCGGGCGAGCGGCAGGCAAGTTCATGGGCGAGAAGCTCGGAGGCAAGGGGACCGTGCTGATGGTTCAAGGGCTTGCGGGGGCGACTCCCACCGAACAGCGCCGCAACGGCTTCTTGGAGGCGATCAAGGAGTTTCCGGGCGTCACCGTAATCGAAGGCGACTTTTGCGACTATCAGCGGCAGAAGGCGCGAAGTTACATGGAGACGTTCTTGCAGTCGGGTAAGGCATTTGACGCGGTTTATGCCCACAACGACGAGATGGCGATCGGCGCTTACCTTGCGCTGGAGGCTTCTGGAGTCAAGGGAAAGGCGATCGTCGGCATTGACGCCTGCCAACAGGAGATCGTCGATTACATTAAGGCCGGCAAGGTAACTGCGACCTTCAAGTACCCGACGCCCGGAGCGAAGGGGATCGAGGTTGCAGCCGCCCTCTTGAAAGGCGAAACGCCCAAAGAAAAGAAGATCGTTCTCGAAACCGAGATCGTGACGGCCGAGAACGCGGACGAGTTCTTGGCGAAGAACACTAACCTGGCCAAGTAGCTTCTACGATTCCGACCCGCGGATTCGGGCGAGCCTGTAATGCTCATCCGGCCAGGTCGCGATCGCGTCGACCTCCGACTCGGTGAGCCAGCGCACGGGCTCGCCGGTTTGGAGCGCGCCCAAACGGACTCGGGCCGCTTTTTCCGACATCAAGGTTGCCGCTAGGGCTTCTTTGGCTGTGGCTCCGAGCGTAATCAGCCCGTGATTCTGAAGCCAGATCGTTTTCGGAGCAGCCCCGCGCGCATTGCGGTATTCCTCCACGCGCGGCCTGATCTCCCGCGCGAGCGCGATCCCGGGGTCGGCGTAGGGGACGAAAACGGATTCCCGCCCGCAAAAGACGACCTCGTCCGGAAACAGCCTGCGCTTGGCGAACTCCTCAGCGCTGGGCAGGCACGCCAAGCTCAAGAGACTATCAGGGTGCGTGTGAGCCACAAACCTCACTCCTGGGAGTTGCAGGAGGTAGGCATGCATGAACGATTCGGTCGATGGACGCTCCCTCGCGCGCGGATTCGCACGGCAGTTGTCGAGCATGCGTCGCACTTCGGCTGGCGATTCGGGGCCGCCTTCGAGCAGCGAAAGGACACCCGCTAGGTTCAGCGCGACGAACCCAGATGCGCCGATCTCCGCCATCTCGTGGCCGCTCGCCTTGACCCACAGGGTGGCTTCCTCGATCCGCGCCGACACGTTGCCTTCGGCGAGAACGCAGCAACCCAGATTCGGGTCGCCCAGAGTCCGCGCCAGTCGGATGAGATCGACCGGGGGCTGCATGACGAGAGTATACGCTGGGCCGCGCGCAACGGCGGTTCTGAGCGGTTTTCGAGGCTCATATGGGCCGCTGGCACTCAAATTGCTGCACAATACGCTGCAAGATGGATACTCTGCGAGATGCCTTGGCTGTTGCGGTCCCGTTGTTCGCCGGTTTTTTCGGGGGGCAGTTTGCGCGTCAAATCAAGACGAAGGGCGCAATGGCTATCGGAATGGTTGTGGTCACGCTGATCCTCGGATTCGTGCCCCCTTGGTTTATCGACCCCTCGATCGGCACCAGCGAATACGTTTTCTGGCCGGTGGCCTACCTCGTGGGCTTCATCGTAGAGTTCCGGCGGAAGTGACCTTTACCTCGATGGAGTGGGCTGAAAGATCGAGAGTCCCGCTTTGTTCCAGTCGTCGAGAAACCTCTTGAGGCCCGAGTCGGTGAGCGGGTGCCGGAAGAGTTGCTCCAGGACTTTGAACGGGCACGTGCTGATGTGCGCGCCCACTCGGAGCGCCTGAACGACATGCTGAGGGTGTCGTACGGAGGCCACAAGCACTTCGCTCGCAAACCCATAGGTTCGGACCATCTCAACCGTCTCGGCGACCGCATCCATTCCTTCGCCGCTGATATCGTCGACCCGGCCCACAAAGTTGGAGATGAACGTCGCCCCGGCCTTAGCCGCGAGGAGGGCTTGGGTCACGGTAAACACCAGCGTGACGTTGGTTCGGACTCCCCTTTCGCTGAGGGTCGAAACCAGTCGCACTCCGTCTTCGATCAAAGGGACCTTGACGACGATTTGGGGATGCCAACTCGCGATCTCCAGGGCTTCATTGAGCATCGTGTCGTAGTCGGTCGCGACCACTTCCGCGCTGATCGCGCCTCCCGGCAGAAGGCCGCAGATTTCAAGGACGGTTTCGCGGAATCCTTTGCCCGACTTGGCGATCAGGGTCGGGTTCGTGGTGACGCCGTCCAGGACTCCCCATTCGGCCGCCTTACGGACCTCGTCGGTGTCGCCGGTGTCGACAAACAGCTTCATGCCGGGAGTCTACTCCACCTACTCGGGCCATCGGAACGCTGAGAATCGCGAACGTCCCGATTTCTCAATCGGGCGTTGAGTCCGCGAAAGAAGTGGTAATATGGCCGCATCCCCCACTTTGTTGCGGGGCCCCAATACGCATCATGTCAAAGCCTGGATCGACAAGCGGACCTCAAGTGCCCCTTCCCCGAAGTCGGCGCGGGTTTCGCTCCTATTGGACCGAGCTTGGAAGAGAGCTCAAGAAAGTGACGTGGCCTCCCCACAAAGAGACCACGCGGCTGACCGGCGTCGTCATCGCCATCTCAAGCCTGATGGTTCTGATGTTGACCGTGTTCGCGCTCGTCAGCGCCGAGGTCATCCGAGTGATCACGAGGGGATTTTAGGATGCCCAAGACTTGGTATGCCGTCCATACGATCGCGGGGCATGAGAACCGGGTGCGAGACGTTCTGACCCGTCGCGCCCAGGTTGAAGGGCTCTGGGGCTACGACATTTTTCAGATTCTGATTCCTACCGAACGAGAGTTCACGACTCGGGCAGGCAAAAGGGTAGAAGTCGATCGGAAGGTGTTTCCTGGATACATTCTGATCGAGATGAACATGACCGACGACGCTTACAAGCTGGTGAAGTCGACAAGTGGGGTGACGGGATTCGTGCAGAGCGGCAACAAGCCGGTTCCCCTCGAAGACTATGAAGTCACGAGGATCATGAAGAACCTCGAAAAGAGCAAGGAAGCGCCGAAGATCGCCTGGCAGAAGGGGGACGCGATTCGAGTGGTCGACGGACCGTTCGCCGACTTCTCGGGCAGGATCGAAGAAGTCAACTCCGACCGCGAACGGCTCAAGGTACTGATCAACATCTTTGGGCGCGACACTCCGGTCGAATTGGAATTCACGCAAGTCGAGAAACTGTAAGCACGGCAGACTCCGGAGCGCGACGATGAACCGAACCGTCGACCCCATCTGGAGCGTTCAAGAACGGGACACCGCCGCTGAGCAAGCGCTTGCTTCCGAGTTGGGCGCGCCCATGCTCCTTGCGATGGCGCTGGTTCAAAGGAGCATCACCGACGCCGAGTCTGCGGATCACTTCCTCAATCCGAAGATCGACGACTTCCATGACCCCGCTTTGCTGCCCGATTACGAGTTGGCCGCCAAGGAGATTCTGGGGGCCCGGGAGCGCGGCGAGCGGATCTTCGTCCATGGCGATTACGACGTGGACGGCGTCACGGCCGCGGCGCTCTTGGGGCGGTTTCTCGAAAAGATCGGATGCAGAGTGGACGTCCACGTACCCCACCGGATGAAGGAGGGATATGGGATTCATCATCGCGCCATCGACGACGCCAAGCAACGAGGGGCAAAGCTGTTTCTAACCTGCGACTGCGGCATTTCGGCGTTCGACCAAATTGACGCCGCGCGCGAGGCCGGGATGAGGGTGGTCGTGACCGACCACCACGCGGTGGGCCCCAAACTCCCTCAGGCTCACGCCGTCGTCAACCCTCATCGATCGGACTCGAAGTATCCGTTTCCTGCGCTCAGCGGGGCGGGCGTCGTTCTCAAGCTCTGCGCTGGCCTAGCCCGAGATGTGGGGCTGAACCTCGACTCGTTCTACGGCGCGTTTCTCGACCTCGCGGTGTTGGGAACGGTCGCCGACGTGATGCCGCTTGTCGGGGAAAACCGGGTGATCGCTTCGTTGGGGCTGAA
CP129494.1_gap54	2549601	2551543	1942	CAAACGCTCCGCTCTGCGATGGGGCGAACCGCCGAGATGTATCCGAACCTGGAGGATGAGGACCTCAAGCGGAACCTCTCGATCGCGCAGAAGTATCAAGAGGCGCTGCTCAAGGAGATCGAGTCGAGGGGTCTTTCGCGGGCGGCTGGCGCCGACCGAAGGGAGCCAAGACCCGGTCCGGCCAATCTGATCCCCAACGGCGACTTTGCGTTTGGGAACACGGGCTTCACCTCGGAACGGAGCTACATCGATCCAAGCCCAAACTGCCTATGGGGAGGCTACTACACGATCGCCCCGGCCTTCAATGCGCCGCAATTGCACACGAACATCCCGAACCGGGCCTATTCGGCTCCGCGAGGGGGCCAGGTGTTCTTCATGAACTCGGGCACCAAGGAAGCGTACACCCTTTGGTCCAGCACGGTGAGCTGTCAACCTCGCACGAAGTACCGGATTAGATTCTACGAGATTGGGCTGAGCGGAAGCCCGGAGTACGTCAATACGTATGAGATTCGGGTCAACGGCCAGCGGAGCGAGCCTCAGCTTGGCGGTGACGGCAAGTACGTCGAGATCGCGTTCGAGTGGAACTCCGGGTCATCGACCTCGGCGACGGTTTCGATCCGACGCCTTCCTCAAGCCCACATCGGAGGGATCATCGGAATCTGCAACATCGAAATGGTCCCGTCCGGGGAGAAGTAGGGGAGGCTGAGGGGTAGTAAGGCTCGGGGCGAGCTTGTTAGAACTCGGCGGAAGCTTGTTACAATAAAAGCGTTGGGCGCCCATTTCACCCTCACTTACGAAAAGGGGGACTGGCGATGGGGACTCCGGAAGAAGTCGCGGCGATGGAAGGCAGCTAAGCAGGGTACTACCTGAAAGGAATGCTCTTTCGGAAGAATGTCGCACGATAGGCCGAAGACATGGAGAGTGCCAAACGCTCGTCAACTCATCGACGACTAGGGCCAGTGGATCATAATCCGAACATGACCTTCGAGTTGGTCGAAGCCCAGCGGTTGCCAATCGAAGAGCTCTGCCGGCGCTACGGGGTCACGCGGCTCTGGCTGTTCGGCTCCGCCGCAACCGGGCGATATGACCCTAACAAGAGCAACATCGACCTCCTCGTCGAGTTCGGGCCGCCCGCAGGGATGAGCCTTGCTGCCCAGTACTTCGATTTCTGGGAAAAGTTCAAGACACTGTTCCAACGCGAAGTGGACCTGGTGGGGCGTAGCGCGATTCGCAACCCAGTCTTTCTGAGAAACATCGAGCGACAGGAGCGCCTCTTGTATGCGGCCTGAGGCAGAGAAGCTACTGACCGACGCGCGTGAGGCAGGGCGAGCGGTGCTGCAGTTCGCCTCGGGCCGTTCTCTGGGCGACTATCGCCGCGATCTCAGGCTGCGCTCGGCTGTCGAGCGGCAGTGGTTCATCGTTGGCGAAGCTCCGTCCCAGTTGCGAGCGATCTCCCCGTCTTCCTTCGAGGGTACCCCGATTCGCGCCGCATCGTCGGCATTCGCAATCTCTTGGCGCACGGGTACGCTCAGGTTGATGACGCCCGCGCCTGGGACATCGTCGAAAACGACCTTCCAAAGACGCTCGGGGAGATCGAAAGGCTGTTGGAGGGGAAATAGAATGCCTGACCCCATCTCGCGCCTTCGGTCCAGGCGTGGTACCCGAGGAAATTTGCAGGAGCTGGCGTTCTTCGCTTAGAATAGTCTGTGAGGCGAAAGGAATGATGATCGAAATCCAGAGCAAACGATCCAGCGGCGCGGGCCAGCCCTTCAACCTCACCGCTTTCAACGGCCTGATCACGGCCAAGAACACCGCCGTCAACACCCGGCAGCAGGAGGAGGGGCAGTTCCGGGTCGCGGTCGTTGGTGAGACCAATTCCTACGACGATTGCGACGACGAGGCGCGAAGGCTCCTGAATCTCGCCATCGCGACTCATGGGGTG
CP129494.1_gap55	2561256	2565657	4401	CGTTACGATCTCCAGTATCTTGGCATGGGAAAGCTCAGGGTCTGCGGTCTCGAGTTCAAGAGTGCGGCCGCTTGGGCTAAGATTCCAAGAAACGCAAACGTGGACCACGGAGGTTCTTCCATGCTCGGAGTGGAGTTCGACCCCGGTGGTATTCCGAAGCTGGAGCACATCCACCTGCCCCGGTTCGAGGACGGAGATTTCGATATCCAATGGGAGAACACGGTCCGGGACATCCTTCCGGCTGATGGCGATTAGACCTTTCGGTCAAGCGGGCGGGAGCGAGGCAGCCCTTAGTCCGGTTCCTTTGGAATCTGTGTGTTCCCCATCGACCCCCATTCCCGCGCCCAGAACACGTGGCCAAGGGTGTCAAAATCGGCTCTATTGAAGTTCGAGGAGATCAAGCTCATTCGATACGAGCACAGCTTGCGCGGGCGTCGCGTGCCCATATTCGCGCCAAGACAGCCTATTCGAAACGCTTTTGCAACGGCAAGAGCGAATGGGGAATGGTACGTCGTCGGCCAGCGTTCCGCGTTTCGGACCCTGTCCCGCTTGGCCATGTTCGCCGCCGTTCATCATCCCGCCATCGTTTATGTCCGGCTTCAGGGCAAGCCGCGCCCGCCCTTCGACCAAAACGAACCCCACGACCTCGTGCTCGTGCAAAGCAGCACGCAGTTCCGTCCGGCGGCTTGGAAGCAGATTAGAAACAACCTGGCGCCCGGAAGGCCGTGCAGCTTCTCAGTGCCCGAACCGGACATAGAGATGGACAGGCCGGACGCCAGGCGCGTGCTCGATCGATTCGACCTCGCTCAGCACTCCGCGACCGTGTTTGTGACTGGGAGCGAGCTGTTGTTGCGCTACTTTGCCCATCAATTGCGGCGGATGGCGCGATGCGAGACACCCGGCGACCACGATCACTTCTTTGAACTTGCGCGGAATGAGCACCGGTGCGGCCAGGTGGACGACATGACGATGATGTTCTGGCGCTTTGTGAAGGAATCTCTGTAGATCGGGCGAAAGGCAGGGTCTTCGGGAGCCGTTGCTGCGGTCGTTGGGTGGCAGGCAACAACCGTCGCCCTCGTGACTTGAGGAGATAGGATCTCCTTAGGCGCGGGAGCGGGGATTGAAGTCAGCGTGTGCCTTGGAGTTCTCCGTGCCGGGGATGCCGCTCCGTATCTCCCATCAGACGGCACCCGCTTTTTCCCTCGATCCGACTGGCGCCTGTGCCCACGCCAGGAGTCAGGCCCAAGGAGCTTGCGCAGGCCCTTCATCCTCTCGGACCTCTTGTCACCCGGTGTGAGGGCTGCTCCTAATCGGACCCGCTGAACAGGCGGGGGAGAGAGCGGGCGTAACTCTGGGTCTGCTCTTCGGGCCGCGCAGGCCGCAACCGAACCGCGCTCACTTGGCCTAAGACGGCCATTGGAGTTGGTCGCGATCGCGACGGAATCACCTCGTCGCCAAGTACTGCTGAATCATCTTGATCGCGGCGAGGGCGAGCACGACGCCAAGCGCCCGACGGAGCAGGTGCCCAGGCGCCTTGATCGCCCCGAGGTAGGAGCCCAGGATCGCGCCGAGGAACCCGGCAGCGAGCAGAGGCAGAACGCCCGAAACCTCCAGCCGCCCATCCAAATACCGCCCCCCAAGGCCGACCGCGGAGTTGAGCAAGATGAACGCCGCCGAGACCGCAGCGGTCGTCTTGGGCCCCGACCATCCGAAGAGCAAGAGCAGCGGCGAGAGGAAAATCCCGCCGCCGACCCCGACGATCCCTGAGAGAAGGCCGACAGCCGCGCCCCACGAGAGAGAGGTCCGGAGGGGAGGAAGGAGGACCGATTCGTCGTTCGGTTTCTCCTTTTGGCGCAAGAACATCCGTGCGGCGGCGAGTAGGAGCACCAGCGCAACGACAAGGAAGTAGGTCCGCTCGGCGAGTTGGATTTGCGAGCCGATGAAGGCGAACGGAACCGATGTCGCGGCGAAGGGCCAAAGGAGGCTGAAGTTGAAGTGCTTGGCATATCGATAGGCGAAGAACGAGACCCCCGCCACCAGCAGGTTCATCGTCAGCGCTGTCGAAGCCACGACGGCCGAGGAGTATCCGGCGATCGACAGCACCCCAATGTAGCCTGAGGCGCCGCCATGGCCCACCAATGAGTACAGCGCTGCGACGATCAGCACGAGCAGCCACTGGACGACGGGATCGAGTTCAAGCATGGGACCCGCTCGTCATTTTGGCTTGGGAGGAAGCTCAGAGGTCCCGGAATCCGACCGAAAGGGCAAAGACGTTGCCGAAACCCTTGGACTGAAGGTCGCGGGCCAGCACCTTCGCCCGCGTTCCGCTGTCGCAGACCAACAAGTAGGGATCGCCCTGAGCAAACCGCGCCAGGTGCTGGTTGATTTCGCTATAGGGGATGTGCAAGGTTCGGTCGCCGGGGCTTTGGAGGACTTGAGGGCGCTCATAGGGCTCCCGCACGTCGACGATCTGGAAGGCTTTGAGGTCGTCGCTCTCCCAGCCGCTCCAATGCCTGAGAATCTCCGAAAGCAGCACCCGTTTGGAGTCGCTGGGTTCGGATTCGCTGTTGACCCACTCGGCGTCGCCCTCGACGAAGTGCTCCTTCTTCCAGATGGGAACTCGCGCCTTGACCTCGTCGACGATGTAGCGGCAAGCAGCGAACGCCTCGCCCCGATGGCCCGACGTCACCTCGACTACGATGCTGGCCTCGCCGATTTCGAGCCTGCCGAGCCGGTGGACGCACCTGGTTTGGGTCAGAGGGAACACCTCTTCAGCCTCCCGGAGGATCGCCGCGCCTTCGGAAAGGGCAAGGTCGCCGTAGGCTTCGTACTCGAGGAAGCTCACGGCTCGGCCCTGGTGGTTGTTGCGAACGACGCCCACGAAGACGGCGAGCGCTCCGTCGGCAGGGGTCGCGGTGAGTTCGGCTGCGATAGGTTCGTGGGTCAGTTGGAAGATCACTTTCTAACCTCCTGCCACGGGGGGGATGAATGCGAGCTCGTCGCCCTCTTGGAGCGGCGTGTTCATCGGGGCGTAGGCTCCATTGACCGCCGCCCGAACGACGCCCGCCGGCAGCTTCCAACCGTAGCGCTCGCGAAGTTCTTCATAGAGGTCCCTCGGGGTCAGGGAAGCCGTTCGGACCGTCTCGGACGCGGCGCCTGTGGATTCACGAAGCATCGCGAAGTAGACGACCCTTACTGCGATTTCGACGTTCGACTTCATAGTGTTCCCCAATCGAAAGCGATGACCTCGACTTCGTCCGGCAGCGATTTCGGATCGATTCTCGCAAGGCCCCCCGCTTGCGACAAGCCCAAAAGCATGTGGGACCCCTGGCCCTTCAGCGGGACGGCCCGCCATCCGCGCTCCGTCTCTGTGCATTGAACCCGAACGAACTCGGTTCTGTCTGAGGGGCGAGTCGGTTCCCGCCACGATGCGCGGAAGGTGTTTCCCTCAATGGGCCGGTTCAAGAGGCGGCGCAAAATGGCCTTGCCGAAAAGCAGGAATCCCACGGCTGCGGAAACGGGATTGCCGGGAAGTCCCAGCGCGTACTTGGGGCCCTCTTCCGACAGCGATCTGCCGAAGTACACGGGCTTTCCGGGCTTGATCGCAACCCGCCAGAAGACCTCCTCGAAGCCCAGCGACGCAAACGCCGCCCTGACGACGTCGTGATCCCCGACCGAGACTCCCCCGGTCGAGAGCAAGACGTCTGCGTTCGCGAGCGCTTCGGCGAGGGCGCTGCGGGTCAGGTCGGGCTGGTCGATTACGGCACGCTGAAAGGTGACGGGGACGCCCAACAAGTGGAGCGCCGCCGCCAGCATCGCCGAGTTCGATTCGTAGATCTCTCCTGGCAGGAGAGTCTCACCCAGCGGGCGGACCTCATCGCCCGTCGTCACGATAGCGACCCTCGGCCAAGGGCGGACCGGAACGGACTCGAACCCGAGCGAGGCGAGGAGTCCGATGGTAGCGGGGGAGATGAGGGCGCCCGATTCGAGGAGAAGATCGCCTTGCCGGAACTCTTCGCTCGCTTTTCGGATGTTCGCTCCCAGTGGTGGGGCATCGCCGATCTCGATCCAGTCGCTGGAACGGGCGACGTCTTCTTGCATCACCACGGCGTCTGCGCCCGGCGGGACTTCCGCGCCGGTGAAGATGCGAGAGGCTTCCCCAGGGCCGAGAGATCGGGCGTTGTCGGACGCTCCGGCTTTGGATTCCCGAACGACCCTCAGACTCCCCGGACAATCGCTCGCCCGAACCGCATAGCCGTCGACAGCGGAGTTGTCGAACCTTGGCCAACCCACCGGGGCGTGGATCGGCTCGGCCAAAGGAAGCCGGAGGGCCTGGAGCGTCGGGACCCTTGTGGGCGGGAGGGGGGAGACGTGGGTTCGAATGAGTTCCAGAGCCTGTTC
CP129494.1_gap56	2566957	2570130	3173	GGCGTACGGCACCAAGCCTGCCTGGCTCCATCCGTTGCCCTTGAACGGCATATATTCGATAAATCTCACGTTAAGCCGTCGATCCTTTACAAAGTCGACGAAGTCCAACACCTCGTCCTCGTTCACCGACGACATCAGGACGACGTTGAGCTTGATCGGCTCGAACCCGACTCGCTCGGCCTCGTCGATAGCGCGAAGGACGGATTCCAGATGGTCGCGCCTCGCGATGGCGGCGAACCTCTCCTTTTGGAGGGAGTCGATGCTGATCGTAACCGAGTCGAGCCCGGCATCCTTATACTCCTGGGCGCGGTCGGCCAGCAGGACACCGTTGGTGGTCATGCACAGGTGCTTGAGGCCGGGGATCGACCGGAGCTCCCGAATCAGAGAGGGCAAACCCTTACGGACCGTGGGCTCGCCTCCCGTCAGCCTGATCTTGTCGATCCCAAGCTTGACGAAGAGCCGCGAGAGGCGGATGATCTCCTCAAAGGTGAGAATCTCCTCGCGTTCTCGCCAGGCTATCCCCTCCGGAGGCATACAATAAACGCATCGAAAGTTGCATCGATCGGTGAGCGAGATTCGAAGATAGGAATGAACTCGCCCGAAGCGGTCGACGAGCGGGCCGCCGAAATCCGGGCCACGTCGTCGTTCAAACCGGCCATCGAGGACGTCAAGCGGTTGGATCATCTGCACACTTTCATAATACGCGCTCGGGCCCCCGAGTTCGATATGATTTGGCGCAGAACGGCTTGGCCGGGTCGGCGATGGGTTACCTGTTTTCCCGCGTGACCGCCGGCCAGTCGTCCGTACGGAAGGGGGAAGCTGGAAGCCCGTTGCGATTGACGAGGTTCGGAACCGCGTCGTCTCGCCAAGCGAACCGAACCGAAAGCGGTTGGCGAACCGCATCTGAGCTCACGCGAATCTTGGAGCCCACCATCGCGGCTTTGGCCTCATGGAATACGCGATCCTGTCCGGCAATCACGAAATGGGTCAGGGGTTTTCCGTCGCTCGCCGCAAGGCCGTCTTCGGCGAAATCGAATTCGATCCAGACCGCCGAACCTTCGATCTTGAAGCTGCGGTAGAGGGGACCGCTGCAGACCACTTCGCGGCCGTAGTCGTTGGCGAGCGCCCATAGGGCCAGCCGCCGGCCCACCTCTCTCTTGTTGCGAGGATGGATGTCGCTGACGTTTCCGATGTCCATCGTCACCGCCATGCCGGTTCGGGGCGTCGTCCGGTACGTATGAAGTTGCGCTTCCCATAGCTCCGCGCAGTTTTCTGGGTTCTGATTTCCGTAGCGAAACGGCGCGATCTGAGCAAAATAGAAAGGAAAAGCTCCCTGTTTCCATGCGGCCCGCCATTCTTCGATCATCAGCGGGAACAGCGTACGGTACTGCCAAGCTCGCGAGACGTTGCTCTCACCCTGGTACCAAATCGCTCCCCGAATGCGAAACGGCGCAAGCCCTCTCACCATGCCGTCGTAAAGGTAGCCTGGGCGATGCTGCGCCCCGACTTGAGGGTTGTTGCGGCGTTCGAAAACCGACGCGAGGTCGGGCCGAGATTCAAAGGCCGACGCGGGGGTCCAAGCCTCGACGGGAGTCCCTCCCCAGGTGGTGTCGATCATCCCGACCGGAGAGTCCAGGTTCGCGCGGAGGTTCTTTGCGAAGAAGTAGCCGATCGCCGTCAGCGGTCCCGCCGAAGCCGGAGTCACCACCGTCCATTGCCCCGTAACGTCTTGGAGAGCGGTATCTGAAGCGGTGTTCTTCACGGTAAAGATTCGCAGAAGGTTGTCGTTGGCGGAGGCGATGTCCTCCTGTGCGTGGTCGGTCGCCGAGAGAGGCCATTCCATGTTGGATTGTCCCGAGCAAATCCACACCTCACCCACGACTACATCTCGCACCTCCACCTTTGCGTCGCCCGAACTCGCTTCAAGCGGGATCGGCTCCGAGCTTGCCCGCAAAGGCGAAAACGTCACCCTCCAGGTACCGTCGGGAGCGCTCAGGGTCGTTCGAGTCTGATCGGCCAAGCGCACTGTGACCGGGAGGAACGGCTCGCTGAATCCCCACACAGGGAGCGTTCTCCCCTCTTGAACGACCATGTGATCGCCGAAAATCGCGGCGAAGCCCACCTTCGCGGCGGGTTCAACTGAAGCCGAGATCAGCGATGGAATCAGGAGCAGCGCAATCGACATGACGCAAGATTCGGCGCAATTCCAAGCGTTCCTGCTCTTGGCTCCCTCCTTGCCGAAGCGTCCAAGTGTCAGAATGCGGCAGAGGGCTCATGCGAACCGTCCGCATCATCGACAGCCACACTGAAGGCGAACCTACCCGCGTGGTCGTCGAGGGCGGTCCGGAGTTGCGCGGCGACACCTTGCAGGAAATGCGCGCCGACTTCTCGGATAGGTTCGATGAGTTTCGCACCGGAGTCGTCTTGGAGCCCAGGGGAGGCGAGGCCATGGTGGGAGCGCTGCTCACGCGGGCAACCTCGCCAGAGGCTCAGTGCGGGGTCGTTTTTTTCAACAACGTCGGCTACCTTGGAATGTGCGGGCACGGCTCGATCGGGGTCGTTCGAACGCTTCAATACCTGAACCGGATGGGAACGGGAAGGGTCGTTCTCGACACTCCTGAGGGGCCAGTCGCCGCGGAAGCTCTCCCCGAGGGGCAGGTCGCCCTCGAGAACGTGGAAAGCTACGTTCTTCGTTCCGAAGTCTGCGTTCGCGCTTGCGGGCGGGAGTGGCGAGGGACGGTTGCTTACGGAGGGAATTGGTTCTACCAGTGCGCAGTCGAGCGGCCTCCGACCTTCGCAGAGAGGGAACTGTGGAGGGAGACGGCCCTAACGGTTCGGCGGGCGCTCGAAGCCGCGGGCATCATCGGGGACTCGGGCGCCGAGATCGATCACATCGAGTTCGTGGGTCCCCCCGAACGGAGCGATGCGAACGCAAAGAGCTTCGTGTTATGCCCAGGCGGGGCCTACGACAGGTCGCCCTGTGGGACGGGGCTCAGCGCGAAGCTGGCGATTCTGGCGGCCGAAGGCAGGCTCTCTCCCGGCGAGGCGTTTCGCATGGAGGGCCTTTGCGGGGGCGTCTTCGAGGGGTCGTATCGCGTGTCGTCCGGCGGCCGCGTGATTCCAAGAATCGTCGGCCGAGCCTACTTGACCGGGGAGGCCAGGCTCCTGTTTGA
CP129494.1_gap57	2578238	2580401	2163	GCGCGTGGTGTGGGCCGGGGTCGATGCGGAGGGCGACGCGATTCGCCTCTTGGCGCAATCCCTCCGCATCCGGCTTCAGGAGCGGGGAATCGCGTTTGACCCGAAGCCGATTTCGCCCCACATCACGCTGGCCCGCGTCTCGCGCAACGGAAGAAGCCTTGGGCTCCGGTTGCCAGAAGGAAGCAAGACCGATTTCGGCTCCTGGACCCTCGGCGTAATTCGACTCACTCAGAGCCTTCAGGGACGCGAGGGCTCCGAATACAAGTCCCTATCCGAGTTTCCGCTCACGGGGGCCGAGTCTTGATGCGTCTCGTCGCCGTCATCGGCCCCGGCTCGTGCTCCGAGGAAGAGCGGGGGAGGGCGTTCGACGTAGGAGCGGAGATCGCCCGCCGTGGACTCGGCGTTGTCTGCGGAGGGCTTGGAGGGGCGATGGAAGCGGCGTGCAGGGGGTGCGCCGCATTCGGCGGAGAGTGTGTAGGGATCCTTCCGGGAACGGATCCGAGCGAAGGCAACCCCTACTTGAGCTTTGCGATCCCGACCGGAATGGGAGAGGGCCGAAACGTGCTGGTCGTTCGGGCCGGCGCGGGCGCGATCGCCGTCGGCGGGGAGTACGGGACGCTCTCGGAGATCGCTCTCGCGCTGAAGCTCGGCAAGCCAGTCGTGACTCTGGGCGGGTGGTCGCTCCAGCACCCATCCGGGCTCGGCGAGAGGCTGTTGCGAGCGGATTCGGCGGCTGAAGCGGTGGAGCTTCTGCTGGGCGCTCTCGAAGGCTCCTGACAGTCCTACCGTCGGGAGCTTTGCCAGCCGAAGGAATTGCCTGTTTGAACCCAAGCACCGAAGAATACGGGTCCTCCGCCTGCCCGAAGACGGAAATTCCAAGGCAGGAGGTATCGCCCCAGCCAACGGGCGAAGGGGCGGACTAAGGCGATGTACTTACTTTCACTGCATGAGGATCGGAGTCTGATCGAGGCCAGTCTGGGCGGGCGCGTCACCGCTGACGAGGTTTCCGTTCTGCTGGATGAGATCGATGAGATCGTCGACCAATTCGAGAGCCAGGGGTTTTCCTTGCTCATCGACCACTCTCTCGCCAAAACGATGGACCAACATGCTCGCGCTCAATTGGCCGACTTGAAGGACGCGTGCCTCAGCCGAGGGGCGATGAAGATTGTGACGGTTGTTGCCTCAGATGAAGAGGTTGCGCGAAACGTAAACGAGCGGTTCCACTGGGCGATGGAAGGGAGGGAACAGTACGTTCTCGATTCTTCCCGCATCGAGTGGCCCGCGACGAAAGTCGCCAGGACTTCGCTCGCAGCTTAAGAGCGAAGCGCCGTTGCGAGTCCATTGGGGCTGCAGTCGGGCAACAGACTGCTTGGACTGCGCCCGTTCCTCCCTGATCGAGGGCCGGCAGCACGACTCTTGAGCGTGACTGCCGGCTTGTTTTTTTGGGTCCCGCACCCAAACCTTCAGTTCGCCTCTTCGATGTCGGTTTCGAGCCAGAAGGAGGGAAGCTCGTCCTCCTCGATTTCAGGCTTCTTGCGGACGTCGGGGTTCACAAACACCGTGTCGTCCTCAGAACCGCCCCCGTGGAGGAGGGTCAGGATGCACTCCGGGCTTGCGGGGGAGTATTCATGGATGACTCCGGGTTCGAGCGTCATCCTTTCCCCAGCTTCGAGCGCGATCGGGTCGCCCGCCGTGGCCTCATAGATGTCCCCGTCGATCTTGACCGGGACCTTCGCGCCACTCGTCTGAACCGGGTCGCCGGGCCAGAGTTGGATCGCGAGCACCCCATGACGGCAAAGGAGCTCCTTCTTGAGGTGAGGCTCGAAGTGCGCCGGCACCACCATCCCCTCGCGGAGGTAAGCGAGGTCTTCGGCGTATTCGGGCTCCTGCACCTGCCGAAGCAAAACCAGTCCCCAGAGCTTGAGCCTCCCCAGGCCGAAGTCCGTGACGCGCCAGCGAGGCTCGGGCGGAAGCGCCCAGCCATGTTCTTCAAAGCATTGCGCCGCGCTCCGCACCAGCGCATTCACCTCGCTGCGCCTCATGCGGAGAGTCTAACGCGAACTGGCTCCTTTGGCGACTCAAGAATGCGAAATCGCGAGGCCCATCCTTCTCCGGGGCGGCGCGCGCCATCGGGTATCTTGACCTCGACGCGGCTGTAGCTCA
CP129494.1_gap58	2642102	2645656	3554	AGAAGCGTCGTCTCGACCAGAACACCAATGAACCCGTCCATTTGCGCTCCGCCAGTCGCAGCGCCTCTCAAGCCTTGATCGGACTTCCCGGACTCCCGCTGCTTCTGGGCGGAGGCTGTCCGAGCCTCCCAGTAGGTGTCGACTGCGGACTGAACCCGTTCTGGAAGCTCGCGCAACAGACCATCAAGCTCGGAAGTCACAATTGCACGTTACCCCAAGGCCATCTTCGGTAGCTGTACTCTTGTCCACATGTGCGTCGTCGCCCCTTACTACGGATTGAGCCGCCAATAGGCGCGGGACGAATGGAATGGTGGCGACTCAAGTTTCGGCTTCACGGCACGAAGGACCTCGCGCTGCACCTGCGAGAACGCGAAATCAGATATAAGAGTACGAGAAAAATCTTGCCCGGCGCGGATCGCAACTATTGCAGCGGAACGCCGTGAGTAGGGCTCGATCGCGCCCATCTGCACGAAACCAGCCCCCGTTCCCTTATCCTGCATCGTCATTTCAGATTGGGCGGCGCTTGCTGTGATGGCGAGTAATGTCGCATTGCTCGACGGGCAACGCCCTGGTTCAAACCGGCCCCAAAAACGAAAGCGGCCAGTAGGGACGCAACTCCCAAGCGGATGGCGACCGGATGGCCGGGTCTGGGACACGACCTCTGGCTCAAGAGGCGGATTCGGTTCAGAGGGCGCTCTCCCATCCCAGAGGAGACCTTCAACCCCGCGGAGACTGAGGGCTGCCAACGACGGACTCCTGAAGGTCCCCGCAATTGAGGAATGACACGGGACCATAGCCTGCAAACCGACGCTTCATTACGGCGATTGCCTCCGCGCTGCTGTCCACGAGCACCGCATCACGGTTGTTCCTCATCGCCGATTCGCCAAGCGTCCCACTGCCCGCAAAGAAGTCGAGCAACCTGTCGCCCGGATTCGAGTGTACGCGCACGATCCGATCCATGATCGCCAGTGGCTTCTGAGTCGGATATCCCGTTTTCTCCTTGCCGCTGGGGCTGACAATGGTGTTCCACCAGGTGTCCGTCGGGGTCTTTCCCTTGGCTGCCTTTTCGGGCCCAACCAATCCGGGCGCCATATACGGGATGCGATCGATGTCGTCGTATCGAAACGTATAGGCCGACGGGTCCTTCGCGAACCACAAGATGTTGTCGTGCTTTGCGGACCACCTCCGGGTCGCCCGGGCGCCGTAATCGTACGCCCAAATGATCTCATTCATGAACGAGTCGCGGCCGAAGATCGAGTCCAAAAGGACCTTCGCATAGTGAACTTCCCGATAGTCGAGGTGGAGGAAAAACGAACCCGTCGGCTTCAACAGCCGATAGGCCTGTTCCAACCTCGGTTCGAGGAACCCCAGATAGTCCGAGAAGGAGTCGTCGAACGACTTCGTGCCCAGCCTCGTCGTTCGGTACCTGCGGCCAGCAAACCCCGTTCGATCTCCATTCGCATCGGGCCGCGTTTGGATCTGAGTTCGGGCCTGCGTTTTTCCCGTGTTGAACGGTGGGTCGATGTAGATGAGATCGAACGACGCGGAAGCAAACGTCGAGATAACCTCCAAACACTCGCCCAAGTGGATCTCAACCATAGGTTCCCCGCAATGCGCCCCGGACCCACGGAAGTCTACTCCAGGAGGCCCTCCCAAAGGGCCGCCTGTCGCCGCCGGCGTGAGAGCCTCGGTTGAGTCTCAGTTCGTGTTCGAGGCGGGTGGGCGCTCGATCAGCTCTTCGACTGTGATCGTTACGCTCGCCCCAAGTTGTGCCCCTTCCGAAAGGGCTTCCCCAACCGTTTCCTTGATGCCTTCCGCTCCCGAGGAACCGGTCGCCGAGCCTGGCGCGCTCACACGCACCGAATCACCCACCTTCAACTTCCGAGTGGCCCTTTCGTGCCTTCCGCGATGATCCATGCCAACGAACAGAGTCACCGTGCCGTCGTCGTTGAACCTTGGCAAAATACTTGCCTCGAAGCCCACTGCGGGCTCGCTGAAGAGGTGCTGCTGGTTGTTGCCTTGCGTGACCGTCGAAGTTGAGTCGAACCCAAAACGGGGAACCTCGATGCGGACCTTCAGCCGCAGCCTCATTGGAGCGACGTCGAACATAGCGACGAGCCGCTTCAAGTCGTCGAGCGACTTCGCCGGCCCCAGAGCTACAATGACGTTCTTGGAGTCGTCGGCTGACAGGTCGAACGCGGGCGCAAGCCGTTTCCAGTGGTCCTCGATCCCCCCTCGGGCATCGCGAGAGTGGTTCTGACTCACCAGGTACGACGCGCAAACGTTCTTGACTGGGATCTCGAAGCGCTCGGCGAATTGCGTGTGCGCCAAGGCGGTTGCCGCGAGCAGCGTTGGAAACACCATGGTTCACCTCCCCGAGGGCGTGGCCCTCTTGGAGCTAGGGACGTTACGGAGGTTTGGCTTGGTTCGGCCAGAGGGCGCCCCGTGGGCAGGGAGCGGAGGTTCTGACTGGGGGCCGCCAGCCTCGCTGAGGCGGGTGAAGAGATCGGAAGTAGGGACGACACCCAAGGCGCCCGATCCTGCGGTTTAGTGTGGCGTCGTTGCCCCGGTACAATCATCGCACCACGCCACTCCCATGAGATCCCGCTTCATCCGAAATTTCTGCATCATCGCGCATATCGATCACGGAAAGTCCACGCTCGCGGACCGTTTGATCGAGCGTTGCGGCGCGATTCGGGGCGCGGCTAAAGAGCAGATGCTCGACACGATGGACATCGAACGTGAGCGAGGGATCACGATCAAGATGACCGCCGTCAGGCTCGAATACAAGGCGAAGGACGGGCAGACGTACCAGCTCAACCTCATCGACACCCCTGGTCATGTGGATTTCACTTACGAGGTCTCGCGTTCGCTCGCCGCTTGCGAGGGGGCTGTGTTGGTGGTCGATGCGAGCCAGGGGGTCGAGGCACAAACGATCGCGAACGCGTCGATGGCGATGGCGCAGGACCTCGCCGTCATTCCCATCATCAACAAGATCGACCTGCCCCACGCCGATGTGGAGCGAGCCAAAGAGGAGATCGAAAACGCCTTGGCGATCGATGCGAGCGAGGCGATTCCGTGTTCGGCCAAGACCGGCGCGGGGGTCGAAGAGATCCTCGAGGCCATCGTCCGCCATGTTCCTCCGCCGACCGGATCGCCCGATGGTCCCTTGCGAGCGCTGATTTTCGACTCGCACTTCGACACCTATCAGGGCGTGGTCGCTTATATCCGAGTTGTGGACGGTAGCGTGCGCCGCGACGACAGGATCAAGATGATGTCCACAGGGTCTGCGTTCGACGTCGATCAGGTGGGCGTGTTTCGTCCGTCGCTCGAAGTGACCCAATCGCTGGAGACCGGCGAAGTGGGCTTTCTGACGGCTGCGATGAAGACGATCGGCGACGCGGCCGTGGGCGATACGATCACGCATTCCCGCCACCCCGCCACGCACCCCCTTCCGGGATACCGCACCGCCAAGCCGATGGTGTTTTGCGGCATGTACCCGTCCGATTCGGACCAGTATCAGGAGTTGAGGGAAGCGATCGCCAAACTGCAAC
CP129494.1_gap59	2649737	2651938	2201	AGCACAGGGCGCTGCGCAATAACGGAGTGAAGGCGCTCTACATCCGCCAAAGCGGCAATCCTGCTGACCTGTTTGCAGACGCCGCAAGGATCATCAAACAGTGGCCGAAAATCCAGTTCTGGGGGTTAGCCGCCAAGCCGGGCACTCTAGCGAAGTTGGATTCTTCCGACAAGATCAGCGATCTTCCATAGCCAGGTTCGCGGCCGTGATGCCGGCGATCGCCTGCCTAAATGGGTTCCGGAGGCCGGGGCCGTCCTTCTTGATTCTCGCCATTAGAGCAATTCTAACCCCGACGATGAGGATTCCTGCCCTGACGGGAGCTTCCGCAAGGGTGCCGGGAACAATTGTGACAGCGGCCGAAGCGCCTGTCGGGAAGGGTGGTATGGTTTTCTGGCTCGCTGCAGCCCCAACGGGGCGAGCATTCACCAGCGAAGGGCAACGCCCTGGCAAGCGCGGGCCCCAGAATGACCGGCGGCCTGAAGGGTCGCGATACAATCGGGAGAATGCCTCAATCCCTCGCCACCGTCCTGGTCCACGCCGTTTTCAGCACGAAGGACCGAACCCCTTGGATCGCACCGGCGATCCGGCAGGAACTGCATCCCTATATCGTCGGCGTCCTCGCCAACATCGGCTGCCCCTCGATCCAGACGGGCGGCGTCGAGGATCACGTCCATGCCCTTTTTCGACTTTCGCGCACGATGTCCCTCGCTCAGGTGATCGAGAAGACGAAGACGAGCTCAGCGAAATGGATGAAGGCGAAGGGCATGCGTGATTTTTCTTGGCAGGCAGGATATGGGGCGTTCTCGGTCGGGCAAACGGAGGCGGACCGGGTGATCGCGTATATCAAGGGCCAAGAAGAGCATCACCGCAAGGTTTCGTTCCAGGACGAGCTTCGGGGCATGTTGCGGGAGGCGGGACTCAAGTTCGATGAACGGTATCTGTGGGATTGAATCCCGGCCCTTCAGGCCGCATCCTCTCTTACGGCATTTCCTTTGTCCAGGGCTTCGCCCTTCGCTCTTGGATGAACGGCCCTTCAGGCCTACGTGGCGACAAGGGCGCCCGCCGGCCGGGCACGCGCTGCCCCCGCGATGCTGGCGATCGCCCTCATCCATGAGTCCCGGAGGCCGCGCCCATCGCGCTTGAGTCTTGACTCGCGGACTGGCGAGGGGGAATGTCCTTGGTTCTTCCCAGTCTGCACAGCGAGTCAGACACGGGGCTCCCGGCCTTTGTCGTCCCCAGAACGTTCTTCACTCTGAACCCACGAACGAACGCCCGGCCCTCCCGAACCAACGGCACGACCAGTCGCCCGTCCGGGGCAGCCGCGGGGTTGGGATGAAATCTCCTGAGATGACTATCCCTATCGGTCGCGCTTCAGGTACGCGTAGGCGTTGTGTGCGTGGATGGACTCGTGATTCTCGACCTCGATCTCATAGCTGACGATCCTGGGGTCGGAATCCATCCGAATCGCGATCTCTCTGACCATGTCCTCGACGAACCTGGGGTTGTCGTAGGCGCGTTCGGTGACCCACTTCTCATCGGGGCGCTTGAGGATGGGATACAGGTCGCAGGAAGCCGCGTCCTCGATCAATTCGATCAGTTCTTCGAGCCAGATATGGTCTTGCGAGCGGCACTTCAGCGTCACGTACCCGCGCTGGTTGTGAGCCCCTCGCGCGCTGATTTCCTTGCTGCACGGGCAGAGGGTGGTCACGGGGACGATCACGAGCATTTCGAGGTCGAAGTCCCCGTTTGATTCCGCTGAGAAGCCACAGGTGTACACCATCGATCCGACCTTGCCCGTCACCGGCGCCGCCTTTGCGATGAAGAACGGAAACGTCACGTCGAGGTGGGCTCGCTCCGCGTTGAGGCGGGAACGAAGCCCCTCCAGAATCTTGGGGATGCTCTGGACGCTGACTTCCTTTCGGTTGTCGTTGAGGACTTCAAGGAAGCGGCTCATGTGGGTGCCCCTGAACTCATGGGGCAGATCGACGGTGAGGGTGAAGTTGCCGATGGTGTGCTGCACTTCGTTGGCGCGGTCGAGGACCTGAATGGGGTATTGAATGCCGCGAACGCCGACCTTGTCGATGTCGATCTTGCGCTCGTCTTTAGAGCTTTGGATGTCAGCAAGGGGCTCTCGCGCCTTCGAAATAGCGTCCTTCATGAGTTCACCGCTGTATCCTACGCCTCCGAGCCGCAAAAGTTGA
CP129494.1_gap60	2653886	2658855	4969	CCGGACCGCTCCTCGCAGAACTGCCGCTTGCTGCTCGAACCCCGAATCACAACGCGCTCGTTCTCACGGACCACCTCCGCGAGTTCGGAAAGGCTGACGGGCTTCACCACGCCGCGCCCCGCCATCGCTTGCGGTGCTCGGTGCATCCCCGTTGGTTGGGAAGAATCTTGCACGGGTTACAGCTTGTCCCGCCGTTGAAAACGGACTTGGCGTCGGCCTGAAGACGGATGCTCGGTTCATCGAACATTTCAGCGAAAAGATCAACTTTCTCGACGCCGACGCCGTGCTCTCCGCTTATGCTTCCGCCGAGTTCGATGCAGCGTCGAATGATCTTCTCCCCCGCTCGGATCGCCCGGTCGACTTGGCCCGGGTCGCGATCGTCGAAGTAGAAGCAGGGATGCAAATTGCCATCGCCCGCATGAAAGAGGTTGGCGACGCCGATTTCGTGCTCCTTCGCGACCTCGTACACGAAGTCGAGCATGTCTGGGAGCTTCGATCTCGGAATCACGCCGTCGTGGGTCACAATGCTTGGGGCGAGTCGGCCCATCGCGCCGATTCCCTTTTTGCGAGCGGTCCAGAGGCTTTGACGCTCGGCTTCATCTCGGGCGATGCGGAGTTCGAGCGCGGAGTTTTGTTCGCAAATCGTTCGCACCACCCTAAACTCCTGCTCCACGCGCTGCCGTGGCCCATCGCATTCGATCAGAAGCAGGGCGCGTGAGCCTTCGGGGTAGGTAAGCCCGAACGCCGCGTTGAGAGCGTGGAGGATCCCATGATCCATCATCTCCAATGCAGCCGGGATCACGCCCGCCGCAATGAGGTCGGCGACGGTCTTCGTGGCGGCTCGAAGGTCGTCGAAGGCCGCGAGGGCGGTTTGCACGAAAGGAGGGAGCGGCGTCAGCTTCACCCAAGCCTCAGTGACGATCCCGAGTGTCCCCTCCGAACCTACGATCAACCCCACCCAGTCGTACCCCGGCGCGCCTGGCGCGAGGTTGCCGAGTTCGAGCCTCTCGCCCGCAGGGTCGATGAGCGTCAGAGCGAGGACGTGCTGCGAGGTCACGCCGTACTTGAGCGTATGCGGGCCCCCCGAGTTCTCAGCGATGTTGCCTCCCAGCGTCGCGACGGTTTGACTCGACGGGTCGGGCGCGAAGTGCAGGCCGTGCTTGGCGACCGCATCGGAGATTCGCTTGTTCACCGCGCCCGCTTGCGCATGAAGTCTACGATTGCCGACGTCGACGTCCAGAATCGCCGTCATTTTCTTCGTGGAGATTACGACGCCGCCCTGGGCCGGCAGCGCTCCGCCACTGAGGCCGGTGCCTGCTCCTCTGGGCGTAAACGGAACCTCACTACGAAGGCAATACTGAACCACCTGTTGCACATCGTCCGTCGTACGGGGAAGCACCACGCAGGCGGGCGGCGAGCGGTCGATCGTGTAGGCGTCGCAGTCATACGCCCTTCGAGCGGCCTGACCCGAAAGCACCTGGCTTGAAGGCAGAATCCTGCTTAAATCCCGCGCAAGCGCGTCCGAGCCGGTGCGTTCAGAGCCCACTTCAGCTTCATTCTATTCCAGGTGAGTTGCTGGCGGCTCGCCCTAGGCCGCGAACTCGTGGACTTGAGACGGTTCATTGGGACACGGGCCGGCGATCCGCCCGAAGCTTCCCCAGCAGCAAAATCGCGCCGGGTTTGTCGATCATATTGTTGCGAGAGATGCAATTCGAGATGAGAAGGCAAGCGGGGCAGCCGGTTTCGCAGTCGCACGACGTCACCAACTCGCTCGCCATTTCGCGCCAGGGCTCCAGTGAATCGATCAGTCGTTCGCTCAGGCCGATGCCGCCGGGAACGTTATCGTACACGAAGAGGGCCGCTTTCATGGAGTGAGGGAACAGCCCGTACCACGCGCTCCCGAGATCGCCCCGATCGCACTCGGCGATGTAAGGGGCGGTGACGACCAGCGCGTGTTCGAGACCATGAAGCGAGCCGAGGTATTCTGGCGCGTCTTCGCCTTCGACCGGGGGAAGGTGGACCCAGATTCCCAACGTGTCGAAACTCACCGGCGGAAGGTCGAGAGCCTCGTACCCCAGCACCGTATCCCCGTCGAGCGCCAGGCGCTTATAGCCGGTCACCCGCTCCGTAACTCGCAAGCTACTGAGTTCGGCAGAGAGACTGCCCCAGACCCGCTCCTGCACTTTCACCAATGGCTGAATCTGCACTTCGACTTGAGGTTCTGTATAGAATTCGGCCCGCAAGTGGGTGAGAGTCGCTTCGCGCCGGTCGAGGTTCAACTCGTCTACGAGGTAAGGTACGCCTCTATGAATGTGGACCGCGCCCTTGTGGAGCGTTTTGAGCGCACGCCAATACTCGCTCTCGCCCACCTCGTCGTTATCGAGAAGAATCCGCACGGAATCTGAACCCACCGCGCGGATATCGACCTTCGGCGCAGGGGGATCGAACGATTTGTAGTAGTACCTCCCGGCGCTCATCTCGATATCACCGCTTTCGGCAAGAGAACCTATCGCCCAGGAAGCCGAAGAGGAAAACGCCTCAACCTCGTCGAGGGTCATCGGGCGCTCGTACACCGCGCATCGAAGCTGCTGTTCGAGAATCACCGGGTTATCGACGCTGACCGACACGGGCTCAGGAGGCGATTCCATCAGGATTCGCGGGTGCCGGGCGAAGTAGAGGTCCAGGGGGTCGTTCCGGGCCAGCAGCACCGACGCGCCTTCTTCGGTCCCGCGTCCCGCGCGGCCGGTTTGCTGCCAAAAGGCGGAGCGGGAGCCGGGGTACCCATTCATCAGCACGACGTCCAACCCGCCGATGTCCACGCCGAGTTCAAGGGCGTTCGTACTCGCGAGACCCAGAAGGCGGCCCTCGAAAATGGCGCGCTCGATCTCCCTTCGGTCCTCCGGCCGATACCCCGCGCGATAGCTGTCGATCAGGTCCGGGTCGACCCCTCGCCTTCGGGCGGCAACGCGGGCGTAGCGCAAAACAAGCTCCACCGAATTCCTCGACCGGCAAAACGCAAGCGCCCGAAGCCCTGCCTGTACCATCTGAACCAGAGCCGCCGAAGTCGAGCGGTTCGGGCTGGGAAAGGACTCCTCGTCGCCGAGTTGAGGGGCCCAGAAGAAGTAGCTTCGCTCGCCGCTCGGCGACCCGTCGCCCGCGACCACGTGTCCCTCCTTCCCCGTGAGTTGGGCGAAGAGTTGGGCCGGATTCCCGATCGTGGCCGAAGCGCCGATCACCTGAGGTTGAGACCCTGCCGCTTTGCAAAGGCGCAAGAGTCGTCGCAGGACGCTAGCGACATGAGACCCGAACACTCCGCGGTACACGTGCATCTCATCGAGAACGATCGTTCGCAAGTTGCGAAGAAACTTGGCCCAGTTCTCGTGATTGGGAAGGATTCCTATGTGCAGCATGTCCGGGTTGGTGATCAGCACCGAAGCGGCTTTTCGGATGGCTGCCCGCTCGGACTTGGGTGTGTCGCCGTCGTAAACGCCCACACGAAGCCCCGATCCCTCCCCCAACGACTCCAGCCTTTGAAGCTGATCGCGCGCAAGGGCCTTCGTGGGATAGAGCAGCAGCGCGCGAGCCGTGGGTTCGGCGAGGCAACGCTCCAGGAGGGGCACTGCAAAGCAAATCGTCTTCCCGCTATTGGTGCCCGTGACGACGACGACGTCTTTCCCCGACCTCACGGCGTCGATCGCTTGAGCCTGGTGGGTGAAGAGCCTCTCGATGCCGCGTTTGCGGAGGTTCTCCGCCACGATTCCAGGGAGCGCTTCCTGCGTCTCCGCAAACTCAGCTTGCCTTGCGCGGATTCGAATCACCTGGGCCTTGCGCTCGAACATCGGAATGCCGGCAACACGTTCGGCCAGCGTTCGGCGCTCCATGGCTAGTCCAACTCATCGAGTTCTGGCGCCCAGTCCGAACGCTTCACGGTCAGCTTGACCGCCGCCACGCTGATCGCCAGGAGGAGGGTCATCGGGATCGCCATCATGAGGAGCGTGAACGCATCGCCCGTCGGGGTGAGGATTGCGCTCGTGATCACGACGAACGCGATCGCGTGCCTCCAGTAATGAATCAGCGTGTCGGGCCCAATCAACCCGATTCGTCCGGCGATATAGACGACAAGCGGAAGTTGGAATCCCACGCCGAACGCCAGCATCAACTTGAACATGAAGAAGACCATCGTCCCCGGCTCTTGGTACAGCGCGGTGCCGGGGAAATCCTCGAAGAAGCTGAGAAACCACCTGAGCGTCGTGGGAAGCACCAGCCAACAGAGCGTTACGCCCAAGGCAAACAGTAGAACGCTCAGGGGCGCGAGCCGGCGAATCGGACGCCGTTCCTCGGCCTTGAGTCCGGGCGAAACAAACCCCCATATCTGCAGGACGATGTAGGGCAGGGCGATCCCCAGGCCGATCATGAACGAGAGTCGAAACTTCAGAAAGAACGCCTCTGTCGCGCTCTTGAACGGCTCGGAGTATTGGAAATCGGCGTGCGTCTTGCGGTAATCGGCGACCGCGACGTTGACTAGGTGGTTGAGGGAGTCGTAAAGGTAGGGCTGAATGAACCAGCCGACCGTCCACCCGACCGCGATGACGACGAATGTGCGGACGATTCGATCTCGCAGTTCGGAGATGTGTTCGCTCAGAGTCATGCGGTACTCCTCTGGATCAGCAGAGGAGCCCCGCTTGTTCTTTCGCTTGGAGGCGATCTTGAGGGGCATAAACTCCCCTCATTATGAATTAGCTTTCGAGAGTGAGCACGATCCGATAGCGGAATCGCAAGAGTTCCGTTCCGCCCCTTGCGCCGCCACCCTGCGCGCCGCCTCTACCAGTCGCTGCGGGAGGGCCCATGATGCCCTGGCCGCCGCGTCCGCCGCGCCCTGCTCCCGGAGGTCCCATTGTGCCAGCTTGGCCGATCCCCTGGGTTCCTGACATGCGTCCGCCTTCATCGTCGCTGCGCTGCCCGCCGCCGC
CP129494.1_gap61	2661556	2665343	3787	TCGAGCAGTTCGCCGCTGCCAATTCGATTTCGCTCCTCGAAGCCTGCGCCACCGAGGAGTTTCTCCAACAGCTTTCGTCCCGCGCCCGAAACCCCATCGGCGCGTTTTCAAAAGCGATTCTCGAAGCCCGGCACCTCTCGGAATCCGGCGGCGTCACGCAGGTGTTGAAATCCCTTCTTCAGGCAAGCGGGTACCTCTCCTCGCTTCGCGAAGACCGCTCGCCCGACGCCCAATCGCGATTGGAGAACCTCCAGGAGTTGCTCAACGTCACCACGCAGTACGACGCCTCAGCGGACGAGCCGACGCTCTCCGGGTTCCTCGAAAGCGTTGCGTTGGTGTCGGACGCTGATTCTATCGGCGAAGGCGGGGAGGCTGTCACGCTGATGACCCTCCACACGGCGAAAGGCCTGGAGTTTCCGGTCGTGTTCATCACGGGGTTGGAAGAGGGCGTGTTCCCGCATTCGAGGTCGATGCAAGACGACGCGGAGCTCGAAGAGGAGCGAAGGCTCTGCTATGTAGGCATGACCCGCGCGCAACAAGAACTCTATCTCCTGAGGGCGCACCGGCGAAGCGTGTATGGACAGCCTCAGTTCAACCGTCCCTCGCGATTTCTTGAGGAAATTCCGCGAGAACTTATACGCGTCATGGGTGGATCGCGTCCCGCGCCCGAGGGGCTCTCCACGGTTTATCAGGAGCGCTCGGGCCGATATGGCGTGATCGAGCCTCGGGCCGCAGCCTCGCCGCCCCCGCGCACGGCCCTGCGCTCGCCGGACTGGAAACCGCCTTTCGACGTCGGGCAGACGGTGCGCCATGCGAAGTTTGGCGTCGGGGTCGTGGTGGCTTGCGTGCCGATCAAGGGAGACACCGAAGTGACCGTCGCGTTTCCGGGTGTCATTGGAGTCAAGAAACTGGTGCAAGGCCTTGCGAAGCTCGAACCTACTTAGCTGCGGTTTGGGGGCCGCGATGTCGCTCTTGGCGGCAGGCTGCGGCCCGAAGAACGAGTACTTCCCGCTCGATGTGGGAGACTCGTGGACGTTCGGAGTTCGAACGGGGTATGGGTCGTTTTCCGAGTCCATTCGTGCGACGCGGGAAATCTCGGTCGGGGGCCACAAGGGCCTGGAACTGGTGAGTCGGGGAGGCACGTCGCGCCTGTATCAGGACGGCGGCGATCTTTACTTGTCCGAGGGCGCGGTCGGGAGGTTCGAACCTCCGATCCCCCTGCTCTCCGCGGACGAGGCTGAGTCGAGGCGGGCTTGGGAAGGCGTGGTCATCCTGCGTGGGGCCCAGAGGCGAGCGAAGGGCGTGTGGAGTCAGAGGTTCGAGAAGTCCCCTCTGCCTTCGTTTCCGTCGTCTCATGTCTTGCGATCCACCTTCGTTTTCGACTTGGGGACGCGCCATTACGAACTCAACAGTTGGTTCTTGGCAGGCGAGGGCTTGATCCTACAGGAGCAACGGGCGAACGGAGAACTGGTGACTCGGCTCGAGCGCGTGGGCACCTCGCCCGCCAACTGACTTTGGTTCAACGAGAAAAAACCCGGCCCTTCGGCCGGGTTCTTCTTCCCTCATCGGTCGAGGAGCTTATTTCTTGCGTCGTCGAACCACAGCGGCAAGGCCAAGCCCGAGGGCGGCCAGGGTCGCGGGCTCAGGAACCGCGCAGTAGGATGCTCCGGTGAGCGAGATCCGATATGCGCCAGTGAGCGTCGAAGCGGCAGTGCCGTTCCAATCGAAGATTGGGCTGCCCGCGCCAGGGCCGTCGGGTGCGCGCTCGACGTCGTACGGAGTGTCCAACCACAGTTCGGCGCCGGTCGCGTCTACGGGGTCGCGGTCATATCGGCTGATCGCGAGGTAGTAGTGGCCAGGTCCGGGCAAGAATGTGCCAGTAATCACAGACTGGAGTCCAGTGGCGGCTGGGTCGTCATCGTTGAACGTGACTCCAAATCCGCCCGAATCGAACAAGAACAATTGCGTGTCCAGCGTGGTGCCACCCACCGTCGAAGCCGAAAAGCTGGTGTGGTCGTAAACAAAGATACAATACATATCCTTGTCGTTTCCGTCCGCGGCAGCGTTATTGCCAATGAACCCACTGATGAAATCCAAAGTGCCGGAGCCGACCGTGATTTGGGCAGTACCCGGCAGATCGCCGGCATCGCCCACTTCCGTCCAAAGCTGAGCCTGCGCAACGCCGAGCGACGCTGCCAAGCCCATCAATACGAGTTTCTTCATCTTCGCTTCCTCCAAATGATTTGGGCCTTGAACTACAATGCAAACGATGGCTAGGTTTTGGGGCCCAAGTGCAAAATCCAATATACAAATGTTTGTGCGGATTGCCAAGGCATCCGAAAATAACCTGGTACGTTTACCTGGTCACGATTTGCCGAGTATAAGAATATGCGCGGAAGCTTCGAACAAGAGTTAGTACAAAAGGACTGAGAGCATGAATGAGATAGCGGCCGCTTCGACGAGGAGACCGGTTACGCTCGGCGACGTGAAGAAGAGCCCGAGGGTGCGGGCGCTGATCGACGGCGCGAACGAAGTGATGAAGGCGATGGGATACACCGAGCACGGCCATCGCCACGCGGGGATCGTCAGCAGCATCACCCGTTACTTGCTCGAGCAACTTGGCGCGCCGCCGCGTGAGGTTGAACTTGGACAGATCGCGGCGTATCTCCACGACATCGGAAACGTCATCAACCGGGAGAGCCATCCGATCAGCGGCGCCAACCTCGCGTATCCCATTCTCGGCGACTTGGGGATGCCCGAAGAGGAACTTGCTCCTATCCTCGGAGCTATCGGCAACCATGAGGAGCTTCACGGAACCCCCATCAACACGATTTCAGCCGCGTTGATCGTCGCCGACAAGAGCGACGTTCACTACAGCCGAGTCCAAAACCCCATTTTGGAGTCGTTCGATATTCACGACCGGGTGAACTATGCGGTGCAGAAGAGCCGAACGGTCATGGACCTAGCCGCGCAGAAGATCGAACTGACCTTGGAGATCGACACGAGTTACGCCAGCGTCATGGAGTACTTCGAAATCTTCCTTTCGAGGATGGTGATGTGCCGCAAGGCCTGTGATACGTTCGGCTATCAGTTCGTCCTCAGCGTGAACGGCACGATTCTGGGGTAGACGTTAGCGAACGGCGAGCGCGTCGGCGATTTCGGATTGGATTCGGTGGGCCGCGCCTTGAGGGTCCGAACTGAGCGTGATGGGCCTGCCCACCACGAGGAAGTCCGCTCCCCAGCCAAGTGCGGTGCGAGGGTCGGTCGATCTCCTGTGCTCGTCGGAAGATTCTCCCGCCGGTCGAATCCCTGGGCTCACGATCAACGGTTCGTCGCCCAACTTCTCTCGCAGCGTGCGAATCGCTTCACCGGAAGCGATCCAGCCGTCCGCACCGGCCTCACGCGTGGCCTGGGCTCGGTGGGTGAGGTAGTTCATGAGAAAGTCATCTGGCGCGCGGATTCCGTCGAGGCCGAGATTGTCCCTTAGTTCGTCTGGCCCCACGCTCGAAAGGAGAGGCACGGAGAGTAGGAGCGGGAGGGAGCGGGAGCCCCGCCCTCGGACCGCTGCGCGGATCGTCGCGGGGCCGCCATGAAGCGTCAGGAACCTCGCCCGGCCACCCAGGACCTCGACCGCGGTCGCAATCGTTGCGTCGATGTCGTCGAGTTTGAGGTCGAGGAACACCTCCTTCCCGAGCGAGCGGAGCCTCTCGACCGCCGGCAAGCCTTCGGCAAAGAAGAGCCGGTACCCGACCTTATAGAACTGCACATCGTCGCCGAGGGCTTCGAC
CP129494.1_gap62	2673328	2677432	4104	GCATTATCGCCCCGCCCCGATTCCCGCCGAAGTCCACACGATGAAGCTCAATACGAGCAAGTTCGACATCAGTGAAGAGACTTCGAAGAATTCGACCTACCAAGCGACCGTCGATGCGAAGCCGATTGTCAGCACCCACCTAGACGAGATCGTGCGGGAGGCTGTCGAGCGGCGGGCGAGCGATATTCATTTCACGGTCGGCCTCCCCCCAATGGCGAGGGTGGATGGCGAGATCATGTCCTTGCCCTATGAGGTGCTCAGCCAAGAGGACACTCGTAGGCTTGTGTACGACATCCTCACAGATGAGCACATCCAGACGTTTGAAAACTCGCACGAGCTGGATTTCAGCTATGGGATCGCGGGCCTTTCCCGATTCCGCGTCAACGTCTTCATGCAGCGAGAGAGCGTAGCTGCGGCGCTTCGGGCGATCCCGACGAAGATCCCGACCTTCGAGCAACTTGGGCTCCCTCCTGTGATTCGTGACCTCACGAACCGCCACTCCGGGCTCATTCTTGTTACGGGTCCGACGGGCTCGGGAAAGTCGACGACCATCGCCACGATGATCGACGACATCAACTCCAACCGGGGCGGGCATATCGTCACCATCGAAGACCCTATCGAATACCTGCACGGACACAAGAAGTGCATCGTCAACCAACGGGAGTTGCACTCGGATACGTTCTCGTTCCACAACGCCTTGCGCGCGGTCTTGCGCGAAGACCCCGACATCATCCTCGTGGGTGAGCTTCGGGACCTGGAGACCATCGAGGCGGCTTTGACCCTCGCCGAAACGGGCCACCTCGTCTTTGGAACCTTGCATACGCGAAACGCTCCAGCCACGATCGATCGAATCGTCGACGTCTTTCCTTCGGATCAGCAAGAGCAAATCCGCGTTCTCTTAGGGAACACCCTCGAAGCGGTCGTCTCGCAGCAGCTCCTACCCCGATTGGGGGGCGGCCGCGTGGCCTCGCTGGAGATCATGATCGGGGTCTCCGCCGTAAAGAACCTCATCCGCGAGGGCAAAACTCACCAGATGTACTCGGTAATCGAGACGAATTCCAACATCGGGATGCAGACGATGGATCGTTCGCTCGCCGACCTCTTCCGGCGCGGCGCTTGCAGCTATGAGGAGTGCCTGATGCGCTGCGTCGACAAGGAAACCTTCACACGCCTCGCCAAGGGCGGCTAAGGTCTCCCTCAGCTTCAGAAGTCGTCGACTGACCTGTAGGCGTCGATCAGCGCCCGCTCGCCTTCTTTGCCCGGCCTTGCGTTGCCATGCTCCATCCCCATAATTCCCTCGAAACGCTTGCCGTGGATGTGGCGGAACACGTTTCGGAAGTTGATTTCACCTGTGGTCGGCTCTCGTCTGCCCGGGTTGTCGCCGATCTGGAAGTAGGCGATCTCGGACCACGCCTGGTCGAGATTCGGGATGAGGTTGCCTTCGTGGACTTGCTGGTGATAGAGGTCGTCCAATATCTTGCATGCGGGGCTGTTGACGGCGCGGCAAATCGCAAAAGCTTGCGCGATCTTGTTGAGGAACAGGTTGGGGTGATCGCGGAAGTTGAGAGGTTCGAGCACCATTACAAGGCCATGCGGCTCGAATACCTCAGCCCCTCGCCGAAGGGCATCGATCACGTTTGCGGTTTGGATCCCGTTCTCGAGGCGCGGCTCGACGGTCCCAGGAACCACCGTCATCCACTTCGCGTTGACCCGCTTCGCGACTTCGACCGAGTCCCGAATGTCCTTGACGAACCGCTCCAAGTGGTCTTGGCGTCCGGTGGTGAGAGTGGGGTTCGTCCAGTCGATCGTATTTGCGACGAATACTCCCATCGTGATCCCTAGGTCGCTCATGGTCTTGGCGATCTTCTCTTGTTCTTGCGGCGAACGGCCCTTCATGCCGTTGTCCTCCCACGCCCTAAACCCCTCGTCCGCAGCAAACTTGAGTTGGTCGACGGGGTCAGAGCCCGCGTGGTTCTGGAACATGCCGAAGTGGGGGGCGTAGTTCAGGTGGAAGACTTTTCTCTGAGGTGAGGGCGTGGTTTCGTTGAGCGACATGGCTGAGCCTGATGCGAGGGTGAGGCCGGACGCTAATCCAGCCTTGAGAACATCCCGACGACTTTGATTCTGCACGGTCAGACTCCTAAACGAACTTCGTCTTGCCCGGCATCGCGACCGGCGGGACTTCCAGCGGACCGAATCCCAAGGTCTCCGGAATCAGCTTCTCTTGCGACTCCAGGGCTTGGTCCCAAGAGATCTCCGCTCCCGTATAGGCCGCCATCCGGCCCATGATCGCGGTCAGTGTGCTCTCGGCGACTTGGCGGCCCTCGTTAATGTAACCCTTGCCTCGAATCGCCTCGACGAGGTTTCGGTGTTCGAGCATATAGGGGTTGGGCCGGTCGCCTTCCCACCTCCATGCCTTCTCGCCGCGAATGTAAGTGTTGCCGTTCGAGGTTCCCTTGGTTCCCACGAGGTGTTCGGAAACGCGTCCCGCGGTGTTGTCGATTTGGCGGCACATACTGACGAGCTTGACCCCGTTGTCGTACTCGTACTCGGTGGCGAAGTGGTCGAAAATGTGCCCAAAGACGGGCTCCGTGCGGACCTGCCTGCCCGCCAGCGAAACCGCCTTGGCTGGATGTTTGCCCATCGCCCAGTTGCAGACGTCGAGGTTGTGTACGTGCTGCTCGACGATGTGATCTCCCGAGAGCCAAGCGAAGTACAGCCAGTTGCGGAGCTGCCATTCCATATCGGTCATCGACGCGCTCTTGGGAACGCTCCATAGCGCGCCCTGATTCCAGTAGGCGTAGCATGCGACCACATCGCCCATCTGGCCTTCATGGATGCGTTTCATGGCTTCGCGGTACGCAAAATCGTGCCTGCGCTGAGTCCCTGCGACGATGTTGAGGCCTCGCTCTTTCGCCCGGTCGGAGGCAGCAAAGACCTCTCGAATGCCAGGCGCATCGGTTGCCACGGGCTTTTCCATAAACACGTGCTTGCGGGCTTCGATGGCCGCCTTGAGATGCATAGGACGGAACCCAGGCGGGGTTGCGAGGATCACGTAGTCGACCCCGGAACCAAGAACGCCCTCATAAGCTCGCCAACCGGTGAACGCTCGGCCGTCGGGGACCTGGTAGCGGTCGTTGAGGTTCTTGCGAAGAGCCTCGCGGGAGCTTGCAAGGCGATCGGGGAAGAGGTCACCCATCGCCCATATGACGACGCCAGGGTCCGCGTTCGCGGCGTCCACGGCTGCGCCGGAGCCTCGTCCTCCGCAGCCGATCACGCCGACCTTGATCGTGTTCGATCCTTGCGCGAAAACCCCTGCGGGACTCAGGAGCGCTGCCGCGGTTGCGGCGGAACCGGCGAGGAAATGCCTGCGAGAGAGATCATTGGGGCCTGACATGCCATAAGCATAGCGCGAATTTTCGGGCGATGGCGCGCAACTCCGCCAAGAAATTTCAGCCGATGAAACGAGAAGCTCAGCTACGCCGGCACGGCCGTTTCCAAGCCAACCTCGACTAAGTACTGGGCCAGGTCGGCGATGCGGCAAGAGTAGCCCCACTCATTGTCATACCAAGCGACGACTTTGGCGAGGTCACCGATCACGACGGTATCGACCGCCGAGAAGATCGAGGAATGCGAATCGCCGATCAGGTCGCTCGAAACCAACTCCTCATCGGAATAGCGAAGGATGCCCTTCATCGGGCCCTCGGCGTACTCGCGCATGGCGGCGTTGATCTCGTCGACGGGGGCTTCGCGATTCAAGAGGGCGGTGAAGTCCACCACGCTCACCGTTCGAGTAGGGACGCGGAAGGCCATGCCCGTAAACTTGCCCTTGAGTTCGGGAATCACGAGGCCAACGGCTTTCGCCGCGCCCGTACTCGAAGGAACGATGTTTTCGGCTGCCGCTCGCGCGTCGCGGAGGTTTTTGGCCGCCGTATCGACCGTTCGCTGGCTGTTGGTATAGGCATGGACGGTCGTCAGCAGGCCTCGCGCAACGCCGAACCTTTCATGAAGCACCTTCGCCACTGGCGCAAGGCCGTTGGTCGTGCAGCTCGCATTCGAGATGACATGGTGCTCCTTGGGGTTGTACATCTGCTCGTTGACCCC
CP129494.1_gap63	2703236	2707035	3799	GTCGAAGCACCTCTGCGAGAGTGACCTCTTCGTCGGGCAGGGGGTGTTGCCCTTCACCTTGGTTGAGCCCCCAACCACCGACCTCCTTGTTCCCTCGAATCGAAGCGTGGCCGGTGTGCTTTCCCGTAAGCAGCGAACACCGTGTAGGGGCGCAAACGGTGCTGGCCGAGTAGAACCTCGTGAACCGAACCCCCTCTTCGGCAAAGTCATCGAGGCGGGGCGTGGCCATTCGCTGTTGCCCATAGGAGCCCAGCTCACCGATGCCGAGGTCGTCGGCCATGATCAGGATCACGTTGGGCGGCCGGGAGCCTTGGAGCGGGGCGCCGGGTTCGATCGCCGAAAACGCAAGGAGAGTCGTCAGGGCCCCGAGCATGGGCACACTTTACCGCAGACAATATTGCCGACGGCTCGGGACGGAAGTTCGTAGACGTTCGCAAGGAGACCCGCCGCGCAATGTCCATCCGACCCGTCAAGCGAATCGCCAAGGCTAAGCCGACCCTCGAAGGAGCCGGGGTCCACCTCCACCGCGCGTTTGGCTTCGGGGCGACGAGGGAATTCGATCCTTTCTTGCTGCTCGACGACTTTCGCAACGAGAGCCCCGAGAACTACTTGGCGGGGTTCCCCTGGCACCCTCACCGCGGAATTGAGACGATCACTTATGTTCTAGCGGGGACGGTTCAGCACGGCGACAGCATCGGCAACTCGGGCGTGATCGGCCCTGGTGATGTGCAGTGGATGACCGCAGGAAGCGGGATTATCCACCAGGAAATGCCCAAAGGCGATGCGCTCGGCAAGATGCACGGATTCCAGCTTTGGGGCAACCTGCCGAGTTCGCTCAAGATGACCGCGCCGCATTATCAGGAGGTGCAGTCTGCGGCGATCCCGGTGGTGGTCGAAGACGATGGCGTGGCGGCAAGGGTCGTTTGCGGAGAGTTTTGGGGGGCGAATGGGCCGGTCGACGGACTCGCCGCGGAGCCGATCTATTTGGACCTATCGGTTCCGGCTGGACGTCGAAAGACATTTCGGGTGGACACCAGCCGCAACGCGTTCGCTTACGTGTTTGAGGGCGCGGCCAAGTTCTGTAACGCCTCTGAGCCGTTTGCGGTCCCGACCGAGAGCATGGGATGGCATGAAACGAACGCACCCACGCAGGCCGACAACCGATCCCTCGTGCTGTTTGATTCGGGCGACGAGGTGACGGTCGAGGCGGGCGAAGAGGGCGTGCGGTTTCTGTTCGTGTCCGGTAAGCCTCTCAGGGAGCCGGTCGCTTGGTATGGCCCGATCGTGATGAACACTGCGGAGGAACTGAAGGCGGCGTTCGACGAGCTGCAAAAGGGTACGTTTTTGAAGCATACGGAGTAGGGCAGAAGAACGGGTTGGCAAAAGCAGAAGGAGTCGGAGTTCATGAGATCGCAGGTTATTGCATTCGCGGGTTCGCTACGAAAGGGCTCGTATAACCGATGTCTCATCGAAAATTCGAAGCGGCTCGCTCCCGAGGGGATGGAGTTCGAACACGTGTTTCTGGACGACGTTCCGCTTTACAACACTGATGTCGAAACCGAGAAGTTCCCCGAAGCGGTCGTCCGACTCAAGGAGCAGATACGCGCCGCTGACGGAGTATTGATGGCAGTACCTGAGCACAACTTCTCGTTTTCAGCGGTACTGAAGAACGTCACCGAATGGCTATCCCGCCCGCCGCGGGAGAATTCCGTACTCGAAAACAAGCCGGTGATTCTCCAGTCGGCCTCGACTTCTTGGTCAGGTGGCCTTCGGGCTCAACTCCAGCTACACCAAACCTTGAACTACTTCCCCGTGCGCCTCATGCGGTTTCCTGAGGTGTGTGTAGGGAACTGCGCGACGAAATTCGACGACACAGGCATCCTGATCGATGAACCCACAGTCAAGCGGATCCAGACTCAGTTAGAATCGTTTCAGCAATTCATGCGAGGGGAGGGATGAGGGCCGGACTTATTCTGCGATCCCCATGGACTCCTCGAACCCTGCCATCAGGTTGAAGGCATGGACGAGTTGGGCTGCGCCGCATTTGCCGTTGCAGTCGGCGATCACGCGGACGGCCACCAAGCACGTCGGCTCGTCGCTCGCGCTCACTTCAACCGAATAGAATGCGTAGGGAGACCCCTCGACCTCGTCCCAGGGCAAGGTCGGTCCGGGCCGCTCCCAGACGAAGAACGACCGGCCGAAGGACTCTTCATACAGGGACCGGAACTCCTCCGGAGAATCGGGCGTCCGGACGACCGCCATGCCCGTGCAGGCGAGGACCGTTCCCGCATCGACGGGCTCGTAAACGCAATGTGCTTCGCCCGTCCAAGACTCGGTCGCCAGCCACGCTGCGACGTCTTCCCCTGAGTCTTCGAAGGAGAAGGCGATGCTCGGAGGCTCAAGGGGCGCGCCCGCGCGGAGCAACGGCCCGAGCGCGATCAGGGCAAGTGTGGAGGCGGGTCCAGGAACCGACATCTCGTCGGCGCATACGATCGGGTTGTTGTCCATCAACTCGATCAGTCCCTTGATCGGGAGGTCGGGACGATCCGCCTCGATGCGGCGCTCCCAAGCGCCTTGCTGGAACCGAATGCCGGAGGGCGCTTCCCCCATCCACTCGATATGCGGATGGCGAGACAGAAGGCGCGACAGCCCCTCGATAGGGGCGGCCCACACCTGCACCGTCGAAGTAGCGACTTCCATGCGCCCCCCTCCGTCACACCCTCTTGACGGTGACGGTCGAGTTCAGTTTCATGGGTTTTCCGCCGTTCTGGCCGGGCATCGTGACGGTCATCTTGATGTTCGACGATTGCAGCGAGCCGTCGGAAAGGCGAAGCATCGACTCGCCTGAGCCGGTGATCGTCATGCCGCTTCCGCCACCCTTGACCGTCGAGGAGACCACGGCGACGTCGAGGTTGCCGACTTTCTTGACGGCTACCAGTTTATAGGTTGCGGTAAGTTTGCCGCCCGCTCCCATCTGCCCTGGGCCCGCCATCTCGCCGCTCCACGTGCCTCCAATGCCGACCGGTTTGTCAGGGAACGTAATGTTCGAAACCTGCTGAGAAGCCGATCCTCCCACGATCTTGCCTTTGCTATCGAGCTTGAGCGTCTGGATGGTCGGTTTGCCTTGCGCCTGGCCGTTCACAACCGGCGGGCCGACGGTGAACTCGACGGTTGCGACTCCGTTGGCGACCGACAGGACTTTCTGACTGAACGGGGTACTGAAGGGCATTGAACCGCCGGTGGGCAGGGACGTCGTTGCCGTCATCTGGTACTTGGAGATCACGCCCTTGGTGAACTTCATGCGGAAGAGATAACCGTTGCCGCTCTTGCTGATTTGGGGTAGCGCCGCCGTAGCTGAGAAGCCGAGCAGCAGCGCCGCGGGGACGACCTTTCGCAGTGTTTTCATCTTGTTTCCTTATACGTTGACGGTTCGCGGCAGGTTGAGGTACTCGATCGCTGGGACGAACGGGTACCCGAATTGCTCCGCGATAGGTTGCAGCGTGACCGCGCCCTCGGCGACGTTGAGTCCCTTTCGAAGTGCCTCGTCTTGCCGGAGGGCGTCGAGTCCGTGGTCGGCGATTCTGAGCACGTAGGGAAGGGTGGCGTTTGTGAGGGCATAGGTGCTGGTGTGGGCCACCGCGCCGGGCATATTGGCCACCGCATAATGAACGACCCCGTCCACGGTATACACCGGGTTCCCGTGCGTGGTGGCTTTCGTCGTTTCAAAACAGCCGCCTTGGTCGACGCTGACGTCCACCATCACGGAACCCTGCTTCATGGAACTCAGCATGTCTCGGCG
CP129494.1_gap64	2715021	2716094	1073	CCGGCGCTCTTGAACGTTCTGTGGCAGCGTGACGACGTGTATTTCTCGATGGGCGTTGGCGCATCGTTCAACCGGGAGTATCGAATCGTGGGCGGCCAGCGGGATCGGTTCAACAAGATGCGCTTCGCGTACCAGATCGGTGGCGGCTGGGCTTTTCAGGGCGACAAGTCCCCCCTCGTCGTCGAGGCGCACTTTTTCGGAAACGAACAGGAGCACTTAGGCGGCTTCGCGGTGGTTGCAGGTCTCCGGTTCTAGCGCCCTGAACGAATCCCCGAAGATTACTGGCCCTTCCCGGTGAACACTGGGAGGGCTGGGTCGTATATGCCTATACCGCTATGGAGCTTTGCCTTGACATGGCCATGAGACGCAGTCCGCAGCTCGACCCTTCTGCGGAGCTTGCGCTTGTGGAGCGCTGCCGGTCCAATGACGCTGAAGCGTTCGCTCAGATCATTGACCGTTATCAAGGACGGCTGTTCGGGTTCGTCAAGCGGATGGTGGCCGACCCGGAAGACGCCGCCGACCTCACGCAAGAGGCCTTCATCCGAGCGTACCAAGCGATCGGCCGATTCGACGGCAGGTCGTCGGTGAGGACGTGGCTTTTCCGAATCGCGCACAACCTCTGCATCGACCGAGCGCGGAGAAACGAAAGGCGACTGGCAGAGACTCGGCTCGACGCGGCCTTCGACGATGCTGAGGAACTGCAAGTCAGCGACGAGCGGTGGGACCCTGAGCGCTGGGTGATCGAAGAAGAACTCCGTCAGGTCATTGAATCCGCGATCTCCACCATGAGCGCAAAACTCAAATCGGTTCTGTTGCTCCACGATAAGGAAGATATGTCGTATGAGGAGATCTCGGCCGCCCTGGAAATACCGGTCGGAACCGTAAAGAGCCGCCTGTTCTTGGCTCGTTTGCACGTTCAAAAGGCCGTCAGCCCTTACATCGATGGGGGGGCAACTTAAAATGAAGAGATTTCGAATTGCGCAACGACAAGAGGCCAAGCTGGACGCTTCGCTCGAAACCCAAGCTCAGAAGACGGTCGCCCGCCTTGTCTCCCAACTGGAAGACGAGACTCC
CP129494.1_gap65	2790439	2795126	4687	GCCTGCGTTGTTGACGAGCGCATGGAGCGGCCCGTCCGCAACCACTTGGGCGAGAAGGGAGTCAGCGCGAGAGGGGTCCGAAAGGTCGGCGATGTAGCTGCCCGCAGCCTGATTCCCCACGGCGCGTTCGGACTCTTCGAGGTCCTTTCCCGGATGCGATCCATGCAACGCGACCTGCCATCCAGCTTCTGCGAGCGACCTCGCTATCGCCCTGCCGATTCCCCGAGACGAGCCTGTGACCAAGACACGCGAGCTACCCATGCGGCCATTGTACTGGACGGCTCACATCCCGACGCCGGTGTAATACTTGAGCCCCTTGCGCCAAAGGACTTGGGAAACGGCGTAAATCACCACGATCCAAACGGCTTGGATCATCAGCGTTTTGTGCGACTCCGGACCCTCCAGCTTGCCGATGAGGATCTCCGTCGGCGCCCCGGCTGTGTAGTAGAAAGGCATCCATTTCGATGCGCTCTGGGCCCAACCAGGAAGCAAGGAAAGAGGGAACAGGTACCCCGACAAGAACAGGTGAGGCACGTAATAAAGCTCGAAAACGGCCATCGCCTCTTGCGTAAACAGCGCGATCATTCCCATCGCCATGACGAACACGAAGCTCACAAGGTGTCCCAGAACCATCGAGGCCCACAGTTCCCACCCAAGGTAGACGGTAGCGCCTTCGAGGAAGCTCCGGTAGAGCGCAAGAAGCGCGATCAGGAACGGAACCGTAAAGGCCATGCGGATGCACCGCCACGAGAGGTTACGAAAGAAGGTGTACTGATAAAACGAAATCGGTCGGATGAGGTAGGTAGAAAAGATGCCCTCGCGTATCTCGATGGCGACTTCCCACATGATGTGGCTGTTGACGAACGATCCAAGGATCAGCATTCCGAGGTAGTAGAGGACGAAGTCGGAGGTTCTGAGTCCCGCGATGGGGCCGCCCGAGCTTGCCGCCGCCCACACGAGGGGCATGGTGATGGCCGTCGTAAGGTCCGTCAGGATCCAAATGATGCCGCTCGCGCGATACGCGATGCCGTCTTGCACGAAGATGGCAAATAGCGCCCACCACTTTCGAATCGCGACTCTGGCTCCAATAGGCATTGCAGACGAGATTCTACTATACCGTCGCCAAGCACCTCGAGTGGCTCGCCAGGGGCCCCTCCGACGTTCACGCTTGCAGCCGACGCACAAAGGATGGCTGCTCGACACGAATAGGATACATCTATGTCAAGCATGAAAAACTCACCCATATTGGGAAATCTGTGTTACACTTCTTTCACGATGCGAGGAAGAGGACGAGAGCATCGACCGATGAGCAACGCTCCGGAGGAACGCTCGCCATCTGCGCCCCCCCCCCCAGGGAGTGAGCTTGTGGAGGGTCAACAGACCACCGCAGTACGCCGTCGGCCCAATCGTAAGGGAGCTTTGACCCTGTTTCCGCGGGGTCGTTCTTGGACAGTGAATCCGAGAATGTGGGTGGGAGCATGGGCGTGGATTCTGGTCTGTATTGCGCTCTGGGTTGCCGCAAGCCTGAAGATTCTGCGATTCGGGCTGTTTCTTGAGTATCTATCGAGCGTGACTCAGTTGTCGGCGCCTCTGCTGATCGTCGGCGCTTTGGGGCTCGTTGCGGCTGAACTCGGACTCCCCATTGCATCGCTAAGGCCAGGCTGGTTTCGGACCTGCAGTTTTCTGGCAGGGGGACTCTTTCTGGTCTTCGCCACGTTTCACTTCGTCCGCTGGGCAATCGGAGATCCGCTTCCGTGCGCTTGCTTCGGCGCGCTCGTGCCGTTGTCGGCGGCTCAGTTTGCCGCAGTTGATCTTGGACTCGCCGTGGCCGCGTTCGCCGCAGGTTCGTGCCTTACGAAGCCGCAAATCGCAACCGACAAGAACCAGCGGTCGACTTGGTTCGCGCTCACGATGTGGACGGGCGCGGCCGCCCTCCTATGCTTGACGATGTTGAAGGTTGTAACGACCGCAACAGGGACGGCCACAACTGACTTTCGCCGGGTGTCGATCGATGCGCACGCGTTTGAATCTGGCCGGGCGGTCCTGCGTCAGGGGAACGTCCCGGGACGCCTCATTGTTGTTTTCGGAGACTATGAATGTCCCTACACGCGTAGCTTGTTGTTGAGTCCGGTTTGGGCACAGGTGCTGGCCGACGATCGGATTACCGTTCAATGGCGCGAACTGCCCTTGACCAACCTCCATCCCCGCGCGCTTTCTCTCGCTTGTCTGTCCAAGAGGTTGTTGCTGCGCAGTGAGTTGCATACCCAGCAGGCCGAACTTATGGCGCTCGCCGAATCAGCCAATGGCCCATTGATGGCCGGCTTTCCCGCTGATGAGGTAGCAACACTTCAAGACCTGGTGAAGCAGGATGTCGAGATTGCCCATCGATTGGGGCTCCGCGCAACTCCGCTCGTTCTTGCCGTTCGCGATGGAGCGGTCGTTCACGTCAGCGACTTAGAACACGCTCTTCGATTCTGTACAGGAGAAAAAACATGAAAACTAGGAAACATCTCGTCATCGCCAGTTGCGCCGTTGCTTGTGCCGCAACTGCATTTGCCGCTTGCCCCGGACCTACAGCACCCCAATGGAACGGTCTAATGGGCAAGTGCGTCCAGGGGTTTTGGATTAGATACTGCCAAGATACGGAATTGGACGTGGACGGTGGATGTCTGGGAAATACGCAGAACAACAAGTGCAATACGTCGCAGATGTCCGAGCCCAAGCTAGTCTATCACCCCCAGTACAGCGGACAGTGTACTCTTGACCAAAGTACAAACCCTTGCGTGTTTTGGTATCAGGATGGTTACATTTCCTATCACATTGGAAATCTCGACATGAGGTTTTACTGCTAATTTGGGCCTTCGGTGAATTGGACTTTCGGTAGCGTTCGAGTGATCCTCTACTGGCGAGTATTGGCATTCTTTGTGATCGCCTTTGCGGCGGTAGGTTATGCGCAAACGACACAGGGTGCCAACTGGCAGGTGCGCTTCAAGGTGGATTCTATACAGCCCGAGAGTCTGCATCTCGGTGAACTGACCATCGTTCATAAGGGTGAAAGGTGGCTTATCTTGTACAAGGGTCCAAAGTACGAGTTGAGTTGCTTGTATACTCCTGATTGGACGCTTTCTTGTGGTGCAAGATTGCCAACCGGGATGGCGTTCCTCCTTCCACCTCAGGCGACTGGACGGGTGCCTTTCGTCCCTCCGCTGTCCGAAGGTCTTCTTCCATGGGACTTGTACCCCGCGCCCGACCTCGCAACGAGGGGCCTCCAGGTGCAGGTGACGAACCTAGATGCAATCGCCGAAGCACCTCATCTGGTTGTGGAACCCGCCAGCATCCAGTGGCTGGAGTCCGGGCTGTCACCTCCGGTTCGGGAGGTCATAACCTTTCGAAACGGCGTAATCAAAGACGTATGGTTGTTCAGCGATTATCGTACCCATCAAGGCATGCATGTTCCCGGCCGCATCGAACGGCTGAAGCGCAAAGCCTCGGGAGTCGACATTCCATCGGACCAGCGGATTGTGTGGACGTTTGTGGCCTTCGAATCACCGTCGAAGCTTCAACTCGAAGATGCTGCGATTATCGCCAACGGTGCCGCGATTCAGGACAATCGCGACCCGTATCAACCTACCCACTTCGTTTTCGGGCACGTTGAAGGGCCGTTACTCGAACAGGCGTCGTACGCGGCCGAGAACACGCTTGACAGCCGTCAGAAGGAACAGGCTTCTCCCTGGTTCGCAGGCTTCGCGGCCGTCGTTGGAGCCTCCCTTGGGCTGGTGGCATCGAGAAAGGCAATCCAAACATTGTGGAGCGCAAAGTGAGGATACGACAATGAAAAGAACTCGAGCATTCACACTAATTGAGATCCTAGTTGTAGTCGGGATTGTGGCGATACTCGCCGCACTCATTTTCCCTGCGGTCGCAAGATCGAAGAGAAGGGCCGTCGAAACCACTTGCATTTCGAATCTCAGGCAAATCGGCGTCGCTAATGGGCTTTACATGGTCGATTACAATGACCTCATGCCAGTTGACGTACCTGTGATTTGGGACTACAACAAAGAATTCGTCGATCTGTTGGAGCCGTATGGCACGAAGCTGGAGCTATACGAATGCAAGAGTCGGTCCGATGGGTACCCGCGCCCTCATATCGACGTCAAATCCAGAAACGCAATCGTGTTCACTCGAGGTAACGACTTTCGGATCGTGTGGCCGGTCCTTCTTGGGACCAACTTTGTGTTTGCGTACTGTCATTGGCACGGGCCAGACGGGGTAACTTGGCCCGGCGGCAAGGGGTTCATTCAGGCGGTGCGTGTGTCGGGCGAGGCGCAACGGATTCCCGCTGCCCAGATCGTCGTCCACGAGGACGATTGGGGCGGGTTCGGACCCGACGTCAACCCTAACTACTACCGGTGGTACCAGTTTCCGGGGGAGACGTTTCCGCCAGGGTTAGTCCAGGTCCCGTAAACCCTGTGGAAGGCAGTCGTCCGAACACGTCCTATCAAGATTCGCGCAGGGGCAGGCCCATTTGCTTCAAGAACGCGCGGCCCTCTTCGTCGGTGCGGGCGGAGGTGCAAATGACCACGTCCATTCCTCGAATGCGGTCGAAGGTATCGTACGGGATCTCAGGAAACACAAGCTGTTCCTTGAGACCCAGAGAGTAGTTTCCTCGGCCGTCGAACGAATTCGG
CP129494.1_gap66	2889756	2892369	2613	TTTGGTGCCTGCTGCAAGTCTTTGATCGTAAAGGTGAATTGAGAGCTACTGCCACACGCTTGCTTCCTTTGCCGGTTGAAGCGGTCGAGGCCAACGCCGCCGAAGAGGTTCCAGGATCAATCGTGTTCCGGCCAGGCGGAACGTGCGCTGAGGTTGTACGACTTCTCGCAGTTGCGGACCTCTTTTCCCTTTCGACTCCCAGGTCGCCAGGACCACACGTCGTTTCACAGGCTCTCCTTAATTCGTGCTCGTCGCCAGATCGCGCTGATCCAATTGCTGTCTTACTCGGGGGCCTACTCGAGTTCACTGAAGCGGAACTGGGTCAACCCGTCATAGCACGATTGCCGGATTCCTGCGTCACGATCGTGTCCCAAATTGGCGAGAAGCAGGGGGTGCCTCTTCGATCGTTACTCAGGTTCCTCGTGGACCGCCATGGTGTGCGAATCGAGAACGCATCGGGATGGTTGCAGATTTTTCCCCACAATTCCGTTGCTTGTGAGCGAGACCGGTTGGATCGGAATTCTCTCAAGAGGATAGTCGTTTCGGGGATGGAGCAATCACGTGTAACCCTACGGGATGCAGCTTTGTTATATTACCAAGGGAATACTGGCGCATTTCGCAATCCAATCATTGCCGCCTACTTGAATATTCTGGCCAACGGTCAAGTGAAGGTCCCTCCTTTGGACTTGCCATATCCCCTATTCAGCCTTCTCGGCTCTCTCTCGGAACAAGAGTGGCGAAGGTTGATTGACGGCGAGAGTCTTGCAATGTCGGCGAAAAGTACTTCCTCCAAGTGGTTTTTCGAACAATGGTGTTCACATGGCGCGGGCTTTGACTCTTGGCTTGGTCCCGGCGTCACCCAGCGGACGGCCCTAGGAATCGCTTCGGCCGTTCCGGACTTATTGCTTTTGGGTACTGAAGCGATGCCCAGCGGCTGCGGTGAAGAGACTTGGCTGCAACTGCAATTCGGACGAACTTGGTCCTTGCAGCTATCGGAGCATCCCCCTGAGAGCGCAATGCTCGTTCCAGCGGAAATCGAGTTCAGCGTAGAGAACCTGGCTCGATTATGCTTCAATGTGATCCTTGAGGGCATTGCTGAGAGAGTCTCCGAGGTCTTGAAGGGGAGTTGGCGCGTCTCACAGGGGGTCAAACTGACCATTACTGGCAGGGAGTCGAGGTTTGTCGAGATCGTAAGGGACTGCCTTTTTGCTTCGGACGAATCAGCGGACGTGACGGAGTGTACGTTCGCGGAGTTCCCCGACGAGCTTAGGCGTAGAATCGAAGATCGTGTTAATGACCTGCTGAAAGCAGCAGGGCGCCCAATACCTCCTTTGAACTGACGTGTTCACCGGTCGCCACATCAAAGGCTCTCGGGCATCGATTGTCGCAAATCATGCGATTCTAGTTCTGTCTAGCGCCGGAGTGGCGGTGACGGGAATACTTTCCATCGCGCCGCTACTCGGACGCCCCATTCCGTGCTCGCTGGGTGGTTCGTGCGGGGTCGTTACCTCTAGTGAGTTCGGGTTTGTGCTCGGACTTCCGATAGCAGTCCTGGGGCTCTTGATGTATTTGGCTGTTACGCTACTTACCCTACTCCGGCTCATTGTCGCTGGGCCGGATCCAAGAAAGTGCGTTCCCTTGTTCAATCTCTCTTACTTCCTCTGCTTCATTGGAGGCTTAGTGAGCCTTGGCTTGACCTACGTTTCCATAATGGTGCTCGAGGCTATTTGCCTACTGTGTGTTTTGTCGAACGTCTTAGTCGTCGCCCTCTTGGCAGGCCATGCTTTCGTGAGACTTGGCCAAAGTCTTTCCATGCCCTCGACTCCCCGAGTGGCTATCGTGCCTTTGATGATGATAGCAGCAGGTGTGTTTGGGGGTCTCAGCTACACCGAGCCCCCCGCCGTTCCCGATGCTGGGAACGAACAAATGGCCTTGCGAATGCAGATTGACGATCTCGCGCCACCAGACAGTATTCGATTTGGACCTGAATCCAGCAGTACGCGAGTGATACTGTTCTTGGACGTACACTGTGGGCCATGTACGCAAGCCTTCGGATACTTGGAGAAGGCGAGCAAGCGAGGCAAGGGATTCCTGTTGATCGTCCGACGCTTTCCCCTTAAGCGAGATGGTCCCGGATGGCGCTCGGCCGTTCTGCTTGAGTCGCTTCGAGATCAGGGTGAGTTTCGGAAGGTTTTTCGAAGCGTCTTGTCAGCGTCTCCCAGGTCTCCAAGGGACGTCGAAGGGATTGTCGACAGCATCCTGCCGTCGACACCGGGTCGAAGGTCAAACCAGGTTCCAATCGCAGAGTCGCGGGTCGAGAGGGATTGGGCTTGCGCCCGGGAGCTTGAACTCGCTGGCACCCCGAGTATCGTCTTGATCGAGGATGACGGACGTCGAAGAATCGTGGGGTTGCCCGGACTCATCGAAGCATTGAATCTGAGTCCGTGAGCGAAGGAGTGCATCGACCCGTCACAGGTTGAATCCGACTTTTGCTGTAGGGTAATGTAAACGTTCGCATCCTGAATATTCTCTCGCATCGCGCGACGTCCCCTCCAGGTTCGTTGGAGTTTGACCGCACCTAAATCTCAAACCATTATGGCAGACGTAAGTCAA
CP129494.1_gap67	2910886	2911386	500	GCGTCCAGCCCCAATCAGAAACCGTCTGGCGACAGGCGAACAAGTACAGCGTCCCCCGGATCATCTACGTGAACAAGATGGACCGCCTCGGGGCCAACTTCTTCGACGTGGTCGATAAGATTCGCAAGCGATTGGGTTCGAACGCCGCTCCTATCCAAGTACCTTGGGGCGCGGAGAGCGATTACAAAGGGTACGTTGACCTCATCACCATGAAGGCGACGAAGTACACCTCCGACGACGGCAAGCAATTCGAGGAAATCGATTGCCCGCCGGAGTTAGTGGAACTCGCGGCCGAGTGGCGCGAGAAGATGATCGAATCGATCGCCGACTTCGACGATTCCATCATGGAAACTTTCCTCGAAGGGGGAGAGATCAACGAAGCCGACCTCCGATCCGCGCTGCGCAAGGGCACCATCGCCGGAAAGGTCGTGCCCGTCCTAAGCGGATCGAGCTTCAAGAACAAGGGCGTTCAGGCGATGCTCGATGCCATCGTCGATTTT
