gap_id	start	end	length	sequence
CP129491.1_gap1	23909	25984	2075	TATATCTATAAACTTACCTCAGGTAATAATACAGCAGTTAAAAAAATGAGTTTACTCAAATAGATCAGCAAATTTGAACAGTTGAAGCTAATGGGCTGCAACCGGTTTATTCATCCGGTTGCAGCTTTTTTTTGCGGATAACCGGGAATGTCTTTCGTTGGTAATCAGGAAGCAGTTCCGGGAAAGCTAACCCGGGTGCAGTTTTTTTTGCCCAAGCGGGTGAAATTTATTATTATACCCCATTAAACAGAGCTAACTTGGCTGCAGTTTTTCCCCCATATTCACTTCGCTCATCTGACCTGATAAGAAGCGAGTTAATCAGTGGGGTTCACAATTTTTCGGCAACACTTCCTGCATTAAAGTTTTGTATCAAAAACCACCACTGTAATCCCGTTAAATTTTTGTAAATTTTGGTTCATTATTAAACACTTTTTAAAAACGAAAGGTGAAGCCGTGAGAGTCTTCCTGCTAATTTTTTTGATGAGTATCGCTGTTATGCCGCAAAAACGACTTATGACTATAGACGACCTGTGGGCAATGGAAAGAATAAACAAAATTTCCATAACTCCCGATGGTAATAAGATTTTCTACTCTTCTTCCGTTTACAGCATGCAGATGAATAAAGGGAACAGCAATATCAGCTCGATCAACGCCGATGGCTCGGGGAGAACCGAGATTAAAGCCACCGAAAAAAATGAGTCATCCCCGGTTTTTGTGCCCGCTCTTAACAAGCTTGCATTTATATATAACGACCAAATTTGGCTGTGTGACCCCGACGGTGCGAATGAACAACAGATAACGAACTATTATGCGGGAGTTAATTCCTTCAAGTTTTCGAACGACGGCAAGTATATTCTTTTCACCGCTTCGGTTTACCCAAGTTGCGGCTTGAATAATGAATGCAACGAAAACAAGGATAAATTAGCCGAAGAAAGCAAAGTGAAAGCTTCCGTGTTCACGGAACTTTACTATCGCGATTTTAACCACTGGCGCGGTGATAAAAGAAGCCATCTCTTTCTTCTGGATGTAGCAAACAAAAAAGATTATGAACTTACCCCGGGTGCATACTATGATGTGCCGCCTGTTGCACTCGGTTCCGATAACGATTTTAACTTTTCACCCGAAGGTTCGGAAATTGCTTTTACGGCTAACAAAGACAGATTTCTTGCTACAAGCACTAATAACGACATCTGGGTTGTGAACTTAAACGAAGTGTTGAGAGGGGGCGAACCCAACCAGGTGAAAATTTCACAAAGTGAAGGGAGTGATTGTGAGCCTGTATTTTCACCCGATGGCAACTACATCGCCTTTACTTCTATGGAAAGAAAAGGTTTTGAAGCGGATAAAAAACGGATTATGCTTTACAACCGAAAATCCGGTGATCTTGCCGACATTTCTGCAGGGATTGACCTTAGTGCGGATAACTTAATTTGGTCACCTGACAGCAAAAAAATATATTTTATCGCCTCTTCCGAAGTGTATAACCAGGTTTACAGTGTGGACATTGAAACAAAACAACTGCTGGCAATTTTAACCGGTATGAACATTGCCGATCTTCAGTTAACCGCCGACGGCTCAAAATTCCTTTTCAGAAACCAGTCTTCAATTATGCCGTATGAAATTTTTTCAGCTAACACAAACGGAACTATGGTAACAAGGATTACTTACCTGAACCAAAAAGTGTTGAACCAAATGGATTGGAACGGAATCGAAACTTTTACCGTGAAAGGTGCCGGTGGAACTCCTGTTCAGTCGATTATGGTAAAACCGGCCGGGTTCAACCCAAGTGCTAAATATCCGTTGATTTTCCTTATTCACGGCGGACCTCAAGGGAACTGGAGCGACGAATTTCACTATCGCTGGAACCTCCAGATGTTTGCCGCAGGCGGTTATGTTGTGATTGCGCCTAACCCAAGAGGAAGTACAGGCTACGGACAAAAGTTCACCGATGAAATTTCGCAGGACTGGGGTGGCAAAGTCTATGAAGATTTAATGAATGTTTACGACTATGCCCTGAAAAATTTCGCTTTTCTTGATTCTAACAACACTTTTGCTGCCGGCGCTTCTTACGGTGG
CP129491.1_gap2	118311	120226	1915	TTCTTCTTGCACAGGCTGAGCACCTTTTTTCGCCGGAAGAGCATTGGCTTTCTTCTTTTTCTAATTTCACGGCTGCAGTTAAAGAAGCACTTCCTTATGTGAGCTGGGTGGGTTTTTATTTTCTTTCCGGGGGGCGCTTGGTGTTGGGCCCCTTTCAGGGTAAACTTGCCTGCACGGTGATTCAACCGGGCAAGGGGGTCTGCGGAAAAGTTTGCCTGACGGGCGAAACTGAAATTGTGCCGGATGTTAACGATTTCCCCGGGCATATCGCTTGTGATTCCGGAAGTAATTCCGAAATTGTTGTTCCACTTTTTAGAAATGTTGGGGATGACGGTGCTTTAGGTTTATCAGGTAGTGAAGTCTCCGGTATATCGAAAGATAATGCTTTAGATTTATCAGATGACGGTGCGTTTGGTTTATCGGGCAGGGATGGGGCGGATTTTTCAGGTGAAGATAAGCGGTTGATGAACACTCAAACCGCCACCGCTGAAATGGGCGATGATAACTCGCAAGGCACAAAAACCGCCGCCGCTGTGATGGTCGATGATAACTCGCAAGGCACAAAAACCGCGGGAACTGAAGCAAAGTATAAGGTAACCGGTAACAAAGCTGAAAAAGAACTTTTCGGCGTTCTTGACCTCGATAGCTACCAAACGGCCGCATTCGATGAAACGGATAAGCATTATTTGGAAGAATTGACCGCAATTTTATTAACTAAAGCAACACTTCCTGTTGTGTAAAACTCCCTTTTTCAAGAGGTTTTAATGACTTTTCAGGTATCCGCAAGAAAATACAGACCGCAACGGTTTGATACTGTGCTCGGGCAGGAGCATGTAACTGTGACGATTAAAAACGCAATCGTGAAGGGAAGGGTTGCGCACGCTTACCTGCTTACGGGCCCCAGAGGTGTCGGCAAAACCACCACTGCGCGGATTATTGCAAAGTCTGTTAACTGCCTTAATTCGACCGACGGCGAGCCGTGCAACGAGTGCACAAGCTGCAAAGCGATTTCTTCGGGGCAGTCGATCGATCTGATTGAAATTGACGCCGCTTCCAACCGCGGAATTGACGATGTCAGGCAGCTGACAAGTTCCGTTCACTACACGGCGGCTAATGCAAAATACAAAGTTTACATTATAGATGAAGTGCACATGTTAACGAAGGAGTCGTTCAACGCATTTCTTAAAACGCTGGAAGAACCGCCCGAGAACACAATCTTCATTTTTGCCACAACGGATGTGCACAAAGTTCCGATCACCATCATTTCCCGCTGCCAAAGGTACGATTTTCGCCGCATTCCGCTTGATATTATTAAAGCAGGGCTTCGGGAAATTGCCGAAAAAGAAAACTTCACTATCGACGATAAAACGCTGACGCTTATTGCAAAAAAAGCCGATGGAGGAATGCGCGACGCCGAAAGTTTCTTCGATCAGGCGGTGGCTTTCAGTGGGGAAGTGGTGGAGTATGCCTCGGTTATTAAGGTGTTTAACTTTATCGATGAGGATATCTATTTTGAAGTTACAGACGCTCTGCTGAAAAAAGATTTCAAAATGCCGTTTTTGGTGTGCGACAGAGTTTATAAAAACGGGTGGAGCTTTATCGATTTCTTCAACGGGCTGCAGGAGCACTTCAGGAATATCCTTTCGGTGGCTGCCACAAGCGACACTTCACTTTTGGAAAGCTCGGTGGTCTATTATGAACAGTATAAAGCGCTTGCGAAAAATTTCAGCGAGGGCGATCTGCTGCGGATTATGAACTACCTAAGCCGTCTGCTGACGGAACTTAGGTATTCGCAGAACCATAAATTGCGCAGCGAACTGGCACTCAGCCAGCTGACAGGGTTTGAAACTTCTGAAACTATCTCGAATTTGATCGATATTCTCGCAAATTCAACCGTGGGTGAGTTTGAAATTAA
CP129491.1_gap3	121636	124771	3135	TTAAAAATAAGGGGATACTTTCCCTCAGCGTCGTGCCTGCCAACGCGGTTATAACTTTGGACGGCAAAATGATTAACAGCGGCAATAACGAAATTACCCCCGGCAAATACCTTTTGGAGGTTAAAGCGCCACATTACACGCCCTTTTCGGAAATGATTGAAGTGCAATTCGGTAAAACTGTGAACCGGAGCATTGAATTGAGAAAAAAGGCGGGCAACCTTCAGTTTACGATAAAACCAATTTCCGCCAAAGTTGCCCTAAAGCAATATGGCGAGGTAAAATATAGTTGGGAGGGTATCAATTTAATCGAAAATATTCAGGCAGGGAACTATGATCTTCTTGCCACTTCACACGGTTATGTGGACTACACAGACATCGTTTCTATTAAAGAGGGGAAATAGTTGTTCTTGAAATTGATATGAAGAAGTGGAGCGGTGTGGGAAACCTCATTCCCGTTTCCGGGGGTTCGTTCAGGATGGGGTGCACCGAAGAACAGGGTGCGGAGTGCGAGCGGAGGGAAACTCCCGCTCACGAGGTTACGCTTAACGATTTTTATATCGGAAAATATGAGGTTACTCAGGAATTGTGGCAGAGTGTTATGTCCGGCAACCCATCGGAAATTAAAGGTGCGGCGTTGCCCGTTACGAATGTTACCTGGTTTGATGCCGTTTATTTTTGCAATAAACTGAGCGAATTGTCGGGTTTACAACCTGCCTACAAAATTAAAGGGGAAAGTGTTTCCTGCGACTTCACCACCAACGGTTTCAGATTACCCACTGAAGCGGGATGGGAATTTGCTGCCCGGGGAGGGAAAAATTCAAAAAATTTAAAATACAGCGGAAGTAACAACATCAGTAGTGTTGCCTGGTATAGTGGAAATTCAGGACAAAAAACGCACCCCGTCGGCGAAAAACAACCGAACGAACTTGGATTGTACGACATGAGCGGCAATGTGTGGGAGTGGTGCTGGGATTGGTTCGAACTTGAATATTACAGTTCATCAGGTAAACTGAATCCGCTGGGTCCGACAGCAGGAGAAAACCGTGTAGCCCGAGGCGGCAGTTGGTATCACGATCCAAAAATCTGCAGAGTCTCTTACCGCAACCGCTCCGGCTCACAAGACGACCACCCCGATGTCGGCTTCCGCCTTGTTAGAACAAAATGATGATGGGGCAAGGAAAGAGGGGGGATACAGGGGGGAGAAAGGTTGTGAAACACGCTGACTCAAGCAAGCACCAAGCTTCAAGGTTAAGCGATAAGTTGAGAAAACACGCTGATTTGAATTTTGCACCCTGCTTACAAAAGAAAGCACAATTTCAAAAAAATGAATGAGGGAAAAAAAGTTTGTGAAAATGCACAAACATCCTGATGAAAACCGGTATTAGAAAAAGCTAAAAAAACAATAACATAACAAAATTAAAACAGACGCCCTAAAACAAACAGCAGAAGGGCAAAAGCAGAAAAGGAAACACCCACACACAAAGTGGAGAAACAGTCAGAAAGGTTTGAAAAACGGCACAAACCTTCAAATGACAGTCCCGAATAAGTAATTCGAAAGAAGGGTCAAAGTTCGGGATGGAGATCCCGAAAATTAGCTCAAAGTACAAGCACGAAGTTCGGGATGGAGATCGGCCTAAGTGAAAGTGCGAAAAAGATTTAGAGGGCTTGAAGCGTAAAAAGGGAAATCTGTTTGAGCGCAGCGAGTTATTTCCCTTTTAGCGTAAAGCCCGAAAAATCCGCACTTTCACTTCAGCCGGTTCCCCCCTCTTTCCTTAGGCAAGGAAAGAGGGGGGATACAGGGGGGAGATAGGTTGTGAAAAACGCAGATTCAGGCGGGCACTAAGCTTCAAGGTTAAGCAATAAGCTGCAAATGGTCTGCAAAAAAACGCTGACACAGGCGGGCACCAAGCTTCAAGGTTAAGCAATAAGCTGCAAAAACCTGCGAATAATCTGCGAAACACGCAGGTAAAAAAGCCCTGCACTCACAACAAATCTCCTCAAAATATCTTTAAATTTTATTGCTTAATTTATGAACCAAGCAGATAAAATGAAAAGTCAGTTACTAAAGTCAGTTTTGCTCTTAATTTTACTAACATCATTACTGCACGCACAAAATGATGAATCAGATGAAAGTAAAGTTCGCAACAAATCTACTAAAAACGAACTTGTACCGGTCGAAATAATTTCAGACCCTCCGGGGGCTGAAATAATAATCGACGACAGTTCCCAAGGAACAACAGACAGTACGCTGTTTTTACCACCGGGAGAGTATAAAATTCAGCTTATTCTTGCGGGCTATACCCCGGTAACCACAAAAATAAAAGTTACCGCCGGTAAAAAACTGAACCGGTTCAGATATACGCTCTCCAAAAATCCGGGGCAGCTTAAACTGATGATAGGGCCTAAAACGGCTGCAGTTCGCCTTAATAACGAAATAATTAACCACAAAGAAATTCAGGCTTTAGCGCCGGGCATATATCAAATTGAGGTTGAGGCGGAGCACTATTATCCGGTTAAAAGATCGTTCGAAATAGAATTAGGGAAAACGAATACAATTAAGATATGTCTGGTCAGAAAAATGGGGCGGCTGCAATTCTCTGTAAATCCACCGGATGCAAACTGCGTGCTCAGCCTGAACTCGCAAGTGGTTGAAAGATGGCGCGGTAAGAAATCCTTTGACCAACTTCCCGAAGAAGTGTATAATTTAACGGTAAAGGCTAAGGGGCGCAAAACATATAACGGAACCGTAAGAATAGACGCAAATCGCACAACTATTGAGACCATAAAGCTTGAATTTGGGGATGAAGTTCCCGACTGGATGGTTTCAGTTAAAGGCGGAACATTCACAATGGGCTGCACTTCGGATGGGGAAACCAACTGCAACGACAACGAAAAGCCCGCGCATTCAGTTACTCTGGGTGATTTTTACATAAGCAAATATGAAGTTACACTCGGGTTGTTTTCCGAATTTATTCAGGAAACCGGCTACATAACCAACGCTGAGAAAGCCGGCGGTAGTTACATCCGGAAAGATGATAAGTGGGTGATAGTTCAGGGAGTTAACTGGCGATGTGGCGCAGATGCTAAGGCCAGACCTCAGGATGAAAGAATGTGCCCTGTGGTTAATGTAAGCTG
CP129491.1_gap4	292050	293959	1909	GTTATGGATTTGCAAATGGAAGAAGATATACCTTGAACGGAACTATGATTAGTTCACCTAACGGATTGGGTAGTTATATTCGGTTGTATGGAGTTATTGGTATTTTATTTTTAATAATTGCATTTAGAAGAGCCGGACCTTTTTTAAATCAATATCGTAGCCCAAAATTTATATCAGTAGGGCTATCTCTTTGTCTTATTATCTTTTTATTTTCAAACCCGCTTCATAGAGACCCATTCTTTCTGGCTTTTCTCTTTTCATCATTTGTATTAAAAGGTAATCAACTGAATAGAAATATGTTTTATAAAGAGAATTAATTTTTTTTTTGCTAATGGATAAATATTTTTTTATAATTCTATATGCGTATTATATTCCTGAGTGAAAATCCTTTACCGGCAAATAATGCTTCTGCAAGCCGAATGAGTGCATTGTTAAGAGGACTTTCTGAATGGGGAAATGAATGTTCTTTCATTAACTATGACTCACATTATTCTCGCTCTGAGAAACATGAATATTGTACAATAAAGATTAACTACATTGGAATAAGATTTTTTTCTAATATTTTTAGAAATAGATTATTTTTTAAATTTGATACAATTATATCTTTAATGGTTATCTTCCTTAAAATACCGGTTAGTACTGATTTTATTTTAATTACTTCTGGAAATTTACTTATTGATTTTCTTATAATGATCTTAAATAAGATTAAAAAGGTACCTGTAATTTATTTTTGTTCTGAAACACCGGAATTATATTATCACAATAAAATTTCACGCTTTATTTTTTATAGAACAGTTCATAACTTTTCCGGTGCAGTATTGATTACTGATAAATTAAAGGACTATTTCGAAGAGAAAGTACGAATTCAGTCGGTCAAAATTGGTTTAACAGTCGAAGATGATAAAAATTTTATAGTAAATGACTCGCAGAATAATAATGATACGCAATTTTTGTTTTTTATGGGTTCAACATGTAACAATAAGGATGGTTATATTTTTATGGTCGATGTTTTTAACAAATTACAAAGAAAATATCCAAACCTCCGGCTATATGTTGTTTCTTCCTCGCCCAAAAAAGAAATTGTGAATTTGAAAAATTTCAATAAAGAAAAAACTATTATTAAATCTAACCTCGAAAGAAGCGAACTGTTTTATTACTTAAATCAGGCAATTATTTGCTGCTTACCAAGACCCTTAAATATTCAAAACACTTATGGGTTTCCTACGAAATTAGGAGATTATCTCTTATCTAAACCTCCTCTGATTACATCGAGGACTTCCGAAATAGACAGATACTTAACGCACCGGCATGATTCCTATCTCTTTGAACCGGATAATCAGACTGAGTTTGAAAAGGGGATAATCGTATTACTGGAAGATCGTGAACTAAGAGAAAAAATCTCAAAAAATGCTAAATTGACAGTAAAGAATTATTTTAGTTTCCGTAAACAGGGGGATAAACTTAATATTTTTTTAAAAGAACTTTTGGGAAACCGTGTTTAAGAAGTTTATTAAAAACAGTTCACATCAGATGATTTTCTTGGATGCGAGGTTGTTTATTCGGAATTTCACATGATAATGATATCAATTTGTCAAATGGGCGTAAGCACTTTTAGGGCTAAGTTCGTTCCTTTATCTCAATTGGATCGTATTGAAAAAATATTTGTTGTTCGTAGAAATCCGGGTCCCAAAATACCAAAGGTAGAATATATAGTATTGCCGGGGATATGTAAGTTATCCATTTTTCACCTGATAGTAAGCCCGATTATTTTAACTTACTATACAGTTAAAAAAAAGGCTGATATAATTTTAACTTATCACTTTATACCTTATTTATTGTTTGGTTTTTTTGCATCCAAAATGACGAAAAAACCGCATATATTTTGTCAAACCGGTAGTATTTGCCAGCA
CP129491.1_gap5	297648	301456	3808	AATTGGACTTCATGAATTTTTTGTTTTTCATAGTTCATCCGTCTAAATTTCATGTATTTAAAAATGTAATCCGCCGTCTAAAACATGAAGGCCATCATGTGGATATTCTTATATCTTCAAAAGATGTATTGGAACCTTTATTAATAAGTTCGGGGTGGGAGTATATCAATTTATTCCCTAAGGGGCGAAAAAATATTAAATTACCGTTTTTTCTTGGTACTGTTATTTATGCTGTATTAACATTATCAAAACTACTAAAAATACTAATTAAAAAGAAATACAACTTATTCATTACTGATGATTTACTTTCTTTATTCTCGAAATTATTCCGTACACCATGTTTAGTTTTTACAGATGATGATCTTAAAGTTGGTAAGAAATTTGCAATAGTGCTAAGGGGTTCAACAGCAATCCTGGCACCTTCAATCACCGACCTTGGTAAATTTAATGTTAAAAAAATAGGTTTTAATAGTTATAAAGAACTTGCATATCTTCATCCCGAAGAATTTGAACCAAATCCTTTAATCTTGGAAAAATTCAATCCACAACGATTGAAATATGGCATATTTAGGTTGGTTTCTTTGCAAGCTCATCACGATCAGGGACGATCAGGTTTAAATAATAAGCAAGTAGAAAGGCTTATAGATGCCGTTCAGAAGTACATTAGTATTTTCATTTCTTCGGAGAGACCGTTAGTGCCGGAATTGGAGCAGTACAGAATCAATCTGCCGCCTCAAGATTTTTTACATGCTTTAAGCTATGCTGATATATATATCGGTGATAGTCAAACTACCTCATCCGAAGCATCTGTGTTGGGAATACCTACCTTTCGTTGTAACGATTTTGCTGAAGATATAAGTGTGATGAATGAGAAGGAAGAAGTCTATAATTTAATGCACAGCTACAGACCAAAAGATTTTGATTTAATGTTAGAAAAGATTATCTCCGTTCTATCTGATCCATCAGTAAAAGAACAGTATAAAATGAGACGATTAAAAATGTTGGAGGAAAAAATAAATCTGTCAACTTTTATTTTTGATATAATTATGAAAGTATCAACAAATTCGTATTCTTTTGCTTCTTCGAGTGAGAATCTTAAATGAAAAAAGTTCTTTCTATTATCGGAGCAAGACCTCAATTTGTTAAGTTAGCCCCACTTTCAAAAAAAATCAGACAGAATTTCCACGAAGTTATCATTCATACGGGGCAACACTTTGATGAGAATATGTCTGCAACTTTCTTTAAAGATTTGGAGCTGCCAAATCCGGATTTTTTCTTAGGCTTAGGCGGTGGTTCTCATGCCCAACAGACTGGACAAATGCTTATAGAACTTGAAAAATTATTGTTATCCGAAAAGCCAGCGGCAATAATTGTATTTGGAGATACAAACACTACCTTAGCAGGTGCTCTTGCGGCTGCAAAAATTGGAGTGAAAATCGTCCATATAGAGGCTGGACTTCGCAGTTTTAATCGTTCCATGCCGGAAGAAATCAACAGAATCGTTACTGATCATCTCTCCGATCTTTTATTTGCGCCAACAGAACAAGCAGTTAAAAATTTAAGAAATGAAAATTTAGGGGGTAATACTCACATTACAGGTGATATCATGGTCGATACATTAAATTACGCGTTAAAAAAGAATCGTGAACTTGTTAATAATCAACAGTACGATGATTATTATCTAGCAACATTTCACCGACCATATAATGTTGATGATCCGCAAAAATTAAAAACAATTGTTAATGTTCTTTCCTCTCTTGATAGAAAAGTAATATTTCCGATACATCCGAGGACCAACAAGTTATTAAAGCAGAATGAAATAGTGCCCGGATACAATTTGAAAATTATCAATCCGGTTGGATATTTTGAATTCATAACCTTAATGCGTAATTGTAGAAAAATATTAACTGATTCCGGCGGGATTCAAAAAGAAGCATATATATTGGAAAAACCCTGTTTGACATTCAGACCCGAAACTGAATGGAAAGAAACTGTAGAAAGTGGATGGAATAAATTAGTGGATTATAACTCGGAAGATGTGATTGATGAGATAGTAAATTTTAGAGCACCTGTTGATCGACCGAATTTATTCGGAATGAATGTATCTGAAAAAATGTATGAGATTTTGAAGGAGAAAATTTAAATGTGTGGTTTGTTTGGAGTTATCGTAAAATCTCAAGATCATAATGAATTTCAATTTAAAAATTTAATAAAAAATCTTTCAAAGTATTCTGAGGTTAGAGGCGTTGATTCATCGGGTTTTTGTTTTGTTGATGACAATAGTAAAAGTTATGAAATTATAAAAGGTGCAACCAGAATTTCCCAGCTCTTGAAATCAACCCGATTACTCAACAGAGTTAAACCTTTGAAAAACGGATTATTGTTTGCTTTCGGTCATACTCGTTTAGTAACTAACGGATCTCAGTTAAGCGATGAGAATAATCAGCCGGTTATTAAAGATGGTATTGTTGGAGTACATAACGGAATTATTGTAAATGATAATGAAATTTGGGCAAAATACCCGTCGCTTAAAAGACAATATGAAATTGATACAGAAGTACTCATTTCTTTGCTAAAGTATTTCTTATCAACTGGGATGAGTTTGGATAATGCGTTACTTGCAGTTGAGAAAGAAATAGAAGGTACTATCTCAATTGCTTTATTGTTTGATGACAGTTCAGATTTTTTAGTTTATTCTAATTATGGTTCCCTTTATATTTTAACGGATTATAAAAGCATTTTTATACTGGCTTCCGAAAAGAACATTTTAACAAAACTCATCGAAAAACACAGTTATTTAAAAAATAAAGAAGAGTTTCGAATCGAGCAGATTCGACCTTTAACCGGATACTTGGTTAATTTTAACAATCATAAGATTACCACTTTCGATTTAAATAGTGGAAAAACAATTCATTTAACTAAACTGAATGAAAAATTTTCTATTCATATTGAAAATATTCACACTAAGACTGAACAAATTCCGGCTGTTGTTGATTCTGAAGAATTCAGGATAAACCCAATTTATCAGAATGAAAGAGAAATGCTGGAATTTAATCTGGACAGAATTTCAAATCAAAGAAGATGCACTAAATGTATTCTACCAGATACCTTTCCTTTTATTGAATTTGATGAGAAAGGAGTATGTAATTATTGCAGAAATTATAAACAGAAAAATCAAACTAAACCAATAAGTGAGCTTTTTGAACTGGTAGAACCTTATCGTAAGAAAAAGGGAACCCCTGATGTACTTATTCCCTTCAGTGGAGGACGGGACAGTAGTTTTTCGCTTCATATTGTAAAGGAAATGTTAAATCTAAATCCCATTGCTTATACTTATGACTGGGGAATGGTAACTGATCTTGCGAGAAGAAATATTGCCCGTTTGTGTGGAAAGTTAGGAGTAGAGCACATTATTGTCTCAGCTAATATCAAATGGAAACGGGAGAATATACGAAAAAATATACTGGCATGGCTGAGAAAACCTCACTTAGGAATGATACCACTCTTTATGGCAGGCGATAAGTATTTCTATTACTATGCAAATAAAGTAAAGAAACAGAATGATATTCAATTGACTCTTTATGGCATGAATAATTTGGAAAATACAGATTTCAAAGTCGGTTTTGCCGGAATACCTCCAAATTTTTCTAAGGAGCGGATATATTCGCTAAAATTATTTGATCAATTGCGCCTGTTTGCTTTTATGGGGCAACAATATCTGACAAATTCAAGGTATCTCAATCAATCATTATTTGACACTATTGGATCGTTTATAGTTCGATTTTTTAACCCAAAAGAGGGTTATTAT
CP129491.1_gap6	303009	306065	3056	CCGATCACTACTATTTGCATGCACGGCAGCCCCCGGGCGAAATATGACAATAAGATGATTTGGACAAAATATGATTATCGTGAACTGGGAATTAAAGGCGAACCATATCTGGATATTGATTTTAACGAGTTCCATTACCTAACCGATACCGGCAGGAGGTGGAACGGGGATAAGGTAAGTGTGCGGGATAAGGTTAATTCGAAGTTCAATTTTAATCTTAAAACCACTCAGGATGTTATTAATGCCATCCCTCAATTTCCCGATAAAATAATGATTACTATCCATCCGCAAAGGTGGGAGAATAAACTGCTTCCCTGGACGAGAGAACTGGTTTCCCAAAACCTTAAAAATGTTGTGAAGTGGTTATTGGTTAAGTCTAAACGATAATTTGGTTTGGATATGTTTATAAGTCATTCGAGAAAAGTGCTTTTCTTTATTCTCGTAATTTCTATTTTTCAATTTAACTTGGAGGCGCAATCAAGTTTTTATTATACCGATGGGAGCAAATTTAAAATCATTGAATATTTTATAAATACCGGTTCGTTAGATTTAAGCTACCCTCTGATAAAACCTTACGATATTAATGAACTAAAAAGAGAATTGAAGCAAGTCAACAGGCAGTCGCGGTATTATGAGTTGTTATCCGATGATTTAAATTCTTACAAGACCGGAACTGAAGAAGTGCAATCAGTTTTCTTAAAAGGTGAAGTGAAAGTAAATTTCGAAAGTGGGCAAATAACAAAATCCAGGAATGGTTTTAAAATATCGGCCAATTACCCCGTTGGGAATTTTGCTTTGAAAACATCTTTTCAGTTTGACCAGAACTTTAAAGATGATCCCACTTATTCCGGTGAATTGGGGGAGTGGTACTACGGTCGATTTGATGAAGGTTATGTAAATTATTCCGACACTTCCTTAGGAGTCTATGCAGCCTACGGACGGGTTCAAAGAAATTTGGGATTTTATTCTTCTCACAGTTTAATTCTTTCAGATAATCCCTATTCTTATGACCATCTTTGGTTACAATATAAAAATGATTTGTTTAGTTTTTCTTCAATTTTTGCCAGATTGGAAGATAAATACGGCTATGATAATCGGGTAAAAGACTCATCAAGTTATGGTTGGTATAAAAGATTTTTTTCACTGCATAGATTGGATGTAAATCTTACAAATAACTTTAAGTTGGCTCTTACAGAAGTTGTATTGTACGGTGGGAAAAATCAACAATTGTTGAGTTATTATTTAAATCCGTTAGTTCCGTTCTATATTTCAAAGACGAATGAGAGGAGAAGTACTGACGAATCGGATGCTAATATTTATCTTGCACTTGATCTGTGGTACAAACCATTTAAAAATTTGACATTATATTCGCAAGTCTTTATTGATGATATCGACTTTAAAGCGGAAAACAGGGCAAAGTTTCCTGAGAGAAAAGCCATTTATGGAAATGTAACCGTAACAGATTTTGTAGTGCCCTTTTCCCAATTCGGTGTTAGTTATACTTGGGTGGAGAATTGGACTTATACCTCTTTTTATACATGGGCAAATTACAACATTCACAATCGAGGTATCGGATTTCCATTCAATAGCTACCAGCAGGTGCAGTTTTCATTTGATTATTTTGGATTTAACAGCATGATTATTTCCGCAAATATTGCATATTCAGAAAAGGGAGAGAATTCACTCGAAAATTCATTTGGTGCAACTTTTGAAAAATTTCCAATGGGAACTGTTGAGGATATTTTAAACTTGAATTTACGGGCAACTTATTTCTTCGCTTGGAATTGGATTTCTGAAATTGTTTTAAGCTATGACAATATTGGTAATCATGAGCATATTTTAAGCAAAACTTTAAATCGTTTTAAGTGTGATTTTAATCTTAAAGTGAGTTTTTAAAGAACCCATCAATAAGTTTTTGCAAACGCATTTATTCCGGAAGAAAACCTTTTTAAAGATAAACAGAAGCCGCAATAGTTAAACATTCAGAATTAAATGTCGCTTTTATTTTGAGTTGGTTTATTCCGGGGCGGCACTTTTTGATTTATTTATTTTGTGAATTAGATCTTTCTTTATCTGGTACTTTTTATCCTCCCTCTTAACTTGCATCAGTGTATCAGCCAAACCGCCAACCATTTTTTCCTCCTCACTTACCTCGGGGAGTTAATCAAACCGTCCCCCCACCCCTTCTCACCCACCGCCAAGTCAAAATTTGTTATATTTTGTTTCTGATTTTATCTTTTTAGGATTTAGATTGAATGGGGTTGATGGTTTTCAGCGGTGTGATGGTTGGATTTTGCAGCATTTTTGGGGCATTTTTATTTCTGCCTCATCAGCGCGGAGTGCAAATTAACGCCGAATACGCAGAAGCGTTTGAAGTTATCCGTTGGATAACATAACTTTTTTTGGGGGCACTTTTTTTTCAGGCAACATTTCATAAAGGTATATTTTGTCAGAGATTACGGTATTGGTAACAGGTGCGGGCGCTCCGGGGATTGCGGGCACGGTTTATTCGTTGTGGCAAAATTATGACGGGCGCCACTTCAGAATTGTCGGCACGGACATGAAAGACGATGTTATCGGGCGGTTTTTGTGCGATGCTTTTTACACGATTCCCCCCGTTGCCGAGCGTTCTGAGTATCTTGCGCGTTTGTTAGAGGTGTGCGCAGTGGAGCGAGTGGCGATTTTGATTCCGCAGAACACTGCTGAGTTGGAAGTGCTGGCTGAGGAGTTGCCTGCGTTTGAGGATTTGGGCGTTAAGCTGCTTCTGGCGGGCGTTAAGGGGATTAAAAGTGCGAACAACAAATACGAGCTTTTAAGGGTGGCGCAGCGTTTGGGTGTTGCGGCGGGCAATTTTGCTCTTGCGCGCTCGTTCGATAGTTTTTTAGAGGCGGCAAAAAGTTTCGGTTGGCCCCATAAGCGTGTAGTGGCAAAACTTCCTGTTTCGAACGGCATGCGCGGGCTTCGGATTATCGATGAGGGGTTGGATGAGCTTTCGCTTTTTTTGATGGAGAAACCGACGGCAGTTTTCGTGAAAATGGACTATTTTCGGGCGCTTT
CP129491.1_gap7	313428	314563	1135	ATTTCTTAATGGGTTAAAAAAAGATTCTAAGCTTTTAACTGAATTATTAAACAACTGGGAAAACATCGCTCGGGACCCAAAATTGGAAAAGTTTATTTCTTGTCTAAACGAAGAATTATTGAATCCTAAAACGAATCCGGGTGGAAAACTCGTTATTTTTTCAGAATCCAAAGATACTGTTCACTTTCTTCAAAACGAATTAGAAAAGGAGGCAAGAAACGACATAATAAGCATTACAAGTGGAAACAGAAAAAATAAATACAACGAAATTGTGAACAATTTCGATGCAAATATTCCAAAAGAAAAACAAAGAGACGATTATAACATACTTATTTCAACAGAAGTATTGTCCGAAGGGGTTAACCTACATCGGTCTAATGTTATTGTTCACTATGATACTCCGTGGAACTCTACGCGTATGATGCAGAGAATCGGAAGGGTTAACAGAATTGGTACGGTAGCCCCTAAAATTCTGAATTATGTATTTTATCCCTCTGCTGAAGGAGATGCACAAATTAAACTGCGTAAAACTGCATTGATGAAACTCCAGGCATTCCACACAGCTTTTGGTGAAGATAATCAAATATATTCAGAGGAGGAAATTTTGGATGAGGTAAAACTGTTTAAAGGGGAGATTAAAGAAGAAGACGACGAGAGATTAAAATATCTCTTTATTCTGCGAAACTTGAAAAAAGAAAATCCGGAGTTGATTGAAAAGATAAGAAAACTTCCGTTAAAAATTCGTTGTGGAAGAAGCAATAAACCTGATTACAGGAATATGAGTGTAGCTTTTATAAAGACAAAAATAAAAAATGAATTTTACTTAATTAAAGATGAAACAGGTGCTTCTGAAATAACGCCGATTGAAGCTATAAAAATTTTTGAGGCTTTATCCGATGAAAAACCACAAACCTTGATAGAAAATCACCATACACACATTCAAAGTGCACTCTATGCTTTTCAAATTAGTGAAGAAAATAACAACAAGCTCTCTGACCCAACCGCTAAGGGAGGTGAAGCTAACCGGGCAAAATCTTTTTTTGGTGAATTAAACAAACATGAATTTGTGAAAACAGAATTTCACAATCAGTTAAAACTGGTTGTCAAGTTAATAGATAAAGGGACTTACACCAAT
CP129491.1_gap8	317258	319413	2155	ATTTTTAAATTTTGATTATAAAGATTCGAACTCAATAAAATATATTTTTGAATTTAATCATGTTAATCATGTTAATCATGCTAATTTGACAATACATTTCAATACTCATCAGGTGGCAAAATTATTAGAGAAGATCGAGAAGAAGCGTAATTTCTCTTTTCACAAAAATGAAATTGCTCAGGGTATTGTTCTTCCTCAAGATTTTGTCATACAAAAAACAAAAGTTAGACTGGAAAAGGATGTTCAAATTGGTGATGGAATTTTTATTCTTTCTAATAATGAAAAGCATAATTTGAATTTAAGTAAGTCTGAGTTAGCTCTTCTAAAACCCTACTATACAACTAATGAGTTACAAAAATATTTCGGTAATGCTGAAAACCAATATTGGGTTATTTATACTAATTCAAAATTTAAAGATCCTTCTGTAATCAAAGACTATCCCAAAATTAAAGCGCATTTAGACAGATTTAGTACGATTATAACTTCAGATAACGGTCCTTATGGCTTACATCGAGCTCGGAACGATGAATTTTTTATAGGGGAAAAAATTATTTCCTTGCGAAAGTGTCCCCATATACCGGTCTTTACTTATACGGAATTTGACTGTTATGTTTCGGAAACTTTCTATGTTTTAAAAACGACACGGTTAGATCAAAAATATTTAACTGGCTTTTTGAACTCGAAATTAATTGCGTTTTGGTTAAGATATAAAGGTAAAATGCAGGGTAGTAATTTTCAGATTGATAAAGAACCATTGCTCAACTTACCAATATTCCAGACTGATCAAAAAGTTACTGGTAAAATTTCACATATTGTTGAAGAAATCCATAAAAATAAGGCTCAAGGGCAAGAAACAACAATTTTGGAAAACCAAATTGATCAACTTATCTATTCTTTTTTTGAATTAACTGAAGATGAAATTTATTTTATCGAATCAGATTATAATTCTTATTAATGTTGAGCGGAGGGTAACTAAAATTTAATATGTTTTTTTGGTGAAATTTTTTGCAAGTTAGAGTTTTTTTCTATCTTTCTCAAACTAAATAGAAAACAAAAACAACTCAGAATGGGTTATATGCCATCGGCGTTTAATTTTTTTTTGTAACATATAACTTTTTTATTGATGAAATATGGATCTAAGTAAGTTTAAATATTTATCTGTGATAGGTGAGGGCGCCTTTTGTATAGTTCAAAAATATGAGCATAGAACGAATGGGAAATACTTTGCTCTGAAAAACGGGAGTGTAAGAAATTTTGTATAATTGGTTTAAAGTCCTGGATGGGAGGGGATTCCATCCCCACCCCCGCGGGGGTGGGGATGGGGGCGAAAAAATGCCCTGTTTTCTCTCCCTGTTTTTGAACATTTTATCAATTATTTTTGGAGACTTTTATGAAACTTACACAAGAAGTTATTGAGCAATTTCAAAAAGATTTTGCTAATGCCAAAACCTATAACGACCTGATGGGTTAGGATGGCGTGTTTAAGAACCTGTTGAAACATGCTCTCAAGACAATGTTAGAAGCTGAACTCTCTGAGCACCTTGGTTATGCAAAGCACTCACCCGAAGGGGATAATTCAGGTAACTCTTGTAACGGTAAATCCGTAAAAACCATAAAGAACGAACAGGGTAAAATTGAGATTCAAGTCCCGCGTGACCGTAATGGTTCGTTTGATCCGATAGTGGTAAAGAAGTATCAGAAGACGATTGGTCCGATTGAAGAGAAGATAATCGCTATGTATGCCAAAGGTATGACAGTCAGAGATATACAAACCTACATACAGGAGATATACGGACTTGAGATATCAGCGGCATTAATCTCGAGTATAACTGACAGGATAGTAGAAGTCGCTAAGGAATGGCAAACAAGACCGCTTTCAGAAGCGTGGATATTTGTCTATTTTGACGCAATTCACTTCAAGGTAAGGGAAGAGGGCAGAGTAGTCACAAAAGCCGCTTATACGGCTCTTGGAGTCGATTTTGAGGGCAACAGAGAGATACTTGGTATCCGGGTAGGACAGCATGAATCAGCCACATATTGGCTTTCAGTTTTCACTGAACTAAAAGCAAGAGGAGTTGAGGATATTTTCATCGCTTCGGTTGACGGACTCAAAGGGATGGAAGAAGCAATCCGCGCAGTATATTCTGAATGCAGA
CP129491.1_gap9	321278	321899	621	TTGGGTGCACCAAATCTGAAAACGGTTCTGGAGCCTGCGTTTGGTTTGGGGATTTTCGCCCGTTCTTTGTTGAGAAAAAAGAAAGAACTGAAAATAACCGGCATTGAAAAAGACCCTGTTATTTATGAATTTGCGAAAAAATATTTCAGTTCGATTAAATCTGTTGATGTGCAGCTGCACGATTATTTGTTCACGGACTGGAAGAAGAAATATGACGGAATTATCTGCAACCCCCCTTATTTTAAGTTTCACGACTACGAAAACAAAGAAAGTTTAACGGAGATTGAAAAAAATCTTGGTCTCAAATTAACCGGATTCACAAATTTGTATTCGCTGTTTTTGCTAAAATCAATCAGTCAGCTTGCTGAAAACGGAAGAGCTGCCTATATAATTCCGTCGGAATTTATGAATGCGGATTACGGTATCTTTATCAAAGAGCAACTGCTGCTTTCCAAAACCCTCAGGCACATAATTGTTTTCGATTTTGAAGAAAACTTGTTTGATGACGCTCTTACAACTTCGTCAATTTTGCTTTTTGCAAACGACGGTGAAGAGAAAAAAATTAACATTAACAAAATCAGAAGTATTGATGAGTTGCACGGCTCTCTGAAAGATTCGGGC
CP129491.1_gap10	346258	350287	4029	GAGCTCTCGATGGAAAACATTATGATTTTCGGTTCAACTGCTGAATATCTTGCTACCACCAATTTTACATTCAGTTCCGGGAGATTTTACACAGAAATTGAAAGTAAAGGTTCCCGCTATGTGGCAGTGCTTGGCTCGGAGGTGGCTGAAAACCTCTTCCCTCAGGGGAATGCTCTCGGGAAAAGTGTAAAAATAGGCGGGTTCGATTTTAAGGTGGTGGGTGTGCTTAACCAGCAGGGAAGTTTCATGCTCGGCAATATGAACCCTGACAAGGAAGTGTTTGTACCGATAGGTGTTCTCTTTAAGCATTTTGTTAATTCGAATTTCAGAAGCATTACAATCGATGTTAAAGCGCCAAGTAACGATAAGGTTGCTGAGGTGGCTGATGAGGCTATTGGAGTGATGAGGAAGGTGCGCGGGCTTCGTCTCGGTGATGAGGATAACTTTTCGGTTAATCAGCAGGAGGGATTGATGGAAAGTTATAACTCAACTGTTGGTGTAATTTCATTAGGTGGGCTGTTTATCACCGGACTGGCACTTTTTGTCGGCGCTATTGGTATTATGAATATCATGTTTGTTTCGGTGAAGGAAAGAACAAGAGAGATTGGTGTACGAAAAGCGATTGGGGCAAAGCGGCGGACAATACTTACACAGTTTCTGTTGGAATCTGCTGCTATTTGCCTGCTTGGTGGCTTAATTGGTTTGATTAATGCTGTGTTGCTTAGCTTGTTGGTTAATCAATGGCTGCCTACTTCCGTTCAGTACGATGCAGTTGTTATTTCGATTTTTATTTCGCTTATTGTAGGGTTGTTGGCAGGGTTTGCTCCGGCTTGGCAGGCTTCCAAACTTGACCCCGTTGAAGCACTGAGGTATGAATGACCGGCTTGATTAAATCGCTGCAACTTAACCTCGTTAAAGTGATGAGGTACGAATGACAAGTTTGTTTGAATCCCTGAAATTAGCGTTGATGGATTTGCGTGCAAACAAGCTGCGGGCTTCTTTAACGATGCTTGGTATTGTAGTGGGGATTTTTTCGATTATTGTTATAATGACTGTGATAACCATGCTTCAATCGAGTATTGAAGAGGGTGTTTCAATGTTGGCTAAGAACACATTTCAGATACAGAAATTTCCTGCAATTCGAACAGGCGGCCCCGGCATGTGGTCTAAATATCGCAACCGAAAAGACCTCACCCTTCAGGAGTATGAGCGTTTACGCAACAACCTTCCTTCTGCAAAGTATATCGGCGCTGAGCAGGGGCAATTTGGCAAGGTGATTAAATTTAGAAACAAAGAAACCAACCCGAATGTGAATGTTGTCGGAATAACACCAAGCGCAATTAAAACAAACGACTGGAAAGTTGAAAACGGCAGAGAAATCAGGGAAACTGATGTTCAAACAAGTGCGAATGTTGTGATTCTTGGCAAAGATGTGGCTGATAAACTTTTTGAGTTTATTGACCCGATTGGTAAAGAAGTGCGGGTTGATGGGCACCCGTTGCGTGTTATCGGTGTGTATGAAGCTCAGGGGCAAATGTTTGGGCAAAGCCGCGATAATTTTGTTACCATGCCAATAACTACTCAGCAGGCGTTTTACGGTAAATACAACCGAAGCATTAGCATAACCGTTACTTCTTACTCGAAAGATGACTACAACAAAGTAATTGAGACCGCAATTGGTGTGATGCGGGCAATAAGGAAAAACCCGCCGGGGAGTGAAAATGATTTTGAAATTTTCAGCAACGAATCTGTATTATCGGAGATAAACAGCGTAACGATTTATGCGAAAATTGGCGCTATTGTGGTTTCTTTTATTGCGCTTATTGCTGCCGGGGTGGGTATTATGAATATTATGCTGGTTTCGGTAACGGAACGGACTCGAGAGGTTGGTGTGCGCAAAGCAATAGGGGCGAAAAGCTACCAGATTTTGATGCAGTTTATGACCGAAGCAATTCTGTTATGTTTGCTCGGCGGTTTGGTTGGCATCGTTCTGGGAGTAGGAATCGGCAACTTTGCCGGGTCTTTTCTAAATGCTTCTGCCGCTGTACCTTATGATTGGATTATGATCGGTATCGGGCTTTGCGTTTTGGTCGGGGTGCTCTTTGGCACTTACCCCGCCTACAAAGCCGCTAACCTTGACCCAATCGAAGCGTTACGGTATGAGCAGTAAACCGGTTTTATGAATCGAACACTTACAGAATACTTCACAGCCTTACTTCCTTTACTCATCAAGCAGAACAAGGTGTAACCAAATCGATTGCTGTGATATACCATTTCCCATCCATAAAGCCGAGATATATGTGGTATTTAAAACCGTAAGGTTCATTTTCCACCTGCATAATTGAATAAGATGTTGCGTTAATACATTTTTTTGACTTGTTGTAAACCGCAACATCACCCCCCAAATCGATAAACATCTGTTCCGTCATCATTCCGGCGAAACTATCCGGCGAAACAGCGGAGATAAAACAACCGGTTTTGTTCCAACTTGAAAGTTCGCAGCTGAACTTGGGAATATCTTCAAAAAGTGGGCGGCACGAACGCGGGGGAATTTTAAGTTCCCGATGATCATCAATTACAGATTCAATTTTCGAATACCAGTTAAAAATTGTGAAAGCCCCCGGATTATAGAAAACAGTTACGCCAAGTTTCGGATGAATAAATTCGTTCAGACCGCGCAGATCACCGATGTTGTAAACAATCATTATAGTGTTCCAGGTGTTCATTAATGACGAAATTTTTTCGCCGGTTGAGTCTTTTGTACTTTTTTCATTTGTTGAATTTTGTTTTTCAACCAAATTTGTATCAGACTGCTTGTTATCGGTCTGTTTATCATCAGTTTTTTTATTATTAGTCGGTTTTTTCTCCGGATTCTTATTCTTGGGCTCTTTTTTGCCGGAAGCATTGGGGTCTTTTTTTAGTTTAGTTTTTGCTTTATAAGTAGCTACTATTTTTAAGTTTTTAGTAAACTCGATAATCCATAAGTTTTTAAGATTTAACGCTTCCTGAATCTCAATTTTATGAGCTGCTGCTTCCGCTCTGGTTTTGAATTGCCCGGCAACTGCCTTAAATTTATTTTTTTTAACTTTATCATCACGCACAACTCTGACGGTTAAGCCAAGTTCGGCATATTTTTTAGCCGCGTTTTGTGCGCCTTCAAGGTTGGGACCCGAAAGAAGCACTACACCATAAGTTGCTGCACTTCCCGGTTCATTATTTATATTATCAACACGGTTAAATCCAAAACTCGAATATTCACAGGGGTTGAGCCTCGCTGCTAAAAGAAGCGGAGAAAGAAAAAATGTAAAAAGTGTTAATGAACTCCACAAGGTATGTTTCATTTTTATTCTGAAAGTCCGAAATATTTGTAATGATTACCCAAAAAATAAGAAAATATCAACTATAAACCGCCAAACTGCAGACAATCAATTTTAACCATCCGAATCTGTAATTTACCGTTTAATAATTTTATTTTTATGGTCATCAAATATTAAAAGTAGTTGTTTATTTTTTTTGTAATTTTAGCACAGAAACTTAAAAAAATATGATCATCAAGCAATTACTCAGATTCTTCCGTTCATCATTGTTCGAAGCCCTTATTTGGATCGGTGCTTTAATATATTTAGCGCTTTATAATCCGGTACAAGAAGCGTCGTTCAGTTTCTGTGTATTGGACAATTTAGGTTTTGAGCACTGCCCGGGCTGCGGTTTGGGGAGATCCGTTTCTTTTCTTTTACACGGTGACTTCCAAGCTTCCTGGGAAGCACATAAATTAGGAATTTTTGCGCTGATCGTGCTTCTGTTCAGAAGTGGTCAGTTAATCTACCAACACATCAATAATCAGAAACAGAAAAGCAGGTTACCGATAAATGGATAACATTGCTAAAAAACAACATATACCAAATCTAATGAGGTTAAAGCCATGGCTAAAATACATACCTACATTCCGGGTGCTTCAATTGAAGAGCTCGCGTTTCTCGAAAAATATTTCGAAGAATTCACCGACGATCAAGCAAGAGAATTTTCAAT
CP129491.1_gap11	352044	354634	2590	TCTTGTTAAAGTTGGCGGTTGCACGGGTTCATTCGTTTCCGAAGATGGTTTGATTTTAACCAACCATCATTGTTCTTTCGATTATGTTGCTGCAGCAAGCACCGTCGAGAATAATTACCTTGAGAACGGATTTATCGCAGATGGGAAAGAGGCTGAAATTCCGGCAAAAGGGCTTACCTGCAGAATTACTGTTGGCTACAGGGATGTCTCCGATGAAGTGCTCTCTGCCGCTGAAGGGAAAGAAGGCGCCGAACGGATAAATGCAATAAACAAAGCACGCCGTGCATTGGTTGAAGAAGCCCAAAAAGAAGCCGGAATAAAAGCTGAAGTCTCCGAGATGTTTATCGGCAAAACCTATGTTTTATTCAAATATACCGAATTGAAAGATGTGCGGCTTGTTTATGTGCCTGCACGGGCGATTGGCGAGTTTGGCGGCGAAGCCGATAACTGGGTCTGGCCCCGCCATACCGGCGATTTCTCATTTTTGCGTGCGTATGTTGCGCCTGATGGTTCTTCCCGTTCGTATGATAAGAGCAATGTTCCTTACACCCCTAAAAAATACCTTGAGGTGAACCCCGATGGAGTTAAAGAAAATGATTTCGTTTTTGTACTGGGTTATCCCGGAATTACATATCGGAATTTGCCAAGTGAGTTTGTGAAATTACACAGGGACGCCCGATTGCCGTACACTCAACAACTTTTTGCCGCAATAATTGCCGAATTTGAGAATCTGAGCGCACAAAACCCTGAATGGCAACTGAAGTTGGACCCCGTGATAAAGACACTTGCCAACACTGAAAAGAACTTCCGCGGAAAAATTATAGGGTTTAATAAAATTGATATTGTCGGTCAAAAACAGAGGGAAGAGGTCGAGATGCAAAAACTGGCTGATTCCGATCCCAAATTGAAGGCGAAATATTCCGGTTTGCTCGATAAAATTACGCAATTATATAAACCTTTATATAAAACTTCGTCGTTGACATTGTTCGATATAGTTTTATCCAGGTTTTTAACATCATTTCGGTTGGCTGATTTGATGTCGAACTATATGTATTCGAAAACCCAACCTGATGAGAAAAGAAGTGATCTGTTTAAAGAGAAGAACCGGGGGTTGTTACTTAAACAGATTGACGATATTTTCAGCAGCTATATTCCGGAAGCAGATTTGGTATTGTTCAAAGTAGCTGTTGCCGATGCGTTAAAGAGAAACGAATTTTCAGATGTTAAATTTCTGCAAAGGTTTTCTAAGGGAAAACATTCTCCATCGGAGGTTGAGGCGTTTTTCAGGAATGTTTTGGATAAGTCGCAAATTACCACAAAAGAGGGCTTTCTTAAAATGATGGAGACCCCTGCGGCTGAATTTGCAACCGGTGATGACCCATTGCTCGCATTATTTACGGAATTGGACGAGGAGTTTTCGGAGTTCAGCTCTCTTTCAAAAGAGGTTGAGGGGAACCTTAACCCACTGCTTGCAGATTATGTTGACCTTAAAAAACTTTACCTGCACCGGTCGTTCATACCGGATGCAAACAGCACGCTCCGCTTAACTTATGGATATATAAAGGGTTATGTGCCCGCGGATGCCACTTATTACAAACCTGTTTCAACACTCACCGGTGTAATTGAGAAAGGGCTTTCCGGAAGTGCAGATTATAAATTGCTCCCTATTTTGAAAGAATTGTGGCAGAAAAAAGATTTTGGCAGGTATTTGGATAAAGACCTTGGTGATCTGCCGGTTGGTATTTTGTATAATTTAGACACGACCGGGGGAAACTCGGGCAGCCCTGTTTTGGACGCTATGGGCAGATTGATTGGTCTGAACTTTGACCGGGCTTTCGGTGCCACAATCAATGACTACGCATGGAGTGAAGACTACAGCCGCTCGATCGGTGTAGATATCAGATATGTGCTTTGGAATCTTGAAAAAGTTGGCGGCGCGACACATCTTCTGAAAGAACTTGGTGTGGACTGATGCCCTATATCCGAAAGCCTGAACCACCATCGGAACCGACCCGGGAGAGGATCATCAAGACGGCTTCCGCTCAAATTTTGCTGAAAGGCATTAAAAACACGAGCCTTGCCGAGATTGCGAAAGCGATAAAAATCAGCAAAGGGACTCTTTATTATCATTTTCGCTCGAAAGAGAACTTAATTGAAGAAATTGCCCGCGCAAATTTTGAGCAGATTTCCGCCCGGATTAAAGAAGAATTGAGCAAACACACGGTTAAAAAGGGGAGAGACGCAGTTTCAATTGTGTTGGAGGCTTTAACGGTTGAACGAAAGAATGCAAAAATTGTGCACCTCATATTTCTCGAGATTTTGCACGGCAACCGAAAATTAGGGATGAAAGTGCTGAAAATTTACCAGGAAATGAAAAAAAACATATACGAGGCATTGCTTCCGTTTTGCAAAGAACCCATTGACGCCGCCCGGTTAACCGCCATTATTGTAGCTCTTGCCGAAGGCGCCAACCTTGGTAATATGCTCGGCATGAACGAGGTCAATACCTCAGATGCCGTTAAGTATCTGAAGGTGTGAAAGTACACTGTTTTATTTGACTTGTTAGTTGTTAAAAGGTTTGATACAACCA
CP129491.1_gap12	468002	469835	1833	TTCGTCATAACCCGATGTTTTTCCCGCTTTATCTTGGTATTGCAGGCTTGGGAGCAATTCCTGCAGTGCTTGCTTATCCAAACCCGAGGTTGCACCCGGATAAATTTAAGTCGGGAGTGGAGGGTATGTCCCAGCGTTCCGGTTTGGATTGGATATTCACCGAGCGGGACCTCGAACCAATTATCTCACCCTTAGTTACTAAAGAAGGGAGCACGATTAAGGGGCTGCACTTCCCGTTGGAGTGGGACAGAGAATTTACACTCAGCCGGGAAGACAGTGCTCTGTTAGATTCGATCAGAGGATCAATAGTTGAAACAGACCCCGTGTTGTTGCAACACTCTTCCGGAACAACAGGTTTACAGAAACCGGTGCTTCTTTCGCAACGGGCTGTTTCTGACCATGTTGACAATTACGCCGAATCGATCAATCTTACCAAAGAGGATAAAATTGTCAGTTGGCTGCCGCTGTACCATGATATGGGTCTGATAGCCGCTTATCATGTCCCCTTGGCTTACGGTATCACTTCCATTCAGGTTGATCCTTTCGAGTGGGTACTTGCGCCTTCTTTGCAGTTTGAAGCTTTAAACGCTGAAAAAGCAACTATTTGCTGGCTGCCTAATTTTGCTTATAACTTCATGGCAGACAGAATAGAAGAAGACGAAATGGAGGATATTTCGTTGAAAAGCCTTCGATTAGTGATTAACTGCAGCGAGCCTGTAAGGAATGAAAGTCATAAAAAATTTGTGGCTGCATTTCAAAAATATGGGTTTAATCCGCTTGCTTTATCCGCCTCTTACGCAATGGCAGAAACCACATTTGCCGCCACCCAGACAACTCCGGGCGAACCAATCTTTACCTTAGAAGTTGACAGGGAAAGTCTTGCACAGGGAAAAGTTGTGCCGCCTGTTCCCGGTAAAGCATCCCGCGTTTGTGTTTCTTCAGGCAAGGTAATTAAAGGCTGTGTAGTTCGTATAGTTGACGAAACCGGAAAAGAATTGCCGGAAAACGGTGTCGGCGAGATCATTATACAATCGGTTTCCATGTTCGACGGTTACAGAAATTACCCTGAAAAGACAGCCGAAGTTCTTAAAGACGGTTGGTATTACAGTGGTGATTACGGCTTCAAACTAAACGGTGAACTTTTTGTTATCGGCAGAAAGAAAGATATAATAATCGTTGCCGGTAAAAATATCTATCCCGAGGATGTTGAAGATGCGGTCGGCGCAGTTGAAGGTATTCTCCCCGGGCGTGTTATCGCTTTTGGTGAAGAAGACCCGGAACTTGGTACAGAAGAGATAAGTGTAGTAGCCGAAACCCCTTATGAAGATGAAACCGAGAAAAAACAATTGATCCAAAGGGTGAGAATGAAAGGAACATCCGTAGATATGACCATCACGAATGTTTACTTAGTTCCGCCCCGCTGGTTGATTAAAAGTTCCGCCGGAAAACCAAGCCGCAAAGCGAACAAAGAACGAATTGCGGAAATGAAAGACTTGAATAAACAGTAAATAAGAGAGTGTAATGATTTCTGAAAGACTTAAAAGTACGATCTTAAAACAGCTTGAACTGGAAGATTACGACATCCAGGACGATACAAAAGCCAACACTGTGCCGGGTTGGGACTCGCTCAGCCACGCAAATGTTATTTTAGCTATCGAAAAGGAATACAATATCAGGCTGAAGCACATTGAAGTTCTTAAGTGCAAGAACATCGGTGACTTACAGGTTCTTGTTGATTCCAAACTTTCGTAATTTTTAACAGGCTGTAAATTGATTTTTGATATCGACTTTAACAAATTGTTGGGGTTGTTCGAATATAACCCGGACAACCTC
CP129491.1_gap13	478947	483402	4455	AAGGTGGTAAAGCTACCATCACACCGAACATAGGGCACACTGAGGGCCAGTTTACAACAGATTTTTCGTTTCAGCCATATAAAGGCGTAGTATTTGATATACCACAGGGTGCGTCTCAGAGCCACCCTTCTGCTCAGCCGGCCGGTGGTGGTGCAACTATTAGCGGGGGAATCCCGGTGGCGCAGTCAATCCCGGTTGGGAGTTTATCGGCAGCAGCGCCGGCTGTACAGGGCAACATACAGATAACGGGTACTGTTCCTGCTAAATATGTTGCATTAAACCAGGTGGAAGTAGTAACAGTGCCAATCAGAAACACGAACCAGTATGCAATGGATGAGTTTAAGCTGATACTTAACAATCAGGTGGCTCTTTACAAGAGCACGGGGCAGCCTTTCACATTAGTATCGTTAAAACTTGAACCTCAGGCAGAAACTGCGGGTTTAGTATCTATGGCGCAACTCAGTAATGCAGTTCGGCTGTCACTGAGTTTGAAAGAAAAATATTGTATAGACGGAAACACAATTTTGGTGTTGCTTGCAAAAGCCGATGAGCGAGCAATAGCTATTTTGGCTTCAAAACTTAGAACTAATCTTCAAAGTGGTGACCCCACCTTTGTAGATCGTATTTTTCCTTTAATTTATGCTCATTCCTATATTTCTAATGAAAGCACGGAGAATGCAGAGAGTATTTTGAAGGAAATCCTTTAGGAAGAAAATGAAACTTGTGAAACTCTTTCGTTTAATCGTTTTATTTGCTGTTGCAATAAATTTTCAAAATAATGCACAGAACCCGGGCGATAAATATAAAAATGACGCTCTGGGAATGATGTCTGCCGGGAAATATGGTGAAGCGATCGACCTTCTGAATAAATATATAGGTGTTTATCCTTCGCGGGCAGATGGTTATAACTTACGCGGGAAGTGTTATGAAAGGCGTAATCAGTTAGTTCACGCACAAAACGATTTTAGAATTGCCGCTAAACTTGCACCCGGTAACAGAGAGTATCAGAACGATCTGAACAGGGTGAATCAAAAACTTAATAACGATCTGAACTCAAAAATTAAGGGTTATCAGAGGGAAATTGCGATAAACCCAAAAAACCCCAAAAACTACCTTGAGATAGCAAAATGCTATAAACTGATGTTTAACTGGGTGCAATCCGAAGCATGGTACGATAAATATTTAGAGTTGGAAGAACCATCGGCAGATGAAGTTATAAGGTACACCGAAGTTCTTAGTTATCTGAGAAAATACGCAAAAGGGGAGCCGATACTTCAAAGATTCGTCAGAAAATATCCAAACGATTGGAGGCTTTGGAGCCGGTACGGTTATTTTGAGTATTACCTCGGTAAAAGTGAGGAAGCCAAAATGGCTTTTGAAACCGCATTGAAGTTGAGACCATACTTCAAAGAGGCACAGGACGGTTTGGATATGGTGTTGGGTAAGTATTTCCCCACACTTTATAAAGATACCACAGGATTTTACGAGTGGAACCGCCCACAGCAAAAGCAACAGCAACAGCAACAGCCGGTTCCTCAGGAGTTTGCAATCGATAAGTATTACAGAATACTCAGAAACAACCCAAAAGACGACAAAACAAGGTTCCTGCTGATTGATGAACTGATTAAATACAAACGGTATGAAGAAGCTTACCAGCAGTTGTTAATTCTGGAAGAAAAATACAAAGAAAATGAAAAATGGGTGAAATTATACGACTTAGTAACAAAAATAAGGCAAGAGAGCTACACTAAGCGAATTGAAGAGATAAAAAAGCTTCTTGAAAAAAACCCGAATGATACTAAGTTGATTACAGAGATGGTTCAACTGATGAGCAATCTGGATATGAACGAGGAAGCCTATAACTATTTGAATGAATATTTTGAGAAAAACCCTAATTCAACTGATTGCAAGTTAAGAACCCTCTTTGCAAAAATAGCAACTGACTATCAGGATAACTATAAAGCTATTGAACAATTGGATTTTTGCCTGAATCTTAACCCGGATGATCTTGACCTGAAACTGCAGAGGGGTATTATTTCCGTGTGGTTGGGGCAGGATGAGGATTTGGCATACGAGTACCTTTCGGCAGTGCTCGCAAAAAGACCTAAAGATGTTACCGCTTTAATCGGCATGGCTTCTTTGGAAATGAAAAAAAATGATTTTGAAAAGTCGGAAGAATACATCAATTTAATAAAACAAATAGAGCCGACACATCCGGAACTGGAAACTTTGCTTTCAAACTTGGAAACCTCGAAAGCTCGTGCCGTTGAAGAAGCACTTTTCCAAAGCCTGGAAGAGGGGCGCGAGAAATTCAGAGAAGGGGATTGCGAAGGCGCACTTGCCGTGTATGACGACTTTTTATCGAAGCACGAAGGTAACAGGACTATTATGAAAGAATATGCTGATCTTAATTCCTGCGTTAAAAATTACGACCGTGCAATTGAAATTTATGATTCGTTATTAAATGAAGAATACGACTATCTTATTGATCTTGAAAGAGCGAAAGTTTTCTTTTTCAAAGGTGATTATCAGAAATCGATCTCTGAGTTTGAAAGATTAGTAAAAGAAGATAATGCAGATTTTGCGGCAAAACTCTTCCTTGGCGATGCTTACGCTCAGACAGGTGATTACGATAAAGCGAGGGATATGTACGATTCGCTTTTAGTTAACACAACTGACTCTACAGAGATAGCGTTAATAAACCAGAGGATGGGCTGGCTGCCTGTAACGGGTTTAGCGGGGTTCCTGGGTAACTTCCCGCAGTATATTTTGCTTAATCCGTTTATTTCTTATTTTGAAGACAATGCTGATTTCAGTTATTTAAACTACGGATTAGCCTCCGACTTGGGTGTTACATCATTTCTGTCAATTGGTTTGATGGGAAGTCTTTCAACACTAAGAGGGAAGAGTACACCGGTTGAATTTAACACCTGGAAGGCAACGGCATTCATCAGACCCTTTGAGCCGATGTTGATAGCTGCCTCGATAGGTGAGCAATCGTTCCTGTCGCCTCAGAAGAGTTATCCTTTGTACGAAGCGTATGTCAGATTTACAAAGGAAAAAGAATATTTAGCTCAGGTAACATATTTGCAGCAGGATGCCGCAACGATACTCTATTCAGCGCTGTTGGTTTATCCTTTCGGAGTATTTAAGGACAGGCTGCGCGCAGAAATGATTAAGGCTGAAGGATGGTATAATCTTCCTTCAAAATATAAAGTTTCGGGTTCTTATCAGTACATAATGGTTGGTGACGGCAACCGGGGTGCAAACACAGAGATAAGAATTGGTAAGTATTTCTACCCTGAATTGCTTGCCGGTTACGAGTTTTATTCAACCATGTATGCCAGAAGGTCGATTTACTATTATTCCCCGCGGAATTTTATATCACACTCACTTTTTGCGGATTGGAATTTTTACAAAGACGATCAGTTTGACCTTAGCGGTGGCGGAAGAATTGGTTACATCCCGGAGAGTTCCTTTTGGCTCAGGGAGTTTTACCTACAGGGCGCTTATACAATTCTTCAGAATTTAAGGCTCAATGTTCGCGGTCAGATGACTAACACCAGCAGAGATGGGGCAGGCTACAGTTCACGCTCTGTTATGGCATCTTTATTCTGGATGTTATAGCAGTTTTACAGGAAGAAGAGTTTTATGTCGCAAAACAAAATCAGATCAACCAGGATCACAGTTAAAAACACCGAAGCAACTGAGGCTGAGGACAATAAAAAAAGGCACATCCTCCGTAGGATGGTGACCAACGGGCTTGCCTCGTTGTTTCTGATATTGGTTATCATAACTACAATGCCGATGACGGTGCTTTCATATTCGGCTCTTTTTGAGTATGCAACTATGATCTCGCTGTTGCTCTTCTTACTTGTGCTTCTGATGAGGTATTTTGGTTTGCTTGGGATGGCATACTTGTGGCTGAACAACTACACTTTCACAAAAAGGCCCGATTTTCAGCCGTTTGTTTCGATCATCGTGCCGGTATATAACGAAGGTATCTTGCTGAAAGACGCAATAATGTCATTACTGGAGCTTGACTACTCAAATTATGAGATAATAGTTGTGAACGACGGTTCGAGCGATAACACTTACGATGTCGCCAAAACATTAGTGGGCTACCAACAGGGGCAGCACGGTAAGGTTAAAGTTTCTTTAATCAGCAAGCCGAATGGTGGCAAAGCGCGTGCGTTAAATGCCGGTATTAGTTACTCGAAATCTGAAATTGTTCTTTGCATGGATGGTGACAGCCAGCTTTCAACTGACACGCTGAAAAAAGGCGCCCGCCATTTTATAGACCCAAGAATTGGCGCTGTAGCCGGTAATGTCAAGGTTTTAAACCGAGGCAAGTTTTATGCAGACCTTCAGGCTCTTGAATACATTGAGGGTTTGAACATGGCGCGCGCAGCGCAGTCCTTCCTGAAATTAGTGAACATTATTCCGGGTCCCATT
CP129491.1_gap14	530334	533400	3066	TGCTGAAGTGGTGGCGATAAACAGTGCCCGCGAAAACTTGGAAGGCTCCCAACTTTATGTAAGTTTGGAGCCTTGTTCACATTACGGCAAAACACCCCCTTGTGCTGACCTGATAATTAAAAGCGGCATTAAGAAGGTTGTTATCGGAATGAAAGACCCAAACCCTGTGGTTGCCGGGCGCGGTATAGCCAGACTGAAAGAAGCCGGAATTGAAGTTGAAGTTGCCGATCTGCCCGCATTTCAAGAGTTTTACAAAATTTTTACCAAAAATATCACCACCGCTTACCCTTTCACAACACTGAAAGCTGCTGTTAGTATAGACGGGAAAATTGCCGATCATAATGGTGAATCGAAATGGATAACCAATGAGCACTCCCGTGAAACGGCTCGAAAGCTTCGCGCCGCAAACGAGGTGCTTATAACAAGCTCCCGAACCGTTCGGGCGGATAACCCACAGCTGACTGTAAGAGACGGAAGCAAACCTTCGCCTGTGAGGGTGATGATGTCTTCAAAGCTTTTTTTTGATGAGAATCTTTTTTTCTTCCAAAACCCGGATGGAAAATCGGTAATTGCAGTACCTGAGCGGGAAAAAACCATTAGCCGGTTAAATGACGAATTTGACGGGAATCAAAAGTTAAAGCCGGGTGTGGCGGAAGATGCAAAAGCGGCCTACATTTCAGCAAATAATATAGCCGACACTTCAGCAAGCAATGCAGCAAGTAAACCAGCGAGCACTTCAGCAAATAATATAGCCGACAATTCAGCAAGTAAATCAGCAGGCACCTCAGCAAGTAATACATCCGAAAATATTGTTGAAAAACTGAAAAAAGCCGGTATTGAGATTATTTTCGTTAAATCTGATGAAAAAAATCACCCGGATGCGGATGAACTGTTAAAAGAGCTTAAGAGGCGCGGTTTTCAGTCGGTTATGGTTGAGGCAGGCTCAACACTTTCTGCTGAGTTCATCAACCGCGGGTTGGCGGATGAGCTTGCACTTTTCATTGCACCAAAGATAATTGGAGAAGGAAACGGATATTTTACGGGGCTTAATGCTTTTGGGTTGAATGGATCGCTACAATTCACTTTTAGTAAAATGCGGGAATTGAAGGGTGATATTTTCCTAACATTGCGAAAGGAATCGAAAGATGTTCACGGGATTAGTTGAAGAGATCGGCACGGTTAAGCGCGTTATTCCGCGCGGAAATGAAATTTCCCTGGGGATTGAATGCAGCAAAATTCTTGAGGATGTGGCGATTGGCGATAGTGTGAATATCGACGGTGCCTGCCAAACCGTGGTGAAAATTGAAAATAAAACCGTATGGGTGGATACAGTCGCGGAAACGCTGAAAAAAACGACATTCGGTAATTTCCGTCCGGGAACAAGAGTTAATTTGGAAAGAGCGCTTTCTGCTTCAGCAAGACTTGGGGGGCATTTTGTTTCCGGGCACATCGATACCACAGGGCGGGTAACCGGGATTAAACAGTTGCAAGGGAGCCACATACTTGCGGTTTCTTACGACTCATCTTTCAATAAAAATGTCATACCGGTAGGCTCAATTTGTATAAACGGAGTTAGCCTTACGGTTGCCGAAAAGTTGAACGGTGGGCTGAAGGTTGCCGTTATCCCTCATACCTGGGAAATGACAAACCTCAGTTTGCTTAAAGTTAACGATGAGGTTAACCTCGAGTTTGATCTGCTTGGTAAATATATCCTCAATTTTACGGAAAATCAGAAAGAAGGAGGATTAACTTTGGAGAAATTAAAAGAATCCGGATTTGCGTGACCTTACCTTCCTAAAATTTACACGGTTCTGCTCCGATAACCGGCTTATCGAGCAGAACGATTCAATCATTATCGCCCTGAGCGGGGGGGCGGATTCTGTCTTGCTGCTACACTTCTTAAAAAAAATCTCAAATAAATATTCACTTAAACTTCTTGCTGTGCATGTAAATCACCAGTTACGGGGTGAGGAGGCGGAGCGGGACGCTGCGTTTTGTGTTGATTTGTGCCGGGATTTGGGAGTTGAGTTCAGGCTTGAAAGAGTGAATGTGAAAGAGGAAGTGGTGCGGGGGAAAAGCTCGGTGGAAATGGCGGCGAGGGAACTTCGTTACCAACGGTTGAATGCCGTGCTACAAGAAAAAAAATTCACCAAAATTGCCACCGGGCATAACTTAGATGACAACGCCGAAACCATTCTGCTTGCGCTTGTCAGGGGGAAGGGACCCGAAGGACTTGCGGGTATTCCGAAAAAAAGAGGAAACATTATAAGGCCCCTGCTGGACTTAAAAAGAGAAGAAATTGAAAACTGGCTGAATTACCACAAAATTGACCGGGTTTTTGACAGTACCAACGACGATCTTGTTTACAGAAGGAACTTTATAAGGCATAAAGTTATTCCGCTGTTGAACGAATTAAACCCTTCATTTGCAAATACTGTAGCCGGTTTGGGTGATACGGTAAGGGCGTTAATTGACCGGCTGCCGGAAAAAAAATTTGAAATAGCAGAACGAAGAGAGGGTGAATTGGTTATTTCGATTGAAAAACTCGCTGACATATCCGATTATCGCTTGTTTCGTGAATTATCAATTAGATTAATTGAAAATTTTAATTTAAATTTAAAGTTTCAAATTTTTATAAATTTTAAAAAACTTGTTGCGGGTCAAGCCGGGCGAAAAATAAATCTGGGGAACGGAGTTATTGCCTTTCGTGAGCGAGAAAGTATTATTATCGGTAAGCCGGTTAAAAAGGTGGTAGAACCGCAGGTTTTGGAGCCGGGGGGTGTGGCTACTTTCGGTGATTTTACAGTATTGTGCACTGAAAGCGACATTTCAGAATTAGGAAGATTTTACAGGGAAAAGCCCGAATCTGCACTGAAAAGGTTGCAGGTGAAAAAAAACACTTCAGAATTAGGAAGCTTTCACGAGGAAAAGCCCCCCTCCGGATTAGAAAGTTTACACGGAGAAAATCCAACTTCTGCGTGGGGAAAACGAGAAAAAGGGGTAAATGAGAAGCAAAAGGGGGAAAAGAAGCAAGAGGGGCAAGAGGAAAATTCAGAGTTTTACAAA
CP129491.1_gap15	535558	537863	2305	ATGGAACGGAAAAGCCTTATCATTTCCGATGAAGAGAAAAAGACGACCTCTTATCACGAAATCGGACATGTGCTTGTCGCAAAAATGCTGCCGGAAGCTGACCCTGTACACAAAGTTACAATTATTCCGCGCGGAAGGGCGCTTGGGGTTACAAGTTATCTGCCTGTGGATGAAAAGCACACTTACTCAAAATCTTATCTTGAGTCGGTGATTACTTATGCGTTGGGTGGGCGAGCAGCAGAAAAGATTATTTTTGACCATTACACAACCGGTGCCGGTAACGACATTGAACGGGCTACAAATCTTGCCCGTAAGATGGTCTGCGAATGGGGGATGAGCGAGCGCTTAGGACCTCTTAACTACGGCACAAAACATGAAGAAATTTTCCTCGGTAAAGAGATCCAGCAGCACCGCGACTACAGCGAAAAAACTGCAATTGACATCGATGAAGAAGTGAAAGCAATTATTAACTCGTGCATGCAGCGGGCGATTGATATTCTGCAGGAAAATATGGAGTTGCTGCACAAACTTTCCGCCGAACTATTAGAGAGAGAAATTCTGGATTCGGAAGAGATTGATATGATTATTCGGGGTGAAGAATTGCCCCCACCGCCGAAAGAGAACAACAACAACGATATTCCTGAGCATGTTGCTGAGATGATGAAAGCATATAAAAAACCATCTTCGCCAGGGGGCAATGCCGAAGAAAGCTGATTCGCCCGAGATAGACTACAAATATGAGATTTATCGCAAGATGATCCATATTTGTAGCCTTTCCATACCAATAATTTACTACTTTATTCCCAAATCTACCGGGTTAATTTTGCTCGGTTTCGTGCTTCTTGGTTCGTTAATAGTTGATATATTAAGGTTCCGAAGTGAAGCCTTTGCGCGCTTTGTTTACAAAGTTCTGCCTGTTTTCCGGAAACATGAACTTGATGAGAAAAAGAAGCAGTTTTCAGGCTCTACCTGGCTGTTGGCGGCAGCAATGCTTACGATTATCGTTTTTCCGAAGGTGATTGCGATTATATCGATTGCGTTTTTGATACTTGGGGATACCGCCGCCGCGCTTATCGGCAGAAAGTGGGGGAGAACACCATTTCTTAAGAAAAGCCTTCAGGGAACAGTGGCATTCTTTTTTATGACTGTAATTATTGCTTTTGTTACTCCACGAGTAACAGATTCATGGAAAGAGATAGCACTGATAATTTTCAGCGGATTAGTGGCTGCAATAGCTGAAAATGTAGCCCGCGGTGTGCTTGACGATAATGTTGCGATTCCCCTTTCTACGGGGTTAGTGCTTCTTTTGGGATATTCCATTCTTTTCCCGGGCTTAGATCTTGTTCTACCGAATGTGCCGGTTTAGGCTTGTTATTTGCAGTGGCTTACCTATCAAAACATTTCTTCTTCTTTTAATTGCATTAACATTGTTCGGTTGCAAGCCGGGCAAGGAAGACTCATACGGAAACAAAACTGAAATGTCGGTGCTCCTTAGTGCTGACATTTCTGATTCAAACAGGCAGTTGCAGGATAGCCTGCTTACCGATCTTAAACTTCCCGGTACTGATGAACCATTTTTCAGCGATATTAATTTCCGAAGTATTGCAACTGACAACATTCCCCGCACTGCAAACATTCTAATAGTTACAACAGTTAATAATTTAAAAAATTCCGAAGAACTTAAGGGGATTTTTTCCGAAAAACTGTTAAAGAGAGTTGTGCAAAACAACACTCCGGTTTTTCTGAAGAAAGATAATCTTTTCTATGATGACCAGTTGGTTTGGTTCATTTTGTGCAACGGAAATGACGACCTTTCCCGGTTTTTGAAAGAGCAGTATAATTCAGTTCTTGCAACTGTAATGAGCACCAACATATCGAAAATTATCTCGAAAGCGGGACGGAAGCCAAGAATTGAAAGGGACCTTAAGGAAGAAGTTACCGAAAAATGGGGGATTGAGCTACAAGTGCCGGAAGGGTTTGAAAGTGCCACGAAACCATCAGACAGTTACACCATGCTCCGAAGAGGTGCCGGCACAAAAACCGAAGAGTGGATTTTCATCGCTGAAATTAAAGGGTTTACACCTTCAGCTGTTGATTCTTCGGGTGGTATTGGCTCATCTTTCCGAACTTCCGGTGGAAAGGGCGATAAAAACACGGCAGCGGATAAATTGACAGTGGTTAATGGATCATTGGAAAAGAGTGGGCAAAGTAATAAAGGTACGGCAACAGAGGGTGAGGCGTTAATTGGTGATGAGAACAATTCACTTACCGGAATGCAGCGATACATTGCAGATTTGCGGGATTC
CP129491.1_gap16	671228	675662	4434	ATGATTGTGAACCTTGTTGACTGTTGCTTTTTCGAAACTTCTTTCAGAAAATTTCATAACTTCGTGAAAAAAAGAAGTTACGATATCATACTGTTCCCCCGTTGAATTTACTAAGAATCGATCGTGGTTAAGTACCGGCACGCCGTCTTTGGTAAGCCGTAGATCGAACTCATAAAATTTTACGCCCGCCTCTAAGGCGTTTCTGAAACCATCCAAAGAATTTTCTCTGTTGCTGAAACCGCGAAACCTGTGTGTTACGATATTCATTATTTATTGATTAAATTTAAAAATGTGTTTTTTGAATATTAAAATAGGCAGAAATCGTTGTCTGAGAAAAAGAAAAAGTTAACCGGTTTACTAATACTTGAAATAATTCTGATTTTGTTGCTGTTGGTAACAATTCAGTATGAAAAATATTTACTGACAGCCGTAGTAGCCTTCAAGTTGCTTTTTGTCTCTTTCCGATATTACCACCTGAGAAGGCTGCTTGAGTCATTTTCAAACTTCAGAAATTTCAAACATCAGCCCGATGAAGGTTCTTTTGAGGGGCAAGCGCCTGAATTATTTTTAAACAATAAGCAGAAAACCGGTGTGCTGCTTTTACACGGTTTTTCTTCCACTCCGAGAGAGTTTAAGCCTCTTACTGACCAACTAAGGGAGAAGAGTATCCCGTATTACGCCCCAATTTTAACCGGTTTTGGTTTGGATGATACACATCTGCTTTCCGTTATCCGGGCGCAGGATTGGATGAGAGATGCAGTTAACGCTTTCGATCTGCTTTCTGCTGATTGTGATGAAGTGTGTATCGTAGGTAACTCAATGGGTGCACTTCTTGCCTGCCACATTGCCTCTAAACGATTTGTGCCCAAACTGATATTAACGGCGCCATATCTGCTTTCCAAGAAAAAACATGAATTGGGGCGTAAACTGCTGATTGGCAGTCCAATAGGCTGGCTGATAAGAATGTTTAACCCGTATGTTAAAAAAAGCGGAAAATCGAAAGCGCAAACAAATCTGCACGATCCGGAACCGCGATTTGTTTATGATGTGGTGCCCGTGCGCTCCATTGAGGCGATGTGGAGGCTACAGGATCGGGTGCAATATGAAAAAGTGCGGGCAGGGGATTCACTTGTGATTACGGGGCAAAATGACAATACTGTGGAAAACGAAAGAGTTTTTCCCCTCTTGGATAAAATCGGGCTTGATTATCAAAAAATGGAACTTCCTGAAACTGGGCACCTAATCTTTCGGGGACCCGAAGCTTTTAACGCCGTTAAGAAAATTTTGGAGTTTCTGGAGAAAGAGTAAAATTAAGCCGGGCAAACCCGGGCAAATCCTCTGTGGCAGAAAAGCAGGCAAATCAAGTCTAAACATTTAAAAGAGAATTATCCGGGGGAAGTTAAACGCTTCTGCTTTTCAGCCAAGTGAGCCGGCGGGTTTAAGAGCACACCAAAAATACCTTTTAAACACTTCTGTTTTTCAGCCAAACCTCTTTCAACCGGTCAAATGCGGCAGAGGGGATAACCTCACCGTTCAACAGTTTTTCTTTCAGCCTTTTAAACTCTACCGAGATTTTTTCATTTCTGAAGAATGAATCATAAAGGAAATCGCGAATCATAAACTCAACCCACTCAACATTTTGGCTTCTGCGTCGTGAGTAAAAAACTCCCGATTCCTTTGTGGTTTTTTCAAATTTTTCGATTAACTCCCAAAGTTCCGGCACCCCTTCGCCTGTGAGAGCGGAAGCAGTATATGCTTTTGATACCCACCCTTCGGTTGAGGGGTACATATAGTGCAGTGCAGCAGAATATTCGGCTTTTGCAATCCGTGCAATTTTTTTGTTTTCACCATCGGCTTTGTTGATTACTATTGCGTCGGTAATTTCCATAACTCCTTTTTTCATCCCTTGCAGTTCATCGCCACCGCCGGGAATCAGAACTAAAAGGAAGAAATCAACCATCGAACGGACAGTAATTTCGCTTTGGCCAACGCCAACGGTTTCAACCAATATAACATCGTATTGGGCAGCTTCGCATGCAGTAATAGTTTCTCTTGTTTTTCGCGCCACTCCGCCGAGTGTACCGCCTGAAGCCGAAGGTCGAATGAAGCAATTGGGTTCTTTCGCCAGTTTTTCCATTCGGGTTTTATCGCCCAGAATGCTCCCTTTGCTTCGCGAACTTGAAGGGTCAATAGTTAAAACTGCCACTTTATGCCCCTTTTCAACCAACAAAACGCCGAGTGCTTCAATTAGTGTGCTCTTTCCTGCGCCGGGTACACCGCTGATTCCAATTCGGATCGATTTTCCGGCGTAAGGCGACAATTCCGCCAGGATTTCACTCACTCTTTTTTGATGTGCCGGTGAAGTACTTTCAATAAAAGTGATCGTTTTAGCGAGCAAATTGCGGTTGTTATGAAGCACGCCTTCGATCAGTTCTGAATTGGTGTATTCCTTTCGTTTGAAAGTTCTCTTCGGTTTTGGCTCTTCGGTGCCGGTAACACCTTTAACAATCCGAATTGCAAATTCGTCGCCGTGATTCTCAGGCGTCCAATCAGGTTTGTAGGAGTTATTTTCTTCTTTTGGCATAAAATTTATTTAAAAATCAGCAATGCCATCCGCTACATAAACAACGGACAGGTAATGTTACAAAAAATTGAAAAAGCAACAGTTCTATAATCAAACAGCGTTATTCACCGCCGAAAACAACAGTTTTTTGCTCAAACGGTGTTAAAAACAACAGTTCTATAATCAAACAGCGTTATTCACCAAATCGTTTATCTATCTCTTCCATTATTTTTTCGGCTGTTTCGGGTATTTTAGTTCCGGGCCCAAAAATAGCAAAAGCGCCGTGCTCGTAAAGATAATTATAGTCTTGTTGCGGAATTACCCCGCCGACTATCACGATAATATCGTCGCGCTCCAAATTATGGAGTTCTTCAATCAGCTTAGGCAGTAAAGTTTTGTGCCCTGCGGCGAGGGAACTCATCCCGATGCAGTGAACATCGTTCTCTACCGCTTGGCGGGCAGTTTCCTCCGGAGTCTGAAACAGGGGCCCCATATCAACATCGAACCCCATATCGGCGTAAGCCGAAGCAACCACTTTAGCGCCTCTGTCATGTCCATCCTGCCCCATTTTGGCAATCATAATACGGGGGCGTCTTCCGGCTTTTTCGGCAAATTTATCGGTAAGGTTTCTCACTTTGTTAACGGGGTCTTCTTTACCCATAGCGTACTCCTTAGAATAAACACCTGCGACAGTTTTAGTTTGCGCCTGAAATCTTCCGCAAACCTTTTCAATGGCGGTTGAAATTTCGCCGAGCGTTGCGCGTGCCCTTGCGGCATTAACAGAAAGTTCAAGCAGATTTCCTTCGCCCGATTCAGCCGCTGCCGTAAGAGCGGCAAGAGCTTCTTCGACTTTTTCGTTATCTCTGGAAGACTTAACCTCCTGCAGCCGCTTTAGTTGCGAAAGTCTGACGGCAGTATTATCAACCTCAAGAATTTCAATCGCTTCGGCTTTTTCGGGCTGATATTTGTTAACACCCAGAATAGTTTCAGCGCCGCTGTCAATCCGGGCTTGCCGGCGTGCGGAAGCTTCTTCAATCCTCATTTTGGGTATGCCGGCTTCGATTGCTTTCGTCATTCCGCCGTAAGATTCAATCTCAAGGATGTGCTCCCACGCTCTGTTCATAAGAGCATTGGTTAGTGCTTCAAGATAGTAAGAGCCGCCCCAGGGGTCAATAACCTTGCAAATTCCTGTTTCATCCTGCAGATAAAGTTGAGTATTTCTGGCAATTCTCGCCGAAAAATCGGTCGGGAGTGCAATAGCTTCATCCAAAGAATTGGTGTGAAGCGACTGTGTGTGCCCTGAAACAGCAGCCAGCGCCTCGATGCAGGTTCTGACAACATTGTTGTAGGGGTCTTGCTCGGTGAGGCTCCACCCGGAAGTTTGAGAGTGCGTTCTCAGCGACATCGATTTCGGGTTTTTCGGGTTAAAACCTTTAATTAGTTTAGCCCAGATCAACCGGGCTGCGCGCATCTTTGCCACTTCCATGAAGTAATTCATTCCCTGTGCCCAGAAAAATGAAAGTCGGGGAGCAAAAGCGTCAATATCCAACCCCGCTTCGATGCCTGTACGGACATACTCCAACCCGTCAGCGATAGTATAAGCCATTTCAAGGTCAGCAGTTGCGCCGGCTTCCTGCATGTGGTACCCGGAAATGCTGATGCTGTTGAATTTTGGCATCTCTTTCGAAGCGTATCTGAAAATATCAGCGATTATTTTCATCGACATTGCCGGAGGGTAGATGTAAGTGTTTCTTACCATATACTCCTTCAGAATGTCGTTTTGAATTGTTCCGCTAAGCAGCTCGTGCGCCACGCCCTGCTCTTCGGCGGCAACAATATAAAATGCCATAACCGGCAGTACGGCTCCGTTC
CP129491.1_gap17	692643	697451	4808	TCTTTCGGGAAACAGACCATACTTCAGTTTTGGTTTGGTAGCTTTCTGTCATCTCTTTTGATCCCCAATTCCTGTTTAACGGGATCCCCAACTTTTCTGTGCCTTCTTGTAATTCTTCTTACTAAATTCTTATTTCTTGATCAAACAACACAAACTTTGTGTGAGGAAATTCTATGTCTCAGTTAACACATCACCCGGTGCGACTGGTCTCGTTTTCGGTTCTACTTCTTTTAGTTGTTAGCACAACAGAAGTCTGTGCCCAGTTCGATACTAATCTATTCATTAAAAGAGCCTGGTACTGGCCTGAATCGATAGTTTATATGGGTGACCAGAACAACGATGGCTGTGATGATTTTTTTATTACAGAATTGGATAATGCCACTGGTGCAGGTGGAAAGTTGAGTTTTTTCTATGGTGGAAACCCTGTCAGTACCATTCCTGCATTCATGATTCCCAATTTTTCACCCAAGGCTACAACCGGGTGTGATGTGAATCGTGATGGATACAGAGATATTATAGTTCAACGGTATGGTACGAAGAAACCGCCTGTGATTGACATCTATTTTGGAGGGCCCGGGCTTGATTCAATCCCTGACTATACATTCACATATCATGACACTACGGTAATTTATCTCGATATGTATGGTAAAAGTTGGCCTATGGACTTTAATGGTGATGGATTTGAGGAATTTATGTTTTCAGATATCGTTTATAAACCAGGAGGTTCTTATGCAAATTTTAGATATTTCTTTTGTGAAACAAATTCTGTATTGACCTCAAGGTGTAATGCTTCAAGTGGAAATGGAATTTCGTAAATTTATTTAATGTAAAATAATAAAAAAGGAGATTCCTTTCATGCAAACGAAAAAGAGATTCACCCCCGAGCAAAAAGTCATCATTCTCAGAGAGCTTCTTGAGAATAAACTATCCATCAGCCAAGTCGCTGAGAAGTACGGTATTCATGTCAACGATATATACGCATGGAAAAAGAAACTCTTCGAAAATGCCGCATTGATCTTTGCCAACAGCGCCGGCAAGCCTGCTGAAGCACGGAAGAGTTCAGGCAAAGTTGAGCAACTCGAAGAGAAGCTCCGTAAAAGGGATGAAGCTATATCATTCCTCCTTAGAGAGAACATAGAAATAAAAAAAAATATCGGTGGGGATCTCTGAATGGGCTTTGGGTTGAACCTGATATTCGGGACTCAATTATTGTGTTTATTCAGATGATAAGTCCCATAACAGACTACAGCGTTAAATCGCTACTGACCCTAATAGGTATTAGTACCGCGAAGTTTTATGATTGGAAGAAACGATCAGGTACCGGTAACAGGCATAACGGTAAAATACCAAAGAGAGGTTATCTCCTAAATTGGGAGAGAAAGGCCATCATTGACTATGCCCGTGAACACCCGGGAGAAGGGTACCGACGACTGACTTATATGATGCTCGATGCTGATGTTGTTGCTGTAAGTCCTTCTACTACATACCGTGTTCTAAAATCTGCAGGACTGCTTAACCGTTGGAATACGGTTAAAAGTTCGATGAAAGGTACCGGGTTTGTCCAGCCGACAGGCATTCACCAGCATTGGCATACTGATATAAAATATGTTAACTTCAAAGGTTCTTTCTTGTTTTTGATTTCCGTGATCGACGGATACAGCCGCTATATCGTCCATCACGAACTAAGGACAAATATGCAGGAGATCGATGTTCAGATCACTTTGCAGAGAGCCCTTGAGAAATGTGAGGGTTACCGTCCGAGGATCATTTCGGACAACGGCTCTCAATTTGTCTCGAAAGACTTTGCTGCATACCTAAGGTTTGCCGGACTTGAACACATCAGAACCTCTGTCAGTTATCCGCAAGCTAACGGCAAAATTGAACGGTATCACCGAACCATCAGGAGAGAGTGCTTCGCAAGAACTTCAATGATTGATCTTGATGATGCAAGAGAACAAGTAGGAAAGTTTATCGACTATTATAATACTGAACGATTACACTCTTCCTTGTTCTTTTTGACTCCGGAAGATTTTTTATTTAACCGCATTGATGCTAAATTAAAGGAGAGAAACGAAAAATTTCTGAACGCTAAATTACAAAGAATGAAGGTACCGGATTATGCCTGACCTTCTACATTATTTTCAACTGTTAAAATTCTGTTTTCCGCTGAACCAGTACAAAGGGATTATCATTTACTTCAACTTTATCCCGATACGACTTATGAGATTTCTGGTTTACGGTTTTATGGTGCCGATTTGGATGGTGATGGTAAAGACGATTTTACAATTGATATGTATAAAAAATTTGCACCTGCGGGTTCGCCTGAAAGAAAAAGATGGTTCATTTACGGTAATAACGAGTTTGATTTTAACAATTATTATGAAATGACAGATACTTTTTATAATGTTGACCTCATGTATATTGTTCAAGATCTCAACAATGACGGGAAAGGTGAATTGGTTTTTACAAATCAAGGTACACATCCATACTGGTTTACAGAAGTCATGTCGTTCGGAACCCGACCCCCTAATATCACTCCTGAGTATGGATTAAATACGGAATACTCGAGTTGGGCAGATGGTTTTTCACCGGGAAATGTGAACAGTGACTTGTATAACGATTTCATCCGCCATATACCTTACTCAAGTATGTTTTTATATCTTGGAGGCAGCCCCATGTGGGCAGAGAAAAGAAGAGCTTATGGGACATCATCATCTTATTACAAACTAAATTTTGGAGGGAGGGTTGGAGATGTAAACGGTGACGGTATAGATGATTTTTGCATTGGAGAGAATGCTGGTACTGATCATTCATCAAGGCCACCGGGTAATCTTTATATAATTGCTGGTAGTGATGTTCCCAATGGAATAAAGGAAGATGAAATTAAGAATGAACAGGAGCTTGGGCTGTCATTTGGTCTCTCCCCTAACCCTGTAAAAACTGTAACCAATTTATCCTACAGTTTACCATTTGATGGCGAATTGACAATTGAGATCCACGACATCACCGGTCAGAATGTATATAAGACCATCTTCCAGAAGGAAAAAGGGGATCACACTGAATTAATTGATCTGTCAAGGCTCACAATTTCCAGTGGGGTTTATATATTAACCCTTGAACTAAAACAAGGGGATAAGATTCTATCCAAAAGTTTGAAACTTCAATATATGAAGTAAAAAAAATAATCAACAAAAAGGAAATCAGGATGAAAAAATTGATAATAGTTTGCATTCTTTTTTCAGGGATTTTCTTAGGACAGAACAGACCTCGCCCCGGCATCGATTACATGATGCATACGGGCTTTTTCGACTTTGTCATAAACGCCTTGCACCATCCAAGAGGTGGGAATTCAAACGATTTAATTTCCAATTATACAAATAAGGGGTGGTATTTTGATAAACTCAGAGAACTCGGGTTAACAAACCTTGTGACAGATGGTATGTATAATCTGAGTATCCAAAATAACAGCAATAATATCTTTCTTTTAAATGATATGGGTTTTGCCTGGAAACATGACCCGGGATTCGATACTGCTTTACACTTCAAACCCGCTGAATTTATGAGAGCTCTCGGACATGTCGATGACAGTTACCCTCTTGAATTTGGAGGGACAACAGCCCCCACAATTGCGCCTGACAAGAATTTTGGTTTTACAGTTGCAGGTTCTGATGCAACTTGTTACTGGGGTATGCGAGATGAATATAAGCCTGCATATTTGGAGACAACCGGGCAGGATATAAATGATAATACTGCTTCCGGAACACACCGGTCTCGTAGAAGTCAATATGGCACTCACGATGAAGGGGTTATGTTATGGGGTATGATTCCCTGGACACAGTTGGCTGATCCCCGTCTGAAATACAAAATGAGGATTTATTTGCGAATAGCCGACAACGATACATCCAAAGAAATGGACGGTATTGGCGTATATGCAGGTCCTTTTAGTGCAAGTTTACAAGATCAACCGCAGATAGAGCGAAGAAGGGACTTTTTCACCGAACCTGAACTAATACCGGTTGAATCAATGGGAATATCTCAAGTCTTCAAGAATAATGAGTTACCAGAAAGTGATGACTATTATTGGATTGAAACAAATTCTTTCAATGTATCTCAAAATATGAATCTTGCATTTCATATTTATTGGAGCGGCAATCTGACAGTTTATATTGACAAAATTACCTTTGTCAGTGAAGAGTTTGACCGATTGTATGTTAACACCTCGGGCCCGGTGCTTATGGACTCAATATTTACCGAACTTGATTCAATCTATCCCTCAAGTGTGTATAGCAACCAAAGGTTCCAAAGTTTTTACTTTGATGAACCCTTCCAACTTTCTGCTGAATACAGAAAGGATTTGCAAGCGGAAGTATTTTCAAAGTCAACATCGAACAACAACCTTGAAATAAATGGTGCAACCGGTGCTGTCCCCGGTTATTTCCATTATTTTGATATAAAGTGGGCAGCTCCGACAGCAAACAGATTAAAGAACTACCTTCTTTATAATCTGTATCCGATCGGGTCCGGGACAACTTATTCGCAAGACCATGTACAAGCGATGTTAAACACCTTTGTTAATTATCGCAATTTCAATGATGGTGGTACCGGTCCGTATCAGTATTCCGGTTTGCGGTCTGCGCAGTTAGGTGCTCAGAGATATAATCAGGATGAAACAGACGATATACCTTTGGTGATGACTTTAGGAGTACATGCAGAACAATATGTCGTAGGAGTTGATAATTCTGCACATATTGTTCCGGGAGTTCATTCGAGGCGGGCTCCAACATATGATGAAATATTTGCTCAGGGCA
CP129491.1_gap18	706146	710104	3958	GCCATTTGGCAGTTTATTATGGAGGACCTTTGTTGGATACAATACCTGATTACCTGATTCAATTTCCGATTCCATCCTCTGCGACAGGGATGATTGTAAATAGTGCGGGTTCTCGAATAGATATGAATGGAGATGGAATAGAGGAACTTGCATTTTGGTATGGTCAGTGGCCCAACGATACCCTCTATTTTTATGAAACGGGTTCAAAGTTCACGGGTGTACCAAAACAAAGATATGCGGGTGAGTTATTCAATCAAAAAATGGACTCACCTTTAATGTTTGGAGATATTAATGGGGATGGTTGTTCAGATCTATGGATTGAACTATATGATCCGACGCTTCCAAATACAAACACGAGATACAATGTTATATATGGTGATCCTGAATTTAATCTTGCAGAGAGGTTCAGTTATCAGCATGACGGAACCGGTTACATAATGGATGGATTAACTATAGCTTCAAGAATAATCTCAGATTTTAATGGTGATGGAAAAGATGACTGGTTACACCCGAATGATGGACAATATCTCTATTTTTATGGTAAAATGGTTAATAGTGGGGGCTATCCTCCAACTGAGTTTCCAACTGCATACAGAGGGTTAAACACCCAGGACAGGGGACCATTGTTAGGATTTAAAATGGATGTTGGCGATGTAAACGGTGATGGAATACAAGACCTGATGCTATCTATTGGCTACTCAGAACAATGGTTGTGGCTCGGTGGAATACCCAAGTGGGGTAACACGGCAAATAAAAAGTTTAATGGAGCAACAGGCAGGGGATTTGTGGGAGATGTAACAGGAGATGGAGTGGATGATCTTGCACTTGTATATGATTATGACGGAAATTCGTACGGTTATGGATATGCGGTTATAGTAGCCGGAGACAGGAACCTTGTGTCGGTCGGGGATGGTGAGGAACCGCAGATTCCGAATACACTGAGGCTGGTTACCTACCCGAATCCCTTCAATCCTTCTACAAAGATCAGTTATACCGTTCCGTCCACGGGTGGCGTTACTATTTCGATTTACAATGTGTCAGGCGAACTGATTGAACAGCGCGACCTTGGAGAAAGGTTTGCCGGCAGCTACGAGGAAGAGATCAACCTGGGGAAAACGGGAGCCTCCTCGGGAGTCTATTTCGCGGAAATAACCTTTACATCCGGCACGGATGTGAAAAAAGAGAGGGTGAAACTGCAATTGCTGAAGTAAGGCTGCTCCGCCTGCGGGAAACTGATGGTTGACGGCTGAATTATTTCACTCTAATTTTTGGGGCAAGCTGTAAGCTTTGCCCCTTTTTTATTTCATGACGCCAATAATTTTTAGGGCACCAATTTATCTCTTTTTTGTATGGAGTTAATTTTTTTTTGCTTATTCACTTAATAAAACATACTTAAGAATATTCTAAAATCCATCAGTGGGAGGAACCCAAATGAAACAAGTGTTTACCGCATTATTTATTCTTTTAAACCATCAAAACAAACCTTATGTGAGGAAATTCTATGCCTAAGTGTAATGCTACAAATGAAAATGGAATTTCATAAATTTGTTTAATGTAAAAAATAAAAAAAGGAGGTTCCTTTCATGCAAACGAAAAAGAGATTCACCCCCGAGCAAAAAGTCATCATTCTCAGAGAGCTTCTTGAGAATAAACTATAAAGAAACAAAAAACTTTTGAATGCTAAATTCCTAAGAATGAAGGTGCCGGCTTATGTCTTAGCTTCTGCACTATTTTCAGTCGCTTAAATTCTATTCTCCGCTGAACCGGTACAAAGGCTCACAATTTCCGGTGGGGTTTACATATTAACCCTTGAACTTAGACAAGGTGATGAAACTCTGTCCAAAAGTTTGAAGCCTCAATATATGAAGTAAAAAAATAATCAAAAAAAAGAAATTTATTAGAGGATGGCGACTTTTAGAAGACTTCCAAATTTACAGGGTTTGTAAATTCTTATTTTTTAAGGGCTTAATTAACCATTGCGGAGAGAGGGAGATTCGAACTCCCGGTGAGCCGGAGCCCACAACAGTTTTCGAGACTGCCGCATTCAACCACTCTGCCATCTCTCCTGGTTGTTTAGTTATAACAGGAAACAGATTACACTGCCCCGGATATAAATTTATTTGATGCATCTAAGGAAATCAAGTTATAACCGGTTACAGATCATACAGGCTCCAAAGAAACAACAAAATACGCAAAAAAAAAGAACAAAAAGCACACAAAAAATTTTGTATGTGCGTTGCAAATATAAGGTATGTTGCGGATAAAAACACAATCGGATCAATTAAAGAAAGGTAAATTTATTACTTTTATGTTATAATTTACCGGAAAGCTAATAACGGAATTAAAGCAATTAATGCGCGGTAAATTTATTACTTTTGTACCGTAAATATTCAAAAGGTTTTAGTTGCTCAAAAATCATTTTAGAGAAACAATAAATTTAGCAGTACCGGTTGTAATTGGTCAGGTTGGAATAACTTTAATGGGGATTGTTGATTCGGCGATGGTAGGTAGGGTAGGGGCAGCATCGCTTGCAGCAGCTTCAATCAGTGGTGGTTTCTTTTTCATAATTACTGTGGTAGGCTTAGGGATAATCTCGTCGATAACACCATTGGTTGCTATTGCTGTCGGTTCGTTCAATGATGCTGCGCCCGGAAAGCTGTTCAAACAAGGTTTTTGGGTAACAGTTATCACCTCAGCAATTCTTAATTTGATAGTCTATTTTGGCGCAGAAGTAATCCACTATATGGATCAACCGCCTGATGTTGCTGAACTGGCAATAAGTTACACCCGAATAATTTCCTTTTCCATCCTTCCGATGTTGCTCTTTATCTGCTACAAGCAATTTATAGAAGGGCTCTCGTTCACGCGTCCGGCGATGGTAATAGCATTGGCGGCTAACCTCGTTAATTTCTTTTTTAACTGGATTTTAATTTACGGCAACCTTGGAGCACCGTCACTCGGGTTAGATGGAGCGGGAGTAGCGACGCTGCTTTCACGAATATTTATGTTTGTTTCGTTGGCATATTTTGTTCACCGCAGCACGAAATTTAGCCGCTTCGGTTTGAAAATACTCCCCTACGGTGGACCTGACGAACACGGTAGAGAAATCCTTAGACTCGGTTTACCGAGCGGGTTCCAGTCTTTTTTTGAAGTTGGTTTTTTTGCATTGTCAGCATTTATGGTAGGTTGGATAGGTAAAAACAGCCTTGCCTCACACCAAATAGCGATGAATGTTGCTTCAACCACTTATTTGGTCTGTCTGGGTATATCAACTGCCGGAACAATCAGAGTTGGCAATGCACTCGGGGCGGGAAATATATCTGAAGTTAAACGAGCGGGATCAGTGGCAATTTACCTGGGTGTTGGTTTTATGTTGCTTTCCGGAATTTTGCTTGTGATTTTCAAGTCGGTTATCCCGTTGCTTTACACCAATGAACCGAAAGTATTGGAAATTGCGTCAACACTTCTGACAATAGCGGCATTGTTTCAGGTTTTCGACGGTTCACAAGCGGTTGCGCTTGGAGTACTACGGGGGATAAAGGAAGTTAAAATCCCTACTGTTATAACATTTATTGCATATTGGCTGATTGGGCTGCCGGCTGCACTTCTGTTAGGTTTTGTGCTAAATTTAGGCACAAAGGGTATCTGGTTTGGAATGTCGATCAGTTTAATAGCCTCTTCAGTTATGCTTAACAGCAGGTTTTTTCTGAAAATCCGGAAATTGCGGCTTCCGGCTGCACCGTAGTAAATCTCCGGAAATATGCACCATAATCCGCATGATGAAAGTGAACACTTTTTTGATTGAAAGTTTTTGCTCAGTTATTTTTGAATCCGCATGATGAAAGTGAGCAATTTTTTGATTGAAAGCCATTGTTATCACTTCAACAGTGCGTTTATCGGCAGTATTTACCTTCTATCAAGTAAGAGTTGGATGAAATATTTTCATTATTGTATTTTT
CP129491.1_gap19	736725	741208	4483	GACTCGGTAATTTTCATCCGCCTGTTGCACGGTGTGTTCAGCCAGCCCAATCCTTGTAGCGCAAGCGGAGTAATTCAGATACGCCTGTTTAACCTCGATCAGTATGCCATCTTTCATCATCTGGTATTGATAGTTTGTTTGTGAGAGTTCCGATTCAGCCTGCTGCGTGCGGTAAGAAGTAGCGTTCCAGTTCCATAAATTGTACGAAAGAGAAAGTGAAATATCCCAGGTTCCTTTAAATTCATCTTTAGTGGGTACAATCCTCATGTTAGGTCTTGCAAAATTATAGTTGCCCACTAAAAAAACTTCCGGGTACCATGCAGATTTTGTAAGTTCAACGGCAGTTTTGCGTGAGTCTATTCTGATTGCCATAGCACGGAGTTCCGGTCTGGTATTTATTGCGTGTTCATTTAGTTCCTGCAGCGAAAGCAAAGTATCCGGTACCGTTTCCGATAAAACAGGTTTAATGGTGATATCAGTTTGGTAGGGAAGATCGAGGGTGTTTAACAGGTTTAACTTAGCAAGCTGAATGTTGTTTTCTGTCTCTAAGAGTTGAACTTTAGTTGAGGAAAGCTGCACTTCAAGCTTAAGAATTTCGTTTTTAGTAACCAACCCTTGTTTATAGAAGTTGTTTAAGTCGGCTAAATGGATTTCAATATTCTTAATGTATTCTTCAATTATTTTTTTTCCTTCCGTAACCTTATATAGCGTCCAGAAAGCATTTGAAATATTGTACCGAAGTTTAGTTTTTTCAGCTTCCAGATCAAACATCCCGGCAGAAATTGACTGATCGGTCAGTTCCTTATTCAGATCAATTTTGAACCCGGTGAAAAGCGGTTGAGTAAGCGTAAGTTTTGCACTGTAGTTATCCAGTACGGAGGGGGAAACGGTAAATTTCTGCATTGTGCCCCCCATAGGAATAGAAATTTCAAAGGGGTCAACAGGGCTAAGATGTGTGTAACCGGCTTGCAGAGAAAGACTTGGCAAACCCGAAGAGTTCACTTCTTCCCGTTTCAATTTTCCAGCAGTAACTTTTTCAGCTGCAATTTTAATGTTTTTGTTGTTTTCCAGTCCGTATTTAATACAATCTTCTAAGCTCATTTCCAAAGTGCCTTGCGCCGTAGAAAATGAGGCAAAGCCGAGACATAGAATGATAATATACAGCATGTTTCGGGACATCTTGAGTTCCTGAAGTTGAAATAAAATCTTAATAGTTTTGGAAAGTGTATAGTATAATCAATTTCCGTTTCCCTAAATTTGCGATTGGGAAAATCCCATTTAATTTTATATAATAACTATGCAATTTAAGAAAGTCTAAAAAAATATAAATGAATATTTATCGTTATGATTTTTAAAAAATACCAAAATTACATGAATGGCAGATAGAACAATGGAATGGATTTTTCTTTTTATAGCAGGTTTGATGGAAATGGGCTGGCCCCTTGGGTTTAAACTTTCACAGGTTAACTCAAATGGTTCAGTTCGGTTTTGGTGGATTGTTTTCTCGGTGATCAGTATGGCAGGAAGTGGTTATTTTCTGTGGTTGGCGCAGCGAGATATATCAATTGGAACTGCTTATGCAATCTGGACGGGTATCGGTGCTGTGGGTACATTCGTGATAGGAATATTATTTTTTAAGGATATTGCAACCTTGGGGAGGATATTTTCCGCCTTCTTGATAATTGCAGGGATTATTGGGTTGAAATTAACAAGCTCTAACTGAGTTTAGTTGTTTAACGGGTTACCGGTTACTGAGGTAAAGGGGTTTACAGGTTACTTAATTTAACGGGGTTAAGGGAAATCAGTATAATTGTGCCTCAGTAAAGGTAAGTAAAATTTTGTTACGGAGGGTAAGGTTTTAATTGAGAAAAATACTGTAATTTCAGGAGAGTGGTGAAATATCAGGAAAGAGGTGAAGCAACCGAAAAAGTAAAGAGGTGGAGTAGCAGGAGAGAGGTGAAGTATAAGAAAACCGGTGAATAAAGAAGAAAGAAATGGTGCCGAAAGCCGGGGTCGAACCGGCACCTGGTGTGAGCCAGACCGGATTTTGAGTCCGGCGCGTCTGCCAATTCCGCCATTTCGGCATCCCAAAAAAAGTGGACCATGGTCGGTAACATGGTCCAATGTGGGCAGGGACGGAATCGAACCGCCGACACAAGGATTTTCAGTCCTTTGCTCTACCGACTGAGCTACCTGCCCCTAAATCAAAATAATTTAGACTTCGAATTTACTGATTTCACAAATATCTTACAATAGTTTAATCAAAAACTAAAAAAAATATTTTTTTACCACTTCTTTTTAGCTGTTTTTGCATGAAAATGGTCAGAAAACGGGGGGTGTTTGAACCCAAAATAAAAGAGAATAATTCAAAGGTTTTATAAATTAATCCCGAGAATTCATAAATTAGGTTCTTGTTTAAAAAAAAGTTTTAAATGCGCCAATCACCCAAAAGCGTAAGATCGGTTTAGATGATATTACCAAACCAATTGACTGTTTTAAGGATCATTCTTACTCCCTTCGTTGTTTTTTTCATGTTAGGGCAGGGGCGTTATTACAGTGAAATAGCTATAATAATATATATAGTTGCTGCACTTACAGATTGGTACGACGGTTGGTTGGCGAAAAAATTTAACTATTTCACGAATTGGGGAAAGGTTTGGGATCCGATAGCCGACAAAGTATTAACCGCCGGCACAATGATTTCGTTAGTATATTTAGAAGTGATCCCCTGGATACCTGTCGCGGTGATTTTGCTAAGGGATATATTTATTACGGGGTTTCGGTCGTATGCCGAGCATGTAAGAAAGCCGTTTCCAACCAGCCGTTACGCAAAAGTTAAAACTTTCATCGAGATGGTGTATTTAAATTTCGTCTTAATCTCATTTTTATTGGAAAAATCGGAAGTGCTGCCTGATGGGTTGCGGAAATTTTTTGGAATGCTGCTGGTTGATGAAGTTGTTTTTTGGGGTTTAATTGTGGTTATGCTGCTTACGGTTCACTCGGCATACCTTTATGTTAAAGAGAATTTCAATTTGTATAAAGATTTGATTAAAAATGGCAGGTCTTAACCCGATTCACAAGTTTTTAGGTAGTGGTTTTTTAACGGGGTATCTCCCGGGACCCACCGGCACCTACGGAAGTGTGGTTGCACTTCTGATTTATCTGATACCGGGGGTTGAAAATATCTATATATTATTACCGCTAATTCTTGTAAGTTCGATATATGGGATTTGGGTTTGTGGGAGATTTGAGCAACTTTACGGAAAAGACCCCAAAGAAGCAACAATCGATGAATTTGTTGGAATGTGGATAACTTTAGTTATGGTTCCGAAAGAACCTGTATTTCTGATAGTTGCGTTTTTAATCTGGCGATTTTTGGATATAGTAAAACCATACCCGGCGAGGAATTTTGAAAATTTCAGTGGCGGGTTGGGTGTAATGGCTGACGATATTATGAGTGGGGTTTACTCACTCGTGATTGTGCATACAGGGATGGCATTATACAAATACTGGACAGGAGTTGTTTAAATAGAGGAAAGGTATGAGAGCACAGATTATCTCAATCGGCGATGAGCTACTGATTGGTCAGACGGTAAACACCAATGCGTCATTTATTGGCAGCCGTCTTGCAGAAATTGGTGTTGAGGTAAATAAAATTGTTACTACTTCAGATAACCTTCATGCCATACATGAAGATTTGCGAAATGCATTAAAAGCTGTTAATTTAGTTATTGTTACCGGTGGGCTGGGCCCCACACACGATGATATTACCCGCGATGCAATCTGCAGTTTTTATAACTGTGAGTTGCGCGAGGATGAGGATGTTCTTAACGATATTAGGGAAAGATTCCGGCGTTTCGGCAGAGAGTTGACGCCCACCAATCTTGATCAGGCGAAGGTTCCGGCTTGTTGTGAACCGATAAGAAACCCTAACGGCACAGCCCCCGGCTTTTGGATTAAGCACGAGGGTCAGATTGTTGCTGTAATGCCCGGCGTTCCTCGTGAGATGAAAGCGATGATGGAAAATTTTGTTATTCCCAATATTCGTTTGAATTTTGGTACGGAGCTTAAAAATGTACATCGGATAAACTTGCTTACTACCGGAATTGCGGAATCGAATCTTTTTGATAAGCTAAACCCAATAGATGATGTGTTGCCGGATGTAAAAGTTGCATTCCTGCCTAATCTTTCGGGTGTTAAAATCAGGATTACAGGCGAAGGCGCAACCCCTGAGGAAGCCCGCACTAAGGCAGATGCCGCAACGCAACAAATAAAGCTAAGGGTCGGAAGGTATGTTTACGGTGAAGGCGATGTGGATCAGGCTGAAATAATCGCTAAGATACTGAAAGAAAGGCAACTTACAGTTGCAACAGCTGAATCGTGCACAGGGGGTCACATTGCTGACATGCTGACTGACATCCCGGGGAGCAGCGAATATTTTGAGCGCGGTGTAGTTTCTTATTCAAATGCTTCTAAAGTTGAA
CP129491.1_gap20	750771	753279	2508	GATAAGAGAATCTACACCGGGTTGTACTATCGAAATACTTATTCCCGATTTTAAGGGTTATGAACCCGCCTTTGAAACCATTATGAAAAACCCACCCGATATATTAAACCACAACCTCGAAACTGTGGCACCTCTTTATCATGTGGTGAGGCCTCAGGCAAAATATGAAAGAAGCCTTGATCTTATCGAATGGTTCCACAATCATGGGCTTAAAACGAAAAGCGGTATAATGGTTGGAATTGGGGAGAACCAAGACCAGGTTATTGACCTTATGCACGATCTTGTTGAACACAATTGTGAAATTTTAACTATTGGGCAATATTTGCAGCCGACTGTTAACCATCTACCGGTAGATAGATTCGTTTCACCTGAAGAATTTGCATTCTACAAACAGGAAGGTTTGAAGATGGGTTTTGCGGTGGTTGAATCGGGTCCTTTGGTAAGAAGTTCCTATCATGCTGATAAACAAGCTCGTTTGGTTTCAGTGGGAAATTGATATTAAGAGCAAAAGAAAATATATTTTTTATCATATTTATTTTGCGTTAATTTAAAATCAACTTTTTCAATTTTTTATATCTATGAAGATCAATAAACTCCTTATCCTCACTGTTGTTCTCCAGGTAACTTTATTTGCTCAGCAACAGGAAATCCCTTCGTTGAATGCTTTCAGAAAAGATGACAATTCAAAATATACTTCCGTGGGTAATTTAGGTATCACGATCACCAATTTTGGCACCTATGGGCATGGTTTTGCACTCTGGCCTCAGCAACCTTCGTGCGAGTATCCGAAGGGAAGTGGTATTGAGCATGTGTTCGACGGCGGGCTTTACATTGGTGGTTTTATCAGCAACGACTCGCTTGGTTCGGGTAAAACCGGACCTTTTGTAACCACGGCAGCCGTTGACGCATCATCGGTTTCTGCAAGAGGTGGCGGTTTCGAGTTCACTAACGACAGAAACGCACGGGTAGTGGAAAGGTCTTCTCTGCTTACTTCTAAAAATTACCAGCCTTCTGCGATTTCTCACCAGGATTTCGTTATGGATTTCACGGATACTAACTTGGTTTGGGAAAACGGTGAGCCGATACAGGAACACTCGCCTCTGGGAGTAGGGGTTCATTTGGAAACTTATGCGTGGAACTTTCCGTTTGCGGACTTCTTTGTGATTTTTAACTATACAATTAAAAATGTTACAAACAAATACTTGGACAGCATTTATGTCGGGCTTTGGACGGATGCGGTTGTAAGAAACACAAAGATTACCTCGCCGGGCGGAACTGCTTTCTTCAATAAGGGCGGCAACGGGTACATGGATTCAATACATGTTGCTTACGAGTTTGATGCTGCCGGTGATCTTGGGTTCACAGACAGTTATATCGGAGTGCAATTTTTAGGCGCGGATGTTCCTTATGACAGTGTTAACTATGTTACCTGGCAATTTAGAAACACTTCTGATCCACTGTTTTTTGCTCCACAGACCGATCACGAGAGATACACCAAAATGTTGGGCTTTTTCGGCGGTAATGCACGGTATAAATACGGAATTAACCCCGCAACCTTAAAGACTGCTACAAACAGATCGTTTCTGCTTTCAGTCGGCAGTTTGGGGAAATTAGCTCCCGGGGATTCGATGAATGTTGTTTTCGCTATTGTTGCTGCAAAAAAATACGGCGATGATCCGGCTCCTTTGGACCTTGACGAACAAAGAAAAAACTTAGTTGCCAACGCTGATTGGGCAATGCGTGCATACAGTGGGGAAGATAAGAACAGAAACGGGCAACTTGACCCCGGGGAAGATCTTGACGGTGATGGCAAAATTACCCGTTATATTCTTCCGGCGCCGCCGGTCTCACCAAAGGTGGTTGCCGTTCCGCAAAGCAATAAAGTTACACTTTACTGGGATAAATCGGCTGAAGAAAGTATTGACCCAATTTCCGGTGAGAAAGATTTTGAAGGATACCGTATATACAGATCAAACGCCGGATTTGACTTTCAAAACAACCAATCAGACTTAGAAGCGTTGATTAAAATGGCTGAGTTTGACAGCACAAATGCCCTTTTCTTCAACACCGGGTTCCGGCATATCAAGTTACCCGAAGCAAAGAAATTTGAAGGCGACCCTACCGAATATTGGTATAAATTTGAAGTGGATAATCTGTTAAACGGCTGGCAATATCTCTTCAATGTAACGGCTTTTGATAAAGGAGACCCCGCTAACAGAATCGAAAGTTTAGAATCGAGTTATCTTTATAATGTCAAAAGAGTTATCCCGGGGACACTTCCAACATCAAAAGAAGATGTTGAGGTCGGAGTTTATCCGAACCCCTATTATGGAAGTGCTTATTGGGATGGTTCTTTTGAAAGGTTAAGAAAAATCTATTTTTATAATCTGCCCGCAAACGCTGAAATAGTGATTTACACACTTGCCGGTGATGTAATTAAAAGACTTGAACACAACGGCAACTCTAACGGCAGCGATTTGAGATGGTTTGAGAACTACTCACCCGGTG
CP129491.1_gap21	759928	762148	2220	AACTCGGTGTAAGCTTTAAGTTCTAAGATGAAAAAAATACTATTACTAACAGCAATCTTATTAACAAGCCAGTCTTTCGGGCAGTTATTCCCCGTTCTTGGCGGACAAAGGGCAGGTATATCAGCCGCTCAGTTTTTGAAGATCGGTGTAGGCGGGCGTGCTTCTTCGATGGGTGACGCATTTGTTGCGGTAGCCAACGACGCAAGTGCCCTCTACTGGAACCCTGCAGCGTTGGTGCAGTTTAACGATAACCAGGCGATCTTTTCGTACAACAGTTGGTTAGTGGATGTTAAACACAACTTCGCCGGTGGGGTTTATCATATAACCCCCGACGATGCAATCGGCGCCTCGGTTACGATGCTTTCCGCCGGTGATATGAAAGTAACCACTGAATTTGCACCTTTTGGAACGGGTGAGTACTTCACTTTTTCCGACCTCTGTGTCTCGCTTAGTTACGGTAGAAAAATGACCGATAAATTCAGTTTCGGGGCTACCGTTAAATATATGGAAGAAACCTTAGATAAACTGAAAATGCGCGGCGTGCTTATTGACTTTGGCACTTACTATTGGACAGGCTTAGGATCAACCAGATTTGCGGTTGCTTTCTCAAACTTTGGTAATCAACTCGCTCCTGATGGTGAAGTGGTGCTCGTTGGAAAACGATCAAAATCGGACTGGCAGGAGTTTGCACCTCCGACAATGTTCCGGCTGGGTTTCGCTTTTGAACCTTATGAGACTGAGCATCATAAAATCACCACTTCGATTCAGCTGAATCACCCAAACGATAACAGCGAGAATGTTTCGCTCGGTGCGGAATACACATTTATGGAACCTTCTACAGGGCTTTCATTTTTGTTAAGAGGCGGGTACAAGATTAATGTTGAAGAACAAAATTACAGTTTTGGTGCGGGGCTGAATTTACCTATTTCTATGGCAAAATTTACTCTCGATTATGCGCTCGTTAACTACGACAGATTAGGAGCCGTTCATAGATTATCGATTATTCTTGGAATTTAAAATGAAGAAATTATTATTACTTCTACCTGCTCTTTTATTATTCAGCGGTTGCGGCGAAAAATTTGATTTGAGTGTATTTGACTCTGAAAAGTCCTCCGGTAACATCGCCGGTGATACTGTTTATGTTAAATTAACCCCGGAGTGGGGTGGCTTCAACAACCCGACTGATATTATTATTGGTAAAGACTATTTTCTTTATTTAGCAGATACCGACAACAACCGGATTGTAATGTTAAACCAGAATGGTGATATCCTTAGCACACGCACCATTTCCAAACCCACAAAGATAGAGCAAGACTATCAACTAAACTTGTTGGTTGTTGCCAAATTTGATACCACAATAAACAATGTAACAAGCAGCGTTGATGCAGTTTATAAAATTAACATGCTTGCCGGTGGGCATAATGTTGCAAACGCACCGATGGCGAGGGTTCTGCCGAGACCGGGTCGTGGTGTTTCATCTTCGGATCTGCGAGTAAATTACACGGGTGTTTGCGTTTTCTATGATAATTCTTTTTTAGTAGCGAGAACGGGCCCAAATAATACGAGTGTGGTTGACCCCGATAATTCAATTCTTCAGTTTGAAAAAACCGCATCCGGGCAGGATACACTTATAGGCAGGTTGCCGGCGATTAACCCAACGGGAACCGGCATTATGTCAGCAAATGGTTTATCATCTTTGACCGCATTCGACAAAAGAAATGTTGATTTTATAATGACCCTCAGGGGTGATAACAGTTTCAGGGTTCAATGGTTAACATGGGTTGTTTCATCTCTCGGTGAACAATATGAACTGAAACTTTCGCCCGAAGGTGGCTCCGATTTAATGGCAATTAATGGGTTTAAAGAACCTTCAGATGTTACGATTGATAAATCGGGTAATATTTATGTTGCCGATATTGCAAAAGATACTGTTTACCGCTACAATCAATTTGGCGGGATACTGCAGAAAATCGGCGGCGCAGATAATTTTATTAAACCGGCCGGGTTGGCGCACTACGATAAAGTTTTGTATGTAGTGGATAAAGCCAACGGCAAAATTGTCAGATTCAGATTATCGACGGATACTTAAGATTAACCGCCGGCGCTTTAGATTATCGAGTGCCGGAAATTATATCAACGATTGAAAATTTCAACGACAAATCTGATTGAAATAGTGCAAAAATATTCGTACTTTTGTAGTTTGATTTTTTAAAATTTAAG
CP129491.1_gap22	766737	770179	3442	GAAAGGAGCACTAAGAAAGAGTTAAGGTTGAAACCCAGCCCGGCTATCTCCTGGTTCATTAAATTGGAACCTGCGAAGCTATATACAATGAAGCGAACAAACACTGCAACGCCTGCAATTTTTGACGAAACCGAAAGGAAAGTAGTTATTGAAACCGGAGCGCCTTCAAACACATCGGGGGTCCAAAAGTGAAACGGTACCATCGAAATTTTGTATCCAAACCCGCCGATAATGAATATAAGCGCCAGAATCATCACGGGGTCGAAGCCAATTCCATGGCTCATATTCGAAACCAAAATTTGAAAGGAAGTGGATGACATGCTGAAGTATAGCAGCGAAATTCCGAAGAGCATAACTCCTGAGGCAACAGCGCCGAACAACAGGTATTTTAACGATGCTTCACTGCTGCGTTTATCAACTTTAAGGAAGCCGGCAGCAATATAGGAGGGAAGTGAAAGCACTTCGAGAGCGATGTAGGCTGCAATCAGGTCATTCGCCGAAGCAAGCAACATCATACCGAGAACCATCGAATAAAACAAGATGTAGAACTCGCCTTTTCGTGTTTTATATGCGTTTACCTCGTCATCCTGCACGAAGAAATACACCATAATCAGAGATGAAGCCAGAATCATAAATTTGAACAGGAAAGCAAAGCCATCGTTTACGAAAATTTCACCACCGGCTAATAATTTTTCAGTTTCATAAAGTGTTCCGGTCATAAACAGGTTGGCAAGCAGTGCCAGCAACAGCCCGGACATAGCAACTGCCGGAATCTTTTCAGCAATTTTTTCCGTGCTGAAATCCATGAATACGATTATCAGCAGAAAGAGGATTATCAGATATTCTGGTATCAGAGTTGCTAAAAAGCTTAATTGATTTGTAAGATCCATTTTATTTTTTCTCCTAATTACTGAATAGCAGTAAGAAGGTTGCTGATAGTTTTATTCATAATGTCAAGCATTGGTGTTGGGTATATACCGAATAAGATTACGATAATACCCAATGGAACAAACATCACATATTCCCTTACGGTAAGGTCTTTAAGGGTTTTATATTCATCCTTCATCTTACCGAGGAAAATTTTCTGCAAAGCTCTGAGCATGTAAACAGCACCCAGAACGATACCAATTGCAGAGATAACGGTTAACACGCGGATTGCGTCTGAAGTGAACGCACCGATAAATATCATCAATTCGGAAACGAAAGAGCTAAGTCCGGGCAACCCAAAAGCAGCAAAGAATGCCAGTGTTACCACACCGGTGTACATCGGAACCTGGGTAGCAAGCCCGCCGAAATCATCAAGCCCGCGTTTGTGGGTTCTGTCATAAATAACACCCACGATAAGGAAGAGCATTGCTGTAACGGTTCCGTGGTTGAACATTTGAAGCACTCCGCCGGCAATCCCCAGCTCGCTGTAGGTAGCAATACCGAGCACCACAAAACCCATGTGCGAAACTGATGAATATGCGATAAGCTTTTTGAAATCTTTCTGCCCCAAAGCACAAAAAGCACCATATACGATATTAATCATTCCGAGGAAAGCAATCCACCAAGCCCATTGCTGAACCTGTTCCGGGAAGATCGGGTAGATTATTCTGAGGATTGCGTAACCGCCCATCTTCAGCAAAACACCTGCCAGGATAACGGATATTGGCGTAGGTGCTTCCACATGCGCATCAGGCAACCATGTGTGAAAAGGGAAGAGGGGGATTTTAATAGCAAAACCGATAAACAACCCAAGAAAAGCAAGAAAACGGAAATTACCCGGGTTTAACAGCGACATCATTCCATCGGATGTGAAGTTAGCTTTATCCATCATTGCGAGCATGTTAAATGTGTGGATCTTACTGCCACCGTAAGGTTCTAAGACGCTCAGGTAAAGCCCGATAATCACTAATAAGATTAAGACCGAGCCTGCAAGAGTATAGATAAAGAACTTAATAGCAGCATATTCTTTGCGAGGCCCACCCCAGATTCCAATCAGGAAGTACATTGGGAGGAGCACCAATTCCCAGAAAATATAGAACATGAAGAAATCGAGCGCAACGAAAACGCCCATTGTTCCGGTATTAAGAATAAGCAGAAGGATAAAATAACCTTTGCTTGAACCCGGTTTGTTTGTGGTTTCTTCGATATTCCATGATGAAATGGTAGCAACAAAAGCGATAATGGTGCTAAGAATAACCATCGGCATGCTTAAACCGTCAACGGCGAGAAAATAGTCAACCTTAAAAGTATCAAATATCGGAAGCCCGGTTAGGTAAATCCAGGTAAATTTCTCAACAAATTGATAGCCCTCAAGTTTATTGATGCCGGTGAGGTCGAAATTAAAACCAAACCAAACCAAAGCGGTGGCTAATATTTGAACGATAACCACAAACAAAGCGGTGTATCTGATAGTATTCTTCTTTTCAGCGGGGACAAAAATAAGTCCAAGCGCCGCTATAAGTGGTAAGAAGGTTAGAACTGAAAGATACGGGAATTGTGACATTTTATATTCTTCCGTTTTCTTTAATTAGAAAAAACATACATTACAAAAAGAACGATAAAAACCATCGCCAAAGTAAGATACGACTGAACTTTACCGGTCTGGAATTTTCTGATGAACATACTGAAGAAACCATTGATCCAGGCAACTAAGTTAACTAAGCCATCAATCACATATAGATCGAAAGCAGCGCTAAACTTGCCAAGCGCAACGGTAACCCAAGCACCGAGATTAATTACTCCGTCAACTATATTTTTATCAATCCAGCTCATCAAAGCAGCGGTGAGATGGGTGCCTTTAATAACGGTGACACCGTAAAGCTCATCCAAATACCATTTGTTTTGCGAGAAGAGATAAAGTTTACCGAGAGCGCCTTCAGGTACTTTAGGAACAAGTTTTTTCTTCATATACATGTACCAAGCCGTCCCGACACCTGCCAAAATGATTAGGGCGGATGTGAGTGTAGCCAAAAGCTCCGACTCATGCAGCGAGTGCATGTATTCTGTTGAGTAGATGTTTCCGGGCGATGCTGTTAAGAACCCGTGGGTAATTTCTTTAGGCAAAAGAATATCGGGGAATTTGAACAGCAGTTCGGTAACATACGACCCGTGAAGTGTAATCGGATTTAATGTAAAGAAGAAAAAGAAACAGAGCGCCGCCAAAACAATAAGCGGCAATTTTATAAAAATATTAAGATCGTTAGCGTGCTCGTAGGCGTGTTTGTTTCTTGGTTCACCAAAGAAAATCAGGAAGATGTACCTGAAAATGTAGAATGAAGTAAGGACACTGGTAAGCACTACAAATACAAAGTAGATGTAGTTACCCGTCATATTTCCGAGTACTAACGAGGAGGTCAAAATCATTTCTTTTGAAAGGAACCCAATCGTCAAGGGGAAGCCAATCAAAGAGAGAGCATACATAAGGGTCGTGTAGAAAGCAACGGGCATCTTTTTC
CP129491.1_gap23	836596	837959	1363	CATTTTTCACCATTCCATTGAGTTAATCAGTTATCTTTTTTACTATTTACCACCCGAGCTTTTCCCCGGTTTTATTACATTTTACCCGGACACAGTAATTGGGGTGATTTATGTTATCCTTATCCCTGCAACAGGCGGTTTAACAGTTGGGCTTATTGCACACTTCTTTGAAAACGGCAAAAAAGGGGAGGGGATACCAAATGTTATTTTAGCAGTTGCCACAAAAGGCGGCATTATGAAGGGAAGTGTTGCCGTTTTAAAAACAATACAAAATGCTATAAGTATCGGGACCGGTGGCGCAGGTGGAAAAGAGGGGCCCATTGTACAAATCGGAGCAGCGATTGGCTCGTGGTTCGGGCAGAAACTGAACCTTTCATCCGACAGACTTAAAATTTTGGTCGGATGTGGTGCTGCTGCCGGTCTATCAGCTGCATTTAATGCTCCGCTCGGCGGTGCAATTTTTACGATGGAGATTATTCTAAGAACATTCAACTCCCGTTCTTTAGGTCCCATAATTGTATCCTCTGTTTTTGCTACTGTAATATCCCGCGGTTATATCGGAGATGAACCTGCATTTCAAATACCGATGTATGAGTTAAAAAGCTACAACGAGTTTTATATTTACATTGTTTTAGGGATTCTCGCCGGTTTAATAGCTATTTATTTTGTTAAAGTAATGTTTTATTTCGACGAATTTTTCAACAAAATAAAATTACCTGGGTGGTTTAAACCTGCGGTTGGTGGTCTGATGGTTGGTGTTATTGGTCTGATGATGCCGGGAATCTACGGTTTCACACAGCAATCGGTTGATAAATCACTCTATAACCAGAACACACTGACAATTTTGATATTAATGTTTTCGTTGAAGCCTCTGGCAACGGCATTAACCATTGGTTCAGGAGGTTATGGTGGCACTTTTGCCCCAAGTCTTTTTACGGGAGCAATGCTCGGCGGTGCTGTGGGTCAGGTAGCGAACATGCTTTTCCCCGAAATTGCTGCTCCGGCAGGGGCGTATGCTTTAGTGGGAATGGGTGCCGTTGCAGCAGGAACCACACATGCTTCGTTGACGGCTCTTATTATGGTCTTTGAAATGACAAATAACTACCGGATCATTTTACCTCTAATGCTGACAATCATCATTTCAACTTTGATCTCCCGGGCTATTTTGAAGGGATCACTATATACAATCCGATTGGGGCAAGAAGGTGTCGGGATCGATATTTACGGCAGAAAGACATCATTGCTGAAATCGATGAAAATTTCAACATTGATTGAGAGCAATAACGAATTTATACTCGAATCGGATAATTATCATAAAACGCTGGAAATTCTCAGAAATTCAAGTTACGAGACTCTGCTGGTT
CP129491.1_gap24	846553	848311	1758	CACCCTGAGTAGCTGCTCTTTTAATTCTGAAATTTACCCTTTCTTCAGAAACGAAAGAGTTAGTCTGTTTAACGATGAGACGCAGTGTGTAAACCGTGTCAGGCAAAGAAATTAACGAAAGTTGGTAAATTTCACTTTCGGATACTTGATTTTTAACATCGGTAAGCAAAGAGGTCCACGCTGTAGGATTAAGCCCTTTCCCGTATTCTAAAGAAAATGACTGAAAATAAGCCGAAAGAATAGTTGCGTTAATTTTCAGAGTGTCTTTATCGGTTGAGAAATCCTGTTTCGGTGAGTTAAATTTAACCACCGAAGGAGCCAACACTTTAAGCGCTCTTTCCAAATTCAGTCGCCCGGCACCCGACCTTAAATCCCAACCGGGGTTTCCGATATCGTCAGCAGTTGATTTGAGAATCTGTCTCACTTCATCGTTTGTAAACCCTTGTTTTGAAAGGATTAACGCAGCTGCAGCCGAAACAAAAGGTGCAGCAGCCGAAGTGCCGCTAAAATCTGAATATGTCCAGTTTCTTGTTGTGGTTTTAATTAATGTTCCCGGTGCAACCATATCCAAAGTTGAGCCGTAATTGGATGTGCCTGCCACATAATCTTCCTGGGTGGTATTACCGACAGAAATAACCTCAGAATACCCGGAAGGATAATGTGGATTCGACGAGTTTGAATTGCCCGAGCTTGCCACCATCACAATATTTTTTGAATAGGCATATCTCACTACATCCCGGAGCACATGCGAGTAAGAATTATCGCCAAAACTCATGTTGATTACTTTTGCACCCATTTTGACTGAGTAAAGAATTGCAGCGGCAACATCATCCTCTTCCCCATACCCTTGCGGGTCAAAAGCACGAAGGTTAAGAACTTTGATACCCGGTGCCACACCCGCAACACCCATTCCGTTGTTGGTTTCAGCTGCAATAATCCCAGCAACGGCAGTACCGTGAGAGAAGAGATTCTGATCCATCGGGTCGTTATCCCAGTCTAAATAATCACCTCCCGTTGTGTCGAAGGGAAAGCCGGTTCTGTCGGTAAAATCCCACCCTTGGTAGTCGTCAATAAATCCATTATTGTCGTCATCAATACCGTTGAATCGTTTATCCCTTCCAAATTCATCAAACCCGGTTTCGCCGGGGTTTTTGTAAATTTTATTTGTAAGATCGGGGTGGAGGTAATCTATTCCTGTGTCAATAATTGCAACTAAGACGGTATCGCTGCCTTCAGTTATTTTCCATGCTTCAAAAGCACCAATTTTACTTAAAGCCCATTGTGTTGAAACAAGGCTGTCATTCGGCACATTATCGGTTTGGTAGCGTGCGCCGATTTGGACATACTCAATGTTTTCCTCCCGTTGTAATGAACCAAGCAGAAAACTTGCAGTTTCAGGTTTCCCTGTTTTTATTGCCATAATTCCCTCTAACTCAGGGATTGTCTCACCAAGCCCTTTTGCAAAGGGAACAATTTTTACCTGGTCCATTGAGAAAGAAGACTCTGTACGGCTTAACCGCTCGAGGGTTGATTGTAAACGGCTTTTTGCAACCAAAGGGGCAACGCTTTTATCATATTTCACAAAAACCACATTTTGTGCCCGGCTTATTGCCGGCAGTATTATGGTTAAAAAAATGAAAATAAGTGATAAAAACCGTAGATACCTCATAAAACTCCTAATTACCTGAGAAACAAATAGTTTGATTAACAGAAAGATTTATCAAACAGCGAGTTAGAAACAACAAATTTATTAAACTG
CP129491.1_gap25	849756	853570	3814	GATGAACTTCAACCTTTATGCCGCTAAACAGTTCCAAAGCATCCCGTATCACCACTGATGTGTGTGCATATCCACCCGGGTTTATCACTAAATGATATCCCGAAGAACGGATACTTTGCAGAAAATCAACAATTTTTCCTTCAGAATTACTTTGGAAAAAGGTAAATTCTATATCAGGAAATTCTTCTTGTAATGAGTTGTTAATCGTTTCAATATCGTATTTGCCGTACTTTTCGGGGTCTCTTTCGCCCAAAAGATTCAGGTTAGCACCATGAACAACCGCTATTTTCATTTAATTTCCGCCATTGAATCGATAAATTCTCTGATTTTGGGTGCAACATAAATAGAATCGACGCCAAGTTCTTTTAATGCTGAAGCCAGAATATTTGCTCTCCTTTGCTCCGTTTCTTTCTTATTTATAACGACCACTTTCGAGTCTTTTAAAATGCAATATCCCCCTTTAAAATCACCCTTTTCAAACCTGACAGTTGCACCGAGTTGAAAGGCAAGGTCTTTTAATTCGTTTACGAGAGATTCAAGTTCTTTTTCTTTTATCTTCATTTAGAGAAATTTAGTAATCTATTACTTCAGGAAAAGTTAATAAATTGCATATCTGTAATAATTTAGATATTATACCTACACAAAATAAGAAAAATTGATGAGAATTGCTGCAATAGACTCAGGAACAAACACATTGCTAATGCTGATCGCCGATGTTCAAAAGAACGGTGAAGTGCAAATTATTAAAGAATTTCATAATATGCCAAGAGCCGGCGAAGGGGTATTTACTACAAAATTAATCAGGGAAGAAAAAATTTCGGCGCTTATTGATATTTATTCAAAATACCGCGCTGCGGCTGCAGAATTCGGTGCCGAAAAAATTATTGCCGGTGGCACAAATGTGTTCAGAATTGCCGAAAATGCGAAAAAAGTGATTGAAAAAGTGAAAAATGCAACTGGAATTGAAATTAAAGTCCTAACCGGCGAAGAAGAAGCTGAACTTTCGTTTTTAGGCGCAACCGCTGATTTTAACCGATCACATCTGCTGGCGGTTATAGATATCGGCGGCGGAAGCACGGAAGTTACATGCAAAAAAGATAACAATCTGATTTTCAAAAAAAGTTTTCCTACGGGCGTTGTTACAATCAGGGAGAACTTTGTGGGTAAGGAGCATTTATCCAGTGATAATTTATCCGAAATTTACAGTCATACGCGGGATATTTTCAGTGATTTGAAGGCAATTTCCGTTTTCCCCGAAGCTGCTGTCGCTATAGCAGGAACCCCAACCACACTTATTTCCATGGCAAAAGGTTTAGTAAAATACGACGCCAAGGCGATACATAAAGAGTTTTTATCAATAGAAATGATAGAAAAACTACTGCAGCAGTTTATAAATTTGCCGTTCGGTCAATATTCTAAATACGGAAAAATCGTTGCGGGAAGAGAAGATTTAATGGGCGGTGGTTCAGCAATTCTAAAAACTGTTTTGGAGGTACTTAACCTGAACGGGGCTTTTGTTTCAACCACCGGTTTGCGGTACGGCATGGTTCTTAAATATGCAGAGGAGAACTTGTAAAGGAGCTTTCTTATAGAACTCCGAAGAGTCAAATTTTTCTGAAAACTATTTTAGGAAAACCCGTTAACAAACTCTTTGATTAAATATCTGTAATAGAAACTTTTGAAGAGAGGTCTGCAAGAACCCCTAAAGAAATTTTTCCTAAAACCGAGGAAGAAAAAGCAAATGGAAAAAAAGAAATTTTTTGGTTAAAATTTAAAACGAATATTCAGCATAGGGCTGTGTGTGAACGCATCCTCAGAAACATCAAAATCGAATAGGTTTGCGTCAACATAGGCGTCGAGCAGGTTGGCTAAGTATGTTATCCCAAAATAGATTACGAAAAGGTCTCGTTGGTCGCGATAATAATCTCTCAAACGACGATAGCTTTCGATGTTAAAATCGCTTTTAATATACAAATCACGGTAGTCGCTGTAGTTATTGTTGTTCACAACATAGTTGTAAGCGCACCATCCAATAATGCCCCACACAATGGGAATTTTCCAGTAAGATTCGTTATAATATTGCCCCCATCCCGGGAGCACAGCACTTCTAATCAGTGCAGTTGTCGGGTCTTTTGTCGGAACATAACCTTGAATAACCGGTAAAGTATCCATCACAATGCCGCTGCTTTCCCCCTTTTCCGGCATTTTTGGTAGCGAAGTGGCGGTTGAATCCGTCTGTGGTTCCTGCCCTAAAAGGAAAGGAGCCGATAAAAAGAAAAAAAGAAATACTTTAAGAGTTATTTTTTTCAATGAGTTCAAAAAGTTCAATAAGTCTTTCCAACTCCTCGTTGGAATAAAATTGTATAATTAATTCACCCGTACCGTCATTTTTTTGCGAACAGATAACTTTTGTGGCAAGCACTCTTCGCAAATAATCCTCAATTGAACCCAAAACTGCGTTTGGTTTTTGCCTGGTTTTCTCGGTTTGTTTAACCGTTTTGCTTCCGGAAGAAGACTTAGAAAGCTTTTTAACAAGATCTTCAACTCTTCTGACTGAAAGCCCATCGCGAATAATCTTCTCGAATGCCTGTATTTGAAGTGTTTCCGTCGGAAGATTAATAAGTGCCCGGGCATGACCGACAGTGATTTCATTATCAATCAGAGCCTGTTTAATTTTATCGGTTAACTTAAGAAGTCTTACTGAATTTGCAATAGTTGACCTGTTCTTCCCTACTCTTTCTGCAATTTCTTCCTGTGTAAGTTCACATTCTTCCATCAGTCTTTTGTAAGCCAAAGCTTCTTCAATCGGGTTAAGGCGCTCCCGTTGGATATTTTCGATCAGCGCCATCGCTAACATAATTTCGTCGGAAGAAACCTCCATTATGTAAGCCGGAATTTCGGGGAAGCCAAGTTCACGGAAAGCGCGCAGCCGTCTTTCGCCCGAGACTAATTCGTACTGCCCTTCGCCGACACTTCGAACAGTTACCGGTTGAATTAACCCGTTGGTAAGAATCGATCTTTTCAACTCTTCCAATGACTCTCTGTCAAAGTTGCTTCTCGGCTGAAACGGGTTAGGTTTTATGTTCAGAACCGAAAGTTTTGTAATTGAGCCGACCGTAGGCTCAGCTTCTTTCTGTTTAGCGGGGGCTTCGTTCTCAGGCGTAAAATTAGTGCCCATTAAGGCTTCCAACCCTCTGCCGAGGCCGGTTTTTCCTTTTGCCATTATTTCTTTTTATTCCTTCCGAGAAATTCCTGAGCAAGTTCTAAATAGTTTTTTGCGCCCATTGAAAGGGCATCGTACATTAAGACAGGTTTTCCGTGGCTTGGGGCTTCGGAAACCCGCACATTTCTGTGAATTTTAGTGGAAAAAACTTTGTCTTCAAAATATTTTCTCACTTCTTCAGCCACCTGCTCAGAAAGCTTCAGCCTTGCATCGTACATCGTTAAAATTACGCCTTCAATCGAGAGGTTTTTGTTGAATCGATCCTTAACCAGTTTAATTGTCTTCAGTAATTGCCCCAGCCCCTCAAGTGCAAAATATTCGCATTGAACAGGTATTAAAACTGAATCGCTGGCTGTTAAAGCATTCAGAGTTAAAATTCCAAGGGTGGGCGGGCAATCAATGAAAATATAATCGTACTGCGACCTCGCTTTTTCAATTCTTTCCTTTAGGATGTACTCACGATCTTCCATTTCTAATAATTCAACTTCAGCACCGACAAGATCGATGGTTGCGGGGATAAGATCGAGATAAGGCACCACATCTTTAACTATAGTTTCCGGAAGTTTAGCATCGCCGATAAGAAGATCGTAA
CP129491.1_gap26	873185	874313	1128	TGCATCGTTTACCTATTTCTTAACTTGTTGATCGACTTTAATATCGGTTCCCAAGCGTTGCAGATACGCGATCAGCGCAATCAGTTCTTTATCGTGATCAATAGCTACGCCGGCTTTTTGTAAATCAAGTGAAATAGATTTTGCCTGCTTTTCCAGTTCAGCAAGCGCCTGATCTTCGTAACCCTCGGGGTATGGAACTCCAATACTGCGAAGTGTTGAGATTTTCTGCTTTGTGTGCGAAAGGTCAAGCTCGTTCTCTTCTAACCAAGGATATGGCGGCATTATGGAGCCGGGTGACATTCTAACCGGCTCGATCATGTGATGATAGTGCCACGAGTTCGGGTACTTCCCGCCCACACGGTGAAGATCGGGCCCCGTACGCTTAGAACCCCACAGGAATGGATGATCGTAAACAAATTCACCGGCTTTTGAGTACTCGCCATAGCGCTCTGTTTCTGACCGGAAGGGCCTTATCATCTGGCTGTGGCAGTTGTTGCAGCCTTCACGGATGTAAAGATCTCTCCCTTCAAGTTCTAAAGGAGTGTAAGGCTTAACTGAAGCAATAGTCGGCACATTTGATTGAATCAGGAAAGTAGGCACGAACTCAACAATTCCGCCTATCAAAATAGCAATGGTGGAAAGTATCGTGAACTGAATCGGACGGCTTTCCAACCAGGAGTGAGCTTTTTTGCGTGTGAATTTATCCGTAAGTTTCTCCAACGGGGCTGCTTCAGCGGCTTCTTCAGCGAGGAAACTACCCTGTTTTGCCGTTTTATACAAGTTGTAAACCATCAGGAAAAGACTGCCAAAATAGAAAGTGCCGCCCAAAGCACGAATCATATACATAGGCAGAATTTGCATTGTTGTTTCCAAAAAGTTTGGATACTGAAGGATACCCTGAGGATTGAACTGTTTCCACATTAAACCCTGAGTTAGTGCGCTCCAGTACATCGAGGTTGCGTAAAAAACAATTCCGAGGAAACCGAGCCAAAAATGCCAGGTAGCAAGTTTTTTCGAATATAACTCAGTTCTCCACAATTTTGGAATCAAATAGTACAAAATACCGAAAGTTAAAAACCCGTTCCAGCCAAGGGCACCAATGTGGACATGCGCAATTATCCAGTCAGT
CP129491.1_gap27	904950	908374	3424	CTTAGAAAGATCGAAGTATAGCCTCGACTCAATCGCAGTTCCGCTTTGAATCATCATTTCATCGGGGTTAAGTGCCGGTTTTCCGCCATCGATCACATGGGCGTCAGAAAGTGTTCTGAAACTTACAGTGGTGTCTTTATTTGAACTTAAAAATTTAAAATTCAATTCCAACCGTGGCGCATTGCTACCATCGGCGCTCCAGCCCTGAAATCCTATTAAAAAGGGTGTTGGTGCCCCCGCGCGAAGCATTAAACCGTTATTGCTGAAATTAACCGTATCAACACTGTTCTTCATCCATTCTAATGCAATTTCAGGCTTTATGCCGAAATAATAGAGAGAATCCGGATTTGGCTTGCTCGAAAAGATGTCAGCAGAAAAGTCAATATTGGGCAGTGAGTCAATTTTAACTTTCAGAGGGTCCCAAGCGGATGTTATTCTGTAGCCGTTAACCGCCGAGACAGGAAACGACTGAAGTGTATCACCGATCGCATACGCTCTGGTCAGCACAATGCGAGCAGAAATCAACATTATACTGTCTTTTTTCAAAGCATTTTGAGTAGCTTCATCAAAATTTATAATAAACTGCAGTAAAAGATCGGAGCGAACCCCTAAGGCATTTCCAAAAAGTGCAAACGATGCGGCACCTAAGGGTGAAATTCTTCTGAAAGTTGAAGAAGTCTGGGTGAGCGAATCAGTCTCAGAATTTAGAACTTTCACTTTTAGGAGGTCACTTCCAAGATCATCCACACCCACCGATGAGGGAGCATCAGAACATCCGGCAAACAGCAAAATAGCAGCCAGAAGAGTAATTATTTTAGTTTTCAGCAATCGAAAACTCCCGATTTATATTTTAAAATCACTTTAGCAGAATCAAAAAGATTTAAACATGTAAAGTTTGGCAATTTATTTTGTTCCTGCAAGACAGAAAAATGCTCCCTGCCGTTGCCTGTTTGAACGAGAATAGACCTGATTCCGAAGTTTTTAGCAGCCATGATATCCGCTGTGCTATCCCCCACCATCCATGAAGCGGTTTTATCAATGTCAAATTTTTCAACGGCTTCTTCAAGCATTCCGGTTCCCGGTTTTCTGCAACCGCACGCTTCTTTTCCGCCGAAATCTTCATGGTGCGGGCAGTAGAAAAAATGATCAACAGAGGTGTTGTAGTAAATTTCTAACAGTTGGTTTATCCGAGCGTTAACTTTGTTTACATCGTCAGCGGTCATTAGCCCTCGGGCAATACCTGATTGATTGGAAACGACCACAATCAAAAAACCGGCATCTTTAAGAAGTTTTATCCCGGCACCGGCACCTTCAATTAGAGTAACGCTTTTTGGGTCGCTTAGGTATCCGGGATCATTATTTATGGTTCCGTCCCGGTCGAGGAAGATCGTCGGGATTGGCATTAGCCTGCAGAAACCCTTCTGTAAAGGTCGGCATATTTTTTAGCTGAGAGCTGCCAGCTAAAGTCGCTCCGCATCCCATTTTTGATTAGTGCGGTCATAGCATCTTTTCGGTTAAAAATTTCGATTGCAATCTTAACTTGCCCAACTAAAGCAGCAGGAGTGTACTCTTCGAACACTAAACCGGTTGGGTTCGGGTTGCTTTTATCAATACCTATAACTGTATCTTTCAATCCACCTGTTTTTCGAACTATAGGAACAGTGCCGTAAAGCAACGAATACATTTGATTCAACCCGCAAGGTTCAGTTTTAGAGGGCATCAGGTAGAAATCAGAACCTGCTTCAATAAGGTGCGCAAGTTCGTCGTTAAACCCAAGATAACAGGCAAATTTCGCAGAGTGCTTTCTTGCGGTTTCTTCAAACAGCGCGTGATATTCGGTATCTCCTGTACCGAGAAGAACTATTTGAATATTCAACTTCAACAGATCCGGAAGTGCTTTTGCGAAAAGATCTATTCCCTTGTAATTATACAAACGAGATATAACACTAAAAACCGGAATGGAATTATCGTAAGTTAAACCAAATCTTTCGATCAAATTCTTTTTGTTAGCATATTTACTATCTAACGACCTAATATCGTAGTTTTTAACGATCAGTTTATCTGTTGCCGGGTTCCAGACTGATCTGTCGATACCGTTAATCACACCTGTAAAAGCATCACCTTTTGCCCGCAGCGCACCATCAAGCCCTCCGGTTAATGATGGGTCAGCCAGCACTTCATCTCTGTATCCGGGGCTAACAGTGGTTACATGGTCTGCAAAAATAACACCCGCTTTAAGAAAGTTCATTTTCCCGTTATGAATCGTATATTTTTCACTTCTGTACTCGTCAGGCATCCCTGTAATTTCAAACGCATAAGTTATAAATTCGCCACCGTACAGAAAGTTATGAACTGTTAAAACGCTTTTAACCCTGCTGAAAAATTCATCCTCTTTATAAACTGTTTTAATAAGTGCGGGCACAAGAGCGGTCTGCCAGTCGTTTGCATGAATGATATCGGGTGCCCAGCCCAATTTTTTAACCAATTCCAATACTCCCCTCGAAAAGAGTGTGAACCGTTCGTGGTTATCCATATACCAGTAGCTTTTTTGCACATCTACATAAAGGCTTTTTCGATTGCCAAAGTACTCTTCGTTATCTAAGAAATAAACCTGCACGCGGTTTTTTGTTACAGGGAGAAAGGAAGATTTAACGGAAAAGTTTACGGAACGGGCGCCGAGTGATATTTTAAAATCTTTTAACCGTACTACATCGTGGATTTTATATTTGCGTGTGTCGATGGCACCGTATCTGGGGACAACAATCCTTACCTCATGCCCAAGCTCAGTTAACTCCTGGGGAAGTGATGAAGAAACATCGGCAAGTCCACCGGTCTTTACGAAGGGAAAAAGCTCAGATGTTACAAAAAGAATTTTATACTTTTTTCCGGGAGCCATAATTTTTAATTAAGATGATTACAAAAATACGAAAAAAAAAGATTTTACTCATTATCGGCTTTCGTTATTACAAAATAACTCTTATATTTAATATTTGTTTTATTTCATAATTATCGGAAAATTTTTGATGAGAACGGCTTCAATGAGAACTGCAGGAATTTTCATACTTTGGCTGCTTTTTAATTTTGTTTCTTTTTCTCAGGACAAAGAAAGTAATCTTCTGACACCTAAACCGAAGGGTACCGTAGTCTCAAATGATGCAGCCCTAAGTTCAGAAAACGCTGTTAACACTGAGCAAAGGGTCCCCGTTTTACACACTGTATCCGAGCCTTCAGTTCCCTGGACTTCTTACCAATCTGAAAACTTATCTCCCAATATTGTAAGGTTTTATTATAACGGTTTCCGCGTTTCGCTCGGCTCTGCTGATAGCGAAACTGAAGCTCTTTCGATTAAAAAAGAACTGGCAATAAAACTGGGGATCGATATTTTAGAGATATACAAGGAAAAGGATACCTACAGTCTAAAAGT
CP129491.1_gap28	919077	921456	2379	CGCGCCTCGAGGGCGCTTCTCTCCTCAGAAACCCGGGAGTGGTCTAAGATCAGGCTCTTTAACGATTTTTCGATATAATCGAGATCGTTGAACAGAACATCAACTTTCGTCAGGTCGCTCAATCAGTTTCCTCGTAAAACTGCGTTGAAATTTTTCGTTATTTTGTTAATTAAACCGGAAAACTCTCTTTCAACTTCTTCTTCGGTGAGTGTTCTTTCGTTATCGTAGAACTCGAGAGTGAAAGCAAGGCTTATCTTGCCGTCTCCCAATGTCTTAGGGTTCTCGTATCTGTCAAAAAGCGAAACACTCTTCAGAAGCGGTGAAGAATTTTTCCGTATATAATCGGCAATGTCACCGTATTTGACGCCCGAGTCAAAAACGAATGCCATATCCCTAACGATTTTCGGATATTTCAGAACCGGCGAATACTTTTTCACCTTATCCAAATTTCGTTTAATGCAATTTACGAATATTTCAGCAGAAAACACAACCTGTTTTATATCAAATTTTTGTAAATATGAATCTTTTACCTGTCCGAAGGTACAAAGTAGGTGGTCACCGGCGAAAATCTCACCTGAATATTGCCAAATACCCCTCTCTTCGTTGTGGTAAGAGTATCTTAACACATTAATATCCATAGTGCTTTCAAACAGAGAGTTCAAGTAACCCTTTAGGTCGTGAAAGTCAAATTCCCGCTCCTCACTGCTCCAGGTTTTCTCAGAAACTTTGCCTGAAATGGTTAAACAAGCAGCAATCTGCTCTGAAATATTATCAAACGATTTGATCTGATCTCCTACTTTTGAAATAATGTGCCCGGTTTCAAAGATTCTTAGGTTCTTTTCACCGTTGTGCAGGTTATGTGCCACCGTTGCTAATCCGCCAGGGATTAAAGAAGTGCGCAAAACCGACATTTCAGCATTCAAAGGGTTCATAACTGCAACAGGTTCAGCAAAAACACGGGAAACATCTTCAGCCTGCAGTGAATTATTCATAATTTCGTTGAACCCGTAACCTATAAGAGTATTTCTTATTTTATTTTGAAGCTCCATCTCATCAACGGCTGATTTCAGAGGCGAAGTTACCCTGTCAACCGAAGGAATAGAATTGTAGCCGTTGATGCGCGCTACTTCTTCAATTAAATCTATTTCTCGCTCAATGTCAGGGCGGAAACCGGGAATTTCAACAAGAGCCTTTTCTTCATCAGCAGACTTAATATTCATTCCTAAGTTTTTAAGGATGGTCAGCACCCACTCACTTTTTATCTCATATCCAAGTATCCTGGCAATCCTGGAAAAACGAAGTTCTGTGGTTTTTAACTCTAATTTCGGAGAAACAATATCCAGCTCTCCGGAGAGAACTTCACCACCGGCGTATTCAGCCATTAGTTCAGCCGCTCGAAGTGCGGCATACAGTGTGCCTTCATGGTTAGTACCCCTCTCAAACCGATAAGAAGCTTCCGTGGAAAGCCCAAAATAACGAGCAGAACGCCTTACGCTTGTTGCGTTGAAATAGGCACTTTCAATAAGAATATTTTTTGTTGCCGGCACAACTTCAGAGTTTTCACCACCCATCACGCCGGCTATTGCCACATCCTTTTCGCCGTCTTTAATCATAAGAACGGAACTTTTCAATTTTCTTTCAACTGAATCCAAAGTGGTAAATTTTAAGCCTTCCGTAGCTCGGTCAACAATTATTTTTTTCCCGGCTAAATTATCCAAATCGAAAGCGTGAAGCGGCTGCCCCAACTCTAACATTATGTAGTTTGTGATGTCAACTATGTTGTTAATTGGGCGCATTCCTGCCATTTTAAGGCGGTTTTTCATCCAAACCGGCGATTCCCCGATGGTTACATTGCGCACCACAACGGCAGAATACCTCGGGCAATTATCTTTATCAATTATCTCAACAGCGGCAACATCTTCAATTTTTTCCGGTGATCGTGCAACTGTTATCTCTTTCTTTTTCAATGGGCGGGAATACAAAGCGGAAAGGTCCCGCGCAACACCGATATGGCTTAGCGCATCCGGGCGGTTTGGTGTTATACCGATTTCAAACACAACATCATTATAGCCAATCACCTCTGCTAAAGGCTTACCGGCTACTGTGCCCTCCGGCAGAACCATTATACCACTGTGATCGTTGGATAAACCAAGCTCTGCTTCAGAGCAGATCATTCCCTGAGAAAGCTCGCCGCGTAGTTTAGTTTTTTTGATTACAAAATCAGTATCCGGCACTGTGGCGCCTTCACAGGCTAATGCAACCTTTTGCCCCGCTGCCACATTCGGCGCGCCACACACAATCTGAAGTATTTCGGAGCCGGTGTTCACTTTGCACACAGAAAGTTTATCTGCATTCGGATGTTTTTCTTTCTGCACCACT
CP129491.1_gap29	1013890	1018719	4829	GCTGCTTCTGTATATCGTGCCGGAGGGCGTGAAAACCTCTGAGTGGCAGTTATCTCTTTCATCCACAATTCATCGTTCACTGAAAGAGGAGGCAGCAATGTTGAATCCTCTTCCCCATTTTCATCATCATCTTTTGATTCAATGTAAAGTTTCAAAAAACCATCGAAAAGAATAACTTCGCCGGTTGCGACAAATTTATGTTTCGAAGTGGAAACGGCAATATCAACCGTTGTTTTTTCGATTCTTGCGTCACTCATTTGCGAGGCAAGCGCCCGTTTCCAGATTAGATCATAAAGGGCGGCTTCTTCACGGGAAAGACTCGCAATTTTCCGATTGGCAAAATATGTAGGTCTAATTGCTTCGTGAGCTTCCTGAGCGTTGGCAGATTTTGTTTTATACTTACGGAACTTGTGATAATTTGCACCGAAATTCTCGGTTATTGTCTCCCGGGCAGTTGCAAGAGCAAAATCTGAAAGGTTAACCGAATCGGTTCTCATATAGGTAATGTGCCCTGCCTCGTAAAGCTTTTGAGCCACCCTCATCGTTTTTGAAACGGTGAAACGAAGTTTCCGTGCGGCTTCCTGTTGAAGTGTTGATGTTGTAAACGGCGGTGCCGGCGATTTTGATAATTCCTTCTTTTCTAACCCCGAAACCGTGAACTTTGCCCCGATACAAAGGTTGAGAAATTTTTCAGCGTCATCGGCATTTTCGAATTTTGTATCTAAGTCGGCTTTTAGAGAACTGTTCTTTTTCTCCGATTTGTCGGCGGAAAAAATGCCCGAAACATTAAAATAATCGTTAGAAACGAACTCCTGAATCTCTTTTTCCCGCTCAACGATAAGCCTCACTGCAACTGACTGCACCCTGCCTGCAGATAAAGAAGGCTTAACCTTTTTCCATAAAACGGGCGACAATTCAAAACCCACCAACCGATCGAGTATCCTGCGTGTTTGCTGTGCATCAACCAGATTATCGTCAATATACCTTGGGTTGGCAACTGCTTCAAGAATTGCAGATTTCGTTATTTCGTGAAATACAATCCTTCTGATCTTTTCATTAGGAATATTCAGAGCCTCTTTAAGGTGCCAGGAAATTGCCTCTCCTTCCCTGTCCTCGTCAGTAGCTAACCAGACGGTTTCGGCTTCTTTTGCCATTTTTTTAAGTTCGGTTACCTTTTTCTTTTTGTCAGCCGGCACTTCATATTTGGGAACGAATCCATTCGCAGTGTCAATCCCCATATCTTTTTTAACAAGATCGCGTATATGTCCGTAACTGGATGTAACCGTAAACTCTTTGCCCAGAAATTTTTCAATCGTCGAGGCTTTCGCCGGTGACTCAACTATTACAAGGTTCTTTACCATTAATTAAAAATCCGAGATGAATTCATCAAAAAACTATCAAACAATATTTTACTAAAAAGAAATTTTTAAAAAGAAGTTGCAAATCAACAAATTTTTTTTGACTTTGTTGCGCCCAGCAGTCAACATACTCACAATTTTCATCGAAAATTTGCCGCTGCGGGGGCACTTCTGACAAATTAACGGCGTTTCAGCAGTCAACATACTCACAATTTTCGTCAGAAAAGCCCACTTCGATTGTGTCATGTTCTATTTCAAATTTTCGGGAAATTTCCCGGGCTGCACTTCTTATCCTCACAATTTCATCGTTAGTTGTGCTCTGATGAACCACCAAATGAACTGACATAATATTATACACACCATCCATCGACCAAATGTGCATATCGTGAAGGGACTGCACACCGGGTATTTTTTGAAGTTCTTGCTTCAGGTCTTCTTCCACTATCCCAGTGGGCATACCCTGAAGAAAAATTCGGGTAAAACTTCTCAGGTTCCTGAAAGCATTAAATAATATATATCCCGAAATAAGCAAAGAGAGAATTGGGTCTATCCGATCGAAGCCGGTAAAATAGATCAAAATTGAACCGACAATAACCGCTGCCCAACCAAGTACATCTTCCAAAAGGTGTAATTTAACGGCTTTAACATTCGCTTTTTCAGTTTTTTCCATCCGCAAAAAAGCAATTCCATTCGCAGCTAATCCAACAATAGCAAAGACGAACATTCCTTCAGAATCTACTTTTCCAGGTTGAATAGTTTTTATAACGGCACCTGCCATAATACCCAAACTGCCGGCAAGCAGTACGATTGTGCTTAAAAACCCCGCAAGAAGTGAAAGCCGTTTATAGCCATAGGTGTAGTTTTGATCACGCTTTTTAAGCGCCATTTTCTCAAGGAAAAACGACATTGTAATTGCAGCAGTATCACCCAAATCGTGAAGTGCATCGGATAAGATTGCATACGAGTTGGTTAAAATGCCACCGACTATTTCCGCCAAAGCAAATAAAAAGTTAAGCCAAAAGGCTGCTTTCAACCCGGAGCTTACTTCACCACCGTGGCCACCGTGATGGTGGTGGTGACTGTGTGAGTGCGTATGGGAATGTGTATGTTCCATTATATTATAAACATCCAGGCAATTTTTAAAATTATTACTAAATCACGCGAAACTAAACCCGACTCTGTATCAAATAATTTATTAACCACTAAATAGATATCACTTCCCGGTGAGGGTTTGTAGTTTATCTTAAAATTAAAGTTCAGCTGATTAATCTCATTATTCCACTGAACCAACAGAAATGTTGCCATATCCACGCTCATGGTATATTTAATGCGCGAAAGCACTTCGTTAGTGTGCAACTCCGATCCGTTAATGCTTATTCCGTTATATCTGTATGAAAGAGAAACCCCGAAATATTTTGATAAAGAAGTGGTTATCTCAGTTTCAGCTTCAAATCTCTTTCCGCCGTAGAAATCACCGTATGAAATTGAGCCGTTCCCGTAGATATCTCGTGCGTAATTTGAAGCTAAGTAAGCGCCAAAACGGTTACCATAATACTCACCGGCAGGAATAATGGTGTTTTTGAAAATTGCAAAATCATAATCCGGGTGGTCAAACTCTCTTGAATACATCAACGAAATCATATCGTTCGAAGAAAATGTTACACTTAAGGGTGTAAAATTATACTCATACGAAACAACCTCGCCGCCCGGTCTTTGAAAATAATCGATGTTTATCGGAGTAAAACCAATCCTGCGAAACCACTCGCTGTTCACTCTTGGTGAATATGAACCGTAAACTGACCATTGGTTCAGCCCGTTCCTGAAGACAAAACCTGTTGCAGGGTTGAAATTCTCGCCGGTATAACCAAACCCAATTTCTGCACTAATTTCGTCGTTCGGATAGTCAATCGAAAATAATCCTGCTGTCTTGTTGCTTAAACCTGAATTATCAAAGTTACCGGCATATTTTGTTGTAATAACTAAGTTTTTGTCACCAAGAAAGTCGTTGAAATTAAGCTGCACATCCGCCCCTGCTAAACGATTGACACCATCTTTCGACTGAACATTGCTGAAAATAACTCCCGCATAAGAATTTCCAAACACATTGTATTTTGCCCTTGAAACCAAATAATTGGTGGAGCTTTTTCTCGAAGTGCCGTCGGTTTGAACATCTAAAATCCCCAATTCCAACTTACCTGTTGAGCCGGTTAACTTAAACCCCCCAAGGATTGGAACCCCCTCACCCCTGTCGATACCGATTGTCCTTGAGTAATAGGCAGAATTTCCATCGGCTAAATCGAATGAAAAGAACTTGTTCCCCTCTAAGAAAAACTCCCTCTTTTCGGGAAGAAAAAGAGGAAATCTAGAAAGATTTATCTCATTTACATCTGCTTCCACTTGCGCAAAATCGGTGTTCGCTGTAAGATCGAGCGTGAAAGCATCACTTATGCCATATTTAACATCCAAACCCAGTTTGAACTTTGAGTCTTTATCAGAGTTAATGTCCTGTAAACCGGCGTTAACAAACGGAACAACATAAGTTGGGTTTCCACGCCGCACCCCTTTTATACCAATCAATTTGCCGGCTCTTGTCATATCAAACAGGCTACCGTTTGCTGCAGCACCCGACCATATAACATCCTGGTTCAGTCTTTGTATCCCCCGCATAAAATTAATTCCCCAAACTTGTTCTTCTTTTTCAGGAAACTTCAACGAAGCGAACGGAATACGAAACTCTGCACACCAATAATTTTCGTAAATTCTTGATTTCACATCCCAGATCATGTTCCAGTCTTCATTAAAATCTGTGAAGTTTTTGCCTGCTGCCAGGGCGTCGTTTTTCACGGACAGAGGGTTTGTCGCCAGCCAATATGCGTTTCTTCTGTCACCGAATGTATCGATAATAAGTTTCACATTATCATCACCGGAAGTGAAGCCGTCGTATTTCATCTCTCTTGCGACCAACTTCCCGGTATCATCATCATAACAAATAAAAAGAAGATAAAGGTCACTTTCGGTGTAAACAACCTTTACAACCGTTTTAAAAGCGGGTTCGGCTCCGGGAACAGGGTCAAGCTGCAGAAAAGAGGAATCCCCCGGGATATCCGCCCAAACATCGCCCTGAAAGTTCCCGTCGATTTCAGGCGGCACATTAACTTTAACGGCAGTGATCACTTTTTCAGAAGATTGAGAGAAACTAATTGCAACAGAAAAAGCAAAAAATACAACAATTAGTTTAAATTTCTGTGAAAAATTTTTCATTTATTCTATATTTGTGATAAAAAGCCGCAAAGTCTTCCAATTTTTGTGAAAACTTTTTTTTGAAATACAAAAATAGGTTATTTTGGAGAATGCAAATGAAAATACTTTTTTGCCCTTTATCCAAAGGGTCAACCGAACTTTGTGAGATACTCGCACCCGGTGGAGATGTATTACACTCCGAGAAAAACGATATGCTTGAAATAACCGCCA
CP129491.1_gap30	1091553	1095426	3873	TGTTGTTCCGTCTTTCTGAAAAAGGAACACAATTTTTGAGCCATCAGGTGAAACAGAAGGCATATTGGCGCGCAGGTTATAAGTTAAACGGGTCTCTTTTTCCGCCGTGCGGTCATAAATGTAGATATCGTGCACTTTATGGTCGTAGGGGTTATCATCACCCAATTTTGAGTACACTATTTTTTCAGTGCCGGGAATTTCAGAATAGGTTGATCGCACCCCCGGAATAAGCACTTTTTCCTCTTTTGAAGCAATGTCATACTCGTAAAGTGCGGTTGGTGAAAAATAATCACTCGTTTTATTGGAAATATAATACACTTTTTTACCGTCTTCAGAAAATGAAGGGTAAAAATTACCGAAACCGGTAGCACCGATCATTTCACCTTCAACTTTATTTTCTCTGACGGGGGCAATCCTTTCTGCGTAATCTTTTTTCAGGAATGAAGACCACTCGTTGTAAAGGTCAATTCCGTCTATCCCCAGCACATCCTTTGCCGCTGCATCAAAAGTGAAATTGCTGAATTTCCCCAAAGCTTTTGTGATTTGCGCCAATTTATCCTCACCATATTTTTGAGAGATATATTTCGTAAGAGCAAATCCGGAGTTATACACCGATTCGTTACCCAGGCTTGTTTTTTCAAAAACTCCCATCTGGTTCCATGTCAGCATATTGCTGTCTAATGCGTACGAGCGGAGTATCATATCTCTGTGTGCATCCCAGTTATCGTAATCGAAACCTTGCCTCATATATTGTGCGGTACCTTCGGCAAACCAGGCAGGCATATTCAACATTGCCAACGGATATGATGCGATGACATTCGGGAATCCGTAAAGTATATCCGGACGCCTCTTATCCTCATAGTTCAGAACCTGCATGTAAACCGCCGGGATTGACCTCGTGGTTTTAAGTGAAGCCTGTATCTGCACCATGTGAGTGAACTCGTGCGAAATTACATTACGAAGCCAGTTATGCGAGCCGCGCAAATCAAAATCAAGCGCGCTCGTCCAAATTTCTATTTTATTATCAAAAAAGTAAGTTGCACCGTTGGAATAATCATCAATATCTTTGATAACATAGTGCACCTTATCGGGTGCGTAATTATAAAGAGAAGTAACAGGCTCCCACACTTCCTCGGCGATTTTCAGAACAACGCGTGCGGTTCTTTCGGCTCCCTCGTGGAAGTGTACCTCTACATGCTCACCGGCGATTGTGTACCACTCGAACTCCGAATTATATTTATCAAACTGACCGAACGCAGTGAAATAAGTAAGAAATGTTGCCGCAATCAGAATTTTTTTAAACATTAATAACCGCTATTTGATAATTGCTATTTTTATAATTTTATGCCCCGATTTACCCGAAGAACTCGATTTTGCCTCAACATTTGCGAGATAAACACCGGATTGAATGTTCTTAACATCCCATCTGATTTCACCATCGGTTCCACCTGAGGAGGTTGAAGAAAGCTCGGCAACAAAATCACCGGCAAGATCAAATATCTTTACTGTAATTACAGAAGGCTCCGATACATAATATCTGATAAATGTTTCATTACCGGTAACGGGATTGGGGTAGTTGTAAACTTTATCACCCGACATGTAGCTTTGGTTAACTACCGAGTTGTTCGTTAAACTTGCAAACGAGTTGTTGGCATTACTTCCAAATTTTCCGAAATAAAAAGGTGTACCACTTGCAAGATTTAGCGTCCAGGCATTAAGTACACCGGAAGAACTAACAGTTGCTACACCCGGTTTACCAGAATTATCAAAATATTCAGGTCCCATAACGGAGTTGTAACCAAAGCCTTCACCGGTGCTTAAGGGAAAGCCATCAACAGGTTTGCCTGTCAGTCCATCGAAAGCGTAAACAAGCCCTGAATTTGAAAAAGCAACAATTTCAGGATGCTTTGTTCCGGTAAAATCAGCAACCAAAGTGCTTGGGTTAAATGACTCCTCAGGTATAATTTGCACGGGGAAATTATCCGCCGGTGCACCATCGAGATTTACAGCGTAAAGCTCGTGCCCTGATGTATAATTGATATAAAGGTTCCCATCCAATCTGTTATCCGCCAGCGAAAACGATTTGACGGGTCCACTTCCCTTAAGAAATATTCTGTTTTCAGCAGGCGGTGGGGTCGGATCGCTGCGATGCACAGTCAAAACTTCATTGGTTAAAATTTTGTATATAGTGTTTCCATCAGTCAGCACGAACAGTATCTCATTGTTGTTGAAATTACCGAAAACAGCCGACTGAATAATGCCGATATATTTTTTAACAGAACCCGTAAAACCATAGACACCTGCGTAGAAGAAATTGCCATCCTGCTGTGTAAAGGCAATTCCGGAACCGGAGTAGTGGAGAGAAGTAATCGGAACCCCGGCAATACCCTCAGCTGAATCCAAAAGCGCAAAATTACTAAGTGCATATCTAAACATTTTACCCGCTACGGTGCCGATTACTATCTGTTCATTTTCAGTTGGCGGTATGACAATCATTTTCTGAGGCACTATTTCGGAAGAAACCACAACTGAATCAATCGTTACCGCTCCACCGGATGCAACGGTTCTATAAAGCGTGTTGCCAACAGACCCAACGATATAAAGTTTGCCACCCTTCTCATAAAAGGCTGCGCCTCCGCCGTCAAATTTTGCTTTTATGCCCGTTGGGTTGAAATTATCATCGAATCTGAAAAGTCCGCCGTTGTTATTCCCAAATTTATATCCGTCGCTTATATATATTTTCTCAGGCACTGAACCGGGAAAAGGTTTCCCGCTGAAAAAAGGCTTAATTAAAGAATCCCCAACCACGACGGCAAATTGCATGTTGTTTCCGTTGTTTGGAAAATCTTTCATCGTGATAAGTGAGTTAGCCCCCTCATTGCTTCTGCTTGAAGGACGACTTGTTGCCGAAAAGATATTTTTATATAAATCGGCTTTGTTTTCTGCGAACCAAAAGTCGTATTCTGTTCCCTCACCAATTATTTCGTCGCCGAAAATGGTGTAAAATTTTTCACCGATGTCATTTATTCCGTCGGCTTCTACCACGGCTACGCCGCGTCTTTTTTTGTCGTTATTAATCGTGTTATCTGCAATTTTTTCGTTAATTACTTTATCATCGATGTGCCAAACCAAAATGCCACTTCCGGGCAGCGCCCAGTCAAATTCATCAACATCAACTATCACCCCAAACAATGAATCGATCGAGATACCGGAGAAACCGGTGGTATCTTTGCTAAAATGTTTTGTCACATAACTGGCGCCATCCCACATAGTAACGGCAGCGCCGTTTTTCAAAGCGTCCCGTTGGCGGTTTTCAACTAAAAAATATTCGGAATTGTTAATATTAATTTTCACCAAAGTTGTGTCGGTCATGTTAGCCGTTAACCGCGTGGCAACTGAAGGGAAAAATGAACTGTTGCCCACTTCAATAGGCGTTTCCCAACCGAGTCGCATTCTCTCCCACGGAGAGGGTGCCGGAGGGAAAGCACCGTTATAAGCAAAAATAGACTGCCCATCCATCAGACCGAACCTTCCGATTGCACTCATTCCGGTTTTTGTATCGAAAAGATCGGGCAAGCCCAAGTAACTTCCCACGGTTGAAACAAGCAATCCGTTTATGGTTACCCTTATCAGATATTTAGTGTTAAAAGATGAAACTTCTCTGTTCTGAGTTTGCGGCAAAATACCGGTGTTCCTAATCTTAAAAGAACCGCCGCTTACCGGTACACCATCATAGGCTGACCCGTAAAATTTCTGTAAAGCTTCTAAATTAAAATAGATAGAGGGAAGGTCGCGTTCATTACCAAGGCTCCCCGGAAGGCTTAAATCCCTTCCTACTCCGGCATGAAAAATTATAAACAGATCGTATTCTGA
CP129491.1_gap31	1101414	1102971	1557	TATTTTAATATCGCTTTGTGGGAATGACTGGAAAGCCAGAGCCAACAAAAGAAACGAGATTTTTTTTAGCATTATTGCCGGTTTAAGTGGTTTACTTACAAATTTTGTTAAACTTCGTAGAAAAATCTCGTATATTGGCTCCGATATTTTTGCCCGGGGTTAAAGGTTTTAAAAAAACAAAAGAATAAATTTCTTTATCGTCAAAAGATAATCAATTATTCCTTAATATCATAATCATTTTTTGTTCCGTTTTGTGGTTTTTACACTCATTTTAGGTACTTTGTGCGATTTTGCACAATTATTTGCGGTATAATCTTTCGATTTAGGTGCTTTAATTGTGAATTTAGAAAGCTTTGCTCTTTAATCTGCGTTTTGACTGACTGAAACTTTCGGTTGTAATTGGGTTTGTGAAAACAGGTTTAGCAGTTGCAATTTTCCGAAAGAATTGCAATTTTTCGAAAGTTTAATTAAAAATCCGACGCCCCGGGCAGAGATCCGCCAAAACACAACGGAAACATTCCGGGTTTCTTGCAAAACATACAGTTCGCCCGTGAATTGCAATCAAATGAGAATATATCACCCAGTCTTCACGATCAAGCAAATTTTTAAGTTGAGCTTCTATCTTATCAGGGTCTTGTGAATCCACTAACCCGAGCAGGTTCGAAATGCGTTTTACATGAGTATCCACTGCAATTGCAGGCTGCCCGAACGCATTCCCCACCACTACAGAGGCAGTTTTTCGCCCCACACCCGGCAATTCCTTTAAAATGTCAAAATCTGACGGCACTTCCGAATTATATTTTTCCGCCAAAATTTTGCAGCAATTTTTTATGCTTTTTGCCTTTTGACGGTAAAAACCGGTGGAAAAAATCGCTTTCTCTATCTCTTCCAATGGTGCTTCCGCAAAATCAACAGGGGTGGGAAATTTGGCAAACAGCCCCGGTGTAACCATGTTTACCCTCGCATCGGTACATTGAGCAGATAAAATTGTCGCTATCAACAATTCAAATGGTGATGAAAAGTTCAATGCACACTTCGCATCCGGGTAAATTTCTTTTAATCTCTTTACAACTTCTTTGGCTTTTTCTTTATTATCCATCAGTTTTTTTTAATCTTTTAAAACTTTTGTCTTTGTCTTTTTGGGTTTTATGGATTTTTGCTCTCATCACTTGGAGTTTTTTCATCTTTATCTTTTAAAATTTTCTCTTCCAACTTCAGGCATTGTGTTACTTCCTGTTTGATTTTTGTGTCCTGCATTTTGTGTTTTTTCTAATTCAGTCGTGAGAATTTGCTGAATAATCCACAAAGCTATTGTAATGCTTCAAGTGGAAATGGAATTTCGTAAATTTATTTAATGTAAAATAATAAAAAAGGAGATTCCTTTCATGCAAACGAAAAAGAGATTCACCCCCGAGCAAAAAGTCATCATTCTCAGAGAACTTCTTGAGAATAAACTATCCATCAGCCAAGTCGCTGAGAAGTACGGTATTCATGTCAACGATATATACGCATGGAAAAAGAAACTCTTCGAAAATGCAACATCGATTTTTGCTAAGA
CP129491.1_gap32	1136097	1141090	4993	AAAAGTGGTTTCTCATTGAATAAAATAGAGTGTGAAGTACTCGGTCTCTCTACCAGCCCCGCCGGCGGCGGTGCTTTCGTCCTCGTGTTAAAAGAGATTGACGGAGAGAGAAAACTGCCGATTATAATAGGCCATTTCGAGGCTCAATCGATGGCGTATGTAATCGAGAAATACCAGCCTGAAAGGCCCGGTACCTATGACTTGACCAAATCTATTATTGACAACCTCGGCGCCTCTGTTGTCGAGGTTGTTATTCATGAACTGATCAACAACACCTATTATGCCAACATCGTTTTCGATGTTTCAGGGTTCACTAATGAGGTTGATTCCCGCCCCTCCGACGCTATAAATATTGCTCTTAGATGCAATGTACCAATATATGTTGCTGAAAAAGTGATGGATGAAGCGGGGTTCTTACCTGCGAAAGAACCGGAGAAAGAATCAGATTCTGATGAAACATCGGAAAGATCAACTATAAGAGAAACTAAACTTGCAGCTCTTCAGGATAAATTACGGGAACTGCTTGAAAATGAAGATTACGAGCAGGCTGCAAAAATTCGCGACGAAATAAATAAATTAGGCGGAAGCAGCAATTAACAGATAATTGCTGCTTTCCTCCCTGTATCTTTAAATTCCCCACTTATTAATAGAAAATACTTCCCCAATTTCACACTGGTCGCACTTACTCGTGGAACACTTTCTCCCCAATTTCACACTCGTCGCACTTATCTTTTGAACATTTATTTCTGAATAGTTCCAGCATACCCTGGTAAATAAGGGGCCCAAATTTATGCGAAGAGAGATTTAATGCGCTTGAAATTTCGTTCACTAACGAGTTATCAAGTTCCATTTCCACTTCGCTGTATAATTTAAGAGTTTTCGAAGCATATTTTAGTTTACCGAACATCTCATAAAAGATATAAAGAATTGGCAATACCACATTCAAAACAATCTCATCAGCACGGTTCTTTCCAATGAAAAATTTTGTAGGGGGTTTACATTCAGTGTCAAAATTGTAGTGACGGCTCCAATATCCGCCACCCTTTGTAACGAATAAAGCGCGGAGGTTCACTTTCAACATCTGAAGATTATGAATTTCCCTGAATTTTCTGTGAAGATTACCGATAAGGTTGTGGTTCAGCATCTCATTAAGCAGCCTGATACCGCCTGCTAAGCGAACAGTCGGGTAGTTTTGTGGGCGCATTCTGTAGAATGCCCAATCTTCTTTCTCGAATGTTCTGCCGTCGTAACTGTCTTTAAGTGCGTTCCAACCTTCGTGCAAGGACCGGATATAACCGGAGGTTTCTTCCTGTTTTCCGCTTGGATGATCATCCAACAACCCGGAAATATGAAAAAAGATGCTTTCAGCATTATGGATGAAAGTTTCGTTTGTACCCAGCGTTCTCAAGAAAGGAATATCGACCGCTTTAGCCACTTTCCCCATTATTTCTTTGTTCCTCGAGTAGCCAAGTGCTTCAAATATTCCCTCATAGAAAAGCTGCATCCACACATCTTTGTTGTTCAGCTCACGGTAAGTTAATTTTTGTTCCAAATATTCAAGCGGAATATCGTAACCATGTTCAGGTTCGGCAACTTTCATTTCTTCAATATAGAGTATCTCTTTTAAGCGATATGCCACCCGCTCGCACTTCCTCTTAAAGCGTTCTATCCCCAATTTTTTCAAAAATTCAAGTTTTTCTTCCTCGGTTACCAACGAAGTCAGTTGTTTACACGAGATTTTATTGATCGTATCCAATCGATGTGCTGCCACCTGTTCTCTCAACGACGCACTTAATGATTCATCAATAAAATCGACAACGGAAATGGAAGGGACTTTCCGCCCGTCTTTCGTTATTACAAAATTCCTCGGATCGGTATCATCTAAAATTACATGCAAAATAACTTTGTTGAATTTTGGATTTTTTGAGTGCCCGTGGTTCTTCCAGTCCGAGTGAAAATTATCGATTTCAATATCACCCACATAAGTGAAACTTCCGATCTGCACCCGCGCATTTTTAAAGTCGGGCCCGCCTAATTCAATCGCTTCGACACCTCTGTCGTGCACGATAATTTTTTCACCATCTCGTGTAGAGATATCAGATTTGAACGCTTGATTTTTCCAAATCTCATAAATCAGTTTCTCGGGTAAAGCTTTCTTTTTCATATTTTACTCCGGTTATAATGATAATAGTTTTTACTATTATCTTTCACTATTTAGAATAATTTCCCGCAAAAGAGAATTATTTACAGTTGCTATTTACAAAAATTTACACCCGTTGCCTAAAATAATTCCATTTCAAAGCAAATTACACAATAGTTTAGAAAAATTAAAACTCTAAATGAGTTTTTTGTTAACACATGCTGTATTAAGTTTCAAAAATCATGCCATCTTTTAAGAAAGTATCTTTACCTTTGGCTTCTTTTTTGTTTATGCGCTCATCTGCCGGTTACGATAGATGTTAAATACTATCGCCGGCGTGGCTTCTTTTTTGTTTATGCGCTCATCTGCCGGTTACGATAGATGTTAAATACTATCGCCAGCATTATGAAGTTGGAGAGAAGAGACGAACCACCGTAACTGACAAACGGCAAGGGAATACCTACGACAGGCATTATGCCTATTACCATTCCCATGTTGATTATCAAATGAATCAGGAAGATAGATAAAATCCCCACGACAACAAGGCTTAAATAATTGTTCCTCAACTCGTTCGCAAGTTTTAACAAACGCAGGAGAATTACTGTGAACAATATCAAAATTAATATCGAGCCGACAAATCCGAACTCCTCACCTACCACACAAAAAATAAAATCAGACCATTGCTCAGGGATGAATTGCAGCTGTGTCTGGCTTCCCGCCATGAAACCCTTGCCTGTTAACCCCCCTGAACCGATCGCAATTTGCGCCTGTATTGCGTTGTAACCCGATCCTAAAGGGTCGGCAGTGGGATCTACGAAAGAAAGTATCCTCTTTTTCTGGTGCGGGCTTAGTATATCGAAAAAATATTTAACAAAGAATGCGGAGGAAAAATTGATGGTAAGCAGCATTATCGATATGAAAATATTCCTCTTAAAAACATACAGGAAAATTATAACAATAATAAAAGCACCAATTGTGTAATAAACCCCGAAAAGCGAAAGTATCATCACCAAAGGTGGTGCAAGTACAACAAACAGACCAAATGTGCTGATTCCCCGCCAAAACAGAAGCGCTAACATCATCCCAAAATAAACCAACGAGCTGCCAAGATCGGGCTCTAACATGATTAAAATAACGGGGAAAAAACCTATGGCAAGAAACTTACCTATTGTTTTAATATCGTCTAAATCAGCCCCTTTTTCGTCAAGAAAAGCTGAAAGCGCCATTAATGTTGCAATTTTTGAATATTCCGCAGGCTGAAGGTTAAATATTCCGAGTGGAATCCATGCTTTTGCACCCCCAATCGTTTTACCGACCACCAGTACCAAAAGAAGAAGAAAAATGCTGCCTCCGTAAACCCAAGGCACAGAGCTGCGAAGAATTGAACTTGGCAAAAAGTAAACCACTACAAATACAATCAACCCAAGACACAACGAAACTATCTGTTTTTCAAAATTATTTCGTACCTGGGGCACATTATGGGTTGAGCTGTAAATCGCTAACAAACCGATAAAAACTAAGATTAGCACAGAAATAAAGACGATAAGATCAAAACGACTAAACAGCTTTCCGCTTATTTTCAAGTCTTTAATCCTCGTCTATTAGGGTCAGCAGGTCGGTGGTATCTGCATTTTTCCTTTTGATGTTCTTTTTGTTTTCCTCTTGCGTGTCCGGTTTTTTCTTTTTAATCACACCTGTAGAACGGAGGTAAGCAAGAATTACTTTTTCAGCAACCGGTGCTGCAACATCGGCACCATATCCAGCATTCTCAAACAGAACAGCAACCGCAATTTTGGGATTATCGTAAGGAGCAAACCCGATGAAAAGTGAGTGGTTTTTTCCGTGAACATTTTGAACCGTTCCGGTTTTGCCGGCAACAACAACCTCACTTGTCCTGATGTTTTTTGCTGTTCCTAACCCACCGTTAACAACTAACCACATTCCTTTTTTAATTATAGCCACATTGCGCGGGGAAACACCCGTGTTAATTTCATCAAAGTGAAACGGAACAAATTTTTTCTTCTCGTCTAAATATCCCTTAACTAAGTGTGGCTCGTAAGTTTTTCCGTTGTTAGCAATCAGTGCAGTCATTAGCGCTAATTGAAGTGGTGTTACGCTAACTTCACCCTGACCAATACCCACACTAACCAGGATACCTTTAGGCCACTGTTTACCGTAAACCTTTTCATAATATTTTGATGTGGGAATCAACCCTTTCGATTCCTCCAAAAGATCAATCCCTGTTTTTGTGCCGATTCTGAATTTCTTAGCAAATTCGTTAAGCCTGTCAACGCCGATCTGAAAAATTAATTTGTAAAAGAAAACATTACACGAGCCTTCCAAAGCGCGGTAAACCGTAGTGGCTCCGTGCGCTCCGTGGCATCTGAACTTCCTTTTACCGTATGTGAAAGACCCGGGGCAATTAATGGTAGAGTGTTCGTTTATAATTCCAAGCTCCAAAGCACAGAGAGATACCAAAACTTTAAATGTTGAACCCGGTGAATGGGTTGACATTGTTGCTCTGTTGAACTGAGGTTTAAGCGGATTAGCCAGAAGTTCCCTCATATACTCAGCAGGGGTTGCGTCGGAAAATTTTGAAAGCAAATAATCCGGTGAACTTGAAAGCGCCAGTACTTCGCCACTGGAAGGCTCAATGGCAACTATTGCACCGCTTCTACCGTGCATTACTCTTTCGGCTGTTGCCTGAGTTGTGGAATCCAAAGAAAGAACTAAATCTCTCCCTTTAATCGATTGTTTATCATCGGCTCCGTCGTGGAACCTCCCGATAGTTTTTCGGGCGGCGTTTACTAAAATGTAGTTATATCCCTTGTCGCCCCGAAGAATTTTCTCGTA
CP129491.1_gap33	1146977	1148833	1856	TACATACAGATACAAAATTGAACCGGCGTGGGAAGAAAAAAGCGTTTATTCAGTAGCATTGGTGCAAAACGATGTTTCTAAAGAGGTGCTTAACTCATACAGCAGTAAATTTGGCGGTGTGGTGCCGGTTGAACTTGCCGCTTTTGCCGCAACACAACAACAAAACGGCATTTTGGTTGATTGGGTAACCGCTACGGAAACCAATAATTATGGCTTTGAAATTCAAAAAAGTACCGACGGAACCACCTTCGCAACCGAAGCTTTCATCCCGGGAAATGGGACGAAACTTTCCGAGACAAAATATTCCTATTTTATAAAGGAATTGGCGCCGGGCGATGTTTGGGTGCGTTTGAAACAAATCGATTTCGACGGAACAGCAACCTTTGCCGCGGTAGAGAAGATTGAATACAGCTTTGCACCGGATAGCCCGGAAATCTATGCAAACTACCCAAATCCTTTTAATCCGTCAACCGTGATAAGATATGGTCTGAGCGAAACAATGGATATTTCACTTGAGGTGTTCAATGTAATGGGTGAAAAAGTAAAAACTTTAGAGAAAGGGCTTAAAGCTGTCGGTCAGCATGAAGTGGTGTTTGACGCAACGGGTCTCAACTCAGGTGTTTATTTTGTTCAACTGCAAACACCTAAGGGGAATTTTGTCAGAAAAATTTCGCTGATGAAGTAACTTTAGGCAAAGGCTAAATTTTCGCTGATGAAGTAACTTTAGGCAAAGGCTAAATTTTCGCTGATGATGGAAGTTGAGACAGAAGAAAAAGTCCCGCTGATGATGGAATAATTTGCTGTAAATAAAAAATCTTACCGGTGAAATAATTTGTGGTGAAATAAAAAATGCTCCTGTAACACAAAAATTACAGGAGCATTTTTAATTTGTTTAATTTTGGGCATGCCGGAAGTCATCTAAATCAGCAATTAACACCTTGGTTTAGGTTAGCATACGGCTATTGCTTTCACCGGTTACTATTCATCGGCTGAAGAGAAGTACAACCCCAAAACATGGATCTCCCTGCCCCCGTCATGCTTTGACAACGATTATTCATCAGCTGAGGGCCCGTACAATCCCGGAACCGCAATATCGTTCATTCTCAGATAAACAGTAAGCTGACCGCGGTGGTGAATCATGTGCTTCATCACTGAGTTTTTAATAGCTGCAACCCGCGGCATTGTGAAAACCAACTGATCACCCACATAAAAACTCCAGGGTTCCTGCATTTTTGCATCATCAATACCTTCCAAACCCGCAAGAAAATCAGCAGTTGCTTTATCGTATCTTTCTAAAAGTTCTTCACTGGATTTCGAAGTGGTGTAAGCTGCCACTTTCTCACCGGGATTCACCCTAAATTCGTTTGCTTTAAGCATTAACATGCCCCAGTTGGGCAGGTTCGCAACATGATTTGAAAGATCGCCAAACGAGAACGATTTCGCGTGTGGCTTAAAATCATACTTCGAAAAATCAACCCGTTCCAAAACTTTCCTTGTTCCTGCAAATTCATCAGTAAACATCTTACGCAACTGATCCGAAATCATTTTGTCTCCAATTTTGTTTATTTAATAAGTGAAAAAAGTAAATAATCTTAATGTTTAAAATGATAACAAAATAGTATTGGTTCCAATACAATAATTATGGGTATAGTACCGGTTCAAATTGAAGATTATTTGAATTGTTGCAATATTTTCCTTATTTCATTATATTTGTGAATATGAAGCGCAAAAATTTCATCACACTGTTTCTTTTCGTTTTCTTTCTTACCTCAACGGGTATTCCTCAGGTAATACACGAGTGCAGTATGACCGGCACAAAGTCGATCACCGGTTGCAGCTCGTGCGGTATGGAAGAA
CP129491.1_gap34	1151371	1156178	4807	CAGAATACCCTCAACCACTTCGAACCCGGAACCGTACAGAAGAGGTGAAGAATTTAACGCCTGGATTAACATAAATGCGCAAATTACGAAGAAATTCGATCTGTTCGAAGTGTATCTTGGAGCAGAAAATCTTACTGATTACACACAACCAAACCCGGTGATCGCCTCTGACGATCCATTCGGGCAGTATTTCGATGCAGCTATGATTTGGGGGCCCATTTCGGGCAGAAAATTCTATGCGGGCATCAGGCTTTCAGTATTTTAATTTAACCAAAGTGTTTTAATTTAACCAAAAGGAGCACAAAATGAAAAAACATCTTTTTTTAACCCTTGCTGTTTTCTTCTTCTTCGGGTTTTTGGCTTACGCTCAGGAAAACCCAAACGCAAAAAAGCATGAACACGAAAAAGCAACCGAAGAATGCCACGATTCTACCGAAGCGTGCAATACCGACGCAAAAGCTGACGCTAAAGACCAAAAAGCCGAAAGCATGGATAATAAGGCAGATAAAACAGATAAGACCGACCAAAAAGCGGCTGAATCTGTTGATACTCCAACAACCGCTTGGAACGCTGTTTGCCCTGTTCTGGGTAAAGCTGTAAATCCTAAAATTAAACCGGTTGTTTATGACGGAAAAGCTTACGGCTTCTGCTGTGCCGGTTGCGACTCGAAATTCGAGAAAAACCCCGAAAAATATATCAAAAACCTGAATGCTGACGGCACCCGGTTTATCGGGAAAAAGTAAATTCAAGAAACGATTCGTAACGAAAAAGTTAAACACGAAAGGAAAAGTGGTTTTATCGCCGTTTTTCCACATCCGGTGTTGCCGGATTGTATCACACTAAACTTGCAACACCGGGTCGGTAGGCTTTAATTTATTTTCAAGCTGCCTCTTGCCAAAAGGGGCGGCTTTTTTTGTTCCTCCTTCTACTCCCAATCTTATTTTCTGAATAAAAGTCTCTTTTATAAAGTTATTCCAAAATATCGCAAACAAAAAAAACCGGGAATAACTCGCATGAAACCGCATTAAATAACTCCATGAAACACCCGGAAATAACTCGTACAAATATTGAATCGCACCCATTGTTGAATCCAAATTCAATTACCATCATCTGATTGTTATAAAATTTTTAGTTTAGATATTTTTCAATTTATAACGGAGACTTAGATGACACTCAGAACTAATCTGACACACCTTGTTACGGAAGCAGACCATAAAAAATTCACGGAAGAAAACGAAAATGTAATGATTTGCTGCGGCAGAATGGGGCCTATGTGCATACCCGTGTACGGTGTTATGGAGGAACTTGAAAGTGAATACAAACATGTAAAATTTGCCGATATGGCTTTCGACTCCCCCGATGCAAAAGTGATCCGCGACCTTCCCGAGTGCAGAGGTTTTGCCGGGCTGCCCTTCACCGTTTACTACAAGAACGGCAAAGTGGTTAAGGCAACAAGCAGCATTCAATCGCATGAAGAAATAACTGAAATTTTGGATTCTAACTTCGGAAAATAAGATGAGCCCACATTTTGATGTCATCGTTATCGGCGGAGGTCCAGCCGGGTTGACTGCCGGTATTTACCTTTCCCGGGCGAAAGTTTCAACCTTAGTTTTGGATACAGGAATTGTCGGCGGACAGATGGTTCTGACCCACGAAATAGCCAACTACCCGGGAGTTGAACACATCAGTGGCTACGAGCTTGCAAGAACCATGAAAATGCAGGCACAAAGTTTCGGCTGTAAAATCAGATCGAACATAAAAATCACTGATGTTCAATTGGAGGGTGAGATCAAATCCGTTGAAGTGAACGGAAAAGAGAGCTTCACTGCGCCGGCGGTTATAGTAGCAACGGGCGGCAGATCACGACTGTTGGGGGCAACGGGCGAGGTTGAGTTCAAAGGTAAAGGTATTTCATACTGCGCCACTTGCGACGGCGATTTCTTTCAGGATAAAGAGATAATTGTTGTCGGGGGCGGTAATTCGGCACTTGAAGAGGCGGTTGCTCTGACTAAGTATGCCTCGAAGGTAACTGTAGTGCACCAATTCGATCACTTTCAGGCGCTTGAACATTATGTGGAAGAAGCCAAGAAAAATGAGAAAATAGATTTCATAATGGAATCAACAATCTCGGCTTTTCACGGTGACGAAAAACTTCGTGGGGTCACAATTCAACACATCCCTTCCGGTGAAAAAACTGAAATGAAGATTGACGGAGTTTTTATCTTTATCGGTTACCAACCCAACACTGAATGGCTGAACGGACAGCTTGAACTGAGCCACTATAACGAAATTGTGGTAAACAAGGATATGGAAACGAGCCTTCCCGGAGTATTTGCCGCCGGTGATTCAATTACCAAACGATTCAGGCAGGTTACAACCGCAGTTGCAGATGGCACAATCGCAGCCCTGGTTGCTGCTGAATATGTAAACCGGCTTAAAAAGGAAGTGAGATCTGTTGAAGTGGCATAGCCTCGGTTTTTATGTGCAACCAACTGAAATATCCCCTATTAACTCTCCGGAAATTGTGGGGGGGGGGCGTTACAACAGTTATAATTTATGCACAAACAACAGCTTTATGCACAAACAACAACATTATGCACAAACAACAGCTTTATGCACAAACAACAGCTTTATGCACAAACAACAGCTTTATGCACAAACAACAGCATTTTACGACACTGACAGTAGTAAAAATTATTTAGCATAGTGCTTTCCACTGCCTGGGCGATCTGCTCCGTGAGACCGACCCGGCAGTTTTATCAACTTGCAGGAATTTTTTTCCCCCGAATCTGCAATGCTTTCAGAGACATCACAATTTCCTGAAGAAAAATAACTTGCAGGAACTATTTCTTCCCCGGATCTGCAGTGTCTTCAGTGCTACCACCACTTCCTGTTGCAAAATAACTCGCCGGAATTGCAGGCGCACTTCCGTCACGGTTTGCTTTATAATGTGGTGACATAATTTCTACCTTCGCCTCGTTGAAACAATCCTGAATATTTTGGTGCAAAACTGAGTAAATTTCTCCCTGGTCGTTAGCAAACCGGGTGAAACAACAAAGTTCATATTTAATGTAAAAATCATCTAAACTAACCTGCAAAACAAACGGTTTTGGTTCTTTAAGCACCTTTTCTGTCCGTTCTGCTGCTTGAATCAACAGTTCATGCACTTGTTTCCAGGGGGCATCGTATCCGATCGTAACATGGGTTTTCAATATAAGTCCGGAAGATCTTGTTTCAGCAGTATAATTAACAGTGTTGGAGTTCATAATTGTTGAATTGGGTATCGTGATCACCTCGTTATATTTGGTGCGAACACGGGTAACTAACAAAGTTTTTTCAACAATATTCCCGACGGTATCCCCAATTTTCACAAAATCACCTATCTGATATGCACGCATATATGTAAGCACTGTGCCGGCAATTATGTTTGAAAGGGAACCTGCAGAAGACAGAGTGAACAAAAACCCAAGAAAGACGGAAACCCCCTGAAACACAGGTGAATCTGAACCGGGCAAATAAGGGAAAATGACAATCACCGCAAAAGCAAATATCATAACACGAACGATGTTATAAGTCGGCATCGCCCAATCGGGATAGAAACCGGATACTTTCAATTTCCCGTTTTCTATTTCAACGGCTATATACCTTACAAACTTGTGGATATAGAAAAACGCCGTTAAAATGACAACAATAGTGATGAAGTTAGGGAGATAATTAACCAAGGCCATAACTATCTTCTTTACAGGGTCCCAAACAAAACCAATCAGAGAGACACCTATATTTTTTGTCCATGGGAAAATTGAAAATAACAACGGCAACGAAAGATAAACAACCACCACAATCACAAAAAGCCGAACGAGGTTCGAAAAGAAGAAGAAATACTCCTCCTGTCTTTTGGGCGAGATGAATTCATAGTCTTTCATTTTAATGCCCTTGAACCATTTTTCACTTTTTTCGGAAACAAACTTTTTATATCTGTTAAACCCTTTGTTTATCAGTTTAACAACTAAGAAAAGCCCTATTAACACCAAAAGAGCAAGCCCGGTTTTAACGGCTAAAGTTTTAAAGCTGATCGAGTCGTTATAAGCATTAATTGAAGCAACAATTCTTGTACGGTAAAGCTCCGCCAGTTCCATTTTGCTCATTCCCATCCAGAGGGCATCGTTATCCGTTACGCTGGCAACAATCAGATCGTGGTAAAGTAGATCAACGGTTGACTCAGTCCGGACAATTTTAAGAGAATCAATCGTAACAAAATATTCATCGGCAACTTTTTTAATTCTCTGAATGTTAAGGTCGGCTCTTTCTTTTGCGGTTAAATTCCCCGCATTGACATAAACGACCAGAATTGTATCACCAAAGGGTGCTACGGGGACGCCTTTATTAATCAGTTTTAATGAATCAATCTGCCTGATTTTGGCGAGCCTCTTTTGCTCTTCCGCTTTTTTAAGGGCTTCTAACTCTGAAAGAAGTTCCTGTTTTTTAAGATTATCGGTGGATTTAAGTTTCTCAATCTCCTTTTCAAGTTTAATCCTTTGAAGTGAATCCGCAACCTGAACTGAATCAAGTTTTTGCAGCAGATCGGTGCCTGTAGAATCACCCGGTTGGGCTTGCGGACTTCTGCCGGAAACAGCAGAATTTAAACTGAACATAAACAGAATAACTAACGAAAAAATGATGAAATTTCTGCTCATATTGTCTCCTTTGTGATAAGTTCTGTTGTAAATATCAACAATCTATTAACTTTTATTTACGGTTACTAACCCTTGCCAATTAAAAGAATAAAAAAACTTACGGTGAAGGTAAG
CP129491.1_gap35	1157242	1159658	2416	CTGCATTCGCCCACCCCTTTAACTATTTCACCTAATTCGGTGCGAAAACTGATCTCAGGGAAAAATCGTGTAAACGCAACGAATCTTCCAAACGAGGTTTCGAAAGCACGCACTAACTTCATCTCTTTTCGGTGAATAATCACCGATTCTATAAACAAAGGTTCTTTGTTCTCGAAAATGCCTAATTCCGAACTGAGCGAGATTTCACCGCGTTGGGCTCCCCCACCGCTTAGAACAGAAGCTGCTGCTTTGTTATTTTCTGAGGTTTCAGCACCAACCGGAGTTGAAATTTCCGCTTTTTTATTTTTGGAGGTTTTGTTTAGCATTTCTACACTGTTAGCTTTTGGTTTTAATCCGTTAATGCTGATAATCCGTTAGTGCCGATAATCCGTTAGTGCTGATTTGAAAAATTTATTAAATTCTTTTTATCCAAATTTACAACGCACGGATATAGAGCCTTACGCACGCCCATAGAGTCCTTCACACGAACATAGAGCTTTTTCAAAAAGAATAGTATTTAATCGTAGAATATATAACATCAGACCAATATAAAAAATTCGTTAAATTAAGCAAATTTCAAACTTTGTTAACCCTTCACTCACCCAAACTCCGGCTAACCTTCCGTTGCTAAGTCTGTTACTCGCTTCCTCTCTCAAACGCTTAAATCATCCAAACTTCGGCAACACTTTCTGTGGCAGGAGCCGTTACTTCCCTCTTCTCTCAAAGGCTTTTATCACGGGCAGAGCCTTAAAATTGAAATCGTAAAACGCCTGGTTTTCACAAGGTGAGCCTGTTTTCGAAGTGGTGTCTTTATAAGCCACCCACTCGCCGCCCCAATAGCACACACCCGCCCCACCTTGCTTCGGCTGCACTTCATCAAATATTTTACGCAGAAAATTATACTGTCCCTCCGGAGTAGCCGGGTATCCCTCGACCAACTGTTCTTCGCCGCCGAGAATGTTGTTCGTCCAATCGTGCCACGCCAGAGTGAAAGGATACGAAGTTTCCACTATCGCAACAGGTTTCAGAAACTTGAGGTACAGTTGATTTATGGTGAAGTGTATCCCGTTAATATCTTTTCCGTGCCACATTGGATAATACGAAAGCCCGATTATGTCATAATCCAACCCCTTCAGCTCAGTGAAGAATTGCTCAGCCCCCTCCAAACCTGCAAAATGAATTATTATCTTTGTATGTGTTGAGCTTTCCCTCACCGCAGCAGCCGCAACAGAAAGAAGTTCCATAAAGCGGTTTGGGGTGGCATATCTTCCGCCCGTAGGGTAAAGAAACCCGTTGTTAATCTCGTTACCAATCTGAATGAACTCAGGTTTCATCGCGGTTACAATCTTTTTTGTGTATTGCGCCATCGAATCTCTCAATTCACGGAAGCCAAGATTTTGCCATATAGCCGGCGTTTTTTGTGCACCCGGGTCAGCCCAGGTATCCGAATAGTGAACTGAAATCATCACCCTGAACCCTTCCCTTTTAAGCCTTTCACTGAACTGCTTTACCCGTTCGAACCCGTTTTCGCCGTCAATAGGGTCTTTCCAGAGGCGCAACCTCACCGTGTTTACCCCCGCTTTCCTCAATGTTTGCGTCATTCGCTCCGGGATCGAATCGAAGTTGTAAAACACAGTTCCGTATTCTTCTATTGTCGGTAACATCGAAAGATCCGCACCGCGGATTACTGTATCAGTCACAAAAGGCGGTTCGGGAGGCAAAACTTTGGGCGAAGTTACATCCATGCAACCGGCTATCAGTAAAAAAAACTACACCGGCTAACGGCAAAATGACCATCGGCAGAAAGCGAAAGGGGCTTTCCCGTAAACGAACCGCAAACCTAACGCCGCTACGAAAGCGCAAGCCAACCAATATTAAAAGCAGGCGATTCAAAAATTTTTTAGCAAACATGTTTTAAGTCAAAAGCAAATCGTAAATTGAATGAGAAGCAATTTGTAAATTAAGCTAAAAGCATATCGTAATTTACGACAGGAGCAAATCGCAAAAAAGTGCTTCAATTCCACTAAATTTTCAATTCCTGATTAAAATTTACCATTTTTTCCTGATATTCTTGCAACCACAACCAATGTTGCAAATTATATTCGTTTAATCAGGTAAGGGTGCACAATTTCAGTGGCATTTCCGCAGTTTCTCCGGCGTGCCTCACAACGGGCAAATTTATTCAACAAATGTGTGTCCCAACACACAGGGGTATTAATTTACACAAATTTGCAGATTAGTTTTTCGTAATTTTAACCTGAGTTTAACTAATTAATTTTTACTTCAACGGAGCTTTTTGATGAGAAAAATCTTCAGTCTGTTTTTCTTCATTTTTGTTGCAGTCCCTCTCTTTGCTCAAAATGCTGAACAGAAAGAGTGGCTGAAAAATTTCGCCAAAGAACAAAACGATCTTTGG
CP129491.1_gap36	1161206	1165330	4124	AAAGGCGGTTTGGTTAACGGTTCGCAGCCGTTTTCATTAGTGGTTTCGGGAATTGCTATCCCCGTTCCGGCTCAGGTTTCACTGACAACACCTGCCAACGGTGCAACCGGTGTTGATGTTAATGCTCCTCTTGGTTGGACAGTGGGAGAAAGAGCTTCGAAATACCACCTTCAGGTAGCAACCGACAATTCCTTTTCAACTATTGCTTATGAAAACAATGCGGTTGCGGGTGTTAATTTCACCGTTCAGGATACCCTTAACGGCTTAACTCAATATTTCTGGCGGGTTCGCAGCGGAAATAGCGGCGGTTTCAGCAATTGGAGCGAAGTGCGGAGTTTCACTACGGCGCTGGCTATCCCGGCTGTGCCCGTTAATGTTTACCCCGAGCATAACAGCAAAAATATCTCCGTGAAACCAACCGTTGATTGGCAAGGTGATTCTTACGCTCAGAAATACTGGTTAAGAGTTTCGAAAAATGCACTTTTCTCCAACTTGGTGTTTAACGATTCCACCATCACACAGAACTATCACACCATCGATTCACTGGCGGAACAAACAAAATATTACTGGAGAGTTGTGGCGATTAATCAGGCCGGCAGCAGTGCTCCATCCCCCTCGAGCATTTTTACTACCGGTTTGTTCGCACCGAGCAACCTGAGCGCTGTTGTTAACCAAAACGGCAAAGTTGATTTAACTTGGGTTGACCGCTCAAACCTTGAAAACAAGTTCTATATTATGCGTGCTCAAGGTGATAATGACTATGCGGTTATCGATTCTGTTTTGGGTGCAAACTCCACATCTTACACAGATAACAACCCGATAACCGGTGAGCTTTCTTATAAAGTACTGGCGGCTAACGATGTAGCAATGTCCGATCCGAGTGACGCTGCGGCTGCTTCGGTAACCTCTGTAAAAGAAGGTAACCAACCCGGCGTGCCGAAAGAATTTGCGTTAGAGCAAAACTACCCGAATCCTTTCAATCCCTCGACTGAAATTATGTTTGCACTGCCGTGGGAAAGCAATGTTAAACTGACAATCTACAACACCCTCGGTGAAAAAGTTGATGAGTTGGTTAACAAACCCCTTCGCTCGGGTTACTACACCGTCACCTGGAACGCTTCGGCATACAATTCCGGTGTTTACTTCTACACCATCACAGCAACAACGGCAGATGGTAAAAACATCAACATCACCAAAAAGATGCTGTTAGTGAAGTAGAAGTGGGGTTCTTGGAGACGAAAGTAATGGCGGGCGAAAGTAATGGCGGGCGAAAGTAATGCAAAAAATACTGCAGTTCGTTACCAATGAGATGTTGGCGAAGTGGGGTTGATTGCAGTTTTTTAAGCAGAGCATTAAAACTTTATGTTTAAGGTTTTGGATTTCAGGTTGAAGCTTATACTTCCTGACTAAATCACAAACACTATGTAAACTCTTTAAGCCTCCAACTTCGAAAGTAGGGATTTTATTAAGCTGAGCTTTTGAGATTTTCTCAGAGGCTCAGCTTTTTTATTATAAACTGAAGAAGTGTTTTTTTTAGAGAGGAGTAGTTGTAGGTTTGTGTACCCATTAAGTTGAGGGATTCACTGCTTGTGGGATTGTGTTGTTAGGAGTAGTTGTAGGTTTGTGGAACCATTAAGTTGAGGGATTCACTGCTTGTGGGATTGTGCTGTTAGGAGTAGTTGTAGGTTTGTGGAACCATTAAGTTGAGGGATTCATTGCTTGTGGGATTTTGCTGTTAGGAGTAGTTGTAGGTTTGTGGAACCATTAAGTTGAGGGATTCACTGCTTGTGGGATTTTGCTGTTATTAGATTTATGGAGTTTTACTAATAAGACACCTCGGTAATTTGGTTGTTGTTTTCTTTGCTTGTAGGGTTGCACTGTTGTTTAGTTGTAGAGTGGGAAGAATATTTAGTAGGCAATTAATTTTAACCTAAAAAAAATTATCCCAAAGCAATTTTAAAAATTTCGCTCTGAAACATGGTTCTACTACCTCTTTCTGATTATATTTGCACCACAAAATTCCCGGTGGTCTCTGGGTTGAGGTTTTTCCTTAATCTACGCTGCCGGGTTTTCGTTTTTAAATAACCTTCATCATTTTAAATAATCTGCTATTTGTAACTATTGATAAAAGCTACATCTAATCTCCTAAGAAGCCGCTTTTATCATAAATGGAAAGAGAAAAATTCACTTAAATTTCATGAATAGCTTACATAATCTTCGCTATTTTCCCCGCTTTTACAAAAATTTAACCACCTACATTCCTCCTCGCATATTCTTCAAGCCACAAAAAAAACCTGCCAATTTGAGCATAACCGATTAAACCGGCAGAGGCTTGGCAGGTGTGTTAATACAAAAATAACAAATAATTTTGAAATAAAAGAATTTATTTCATTTCTTGAGTAACTATCTCCTTTTCAACCTGAATCCATAGGCAGCATTGTTCTTTTTGAAATAGCATCCATAACATGGTTGATCCATCAATTTCATTATGCTGTTTGAAAATCATCTATATAGTAACCTAAATCCTAAAACGGAAGTGATTTGTTAGGAAACCACTTCCTTTTCACAGTTACTTCAAAAACAGCAGTGCTTTCGTTAAAAATTGTATCATTAATATGGTTACTCCAAAAGCAGCTTTGTTTTGTTTTAGCTCTCTCCTTTTCTCAGCTATTTCAATAGCAGCATCTTTTTGGTAATTGATACTTCCTCACTTTTCAGCCGGTAAAAATATACGCCTGATGTCAGGTTATATTTTCCTGCGCCGAAGTCTAAGGAGTAGCTGCCTGCTGCCTGATAACCCTCAATTGGCACAGCAACTTCCTGACCTAATGTCTAAACCAAACATGTTAATTAAACTTGCCTAAGAATGAAAAAGCTTTCAACTTGAAGAAAAGCTATTTAAAATGAAGAAAGCCCTTGTTACTTAAAAAGCAACAAAGGCTTCAAACCTGTGGGCGCTCAGGGATTCGAACCCCGGACCCTCCCGATGTATCGGGATGCTCTGAACCAAACTATGTATCCTTAAAACAAAAAAGAGGCTGTTTGATATGTATTATCAAAACAGCCTCATTGGATTCGTGGGCGCTCAGGGATTCGAACCCCGGACCCTCCCGATGTATCGGGATGCTCTGAACCAAACTATGTATCCTTAAAACAAAAAAGCCCTGTTAAAAATAACAGGACTTTCTTTCGTGGGCGCTCAGGGATTCGAACCCCGGACCCTCCCGATGTATCGGGATGCTCTGAACCAAATAGGTTAATTTAACCTGCCCGAGAATGAAAAACCTTTCAACTTGAAGAAAAGCTATTTAAAATGAAGAAAGCCCTTGTTACTTAAAAAGCAGCAAAGGCTTCAAACCTGTGGGCGCTCAGGGATTCGAACCCCGGACCCTCTGCTTGTAAGGCAGATGCTCTAAACCAACTGAGCTAAGCGCCCCCTTTTTCAAAAATTTCAGACTGTAAATTTACCACTTTCCCGAATAAAAAACAAACCGCTAACGCCAACAAAAAAAATATTTTCCAAATAAATAAAAATATTGGAGCGGGCAACGGGATTCGAACCCGCGACATTCAGCTTGGGAAGCTGACACTCTACCAACTGAGTTATGCCCGCATTTGAATCCGAAAATTACGAAAATTTCCGGAATCCAAAAAGATAATCTTTCTTCCCCCTAAGCACCCGTTACAGCATAGTAAATGCTGTACGGATTATAGCATCCTGTTGCATATTCGAAAGTTTATAAGAGCCCACCGCCGGACTTGCACTTGCGGGTCTTCCGATATAAACCACTTTGGTTTTACCTTCCAGCAACTCGTCAATTCTTGGGTTAAGGAAAGTCCAGCCGCCCATGTTCCGCGGTTCTTCCTGCACCCAGAAAACCTCGTTAAAATTGGGATATTTATCCAGGATTCCTTTCAGCAGTTCAGATTCAAAGGGATAATATTGCTCAACCCTGATAATCGCCACATCGGTGAACCCGTGTTCTTTCCTGAATTTATCAAGCTCGTAGTAAATCTTTCCGGCGGTCAGCATTATCTTTCTGACATTGCTCCTGTCTGCAACAAAATCATCGTCAATAAACTCCCTGAAACTTCCGGATAAGAAGTGTTGCTTCGGCGAGCGC
CP129491.1_gap37	1180373	1183133	2760	CGGAAGATATCCAACTCCGCACCAACGGGCTGCAATTCAATATCTTTAATAGAAATTTTTTCAAGACCGAGGTCTGTCTCATTTTCCCTTGCGTTTCTATCCCCGACTATAGTAACTTCTGAAAAATCAACAGCCTTTTTTGTCAGTTGAAGGTTAAGATCATTAATCACACCCCCCTTTACAATTATTGAAACTTCTCTTGTAATATACCCAATACACGAAAAAATTATAATGCGCTCACCCACCGGCACTGAAGAAATAAAATAATATCCTGAACTGTTGGTTGAAGAACCTTGCTTTCCCCCTTTAACCACAACATTCGCATAAGGAATAATTTCACCTGTCGTAGAATCGGTTACAGTACCGCGAATGTTGCCGGTTGATTGAGAGTTGATTGTGTAAATAAATAATAAGGAAAGCGCAATGGTGCGAATAAGAGGAAGTATAATTTTCAATGTCGTCTGTCTGTATTTAACTGAATCTCGTTCATTAACCTGAAAGATCCCTCATCAGGTTCGAAAGGTTTTATGAAAGAAAAGGGCTGCTATTTCTCAAGCAGCCCAGTTCTCTATAAGTGTTTTGTGCTAACAGCTGAACTTCCGGTTAAAATAACTTTTAGTTCAAATATTTTCACTTGCTACTTAGTCTTCACTCGCTCTCTGAATGAATTACTTCATCAGAAGCATTTTGTTGGTAAGTCTTACACCGTCAGAAACAACTTCGTAGATGTAAGTACCTGAAGCAAGCTTAGAAGCATCAAAGGTGTAAGAATAAACACCCTGTCCCAAGTTCTCGCTTACGAGTGTAGCAACTTCTTTACCAAGAACATCATAAACCTTCAAGGTCGTGAAACCGGCTGATTTCAAAGAGAATTTGATCTCAGTGGTCGGGTTGAACGGGTTAGGATAGTTCTGGAAAAGCTGATAGTCGGTTGCAGTCATGCCTAAGTCTTTAACAGATGAAGCAGGTCTTACGAATCTTTCAACCGGTGGATAGCTTGCAGAACCAAAAGCAATTACATAAGCAGTGTCACCTGATGGTGTGAAAGCGATACCGCGAGGTCTTGCATCAGCACCCTCGAAGTAATCGTGCCATGTAATACTGTCTTTTATTTCGTTGGTTACATGATCCCAACCGTACCAGGTTTTGTTTGTCCAGTATGTTGCATAATCAGGGTACCTGTTAGGAAGGTCGTTGTTGGAACCTGAAGAAGCATAGAGTAAGTTAGTGTTTCTTGGATGCCATACGAACGATTCGCAATCAAAGCCTTTAAGGACAGTATCAGTAACAGCAAAAGGTGAAAACTCGTCGCTTCTTGTGTATTTCAAGATAGCATGGTTTGTGTAGCCTGCCCAGTAAATGGTGTTACCGTCAGCACTGACTTCAAACGATCTTGAAAAACCAACGCTCGAGTCAACTGCGTTTCCAAGGAAAGAGAATTGAGGATCCCACATTTTGATAGGAAAACCGGGCAAAACATTTGCAGTGAAGATTGTTCCGTTTTCATCCGAAGCGTTTGCAATCGCCGACTGACCCGGCATGTTTCTGATTACTCCTTTCGATTGACCGGTTTTATAGTCAACTTTTTGAGTGAAATCAAAGTGTGAGGCAAGGATATCACCGTCTCTGTGTTGTTTCAAACCACGACCTGTGTTGCCAACGAGTGAATCAACAAATCCCGGACCTGTAAATACTTTAATCGGTGAGAATGACGCTTGTGTTCCGTCAGGGTTAAAACAGTATAAAGCACCGGTTTTTACCCATGCAGTACCGTTGAAGATCGAGTCAACAGCAAAACTGTAGATCTGAATCCAAACACGACCGTAAGGATCGCAGGCAATACCGTGCCCACCGGAACCAACACGAAGACTTGTTGAATCAGGGAAATATCCGTCAAATGTCCACCCGCCTTGGGCAAAAACGCCCGTTGATAGTAACGCAAACATAAATAATGCGGATAATTTTTTCATTTTGTATCTCCTAAATGAGTTGTTAAAGAGTTATTAAAAATATAAAAATAATAGTTAACGCCTGCCGTTATAATTCGCCCCTTGTACACCCATTAATACTTTTGCAATCGTTTGATCAACGGTTTTTCCGGAAACTGTGCCATTACTTCTCGAATAATACAAATTTGTACTATTATCCCATGTGATAAACATCGCTTCCAACGGTAATAGTACACCGGGATATAGCGGAGCAACATTTCCCGAAGGAGTAACTTTCAGAATTGCAGCTGCATCATTCGTTGCTAAATAAATATTGCCAAGTGCATCAACGGTAAACTGGTTAACATAAACTTTATATCCATAGGCAGTACCGATATTAACGAACGGAGTTGTAACCGCTGCCGGATCAATATCACCGGAACCATTAATCGGGAACTTATATAACATTGCGGATGAATCTTTTTTCACAGCAACATACAAATCGTTCCCAACTACACGCAAAGCGGTTGCATTAGCAACAAAAGGATATGATTTTAACACCTTAGACGGATCAAGTCTGAACAAAGACTGATTGTCACCGCAAGCCCAAAGGTTTCCGGCATTATCGAAATCGATGTCAACCAATTTTACAGTGTTAGGTGTAACCGCAGTCCAGGTTGTAATAGCGGCACCTTCAGTCATTCTGAAGATTGCACGGGCAGAGTTTCTCACGCCGTAAAGAGCACCATCAGGGCCCATTTTAAGGCTTGTAAACTTGAACCCACCACCAACATTGGGTGTGAACATCGTTTTAACACCGGCAGGTGTAATT
CP129491.1_gap38	1188938	1191036	2098	TGTGGGGTCATCATCAGAAAGAAGTTCTTCGGAAACTTTGTTCCAACCTCTGAATTCCTGATATTGTGCCTGAGTATAAAGATCCCATGCGCCACTTGTTGTACCGGTGAAAGCAACGGCGGGGTCGATATATGGGCGAATAAAGTAGGAGTTAGGATCGTTCGGCATATCGCCCCAGTTCTTCATACCGGGTGCTCTGTATCTACCGAGAAAAACGACATTGTATTTGTCACGCTTTCCTTCAGTGGTAACCACATTCACCAGACCGGAACGAATGTTTCCATATTCTGCGTTAAACCCACCGGTTTGCACCTGAATTTCTTCAACTGAAGTGAAGCTTATGCCTGTATATGCACTGTTATCTCTTTCATCTCTGAAAGTAATACCATTGATCATGAAGGCTGTCTGGTCGGAACCTCCACCCCTGATTGTAAGCCCTTGAACACCGGCTTGCAAGCCGATAACACCCGCAACGCTTACAATCGGAAGTGTTGCTACATCTTCCATAGAAATGTTAACAACACTGGACGACACATCCTTCTCAATTATTGGTTTATCGGCAATTACCACCACTTCCTGTGTAGTAATTGATTCATCCACTAAGGCAAAGTCTAAGATTGTCGTCTGATTGATATTAACCTGAACCTCCGTAACTGCCTGGGTTGCATATCCAATCATCGAGGCTCGAACGGTAAATTTGCCGGGAGGGACATTAAGGATGGCATAGTAGCCATCGTTGTCTGACTTAGCACCTAACTTTGTGCCGTCGATGAGGATGGTAGCCCCGATCAGGGTTTCACCCGTTTTCTGATCCTTGATTATACCCGATAATTTACCGGTCTGTCCGAGGATCGGATAACTGAAAAGGAGGAAGGTTATCCATAAAATTGTATGCTTAACCCGCATATACTGACTCCTGTGTGTGTATCTTATAACAAAAATTAATAAGCGGTCTTACTTTTGATGACTTAAAAAATTAAAATTGATTATATAAAAACCGTATTACTCACAAAAAGGATTTAATCTAATCGTAAAATCCATTAAACAAAATTAAACAATTTTTCGGAAATGATGAAATATCGTTTACAAATCTAAAAAAAATTATTTTCGGTCAAGTTCTTCCTGTAAAAAATTAATAATAGAGTTAAACAGGTGCAGGGATGTCCCCTCTCCTTCACTTATCCCGTGTGAACGGTTTGGGTATGCCATAAACCGGAACTGTTTACCGGCGGCAACTAATTTGTTTACAAGCACTTCCGAGTTTTGGAAGTGAACATTATCGTCACCGGTACCGTGAATTAAAAACAGGCGTCCCTTCAAATTTCCGGCATAAGTAACGGGCGAGCACTCTTTGTAAGCCTCTGCGTGCTGTTGCGGCAGCCCCATGTATCTCTCTTCGTAAATCGAGTCATAAAACCTCAAATCTGTGACAGGTGCAACAGAAATACCGAATTTATAAAGTTCAGGATACCTGAAAAGCATGTTTAAAGTCATAGAACCACCGCCGCTCCAGCCCCAAATTCCAACCTTAGTATCATCCAAAAACGGATATTCTTTTAATAAAGCAACCAAAGCCTTCGCCTGATCTTCAGAAGAGATCACACCAATTTTCTGGTAGATCGATTTCCTCCATTCCGTGCCTTTAGGTGCGGGGGTACCCCTGCCATCTACACTAATAACCACGAAGCCCATATCGGCAATAGCCTTGTGAAACAGCCCCATGAAACCATCGTACCTGTCGTTTACAGTGGTGCTTGCCGGTTCATTATATACATAGAAAAGTACCGGATATTTTTTATCAGGATCAAAACCTGAAGGTTTAACCATCCAACCGTCCACATCCACACCGCCGGTTGTTTTAATCGTGAAAAGCTCGTAAAGATATCCATAGCCCCATAATTTTTCCTGCAACTGTTGATTTGTTGTTTCTTGCTTAACTAAGTTGTGGCTTGGCAACTCGATCAGAGCCACCTTCGGCGGCGAGTTAATGGATGTAACAGTATGATATGCGAAAAGCCCGTCAGCAGAAATTGAATAAGAATTGGTGCCGTCAAATTTTTCGGGGGTAATTCTGATTGGCTCGGCTGAGCCGTCTAAT
CP129491.1_gap39	1255412	1259551	4139	AAATGTGAATAAACCGGTGTAGGTTGCCGGGTTCGAGCGAGGTGTCCGCCCAATTGGTGACTGATCCACTTCAATTACTTTATCAATATGCTCCATACCCTCGATAGAATCAAAAGGAAGCGGAACATCTTTAGTTCGGTAAATTTGGTTCATCAGGCGCTTCACTAAAGTTTCGTTTATCAGCGAAGATTTACCCGAACCACTTACACCGGTTACAACCACAAACTTGCCGAGCGGTATGGAAACATCCACTGATTTCAGGTTGTTCCCCCGTGCTCCGCGAAGTGTCAGCAGCTTCCCGTTGCCTTCGCGTCGTTGTTTTGGGGGCGAAACAAACCTTTTGTTCCTGAGATAATCAAGCGTTAGAGAATGATCTATTTTACTGTTTTTAAGAAGCGACAGTGTTTCACCCATCGCCACCACTTCCCCACCGTGCTCACCCGCAGCGGGGCCTAAGTCAATTAAATAATCAGAGCTTTCAATCGTCTCTTTATCGTGTTCAACCACAATTATCGTGTTGTTCAAATCGCGCAACATTTTCAAAGAGTTGATCAGACGAATATTATCCCGCTGGTGCAAACCGATTGAAGGCTCATCCAAAACATAGAGCACACCTGCTAACTGCGTGCCAATCTGGGTTGCCAACCGAATTCGCTGCGACTCACCACCCGAAAGCGTCCGCGCACCTCGGGAAAGCGTCAGGTAATCCAAACCAACATTAAGTAAAAAATCGAGGCGTGAGTTTATCTCTTTCAAAATCGGCTTTGCAACAATTGCATCCCTGCCGTGAAGCTCCACTTTTTCAAAAAATTCTTTACATTCAACTATTGAAAGCGCAGTAACTTCGCTTATGTTCTTACCGCCAAAAAATACAGAAAGCGACTCTTTCTTCAGCCGCCCTCCCTCGCAGGTGCGGCACTTAGCAATATTCATGTACGACTCGACCCACTCACGCACCTTAACCGAAGATGTGGAGGTGAAATAGTTTTGCATGTAATTTAACACGCCGGAAAAACGGTGCTTGTAAGAAACCTCTTTTTTGCCGCCATACGAGTAGTAAAATTCAAATTTTTCTTCCGAGCCGTTAAGGATAATATCCAAAACTTTTTTCGGAAGGTCTTTTATGGGTGTATCGAAATCAAAACCAAGCACCTTGGAGATGGTTTCAAGCTGATTGAAAAAATACATCGGTCTCGGCTTACCCATCGCGGCTATGCCTCCCTCATTGATCGCTTTGCTTCTGTCGGGGATGATAAGATTAAGATCGAATTCTTTTTTCTCCCCCAGCCCGTCGCAATCGGGGCAGGCACCAAAAGCCGAGTTAAAAGAGAAAGAATTGGGTGCAAGTTCCTGGTATCCTATTCCACAGTTTGGGCAGCTGAGGTGTCTGCTGAAGATGTGGTCTTCTTTTCCGTCGTTCACAATCATCACACCGCTGCCATAGTTTAGCGCCACTTCAACGGATGACTCCAAACGGGCTGCAATTTCCGGTTTAAGTGTAAATTTATCCACCATAATCTCAATATTGTGGATTTTGTAGCGATCGACCTGCATGCCGGTAGTGATATCTCTAACTTCACCGTCGGTTCTGACTTTCAGAAAGCCGTCTTTAGCGATTTCTTCAAAAAGCTCGCGGTAGTGCCCCTTTCTACCCCGAATCACGGGTGCAAAAAGTGAAATTTTCTTCCCTTCAAACTCACGGTTTATTCTTTCGAGAATCTGTCCCATGTTCTGTTTTTGAACCGAAGCACCACAGTTATAACACTTTATAATCCCAAGGCGGGCGTAGAGAAGACGCAGATAATCGTAGATTTCCGTAACCGTGCCGACGGTTGAACGGGGGTTGCCCGAAGTTACTTTCTGCTCAATTGAAATGGCGGGGCTTAATCCTTCGATCTGATCCACATCCGGTTTTTCCAACATATCGAGGAACTGTCGGGCGTAAGCCGAAAGACATTCTATATATCTCCGCTGTCCCTCTGCGTAAATGGTATCGAATGCTAATGAAGATTTACCCGAACCGGAAAGCCCGGTGATAACCGTGAAGGAATTTCTGGGTATCTCTATATCGATATTTTTGAGGTTGTGCTCTCTGGCACCTTTAACAATTATCTTGTCGTGAAACAATTTCTTTCCGTTTTTGAAGTACTTTATTTATCTGTGTCCCCTAAATTGTTCAGAAAAATTTGTGCAATCTTTACTGAATCCTGTTTATTCTCTTTTTAGGTGGTTTGAAGAACCACTCCCGCTTTTTGTGAAGATTTTTTAATTTGCCTTATATAATCAAAAAAAATCAATAAAATATCTATATTAATAACAAATTTTTTGATAATTTAATTTCTTTTTTACAGAATTAACCAAATGGCTTGCACTCAGTTAGTCCCCAAATTTTTTAATAATTTTTATTTATAACACACAAAAGATGTCTGAAAAACCGGAAGTTTTTACCACAATTCGAGATAAAGCGAACACCAAATATAAAGAGAAGGGATCAATCTTTCTCGCTTTTGCACATCCGATAAATTCTGCCCTACAGTTTGATGAACTTCTTGCGGGCTACAGAAAAGAGTATTATGACGCCGTGCACCACTGTTCCGCCTATAAACTGATTGACGGCAATCAAAAATATTCCGATGACGGCGAGCCAACAGGCTCTGCGGGCATAAGGATTATGAATGCAATAGAGCACAAAGGATTTAACAATCTTGCCATAATTGTTGTCAGATATTTTGGCGGTGTCAAGCTTGGTGTTGGTAACCTCGGGAAGGCTTACTACGAAACTTCAATTGAAACCTTAGAAAGAGCCGAAATGGTTACACTTCACAAATTTGAAAAATTTCATTTCAGCGCACCATACGAGCTTTCATCATTCCTTTACCGAGGGCTTGAAGGAAGCGATGTGAAAATTATTTCATCAGATTATGCAACTGGACTGAAAATTGAGGCTTGGATAAAAAGTGAAGTCGCTCATAAAATAGCCTCCGGGCTTTATGCTTCTTCTAATGGTGTTTTGGAAGTGTTGCCACTTAATGAAGAAAATTATTTTGAAGTGTAAATGTAAAATTTGAAAGAACACACAAAAAGAAACAAACAAAGAAAATTATTTTGAAGTGTTATCCAATATTTTGTGTCTTAGCAGTGTAGCTTCAAAAAGGTCATCCAGCAGAACCTCTATATCACGGTACTCTTTCGGTTTTCTTCCGTACGACCAGCGCCTTTCGAACAGATGAAAAGAGAACCTTATCCCCAACTCTTTAACGGAATTATAGTGATATACATTCACCCACCCAAGTTTATCCAACGAAGGAAACCCCACAATAACAGGCTGCACTTCGGATAGAACTGAAAACCTTTCCCGGGCTCCTCTTCTCGCTTTATTTTCCAAAATCCGTCGGATTAACGGGTGAACACTCAATTCGGCAATCTGTTCTGCAATGTGACGGCAGCAAAACCTTATTTCGTGCGTCGCAAGAAACTGAGGGTAGTTATGCCGGTAGTCTTCACACCAACACTTCAGGTGCTCAATCGTTTTTAATTCAACAGGAGAAAGCCGGCCCAAATCGGTAACTTTTGGGTTGTAATAAAACCGCCGGTTGTTTTCATCCATTTGGGCAACAGCTTCACGCAGATCGGTGAAAACACGCAACCCGTTCTTTATTTCTTTGCTGATTTTACCCGGTGAAACACTCGCCCGCTTCATCCGTTGCTCCTTGCGCTAATTAATCGTTGTGCTCATCACAAATTTACCAAAATTTTCTACATAATTATCTTTACATTTGAATCATTATTTTTATTGTTTATTAATTTTCACTTTTTCATACGGTTTTAAACGAATTAATGAATCACTCTCAGGCTTGTGATATTCTCGGAGTTAAAGACGCCACTAATGCTGACTTGATTCGGAAGAATTTTGAGAAACTGGAACAGGATATTAACCGCCAGATTGAAGCCACCGGCTCAAAGTTCCTGCGTGAAAGTTTGCGAAAGAACAAAAAAGCGGTTAAAGAGGCTTACCATCTTTTGTTGAATGATGTGTCGGTTGATGGGGCGCTTTCCTTCGGTGAAGCGTATAAACTATTCCGTGACCGGGGCGACAATTCCCCCGCCTCATTAAAAGCCGCTTTCGAAAAATTGAAAGA
CP129491.1_gap40	1272394	1275879	3485	TATGCGTCGAATTAATTCGCGGTAACACTCCATCCGAACGCTTTGCCGGATTAATATTTACGGGTCTTTTAATTCTGCCGTCTTCCATATTTCCCGGTTATTTCTTTGTGTAAATTGATGTAAAACCGATGCCGCCTGAAGCCTCGTTGAATGACCAGGAGCGGCTGTCGCTCGTCTTAACGGTATATCTGCCCGGTTTAAGGGTTATATCAGGTTCAACTTCCCAGAGAGCAGATTCAACGCCCTCTCTTCCGGGTTTGGGTTCTGCTTTCCATTTACCGATCTGTTTACCGCCCTCGGTACTGAGGATTATTTCGCCCGGTTCGGCACCTTTTCCGTCGTTCCAATGAAAAGTACGGATTTTTACCACTTCCAAATCACTATAAACCTCAAAACTGAAAGGCTGTGCCTCCCCCTGCTTAACCGGCAGGTTGTTTTCGTTCGAATAAACAGTCTTCAACTCTTTTGAGCAGCCGATAAAAAATAAAAGAAGGAACAACGCCGGCAGAAATCTTTTCATTTTACAAGTTTATTTGGAAATAGAATAATCAACAGATTTAATTTAATTGTTTTTTATGAAATATCTAAATTATTAATGCTTTCCTGTTCTTGAAATGGGAAAAATAAGACCTAATCAACCATTTCCGATGGAATCCGGCAGCATATCACACCTGAATCTGCCGTCAATTCAGAGATAAAACGATATTCCCAACGCACCATGCAAGGGGTTTTTCTGCCGTAACCACCAACAGTGCACCGGAAGAATTACTGCTGATTTTGAATTTCCCTCAAAATAAAAGAATCGAAAAAAAAGCCATTAGTGAACTGAAGCTTTCTTCATCAGTTTTTCCTTTTTCTCTTTTGCTTCGTCACCAACTCCGTGGCAGGCGCTACACTTCTGTGTTTTGAATGAAACCTCGATACCACCGGGATGAATGAAATCTAACCCTTCGATTGCTATTTGTCGCCCTTTCTGCGGTGAAATTTCTTCGAGCAGAATGTGGCAGCTGTTGCAATCGTTTGAAATCACCTTTCCATCGGAACTGAAATGTTCGCCGTCATGACAACGGAAACAACCGTCGTAGTTCATGTGCCCCAGGTTGTTCGGATATTTCCGCCAGCTTACTTTCATTTCAGGGAAGAAATTTTTTGAGTAAATAACCCTAATCTCTTTAACAGCATTAGCAATATCCTTTGCCCGTGTTCTGTAGATTTCAGGGTAGTTGTTGCGGTAAAAATCGGTTATTTTCTTCTCAATTCCCGCTCTTGCTTCTTCTTTTGTAGCATACTCATCATCAAGTGCCTGAGTGGTTATGCTTTTAATGTAGGGTAAATCGGCAGCAATTTTACCGTTGGAAATAGTAATGTTTATAATTCTGCTCGGTTCGTTGTATCGGTGTGCAGGTCGGTTGTGGCAATCCATACAATCCATTTTTCTGATATTTTCACCATTTTCATCCACTTTGGTGTTGAAGCCTTTCGTTCTGTATTCGGTAACTTTACCGGTTTCTTTGCTTACAACCTTCACCCATGGGATCACCTGCCTGCTTCTGTCGCTCGGCAGATAATAAATATCGTTTGCAAGGTTCATGTGCCAGTGAATCCCCTCGGTGTTACCAATTTCACTGTTTCCGCCGCCTACTTTCATCAGTAAGATCAACGAGGCTTTTGTGTTTTCTTCATCGGAAAGGTAATAGTCGAGGTCAACTTTCTTTTCACTGAAGAAGTTTTTGGGCCAGTGGCATTGTTCGCAGGTTTCCTGTGCAGGGCGCAAGTTATCGATCGGAGTAGCTATTGGTCGGGAATATTTATTGAATGTAACCGAGTACAACTGATACGAACCGGAAATTTTTGATTTTACAAACCAGTCTGCTCCAGAGCCGATGTGGCAACTTACGCAACCAACCTTAGAGTGTGGCGAGTTTTGGTAAGCAACATATTCAGGCTCCATTACCGAGTGGCAAACCGTGCCACAAAATGCGTCGGACTCTGTATATTCATACGCTTTGAAACTCCCAAATGCAGAAAAGAAAAGGAGAATAACCGTTCCGATCGAAAAAAACAACACTGCACGCAATTGTTTGGGGTCGTTAAGATCGAGAACAGGGAATTTCCGCGCTTTGAAATCTATTCTCTTTGAAAGTTTGTGCTCGCGATACCAACCGTAAGCAATTACTAATAAACCAATTATCAGGAAAACCGGAAGAATTATGAAGGCTACAATTCCCATGTATGGTGAGTGTTCACCGCTCATAAATTCAAGAATAATCAGAAAGAGAATCATGCTGAAACTCAATCCTGCCAAGAGCGCACCGACAAGTGAGATTGGGTTGTAAAGCGAATGCGGGAAAATTTTCTTCATCTTTTTCTCTCTCTCATTTTAGTTTTCGTTTTTTGTGCGTTTTCTTCTGCGAAGGAATATCCCCAACAGCCAGACAGCAACTCCAACAGCCACAATTATCAATAAAATTGTAACGAACGAGCTGCCGCCACTGTTATCGGCGGTATCTTTTTTTGCGCTTGCAACCTTAAGTGGTTTGTTCGGATTTTTGTGAATGTCACCCGAAACAAAATCTTCTCCGGCACCGGGGTGGCACTCACCGCAAGTTTTCTGCAGGTTCTTTTTGTTCACCTGCGAGGCAGCGTCATCAGATTTGAGTATTCTATGAGGCCCATGGCAACTAACGCAGTTAGCCATCGTAACTTTATCTTTTTCAACCTTAATGCCGTGGTAAGTTATCCTGGCAACTTTTGTTTTAGAAGTGGACTGTGCGAAATCAGGGGAAATTTCAACGGGGTCGTGGCACGAGCCGCAGAGGTTCACCGCTACACCGGTTTCAGGCTGATGTTCGTTGTGGCAACCGGAGCAAACGGGTGCATCTTTAACATTCTTTTGAAATGCAGCGAAATGAACGCTTGCCGAGTAGTCTTCTTTAATATCTTTATGACAAACTCCGCATATTTCTGGCACTCTTGCACCCGCCACCGATGACCCGGGACCCGAAGCCTTCATAATCTTGTGGCTTTGGTGGCAATCAACACACGAAGCAGCGTTCCCGTTCCCTGCACGCAAAAGCTGACCGTGCATGTTCGAGTCTGCACCGGCAACAAAACTTTTATTGTAAGTAAACCTGCTGGTTACTAACGGTGTATTTGCATGGCACGAGAGGCAAAGTTCCTGCTGCGAAATCCGTAAACGAAAATAATCGTTACCGTAACTTCCTTTTGTTATCTGTGATTTATGGCAGGTGATGCAACCGGGTTTTTCCCCTTCACCCGCGCCGAAACCGTGAATACTGTTGCGGAACTCGTTGTAATTCGTGTTATGGCATTTGGCGCAGACATTAATTGAGGCGGTTCTTCCGATATTTTTATACTTTTTGGCGTCGTGCGTTCCGTGACACGATTTGCAACTTACATCTTTACCCTCTGCATTAACCGCCGAGCGCATCATCTGCGGATGAAACAGGTGACGAATTTTTGCG
CP129491.1_gap41	1277882	1279395	1513	AAAGCCCTGAAAGCCGGAAATGAAAAAGCTGCTGTTTGCTCTGATTGCCATACCGGACATGCTATGTTGCCTTCTTCCGATCTTAAGTCATCGATTAATAAAAATAATGTTGCACAAACTTGCGGCAAATCCGGCTGTCATTCAAAAGAGAAGCATGACTATACAGTGTCAGTTCACTTCAAAGCAGTGAAAGATGGGAAAACAGACGCACCGGCTTGTATCGACTGTCATGGCGACCACCAAATCGAAAAAATTGATCGTTTTAAAGACGGAAGTGAAAAAAATATTTTCATTGCTAAACTTTGTTCAGACTGCCATTCCAGTGTGGTGCTGACCGAAAAATACGGTTTTTCAGCGGTAAACGCACAAACTTATTATTCAAGCTACCACGGTTTGGCAGTCCGTGGTGGTTCAAAAACTGCGGCTAACTGCGCAAGCTGCCACAACTATCACGATGTTCGCCCGAGCAGCGATCCTCTTTCATCGATCAACCGTGCCAATCTATCGCAGACCTGCGGCAAGTGCCATCCTGACGCAAAGTTGGAAAGCAGATTCGTTAAGGTGCATGTTACCAATGAAGAAGACGAATCGATAATCCTTTGGTTAGTTAAGAACGGCTACATTTTCCTGATTATTGTAACTATCGGAATGATGTTCATCCACAATGTTCTCGATCTTGCAAGAAAAATTCAGGAAAAACGGAAACACAAGGAAGAGATTAAAAAATTGCACCAAGAGGGTAAATATTATGTAAGGATGGATAAGAACCAGAGGATTCAGCACTTCTTCCTGCTCACATCATTTATTGGTTTGGTGATTTCGGGGTTTGGTTTGGTTTATCCCGAAGCATTTTGGGTTGAGTGGATTCGGGCGATTATGGGCGAAAATGCTTTTGAGTTGCGCGGTTTGGCTCACAGGGTGTTTGGTATTGTGTTGATTGCTGTTTCACTTTATCATACTTATTATTTATTTTTTACCAAACCGGGTAAACAACTATTAAAAGACTTCCTGCCGGCATGGCACGATTGGGATGACTTGAAAGTGAATATTAAATATATCACTTTCAGAAGTGAAGAAAAACCAAAGTTCCGGCGCTTCAGTTACGCAGAAAAGGCCGAGTATTGGGCTCTCGTTTGGGGCACCATAGTGATGTCGGCAACCGGCTTGCTGTTAATGTTCAACGATTTCTTCCTTGCACGCGTCCCAAAAATTTGGTTTGATGTATCAACATTAATTCATTTCTACGAAGCATGGCTTGCAACGCTTGCAATAGTTGTTTGGCACTTCTATTATGTTATTTTTAATCCGGAAGTCTATCCGCTGAACACTGCCTTCCTGAACGGCTTGATGAGTGAAGAGATGATGGAAGCCGAACACCCACTGGAACTGGAAAGACTTAAAGAGATGGAAGCAGAAGGTGCAACAGCAAATGACGGGGAAAAAGTTGATCCAAAAAATGCAGATAATGATTCAAAAGATGGGAGTAATGATTCAAAAGATGAGGAAATTAAAT
CP129491.1_gap42	1283305	1285207	1902	AACATGAGAAGTAAGAATTTTTTCAATTTATCACTCAACTTTTTAATGAATAGATAACAGTAGGTAGGAGAATAATAACAGAACAGTATTAAAATTACGGATAGTTCCGTTAACACACAAATTTTATTAAAAAAATTTTAGTAATTTTTTAAAATAGTGACAATTTTTTACATTATTACCGGAAATTAGAACCATTCTTTAATATAATTATACCTTTAGACCGTAGTTTTTTCAAATCTATATTTGAAGTGAGAATTAAAAAGAATTGGTAACGGAATTAAACTTTTCGTGTATGTGGCGAAGTTGGGCGTGGGGGAAGTTGGAATTAAAAAAGCCTGTTAACGGAATTAAACTTTTCGTGTATGTGGCGAAGTTGGGCGTGGGGGAAGTTGAAATTAAAAAAGCCTGTTAACGGAATTAAACTTTTCAACCATTGTTCGAACTTTTACTTTAAGCTCTTCAGGTGAAATTATCTCGATATTATCTTCCCAGCGAAGGCACCAACTCGCCAGCCTTTTCGTTATTTCACTTTCGGTTTTCAGTGTGATATATCCATCCGCTTCCTCAATAAGTTGAAAATTTTGAAACCAAATTTTTGAATAAATGCTGTTTCTGCTCATCGGTGAGAACCGGAGGACAATCGGAAAAATTGGTTGTCTTACCAAATCTTCTTCCGGCGCTTGTGTTGGTTTTAACAGTTCTATTTCCTTAATTCTGCTCAAATAGAACAATTTCTCGATGTTTTCCCCTTCTTTCACGGCAATTAACGACCAATTATATTCGTTAAGTTTCAGTTCAAGTGGTTTTACGATGTACTCATTTTCAATATCGTCTGTTATTCTTTCATATCTGAAGTGTATCCTGCGGTTTTCATCAACTGCTTTTGCACAAAGGGTGAGAATCTGGAACAAATCACTCATCCCCGCTGCGTGAACTGCCTGAAGTTGCGTGAACAACAATCTCCGGTTTAATTTGAATGCAAGGTACTCAGCGAGGTAACCCGTCAGCAATTCAGTCTCAGGTGCATGGTCTAATATTAAAATTTTCTTTCTGCTGTAGATTTGTAGCCCGGCAAATCTCAAGTATTTGAGATCACGGTTAATCGTTACTTCACTCACTTCATATTCAAGTGCCAAATCAAGTATAGAAAGTTTTTCACCGTTCATTAAACGGGCAAGTAACTCGGTGCGACGTAGGTTATCGGATAAAAAATCTTTCATAAAATTTTCTTGTAATTTTTATCATTCAATGATTGAAAATTCAGGCTGCTTCAAAGTTAAATTTGAACCGGTAAATAAAACAATTAAGGGTTTTAGGGTTTAGGTTCGCACTTAACCTTATAAAGTATAACATCAAAGTCCGGGTATCGGGGTTTTCACTTTATCTTGTAAAGTATAACACGAATGTCCGGGGTTTTGTGTACTCACTTCATCTTATAAAGTATAACAAATAAATTCGGGGTTAAACCCTCTCAGGGGAATGTGGGGAAAATATGAAGGCTGCCTTCCTGGCAGCCTTCGCTTTATTTCACCAAAAGTTCCATATTTACAAATCCTTTTCTGCCCCCCTTTTACATGCCCCACAGCCCCTTATTGTTTTCACGGGCATACTTAAACGCAGCCAAAAACTTCTGCTGATATTTAACATCCGGCGGATAGGTCATAACATAGGCATACCCTTCTTTCACCATCACTTCGTTCAGCATTCTGCCGTCTTTCAGATAGACATAGCAAAGTAAACGCCCGTATTTATCCCTTTCGGAAACATCGAACTCAAGTTTAACCTTATCACCTGCTCTGAGAAGTTTACGGGCAAATTTAGTGGCTTCTTTCCCCATAGCAATAATCTCATCCAATTTCTGCCTCGATTTTTGGGCATCTTTCTTAGCTTTCGGGTTGCGGG
CP129491.1_gap43	1445444	1449870	4426	GCTAACCTTTGGTCATAGTGCCGTAACCCAATTAAAAGCGCTTCGTTAACATCAGAGTAGATCCTCCTGGGTGTCATCAAGGCGGAGCGGAGCACAACAGAGTAAGTCAATTCCTCCGAGTGAAAAACCGCCCTACCGCCCGTCGGTCGGCGCACCATTGTGAAACCATCAGCAGTCAGTTTATCCGTCAGCACTTCGGAATCCGGCTGGTTAGCCCCCAGAGAAACACAATAAGGCTTCCAGGTGTAAAAGCGCAAAATCATAGCCTCCGGCGGCACATTTGCCACTAACCGGAGGTCGTAGTCCATATTGAACTTTCCCTCGTGTGCACCGGTATCAACGAAAAAAGCCTTCATTTCGGGTAAATTCGTCAACTACCTTATAATTCCCCTTGTGGTTTCCGAGATGAATTTCAAAATCTCTTCGGCGAACCTATCACCGGCAAATTTTTGGTTTATCTGCTCCCTTGCCTGCGTCATGTTCAGGTGCGAAAGATAGATCAACTCATATATCTTTTTTATTCTCATTATCTCGTCGTTCGAAAAGCCGTTTCTTCTCAAACCAATAAGATTAAGCCCTTCGAATTTTAAGGGTTCGTGCCCGGCAAGTATATAGGGCGGCACATCCTGAACCACCCTGAAACCGCCGCCAATCATGCAATATTTGCCAATTTTGCAAAACTGGTGAACCGGCGTGGTGCCACCAACAATCGAAAAATCATCGATTTTAACATGCCCGCCAACCTGCACACCGTTCGCCAGAATTACATTGTTTCCCAAACGACAGTCGTGTGCCACATGTGAATAAGCCATCAACAAACAATTTTTACCGATGGTCGTCTGCCTTGTATCCACGGTACCTCTGTGAAGCGTAACAAACTCGTGGATTCTCGTATCATCTCCGATGAAGCACTCTGATTCTTCACCCGCATATTTTAAATCCTGCGGAATGTGCGATATTGAAGCCCCCTGATGGATTGTAACTCTCTCACCGATTCGGGCACCTTCATAAACACAGACATGCGGGCCAATCCGGCAGTCTTTTCCGATAACAGTGTTACCATAAATAACTGCAAAAGCGCCAATTGTTGTTCCTTCACCAATTTTCGCAGCAGGATCAACAACGGCAGTCGGGTGAATATTAATCATCTTAAACCCTGTCCACAATGGCGGCGGTAAAGTCAGCTTCGGCTACTAATTTGCCTTCAACGAACACTTCACCTCGCATAATTACAAATTTTTTGCGCATATCTTTCATTTCCACCTCGATCCGGAGCACATCACCCGGAATGACGGGTTTCCTGAATTTTGCGTTGTTTATCTGCATGAAATAGGCATTTTTCTCCTCCGGATTCGGGAAAGAATTAAGGAGCAGAAGCCCGCCGGTCTGAGCCATCGACTCGATCAAAAGAACCCCGGGCATAATCGGGTTATCCGGGAAGTGCCCGTTAAAAAACGGCTCGTTCACCGATACGCACTTGTGCCCTACAATTTTTTTCTCCATTTCCATCGATATTATCCTGTCAACTAACAGGAAAGGATAACGATGTGGTAAAATTTTTGAAATGGCGTTAATGTCGAAAACTATTCCTTCGGTTGTAGCGTGCTGATATTTTTTAACCAACTGTTTCTGTTGGTACATCTTCCGGATCATTCGTGCAAACTCAACATTCGCTTTGTGTCCGGGCCTTGCTGCCAAAATCTGCGCTCTGATCGGCACTCCTATAAGTGCAAGGTCGCCGATTAAATCGAGCAATTTGTGCCTGACAGGTTCGTTCTTAAACCTGAATTGCTTGTTGTTTAGAATGCCTGTATCACCCAGAACAAACTTTTCTTCAATTCCAAGTTTGTTGCCAAGTTCGTCGAGGTCGTCTTCATCTAATTTTTTATCAACAATTACGACGGCGTTTTCAAGGTCTCCGCCTTTAATCAGCCCTTGGTTAGCCAGCATTTCCACTTCACTCAGGAAGCAAAAAGTGCGTGCAGGGGCAAACTCGCGGGCAAACTCCTTTTCCAAATCGAACAATCCGGAGTGCTGGCTGCCCAACGCCGGGTTTTGATAATCCACCATAACCGTAACGCGATAGTCGTCTAACGGAAGTGCAACGATGTCAACTCCCCTCTCCTCCTCGTGATAAGAGACGGTTTGGTCAATAATTAAATAATCTTTCGGAGCGTCCTGCTCAACAAATCCGGCAGCCTCAAGTTTTTCCACATAAATCAACGAACTCCCGTCGCCAATGGGCGGTTCAACCCCGTGAAGTTCGATTTTCAGATTATCGATCTGTAGCCCAGCCACAGCGGCGAGCACATGCTCCACAGTGTGAACTTTCGCCTCACCAATCCCAAGGGTTGTGCCGCGGGAAACATCAATTACATGGTCAACCACGGCGGGTATTTCCGGGTTACCCCCTAAATCTGTACGGATAAACCTGATCCCGTAATTTTCGGGTGCAGGTTTAAATGTCATCCTACATTCCATCCCCGTGTGTATCCCCACCCCACTCATAGATACTTCTTTGCTTATGGTGCGCTGTTTAATTAACATTCGATCCTTCTGAGTATATTTCTGCCAAAATATGAAAGTATAAAAATCAAACTTAAAATTTAACTAAAAATAATGAAACGGAAATGCTTAATTCTTTGTATCTCAATTCTTTCGGTGTGTTCGCCTAATCCCGGGGCTGCTTTTTAGGCGATTGGAGCTTTTTCAGGGAAATGTCGCCGGTATTATTTTGTAAATCAGTACAGAAAGTTATGAAAATATGCTTGGTTCGAACAACTTCTCACTGTTTGCAATACGGTTTTGAATTTTGTTTGCCTTTGCCATCAATATTATTTTTAAACTTCTGTTGCCCCACTTCTCAACGCTTTTTTGAGGGCTTTCGGGAGGCTCTGTTATCAATCATTAAAACAAATTCACCTTTCAGATTATTTTTTACCACTTCAGCAAGAATGCCGGAGAGCGAACCCCTTAACACTTTTTCGCCCGGAAGTGTGAGGTCGTATGCCAACACCGCTTGCGCCCCTTTCCCAAATGCGTTGCCGGCATCATGCAAAATGCTTTTTAACCTGTACGGAGTTTCTAAAAGTATTATCACTTCCTTAACGGCAGATAACCGCCGCAACTCAGCCGCTCTTGCATCTTTTTTCACCGGCAGCCAGCCTGCGTAGTAAAATTTTTCAGTGTGCAAACCCGAAACGCTTAAAGCAGCGGTTAAAGATGAGGCGCCGGGAATGGGCACAACCTTAACCCCCCAACTAAGCGCATTTTCAAGCAGCGTGTGCCCCGGGTCAGCGAACATTGGCGTGCCGCAATCTGAAATTAAGGCTGCATTTGCACCGTTTTTTATTTTTTCAATTATTTCAGGTGTGTTTTCTTCTTCGTCGTGCTCGTTCAGGGTAATTAATTCTTTCTGAAGTTTAAGATACGCAAGCAGCCTGCGCGCCTCTTTCAAATCTTCACAGATAACAAAATCAGACTCCGAAAGAACCTTCACTGCACGAAAGGTTATATCTTCCGGGTTGCCTATTGGCGTGGCAACAATAAAGAGTTTACCCGGCATTATTTCTCACGGAGATGTGGTGGTTTGAACCCGCGTGTTATGTCAAACCGGGGATAGTATTCAACAATATTGAAGTTTTTATCTCGAAATGTTCCTCCACTGGGGTAGTAAAAATAGGTTTCAATAGTGTCCGTTGGTGTTGCTGAGGGGCGCCCGCCATTTGAATAGAATTGTACCCGGTAAAACCCCGTTTCATATTCAGATTCTTCCAATTGAGCTAAAAAGTTCTCGTCTGAGAATAATAATTTGTTGTCTGTCACATTATTCATTTTAATATTTTAGATTTTTTGATTAATTTAGCACAAAGATAGTGATGATTTTTTATTTTAGTTAACTATCTGAAAAGCAGTTTTTTTCACCAATTTCCGACGATGCCCTTAATTAACAAAAACTTCAACCCAACTGTTCAACATCCGGCTTCGGTTCAATCTGTTATTTTGGACCTCCCCCAAATTGTGACCGCCGTTGACGAAAATGGGATTTTTGTGGCGTGGAATAAAATTGCGGAAGTGGTGTTTGGATGGACTGCCGAAGAGATAATCGGAAACCCTAAGGCTTCTGATCTTTTATACCCCGATCCCGAGTATTTAAACGACCTGAGAGAATACTGGCACGAGTCAAAAGGGCAATACCTTAATTACATCTGGAAAGTTACCTGCAAAAACGGCGAAGTGAAATGGATAAGCTGGTCGAATATTTCACACGATCACTCTGTTGAAGGATGGTACTCCTGGGCTTTGGGTACCGATGTTACTGAAATTAAAGAAATTAGTGAGAAACTTGAACAAAATGAGGTGGGTTTAAGAACCATTACCCATATTTCTGAAGTCTTGCTCTCTGAACCTGATTTTGACACCGCAA
CP129491.1_gap44	1498758	1499718	960	AAACAACTAAACCCTCAACTCCAACACCCTCAACTCCAACACCCTCAACTCCAACGCTTCAAACAACTACACAGCAAGCACTAACACAGACACCTCACCACCTCAATACTTCCGTTATTTTTCACTAAGTTTGGAGATGTTATTTTTTAGATTTTTGATGAACGGATATTAGATGAAGATTGGAATTACCTGCTACCCCACCTACGGCGGCAGCGGAGTTGTGGCTACCGAACTTGGAGTTGAACTTGCGAAAAAAGGCCACGAAATACACTTTATTTCGTATGCTATACCCTTCAGACTTCACCACTACATGGATAATATTTTCTACCACGAAGTTGAAACAAGCACATACCCTCTGTTTGAATTTCCCCTGTACAGCGATGCGCTCGCAGGAAAAATGGTGGAAGTGATGAGATACGAAAACTTAGACCTGATTCATGTTCACTACGCTATTCCACACGCTACAAGCGCTTATATGGCGAAACAAATTTGCAGACAGCACCAGGATGTGAAAATTATTACAACTCTGCACGGAACTGATATTACCCTAATCGGTTTAGAACCCAGTTATATCCACCTCTTGAAATTTGGTATAATGGAAAGCGACGGCGTAACTGCTGTTTCCCGTTACTTAAAAGAAAAAACCATCACTAACTATGCCATTGAGAAAGAAATTGAAGTTATACCCAACTTTGTGGATACCGAGCTTTACACGCCGAAAGATACACCGGAGCTGCGTTGCCGCTTCGCTCCAAACGGCGAGAAAGTTCTGATTCATACTTCGAATTTCAGAACCGTGAAACGGGTTCAGGATACCATTAAAATTCTTGAAATTGTAAAAAAAGAAGTGCCCGCTAAGTTAATCTTAATCGGCGACGGGCCCGACCGTACCGAGTGCGAACGCTTAGCAAGAGAACTCGGGTTGGAAAAAGATGTTATCTTCCTCGGCAAACAGGATGC
CP129491.1_gap45	1525580	1529848	4268	CCCTTTTCACCTCACGAGTGGTGTTAGTGTTGTTTTTTGCTGCCGGAGGGTCTTCCCTTTTTACCTCACGGCTGCCTGTAGTATTGGTCTTTGCTGCCGGAGGGTCTTCCCTTTTTACCTCACGGCTGCCTGTAGTATTGGTCTTTGCTGCCGGAGGGTCTTCCCTTTTTACCTCACGGCTGCCTGTAGTATTGGTCTTTGCTGCCGGAGGGTCTTCCCTTTTCACCTCGCGGCTACTGTTAGTTTTATCCTTTGCTGTAGGAGGTGTATCCCTTTTCACCTCGCGGGTGGTATTCCTTTCGTTAGATTTTGCCGGCGGATCATTCCGAACAACATCCCTGTTGCTGTTGCGAAGGTCATCGGTTGATTTCACTTCCCTCGGGTTAGTATCCCGTGTAATCTCTCTTACCGTTTCTCTTGCTGCAGCGTCTATCTTATCGGCTTTCAGATCACTGTCGGTTCTGGTTCTGACGATATCCACCTTTATATCCGATCTTTCTGACGATCCCTTAACATCAATCTCCCTGATTTTCACTGTGCCATCCGCCTTATTGTTCATTCTTTCGGCAGCAGTTGTAAATTCAATATCCCTTGTTCTTATATTACCGCCGCCTCTTTCAGCGATTTCTCTCGGGTCGGGTCCCTCGTTTATCACGCGATCGCGGTATTTATAGTTTGAGAACGAATTAGTTCTGTCGTAAAATCTGTCGGCACCATATCCTGTGAAGTAGTAGTTATATGAGTCGTACCTGTAAAAATCGCGTACCCTGATAATTCTCCAGTGGTAAACCGGCAGTATGTAAGTGTAAGAGATTCTGATTCCAAACGAAACATCAAACAAGGCGTAAGGAGAAAGTGGTGCCCATCCGATATAATCACGGTCGAATCTCCATTCAACCCAGGCAGGTGCCCATTCGTATCCGGGTACCCAAACCCAGCCTTCCCAGTTGTCATAGTACCATCTGCCATAGTGGAACACAATGTCGCCAAACGGCTCGTCAGAATCCCAAAACCACCCATACGAAGTGTAAACCCATCTTCCGTATGAGTACGGCTGCCAATTTCTGCTGACACGGTACGGTTTCCAAACAATAACATTATTAATCTGTATCCAATTGCCATACGGTCTGAGATTATAATAGAAAGAATTGAATCTTCCGTAATAATTGAAAGAATTGGCGCTGTTGTAAGAATTGGCGCTAACGGTCGTGTATTTGTTGAATCCACCTTCTCGCAGGTTTCCCTCGGCGGTCGCCATCGTTGCTACGAAAGCGAAAATCATTGTTGTATATACTATGCGTTTCATTTTGAACCTCAAGTTGTTTGGCTCTATGACTTCAATAACCGTGCCAAAATATTTCTTACGATTATGCGCCGGTAAAGCAACTTTTTACTATATTTAACTGTTTACTTTTTTGAACATCTGTTCAATCGAGAAGAATTAAATTTGTTGAAAAATTAAAACTGAGGACAAAATGTCGAACGAAATAATAAAAAATGCTTTTAACAAAGGGTTAACTTTTGAAGAGTTTTTAGAAAAAGCCGATCAACAAATTAAATCAACTGACCCGGCCGGATTGGACCAGGAGGCTAAAGACTTATACGAATATACCAAACTTAACTTCCACAGAATGCAACGAGTGCTGAAGGCTCACCCCGTAAATGAAGAAACAGCGAAAAAAATTAAAGCGATTGACACAAAACAAAAATGGATGGTTATCACTGAAAATTGGTGCGGCGACTCAGCCCAAAGTTCGCCCGAATTCTTCAAAATGAGCAAACTGAACGATAACATCACCCTCCGGATTGTAGAACGGGATACTTACCCCGAGGTGATCGATCTTTACCTTACTAACGGCAAAAAAAGTATTCCGATCGTTGTTGCATTTGATGAAAACTGGAACCAGTTGTGGAAGTGGGGCGCAAGACCCGAAGCCTTGCAAAACGAGATGAACGAGTGGATGAAACTTGAGCTTCCGAGCGAGGAACTGTTCGAAAAAGTACATATCTGGTACAGTAAAAATAAAGGTAATGAACTCTTCAATGAAGTGAACTCTCTGCTAAAATAATTCGTTTTCGTTATAATTATATCTCAGTATTGTTTGATATAGATTTAACGAATTTAAGGTTATGATAAATACAGAAAAATCTAAACTACTTAGACTAAGAATCGACAAAATCGTCCACGAAACCGAAGATACCGTTTCCATTTTATTTTCTGATATCCACGGGAAAGAATATTCCTTCAAACCGGGGCAATTTCTCACTTTTGTTTTCGATCGGGATGGAAAAGAGGTGCGACGGTGTTATTCCATTTTCACCACCCCTGATGACCTGCCGCAAATTGGCGTTGCTATTAAAAAAGTGCCCGGTGGCTTCGTCTCAGACGGAAGGCTTGATAATCTTAAAGTTGGGGACGAGCTTGATGCTTTGGTACCAATGGGCAACTTCACACGAAAGGGTGACCCTAAAAAATATCTCCTTCTCTTTGGTGCAGGAAGTGGGATTACACCACTTCTTTCGATTATTCAAGATTCCCTGAAAGACCCTTTCGTTGAGCGCATTACGCTTCACTATGCCAACCGAAACGAAGATAATATAATTTTTAAGGACAGGCTTGAAGAGTTTGAAGTGCAGCACCCCGGGAGATTTCAGGTGATACACCACCTTTCGCAGCCAAAAGATGAAAAGTATAAAAACCCCGGGAAGTGGGATTTGGATAAAATTGTTGACTTCTTCAAAAGCTTCCCCGAAGAAGAAAAAGCCGATACAGGTTTGTTCCTTTGCGGACCGCAATCTTTGATGGAGCATATTTCACTCACTGCAATAGATTATGGCTTCGATAAAAGGTGCGTGCGCCGGGAGGTGTTTGCATTTTCGATCTCCAACGAGTCGCGCCTGCCGATGGAAACTGTGGAAAGAGATGTAACCATTATTTTCGAAGGGCGTTCTTACGAAATAACCGTTTATCCAGGGAACTCAATCTTAGATACTGCGCTTGAGGCGGGGATCGATCTACCCTATTCCTGCCAGTATGGCTCATGCGGAACCTGTATTACTAAACTCGTTTCAGGAAAAGTTGTAATGCAGGATCAGACCGCGCTTTCAGATGAGGAAATTGCAGATGGTTTCTGTCTTACTTGCGTGGGCTATCCGGCAAGCGACCATGTGATATTAAACTACGACGATCCATCGCTGTAGTTAATAGATTTTTAGCTCAATGCAGAAGGCTCAACACCCTAACAGCTTAAGTTAATTTCTTACCGGCAGGCGGTTGGAAAGAGGATTTGCTTTCACCCGGTCAAATTTTCACTCTTCGTTCTTCACGAACGAAAGACAGAATGGCTATCCCCATTAAAAAGAAAAACAGAAGTGAAAGTATTGCAAGCCTTTGGTTACCCGTTTCAGAACTTATATACCCAAACACAACCGGACCTATTACCGCTGAACTTTTGCCAAAAAATGAGTAAAAACCGAAAAACTCTGTCTTTTTATCCGGCGGTGTAAGATCCGACATCAGCGCCCGCGCAGTTGATTGGCTCGAACCCATTGCTGTGCCGGCAAGAAGCCCCACTACATAAAACCAGAATTTTTCCGTTACTATATATGCACCACCTACAGTAATAAGCCATATAAAAAGCGTGATCAGCAGTGTTTTTTTTCTTCCGATTTCATCCGCAATTACCCCGAAAATAACCGAGCCAAGTATTGCAGTGCCCTGCACAGTAATAAAAAAGATAATCAGCTCTTGCTTTGTGAACCCTAAAGTGGAACTTGCATATATTCCCGAAAAGAAAATAATTGTGTTAACCCCCTCAATAAAAAAGAAGAACGAAAGCAGAAAAATTGCCAGATTTTTATACTTCTTCAGGTGCTTTAAGGTATCCCAGACTCTTTTAACACCAATTACAAAATAATCGCCGCTTTTCCCCTCCTCTTTTCTTTTATCTTTCAATAAAATTAATGTGGGAAGTGCAAACAGGAGGAAAAAGAGTGCTGCAACCGGGAAAGACTCGCGCACCAGTTCCATTTTTATGAAAGGAAAAAGTATAAGAAGCGAAAAAAGAGAACCCAAATACCCCATCGCATAACCATAACCGCTTACCCTGCCGAAGTTTTTAGGATGTGTGATTTCGGGAAGAAAAGAATCGTAAAAAATCAGCGCCGCCTCGAAGCCTATGTTCCCGGTGATGAACAAAACTAAACCAAGCAACACTTCCCCGGGTCCCACGAAATAGAGCAAAGCCGTTGAAATTATGCACATTATT
CP129491.1_gap46	1539247	1540316	1069	ACACCGATGATGAAATACATCGGGATGAGCATTGCTTCCCAAAATATGTAGAAAAGGAAAAGATCGAGCGACATAAAAACGCCCAACATCCCCGCTTCAAGCAACAGCATGAAAAATGTAAATTCTTTCACTTTGTGCTCTATGCTCTTCCAGGTGGAAAGAAGTGCCAGCGGCGTGATGAAAGTCGTAAGAAGCACCAACAACAGCGACATACCGTCGATCCCTACAAAATACGATATCCCGAGCCCCTTTATCCAACTTGCTTTTTCTACAAACTGGAAGCCGGGGTTGCGCGGGTCAAAATTGTACCAGGCAAACAGGGAAACCAAAAAAATCACCAATGAAATTACCAAACCGGTAACACGCAAAAGTGAGCCGTTTTCACGCGGGAGCAACAATATCAGAAGCGATCCGCCTACTGATAAAATTAACAATAAAGACAAAATAAAGTTATTTTCCATCAGAAACTCAATATTATCCAGAATAATGCACCAACGATCGTGATCATCATTACAGCGGCATAGAACTGTGCTACACCCGTCTGGAACTTCCTGAGGTGTGCCGAGAAGAAACTTACTACTTTTGCAGTTCCGTTAACTGCTCCGTCTATCAGTTTTGCGTCTGTAAATCTGAACAAAAATTTATCCGATAACCCGACCAGTGGGTCAATGATGGTCTTTTGATAAAACTCGTCAACAAAATATTTGTTATAAAGTGTTTTGTACATCCCCTTGAACGACTCGGCAACATCTTTCGCTATTTGTGGGCGCTTAATGTATATATGCCGTGCGAGCATTATTGAAGCTACAGCTCCGATAACAGTAAGCGTCATCAGAAGATACTCTTCAAAGTGGGAGTGAAAGCCACCGTGTGCTATTTTGCGGGTTGCATCTTTGAAAATTGGGGCTAACCAGGAATCCAACCAGTTACCGGACTCGCCAACAAATACTTTTGGTAAGCCAACCCAACCACCAACGATTGAAAGACCGGCAAGTATCATCAACGGAATCACCATCACATTGGGTGACTCGTGCGGGTGAACATGGTGTTTATCGAATCTCTCCTTGCC
CP129491.1_gap47	1542416	1546524	4108	TTTTCCCCGTTATCATCATTACTGCGGATACTACAGCAACCAAAGCGAAAAATCCGAACAAGACCTGTTCCAGAGTCATGAAAACTTCCTGAGTTGGTAGTTTAAATTCAAAATTAATCAAAACACAAATATAAGTTTTTGATTTATCTTAAAAAAAAATATTCTCCGCATAACGGCTTATTTAACCGTTAAAACTCTACTCTGAAACTGGGAAGCACCCGGTTTCAGACTTTCCAACCCCGCAAAAATTGATTATATTTGCAGGCTAAAAACTTTTGTTTCAATCAATTGGAGTCCCTTGCCGGATGAAACCTGCTGAACTTACCGCAAGAGAAAAAAATATCTTAAGATATATTGTGGATCAGTTCATTCTCACTGCCGCACCGGTGGGAAGCCGGAATATATCAAAACGGTACGATATCGGGCTTTCACCGGCTACTGTAAGAAACATAATGGCTGACTTAGAGGACTCCGGCTACATCAATCATCCGCACACTTCCGCCGGCAGGGTGCCTACTGATAAAGGGTACAGAATCTATGTGGATGCGCTGATGGATGAACCCAAAATTGACGGGCATACCCGCGACACTATTACCGCTGATTTCAAAAACAGAATTGTTGATATTGAAGAAATTTACAACCTTACTTCAAAAATTCTCAGCAGGATAACCGATCAGCTTGCGTGCGTGGTTTACCCTAAAATTGAAACGGGGGTTTTAAGCAGAATTCAGTTAGTGTACCTCTCTTCAAACAAAATTTTGGTGGTAATCAGTATCGTTTCCGGGTTGGTTAAAACTATCACTTTGGAACTGACTGCCAATATTGAAGAGGAACAAATTGAAGTGGTGCAACGCCTTCTGAACGAACGGCTGGCAGGTTTAAGGCTGAAAGATATTAAGGAAACGATTACCGAAAGGTTGAAAGACCACGATTTAGCCGGCAACCCTATTATTTCGATGCTTTATGACTCTGCCGATAAAATTTTTAACGACTTCAAAACTGAAGAAAAAATTTTGATTTCAGGCGCACGAAACCTACTTAAACATCCCGAGTTTGAAGATCCCCTGAAATTTGAAAACATCGTGGAATTAATTGAAGATAAAGATATTATTGTACATATTTTCGAGAACAGTTCCGGTATTTTTTTGGAGAGGTCAGCTTCGGTTAGCGGCGTGAACATTATGATCGGCAGCGAATTGCCCTATATGAAGTCCGAAGACTATAGTCTTGTGATGAAGGAATACCAGGTGGGCGACAATTCCGGCGCAATGGGCATTCTGGGTCCTAAAAGGATGGATTATGCAAAGATTATCGCTATTGTTGATTATACTGCCTGGTTGCTGACGGAATACCTTTCGGGGAACCAACCGGCGTAGGTAAATCAACTTTTTTAAGATTCAACCGTCTTATATTGAACGATTTTTACCTTTTTATTAGTTATTAATATTAATGGAATTGTTTATGAAATTAAACAGTAAGTTAAGGAAAATGAAAGAAAAAAAAGTGAACAACCAAAAAGAGAATAAAGATATTTTAGAAAATGAGATTAATGAAGAGGCGGCTGATTTGAACCCGGAAGAAACAGAGCAAAATCTGAAGGGGCAAAAAGAAGAATTATCCGCAAATTATGATGAACTAAAAGATAAGATTGAAGAACTTAGCGGGAAAAATGAGGAATTGCTGGCTGAGTTAGAGAAAGCCAAAAACGATATCGATTCTCTGCGCGATGTTCTGCAAAGAAGAATAGCCGAAATTGATAATATTAAGCGCAGGCACAGAGATGAAATGCTGAAAATTTGGGCGGACGCCGAGGGCGGTTTAATTACCGAACTTTTGCCCGTAATCGATAACTTTGACAGAGCAGCTGAATTTGCCCCAACCTCGGAAGATAAGGGGAAAGTTATTGAAGGTTTCGTCTTGATACACGACTCGTTAATGAAAATTTTGCACGAAAAAGGGCTCAGGAAAATTGAGGCGAAAGGTAAACCTTTCGATTATAATTTCCACAATGCTGTCGGTAAATTTCCTAATACGGATGTGGAACCCGATACTGTGCTCGAAGAAGTTAAAACCGGCTACATCTATAAAGACTCTATTATCAGGCACAGCGATGTTATCATAAGCGAGGCTCCCGATCAGGAAGATCAAGACGATCAGACAAACGAACTTTAGGAATTAATTTAACCAAAAATGAGTAAAAGAGACTATTACGAGGTACTTGGGGTTAGCAAATCTGCCGGAAAAGATGAAATTAAATCTGCTTATCGTAAGATTGCTATGAAATATCATCCCGACAGAAACCCCGACAATAAAGAGGCGGAAGAAAAATTTAAAGAGGCGGCTGAAGCCTATGAAGTGCTGAGCGATGACGAAAAAAGGGCTAAATACGATCGCTTTGGCCATCAGGCTTTCGGGCCCGGTAGTGGTGGCGCACAAGGCTTCACAGACATTAACGATATTTTCTCTCACTTCTCAGATATTTTTGGAGGTGGCGGGGGTGGGTCAATTTTCGACGATATTTTCGGCGGGGGGCGTAGCCGTTCCGGTGGCAGAAGAAGATCAGGCGGCACTCCGGGAAGTGACCTCAGGGTTACTCTCAGCCTGAAATTGGAGGAAATTGCCACCGGGGTAACCAAAACAATTAAGATTAACAAATTTGTGAAGTGCGACTCGTGCCACGGCTCAGGCTCCGAAGGCGGGGCAGCCAAAAAGACATGCTCTGTCTGCAACGGTACGGGCGAAGTCCGGAATGTTTCGCGCTCAGTTTTCGGGCAATTTGTTAACATTCAGCCATGCGCCAACTGCAACGGCGAAGGGCAGGTTATTGATAAACCATGCCGCAAGTGCCACGGTGACGGCAGAGTTAAAGCGGAGGTTACTGAAAACATTGAAGTGCCGGCTGGCGTTTCTGACGAAATGCAACTGAGCCTGAGAGGGAAAGGTAATGCCGGGCTGAGGGGTGGCCCCAACGGCGACTTGCTCGTTGGCTTCAAAGAAGTGCCGCACGAACACTTCAAACGAGAGGGCGCAAACATAATTTATCAGCTGTTTATAAGCTACCCGCAGGCGGTTTTGGGCGCAGAAGTGGAAATACCGACGCTAACCGGGAAAGCGAAACTTACGATTGAATCGGGCACAACCGCCGGAAAAATCTTAAGAATGGCGGGCAAAGGTTTGCCTAACCTCAACGACAGAAACCACAGAAAAGGCGACCAATTGGTTGAAGTGAACATTATCGTGCCCAAAAAAGTGAACGCACGGGAAAAAGAACTGCTGAACGAACTGCTTGCACAACCGAATGTTTCGGGTGCTGAAGGCAACAGTAACTTTTTTAAAAAATACTTCTGATAAAAGTTGAAGAAAACCACCGAACGGCTAAGCGGTGCCACAGGGCTTACAAAACTTGAAATTACTGCAATTTTTTTCATTGTTGCCTCGCTGCTGGTTGGTTCGGGGTTTTTTCTGCTCGGCGGCGGTAAAAACACTGCCGAACTAAAGCCAAAAGCCGATAACGCCTGGAACGAACTTCAGAATGAAAAATCTAAAATTAGCGGAAACAACGGAAACAACCGGAAAAATGAAAATAACAGAAACGGAAACGACACAGTAGCCACCGGTTCTGCTGCGGATGATGATTACGGCTTCAACTCAACCTCCGGTGATGATATAAAAAGCGACCCTTCAGCTGAAAACGGGAAACAGGGCGGCAAAACTTCACGAAAAAAGGTGTATAAAACCATAAATATCAACACCGCCACAATCGACGACTTTGATCAGCTGCCCGGAATTTCTACCGAAGTCGCCGAAAATATCGTTAAACATCGGGTACTCAAAGGCGGAAGCTTCAAAGATATTGAAGAACTTTTAGAGGTTAAAGGTATCGGTAAGAAAAGATTGGAAAAAATTAAACCTTATTTGAAATTTTGAATGAACAAACTGATCCGGTTTTATCGCCGTTACTATTCGACCTTCAACATCTCAGCCATAGTCATTCTGGCGCTTCTGCTGATAAAAGTTGCTTATCTCGACCCCTCCGATTATGCACAGAAAGAAGAATTTTACAAAACAGAAACCAGAATGCGTCTTCATAATCTGAGGGCTGCCGAGC
CP129491.1_gap48	1549722	1550869	1147	TTATACTTATACTGATATAACTAAGTTTCAATAACTGATTTTCAGGCAAACTTCGGTAAAAATCTAAAAAATTCTAAAGATTGTCCAAAAAATTCTAAAGAAATTCTACGAAAGCTTCTCAGTAAGATAACCCGTCAGTTTAGAGGCATCAACCCGGATTTGCTCCATACTGTCTCTTTCACGGACGGTAACGGTGTTATCTTCCAGTGTTTGAGTATCAACAGTAATGGCGTAAGGGGTGCCAATCTCGTCCATTCTTCTGTATCTTCTTCCGATAGCGGCTTTGTCGTCATAGAAAATCTTAAACTTAGGTCTGAGTTCATCTTCAATTTTCTTTGCAAACTCGGGCATACCGTCTTTATTAACCAACGGAAGAATTGCCGCTTTAACCGGAGCTAATCTCGGATGAAGATGAAGCACGGTTCTTGTGTCGCCGCCGAGATCCTCCTCATCGTAAGCATCCACCAGGAACGCCAAAAATGATCTGCTTGCCCCGGCTGAAGTTTCTATTATGTAAGGCAGGTATTTTTCTTTAGTCTCTTCGTCAAAATATTTCAAACCTTTTTTCGAGTATTGTTCGTGCCTGCCGAGGTCGAAATCGGTTCTGTTATGAATACCCTCAATTTCGCCCCACCCGAATGGGAACTTGTACTCAATATCGGTTGCTTCCTTTGCATAATGCGCCAGTTTATTAGCCGGGTGATCGTGATACCGTAAATTTTCACTCTTCATTCCAAGTTTCGTAAACCAGTTCATTCTTTCTTCCTTCCAGTAATCGTAGTATTTTTTATCATCGGAAGGTTTAACGAAATATTGCATTTCCATCTGTTCAAATTCTCTGGTCCGGAAAAGGAAGTAGCGCGTGTTAATCTCATTACGGAAAGCCTTGCCTATTTGCGCGATTCCGAACGGAATTTTTTGGCGGGAAGCACCCTGAACATTTCCAAAGTTAACAAAAATACCCTGTGCGGTTTCCGGGCGTAAAAAGATAGCCGAACCCGTCTCTTCAACTGAACCAAGGAAAGTTTTGAACATCAGGTTAAATTTGCGCGCAGGCGTGAACGAACCCGGTGTTCCGCAAACCGGGCAGTTAAGAGCCGCAATTAACTTTGCTGCCTCGCCTGAATCAAAAAGCTCGGTGATAAAA
CP129491.1_gap49	1554681	1558805	4124	TTCTTTAAACCGGGTTTCATTCCTTCGTATAAAATGAACTTCTATAGCCCACATGGGAATTTTGAGCAGCGGCTTAATGCGCAGCAGGATTTTCGGTTCTTCCCTGTGCCGCTGAATTTCATGGCTTCGCATAAGGAATTTCACGATTTCACTCCTGAATCTTCAGTTGTTATTAACGGCATAAAAATTTCCAATACGGAATTACATCATCCCGGTAAATCTTACGGTTACAGAGTGGAATACGGCGGCAAAGTTTTTGTGTATGCTACGGATTCAGAATACAATAATTTTAATACAAAACGATATGAACGCCTGGTTGATTTTTTTAAAGATGCTGATGCTTTAATTTTTGACGCTCAATACTCGTTCGACCAGGAAATCCAACGGATCGACTGGGGGCACTCTTCTGCTTTTGCCGGCGTGGACCTGGCTATTCAGGCAAATGTTAAAGAACTTATTCTGTTCCACCATGACCCGGATAATACCGACTTCCAAATACTGAGCCTTTACGATCTCTCGATAAAATATCTGGCTGATAATTATCCGCAGAACAACCTTACAGTTACTGTGGCAAGAGAAGGCGCTGAATTTAATCTCTGATTTGATTCAGTTAATGTTTAGCCCGGCGAATAGGGGCGCTGAATTTTGTTGGTGGTTAGAATCAATCAATGTTTAGCCAGGTGGGTGGGTGCGCTGAATCTAATTTGTGATTAGATACCCGTTTAGGTTTGTTCGGCAAGTGTAGAAGCTGTTTTGAATATGCAAGTCTTTGAAACGGCAATATCTTCCCGCTAATATTCACATAAAAAATCTTATTTACGAAGAACAAAAAATTCAGAAAAGAATAAAGATTTCACAAAAGAAGTAAGATATTCACAAAAGAACAAAAAAAAGGCTGCCTGACAGGCAGCCTTTTTTCGGTTTCTACAATATTTTGACTAATAATTTATCCTGAAAATTGGCGAAAATGCCACATAGATAGATTCACGATAGCCGGGAATTGGGTCACTCCCGAGTGCAGACCCACTGTAGAATTTGAACTCAAACCCAATAGAATTTCTCACCATGAACGAAAGATTCAGGCCATAGTAAAGGTTCATCTCCGAGACATTAAAATAAACTGTCGGTGCAAACTGATAAGCAAAAAGTGCATAATCTTTTGAGAAAATTCCCTGAGCCTGAACATAAAACTTTGTGAGGCTGTTAATTGCCGGATATTCAGTAAGTATTGACGCTGAAGGATCGAGGTGATATTGTGTTACATCGTAAATACCCACACCAAGTGAAGCTCCAAGGTTTCCAAACGGGCCCAAGGGGACAAAATTCTTTCTTTCGAATGTAAGATCAACCGTGTTCCGAATCGAATAGATATCTGCAACTTCGTTAACAAATTTAATCTCACCCGGCTCGAAAGTGTTCATTGTAACTGATCCTTGCAGTTGGATGTCATAGTTCCTCCAGTAATCTCCTATATATTTAAGGAAGTTGCCTTTCACATTGAAATAGAGATTCTGACCGGTCATGAAGTACCGTCTGCCGTGCGGCACTTCCTTATTTGCAAAAGGAAGAGAAAGCGGAACTCCCATACCAACATCGAAAGAGAATATATCGTTAGGGCGGTTGTTCAAAATTCTGTCAATATAAGTAACACGCAATCCGGCATTCATTACCGGCGAGTACCATCCCGGTATTGTTATCTTATCGTTACCCCATTCACCAAAAGCAGAAATCAGATACTTGTTTTTATCGTTCGTTGTAAAATTGTAAAAAGTAAGATATGGTGAAAGTAAACTGAAATTTATATCGAATTTATATAAAAGTTTTTCATCATAATACGATTTTGTTACATCGTTGAAGGCGTACCGTTGTGCTTTCAGCAGTTCGTAGTTTTCTTTACCAACCACATCCTGAATCCGCACATAATCTTCCACGGGATCGAAAAAATAATCGAGAGAATCGGGGGATTTCTGCAATCTGTCTTCCGAATAAAATCTGAAATTGTTTATTTCGTCGTCGTAAAAGCGCTTCCTTAGGTCGATGAACACTTCACCGTTATAAATATCTTCAACTTTTTGTTTAACAAAGTCAAGTTTCGGCTTTTTGCCGTCTAAACGGAGAGCATTATTAACAAGAAATTTGTTAAAAACTGCACGAACCAGAACCGGATCGATTACAATCCACTTTTCACGAAGGTCATTAAATGCTGAGGTGTTATACTCAAGATTACGATAAATCTGATCCAGCACTTCCAATTTATGTTCATCTGTTACGCTGTTTTGAGCATACAGATTAAAAGACGCAGGAACAATCAGCAGTGCAAAAAGGAAAATTTTTATCTTAGAAACCATATCTGTACCTCAGCTGAACGAATGATTGTGAACTTTTACTCTCCCATGTTTCCGGTTCACGAAATAATGAGGCAGTAATGCTCGAAAATTCGACTCGGAAATCGTGCCCGCCGGAAAGTTCCAACAATTTAAGCCATACTTTTGCCGTAATATGGCTGTCGAAATAGCGTGCGTCAACCCCAAGAAATTCAACTTCATTAGGGACGAAGTTCACTGAAAGCGCAACAACCGGCTGAATAACATCTTTCATCTTTTTCCTTAGGGTGGTTCCCTGCGAATAATCCGCTTCAATTACATCGAAGCCGCCAACTCCTAAATCCATTTTATAACGAATAGCCCTTTTGTCTGAGTTGTTCCAGAAGAAAGACATTGTCGATTCCCACTGTGTAAAAGTGAAGTAAGCTTTTCCACCGATGGGATAGAAAGGATCATCAAATTTCTCGGGCCCATAAGCGAAATAAAGGTTCAAAAACGGCATGCCCATAATTCCGGTGGTTTTAGCGTCAACAATAAACGCACTGCCCACATTCAGATTTATAGGGTCTCCGATAATTATGGGAATATCACTTAAGAAAGAGCGCATATCCAGACGAAATCTTCCCATCAGTTTAGCATCAATCATAAGATCCGTCATCGGGTCAACAGTTGTACCGGCAACATTAACCAATGCCCTTACACCTGCGGTAACAGTTTGCGAGCGCCATGGAAGCACATTTACAACTGGTGTGTTTGTGTTTGCTTCAACCCCAATCAATCCAAATCCGTAATCCATAACCGGATGGAAAAAACTAAGTGCTGAAAGCGAGGCATCTATTGCCATCGTAGGTGCCGCAGCACCGGCAGGCTGTTGCGAACCTCTGCCCCGTCCTCCACCTGTGGTTTTCTGCTCTTGTATTTTCGGGTAACGATGCAAACCGTTGGTTTTTTGAAAGGATATAAAATCTAAGTTATTGTCGGATGACATCCCTCTGATTATTTTTTCCTTCTCCCGTGTATCTATACCAAGCAAAGAAACGGGTTGGTTATCAGCTAATTGAGCATTCACAAAAGAGACTAACTGCGTGTAAACAGGGCTGCCTTGAAAGTAAAGCTCCTGTAAATCCTTAAACTTAACGGCTAAGTTCGTGTCAGGCCCACCCGCAATGTTAGTTCCAAATATATTACCGTCTGATTCAGGCAAACCGACCTCCAAAATGTAGAGAAGCACGATCGAGTCGTTTTCTAAATCGGGGTATTTAAAAACGATACGATAATTGTAGTCACCATTAGACTTAAAATTAAAAGTGCCTCTACCATCAGTTAAAGGAACCGCCGGAAGAAGGCTCGCCATTTTAGCATCCGGAGTGAAATCAAAAGCGTAAATATCCAGATAGTTTTTATCGATTAAAAGCTTCCTTTCAATTATCCTATACATTTCATCAGTGGTTTGAGCGAAAACACTTAAAGATATGAAAGTTAGTACAGAAAGTAAAAATTTAGTCATGTTTCTGTCTTTGATTAGGAAAGAAAACCCGGTGCCCTGCCGGCACCGGGGTAATGAATTTTAATAATTGATCCTTAGGATCGGTGAAAATACAATGTAGGTGTCGTATCTGTATGGATATTTCTTTTTATCCAGACCAAACGAATTATAAACACCGACATCCAAACCGAAGTTACCTGTAATCATTGCGAAACCTTTAAGCCCGTAATAGCCGTAACCATCAGTTCCATAACCGAAAGCCAGATCAAAAGCGTGTTGAACCAGCCCTGCATTCTTTCTTAAGCCAACCTCTA
CP129491.1_gap50	1563747	1566544	2797	ACCGGCGACCGTTCCCAATCCTCTGAGACCTACAATAATAATAAGTACAGCTGCACCCATATACACAAATCCTTGAATGTTGTTTGCGTATCTTTCGACAACCGTATAAACCATAAAGCGACCGAACGCAGTTTTTGGTGTGTTGGCGGGACTTCCGTTAGCCATTTTGACTCCTATAAATGATAATGAAACCGATTAATTATTCTTTAAACTTCAAAGACCTCAAATCTTTGGTTTTCGAGGTGCATATTATAAAAATCTTTTGAGTTTAGCAACACTTTTCAAAATTTTAGATCAAAATTAATCATTTTTTTTGAAAAATAAGTATGATTTAAATCAAATTTTAAAAAAACTATATATCAAACCATTTAAAAAAACTTTTTAGGGCGTCTTTTCGGTCATCAGGGATGAAATAAAAATTGATTCCTCTGGGTGTAATTTCCCAAAATTCCTCATTTTGAGTTCCTAAAATGATTTCTTTAATTTTTCTTATTCGTTGAATAGGTTCAACTTTTAAGTCATTAAAAATTCTTTTTGCCAAGCCACTTTCGCCATTTAGCAGATAAAAAGCAGCTAACCTGATTTGCGCAATTCTCACCCCGATAAGTGAAATTTCTTCTTTACTTTCGCCGGCGCCTTCAGTATCTTCTATTGGCTGGTCCAAAGTCAGGAAGATATCGAGCAATTTATCAATATTTTCCGTTTTTTTCTCATAGGCTCTTTCATTAAGAAGGCACATATCGTAGGCGGCAGTTTCCAAAATAAAAAGCACATTATTTTTCACTGCTTCATGCCCATAATACTTGAAATAGTATGAAAGGTCTTCAGCCAACTGTGGTTTATAGTTGAGAGTCTCTTCTGCCATCAGACGGTAGTGTTCCAAGGCTGTAAATACAGTTCGCGGGTCTTTCTCCCGAATACCTATCCTTAGGAAAGTGTTCATATATTGGAACGACATGTGAAGTGTATCATCGTCTTTGTTAGTCATTGCATTTTTGGCAATATGTTCCATACTTAACAAAATACCTGACATCACATCCCGCATTGATTTTCTTCCGTATTCAAACAACATTTCATATAGCCTGAAAACTTTCGTCTCTAAGAAAATTCTTTTTTTTGCAATATTATCTAAAACATTGGGAGCAAAGCTTGCAAAATCGGGGTCAAGCAGCACATCTCCGCTCAAATCATTCCATCTTTCAGGAAGTTTTGATTTAAGCCCAATATAACAGGAAAGAACATTCCTTAGCGAGGTGATACACATCAGGGTGGTTGCTCTGTCACCCGCCGTGATTGAGTTAATCGCCACATCACCTATAAAATTGATTTTATCGTTTACAACAATTTTTTTTTGTTCAACAAATTCTTTGTTGTTTCTTCCGCCGTTAGCCACTCTTTCAAGTTCGTTTCTTATTTCATCTTCAACATAAAGTAGAAAATTATCAGGGCGTAAAAAGTGAAAAACATAGTTGAAGTGGGGTATAACAATAACCAAACTCATAATTACCAAGAAAAGAGTCTGTGTGATTGTGTAAGCAAATTTAGCTGTCTCATTTGAATTAAGCGTATTCATCGCAATCACGGTAACAACAGCAGTTATTACATATATAAACAGAATAATCACATTTACTCTGTTTTCGAAGAAAAGCTCAAAAATTTTCGATGAATACTTGTTTGCAGCCAACTGTACGATAATAGCAAGCGCTGTAATCTCAATAGAAAGAACCGAAGTAACCACCTCAGCCAAACCACCGAGTGTATTACTGAGCAAATCTAATTCTTCAGGAAAAAGATGTGTAAAAGGGTTGTATTTTATTAAAATAAAAAGGTGATCCACTCCCCTTCCAAAAAGATAAACTACAATTGCGGAAACAAACAGTACAATAAAAGGTTTTATCCAGGGAACTGAAATTTTGGAACGGCTTCGCGGATTATTTGACATTCTATGTTAAGTAAAAATTTGAAATTGAACTACAAACTTAATAAATTGAACAAAAAATTCACTCATGGCAAGTCAGCCACCTTCTGTTCCGTAATGTTTTTACTGTAGGGACCACCCTTCGTGTCAGGTTCAAACATTATTTGTGCATTAACGAATTGTGCAACGCACAAGAGAATAAGTAACACAGAAAATTCTTGTCTCTTTTAGTTCCCCACACTGAAGGATTTCGCTATATTCTTAAATATTCTTTATTAAGTGAAAAAGTAAAAAAATAAACTCCAGATAAATAAAATGACAAGTAAGAAAAAGACAAATAAGGGACCTAAGATTTATCTCAGGCATAAAATAAAAAAGGGGCAAAACTCAACACTTTGCCCCGAAAATCAGAACTAATTAATATAACCTATAGTCTTCAACATTCCTGCGTTGATCAACAATTTCTCCTACTTCAGCAATTGCAGTTTCACCTTTTCTTTTTTCACATCCGACCCGGAGACAAAAGTGATTTCAGCAAAATAGACTCCGGAGGCTGCGCCGGTTTTTCCCAGGTTGATCTCTTCCTCATAGCTGCCTGCATACTTTTCTCCAAGATCGCGCTGCACCATCAGTTCGCCTGATATATTGTATATCGAAAGCGTAACCCAACCCGTGGAAGGAACTGTATAACTGAGCTTTGTCGATGGATTGAAAGGGTTCGGGTAGGCTTCTATTTTTACGGACTCGGGGACTGATTGCTCTGCCTCATCCTTAACCGATACAAATGTCCTGTCCCCGGCAAATATTACGGCAAAACCGGGTTGTGTAACATACCGATTGGTTATAGTTGATGTGATAAAATCGTCAACACCGTCTCCG
CP129491.1_gap51	1723962	1724478	516	GCCTCCGACAGAACAGGCACCTTAAATATCTTCTCGTTTAACCTGAAAACGAAAGAAGAGAAACAAATTACCTCGTTCACCGATTTTGATGTGAAATTCCCTTCTATCGGTGGGAATTTCATCGTTTTTGAGAACGGCGGTTATATCTGGAAATTGGATGTTACGAACGATAAGTTCGCTAAAGTTAACATTACTATTCAGGACGATTTTGCCACCGGGCGCGACAAAATTGCCGATGTAAGCAGATCTATTGCCGGGTGGGATATTTCACCCGACGGCAACAGAGCCGTTTTTTCTGCCCGGGGCGACATCTTCACCGTTCCGGCTAAAACAGGCGTAACACGAAACTTAACGGCAAGCCCCGGAGTGCATGACAGAAACCCTGCCTGGTCGCCCGATGGGAAATATATAGCCTACATTTCAGATAAATCAGGCGAAGATGAAATTTACATCAAACCACAGGATGGCAAAGGCGACGAAATAAGGCTGACAAAAGGCGGCGATGTTTATAAATTC
CP129491.1_gap52	1740746	1744884	4138	CGGAGAAGATTTATTTCCAAGAGATTTTATCATTAATATAAAAGCACCGACCAATTACATTGGTGCAGCTAAAATTTTCGGTTATGAAAATATAAATTCTGAATTCACAAATGAGCCTTTGGATATTTTCAGAGGAATCAGCGATTATGATCCGCCATTTTTCAGTACAATTAACAGAACAAACAAAGATGTTTTACCAGAAAATCTTCCCCCAAGTTTGGAAAGCGCTATAAAATCTTTCATTCTGGTATGTGCTGTTCGCAGAGTGCGAGGGCACAAAAACAAACACAATTCAATGTTGATTCATGTTGCCCGATTGGTTCGTTGGATTGATCGGGTTGCTTATTTGGTAAACAAAAAAACAAGAGAATACAAAAACGCAATTGAAAGCGAAGATATAACTTTATTGGGTGAACTGAAAGCAATATACGAAGAAGACTTTTTGCCAACAACTAAAAATGTGTTGGATAATCTCGATTATACCGATATCAGAATAAAAGAACATACCTGGGATGAAATCAAAAAAGAATTGAAAAAAGCGGTTTCGAAAATTGAGGTTCGTTCCGTTCATGGCACACGCTCAACAGCAAATTTGGAATATCACAACATTGAAGAAATTGACTACAACCGTTACGAAAACGGCTTGTCAGTTATAGCCGTTGGCGGAACCCGTTTGTCAAGAGGAATTACTTTGGAAGGCTTGTCAATTTCCTATTTCATCAGAACAAGCCGGATGTATGATTCGCTTATGCAAATGGGGCGGTGGTTTGGTTACCGTACCGGTTATGTTGATTTGTGCCGGCTATACACAACCAATCAGATTTTTGAGTGGTTTAACCATATCACAATGGCAACCGAAGAAATGCGAAATGACTTTGACGAAATGACAATAACGCACCAACGACCGAAAGATTTTCTTTTAAAAGTTAGAAATCATCACGGTTTGCTGACCATTACAAGTTTAAACAAACTGTATTTTTCACGGGAAATAGAAATTTCATTTTCAGGCAAAAATCCGCAAACCACTTGTTTACTAAAAACAAAATCAGCGATACAAAATAACTTTAATGCTTTAAAAACTTTAATTGCAACAATTGGTTTTCCCACAAAAGAAAACAGAGTTGAGAACAAAGGAAGAACAAGATATTTGTTTTATCCAAATACAAATATTGATGCTCTTTGTAGTTTCATCGATGCGTACGAAATTGAACAACCAAGCATTAGAAACGCAACATTAAGCGAATACATCAGAAAACAATCGAGAGAAAATAAAATCAAAGAGTGGAGCATTTGTATTATTTCAAATACTGATGAAAGAGTTTTCATTGATTACAATGGTAAAACGCCAAGAAATGAAAGAAAGACAAACGAAACTCTCTCAACTTATGAACTGACGCATAATGATGAAGTTATAACCATGGGATGTATTGTGCGTAACCAACAAATCGAGCGTAAAAGCGAATTTTACTGGATCTCAAAACAGCAAATAGACCAAACAAGTGACAGATATTTTGATTTGTCAAAAGACAAAGACTATTCAAAAATGACTTATGCAGAAATCAAAGCACAGCGACAAGCCGAAAAGAAAGGTCTTTTACTAATTTACGGGTTAGACGAAAGAGGAACACCAAGTGTAAATAACGGGATCCCGATTGTTGGGTACAGCTTACATTTCCCAAGAATTGATGATGAAATAAAAGTTTCATATACAGCAACAATCAATAAAGGTTTTGATGAAGAAGTAATGATCGATGATGATAATCCGGAAACTGAAAACGAATGATAAACATAAAATCAATTTGGGAAAATCAAAAGCCAACGGGCGAAATTATCGTCAGAACAAGAATTGTTGGAATTCAGGATTTACAATGCTTCGTGGCTACAAATCATATTACTGGACAACATTCTTTCCTAATAGCGGTTTCAAAAAATGTTGTTTTCCCCGACTTGAAAAATTATCGTTTTAAAGGTGTAGAAATTTTTATTATTGAGCTTGACAATTGTGTTGAGTTGAATATTTATCTTTTAGATAATGATTTAAAAGATATTTTTTCCTTGTTTATTCAAAACATTCTGGAAAATATTGAGTCAAGTGTTACGGAAAGTGAAGCAATAACAACAACTTTAAACTTAGTTTCCAAATGGAAAAAATTGTTTGATAAAATCCATTTTAATTGTTTATCTCTTGAACAACAAAAAGGGCTGACAGGCGAACTGTTGTTTTTGAATTTCCTCTTGCATAATGAAAAAACATCCTCAAATGCTGTAAATGGATGGACCGCTGCAGAAACGGATTTTCAGGCAAAAGATTTTACTTTTGGTTCAGTGGGTATTGAAGTAAAATTCACTTCATCTAAACAACCCCGGGTTAAAATTTCAAATGAAAGACAATTAGATGCTGAAAATTTAAGCGATTTGTTTTTGGTTTTGTATTCAGCCGAAGCCGTGAAAGAAAACGGGTTTTCGCTTAATTCATTGGTACTACAAACACGACAAGCTATTTCAAACGATGAAGAACGCAGTTTTTTCAATGCAAAATTGCAATTATCCGGCTATTTTGATAAAGACAGTGAACATTACGAAAAGAAATATTCACTCAAAAAAACATTTGGTTTTGCCGTAACTTCTGAATTTCCGAAAATCGTGAAAAATCAGTTACCGTTGGGGATTTATGATACTTCGTATTCAATAGAAATTTCAGCCGTGGAAAGTTTTATTATTGAACTCGAAAATATACTTGCAAAAATTTAGTGAATGGAAAAAGCGTTAATAAATTATATTGAAGAACTAAAATCAGATGTCGCTTCCCGGGTTTATTCCGAAGGCGAAGGGGTGAGTTTCGAGGATAAGTTTACAGAATATTGCATTGAGGTTCTGGAAAGTATAGGAAAATCTGAAGGAGCAAGAGTTTTGTCTTATGTCCACCCAAACAGTCAGGGCGGAATTGACTGGAAAGTTAATGGTTATTGTCTGAAAGGTTTAACCAAAGACGAAGATGAAAAGGAGTATTACGAAACACTTGATTTATTCTGCACTTTTTACAAAAACGAATATAATTTCTACATCAGTAAAGACGATTATAACAAGTCGCTTAATCAAATTAAGCGGTTTATCAACTCCGCATGGAAAAACCAAATTGATTATATTGATAAATCAAACACTGAATTATATTACTTAATTAATATTATTGGAAAGCAAGGCAAAGATTTTGACCGTATCAATATTTTCTTTTTGATAAACGGTTTTTCAAATCACGACAAAGAAAAAATTGAAGTTGCTAATGCTGACATCTTTGTACATACCTGGGATATTACAAGGTTGTTTAAAATTAATGAAAGCAACAGTATTCACCAACCGATAGAAATCGAATTTGAAAATTTTACCAAAAACGGAAAAGGTTTGCAATGTTTGCAAGTTCCGGGTACTGATGAAATGTACGATTGTTATCTGGCAATCGTGCCGGGCGAAATTCTGGCTAAATTGTACAAAGAGTTCTCAAATGAATTGTTGGAAAGTAATGTAAGGGCATTTTTAGGACAAGCCGGAAAATTCAACAAAGGAATTAGAGATACGATCCGCAACAAACCGCAAATGTTTTTACCTTACAACAATGGTATTACTGCAACTGCCGAAAGCGTTGAAACAAAATTGGTTGACAATCAACTTGTAATTACACGGTTATACGATTTTCAGATTGTAAACGGTGGACAAACAACGGCTTCACTATATCACACACAGAAGAAATTTAAGGAAGTGGATTTAAGCAAAATTTTTGTTCAGATGAAACTGACAGTTATCAAAGATAAAGAACTGAAAAAAATTGAAGTCCCAAATATTTCACGCTTTGCAAACAGTCAGAATAAAGTCTCCGAATTGGATTTATCTTCCAACAATCCGTATTTTGTGCAGATTGAAAACTTGTCACGGAAAAAGTATGTGGTCAATCCTGAAAACAAAAATCAATCTCGTTTATGGTTCTTTGAGCGTGCAAATGGACAATATCGTGAAACATTAAATAAACAAACACCGGCACAACAAAAGAGATTCAAAGAGCAAAATCCGTCTAATCTGAAATTTGTAAAATCAGATGTTGCAAAATATATCAACGCCTGGGAATTAGAACCGCATTTTGTGGCGC
CP129491.1_gap53	1760509	1762870	2361	AAAATTCTTTTTTGGTGTTTCTCTTTTATACCAATTCCTTCATCCAGAACTTCAATATACACTTCGGAATCGGTTTTACCGGTGCGAAATTCGATATTCTTTTGCTCGAAACTGTATTTTACAGCATTATCTATCAGATTAATAACCGCTTCGGAAATGGCTTCCGAATCAGCAATGATCGGGGGAATTCCCTCGCCCGGTATGAATTTAAATGTAAACCCGTTATTCGCTAAATGGAATTTATAGGTATCGTAAACTCTCGCACAAACATGATTTATATCCACAAATTCAAAATAATACTTTCTCTTGCCGGCCTCCGAGGGTGCAAAATTCAGCAGCCTGTTTACAATTTTTGAAAGCCTCAGCGCTTCCTGCGAAATTATGCCGTAATATTCGTTCTTTCTTTCATCGCTGCGCACGCGCCCCAGTTCCAAAGTCTCTGCAAACATACTGATCAGCGCCAGCGGAGTCCGCAGTTCATGTGAAACATTTGAGACGAAATCGCTTTTCAGCTGCACTAATTCCAAAGTTCTCTTAATATTTCTGAAAACAACGATCACCCCTATGATAATCACCATGTTTAAGACGAAAATCAGGGTATAACTCCGCCACGCACGCTCGTAAACAAGCTCGTCGATTGTTTTCCCCTTAGGGCTGATTCCTATGTAGTAACCCGGCAGAAACCAAAGTTCTTTTCTGATTGTGAACTGCGAGGCAAGAAGCGAATCGGGTCCTGCAATTATCGAATCTCTCACCCCGTTGATCACGGGGATTGTGAAATCGCTGCCGGCAACCTGCTGTATTTTATTGCGCAGAATATCCTTTACGAAACTCTCCGGCTGAAGCAAAATACCGTACAAAAGATTGCTGCCGTTAAGAGTATCAGGTACGAAATAGAGAGAAACTAACGGCGACTCTAAAGGTATATAAAAAGGCTCAAGCTTGGCGTAACCCTGTTTCAGAAACACCTTCAACCTGTCAAGTTTCGGACGCCGAGTTTGAATCACTGAATCGAGCCGGTAATACAGTGAATCACTTTTTGAGGGCGGATATATATAGTTAGAAGTCCCGGAAATGATGCTGATATATTTAACGGGGGGTTTGTCTTTAAGAAAATCGTTTAGTGTGGCGTTTACCTCTTCGGTTCCTCCGGTTGAAAGAGCGTTCCTCAACTTAACTGCCCAGCTTGTGAGAACATCTTCCGAATACTGATTAATTGAAAAAAGCACCGCTTCAAGCTGACTGTTGTATATCTGAAGAATCTGCTCTTCATTTTGGTTCAGCTTTGTAAACTCGTAAACAGAATAAACGATTGAGGGAAGAAGTATCGCAACAAATAATATGATGGCGAAACGCTTCTCGGTTGCTTTCATCGTGTAGTTATCGGCAATAGATAAAATAAATTCAACTTAATGCTACAAAAATAGGAATAAACGGATAAAAAAAGCCGGCTGCATAATTTGCAGCCGGCTTTGTAAGTTAAACTGTTAGTTTTACGGGCTTATTGTAACTGCCATGTGAAATCGGGTTTATCATCCTTGTATGATTTCAGGTTGATGCTTCCTTCCCAGTAATAATAAGTATCTTCGCCGGAATTGGGGTCTTTCACATAATCAGTTTCAGCATACAGCTTAGTTTCTCCGGAGCCAATCTGTTTGAAATGGATGTAGTAGCCGGGTTCAACTTCGCCCATGTAAACATCGTCAATATAAATGTGAATTGCAAACTGTGAGTAATTTTCAACCCGCACAGAGCACTCTTTTGCACCGGGTCCTCTTAAGCCGGCGGCTTTGTCTGCTTTTGCCTGTGCAGCAAGTTGTGCTAATTCGGAAGCTTTTGCAGGGTTGTTACCAAGTGTTTTTGCGGCCCAGGCATCCGAACAAGCCAAGAGAGCCTGATAGTTTTTCTGGGTGGTGGCTTTTTCAGTAGCCTCTTCCAAGAGGGCTTTACCCGTTACAGGGGCTTTTTTGCCTGTGGTGTTCTCTTCCATAAAGAGAATCATTGCTGCAGAAACCAGAGCTTTTACATCGCCATCTCTTCTTCCGTCTGTAATAAGTTCAGCAAGTTTAGAAAGAGCGCTGTTCGAAGAGCCGAACTCGGTCTTAAAATCAATTTTGTTAACATTGATTACATCGGCAGCCATTTTCGATGGTGACTTAATAACTTCGGTTTTCTGAGCTAAACCGGTGAAACTTACGAGAAAAAGCCCCGCAAGAAGAAATCCAAAAAATCTGTTAGTGATTTTCATTGTTATAACCTTTTGTTGATTGTTAGTGATTGATTTATTAAAAAAAATAAAAATTGTTTCTGTCGCTTAAACTTTGTGAAAATAACTGATGTTCCGCACTTTTCTCAATTTTT
CP129491.1_gap54	1775875	1777390	1515	AATTAAATTCAAGGATTTTATCCGCTTTCACTTAGGCGAGCAACCGGGGGACATCGTCGATTTTGATACCGGCAAAGTAATGGGACAGCACAACGGTTACTATTATTACACCATTGGGCAGCGCTCGGGGCTTGGGCTTTCCGGGGGACCTTGGTTTGTTGTTCAGAAAGATGTGGTGGATAATGTAATTTATATCTCCCGAGAGTACGATTCGATTGATAAAGAGCGGGATCGGTTTCGTGTAACCGGTTTCAACTGGTTTGCAGGTGCTCCGCCGAATGACCAAACCGGCTTGAAAGTAAAAGTGCGACATGGACCTAACTACTACAACTGCACCCTCGAAATGGAAAATGAAGTGTCGGGAACCGTAACAATCGACACCCCGGATAAAGGTATCGCCCCCGGGCAGTTCGCCGTCTTCTATCGAAACGGCTACTGCTTAGGCGGAAGTGTTATTTTTAGCATTTGAAGCATATTCCATTTCAAAGATACCCTGCTTTCATTGCTGCAAGTGCCTGATTTTGATCGCAATTTTAGCCGGCTTGTTTTCATGGCAATTTAAACCCGACTCTTGTTACGATTTATGCTTTGTTTTCATTTCGACAGATACTCCCTGACAATATCCATATAAACGGTAACCACGCGGCGGTTTGCGTCGAAGGTGGTGTAATCTTTCGCCAGGTTATAATGAGCGGGGTTGTGCGGTTTTGTAATAATCATTGTTTCGTGGACGCACCATCCGGCACCTGGCAGACAGCCGGTGTTGCTAACCGGAAGCTCATGCAAAATGGTTGTAGGAAATTTTGTTTTTACCAATTTCGCTTCATGTGCCATTGCGGAGAAGGTTTTTGTATCTTTATCCATTGCGTAAAATGAGAAAAGTACTTTCAGGTTGTTTACCATCGGTTCAGTAAGTCTGTATCCTTTGAGCAAACCAAGTTCACCATCCAACATTATATAAATAATTTTTCCTTTAGTGATTCCGTCTTTATCAAGAATGGTTAACTGACTTTTATTCTGATTTCCTTTTCCTCCCTTGTTACTGCCGGATTTGTCACCGGAGGCTTTTGGGTCTTTCCGATCTTTTTTATTGTTTTTGCCTTTTTTATCTTTTGTCTTTTGGTTTTTCGATTTTTTATCTTTTGCAACATTTCCTGAACTTCCGGAACTACCCGAATTGCCTGTGCTGCCGGCACCACCCTTATCACCTGAACCACTTGAACCCATCCCCCCGGCACCCGGACCGTCTGAACCGCCACCCGAACCTGAACCACTCTTATTTGTTCCGGATGAAAAACCGGCATTAGCCGTAGAAACAGCATTTGCCTTTATCTCGCCCCCGCCCCAAAGATTATCAAACATTGCGTGAGCAGGGAAAACACCACTTGAATGAGCGATTAAAAAAGTTTCATTCAATGCGTGCTCCCGATATATTTGCACGAAATACTCCGTCATTTTTCTCACCTGAATTTCACGCGCGACATAGTATGCATCATTTGGTCCTTTTACAGCAAT
CP129491.1_gap55	1802712	1805062	2350	GGATAATCAGAAAAGAGCAGGGCGACACTTCCCTCGTCATTCTGGGGGATAAATTCTTCCTGAATGGTAAACCGCTAAATCATTATATTACAGAGAACGATTATTATTTTGTGCTCGGGGATAACCGCGATAACAGCTTGGACAGCAGGTACTGGGGATATGTTCCTTATGATTATCTTATCGGGACGGCTTCCTTTATTTATTGGTCGAGCGACCCGTTCGAGAGCGGTTTTTTCTCCGGAATCAGGTTCAACAGAATTTTCAATACTGTAAATTAAGGCTTGTATATGAAAGGTTTAATCACTCTTCTTTTCATAATTTTATTCTCTTTCGCACCACTTAATGCTCAAAAAAACTATATGGTTTTCCTTAAAAACAAAGGCTATAGTGGCGCTTTTACATACGGTTCACCACTTTGGAACATTGCACTTTCATCTCTTTCCGAAAGAAGCATAGAGCGCCGGGTTAAAACCCTCGGCAGCGGTTTTGAAGTGTCGCCCGAAGACCTTCCGGTTTCCCCCGGATATATCGCCCGTTTGGAAATGACCGGTGCTAAAATCAGATGGACTTTAAAATGGTTTAACTGTGTTTCACTCACTGCGGATGAACCCACCGTTGAGAAAATAAAAAAACTTGATTTTGTGGAACGCATTCGCCCTGTGATCAAAATCCACCTGCCGCTTGAATTTGAAAACCCGCTACCGGTTCCAAACAGTGAAATTTATGCAGATGCCGGAAATTCGGATAATGGTTTGGTTCGGGGCAGCAAATGGAATCCCCCCTATCTTACGCAGAACTTTCAAGATTCGCAAGATGCACAAAATGTGCACGGCAACCGTGCTACACGAGGTAACGATGACGATCAAAAGTACTACGGCGGTTCTTATATTCAGGAAAAACTCTCCGATGTGCCCGCTGTGCACAAAATGGGCGGGAACGGAAAAGGTGTCAGAATTGGCGTGCTCGATTCAGGTTTTGACTGGAAAAGACATGAATCTCTGAACACGCGTAAAGTTATCGCAGAATATGATTTTGTAAGGCACGATAATGTTACTGCTAATCAGGAAAATGACCCGGCGGGTCAGGATGGGCATGGCACCTACTGCTTCTCAGTCTGCGGCGGTTTTTTCGAAGGGAAATTGGTGGCTCCTTCATACAACTCAGAATTTGTGCTCGCAAAAACAGAAGCCACCGAATATGAAAGAATGATCGAAGAAGATAACTACGCTGCTGCTATTCAGTTTATGGATAGTATCGGTGTTGATATTACGACAAGTTCACTTGGTTATACCGCTTTTGACGATACAACCTACAGATACGAAGACCTGAACGGCGAAACCGCAGTCTGTACAAAAGCGATTAATTACGCCTTTTCAAAAGGAATTTTAACTTTCACCGCTTCAGGTAATTCGGCACGCGAGCCGTGGTACTATGTTTCTACTCCGGGCGATGGCCCAAATGCACTTGCTATCGGTGCTGTTACTAAAGACAGAACTATCGCAAGTTTTTCATCCGGTGGCCCCACATCTGACGGAAGAATTAAACCGGATATTAGCGCAATGGGAGTAAGTGTTTACGGTGCCGTCTCGGGTACAACAGACAGATATACCCGCGCAAACGGCACCTCTTCCGCAACTCCGCTTACCGCCGGAATTGGCGGGCAGTTGCTTTCACTCTTCCCACACTTAAAAAACACTCAGGCAAGATTTATTTTAAGATATACAGCCGACCAGCGGATGCTGAAAGACAATGTTTTCGGCTATGGGCTGGTTTCTTCTTTCGAAGCGGCTACACATCCGAATCTGGAAATGCTGCCTGACGGAAAAATTAAACTCCACAAAAGATTTAAAGATGTATCCAACGCGAAAAGTGTCTTTTTAGTCTATAAAACCGGTTATAAAAAATCGGACAGGGTGAAAATGGATAAAGTGAACGATAATTATTTCACCGTTATTCTGCCGCAAAAAGCGCAAAAAGAAGCTTTTGAATTTTACTTTGATGCAGGTGAAACACAGAACGGTCTTAATTTTCCCTCTTTCAACCGTAAATATTACACGCTTCCGGGTAATGAAAATGTTTATATCGTTACACCGGATAAGTTCGATTTCAAAGAATTTGCCAAGGAAAGAGCTGCCAAATATACCGGAATTAACCCGAAAATTTTTGTAAAAGCTAAACCGGGTGAAAAAGATGCTCAGATTTTCATCAACAGCTTTTTAACCCCCAAAACTGTTGCTATAATACCTGTTTCAGACATCGTTGCAGATACACGCTATAAATGGAATGGGAAAGATTCCGACGGGAAACCCGTCCCACCCGGTATTTACACCGCAACCGTTTATGTCGGCGG
CP129491.1_gap56	1883587	1885518	1931	ACAAGGTCCGCAGGTTTCATTCTTTCGGAAATTGTGGTAAAACCCTCAATATCAGAAAAAAGCACCGTCAATTCCCTCTCCTCACCACCGAGTGTTAAGTTCTCAGGGTTATCTATCAACCGATCAACAACCGAAGGTGAAAGATAACGCGAAAAAGCCGATTTAATAAACGACTGCTCTTTTGCGCCCGTATATTGAACCGTAACCAACAGCAGCAAAAACGAAACGGATACATTCAACTGAAATGTCACCATAGGGAATATCACACGATCAACAACTAAATAATAGGTGAACGGCAACGCAAGAACCATCACCAAACCGTAAAAAATGTAAAAATATAGGCTTTTTTTGTACAAGGAAAGAATAGTCAGTATCAAAACAACCGCTGCTATCATCAGAATCAGAGAAAGTGACCCAAATTGACTGTAAAACGAGTTGGTAACCAGTGCGTTCATTATTGCAGCATGAATTACCACAAGAGGTACCGCATCTTCAAGTGTATTGGGACCTGAATCCGATATTCCCGTGGAAACATCACCGATAAAAACCACGCTACCCTCATAATAGTTTTGCATCTGGGCGGTCAGTTCAGGATTTTCAGCACGAAGATTGAAATTTCGCATCTCCATCTCCTGCTTCCGGTCATCTTTCTGCCATTTAACTGCATAAGGAATGTATGTAAGCCCATGAATATCAATTGGGATTATAACATCCTCCAATAGCTTATTATCCTCATTTGCCCGGATAAGGATCTGTTTCCCCCACTCCACAATTATGCTGTCCGGTTCCACATCATTCATTTTACAAAACATTGCGAGTGTAGAAGTGGGTATATATCCACTGTCAAGTTTTAGCAACATCGGGTATGTTCTGTAAACCCCGTCACCTTCAGCAACGGCGGTTATGTGTCCCGAAGTGGCGGTTGCGGCGGCAAATTGGTCATCCTGAACCAAACCCCTGCCGGCATAATAAGGTTTCCCTTCACCAATTTCTTTAGGAAAAAACCTGAATTCACTCTCTAATCTTTTAAAATATTCACCATCCCGTTCAATTCCGGTAACCTTATCCGTAGATACCGAAAAACCCGCCGGCAGGCAAACATTGCCGGCAGCTTCGATCGCTTCAGCGAACATCGAATCTGCCGCGCGGTTTGAGGGTTTTGCAAATATAAGGTCGTACATAATAGCGTTAGGTTCAAATTCAGAGAGCAAATTCAAACTTTTAGCCAAAAATTTCCGATCTAACTGATTTGATTTTAAGTAATCGTAGGTGTTGTCGTTAATACTTAAGAAAACAACCTGTTTCGAGGGTTTCGGGGCTTGGTTGTTCTCAAACGCATATTTATAAATCAGATCATTCGCTTTATCATCCAACGAATTACCGGCTAAATTAAACAATGCTTCGATTAAAATTAAAGATACCAAAACAATAAACCCGACTAAAATCAGGGTTTTAACGGAATAACGGCTTCTTAAATGCAAATTTACAGTTCCTGAAGAAAATGAATGAGTCTCTATAACAAATTTGCAGATTTATTACGAGAATTTAAAATTTTTCTTTCTTTTTTGAATCGCCGTGTGAAGTGGTGTTTGTCAATTTGTCTGTCATTTTGACGATGTTTTGACAAAATTGCAAAACAATATGTCATTTTGTCTGTCATTTTGGCGAGGCTGCACTTCCCGGCAATTCCCACCACTTCAAAAAGGCTGATTTAACCCCTTTTTCGTTTTGGCACGCTCTTTGCTACATATAAGGCAAAGAGTTCAACAAATCACTTAAAAAAAGAATTTTAGAAAAGGAGACACAAAATGAGAACACTTATTTATAATCCTGTGAAGGAAATGTTAAGAATGAGCAATGCTATTGCTGATTCACTTGAAAAAGAGTTTAACCCCGCTTTCAGCAAACCCGCCTGCTTTAGCCCGCGGACT
CP129491.1_gap57	1891009	1893150	2141	TGCGACTTCGCTCCGTGCGTGAAATTAACGGTGAAGAAGTTGAGTTTACTCAAACCCTTCTGGACAGGTACGACCCTGTTTCGGGGCTTTCTTCCATGTCCCGCACAACCGGTTATACCTGCACTGCCGGCGTTAGTTTAATTATTAACGGTTTGTTCAACGAGCCGGGCTGCTTCACACCGGAACTCATCGGCATGCGGGAAGAGTGCTATCAGCATGTCCTCTCACATCTTGAAGCAAGAGGTATTAAGTTCTCTTAAGTTGCAAACTATTTTAGTTTATGCGGCTATTTTAAGTTGCGAAATGTTTTAGTCTAAACGGCTATTTTAAAGCCACAGTAGTCTTTTTGAATATTTCAGCCTTTAGAATTTTTGGCTTTTTACGCAATATTAACTTTTTAGAATATCGCAGTTTTATTCCCTCAATTTCCGCTAAAACTTAAACGGATTTTGCAATAATCTCTCGGAAAACTGCATAATCCGGGTCAACTAATTGGCTTTGCTTCTGTTTATCTAAACATTCGGCAAGGCGGGGGGGAATTTGGAACTCCGCACCGATGGCTTTTTTAACATCTTCATAAAATTTTGCCGGGTGCGCCGTTGAAATTACGATGTAATGTGCACCCTCTTTTGAACCGACGGAAAAACTCCCTTTTGAACCGACGGAAAAACTCCCTTTTGAACCGACGGAAAAACTCCCTTTTGAGCCGACGGCTACCGAGCCAAAATTTGCCGTGCCACCTGTTAGTTCTTCCGCAAAGAGGACGCCAACAGCCGTGTGGGGATCGATTAAATATCCGTACCTGTTATAAATATCACCAATTTTTGCCAAAGTTTCGGGATCGCCGTAGCTTTTTGCAATCACTTCTGTGCGGATTCTTTCAATATCACCATTGAACAGCGCAACAATTCTTTCAATATTGCTGGGGTTTCCCACATCCATAGCGTTCGAGATAGTGGGAATTGTTGCCCTTGCCTCAAAAACACCCGAATGCAAATAGTCAGCCAGCGCCTTGTTACTGTTCAGAGCGGCAAAAAACCTGCCGACAGGCAAACCGGCTAATTTGGTTAACAACCCTGCCGTAATGTTTCCGAGATTTCCGCTTGGTACAACAAAATTTATCCGTTCATATTTTTCAAACAGTTGCAGAAACGCATAAATGTAATATACCGTCTGCGGAAGAAGCCGCGCAATACTTATAGAATTTGCGGAAGATAAGTAAACTTTTTTACGCAACTCGCTATCTTCAAAAGCTTGCTTAACAAGCCTTTGGCAGTCATCGAAGTTACCTTTTACCTCAAGCGCAGTTATGTTTTCCCCCATCGTGGTCAGTTGTTGCTCCTGTATTTTGCTGACCATCCCCGAAGGATAAAGAAGCACCACTTCAACATTTTCCATACCCAGAAAGCCGTTGGCGACTGCACTTCCTGTATCGCCCGAAGTGGCAACGAGAATTTTGCATTTTTTTCCCTCCTGACGCAAAAGGTGCTCCATCGTGTTTGCCAGAAAGCGCGCACCAAAATCTTTGAACGCAAGCGTTCTTCCGTGGTAAAGCTCGGCAACGGAAAGGTTATCGCTAAGGGTTGTTACCTCAACGGGGAAATTAAAGGTTTTTTCTATTATTTCGGCAAAAACTTCTTTTTTGATTCCTGAGGAAAAGAGTTTTTTCTCAATTTCCGGGGCGGAGGGCTCTTTTTCAATTTCTGAAGCAAAGGTTTCTTTTTCGATCCCTGTGGCAAAAACTTCTTTCTCGATTTCTGAGACAAACGGTTCCAAAAAATAATGCGCCAGTTCAGGAAGTGATTTTTCTTTCAACTCTTCCGGTTTTTGCAAAATCGAAGGAATCCTTTCCGGTAAAAACAGCCCTCCGTCGGGCGCTAAACCTAATTTAACCGCTTCGGTGAATGTGTAAAACTTTTTAGGGTTTCTTGTGCTGTAATATCTCATTTTATTTCAATATCTAAATTCAGTTTGCTTAAACCAAGTTGCAAAATTTAATTCCACTTTCGGGAAAATTTTTCAAAAAATTATATCTCATCTTACTTCACCAAACCTCTTGCACTTTTGCGCTTTCATTGTTGATCCCGCTCCTGAGGTGTGGCGCCCACTCCCCCTTTTCATCTTACCTCTGATACCTCTGC
CP129491.1_gap58	1944398	1946007	1609	AAGGAATATCAACTATATTACCATTGACGAGTATATGCCTGTGGCTGACCAACTGGCGCGCAGCCTTGCGCGAGGGCGCAAACCCAAGCCTGTAAACTACATTATCAAGCCTTCTCTCAAGAAGTTGCAACAGGTTAGTTCCCGTGATACCCTTTTGACGCGTTGCTTTATCAAATAAATTGCGGAACTGCGTCTCAAGCACGCCGTAAATCCTTTTAATCTTTTGTTTCTCTCTGAGCTGAATACCGTATTCAGAAACTTTAGATTTACGGGATTGCCCATGCTGACCCGGCGGGTAGTTCTTCCTCTTCTCGTCCTTATTCTTCTTCTCTTCAAGAGGGCATTTATCAGAAAAACATCTGCTCCCTTTTAAGAACAGCTTCTGCCTTTCCCTCCTGCACAATTTACAAACCGAACCGGTGTATCTTGCCATTTACTAATTCTCCAATATAAAATTAAACTCTTCTCTTCTTCGGAGGCCTGCACCCGTTGTGCGGGATCGGGGTGATGTCTTTTATCGAGGTTATCTCGAAACCAACATTCACCAACGCTCTGATCGCAGATTCCCTGCCGGCGCCGGGGCCCTTCACTCTTACTTCAACTCTTCTTAACCCAAGATCGTATGCCTCCTTGGCAGCAGCTTCACTCGTTACCTGCGCAGCAAATGGGGTGTTCTTGCGCGAACCTTTAAAACTGTTCCGACCGGCGGTTGACCACGATATAGTGTTGCCGTAGATATCCGTTAGTGTTACTAACACATTGTTAAACGATGCTTTTATGTGTGCGATGCCGTTGGCATCCACAACATGTTTTTTCTTGACTTTTTTGGTAGTCTTTGCCAAATTACAATCCTCCGATTTTCAATTATTTCTTGGCAGCTGCTTTTTTCTTGCCGGCTACGGTTCTTCTCTTACCTTTTCTCGTGCGGGAGTTCGTGCGAGTACGCTGACCCCGTACCGGAAGACCCTTGCGATGACGCAAACCGCGGTATGAACCGATCTCCATCAACCTCTTGATGTTCATCTGTACTTCGGATCGAAGTGCACCCTCAACTTTAAAGTCTGACTGTATAACAGACCTTATGCTGCCGACTTCGTCCTCGGTCAACTCACCTACTTTTCTGTTAGGGTCAATCGAAGCTCTTTCTAAGATATCGCTCGCTGTTTTTGCCCCGATACCAAAAATATACTGCAGCCCGTAAAAAATCTTCTTGTTTTTTGGTAAATCTACACCAGCTATTCTTGCCAATTAAATTTCTCCTTTGAAAAAAATCTATCCTTGTCTTTGCTTATGCTTTGGGTTCTTGCAAATAACCCTTACACTGCCTTTTCTTTTGATGATCTTGCAGTGATCGCATATCTTTTTAACTGAAGCTCTAACTTTCATCTAAATTCTCCGCTATTTATACCGGTAGGTAATTCTTCCTTTTGTCAGATCGTATGGTGAGAGTTCAATCGAGACTCTATCGCCGACGAGAATCTTGATAAAATGCATCCGCATTTTACCGGAGATGTGCGTCAGTATTTCGTGCCCGTTATCTAATTTCACCTTAAAACTTGCGTTCGGCAAAGTTTCGGTGATAACACCATCAACTTTTATTGGTCCTTGT
CP129491.1_gap59	1949042	1951834	2792	CGTGAGAAACTGTGTGCGAGCCGATGTATATCTGATGCAGATTCTTACGGGCATCGTCTATTCCTTTTTGAATTGCGTCGGTAACCTCGTTAGCCTTTCCCAAACCAACGCCTACCAACCCGTTGCCGTTACCAACGACAACTATCGCGTTAAAGCCGAATCTTCTTCCGCCCTTAACTACCTTCGCAACGCGGTTAATGTGAACAACCTTCTCTTTAAGGCCGTCTGAACTTTGTGTTCTTGTGCTCTTCAAATTTTTAACTCCGTTTTTTCAATTTTTCTGTGCTGCCGAGGGAGGACTCGAACCTCCACATACGGCTCCAAAGGCCGCTGTCCTACCGTTAGACGACCCGGCAAAATAACATTACTAAAACTTAAGCCCGCCTTCTCTTAAGCCGTCGGCTAAAGCTTTCACACGCCCGTGATACTTGTAGCCGTTTCTGTCGAATACAACAGTTTCGATCTTCTTTTCAATCGCTTTTTTAGCAAGATATTCACCAACAACCTTCGAGCGGGCAGTCTTTCCGTTTGCCTTTTTCAGTTCGTCCTGAATATCTTTGGAAAGCGATGACCCTGCCAGAACAGTAGTGCCGGTCAGGTCGTCAATCAATTGAGCGTAAATCTGGTTCAGGCTACGGGTAACCGTCAGCCTTGGAACTTCGGAAGTTCCCGAGATCTTTCCTCTGATCTTCCTTTTAATTCTTTCTCTGGAATTTTTCTTACTCATAATATCTTAACTCCGCGGCTATTTCTTACCGGCAGTCTTACCGGCTTTTCTTCTGATAGTTTCGTTCGAATATTTAATACCTTTGCCTTTGTACGGTTCAGGTTTTTTCAGTGATCTGATCTTCGCAGCAACTAAGCCAACCACTTCCTTGTTAATTCCGCTTACCACTAATTGCGTGGGGGTTGTTACCTGAACAGTAACACCTTCTGGCGGCATGAAGTAAATCGGGTGCGAAAACCCAAGAGCAAGCAGCACATTCTGATCCTTTGCTTCTGCTTTAAAACCAACACCTACAATATCCAGTGTTTTGGTGTATCCGTCGGTTACGCCCGTTACCATATTCTGAACGAGCGACCTCGTAAGCCCGTGCAGGGCTCTGCTTTCTTTCTGATCATCTTTCCTGGTAATAACCAGCGTGCCTTCTTCTTGCTTGATTTCGACAGCATCCGAGAACACCCGGCTAAGCTGCCCTTTCGGCCCTTTAACGGTCAATTCGCTACCGTTTATGGTAATCGAAACGCCATTCGGTATCTCTACCGGTTTTTTTCCTATACGCGACACTTTATCTTGCTCCGTTTATGATATTACCAAATATAGCAGAGTACCTCGCCGCCAACTTTGTCACGGCGTGCCTGCTTATCTGTCATTATTCCGCTTGAAGTTGAAAGAACCGCAATTCCGTAGCCGTTAAGTACTCGCGGAAGTTTATCCACGGACTTGTAAACCCGAAGCCCGGGCCTGCTGATTTTCTTCAAACCTGTAATAGCGGATTTGCCCTGCGAATATCTCAAAAGTATTCTGAGGACATTCTGCTTGTTATCAGGGATAACTTCAAAATCGTAAATATAGCCGTATTTCTTAAGAAGTTCGGCAATGGCTACTTTCATGTTAGATGAAGGGAGTTCAACTCTTCTCTTGTTAGCCTTAATTGCGTTTCTTAATCTGGTTAAGAAATCAGCTATGGGGTCTGACATTGTCATATTTTACAAATCTCCTTTTACCAACTTGATTTCTTCACGCCGGGTATTTCACCGCGTAAAGCCTTCTCTCTGAAAACAAGCCTGGAAACACCAAACTTTCTGTAATAACCTCTTGCTCTGCCGGTCATCATGCACCTGTTGTGCAGCCTAACGGGCGAAGAGTTCTTCGGCAGCTTCTGAAGGGCTTCCCAGTCACCGGCTGCTTTAAGTTCTTCCCTTAACTTTCTGTATTTTTCAGAGAGTTTCACTCTCTTGTCTTCTCTGGCTATCAAGCTTTTTCTTGCCATTAATAAAACCTCGGTTTACCTTTTTTAGTTACCTTTTTTTCTGAATGGGAATCCAAACGCAGAAAGAAGTTCGAAAGCTTCCGCATCAGTTTTTGCGCTTGTTACTATTGTAATGTCCATTCCCAAAATTCTTGTTACTTTATCAACATCAATCTCCGGAAAAACAATCTGCTCTTTCACACCAAAAGTGTAGTTCCCTCTGCCGTCGAAAGATTTATCGGAAAGCCCTCTAAAGTCTCTTACACGAGGAAGAGCAATGTTTATCAGCCTGTCGAAAAATTCGTACATCCTGTCCCTTCTTAAAGTGACTTTTGCACCGACATTCATCCCGGCTCTTAACTTGAAGTTAGAAATCGCCTGCCTGGCTTTTCTTATAGTAGGTTTTTGCCCTGTAAAAGCCTCTAAATGTATAACGGCTTCTTCCAGAATTTTCGGGTCTGCGATTGCATCGCCAACACCCATATTTACAACAACTTTCTGAAGCCTCGGAACTTGCATTACATTCTTATACTGAAACTTAGCCGTGAGCGCAGGTATCACATCTTTCTTGTAGTATTCAAAAAGGCGCGTTGGTATCTTTCCTGCCGGTTCAGCACTTTCAGCAACCGCCGCCTTTTTTTCCTTAACTTCAGGTTTCTTTTTAGTTTTTTCTGCCATTTCTTAAACCTTGGTCCTTACTTTATATCATTTCACCACTTTTAACACTGATGCGGACAATCTTTTCTTTACCGGTTTTCTCATCCACTATCAGTTTTCCTCCCAGGCGCGTACCGGTGCCGGTTTTGGCATCAATAAGCA
CP129491.1_gap60	1994983	1997497	2514	GTATTGTCTTCCTTCAATTTTTTGGAAGCAAGCGAGAAACCCTCCAAGTTGTTAATTAAGTCGGTAAGGAAATCAATCCTCGTTTTCAGGTCGTTCAACGCAGATTTTTTGTCAAACTCTTTCTCTTTAAGTGCGTTAAGCTCCGCCTGAAGCGTCTCTTCTTTCAGAGTTGTTTCGTTGAATAGCTGCTCGGCATTCTTCAGGTTGCCCGATGTTTCCTCAATTTCTGAGGAAAGTTCTTCAATGAACGAATTGTTGCGCTTTATTTCTTCGGTCAGAAAGTTCTCTTTCTCTGCCGATTTTTCAATTTCTTTTTCGGTGCGCTCTTTCCCTTTTTCCATGTTCGAAAACTCGTTCACTCTGCGTGCTGCACTTTGCACTCTGGAAAGCACCGACTCTCCAAATGCCCTTACATCTTCACGGGCTTTGTTCAGTCTCTCCCTTTTTTCCTCCAATACAGCAGAGAGCCCACCAATGGAATCTGAAAGAACGGCTTCTTCACTGCTCTTTTCATCCAGATCGAAGTTCAAATCTTCCAGACTCTCCTCAGCCTGTTCAATCAGCCCTTTGAACTCTTCAAGTTCTGTTTCAAATCTTTTTATGTTATTCTCAAGCGACCTTTTAGACTCTTGCGCAACGGAAATTGTTTGCTCGCTGCGGTAGATAACTTCAGTTTTCGCCGTTATTTTCCGCCTGATCTCTTTAAGTTCATTTTCCGTCGAAAATGTTTGCTCCCTTATTTCAGCATACTCTTTATCAAGTTCTTTTAATTTCAGATCGGTCTCGTGCTTATCAGCTGCCGCTTCAAGGTGTTTTTGCTGCCAAAGCCCCTGCTCTTCGAGCATAATAAAAAGTTCAATTGCCGCAGAACTAAGGTCTAACTCAGTCAGTTTGTCGGCAAGTTCTTTATATTTCTCCGCTTTGCTCGCCTGCCGTTCTAAGGTTGTAACTTTCTTCTCAATTTCGGAAATCAGGTCGTTTGCGCGGTTAAGGTCGTCTCTTACTTCCTCTAATTTTCTTAAAGTTAAGCGTCTTCTGATCTTATATTTATTAACACCGGCAGCTTCTTCAAACATAGTGCGGCGCTCTTCGGCTTTGTTGCTTAAAATAGATTCAACCATCTTAAGTTCGATAACGGAATAAGCGTTCGCCCCCATCCCGGTATCCATAAACAGCCCGGTTATATCTTTTAGCCGTGCAATGTTTTTGTTAAGCAGGTATTCACTTTCGCCTGACCTGAAGATACGCCGTGTGATTATCACCTCAGAATAGTCCAGCGGCAGGACACCACGGTCGTTTTCGATCGTAAGCGACACTTCCGACATCCCAAGCGGCTTGCGCATAGAAGTGCCGTTGAAAACCACATTTTCCATCTTATCCGAGCGCAACACCGAGGATTTCTGTTCGCCGATGCACCACCTCAAAGCGTCAACTATGTTGGTTTTGCCGCACCCATTGGGGCCCACAATAGCCGTGATCCCCTTGTTAAACTGAATAACAGTTTTCTGAGCGAACGACTTAAAACCAAAAATTTCTAACTTCGAGAGATACAATTTTCTATCCCGTTGTGCTTTCTAAATAAACCTGCACTATCTGTTCTATGGTAAAATGTGTGAATTGGTGGTAGAATAAATATCCCGCCAAAAAACCAATAACTACCAACCCCGTGAAAAAATAAACCTTCAGTGCCGGCACATCGTAAACCACATACATCCCTTTAAGCAAACGATGGAGGTTCCACAATAATATCAGCAAAAGTACTGCATATATTACCAAATTTGCAATATCTGCATTTAACATCCGGTAAAGCAAAATTGCCCCCGGCAGCGCAATTATGTAAGGAATTGAAGCCCAAACTACGATAATGTAACTTTTGGCAAAGGTCACTTTGTTTATTACAAACATTGCACCTATCCTGACAAAAAGGCTTACAAGCACGGAAAGCAGATAATAAAAAATTGTTAAAAATAAGAGCGACTGTGTTGGGTGCCAACTCAGGTAACTTACTATTGCAAGCACCCACCTGAAACCAAAACTCAATAATATGCGCTCGGGAACTATATCGTAACGCCAGTAAAACAGCAAACTTGTGGTTATCAGGGCAATTACCGCACTTATCAGAAAGCCAATGTATGTAGTCAGCAACAGCGACATTTGGTTGTAGTCGCGTACATCCTGAAAGAAATTATAAGGTCTTAACATTGCCCTTATTGCGTCTTCTTTGAATTTCTTTCCCGTGTTTAAAAACATTGCTGAAAGCAGAGCAAGCACTAACCCGAAAACAATCAGAATAATCGGTGCATCGTCTTCATCAAAGCCGAGTGAAATGGTTACTTTTTCTCTTCCGTTCAGCATTGCGTCAGCAACTTTGAAGGAAAGACGCTGAGTTTTACGGTCCTGTGAAATCAAACCGAAGTTGAGAACATCACCCTCTATTGCTCCCGAGATAATCGATTTGTAGTTGCTGCTATAGTCGAACATTGTAGTAAAAAAGTAAGAAAACCCGGGATTATC
CP129491.1_gap61	1998523	1999217	694	CGTGTAATTTACGCCATATTCGCCGATGTAAATGTTCGGAAGTTCAGTTACAAATACCTCACGAAATATCCCTTTGTTATTATAAGGGTAAAGAAAACTCATCTTGAAAGGGATTGTTTCTTTTCTGTCCAATTCGCCGTTAATTTTAACCGCGAGAAGGTTTTGCCCGTTTGTTTTTAGAAGATCACGCGGTAAAACGAACGAAAAAGGATATGCTCCGCCATTATGACGGAAAATTAACCTTCCGTTCAAAGATACTTCTGCTTTGTTGGAAACACCAAGAAAAGTTATTTTGTAGTTCTTGCCCGCAGCGGGGGCGAAAGGAAGATTTCGCTCGAATATCAATTCATCATCAGATTCGAACGACGAGGGAACGGTAACATTAACGGCTGTGCCGGTTGGTTCGTCTGCATACCTTACTTTCCACTCACCCGACAGGGAAATGACCCGCCTTGTGTCGGATTGCTCAAGGTATTCGAACTCTTCAGGCTGAGTTGCCAAACCAACTCCCGTTGTAAATTTTGCCTGACCATTTATTCCCCGGCTAAATATGATAAATGTCAGAGAAAGGATGAATAGTAATCTACTCAATCTGCGCATTCCCAATCGTAAAAATTAAAAAATTCAGACTTTAAATATACATTATTCCGAGGGGTGAAATCAAGTTTTATAGTATTTAACGGTATATCTTTTA
CP129491.1_gap62	2007318	2008112	794	GCACTTCGATTTAAAAAATCTAATGGATAAGAGTACAGTTAGAATTCCTCCAAACAACATTAAAAAGTTATTTCGGAATATTTTTAACGATAAAGAAAGTATTTTTGAAAATGCGACTTTTGAATTAGAATACTTATTTCCTGAAACTTTAAAAGATTCTCGTTTTGAATTTAGATTGGGTAAAAACACAACTTTAGAAGGTGAAATCAAAAACAATATACTTAATTTGACATTGACTCTTACAAGTAAAGTTGACCTTGAAAATACAACTCTTACCTTTCTACTATCAGATTTATTAAAAAGTATTTTTATCCCGCAGATTCTACCAAACCCATTTATTGTAACTGCTGAACGGTTAGGAATTTCACTTTTTTACAAGGAATTGGATGAAAGACGCAATTTTATGATTGAAGGATTGCAGAAGTTGCAACATAATGAAGATGATTTACATCCTTTAGATTTAATAACAGGTATGAGTGCTTATTATGCAACTCCAATTAGAGATCATATTGCTTTTACTAGAAATATTGATAATTTTCAGAAAAACAGAACCAAAATTGATCTCACTAAAACTTTTGAGATTCTAAAACAAATACTTGGAGCTGAATTCAAAAAGGAGACAAAGAAAGACATCCGTTTTTATACTAAAAAGAAAAAAATAAACAAATTTGATATACCTTTATATCTTGCTTCTTCATCCGCACGATGTTTAGTCGATATTTACTTTTTTTTACGGTGCATTGCTAAACCAGGGGACCTTTTAATAGTTGACGAACCTGAAAGCCACTTAACAC
CP129491.1_gap63	2016292	2017474	1182	CGGGTGTGTTAAGAACCTGAAACAGTTGCTGTATCTTCGGGGCAAGATCACTTCCATCCTCGCTCGTCCTGTTCTCAATGAAATCCTGGAACTGCCTCCTGTTGAAAATTGTGGTGTCCTCGGAAAAGAGGATGTAGAGTATTCTGACAAGATACACTTCGAGAGCATGACCCTTGTAACCAATATCGAACAGACTGTCATGAAACTTCCCAAGAAGTTCGGCAGCTTGAATGTTGGCGGGGTCTTCAGGTTTGTAAACGGTCTTTTGATAACCAATGAGATAGTCGAAGTGGTGGACATTATTCACGAGTTCGCGCAGTGTGAACTCTACTACAGTATCTTCCTCCAGATCGTGGAGACGGAAGTTTTGGAAATCTGATACAAGTATGAATTTAGGAAGTTCGGGTGCTGAACGAATGTGATTTGTTTTGCTTATCTGATTAATTGTACCTTAACACTTTTAGTTAAAGTCTTCTCACCTGTTTCAAGGGTGAAGTGGAAAATATATATACCGCTTGTTACGGCAAGGTTTTCAAAATTTAACTCTTTTGTGTGGGAACCTTTCTCTTCCTGTGTTGAATTGTTATATATCCTCTGACCGAGAATATCAAATATCCCAGAAGTCAGAATACCTGAATCCGGGAGTGAATAATAAATACTAACCTTCCCATTTGTTGGATTTGGTGAAACTGATAGTGCAAGTTCTTCCGACTTTTTCCGGCTGTCTGCTTCTTCCTCAACAGATACAGGGGTTCTGGTTCCCTTGTAAATGTAGATATCACCTGCCGGAAGAATACTGTGATCTTCGTACCCATTCTCCCCGACACAAATATCATCTATCCCATCACCATTCACATCTCCAACCCTGCCGGCAAAATCTATATCCCTGTTAAAATAATTAGAAACATAAAGTTTTGCTATAAGTCCTGTAATTGTTCGGCCTCCAAGGTATAATGCATAACTATCATACGGTATGTATTTTAATAGGTCACCGTAACCATCTCCGTTTATGTCACCCGGTGAGATTCCCCCTCCTGAAAGTCCTCCGGCACTGATGCGGACATCAGGTATTATATCAGGTGGACGAGATCCAAAAGAGAGACCGTAACCTCCTTCTCCTCCACCTAAATTGAGGTAGATAATAAGTTCACCATTTTCATTTCCATTCATATCATTCACCAT
CP129491.1_gap64	2026463	2027262	799	TTTGTAAGGGGTGCCTTATGATTGTGCTTTGTAAAGGGTGCCTTGTGATTAGTGCTTTGTGATTGAAGAAAAGAAGCCGACTATTACTGAGGAAGTAAAAGCCGGCTTTTTTTAATTAATCAACATTTTCACTCAGATAATTTAAATGATTTTCTCTGTTGATCAAATGGAGATCACTTCCGGGATATGAGGATAAAAATGCTTTACCACCACCTCGAATTTTTGCGTTGGCGCCGTATTTAATCTCAAAGCCCTCGAGTTTTCCGTTCATTTCCTCAATATAGTCAACTTCGCTGCCTGATCTTGTACGCCAAAAGTATTTGTTTGGGTATCTTCCCATGTTCTGATTGTACTTGATCCTCTCGGAAATCACGAAGTTCTCCCAAAGCTGACCAATATCGCTTCTTAGTTCGAGCGGTTTAAAGTTTGAAATTAATGCGTTTCTGATTCCATTGTCGTAGAAATAGATTTTCTTCATCTTTGAAATCTCTTTCCGCTGGTTGCCGGTCAGAGCACCAAGCCCAAAGATTATGAAAGTACTCTCTAAGAGACTTATATATCTGCTGATGGTTCCTCTATCGGCACCAATTAGAGATGACAGTTCGTTTATAGACACTTCACCTCCAACCTGCAATGCGAGTACTCTGAGCAGTTTTTCAATTATATCAGTCCTTCTGATATCCTGAAATGTAAAAATGTCTTTATACATATAAGAGGATGTCAAAAATATCAACAGTTGCTCCCTGTCCTGAGATGAATTTACGATGTCGGGATAATGACCATAAATCAACAGGTCGCT
CP129491.1_gap65	2039951	2044942	4991	TAAGCTTAATACTCACCCCACCGGCGTGCCCTTCGTTTCGGCGAATGAAATAATCCATCACCTCAGCGTCGCTGATTTTTGCGGAATCAACATAGAGCGACTGATAAGCGTTTGAAAGCGTGAAATCACGCCAGATGTTAAACTCGCGCCTTACATCGGGCTTTTTGTGAAGTTGCCTTTTCATCGCTTCCTTTGCCAGAAGTTCCGATTCAATAAAATCTCTTGTCCAGTTTTTTAGTTTAACAGTTAAATATTCTTTGTCAATCGAAGAAACCGTTCTTCCCTCACCTGCAAGAAAATAAATAAAATCATCCAACGGGTAGTTCACCCCCTCGTGCACAAAATAAGGAGCTGAAAGAGAATCCTGCGGTATATTTTTGGGTAATTTATAGAAATAATCACTTTTTAACGAATACTCTTCACCGTGACTGATCGCAGAAGCAAAATTTTTATCTTCCTGTGCGCCGGTGGTTAAAATCTCACGAAGTTTTCCCAAAAGCAAACTTAACAACCTGCCGTCGGTAGAAACCTTCAACCCCTTAAAAAACTCAGTTTTGAACGCTTTATAATATTTTTGTGTCATTCTTTCCAAATAAATCTTTTTCACGCGGGCAAACTCATTCTCAAAATCCTGCGAGCTTTTCATCGTGGTGTCGTGTTTGCTTTCAATGTAAAAAATGTACCATACCCCGTCGTGTTCAATGGGTGCGGTGTATTCTTTCGGTTTTGTCTCATAAAGCAGGTTTTCAACATCCACATCGAACATGCCGTAAGAAACAGTCAGCTCGTTTTGGTGCGCATTTTCACCATAAATACTTAAGAAAAGAGAATCGAAAGGCAGCCCTTTTTGCAGGAAATCGTAGTTGTTCTTGATTTGCGCTTCGTTACTGTTCCTGATCGCTTTAATGTCAATTTTAGTCAGCGCTTTCGCAAATTCGTTTGAAAGTGTTTGTTGTGATTGGTCGATTTTCTCCGTTATTTCCGTTTTGAAGAGTGCATCTGCGGCAAACATTTTCTCAAACTGAAAGATTCTTTTACGCACCTCAGGAATTGTATCCAAATGGAGCCTTTCAGCCTCCAAAGCGAAAAGCTTATCCGCTGCCATAGTGTAAATCAACTCTTCTTTAAGCGCATCCTGTGCCCACTTCACATGTGCAATATATTTTGGAGTCATTTCATACCAGACAACGAACTCGCCGGCGGTAATCTCTTTACCCCCAATTTTCGCCACCACATCCTTGCTCAACTGTGCAAAAACGGCATTCGAAAGAAAAACGCTGAAAAAAAAGATTAAAAAGAAAAAAATGTTCTTTGGTCGCATTAGCAATTTTATTTTTTAATAGTCATTAATTTACGAATTTTAGACGGCTGATTTCAAAAATTATCCCAATTTTCATGGAAAAGAAAAAGCGCTATCCTCTTTATTTTTATTTTATCACGGTTTTAATACCGTTTTTGCTGCTTGCATTGGTTGAAGTGGGGCTTAGGCTCGGCGGATTTGGCGCAATCCCTCCGATATTTGTGCCCGTTCCGGAGACCGACGGAAAATATCTGATGATGGATCACAACTTTTCCAAACGCTACTTAAAAAACGCCGGTTTCAACCCTACTACAATAGACGATGTATTTCTGAAAGATAAAGACCCCGAAACTTTCCGCATTTTTGTGCTCGGCGAAAGCAGTGCCGCCGGCTTTCCTTTCGAGCCTGTCGGCGCCTTCTCCCGCTTTTTGAGTTTCAAATTAAAACTACTTTACCCCGCGAAAAAATTCGAAGTTGTAAATTTAGGGATAGCCGCACTCAATTCTTATGCAATTCTGGATATACTCGATGAAATGCTCGCTCAAAAGCCCGATTTAGTGCTGATTTACGCCGGGCATAACGAATACTACGGAGCCTTCGGCGCTGCTTCGATGGTTGCGTTGGGTGAATCTCCCGGCGCAACGCGGTTTTTCAGAACAATCGGGAATTTGCGCATTTTTCAGTTGCTAAGCTCAATTTTCGGAAGTGATGCATCTGAGCCAAAGGGAACACAATTGATGGAAGCCCTCGCAAAAGATAAACTTGTCCCGAAAGGTTCTGAGGTTTTTAACGCCGGAATTGACCAGTTCAATGAAAACTTATCAGAAATTTTTGGGAAAATTCGTTCAGCCGGCATCCCGGTTATTGCCGGCACATTGGCTTCGAACCTTTTGGATCAGCCACCCTTTTATCCGGAATTTGACGGGGCGGGTGAAGTTTATAAGAAAGGGCAACAGCTTTATTCCGAAGGAAAATTTTCAGAAGCTTTTACAGAGTTTGAAAAGGCGAAAGAATTAGACGAGCTTCGTTTCAGAGCTCCCGTAGAATTTAACTCAATTATCCGGAAAACTGCGGAAAAAGAGGGTGTCCCTGTGGTTGCTGTTGATTCGATGCTTGCCACTGCGTGCTCGCACGGGGTAATTGGGAAGGAAGTGATGATCGATCACCTTCATCCGAATCTTTTCGGTTATAAACTGATGGCTGACCTTTTTCTGAAAGGAATGGAGAATAATGGGTTTTTGAAAGATTTTCAAAAGGTAACTGACGAAGATAAACAAGAAAATCAAGGCACGGCTGATGCCGGAAGTGTTGCCGATAGCCTTCTGTGGCAACAATTCCCTTTCACACGGCTTGACTCAACAATAGCCCTTTACAGAATTGCTGCTCTGCAGGGGCAGTGGCCCTATAACCGTTCCGGAAAACCTAAATCTCCCGAAGAAATCAGAAAACCAACTGATAAAATTGATTCTGTTGCTCTTTCTGTCAGCAAGGGAAAGATTGACTGGTTCGCCGCGCACACCGAAGTTGCTGATTATTATAAAGGCTTAGGGCAGGCTGACCGGTTGGAAAAAGAATACCGCGTCCTTATTTCACAATCTTTTTTCTTACCAAAATATTATGACCTGCTAGCAAATAATCTTTTGGAAATGGGAATGTACGACAGGGCAAAAGCTGTGCTGGAAGAAAGCTATGCCCTTAAACCGGGCGCGTTTTCAACGAAGTGGCTTGGCACTTTAGCACTAAAAGATGAAAACCCACAAAAAGCGAAAGATCTTCTTTCCGAAAGCATAAACTATAACGGTGATGACACTCAAACCCTCTACAACCTAACGGGAGCCTGTTTATCTCTGAAAGATTACAGTTCTGCCAAAACCTACATCAACCGTTGCTTAGCACTCGACCCAAAATATCCCGGTGCGGCAGAACTGCAGAAACAACTTCAGAATTTTTAATAATAATAAACGAACATACTTTAACAGAAGGACTATATTTAATAAACTAACAAACTTTAATAGATACACAAATTTTAATAGACGGACAAATTTTAATAGACGGACAAATTTTAATAAACCGACATACTTTAACAGACGAACATACTTTTCTTTTTCAATAAATACAAATCGATAAGAACTGCCAAACACACCGGTATAAATCTATTGTAAACTTTGCACGAATATGCGTCAGCTTTACACACATTTACTCCAACTTACACGAATATGCGTCAACTTTGAACGGATGATATCTCCTCCCATCCCGAACCTTAACCCAATTACACAAAACTTTTTACACTCCTTATCCCCTTTCCAAAAACTCACTGCAACCATTGATAATCTCTCTAAAATTATGTCAAATACAAAACCAATAATTTGCAGTGGTTATAAACAGAAGTCTCTAAGTGCATAACTCGTTCACGCGGGAACAGATAATCAAATTGTTGAAAATGATAAAACGGGTAAAATTTTCCTTTAATGGGGCATGCATTAAAATTCAAAAGCAAAATAGCGCACAAAATTTTTTGCAGTGGAGCGTAAATTAAAATTCAAAAGCAAAATAACCGGCAAAATTGCACTTCAGTATTGCCTGAATCAAAATCCAAAAAGCAAAAAAAATCCGGGCAGCTTTTCAGCCGCCCGGATTAGGGTCTCTCAAAAAAGAGATTAATTCTTCTTCCGAGGTTCTCTTAAAAAGAGATTAACTTTTCTTCAAAGAGTCTCTTAATCAGAGATTAATTTTTCTTCAGATTGAATTACTTCAGAAGCATCATCTTGCGGGTTTGTGTAAAGTTACCCGACTGGATAGTGTAGAGGTAAATTCCTGAAGGAAGTTTTGTAGCGTCGAAACTAACTTCGTAGCTTCCGGCAGATTTCTGAGCATCAACAAGAACGGCTACTTCCTGACCAACTGCGTTGTAAACAACCAATCTTACATTTCCGCTCTCAGGAATGCTGAAACGGATAGAAGTTGATGGGTTGAACGGGTTGGGATAGTTTTGGCTCATACTGAAAGTTGAAGGAACAGTATTGTCGATTTCTCTGACATCAGTTACAACATTAATAAGGTTCGATACAGTAATAACACCAAAAGTGTCAACTGCAGTAGCGCTTACATAGTTGATGTGCCAATCGAGCATGTGGTTTGAACCAACGCCGGCTTCGTTATCGTTTGAACCCTGGTTGTTATCCAAACCAAAGTTAATACCATACTTGTACTCAGTGTTCAAAGCAGTGTAAGCAGGGAATTGAATATCTTTCGAGAAGATCTTATCACCGGCTACTAAGTCACCGTGTGTGCCGTCATCAAAAAGTCTGATAACAACAGCAGAATCACTTGTGGGCCAACCGCCACCGGGCCAGCCGAGTGGTGAAGATGAACCGCAAATAATTGCATTATCAACGCTTGAGAACGGACCAAGAGGGCCCGCAGCGTTGGTAGTGTTAACAGTGAACTTAATGGTGCAAGCTTGGTTGATAACATTCGACAGGTTACCATCGTTAAAGCTGCCTTCCTGAAGAACAAATCCGGTGTTGATATCATCTTGTGAAACATTGATCACCCTGTTGCTGCGGCTTTCCCAAACATTGGGTGTGTACCAATATTTATACTGAACTTCCTCGCCAACAAAGGTTTCCCTGTTGATGGTTATTTCGTAAACATCAGGGTTTGCACTCGGGGTCATGATGTCCTGAAGTGA
CP129491.1_gap66	2135025	2135792	767	TCCGAATAAGCATCCCAACACCATTCCCATACATTACCGGTCAGGTCGTAAATACCCAATTCATTAGGTTTCTTTTTACCGACTTCGTGGGTTGTTTCGTTAGAGTTTTCTGTAGTCCAACCCACTTCATCAAAATTATTGCTTCCTGAAAAAAGAAAACCGGAGTTTTTCAGTCCCCCTTTTGCGGCAAATTCCCACTCAGCTTCTGTTGGCAACCGATAGCCATTGGCACCAAAGTCGCAATCTACATTCACATCCGTCCCCTCGATACTGTCACTCCAGCCCTGGTTTCCCCCTAATTTAGTAACAGTGTAGCATGGCTCCAAACCCTCAATCATGCTTAATCTGTTGCAAAATTCAACTGCCTCTACCCATGAAATTTGTTCAACGGGCAAATTATCCCCTTCAAAATAAGCGGGATTACTCCCTTGAATTTTTTTCCACTGTGCCTGCGTGACCGGATACTTTCCCATTAAAAAACTGTCAATTTTAGCCCTGTGTTCAGGTGTGTCACCATCCCGATTTCTGTTATACCCCATTATAAATTCGCCGCCTTCAACCAAAACCATTTCAATCCCGAGATTTAAATTGACTCTGTTGTTGTTTAACCAACTATCCCCACTTTGAAGTGATACCCCGGGGCTGCTGTCAGAATCCGGAAAAACTCTACCTGCTGATTGAAATCTTCGCCAACCGGTTGATACAGGGATGTCAGTTCCATAATCCGCACTGCCCTCTTTTTCCAGCACTTCCAATGCACTCAACAT
CP129491.1_gap67	2189436	2193057	3621	AACTGCACAGAAACTGCATAAAAAGCCTTAAACCGGGCGGTCAGCTTATTTTTACAGCTTATGATAAAACACAGCTCGGCAAAAACTCCGGCGGACCAAAAAACATCGATCTCCTCTATTCACTTCAGCAAATTGTTGAAGATTTTATCGATTTGGAGTTTTCCGTATTTGCAAAAGAAACGGTTAAACTTTCCGAAGGGCAGCTTCACAACGGCTATGCTGATGTTATTAAATTTTCAGGTTCCAAGAGTTGAAAAAAGTTCTTTTTTTAACCTACTACTGGCCCCCATCGGGCAAGGCATCACTTCATCTGCCCTTGGCGATGATTAAGTATCTCCCCACATTCGGCTGGCAGCCCGCAGTGCTGACTGTTGAAGATGAATCGTTCGCCCAAAAAGATGAATCGCTGATCAAGGAAATTGACCCCGCTCTTAAAGTAATTAAAACAAAAACGATTGAACCTTTCGAATTTTACAAAATCTTCACCGGAAAAGGGAAAGACGCACAACTTGTTGCTTCGGAAACTATCTCCAAAGAAAACAAAAGCCTTACGCACCGGATTTCCCTCTGGATCAGGATGAACCTTTTCATCCCCGATGCACGAATTGGGTGGTACCCTTTCGCTGTAAAAGCGGGAAACAGGCTGCTGCGTGAAGAGAAATTCGACGCTGTGGTCTCAGTGGGTCCCCCGCATTCGGTTCACCTTGTTGCGGCACGAATCGCACGGAACGCACACATCCCTTTTTATCCCATTTTTATTGACCCCTGGCTGAACATTGCCTATTATAAAGGGCAGCACCGCAGCCGCCTCACTAAAATGATTGACGGCAGGTTGGAGAGGAAAATCCTTCAAAAAAGCAAAAACGCCATTTTTGTTACCGAAACTTCGCTTGCTGACTACATTTCAACCTACCCGTTTCTTCAGGGGAAGGCGCATTGCCTGCATTGGGGATACGACGAGGAGAAATTTGCCAATTTCAAAAGGGTTGAAAAGACCGGTGATGAAGGAGAAACAGGCGAAATTGGTGAAGTGCAGTTAAAGAATGAAAAAGGAGAGGGGTCAATTAAAAATGAAGTAGGGAAAGAAACACCCGGCAAGATTTTGCTTCACTCCGGAAACATTTTTGATTTTCAAAACCCTGTGAACCTTTGGGGCTATCTTAAGCGCCGGATCGATTCGGGCGAAAATTTGCAGCTTTGGTTCACGGGTACCGTAAGCCCCGGCGTGCGAAAATCGATTGAATCGGCCGGCTTGCTTCCTTTCACCCGTTTTCTTGGCTTTCTTTCCTACGGTGAAATGTTGCGCACATTGGCGATGGCTGACTTTCTTTTGGTGTGCGCTATGGAACCAAGGCACTTCCCCGGAAAACTTTTCGAATATCTCAGAACCGGCATCCCCATTCTCGCATACGGAGATGATAATACGGAAGTGGCGCAGGTGATTGCGGATGCAAACGCAGGAATGATGCTCCCTTTTTCTGCAGACGGCTCTCAATTTTTCGAAATAGCCGACGGGTTTTCTACGGACTTAAACAAAGTTACCCGTTTCGACAGAAAAGTTATCGCCGGCAAACTTGCAGATATTTTGAACAAAGGCTGACTCTTCCCCCGCTATTCAAACAAACTTGCCGGAATTTTGAGCAACGGCCGGTTTATGGCACACTTCAAATTTCTTTAAATTCTGACAAAAAACCGGAATCTAAAGTAACTGACTAAAACTGCGTCAATAATTTCGTATTTGTTTCTTTTTAACTTATCCGTAACTTTCGGGTTGCAAAAGGAATTATTTCGTCAACGCAGAAAAAATCGAATTTAACAATTTAATTAAGGAGTTAATTGGATGAAGAAAATTATTTTTCTCATGATACCCCTCGCTTTCATTTTCTTAGCGGCTAACGCTCAGGCTCAAAGCGAGAAAAAGGCACAAAAAGAACACGAACACAGCGAAGCGGTTGACACTTCAAAAGCGGCATGCTGCTCAGGCGAAGAAGCTGAAGGCGAATGCTGCTCTAACGAAGCTGCCGACGGTAAGGCAGACGCCGGGCACAAAAAACCCGATAAAGTTGACCAGGAAGCTAAACAGGCGTGGAACACCGTTTGCCCCGTTACCGGTGAAGATATTGAAGAGGGCGCACCTACTTTAGAGTATAACGGCAAAATCGTCGCTTTCTGCTGCAAGGGTTGTGTTTCTAAATTTCAGAAAGACCCTGAAAAATATTTGAAAGACATCAGCCCCGACGGTAAAACTTACCTGAAAAAAGACTGATTAAAAGGGGCACGCAAGGCCTACCCCGTGCAGGCGGACGCAACTGAGTTGTTTTGCCGGCTATCTTAGTGATGAAGAAAACCGGGCCTACCCCGTGCAGGCAAAAGCAACTGAACCTGCAACCCAAACGCCCCTGAAAAATTAACAGGCTTTAAAATAAAAAAGGCTACCCGACGAAAAACCGGGCAGCCTTTTTTTATTTTCTTTCAAAAAGTTCAGTTAAATCAACGCTGCACTTCAACCGTTAAAACACATTATACTGCAGAGTAACCGAGGTTTTGAAATCGGTGGTTTTTCTTAAACCGCTCCTGATCAAACCTGATTGTATGCCAAGGTTGATGTTGTTTTCCAAGTAAAATATGAAACCGGCTGAAAGCACATGATCCATGTAGCTGTCTTCGTTTATTGTCCAGATTGGAGCGTTTTCTTTGATGTAATTCAACTGATAACCGGCAACGAAGTTAATTTTATTGCCAAGCTCGTAGAAGTAATCAACACCCGCTGTAGCAATAAAAGTTTTGAAGAAACTTGAATCAAACGGCGTGTTAACATTAAAGAATGCGTTAACCTGCGACGACCAACCGATCGGGTTAGAGAACCTGCCGCCAACCGAAAGAGCCGGTGAACGGGTCGGTGATTTGTCGCGGGTCGAAAGGTTGAACAGCACACCTGCGGTGAGATCCCATCCGAAGTATCTGTCGTTAACTTTTTCGTTAATTCCTTTAAGAACCTGCTGAGTTCTCAGGATACCGATAGCGCCCAGTGCACCGCCGGTAAGCAGCCCGGTTGCACGCATCTCTTTTTCGATATCTTCATACCAGTTTTTCTCGTATGTATCGCCGAAAACGCCTCGATATTCGTTCTCTCTTTCGATAATATTGGCAATTTTAATCATCGTTTCTTTCGGCAGATTAGCAGATATAACGCCTTCTTTCAAAAGGTGCTGCTCGATCCTTACGGCTTTTGCCAGTGCGGTAGCGTTGATGTATCTTCCGTAACCACCACCAACGGTAACATTCGACTCAATTTGTTTGAATGTGTTTGCGTGGCGAAGATCAAGGGCGCCAAATCCGAACCAGTCTAAGTTATCAACGATATATTTTCTTACGCTTGGGCGAATTGAGATATCGTGGTTGTATTCACCATAATCTTTCCCGGCTGCAGCGTCAACATCGATAAAATACGCGAAAGGCAACGATGAATAGAAATAGCGAAACAAACCTGTTGCAGTTGCGTTGTTAGCTGTAACATTAGTCTGCACAGAGTCCGATGTTTGTGCAAAGTTATAACTGCCCGATAACCTGAGAATTTTAGCAGTACTGACGGGCACTTTATAATCCTGAACTGATACATTT
CP129491.1_gap68	2197906	2199146	1240	TCATCCGGCTACGGAATATTTTTGCTGAGCAAGTAGTATGCACCAACACATGCGGACTGTCAATCCCGATCTATCGGGACGAGGGCAAAAGCGCATAATTTTTATCCCGATCTATCGGGATAGGAGCAAGTAGTATGCATCAACACATTCTGCCCGGAAAGAGTTATCCATTAGGAGCAACCGTTGCCGCCGACGGCTCGGGGGTTAACTTCTCCGTTTACTCCCGTAACGCCACGATGGTTGAACTGTTGCTTTTCAGCTCACCGGAGGCGCCAACTCCCTCCGATATTATCCGGATGAACATCCCCAACAACAGAAGCTACTACTACTGGCACTGCTTCGTTCCGGGGGTAAGGGCGGGGCAGGTGTATGCTTACCGCGTTCACGGTCCGTATAAACCGGAAGAAGGGCTGAAGTTCGACCCCGAAAAGGTGCTGATTGATCCATACTCACATCTTTTAACCGATAACCTTTATAACCGTGAGGCGGCTCGCAAACCCGGAAGCAACCTCGGCTCTTCCCTCAGAAGCGTTGTCGTCGATTTTTCAGATTACGACTGGGAGGGGGATACCCCGCTTAACCGCAACGGCAACCGAACCGTAATCTACGAGCTTCATGTTAAGGGCTTCACCGCCAACCCCAACTCCGGCGTTAAAGATGCGCACCGCGGCACCTACAGGGGGCTGATTGAAAAAATACCCTACCTGAAAGAGCTGGGCGTAACCGCCGTTGAGCTGCTGCCCGTGCAACACTTCGACCCGAACGATGTGCCGCCGCCTTTGGTGAACTACTGGGGATATAACCCCGTCGCTTTTTTCGCACCGCACAGAGCCTACAGCGCCGACAATTCACTCTTTGGGCCTATTAACGAGTTCCGCGACATGGTTAAAGCCTTCCACAAAGCCGGTATGGAGGTGATTCTTGATGTGGTGTTTAACCATACCGCCGAGGGGGATGAAACGGGACCTACGCTTTCGCTGCGGGGCTTCGAAAATAAAGATTACTACATCCTCAACGATAAAAATAAGTACCTTTACGCAAACTACACCGGCTGCGGTAACACCCTGAACGCAAACCACGCCGTGGTTAAAAGGATGATTATCGATTCACTCCGCTTCTGGGTGGCTGAAATGCATGTGGATGGTTTCCGGTTCGATCTCGCCTCCGTACTTTCACGCGGGGTTGACGGCAAGCCGCTTCAGGACCCGCCAATTCTCTGGCAGATCGAGTCGAACCCCGT
CP129491.1_gap69	2265073	2269202	4129	CTTTAATCAGAATTTTTCTCTCAAATTTATTATCGACCTTATTTTCGGCGAAATTTTGCACCCAGACGGGCATTTCAACCCACCAGATACTTTTTGCCGAGTCACTCATCATAACAACGGGATCGGTGCTTTTAAACTCAAATTTTTTATCGGTTTCAGGCTCTTTGCTGCACCCGGAAAGGGCTATAAGCAAAGCCGCCACAAACAGTGACAGAATCAGTTTTCTCATTTAGAATCTCCTTAAGGTTTCAATTCCTTGGAAAATAAAGTTCCTTAAAATATTATGAATCACTCCGCCTGACACTCACAAATCACTCCGCCATCCGGGGAAGAAAATTTCACCCCGGTCTGAATAAATAAACGGAATGGAGAAAGGATTAGTTTCTCACATTCCGTTCAAAAATTAAGATTCAGTTAACAACTTATGAGTTCTTTTTTCTGAAATCTTCAAGGAAGCCGACGAGGTCTTCAACACCTTTAAGCGGGAAGGCGTTATATATAGAAGCCCTTAAACCGCCAACGGAGCGGTGCCCCTTAAGCCCGTTAAACCCGGCTGCAGTTGCGGCCTCGATAAGCTGTTTTTCAAGCTCGGGAGTCGGCAGGTTGAAAGTAACATTCATCAGTGAGCGGCTGCCCGGTTGAGCGTGCGGTTTGAAGAAACCGTTGCTGTTATCCAAGCAGTCGTAAAGTATTCCGGCTTTTTTCTTGTTTGTGGCGTACATAGCATCCAGCCCGCCGTTTTCTAAGAGATACTTCCCAACCAGATCGATAATGTAGATACCGAAAGTGTTCGGGGTGTTGTACATCGAGTCGTTTTCCGTGTGGGTTTTGTAGTTCAGCATAGTCGGAAGTGTATCCGGCGACCTTTCGAGCATATCTTTACGGATAATCACGAGCGTAACACCCGAAGGACCGATATTTTTCTGCGCACCGGCATAAATCATTGCGAACTTGCTTACATCAATTTTCCGGTAAAGAATATCGGAAGACATGTCGCAGATCAAAGGCAGGTTGCCTGAATCAGGGACATAATCAAACTGTGTTCCGAAAATTGTGTTGTTCGAAGTGTAGTGAACATAAGCGGCTTCGGGGTCAAACTTCAGTTCGTCCTGCGTTGGCACACGGTCGAAGTTTGTGGCTTCTGCGGTATAAACCACATTAGGAGTACCCACTCTTTTTGCTTCTTTCAGCGCTTTTTTCGACCATGAACCGGTGATAATATAATCTGCTTTGTTAACCGGTGGCATCAGGTTCATCGGAACCATCGAAAACTGAAGGCTTGCGCCACCCTGTAAGAAGAGGATATCATAGTTCTCGGGTATATCCAGAAGCTTTCTCAATCCGTCTTTAGCCGACTGCAGAAAGGCGCCGAAAGTTTTTGATCTGTGGCTGATCTCGAGGATCGACATGCCCACGCCCGGAAGCATGAAGAGGTCTTCCTGAGCTTTTTTAAGAACGGGTTCCGGCAATATAGCGGGGCCCGCACTGAAGTTATATATTCTTTTTTCCATCTCCGTATTCCTGTTTATTTTTTTTGTATTTGCGTAAATTTGGAAATAATGCTCATTGAGCGAACAATCGTTTATTTAACATCGATAAGGTGAGTCAGTATGCCGTCCCTAAGTTTAGGTTCAAACCAGGTAGATTTGGGCGGCATCACTTCGCCTGCATCGGAAATTTTCATAAGGTCTTCCACCGTAACGGGATAAAGCGAAAAAGCAACGCCGAAATTACCGGAGTTCACCAACTTTTCAAGCTCGCCGGTTCCGCGGATACCGCCGATAAAATCGATCCGTTTGCTTGTCCGGGGGTCATCCACACCAAGAATTGGCGCCAGCAGATAGTTCTGCAGAATGCTTACATCTAAGGTATCGCCAACTGTTTCAGCACCTTTAAGCCTGCCGTTTTCGTAGTGTTCGGGTTTCAGTTTCAGTGTGTACCACTTCTTATTCAAAAACATCGAAAAATCGCCTTTTTGCGACGGTGAGGCTTTACCCGATTCGGAAACTTCGAAATGTTCACTAACCTTTTGGAGGAACTGTTCAGACGAGTTGCCGTTCAGATCAACAACCACACGGTTATAAGGCAGTATTTTAAGCTCTTCAGCCGGGAAAAGCACAGCAATAAAGAAGTTATAGTCTTCCGACCCTCTGTGTGCGGGGTTGTTTTCGCGTGCAACAGCACGCGCTCTTGAAGCAGAAGCTGCTCTGTGGTGCCCATCGGCAATGTAGAGGTTTTTAACCTTACGCAATTCTTCAACAATAGTGCCGTTGTCGTCCAATGGAACCTGCCAAACCTCGTGCCTGATGCCGTCGGGTGCAGTGAAATCGAACAAAGGTGCAGTTCCCGCCATAACCGCAGCAGTTAAGTTGTTGATGTTTTCAACACCTTTGTAAGTTAAAAACACAACTCCGGTTTGCGCACCGGTGGTGATGATGTGGTTAGTACGGTCATCCTCCTTAACTTTGCGTGTTTTTTCATGTTTAAGGATGATGTCGTTATCGTAGTCGTCAACGGAAAAAGTAGCTGCAATGCCGGTTTGGCTTCTGCCCTCCATCGTCAGACGATATAAGTAAAACGAAGCCGCATCTTCTTCAACAAGAGGGGCGGCAATTCTGATTCTTTCTAAATTATCTTTAGCGCGGGCGTAAATTTCGGGTGCATAAGGGTCTTGTTCGTCAGGGAATTCAATTTCAGAACGGGTTATGCGCAGGAAACTAAAAGGGTTCCCCTCGGCTAAAGCTCTTGCTTCATCGGTGCTCACTACATCGTAAGGAACGCTTGCAACCTCTTCGGCTTTGCCGGTTTCGGGCCTGAGCGCCTTAAATGGTCTAATGACCGCCATCGTTATATACTCCTTTAAGAAAATCTTTTAATGAGACCACTAAATAACGAAAAATTTCGGAAATTTAATAATCTTAAGGGGTCAAATTCGATAAAAGGCGCTCAATCGGTGTTTATAAATACTTAATTAATCATCGTCGTGGTGATCTTTTCCTTCTTCGCCCTCTTTTTTATCTTTTTTATCTTTGCCGGATTTGTCTTTTTTATCTTTCTTATCTTTGTCAGAATTGTCGCCTTTGTCGGAATTGTCGCCTTTGTCAGCTTTCGATTTCTCCAATCCGGGGCCCGTTCTGTATTTAGAAGCCTCTTTAATCTGCATAGTTTTACCGAGAACCGGAATCTTGAAGTTATAATTAACAGAATCGTAACTTGCGAAAATCAGGTAACCCCAAATAAACACGACAATTAGGAAGGCAACACCAGTAATCGATTTTGCGGTTGAAATGCCGTCTTTCTCATCAATCGCCTTTTTGCCGTGCACCATCGAGGCGGCAATCATTTCCTTTTTGCGTATAGTGTGAATCAAGATGCCCAGCAGGTGAACAGCCACCAGAACCAACATAGCGTTTGCAAAAAGTTTGTGCAAATCTTTAACGCCCTTTTCACCCTGCCCAAGAAGCAAGCCGGTTATGGCAAGCCCAAACAGACAGATAACCATCCCGTAAATAGCCCATGAGCTGCCCGGGTTGTGCCCTACATAATTGTTATCCGAGTTTGTTGCCACTTCTTTCAAGTAACCGAAAAGTTTATCGGGGCTGTGCAAAAAAGAATTAAATCTTGCATATTTGGTACCGACAAACCCCCAGATCACCCGCAGAACCAGCATGAGGGCTATAACCACGCCAAGCATTGCATGGTAGGGGAACCGGGTATCGTGGTCACCGTAAATAAAGGCAATATATGCCGCGACCGCAAAGCAAACCACCAACAACCAGTGAAACAAGCGGACGGGTAAATCCCATACCAAAAAGCGCTTTTTTCCTTCCATTATATCTCTCCAATATTATTAAAATGTGTGAAAAGGCGAATTTAAAAATATAAATTAAATTGACAATTTAAAGGACAGTATGCTCTAAACTCTTTTAGTTTAACAAAAAATGGGGAAATTTTGGTAAATTTTTTCTGATTTTAATAAATAATTGACAAATAACCGATAAAAAGTTAAAAATAATGTTTGTGCTTCACCGAATTTGATTAAATTGTATTCATAAAAAGAAAATTTTCGACCCGAAGAAGTAACCCTCTGTATTGTACAAAGAAATTTATCGTTGTTTAATCACATCAG
CP129491.1_gap70	2271066	2274248	3182	TAATAGATTTTTACATAAACAAGATTGGTCTGAAAAAACTCTCGCAAGAAATACAAGTTGGCGAGCCGACACTTCAGGACATAATCGAAAACATCAAAAAACCGGGCCGTGACCCCAGAGAGGCTCTGCCCAAACCAACACTAAGGAGTGACATAATGAAGATGGAAGACCTTAAACCGGGAATGAAAGTTAAAGGTACCGTGAGAAATGTAGTTGATTTCGGTGCGTTTATCGATATCGGTGTTAAGCAAGACGGTCTGCTGCATATATCGAAAATGCGAAAAGGTTTCGTGAAAAGCCCGAGCGAAGTTTTAGCCGCCGGGGACGAAATCGAAGTAACGGTTACCGATGTAGATTTCGACCGTAAAAGAATCTCCCTGAGTTTAGTCGATTAATAAAACAATTAAATTAGTCAGCCTGATACAAGTAATCGCCTGCAACAAGGTTGCTTTACCTGTAACAGGATAATTAACCCCGCATAAGTTGTTCTGCCTGATACGGGTTAATTAAATTAATTTATTCGATTTTACAAAAGAGTTCGCCAAAAGAATTACCCGAACCGGTAAAAAAGTTAGAAAAGCTTCACAAGGGCACAAACCTTTAGTTTGCGCCCCATTGTGAAAAATTTATTCTTACTTTCTGCCCATAAGGTATTTGCCGATGAACTGCATAGCCTGTTCTTCGGCTTCTTTTGCATAAGTTGCGTTGTAGCCCGGTGCACTCGGGTTTGCAAATGCGTGGGTAGCGTCATACTTCTTTATTTCGTATTTCCGCTTAAATGGTCTGTAAACTTTGATAAAGCTTGCGACAACTTCCGGTGTGATTGAAAGGTCTTGGTTTCCAAATATGCCAAGAACCGGTGCCGTAAGGGTTTTCAGCTTTTTCTTATCCATTTCAGGCATACCGTAGTACAATACACATGCTTTAGACTTTGCACCAAGCCGGATTGAAGCCTGCATCGACCAATAGCCGCCCATGCACCAGCCGAGCGTGCCGATCTGTGCTTTTGCGCCTGCGTGCTTGGAAGCTGCGTCGATAATTTTGAATGCGCGGTCGGCTTTTATTCCGTTTTTCAGAGCATTTGCACTGTCATTATCAGCAAAAACAACTTTACCATCATAAAGATCGAGCGCGAGCACATTCAGGTCGGGGAAAGCCGCTGCGTATTTTTCCGCTTCGTTCTTGATATAGTCGTTAAGCCCCCACCACTCGTGGAATAAAAAGAGCCACTTATTTGACTGCTTTTCGGCGCGCACGAAGTAAGCGTCGGATTTTGTGCGGTCTGAAAGAGTAAGAGGGATCATCCCGCCTCTGCCGTCCAACCGGGCATCACCCTGAGCGTAAGCGCCGGCTGCAAACAGCATAATGAAGAGTGAGAAAGCAATTTTTTTCATATAGATTTCCTTATTTATTGAATTTTTGTCCTCGCCGAATTTAAAATTTTAATAAAAATTAAAACCAATAAAGAGATAAACTTTGTAATTGTGTTAAAAGTTCGTGAACGATATATTTCACATCAGGAATTTAATAAAAATGAAGGAATTGACGGCACAACAACTCTACCCAGTTATAACAATTATCCGGTAAACATCCGTTATGCTTCAAAAATTAAGATATATATTGCCGGCAGTTCTCGCAATTTTCTCACTTTTTGCCGGGAACACTGCCGCACAGACAACACTCACGGGGCGTGTACTATCGCACCTCGGCGAGCCTCTTTCCGGCTGCGCGGTTTTCATTCAGAAATCCCCTCTCGGTGTGATCACTTCCTCAGACGGGGCATTCAAGTTTGACCTCCCCGCCGGCACTTACACCGTACGCGTAAGACACATTGCTTACCGCGATACCGCCTTAAGCGTTACCACTTCCCCAAAAAAATGGGATACTCTCGTTATAGCTCTAACACCTGCCGAGTATCTTGAAGATGAATTTGTTGTACTGGCTGATAAAAACAGAATGGAAAAAGAGACTTTAGAAGCCGAAACAATAAATAACATCCCAACTCTGAACGGGGAAGTGCTGCAGACTCTGCGCATTCTGCCGGGGGTTAAAATGAACAATGAACTTACTTCCGGCTACAATGTGCGCGGCGGTAGTTTTGACGAAAATCTGATTTACCTGAACGGTTTTGAAATCTTCAGACCTTTCCTTTTAAGGCAGGGCATTGAAGAAAACCAATCGCTCGTTAACCAAGACCTTGTAAGCAGCCTCGATTTTTACGGCGGCGCTTTCCCCGCAGTTTTTGGCGATAAAATGGCTTCGGCGCTTAAAATTAACTACGGAAGAGGTGCGCAGCAAGGGTTCGGAGGAGTGGTGCGCGCTAACCTGCTTTCTGCAGGCGCTGCCGCTCAGTACTCTGACGGTAAACTTAATGTAAGCATTGGCGGCAGATGGAGTTACCCGAAAATATTCTCGGCACAACAACACACCGAGGGTGACTATCGCCCCGAGTTCAAAGATGCCCAAATTAACATTAACTGGATGCCGGGCTCCGATTTTTCCGTGCAGCTTTTCATGCTGCGGGCAAACAATAAATATGACCTTACACCTGAAAATTGGACGGGGCACTTCCGCTTGGATGGCAGCATTATGGGCGTATCGGTTGATTACTCCGGTGAGTCGAAATACTCGAACGGCACTTCATTAGCAGGGGTTCACCTTAAATTTAAAGCCGCAGCTGATCTCCTGTTTGGCGTCAGTTTTTCCGTTTTTAGCCTGAATGAAAGCGAGAGCCGGAATATTGATTCGGATATTTACCTGATACCTGATGCGTACTACCCCGAGTATCAGGAGTACCTGAAAACAGCATACGAAACGGGTGAAAACACTCTTGACCTGAATGTTTACAACATAAACCCCGAGATTACATGGTTTAAAGGTATTCACAAAGTGAAAGCAGGGGCTGAAATACGGTTTTCAGGTCTGGAAAATAAGCTGTACGAAAAAAAATCGGAAACCGGGGTTAATTCAATTCCGGCAGCACCGGAAGTAACTGACTATTTTAACAATAACAGCCTCGATAACTGGTCGGTTTTTGCCGAAGATGAAATCAGTCTGAACGAGCGAATTACAATAAATATCGGAAGCAGATTCACATCGACACCATATAACGGCGAAACATTTTTTTCACCGAGAGGCTCGTTTGAGTATAAATTCAACGAAAAGCTTAGCATAAACCTGAG
CP129491.1_gap71	2276337	2281145	4808	TACAGCCCTGCACTTCTTCATATTTTTAAAATATTTTAGAAGTGTTTATCTAAGACCATGTTTCACATAGTCTGAATTGAAATTTTTCAAAAAACAAATATAAAAAAGTTGAGCAGATAGTTGAACAGTCAGATAAATACAGGAAAGTTAATGCCGAAACACCCGGTGCGTGTAATTTAAATCTCACAAGCCGTGATAACCCTACACCGAGACGGGAAGTTAAAAAACCCCGGAAACTGTGATAACCCTACACCGGAAGTGGCGCTGCCTGATTACCCGCCCCTTAAGCCGTAAATTTTTATGTTTCAAAAGTTTACATTTATTCGTTAATTTAAAACTTTATATTTTAAAAAGTCGGAAAGTTAATATGCAGACCCTTTCAAAGATACTCTTATTGTTGATGTTGTTGGCAGCAACTGTGCCGGCACAAGGGGTGGAAATTACGGCAGGAGGCAAAAGCAAGAAAGTTAAGACTGTTAAAAAATCGAAGATTACCTATTTTTCACTGAACGATTTTGCCTCGAAATTTTCGCTTAAACTTACCCGAACAGCCGAAAACACTAAGTTTGAACTGACAACCTATTCAAAATCCTCTGTTAAATTCACGGCAAAAAACCCGAATGCTATAGTAACAAAGGAAAAAAAGAGCAAAACATACAAAATGGCCCGTTCTGCCATCAAACAGGGTAACGATCTGCTCGTTCCGTTGGTGGCAAGTAAAGACGCTCTCTCATCTGCATTCGACGGGAAGTATTCCTACAAAATTCCGAAAGAAGACGCAACAGCAAAAGAAGATAAAGGCGGGAAAAAAGATGATAAAGAAACCAACGCCGGGGGAAAAGACACAAAACCGGGTAAACAATCTGTTATAACTAAGGCTAATTACGACCAAAAAGCCAACGGGTTAATTTGCAGGTTCACTTACACCGGCGAAGCCGCAAAAATTCAACACTCAATTAAAAACGAGAACGGTAAATATATCTCACTTACAATCGAAAACTGCGATATCACGCTGAAAAATGTGAACAAATCGTTCTCTTCAGGTCCTGTTAAAGAAGTTAAGGGGCGCGTCAGAAAAGGCAACGGCGAACTGATGATTTATCTCAATTCTTCTTACTCATCATACGAGGTCAAAAGAATAAAATCGAAGAAAGAATTGCAGGTGTTGATCTATTCTGTCTCCGAATCATCGGCTGACCCTGTAAAAAAAAAGAAGGATGGCTCTTTGATGTAGTCGTGCTTGATGCCGGGCATGGCGGCAAGGATGCCGGTGCGATCGGAACGAATAAAGGGAGGGAAAAAGATGTTAACCTTGCGGTTACTCTTAAAGTTGGGAACCTGATTAAGAAAAATATGCCCGGCGTTAAGGTGGTTTACACCCGGTCAGACGATCAATTTGTTGAACTTTATAAACGAGGCAAGATCGCCAACGAGAGTGGAGGCGATCTTTTTGTTTCGATTCACTGCAATTCAACTCCTGAGCGAAACAGTAAAGCCGCCGGAACCGAAGTGTATCTGTTGCGCCCGGGCAAAACTAAAGACGCTATCGCTATTGCAAAGAGGGAAAACAGCGTTATTAAATATGAGGACGACCCCGCACGCTACAAAGAACTGGACGACGAGAACTATATCCTGACATCGATGGCGCACGCCGCATATATGATTCACTCTGAAAAATTTGCGGGTTTTTTGACCAACTCTTTTAAAAAACACACCGACCGTGCCTCCCGCGGGGTGAAGCAGGCGGGGTTTTATGTGTTGGTTGGCGCTTCGATGCCAAATGTGCTTATTGAACTTGGCTTCATCTCAAATGTGGAAGAAGAAAAATACCTGCTGAGTGAAAAAGGGCAGGAGCAGCTTGCAAAGGCTATCTTTGAGGGGATTAAATCATTCAAACTTTATTACGATTCAGTTAACGATAACTAAAATTCTGAGGCAACATGACTAAATCTCTGGTATGGATTTTATTGTTTCTTGTCGCTTTTGCGGCACTTTTCGTTTTGCAACAACTCACACGGCAAACCGGCACTTCCTCAATGGATGCGGGGTATTATAACGGGATGGGAGAAGCCGGAGGCACTGCTGACACCTCTAACCTGAGTGGAAAGGAATTGCTGGGGAAATTCGAGTGCACAAGGTGCCACGGCGATGACCTCAACGGCACACCGATGGCTCCTCCGTTAAAAGGGATGGCTAAATACTACGATCGCGAATCACTTATCGCTTATTTAAGAAGCCCCGAGCGCAACCAAACCGGCACCCGTTTCGATGAATACAAAACTAAATATGCCACAGGCGTGATGCCTGCCTTCGGCAACAAAGATGTTAAAGACCTCGGTAAAATTGCGGATTACCTGCTGGGGCAATAAGGCGTAAGATATTTATTTTATAAAAACTTCAGACTTCTTGTAGTGCTACTTTTGTGGTGCTACTTTTGTAGTGCTACTTTTGTAGTGCTACTTTTGTGGTGCTACTATGATTACCTGCCGAAGCGGGGCGATAAGTTGAAGCCCAATTAATCACCTGACACTCCGGTGAAATTATTCACTTAGCAATCTTAGCAATCTTAGCAATCTTAACCAATTTGGTAAACTTAGCCAACTTTGCAAAAAAAAAAACGGCTTCGTTTCCCTGAAAAAGCGGAGCCGCAAAAAGAAAAACCACCTCTGTAGTTTACTTCATAGAACTATCCTTTTGGCTGAAGAAAAACCACCTCTGTAGTTTACTTCATCAGGATCATCTTCTTAGCTGAAGAAAAATTCCCCGCCTTCAATTCGTATAAATAGATTCCTGAAGTTAAACCGGCTGCGTTAAATTTCACCGAGTGATCACCCGGTTGCTGATAGCCGTTAACTAATTCTGCAACCTTCTCGCCAAGTGCGTTGTAAAGGTTCAAAACCACCAAACCTCCAACCGGCAGCGAATATTTTATAACCGTTTCCGGGTTAAATGGGTTTGGATGATTTTGGTAAAGGGTGTATTCTTTCGGCAGAGTGTTTTCAACCTCCACCGGGTTGTAAACCGTGCGTTTTCCGTCAAAATCCGTTTGGATCAACCGGTAGAAAACGGATGAAGCCCCCTCAAAACCGGTTACATCTTCAAATGAGTATTCCTTTGGCTGCAGCGTTGTCCCTTGTCCCTTGATGAACCCTACGGGGCGCCAGCCCCCTTGGGGTTCAGAGGTTCGCTTTTCAATCGTAAAGCCTTTGTTGTTAAGCTCGGAAGCCACCGACCACCGAAGCACCGGGTTTCCGTTTTCCCCCACTGCACCCGTAAAGGAAGTAAGCTCAACAGGAATAGCTGAGTAGCCGACAATTCCCACATCGTCAACATATATTCCGTCTCTGTGCACTGAACCGTCGCTTCGGAGTAAAAACCTTATTTTCACCTGCTGACCGGCGTAGGGTGCCAATGGAACTTCTTCCAGCACCCAACTTGTCTGCGTGCCGTTGTAAACCGGCTGGTTTGACGGCTGAAAACTTCCGGAAGAGGTTTTTGTATATTTACCGGCTAACGGCGTGAAAGTTGCACCGTTATCCGTTGATATTAAAACCTGGGCATAATCCCAGTTTGTTTCCGTTTCATATCTCAACCAAAATGAAAGTCTGGGCATTGTAATCGTGCTTAGGTCAATCGCATTTTTCGTTGTGATGGTTGAGTTTGTGTTGGCTATGTAGTTCCCCACGGGGCTGTCTGTGAACGAAACGGGAGGTGTAGCAAAAGTTGCTGTTGTGGGACCCCACTGCGGTGCATTGACGGGTGAAACTGCGATATCCCAGTTGGTTGCAGGGGTTGCGGCAGTATCCAGGAAAACATAGTTCGGCATTCCCAACGGTATCATCATAGTATCCACTGACATAACCGTGCTGTTCTTAACGGTTTTCAGCAAAAATTTAAGGGGTTCTGTATAAGGTGCCGTGGGTGAAATCGTGAACGAGAGCGTTCCGTTTATCGATGCGGTATCCCTTGCCGGCAAAGCAGGAAGTGTTGCCACACCATTCACAACGGTTATTGAGGGGTTAATCGCCTGCAATTCAACAGTAACCCCTGTAGCATCGGAAAGCCCGCGGTTCTTAAAAACGGGCTTTATGGCAACAAGGTCGCCCGGGAAGAAGTAGGTCTGCTGATATCCTGGATTAAACAGCGAGACATACTCGCCGGCAACCCATGTTTTAAAAAGCAAAGGGCGAAGATTGCCCAGAATCAGGGGCATAATTCTGTTTTGCGGCGCCCAGAAATTGTCGGATTCCCCACCAATTTCAAAAGTGTATCCGAAGGCTTTCTGTTTTGTTGTTTGTTCGCCATAGAACCAATCTCTCGCACCGCCGTTGGTGTTGTAGCCGAGAATTGTGCCTCCATTGCCGTATTCGTAACCGTTATATTGCGCCATATATTGGCAGAAATCGAGATAGATGTCGTTATCCGGTGTTGGTGCGTTAATATAACCCCACGGATAAAGCATTGCGTTTTGATAACAGTGGAAATTGATGTAGGTTTTAATATTCCGGGCGTTAACAAAATCCCTTATCCCGGCAATTTCCGGTTCGGAAAAAGCAGAGGGTCCCCGGTAAGTTTCATCCGCCGGGTTTGGGCTTGAGCCTGAGTTGTCATATCCCCACATGTAGCCGTAGTTCCGGTTTAAGTCAACTCCAAAACTACCGCCACTGTTCCGCCTGTTTTTTCGCCACATCCCGCCACCACCGGGGTTAGTTGAGCGGTTATACTCGTAACCGTCAGGGTTAACCACGGGTATGAAGAAAATCTCACGGTTGTTCACTAAATAAGTAACCTCGGGGTTTGTACCGTAG
CP129491.1_gap72	2404315	2407725	3410	CCGCTGACTAAGGTTGATTTTTCACTGCCGAATACCGGGTGGGTGGTGGTTTCGCTGTATGATATTACGGGGGCTTTGGTTGCAACACTTCTGAATGGGGAAATGATCGGGGGAGAACATTCAGTCACCGTGAACGGAAACAACCTGCACAGCGGTGTTTATTTTCTGAAAATCACTCAGGGTAAAAACACCGGCGTTATTAAAATGACACTGTTGAAATAGGAAATGACACCATGAGCAATCAAACCGTAGAAAAAAAGAAAATGTGTAAAAAAGAAACCGTGAAAAAGAAAACCGTAGAAAAAAGAATCGTAGAAAAAATGAAAAAAGAAACCATGAATAATTATTTAATAATCGAATAGAGTAAAGATGAAAAAAGCGATTTTATCAATTTTGTTTTTGTTGCTGTTTCCCGTAGAACTGAGTTTTGCACAGGCGTATCCGGGTTATGTACTTTTTGCACCTAACAACTCCCGTTACACCTATTTAATTGACGGAAATAACCAAATTATCCATCAATGGACCCACACCCGCACAGGTGGCTACTCTTGCTATCTTTTAGAAGACGGCACCCTGATGCGCACGGCTAACGCCACTTCTTCACAGCTGAACGGAGGCGGCGCCACAGGAATTGTGCAAAAAGTTGCGTGGGATGGAACTCTTTTATGGGAATTTACATACGCAACTGCCACCTACAGAAGCCATCACGATATAGCACCACTGCCAAACGGAAATGTACTGTTGATTGCATGGGAAACGAAAACCGCAGCGCAAGCCGTTGCCATGGGGCTTAACCACAGCGCATCTTTGTGGCCCGACCATGTTATTGAAGTGCAGCCCGTTGGCTCTAACGGCGGGAATATCGTCTGGAGATGGAATTTCTGGGACCACCTTATTCAAGCTTTTGATCCGAACAAGCCAAACTATGGTACTATTGCCGATCACCCCGAACTTCTTGATATAAACACCGGAAGCTCATTCGGTGATTGGATGCACTGCAATGGGATTGACTATAATGCTGCGCTCGACCAAATTGTAATTTCTTCGCACAACCTGAATGAAATTTATGTGATCGACCACAGCACCACTACTCAGGAAGCGGCAGGGCACACAGGCGGAAGATGGGGTAAGGGTGGGGATTTCCTCTATCGGTGGGGCAGTCCTACAAATTATAAAATGAACACTTCGAACTACTTTAAGGTAGTTCATGGTGTTAATTGGATTAAAGACGATCACCCGGGCGGCGGGAACATTCTTGCTTATAACAATGGTTTTGGAACGAACCGCTCTGAAATCGTGGAACTAAAACCGGATAAAGACAGCCTTGGGAACTATATTTGGATTCCGGGCACACCATTTTCCCCTGCCACACCTAATTGGTCGTATTCGGCACCCGGCTTCTATTCATTACACTTGGGCAGCTGCCAGAGGATGCCAAACGGTAACACTTTTATTGCCGAATCTGTCGGTGGTTATCTCTTCGAAGTGGATTCGGTCGGAAACACGGTTTGGAGCTATAACCGCGGCGGTGAAATTGCACGGGCTATGAAATACCCCGTTGATTACCCCGGGCTGACTGCACTTCCCGCTAATTTTGTTTCTTTTACGGCACATGCTGCAGGCACAAATGTGGAATTGATATGGGAAACCGCCTCTGAAACCAACAACCACCACTTCGAAATACTAAGAAGCCATGATAATATTTCGTACACACCCGTTGGTACGGTTCAGGGCGCCGGCACTTCAACTGTGCGAAAAGAGTACCAATTTACCGATAAAGGTTTAACTGCGGGCAAATATTGGTACGCCATTCGGCAGATTGATTTCGACGGCTCTTCTGCCACATCGTACAGCGCGGAAGTGGAGGTACTTAGCCCGCATGATATTACAATTCGTCAGAACTATCCGAACCCGTTCAACCCTACAACCACAATTTCGTACTTTATGCCAAAAAACGGGTTAGTGAAAATTGAAGTTGTTGATATTACGGGGAACTTAGTATCGGTTCTTGTTGATGAAATGGTAAATGCAGGCGAGAACAGCGTTATTTTTGACGCGGGGGAGCTTTCAAGCGGGGTTTATTTTTACCGCGTTACCGCCGGCGGGTTTGTTAAAGTAATGCCGATGGTGCTTGCTAAATAGTCTGTGAAAGAATGAAAAAATGAAAACCGGAAAATTTCTACTCTCTTTTTTGATGGTCTCTTTTTTGACTGTTACCGTCTGCCCGCAGGGTTGGCAGTGGGTTAGCCCGTTGCCGCAGGGAAACACAATTAACGACGCCGTAGCCGCAGGAAGCACCGTTTACGCCGTCGGTGAACGGGGAACTGTTATTGCCACTGATGACGCCGGCGTAACCTGGAGGCGTTTAGAAACGGGCACCGAAGCGGTACTTCACTCCGTGGCGGCAACTCAATCCGCTGTTTTTGTCGCAGGCGAACGGGGCACGATTTTGAAATCAACCAACAACGGGGTTGACTGGGCTTCTTCTTATTCACTGCCGGATGTTGTTATTTATTCCCTCTTTTTTCTCAATAACAACGAGGGGTGGGCGTGCGGTGAAGATTTTGCCAACCCCGGCAATGTTATTCTTAAAACAACCGACGGTGGTGCAAACTGGAGCAAAACAAGGCAGGGATCAAATCAGCTTAATGCGGTTTGGTTTACTTCCTCTTCCGACGGCGTAGCCGTTGGTATAACCGGAACAATACTTAAAACCACTGACGGTGGTGCGAGTTGGAGCGCCAAAACGGGAGGTGGGTTCAACAATCTTTTTGGAGTTTCTTTCCCCGATGCACAAACCGGCTACATTTCCGGCAATGGGGGGACCGTCCTTAAAACCACAAACGGCGGTGAGGATTGGGTCAGCCTTAACACAGGAAGCTTCAACTGGTTGGATAAAATTACCTTTTTCAACGCAAATGTTGGGTTTGCGGTTGGCTATTACGGCACAATCTTAAAAACCACAAACGGCGGCACAAGCTGGTCTGCTGCACTCTCAGGCACAGAGGCTTGGCTTCATGCAGTTGCTTTCAGTTCTCAGAACGAAGGGATGGTCTTTGGTGATTTTGGCAAAGTTCTTAAAACGAACAACGGCGGAGGTGCGTGGGTGGCGCTTTCCTCCGGCGGAACCGACCCATTGCACGCAGTTTCATTTTTTGATAAAAACAGCGGAATAGCCGTAGGGGATATGGGCAAAATATTCAAAACCACCAACGGTGGTGCGGCTTGGGTACCTGTTTCTTCCGGGTCTGATATGTTGCTTCAGTCGGTTCATTTTGTTACGAAAGATACCCTTTATGCCTGCGGAGACGGCGGCACTCTTTTGAAATCAACTGACGGTGGTGCGAACTGGCAGGCGCTTACTCCGGCGGAGGAAGTGTGGCTGTTTAATGTTAATTTCACTTCAGCTT
CP129491.1_gap73	2410026	2411985	1959	ATGATAACGGATAGAAAATATAGTCTCTTAACCATTCCGAAAGTGAGATATGCCAATTATTCCAAAATATTGCGATGTTTGGACTTAAGTAAGGATAATTGAAATTTTCCATAATTTTTATCCCAAAGAATCGGGAAGAACCAATCGCAATATCAGAGTAAGCGGCAAAATCAAAATAAATTTGAAAAGAAAACAAAATTAGATTGGTAATTTCTTTGGGAATCCCCGGTGTGGCAGAACTAATTATTTCACGGGTTAAAAGAATACCAATTCCATCTGCAATTACAAATTTTTTAAAAATCCCATAAGCAATTCTTTTGTATCCCTCTCCAAAATCTGAAAGTTTAAATTTAAGCGTTTCTTTTAACTGAGGTTCAAATCTTTCGAATCGTTCAATAGGCCCGGCGAGAAAAATTGGAAAAAAAGCGCTATATAATAAAAAATTTAAAAATGATCCCGGTTCAATCTTCTCCCAATATATGTCAGCTAAGTAACTAATATGTTTGAAGGTGATATACGAAATCCCTAAAGGCAGGAATATTTTTTCATTAATAATAAATTGTTTTAAATCCAGGAGAATGAAGAAAAAATTTGAATATTTGAAATATAATAGCGAAGTAACAACTAAAACAACGGAGACAGATAACAATGCAGTAGTTCTTTTCTTTTTTAACCGGTTACCGAGAAACCAAGTTAAAACGGTAAGAGCTATCACAAAAATTCCCGATTTAATATCAAGGTGGAAAATATAGGATAATCCGGTTATGATAAGGAAAGCAACCCGGTATTTTTGACTCCGTAAAGCCCAATACCCGATTAGTGAAATTATTAAAAAACCGATAAAACTGAGTGTAAGCATCAATTGATATTATAAAAAAAATAAATTGCAATTTAAGAAAATAATCAGATTTAGTAAATGCTTCCGGCTTCTTTGAAGTAATTACTCCTTTCAAACTGCATCATTATCACCCTTTAAGTTATCGGAAATCGCTAAATTACAAAGATAAATTTTAAAATTTAGTGAATGAGATGAAAGAAGCGGATAATTTATATAAAATCAGGCACTCTTTAGCACATATTATGGCGCAGGCCGTTTTGGAGCATTACCCCAACGCAAAAATGGGTTTTGGGCCCCCCGTGGATAACGGTTTTTATTACGATTTCGATTTTGGTGACGAGAAAGTTTCGGTTGAAGATTTTAAGAAAATTGAAAAATCGATGTATAAAATCATCAATCAGAAGCAGGAGTTTGGGATTTTTTACAAGAACTTAGATGATTCACTCACTCTGCTCAAAGAGATGGATCAGCCCTATAAAGTTGAATACGCTAAAGAACTCGTTGAAACAGGGCAGGCGGAAAACGGCGAGCTGAGTTTCTATCAGAACGGGCCCTTTATAGACATGTGCGAAGGACCCCACATTCACAACACTTCTGAAATTCCGCCAAAAGCTTGGAAATTAGATCGAGTTTCCGGAAGTTATTGGCGCGGCGATGAAAAACGACCGATGCTCACCAGAATTTACGGGCTGGCGTTCGAGTCGGAAGAAGAGCTGAAAGATTACATCAAACGCCGTGAACTTGCCATGCAGCGCGACCACCGAAAGCTCGGGCAGGAACTTGAAATTTTTATGATCGACGAGGAAGTGGGGGCGGGCTTGCCTCTGTGGCTTCCCAACGGCGCCGTGATCCGTGCTGAACTTGAAGCGTGGGCGAAAGATGTTGAGTTCAGGGCGGGCTATCATCATGTTTCCACTCCGTCTTTAAGCAAATCTGCGCTTTATTATCGCTCGGGGCACCTGCCTTACTACGCAGAATCGATGTTCCCGCCGATGGTATTGGATGAAAACACTGAATATTACCTCAGACCGATGAACTGCCCGCACCACCATAAGATTTACAGTTTTCGTCCGAGAAGTTACAGAGAACTTCCTTACAGATTGGCTGAGTACGGCGATATG
CP129491.1_gap74	2452728	2456856	4128	AAATTATGAAAAAATATGCAGATATTTAAATAAAAAACAAAATATCAATCAAATTATAAAAAAATATGGAGATGTTTAAATAAAAAACGCAACTTCAGCCAAATTTCAACGAAATTTTTTCGTATCTCGAAAGGGGAGGGTACCAAAAATATCCCAAACTGCATAAAAAGTGAAAAAAATATTAAAGATTTATTAAAAAATATGAAACAGGAATAAAAAATCTTGAATAGGAGGGATTACTAAAATTTTCTTACACTCCCTCTTACACTCCCAAATTTTTATCCACTCTTTAATATATTACAGAAAGAGAGTTCTCTTTTGGCTTCTCCACCTTTATTTTCAAGTTTACACCCGCCAACGAATTTTCATTTTGAAGGACAGAGTGAATACAGATTGGCTCCCCCTCATAAGTTTTCAATTTACACCCCCCAAAGGTATCCATAATTAAGGGTTGGTTGACACAGATTGTTTCCTCTCAGATCTATTGAAATTTACTCCAACCTTAAATATAAATCAAGAGATTCCGGTTAAGTTCTCTATAAACCTGAATTTTAAGCCCAAATATGCGCAAAAAATCGAAAAATAGAACACTTTTTTCTTTTTCTATTCTTAAAAACAGAGTTTATTAATCGCTTTGTCAACTGCATGGACATAAATTTCCCGCAGAAATTTTAAATTTTAACGGGAATTTCAGGGTTAGAAAAAAACAGAGCCATAACAGGTTTAAGGTAGTTTTTCCTCAGGCTCAAATATGTAAAAGAGGTTCAACAAAAACTACAACAGGTCTCAGGAAATTTCTGTCTCTACTCATTGAGTTTATCAACGGGGTTTAGTTAATACTACAATAAAGTTCAGTTAAATCCTAATTGCAAAATTGGTACCGGAATAAAGGGGACGAAATACAATTAAAAACTATAACGGTCTCAGGGCAAGTTAACGCATCATCAGGCCTTCACAGGCACAGGGAAAAATTATAAGACAGTACTATCACCGACTTCAGGGTAAAATTAAACGCACCATCTTCGAGGGATGTCGGGTGGTGACATCCCGGAGTTTTGTATTAAATAAATATTATATTTTTATATGTTATTTTACTTGTTAAAGTTGGTGGTTCAAAAACTGTCGTTTTCATTGCCACGCAATTTAAGATTTTTTATCTGATGTTTAATTTTTAGTCGTTAAAATTAATGTAATCATTATTGAAGCTTTAGTTTGCAAACCTTTCTAAAGAGGCAAGAAAATTATGCACAGTCTCTCAGAAATAGTACTTTTATGTGTATGGATTCGCAACCTAAAATTAATAATTTTGAGATTATCGAATTTATCTTTTGTGAAAATTCGAAAATTCAGAAAACCCCTGTTGAAGTATTTAACCTGGGAATAAATACATAATTAAACTTAAAAATTATCAAAACTTGGCGTAAAAAGATGGCAAATGATGAAAGTAATCAAAACAGTAACTCGACTTCGGAGGATATCCCAAAAAAGGGAGCAACCACTAAAAATGGCAACGGAAAAGAAAAATTTTCGATTGAATCGATTGCAATAATGGTTAAACTAAGAGCAAAAGGTTTTGGTGGGGTGGAAGGGATCGATTATACGTTTAGAAAAAATATTGAAGACGAAACAGAAGACAAAGATACTAAGAAAAAAAAATAAGAAATTTTTTGGTTTTATTTCTCCGCAAGAAGACAGAAGTGGACAATATCATGATCTGTGTCTGGTTGTTTTTCCTTCAAGTGACCCCAAGAAAAAGTGGGTAGTATGTTTAGCCGTCGGCAGTTTGGGTTTCGCAAATGATCAAACTTTAGCAAAACATCCAGGTACACGAAGGAAATTTTCAATACTTACACATAAAAATGGTTTAATTAAATCGGATTTTACGGATATTGAACGCCCACTTGAGGGAATAAAGTTAGCTCTCGAAGAAGAAGATAAAAGTGATGTTTATGAAGCTTTTAATAGTTATCAAAAGGTGGTCTTAGCTGCTGAAGTTTTTGATCCAAAAAAAGGGGAGGGGGAAGAAACTGTTACTGATCCAGAAAATGAGGAAAAGAAAGATAAAGTTTATGTAATAAAAATATTCGATGAATTTTTAGCCACATACGCGAAAATGAGGGATTGGAGAAGTAATCAAGTCCACGACAAGGAAATTGATGAGGCGATAAAAAAAATTACTGATCATGGTTTAACTAATGAACCTGAAATTGATAAAATTAAAAACTTACTTGAAAAAAGAAAATTTATAGTTCTTCAAGGGGCGCCAGGTGTAGGGAAAACATATATTGCAAAGAAAATTGCAGAGGAGAAAAAGGAGAAAGAGAAGAAAGAGAAGAAATATGAGACATTCTTCACACAATTTCATGCTGAAACCACTTATTCTGATTTTATTTACGGAATAAGACCCGGACTTGAAGAGAAAAATGTGAATTACAAAGAACATATGGGTATTTTTATAGAAGCCTTTGAAAAAGCAAAAAATGAAACATCCGAGAAAAAAGTTCTTCTTATTATAGATGAAATCAATCGTGCCAATCTCTCAAATGTTCTGGGCCCTATCTTTTATCTTTTTGAATATCAGAGAAAAGAGAAAGATAGTGAAAATGATGGTTTTGATGGGATAGAATTGTATCCTGGGAAAAAAGTCCATAACCTTCCTGACAATTTTTATGTTATTGCTACAATGAATACAGCTGATAGAAGTTTAGCGGTTGTGGATTTTGCATTGCGTAGGCGTTTTGCGTGGTACACTTTGAAACCAAGAGTTTTGACAAAAAAAGATTTAAAGACGAAGACTTCTGATGGTATGACTTTTTATAAGGAATATTTCGACAGAATTGCTGATATCTTTTACGAATATGCCAGCCATGACGAGCTTAATTTGCAGCCCGGACATTCATATTTTATAGTACCTGAAGGAGATAATGAAGATGAAGCAATGAAAGACCGTCTCCGGTATGAGCTATTACCTTTAATTCGTGAATATGTTGCCGAAGGGCTGTTGTTAGATGCAGTTAACGAATTTAATGTCTTTTTTATGAAAGAAATTCAAACTCCTCTTTTTGAGTAATTTCCTATGGATATCTTTTTTGAAATAGAATGCTTAACAGAGCGATCAAAAGCTTTTTTAGGTGAGGAGATCAGAAAGAACTATCTCAAAAACTCTCAGAAACGAGATGTTGGGAACCTTATCCTAAAACTCATTCAATATAATAAAGAAAATCTGCATTTTCTGGGAGTTGAAAGTATCACAGAGGGAAGTGACGATAAAGTTTCTGTTTACTTCAAATCCGGACAATATATCGGGGCAGTGCCGATAATTTCATCCAGTACAGGGCTTCCTGTAGCCGACTTTTTGGTTACACCTCGTTATGTAAAATCAAAAGATTTTACGACTATAACAGATATTATTCAGAAAATTAAACACGACTTAGTAATTGAGTACAAAAAAGATTCAATTCTAAAATCAAATAAAATTTTAGAACCCCCGTTGTTTTTAGAGGCTATAAAGTTTGTAAATGCCCTGCGCCAATTAGTAACCCAAAACTGGAATAAATTTCGGCAAGTAACCCGGTTATTGAATGAACCGGCAGGGAATGTCGATTGGGATGATTACGCCCGGAACGAATACAAAGTTGAGAGAAGACTAAAATTCTTGTGCAGGAAAAATGAACTTTCATCTTTTCATCCTGAATACTGCCAAATAAAATATGTATATGAACTTTGCAAAAAGGAACTGCTTTCCACCAACACACCATTAAAAGTTAGATTAAATGTTTCTAACGATCTTCAATTTATCGACAAAAAATTGGAGTTCATCCCCCCAATGAGGGTATCAGCAATGGTAACCAGGGTTTCGGATCCACCAATAGTTAAACAATGTAAAGAGATCGCTAATCGTATTCTGCAAAACAAATTCGTTTCATCTTTGGCTTGGCGGGTTAATTTATCCGAACTGTATGAAAGATACATTCAGTACATATTTAAATTGGTCAGCCAACGATATGGCGGTAAAGTTATTAATAATTCTCAATTGCGTGAAGTGGGGCAGGCTCCGGTAGGATGGAAATTAAAGCACCTTAGCCCGGATATCATATACGAAACCAGAGATGAAACAATAATGATCGA
CP129491.1_gap75	2459928	2464172	4244	TTTTTGTTTCCGGTAGTTTCTGAAAGCGAAATAAGACGCACTCAGAATTGCGAGGCTGAAAACCGCCGGCAACAGGAAAACAAGGATATCAATAAAAAGCATTGAACCTTTTAAAAAATTACCAAATACAGTTACAAAGATAAAGAAATTAAGCGAACGAGGTTGCTGCAAATATAAGCGCTAAGGCCGGTTTAACCTTTGCTCATTTTAAGAATCTCTTGGAAGTGGCTCTCGCTCACGGGGAAGACCGAAAGTCTGTTCCCTTTTCGTACTAAAATCATATCTTCCAGCAGTGGATTTTCTTTAACTTCCTGAAGAGTAACCGGTCTTTTGAATTTTTCTTTCAGTTTGAGGTCCACCATGAACCAAGTTGGTTTTTCAGGAGTTGAAGTGGGGTCATAGTGCTTGGAATCGGGGTCGAATGCAGTAGTGTCGGGGTATCCCTCTTTCACCACTTCACACCATCCCATAACGCAAAGCGGATCGGCATTGCTGTGGTAAAAAAGTACTTTATCGCCCATTTTCATCGAGTCGCGCAGGAAATTTCGTGCCTGATAGTTTCTTACACCATCCCAGCAGGTGGTTTGTTGCGGCGAATTTGCAAGGTCATCGATTGAAAAAACATCGGGTTCAGATTTAACAAGCCAGTAGTTCATCGTTATCTCCTATGTTTGTTAGTCGTTGTGCGTTAAATATTTGTCGTTCAATGTGGGGTGCTAACTGTTGTGTGCTAAATATTTGTCGTTCAGTCTTAGTTGTTAACCGCGCAGTGCTTAGATTTTAACTGTTACTCACCCGCAGGTAAACCCAAAATCAATTTTTTCGTTTGAACTCAGCGGTAATATATGACCTAAAGGTGCCATCCGATAGTAGAAAATCAACTGAATATTTAATCAGGTCATCGCTTTCAAAATCGTAAACAATTCTAAATTCCTGGTTTTCCTGTGTAACATAGTCCATCGTACTTCCCTCGAACAAAAACTTGTTTTCTCCTGCGGAATAATCCCCATAAGCGGAAATGGCAAAATTCCCCAGTTCATCCATCGAATAAAGGGTGTATTTTTGCAATCGGATATCGTAGCCCAGATATGCAATCGAGGTGATCGACATGCCAAAAGCTATGTTCTGTGAACGGGATTCAATGAACCTGCCGCCCAAAACAACTTTGTTTTCTGCGTGCCCGGTTCCTTTCAGAGGTTTTTTTTGCGCATCATCGAAGTAAAACCGGATGTCAACATCCCACTCGCCCTCAAACTGAGCGAGCGCTTCGTGTTCAGGGAGAACAAGCGTCAGCTCTTCAAGTGTTGACCATTTGTTCGTCTGCCCGAGAGTGACAGCAACGGAAGCAATAAATAATATAAAAAATTTCTTCATCGTAAAAATGTATGATTCTATTTTTTCAATATAAACGCCCTAAAAATTCAAAAGTCCTGAAAGCTTTAGTGGAAATTCAGCGGAAATTTTTCTTGAATTTGGCTGCACTTTTATGATTCATTCTTTTTAAAGAGCCCTAAAATCCTTTTGTGGCACCCTCCTGTGCCCTTTTAACCCGGCTACACCCTCCTATCCTTTCAACCCGGCTGCAACTTTTTTTCTTTTCTCTCTTTTTTTTTAACTTGCCCATATATGCCCAACCGGGCGGCAGTTTCAACGGTTAAGCAGCCCGTCAACAACGCGTGAGGCTGCCTGTCCATCCCACAGATCGGGGATTGCGCCTTTTTTCACATTTCCGGCGAGCAGGTCATCCAACGCGGCGAAAACATTCCGAAAATCTGTCCCGGCGAGGATATTTGTCCCCACTTCCACGGTAATCGGGCGTTCGGTATTATCTCGCACGGTAATGCAGGGGACGCCGAGATAAGTCGTTTCCTCCTGCACACCGCCTGAATCGGTAACCACCACCTTGGCATATCTCATAACATGCAGAAAATCAAGGTAGCTTAACGGCTCGGTCATAATCAGGTTTTCATCGTCAATTTCCGCGCCGAAGTTCTTCATATTTGCGCGCGTTCTGGGGTGAATCGGGAAGAGAATCTTATGATTTCGCCCATATTTAGCCACAAAATCGCGCAAGTTCACAAAAAATTCCGCTGTATCCACATTTGCCGGGCGATGGAAAGTAAGCAGAATATACTCGCCCGGTTTCACGCCAAGCCTGTCGGAAGTGTCGCTTTCTTCCACTTTGGGCAGAAAGTTAACCAAAGTATCGATCATGCAGTTTCCGGTAAAAATTATTTTTTCATCCGGCACGCCTTCATTTTTCAGGTTCTCCAATCCGCTTTTTTCGGTAACAAACAGGTAATCGGAAATGGCATCAGTCAGCAGACGGTTTATTTCTTCGGGCATTGTGCGGTCGAAGCTTCTTAGCCCGGCTTCGATGTGCCCCAACTTAATGTGGAGTTTCACGGCAACCAACCCGCAGGCAATGGTTGAGTTCACATCGCCAGCAACCAGCACAACATCCGGCTGCATTTCCAAACAAACTTTTTCAAATTCGGTCATAATGTTTGCGGTTTGAACTGCGTGCGATGCGCTCCCCACGCCGAGGTAGAAATCCGGCTCGGGAATCCCTAATTGCTGAAAAAAGACATCCGACATCTTCACATCGTAGTGCTGCCCCGTGTGACAAAGCCGCACCTCTGCTTTATCGGGGTGTTTTTTGAACTCCTTATAAACGGGCGCAACCTTCATAAAGTTCGGTCGGGCGCCCACAACTAATAATATTTTCTTCATCTAATCAGAATTATCGCAAAAAATTAAAAATTATCTTTGCAAGATGTGAAATTTTTCCGTGTTAACGGGTGTTTTTAGTGAGAGCTAAGGCTTTTAACGGGTGAACAAAGGGTGTGCCGTGGTTATCAGCCCGGTGCAAAATTTGGAAATAACCCGGGTGCAAAATTTGGAAAAAATGATGTTTTCACTCAAATTGCGGTCTTAGATATACTTCTGCGACAATTCTTTGCGGAGTGCATCCACCTCTTGCGGTCTTAGATATACTTCTGCAGCCATTCTTTTCGGAGTGCATCCACCTCCTTTTTTTTGCCTTTAAGGAAGTGATCCGCCTCTTCAATCAATATCATACGGAAGAAAAAGCCAAATTCTAAGAACTTCTCGGAGATTTTCAGTGCCTGTTTCGGCGGAACCACAGTGTCGTTAGTGCCGTGGATAATCAGATATTTGCAGTTTCGGGGGAGTTGATCTGCAAAAGCGACAGCAGAGCGCGCCTCGTATGTGCCGGTGCCTTCGGTTTTCACTAAGTTTTGAATTATTTCGTTAATTCTGGGTACCGTGTTGCAGCACTCGGCGATATCCGCGATGCCTCCGGAGATTACCGCCACTTTAATATCGGGTCTTTTTCTCAGAGCGAGATACGCCATCAGCCCACCACGGCTCCACCCTTCCATCGCCCAGCGTGAAGTGTCAGCAAAAGGAATTTCTTCAGCAATTTTCATCAGATTCAGAATGTCGTTAAGCTCACTTCCGCCAAATTCGTCGGGGTTATCGTCGTCCGCAGCGTGCCTGTACATCGAGGCGAAGACCACAAAGCCCCACGAAGCTAATTGCCCGAACATCCCTTTTGCGGTGAAGTTATCAATCAAGCCTCTCTCTTTTGTGCCGCCCCTGTTCCAGATTATGCAGGGAAGTTTTGTATTTTTTGCATCGGTTTCTGTTCCCGCCCCGGTTCCGGTTTTTGCTTTGGTTTCTGATGAGGTTGTTGTAACACTGTTTGTTTCGTTGTCCGCTGAAGTTGCTGCTGCGCCCACCACCCCTGAACCCTGCCCGCCGTCAGGAGAAGAACCACCACCAAACCGATTGCCCACCACCCCTGAAGCCTGCCCGCCGTCAGCGAAAGAACCACCACCAAACCGATTGCCCACCGCCCCTGAACCCTGCCCGCCGTTAAGGGAAGAACCTTCTGCCCCGCCCAAAAAGGGCTGAAGCCCGGCAGCTACGCCCGCCAATTCTTTCGGATAGGCGAAAAAGCCGGTTACCTCGCAGCCGTCGGAAATATATGTGATAGCTTCGGTTACAGTTCCGTCAATTGCCTCCGTGCCCCACCCGGATCTAAGCATTTGAAGCTGCTGCTCAGGAAGTGATATAACCTCCCTGTGGATTATTTTTGTCTCCATAATTCAATAGTGATAATTGCAAAATCTAAAAATCTTAAGTTTAAATTAAGAAAAAGTGCCTTTTAAACATTAAACCAGCTTCATAGGCTTCATAACTTTCATCGCATTACATAA
CP129491.1_gap76	2465919	2467677	1758	AAAACGACAAGTGCAACGCCCATCACCGTTTTTGCGTGATCAAGAGTAAAAATAAGCACTTTGTTGTAGTGTTTTTTCAGCCACTCAACCAACTTTGTATCCCCCTGGTGCGCAAGTTTTTCCGGGTTTTTGAAAAAGTACCACGAAAGCACGGGTGTAACCATCAGGGCAACCAACAGCGAGGAAAAAATGGAGGTCATATAGGCATAGCCCATCGGTCTTAACAGTTTTCCCTCAACCCCACTCAGGAAAAAGAGCGGCAGAAAGACCAAAACAATAATAATTGTAGCGTTCACCATCGGCGCACGGATTTCCTTCGAGGCATCAAACACCACTGAAAGGGGGTTCGAGCGCTTTTCCGGTGGAAGTTGGCTGTTTTCTTTCAGGCGCCGGAAAACATTTTCAACATCGATAATTGCGTCATCAACTAATGCCCCGATTGCAATGGCTATACCTCCGAGCGTCATCGTGTTTATCATTATACCGAACAGCTTAAACACAATTACCGTGATAATTATCGAAAGGGGGATGGCGGTAACGGAGATGAAAGTGGTTCTGAAATTCCACAAAAAAAGGAAAATTATCACGATCACCAAAATTATCCCGTCGCGCAGCGCACTCATCACATTATCGATCGAAATTTCGATAAAATCCGCCTGCCTGTATGCTTTTGAATCGATCACCAACCCGGCGGGCAGGGTTGTTTTAATCTCTTCAATCGTTTTTTCGATCCGTTCAGTCAGCTCCACTGTATTCGCCTGCGGCTGTTTCTGCACCGTAAGAATCACCGCCGGGTTGGTGTTTTTTGCCCCGATGCCAATTTTATCTTTCACGCCGATTTTAACATCCGCCACATCTTCAAACAGAATTGGCGCCCCGTCGCGCACGGCAACCGTGCTCTTTTTAATATCGTTCAGATCGGAAACACGCCCGATACCGCGGATCAGGTACTCGCTGCCGGAATTAGCGTAGATCCCGCCTGAAGAGTTTTGATTCAGCCCCCGTGCGGCAGCCATCACCTCCTGAAGCGTTACGCCGTAAGAGGAAAGCTTTTCAGGCGAAATTAAAATCTGATATTGCTTAACACTTCCGCCGAGCGGAATCACCTGCGAAACCCCGCCTACGGAAAGCAGCCTGCGGCTTATTTCGTTGTCGGCAATCGTTCTGGCGTCAGTTTCCGTAAGTTTATTCGGATTGTTTTTAGGGTCAACGGAAACTGAGACCAACATAATTTCCCCCATAATCGAAGAAATTGGCGCCATAACGGGCTTTTCGGCCCCTTCGGGTAAACCGCTTGAGGCAGTCTGCAGTTTCTCTGAAACAATCTGCCGTGCAAGGAAGATATCCGTGCCCCAATCGAACTCAACCCACACAATCGAAAGCCCCTGAGCACTCGAAGAGCGCACTCTTCGCACATCGGTAGCGCCGTTCATTGCGGATTCGATCGGGAACGAAACCAACGCCTCCACTTCCTCCGCCGCCATTCCGGGCGCTTCGGTAAGCACGGCAACTGTGGGCGCCGTTAGGTCGGGGAATACATCCACGGGCATTTTTATCGCAGTGTAGGTCCCGACGATCAACAAAATCAATGCAGAAACCAGGACAATCACCCTCTTTTGAAGAGCGAAGTGAATCAAATAATCAAACATAGCTAAGTTCCTCCCCCCTTTTGCCGCCCTTTTGCCCTGCTGAAATTTTCTTAATGGTCAGCCGAAGCAAGTTCTTCATTTTTCTGCCCCTCTCGTTAGTGGTCGTGCC
CP129491.1_gap77	2620646	2623027	2381	ATAACATCGAGGTTATGCTCTATAATCAACACCGAATTATTGTTTTTAATCAACATATCGAAAGATTTCAGCAGTTTAGAAATATCATCGAAGTGCAGCCCCGTTGTCGGTTCGTCAAAAATAAAGAGTGTGTGCTTGTTGTCTTTCCTTTGGCTCAGGTGCAGTGCCAGTTTAATTCTTTGCGCCTCGCCACCGGAGAGTGTGTTTGCAGGCTGACCAAGCTTCATGTAATCCAAACCGACATCGGCGAGCACCTGCAACGGTTTCGTGATTTTCGTGTATCCTTCAAAGTGCGCTAATGCTTCAGCAACCGTCATATCCAACACTTCCACAAGATTTTTGCCTCTAAGGGTTACATCACGAATCTCTTTTTTGTAGCGTGTTCCTTTGCACTCTTCGCATTCTAAGTAGATGTCGGCAAGGAACTGCATTTCCACCTTAATGAAACCCTCGCCCTGGCAGGTATCGCACCGCCCGCCGGGTATATTGAAAGAAAAATAACCGGGCGAAAAGCCTTTTTGCTTCGCCTGATGAGTGCCCGCAAACGCCTCGCGGATATACTCGAACGCTTTTACATAGCTCGCAGGGTTGGAACGGGGGGATTTACCGATTGGTGACTGGTCAACAATTTCGATGGAGTCAAGGTACATCTCACCCGTGATTGAGTCGCACTTTCCGGGGTTAGTAACGCCGTTTCCCAAATTGCGTGCGATGTTATCGTAAATTATGTCGTGCACCAAAGTGCTCTTTCCTGAGCCGCTTACGCCGGTAACCACCACAAACTTACCGAGCGGGACATCAACATCGATATTCTTTAAATTATTAGCGCGTGCGCCTTTAACGGAAATTTGCGGCGTTTTTTCTAAGTTTCTTTTTTCCGGGAGAGGGATACTTTTAGCGCCCGAGAGATACTGCCCCGTCAGCGAGCGGGGGTCGTTTTTAACCTCTTTAAACGAACCCTGCGCCACTATCGTACCGCCGTTATTGCCGGCACGGGGGCCCATATCAATCAGAATATCCGCATTTTCCATCATTTCAGGGTCATGTTCCACAACGAGCACCGAGTTGCCAATATCCCTCAGGTTTTTCAAAATTTTAATAAGTTTCGAATTGTCTCGGGGGTGAAGCCCAATCGACGGCTCATCCAAAACATAGAGGGTACCCACCAACGCTGATCCAAGCGCGGTTGCTAAGTTGATCCGCTGCGATTCCCCCCCTGAAAGTGTGCTGCTGACGCGGTCGAGCGTCAGATAGTCAAGCCCCACATCATTAAGAAAGCCAAGTCGCTTGGTAAGCTCTTTCAGGATTCGTTCGGCTATTGTTCTTTCATATTCGGTCAGTTCTAATTCTTCGAAGAATTTCAGGGTTTTGGCAATTGGCATTGTAACCACATCGTGAATCGATTTGCCGTCAATTTTCACCTGAAGCGCTTCACGGCGTAACCTTGTGCCCTTGCAGGCTGTGCAATCGGTGTAACCGCGGTACCTTGCCAAGAAAATCCGGTTCGACATTTTATAGTTATTCTGCTCGATCTCATCAAAGAAAGCTTTCAGCCCCGTAAATTCAGGTGCGCCGTTAATAATAAGATTCACCTGATCTTCTGTCAGGTATCTGAACGGTTCGTTTATGGGAATTGAATATTTCTTTGCTGCGTTAATCAGTGCTCGGTTGTAGATGCTGTATTTAAGACTCTTCCACGGGGCAATTGCGTTGTTCACGATTGAAAGGTTGTCGTTCGGAACAACGAGATTCATGTCTATACCGTACATTTTTGAGAACCCCTGGCAGACGGGGCATGCACCAAACGGATTGTTGAAAGAAAAGAATCTCGGTTCAGGTTCTTCGTATCTTATTCCGCAGCATTCGTAAAACTGATTAAAATCTCTTATGCTGTAAGCGCTTTTCCCGTCGCTCGCCATTATCCAATTTTTTTCGGCGGTTGCGGGGGTTTCTTTCGGGTATTTCGTAATTTTTGCAGTTTCTACTTTGCCGCTGGCTTCTGTGCCGCTTGCTGTCCGGGGGCTTTGTTCTGCTGAAATTTTTTCCCCCGTTTGCCTTTTGCTCTTTGTAGTGTTTACCTTGGCTGACTCAGAAGTATCGTTACCGGAAAGATTTGCCGGCTCACCCTCAGAAATATCAACCGATTGTATAACCCTAAGGTGTTGCTCCCCTTCCTTGAAGCACATTTCGATAGAGTCGGCGAGGCGTGAACGCATTTCAGCCCTGCGAATTCTGAATCGCTCTGCGATCACGGTTATTTGGTTAACATCTTCCGGCAGGGTAGGGTTTTCGCCCAAATCGTGCAGGGTGCCGTCGAAGAAAACTCTGAAAAAGCCCCGTTTTTTTACCACTTCAATCTCTTCGGCGAGGCTTCTGCCTTC
CP129491.1_gap78	2768426	2770405	1979	AGTTACTTCCGCCACGAGGGGTGGTCGAATTTCACAGTAAAATATGGTGCTGATATTCGTGAGCCATACTCAGTTAACGGTTCAAAATCGTGGGAGTTCAAGGTGGTTTCTAACAAGGCGGGTGTTGTTACACTCAGCTGGGAGGATATTTTGGCGGCAATTCCGCAGGATATCAGAAACAACTATAAATTCCACCTGACGGGCGAAGGAATCAACGCACCGGTTAACATGCTGCAGGTTACATCGTATCAGTTCACAGCGGCTGAAGGGGTTGTTTATACCTTCTACATCAACTCGAACCCTGTGGGCGTTGAGGATGCTCTGATGAACCTTGATTTCAGCCTCGGGCAGAACTATCCGAACCCGTTCAACCCATCAACGATGATTCTTTACAGCATCAAGGAGGCGGGTCAGGTCAGCCTTGTGGTTTACGATATTCTCGGAAATGTTGTCGCCAATTTGGTTGACGACTACAAACAACCCGGCAAATATGAAGTAAGGTTCGATGCAGCTAACCTTCCTTCAGGAATTTATTTCTACAAACTTGTTCAGGGCAAAAACAGCGACATCAAAAAGCTAATGTTGCTGAAGTAAGTTTTTGTTTTACTTAATTTCTAATCAATTTGATGAGAATTAAGCTTGAGTGTCTTTGAAATGGCAATATGTTTTAGATAATTTCTCAAAATTTTGAAGAGGAATTAAAAAGACATGCAACATTGAAATAAAAATGTTATATTGCGCTTGAGATACCTTACATTTGGTTCGAATTGAGTCAACTGCTAATTGTGTCTTAATAGGTTTCAATACTTACTCCAAAGTATATACATGCGGCTGCCTTTCTTTTGAAGGGCAGCCGTTTTTTTTTGCTTTTTTCTTAATCTACATTAAGGTTATTTCTTAATACTGTTTATTGGAGGGGCGCGGCGCTAAGAGGTAGATTTGTACAGTTGATTTCAAAAAATGCGGAGATTAAGATGACAAGCAAACTGATGAATACTATTCTGCATACTGCGGACTCCCGCGGGGGCGCCGACCACGGCTGGCTGAAAACAAAACATACTTTCAGTTTTGCAAACTACTACGACCCCGCGCGGATGCACTTCGGCGCACTGCGCGTTCTGAACGATGATTACATCGAACCCGGTATGGGCTTCGGCATGCACCCGCACGATAATATGGAGATAATCACTATCCCTTTGGTTGGAGACCTTGAGCATAAAGATTCGATGGGGAACACTGAAGTTATCCGTCACGGTGATATTCAGGTGATGAGCGCAGGCTCCGGGATAAGACACAGCGAGTATAACAAAAACAACGATCAACCCGTTGAACTTCTGCAAATTTGGGTTTACCCAAACCGAAGAGATGTTACACCGAGATACGATCAAATAACCCTTAACATAGCCGACCGAAAAAATAAATTCCAACAGATCGTTTCACCAAATAAAAACGACGACGGCGTTTGGATTCACCAGGATGCATGGTTCAATATCGCAGACCTTGAAAAGGGGAAAGAGCTTGACTACACACTAAACAACCCACAAAACGGGCTTTATGTTTTCGTAATCAGCGGCGAAGCCGAGGTTCAGGGGCAAAAACTGAACCCAAGAGATGGCTTTGGGCTTTGGGATACTAACAAAGTGAACTTTAAATCTATTACCGGCATTTCCATTTTACTGATGGAAGTGCCGATGAATCAGTAATTTCTAACTTTACATTAATTTAATATTGGAGAACACAATGGCAACTTCAAAATGGTCGATTGACTACTCACACACCGAAATCGGTTTCAAAGTTAAACACATGATGTTTACGAATCTTTCAGGCAAATTTGAAAAATATGAAGCTACAATTGAAAACGAAGATGATAAGTTTGAAACTACAAAAGTAAGTTTTTCGGCGGATGTTAACTCGATTACAACCGCAAACAACGACAGAGATAACCACCTTAGAAGTGCTGACTTCTTTGATGCGGAGAA
CP129491.1_gap79	2781092	2785788	4696	ATAACAAGATTATGTCACAGAAATTTATTGATTGGTTCAACAACAGCTCTCAGGAAGACCCGGACAACATGTCGAAATCTTCCAAAGTAGGTCTTCGCGTGGTTAAAAAATGGGTTGATCTGTTGAAAATCGAAACAAAATATGAAATCAATGAATCAACAGAAACAACAACAGTTACATTAAACTTGCCTAAAAGGATAACCTATGAAAAAAATCAGAATTCTGGTAGCTGAAGATTTTATAGATGCAAGAGAATCAATTGTTAACGCATTAAAAAAATATGAACTAAAAAGATATGAAAACAACGAAAGTTTTAAAATAGAAGAAGCTGAATCTTTCATTCAAGCAAAACAGATTTTAACCGAAAGCGAAAAAAATAAAGAACCGTTTGATGTTTTCTTCTGCGACCTTGATTTCACCGAGGACGAAGAAGGAGGGGAACGGGATTCAGGCTTTGAACTTATTAGACTTGCCTTCAAAATTTGCTCTATCACCAATATTTACACATATTCAAGTCAGTTTAATAAACCAGATCTTTACGGTGGACATGAAGAGTTAGTATCGAAAGGATTTGTGATTAAAACTTTTGATAAATCGCATTCTGAAGGAGGTGACCCTGATTGGTTCAATAAAAACTTTGCACAACTTTTCACAAAATTGGAGAAAGAGAGATATTTGAATGAAATCTGGGCTAATCATGAACTGATAAAGGAGAAAGTAAGAAGAATCAATTTCTCAAGTGATATCAAAACCAGCAAATTTACTACCTATGAGATCATCGATAATCTAAACACAATTTTATATCTTATGAGGAACAGGGATAAATTACAAGCAGATAAAGTTATATATAAACTGATTATACAACTGTATCATCGCTGTTTGGAATCATTTTGTCTGCGGGATAAAGACGATTCTCAAATAATGAGTGAGTCTGAGAAAAACAAGGTGGGCTTGGCAAAATCTCTGGGTAAAAAAAGTGATTGGAAACTTGGGGATAAAGTAAATGCTTTAAGAACAATTGCAGCCCACACAGATAAAAATTATTCGAAATTTGGTTATAAGGTAAATTTTTACCGGAACAATTCCGTCCATCCTGCCGATGACTTTGCGGTCGGTTTTTGTAATGTACTCTTTTGTAATTTAGCCCTGGCTGTTTACGCAAACGACGGTAGCGCCTCAGGTATCAGCTTTGAGGAAATCAGAAGCATTGCAAGTAAACAGAAAAACGACAAGGGGATAAAAGACCTCGAAGAGCTGTTTAATTATTTGAAATAAAAGAGAAGAAAATTTATGCGGGTTTTAGTTACTGTAATATTTGCAGTTTTAAGTGTTTGCACGGTTTCTGCGCAGGGGTTTATTCCCGGTTTTGAGTGGTATCAGCAGAAACAGAGGAAGTTTATTACGGATAAAAAGATTGAATCTCTGAACGCAAACAGGTACGAAACGGCTGCAGATGGGATCCCGGGAGGAAGGTTGCTGTCGAAATCAACGGTGCATTTTTATAAATCGGGCTACCCGGCTTCGGTATTTTTTAAGGATTCAACCGGCGGGAGGTTGGATTCAATCTTTCTGAATGCAAAAAATGAGCCGGAAAGAATTATCAGATATACGGTTCGGAGCGACACCACTTCGCCAATTCCTTATCAACGGCTGCTTTTCAACCGTGACGAGGGTGGGAAATTGCTTAATGTGCATCTTTTTGATGTGAACGCCGGTAAGGTTACCGCAGTTTTTGACTACGGATACACCAAAGACGGGAAGCTTGCAACGGTGATGAAAGCGAAATTGTTTGACTCGGAAATGAAGGACAGCACGCTCTGGCAGTTCGACAAAAATGAGCGGGCAACGCTGTTTATATCGGGCAACCACCGGACTGAATATAAATATGACGGCGCCGGAAACCTGATCGAAGAGAAATTTTTTGAGGAAGGGGCACTTAAAACCACTACAAAATATGTTTACGGAAAAACGGGTTTCCCGATTAAATCAACGGTTACCGGGAAAGGATTTAATTCGGAGTCTGAATATCTCTACAGCCAAAAAGGCTTTTTGATTCTGACTAAAACAAAATCGGACTACGGCACGAAAACTTCCGCTTTTTACTCAACTGAAATCAGGGAGTATTTTTTCTTTCAGTAAGGAAGGGGGCTTTCAATCCGGGAGAAAACTGAGCTGATACTGAAATGTAACTGAACTTAATTTTTGGGTTAAAACTGAGCTTAATTTTGGGTTAAAACCGGGGCTAAATTTGGGGCTAAACCTGAACTAAGTTTTAAGCTAACCGGGGCTAAATTTGGGGCAAAAGCGGGTTGAATCTAAACCAATTTTCAACAAAATCTAAACAGAATCTGAAAAAATCCGAGTAGTTCCCTCCTAAAAAAACTCACTCATTCCAAAGTTCCCGGTCGAGTGAGCGGTATTGAATCGCCTCGGAAAGGTGCACGGCATTAATATCCGCCTCGCCCTCTAAGTCGGCGATGGTGCGCGAAACCTTCAAAATCCTGTCATAAGCACGGGCGGAAAGCCCTAAGTTAGTCATTGCAGATTTCAGAAGAGAATCACCTGCTTTATCGGGCTTGCAGAATTGTCGCACCTCTTTGCTTCCCATATCTGCGTTAGTTCTTATGTGCTGAAAATTTTCGAAGCGTTTCCGCTGCAGTTCACGGGCACGGATAACGCGCTCCCGGATAGTTTCTGAAGGCTCACCTTTTTCAGTAGAGGTGAGGTCTTTGTATTTTACAGCCGGCACTTCTATGTGAATATCAATTCTGTCAAGCAGGGGGCCCGAAATTTTGCTCATATATTTTTGAATCTGATAACCGTTGCAGCGACACTCCCGCGTGGGGTCGGTGTAGTAACCGCAGGGGCATGGGTTCATCGCAGCAACCAGCATGAAATTTGCGGGGAAAGAAAGGGACATTTTCGATCGGCTGACGGTAACCACCGAATCTTCCAACGGCTGGCGCAGAACCTCGATTACATTCTTCTTAAACTCCGGAAATTCATCCAGAAACAAGACACCAAAGTGGGAAAAAGAGACCTCGCCCGGGCGGGGGAAGGCGCCACCTCCTACCATTGCGGAATCGGAAACGGTGTGGTGCGGGTTTCTGAAGGGGCGCTCGGTAATAAGAGCCGTGCCGTGCGGAAGCAGCCCGGCGATTGAGTAAATTTTTGTAGTTTCAAGCGCTTCATCAAATGAAAGAGGGGGCAAAATTGAGGGGATCCTCTTCGCAAGCATCGTTTTTCCGCTTCCGGGAGGCCCAATCATAAGAATATTATGCCCGCCGGCGGCAGAAACCTCTAAGGCGCGCTTAACATTTTCCTGTCCCCGCACTTCGGAAAAATCGAGGTGGTATTTGTTCAGAGAATCAAAAAGCTCCGTTGTGTCGGTTATTTCAGGTTTTTGGTCGAGTTTCCCTGTTAAAAAGAGGATAATATCGGTAAATTTAGTGAATCCGAAAACCTCAACTCCCTCAACAATTGACGCTTCTTTCACCGAATCCAACGGCAAAACAACGCGGGTGAAACCTTTATTCCGGGCGGTAACCGTTAGCGGAAGAGCTCCTTTCACGGGGCGCAGGGCGCCATCTAACGAAAGTTCCCCCAGAAAAATTGTTTTTTCCAACTGCCCGGTCGGAATCATCCCTTCAGCGGCGAGAATGCCGACGGCAATCGGCAGGTCGAACGAGCTTCCCTCTTTTTTCATATCGGCGGGCGCCATGTTGATAGTGATTTTCTTCCCGGGGAAGTGCAGCCCACTGTTCTTAATTGCTGCGGTAACGCGCTCGCGGCTCTCTTTCACGGCGTTATCGGGCAGCCCGACTATAGTGAAGGAAAGCATCGATTTTTCAAGGTGTGTTTCAATTTCAACGATATAAGCGTCGATACCAAAGGTAGCGCCCGAAAGGACTTTGGAAAAATTCTTCTTCTCTTCCATCTCTATTTTTTTCCGGTAATTTCAAGTGAACAAACAATATCAATTTTGATGTTATCTAAAATAGTTAAGATTCGGTAAATTTAACCGTTAATTTTTCAAAAAGAGGCAATAAGATGGATAAAGTAACCCCAAATGGGATTCATTTTCAAAATTTTGGCAGCGGCGAGCAAGCAGTGGTTTTCATTCACGGGTTTATTTTCGATTCGGAATTGTGGCTTAGGCAAATTCCGCCGCTGGAAGATAAATACAGGGTTGTGGTGCCCGACCTTCGGGGATTTGGCGCTTCGACCGACTGCGACGGCATGGTTACTCTTGAGAGCTATGCCGACGATATTCTGGAATTGGTGAAAGAATTGAAACTGGAAAAGCCGGTTCTTGCGGGGCTTTCGATGGGCGGGTATGTTACCCTTCGTGTTGCAGAGAGGGAGCCGAACCTTTTCCGGGGGCTGATGCTTTTTGACACACGGGCAACTGCCGACAGCAACGAGGCGAAAATAAAACGAGCCGCCGGAATAAGAATTATTAAAGGAGGCGGGTTGAGAACTTATACAGCAGCGCTTATGGACTCAATTTTTTACGATACTTTTAAGAAAAATGAACCGGAGGAGTTTCAGGCGTTTATTGACCGGGGGGCATCGCTGAAGCCGGAAGGACCAATCGGCGCACTTTTGGCGATGATGGGGAGAACCGACACTTCCGCTTTCTTAGAGAGGACAGATTTACCGGTTATGGCGGTTTGCGGCGAGCACGATGCCCTGA
CP129491.1_gap80	2786905	2789390	2485	CATCGGTCGCAGTTCTGCCGGAAGTGGAGGATGTGGCGGTGGATATAAACATGAGTGATGTTAAAATTGATGTGTATCGATCCGGCGGGGCAGGCGGGCAAAATGTGAACAAAGTGGAAACCGCAATCAGAATGACGCACATACCAACCGGAATTGTAGTTCAGTGCCAGGATGAAAGATCGCAGTTGAAAAACCGTGAAAAGGCTCTGAAAGTGCTGAAAGCAAGGCTTTATGACCTGAAAATGAGTGAACAAAACACCGAAATTGCGGCTCAGAGAAAACTGATGGTGAAAAGCGGCGACAGAAGTGATAAAATCAGAACTTATAACTTCCCGCAAAACAGGGTGACCGATCACAGAATCGGCTTAACACTTTATAATTTGAGTGATGTTATCGACGGTAACCTTTCCGAACTTATCGAACAACTAAAAATAGCCGACAGGGCGGAAAAACTTCAGGCGGAGGCGTAAACACCGTCGCGGAACTTACGCTTTATGCAAAAGCGTTAACTAAGCCAATAAATTTTATAACAGCCGGTGGCAACGGCAAAGCAGAACCGGCTCTTACTCTATATTGGGGTGTTCCTCGGTAGTTAGATCCCACCCGCACTCACAATTATTACCGGCTCATAACCCAATATTGGGAAGTACCCCATCCGTTTACTCCAGTCCTAATTTTTTAAGCAGGGCGTCGTGTTGTGTGTCGGTGAAGTCGGGGTCATATTCTCTGTACCAATCGATTATACATTCGATTGAATAGCCGTATTCCCGGCACTTCTCGCAGTTTTCGATATGATGTTTAATGGCTCGGCATCTGTCGGAATCGATATCCTCGTTCAGATTTTCGCAGATATGAATGATCACATCTTTGCATGTAACCGGTTCAAACTTCATTTTTGAAACTCCTTGGATATCTCATTTCGTAAAAAGGCTCTTGCTCTGTGAAGGCGCGATTTAACCGCGGGGACCGAAAGCCCCGTTATACCGGCAGTTTCCTCAGTGGAAAGTTGCTGCACATCACGAAGTGTGAAAACAATCCTGTATTCAGGTGCTAATTTTGCAATCGAGCGGTCTAAAATATCTTTCAATTCCTGATTTTCAACAGATTTATGGGGAATGTTCGACCAGTCAGCGGCGTATTTATCGCTGAAAAGTTCATCGTCATCCCCGGGTTCTACAAAAATCCCTTTTTTCTGCTTTCGAGCTTCCATCAGGCAGTGATTCACCGAAATTCTGTAAAGCCAGGTCGAAAGTTTCGAGTTTCCGTCGAACCCTTTCAGAGATTTCAGCATGCTTAAGAAAGTTTCCTGCATGATGTTTTCGGCTTTATCCCGGTTTCGGCAGATTTTAAAAGCAAAGCTGTAGAGGGTTTTCTCATATTTTTTTACGAGTTCCCTGAGCGCCTCCTTGTCGCCTGTTTTAGCGCGAGCAATTAGATTTTCTTCAGACATTAGATGATCCGTGCATAAAAAAGATTCAATAAATAGGTGAAGTGGCGCCGGGCTCGTCGTCACTTTTCCATAAATAATAACAAGCTATCGTGTTGTAAGGTGCCCACTTATATTTTTTTGAAATCTGCTTGATTTTTTTCGGGTTTGGCATCTCTTTCAAGCCATAGTTGAGCATAATTGTTCTTTTAATTCCGAGGTCACCTGTTGGGAGCACATTCAGTCTGACGAGCGTAAACATGAGGAACATGTGTGCCGTCCACTCTCCAACTCCTTTAATTTTAACGAGTTCCCGGATAATATCTTCATCCGGCATTTCCGGGAATTTATGGAAGTGCAGCTCGTTGTTCAGGAAAGCCGAGGCGATAGCCTTCACATAAGTAACCTTAGCGTTCGAAAGCCCAAGTGCGCGGATTTCGTCGTGCTCGGCGTCATAAATTGCCCGGAGGTCCGGGTCGTCGCCGAATTTTTCCAAAAATCGTTGTTCAATTTTCCACGCCACTTTGGTGGAAAGTTGCTGCCCAAGAATAGCAGTAATCAGGTCTTTAGCGTAAGAAGTTCGTTCTTCGTAGTAAAAAGGGGGAATCGTCTCGCTTAATCTTTTCATTACGGGGTCATTTTTTGCGAGGTGTTCTATACCTTTCATTATTTCTTTTCGATTCATTATGTTAATTTGCCTGTGTAAATTTGAATTTTTCACTTTCCTAAAGTTAAATGATAACGACACCAAATATAAATGAAAAATTGAAAACGAATCTTCTCTTTAGAGGCACGGAAGTGTCTCCGGGGATTCAGACGGGTGCCAAAGCATTCCGCACAGGGGAGGTTATCTATAAAAACGGTGACCCCGCCGAGGGGGTGTATCTGCTTCTTTCGGGTGAAGTGTTGGTTAAAGTTTTCTCAAAACAAGGGGTGAAACTCGTTATCAAACGGGAGGGAGAATTCTTCGGTGCACTGGAAATTGCTGAAAACAGCGTTAGAGGAATAAGTGCAACTGCAGGTAAAGGGGAAAACCTTTATGGATCGGCTGCTGAATCG
CP129491.1_gap81	2792018	2794457	2439	TCATCAGGCATTGATCGCAGAATTAAGGGCGCTTAACCCGCAACTCCACAACCGAACCGACCTTGTGGATAAGTATAAAACCGCGAAAGCGTTAGTGATTGCGCGCGAAAGCAGTGAGTTTGAGAAGATAAACGGCGTTGTGCACCCGCCGATGGAAATTAACCCCCTGATTATTGCAACACAGGTTTCAAAGGAAGAGTACTATAAGAGAATCAGATTGCGCCTTGCCGAAAGGTTGCGTAACGGATTGGTGGATGAAGTGCGGGCGCTGATGGGTTCCGGGGTTCCTTTCGAAAGATTGGAGTATTTTGGGTTGGAATATAAATATGTGGGGAGATACCTTCTTTCGCAACTGAACAAAAATGATATGATTCAGAAATTAGTTTCAGCGATTAATGAGTACGCCAAAAAACAGCTGACAGGTATTGCGAAACTGGAAAGGAACAACACCCCGGTGAACTGGGTGCCCACTGATGATTTCTCAGCTGCCGAAAAGTTGGTGCTCGAAGCGGGGTTTAAAAGAGCTTTATAACTCAGAATTTTCTTTTGATTTGGATGTTTTATTGATCAGTGTGCCCAGCGGTTCAGGGTTTTCTTTTGATTTGGATGTTTTATTGATCAGTGTGCCCAGCGGTTCAGGGTTTTCTTTTGATTTGGATGTTTTTTAATTAAAAGGGTTTAGAAGGCGTGAGCAAGCGGAGTAAAGGAGTAAATAATTTTAAAATCGGTAAAAGCGGGGGAAAAGATACCATAGCGATTTATCTTCGGAAACGGGGGTTTTCTTTCGAAATTACCTGCCAAAATTTTAACGGGGTTTTCGATGTCGTCGTGGTTGTACCCTGCTATGATGAGCTTGAAACTTTGCCGGTGCTGCTTAATTCCCTTTCTTTTAACGACGCCGGATTGATTTCCAAAACTGCGTTCCTTTTCGTTGTTAACCACCCCGAAAATGCCCCCGCTGATAAAAAACAAAAAAGCACCGCAACCTTGGAGTATCTTAAATCGGTTGGGGAGGTGGGGTTTGAAAAATCAGGGGTTGCTAAAACCAAACTCCCACCGGCAATTAAGAAACCGGGAGCAAAAAAAATTATCGAAACTTCATCAGGGGTTGCCGGAACAAAATTCCCATTAGCAATCGTTGAACTGATCGAACCCGGAAGTGAAGTGCCTGCCGCGAACGCCGGAGCCGGATACCCGCGAAAAGCAGGTTTGGATGCGGCACTTGGTCTGATAAACAGGGAACGCCCTAAAAACTCGCTCTTGGTTTGCTTGGATGCGGATTGTGAAGTGGCGCCGGAGTACCTTAGCGTAGTTCACTCTTTGGCAAAAAAGGGAACACAGGCTGCTGTGTTGGGATATAAACATCGGGCGGACACCACTTCAAACTTAAAAGCGATAGCCGACTACGAGGTGTTTTTAAATTCTTACACCGAGGGGTTGAAATTTGCAGGTTCACCTTATGCTTACCACACAGTCGGCTCAACGATGGTGTGCAGCGCTGAAGCGTACGCCAAAGCAGGCGGAATGAACACAAGGCGCGCCGGCGAAGATTTTTATTTTCTGGAATCGTTGGCGAAAGTTACTTCAGTTGAAGTGGTGCCGGATATCTTGGTTTTTCCCTCGAACCGAATATCTGAAAGGGTGATCTTTGGCACCGGCAAAGCAATGATGAAACACGCCGAAACCGGCGAAAAGATCGAACCTTACCCGAAGTTCGCTTTCGAAAAACTTAAAACCTTTTTGGAAATTTACACCCGCCCGTATGAGCCGGCTGTTTCATCATCCGAAAAGTTTAAAGCAGGCAAACTTAATATCCCGCCCGTCAAGCGCCTGTTTGAACCGGCTATTTCGCAATCAGAAAAGTTGGAATCCCGTGAACTTAATATCCCACCCGTTAAGCGCCTGTTTGAACCGGCAGTTTCGTTATCAGAAAGCAAGAAACCCAATTTAGATTCTATTACTTTACCAAATGGCGAAATTGAGCGAACCCGGCCCGGTTCAGACCATGTAACTTCACAGGATCAAGTAATGAGGCAACTCGAATACAATTCAAACCCCGTAACCGTGTCAACAGAAGAAATTGGGCGACTCAATCCCGGTTCAGACCCTGTAACTTCACAGGATCAAGTAATGAGGCAACTCGAATACAATTCAAACCCCGTAACCGTGTCAACAGAAGAAATTGGGCGACTCAATCCCGGTTCAGACCCTGTAACAGCACTAACCGAAGAAATTGGGCGTTTTGACCCTAAAATTTTGCAATTCTTAGAAAGCCATAAATTTTCCGTCGCAATGAGAAAAATTTATGCCTCATCCAAAGACCCCCTGCAAATCATCCGCCGTAAACACGAGTGGTTCGATGCACTTAAAACACTTAAACTTATAACCTTTCTTTGCAACATGTAACCTACTTCTGCAACATGTCCCTTCTCATTGCGA
CP129491.1_gap82	2819342	2824323	4981	AAAGAACTCTGCGAGCTTACCGGCTACGAAATGATGCTGCCGATGAACTCCGGCGCCGAAGCCGTTGAAACTGCTCTGAAAGCGGCAAGGAAGTGGGGCGAAAAAGTTAAGGGTGTGCCGCAAGGAAAAGGAAAAATTTTAACCTGCTCTAACAACTTTGCCGGAAGAACAATTACTATAGTCAGTTTTTCAACCGAAGAACAATACAAAGACGGTTTCGGTCCCTTCACCCCCGGATTTGAGACTGTAGAATACGGAAACATCGATTCGCTAAAAGCAGCTATTGACGAAAACACCGTAGCATTTTTGATAGAACCAATTCAGGGTGAAGCCGGTATCATAATTCCACCGGATGGTTACCTGAAAGAGGCAAAAGAAGTGTGCGAAAAGCACAATGTTCTCTTTATGACCGACGAAATTCAGTCGGGGTTGGGAAGATCGGGTAAGCTTTTTGCATTCGAGTACGACGGCATCCGCCCCGATGTAGTAATAATAGGAAAGGCACTTTCAGGCGGTTGCTACCCTGTATCCGCAGTGCTTTCTGACAAAGAAGTGCTTGGCGTATTCAACCCGGGCGACCATGGTTCAACCTTCGGCGGTAACCCACTCGGCGCTGCTATTGCAAGGGAAGCCGTTAAAGTACTGATTGAAGAAAATTTGGTTGAAAATTCGTTTGAACTGGGTAAATATTTCCGCAGTAAACTCTCAGAAATCCCATCGAAGCATGTAAAAGAGATTCGGGGGAAGGGTTTATTCATCGGCATGGAACTTAACGAATCATCCGGCGGCGCCAGAAGATTCTGCGAAGCACTTGCCGAGCGCGGAATACTTTGCAAAGAAACTCACACTCATGTTATCCGTTTTGCTCCTCCTTTGGTAATCAAGAAAGAGGAGATAGACGAGGCGTTAATTCACATCAAAGATGTGTTGCTGATGGACTAAAGGCGGGTGGCAGATTGATAAATATTCACATTAAATAAAAGGATCCGGAGAACAAATGAAACTTTCTGATCTGTTAAAGACAGAGTTAATTATACCTGAGCTTACCGGAACGACGAAAGAAGAGGTGATTAATGAAATGGTTGACCTCTTCGATGATGACCCCCGTGTTGACGATATTCAAAAAGTCCGGACGGCGGTCTTCGAGAGAGAAAAAATTATTTCTACCGGAATAGGGAAAAACTTCGCTCTTCCGCACGGTAAAACTGATTCGATCTCGGAAATTTTATGCGCTTTCGGCAAAAGTTCGCGCCCGATTGAGTATAACTCGCACGACGGTCAGCCCGTTCATTTGGTCTTTTTGCTCGTTGGTAAAGAGAATTTAGTGAGCCTGCACATCAAATTATTAAGCAGGATTTCACGGATGATGACCAAGGATGAATTCAGAAGAAACCTGATGGAAGCAAAAACTGCCGCAGAGATTCTGGAAATATTCAAGACTGAGGAAGAGACTTATTACGATAATCTTTAAGGCAGCCATCCGATGCCGCTGAGACGACAGGAGGGTGTCCCCAAGATACCGAAAACCCGTAAGAAGACTATCGATAAGATGAAAAGCACAACCCCGGTTAAAACCGGGGATGTGATCGAATATCGTGCGATGGTTTATTATCATTACGATGAGATAAAGAAGAAACAGTTCTATGTTCTCACCATTACTACGGTTAAAGAGTTCGTTTTTCTTAATTATCTGATTTCGGTGGATGTCAGAAAAATAAAAAATGTGATTGATATCAGTCTTCTTGGTTTGAACACGCAACAATCTTACTATGTTCAGCCGGGGCCCGCCAGGGTTGATCTCTATTTTGAAGATTTATACGGCGAGCACACTTTTAATGTAATTAAGCAGGATGGCAGTATCAACTCTTTTACTGTTGACTTCAACATATACAAAAAAGATATTGCAGTCGTCGGTGAAACTATCCCCGAGAAGAAGAACAACCGACATTTCTGCACCTTCAGGTTAGCTCCTGAATTAAATACTTTTGAAGAGGTATAACCAAAAATGTATCCGGAAATAATTTCAATTGGGCCCTTCACTGTTCACAGCTATGGGTTGATGCTCGGCATTGCTTTCATCGTTGCGAGCTGGATGTTAACCAAAGAGTTCGAGCGCAGGGGCATTGATACACAATTAGCCACTGAAATTACCCTTTTGGCAATTGTCTTCGGCGTTATTGGCAGCAAACTTTTCCATCTGTTTGCTAACATGGACGAGTTCTTTAACGACCCGATCGGCGCACTTTTTTCGCCCGGGGGTCTTACTTTTCACGGTGGACTGCTGCTTGCCATGCTCGCAATTTATATCCGTATGAGGCAGAAAAAGGTTCCGTTTTTATTTATAGCTGACTGTGCAGCGCCTGCTTTGGCAATTGCTTACGGAATCGGAAGAATTGGCTGCCACCTTGCCGGTGACGGCGACTATGGAATCCCAACCTCACTTCCCTGGGGCACAAACTACGAGAACGGCATTGTAAAGCCCTCTTTAATGTTTATGGGTTCTGATATTGCAAAGGGATACCCGAACGGAATTGTGCCCGACAACACCCCGCTGCACCCGACCCCAATCTACGAATTTTTACTGATGATTGTGCTGATGGCGATTTTACTGCACTTTCGCAAGAAAGACTGGCCTATTGGCAAACTTTTCTCAGTCTATTTACTCGGTGCAGGCTTGGAGCGTTTTTCGATCGAATTTATCCGGCTGAACCCGCGGCTTTTGTTCGGATTAAGCGAAGCCCAGTTGGTTGCAGTTGGTTTGATGGCCGCCGGAGCGTGGGGCTTGTTCTACTACACTTATAAAAACCCGGATAAACCGAGGTTCGTTGTTCCCGATTCGCTTAAGCCAAAGAAAAAAACGGGCGAACAGAAAAAGAAAAAAGCAAATTGAGCGGAATAATAGTAGTAGCCGGCAGAAAACCGGTGCTCGAGGCGCTGCGTTCAGGTGTTAAGGTAGAGGCTGTTACTTTTCAAAAGGGAATTAAAGGTGAACTGTTAAACGAGATAAGGGAAACAGCCGGCAGGCTTAAAATTCCCATAACAGAACTTGAAAACAAGAAATTTTCAGATTTCACCCGCGGTCACGAGCCAACACAGGGGGTTGCCGCGCGGGTACATGCTTTCCGAACCTTACCTTTGCACGAAATTATTAAATTATCAGGAGGGAAAAACAAACTTCTGTTGGCTTTGGATTCCGTTCAGGATCCTCACAATTTTGGCGCAATAATAAGAAGTGCAGAGTGTGCCGGGGTTGACGGGATAATAACCACAAAGCACTCGAGCGCCCCACTTAATATGACGGTATTTAAGACTTCGGCAGGTGCAGCGGTGCACATACCGGTTTGTGAAGTCAGCAATTTAACCGATGCGATTAAAGAGTGTAAAGAGGCGGGGTTTTGGTCGGTAGGTCTGGCATTGGAAGAAAAGCCTAAGGTTCAGAAAATTGACTACACTTTACCGCTTCTGATTATAGTCGGGAATGAAGAGAAGGGGTTACGCAGATTAGTTAAGCAAAATTGTGATTTTATTCTGACAATACCAATGATGGGAAATATAGAATCGCTGAATGTATCTGTTGCAACGGGGGTTGCTCTTTTTAATGCTTTGCGCGAAAGGGGTGTCTGGTAAAGAAGCTTTAGGTACAAATCTCCGAACGCACAGCCGGAAACCTTATACCCGCAGGTGTTTGATAAAAAGGTTTTAGGTGCAAAAGAGGGGGGGGGGATTTGGGATTTTTTTGTCGAAGTTTTCAGTACCCAACACACAATGAAGGCAGCGGGTAACTTCCTGTAAATTAATTAATAATTTTGGGAATTTAACCAATGTTAATGAGAATTAAATTAACGCTTGAAAAAACCCAAAATTATTATTATCTTTAGAAATAACAAAAATTGATTAAACTTTGGCAGTTTATTATGGCAATTCATTTTCTTACCGGTAAAATAGAGTTTCACACAAACGGAGACTCGGAAATAAAAGACCTTACAGCCGATGTTGAAAAGGTTATAGAAGAAAACAATTTTACAGAAGGAAATATTCTCTTGTTTGTTCCCGGTTCAACCGCGGCATTAACCACAATTGAATTTGAACCCGGTTTGCTTAAAGACTATCCCGAGTTCATGGAAAGGCTGATCCCTTCCGGGAAAATATATCATCACGATATGACCTGGCACGACGGGAACGGCCACTCGCACCTAAGGGCTGCATTGCAGGGTCCTTCGCTACACATCCCGTTCTTAAACGGAAAATTGATACTTGGTACCTGGCAGCAGATAATCTTCATCGATTTTGATACTCGTCCGCGTGAAAGAACCGTGGTTTACCAGGTGATCGGAGCTTAACTTAATGAAAAAATTATTCCTCTCGTTGGTGTTGTTGTTTTCGGTTGCCTTTGGGCAAGGCGAACTTGAGTGGACACCATATTTTGCAACCCCCGAAGACTCGATCGTGATTATTTACGACGCCTCAAAAGGAAGTGCAGGTCTGCTGAATGTTTTCCCGATTTATGCGCATACCGGTGTAATAACCGACCAAAGCACAAGCCCGTCGGACTGGAGATATGTTAAAACTCAGTGGGGGCAGAACACCCCGGAAACACAGATGACTTTTGTAGGCGGAACAAAATGGAAAATTGCGTTCAAAATCAGGGAATACTACGGTGTTCCTGAAAGCGAAACCATACTTCAGTTAGCCTTTGTATTCAGGAACAACACCGGTTCGCAAACGGGTAAAACCGCTGATGGGGGCGATATTTTTCTCCCGTTGGCTCAGCCCGGGCAGACTGCTGCAATTGTTCAGCCGACCTTCAGCGGTGTGGTTAATCAGAATACGCAGGTGCCCATTCTGGCAATCGGTGCGCCGGGTACTCAACAAATGAAGCTTTTCGTGAACGGCAATGAAGTCGCACAGGTTAATAACGATTCCATTTCATACAACTTAACCTTATCATCCGTTGGCAAAACGAAAGTTAAAGCCCTTGCAA
CP129491.1_gap83	2825482	2826846	1364	CGGTATGATGTTGTGGGGCAACCACAACTCCAACTACAACGAAGCCACAATGGGTTACCACGACAACAACAAATCGAACTTCAGCGGTGTTTCGTGGAAAGTGCGCGGTTGGAACGCTCCAAATTTAGTTGGCTACATGGAAAGCCACGACGAAGAACGAAATATGTATAAAAACCTGCAATACGGCAATTCAAGCGGCAGTTACAATATAAAAGACCTTGCAACTGCACTGAACCGGGAAAAATTAGCAGGCGCTTTCTTTTTCACCGTGCCGGGGCCAAAAATGATATGGCAATTTGGTGAGTTGGGATACGATGTCTCAATTTTCTACCCGTGCGGAAACGACGGCTGTAAAACCGACCCTAAACCGCTTAAGTGGGAGTATTGGCAGGATATAAAAAGGGTGAACCTTTACAAAACCTGGCGTGAGTTGATAAATCTTAAAAAGAATTATCCCGCTTTCAGCAGCACCGATTTTTCGTTGGATGTAGGCGGAGCCGTTAAAAAAATAAAAATCAACCACCCTTCGATGAATGTTTTAGTTCTTGGTAATTTTGGCGTAACGAGCGCAAGTTTCAGTGCGGGTTTCCAGAACGCCGGAAAGTGGTACGACTTCTTCCCGGGTGATTCAATTACGGTAACCGATCCCAACATGCAGGTAACGCTTGCTCCGGGCGAGTTTAGGCTTTACACAACGGCAAAACTTCCTACGCCAGAACAGGGGATTATCACCTCTGTTGAGGAAGAAAAAACTGAAACAATGCCGACCGAATTTTCGCTCGATCAGAACTATCCGAATCCTTTCAACCCCTCGACCAGGATCAGTTTTGATCTGCCACAATCGGGGTTCGTTAACTTAGCGGTTTATAACTCGGTGGGGCAATTGGTTACCGTTCTGGTTGATAAAGAGATGGGCGCAGGTAGGTATTCTTTTAATTTCGACGCAACTGGGCTTTCGAGCGGAATATATTTCTATCGCTTAGTTACCGAAAGCGCAGTTTTAAGCCGTAAAATGATTTTATTGAAATAACACAAAGTGGCACGATGAAAAAAGGGATAGTATCTGCGTTTTTATTGCTCATATTGGTTTTCACCGGGTGCGAAACTTCACCACCGATTAATGTTCAGGATGATGTTTTCGGAGGTGTTGCTGTTACAGGCAGCCCTGTTGGAGCGGCGATTTTTCTTGACGGTAACAACACCGGAAAAGTTATTCCTGATACACTTCAGGTGAAAGCCGGCGTTCATCAGATTGGTGCACAGATGGATGGGTTTCTCTCCGAAACGAAGAACATAACCGTTCCGGGCAATTCAATTACAAATGTAGTGTTCGATCTTGCGCCTGTTACAGAACAAAAAGTAGT
CP129491.1_gap84	2830574	2834196	3622	AAAAGGTACGGAACTTGCTCAGGCTATTTTTTACTCTAATTTCAATCGCTGCTGTAGTATTTGTTTATTATTTATTATTGGATGGGTATGGAGGCCCCCTGAAGACTTTTGTAAACAACTACGCACTTGAAACCACTGTTGTTGCTGCAGCTTATTTCCTAAGCGTTACGCATAAAAAAATACGAGGGAACAAAATAGCAAAAGCCCTTATTATCTTAGTTTTTGCCGTTGTTACTGAGGTAAGCAGGCTTTTCGATATTAACATGCTTGGTACCGAGTTCGACCCACTCGATTTCTTCTTCTTTATTGCGGGGCTTGCCGGAGCACTGATTATTGATTATCAAATAATCACACGCTTTGAAGACCGGGGAAAATTACGGGCAGAGTAACACCCCACCCGTTTTAAGATTTATCCGTTTTTAAGAATTACCTGACTTTTTAACCACACGGGTTTTTATTCAACCCGTACATTACACCACTTCTTTCAATTCAGCCAGATTTTCAATTGCGTTGCGCAGGAACCCGGGCAGCACGGTCTTTTTTGTGTTGTAGATATTCACCGGATTTTCGAGCTGCAGAATCATATCGTAATACGCCTTTTCGCCGTATTGTTCAACCACCTGAACTTTTCTTTCCGGTTGGCGGAAGTGGTAATACATACTGGGGGGGTCTGCCTCCGGATGAAATTGCGTGCCCATAATTTCGTCGGAAATTCTGACTGCCATCATAGCAGGTTCTACATACACAGCGGCAAGTTCCCGTTCCATCGCTAAAATCTTGCCGCCGAGTTCAATCAATTTTTTATAATCAGGGTGGATTACCTGCCACCCCCGGAAATCTGCACCGTAGAATGGATTTGTTAAGTGGGAAAAAATTGGGTCGTTTTTACCATCCTCAGTAAGGTTAAAAGGGATAATACCGAACGATTTTTTTTCTCTTTTCATCACTTCGCCAAACCCGAAAAAGCGCGCCATCATTTGGAACGAATGGCAAATGAAAAAAACATATTTTTTCCGGTCGGAGCGTTGGTTGTGGTTGTAAATTCCGTCTAACAGCCTGAAATAATCATCTTCCCATTTTTGCCCAACGCCTTCAAACGGTGAACCTGGGCCACCGGAAGAGATGTAGATATCGTGGTCAAGCCCGGCGTCTTCTTCTTTCAGACGGGAATCATAAATTTTATATTCCATCGGCACCCGTTCATAAATTGTATCCATTTCGTAAAGATGATCCTGGATACACCTCATTCCCTGGTTTTCTTCTCCGTTATACAAATCGATAATTGCAATTTTAATTTTTTGATTCGCCAATCGATTTCCTCCAATTTTTTCCAAACTTTTAATAAATAACAACTCTAAATTTAAAAAAGTTGTTCTAATTTACTGAAGATTCGGAAAATTATCTTTTTCCTTTCTCTATATAATTATATTATTGCAAATCAAACATGCGAAATAATCCGTGGGCAAAATTCGTTAATTTGCATTAGAGTTCAGTACAACCATTAAATTGCACAACAAATCGGGCGGGAAGGATATTTTCATTAAGATACTTTGACAGCGACCTCAGTACAACCATTAAATTGCAAATCAAACATTGGAAAAACAAAATGCAGAAATTTTTAATTAACTACACAAATCACCCTTCGAACAAGTGGAGTGTCGAGCAGACGGAAGACGCACTTCAACAGTGGACGGGTATAATCGATTTTGCATTTCCGGTTATTGAACCTGAATGGAACCGGGAAGAACTGGAAACAACTTTTAACAACTTTTTAGAAGAAGTAAAAGAGATGATGGCATGCGAAGGCAGGGAACTTGAAAGCGCTGACTTTTTAGTGATGGGTGATTTCAGATATACCTATTATACAGTTAACCGGTTAAAAGAGATGGGGTTGCTGGTTTTTAGCCATGCCGGAAGGCGAAATGTTGTGGAAACTGATAACAAAACTATCTCCCAGTTTAAGTTTATCCGTTTTGTTGAATATTTCTGATCAAATTTTATAAAGTTTGAAGAAATTTGTAGATTAACAACTTAAATTCGTGGGATTTTTGCAATGAAAAAAGTAACTAAATTAACTTTGTTTTTTGTGCTGGTTCAGTTTATCGCATCGGCACAGTCGCCATACACAATTCTTATTTCTTTCGACGGTTTCCGTTACGATTATATGGATCGTGGGATAACGCCCAATCTTTGGAAAGTTGCAGAAAACGGCGTAAAAGCGCTTTCGTTGCGTCCTTCGTTTCCTTCGATTACATTTCCTAATCATTACTCGATTATTACGGGTATGTACCCTGAGAATCACGGCTTAATTAATAATACGATGTATAATCCGGTAACAGGAGCAACCTATCGTTTGAACGACTCGCTTGCAGTTCAAGACCCCAGTTGGTATCAAGGCGAGGCTTTTTGGGAGACCGCTCAAAGGTATGGAATAACTACTGCAAGTTTCTTCTGGCCCGGCTCTGAAATTAATTTAGAGTACCGGCGCCCTAAATATTTTAAAAAATACGACCACAACTACCCGTATAAGAAAAGAGTTGACGGAATTCTTGAGTGGCTTAGCATGCCACTGGCTGAACGCCCGCGCTTCCTGACTCTTTATTTTGACGCAACCGACTCTTACGGGCACAAATTCGGTCCCGATTCCGACAGTACAAACAAAGCAATTTCAATTCTGGATGATGTAACGGGCTATTTGTTGGATAAGCTGAAGGCTGCCAATTTGTTGGATTCGACAAACCTTATTTTTGTGAGTGATCACGGGATGACGGCAATTGATAAATCGAAATTTGTGGATGTTACCCCTTTCATAGAGGGAGAAAAATATAAAATCTGGGCGGAAGGCACTTACCTTTTAATTGAACCTGAAACGGGAAATGAAGAATCGGTTTATCAAAAGTTAAAAAAGAACGAAACTCACTATAAGGTATATCGCAGGGAGGAAATGCCGGCTTTCTATCATTTTTCAAGCAACCCGTTAATCTCAAAAATTATTGCGGTTGCTGATATCGGATGGGAAATTGGGGGCACAGAAGCCAAACAAAAATTTGAACGCTGGAATTCAGGCGGGGTGCACGGTTTTGATAACAACAACATTCAGATGCACGGGCTGTTTCTGGCGATGGGACCCTCTTTTAAGAAAAACTATCGGATTGGTACTGTATGGAATATTGATATCTATCCACTTCTTTGTGAAATATTTAATATCCCAATTCCCCGTAAAATTGACGGCAGAGCCGAAAGGATTGATTTTATACTGAACAAATTTTAGTTAATCGGTTCAGGTGCCATTTTTTACAGGCAGTAGCCTTTGAGTGTGGTTTCATTAAAACAGCAGTATATGTAAACTTACTATAAGCTTCTTTATTTTTCGTTGCGGAAATAAAGAAGTTTCTCTTTTTACGCTGTTTTTATCAGGATTTTTTCAACTGCCGGTTGTGTTGAAGAAACAGGAGGGAGCATTAATAAAACGGGATAATAAACCGTATGTACCGGAATTTGTCTGTGTTGTTGAACAGTTGTATTGATAAAACGGGATAAAAAGAAGATATGGGAGAAAAAACTTCAAAACTGCCGTGAAATATTTTGAGGGAATCAACCAATTAATTATTTTTGACAAATA
CP129491.1_gap85	2853677	2855609	1932	TTAAGTTTTATTTTAACCAACAAAAATTTTTTAATGTTCGACTTGTGGAAACGGATTTTCTTTTCGTGACCGACTGTGAATTTGTTCGATTTGATATTGTTTTGAAGGTCGATTATCAGGTCGTAGTTTGTACCGGTTATTTCTTTCAGGCTTTTACCTTCCTGATATGGGAAAACATTGCGGATATAGGGATTATGGCTGAGCGCATCCAAATATTCTCTTTTCACTAAATAGTCAATGTTCGTCTCGGGGTAGCTGTTTTTAAGTGAGCGCACCACGGGTGTTGTAAGCAGAACATCACCAAGAGAACTGAACCTGATAATCAGAATATCTTTCATCCGGGCTACCTCGTCGGCAATAATTTCTTTGATTTCAACCCAAACCCGATTCTTTTGAACGGGTTGTATGATTTGAAAGAGAGATAAAACTTACCGATTGCTTCCCATGCTTCTATCGACTCACGCTGCTGAATCATTTCAACTTTAACGGCACGATTTAAAAGTTGTACATCAAGTTTTTTAGTTTTTTTCGTGTTAGTTCCCATTCCGTCGGCTCCGATGTGTTGCACGAGCGATTTTCCCGGGTAAAGAGTCAACATATTCTTTAAAAAGACAGAAGCATCCCATCGGACAGCCCATGAGTCGTTCGTTTTTGCTATAACCCGTTGCAGTATTCTTTCCTTAAAGGCAGCGCCGTTGAAATTGAAATGATCCATCAGTTTTTGTTCAAGGAGGGTATCGTATAAAAATTTAGCGTCGGGGTTAAAGAATTTCCATGCTCTTTCCCATGTAGCCCAGCCGAGACAATCGGCACCACGCAGGAAGAAAGTTTCGGGCAACTCTCCTTTCACAGGGTACATGTATCCGTGAATAGAGGCAACATTTTCTGAATACCTGTAAGTGTTAAGCCCGTCGTTCATGAATTTGAGGAACCATGGGGAAAGCACCAAATCATCCTCGAGCACAATCACCTGCGCGAACTTGGCAATCATTTGGTTCACCCCGTTAATAATTGATCGCCCCAGCCCCCGGTTTTTTTCGGCTTCATAAACTGTAACGGATTTGAACCCTTTAATATTTTTCAGATATTCCCTGATTTCTAAAACGGCGGCTTTACCATGTTCATTTTTCCACCCGTCGGAGAAGATGTGGAGGTCGGTTTCTTCTGCGCCATAATTTTTGGCAAGAGACTCCAAAGTTCTTTTCAGAGTATTCAGGCGATTGTAAACAAAAATTGCTACAGGTGCTTTGTTCATAAGTAAAAAGTTAGTAAAGAGTTAAGTAAAAAATCAAAAAAGGGTTAAATAAAAATCAATAAAGAGTTAAATAAACTAAGGTTGCGTTAAGTAAAAATCAATAATTAGTGATGTATAATTTGGTTTCCCGTCTTTATTTTTCCTGTGATTGAGGAAACATCTTTTAATGTGCCCTTTCTCATCGTCATTTTTGTAAGTTGAGTGGAAGTTTCTATCCTCATCCCAATACTCGATGAGATTAAAGCCATATCCAAATTTAACAAATATTTCCGAAAGAGAGCGATAATTGAAAAGATGTTTGTGTTCATCCGCTGCAGGGCCCGTTCCACCGGGGCGGACATGGTCGATATACGCCTGATCGGCATGAAAGCCATCGGGTACGGCAACCCTGATATTTATGTTCGGGTTTGCAAACTCTTTTATGTTTTGTGCCATCATTTCAATATCGGCAATTTCCAAATGTTCAAGCACATGCTCAATCAAAACAAGATCAATTTTTCTCTTTTTGAAGTAGCGCCTGAAGTCTTTTTTATTTGTTAAATCGAGCGTTTTTATGTCTGTGGGGAACCAGCCTTTATAAAGCGTATCACCACTTCCTATTATCAGCCTGATTTTATCCGAAAAGCGGGAATAAAAGAACCAGGCAAACAACGAAGCGGGCTTTAACAACGGACCTG
CP129491.1_gap86	3030198	3031997	1799	ACCCCTGTGCCTATTTTTCTTTGATGAAGTTCTGTTATCAATTGGTCGCGGGTGATATTCGTTTTTGTGTCATCGACAAGAATAATGAAAAGGTGCAACCCATGCTTTGATTCAGGGTCCATCTCAGTGGGGAGAATTAAGGGTAAATGTTTCAGTCTCTCCTGGTAGATTTTCCAAATTTCTTCACGGCGTTTATGGAATCGTTCAACCTTACGGAGCTGGTGAATCCCGAGCGCAGCCTGAATATCGGTCATGTTATACTTAAAACCGGGGAAGATCACCTGGTAGTGTTTATAACCGTCATCGGAGAATCTTTTCCATGCGTCTTTGCTCATTCCGTGCAGAGCGTAAATTTTTAATCTGTTAGCGAGGGCTTCGTTGTCTGTAACAATCATGCCCCCCTCGGCGGTGGTAATGTTTTTGGTTACATAGAAACTATAGCTTGTTATATCCGCAAAACAACCGATTTTCTTTCCTTTATACTCTGTTTCAATTGCGTGAGCTGCGTCGTTTATAATATAGATACCATATTCGTTTGAAATTTTGCTTAGTTCATCCATCTTGACGGCTCTGCCGGCGAAATGGACGGGGATGATAGCTTTGGTTCGTGCAGTAATTTTTCGCTGCAGGTCCTCGAAATCAAGCGTCATTGTATCGCGATTAACATCCACGAAGACGGGTTTTGCGCCGGAATGAATAACCGCATTGGCGGTTGCGGCAAAAGTAAGAGCGGGAACAATAACCTCATCCCCTTCTTTGATTCCAAGCGCTATAACTCCGAGGTGTAGCCCTGCCGTGCAACTTGCGATTGCAATTGCGTGGTTAGCACCGATATATTTTCCAAATTCTTCTTCAAAACGGGCGACTTTGGGGCCCGTACCAAGCCAACCTGATCTTAGGGTATCAACCACCTCGTCCACTTCATCCTGTTCAATAACGGGGCTGCCAAAAATCAGATATTTATCTCTCATAGTGTTGATCTGCGAAATTAAAAATAGGTAAAAAATAGGGTGATTTATTAACAAACAAACAGCAAAGATAATAATTTTTTATTTTCACAATTGAACTATTAGTTGGTAACAGGTGGTGTTTTATCAGCAACTACACATTTAGTTTGCGGAAAATTTTTTCGGGGATCATTTTCATCATGCACATAATCAGCCACCAGTAGTGTGGTGTGTGGATAACGGGTTTTCTGCTTTTCCAGCCGTTAAATATCTGTTTTGCAACTTTTTCAGGCTCGGCGGTTAGCAGCCAGGGGGTTTCTTCGTTTTCGATCATTTTAGTGCGGACAAAACCCGGGAGCACGGTCATCACGAAAACGCCTTTTGGGTGCAACCGTTGCCTTAACCCTGAAAGAAATGCAGTGAATCCCGCTTTTGCAGCGCCGTAAAAGTAGTTTTTCTTTCTGCCTCTTTCACCGGCGACGCTTGAAATGCCGATGACAGAGCCTTTCCCGATAGTTTCAAAGTAGTTTCCCGCTTCGTTTAATATGCCGGCAACTCCGGTGAAGTTTGTATCGATTATCAGACGGGCGTACTGAGGGTCGGTTTCTGCGATGGATTGGTCGCCAAGCAGCCCTGCAGCGGCAATTACCACATCAGGTTTGGGTTCTAATTGTTGAAAAAAGGTTTCGTGGGTTTCATACTGCAACACATCGAAAAAGAGTGCTTCTGCCTGAACACCGAACCTGATATTGAGGTCGGATGCAGTTTTTTTCAGTTCCTCCATGTTTCTGCCGGTCAGGCAAAGGTTATATTTGGCTTTCGCGAATTGAGCGGCGAGCGCCTTTGCGATAT
CP129491.1_gap87	3055541	3058560	3019	CGCCTCAGCTTCTTTTCTGAGAGCTGCTGCCTGTTCCGGTGTCAGATCGATGTGAAGTGTATCGAAATAAAGCTTGTTTGTCTGTTTAATGCCGAGGTCTTTCAGTGCAAGGTCGAGCAGCGAAGTGAAACTGTGAATTCTTGCGGCAATTTGTCTGATTCCTTCGGGCCCGTGGTAAACAGCGTACATGGCGGAGGTAATCGCCAACAGCACCTGCGCCGTGCAGATGTTGCTTGTGGCTTTTTCCCGGCGGATGTGTTGCTCGCGTGTCTGGAGAGCCATTCTGTAAGCGAGGTCTCCTGCGGCGTCGGTTGAAGCACCGATAATTCTTCCGGGAATTACTCTTTTGAATCTGTCTGAGCAGGCAAAAAAAGCAGCGTGGGGGCCCCCGAAACCCATCGGCACGCCGAAGCGTTGTGTGGAACCAACAGCGATTTCAGCGCCAAACTCACCCGGAGGGGTAAGAAGCGCCAGCGCCATCAGATCGGTTGCAACAACGGTGGGTATATTTTTGCTTTTTGCAGTTTCGGTGAATGAACTGTAGTCTTTAATTTCTCCTTTACCCGAGGGGTATTGCAGAAGTGCGCCGAAGAATGAGTCATCCAATTCAATGGTTTCAAAATTACCGGTAACCAATTCAATGTTTTTTGGGACAGCACGGGTGCGCACCACTTCGAGAGTTTGGGGGAAAATATCTTCGTCAACGAAGAACTTAGCGGCGTTTTTATTTGCTTTATTCGCAAAAAGCATCAGCATTGCCTCTGCGGCGGCGGTTCCCTCATCGAGCAGGGAAGCATTAGCGATCGGCAGCCCGGTGAAGTCGGAAACCATAGTCTGGAAGTTCATCAGCGCCTCGAGCCTGCCCTGCGAAATTTCCGCCTGATATGGGGTATATTGTGTGTACCACCCGGGGTTTTCGAGGATATTTCGCAGAATCACAGCGGGGGTTACCGTTGGGTAATATCCCATTCCGATGTAAGATTTGGCAATCACATTCCGTTTTCCGGTTCTGCGGAGATACTCCACGAAACCGTTTTCAGAGAAAGCATCGAAGTGAGGGAGTGGTTCTTTCAGTCTGATGTGTTGCGGAACAGTTTCATCGATCAGTTGATCGATAGAATTAACACCAACGGCATCGAGCATGGTTTTTATATCCTGCTCGTTTGCGCCTAAGTGCCTTTTTTCATATTTATCAAAAATTTCGAAAGTTTTCATTTTATCCGTTGCCTTGTTAAGTTGTGCCTTGCTAAGTTTACGCCCCGTAGAGCTTGTATCTTATTGAGTTTGTGCCATGTTAAGTTTGTACTTTGTTGAGTTTATGCCCCGTAGAGCTTGTGTCTATTTAGCAATTCTCGAATTAGACAATCCCGGTGTTGATAGTTTGCCTAAATGAGAGATTGCCTTGTTAAGTTTTTGCCCTAAAGAGCAGTTCTCATGTCAGACCATCTCTATCTCGGCTATTCCTCTTATAGAGAGATCGCCTTCTTGGGTCAGAATTAATTTAAAAAGTAATTTTAAAATTACGGAAAAGATTTGTGATTATTTCAATAGGCCTTAGCCATATCGGGTAGTTTCAATTATTGGTTGCGCCGAACACAGAGGAAGTTGAAAAGTAACGGGAAGAATCAAATGGTAACAGAGTATGAATTTTACAGGACGGAATAATTTAATAAATTTACAACCGGTAAAACAATTTGTTAAGAAAAGAACAGATATGAAAAATTTTGTAATAACAATTTTGGTATTAACAGTGGCAATTACAACCCTTTCGGCTCAAAACATGGAAAACAGCGGGGGAAATCCATTCTTTCAGGAGTGGAAAACCCCTTTCGGCACACCGCCGTTCAGTCAGATTAAATTGGAGCACTACATTCCCGCTTATGAAGAGGGAATAAAGGAGCAGAATCAGGCAATCGATAAAATAGTCGCAAACCGCGAGACCCCTAACTTCAAAAACACGATTGAAGCTTTGGAGGTTTCAGGTGCACTAATTGCGAAAGTTTACGGTGTTTTCACCAACTTAGTGGCAACAATTACGAACGACGAAATGCAGGAAATCGCAGAAAAGGTTGCTTTAATGATGGCTCGCCATCAGGATGATATATATTTAAATGAGGGGCTTTTCCGGAAGGTTAAAGCTGTTTACGATGACCAGGCGTCTGAAAACCTGAACACTGAGCAAAAAACACTTCTGAAAAACTACTATTTAGACTTCGTAAGAGGTGGTGCCAACTTAAACGAAGCCCAAAAGAAAGAACTTAGGGGAATAAACGAAGAACTTTCTAAATTAAATGTGCAGTTTGGCGATAATGTCCGGAAAGAGAACTCGAAATTCCGATTAGTGGTTGACGACAGAACGGATTTAGAGGGGCTTTCCGAAGATATGCTGAGCGCAGCCGCTGAAAAAGCTGAAGCAGCCGGCGTAAGGGGAAAATGGCTGTTCACTATAGACAAGCCGACACTTCTGCCTTTTCTGCAGTTTGCAAAAAACCGCAGCCTGCGGGAAAAAATGTACCGTGCGTACATGAATCGCGGCAACAATAACGATGAGCTTGACAACAAAAAAATACTGGCACGGATTGTTTCGCTGCGCGTGCAAAAAGCAAAACTGCTGGGGTATAACACTTATGCGGATTTTGTAATTGAGAAAAAAATGGCGAAAACACCCGAAAATGCGTATAAATTGCTTTATGATGTCTGGAAGCCTACGATAAAAAAAGCCAAATCGGAAGTGGCGGAAATGCAGGCAATTATCGACGCCGAAGGGGGAAACTTCAAACTGCAACCGTGGGATTGGTGGTATTATGCCGAAAAAGTGAAAAAAGCAAAATACGACTTAGACGAAAACATGCTGCGCCCTTATTTCAAATTGGATAATGTAATTAAAGGGGTTTTCAGAGTGGCAACCGAACTTTTTGGGTTGCAGTTTGTGCCCAGACCCGATATAGAAACCTACCACCCCGAGGTCAGGGTGTTTGAAGTTAGAGAAGCAGACGGTAAACATGTCGGCGTGCTTTAT
CP129491.1_gap88	3067510	3072124	4614	TATCATAACATAGAACCCGTAGTTGGGATTAATCAGCCTGTTAAGCCCCGCAAAATCTTTATCATTAATCATTCTGATCACATTATTATATAGTTCGGTGAACTCTTCCCTGTTAATATCGGGCATTTTGATCATCAGATTTTCAAGAATTGGCAACACCCAAACTTTTTCGTAGCCCTCTTGTTGGCGCAGTTTATCCCACAAATCGACTGCTGCCTCTAAATTTTCAAAAAAACCTGTGCACACTCTGTACACCACCCCTTTTTTCAGTTTCATATCGATAAATTCGGGATTCAAACCGTCGGATTTTGCTTTTTCAAACACATCCATCAGGGTACTTTGGTTATAACCGGAAGCGATAACAACCACAAAACCCTGAGCCTTAATAATTGCCGGCAGAGTGAAAGTAAAAACCAGAAATAAGAAAAAAGCAGTTCTCAAATCAAAAAAAAGACCTGTAAGAAAAAATTTTAAGAAACGGGTATGTAATTTACGCAAGTTCTCACATAACGGAAATCAGTATATTTAAAATTTATTTTTAATAAAATTCGAAAATCAAATGCCGGAACCCTTAATCGTTATTGTTCTTCTTAATTATAACGGTGCACATGATACGGTGGAATGTATTGAATCATTGAAAAAAATCAGTTATGGCAACTTTAAGATATTGATAGTTGATAACTGTTCAACTGACAATTCAGTTGAGGTTTTTCGCGAAAAATATCCGGGGCTTGATTTATTGGTAACGGAAAGAAATCTGGGCTACACCGGAGGAATAAACAGAGGTTTTCGGGAAGCCGGCAAATATGCGCCAAAATATATTTTGGTGATTAACAACGACACTTTAGTTGAACCCGATTTTTTAACTCACCTTGCCGAAGCATTGGAGAACGACCCAAAAGCCGCCGCCGTGGGTGGGTTGATTTTAGCCGAACACGACCGAAAAACCATCTGGTTTGGCAACGGAAAAATGGTGAAGTGGCGCAGCCTTGCAGTTCACATCGATAAGGGCTTAGCAGTGGAACGCAAAAGTGTGAAAGAGCTTACCGAAACTGACTTTCTTACAGGCTGTCTGATTCTTTTCAGAACAGAGGCGCTTCTAAAAGCCGGCATGGAAGATGAAGATTTTTTCATGTATTTGGATGATATTGAACTTTCGGCACGATTGAAACAAAGTGGTTTTAAGCTTTTATATCAGCCGAAAGCAGTTATTTATCATAAGGTGCTTGGGGAAAAAGAAAGCCTTTTGAAACTTTATTATTCAGTAAGAAACCGGCTTTTGCTGAACAACAAAATGAACAGAGGTTTCACCCGTTTGCTGGCAATGGGGTATTTTTTATCAGTGATTATGCTGAAAATAGTGGTGTGGTCGGTTGTTAATCCGAAGTTTTCAAAGGTTGCACGGGCTGCACTTCGTGACTATTTCCGGAACGAGCTGGGCGTCGGGCGCGGGCACCAACTCAAAGAGATAACCGAAGGATGACAGATATCAGAACGCCTTTGAGTTGCGAGGTGGCGATGGCGAGGTCTAAAAAAATATCAGAAGGTTTACGGGGCTCTCTTGCAGCGTTGTTGCTGAAAGAGATAACGGAAGGAATACACAAAGGGTGAAAAAAGTTTTCGCTGTTATTCTGAATTATAACGGGTATGACGACACTATAAGGTGCCTGAAAAGTATTCAAAATAGCTCGTATAAAGCGGTTTATTCGGTGATTGTTGACAATGCTTCGCCCGACGGAAGCGGCGAGCGGTTAAAAAATGAACTTTCCGCAAGCAAAAACAATGGATACAACAGCCCGGAAATAACGGTTATCTTAAACAGCAAAAACTTAGGTTATGCGGGCGGAATGAACACCGGAGCGCGATATGCTCTTGAGCACGGAGCCGATTTTGTGATGTATGTGAACAACGATACAGAGTTCACCGAGACCACAATTCAAGAGATGGCAGCCGTGGCTGATAAAGATGAAAAAACGGGGATTGTTTCGCCAAAAGTTCTGTATATGGATGAAAGGGAGAAAATTTACTGTGCCGGAAGCCGTTACCTTTTTTACCGGTGTGGCAATGTTTCACTCGGCAGAGGCACCGACGCAAAAAACAACCGAAATACAGAGGAAGAGATAACTCACGCCGAAGGCGCCTGTCTGTTGATTAAAAAAGAAGTGTTTCTGCAAGTTGGGTTTATGAAAGAGTTCTTTTTTATGTATTTTGAAGACTTGGAATATTCTCTTAGGGTAAACAGGAAATTCAAAATTGTGTATGCGCCCAAAGCTGTTTTATATCATTCTTCCGGGGCGGGTAAATCGTTCGGTGATTATTCGGCGCTGTACCATTATTATTTTACAAGGAACCGGTTTTTGATTTTTAAGGATCACAACCTTGCTGCAAAACTGTATGTTATTTTATATTCAGCGGCAATTTCTGCGATAAAATCGGTGTCAGTGATTTTAAGTTCAGACAGGAAAGTGGAATCTCTCATTTCACTTTGGAACGGTTTTTTAACGGGATTGGAATATTTACTAAAATTAAAAAAACTTGATGAAAGTAAACCATTAATCAGATAACCGGAAAATGAAAAATGAAAAATGAAAAATGAAAAATGGTTCTTTTATCGAATTAGTAGTTCTTTTTAATTTGCTAAAACCAGATGAAAGCAAACCGTTACTCAGATAACCGGAAAAGAAGAAAATCACAAAATCAGAAAAGAAAAGTGAAAAATTGAACAAAAAACGCGAAAAATTTCTTTTAATTACCACAGATTTCATCACGATAAATCTGGCATGGGCGTTTTATTATTTCATAAGGAACGAATCCGGTATTTTTGCTCAATTTACCGAGCCGGTGTTTCTGATACCGATGTTGGTAATTTTTTTCTACTGGTTCCTGTTGTTTATTTTCTTTGGGATGTATCGCACATGGTTTGCACTCAGCCGGTTTGATGAAATATTTGCAATACTGAAAACCACTTTTTGGGGCACTTTTATACTTTTTTTCGCAATATTTATTGATGATTACGGCACGGGCGAGAACAAAGGGAACCGTTTTCTGATCTTCATTTATTGGGGGCTTATGGTTTCTTTTGTTGTGATGGGGCGGTTGTTGCTTCGTTCTGTGCAAAGAAAGCTCTTAATTTCGGGGATAGGAAGAAAAAAAGCTATAATTGTTGGGTTTAACGACCGGGCGAAAGAGATTCACGATCAGATAGCGACACATCCCGCTTTAGGGATTGATGTGTGCGCGTATGTGGCGATTAACAAAGAAAATCTTGGGAAAAGACACAAAGATATTGAAGTGGTGGGGAAAGTTAGTGAGATAGAAGAAGTTATCGATAAATATGGGGTAAGCGAGGTGATTCTTTCGGTCAGCCGGCAATACGATGACCTGCTGATCGAGATAATTTCCCGTTGCGAAAACAAGGATGTTACGCTTAAAATCATCCCGGATTTATATGAAATCCTCAGCGGTCAGGCACGCACGGTACAACTTTACGGGTTTCCTTTAATAGATATTAACCCGCAGTTAATGACCGAGTGGGAAAGAGCCGCAAAAAGGCTGATTGATGTGGTTGTTTCATTTTTTATTCTTATTATTGGTTCCCCGATATTTTTAACCACGGCTATTGCCATAAAATTAGACAGTAGGGGGCCCGTTATCTACAAACAGGAGAGAAGCGGGCTGAACGGAAAAATATTCAAAGTTTACAAATTTCGATCGATGACCAAAGATGCCGAAAAAATTACCGGCCCTGTTTGGTCAGCTAAAGATGACCCCAGAATCACCAAGGTAGGAAGGTTCATCAGAAAAGTAAGGATTGATGAATTACCGCAAATCTGGAATGTTTTCAAGGGGGAGATGAGCCTTGTGGGGCCGAGACCCGAGCGCCCATTCTTCGTGGAACAGCTTGCGAAAGAGATTCCGTATTACAAGCGACGCCTTCGGGTCAGACCCGGTATTACCGGCTGGGCGCAAGTTAAGCATAAATACGACGAAAGCATCGAAGATGTGAAAATTAAACTGCAGTACGATCTGTTTTATATCGAAAATATGTCGCTGAAAACAGACATTAAAATTTTATTCCGTACCATATTTGTTGTTTTGTTTGTAAAAGGACATTACGAGTAACCCCCGGGAAAGTGGAAAAGCTATGGAAAAGAAAATCCTTATAATCGTGCCAACATACAACGAACGAGAAAACATAGAAAAGCTTCTTCCGAAACTGTTCAGTTTGGAAATTGAAGGGCTTAATATATTGGTTGTTGACGACAACTCACCGGATAAAACCGGTGATTATGTTGAAGAACAGACGACTCTTGACGAGAGGATACACCTGATACGGCGTGCCGGTAAAATGGGGTTAGGCACTGCCTATTGTGCGGGGTTTAAGTACGCTATTGAGCACGGTTACGATTTTGTTTTTGAGATGGATGCCGATTTTTCACACGACCCGGATAAGGTGCCCGAGTTTTTAAAGAAAATTGAAGATGCTGATTTGGTTATCGGCAGCCGTTATTTAACCGGGGTTAATGTTATTAACTGGCCCATGAAGAGGCTGCTGCTTAGCTATTTTGCCAATTGGTACACAAGGTTTATTACCGGGCTGCCAATTAAAGACGC
CP129491.1_gap89	3075458	3079417	3959	ATAACGGCAAATATCTTGAGTTTTTTGAAGTCGGCAGAACGGAACTTATTCGTGATTTGGGGATGTCATACAAATCTTTTGAAGAAGCGGGGTACATGCTGCCACTGTATGATGCTTATGTAAAATATCACTCGCCCGCTTTTTACGACGAAGTTATCGAAATTGAATCGACCCTGAACCAAAAGCCGATGGCAAGGCTACGCATCGATTACACCATCCGCGTGGGTGACAGAGTAATTGCCACGGGTTACACGCAACACGCTTTTATTAGTGCAGAAACGGGTAAGCCGACAAGATCCCCCGAGATCTTTAATAAACTGATTGATAAGTATTTTAAGGAATAAATTCTGAAACAGATCGACCGGATAATTGAGTCGGCGCTCGAAGAAGATATAAAGAGCGGCGACATAACCACAGAAGCAATTTTCAAACAAAAGCGGGAAGCAACGGGAAGGTTCAAAGCTTTATCACCGGGGGTTGTCTCCGGGGTATCGGTTGTCAGGCAGGTTTTCGAACTTGTTGATGAAACGATAAAACTGAATGTACTTCACGACGATGGCTCGGTAATAAAAGAGGGTGAAATAATTCTTGAAGCCGAAGGTGATGCGGCATCTCTGTTAATGGCACAACGAACCGCTTTGAATTTTTTGCAAAGGATGTCGGGTATTGCCACACTTTCAGCAGCCTTCACGGAGAAAATAGAGGGTACACAGTGCAAAATACTTGACACGCGAAAAACGGCGCCCGGTTTGCGGCTTACGGATAAGATGGCAGTTAAAACCGGTGGCAGTTTCAACCATCGGATCGGTTTGTACGATATGTATTTAATCACGAGCAACCACATTGCGGCTGCCGGTTCAATTTCTGAAGCTGTGGCGTTGGTGAAAGCCCATCAGTTGGAAAATGAAACTTCCTTCAGGATCGAAGTGGTGGTAAACAACCTTGAAGAGCTGAAAGAAGCGCTTGAGAGTGGGGTTGATTTAGTAATGCTCGAAAGCTTTTCGATTGAAGATATTAAAAAAGCGGTCGAGATAAGCGATAACAGTTGCCGTTTGGAGGCTTCCGGCGGTGTAACTTTGGAGAATGTAAGGGAGATTGCTGAAACAGGGGTGGATTATATTTCAGTGGGGGCGTTGACACAATCCGCTAAGGCTATGGACATTTCGCTCGACCTCATCCTGAAACCTTTGGAATGATCGATAAATTAAAGCAACTTTCTAAAGAAACCGTAATTTACGGCATATCTACGGTAGTAGGGCGGTTTCTGAATTTTGTTTTAGTTCCTTTTTACAGCAATATCTTTGCGCCCGACGAAATGGGAGTTGTTGCCAACCTTTATGCTTACATGGCGATTTTCAATATAGTATTCATCTACGGGATGGATTCCGCACTCCTGAAAGTAAGCACACTTCCCGAGTACCGGGGCACAAAGAAGGTATTCACAACATCATATATAACAGTTTTCACAACGGGGGCGGTCTTTTCGCTGATATTATATCTGCTTATGCCGTATTTGGGGGTTTCTATAAGTGTAAACCCGGAATTTGCTGCAAAATACCAACACTTAATTTCTTACTCGATCAATATTCTGTTTTTGGATGCACTCAGCGTTCTGCCGTTTATTGTTTTGAGGTTAGAAAACAAAGCCTTTACATTTTCGATGATCAGGCTGATAAACATAGTGATAAATATCGGTTTGAATTTCGTGCTGATACTGATATTTAAGATGAAAATAGAGGCGGTTTTCTTCGCTAATTTAATTGCTTCGGCTTTTTCGTTTCTTGCACTTTTGCCAATTACCTACAGCAATCTTTCGTTTGAATTTGATTTTGGGGTATTAAAAAGGCTGATGAAGTTCGGTTTGCCGTTTTTACCCGCAGGGTTGGCGGCAATGGTTATGCAGGTTGTTGATAAACCGATAGTGGAGCGGCTGACGAACATTGAAAAGCTCGGTATTTATAATGCAAACTACAAGTTGGGCGTGTTTATGATGCTGTTTGTAAGCATGTTTCAGTTTGCCTGGCAGCCGTTTTTTCTGCAACATGCCGATGACGACGACGCACGCGATCTTTTCGCAAAGGTGTTTACTTATTTTACGATTGTCGGCAGTTTGATTCTCGTTTTTCTTACAATTTTTATAGAGGATATCACATCATTGGGGGTTGGTCGGATACACTTTCTGGGCGAGGCGTTTTGGTCGGGGAGGAACATCATCCCGGTTATCCTGTTGGGGTATTTGTTCTACGGATTTTATGTGAATTTCAACGCATCGTTTTACATAAAGGAGAAGAGCATTCCTGTGCCGATTTTATTGGGAATTGGCGCCATATCAAACATCGTGCTTAACTATTTGTTGGTTCCGCAGTTTGAACTGATGGGTGCTGCCTTTGCAACCCTAATTTCATATATGTTGATAGCCATCGGGTTCTTTTATTACGGGCGCAGGTTGTTTGAAATAAATTATGAGTACCGGAAAGTGGGGACTTTGTTGCTGCTTATCGGTGTGGTGTTTGTAATTTATTACACGCTGATAGATGGTGCAAATGTTTCGCTGTTTGTTAAGATTTTGTTTGCTGCAGCGTATCCGGCGGCGTTGGTTCTGTTGAGGGTTGTTACCCCGAGGGAAGTTACGGTTATTAAATCAACCATTTTGCGCAAAGTCAGGGGCAGATAAGTTTTTGTGTGAACCGGTTTTGGTTTGGTTTATAAGATAAATTTTCAAGTTTATTGATTTTGTTTTTGGTTCAGGAAAATTGACTTTGCAATCGGAATATTTTGAGAGTGTGCGAAAAACAGGAAAGCAAAAGTTTTGGATGAACCTTTTTTTGGAATAAGAAGATTGACTTAATATGCAAAATATTTTAAGAGTATGGGAATATGCGAATATGCGGATATGAGAAATTGAGAAGAATAACAGTAAGGATAGAATTTTGAGTGAAAAGCCCATTCTGAAATTTAAGAGAATAGACCCTGAAATGGGGGATATACCACTTCCTGCGTACCAAAGCGAAGGTGCCGCAGGGATGGATATTCGCGCAGCGGTGGCGCAGCAGTTTATTATTCCAAAAGGGGGTTTTGCTGCAATTCCAACAAACCTGCAGGTTGAAATCCCTCACGGGTTTGAAATACAGGTACGGGCACGCAGCGGGTTAGCCTTTAAAAACGGAATTGGTGTTCTGAATGCACCGGGCACAATTGACGAAGACTACAGAGGCGAAATTAAAGTGATTCTCTTCAATTTTGGAGAAGAAGATTTTACGATTAACCGAGGGGACAGAATAGCGCAGCTGATTCTTGGAGAAGTGCACAGAGCCTGTATTATCGAAACAGATACACTCAGCGACACATCACGCGGAAGTGGCGGTTTTGGATCTACCGGCGCAGTTTAACTTACCATTTTTTTAACTATATTTACGGTCAGAATTTAAACGAACGGCAGCTTCTTAAGGCTCAGCCGGCAGTGGGGTGTTGCTTAAGTTATAAACTTGAAAAAACGCGGGAGTTTAAGCGTTGACAATGGTTTCCGGGATTTGAATATTATTTTTTGTTTATCTGTCTTTCGGGATTTGAATATTATTTTTTGTTTCTCGATTTTCCGGGATTTATTTAAGATTTTTTGAAGGATTTTTAGTTCCCAATGGGTAATTTCGTACATCTGCACAATCACACACACTTCAGTTTACAGGACGCAGCCTGCACAGTCCAGGCGTTGGTAAATGCTGCCAAAGGCTTCGAAATGCACGCCGTTGCGCTTACCGATCATGGCGTGATGTACGGGATACCCGAGTTCTACAAAAAAGCAAAAAGGGCGAACCTTAAGCCTGTTCTCGGGATGGAAGCCTACATTACGGTAGATCACGGCAACAGAAAAGATAAAACGATGGAAATCGACCCGGAAACGGGCGCACGAAAACGACCCTACCACCATCTGTTGCTTTTGGCGGCAACAAATCAAGGTT
CP129491.1_gap90	3082632	3085274	2642	ATCATTATATCCCTTAGTCCGTAATCTTCTGTTTAACAGGAAAGGAAGCTACACTTCCATATTTTAGCAACCTGAAACGGCAAAAATTAAGTTCAAACATAAATGAATAAATATATTGAGGAATTTATACAAATTTCGTATTATTGCACTCTAACTTTAGTTAAAAATCCATAATGAAGGTATCATCTATGAGCACTGGATCCACCGACAAGATTTACGCGCTGATACTGGGGGCTTCTTCCGGTTTTGGAGGGGCAACCGCCGTTAAACTTGCTTCCGACGGATACAATATAATCGGAGTTCACTTAGACCGTGCTGTAAACATGCCGGTTGTGAACGAGATAAAAGGAAAAATTGAAAGTTACGGGGTAGAAGCCCGTTTTTTTAATATGAATGCTGCTGACGAGAAAAAGCGGAAAGAAATAATAAACGAAATCCTTTCCGAAGAAGGCAGCCCAAAAGTGAAGGTTGTGATGCACTCGTTGGCATTCGGCACACTTCTTCCGTTCATTTCAGAGGAAGAGGGGAAAACAATGACCAAGCCACAAATGGAAATGACGCTTGATGTGATGGCACACTCGCTCGTTTATTGGGTTCAGGACCTCTTTTTTGCGGGCTTGTTGAGAGAAGGCGGCAGAATATTCGGAATGACCAGCTCCGGCGGGCACACAATTATTCCTTCTTACGGTGCGGTTTCGGCTGCCAAGGCAGCGCTCGAGTCGCATTTACGGCAGTTAGCCGTTGAATTAGGACCTTACGGAATAACTGCAAATGCAATCATGGCAGGAGTAACGGATACACCGGCACTCAGGAAAATTCCGGGTAACACACCTATGTTAGATGTTGCAAGGAGGAAAAACCCCGGCGGCAGGCTGACAACACCTGAGGATGTTGCCGGTATAATTTCATTATTATGTAAAGACGATGCCCGCTGGGTAAGCGGCGGAATTATAAATGTTGACGGCGGGGAAGATATTGTCAGTTTTGTCGGGCAGAATGGATAGAAGAGGTAAAACCGGCAAAACAGCGAAATTATAGAATAAGGAAAAGACTACTATGAAACCAATTGAAATAAACGATTCGAATTTTGAAGAAGAAGTGATGAAGTCACCGGCGCCGGTGCTTATAGACTTTTGGGCAGTCTGGTGCGGGCCCTGCCGTGCGATTGCTCCGATAGTGGAACAATTAGCGGCAGAATATGACGGCAAGCTGAAGGTTGGTAAACTTGATGTTGACCATTCACCCGATTTGGCGGTGAGGTTTGGCGTGAGAAGCATCCCGACACTTCTATTATTTAAAAACGGGCAGGTTGTTGATACTATAATCGGCGCGGTTCAGAAGAATGTTATAGTACAAAAAATCACCCCGTATGTTTAATTGCCTTTGAGAAATTTCAAAAAAATGCTATTTAGATACCGAAAATAGAGGAAATTGTAGAATTATTCGCTTTTTTAACGAAAAATTGCAGATAATAGTTGCTTAAAACGAAATAATTAAATAATTTCCATATCTCTAAATAAGTTTTTTTGGCAAAAGAAGAAGAACTAAAGTTATTTTAAACAAGCCACGGAACATCGAATTATAGCGGTTGTATGATATTTTTTTTGATATGACCCGAAAATTCTCTTTGTTTTGTGAAGAAAACTGAGTAAACTAAGAATTAAAATTCTGTTTTTTTGCTTGAATTTATTAAATAACAATCCAAAACCAATCAATAAATAGGAGTATCCTATGCTTAAAAGAACACTCTTTTTGCTTGCAAGCGTTACCTTGGTAGTCTCGCTACAGGCACAAAATAAGAGCGAAGTTGCACAAAAAGCTCCGCTTAAAGTTGAGCCGGCGACTGAAACAGTGTCTTCACAGGCTCACTTAACCGGGAGTGTGCCGACTTTTGGTCCATCAGCCCTTAACTGGGTCGTTGTAGATACTATGGGTAACTGCTACGGTCCGGCTATTGGTGCTTTGAACCCATTGGCATTTGACCCATGGACCAATACAGTAATTATTGCACACAGAGGCGGTGGTACAAGCCCTGCAACGCTCGGTGGGAAAATTTACTATAATTATTCCACTGATAAAGGAGCAACCTGGGCAAGAGGCGAGCAGGCTTTTAACGAGTCAAACTCTGCTTATAACGGCAGATATCCATCAATGACCTTTAACAACCCAACCCATGGCAACAATATTGAGAATGTTCTCATTGGTGCTTCATGGCCCGAGTTAGTTAACGGTGCTTTCGGTGGTGTTGGTGCCGGTGCTGATGAATATCCCGGTGCAGGTTTTACTGTTTCTTCAATTTATGTAAATGCAGACTCGTCTATCCTTTATTCATCACAGGTTCCGACTTTTGCAAGTGATACAGAAGCTTTCACTTTCTGGGCTTCTGATAACGGAACTGACGCTGCTATCCATCTCTGGAGAACATCTGACTTCACAGGCGCGGATTTCTATACCCCTGAAACATGGAACAGCGCAAAATTCCAGGATAACGGTAACATCACTCTGGGCGGCGCTGCACAGGGTGGCAATCTCTACTATGCTGTAATCGGTTCATTTGAAATGCAGAATGCACCTCAGTCAGGTTGGATTCCCGGATATTCAAAATCAACCGATAATGGTGTTACATGGTCTGACTGGTCACT
CP129491.1_gap91	3153586	3155415	1829	GGGCAACACCACTTCCTGTCTGGGTGAGCGAAGACGGTAAAGACTCGTTCGCTGTCGGAAGTATCGAAGAGCTGAAAGAGGGAATTTATGAGTTTGAGGGGGAAAGAACACCCGTTTCGGAACTGCCTGAGATTGACCTACACAAGCCGTTTGTGGACAGAATTGTGTTCCACAAAAACGGTAAGAAATTTTACAGGACACCTGAACTGATTGATGTCTGGTACGACTCCGGTGCTATGCCCTTTGCGCAGTACCACTATCCCTTTGAGAACAAGGAGTGGTTTGAAGCCAACTTCCCTGCTGATTTTATTTCTGAGGGGATTGACCAAACGCGCGGCTGGTTCTATACGCTGCACGCTATTGCGACAATGCTTTTTGATTCGCCGGCTTACAAAAATATCCTGGTTAACGACCTGATCTTGGATAAAGAGGGGAAAAAGATGTCGAAGAGTCGCGGTAACACGGTTGACCCTTTCGTTCTGTTTGATAAATATGGAGCGGATGCAACCCGTTGGTACCTGATTGTTACCAATCCGCCTTGGAAGCCGACTCTGTTTAACGAGGATGATCTTGCCGATACGCAGCGGAAATTCTTCGGCACTTTGGCTAACACCTATTCGTTTTTTGCGCTTTATGCAAACATAGATAAGTTTGTGAATGACCAACCGTTGGTGGACTATACGAAAAGACCCGAAACAGACAGGTGGATTATTTCAAAACTTAACAGCGTTGTTAAGGAGTATGAAAGGGCGATGGACGCCTACGATGTTACGCGTGCGGCAAGATCGGTTATGTATTTTACGATTGACGAGCTTTCCAACTGGTATGTAAGAAGAAGCAGAAGAAGGTTCTGGAAATCTGAGATGACAGAGGCGAAGCTTTCGGCTTATCAAACGCTTCACGAGTGTTTGTTGACGGTTGCCAAATTAATTTCGCCTTTTGCGCCCTTTATGGCTGAAGACCTTTATCAGAGGTTGATGTTTACGGTTGGTTCTGCGGGAAATGGTTCAGTTGGTGCGGCTGTTGGTTCTTCAGGAAGTGGTGCCGGTGTTTCAGTTGGTGCGGAGGAATCAGTTCACCTTTGCAGATTCCCGGAAGTTACTTACATTGATGTTGATTTGGAAGAAAAGATGGAAGCAGTTCAGAAAGTTGTTTACATCACCAGATCGATGAGGGCGAAGCACAATCTGAAAGTTCGCCAGCCACTTAAGAGAATAATGGCAGCAGTTCCCGACAGTGTGAAGGAGCCGTTGGAAACGATGAAAGATGTTATTCTGGATGAAGTGAACATTAAAGAGCTTGTGATTCTGACCGATGACGCGGGAATTGTTAAAAAAAGTGCCAAGCCAAATTTCAGATCGCTCGGCGGAAAACATGGGAAAGGTGTTCAGCCGGTGGCGGCTGCAATCCGGGAATTCGGAAAGGATGAAATTTCCAAACTTTCCAAAGGTGAAAATGTTACCATTTCCGTTAACGGCGGCGATGTTGTGGTTGAACCCGCTGATGTTGAGATAATCAGCTCGGATATTCAGGGGTGGTTGGTTGAAACCGAAGGCGCATTCACTGTTGCTTTGGATACTGAAATTACCCCCGAATTGAAAGAGGAAGGAATAGCCCGGGAGTTCATAAACCGTGTCCAAAATATGCGGAAAGACGCCGGTTTTGAGGTTACGGATAAAATTGCGATTAAGTTTACGGGCGAACCGGAAATTGCCCGGGCGGTGCTGAACTTTAGTTCGTATATTCAGGGTGAAACACTTTCGGATGAGATTTTAACCGGAACAAACGGTACCGGGTTCAGGCAAGAGTGGAAAATTAACGAGCTTGCC
CP129491.1_gap92	3156624	3159304	2680	CGGTAATACGGAAATTTCCGGGCGTAAAAACAGCGCTGATTCTTCTAACGCACCGAGAGAAACAGCGGATGGTGATTTAGCCGATATTGGTTTTGAAAAGGCTAAAGCCCGCGAAATTAGCATTGAGGGTATTGCCGAAACAGGTGCCGAAACTATAGGCGGCAACAGCAAAGGGTTGGGGGACTCCCTCCCCGGAATTGATAAGGGAGAAAGCACGGGAATTGCAGAAGCGGGTGCCGAAACCGCAGATGGCAACCGCAAGGGGCTGGCGGAATCCCTCTCCGAAACAGCAGGGGGAAAACCGGCAGCAGAAGAGCCTAAGCCCGGAAACACTTCCTATGGCGAAGATAATATCAGAAAAGATATTTAAATATGACATCCCCGAGGGGAAAAAGAAAGAAAGGGTTGATCTTTTCCTCGCAAATTCTGTTGAGAACGCAACCCGCAGCCGAATACAAAAACTAATTGAAGCGGGCTTTGTAACTGCTAATGGAAAGGTTATAAAGTCGAATTATAAAGTCTCACCGGGGGATGTAATCATACTGACACTTCCCATAGCCCCCCGCCCGGAAGTTGCCGAACCCGAAGAGATCCCGATTGATGTTGTGTTTGAAGATGAGTTTCTGATGGTGATCAATAAGCCACCGGGGTTGGTTGTTCACCCCTCGATTGGGCACTATACCGGCACCTTAGTGAACGCTTTGCTGTTTCATAAGCAGAAATTGAGCGATATTAACGACCCGGCTATGCGCCCGGGAATTGTGCACAGAATAGATAAAGATACCAGCGGTCTGTTGCTTATTGCCAAAGATAATGTTACTCACCATCGGTTGGCGGCTCAGTTTTCGGCGCACTCGCTTGAAAGGGAGTATCAGGCGGTTGCATGGGGCGTGTTTAAAGAGAGAAAAGGGGAAATTAAGTCGTTTATTGCACGGAGTAAGCGCGACCGGAAGCTTTTTACAATGACGGAGAGCGAAGGGAAATCGGCACATACTTTTTATGAAGTGCTGGAAGAGTTCGAGTTTGCTACACTTCTTAGCCTGCGGCTTAAAACCGGAAGAACCCACCAGATCAGAGTGCACCTGAGCGGAACGGGGCACCCGATTTTTGGCGATGAATTTTACGGCGGAAGGGTAATCAGATACGGCGACGGACTGCCGAAAATGAAAGCACGGGTTGAAAATTTGCTCGCTATTATGCAGCGGCAGGCGCTTCATGCTAAAACGCTGGGGTTTATTCATCCGCACACGAAAGAGTATATACGGTTTGATTCTGAACTGCCGGAGGATATGAAATTGTTGATTGAGAAATTGAGAAATTGAAAACCTGAAAACCTGAAAACCTGTGGACTTTAGAACTTTAGAACTTTAGAACTTTAGAACTTTAGAATCTGAAAACCTTAGAACCTGAAATAGTGAGAACCAGGAAACCTGAAAATTTAGAAAATTAGAATTATGCTGAAAATTTATAACACATTAACGCGCAAAAAAGAAGAATTTATACCGCTCAACCCGCCGGAGGTTACTTTTTATACCTGTGGGCCCACGGTTTACGATTATTTTCACATCGGAAATGCACGCTCGTTTGTGATGTCTGATATTGTGCGTCGCTATCTGATTTATGCCGGGTACAAGGTGAAATTCGTGATGAATGTTACCGACATCGACGATAAAATTATCAACAAAGCGAACACGCTCGGGGTGAAAGCGCAACAGGTGGCTAAAGAGTTCACCGACGCCTTTTTTGAGGATATTGATAAATTAGGGTTGCTCCGGGCGGATGTTAACCCCAGAGCAACGGAACATATTCCGCAAATTATCGATATGATTTCGAACCTGATTGCCAACGGCAAAGCCTACGAAGTGAACGGCGATGTGTTTTATGAAATCAGCAAGTTTTCAGGTTACGGAAAGCTTTCCGGCAAAAAGATTGAGGAATTAGAGTCGGGTGCCCGTGTGGAAGTTAACGATTCGAAGCGTAACCCGCTTGATTTTTCACTTTGGAAAGCGGCAAAGCCGGGTGAACCGTTCTGGGAAAGCCCATGGGGAAAAGGGCGTCCCGGCTGGCATATTGAGTGCTCGGCAATGTCGTGCGCACATTTGGGAGAGACTTTTGATATTCATGCCGGCGGAAGCGATTTGATTTTCCCGCATCACGAGAACGAAATTGCGCAAAGCGAAGGCGCAACGGGGAAACCGTTTGTGAGGTACTGGATACACTTCGGGTTTTTGAACATAGATAATGAGAAGATGTCAAAATCACTCGGAAATGTGTTTAACTTAAGGGATATGATTAAGAAGTATCGCCCGGAAACACTCAGGCTGTTTTATGCACAGACGCATTATGCCTCGTCGTTGAACTTTACGCCCGAGGCAATCGAAAGTGCCAACCGTGGCTTGGAGAAACTGAATAATCTGTTGGATCACGCTAAACAGGCGCTTGGAGGGGGTGGGGCGGCTGTGGGTGTGGGTTCTGCAAATTATTCTGCGGGTGGTGGGGCAGTGGCAGGTGGGGGGGCAACTTCCGGTAAGGGGGCTGATATTTCGGGGGGAGCTGTTGGTTACTCTGTTGATGGTGGGGCAGTTTTGGATAGGGAGGATGGTATTTCAGGAGGGGCGGTTGGTTCATCGGGAGGTTCTTCTGATTTATCAGTTGAACAAAGCAACATTTCCGGGGGAAG
CP129491.1_gap93	3336758	3338668	1910	TTTAACACGGCTTTTTCCAAAGATATTTACAAAGTTGAGGCTCCTCAGGCTATTGATCCCGTTGCTGGCGGTGAGACTTTGTTCAGATATTCCGATAATTCCACTTCGGCGGTTGTTGGCTTTAACGGACAGCATCGCACTGTTGTGGCGGGTTTTCCGTTTGAAACATTGGTAACTCCGGAGTACCGGGAAGCTTTTATGCGGTTTGTTACCGGCTATTTGCTTAGATAGCGGTGGCTGTTTGGCCCCACGAAGCCTTCACAGCCGGCAGGGATACGAAAACTGTTTGCTTAGATAGTGGTCGGTTATTTTTCATAGTTTTGGAATAAACTTTGCCCCATTTGGTTCTATTTTTTACCGTTTAGGTTTTAATTTCAACCGGTAGCGGAAAGTGCAATTATTCCGTTGTAAAAACGGTTCCTAAAGCCAAAATTCGTATCTTTGTAAAATTAAAAAGCCGGAGTTTTTAACACGATGAACATAAATTTTAGAGATATTCCCGGGCAGTCACCCCTGTTTCTTGATTACCTTTACAACTTCAAAAATGTGGCGAAATATTATATTAAAGATTTCAGAAACGAACAGATTTACGAGCCACACTTCCGTGATGTTCTCTCAAAATACCCGACTGACCGGCGGGAGCTTGCAGCTGCCATCAAAAATCAATATCTTAACAAAAGAATTTCTGTTAAAACTTCCCGGAATATCAAATTTCTTGAGGAGAAAAACACCCTTGTTATTGCCACCGGGCAACAGCTTGGCATTGCAGGAGGACCCCTTTACACGATCTACAAAACTATTTCCGCTATTAAATTAGCCGCTGATTTAACCGAAAAATTCCCCGATTTCAACTTTGTGCCTGTCTTTTGGCTTGCCGGTGACGACCACGATTTCAGGGAAATTCAGTCGATCAATGTGATCAACAAAGAAAGCAAATTGGAAAAAATCACTTACTCGATCGATGAAGACCCCGAAAAGGACTTTGGAAGTGTCGGCAGCATGATTTTGGAATCGGATATTGAAGATTTCTTCACACAGTTGCGCAGCAGTTTGAGGGAAACTGAGTTTACAAACGATGTTATAACTTTCCTTTCCGGAATTTATGAAAAGGGTAGGACGATTGCCGATTCGTTCACCGAAATGATGTATAAGTTTTTTGATAAATACGGTTTGGTTATCTGCAACCCACAGACAGAAGAGATTAAAAGGCTGCTGATCCCTGTTTTCAGGCACGAAATTGAAAACTACCGCACGCACGCTTCAAAGCTGATTCAGGTGAGCGCAGGGTTGGATGAAGAGTACCACGCACAAGTGAAAATAAGGCCGATAAACATCTTCATAAACAACGAAACCGGGCGGCACCTGCTTGACCCGTTGGAAAATGACGAGTTCCGCCTGAAAAGGAAAAAAGTTAAATTCACCAAAGACGAACTGCTTCAACTGTTGGAGACTTCACCCGAAATTTTCAGCGCTAATGTGATTCTGCGTCCGATTTGTCAGGATTACCTTTTCCCGACTGCTTTTTATATCGGGGGGCCCGCCGAGGTCGCTTACTTTGCGCAGATAGTTCAGCTTTATAAAATGTTCAACTTAGCCACACCGATCGCGTATCCAAGGCTTAGCGCTACTATTGTTGAGAAATCAGTGCAGACACTTCTGCAAAGGTTTGGCATTACCATTGAAGATTTCTTCAAACTCAAAAGAGAGATTTTCAATAAAGTTGCATCTATGATTTCGGAATATGACATCGACGGCAAGTTTCAGGATGCAGAGGGAAAACTCGCCGAAGTTTACGATGATCTGAAGAACTACCTTGCAGATGTGGAGAACACACTGGCTGACCCAGTAGAGAAAAGCAAGATAAAGGCGCTTCAACACCTTTCTGATCTGAAAGCAAAAGCGGAAGCTGC
CP129491.1_gap94	3342126	3344645	2519	TAAAAAGTTTTCTGAACTTTATGGATATGATTATGCGGATGTTTTTGGGCAACATGTTTCTATTCTATCTGTACCGGATGCTTACGAAACCCAATACTCCGGTATTAGGGAGTCCCTTGAAAACAATGACGGTTGGATCGGGACAGTTCAGTTAAAGAGAAAGAATGAAAAGCTTTTATGGGCAGATGTGGTAATGTCTGTCCACAGGAATGTGTCAGGTAATGTTCAAATGCACATCACCTACTCTTTGGATGTTTCCGATCGCGTGAAAATGGTGCAGGAACTTATTGACGCGAAGAATAAAGCGGAAGAAATGGTGAAACTGAAATCGGATTTTCTTGCAGCCATGAGCCATGAACTTAGAACACCATTCATCGGAATTATGGGAAGTGCTGAGGTGCTTAGGGATGAACTTGAGAACGAAGACCTCAGCGAGTTTGCTGACATTATCTTCACTTCAGCTAAAAGAATGCAGACTACTTTGGAGAAGATTCTATTAATCTCCGATCTTGACCATACAGACACAAATATTCGATTCAGAAAGGTTGATTTAAGAAGTGTGTTCAGCAAAATTATTTCTGAAAACAGAACTATTGCCGAGCACAAAGGATTAACATTTGAAGTGAATCTAAATTTTGAGGGGATCGAGTTTATCAGTGATCAGGACTACTTACTTTATACCGTAGGTAATATCATTCAAAATGCCGTTATTTATACTCAGGTTGGAAAAGTTAAAATTACCGGGGAAGCAATTAAAGTTAACAGTGAATCCGGGATTTCAATTACAGTTTCGGATACCGGAATCGGCATTCCCGAGGATAAACAGCATCTTATATGGGAAGAATTCAGGCAAATTAGCGAGGGGCAAACCCGTAACTATGAGGGGACAGGCTTAGGGCTGGCGATCGCAAAAAGGTGTATTGAAAAATTGAAAGGCACTATTTCGCTAAAAAGTACTTACGGCGTCGGTTCCGAGTTTACAATTAAAATCCCTTCTCACGAACTTGATGAAGTTGTATAATATAGATCATTAGTCTAAAAAAATATTTTTGTTACATTAATTCAGTTATATATTTTTGTTGGCTGTTTTACATATTTTTATGACTGTAAAACAATTTTTTCTTATGGGCAATTAACCCGGGTTATTCCGTCTGTCTGAAGAACCTGCGTTGTTGTTAGCAATTCTTTGGAAGTTCCTATGACAGAGAAGATAAAAGTTTTAATGGTTACCGACAACTCGGAGGACATCCTTCTTGTCAGGAACGAACTTCAAAAATATTGGGGCACCGCCGTTGTTCAGCAGGTAAGGAACGAAGCTGAATTTAAAAATCAGCTTTCAGAATTAAAACCGGATGTAATAATCACCGCTTATCACCTTTCAGGATTCGAAGGGCTTTCCGTTCTTTATTATGTGAAGGAATCCGACCTTTTTATTCCCGTAATCTTCTTTACCGACCCCCATGGTGACGAAATTGCAGTTAATTGCCTAAAATCAGGTGCTGCCGACTATCTGCTCCGGACGCAAATCGGGCTGTTAAAAGATTCCATTTTTCGGGCTTTTGAGAGAATTGAATTGGGGGCAAAAGCTGACTTTTCAACTCTCTGGCGGGGTGAAACTTTCCGTAGGTTATTTGAGGAACACACTGCAATTTTGATTTTGTTGGATAGCGAAACGGGCAAAATTGTGAATGTGAACAAAAAGGCTGTTGAATTTTACGGCTGGCAGTATGAGGAAATGATCTCTAAATATATGTGGGATATCAACATCGATAGTGAGGATGTGGTAAGAGGCCGGATGAAGTTAGCCATAAGTCAGGGGAAATATCATTTCGAATTTAAACATCGAAAAGCTGACGGTTCAATAGCCGATGTTGAAGTTTTTGTGGGGGCTATGGATGTTCGCGGCAGGAATTATCTTCACGCTATAGTTTACGATGTAACCGAAAAGCGAAAGATTGAAGAGCAGTACCGCTTATTAAATTTCGCCGTGGAAGAAAGCCCCGTGGCAGTTATCGTTTTAGATTCTTCCGCTAACACTGAATATGTGAACCCGGCTTATTGTGACCTGTTTGGCTATACTAAGGATGAATTACTCGGGAAAAGCTGGCGTGTGCCGAACGAGGGAATTATTTTATCTGAGAGTTTTGACGATTTATCAAGAACTTTGATGAGCGGTGAACATTGGAAAGGGACTATTCAAAACCGCACACGGTCAGGCAAAATGATCTGGCGGGAGATGACACTTGCACCTCTGAAAGACGAAGAGGGTAACATCGTGCATATTGTCGGTGTAAGCCAGGATATTTCGGATAAAGTACGAATGATTGAAGAACTAACGATTGCCAAACAGCAAGCTGAAGAGATGGTGAAAGTCAAGGCGAATTTCTTCTCTTCAATTAGTCATGAATTGCGCACCCCATTTATTGGAATTATGGGAAACGCTGAGTTGCTGAAAGAAGAACTTGCTGACCCGGAACACCAAAAAATGGCTGCCAAGATTTTCAACGCTTCACTTCGGA
CP129491.1_gap95	3367235	3367735	500	TTGATCTTCAGAGTTGTGTTCCGGCAGCACCGCACACAAATTTAACAGAATATTATCAACAACGGGGTCTAATCCGTTTTCGCGTACCAACCGGGTAAAGTATTGCATCACCAAATTGGTGTGTTCGGGCAGCGTTTCTTTGCCGCTTTTATCTGCGGAAAGATGAGCCAGAAATCTTTCCGGCTCATCAATTACAAATGAAAGACCGAAACGCCCGGACTCAATGATTTGATCTATAGTCCGCAACATCAATTCAACCTAATTTAGTTGGAGAATTAAACCACTTTCTGATAATTTATAAAGATTACCCGGGTTATACGAGCCGGCAATTTTGGAGTTAGTATAAACAAAATCATCGAATTTATACACTCTTCTTTCGGTATCGTACCCTGTGGGTAACCTTTCGAAAGTGAAGACAGAGTTTTCACTTAGCAGTGCGAACAAAGCGGCACCGGAAGTAATTTTCTCATCACCTTTTTTGATGAAGATGGTATCAATTT
