gap_id	start	end	length	sequence
CP129557.1_gap1	160650	163709	3059	GGTTTCAATTTCTTCTTGATTACGTTTATATTTCATCTCTTTAAGTAGAAATTGAGAAATAACAAATGTTAATATACTTAAAAATATAGTGATACCAATAAAAATAAAAGAATACTGCCTTATTACTTTAGCTTCATCCGAGTTTATTTGTGAATAAAAGAAAAATAATGAAAAAGTAAGCAGTAAGATAGTCGAAATAACTATTAAAAATCCTTTGTTTAGTATTAGATATGGTGTGCTAATTTTTTTGAGAACTCTATTTATTATATATGAGAATAGTATACTAATAGTCACATAAACTACAAAAAAGCTAGGGAATATTACAAATATACTATCAGAAATTTTGGTGATATATGCATATATAACTATATACATGTAGTTAGCACAGTACAGAATAATCTGTGAAGTCATAATCAACAAAATAGAATACCATTTGATTTTGACAAAATACATTATAATAATGAATGAAGTTAAAATGATTAAGGACGCGCTATCAAACATTTTAAATAGAAATAACGATAATGTTGAAATTCCTATAATGAAAAAATAATCAAGTTTACTGTACTTAATACCACTAATTATAGCTGGTATTGTAAACATTAATATCATTTGAGTTAATACGAATAAAACAAAATTATAACTATTTAATAATTCCACCTACTATCACACTTTCTATTTTTATTATTCGTGTAATTGAGTTAATTCTTTAGGTACTTCAACTTCATCCATTATGAAGTCGCATGTACTATAAGCTGCGATGTTACCAATGTTTTTTAAAATCCCAGTAATAAAATCAAAAAATAAATTAAATAATGTATTCATTTTAAGTCCTCCTTAATAAAGAAAATAGGTAGTAAAGTAATGGCTTCTATTATGATGCCTAATTGAATAAATTGGGCAAATGGTTCTTTGATGATAAGTGTGATAATGAAAAAGATTAAACTAACAATAATTGCGTAATATTTTTTTCGCTTAATAAGTCGAACGGGAATAGGTTTCTTTTTAGTTGCTGCAGGAGCATATTTAATTATCAAACCAATAGCAATAAACGTCAAAATAGTCATAATTAAAAAGTTAATATGAAAATTTACTATTACTAAAGGTAAAAGTATAAATAATATAATACTTTCTACATAACACCAAAAGGAAGAAGGTGCATGGGCACCATGAGCATGTCTTCTTATTAAATAAAATGTTAAATTCGTAATTAACGTAAAGAGAAAAATGTTTAAAATATAGGCAATCGTATACATAACAATCAGTTTTCCTATATTTTTAGCTAAGACCTGCATCCCTAATCGTACTTGCAAAAATTGAATATGATCTAAGTTATTTCTCTTTTGAAGATACGTGGCAAACTGGTCAATTTTATTATCAAAATAATTCAATTTTACACCACTCTCCTCACTGTCATTATACGATTTAGTACAATCTTTTATCATTATATTGCCTAACTGTAGGAAATAAATACTTAACTGTTAAATGTAATTTGTATTTAATATTTTAACATAAAAAAATTTACAGTTAAGAATAAAAAACGACTAGTTAAGAAAAAATGGAAAATAAATGCTTATAGCATGTTTTAATATAACTAGATCACAGAGATGTGATGGAAAATAGTTGATGAGTTGTTTAATTTTAAGAATTTTTATCTTAATTAAGGAAGGAGTGATTTCAATGGCACAAGATATCATTTCAACAATCGGTGACTTAGTAAAATGGATTATCGACACAGTGAACAAATTCACTAAAAAATAAGATGAATAATTAATTACTTTCATTGTAAATTTGTTATCTTCGTATAGTACTAAAAGTATGAGTTATTAAGCCATCCCAACTTAATAACCATGTAAAATTAGCAAGTGAGTAACATTTGCTAGTAGAGTTAGTTTCCTTGGACTCAGTGCTATGTATTTTTCTTAATTATCATTACAGATAATTATTTCTAGCATGTAAGCTATCGTAAACAACATCGATTTATCATTATTTGATAAATAAAATTTTTTTCATAATTAATAACATCCCCAAAAATAGATTGAAAAAATAACTGTAAAACATTCCCTTAATAATAAGTATGGTCGTGAGCCCCTCCCAAGCTCGCGGCCTTTTTTTATTGTAATAAAGTAGGGAAGAGTTAATCCTCATTATGAGATCCACCGTTAAAATATATGAATAAGTCTAATGTTGGAAAAGGTCAAAAAAATAATCAATTTAATTAAGAAAAACATTCATTTGCTATGGGCGAAACTGGTTCTTACTGAGTTATCTATTATAAAAAAATAAACATAGGCTTATGAAAAATCGTCTCATAAATCTATGTTTAGTCATGACATGTGTTAAATATTATTTCGTGTGCTTTTTATTTATACAAATCTAATTTAATACTTTTAAATACAGGTATATTTTCGCGTTGCTGTTCTACTTCATTTAAGTTTAAATCTACAGTCAAAACATCTGCGGATTCATTTAATTCTCCAACTAAATCTCCGTTTGGATTTATAACTATCGAATGACCAGCATATTCTGTGTTACCATCGAATCCAGTGCTATTAGTTCCAATAACAAACATATTATTTTCAATTGCACGTGCCTTTAGTAAAGAATGCCAATGTTGAAGACGCGACATAGGCCATTGTGCCACATAAAATGCAATTTTAGCACCACTACGAGCAGGATATCTTAATAATTCTGGAAAACGTAAATCATAACAGATAAGTTGGGTCACATAAGTACCGTCAGACAATTGAAAGGGTTCAGCTACGTTTTCGCCAGCGGTTAAAAATTCATGCTCTCTTAACATAGGAACTAAATGAACTTTGTCGTATTCATTAATCAGCTGGCCACCTTTATTCACACTAAAAGCTGTATTAAATATTTGATTGTTTCTAATGTTAGAAACTGACCCAGCTACGATATCGACTTTATATTTTTCAGCTAAATGTTTAATAAATGAAAAACTTTGTCCTAGATTATTATCTGCTTTTTCATTTAAATGCTCTAAATCATAGCCATTATTCCACATTTCAGGTAAAACGACTACATCTACTTCAGCATTCATA
CP129557.1_gap2	180167	184435	4268	GTGTCAAAATTACCTGTAAAAACAACATTTTTATCTTTTAAAATAGGGATTACACTTTCCACTTCTATTTTATTAATCTCAGATATTTTCATATGAATTTTTTGAAATCCTGAATCGAAAAGTTTAGTTGGAGAGTTAGAATATTTGCTAAATCTAATGTATTGCTTAGGCATATAATGTATTAATTTTAATACACTATAATGCTGATTGTTTTTAGCGAGTGATATCAACATCTTCGATAAAGCTAGCACGTCAAATTTAGCAGAATGTAATTTTTCTTTATCGATATCATATAAGCTACACAAATTTTCTAATTTAAAACTAGAGATTGCGTGGAAGCTTCTAAAGATATTTATACTATCGACATACATGAAGTTTGGAACAGGTAAGTCATAATAATTATTAGTATTTTTTAATACTGAAATATCAAAAAGTGCATTATGAGCAATAATTAAATGTGATTCTTTTAAAAGATAGAGAATTTCTTGGTAAATATCTGGATATTTAGGTGCTTTTAATATGACATCTTCAGGTATTTTATGTATTTTAGCGTTTTTCAAGTTATATCTATTATTAGGAGGATTAATATAAGATGAATAAACTTTTACTATTGATAAATCCTTAATTAAAGATACAGCAACTTCGCAAGGGCTGTTCATATGTTCATTCATAGTTTCAAAGTCTAAGACTGCAATATCATATTTTTTCATTTGCAAGTGCTCCTTTTATAAAATAACTTTTCCAATTAACCTCACACTTTCATTTCTATAAAAGTGTAGATCGTCGTAATCTTTATTTAGTGAAACTAGAGTCAATCTATCATCTTCAACAAAGACTTTCTTAACGTACGCTTCTTCTTCAATGATGAATATACCAATTTGTCCATTCTTTATATTGTGAGTTTTCTCCACAAATATGATTTCGCCATCTTTAAACATAGGTTCCATAGAATCACCATTTACTTTTAACGCTAAATCGTGTGTGGGGATAGGTCCTTTAACCATTTCAGTAAATAGCGTTTCATCGTGTAAACGTTCTCCTACACCAGCAGAGACGCAACCATTGACGTTAACTGGAGTTTTCTCCTGTTTATATGAATTAATATCTACAACGTTATCTCCTTTAGAATTCTGTTCTTCCAATTGTTCATTTGCATAGTTAAGTACGTTTTCTTGGCGGGGAGGTGTGAGTTTGTTGTATATGGAAGTGATGTCGTTATCGTCTTTGTATGTAGTATCTATGTCGCTTTTACCAACCTCGAAAACATCAGCTATCCTTTGTATAACGCCGTGAGAGGGGTTGGAACGTAAATTTAAATAATCGCTTAAAGTAGATGGTTTTATGTTAATGAGTTCAGCAAGTTTCTTTTGAGACATATTTGAATCGTTGAGAAATTTTCTAATGTTTTTGGCTATAATAATATTTCTTTCTTTGTTCATATTACTTACCTCCTTTTTTCTTATTATACGAAATTTTCATATCATAGTAAAGTTTTTTACGAAAAAAACGTATTTAATGTTGACAATACGAAAATTTCGTATTATATTAGGTTTACGAAAGGCGGTGACAACATGAAAACATTAAAAGAGTTGAGGACTGATTACGGATTGACTCAAAAAGAGTTAGGAGATTTATTTAAGGTCTCATCACGTACAATTCAAAATATGGAAAAAGACTCTACAAACATTAAAGATAGTTTACTTTCTAAGTATATGAGTGCTTTTAATGTTAAATATGATGATATTTTTTTAGGTAATGAATACGAAAATTTCGTATTTACGAATGATAAAAAGAAATCAATTATTTTAGCATTTAAAGAAAAACAAACATCTTAATAGGAGGAATAACAAATGAACATTCAAGTAGCAACGAAGCTAGCGATGGAGAAAGGAATAAGTATAAGGAGAGAGAATCAAGATGTGTATGGGATATTACCAACTAATTTGCAGCGTTATCAATGCCTAGTCGTATCTAGACACTATAAGAAAAAAAGACAAACCGCCGCCGGAAGGTGGCAGCCTAGCGCAGACGATTTAATAGCAGATGATTGGATTTTAGATTATTAATTTTTTCAAATCTCTAATTAAACCCATAAGTGTTTTGTAATCTTTTTTGGATTCTGATTCTGAGTAGGCGATACCTTCTCGAGAAAGAGCCATCTCAAGAAAACCGCCATCTTCAGCAGAAGCAATTACAAAATCTCTATGCTTTAATTCAAGAACTGCATCGATATAGTCTTCAAAATTAAAACCTAAAAAGAAAGCGTTAAATGAGGATTCATCACTACCGAAATAAGATGCAGAACGTTTAGACATACCTTCGTCAATTCTATCAAGGTAAATTGAATAAAGTTGTAAAAGGACAAATTTAGCTTCATCAGTCATAAGTCATTCACCTCCTTAATAGGAGTATAGCAGAAAGGAGCACAAACAATATGCAAGCATTACAAACAAAATCGAACATAGGCGAAATGTTCAACATACAAGAAAAAGAAAATGGAGAAATCGCAATCAGCGGTCGAGAACTTCATCAAGCATTAGAGGTTAAGACTCCATACAAAAAATGGTTTGAAAGAATGAGTGATTACGGATTTGAAGAAAATATCGATTATATAGTCACGGACATTTTTGTCCATAACCCACTAGGAGGTCGTCAGAATCAAACTGACCACGCACTCACACTAGACACTGCAAAAGAGATTGCAATGATTCAACGTAGTGAACCTGGCAAACGTGCAAGACAATACTTCATCCAAGTTGAAAAAGCATGGAATAGCCCAGAAATGATTATGCAACGTGCTTTAAAAATTGCTAACAACACAATCAATCAATTAGAAACAAAGATTGAACGTGATAAACCAAAAATTGTATTTGCAGATGCAGTAGCTACTACTAAGACATCAATTTTAGTTGGAGAGTTAGCAAAGATCATTAAACAAAACGGTATAAACATCGGGCAACGCAGATTGTTTGAGTGGTTACGTCAAAACGGATTCCTTATTAAACGCAAGGGTGTGGATTATAACATGCCTACACAGTATTCAATGGAACGTGAGTTATTCGAAATTAAAGAAACATCAATCACACATTCGGACGGTCACACATCAATTAGTAAGACGCCAAAAGTAACAGGCAAAGGACAACAATACTTTGTTAATAAGTTTTTAGGAGAAAAACAAACATCTTAATAGGAGGAACGAACAATGCAAGCTCAAAACAAAAAAGTCATTTATTACTACTATGACGAAGCCGGTAATAGACGACCCGTTAATATTCAATACAACGATGGCTACGACTTAATGATAGACCCGCGTTTTATTGAAATGACGCTTGAAAGACATCCGCATTTAAAAAATAACTTTTATGGATTAATAGATGGAAAAGAATTTAAGTTAGATTAAATTTTTGGAAATGCAAAGGAGGCATAACAAATGTTACAAAAATTTAGAATCGCGAAAGAAAAAAATAAATTAAAACTCAAATTACTAAAGCATGCTAGTTACTGTTTAGAAAGAAGTAACAACCCTGAATTGTTGCGAGCAGTTGCAGAGTTGTTAAAGAAGGTTAACTAAATTAGGCCTTATTATTACTTTTTAGAATGTGAACAATAGGTCGATAAAAAACTTAATAAACAAACTATAGCAACTATCAATGAATTTTGAATATGTAAATCGTTCTCGTTTATATAGTTTGTTACAAAGATTTGAATGTCAGCACCTGCTGCAATGCCATTAGACCATCTTATTAACTTTTTGAAAGGATGTGGAAAATCATTTTCGATACGTTTGACAAATTCATCGTGTCTCTTGTAGGTACTTTGCTCATTTATTGGATAGGTCGAATTGATGGCTTCAGCCAAAGTAGAGATAGCAGTTGGATTGATATAAAAATCTCTAATGGTCTGTTGTGCTTGAAGTACAATCTCATCATCAAACCTATAGAGTTCCTTAAAAGATTTTATCGTTTCTTCAGAAAATAAATTTCTTTGAAATGTTAGAGATGAAAAAGAATTACGCAAATTAAAATTCATTTCAATTAAGTTGTTTAGATGAAAGTCTACTTTGAAGTCAGAAAATAAATTTATGTTGTTTCTATTAATTATATCTAATTGGTACTTAGGTTTTAAAGATTGTTTAATTGCCATACTTTTAGAAATTTCAACATTACTAATTACGTTATTAATAGAAAAACGAACATTTTTTAAAGGATCAATATACACCAATATCACCTCCTTTCACTAGGAGATAACAACATTATACACGAAAGGAA
CP129557.1_gap3	189524	193421	3897	GTTAACCGCACATTTACGAATGCACAAGGAGAGCGCGAGGCAGACTTTATTAATATCATCGTATTTAAAAAACAAGCAGAGAACGTTAATAAATACCTATCTAAAGGATCGTTGGCGGGCGTAGATGGTAGGTTACAAACGCGGAACTATGAAAATAAGGAAGGTCAACGTGTATACGTTACGGAAGTTGTTGCCGATAGTATTCAATTTTTAGAACCGAAGAACTCAAATGACACTCAACAAGATTTATATCAACAACAAGTACAACAAACACGTGGACAATCGCAATATTCAAATAACAAACCAGTAAAAGATAATCCGTTTGCGAATGCAAATGGTCCGATTGAACTAAATGATGATGATTTACCATTCTGATTTAACCGGTTTGAAAGTGAGGTGTGTATATGACTGGTTGGATAAAACTTCATAGAAAACTATTAGATTCGCCTATTTTTCAGAACGAAAAGTTATTCAAAGTATTTGCATATTGTCTTATGAAGGCTAGTCATAAGGATCATACACAGCTTGTTGGCAGACGAGTTGTTGAATTAGAAAAAGGTCAATTTGTGTTCGGGAGAAAGCGAGCAAGCGAAGAGTTACGTCTCAAAGAATCCACAGTAAGAGACTACATAAAGCTTTTAGAAAACCTTGGAACTATCGTCGTAAAGTCCGACAACAAATTTTCTGTTATAACCGTTGTCAATTGGGCGATTTATCAAAGTATGGAAGAAAATTCCGACAGCAAAAACGACAACAAATCAACAACAAATCAACAACAAATGGACAACAAATGGACAACAAATCAACAACAAATCAACACAAACAAGAATGTAAAGAATGGGGATAATGTAAAGAATGGTGAGAATGAGAAGAAGAAGGTAACCGCCTTCGACTTCTTCCAAGATAACGGATTCGGTTTCATAACTCCTTACAATTTAGACGATTTAAATTATTATCTTGATTCATTTGAAAATGATTCAGATCAAATAGTTACCGCATCACTTAAAATCGCTAAAGACAGAAATAAAGTTACTTGGGGATATGCTAAAAGCATTTTGAATACATGGCTTAATGCAAACTTGAAATCTATTGAACAAGTACGTGCATTTGAAAAGCAACAACTTGAAAGCAAAAAACAAAATTATAAACCTTTCGTTAAACAATCAAAAGAAAAAACACCCAAATGGCTCACAGACAGCACGAGAGAAACGAAAACGCCGGAAGTAGATGAAAACCTTGAGAAAGACAGAGAAGCTTTTATTAAGCGTCTAAATAGCAAATGGGAGTGATTGAAAATGGATGCATTTGATAAATACTATCTATTTGATCATGACGGCAACAAAATGTTTTCAGTTACACCACATTTTAAAGATGGACGGCATTTAGTTGTTGGATTAAAACACACAAAATTCAATGGTCGACGTTGGTACTTAGATGATTATGAATTAAAAACACTTATTGATAATGAACAAATGGAGTTAGGACACCAAACAAGCTTATTTGAATATATATGAGGGATTACATGGAGATAGAAATTAAATTTAACGAAACTTTCGAGGCACCTATGGGCTCGCCTCGACCGCGTTTTAGCACAAAAGGTAGATATGCACACACATATATGCCTACAAAATATACAGAACATAAAAAATATTTACAAAATCAAATGCCAAAGCTAAATCTAGAAAATGCATTAAAAATTGAATTAGAGTTTTACTTTACTCCACCTAAATCATGGTCGAAGAAAAAGAAAACTCAAGCGATTGGACAATTAAAAGTAACTAAACCAGATATCGATAATTTGATGAAGACAGTTCTAGACGCTTGTAACAATTATTTGTGGAAAGATGACAATCAAATTGCAGAAATAACTAGCTCAAAGCGTTATGGAATTGAGCCCAAAATAATCATACGAATAGAAGAAATATAAGAGGTGGAATAAATGGCGAGAAAAGCAAGAATTGTAACAATAAACGATAAACCTTATAGGTTCAGTAAATTTGAAATGGAATTAATAGAAAGTCACGGTATAACCGCTGGAATGGTTTCTAAGAGAGTAAAAGACGGTTGGGAACTACATGAAGCAATGGACGCACCAGAAGGTACGCGTTTAAGCGAGTACAGAGAAAAGAAAACAATAGAAAGACTGGAACAAGCTAGACTCGAACGCAAATTGGAAAGAAAGCGAAAGAGAGAGGCTGAGCTAAGAAGAAAGAAGCCACACTTGTTTAATGTACCTCAGAAACATCCAAGAGGACGTTATGCGTGCTACCTGTTGGAAAACGACATATTCGTGAAAGTTAAGAAGTAGATCATGACAGATAACGCACGCAAAGAATACCTAAATCAATTCTTTGGATTTAAGAGATATCTGTATCAGGATAACGAACGAGTGGCACATATTCATGTAGTAAACGGCACTTATTACTTTCATGGGCATATCGTGCCAGGTTGGCAAAGCGTTAAAAAGACATTTGATACTGCTGAAGAGCTCGAAATATATATAAAGCAACATGGTTTGGAATACGAGGAACAGAAGCAACTAACTTTATTTTAGAGGAGATGGAAATGATGAATGCTGAAAAGCATATGCAAATGATGCAAATGTTACAAAATTGTGTGATTGATAAGTATGTATCACACGACGAATACGAAGAGTTAATTGCCATAGATAAGCATGGTAATAAAATGTTTATTAAATTTTATCCGAATACGGAGGATGACACTAATGAATAATCGCGAACAAATTGAACAATCAGTTATAAGTGCTAGTGCGTATAACGGTAATGACACAGAGGGATTACTAAAAGAGATTGAGGACGTTTATAAGAAAGCGCAAGCGTTTGATGAAATACTTGAGGGAATGACAAATGCTATTCAACATTCAGTTAAAGAAGGTGTTGAACTTGATGAAGCAGTAGGGATTATGGCAGGTCAAGTTGTCTATAAATATGAGGAGGAACAGGAAAATGAGCATTAGTGTAGGAGACAAGGTTTTTAATCCAGAAACAAATTCAACTTTAGAAATTGTACAACTTGTTGGCGATATTAGAGACACGCATTACAAGTTATCTGACGGATCTATTATTAGTCTTATAGACTTTGTTGTTAAACCAATTCATTTAATCAAGGAGGAGCAGGAAAATGACTAACACATTACAAGTAAGGCTATTATCAGAAAATGCTAGAATGCCCGAACGAAATCATAAGACGGATGCAGGTTATGACATATTCTCAGCTGAAACTGTCGTACTTGAGCCACAAGAAAAGGCAGTGATTAAAACAGATGTAGCTGTAAGCATACCAGAGGGCTATGTCGGGCTATTAACTAGCCGTAGTGGTGTAAGTAGTAAAACACATTTAGTGATTGAAACAGGCAAGATAGACGCCGGATATCACGGCAATTTAGGGATTAATATTAAGAATGATGAAGAACGTGATGGAATACCCTTTTTATATGATGATATAGACGCTGAATTAGAAGATGGATTAATAAGCATTTTAGATATAAAAGGTAACTATGTACAAGATGGAAGAGGCATAAGAAGAGTTTACCAAATCAACAAAGGCGACAAACTAGCACAACTGGTTATCGTGCCTATATGGACACCTGAACTAAAGCAAGTGGAGGAATTCGAGAGTGTTTCAGAACGTGGAGCAAAAGGCTTCGGAAGTAGCGGAGTGTAAAGACATCTTAGATCGAGTCAAGGAGGTTTTGGGGAAGTGACACAATACTTAGTCACAACATTCAAAGATTCAACAGGACGTAAACATACACACATAACTAAAGCTAAGAGTAATCAAAGGTTTACAGTTGTTGAGGCAGAGAGTAAAGAAGAAGCGAAAGAGAAGTACGAGAAACAAGTTAAAAGGGATGCAGTTATTAAAGTGGGTCAGTTG
CP129557.1_gap4	211393	214838	3445	TGGTTTAACGGTGAATGAAGATATGCAGTTAGTCGGAGAACCTAATGTTGTTAAATCAGCTATTGAAGCAGCTAGAGAGTCTACAAAAGAACAATTACGTGACTACGTTAAAGCTTCGGACTACAAAACTGATAAAGATGGTATTGTTGAACGTTTGAATACTGCTGAAGCTGAGAGGATAACTTTAAAAGGTGAAATCAAAGATAAAGTTACTTTGAACGAATATCAAAGTGGATTAGCTGAGAATAAAAAGTATTCTGATGAACAAGATAAAATACGTGAGTTAGAAATCAAAGCCTATGCAGACGGTGTTGTTTCACAAGAAGAACAACGTGCAATTGATGATGCAAAACAAAAGTTACAAGAAGCTAATGAAATTGCATCACAGGAAGCAAACAATGCATTTAATAATGCGAAGAATTATACTGATGGGGTTAGTCGAAATACAGATAGAAAACTAAGACAGATGGAAAGTTCTATTGAACAAAATGGTAGAGACATTAATTTAAAAGTATCGCAATATGAGTTTAACAAATCAAAAGAAACATTATCTAAAGTCATAGCGGATATCACTGTAAACACTATGGAAGGTATTACGCTAAGATACGATGAGAACGGAGCTATAAGCTCACATATTGTAGATCATCAAGGTATTAAAATCAATGGTGATAAAGTTGATATCAGAGCAAATAAAGAATTCAATGTCGTAGCTAATAGTATTAATAACAAAGTTGGTAAAAACGACATCGTCAATAGTTTAAACTTATCAACAGAGGGTTTGGATATAAATGTTAATAGAATTGGAATTAAAGGCGGTGACACTAACAGGTATGTTCAAATACAGAATGATTTTATTGAACTAGGTGGTATTGTACAACGTACTTGGAGAGGTAAACGTTCAACAGATGATATTTTTACACGTCTTAAAGATGGTCACCTGAGATTTAGGAATAATACTGCTGGTGGTTCACTTTATATGTCGCACTTTGGTATTTCGACTTATATCGATGGCGAAGGTGAAGACGGTGGTTCATCTGGTACGATTCAATGGTGGGATAAAACATATAGTGACAGTGGTATGAATGGTATTACTATTAATTCTTACGGTGGAGTAGTAGCGCTTAGTTCAGATTACAATCGAATTGTGATTGATTCATATGCGTCTGCGAATATTCAAAGTAAACAAGCGCCTGTTTATCTATATCCAAATACTGAAAAAGTACCTGGATTAAACCGATTTGCGTTCACATTATCAAACTCAGATAGTGCGTTTACTAGTGATGGTTATATTATGTTCGGGTCTGATGAAAATTATGACTACGGCGCAGGTATCAGATTTTCTAAGGAAAGAAATAAAGGACTTGTTCAAATTGTTAATGGTCGATACGCGACAGGTGGAGATACAACCATCGAAGCAGGGTACGGTAAATTTAATATGCTAAAAAGACGAGATGGTAATAGGTATATTCATATACAGAGTACAGACTTACTATCTGTAGGTTCAGATGATGCAGGGGATAGGATAGCTTCTAACTCAATTTATAGACGTACTTATTCAGCTGCAGCTAATTTGCATATTACTTCTGCTGGTACAATTGGACGTTCAACATCAGCTCGTAAATATAAGTTATCTATTGAAAATCAATATAACGATAGTGATGAACAGCTGGAACATTCAAAAGCTATTCTTAACTTACCTATTAGAACATGGTTTGATAAGGCTGAATCTGAAATTTTAGCTAAAGAGCTGAGAGAGGATAGAAAATTATCGGATGACACCTATAAACTTGATAGATATGTAGGTTTGATTGCTGAAGAAGTGGAGAATTTGGGTTTGAAAGAGTTTGTCACATATGATGACAAAGGAGAAGTTGAAGGTATAGCGTATGATCGTTTATGGATTCATCTTATCCCTGTTATCAAAGAGCAGCAACTAAGAATCAAGAAATTGGAGGAGTCAAAGAATGCAGAACAGTAAACAAGGATTACAAGCTAATCCTGAATATACAATTCATTATTTATCACAGGAAATTATGAGATTATCACAAGAGAACGCGATGTTAAAAGCGTATATACAAGAAAATAAAGAAAATCAACAATGTGCTGAGGAAGAGTAACCCTTAGCACTATTTTTATACAAAAATTTAAGGAGGTCATTTAATTATGGCAAAAGAAATTATCAACAATACAGAAAGATTTATTTTAGTACAAATCGACAAAGAAGGTACAGAACGTGTAGTATACCAAGACTTCACAGGAAGCTTTACAACTTCTGAAATGATTAATCATGCTCAAGATTTTAAATCTGAAGAAAATGCGAAGAAAATTGCAGAGACATTAAACTTGTTGTATCAGCTAACTAACAAAAAGCAACGTGTGAAAGTAATCAAAGAAGTAGTTGAAAGAACAGATTTATCTACAGAGGTAACAGTTGACACTGAAACAGTATGAAAAGCTATGAGTTAAACACTCATAGTTTTTATTCTTTTAGAAAGCGGGTGTACTGAATTGGGGTGGTTCAAAAAACACGAACATGAATGGCGTATCAGAAGGTTAGAAGAGAATGATAAAACAATGCTCAGCACACTCAACGAAATTAAATTAGGTCAAAAAACCCAAGAGCAAGTCAACATTAAATTAGATAAAACCTTGGATGCTATTCAAAAAGAAAGAGAAATAGATGAAAAGAATAAGAAAGAAAATGATAAGAACATACGTGATATGAAAATGTGGGTGCTTGGTTTAGTTGGGACAATATTTGGGTCGCTAATCATAGCACTATTGCGTATGCTTATGGGCATATAAGAGAGGTGAATAAAATGTTTAAACTAATCTTTGGTTATAGTTTCTGGACGTGTTTTTGGTTTGGCAAATGTAAATAAGTTTTTAGTCAGTGCTTCGGCACTGGCTTTTTATTATTGTTGCAATTATGGTAATATACAGAAGTGAGCAAGTTGGATAGATGGTGGCTATCTGAGTATAAGGAGGTGGTGCCTATGGTGGCATTACTGAAATCTTTAGAAAGGAGACGCCTTTGTGGTATCTATTGTGGATGCACTAAATTTGATGTTTAGTTTCGGTATGTTTATCGTTACTTTACTAGGTTTAGTCATCGCAATTGTTAAATTAAGTCACAAAAAATAACCTTCTATTCGCTTTGGTCAGTAGATAGAAGATTATTTTATCATTATATCGAAGCCACCGTCTTTTTAACGGGCTCACTAGGGTAACATGTTTCCGCATGTTGCCCTTTTTCTATTTATAAATTAACACACTATAAAATAAATATCAAATAGGCGGCTTATTAGTCGTCTTTTTATTTTGGATAAAAGGAGCAAACAAATGGAAGCAAAAGTAATGGCAAGATACGTTGTATTGATTTTAGCGTTAGTCAATCAGTTTTTAGCGAATAAAGGTATAAGCCCGATACCAGTAGATGAAGAAA
CP129557.1_gap5	236004	239468	3464	AAAATATGAATTACATATCAAATCAACGGTCAAATCTATAGAATTGGCTAAGAATAATAATAGGCAAGATATGGTTGAAAAGCATACTAATATATTGAATAAATACGAAGAAATATTAGGTAATATAAAGGATGGAAACATTATATTCGGGAGAAGTAATAGAATAAAAGTATAGAGGTTAAGATGGGAAAATTTAATAGACAAGAGCAATTAAAACAGTTACATGCAGAACGAAAAGTTAAAACCGAGCAAAAAGTTTCTAAAGCAATAAATGAATTGGTTCAAAAAAATGAAGAAATTAACTTTAATATTGTAGCTAAGCATTCAAATGTATCTAAAGCTACTTTATACAATAATAATAAAATTCGAAATAGAATTGAAAAATTACGTGAACAAAGCAAAGAAATATTTGTTCATAAAAATAAAAGTGACGGTAAAGATGCGTTAATTTCTTCTTTAAAAAGAAAAGTAAGTTCTTTAGAAAAAGAGAAAGAAATGTTGAAAGAAGAAATTAGCGTTTTATATTCTAGGATATATGAGGATATCTAAAATGATGAACAATAGAAATGAAAAGATTCTTGAAGATATTAATAATTTAAAAGGCTATAAAGTGACATATATATATATGCTACTGCTATAAATATAAAAGATAATAATATGAACCCTTGGTTTGAGAAAATTGAGTCAATTCTATTTAATTTAAAAGGAGTTATACGTATTTTATCTCCTGACAAAAAGCCGTTAAATTATGATTATTGGGCTTTACCTGGAAAATATAAGAGGTACACAAAAGAATATCACAAAAAACTAGAAAAATTTTTAGAAAAATTTGCTACTAATGTAAATATTAATAAAGGATTGTTTGATCAAAATAATATACATGGATACAAATATAAAAAATATATATTCACTCCATATATTGAAATTACTCATGAAAACACTTTGAATTTATTTTTTTTGACCTTAACTATATTTAACAATGGTACTTTTGTTATAGAAATAGTTGAAGATTTAGAGAGTATAAATTTTGGAGATGACTTGTATAGTACTTTCTCAATTGTTGAAGATAAGATATATCCTCTAATTAATCAAGAAAATAATAATAGACAAAGACAGTATCAATTGTATGGGCATAGACAATATAAAAATATTAGAGATGTTTCTAGGCAAATTAATAGAATTATTAAAAATAATAGTAATGATATCTTTGAATATAAAGTATCTAGAAATATGGGGTTTGAAGTTTATTATTTAGCTAATGAAAATGAATTTGCAGACGATCCTTTTTATGAAGATGTGAAAATTCAAGAGTGGTTAGTAAATGCGCCTATTATTTCATTTGAAGGAAAAAGTAAGCATTTTAGGCAAGATGGTTATAGCGATAATTATATAAATTTCTTAAATAAAGCATCAGTTTTTGTAGTTTGGATGGATGAGCAAGAAGGAGATATTTTAGAACAATGTTCTAAAATGGCGCTTTATTTTCATAGTTCCGCTAATTTCTTTTTCTTAGAAACTATGTTAAATGAATTACAATTGTATGGGTATCAGCAATATAATTTAAATGGGAAAAAAGAAGCCCTATATTTTAGACAATGGATACTAAATTTCAAGAGATCTATTGCAATTATTTATAGAACAGAGCTTCTACCTAGTTTATATTTATATTTGTATCTAAAGAATAATAATGATTTTAAATCTCCTCAAGATATTGAAGAATTAAATAAAGAAGAATTATCACTAATTGAATTGGAGCAGTCTTACAAGGAAGAAGAAAGAAGCGAAAATTTAAATAAACTTTTGTTAATAATAAGTCTTTTATCAATCTTCCAGGTAGTAGATATATTTTTCAATGATAAAAATAATATATTTTATATCAGTCTGATACTTATAATGATTTTGCTAGTAGTATTTCGAAAAAAATAATTAATAATAAACTATTTAAAATTTCAAACAGTATTACTTAATATCGTTGAATATTAAGTAATACTACAAACATTAGCATTATTTAGTTTATATATATTATTGTTAGAGTCGCAAAATGAAAATGTATTGTTAATTTCATGAATTTTTAAAATTTTTCCTGTATAAGTAGAAAGATGACCATTTTCCCAATATACTATGGAACATAGTTCATCATTTTTTACTTTTACCTGAAAAATATAGTTGATGCTATCCAAAGTATCTTCTGTTAATATAGGTTTCTCAATTTTATCTTGATTTTGAATTATTTTGTTTAAAATTTCAAACTGTTCAGGGAGTGTAGCAAAAGCCTGCCATTTGATTTTTCCACGTCCTTGAGGAATTCTAGGGTTTAAATATTCTCTTGGTATTTTTCTGTAATCTGTTTCATATTTATATCTATCAGGAGCGTTTGGATTTGGAATCATGTTAACCACCTCATCATCATTATAGAACGTATGTTCTTTTTCGGCAAGGATTATATAATTTTTTAATGTGATTAATTAATTTAAAATAAGTTATTTTCTATATGGAAAAGTTGAGTAAGATTATCGAGCATTCATAATTATAGTAACTGGAATTATAATGTTGGGTATGTTAATAGTATTTTCTCTTTTAAAAAATGTGAATATAAAAAATAGAAGGGAGTGGGACAGAAATAATATTTTCTCAAAATTTATTTCGTTGTATTACCCCGGCAAGGATGACTAGGTTTGAAAAAAGCTTGATTCAAGCGCATTTTCAAATCAGTCAGCTACTGACAAAATGATAAAATAGGCTGAGACATTTTATTTTGTCCCAGCCTATTTCCTATATGACCAGGTAATAATATTGCTTTATAATTATGAAGCAAAAATGGTAAAATAATAACGTTAGATTAGTCTACATTGTTTGTACAGTGAGATTAAGATATAAAAAACGATGATTAAGGAGTTATTTCGAATGATTAATCTTGAAAATAAAACCTTCGTAATTATGGGTATTGCTAATAAACGTAGTATCGGATTTGGCGTTGCAAAGGTATTAGATCAATTAGGGGCTAAACTTGTTTTCACTTATCGTAAAGACCGTAGCCGCAAAGAATTAGAAAAATTATTAGAACAATTAAACCAAGAAGAGCCAAAATTATATCAAATCGATGTTCAAAAAGATGAAGATGTAGTAAATGGTTTTGCTAAAATTGGCGAAGAAGTAGGCAATATTGATGGCGTATATCACTCTATCGCATTTGCAAATATTGAAGACTTACGTGGACGTTTCTCTGAAACATCACGTGAAGGTTTCTTACTTGCGCAAGATATCAGTTCATATTCATTAACAATTGTTGCGCACGAAGCGAAGAAAATAATGCCAAACGGTGGTAGTATTGTTGCAACAACATACCTTGGTGGTGAATTTGCCGTTCAAAACTATAATGTGATGGGTGTAGCTAAAGCAAGTTTAGAAGCTAATGTTAAATATTTAGCTTATGATTTAGGCCCGGACAACATTCGAGTAAATGC
CP129557.1_gap6	244176	248794	4618	TCTTCTTCATTATTGATTAGAAAAAATGAAAATTATGAATTGTATGGGAAAACAGGTACAGGTATAGTAAATGGGAAGTATAATAATGGGTGGTTTGTAGGTTACGTAATTACAAATCATGATAAGTATTATTTTTCTACACATTTATCAGACGAAAAAGCTTCTGGTAAAAATGCTGAATTAATAAACGAAAAAATATTAAAAGAAATGGGTGTTTTAAATGGCCAATAAGCAAGTTGAAATATCTATGGCTGAATGGGATGTTATGAATATAATTTGGGATAAAAAATCAGTATCAGCAAATGAAATTGTAGTTGAGATTCAAAAATATAAAGAAGTTAGTGATAAAACGATTAGAACATTAATTACAAGACTATATAAAAAAGAGATTATAAAACGATATAAATCAGATAATATTTATTTTTACTCATCAAATATTAAAGAAGACGATATTAAAATGAAAACCGCTAAAACTTTTCTTAATAAATTGTATGGAGGGGATATGAAAAGTTTAGTGCTTAATTTTGCAAAAAATGAAGAATTAAATAACAAAGAAATTGAAGAATTACGAGCCATTTTAAATGATATTAGTAAAAAATAAATAGATATAGGGTTCAAACATAATATATATGTAAATTATGTTTGAACCCTATTAAATTAGATTTTTTTATGAGATTAGTACATATAATAAACGGAGCCCATTTAATCATGCCTCTTCCCATAGGTATATTGTTATCTAGTAATTCTCTTGGAACGTTACGATAATCAGTTTCTTCTTCATAACTTGTCATCCTTAATTCACCCCAATCTGATAATTACATTATACGAACATGTGTTCTATTTTGCAACAAAAATTTTGTGGAAGCATAAACGCGTTAATAATTAATGCTCGGGTAAGTAAAAAAGAGGGATTAATTAAAATCGAATAATGACATATCACCAGCAAATAGTTCTTTTAAAGTAGTTAAACAGTTTTAGCTTTAAGGGAATGATAAATGATTGTTAATTCTAGCTAAAATTTAATAAAATGAAAATAAGACTAACATGGAGGGGTAAAAGTAATGACAAATGGATATATTGGTTCTTACACTAAAAAGAATGGTAAAGGGATTTATCGTTTTGAATTAAACGAAAATCAGTCACGTATTGATTTATTAGAAACAGGATTTGAATTAGAAGCGTCTACATATTTGGTGCGTAATAACGAAGTTTTATATGGAATCAACAAAGAAGGAGAACAATGCGGTGTTGCGAGTTTGAAAATTGATGACAATGGTGAATTGCATTTATTAAATAAATGTTTGTCTTCAAAAGCTGGTACAGGTTGTTATGTATCGATTTCAGAAGATAAACGATATTTATTTGAAGCGGTATATGGTGCTGGCATCATACGTATGTATGAATTAAATACGGACACAGGTGAAATTATACGTTTAATTCAAGAACTTGCGCATGATTTTCCAACAGGTACACATGAAAGACAAGATCATCCACACGCACATTATATTAATCAAACTCCAGATGGTAAGTACGTTGCAGTAACAGATTTAGGTGCTGATCGTATCGTTACTTATAAATTTGATGACAACGGTTTTGAATTTTATAAAGAATCTTTATTTAAAGATAGTGATGGGACAAGACATATTGAATTTCATGATAATGGAAAATTTGCTTATGTCGTACACGAATTATCAAATACTGTGAGCGTTGCAGAATATAATGACGGTAAATTTGAAGAGCTCGAGCGTCATTTAACAATTCCTGAAAACTTTGATGGAGATACTAAACTTGCAGCAGTGCGTTTATCTCATGATCAACAATTCTTATATGTATCTAATAGAGGGCATGATAGCATTGCAATTTTTAAAGTTCTTGATAATGGTCAACACTTAGAACTAGTAACAATTACTGAAAGTGGTGGTCAATTCCCAAGAGATTTTAATATTGCCTCATCAGATGATCTTTTAGTTTGTGCTCATGAGCAAGGAGATTCAGTTGTAACTGTTTTCGAAAGAAATAAAGAAACAGGTAAAATTACGCTATGTGATAACACTCGTGTAGCATCTGAAGGTGTATGTGTCATATTTTAATCTTTAATTAATCATGATAAAAAGAAAACCATGTTTCCAAAAAATTTGTGTATACCTTGAAATATATTGTTTTCAAGAACATCAAATTATGGAAGCATGGTTTATTTTTGTCTCAAAAATTAATTTTTAAAGAAAGCTTTGATGTATTTAAATTTACCTTTATATGGTGGTAAATGGACACCTGATTCTAATCGTGTAGATTTGAAAATGTAGCTTTTTTCATGTGTAAAAGTGTCAAATGAATATTTACCATGATAGCGTCCCATACCTGAGGCGCCAACACCACCAAATGGTAATTTAGGATTCGCTAGGTGCATCAATGTATCATTAATAGCGCCGCCGCCAAATGATAACTCGTTTATTACACGTTGTGTAGCATTTTCATCTTCGCTAAATAAATATAAACTCAAAGGTTTTGGTCTTTGGTGAATAAAGGCTATTGCTTCATCCAATGACTGATACGTTAAAATCGGTAAGATAGGACCAAAAATTTCTTCTTGCATAATTGCTGAATCATTTGTAACGTGATCTAACAATGTTGGTTCTATATAACGTTCATCCTCATCACTATGACCACCAAATACAATATTCATTTGTGCACTGTTAAGTAATGATGTCAGACGATGATAATGTTTAAGGTTTACAATGCGGCCATAATCTGGACTTTGTTGTATATTTTGACCATAAAATTCACGCAACGTTTTTGATAGGGCTGTGATTAAATCATCTTTTACAGATTCGTGTACTAAAATGTAATCTGGTGCAACACATGTTTGGCCGGCATTAGTGAATTTCCCAAAACAAATGCGCTCACTGGCAACTTTAATATTCGCTGTTTCATCAACGATGACTGGAGATTTACCGCCCATTTCTAATGTCACAGGAACTAAATTTTCGCTGGCAGCTTGATAAACGATTTTGCCTACATTTTCACTTCCTGTAAAGAAGACATAGTCAAAAGGTAAGTGAATTAACGTTTGCGTTTCTTCAATTCCTCCCTCAATAACTTCAATGTAATTTGCATCAAATGTTTCATTGATTAATCGTTTAATCACTCGTGCAACATTTGGTGTCAACTCAGATGGTTTAATAATTGCTGTATTACCTGCTGCAATAGCACCGATTAAAGGTTCGAACACTAGTTGAAAAGGATAGTTAAATGGTGCAATGATCAAAACTGTTCCATAAGGTTCTTTTTTGATATAACTTTTTGTTGGAAATAAATATAAAGGTGTGTCTACATTTTTTGTTTTAGTCCAGTTTTTAAGTTCCTTACGGGCATTTTTGATACTTTTCAAAGTTATGCCAATTTCAGTAGCGTAAGCTTCGACTTTATTTTTTCCTAAATCTGTATATAGTGCTTCTAAAATATCGCTCTCGTATGATTTAATAGCTTTGCTTAACTTCTTTAATTGCTCTTTTCTAAAACTAATATCTTTAGTTTGTTGTGTATTGAAAAAAGCTTTACTGTCATAAAATTTTTGCTCAATGATATTCATAATGAAAAGAACCTCCTTATATGATTATTTTGGAAAAAGTGATTAATTGATTTGAATGTTGTGGCCGTTAATTTTAAATGGTCTTTCGAATTATATATATTGAAAGTTGAAAATAGAGCGATGAATTGTGTACATAATAATATTTATAACTTTAATCATAACGAAAAAGGTAGGAAGAAAACAAAAATTTATACTCAACATCGCAAATATTTTAAGAAAATGTAAAGACAAAAGGGGAATTGTATAGAAATCACTAATCTACGGGTTAGGATAGCTAAAGGAATGAAAACTGCTATTGAAAAGGTTGTAAATTAGTCAAACGTAAATAAAAAACAGTTCATTGAAAGTGAAATAAATTCTACTTTAATGAACTGTTAGTTAAATACAACATGTCTATAATTAGATAGTAATATAGTATTATTTTGTTAATGCTTCAGTGATTTGAGGTACGATTTGTTTTTTTCGAGAAACAACACCAGATAAGAAGGCCATGTCATCTTCTAATTGAACATTGAATGCTTCGCCAACTTTATCTTTTTCAGCACCTACAACTAAAATTTTAGAATCACTATTAATGATGTCAGTAACAACAAGTACAAATAAGTCATATTTTTCTTGTGCACTTACAGCTAACATTTCTTTTTCTAAATCTTCTTTACGATTTAACACTTCGTCAAGGTCAACAGCATTAACTTGTGCAATACGAGTCACATAGTCACCCATAGTAAATGATTTAGCATCCATGTTTAATAAGAATTCAACTGATTTATCAGTTGTTGAAGCACCTGCTTTTAACATATCTAAGCCGTACTTTTGAATATCAACTTTAGCAATATCTTTTAATTCTTCAGCTGCTTTAACATCTTGTTGTGTGCATGTTGGTGATTTGAAAAGTAAGCTATCTGAGATAATTGCTGATAACATTAAACCAGCAATTTCAGGTTTAATTTCAAAGCCACGTTCTCTAAACATTTTGTATAAAATTGTAGCTGTACAACCAACTGGTTCAGCACGATAACATAAAGGACC
CP129557.1_gap7	250974	251989	1015	GAATATAATTGGAAATGAATTTAAAGGGTCAATGTCTAAAGATGTGATACATGTACGTAATTATAATAATGTTAAACATAAAGATGTATTAATCGTTGGGAATACATTCAATAATTCGACTCAATCAATTCATTTGGAAGATATTGATACAGTGTTTTTAAGTCCTGTTGAAGCGGGTATTCAAGTTACTACAATCAATGTAGATGAAATAAAAAAGTAAAAAGTTTCGCATGACATTAGGATTAAGATTACTGGATAATTTTTGAAAGCGCATTCATAAAACGGTATAAATATGCTATAATAAACCCAATTATCTGATAAAAGGGGTATTTTGACGGTAATGATAATACAAGATAGACAACTTTCTATACTCTAATATAGTTAGTTGAAGTAGCTTGTCATAATCATCATGAGGGGGAAATTTATGGCTTATTTCAATCAACATCAATCAATGATATCGAAAAGGTATTTAACATTCTTTTCAAAATCAAAGAAAAAGAAACCGTTTAGTACGGGACAACTTATTGGACTAATATTAGGTCCATTACTTTTCCTATTAACATTATTGTTCTTTCATCCACAAGACTTACCTTGGAAAGGCGTCTATGTCTTAGCGATTACTTTATGGATTGCGACTTGGTGGATTACTGAAGCAATTCCTATTGCAGCAACGAGCTTATTACCAATTGTGTTATTACCATTAGGTCACATACTTACACCAGAACAAGTATCATCCGAATATGGCAATGATATTATCTTTTTGTTTTTAGGTGGATTTATTTTGGCAATTGCAATGGAAAGATGGAATTTACATACGAGAGTAGCGTTGACAATTATTAATTTAATTGGTGCAAGCACTTCAAAAATATTACTTGGATTCATGGTGGCAACAGGATTCTTATCTATGTTTGTATCGAACACTGCAGCTGTAATGATCATGATTCCGATTGGTTTAGCAATTATTAAGGAAGCACATGATTTACAAGAAGCCAATACGAATCAAACAAGTATTCAA
CP129557.1_gap8	257628	259039	1411	ATGTTCATTTGAGAATAAATTTTAATTATGACAAATTCGCTATTTATTTATTTATGAGAGTTTTCGTACTATATTATATTAATATGCATTTATTAAGGTTAGTTTGAAGCAGTTTGATATTTAAAGTGTAATTGAAAGAGAGTGGGGCGCCTTATGTCATTCGTAACAGAAAATCCATGGTTAATGGTACTAACTATATTTATCATTAACGTTTGTTATGTAACGTTTTTAACGATGCGAACAATTTTAACGTTGAAAGGTTATCGTTATATTGCTGCATCAGTTAGTTTTTTAGAAGTATTAGTTTATATCGTTGGTTTAGGTTTGGTTATGTCTAATTTAGACCATATTCAAAATATTATTGCATACGCATTTGGTTTTTCAATAGGTATCATTGTTGGTATGAAAATAGAAGAAAAACTGGCATTAGGTTATACAGTTGTAAATGTAACTTCAGCAGAATATGAGTTAGATTTACCGAATGAACTTCGAAATTTAGGATATGGCGTTACGCACTATGCTGCATTTGGTAGAGATGGTAGTCGTATGGTGATGCAAATTTTAACACCAAGAAAATATGAACGTAAATTGATGGATACGATAAAAAATTTAGATCCGAAAGCATTTATCATTGCGTATGAACCTCGAAACATACATGGTGGATTCTGGACTAAAGGCATTCGTCGTAGAAAGCTTAAAGACTATGAACCAGAAGAACTGGAAAGTGTAGTAGAACATGAAATTCAAAGTAAATGAGAACGAAACAATTGCTGATTGTTTGTCACGAATGAAAATGCAAGGGTATATGCCGGTAAAACGTATTGAAAAACCCGTGTTTCAGGAGCAAAAAGATGGCACGGTTGAAGTATCACATCAAGAAATCATTTTTGTAGGTAAGAAAATCCAATAACATAATCCAATTTAAATAAAGACTATTTGAAGAGGAAAGGTTATTCAAATTTGAGTAATTTTACTTTGAATAGCCTATGTGTTTATACATGCAAGATGCTCAATCCATATTGTATGAAAAACCCCCAGCAAGCTATATAAAGCATATGCTGGGGGTTCTTACTATTTTAAAATCATTGTTAAATTATATATATCGTCGCTTTTTCTAAAACAATCTCATCGCATGAAATTTTTTCTTCCTAGAGACCTTTAATAACATTAATAGTTTACTTAAATAAATCTAGATAGTCTTATTATTTATGCTTAATGAAAGTCATTCTAGGAGAAGTTCCTAAAGCTTCTGTGTTCATAATTGTTAGTAGTATTTTATTATCATTTGGTATAAATATTTCAATAACAATTGAGCTATTATTTTTATTATATAATGTGAGTTGTTTGTGTTCTGTATTTATATATTTGCAAATGTAATCAGAATCGTCTGAGGTACTGAGAATAAATTTTA
CP129557.1_gap9	375557	380306	4749	TCAGCCATCAAACGTATTTATTTAACAGACCGTGAAAAAGAAGCGGCAAAAATTAATGAACGTAATCGTTTAGCTAGAGATTTACATGATTCAGTAAATCAAATGTTATTTTCCGTCAAACTTACAGCACATGCTGCGTATGGCATGTCAAACGAATCCATCGCTAAACAAGCATTCAAGACGATTGAGGAAACGAGTCAAAATGCCGTTAATGAAATGCGTGCATTGATTTGGCAACTTAAGCCAGTTGGACTTGAGCAAGGCTTAATTCATGCTTTGACAGCATATAGTAAATTAATGCATATACAATTAAATGTAAATGTAGAAGGTTTAATCGATTTATCTAATGAAATTGAAGAAAACATATACAGAGCATTACAAGAGTGTATTAATAATGTTAAGAAACATGCTGATACGAATAAAATGGATCTTACATTAAAACAAATGAACGATATACTATATATTGACGTGATTGATTATGGTCAAGGATTTGAGATCGATAATGTTCAGATAGCTTCATCACACGGTATAAATAATATAAAACAAAGAGTTAAATTATTAAGAGGTAAAGTGACCTTTCATTCTCAGCCAACAAAGGGTACACAAATACAATTTACAATTCCTATAAAATAGCTTGATTTAAGGAGATAACCCATGAACAAAGTAATATTAGTAGATGACCATTATATTGTGCGACAAGGATTGCGATTTTTATTATCCACGATTGAAAACATAGAAGTTTTACAAGACTTTGCAGATGGAGAAACATTTTTAGAATATTTAAAAGAGCATGAGCACCCTGATATTGTGCTATTGGATTTAGTAATGCCTGGCATGAATGGTATTGAAATTACGGAATATATTAAGGCACATTATCCGCATATTAAAGTTTTGGTATTAACAAGTTATGTTGATGATGAACATGTAATTTCAGCAATCAATAAAGGTGCTGATGGTTATGAAATGAAAGACGTTGAGCCTCAGCAATTAATTGAAACTATTAGACGAGTTATGAACGGTGAAAAAATGATACATCCTAAGGCACAAGATGTATTCGAAACAGTTAGCCAAAAACCACACTACACGAATAAGTTGTCAAAGAGAGAAATTGAAGTGTTACGTGAAATGGTTAAAGGTAAAACAAATAAAGAGATTGCAGAAACTTTATTTGTATCTGAAAAAACAATTAAAACACATGTCAGTCATATATTTAGTAAATTACAAGTTAGCGATCGTACACAAGCAGCAATTTATGCAATGGAAAATAAGTTGATTTAAAGTTGCATTGATGTAGCTTCGTCAAAAAATCGACAATTTTTAATCGATTTATTTAGATTTTTTTCACAGCGATAGCATTAATTATACAGTTTTCTTTGTAAATTTGATATCATAATAAAAGTGTAAGTTTTATCAAATGTAGACATAATGCATAAAATTTAACTTCGTTTACTTTTGTTTCATTATGAAGTAAACTTAACTTTTGTTGACTTGATCAAAATTTAATACAAATGTGAAATTGACTCTTTTCATTTTATTAAAAATATATTAAGATGTAATCTGTGTTTCAAGAAATGTGTATTATTGCAATTTCTTGTGTCCGGATAAAATTCCCCAAACAGAAAGGTAGATAACAGAATGGATAGACAGAGTTTTACAGATTTAATTCAAACAAAATTTAAAATGGTTCGTATAGAGGCTGGTTATACGCAAGATACTATGGCGCAAACAATTGGACTTTCTAAAAAGACTTTAGTACAAATCGAAAAAGAGAGAGTATTACCAAACTGGACAACTTGTATTTCAATTTGTGCATTATTCAGAGACTCTGAAGTATTAAACAGTACATTTGGCTGTGATCCATTAGAAATCGTTCAAACAATTTCAAGAAATCACTGTGCATATCCAAACCATGCACCAACAAGTGATATTTATTGGAATAACATTGAGACTCGTAATGGGTACATTTTACAAAGTAACAAAGTAAGCAATATTTATCGTGTATTAAATCCAGATAACCAACCAATTTTCGGTACTTCTAAAATGAGAGAAGCTGAAACATACTTTAACAGAAATGCTAAAGAAGAATTAGTACATATCTAGGCCTATATACTTTTAATAAATAATAAAAGCGATGTAACACACCTGTTTCGAGAGGTGAGGCATCGCTTTTTGTATGTAAACTAATAATAAATTGGGTAGAAAGTGAAATGATTAATGAATTAAAAAATAAAAATAGTGGTATAATGAATAACTATGTTGTCACAAAGGAGTCAAAATTATGAATGCACTATTTATTATCATATTTATGATTGTAGTAGGGGCGATAATTGGTGGTATTACTAATGTAATTGCAATTAGAATGCTGTTTCACCCCTTTAAACCATACTATATATTTAAATTTAGAGTCCCATTTACACCAGGTTTAATACCGAAAAGACGCGAAGAAATTGCAACTAAAATTGGCCAAGTGATTGAAGAGCATTTGCTTACAGAAACTTTAATTAATGAAAAATTAAAAAGCAAGCAATCACAACAAGCAATAGAATCTATGATTCAACAGCAGTTACAAAAGTTGACGAAAGATCAATTGTCAATAAAACAAATTACTTCTCAAATCGATATTGATTTAGAACAAGTATTACAAACTAATGGAAATCAATATATTGCATCACAATTAAATAATTATTATACGAAGCATCAAAACCAAACAATAGCATCTTTATTGCCAAATCAACTTGTAACATTTTTAGATCAGCATGTAGATAACGCAACAGACTTATTATGTGATCGTGCAAGAAATTATTTATCATCTGCAAAAGGCACACAAGATATTAATGATATGTTGGATACTTTTTTCAATGAGAAAGGTAAGTTAATTGGTATGTTGCAAATGTTTATGACAAAAGAGAGTATTGCAGATCGAATTCAACAAGAACTTATACGTTTAACATCTCATCCTAAAGCAAGAGCAATTGTGACATCGTTAATTACCAATGAATATCAAACTTTTAAAGATAAATCATTGAATGGACTGTTAGATGCGTCGCAGTTTAATGAAATCGCTGAAAATCTATCAGTGTATGTAACAACATATGCAAGCAAACAAGCGAATAAGCCAGTGGTTACGTTAATGCCTCAATTTGTTGATTATTTAGAAAGTCAACTCTCTAGCAAATTAGCAAATTTAATCATTGAACAATTATCGATTCACTTATCTACAATTATGAAAAAAGTGGATTTACGAGGATTAATTGAAGAACAAATTAATACGTTTGACTTAGATTATATTGAAAAATTAATTATAGAAATTGCTAACAAAGAACTAAAGTTGATTATGTCATTAGGTTTCATTTTAGGTGGTATTATTGGATTTTTCCAAGGTTTGGTTGCAATCTTTGTCTAAAAAAGCGAGATGTGGTAAAGTAATATCGAACGTTTTAATAAACATCACAACAAAGGAGTGCTATAACCATGGCAGTAAATTTATATGATTATGCAAATCAATTAGAACAAGCTTTAAGAGAAAGCGAAGAATACAAAGCAATCAAAGAAGCATTCGCTAATGTAAAAGCTAACGAAGAATCTAAAAAGTTATTCGACGAGTTCCGTGAAACTCAAATTAACTTCCAACAAAAACAAATGCAAGGTGAAGAAATTGCTGAAGAAGATTTACAAAAAGCGCAAGAACAAGCGCAAGCAATTGAAAAAGATGAAAACATCTCTGCATTAATGAATGCTGAACAAAAAATGAGTCAAGTATTCCAAGAAATCAACCAAATTATCGTTAAACCATTAGACGAAATTTACGCTGACTAATATTAAAATAATATTTTTCAATCCTTTAAATAGAGGAATAAACTGCCGACAGAGTCCGAGACTTTGTGGGTAGTTTTTTTAGTTTTGATAACGGAAGTTGGAGGCCCCCTGTCAAATTGGGCAGATGCGTTCAGTATCGGAAGTTAGGCTATTAAACATGTCTTAACTTTAGCTCAGAACGGACGACGGAAGCTGGGCAATCAAACAATATTGGCTCTATGCCAAAACGGGCAGATGAGCTTGATAACGGAAGTTAGAGACTCTCTGTCAAATTGGGCAGATGCGTTCAGTATCGGAAGTTAGGCTAGTAAACGTGTCCTAACTTCTTTTTGCATTTTGGAGTGTAAAGTTTTCAACGTAATACTATTAGTTCGGTCATGTATCGGACTGATGGAAAAGTGTTTCACTTTTAATGGCTCATTAAGAACGGCTTGAAAATGTTTGGCGTATTAAGTGCAATGATAGTTTTGACATTTAGCTTCTAATTGGTCATTACTGCCGAGCAAATCTAGTAGAGTAATTATGTAAATATTTAATGTGTCAGTTGGTTCACTAGTGGTGTTAACAACTACGGAAATTGCATTTCCGACTGAAATTTTTGAAAAAAATCAACGTACGCAACAAATAAAATTTTAAACTGTTATAAATGTGTCTCAATTTCATATGTTCATCGACGATATGAAGCGTATTATGGTAAAATGAAGAAATAATAAACTTGTTAATAAATAAAACATCACGATTTGACTAAAGCACTTTATTATTGTGTAGATAATAATTTTTTAACGAAATTAAAATAAAAATGGCGACTGGTTTTAATAAATCAGCTAATGAATCACTACACCTATAAGTATGAATATAGTGATTAGAATGCTTTGTATAGTTGGATTTTGCAAAATTGATGTTAGAACCTTTAATTAAGGAGATATGGATGTA
CP129557.1_gap10	381630	385570	3940	TATTTGGTTTTCCAACTAAAAAGTCTAAAGAGCCAAGGCTAGAACCACGTCTAGGTAACCAATATGGTGGTAAATTAGTACTTATTCTTGATGATGGCTTAGAGATTGAAGTTGAACGAATTAAAGGCAGTGCTCAAGGTGATGTGAAAGTATATTTACCTAATGGTGCTGTGCGTGATGATGCTTGGTTACAAAAGAAACTTAATTATATTTCTAAAAAGACATATCAAGGTATCTTCTCATTTGATGTACTAGGGCTTCAAGACATTCATAGAAATCTAAATGAAAAACAATTGCAAGATTATTTATTACAAGCAGGGGCTTTAGGATCAACTGAATTCACGTCAATGCGCGAAGTGATTAATCGTAAAAAAGATGAATTATATAAAAAATCAGGTAAAAATCCAATCATTAATCAACAAATTGAGCAATTAAAACAACTAGAAAGTCAAATTCGTGAAGAAGAAGCTAAACTAGAAACATATCATCGCTTAGTAGATGATCGAGATAAATCATCACGTCGATTAGAGAATTTAAAGCATAATTTAAATCAATTATCAAAAATGCATGAAGAAAAACAAAAAGAGGTTGCTTTACATGATCATTCACAAGAATGGAAGTCTCTAGAACAACAGTTAAATATTGAGCCAATCACATTCCCAGAAAAAGGTGTAGATCGTTACGAAAAAGCACGAGCGCATAAGCAATCGTTAGAAAGAGATATTGGTTTAAGAAATGAGCGTTTAGCTCAACTTAAAGAAGAAGCAACTCAATTAGAGCCAGTTAAACAATCTGATATTGACGCCTTCATTAGTTTGAATCAACAAGAAAATGAAATTAAAAATAAAGAATTTGAACTTACTGCAATCGAAAAGGATATTGCGAATAAACAACGTGATAAAGATGAATTGCAAGCAAATATTGGTTGGTCTGAAACGCATCATGACGTAGATAGTTCTGAGGCAATGAAAAGTTATGTCAGTGAGCAAATCAAGAATAAACAAGAACAAGCTGCATACATTAAACAATTAGAACGTAGTTTAGAAGAAAATAAAATCGAAGATAATGCGGTTCATAGCGAACTAGATTCTGTTGAAGAAAAAATAGTTCCTGAAGAGACTTTTGAAAAGAAAAAAGAATACTCACAACAAGTCATTGAATTAAACGAAAAAGAGAACTTGTATAGCAAGTTGAAAGAACGTTTCGAAATTGAGCAACAAGAAAAACAAAAACGTCAAAAATTGTTACGAACAACGTTTATTCTTTTAACATTAGTAGGTATTGGTTTAACTGCCTTCTCATTTATTTCAAACAACATGTTGTTTGGTATTATTTTCGCAGTATTAACTTTAGTATTTGTTATCGGTATCATCATGTCTAAATCAAAAGAAGTAGATTATAGCGAGGCCATCACAGATGAAATCGAAGAAATTAAAGCACAACTAGCCATTTTAGATGAAAACTATGACTTAGATTTTGATCTTGATGAGCAATATCGTATTCGAGATCACTGGCAACAAGCTTTGAAAAATAAAGATATTTTAGAAGAGAAACGTCAGTATATTGAAGGTCGTTTAAATGATGCGAAAGGGCGTCATGATGAATTACAATCGACAGTTGAAAACGTTAAGGATGAATTATACTTATCATCTAAAATTTCAAATGATTTAATTGTTGATAGTATTTCTACAATGGCGAATATTAAAGCATTAGATCAACATATCAGTGATTTAAATCAACAACGCCAGCAATTGGTTCAAGAATTAGATACATTCTACAATCATGCTGAAGCTGTAACAAAATCACAATTTGTTTATTTCAACAAATTATCTTTATTCCACGATGTGCAACAATGGTTGAAATCAGCTGAAGACACGAATGAAAAATGGCGTATTAATGCTGAAAATACCAAACTTGTTACAAATGAATTAAATCATTTAAATGCTCAATTAGAAGAAAATAATAAAGAAATTACAGCACTATTCGATTTTATCAATGTTGGTACTGAAGAAGATTTTTACCAACATCATGAAGATTACCAAACATACACTAGTAATTTGAGTCGTTTTAATGATTTAACTAAATATCTTGAGAACCAAAACTATTCTTATGAATTAAGTTCTAGTTTAAGTGAAAAAACAACAGCACAACTTGAAGAAGAAGATCATTTATTGGCTACTCAAGTTGACGAATATAATGAGCAATATCTTGAAATGCAAGCACAAGTCAGTGATTTAAGTGCACAAATCAATCACATGGAAACTGATACAACGCTTGCTAATTTAAGACATGAATATCACAGTCTTAAAAATCAACTTAATGATATCGCAAAAGATTGGGCAAGTTTAAGTTATTTACAAAGTTTAGTTGATGAACACATTAAACAAATTAAAGATAAACGTTTGCCTCAAGTTATTAATGAAGCGGTAGAAATATTGAAGCATTTAACAGATGGCAGATATACGATGATTAACTATAATGAAGATTCAATTACGGTTAAACATGTTAATGGTCAATTATATGATCCTGTTGAACTAAGTCAATCTACAAAAGAATTACTTTATGTAGCTTTACGTATCAGTTTAATTAAGGTACTACGACCATATTATCCGTTCCCATTAATTGTTGATGATGCATTTGTTCATTTTGATAAAAAACGTACTGAAAAAATGTTGAATTATTTACGATCATTATCAGAACACTATCAAGTACTATACTTTACATGTGTAAAAGATAATATTGTTCCATCAAAAGAAGTGATTACATTAAACAAAATAGAGGAAGGCGGGAAACGATGAGAAATATAGAGAATCTAAATCCCGGAGATTCAGTTGATCACTTTTTCTTAGTGCATAAAGCTACACAGGGTGTAACAGCACAAGGTAAAGATTATATGACATTACATTTGCAAGATAAAAGTGGTGAAATTGAAGCGAAATTTTGGACGGCTACAAAAAATGATATGGCAACAATCAAGCCTGAAGAAATTGTACATGTTAAAGGTGACATCATAAACTATCGCGGAAATAAACAGATGAAAGTCAACCAAATTAGACTAGCGACAACTGAAGATCAATTAAAAACAGAACAATTTGTAGATGGTGCACCTTTATCACCGGCAGAAATACAAGAAGAGATTTCTCATTATTTGCTAGATATTGAAAATGCTAATTTACAACGTATCACACGTCATTTATTGAAAAAATATCAAGAACGATTTTACACATATCCAGCTGCTAGTTCTCATCATCATAACTTTGCGAGTGGCTTAAGTTATCATGTATTAACGATGTTACGTATTGCAAAATCAATTTGTGACATTTATCCATTGTTAAACAAAAGTTTGTTATATAGTGGCATTATTTTGCATGATATTGGTAAAGTTAGAGAATTGAGTGGTCCTGTTGCGACGTCGTATACAGTCGAAGGTAACTTATTAGGACACATCTCGATTGCGAGTGATGAAGTAGTTGAAGCAGCTCGTGAATTGAATATTGAAGGAGAAGAAATCATGTTGTTAAGACATATGATTTTATCTCATCATGGTAAGTTAGAGTATGGTTCGCCAAAACTGCCATACTTAAAAGAAGCAGAAATTTTATGCTATATCGATAATATCGATGCTAGAATGAATATGTTTGAAAAGGCTTATAAAAAAACTGACAAGGGTCAGTTTACAGATAAAATATTTGGTCTTGAAAATCGTAGATTCTACAATCCTGAATCACTCGATTAAGAATTAAAAGATATCGGACAGATGAGTATACTGAAACATGAGCTCATCTGTCCGATTTTTAATGCGAAAAAACCGAGCGGCCGTGGTATGATTTTTAAACCACGGTCGCTCGGTTTTGTGTTATTGGCTCATGCCGGATTGTCCGCCTTGTGCGCCACCTTGTTTAAGTTTTTCAGGGTTTAAGATTTTATCTTCGACAACTGA
CP129557.1_gap11	457439	462329	4890	AAATCAAGCATTGACTAATCATCAAAACGTTGGTGTGGCAAATCAAGTTGCGCCAGCTCCAATACAGCCTAGTACGTCATCTGCATCAAACAATAATCATTCTGATGCTAATTCAACAGCAACAGAGCCAGCGGCGAATACAAATAATAATTTAGCATCAAATAACAATACATTAAACGTGCCTAATAATACAGATAACAATGATTCAGCGCGTCATCTAACTTTAAAAGAAATTCAAGAAGATGTTCGTCATTCGTCTGATAAGCCAGAGTTAGTTGCGATTGCTGAAGAAGCATCTAATAGACCGAAAAAGAGAAGCAGACGTGCTGCGCCAGCAGATCCTAATGCAACTCCAGCAGATCCAACGGCAGGAAACGGTAGTGCACCAGTTGCAATTACAGCGCCATTCACGCCAACAACTGATCCCAATGCCAATAATATAGGACAAAATGCACCTAACGAAGTGCTTACATTTGATGATAACAACATTAGACCAAGTACGAACCGTTCTGTGCCTACAGTAACCGTTGTTGATAATTTACCAGGCTACACACTGATTAATGGTGGTAAAGTAGGGGTGTTTAGTCATGCAATGGTAAGAACTAGCATGTTTGATTCAGGAGATGCTAAGAACTATCAAGCCCAAGGCAATGTAATTGCATTGGGTCGTATTAAAGGAAATGATACAAATGATCATGGCGGTTTTAATGGTATCGAGAAAACATTAACAGTAAATCCGAATTCTGAATTAATCTTTGAATTTAATACTATGACTACTAAAAACTATCAAGGTATGACAAATTTAATCATTAAAAATGCTGATAACGATACTGTTATTGGTGAAAAAGTAGTTGCTTATGGTCCGATTTGGCGCTTATTAAAAGTACCTGAAAATGTTAGTCATTTAAAAATTCAATTTGTACCTAAAAATGACGCAATAACAGATGCACGTGGTATTTATCAATTACGAGATGGATATAAATACTATGACTTTGTAGACTCAATCGGTCTTCATTCTGGGTCACATGTCTATGTTGAAAGACGTACAATGGAGCCAACAGCAACAAATAATAAAGAATTTACAGTTACAACGTCATTAAAGAATAATGGTAACTTTGGCGCTTCATTCAATACAGATGATTTTGTATATAAAATTCAATTACCTGAAGGTGTTGAATATGTAAATAATTCATTGACTAAAGATTTTCCTAGCGGTAATTCAGGTGTTGATATTAATGATATGAATGTGACGTATGACGCAGCAAATCGAATTATTACAATTAAAAGTACTGGTGGAGGTACAGGGAATTCGCCGGCACGACTTATGCCTGATAAAATATTGGATTTGAAGTATAAGCTACGTGTGAACAATGTGCCAACACCAAGAACAGTAACATTTAATGATATATTAACGTATAAAACATATACACAAGATTTTATTAATTCACCTGCTGAAAGTCATACTGTAAGTACAAATCCATATACTATCGATATCATAATGAATAAAGACGTATTGCAAGCCGAAGTCGATAGACGTATTCAACAAGCGGATTATACATTTGCATCATTAGATATTTTTAATGAACTTAAAAGACGCGCACAAACAATTTTAGATGAAAACCGTAACAATGTACTTTTAAACAAAAGAGTTTCTCAAGCAGATATCGATTCATTAGTAAATCAGATGCAACATACGTTAATTCGAAGTGTTGACGCTGAAAATGCCGTTAATAGAAAAGTTGATGACATGGAAGATTTAGTTAACCAAAATGATGAACTGACAGATGAAGAAAAACAAGCAGCGATTCAAGTCATCGAGGAACATAAAAATGAAATTATTGGGAATATTGGTGACCAAACGACTGATGATGGCGTTACTAGAATTAAAGATCAAGGTATACAGACTTTAAGTGGAGACACTGCAACACCAGTTGTTAAAACAAATGCTAAACAAGCTATACGTGATAAAGCAGCGAAACAAAGAGAAATTATCAATAACACACCAGATGCTACTCAAGACGAAATTCAAGATGCATTAAATCAATTAACAACGGATGAAACAGATGCTATTGATAATGTTACGAATGCTACTACCAATGCTGATGTTGAAACAGCTAAAAATAATGGTATTAATACAATTGGTGCAGTTGCGCCACAAGTGACACACAAACAAGCAGCAAGAGATGCAATTAACCAAGCGACAGCAACGAAAAGACAACAAATAAATAGCAATAGAGAAGCAACACAAGAAGAGAAAAATGCAGCATTGAATGAATTAACGCAAGCCACGAACCACGCATTAGAACAAATCAATCAAGCGACAACCAATGATGATGTAGATACTGCCAAAGGTGATGGTCTGAATGCCATTAATCCTATTGCGCCTGTAACTGTTGTCAAGCAAGCAGCAAGAGATGCTGTATCACATGATGCACAACAGCATATCGCAGAGATCAATGCAAATCCTGATGCGACTCAAGAAGAAAGACAAGCAGCAATTGAGAAAGTAAATGCTGCTGTAGCTGCTGCGAATACTAATATTTTAAATGCTAATACCAATGCTGATGTTGAGCAAGTAAAGACAAATGCAATTCAAGGTATACAAGCCATTGAACCAGCTACAAAGGTTAAAACAGATGCTAAAAACGCTATTGATCAAAGTGCGGAAACGCAACATAATGCGATATTTAATAATAATGATGCGACCTTAGAAGAGCAACAAGCAGCACAACAATTGCTTGATCAAGCTGTAGCCACAGCGAAGCAAAATATTAATGCAGCAGATACGAATCAAGAAGTTGCACAAGCAAAAGATCAGGGCACACAAAATATAGTTGTGATTCAACCGGCAACACAAGTTAAAACGGATGCACGCAATGCTGTAAATGATAAAGCGCGAGAGGCGATAACAAATATCAATGCTACACCTGGCGCGACTCGAGAAGAGAAACAAGAAGCGATAAATCGTGTCAATACACTTAAAAATAGAGCATTAAATGATATTGGTGTGACGTCTACTACTGCGATGGTCAATAGTATTAGAGACGATGCAGTCAATCAAATCGGTGCAGTTCAACCGCATGTAACGAAGAAACAAACTGCTACAGGTGTATTAACGGACTTAGCAACTGCTAAAAAGCAAGAAATTAATCAAAATACAAATGCAACTGATGAAGAAAAGCAAGTAGCATTAAATCAAGTAGACCAAGATTTAGCAACGGCAATTAATAATATAAATCAAGCTGATACTAATGCAGAAGTAGATCAAGCGCAACAATTAGGTACAAAAGCAATTAATGCGATTCAGCCAAATATTGTAAAAAAACCTACAGCATTAGCACAAATCAATCAGCATTATAATGCTAAATTAGCTGAAATCAATGCTACACCAGATGCAACAGATGATGAGAAAAATGCTGCGATCAATACTTTAAATCAAGACAGACAACAAGCTATTGAAAGTATTAAACAAGCGAATACAAATGCGGAAGTAGACCAAGCTGCGACAGTGGCAGAGAATAATATCGATGCTGTTCAAGTTGACGTTGTAAAAAAACAAGCAGCGCGAGATAAAATCACTGCTGAAGTGGCGAAGCGTATTGAAGCGGTTAAACAAACACCTAATGCAACTGACGAAGAAAAGCAGGCTGCTGTTAATCAAATCAATCAACTTAAAGATCAAGCATTTAATCAAATTAATCAAAACCAAACAAATGATCAGGTAGACGCAACTACAAATCAAGCGATTAATGCTATAGATAATGTTGAAGCTAAAGTAGTAATTAAACCAAAGGCAATTGCAGATATTGAAAAAGCTGTTAAAGAAAAGCAACAGCAAATTGATAATAGTCTTGATTCAACAGATAATGAGAAAGAAGTTGCTTTACTAGCATTAGCTAAAGAAAAAGAAAAAGCACTTGCAGCTATTGACCAAGCTCAAACGAATAGTCAGGTGAATCAAGCGGCAACAAATGGTGTATCAGCGATTAAAATTATTCAACCTGAAACAAAAGTTAAACCAGCAGCACGTGAAAAAATCAATCAAAAAGCGAATGAATTACGTGCGCAAATTAATCAAGATAAAGAAGCGACAGCAGAAGAAAGACAAGCGGCGTTAGATAAAATCAATGATTTAGTTGCTAAAGCTATGACAAATATCACGAATGATAGAACAAATCAGCAAGTTAATGACTCAACAAATCAAGCGCTTGACGACATTGCATTAGTGACGCCTGACCATATTGTTAGAGCAACTGCTAGAGATGCAGTTAAGCAACAATATGAAGCTAAAAAGCACGAAATTGAGCAAGCGGAACATGCGACTGATGAAGAAAAACAAGTTGCTTTAAATCAATTAGCGAATAATGAAAAACGTGCATTACAAAACATCGATCAAGCAATAGCGAATAATGATGTGAAACGTGTTGAATCAAATGGTATTGCTACGTTAAAAGGCGTAGAACCGCACATTGTGGTTAAACCTGAAGCTCAAGAAGCCATAAAAGCGAGCGCAGATAACCAAGTAGAATCTATAAAAGATACACCACATGCTACGACTGATGAATTAGATGAAGCAAACCAACAAATAAACGACACACTTAAACAAGGTCAACAAGATATAGACAATACGACACAAGATGCAGCTGTCAATGATGTTAGAAATCAAACGATTAAGGCAATCGAACAAATTAAACCGAAAGTTAGACGCAAACGTGCAGCGTTGGATAACATTGATGAAAGTAATAATAATCAACTCGATGCAATACGAAATACGCTAGATACAACGCAAGATGAACGAAATGTTGCTATTGCTGCGTTAAATAAAATTGTTAATGCAATTAAAAATGATATTGCACAAAACAAAACGAATGCAGAAGTGGATCAAACTGA
CP129557.1_gap12	483450	484112	662	TAATTAATAATTAAACAAATGCACTTAAATGAGGTTGTTACTTATTTAAGTGCATTTGTTATAGGAGGATATACAAATGACGCAACAACAAAATAATAAAAGAACATTAAAAAATAAACACACTTATCAAAATGAACCATTACCAAACCGTAAAGATTTTGTTGTTAGTTTTATAACTGGCGCGCTTGTTGGTTCAGCTTTAGGCTTATATTTTAAAAATAAAGTTTATCAAAAAGCAGATGATTTAAAAGTCAAAGAACAAGAACTGTCGCAAAAGTTTGAAGAAAGAAAAACGCAACTTGAAGAAACGGTTGCCTTTACAAAAGAACGTGTTGAAGGATTTTTAAACAAATCTAAAAATGAACAAGCGGCATTGAAGGCACAACAAGCAGCAATAAAAGAAGAAGCAAGTGCAAATAATTTAAGTGATACATCACAAGAGGCACAAGAAATTCAAGAAGCTAAAAGAGAAGCACAAGCAGAAACGGATAAAAGTGCAGAAGTATCAAATAAAGAATCAAAAGCAGTGGCATTGAAAGCACAACAAGCAGCGATAAAAGAAGAAGCAAGTGCAAACAATTTAAGCGATACATCACAAGAGGCACAAGAAATTCAAGAAGCTAAAAGAGAAGTACAAACAGAAACAGATAAAAGTGCAGAAG
CP129557.1_gap13	485852	490598	4746	ATGTATCACGTAAGTTGAAACCTGAAGATACGATTGTAACATTTGATAATGGGGGCATTATTGGAGACGGCAATAAATCATTTGTATTTGGGCCATGTTCAGTTGAATCATTTGAACAAGTTGAAGCTGTTGCTAAAAACTTACATGCTAAAGGTGAAAAATTTATTCGTGGCGGTGCATTTAAACCACGTACATCACCATATGATTTCCAAGGTTTAGGTGTTGAAGGTCTTAAGATACTTAAACAAATTAAAGATAAATATGATTTAAATGTTGTCAGCGAAATCGTAAATCCAAATGATTTTGAAGTGGCTGATGAGTATTTAGACGTATTCCAAATTGGTGCACGTAATATGCAAAACTTCGAGTTATTAAAAGAAGCTGGCCGTACGAAAAAGCCTATTCTATTAAAACGTGGTTTATCTGCTACAATCGAAGAGTTTGTTTATGCAGCTGAATACATTGCTTCACAAGGTAATCAAAACATTATTTTATGTGAACGTGGAATCCGAACTTATGAAAAGGCGACACGTAACACTTTAGATATTTCAGCAGTACCAATTTTAAAACAAGGTACACACTTACCAGTCATGGTAGATGTTACGCATAGTACAGGTCGTAAAGATATCATGTTACCAACTGCGAAAGCAGCATTAGCAGTAGGTGCTGATGGCGTTATGGCTGAGGTGCATCCAGATCCATCTGTTGCACTTAGTGATGCGGGTCAACAAATGGACTTAGATGAATTCCAAGCATTTTATGATGAATTAAAGCCTTTGTCTGATTTATATAACGCTAAAAAGTTAAAATAATATTTCAAGGAAACTATAGACTACTTAACTAATAAGTCATGTTGAAGTAGAATATTATCTTTGAATCGACAATTTTAAACTTGTAGCCATTCTAAGAGTATATTACTTTTAGAGTGGCTATTATTTTTTGTATAGAAATAAAGGTATACTGCACTTAACGATTGTTATAATACTTCGACATTTGTTCAATTTCACAATTATTAAAGATTATGACTGATAGCAGTAATTAAAATTATAACTATGAATTATCTGTAAAATATAATAGATTCACACATTTGTTACTGAAATGTGAACATTTTTCAACAAATGCAATTGATATTTGAAAAGGCTTTCTCAAAATATTACAATTAAAAATGAAAAAAGTTTATATAAAATTAAAATATATCGTTCGTTATCATTTAGCGTTTGTTTTTATTTCAGGCTTTTCGCTAAATTTTTCCAAACAAAAATATGTTACTGTAAATTAAAATATGGTAAACTATGAAAATGAAATGAAAACATGTTATTATAATGAATAAAACGTTTACAAGGAGGAAATTATGACAGTTACTATATATGATGTAGCAAGAGAAGCGCGTGTCTCTATGGCCACAGTATCGCGTGTTGTTAATGGGAACCAAAATGTTAAAGCAGAAACTAAAAATAAAGTTAACGAAGTCATTAAGCGTTTGAATTATCGTCCAAATGCTGTTGCTAGAGGTTTAGCTAGTAAAAAGACAACAACAGTAGGTGTGATCATTCCAGATATATCTAATATCTATTATTCACAACTTGCTCGTGGACTTGAAGATATTGCAACAATGTATAAATATCACTCAATTATTTCAAATTCAGATAACGATCCTGAAAAAGAAAAAGAAATTTTTAATAACTTATTAAGTAAACAGGTTGATGGTATTATTTTCCTTGGTGGTACAATTACTGAAGAAATGAAAGAATTGATAAATCAATCATCTGTACCTGTAGTAGTATCAGGAACAAATGGTAAGGATGCACATATAGCATCTGTTAATATTGATTTTACTGAAGCTGCGAAAGAAATTACGGGAGAATTAATTGAAAAAGGCGCTAAATCATTTGCTTTAGTAGGTGGAGAGCATTCTAAAAAAGCACAAGAAGATGTATTAGCAGGTTTAACTGAAGTGTTAAATAAAAATGGTCTTCAATTAGGTGATACATTGAATTGTTCTGGTGCTGAAAGTTATAAAGAAGGCGTAAAAGCTTTTGCTAAAATGAAAGGTAATCTTCCAGATGCTATATTATGTATCAGTGACGAAGAAGCTATTGGTATCATGCATAGTGCAATGGATGCTGGTATTAAAGTTCCAGAGGAATTACAAATTATTAGTTTCAATAATACACGCTTAGTTGAGATGGTTAGACCACAACTTTCTAGTGTTATTCAGCCATTATATGATATCGGTGCAGTAGGGATGCGCTTATTAACAAAATATATGAACGATGAAAAGATAGAAGAACCAAATGTAGTTTTACCACACAGAATTGAATACCGAGGAACTACAAAATAAATTCACTAAATTAGGCATTCATCTAACGACTCGACTTATACGGGTGTTGGAAGAATGCCTTTTATTTATCTTTTAAAATCGTTGCAGATTAGGTGACTTATTGACGAGTAGATTCGTACCAACTCGCTATATGCAAAGCTAATTTTTTATTTTTCTCACTAATTTCTTTTGTGCGGGGGACATAGGTATAATCATTTAAACGATCTTCCCATCTTTTAGGTAATAATTCAGATGAATAATGTTTCCATTTATTAATCCATTCTAACGGTAAATAACCACTTTGAATTGGTTGATCTATTAAACTTAAGAATACATGACTCCATGCACGTGGTACGACTCTCCAAATATTGTAGCCTCCGCCACCAAACATAATTACCTTTCCATTCGTATAAGTATCTGCTAAATATTTTACAAAATATGGAATTTCATATAATGAGTGTAACGTACAATTTAGATGAGTTAGTGGATCACGATAATGTATATCGACACCATTTACGCTTAGAATAATATCAGGTTTAAAACTCTTTACGACAGGCTCAACTGTTAAGTTAAAACACTCCAAAAATGATGCATCTTCGGTATACGGTTCAAGTGGGACATTTACAGTGTGTCCATAGCCGATATCTTCACCGCGCTCAGTATAGTGACCAGAGCCTGGGAAAAGAAACTTTCCGGTTTCATGGATAGAATAAGTAGTAACATGATTATCAGCATAGAAACTCCATTGTGTACCATCTCCATGATGTGCATCGGTATCTATGATTAAAACGCGTTGATTGTATTCTTTAGCTAAGTATTGTGCGGTAATTGCAATATCATTGTATATACAAAAACCACTAGCTCGACCAGGTTGAGCGTGATGCAAACCACCACCCAAGTGACAACCATTTAATACTTTGCCTGACATAATAAGATCTGCTAAAGTTAAAGCACCTCCAACAATTGTGGCACTATGGGTGTGCATATGCTTAAATTGACCATTCTCTTCATCATTTAATCCATATTTCTTAGCCTCATCTTCACTGATAATGCCATGTGAAGCATGCTTAATAGCTTCGACGTAATCATATTTATGAATTAACATTAATTCGTCATCTGTTGCAATTCTAGGTTGTACTATTTGTTCTGGAGACAATAAATTTGTATTCAAAAGTAGCTCTGTTGTTAATTTTAAACGCATTTGATTGAAGGGATGTTGGTCATGAAATCGATATTGTAATAACTTATCTGAATATACATATGCAGTTTTTGATAAATGTTGTTGCATATAATCCCTCCGATATTCCAAAAATTAAAAGAAAAACCGATTCATATAACGAATATCATCAAACGCTTGTTGCTGTTCTAATGTAATATTTTTGCCAATTCTTGCCATTAAACAATTAGCTGGATGACTTGTTATTTCTGGATCATCTGTAGCGAATATTTCAAGTCCACCAGTTGCCATTAACCGCTGCATTAATTTTTTATAGTCAAATACATCTAACTTTGAATTTTTTAAATCCCAATGCCAGTAATATTCAGTAGTTATAACGATATAATCCTCGAATTCTGGTGTAGAAAGGCTAAGTTGTATTAGCTTTTCTGCAAGTTGTAATTGCCTAAAATTGATGCTGACTTCAATTGCCCCCAATTCGATTAAATATGGAAGGTTACCTGTAGACCAGCGCTCAATTTCATCAGGATAGTGAAAAGTGACATAACCCACAATGAGTTGATCTTGGCGAGCAACATAAATTCTACCTTCTGGTAATGTTGTAATTTCTAACAAAGCTTCATACTGATCTTCAGAATCTCTAAATGCGGTTAAATGCACATCGAAAGTAAGCGCTTTCAAATCTTCGTGTGTTAAAGGACCTTCAATAACAAATTGCTTGTCATGAATGTAATAATCTTCGGATTGATACGTCTTTAAATGATTCATATTTTCAACTCCTCAATCGACGTCGTGATTGTATTAAATTCATTATATAGAAAATTTACAATAATTAATACTAGAAAAAGGATAAAAGTAAAAATTTTGAATAATTAGAAATGTTATGTATAATATTGAGAAAGAAAGCGTTTTCACATAACAAAGGGGGAGTTTCAAATGAAAGTAGAAGTTTATAAAGGAGCGCAAGGCAAACATAACCTTAAAGATTATGAAGAAACATATAATACTTTTGATTGGAAAGACGTAGAACAAGCATTTTCTTGGAGTGAAACTGGAAAAATGAACATGGCATATGAATGTATAGATCGCCATGTAGATCAAGGATTAGGGGATAAAATAGCGTTAAATTACAAAGATGAGCACAGAAAAGAATCGTATACTTATAAAGATATGCAGCGGTTATCTAATAAAGCAGCGAATGTTTTGTCTGAACATGCAGAAGTTGACAAAGGTGACAGAGTATTTATAT
CP129557.1_gap14	504040	505714	1674	TTCATGTATCAAGATGAGCCTGTCGAATTGAAGTTGCAAAATATAAGCACAAACTTAGCAGACCGTTTTAATTTAAATGAACAACTACCTTTACAATTTTTGGATAATGTAAAAGTTGGTAAAAATAATATTTATGCTGCTTTGGAAGAGTTTGCAACAACAGAGTTACATGTTTCGGATGCTAATTTATTTAGTTTGAAGGGTGCATTATGGACGTTAGCGCAAGAAGTTTATCAAGAATGGTATTTAGGATCGAAGTTGTATGAAGAGGTTGAAAAGAAAATAGCACGAACTACTTTTAAGACAGGTTATATTTATCAAGAAATTATTTTGAGACCGGTAGATGAAGTTAAGGTACTTCTGAATGATTTAAAAGGTGCTGGTTTCGAATTAGGTATAGCAACAGGTCGTCCTTATACTGAGACTGTTGTGCCATTTGAAAATTTAGGATTGTTACCATATTTTGAAGCTGATTTTATTGCAACAGCAAGTGATGTTTTAGAAGCAGAGAATATGTATCCGCAAGCACGACCATTAGGAAAGCCAAATCCTTTTAGTTATATCGCAGCTTTATATGGTAATAAACGCGATAAATATGTATCTTATATCAATAAGCAAGATAACATTGTAAATAAAGATGACGTATTTATAGTAGGCGATTCGTTAGCTGACTTATTAAGTGCTCAAAAAATAGGTGCAACGTTTATTGGAACATTAACAGGTTTAAAAGGAAAGGATGCTGCAGGCGAGTTAGAAGCGCATCATGCCGACTATGTTATTAATCATTTAGGTGAACTTAGAGGTGTACTAGATAATTTGTAATTTGATTGTTGTTTGATAGCATAGCTTGAAGTTAATGATTGAAACAAAGGTTTCATATTGAGTTACAATGAAATTAATAATGAAAAAATGCCAAGAAGCAATGGAAGTAATCCAATGTCTTCTTGGCATTTTGAATTTACATAAATTGTTTATGACTGTACCGTCAATTCAGTTGTGAAAATTTGATTGTATTCACCAACTTGTTTAAGTTCATCAATTATATTGTTTGAAACAGGTTGATCAACGGATAAAATCATTAGCGCATCTCCGCCCGCTTCAGTTCTACCTAAAGTCATAGATGCAATGTTGATATTGTATTTACCTAACAATGCGCCAGTTTTACCTACCATACCCGGGGTATCATTATGATATGACACAATTTGATATTGATTTGGCTTTAAGTCTACAGAAAAATTATTAATTCTAACAATTCTTGGACCGAAACCTGTAAAGACAGAAGCGCCAACTTTAACGGAATCGCTATCGTTTGATAGTTCTACCTCTAAGTAGTTACTAAAACCTGTCTCTGCTTTATTATTTTCAATATTTAATGTCACTTGTTGTTGATTTAACAACATTAGAGCATTGATAATATTGACTTCAGGACCAAGATCATCTTTTAAAATATGAGTAATAATTGTACGTGTTAATAAACTACTATCGATAGAGGCTAAGTCGCCACCGTAAGTAATTTTAATAGAGCTTGGTGCATTATACATTAATTGAATAGCTAATTCACCAACTGTTTGGCTTAAATTGATGAATGATTTTACAGTATCATCTATATTGCTTAAGTCCATTTTAGGTGCATTCACTGCATGCGTTACAGTACCATCAATTAAAATTTCGATG
CP129557.1_gap15	526216	528843	2627	AAACATATCAAGATGCGCTTGTAATTGTATGTGATACTGCCAATGCTCCACGAATTGACGATGAACGTTATAGTACAGGTCGTAAACTTATTAAAATAGATCATCATCCTGCAGTTGATCAGTATGGTGATATTAATCTAGTTAATACGAACGCGTCATCTACAAGTGAAATCATTTATGATTTAATCTCACATTTTAATGATGAAGCAATTGTTAATAAAGATATCGCGAGTGTTTTATACCTTGGTATCGTCGGTGATACTGGGCGATTCCTTTTTAACAATACCTCAGAACATACTATGGAAATTGCTGGAAAGTTAATTGGGCATGATATTGATCATAATGCGCTTTTAAATAAAATGATGGAAAAGGATCCAAAAATGTTGCCGTTTCAAGGTTATGTTTTACAACATTTCGAACTTATGGATGACGGATTCTGTCAAGTTAAAATAACTGAAGATGTATTGAAGCAATTCGGTATTCAGCCAAATGAAGCATCTCAGTTTGTTAATACAATTGCTGACATCAAAGGTTTGAAAATATGGGTGTTTGCAGTTGATGAGGGTAGTGAAATAAGATGTCGCTTACGCTCTAAAGGGCAATTGATTATTAATGATATTGCGCAAGATTTTGGTGGCGGTGGTCATCCGAATGCGTCAGGAGTTTCAGTGAACAGCTGGGATGAATTTGAGCAACTTGCTAAAGCTTTGCGCACGAAACTTAACTAATAGAAAGGGGCCATTCAATCATGGTGGCATATTTAAATATTCATACGGCTTATGATTTGTTAAATTCAAGCTTAAAAATAGAAGATGCCGTAAGACTTGCTGTGTCTGAAAATGTTGATGCACTTGCCATAACTGACACCAATGTATTGTATGGTTTTCCTAAATTTTATGATACATGTATTGCCAATAATATAAAGCCGATTTTTGGTATGACAATATACGTGACAAATGGATTAAATACAGTCGAAACAGTTGTTCTAGCAAAAGATAATAATGGTCTGAAGGATTTATATCAACTATCATCGGAAATAAAAATGAATGCATTAGAACATGTGTCGTTTGAATTATTAAAGCGATTTTCTAACAATATGATTATCATTTTTAAAAATGTTGCAGACGAACATCGTGACATTGTTCAAGTTTTTGATTCGCATGAAGATACGTATTTAGATCATCGAAGTGTTTTAGTTCAGGGTATAAAGCACGTATGGATTCAAGATGTATGTTATCAAACACGACATGATGCAGATACAATTTCTGCACTCGCAGCGATAAGAGATAATACAAAATTAGACTTAATTCATGATCAAGAAGATTTTGGTGCACATTTTTTAACTGAAAATGAAATTCAACAACTTGATGTGAATCCAGAATATTTCACACAAGCTGACAGGATAGCTCAAAAGTGTGATGCAGAATTAAAATATCATCAATCTCTACTTCCTCAATATCAGGCACCTAATGATGAATCAGCTAAAAAATATTTGTGGCGTGTCTTAGTTACACAATTGAAAAAATTAGAACTGAATTATGACGTCTATTTAGAGCGATTGAAATATGAGTATAAAGTTATTACTAATATGGGTTTTGAAGATTATTTCTTAATAGTAAGTGATTTAATCCATTATGCGAAAACCAATGATGTGATGGTAGGACCAGGTCGTGGTTCATCTGCAGGGTCTCTGGTCAGTTATTTATTGGGAATTACAACGATTGATCCGATTAAATTCAATCTATTATTTGAACGTTTTTTAAACCCAGAACGTGTAACAATGCCTGATATAGATATTGACTTTGAAGATACACGCCGAGAAAAGGTCATTCAGTACGTCCAAGAAAAATATGGCGAGTTACATGTATCTGGAATTGTGACTTTCGGTCATCTACTTGCAAGAGCGGTTGCTAGAGACGTTGGACGAATTATGGGGTTTGATGAAGTTACATTAAATGAAATTTCAAGTTTAATCCCACATAAATTAGGAATTACACTTGATGAAGCATATCAAATTGACGATTTTAAAAAATTTGTACATCGAAACCATCGACATGAACGCTGGTTCAGTATTTGTAAAAAGTTAGAAGGTTTACCAAGACATACATCTACACATGCGGCAGGAATTATTATTAATGACCATCCATTATATGAATATGCCCCTTTAACGAAAGGGGATACAGGATTATTAACGCAATGGACAATGACTGAAGCCGAACGAATTGGGTTATTAAAAATAGATTTTCTAGGGTTACGAAATTTATCAATTATCCATCAAATTTTGACTCAAGTCAAAAAAGATTTAGGTATTAATATTGATATTGAAAAAATTCCATTTGATGATCAAAAAGTGTTTGAATTGTTGTCGCAAGGAGATACGACTGGCATATTCCAATTAGAGTCTGACGGTGTAAGAAGTGTATTAAAAAAATTAAAGCCGGAACACTTTGAGGATATTGTTGCTGTAACTTCTTTGTATAGACCAGGTCCAATGGAAGAAATTCCAACTTACATTACAAGAAGACATGATCCAAGCAAAGTTCAATATTTACATCCCCATTTAGAACCTATATTAAAAAATACTTACGGTGTTATTATTTATCAAGAACAAATTATGCAAATAGCGA
CP129557.1_gap16	531990	533725	1735	AAGGCTCTAAATGGTTAGAACAGAGGTTATTTGGAGGTTTTCCTATGTTTAAAGATTTTTTTAATCGAACAAAGAAAAAGAAATATCTTACAGTACAAGACTCTAAAAATAATGATGTGCCTGCAGGTATTATGACTAAGTGTCCAAAGTGTAAGAAAATTATGTACACAAAAGAATTAGCTGAAAATTTAAATGTGTGCTTTAATTGTGATCATCATATTGCTTTAACTGCGTATAAACGTATAGAAGCAATTTCTGATGAAGGATCATTTACAGAATTCGATAAGGGAATGACCTCTGCGAATCCATTAGATTTTCCAAGTTATTTAGAAAAAATTGAAAAGGACCAACAAAAGACAGGTCTTAAAGAAGCAGTAGTGACTGGTACAGCGCAACTAGATGGTATGAAATTTGGCGTTGCTGTCATGGATTCACGTTTTAGAATGGGAAGTATGGGATCGGTTATTGGTGAAAAGATATGTCGCATCATTGATTACTGCACTGAGAACCGTTTACCATTTATTCTTTTCTCTGCAAGTGGTGGCGCACGTATGCAAGAAGGTATTATTTCCTTGATGCAAATGGGTAAAACCAGTGTATCTTTAAAACGTCATTCTGACGCTGGACTATTATATATATCATATTTAACACATCCAACTACTGGTGGTGTATCTGCAAGTTTTGCATCAGTTGGTGATATAAATCTAAGTGAGCCAAAAGCATTGATAGGTTTTGCAGGTCGTCGAGTTATTGAACAGACAATAAACGAAAAATTGCCAGATGATTTCCAAACTGCAGAATTTTTATTAGAGCATGGACAATTGGATAAAGTTGTACATCGTAATGATATGCGTCAAACATTGTCTGAAATTCTAAAAATCCATCAAGAGGTGACTAAATAATGTTAGATTTTGAAAAACCACTTTTTGAAATTCGAAATAAAATTGAATCTTTAAAAGAATCTCAAGATAAAAATGATGTGGATTTACAAGAAGAAATTGACATGCTTGAATCGTCATTGGAACGAGAAACTAAAAAAATATATACAAATCTAAAACCATGGGATCGTGTGCAAATTGCGCGTTTGCAAGAAAGACCTACGACCCTGGATTATATTCCATATATCTTTGATTCGTTTATGGAACTACATGGTGATCGTAATTTTAGAGATGATCCAGCAATGATTGGTGGTATTGGCTTTTTAAATGGTCGTGCTGTTACGGTTATTGGACAACAACGTGGAAAAGATACAAAAGATAATATTTATCGAAATTTTGGTATGGCTCATCCAGAAGGTTATCGAAAAGCACTACGTTTAATGAAACAAGCTGAAAAATTCAATCGTCCAATCTTTACATTTATAGATACAAAAGGTGCATATCCTGGTAAAGCTGCTGAAGAACGTGGACAAAGTGAATCTATTGCAACAAATTTGATTGAGATGGCTTCACTAAAAGTACCAGTTATTGCGATTGTCATTGGTGAAGGTGGCAGTGGAGGTGCCCTAGGTATTGGTATTGCCAATAAAGTATTGATGTTAGAGAATAGTACTTACTCTGTTATATCTCCTGAAGGTGCAGCGGCATTATTATGGAAAGACAGTAATTTGGCTAAAATTGCAGCTGAAACAATGAAAATTACTGCCCATGATATTAAGCAATTAGGTATTATAGATGATGTCATTTCTGAACCACTTGGCGGTGCACATAAAGATATTGAACAACAAGCTTTAGCT
CP129557.1_gap17	535334	539757	4423	ATCATTGAACTTGAACGTGGTAACGAAGTTATTGTTAGCATGAATGAAGTTGAAGGAACACCTGAAAAGTTCTCTGTAACTTATGAAAACTTAATTAACGATGTTCAAGTAGGTTCATACATTTTACTTGATGATGGCTTAATTGAATTACAAGTTAAAGATATTGACCATGCTAAAAAAGAAGTTAAATGTGATATTTTAAACTCTGGTGAGCTTAAAAACAAAAAAGGTGTTAACTTACCTGGTGTAAGAGTTAGTTTACCTGGTATTACAGAAAAAGATGCTGAAGATATCCGTTTCGGTATTAAAGAAAATGTTGACTTCATTGCAGCAAGTTTCGTACGTCGTCCTAGCGATGTTTTAGAAATTCGTGAAATTTTAGAAGAACAAAAAGCTAACATTTCAGTATTCCCTAAAATTGAAAACCAAGAAGGTATTGATAATATTGAGGAAATTCTTGAAGTGTCTGATGGTTTAATGGTTGCACGTGGTGACATGGGTGTTGAAATTCCACCTGAAAAAGTACCAATGGTTCAAAAAGATTTAATCAGACAATGTAACAAATTAGGTAAACCAGTTATTACAGCTACACAAATGTTAGATTCTATGCAACGTAACCCACGTGCTACACGTGCAGAAGCTAGTGACGTTGCCAACGCAATCTATGATGGTACAGATGCAGTAATGTTATCTGGTGAAACTGCTGCTGGTTTATATCCTGAAGAAGCTGTTAAAACAATGAGAAATATTGCTGTATCAGCTGAAGCAGCCCAAGATTACAAAAAGTTATTGTCAGATCGTACTAAATTAGTTGAAACTTCATTAGTGAATGCTATCGGTATTTCGGTTGCACATACAGCTTTAAACTTAAATGTTAAAGCAATTGTAGCTGCTACTGAAAGTGGTTCAACGGCACGTACTATCTCTAAATATCGTCCGCATTCAGACATTATTGCAGTGACTCCAAGTGAAGAAACTGCACGTCAATGTTCAATTGTTTGGGGTGTTCAACCTGTAGTTAAAAAAGGACGTAAGAGTACAGATGCATTGTTAAACAATGCAGTTGCAACAGCTGTTGAAACTGGTAGAGTAACTAATGGTGATTTAATCATTATTACTGCTGGTGTACCAACTGGTGAAACTGGAACTACTAATATGATGAAAATCCACCTAGTTGGTGACGAAATTGCTAATGGTCAAGGTATTGGACGTGGATCAGTTGTTGGTACTACGTTAGTTGCTGAAACTGTTAAAGATTTAGAAGGTAAAGATTTATCTGACAAAGTTATCGTTACAAACTCAATCGATGAAACGTTTGTACCTTATGTAGAAAAAGCGTTAGGCTTAATTACAGAAGAAAATGGAATTACATCACCAAGTGCAATTGTTGGTTTAGAAAAAGGTATTCCAACAGTTGTAGGTGTAGAAAAAGCTGTTAAAAACATAAGCAATAACATGTTAGTTACGATTGATGCTGCTCAAGGTAAAATCTTTGAAGGATATGCAAACGTACTATAATTTATAAAAAAACGTCTTTCCATTTATCAACAATGGAAAGGCGTTTTTTGGTTCATCTGGTATTTTATGACGTAATTAATAGGATATTTGATAATGATAATGTATGAATAGCAATCTATATAAATGTTTATATCTTTTATACATGTACATTTTCACCTTTAAACTTTCACTCATATTAATTTGGAAAGTTATTATAAAATAGAAGTATGGATGTATCTCTAAAATGATACATTATTCAATAGATGAGAAAAAGTATTGAGGCAAGTACGCAATTTAATATTATAAGTTGCATATAAAAACCCCTGTTGAACTTTAATATATTCAACAGGGGTAAAACTTGTTTTTAGTTATTTGATTTAGCAGCGATACGTTTATATCTTAAGTACATAAATCCTAATAGTATAAACCAAATCGGAATAAAGTATATCGCACGTCTTGTTTCAACGTTGATAAACAATAGTCCAAACACAAATATAAAGAATACAAAAATGAGATAGCCCATATATTTTCCGCCAAATAATTTATACGTAGCCTTTTTATGAAGATCTGGATTTTTACGACTATAATTGATATAAGCGATGATAATCAGTCCCCAAACAACTAAGAATAATACTGTAGAGATTGTTGTCACATACGTAAATACCTTAGTAGCATCAGGGAAAATATAGTTTAATAATGCTGCCACGAGTAACAATGCTGATGAAGCAAAGATCGCTACATGTGGAACGCCATACTTATTCGTCTTAGAGAAATTCGGTGGTGCTTGTTGTTGACTTGATAAACCGAACAGCATACGACTATTCGAGAAAATACCACTGTTACATGATGAAGCAGCAGCAGTTAGTACTACAAAATTAATCAAGCCTGCAGCAAATGGAATTCCAATTAATGCGAATAATTTTACGAATGGACTGTTATCAGGATCAACTTGTTGCCAAGGAATAATCGACATGATAACCGCTAGAGCACCGACATAAAATATTAAAATTCTAATAGGAACACTATTAATCGCTTTTGGTATTGTTTTAACAGGATCTTTCGTTTCACCTGCCGTAACACCAATCATTTCGATTCCCACGAATGAGAATAAGGCCATTTGGAATGACATAAAGAATCCAGATGCTCCTTTAGGGAATACACCGTGCTCGTATAGGTTCGTGAAACTCGCATGTCCAAATTGAGTTTTATATGCAAATAGAATCATAACGAAACCTACGACAATTAAACCAATGATTGTTGCTATTTTAATGATAGAGAACCAAAATTCTAACTCTCCAAATAGTCTCGCACTCAATAAGTTAAAAGACATTAATAACAATACGCAAAAAAGTGCACTAATCCAGTTTGGAATTTCTGGGAACCAGAAGCTTACATACTTTGCTACAGCTGTTACTTCAGCCATACCTGTAATAATCCAACAGAACCAGTATGTCCAACCGGTTACGAATCCTGCAAAAGGCCCAATGTATGTATTGGTTACATCTGCGAAAGATTTAAATTCAGTATTTTGAATGATGATTTCACCTAAACCTCGCATAAACATAAATAACATAAATCCAATAATGATATATGTTAGTAATATAGAAGGGCCAGTTAATGCAATCGTTTGACCAGCGCCTAAGAATAGCCCTGTACCAATTGCGCCACCAATAGCAATTAATTGAATGTGGCGATTGCTCAGTTCCCTTTGTAATTTTTCAGCCATAATACATCTCCCTTAAATATAGATATGTTTATTATGCACTTATATTAGGATATATACAATTATTTTCGGTAAAAATGTGTAAAATTCCATGTTAATATACTTTGGATTTTATAATCATATATAATAACCAATTGAAAATTTTATTCTATGCTAAAAGTTGGTGATGAATATAATCTTGAAAAAGCTTTAATGGTGCTATTTGTGGCCATTCTGTGACATTTACATAGATTTACAAAATAATTGTTGCACATATAATGCCAGTTTTTATATTTCACAAACGAAATGCGTTTAGCTATAATATTAGTTGAAAGCCATTTCATAAAGAAACAGTAAAGGGGAAATTTATCATGGCAGAATTACAAAGAGGTTTAGAAGGGGTTATCGCAGCGGAGACTAAAATAAGTTCAATTATTGAAAGTCAATTGACTTATGCCGGCTATGATATTGATGATCTAGCTGAAAATGCGCAATTTGAAGAAGTTATTTTCCTATTATGGAACTATAGATTGCCAAATGAAGAAGAGCTTGCTCATTTAAAGGGGAAATTAAATCAATACATGACATTAAATCCTCGTGTGTATACACATTTTGAGGAGTATGTTACAGATCACGTGCATCCAATGACAGCATTACGTACGTCATTATCATATATTGCACATTTCGATCCTGATGCTGAAAATGAATCAGATGAAAATCGTTATGAAAGAGCAATGCGTATACAGGCTAAAGTAGCATCATTAGTTACAGCGTTTGCTCGAGTAAGACAAGATAAAGAACCACTTAAGCCTAATCCTGACTTAAGTTATGCAGCAAACTTCCTATATATGTTACGTGGGGAATTACCAACAGATATAGAAGTGGAAGCCTTCAATAAAGCGCTTATTTTACACGCTGATCATGAGTTGAACGCATCTGCATTTACAGCACGTTGTGCGGTATCTTCATTGTCAGATATGTACTCAGGTATTGTAGCAGCTGTAGGTTCTCTGAAAGGGCCATTACATGGTGGTGCAAATGAACAAGTTATGACGATGTTATCTGAGATTGGGTCAATTGAAAATGTTGATGCTTACTTAGATGAAAAATTTGCTAATAAAGATAAAGTAATGGGCTTCGGTCATCGTGTATATAAAGATGGTGATCCTAGAGCGAAATATTTAAGAGAAATGAGCCGTCAAATTACGAAAGACGCTGGTCGTG
CP129557.1_gap18	549070	552701	3631	TACGTTATAAATCAAAAAATTGAACACGTTATATTTTCTGATAAAGTAATTGAAGGTAAAGCTCAAGGCAAGGAAACAATTATAAAAGGAATTGAATTAGATACTTTTAAAACTTTATCGGAAGGCTATACCATTACTAATGTAGAACGAAGAAGTAAATATATCGTTTTTCAGCTAGATAATAAACGAGAACAACGTACATTAATTAGCCATTTAGGTATGGCGGGTGGTTTTTTCATTGTAGATGAACTTGAAGATATTATGATACCTAATTATCGTAAGCATTGGCATGTTATTTTTGAGCTGTCAAATGACAAAAAGTTAATTTATTCAGATATACGTCGTTTTGGAGAAATTAGAAATGTTGCGTCTGTAGCATCTTATCCTTCATTTATAGAAATAGCGCCTGAACCTTTTACAAATGAAGCATTGACGTATTATTTAAATCGAATTCATCAACAGTCTAATAAGAATAAACCAATCAAACAAGTGATTTTGGATCATAAAGTAATCGCAGGTTGCGGAAATATTTACGCATGTGAAGCGTTGTTTCGTGCAGGTGTTTTACCAGATAAAAAAGTAAAAGACCTAACACACCAACAACAAGAAATGGTTTTTTATTATGTTAGAGAAGTACTAGAAGAAGGTATTAAGCATGGCGGTACAAGTATTTCAGATTATCGTCATGCTGATGGAAAAACTGGTGAGATGCAATTGCACCTCAATGTATATAAGCAGCCGGTATGCAAAGTGTGTGGAAGTCAAATTGAAACAAAAATCATCGCGACAAGAAATAGTCATTATTGTCCAGTATGTCAAAAATAAAGAAAGAGTGAAATTATGCCGAAAGTTATTGGTCTAACAGGTGGAATCGCCTCAGGAAAATCAACAGTATCAGAACTCTTATCCGTATTCGGTTTTAAAGTAGTAGATGCTGATAAAGCAGCCAGGGAAGCTGTTAAAAAGGGGAGCAAAGGTTTAGCTCAAGTACGAGAAGTCTTTGGTGATGAAGCAATTGATGAAAATGGTGAGATGAATCGTCGTTATATGGGTGATTTAGTGTTTAACCATCCAGAAAAACGCTTAGAATTAAATGCTATCATACATCCTATCGTGCGAGATATTATGGAAGAAGAAAAGCAAGAATATTTAAAACAAGGATATAATGTAATCATGGATATTCCATTATTATTTGAAAATGAATTGGAAAATACAGTAGACGAAGTGTGGGTTGTATACACTTCTGAAAGTATACAAATGGATCGTTTAATGCAACGTAATAATTTGTCATTAGAAGATGCAAAAGCTCGTGTCTATAGCCAAATTTCTATTGATAAAAAAAGCCGAATGGCCGATCATGTTATCGATAATTTAGGTGATAAACTTGAATTAAAACAAAACCTTGAGAGATTGTTAGAAGAAGAAGGTTATATTGAAAAGCCGAATTACGGAGAAGAAGATTAATATTACTCTATAAATAAGTCATTACTTTACGTATGCGTTGATGTATGTAAGTAATGACTATTTTTTATAAAAAAGATAAATAAATCAACGGAAAACGCTTTCAAATTTCATATAATATGCTATACTAATTCCATAAAGTATAACACATAAAAATCAAGGGGTGCTTTTAATGTCAACGAATATTGCAATTAATGGTATGGGTAGAATTGGAAGAATGGTATTACGTATTGCATTACAAAATAAAAATTTAAATGTAGTAGCGATAAATGCTAGTTATCCACCCGAAACAATTGCACATTTAATCAATTACGATACAACACATGGAAAATATAATCTAAAAGTTGAACCGATTGAAAATGGATTGCAAGTTGGTGATCATAAAATTAAATTGGTTGCTGATCGCAATCCTGAAAACTTGCCATGGAAAGAATTAGATATCGATATTGCTATAGATGCAACTGGTAAATTTAATCATGGTGATAAAGCCATCGCACATATTAAAGCAGGTGCCAAAAAAGTATTGTTAACTGGTCCTTCAAAAGGTGGACATGTTCAAATGGTAGTTAAAGGCGTAAATGATGACCAATTAGATATAGAAGCATTTGACATTTTTAGTAATGCTTCATGTACTACTAATTGCATTGGTCCAGTTGCAAAAGTTTTAAATAATCAGTTTGGAATAGTTAATGGTTTAATGACTACTGTTCACGCTATTACAAATGACCAAAAAAATATTGATAATCCACATAAAGATTTAAGACGTGCACGCTCATGTAATGAAAGCATTATTCCTACTTCTACTGGTGCGGCGAAAGCTTTAAAAGAAGTATTACCAGAATTAGAAGGTAAATTACACGGCATGGCATTACGTGTACCAACAAAGAATGTATCGCTTGTTGATTTAGTTGTTGATTTAGAAAAAGAAGTAACTGCAGAAGAAGTAAACCAAGCTTTTGAAAATGCAGGTTTAGAAGGTATCATTGAAGTCGAACATCAACCACTAGTGTCTGTTGATTTTAATACTAATCCACATTCAGCTATTATTGATGCAAAATCAACAATGGTTATGTCGGAGAATAAAGTAAAAGTTATTGCTTGGTATGATAATGAATGGGGTTATTCAAATAGAGTTGTAGATGTCGCTGAGCAAATTGGAGCACTTTTGACATCAAAAGAAACTGTAAGTGCAAGTTAATACAATTAATTTATAGCCTAACTCTGACCTCGGAGTTAGGTCTTTTATTTTTAATACAATAATATTGTCATGCTTATTACTTAATAAGTAACGATATAATGTTTTTTATTGTTTCATTATTTGGTTAAATGAATTAAATTGAGGGATTCTTTTTTCATCTCTAGATTTATAGTATAATTAGGCATAATCAAAATAAAGAGGGTGATGTAATGAAATGCCCGAAATGTAATTCTACACAATCTAAAGTTGTAGATTCAAGGCATGCCGATGAATTAAATGCCATTCGAAGACGAAGAGAATGTGAAAATTGTGGAACACGTTTCACTACATTTGAACATATCGAAGTTAGTCAGCTTATAGTTGTGAAAAAAGATGGCACAAGAGAGCAGTTTTCAAGAGAAAAAATACTTAATGGACTTGTGCGTTCTTGTGAGAAACGACCAGTTAGATATCAACAACTTGAAGACATAACAAACAAGGTTGAATGGCAATTACGAGATGAAGGTCATACGGAAGTGTCTTCACGAGATATAGGTGAACACGTTATGAACTTGTTAATGCATGTTGATCAAGTTTCATATGTTAGATTTGCATCAGTCTATAAAGAATTTAAAGATGTTGATCAATTGTTAGCATCGATGCAAGGGATTTTAAGCGAAAACAAACGGAGTGATGCTTAAATGGGACGACAAGCCTTCGAATTCGGCTTAAGACCAAAGGATCAATTCAAAGTTATGCAACACTTTGATTTAAATACGAATCATTTAGAGGTATTGAATCGACTGTATACACCGCTAATTGGAACACAAGCAGTGGGTTTATACCATTTTATGACTCAATTCGTTAAAGAAAGTCATAATGAAACATTGATTCTTTCTCATTATATTTTTATGAATGAACTTAAAATTAATTTACTAGAGTTTAGACAACAAATGGACTTACTTGAAGCGATTGGATTGTTAAAGGCGTTTG
CP129557.1_gap19	562168	566238	4070	ATGTTTGTATAGGGAATAGACCTATGATATAATAGGGAAGTTGAAAAAATAAATTAGTTAATCATGGAGGTATATATACATGACAGCAACTTGGGAAAAAAAGGAAGGTAACGAAGGTTTATTAACTGTTACTGTTCCTGCAGAAAAAGTAAACAAAGCGTTAGATCAAGCATTCAAAAAAGTGGTTAAACAAATTAACGTACCTGGATTCCGTAAAGGTAAAGTACCACGTCCAATTTTCGAACAACGCTTTGGTGTAGAAGCATTATATCAAGATGCTATCGACATTTTATTACCAGATGCTTATGGTGAAGCAATTGACGAAACTGATATTAAACCAGTTGCACAACCAGAAGTAAGTGTTACTCAAATTGAAAAAGGTAAAGATTTCATTTTTGAAGCAACAGTTACAGTTGAGCCAGAAGTTAAATTAGGAGACTATAAAGGTCTTGAAATTGAAAAACAAGAAACTGAATTATCTGATGATGAGTTACAAGAAGCAATTGACCACAGCTTAGGACATTTAGCTGAAATGGTAGTTAAAGAAGATGGTGTTGTTGAAAATGGCGACACAGTTAACATCGACTTTAGTGGTTCAGTTGACGGAGAAGAATTCGAAGGTGGACAAGCTGAAGGTTACGATTTAGAAATCGGTTCAGGTTCATTCATTCCTGGTTTCGAAGAGCAATTAGAAGGTATGAAAGTTGACGAAGAAAAAGATGTTGTCGTAACATTCCCAGAAGAATACCATGCTGAAGAATTAGCTGGTAAAGAAGCAACTTTCAAAACAAAAGTTAACGAAATTAAATTCAAGGAAGTTCCAGAATTAACAGATGAAATTGCTAATGAATTAGATGCAGAAGCAAATACAGTAGACGAGTACAAAGAAAACTTACGTAAACGTTTAGCTGAACAAAAAGCTACAGATGCAGAAAATGTTGAAAAAGAAGAAGCGATTACTAAAGCTACTGATAATACAACAATCGATATTCCTGAAGCAATGGTTAATACTGAATTAGATCGTATGGTGTCTGAATTTGCACAAAGAATTCAGCAACAAGGTTTAGATTTACAAACGTACTTCCAAATCTCAGGTCAAGATGAATCTCAATTAAGAGAGCAAATGAAAGACGATGCAGAACAACGTGTTAAAACTAACTTAACTTTAACTGCGATCGCTGAAGCTGAAAAAATCGAAGCTACTGATGAAGATATCGATAAAGAATTAGAAAAAATGAGTAAACAATTTAATATCTCAGTTGAAGATATCAAAAATACTTTAGGTAATACTGATATCATTAAAAATGATGTTCGTATCCAAAAAGTTATCGATTTATTAAGAGATAACGCAAAGTTCGTTGAAGGAACTAAAGAAGATTAATCTTCATTAAATATTAAATTACAAAAATGAGTAGCAGATGCATAGCTTATGTATCTGCTACTATTCTTTAAGCAAAAAGTTTGTATGTTAATATGTTGCATTGTAATATCCAATCTAGTATAGTCTTTAACGAATAGGGGTGTAAAAAGAATGTTTAAATTCAATGAAGATGAAGAAAATTTGAAATGCTCTTTCTGCGGAAAAGACCAAGATCAAGTAAAAAAACTTGTAGCAGGAAGTGGTGTATATATTTGTAATGAGTGTATTGAATTATGCTCAGAAATCGTCGAAGAAGAATTAGCTCAAAACACTTCTGAAGCGATTACAGAATTACCTACTCCTAAAGAAATTATGGATCATTTAAACGAATATGTTATTGGTCAAGAAAAAGCTAAAAAATCTTTAGCTGTGGCTGTTTATAACCACTATAAGCGTATTCAACAATTAGGACCAAAAGAAGATGATGTTGAATTACAAAAAAGTAACATTGCCTTAATTGGGCCAACAGGTAGTGGTAAAACATTATTAGCTCAAACATTAGCCAAGACGTTGAATGTACCATTTGCAATTGCAGATGCGACAAGTTTAACTGAAGCTGGTTATGTAGGCGATGATGTTGAAAATATCTTGTTGAGATTAATTCAAGCAGCTGACTTTGACATTGATAAAGCCGAAAAAGGTATTATTTATGTAGATGAAATTGATAAAATTGCACGTAAATCTGAAAACACATCTATAACACGTGACGTTTCAGGTGAAGGTGTTCAACAAGCATTGCTTAAAATCTTAGAAGGTACGACTGCAAGTGTTCCGCCACAAGGTGGACGCAAACATCCAAACCAAGAAATGATTCAAATTGATACAACAAATATCTTATTTATTCTTGGTGGTGCCTTTGATGGTATTGAAGAAGTGATTAAGCGCCGTCTTGGTGAAAAAGTTATTGGTTTCTCAAGCAATGAAGCTGATAAATATGACGAACAAGCATTATTAGCACAAATTCGCCCAGAAGATTTGCAAGCCTATGGTTTGATTCCTGAATTTATCGGACGTGTGCCAATTGTAGCTAATTTAGAAACATTAGATGTAACTGCGTTGAAAAACATCTTAACGCAACCTAAAAATGCACTTGTGAAACAATATACTAAAATGCTGGAATTAGATGATGTGGATTTAGAGTTCACTGAAGAAGCTTTATCAGCAATTAGTGAAAAAGCAATTGAAAGAAAAACAGGTGCGCGTGGTTTACGTTCAATCATAGAAGAATCATTAATCGATATTATGTTTGATGTGCCTTCTAACGAAAATGTAACGAAGGTAGTTATTACAGCACAAACAATTAATGAAGAAACTGAACCAGAACTATACGACGCAGAAGGTAATTTAATTAATAATAGTAAAACATCAGCTTAATCATTGATGTGTTATAAAAGTGAAAAGCTCCAATCAAAGTTGACGCTCAAATAGTTTAACTTTGATCGGAGCTTTTTTATAATGTATACCGAAAGGTTCAAATATTATATAATGGTAAAGTTGAAAGAGAATATAAAAAAGTGAGGATATAAAATGAAAGTTAATCCTAATAATATAGAATTAATCATTAGTGCAGTAAAGGAAGAACAATATCCAGAAACAGAATTGTCTGAAGTTGCACTTAGCGGTCGATCTAATGTAGGTAAGTCTACATTTATCAATAGTATGATTGGCAGAAAAAATATGGCACGTACATCACAGCAACCCGGCAAAACGCAAACGTTAAATTTTTATAATATAGATGAACAACTTATTTTTGTGGATGTTCCAGGATATGGATACGCTAAAGTAAGTAAAACACAACGTGAAAAATTTGGGAAAATGATTGAGGAATATATAACTAAGAGAGAGAATTTGCAATTAGTTATTCAATTAGTTGATTTAAGACATGATCCAACACAAGATGATATCTTAATGTACAATTATTTGAAACATTTTGATATTCCTACTTTAGTTATATGCACTAAAGAAGACAAAATTCCAAAAGGTAAAGTTCAAAAGCATATTAAAAATATTAAGACACAATTAGATATGGATCCAGACGATACAATAGTAAGTTATTCATCAATTCAAAATAATAAACAACAACAAATATGGAATTTAATTGAACCGTATATTTCATAGTCTTTGTACGACAAAACTTATACAAAAATTTTAAAAATAATGTAAGCACGAAACTTTTAATTAGTACACAATTGATAACATTTTTCAACGTTCATCATTTTGTCAAAAACTTAAAAGTAAATTAGAAAGATTATAATTTATTTAAGCATCGTACTTAATTGGATTTTAAATTATGTTATAATATTTGTATTGTTAGTATATATGGGGGCGTTTCAAATGCATTTTATTGCAATTAGTATAAATCATCGCACAGCTGATGTTGCACTAAGAGAGCAAGTTGCTTTTAGAGATGATGCCTTACGAATTGCCCATGAAGATTTATATGAAACTAAATCTATTTTAGAAAATGTCATATTATCAACATGTAATCGAACTGAAGTATATGCTGTTGTTGATCAAATTCACACAGGTCGTTACTATATTCAACGATTTCTAGCTCGTGCATTTGGATTTGAAGTAGATGATATTAAAGCAATGTCAGAAGTAAAAGTGGGGGACGAAGCAGTAGAACATTTATTGCGTGTCACTTCTG
CP129557.1_gap20	568211	571819	3608	TTGATAAATTAAAAGCTGTAGAGCCAAATCTAGAAATTGAAATTAAAGAAATTGTCACGAAAGGCGATCGTATAGTAGATAAACAATTGTCTAAAGTTGGAGGCAAAGGCTTATTTGTTAAAGAAATACAACATGAACTTTTTGAAAAAAATATCGATATGGCAATACACTCGCTTAAAGACGTACCAAGTGTAATTCCGGAAGGTTTAACATTAGGTTGTATCCCTGATAGAGAATTACCTTTTGATGCGTATATTTCTAAAACACATACACCACTATCTCAATTGCCAGAAGGTAGTATTATTGGTACTAGTTCATTACGTCGTGGTGCACAAATATTATCTAAGTATCCTAATTTAGAGATTAAATGGATTAGAGGTAATATAGATACACGATTAGAAAAGTTACAAACTGAAGATTATGATGCGATTATTTTAGCTGCAGCTGGTTTAAGAAGAATGGGCTGGTCAGATGATATCGTAACATCTTATCTTGATAGAGATACATTGTTACCTGCAATCGGACAAGGTGCTTTAGGGATAGAATGTCGTAGTGACGATGATGAACTATTATCATTATTAAGCAAAGTACATAATGATGAGGTTGCAAAATGTGTGACTGCTGAACGAACGTTTTTAGCAGAAATGGATGGTAGTTGTCAGGTGCCAATCGCAGGATATGCTACAATCTCAGATCAAAAAGAAATCGAATTTACAGGTTTAATTATGACCCCAGATGGTAAAGAACGATTTGAATATACAATGAACGGAACAGATCCGGTTGAGTTAGGCAAAACAGTGAGTAACAAATTAAAAGAGCAAGGTGCTTATGAAATTATAAAACGCTTAAATGAACAACATTAAATAATGGAGTGACGTTTAAATATGAAGCCAGTTGTAGTTATGACACAAACAAATGACATGCAAAGTGATTTAGTATCAATTATTCATAAACCCTTTATTGATATAAAGCCACTAAATTTTGATATTCATTTGTTAAATCAACGCTATGACTGGCTTATTTTTTCATCTAAAAATGCTGTGAAATTCTTTTATAAATATCTAAAAGGAATTAATGTTGATAACATTGCTGTGATAGGAAGTAAGACAGCACAATATTGTGAATCACTTGGCATTCGAGTTGATTTTATGCCAAATGACTTTTCTCAAGAAGGATTTTTAAAATCATTTAATCAAACTAACCAAAAAATACTTTTGCCTTCGAGTGAATTGGCGAGACCATTGTTATCAGCAGCGTTATCTAAAGATAATGAAGTTGTTAAAATAGATTTATATACTTCAGTGCCTAACAAACAAAATATACAAGATGTTAAAGAAATGATAGAACATCAACAAATCGATGCATTAACATTTTCAAGTTCGTCGGCAGTACGTTATTATTTTAATGAAGGATTTGTACCAAAATTCAAGTCGTATTTTGCTATTGGAGAACAAACAGCACGGACCATTAAATCATATCAACAACCAGTAACAATTGCAGAAATTCAAACACTCGAATCACTAATTGAAAAGATTTTAGAAAGTAGGGGCTAAAAATGAAATTTGATAGACATAGAAGATTGAGATCATCAGCGACAATGAGAGATATGGTTAGAGAAAATCATGTAAGAAAAGAAGATTTAATATATCCAATTTTTGTAGTTGAAAAAGACGATGTGAAAAAAGAAATTAAGTCATTGCCAGGTGTATACCAAATCAGTTTGAATTTACTTGAAAGTGAATTAAAAGAAGCTTATGACTTAGGCATACGTGCCATTATGTTTTTCGGTGTTCCAAACTCAAAAGATGATATAGGTACTGGTGCATACATTCACGATGGTGTTATTCAACAGGCAACACGTATTGCTAAAAAAATGTATGATGACTTATTAATTGTTGCAGACACTTGTTTATGTGAATATACTGATCATGGTCATTGTGGTGTGATTGATGACCATACACATGACGTTGACAATGATAAATCTTTGCCACTACTTGTTAAAACAGCAATTTCTCAAGTAGAAGCTGGTGCTGATATTATTGCACCAAGTAATATGATGGATGGTTTTGTTGCTGAAATTCGTCGTGGATTAGATGAAGCCGGCTATTACAATATTCCTATAATGAGTTATGGTGTCAAGTATGCATCAAGTTTCTTCGGACCTTTTAGAGATGCAGCAGATTCAGCGCCATCATTTGGGGATAGAAAAACGTATCAGATGGACCCTGCTAACCGTTTGGAAGCACTTCGTGAATTAGAAAGTGATCTTAAAGAAGGGTGCGACATGATGATTGTTAAACCTGCTCTAAGTTATTTAGACATAGTTCGAGACGTTAAAAATCATACGAATGTTCCAGTTGTTGCATATAATGTGAGTGGAGAATATAGTATGACTAAAGCAGCGGCACAAAATGGTTGGATAGATGAAGAACGTGTCGTTATGGAACAAATGGTTTCAATGAAACGTGCAGGTGCTGATATGATTATTACGTATTTTGCAAAGGACATTTGTCGCTATTTAGATAAATAAGGTTTTATATGTATGATTTTCCATAAACTATAGGAGGAATTTACTTTATGAGATATACGAAGTCAGAAGAAGCAATGAAGGTTGCTGAAACTTTAATGCCTGGTGGTGTAAATAGTCCAGTACGCGCATTTAAATCAGTAGATACACCAGCAATTTTTATGGATCACGGTAAAGGCTCAAAAATTTATGATATCGATGGTAACGAGTATATCGACTATGTACTAAGTTGGGGGCCACTTATTTTAGGACATAGAGACCCTCAAGTTATTAGTCATTTACATGAAGCAATTGATAAAGGTACAAGTTTTGGTGCATCAACATTACTTGAAAATAAATTGGCGCAGCTCGTTATTGATCGAGTACCTTCAATAGAAAAAGTACGTATGGTGTCATCTGGTACAGAAGCTACATTAGATACTTTAAGATTAGCACGAGGTTATACTGGCAGAAATAAAATTGTGAAATTTGAAGGTTGCTATCATGGTCATAGTGATTCGTTATTAATCAAAGCTGGGTCTGGAGTGGCAACATTAGGATTGCCAGATTCTCCTGGTGTGCCTGAAGGTATTGCTAAAAATACAATTACAGTTCCATACAATGATTTAGATGCACTTAAAATCGCTTTTGAAAAATTTGGAGACGATATTGCTGGTGTAATCGTAGAACCTGTTGCTGGTAATATGGGTGTCGTACCGCCGATTGAAGGTTTTTTACAGGGATTAAGAGATATTACGTCTGAATACGGCGCATTGCTAATTTTCGATGAAGTAATGACTGGTTTCAGAGTCGGTTATCATTGTGCACAAGGTCACTTTGGTGTGACACCAGATTTAACTTGCTTAGGAAAAGTTATCGGTGGAGGACTACCTGTAGGTGCTTTTGGTGGTAAAAAAGAAATCATGGATCATATAGCACCATTAGGAAATATTTATCAAGCGGGTACGTTATCAGGAAATCCTCTTGCAATGACAAGTGGTTATGAAACATTAAGTCAATTAACGCCAGAGACATATGAGTATTTTAATATGTTAGGCGATATACTTGAAGACGGTTTAAAGCGTGTATTTGCTAAACACAA
CP129557.1_gap21	573214	574398	1184	ATTAGCTACTGGTGCCGATGTTGCTATGATTACGAGTTATCATATTTTCCGAATCTTTTTCATCCTATTTATTATTGCACCAGGAATTAATTACTTTTTAAAATATCGTTCGAATAAGCGTGAAGATTAGAAACTATCATCCATTTAAGTTAAATTATGCTTAGGATAGAATTCATTATTAAGGTTTAAGCAAAGGTTTTACATCTATTTTTAAATTAAGATATCTAATATTAGCAGTGCATTAACATGGAACTTTAACTTGTGATTTGAATAAATTTCTACATTAAAAAACGAGACAGTCTATTAGTTAAAAATAGATGATGTCTCGTTTATTTTATGATGCTATAGCAAATTAATTGTGTCTAGGCTTTGATGGACAATTTTTTAAATGTGCATCATATAAACCGGCTGCTTCTAAAAACGAAAATACTGTTACTGGACCTAAAAATTTGAACCCGTATTGTTTTAAATCTTTAGATAGTTGTGTTGCAGTATCATCAACTGTGATACGATCAGAAGCATGTTCATACTGCAAATCTTTAGGCTTACCATTTACATAAGACCATAAAAATTTACTAAAACTACCAAATGCTTGTTCAATTTTTAAATACCCTTGAGCTTGATTAACAATTGCTTCTAATTTTTTACGATGATGAACGATATTTGGAAAAGTCATTAAGCGGTCGATATCTTGAGCGGTCATTTGTGCTACCTTTTCTGGTTCGAAATCATAAAATGCTTCTTCATAGGCTTCTTTCTTTTTTAAAATAGTTAACCAAGATAGCCCAGCATGTTGTGATTCTAATGCTAAAAGTTTAAACAATGCCTTGCTATCATAGAGCGGGTGTCCCCATACATGATCATGATAGTCTAAGTAGACTGGATCTTTAGTTCCAAATGCGCATTCATTCATTTTATTCCCACCTATACATTGACTTATTTTGTCAATCATTATACTATAAGTTAAGAGTTTAATATAGGATTTGGGAAGAGTAAGTTCAAATTATTTTAAAGAGAGCATATGATTTGGTGTGAGTATGTAAATGATTTTTACTGAAGGTAGCCCACAGAGTATCTTAGCTGAACGTGATTAATAGTAGGCTAAGACGTGTTTGAGCGTTAATCATAATCTAGAGTGCTTGAAGAGATGAAGCATTTCAAATTTCACGATGATAGCATTGGTA
CP129557.1_gap22	579149	580850	1701	CATATATTCTACTTTTTATTTCGGGCATATATTGGTTATGGTGACGTTTTACTAATATCTGCACTTTCTTTGTTTTTCCCTCTCCAATTCACTATTTATGTCATTATATTTACATTTGTCATTGCTGGTTTAGTTGCTTTAATTACCTTGATATTTAAGCCGATTAAACTATTACCCCTTGTTCCATTTATATTTATTTCCTTTTTTATCAATTCACTTTTTTATAATGATATCCATCAATTTTTAGGAGGCGTATATTTTTGAAAATTAAAGAAATGGTAACTTCAGAAATGCCAAGAGAACGTTTGTTAAGCCATGGTGCAAAAAGTCTTTCGAATACAGAATTATTAGCTATATTAATTAACACCGGAAGAAAAGGATTCTCGAGTATTGACATTAGTAATGAACTGCTTAAATCTGCATCGAATCTGAATGAATTGAAAAAATCTTCAATTAACGATTTGATACAAGTTAAAGGGATTGGATTACAAAAAGCAATTACATTAAAAGCGGCATTTGAGTTAGGGGAAAGGATGGGGAGAAGAGCTGAAAATAATCGTATAAAAATAACGCAACCAAGTGATGTTGCTGATTATATGATTCCAACAATGAAAGATTTAACACAAGAACATTTTGTCATTTTATTGTTAAATTCAAAAAATGTAGTGATTAAAGAAACCTGTGTTTTTAAAGGTACATTAAATAGTTCGATTGTACATCCACGTGAAATTTTTAGTATTGCGGTGAGAGAAAATGCCAATGCAATCATCGCAGTTCATAATCATCCATCCGGTGATGTAACGCCCTCACAAGAAGATATCATAACAACAATGAGGTTGAAGGAGTGTGGTTTGATTTTAGGGATAGATTTATTGGATCATATTATAATCGGTGATAATAGATTTACGAGTCTTGTAGAAGCGGGTTACTTTGATGAAAATGATTGAAGTTGATAGAATTAATGACGTATCTTGTGTATAATACCTACGAAGTACTTTCATTGGAGGAAAAATAGTGACTCTATTTATTATTATCGGGGTTCTCGTGCCAATGGTTTATACCATGCAGTTAAATATTAAAAATGAACCTGTAACAAAGCGCAATCTATTAATAACATTAGCTTTATCTACGTTAGGTATTTTAGTAACGGCATTAGCAGGTGTGATTGTTACGAAACAAGCTTTTCCTTTATTAAGTGTAGCAATAGGCTCAATTTTTACTGGAATCGTTTGGGGCCTATTACTAAGTGGTAGCTACGCGCTGATACGATTTTTATCTAACGCATTTGGGCGTAAGTAATAGTAATCTGTTCATCAAGTAGTAAACGTGCTTGGAAACAAATTAAAACTCCTAATGTGGAACTAGTTAAAAAATTCTAAACTAGTACATAAGGAGTTTTGTTATGCAGAATAAATTTAATTGTTAAATTGAAAGTGTGGTAAAAACCCACTATTTATTTGAAAAAAATCGAGCAACCATATTAAACCTTGATATCCTAAGTAAATACATAATAAAACAAGTCCGACATAAATTAAAAATCGCAAAATAGAAAGTCCAACTCTAAAAAGGAGGATGACTAATAGTGCTATTAAAATAATTGTTAGTATACTCAATGCTACAAACCTCCTCATACGCTTTTAAATCATAACAAAATTATAAGCTATTTTAAATGAACGTGCATCAGTCCTAAGATATATCATG
CP129557.1_gap23	582937	587169	4232	TCATTATTATATTAGCCAGCACCTTATTATTAGAAGTCTATGTGGCATTAATATACGGTATGTTAGGATTCATTCAATTTGATATTATTCATTTTGTAGTCTTTAGATTATTGCCAACATTAATTATGAATTTTGTACTGCTAATCATGCTTTATCCGTTGATTATAAAGTTCCTTAAAAAAACAAACAATGACATTGACATGAAACGCCGTCAATGGTAAGATGCAATAGTTGAGTAGTTATAAGTAGCTACATACAACCGCTCAAATATAGGTTCAAGAACATTTTTAATGAAGAAAGCGATTGTCAATCAAGGCGTTGAAGGAAGAAACGAGAGAGTTTATCTATATAAATGACTCGAGTTGCGACCAAAACAACGTAGAGTGCAAACGCTTGACTCATTTGCAGGAGTTATTGAAAGAAAGCGATTGTCAATCAAGGCGTTGAAGGAAGAAACGAGAAGAGTTTATCTTTATAAATGACTCGAGTTGCGACCGAAACAACGTAGAGTGCAAACGCTTGACTCATTTGCAGAAGTTATTGAAAGAAAGCGATTGTCAATCAAGGCGTTGAAGGAAGAAACGAGAAGAGTTTATCTTTATAAATGACTCGAGTTGCGACCGAAACAACGTAGAGTGCAAACGCTTGACTCAATAACGAAATGTCACCTATGTATGGCGTGACTTATTATACAGGAGGTGCAAAGTATGTTTGCTATTATTGAAACAGGTGGAAAACAAATCAAAGTAGAAGAAGGTCAAGAAATCTTCGTTGAAAAATTAGACGTAAACGAAGGAGATACTTTTACATTTGATAAAGTATTATTTGTAGGTGGAGATTCAGTTAAAGTTGGAGCGCCAACAGTTGAAGGTGCAACAGTTACTGCTACTGTTAATAAACAAGGTCGCGGTAAAAAAATCACTGTATTCACATACAAACGTCGTAAAAATTCAAAACGTAAAAAAGGCCATCGTCAACCATACACTAAATTAACAATCGATAAAATCAACGCGTAATTATTATGATTACTGTTGATATTACAGTTAATGATGAAGGCAAAGTAACAGACGTTATTATGGATGGCCATGCTGACCATGGTGAATATGGTCATGATATCGTTTGTGCTGGAGCTTCAGCTGTATTGTTTGGTAGTGTTAATGCGATTATAGGATTGACATCTGAGAGACCAGATATCAATTATGACGACAATGGTGGTCATTTTCATATAAGAAGCGTTGATACAAATAACGATGAAGCGCAACTAATTCTTCAAACAATGCTTGTGTCTTTACAAACTATTGAAGAAGAATATAATGAGAATATTAGATTAAATTATAAGTGAGGTGCATTCCGATGTTAAAATTAAACTTACAATTCTTCGCATCTAAAAAAGGGGTAAGTTCTACAAAAAACGGACGTGACTCTGAATCAAAACGCTTAGGTGCTAAACGTGCTGACGGTCAATTCGTAACAGGTGGTTCAATTTTATATCGCCAACGTGGTACTAAAATTTACCCTGGTGAAAATGTAGGTCGTGGTGGCGATGATACATTATTCGCTAAAATCGACGGCGTTGTTAAATTCGAACGTAAAGGTCGCGACAAAAAACAAGTTTCTGTATATGCAGTAGCTGAATAATTTTGTCTAGTTAACACCAGAAGTGAATCTTCTGGTGTTTTTTACTTTTTATAAAACGTTTTTCATTATTATTTTCATTTTGTTATTAAAAAATGGGAATTATAGACGTTATACTAAATGTGCAACTGCATAAGAGCCCCTAATCGCTAAACTATAAGGGGACAAAGGATTACAGTTGCAGTATAAAAAGCAAAAAGTATCGAATTTGGTACTTGGAAATATCAGCAATTTGAGTAAAGTAAACTTAAAAGCAACTGCATAAGAGCCCCTAATTATTTACAATATATAAGGGGCTAAAAGGATTACAGTTGCAGCGTTTAAAGAATAAACTGTACCACAATTGGTGCTGAGAAATATAAGTATTTTAAAGCAAAGATTTATAAAAGCAACTGCATAAGAGCCCCTAATTATTTACAATATATAAGGGGCTCTAATATGCTATAATTATTGGGAAAATGAAAATTATATGTAAAAGAGGTGAGATATATGTTTGTCGATCAAGTCAAAATATCTCTTAAAGCCGGTGATGGTGGTAATGGTATTACCGCATACAGAAGAGAAAAATATGTACCATTTGGTGGACCAGCTGGCGGTGACGGTGGTAAAGGTGCTTCAGTCGTATTTGAAGTGGATGAAGGTTTAAGAACGTTATTAGATTTTAGATATCAACGTCATTTTAAAGCAAGCAAAGGTGAAAATGGCCAAAGTAGTAATATGCATGGTAAAAATGCGGAAGATTTAGTATTAAAAGTTCCACCTGGTACAATTATTAAAAATGTTGATACAGACGAAGTGTTAGCAGATCTTGTTGAAGATGGTCAAAGAGCTGTAGTAGCGAAGGGCGGTCGAGGTGGACGAGGTAATTCACGTTTTGCAACACCTAGAAACCCTGCACCTGACTTCAGTGAAAAAGGTGAACCAGGTGAGGAATTAGATGTATCTTTAGAATTGAAATTATTAGCTGATGTAGGATTAGTAGGTTTCCCTAGTGTGGGTAAATCGACTTTATTATCTATCGTTTCAAAAGCTAAGCCTAAAATTGGGGCATATCATTTTACAACGATTAAACCAAACCTAGGTGTTGTTTCAACACCTGATCAACGAAGTTTTGTTATGGCAGATTTACCAGGTTTAATTGAAGGTGCATCTGATGGCGTTGGATTAGGACATCAATTTTTAAGACATGTAGAGAGAACAAAAGTTATTGTTCACATGATTGATATGAGTGGTTCTGAAGGTAGAGAACCTATTGAAGATTATAAAGTCATTAATCAAGAATTAGCCGCGTACGAGCAACGTTTAGAAGATAGACCTCAAATCGTAGTAGCTAACAAGATGGATTTACCTGAATCACAAGATAATTTAATCTTGTTTAAAGAAGAAATTGGCGAAGATGTGCCAGTTATTCCAGTTTCAACAATAACGCGTGATAATATTGATCAATTATTATATGCAATAGCAGATAAATTAGAAGAATATAAAGATGTTGACTTCACAGTTGAAGAAGAGGAGTCGGTTGGCATTAACCGAGTATTATATAAACATACACCGTCACAAGATAAATTTACAATTTCAAGAGATGATGATGGTGCTTATGTGGTAAGTGGTAATGCTATTGAAAGAATGTTTAAAATGACTGACTTTAACAGTGATCCAGCAGTACGTCGATTTGCTCGTCAAATGCGTTCGATGGGTATTGATGATGCGCTTAGAGAACGTGGTTGTAAAAATGGTGATATCGTTAGAATTCTTGGCGGAGAATTTGAATTCGTTGAATAGGAGCGTAACATGATGGACAATAAAGATTATAAAAAGTTTTATTTAATTAGAGAAGATGTCTTGCCTGAATCCGTGGTTAAAACATTGAAGATTAAAGATGCCTTGAAAAGTGATCCGACATTGTCCATTTATGATGCCGTTAAACAGTTTGATCTATCTAGAAGTGCTTTTTATAAATATAGAGAAACGATATTTCCAGTAGACGATAAAATGCTTGACCATCGAGAATTTACATTAATTTTATATGTAACTGATATTGTGGGTATGTTGGCACGTGTACTAGATGTTATATCAAAGTTAGAACTATCTGTATTAACGATTCATCAAAGTATTCCAATGGAAGAAAAAGCAACAATAACATTATCACTGAATGCTAAATCTAAAGAAACTTCAGTGGAGGATGTTATTGGCGCTTTGAGAAATTTAGATTATGTATCAAAAGTAGAATTAATTAGTATGAGTATGTAAGGATGTGCCTATAATGTACGCGTATGTCAAAGGTAAGTTAACACATTTATATCCTACACACGTAGTTGTTGAAACTGCTGGTGTTGGTTATGAAATTCAAACACCAAATTCTTATCGTTTTCAAAAGCATCTAGATCATGAAGTTTTAATTCATACATCTTTAATTGTTCGTGAAGATGCACAATTATTGTATGGATTTAGTAGTGAAGAAGAGAAAGATATGTTCTTGAGTTTAATTAAAGTTACTGGTATTGGTCCGAAATCAGCTTTAGCTATTTTAGCGACAAGTACGCCTAATGAAGTAAAGCGTGCCATTGAAAATGAAAATGATACGTATTTAACTAAAT
CP129557.1_gap24	601252	602260	1008	ATGTTTAGATATGAACGTAAGCAAAAAGGGCGCTATCGTCAATTTAATCAATTTGGTGTAGAAGCTATTGGTGCTGAAAATCCTAGCGTAGATGCAGAAGTATTAGCTATGGTTATGCATATTTATCAATCATTTGGATTAAAACATTTAAAGCTTGTTATTAATAGTGTAGGGGATATGGCGTCTCGAAAAGAATATAACGAAGCGTTAGTGAAACACTTTGAACCAGTAATTCATGAATTTTGTTCAGATTGTCAATCACGTTTGCATACAAATCCGATGCGAATTTTGGATTGTAAAGTTGACCGTGATAAAGAAGCGATTAAGACTGCACCTAGAATCACTGATTTCTTAAATGAGGAATCTAAGGCATATTATGAACAAGTAAAAGCTTATTTAGATGATTTAGGTATTCCATATATTGAAGATCCTAACTTAGTTCGTGGATTGGATTATTATACACATACAGCATTTGAATTAATGATGGATAACCCTAACTATGATGGTGCCATTACAACTCTTTGTGGTGGTGGCCGTTATAATGGTTTATTAGAATTGCTAGATGGTCCAAGTGAAACAGGTATTGGTTTTGCGCTAAGTATAGAGCGATTATTGCTTGCACTTGAAGAAGAAGGTATCGAATTAGATATTGAAGAAAACTTAGATTTATTCATTGTTACAATGGGTGATCAAGCAGATCGATATGCTGTGAAGTTATTAAATCATTTGAGACATAATGGTATTAAAGCAGATAAAGACTACTTACAGCGTAAAATTAAAGGACAAATGAAACAAGCAGACCGTTTAGGTGCCAAGTTTACAATCGTTATTGGTGATCAAGAATTAGAAAATAATAAAATCGATGTTAAAAATATGACAACTGGTGAATCTGAAACAATAGAATTAGACGCATTAGTCGAATATTTTAAGAAGTAGAGAGGGCGTTAAAATATGAGTAAAAGAACAACTTATTGTGGATTAGTTACTGAGGCATTTTTAGGACAAGAA
CP129557.1_gap25	793596	794531	935	GAGCTGCAGAACCAAGATCAGTATCAGACTATCAAAACGCAAACTCATCATATTATGTTGAAAATGCTAATGATGGTTCTGGGTATCCTGTAGGTACATATATTAATGCTTCTAGTAAGGGGGCACCATATAATTTACCTACTACGCCATGGAATACGTTAAAAGCATCAGACGCAAAAGAATTTGCACTTATCACAGCAAAGCAAACTGGAGACGGTTATCAATGGGTGATTAAGTTTAACAAAGGTCACGCACCACATGAAAATATGATTTTCTGGTTTGCACTACCAGACGGACAAACTCCTGTTGGTAGAACGGAGTTTGTAACTGTGAATGCAGACGGTACAAATGTACAATGGAGTAATGGTGCAGGAGCCGGTGCGAACAAACCACTTCCACAAATGTGGGAATACGGTGTAAATGATCCCCATCGTTCACATGACTTTAAAATAAGAAATAGAAGCGGGCAAGTAATATATGAATGGCCAACTGTCCATATTAAAAGCTTGAGCGATTTAGCACGTGCAAGTGATTATTTAAATGAAGCTGGAGCAACACCTGCTACTAAAGCTTTTGGTAGACAAATATTCGATTATATTAATGGTCAAAAACCTGCTGAATCATCTGGTGTACCAAAAGTTTATACTTTCATCGGTCAAGGTGATGCGAGTTATACGATTTCATTTAAAACGCAAGGTCCAACAATTGATAAATTGTATTATGCTGCCGGTGCTCGTGCATTAGAATACAATCAATTATTTATGTATAGTCAGTTATATGTCGAATCAACACAAGACCAGCAACAACGTCTTAATGGTTTAAGACAAGTGGTTAATCGTACTTATCGTATAGGTACAACTAAACGAGTAGAAGTGAGTCAAGGAAATGTACAAACAAAAAAGGTATTAGAAAGTACGAACCTAAATATAGATGAT
CP129557.1_gap26	795851	797143	1292	ATTGTCTTAGGAAATTCTGAAAAAGTTGTCGTTGTAAATCCGACTGCTTTAACTGGTGATGAAAAGCAACGTATTACTACTGCGTTTATGAATAAAAACCAAAATATAAGAGGTTATTTAGCTTCATCAAATCCAGTTACAGTAGATAATCATGGTAATGTCACATTGCAATATCGTGATGGGTCATCAACTACGCTTGATGCGACAAACGTGATGACATACGAACCAGTTGTTAAGCCTGAATATCAAACTGCTAATGCACCTAAAACGGCAACGGTTACAATTGCTAAAGGACAATCATTTAATATTGGAGATATTAAGCAATATTTCACTTTAAGTAATGGACAAGCGATTCCAAGCAGTACATTTACAAACATTACATCGGATAGAACGATTCCAACTGCACAAGAAGTTAGTCAAATGAACGCTGGTACACAGCTATACCACATAACTGCTACAAATGCGTATCATAAAGACACTGAAGATTTCTATATCACTTTGAAAATCATTGATGTGAAACAACCAGAAGGTGATCAACGTGTATATCGTATGTCAACATATGATATAACTACTGATGAAATTTCAAAAGTGAAACAAGCATTTATCAATGCCAATAGAGATGCGATTTCATTTGCAGAAGGAGATATTTCAGTAACAAATACACCTAATGGTTCTAACGTGAGTACCATTACTGTCAATATTAATAAAGGTCGTTTAACGAAATCGTTTACATCAAACCTTGCTAATATGAATTTCTTGCGCTGGGTTAACTTCCCGCAAGATTATACAGTGACATGGACAAATGCAAAAATTGCAAATAGACCGACTGATGGTGGTTTATCATGGTCTGATGATCATAAATCATTAATTTATCGCTATGATGCAACATTAGGTACGCAAATTACGACGAATGATATTTTAACTTTGTTAAAAGCGACAACAACGGTGCCTGGATTACGTAATAACATTGCTGGTAATGAAAAAGCACAAGCAGAAGCTGGTGGTAGACCAAACTATAAAACAACTGGTTATTCACAATCAAATCCAACATCTGATGGGCAACGACAATTTACGTTGAATGGTCAAGTCATTCAAATAATGGATATTATTAATCCTTCAAATGGATTTGGTGGGCAACCTGTTACAAATTCAAATGTCCGTGCGAACCACAGTAACTCGACTGTCGTTAGTGTTAATGAATCAGCAGCTAATGGTGCTGGAGCATTTACAATTGATCATGTAGTAAAAAATAATTCTACGCATAATGCAGCTGATGCGGTATATAAAGCGCA
CP129557.1_gap27	855887	860793	4906	GCATAGCGGTCTATTAGTTCAATTTCTTCTAATGAATCTATAACAAAATAACCGATGTTATTTTCTAAAGCATACCTAATTTCATGTTTCGTTTTATTGTTACCATGGAAATGGATCCGACTCGGTTCAAAACCTGCTTCTAAAGCTGTATATAATTCACCTTCAGAAACAACATCAAGTTGTAGATCTTCTTCTGCTACCAGTTTGACCATTTGAAGACAAGTAAATGCTTTAGAGGCATATGAAATATTATATTTTAAACCGCTATCTTTAAATGCGCGATGGTAACGGCGCATCTGTTCTCTAATTTGTAGTTCATCATAAACAATGGTAGGTGTACCAAAGCTTTGCGCAATTGTTTTTAAACTAATACCATCCATTGTTAATTCGCCATTTTGATTATATTTAACAGTCATTTGAAATGTACTCCTTTTTTAAAGAATCATGATTCATAGCACTTAATTGTTCAGAATTTGCACCAACACCTTTAAAGGTATATTCATCGATGCGGATATCATTATTATAAAGAATAACTTCATCTTGTGCATGTACATTGCCATCTACTTCAACAAACATATGGCTCATCATTAATGCACGTATCGGGTAGCGTTTACCATTGATAAGTGCTTCATGTTTAGCACGAGTTCTTAAAATTCCATCGCCATAACCGATATCAACTACAGCTAATTTTGTATTGTTTTTAGTCACTTCAAAGGCAAAGCTATAACCGCAATAATCACCAGCTTGTACCTCGCGCACTTGAATAACATTTGCTTTTACAGTCAATGACTGAACAATATCATGTTGATTCAGTGAACTATATGGTCTTAAACCGTATAACGCAATACCTACACGCGCATGTGTATGGTGGGGTAGTAATATTTGTCCTTCCCGATAAAAACTCGCACTATTTTGAGCATGGATTAAGTCGAACTGATAACCTTCAGATAAAAGTGATTCAACAATTTCCATCCATTGTGAACGTTCAACATTATAATCTGACACATCGAATTCATCAGCATATCCAAAATGGGTCCATAAACCACTAATAATCATTTTTGCATTTTGATTATGATGGTGATCTTTCAATACTTCTTTAATTTCGTTTAAATCTTTAAATCCAGACCGATGTAATAAATTTTCAAATTCTAAGTGAACATGAATACCTGATAAATCATTTTTATGGTTATAGTAATATGTCAACGACGGCAAAGTCATGTGTATTTGATGTTCACGGACTAAATCAAACTCGTAAACTGCATTCATTAAAAAGATTGTTGCATCTGGAGCAAGTTGTCTAATTTGAATTGCTTCTCGTAGTGATGTTGTACTAAATGTATCTATACCTGCATGGATAAACTGAGTTACAGCAAATTCTAGGTCATAGTGATATGCATTATTTTTAACAACTGCCATTAATGGCTGATTGTTTTTGACTGTGATTGCATTTTGTAAAAATATTTTCTTATTTACAGACCATGTTGCTGTCAATGTATTACACCTCTTTGTAATTATTTAATAAATTTTCGTAAAAATTAGCCACGTTTATTAACATTTTTTCATCAAAATTTAAATGCGATGTGTGCAAACCAGTTACAAAACCTTTATCTTCATTTCGTGTTCCTATAAAAACAAAGTAAGCAGGAGCCAGTTGTTGACCATAAAAACTAAAATCTTCCCCAAATAAGAATGGCGTTGGTTTGTCATAGACATTTAAATCAGCTTTTATTAAGGCGTCCTCTATTTGAGTACGTAATTTCGGACTATTGATTGTAGGGGGATAACCTTCTGCAAATTTAATTTCACAGTCTACATTAAACAGAAGCTTGACACTTTCTGCTATCTTTTGCATTTGATTTTTAACGATTGTTAAATCATCAATATCATATGTACGAATTGTACCTTCTAAATAACCATTACTTGGTACAGTGTTAATCGCTTCACCAGCTTTAAAATGACCAATATGAACAATATTTCGTTTCAAACCGTTAAGGTGAAATTGTTGAATTTGTGATATTTGAGTTAATACATGTTGTAATGCTTCACCACAAGAATGACCTTGTTCTTTATCAGCAACATGACTTGACAGGCCTGTTAAGAAAAAGCGATACTCTGTTGCGCTGGCCGTAATTTCTTCATCTCTTATCACTGCAATGCCTTCATCAGCAAATGGGTTAACGTGAATACCAAATACCGCTTCAATTGGATACTTATCAAAGGCACCGGCTTTTATTAATCGATTTGCACCGCCACCAGTTTCTTCTGCAGGTTGGAAAATGAAAACGACATTTTGCGGTAATTGCCCCGCATCTTGCATGTCTTTGCAACGTTGTACGAAAAGCATTAATGCAGTTGTATGACCATCATGTCCACAAGCATGCATCACATGATCAGATTGACTGCGATAAGGTACATCATTTTCCTCTAAAATAGGTAACGCATCAATATCAGCTCTATACGCTATCGTATGTGAGCCGTTACCTTCTAAGTATGCAACGACGCCAGTTTCTAATGGGCAATCGTATTTAATATTTAAACTATCTAAAAACGCTTTAATATAAGCAGTTGTTTCAAATTCATGTAAGCTTAATTCAGGATGTTGATGTAAATGACGGCGATGTTTCGTAACAAATTCTAATTCATTCATAATTATCAATCCTTTGTGTTAAATTACTATATAAACAGTGTAACGTATTTCGAAACTTGTGATCATAAGTTTATTTAATGATAAACAATAAGGTTGAGACATAATCGTATCTCAACCTTGAAATTATTATACGTTGACGTCACTAGTCATTTAGTTTTCTTAATGCTGCTACAATCTCTTTTTTAGTATCTTGTACTTCAGAAGCTTGCTTAATCACTTTAGCAGGTGTACCAGCAACAACTGCACCAGCTGGTACATCTTGTGTCACAATCGCGCCAGCTGCAACAATAGCACCTTTACCGACACGTACACCTTCTAAAATAACTGCATTTGCACCGATTAATACATCATCCTCGATTATAACTGGTGAAGCACTAGGGGGTTCAATCACACCTGCTAATACTGCGCCAGCCCCTACATGTACATTTTTACCAGTTGTAGCACGACCACCGAGAGTAGCATTCATATCAATCATCGTACCTTCGCCAACGACTGCGCCAATATTAATTGTTGCACCCATCATAACGACAGCACCATCTTCAATAATAGCTTGTTCTCTAATAAATGCACCTGGTTCAATACGTGCATTAGTATTTGTTAAGTCTTTTAATGGAATGGCAGAATTGCGACGATCCATTTCAATTTCTATATCTTCGAATTGACTACCATATGCTTCGTAAAAAGGTTTCCAATCATCTGCTTCACAAAAGATTACTTTAGATTGTTCTGAACCAAATACTTTAAAACTTTCTGGATATGTGATGCCTTCAAAATTGCCATTTAAATATACTTTAATTGGTGTAGACTTTTTAGCATCACTTATATATTGAATAATTTCTTCAGCTGTTAAATGTTGTACCATAAAATAATCGATCTCCTTTAATATGTTTATAGGTTGTCAAACGTATAAAAGCCGTTTGGTTTATTAACTAAGCGTTCTGCTGCTTGTATTGCACCATTCGCAAAAATATCTTTTGATTGTGCACGATGCGTGATTTGAATCGTTTCATCAGTGCCGGCAAATAGAACTTCATGTTCACCGACAATCGTACCTCCACGAATAGAATGAATACCAATATCTTGTGGCTGGCGTTTTTCATTTAATTCATGTCTATCATAAACAGGAGTTACATTTTCTTTCAAAGATACAATCACGTCATATAATTTTTCTAACGTACCACTTGGTGCATCTACTTTTTTATTATGATGTGCCTCAGTCAATTCGATGTCGAAATCATCAAGTAGGGGAACAGCAGCTGCTAAAATTTTAGTCAGTGCATGAACGCCATAACTCATGTTCGCGCTGAAAAATACAGGCATATTTTTACTCAATTCATCTAACTTATTAAGTAGTTTTTCTTTCTCACCAGTTGTTGCCACGACTAATGGCAAATGAAACGCTTCATCTAATAAAGGGAAAAGCAGATTTGGATTTGAAAAATCTATTGCAACATCGGCATCTTTAACATCAGCAATATGTTGGTATTGTTGATATGGCGTTGTTGCTTTCGATGTATTTTCAATGACCCCAACGATTTCATGTCCTTTTTCTTCTGCTAATCTAGCAACGCGTTGATTCATTGCACCATAGCCAATTAGTAATATTTTCACTCATTTTCACCCGCTTTAAATGTGTCATATGCTTCACGAAGCACTTTAGTATCTGTATCTTCTAGGCTAACCAATGGTAAACGTAATTCATAGTTTCCAAATCCTAAATAACTTGTTAAAGCTTTAATAGGAATTGGGTTAATATCAACTGATAGGGCTGATAACAGTGTGCCGATTGGTTTAAATTGATCTTGAATATCTAATCCACTTTGTTGAGCATCGAATAACGCTTGAAATTCTTTAGGAATGACATTGGCAATAACAGAGATAACCCCTTGACCGCCACGTTGATAGTATTCGACGACGTTGTCATCATTGCCACTATATAATGCAAATGAATTTGTATCAATTCGCTTTTTCACTTCTTCTAAATACTCAAAATCATTCGTAGCATCTTTTAAAGCTACAATAGAAGGATGTTGACTTAATATTTCTACAGTTTCTGGTTCAATAGTCATATTTGTTCTTGATGGCACATTGTATAGCACGACTGGTAATTTCACAGCATCTGCAATCGCTTCAAAATGTTTTACTAAACCACGTTGATTCGTTTTGTTGTAGTAGGGCGTAATTAACATAATTGCATCAGCCCCTAAGGCTTTAGCTTGGATTGAAGATTGGATTGACTTTTCAGTATCATTAGTTCCA
CP129557.1_gap28	865764	867734	1970	TTTCATTCGATATTCTAACGGAAGAATTATATCATATTATCGTCACAGTTTCGACCTCATATAAGTTGTAATGATAGAATGACTCACACATGTTATAATAATAAAGAATACAAGAATCGAAGGAGAATAACATGGCATTAGACAAAGATATAGTAGGTTCTATAGAATTCCTTGAAGTAGTAGGGTTACAAGGCTCAACTTACCTTTTAAAAGGACCAAACGGTGAAAACGTAAAGTTAAACCAATCAGAAATGAACGATGATGATGAATTAGAAGTAGGTGAAGAATATAGTTTCTTCATTTATCCAAACCGTTCAGGTGAATTATTTGCAACTCAAAATATGCCTGATATTACGAAAGATAAATATGATTTTGCTAAAGTACTTAAAACGGATCGCGATGGGGCACGTATAGATGTTGGATTACCTCGTGAAGTGTTAGTACCATGGGAAGATTTACCAAAAGTGAAATCACTATGGCCACAACCAGGTGATCATTTGCTAGTTACATTACGAATTGACCGTGAGAATCATATGTATGGACGTTTAGCGAGTGAATCTGTTGTAGAAAATATGTTTACACCTGTACACGACGATAATTTAAAAAACGAAGTCATTGAAGCCAAACCTTACCGCGTATTACGAATTGGTAGCTTCTTATTAAGCGAATCAGGTTACAAAATATTCGTACATGAATCAGAACGTAAAGCTGAACCGAGACTAGGTGAATCTGTTCAAGTTAGAATTATCGGGCATAATGATAAAGGTGAGTTAAATGGTTCATTTTTACCACTTGCACATGAACGTTTAGACGATGACGGTCAAGTCATCTTTGATTTACTAGTTGAATATGATGGTGAATTACCATTCTGGGACAAATCAAGCCCTGAAGCGATTAAAGAAGTATTCAATATGAGTAAAGGTTCATTCAAACGTGCAATCGGTCACTTATATAAACAGAAGATTATTAATATAGAAACTGGTAAAATCACTTTAACTAAAAAAGGTTGGAGTCGAATTGACTCAAAAGAATAATCATTTTTACACGTATCGTAGGATGCGTGTTTTTTATATTCAATATTAAATCGGACAGATGAAGTAGTTTTTTAAACATTCCTTTCAAAGTAAAAAATTAAATAATTCAAACGAATAGGCTGGGACATTAAGTTCTTAGGCAATGTAAAAAAGCTGATTTCTATTAATTATTTGATGGAAATTAGCTTTTTTGATATGTATTTTATAATGTACAGCTCGTTGAGCTGCTATTTTCCTTATATTAAGTGCCATTAATACAAAACCTAGCTCTCGTTTAACTTTATTTATTCCTCGAACTGACATTCGAGTGAAACCCAAAATAACCTTCATAAATCCAAAAACAGGCTCTACATAAATTTTTCTATGACTATAGATTTTTTTCGTTTCTGGTTCAGAAAGCTTTTGATTAATTTGGGCTTTAATGTATTTCAAAGTAAAATTACATGTTAATACGTAGTATTAATGGCGAGACTCCTGAAGGAGCAGTGCCAGTCGAAGACCGAGGCTGAGACGGCACCCTAGGAAGTGACCCATCATCAAAAATTCTATTTATAGAATTTTACAGTAATGTGCCAGATGGGCATAGCGAAGCCATTCAATACGAAGTATTGTATAAATAGAGAACAGCAGTAAGATATTTTCTAATTGAAAATTATCTTACTGCTGTTTTTTTAGGGATTTATGTCCCAGCCTCATTTTTTGTGTACATATTTAAATTTCGATAATTTTTCAGGAAGCAATTTAATTTTACTAATGAAGCAATATTTTTTAGATTAACAAAAATTAATATTTACATTTTCTTAACAAATTTTTATGTAACATTTACAGTTTCTAAAAATGAGGTTAATAATTCAAGGTTAAGATAAAGATGTAATCAATACAAATACTATTTGTTGTTCATACAGGGAGGATATTTCAATGAAAAAATGGCAATTT
CP129557.1_gap29	898968	902022	3054	ATAGTACGCAAAGCGATAAAGTAGTAGCATTAATAATACTTTTTCTTCAGGTACACCTAACGTTTTAAAGCCTAATAAAACAACTAAGTCGAAGGCACCAAAACCACCTGGAATAAAGCTGACTAATCCAGATAATGCAGCAATAATGAATATTGCAATAAATGACATAAATGAGACATGGACGTCAACTATGACACCACAGAAGTATAATACAACTGCAGCGGCTAACCATTCCACACATGACACTAATGTACAATACAAGCCTACATAACGATTGTTTTTATCGGGCGGTCTAACCATTGAATATATAATAAATAATGGTAAGAACAACGACACAGCATAAAGTACCCATCTCACCCACGTAATTTTATTTAAAATTAATGATGCATCAAAAACATGGAATACGATTAACAATGATAACAAACTTAAACCTGTCAACATTGAAATCAGTATTAATGAAATAAAGTGAACCAATTTCTTTTTATCATGCGTATAGTTTTTGTAAACCATTGCTCTTACACCGGCACCAATAAAGCCACCAAATCCTACAATCGCATTTAATGCATTAATGATATAACTTACTCTTAAAACTTTTCCTAATGAAATATCCATTTTTAAAGCTCTAGATAAAATCACATCATACATTGAGAGAATAACAAGCGATGCCCCACCACCAATAAATAATAAGACAAGGGACATACGGTTGATTTTACTAAATTCAACCAAAGTATCTTTAAAGTTAATCCCAGATAACTCTCGATACAACGTGATTACTACAAAAATAAATAAAGCTGTAGCAAACGTAATTTTTAAGATTGAAAATATTTTGTTTTTAACTTCCTGATTCATTTTTTCACATCAATTCTAATTATTTCTGTTATAAATCAAAATATATCATATAAACCATAAAAATAGCATATCATTTACCTTTGATTTATATAACACTTTTGTCATATTGACATCTGTATTAAGAAGTAAATAGAAAATATTTCTATCTCAAACAGAACAATATGGTTATCTATACTGATTCATATTTAACATAAAGAAAATGATGAATCAATACTTATGAAAAATATTATTAATTAACAGCTGATTATGAGTGCTTCTTAATATATCAAAATACCACTTGTTTTTATTTTCGACATAATAAAGAAGTACTAATCAAGTCACAAATACTCGTTTCATTATGCATGTGCTTTATAAATGGCTAAACTTTCATAAAAATTTATAAGCTAAACATGTGCTGATAATCATAAATTTGAACACCCAACATTATAAGCACCATAAAAATACCAACAAACGTATAGTCTATTGGTATTTTTAATTACTTATTCAACTATTTTATTACTTTCTTTAATATCATATTCACCTACATCATTACCATAGAAACGATTGTATCGACGTTTAAATAATTGGAATAAATGAGTAACTAATACTTTTAAAATAGCATATCCCGGAATACCTAAAATAACGCCTACAATACCAAGCAATTTGCCTGCACACAGTAAAATGAAAATGATTGTAAGTGGATGAATCTTAAGTGTTTTACCCATGATATTTGGTGAAATGAAGTGCCCTTCAACAAATTGTACTAAAGTCCATACTACTGCTAATTTTAAGAGCATCCACGGCGAAGTTATAGCAGCAATTACAATAGCTGGTGAAATCGCTATTGTAGGCCCTAAATATGGTACAACGCTTGTAACTGCAGCAATACTAGCTAATACTAAGCTATATTTCAACCCGATAACCGAATAACCGATAAACAACAGTATACCGATACAGAATGAAACGATAATTTGTCCTTGAATGTATGAACCAACTTGAACACTCATTTTTTCAAGTAGATCATGAAAATCTTTTCGGAATTTCGGTGGCATAATATTCGTTGAAAATTCTTTGAAGTGATGTCCATCTTTAAGCATGAAGAATAGTACAAATGGTGTTGTGACAATCACAACGCCAATATTAGCAATCGTTTCTGCAAACGTTGCAATTTTAGACCCAAAACCATCTGTAAATTCACTTAACATAGATGGTATTTTCTTAGGTAAAGAATTTAACCAATCATTAATTTGACTATAATACGAAGAGAAAAACGTATTATTTGCTATTTTATCAATAGAATTAATTAATTTTTCTAGATATTGCGGTGAATTTTTAACTAAACTATCTACTTGCGAACCAATAATAGGTATCAATAAATTAACAATTAACGTAATAACACCTACTACAGCTAGATAAATAATAGAAATACCTGCAACTCTTGGTATTCTATAACGCTCCATCATATTTACGATTGGGTTAAATAGATAGAATAGAATTAAAGAGACGATGATAGGTGCTGCTATCGTCTTAAAAACGATGATAAAAGGATCAAAAACGTATGATACTTTTTCGAAAATAAAAATAACAATACCCAACAATACTAGTGCTATTAATGAGAAGACTAAATCATTCCCACCAACAAACTTCATATACCGTGATTCGGTAAATTTTAAAAAGTTCTTTCTTATATTCTTTTCATTTTCATTCAATTATAGATTCACCACACTTAAAATATTCATAAGATGTTGTATAAAAACAGTCCACTTATGTAAAATTACTAACATCAATGATACCATACAAATGCCCTTTACAGTAACGAAACGCCCGTGTAATACACTTAATTTAGGATTGATTAATCCTTTCTTCAAAATGATGAATGTGTAATGTTAAATATATAATTTCAGACTCACTGATATTAACATCAAATTGTTTTTGTATCATAGTTAAAATTTTATATGCTGTATTATAGCAAATCGGATAGTGATTTTTTATCATCGACACAAAATCATCTTGTGCATGTATATATTCTTTTCTTCTTAATCGGCGAATTAAAAATTGTACATGTCTTATAAAACGTTGGTATTGTAATGATTCCTTATCAACAGTTGTCACAAGGTCTGATTCAATGATATCTATACCTTTTTTAATAACATTATTGATCAAGGTCATCTCATGCATAGATAAATCTTCAGTGTTAGATGCAATATGTAATGCAATAAATCCTAT
CP129557.1_gap30	918096	921787	3691	CTAACCTAGCTATTTCCATTTCAAATTCATGATAACGTTTTTTATAAGTATCCCTTTTCTGTTCTAATTCCGCTTGCTCGCCTCTCCAGGCTATTATTTCATCTATATCATTGTTATCAGTTAAGTTCAGCCTAGACATTTCCATTTCAATAGACTGTTCATTCAATTCTAAGTCATTATTGTAAGTTTCTAGTTGATTTTCATAGTGATTTAGATTATTTTGCTCAATTAACTTTCTTTGAGACAATTGTATTAACTTATCTTCAATCTCCTTTGAGTGTTCTTGATGTTGATTCACATCTTGAATATACTTCTTATAATCCACCTCAAAATTAGTGATATTATTATATTTTGAGAGAGTTTCAAATTCAGTGATGAGATCTCGACATAATTTCAACTCAGATTCATTTTTATTTAGACGCAATTGTTTATTATGAATTTGCAACGTTAAATTATCTTTTTCTTCTTTCATTTGTTCTATAAATTTATTAAGCTCTCTTTGATTATTCAATGCATTTTCATTTTCTAGCAGACGCTTATTCAACACTTCGAGTGAGAGATCACTTTGCGTTTTAATATTAATATTCGATATTTTTTCATTAACAAATTTAATTTCAGAATTATGTACAGCAATATTCGATTTCATAGTGTGGATATTTGCTTCAATTTCTTTAATTTCATTTTGACGTTTAGCAATACTGTCAAAATCAATATGATGCCCTAAATCCTGAATTTCATTACCACATATCGGACATTGATCTCCAATCTTTACAGCAGATTTAATTTCACTTATAAAGCTTTCTTTATCATTTAAGTCCAATTTTGATTTATCATATCGATCTAATTTTATTTCGAGATTCTTCAATATAGTTTTTTCTTCATTAATTTGATTCTCTAACTCTTGCTTACTACCTAATAGTTTATCTAATTCAGCTTTAGCTTTTTCATTTTCTTTAATTACATTAATTTCATTATTTATGTTAGTTATCGCATTATTTAGTTCGATAATTTTCTCGTAATCACTTTCATTATTACCTATTGAATCTTCGACCTTTTCTAAACCCTTAATTAGATTATTTAATTCATCACCTAATTGTTCACCCTCCGTTCTCAAGCGTTCAATATTGAGATAACTTTGTTGATACTTATTAATATCGTTAAATAATACTCTAGTTTTATCAATAAAAGAGATTTTGCTTTCAATTAAATCTCCATTTTCTTCTAACATTTTTTTCTTTTTGTCTATGTTTCGCTTATCACAAACAAGATTCAATATTTTATTATTGGTTTCAGAAATATCTTTTTTGCTATTAGCAATTTTAGTTTCAATTTTTTCTCTATTTTCAATATAATTCAATAGGTTTGTAATATCTTGTAACAACTTTAACTTAGCTTCAATTTCCTCTATTTCAGGTTGTTGCTCTTTCAATTGAACGAAATCAATTTTATTTATGTTGAGTTGATTAATATTATCTTTTAATATATTATTTTCTAGTGTTTTCTTTTCTATTATTTCATATTCTTTAATAGCAGTTTCTTTACTTTCATTTACAAATGCTAGTATTTCTTTCGACCTAGCTTGTAAAAGTGGTATATTTTCAATCACTTTGTCTATCTGTTGAGTGGCAACCTCTAATAAGCCTTTTATTTTGTCATCATCAAATGATTCAATTTCTTGCCATAAAAGGTCAATTTGTTGATATCTATTCTCGATTTGAGCTTTTTCTTTTTTTACTTCTTCTTTTAATATTTCTCGTATAGCTTCAAATTTTTCACTGTTAAACAGTGTTCTTAATATCCCTTGCTTTTCACGACTGTTTGATATTAAAAAGCGTTTGAATTCACCTTGAGGCAAAATAAACAATTGTCGGAATTGATCTGCATTTACTCCTAATATTTCAATAATGAATTGGGTACCTGAAATTACTTTACTTTCTCTAATTTCATACTTGCCATCCACCATCTCAAATACATCAAATTTAGCGTTTGTTTTTGTTGTATTACCTTCTTTGATAAAAGGGCCTTGTCTATGCACTTTATAAATTCGATTATTTAATTGAAATTCAAACGTTACTGACATCGGCTGTTTACCATCAGCGAAATGACTTCTCAAATCATTTTCTTCTCTTTGTTCAGTTGATGCTTTACCAAACAAGGCATAAGTCATTGCATCAAAAATCATTGTTTTACCCGATCCAGTCTTACCACTTATTAAAAACAATTCATTATTATCAATTTTAGAAAAATCAATTTCTTCTTTTAAAAAGGGGCCGAAATTATTCAACTTTAAATGTAATGGTTTCATTCATTAATCCTCCTTTCTCAATTCGTTTTCTAAAATATTTTTTATCTTTTTAGATTGGATATCCGATAATTCTTTATCAGTTATATGGTTATAAAACATTTCGATGATTGACATGTCATCTTTTTCACCTATTTCTATAGCATTATTTTCTTCATTGTAACTAAAAGTTTCATTCGTCAGCGCTAAAGTATTAGGATAAATTTGTTTTAAACTCATCATTGGATCAGTAATATGAGACATATTTTTAAGTTTAAAATGTAAATAATTATCTTTATTTTTCACATGAACTTTTTCATTAATAACATCATTATATTCGCCCGAGATAATTTCCAATTGTCTAAGCGGCTTAAGAGGAATAAATACATCGTTAATAATGCCATCATTAATTGTTACACGTCTATACCCTTTTGCTTGACCCGCTTCCGAAAATGAATACTGCAATAAGGAGCCACTATATTTAATTTTGTCGTCTTCTATACTAAATGGATGATGCAAGTGACCTAGCATGACATAATCAAATATATCAAAAACACCTTTCTGAACTGATTCAACCGTTCCAATAGTTAATGGTCTTTCAGAATCAGATGTCTTTCCACCTTGAACAGTCAGATGACTAATTAAAATATTGACGGCACCTTCATCAATTTCCGGTGCTATTGTTTCAATACAGCGCGTAATTCCTTGTTGATGCGTTTCAATGGTGTCATCTTCAAAATAGTGTTTCATTTCGCTCACAGTAGCATAAGGGAGTGTATAAAAATTAACCCCATTTATTTCTATTGGTGAATTAATCGATGTAAAATCTGTTCTTATAAATAACTGGTTATTTTCAAACCAACTCGCCCCATAGTTTAATCTCTCTTTACCATCGTGATTTCCGCTAATCATAATTATTGGTATACGCAGTTCTAAATTCAGCTTTCCAATCGCTTGTTCTAATAACATGATTGCATCTTTACTTGGATATGTTGTGTCATATAAATCTCCAGCTATCACAATGATATCAGGTTCTTCTTCTTTCATTTTTTCTACGAACGTATCTAAAATATACGCTTGATCTTCTAAAAGCTGTTTGCCATTTAATATTTTCCCTAAGTGCCAGTCTGCTGTATGTATAATTTTCATTACTGCCTCCATATAGAACATTTGTTCGCTTTTATTTTAATATAATCATTTCACCTTTTCAAGTAAAATTAAAACCACTCATTGACTGATTTAGAAGTCGATCACAAGTGGTTTTGAAAGTAATTAATTGATTAATGTTTTCTTTAGTTTTTTGTATTTATATAGCATTGCTGCTCTCCAAGGAACAATCATACAGAATGCTAATAAAAAGAACATGCCGCCTAATTCTCCAGGATCTATTTCATTACTAATGAATATTTT
CP129557.1_gap31	923133	925198	2065	TGAAGCTAATAGTAGGAATTCTGGTGTCTCTTCAGAGCCATAAACTGTATAGGCACCTTTTCTAACGCCTTCTTCAACTACATCTTCTGGTACATCTAAAACCGGTAAGTTTTGACGTGTCAATACTAATGAAGTAGGTGTAGATTCAGATTCTAAGGCAACTTCCCATGCTACTCTTGTTTCATTACCATCTGCAGGACGGATAACATTCATATTTGGAATGGCTCTTAGTCCAGCTAATTGTTCAATTGGTTCATGAGTAGGACCATCTTCACCAACTGCAATTGAATCATGTGTGAAGATGAAAGTAGCATTTAATCCCATAATTGATGATAAACGTAACGCTGGTTTTAAATAATCACTAAATACGAAGAATGTTGCACCATATGGATGTAAACCTCCATGTGCAGCCATACCATTTACAGCAGCACCCATAGCAAATTCACGTACACCAAACCACACATTTTTACCTTCAGGTGTTTCAGAACTATAATCTGTTGCATCATTTACATTGGATTTGTTTGAACCAGCAAGGTCTGCTGATCCACCAAAGAATGAAGGGACAGTTTTACTGATTGCTTGAATAACAGTACCAGAATCAGCACGAGATGCACCATTATGACCAAGTTCAAAACGTGGTAATTCATCCTTATAATTTTTAGGCAATTTACCACTAATCGCTAATTTAAATTCTTCTGCTAATTCAGGATATGTTTCCGCATATTTTTCTAATAATGAATTCCATTGAGATTCATCTTCATTAGCACGTTTTAACATAGTATTTTGGAAAATTTCGTATACTTCTTCTGAAACATTAAAACGTTTTTCAGGATCTAAACCGTAATTTTCGAATGTTAATTTTCTTTCATCTTCACCTAAAGGTGCCCCATGAACACCATTAGTTCCTGCTTTATTCGGTGAACCAAATCCGATTGTTGTTTTAACTTCAATAATTGTTGGTCCTTCTTGAGATTTAGCTGTAGTAATCGCTTTATCAATTTCTTCTAAATCATTACCATCTTTAACTAGTAAGTAATTCCAACCATATGCTTCAAAACGAGCTTTTGTGTTTTCAGAAAAAGCTTTGTTTAATTCGCCATCTAATGAAATATCATTTGAATCGTATAAAACAACTAATTTACTTAATTTATTATGTCCAGCAAATGAAGCTGCTTCATGCGAAATACCTTCCATTAAATCACCGTCAGAAGCTAATACATATATGTAATGATCTACAACATTATATCCTTCTTTATTAAATTTCCCTGCTAGGTGATCTTCTGCTAAAGCTAATCCAACTGACATAGCAAAACCTTGTCCAAGTGGTCCAGTAGTAACTTCTACACCATCTGTATGTCTGTATTCAGGATGACCTGGTGTTTTAGAACCCCATTGTCTAAATTGCTTTAATTCTTCTAATTCTAAACTACCAGAAACATGTAACAAGCTATACAATAGTGCTGAACCATGCCCTGCAGATAATACGAAACGGTCTCTATTGAAGTAATCTTTAGATTGTGGATTAAAATTCAGATGACGTGTCCACAAAGTGTAAGCCATTGGGGCAGCTCCCATAGGTAATCCTGGATGACCAGAATTCGCTTTTTCGATTGTGTCAATACTTAGTGCACGTAGCGTATCAACAGCTAATTGATCTTTTTCATTAAACATCTTGTGTATCTTCCCTTCTTCAATTTTATCAAATACATTATAACTTATTTTAAAATAAAAAGATAAGTAAAATACTTATTTCAAGTTATAATGTCAGAAAATTCTTTACAGATTTGTGTTTTAATTTTTATTATCTCTTTTTTGTTGTATCTCTTTAATTTTTTCAGGTGTTACATCATTACCTTCTGGATCAATTACTTTAGTATTTTCAATTTGTTGTTTAAACCCTTTTCTAAAACTCTCAAGATAAGCTTTTCTTAACGCTGTTTGCTCCTTTGCTTCTTCTTGAGTTAATCCTACTTCTTTTTTCTTTTTAGCTAACTCATTAATTCTTTCGATATTCAAATCAGAATTACTCAATTAAAAAACCTACCTTCAATTTGTTTATTCAATC
CP129557.1_gap32	926600	928047	1447	TTTGGTTTATCTGTTGTCATCATGTTTATCTACTTCCTTACAGACAAACATTACCCTTTAATCTCATGCCAAAAACATTAACCAGTATAATTTTCTGTCCAAAAAGGTTGTTTTTCATCATTAAAATCAACACCTACACCTAATATTTTAAACGTATCATTTAAAATATTTTTTCTGTGACCAATAGAATTCATTAATCCTTGATGTGCATAGATACTACTAACTTGACCATATGCTAAATTCTCTCCGGCTGAGTTAAATGTAATACCATCTTTTTTCAATCGATCAAATGGTGATTGACCTTTTAAATTTGTATGATCAAAATAATGATTTTTTGCCATATCTTTACTATGCTTACGAGCAGTTTCAGAATTCTGTTTAGAATACTTCAATGTAGATAATTGATGTTGTTTTCTTTCAGCATTAACTAAATCAAAATTTTGTAGTTCAAAACTATCTGCAAGCGATTTCGAAGGTGCTCCATATTGTTCTTTTAATCTATTTTCCATAGCATCACTTACTTGTAAAACAGCTGTTACATTATTACGTCGATGCTTATCATAAAATACCGTCGTATAAATGTGATTTTTATGGAAAACATCATATTCTTTATTATTTTGTTCGTAACGCACTCTACCTTTAACAATCTCTGTTTCTGGTTCACCTAATCTTTGCCTTACAACCGATTTCGGTGTATTGTATTTAATTTTTGATTTTGAAGTGATGATATTTTGATTTGTATATAACGCATTTACTTTATCTTTAATGTAACTTACCATTATAAAATTATTGTAATCACCATCATAATACGTATACCACTTCGTGCCATATTCATTAAATGTAACTCTTTTGGGTTTATTCAATGTTTTCTCAACATCTGACTTTGACATATTCATCTGAATGTTATTAAAGGCAAATTGTTGTTTCTTCGGCGTATCCAATTTATTTTCTGCAGAAATTGTTTCTTTATTGATGTGAATGTCAATATATTGTCTTACTTCATTTTGTAAATGAATGAATGGTTTAAATTCTGTTATTGGCGCAATGATAATAATTGATAAAAACGCAACAACAGTTACTATGAATTTTTTAATTTACATCACCTACTATAAATATTAATCTCTATCACCGTTGAAAATAGAGTTTCTAACAATAACATAATCTACAGTACGTAATGATTTCAAGTCTTTTCCACCGGCATATGAAATTGAGCTTTGTAAATCTTGTTGCATTTCTTTTAAGGTATCCATTAATGAACCCTTATGTTCTACAAACATTTTTTTACCTTCTACATTTTTATGTTCGCCTTTTTGAAATTCAGATGCACTACCAAAATATTCTTTATACTGTTTACCATCAAGTTCTACAGTTTCACCAGGTGATTCTTCGTGTGCCGCAAATAATGAACCAATCATGACCATTGATGCACCAAATCTAATTGACTTAG
CP129557.1_gap33	977145	981878	4733	ATATCACCATGTGTACCATAAATCATTTGCATTAAATCTGACTGTTCTTGTTTCGTAGGTAATCCAGTAGAAGGTCCACCTCGTTGGGTATTAATAATGACTAATGGCGTTTCAGTCATACCAGATAATCCAATTGCTTCCATCATCAAAGATAAACCTGGACCAGCACTAGCCGTAAACGCTCTGACTCCACCATAATTTGCACCAATAGCCATAGTTACAGCAGCAATTTCATCTTCTGTTTGAATAACCGCTCCGTTTACTTTAGATATATTGGCAATCATATATTCCATAACTTCAGACGCAGGTGTAATAGGATATGCCGCCATAAATTGTGAACCTGCAGCAATTGCACCTAATCCAATGGCATCGTTACCAATCATATATAGATGTGGTAGTGCATCTGTTGACTCTAATTCAAAGTCCCCGTCGATTTCAGGTAAGCGAGATTGCATTAATTGATAACCTTCGTTTAATGCTTGGATATTGACTTCAACTACCTTGTCACCTTTTTTAGAAAACATATTAGTAATAAGTTCTTCAAATGTATTTGTATTCAAATTCATCAATGCGCTAGTAGCACCTATTGCAACCATGTTTTTCATTAATGCTGTACCTAATTCTTTAGCGGTTGCTGTAAAAGGTAATTCAATAAGCTGTGCATGACATCCTTCTGGTTTCACAGGTTTAGCCTTGGCATCAGCTAAAATGATACTGTCTTCTCTCATTTCATGATGGTTAACATCAATTGTTTCTTGGTCAAATGCAATCAAAATATCTAAATCATCACTAATTGCATGAACAGGCGTCGTAGAAACTCTAATTTTATTATTCGTATGTCCACCTTTGATACGACTTGAAAAATGTCTATATCCATATAAATAATATCCTTTTCTATTCATAGCCGTAGCGAAGATTTCCCCAGTTGATTCAATACCTTCGCCTTGTTGACCGCCAACTTTCCACGATAATTGTGGTTTCATAGTTATATGCCTCCTATGGATATATTTCATATTAAATGATAACAAAAAGAACCACCGATTTACTATGTAAACAGTGGTACTATATTAAATTCATACTAATGGACGATAGGGTCCAATTAGAATGTTTACTTACGTAATTTTAAAATGTTGAAAATGGATGGTCATCATTTATCAATATACGTTCGATGTGCTTTGTTTTACCTTCTTTGTCCAAATCAATAACAACACCAGATAATACACTTCTACCTTCATTTGGAACAACATGTCTTTGTGGCAAACTAGTGATAAAACGCTCAATTACCTCTGTTTTATTTATTCCTAAAATGCCGTCATAAAAGCCTGTCATACCAACATCCGTTATATACCCTGTACCCTTTGGTAAAATACGTTCATCTGCTGTTTGAATGTGTGTATGCGTTCCAACAACAGCGCTAGCTCTACCATCTAAATGCCATCCCATTGCATACTTTTCAGAAGTTGTTTCTGCATGAAAATCAACAAATATAAACGGAGTTTGTTCTTGTGCTTCCTTGACTAATTGATCTGCCTTTTTAAAAGGATCATCAATATCTGGCATAAACGCTCTTCCTTGCAGATTAATAACTGCAAGTTTAATATCATTAATTTGTATAAATCTCATACCAATTCCCGGCGCTTCATCCGGAAAATTCGCTGGTCTTACTAGTCGTTTAGCTTCATCTATAAAATCATAAATTTCACGTTGACCATATGTGTGATTACCCATAGTCATGAAATCTACACCATTTCTTAGTAATTGTTTATATATTTTTTCAGTCAAACCTTTACCATGTGCTGCATTTTCAGCATTTACAATTGTAACTGTTGGTTTATACTTTTGCTTCAGTTGAGGTATGTACGTTTCAATTGCGTCTCGTCCAATTTTACCTACGATATCCCCTATAAACATTATTCTCATGTTTTGTTCATCCTCTCATAAATACTAGTTTAATTCATACGTTCTAATATTTAAAGTAAATATTAAATTCTTTGAATTATTTTTCTTCAATTATAGAGAGACATTACTTTGTCTGAAAACTTCAATATGTTAGTATTAAGACATCAAAATAAATAGGAGTTGTAAATAAATACATGTCTATTAATATTGATCCAGAAAAATTTGCAGAATTAGTAGTTATGTCTAACCCATCAAAATTCGAAGATGCAGAGGATATAGCTAAAGAAAGTTTAAAGCTTTACATTAATGCATATCGTTTAGCAGAGAGATATTCAACAATTGCAACAAATTGTTATGATACTGCAGAAGTTATAAAAGAATTAAAGAAAACAGATTTACAATTAAAATAACTCACCTTAGAAATAAATACTAATTAATATTGCAGAAGAGAAGATGTGTTACATCTTCTCTTCTTTTTTGTTAGTTAGAAAAAGCAATCACCTTTATAGGTTTACATAATATAAATATAGTAATTATGAACCTAAAACATTTTTATTAAAAGCAATAACTTCTTATTTAATATAAGGTACGTCTTACTTTCAAATAACTACTGTTTAATATAGTTATTACCAATAAAGTGCTGTCTAACTAGATTGAGACTACAACTTAAAAAAGCTCCCTCACTAATTTGTGAGGGAGACAAAAATTATTTCGCATATTCTACTGCTCTAGTCTCTCGAACAACTGTCACCTTGATATGACCAGGATATTGTAATTCATCTTCAATCTGATTTTTAATATCTCTAGCCAATCGATAAGATTTTAAATCATCAATTTCTTCAGGAGATACAATCACTCGGATTTCTCTACCTGCCTGAATCGCAAATGCTTTTTCTACACCATCATAACTTTCTGATAACGTTTCTAAACGTTCTAATCGACGAATATAATTCTCTAATGTTTCTTTTCTTGCACCTGGACGAGCCGCAGACAATGCATCTGCAGCAGCAACAAGGATAGATATAATAGATGTAGGTTCAACATCACCATGGTGAGAATGGATTGCATTAATAACTGTTTCATTTTCACCATATTTTTTCGCTAATTCTACACCGATTTCAACATGACTACCTTCTACTTCATGATCAATTGCTTTACCAACATCATGTAAAAGTCCAGCTCGTTTCGCTAATGTCTCATCTTCGCCTAGCTCAGCAGCTAACATACTAGCAAGATGAGCAACTTCAATTGAATGTTTAAGTACATTTTGACCGTAACTTGTACGATAGTTTAAACGCCCTACAATTTTTACTAAGTCAGGATGCATATTATGTGCGTTCACTTCAAATGTAGCTTGTTCACCTGCTTCTCTTATAATATCGTCTACTTCTTTTCTAGCTTTTTCGACCATATCTTCAATTCTACCTGGATGAATACGTCCATCAGATACTAAGTTAACAAGTGCTGTTCTAGCAATTTCTCTTCTTATTGGATCAAAACCAGATAATATAACTGCTTCTGGTGTGTCATCAATAATTAAATCAATGCCAGTTAAAGTTTCAAGTGTACGGATGTTTCGTCCTTCTCGTCCAATGATTCGACCTTTCATCTCATCATTAGGTAAGTTAACTACTGATACCGTTGATTCACTTGTGTGATCTGCTGCTAATCTTTGTACTGCTGTAGCTAATAATTCTTTTGCTGTTTTATCAACTTTTTCTTTAGCTTCTTTTTCTTTTTCTTTAACAAGTACTGCAATATCTTGTGACAGTTCTTCCTCTACTCTTTGAAGTTGCTCATTAATAGCTTCTTCTTGAGTGAGACCGGAGATGCGTTCTAATTCTTGTTCATGCTTCATTATTAACGTTTGAACACTACTCTCTTTTGCATCTACTTGTTGTTGTTTTTCTTCAATTTTTGATTCTTTTTGCTCTAAAATCTCATCTTTTTTATCTAATAGATCAGATTTACGCTCTAAGTTTTCTTCTTTTTGAAGAAGTCGGGTTTCTTGTCTTTGAAGTTCGCTACGTCTTTCTCGTAGTTCTGCTTCAGTTTGTTCTCTTAGGATTTGGTTTTCTTCTTTTGCCTCAAGTAATTTCTCTTTTTTGATATTGTCGGCTTCTTTATGTGCTTGATTTACAATATCTTCGGCAGTTTGTCTAGCTTGTGATTGCTTTTGAAGCAACAAATTTCGGGCAACAACATACCCTCCAACAACTCCTAGAATGATCCCCAGCAAAATGAGTAGGAGGCTTAATAAATTCACACAAACACCTCCTTTTCTAGGGTTTGCTCTTTATATGAAATTCAATATGACTTTATGAAATTATATATAAATCATACAAATTAATTGTACGGTTTATAGGAGATAAGTGTCAAGTTATCAATTTGCACTTTTGCACTTTATTGAATGCTATTTCTACTATTTTCTAAAGTTTTGAAGCTCGATTATAAAACTATTGATAATGTAATAGTAAATAACATAAAAAACCTTATAGTCTCGATTTGAAGTGCATCCCATAAAGTTAGATATTATTCCAGCTTTATGAGATGAATATCACTTTCAATCAATCCTATAAGGATATTTGCTAAGTTTAACTATAGATATAAATTTGTGTACTATTCTTCGTCAAATAATGACTTTGGTGCATCTTCTGTTTCTTCAACATCACCATCAGATATGCCTAATTTTTCTCTCAATTTACGATCAATTTCTTCTTTAATTTGTGGGTTTTCTTTCAAGTACATTTTAACATTTTCCTTACCTTGACCCATTCGTTCGCCATTGTAAGAATACCATGCTCCTGATTTATCAACGATGTCGTTTTCAACAC
CP129557.1_gap34	1152161	1156666	4505	TCAAAGCACACAAGTTTCTCAAGCAACATCACAACCAATTAATTTCCAAGTGCAAAAAGATGGCTCTTCAGAGAAGTCACACATGGATGACTATATGCAACACCCTGGTAAAGTAATTAAACAAAATAATAAATATTATTTCCAAGCTGTATTGAACAACGCATCATTCTGGAAAGAATACAAATTTTACAATGCAAACAATCAAGAATTAGCAACAACTGTTGTTAACGATGATAAAAAAGCTGACACTAGAACAATCAACGTTGCTGTTGAACCTGGGTATAAGAGTTTAACTACAAAAGTACATATTGTCGTACCTCAAATTAATTACAATCATAGATATACTACGCATTTAGAATTTGAAAAAGCAATTCCTACATTAGCTGACGCAGCAAAACCAAACAATGTTAAACCGGTTCAACCAAAACCTGGTCAACCTAAAACACCTACTGAGCAAACGAAACCAGTTCAACCTAAAGTTGAAAAAGTTAAGCCTGCTGTAACTGCACCAAGCAAAGCTGAAAACACACAAACTACAAAAGTTGTAAGTACTGAAGCTACAAAAGATCAAAGTCAAACACAAAGTGCTCGTACAGTGAAAACAACACAAACAGCTCAAGAACAAAATAAAGTTCAAACACCTGTTAAAGATGTTGCAACAGCGAAATCTGAAAGCAACAATCAAGCTGTAAGTGACAATAAATCACAACAAACTAACAAAGTTACAAAACAAAACGAAGTTCATAAACAAGGACCTTCAAAAGATTCTAAAGCTAAAGAATTACCAAAAACTGGTTTAACTTCAGTTGATAACTTTATTAGCACAGTTGCCTTCGCAACACTTGCCCTTTTAGGTTCATTATCTTTGTTACTTTTCAAAAGAAAAGAATCTAAATAAATCTTCGTCACACTCATAACTTAATATATTTTTTATTTTAAATTTTATTTAACCTATGTTATAGATATTCCATAATCTATAACATAGGTTATTTTTTTATAAAATAACGTTGCAATTAACTACCATTTCAATGTACAATACAAGTAATCAATTGATAATGATTATCAGTTGATAATATACAATTAGGAGTTGTTTCTACAACATGAACAAACAGCAAAAAGAATTTAAATCATTTTATTCAATTAGAAAGTCATCACTAGGCGTTGCATCTTTAGCGATTAGTACACTTTTATTATTAATGTCAAATGGCGAAGCAAAAGCAGCTGAAGAAACAGGTGGTACAAATACAGAAGCACAACCAAAAACTGAAGCAGTTGCAAGTCCAACAACAACAACAACTGAAAAAGCTCCAGAAGCTAAACCAGTAGCTAATGCTGTCTCAGTAGCTAATAAAGAAGTTGTGGCCCCTACTACTGAAACAAAAGAAGTTAAAGAAGTTAAAGCCCCTAAGGAAGCAAAAGAGGAAAAACCTGCAGCAAAAGCTGACAACAATACATATCCTATTTTGAATCAGGAACTAAGAGAAGCGATTAAAAACCCAGCAATAAAAGATAAAGATCATAGCGCACCAAACTCTCGTCCAATTGATTTTGAAATGAAAAAGAAAGATGGCACTCAACAATTTTATCATTATGCAAGCTCTGTTAAACCAGCTAGAGTTATTTTCACTGATTCAAAACCAGAAATAGAATTAGGTTTACAATCAGGGCAATTTTGGAGAAAATTTGAAGTTTATGAAGGTGACAAAAAGTTGCCAATTAAATTAGTATCATACGATACTGTTAAAGATTATGCTTACATTCGCTTCTCTGTTTCAAATGGAACAAAAGCAGTTAAAATCGTAAGTTCAACTCACTTCAATAACAAAGAAGAAAAATACGATTACACATTAATGGAATTCGCACAACCAATTTATAACAGTGCAGATAAATTCAAAACTGAAGAAGATTATAAAGCTGAAAAATTATTAGCGCCATATAAAAAAGCGAAAACACTAGAAAGACAAGTTTATGAATTAAATAAAATTCAAGATAAACTTCCTGAAAAATTGAAAGCTGAATACAAGAAGAAATTAGAAGAGACGAAAAAAGCTTTAGATGAACAAGTGAAATCCGCGATAACTGAATTCCAAAATGTACAACCAACAAATGAAAAAATGACCGATTTACAAGATACAAAATATGTTGTTTATGAAAGTGTTGAGAATAACGAATCTATGATGGATACTTTTGTTAAACACCCTATTAAAACAGGTATGCTTAACGGCAAAAAATATATGGTAATGGAAACTACTAATGACGATTACTGGAAAGATTTCATGGTTGAAGGTCAACGTGTTAGAACAATTAGCAAAGATGCTAAAAATAACACTAGAACGATTATTTTCCCATATGTTGAAGGTAAAACTCTATATGATGCTATCGTTAAAGTTCACGTAAAAACGATTGATTATGATGGACAATACCATGTCAGAATCGTTGATAAAGAAGCATTTACAAAAGCCAATGCCGATAAATCTAATAAAAAGGAACAACAAGACAACTCAGCTAAGAAGGAAACTACTCCAGCTACGCCTAGCAAACCAACAACACCACCTGTTGAAAAAGAATCACAAAAACAAGACAGCCAAAAAGATGACAATAAACAATCAGCAAGTGTTGAAAAAGAAAATGACGCATCTAGTGAGTCAGCTAAAGACAAAACGCCTGCTACAAAACCAGCTAAAGCTGAAGTAGAATCAAGTAGTACAACTCCAACTAAGGTAGTATCTACGACTCAAAATGTTGCAAAACCAACAACTGCTTCATCAGAAACAACAAAAGATGTTGTTCAAACTTCAGCAGGTTCTAGCGAAGCAAAAGATAGTGCTCCATTACAAAAAGCAAACATTAAAAACACAAATGATGGAGACACTCAAAGCCAAAACAATAAAAATACACAAGAAAATAAAGCAAAATCATTACCACAAACTGGTGAAGAATCAAATAAAGATATGACATTACCATTAATGGCATTATTAGCTTTAAGTAGTATCGTTGCATTCGTATTACCTAGAAAACGTAAAAACTAATTAATCGTCTTTATATTTAATTATTAAATTAACAAATTTTAATTGGCAGATGAGGTATTCCGATACCTCGTCCGCCAATTATTTTTTGCAATATAAAAAGTCCCACTTAAAACAATTATTTTAAGCGGGACTTTTTATATTGAGTAACTAAAATTATTTAGCTGCTACTTCTTCACCATTGTAAGAACCACAGTTTTTACATACACGGTGTGATAATTTGTATTCGCCACAGTTTGGGCATTCAGTCATACCTGGTACTGAAATTTTGAAATGCGTACGACGTTTGTTTTTTCTAGTTTTAGAAGTTCTTCTTTTTGGTACTGCCATGATATATCCTCCTTAGATTATAAACGAAAAATACTAAATGTTAGTTTAATTAACAACATTATATCATTAATTAAACTACTTATTGCTCTTTATCATATAATTGTTGTAATTTTTGAAGCCTTGGATCAACTTGTCGTGATTCTGAATCATCTTGTTCTTGCTGTTTAGCAAGCTCATCTAATTGATCCTCATCGATTACTTCCCAACCATTACCTACTGTCAACATTTGGTCACTTTGCTCTGAATAAGCTCTCATTGGTTTCTCAATAATAACTATATCCTCGACAATATCCTGAAGATTAACCATACCATCGTTAATAATGTGATAGTGTTCATCTACATCATCTTGACCATCGTTATACTGATTGTACCCTTCTAAATCAAATACTTCTGTAGTAGTTACATCTAGTGGGACTTTAACTGGTACAAGAGTACGTGCACAAGGCATTGTATACGTTCCAGTAATGTGAATATCCGCAACGACTTCTGTTGACTTAATGGTTAACTGACCTTGGATTGTAATTGGAGATAAATCAATTAAATCTAATGATTCTTTTAAATTGTCAAAACTCACCGTTTGATCAAATTCAAATGGCTTACCTTGATATTTCCTTAATTGCGTAATTGACCATTTCATATGGCTTCACCTCTAACAAGCACAAAATTTATTTTAACTTTCTAAGAACAAGTTGTCAAGATTTTTTCTTAACATATCATGTTCTGTTACAATATTAATAATGAATACCGAAAGGACGAATTGCAAATGAAAAGCGTTGGCTTAATCACAGAATATAATCCCTTTCATAATGGGCATCAATATCATATTAATCAATCTAAAAAACTTACAAATGCTGACGTTACTATTGCAATAATGAGTGGTAACTTTGTCATGCGTGGCGAACCAGCAATCTATAATAAGTTTACTCGTGCAAAAATGGCATTATCAACAGCTGATTTAGTTATAGAACTACCAGCAACTGCCAGTTTATCATCTGGCGATCATTTTGCCGAACTAGCAGTTAAAGTCGCAGATTATATGAGTGTCGATACAATTGCATTTGGTAGTGAAAATAATGATATCAAAACATTAAAACAATTAGCTCACAGCATTAATGAAATTGAACAATCCGAATCCTTTTCACAAAAAGT
CP129557.1_gap35	1352457	1357307	4850	AATATCTTTACGCAAAAATAGGACATAATCAAATATGTCCCTAATCGTAATTGATATCAATTTGTATCCCAAAAATTGGGTTAATCATTAAAAAGTTATTTTATTAGCAGTTTTCAGGATTACCTGCAACTTTTGCAGTTCTAAATGAACTACCACAGCCACATGAAGCAATTGCATTAGGATTGTCGATTTGGAAACCGCCACCCATTAATGATTGCTTAAAATCAATAGTCGTACCATTTAATACGGGTGCATCTTTTTTGTCTACTAAAACTTTTAATCCAAAATATTCTAAGACTTCATCATTTTCACCAGGCGCTTCTTCTGCACCCATACCGTATGTTAAACCAGTGCACCCGCCACCATTCACTTTAATTTTTAAATAGCCATCTGGCATTTCATTTGCTTTAAGCATATCTTTTACTTCGTAAGCAGCTGCTTCTGTTAATATAACTGTTGGCATGATAACTCCTCCTTAAAAAATCCAAGTTTCTTTTATATGTGCATATATATTTTGTAATAATTCTTCCGGCGAATCACCTTCAACAATATCACCATTTACTAAAGCATACAACCCGGCTGAACATATACCACAATGTGTCAGGCAACCATACTCTAACACATCGACATCTGGGTCATTTTCCAGTTGATTAAAAACATAATCTCCACCTTTTGCCATGTTAGAGAGACAAAATTCTACGATCGGATTCATACTTCACCTTCTTATTTCATTTGTTACAATATTATAGCATTTTAAAACTGGTATTTTAACATGATGTGCTCAATTAGCAACAACTGATGTTTCTTATCCCAGTTATGTAATAGTGCCTTAGTTAGGACAAATATTTATTTGTAGTCATTTTCAAAAAAATATATAATAAGCATATAAATACATATTTACTTTTTTAGGGGTTATTGATGAATCAAAGACACTTGCATTTTATAACTGTTCATTAACAAATATATCTATGCACTTTGATCTTTTCAAAATTAAAGTAAATATTAACATATAAAAGGGGTACTTCATTATGAAAAACTTAGTTTTGTTAGGCGGCGGATATGGTAATATGCGTATCATGTCACGCATTTTAACTACATCTTTACCACAAGATTATACAGTCACATTAGTTGATCGTATGCCATTTCATGGATTGAAACCAGAATTTTATGCTTTAGCTGCGGGCACGAAATCAGATAAAGATGTTCGCATGAAATTCCCTAATCATCCACAAGTGAATACGGTTTATGGTGAAATTAACGACATAGATTTAGATGCTCAAATTGTCTCAGTCGGTAATTCTAAAATTGATTATGATGAGCTAATTATTGGTTTAGGATGTGAAGATAAATATCATAACGTTCCAGGAGCCGAAGAATATACACATAGTATTCAAACACTCTCAAAGGCTCGGGATACTTTCCATAGTATTAGTGAACTACCAGAAGGTGCTAAAGTTGGTATCGTTGGTGCTGGATTAAGCGGCATAGAACTTGCCAGCGAATTAAGAGAAAGTAGATCAGACTTGGAAATATATCTTTATGACCGTGGGCCACGAATTTTAAGAAATTTTCCAGAAAAATTAAGTAAGTATGTTGCGAAATGGTTCGCCAAAAATAATGTTACCGTTGTTCCAAATTCAAATATTAATAAAGTTGAACCTGGTAAAATATATAACTGTGATGAACCTAAAGATATTGATTTAGTTGTATGGACAGCAGGAATTCAACCTGTTGAAGTTGTTCGTAACTTGCCGATTGATATAAATAGTAATGGACGTGTGATAGTTAACCAGTATCATCAAGTACCAACATATCGTAACGTCTATGTAGTTGGTGATTGTGCTGATTTACCACATGCGCCAAGTGCTCAGTTAGCCGAAGTTCAAGGTGATCAAATTGCCGATGTGCTTAAAAAGCAATGGCTAAATGAACCATTACCTGACAAAATGCCGGAACTAAAGGTACAAGGTATCGTTGGGTCATTAGGAGATAAACAAGGTTTTGCATATATCATGGATCGCACTGTAACAGGACGACTCGCTTCTATTTTAAAATCCGGCGTACTTTGGTTATATAAATATCATAATGGTTAAAAATTAAAAAGCAATGTCAGTTCACACTATTACTGACATTGCTTTTTATTATGTGTATATTATTGATTCACAAGCTTTTGGTCTATAAATCGAGTGATTTGCTTTGTTTGTATATAACCATCTGCTACATATTCATCGTTCATTGTAATTAATGGATAAAATAGTTCATCTTGTTCTATTCTTTCGATAAATTGTAAATCATGATCTGTTAAGTTGTCATTATCTTTTGTAATATCTATATACGTATATTTAAATGATATATTTGGGTATTTTCTTTTTAATAGCGGCTGTAGCCAGTCATAAATATCTTTCGATGTTGGCGCATTAACGCAACTTGCACATATAACATCTGCCCCATATACTACCACACTCACGTGCTCCATATATTTATCCCCCATTAGTTTGATAGATTTTTATTACACTATCTATTATAATATACTAATAAAGATTATCAAATTCATCTCTCGAAAGGAGACTTGCCTGATGCCTACTGAAGATACAACGATGTTTGATCAAGTAGCAGAAGTTATTGAACGTCTTCGCCCATTTTTATTACGTGATGGTGGCGACTGCTCATTGATTGACGTGGAAGACGGTATTGTTAAATTACAATTACATGGTGCATGTGGTACATGCCCAAGTTCTACAATCACTCTTAAAGCTGGTATTGAGCGTGCATTACACGAAGAAGTGCCTGGTGTAATAGAAGTAGAACAAGTATTCTAATATAAAGATATTAAGTTAACAGAACATATTATGAATAACAACAAAGACAGGAATACTGAATTATTTATAATCAGTTATTACCTGTCTTTTTTCGCTGTCAAATTGGACTGATGGGAAAGTTATTTTATACTATTTATCTGATTAATTATTTTATTATAGCCACATATCCAAGCGCATATTACTATTCTATTCTATGAAATTTAAAATATAAAAATAGCACATACGCTCAATCAAAATCGTTGAGTTATGTGCTATTTGTATTTTAATTTTTAGGTTTATCTACTTCAGGTTGTGGTTCACCTTTCATATGTTTCGCAATTTGCTCATCCATATAAACCCAACCTTTCCAACCGATGTGTACGGCATCACTGATAACATATTTTTCATAATCTTTATCAGTCATATCGTAAATTTTACCACCATTATCTACAACAGTAGAATGGATTTTTTTATACACTGCTTGACGACGTTCTTTGTCGATGCCAATGTGGTCATACCATACACCGTTTGATGGAATACTTACATATTGAACATCTGCACCAGCAGCACGCATTGTTTTTACAAGTAATTCTAAATCTTGGAATTCTGGAGAATTAACATTGAATTCATAGTCACGTCTAACTTTACGCTTACTTTCTTGAATTAATTTCCAGTATTGATCTCTAATACCAAATTTATTCGATGTAGTATCAGCTTTACCAATTTCAACTGCTTTTTGTTTCATCTCATCCCAAGAAGCGTCTGGTTTTGTAGCAGGTTTAACATGTTCTAATGGAGATTTATCCATTGCAAACAATGATTTAATCGCTTCTATTTTAATCAATTGATTCTCTTTAAAACCAGAAATATAACTATCTTTAGTTTCTTTAGGGTTTTTAGCATAAGATTTCAAGTATTCTTTATTGTGTACATGTGGAAACTGTAATAAACGCTGTGCATAACGACGTTTTAATTCAGTAGACATGTTTTTCTGCTGGAACATTTGATTAATTTGAGTTTGAGACATACGAGCATCAAAGTTTTGATTCGTTAAACCATGGTTTGTAAACCATTGTGGTGAAATAATAAATGTTAATTTCTTACCTTTTAATTTATCATACTGTGATGCAAGTTCAACTGCGTTAATTAAGTCTGTAGAACCACCAGCACCTAATAAGAATGCTTTTTTGTTGGCGTTATGCTTATTTAATGCAATTGCAGGATTAAATGGGTCATCTTTACCTAATTCACTAGAGCCGTATATAGGATAATACTTGTTTGATTCGTATAACTTATCTTGAATGAGTGTGCCTTTTAGTACTTGATCTGTCAATGAAGTTCTATTATCTTCTACAGTCTTTTCAGTTACTAAGCCTGTAAACCAACGTGCTGGTAATAATAGAAAGACAATGAATACCGCTCCACTAATTAAAATGGGTAAAAAAGGTTTTAATTTCATCGTAACTCTTCTAATGCTTCAACGATTTTATTTGGTGTTGCCCACTCATCTCTATCAAAGTCCATAATAGATACTTCGATATCAAGTTTATTTTGAATCTCTAATAATAATCCAACTGTTTGGAAAGAATCAATAATACCTTCTTCAAAAATTTCTACGTCTGGATTTTCTTTTACAATATCATTTTCTGCTACTTCTGCTAATAAATTTAATACTTGTTCTCTAAATTCCATAATTAAATTCTCCTTTATTATATAAGTTTACCTGAGAAGATTAAAAAGCCAAATGTTACAAAGTGGAATGTAATCACAATGCTAAGTGCTGTTGTGAAACCATTTTGCCAACGTGGCGGATGTTTCTTGCGCCAACGTTCATAATAGCCATAACCTATAAACAATGCTGCATGGTATAAACCATAAACAATGTAATACACTTCGATACCATGCCAAATTCCCATTATGAAGAAGTTGATTAAGAATGCCACGTTAGACATTGCAAATTGACTCTTCAATAATTTTTTACGAGACATGTAGAATAAAGATCTCATATAAATACAATCTCTGAACCAGAATGATAATGTCATATGCCATCTA
CP129557.1_gap36	1358365	1362484	4119	AAATGAATAACTTTATCATTTTTATATACAGGTACAACAATCGCTTCTTTTACGAACTCAGACTGGCGTAATTGTGTTTCAATTTCTTCTAATTCCATTCTGTAGCCATTCAATTTGATTTGGAAATCAATACGACCTTGAATGAACCATTGACCATTTTCAAACTTCGCTTTATCACCAGTGTGATAAGTACGAATACCGTCATCGAAATTAAATACTTCAGCAGTTTTTTGGTCATTTTTTAAGTATCCTAAACTTACACTTTGACCTTCGATAACAAGTTCACCTTCATCTGTCGTAGATAATCTTGCGCCTGGTCTTTCAACGCCAACAGGTAATGTCGGATATTGATCTAAGATTTCTTGTGTAATTTGAATACTTGTAACTGCTACCGTAGCTTCAGTTGGACCATATGTGTTGTAAATCGTCGCACTTGGGAAACGGCTTACTAACGCTTTTGCTGCTCTGTGAGGTAGAATTTCACCACAGAAGAAGAATTCGTTAAGACTACCATACTGTTCTTCATTAAGCGTTGGTAATAATAAACACATTTCCATAAATGATGGTGTTGATACCCAAATGTTAATCGGTGTTGCTGTTAGCATTTCATTTAATAATTTAGGTTTATTAATCATGTTTTTATCTACAAGATTTAATGTACCGCCTGACGCTAAACATGGATAAATAGCCATTACAGATAAATCAAATGAAAATGGCGCTTGGTTAAGCCATTGTTGTTCATTTCCTGATTTATTAAGTTCTAACATCCACTCAGTAAATTGAACTAAACTTGCATATTCAATTTGAACACCTTTAGGTTCCCCAGTAGAACCAGATGTAAAGATTGTGTATACTGTGTCGTTATCTTTAATCTGACTATCAAAAATTACTGGGTCTTGAGATGTTTTAATATCTTCTATTGTAAATACTTCACCTGCTAAACTTTCAAACAATTCATCAGTCGTATTAAATACAAACTCTGGTTGAACCTTGTTAATAATCATTTTAATACGGTCTTCAGGAATTGAAGTGTCTACAGGTACATATCCACATCCTGCTTTAATGGCACCAATCATCCCAACAATCATATATGGTGACATGTGACCGAATAAAATCATCGGTTTCTTACTACCTTGTAATCGATGTGCTAATTTACTAGACTCATCCATTAACTGTTGATAAGTTAATTCATCAGTTGTGTGTCTAACAGCAATGCTTTGTGGATTTGCATCCGCAAACGCTTGCAGCTTGTTAATAATATCTGTCATATTAAGTCTCCCTCATTAGAACTCATTATAAATGAAGTTATTGTGTGTGTCGCCACTGCCATAAATTAAATATAAAGTAATAAATATTGCCAAATACAATAGTGTTAATAAATATGGTTTGAATGCTTCAACATATTTATTAGGTGGCTGTTTACTTTTAGATTTCATATTGCACCTCTTAAAGTTCTTAGTAAAAACGCCTTTATAAAGACCGTTCAATATAAAATACGTTTTAAAATTTGTTTTTTACAATTCATTATATCGATATTCATAATGAAATTCAATTTTAATTTTATAGATTCAACATAGTAATTGGTTGTCATCACTCAATTATTGTAAATGATACACTATGTTGAGAACATCATTCATTTTAAAGGTTATTTAAACAATAAACAATTACAGTCTATATAACAATTTTGTTATATACGTCAAAATCAAATAAACTCATCACATTAATATGACGAGTTTATAATGTTATGGAATTAACATCAGCGTAATTATATATATTCGCAAGTCAAGCATAAGATATTTAACAATTGCTTTGCTTGTTTTACCAATGATTAAAAACCATACTTACTTTCAATTTACTGGAGTATGTGGTACCTGATTTGTCATAACCGCTTCTATATTATTAATACATAATTGAATCATATTGTCCCGTGTTGTTACTGATGCGCTGCCAATGTGTGGTGTAATCAGTACATTATCACGTCCCATTAATGGATGTGTATGATCAATTGGTTCATTTGCTAATACATCTAAACCACATGCTAATATTTCTTTATTGTCTAGTGCATCGATTAATGCTGTTTCATCTACAATTTGTCCTCTACCGATATTAATAAAAATTGCATCATTTTTCATTTGCTCAAATGCTTCAGCATTAAATTTATGATGTGTTTCTTTTGTAAGTGGCGCTGTACAGATGATAAAATCACTTTCTGCTAACAACGTTTCAAAAGAAACATATGTTGCATTAAAGTCCGCCTCTGCATCTTTATGTCTTGATCGATTATGATAAAGAATTTTAGTATTAAACCCTTGCAACCTTCTTGCAAAAGCTTTACCAATATCTCCCATACCATATATTCCAATAGTTGAATTGAAGACATCTTTACCTGACAATAAATAAGGACCCCAGCTTTGCCATGCATCTGCTTCTACATATTTTTCAGCTTCTACAATACGACGTGCTGTAGCAAGCATTAATGTAAATCCTAATTCTGCAGTTGTTTCAGTAAGAACATTTGGTGTGTTCGTGACAACCACGTTGTTCGCTGTTGCACTTTCAACATCGATGTTGTCATATCCTACAGCCATATTCGCAATTACTTTTAAATTTGGTGATTGTGCTAAAATTTCTGCATCGATTTGTTCACTTAATGTTATAAAACAAGCATCTGCGTCACGAAGTGCTGTCACAAATTGATCTTTAGGCATAGGCACTAATGATTTTTGCCACATAACAACGTCACCAAGTTTACTCAATTGTTGATAAAATTTATCTGGAATTTTCCTCGAAACAACTATTTTTACCAAATCTATTCACCTACTTTATAAAATGAATATATACTATTTTTCTAATTCAGCTATTGCTTCATTTAAATCTTTAAAAGAATACGTTGGTGGCACATTTTTATTTTGCACATCTTCTAACGTAGATACACCTGTTTGTACATGAATCGTATCCATACCTACGTTAATACCAGACATAATATCGGTATCGTACAAATCGCCTACCATAGCAACTTCGGATTTATCTAATCCTAAAATTTCTAATGCTTTAACCATAATAATCGGTTCTGGTTTACCAATAAATTGTGGCGATACACCTGTCGATACACTTACAACACTTGTAATAGCACCATTCCCTGGTAAAAATCCTCGCTCTTTTGGAATTGACACATCTGGATTTGTAGAAATAAATGTTGCTCCATTTCTTACACCTAACGTTGCAATCGCAAGCTTTTCATATGTAACTTGTTCGTCAAGTCCAATAACTACATAATCAACATGCTCGTCATTTTTAATGACAAGTCCCGCTTCGGTTAACGCAGTATTTAAACCACTCCCACCTAACATATATACTGATGCTCCTGGTGATTGTTCTGAAATATAATCAGCAGTGGCTAACGCTGACGTTACAACCTCTTCTGGTTTAGCATCAATGTGCATTTCACGTAATTTTTCAGTTACTTGCTCAGGTGTTTTCGTTGAATTATTAGTTACGTATAAATGAGGAATGCCTTTTACATTTAAATAATCGATGAATTGTTTTGCTCCATCAATCTCATCTGTTCCCATATACATTGTGCCATCTAAATCGATTAAATACGCTTTATACTGTTTCATTATTGATTTTCTCCTTTACCAAAAGCTGTTACTGGTACATTTTCTTGATGTAAAAATGTCGTTACTTCTGTAATAAATTGTTTGTAATAAGGTAATGCGTCATCAAACATTGGCATGATAACCTTAATATCTAAGGCTGTGTAATCATATGTAAATTGTTTACGAATATCGACAGTTTTATTGATTGCCTGCTGTGTTTCTTTAGTAATAACATTTTCTAGTTCTAATATATCAATCACATCTTTATAATTACCAGGATCCCTTAAAATAAATGCATCGATAATCATATTCCCTATATCTACCGATGATTCTATCAACATTTGAGCAATGCGTTCAAATGCATAATGATTGTGCTTGCTCTCATGATAATCATCAGTTAATGCTTGTAAATAGGCTAATTTCTGAGTTAGTTTATCTTTGTCTACAAAATACATTCCTTGTCACCTCTCGCTTATATATTATCATAATTTTGCAGTATACTTCATTTGTCGTTATACTA
CP129557.1_gap37	1379590	1380898	1308	GCAAGCTGCTAATACAACTGCAAATGTTAATACTAAAATAAGACCAAATAATTTTTTCATAAAATGAAACCCCCAATTTATCGTTTATCAAGTTTATTTGTAAGCCAATCCCCAATGAATTGGATTATAAATACAATAATTAAAATAAAAACTGTTGATACTAAAATGACATCATTTTGATTTCGAGTGAAACCTGTTAAGTATGCTAAATTTCCTAAACCACCGGCACCAATTACACCTGCAACTGCCGTTGAACCAACTAAAGCGATTGCTGTAACTGTAATGCCAGACACTAGCGCTGGCATGGCTTCAGGTAAGAGGACTTTACGAATTACTGTCCAAGTATTAGCCCCCATTGACCAGGCCGCTTCGATGACACCTTTATCAATTTCTTTAAAAGCAATTTCTACGAGCCTTGCATAAAACGGCGCTGCGCCAATGATCAAGGCTGGTAACGCACCTGTCGGACCACTTATCGTTCCAAGTATCAAACTTGTAAATGGTATTAATAATAAAATTAAAATAATAAATGGTATCGCTCTAAATAAGTTAACAATGAAAGAAACGATAGAATAAAATAACCTTGCACCGATAGACTTACCTTTAGCAGACAAGAATAATAACACACCTAAAATAAGACCGAGTATAAATGCAAATATAGTTGAGACGACTGTCATGTATAGTGTTTCGACTATTGCAGTCCAAACTTCTGGCCACTGAATATTAGGCATTGTAATCATTTCATTTATAATTTCACTAAATGATTTACCCATGTCTTAACACCTCCATTTTAACTTGTCGCTCAATTAACTCTTTTTCGAATTTTCCGAAATCTACACTTGAAATATATGGAATATGCAGAACTAAAAAGCCGACTGTTCCATTTTTTGTATTTTTAATATTTGCTTCTAAAATATTAATTTTAATATCATAGGCAGTTGATAGACTCGATACAATAGGCTCGGTTGTTGTTGAACCAGCGAAAACTAATCTAACGATATAAGCATCTTTTTCTAATGGCTCTAATTCTGTTAAAGATGTTTCGAAATCATCGTTTAAATCTTCTTTCACAAATCGTTTTGTCACAGTGTGTTGCGGATTTTCAAAAACCTGTGTCACCGGTCCATGTTCTATCACTTTACCACTTTCCATAACTGCAACTTCATCACAAATACGACGAATGACATGCATTTCATGCGTAATTAGTACAATTGTTAAATTTTGTTGTTCTCTAATTTTTAGTAGTAGATCTAAAATTTCATCTGTTGTTTGCGGATCAAGTGCACTTGTTGCCTCATCACAAAGCAA
CP129557.1_gap38	1400984	1405304	4320	AGTGTCTTGCGTTGTTGAAACATTTTCCGCATTTGTAGAATTTTGAGGTGAATTTACAGATGATACTGTATTAGTATCATTAGAAGTCGTTTCATTACTTGTTTGATTCACTGATTCTTCCGCATTTGTATTGCTTGATTGAGTTGTTGCCGGTGTATTAGCTTGATTCGTTGCCGTAGTAGTAACTTCACCAGTTACCGGTGTTTCTTCTGTAGTTGCATTTGTTGATGCTGATTGTGTCGTTTCCTGTTGTGCTGGATTTTGCGCTACATTCGTTTCGTCACTATTAGTGTTTGTCGTTGTATTAGAATCACTCACGTTTGTGTTGTCTGTTTTAGGTGCAGCATTAACGCTACTTGGATCATTACTTTTGCTCTCATTTCTCGTATTTTCCGTTTGTGTCATACTATTTTCACTTGCATCTGCTTCTTTACTGCTGAGTAGTCCAAAACCGATTAACGTACCTACAAGCACTGAAGCCACGCCAATCGATTTTTTACGAATTGCGTGTTTTTCTTGTTTCTTCATATTCATTTTATTCCCTCTTTTTAAAAAGTCATTTTATATTAACTGTATACCCTTTTAATATATATTTAATCTCTATTAATGCAATTATACACCAAAATTGCATAATGGCAATTAATTTGTTTTAGAATTTTATTAACTACAATAAATATTTACAACAAAAAGCTTTTCATTTTCTCTGTTTTGAAAATTGCAAACGACAACGCACGATTTCATTGCAAACAATTTGTATTCTTAATATGAACTCTGCCTAATGTAATCCTAACTTGAAATCATATTTTTTCAAAAGCAGATGTGTAATTTATGGTACCTGTTTTTCCCGCTAAACTTTTCACTTTTAATTCTTTAATTAAAAACGCTTCATCTGGTATACCATCATATGGTGGATAAATGTCGTACATACTTGCGCGTTGATATCCTAGATTGGCATAATACTTCGGCCATCCTAATACACTGATAAAATTATATCCTTTTAATATTGCTTCTCGTTCTAATGCTTGAATCAATCGCTTCTCAATACCTTTATTTTGATGATGAATATCAACAGATACAGGTGCTAACACTAATCCAATTTCCCGTTGTGCCTCGTTATCAAGATAAACTTCACTTAGTAAACCGTGCCCTACAACTTCATTTTGAAGAACAGCTACTAATTCTAAGTTATTGTCATACGTATCACTTAGACGAATTTGGTCTACTAGTTCTGATTCATTACCATAACCATGTTCACTATTTTCAAATGCCGTTCTAATTAACTGGTCAACTTGAGCAAAGTCATGTTGATGTATTTGTCTAATTTGCATCTTTGCCCCTCCTTTTAGTTCTATCTTATAGAAAAATGCATTACAACATAAAGTAATATTTTATAGTAATGACGCCATTATTTCATTAAAATTGAATGATATTTTTCGCAATAAACAACTACACTCTTAAATCAATTTTTAGATAAACTGCAAATCATAAATTTCTTTATTATTATAATTATTAAAACGGTCGATTTGACCTTTTAATATAACTTCCTGTTGTTTGCGACTTACATTATGATAATAAGTCATACGTACATTCAAATCAGCTTCATAACCATTATTCTCAATCGTTCTTTCTAATTCTTCGTACACATTTTTATTAATTGGTAACATGTACCCTTCTTTACTAGGTAAAATATTCACGTATTTTTTCTGTATGACTTTATCATTCCCCAATAAAACCTCTATTGCAATTTTTTTAGCAGCACCACCACCTAAATTATATAGTTTAATATAATCTTTATGATGATGCTCATCTGTAGCCGAATTCATTATATTAAGTTGACCCCCCTCCCTTTCTAATAAAATTTGGTTAAAACCTAAAGCTGGCAGAAAGCTAATTTTCATTTGATAAAGTTGAACTGAAACTGATACAAAATAAAATAAAGCCATAATAAATGTTCCAATAGATCCTATAGCTGAAATAATATTAATCATTAAGATATCACCCTTCCCTTAAGAAATTTATATGATTAATTTCAAACTGAAAAATCATTTTACTTAATCGTTTATATCCAAAAAGAAACATTTTAAACGTTATATTCGACTGCTCATATAAAAAGTTTTGCTTTATAGTCTTAAGTAATTTTTTAACCATCAAGTACGTTTATTATTATGGCAATCTATTTGCTTTGACTAAAGAATACAATAACGCTTTTAAGAGCTCCCATCTTTGAGCATTATTTCCAATTTAATAACTCATGTTCTTCAATACATATTCATCTCATACAAATAAGTTGAATTTTTTTATTTTTATAAACGTAATTTCTTAACAAATCAAAATTTTACATTTAAATCTTTCGATATATTACAAGTTTTTTAAAAAAGTAATATATTTCTATCAATAAAAGTAATATAATATTAGTAATTATAGTTCCATTAATTTATTGCAACAATACATAGAATCATTATTACAAGAATTATTTAATATCATCTTAGAATCTCACAAAATATCAACTTTGTTTAATTACTCAAAACGATAAGCAATTTTATATCGTTACGAGTTTTTAAAAATAAATTTTTGCGAAATAAAGGAGACATGTTAAATGAAAAAAGTAATGGGGATATTATTAGCAAGTACACTTATCTTAGGTGCTTGTGGACATCATCAAGATAGTGCAAAAAAAGAGAGCACTAGTCACAAAAAGAAAGAAAATGACAATGAAGAATTAAATGAAGAACTTAAAGAATTTAAAAGCAAAAAAAATATGGATATAAAAATTAAAGGCGATACTATTGTTAGTGACAAATTTGAAGCTAAAATAAAAGAACCGTTTATCATCAATGAAAAAGATGAGAAAAAGAAATATATCGCTTTTAAAATGGAAATTACTGCTAAAAAAGACGATAAAGATTTAAATCCCTCTTCTATTTCTCATGACTATATTAATATCACTCAAGATGATAAAAATACAGTAAATAAATTAAGAGATGGTTATCTTTTAAGTGATAAAAAATATAAAGATTGGACAGAACATAACCAAGATCAAATTAAAAAAGGCAAAACTGCACAAGCCATGTTTATCTATGAGTTAAGAGGTGATGGAAATATTAATTTAAATGTCCATAAATACTCAGAAGATAAAACAGTTGATTCTAAATCATTCAAATTTAGTAAACTTAAAACCGAAGATTTTTCTCATAGAGCGGAAACAAGAGAAGAAGTAGAAAAGAAAGAAAAAGAATTTGAAGAAGAGTACAAAAAAGAACAAGAACGAGAGAAAGAAAAAGAAAAGCAAAAAGATGACGACCACAGTAGTTTAGATGAAGTATAAATTTATGAATGCTCGCATTTAGCGTTATAATCTTTGTAATTATTATTGTCATTGTAAATTAGCTTACTTACACTCATAATGACACACTAATTTAATTGTTAAATATAACAAAAAAGAGTAGCTCGCCTACTCTTTTTTGTTGTTTTGAAATGGTCATTTTTGAAATGACTCGATCATAATTTCACGAATACCATGCAACATTTTTCGTGAACTCATTTTTCAAACAATACTTAATTTGTTACTATTTCACTTCTTTTTATTATTAGATGAAAACAAAAATGCTCCAAAAAAGAGTAAGGGAAAAATAACAAACAAACGAGCATCAAATGTATTTTTCCCAAGAATTACAGGTAAAGATATATAAATAATAAAAGTTATTATTAAAAACAACAAATAAACTTTTTTATTGGTACTCATCACAAACACACACCTATAATACAATAGCAATGAAAGCTCTTGCTACAATATATGCAAATTGTTTATTGAAACCAAAATTATTAGTCAATCCTGTAGCTATACCCTCAGCTAAATTACCCTCAAAACCTGTTAAAATATCGCAAAACTTATTAATACTTTGATAATGGAACATAACTAGCTTTGTGCCAGTAGTATTTTCTATTTTAGCAACTAATTTATCCCAAGCTTTCTCTCCAATCTTATTTACAGTAGCTCGGATAGCTTTAGCTCCAGCTTTTGCCGTTATAGTAGCTTTACCTCTCTCTGCAACACCATTTTTATAATCTCTAACTTGCCCTTTTAATTTTTCAGTTACACTTGGGTCTTTAAAATCTTCTTTACTATTATCTATCTCTTCTAACAAAGCATTTCCAATTTTTTCTCTTTGCTTCATTTCCTTATCAACCGCTTTAGCAGTTTCAGCATTAGCTTTACCTGATTCTACCGTAGAATAAACAGGCCCCACCAAAACAAAAGACGCAATAGTAGCAACGGAAATTTTTCTTAAGTATTTGTACATTGTAAAAACTCCTTATTAG
CP129557.1_gap39	1535191	1539572	4381	AATTAGACTCGCAATAATTAATGTTATTAATGTAACGAATAAATACTTGCCTATACTCGATGCATCTCCAACGAAGAAATAACCAATAATGCCAAATGCTATAAATGCAAAAATTGCTAATGCGATATTTTTATAGAAAATATCTGGTCCTAAATTTTGTAAATACGTGGTAAACGTTGCGTATGACAATAAGCCAATCACTACGGCGTAAATATGTGAAATAATTAAACCGAACCTTCTTGCTCTTTCAAAAACAAGTGTTGCTAAAATAATAATCAGTAATCCAAATGACAAGGGTTGTCGCCAACTTAATGGTAAAAACTGACCTAGATAGCATCCTATGCCAAATATAATCCAATAATACATAAAATAAAGCCACACTTTACTTATTGATTGAGCATGCTGATTTTGATGATAATATGAATGATTTGTATTTTGCGACAAAATAATTCCTCCTTCTACTGTCGTTTTATGCGTCAAATTTTACAGTAAATTTTGTTTCATCAAAAGAAATAACCTTTAACAAGTATAGTAATTTTACATTTTACAATGTTACAAAATATAATTTTTTATAATTAGTTAAAATCACTAAAACGCTTTTATACACTATCAAATCAGCATTTATAAAAATATGAACCGATATCCTAAAATGTTAATAATATTACAAGATAATAACAAACCACACAAAGCTACTTATTTTTGATAATATGGAAAGCGTAATATAAAACGAAAACTTAATTTACTATATAAATTGTCTTAATAATTTTTAAAAGTAGTAAATCTTAATTTTAAGGAGGAGTCCCTTTGAAAAAATTAGCATTTGCAATAACAGCAACATCTGGTGCAGCTGCATTTCTAACGCATCATGATGCACAAGCATCTACACAACATACAGTACAATCTGGTGAATCATTATGGAGTATTGCTCAAAAATACAACACTTCAGTAGAGAGTATTAAACAAAATAACCAATTAGATAACAACTTGGTATTCCCTGGTCAAGTTATCTCAGTAGGTGGAAGTGATGCACAAAATACATCAAACACTTCTCCACAAGCTGGCTCAGCATCATCTCATACTGTACAAGCTGGTGAATCATTAAATATCATTGCTAGCAGATATGGTGTTTCAGTTGATCAATTAATGGCAGCCAATAACTTACGTGGTTATTTAATTATGCCTAACCAAACATTACAAATTCCTAATGGTGGATCAGGTGGTACAACACCAACAGCTACAACAGGTAGCAATGGCAATGCATCATCTTTTAATCACCAAAATTTATACACTGCTGGTCAATGTACATGGTACGTATTTGACCGTCGTGCTCAAGCTGGTAGTCCAATTAGCACATATTGGTCAGACGCTAAGTATTGGGCTGGTAACGCAGCTAATGATGGTTACCAAGTAAACAACACACCATCAGTTGGTTCAATTATGCAAAGCACACCTGGTCCATATGGTCATGTTGCTTATGTTGAACGTGTCAATGGTGATGGTAGTATCTTGATTTCTGAAATGAATTACACATATGGTCCATATAATATGAACTACCGTACAATTCCAGCTTCAGAAGTTTCTAGCTATGCATTCATCCATTAATTAAATAAATTGTACTGATATATACTAGCAATTCACATCATGTGAGATTGCTAGTTTTTTTATTTTTGAAAAAAATTTTCATTTTGGCACAAAAATTATCTCACCCTTCCCTATCATACTTATTTATATTTTGTATGAATGGTAGTTAGGTAAAAATTATGACCTACCTATTTGATTAAATTAAATGCATAATATATTAAAAATCAAAATAATGCAACTAAGTTGACTATATAATGATTTAATTTGTTATACCAGTATTTTACGCTTTTTCGTCTACATATACAAATTTACATTAAATAAAGTCCAATACAATTTAGGTTAATTAAACAAGTTGATAGCTATTTAATTATTCATTCATTGAAGAATATAAACTAAATCATTATTTTACGCTTACTTATATTTTAATGAACTAAATGATTATGTTCCATGGAATACATTTATAACTTAGCCCCTAATTAAAATGCTTTGTCTTGGTCATTCTATGTAAATTCTATAAAATATGTTATCTATTTACATAAAAAATGAACTTCAATACCACCATATATTTGTGATACTGAAGTTCAGTATAGCTTAATTTTCAATTAGAAAAATAAGTTAAGTATATAGAATAATAAACCTGCTAACAATGCTGAAATAGGTAATGTAATCACCCATGTAATGATCATTCGTTGCGCAGTACTCCATTTTACACCTTTAGCTCGGTTAGAAGCACCAACACCTAAGATTGATGATGACACCACGTGAGTTGTTGATAATGGGAAATGTAACGATGATGCAACAAAAATTGTTAATGCAGATGATAAATCGGCCGCAGCACCATTTGCAGGACGTATTTTCATAATATTACCACCTACAGTTTTGATAATTTTCCAGCCACCAATTGCAGTACCAAGCCCCATTGCTGTCGCACAGGCAAATTTTACCCATAACTGTGGTTCAACGCTGCCATCATTCTGTACATTAGCAACAATCAATGCCAACGTAATAATACCCATTGATTTTTGCGCATCATTCGTACCGTGAGAGAATGATTGTAACGCTGCTGTGAAAATTTGGAAAAATCTAAAGTTACGATTCGCTCTTGTTAAATTTGCATTTTTAAAGATAACTTTAAAAATTGAATACATCAAGAAACCAACACAAAATGCGATAATCGGTGAAACGATTAATACAATAATAATTTTTGTGAAACCTTGGTAATGTAATACGCCAAATGAGCCTTCAGATGCGATTGCTGCACCCGCAATTGAACCTATAAGTGCATGTGAAGACGAACTTGGAATTCCGTAAAACCAAGTAGCTAAATTCCAAATAATAGCCGCAAGTATTGCAGCTAACACAACAACTAATCCATTTTCCAATTTAAATGGATCGACAATGTCTTTAGTAATGGTGCCTGCAACGCCCGTAAATGTTAAAGCACCTATAAAGTTCATCACTGCTGCCATTAAAATTGCCGTTTTAGGCGTTAACGCTCTAGTAGATACAGCAGTAGCTACTGCATTGGCTGTATCATGGAATCCATTGATAAAGTCAAATATCAGCGAGAAAATAACTACAGCTATAGTGACGATGATTATATATGACATAAATATATACTCCCCTTAGCTATTTTTCATAATAATAGTTTCAAAATTATTTGCTACGATTTGACATTTATCAGCAATTTCTTCCATGCTTTCATAAATATCTTTTATTTTAATTAATGTGATTGGATCTGTTTCGCTATTGAAAATATGTTTAATTGACTGTCTTAAAATACCATCACAGTTTGTTTCAAATTCTTTAATATTAATTGAATGAATACGCATATGTGATAATTTTTTATCGACTAATAAGCCGACAGCAAGTTTCATTTCTGCAACTGCTTTTTGAATGTTATCAACAAACTCAGCCATATATTCATCTGTGTATTCGATTGAATACATTTCAAACATAGCTGCCGTTTCTTCAATTGCATCTAAAACATCATCAATTGCATCACATAATGATAAAATATCTTCACGTTCAATTGGTGTGATAAATGTTTGATTTAAATCAGTAATTACTTGATGTACTAATTCGTCACCATGTGACTCATAAGTTTTAATGTTGTCTGAGTATGCCTTTAAATCTAGATGTGTATTGAAATCCATTTTACCGAATTCAATAGCTGCACGATCTAGGTTAAAAACCATCTCTTCTAATTGAACCATAAACTTATCTTTTTTCTTACTAAACATTTAAAATCCTCCATTTAAGCGATTGTCACCAATCACATTCAGTTATAATTTGTTTCAAATTAAGACAAGTGAATTTACAAACTAATGATACAAATTTGTTATTATCAATCGTCAGTATATTTTTAGTGTACTGATATTAATTTCAAAAATGCCTCACAGTAAACAATTTACTGTATTTGCCCTTATATGAAAATAGCACAAAATTTACAATCCCACAATTCAATTTACAAATTTTTAACAATTCCGAAACTTAACTTTTACATAAAATTTAAATAGTGGTAGGCATTTGTTTTGAAAAACTTGATATATAGGCAAATTTTTATCTGCAAAACTCTAATAATTGTAAATGGACATAGTCGGAAAATTTGCAACGATACAATATTTATTACATAACTTTTACATATTAAAATACACTTATCTTTCTTCTAACTATTCTTAATTCATATTTCTTTCAATGCCTATGCCTCTATTTTCTCACATTTAATACAATTTACAAAGTTGAAGCATATACATTAAAACTATCGTGCCCGGATCTATAACTATCCAAAAATAAAAGC
CP129557.1_gap40	1592957	1594033	1076	ATTACCACGTTTAACTTTATCGAAGTGGTACGCAATATCTGGTAAGAAATACGTATATGTACCGTCATTTTTAATTAATACTCTGTCTTTGTCGTCTTTAAAATCAGTTGTACGTAACCATGTAGCGCCATCAGCTTCATACGTATAACCTAATTCTTTCATTTTTGCTAAAACTTCAAGAATTTCGCCTTTTTCATATAAAGATGTTTCACTAAACCAATTATCAAAATGCGTATTGAACTCTGCTAAATCATTTTTCAGTTTAGCCATTTCGTATTCTACGCCTAATTTTCTAAATTCTTTCAAACGTGCTTCTTCAGAATAATCTTTAATTTCAGGGTGTTTCTCTGCTAAATCTTTACCTATTTCAATAATATCTTTGCCATTATAGCCATCTTCTGGCATCGAATAACTATTGTCACCTAAAGCTTCAAAGAAACGTGTTTCAATCGAACGCGCTAAGTTAGTAATTTGATTACCAGCATCATTAATATAATATTCACGTGTTACATTATAGCCAGCTGCAGTTAAAATATTAGCTAAAGCATCACCAACTGCTGCATTTCTAGCATGACCAATATGTAAATCTCCTGTAGGGTTAGCTGAAACATACTCAAGCAATATATTTTGACCTTTTGATTCATTTACATGTCCAAATTGATCACCTTTTTCAATTGCTTCAGGAATAATTGCTGTTAAATACTGATTATCTAAGTAAAAATTAATGAATCCTGGACCAGCAATGTCAATTTGTTTTACATGTGCTTTTTCAGTATCTAAGTTATCAACAATCGCTTGAGCAATTTCACGAGGATTACGCTTTGCAATCTTAGTCAGTACCATCGCAATATTAGTAGCATAATCTCCATTTTTTGTATCTTTAGGAACTTCAATTTTAATATCAGGAATCTCATCTGCTAATCCTGCTTTGTTAATACTTGCTGCAATTTCTTCTACTAATGTTTGTTTCACTTGATCAATAATATTCATTCGCCTATCTCCTTATAGTTAATTTCATATTGATAAGAACCCATTTTTTCATTATCTTGATATAATTCATAATGAATCTTTAACTT
CP129557.1_gap41	1675190	1680014	4824	CTTTCACGTACAACTCTTTCCATTCTTGATAAACCGATACGGAATTGGTTTTGTAGTAATTCACCTACAGAACGTAAACGACGGTTACCTAAATGGTCAATATCATCTGTATATCCAATACCACTTAATAAGTTAAAGAAGTAACTCATTGAAGCGATGATATCTGCTGGTGTAATACATTTAACTTCTGAGTCAGGGAAAGCATTACCAATTACAGTTGTCGTACGACCTTCATCATCGTTAGGAACATATACTTTAATTGATTGAATTTCTACTGGCTCGTCTATTACGCTACCATGCAATTCAAACACTTCGCTGTTTGCGTTCGATTCAAGTACATCCATGATTTCGTCGATTTTACGACGATCAAGCACTGTACCTTCTTCAACTACAATTTCACCAGTTTCAGTATTTACAATTGGCTCAGCTAATTTTTGATTGAATAAACGATGTTTCAAATGTAATTTTTTGTTTGTTTTATAACGACCCACGCTTGCTAAGTCATAGCGTTTTGGATCAAAGAAACGTGAATACAATAGACTTTTAGCATTTTCAACAGTTGGTGGTTCACCTGGACGTAAACGTTCATAGATTTCTAATAACGCTTGTTCAGTGTTTTCAGTGCCGTCTTTCTCTAAAGTATTACGTAAATATTCATTGTCACCTAAAAGGTCAACAATTTCTTGGTCACTTGAGAAACCTAATGCACGTAACAATACTGTTAATGGTAGTTTACGTGTTCTATCAATACGCACGTATACAACATCTTTAGCATCTGTTTCATATTCTAACCATGCACCACGGTTTGGAATAATTGTTGCATCATAGTTTTCACGACCATTTTTGTCGATTTTTTCATTGAAATAAACGGATGGTGAACGAACTAATTGAGATACGATTACACGTTCTGCACCATTGATAACGAACGTACCTGTATCAGTCATTAATGGGAAATCACCCATAAAGACTTCTTGTTCTTTAACTTCTCCTGTTTCTTTAATGATTAGACGCACTTTTACACGAAGAGGTGCAGCATAAGTAGCGTCACGGTTTTTAGATTCTTCTAAATCATATTTTGGTTCTCCTAAACGGTAATCCACAAACTCTAATGACAAATTACCAGTAAAATCTTCAATTGGAGAAATGTCTCTAAACATTTCGATTAAACCTTCTCTTAGGAACCACTCGTAAGATTTAGTTTGAATTTCTATTAAGTTTGGTAATTCTAATACTTCTGAAATTCTCGCGTAGTTTCTACGTTTACGATGTCTTCCATATTGGACAACTTGACCTGCCAAACAGATTCACCCCTCAAAAATTATGTGATCCGCTTTTAGCTAAATACCATAAGCATATTAATAAAAAGACAAAAAGAAAACGGCAACACTAATGATGACACCATTTTCGATTCTATATTTATTCTTAATTAACTTATCTATTTAACGTAAAAGTACACACTTATTGAACATAAATTTTTACATTATATAACTATAACAGAATATCCATTTCATTTCAAGCTTTTATACTTCTCAGAATGTAATATCCTTTATCTTTATTTACCACTTCTACATTTCCAAAAAGTTCATTCATTCTTTTCTTTGCAGATGGCATGCCTTGCTTCTTCTGAATTACAACGAATAGTTCACCGTTCGAGTCTAATCTATGTAATGCTTGCTCGAATATACGATGCACGGTTTCTTTCCCTGCTCTTATTGGTGGATTGGTTAAAATAAAATCAAAACTTTTGTCTTCCACAGCAGACAAAGCATCACTTTCCTTTACGATCACATTATCAATACCGTTTAATTTTTTGTTTTTTTCAACTAAGGCTAGCGCTCTGTGATTAACATCTAGCATTGTAATTGAATGATGTGGTGATACTTTAGCAATCATCAAACCAATTGGTCCGTAACCACAACCAACATCGGCAATTCGCTTACTTGGACCAGGTGGATGCGTTTTTAAAAAAGTTTTAACAAGAACATCTGAACCATAATCTACTTTATCTTTCGAAAACACTCCGTTATCAGTTATTAAATCAATTTTATGATGTTTTAATTGATATTGAATACGTTGTTCATTGCTAATTACACTTGGATCTTCATCATAATAATGACTCATTATTCCACCTCATCTTCACTTTGTAACTCGTCATTATAATTATAACATTTTACTCAGTCTTTAAATGAATAAAACCCCGTTATCAAAATAACGGGGTTTTAACTTCTCAAAGAATCATTATATTATAGCAATGCTTGCTATAAAACTTTGATTATTAAGTTTAAGATACTTGAATTATTTTAATTCTACAGTAGCTCCAACTTCTTCTAATTGTTCTTTAAGTTTTTCAGCTTCTTCTTTAGGTAAAGCTTCTTTGATTACTTTAGGAGCTCCGTCTACTAATTCTTTAGCATCTTTTAATCCTAAACCAGTTGCTTCTTTAACAGCTTTAACAACTTTGATTTTAGATGAACCAGCTGAAGTTAACTCAACGTCAAATTCAGTTTTTTCTGCTGCAGCATCAGCGCCACCAGCTGCACCTGCTACTGCTACTGGAGCAGCTGCAGTTACACCAAATTCTTCTTCAATTGCTTTTACTAAGTCGTTTAATTCTAATACTGACATTTCTTTAATCGCTTCAATGATTTGTTCATGATTAGCCATTTTATAATTCCTCCATTATTTTTAATTTTTTTACGCTAAAAATTATTCAGCGTTTTCTTCTTTTTGTTCTCCAATAGCTTTAACCGCATAAGCGAAGTTGCGTACAGGAGCTTGTAATACTGATAAAAGCATAGATACAAGACCATCGTGTGAAGGTAATGAACCAACAGTTTTAACTTCTTTTGCTGTAATAACATTGCCTTCCATAACGCCTGATTTAATTTCTAATGCTTCATGATCTTTAGCAAATCCAGAAATTACTTTCGCTGCAGCTACAGCATCTTCACTTGAAGTTGCAATAGCAGTAGGACCTGTTAAGAATTCATCTAAGCCTTCGATACCAGCTTTTTCAGCTGCACGACGTACCATAGTGTTTTTGTATACTTTATACTCAACACCAGCTTCACGTAATTGTGAACGTAAGTCAGTAACTTCAGCTACTGTTAATCCACGGTAGTCAACGATTACTGTTGAAACTGAATTTGATAGTACCTCAGCAATTTCATCAACTAGTTGTTTTTTAGCTTCAATGATAGCAGACATTCAGACACCTCCATTTAAATTTTTGGTGCTTTTTTTAAAATTAATAAAAAAAGCACTTTCTACCCACGGCAAAAAGTGCTTGAAAGATCATAGATCATCACGTTCAAGTCAATTTTAGCCTCGGTAGGATAAATTTTAAGTTATAAATAACTCCTACTGTCTTAGGTAAAATAATCACAATAAGTAATATAACTTGGAAATTACTTATTGTCAATATATTTTTACAGACTGAAAGATATTTCTTTCAGCCTGTAATTGTTTATATCATTTATTATTTAAAACTTGCAGTATCAATTTTAACTCCAGGACCCATTGTTGTAGTTACAGCAACAGATTTGAAGTATGTACCTTTAGCAGATGATGGTTTAGCTTTAGCTAATACATCTTGTAAAGTATTGAAGTTTTCAATTAATTGTTCATCAGTAAATGAAACTTTACCAATTGATGCATGTACGATACCAGCTTTTTCAGCACGGTATTCTACTTTACCAGCTTTGATTTCTTCAACAGCTTTTTTAACATCCATTGTTACAGTTCCAGTTTTAGGGTTTGGCATTAAACCTTTTGGTCCTAATACACGACCTAATTTACCAACTTCGCCCATCATGTCTGGTGTAGCAACTACTACATCGAAGTCGAACCAACCTTGTTGGATTTTTTGAACGTATTCTGCTTCACCTACATAGTCAGCACCTGCTGCTTCAGCTTCAGCAATTTTGTCACCTTTAGCGAATACTAATACACTTTGTGATTTACCAGTTCCGTTTGGTAATACAACTGCACCACGGATTTGTTGGTCATTTTTACGTGTATCAATTCCTAAACGGAATGCAACTTCAACAGAAGCGTCAAAGTTAGCAATGCTTGTTTCTTTAGCTAATTTAATTGCTTCTTCAACACTGTAGTGCTGAGTACGGTCAACTTTACTAGCTGCTTCTTGATACTTTTTACCTTTTTTAGCCATTTATAGTTCCTCCTTTAGTGGTTTTAGCGGAATTTCCTCCCACATTACTTGCTAGATGCAAGTTAAGAGCAGACAACAGAAGAATTAATCTTATGAATAAATCAATCATTAATCTAGTCATTCAGATTATATTTATAATTCATCATTATTATCTCTGTTATCTGCTTCATCGTTTAAATCATGTAATCAAATTTAATATTCGTAAAATTATTCTACAACGATACCCATACTACGTGCAGTACCTTCGATAATACGCATAGCTGCTTCTTCGTCAGCAGCGTTTAAGTCTTGCATTTTGCTGTTAGCAATTTCGCGTACTTGATCTTTAGTTACTGTAGCAACTTTAGTTTTGTTTGGTTCGCCTGAACCTTTTTCAATACCAGCTGCTTTTTTAAGTAATACTGGAGCCGGTGGAGTTTTTGTAATAAATGTAAATGAACGATCTTCATAAACACTGATTTCTACCGGAATAATTAAACCTGCTTGATCTTGAGTACGTGCATTGAACTCTTTACAGAATCCCATGATGTTCACACCTGCTTGACCTAATGCTGGACCAACTGGTGGTGCTGGATTCGCTTTACCTGCAGGAATTTGTAATTTAACAACTTTATCTACTTTTTTAGCCACGATGTGCACCTCCTTGATATCGT
CP129557.1_gap42	1698805	1701569	2764	GATATTTTGTGTCCGAAATTGAATCTTTAACAATTTTAAACAATCAACCTATCCCTTCTCTTTTTGATGATGATTCATATAATCCAAAAGCGAGTGATGAATCTTATGATTATGCTTTTAATTTGGATGAAATAGATACGAAACATTTCCCTATAGAACTTTTCAGAAAGTATTCCAAAGATCTTTATGATACAAATCATTTAAATCAACTACGTAGAGGACATTTTCAAGGAGAATTACATTTAAGATTTCAACTGGCATTTTATTTATTTACCAATCGTGGTGTAATTTGTGATCCTAATCAAATTATAATTGGCTCATCTACCGAACAATTAGTAAATCAATTAGTCGATTTACTTTATACTTCAACGTTTATTATCGAAAAACCTAGTTATCCACCAATCAAAAATATTTTAGATAAAAAACAAGTTGAATATGAACAAATTGAAGTTGAAGATAATGGAATAAACGTAGATGAAGTTATTAAATCACAAAAAAATATAGTTTATATAACGCCTTCCCATCAATTTCCAACTGGATATGTAATGGACTTAAAAAAGCGAACTCAATTAATACAATGGGCTCAAGAAAAAGAAGAACGATTTATTATAGAAGATGATTATGATTCCGAGTTTAGATATTTCGGTAAACCCATTCCAGCAATTCAAGGTCTATATTCAAGAGGAGAAAAAGTGATTTATATCAGTACATTTTCAAAGTCTATTTTTCCTAGCTGTCGTGTTGCATATATGGTGTTACCCTATTCTATAATGAAAAAATATCATTCTCAAAATCACATTGAAGGCAACACTGTACCTGTTCATATGCAAAACCTTATTGCAACGTTTATATCTTCCGGTGGTTTTGAAAGGCATTTAAATAAAATGAGACGAATTTATCGTAGAAAACTAACCTATATTTTAAAAAGATTAAAACCATACAAAGAGCAACTTGATATTCAAGGTGCTGAAACAGGTATGCATTTTACAATTACAATAAAAAATGGATTAACATTACAAGAGTGTCTTGATAGAGCAAATAAAGTAAAGTTAAAATTACAAGTTTATAATTTTGATGATGACCAAGACTATAAGAAAACCCCTAAATTTATATTAGGCTTTGGCGGTATAGACGATGATGCTTTAAAACCGCATGTAGACGCTCTAATAAAATCATTAATTATAAAGTAACACTTCTTTGACAAAAGTTAGTGTTACTTATGCAATAGCTTGTCTATTGTATAATAATTAATTTCCTTTTTGTATTTCGATTTAAAAGATATTAAACATAAAACCTAAAAACAGCAGTAAGATGATTTATGATTAAAAACTATCTTACTGCTGTTCACTTTTTATAATACTTCTGAATGTCTTCACTTATACTTCTAGTCACAGATTTAGACAATCGAAAATGCACATTATTAAATTATCATTTCCAAAACTCAATGCGGCTCATCGCATCCATTTTTGCCTGGCAACGTTCTACTCTAGCGGAACGTAAGTTGGCTACCATCGTCGCTAAGAACCTTTCTTGACTTGTGACAATCGCTTGCTTCTTTCCTCTCCTTCGGCTCTCGCTTACTCATTTAGCTCTACTAAACTCGTTACGCTCTTTTCTCGTTTCGTCAGATTCAAACGTTTTCACTTCGTCAAGCCATTTTTCTTTGTGTTTGCTTTTATTTTGACATTTTAGACATAAAAAAGAGACCTTGCGGTCTCAATGCGGCTCATCGCATCCATTTTTGCCTGGCAACGTTCTACTCTAGCGGAACGTAAGTTCGACTACCATCGACGCTAAGGAGCTTAACTTCTGTGTTCGACATGGGAACAGGTGTGACCTCCTTGCTATAGTCACCAGACATATGAATGTAGATTATACATTCAAAACTAGATAGTAAGTAAAAGTGATTTTGCTTCGCAAAACATTTAAATTTGATTAAGTCTTCGATCGATTAGTATTCGTCAGCTCCACATGTCACCATGCTTCCACCTCGAACCTATTAACCTCATCATCTTTGAGGGATCTTATAACCGAAGTTGGGAAATCTCATCTTGAGGGGGGCTTCATGCTTAGATGCTTTCAGCACTTATCCCGTCCACACATAGCTACCCAGCTATGCCGTTGGCACGACAACTGGTACACCAGAGGTATGTCCATCCCGGTCCTCTCGTACTAAGGACAGCTCCTCTCAAATTTCCTACGCCCACGACGGATAGGGACCGAACTGTCTCACGACGTTCTGAACCCAGCTCGCGTACCGCTTTAATGGGCGAACAGCCCAACCCTTGGGACCGACTACAGCCCCAGGATGCGATGAGCCGACATCGAGGTGCCAAACCTCCCCGTCGATGTGAACTCTTGGGGGAGATAAGCCTGTTATCCCGGGGTAGCTTTTATCCGTTGAGCGATGGCCCTTCCATGCGGAACCACCGGATCACTAAGTCCGTCTTTCGACCCTGCTCGACTTGTAGGTCTCGCAGTCAAGCTCCCTTATGCCTTTACACTCTATGAATGATTTCCAACCATTCTGAGGGAACCTTTGAGCGCCTCCGTTACCTTTTAGGAGGCGACCGCCCCAGTCAAACTGCCCGCCTGACACTGTCTCCCACCACGATAAGTGGTGCGGGTTAGAAAGCCAACACAGCTAGGGTAGTATCCCACCAGCGCCTCCACGTAAGCTAGCGCTCACGTTTCAAAGGCTCCTACCTATCCTGTACAAGCTGTGCCGAATTTCAATATCAGGCTACAGTAAAGCTCCACGGGG
CP129557.1_gap43	1706795	1711632	4837	CAGGTACTATGATTTCACCGAGTCTCTCGTTGAGACAGTGCCCAAATCGTTACGCCTTTCGTGCGGGTCGGAACTTACCCGACAAGGAATTTCGCTACCTTAGGACCGTTATAGTTACGGCCGCCGTTTACTGGGGCTTCGATTCGTAGCTTCGCAGAAGCTAACCACTCCTCTTAACCTTCCAGCACCGGGCAGGCGTCAGCCCCTATACATCACCTTACGGTTTAGCAGAGACCTGTGTTTTTGATAAACAGTCGCTTGGGCCTATTCACTGCGGCTCTTCTGGGCGTTAACCCTAAAGAGCACCCCTTCTCCCGAAGTTACGGGGTCATTTTGCCGAGTTCCTTAACGAGAGTTCGCTCGCTCACCTTAGAATTCTCATCTTGACTACCTGTGTCGGTTTGCGGTACGGGCACCTATTTTCTATCTAGAGGCTTTTCTCGGCAGTGTGAAATCAACGACTCGAAGACACAATGTCTTCTCCCCATCACAGTTCAGCCTTAACGAGTACCGGATTTGCCTAATACTCAGCCTTACTGCTTAGACGTGCAATCCAATCGCACGCTTCGCCTATCCTACTGCGTCCCCCCATCGATTAAAACGATTATAGGTGGTACAGGAATATCAACCTGTTATCCATCGCCTACGCCTGTCGGCCTCAGCTTAGGACCCGACTAACCCAGAGCGGACGAGCCTTCCTCTGGAAACCTTAGTCAATCGGTGGACGGGATTCTCACCCGTCTTTCGCTACTCACACCGGCATTCTCACTTCTAAGCGCTCCACATGTCCTTACGATCATGCTTCAACGCCCTTAGAACGCTCTCCTACCATTGTCCAAAGGACAATCCACAGCTTCGGTAATATGTTTAGCCCCGGTACATTTTCGGCGCAGTGTCACTCGACTAGTGAGCTATTACGCACTCTTTAAATGATGGCTGCTTCTAAGCCAACATCCTAGTTGTCTGGGCAACGCCACATCCTTTTCCACTTAACATATATTTTGGGACCTTAGCTGGTGGTCTGGGCTGTTTCCCTTTCGAACACGGACCTTATCACCCATGTTCTGACTCCCAAGTTAAATTAATTGGCATTCGGAGTTTGTCTGAATTCGGTAACCCGAGAGGGGCCCCTCGTCCAAACAGTGCTCTACCTCCAATAATCATCACTTGAGGCTAGCCCTAAAGCTATTTCGGAGAGAACCAGCTATCTCCAGGTTCGATTGGAATTTCTCCGCTACCCTCAGTTCATCCGCTCACTTTTCAACGTAAGTCGGTTCGGTCCTCCATTCAGTGTTACCTGAACTTCAACCTGACCAAGGGTAGATCACCTGGTTTCGGGTCTACGACCAAATACTAAACGCCCTATTCAGACTCGCTTTCGCTACGGCTCCACATTTACTGCTTAACCTTGCATCAAATCGTAACTCGCCGGTTCATTCTACAAAAGGCACGCCATCACCCATTAACGGGCTCTGACTACTTGTAAGCACACGGTTTCAGGTTCTATTTCACTCCCCTTCCGGGGTGCTTTTCACCTTTCCCTCACGGTACTGGTTCACTATCGGTCACTAGAGAGTATTTAGCCTTAGGAGATGGTCCTCCCAGATTCCGACGGAATTTCACGTGCTCCGTCGTACTCAGGATCCACTCAAGAGAGACAACATTTTCGACTACAGGATTATTACCTTCTTTGATTCATCTTTCCAGATGATTCGTCTAATGTCGTCCTTTGTAACTCCGTATAGAGTGTCCTACAACCCCAACAAGCAAGCTTGTTGGTTTGGGCTCTTCCCGTTTCGCTCGCCGCTACTAAGGGAATCGAATTTTCTTTCTCTTCCTCCGGGTACTAAGATGTTTCAGTTCTCCGGGTGTGCCTTCTGATATGCTATGTATTCACATATCGATAACATGACATAACTCATGCTGGGTTTCCCCATTCGGAAATCTCTGGATCAAAGCTTACTTACAGCTCCCCAAAGCATATCGTCGTTAGTAACGTCCTTCATCGGCTTCTAGTGCCAAGGCATCCACCGTGCGCCCTTAATAACTTAATCTATGTTTCCATCCTACAGGAAACGCGTTATTAATCTTGTGAGTGTTCTTTCGAACACTAGCGATTATTTCTTATGAATTCAAGCTTATTTAAAACTCTTTATTCACTCGGTTTTGCTTGGTAAAATCTATATTTTACTTATTTATCTAGTTTTCAATGTACAAATAATGGTGGGCCTAAGTGGACTCGAACCACCGACCTCACGCTTATCAGGCGTGCGCTCTAACCAGCTGAGCTATAGGCCCATTTTTTGAATGTTAAATAAACATTCAAAACTGAATACAATATGTCACGTTATTCCGCATCTTCTGAAGAAGATGTTCCGAATATATCCTTAGAAAGGAGGTGATCCAGCCGCACCTTCCGATACGGCTACCTTGTTACGACTTCACCCCAATCATTTGTCCCACCTTCGACGGCTAGCTCCTAAAAGGTTACTCCACCGGCTTCGGGTGTTACAAACTCTCGTGGTGTGACGGGCGGTGTGTACAAGACCCGGGAACGTATTCACCGTAGCATGCTGATCTACGATTACTAGCGATTCCAGCTTCATGTAGTCGAGTTGCAGACTACAATCCGAACTGAGAACAACTTTATGGGATTTGCTTGACCTCGCGGTTTCGCTGCCCTTTGTATTGTCCATTGTAGCACGTGTGTAGCCCAAATCATAAGGGGCATGATGATTTGACGTCATCCCCACCTTCCTCCGGTTTGTCACCGGCAGTCAACTTAGAGTGCCCAACTTAATGATGGCAACTAAGCTTAAGGGTTGCGCTCGTTGCGGGACTTAACCCAACATCTCACGACACGAGCTGACGACAACCATGCACCACCTGTCACTTTGTCCCCCGAAGGGGAAGGCTCTATCTCTAGAGTTGTCAAAGGATGTCAAGATTTGGTAAGGTTCTTCGCGTTGCTTCGAATTAAACCACATGCTCCACCGCTTGTGCGGGTCCCCGTCAATTCCTTTGAGTTTCAACCTTGCGGTCGTACTCCCCAGGCGGAGTGCTTAATGCGTTAGCTGCAGCACTAAGGGGCGGAAACCCCCTAACACTTAGCACTCATCGTTTACGGCGTGGACTACCAGGGTATCTAATCCTGTTTGATCCCCACGCTTTCGCACATCAGCGTCAGTTACAGACCAGAAAGTCGCCTTCGCCACTGGTGTTCCTCCATATCTCTGCGCATTTCACCGCTACACATGGAATTCCACTTTCCTCTTCTGCACTCAAGTTTTCCAGTTTCCAATGACCCTCCACGGTTGAGCCGTGGGCTTTCACATCAGACTTAAAAAACCGCCTACGCGCGCTTTACGCCCAATAATTCCGGATAACGCTTGCCACCTACGTATTACCGCGGCTGCTGGCACGTAGTTAGCCGTGGCTTTCTGATTAGGTACCGTCAAGATGTGCACAGTTACTTACACATATGTTCTTCCCTAATAACAGAGTTTTACGATCCGAAGACCTTCATCACTCACGCGGCGTTGCTCCGTCAGGCTTTCGCCCATTGCGGAAGATTCCCTACTGCTGCCTCCCGTAGGAGTCTGGACCGTGTCTCAGTTCCAGTGTGGCCGATCACCCTCTCAGGTCGGCTATGCATCGTTGCCTTGGTAAGCCGTTACCTTACCAACTAGCTAATGCAGCGCGGATCCATCTATAAGTGACAGCAAGACCGTCTTTCACTTTTGAACCATGCGGTTCAAAATATTATCCGGTATTAGCTCCGGTTTCCCGAAGTTATCCCAGTCTTATAGGTAGGTTATCCACGTGTTACTCACCCGTCCGCCGCTAACATCAGAGAAGCAAGCTTCTCGTCCGTTCGCTCGACTTGCATGTATTAGGCACGCCGCCAGCGTTCATCCTGAGCCAGGATCAAACTCTCCATAAAAATTATGATGTTTGATTAGCTCATAAATACTAAATAATGTTTGTAACTTATAGTTACGTTTTTTGGAATTAACGTTGACATATTGTCATTCAGTTTTCAATGTTCATCGTGTAAAAATAAATGGTGGAGACTAGCGGGATCGAACCGCTGACCTCCTGCGTGCAAAGCAGGCGCTCTCCCAGCTGAGCTAAGCCCCCATAAAATGGAATTTAAGAAGTAATCGGGAAGACAGGATTCGAACCTGCGACCCCTTGGTCCCAAACCAAGTGCTCTACCAAGCTGAGCTACTTCCCGTTATTCAATTAATTTAAAAATGGCGCGCCCGATAGGAGTCGAACCCATAACCTCTTGATCCGTAGTCAAACGCTCTATCCAATTGAGCTACGGGCGCTAAAATGGTGCCGAGGACCGGAATCGAACCGGTACGGTGATCTCTCACCGCAGGATTTTAAGTCCTGTGCGTCTGCCAGTTCCGCCACCCCGGCAAAATAATGGAGCAGAAGACGGGATTCGAACCCGCGACCCCAACCTTGGCAAGGTTGTATTCTACCGCTGAACTACTTCTGCATTATTTTGCTAAATATAAAAATTAAATCGTAATGAGCCATAGAGGATTCGAACCTCTGACCCTCTGATTAAAAGTCAGATGCTCTACCAGCTGAGCTAATGGCTCAAAAGATGGTGCCGGCCAGAGGACTTGAACCCCCAACCTACTGATTACAAGTCAGTTGCTCTACCAATTGAGCTAGGCCGGCTATATGTAAGAATAAATGGTGGAGAATGACGGGTTCGAACCGCCGACCCTCTGCTTGTAAGGCAGATGCTCTCCCAGCTGAGCTAATTCTCCGATTTGTCATTTGCCTGGCAACGTTCTACTCTAGCGGAACGTAAGTT
CP129557.1_gap44	1720030	1721089	1059	CCGCCACCTTGTGCTTGGCTTAGGAAGAAAATAAATAATAACGCTATGACTACAACTGGAATTAATGTTGAAAGTATACTCACAAAGACACTTTGTTTTTCTTCTTCTTTAATCGTTAATTTTACACCGTTTTGCTTTTTAGCAGCATCAGTAATTTTTTGTAATTCTTTTTCGTTGTTATATAAAATAGTTGATGAATAGTCTTCATCATTTTTCGTTTTACCACTTACCATATAGACATTTTGTTGTGGTTGGATTTCTAAAGTTTTAAGGTCACCTTTTTCCAACTTCTCAGTAAATTGATTATATGTAAGCTGTTTCGGCATATTTCCATTACCGTTTAAATATGAAAATAGACCAAAAATAATAACGCCTATTATTACGATAACTAGCACATTGCGAAAAGCTTTCTGCATGCGTCATTTCCTCCTACTTCCCATAATAAAACTAACAAAAATTGTAACATATGACATGTTTTATAAGCTAGTAATTGAGCTTAACATCAATGTCATTCACACCCTGTGTTAGTTTTATCAATCTCTATATTTTTCAACTTTTTAAGACATATGTCTTGTCTAAAATTAAATATATATGAAATACATTTTTCATATTTTTGAGTCTACACTATTATTTCTCAAACGCATAGTAATAATAACTGAAATTGATTAAAAAATTAATTTGAATACACTTCAGGTTTTAACGTACCGATATATGGTAAGTTTCGGTATAATTCACGATAATCTAAACCGTAACCAACAACAAATTCATCTGGTATTTTTTTACCTACATACTTAGCTTCAATGTCCGCTTTACGACGGTTTGGTTTATCTAATAAAGTAACTATTTCTAATGAATTAACTTTTCTAGATTGTAATAATTCAGTAATTGACTTAAGTGTAGTACCAGTCTCTAAGATATCTTCAATAATTAATACGTCTTTATTTTCAATAGAAGAACCTAAATCTTTAATGATTTGAACTTCACCAGTTGACTCAGTGCCTCCGTGATAACTAGAAACATCCATGAAATCAATTGATAAATGGGTATCAATTCGTTTAA
CP129557.1_gap45	1771875	1774844	2969	TTTTGAAATATAGAAATTTATTTACAAAGCCATTTAATATAATTTTAGGTTTGTTCTGCATCGCATTCATTGGTGCTATTTTATTTACATTCAATAATGAGAACTTTTACAACAAACCAATTGGTCAAATTATAGATGTCAAACACGTTTCATCGACACCTACAAAAGATGCACAAAATAACCGCGATACTAAGTATAAAAATCAATTAAAAGTCAAAATATTAAATGGTCAATTTGCTGGAGAAACGACGACGATTAATCATCAGTACGTCAAATCTCAAGCAGATTCAGAAGCATTTCGCACACACGAAAAAGTATTATTACATATTTCTAACAAGCCGAGTGATGCTTATATTATAGAAAAGAAGCGTGATACCTTAACGGTTATCATCACTGGTTTGTTCTTATTAACTGTATTATTGGTTGGTCGCAAAGTCGGACTGCAATCGATTTTATCGTTAATCTTGAATTCTATTGCCATATTAATCGCAATTTACATTCATATTCAACATAGTAATATTAATTTATTCTTACTCATGACCATTGCCATGATCTGTTCAACAATACTCACTTTATTGCTCGTTACAGGCTGGCATATGCGTACGCTCATTACAGTTGCCAGTACAATTATTGGAACTTTTTTGAGTATAGGTTTAACAGAATTAATCATATATATGACAGATGGTAAAGGTATTAAATATGAAACGATGAATTTTTTATCATTACCACCGAAAGATATCTTCCTAGCCTCAGTGTTAATAGGTTCACTTGGCGCTATTATGGATGTTGCAATTACGATTGCAAGTGGCATGCATGAGATTTTACAACGTACGCCGCACATTTCAATGAGGAGATGGGCACTTGCCGGGCGAAACATAGGCCAAGATATTATGGGAACAATGACTAACATCTTATTATTCTCATATTTATCCGGTGCACTACCTATGTTTTTAATCTTTTTAAAAAATGCCAATACAGTGACTTATACGATTTCGATGAATTGGTCGTTAGAAATTGCGCGCGCACTAACAGGTGGTATAGGTATCGTACTTACAATTCCTATCACAATATTGTTTATGGAAATATTTGAAACATTAAGGAGGGCGAAACAATGAATGCTGTATTTATATTGGCGTTATTGCTCCTCTTTCTGATGATAATTTTCGGAGGTAAAAAGGGATTCATCTCTTATTTAACTTTATTTTTAAACTTTGCCATTTTAATTATTAGTATTGTATTGATTATTTTTGGCGTACCGATTTATGTCGTCACATTCTTTTTCTGCATTATTATTGGCGCTTGTAATTTATTCGTACTCAATAGTTACAATGTTAAAACACAAGCTGCATTTATCAGCACTATCGTTACAACAATTTTGTTGATTACACTCATTTATTTATCGGTCTACTTCGGTCATCTACAAGGCTTTTCAACCGAACAACAAGATGAAACATATGTGTACTCAATGAATATTGGCATTGATATGGTTCAATTTATGGTGTTCACTATTATTCTTGCTGTTATTGCAGCTGTGATAGACTTAACGATTACCATTAGTTCACCCATTTATGAATTGCATCAAGTGAATCCAACACTTACGCAATACGAATTATTCCAATCTGGCATGCGTGTTGGTAGAGAAATTTTAGCGACATCTGCGAACACGATTTACCTTGCCTTTTTTGGTGGCCAACTTGCTTTATTTATTTGGTTTTTCAAACTTAAATATTCATTTGGTCATATTATAAACTCGAAAATATTTGCCCAAGAATTTATTTCTATTATTTTAGGCGGTATTGCCGTTGCAATCAGTATTCCGATTACGGCTTGGATTACGGCATTTTTAATAAAAAGACCATCTCGACAGCGCAAAAATGATGAGTCTATCAATTAATCGCAACTAGCAATATAACTTAAGTTAAGCGACCTGTGGATATATGTCAATTGTTCACCAGGTCGCTTTTTACTATAGTAAATTGTCCGATGATCTATAACAAAAGCACCTTTATTCATCATTAATTTTTGTGGTCGACGATGAGTAAAGATGCTTTTAAATTTATTTATTTTATAGTTAGCGCCATAATATGAACAGGTCTTCCGACGAACATACTATCTCCCATATATTGATATCCTTGTTGGCGATAAAGTGCCATGGCATGTGGATTGTCAGTATTAACCGTTAACACAATCTCATTAATATCCTGAAATGTTGAAATGATAAATGGCGCCAATTTTTCCATTACTACTTTACCTATTCCTTTATTACGATATCGTTGATCAACACTAAATGACCTGAAAAATACTGCATCCTGGTTATCGCTAAATGGTGCGACTCCTTTTCCACGATGTAATGTAAAAAAGGCCACACATTGCCTGCCATCCATTACAACGATGGGATACCTTTCATTATCAGACATTGCAGCTGTAATATTTTCCTCTGGCGTTTTAACAAACTTCAAATCACTTTCACTTAATTGAAAAGCTTCTAACATCGAATAATCTTGTGGGACATAATGTCGTAACATGATGGTGTCATTATTTGTCATGTTTACCACCATACGTTTCAATCCAAACTTTGACAGCAGGCGCAATCAACGCATCATTATCTTTATCAATCCAGCGTATATCCGTAATTTCATTATTGATAGTTACATTTTCCCAATCGATTTTGGTTAATGAGCGAAATCCATTTAACTCAGTTAACATATCCTGTTGTGGATATGCAGGACCTACAATTGTCCCGATATATTCAATTTCATCCATTGTTAATGTTAAATTTATTTCTTCTTTTACTTCTCTTAACAGCGCGTGTACTTGTGATTCTCCTTCTTCTATTTTACCACCTAGGAAATAATACTTTTCGCGATTCCTTACTTGAACAAGCAATATTTTATCAGCTGTTTCTTCTACTAAACAGACACATTTAATCATCTTTGACACCCCCACTTTGTGAAATCAATTTTTCAAAT
CP129557.1_gap46	1784780	1788559	3779	ACTAAACGTCATATAGTAATTAAATAAATTGTTAACATACTGACGTTGTGGCTCACCGAAATAATCTGTAAACCATGTTAATGATCCCATATCTATATTTTTAAGCCATTCTTGATTTGTCACTACACTGTAAAACATACCTATAAATACAATCAGCGCAATTAAAAATAAAGGCACTGTCATTTTCGGTGATGCTAATTTTTTATCTATCATCTTACAATCTCCTCGTATCATCATTTTCATTTTACAAATGTTATCCATAATATCAATGTGCCACAAATTTCACTTTACCGACAATATCAAAATTATAAAGTTCATATTGTTATGTATATTGCAAATAAAACATTGTATAATTGAAATAACAATATTTTGCTATTTTCAATTTAGTACGATCTATATTTATTATACAGAGGGGGTAGGGCGTATCAATAGAGTAATTTTTGTCTATATAGCGTTAATCATTACATTAGTTAGATTCTTTACCCCTATACATCCATCGTTTTCAAATTTGATTTACTGGATATTTGTATTATATTTTATTCCTATTATACTATGCGTTATCGGTTTCAAGGCCGAAAAACTTATTGCAACAATGGTCATTATCCCTAATTTTTTAGGTATATTTTATCGATTATATGCATACGTCATACATACACTCTTTATGTAAAAGGATTGTTGACATGTCTCGCAACAAATATGCTTGCGTTGCCTCGTCCACCATTCGCAAATTTTATGGCATATGCCTTTCACGGGCTATATTCAGAGTCACACATCCTTCCAGGTGATAAACACATCATATAATAGAAAAACAGCACACCCAAATATATGGCGTTGCGCTGTTTAACCAAGCATACTTCTATAGCTTTAATAAGCCAGCAGAAGCATACCTAACCTTCTTAAATATGCTTTTCCAAATTATCCTCAAGTTTGAATACGATAATACGTTCACCTGTAACTGTACTTAAATCACTATGGAAGCTCATCACTTTGATACCTGTAATTTTAAAAATGATATCATTCAAATCTTGCTCACCGGATTCAACTAATTCAGAACGTGTTCGTTTAATATTTAATAATCCTTCATTCGTACTACACACACGATATTCTGCTGGCGTTAAGATACCTTGTAAACTAATAATCACCATATCTCTTAAAATGTCTGATTTAACCGACAAGGAACCTCTGCCAAGGAAATCTTTTTCCCATTGCGTAATGGCTTTACTGATTTCAGCTTCGATTTCACCTTTCGTTCTTTTCATATCACTAACTCCAATAATATTAAAATTGATTACTTTATCTTTGTATCGTTATCACGACATCAACTATTACATTAAGTTTATCATTTTTAGTATATTTTAAGAAGCTAGAACATTGTAGATATGATGATATATTAGTTACTTAGCATCGCAACATTTCATCGTTAAATCCAACTTTTAAAACGCCCTTCCTCATTAACACTCATTAAACGCAGCCAATGATTAGACACCTTCCTAGCGAAATGCTCATTATTCGCGAGTAGTCTAGCTACAACATAGTCGGGTGCCTGAACAACGACAAGCAAACGAATTGGCGAATGATACATCGTTCGATCAGCAGCCATAACAGATTGCCATGATAAGCCATACATCAGATCACTTGCATTACCTTGCATGACACCAACACCTGACGTGACGGTTTGTGTCGCTTTATTCCCACTGCCGTAAAAATGCGGCGCAACTGTCGACGCATAATATTGTAAATTAATCCATTGTGCCACAAGTGCAGGACCAGAAATGATGGTATTTAACAATGTGCCGTCTTCATCTTTACGCCAATCGTAATTGTGTAAAAATGTCCGCCCTTCTAAATCAATGCCTTTTGTTAATTGGCGTCTTCCAATTATAAATGATGCATTTTTAGCCAAGCCCCATTCTGGACGTACTTCACTCCAATCACTCGCGAAACGTTGCGCTTCTTCCACTGGATGATTCACACGACCAATCGTTGGCAGTTTGTCCAAACGTTCGCGATTCGCGTGTTCAGAAATCATCGGCATGGCGTCATTCAATGATTCATATGCATCTAAAGCAATAGAAGATAATGTATCTGGCACATATACCCATGCCAACGTATCAGTAGACGTATGATGTTCTGCTGCCGCAAAGACCGTGGTCTCCGGAATTACTACACCTGCTTGTTTTAATCCTTGTCTGACATTTGGACGATTACATATCATCGCTAATAACTTAGCATTAAAACCGCTTGATGCACCACCACAAGCCCCACATTCAAGTGATGCGTGATGTGGATTATTGTGAGAATGACTAGCATGACCTGCTAACACAACGAACGGCGCAAATGCTTCGGTTAAATCCATCAATTTCAACGCTTGTAACGCGAAATCAATTTGCTCTTGCTCAGTAAATCCAACAGGTAAGTCTGATGTTCGGTCAAACTCACGATCAATCGTTAACTTTGTTTCAGGCTTCTTCAACCATTTTTGTTTTATTTTCTGTAAAGACGCGCGACTTTTTCTAGGCATAATCGTATTGACAATGGTACTCAAGCTTAAAAATGGTCCACTTAATTCAGGCAATAACAAACTAGGCATGACATTATTTTTCATCAACTTAAATGTGTAAAACATCGATGACATTGTCTGTTGCTGTTGTCGATAAACATTCATATCGTAACGGTCCGCAAACTCTTTAATGCGATATGCCGGCGGTACCATGACAGGTAATGAATCATGTTTGAATTGTTCGTCTACGGCATCTTTTTGAATAGGTAATCCAAAGAAGCCTGCAATACCAATCGTTTCAAAGGGCCCTGCTGCTTCGATATGTCTACGAAATGGTTCTGAACGAACATCTATACAAAATGCAATTTGCGCTTTCGTTGATGTGCACACCTGATTTAGCTCGCTATTATTTTCATCAACTGCTTGTGTATCATTTAACGATACTGAATGTGACTGATTAGCGTTGTCATTTTCCGAAACATTTACTTGAATTGCATCTAATGCGCCCGCCACACTCTCATGACCTGCTTTAATTTTTTGTTTTAACTGAGATTCGTATGTCATTTCCCAGGCAATTAGCCATAAATTTTTAAATACATTTTTATTCATAGTTGCTGCAAAATGAATAAACGTTTGAATTTCATTGACGTCATGTTGTAGTAATACATCGCTAGGCATATCACTGTAGTAACACCATGATGCAACAGTTTGCTTAAACCAATTTTCCGATCTACTTTCACAATCTTTAGTGACTGACTTAAACTCATCACCAACTAGCAATTGTTCGACAACTAACCGAATTGCCAAATAATCCGTTAACAAATATTGTTCAAAGTGATGCTGTTGTGAACGGTAATACAACATACCTGCCCAACCCGGTAACGCCAAAAGATGTCCTTCAACATAAGCTTGGTAGTCTTCCTGATCTATTGAAAAATGAGTTAATACTGACTCTATCGTCATTTCAGGATCATTGGGTAAGCCTTTAATCACTTGGCGCTGTGCTTTAGTAAAACTATGGTCATGTTGCGCTAAATGCAACCATGCATGGTAAAAACTTTGCTCTCGCTTCGGCATTGTCCAACTCGATAGAAATTGATCGATATAAAGTTTCGTCCATTTAATCATTTGACGATTCACTTGTTCGCTAAGTGGCTCACCTTGTTCATCTATTATTGCATCACTCATCGGACGTACATCATAGTGATGATATGAATCAGCCATATCACGTTTTGATTTTTCTAATAGTAGATCAGCAACAACATCAACATTTGAATGA
CP129557.1_gap47	1793028	1795254	2226	TCCCCCACCATCTGCGACAAGATCTTTATCGATATTTACTTCACTCATATCATTTACAATTACCGCGATACGTCGACCTTCTCGATTTTGTAAAATATGATTTAACAACGTTGTCTTCCCCGAGCCTAAATAACCACTTAATACCGTAACTGGAATTTTAGCCATATATATACCCTCACTTCAATTTATTTGTTTCGTTCATTTGCAAATAGGAATAATTCCGTTTTACATTATATAGGAGCATTTCGTCTTTCGCAATCTTCGATAATAAAAAAATAGTATACTTAATTAAATTATTGAGCGCTTTACTTTATAATGGAGACAAAGATATATCTCACGAAAGAGAATCGAGGTGTATAAACATGCTATTTGTCATTTTAGTTTTATATATCATTGGTATTGCATTTATTCTACTAAGTGTTTTTGGTTCAAAGACTGAAGGATTATCTACGAAACATACTTTATATACCATTGGTAGTGCTATTATAACGATTGCTATTTTCATTTCAATTGGCTATGCCATTCAATACTTAACTGCAGCGCTTTATGGTTTGTAAGGTGATGATGATCTATAGCGGGGAGTTCGGGAGAGGTTAACTTGCGTTGATTTTGATAAAGCGGTCATCGTTTTTGGTACTTGAGGATTTTGTTGTTGCTGTTTGGAATGTGGATATGTTTAATGCGGGACAGTAATTTAAGTTGTGTTTTTACAATTGTGAGTGTGATATTTCCATTAAGATAGCGTTACTTTAAAGTGGAATAAATTAAAAAGAAGCGGCCTGGTGTCAGTTGTGATTATACTGAAGTACTCCCTCCAAAGTAGACATTGAAAAAATGAAAATTTTGAAGGGAGCTTTATTTATTAATATGATATGTAGTTTAACTATTAATTTTTTTCAGGTCATCCTTAATGCTGTCAATCTCAGACATAGCACTTTTAACCCAATCTCCTTGAGCTGCGCCTTTAAAATTAGCTTTAAAAGCTTCGCAATGCTGCGCCATTTGTTCAATTAATACTTTTTCTTCACCTTTTAACCCATTTTCAATATCTTTATATTTATGCTTATGTTCAGGTGCAATAACTGTGCGAATATTTTCTTTTTGCGCTTCCATTTTAGATATGAGATTAAGTGTTTCTACTGTAGTACTTATATCTGGCATTCTTAAGTTCATATCTGGTTCTATTAGAGTCATTTAATCTCCTCCAAATTATCAGTCACTTAGTTTATCTAACTGCTTTTCATAAGACTTTTTTAAGTCTTCTTTATATTCTTCTAATTTCCATTCTTGCTTTCTAATTATCTCATTGATTTCTTGCTCATACGCTTCTATATTTCTCGTCATTTTCCTTTGGGCATCTTCACTATAATTCATTTCATGCTTCAAATATTGAAAAACATCATAACTACGTTCATTTTCTTTTCGAGTTCTATGCCTAAGTTCATTTAAATTTTGCAGTTCATTCTCTATACGTTTTTTCTCAGATTCATATGATTCTTCTAATTCATTTTTATTATTAATTTGATTAAACATCATAGTAATCCACCTATTTGTGATGCAAGCACTTGATCTTTATCAACGATTTCATTAATACTGAGTCTAACTCTCATAATATAATTTGATACAGAAGACCCTATCGTTGAAAGTTGTCTTTCTTTTGCAGATATCATTTGTTCAGGTTCTCTTACCATACTACTTTCATTCACTTGACCTTCATCTAAAGCATTGAGAACTCCATTTACACTCAAATCTTCACCTACAGCTTTTCCAGCTTTTTGAGCGTCTTCCCAATTTTTTCCAAATTTCTTTTTCTTTTCATTATACATTTTTTTGATTTGATTAATTTCATCGTCTATCAGTTGACTGAATGACTGCGCAATTGTTAAAGCTGTTAAACTTTCTAAAACTTTTTGCTGCGAAGAAGATAATCCTCCTCCATTTGTAGTCATCATATTTGCTCTAAGTAATTCTATACTAGCTAATTTAGAGATAGCATTATTTGAATTCTTTACAAATGACTTATTATTTTCTTCTGCATAACCTTGTAGTTTTTTAAGTTCTTTTTTTATAGCTTTTTGTTCTTCTTCGGTCAGAAAGCCTTCCATTTCATGACCTTTACCATTTTTAAAGACTTTATCATTACCGAAAAAAACATAATGCTTATATTTCTTCAGATTTTCTGTCAATGCATCATTTTCTGCAACAAACCTAGTAATATTACCTTTA
CP129557.1_gap48	1907660	1909333	1673	AAAATCCTAGCTGTTATTCAAAAATATTAGTTTTTAAAATTAATTTTGTGAAATTATTCACAAATAAAGTGATTCATAGTATACTCTGATTAACAAATGAAAAGTGAGGATGTCATTGTGAAGGAGAAACATATTAAATGGGATAAAATATTTTATGGGGACGACTGGGTAAATAACGTAGTCGAAACGATAAGAACGAAAGATATATTACAAAGCGTTTATTTAAAACGTTATTTATTACGCGCTATGATGGCAGGATTTATTATCGGTATTATTACCGTCTTCGTGCTATCAGTTAAAGCAACACACGAACCAGATTTACCACCAGGTATAGTGAATATGGCCAGCGCCATTACATTCAGCTTTGCGTTAGTACTCATTTTATTTACAAACTCCGAACTACTAACCAGTAACTTCATGTACTTTACTGTAGGCCTGTATTATAAAGTAATTAAACCGACTAGAGTATTGAAAATATTTTTATTGTGCTTTGCAGGAAATATTTTAGGTGCTGCCATTTTATTTAGTTTCATGCGTTTTTCAAATGTAATGACGCCAGATATGTTAAATCAGTTATCAGCAGTTATAGAGCATAAAACGTTGTCTACTGGTTTTGTAAGTATATTAATGAAAGCGATATTCGCCAATTTCTTTATCAATATTTCATTAGTTATTGCCATGCAAATTGACGATGTACTCGCAAAAATGTTTGTCATGATGTTCGGTGTTACCATATTCGCCTTTATGGGTTATGAACACGTCGTTTACAACAGTTGCTTATTTATGGGTGGTTTAATTTATCAAGTTGATACATTGCACTTCATACCAGCTATTTCGAATATCGCTGCGGCTTTTATCGGTAACTATATTGGAGGCGGACTCATTATAGGTTTATTCTATGCTTACTTGAATGATCATCATCAATTTTATAAAAATAATTAACTATATTTGAACAATGCGTTAGTCGATGCCTTTAATATTTAGAAGTGCATTGTCTAACGTATTTTTTTAAAGTTCGTCAATGGTTTTTATCCGATGCTATGAGCATTATCAAATACAAAATGCTCTCTTAAAAGCAGTTATTGACTGAAAATCTACTTCTAAGAGAGCACTTTATTTAATCGGTTAAGAAATCTTGAAATTTCAATATACGATGTTTATGATAAGTCGCTTATTTCATCTTTAGGCTTGTTATTAGTAAGTAGTTTAATACCACTGACTAACCATAAAGCAAATGTAATTATGTTACCACTTATTACAGCTCCAATAATCAACAATATACCACTCATTTTTTTGTTTTTAGATGCTTTAAACATACCGATTGCACCTAAAATAATTGAAATGATTCCAAATATAAATAGGAATAAGAATAATACAGTGAAAATTGCTGCTGCTGTTTCTGCATCAACTGGGTCAACCTCACCATTAACTGTTGTTGACACATCTGTAGTCATTACACCTGATGCTGCTAAAACCATAAATAGTAAACTAAATACCGTTGCTAAACCCTGAACAACAATTCCTATTATTGTCATTATTTTGATCGATTTTTCCATTGTCTTACTCCTTTATTATTATTTACAAACTTACGTTTGTGTTCTTATATATAAATGTTTAAATTTATATCGTGTTTATTTTAAAAATTATTGTCGCTAAAGCTCATTTACTTTTCG
CP129557.1_gap49	1926323	1930293	3970	TAAAATGAGGATCTGTTGCAACAGTTAATTGATTAATATCATTACTTTTAATCGTTTCAGTACGTTGCACTTTCACACCATCATTAATCAAACTACTTGTGTCTTGCGCAACTTGGTTATCGTAATCTGTTAAATTAATGTGTTCTGCTAACGGTTTTTTCAAATTATATTCGTTTTTATAACGTTTTGCTTCTTTGACAATTGCTTCGTATTTATTAGCTTCATCCTCATTTAAACCTGCAGCTATAAAGTCTTGTTTAGACATGTTATAGATAAATGTTGTATCTGTATCAGGTTCTTTGACAATATCATCATGAAGTTGTTTCTCTAAGTTTTCAGCGAATTGAGCATTGTTCATTTTAATGCTATTTAGCGCATCTTGTAAGTCTTTGTTATTTGCAAGCTCATCTTGCAGTGATTCTGTTAATTGCTTACGATAGTCTTCAATCATACCTTTTGAAAATGGTGACTCTTGTGATTGAATAATTTCTCTTAATTTATCTAAGTTTTCTTTAACAGTTTGTTTATATTCTTCTTTACCTGTATCTTGCATACTTGATTGTTGATCAATTTGGCTGTCCATCTGTTTTAATGCATTGATATAGTTATCAAGTTCCACGCTATCTTTTTGCGATTTATAATCTTGTAACATTTTATCCATCGCTGTATTGTGCTCGTCAAATAATGAATTTTGTTTTTCAATTAAAGTCGAAACATTATAATCTGTGTTCACTCTGAACGTATCTGAATTCGCACTCAATAATGATTTATTGTATGTTTGGAACCATTTTGTAATATATTTGTTTGCAGAAATCGAATTTACAAGCGTATCTGTAAATAATTCCGGGAAGTCGTTAATTGGATTTAATAAGTAATTCGAGAATTTACTATTCACACCATGTTCACGCGTCATAATAGCGCCAACATTTTTTTGTGCATTATGTAAATTATCAATGATGCTTGTTAAATAAATTTCGACTAAGTTTTTGTTAAAGTCGTTAAGTACATTACTTACAACTTTTTCTGTGTTTTTAGCTACTTCTTCTTTTTGTCCTACAGCTGTTTTATACTGTAGTGATATTTTCGATGGTGTTTTAGCGTCTAATTGCATTGCCAATTTTGAAAAGTTTTCTGGGATAACAATCATGACTTGGTATCCGCCATTTTTCAAACCAGACTCAGCAACGTTTCTTGTTACTGTTTCAAATTTATAGTTTTTCTCATTTGCTAACCTTTTAATAAAAGCTTGACCCAGCTCAACCTTTTTACCGTTATATGTCGTTGGTTGATCCTCGTTAACAATTGCGATATGTATTTTATTATTTTTATTACTTACACTTTGGGATCCTTTTTCTGATTGATCTCCATATTTTGTTTGAACAAAAAATATCATACTAACTATGGCAATTATAATAATTAAAGTGACAATTAATGCATAAATCCAATTTTTCTTTTTCATGCTTATTTCCTTTCAGTTGTTTTCTTAAAAAATGATAAGCAAAGCCACATTAGAAAATGTGACTTTGCCAATTTCAGAATGCTTATTGCAAACCGAAATTATTAGAAAGTTGTTGGTCTTGCTCTTGAACGGCATCAGCAGTGCTATTCAATTGTTGTTTAATTTCTTCTAATAATTGTGCAAATTTTTCTACTTTAGGACTAAGTTGTTGGAATTGCTCTTCGAAACGGCTGAAAGCTTGACCTTCCCAGTTCGCTGCAATTTCACCTTGTGCACGTGTTAAATCAGATAAAATTTGACGGATTTGGTCTGAACCTTGCCCGTAAGATTGCGATTTTGCTCTGATTTCCTCTGGACTCATCTTAATCATTGCCATAACTAGAAACCTCCTGAATATTTTAAGTTTATCAAAACTTTTTAGGGACACTATTTTTTGAAAAAGTGCTCCTTACTCAAATAATATATAAATTATTAGTATATGTATATAGTTTTTTAAGTATTTTTAGCTTTTTTTAAATAAATATATTGAATATACCCATATATTTTTAATTAACCATTCATTTTTGTAATATAAATGTGTATACTAAAATTAAATTAAATACATAAAGGATTAAATGGTTATTATGAAGAAAACAATTTTACTGACGATGACAACTCTTACTTTATTTAGTATGTCGCCTAACTCGGCTCAAGCATACACGAATGATAGCAAAACATTAGAAGAAGCAAAGAAAGCACACCCAAACGCACAGTTCAAAGTGAATAAAGACACCGGCGCGTATACTTATACTTATGACAAAAACAACGCGCCAAACAACAATCATCAAAATCAGTCACGTACAACCGACAATCATCAACACGCAAATCAACGTGATCTTAACAACAATCAGTACCATTCTTCATTAAGTGGTCAGTATACGCACATTAATGACGCAATTGATTCACACACACCGCCTCAAACGTCACCAAGCAATCCTTTGACACCAGCAATACCGAATGTCGAAGACAATGACGATGAATTAAATAACGCTTTTTCAAAAGATAACAAAGGGCTTATTACAGGCATCGATTTAGACGAATTGTATGACGAATTACAAATCGCCGAATTTAATGACAAAGCAAAGACTGCTGACGGTAAACCTTTAGCATTAGGTAACGGTAAAATCATTGATCAGCCTCTTATCACAAGTAAGAACAACTTATATACTGCTGGACAATGTACATGGTATGTCTTTGATAAACGTGCCAAAGATGGACACACGATTAGTACATTTTGGGGAGATGCTAAAAACTGGGCAGGCCAAGCTTCAAGCAATGGCTTCAAAGTAGATAGACACCCAACACGAGGATCAATTTTACAAACAGTAAATGGTCCATTTGGTCATGTAGCCTACGTTGAAAAAGTTAATATTGATGGAAGTATTCTAATTTCAGAAATGAATTGGATTGGTGAATATATCGTTTCATCAAGAACCATCTCTGCTTCAGAAGTTTCATCATATAATTACATCCATTAAATTAATCATCACATCAATAAAAAGCGACCAGTTCGCAGTTTACAATTCGTAACACTGCAAAATTGGTCGCTTTATTTTGTATGTTATTCGATTATAAAATATGATGTCTACCTTCAAAATTGCAATAACTTGTCACCTTAAAGTTAACCGACATTTTTAAATAATCATTATGTAATCAAAATATTTTTTGTAGTTTATTAGATTTCCAATAACTTATTAAACATTATTATAACTAAAATCCTATTAATTTAAACAAAATTTAAAATAAACCATTTAATAAAATGTATTGTTCTGATATGATTAACTCATAAATAATTGGGAGGAAACAAAATGTCTAAAAAACTAAAAATTATAATTCCTATTATTGTTGTCTTATTATTAATAGGTGGAATCGCATGGGGAGTTTATGCATTTTTTGCTAATACACCGAAAAATACATACCTAAAAAGTGAACAACAAACAGCAAAAATGTATAAAGATTATTTTAATGACCGTTTTGAAAATGAAGTGAAGTTCCAAGAAAAGATGAAAGATAATTCATTTTTATCTTCATTAGAATTAAGCGCAGATGCATCAGATGAAATTGTTAAGGGGCTTGGTATTCCTAAATCTGTTGTTAATGCTTCGAAAATTAAAATGTCATATGGACATGATCCTAAAAAAGAGAAATCAATGATTAATCTTGAACCAACAATAGCAGACTCTGCATTAGGGAAATTCCAGTTAGCTGCAGATAAAGATAAGCATTATTTCGAATCACCATTATTTAAAGGGAAATATAGTGTTAATAATTCTGATTTATTATCAACTTATTCAAAACTTACAGGTGAAGATGAAGAAACAGCAAAAGAAAATGGTATTACAAACCAACAACTAAATTTAAATACTCTTTTTAGTAATGCTCAAGCACAACAAAGTGACTACAGCAAAATTGCCGAAAAATATTCCGAACTTATTGTCGACAAATTAGATGACGATAATTTTGATAAAGGTA
CP129557.1_gap50	2013214	2015198	1984	ACCCTTTGTCGTACCATTTTTGTAATCGTTCAGCATTCTTGACGACATGTTTTGAATTTAATCCTAGCTGATGAATATCATATTCACTGCCATTTTTCTTGAAAATATAATCATCATTGCCGAATAAAAACGGATAATTAAAATAGAAATTTTTAGCATCAAATAGCATACCGTATTGTTTCTTTTTACTATCAGTTAGTTTGGCAGCATTAGCTTCAACTTCTTCTAACGTTTGCGGTGCATTTTTCACTAATTTTTTATTATAGAAAAGTGCGGTTGTTTCAACGATAGCTGGCAATGCTAGTTGCTTATTGTCATAATTCATCGCTTTAAGTGCTTGCTTATTGAAGCCTTTCAACTCATCTTTTGATAATTTGATTTCAGCAGCTAAGCCTTGTAGATAGGCACTTCCAGTATTATCATGTGCTAAGAAAAAGATATCTGGACCTTTTCCAGCAGGAGCGTCTAGAGAAATATTTTCTAGTTGATCATTTTGACCAATATTTACAAGCTTTACTTTTATGCCAGTTTTTTTAGTATATTGATCCGTAATTTTTTTATAAAACGCCATTTGCTTGTCGCCATCCACCCACATCGTAAGTTGGTTAGGCTTGTCTTTAGAATTATCTTTATTCAATGCTTTATCAATATCTTCTTTCGAACGATTAGGGCCACATGCAGTTACGATTAATAACATTACCACGGCTAACGTGATACATTTTAAAATTTTAGACATGAATACTCCCCCTTAGACGATACGATTTCCTGTTTTTTCATCAAAAAAGTGACACTTATTCATATCAAATGCTAGTGTAATCTTGTCATTCGCCATCACTTGTGTTCTTGAATCTAATTTAGAAATCAATTCCATTCCTTGGAATGTGCTATGTACCATAATTTCTGAACCTAACAGTTCGGATACAACTACTTCAGATTCAAATTGTGTCTCTGGAGAGGTTTGAATAAATATTGGTTCTTCATGAATGTCTTCAGCTCGAATACCTAAAATAATTTCCTTGTCTAAGTAGCCAGCAGCTTTTAACTTTTCAAATTTTTTATTATGTAATTTAAAATGGTGTGTTCCTACCTTCAATCCGTCCATTTCAACTGTAGCATTCAACATATTCATTGCTGGTGAGCCGATAAATTGCGCCACAAATATGCAATTAGGGGCATCATATATTTCTCTAGGTGTGCCGACTTGCATAATGTCGCCATCTTTCAAAACAACAATTCGACTAGCCATCGTCAATGCTTCAGTTTGATCATGTGTAACATAAATTGTCGTAGTATTAAGTCGCTTATGTAATTTCAATATTTCTGTACGCATTTGTACTCGAAGCTTCGCATCAAGATTCGATAATGGTTCATCCATTAAAAAGACTTTCGCATCCCTAACAATAGCTCTGCCCAAAGCAACACGTTGACGCTGTCCACCAGATAACGCTTTTGGTTTACGACCAAGATACTCAGTTAATCCTAATATTTCTGCTGCTTCATTAACTTTTTGTTCAATCTCTTTTTTATTCACTTTACGTAGCTTTAGCCCAAATGCCATATTTTCAAAAACAGTCATATGTGGATATAATGCATAGTTTTGAAATACCATCGCAATATCTCTATTCTTTGGTTCAACATCGTTCATGCGTTCCCCATCAATATAAAAATCTCCAGATGTGATAGACTCTAGTCCAGCAACCATTCGTAAAGTTGTTGATTTACCACATCCCGATGGTCCAACAAATACAATGAATTCTTTGTCAGTAATATGTAGATTAAAATCTTTCACTACAGTATTGTTGTTATCATACGTCTTTTTAATATGCTCTAACTTTAATTCTGCCATGTTATGCCTCCCATACTTTGTTTACAATTTGATTGTGCAATACACTTCGTGAAAACGTTTGCACAAATACTTACATAAATCATATAGTCACTCATTATTAATGTCAATCATAAATTGTAAACGTTTACATTACTGTCA
CP129557.1_gap51	2024356	2025890	1534	AGCAGAAAAGAAAAACTTTATCACTGCATATAAAAATATTGGCAAGCTTAATACCGATAATACAAACTTGTAAAATGCCTTGTGATACAACGACTTAAAAGATTCTAAATAAGTAATTATGCTAATCACTCCTTGTAAAATAATCTTGAGTAGATTACTATGATATACAAAAGTATAGAATAAATTTACACATTTGTGAATAGGGAGGCACAACATCATGTCAAATTTATTAGAAGTCAACAGTCTGAATGTACAATTCAATTATGAAGAAACTACAGTTCAAGCGGTAAAAAACGTCTCTTTCGAATTACGAAAAAAACATATCCTAGGTATTGTTGGTGAATCAGGATCAGGAAAAAGTATTACCGCTAAATCTATTTTAGGGCTACTACCAGATTATCCGGATCACACGTTAACAGGAGAAATTATTTTTAATGGGCAATCGTTAACAAATTTATCAACTTCAGCGTTACAACAAATTCGAGGTAAGGATATTTCAATGATTTTTCAAGATCCACTCTCTTCGTTGAATCCAAGATTAACGATTGGCAAACAAATTACAGAAGTACTATTTCAACATAAACGTGTATCTAAATCTGAAGCAAAGTCGATGACAATAGACATTTTAGAAAAAGTAGGTATAAAACATGCAACTCGACAATTTGATGCTTATCCACATGAACTTTCTGGTGGTATGCGTCAACGTGTCATGATAGCAATGGCATTGATTTTAAAGCCACAAATTTTAATCGCAGATGAACCAACAACGGCATTAGATGCCAGTACACAAAATCAATTACTGCAGTTAATGAAATCCCTTTATGAGTACACAGAAACGTCTATTATTTTTATCACTCACGATTTAGGCGCTGTGTATCAATTTTGCGACGATGTGATTGTAATGAAAGATGGAAGTGTCGTTGAAAGTGGCACGGTTGAAAGTATTTTTAAATCGCCACAACATACCTATACGAAACGCTTAATAGATGCGATTCCTGATATTCATCAAACGCGTCCGCCAAGACCGTTAAACAATGATATTTTATTAAAATTCGATCGCGTGAGCGTGGATTACAAGTCACCAAGTGGTAGCCTATACCGAGCAGTTAATGATATTAACTTGGCTATTAGAAAAGGCGAAACATTAGGCATTGTCGGTGAATCAGGGTCAGGGAAATCCACATTAGCTAAGACGGTCGTCGGTCTAAAGGAAGTGTCAGAAGGCTTTATTTGGTATAACGAATTGCCATTAAGTTTATTTAAAGATGATGAATTGAAAGCTTTACGACGAGAGATACAAATGATTTTCCAAGATCCATTCGCATCTATTAACCCAAGATTTAAAGTCATTGATGTGATTAAACGACCACTTATCATTCACGGGAAAGTCAAAGATAATGACGACATTATTAAAACTGTCGTATCGTTGTTAGAAAAAGTTGGCCTAGATCAAAGTTTCTTATATCGCTATCCACACGAATTATCTGGTGGGCAACGCCAGCGTGTAAGTATCGCAAGAGCACTTGCTGTAGAA
CP129557.1_gap52	2031070	2031815	745	TGGTAACACTGTGCCAATCATAATAATTGCCCTATCGAATATTCTATATTTGTTTTCAGTATTAATGATTTTTGAATACCAACTTTTTAACTCAGGAAATATTACAGACGTGAAAATTGTTAGCGATAAAGTAACCATTATCTTATTGTTTTCTTTTACAAAATTAATCATCTCGTTAAGTTCCAAATTAATTCCCCCCTTAATAACAGCATTTTATTTCCATCTATGAAAAAAGCAAAGCTCAAATCTGAACTTTGCTTTAATTTGTCACGCCTTTATCATTTTCAAAATAGCCTCTATGCCAGTTTTACAAACTTGTAGCAACAATTTTTCATCAAGCAACTGAATCACATCAAAAACTTCAATTGTTTACGTTGCAACTAACTTTATGTTAGAACGCACACAATATCTAATGTTTAAAATCTATCGTCGCAAGATGCTTCCTGTAATTATCAAGTGCCATTTTCGATTGGGTTATACAATCTAGAATCGCATGATAATTTAATGCTACAAATCGATAGTACAATATATCTACCGTGAATAACTGTGCAAATAGTGACGTTGTAGCCGCCATACGCATTTCATTTTCATCAGTTCTGCCATAAATCAATGCATAGTCTGCAATTTGAGCCACTGGATTATTAGCTGTACTAGATATAGTTATGATGGGAATACTGTAATGTGTGGCCACCTGTGCAATTGACTGCAATTCACTATGACTACCTTGATTCGTCACAAAAATCAT
CP129557.1_gap53	2089082	2090651	1569	TCCATTGTTGTTAGACTCATGATTGCATTTTCTTCAAAATAAATTTGAGCAGGCACCTTGAAAATTTGAGTATTATTACGTCGTTTAGCAATTGTTTTAATGTTTAATAAATCTGTCGCACTAACATTATGTGAAATTGAGTTTCTACCGTATGAACCACAACCTAATGTTAAAGACGGAATCAATTCGTTATACATATCACCAATACCTCCAACCGCTGATGGTGTATTTACAAGTACACGACAAGCTTTCATTCTTAGTCCAAAATCTTTTTGTAATGTTTCATCTTCTGTATGGATAACGGCTGTGTGTCCTAATCCACCAAAATGTAGTGTGTCTTCACAAATTTGAAATGCTTGTTTTGTAGATTGGGCTTTTACTAAGGCTAATACTGGAGATAATTTTTCACGAGATAACGGATAGTCTGAACCTACACCGCTAATTTCAGCTATGATAAGTTTTGTATTTTCGGGGACAGGTATACCTGCTAATTCAGCTATTTCAACTGCAGATTTACCGACAATATCAGGCTTAATACCTGTTTTTTGTTCATTCATAATTGCATTTTCTAAGCGTTGTAATTCATCTTTTTTAACAAAATATGCTTGGTGTGCTTTAAATTCATTAGTAACGTCTTTATAAATTTCTTTATCAATGACTACAACTTGTTCAGAAGCACAAATCATACCATTATCAAATGTTTTTGATCCAATGATATCATTTACTGCACGCTTAATGTGTGCTGTTTTTTCAATGTAAGACGGCACGTTACCTGGTCCCACACCTAATGCCGGTTTACCAGTTGAATATGCAGACTTAACCATGCCCGAACCACCTGTTGCTAGAACTAATGCAATACCTTTGTGATTCATTAATTGTTTTGTTGCTTCGATAGAAGGCACTTCAATCCATTGAATAATATCTTTAGGTGCACCTGCCTTCATTGCCGCTTCTAATACAACTTCTGCTGCACGCTTCGACGATTCTTGTGCACTTGGATGGAATGCAAAAATGATTGGATTTCCTGTCTTAATTGCAATCATCGCTTTAAAAATAGTTGTCGACGTAGGATTTGTTGTTGGCGTAACACCACAAATAACACCAATTGGTTCCGCTACATACGTTAATCCTTTTTCTTTATCTTCACCAATAATCCCTACTGTCTTATTGTCTTTTATTGAATTCCATATATATTCAGAAGCGTATAAATTTTTAATCGCTTTATCTTCGTATATACCTCTTCCAGTTTCTTCATGTGCTAATTTTGCTAGCACCATATGTTGATCAACAGCTGCTAAACTCATTTGATGAACAATATGATCAATTTCTTCTTGTGACTTTTTAGATAATGCTTCTAATGCTTTTTTCCCTTTGTCAGCTAGAGCATCAATCATAATTGCCACTTCTTGTTCTTTCGATCCACGATTTTCTTTTTCAGGTATAGTTAACATATACAACCACTCCTTTATACTTTGTGAATTATTTCACAAACATTATAGTACATGTCTCTCAGGATATAAAGAAAATTCTATACAAAAAAGTTTAATTTCGAATATTATTTGAACAAAT
CP129557.1_gap54	2186637	2188823	2186	AATTAAACTTACAATTAAGACTAATATGATAGCACTTAAAACGAAAGTATTACCTAAAACAGTTGTTATAATTACTGTAATAAGTGCACTAATCCCGAAAGATTGTATTGATTTATTCCATAAAACGATACCTGGTATGGTTGCAAATAATGCAAATATTAGTCCTAAACCAGGCACTAGATATAAAGCTAAAGCGACAATGACCAACGCAATCGTTGCCATTATTGTTGCTTTAGGTTGTATTTTTGAAAACACATAAGCCACTCCCATATTTTTAACTATAGCTATTATTTTAACCTCTTTAATGGAATTTAACAATTTATAGATTGTATGCTTCTATTTCATTTAATTGAATAATAACTTTCATGTTTAATAAGTAATTAACATACTCATTTGTATCACTTTTGTGTGCTTTCATTTTCAACATGATTATTTAATCCCACTACATAGCAATCAAGCTTGATTTAGATTTACAATTCATTTCCACTCTCATGTACTCTAGATGTTTTTGAATATGACAACTGTGATTTAGTGGCTTCATTCTTTGAAAATATATACATTATTACTTGCGCTTAAAATGCTTTAAATTTAAGAAATGATATAAGTTAGGTGCCCAGGTACTAAAGTTTAGTAGGAATCCATCATGCCCTACATTATCAGGCACGAAGAAATGACGATGATATTTAAAACGTTCACCTAATGCACGAACTTGATCATCCGGATATAACAAATCATCTATAAAGCCCATTGTTAAGACTTTCGTTTCTAAATTTTTAAAAACATGCGTTACGTCTGTGCGACCTCGGTCAATGTTGTGACTATCCAATACATCTAGCAGTGTCAGATAACAATTCAAATCAAATCGTTCTTTAAATTTATTACCTTGATGTTGTTGGTATGCGACTACTTCATCCGGCGTGAAACGTTCATCATAACTTTTTGATGATCGATATGTCAAAAAACCTAATTGGCGTGCAATACTTAGCCCTTCCTTACCACCAAGATGAATGGTCTGACGCGCAATTTCATTGAAAGCTCTACTATAAGATGATGTTCGGCTTGTTGCAGCAAGAATAATGGCTTTATCTACTTCAAACTGTTGATTGTAAAGTAGTTCCATCGCTTGCATACCTCCAAGACTTCCCCCTATTAAAATATTAATTTTGTCATAACCAAGCGCTTGTATACCTCGTTCATTCGCTCTAACAATATCTCTTAATGTTAATTTTTTAGGAAAATGAGGGTCGTTTAAAGGTGAACTTGAACCGAAAGGACTACCAATAACATCAAATGTTAAAAATTGATAATCGTGAATGGGTATATATCCCCCATCAATAATTTCTCGCCACCAACCCGGATAATCATCTGTTCCATATGTTAAATGATTGCCAGTTAATGCATGACAAACTACAACTAATGGTTGTCCATGATAACCGACATGCTCATATCTCAAACGCAAGTTATCTATGACTTCCCCAGATTCTGTAATAAATTTCCCTAGATTTAAAGTATCTACTGTGTAATTTGTCATTGTTCTTTCCTCCTTAAACAAAAAAACTTCTCACCCTATTGAAAAGTAAGAAGTCTTTATACTTATCATTCGAGTAACTCGTTGGTTTTAGCACCGTGCTATAAAGTCGGTTGCTGAAGTATCACAGGGCCAAGTCCCTCAACTTCTCACAATAAGAAATATGAAATTGTTATGTGTTAGTTGAGATTCAGTGATGAATTACTTTTATCATTTAAAATGTTGTTATCATTGTCATGCGTTAGCCAAATCGCTTACGTATACACGATTCCCAATCTTAACATAGACGATTTGTATATCAGAATTTTCTGATTACTAACAGTTTACCTAAGTTTAAATATCTGTTCAATGATTTTCAGTTATTTTTAAAAGAAAAATCGTAATGCTGCCATGATAACAATCCCACTAATAATTGTAATAGTTAAACTACGCGTGATTATAGATAAAATAATCGTCGGAATGAGCGCGATAATGTAAGGGATGTTTAATGTATACCCCTCACCATGAGGCGTCTGCTGAATAATGCTGTCAATGACAAGTGCCGTAAATAGTGTGATCGGAATAAATGATAGCCATCGAACCACGACATCAGGCAATTGTACTTTTGAAATCATGATAAAAGGTATAATTCGAATTAATAGCGTTACGATACCACACA
CP129557.1_gap55	2194001	2194972	971	TGATTTCAAAGGAAATAATGCCATTACATTCCTACTACAAAATATACAACCGCATCAAAATTTAATCGTAGACGGCGATGCGATTACAATATTTAGTAAACTGAAACCGCAATTACCTACATGTCGTGTGATCTTTACACCGCACCTCAAAGAATGGGAACGATTAAGTGGTATTCCTATTGAGGAACAGACATATGAGCGTAATCGTGAAGCAGTTGATCGTTTAGGCGCAACTGTTGTACTTAAAAAACACGGTACTGAAATTTTCTTTAAAGATGAAGACTTTAAATTGACAATCGGTAGCCCAGCAATGGCGACTGGTGGTATGGGCGATACACTTGCTGGTATGATTACAAGTTTTGTTGGTCAATTTGATAACTTAAAAGAAGCAGTTATGAGTGCCACATATACACATAGTTTTATTGGCGAAAATCTTGCAAAAGATATGTATGTGGTGCCACCATCAAGACTTATCAATGAAATACCTTATGCAATGAAACAATTAGAAAGTTAGTCATTACTACTCATTGAATATAGTACAGCATTACTTTCTAGCATAAAAATAAGACTCCCCTACATATAGGGAAGTCTTATTTTTTTATTCTTCATCTTCATCTGATGATTGTTGTATATCTTCTTCAACACGATCCATGAAATCTTGTCTTACTTCAATACGTCCATCTTCATCATTTTCTTCTGAATCAATCACTTCAGTATGAATTGCATTTCCTGGTGTTTCATCATTTACAACCGCTTCACGTTGTTGTTCAGTACCATCTTCAGATACAGTTGAAGTAGATTGCTCATCTTCATTCGTTTCATCGTCTGCATCCTCTTTTACTTTAGCAACCGTTGAAACAAATTGATCATCGCCTAAGCGAATTAAGCGAACACCTTGTGCTGCACGACCATTTTGAGAAATATCTGCAACATCTAGTCGAATAATGACACCGGCATTAGTAACAATCATT
CP129557.1_gap56	2196502	2199061	2559	CGTCCGCCTCCACGTTCTTCAATAACTGCACGAGAACGCATTTGAATTGAACCACGACCTGTTTCATATGCGCGTCTAATACCACTCTTACCTAAAATAAGTCCAGCAGTTGGGAAATCAGGACCTTCAATATCTTCCATTAACTCAGCAATTGAAATATCAGGGTTCTTACTTAAGCTAAGTACACCATTGATTAATTCTGTTAAGTTATGTGGTGGAATATTCGTTGCCATACCTACCGCGATGCCTGATGCACCATTGGCTAACAAGTTAGGGAATCGAGCAGGTAAGACTGACGGCTCTCTTTCATTACCATCATAGTTATCGATAAAATCTATTGTATCTTTATTAATATCACGTAACAGTTCAAGTGTGATTTTAGTCATACGCGCTTCAGTATAACGCATTGCTGCTGCGCCATCTCCATCCATTGAACCAAAGTTACCTTGGCCATCAACAAGCGGATAACGATAACTGAAATCTTGAGCCATACGTACCATTGCTTCATAAATAGATGAGTCACCATGAGGGTGATATTTACCCATTACGTCACCAACGATACGTGCTGATTTTTTATATGATTTATCCGGTGTCATACCTTGTTCATTTAATCCATATAGTATACGACGATGTACTGGTTTTAAACCGTCACGAACATCTGGCAATGCACGAGCAACGATAACACTCATCGCATAATCTAAAAATGATTCACGCATTTCACTGGTAATATTTCGTTCATTTATTCTTGATTGAGGTAATTCAGCCATCAAGAGTTCCTCCTTCAAAAGTTCAGTTCACAGCGCTTAGAAGTCTAAGTTTGCATAAACTGCATTATCTTCTATAAATTGTCTACGGTTTTCTACAACGTCACCCATTAACATTTCAAATGTTTGGTCCGCTTCAATCGCATCTTCAAGTTTTACTTGTAAAAGAGCGCGGTGCTCAGGGTTCATTGTTGTTTCCCATAATTGATCTGCATTCATTTCTCCAAGACCTTTGTATCGTGCAATAGACCATTTTGGTGTTGGATTCAATTCAGATTTAAGTTTATCAAGTTCCCTATCATTGTATACATAATACTTTTGTTTACCTTGTGTCAGTTTATACAACGGTGGCTGTGCAATATACACATAGCCTGCTTCAATTAACGGTCTCATAAATCGATAGAAGAATGTTAATAACAATGTTCTAATATGCGCTCCATCCACATCGGCATCAGTCATAATGACGATTTTGTGATATCTTGCTTTCGCTAGATCAAAGTCGCCACCGATTCCTGTACCAAATGCTGTGATCATTTGACGAATTTCATTGTTATTCAAAATTCTATCTAATCGTGCTTTTTCAACATTTAATATCTTACCTCGTAATGGTAAAATCGCCTGCGTTCTAGAGTCACGACCAGATTTTGTAGACCCCCCAGCAGAGTCCCCTTCGACTAAGAAAATCTCACATTCTTCAGGACTTTTACTAGAGCAATCGGCTAATTTACCTGGAAGACTTGCTACATCTAATGCTGATTTACGACGTGTTACTTCACGCGCTTTTTTCGCAGCAACACGTGCACGTGCCGCCATAATACCTTTTTCAACCACTGTACGTGCGACTTGTGGATTTTCATATAAAAATCGTTCAAAGTGCTCTGAGAATAATTTATCTACAACTTGACGCACTTCAGAATTACCTAATTTTGTCTTCGTTTGACCTTCGAATTGAGGATCACCATGTTTGATAGATATAATTGCTGTCATACCTTCACGTGTATCTTCACCAGAAAGTCTATCTTTTTCTTCTTTCATAATCTTGCTACTTAAACCATAACTATTTAAGACACGCGTTAATGCACGTTTGAATCCGTCTTCATGCGTACCACCTTCATACGTATGAATGTTATTTGCGTAAGTTAAAAGATTTGTGGCATATCCTGAGTTATATTGAATCGCAATTTCTACTTCAATATCATCTTTAGATTGATGAATATAAATTGGCTCATCATGAATAGGTTCTTTATTTTCGTTCAATAACTCAACATAAGATTTAATACCGCCCTCATAGTGATAGGAGTCTTCTCTAACGTTTTCTTCATCACGTTCATCTCTTAATGTGATTTGTATTCCTTTGTTTAAGAAAGCAAGCTCTCTAATACGTTGTTGTAACGTTTCATAGTTGTATACAGTTGTCTCTGTGAAGATATCTCCATCTGCTTTAAAACGAATGACAGTACCTGTCTTATCAGTTGTGCCAACTTCTTTTAAGTCAAATTGAGGTACACCTTTTTTATATGCTTGATGATATATAGTCTCATTTCTGTGTACATATACTTCTAAGTCTTGTGACAATGCGTTTACAACTGATGAACCAACACCATGTAAACCACCAGATACTTTGTATCCGCCACCGCCAAATTTACCACCAGCATGTAAAACAGTTAAAATAACTTCGACAGCTGGACGTCCCATTTTTTCTTGAATATCAACTGGGATACCACGTCCGTTATCCGTTACTTTAATCCAGTTATCTTTTTCAATAACAACTTCAATTTGATTTGCATAACCAGCT
CP129557.1_gap57	2235243	2237396	2153	GCCTTTTGGAGCATGTCATTTTGCGGTTGCAGCGAAACCTGAAACGACCAATTATCGTAAAATCGCAACGAGTTATGTTCATACTGCTGAAACATATTTTAAATCAAAAGGTATTGATGTCGAATTGATTAAATTGAATGGCTCTGTTGAATTGGCCTGTGTTGTAGATATGGTAGACGGAATTGTCGACATCGTTCAAACAGGTACTACGCTAAAAGCGAACGGACTGGTTGAAAAGCAACATATTAGTGATATCAATGCAAGGTTAATAACTAATAAAGCAGCTTATTTTAAAAAATCACAATTAATAGAGCAATTTATTCGCTCTTTGGAGGTGTCTATTGCCAATGCTTAATGCACAACAATTTTTAAATCAATTTTCATTAGAAGCACCATTAGATGAGTCTTTGTATCCAATTATTCGCGATATTTGTCAGGAAGTTAAGGTTCATGGAGATAAAGCTTTGAAAATGTATAATCTAACATTCGATCATACGAAAACAGATCATTTAGAAATTAGTCATGAACAAATTAAAGCAGCATTTGACACATTAGATGAAAAAACAAAACAAGCATTACAACAAAGTTATGAAAGAATTAAAGTATATCAAGAAAGTATTAAGCAGACGAATCAACAGTTAGAAGAATCAGTGGAGTGTTATGAAATATACCATCCACTAGAAAGTGTGGGTATTTATGTGCCTGGTGGCAAAGCAAGTTATCCATCAACGGTTCTAATGACAGCGACTTTAGCACAAGTAGCGGGTGTAGAAAATATTGTTGTTGTGACACCACCTCAACCTAACGGAGTATCCCAAGAGGTATTAGCTGCATGTTATATTACGCAAGTTAATCAAGTGTTTCAAGTTGGTGGCGCTCAAAGTATTGCTGCATTGACTTATGGAACAGAAACAATACCTAAAGTTGATAAGATTGTAGGTCCAGGAAACCAATTTGTTGCATATGCCAAAAAATATTTATTTGGACAGGTAGGTATTGATCAAATTGCAGGACCAACAGAAATAGCACTGATTATTGATGACACCGCAGATTTAGATGCCATCGTATATGATGTATTTGCGCAAGCAGAACATGATGAATTAGCACGTACATATGTCATTAGTGAAGATGCGCAAGTCCTTAAAGATTTAGAATCACGTATTGCTAAAGCATTGCCTAATGTGGACAGATACGACATTGTTTCTAAAAGTATCGCTAATCAACACTACCTTATCCATGCTAGTAATTTTGATGAAGCATGCCATGTCATGAATACAATCGCGCCTGAACATGCGTCGATTCAAACAGTAAATCCTCAACCATATATTGAAAAAGTGAAATATGTGGGCGCATTGTTTATTGGACATTATTCGCCAGAGGTCATAGGAGATTACGTTGCAGGTCCAAGTCATGTATTACCTACAAATAGAACAGCTAGATTTACCAATGGGTTATCGGTCAATGATTTCTTAACACGGAACACGGTCATTCATTTATCAAAAGATACATTTGATCAAATTGCTGATTCAGCACAACATATTGCTCATGTTGAAGCATTATACAATCACCAACAGTCTATTTTAATACGTCAGTCTTAGGGGAGTGTAAATGAAATGATTTATATTGATAAAAATGAAAGCCCAGTTACGCCGTTGGATGAAAAAACAATGACGTCTATTATTAGTGCAACGCCATATAATTTATATCCGGATGCAGCATATGAACAATTCAAGGAAGCTTATGCTAAATTTTACGGATTATCGTCTGAACAGATTATTGCAGGAAATGGCTCTGATGAATTGATTCAAAAGTTAATGCTGATCATGCCAGAAGGTCCGGCGTTAACGCTAAATCCAGATTTTTTTATGTATCAAGCATATGCGGCACAAGTAAATCGTGAAATTGCATTTGTAGATGCAGGATCAGATTTAACGTTTGATTTGGAAACCATTTTAACGAAAATCGATGAAGTACAACCATCATTTTTTATTATGAGTAATCCACATAACCCTTCAGGCAAGCAATTTGATACGGTATTTTTAACAGCTATTGCAGATAAGATGAAAGCAATAAACGGATACTTTGTCATTGATGAAGCATATTTAGATTATGGCAAGGCATATGATGTTGAAATGGCACCACACATTTTAAGA
CP129557.1_gap58	2239008	2241389	2381	GATTTGATTGGGTCAACAAGTGTGAGGTTAACAGAGGGTAAATATGATAGTGAAGAAAAAATGTCGCGTTCGGCTGAAGAAAGTATTGCTTACTATAGTCAATTTGAATGTGTGAATCGTATTCATATCGTCGACTTGATAGGTGCTAAGGCACAGCATGCCCGAGAGTTTGATTATATTAAGTCATTGAGGAGATTAACAACCAAAGATATTGAAGTAGGTGGTGGCATTCGTACGAAGTCACAAATCATGGACTACTTTGCCGCGGGGATTAATTATTGCATAGTTGGAACGAAAGGCATTCAAGATACAGAATGGCTTAAAGAGATGGCACATACATTTCCAGGTCGCATTTATTTATCTGTTGATGCTTATGGAGAAGATATTAAAGTGAACGGGTGGGAAGAGGACACAGAGTTAAATTTATTTAGTTTTGTGAGACAGTTATCGGATATACCCCTTGGAGGCATTATATATACTGATATTGCTAAAGATGGCAAAATGTCCGGACCTAACTTTGAATTAACTGGTCAATTAGTAAAGGCAACGACGATTCCTGTCATCGCGTCTGGTGGTATTAGACATCAGAAAGATATTCAACGATTAGCGTCGCTAAATGTTCACGCTGCTATTATAGGAAAGGCTGCACATCAAGCATCATTTTGGGAGGGGCTAAAATGATTAAAAAACGTATCATTCCATGTTTAGATGTCAAAGATGGTCGTGTCGTTAAAGGGATTCAATTTAAAGGATTAAGGGATATTGGGAATCCTGTTGATTTAGCAATGTATTACAATGAAGCGGGTGCTGATGAGTTAGTATTTTTAGACATCTCTAAGACGGAAGAGGGTCATAGCTTAATGCTAGAAGTGATTGAACAGACAGCGTCACGCTTGTTTATCCCTCTTACTGTAGGGGGTGGGATTCAAAGCCTTGATGATATTACCCAATTGTTAAATCATGGTGCAGATAAAGTATCATTAAATTCAAGTGCTTTAAAAAATCCACAGCTAATTAAACAAGCGAGTGATAAATTCGGTAGACAATGCATCTGCATAGCAATTGATAGCTATTATGATCCTGAAAGAAAAGCACATTATTGTTGTACGCATGGTGGTAAAAAAATGACAAATATTAAAGTATATGACTGGGTACAGCAAGTAGAACAGTTAGGTGCAGGTGAGCTCCTCGTTACAAGTATGGGGCATGATGGTATGAAACAAGGATTTGATATTGAGCATCTTGCAAAAATAAAATCCCTTGTAAATATTCCAATCATTGCTTCTGGTGGTGGTGGCAATGCACAACACTTTGTAGAATTATTTGATCAGACGGATGTTTCTGCAGGTTTAGCTGCAAGTATATTACATGACCGAGAAACGACGGTTCAATCTATTAAAGAAGTGATACGGCAAGGGGGTATAGCAGTAAGATGACCAATTACAAAATTGATTTTAGCAAAGGTTTAGTGCCAGCAATTTTACAAGATAATCAAACAAAACAAGTATTGATGTTAGGTTATATGAATCAAGAAGCTTTTGATAAAACGATAGAAGATGGTGTGGTATGTTTCTATTCGCGGTCGAAACAACGGCTATGGACAAAAGGTGAAACATCTGGTCATACGCAACGTGTTAAAGATATCCATGTAGATTGCGACAATGACACTATTTTAATTGATGTCATACCAAATGGACCAACATGTCATACAGGCAGTCAAAGTTGTTTCAACACAGAAGTTCCATTTTCAGTGCAAACATTAGCGCAGACAGTTCAAGATAGTGCCCAATCCAATAATGAAAAGTCATATACAAAATATTTATTAACAGAAGGTATAGAAAAGATTACAAAAAAATACGGTGAAGAAGCTTTTGAAGTCGTAATCGAAGCAATTAAAGGTGACAAAAAAGCATTTGTAAGTGAAGTAGCAGATGAACTTTATCATTTATTTGTCTTGATGCATGCGCTAGGCGTTGATTTTTCAGAAATTGAGGCAGAATTAGCACGTAGACATCATAAGCGCAATAACTTTAAAGGCGAACGACAAAATATCGAACAGTGGTAAAGCAAGTATTAACTGAGATATAAGGAAAAGGATCATGGCATATACACTTACAAATATTGTGGAAAACGTGACATTTTCAAGTTTAAAATACGACACCAACATATTTTAACTATGAATGCTGTGATGGTACTAAAGTTGCGAACTCGTTATAAATAAGTAGTGGATAATCACAATACGAAACCAAAAATAATTTGAAAAGTGAATTGAGTAACTCAGGAATAGATGTCACTGTTAAAGATGTTGAAAAGTATATGAATCGATATAATGAAGTTATGAAGGGAAAAAATGGCGAAAAAGCTAAAAAGTTATGTTTGTC
CP129557.1_gap59	2265573	2267452	1879	CTGAAAGTGACTCAGTGTCTACAAGTGATTCATCTAGCATCAGTGGATCAAATTCAACGAGTACATCACTTTCAACATCTGATTCAATGAGCGGAAGCGTATCAGTTTCAACATCGACAAGTTTAAGTGACTCAATATCAGGTTCAATAAGTGTAAGTGACTCGAGCTCAACGAGTACATCAGAGTCGCTAAGTGATTCTATGGCACAAAGCCAGTCAACAAGTACAAGTGCATCTGGTTCCTTAAGTACATCGATATCAACATCAATGTCAATGAGTGCAAGTACATCGACATCACAAAGCACGTCGGTGTCGACATCATTATCAACATCAGACAGTATCAGTGATTCCACTTCAATAAGTATCAGTGGTTCACAAAGTGCTGTAGAATCAGAATCTACAAGTGATTCAACTTCTATCAGTGACTCAGAATCATTAAGTACATCAGATTCAGACTCAACATCAACAAGTACATCGGACTCAACAAGTGGTTCAACTTCAACAAGCACATCTGAATCGCTAAGTATGTCTGGTTCAGATTCAACGAGCGTATCTGACTCAACATCAATGAGTGAATCCGATTCAACAAGTGTTTCAATGTCATTGAGCACATCCGATTCAACATCAATTAGCGACTCAGAATCAGTGTCAACAAGCACATCAATGTCATTGAGCACATCCGAATCGCTGAGTACATCTATGTCTGGTTCACAAAGCATTTCTGACTCAACATCAACAAGTATGTCTAACTCGACTTCAATGAGCAACTCAACATCAACAAGTATGTCCGGCTCAACAAGTACATCTGAATCTAACTCAATGCATCCGTCAGACTCAATGAGTATGCATCATACACACAGCACGAGCACATCTCGCTCATCAAGTGAAGCAACAACGAGCACGAGTGAATCTCAGTCTACATTAAGTGCAACATCTGAAGTGACTAAACATAATGGCACGCCAGCACAAAGTGAAAAAAGATTGCCAGATACAGGTGACTCAATAAAACAAAATGGATTACTAGGTGGCGTTATGACATTATTAGTTGGTTTAGGTTTAATGAAGAGAAAGAAAAAGAAAGATGAAAATGATCAAGATGATTCTCAAGCATAAATTGAATTTATAGTTGGCTAAAATTAAAAAGACTGGGGCGTTGTTCACTAAAAAATCTATATCAGATTTTAATAATTAGTGAAATAACCTTAGTCTTTTTAATGTTTTTGATATAAAAGAGGTGCAACATGTTAAAACTTTTACAACAATACGAATATAAAATTATATATAAACGTATACTTTACACATGTTTTATCTTGTTTATTTATATATTAGGTACAAACATTTCCATCGTTTCCTATAACGATATGCAAGTAAAACATGAGTCATTTTTTAAAATAGCTATTTCTAATATGGGTGGAGACGTTAATACTTTAAACATTTTCACTTTAGGATTAGGTCCGTGGTTAACATCAATGATTATCTTGATGCTGATTTCTTATCGGAATATGGATAAATACATGAAACAAACAAGTCTTGAGAAGCATTATAAAGAGCGCATCTTAACATTAATTTTAAGTGTTATTCAAAGTTATTTTGTGATTCATGAATATGTTTCGAAAGAACGTGTTCATCAAGACAATATTTACTTAACAATCTTGATTTTGGTTACTGGAACGATGTTATTAGTTTGGTTAGCTGACAAAAATAGTCGTTACGGCATCGCAGGACCAATGCCGATTGTAATGGTTAGCATTATTAAATCAATGATGCATCAAAAAATGGAATATATAGATGCAAGTCATATTGTGATTGCGTTGTTAATCACTCTTGTGATAATCACATTGTTTATCTTATTATTCATTGAATTAGTAGAAGTGAGAATA
CP129557.1_gap60	2274489	2278983	4494	ATATAATATAAACTTTGGTATAGGCTGGGCGAGTAGCGGTGTTGAATATGCACAAGCTTACCGTGCTAAATTATTGAGACGCACAAATCAAGACACTAAATTTGTGTTTTTAGATTTTATACAGTCAGAGAACATACAGACATTAACGCAAAACATTGGGTTTGAAGATCAAGAAGTTATTTGGTTGTATCAGTATTTTAGTGATATTTCTATAGCACCAACAACGTACACGTTAGATGACATTGAACGTGAGCTTGGTCATGATATTAGTTTTAGAGAAAGAAATGGTAAGATAGTCCGCCTATATTTTAATGGGAAATCATCATTTGTAACATGTTATCTGCAAAATGAACAAAAAGACATTGTGGATCGTGCAGAATTTGTAATTAATAGTATGTTAGTACGTAAAGATTTTTATAGTTATACACGCATATTTTCTGAGTATTATGCACCAGCTGATAATAAAGCGAAATTATATATGCGACAATTCTATAATGAAAATGGCTCCATCGCTTATAACGAATATATTGATGGAGACAACTCTATATATGTGTTTGCAGATGCGGTGTTGTATAACAAAACGGAATTTATTGCATACTTTTTACAACGATTGAATTTAACCCGAGACGATATTGTCATATTAGACCGCGCTTCTGATATTGGTCAGGCTGTTTTGCAGCATAAAGGTGATAGTAAAGTTGGTGTTGTGATTCATGCTGATCATTATAGTAATAATATGATGAGCGAGCAGCATATACTATGGAACAATTATTATGAATATCAATTTTCAAAAGCTAAATACATTGATTTCTTTATTACAGCGACAGATATTCAAAATCATATGGTTTGTCGACAATTTGAGCAATATCAAGGTTATCGCCCACGTGTTTATACTATTCCGGTGGGAAGCATTGATGCATTATCATATCCAACATTATCAAGAAAGCCATACGCGATGATTAGTGCATCTCGTTTAGCAAATGAGAAACATATTGATTGGCTTGTCAAAGCAGTTATCGTGGCTAAACGACAAGTGCCAGAATTAACATTTGATATTTATGGAGAAGGTAGTGAGAAGACGCGACTGCGTAAAATTATTGATACACACCGCGCGCAAGATTATATTCGTTTACTAGGTCATGTTAAACTTGATGAAATTTATACTGATTATGAGTTATTTCTTTCTGCATCAACTAGCGAAGGTTTTGGATTAACACTAATGGAAGCGGTAGGCTCAGGACTAGGTATGATTGGATTAAATGTGAATTATGGTAACCCAACCTTTATTCGAGATGGGGAAAATGGCTACTTGGTACCTTTTGATACCGATGAAGATAGTGTGGATGATGTTGTCGCAAAACTAGCTCATGCCATTGTAATGTATTTTAACAATGGACCCCAGACACCACATTACATCTCTTATGAAGTGGCACAGCAATTTATGACTCAAGATATTATTTTAAAATGGGAAACATTAGTTCAAGAGGTGCTGCATGATTAAATTATTTGATTACTTTAACGGTCATTCACGAAAGTTATATGAGTCTTTTAAAGCCAGTAAGTTGGAGGAAGATTTAACAATTGTACTCAATGACAATGGTTTTTTACCGGACGATGTTATATCACCGTATCAATTTTTTGCAGATAATCATAATACAGAAAATATGAAACCACGATTTTTTAATCAGGTTACTGTACCAGCTTTTTGGGAAATTAAAGGTAACAACAATTCGGCTACAATTAATGATATGGGACGTCTACGAGGCAAAATATTTTATCAAAGTGGAGAGCGCCCTAGAATTGTTAGTCGTGTCGAATGGTTTGATGACCAACAACGTGTCCGATTTGTCGATTATTATTCTAAGAATGGTATTAAATTTGCACAAACTGTTTACGATTTAAATCGTAAAGCGATCTTGAAGAAATATATGACAGCAGAAGGTAAAGAAGTGATTTATGAAAATTTTGTAACATCTGATGTCATATTGGATTGGCAAGGAAAGTCTTACTTTTTCCCTTCAAAGCTCGCATTCGTATTATTTTTTATCAAGCAACTTGAAATTACGGAACATCATTTCGTTATTAACTCACTAGCCCTACCATTTTCAGTGTTATATAATTTGCCATCAAATGGTAGTGATGTTTTGGTATGGCAAGAACAGTGCGATGGTAATGTCCGGGAAATATGCAATTGATGTGTAAAGGTGATATGAAACGACATTGTAATATTATTATTCCAGATAAAAACGAATATGAAACGATGCTCAATATAGCAGACGCAAAGGTTAAATCTCGTATTTTACAAGGCGGATATCTATATAATTATCGTAGTCGTAATAGATATACTAAAGAAATTGTAATATTAACTAACTCGGATCAACTTCGTAACATCAAGGTATTGGTTGAAACTTTACCAGATTTTAAGTTTCACATCGCTGCTATTACAGAGATGTCTGATAAGCTAATGCAACTTGATCAATATGCTAATGTGCACTTATACCCATCTATTAATATAGACAGGGTAAATGAACTATACCAGTTATGTGATATTTATCTTGATATTAATGAGGGTAATGAAATTTTAAATGCGGTGGAACAAGCGTTTGACTATGAGTTGTTGATTTTAGGTTATCGTCAAACAGCACACCATGCTAAAGTAACACTATCAGAGCACTTATTTGAGCATAATGATGAGATAACAATGGAAAGTAAAGACCAATTAATACAAATGTTAGAAAGTTTGAAAGATCAACAACAGTTTCGAGATGCTTTATTAGCACAAAAAGCACATGCACACGAAATCTCGCGTGAACAATTCGAGCAAGTTTTTAAACAGGCGTTCGAAAGCTAAAAAGAAAAAGCAGTCTAAAATAAAACATCATTTAATATAAAAGATTTGACGTAATATGATGTTAGCGACATGGACAATATGATATTACGTCATGCTTGTTTTGTTTACTTAAATATAAGCTAAGTAATAAGTAGATAATTACTAACAACAATAACTAGATAGATAAGTGTAAATTTCTTGTAAACAGGTATATAATAGTATGTAATTCTTTTAAGGAAGTAAGTGAGAAAGGAGTATGTTGATGGCTAAATATCGAGGGAAACCGTTTCAATTATATGTAAAGTTATCGTGTTCGACAATGATGGCGACTAGTATCATTTTAACGAATATCTTGCCGTACGATGCCCAAGCTGCATCTGAAAATGATACTGAAATTTCAAAAGAGATATTATCTAAGCAAGATTTATTAGACAAAGTTGACAAAGCAAATCGTCAAATTGAGCAATTAAAACAGTTATCGGCTTCATCTAAAGCACATTATAAAGCACAACTAAATGAAGCGAAAACAGCATCGCAAATAGATGAAATCATTAAACGAGCTAATGAGTTGGATAGCAAAGACAATAAAGGCTCTCAAATTGAAATGAACGGTCAAAGTGATATAGACAGTAAATTAGATCAATTGCTTAAAGATTTAAATGAGGTTTCTTCAAAGGTTGATAGGGGTCAACAAAGTGGCGAGGACGATCTTAATGCAATGAAAAATGATATGTCACAAACGGCTACAACAAAACATGGAGAAAAAGATGATAAAAATGATGAAGCAATGGTAGATAAGGCGTTAGAAGACTTAGACCATTTGAATCAGCAAATACGCAAATCGAAAGATGCATCGAAAGATCCAGTAGTGTCTACAACAGATAATAATCATGAAGTAGCTAAAACGCCAAATAATGATGGTTCTGGACATGTTGTGTTAAATAAATTTCTTTCAAATGAAGAGAATCAAAGCCATAGTAATCGACTCACTGATAAATTACAAGGAAGCGATAAAATTAATCATGCTATGATTGAAAAATTGGCTAAAAGTAATGCCTCAACGCAACATTACACATATCATAAACTGAATACGTTACAATCTTTAGATCAACGTATTGCAAATACGCAACTTCCTAAAAATCAAAAATCAGACTTAATGAGCGAAGTAAATAAGACGAAAGAGCGTATAAAAAGTCAACGAAATATTATTTTGGAAGAACTTGCACGTACTGATGATAAAAAGTATGCTACACAACGCATTTTAGAAAGTATATTTAACAAAGACGAGGCAGATAAAATTCTAAAAGATATACGTGTTGATGGTAAAACAGATCAACAAATTGCAGATCAAATTACTCGTCATATTGATCAACTATCTCTGACAACGAGTGATGATTTATTAACGTCATTGATTGATCAATCACAAGATAAGTCGTTGTTGATTTCTCAAATTTTACAAACGAAATTAGGAAAAGCTGAAGCAGATAAATTGGCTAAAGATTGGACGAATAAAGGATTATCAAATCGCCAAATCGTTGACCAATTGAAGAAACATTTTGCATCAACTGGCGACACGTCTTCAGATGATATATTAAAAGCAATTTTGAATAATGCCAAAGATAAAAAACAAGCAATTGAAACGATTTTAGCAACACGTATAGAAA
CP129557.1_gap61	2293484	2295457	1973	GCGTTAAATGAAAGCTTTTCAGATGTTTTTGGATACTTTGTAGATGATGAGGATTTCTTGATGGGTGAAGATGTTTACACACCAGGAAAAGAGGGAGATGCTTTACGAAGCATGTCAAACCCAGAACAATTTGGTCAACCATCTCATATGAAAGACTATGTATACACTGAAAAAGATAACGGTGGTGTGCATACGAATTCTGGCATTCCAAATAAAGCAGCTTATAACGTAATTCAAGCAATAGGGAAATCTAAATCAGAACAAATTTACTACCGAGCATTAACGGAATACTTAACAAGTAACTCAAACTTCAAAGATTGTAAAGATGCATTATACCAAGCGGCTAAAGATTTATATGACGAGCAAACAGCTGAACAGGTGTATGAAGCATGGAATGAAGTAGGCGTGGAGTAAAAATATATAAACAAGAAGAAGTAATGTTAAACACTTATAAATAATTAAATTTTAAAATACAGCTTATATATGGGGTATACCTACATTGATAATTGACTTTGTAGGTGTACCCTCTTTTTGTAATTAGATGAGAGGAGTGTGAGGGTTGTCTGCCGAAAGACTACTCGGCAGTCTAAAATTATTACTAGTAGTAAATATGTGATAATTAAATGCTGACTTAGAATACAAAAATCATTTTAAAAGTTGTCACAAAAAATTTACATGTATTTTTATTATCTTTTGCAAAACAAAGTGTTAAATTATAAATGAAACATGCATGAATTTATTTTTTAATACAAGAAACGTAACTACCAAAGGAGTTTACAATATGAAGAAAAGTAAACGATTAGAAATTGTTTCTACAATAGTTAAAAAGCATAAGATTTATAAAAAAGAACAAATCATTTCATATATTGAAGAATATTTTGGTGTAAGATATAGTGCAACAACAATTGCTAAAGACTTGAAAGAACTTAATATATATCGTGTCCCTATCGATTGTGAGACATGGATTTATAAAGCTATTAATAATCAAACAGAACAAGAGATGAGAGAAAAGTTTAAACATTATTGTGAACATGAAGTACTTAGCTCGATTATCAATGGCGCATATATTATAGTCAAAACCTCACCAGGTTTCGCTCAAGGCATTAACTACTTTATCGATCAATTAAATATTGAAGAAATATTAGGTACGGTGAGCGGAAATGATACTACATTAATTTTAACAGCTTCGAATGAAATGGCAGAATATGTATATGCAAAGTTATTTAGATAGTCCTGTTTTAAATGTATATTAACAAACCTTAATAATGTCGTGCGTACACAAGTTAGTTACTACATATTAACTTGTGTACGCGTTTTTTTATGGAAAGAAAGAATTCATAGTCATTCATTTGACTGTATAAAAAACTTTATACAACATGTCTTTGTGGGTGTTTTTGAATAAAAAATGTATATTTTAACCCAAAATACCTTTATTTATGTATAAAAATCCATTATTATGTATTGTATAACAAAAAGATATGAAATTTTCGACTTTCTTTATGTGAATATAATCACATGTAAGCGTTTGAAGATTGTCTATACTCTAAATGAATTCAAAGATAAAAGGAGGAAATAGACATGACAGATGGTCCAATTAAAGTAAATAGCGAAATTGGAGCTTTGAAAACTGTGTTACTTAAGCGTCCTGGAAAAGAATTAGAAAATTTAGTACCTGATTATTTAGATGGATTACTATTTGATGATATTCCATATTTAGAAGTAGCTCAAAAAGAGCATGACCATTTTGCACAGGTGCTAAGAGAAGAGGGTGTTGAAGTACTTTACCTTGAGAAGTTAGCAGCTGAAAGTATTGAAAATCCTCAAGTAAGAAGTGAATTTATTGATGATGTATTAGCAGAGTCTAAAAAAACAATATTAGGTCATGAAGAAGAAATTAAGGCATTATTTGCGACACTTTCTAATCAAGAACTTGTAGATAAAATAATGTCAGGAGTACGTAAGGAAGAAATTAA
CP129557.1_gap62	2374341	2376886	2545	GCGCCAGAAGGCAAAACTGGTATTTATGTGCTAATGCCGACGCCGGAACTTAAAACAGGTAGCGGAATCGATTGGTCAGATGAAGCTTTGACGCAACAAATAAAGGAAATTATTTATCGTAAATTAGCAACAATTGAAGTATTTGAAGATATAAAATCGCATATTGTTTCAGAAACAATCTTTACGCCAAATGATTTTGAGCAAACGTATCATGCGAAATTTGGTTCGGCATTCGGTTTAATGCCAACTTTAGCGCAAAGTAATTATTATCGTCCACAAAATGTATCGCGAGATTATAAAGATTTATATTTTGCAGGTGCAAGTACGCATCCAGGTGCAGGCGTTCCTATTGTCTTAACGAGTGCGAAAATAACTGTAGATGAAATGATTAAAGATATTGAGCAAGGCGTGTAAGGGAGTAGTCTGAGAGAAAGATGTGAGAAAAGTATAAGGGGAACGTAAAAGGCATAGTGAAATAAGTATGTGCTTAAGAAGTTTTATTTAACAATGAATGACGCCTGTTAAGGTTCACGTTTGAATACGTACCTTGATGGGCGTTATACTTTATATAAGCATATCTAACTGGTTGCGCATGCGGATATGCATGGCAGTTAAATCCTAACGATTGAGTGTATATTAATCTGAAAATTCCTAATATTGACAATAATACTGTACCTACCTAAAATGAAAATAAATTCATTCAATACAACGTGTGTCATAAATTCTGTTGAACATAACGGTGAATGGCGATGTCATTGTAACCATCTAAATGAGAGTGATACAAGTTGTTAGGATTATGATAGTCGCCCAGGCTATGTTTAATGATAGAGGAGGAATTTGATGATTTCTAACAAATTAGCAAATATCCCTGATAGTTATTTCGGGAAAACGATGGGACGTAAAATCGAACATGGACCATTGCCATTAATTAATATGGCAGTTGGGATCCCTGATGGGCCCACGCCACAAGGTATTATTGATCATTTTCAAAAAGCACTAACTATTCCTGAAAATCAAAAATATGGTGCTTTTCATGGTAAAGAAGTGTTCAAGCAAGCTATTGTAGATTTTTATCAAAGACAATATAATGTGACGTTAGATAAAGAAGATGAAGTATGTATTTTATATGGTACAAAAAATGGATTAGTGGCAGTACCGACATGTGTTATTAACCCAGGAGACTATGTATTACTACCTGACCCAGGCTATACTGATTATTTAGCGGGTGTACTTTTAGCTGATGGCAAGCCAGTTCCGCTTAATTTAGAACCGCCACATTATTTGCCAGATTGGTCCACAGTTGATTCACAAATAATAGATAAAACAAAACTCATTTATTTAACGTATCCAAATAATCCAACTGGATCGACAGCTACGAAAGAAGTTTTTGATGAAGCGATAGCTAAATTTAAAGATACAGACACTAAAATCGTGCATGATTTTGCTTATGGTGCTTTCGGTTTCGACGCTAAAAATCCTAGTATACTTGCTTCGGAAAATGGGAAAGATGTTGCGATTGAAATTTATTCCTTGTCTAAAGGTTATAACATGTCAGGTTTTAGAGTCGGTTTTGCAGTTGGTAATAAAGATATGATTCAAGCTTTGAAAAAGTACCAAACGCACACAAATGCTGGGATGTTTGGTGCATTACAAGATGCCGCAATATATGCTTTGAATCATTATGATGATTTTTTAGAAGAACAAAGCAATGTATTTAAAGCACGTCGTGACCGATTCGAAGCCATGCTTGCAAAAGCTGATTTGCCATTTGTTCATGCTAAAGGTGGCATATATGTATGGTTGGAAACACCGCCTGGTTATGACAGCGAGCAATTTGAGCAATTTTTAGTGAAAGAGAAGTCAATACTTGTTGCTCCAGGGAAACCATTTGGAGAGAATGGTAATCGCTATGTGAGAATCTCATTGGCGTTAGATGACCAGCAATTAGACGAAGCTGCAATAAGATTAACAGAATTAGCATATTTATATAAATAATAAAGTTAAGGGTGATGTTAAAATGACAAAAATTAAAATCATGAGTGTACGTGATGAAGATATGCCTTATATCAAGGCGTGGGCAGAGAAACATCATGTTGAGGTAGATATTACTAAAGAAGCATTAACTGATGACAATGTTGAAGGTGTCGCTGGTTATGATGGCTTATCGCTATCACAACAAATACCATTATCAGAGCATGTTTATAAACGATTAAATGAACTAGGTATTAAACAAATCGCACAACGTAGTGCTGGATTTGATACATATGATTTGGAGTTAGCAAACAAGTATAACTTGATTGTGTCAAATGTGCCGTCATACTCTCCGAATTCAATTGCGGAGTTTGCTGTGACCCAGGCTATTAATGTGGTTCGTCATTTTAATCAAATTCAAACGAAAGTGCGAGAGCATGATTTTAGATGGGAACCTACTATTTTATCGAAAGCCATTAAAGATTTAAAAGTAGCTGTTATTGGTACAGGTCGAATTGGCCGTGTAGTAGCCGATATATTTGCCAATGGTTATCAAAGTGATGTGGTCGCATAT
CP129557.1_gap63	2413850	2417859	4009	TCCAGCAGTACGTTGTGCAATTTGTTTAATACCGTAAGATTCTAATTTAGGATAAACGTCATTTTCTAACTTACCAAATTGCATTGTAGTTACGCCATCGTAATCTTTTAATTGATCGACTGTAACACTTGATAATAGCTCTTTAGAAGTAGTTACTTCGACATTATTCTTTTTCCCCCAATTTAATGCCATCTCTTTCTCATAATCACGCGTACCAAAGAACATAATTTTTGTCATTATTAAAAACCTCGCTTTTAAAAGATTGAAAAGTAAATGAGTGAAATTAAAGATTATGTACATTAAAATCACGCCACAATTTAATTGTGAAAAATATCAAAAATATATTATAACACTAAATTTTCCAAAATTCAAAAGTGTGTTTTATTGCATAAAACTTATAACATGTGCACAAGTTATAGTGAATTGCAAACGGATTACTTTAGTCTTTTTAAAACATGAAGTATAATTTGTATAGCAATAAATATAAAAATTGGAGGCTATGTTCAATGAGCAATATGAATCAAACAATTATGGATGCATTTCATTTCAGACATGCGACTAAGCAATTCGATCCACAAAAGAAAGTTTCGAAAGAAGATTTTGAAACAATATTAGAGTCAGGTAGATTGTCTCCAAGTTCTCTTGGGTTAGAACCTTGGAAGTTTGTCGTGATTCAAGATCAAGCGTTACGTGATGAATTAAAAGCGCACAGTTGGGGCGCAGCGAAGCAATTAGATACAGCGAGCCATTTTGTGCTAATTTTTGCGCGTAAAAATGTAACGTCAAGATCACCGTATGTACAACATATGTTAAGAGATATTAAAAAATATGAGGCACAAACGATTCCAGCTGTTGAACAAAAATTCGATGCATTCCAAGCAGATTTCCATATTTCTGATAATGATCAAGCCTTGTATGACTGGTCAAGTAAACAAACGTATATCGCATTAGGCAATATGATGACGACAGCCGCATTGTTAGGTATTGATTCATGTCCGATGGAAGGTTTTAGTCTGGATACAGTGACAGACATTTTAGCAAATAAAGGTATCTTAGATACTGAGCAATTTGGTTTATCAGTGATGGTCGCATTTGGCTACAGACAACAAGATCCACCGAAAAATAAAACACGCCAAGCATATGAAGATGTTATTGAATGGGTTGGACCAAAAGAATAGATAGAATACAGTATGTCTAAATATATAAAATTAAAAAGTTAGCAATAAAAAAGCCTGCGATTACATAAATGAATCGCAGGCTTTTGCGTGAAAAAATTGTATTAATAAAGTATGGATGATTATTTTTCTGGAACAAGGTCAGTATTTGAATGAACTGTGATGTCAAACCCTTCTGGTGCCGTAAATGTATGTGTTGAGGCGTCGGGTTGATAAATATCAACATGTGTTAATCCATAACTTTGTGCATTGTTTTGTCTTGCTTGATTGGATTGCCAAGTATTAGCAGCAATATGATGGTGATAATGATTCGTTGACATAAATAGCGCACGTGGAAAATCAGATACATGCTGGAATCCTAATTGTTCAATGTAACATTGATATGCTGCGTCTAAGTCATGTGTTTTTAAATGTAAGTGTCCAATCATGCCTTTTGCTGGCATTCCTTGCCAACCTTCATCAGTACGATGTGTTAATAAGGTTTGGCTATCAACTTCTAAAGTATCCATTTTAACTTTGCCATTTTGCCATTCCCATGAAGATGAAGGTCTATCGCGATAGACTTCAATACCATTACCTTCGGGGTCGTTGAAATATAAAGCTTCACTTACTAAATGATCACCAGCGCCGATTCCCATATTTTTTTGTGCCACGAAATATAAGAAGTTAGCAAGATCCTCAGTAGTTGGTAATAAAAATGCTATATGAAAAAGCCCTGCTTCACGTGGGGAAGTCTGACGGCCGTCTTCTAATAAATGTAACGTTAGAGTATGGCCACCAGTCCCAACAGATAATACGGTTGTGTTATCGTCAGAACTTTTAACGGGTAGTCCTAAAATGTTTTTGTAAAATGTTGTCATTAAGTCTAAGTCTCTTACGTTCAGTTCAATGTTTGTCACTTGTGTTGCTGTTTTATCGTGAAATGCCATTATGCATCGCCTCGTTTTCTATTTTTCTATAAGTTAGTATAAAAAGTATACCAGAAAAGAAAATGAATTGACAGCAAAAAGTTTGAAATGCAAAATAACATGATGTTTCGCAATTTTATATTGATACGAACAAATAAAAAAGCGATGGTACTGGAGCACCATCGCGAGGTTTATTTAACCAAGATACACATCTTGATATGAATCTTCTTTTTCTAACATATGTTTGGCAAATGAACATGAGGCAATAATTTTTAAATGATTTTCGCGAGCATGTTCAACAACTGCTTTAACTAGTTTTTTGCCAACACCTTGACCACCGAGTTCATCAGATACGCCTGTATGATCAATATTAATTTCATTATTATCTACAAAACGGTATGTGATTTCAGCTAAAGCATGATTTTCATCATCACCAATATAGAATTTGTTCTCGCCTTGTTTAATTTCAAGGTTACTCATACATATCAACTCCTATCATGATTGATTATAGTATTTCCCTATTCTATTTTAACTTAAACGAAGACAAAGGTGCATGACAGTCATGTGACGACATTGCCGCTGTACAAGTAGTTATTTTTATTAAGCGCAGTTTGAAATGAAGATGAAAACACGTATCTTGACATTAAATTCATTCAGCTATATAATTTATCTCGAAATCGAAATAAATTAAAAAGTTGGTGATGATATGGATCGAACGAAACAATCGCTCAATGTCTTTGTCGGAATGAATAGGGCGTTAGACACATTAGAGCAAATTACAAAAGAAGACGTAAAGCGATATGGCTTAAATATTACTGAATTTGCAGTGCTAGAGTTGCTTTATAATAAAGGTCCGCAACCAATTCAACGTATTAGAGACCGCGTATTAATTGCAAGTAGCAGCATTTCATATGTTGTAAGTCAATTAGAGGACAAAGGTTGGATTACACGTGAAAAGGATAAAGGTGATAAACGTGTATATATGGCTTGTTTAACTGAAAAAGGTCAAAGTCAAATGGCAGATATTTTCCCTAAGCATGCTGAGACATTAACAAAAGCGTTTGATGTGTTAACAAAGGATGAATTAACAATCTTACAACAAGCGTTTAAGAAACTAAGTGCACAATCTACAGAAGTGTAAGGCGTGCACTAAAAATTTACATTAAAATATCTCGGTTTCGAGATAAGTACACTAAAAATATAAAGAGGGTATATAAAATGACAAATAATCATGAATTACTAGGTATTCACCATGTCACAGCAATGACAGATGATGCAGAACGTAATTATAAATTTTTTACAGAAGTATTAGGAATGCGTTTAGTTAAAAAGACAGTCAATCAAGATGATATTTATACGTATCATACATTTTTTGCAGATGACGTAGGTTCGGCAGGTACAGACATGACGTTCTTTGATTTTCCAAATATTACAAAAGGGCAGGCAGGAACAAATTCCATTACAAGACCGTCTTTTAGAGTGCCTAACGATGACGCATTAATATATTATGAACAGCGCTTTGATGAATTTGGTGTTAAACACGAAGGTATTCAAGAATTATTTGGTAAAAAAGTGTTGCCATTTGAAGAAGTCGATGGCCAAGTGTATCAATTAATTTCAGATGAGTTAAATGAAGGGGTAGCACCTGGTGTACCTTGGAAGAATGGACCGGTGCCAGTAGATAAAGCGATTTATGGATTAGGACCCATTGAAATTAAAGTAAGTTATTTTGATGACTTTAAAAATATTTTAGAGACTGTTTACGGTATGACAACTATTGCGCATGAAGATAATGTCGCATTACTTGAAGTTGGCGAAGGAGGCAATGGTGGCCAGGTAATCTTAATAAAAGATGATAAAGGGCCAGCAGCACGTCAAGGTTATGGTGAGGTACATCATGTGTCATTTCGTGTGAAAGATCATGCT
CP129557.1_gap64	2425894	2426504	610	TGTGCCAGCTTTGCTGGCTACTATAATTTCTAAAAGATTTGAACATATAAAAGGAAAAGTGCTAGGCGTATTTAATTTTGTCAGATATATTGGAATGACTGTAGGTGCATTATTAATTGGTATCATTTCTCAGCCGTTGGTAGCCTTTTACTTCACAACTATAACTATCATGTTAATAATAATATTTCTTTATATAAAAATAGGTGACTTTCAGCTAAAGTATGCCAAATAAACTTAAAAAAGCAGTGAATCATTTCAATAGATGGAATGATTTTACTGCTTTTTGTTTATAGAAATTTAAAATTCATGCCTTTATGCTTACAACAATATTATTTTACTCTCTTACGTTTGCCAATGTAACGTATAGCAAAGTAAATGACTGCGATAATGATGACAACATACATAATACGTGAATATGTATGAAGACCAGTCATCAACATACCAAAGCTATCGCTCAACGTGCGTCCTAGTAAAATTAAACCGAAGTTCCAAATTGTTGTACCTATTAATGAAATAACGGTAAATGTCACAACATTCATGCGGTTTACACCGGCTGGAATGGTAATCAATACACGTAATACAGGTATAAAACGACAGATAAATACAGCCC
CP129557.1_gap65	2560871	2562994	2123	AAAAGTAGTCAATTATTTTGATAGATAGTAAAATGAAATTTGTTATTAAATTTTTTAAAAGCATCGTGTATGTAATTCGATTTCTATAATAATATTGAGAAGAAAAAAATTGTTACAATCTGGTAAAAACTCTTTATTAAATAAATTGATTCGTTCATACTGAATAGATAAGCAAAAAGGAGTTACATAATGAAGAAGAAAAAAAACGCGATTAAAGTTATCATTATATTATTTATTTCATTAATTGTTGCTGTAGCATTTTTCTTTGGTCTGAAAACATATCAAGGCCATAAGAATATTCAACTTATTGACAGTTACTTGGAAGAGAAAAGTCTAAAAGATAAAATTAAATCAGAAAAAACAGAGTATAGTGCTAAAAAAGGTCTCTTCTATAAGGAAGTTACGTTTAAAGATGAACCTGGTGTAACTTATGTTGTGCAACCAATCAGTACTAATAAAGGATTATTTGTTGAAGGCTTTGATACAGAGACTAAGAAAAGTTTGAAAACTGCAAAGCATAAATATTTCAATCAAAATTATAAACCATCAAAATAGTGAAACGTATAACTGATGAAACAGTTTAGTGCCTGCAATTTTAATTATTTAAGGTAAACAGTTTTTGTATGGAAATTAGTGATTTTTGACATCTATAAAAGATAAATATTTTAATTTTTTATAGATAATTATCAATTTTCTGATATAATTGAGTGATGTCAGATGAAGGGGAGTTTGTACTATGGCTCTATTCAAGAGAAAAATTAGCCTACCTATGCAAGTAGTTATTGCATTAGTGTTAGGTGTTGTCGTAGGACTTTTATTATATGGACAAGAAAACGTAGCAAATTACATTAAACCATTTGGTGACGTATTTTTAAATTTAATTAAAATGATCGTTATACCAGTTGTATTTTGCTCACTAGCGCTTTCTATTTCGAACGTTGGGGAATCGAAAACTGTAGGGCGTTATGGCTGGAAAACAATTTTATACTTTGAAATTATTACAACAATCGCAATAGGTTTAGGGATTATCTTCGGTAACCTATTTAAACCAGGTGCTGGATTAGACCCAACAAAATTACCTAAAGGTGATATTTCTAAATATCAATCAACTGCACATGCAGCAGAACAATCTACATATGGAAATCATTTTATTGATACCATTGTACATATTATTCCGACAAACTTTTTTGAAGCTTTAAATAAGGGTGAATTATTACCTATTATCTTCTTCGCAGTATTCTTTGGATTAGGATTAGCTGCAGTAGGTAAAAAAGCAGAACCAGTTAAAGAATTTTTAAGCGGATCGCTTGAAGCTGTGTTCTGGATGATTAATAAAATTTTAAAATTAGCACCACTTGGAGTGTTTGCATTCATTTGTACTACAATTATTACATTTGGTGCATCAGCATTATTACCACTATTAAAATTAGTATTAGTTGTTGTCTTTGCAATGGTGTTCTTTGTATTCGCTATACTAGGACTAGTTGCATGGATGTGTGGTATTAATATCATGAATATTATTAGAATCTTGAAAAGTGAATTGCTTTTAGCATTTTCTACATCAAGTTCGGAAGCTGTTCTTCCTGTAATGATGAAGAAAATGGAAAACTTTGGTTCACCAAAAGATATTACATCCTTTGTTATACCGATTGGCTATACGTTTAACTTAGACGGATCAGCACTTTATCAATCTATTGCAGCATTATTCGTTGCACAGATGTATGGAATGCACTTAACATTATCAGAGCAAATTGTGTTGATGTTAACATTAATGATTACATCTAAAGGTATGGCGGCAGTACCAGGAACTTCAATCGTTGTTTTATTAACAACATTAGGCGCCATGGGCTTACCGGCACAAGGTTTAGCATTAATTATTGGTGTTGACCGTATCTTAGATATGGTTCGTACATGTGTAAACGTTATTGGTAACGCATTATCAACAATTGTTATTGCTAAATGGGAAAACGTATACGATAAAGCAAAAGGTCAAGAATATTTAAAATCAATTTAAAAAATACTATCTGACATTTAAAGCCCCTTACAACCTTCGGTTGTTAGGGGCTTTTATGCATGCGCTAAAGCGCAGGGCATTTGCAAATAAACTGGTATATTTATTCTCA
CP129557.1_gap66	2565084	2566406	1322	AGTTAGAGCAAAATACGAGCATAAATTTAACTAATTTCTTGCTTGTCTTATAGTCTTGATTGCCTTGTAAAAATGTTAGTATTAATTGCTTCATCGTTTCGAATTGTTGTGTTGATTTAATAGCGATTGCTAAACCTATATTTTTTTCGAAAAGCTTTTCAAAACATCTATTTAACAGGTTGTAATTCGTTTGGCTAATCTCAATATCGTGAATATCGTCAATGAAAACGACAGGTTTTGGTAGGTGCTCAAAGTTAATATCGTAATATTCATTGAAAATAAATTGAAATAGTTCATTGAAATTACTAAATCGAACAAATACTTTGGCACGCTGACTTCGATCTTTCGGATTAAAATCATCTATATGAATATCTGTTGTATTTGTAGCCAGCTGAGCTGTTAAATCAATTGTTGAAATTAACTCAGTGAATTGTGATACGTTATCTTGTTGGAAGTGTATTTGTGGTGGTTCAGTAATCTTGGAAACGAGTGAACGGAACTGTTTAGGACTAAAATGCAAGTAATTCTTAAATTGATTTGCAAAATTTGTATGACTGTTAAAACCGGCCAATTCAGAAACAGTTGTAATAGAATGTTTTGTAGAAAGTAATAAATTGATGGCGTTAACAAGTTTAATACTTGTAAAATAATCTTTAAAATTCATACTTAAATATCGAACAAAAAGATTAGAACAATATGATTCAGAGATGTTGCAATGCATCGCTATATCTTTTAAAGACAAGTGCGCATCAATATTGTCATGAATATAGTTTACACAGTCTATAAACACCGGATTGCTTAAAGCAATATTTGGTAAATATTCATGATCTATTCTTATAAAAGCTTCTTTAAGTAAAGTGTCTATAATACTTTGACCTATATTTTTTCCCATTAAAGAAGAACTTGTTGGTGTACTGATTAAATCGGCAATTAATGACTTAATATAATTACTTGATTGTAATAAATGACGATCTAAATAACCATTAAAGAAATCATCATCTTGTTGATAAAAATAAAAAACGGGTATCATCAATTCGATTATATTTTCGCCGTGGTTAATATTATAAATATCACCATGGTTAATTAAGATAATATAATTACTTACGTCTTTGGTTTCACCATTAATCGTAATATTGAGTTTACTTGTAAGTGAAAATAGCACCATAATATTATTGATATTACGACTTGGTATTGTCGATAATGTATGATGTATTTTAAGTTGGCATGTCATATTTCTCTCTCCTGCCTAATATATATTGAAATCTATCATTTAAATGTAAAACATGGAAATTTTTAAAATCATGGATAGTATACCTATTATA
CP129557.1_gap67	2568066	2570238	2172	ATGAAGTGATAAATCCGTTTTTAAAGCATTTCTTATCATTTGGTAAGCCTGTTGACTGTGTAACAATACATGATATTTTTCCTCACGCCAAAGTTGTTCGATATGGCCACGTTCTTTCATAAAATTACCTCCGATAATTAATGTTAATATACATGCATGTAGTATAGCAATAAAAATGAATGCGCTATCAAAAGTGCTGTAATTGTTTATATAAAATGATAATAGAGTGTTGCAAATATTTTTGGAACCGGTTACAATAAAGTGGAATAAATGGAACCGGTTCTAAATAGGAGGCTAAATATATGAATTATAAGCAATCCGCAGAAGATATTTTGAACGCGATAGGCGGAGAAGAGAATTTAGATGCAATGGCGCATTGTGCAACGAGACTACGATTAGTTTTAAATGATGAAAGTTTAGTAAATGAAGAGGCGCTAAACAATATGGATGTAGTTAAAGGGACATTTTCTACTGGGGGACAATACCAAATTATTATTGGGTCTGGTACAGTCAATAAAGTATTTAGTGAAATGGAAAAATTAACTGGAAAAGAAGCATCAACCACTTCGGAAGTCAAAGCACAATCTGCTAAAAATATGAATCCGTTACAGCGATTTGTAAAAATGCTTTCAGATATCTTTGTTCCGATTATACCAGCCATCGTTGCTGGTGGTTTATTAATGGGGTTAAATAACATTTTGACTGCGAAAGATTTATTCTTTTCAGGTAAATCATTGATAGATGTATATAGTCAATTTGCTGGTTTAGCTGAAATGATAAATGTTTTTGCGAATGCACCATTTACATTATTACCAATTTTAATTGGATTTAGTGCAGCAAAACGCTTTGGTGGCAATCCGTTTTTAGGTGCTGCATTAGGTATGATATTGGTTCATCCATCGCTAATGAGCGCATACGATTTCCCAAAAGCAGTTGAAGCAGGTAAGGCTATTCCATATTGGGATGTATTTGGTTTGCATATTAATCAAGTAGGTTATCAAGGACAAGTCTTACCTATGCTTGTAGCAGCTTATATCTTAGCCTCAATTGAAAAAGGGTTACGCAAAGTTATTCCAACGGTGTTAGATAATTTGTTAACACCATTGTTATCTATTTTTATAACAGCATTTCTAACATTTTCATTTGTAGGTCCAATCACTCGACAATTAGGTTACTGGTTATCAGATGGTTTAACATGGCTTTATGAATTTGGTGGTGCAATTGGTGGATTAATATTCGGATTATTGTATGCTCCGATTGTTATTACAGGTATGCATCATAGCTTTATAGCTGTAGAAACGACATTAATTGCAGATGCCACTAAAACGGGTGGATCATTTATATTCCCGATTGCGACAATGTCTAATGTTGCACAAGGTGGTGCAGCAATTGCAGCGTTCTTTATTATTAAACAAAATAAAAAGTTAAAAGGTGTGGCATCTGCCGCAGGTATTTCAGCATTACTTGGTATTACAGAACCGGCTATGTTTGGTGTTAACTTAAAACTAAGATATCCATTTATTGGCGCTATCGTTGGGTCAGGTATTGGTTCAGCATATATTGCTTTCTTCAAGGTTAAAGCAATCGCATTAGGAACTGCTGGATTGCCTGGATTTATTTCAATCAATCCAGTACATGCAGGATGGTTACACTACTTTGTTGGTATGACAATATCATTCATCGTTGCTATAACAGTTACTTTAATTTTATCGAAAAGAAAAGCAAATAAAGAAGTTGTAGAATAAAAAAAGAGGTATGACAGCAATCAAAGTATCAGTCATTGCAAATGCAATAGGATGAAACTTTAAGCTGTCATACCTTTTAATTTAGTTATAATTTCTGTTTTCGCCATAAGAAAATACTAACAATTACGACAAGAATTAATGAAATACCTACCACAATAATCCAAGATATATAACTATGGTCATCAATTGGCAACGGCACATTCATACCGAAGAAACTAAATACGAGCGTTGGTAACGTTAATAGTACCGTGAAAAGTGTTAATGTCTTCATAATCGTATTCATATCATTAGATAATAAGGAAGCGTATGATGTTGTGATACTTTCTAAGATACGTTGATGTAATTCTGTTGTTTCGATGGCTTGGTTATTTTCAATGATTAAATCTTCTAGTAATTCTTCATCTTCTTCAAAACGTTTAATTGCAGG
CP129557.1_gap68	2603126	2605694	2568	CTTTGTAAATATGCCGGCATTACATTTACATTATGGATATTATATTTGCTTAGCTGTAATGTTTGTTATAGCTGTCGTATTAATCATCTTTTTCAGACGTAAAAAATGGTTTTAAATTAGAAATGACGAAAAGGTAGGTTTAATCATGAGTGATTTTCAAAGAGAACAGAGAAAAAATGAACATGTTGAAATAGCAATGGCCCAATCTGACGCAATGCATTCAGATTTTGATAAGATGCGTTTTGTGCATCATTCTATCCCATCAATTAATGTAAATGATATCGATTTGACATCACAGACACCTGACTTAACGATGACATATCCGGTTTATATTAATGCAATGACGGGTGGTAGCGAGTGGACGAAAAACATCAATGAAAAGCTAGCTGTAGTTGCAAGAGAAACTGGCTTAGCGATGGCAGTTGGATCAACACATGCAGCATTGAGAAATCCACGCATGGCTGAGACATTTACGATTGCGCGAAAAATGAATCCTGAAGGCATGATTTTTAGCAATGTTGGTGCGGACGTACCAGTAGAAAAGGCTTTGGAAGCAGTTGAATTACTTGAGGCACAAGCGTTACAAATCCATGTTAATTCTCCTCAAGAATTAGTTATGCCTGAAGGGAATCGTGAATTTGTGACTTGGTTAGATAATATAGCGTCGATTGTATCACGAGTATCTGTTCCAGTCATTATAAAAGAAGTTGGATTTGGTATGAGCAAAGAATTAATGCATGACTTACAACAAATAGGCGTTAAGTATGTCGATGTTAGTGGCAAAGGTGGTACTAACTTTGTAGATATTGAAAATGAACGTCGTGCAAATAAAGATATGGATTACTTATCATCATGGGGACAGTCTACAGTTGAGTCATTACTTGAAACAACGGCTTATCAAAGCGAAATTTCAGTTTTCGCGAGTGGTGGTTTACGTACACCACTCGATGCAATTAAAAGTTTAGCACTTGGTGCAAAGGCAACTGGTATGTCACGTCCGTTTTTAAATCAAGTTGAAAATAATGGCATTGCACATACAGTAGCTTATGTAGAATCATTTATTGAACACATGAAATCAATAATGACGATGTTAGATGCTAAAAATATTGACGACTTAACACAAAAACAAATCGTATTTAGTCCGGAAATATTGTCATGGATAGAACAACGTAGCTTGAATATACATCGAGGATAAATAAAAGAGGAGGCGAAGGCCTCCTCTTTTATTTATGAGTTTGGTGTTTAACTAAACCATTGAATGAATCCCATAATGACTATAACACCAATTAAATCGATTAAGAATGCACCAACAATAGGTACAACTAAATATGCTTTAGGTGAGTTTCCATATTTTTTAGTAATAACATCTAAATTTGCCATGGCATTTGGCGTTGCACCAAGACCATGCCCGATAAAACCACCTACCATTACTGCAGCATCATAATCTTTTCCTAAACCTCTAAATAAAATTAAAACAGCAAATAAAATCATAACGACAACTTGAACTAAAACGATAATAATAAGAGGTATAGCAAGTTTATAAATTTCGATTAATTGAATGCTCATTAGCGCAAGAGATAAGAAAATACCTAATGCGACATCGCCAATTTGATTAGTAATTTTTAAATCTACAATATTAAAATTAAAACTTTCGGAGATATTTCGGACAATAACAGCTACAAATAATGAACCAACGTAAATTGGAACATTAATCCCTGTTTGAGCTGTAAACAAATGACTGAAATAACTTCCAACTGCCATACAGAATACAACGATTGTAAATTGAATGAAGAATACTTCAGTGGCATTAAATTTACTATGTAAATGTTCGTTATATGCTACTTGGCTATAATCTTTAAATGTATCGTCACTATGTTGAGGCTTTAAGTTATAACGTTTGATTAAAAATTTTACAACTGGTCCACCGATAAGCCCTCCAAATACAAGACCTAAAGTTGCAGCCGCAAGAGCCGCTGTCAATGCTGAGTCAATGCCTAAATCTTGGATTGTCTTACCATAAGCGGCAGCATTACCGTGACCACCTTCCATAGACATGGAACCTGCTGTTAATCCTAGTAACGGTTTAATATTTAATACTTTTGCTAGTGATACACCAACTATGTTTTGAATGATTGAAATGATAGCACAAAACATAAAGTATAATAACAAGACTTTGCCACCTAATTTAAATAATTTCAATGATGCACCAAGACCGATTGTCGTAAAGAATGCTAACATGAAGAAATCTTGAATGAATGAAGCATCTAGTTTAATCTTAACCATGCCAAATGAATCCAAAGCCGCAACTAAAATAGCAAAGATTAAGCCACCAATCACTGGTGCTGGTATACAAATGCGTTTTAAAAAATTAACGTGATTAACGATAGCTTTACCAAGTAAGTAAAGTATACAGGCTAAACATAATGTTGTAATTGCATTAAGTTCTATCATTTTCAAATCCCCCTTGTTGAATATCCCTCTCCCTAAATAAGCTTTCATATGTAAGCGTTATAAAAGGGCACTTTTAACATTATACATGCAATAAATCAATATTTCTAGTTTTTGAAA
CP129557.1_gap69	2668360	2671361	3001	TGGTGATATATTAAAAGCAATTGTAGCAAGTTTGATTGGTACAGCTTTACTTAATCACTCGCAGTTTCGTCAAATTATGGGATTAAAATAATCATATTTAAGATAGTAAAGTAATTGAATAAGTTGCTTTGAAATTTATAAAAGTGAAAGGAGTAGGTGTCAATGGCTAGTATAAGTATGTCAGATATTAATTGCGACGGTACAATATTTGAAAATAACGACAAGCAGTTGATTTATTTAACGCCTATTTTTCCACAACGATATACAAGCAATACATGGTTATATAAAAAGATGCCTACCCAAGAGCGATGGCTGAAAGACTTAGAACGTCAACATCAATTACATACAAATCAAGGTTCAAATCATTATGCGTTTAGTTTCCCGGAAAATGAACAACTTGATAATCATTGGATGGCTATGTTTAAAGATATGAATTTTGAACTAGGCATTATGGAATTGTATGCCATAGAAAGTGATGCGCTTGCCAATTTGCCACGTAACTCTGACGTTGAAATTGCCATCGTTGACGAGTCGCATATAGATGCCTATTTAAAAGTTGCATATCAGTTTAGTTTGCCATTTGGAAAAGACTATGCAGATGCACATGAAAAAATGGTAAGGGAACATTATCAAAAAGATGTGATTAAACGCTTAGTAGCTTATTTAAATAATGAACCTATTGGCGTTGTAGATGTCATTGAAAGTGAAAATTACATTGAATTAGATGGATTTGGTGTACTAGAACAATTTCGACACCAAGGAATCGGTTCTACCATGCAGTCATTAGTAGGTGAATATGCTTTATCTAGAAATCATAAACCGGTTATATTGGTGGCAGATGGTGAAGATACAGCAAAAGATATGTATGTAAAACAAGGCTATGTCTATCAATCGTTTTGTTATCAAATATTAAAAGAAAACATTGAAATTTAACGATTGATGATAGGTTTGTATTAGAATAAATGAAAAATATAAAAAGCAGTAAGCTGGTTTCGAGTAGAAATCGACTTACTGCTTTTTAAGTTGTGATAAGTATATTAAACAATGTTGTTTTAAGGTTATTAATCCATGTAAGCATTGATCATTATGACACACTATAATGAATATGTTATTGTTCAGAATCAATGATACGTTCTGGATGACTGTATATATTAAAGCCACCATTTCGAATAAATCCAACTGCCGTAATATTTAGGTCATTAGCTAAGGTTACAGCAAGCGTTGTCGGAGCAGATTTAGATAAAATGACGCCAACACCAATTTTCGCGGCTTTAATTAAAATTTCTGATGAAATACGTCCACTGAAAATTAATACTTTATCTCGGACAGTAATATGTCGCTGAATACAAAATCCATATAATTTATCTAGAGCGTTATGTCTGCCAATGTCTTGTCGATGTACAAAAAATGTCAAACCATCGCTTATAGCAGCATTATGCAGGCCACCTGTTTCTTGGTAAATATGACTGGCACTTTGTAAACGCGTCATCATATTAATAATTTGTTGTGGTGTTAAAGTGATTTTAGACATAGATGTTTTAGCAACAGCAGCATCATTTTGAAAATAAAACTCACGACTCTTTCCACAACAAGATGCAATCATTCGTTTTGTGGAATATTGAAAGCGATCGCCTAAATCTTTATTCAGTTCAACATGGGCAAATCCTTTACTATCATCAATCAGTACAGATTTTAATTCATCTCGCTTTAAAATGGCACCTTCCGAAGCCAGAAATCCAATGACTAACTCCTCAAGGTTTGTTGGACTGCATATAACAGTCGCAAATTCTTCACCATTCACCATAATTGTAAGTGGAAATTCTGTCACATATTGATCTGTTGTATTGAATAATTTTCCATCTTCATATCTAACAATTGGTTGACCTAAAGATACATCTTTGTTCATTATCTAACCCCTTTAATTAGCTTGAACTTTATTTTAAATCAATATGCTTAATATTTTAACATATTTGCTTAAAACTGAAATTTGATTAACTAAATAAAATAGCAGGCAATTATTTAGAATTTGATTGGATTTAGAAAAAGGCACACTAGCAGCTCAATTAATAAAAAATAATTTTTAGAAAGTGTGACAATTATTTGAATCATTATTTAAAGAGAAAACGCTTCTTTTCAAAAATATTGTTAAGTGTATAATGAGAGTGTAAATATTTAATAATTGGGGGTATTTCATAATGAAAATGAAACGTTTTATAGCTATTGTAATGGCATTATTTTTAGTATTAGCTGGTTGTTCTAATTCTAATGATAATCAAGACAACAAAAAAGATGCAGCAGACAATGGAAAAAAACAAGAAATTCAAGTTGCAGCGGCAGCAAGTTTAACAGATGTTACAAAAAAATTAGCATCAGAATTTAAAAAAGAACATAAAAATGCTGATATTAAATTTAACTATGGTGGATCAGGAGCATTAAGAAAACAAATTGAATCAGGCGCACCTGTTGACGTATTTATGTCTGCAAATACTAAAGATGTAGATGCATTAAAAGACAAGAATAAAGCACATGATACATATAAATATGCGAAAAATAGTCTAGTATTAATTGGTGACAAAGATTCAAATTACACTTCAGTAAAAGACTTAAAAGGCAATGATAAATTAGCATTAGGTGAAGTGAAAACTGTGCCAGCGGGAAAATATGCGAAACAGTATTTAGATAACAATAACTTGTTTAAAGAAGTTGAAAGTAAAATCGTTTATGCTAAAGATGTAAAACAAGTATTAAATTATGTTGAAAAAGGTAATGCGAAACAAGGTTTTGTATATAAAACTGACTTATATAAACAAAATAAAAAAATTGATACTGTAAAAGTAATTAAAGAAGTAGAACTTAAGAAACCAATCACATATGAAGCTGGTGCGACATCAGATAGTAAATTAGCTAAAGAGTGGATGGAATTCTTAAAATCAGATAAAGCTAAAGAAATATTAAAAGAATATCACTTTACAGCATAAGGAGTTGTAATCCATGCCTGACT
CP129557.1_gap70	2709700	2711881	2181	AGGATATTTAAATGATAGAAATCGAAAAACCTAGAATTGAGACAATTGAAATTAGTGAAGATGCTAAATTCGGTAAGTTCGTTGTTGAACCACTAGAACGTGGCTACGGTACTACACTAGGAAACTCCTTACGTCGTATCCTACTATCTTCATTACCAGGTGCAGCCGTTAAGTACATTGAAATTGAGGGAGTTTTACATGAATTCTCAGCAGTAGACAATGTAGTTGAAGATGTTTCTACAATTATTATGAACATTAAACAATTAGCATTGAAAATTTACTCTGAAGAAGATAAAACTTTAGAAATTGATGTACGTGATGAAGGCGAAGTAACAGCAAGCGACATTACACATGACAGTGATGTTGAAATTTTAAACCCAGAGCTTAAAATTGCAACAGTATCTAAAGGTGGTCACTTAAAAATTCGTCTAGTTGCTAACAAGGGTAGAGGTTACGCATTAGCAGAACAAAATAATACTAGTGATTTACCAATTGGTGTAATCCCTGTTGATTCATTGTATTCACCTGTTGAACGTGTGAACTATACTGTTGAAAATACACGTGTAGGTCAAAGCAGTGATTTTGATAAATTAACATTGGATGTTTGGACTAATGGTTCAATCACACCACAAGAATCAGTTTCATTAGCAGCAAAAATAATGACTGAACACTTGAATATCTTCGTTGGTCTTACTGATGAAGCGCAAAACGCTGAAATCATGATTGAAAAAGAAGAAGATCAAAAAGAAAAAGTATTAGAAATGTCTATTGAAGAATTAGACTTATCTGTACGTTCATATAACTGCTTAAAACGCGCAGGAATCAATTCTGTTCAAGAGTTAGCTGACAAATCTGAAGCTGACATGATGAAAGTGCGTAATTTAGGTCGTAAATCTTTAGAAGAAGTTAAATACAAATTAGAAGATTTAGGATTAGGATTAAGAAAAGAAGATTGATAAAGGAGGTTAACTCATGGGTTACAGAAAATTAGGTCGTACTTCTGATCAACGTAAAGCTATGTTACGTGACTTAGCTACATCACTTATTATTAGTGAACGTATTGAAACTACAGAAGCTCGTGCAAAAGAAGTTCGCAGTGTTGTTGAGAAATTAATCACTTTAGGTAAAAAAGGAGATTTAGCTTCTCGTCGTAATGCAGCTAAAACTTTACGTAATGTTGAAATCTTAAACGAAGATGAAACTACACAAACTGCACTTCAAAAATTATTTGGTGAAATCGCAGAGCGTTACACAGAACGTCAAGGTGGTTACACTCGTATCCTTAAACAAGGCCCTCGTCGCGGTGACGGTGCTGAATCAGTAATTATCGAATTAGTATAAGAATTTATATAAATACACTAACTACTTTTATATAAAGCAAATGAGTGCAACGATAATGTTTGCCACATACAAATATTGTCTAGCTCAGAGTACCCCATCAACTAAATAAAGATTTAAAGCGTGAACTCAACAAACTTATGATGGGGTGCGCGCTTTTTTATTGAATAAGATATCGGACTTATGAACAGAAATGTTTTTAAGTCCGATTTCTTTATATCTACTTTTTTGAGTGCGAATCTAAAAATATGATCAAGCTAGTTTGATCAATTTCACTAGAACTGAATGAAGTGAAAGTATTATCGTTGAATCAAACGCGGCCAACCCTATATTAGTAAATCATTTATTTTATTAACATTTATACATAATTGTTTGAGAGGAATAAATGTCCTTATCATTAGTTGTTAAACAACTCTTTAAAGACTAGAAATGAGTCAGAAAATACTAGTAATATATAGCAAACCCAGTCAATGTCATATACAGTGATTTATAAATATTGTAAAATATGATAGATACACGAATCGTAAAGGAGAGAGACAAGTGGAGGATAAGAATTCAGTTATTGTATTTAAAAATGTTTCATTTCAATATCAAAGTGATGCATCCTTCACATTGAAAGATGTTTCTTTTAATATACCTAAAGGGCAGTGGACATCTATTGTCGGTCATAACGGTTCTGGGAAATCTACAATTGCCAAGTTAATGATTGGCATAGAGAACGTTAAATCTGGAGAAATTTTTTATAATAATCAAACTATAACAGATGATAATTTTGAAAAGTTAAGAAAAGACATAGGAATTGTATTTCAGAATCCGGATAATCAATTTGTTGGTTCAATTGTA
CP129557.1_gap71	2766426	2766926	500	GATGAACTCAATACTCAATTACTTGGTGAATTACCATTAGAGCAACCGTCTTGGAATCCAAAAGACTTTGCACCTTCAATTTATCAAGCTGAAGACAGATTAGGTAAAATTTATAGCTCTATAGCACAAAAAGTAATAGCTGCCACAAATAAATAGGTATAAAATATGCTAAACGTACAAAATTACTTTTATTTTGTACGTTTTTATGTTGATTTGTTTTGGAATGCTGGTAAAATAAGTTCTTGTGTTAAGCAATAAACGCGTTGAAAAAGAAGCGACTTGCAAACACGAATGTTTTTCAAAAAAGTTATTGACTTTAAATTGCAAAGTTGATAATATGATAAAGTCGTCAAAAACGACGCAGTTGTTTTTAAAGAAGAATTTCAAAAGTGTAAAACTTACCATTGAAATAACTATAAAAACAATATAGAATAAATAAAGTAATCATTCAAAAAGTTATTGACTTCAAGAAATAAATGAAGTATAATGAAAGAGATTGA
