gap_id	start	end	length	sequence
CP120722.1_gap1	2491	3839	1348	CTTCTACCGCGACCTTCATACTCGAAACCGTCGGTTGCGCCATCAGCGGAACCCAAGCACAGCAGACCATCATGAGACTGATACGTTTCAACATTTCCAATAAGTACCACGCCCATCAAAAGGCATCAAGTGTAAGTATTTAAGGGAAACGCCCCGACACAAAAAATGCTTCCCCTGAGGGGGAAGCATGAGTGGGATCAGGTCCTCGTGGACATCCATCTTTACAAGAACCGCTTATTGCTCCGCTTTTACAGGAAAATCAATATCTAAGATCAAAACAGCTTCAGCAAATAACTGCGCAATACTCCGCGCACCCGCTTCGGACAAATGAGAGTTATCATGTATGCCATTAGGATAATAGGGTTGCTCTCCAGCTTCAAAGTGAACAAACAAGTCTTTGGAATCCTCCTCCCCAACTTCGGCCAACAACTCTCCCGTCAACACATTCAAATCCACCATGGGTACATCTAACTCTGCGGCCACTTCCCGAGTCGCTTGCGGATATTTACCTAAGGAATTCTTCGGCCTGCCTTCAGGGGTGAAGTACCGACGATAAATAGAGGTCACCAACACAGGGTTTGCACCTTTGGCCCGGGTGTCATTTACAAATCCAGTCAAAAATTCACGGTAATCACCCTCAGGATCCGTGTAGATGGCGGGTTTCTTTTTCTTTTGATCATTGTGACCAAACTGAATCACCACCCAATCACCGGGTTGCAACGTTTCCATGATCTTATCCCAACGACCTTCGGCCACAAAACTGCGGCTACTCCGACCATCCACAGCCCGATTCGCCACCACAACATCTTCCAGCACATAGTCTTGAAACACTTGCCCCCAACCTTTCATCGGATTGCCTTTCTCCGTTGACTTATTGGCCATCGTTGAATCTCCAATCATATAGATAGTGGTCGTTTTCTCAGGTGGCGGCACCTCCTCAGCACATAACGTCGCAAAACCTAACAAACAACAACTGACAACACTCAAAATACTTCCTTTCATAAACTGGATACCATTGGGGGTGAAAAATAATCAGAACCAAAACCATTGCGCTTCAACAGATTTAGACAAGATTTCTTTTCTGTAAAAATCGCATTCCATAGGACGACTTCAGTAAAACCAGAAAACCATTCTTGCATTTCATGCGTAATTCCATATATAGATCAATAACCAAATATGGAACATGCAAACACCACCTGAATCATCAGCAGCACCAGCACTCGAACGCGGACTTTATATTCTTGAGACCTTACAGGCTTCAGGACCCTTGTCGTTGGAAAACTTAGCCACAGCTTGTCAGATCCCCAAAAGTAGTCTTTTGCGTTTATTAGATACCTTACAGGCGCGG
CP120722.1_gap2	24078	27571	3493	TCCGCACCGATACAGGACACGAAACCATCACCGTCGTGGTGAGCCGCATCAGCGATCACCTCAAGGACGATACACATTGGGACCGCGTGCACGCTGCACAAATGGCCATTTGCGAAACAGATCCTGAAGAGCTCCAAGACCGCATCCACGACCCTTCATGTACCGCGGTCATCGAAGAACTCACCCCAGAAATTTTCTGCGATGGCTGGAACAAAGATAGTTACAATCAGGTCTGGAATCGTCAAAATCAATTCGGTTAAATGGATAATGTCAAAGCGTACCGCGACACCTTGTGCTCCAGCATCAGTCAACAACCCCGGCACATAGCCCTCATCGACTATTGGCATGGAAGCCATCAGTATGGAGATGTCCTCGACCCGGATTTCACTTAGGCGATGATCCTTTTTTGATTCAACGCCCTGTCCCGAAGGCTATCCCCTAAAGACGCGCATCCACCCACTGACGGGTGGTCGTCATATCCGGCTGATCCACTTCCATTTCCAATACCGACGCCCAATCCAAAAAGGGCATATTATCTTTTTCCATTTTGGGATGTTGTTTCAGCACTTCGTAAAGAATGCGACTGCCATCTGTAGGCGATTTGGCAAGGGGAATCTCCGCAGACGGCGCTCCAAGCGGCAGGAAAACCGCTTGAACCATATCCTCTTTCATCACGCCATACACCGGGAAAGTTCCCACCTTAATTTCTTCGAGTTCATGCCCTTCTCCAAACACGGCTTGGGCAATTCCCTGCAAAAATTGCATCCCTTCGTCAGAAGCAGGCGCTTCACACGCCAACACCGCACCCGCGGCCATTTCCTTTTGAATCCGGGCCAAGCCCTCAGCAGACGCCGGCTGAAAAGGACCATTGCCACTTACAAAAATCAGCGCCAATCCTTCTACATCAGAGGCCTCGACGGCCGGGGACAAACGTTTGGCCGTAAAAGTACGGGCCTGCTCATTGCTCCATACCGTCAATACCGGATCCAAACGGGTAGTGCGGGGCGCTTCACCATCCCAGGACCATGCACCCGCAATATCAGGCGCATCCGATGAGGTTAACACACGTAAGTGCAAGAGCGCCGGCATGCGCAGGCGATCAACAAAGCGCCAATTATCCGCGTAAATCGCCCCCCGTGAAGCCCTTTTCAGATCAAAGGGTTTCCCCTTTCCTTTTTGCGCCAACAGCATGTTGTGTAATTCTTCCATGCGATACAATTTCAATTCCCGATGACCCGGCGTTCCCATAGAATAATATCCTAATTTGTCTTCAGCGGTCACATCCCACTCATCAAGAATCTGCATTTCCAGTTCCGGCCAAAGCGCGGCCACCGATGGCAATACATCACTGAGCGGTTTCAGATACACCCCAAGCTCCACCATGCCCATGTGGTAACCCAGATCTTTAGATTTCACTTCACCGGAGATCCATTGACTTAAAACGGGTTGTACTTTTTGCATGGCCGCAGACAAGCGTGGAGAAATACCCCTCACATCCTGATGCATAATCACTGCGGCAGAATATAATGCCAACGCACCCTGAGCACAACTTTCAGGGCTCATGACTTCAGGGAATGCTTGTTGAGGAGCACTCACTTGATCGATCCCCACCACCAAATCTTTAAAGTCAGTAACCGGGATATGGATGATCCCTTCCGAAAATAATCCCTGTGGATTTTGCAAACGTACCACCGCAGTGGCCGCCTGAGAAATCAACTGACTCGTGCCGGGAAAAGCAACCAAGGCTTGCCCCCGGGCATCTTTCGGAATCACCACAGTGGTCGGTAACAATCCCCACTCCTTCACCACCGACAAGGCATAAAGTGCAACCGCCGTACTTTCCAAATCCACCACTTGTTCTGCATATATATTCACAGGTAAACCATGATAAAGCGCCTCCTCCAAAGAATACCCGCCATAACTTCGCCGACCATCTTCCCCCGGCAAACGAGATGTTTGGGTCAAGTTTCCCATGCTAAATCCGTGCGTGGATACATCTTGTATCTGCTTCACATACGCATCGTAAATCTTTTTATTTTCCGAAACTTTGGCCTGCAAACGCTCTTTTTTCTTCTCATCTTGTTCTGCATTCAACGCCTCAATTACTTTTGACAGTTCTTTATCATACACCCGCTGCTTCGCTTCCATTGCCGAGGCCAACAAGGTCGTATTCACACAGACAGGTCCCCACATCCCCATCACCTTGGGTGCTTGTTGCTGACCCAACAACAGCTTATTCACGCAACGCGAAGCGATCCTTGCATAAACCGGATTTTCTTTAGCCACCGCACTAAACCCGATCGCCAACCACGCCAAATCATAAGTCGTGTCAGGCAAACCATAAACCTCGATAAACTCAGCCAAGGTTTCAATACATCTGGAAAATTCTTCATCCGCCGGTGAGATCCCCAACCGCACAAAGGTGTCGATCGCCATGCCATTCGCCCCAAAGAAACCATTATACAAGATGGGTTTGTCTATCCGATACCGTTCAGCTTTAGGGTCATATTTATTTAATACCCGACTCTCTGATCCATTCGGATCGGCGATGAACCTCCGTTCTTTCACTATTTCGTAGCCAATGATACGCCGCTTACGTACTTTGCCGACTCTCTCCTGATACTCAACCGTTGTAGTCCCCACCCCTTCAAATTTTTCGAAGATAGGTTTCCGCACATCCACCATTTCATAACGACCTTTCTGCACCACTTCTTTCTTTGCCGAATCATCCCGTACCCGCCGGTAATAGGGAGGAACCAATAGCCAATCACTCTCCTCACGTGCACCCGCACGTATCAAAGCTACCGCCGCGGTCACCTTCGCCACCAGTTCTTCCTCCTCCGCGGGAGGCAGGTCCGCTTGGGCACTCACCTGAGAAATGCATATACCCATGCACATGAAACTCATAAGTATTTGAATCGTCTTTTTCATATTATTTCCTCTCTGATCCATAGCGGGCTTGCAGAATTTCCAAAATTTGCGATGTCAATTCCCCACCCATGCGGGTCTTTAAAATACCAATACCCAACTGCCGTTTCTTATCTGCAATCCCCAACAATCCCCCGTAGCCCCCATGACCAAATACGTTGCCGGGTTCTAACGCCCCTCCCCTCAACTGATAGCCAATCGCGCCGGGCATCTGAAGCGACGCTTGTCCCTTCGCCGGCAAGGTCGCTTGCAACAAAGTTTCTTCCGACAACAACCTCACACCCTCAACACCTTCCCCCACCAACGACGCATAATGTCGGGCCAGCGACCTGGCTGTGGCAAATCCATTCGACGCAGGGATGCAGGCCTGCCGCACCTCTTTGCGGTGAATCCACGCCTCCAACGGCAAAACATAATCCGGGATCGCCAACCATTCGTCAGGAGGATCTGTGGACAAGGGATCCGCCTGCGCTTGGTGATGTTTAAGCGGAGGCAACACATCCAAACAACGCGTCAAGGCGCTGTCCGGTACACCAAAAAAGAAATCATCGATTGCCAACGGCGC
CP120722.1_gap3	31343	35221	3878	GATGTCTTTTTTAATCAACATCTGTGCCACAGCCTGACGACTGAGCCCCTGAGAATTCAACCCGATTTCAGTAGAGCAAATGGGTTTACGACCACCGTATTTTTCGAACAGTTCTTCGTACTTTTCAAACATCAGCGGAATGCGGTCATAATCTTCATAGGTATGAAAGTCATACACATCCTGATAATCCTGAAACCCTGCGATGAAATAATCTTCATTGGGTCCCACCGACGTACCAATGATCTCAAAATCAGGGCGTACTTTTTTGATCGCCTCATAGGCCGCTTTATATGCCTTCACATTGCGCTTCGCCTCTTCAAGCCCGCCATGCGGCTCATTCCCGAGCGTAATCGAAAGCATGTTTTCATTTCCAAATTTCTCAATCCAATTGGTCGCACCTTGCGCAATTCCTTCCACCGTGAAGTTCTCAAATCCTTCGCGTTCGACCACGTACAAAGGAGAACGGCCCACCATGCCGATTCCCCGATTCAACATGCGTTTCCCATTAAACAGCATCGGTTTGTAAGGCGCTTCTGCAGACCAATTACTGTACACCCCCACTTGGCGAATGCCAATACGCTCACTAATGTCCACATATTCCATGACCCGATTGTCCCAATTACGAGCCGTAAAATGGACATCTTTGGCGGGGTACTGTTTGGTGATCGCTTCAGGCAAAATGGCAAAGGTCGTTTTTTCCTGATACGCTTCCAATCCTTCCCGTTCCAAACTTGTATGCACCTCATAATACCTCCCCACCTGAAAATCCACCCCCGTGATGCCAGACACATCAACCTCAGCGCGATACACCACAAATCCAGCTTCCGAACGATCTAAAACCAAAGGCACCTTAAAAGTCGCCGCCTGTTCCGCCCCCCAGTAATCGCGCACCGAAACCGTCAACGCCTGCTCAGCTTCCGGCAGGGTGTCCAATGCAAAAATTTCAGCCTGCAGTTTCACCGCATCTCCCGGATAAAACAAATTGGCCAAGGCTTCACTGGAAAGTTCTACCCGACTAATACTGCTGTCTTCTTGCTCCGTAAATTCGGCTTGCAACTTATCCACATAAAAACTGCCGTAGGTTTTGTTCATTTTAAAACTGAAGCGCGCAGCCACCGTACCTGCTGGCGCATGTAGCGTGTTCGAAAAAGCACGCCAGTTTTCTTTCTGTGTAAAGATGGTAATTTCATCCCCCCGAATCACACTGTCCCCTGCCCCCAACCACTCGGCTTTGATATACACCGCAAATGACATGTCCGGAGAAAATAAATCACTTTTCCCCACGCCGGAAAAGGTCCATTTCCCTGGGCGCGCAGGAAAAATTTCACTGGTCACAACCGTTTCTTGCGTCAGGGCATCCGCTTCCGCCCGCTCTAGTTTCAAGCTTTGATTTCCTTTAAAGGATTCATCCGCCGACAGCTCAACCTTTCCGGTCGCACGCCATCCTGCAGGAAGACCTGTGCCCGATTCAAAATCTTCCACATACGTCCCCACCTCGTCAATACCGCCACCCAATAAAGTGAGCGAAGACCCACGAATCAACAATTCAGGTTTGTCTGACCCTTTTACAGAACCTTGGGTTAGATTGATCGCAATCTTCTGAAGTGGCGGATGCCAAACCCCATCATTTGCACCATCCCAATGCTCCGAACCCGCCATCCGTTTAGGATCGATGACCAAAGTTTCCCACTTACCCGTGGCCGGTAGTTTCACCCCACGGCGTTGGTGCGTTTGACCGGAACCATCGATCACCCGAATGGTAGCCGTTTTCGTCGCCTCACTTTTGACTTCCACCTGAATGGCCTGCACTTCCGTTCCCGCATCCAAATGATACGTTTTGGTGGCGGAAACCCATTTTCCCTTGCGGCTAAAATCGCCCTTCACCTGAATCACGTTTTTGCCATCTTCTTGAACCACTTCCATGCTCCCACTCGCGCCGCCACCCAACACAAAATCCCAGCCGCTAATGCCCTGACTTAAAAACGTATCCGTTTTTAACATGCTAGTTTCTGCAGAAGACAACGGTGCAAATTCTTGTGGTGTCCCCAAGACCGGAGCTGCGGATCCCTTAGCCATCACCGCTTTGATCATCGCAAACTCGACATTCCCTTCCAACGTTTCCTGATTCGGTTTAGGTACACTTAAGAAAAGTTTTGTGACAGGAAAATGCACCACCCCATCTTTAGGACCACCCCAATGCTCCACGCGTTTGTTCAAAGGAAACTGAATCATTTCCCAACCACCCGTGCCCTTTATGCGTTTCTTAATTTGGTGGGTCTGACCTTTCGCATCCACAATGCGAAAGGTGAGTTGTTGTGCAATCGGTGATCGGGCATGAATTTGAATTTCAGAAGCGCCTTCAGGAATTTGCACGGCAGCACTGGCCAATACATACGGCATATTCTTTGTGGATTTTGTAAAATCATAGCTCATCACCCCCATGGGAACCCCATGTCCGTCCTGCTCCAACACAAAGGATCCTTCACCCGTATTTTTCATAAAGGCCCATGCATTCCCTTTGTCTAATAAACGAAGATCCACGGCAGTCGCATCTTTGGAAATATTTGTACCATCAACTGATTTCTTTTCAGCCTCACCTGCAATACCTTCACCCAACGCCAAGCCTGCAGGCACTTTGTAATATTCAGGTTTACCTGTTAGGGCGAACACCAAGGCCTCATTTTCAACCGGCAACCCTTCTAAATCAGAAGCTTTCACCCCATTTGCAGCCGGCTTAATCAGCGGGAGAGTCAAGGTATGATTCGACGTCTCATCCGGAGACGCACCCGGAGGTGGTGCGGTCCAGACGACCAACTTGCGATCTCCGGCTTCATTCGTAAATTCCACCACGTAATCAAGATCCGAATCAGTAGGCAAACGCCCCTTTAAGGTATAACCGTTTAATTCCGCCATCATCTCTACGGCCGCAAAATAGGCCGGACGTTTTCCAGTGCCCTCTTCTTCCACCAATCCAAATTTATCGCCATCCCACTCGTACCACACCGTGAGGTTCACCCCATTGAGTTGGTCCATCATAAATTGACGCACTAAATACCAGGCCTGATATTCACGTGCTTTTTCAATTGAACCTCCCGACCACCCTTCATGGGTTTCTTTGACTGCAAATCCTCTTTCAGTATTGATCATGGGCAGATCCGGATGACCGAACTCCTTTAACAACCCGCGGGTAATCTGATGACCCACTGAAAATTCTTCGGGCGTTTTCACCCCATAGGGATGAACCGACCAACCGCGAATCCCGGTTTCAAGAATCCCTTTTTCAAAACAAAACTTTGTCCAATCGTAACTGGGTTGCCAATAGTTTGATACCGAACCTGCCACCACAAAGGCATCCGGATTGGCCGCCAACATGGCCGGCACCACTTCTTTGACGAGATCCGTGTATTCCTGCGCAAAAGGTTCAGAATTATGTTTCCCGTTCTTCCGCCAGAACGTGCGAACGTTGGGCTCATTCCAAATTTCCCAGATCACATCCTGGTCACGATAATGAGTAGCCAAAGCCGCTCCGAAATTTGCAAAGCCTTTACGGCCTGCTTCCGTTTGCACCCCGCCCTGACCATCATTTTCATATTCTTTATGCACATTAAATAACACGCCCACCACCGTCAGTCCCAAAGACTTTGCATGTGCCATTTGCGCATCGTAATCCGAAAAGTCATACACCCCTTTCTCTTTCTCCACCCCGGTCCAATAAAACCCTCGCCGCACCACCTTAAAGCCCATTGCATGAACCTGATCCAAAGTCTCAATGGTGAAATTATGAGTTTTTAATTGAATGGCACAGCCATCAGGAAAGACCACAGGCAACTCCAAAACCTCAGCCTGCACTGAAAAAGAAACCCATAAAGAAACTAACA
CP120722.1_gap4	36694	39229	2535	AACGTAATTACCAAATCGGCATCGGGAATCGCCTCTAAGCACAAAATAAAATGTCCTGCATCTAAGGGCTCATCCCCTTGGGTCTCATCATAACGCCCTTCCAATGTCACCACATCCAGCAGCGTCATCCCTTTTGCATCCCGTAACAAAGTCTTAAAGGTTGAGAGGGTTTCTACAGAAGGATCTTCATCACAGGCCAGAATCTGAATCGTGCCATACCCGTCCAAGAACCGGTTGCTTTGTTCAAAAAGCCCCCATCCTAAGCCCTCCTGTGGCGCCAGACTTCCATGTGAGGCATGTTCCACTTTACGCATGAAACCCAAAAGACCCACCAAAAGGAGCAACATGCCCCCTCCCAGTCGCATCACCCGCTTATCTTTGAACAAGCCAGCGCAACTCACGGGACCTCCACTCCATCTTCAACTTTGGTGACCGCATCCGGCAATTTCCAAACCCGTATCCCCTTTTCAGCATTACATTTGGGATGGTTATCCACATTGAGCAATTTTTCAGGACTGCACACCTGTGCATGACCATCCATAAACATACCATTGGCCCCCTTCTTCCCATGCGCAAACCACAACGTGGTCCCCCGATTGGTATTAAAATTCCAGGGACCATTGGCATCAAATAAATAGGAACCCGTATGCTTGTTATTGTCTTTTGTCGAAATCGAGGTGCAGGTAATCAACAAGGTATTGGCGGGTGTCGGCACATTCAATAACCGGAAATAATTACGAACCCCTCCCACCCAGCCTGGATCATTTGGCCAATCTACTCCCGGAACCTCTCTGAACATAAACGCCATATCCGGAGCATATCCACAGCCCCCCGTTACTTTGGAGGTATACATCCCATAAACGCCCGCGTCATTATTAGGACAACGCAATACCCGTTCATTCACCCCTTCCACATTGAGATATTCATTTTCTTGAACCAAATAATAATACCAATGACGCCGGTTGGCTGCGCCTGATCCCACCGTGTAACTATAGGCTCCTTCCAAAATGCCCTCATGATCCGCCGCATAAAGCATGCTCGCTTGACCTATCTGACGCATTTGCCCCAAACAGGTGGTACGTTTTGCATTTTCAAACATAATCGTAGTCACCGGAACCAACAATGAAATCAACAATGCCAATATCGCAATCACTACCAACATCTCAATCAAGGTAAAACCACCACAACTCTCCCCAGCAACTTGCCGTTTGTCATGTTGCCGTAAGCATGAATGAAAATGAAAAAAGTTTGAAATCATTGTATATACAAAGTACAAGATCTTTAACCACATAGTCAAGCGTCATTTTTCAGATAACTCAAATTATTTAATAAGTTACATATAAACACGTTTTAATTCGCATTTATCTTTACTAACCAGCACATTTTTACACACATTCTGGGTAATAGTCCTCATCAACAAAGGCCAAGCCCAGCCATATATTTTATATATACATTTCAAATTTAATATAATTCTTACTCATATATAACCGTCTCCCCCATGACATCCCCCAACCCCCTTTCACAATTAATCCTGCCCCGTATTCAATCCGCAGTAAAACGTCTGTCCGCCCAAAGTTGGGAAGCTCCCACGTCCTTGTTCGTGGAAGCCTCCCTCCCAACCCCTGAGCAATACTCACTGCAACAGGCCAAACACCTTAGGCTTATCCGCCAACAAACTGATAGCTATTGGGGTAAATTGTTTGATCAACGCTGGTGCAGAATTCAATTCACGCATCCCACAGGTCCAAACGATTGGCTGTTGTGGCAAGACCAGGGAGAAGCCACCCTCTACGTAAACGACGCCCCTTATTGGGGCTTTAATGTGGCCCATGATCGTTGCCTCCTCCCCTCTGGCATCACTGAAGTTTGGATCCAGTCCTCCTGCGTTCAAAGCGCCATCTGGCATCCCCAAGCCAATGGCATGTCCAGCAGTGGTGCCCTGTTTAAAGGGGCCTCACTCTGTCATCGCAATGAAGAAACCTGGCAGGCCTATCATGATTTATCCTGTCTGTTCGATCTCGCAATGGATCGACGAACCCGTGAAACTCCGGAAATCCCGGAGGCCGTTTACGGCTCAGGTTTTCAACCTCCCGTCTCGTCCTACTCCCCCACCTATCGGAAATTATTGCGGTGGATGGATGAAGCCGTAGACCGCTGGGAAACCCAAGGCCTTTCGGCCTTACGCTGCCACCTTCACAAGGCCTATGCCGAACTCAAAGTAGACGCCTCTTTTTCCAAAGCCCTGCTTACAGGCCATGCCCATGTGGATTTGGTCTGGATCTGGCCCGAACGCATTGGTGAACTAAAAGCCGTCAATGTTTTTGCCACCGCCAACCGTTTGATGGAGCGCTATCCTGAATTCCGATTTGCTTACAGTCAACCCGCCAGTTACGAGGCCATCCAAAAACGCGAACCAGAGCTCTACGCCGATGTTCGCAAACATATGCAGGCAGGCACCTGGCAAGCCACGGGCGCCATGTTCGTCGAATCCGACACACTCATCGCTTGTGGTGAAGCTCTGAGCAGAAGTTTTGA
CP120722.1_gap5	50689	55428	4739	CCGGTACTGACTGAGATAGGAGATCTTTTTGAACTGAGGCAAATAACCTGCCTGATTTACATGCAAGGCGGGACTCTGCTGCCACACACCCCGATAGTGCACACGCAACGCCTCCATAGCTCCATCGGCCTCCCGGTCCAATCGGCCATCCTCAAGCCGAATCACCTCGAACGGCACATCAGGAGCTTCCACCCGATACACCGCACCCGGCTGCATCGGCGTAGGCAAATCTAAAAACAGCGAACTGTGTTTGAGGTTGACCGGTTTTCGAATGCTGTAACGAACAGGACGCGTCCAATACGAAATACCCACAGGGCTTACCCCTTGCGCATAGTGGGGATCATCTGAACTGTAAATCCGAAACATATCCGCACGAAGCTGTAAGCCCGGATCAAACAATACCCGATTCGCCAAACGCACTTCTAACAGCGAGGCCGTGATCGGCCGAAGTGTAGACTGTAGTACCGAGGAATCACTGTCCTCAAACGCCTCCCACCCGAATAATCGAACCGGACTGACCATCAAGCAAAGAAATGCGACGAAACAAACAATTCGAGAATTCATATGAAGAACCTTGGTTTCAATAGACAATGCAAAAATGGATCAGGCCTGCTTGGTTTCCAACATCTCAATAAAGTGGTCCAACCAACTAATTTGTGCGCGAATCATGTGAATCTCATGATCAATCAAAAGCCATTCGGCATAAGGCTTACCGTACTCGTGACCGTAACCATCCAACTTCGTTTGAAGTTTTTTCATATGACGATTTGCCTCTTGCTTACGGTTTTGGGCGAGCTTAATCCGCTCCTCCCGAGGAAGATAAGAACACATGCCAATAAACAAATGCTCACTATATTCCGTACGCTTAAAATCGGCCTCTTTTTCAAGCAGACGGGCGTATTCTTCTCGACCCGCATCCGTAATCCCATAAACCATGGAAGGAGGATAATTCCCGTTTCGAACTTCTTTAGATTCCAGTAATCCTTGCTGCTCCAACCGTTCCAACGAACGATAAATTGTCGCAGGACTGATGGGAAGATGCTTGTGAATTCGCCAATCTTTTAACAGTTTTTTGAGTGCATATCCACTCAGCTCTGTTTCCATCAAACAAAATAAGCTGATGATTGCTGTGCGTTGACCTTCTTGATTGGGATTGCGTGTTGCCATAATATTTTCTCTCTATAATTTTGTTTATTTGTCAAATCTAATATATTAAAAACTAGTTGTACATATAATTAAGACGAAATATCAAAAAGGAGCTTTAAAGATGATCATCCACTTTATCCGTCACGGTGAAATCGATGGCGATCCGCACGCCCACATGCACCCGCCCGTTTCAGGCTGCCTGTCCCCAACCGGCACCCAACAAGCCGCCGCCTTATGCCAAGCCTTAAAGGATAAGCCCTACACCCACATTTATGCCTCTCCTCTCGGTCGCGCAATCGAAACCGCGCAACCCTTGGCGGCCCACAAAAATCTCCCTATCCAAATCCTTCCTTGGTTAGAGGAGTGGCGCCCCGCCCACATTCTCGACAACGGAGACGACACCCGTTACGAAGAAATCATGGCCCGAGCTGAAGCCCTTCGTCCTGAGCAAACCTGGAAAACAGAAGCAGGAGAAAGTCTGATGCAAATGGCCGACCGCATGATCCCCGGCATGCTCGCGTTGCTCGCCCAACACGGTATCGAGGCCGGACATGGGGGCTACCTATTTGATGACCCCAATAATTCCGACCACCTCGCCGTTTTTGCCCACGGCGGCACCCTCAACCTCTTACTGATGTTTCTCCTCAATTTACCTCTGCGCCCCGGAAATCCCTTTCATTTCGAAAAGACAGGCCTTGCCATCATTAAGTTTACACCACATGCAGATGTCTGGTACCCCAGCCTCTACCTTCCACCTCCCAACCCATCAAATCCTGAATAAAGTAGTCTTTTTCTCGTAGCAAAGGCTCCACTTAACCGCAGAGGAAAGCAAGCGCTGCCCTCTGCTTTTTACTTTACATTGGAAAGGGAATTCATAGCAGAGAACTCTTTAAAGAATTAAACCTCTTCTAACGGTTTTTGACCTCATTACCCCCTGCACCTATGAAGCTCTCCTCTCTCTTTTCAGATCACATGGTCCTGCAACGCGAACGCCCAGCACCTATCTGGGGATGGGCCGATCCGGGTGAACAGCTGACCGTCTGCTTTGCCGGACAACAAAAACAAGCCGTTGCCGCGAATGAAAGCGGACGATGGGAAGTGCATATCGACACGGGCCCAGCCTGTGCAGAAGGCAGAGAACTTTTGATTACCTCCACGAAAACCGGTGAAATACTTCGCTGCATCGATGTAGTGGTCGGTGATGTGTGGCTGTCATCCGGTCAATCCAATATGGAATGGCAGCTCCAAAACAGCATGAATGCGGAGAGCGAAATCTCCACCGCCCACCACCCCAATCTTCGTCTATTTCAGGTAACCAAAACCGCCGCAGGAACCCCGCCATCCGATGTCACAGGCACCTGGAAACCCTGTTCACCGGCGAGCGTCGAAACCTTCTCGGCAGTGGCCTATTTCTTTGGTCGCAACCTTCAACAAAGCACCCACATCCCCATCGGTCTACTCAATGCCTCTTGGGGTGGTACCCGCATCGAAACCTGGATGAGTCGGGAAGATCTGCTGGCCGACCCGCACGGCGCCCACGAAATCGAGCAATACGAAAACCCTCCCCGCGATCCGGAAACCCTCCGCAACCGCGACTTATTTAGTTCAGATCCCGTCGCATGGCTGCGTGCAAAAATTCCTGCAGATCCCGGAAATACCGGCAAAGAAAAAGGATGGGCCAACCCAAACTTCGACGACAGCGCCTGGTCCTCCTTCACCGCTCCAAGTATCTGGCAAAAACAGGGTTTCCCCTTCAACGGAGTGTTGTGGTTTAGAAAACGCATCGAGATTCCACCCGCGTGGAAAGGCAAAGAGTTGAACTTACACTTGGGCGCTTGCGATAAACACGACACTACCTACGTCAACGGCACGGAAGTGGGGCGCATGGGCTGGGAAGTTGAAAACGCGTGGTGCACCCCCCGCACCTACCAAGTCCCGGGCGCACTCGTGCACAGCGGAGAAGTGGTTATCACCACCCGCGTGTATTCCTACATGACCGATGGCGGATTAATTGGCCCTGCCTCCTCCATGTTCCTCCAACCCGCCGACGCCCCCTCAGAACCTGTGCTTTCCTTGGCCGGTGAGTGGCGGGTACAGGTCGAACACGAACTAGGAGTACACGACGAGCCCACACGACCCTTAGGCCCCGGAAATGCCAACACTCCCCACATTCTCTACGACAACATGATCCACCCACTGGCCCCCTTCGGCCTCCGTGGCGTTATTTGGTATCAAGGAGAGTCCAACGCCGAGTTCCCCGAAGCCTATGCCCGACTCTTCCCCAGCATGATCCGTAGCTGGCGCAAGCTTTTTGACTGCGATCTCCCCTTCTACTTCGTTCAACTCGCAAATTATCTCGCCCCGCAAAGTCAACCCTCAGAGGGAGGCTGGGCCTGGTTACGTGACGCCCAAACCCAAACCCTACACCTTCCCGATACCGGCATGGCCGTCACCCTGGATATTGGTGATGAGACAGATATTCACCCTCGCAACAAACAGGAAGTCGGTAGACGCTTGGCCCTGCTCGCACGTCGTCGTCTCTACGGAGAAAGCGAAGTCGACTCCGGACCCACGTTCCGCTCTGCTGAACAAGTGGGGAATACCCTCCACATTTCCTTTGACCATGCGGAGGGCGGTCTACTCTGCGACAATGGCAAACCAGATGGATTTGCCATTGCCGGAGACGATCAGAAATTTGTCTGGGCCGAAGCCCATATCGATGACACCACGGTTGTAGTTTCCAGTCCTGAAATTCCTAAGCCCGTATCCGTCCGCTACGCCTGGGCCAATAACCCTGTTCGCGCAAACCTCCGCAATCAGGCCGGATTGCCCGCCTCCCCCTTTCGCAGCGATAATTGGGCTCGCTAAACCTTTGGCCTCTCATCCAACCATTCCGGTGTAATCAACACCGACAAGGGATTGGAGGGCAGCCCCACCACAAAATCCCGAATGTGCCGATCCAACAAATTCACACTCTCTATTCCTACCAGATTATCGTGAGGTAACATCCCGGGAAAACCACTACCGGGGTGCGTTCGCAGTACCAACCAATCCCCTGCCCAGCCATGCCCACGAAGAAGTTCTCGTATTTCCATCGCCTGATTGGTGACCATACTGATCACCAAATCTGCCCCCGAAACTTTTATCCGTTGGGCTAAAACCTCCGTAGACTCCCAACCAAAACAAACGTCGCGAATGGGAAGTCCCGTAGACGCCCGTCGCTCACATTCTAGAGCCGCACCATAATGCAAACGCCCGTGCAGACTTTCTTGAGGTTCCTGCAACCACAAAAATACTGAAGAGCGATTGAGGGATTTACCCTTTTGCCAAACTTTCTCCATCTGCTTAAAGGTATCCAATCGCACGGTATGGTAGGGAAGATCTTCATCCCCCACCCCACAACATACCAATGATCTGCGGGACACATCCAATCCCAGCTCAGCAAGATTCCAGGTATCCAGAAGTACTCCCGGTACAGATTTAGCATCTAAAACCTGATTAATCCGCTTCCAGCTTTCCAAGGTTTTAAAGTCATACACCTCCAGACGATACCCCAGTTCGTGACAACGCTGTTTGGCCGCCAGAATCTTTTC
CP120722.1_gap6	62989	65113	2124	ATGGGAGAACAACCGCTGTACACCCTGACATGTCGCTTAGTCAACGCGGACGGCGTAGCCCTAGATATTGCAGAACGTAAAATTGGACTGAGAACCCTTCGCCTCGATAGATCAGAAGACGAAGAGGGAGAACGCTTTGCATTTGAAATTAACGGGGTTCCTCTGTTTATAAAAGGCGCAAACTGGATACCGGCCGATGCTATTTTTTCCCGTCTGACAACAGAGGTCTACCGTAACTTAATTCAGGAAGCCGCCAACGCACACATGAACATGTTGCGCGTGTGGGGAGGCGGTATATACGAACAGGATATCTTCTACGATATCTGCGATGAACAAGGCATACTGGTCTGGCAGGATTTTATGTTCGCCTGCTCCTCCTATCCTTCATTCGATCCAACTTTTATGGAATCAATTCGTCATGAAGTACAGGACAATGTGCTCCGCCTTCATCACCATGCCTGCATCAGCCTGTGGTGCGGCAACAACGAACTCGAGCAAGGATTGATCGGTGAAGAATGGACCGATCAAACCATGAGCCTCAAAGATTACACGGCCCTTTTTGATGACTTGATCCCTCAGGAACTACGCAAGATTGATGCCTCCCGTCCCTATTGGCCAGGCAGCCCGCACAGTCCAATCGGAAACCGGTACGACCACGAAAATACAGCCTGCGGAGACGTTCACATATGGAATGTATGGCATGGAAAAGAACCCTTTGATTTTTACCGGACATCACGCCATCGTTTCGTAAGCGAATTTGGATTCCAATCCTTTCCGGAATTAAAAACAGTAGAAGCCTACACCCATCCGGAAGAACGGCAAATCAACAGTGCTGAAATGGAATTTCATCAACGCAGCAGCGTGGGTAACACGGGAATCATGCAGTATTTACTGGACTGGTTTCGCTTGCCGGAGCAGTTCGAGAACGTGCTCCGTTGCACCCAAATCCTCCAAGGCGTCGGCATCCAAATTGCCTGCGAACACTGGCGGCGTCAAATGCCCCGCACCATGGGAACCCTGTACTGGCAATTGAATGATACCTGGCCCGTCGCAAGTTGGAGTTCAATCGATTATTTTGGAAGACTAAAGGCTCTGCATTACATGGCCCGCCGTTTTTATGCGCCCGTGATGCTGAGCTCCTTGGAATCTCTCGAAACAGGCACAGTAGAGTTATGGCTGGCAAACGATCATTTAAAATCTGTCACCGGATGTCTGAAATGGGAAATCACAGACCTTGAAGGCTCCGTCCTGAAACAAGGCCAACGACAGATCCGTATTCCTGCCCAATCCAGTGTCAACAAACAGACGATTTCTTTCAAAACTCTTCTACCACAAGTGGGTAAACGCAACATCTTGATGTTCTCTTCCTTCGAAGAATCACATGGAGAAAAAAGCGAAAGCCTTGCACTGTTTGCCCCACCCAAATACCTCGCACTTCAAGAACCTCAGCTCACTTGGCGCCTGCGCAAAGGAAAAGCGGGAACATGGACGTTGAGTATCAGCTCTAAAAAACCCGCACTATGGGTCTCCATTGATTTCCAGGAAACAGGAAGCCTCTCCGATAACTATTTTCATCTGTCCGCTGACACTGAGAAAACCATAATCCTCCGACCAACCCAGCCCCTTACAGCCGAAAAAATACGATCAGCCATTCGGGTTCAAAGCCTATACGAAACCTACACCCCATAAGATCAACAGGATCTGAAATGAATACGTTGTTATACCCATCTATTTCTATCCAATTCCTAACAGCTATACAGCACAATTGGGGTAGTACAAACGACCAGAAGTCTATAGGAAATAAAGCATGATATTTCATGAAACAATTCATCTGGGTCCCCGTCCACAAACATGGACCTCTGACTGGTCGCGTATCATGACCCACACCCATCATATGCGAGGGGAAGGATTCTCTCTTGAAGAAACCAATCAAAAATTGATCGAGTGGTGCAGTAAGTTTGACATCCAAGCTGTAGGAGTAGGATCTCCTTGGGAACCAGTGAGTTCCGAAGCTTATGGACGTTATGAAGGGGCCGAACGTGATGCCTATTACGCAGGGCGAATTGCCATGGATGACGTCAAAGGCGAAAAGGAAGTACGCCATCTGCTGAGCGACTTAAATCA
CP120722.1_gap7	69039	71367	2328	AATTACCGAGAATGAATACGGGATCCTCACCCTCAAACATAAAAGAAAGGTGTATATCGCAGGCGGGGCCGTCCTCCGCGCACGCATACATGCCCATCACTTAAAAGATATTGAGATTTTTGGCAGAGGCATACTCGATGGCAGCACCCTCTTAAGCCGGCACCCCGAATATCATGCGGAACGGGTGGGCGAAGCCCCCGGACTTGACCGTCCCATTTTTATGGATTTCATCAAATGCAAAAACATCAAAATTGAAGGGATTCATTTCATCAATACACCGCACTGGACCTTGCGTATGGTTGAATGCAACCATGTAACCTGCAGAAATCTAAAGATGATCGGATCTGTTGAAAATTCTGACGGCATTGACATCGTCAACTCTCGAAACGTGCTCATACAAGATGTGTTCATTCGCACAGCGGATGATTGCATCGCCATTAAAGGAAAAGCCCTTCACAAACAGAAAAAAAGAAGCAATATTTCAAACATTCAGGTGAAAAATTGCACCCTGTGGGCCGACCGTGCCAGCGCTTTGGAAATTGGGCACGAAAACGAAGCGAATAAAATACACAATATCCACTTCAGCAACATCGACATCCTCATGCAACGCCTGAACACCATCGGCTACCACGCCCTCAATATTCACAATGGCGATGATGCAAATATTTATGATGTTCATTATAAAAATATTCGCGTCGAACGCTGCCAACGCCTCGCGGGAATTAAAATTTCGAAAGGATATTTTAATCAAGCCAAAGCGTATGGACGGGTGCACGACGTAAGCTTTAAAAATATATACAGTCATGATAAACATGACCTCCATCTCCATGGACATAACTCCGAACATGAAATTTCAAACATCAGCTTTGAAAATTTGTATCTCGACGGACAACCCAAAACACCAGAGGTCTTCACCAATCCCTTTGTTGAAAACTACGACTACCGCCAAGACGGAAAGATCATTGAGTCATTCAATACCCCCTTACCTCGACTGAACTTTACCCCCATAGACCTGCCTGAGCATCCACAGGAAATGCGAACCTTTCCTCAACCTGCTCACTTCTCAAAAGAACATGTACAACTGAGTGGTATTGATTTCCATCTCTCTCCCCTCCATGCCGTTGATCTAAACGGCTCTGGCGAAAAGGCACCTGTCCCCCTGCAAACCAAAGCGGATTATCTCTTTTTTCTCCAGATCTGCACGAATGAAACCAGTCCCATCGGAACCGTCATCTGGATATACAACATCATTTATGAAGACGATACCCACTGCACCCTAGCCTGCCGATATAATCTGGATATTTCAGACTGTAACACCTGGGCTTCTGGAGGCTGGATGGCCGAACTTGATAAGAAAAAAACTTATATTCAAAGTCTGAAAAACCCTCATCCTGATCTACAAATCAAAAAAATCGTTCCCAACAAAATGAACACGCCCGAACAAGGCATGTTGCTAGCCCTTTCTTTGGGGAAGAGGATCGACGCCTCCTAAGGGCCTAAAGGCCTAGGAGCGTCCCATTTTTATTTTGTGTTACAATCCCTGAACACCCTTCACTTCATCCAACAACTGATCCACCAATTCGCTCATGGTCGATGCGAACACCTTCGGTCGTAGATAGAGTGGATGATACGCTGCCCCTGAGCGATCAAGATATCCAGCATGCATTCCTGCCGAAAGCGCACCGTGGGTATCCCAATCATGCGCGGCAATCAACCGACAGGCCTCCACGGGTTGACCCAATTGCTGCGCCGCAAAGTGATATGCGCGCACATCAGGTTTAAAGCTTCCCGACCTTTCAACCGAAATCACCTCATCATACAGTTCCCGCAATCCCGCATGTTCAATCTGATGAGTCATCAGATCGAGAGATGAATTTGAAAAAGCCACCGTTTGATATCCCGCATCCCGCAGGCGAAGCAGTGAAGGTTTTATGTCTGCATGCGCTGACAAGTGGGCAAAGCCCTCCAACAACGCTTTGCGGTTTTCATCAGAGAGCCTGACCCCCATTCGAGCGGCCAAGGTATCTAACATCACTCCAGCCAAAGTCGCAAACCCTGTCTGAACATCCGTAAGCGCGCATACCGTGGATGAATGCAACAGCATCGCAAACCACGTCGCCATCATGCGCTCATCTCCAAAAGCATTCTGAAACCGAGCCTTTAACGAACCGAGGTCCAAGGTCGTTTCATTCATATCAAAAAGTAGAATCTTCGCATTCATATATTCTCTCCTATTCGATCAAAAGACCGACCACAGTTAGATCGCGACACCCTAACGCATCTCAGTCAAGAAAGCGATAAGACCCTCTCACCCTTATTCATCCCACT
CP120722.1_gap8	79855	80460	605	TTTCTACCTCCCCGTAGGATCAGCCCGCTTCGATAACGCCATCATGGAAGCCCTCTATCTGGCCAAATGGTATGCCCGGGAGCATGTGCTACTCTGCCTCATCCCCGCTTTCTTTATTGCCGGTGCAATCGCCGTATTTATCAGTCAAGCCTCCGTCATGAAATACCTAGGCGCCAAAGCCAATAAATTTCTGGCCTACGGAGTCGCCTCCATTTCCGGAACCATTCTCGCAGTATGCTCCTGTACCGTGTTGCCTCTGTTTGCCGGCATTTACCGCATGGGTGCCGGACTGGGTCCCGCAACCGCCTTTCTCTATTCCGGTCCTGCCATTAATGTGCTCGCCATTGTAATGACCGCCAGCGTACTCGGCGTTGAACTCGGCATCGCCCGCGCCATCGGCGCCATCATCTTTTCAATCGTCATCGGCGTGCTCATGCACCTCATCTTCATCAAAGAAGAAAACCAAAAAGCAAATCAGCAAATGGTAATGCCCGAAGAAGAACAGGCACGCCCCCTCTGGCAAAATGCCCTCTATTTCTTTTCCATGGTCGGCATTCTGGTTTTTGCCAACTGGGGAAAACCCGAACAAGCTACCGGCCTTTGGG
CP120722.1_gap9	117494	121380	3886	GATAGTTCTGCTGCACCCGTTAAAGATCATGGAACTTTCTCCTATACCCCAGGTAGCAATACCAATGGTGTAGGCGGGACGAACGCGCTCAGCCTCGATTGGGATGCAACCACTGCAGCTCCATCAGACAATTATCAATTTAAGCTATTTACAAATAAGAACTCTACTGCAAATTTAGCAACAACGGATGATTTATCATTGCTTAGTTTAGACTTCAGCCTTTTCGTGGCAGGACAAGTTGCTTCACCTGATCCCATTAAACTTGCGGTTTCTTTTAGCGGAAACAAATCTGCAGATAAAAACATCTCCCCGGTCAACGGCAGTTACACGAACTATTCATTCGCCTTAAGCGATTTCACCTTTGCATCAGCCCCTACACTTGGAGATATTAACGGTGGTTTACAAGTCGTAATTGAAAGTGGCTGGGACAAGGGAGATAACGTTTTCGGCTGGGATTCAGGTAACTCCATTCACTTGGACAATGTTTCTGTAAATCAAGCCATCCCTGAACCTTCTTCAGTGATCTTACTCTTGGTAGCCGGTGGTGCACTCCTGTTCTACCGTCGCAAGAAATAAATTCCTACGGTTACAATAGCCGTTCTTGATCTGGGCATCTCCACTTTCGTGGGGATGCCTTTTTTTATAGCCCTCTGAAAACTCACTCTTCACAGAAAAGTGGAATATATTTTATATATTCATTGCTACCCAGAGAGTTACCCACACACACAGCTTTGCATCCCTGTTCCCAAAATTCTATTTGCAACAGGATAACAATTGAAACCCGATAAAATGCTGGAGTAAAATTCATGTAAATACGTTCTCAAAGTCTTAAGCCTTGGGGATAATCAGTTTTAACCTCAAAACGAAAACCTCCCATGAAAACCATACCTCAAAAATACATACTCCCTGCGCTAGCCCTTGCTTTCGCTTGCGTTTCTTCGCTCTTTGCGGAAACTATCCTGTTTAATGATACTGTTCAAAACGGAGGCTCTTTCGCCAACGGCACCATTACCATTGATAGTAGCATTACTTTTCCAGATACGGGAAATACAGACACCCTCAAATGGACACCTGATGGCAGCTATAAAAGTGGTGGACTACAATTTTGGGGAGGTAAGTCAATGGTGGTACCTACAGGCACCACAAATCTTGAATTTTCTTTCTACGCTGATGTTGTGGGCTCTTGGTACTTGAACGATACAACAGTAAATTTCGATACCGGTAGCTTTAACATCGCAACAGACTCTTGGACCCTTGACGGAGCAGCAGGTGCAACAGGAAATGTCTCTGGACAAACCTGGCATACCATCAATCTGGATCTCACCTCGATCGCAAACTTTGAAGCAGGAACCTCTGTACTCAACGGGCTTGTAACGATTAAAAATAATACAGCTCTCAACCCCGTTTATATTGGTGACATCCGCTTAACCTCTATTCCAGAACCATCATCAGTGGTCTTACTGCTGGTCGCAGGCGGACTGCTTCTCTATTTACGGCGTAAGAAATAAATTCCTGCGGCCACGATAGCCGTTCTTGATCTGGGCATCCCCACTTTCGTGGGGATGCCCTTTTGTCTTCCAACCTCTCGTAAAGAGTTCACCCCGCGCAGCCACAACTAAAGCCCGAACTTTCAGCTATTCGCATCGCAGTCCCCCTTGACCCCATGCAAACTCTCCTCCATAAATAGAAGGGTTCCCCCTCCCTTTTCCACCCGATCACTCCTACGCATATGAGCACCCCCACCGACGCAAATTCATTCCCAACTCCGCCTCGTCACCAACGCCCAACCACGCTAAAGAAATTTCTTTTCGGTGCCCCCTACTATCCGGAACACTGGCAAGCTGAAGATCGGAAACTTGATGGCGAACGCATGCGCAACGCAGGGGTGAATGTCGTCCGCATGGCCGAGTTTGCTTGGGATGTCATCGAACCTTCCCGCGAAAATTTTGATTTCACCCTCTTTGATGAAACCATTGCCACCCTCGGTAAACAAGGAATCGAAACCATTCTCTGCACCCCTACCGCCACCCCTCCACGCTGGCTAACCGCAGATAAACCCGATTGGATGCGGGTGACATCAGAAGGCGTCCGCATGGAACATGGGAACCGTCAACACACCTGCACCAACAATCCAGCTTTTCGCGCTGAATCCCGTCGCATCACCCGCGCCATGGCTGAACATTATCGGGACAATTCCCTCGTCACCGGCTGGCAAACCGATAACGAATTCCACTGCCACTACACGGCTTGCTACTGCCCATCCTGTCGCAGCGGATTTCAACACTGGCTCGAACAGAAATATGGCAATATCGAAACCCTCAATGAAAAGTGGGGAAACCGATTCTGGGCCCAAACCTACGACCAATTTGATCAAATCGAACTCCCACGTCACGGCCTTTATCCCGCCCCGGGCAACCCCAGCCACGAATTGGACCACTCACGCTACCTCAGCGCCTCCATCACCGCCTTCCAAGCCGAACAAGTCGCCATCCTGCGTGAAGTAAATCCCACGTGGTGGATCACCCACAATGGGGTATTCGATAAAATCGACCACTGGACCTTTTCCGAAGACTTGGATTTTTACGCAGTCGACGTCTATCCCGGCTTCGCCGGAGTCACCGCCGATTCCTACACTTGGGGCGCACTCAAACACGAGTCCTGCCGTTACGTGAGCGGTGGCTACATCGTGCCCGAACAAAGTACGGGCCCCGGTGGACAACTCGAATACATGCACATGACCTGTGAACCCGGACAAATGCGCCTCTGGGCATGGCAGGGCATTGCCCATGGAGCCGACGGCATCCTGCATTTCCGCTGGCGCACCTGCCGCTTCGGCGCAGAAATTTATTGGAATGGCGTTCTCGACCACGACAATGTACCACGTCGTCGCTACGAAGAATTTGCCCAAGAAGGTCAGGAACTTCAAAAAGTGGGATCTCAACTTTTAGGATCCGTAAAGGAAGTTAAAATTGGCCTGTTGTGTAACTACGACTCCGAAGAAATGTTTGCCTCCCAAACCAATGGCTTCCCCGGACCCGAAGACCAAATCAAAGCACTTTTTTCCACGGCAACCCGACGCCATCTGCCGGTAGGCTTACTGGATCCACGCGACTCTTTTGACGGCATGGAAATCATCATCATGCCCACACAATTGGCCGAAGACCCTGCACTGACCTTAAAGCTTGAAGACTTCGTTTCTAAAGGCGGCTGTCTTCTCGTCACCGCGCGCTCCTACACGCGCAGTGTAGATAACCACGTGCTGCCGCTTACCTCACCCGCAGGCCTCAGTCCTCTACTGGGTATTAAACGTGAAGAAGAAGGACGACTCATTTCAGGCATGGACACCTTTCAACTGGAAGGATGCGAAAACACTACGATCCCTGCCTTTGGCGGATACGAAATCCTTAACCTTGAAGGCGCACGCACAGTGGCCACTTGGCAGGTCGGCAAACCCGGAAGACATCCCCATTACGCCCAAGGAAAATGCGGTTTCAGTCACAATCAGGTAGGAAGCGGACATGCCTTCTATTTGGGTAGTTACATCAACGCTGAAAATGCGGGCGCCCTCTACGATATCCTCCTCGCCACCAAACCCATCACTCCTTTGGCCACTGCAAACGAACTTGTGGAGATGAGCATTCGCCATCGGGATGACCGCCGTTTTCTCTTTCTCCTCAATCACACGCTCGAAACCCAAATCGTTAGCGACCTACCTTCAGGAACCGAAATCCTGAAAGATTGCCCCGTACAAGATCAGGTCACACTCGAGCCCTTCGGTGTTCAAGTGATTGCCCTCGATTGACTCCAGCCCCTCGCCCCCTACGATTTAATTCCCACAGAGACAACTCACATGAACCACAGCCACGATTCTCAGCTCGCCGAGCAG
CP120722.1_gap10	124549	128879	4330	GCCGTACAACGCCTCATGGCCGACGGCTTTGGTTTTGGAGCCGAAGGTGACTGGAAACACGCGGCCCTGGTACGCGCCCTCAAAGTCATGGGATACGGCATCGGCGGAGGCACCTCCTTCATGGAAGATTACACCTACCATCTCCACCCTTCCGGCGGGAAAGTCTTGGGTGCACACATGCTGGAAATTTGTCCCAGCATCGCCGCAAACAAACCCAGCTGCCAAATCCACCCCCTCGGCATCGGTGGCAAAGAAGACCCTGTTCGTCTGGTATTCGATGCTCATCCCGGTGACGCCATCAATGCCACAGTGATAGACACTGGAGCAGGTTTCCGCCTCATCGTAAACCCCGCAGTGGTCGAAGCACCCCCGGAAGAACTCCCCCATCTCCCCGTGGCCCGTGCCGTCTGGAAACCGCTTCCGAATCTTGAAATGGCCGCTGAATCGTGGATCCAAGCTGGAGGAGCTCACCATACCGCATTCAGTTACGATGTGGATGCCGCCCAATTGAAAACCTTTGCCAACTTGGCAAAGGTGGAGTATCAACTCATTCAATAACCCAAGAAAGCTCCACCCCTCATCCACGCCATCGAGACCGAAAAACAGAGAGAAACATCATGACATCACATACACCATTTACGTGGCCAGACGGACAACAATGCGCCGTCAGTTTAACCTATGATGACGCAATCCCGGTTCATTATGAACGTGTCGCCCCTCTGCTTACCGAGAAAGGATTAACGGCAACCTTCTACATTTGTGCTCATGGCGGCTTCACTTCAAATCCGGCTCCCTGGAAACAAGTAGCCGCTCAAGGTCACGAACTGGGCAATCACTCCCTCTTTCACCCCTGTCGCCGCGAGCCGGAAGAAAATTACAGCTGGCTCTCCCCCCATTACGATCTGTGCGACTACAGCTCTCAACGATGGACGGACGAAATGCGGGTGGCAAGCTGCCTGCTCAATCAACTGGATGGCGAAACAGACCGCACCTTTGGCAATACCTGTTGCCATACCTCCATCGGTCGCGGAAACAAAAAAAAGGATTTATCCGAACTAATCGATAATATGTTTGTCGCCGCTCGCGGTCCTTTGACCCATGAGATCGTCACCCCCCAAACCCTCTCCTTCCCTGCGCTGGGTCATTTCAGTGGAGATCGCAAAACCTTTGGAGAGATGCAACCCGATATCGAACGTGCCATCAACATGAAGGGATGGATGATCTTGATGTTTCACGGAGTGGGGGAAGGTACCCACGGCCACTATATCGAAACCGAGGAACATACAAAATTACTGAATTATCTCGAAGAAAAGTCTAAAGACATTTGGACGGCGTCACTGGTCAAGGTTGCCAAACATTTGAAAAACAACCCCTAAACACCCTAGCCCTTCCTCTTATTTAAGACTGAGGGTGTAGGGTCCTCCCCCTAAGTTATTCCGCGCTTTTGAATGCATCAGGATATTATAGCCCTCAAAGGCAGCCTTGCCGTTGTAAAACCAAATATACATGCTGCCCTCAGCTTCACTTTTAGGCGCTTCGATCTTTAAACTTTTTTTGCCCGGAATTTTCACCGTGAAGGCCTTCGCGCGATATTCATCCGTTTGTTTTTCGGAGTAGAGCACTTTCGATCCTTTTCCTTCACGCGGTTCGACCAACACTTCATACCCTTCAAAAAACCGTTCCAATCCATCAAAAGGAATACCACTGGAAGAAAGCGCACCCACGTAGGATTCGGTTTCCATGTTGTAACTTAACAGTTTTGGAAAATTCATGGCCGTGCGAAAATCAAGTTGAGGAAGCCCTTCTGGAACCACACCCACCTCAAATTCATAACTCAACTCGGCTTTGTCATTCAAATCCACGACAAATTTCAGGACCACACCATTGTCCATGAGTAAGCGCATGACCACGCTGTCGCGATTCTTTTCAATCTTTCCGTACAGCTCTTTGACCCCCGTTTCGTGCCAATCATTGTTCGCCCGAATTTCAGCAAATCGAATGGAAACATCATAACTTTGCTGATTGAGCACCGTGCTCCCTTGTAGAAACTCAACCTGGAGCCACTGCGTCTTTGGAGACAGTGAAAAACGCAAATAGCGATTTTGATGTGTGAACACCGGAGCGTTAGCCATCGCTTCTGCCTGCGCTTTTCGCCCTTGCACCTGCGATTCGGTATCTAAAGCCGAAAGGGGTACACTCACATTCCGCCCATCGTCTCCACGCAAGGTGATGACTTGATTTTCCAAACTTACAAAAGAGCCTTGAAACGTGTGACCATTCGTACTGCTCCAGGTTTGGAGCTCTTGACCAAAAAGTGGGTGAAGCAAGCAGAAACAAAGGAGGAGAATTGATCTTTTCATGTCTGACACCTTTCACTTTATTTGACGTAGATAAAAGAAAATAATGTTTTCATAAATCGAATTTTTAGAGAATAAACCTCTTTCCTTTACACCAGCTTCCACGTTGACCTACCAAGCTAAACTCCGCCATCCAAATCAAGACATGACCGTTAGGACCAAAGGGATGAAATGAACAAACTTAAAGAGCCCCAACACGCCAATCTACCCTCTCTTTTCTCTGTTATTTCTTTAGCTGTCCCGACATCCTAAAACTTCGGGGAGATTGCCCAACGGCTTGCCTAAATTGTCGCGAAAAGTAATTACTGTCATTAAATCCCACATCCATCGCAATCTCCGTAATGGTCATATCCGTTTTCAGCAAACGTTTCATCCCCTCCTGAATGCGCAAACGCAGGAGATATTCAATGGGGGATTGTCCCGTCGCTTTTTTAAATACACGCATGAAATTACTTCGGGACATATGTGCGATTTTTAGTAAATCAGCTAAGGTCCACTCCTTCGCATATTCATTCTCAAGCGAACCAATCACATTCCCCACCCGGAGTAATGCCTGCGCTTCTGTGGTTTCAGAGTGAATATAAAGACGGGAAAGAAACACAATCAGCTCAAGCAGTTTTGATAACAACGCCACCTCATAACCCGCCTGCTGCTCGAGGCTCTCTTTTTCCATCTCTTCAGCAATGCGCTCCACCTGCGCCAGCGGGATGCGTTTCAAATGAAGCAGACTGATAAAACGGTGTTGACGTCGATAGGTAGGCTCTAAAAGAAACATGGCACAATATCCCGGCAACCGCATTAACTCCTTTTCCGGCAATCCTATCGCGTCAGGATCGTACATAATGTTCACTAAATTCAACTTCTCGCGACTGTGAAAATAATGACGCTGACGCCCTTGCAACAAAAACACATCCCCTGCCGTCACCGGCGATTCTGTACCCTCAAGATTGTGAATCGCGGAACCGCTACTCACAATGGTCAATTCACAAAAATCATGATAGTGTTCGATTTCAGTCAAATCATGAGGATGCGAAACCTTTTGTCCCATATCTGTCCGAACCCGACGAACCGCCAAGGGAAATCCTAACAATCCAAAGTAGTCTTTACCAGAGGCTAAATGTGAAGAAGGAGTCATGGGACGATCGTGCTATTCTTTGGGTATATATTCAAGGCATTTTACTCCCCAATCTGGGATAGTTCTTCTTTACCCCACCTCTTTAACCCTTCGGGAGACTTCACATGAATATTGTAACTGGCGATAAAGAATACTTTAAAGGTATCGGCAAAATCCCTTTCGAGGGCAGAGAAAGCGATAATCCCTTAGCATTTAAATGGTACGACGAAACCACGATCGTGGCCGGCAAAAGCATGAAAGAGCATTTCCGTTTTGCCATTGCCTACTGGCACACCTTTTGTGGTACGGGCGGAGATCCCTTTGGTCCCGGCACCAAAACCTTTGCCTGGAATGAAGGGGCTGATGCTGATAGTCGTGCCAAAAATAAAATGGATGCCGCCTTTGAATTCATCACCAAAATGGGCGCACCCTTTTATTGTTTTCACGATTTTGACTTGGTGGAAGAAGGGGATACTTTTGCAGAATCCACCCGTCGCTTAGAAGCCATCGTCAATTATGCAAAAGAGAAACAAACCTCATCGGGTGTAAAACTCCTCTGGGGAACCGCCAACCTTTTTAGCCATCCCAGATATATGAATGGTGCCAGCACCAATCCTGATTTTGGCACCATGGCTTACGCCGCCGCTCAACTGAAGAATGCCATCGATGCCACCATCGAACTGGGCGGAGAGAACTACGTCTTTTGGGGAGGCCGCGAAGGATACATGAGCCTGCTCAACACCGACATGAAAAGAGAACTGGATCATCTCGGTGCTTTTTTAGGCATGGCGCGCGACTACGCACGTGCTCAGGGATTTAAAGGAAATTTCTTTATCGAACCCAAACCCGCCGAGCCGAG
CP120722.1_gap11	160797	164888	4091	TTAATTCCACAGTGCTTTAGCGCGAGCGCAAGTGATGGATTAAATCATCAGAAACTCGACGAACTGAAAGACACCATTCTCATGGCAAAAAGTAAGGGGATCGCAGAATACTGCCTTTCCGTTTGGAGTCCGCCTGCAGAAATGAAGTTTCCGGCAACAACCAACGGCAAAGCATGGGTTGAAAATTCAACTGGAAATATCGTTTCCTGGTTTAGTGGTATTTCGAGTGACCCGAACTACACCCAATATGCAACCACACTCAGAGAAGATAAAGAAGCGGAATATATTCAATATGTGGTCAACGCCATCACCTACCTCCATGAAAATGGCGCCGGCCTTCCTCAATCATTCAGCTTACAAAATGAACCCGGATGGACACCCGATTATGATGCCACCCATTACCATTACACTCAATATCACCGGATGGTCAAAAGCGTCAAATCCGCTTTTAATGCAAATGGTCTGGAGGATGTAGGGGTCGTCTTTGGAGACTGTAATGCTGCGGCATGGCTCCTGTGGAACTCTCACCTCTACTTGAATTATCAGTTTTCAAAGCTCGATAACGATGCCGAGTTGAGGGACTCCATTGATGTCATCGCCTCGCATTCCTATGATAATTGGACCGATGATTTTAACAATCGGGTGAGTCAGGCCGCAATGGCTGCGGATGGCATGTGGCGGAAAAAGAATGCCTACGGTTATGAAATCATGATGACCGAATGGATCCCGGACCGGGACGCGGATACCGACGGGCTTACCGGCATTCAATATACTATTTATGAAATGGAACATGTGTTACGAGACCTGCGCATCTTCCCCTACGAATATTTCATCTGGTTCACCAGTTGGGGCGTCCGCACCTACGCCACCCCCGAAATCGAAGAAAAAAGCGATTTACTGGCATGGAATGAAGGTTCGGTTGACGGAGAACTCCATAAAACCAAACTCTACTATATCTTCCAAAAATTATGGGGAGAGGTGCCATATAATGGCGGGTACCGGGTGCAATATATGACCAGCAGTGATCCGGATATTAAAGCGGACACTGGAAACATCGTCGTGAACGCATTGGCTTTTGAAGGCGAGGATAAAACCGTTGTCGTGCTGATCAACCCTACCCCCACTACCAAAACCTTTTCCCTTTCAGGTTTGGATGCCTATGCATCCGCTGAATGGTTCACCACCACCAGCACTCAGGACATGGTGTCGAATGGAACACTGATACTTTCCGCGGGAGCGACAACTCTGACCCTACTCGGTGAATCCATACATATTTTAGTAGGTTCCAACGAAACGGTAATTCAGGACCAGGTCTCATTTGATACGGTTCCTCTTTCTCTCACTGCGGGGGAAACCTATACCCTTACAGTAGATTATGCCGCTGAAGCAGACCGATTTATTCAAACAAAACTCTACGACAACAACAGCAGCAGCTGGCAAAGTGTTACCGGAGCAGAGCAAGTCCTCCATGTAAGCGCAGGTTCAGGAACACTTACCTACAATATCACCATCCCGGTAGGAACAGCCCTGGGAAACCACTATATTTGGTCCACCAAAATGTATTCAAATTGGTCTACCTCACATGGCAGTGATTCACGCAGTAACATCGTAGTGTCTGACGCCCCCAGCGTGCCCCAGAATCTTACGGCAACCCCAATATCGACCAGCCAAATCAACCTGAGTTGGGACATATCCTCCGGTAATATTCAAGGCTATGACATCATCCGTAACGGTCAATGGATTGATGTGGCACTTACCAGCACGTATACGGATACCGGATTGTCTGCTGATACCACCTACACCTACAATGTTGCAGCATTCGATGCGGCGGATAATACCTCCGCCAACTCCGCCCCGGCAAGTGCGAAAACAGATGCGCCGGTTACCCGTATCGATGCCGTGTCTTTTGATTCCCCCCCGCTTACACTTTCGGCAGGGGAGACCTACACCATTACCGTGGATTACAGCGCTGTAGGCGATCGCTTTATTCAAACAAAACTCTACGACAACAATAGTGGCAATTGGCAAAGCGTGGTTGGAGCAGAGCAAGTGCTGAATGTAAGCGCAGGTTCAGGCACCCTCAGTTACAGCATCACCCTGCCTGCAAATTTAGCCGCAGGCACCCACTATATTTGGTCCACCAAAATGTATGAAAACTGGTCTACGGCTAAGGCCAGTGATACCCGAAGTAATATCGTCGTGCCCCTGACGCTTCTCGAAGATTCCGTCTCATTCGACACCCTTCCGCTGACCCTTACAGCCGGGGAAACGTATACAGTTACGGTTGACTACACCGCAGCAGGGAACAGGTTTATTCAAACAAAACTCTACGACAACAACAGCGGCAGCTGGCAAAGCGTTACCGGAGCGGAGCAAGTGAAAAATGTCATCACAAATTCAGGCACACTCACCTTCAGCATCACCCTTCCAGCGGGAACCCTCCCCGGAACCCAATACATATGGTCCACCAAAATGTATGAAAACTGGTCTACGGCTAAGGCCAGCGAAACCCGTAGTCAGGTGGAGGTGTCCGCGCCCTCATCCTGAAAATTCAGGATAAAAGGAGTCTTAACTCAGGGCTTTCTGTGTCACCCGAAACAGGAAGCCCTTTTAATACGGAGTCCATAGGGCCTTGAAGCACGAGAACAGTCCTTCCGAAGCATACCAATTTTGGATTATGTTCCATCATTCCCTATACGAATGAGCTTCCTTATCACCCCACACAGGCTCAAACCTAACAGGTCTGCCTACGTCTCTGATAAAAGAATGAACCCTATGAAAAAATTAAAGCGAGTATTACATATCCACAAGAGACCCTCAACGCTGTGCTTGAGTCTTTTAGTGTCGGTCTTCGTATGGGGTGCATTACCAGCCCAAACCCTTGATCTTACCGGGAAATATGGCCAAACCATAAAAGGATGGGGTTTCTTTTCATACACCAGACGCATCACTTGGTGGAATGAAAAATGGAACGTCATCTATTCACCCACAGGCACAGAAGCTGTTTTCAAAGACTTAAACGCAAGTATCGTTCGTTTTAATTTGGTGCCACAGTGTTTTGACCCCAAAGCAAGTGATGGATTAGACCATCGGATTCTCGATGAATTAAAAGAATCAATCATCATCGCCAAAAGCAAGGGGATCACAGACTACTCTCTGGCCGTATGGAGCCCCCCAGCCGAAATGAAATTTCCAGCCTCTACCTACGGGAAAGCGTGGGTGAAAACGGAAACAGGTGAGGTTGTAAAATATTTTGACGGGATTTTCAGTAACCCCAACTACAAACAAGTAAAAACATCCCTCCTCCCAGACAGAGAAGATGATTACGTTCAATATAGTGTAAATACCTTGATTTACTTACGGGATCAAGGCGCGGGCCTGCCCAAAGCTTTTAGCTTACAGAATGAGCCCGGTTGGTGCCCCACTTATGATGGAACGGATTACCACTGGAAACAATATCAGCGCATGGTGAAGAAATTTAAAATCGCTTTTGATGCAAATGGGCTGAGTGAAATTGATTTAATCTTTGGAGATTGCAATGCCGCCTCTTGGCTACTTTGGAATTCGCACCTCTATCTGAATTATGACTTTAAAAACCTCGACCGGGATGAGGAGTTGCGGAATGCCATCGATGTCATCGCCTCACATACCTACGACAATCATAACGATAATACAAAGGAACGCCTCAAACAGCAAAAGATGGCTGCGGATGCCATGTGGAAGAAAAAGAAAGCATATGGCTATGAATTTCATATGAGCGAATGGATTCCTGACAGGAAATCGGACACCGCGAACCTCACAGGCATCCAATACACCCTTTACGAAATGGAACATGTTTTAAGAGACCTGAGGGTCTATCCTTTTGAATATTATATTTGGTTTACGGCTTGGGGTGTGCGCAAGTATACCGATGGCTCAAAATCCGATCTGCTGGCCTGGAATGTGGGGAGCGTGAATGGAGAACTTAAAAAGACGAAGCTCTATTACATTTTTCAAAAATTATGGGGAGAAGTTCCTTATGATGGCGGATATCGTGTGCAATATCTGACCAGCAGCGATCCGGAAATCAAAACAGGCAGAGACAATGTAAA
CP120722.1_gap12	244201	247031	2830	CTTCGTCTTCATCCGGAGAAGCTCGTAACAACCCATCCAAAAAGGCGTCAGGATCAAAACGCACCAAATCTTCTTTGGCTTCACCTAATCCTGAGAACAACACCGGAACGCCCGGCATCTCTTTTTGCACATTAAAGAGGAATCCAGCCCGACTACTGCCGTCAAGCTTGGTAAGAATCAGACCCGATAACGGAACCGATTGATGGAAAATCCGGGCTTGATTGAGCGAATTCTGCCCCAAACTGGCATCCAAAACCATCCAGGTCGCGTGAGGAGCATTCTCATCACGCTTTTTAATTGCCCGCACCATCTTTTCCAATTCATCCATCAAATGATCTTTGGTGTGCATGCGTCCCGCAGTATCAATGAATAACAAATCCACTCCCCGCGCATGCGCAGCATCCATCGCATCATAGGCCACAGCTGAGGCATCCGACCCCTGACGTCCGGACACCACCGGCACATCCAAGTTTTCACCCCACATGCGCAATTGCTCCGTTCCGGCCGCCCGAAAGGTATCCGCCGCCCCCAACAATACTTTGCGTTTTTGTTTTTTGGCCATCCATGCCAATTTCGCACAAGTCGTGGTTTTGCCAGCGCCATTAACGCCTAACAATAAAATACAGGCAGGACTCTGCGGAAAATCAAAGGGATCCGTTTCACACAGCTTTAGCTCTTTCGATAAAGATTCTTTCAGCACGTCCACCGGCGTCCGGTTGCCATGAATTTGATTTTCCTCGAGGTCCATCACCAATTCGGCCACCAAACGCGGAGGTAAATCAGCTTTCAACAACGCCATTTCCAAATCTTCTAAGGTGCGTTCATCCACCTCGACCCCGTCGCTCACCATGCCTTGGAGCGCACTGGCTAATACCGTACGGGTTTTGGATAAGGCTTTAAACCAACCTGCCATTTAGAGTTCCTCCTTCGGAATTCCTTGACGCAAGGGACGATCCAACTTGCGAATCACATTGTCCAAAATACCATTTACAAACTTACCACTTTCATCAGAGCTCAGCTCCTTGGCCAATTGAACAGCTTCATTGACCGCCACCACGGGAGGAACATCTGTGCAGTGAATCAATTCGAAAAAAGCCAGACGCAACACATTGCGATCTACCCCGCCCATTCGATTCATATCCCAATTTTCAGAATTTCGCTTAATCTCCACATCCAAGCTTTCGAGGTTTAAACTCACCCCATCAATGCGCTCCATAAAGAAGGCCCGCATTTTTTTGGACATCTTGCGACGTTTGTTTTCAAGAAATAATTCGAGAGCCTCTTCCCATGTATCAAAACGATTGTAATCACGTTGAAACAGGAATTGGACAGCCCAAAGGCGGAGAAGATGACGGTTGGGGGCACCAGAAGTGGTCATAGAGAAGAATTGAGTTGGGAAAGAAGAGAAGTCCCCGGAGGGCGGTGAAATGTAGGCAAGGCATGTATCACCGACTCGCTCCAGGCACAATACCTTTTACATGAAAGGTTTTAGAGCACAGAAGCACATTCCAAAGCTGCCAGCGCCGCGTAAGCCCCGCGACTCTCCGCTCCACTGAGGCAACGCTCTTCGGCCTGTTCGATGGTGTGAGCACTCACTACACTATCAATCACCGGACAATCCAGCGCGATGGACAGCTCGGTAAAACTTTGCGTTAAGGAGCGCATGATCAACTCGGCGTGCCGGGTTTTACCTTCCAACACCACCCCCATGGGTATCAATGCATCCGGCGTCGACGTCTTACACATCCGTTTGAGCATGACCGGGATTTCATAACTCCCCGGCACCCACACCACTTGAATATCCGCAGCCGCAACGCCATGCGCCATCAATGTATCGACCGCTGAAGCGACCAAGGCCCCCGTCAATCGAATATTAAATCGTGCCGCCACGATCCCCACTTTTTTGCCAGCCCCCTGATGGTGACCCACTGATTGATTCACGTCAGCAGGCAAACAGGGAAGCCCTTCTTCAGGATGAGGATAAAAATGTTTTTTCATAGCAGTAGGGGTTGGGATGAAAAGAACTCAATGAGAGCGCAAAACAAAAGGAGCTTATAATAAATGACCCATGCGAGTACGTTTCGTTTCCAAATAATGAGCATTGTGCGGGTTACTCTGGATCACCACGGGAATCCGTTCACTCACCTCAATCCCATTTTCCGTCAATCCCGTCACCTTGGCAGGGTTGTTGGTCAATAAACGAATGCTCTCCACCCCCAAATCTTTCAAAATCAAAGCCGAAGATAAGTATTCACGCTGATCCGCCCCAAACCCAAGTGCCAAATTGGCTTCCACCGTATCCAAGCCCTGATCTTGCAACGCATAAGCTTTGAGTTTTGCACTTAAACCAATCCCACGCCCTTCCTGGCGCATATAAAGAATAATGCCCCTCCCCACCTCTTGAACGGCTTCCATACACGCCTCTAATTGTTCACCACAATCACAACGCAAGGAATGCAATACATCCCCAGTTAAACATTCGCTGTGCACCCGCACCAGTGGCGCATCCCCTTCCGTTATATCGCCCACATACAAGGCCATATGCTCCTTGTCATCCATCGAAGAACGATAAATCCGACACTGAAAATCGCCATGCCGGGTCGGCAAAGTTATCTCACCCTCAAATTTCACTGAGCCTTCTTTTTGTTGCCTATAGTCAATCAAAGCCGCCACCGAACTCATTTTAAGGCCATGTTTTTTAGCAAAACCAACCAAATCATCCAAACGAGCCATGGAGCCATCTTCATTCATGATCTCACAAATCACGCCCACCGGACGGTGACCAGATAGTTTGGCCAAATCCACTGAAGCTTCCGTATGTCCCGCCCGA
CP120722.1_gap13	425464	429319	3855	TCAAAGGATACCCTATGACTTATGAAAAAATGACTTCGGGACTTGCGAATACACATTCTCGTTTAAAACTCCCTATCCTCGCACTGGCATTCATCTGTGCATCATCTCTTCAGGCCACAATTTTGGTTCAGTATGATATGGAAAATGCCAGCAACAGAGACGCGACATCAACCGAAGTGTCCGGACTCTCTGCATCAGATCTCACACTGAACAATTTAAATGCCAGTGGAATCACCACCCCTTCAGGCTCATCAGACGTTTTTAGAACCATTATTTCTGCATATGCAGGGGGAACGACTGCAGGAGAGGCTTTAACCGAAGGTGCAGGTGCTACGGGAACCTATTTTTATCTCACCATTACCCCTGATGCCTTAAAATCTATTTCACTTACCAGTATTTCTTTTGATACCTTTGCCGCTACGGGTGGTCCAAGTACACGTCAGGTTTATCTGTTCTCCGATAAAACAGGCATCACCGATGGAGATGAACTTATATCTGCCAGTACCGTAAGCGGATCTCCCTTAATCCCCTACAATAGTACGGCAACCGGACAAAACTTTTCCCTCGATCTATCTGGAATCAGTGCGTTCCAAAATATTTCTGATTCCGTGAACTTCCGGTTCTATACCCAAACCCCCACGGCAAGTCAGGGAATCGCCTTTGACGATATCACCATAGAAGGATCTGTAAATACTATCCCTGAACCCAGTAGCTATGCGCTCTTCTGTCTTACAGGCATGGCCTTCCTCCTGTTTAGAAGTCGCCGACAGATCAAATAAGCAGCCCTCCCTTCTTTCAATCGAAAAACCCGGATCTTGATTTCCAAGATCCGGGTTTTTCATATTTACCCTTCGAACCCAATGACAGTTCAAATACCCACCCAAAAAAGGGAGGGGGAATTCAAATCGACTTCATGCGATGAAGTCGTGCTGAGTAAAGAGCAGAGATCAATCGAATCTGTTTACATCTTTTTCGTGCCTTTCTTGATTTTTCCATCCGTGGGCCTGCCCACGAATGGAAAAATCATAAACCCACATTCAACTTTTGAGGCCTCTCAAGCAGGCTGTGCTACTCGGGCAGGACTGGACATCTATTCGTCTGTGTGAATGCATCATCCATCAACGAAAGAGCCGTGGAAGAGACTTCAAAGACTACCTTTCAACCTAGCTATATATCCTGATCAGGAGTTTACGCCCTCATAGGGACATAAAAAAGAGATCTTAAGGAATAGCTTGCGTAATCTCCACCTGCCAAAAGAGAGGACTACTGGGATTCACGATACTCCAATCAAGTGGATTTCCAGTACCGGATTTGGCCGCGCCCGCATTTACCCATCCACCCTCATTCATCAAATTGTCATTCGAAATCAATTGATAGCTATAGCCCAGAACTGAGGTATCTAAATGAAGATCAATATCTACACCATCGGGGGTAATGCTCAGGGTATGAAGCGTAATGGTAAAGTCTTCGGAAACCACTGCACTATAAACGCCGTCTAATTGAGAAACCGCTTTTACTGTCAGGGTTGCACTCACATCAAAGGGTGATGCATATTCCATATCCCCATCATCCGGTTCACTGCCATCCGTGGTATAAAAAGTGTACTCACTACCCGCACCAGGCACCACCGTGACTTCAATGGGAGTAAAGGACGTGGTTTCTGTGGATTGAATCTGGGGAGCCAGCACCTCAGCAGCGCCGGCAATAATGACGCTATCTCCCACCAGCGCAATATCATTGCCTTGATCTTCGGCAACCACCGCTCCGGCTTCATTTAAAATCGTGACACTACTGTCCGTAGAACTATCGACGGATAACAGCACCCGTTGGGTTCCACCGATCAACCATTCATTATCTGCCGTAGCGACCACGCCATTCAAATCTTGCGTTACCGTTGCAGATAAAGCCGAAAAGCTTTGGCCTTGATCTGTAGAGAGTAAAACCGTTCCTGCTTCACCCACAGCCAATATATTACCCGCAGCATCTACAGCTACCCCATTTAATACTGGGGTAAACGGAGGCAACGTGGAAGCCACCCAATTGGCGCCGCCATCGCTTGAGTAGAAAGCTTGCCCATCAAATAGATCTCCTCCTACCGCAACCCAATTGCTGCCAGTTCCTGTAAACACAATATCGTTCATACTTTCCATGCCCACGGGACTGACATCTTCCCAAGTCACCCCATTATCAGTGGATCGAAAAATAGCGTCTCCTACCGCATGCCAAACCGAGGCCCCATTACTCGAGACCGCTCGAAGGTCGCCAATAATTGCAGGAGTACTCTTTTCATCCCACACTAAAGGATCGATCGAAAAATCAGACACAAAAATAACTCCGTCAGTCCCTACCGCAATCACCGTTTGACCACTCACTCCTAAGCCAAACAAAGACTCATCATGATCAAACAATTCACTGTAGGAATTTCCTGCATCAATGGACTGCATGACTTCCCCTTCATCGGTCAGGGTCAGTGCCCCGGATCCATAAGCAATGATATCCGTAAAGCTCTGGTCAGACCCTTGTGGACGTTGCGCGAACAACCGCATTCCCCCAGTGGAGAACATCAAGCCGAGTAGAATAGTAGTAAAGAATCTCATCATGGTGCGGTGTAGTTAATGGGGGTTCCACCAGCATAACTGGTGAGGAAGGCGCTGGTATCCACATCGTAGATATTCAATGTGTTGTTCAAGAGGAGGTTGGCAATCGTGGTATTGATATATGCCACAACTGCATGATCCGAGGTGATATTGGTTCCGGAATATCCGGGTTTCACTTTAATCCCCAGCAAGGTAGCGCGCAGGATGGTGGAGCTTCCCGTACTAATAATACGGGCTAATTCCAATTCTTGAGCTTTCAAGGTCAACACCCCATTGGTCGAACGGATCAACGAATTAGAGGCTTCCATGGAAATATAACTTCCCGCTTGCATACTCAGGTTACCTGAAGCGTAGTTTTCAACCAAACCAAAGACCACCAACGCATGAGGTGAAGTAATATTGATACTGCCCGTCCCTTCTGAAATTCGGAAGTTATCGAGGAAGCTTTGTACATTATTGGGAGCGCGTAATTCGAGGGTGAGATTCCCTGTACGGGTAATGGCTGAGAATCGTGCGCCCTGCAGAACGAGACGACTCACTCCGGATAAGGAAATCCCTGTATCTAAGAGGAGTCCAATACTGCCTCCACTCTGCATCAGCGGAACGTTTCCTAAGCCTGCACCTTGTACATTCAATAATCCATCAGAGACCTGAACATCAATCATGCCCGTACCGGAATGAACCAATCGACCGGTCTGGATTAAATTACCATTATCTACGATCAACTGAATTTTTCCTGAGCCCGACGTGGTGGTAATCCCATCCACGGTGACGTCACCTTCCACTTGATAGGCCTGTGAACCCGTTGTGGACGATGCGGTAAATTCATCTGCGGCGATGGTGATCGGATTTGTATTCACAGTTCCGGCACCACTTTCAACCTCAATGCTCACCTCACCATTCTCAGCATTCACATACGGATCGGTAATCGACCCCGACTGCTGAAGGCTATCAACTTCAATCCGGATACTTCCGTTATCCGTCACCAAGCGGGTCCCTAAGGTTACCGCCGCATCAGAGATCCAGACGAAAGTACCGACACCAGGCACTACGGCCACCCCATTGTAAGAGGTCAATTCAGCTTCATTCATCTTCAGGGTCAAGGTATCGCCTGTAGATTCATTGATCAGACGTAATCCGTAACGGCCGACCACCAAATCATCGAGTTCGTAAATTTCAGTCACAGCACCTGCATCGACATCTAAGCGATCGGCGTCAGTGAGCACAGGCAAAATCGCGCCATCGGCACTCAAACGTA
CP120722.1_gap14	430882	433578	2696	TTAAAATATCCGTCGCAGAGAAAAGATTTACAATATCTCCCGCGATCGTGCCTAAGGTAAGCGTATCTCCTGTGGTCAATACCACGTCTCCACCGGCAGTAGCCCGTAGATCAGAAAGAGCCGCATCTGTTAGCACGGTCGTTCCAGCATTCGCGGTGAATTCTGTCACCGAAACTTCCACTTCGCCAATGGTCAAGGCATCCAGTTCGGTGATAAAGATTCCCCCGGCCCCGGCAGAGCCACTCAAAGTAGAAACGGCAGTGGTCAATCGACGTGCCGCCGTGCCCAGTCCATTTGCCGCCACGATGCGTAATTCCGTTGCCGTGACATTGCGGATGGTCCCGGTGGCATTGAATACAGATCCAGAAGTGGAAAGAATCGAAACTTCAGCAGCCGTCAAGGTACCTAGAGTCACATCACCATCTCCAGAAATGCGCAAACTGGAATCCATCGCTTGAACTTGGGTCAACCCGGTCATGCTCACGGCACCGCCGGCTCGTAAAGAAATAGTTCCTGCAGTGGCCGTACTGATGGTTACAACCCCTACTCCCGCAGCGATATTGTCACCCGCCACCACAGTGATGTGACCTGTTCCTGAAGAGATGCCACTGTTGACCGCCACATTTACAGGCGCTTCCAAACGTATACTTCCGGTTCCGTTAGCTTCCACCGCAAGGAAGTCCTCGTCGCCCCCATCATTCAAGGTGATGGATCCTGCCAAGGTCACCAAAACGATGTCGCCATTGAGTCCGGTCGTCAAATCAGGTTGCGACGCATCGATCACAGACGTCGTGGCCGCGGTGCTTCCTACTTGAGAAGTCGTGACCGTCACACCGGTAACTGTCACATTATCGCTTTCCGTTAAAAAGATATCGCCGGTAGCAGAGGAGGCGCTGAGGGTAGCGGCAGCAATACGTAGATGGGAAGCCGCAGATCCAATACTTTGGGCGGCAGAGATGCGCAATCCACTGGTGCTTACATTTACGCCCGTACCCGCAACTTTGCTAATCTCTCCACTGGTACTGATCAAAGAGCTGTTGGTCGCGGTTAACGTCGCCACCTGAATATTGCCATCAGCCAACAAACGTAACGATGCACCTGGAGCGGAAATCGTGGCCGTCTGGTTCATGGAAATTGAACCACTACCCGCGTCTACAAATACAGAACCACTGCCCGTCGTCGTCACATCCACATTCGCCGTTAGGTCCACCCCATTGCCAGCGATGAGACTGATATGACCTGTTCCAGAACTTACATCCTGAGAAATCGTTACTTGAGTATCCCCATCCAGCAGAATATTGCCGCTGCCATGTGCCGATACCACATCAGAAATCGTTACAGATCCTGCGAGCGATACCAATACAATCGGACCGTTACTGCCCAAAGTCTTGATGCCACTTAAGCTCGCTGCCGTTACTGAGGAAGTGGTCGCATCATTCTGAACTTCCTGCACCACAACCGCATTACTGCTCACGCCAATATCGCCCGTCGCCTGCAAATAAATGCCTCCGGAGCTGCTCACCGCAGACACAAAACTCGCGGTAACCGTTAACGGATTGATACCCGTTCCGATATTCGACTGAGATTGCAGACGAAGGAAAGTGCCCTCAAAATTCAATGTAGAACCCGCTGCATTGATCACCTGTCCATTTGTGGAAGTAACCGCTGCAGATGTACCCACTAAATTCCCCAGCGTCACATCTCCAGAACCCTGTAAGAACAGACTGGAGTTTTCAGCGCTGACCGTCGCAGTACCCAACATGGTCAATGCGGCACTCTCTGCCCGCAAATAAACGGTGCCTGTGGAAGCTGTCGTAATGTCAGCATTCACATTCAATGCCCCGAAAGCACGCAAGGTCACATGACCGCTTGCCGACTCAACATCCGCATTTGCGGTAATATCTTGCGCCGCATAAACCCGAACGTTTCCACTTCCGTCTGCAGATACCGCGATCCCATCGCTGTCAGCACCATCGGCAAGTACCACAGAACCACTACTGGCTCGTAAAACAATGGATCCATTGCTGTTGGTGCTGAGATCACTAAGGGTTTCATTGGGCATGGCCTGTAAACTACCATCTGTGATCACCCGCTGAATGGTAATATCAACAACATCAACTGTCAGCCCAATTTCATTCACCACGTTCATGCCACCCGCACCAGCTTCACCCGCAATGCGACCAACCCGTGTACGGAATGCTGAAATAGGAGAAACAGGGGTTAAGGTTCCGACACCACCATTTAAAGCAGACAACAATAACTGAGAGCCGATCACTTCCTGATCAAAGGTTGTGGAACCCGCACCTAAAATATATCCAACCAATGTTCCTATGGCTACTTTTCCTGAAGTGGTGATCCCCCCTAATTTAATCCCAGAGGCCGCCGCGATGGCCACATTACCCGTACCCGCGATAAAACGAGATTCAGCTTCGGCCATCACCGTTGATGTACTGAACACATGCAGTTGACCTGCACCACCTGTGCGCACTTCAATTTCAGTCGCCAATTCAAAACTACCAACACTTTGCAACGTAATACTTCCAGAGCCACTGGAGATATCCGCGTCCACATCTAACACATCTGCGGAGTTAATTAAAATATTCCCTGCCTGACTCGCACTAATCTCATGTCCGGCAAGCACATTGATTTCGCCCGTTACATTTTCGACCACAATGGTTCCAACAGATCCACCCGAC
CP120722.1_gap15	435880	440869	4989	CATTGCCCATGGCCTGTAAAAGCACATTGCCTCCATCCGCATCCAAGGTCATGGCCGCATTCATGGAAAGAGATCCACTCGCCGCCACCCCTACATCGCCACCCTGGGTATTGATATCCATTTCAAAAGTCGTGTTACCAAAGATCCCGGCAGAAAAGTTTCCACCGTTCAAATTAATTTCATCCTGCACCAACAAATCGCCATTCACACCCATGACCAATGAACCATCACTGCTGTGCGTCACCGGACCACTCAACGTGAGCGAACCATTATCAACGTTTACAATCGACCAACCGGACACAGCGTCTTGCGTAAGTTCGGTGATGGTCAAATCGCCATCCGCGGCTTGTTCGGTAATCACAATGTCACCAGACGCTCCGAGGTTGCGTAATTGCAATTCGCCCACCTGTGTTTTCAAATCGCCCGTGAGAATTGCACCAATACCCGTTTGAGCGGTTAAGGTTGTAACACCAGCTGTCGCGAGGTTGGTTCCATTACTGGCGTGCGTATCTGTAATCGCGCCCGTGGTGGCAACAACATCGATGTTCCCTGAAGTGGAAGCCATGGAAGTGATCCCAACATTGCCTTCAGCAGTGTAGGTGATGTCTCCTGTATCACTGGACGTTTCCGCATCGGCACCCATAGTGATACTGCCAGCAGTACTGGTCACGTCAATGGTACCTGTTCCTGTCGCCGTAAGATTGCCATTTTGATCAATGTCATCTACCGCAGTTAAGGACAAACTTTCACCCGAAATAGATCCATCAACTGTAACCGTGATCCCTTCACCGGCATCCAAAGTCACATCGCCCGTTCCGGCATCTACTGGCGCACTTAGAGTAATATCTCCACCGGCGTCCACATCTAAATCCTGATCGTTCAGAGTCATGCCCCCGTCACCACCGATGGTAATATCCCCACCACCCTGCAACAATACGGGTAATTCAGATTCAACCAAATTTTCATCAGCCAGAATACTCAGCACACCGTCGGCATAAACTTTCACCAAGGGCATTTCAGTGGAGAGCAGATTGGCAAAACTACCATCTAAGGAAATTGAAGCATTGCTGATCGCCACAATGTGGGCCGTTTCAGAGTCAAAGGTCAGATTGCCGCTTCCGTTCTGGGTGGTAACAGACACCCCGCCGGTCTCACTCTGTACACGCCCCACCAAACTGATGTCGTTTTCAGCCGTTAACCGTAAATTCCCTTCTTGAACACCCGTGGCCCGCAACGCAAGTGCGCCGGGCGTTAAGGTGCCAATGTCCGCCAGGTTTGCAATGGTGAAAGGCAGCCCTGCGCTATCCAAAGCCAACTCCATGGCATTGATCGTGGTGCTGCTACTTTGCACCTGAATTTGCAACAAGCGCACATCATCTACTTCAAAGAAGGAGGCGGCGGCAGTGCCCACGGCCAAAGAAGGATTGATGGCATAAACGACCTGAATGCCATTCTGTGCAATCCCGCCATCTTCAGCTTCCAGTATTATTTCAACTCCGGAAGGTAACTCCGTAGTTGCCAAGGCCTTCACCGGATCCGCACCGCCGATAAACGGTTGGGCGGGAAGATTAAAGACCCCGGAGCCATCATTGCCTGCAACCAAAGCTCCGGATACCGGAATCGTGCCATCCGCATTGAGGACGGATAATAAGGTCGTCAGAGTGGTGACACCACTTTGCACATTCAGCACCAGGTGACGTGGCGTCGCATCATAAACCGCAGTAGCACTGCCATCGGTAATACTACCATCATCAATCAAAAAGACTTCGATTCCCTCCAGCGAGGGAGAAGTTGAATCCGCAACTAACGTAAAATCATTGTTGGCCCCGGTAGCGGTAAAGACCACTTCGGGAGGTCCACCCGTACCACCTGCAGTGAGGGGGTAGGTCGCCAAGACCATCGAACCAAAACCATTATTGCCGGGTGCCAGAGAAGCAATTAAATCCAAGTTAGCCAAAGCGGCCATGGGGGCTTCACTTACTTTGGCCGTATTAATCGCATCACGCACATTACCGGCAGAAGCATATGAACTAAATTTAACCGTTAAAATCCGTGCCCCTTCATCATAAACCGCGTTCACGTCTCCCACCGAAATGCTTTCATCTCTGATGAGACGTATTTCGATTCCGTTTTCATCCGCGCCTGCATCATTCGCCGTAAGCACCAAATTATTATTGGTTCCCACCATGTCCAAATGGGCAACCGCATGAACCAATTCCGCACCACTGTGGGTTTTAAACACGCTGGCTTGAATCACCCCATTGCCATTATTGCTGCCACCGGTATTTTCCTGCAACAAGGCAGCAGAAAAAGTGCCTTCACTGTTAATTGCAGAAATCACCTGGTTCGCCGTGCTGCTTCCACTGTTGATAAAGACCGTTAACAGATTTGTAAACCCATCAAAACTTGCGCTTGCACCACTGCCACTTATCGATCCATCATCCACAAATACGGTTTCAATTTGATTGTAGAGCTGACCCGAAACGGTTGCCGTTATGGTGATATCGTTATGGGTCCCGATCGGTCGCAGATCCGCAGAAGATGATAAGTTGGAGACCAAGGTTACACTGGGGTCACCCAGTGCCGTATTGTAATCATCATTGACAAAAGAACCCGCTAACTCTGCGGAGAAAGGTAATGCATCGTTGGTGTTTGCATCCGTCACGGCCGTCAACAACGTGCCAATCGTGGTCACGCCATAGTTTATGAAAATGTTGAGTTTGCCATTGGGTTCGTCCCAGTCGATAAACGCTTCGTTTGCCCCATCAGTAAGATGTCCACCCGGTCCATCATCCAATAAACTGACTTCAAAGGAATTAGCCGCCACGCCGGGGTTTAATGACGTAAACAAAATGTGAAAGGCTTCACCCGGTAAAAGAATTTGTGAAATTGAAGCAATGGGTTCTAAACCACCTGTAAACACAGCGGATGCACCGACCAAAACTCCTTCACGTCGTCCACCTTCAGCAAAGAAGGCAAAGTCTTCATTGCTTGCCAACGTGAACACCTGAGAGCCGTCCATTGGACCTTCCGCTAATACCGCAGTCGCTTCAAAATCCACATTGGCATTAATTGCATCTACGATTTCCTGAAGGGTGCTCACATCTTTGCGTAAGGTCACCGTCAATAAATTATTACCAGGGGTAAAGACCGTTGTCGGAGGATTGCCCTCTGCGCCAGAGGTTTTAATGTCGAATACAATATTCAAGGCATTGCCTGCAGGACCCACATGATCAGCCACAATGGAAATCGCATTGAGAGTGTCAGGGAAGGCTTCAATTACCGCCGCCACTTCCTGCACCGTCATGGTCCCCGTGCTATTGACCGAAATCGCACCAGCCTGTGTGGTGCTCACCCCGCCTTGGTGTCCACTGAAGGCCACATCTACAGAAGCATCTGTATGGAGGGACGCCACGGAAAATCCAAGATTGGTAATTTGCAAATCACCGGTGTTCGCAACATAAACGCCACTGGCTCCACTGATTGCCGTCAGATTATCCACCTGCGTGGTCAACGGAAATAAGCCGGCAGCAATTTTTACACGAGCATTCAAAACTAAATTCTGAGCGATCACCCGGGTGACGGGTCCGCCAATTGCCGTTACTGTAATATCTGTTCCGGCAATCAATCCTACGTTTGCGGTGCTGATGATGCCGCCGTTCAACAATAAGTTGTCCCCTACCCGGGCCAATAAAGATCCGGCTGCGGTATCAATGCTACTGGTAGATGATAAAGTTAAATCCTGACCTACTTCAAAGGAAACATCTCCACCCTGAGTTTGAGATGTGCCTCCTGTCGCAAAAGCCAGATCGGCATTTGTCCGCAGGGTTACATTTCCCCCGTTAACGGAGAAACTGTCATTCCAAGTTTGTGTACCCGTTGATTGCCACAAGACAGGAATGGCTTCGGAAACAGTCAACGCGGCATCCGCGCCTGCATCCACAGTCAACGCACCGGTAATATTTGCAAACAGCCCTTCGCCCACGCCGTCGACAACCAAACGATCCCCTGTTTGAATCGTGCTAAGTCCAGGTAATACTCCCATCGGCGTAGTCGGTATGGTTTCCACACTCACCAAACCTAACGCAAGGTCTCCTGTATTTTCAAAAGCCATCACGCCGTCATTTACTGTACCTGCAAGACGAGCCACCGCAAAACGCATGGGCTGTGCGGAACTTCCCAGTGAGCCCACCTGATCGAGATAAAGTCCGTTTGCAGAAATCTCGGTCGCCGTAGTCGCGGGTAAGCCGATAAGATCTACCGCCGTCACAGCCACATCGCCGGGCGTACTGACTTCAACCAAGGTCATGGTCGCGCCGGAGGAAAGTCGAATATCCGTGGCGGATGCAATAGTGCTATCAGCCACCTGGGTTAAATGGCCGTCTGCGAGTAAAACAACGCTACCCGTGGCATTTACCGCCACCCCAGCAAGATTGCCACCCACAACCAAATCGCCACCCGACGTGATCGAAACGGGCGTTGTGTCAGCCGTGGTAATCAAACCATTGGTTGCAAAGCCTGCGGTTGAACTTACAAAAATACCCCCCGTGGCGGTTTCTGCACTCAAGGTGCCGAGTATCACATTTAAGGTCTGACGTTCTCCAGCTTCAATGCCCACGCCCGTCGCGGCCGTAAGATCCAATTGGCCCAAGGTGCTGAAGTCCACAGGCGCCTCTGCAGGATCACTATCGATAATAGAACCAGTTGCAGATGAAACCGTGATATCCCCATCGGTTGAGCGCACTTCAGAAACCGCCACCGTGTTTTGGGCATCCACATCCATGCTGCCATTTTCATTCGCCAGCAATGACGTTTCCGCCATGGTGAAAGCGGCCGTAGTGGTCAGTTGAATATTCCCTGCACCCGTGGTGCTGATTTCGCGATTCGTGCTCAAATCCAAATTGCCATTTACGATCAATTCAAGATCGCCCTCTCCAGAGGTTTTGAAACCACCCACTTGGGTGAAATTAGCTGTAGTGGAGGAAAGCA
CP120722.1_gap16	450452	452213	1761	TAGAGTTTATTGTCCACCGCGACCATTTCGGAAACGGTCCCTTTACTCAAGGTGGCCACTAAGCCACTCGTAAGCGTTGACGTATTCAGGGAGTAAATCGCATTTGTGGTCGGTGTTTTGTAAATGTAGTAAACGGTCGTGCCGTTAAGAACAAACAAGTTAAACTTACTACCTGTGATTCCCGTTTGGAGAGTCACGCGATTCAAAGAACTATCCAAGCTACTCAACTTGGGCACTTGAGTTGTGGTATTTGTCACCACATAGAACAAGGTGCTGCCAATTGAAGCCAGGTCACTGAAGGCTTCATTTGAGCCTCCTTCATCCAATAAAGAGGCTTCGGAATTACTGATCTGCCAAAGGGTGTAATTACCTTCGTTGTTATTAATCAAGACGATCTTGCCATCGTGAACGACCACTTCTTCAACCTTATCCCAATTGACCACCCGTTTTGCGGATAAGGTCTCATCCAAGCTTACGCTTAAAGAAGGAGGGGTAACATCAAAGGCCATGGTGTATTTCACCAAAGAATTCAAGGTAGTGATGGTCACCAGTTCATTGCCATCGAAGAGCTCGAAGACGTAATTCGTATTCGATCCTGACAAGGTAATATCAGATTCAATGGATGTGTTTGTAGAAGAGCGATAGTAGTTCAGTTTCAGGCTACCGTCTGCCAGATAATAAATATCATTACCTACCACCCGGAATGCAGAGCTCACATCGAGTTTTGCAGTGTTCAGATGAATGCCCGTGTCTTCCACTCCATCGGTACTGTCGTAACGCCAAATATGGGTATCTTCCGAAGTGGCATCCTCTGCGAGGAAGTAAAGCTTACCATTCAGAACAAACAACTCACGTGGGTTCGTGTAGGTGTTGGAAGAATCAATGGTGGTCAGCGCAGGTACAGTGCCCTTCTGTGCATTCACGATGCCAGATCCGCTAGAGACCGCGGTGATCCCGGAGATGGATGTAAACAGAGCCGCAATTTGAGTAGCGGTGGTTACACCAAAGTCGATGTAAATTTCAACCCGTTTGTCAGCAGGGTCATTCGTATTGAACTCAACACCCATCGGATGGTTGACCGCATCAAACTGTAAGTACACGAAGGTGTAATTATTGTAGGCGCTGGTGACCGTGAACGTCACATTATTCGTACTACCACTCGGTGCGTTGAGCGTAACCGTTGTATCTGCAGCAGTGACGGCAGGGGTGACGCCCTGGCGAATATCAAAGAGCTTGATCGTATTGTTGGTTAAGGTCGTGCTTCCATCAAAGGAAACCACATAAATGCCTGCACCCACATCATCGTCACTGGTACCCGCACCATTAAAGCTGAGCGTATCGAAAAGATCATCCAGCAATTTGATCGTAGTGCCACTTTCTACCAAGGTCAGTTCATAACTAGAGGAACCGGTGATGCCTACGCTGCTTCCTGTACGAATGGTTACGCTGCGACCGTTGAAGAATTCACCATCGCCATTCACATCTGCGGCTTTCAATACCAAGGGCTTGGTATTGCTTACCCCACCGGAGGTTACCGAAGGCAAGTCCAAGGTTACCGTGGCAGCGACGGCATCTTCACCACCCGTAAAGGTGGACCTATAGTTATCCAGTTGCAGGGCACCAATTGAAGATGCGGAAAATGCGGTGTCACCATCATTTGTAATCGCAGTTGCAATGGCACTGATGCTACTGGAGCCTGCATCAAACACCACCACCAGGGTACTGCTGGCACTCTTCCAATCAGTTGTCACTGAACCCGAT
CP120722.1_gap17	586702	590738	4036	TGCATGTTTTGCGTCAAGTCGATTGAGTTTTGAGGCCTTTTACGTCCTTTTCGGCTTCGAATCTTTACTTTTAGAATATTTTCTACAGTCTGCACGGCTGTTATGAGCATTCTCTTGAATCCGACTTCTTCATCTCGTCCTTCGTCCTTACATTCCGCATTGTGGTTTATGGGCTATTTCCTGACGGTTATGATCGGCGGTGCGATTTTGGGCGGTTGGTTGATTCGGAATGGGCTCCACCAAGAATCGGGTTTTTGGTTTGATTTTATCACGGAACATGGGCCGGCCCGCATTCTTCGTCGCTTTCAAACCTTGTTCGCCGTGGTCTTGGCCCCGTGGATGCTTCAAAAGATCGGCTGGCAAGGCGGAGGCGATTTGGGTTGGCGTTCTGCGCAAACACGGGAACAACGCAAAAATGATTTTTTGGTGTGGTTGATCATTGGCATCGTCACGATGAATATGGTGTTTGTCACTTCGCTGTGGTGTGGTGTGCGTACCTTTAGACCTTTTGACTTAGGCGTGCTCGTGAAAGCGTTGCTCCACGGATTTCTCATTACCGGCATAGGTGTCGGCATTATCGAAGAAACTTTAACGCGTGGTGTTTTGTATCGCTCTTTGGCCCGCGCGTGGTCTCCGTGGACCGCGGCCATTATTTCCAGTTTGTTGTTCGCATGGGCACATTTCATGAAAGCGACCCCCGAGAGTTTCGAACAAGGGATTTGGGCCATTGTCAATTCTTCCCTGTTTGATGATTTTGAAAAAGTCGCGGTGCCGTTGAAGTTTTTGAATATGTTCGCCTTTGGCATGGTGCTTTGTCGCTTGGTGAAATATCGCGGAGATATCTGGGCGGCCGCCGGACTCCATGCCGCCGCCGTGGGATGTATCAAAGTCTTTTCAAAAATGACGGAGTTCGATCCCGCCTATGGATACCGGAGTTGGATTGGCGGACACAGTTCTCGTTTTGATGACGGCTGGGTACTGACCCTAACGCTCTTTATCATGTTGGGGGTTATCGAGCTGTATTATCGTCACCCCGCTTCTCGTTCTCGTGTACAGCTCTGAATCCATAGGACGCTTTCAGGGAAATATTCACCCTGATTTTGATACACCCGCCATGCGTGCTTGGCTGGCAAAACTCCCCGATGTACCCGAGTGTGATGCCTTTTCTCCCAAATGCGATCATGTCCGCTGCGTACGTCCTCCCGGAAATCTTCCGCACTTGGCTTTAAAACGCTATGATCCCCCTCCCACATGGAAGGCCGTCGTCGATGAGTCTACCCATCGTGGTAGCCGTGCCCATCGGGCCTTTCAACATGCCTGCCGCTTGGTGGACAAGGGTGTGCCCACGCCAAGCCCGGTGGCCTGGCTGGAACGTAAGGAGGGGCAACGGATTCTCGAACAGTTCTTGGTGACCGAATGTTTGCCCCAGGCGCTCACGCTACGGGAAGCACTGCTTCATCATTACTACGAAAAGCCTTTGTGCTCCGAGATCATTGACCTTTTAGAGGTAAGCGCCCAAGCTGTTCGTCGCATGCACGACGCGGGTTTTGAACATAACGATCTCGGCAATCAAAACCTCATGGTGCAACGCGATGCCCAAGGGAATTGGAGTCAAGCGTGGATCATTGATCTGCATCGGGGTCGCTTTCATGACGCACTTTCTGATGCGCTTAAAGGTAAGGACAATGCCCGCATTACCTTGCCCTCTGATCTGCGTCGCATCTTCTTTGAAATGCAATTTGCTCCTCAGCTGATTCCCGATGCCTTCCGCAAAAGCGAGAAACGCACAAGGTCCCAGTATCGACTTCAGAAAAAAAGTCGCAAACTTCGGCATCCCTTTCGGCCTGAACTTTCCGTCGAAAGACGATACCCCTCCGAAAAAGATATTTGGATCTGGGACGACCGTTCGCGTCAGGCCATTCCCGCGCTCAAGAGTCGGGACAAGCGGAAATATTATCGTAAACGTGACGCCCTCGAGATTGGCAAGCTGTACCTCGCGTATCGGTCTAAAATTCAAAAAGCCTACGCTGAGATTAAAACGGAAGCGTGGACACAACCGGTGAGCATGAAGAACCGCATCGGCTTGAGCTGTAATCTGGAGCCGGATCGTTTTGATAAAGAACGCCGCTGGCTGAATAGCCTGGGTCCGCTTCCCCTGTTGGTCAGATTGTATCATCACGAAACGGAATTCAACCAACGCTTTGCCATCGATGCGATTCGAAAACTGACTGCGGAAGGCCATCAGGTCACGGTGGCGTTGGTGCAGGATCGTCGGGCGGTGATGATTCCTTCGGCTTGGCAAAGTTTTGTTGAAAAAGCAGGAGGCAGCCTCAGTGGGTTCATTGAAGGCTTTGAAGTGGGGCATGCCATCAATCGGGTGAAGTGGGGGATTTGGAATATCCCGGAATACCGTCAATTGATTGAACCCTTTCAAAATTGGAAACAGCGTTTTCCTCAAGTGCCCTTGATGGGGCCGGCGGGAATTGATTTTGAATATCCGAGAGTGTTGCCGTTTTTGGATCAGTGGCCCGAGAACAGTTTGTCCGCATTTTCGCATCATTTATATGTGGACCGGCGGGGGGATCCGGAAAATCGTCAGTCGGGATATGATACGGTGGATAAGTTGGCGCTGGCGCGGGCAATGGCGAGGGTTCATCCTGCTTGTCAGGAGCGGCTCATTGTGTCGGAAGTCAATTGGCCCTTAAGCGGCACCGACGTGTGGTCGCCTGTGGGCAGTCCGTACCAAAGTCCGGGTGTACGTCATAATGATCCCAGTGTAGATGAAGACACCTACGCTCTGTATTTAAAAAAATACCTGTTACTGTCCCTGTGCAGTGGCATGGCGGATCAGGTGTATTGGTGGAATATCGCCGCCCACGGATTTGGTTTAATTGATGACCGGGATCCGGTGTCATGGCGTCCACGTCCGGCATTTCATGCCTTTAAAGAGCTGGTGGATGCCACCCGCGACGCGACCTTCGTGAAAAGGGAAGGAGAGGAAAAAGCGTGGGAGTATACCTTTGCCAATACGCAAGGTGAATTTCGGTTGTGATGGAGGGAAGAAGAAGTCATTGGTCAGGGGGCAGGGGGCAGGGGGGGAATCGAAATCGGGATCGGTATCGGTATCGAAATCGGGATTATGTTGGCCCGACCACAGCCCTGTGCTCGCAGGGCTCGTATGCAGACTGGGCTGGGTGGGTCAGAGCTTTCGGCCCGCGGAGAAATACGAACGTCCAACATCCAACATCGAGGTTTGAACCTTATATCCGAGTAAGCATCGAATATTGCGTTGCCCGTACACCTCCGGCGCACATTATTTTTTGTTAGGTTCTCGGGGGCGTGGCCCCCGAGCTAAGTGCGTTGGTACCTCCGGCACCACTTGGGTTGTTGGGAGGGGGAGCCGCCACTTACAGGGCTCGGATTGATTTATTGGTGGAACCCGGCCCTGGCGGACCGGGCTTTGGAGAATCGCCCCGTTGGGGCTGGGTATGGGAAAAGGCGGGATGGAGAAAAGGGAATGGAGATTAAAAAATGTGTTTCATTGCGGGGTTTTGGGGAGAAACTTTTGCGTCCTTTTGCGGCAAAAAAAAGGATTAGCCAGCACCCAGGGAAATTTGTGTAGGATGAGCGATGATGAAATGGCCGTTCGAAAATAGTGGGCTTGGGTTTAGGTTTAAGATTTTGCAGCGAAAGGTCGCGAGAGGGAAAGACCGCCCCTATAGCCCCGTTTTTTGTGGGGAGGTGGGGAGTAGGTAAAGTCGGTAAGAAGGAACATTGAACGTTGAAGTGGGAATGGGGAGATATGACCGTGACCCGTGACCCGTGACCCGTGACCCGTGACCCGTGACCCGTGACCCGTGACCCGTGACCCGTGACCCGTGACCCGTGACCCGTGACCCGTGACCCGTGACTAATGATCCATGGGGCGAGATTTCCCTTGTAGCTGTAAGCAAAGTTTATAGGACAGAGGTTCTGTCCCGTCTGTGCTGTGTCCACATATTGGAGCGAAAAAAAAACCGTGATTTTGTAAGGAGAA
CP120722.1_gap18	592728	593773	1045	GAGTAAGCATCGAATATTGCGTTGCCCGTACCCCCATCCGGGGCACATCCTTTTTTGTTAGTTGTCTCGGGGGCATGGCCCCCGAGCTAAATGCGATGACACCTCCGGTGCCGCGGGGGTTTGGGTGGGGTTGGGTTGGCGATGAACATTCGCAGCGTTCAGTAAGTGACCCCTGCTTGCAGGGCGAGCTGGTATCCAAGATCACGGCAGATCGTAGTTCCTTCCCCCAATCTGAGGGCTGAAAGCCCTGACCCATCCAGTTGCGTTGCCCGTACCCCTCCGGGGCACATTATTTTTTGTTAGGTTCTCGGGGGCATGGCCCCCGAGCTAAATGCGATGACACCTCCGGTGCCGCGGGGGTTTGGGTGGGGTTGGGTTGGCGATGAACATTCGCAGCGTTCAGTAAGTGACCCCTGCTTGCAGGGCGAGCTGGTATCCAAGACCACGGCAGATCGCAGTTCCTCCCCCCAATCTGAGGGCTGAAAGCCCTGACCCATCCAGTTGTGTTGCCCGTACACCTCCGGTGCACATTATTATTTTGTTAGGATCTCGGGGGCATGGCCCCCGAGCTAAATGCGATGACACCTCCGGTGCCGCGGGGGGTTGGGTGGGGTTGGCGATGAACATTCGCAGCGTTCAGTAAGTGACCCCTGCTTGCAGGGCGAGCTGGTATCCAAGACCACGGCAAATCGCAGTTCCTCCCCTAATCTGAGGGCTGAAAGTCCTGACCCATCCAGTTGCGTTGCCCGTACACCTCCGTTGCACATTATTATTTTGTTAGGTTCTCGGGGGCATGGCCCCCGAGCTAGATACGATGACACCTCCGGTGCCGCGGGGGTTTGGGTGGGGTTGGGTCGGCCACAGCCCTTTGTTCGCGGAGCTCTCATGGGGACTGGGCCCGAACCTTCGGTCCGCGCCGTCGGCCCGCTGGATGGGTGGGGAGAAATGCGAGGGTAGAAGATCCAACATCGAACGTCCAACATCGAACATCCAACATCGAACGTCCAACATCGAACGTCCAACATCGAACGTCCAACATCGAACA
CP120722.1_gap19	595817	598304	2487	AAAAATATGGGTTCATTTGTCATAAATGTATCGCATCTGGTGCATAAACGACCTATTTCTCGAAACTTGCGGGTTTTCTCCTGCAAAAATCCGGTGAGTTTTAAACCCATATGGGGACGTCACCGGGCTTTGCTTGGAAAAATTTCCCTTTTTTTAGCTACAAGTTTCATTTATTTTTGAAATCTTTACATTTAATGAAAACGTACAGCTGCTTGCCGAAGCAGGCATGCATCTACGTCACTCAAGATTCTTTGTATTCCAACGATGGGGTAACGACAATTGACTGATTCCGCTACAAACACCCTTGATGCCTGGGAACTCGAAATCCTCGATCTGTTTGTGGGGATTTTTGAAACCTTTGGATTACCGAAATCGACGGCCATGATTTACGGCATTCTGTATTGTGCCGAAGAGCCGATGTTGCAGGAAGAGATCTGCCAAAAACTCAGCATCAGCACCGGATCTGCCAGCCAAGGACTTAAATTGCTGTCCACCATGGGGGCGGTGCACAAACAAAATGTGCCGGGACAACGTCAGAGCAGCTACAAAGCAGAATATTCCATGCGCCGTCTGTTGGCCTACGTTGTCGATGCCCAACTTCGCCCCAAATTACGCAACGGCAAAGAACGACTCTCTCAAATCCAATCAGAGATCCCCAAAGAAAACACCCACGCCCAACAACGAATACATACGCTCATGACCTGGCAGAAAAAAGCCGACCGGGCCTTGCCTGTGATTTCTACGTTGTTTGGGAATTAATAAATAATACCTAAAGTATGAAACTATTTCATTATATAAAAACACTGTACTTAAAAGAATCGATTTTCTTGTATGTGGCAAATAACCTTCCAAGATTAAGAATTTCTGACAAAGTAAGATGGTTATTGTATAAATATGGAGGTATAAATATATCTGGGCCTAGTAGAATTTTTGGGCCTCTAATAATAAGACCAATTGGAAGCGCTAGAAACATATATATCGGTTCAGGTACGTTTATAAACACTGAAACAAGGTTTGGTGCATCCAATTCTGAAATCCATATAGGAAGAAATGTAATGATTGGTCCTCGTGTCATGTTCGAAACTTTTAATCATGATATTATGTATGATTCTTTAAAAGGTCGTGGCGGAAAAGCGGAAAAGATTGTAATAGAAGATGAAGTATGGATTGCTGCAGGAGCAATAATATTACCTGGAGTGAAAATAGGTAAAGGGGCTGTAGTAGCTGCTGGAGCAGTAGTTAATAAGAATGTTAAACCATTTACATTGGTAGGTGGAGTACCAGCTAAGTTATTAAGAGAGGATACAAGGAGTTAGAGATTTCTATTAGTGTATTTATATAAAATGAAGGAAAGTTATTGAGTAAAGAAATATCATTTAAAAAACAAATGCCGCGCAATGCTGTTGCGACATTAGCGTCATTTTTATCACGTACTATTTATGTGATTTTTCTTACACCGTATTTGTTGGATAGATTAGGTCCAGCTGCATATGGTTTAGTTCCTTTAGCTGGAATATTAACACAATATGTAAGTATAATTGCAAATAGTCTTTCGGCAGCCATCACAAGGTTTATTTCAGTTGAATTACATAAAACAGATGGAGGAGATCCAAGAGTAGTTTTTAATACTTCGATATTTATGTATGCTGTATTAACAGTAATTCAAGGTTTTGGTTTTTGGTTAGTAATTCACAATGCTCAACACATACTTACCATACCTGAAGATATATTACATGATGCATTAGTATTAATTACATGTAGTTGTATAGCGTTTTGTATGGGCTTTCTAGGATCAGTATTTAAAGTATCAGCATACGCAATGAACCGAATTGATATTATATCTGGGTTGCAAACAGGTATTAATGTGTTGAGAATTGTACTAACAATAATTTTGTTCCCATTAATAGGGTCAAACTTGAAAACTGTTGGATATATAGAGTTGTCTGTGGGTATAGTTGGTTTAATTGTATATATTGTTTCCTGGAGAATATTAACACCTGATTTGAAAATATCATATAAAAAAATTGATGTTAAAAGAGTTAAACCTATTTTGGAGATGTCTGGTTGGGTTTTGGTGACGCAGTTAGGAGTATTATTAACGACAAACACTGATATATGGGTGGCAAATAAATATATTTCAGCAGATGCGGGAGGTGTATATGCTGCTACAAGGCAGATTTCATTTATTATACGACAGATAAGCAATATGGCATTTACGCTCACAGGTCCCATAATTATTACAATGTATGCTCAAGCTCAGTTTGATAACCTTCGAATATTTTCTTGTCGTTGTGTGAGATATGCTTCACTTTTACTTGCTGTTGGTACTTCTGTATTATGTATATATAGTTGGGATATTTTATATTTTTGGTTAGGAGCTGAGTACAAAAAATACGGGTTGATGTTTTCGATTATGGTAGCGCCTTTGTATTTATCTCTTTGTGTTTTTCCTATGTTTCAAATTCAAACTGCAGCTGCTAAAGTTCG
CP120722.1_gap20	718099	719180	1081	AAAAGCGTTGGATGAAAAAATCCGGGGCTGACCGAGCCGTAATTCATGCACTCCGTTCTTAAAACCCTAGCCCTATTGAAAATGAAAAATTCCTCTACGACAGAAAAAGTTTTGCGTACTACATCCGACAAAGTGAATCGCGGCATTCTTGCTCAAACGGAAGCCAATATCCGTTATTATGCTACGCATCCCGAAATGATCAGCGATCGTTTGCAGGAGCTGGATAACGAATGGGATATTGAGCGGGTGCTCGAGGCCAATGCCTCCGCGCTTTCGCTCGGTGGTATATTTCTTGGCTTGTTCCGAAAGAGATTCTTATGGATTTCGGCAACGGCGATGTATTTTTTACATCAACATGCACATGAGGGTTGGTGTCCACCACTATTTGTTTTCCGACGTTGGGGTGTTCGCACTCGCACAGAAATTGAATATGAACGTTATGCTCTCAAAATGATTAGAGGTGATTTTGTCGGGACTCGCCGTGGCAACCGGAGAATCGTGGAAAAAGTGTTGGATGCGGCACTACCTGAAGTACTCACACCTTTGAAATAGGTGATGTGACGGATTTTAAGTAAGTGAAGAGGATTGGATAGATCGTTCAATCGCGTGTTTATGGGATTCTGCGTTTGGCGTTACAGCATGTGTAAGGGTCTACAATTGCGGGTTATGCTTTTGTGTTAATCGAGCTTTGCTCAGTACGTAGGTGAACTCAGCGCCATAAAAGAACACCAACATGGAGTAATAGATCCACAATAAAAATGCGACCAGGGAACCGGCGGCGCCGTAGGCCGATCCCACTGCGCTATTTCCCAAATACAGTCCGATGCCCCATTTACCAATGGTTAAGAGGCCTGCGGTGCATAGTCCACCGATGACGGCTGCCCGGGTATCCACTTGGGTATCGGGTAAAAATCTAAACATCAAAGAAAACAGCCCCCCGATCACAAAGAGGTTGAACAGGTTGACGGCAATGCGCAACAGGTCATCTAATAATTCCCAAATTTGTGACAGGTAATTACCTAGAATCGTGATGGCCGCACTGGCAACCAAAGAAATGACCAATAAAAATCCGATACATAAA
CP120722.1_gap21	727806	732179	4373	ACCCGTATTTCAATCGAAGCTACAAACATTTTTCTTCGCATCAGCATGCACCGAATCGCCCCGAAGCCAGTGGATATGATTGTGGGGTGATTCATAATAACATATTGTATTTTGCCCATCCTCTCTTTTCGATATATCGAGGATACGGCGCGGTTCCCTATCGTCAATATATCACCCGAGTTCTGGAAAACTTTCTGGCTGAAGAGCTGACGGTCACAAGTAATTTACCTTCTACGGCGCGTTTACATTTGAATTATCAAGCGGATCAAAATCGTTACGTGTTGCATTTACTCTTTGCCAATACGGTATTGAGGGGAGGCAGCATGGAGTTAAATGGGGGAACCTTGAGTGGCTCAAAAACCGTTGAAGTCATTGAAGAATTATTGCCCTTACGCGGAACGGAAATATCCCTCAAAATGACTGCGCCAATTCAAAAAGTATGTTTAGAGCCGCAAGGTATTGAAATAGATTTCAGGCAGCAACAGGGAACAGTGTCTTTTGAAGTCGAGGAGTTCTGTTGTCACCAGATGGTGGTACTGCAGGCATAGGTCTTGAATAGCAGATTTTTTTCTCTGTTCTGAGGAGTTGTCGCCTTCATGAGGAGCTTACGCTTCTGCGGATGCTGCGCTGGTGCTTTTGGGGCTACCGTGCATTTTTTGGAGAAACCAACCGGTGAGAAACATGGCGCCGATGATGTTTCCAATAATAGCGGGGATTTGATTCCAACATAACCATTGATAAATACTGATGTCTGCGCCTAAAAACATGCCGGCGGGAATGACAAACATATTGACGATGCAATGTTCAAGGCCGAGGGCGAAGAATGTAAAAATGGGCATCCAAATAGCGAAGATTTTTCCGGGAATGGTTTTGGCGACAAAAGCCATGACCACGCCCATGGATACCATCCAGTTGCAAATAATGGCTTTGATCAATAACACGATTAAACCGGCATAACCTATTTTTTGATAGGCCAAGGTTTTTCCTTCGGCGATGGCGATGACTTTTGCGATGACAGCGGAATTTTCTACATGTCCAAATTTTGAAATGTAGATGGAGAAAAGGATCGCGTAGCTGATGCAGCCTAAAAAGTTACCGATGATGACCCATCGCCAATTTTTTAGCAGGCCGGCCATCTTGATTTCACCTTGGGTGTAGGCCATGGGCAATACCGCAAAATTTCCGGTGACCAATTCGGTACCGAGGATCATGATCATGACAAATCCGACTGGAAAAGCGAGTGCTCCTAAGAAGGGCATCGCGCTTTCAACGGCTACCGTGACGGAGAGCGTGGTGGCGATGCCTAATAATAATCCGGAATAAATCCCTCGAATGAGGAGTTGATCCAAGGGGTACTTTGATTTTTTAACACCGGCTGCGATGAGATCGTCGACGAGTTCTGCAGGAGTAGGAGGGAGCATGATTTCCGTAGGGTTCTTTTTGAATGGAGGGTCAAATAAGATAAAACATATCCTATTTAAAGAAAAAACGTCTTCCTTTTCGTAAAAACCCTATGGAGATCCTCTGAACAGGGGGGCTGGGCTAAGTGCAGTGTTCACATGAGGATTTTCGACTCTCATGCGGAAAGAGGCTACGTTTCGTAGTGAATAGGCGTTTCTTCTTATGGAGTGGGGGCTGTGTTTGGATCGGTAAACTCGGTTTCGCAGTAGAGGTTGAAAGCGGCAAGCAGGTCGTCGTGGCTATGGTGTTCGAATTCATAATTCCACGCTTCGATGTAGCGCAACCCCAATGCTTGGGCTTGTTCAAAAACGGCGGCGTAGTCTCCATTGGGAAAACGCTGAGGTTGAGTAGAGCGACCGATGACTTGACCGTAAATATCCCCAGGAAATTTTTGAATCAGCTCAAGCAGCTCCGATTGATAGTTTGTTTTCCCGGAGATCCACCACATGCCGATGCCGACCTGATGCTTGAGGTGGGGGTCGTTGAGAATCTGAGTCATGATCGTTTGCGGAATGGATACACTGCCCAAAAGTTCATGTACTTCAAAGGCGATGGCTTTGGTGTTGAAGGCTTCGGCCGTAGAGCGGATGGCGGTGAGGGAGGCCTTGGTCCAGAGGTGTTCAAAATCCTCTTGTTCGTCAGGTCCAAGATCGGCTGCGGCAAGTAAAGTTTCGTGGGGAACACCATTAAAATGTCCCTCGATACCGTTGCTGGTCATTTGGGGGACGTACACCAATTGGAGTCGCTCATCTTGATTATATTGTTGGGCCAAAGCTGTCATCAGACGCTTCAAATGTTCTTGAACCAAGGGGTCCCAATACCGTGGCATTTCCGCGGCTTGACCTCTAAACAGAATGGTAAATGTGCTGACGCCTTTATCGGAGCTTAACCACGGGGGACTGTGGGGGTGCTGGGGGCGGCGGGATGAGATTGCCTGTGAAAATTTCTGAGGTAGGTCAGAATGGGGTTCTGTTGCTATTGAGGTCCAGCCTGCATAAACGGCGAGGCTCCATTTTTTATTTGGCGGGAGGAGGCGCAGTTGTTTTTCGATGGATGAGAAGTCAAATACACCGGGTTGTGGTTCCAGTTGGGCCCAAGTGCATCGGACGAGGGCTCCATGTAGATTCGGATTTTGGACCGCGCCTGCCGTAAGCATGCTGCTGAAACAGCCCAGGGGTTTTTCAATGGTCCCGGCATCACTAAATGCAAAAAATACAAATAGGACCAAAAATAGTCGTCGAAGAAGGTGAAAGAAAGAGAGGGGAGGGAGAGCACTCATAATCGAGGAAACGATTCAGCTTGTTGTTTATTGCCTGATATTTCGGTTTTTTATGTGCAAAGCGAGGGGCAAAACGGGGACCCCATAAGGTCTCATTGTTTAAAGAAATTAAAGAAGTTACGATATGTACATATATTAAGGATAATACGTCTTCTTCTCTTTTTGATACAGATATTACATTTCGTCAAAAAAGTTACGCTTAAATTTGTAATAAACGCTTAAGAGATAATTTTTTGTATAAAATTGATTCCTATTGTAATGAAAGGTTAATGAGGTAAGTAAAAACTATATTTCAAATTTGAATCCCTTCTTGTGTCATTTTTACTCAATATTCTCTTATTTCCCCTAGATCTTCTTTTTCTCACTGTGGATAGCGTGCGGATTAGTTTAGATAAGTTTGTGTATAAATCTTTACGGGCAGAGGGGGATCAGCCTTGCATTCATTGCAAAAACCGAGACTGCGGATATCAACCCCGCAGGTTACCCTCGGGCTTGCGAAAATATAGGAACCGTTGGATAGGGTGTTGGGTACAACCCTGTGTAAATTTAAAAGCGAGGTCCCGTCATGGGTCCAAAGGAGTATGTCAACAAGACGGGTCCTTTATTCGTTATTCAAACGTGGTGCATGTTCTCGCTTTGTTGTTGCTTCTTTTTTGGGCGAGTCTGCTCTATATTTTGGTGAGCCAATTTTGACTCTAGCCTTGCCCTGACTTGTGTAGCTTCTAGGCTGTCCTTATGAAACGGGTACCCTTATTTTTATGGATTGTTGGCTTTGTCTTGTTGATGGGTCAATCAGCAGAGGCGCGCATTTGGAAAGAATTGGATGGGGTGACGTATGAGGAGAATGCTGCAAATGACGGGGATAGTTTTCATGCCAAACGGAACAGTACCCAGTACTTGCTTCGATTGTATTATGTGGACTGTCCGGAAACCGATTTGCGTTTTCCGGATCGGGTAAAAGAACAGGCGGATTATTTTGGAGTGAGCCCAGAGCAGGCTGTTGAAGCGGCGCATTTGGCGGCCGCCTACGTGGAGGAGCTCTTATCCAAGCAGCCCTTTACGGTCTACACCCGATATGCGAATGCCCGGGGAGCCAGTTCCATGAAACGGTATTATGCGATGGTGAAAGTAGGGGATCGTTGGTTGAGCGAATTGCTGGTGGAAAATGGTTTTGCTCGCTTGCATGGCGTGGGCACCGAAACACCCGATGATACTCAAGAGAAGAATTATTGGACCCGACTACGGCGATTGGAAAAAATAGCCAAAAAGGAGCAACGGGGTTTGTGGGGGATTGCGTTGGGAAAAAAAACAGAAGCAGAAGCTGAGCTGGGTGGAAAAACCCTTTTGCTTCGGCAAACGGTGGTTTATCGGACAGAAGCTCCTTTTCAGCCGGTGGGCAATTTGCCGGCCAACTGGGAGGTGACGGTTGGTGAAGTGATTCGTCCGGGTTTTCGGGTGGTGGAGTTTGTGAGTCCGGGTGGAAATCCTTTTAAAGGCATGATCCTTGAATCAGAGTTGAAATAATTCAGGCAGAAAGAGGCGTCTGTCCTGCTTGGGTGTTGGGGGAGGGGATTAAACCGTCTGGGCAGAGGGACTTTATTTATAGAAAAGGCACTTGTTTACAGATGTTGTC
CP120722.1_gap22	751367	756000	4633	GTTGTTGCTTTTAGGTTTGGCGCCGGTCTTGTTTCTATTTTCTGTTTCCACAGAATCGATGGTATTTATGGGCGGCTTACATTTGCTGATCTGGATGATGGCCGGAGGCGCGGGGGCGAAACGCTTATTAAAATCCCTTCACAACTTGAGTGGGCGTTCTTCTGCCTATTTGGTTTTGTGGTTAGGTATTTTTGTGTTGGTGTTGTTGCAAATGAGTAGCACCTTGCGTCCAATTTTAGGAAGTTCTGATCAAGTATTCACTTCAGAGAAACAATTTTTTCTCTGGCACTGGTTTGAAGGTTTTGGGATGTGAATGAGAAGGGCTGTTGCCCTTGCTGGTTCGATCTCTCTCTCACCCCCGCCCTGAATGGGGTGGGGGTTTTTGTTTTATGCAGAGGCTTTTGAGCGTTTTGTCGGAGGCAAAATGCCTTCGGGTCCGCGGGCGATGAGTTCGTGAACGGCATCGCTATAGGCGGGACCTTTTTCGCGGATGTAGTCCATGAACTGCTGGTGGGGCATGCCTTGGGGTCCGTCGGCAACATCGGAAACTTCCCGCACGGAAACCATAGGAATAGTGAGTTCACTACAAAGCAACGCCAAGGCTGCCGTTTCCATATCCACGCCCACGGCATTTTTATTTACGTGCACAGTGCTGTCCACAAATCGATCCCCGGTAATGATGCATCCCCGCACGGGGTTCGGCACAGAGTGAAGGGTGAGTTGAGGAAGGGACATGGGACAGTGCATGCTGTATCCGTGTCCGAGGGGGATGGCTTCGTCCAACTGTAAATCCCATTGTTGGGTTTCGGAGGCCATCACCATGGCTCCCTGGGGGGTGCCGTTGAGTCCACCGCAAAATCCAACGGAGATAAGCATCTCTGCAGGTTCTTCAAGCATGGCTTTGCACAATTGGCTGACTGCGAGAACTTTGCCGATTCCTGTTTGAATACTGCGACAGTTATCAGGGAGTTTCCCAAACGGAACTTCTTCGGGCATGGCATACGTGACATAGATCATGATGTAATGGTCCTCAAGGAGGTAAAGGTGTGAAGGGCTTGCTTCCTGATTGTTAAGGAAGGGGGGAGTTAATTGTTGGGAACGTTGAGCAGTTGTTTAACTTTCTCGATTCCTTCATTTCCTTCATGAATGACCGCTTTGCTACCATCGGCTTTGGAAGAGGTGTCAATAAAGAGAATGAATTCGAAAGCCTCTGGATTTTCGATTAAACCATATTTTGCAATGCCGTCTGCATCTAAAATCCAGCGTTTCTTAAGGGGGGTGAGGGTGAAGTCAATGTCACCTTTGTCGTAAAGGGTACGATAGACGACTTCGGTACAGCATTGATATGCATCATTCAGAAAATCAAATTTAAAGTCATATCCTGTGCCGACGTATTGGAAGAGGGTGATGAGTTGTTGTTCTCTTTCGGCAGGCGAAATTTTTGGACGCAACACTAACAGGCGGTTAATGTGGGTTTTCAAAAGATAATCGAGTGAATTAATGATCACGCCTTCTGCCACAGCTTCAATCACATTGGCGGGATCACCTTTTGCAGTTTTGGCTTGTTCTACCCGTGTAATTAATTCTTGTGCTTGATGTTCGGAAATGGCGGCTTGGGTTAATGCGTCATTGCTGAGACCAGCCGCACGGCGTTGTTCGACACTCCCAATAAAGGTGATGCCATGTTTAAATCCGCCGGGCAAAAAAACATCGCTCATATAACCCGCAGTGTAACTCAGTAACACATCGCCGGGTTGCAGTTTAGAGAGTACTTCGTTGATCTGCTCGTCTGTAAAAGAGGCGAGTTGAAAACTACGGGTTTTGATGCGTGCCACATCTGCAAACACGACGCCCCTGGTTTTATAGGAGCCGTGAGAGAAAGAACTCTCCATATCCGAGGTCAAATGTTCTAAATCGCTATGTCGAATTCGATTGTTGAAATCGCGCGTACCATAGTGTTGTGCATATAAAATGTAATCCACTTGAAAGCGGGTGTCCATGGCCAAAATTTCACAACGCTTGATGAGATGGGCATAGTCTTGATCAGACTTTTGTAGATGATTCAGTGTGCTATCCTGAGTATCGAGTGCGCTTTTGAACTTTTTCCATGCATGGGCGCGCACAGCATTACGATTGGGATTGGTCATGTCGTGGTGAATATAATCGTAAAAACCTTGGGGGATCTCAAAGCGCGGGTGGGCGGTATTGAGTAGCGCAATTATTTCTTTCTGGCCGTAAAACAGAGCGGTGAATCGTGAATCTGCGTAACTGATATTCAACCATGCCCCCATGCCCAGGCTTTCTCCCCGTGCGTGAACATCGGGGGTGTCCCCTTGCCCATGACGATAAAAATTGAGAAAATCCACCAGGGCGGTACGGATTTGCAAATAGCGCAGGAGCATGAATTGCGCTTCAACATTTTCAGCCAAGATATTGTCGGGATTGTCAGAAAACTGTGCCCGCAATTGAGCGGCTTCGTCGAGCAGGGCCTTCATTTCATGGGACAGAATATTTAACTGTTTGAGATCGGCCTCAGTGCGATCGAGATCAAAAGAGATGGGGGTTTGGGGCCAAGTTTCTGGAGGATTTTCGTACTGAAATCCAGACCAAGTCGTGGGACCTGATGAGGGAGGCGTGTAGCAACCTGTGAATATGAGTAGCAAAGGGAGGAGGAATAGAATGGCTGGATTTTTCAAAATGGTTTCCGTGCGGTGAGTTCGCTAGCGAAGAGTGTAAAGGTCTAAATAGGGTACAGGAAGAGTGTGGGTAGATCAAACGACATTTTAACTTCGAGGAAGAAAAAGGTGAAAAAAATCCTGTTACTTATTGTATTTGTATTGAAGTCCGGAGCAAGCCGCGAGTCTATTGTTGATTTCGTTGGCGAGGGCGGAGGTTTTTTTACCGCCGAGTCCTCCGTATTCGCTCTTGAACTGTGCTTGTTGGATACCTTCGGGGAGATCCAGAGGGTTCGGACAAAAATCGGCAATTTGCACACCCTGTTGAATCAGCTGTTGAAAGGTCTGTGCCGCGCTTGGGCTATGAGTGGCGCTGGCGGTAAGCAGAGTTCCGGCACGATCAACAGTCAGATCGACAAATGAAAACCCCGAGCCGCCATCAGCATCCATCATTTCTTTTGAGATGCCGACGGTAATGGATTTTTTTTCGGAGGAAAGGACCGCGAGGCCAGCGCTTACCCAATAGTGTTGGGATAAATCATGGCGTCCGTAGAGGGTAATGCGTTTACGTAAGGCTTTGGATTGCGAAACATAGGCCGGGTTCGTGTCCCGGCGGGCGACTTTAGCCACTTTTTCTTCTCCGAGGATGACACTTAAGGCCAGAATGGCTGCTTGGTGGTGACGGATCAATTCTTGGGCTTCGGGATCTTCCTCTGTGTACTGGAAGGCTTCGGTCATGAGCATGGCCCATCCCGCATCTCCATCTGGAATCTCATCTGCCTGGTCTAAAAGGTATGTGATGCGTTGTTGGGTCAGTTCATTGAGCTGATTTGAAATCCCTGTGGATGTACCCCAAAAGTAAAGTACTGCCAAAAAGAGGAGCAGGGCCCAAAGTGCCCAGCGGTTTCGTAACAGGACGAAGCCGAGCAAGACACCCACTATCGCGCTACAAACTCCCAGAAATACCTGCTGAGGTATGGGGAAGTTGCCATAGTGAATCCATTGGCTACTGATGACTAAAACTACGGTTCCGGCAACTAAGAGAGGGAACGATCGTGTGGATCGCCATTGTTTACAGACATAAACCAGCAGGACCCCTAAGAGGGAGAGGCCCAAGCCTTTCATGACCAGGGAGGCCAGCATATCCGCGACGGCATCCGAAACGGGTAGCCAGGAGTGAAAGAGGCTGTTGATTCGGGGAGGACCGGAGAGAGGATGGGTGGATTGGGCCGTGCTTAACAGAATCCACCACAACAACAGTGCACTTACACGGAGGTAAAACGAAAAGAGTTTGGCGGTGGAGGACATGAGCGTTGAGAAGAAAGTCTACGCTAAATCTACCTGAGAGAAGCTTATCCTAGTAAGTTATCAATGGCAGGTTGAAGATCATCGTTGATGTAGGCTTGAATTCCGGCAAGGGCGGCTTCATCGCCATCCAGCATTTCATAGGCTTCTTGTTTGAGGGTCTCGAGATGTGCGAGGAGTTTGTGTTCATCCAAATTCGCAGCGGAGACAATGCCTCTGGCCGCGTCGGTTCCCAAGGTTTTGCCACAGCTGGGATCTTCACGGGTGTCCAAAATATCGTCGGCCAATTGATAGACGGTTCCGAGGAGGTAGCCTGATTCTTTGAGGGAGGCTTCACGTTGATCGTCGCCTTTGCCGTTAATGAGGGCGGCAAAAGCGAAAAGGGCGCCTGTTTTGCGACGGGCAATGCTTTGGCAAATTTCTAATTTGGAGTCGTCCCCATTGAGGATCAATTCTTGTTCGGACTCGGCTTCGCAGACTTCGCCGGTGAGTTTAACCAGATCGTGGGTGTAGCGGCCTTCTGCGACCCGACAAATCAGGTCGATGGCTTTAAATAAGAGCAAGTCACCCAAAAGAATTGCGCCCGCAGATCCTTTTTCTACCCAAAAGGTGGGCATGCCCCGACGCAAAACACCGCCGTCAATGACATCATC
CP120722.1_gap23	864581	867868	3287	TGAAGTTTCCGGGCTTCGATTATCTGCAACACCTACAATCTTGTCTGGAAAATATTTTTTAAATCCATCCTTATCCATCCATATTTTATTTATTATTCCATTTATTTCTTCGGAAGATTTTCCATCATGTTTTAAAATTTTCCTGATTAAAACCCCAATATTACGGAACCCTTCATCAAGCAGGAACTTTTCTGTTCGTGGAGATTTTTCAAAATCTTTCAAAAGGACATTCAAGTCATTAAAGTCCTCTTCCATATAACTGCTGATTGTTTTAAGTTTGTAAAAATTTGGGATTTCCATTCTAACTCCCCATTTACTTTGAAAAACATGTATTCTCATAGGAAGAATATGTACTCGTTCGATGAATTGATAATCTCCCAAGTAGGTTCCTATCATTTCCAAATTGTATTTTAAACAAAACTCACGAAGCATATTGCAGTTTCCATCTGACGAATCCCGAACGTTTTCCGCTTCAAGCCTCCCATCATCAAAATATACCAACCAATCATTATAGGGTTCTAACCTACCTGCAAATACATAGACCCAATGCTCTTGCCCTATCTGGTCTCTAAGTAATTCAGCTGCCTGATTAAATTCTTCATTTGATAGGAGGCGTCTTCGCCATGCGATTTGTGATGTTGCTTGGACTGGAGAATGCTTATAATTATCAGTTAATGCCATTCTTCGAGCTATACTGTACCTTTTTCGAGGAACGGTAAGTAAATTGATTCTAGGGTCCGTAAGCTCAACAAGAAATAAAAGAAATTCAAAATATAAGGACATTAGGTCAAATGGAATATTTGAAATCTCCCATCCGCCTTCTTTGTCATAAGTTATATGGCTTGATAATCTCTTACCTATCAGATCGCCATACAATTTTGGCCATTGGATACCGCTTTCGAAGATGCTACGCAATTCTGATTCATTCAATACTGCTAAATCATCAGGAGAAGCTGCGTTATAAAAAACGGAGAACAGCATTTGAAAGCCATTATCCCGGTAGATATCCCTGTACTGCTTGAGTTCCTCATCAAGCTCACAAATATAATCGCACATGGTATCAACATTTACAAGATAGGCACTAGCGATTGGAGATAGAGTTTTTCCGTCATTCTTAACTAAAGCCATGTCCATACCTGGGTTTTAGGGTTTATAGAAAACTAGAACATTTAAGGTTAAAGTGAAAAGAAAAAACATTTGCCTTTCTAGGCAAGTGACCCTAAAGGCTCATGAAAGTAGGCCTTGAATGAGTTTTCCATTTCAAGAATTCTTCATATGCATTTTGGATACCATAAATTTGAAGCCAAATAGCCTGTTCTCCATGTTTCTCCATGATTTGTAACGAATCTGGTAGCAGAGGGCTATCTAAGGCTCTGGTCCTGTTTTGGGGGTATGCGTATTGGTACCTGACCAAAAACTGCTTTAAAATAATTTTGAGCGTGTGTATTCATCCCAAAAATTGTAGGCACTCCTTGTAACGCAAATGCATTCATAACCTAAGATGTCTTTATCAGATCTTCAAAATGAAAGTCGAATCATACGAACTTACACATGGTTTAATACTTAAAAAACTGATTTCGAATAGATCTCAGGTTTGTTTGAAAATTTATGAAGGCATCGAAAACGATTGTCCAACATACGTAATAAATAACGAATACAGATTTTTAATTAAATCACCGACTTACTCATACCTTGATTCGGATGGTGTACCCATAAGGCAGTATTTATTCTCAGATCTCGAACTTACATTGGGAGTAGTTTCCAAACCGTTACACAACCTGTATATTGCTTTGGTCGTAGACAATGCTCAATTTTCATCAAAGCAACTCGAAGTCTGTTTGTTGGGGCCTTCTGAAATCAAGACTTTAGCTGAAAGTGATAACAAGGCTTTGTCGAATTTATTTTTAACAAATGAACCACGATCAAGCCATTACAGCATAGATGGATGGAAGGATATTGTTGTAAAAATTGATAAAAGTGCTTTCGAGCAATGGGACCTTTTTTGCAAAGGGAATGAAGCGGTTAGTGCAAACTCAGACAAGACCTCTCCTTCAGCAATGAAAAATCCCTATTTTGTAGGTAGCTTTTATTACGATATTTTCGAATTGATAAGAGATGAAGGCCCACTAACCAAAAATGAAGTTATTGAAATTCTACATGAAAGAACAGGGAAACCTAAGGGTAGGATCGGTATGTCTGTCTCTGTTGTTATCTCTCCAAAAGAAGAAGGCGAGGGTAGAGGTGATTGTAGAGGTAGTTACTCAGCACATGGGGAGCAATATTTCGTGAAAAAAGACGCTCAAAATCGATTGATTTTGCATGAGCGCTTTCCCTGCCTTCAACCACGCATTCGAGGAAAGGTATAAATTATTATTTCTTCGCCGCGAGGGAAGTTCAGAAATATGAATTTAAGAAGACTTTCACTCAAGTAAAAATATTATAGACTATTTTTAACGGTGACTGACTGTATTCAGACCTCATTGGCTTGAGTGAATTTATCTTTCTTTTACAGTTATAGTATGCCCGTTGTCCCGTTTGCTTTACTCTTTGTCTGATTCATTGCATATTTACTCATTCACTTTTACTAAGTGTTTCTTCTCAAAAAGGGTCATCAGCAGATACCGATTAAAAACCTCAAAAAGTGTGCAAAATATTTTAGCCGTTATCGTCAGGGAACCCCTATGAATAAAGGATATTGTGTCTTTTGGGGCTTTTGTACCTCTTGGTAAATAATCCTTATCTTTAGTGAGGTGACAAAACAAAGGTTCGCAAACAAGCCCGTAGGGAACCCCTTTGTCTGAAAAATGGGTCTGGTTTTTCACTATAAAATACTTCTGTAGTGAGAATTCTCCATGAGGGCCAGATATTCAGTGTCCTGGTGTCTCCTTGTGCGCAGCGTAGCTTTTCACATGAGTACGGGGCGTTGGGATTCTCACTGCAGATTCTTCTAAATGTCTCATTGGGGATCTCCAACGCTTACGGTTCCATCTTACCATCTTGATGCGATAATATTGAGATGGACTGGTAATTTTCAGAAAAAAATAAAAAAAATCATCAGCAGATACCGATAAAAAAGGGTGCAAAGTGTGCAACATTTTAAGCCTTAAAATCGTAAATACTCAATAAAATAAGGGTTTATCCCGTTTAATGGAGGTTTGACCTCTTGCACAGTAGCGATATAAAAACAGCACGTAATTTTTTTGGGTGATAGGGAACCCTTTTTAAAGAAAGATGATTTTTACATCATCTCAAACGGCTTTGACTTAAAAAGCTTCCGAAACTAGAGC
CP120722.1_gap24	879924	880523	599	CTTCAACCTTTTGCTGACCCAGGCGGGAATGGAGCACGAAAGAACTTTGGAGATTTTTAAAGAAGCGGGGTTTGAGTGGGGATGGGAAGGTGTACCTTTTGAGCAAAGGATAACATGGCCTTCAAATGGACGGTATCCAGATGCATGTTTCGATATGTTTGTGACTAAGGGAGTGTCAGGTGAAAATCGAGTGCTTGGGGGTTATGAAGGTTTGTCAGACCATTTGCCTGTGATGTTAAACTTAACGTTTTTGTGAACATCATCGTTTACTAAATTTGAATTAAGCATCAATCCGCATTTTGTTTACCTCTTTGAGGTAATTAGTCCTAAAGTCAATTGACTCTCTAATCTTCTTTATGGATAGGAGCTCGTTAAGGCGTACAAGAAAATTTAATAAAGTTTTTGCTGGATCAACCGCAATATATCCATGCTTAGTCAACTTTGGGTAGCAGACTTTACCATTAAGCGTCACCTCATTTGAGGACGGAAATTTTTGCGCATAACCTAATTCGTCAACAACAGGATAAATTACTTTTTCCCACTCACCATTATCGGACATTGAGATTTCTGAGTAAAGCATCAAAAGAGAATCCAAACAA
CP120722.1_gap25	898756	899599	843	TATTATATTTGGTTCGAATAAAAAAGTGATTTTACATTGGTATATCATATATTTCAGAGGCTACCATCATCTTGAAATTCAAAAAACCGAAGTGCTGAACTTTTTGATGGTTCTTGATTTATTTTTTCTTCAGGGGACCAATCCAATTGTTCGAGCCAGATATTTAATTCTTTCGTTAACGGATCAGGAGTCATTTCATCTTCAGCAAGTGCATACAATCGATTACGCACCTCCGTCATTCCCGACGCTTTCACGTTTCGATAATATTGAGACTCTCTCATAACCCGTTGGATATTGTAGAGTCCACTAAGCTTGCGGCTTAGAGGGAAAGAACCCTCCATAGAATCCAGCATATATGTAAAATACTTAACTTGATCGGCCTCATCGGGGTCATGAAAGATAGGGAGAAGTAATGCTAATCGGTTTGGGTCGTTTTGACTTGGAGTTACATCATCAAAGCTTGGAGGAGTTCCGATATAATATTCTGTTCCATCTCCCAAAGGAATAGTTTTTCCATACCCCTTTGGAGGAAGCTTGTTCCTGAAACGACTGTAATCTTCTGTGCAAAGTTGAACGAAAAGTGACCATCGAGTTTCAGGCAGGGTTTCAAAGCTCTCGATGGCGGTCAGAGCCTCTTCTTGCTCCTCGTTTGAAAGCGGTTTATCCGATAGCTGTTCATCTGACCGTAGCATAGTACTATAACCAACCTCTGGCGTGGAGGGGCTTCGACAAGCGGCAATAAGTGAAAGATACAAGAGCGGTATGAAAAATTTGGGTTTCATTGTGTTATCACTTTCAAGTCAAGCGGACCGTGTACTCGCGGTTTGCTTGGACGCATTGTTG
CP120722.1_gap26	989333	991859	2526	GAGTATCGCGGTTTAATGGAGGCTGCAAAAAAAGCTAGCGAGATCCCAGAACCTGATAAGATGGAAGGGGTGTTGATTACGGAGCTATCGGGTGAATTGAATGCGGGGGATCAGGTGGTGAAAGGGAAGGCACAGGTGATGATTGAGGCGTTTTCGGAGGGGTGGCATACGGTGCCTTTGCAGGTGGGCGAATGGGTGATTTCTTCGGCGCAATTGGATGGGAAAGCGGCACGCTTACGTAAAGAGTCCTCGGGATATGTTTTGGTGTTTGAACAGCTGAAAGAAGCGCCATTCAAGCATACCTTGTTGGTTGAGTTTGCGGTGCCTTATGTGAAAACTACTGCAAATGCGGTGGAACGGCTGGCTATGGGAGAAAAAGCGCTTCGTTTTGCGTTGCCTGAAGTGGCGGTGAATCGATGGACGTTGTCGGTTCCGGATGACCAGGTGGACTTTAATTTGTCTGATACGGTGGCGGTGACCGAAATGGGCGCGACTGAAGATCCCGGTACCATTGTGGAGTTGTTTATTGCAGGTCATCGTTCATTTGAAGTGAAATGGACGCCGGAAGTGGAAGGTGCAAAAAATATGGAACCGGTGATGCAAGTGGATGTGGATCAGGAATTCGAAATTCAACCCGATCGCATTCGTAGTTTGTCTACACTGCAGTTGTCGATTGATCGGGCGCCAGTTGATCGTATGTCGTTCACGATTGCTGATGACAAAGAGCGGGTGGTAACGGTGAGCTCTCCACGTTTGAAATCATGGGCCAGTACAAGCGAAGAAGACGGGGGGCAACGGGTGGAGGTTCAGTTTCAGGAGCCGATCAAGGGGATGGAGCTGTTGGAAGTTGAATCAGAACGATATGAGGTCCCAGAGCTATGGATTGCGCCTCTGATTCAGGTTGAAAAAGTTGCACGTCAGCAGGGGTCGGTGGTGGTTGCATTGGATCGTGATTTGAAATCGGTGAATGAAAAAGTGGATGGGATGTCGCGATTGGATGTATCGCAGCTTCAGGTGGTGGCTGGAAAGAAAGGTACAGCAACATATGGGTGGGAATATCGGGCATTACCTGCCGGAGTTCAGTTGACGGTAGAAGCGGTGCATCCTGAAATTGTGGTGGTAACCACGACTTCTGTGACCATAGATCCACGTAGTCTTACTCAACAAGTTCAGGCTCAGTTTACGGTGGAACGTTCCGGGATATTCCAGCTCGAATTGTCCATTCCTGAGGGGTATGAAATGATGGATCCCCAATCCTTGTCCTCTAAATTTAAGTTGGAACGACACGAAGTGGGAGAGGTGGTTGAGGGAAGGCGGACTGTTCGTTTTGATTTTGCCCAACGCATTGATGGAGAGGTTACCTTGACCTTTGGGTTAAGGCGTGAAGATGTGAAAACAGCTTTGCAAACTCCGACGGGCAAAGAGGTGGTTTTGGAGGTGCCGGTGGTACGGGGCGCTGGGAAATACTTGGTGCGAGATTCAGGTAAAATGGTTATTGGTTCTCCGGCATTTCTGGCCTTGAGAGTGGTCGAACGTGAAGGGCTTCGGGAAGATCCATGGAATGAGTTGGCGATTCCTGCGAGCATGATGACTTTGGGGCAAGCTCAGTTAGGTTTTCGGTATTCGGGTGATCCTGTGCAGTTGAAAATTGCAGCCAAACGTAAAGAACCCTTTACGACGGTGACGCAATTGTTGGTGGTGCAGGCACAGACCGGGTTGGTGAAATTTCATTCTGATTTGTATGTGCAGGTGCAGTATAGCGGAATTCGCAATTTGCGGATCGATGTGCCGACGGAACTGAACGATTCTCTGCGTATTACAAAAGAAGATATTCGCAAGCGAGAGCTGACGGATGCCCCCGGACTGGCAGAGGGGATGACGGCTTGGTTGTTGGAGGGGCCTACTGAATTTACGGGTCGTTTTGTGATTCCCTTGGAGTGGGAAATGCCGTTGAGCGGATTGGATGTCGGGGTTCAGAAAGATGTGGTGATTCCGGCATTGATTCCCAGGGGGGTGGATCGTTCGTTGGGGCAAATCATTCTTCGTAAAGCTGAGTCGATGGATGTGGTGGTGCGTGAAGTAGGACCTGAATTAACGCCCATAGATCCACGACACGATTTGTTAGAGAATCGACAAATCCCAGATGCGGCATTGGCCTTTGAGTATCAAAGGGCGTGGTCGTTGACGGCAACTTTGGTGAGATATGAGCCAGTATCTGTGAAGGCCACCAGCATTGACCGGGGCTGGGTGCGGCAAGTGATCACGCGTGGAGGAGAGGTGTCGGTGCAAGCGTTGTATCAAATTCGCAGTGTGCGTCAGCGTTTGGAACTTCGTCTACCTGAAGATGCGGTATTTGATTCGCAACCCTTGGAGTTGAATGGTCGTTCGGTGGCGATGGAACGCGGGGGAGATGGGCAAGTTTATATTCCGCTGACCGGCTTTAAAGCGGATGAAGCGGTGTTGTTGGAGTTGCGCTACAGTCTTCCGAAGGGAGGAGAGGCCTTACGTCTTCCGCACTTTCCTGAA
CP120722.1_gap27	1078453	1083311	4858	GAGGGTTATCCGGGTGATGGATTTTCAGAGAGGAGGGGCTGCCGTCGTGAAGAGGCTGGTAAAAATTATCAAAACTCTGGATGCCGGGGAAGAGTTGGGGCGCAAATTTGCAGAAGTGTACCATGAAGCAGGTGTCCCAAATCCAAATGGTTTCGGTGGAAAATGCTTCATCCATGTAGGGGGAGGCTGGCGCGCCTTCTCTTTCAATCACATGATCCCATGCCAGCTCCCAAGCCCGCCAATAGAAGGAAACCCAATCGGGGTTTTCATCAAAGATGGGTTCAGGGATGGCGGAGCGGTCAAGGAGACGTTTAGAGGAGCCCATAATAGTCCAGTGGTGTATGCGTCAAGATGCGTTGAAGGGCGTGGGACTTAGCGTCCAATCTTTTTCCAGATGGGATTTAGGGGAACTACTTGTTGTTCACGGGCGGCCTGATCGAGGGCAATGGCTACGATGGCGCTGCGCAAGCCTTCTTCACCGCTACACAAGGGGGCTTCCCCGTTTTGAATGGATTTCAAAAGTGCGCCCATGATATGCGGATCTCCGCCACCGTGTCCACCGCCGGGATAGGTTTCGATGGTTTCTTCTTCGTCTCCCAGTCGACGATATTGCAAACGGCCGGTGTACAGTTCGCCGATGATGGTTCCTTCAAGGCAGGAGATAAACATCCGGCGTTCGGGGATGGCATTGGAGGTGGTGATCTGAAAGGTGACTTGAATATTATTTCGATAGCTCATCACGGCCCCCATGGTATCCATGATGTCTTTTTCAGAAGTGAAGGGAGAGCCGACGGCATGGGGATCTTCCCAGTTGAGAAAGGTTTCAGCCCCATATTTTTCCATCAGGCCTTCATTTTCGGGAATAAATACGGTGTTGCCACCGAAAGCGCTGACTTGTTTGGGAATGTCGTTGCAGAACCAATTGAGCACGTCGAGGTCGTGGCAGCATTTTTCCAAGACGTGGGGGCCGGCCTGGTTGGTGAAACGGCGCCAGTTGCGCATGATGTATCCGCCATGGCCGGGTTTGATGTTCTCCGAGGCGCCAATGCTAATAATGGGTCCGAAATCACCACTGCGGAGCAGTTTGTGGATGGCTTGATAAAGCGGGGCGTAGCGCAGTACAAATCCGGTGGCAAAAAGCAGACCGGAGCCGGCGTGGGCCTGTTGGATGGCGACGCAGTCTTCAATGGACGTGGCCAAAGGTTTTTCGGTGAAAACGTGTTTCTTTGCCTCGAAAGACTGCAGAATATGTTCGGCGTGAAAGGAGTTGGGGGAAAATACCATTACCCAATCGACACCGGGTGTTTGAATGGCGGCGAGGGCGGAATCCGCCTGGACCGCATCGGCTGCGGTCCAGGTTTCTTTTGCTCGGCGAACCACCTCGGGATCGGGGTCGTAAATGCTGACGATTTGTAATGTTTCGTCGGCAAGTTCAAGTAATTGACGTACGAGTTCGCGGGAACGATTCCCTGCTCCGATAACTGCAATTCCTGTCATAATAGATCTCTCGATTGAGGTGGGGCCGATAAGGCTTTTGGATTAAAGGTTGTAAAGTGCCTTGATCTCTTCTGGAGAAAGTACGCGATTGTAAACACGAAACTCGTCTATTACGCCTTCAAACGCATGGTTGTAATCCGACCCAATTTGAAGATTTTTCACATCTCCGGAGGGCATAACCATCATGGGATCGCCTTTGCCATCAGGGGTGTAGGAGCCTTCTTCGCCGTTCACGTAGATGCGAACTTCGCCGTCAGTAAAGGTTGCGGCCAAATGATACCAGACATTTGCTTGTGAGGGGACGGGAGCCACCATGTATAAGGTTTGTTTTTTCTCGCTGTCCCAGAGCCATACCCGGATTTGGTTGTGGGGGGTAATGGAAAAGTAGAAACTATTCTGGTTCCAGCCACTGCCGGCAATGGCCTTGACCAAAATGAATCCTTCATCACTTTCTTTCCAGGACATGTTCCGTTTGGCCCAAAAAGCAATGGTACCTTCCTGAATGTTGAAATTGTCTTTACCGGGGTAGTACAAACGGGCGCTGCCAGTCAGTTCGACGCCGGTTCCTGATTTACCTTCTACCAATTGGGTGCTTTGATCTTTGGTTGGGGTTTTGACACCTTCCGCCGTGGTGGCTTCCATAGAGCTGTCCCAGGGGATATATAGGGTTAGACCTTCTTGCAGTGCCTCTGACGCAAAAGCATGATTCGAAATAATGGCAATAAATAGAAGAAAGGATAATTTTTTCATGAATGCTCCGTAGGGTTAAAAATCGGCTTTTGCCGAATACGTAATGTTTACGTAATATGGAACTATATAGTTATTACGGTTCATTGTTCAAACTAATATTCTATTTTTGTGTTTATTTAAAAACTTAAAATGCTATAGAGTTCCATATCGCAATTGTTTATTAACGTATTTTTAATGTGAAGGATATTTGTTCTTTCGGCGGATCACCGGGGTTGTTCTCAATCTTTGTTGTTGTTCTGAAAGGTCGTTACCCTTTTAATAACTCATCTACACTTCTTATGAAAAAGACTCTTTTTACCTCCTGCCTGTCTTGGTTTCTCTTTGTTTGTGTCTCCGTTTTAGGGGATGTCGTGGCGTTATCGGATGGGTATAAGGCCTCATTGGCGGACAGTTATCGATTGGAAAATGAACAACGTAGGACCTACAGTCTTAATGGGGTGTGGAAGATCGGATTGACCGAAGTCATTACTGAGCAGCCTCCGGCAGCAGAGGATTTCGGATTTGTGGTGGTTCCTTCGTCGTGGATGAACAGCACCGAATTTCCAATTACGGGAAATGATGGATTTGAATCGGGGAGTTGGAGCGGGACGAATCAATGGAAGGGCAAGAAATTTGCGGAGTACCCCAGTGCTTGGTATGTGCGTGAATTCGATAGTCCAGAAGTTGCGGACGACGAAGAGGTATTTTTAAAGCTTGATCGGGTGACCATTAGTGGAACGGTTTTGCTCAACGGCCAAGAAGTGGGCCGTTTATCGGAGCGTGAAGATGTTCGTTGGAATGTTACTGATATTTTAAACAGGGATGGGCAAGCGAACATCCTACAGGTGCGGGTAGACGCCTTGTTGTCCAAAAGTGTGAAAGCGTATTTGGGCGGTGACGAAACGGTCATGATCAAAGCGAAAGCCCAATTGCGGGGGATCACGGGTGATGTGTGGTTGCAAGTTGAACCTGCGGGACCCACCTTGCAAAATATTTTTATCACCACGTCTACTCGTCAGAATACCATCACCTTCGCGGCGGAAATTTCCGGCGGGGCGTCGTCGGGTGGCCCTGTGGATTTTGTGGTGGATGTTTTCGACAAAGCCAGCGGTGAGAAGGTGAAAACCTTTCAGAAAACGTTGTCGGCGTTGCCGGCAGTGGGTCAGTCGATTTCCATGACCCATGCTTGGGCGGACGCTACACTGTGGGACACGGATCAACCTCATTTATACACGGCAGTGGCTTCGTTGCAATCGGGAGCGCGCGATCTCGATACGACTTTTCCTGAAACCTTTGGTTTCCGGGAAGTGTGGATTGAAGGTCGGGATATTGTGCTGAACGGGAAGCCGTTGCATTTATTCAGTTATCATGCGCATGCGCACGACACCTTTGTGAATGCAGCCCGCAAGGTTGCGGAAGCTGAAATGGATGCGATGACGGCAATAGGGTTCAACTCGATTCAGTTGGGATCCGAAGGGACTTCTTCTGATGGGCGTTCCGCGCAATATTATCAGGATGTTCTGGAGCTCACCGATGCAAAAGGGTTACCCGTGATAATGCCTATTTATCCGGTTTATGCCTACGGCTGGGAGGATCCGGAGCAGCAGGAGCGGTGGACGGAACACATGCAGGCATTGGTGAAGCGTTACCGGAATCATCCTTCCTTACTGGTGTATGGGATGAACTTCAATTATCTCGGATACGGTTGGGATATGAATCCGCATACCTGGGCCAGTGGCTATCAGCCGCCGGACACGATTAACAATTTAGGGAATAAACGGGTGCATGCGGATGACAGTGTCGCGCGTTTAAAACTGATCGATGAATCCCGTTTGGTGTATAATCACGCCAGTGGAAATTATGGCGATTTCATCACTTCCAATTTTTATCCCTGCTGGCCTCCCTTGCAGGAGCTGGGGGATTCCCTATCCGGTTGGGCCCAAACAGGGACCAAACCGATGATCTTTGTGGAGTTGTCGCTACCGGTGTATATTCTCGATCTTATGCGGGCCCGTCAGGGGAATTATATGGACGTCCGTTATTCGGAAGTGTTGGAGGCGGAGTATCTCAGTGAAACTTTGGGGGCGGAAGCGTATGCATTGCAGTCGGATACGTACCTGCAGTTAATCAGTGATGGGGCAACCCGTGAAAAGAAAGCTGGTTCAGACAAGTACAATGTGAATCAGTCCTATATCTGGAATTATGCCTTGCGTTTGCATGAGCCCCTCACGACAGGCATACTGGCCATGCGTCCATCCTTTTTTAAAGATTGGCGTAGCTACGGTCTTACGGGATTTTCACCCAACAACCGTCGGTTTATGGAATATTATGGACGTCAGTTCGAGCCATGGCAGGGACCGAAGGTGAATTTCGAGTATGATGATCTCACGGCACCGGGACCTAAACCGTTCACGCATCATATTCCACAAGATCTCGAAATCACATTGGTGGGAATGATGACTCAGAAATATCTGCGGCCGGTTTTGATCTATTTTGGTGGCGATGCCGAAGAGGGCGTCAGCTCCAAGGATCATGCTTGGTTTAGTGGTGATCAGATTCATAAACAATTGGTGGTGGTGAATGACGCCCGTCAGCATCTTTCCTCTATGGTTCAGTGGCGCATGGTCGACCT
CP120722.1_gap28	1149135	1149755	620	ATTGCACGTGGCGAAGATTCTTCTGCCATTGGTTCTGACAACTTGGCTACCGCTGATCGTTCGACTGCAACGGGCTCAAGTAACATCGCTCGTGGTGAGGATAGTCTTGCAGACGGTTCTGACAACTTGGCAAACGCTGATCGTTCAACTGCGACCGGTTCTAGCAACATTGCTCGAGGTGAAGACTCCACAGCCGTGGGATCTGACAACTTGGCCAATGCTGATGATTCAACTGCGATGGGTTCTAGCAATAGTGCAACCGGTGAAAACAGTTCCGCTCTTGGTTCTGACAACATCGCCACAGGTGATGAAGCAACGGCGGTAGGTTCCGGAAACTTGGCTGACGAAAACTTCGCGACTGCGGTAGGATCCGACAATAGTGCAACGGGCTTTGAGTCCACTGCGGTAGGATCTGACAATACTGCCTCTGGAGAAGACAGCAGTGCCCTGGGTGCTGACAATATTGCTTCTGCTGATGATGCCACCGCGGTGGGTTCAAACAACGAAGCCTCTGGTATCGACAGCATTGCTGCCGGTGCAGACAACGTGGCCTCCGGAGAGAACAGTTCCGCTCTTGGTTCTGACAACATCGCCACAGGTGATGAAGCAACGGCGGTAGG
CP120722.1_gap29	1151481	1152276	795	AACAACTTCGTGGATGGATTCGAATCCACTGCGGTGGGATCTGACAATATTGCGGATGGCTTCCAAGCGGCTGCAGTAGGTGCGGATAACATTGCGGATGGATTTGAAGCAACTGCGGTGGGCTCTGATAACATTGTCGATGCAGATGAATCCTCAGCCTTCGGTAATGACAACACTGTTCTCAGTGATGAAAGTGTTGCCGTCGGTGAAAACAACTTCGTGGATGGATTCGAATCCACTGCGGTGGGATCTGACAATATTGCGGATGGCTTCCAAGCGGCTGCAGTAGGTGCGGATAACATGATCGATGGTGATGAATCCTCTGCCTTCGGTGATGATAACACTGTAGAAGGTGATGAAAGTGTCGCGGTTGGTACGGATAACATTGTCGATGCGGATGAATCCTCTGCTTTCGGTAATGACAACCTTGTCCTCGGTGATGAAAGTGTTGCGGTCGGTGAAAACAACTTCGTTGATGGATTTGAATCCACTGCGGTTGGTTCTGACAATGTTGCAGATGGCTTCCAAGCGGCTGCGGTAGGTGCGGATAACGTTGTGTTTGCGGATGAATCCTCTGCCTTCGGTAATGACAACACTGTCCTTAGTGATGAAAGTATCGCGGTCGGTGAAAACAACATCGTTGATGGATTTGAAGCTACTGCGGTTGGTTCTGACAATATTGTATATGGCTTGCAAGCGGCTACGGTAGGTGCGGATAACATTGTCGATGCAGATGAATCCTCAGCCTTCGGTAATGACAACCTTGTTCTCAGTGACGAAAGTGTTGCCGTAGGT
CP120722.1_gap30	1244723	1247672	2949	CCGGAGGGGCCCACAAGTCCCACCATTTCTCCGGGTTCCAATTCTAGCGAAATGTTTTTGAGCACCTGCCGGACGCCATCATAAGAAAAGCGGATCTGTTCCAGCTGAATTTTTCCTGCCAGGCGGGGGATCTTGATCTGATCCACCGTGTCGGGGATATGGGGTTCGGTATCCAGAATTTCAAAAATACGATGGGCGGAGCTGACGGCTCGATTCATCATGCGGGTCATTTGCCCGATGGTTTGTAAGGGCTGCATAAACATGCCGGCGTAGAGCAGGAAGGTAACGAAGGTGCCGATACTGATGGCGGGTAGGGTATCTCCGGTGAGACGTGGTAAGGCAAAAAAGTAGACGGCCAGAGAGATGCAGTGGAAGCAAAAGGTTAACGAAGGCCAAAAGCGGGTCCACACCTTATGTACCTGAGTAAAGGCATTCAGGCATTCGTCATTGTGATGCAGAAAGCGTTTGGTTTCGCGGTTTTCCTGATGGAACGCTTTGACCACCCGAATGCCGGGAATGGTGCCGGAGAGGACGGAGGTGAGGTCGGACCATTTACGGAAGGCTTTGAGGTAGATGTACTGCATTTTTTTGCCGTGCATCACAAAGGAGGCGAGAATGAAGGGGACCGGAAGGGTAAGGATAAGACCCAGTCGCCAATCTAAAGCCAGGAGGACGGTTCCCAAACCGAGAAGCATGAGGATAGATAATGCAACCTCGATTACACCAAAGGCGATGAAGTCCCAGAGTCGATCCGTGTCGGAAGAACATCTGGAAATGATCGAGCCTGTTTGTTTTCGAGTGAAAAACCGAAGACTGAGGGTTTGTAGGTGGGCGTAGACTTGGGTGCGGATATCGTGGGCGACGTGTTCGCCCATAAAGGCCATTCGTCGGAGGCGTAACCACACGAAAAAGGTGTGTAACACATAGGCCGCTCCTAAAATGCCCATGTAGGTCCAAAGTCGAGTGATGGGCATCCCCTTTTGAATGCCGTCGATCATCAAACCGGATATACGAGGTGGAATGAGGGTCAGGGCGGTTAAAAACACTGCGGCCATACCTCCCAGCCACAGATCTTTTTTGTAGGGAAGCAGGTAGGAGAGTAATCGCCAGATGACCGCCATTTGATTTCCGCGAATCGTCGCCTGGGCATTTCGAATGGGTTCCGCGAGAGCGTCTGCATAGGCTTGGTCCGCAAAATCGGGGTCGCTTGACGACGTTGCATTCTCTTCTTCGAGCACGAGTTTGATATTTTCCATGCAGCGCTGCTGACGTCGACTGAAACGAATTTCTGCCAAGGGAGTTGCATGCGCATCGTTACCGATCAAGCGCCAGCGATAGCCACTGAGATCGGTGCTGACGATAACCTTGGAAATCTCGACACGGGGAATCAGGACGTGGGTGGCGGCTTGTTCGCCGGGTTGGATGAGGCAGAGATCTTTACTCCCCAATAAAACCCATTGATCTCTTAAACGGTGTTCGTGGTTGAGATCTGACAAGGCGTAAAGAATAAGATCCTGATCTCCCCAAATGCTGGGGAGGTTCTGGCTGATCTCAGGAGGAAGACGAGAAGGTTGAGCGGTGTAGCTCTCGATCAGACGCTGGTTGAGGGTGGTATTCATTGGAGACGCAACCCCTACAGCACTCAAACACAGATGGAAAATATAAAGATTCTAATTCACGTGACCATCGCCGAAGTCACAAGTCACCGTTGAGGAATCATCTATAACCGTGATGCTATAGTTTCCACTTGCAGGGCAGGTGGGGCCGGTATTTTTTGAGAAATAGTCGGTTAGGTCTAAAAGGTCTATCTCGGTTACGCCAACATTTTCCATAAGGTAGCGTTCGGCTGAATTTTGAATAATCCGCAGATTATTGATGCATACCGTTCTCCGTGCTTTGTCTCGGGATTTACGGTATGAAGGATAACTAATCGCTGCAAGTAAGCCGATGATCATGATAACAATCATGATCTCAACCAGGGTAAAGCCTTTTTTCTTATACTTCATTGAACTTAATGATTTACTCTTTTGAGTAAAAAATCAAGCGATTATTCGCCCTTTCATAGGACGAATTTCACGTTTATTACATTTGAGATAGGTAACTGAACTTAATCAGCTAAAATATCTTTCTCTTTTGCGGCTAAGGCGTCATCGACTTCTTTAACGAATTTGTCGGTCAATTTTTGTACTTCAGACAGGTTTTGATCGCGGTCATCTTCGGTAATATCGCCTGCTTTCTCGAGGCTTTTGATGCTATCGTTTGCATCGCGGCGAATGTTTCGGATGGCGATACGTTGTTCTTCAGCATTGCGGCCTGCAATTTTGACCATTTCTTTGCGGCGTTCTTCACTGAGTTCAGGAACAGGAATTCGAATGATGCGTCCGTCATTCATGGGAGTGACTCCAATGTTAGCGGCGAGGATGGCTTTTGTGATTTCGCCTAAGCATGAAGGGTCAAAGGGGGTGATGACCAAAAGACGGGGTTCTGGAATAGAAATATTTCCCAATTGTTGAATGCGAGTGGGGGAGCCGTAATAGTCTACGGTAATTTTATCCACCATGGCAGGGCTGGCTTTGCCGGTGTTTAATCCAGAAAATTCTTCTTTCAGGAATTCCAATGCTTTTTGCATTTTCTCTTCTGATTCCATTGTGATCATGTCTAAATCGTCCATGTGCTGCTCCTAAGTGCTTATTGAAGTGCTTATTCTTGAATGAGGGTGCCTACGTTTTCGCCATCGATGACCCGCTTTAATTCGTCTTGTTTGAAGAAATCAAAAACGACAATGGGAATATGGTTTTCTTGGCATAAGGAAAATGCGGCGGTGTCCATGACTTTGAGCTGACGTTCGATAGCTTCTTGGTAGGTCAAGGTTTCGTAACGTTTGGCATCGGCATATTCTACGGGGTCCTTGTCGTAGATTCCATCAACTTTGGTACCTTTCAGCAGGCA
CP120722.1_gap31	1264139	1266197	2058	CGTCCTGGATTTACTCAGGCGGCACCAGCCGAGAAGGGTCGTAAAGAGTTTGACTACTTTGTGACCTGTCTACGGGGGCAGGGGGTGAAAGTGGAGACCGGAATCTTTCAGGCGGATATGCAAGTTCATTTAGTAAACGATGGGCCGGTCACGTTGATCTTAGAGCGTGAGGCCGGCGTCTAATGCGTTGTTTGCTCATATGTTTTGTACTGTTAGTAGGGCAGAGACTGTGGGCACAGGAGCTCGACGATGCTTGGATTCGTTCGAATAGTGCGCGTGGACGCATTCAAGTGATGTCCGAAGACGGGGTGTTGGCACAAAAAGTGGCCTATTGGAGTGAACGTAGTTTAAAACAGTTGGAACGGGAGTGGCGTAAGCCGATTCCTTTTCAGCCAAATCGTCCTCTCACCCTGGTGATTCATCCCGACCGGACGGGTCTTCATTTCAGCCAAAGTTGGCTGCAGGGGGTGTTGACGCAAACCATCTTTTTAGCGCCGGATAGTTTGCAGGCGGAACCACGAAAAGTGGCAGAGCTGTTCACGCAAGCGATGGTATATCGCATGGGCTTGGAGGCTTTACCGCCTGAAGATCGGCAGTTGAATTGGGAGGCACCCGATTGGTTGATTGCTGGCTCGGCACAGGTTCTGTTGGCAGGGCGTAGTCGTGAGTTGTTTGCTTGGTTGGTGGCCACTTTTCAAACCGATATCCCACCTGCACCGGAAGAAATCGCGAGGATGGACATCGATGGAGAGGATGCCAGACGTGAAGCGGCTGCTGCGTTACTTTGTCGCTGGGTATTTGCCAAACCTTCCCCCGATTTTTGGCAGAAAGTTGCTGAAGATGACTTTCAAACTGCTGAATCTTGGTTGCGTGAAGTTGGGCGGGCCCGAAACTTACGGGACTTACATGTGATTTGGGATTTGTGGTGGATGCAGGAGCGGATGAAATTGATTGGGGAATATTCGCTGTCGGAAGAAGCTGAGGCGTGGCTGAAAAATGAACAGCTGTTTATTCCTGCCTTTTATGGATGGGTAATGCCGGAGGTGAATTTACAACAGCCCCGTCCTTTTTCAGGTTTATATGTTTTTCTGGATGACCCTGCATTTGAATTAGGCATGCAAGAGTGGATTCTCCGTTTACAACATATTCGCTTTCGACAAAGTGTGGCGCTCAATGAAAAGATCGATCAGTTACAGAAAGCGGGCACACTGTCGATTCAGGCCAGCCAAGAAAAAGGACGCAAACGGGACCGACTTTGGGAGCAGGCCTTGGAAGTGGTTACGAGCGCTGATTTTTAGTTTTTGCTTTTTGGGGTTCTCGAGTCTTCTTCATCTTCTGGCCCGGAGAGGGGGAGTCTAATTAATTTTGAGCCCACGTTCATCGAGCCGGGGAAACGAGGAGGGAAAAGAATCAGCAACATTCTTTCGTGTGATTCACAAGTGATGGTTTCTTTGTAAACCTGTACAAAACCTTTATCTTCGGTATTTACGCCGAGCAATAATGAGGCTTCAGGGTAAAAGCTGATGGAAGGATTGGCGCCAGGAGTGATCGTCAGCAGGTTTGCTTTTTGCTTGGTTTTTTGGACCCCACCTTGGAATTCGGTATCCATGGTGTTAAAAATCGTCACATGCCCTTGAGGAATATTACCTTCGGCTAAATTTACGCCTTGCAGCTTATATTTAAGCCCTTTTTCAGGGAAGTTTGGATTGTTGGAAAACAGGAACAGCACTTCTTCCATATTCGATGGAATACGTGTGGTGGCGACCATTGTTCGTTTTACCGCATCTGGATTGTCCGCGGTGGGGACGTGTTCCTCTTCAAAAAAGACAATTTTTTGTGGCCCTTTATAGCTGTAGCGTAGCGAGCGTCCGGAGGAACGGAAACCCGTGGGTTTTGAAGAAACGAGTTTGCCGTCATCGTCAAATACACCGAAACGAATGTTATGAAATCGCGGACTTGAAACCACATAGAAATCAAATTCTTGCAGGGGAGGAGGTTCTTGGGCAATGAGAGGGGTCACCCCCATGAAACAAAGCCAAAGGAAGATTAAATTTCTGA
CP120722.1_gap32	1271895	1272535	640	CTTAAATAGGATTAAAACTTGCGCTAGTTTGCTCGGTAGCGTCCGGGTAATCAGCTGTACTGGCAAGCTGGTTTGCAAGATGTATTTCTTCCCTCAGGTGGCTTACCTTTATCCGTCAATGCTGCCTCAGCTGATAGTGGAGTAACGCTTGCTGGACTAGAGAGCCGTCTTGCGCATGGTATCAAGAAATCCCAGGGTTAAACACAACATTAGAAAACAACTATCAATATGATAAAGTTAGTATGAACTTAACTTTTTATCTGAATCCAATCTTGCCACTGCGTGGCTCCTTCGGGGATGGCTTTCTTTGGTAGATTTGATAAGAGGAGAAAGGAATTTAACCCTGCCTACAGGTGGAAGAAAAGGCAGCTGAACTCCCTTCGGGGTTTAATAAAGACAGGGGAGCTTTCCTCATTAGGGGCTGTCATTAAATATCTGTGAATTATGGTGGAACAAAAGTTCACGCACTCAGTGATAAGTGCGGAACTGAAGTTCGTTGGTTAAGGTTGAGATGTAGATTGATGCCTAGCGCACTTTACGGGTGCGGCGACGTTTGGGGAGAAAGCAGAGCCCCATGGCTGCAGCGAGTGCGACGGAGGTTAATCCCAATGTAGATAGTTCAGGGACCACGATGAGGGAT
CP120722.1_gap33	1276097	1280276	4179	GAGCTTTATGACATGGAGGCGGGGCGCACGGAGACGCAAAACCTTGCGACTGAATTTCCTGAAATTGTGGCAGAATTGACCCTGCTCTACGGAGAATGGGCTGAGAGAATTAAGGTGATGCCCTGGGAAGAGTTGCAGGCCATTCGCAGGGAAAGGTACACGAAATTCTAGCCCCAATTTCAGCCAATTTTATTGGCTTTGTGCATCGAGAAATTTTTGTAGGGGCGCGATGAATCGAGGGAAATCTTCGATGTGGGGGAGGTGTCCGATGCCTTCAATTTCTACCAATTCGGATTGGGGGATAGTGGCTTGAGCTTCACGTCCGAGTTGTGGGTAATTGCCCAGTTGAGCGGCTAATTCGGGGGAAGCTGCGGCACGTCCGATGGCGGTGCGATCGCGTTGTCCGATGATGAGCAGGGTGGGGACTTTGATGTCTTTAAATTCGTGGACCACGGGTTGGGTGATGATCATGTCGAAGGTGAGGGCTTGGTTCCAGGCCATGACGGGATAGTCCTCACTGTCAATAAATTGTCCGAGCAACTCCACCCAAGGATCGTATTCAGGTTCCCATTGATTGTCGTAATAGAATTTGAGTTGGTAGGCGCGAATGCCTTCGGTGGTCTTGCCTAATTCTTGTTGGTAGGCGACGTCGATGGGGGTGTAGGGGACCCCTTTGCTGAGCCAGTCTTCGAGTCCAATGGGATTTTCGAGAATGAGGGCAGTGGTGTTTTCAGGGAAGAGAAGTGCGTAGCGACTGGCTACCATGCCGCCCATGGAATGACCTAAAATGAAGGACTGTTCGATATCGAGCGACGCGAGTAAGGCGCGGGTGTTGGTGGCGAGTTGATGCAGGCTAAATTGATAATGCTCAGGTTTGGACGATTTCCCAAAGCCAATTTGATCGGGCATGATGACCCGATAGCCTGCTTGAGATAAGGCTTGGGCCGTGGTTTCCCAGTAGGCACCTGAGAAGTTTTTGCCGTGCAATAGGACGATGGTGCCCTTGGGTTCTCCAACCGCTGGGAGGTCCATGTAAATCATTTCTAAGGGTTGTTGTTGGCTCTCGAAAGAAAAGGTTTGTACCTGGAAGGGGTACTCAAAATTTTCGAGGCGCACACCGTCGGCATGGAGATGTGGGGTGACTAAAAGCAGGCCGAATATCGCGGAAAAGAGTGTAGAAATTTTCATGATTGTAAACTACAGCGGAATTGAGATTGGTCAACCCGTGGGGGAAAGAAGCTTGAAGTTACCGGGGGCTGTTAGTGATGAGGGATTACGTGGTGACGCCGCTGAGGGTCATAGGCAGGAACACCTGTGTCACTTAAGAGCGGTCTTTGCGTCCATACCATTCCTGCATAATTTTGGCTGCGGGTTTTCCATCAAGAATGAAGCCTTTGTCTCCGGCAGGATCATCGCGAAACCAGGGGCGGTCATTTTGTTCATCCCATTTCCACCAATACATTCCCATCCACCAAGGTTCCTCCCAGAAGGTTCGAAAGATGGCCTCTAGGAATTGGGCCTGTTCTCCCCCGTCATATCCACCGGGATTGTCCCATCCGTAGGGTTTGCGGGTGGCACCGGCTGTGGAGCAACATCCAATTTCTCCAAAGTAATAGGGTTTTCCGTAGAGCCCTGCGATTCTACGGTGATGTTGTTTCATTTCTTGCAAATTGGTGACCATTTCTTCTATGCTGCTTCCAGCCCGATTAGACACGGGATGATAAAAGCTGGTTCCCAGAGAATCCAAATCGAACCACCAATGATGGGGTGTTGTCAGTTGTTTTTCGAAATTTGCGCCTGGGGTGTGACTGCTGGTGAGGTGTCCATTGAAAGCGCTGCGTGCGGCGGAGACCACTTCTTTCCATTGGGTGTTAAAGTCCACTATGTTATCCAGCTCACTGTCCAGACCGTAGGCTTCGCAACCGGCCCGAGTGGCTAATCTCGCATAATGCAGTGTGCGTTGGGTCATGCTTTCGAACCAGCGGCTACAATGGGTGACTGGTTTACCCGGAATGATCTGTGTGTCGGCTGGAAATCGAATATGAATCCGTTGGGTTCCGTCCCAACATTCGAGCATGGGGCGAAGCTGAACTTTCATCCCTTGCTGGTGAATATAGTCAATGATGTCGCGAATCTCATCATCTGCAGGGGTGATTGCAAAATCTCTGAATTGCCGTCCGCTAGCGTAGCTTTCTTGCAATACGGTTACGACCAGACATACCCATTCGATATTTAGAGTCGCCATTTTATCGACTTGCGCTTGGGCATTGGCGCTGCTGTAGTAGCCGTTGGGTGCGTAAAATCCAAAAGTCATGCCGCGGTGAAACGGGGAGGTCGTGGTCATGATGAATTAAGTGGTATATTATAGGTTTAGTTGTCGGGTTGTGGGGGGAGGAGCTCTATGTTGTTGATGGGAGATTACGCGGCGTGGCCGCTGAGGGTCACAGACAGGAATCATGCCTACGCCTACGGCGTGCAAGTTCGGCAGACAGGAGTCTGTGTTACTCTACGCTGCTACCGCGCCAGTGGAGTTTATTGCGGAGGACTTCCCAGTAATTGTAGTCGGGCATTTGAAGCAGTTCGGCTTTGAGGGCGCAAAATTTGGTTTTGAGGGTGGCGCCGGGGACCATTTCCAGCATGGGTTGGCCGTCGCAGGCGAGGACCAATGATTTGGAGTGGGGGGCCAATCGAATGTCCAGTTCAGAGTTGCCGGCGAGCACGACGGGGCGGACGGTCATAGAATGGGGACAGATGGGGCTGAGGACGAGGCTGTCGGTTTCGGGCGAGAGGATGGGGCCTCCGGCGGAAAGTGAATGGCCGGTACTTCCGGTGGGGGTGGAGATGATGAGTCCATCGCAGGTGTAGGTTGTGAGTTGTTGTCCATTGACGGACACGTCGAGGTTGGCGATGTGCGAACTTTTCCCCCAGCTCATGACCACGTCATTCAGCACTCGGGTTTGTTGGGGTTCTTCGCCTGGATTTTGAAAGGTGCATTCGAGCAACTGACGTGAAGAGGGCACAAGGTCATCGTTGATCCATGCATCCAACGCTTTGGGCATTTGGTCTTGGGTGACGGAGGTGAGAAACCCTAATTTCCCAAAGTTAATCCCGAGGAGGGGCAGGGGATGGTCTCCCATTCGTCGTACGGCACTGAGTAAAGTTCCGTCGCCGCCCAAGGTGAGTACTGCATCTGCTTGGCTGAATAACTCTTCGCAGGGAAGATAGATTTGGTCTGAATCTATGGGCTGTTCCGTGGTTTCAAATAGCAACTTGATTTCCAGAAGCTTGGCGTGTTGAATCAACGCGGGTAACAGCTCTCGGGTACCTGACTTGTCTTCGTTGACGATAACGGCGAGGGTTTTCATTATTTTGATAGCGGATAGCGGATAGCGGATAGCGGATGATGGATGAGACGTTAGGCTTCGGGTAATTTCCAGCGGGCGAGGAATTCGACGTTTCCTTTGGGGCCTTTGAGGGGAGAGCGGGCGACGCCACACCAGGTCCATCCCAGTTTTTCGGTGCCGTAAATGCGAATGTCTTCGACCACGTGTTGGCGGATTTCTTTGTCGACCACCACGCCTTTGCGAAGGTTTTTGGCGCCGGCTTCAAATTGGGGTTTGATCAGTGAGATGACTTGAGCGCCGGGGAGTAACACCCGGTCGGCCGCGGGCAAAATAAGTTTGAGGGAAATGAAGCTGGTGTCGATGACGCAAAAGCTGGGGCGGGGGCTGAAATCCGCCGCTTCTAAATATCGGGCGTTGGTTTCTTCCCGCACATCTACCCGATCATCTTGTCGCATGTTCCAGTGGAGTTGTCCGCGACCTACATCGACGGCATATACTTTCTGTGCACCGTGTTGGAGCATGCAGTCGGTAAATCCACCGGTGCTGGATCCAATATCAATAGCGATTACGCCGTCGAGCGGGAGGTCGGGCCATTCGGCGATGGCGCCCATGAGTTTATCTCCCCCACGGCTGACGAAGCGAGGGGGCTGCTCGAGCTCAAGTTCCACATCGTCTTGAACTGAAAAACCGGGTTTGCTGGCGACCTGTCCGTTGACCCGGATTTTTCCGGCGCGGATGAGGCGTTGGGCTTGTTCACGGCTGTCGGTGAGTTCGCGGCGATGTACCAAAACATCTAATCGGATTTTGGCCATGAGTTACTTGGTTCCTTCGAAGG
CP120722.1_gap34	1293372	1297396	4024	GAGGCGCGTGCTTTTGACGGAACTGATTTTGCAGGTTACCAAATGTTTCGGGAATTAGAACCCGGTGACTATTGGAAATTAAAAGTGATTGATAATGGGGAGGGCATTGGAAAGGAAAACCTTCAGCATATCTTTGAGCCTTTTTATACCACCCGATTCCTGGGAAGGGGCTTGGGTTTGCCATCTATTGCGGGAATGGTGGAGAAATTTGAAGGGTCTCTCGGGGTCTGTAGCACGCCAGGTGCAGGAACAGAATTCGCGTTGTGGATTCCGTTATCGCCGGCTGAAGAGTCTACTGCGGTTGAATCAAGTAACGAACTCTCCTCCCGTAAGCTGGATGGGAAAGGAAGCAAGATTTGGGTTGTGGATGATGAACCTTTGATTTGCATGACCATTGAACGTGTACTCGGCAAACTCGGATTCGTGGTAGGTACTGCGGATAACGGGGTGGATGGTTTGGAGAAAATCCGCAAAGATCTTCAAAAGGGTATCGATGTGAAATGTATTATTTTGGATGTCACGATGCCGTTAATGGGTGGGCTTGAAATGCTTCACTATTTGCGGGCGCTGGATGCCGATTTGCCTGTGTTGCTGATGAGTGGATTCGATGAATCAGACAGCATTGCTGAACACAGCGCCTTGAATGTGAATGGTTTTATTCATAAACCTTTCCGCATGGAAGGCTTAGAGCGCTCTGTACAGAAAATACTCGAATCCGCATAAGATTTTGAGTGAGTTCGGCTTTAACCGCGTCCCAATGCGCGAAAGGGCTGTATCCGACTACCAGCTTTGGATGATTTCGAGGGCGCTACAGCCCTGAATGATCATTTCACGAACGCTCGAACTACCCATGAGTTTGTCAAAGAACTCGGGCCGGGCATCCGTCCCCGAAAACAATCGTTCATGCCCTAATTCATCTCTCAATGCACAAAGCAAAATGAGGGCATTTTGCAGGGGGTGATTGTCGTGGAGAGGATCTAAGGTGAATTGAAGGCCTTGCCAATCGCCCTCTGGGGTAGTGCAACAAATTGCAGCACTGGTTACGCCATGAAACTGAGGAGGATGGGCTTGCAGCGCAGGAGGGAAGTCAGGCATACACCATACTTGAAAAGAAAGGGCTGTCCCCCGTTCTACCCAAATTTGGGGGATGGCTTCGCACCAAACTGTAAGGGGATAGAGGCGCGCGGCATCCGCTGAGGTAATGGCGGGAGAAGGAGGAATCCACTTGCTGAAGTGGGGTGTGGTTTCCGAAGCTCGGAAGACTTGTAAATTGAGTTTCCGAAGTTCGGAATCGTGCTGTTTAAGGAAACTGGCCAATTCTCCCTGACTTTTCCCATAGACGGTAGGTAAATCGATCATACCGACAAAGCTGGAGAGAGCGGGGTCGAGAGCGGGGCCATCGACAATCCCCGAGAGAGGGGTGGGGCGGTCGAGGACAATGAGATCAATCCCGCAGTCAGCGCAGGCTTGCATGGTCAGGTAGAGGGTGGAAGAATAGGTGTAGCAGCGAACTCCTAAATCTTGTAAATCGACCACCAGCACATCGAGTCCTTGGAGGTCTTGGGCGGAGGGTTTGCGATTTTCTCCATAGAGACTGTGGACGGGAATCTTCCAGTGGGGATGCAGGGAGTTTTCTACTTTTTCACCTGCGGCTGCGGTGCCGAAGAATCCGTGCTCCGGAGAGAAAAGTTTTACAATTTTCCAATCTCCTTTGGCGATGAGAAGATCGACGGCGTGTTCTCCGTGTTTGTTTACAGAAGCGTGGTGACCTAAAAAGCCTACGCGTGCCCCCGGGTAAGGGAGATGATCACGTGAGAGCAGTTTATCGAGTCCGTTCATTTTCCACTTAAGGCCAGTCGGACCAGTTCTTCGACACTGTGGTCATCGCGTCCGGTAAGACTTTTTACTTTATCCAATAGTTTGGTGGCGTCTTGCTGCTTGTAACCCAGGGCGACCAAGGCGAGCACAGCATCCCGGTCGTGAGAGGAGGGGGGCGTGCTGGAGGTCAGCGGATGGGCAATTCCGGCAGCTGCAATTTTATCTTTTAACTCTACCACCATGCGTTCGGCCATTTTTTTGCCAATGCCTGTGATGCTGTTGAGACGTTTGATGTCTCCACCGGCTATGGCGTTTTGGAGGTCGGATAAGGGCATACCGCTGAGGGCGGTGAGGCCAAGTTTGGGGCCGATGCCGGTTACGGTGGTGAGGAGATCAAATGTTTCCCGTTCTTCGGGTGTGAAAAAACCGTAGAGCGTCATGGAGTCTTCTCGCACCACCATTTGGGTGAGCAAGGTGACTTCTTCTCCGAGGGCCGGCAGGGCGTCATAGGACGACAGGGGGATGAGCAGTTGTAGGCCAATGCCTCCTGTTTGTACAATGGCGCGGGTGGGGGTTTTCTCAACCAATTTGCCTGAGACAAATTCAATCATGGTGTGATTTCAGCTTTGGCGGATTGGATCCAGATGGCCAAGGCGGCTTTGGGCAATTCGCCTGAATGTCTGGCGACTTCCTGGCCTTGATAAAGTAAAACAATGGTGGGGATGGGGTTGATCCGATATTGATTAACGGTCAGAGGCGATTCGTCGACATTGACAGATAATACCCGAAGTGTTTCAATATTTTCTTCTGCGTACTCATTGAGTGCGGGTTTCATGCGCAGGCAGGGGGGACACCATGGTGCCCAGAAATCTAGCAGCACCCAATCGCCTGACTCACGAATTCTTTCGTAGTAATTGTCGTCATTGGTTTGGAGCAGGGCGTGACTGTCTTTATCTTCCGGTAGTTTTACAAAGTTCAGGGTGTTAATCAGGGCAAAGGCCCCGACAATCAGCAGGAGGATGGTGATTTCTTTTTTCATCTGAACGTGGGTCGGGTGGGGCGCGACGTCGCTTACGGATTTTCGGCTTTTTCTGCGATGCCGTCTGCAGGGGCTTCCCCTGTCAATAGTTGGGTGGTGACTGTGAGTTTGTCTACAGACACGACTTCGACCAGCCCGGTAACATCACCTTCGGAGATTAAAACGTTTTCATCGGTTCCGGGAATGGCCATGACTTGAGGCCGTTTTCTGAGGAACAGGCGATCACCTACTTGCAAAAGAGCGGTAGGGGATTGAATGAGCACCACTTCTTTTTTGGAAGCGCTTTTGATTTCATACAAAGGGTCCTGGCCATAAACGGTATCGGCATCGACTTGAGCCTTTGGGGCTTCTGCCGCTTCGGAAATGCTGACTTCCTTTGCTTCCGGCACAGAGCTGGTGGGGGGGGCAGGCGCGGGGCTCTCTACAGGTGCTTCGATTTGTTCAACTGATTTTTGATACGCTTCAAGCGGTTCAATAATTTCAGTGTCTACATTTTCAGCCAGACGTTGGAGTCGCGGATCATCGAAGGCCATTTCAAAGCCGTGGGTGCAGAGATCCGCAGCCAAGCGTACTTGGCTATCATAAATGGCTTCACCGGTTTTTTGTCGAATAACGACTACCCGGTAATCTTCCATTTCCTCACTTTCGCCCGGGCCACAATTATAGGCGACCCAGCCGGAAGCTTCGGACATGTTCAGGAAAACCAACTCGGATCGATTCTGATTCGTACTGCTGGATGGCGAGGCTGAGGGCTTCGTTTTGAGGCTAGCACAAGAGCTGAGCAATGTAATTGTGCTCACGGCACAAGTCACCATTGCGAAACTCCGAAGAGAACCGAGAGGGCCTTTCTGATCAATCATACGTGTTTACTCCGCAGTTTTACTTGCGACTTTTTTCCGTTTCAGACGGCGTTTACGTGATTTGCGTTTTGATACTTTTCTGAGTTGTTGTCCCATAATGAGTCCTTTTGGTCAGGGTTTGTTGTCATTTAAAAAAATTAGTGAGAACTTATCCCTTAGCGGTCTAATCCAAATTTGCGATTTAATTCGTGAATTCCCATATGCAAAATTGTCGGCCGACCAAAGGGGGTGGTGTAGGGCATGTCGCATTTTGCGAGAGCGTTGACGAGCCGTTGGCAGGCGTCTTGACGGATGGGGCCACTTTTTT
CP120722.1_gap35	1336352	1340764	4412	ATACATGAAATTTGAGGAAGATCCTGTTGCAGGAATGTGTGGGGACTTTGAAAAACAAATCAAACGAGGGTGGGCGATCGGTTCAGAAGAATTTAAAGAGAAAATAGACGCCCTACTTTCGGGGAAAACTGAGAATGATAATTTTAGGGGTGACCAGCGAAAAGAACACGGTCAGAGGGAGGCTGAACATCTATTAACCCTCGCACTAAAAGAAGTAGAGTGGGACGAAGAGGCCTTCTTGGATGCCCCCAGCGCAATGCTGGAGAAGCAGGCCGTTGCATGGCTACTGAAAACAAAAACGACGGTTACGGGGAAATGGATTGCAGAACGGTTGTGCATGGGGCATCGTGTCAATGCATCCCGGGCCATCAGCCGGTTTAGAAGTGAAGAAAGTATGGAGATTTTAGAAATAAAAAAGAGAATGTTACAATGTACGGGCTGACCCCTTACCCAATTTTAGGGGTGACCAGCGAAAAGAACACGGTCAGAGGGAGGCTGAACATCTATTAACCCTCGCACTAAAAGAAGTAGAGTGGGACGAAGAGGCCTTCTTGGATGCCCCCAGCGCAATGCTGGAGAAGCAGGCCGTTGCATGGCTACTGAAAACAAAAACGACGGTTACGGGGAAATGGATTGCAGAACGGTTGTGCATGGGGCATCGTGTCAATGCATCCCGGGCCATCAGCCGGTTTAGAAGTGAAGAAAGTATGGAGATTTTAGAAATGAAAAAGAGAATGTTACAATGTACGGGCTGACCCCTTACCCCTGATGCAGGTAGGAGCGACGATGGAGTTCATTTTCTGGACACGCAAGCAAAAAAAAATTGCCGATATAGTGTCAAAGCAAGTTAATTCATGGGCAACTGAGGTTAATAAATAATGCCTCAAGAAAATAAAATTGCTTCTGATATGAACTGGGGTGCAGTAAAAGTAGTTTTTGCAGCTGCTTTTTTATTGATTGGATTTAATTGTAGTACTCAAAAAACTGGGCAACAAGTTGAAATAATTGCAACCGGGACAAAAGACCTCATCCTAAATTGTCCGTCTCCAGGTGCTCCCATAAGCATAATATCAGATCATACTGGATCTGACGAAGGCAACCCTTTTATTCTCCACGATGGGGAAGTTGTATTTTTCATCTATGATAAAAGATTAATTGGAATAGGTTGGGACTCCAAAGATCTCAGTAGGGGCGGTCAGATAATGGAAGATCCTTTAATTGTAACTGGTTCATCAATTACCGGGGACAGTTGGTGGCACAAAATTTCGGCTAGGGATAAGCGTTTCAGAGTTTCATGCATTCCCCGCGAAGACGGGTCACAGAAGCCCTAACACAGAACGGGTCAGGCCGTGCATTTTAACATTTTGAAATTCCACAATCCATTGATTCAAAGCACTTTGCCCTGAATGAGCCCCGGCCCGCCCGCAAGTCTCGCCCCCAAGAACCCCCGAGACTTCCCGGCAGTCCCAACCCCGAGGCGGTGTTCGCTTCGCTCACTCAGTCAAAGCCCCGAGCGCCGCGCAGGAGTCGCGCCAGCGGCTCAGGCTGGCCCCCAGAACCCCCGCCAGCCTCAGCGCGCTGTCACGCCGCCTGCTTCCCACCCAGGAGGAATACCGAAGAGATGTTATGCGTTCGTTCGTCGCAAGCTCCTCACACGTAGCCGCTGATCCGTCCTCAGTCGCAGGCTCCTTCCGGTCGGGCGGCGACATCGCATAACATCGACTTCGGTATCGCTCCTGCCTCCTTCGTCGGCTCCCTCGGCGCTCCCACCCCTACAGGGGACCGCCCCTCCAGCGTTCGCCGCAACCCCCGAGCCATGCCTTCGGCAGGCAAGCCCGGCGGCGAAAGCTTCCGCCCCAGTCCCCTCTGCCGCTTCGCGACATTCACCCCCCTCCCAATAGCTGTCACGCAAGCTGCTTTTTGCCTCAGCGTTCGTTCCTCGCACATCGGCGCAGCTTCCGCGCCAGCCCATGTAAAAAGGGTCAGCCCGGCATGACACCTAAGATTAGGTGTTTTAGCACTCCACGATATTGACGGCCAATCCGCCTTTGGAGGTTTCTTTGTATTTCGTCTGCATATCGCGTCCGGTTTCTTTCATGGTTTGAATGACTTTATCCAGAGAGACAAAATGTGTGCTTTGACCTGCCATGGCCAGTCGAGAAGCGTTGATGGCTTTTACACTACCCATGGCATTCCGTTCGATGCAGGGGATCTGAACCAGACCACCGATGGGGTCGCACGTTAAACCGAGGTTATGTTCCATGCCGATTTCGGAAGCGAATTCAACCTGTTGAGGGGTTCCACCCAAGTATTGGGTTAATGCACCGGCCGCCATTGAGCAGGCCACCCCGACTTCGCCCTGACATCCCACATCGGCTCCTGAAATCGATGCATTTTGTTTGTACAGATACCCAATAGCTCCAGCGGTTAGCAAAAAGCGATGCACCGCGTCGGGATAGGGGGAGGTTCGAAAGCGGGTGGCGTATTCTAGAACTGCCGGGAGTATGCCCGCGGCGCCATTGGTGGGTGCCGTCACTACCCGCCCACCAGCGGCGTTTTCTTCATTCACGGCCAAGGCAAACAAATTCACCCAGTCGATAATCTCCAACGGGTCGGTTGGCGAATTTTGCTCTCGGTTTAAGAGAGCGTCATGATGGGATTTTGCCCGACGGGGAACATTCAGTCCTCCTGGGAGAATGCCGTCAGCGGACATTCCCCGTTTTACGCAGTCCTGCATGGCGATCCAGATTTCATCTAAACGCTTGCGGGTCTCTTTTTCTGTCCGGTACATCGCCTCGTTGGCGAGGATGAGTTCGGGAATAGATTTTCCACTGTGGGTGCAATGCTCAAGCAATGTTTTTGCACTTTTGAAGGGGTAGGGCACGGGTAGGCATCCCTTGCCTGTGTCGTTTTCCCACTCGTCATCACTCACAATGAAGCCTCCGCCCACGGAATAGATAACCTCTTCCGCCATTACAGCTCCATCCGCATCGATTGCGGTGAAGTGCATGCCGTTGGGGTGCTTGGGCAAGGGGATGCCGGAGGTGAAGAGTAGATCCTCTGCTTCTATAAAGCGGATGGGAGATTGATATGGAATGCAAATCGTAGAGGTCTTTCGGATATCATCAAGGATGGCAGGGATGGCATCCACATCCACGGTTTCAGGTTCTTGTCCGGAAAAGCCCAGCAGGATCGCCCGATCGGTCGCGTGTCCTTTGCCCGTGTCTGCAAGAGATCCATGGAGTGAACAACGGATTCTCGAAATCGTTTTATGTTCCAGGGATCGTGCGAAACGGCTGGCGGCTCGCATGGGGCCCACCGTGTGAGAGGATGAGGGGCCAATCCCAATTGAAAATAACTCAAGGACAGAAATATTATGATGCATGGTATGTTTTTTGGGAGAGGGCTGACATGATTAAATGAGGGGATTTTCCTGATAAGATGTTAGCGACAGAATCCTTAGAGTCTATAGAATTCTATAGCAATTCTGATGCACTGGATTATCACTTGATGAAGAATTCAACGGGTGTCAGTTATTTTTCTGTGGAGGTAATTTCCTGCGAAATTCGATTTCAGTTTAGGTAGGAAGTGATCTGTAAACATGGCGTGTTTTTCGATAACTTCTAAGCCCCTGATAGTGCTTTTATTTTTTAAGAGAAATGGCTAATTATGAGCGATGAATAAAGTACTTCTATTTTTGGGACTATGGACAGGCGTTTTTCTGCAGGCGCAGGAGCTTACGCCGCGTCGATGGAGTCACCTGCCGGTGGGCAGTCAGTTTGCTGGGGTGGGCGCGGTGTATACCGAAGCAAATATATATTTTGATCCTGTTTTGCAGGCCGAAGATGTGAAGGCTACTTTTGAGACTGCTGTGGTGGCATACACCTATTCTTTTGCGTGGTTAAATCGCACGGCGCGGATCGATGTTGCACAGGCGTATCAGCAGGCGGAATGGGATGGATTATTGGAGGGGAGTCCCACCCGTGTGGAAAGAAAGGGGTGGTCGGATACCAACGTTAGATTGGCGCTGAATATCCTGGGTGCGCCACCGCTTCAAGGGAAGGAATTTCTGGAGTATCATCAACAGCATCGGATCCAGACCGTGGTGGGGGTTGGGCTAAATGTGACGGCTCCGACAGGACAGTATGATGCGGATAAGTTATTAAATATTGGAGCCAACCGTTGGGTGATCCGTCCTCAGTTGGGGGTGGTGCATACGCGAAACAAGTGGAGCTATGAACTCACGGGTGCGATATGGTTTTATACGGACAACGATGAGTTTTGGATGGAGTCTACGCGTGAACAAAATCCGCTGTTTGCTTTGCAGGGACATATCATTTATACCTATCGACCCGGAGTTTGGGTGGCGATGAGTGCGGCCAATGGACAGGGTGGGGAAAGTAGAGTGAATG
CP120722.1_gap36	1415373	1418916	3543	ACCAGTTTTCATCGTTTAGCGAAAAGGTTTTTAAGAGAACGTTATCCACGTGCATCGTTGAGAGGGTTCAAGGGGCTAGGTATTCTTTGGGGCCGTTTGTGTATATTGTACTACCAGATGAAGATAAAGAAAGGTGTGTAGGGGCCACATTTCCATTTTACTCTTCCCAGAGCAGACGAATGGCGGTATCCGCACCTGCATACTCTTTGGGGGGCTGTAGCTGATAATCGATGTAAAGGGTTTGAGGATTTTGCTCTGTCCATGCGCTGCCCAGCAAAAGGCCTTCTTGGGTCCACTCCCATTTGCCTCCGGCGAGATCTCTGAATCCGTAGCCGAAAGCAGGGCCGGGGGAACGAGGGGCTTGGGCTAAGGCAAAGTGAAGATCAGGAGGCGGGAGGGGAGGACCAAATCCCCAGGCGAATTCAGCGTTGGGGATGCCTGCTCTGGCGGCGTCGCGCCATTCGTCGCGCGTGGGGAGCCTGAGGGAATGGCCACTTTGTTCGGAGAGCCAGGCTGCGAAGGCGGTTGCACCCGCATGACTGTAGGTTTCACCCGGATAGAGCGCCAAGATCTGTTCAGGTACTTCAAGTACGCTGATTGCATACTTTTGATGGGGAACGTGAATGAAACGCAGGCTTTCGCCTGTGGGCAAGGGCAGGCTTTTCTTTTTGATTTGAATCCGTTGGGGTTTTTCCAAACGGATCCAATCGACTTCCGAAGGTCGGAAGACCCATGCCAACATGCTTCCGAAGATCGGAAACAACAGCAGCCAGGCGCTGCGACTTTTCATTAGGCCTGTGGGGGCTGTTCCGGCATTTGAATTTGTCCGAGACGGAGGGGGTAGGTCAATTTGAGGTGACCATCCAAGGTAACTTCAACCCAGTAGACGCCAGGAGCATCGAATTCAACGTTCATGTAAAATTCGACATTGGTGGCGGTATGTAAGTCGTCTTTAAGGCGCACGGGAATGTCTTTGCCTTGTACCAAGGGGGTGCGACGGTCGGGTTTGAGGATGCGGCTGGATTGTACGAATTCGCCTTCGCCACTGCACCAACGCGTGACCATGCAGATCCGAGGATATTTCAAAGGGAAATTGGGAACTCCCAAGGCATCGAACAAGCCGATAAGGATGAATTTTCCATTTTGTTCCCGACGTACGTCGTCACAAAGCAGGCAAGATTGGAGATCTGGAGTTACATTCATGAGGGTTTGCTAGCATCTTTTGGCAAAAGTGGCTATCGAAAAGAGCTTTTCGAAATGTGCTGGGGGGAGTAGGGGGAACCATGGAAAAGAAAAATACGATATTGATAGGGACCTTGTTGGTGTTGATGGCCTGTGGGGTGTGGATTTTACAGACGCCGAGGGCGGGGGCCCGGGCTGAGCAGGTTCAGGTTTCTTTTGGGGGTGAAACCATGGGCACTACGTATCAGGTGCAACTTGCCCAGGTTTCGTTAGCTGCTGAAGAGCTTCAGGCACTGGAAGTGAAAGTGGCTTTGGAGTTGTTGGCGGTGAATCAAGCGATGTCGACTTATATGCCGGAGAGTGAAATTTCGCGATTTAACCGTGGAGGGACTGAACCCTTTCAGGTGAGTCTGCGTTTTCAGGAGGTCTTGCGCCGGAGTTTTGAAATTTATGAGCAAACGCATGAAGCGTTTGATCCGACTTTAGGTCCTCTGATCAATTTGTGGGGATTTGGAGAGGCGGGGTCCATGGGGGTTGCGCCTAGTGCGGAGGCAATTGCGTCGGTAATGAAAGAAGTGGGTATGTCGATGTTAACTTTGTCGGGAGATGAATTGACGAAAAATGAGGCCGGGATTGAAATAAATTTATCGGCGATTGCGAAAGGCTACGGGGTGGATCGGGTGGCGGGGGTATTGAAGGCTGAAGGCTTTGATAATATTTATGTGGAGATTGGGGGGGAGTTGTATTGCGAAGGAGTGAATGGGGCAGGTATGCCATGGCGGATTGGGATTCAAGTGCCGGCGATGAATGCGCAAGAGAAAGCGATGCAGGTGATTTCGTTGGAGAATCGGGGCTTGGCGACATCGGGAGATTATCGAAACTATGTGGTGGATGATGCGGGATTGCGTCATCATATTTTGGATCCGCGCACTGGATATCCGGCAAAGCACACTTTGGCTTCGGTTTCGGTATTGGCCGAAGATTGTATGACGGCGGATGCAGTGGCTACCGCATTGTTTGTGATGGGGACGGAAGAGGGCTGGGCCTGGTTAGAGGGGCAGGAAGGATTGGAGGCTTTGTTTATCGATCGGGATGGGGACAGCTATCGGAACACGGCGACGCCGGGTTTTGAAGATGTGATGATTGCTGTACCGTAGGCTAGGGTTGGATTTTTTAGATACCCGCTCGCCCCGCAAGCGGGACTCACGTGGGTGAGGGGAGGCTGGGGGTTGGATTCTGAGATACCCGCTCGCCCCGCAAGCGGGACTCACGAGGGTGAGGGGAGGCTGGGGTTTTGGTCATTTAGATACCCGCTCGCCCTGCAAGCAGGACTCACGTGGGTGAGGGGAGGCTGGGGGTTGGATTCTGAGATACCCGCTCGCCCCGCAAGCAGGACTCACGCGGGTGAGGGGAGGCTTGGGGTTTTGGTTATTTAGACACCCGCTCGCCCCGCAAGCGGGACTCACGCGGGTGAGGGGAGGCTGGGGTTTTGGTTCTTTAGATACCCGCTCGCCCTGCAAGCAGGACTCACGTGGGTGGGGGGAGGCTTGGGGTTTTGGTTCTTTAGATACCCGCTCGCCCTGCAAGCAGGACTCACGTGGGTGAGGGGAGGCTTGGGGTTTTGGTTATTTAGATACCCGCTCGCCCCGCAAGCGGGACTCACGCGGGTGAGGGGAGGCTGGGGTTTTGGTTCTTTAGATACCCGCTCGCCCTGCAAGCAGGACTCACGTGGGTGGGGAGGGGAGCCCTTCTACAATATTTTTTAATTTAACTACTGACTGACTGGTCAGTTTTGCTATGTGAAGGTTATGAATCTGGAAAAGAAGAAAGCTTTAAAGCGTCAGACGATTTTAAAAGCAGCTACGGCTTGTTTTGAAAATCGTAGTTATGATGAAGTTACCTTAGATGAGGTTGCGACAGAGGCAGGGGTGGGCAAGGGGACCGTCTACCTGTATTTTAGGAGTAAAGAGGATTTATTTTTGCAATTGGCGGTTGAAGGGGTGGATGAGATGGTGGCGCAGGTTAAGGAATTAACTCAGATGACGGCGCTGCCTTTTGTAGAGCGTTTTGAGCGCATCATTTTGGCTTTGGCTGGATTTTTTATGCGTAGGCATGGCTTTATTCGATTGATGAATCAGGCCATGTCCGAGCAACTTAACGAAGGGTTTTGTCGTCATCGAGAGCAGATGAGAAATGCGATGATGACCTTCATTGGACAAGGCGTGAAGGAGGGTGCGTTGCGGAGGGATTGTGACGTGGCGGAACTAGAGATGATGTTGATTGGGCCTTTGGTGTTTCGGGCCCGTAATCAGGGTCATTCCCACCCCGTTTCACCTGAGGTATTGAGTCGACTTATTTGGA
CP120722.1_gap37	1435641	1440016	4375	GGCCAAGTTCTTTATTGATAACTGGCGGTGGTCCGGGGTTCCGATGTACTTGCGTACAGGTAAACGCATGGGGCGCAAACAAACCAGTATTACGGTTCAATTTAAAAAGCCACCGATGGAGCTCTTTCGGACGGTGCAATGCGCCAATGATGTGTGCGATCTTACCGAAGCGCAACCCAACATGTTGACCTTTCGTATTCAGCCTGACGAAGGGATTTCCTTACATTTTGCGACGAAACGTCCTTCGATGCATATGGTGGTCGAAGATTCCGAATTGGACTTTAACTATTCGGAAAACTATAAAGGCACCTTGCCGGAAGCCTATGAGCGTCTGTTGATGGATGTGATGCGTGGGGATGCGACCTTGTTTATGCGTTCGGATGAAGTGGAAGCGGCTTGGAAGATCATGGATCCGATCTTGCAGGCCTGGCAGGAGCGTAATGCCCGTATTCCCATTCATTTTTATTCTCCCGGATCGTGGGGGCCCTTGGCGGCAGATGAACTTTTTGAGAATGAAGTGGGCAGTTGGCAAAACAGTTAAATATTTTTTAGCCTGAAGCAGGAAAGGGGCTTTGTTTTCCCTGAAATGGGGTTACATTCGGGATCATGAATATTGATCCTTCCCTTTCTGACCCCACGCCTGCGGCTAGCTATGCGGCGCCCGCGCTCCCTCCTCCCATGCCTGATTCACGTAAGCGTAAGCGCAAACGTGTCCATTGGATTGTTTGGGTGATCTTGTGTGTGAGTCTATTGATTAACTTTGTGACCTGCTCGGAATTTGGATCTGATTTCAACGTCTATGGTCTTGATGAATTCCCTGCAGTTTCGGAGACCTTGACGTGGGGAAGTGCGCATGCGGATACGCAAATTGCGGTGTTGAAATTGGAAGGCGTGATCATGCGGGAATCATCCAGTTCTTTATTTGGTGATACGGTGGATCCGGTGACCAAGTTGTTAAATGAAATCCGCGCGGTAACGGTGGATACGGATTATAAGGCGATTTTATTGGAAGTGAATTCCCCAGGGGGTGGGGTGACGGCCAGTGATGAAATTTATCAGGCTTTGATGGACTTCAAAGCGTCGGATCCCGATCGACTCATTTTGGTACACATTCGTGATATGGCGGCCTCGGGTGGATATTACGTCGCGATGGCTGGCGATTTATTGGTGGGGCAACCTACCTCGGTGGTGGGCTCTGTGGGCGTGATTATTTCCGCGGTAAATATGCATCAACTGGGAACCAAAATCGGGTTGGAAGATGTATCCTTAACTTCGAGTAGCAACAAAGCATTGTTGAACTCTCTGTCGCCTGTGGACCCTGAGCATCAAGAAATTTTGCAAAAAGTGGTGGATCAGATGTATCTGCGCTTCCGTGGTTTGGTGTTGGAAAACCGTCCTTTTACGTCCGAGTATGCTGATGAACATCACTTGTTGGATGGTCGGATTTTTGATCAGCAAACCGCATTGAGTTTTGGCATGGTGGATGAAACGGGATATCTCGATCATTCCCGTGAGCGTTTGATGTCGATGTTGGGGGTGGATGAGGCTGCCTTTTATGAAATCAACTTCAGCACAGGTGGCTGGGGGGGATTGTTTAATGTGAAAACACCTGAAATATTGGCTCCGATTCAGCCTAATTCTCAGTTCCAGTATGTGTGGAAACCCTAAGATGTCAAAGACGAGACTGATTGTACAAGGTGCAAAAGAGCACAATCTTAAGAATGTAAATGTATCGATTCCCCGAGAAGCCCTGACGGTGATTACGGGCTTGAGTGGCTCTGGAAAATCTTCGTTAGCCTTTGATACAATTTTTGCGGAAGGGCAGCGCAAATACGTGGAAAGTTTGTCCGCGTATGCGCGACAATTTTTGGATCAGATGCAAAAGCCCAATGTGGATCACATCGAAGGGCTTTCTCCTGCGATCTCCATTGAGCAACGGACAGCTGGGTCGAATCCGCGTTCGATTGTGGCGACCACGACAGAGATTTATGATTATTTGCGTTTATGGTATGCCAGCATTGGTATTCCTCATTGTCCAACCTGTGGAAAAACGCTGACCCATCAGACGGCCGAAGATATTATTAATCAACTCTGTGACTTGCCGGTCAAAAAGAAGGTGATGATTTTGGCTCCCTATATTGATGGTCGCAAGGGGGAGCATCTTGAAGTGTTTAACGATATTCGCAATCAGGGATTTGTGCGGGCGCGGGTAGATGGAGAAATTGTGGAGTTGGATGAAATTCCTGAGTTAAACAAAAAGACCAAACACAGTATTGAAGCGGTGGTGGATCGTTTGGTGGTGGATGAGGGGGTGCGTTCTCGTTTGGCTGACAGTGTAGAGTTGTCCTTGCGTTTGGGTGGTGGTCGTATGTTGGCCATGATCGATGATGGGAAAGGGGGCTGGCAAGATGAATTGTTTAGTGAAGATTTTGCCTGTTTGCCTTGTGGAAAAAGTTACGATAAATTGGAGAACCGTCATTTTTCCTTTAACAGCCCTTATGGTGCCTGCGGAACCTGTGCGGGTATTGGCAACATGGAAGTTTTCGACGAAGAGTTGTTGGTGCCGAATAAAGAATTAAGTTTGGAAGAAGGGGCGATTGACGCATGGAGACGTGGGGGGCGTCGTATGATGATGTGGTACAAGAAAATCCTGAAAGGATTGGCGGCTGCATATGATGTTTCCATGGATACACCTTATAAAGATCTGCCGGCCTCTTTTCAAAAAGTTTTGATTTATGGCTCGGGGGATGACGTGGTCAAGATGAAGCTTTATCGCGGGGGCAAACAGCTGAAATACGATAAACCCTTTGAAGGGGTTATTCCCAATCTAGAGCGACGCTTACGGGAGACGGATAGCGATTATACCCGTCAAAAATTAAGACATTATATGAGCCGTTTACGTTGTCGTGACTGTGAAGGGGCACGGTTGAAGCCTTTGAGTCTCGCCTGCACGGTGCATGATAAAAATATTTTTGAGATTTGCCGGATGTCGGTGAAGGTAGCCTTGGCATTTTTTGAAAGCTTGGCGCTGAGTGACTACGAGCAAAAAGTAATTTCAGAAGTGTACAAAGAAATTCATCACCGTTTACGATTTTTGAATGATGTGGGCTTGGATTATTTGACCTTGGATCGGGAAAGTGGAAGTTTGTCGGGCGGAGAAGCGCAACGTATTCGTTTGGCGACCCAAGTGGGATCGGGTTTGATGGGGGTATTGTATGTGTTGGATGAGCCCAGTATCGGGTTGCATCAACGCGATAATTTGAAGCTGATCGAAACCATGAAAGGCTTGAGGGATAGTGGCAATACGGTGTTGGTGGTGGAGCATGATGAACAGACCATTCGGGATGCGGATTATGTGGTGGATATGGGGCCCTTGGCGGGCACCCATGGTGGCGAAGTGGTGTTTCAAGGCAAACCTGCCGCGTTGATGAAAACCAAGACTTTGACTGCGCAATACTTGCGGGGAATTAAGAAAATTGAAGCCCCGGGTGAACGCAAGAAAGTGGTGAAAAGTAAATCGATTGTGATTAAGGGGGCGACGGAAAATAACCTGAAAAACATCACGGTGAAGATTCCGTTGGGCGTGCTTACCTGCGTGACGGGCGTGAGTGGTAGTGGTAAATCTACTTTGGTGGATAAGATTTTAAAGCGGGTGTTGTTTCAGAAGTTTCATGATTCCAAAGATCTTCCCGGTAAACATAAGTCGGTAAGCGGTCTGCAACATGTGGACAAGGTGATCGTGATTGATCAGAGTCCGATTGGGCGTACGCCCCGATCGAATCCGGCTACGTACACGGGTGCGTTTGGTCAGATTCGGGATTTGTTTACAAAGTTGCCTGCGAGTCAGGTAAGAGGGTATGGTCCCGGTCGTTTCAGTTTTAATGTGAAGGGGGGACGTTGTGAAAGTTGTAAAGGTGACGGTTTGCGCCGCATTGAAATGCACTTTTTACCGGACGTGTTTGTGACCTGTGAGGTGTGCAATGGGAAACGTTATAATCGAGAGACATTAGAAGTTCGATATAGAGGCAAAAATATTTCGGACGTCTTGGGGATGACGGTTGAAGATGCATTGGACTTTTTTGGTAAAGTGCCAGGTCTTAAACGTAAATTGAAGACCTTGGTGGATGTAGGTCTGGGGTATTTGCAAGTGGGTCAACCCGCAACCACTCTATCAGGAGGGGAAGCGCAACGGGTGAAGTTGGCAACGGAATTGAGCAAACGGGATACAGGAAACACTTTGTATATTTTAGATGAGCCGACCACAGGGTTGCATTTTGCTGATGTGGATAAGTTGCTGGAAGTGCTCTTGAGGTTGCGGGATGCGGGCAATTCTCTCTTGGTGATTGAGCACAACCTCGATGTGATCAAAACGGCT
CP120722.1_gap38	1447753	1452577	4824	TCAGAACCGTGGGGACAGTCCGGTGATTTGGAAGGAAGTGAATTACTTGGCGGAAATGATCAAATCACTGGATAAAAATCATCCGGTCATGACGGTGGTGGCGAATGTAAATCCAGATAAAGTAACGGCGATTAAACGTTATGCGCCCGCCATTGATATCTTGGGGGTAAATGCTTATGCAGGCGCTCAAAACATTGGTAACAACTTGAAAAATTATGGGTGGACAAAACCCTATGCCATTACTGAATATGGCTTGCCTGGGCCCTGGGAGGTTGAACATACGGATTGGGATGCGCCTTTGGAACCTACGAGTCGTGAGAAGGCTGGATTTTATTACATTGCCACCAAAGGGATTTTGGAAGATACCCATCAATGTTTAGGTGCCTATGCCTTTATTTGGGGCAGTAAACAGGAGGCGACCGCGAGTTGGTTCGGAATGTTTCTGCCGAGTGGAGAAAAAACTCCTCGGGTGGATGCGATTACACGAGCGTGGACAGGTGAGTGGCCTGAAAATCGTGCGCCGGTCTTAAAAGAAACCGAGATGCCGATGTTTAATCAAAAGGTAAGAGGGGGAGAATCTTTTTCGGTGAAAGCCCGATATGAGGATGCGGATGGGGATCGTTTACGGTACCATTGGGAAGTGCGAGAGGAGAGTCGCGACCGTAAGGTGGGAGGTGATCAAGAGGCTGCACCTGAGTTGGTCAAGAATGCGGTAAAGAAACTTGATGACGAAGGAAATGCTTTACTGAAAACCCCCAAAAGGTCGGGGGCTTATCGACTCTTTGTAACGGTGAAGGATGGTAAGGGTTCGGGTTGCATGGATAACTGGCCTTTTTATGTGAGGTGAACGGGTAGGTTTATACAAAAACTTTATGGAAGTGGGTCCGTATATACCTGAAACTTAGCGTGGTGTGTTTAGGTTCCCGATGTTCCTAATGTTGTCAGTGGACGATCGGTTATTAACCAAATGAGCTGATGGGTATGGGCTTGTTGGATGGCCCATTTTTGTATGGTAGATTTGCTTGGGTATTCAATGAGGAGTATGGGTTTTCTTGTCTCGCGAAGGGGGATGAGAAAGGTGAGGATTGTTTCAAAATGCTGACGCGATTGTTTTCGGTTGGTGTGAGTGAAAAGATCTTCGATACCTATACCACTGATGCTTGCGAGGTAATCAGGGTGGTGAGTGAGTTGGGAACCATTTTGAGGGATGACCAGCGCATCAGGTTGTATACGTCGGGTATGAGTGGCGATGCGTTTGACCCAGTCGACCATATCCCGTCGATAGCTTTGTTGTGTTTCTGGATTTATACGATCGTCTAAGTAGTGTTCACCATTGTATTCATAGCTTTCAAAGCTGTCGACGATATCAAGATACACGCCGTCAAAGCCCTGTTCCATTGCATCGGATATGGAGTGGAGTATGAGAGATTGCCATTCAGGATCCCAATATTTTACACGGTAATTGCCCTCCCATTCGGGGTTTTCTTTTCCGAGCCATGAGGGAGCTCCTGTGTTTACTTTTCCGTTGGCGCCCCATTCTTGTTTCCAGTAGGCCCGATACTCTTCTGCTTCTCCTATTGAAATATACGCGATGATTTTTCGCCGGGCTTGGTTGTTGCGAATGCTGGAAAGGTCTTGGGGTAACCAAGGTGTTTGTTGGTCATATTGGGGATCCAAAATGATCCAGTCTCTTTGGCAATGTTTTATCTGTTGGATGGCGTCGGCTTTGGATTTTGCAAATGCATCGGCTTGGAGGATATAAGCAAAGGAGTGGGGGAGAGCTGGGGGCTCGGTTGCGTAGAGTCCTTGGATGTGGTTGAGAAAGACAATGCAGAGAATAAGGGTGGATTTCATGGGTGCTGATGGGGGGGGGAGGATCTCGGAGATGGAGATTGATTTGCCTCTTCTTTTCCCAACATGCAAAATGAAATGTAAATGAAGTTTTTTTGAGGGTGTCGAAGAGGTCGGGCTGCGACCCTCTCCGACACAGCTTATTTTTACAGGGTTACATGTAGTTCTGCAATTTCTCCAGCATATGTAAAGATGGATTGGCTCCACGCTCTGCTAAGGGTCAGACCTGATATTTGCTCGGTATGACCATCAGATTTTTTCAGGGTGATGCCTGCCGTCCTGCCTTTTTTGATAATGAGAGGGACGCGATTAAAGGTGAAGGCATAGGCCTCTTGTGGCACCTGCAGCTTTACTTTGGCATTGAAGGTGTTGATATAGGTTAAGGTGTCGGGCTTTGAAAGCCACTCCCCCTCAGGGATGAGTTCTGAGTTAAAGTGAAGACATCCTTCTTTCACTTGCAATCCTAGTTCCGTCATGCGTGTTAGGATTTCTTCTTTTACTTGCCCGGTCATTCCAGGCTGTTTGGCGCCTGCATGTGCGGGGGTATGGGAGTAAGGGTCGGTAGGAAATGCGCCAAAGACTTCAGCGGTTTTTCTGAATCCAAGTCCATCGCGGACATCGAAGTACGCTTCTCTGAGCTGAGATAATTGTTCGGGTGAATCACCGGATGCACTGGCTTTAAGGTAACATTCCTGCACAGCCAAAAGTAATTTTGCGACCATGTGCCAATATATGCTGCCTAAGCCTTCGTAGCCGAACATGGATCCGGAGCGTCCGGTGAAGGCCAGGTGATTGAAGGTGTTTTCATAGAGGGCGAGGATCGCGCTATGGTCCGGGTTGTGATCAAATTCCTTGAGGGCCGCTTCGAGATCTCGTACATTTTTGAAGTCAGCATTAAAATGAAGGTCTCCATGAGCGTCTACGCTCAAAATGCGTGTGTCCTGCTGATCGATCAGGGTTTTTAACAGGGGAATGTTTTCTGCCTCGGATCTGCAAACTTGGTTTTTTTTCATGAAAGGTGCAGGTCTTTCGTCTGGATAGAGGAGGTAGGAATGTTGATCTTTTCTGTAGAGAGGGCTTTGGCGTAGGGCCTGGAGTAGGTCGAGGGCTTCGGTTGAATTGAGGATGCCGGAGGAAAGAATGGAGACTTGTCCTTCAAGCATCAGGGTAAGTTTTTTTATACCGGCTGTATCTGGTGTGGGGAATGTGAGTACATGATAGGCGTGATACATGCCGTCGGGTCTACGATTTGCGCGAAGGGTGATTTCGCAAACGCGAAGGGCTTGTTTACTGAAATCCAGAATGAATGCTATTGGTATCAAAGATTGTGAGGTAGCGAAGGTGTCGCGGTATACGTCTTCCCGATAATCGGATGCGGCCTGACCTAGATCATCCAGTATTTTTCTACGTTCAGAATCATTTCGAAGGCTGTGGGTTAAGGTTGAAAGGATTGTGTGGGTGCGTTGCATCCAGGTGGCGACTGAGGTAGAGAGCTCTGCATGGGTTTCAGTTGAGGCCTCTACGAGAGTGACCATAAACTGAAGATATCGATGCAGATATCCCAGGGTAACCACGGAAACGCCTCGGCCGGCTAACGCATTGTTGGCGTCGTTCCACTCGGGGCGTTGGGTGTTCATCCAAATACCCCCGTCCGGAATGAGATTGCCAAGTTTTGCAAGTGCCAGTACCAGCATTTTTTCGAGTAAGGAAAAACTGAGGGCATATCCATCTGGCCCGTAAAGCATGCGACCATCTGCGCCCATGGTTGCAACACGGGTTTCGACGTGTTGGTCTCGGTTGTGATCAAATAAAACGGTGGTACCGTCGTTGCGTGAAACCAATTCGCTGTAGGGAAGAATCCGGTAGGGAACATCGGCGGCACTGAAGGCGCTTTTATTTAATTGTGTGGCTAATGTGCCGGGGGCAAAACGTTCCTGGGCTTCTAAGAGCTTGAGCAGGTAGATGATTTGATGGTCTCCCCAGTATCCAATATTGGCCCAGGGGTTTTCAGGTTCCGGTTTTTCCCATTCGATGCCGTCGCGCGTCACGCGGTAGGGATTGTAGCCGTCGGCTGTGGTGGCATTGAGGAAGCAAGTGATGACTTGGGGAATGAAGGCGGGGCAGGAGTAGAGTAGTGCTTCTAAATTTTGAAAAAGGTCTCGCCAGTTTCCTTGGAAATCGAGTTTGGGGCTGCCGTCGGGGTGATGGGTGTTGATCTGGAAGGTGTTCCAAGGTCGGCTGGGGTCACCATGACGTCGACTAAAGGTGAGGGGCAGATATTGACGGCAGATGCGTTGTAGGTCGGGGTTGCTGATGTGATCAATTGCTTGAGAAAATTCTTGATAAGAGATGCGTTCGGGCAATGGGTTGAAGACCTTTTCAACTTGGGGGGAGGCATCTTTGCGCCAGGTATTCAGATAAGAAATAAGGTCTGATTTTCGAATTTGAGGTCCGTCTGGAAATAATCCTCCCCGCATACAATTATACACGACGTTGCTGAAATGATGTTGGCTGGCTGGGGTGTTGCCACTGATTTGTTTCCCATCTGCGGAGGCGATTTTGTGAATCAGCTCTTCGGATCCTGCGTGGAGATCTTGTTCGAGTGCTTGTTGTAAGGTTTTCGGGTTTTGCAGGGCATTTTGAAGCTGAACCAAATCGGCATGGCTTTGGTTTACTTCGAATACTTGATATCCCTGTTGTTGGCTGTGTGGCGCGAGGGTGAAAGAGGAATGCACGAGGAAGGCTCCTCTACGTGCGCAGATGTCTTGTTCTGGAGTGATGTCACGCTGTTGTCGAAAGTTGCTCACTTGATCAGAGCAGAGCAAAACGGATGTAAGGGGCCATCCGCAGGTCCATGCCGAGTTGCAACGCATGGCTTCACTGGGTTCTGCGAGATCAGTTAAGCGAGAAGAAAGCGCATAGAGGGCCAGGGAGCCGGGAGAGAGGAGCGCGTTGCGTTTGTAGGCATCGAGC
CP120722.1_gap39	1464560	1467088	2528	TGATCGGTTTGTTGTCGGATGAGCCAGCAGGTTTGGCCTTCAATGTTTCTTTGGGCGACCACGTCCTCACGCAGTTGTCCCAGGCTTTTCCAGTGGTCCTCTGCCCATTCGTAATTTTCATAGATCCAATACGCATGCATGCTTCGGGGAAGGATGGCTTCGCTGAGAGGAAGGGGTTGTTTTTCTGCGGCGGATAAGGGGCGTCCGACGCAGAGCAGTAACAGAAAAAATAGTGAGTGAATCCGCAACATATTGACGGGATGGCATTGGGGGAGAGGGACACAGGGGAAGGTAGTGATGATGAAAGCCCCTGTAGAGAAATCAAGAGGGATTTTAGGGAAAGCTATAGGCAATAAAAAGCACTTCCCGAAGGAAGTGCTCTGACATTTTTCGCTGAAGGAAAAATTATGGCTTGTAGATGTAAGCCAATCCAGAAGAGAAGTTCTCAGATTCGAAGTCGTAGTCCAATTGAAGAGCCAGCATGCTGTTTTCATTGAGCCAGAATCCAAAAGAACCGTAAAGGTCTACAATATCCTGAATATCAATGGTGATGTATTCCAAGCCCAGGCGCATCAATGTAGATTCAGAGGTTTCGAATTCCACACCGCCCCCCATGCCAATGCTGATTTCAGTTTCTTCAGCCGAAAGTTCAATGATGTCATTGATGTTGTATTGAAGAGTGGTCACGCCGATGGTGGCGTTGAGGTAGGGATTCACGGCTTGACCGGGAGAGAAGGAGTAAATGAAATCCGCATCCAAGACGCCAATTTCAAAGTCTTCGCTAATGGCATCTACTTCACCATCAGACCATCCATATATTCCATTTACAGCAATATCGAGATTAGGAGCCACGTTGAAGCTGGCCAAGAATCCTATTTCGTAAGATTCACCGAAGTTATCTTTAAGGCCTTGATCGCCAAAAAATGTGGCTCCGGCTGAAAGACCAAAGTAGGTGCTGCCCAAGAGGGTTTCTGCTTGGAGAGCGGAGAAAGAAAGCATGGCCATGACGGCGCCTAATGTGATCAATAATTTTTTATTCATGAGTAATCCTTACGCCCTATTTTAGGTTGTGTCTCCCCCTTGTGTCGTTCACCGGGCCAGTGGGCTACAAGGGAATGTGTACAGACGATGGTGTCTCTGTCTGCAGGGTGATATTCTATAAAAATATAGAAATTGCTATAATTTTTTAATACTAATCAAGCGCGACTGCGTTGAATCAGCGCCATATCCATGAGGACCATGGCGGCCATGGATTCCACAATGGGGACTGCGCGGTTGACCACGAAGGGGTCGTGTCGGCCTTTCGCTTCCAAGACCGTGGGATTTCCTGTGAAATCTGCAGTGGCCTGGGCTTTACTGATAGTGGCAACGGGTTTGATTGCGACCCGAAAGAGGATGGGTTCACCATTGCTGATGCCTCCTTGAATGCCACCGCTGTGATTACTCACGGTACCGAGTCGGTTTCCTTTCATCACAAAAGGGTCATTGTGGTCGGAGCCTTTCATTTTAGATCCAGCAAACCCTGATCCAATTTCAAAGCCTTTGGTGGCTGGAATCGACATCATGGCTTGCGCCAATTTGGCTTCCAATTTGTCAAATACGGGTTCTCCCCAGCCTGCAGGGCAATTGCGGATCACACAATTGAGAACGCCACCTACGGAGTCACCTTCGTCACGTAATGCGGTTACTTTGGCAATCATTTGCTCTGCAACGTTCATGTCGGGACAGCGAATGATGTTTTGATCGACTTGATCGCGGGTTACAGAATCTGCATCAATGTCATGAGCTTCGAGTTCACCACAGGCGCTAACCCAGGCCACGGTTTCGATGCCGTATTGTTCGTACAGCCATTTTTCAGCGATGGTGCCTGCGGCAACGCGACCAATGGTTTCTCTGGCAGAACTGCGTCCGCCTCCGCTAGAGGCACGATTTCCGTATTTGCTTTGGTAGGTGAAATCCGCATGGGAGGGGCGGGGAATCTGAGACATTTCACCGTAATCGTGGGGGCGTTGGTCTTGATTGGCGACAAATAAGCCGATGGGAGTGCCCAAGGTCTTGCCATGTTCGGTGCCTGAGAGGATTTTAACCTGATCCTTTTCGTCCCGTGGGGTATTCACTTTGCTCTGACCCGGCCGGCGGCGGGTAAGTTGCTTCTGAATATCCGCTTCGGTTAATTCAAGGTTGGGGGGGCAGCCGTCCACGATGGCACCCACTCCAGCGCAATGGGATTCGCCGAAGGTGCTTACACGATATAGAGTTCCAAAATTACTTCCTGACATCTGGGCAACTTAACCAAAAAGACGGCAGATGCAATCCCAGAACGAGCTTTGAAACTAATCGGGTGCATTCGCGGTTTGCATCTTTCTACATTTATGGCAAAGAGGCGGTTCTTGGAGAAACCTATGAAAAAAGACAGCTTTTACGTTACCACCCCTATTTACTATGTGAACGATAAACCCCATATCGGTCATGCTTACACCACTATGCTCGCCGATATGTTGGCGCGCTCCCACCGTTTGTTGGGTCAT
CP120722.1_gap40	1479919	1481555	1636	TGAATCACAAAGGACAAGCCGAAGACCTTGATCAGTAAGGGGGTGTGTTTTTCGAATACGGTGAAGGCATCGACCATCTTCCAAATTTTATCGACGATTTTTTGCAACTTGCCTTTGAATTGAATGAGGGTACGCAGTTTTTCTCGATTATATACAATCAAAGAGAAGGCGACGATGCCGGTGAGAGAGCCGGCTCCAATGAGAATGAAGGGGAGTTTTTCTTCCATGACGAAGGCCAAGCCACTGGCGCTAAGTCCGGCGCTAAGCAACAGGGCGATGAGCCCCGTTATGTTTAATGCGACAACCGTGACGACGGAGTCTTCCATTCGTATGGCGGTTTGTTTGGAGAGGGCGATGAAGCGGGAGACATCTGTACCGAGACTTGAAGGCACGAAGTAGCCAAAAAATGATCCGGTAATGTAGGCGTAAGTGATTTTGCGAAGAGGCAAATGAACCCCCTTACATTTAAGCAAAATGCTCCAATTGTAAGAGCGTAGAACGGCTTCGATGGAGAGAAAAACAAATACCAGTGCAAAGAGGGAGTAATTGACGGATTTCAACAGCTCCCAAATTTTATCCTGTCCCATTTTTAAGATCATAAAGCTGAGCAATCCGACTACAAAGAGGATGCGCAGAATAGGGAAGAGCTTGGCCATGACTTTTTTCATTCTTGATCTTCGAGGCGAATAATCTCAACCCCCTGGATTCTTATGGCGTCGCTACGTGGATAGGTGTACGCGAGCTCAAAAGGTAAATTTGAAGGGTGGTCGTAAATGAAATCTAACACACCCTGTTTGATGGTCATGGGCTCTCCGGGAATCGGTTTGCGCACACGCAAGGTGCCGAAAGCTTCATTGATCGTGCCCATGGAGCGGAAGATGATGTGGTATCGTCCGGCAGGGAAGGGCAAACGAGGGCCGTAGAGTACTTCGTCGAAAGGTACGCGGTCTGGATCCATGCGTACATTGCCACTGTACGCTTCTTCAATTTCGCTATAGCCTGCATGGAAAAAAGAGGCCGCTGGAATAAAGATTTCTTCTCCAACTTTCATGTCAGTCACGGAGGGGCCTTCCATCATCATGGCTACATCAAAATCGGCTTCACCTTGGCTAAGTTTCAACTGGAGGGATAACTCATTTTTAAAGCCTTCGAACGCAGGAAAAGGAATCTCTGTCCAGGTCCATTCCTCTGCATCGAGGGTGATGTGGAGAGGGGCAAGCGCTTGTTCACCCGCTTGGAAGGAGGCCTGTAGTTTCCCTTTTCCACGATAGCGCAGACTGATCCGTAGGCTTTCGCGATAAAAGGTGGGGTAAGGTGCGAGACGAAGGAAAGATGTATCAGCGTTCAGGCGAACATATTGTTGTTGGTAAGCATCGGGATCTTGACGTTGGGTCAGCTGAGGCCATTCGCTGTCAGGTTTGGGACCATAATAACTCAAGGGCCATACCATACTTGGGGAAGCGTAGGGCCAGTCGGTGGTGATAATCGCGTCATCACTTGCCGTTTGAAGAATTTCAAATGACCAGATGGCATTTTCTCTGGTGAGGAGGCGAATACGTGGATGGGCCAACAGGCCAGAGAGGGTTTGGCCAACACCGAAGGGGCTCACTTTTTCAGGGAAGGCATCTTCGTGAAG
CP120722.1_gap41	1505573	1507642	2069	TTTTGATGAATCCAGTCCGGTTGATCAAGCGATTGTGGGCAAACTGGCTGGAAGTGCATCCATCTATTCGAGTCGGAATACCCGATCCTTGAGCGGGGTTGATCCTGATTTACAGGCACGCATGGCCAAGGCCAGTCGACCGGTGAAAAATAAACTGTTGAAGAAGAAATGGACGCTGACCTTGTTTCCTACCGAAGCTTACGCGCAAGATGCGGAGATGAGTCTACGTGATTTTGAAGATTTTGTGTACAGTGCCACCTTTTCGGATGAAGATAATCCGGTGAAAGCGTGGTTCGACCTCAAAAAGAAACAGGATAAACTGATTTCCAAATTGGAAGGGGCCAAAGAGGTTCAGATTATTGGTCCCGGCACGGATTTAACCATGTCGATTGAAGGCCGTACTTTTATCAATTCAGCGGGCACCCATAATATGCCCAGTGGGGAAGTGTTCACCGGACCGGTTGAAACGTCGGCCGAAGGGGTGATCGCATACGATTTCCCGGTGGTGAATCAAGGACGGGAAATCGATGGGATACGATTGGTATTTGAGAAAGGGGTGGTGGTAGAAGCGACCGCGACCAAAAACCAAGACTTCTTGTTGAAGATGTTAGATATGGATCCTGGTGCACGTCGTTTGGGTGAATTGGGGATTGGGACCAATTACCGGATTCAAAAATTCATCAAGACCATTTTGTTTGATGAAAAAATTGGTGGCACCATTCATTTGGCCTTGGGGGCCTCCTATACGGAAACCGGCGGCAAAAATAAGTCGGGCTTGCATTGGGATATGATCAAAGATCTGCGGAAAGGTGGGGAATTGCGGATTGATGGCAAAGCGATTCAGAAAGATGGTAAATTTTTAAAGAGTTATTTTACGGCCTGAGAAAGAACCGGAAGCAGGTGGACCCTTGCTTGGCGGTCATGTAGAATTTGGGTTGTGATCACCAAGCAGACGTTAAAACCTGGAGACCGTGGCAGCAAAAAGCTGACCGAGCATTTTGGAGATCGGCTGATCTGTGTACGTTATCGACAGGATCCCGAAACTGGAAAGCGCTTTAAAACGGCTGAAATCATGGTGGAGGATTTTTTGACGATGCCGTCAGAGGCAGATCAGGATCCACAGGAGATGCTCTCACTCGAAATCGGCTATCACGAAATCGCATTAAGAGATCAAGTTAAAGCAGCAGGTGGCCGTTGGAATAGGGAAGGTCTGGTGTGGAAACTCCCTCGTCACCGGGTCAATTCCCTCAACCTACAATCAAGAATCGTCAAAAACGCAAATTAACAGAAATATGAAATTTACTAAATCTACCTACACGAAGTCTCTACATCTACCAGCTCTAGTGACAAATCTCTATATTTAGAGACTTATTTGTGTTCGTAGATTAACTTGTTGTGCTGAGAATATTTATGAAACAAAGCGACCAAGCTAGAGCTAAACGACTTTTGAAATTACGAACCGAGGGTGCAAACTTCCGCTGGAACTATTTGCTCAAATCAAAGCAGTTCTGGATTACGATTATAGCTATCGTTTTGATGATAAGCTACGCCATCACAACGCCCGATGATTTAATCCTGAATCGGATCATATTCTGCCTCATGGGTGTTTTTATCGGACGAATACTTAGAGATATGATTTGGTTAAAAGACATTGTAGATGCATTTCCTTTTACTGAAAAAATAATGAATTGGGAAAAGATCGAAAGCATCGCTAGTGACAAAACCAAGGCGCAACCAAAAGACCAACCGAACCCTCATACTTCGGGTCCGGTTGTCTGAGGCGTTGGGTGAATATAATGAAAAAAATATTACTCATCACGTTTTTGCTTCTGAGCTTGTCCTTGACCACATACAGCCAAGAAGCTTCTGTACAAGCCCGTCAGCCTGACATAACTTTTTTTGAGTCGGTCGATACGATTCGTGAATTCATGAGCAAAAAAACTAAATTTGATTATTCAGACCGGAACCTGATTGAGGTGTCACTCAAGTTCATAGATGGACACCCACGAAAGGGGGAAGCCTGGGTCTATCGTTTTGGGCACAAGATACCAAAACGAGGCAATGATTTA
CP120722.1_gap42	1513626	1515334	1708	TCGGGCAGGACAACGTCGCCATCTGCGAGGGCGGCAACGCCTGCATGATGTTCATGCCAAACAATGGGGGCGCCGGCGGCTTCGAGTACGCGTTGAGTGGCGCGCATTACTTCAGGTCCAATGCCATCTCCAGGGATGGCTACGATATGTCGTGGTGTGGTCATATTTTTAGGGGTCTTGTTTTTATGTTTTGAGGAAAAGCTGAGGAGTAGAGAGGGCTGAGGGAATTCCATATGTGGAGATTCCCCAAAGAGACCACTATATTTTATCCCACATACTGTTTAGGATTGATGTTATATTTATGAACTTTGTATCCGAAAATACGTTGGGTCGTTTCTAAACTGCGGGCGGCTGCGGCCATATTGCCACGGGCCGATTTTAAGGCATCAGTGATGAGGTCTTTTTCATAAACCTCCACCTGATCTTTTAAAGAGCCCGACTTTGGTGCGGAAGCTTGATCTGCCGTTTGGAGGGTAGGGGGTAAATGGTGGGGATGCAGAGCATCACCTTCGGCCAAGACCACGCCACGTTCCATGATGTTCTCAAGTTCGCGGACATTACCCGGCCAGTGGTAGGAGTACAGCATATCGATTACAGGACTGGAGAGACGGCGCACATTTTTATTATTTTGTTTGCTGTATCGTTCCAAAAAGAAATCGGAGAGTTGAAGCACGTCACTTTTCCGTTTGCGCAGAGGCGGCACCCAAATGGGGAATACATTTAAGCGATAGAATAAATCTTCACGGAAGGTACCTTCCGTGACCATTTCCTGCAAGTTTCGGTTGGTTGCTGCGATTACGCGCACATTGACTTTTACGGTTTTGGTGCTGCCGACGGGTTCAAATTCTCTTTCCTGCAATACGCGTAAAAGTTTAATTTGAATGCTGGCAGGAATTTCTCCAATTTCGTCAAGAAAGAGGGTGCCCCCATCCGCTAATTGGAAGCGACCTTTCCGGTCTCCGGTCGCGCCGGTGAAAGAACCTTTGACGTGACCGAAGAGTTCGCTTTCGATTAGATTTTCGGGCAAGGCTGCACAGTGAGCTTTGATAAAGGGTTTGTCTGAACGGTCACTGTTGAAATGGATCGCGTGGGCAACCAATTCTTTACCGGTTCCGGTTTCGCCTTCAATGAGCACACTGGTTTGGCTTTTAGAGACCTGGGCAATTTGATCGTACACAATCTGCATTTCGTGAGAATTACCGATGATGTTTGAAGGGCGGAAACGGTCTTTTAATTCTGCACGCAGACGCTCGTTTTCGGTTTGAAGTTTTTCGCCCCGTTCCTGGGCACTCCGGCGTAAACGTACGGACTGTGCGAGCAGGGACGCCACCATCTCCATAAGGTAGAGAGAGGATTTTAAATCATGACCCTCTTCGTAGGGGCGGTCAGCGCTTAGGGCTCCTACCACAGTTTTTCCGGTTTTGATCGGCACACAGATGAAGCTGGATTCCTGACGACTCATACGTTGGGTGCGGTTGAGGAATAAGGGGTGCTCACCTGTTTTATCGACGACAATTGGCTCTCCGGATTCGATCACTTGGCCGGTGATGCCTTCGCCCAATTTATAGCGTCCGCGCTGCGCTTGTTGGGGGGTAAGTCCATGGGAAGCATCGATCAGGATGTCGTTGGTTTTACGGTTTAAAAGAGTGATGGTGGCGTGTTTCATGCCGAGATGGTTTGTCATCTCGTCCATAATGGGATTTACAAT
CP120722.1_gap43	1525886	1529418	3532	CCGTGACGGCTTTGCAAATGGCGGCGGCGATCAATGTGATTGCCAACGATGGTTATTTGGTTCAGCCCTACATCGTTTCTGAAGTGCGGGGCAATGATGGCTTCTTATTGTATCAACGTAAACCTGATCCGTTGGGTGAACGGGTGATTCGTCCTGAAGTGGCCGCAGAGATGCGTCGATTGATGGCGCGGATTACGGAAACGGGTGGCACAGGTCGGCGTGCGCGTTTTGGTGAATATGAGGTGGCAGGGAAAACGGGGACGGCTGAAAAAATTATGCCCGGTGGTGGCTATTCGAAGAATAAAAATATTGCGAGTTTTGCAGGATTTTTTCCTGCTCAAAATCCGGCGTTGACGATTGTGGTGAGTGTGGATGAGCCCAAGGGCGAAAAGCGCACGGGTGGTTCGGTAGGTGCTCCGGTATTTGCGGATATTGCCCGCTATGCCGCGGGTTATATGGCGATTCCCACGGAGGGGTTTTGAATAATGACTCCGCCACCTGTAGCTATGACGATCCAAACATGGACGGACTGTTTGGGGGTGCCGCCACCTGCGCACTGGGTTGAACGTTTGCAAGGGGTTCACCCTGATTCCCGTCGGATTCGGGCGGGAGATATTTTTGTGGCGATTGAAGGTCATGAAGGGGATGGTCATCGATTTGTGACAGATGCGATTCGTCGGGGAGCGGTGGCTGTGATTGTGGAGCAGCCTTTATCCCTGTCCGTCAAAGTCCCCGTGGTTCAGGTGCCGGATTCTCGCAAAGCCTTAACGGCTTTGGCGGGTTGTTTGTATGGATCGCCTGACACCCCCTTGCGATTAACGGGGGTGACGGGGACCAATGGCAAAACGTCGGTGGTGGGGTTTGTGCGCCAATTTTTAGAGTTGCAGGGGCAGGCGTGTGGTGAGTTAGGCACGGTTTCTTATCGGTTTGGACAACGAGAAATTCCGGCACGTCGCACCACCCCCGGTGCACCGGAGTTACAGGAATATTTACGGTCAATGGTGGATGCTGGATGTAAGAACTGTGTGATGGAAGTCTCATCGCATGCACTGGACCAACAGCGGGTGGCGGGCATGGCGTTCGATACTGCGGTCTTTACCAATTTGAGTCAGGACCATTTGGATTATCACCAAGATATGGAATCCTATTTTCAAGCCAAGGCAGGGTTTTTTGCTTTTCCAAGTTTAACACATCGCATCGTGGGAGATGACCGGTGGAGTCGTCGCTTGGCGGAACAATTTGGTTCGGATGTGATTCGTTGTGGTCTGGACGAGGACTGCGAAGTACGGGGGCGGATTCTTTCATCAAGTTTGGATGGAAGTCAGGCTTTTGTGGATTCGCCATGGGGAAGCGGTGACCTGTTTATTCAGCAACCAGGTGAACATAATTTGCGCAATATATTGCAGGCCATGGCCGTGGTGGCTGCTGGGGGAATGCCTTTTGAAGACATTTTACAGACGGCGGGGCGTTTACAGGCGGCGCCTGGACGATTGCAAGAGGTGGCTTCGGGCTGTGGTAAAGTATTGGTGGATTATGCGCACACGCCGGATGCATTGCGAAATGTGTTGGGGTTGCTTAAGCCTTTGACGCGCGGAAAGGTCATTGTGGTTTTTGGCTGTGGGGGAGATCGTGATCGGACCAAACGTCCGTTGATGGTGCAGGCGGCTTCACAGGCTGACGAAATAATTTTGACTACAGACAATCCGCGTACTGAAGATCCTGCTCAAATTTTTGCGGATATGCAAACGGGGCTTGGGGAGGGGGATTGTGTTCAAGTGATTGCAGATCGGCGTTTGGCGATTCAAGCCGGGGTTGAGAAATTACAGGCCGATGATTTATTGCTGATTGCGGGCAAGGGGCATGAAACGGTGCAGTGGGTAGGGGCCTTGCAGCTTCCTTTTGATGATCGTAGCGTGGCGGTAGAGTGTTTAACTCAGCGTGAATTGTCTAAGACCGGAGGCTGTTAGCATGCCTTCACTTTCTCCTGCACACTTAGCGGAATGGACGCAAGGCACTTGGACCTGTGAACCTCACCAGCTCATTCAATCGGTATGTCAGGATACCCGACATATTCAGTCGGGTGCGCTATATGTGGCTTTGCATGGGGAGCGGGTAGATGGGCATGATTATTTTCCACAGGCCCGAGCGGCCGGAGCGGTAGCGTCGTTGGGACTCAAAGGGAGAGGAGGGGCTGAGCTTCCCTGTTTGGAAGTTGAGGATGTGGGACAGGCGTTGATGGCGATCTCCAAAGGATATCGTGAGGTGCTGACGCCACGCAAAATGATCGGGGTTACGGGCAGTGCTGGTAAAACCACCATAAAAGATTTGATTACGAGTATGCTCTCACAGGCAGGGCCCACTTGTAGCACTAAAGGAAATTGGAATAATTTTGTGGGGTTGCCTTTGAGCTTATTGGCCATGGAAGACTCGGATGTCTTTGGGGTCTTTGAGTTGGGGATGAATCAGGTGGGGGAGATTGCGGCCTTGACGGAGATCCTCAAGCCGGAGGTGGGATTGATTAGTTCCATTGGCGAAGCGCACTTGGAGCACTTAGGGACTGTCTCCGCCATTGCTGAAGAAAAAGGAAGTTTGTTGGCAAGATTGCCTGTAGATGGGGTGGCCATTTTGGATCGGGATACTCCTTGGTATCCTGCGTTACGAGGGCGTTGTTTGTGTGGATGTTTATCGGTTTCATTGAAGGAAGATGCCGATTATCGCGGGACTCTCCGGGAGGAGGGCTTGCAGATTGACGATGCACAACGTGAGGAACGTTTTGTGGTGCCACTGCCATTGCCGGGAGATCACATGGTGACCAATGTGTTGCAGGCGGTGGCGGTGGCTCGGGAATGTGGCTTGAGTGCAGAGGAGATCATTGCAGGATTACGGGCCTATACCTCGGCTCCCATGCGCTGGCAATGTGGCGACTTGCGGGAGTGGTCATTTATCAATGATGCCTACAACGCGAATCCGTTGAGCATGCGAAAATCGATCGAAACCTTTGCCTCCTTGGTACATGAAGGAGAAAAGTGGTTGGTGTTGGGAGGTATGGGAGAATTGGGGGAGGAGGCGCAAGCCTTGCACGGTCAGCTAGGGCATGAACTGGATAAACACGGTTTTGACGGAGTGGTGTTGGTGGGGGAGAAAGCGGCGTGGATCGGCGAGGGGATTTTGCAGACCCGAACCCTGTATGCAAACACCCACGCGCAAGCGGCCGAAACGATTGTCAGCGACGTTCCGTCCGGTGCCCACTTATTATTGAAAGGCTCCCGGTCGGAAGCTGTTGAGAAAATTTTACAAATCTTAGAAAAACCGAAGGAAAAAATCCTATGATGTATTGGCTGTTTGATTGGTGGCAAAATTTAGAAGATCCCGCATTAAAGGATGCCTTGAGTCCTTTGCGTATTATGGGGTATGTGACCTTTCGTGCCATGGCGGGGGCGTCCACGTCCTTTCTCTTAAGCTTAATTCTCGGTCCTAAAGTCATTCGGTGGTTGTTGGAATTGAAAATTGGGCAACCGGTTCGGGACGATGA
CP120722.1_gap44	1548252	1551068	2816	AAAGGAGCATGATATGGTACAGTTACGAAGCCCTCGGGCGTTACAGGAATGGGTTGAAGAGTTGGATCGCATGAGTCGAAGGGCTGAATGGGCTTTTCGGGAGCCCTTGGCCGATGTTGAGGCTACGGCGAGTGCTTTAAAGATTCAGGATGATAAAGCTCTGATTCAGTTGGATCTGCCTGGGGTTGAACCTTCAGAGTTGGACGTCAGCTTAGAAGGGGACCTATTGCAGATTAAAGCTACGAGAGCAGATCTACATGAGGAAAAAGACGAGATCTTGTTGCGAGAGCGGAGTTATGGAGAATTCGCAAAAGCCTTCCGGTTGCCTTGGCCGGTAAATGAGCAAGGGGTGAATGCCCGTTTCGTCAATGGCGTCTTGCGTATAGAACTTCAACGGGCGCCGGAAGCAGGGCCGCGTCACATTCAAGTACAGTCTAACTAAAAACAATATCTCTAAAGGAGAAATCAACATGTCTACAGTCATTGAAAAAGAAACAAGTGAAAAAACAGCGTCTCAGGACCTGAAAACAAATGAAACTCCCGTTGAGGTTTCGCGGATTCGTCCGGTGACCGATATCTATCGGAACGAGGATCAGGTACGTATCGTTCTGGATTTGCCTGGGGCCTCTGAAGATCAAGTAGAGGTTTCTGTGCACGATGGAGAGTTGAGTATCAAAGCTGAAGTTCCTCGTGAGCACGGGGAGCTGAGGCGTTATGAACGCAGTTTCCGTGTGGATCGTCGCATGGATACGGCGCAAATGAAAGCGGTATTGCAGCGAGGCGTGCTCTCATTGTCGCTTCCGTTTCACGAAGAAGCGAAACCGCGTCGGATAGAGGTCTTGGCAGGCTAATGCCTCTCCATCTAAAAGTAAAAGCAGGGAGATCGAAGGGTCTCCCTGCTTTTTTATAGGAGCTGAATGTTGTTTCTCCCTTGCTCGCAGGGAAGTTCTCGTGTTAGATCCCGCAAAGTTGATCCACTTTCTTGCTGAACTTTTCTGAAAACCAAGGGTATAGTGTTATTTATGCAATCTATTCAACCACCAAAGACATCTTCACCCCTTAAGCGTGCATCCTCTGCGATGCGCGCAGGTTTTACGCTTATAGAGTTGATGGTCGTGATTATGATCATTGTGATTCTTTCGGGCATCGTGATCACCTCCATGAATGGTTTTAATCAAGACAGTGGAGTAAATGCAGGAATTACGCGACTCGATTCGCTCTTTTCCCTGGCGCGGTCCGCGGCGATCACTCTGAAAACAAAAACGCGGGTTTTGATTAATTTCGAAAGCCAAGATCATGACAGCTTTCATGAATATCACCCTGCGCTTCGGATGGTGACCATCGTTTATTTAGCTGATGATGGAAAATGGAAAGTGTACACGAACCCAGAGTACTTAGATGATGGGGTTTTCTTTTCACCCGCCTTGAGTACAAGTACGGCAAACTCTACCCCTCCTCTTTATCATTGGGATGTGGATATTGATATCGATACTTTAAAAGTAGAGGACCCTCCTTATAAGGATGTCTTTAAGTGGACCTCTGCTTACACCTTGACCGATGGAAAAGTGGACGAAGTTGGAAAACTCAACTCCGGCCCTGGTCCTAATCGATGGTTGTCGTTTGAGTTTAACTCTAATGGCACTTTTGAGAGTCCCGGAACTCGAGTGGTGGTGACGAACGGTATTCTTGGATGGGAAGGCGGCCAGATTGCGATAAATCTTGATTTGGAAGAAGGTGAGTCCGCTGAAGACAATGCCAAAGGATTTGTTGTATTTCGTTCAGGGAAGTTATTGCATTTTCAATCTGCGGAGCAAATTAAGGAAGGGAATTAATGAAGAAATTTAACACTATCTCTAGGAAGTCAGGGTTTACGCTCGCAGAAATCCTTTTAGCGATGATGGTTTTTGCCATTGCCATCACCACGATTTTGGCTTTGTTGTCGCGTACACTCGAGCAGACAGATTCCGTTTTGGTAAAAGACGAAGCCATCAACTTAAGTTCGGCCGTGGATAACTTCATGTCTGAAATTCCATTTACCACTGCGTATCAAGCGGTGGTGAATCAGCCTAATTCTCACTTGTTTGCGTATCAGTATCGGGCAGAAGTTAATGGGAGTGGTGTTTTAGTTCCATATCCTACGGTTCAGCCTGGAGACCAAGTGGGGGTTGATTACGAGGTGGTTACCGGAGTTCGCTGGCCTGGAGATGTAGCAGAATTGGCCGCTGAAGTTGCTGCGCTTGATGGTCGTTTGTTTAAAGTCTATCTTGAAGTATCCGAAGCGAATCCCCTGGGAAACACCGGATTGGATTCTGATCCAAATACGGTAAGTGGTAGTCCTGCGGTGTTGTCGTATGATTCTGCAGTTCTTGTGGTGTTTGCCGAGATGTATGCAGTGCCTTCAACGGAGTTCCCTTTGGTCCGGACGGAAGTAACTCCTGATTTCTCCTTTAACTTTGCGGTGAGCCGATGAAAAATATGACCTCTTCTTCTCGAGCCGGCTTTACCTTGGTTGAGGTATTGGTCAGTTCCTTTCTCGCTTTGATTATTATGGGTATGTTGTTTGGTGTGTTAATGGGGACCATCGATGCCTGGGAGGGAGGTTCCGCTCGGTTAAAATCGAGTGGGGATGCCCGTTTGGCTTTGGATATCTTAAAAACAGATCTTGAAAGTATGGTGGTACGTCAGACTCAATACAATCAGGAATGGATGGTGAGTTTGCCGAGTACTGAAAATGGGATTACCTCTACCCGCTTGGTTTTTTTCGCCCCATCTCTGGATCGGGATACCACTGATCCAGGCGATATTGTGTCGCTGAG
CP120722.1_gap45	1672337	1675729	3392	GACGGGCATTTCAATCTGTTTATGCGGGAGTTATTGCTGAATTTGCGGAAAATGGACATCGGTCTTCGGCCTATGGGTGAAATGGATGATCGGGTGCGTAGCTGTATACGAATGATACGCAAATCACCACCGGGTAAAATGTTGCAAGAGTCGGAAATGGCTTCACAAGTGGGGCTGAGTATTGGGCATTTAAACCGATTGTTCCGAGAGCAGCTGGGTATGACTCCGCATACGTGGAGAAATAACTATCGGTATAAGCAGGCATGTTATCGCTTGTTGAATCAGGAGTCCGTCAAAGAAGTAGCCTATTCACTTGGCTTTTCATCTCCCCAGCATTTTTCGATTTGGTTTAAGCAGCGGTCAGGTCATTCGCCTCGAAGTTATAAACGGAAAGTTTCGGAGGGAGGGTTAGCGGGAGAGGCGATGCCGCATCTTGCAACCGTAGGACCCGTCCAGGATGGTTCGCTTTCGGGGTGAAAAAAATCCTCCCCGTTGCCGGAGAGGATTTTGGGTGTCGTCAGGTTGACGGCTTTATAAAAGTCACGTGTAATGCTTAAACCCTTTTGTGCCGAAAGAGGCACAAGGTGCCTAAACTGAGCCCCAGCATGAGTAGAGTTGACGGCTCCGGGATGACGCTGATATTCAGGGTGGAGTGTTCAGCGAAACGGTAAAAATTTCGAGTAATTGTGCTATCTTTCACACCTTGCTCTTCATAAACGGGGGCGTATATAACCAGAGATAAGATGCCGGAATTGACATCAATGGCGTTTTGGGCCGCAGAAATAAAGTCACTGCTGGAGGCGAAGGTAAAGATATCCCCTCCTACCAAATCACCCCCATCATACACATCATATCCTGTTAGGGTAGATAAAGTTGCACCACTGGTATCTCCGCCATTTGGCGTGAAGGAGTTCCAGGTGTATCCAAATGTTGTCCCTGTGTCCTTGAGAAGGATATCAGCATAGGTTGTCCCGTGCTGATCACCGTCCTGCCCCGCGACGGCCGTTAAGGATAAGCTTACGTCGTTTATGGTCATGCCACTGTAGGCGGAGAGATCAAACTGTACCACACCTCTTAATAATCCCAGATTTTCATTATCATGATAGCCTACAAGGGTTCGATGTTCCCCTTCATAACTTGTGCCCGTTTTGTAACTTCGTATATAACTATCTACTGTAGAGACGAGGGTGTCGCCGAAGCCTTGAATGGAGATCATGCAAAGTGTGATCGCGAAGATCCAGGTTTGGGAGCGGGCAGGGGAGAGATGTGTGAACTTCATAAATTAGTTTCCTTAAAGGCTTTTAGCTATCCTACTCTTTGATGGTTGGAGATCCTAGGACAATTTTTTCCTAAATTTCGGATAGAGGGTTGTGTTATAGGGTCGACATAAAAAAATCCTCTCCGTTGCGGGAGAGGATTGTGAAGTAAGAAAAGGAGTTGAATCCTATTCTTGAGCTGCGGAACGTCCACCGACGCCACGTTTGCTTTCCACTTTTTTGCCTTTAGGACGCAGTTTGCGTACGGCTTTACCGGCCTGCCACATTTCGCTTTCGGACATTTGAGTGAGTTCCTTTTCGAGAATCTCTTTGTAGTCTTTGCGGCTACCCATGCGCATGGTGCGGGCAGCTTCTTTACCGGTGATGACTGATTTATACAGTTCTTTAAACACGGGTAAGGTGGCTTTTTTGAATTTTGGACGCCAGTCTAAGGCACCGCGCTGAGCGGTAACGGAGCAGTTGGCATACATCCAGTCCATACCGTTTTCGTCGACGAGACGAATAAGGGATTGGGTAAGTTCTTCAACGGTTTCGTTGAAAGCTTCGGAAGGGCTGTGACCGTTCTTACGTAGAACTTCGTATTGAGCTTCCATGACACCGCAGAGGGCTCCCATGAGGATACCGCGCTCACCAGTGAGATCAGAAGAAACTTCTTTTTCGAAGGTGGTGGGGAAGAGGAAGCCTGATCCCACGCCGATTCCGAGGGCTTTGCAGCGGTTTTCGGCTTTGCCTGTCGCGTCTTGTGAGACAGCGAAAGAAGAGTTGATCCCGGCGCCGCTGAGGAAGTTACGACGAACGTTGAGTCCGGACCCTTTAGGAGCGACCAACAACACGTCGATGTCTTCCGGGGGATCAATTTTGGTGATGTCGTTGTAGACGAGACCGAAACCGTGAGAAAAGACCAATGCTTTTCCAGGGGTCAGGTATTTTTTAACCGTTTTCCAAAGTTGTTTTTGACCGGCATCGGAAACCAAGTACAAGATAACTGTACCTTTTTCCAGTGCTTCTTCGATGTCGAAGAGGTCAACGCCCAACTTCCAGCCGTCTTTTTTTGCACGATCTTTGGTACGTGCACCGATGATAACGTTAAAGCCGTTATCTTTCAGGTTTAAGGCTTGAGCGGGGGCTTGAACACCATAACCAATGACGGCGATGGTTTCATTTTTTAGGGTCTTACGCGCTTTCGCGAGTGAAAATTCTTTACGGGTGACGACTTCTTCTTCGACGCCGCCAAAATTGATCATGGCCATAGTGATAGCTCCAATAGGGTTTAAGAGAGTGGGGCTCTATATGGTTTCATAAGAGATTGGTCAATCTTGTTTATCAGTGTTTGTTGGGCTTTTGAGATTTCGTTGATTCAAAGTGGGGGAGACTAAAGGCTAATGACGCATTGACTCCCTGTGAAAAAGCTCTAATGAAATCCTCATGAAGAAAGCTATTTATCCCGGAACCTTTGATCCGATCACTCTCGGGCATATTGATATGGTGCAACGTGCGGTGAAGGGATGCACGCATTTAATCGTGGGGGTGGCCAAGAGCACTCCCAAAAATGTGTGGTTTTCCACGGAGGAACGGGTGGAACTGGTACAGGATGCCTTGAAGCACTTGGACAATGTAGAGGTGAAGGTTTTCGAGGGGCTTTTGGTTGATTTTGCGCAAAAAGAAAATGCCGGGTTTATAATTCGTGGGGTGCGTGCATTTTCTGATTTCGAATATGAATTGCAAATGGCCTTAATGAATCGAAAGCTTGCGCCGGAAATCGAAACCATGTTTTTAATGCCTGCGGAGGAGTACAGCTATATTAGTTCCAGTCGCGTACGTGAGATTACGGCGCTAGGTGGAGACATTGGCCGTTATGTGACACCGGCAACGCTTCAGGCCTTAAAAGATAAACTGATTTCACGTCACGAAACCAAAGATACGCCCCGTCGATCCGCCGCCGGTGGTTAAGTTGAGGAATTTTGTTATGCCACATCCCCTACATCTCTCCTTAGAGGCCCTCGAGAAAGGGCCGGTCACCTTATCAGGCGAACTGCCTGGCACTTTTTTAGATCTCGAACAGGAAGCATCCATCCGGAACATTGGGCCCGTTATTTACGATTTAGTTGCGGATTT
CP120722.1_gap46	1726307	1729647	3340	GTGACATTTGAGTTCACTTTAACAAAAATTCCGGTTTCTTTGGCTTTTGGGTCGGTGAGGATGGTTACACCTTCCTCCGACTCCCTTAGGCTGGATGTGGCGCATCCAGTAAGAAAAAGGATTGCCATCAGATAAGAAATTGCTGGTTTCATTTTAACGGTCAACGTCACCCTGATGGGGCCGAGTTCACGAGGTTCCATCGAGGGTTTTGTTCTGCTTGGATTTTTCATCCCAGCGATTCCAGTATTTGTGACAAGCATCACATAGTTGCTCGAATGTGATAGATTCCCCATTGTCCAACGACAACGAAAATGAATCGAAATCCAATTCTAAAGTTCCAAGAGTAGTAATTATATTCACTGGGAGATCTTCCGAATCTGTACTTAGTATCTCGGTTTCGACTTTCGATATATGCGCTTACCCCCAAAAACAGGACCAGGGTCTTAGATAGGATCTGTAGCCCAGATATGGTACAAACAAAGGGAAAACCATGGGTAACAAACGCAGAAAATTCTCTAATGACTTTAAGGCTCGTATAGCCATCGAAGCTCTGAAGGGTCTAAAAACCACAGCACAAATCGCCGCCGAACATAAGTTGCATCCCACGCAAGTAACGGCATGGAAATCGCAACTTCGAGATTCTGCATCAGGGGTGTTCTCGTCATCGACTTCGACAGAAAGCAAAAATGAAGAGCAGCTCACCGCCCCCCTGTATGAGGAGATCGGTCGACTGAAGATGGATATAAAGTGGCTTGAAAAAAAGTTATAAGCCTTCCTGTTTCTGAACGCAGAAGCTGGATCGGTCCTGATTCAAAGATTTCGATCCGTCGTCAATGTCGGCTGGCTCAGATTCCTCGTTCAGGCTATTATGCCAAACTCGTCCCTGACACGGAACTCAATCTCGAGCTGATGCGACAGATAGATGAACGTTATTTGAAGCACCCTGAATATGGGGTGCCTCGAATGACTGACTGGCTAAAATCGGAAGGATACAAAATTAATAAAAAGCGAATATATCGTCTGATGCGGAAGATGGGGATCTATGCCATTACCCCCGGGCCGCACACCAGTCGGCCGGCACCGGAAAACAAAATATACCCGTATTTATTGAGGAATGTTCCGATCGAACGAGTAAATCAGGTATGGAGTACCGACATAACCTACATTCCCATGCGCAAGGGATACCTGTATCTCTCTGCGGTAATGGATTGGTATAGTCGCTATGTGTTGGCTTGGAATGTATCCAACACGATGGAAGCAGGGTTTTGCACCTCCACCTTAAACCGAGCCCTTGAATATGGGGTACCGGAAATCTTTAATACGGACCAGGGCAGCCAATTCACGAGCGATGAATTTACCGGTACACTGAAAGAAAAAGATATATTAATCAGCATGGATGGGAGAGGCCGTGCGTTGGACAATGTATACATCGAACGCCTTTGGTGGACGTTGAAATATGAAAATGTTTATCCCAAGGTGTATGAAACAGGAGAAGACTTATACGAGGGACTGGAGACATATTTTCGATACTACAATCATGAAAGAGACCATTCATCCCTGGGGAAGAAAACCCCATCAGAGATATATATTGCAGGAAACGGATTGATATGAGAAAAGAAATTCAATGCGCCGATTCATTCCACCCTCAGCCCTTCGGGCTGCCCCTCCGGGGACGGGTTACATGAATCGGCGCATTGAAAGAAAGGCTGGCACCGAGGCCGGTCGAATTAAAACAAACCGGGCTCAGGCTCTATCTAAGAAACTCGGTCCCGTGGTCGGGATTTGGGGGCAAGCGCAATATGCTCTGGGTCATCTGTTATTTGATCCTCTTCCCAGATCTTCATTGAGAGCTTTGTACAATTTTTGAGATGAACGAAAATGATGTCGCCATCATCAGAGAACATGGTTCGCAAATATTTGATATCTACACAGATATCAATGTCACCTGGCACAGATCCTTCAATCAATCCGATTCCTCCATCGTGGAGTATATTCCAAATTTCGATTCTAGGATTCATTGCAAGTGTAGAACGTTTAGATGAGCGGACGGAGGCACGACGTTCGCTCAATATTTTGGTTATGGATGCACCATTTTAAGAATTTATAGTTCGTGATATTCATACCAAGCCACTCCCGACTTATTTTCGTAGAGTAATACGTCAAATCCAGAAGATGTCACCTTAAGGAAACATAGATCAGGTTCTATTATGATTTTAGGAAAAGCGCTTGCCAAGTATCTTGGTGCGAGCTCAAAGGTGTATGACTTCTCCCATTTTTCGAAAGGGATTTCCTTAAGCTCATTGACTTTTACAAGGTTCTGGAGGTCCATAAGACTTATTATAAAACCAAATTCTGCGGAGCCTTCTGCAAATAGAATTCCTTGATCCACATCCTTGTAAATAAGTTCAGCAGAAATTGGTAATTCACCGAGCAGGGATTTAAAAACGGCAGCCTCGCTCGGATTGCAGTACTTAAATGTAAGTGCTCCAGCCACAATAGTCACAACCAGAATTTGAATTTCCCCTTTTTTCATATCTCTATAACATCTAGGCAACCGGACCGACGGAGGAGGTTCGGTTGGCCTTATGGTTGAACGTTTGAGGCATCATCCCGCTATCATGTCTTTTTTGAATAGATTTTTGATACCACCAATCAGCAAAATCTGGATTAACCATGCCCTCGACCGGATCATCCACTTGGAAAGGTGGGGCATCCGGATACATCATTCGAATATACCCGCTCATCATAAATAATGGATATCCTCGAATAAGACCGGTTCTGGAATCCTCAATCACAACTGACAGTCGGGAGAAATCCTGAAATCCGCTTTGTAGTGATGATATGAGTTTGGTTCGAGTTAACGGGTCTACTTCCTCATCAATTGTTTGCATCAATGCTTCATGAGCTGGTTCTCCAAGCTCTCTCAAAGCAATCGGAAGGTAGCAGTATCGTCTGCTCCACGGACCATGACGTCTTAGACTCCTGATGATAGGTTGGATGGTTCTAGGGCCAACTTCAATAATACGGTCACAAGCGCGTCTGCTGGGTTCCTCTCCTTTGGGTTCTACAAATGCAATCGATTTGACAACTATCGTTGGCCAAGCAGCCCAGGCCATCACCAAAGAAAACGCCAGGATGCCGATGGTGATGATTGGCTTTTTAGGTTTCATAGGAGTTCAACGTAGCTCTGACCGGACGGAGGTACGACGTTCGGTCTAGAGGCATTGTTCTTAGTGTTGCATTCGTACCTTCACGCTCTTAACATCATTTAGCTCCATTGTTCTAATTGAAGAATCTTTTTTGTAGTCAAGGTAATGAAAGTAAATTTCCGTTCCGTCTT
CP120722.1_gap47	1827307	1829829	2522	TGAAGGACTTGGCGGAAGGGTCCATCACCGTAAATGATGAATCCTTTAGCGTTGAAGAGCTACCCCAGGGTATCCCTTTTGATTATTTACCTGAAGAAATGAATATACAGTATAGCGGTATACGGGATGACGGCATGGAGCTGAATGTAACGTTAACGATAGATCCCCGAAAGAGGGCCCCTGATTTCCCATGAACATGATGATCAAGAAGCTGTTTTCCCTGTGTAGCCTTATGGCTTTTGTGAGTACGCCCCTCTTTTCGGCGGAGGTGGATGAGTTGATTGAACAATTGGGTGCGGAGAGCTATGAACAGCGCGAGGCGGCTACCGAGGCGCTGTGGGGCATGGGGGCTCGGGCATTGCCCGGCGTGAGGGAAGCGACAAAGGATGCTGATCCAGAGGTGAAGGCCCGCGCATTGTATTTATTGCCGTACTTGGAGCGAGGGGTGCCCCCTGACTGGCCCGAAGATTTGCAAAAAGATGTGCTCAACTGTGAAAACTTATCTGAGGGGGCTTTGGCGGAGTTAATGGAGACGATTGTTGCGTCGTATGGAGAGGAGGCATTGCCTTTTGTTATGAGTCAGCTTCAGGGCAACGCCTCTGGAGCGGCAGTAGCGCTCTTAAAAGCGCAATGGGATCAAGTGGGCTGGCGGGAGAAAATTATTCAGGCCTTGCCTGCTCAGCCTGCCACGGAATTAGAGGCTCATCTTTTAGCGGATGCGTTGATGCAATCCGCGGAATTATCTGATTATCAACAAGCGTTGGCGTTGGAGCATCTCTCGGAAAGCTATCGAGAAAAAATTATTCGTGCGGCCATCAAGGAGATGATCGTTCTGAAGAAAGCAAAGGAATATGAGGTTTTGAAAATTCAAAGCCAAGCCTTTGGTCGGCTGGCTCCTCGGGATGCAAGAATGTTGTATGTGGAGAGTATCGCACTTGCTCAATTGGGCGAGCCGTCTTTGGCAGAAGGATTACAGGCTCAGGCCATACAATTGGATCCTGAGGAAGAGTTGCCTCATTATTTGGCTGCGGTGATGTTGGAAGAGATGGGCAAAGTCAATTTGGCCATTAAAGAATGGCAACAGGTTTTGGCGATTGCGCCCCAAGATGATGTGTATGATATCAATGCGTATTTACATCTGGGGGAGCTCTATCAACGAAAGAAAATGTTCGATAAAGCGGCGGATCATTTTGAGGAATCCCTGGGTTTGTTTCGAGCAGCTCGGGAGCAGGGGCAGGGCATGGGGATTGTGGGGGCTACGGAGGAAGAGCTTGAGCAACGTATTCAAAAGTTACGTGGACTTAAAACGGTGATTCATGTGGGGGAAGACCCGCTGACGCCGAGTGTTGAAGTAGGGGTAAAAGGTGGACGTGAAGACGAGTTGAGAGCACTGGCCAAAACGGTGACCGGTCAGTTGAGTTTTACCGTGGAGCCCTATGGGTTTCGACTGCTAGAAAAAGCGGCCTCTACACTGATTTATGAACAGGAAACGGGACAGCTTCGCCTCACGCTCAATGGTAAACCTTTTGGCGAAGGGTCCCCCTATATTTGGAAAGAGAAGGGGAACCGCATTTTAGTGCGCAGTTTGGATATGCGTTATATTTTTGAACTCGATTCTGAAACGGGTGAAGGAAAAATTCTCGATCGTTTCGAAGTGGATTATGTGTTTAAAATAACTCCCAATGAAACGGTCAGTCAGTTCAAAGAGCCGGAATTGATGCTCAATGAAAAAAAGATCAGCTGGGAAGAGCTGAAGGCTGGGGTGGACATGGACTTTTTACCGGAAGAAATTACCTTTCTTCTGAAAGCTAAAAATGAGGTTGGCTATAACATCAAGGCCGAGCTTAAGTTTGATCCCCGTAAAGATGCTCCAGACATTCCTTGAACATCATGGGTCACAAAACTTGTTCGGTTGTGGGATCAAAGAAGCTACATTTGTCCAAATGAAGATAGAGGGTCACCTCTTCCCGACGTTTAAACAGTCGGTCATTTTGGATGCGACCGATTAAGCGATGATTGGCCATATCCATATGCAAGAGTGTTTCCGCGCCCATGGGTTCTGCTAAGCTTACAGGTGCGGTGAATTCCGCTTCATTTTCGTGCTGACTGCGTTCGTAAAGATGTTCAGGACGAATGCCCAATACGACGGGTCGACTCCCTATTTCTTTAGCTTTTTGTGCGGAGGGACCTTTTAATTTAATTGTCCCTAAGGGATGGGTGTCTCCCTCATTTTCGATGAAGTAGGCTTGATCGTTGTCCAGCTTCAGTTTTCCATGAATAAGATTCATGGGAGGGCTACCAATGAAGCTGGCCACGAACATATTTTCAGGATGTTTGTAAAGGGTGAGAGGGTCTGCGACTTGCATGATCTCTCCCGCGTTCATCACGCAAATTCGGTCTCCCATGGTCATGGCTTCGACTTGATCGTGGGTAACATAGAGAATTGTGGTGCCCAGGCGTTCGTGCAGGTTCGAGATCTCAGTCCGCATTTGCACCCGCATTTTTGCGTCCAAATTTGAGAG
CP120722.1_gap48	1847012	1849547	2535	ACGCGTTGAAAACCGTAACCGACATTTCCGGTCTCTACTATCGTATTGAACGGAACATGGTGATCATTGAGCGTGAAGGTCGTGGTCGTTTAATCACTCGTTTTTATCCTGTAGATCCTACCCGTTGGGTCGTGGTTTCTGGTAATATGGCTGCCCGTTCGGGTGGTGGGATGAACGCTGGTGCCAGCAATGATCCTTTTGCGAGCTCCAATGATCCATTTGGTTCTTCTGCAGCCGCTCCTTCAGGTTCCGGACCAGAATTGAATTCACTGTTCTCCAAATATGGTGTGAAAATTCCTGATGGTGGAGACATTGCTTATGAGTCATTGATTTCTCAGTTGGTGGTGACCTTAACCCCTGATCAATTCCCACAATTTGAGGAAGTACTCAGAAAGATTAACGTGGCGCCACGCCAAGTTGAAATTGAAGCTCGTTTTGTTGAAGTACTGCAAAGTGACCTCGAAGAACTTGGTTTTGAGTGGATCTTAACAGACAACGCTGAACTGTTGGTTCAAGATGGACCTGGTGCTGTGGCTTCCCGTCCTCGGGTGGTTGCGGATCAAAACTTACAAGGTGTAACCTCAGGTCTTCGTTTCTTCGACTTTGACTCTACCGCTGACAACGTTCAGCCTACCAGTCGTAGTAGCAGCAATGGTAATAATTTCCTTGGTGAAATTATGTCCTTCTCTGGAATTTTGACCAACCCTGAATTGCAAGTTGTGATTCAAGCCTTGGATCAAAAAGGAAACTCCGACTTGCTGTCCTCACCTCGAGTGACCACCGTTCATGGTGTAAACGCGATTATCGAAGTTGTACGTGAGATTATTTATCCTACAGAGTTCGATATCACTGAAAATGATGTGAATGTGGATGGTGGCGGAACCGGTGATAGTTTCATCTTCCTGCCTCCTACCGTTGAGCCAGGTGGATTCGAAACCCGTAACGTTGGTGTGATTCTAAATGTGACGCCTACTGTAAACGCGGATAACTATACCATCAACTTGGTGATGCTTCCTGAGATTGCGGAATTGGTGGACTGGTTGCAGTACGGTTCTAGTATTCCATTAGGCGATGGCACTGAATACCTCGTGAACATTCCACAACCTGTATTTGAATCACGTAACATTACCACTTCCATGATTGTATGGGATGGCCACACCGTGGTTATGGGTGGTTTGATTCGTGAAGATTTGACTACTTATGAAGACAAAGTACCCCTGTTGGGTGACTTGCCTATCATTGGTCGTCTTTTCCGCAGTGAAGGTCGTCGTTCTGAAAAACGTAACCTCTTAATTTTCGTAACCGCTCGTTTGGTTGACCCCGCGGGTAATTCTGTGAATCGTAAAGAACAGCAGGATTTGGTTTCCGGAAAAGGAAGCAGCAGCATCACTTCTAGTGGTGGACCTGTTGCCATACAATAAGTGTAATTGACTTCACTGGTGAAGCAGCTCAGCGAGAAATTGCTGCAGCTGCTTCATTGTTTCTACTAATAATGATATGAAAAGTTCTCCTGTTCGTTTTTTTGGAATCTTCTGTTGTCTTCTCCTGTTATGGGGGGGCGCCTTGGGGATTCGCAGGGCGGTCTTCCATCAGCAAACGCGAACCATGAATGGAGAAGAAGCACCTTTCCTCATGGAAAGTGCCTTGCAGTTTCGGATGACCCAAATGGTAAACGAAAACGGTCGTTTGCCGGAAGTGGATGAAAAAGTGCAGGTGCCGGAAGGGGTGGTGATGCGGGAGACCTACAGTGTAGGTGCTGAACAGGTCTATACTTTCATCGCAAAGTTCTTACCGGAGAGTTGGTCTTTTGCTCAACGTGTGCGGTGGGCGTCGGCAGGAGTTTTCTGTTTGGCGATTCCCTTGGCTGCATTGTGGATTGGCCTAAACGTTAGGTCCATGATGGGAGGCTTCGCGGGAGGGCTGTTACTCGCGGTGAGTCCAGCCTTCGCGGTTCGTTCGAGTGGATTGGAATTATCCCGAGAAAACGTAGCCATCCCGTTATTTGTGTTGTTTTTATTGGCAACGGTGTTGTTTGATCGGGCAGAACGCAAAGGCGCGAAATGGAGTGCGGCCTGTCTCTCCGGAGTGGCCATTGCCTTGGCGCAGTGTAGCTGGGATTTGTCTCAATATATCATCGGACTTTGGGTGGTGTGGGGCTGGGGCTCTCTACTGATGGGGAAAACGAAATCAGAGGATGACCGAGTGCTGTGGACGGTGGTTTCTCTTTGTTTGGTGGTGGTGTCGATGGGCAATCCTTACTTACGAGCGCATGGGTTCTTTTATTCTCCGGTGATGGCGTTGTTGCTGGCCCGAGCCGTTGTAGGATGGATACCTACAAGTGATCAAGGCTGGAAACTCTTGGTGTTCCCGGTCTCTTTTTGGGGACTATGGTTCCTTTTGGGGCATTTCTTTGTAGATAATTATTCCCACTTTGGAGAATTGTTGTACGCCAAGTTGCGGTATTTAAATGTGAAACCTGAAAACCCGGCGCTTTTGACCTATACGCAACGTATCATGTGGACCCCTGCATTGAAT
CP120722.1_gap49	1938778	1941969	3191	AACGTACGCCTGAAGATGAGTACGAACACTACGAATTGCGTAAGTTCATGCGTACCAATGCGGGTACCTGTGCCAATCAGAAACCCATCGTAAAAGTTGGACAAAAGATTGCCTTGGGTGAAACCATTGCTGACGGTGCGGCGACAGACATGGGCGATTTGGCCTTAGGTCGTAACGTACTGGTCGCCTTTATGCCTTGGTGCGGATATAACTTTGAGGATGCGATTCTGTTGAATGAGCGCATGGTCAAAGACGATGTTTACACCTCATTGCACATTGAAGAATTTGAGTGTGATGCCCGTGATACCAAATTGGGTCCGGAAGAAATCACGCGAGATATTCCGAACGTGGGTGAAGAAGCCTTAAAGAATCTTGACCATGACGGTATTATTCGTGTGGGTGCTGAAGTAAAACCTGGTGACATTCTGGTGGGTAAAATCACACCGAAGAGTGAAACCGAGCTTGCTCCTGAAGAACGATTGCTTCGTGCAATTTTCGGTGAAAAAGCTGCTGATGTTCGTGATACCTCTTTGACCGTTCCATCTGGAACGACAGGTATTGTCATGGACGTGAAAATTGCCTCTCGCAATTCCAGCAAGAAAAGCAAATTGACACCAAGTGAAAAACGTCGTCAGGCCAAAGCGATTCACGAAGATCACAAAAACAAATCTTCTGAAATCACCGAAGCCTTGACCGAAGCCTTGAGTAACATTCTCTTGGGTGAAAAAATTCCTTTGGATGTGATCAATTCCAAAACCGATGAGATCATCATTCCGGCCAACCGGAAGATCACCAAGACCTTGCTACGTAAATTGGCAGCGGCACACAAAAACATCGAAATTGATCCGAGTCCGATTCAGATCAAGATCGAAGGCATCATCTCCGAGTTCAACAGCAAGTTTGAAGAGCTCGAAGAAGAGTACGACCGCAACATGGACCGTTTGGAAAGTGGTGACGAAGTCGATCCTGGTGTGGTCAAACGCGTAAAAGTGTATGTGACCAGCAAAAAGAAATTGATGGTTGGAGATAAAATGGCGGGTCGTCACGGAAACAAAGGGGTTATTGCCCGTATTGTTTCAGAAGAAGACATGCCATTCCTTCCTGATGGAACGCCGGTAGATATCGTATTGAACCCCTTGGGCGTACCTTCTCGTATGAACGTGGGACAGGTATTAGAAACTCATTTGGGTTGGGCCTGTCACAAGTTGGGACTACATGCTGCAACACCTGTTTTCGACGGTATTCCCGAATCCAAGATTTGGGAATTGATGGAACAGGCTGGTTTACCCAGTTCGGGTAAAACCGCGCTTTATGATGGCCGTACGGGTGATCGTTTTGACCAGAAAGTGGTTGTAGGTATGATTTACATGCTCAAACTTCACCATTTGGTCAGCGAAAAGATCCATGCACGTGCGGTGGGACCTTACTCCTTGGTTACTCAGCAACCGCTGGGTGGTAAAGCGCAGTACGGTGGACAGCGTTTCGGGGAAATGGAAGTATGGGCATTGGAAGCATATGGTGCCGCGTATTCACTGCAGGAAGTATTGACTGTTAAGTCGGACGATCTTGCAGGACGTACCCGGATCTACGAGGCGATCGTGAAAGGTCAAAACTCGTTGGAATCCGAAACACCGGAATCCTTTAATGTTCTGATGAAGGAAATGATGGCTCTGGGACTCGACATCCGTGTTGAGCACGAGCAGGAAGCCTAATCGACACATCCAACCGCCGGGAAGGGGAACCTTCCCGGTATCTGACAATTTATATAGTAACTTTGCAAACGGAGAAACCTAACGGTGGAAAATACAGAACATAACCTCATCCCCAGCCTGAACGACACAGGCGTTGATTACGCCACCATTTCCATTGCGTCCCCGGAGACCATCCGCTCTTGGGCTTACCGCAACGGCGAATACCAGGAAGTTAAAAATCCTGAAACCATCAACTACCGAACCTTCAAACCTGAGAAGGGCGGCTTGTTTTGTGAGCGTATTTTTGGTCCTACCAAGGACTGGGAATGTGCCTGCGGAAAATACAAACGCATTAAACACAAAGACGTCATCTGTGATCGTTGTGGTGTAGAAGTCACCTTATCCCGTGTTCGTCGTGACCGTATGGGTCTGATTGAACTCGCGGTTCCGGTATCTCACATTTGGTTCTTCAAATGTACCCCGACGCGTTTAGGTATGGTTTTGGATATGACTGCTCGTGCTCTTGAGCGTGTGCTTTACTACGAAGATTATATCGTGGTAGATCCCGGTGATACTCCATTGGAAGAAAAGCAGCTCTTGAGCGAAATGGAAATGCGTGAAGCCGAAGACAAATACGGCGAAGGTGCTTTCGTAGCCAAAATGGGTGCTGAAGGTGTACGTGATCTTATTTCAAAAATTGATATTGCGGCTGAAATCGAAATTATCGAAGAAGGCATCGAGAATACGGGTTCTAAACAAATTCTGAAGAAATTGACCAAACGTCTCAAAACCATGCAGGCGTTCCTTGATTCCGATACACGTCCTGAATGGATGATTTTGGAAGCGCTGCCAGTGATTCCTCCGGATCTGCGTCCATTGGTTCCCTTGGAAGGTGGGCGTTTTGCGACCTCTGATTTGAATGATTTGTATCGTCGTGTGATCAACCGTAACAACCGTCTGAAAAGCTTGTTGCAGTTGAAAACTCCTGACGTGATTATCCGTAACGAAAAACGTATGTTGCAGGAAGCTGTAGATGCGATGCTCGACAACGGACGTCATGGTCGTGCGGTAACGGGACCTGGAAACCGTCCTTTGAAATCTTTGAGTGATATGCTCAAAGGGAAACAAGGTCGTTTCCGTCAGAACTTGCTCGGAAAACGGGTGGATTATTCCGGTCGTTCCGTAATTGTGGTAGGACCCGACCTGAAAATGCATCAGTGCGGTTTGCCCAAGAAAATGGCGTTGGTTCTGTTTGAACCCTTCATTATCCGTCGTCTGAAAGAGATGGGTATTGTGCACACAGTTCGTTCAGCCAAGAAATTGATTGAGCGTGAAGCTGATGAAGTTTGGGACATTTTGGAAGAAGTGACCAAAGGACATTCTGTACTCTTGAACCGTGCGCCCACACTTCACCGTCTTTCCATTCAGGCTTTTGAGCCGGTATTGATTGAAGGGTCTGCGATTCGGGTTCATCCCTTGGTTTGTACTGCATATAACGCC
CP120722.1_gap50	1984814	1988758	3944	AACTTGCCGTACTGATTTTTATAATGACCTTGCTGCAGGCCTGCTATGTGATGAAGGGTGCCCTGACTGTAGATTTATTTTATCCCTTGATTTTTCAACAGCTGATTCCCGTGTTTGCGACGGCTGGGCTGATCTTTGTGGCCCGGATTTATTTGTATCACTTGCAGAGATCTCTGCTTGCGATCGATCTTGATATCGAGGTGAAGGAAAGGTGGACGTCCCCAGAAAAAGCTGAGGTGTAGACCCGCAGTGGTGCAGACATGAGAAAGGATCAGGGTGTGCTGTTTCTGATCTGCCGGAATGTGAGAGTAGGGGGGGGCTTTAGCGGAGTTCGCTCACGCTGATTTCAAAATGTTCTTCGTGGAGAAAGATGGGGTAGTGTTGGGTATTGATTTTATATCCGGCTTCGAGCATGCGGGCAAAAAAATTGTGGGCATGGGGGCGCCCCGGTTCTGAAATGATCAGTGAGCCCTCCTCATCCAGGAGGGTATTAAGGTTGCGTACCAGATCAGGGAAATCTGAGGGACTGTAGAGAATATCTGCGCCGATGACGACATCGTATTGCGCATGAGTGGTGGGCTCGCACCAATCGAGGGGGTGAAGGGCCGCAGGGGATATTTCATTTAGTTGCCAATTTTCAGCGGCCAGAGCCAAGGCATGGGGTTCGAGATCGGTTACGGTCACCTCTGCACCCAATTTGCCTGCGGCGATGCCCGCTAATCCGCAGCCACAGCCGATTTCAAGGACGCGTTTCCCTGCCAGTTCTTTGTCGATCAGAACATGTTCGGCCAAAGCCAAGGCAGAGGGCCACAACGAGGCCCAGTAACAAGGGTCGTTATCGGTAGGGAATTCGCGGGCATAGGCGAGTCGAAATGTGTGGTCCAGAATCTGGATATTTTGTTCTTCAAACTCCAACATGGGGCCTGCTTAAAATGTTGGGAGTAGATTGCAAGGGCTACTGCATACGAAAAGTCCAGAGCGGGGCTTAAGGATAATAGAGATCGATGATTTTTTGGAGAGCGGCATGGGCAGCTGCCCCATGAGTGGCGTTGTATTGAGTCACCCAGACGGAATACCAGCCCTCGGCGTAGAGCAGGTTTTTGGGTGTGCCTAGGCCCTTGGGATACATGAGATCGGTATGCTTGCGGAAGGCCTCATTATCCATGGGAATAAGGCTTTGGTAATGACGCAAGCGTTCGAGGATCGCGGGGGAGGGTTTGAGACCTGCTTTGTGAATATCTTTGGCTAGTTTTTGGGGAGATTCCGGTTGTACGCCCCAGAAATAGATCAAGGGGGTGAGATCAGCGCCTGCCGCGAGTGACATACGCAAAATACGACTGTCAGTAGGATCAGTATTGCGGGGATAGGTGATGCCTTGCATGTAGTCTTGATGCACTGAATACCAGAATTGAGAAAGTGCCTCCCAGCCAAAGAGGTGAACAATCTCCACATACTTGGCGAATCCGCGATGTTGATATTTCACTTCATCCCCTGGTTTATTGGAAATATTCATAGGATGGCCTTGGCGGAAATTCTCGGTGACCATCCAGGTGATCGCGGCCTGATCCAAGGAAATTTGTTGTTTTTTCAGTATAGAATTTCCGAAGGCGCGATTGAGATCGACATCAAATTTCTGATTCATGACTGCAACGTAAAGTAAGTTTACTACCGCTTCAGTTTCCCCTCTAAATTTGGTGAAAGCCATGGCGTGTCCCAGTTCATGAAAGACCGTCCAATCCGTATATTGAGGACCGCGAAGCATCCAATGACCGGAATGTCCTTTTTCATCTTTTAGAGGATTGTAGGGGTAATTGGATTGAGGGTATCCGGGGTAGTTGGCCTTTCCGCGCATGGTGACATCGATTTGGAGATAGAGTACCGTTTTGGGTTGGACGGGGGCGAGTCCGAATAACGACGTCACGGCATCAATGGCTTTGTCCCAGTCTTGCATAAGAGACACTGGGTCATCAAAGGCATAGATCCAATTTGTGGGGACTTGCATCATGAATTTGTCCGATTCGAAGTCGGCCCACGGCGCGGGATGTAAGCGTTCGCGGGTTTGCCAATCTTCCAGGCGGGTAGGTGAGAATGTACGGGCAGAGAAAAAGGGTGCTCTTACCGCATTTTTAACATGAAGGGTTACGAGTCCCGCAGACGCTAAATATGGGACTTCTATGTAAATTCCCCCTCCTAAGGGATGGGTAACCCAGGTATCCCTTTGGGTGATAGGGTACACAATGGATACCCGATCTAACCGTGAAATGGTGGGTTTCTTTTGGAGATCCCACGAGTGTGCGCCCACACGGATGGCATAGCCTTGGTTGACCAAGGCCTGGGGGACGCGGACGATGACGATACTTCCCGGAGCTACATAATAACCGGTTGGACGACGAGCGGGCTCTTGATGTCCCATAACGGGACTACCCCACACGGCGGGTTGTGAAGCATTGATGAGTGGAGACCTGACGACCTGGGGGTCGTCAGGTGGGGACACCGCTCCGGGGAAAAAAGCAGAAGTTTTAAATTTAGCCCCCTCAAAGGTCTTAAAAAAGTTTTGTACGTTCGCGGGCGTATAAGCGTAATCGATCAATCCCTGTTGTAAGGTGAAAAGTGCACGTTCAAGCTCCAATCCGCCTGTGGGATTCCGGGGAAAGCCACCTCGGGTGGACGCCGAGATAAATAAGGGTCCCCGCTGATCCTCATATCTCTGAACGACATACAATGCTTTTTGGATTTTTACTTTGTCTGTTGTTAACTGATGCAGGTCTTCTTGAAGATATCGGGTCGCCTGTTGAAGTTCGACCGCAGAAAGCTCACGCTCACCATTGAGATGTGTATTCAAGGCTGCGAGCGTATCTGAAAGTCGATCCCCCCAGGACGGGGTGTGGGGCATAAGCAAGGCGACCCATACCGATATAGGTGCAAAGAAACGACGGGTACATGTGAAACTCATTAGAGTTGAATACCATAATTCGCATTAAAATCAAGACTAGTGCAGTTCTAGTATGGTTTTAATGATTGCGACAGAAAGAACAAGGCAGGTGGGAGGATGTGGAATTATCTTTTTTGTATTTTCTTCTGAAGTTTATTTAAGCAGGGAACGCACACGCAGGCTTCAGGTACAGCCAATAATCTTTCTACGGGAAGAGGATTTTTACAGGCATTGCAAAGGCCAAAGGACGGGTTCGGCAATTTGCCTAAAGCATTTTTAAGTTCCAAGCGACGCTGTTGCATTTTAGAGAGTTTTGCTTTGCTCATTTGCTGATCGCCCATGGTTTCCATGCGGGTGAGTCGACCCAAAGCATTATCGGGTGCGACGGCCTGACTGGCTTCTTTGAGACGTTCAATGGTTTGGTCGGCGGCTGCAATTTCTTGTTCAAGTAACTTTTTCAAATGCGCTTTATCTTCGTTGGTCATGGGAGGAGTCTAAATGAAGTTTAGAGAAAGATCGAGACTTTGTCCGGAGGGAATGGGAGGGCGGGAGTTGAAAGCTGAGCTGATGAACGAATCGTTTATCGATACAACACGAAAGGTTGCATAACGTGTTGGCAAAACATGAAAAGAGAGACTATAGGCAGGGGTCTTGCCTATTTAAGTAAGTTTCCCAAGCCAAAGGTCTTTTTTCTAAAGACATCACATGAGGATAAAGGTGCGATATGGGTTTTGAAATTTTGATGATAACTATTTTCCCTGGATGGGATGATGAGTAAGTTGCTTACCGGCGATGTGAAAACGCATTTGTTTCGACTGACTTTGCCTACAATTGCAGGCACGTTTGCGATGATGGTGTTTAACCTCACTGACACTTTTTTTGTTTCCCGTTTGGGGACGGAAGAACTGGCGGCCATGGGGTTTACTTTTTCAGTGGTAATGATTGTGGGTGCGCTCTCTATTGGATTTTCGACGGGGGCGGCTTCGATAATTTCGCGGGCATTGGGTGCGAG
CP120722.1_gap51	1991516	1992146	630	ACCTGTACGGGTTGACCGGCTTTATTTTGTAGCACGAGTTCTGTGGTGGGAATGGTTACGTTTTGGGCATACCATTTTTTTGACTGTTGGATCACTTCTTCGTGCATTTGTGGAGGGATGATTAAGTCTTCAAGCTTTTGTCCCATGGCCTCTGCTTCGCTATACCCATACACGCGCTCGCTTGCATTGTTCCAGTAGATCACTTCGCGTGCTTCGTTGTACCCTTGCACCGGGATGATTTCCATGCTTTGTAGCAAGTTGCGGAACCTCGCTTCATTTTCTTCTAAGCTTCTGTGGATTTCGAGTTCTGCCGTTTGGTCGCGGAAGACCAAAACGACCCCTGAAATTTCTCCCGTAGAATTCAAAATAGGGGCGCCGCTATTACATATCGGTACTTTTTTTCCCTCCTTAGACAGGAGGAGGGTATGCTGGATAGGATCTACGATTTTTCCATATTTTAATACCAGGTCAACGGGGTTGGGGATGGGGGCCCCGGTGTTGGGATTGAAGGTGATGAACACCTCCCGCATTGATTTTCCGGAAGCCTCGACAAAACTCCACCCGGTGAGTTGTTCAGCCACAGGATTCATTAATTCAATACGCCCATGCGCATCCGTTGAGATGACCGCA
CP120722.1_gap52	1993582	1997697	4115	AATTAGTCTGCCCATATCTTGGGCACTGTCGCTGATAACTTTGCAGACGCGTTGGCCTTCGTCATCGAGGTGTTCACCATAATCTTCGTGTAAAATTTGCACAAAGCCATTGATGGCACGCAAGGGCGCACGCAGGTCGTGAGATACGGAATATGAGAAGGCCTCCAGTTCTTGATTGGTTGAACGTAGTGCTGTTTTTGCCACTTCCAGTCCTTGATTCGTTTGTTTTAAATCTTCGAGCATATTGATCATCGCCCGGTTCAAGTCTTCCGCTTCTTGTTGTCTGATTTTGAGTTCTGCGGTTCTCTCTTCTACGCGTATCTCCAGCAAATCATGAGCTTTCTGGACTTCAAGTTCATTTAATTTACGTTCAGTGATATCTTGAACGACCCCTCCCATATATCGCACTTTTCCATCTACGGGGCTTGCATGACGTCCCACGGCCCATATCCATCGAATTTCCCCGTCTGTTCTGCGAATACGACACTCGATATTCCAGTCGGAATGATTGGAAAATGAGTATTGAAATTTTCGATCCACCTCTTCTTTATCTTCGGGCACGACATGAGAGAGAAAGTTTTTGTAGTGCCACTCAGGAGCTTTCGTTTCGTAACCAAAAATACGGTCATGGCCGATGGTGCGATGCGCCGAAAGCGTTACCAAGTCTAAATCCCAGGCCCCTGTTTGGCAGACTTCTAAGGCGAATTGCAAGCGATTCTTTTCTTTCAGGACTTCTTGCTGCGCTTGTTTCAGTGAGGTGATTTCGATGAAGGTCGTTGGAAAGATGGCCTCCCCGTTACTGTCATGTGCTAGCCTGGCATAGATGAGTGCCTCAAAAATGCTACCGTCTTTACGTTTGGCGGTAAGTTCACCTTCATATTTACCGTTTGCGTAGAGTTCTTTAATTATTTTTTGTGGGAAAGTGGGATCCTGGCAGTGTGCTGATGCAGGGGTACCGACAATTTCGTCTGCATTTTCGTATCCCCATAATGTAATGTAAGATTGGTTTACATAAGTGAAAACCCCCTCTGCATTCACAATATCAAAAGCATTGAGTGAATTCTCAAGCGCATCATTCATCAATACCAACTGTGCTTGATCGCGTTTTCTTTCAGTTATATCGTGTCCCATGCTAATGATGGTGCCTGAAGGAAGCCGGAAGCTCGCCCAGTTAATCGTCACTGTTCTATTGTCTTTGGTTTGAGGGTGCCACTCTTTAAAACATCCGTCGGGATCCCGCATGGTCGCGGCTTCTACTTCTTTGTATACCGTGGGGTCAGGATAGAACAGGGCCAGTGAATTTTCATGCGCATTGATTTCATCCATCGTCCAGCCAAAAGTTTTTTCGCACTGTTTGTTCCACACGATGCACTTTCCTGCTTCATCAAATGAGTCAATTAAGACGGGCGCATATTCACAAATCATTCTGAAGCGTTCTTCGCTTTCTTTGAGTTGACGTGTGCGTTTTTGTAGATTGCGTTCCTGTAATTCTCGATCGCGTTTTTCTGCGGGGAACCATCGGTATAACAAGATGCCAATAATCAAAAGTGCGGTGATGACATTTAAGATTTTGGGAATAATGACAATCTCGGGTCGGACCAGAAAATCGTAGACACTGATAGGAAGAAAACCGGATTTTGACGTAAACCATGAACCGAAGAATATACTTTCAAGTACCGTTCTGAGTGCATCGATGCCCAGCACGATGATGAGTATATTCGGCAAACTTTTTTCAAAGTTCGAACGGCGGAGTCTGAGGAAGAGAAATCCCAAGATATAGAGCCATAGTCCCACGAGTATCCAATAGGTCAGCGGCGTCAAAATTTGAAACAGATTCATGACCTTGCCTTTGAAGACTTGATCAAGGGAGTGTTTTCTTCGGCAGGTAGGTCCTGGGGAGTGATGCCGGCTTGTGTGAGCTGTTCACATAGCTGGGAGATGGTGCGTTTTAACTCCATCATGCGATTTTCTCGACCGGCCATGACATTGACGATTTGTCGAAGTTCTTTTGTCCTGTCTAATACCTCCTGCTCAAGTCTTGCTTGGTGTAGTGCCAGGGTTTCTGCAGTTTTCTTTTGTTCCGTAAAGTCAAAAGCGTAGGCGTAATACGTTTCATTTGCTGAGGCGAATCCCCACGATATATTTTTGGAGGTACCATTTTTGCAGGTTACCCTGGTTTCCAGGGGAGGAGGGCGGGTTTGGGTTGAGGATAAATATCTAAGACTTTTCTGCCATTCGCTTTCGGCTTGTTTGCGATAAGCCCGGTCAGGATATGCGTGAGTCAACCAGTCTTTGCTGGTAGGAATATCCTTCTGTGTGTAGCCAAAGAGCGTGTAGAAGCTGCTATTGATTTTTGCGATCTCTTGAGTGGTTTCATCCGAGAAAATACAAAGTGCAAGCGGGAGGCTCTCCAACAGGCAGTCGAAGCGATGGTTATATTCATGGATCATTCTACGAACCTGTACGACGTGATCTTTCTTTTCAAAATGGGTGCCTTCTCTCTGATTTTGCAAAATGATCGTTCATGATATTTGTGCTCCAGGTTGAGGCTACTGAGGTGAGGGCGGATGAGGAAATGCGCACCTTTCCTCTACGGATAATGTGGCTATCTCTTTGTGTTCGAATTATATACATGATGAATGGAAATGGGGTAAGAATCAATGGAAAATTACGAATCGGGCGAATTAAATTTTGTGATTCTCAAATCGTGACCCTGATCCCGAGGGGATGTACTGTGTTTGGGTATTTCTCTGATGATCCCAGGTAAAGAGGGCCGCTTCGTTTAGGGCAGAAGATGTCAGCAGAAATCATTTCCCATGTAGGTGATAGAACGCGTGATCAACGGCGCCATTTGTTGCTGGCTTTATATTTGTTTTATATACCAAACAAAAATTAGCATTAGCTATCAAAATAGATTGACTTCGAAGCGATGCTTAGGGTATTCAGCACAAGTTGTTTTATATGTATAACAAAAGATATTTATATAAACCTACAATTCGTACTTATGTGATTAATCTCAACCATCATCATTTCACCCTTATGAATCTCATACAAAAATCTTCATCCTTTGCTTGTTTACATTTTATGGCACTGTTCTGTGCTTCTAGCCTGATTTCGGGGGCTCTCATTGACAGTGGGCTTACCGGGACCACGAGTCTCAATGGCTGGGAAGGCTTAAACAATAGTTATTATGACGCCGTCACTCATGGAGGCGGTTATCCCGGTGCTGCGGCTTGGACCAACCCTATGGTCGCGAATGAAGGGGAGGCGGATGCTCAATTGATGAAAGTAAGTGGCACGGCTTATCCCGCAAGTTCTTCCCTCTATACTTCCGGGGGGGCGGTGTTGTCGCTTTCTGATTTAAGCGCACTGACTGACTTGGAAACCATTGTCTTTTCAATTGCCATTGCACCCGGTACGGGTGGTGGCGTGGTGACAGGGCCAAGTCTGACGCTAAATGGGAGTACTTTGATTGGAGCGGCCACGACTACGTGGGATTTGGGATCTACCTCAGCTACTATTGGTGGTTTTGAGGTCACGCAGACAACCTATTCATATCAATGGGATTTAAGTGGTTTCGGTAGTACAATTCATGACTTTGATCTACGGTTTGAAACAGGCGAGCATGCCCAAACCTACGCCATGCAACTGGATCAAGGAGATACCTACAGTTTGGCATCGCCAAATGCGATTCCTGAACCCTCCAGCTTGGTCTTGTTCTCACTAGCCCTCTGGGCGTTGTTCTTCAGTAAGCGCCTTGTGAAAACCAAGTAAATCCTTCACTTCTCTTTGAGCTGTGGCATCTGTGATGGTTACAGATTTCACGGCTTTTTTGTGTGGTTGGAAAAGAGTTCTTCTGGAGCTGTAACTTTTAGGGTTTGCTTCCGTAGCATAAGTGTCTGTTCATCGTACCGATCGTTTTCGGTCATCAATATAACATTAAAAGTGATGGAATGAGGATGGCACTGTGGTCTTCCCGGATCATGGCCATGTCTTAATTTTAAGCTGCAACTGGAAATGATACTCATGAGTACTTTTACAAAATTCGGGAGCTTTGACTTCAAATGTAACAGAATTTTTCGCGCGACGATATCTGTGTTTTTCATTGGAATATG
CP120722.1_gap53	1999687	2004531	4844	GTTCCCAGCAGTCTTTCCAGTGATCAAACCCTTATTGAATTGATGTCGGCCACCAATCGCGATCCACGCATGTATGATCGATATTTGGAATATCTCGACATGCTTAACGAGGTGGGGGTGGACCAATTTTTTCATTTCCAACTCACTGAGGGTCATTCGCGTTATGGATTTTTTGGGAGTTATGAATTTCAAAATCAAGATCTTTCAGAGGCACCGAAAGCACGGGCCTTGGTGGACTGGGGACTCGCCCATCCGGTAAGTCCGTCCCTTAGCTATGATCGCTCCACGGCAAGTCTTACCTTTTTATTGCTCCCGGGGCGTCGGTATAGCTTACTACATTCAGTAGACCTTGATGAGTGGTTTTCGATGGGTGAACTTGAAGAATTCTGGGGGGATTACACCTCGCATACGGTGCCTGTACAGCTTGAGGATCCTGATCGGAAAGGGTTTTGGCGACTGCAAGCGGAGTGAGGATGGCATCCTTTGTTCTTCATAAAAACTAAAGGTAGCTTCGGGTATAGTGCCCTCATGATTCACGCTGTGCCGTTTGTTCCGAGAGGATCTGTGGCACAGCTCCATGAGTAGCCCAACGAAAACAGAGGATAAAACGATGAGACCGAAAACAGAAGTCAGAACCTTCTCCACAAAAGGGGGGCGGAGACCCTTGGAAGTAAAAGTATTGATTGTCGCAGGCATTGCGGTGGGTTTCAGTGGTTATGCCAGTTTTGCTTTGGCGGCCACACCCGAAAAGCTGGTTGAGGTCGAAGGGTCGTACCCGATTGTTGACTCTCATCAGGGCTTCACCTACGGGAATGTGCGTCAAATGGACCCTCCAGCAAAAGGGGAGGCGTTTTATGGTCAGGATGCCCAGTATACGGGTCATGTTCCCAGTTACACTGACAACGGTGACGGTACGATTACCGATCATGTCTCGGGGTTAATTTGGGCTCAAGAGCTATCCCGTTCTGATTATTCTTGGGAAGAGGCCTCCAGCTATTGCGAATCGCTCACGCTGGGTGGGTATAATGATTGGCGTTTGCCTACGGTGAAAGAATTGTGGTCGCTCCGTGATTTTTCACAGGGATGGCCCTGGGTCAATACGGACTATTTTCATTTGGTGGGTGATGGTTCGGATCAACGTCAGCAACATATTTGGACCCGGAACCGTTATTGGGTCGAAAGCGAATATCAAAACCGGCAAGTGCAGGGAGACCCGTCCTTTATCGTGAATGCATGGACCGGGCATATCAAAGCGATGAATGGCAAACGATTTGTACGGGCGGTTCGTGGCAATACCGCCTATGGCATCAACGACTTTGTGGACAACGGTGATGGAACGGTAAGTGACCAGGCGACGGGATTGATGTGGAGTCAGGACGACAGTGGCAAGGGGATGAATTGGGAAGAGGCCTTGGCTTATGCGGAAGCGGCCACCACGGCGGGCTACACAGATTGGCGGTTGCCGAATGTGAAGGAGCTACAAAGTATTGCAGATTATTCAGGTGTATTTCCGGCTATGGATAGCTCTGTGTTCAAGCTTACTACGCTCACAAATGTCAAAGGTCAGAGGGATTATCCCTTCTATTGGTCGAGCACCTCAAATCCCATCGAAGGCAGTGACGGGGCTGTAGAAAGCGGTTCTGCTTATGCATGGGTCTTGGCTGCAGGCTACAATACGGATCCGGAGGGGAATGACTTACACGGCGCAGGTTCGGTGGTGTTTGTTCCCAAATCGAAAGAGTACTTTAGCGAGAGAGATCTCGAAATTCACCGCTATCATTATGTGCGTTTGGTTCGTGGTGGTGCGGTAAGAGAAAGCCCCAAGGGCGATCCTTCCGTGGTTGATCCGGATCGGGTGGTCGCGTTTAAGGATGGTGAGATCAGTAGGGGAGGTCCGGGTGGAGGAGCCAGGGGAGAAAGAGGGAGACCTGATGTAGGGGCTGCTGCCACAAAGCTGGGGATCAGCGAAGAGCTGCTGATCACGGCATTGGGAGATCCTCAAAAAGGTCCACCAAATTTCGCAAACGCCGCAGCCTCGCTTGGGGTTACGGAAGCTGAGCTTTTCACTGCCTTGGGGGTCTCAAAGGATACAAGGCCTCCGGAGGGCAAGGCCCCGGCGGAGCGGCCGTAAAATTATAGGCGTGGACATCACATCGTTTGTTTGCATGGGGTTGGGATCGGTGCCTTTCTCCTTATGATGCGCAGGCCACAAGCTTGAATGGATGTTGTGGCCTGCGGTTATTTGTGAGGGCTTTGTCTTACTGACCGTGAGCGTCGCGGTCCAGGCTTGTCGTTTATTTACTGTAGATTCGGAAAGTTCAGATTGTCCGATCCACAGACCGTCTAAGGCCCAAGCAGGTGATGTTGATCCTTTGGCCCCCATGCGACTGGGCCTTCGGGCGCCTCTTCTTGGGTAAAGGAATGAACGATCATCTCAGGGAATGCGTCCTTGGTTCAAGGTTCGGAGGCCGGCTCGACTCCCTCAGGGCAGCTAGGTATTTGAGGGTCAGCGTAAGTGCTGAAACCTACTGTCAATCGTATCGAGATACAAATGGGAATGTTCGTTGTTTTTATAGTATTACCCATTTTTTTGAGAAATTCTTCGTATTCTGAGCGCTCATCCTCAAAGACTTTTCGGCATGGTCCATTCTGCAAAATTAAGAGGTCCTCATTTTCATCTGAAAGTTGAGCTTAAAGTTCCGTGAACCCTAGAAAGATGATTGTTTGCATCTTTCAAATTTAGTATGACGTCGCGCATGAAAAAACGGATCCCTGTAATTTTAGATACGGATATTGGTGGCGACGTTGACGACACTTGGGCGTTGATTATGCTGTTACGATGCCCTGAATTGGATGTGAAACTGGTCACCACTTGTTCGGATTATCCCATCCATAGAGCGCGACATGCTGCCAAAGTGTTACACTGTGCTGGGAGGACAGATATTCCTATTGGCATTGGGGTGCCAGTGCCGGGTGAGGAGCCCAAAGAGGATGCCACCCATATTTACCCTTGGATCAGGGACTACCCCTTAGAAAATTATCCAGGCACGGTGCTTGAGGATGGTGCGCAAGCGGTGATTGATACGATTCATGCTGCGTCCGGTCCCGTAACCGTGATTGCGATTGGCCCGCTCAATACCTTGGCGGAAGCGCTGAGACGCGATCCTGAAATTATTCACCATTCCCGATTTGTCGGCATGCACGGCAGTGTCTATGTCGGTTATGATGGTGTTTCTGCGCCGAGTTCTGAAGCCAATGTACGAACGTTTTGCTCCTGCTGTCGTGAAGTGTTTCAATCGGGTTGGGACATGACCATTACGCCGGTGGACACTTGTGGACGCGTGAAACTTACCGGTGAAGATTACCAACGGATACGTCGGTCTACAGATCCGCTGATTCAAGAGCTGATGAAAGCCAATGATATCTTCTTTGATAGCGTAACCTGGATGAATTACCCCTCCAGTACAGCCTCTAGTATTTTGTTTGATACCGTGGCGGTATATCTGGCCTACAGTGAAGAGTGGGTCGAAATCGAAACCTTACCCATTCGAATTGAGGATGGAGGGTTCACCCGCATCGATCAACAGGAGGGCTCTCCCGTTCGTTGTGCGGTCAGGTGGAAAGACTTGGACGGCTTTAAACAGCATTTGATTTCCCGCTTGCTTGATGAGGGCGATACCTCTCTTTAAATCCTTAGGGTTCAAGCGTGGTGTGATCGAATAGGGGTTCATTCAGTTTAAGCAGAAAAGCGATCAGTGCTTCGCGTTCGTCGGGACGAAGATCGGGATGTGGCATGGTGGCATTGGGCAGACTTACTTTTAGTAGATAACGTCGCCGAGAGGCTTTGCCTCTTCGTCCCTGTAGGGGTTGCTGCCACAAAGCTGGGGATCAGCGAAGAGATGCTGATCACGGCATGGGGAGACCCTCAAAAAGGTCCCCCCCATTTAGCTCCGGCTGCGGTTTCGCTTGAGCTTACAGAAGCTGAGCTCCTCGATGCACTTGGACGAGTTGAGGATCAGGGGTCACCAGCAGGTGGGCCTCCGAAGGACTGATGAAGTGCAGAAAAAAAAGCTCCGTTAAGACGGAGCTTTTTTATAAAGGTGAGACTGTTTGCTTATTTCCGGCGATGTTTGAAAACAATGGCCGCGATGCCACTTAAGGCGAGAAGGGCAAAGGTGGAGGCTTCGGGCACGGCTTCAATTTGTAAGGCGTTGATGTAAGAATAAGTATTGGCACCTGAGAAATCAGCAGTCGAGTTTCCCACCAGTGTCAAATCAAAGGATGAGACACCGGTGATGCCATTGATCGTTACTACACTGTTGTTGTTCCAATTTACCCCAAGACCTGCCTGAGGATCATCACCTGTGGTTTGCAGAACTTCTGAGCCGAAACCACTCACACTATAGCGGGTAAATCGTTCATTCGGATTGTCCCGTGCTCCAACAATCGTCAAATTATAGGTTAGACTGCTGTCAAGGCCACCGAAAGCGAGGGTGCCCGTACTGCCTGAATTGACCCAGGCGGCATCTGTAATCACAGAGGCGGCTTCAAACGCATCAAACATTGATGCATCTGCATTTACATTGCCATTGTAGGTTGTTGTTCCTGAAAAGTTCCCCGTAGATATATTCAGAGAGATGCCACTCGCCGTCCCCTCTGAATTTATGAGGCTGGTTTTATTATTTGCTTCATTGATACCCGTAATGTTATTCCAATTTCCGGAAGTCTGGTAAGAGGTAGAACCAAAATCAAGCAACACAATTTCAGCAGGTGAGGTCATCGCCACTGTTGCCAGAGGGAGGAAAAGAAGAGCTGATTTTCTTAGATATTGCTTCATGGGGTAT
CP120722.1_gap54	2009710	2014142	4432	TAAACGTTGAATCAGTTGAATGCCCCGATGAAGACTCTCCTGGGAAACCGAAATCATTTTGCGATGGGCCTGATCTCGTTCTTTCGCATGGAGGTAGTCCAAGGTCATACTGATCGGCGTGAGTGCATTGTTTAAATGGTGTGCAATTCCGGCGGAGAGGACGCCTACACTTTCAATGCGGTTTATGCGGAGGAGGTGTTGTTCCACTTCTTTTGACTGGGTGATGTCGCGTGCAATACAAAAAACGGAGGAGCTGGCGGGATAAGGGAGGGAAGACCAAGAGAGCCAACGAAATGATCCGTCTTTGCAGAGATATCGGTTTTCAAAGTTTTTGAGATCTTGGCCTTTGGTAAGCGTTTGGCGGGCGGACAAGGTGAGTTCTCGGTCGTCAGGGTGTACAAAATTTATGACAGGTTGGGAGAGGAGTTCCTGTTCCGTCCATCCAAGACAGTGGGTCCATGCCGGGTTGATTTGTTTCAGTATCCCGTCATAGCCCGCTATACACAAGAGATCTGCTGAGATCTCAAACAACAGATCGCGTTGAGTTCGGGCATCCGTTTCTTTTTGAAGGAGGGTATTTGGATGCAAAGGCTTCTCCTGGGAGGTCTGGGGCTTCATCTTATCAACGAGATGTGACAAGGTGGCGGGATGATGGGGGCAGGTTGCTGCATTCTTAATTTATTAGCACTCCTTTGCTTATTTTGCAATTATAGTGAATAAGGGAATTCCTCATCTCAAACCACAATAACTGCACCTTAACTAAGCTGTTTACTTGTTGTTTAAGAGAGGCACACTCAAAACGGTGGCCCCATAGAGTCCGGAGATTTTGAGGGGCGCTATTCGAGCTCTATCATTGACCCTCGCGTGGGAGATTCTATACTTCAGGTATGTTAAAGCTGTTTTGCGTGTATATTTTTGGGTTTTCGCTTATGAGTTGGGCGCAAGGGGATGAGTTGGGGCGCTATCAATTGATTTTGGACAAACAGCTTTTAGGGATTGAAAAAGTGAAAGCTCAGGAGCTCCCTCCTTCAAAACCTGTAATTGCTGCGCCCGCATGGTCGAGTGAATATCGCCTGACGATGATTACCCAAGATCGTAGAGGCTTACGGGTAGGTATTCAAAATTTACGAGATCAATCGGCCTACTTATTAATGGAAGGAGATGCTGATGCTTCTGAATTCACCTTGGTCTCTGGTGATTTTTCGACGGGGAGTGTTCGCATTCGTTTTCGTGGGGTTGAGCATCAGTTCCAACTTGAGGATGGGCAGTCGGGTAGGGGGAAACTAGAGGCGACTCCTTCTGCGACGACCGTACAGGAGAGAAATTCACTTCCGGAGGTGAGGAGTCGTCGTTTGCGACGTTCACGCCCGCGCCCCAGCTCGCTGTCAGAATCAAAAGTATCCGCAAAAACATCCAAACGAGAGTAAGGGCCTGAGAGATCTATGGAGAAGAGATGATCTTTATCGTGGTGTTTGTGTCAGTCATTAAAAAGTTTGTAAAAGCGTCGGAAATGGAAGTAAATTATTGTTTCGAATAGAAATTCTATTCGAAACAACAGTTCTCTTTCATCTCTATGGATCGGATGGAATAACATTCAGTTAACCTGATGGGCTTAAAGTTAACCTGAGAGCCCATATGTATTCTTTCCATCCCATAGAGGTTCCCATGAAATTATGTTCTTTGTTTTCGTGTATGTATACTACTCGCTTTGCGCTGGTAGCGGTGATGCTCTCCAGCATGACCTTGGTCGCTGCTTCGATTGAGCTTGTGAATCCTCCGCTGACACTTACTCCCGGAGAAAGCTATGAGCTAACGGCAAATTATGAGACGACGGTGTCGTCCATTGTAATGATCCAATTGTTCGATTCCTCTTGGAATAAACTTGCGGGGGATTGGAAAAGTGTGGCTTCGACCACTACGTCGAAAACGTTGAGCATTGAGATTCCTGATTCTGCGATCTCCGGTTCGAATTATCATTGGCAAGTGGTGTTGTGGGATGAGGCATGGGGTGAACTGGCAAAGGATATTGTGTGGACGGTTTCGATAGGATCGCCACCCTCTTTAATCAGTTTGAATGCACCCAATCTTTTGATTGCGGGACAAACATATGAGGTGTCGAATAACTACACTATAAATGAAAATGGTGTTTCCATGGTGCAATTTCTTACGTCTTCTTGGTCCAAAGTGGCCTCTGACTGGAGTACAATCAGTGCGGGGTCTGGAAGTGAAGATTATACGTTAACCATTCCTGCCTCTACTCCTGCGGGCACGCATTATATTTGGCAGGCCTTCATCGCCGACAGTGATTGGTCAAAGTTAAAAGAAGAAGTGCGGTATCATGTCACAGTTCAGGCGGACCAGAGTTCGGGTGAGTGGTTGCCTGAAGGAGAGTGGGTTTTGGATGAAGCGTTATCGGATGACTTCTCTGGAAGTGGTGAAGTGGTGGGCTGGTACCCGTACCTCGGAGGCGGACCGCACGAATATTTTGAAGGAGGAAGTCACCATCTTCCTGAATGGCCGATGCGATACACGACGGATGGTGATCGAGAAACCGCAGAGATGTATAGCTCTAAAACAGGTAATCATTGGTTGAATGGAAGTGGTCAGTTGGTGATTCGGGCGATCAGCGATAAGAATGACCTCAACAAGAATGGACCTAAAGTGAAGACGGCATTTTTGCAGACGGGGTATCCTGCGGCTTGGGACAGTTCGGAGCCCAATAACGTTCGTTGGGAAGGGCGATTTGTGAGTCCTCAAAGCGGTCCGCTTTATCTGTCTGCACGGGTACGCACGGATGAGCTGAAAGGGTATTCTACTTGGTTTGCCTTTTGGTTATTCTCCCGGACTCGTGCCTATAATGATACCCCCATGGATGGCACAGAAGTCGATGTCATCGAGATCGTTAAAAGTAAGGATGACTGGGCGCATCAAAGTTTTAATGTTGCGAATCATTGGAAGCAATGGGGGGGCTCCGAATCCCAAATGTTTGAAAAGACCCGAACTGATCCTCAGTTGAACTCTTTAAACTATGTGGATGTGGAAGATTCCGACTATCATACCTACGGCATCGAGTGGACGACCAGCTACATGAAGTGTTATGTGGATGGTCAACTTTACTATACATTTACTGAAAATATCCCCTCAGATCCTGTGGATATGATGATGTTGCTTACCATCGAGTTTGCTCAAGAAGCCTGGTGGGATGATAAAGGAGATGGACGGGTGGAAGGCCCCTTTGTTTCTGATGATGACGACATACGCGAGATGTCACGGGTGTTGGTAGATCACGTGCACGTGTATCGAAAACAATAACGTTGATGGCTGGTTGCCGGCGGATGTTGCTTTTGAGGCATCCGTCGATCTGGGGAAGAGCATCGATCCGTTAAACGATTTGAGCCTTTGTAAGGAGAGTGTGGGTTTCCTCTGATTTGTATCCAAAAGCGTATCTTTTCAGTCAAAGCTCTAAATCAAACTTGTACTCGATGCTGAAATCGCGCATATTGTTTGCTGGCAAATTTTCGGTTTTTTAACTGAAAAGAAAATATACACACATTGTCGTGTGGGTTTGTTGGATGCTTGAGATGGTAGACAGCTTCCTGTTCGTTGAAAACCTTGGAGAAAAATTATGAAAAATATCTTATCTTTACCCTTCGTCATTTTGTTGTTGGTGTGCGCCAGTTGTGGCCGGAATTCATTTCCTGTAGAAGCCCAACAAACTGTGATGTTTAATGTGTCGGGTTTAACGACCCAAGAAGGGGTGGATGAGCTGCTGCTGGCCGTGGAAAGTCTTGAAGGGGTCGGGCTTTGCGAGGCGTGGCCTGAACAAGGATCTATGGTGGTAGAATATCAACCACGCGTGATTTCTATGGACGAAATCCAAAATAGCATTAACGCCTTGGGTTACGAAGCGACCTTTCCGGAGGACTGAGCTTTAAGCTCCGATCGATCAAGCCATGAATACAGGTTCCTGTGTTTGAGTGGCTTTCGTTAACTGCGAAGAGTACGAACATTCCCGTTCGTACTCTTTTTTTGTCTGTGATTCTCCCTACGGGTCATGATCTTCATTTTGAAACCACGTATTTGGGTGATTTTCTACTACAGGGATTTGACGAGTGAAGAATCGACCGTATACATGCCGCATGAAAAAAATCAGTATAGAGATCGGTCGGTGGTATGTAGGTTATGGCCTCTTTTTGTTTTTGTGTGGCGTGATGGGCTTTGCGTCAAACCCGTCGGCGGCCAAGACGGCATTGATTTCGGGCGGTACTTTTGGAAGCCTGAGTGCGCTTTGGGGATTCTGGATGCTGAAGGGCGGTCGCGTGTTGCCGTTCATCGCCGCAGGAATGACTACCCTGATGCTTTGTGGGGTATTTACTTGGCGGGCGACCGTGAGTTGGCAGGCCGTAAGCCGGGGGGAGCCTAAATGGGTCGC
CP120722.1_gap55	2041286	2043723	2437	CTGTTTGAATAAGATCAAAGCCGCGAACGACCAGTCCTTCCCCTTGATCACTTGTGCGGATGGTTTGTTGGAACGCGATCAACTGGGGTTGGGTAATTTGCAACAGATTCTGATGTGGATTTAGCATGAACCTTGTCAGGGCGAAATCATAGACTTGTTGCGGGAATACCGTCAGTTTTTCCATAGATTCTTGCATTTTCTTGCTGTCGTTTTTGGATTCATAATGAAAAGAACCCAAGGTGGCGTTCCGGTTGTCCAAGGTGCGGGACAGTGATTTATCGGAGACGTAATTGCGCCGCAATAGAGAGGTTTGAATAAGCACATCGGTTACACTGGCCAGTGCAACTCCTGCGGAAATGGGTGCGTCATTTTGAGCCGCTGCTTGTGCGGCATCTTCGTTGAGTTGATAGATGACTCGTTTCACCTGTTCAGGTTCTGACCCGGGTTTGTTTAAAATAAATGCGATGGTTACCCGGGATAGTTTTCCTTTTGACGCATCAAATTGATCTTTTTGTTCCTGAGGTTGTCCTAGTCCCCCGAGCAGGCCGGCAGCTTCATTAATTTTATCTCCTTGGGCGGAGCTAGCCAAACTATTGACCAATTCGCCATTCGCCGTGAACCCTGACTCCGAAAAAGTCTCTCCCGCATAACGAATGTAAGGCATCCAAGAGCTTTCATTCTTAAACTGTTCGATAAGCGCTTGGGTCGCTTGATCAGGATTTTCTGTAAACTCGGAAATGTCCATGCTGACGTCTTTGGGTGTAAAGCCCACCTGAAAATCATTATTGCCATCTTGTCCGGCCAGGAAGGTGTGAGAGAGGGCTACTTTTTCGGTTCGTTTTCCTTTTTTGAGTTGCTCGATTTGCACGACGACTTGAACGCTTTGTTGGTAGCTTGCTGGAAGTTCAGCAAGGGAGAAGCTTTGTTGAGCTTCAAGTGCGGGCGCGGAACTGGGGTCCAGAGAAATGAGGCCTTGGTCCGTTTCCACGCTCACCCACCAATGGGTATGCGGGGATGGATTTTTTTCGACAGTTTTTGCTGATGCAGGGCTGAGTGCTTTCGAGAAAAGGGGAAGCTGATTTTCGGAACGGCGAGCGACTTCGATTAAGGTTTCGGTACGCGAGCTGACATACTCATTTAATAACGAGATTTGGGTGGGATCGGAAACGCCAGCGGGAATGTCCATGGTTTGTGGGAGCAACGCCGTGCGGACCGTGCTGTCTGCAGTGAAGGTCATGGGCATATGTTGCTTTGCCCAGTCCGCAGGTACTTCCGCCATAGAAATTTGGGGGGAATGGCCTGCCAGCTCTAAGAGCTGCGCCAAGAGGACCACGCGGTCGATTTGATTTGCAGATCCGTCCATCATCACGGCGGAAGGTGAGCGCAAGTGTCCTTCATAGGAGACCAAGGTGATGTGGTCTGCGACCCATTTGCGAAGGGCTTCGGGTTCATTTCCCACCCGGGTCACCACGGTCACGGGATCGAAATCGTCCCGGGATAAGGATTCTTGCATATCTTTTATGGCACTAAAAAAGTCCTTCAAATTTTCCATATTGGCTTGTGTGGAGGCGGGAGGTGCAGATACCCTTTCCGGTGTTTGCGCGTAGACTCTCGTGGCGCTGAAAAATGGAGGAAAGGCCATGACAGAAACCAGTAAGGCCTGCAGGCAGGTGATGGCAACGGCTCCTAAAGACTGGAGAAGATGACGGCATCTTGTTTTGAAGTAAAGGGGCATAAGGTTTCCTGGGTTTGCGCTGTGAGGAGAGAGAGGAGGGTGACGTTGATGGAGAGAGAGGCGTGTATGTAAAGGAGGCGAACTAAAAAAATACCCACCACGCCTAGAGATGTTAGACGGGTGGGGACCCTTTCGGTTAAAGGTCTTGTAGCATCATTGCTCGTGATTTATGGCACTTTGGTGCCGCAAGAGGAGCAGAATTTAGAATTGGCGCCAAGGGGCGTTCCGCAATTCCCGCAAAATTTACTGGCAGTGGCGGGAGCGCTCGCAGGTGCTGAGGCGGGGGCCGGGGCCATGGTTGAGGAGGCGGGCGCCACGGCTGACGCTGCGGCTTCTGCACGACTTTGCTCAATCATGATTTGATCAATTTGAGGCATCGCTTTATGCAAGGCATCTGCAAAGGCCAAACGCAGGACCTGTCCGGCATCATCTTTACCTGGTTGAATATTAGAGTCTCCACCTCCTCCAATTCCTGCAACGCGGATGCCCATGGAATCGGCGGTGTCGGTCCGTTCATATTCACTGAATTCTGCCATTAAGATTTTTCCATTTTCAGGATTCACCAAACGGATGTCGACCCCCACCTCGGTGGTGATGCGAGTGGAGTCTTTGCTGAAACCTCCCGTGATCCCATCTAAAAGCTCGCGGGAAACCCGACCTGCAACTCCATAATCGGTGCTGGTGCTTTCTCGTTTAAAACGG
CP120722.1_gap56	2073900	2077704	3804	GATATTCAGGGCGGTCGTCGTCATGCCGTACAGGTGCAGATGTCCGATCAAATTCGTATCGTGAACTGCGAAATGTCTGGTTGGGCCCGTGAAGCCAATTATGTGTCTGGCGCCTATAGTTATGAAACCTTGGCGGATATGAATGGTGGTAATAATCGGGCGATCAATAAAGATGCCGGAGTATACCTTCATGAAAGTTCACGGGTTACGGTGGAACGTTGTTATATGCACGATCCGCGTAGTTCTGCAAATAACTGGGAAGGAAATAATCATCCTGCCGGCCCCTGTGCGATTTACGTGCATAATATCACCAATACGTACAATATTATTACCAAGGGCCATTATGTGGTGCGATATAACGACTTGATTGGCAGTGATGAGATTCGCTGGAACGATGTGATCGAAGGTGAGAACAACGGAAGTGGTCGTGGGTCATTTTATCGGGACAGTGATGTTTATGGTAACATGTTGGCCTTTGCCAATGATGACTCCACCGAGATGGATGGCGGTCAAATGAATACCCGCTTTTTCGGTAACCGTATCGAAAGTTGTTTTGTGGGACTGAGTTTAGCCCCTTGTACGATTGGACCCTCTTATGTGTTTCAAAATTTAATTTACAACCAAGGGGATGACCGCGATACCAACTTTGGTATGGTGAAACTCGCAGGTGGAAGTACCTACTCTAAAGGGAAAAGCTTTTTCTTTCACAATACCATCCACGGAAGAGGAAATGGGATTGTCGGAATGGGCTTCGGTAGCGATACGAACAAAGCGATGTTTCTCGCTCAAACACGTAATAACATCATTCATACCACGCATTCACATTCAAATTATAATCAGACGATCCGCGATTCGGAGCAAAATCCATGGAACAGTTTTGACTATGATAACTTATCTACGCTCGGTCAGGCCACTGCGAATGTGACTTATGCTGCCGGGCAGGAGCCTAACGGAATCCTGAATGATCCACCGACCTTTGTGAATGTGGCGGCGGGAGATTTCCGCTTGGCCAGTGGTTCTTCGGGCATTGATGACGGCTTGCCCTTGTTTAACTTCGCCGATCAATATCTGGGCTCCGCACCGGATCAGGGGGCGATTGAATATACCGATAGTTCATTGTTTCCCATTCGGCCCATTGCGATTACCGCTGACAAGTACTTTGTTGAATTGAGCGGAACCGCGGGTGGATCCACTACGCCAGTGGATGTGGTGCTCAGTACGGGAGTGCTCGGCAGTGCTCTTGATTATGAAATCCGCATGAACAATACTGTGGATTGGTTGAGCGTGAGCCCTGCCGCCGGAACCCTCAACTCGAACAGCAGTCACACCTTGACGTTGACCTTGCAGACTGCGGGACTGGTTTCCGGTGATAAACTTGAAGCCACTATTCTGGTGAAACTCGAGAACGGCTTCTCGGTTCCGATCACGGTCAACGCGGAAGCGCTATAAGTTGAGCTGATCGCATTTCCTCAGCCCGGTCTCACCTTTTGAGACAGGGCTGAGGGGTGCTCCCTTTCGAAAAGGGGGTCACTGGGGCCTCAGGGTTGAGAGGAGGCCTTTAACTTCGCGTTTGAGGGTTTACTCGCGACCTTTGCTTTCTTTTTTAATTTTCTTCTCTGCCCGTTTTTCTTTCAACGTTTTTACAGAAGCTTTTTTTTCAGTTTTTTGAGAATTTTTACCTTTTGCCATAACCGTTACCTTTTGTTAGATTTGTCAATCGCTGTAGTTTTAAGCAACAAAGCTATAAGCCAAGCCGCGGGAGGGTAACATGCTTTATGCGAAAGCGCCAGCTATGTCGGCGGGTGTGCGGTATAATTCTTTTAAGCGCTTCGCGTATTTTGTCAGGTTAGAAGGTGAAAAGCTTCGGTCTGTGGCCTGAAGGCCGACAGCTACGGACGTAGCTGGCGCCGTTTACGGCCCAGGCCGGAGCTTTGTGGTGGTTGGATGTGGGGCAGGTCGACGGGCCTGTGGCCTGAAGGCCGACAGCTACGGACGTAGCTGGAGCCGTTTACGGCCCAGGCCGGAGCTTTGGGGTGGTTGGCTGTGGGGCAGGCCGACAGCTACGGACGTAGCTGGCGCCGTTTACGGCCCGGGCCGGAGCTTTGGGGTGGTTGGATGTGGGGCAGGTCGACGGGCCTGTGGCCTGAAGGCCGACAGCTACGGACGTAGCTGGTGCCGTTTACGGCCCGGGCCGGAGCTTTGTGGTGGTTGGATGTGGGGCAGGTCGACGGGCCTGTGGCCTGAAGGCCGACAGCTACGGACGTAGCTGGAGCCGTTTACGGCCCGGGCCGGAGCTTTGGGGTGGTTGGATGTGGGGCAGGTCGACGGGTCTGTGGCCTGAAGGCCGACAGCTACAGTCGCGTTGATATGCACGTGGTTCTTAGCGCTTTTTGAACGCAAATAGGGTGAGCAGTCCGCCCAATACCAGAATGATAGAGGAGGGTTCGGGTACGGTGGTGACTCTCACATTGTCAAAGATAACCTGTTTAACGGTGTTGCCGCTGTTGTCGTCAATTGGAATGTAAAAACCAATGTAAAGATCTTCACCTTGCAGTCCGGATCCGGCGGCATTCCAAAAGGTGCCACCATCGATGGTGGCCGCGGTTAAGTTTGGCAAGGTAGGGTAGTCGCTTTTATCAAATGTGGCGAGCGTTCCGTCTCCATCGAGAGAAACCCCGCTACCCGTGGAAAATACCCCGTTATCATCCGTAAAAAATCCACCAATGTAATTATCGGGGAGAGGCAGGTCGGAACGTGACCCGATGACCACATCGAGGGTGTAGGTGAGGGCTTCGTCGATGGTGCCAATTTTCTGAAACACATAACCGGGTTCTGACGATGAATTCACTTTTCGGGAATCCACGATCAGCCACTGATCTCCGTCTGGAGCCGTGGGGAAGTTACCGTTTACTTTCTGAACTGCAACCCGGGTAGAAGGATGAATCCAGTCAGTGACTTCATTTTTGAAGGTGTCCGTATCGGGGGCTTCGAAGCTGTAGTTGCTCACCGAAATGGTGCCTGCTTGAAGCGTAAGGGTTGCGGAGCAGACTAGTGGAAGGGAAAGGCGAAGGAGGGAGGGAAGAATATTCATTTTACAAAAGATGGGAGGGTAAATTTAATCTATCACGTAGTTTAGAGTGTTTGTATGTTTGGAACAATGGCGATGTGAGTCTAAAATGTGTTGATATCGCCCAAATCATACATAGCTAGTGAATAAAGGAACCGCAACATGGCATCAAACTTACGACATATTGGGATATTGATGGACGTCTCCACCGGTGAAGGTCGGGAGATGGTGCGGGGGGCAGCGGCATACGCACGGCAACGCGCGAATTGGGAAATCGTATTTCCTTGCTTTGAGAGTCAAGGGCTGGACCCGGTGAATATTCCTTATTGGTGTGATGGTTTATTGCTGCGTCCCCTGAAACTTGCGGATCAGGAGGCATGTCTTGAGTTCAAAGGTCCTAAATTTGGTTTGGTCTGGCGGGGGATTGGGAGTCGGGGGATTCCGTTTTTGACCACTCAAGGGAAAGAGGTCGCCCGCATGGCTTTCCGGCATTTGCGTGAGAACGGAATTGAGCGGATGGGGGTGGTGGGCTTTAAAGATTCTGGATTTTCATATGTCAGGAGTAGATCCTTTCAGCACTGTGTGGACGAAGCGGGCTTGGAGGGTGGTGAATTCGAAGTGGTCTCACCGCCGGATCGTTCCCTGCTGATTCAGTGGTTGAAGGGATGGAAGAAGCCTTTTGGTATCTTTGCGACCAACGATATGTTGGCCCGGGAAGTGGTGAATTGTGCGCTCGA
CP120722.1_gap57	2079500	2083613	4113	GTGGATCGGGCAGTCTGAACTTTCTGAAGCTGTGGTGAAGAAAATGGAAGCGTGGGCTCTCGGCCGCGCCGCTCAACTTCCCGGAGGCGTTGCTGCCACAGCCACATTCTCTCCTGTGATTGATGATGAAGATTTTCCACAACGTTACACCTTTGATTACGAACGTTTTGCCGACTGGAAAGTGGTAAATGATAAATCCCGCCGCTGGGCCTATCAAGGCCAACCCGTGGCAGAGGTGCAACCCGACCGCTCGGATTGGGTGCGGGTGTTCGTTGACGATTTCCGAGTGCCGGCTGAAGTGAGTAAAAAAAGTATCAACGGTACTTCTGTGGGGGACAGCACGTATGACTTTGGGGCGGGGAAACAGATCTGGTATTCTCCGGGAACCAATAGTGCTGTGGGTGGCAAAGCCATTAGTAAGAACGGAAGTGATCGTCCCTTTCCTGAGGTAGTTGTCCTCGATCCTGAAGCGCAAAACCTGACCATGCGTTTATACGCCGCCGAGCCTGCGAAAAATGGCCGACCTACCCAATGGCGGAACTCACAATTCTCGAGTGTCAACCAGGCGGGGGTTGGATATACCTGGGCCGGTCCCAAAGGATTTCGGGTGCGTGCGAAATTTAAGAATGTTGGTCCCGGAGTTTTCCCCTGTCCGATGTGGTTTTACAATGTCGAATCTCTTTTCTGGAGAACCGGTGAACGTATTGAGTTTGATATTATCGAATTGGATGATGACTGGGACAATTACGGTGGAACGCATGTGCATCACGGACGGTTCAAGGGGTTATTTGGACATTCCGAATACGACACCATGAAGAAGAAAAATACCCCCGAAGAGATTCACAGTTTGAAGATGGCTGCAGGGAAAAATATTTGTGGGATCAATGCCTTCGATGGCAACTTTCACACTTGGGAAGTTTGGATTGAAGCAGATACGACTTATATCAACGTCGATGGGGTTGAAGTGGCTCGCGTCGATACCATCCCTGAATATCTGGAGCGTTTGTATATGTATCTCGATACCAGCCTCAAAGGAAGGGAGGGGATGGATGAATCGTTGAGTTATGACATGGTGATCGATAGTGTGGAGGCCTTTCAGCCCCCATCAGAGATCAATGCCACTCCCGATGCGCCCTTTACGGGTCGGCCCACGCTGACAGGTAATGCTACTGCAGGCAGTGTCGTGACCTGTACCAGCAAGCTCGAGGGCGTAGAAGATGTCTGGTATTTTTGGCACGTAGATGGTTATCCACGCGGGTTTGGCAAGTCCAATACCTACACGCTGCTTCCGGAAGACGAGGGTGCTGAAATCCGTTGCAAAGTAAAAGCCGTGGGTGCCAAAGATCAGCCCGAAGCTTGGACAGCGCCACTGGCCATGCCGTGACCCCTCATGGGGAGCGATGGATGGGGGGCGATGGCTCTATGATCATCAAAAGGTCTGGGGCAAAAGCATGTAAGGTCTAAAAAAAAATGGGGGCGCAATTTGCGCCCCCAATGAGTGATGGGTTTTCAGTCTGCATCCCCGAGGGTGGCATGTGGAATTAAGTCTGCATACTGTTCGATGCTTCCGCCGTCCAAGCAGCAGTGGATAATATCCTGACCTAAAGGTAGCAGGTCTTTGACTTGGAACTGTTTTAGTTCGCGGGCAAAGAATGCTTGAAGAATTTTTGCGCCCTCGTCGTAGGCCTCTTGACCTACCTCAGGTTGTTTATCCACATTGAAGAACCAAGATCCAATTGGACGTCCTTCCACCACAATGGAGCTTGGAGACCAGCCCAGCAAGGGGCAGCGACAGGGGCTTACCTGACTTTGGTCAAAGTGTGCACCACCGCGTCTCGCCATGTATTCGCGGGTGATCCATTGGGGCATGAAGCTCACATCCCAGGCCCCAATATGTTGATTGGGTACCAGAATATATTTCACTTTGGGGGTTTCCAGAATCTGCTTGAGAATCAAGTTTGCCTGATCCACTCGACGGCCGGTGGCAAAAGGCCAGTAGGAGCCCACACCTTCACTGGACATTCCGCCCGTATCCACAATGCTTGGATTCGCATGTCCTCGCGGAGCGACCAAACGCCATAACCACGCCAGAGAAGGGGGTAACAGATGGAACATCCCCATGATGCCGTAACTTGGATTTTCACGGGTACAAGGCGGGCAACGCACACCAAAAGAGCGGATATCTACGTCCAAGGTTCCCCGATGAATATTGGGTACACTTTCACAAGGAATAATTACCCGGGGGTTGGGGCAGGGGGTGCCTGGTTCGTCTTCAATATGATCCCAAATTAAGGCGGTTGCATCTGGTTTGGCGTCAATATTTAAAAAGAGTAAGGGACGGTCCGGATGAATGGTCATTTTCTCCAAATGCGGATCCACGCCGTACTGGTTGATATGATTTACCCGTACAAACCAGGAATCTTCCGCATCCATTAGGGTTAGTTTACCGTTCCCTTTATTGAGGCTGGGGTGGCAAAGCGCCATATCGTCAGTGACGGGACGAATGTGGCAACATTGCGGCATGCTTAGTGTTCGGGATTCACCGGTTACACTATTTTTCCCCAAGAGCAAGGTGCCGTCTTCCTGACGGTGGGGCAGTTCCAGCATTTCGCTTTTTCCGCCGCCACTGGCTCCCTCATGAGAAATCCCAATTCGATTTTCATAGGGGGTAACAATCTGGGCTGCGGAGCAATGCATGGTAATCCATTCTTCTTTTTCGCCCAGATTTAACAATACGCCATAAATCCCTTTTTTGGCGCTGGGGCCCGGGTAGAGATTGTAACTAAACAATTCATGCATGTCTGGTAAACGATTGTGTACCACCACCTGTTTCCCCTCCAAATGGGTGTGACGGAAGGGTGGTGCCACATAGATCACCGCTTTCGGTGCAAAATCAGGGGGCAATTCGTCTGGATGGGAAATGCCCTGTAGCATGGCCAAGCCTAAGGCGAAAAATCCAGCGTTTGCAGGTGCAATTACCAGTGCATCTGTTCCTTTACCCGGCATGCCAGCTGTAAATCCGAAGCAGGCCAATTCCTGTTTTTTTAACCATGCAAAGGTATCTGATCTTAAAGAGGAAAACTCTTTTCCATAGCGATTTAAAAAGGTGGGTTTGTCTGTGGGCGCGTCATCACCAATGACCATACAGTCCGGATCTCTTCTACGCATGTAGGGATCTAAGTAGTTCGCACTGATGCCATTTTTTACCCGGCAAACGTTTACTTCCTCTACCAAACCTTTTCCAGGAATGTCATAACTCACCCTATGGTATCCGTCCTCACCGACATCGCGCAGTGCCAAGGTCAAGAGCTGGTCTACATTCTCTGCAATTTGAACGGAGGGGGCTTCAGTTAAAAGGTCCACCGCGATTTGGGGCAGTTTGAATTTTTCTACAAATTTACTCACATTCATCATCATTCCTGGGTTCATGTTTTAAAGAGGTGTATATCCTATTTGATTTCCCTCTCTCAAAATAGCCCCGGAATTGACAATGCTAACTGTTTTTTGATATCAATTATCGTGAGTGGGTCTATTTATGCCTAAAACGATATCTAAAGTATTACATAATAAGCTTTTAAGATCTTCTTCATTTAAGGGAATCCTGTCGGATTTTCATCAAATGAGTGGAATGGAGGTCTTGTATTTGGATGTTTGGGGCAATTCTTGCCTACAGGCTCCGCGTAAATCCTATTTAAAACTACACGCGATTAGTCAAAAATTTCCGGTAGTGTCTCGAGAATGGACTCGGTTACGTCATCAAATGCTCGCAGGGCAAAGCGAGATTTCTTTCCCTTTTGTGGAGGTGGCCGTTCCTCTACATATTTCAAAAGAAACGATTGGATATCTGTTGCTTTCGGCCTGTCGTGATCCTGAAATTCCGGAAGATGCGAGCCGTCTTTTTTGGACAGAACTGGCGAAGAATGGGGTGCATCTCTCATGGGTGGAGTGGAAAAGTGCAATAGAAGAATTGCCTGTTTGTGGCGAAAAGGCACGTAAAGCTTGGCAGAGAAGCCTTCGTATGCATGCAAAAAGTGCGATGAGGGAAGTGGAGAGGCTTCACAATCCTCTGCCTCAAACCGAGCGTTTGCCTCCGATGATTTTACAGGCATGCGA
CP120722.1_gap58	2097610	2100892	3282	CCGGGGCTGATTTCACGCAGTCCCAACACGCCGTCAAAAGGTGCGCGGATGATGCGGTCCTGTAGTTGTGCTTCCAATCCCTCGATTTGCCCTTCAATTTGAAGCAGCAAAGCTTCACGTTCTTCCAAGGTGGCGGTGGATAAAGCCTGTTGTTGTACCAGCTCCGTGGCACGATCGAACGCGGCCCGCCGTTCTTTCATCAAAGCCTTGGCTGATTTGAGTGCCGAACTTTCTTCTGCATTTTCCAGTTCGATTAAGAGGTCACCTTTTTTTACCGTATCCCCATCATCAAAATGAATGGCGCGCACAAATTCAGTGATGTTCGAGGTGATTTCCACGGATTCATTGGCTTGAGTGGTGCCGAGAGCTTCCAAGGTTTCTCCGAAACCTTCGCGGGAGACCACAGGGGAAACGACGATATCTAAAGGTTTTGCTGGACTGGATTGGGCAAAGGTGTGGGTGCTGATGAACAGCATAGAGGTGGCAATTGTGAGGAAAAATGGGCTTTGGCTATAATATTTCATATTTTGTATTGGAGGTAGTACTAGTTTTTCGTTTGAAAAAAACTCTACTTACACAGAAATACATGTTTTTTTTAGCCTGCGGGTCAGAGCCCAGTTCCTTCACGTTTTTAGCTTAACTTCTGAAGTTTTGGACCACTTTTTCTTGATGTCAACCACAGCTATTGAGCGTGGCTTTATGTTGCTCGATCCATCCAAGCAACCCGCTCTTTTCAAAAGCCCTCTCGTGGCGAAGAGGCTCCTTTTTGTACGGAAGTGGGTGATGCCGATCCGGCTCAGGTATTCGCCCCATTTCACTCCCTGAATTATGTGCTAGGGCTGTGGCCGGAAGAGCGGGGCATAAGTCCTTTTCCCCAAACGGGCATTCGGTTTCATCTTCTGCAAGAAAACCGAATGCCCGTAGGATGATGATCTTTAGAGGCTGGCCTGAATCATTCTGGCCAAGTCATTGAGATGATGGCGATTATCGACCGCGGCCAGATGGACGCAAAAGCGGTGGGGGCCGCTGGGAATCCGATAGGCGTCCAAGGTGTCAGGCCCGCAACTCCCGGTTCCCACTCCACGTTGAAGGAGGTCGAGATGCAGGAAGGTTTCCTCTGAGCGGGTCATGTCCGTGGGGTGAATGTTGGTGGCCAATTCGTTGATTTCGAAATGTCCGGCATTGAAACCAAAACCCGTTGCGGAAGAGCTTTCAGCCACTGCCAGCAGACCCTGTTCTCCATCGGAAACGGAAAGCCAGCGACAATCTCCGCGATGCCCGTTTTCCTGGGGAAGAATATAGGGAGTGTAGAGGTCATCGACGCTGGCCGTATAGCGGCCCAAGTCGGCTGCGCTTTGACGGTCACAGTAGTTTTCTACCGGTCCACGTCCCAGCCATTCGGTTTGCTCCATGCCTTTGGACAGTGCGCCGTAGAGACCGATTCGGGCGACATCGCTCAATGCTTCGGGTAGGTCGATCTGTAGTTCCACACTGAGCACACCGAGAGGCGAAAGTTGATAACTGAGGGTGTAGGCTAGCTTCAACTCCTGTAAACCCGTTGCCTCACAGTGTGCAATCAGTTTTCCAGCTTTCTCTGTGCTCTCGATGCACCGGTGTTGGAGTTGATGTAGGCCGTAAGCGAGCCAACGTCCTCCCGGTTTTTTCTCCTGACCGCTCCAACCGCGGATGCAGTCATTGTCTGTAGTTGCCCGAAAGAGACAGAGTTCAAAGGGACGGGCCAACAGTTCCTTGTTTTTAAATTTGAAGCTCTGAAGTTGCCCCTGTGCATTGAGCGCGAAGGTGAGCTCGTCTGTTGATGCGCCATCGTTACGAAGCGTCACTTCGCTTTTTGAACGGAGGGCGGGTATCTCCAGGCTTGCAGCTACGGAAAGAGGGAGTTGCTCGGTAACCACGACATGACCGGCCTCGGCCCAGCGGTTATCCTGTTTGAGTACCAGGGTAATGTCCAGGGTGACTTCCTGACCGGCATAAATTTCGGGCATCTTCACCGGAAGGGAGATGTTTTTGCTCTCTTCGGGGGGGATATCGAGGGTGTCGACTTTTCCAGACAGCTGACAGATGCCATCTACCCGTAGCTGCCAGCTGAGTGCCAGCTCATCCAAGTGGGTGAAACAACGTTTGGAGCGAATTTCGATTTCGATATGGTCGCTTTGTTGGCTGAGGAGTTGGATGGCGGCAGGTTGTACGAGACGTTTGTGTTCGTACATTGCCGGATGTGGGCTGCGATCTGGCCAAATCAGGCCGTTGATGCAAAAATCAAAGTCGTGGATGCGCTCGCCAAAATCACCGCCGAAAGCCCAGTAGGGGTTGCCATCCGCATCGACTTGATCAAGTCCCTGATCCACCCAATCCCAAATGAAACCGCCACAGCAACCCGGGGTGTTTTCGAAGACCTCCCAGTACTCGCGTAATGACCCGTTGGAGTTGCCCATGGCGTGACTGTATTCACAGAGCAGAAATGGACGTGGATCCTGGGTTCGAGTATTGAACTCCTTTACTTTGTCGGGATGTGGATACATGGGACAGATGACATCGGTACCGACTTGACCGTGTTCATAGTCGATACCGCCGTACCTGCATCCGTCGTTTTGTCGCCACTCTTGAATGGCACCCTCGTAGTGAATCAGACGGGTGGGGTCGTAGCTGCGCATCCACGCGGCCATGGCATCGTGGTTGGCACCGTAGCCGGATTCATTGCCCAAAGACCACATCAGAATGGAGGGACGATTTTTATCCCGTAGCAACATACGTTGTCCCCGGTCGAGGAAGGCGAGGGACCAAGCGGGGTCGCGGGCCAAATGCCAAACATGGGGATTTTGATAGTTGTGACATTCCAGGTTGGCCTCGTCCACGACGTAGATACCATATTCGTCGCACAACTCATACCACAGCGCATCGTTAGGATAGTGACTGGTACGAACCGCATTAAAGTTAAAGCGTTTCAGTAACTCCAGATCCTGAATCATGGTTTCGACCGGAACTGTTTTGCCGAAGCGTGGATGATGGTCATGTCGGTTGACGCCTCGTAAGAAGATGGCTTTGCCGTTGACGAGAATACGCCGGTCTTTGATTTCGATACGACGGAAGCCCAGACGGTCGGTGGTACATTCCAAAACCTTTCCTTCGGGATCCCGTAGGGACACCACCAGCTGATAGAGGGAAGGGGTTTCGTCCGACCAGGGGGCGGGGTTTTCGAGCGTTGCCGTCAATTCAACCATTGATTTGACGCGTCCGATGCGTTTGATGTCATCACGCAGAAAG
CP120722.1_gap59	2106935	2110996	4061	ATGCGTGAGCTGTCGATGGGTTCGAAGCCGAGTTCCAGCGCTGGGGATTCAGGGTTTAAGCGGTAATCATGGGTGAGGGGATCTACAAATAGGGGATCGGCGACGATACTTTGGTTGTCGTATTTCCCATCGAACAGGGTTTTCCATTTTGCGAAATTTTTATCGGCAGGTCCACCGCGCATGGTCAGCCCCCCGCTGGGATTCCAGAAGAGATTGAAGTCGGATGCGCTGACCCGGTCATCGCTCCAGTTGTCGAAGCCATAGATGATTCGACCTTCTTTGGGTTCGCGGATTTCTTTGGCCGCTTCCGCTTGCAACCACAGGGTATGTTTGCCCGCAGCGGAGGGCACGATGTTGTGATCATCGGGTTTCCAGTTGGAATCGTTGCTGAGCACCAGCGCATCCAAATTCAAACCGCCTCCTTTTACATTGGTCCATTGCAGGTTGCGAAGCCCTTGTTTCAGGGAAATGTTTCCTACGCGTTGCCACAGGGCATTTCCCCAGTCCCCGGTATTGGGCAGTTGAGTGAGCAAGACCGCTTCGCCATCATCCGCAACCAAGGTGGTTCGGTCGTCCATGTTCTCGAAAGTGTTCTCAGCGGCGTAAAGCATCCAGATGGCGTAGGCGTCAGTTTCAGGGATGGCTTGTTGCCAGGTGAGGGTGGTTCCTTGATCGTGGAGATGCCCCACGATTTGCCCCAGTCGACCAAAGTCTGCAGGCACATCCGAAGCGGGTTCAAAAACGATTATATTCCGGGTGTATTCATGATGGTCTGTGCGTTCGTCCATCATGGTGAAGGAGCGGATGGCGGTGGCGTTTGTGGGATCGACAATGAGAATGTTGTTTTGAATAATGTTGCCGATGCCTTTTGCAAAAATGGGTTGGTCGCTACCGGCCCCGCGCACGTTGTAGATGATGTTGTGGGTGACGGTAAAGTAGTCGGCTGCGTCATCGAGATAAATCCCGCTTTGCAGACCGAATTGTGCATTGCCCGTATCATGAATCAAATTGTAATCGATGACGTTGTCGCGTCCCGGCCCCCAGGCCTCAATGGCCCCGGCGTCCTGACTGTCCTGATTGCTGTGATGAATGTGGTTGAAGGCGATACGGTTGTTGCGGGCGTGGAGATAATCGTAGTGATTTTCCCAGGTGACTTCAGGGAGCGTCTTTTTCAAGGATTGAAAACGTTCACCCTTGATGCTGACCCCGTAACGGGGAAGATGGTGGATCCAGTTGTTTTGGATTTCGTTGTGGCCGGACCAAGAGATCTGGATCCCGTAGCCGTGACCGACGAGGCGTCCGCAGTGGTGGATGTGATTGTTTTCGACCCGGTGAAAGCCCACATTCGGTTCGCGGGTCTTTGGTCCCAAACCAGAGAGAGAAACGCCGTGGTGTCCGTTTTCGCGAATCTCGCAGCCGTACACGCGATTTGCTCGGGAATGCCCGGAAATCCGTACACCGTGTCCCTTTGCGTTTTCGATGCGGCTGAAGCGAATGGCGCAGTTCTCTGCATGGTTCATGATCACACCGTCTCCCTCGGACATGGATAAGTATAGGCCTTCAAAATGGAGGTTCCGAACCGGCTGGGTGTGAGTTCCTTCGATTCTGAGTAAGCCCGGAGCGGTTGAAACCATAAACTGCGCTGTTTGAAGCGGCGTTTTGCGAGGCCAGACGTAGACCTTACCCGCAGAGGTATCGATCATCGCTTCGCCGGGTCGATCCAGCAGGGCGAGGACATTGCGGATCACATAGCGGTTGCCGGGTTTCATTTCATATCCCTGTTCATTGCCCATGGTGAGGGTTCGGGTTTGAGGATCGATGTGGCTCAAAGGTTTTTCGACACTGAACCAGTCCTCACCGGGCCAAAGAAAAACGGTGGCACTGGAAATATCCCATTCCGCGGGTGACAGATCTCCGTCCCGATACAGGAAGGCGCGCTTGCGTTGTCCTTCGACCGGGGTTTCTAATTCGAAATAACCATGTTCCGGTGTGCGGGCGAGATCGAGACGCACATTATCTTCAAAAACCTGTCCGGCTGAAATGCCCGGCGCGAGAGGGCTTACAAAAATTTCATCATCATATGGGTCCCATTTCTCGAGGGGGTGTCCGCCGAAAAGTTGCACGCGTTCACCCGGCTGTGCCGCGTAGGTAACCGAAAAATCCTCATTGCCTCCATCTTTAGGTCCCCAAGTCATGCCTTGAGGTAAATAATAGTGTCCTTCACCTAGATGCAGGCGGAGGTTTTTGCGCAGGCCGGCGGCGATGTCTGCCCGAGCCGCATCCCGGGCGCGGGCGATACTGGCGAAGGGTCCATCGCTTTTCTGAAGATTGGGCGTGGGCAATTTGCCCGACCAACTGTCGCGTCCTTGGGGCGAAACGTAATAATCCGCAGGGGGAATGGGTGCTTGAGCAAGCAAGTCGGCAGAAAGTAGCCACGGGATCAGGAAGCAAAGGCATCTCAGGAAACGCATATCAAGTAGGGTAGGGGAATGTTTCAGAAGTGTTGCTCACGGCTTGCACCGTGCAGGGTGAATTGAGAGCTGACGAAAACGGGCCATAGTGCGTTATGGGGAGAGGGCAAGGGATTGAAAAGTAAAAACAACCCGGTTGCATGAGAATTGTCGGGCGCTGTTGACTCTTGGGATCTGCTCCTTAACGTTAAAGAAATTGAAACTTCGCTTGTGAACGAGCATAAACACAGAGAAAGAGTTGGTGAGAACGATGACATTTATCCCCTTGGGTTTACGGAAAGAGCTGTTGGACGGCATTGCAGAAATGGGATTTGAACAGCCCACGCCGATTCAAAGTGAAGTGATTCCTTTTATGTTAAAGGAAAGGCGGGACTTGGTGGCGCTGTCTCAAACCGGGACAGGCAAAACCGCTGCGTTTGGATTGCCGCTGCTTCAAAGGATCAATCCGAAGAATAAGAACACCCAAGCCCTGATTCTTTGCCCGACCCGTGAGCTCTGCATCCAAATTGCGCAGGACATGCAAAACTTTTCCAAAGCACTTCCTCATGTGCGGACTTTAGCGCTCTACGGGGGCGCGGACATTCGACCACAACTCGACGGGATTGACCGCGGCGCGCACATCCTGGTGGCCACCCCTGGACGATTACTTGATTTGCTGGGGTCACGGAAAGTGCATCTTTTTGACCTGACACGCCTGGTCTTGGATGAAGCGGATGAAATGTTGAATATGGGCTTTGAGGAGGATCTTAATTTGATTCTTGATCAAGTGCCCCGTGAGGCCCAGCGACTGCTGTTCTCCGCCACCATGCCACAGCGGGTTCGGCGTATGATGAACACCTACATGGATGATCCACACGAAATCACCATTGGTGAGCGGAACACGCTCTCCGGGTTGGTGGAACATCAGGTGATGTTGGTGCATTCGAAAGATCATTATGCCGGATTACGCCGTTTTCTCGATGCCACTCCCGAGATCTATGGCCTTATTTTTTGCCGCACCAAAGTGGATACCCAGTTGATGTCAGATCGCTTGAACCACGATGGATTTATGACCGCAGCTTTGCATGGGGATCTGTTGCATGAGGAGCGGGAAGCGGTGATGAAGCAGTTTCATACCCATCAGATTCAACTGGTGGTGGCCACGGATATTGCCGCCCGCGGACTGCATATCGATGAGCTGACGCATGTAATCCACGCCCGCATTCCCGACGAGCAAAACACCTATACCCACCGAAGCGGACGAACCGGGCGTGCCGGTAAAAGTGGGGTCTCCTTGGTGATCTTACATGCCAAAGAACAATATAAACTCGAACGCATTGAAAAGATTCTCGGTCAAACTTTTCAAAATATTCCCATTCCCACCGGCGAAGAAATTGGACGCATTCAACTGCAAAACCTCCTCAACAATTCAGAGACGGTGGATCTCAGTCTCGATGAAATTGCGGACAGGCTTTCTACGCTCACCCTCTCTGAAGAAATCGATCCCCAACAGCTAAAGAAGGTACGCAAAACGGTGGACTATTATCGGGTGACGCCCGAGCTCAGCACTGAGCCGGAGAAAGTAAAACCCAAGCAGAAAACCGCAACCGG
CP120722.1_gap60	2112641	2115473	2832	CCTGATTGCCATAAACCAATCCGGTGTATTCATCATTGATGGCGACCTTGATTCCCAAGTCGGTAAAGGCATAGACCTCTACATTTACTTGCTGCCATGGGGTAAATACATCCGGTTCAACTGTTTCGCTTAAAGACTCAAAATAATCTCTCATGGGATCCCTGTGATTTATGTTTCATGATTGTTCGACATCCTACTACAGATAAGGATCTGAAACGACTCTTAAGGACTCTTTTGAAGAACTCAATGATCACTTGTGATGGTGAAGGTGCGAGAAGGGGGTGGGATGGGCCCGCTACGGAAATACCTTTGTGGTCGATTCCTTTTCTTTTGTGCGGGACAGGTCTTACCACCACCGCCGTAGGGCCACATACATATTGGTGTTGTCCTGAAACTGACCAAAGAATGATTCCATGTTTTCCCCGGCAAAAATATTGGCACCGGCACTGAGGGTGAGGGTATCACTCCATTTATATTCTGCCAGTAGACGGGCATAGCCATCCACCTCAGTCGGTGAATAAAAAATAAAACTCGAAAGCATTAAGGTTTGGTTCATTTGAAACCAGGTAAGCCGCAAGGTCAACAGTTGCCGCCATTCATCACGCAGACGTTCCCCGGGTTGAATATTTTCTGTGTAGGCCTCATAGTCTTGTAACCACTCACTGTATGCTTGTACCCCCATACTCAAGTCTGTTTGAAGTTCCTGTTGGTAGCCCAGCAGAAAACGGGCTTCACTATTCTGAATCATGGGATTTGATCCATCCGAATCTTCGCTGGAGTTATAGTACGCCACTTCCACATTCCCAATGCCTTTGGCAAAGGGCGTGAGTGCAGATGCTCCCACTACTTGTAAATCAGGGAAGAGTCCCACACCTTCCGCAGTAAAACCCGCTGGAGATTTCCAAAAACCGTAGTAGCCGTAGAGCGCGGTTTCTACGTCACCCAAGGTTGTTTTCACTCGGAGAGAGGCGTCACCTGAATGAGGTCGATGGGTTTGCAAGGGATCGTCGGCTGTAAATATGAAAGGATAAAAGGACATATAGGTTCCGTCCAGATAACGATCGGTATCTGCACGGGGGGACCAAACGAGATCCACGATCCAATCCCCGAAATACATGGCGCTGTATACCGCGTCCGAGGGCGCCTTGAGGTACTCCACATCCCGACCATTAAAAAAGGAAACCCAATCTTTGGGAAAAAGATCATTGAGGAATACTAAATCACCGGTTCCCCAGGTCAGCGTTTGACGACCTATTTTAAGGTCCATCCAAGGGACGGGAGCCCATAAAATATTTGCGCTACGCAGATCGATCCAGCCATTTCCTGTTTCCAGATTTACATCCTCTAAATCAGGGTTAAGCCCGTTATAGAGAAAGTCGACACAGAGATCGTAATCCACCGGACCCAGAAAGCCGCGGGTCGCCACTTGCGCCCGCAGATCTTCCACCGAAGCTTGTTTCTCCAGGGGGTCTTCCTGTAACCGGGTGCCGAGACGGCCTTCGATAAAACCGCCCCACTCACCTGCATTTACCCCTGTGAACACCCCTGTGAACACCCCCATGATACACAGCGCGATGAGTTTCCTGTTCACCGGGTGGCCTCCCGCGGGGGCCGTTTCAAATAGCGCTCCGAGAACAACCGTTCATTCAATCCGATGTTATACGCCACATTCCTGAAGGTGTTGACGGTTTTACTCTCCCGGCGCAGATCCTCAACTGTGGACTGCGTTACCGTGGGAATGCCGTCGATGACTTCAATTTTATCGGCAGTCACCCTGCGGACGACTTTACCTTCCTCGTCCACATATTCCGCTTTGACCGGCAAAAAATTGTCTTTACGCACCCAGACATCATAGGAGGCGAAATCTACTTTCGAGAGATCTTTGGGGGTGTTGCGAATGACATAATACTCAGCTTCCCCGGGGAGCAACTCGTGTTGGTCTTCATTCAAACTACGACCGCTAATGTCTTCATAGACAAAGTCCGATCCCACAAAGCTAGTGCGTTTATCCCCGGGTGCAATGCGGTTGACTTTTGAGATGGCCGGTAGCCATAACCAACGGTCATCTTCGGCCCCCCCACCTTGTTTATGTACCAAATAGGCCATTTCACGAACGTCCGCAGGTTCATTAAAATAGACGAAAAACATTTGTTTGTTGTCTTCGCCATTTAAACGCAGCACTCTGAATTCGCGAATACGTTCCTGTCCGTTTGCATCTGTGATCACCATGTGCACGTCGGATTTGCCATCCTTCCCGGCGTAATAAGCGGCTTGCTCTGCCATTTCAGCCACGGCATCTCCCGTTAAAGGTTCGTCAGCAAGCATGATGCTACAGGTGGTTAGCAAAATCATATAGAAGGGAATGTGTATCTTCATGAGGAGGTCTCCTTGGAGTTGGATTTAAATAGAAAGCCTTGAAAGGCGCTGAGTAGCGAAGCCAACAACACCAACGTGGCCAACCAGGATACAAACATAATGGTCGCCAACAGGAATCCCACCGTTTTATAGGGCATCAGGGGGGCGAGCAATAGAGGGGTGAATCCGACCGCAATCACAATGGCATTGCGGCTAATGGCTTTGGCGGGTTCCGCAAACATATGGGGCCACACCTCTTGCCAACTACCTTGTTGTCGCACCAGTTCACGGGCGCGTTGCAAAAAGTGAATGGCAAAATCGATACTCATGCCTAGGGTCAGGGATGAAAGTACCGCCACCGGCATGTCATAATCTTTACCGACCCAACCGATCAGGCCATAGGTCAGCGAAATGGTTAACAACAAGGGCAACATAGACAGCACCCCGAAGATCACCGAGCGGAAGAGCACAATCATC
CP120722.1_gap61	2154847	2158146	3299	GCGGGCCAGGCGGCGGCGCCGGGGATGAGATCTTTGAGTTGGGAGATCATCTGACATCCGTTACACACCCCGAGGGTGAAGCTGTCGGGGCGTTCGAAATAGCTTTGGAACATTTCCAGCAGTTGTGGATTGTAGAGAATGGATTTGGCCCAGCCGGATCCGGCGCCCAACACGTCTCCGTAGGAGAAACCGCCGCAGGCGACGAGCCCCTGGAAGTCTTTGAGGTCGACGCGTCCGGCGAGCAGATCGGTCATGGTGACATCCACGGATTGAAAGCCCGCTTTGTCGAAGGCGAAGGCCATTTCGTTTTGACCGTTGATGCCTTGTTCGCGGAAGATGGCCATGCGTGGCTTCGCCCCGGATGGCGAATGGGTAATAGCGGATGAATGATCGAAGGTGGGTTTGATGATGAGTCCGGAGTCAGACTCGTCCAAAATTCGATCATACTCTTCCTGGGCGCATTCGGGGTTATCGCGGAGAGATTGCATGCGATAGCTGAGTTCGGACCAGGCGCGGTTGAGGGTGCTGAGGGTCTCTTTGTAGAGCAGTTCGTTGTTTTGGGTGATGAGCAGGGTTTGCGTGCTTGTGGTCTTTCCGAGGTCGGAGACTGAAAGTCTCGGCACTGCAGCCTGAAAGGCTGACATTACGTGGTTGAGGTTCTCTTCGGAGACTTCGATGACCGCGCCTAGTTCTTCTGAGAAGAGGGCGGCCAAGGGATCGGTCGGATCCGTCTGATCTGACCGATCCGACAGATCGACAGTTACGCCTTTGCGTCCGGAGAAGGCCATCTCGGCGAGGGTGGCGAGGAGGCCACCGTCGGATCGATCGTGGTACGAGAGGATAGCGTTGTCGGAAATGAGTTGCTGGACCGTAGCGAAGAAGGCTTTGAAGGCGGCGGGATCATCCAGATCGGGTACGTCGCTTCCTACTTGATTATAAACCTGGGCGAGGGTACTGCCGCCGAGGCGGTTTTTGCCGTTGCCGAGGTCGATGAGCAGGAGATGAGAGCCTACTTCTTTGAGATCGGGAGTGAGGGTTTTGCGGACGTCCGTTACTTTGGAAAATCCAGTGATCATGAGGCTCAAAGGCGAGACCTGTTTTTGCTCTTGTCCTTTGCTGTCCTGCCAGGAGGAGCGCATGGACATGGAGTCTTTACCTACCGGAATGCAGATGCCGAGGGCGGGACATAAATCCATGCCGACGGTTTTGACGGTGTCGTAGAGGTTGGCATCTTCACCGGCTTCGCCTGCGGCCACCATCCAGTTGGCGGACAGTTTGATGTCGCCAATGTCGGCGATGTTTGCGGCGGCCATGTTGGTAAGGCATTCGCCGATGGCCATGCGGCCGGAGGCGGGGGCATTGAGGATGGCGATCGGGGTGCGTTCGCCTAAGCCCATGGCTTCGCCGGTGGTGCTGTCCATGCTGGAAGAGGTGACGGCGACGTCGGCCACCGGGGTTTGCCAGGGTCCGACCATCTGATCGCGGGTGACCATGCCGGTGATGGAGCGGTCGGCGATGGTGATGAGAAAGGTTTTGTTGGCCACGGCGGGGAAACGCAGTACGCGGTCGATGGCGTCGGCCAAATCGATCTTGCTGAGATCGAGGGGCGCGTGTTCTTCGATCAGTCGTTGGGCTTCGATCTTCATTTTTGGGGTTTTGCCCAGTAATACGCCCATTTCGAGGTCGATAGGCTCATTTTTAAAGTGACTGTCCTCGAGGATGAGGTGTCCGTCGTCGGTGGCTTCGCCTACCACCGCGAAGGGGCAGCGTTCGCGAAGGCAGAGGGCTTCGAAGTCGGCGAGGCGATCGGGCATGAGGCCGAGCACGTAACGTTCTTGAGATTCGTTGCACCAGATTTCCATGGGGCTCATGGACATGTCTTCGTTGTTGATGTTGCGCAGTTTGAAATGTCCGCCAGTGGCTTCGACCAATTCGGGCAGGCCGTTGGATAGTCCGCCGGCACCAATATCGTGAATGGAAAGCATGGGGTTTTCTTCGCCGAGGGCGATACAGCCGTCGATGACTTGTTGACAGCGTCGTTCCATTTCGGGGTTGCCGCGTTGCACGGAATCAAAATCGAGATCTTCGGATTGGGATCCGGCCGCAATGGAAGAAGCGGCGCCGCCACCGAGTCCGATCTTCATGGCGGGTCCGCCGAGTTGAATAATCAGGGCGGTGGGGGGAATATCTTTTTTGGCGACGTGTTCGCGTTTGAGATTGCCCATGCCGCCGGCGGTCATGATAGGTTTATGGTAGCCGCGGTGACGTCCGTTGTGTTCGAGTTGCAGGGTACGGAACATGCCACAGAGTTGAGGACGTCCAAATTCGTTGCCGAAAGAGGCACCGCCGATGGGGCCTTCGAGCATGATGTCGAGGGGGGAGGCCATGCGGGCGGGATGTTCAGCAATATCGATTTCCCAGGGCAGTTTGTAGCCGGGGATTTCAAGGTTGGAGACCATAAAGGCGGAGAGGCCGGCCTTGGGACGTCCGCCGATGCCGGTGGCGCCTTCGTCGCGGATTTCACCGCCCACGCCGGTGGCTGCCCCAGGAAAGGGGGAGATGGCGGTGGGATGGTTATGGGTTTCCACTTTGCAGAGGATATCGAGGGTGGTGGCGGTTTTGCGGTAGGCTTTTTCGTCGCCTTTTTGATTCACTTCCCACCAGTCGCCGGGCACGCCTTCGAGTACGCCGGAGTTATCGGAGTAGGCGACGAGGGTGCCTTGGGGATTGAGTTTGTGGGTGTTGCGGATCATAGCAAACAGCGATTTGTCGCTGACTTCACCGTCTACAATCCAGTCGGCGTTAAAGATCTTATGACGACAATGCTCGGAGTTGACCTGGGAGAACATCACCAATTCGGCGTCGGTGGGATTGCGTTCCATCTTTTGGTAGGCGGCGACGAGGTAGTCGATTTCGTCGGGACTGAGGGCGAGGCCCCAGTCGACATTGGCCTTTTTGAAGGCTTCGGGGCCTTCTTCGATGAGGGGAACCGTGCGCAAGGGCGAGGGTTCGAAGTGGTCAAAGAAATGATCGAGGGTCTCGTAGACCCCTTCGGTCATACGATCGTGAAGCAGGGGCAACACCTCACTGAGTTCGCTGAGGGTACAGATGCTGCCATCTTGTTTTTTCAGTTGAATGTGAATGCCGCGTTCGACGCGCTGAATGGCTTCGAGTCCGCAGTGATTAAAAATGTCGGTGGCTTTGGAGGACCAGGGGGAAATGGTGCCCATGCGGGGGGTAACAAAAAATCCAGGTTTGGCTGTGAATTCGCCCGATGCGGAAAGTAGGGCGTGGGTGTG
CP120722.1_gap62	2159869	2161266	1397	CTCTCGCTTTTCAAATGGACCCTGAAAAGGTTCACGAACGAACCCTGGTCCTGTTGCAGAAAACCTGTCGCCCTGGCAAAGCTCATTTTATGGCGGGGGAGATTCCGAATAAACCCGTTGAATTGATGGGGTTGCGTTTTGAAAATCCGGTGGGATTGGCTGCCGGCATGGACAAGAATGGCACTTGTATTGATGGTTTTGCCTCTTTGGGCTTTGGTTTTTTGGAATTGGGAACGGTGACCCCTTTACCCCAACCTGGTAATGCAAAGCCACGTTTGTTTCGTTTGCCGGAGCACGAAGGCATCATCAACCGTATGGGCTTCAATAACGCAGGGGTAAATGCCTTGTTAGATAATTTGAGTCATGCCCGGTACCGTGGGATTGTCGGCATCAATATTGGTAAAAATTTTAATACCCCCATCGAAAGGGCGCAGGCGGACTATGTATTGGGCTTGCGGGCTGTGTATCAACGGGCGGATTATGTGACGGTGAATATTTCTTCCCCCAACACCAGCAATCTGCGTGAATTGCAGAAAGGGGATGCGTTTACAGGTCTCTTGCGTTCCATTGCGGATACCCGCAATGCGTTGCAGAAAGAAACGGGTAAACGTACGCCGATTGCGGTGAAAATTGCGCCGGACCTGGATGAGGCCCAATTAGATTTTATTGTAGAGGCCTTGTTGCAGTCGGGCATGGATGCGGTGATTGCCACCAATACGACCTTGGATCGTACTGCGGTAGAGGGACATAAATTTGCCAAAGAGGCTGGTGGATTGAGTGGGGCGCCGGTGCGGGCACGTTCGACAGAAATTATTCGCGGACTTTCTAAACGTTTGGATGGTAAAATGCCCATTATTGGAGTGGGCGGGATTTTCTCTGCGGAGGATGCCAAAGAAAAAATGGATGCGGGGGCTGCGTTGGTGCAGGTGTATTCCGGATTAATTTATAAAGGTCCTCGCTTGATTGGGGATATTGTTCGCGGGCTCTAAGCATGAAATCTCAGGTCCCATTCAGTGAACGCGAAAGTGCCTGGAGGGAACCGCTTGAGCTTTTAAAGGGAAAATGGCCGGCCTTTGTGTTTGGGGCGGGGGTAGGGGCTCAACTGCCCGTGTTCCGTTTTTCCTCTGTGATCCGTCAGGAATTTGAACCTTCTCTCATTTATTTGATGGAAAATGGCTATCATACGGTGCAGAGCGCGGAATTGGAGGCGATTTTGCGTGGGGACAAGCCGCCGGATCCTAAAGCGGTGATGTTGTGTTTTGATCATGCCTGGGCGAGTTTGTGGACCATTGCCGCGCCGCTTTTGGAGCGTTATAATTTTACGGCGGTGACCTATGCGATTCCGGGGCGTATTCATGACTCAAAAGCGTTGCGTCCGGTTTGGGGTCAACCAGAGC
CP120722.1_gap63	2195000	2199682	4682	GGGGTAGTGGCCGCTTCCACCATGGCGTCTGCGGCTTTCTGTTTTTGATCGAGTGCTAAGTGGCTCATGGCCAATTGCGCATGGACTTCGGAGGGGTTGTCGAGGCTTTCCCCTTGACGGGCGCGGAGCAATCGTTTTTCGAGATAGCGTTGTGCTTGATCAAACTTCTTTACGGAGAGAGACATTTGACCGGCGAGCAAGAGCACTTCTGGGTCATTTGGATGTAGGGCCAATGCTTTTTCGAGCAGCGCCATGGCTTCGACGTTTTGATCATTCTGGTAGGTGGTCAGGGCTAGTTTTCTTAGGGTCGCAAAGTTTTCAGGGGCAAGTGCGTAGGCCTGCTGGTAAAAAGTCATCGCAGCTTTTGGGTCACGGAGCAGTTCACTGATCACGCCCATGAAATAGAGACTGAGCTCGGTTTCGGATTGGGCCTGTAGGGTGGCATTAAAGTTTTGAATACCTTTCATCCCGCCACCACTTTGGGTGATGCCGTGTTTGATGATGGTATTGCGAATTTCTTCGCTGCTATCCCATTGTTGATCGAGTTGGCTATAGATTTCTAAGGCCAAGGGCCATTGATTGTTATCAATGGCTATGCTTGCTTGAAGTAGGGGGAAACGTGTTTCTTCCGGGAATTTTTCAATGGCTTGGGTGAGAACGCTGTCGATTTCGTCCTGAAGATCGAGCATGGTTTTCAGATCGGGCGCATTCTCTTTTTCGGCCAACAACAAATTGACGAGGATCTCGGAGCTTCTCAGAGGGTCATCCGCCTGTTGGGTGGCGAGTCGACTAATGCGAATGACTTCGTTGAGATCTTTCTCTCTTAAGGCCAATTGAATGGCTTCCAGGTAGAGTATTTCTGAGGTGGGGGCGTAGCTGAGTGCAATCGACAGTTCCGCTTGGGCTTTTTCTTGGTCGCCATTTAAAAGGTACCACTTGGCTAACCAGCGTCTGGCGGTGGTGTTTTCTGGATGTTTTTCCAGTAGGGTTTGGATGAGGAGGAGAGCATCTTCACTGCGACCTGCTTGGAGCAACTGTCGGGAGGCGACCATATACAGGGCATCGTTCTCGGGGTCTTGGCGGATGGCTTCTTCGTAGGCGTCTAAGGCTCCTTCGGTATCTCCGATGAGTTCACGATTGATGGCGACGCTGAAAGCGGCCAAGGCTTGAGCCTGTTCGGACTCTGCTTGAGGGAGGAGGGGCGAGGGTTGTAACTGTAGGGTGTCGCCGTTGTGGGAGGAGTGCTCTTGTGCAGAGGGCGAACTACAGTTGCAGAGGAGTCCTGTGAAGGCGAGGAGTAGACAAAAAGAAACCTGAGGAGTGGAAAGAATGGAGTTCATCATTTCCTGTATCCTCAGGTTCTTTTAAATAAATTTCAATGAAACTTATTTCTTTTTATGCCGGTCAAGCTTTCTGCGCTTACGACGCTTATGCTTAGACATTTTTTTCCGGCGCTGTTTTTTAATTGAGCCCATAATTTCGTCCTTGAGTTAAATGGTTAAAGCAAGTTTTCCCGATACCGGTTCAGGGAATGATCTTGTTCAACGAGAGTTCGATAATGCCTTCAGCTCCGGCAGCCTTCAGCTTCGGGATAATCTCCCGCACAATATGTTCCTCTACCACTGTTTCCACGGAGTGCCAATCGCACTCAGAAAGTGAATTCAGAGTAGGCGCGTGCAAGGAGGGAAGAATCTCCACAACCTTTTTAACATTGCTGTCTTGCACGTTTAATTTCAGTAAAACTTTGTTTTCGGCTTCCAATGCGCCGGTCAGCAACATGGAGAGTTGCTCGAGTTTGGAGCGTTTCCAGTCATCTTTCCACGCCTCTTTGCTGCAAATGAGCTGCGTGTTGGATTCGAGGATGGTGTCTAAAATGCGAAGGTTGTTGGCGCGAAGTGAATTGCCTGTTTCGGTCAATTCGACAATGGCGTCCACCAGCTCAGGGGCTTTTACTTCTGTAGCGCCCCAAGAGAACTCCACTTCTGCAGTTACGCCGTGTTTCGCGAGGTAACTTTTTGCAATGCCGACCGCTTCGGTGGCAATGCGTTTGCCCTCGAGGTCTTTGGCACAGTGAATGTCAGAGTCTTCCGGAACGGCTACGACCCAACGAACAGGGTTGCGACCTTGTTTGGCGTATTTTAATTCGCAAACTTGGTGAACATCCGATCCATTTTCAACAATCCAATCATGACCTGTCAGTCCGGCGTCCAGCATGCCTAATTCAATATAACGGCTCATTTCTTGAGCGCGGAGTAAACGAATTTGCAATTCTGGATCGTCTGATCGTGGAATATAACTTCTGGAGCTGGGTTTAATTTTAAAACCGGCTTTGCCGAACAGTTCGTAAGTGGACTGCTCTAAGCTACCTTTGGGAAGGCCTAAAATAAGTTGTTTCTCTGGAGATTCTGACATGTAGAATTGGGGAAGTTGCTATCTTTAGGGGTTGAAGGGCGAGATCTATAGAGGAATGAAGTACGCCTGTCCACGTTATTTTAAGTAAAATCCTTTGTTTTTATGCCTTGAGCTCCGGAGGAGATGCCCTGAAGGGAGGACGGGGGCTGGATCTTGTGACCCGCGGGTGGATCAGGGGGCTTTGGGAGATAAGTCGAGGTAATTGGACCAGGACATTTTCCCTGTCGCATCGACGGCTTTTACGCGTACCTGTATGGGGCCCGTGCCTGTTTGATTGAGTCCTAACTCGATGTCAGGGCTTTTACCTTTTACGGATTGGCTATGAATTTTATCCAGACCCCGATAGACGTCGACCATCATAAGAGGGCTTGGACTTTTCAGTTTGAGGCGGACACGGTCTGATTTGACACTACCTTTTAGAGTCAGGGCGCTGGGGTAAGGGGTGGAAATGTGTTCTCTGAGTGTTCCCAACTGAGGAGGCGCCCAAAGATAGCGGGCGTGTAGTTGTAGGTCAATTTCAGGCCCGGTGTTTTCAGCGTCGGTGTTGAGAGTCCAATGAGGGCCGTTTCCTGGAACCCGTTGACCGTCTGCAAAGAGGTGCAGGGTGGTACTACGTCCGGTGGGAATGCCTGATACGTCGATCTGAAGTTGTTGATTCTCCCAGGTGGTTTCGAGGGTAAGTTCGGGGAGCTCCGCGGCCCAAGGCCGACATAAGGGGTCTCCTACGATGAGGACTTGAAAGGGGGATGCGATGGATTGCATTAAGGCTTCCAGCAGGCTGTTGCCTCGTAAATAACGTTCGAAAACGGCCGCTTCGGGAAATTTCATCCAAATGGAATAGGGCTCTGTGACCGTTCCTGCACTGGCCGCGGCCCCGGCATCTAACCATTGAGTGAGTTTGGTTTGACTGCTGACATCAAAGGTTGCGGCGAAACTGGTCAAGTGATCGGCAAAGGCTCCGGGCTGTAAGGCTTTTTTGTATCGGGCGGTGTTAAAAGAGGCCGCGCCTCCCATCACCCCTATAATTTTTGAAGGAAGCGGACCTTGTGCGGTAACCATTTCGACATCGATCCCTTTTGCTTCCAGTCTGTTTTCTGCCATGAGATATTGGTGTAGCCGGGTTTTGCTCCGCACATTGTTATTGGTTTCGAATACAATGCTGCCCACGGGCATGCTGTAATCCGCTTGAACAGCAGTTTTAAGCTGTTGCTGCATTTTTTCGGTGGTTTCCGGCGGATAATACACACCGAGCATGGCGGCAGGATGGAAGGCGGGATCCATGGGTTTTGCCAGTGGGTAGCGCATCAATCCTACCATTTTTTGAGCGGTATCGGGAGGGGCAGCGAACCAGGGAGAAATGGCGCGTCCTTGTTTAATCAAATTTCCGCCAGGCAAGTTGCCCCGACAGGATAAAAATCCGGTGCTGCTGACTTCTGGACGGTTTGCCCCCGACACACGGGTGGGCCATTCCGGACTCAGGATGAGTGCGGTGGGGCTGCTGTCATTGAGTGCGTCCAGTTTTTCAAGCACAGGTTCCAGGAGTTGGCTGCGAAAAGAGGCTTCGTCGACGGTCCATCGGGGCATACCGTTTTCTTTTCGGAAAAAGGAGATTTCCGGTTCCAAGACCAAAATACGTTCTGCAGGGAAGTTGCGGAGGGCTGCATAGCTTTGGGCGGTTTCCATGGCCTGCAAGGAGCGGCCATTGATAATGAGCAGGCATTCTGAGGGCATTTGCGCGCAGAGGCGAAAAGACAACAGGCAGAGAAGGAGAGAGCGTAAATAATTCAATATGCACCTTTTTTGTCGAGTACGGCTTTAATTGTGCGCACCAAAATAACGACATCCAACCAAATGGACCAGTTGCGAACGTAGTAGGAATCCCAGCGGATGATGCCTTCATTGCCGCTGTCGCTACGTCCGCTAACCTGCCAGAGTCCGGTCATGCCGGGGCGCACCCGTCGTCGTAAATCTTTTACCAGTTCGGGCAGTTCGTCGTCATGATAGGCGGGAAGGGGACGAGGACCAATGAGAGCCATATCCCCTTTGAGAATATTAATAATCTGAGGTAACTCATCGAGAGAACTGCTGCGGAGAAAGTTACCCACCCAAGTGATGCGGGGGTCATGTTTGCTTTTAAAATGGGTTTCCCATTCTGCTTTAAACGCGGGATCGGTATCTAATTTTTGTTGGAGGATGTTTTCCGCATCCGGACGCATGGTTCTGAACTTCCACATGCGGAAGGGTTTCGCATCCATACCGATGCGGGTTTG
CP120722.1_gap64	2200980	2205488	4508	AATTAACTCCTGTTCATTATTCACGTTTTGGTCTTTCTATGGGCCCACACAAAACCATTGAACAGTTCCAAAATGGATTGGGCGTCAAAAAAGGCCAACCCAAAAAGGTTTCAGAAGAACTGGTGAGTGGCATTAAAATGCATCTCGAATCAGGGAATGTTCAAGTCTCCGATCTGTTACGCGATATTATCGTACAGGCCCGCGAGCGGAACATGAAAGTAATTGGCATGACCTCTTTGCCTCCACAGGCCCGCGACGCTCTTGCCGATCGTTTGGATCTCTCAGGTTTGGGCATTGATTTGTATCCTTTCAGCAAAGATTTGGAGCCCTATCCCCGTGCAGATGCTTGGTTGCGTTTGACCAAAGATTATGAGTTAGTGGCATCCAACTGCATTTCTTTGACGACCAGTGCGCAGTCGTGTAAGTCTTCCATTACCGCTGACATTCCGACCATTTCTTTCCCGGATGTGTTTACGACCTTCCAAGATTTCGGTGGAAGTGTTGCCGTTGTGGACACCTTGGAAAACTTAAAGTTGAGCACCTATCTCGATCACGAGATTGCGGCGTCCTAATTTTAGGAAATCAACTGCAGAAAAAAGACGGTCATCGTGACCGTCTTTTTTTGTGCTCGATTACAGGGCCTATGTCGGAATTTACTTTGGGACCGGGGTGGGGGTAGCGCGGAATTGTTGAAAGAGTCGAAGGCCTTCGCTGATGGCTTCGACTTTTTTCTCATTTTTCGTAGGCGTGGGAGATGGGGTGGGGGTGCTTTGCGGGTTTGTCTCCTCGATGGGTTCACTTGTGGAAGCCGTCGGGCTGCGTTTGGCAGGAGGGGCTTCGCCGGTGAGTAAGGTTCCGAGTAGATCGAGGCCGGCTTGAACGTTGTCATTTCCGATTTCATTCCGCTCAGTGACACCACTGAGAATCAATCCGGTGATCACTGATTTGCGCACGGTGATTTTAGGTTCAGCCAAGGTTCCTTCTACTTTGATGAAAGAGGGCAAGACAACGTAATCATCCCGCAAGCGCTCTTCTCGATAGATTTTGACTCGTTTCGCCAGGTTGGTGCTGAGTCCTAAAACGACAGGTAAGTCCTGAATTTTTGATAGTCCTATTTCCTGATTTAAGGCGATGTCACCACTGACTTCTAATAAGAACTCTGTGTTTTTTACGGAGGCATCGGTTAAGCTGAGCCGTTGATCCGAAATTTCACTTTTAAAGGTTACGGATTGGATCTCCGGCGCCATGAGTTGTTCGGGAGGCAGGGAGAGCGCGTCGGCCAGTGCTGTCACCAGCTTCGTTACCAGTGCCTTGGTTTGTAACAGGGCGGTATGTTGTTCGGGGTCGCTATCCAGCAAACGAATTTTTCCATCCGTATAAGAAAAGTTGATGTTGCCTTTAAAACTTTGCCACAGATCGAGAACGCTGTCTCCTTCGATGGTGAAGGCGGTGTTTCCCTGTACAATACCGGTTACCGCTCCTATTTTATCAGGCATGAATGAATCGACAATCGGTGCCAAGTCTAAGGGCGTTACTTCGCTGTTGAGGATGAGTGAAAATAAATCATTTGCCCAATGGGCATCTACAGAGCTTGCCAAACGACTGCCATTAATCGTGACCTCCATGGGGGAGATGGTTACCTGTTTCCCTTCGGCATAGGCTTTAAAGGCCAGGGTGTCGAGTTGGATATCTTTGTAGAGGATGTGATCAATGCCTACAGTGATTTGCGCATGATCCAAGGGGAGGGTGATGTCGGTAAGTTTTTGTAGCGAGATGGTGTTCTCTGCCGGAGTGACTTCAGGGGGGACTTGAGAAGGTTTTGTTGAGGCATCGGCAGGGGATGCGGTGCTGACTTCGATGAATGCTGACCAAGGGTTTAAATTCAATTCATTGCCTTGGATATCCAGTTCTAGGATCATCGCATCAAGGTTTTGCCAATGGATACGACCAGTGGCTTGGATGCGATTTTGTTTGCTGGGGTTGTCCAACCACGAAAGCGCGAAGGTTTCTAACTCAAGTTGAGAGGGGGTTGCATTTCCCTTGAGCTGTAAGGTTAAGGGCGAGGGGAGTTTGCGACTGTCAGGAAGTTGAATTCCTGAGCTGCTGGCATCCATTTGGATTTGTAGAGACTCTGTTGCATGCCAGGTGAACTTAGCTGTGGTTTGAAGGCTGGATACCATTAACGCTCCTTGCTCCGCTTGTGGGGGCATGACTAAATTTTCGACTCCTGCTTGCAGGGCGCCGGTAATCTCTTGTCCATTTGCGTTGATATTTACGATGCTGTTTACGTGCACAATACCTGCGTTTATGGGTAAGAGTTCTGCGAAGGGGAGACTGGTGAGGTCGACAGGAGGCAGTTTTACGATCAATTCGCTGTCGGTAAAGGCGGGTGGTTGTTGTGTCCAGTCCACGAGGGTGGGTTTAGACAAGGAAACTTCTAATAACGTTTTCTCGTTTTGGTAGGCATTGACGGTGAGCTTGTTCGCATGGAGCGTTCCTTGGTCCAACTCTACGGAGAGATCTACATCCACCGCTACTTTCATGGGTGGAACGCCCGCTTGGTTTTCTCCCAACAGGGCTTCGATCCCTCCTGTGATGGCGGTGGGCATCATGTCCGCATTGAGCGAGAGTTCCATATCCGCGCTGAGGGTGCCCTGCATAAAGACCTCTTGGGGATTTTCGATTGCGTAGGCAATGATCTCTGCGGTGATGGTGGGATGAAGGGCTTGTCCACTGATGAACTGGGGTAGATCAAAGGTGAGGGCCTGAATAGTCAAGTGACGATCGGAGAGGGGGAGGGTGATAGATCCGTCGACAACGCTGACATTTTGAATGTGTAAATTTAAGGGCTTGGCGTTGGTATCGGCTGAAGGTTCTTCGGGGACTTCATCTGTAGAATTTAGGGAAGTGACCTGGATGACAGGACGCGTAAGGTTGAGTTCGTCTACCCAAATTTGTCCTTTGATGATTTTGATCAGGTCGTAGTGTACATGCACGGCCTCCACTGTGACTTCCAGCGAGCCATCATGAGGTTGATACACTACATTTTCTGCACTGAGTTTAGAAAAGAGGGAGAGGGAGAGGTTTTCGACCTCAATCCGACTGTCCGTCATTTTTCCCACTTGAGGGAGGAGGACTGCTTGAATGAAAAAGGGTTGTACGGCGATGACCCCGAGAACAATCAGGAGAAGAAGGAAAAGAAGGAAGCTCTTGAGAAGCTTATGTTTTTTGGGGGTGGGGAGGGTGCTCATGCATAAAATTTACCGTAGCGATGAGTTTAATCAAGGTCTGTTCATGATCTGGAGGGGGAAAAGAATGTGGCTTTGCATGCTCTTTCCCAATCGCAGAGTTCATCTACATCCCACAACTGCTCCAGTAATGCCGTGGAAAGGTTAAGCGCGTTTGCGGCTTTGAGGGTGTCACGGAGGGTATGCTCACTGCTCCACGCAATGTTGGTGAACAGTTCGGGCATGTAGCGGGTCATGCCTATTAAATAGTATCCGCCATCTTCGGTGGGGCCTAACACCAAATCCGCATCTTTTTTCAAGTGGTTGTTGGCCTCGATAAAGTGACCGGTTTCTAACTGAGGACAGTCGGATCCAATGCAAAATACAGGGGAGGTATGGTGCTCAAAAGCTTGTTTTACGGCAAAAGAAAGGCGCTGACCCAAATCTCCCTCACATTGGGGAATGTACCTGTGCTGAGGCCCTAGCCACTCGTTCATTTCTGCGTGCGCATTCGCCGGTGCAAAATGAATGAGTAGTTCAGCATCCTTAGGCAGGTTTTCGAGTTGCCTGCGCACTAACATTTTATAGGCCTCGCAGGCTTGATCCTCTCCGAGGTCTTTGGCCAAACGGGTTTTAACAGTGCCGGGACGGGGGGCTTTGAGGAAAAGTAAGATTTTCATCCGTCAAATCGGTAAATGAAATTTTCGTAGGACCATGTTTCGTCTGTTTCGGTGAGCTCTTCAATCAACTTTAAAAACCAGTTTTGGCTTTGTTCCAAGTTAGCTTGGAGGAGTTCGAGCGGGGTGGGCGATGCGACAACTCCGTTTGCGTAATCAATGCCAAAGGCGGCCAGAGAATAGGGGAGTTCAGCTTCGTTCGCCAATACGGCTTCGGGTCCACAGGTTTGTGAAATGAAATCCACGCCAATTTGTTGCAAGGCTTTGATTTCAGTAATGGTGTTAAAACGTGGCCCCAGGACGTTTCCATAACAGCCCTGATGTGCGTCACCTGCGATTTTTCCGATGGCTTGTGTGAGGGCGCTGTGGAGTAAAGAGCCTGCTAATAAATGACCACGGCCCGCTTCTCCGGGCGTCTGAAACAGGCTGCAGGTACTGCCATCTCCCAAACGGTTTTCCGGGAAATAAATGTCCGTACAAAGCAGGGGTTTTCCCAAAGACCATTCTGGATTTAAAATGCCACAGACGGAACAAGAGATGATGGCGGTTGCACCAGCATTTTTCAGGGCTTGAATGTTTGCACGATGATTGATGTGATGGGGTA
CP120722.1_gap65	2211067	2213256	2189	AAGGCATGACCCGTGCAGGCATGGAAACGGGACAATTACCTGCAGCCTTGCGTACGCTCGAAAAACGAATGCGCAATGCCACTTCCGGTGCAACGGATTCTTCCGTAGATGTGAATGCGCTCATGAATGAAACGATTGCCTCCATGTTGGCGGATACGCCCAGTGGAGAGCGTGAAAGCTTGAAGAAGGCGTTTGAAGGCTTCCAAAAGCATATGGGTGGATTTAAGTTCTCCCTCACCAAACCCTACTATAATCAGAAAGAGAGTGAACAACCCGGTTCCGGTGGACTGTTTGCCATCACTGTAAATCCTTACACCTGCAAAGGCTGCATGCTTTGTGTGGATGTGTGTAATGATGACGCATTGCGGGTGGCTCCTCAAACCCCCGAATCGGTTAAGAAACTCCGTAAAGATTGGGAGTTTTGGAATGAATTGCCTTCCACGCCCAAAGAGTTTATTCGGGTGGAGGATATGGACGAGAAAATCGGGGCCATGGAAACCATGTTGCTTGATAAGTCAGTCTATCAATCCATGGCTTGTGGTGATGGCGCCTGTACGGGCTGTGGTGAAAAAACCATTCTGCATTTGTTTACCAGTAGCATGACCGCCTTGATGCAACCTCGGGTGAAAAAACATCTGGAGCAAATCAATGACTTGATTGCCTCCTTGGAAGGGCTCATTCGGGAAAAATTGGCCGCTACGGTGGATGTGAGCAATTTGAGTGCGATTGAAAAATCGTTGGCCAGTCATTCAACGGGAGATCTGAAGCTTTCAGATTTGGCCAAAGAGCTGGACGAAGGGCAGGCGGGCAGTCCGATTGACCAGGAATGGTTGAAATCCATGACCCAACTGATTGCCAAACTCAAAGATTTAAAATGGCGCTATGAAGAAGGCCCGGGCAAAAATGGCCGTGCGAAGTTGGGCTTTATCAACTCCACAGGGTGTTCGTCCGTTTACGGTTCTTCTTGGCCCTATAATCCCTATCCTTTTCCTTGGGCCAATCATTTGTTCCAGGATTCTCCATCCGTGGCGATGGGTGTATTCGAAGGTCACATGTGCAAGATGGCTGATGGATTTAAAGTGATTCGTATGGCCAAGGCTGCCTTGGCGGGCGATGTGGATTTGGATGCTTTGGCTGACGAGTTGCGTTACTTCAATTGGAACTTGTTTACCGATGAAGAATACTTCCTCTGTCCTCCGCTTTGTGCGGTAGGGGGGGATGGTGCGATGTATGATATTGGTTTCCAAAACCTCTCCCGGATGTTGATGACGGGTCGTCCCATCAAAGTATTGGTCCTCGATACGCAAGTGTATTCCAATACCGGTGGGCAGGCATGTACCTCGGGCTTTATGGGGCAGGTTTCCGATATGGCTCCCTATGGTAAATCGTGGAAAGGGAAGAGTGAGATTCGCAAGGAGATGAGCCTGATTGGGGCTGCTCACCGTACCGCCTTTATCTTCCAGGGCAATACTTCCAATTACACACATTTGATCGAAGGCTTTATTGACGGGATCAATGCTCGTCGTCCTGCACTGTTCAATGTGTATGCGGTCTGTCAGCCCGAACATGGGGTGCCCGATGACTCCTCGGTGACCCGTAGCCGCATGGCCTTGGAATCCCGCGCGTATCCGCTGATGCGTTTTGACCCGGATGCCGGAAAAGATTGGGAAGAGTGCATTAGCCTGGAAGGAAATCCTGCCTTGGACAGTGATTGGCCGACCTACACTCTGGCCTACGAAGAAGCAGACGGCACGCCCCAGAAATTGGAATTGCCCATGACCTTCGCTGACTTTGCGGTATCGGAAGCACGCTTCCGGAAACATTTCCGGGTGGCGCCTCAGGATACCTGGAATGACAATATGGTGTTGCTGGCTGATTTCATTCAGTTGTCTGAGGAAGAACGCGAAGGCAAATTCCCCTTTGTGTGGACCTTGGATAAGAAAAACCATCTTATGCGGGTCTTGGTTGCCGAAGCGATTGTGTTGTCGACCGAAGAGCGTTTGGACTTCTGGAGAACCCTGAAATCGTTGGCGGGCCTCACTAAAAAAGTGGATCCCAAAGCGATTGCCGACCAAGTGCGTTCTGAAACGGCTCAAAAATTGACCCAAGGGTTGATGGCGATGTTGGGAGGGGATGTGAGTTTACCTGATCTCACGGCGGCCTCTCCGGCTCCCGCGGCGGATGCGCCT
CP120722.1_gap66	2282834	2286084	3250	AAGGGGCTTTTTCGATTAAAAAGTCTGCTGGGCCCTCGGGGAGTGCGTTACTGATGCGCTGTGACCGTATCAGGATGTGCTTATGGGCGAAGGAGAGGGGGAGGTCACTGAACGCAGTGCTCTTTGTTGGCTTAGACAGATGGAGGGGGAATGCGCTTGGAGGGGACTGCGAATTCTGAAACGACTGGCGAGTTTTCGGGGATCATGTTGCGGATGCCCAAGGTGGTGCGGGCCAAGGATGCGAGTTCTTTACAGCCTTTGTCAATGTCGAGATTATCATCTAAGATACGTTGGATGCCTTTGAGGACTAATTCCCCGGGATAGGGGGAAGCCAAATGAAAGTCATTACACACTTTGGTCATTTCGGTGATGAGGATGGCTTCTCTGGTGTCGTCTAAATCAAAACTCTTAAAGGCAGAACTGCGTCGAATTGGGATGCTGGCTTTTTCTTGAGCGAGACGGTCTTGAACGGGTTCGGATAAAATCATGCGCACAAGTTTGCGTACCAATAAAGGAGACGAACATGAATTTCGTACGCATATCAAATCGGTCGCTTGGGCGGTGACATCTTGTCCTCCGGGAATGGAGGGCAAGGGTACGGTGATCCAGTCTTCAAATCCTGAGATTTTAATGCGGTTTGTGAACAGTCGGTCGGCGATAAACATGGCGGTTTCTCCGTTCACAAAGCTTTCTTTGCATTTGTCATCGTCGTAGTCGGGTCGTTTACCGAGGGCTTTTCCGATTGCTTTGAAGTAATGCAGGCCTGCGAGAGTGTTGGGATGATCTATACACACCGGATCAGGCTTGCTGGGGTCAAATAAGCGACCGCCTGCACGGAAAACGAAGGTCATCCAAAGGAAGGGGTAGCCGTGCCAGTTGAGTACTTGTTCCGGCGGAAGCGTTTTGCATAAGGTTTGAATGGTTTCGAGAAAGGTTTCAGAGGTCCATCCGTGAGCGGGCAAGGTGCATGTGGCCTTTTTGAACAGCTTGGGGTTGCAGTAGATGACACGGGGTGAAAAGGAGAAGGGGATACCTACCAAGCGGCCATTGATGCGAAAAGGATCAAATGCTTTTTCAAAAAAGACTGATTTATCAGGGTAACAATCCTCCAAGGCAGTGGACAAATCCATGTATTCTTCATGTCGGGTCAATACATGCAGGGTGGTTTTGATTTCTAAAATACTACGACTAAAGTGTTTGGTGATCCGTAAATCAGGGATCTCTTCGTGGATCATGTCTAGTAATCCGGGAAGCCACGGAAGTCGGTGTAGTTTATCAAACACGCTTAAGTTGTCTTGAAGTACGCGATCACGCCATCCTTGCAGCACAAACACCCCTTGACGGGGATGGGCTTCCAGCAAACCATCGCGACATAAGGCGTCGATGCCATGTTGTACTTTGGCAAAGGAAATATCTAATTCATGAGCTAAATCCCGCGCTGGGGGAATTTGCTGACCTTCCGTGATTTGTCCTGATTCAAGGAGGCCAAGGACATGACTTCTGACGGTAAATACTTTTGATGCTTCCATGGTTGTGACTCAATCAAATGGGGAGTTGATGCTTAAAATAGAATAAATTTACGTGGAAAATAAGGGTGACCTACTCTTTTGACGTATATTTTTAGATGAGGAATGGAGAAATTCGAATAGTTAGGCTTCTGAATATGTCACAGTAAGGTATTTGGGGCTTTTCCGCGAGAAAAAAAGTATCATTCATAGAGACTCACCGCGTATTGTTTTTAGGCTGTTGTCTTTAAGAGGGGAGGCAAAGAAAAACCGCCACTCCGAAGACCGGAAGGCGGTTGTGTGTGAAGGACTATGGGTACTTATTTCATTACCACGGTTGCACCACGTTCAGGCATTTCGCCATCGACCAAGCTGCAATAGGCTATTTTTTCTTTCACCTTTTCAACTTTGAGGGTGCAGATGACTTCGCCTTCTAATCGGTCTAAGATTTCACCTGTATCAGGATCGATCAGGACTTCGCCTTTGGTTTGAACCACAAATTCTTCACCTGGGGAGATTCCGAATTGCTCACCCCGGTTGATGACCACATTTTTACCTGAAATGGTGACGACAGCTCCATCCAGTTTCACATCTTTCATGCCTTTTACTAAGAGTTCCACTGCTTTATCAATGACATCTTGAGCGGCTTCACCGACAGGTTCTTTGTTGAAGCCTCCAAGGTCTGTATTGATTCCGTTTCCGGAGTAGCCCACTTTTAGTTTGCGGGATCCTGATTTACCCGTGACGCGTTCTTTGGCGATGATTTCACCTGTTGAGGTGTCGATCAGGGTGATGATTGCGGTAATCGTAGATTTGCTACCTCCGCCACCAATGCGAATGCCTTTAAACCCAATGCCACCTTCGCTACCTTGGGTACCTGCTTCCACAGTGGTGATGGCGCCGGTAGCAATATATTTTGCGGAACGAAGCTGTCCGGTGTTGGCTACAGTTGATTTTGCGGTGCGTCCACTGGCTGCTAAATCTTGTTCGTCCAATACGGTGTCAATTTTATCCCGACTGACGACAACAAAGCGTCCGCTGTCATAAAGTGCACTTTCAAGCATGATGCCGAGGTTGTTGCCAAGGTTCCATTGTCCAGACCAGCCTGAATCGTTGGTGAAGTCTTTTACACCGATGGCGTGTTTAACTCCTTTGTAGCTATCTTTATCCGCTGCTGGGTTGTTGGCTTCTTCGGTTTCGGTGCCACCGCTTCCCAAGAATTTATCCAAGATGGCATGTGAAGGGGTGGTGGCGGCCATGAGCAATCCGAGGATAAGTCCACGGGTGAGGTAAGTCGTTGTTTTCATAATTTAATCTTCTCCAAATAAGTGTAATAGTTTCCTATAGTAAAAACCACTTGCTTGGGATGCAAGTTAGAAATCATGATTACAGTCAGGACAATGTCCCGTCAGGGTGATGTCGTGTTGAATAACATCGAATCCTTTGGGGAGATTTAAGTCTTTTTTCAGGAAACATCCTTCTAAATCAAATACCTTGTCACAGCTGCTGCAGTGAAAATGGTGATGGTGATGAAGCCCCGCTTTCTCATAACGCGTATTTTGGCCGGGTAAATCTACGGGACGTAAGAGTCCTTCTTCGACCATTTCATTAATCGCACGGTACACGGTGGCTATTCCCAAGCGGGGGACTTGTTTACGGGCAAGATCGCAAACTTCCGTGGGACTCAGAGGGCGTTGGATGTTTGTAAAAGCTTCTTCAATCGCACTTTTCTGCTTGGTATTTCG
CP120722.1_gap67	2298901	2303321	4420	TTACCAGCTCGTTCATGACGTACTTGCCACTGGGTTTTAAATCAGCCAGTACAGGCACATTTTTGCCTACACGGGTGAAATCATCGAGACTCAATTTCACGCCGATGGTCCACGCCATTGCCAACAAATGGAGCACAGCATTGGTGGAACCACCTAATGCACAGACCATGGTGATGGCATTTTCAAAGGCCTTTTTGGTCATAATTTGTTTGGGCGTAATGCCTTTTTCGATCAACTGTAGGATGGCTTCACCGGCGGCCCGACAATCAGCGGATTTTTCAGGAGAAATCGCGGCTTGAGAAGAACTGCCCGGAAGACTCATGCCCAAGGCTTCAATCGCGGAGGCCATGGTGTTTGCGGTGTACATACCGCCACAGGATCCTGGGCCGGGGATGGACACTTCTTCAATGGTTTGCAGTTCCGCATCATCGATGTCACCACGTGCATGGGCGCCTACGGCTTCAAAGGTAGAGACGATATCGACATCTTTTCCTTTGTGACTTCCGGGAAGAATGGTGCCACCGTACACAAAAATGGAGGGGCGATTTAAGCGGGCGATGGCCATCATGCATCCGGGCATGTTTTTATCACATCCACCTATGGCAATTACACCGTCAAACATTTGACAGCCGACCACGGTTTCGATGGAGTCCGCAATCACTTCGCGGGACACCAGCGAATAATGCATGCCATCGGTTCCCATAGAAATTCCGTCAGAAATGGTGATGGTGTTGAAAATGATGCCTTTACCACCGGCATCATCGACAGCACTGTTGGACTCGCGGGCCAACTGATCGATGTGCATGTTACACGGAGTGACCATACTCCAGGTTGACGCAATGCCGATTTGTGGTTTTTGAAAATCTTCACGACTAAATCCGACGGCGTGTAGCATCGCGCGACTGGCTGCGCGTTCAGGACCTTCGGTGATTTGAGAAGAATGTTGTCTGGGATTCGGGGGGGCTGATTTTTTCTTAGATGCCATTGAAGTATTCCATTCGAGAGTTAGCTTTGTATAGGTGTCACCTAAACTAAAGGGGGGCTGGGGGCGAGCCAAAATGTTGAGTTCTTCCATGCCTCATCCCTGTTTTGCTTTGATCTTGTGCTGTGGACTTTTCCCGAGTATGTTCCGGCTTCCTTAAACATGGAGGATTATTGCTTATGAATCACTTACTTGCCCTTTTAAAACAAAATGCCCGGATCAGTCTGGAAGACGCGGCGCGTCAACTTCAGATGACGACCGACGAAGTGGCCGCAGAAATGCAAGCCATGGAAGAAAGCGGTTTGATACGTGCCTATCAGGCGGTGGTGAATGAGGATAAGCTTGATAACAATACCGTTACTGCGGTGATTGAAGTCAAAGTGCAACCCGAACGGGAAGGGGGCTTTGACCGCATTGCTTCTCGTCTTGCGCGTTATCCCGAGGTGACTTCCATGTACTTAATGTCGGGTCAATACGATCTGATGTTGTTTGTGGAGGGGAATGATCTCCGTACCGTCGCTTCATTTGTGAGCGAAAAACTTTCCAGCATTTCCGGTGTCACCGGAACGGCTACCCACTTTAGATTAAAAACTTATAAGCACCATGGTGTGCTGATGGACTTTACAAATGAAACCGAACGACTCCAAGTCTCTCCTTAACCGCCTTTGTTCCACTGTTTCTGAATTGCCCCGCTCGGGTATTCGGGACTTTTTTGATGTCGTCTCGCAGATGGATGATGTCATTAGTCTGGGAGTTGGTGAACCCGATTTCACCACGCCTTGGCATGTCCGTGAAGGGGCGATCTACTCCTTAGAACAAGGTCAAACGGGCTACACCTCCAATTTGGGTATGCCCAAGTTACGTAAGTCCATTTCATCTTATGTCGAAAAGTTCTTTGGGGTGTCTTATCATCCAGACAAAGAAGTTTTAGTGACGGTTGGGGTGAGTGAAGCCTTGGATTTAGCGATTCGTGCGCTCTGTAATCCAGGGGATGAGGTGATTTATCACGAACCGTGTTATGTCTCTTACCGACCACTCATTCAGCTGGCCTATGCGGTGCCCGTTATTTTAGAAACTGATGCGTCTGATGGATTTCGGGTGACGGCTGAAAAGTTACGTCCTTTGATCACAGACAAAACCAAAGTGTTGATGCTCAACTTTCCTAATAATCCGACGGGTGGAGGATTGACGGCTCAAGATGTGAAAGAAATTGCGGCTTTGGCAGTGGAAAAAGACTTAATCGTCATCACAGACGAAATTTATGCCGAACTTACATATGATCGCGAGCATGTTAGCATCGCAACCATGCCGGGGATGAAAGAGCGAACCATTTTTATGCATGGATTCTCTAAAGCTTTGGCGATGACCGGTTGGCGGATTGGATATGCTTGTGCGCCACATGAGTTAATTGAAGCCATGATGAAGATTCATCAATATACCATGCTTTGTGCACCGGTGATGAGTCAACAAGCGGCGTACGAAGCCTTGAAAAATCCTGAAGAAGATATTGCCCGGATGAAAGAGTCGTACTGGCGTCGGCGTAATTTCCTGCACAGCTCTTTTACGGATATGGGACTCAAATGTGGACTACCCGAAGGGGCCTTTTACATGTTTCCTGAAATCCGTGAACTCAACATCACGGCCAAAGATTTTGCGTTGGGATTGTTGGAGTCCCAAAAAGTAGCGGCGGTACCTGGAACAGCCTTTGGAGCATGTGGAGAAGGGCATTTACGATGCTGTTACGCCACCTCAATGGATGAGCTGGAGATTGCGGTCCAAAAAATCAAAGTCTATATCGATACTCTTCGATAATCCTATACCTCTCACAATCGTGAGAGGTTTTTAATATTTGGCTATATTGCAACAGGTGATATATAGATGTTTTTGATATTGCAACAGGTGATATATAGATATTTTTGTTGATTTTAGTGGGGGGATGGGGGTAGGGTGAGGTATGAAAAATGATGACCAGGTGAAAAAAGCTCATGTGTGGGAGAATATGTCTACGGTGTGGGCGGGTGTAGGGGAAAAGCGGAGGCGGGGATTGCGGATATTACCCAAAAATACGGGGTATTTTGTGCATGTGACGAGTCGGACGGTGGGGCAGGCCTTTATGTTTGGGGATGAGGAGAAGAGGGTGTTTGTGCGTATGATGCGTCAATGGGCGGGCTTTTCGGGTTTGTCGGTGATTACGTATTGTTTGATGGATAATCATTTCCATGTGATGTTGTGGGTTCCGGGGGCTGTGGATTTGGATCATGCGGAGTTGCGCACTACGTTAGAAGGGATTTGGCCGGAAGAAAAGGTCTTGGCCTGGGATGCGTTTTATCAGAAGCAACGAAGTGAAGTGAAAGAGGAGATGGATGCGGTGGTGGTGGCCCGCATGGGGAATTTACCTGAATTTATGCGGGTGTTGAAGCAGTCGTTTACCTGCTGGTATAACCGAAAACATGGACGAAAGGGCACATTGTGGGAAGCTAGGTATCGGTCGGTTGTGGTGGAAGGAAATCCTCTGGCGTTGATGTCGGTGGCGGCTTACATTGATTTAAACCCTTTGCGGGCAGGACTGGTTGATGATCCGATGGCTTATGCGTGGAGTGGTTATGGGGCGTCTATGGAGGGGGATTCAACGGCCAGAGAAGGGTTAGAGGTTTTGGTGCGGTTGGCTCGAGGGCATCAGCCCCAAGTGGCCTTGAATTTACGCAGGAAACAAGTGTCTCAATCGTCTGAGCACTGGCGTGATATTGGGAAAACAATGGCTCAGGAGCAGATGCAAAGGGCGCTACCCCGGAATTGGCAGGAGGTGCAGGCGGCTTATCGCATCTGGTTGGTGAACAAAGGGGCGTCCAAAGCGGATGTGTTGCAGGTGAAAGAGAAATTTCGTCAGCGCAAAGGTTTCGATCCGGTACAAGTCATTGCGGAATATGAAAAACAGGGGGTGGTCCCCCTCCATGAACGGCTTGAGGGTCGGATGCAGACCTTTTCCCGGGGGGTGGCGGTAGGAAGTGCTGACTACTTGGAATCAATGATGAATGAATTCCGCAGTTGTTTTGGTTGCAAACGGAAAAGCGCAGCGAAGAAGGTGAAAGGTTTTTCCTCTTTGTGGATGAGTTTACGTGAAGTTGATTAAGTTGCCCGTTGTCGTTCTGGGCTGAACACCCATTCTGTTTCTGAATGGGATAGGTTTCCGCCTTGCATGACGGGGGGATTGTTTTAAGGAAGGCTTTTCCCATCCCTGCTTTTCTTGTTTATGTTGACACCTCGCCCTCCTTTAGATTCCCATCCCAAGCGCATGTTTGAAATGATGCTGTTTGCGATGCTGGCGTTTGGATTGACGTTATGGATTTCCGGACAAGTCTTTTCGAATCAGTTGCTGCTTTCGGAAGAGGGGAATGCGTTGTTTCAAGCCGGGAACTTTTTGGATGGCACACATAGTCG
CP120722.1_gap68	2344279	2348370	4091	TGATAGGGGACCTATCGCGAAACCGCAAGCGGGTACAGCCTATTTTTACCCCTGATTTCAGGGGTTTAGATGGTAGAATGATAGGATTGTTTTTGGGTGACCCTGAGAATTTCTTCGACAGAGGTTTGACCATGGAGCACCATGTTCCATCCCTTTTGACGTAAACTGGTGAGACCTTTTTTCTCGGCGACTTCTCTGATGATATTTGCGGGTTTGTTGCTGATGATTTCAACCCGAACGTCGTCGTCGATCATCATGATTTCATGCAGGGCGGTACGTCCGTGGTAACCGGTATAATTGCAGTCGGCACAACCGGTACCTTTGCGGATTCCGGAGAGATCAAGCTCGGGGCCGAATTGGGCTTGGAGTTCGGGGAGTAAGGGCGGATCCAAGCTGTCGGGCACTGCACATTTGGGACAAATTCGACGAACCAATCGTTGGGCGATGACGCCTTCCAAACAAGAACTGACCAAGTAGGGTTCAATGCCCATGTCGACCAAACGGGTAACCGCACTGGGGGCATCGTTGGTGTGAAGGGTACTCAAAACCAAGTGACCGGTGAGTGAGGCGCGTACTGCAATGTCGGCGGTTTCCGCATCGCGAATCTCACCAATAAGTACGATGTCGGGATCGTGACGCAAAATAGAACGCAAAATACTGGCAAAGGTGAGGCCAATTTTGGAATGAACTTGTAGTTGGCTGATGCCTTCCATTTGATATTCAATGGGATCTTCTACGGTGATGATTTTCACCTCATCGCTTTTGAGTTCATTGAGCATGGCGTAGAGGGTGGTGGTTTTGCCACTTCCGGTGGGTCCGGTCAGCAAGACGATACCATGGGGCAGTGCGCCCAAGTATTTGATCATGGGCAAATCTTCGTCTTGGATGCCCAGGTGCGCGAGTGAAATACTCATGCTGCCTCGACTGAGGATACGCATATTGACCGTTTCTCCGTGACGTGTGGGTAAAACGGATACCCGCAAATCAAATTCTTCATTGATGGCCCGAACTTTGATGCGTCCATCATGGGGTTTGCGTTTTTCAGCAATGTCCATATTGGCCATGCTTTTAATACAGCTGGCGATGGAGCGTTTGAGTTTGGCAATGCCTTCGGGCAAGGGTACTTTTTGGAGTAGTCCGTCAATGCGGTAACGTAAAACCACATGATCTTCGAAGGGCTCAATATGAATATCCGTTGCCCGCATTTTAATGGCTTCGAGAATGATGTTGTGCACGAATTCAATCATGCCGGCTTCTTCGGAGCCCTCTCCAATGTCCGCACCTTCAAAACTCAGCTCGTCCAGTTCTGTGGTGGTGATGATCTCGTGAATATTTTGCGCTCCCAGTCCATAAAAATGGCTCAGGGCTTTGAGCAGTTCACTTTCCAATACGAATACCCAACGAATTTGACCGCCCAGCAACATTTTCAGGCTGTCTTCCATCATGGATTCAGGCATGACCGAGCTGGCCAAGGTGATGATGTTTGCGTCATTTTGCACGGGCATAACTTGATAGCGCAGTGCGGTTTTGGCTTTGATCTTTGCGGTTAACTCATCGGTAACTTCAAACTCATGCAGGCCTTTGAAGGGAATGTGGGTGATGTCAGATAATTCCCGCAAAATTTCCGCTTCGGTTGCCATTTGGTTGGACTGCAACAGTTCGCCAGGATTGGTGCCACTGAGTTGGGCTTGCTGTTGAATGCGGGTCCAGTCTTCAAAGGCCACTTTTCCCTTTTCTACCCATCGATGCCCGAGCTCCCTCCACGCGGATTCGGGACTGGGGCGCATACTGTTGGCATAGGGAGAGTCATTCATAAGGGGACCTCAAACTTTTGCGACTTCCCTCTAGGAAGCGAAATGCGGGGGTTGTCTGCTTGCTGAAGTTGGATTTGCTCGGGCGTAATCTCTATAACCGTGAACACGTCAACTTTATCTCCCACTTTGACAAAGGGACTGCGATCTTGTTCCATTATCGAAACCAAGGCCACTGTGCTGTGATCGGGTCGGGTTAACATCCCTTGATAGGTTAAGGTCAACGGACGCATCACCTTTTCTATCAGAGGTACTGACGCACTTTGTTGCGCGCTTGGCGGGCGATTAGGCAAAGGGCTTGAGGGGGGCGGGGTGACTCCGGTTGCGGTGTTTTGTGGAGGACGCTGTGGGGAAATTCGAGGGGGGATTGCTGCGGTTTTAGGAGCTTTATTCCGTGGGGAACGTGCTTTTGGCGGTTCTCTATAAAAGGGATTGGGGATATCTCCTGGAGTTAAATACACCTGTTGGCTTTCTAAAACCTCACTCAGAGAGGCGGGGATTACGGGAGCGGCTTCCCTTTTTCGTGCTTCTCCGAGGGGGAGAGGCGGCGTTTTTTGAGGTGTCAAAAAGGTCCAGCTAAACCAACATACACTGATGAAAAACACAGTCACGGCGGTGAAGGCGACCGCCTGGGGATCTCCGTGTTTGAGGGCCTTAAAATGTTTGATGGGAGAGGGCATTAGTGACCCCTTGCTTTGGTTTTGACGATGGCTTTGCCTTGTTGGGGATTTAGCTTTTCAGCTTCTTCCATAAACAAAAACGAACTCAAGGTGGCGGTCATGCGGACTTCATCGGCATTCTTCAGCGAAGTTTTTTCCATGGCAATATTGCGGAGCAACATCGCTTTTTCTTTTTGGAACATGGCTTCCCAGAGGCGGAATAAACCGGACATTGGACCTTCGAAAATGACTCGCAAGGGATATTCTTCCATGTACACCACGTCGGTATTGCCAATGGTATGTGCGATGGGGGTAAGCGGGACAATGCTCCGGATATCTGCAATGCCATATTCAATTGAGGTATCGACTAACTTTTCCACGGCCAAAAGTTGAAGCATCTTTTCACGGGCCACATCGTTACTTTCCAGTAAATCGGTCATTCCCATATATGTGGGTACGGAGATATTTTGCTGTTCCGCTTTTTCACTGAGACTCCTGCGGATGTCATAGAGATAGGTTTTATAATCAATGGTGGCGACATCTTGAGATTGCCATTCGGCTTGATTTGCAAAACTGGAGAGGTGTTCGGTGACCACTTTCCATTCGTTGAGCCAGAGGGTGACTTGAGATTCTATTTCCTGTTTTCTCTTCAGCAACGGACCTTCGCCTAACAAATATCCGGAGGATTGGAGCAGTTGGGTTTTGCTGGCGACTTCCTCTCTAAGTTGGGTTCTTTCCACGAGTTTGGGTCGGAGGACGCCGAAAAATAAAATCAGAATCAAGGCGGATACTCCTGCGAGAGATAACAGGAAAAATTGCCGTTCGCTCAATTGGGTTTCCATACTCATTTGGACGCGTCCTCCACGGTGAGGGTCGCTTCTTTTAAGCGCAGATCTAAGACAAAACGGCTGTAGCCGTTGGATGCCCACAATTTTTCATGTTCGGGGTCGGGGAAGACCAAATCATCGCGAAGCAAATCTGCACGTTCAACGGTGGGAAGGCTGGACAATTTTTCGATCAAAATTTTCACGGTGGAGAGATCTTTTTTTTGCGTGAATCCTTCGACAATGATGCGTTGCATACGCGCATCCCTCATGGCCTGTGCTTGTTGGCGGTTCAGTTGTTGAAGAGCCAAACGACGGGCAGGGCTGAGGGTGCGTTTTTCTTTGTCGTCAGCACTTTCGAGTCTGATCAGCAGGTAGGATTCACTATCTCCAAGAAAGGTCAGGAAATCTTGAGGATCTTTTTCTAAGGCAATAAAAAGGGTTAAATCGCGGATGCGGGTGCTATTGGATACAAAGTCGGCCAATGGCATGATCATAGTATCGACTTGTTGTTTTTTAAGCAACAGGGTTTCGCTTTCTTGGCGAATGGCATCTGAGCGTTGGAGGGTGGCGTTGTGTTTGTCGAGCTGCTTTCGTTCCCGCTGAAAAGAGATCTGGGTAGCGGCTCCGAACATGGCGAGGGCGGCTACGGAAAATACACTGGTGGCCACCCAATATTGTTTATTGCGTTTTCGGTTGAGTCCTTGTCGCAGTTGGGGGGTCAACAGCGAGGAGGGGGCGCGGGCGATCCCCAATCCATCGGCCGCCAATCCGCAGGCGATGATGAAGGATGGACT
CP120722.1_gap69	2493869	2497847	3978	CTTTAGTGGTGGAAGCCACTGCCATCTTCATGGGTGAGGGGATCTTGAGCAGGATGTTTATCCAAATGGGCCAATGCAGATTTAATGTCATTGACCAGCAACGATCCTAAATCCCGGCTGACGCCATGTCGCACCAAGATCCGTTGGATCGAAAGATCCTGTTTGTTGGCTGGAAGTGCGTAGGCCGGTACTTGCCATCCCCGGGCCCGTAAGCGATCGGCCAAATCATAGAGGCTAAATCCAGGATCGGTATCCTCTTTGAGTTTCCAGCACAAGCAGGGGATACCCCGGTCCATTTCTCCACCATAAATGATTTCGAAGGGGCCTAATTTCTCAATTTCTGAGGCGATATATTGTGCGGTTTCGTAACAGGCCGTGTGAATTTTTCTGTAACCTTCCACACCTAAGCGTAGGAAATTGTAGTATTGGCAGACGACCTGTCCACCGGGACGAGAAAAGTTCAACGCGATATCGCGCATATTCCCACCTAAATAATTTACCCAAAAGATCAGTTGCTCTGGTAAATCTTGCTCTTCGCGCCAGATCACCCAGCCCACGCCCAGGGGGGAAAGTCCAAATTTATGTCCGGAAGCATTAATAGATTTGACCCGAGGGAGGCGGAAATCCCACTCCAATTCCGGGGCACAGAACGGAGCTAAAAACCCACCACTGGCACCATCAACATGAATGGGAATATCGATGCCGGTGTCAGCTTGGAATTGATCAAGCGCTTCTGATACAGCTTTCACAGGTTCGTATTCACCTGTAAAGGTGACGCCCAAGGTGGGGACTACCCCAATGGTGTTTTCATCGCAGCGTGCCAGCACTTCTTCGGGGGTCATGAGTAGACGTCCGTTTTCCATAGGAATTTCGCGATGTTCTATATCCCAATATCGGGTGAATTTATGCCAGCAAATCTGAACCGGACCCGTGATGAGATTGGGTTTATCGATAGGTTTGCCTGCAGCTTTTTGACGAGCTTCCCATTGACGTTTAAGTGCCATGCCTCCGAGCATGGCCGCTTCACTTGATCCGGTGGTGGAGGTGCCGACGGCATGTTCGGCGGGAGAGTGCCAGAGATCGGCTAACATGTTCACGCAGCGGGCTTCGATCTCCGCGGTTTGTGGGTATTCATCTTTATCGACCATGTTTTTGTCGATACATTCATCCATCAATTTATTGACTTCAGGTTCGGTCCACGTTTGGCAAAAGGTTGCTAAATTTTGACGTGAATTTCCATCGAGCATCAATTCGTCATGAACAAGCGCATAGGCATGGCGTGGGCTATGTTCATCCGTAGGGAATTTAGTCTTGGGCATGGAATGTGCCAGATCATTAGATCCATAAAGCACTTCATCGGGGTTTTCATTGAGTAAACTTTTGTCTAGCGGGGCCATATTTTGTTCCTTGTGCGTTTCAGAGAGTAACAGTTGCTGATGGCCCGCAACCTATAAGATGAAATCGTCATTAGCAATGGAAAATTTACGAGCCATAGGTTTATGAATTGTTATGGCTTTCTCTTAAAATTTTTTTCTTAAAGGTGCAAAGAAGGGAGGGGGCATGGCGAGGGGGGCATAGGTGTCTTGAGGAGTCTCGAGGTGGATTTTACAAGTAAAAACCCGGTGCTGGGCAACCGGGTGTGTGAGGGGGCGCGGAGTAAGGGTAAAGGAGTTAGGGTTGGATCTCTTTCAAGGCGTTGAGAATCTCTTCAGGTTCAGCCCGGTTCCGATAATCCGCATCGAGAAAAGCGTAGGTGATGGTACCATCAGGTTTAATCACGTAAGTGGCCGCAAGGGGAAGTTCGTTTGAATGGGTTCCGTTCGTGGTAGATAACGAAAACTTATTTTCATAGATGGTGGCCAGATCAGGGGGAAGTTCGAACACAATACCATAGTCATGAGCCACTTTGTTGTTGAGGTCACTGAGGACCACAAATTCCAATTCGGCTTTTTCAGCAGTGGACATGGAATTGTCTGGCAGTTCGGGTGTTAGGGCGATCAAGGTGGCTCCTTCTGCCTCAAAAGAAGGCAGTTCTTTTTGCAAGGCGTTTAAGGTTAAATTACAGTACGGACACCAGCCGCCACGATACCAGGTCAAAATGACAGGGCCATTTTTGAGCAACTTTTCAAGCTGAACGTCTTCACCTGTGGCATTTTTGAGGGTGAAATTTGGGGCTTGTTCTCCTACTTGTTTGGCGTGTTTGACCACGCCTTCTTTTTCAACAGACTCAATGCCATGGGCATAGATTTTTTTGAGATCGTCCGGAGCTGTTTTGCTGAAATTTTGTTTACGGTTTTCTAATTGAGATTTTAAACTGGGTTCGTTCATAGGAGAAGTTTCCTGAGGGGAGGTGGTAGATTCCGCTCCAACCAAAGGGAGGAGGGCGCTGACCAAGGTGGTGAGAAAAAGACGGTATTTCATGAGGTAGATTAAAATTTTGGTTCAGATATGCATTTTAGGTGTATGGATGGTCTTGGACAACCTCGATATTTTACATCAGCTTGTACGCAACCCACGTGCTTGAGTAGTCGTCTTCTTTCGGCTTTGGTTACAGCATTTTGTGCTTTAATTCTGGAGCCGGGGTTAAAGCCTGTGAAACGAGATGATCTGAGCCGTAGGATTCTTTTATGGGCTATTTTCCTGCAGGTTATCTGAAATGTTAAGCGGGTAATCGCTTGTCATTCATACCCAAAATGGTGTTCCATGATTTGGGCATCCATCGGGGATCATTGATAATCCTTGACTGCTGAGTACGCTTTGCGTTCCACTCTCTAAACGTTAGCCCCACTCTTTATATCTCGTTTGTGAGATGACTGGAGGGGAAACTCTCTTTGAGGACATCTGTATGTGCTTCACAATCAAGGTAGTGTGCGAACATCGCATCAAATCCCGGTGTGTCTTCCGTATTTTCTTGTCTAAATATTTTTAAATAATTTGGTTTTTCATTCCGACAAAATTCCTCCCAGCCCTGTTTCCATGTTCCGTCCTGTAATGAAAGAGTGTAGGTTTTGAAAAGTGAAAGGATGTGTTCCCTTTGCTCATCTTTTGCTAGGGTGACACCTGTTTTTGTGGTGATAAGGGGGGTAAACGCCATCTCGTTTGATATCGTATCATAAACCACTGCAAGTGCATTTTTTCTTATGTCGATGGGATGATTATGCCTGGTAAAAAGAAAATTTCCCTGCCCGTATAAAATGTGTGAATGTTTATATTTTTCATAGCCCCCAATGCAATGACTGTGCTGGCATAAAATAACATCGGCACCTGCCGTGGCCATGGCATGGCATTGCTTATGTAGTCTGGGCGATGGATATGGTGAATATTCTTTACCTCCATGATAGATAACCACTACCTTTTCTGCATTTCTTTTCGCTTCTCGAATGTCATCAAGGGTATCGTAGGGGTCAAATGGACGTGAACCCATTCTGTCAGCCAGCGCATAAGAGTATTCGTGCTCACAAACCGCGAGTACCGCAACTTTTTCATTTCGGTTTTTCATTACAAAATTCTTGCGTGAATCTTCGTAATTCATGCCAAATCCGGTGTGCTCTATTTGTGAATCATCTAAAGCTTTTATCGTGTCCTCTGCGCCTTTTTTTCCATAATCAAACACATGATTATTACTTAATCCTACCAGAGTAACACCTAGATTTTTTATAATTTTAGCCGTTTGATAGGGTGCTTTTAAGCAGGGTCCTATCTTCTTAATGGAATGGGGTGACTCCGTAATGGCGCATTCTAAGTTTAGAAAAATGTACTCCTTGTCTTTTGTGAGGCTTAAAACATCGCCAAACAATACATCCATGTTTTCTTTTAAAAAGAAATCCATATTTTCATCTGTGGGGCATAGATCCCCAAAAAATAATATTTTCACTCTTCTTCCTTTTGGTTTTGTGAGTGTTTATTTTGGAACAGCGTATCGGGTAAAACGCTTTTTCTATCGATAGCAAAACGGGTTTTAATCCTCATATATTGAGG
CP120722.1_gap70	2498860	2501347	2487	TCACTCGTGGTGAAATATCAGGAAGCAGGGCGGGCGTTCGTCCGTAAACGTGGTCGGAAAAGAGGGCCAGGAGTTGTTTGCGCCGTTGTGACCAATTTTCTTTACTCGTTTCGGGAAGGCAGAGGGCAGGAAGATCGTAAGGGAGCACCTGACTTTCGTCTGTAATAATAGGGGGATTCATGTGGTTTAGTTATGGTGATGCCCTATCAACTAGAAGCAAGGACTTTAAGTTGTGAACAATGAATGTGAGTAGCGGTTTGAGCTAGTGAGAGAAACGGATGAATGGACTTCATTGGAAATTGTGGGGCGGATGTCAAGCCGAAGTTAGCTTCAGGGTCTGAAGATGAAATCGCAGGATTGGTGCTGCGGAGAATCTCCATTTTTTTGGGGGGAACACAAAGCGCACCGCTAACGTGAAAAAGGGGTTTCAGTCTTCATCAATACTAAAGGTTGGATTGTGTATATTTACATCATGAACGAAAACGAAAGGTACACGATCTGTCTATGTGGCGGGTCATACCTTAAAAGTATGTAATCAGAAAAGGAGAACCTCATGAATACTGTACACCCGTCATTCAAAATTACCTTCACCCTGCTTATACTTGCAGGTGCGACAACTGTATTTGCGAATCCTAAATCGCCAGGGCCGGGGCAAGGGGATGTTCCGAGGCCTGTGAATCGAAACGCTGCTCGGATGGACACTCCCGGACGTCAGGTTCCTTCGGTTCCTCGGGGAGCTATTTCGTTGACCTATGGAGGTGGGAATTTCTTTTTTCACGCAGGTGTATTTTTGAAATGGAATGTCGACGGCTATGTGGTGGTTGAGGCGCCTGTAGGTATTTTGGTTCCGGCCTTGCCTCTGGGGTGTCAGGTGGAAGTGGTTGCAGGTCAACCCTATTACGTCATTGGCAACACCTACTACCGACAAGTGCGTGGTGGATATCGGGTAGTGGCTTCTCCACGTGCTCAAGGGGTTGTGGTCGCTGCATCAGCACCTGCCTCAAGTGGGGCACAGAACGTTACGGTGTGGTTGGAAAATCCAAATGGATCAAAAACTCCAGTGAAACTCGAGCCCGCAGACGACGGACAGTGGATTGGTCCTAAAGGGGAATACTACCCGACTTTTCCTACGGAGGCTCAATTGGAACCTGTTTATGGCTTGCCCGGCGGCGCAAAAACAGAGGCGCAGACGAGTGGTCCGACGATTCACACCTTGTGGATCGAAAATACCAATGGATCGAAAACGCCGGTTGAATTGATACAGACGGCAGATGGTCACTGGCAAGGCCCCAACGAAGAGATTTACGAAACACTACCGTCAGAATCTGACTTACGCACAACCTACGGGCTGTAGGTTTACAGTCCTTCATATTTAAACCCATATTCTCAGGAAACTTTTATGAAAAATATATTTAGCAGTCTTACCCGCATGATTTTTATGTTGATCACAAGCTCAACCCTCGCAGATGACCAGCTTTCATATCCGTTGGTGGATACAGGCCAAATCAGAACGTATACTAACAAATCCGAAATAAGTTATCCGCAAAATGGCGAGGCCTTTTATGGTCAGGATGCGCAATACCAAGGGCTGTCCTTTTCGTTTAAAGATCAGGGGGACGGAACGGTCAGCGATCTGAACACCGGTTTGATGTGGCAGCAGGTTCCCAGCCCTGAAGGTTTCTCCTGGGAAGAAGCCATTGCGTATTGTAATCAATTGAAATTAGGTGGTTATGATGATTGGCGTATACCGACATTAAAGGAATTGTTCTCCATTAGTGATTTTTCGACAGGTTGGCCGTATGTGGATACTACATTTTTCTCACTAGCGACGGGGCATATGGGAAAGGATGAGCAATTTTGGTGTGCAGAGGATTACAAGGTAGGCACTACTCACGGAGGTGTCCATTCCGCCTTTGGGGTCAATCATGTCACCGGTCACATTAAAGCGTATCCCTCAGGAAAAGGACCGATGGGAGGGAAACATGTGCGTGCGGTACGGGGGGAGGTGTATGGCGTCAATGCTTTTGTTGACAATGGAGATGGCACCATTACGGATGAAGCCACAGGGCTGACCTGGGCGCAAATGGATTCCGAGATTCCGATGGAATGGAAAGAGGCCTTGGCGTATGCGGAAAGTGCCGTGTTGGCGGGACATGACGATTGGCGTTTACCCAACATCAAAGAATTACAAAGCATTGTGAGTTATACTGGGGATCTGCCTGCGATTGATCCTGTGTTTCGTAGCACCCCGATCACCAATGAAATGGGGCTTACCGATTACGGATATTATTGGAGCAGTACCTCTGCCCAGTTCAGCAGTCGCAACCCTGGTTACTTTTATGCCTGGTATGTTGCCTTTGGTCGTGCAGTGAACTCTCAGGGAGAAGATACCCATGGTGCGGGTGCTGTTCGGTTTGATACCAAAATCAAAGATGGACCGAATGGAGAAGGAGGGGAGCGCTATGCGAATTATGTACGCTTGGTACG
CP120722.1_gap71	2502765	2506728	3963	CGACTGCTGGAATTGATACGCACTTCAAATTCACCCTTTTCAGCAATCCACTCACGGCGGGTGGGATGGAAGAAGCTGAGGTCTTCTTCGTTGAGCGTAAAGGTGATGGTTTCAGAGGCTCCGGGTTCAAGCCAGACTTTTTGAAAGCGTTTGAGTTCCTGAGGTGGACGACCTACTGAGGCTTCACAGTCGTGGAGATAAAGTTGGGCCACTTCGGCACCGGCAACCTTGCCTGTATTGGTGAGTTTGAAACTCACCGTTGCAGGGCTGTCCGCCGAAGTAGAGATACTTAATTCACTATAGTCAAAACTACTGTAACTCAGTCCATGACCAAAGCAAAACAAGGGCTCAATTTTGCGTTGGTCAAACCAACGGTAGCCCACGTAGATATCTTCTTTGTAATAGCAGACGTCTTTATCGTAATCGTTGAGATAATGTCCCGGACTATCTTGGAGGTTAACGGGGAAGGTGAAGGGGAGTTTTCCTGAGGGATTGACCTCTCCAAATAAGATTTTGGCAGCGGCGGTTCCCGCTTCCATTCCTGCGTACCACATATGGAGAATCGCAGGAACTTCGTCTACCCACGGCATGGTGTAAGGGCTACCTCCAGTCATGAGGGCTACAAAGTTTTTATTGGCTTTGGCGAGGGCGGGGATGACATCGTCCTGCATACCCGGGAGGGCCATGTTGGGTTTGTCTTTACCTTCGGTGTCTAATTGATGACTGAGACCGCCTACATAGATAACGGCATCCGCGGATTGGGCTTTGGCTTCCAAATCTCCGAGTGAGGTTGTTGAGGCATCAAGGGGGCTTATCCAAGTAAGAGCAACTTGTTTTGAAAGGTTGATGAAACAAGGAGCGATGTGAACCATCAGTTTGTATGCTACGCCCTGTTTTAAATCCACTTTGATCGACGTGACTTCGGGGTCGGTATCTTCTTCGTATCGAATGATGAGTTCCGCGCCATTGAGGGTCATACCCGCATTGTGACAGCCGGTAAGGATGAAGGTATATATCCCGTCTTCCGGTGCGGTAAGCGTGGTTGTGAAGTGAACTTTCCAATCATGCTGCGCCAGTAACTCTGCAGGAAGTTCTTTTTCCCAGGCGTAGTCAATTTCATTTACCGCAAAATGTTGGATCACTTGGTCGGGGTGGTTGTGATGACGCGAATTAAAGAGTTCACCTTTCCAGCCGTTAACCCCTGCACCAAGATCCGCCGGACTGAGCACGGTGGTGGGAATGGCAAAGCCCGCTCCGGGAGAGGGGTCGGGGCAATATTCAATTTCAACCTCGTCACCCAAGAATTTCTGCACTCCTTCGAGGGGCGTGATTTCATAAAGTGCTTTTACGGCCGAACTCGCGCCACCGGCATGATGTTGGGTCGTGGCATTATTTCCCACCACCAACAGTTTTTTTATGTTCCGGGACAAAGGAAGGGTTTGACCTTCATTTTTGAGCAGGACCATGGCTTCTTCGGCGATGGCAAGGCATTCTTGTTGATGTTTGGGGGTATTCCGTTCCCCTTGAGGACGGGTGGCGCTCTTTTCACCCATGGCGCCAATGCTGTACATCACATAAAGATAGCGGCGGACTTTATCATTGAGGATTTCTTCATCAATTTCACCATTTTCAATGGCCTCACGGAATCCTCTGGCAAGATAGTAGTCCTCATAAGGTTTTTCGGTACCCATTTCGATGTCCATACCGTTGTAGGCAGGTTCGTAGCTGTTTTTGTGAACCCCATTCCAGTCGGACATCACGGAGCCTTCGAATCCCCATTCTTTTTTCAGGATTTCATTGAGCAGGGTGTCATTTTGACAGCACCATTGTCCGCGGAAGAAATTATAAGCGCCCATGATGGTGAGGACGCCCGCATCTACGGCGGCTTTGAATCCGGGTAAATAGATTTCACGGAGGGCGCGTTCTGAGGGCAGAGCATTTACGCCATTGCGGTTTAATTCTTGTGAATTACAGGCAAAATGTTTTGCGCAGGCTGCGGTGCCCTGTGCTTGAATGGCTTTCACCGCTCCGCCCACCAGTGCGACAATGTGGTAGGGATCTTCGGAATAGTATTCAAAATTTCGTCCGCAGAGAGGTGAACGTACAATGTTAAATCCAGGGCCCAAGATAATATCTTTTCCGCGCTCGCGTGCTTCCGCTCCTAAAACAGTACCGTGACGTTCTCCCATTTCCGGATTAAAGGTGGCGGCGACAGCCGTACCGGTGGGGAGATAGGTTGAATAATCTTCTTCAGTATCAACAGGATCCCAACTGTCCTTGGAGATTTCTCTCCGAACTCCATGAGGACCATCACTCATGATCATATCGGGTACAGCTGCTCTGGAGATGCCTTTTACCGAAAACTTGGTCGAAGCGTGACAGAGTTGAATTTTCTCAGCCAAGGTTAATTCGGAGAGCTTAGATTCGATTTCGTTTGTATAGGGGGCGTACATAGCAGGGTGGCGTTGTAGGGGTTAAGGATAGAAAAATGCGAGATTGCTTACGATATAAATACAGAAAGGTAAAGACAGCATAAGGATCAAGCTACGTTTCTCCTTCGGGTGTAAAGAGAGAGGTAGACTTGATCCCACGGAGTCTTTTATCTTGAAATCGAGAGCGGTCGGTAGCCCTGATTAGGGTTTGTTATACACGGCTTTGAACGAAATCTCACTTTCATCTGCTTCCACCCAATCGCTTTCCGTTTTAAAATAAATGGTTATGCGGTCGTCATTTCGTTTGCCCGCAATCATGGCGTATGTGGGTTTGTCGGAAGAGGAGTATATGGTGAATCCTGCCTCTTCAAGCGCCTTGCGATAAAAGGCGATCACCTCTTCACGAGAGCTTTTGCTACCAAATCTCGCTATGGACTCTTCTCGGTCTCCACCAGGAGAGTCGTAGACATCACTAATGGCCAATCTTGCCTCAGGAATGAGGGTTAATTCATAGGGGAGGGTGTATTCCTCGGCAACAAGTCTACCTAAAAGTAAGGCGCTAATAAGGATTAAGAATAGGTATGTGTTTTTCATGAGGCTCTCCTGTTATTTTGCACTCGTATGAGGAATGATTAGTGAAGTGTTCTTTTAAAAGTTCTTCAGCAGAAGGTGCCAAATTACCTCTCAAAAGCAAGACAACTGACACCTCTTGCACTCGTAGGGCTTGCTTGGACTGAAAATACTACACTATATCCTTATCCTTTGATCAGAGAGGCATGGGCTTACCTTATGCTTTTTACTCTCTGAAGGCCTAGACTGGATTAAAGTTCCCCTAAGAGTGCCGCACTTTTGACCTGGGCAATGACCTCCATTCCTGGATTTAGGTGTAGGCGTTGCACTGAAAGCGAACTAATCCGGGCAAGAAGGGGCGTTTGTTTTGCTTCAAGTGCAATGAGACACTGTCCCGTGTGAACAGGAGTAATGCTTTTGATGGTTGCGGGGAGTAAGTTTAGAATGCTGGTTTGTTCAACTTGATGAAGGGCTATGGAAATATCACAGGCTTTGATGCGTATGCGTACTTTTTGGTCTAGAGCCTGGGGAGCTGTTGAGAGTTGGAGCCTTCCCATTGCGGTTTGTAGCGTGCAGGTTTCCGTGTGTGGGTCATAGGCCTGCGTCGTCCCTTCAAAAATGGACTGCGCATGTTCATGTCGACCTAATCCGCAATGGGGATCAGATAAAAGATCCTGTGCTTCCCCCGTTTTGATGACTTTGCCTTGATCCATCATGACAATATAATCAGCAAGACGGGCCAATTCTTCTATAGAATGACTTACATAGATCAGGGACAAATGAAGGGAGCGATGAATACGTTCTAAATATGGAAGAATGCTTTGTTTGCTTTGTTCATCAAGCGCGGAGAGCGGTTCGTCCATCAGTAACAATGATGGCGTGGCCACCAATGCCCGGGCGATGGCCACCCGCTGGGCTTCGCCCCCCGATAATGAATAAGTGGAACGTTTCAGCAGATGAG
CP120722.1_gap72	2651286	2654699	3413	TGGTTTTGTGACCATTGATTATCGGATATCAGATAAGTATGGTCTTCAGCAAGTCGAGTTGGTTCTCTCTCCACAAGGACATAAAAAAATTGTGCTCACGCAGGATGCACAGATGACTTCACCAGGTCAGTGGACCGGCCGTTTTCCCGTTCAATTGAAAAGTTTAGATTTAGGGGGGGCATCACGTATCACTGTTGAAGTGGTGGGCTATGATAATTTACCTCAAAGTTTGAATGGACCTAATAAAGGGGTTTCCGAATCCATCACCTTGATTTTGGAACGAGATGCTGAATCATTAGCCAAACAACAAGTGAAAGGTCAGTATGATGTCGCATCGGCTTCTTTAAAAACCCTGATTGCTGAGCTGGAAACGCTTACTCAAGAGATTACCAGTTTACGTATCAATTTAAATGAACAGCAAAATGATGCCGCGATGGATCATGCGGAGAAGGCCCGTTCTCAAGGGGCGACTACGGAAGCGGGCATGCGTGAGCTTTCGATGCAATTGGCTGGAGGAATGTTTGATCCCATCGCTCAAGGAATTACCGCAGTTGCGGATAATGAGATGACACAAATTCGCATACAGGGCGAAAAGCTTCCGTTGAGTGATGACAACGCAGAGCAAAAAAACATGGCCATGCAGATGTATGTGTATGTGACCACAGCACTCGATAAAGTGAAGGCCTTGGAAAAACAAACGGATCAGATGGCTGAAGCGGCGATTAAACTCGCAGAGTTAGCGGAAATGATGAGTCAACAAGATGCCTTGGCTGAAGAAGTTGCCGCCGATAACTGGGAAGAGACTCGTGAAGAGTGGGCTGAACAACAAGCTGCGTTAGCTGAAGAACTTAATGAGATGAGTGCTGCAGAAGAGGCGGCCCTCGATATGGCAGAGCATACCTCAAAAGCGGCAGATGAATTGGCGGATGCCGCTGAGCTTGCTGACGAAGCGTTACAACTGGCTGAAGATTTAGAAGTCCCTCCATGGAAGCTGGCTCAAGATCTGGCATTAACGGCACAAAAACAGGCCTTATTGGCTCAAGAAAATGTGATGCGTACACAATCCATTCTGTCTAAAAAGACAGGGAAAGATATGGCCAGCTCACAAGCCACCGCTGAAAAAGAACAACAGGTAGCGGATCTGGCCCAAGCTCAGGCTGAACGAGCACAACGGGATGCTTTGCGTCATTTAGAAGCCGGTGGAAGTCCGGTGGCGATTCAGGCCCAAAAGCAGGCCAATGCGTTACAACTCTCTGCAAAATTGAATCAAAAGCAAGCGGACCAAGCGCAGAGTGCGGCCGCGCAAATGCGTCAGCAAGCGGATGAATCAGAGGCACCTGATTATGCCAGCACTTCGCAACAACAAGTTCAGGCCGCCATAACTCAAAAACAGGCGTATGAGGCACAAAAGCGTGCACTTGAGCGTCAAGAATACGCTTTGGCGGTTTCTACACCTGAACTGGATCAGGCGATCAGTGATGCGGTTGCACAACAACAGGCCGCTGAGGCCGCACAACAAGCTGCATTAGATGCGCAGGAACGTGCTGAATCTGCCTTGGCTGCCGGTGAAGATGCCACCGTAGCTCAACAAGAAGCTGCCGCGGCTCAACAAGCCGCCCTCGATGCCCAGAAGGCCGCCATGGATGCACAAACTGCGGCTGCTGAAGCGGCTGGAACTGATGAACAAGCAGCGGCCGTTCAAGCTCAATCCGAAGCTGTGGACGCCCAACAGGCCGCGGCCAATGCACAGCAACTTGCAGAATCTGCAACGTCAACTGCAGAACAGTCTGCCCAAATTGCAGATCAGGCGAACGAAGTTGCTCAGCAAGCGGATGCTGTTGCGGATGCCGCACAAGTTGCCGCGGCTGAAAGTGGGAGTGCTGAAGATCAAGCAAAAGCGGCAGAGGCGCAAAAAGCAGCACAACTTGCTGAACAACAAGCCGCAGCAGCCACTGAACAGGCTCAAGAGGCGCAACAAGCGGCAACAGCCGCACAGCAAGCTGCGACTTCCGCACAAGAGGAGGCCATCGCAAAACAACAAGTGGCTTCTGAGGCTCAACCTCAAACCGATCGTAGCGAAGCACAACGTGAAGCGTTGGATGCCAGTCAATTAGCCTCCGATGCGGCAGCGGCAGCGGCCGCGGCCGCCGTGGCTGCTGCTGAGGCAGGGATGCTTGATCAAGCTCAGGCACTTCATGAACTGGCACAAGACGCGCAAGGAGCGGCAGAGGCCATGACTGAAGCTGCAAACGAACCGGGTTTACCTTCCTCTAATCAGGCCATGTCTGAAAGTGCAGCTCAAATGGCCGAAACGGCTCAAAGTTTAGCAGATATCTCTGCGGGTCAAGAGCTTGCGGCTCCTGCGACCCCGAGTGCAATGGCTGACGCGGCCGCCGCAGCACAAGCGGCGGCTCAAGCGGCGACACAAGATACCGCGAGCTCCCAAAGTGAAGCCGCGGCTCAAGCGGCTGCGGCTGCGGCGGCTTTGGCCCAGATGAGTCAATCCTTAGCGGAATCTATGGGGATGACCGCTCCTCCATCGAATACAACGCCTTCTCCATCCACACCTTCAAGTTTTAGTGATCCTTCCTCAGGAATGTCGAACCATGCGGATCGTATTGAAGATGAAACGATGCCTGCATGGGTTTCGGATATTGGAATGACTCGTGCTGATTGGGGTAAAATGAAAACATTAAGCTCCTCTGATGGAGAAGCTCTGGATGATATGGGCATTCCCCGCGAATATCGTCAGTTGGTGCGGGATTACTTCCTGCAGTTAAGTCAAGAACAAGCCCGTTAACTCCCCGACGGGCTGATCGCTTCCGTGAAGCGTTTTCTGGACCAGGTTTCTGCGCCCATGACTTTCATGTGAGGGGTCAATTGTTGAATATCCAGAAATTGATTTCCTAGATTTTGTCGTTGTTCAACTAAAAACTGTATGGCGGCTTTACCCGCATTAGGAATGAGATGAAACATGCTTTCACCTGAAAAGAAATGCCCGCTGTCCATGCCATAGAGTCCTCCGACCACTTTTCCGTTTTGCCAAACTTCAACACTGTGGGCAATTCCTTGATGGTGGGCCTCTATATATGCTTCACGCATGAGGGGATGTATCCAACTCTCGGGAAGATGAAAGTGATGACAGGTATTGATGATGTCGACAAAAGCTTGGTCGTAGGTGATCTGAAACTCAGCTTTTTTGATTTGTCGGATCGTACTTTTCCCCAGATGAAATTGATCGAAGGGAAGGACGCCACGGCTACGTGGGCTGACCCATGGAAAGAGTTGAGGGTCGTCTCCCGGCCATGGAAATACTCCGAGAGGATAGGCGGCGGCTAAGGCCTCCACGGGAACCACATCGGAGATCCATACACATTCCTGACGGTTGGGAAGTTGCTTAAGTTTGGCTTTGA
CP120722.1_gap73	2703681	2708556	4875	CAGCTTTTTCAGATTCTTCCATGAAGGGTCTTCTTTTAGACTAAATGGGTGATGCGTTTCGTTTCACCTTTTGGTGACCTCTTGATGAGGTCTATTCTCTAAACTATAAAGTTAAAGTTTGCTTTTTATAGGTAGTCTTTATTATATATACATTTATTGTTAATCATTGATGCAGATGTTGCGTTCCTGGTAGGAACAACGCCCGCGTCAGAGAAAAGGAACCACATTCTTATGAAAAAGCTTAGTCATGAGCCTTGTTACCTAAATGTTGCGACCCGATCTGATGTGAAAAGCGTGTGGTGTCGTGGGTTTACGTTAATTGAAATGCTGGTAGTGATTGCCATTTTAGCGTTGCTAATGTCATTGATTTTACCCGTGGTAAAGAAATCCCTTGCGAAGGGAAGAGCGGTGGCCTGCATGAGCAACCTTCACCAGAATGGTGTGGCTTTCATGACGTATATTGCTGACAACAGGGCGTTTCCCCCACTCGAAAAAGATGGGCTTGATTGGGGGGAGTTGATCTACAATACCGCGGATGGCGATCCTGTTTCAAGCGCGCTTTTCTGTCCGGAAGATGCTCAAAAGCAACGGAGCACAAGGGGAGCCCGCCAAATTAGTTACGCATACAACTGGATCGGCCTCAGCGGGCAAGGACGAAGCAAGGTTAACAACTCCTTAGTTCCGGCAACCCCAGTAGATCTGACCATGTTGGATGATCCTGCTGAAACCGTTGTTTTGATGGACGCGGGGATTAACAATGGCATCCACGTGACGCCTTCCGATACCCGTGGCAAAGCGCCAGTAGGATATTTCTATTGTCGTCCATGGTTCGATAAGTGGAATGGATACCCTTATCCTCGCCATAACGGCGTGTGCAATATTCTTTGGGCCGATGGTCGTGTACAGGCGTTTGTTGCACCCGATGGCACTGCTGAATCAATGTATTCGGATGAAGCTTTAGGGCATTTATGGAATAATAAAGTGAATCACTGGACGCCTTCACAGCCCTAGCTGTAAAACCGTTGCTTGATAGAGAGTGGGGGTAAATATTGGGGCTGGTCATAATTGAGTCACATTTGCATGGCATGATGGATGAAATCTTTGGAGGAAGTCTATGTCATCATCTGTGCGTCGTGTGTGTATTGTTAGTTTGTTTTTTGTGCTGAATGCCTTTGGTCTTTGGCAAGGCTTGAGAATTTGGGAGGCTCATCTACAGGGAATTCAACGCAGAGATCCCGTATTGGTGGAGACGTTCCCTAAAGGAAAGACGTTGTTGGGTCGTGAAAAAGTGACCTGGTTATGGGACCAAGATGTTGTGACTCCTGAAATGGTGGGCAAGGTGTTGTCTGATCCACCTGTAGGATTAAATCCTCCCATGTTGGGAGAATTTGAATGGACCTCCGAACGACACTTATCGTTTTCACCATTGGAGGATTGGCCAGTAGCACGTGAAATGGTGATGGAAGTGCAAACCTTAACCACCAATGCACACCATCAGGTATTTTCCTTAAATGAGGTCACGACTTTAGAAGGTCCGGCTCTAGATGTGGTGGCTGCCAATGCTTATCATGAGGAGGGGTCGGGTGATCTTGAAGTACGTGTACAGTTGAATACCGCTGTGGATATTGATGTTTTGCGGACGTATTTGCAGATTTTAACACCTAATGAAAATGAAAGAACTTTCAGTATTGAACCAACCCCTTATGCCGATGAGTTTTTAGTCACTACTTCATGGTTGAGAGAAGAAGCGTTAACGGTCGTCTTTCGGGAAGGCCTGTATTCCGTTCACGGTCCTCAAGGAGGCTTGAAGCAGGATCGAAGTTATACTTTTAAAAATATTCGTACATTTACCCTGAATGGTGTGGAGGTGAAACAACCCACTTTTGGATCAGGTGAGATACAACTTCACTTTTCAGATATTCCCTCTTTGCAAAGTGTGCGAGATAGTTTGCAGATCGAACCAAACGTTCAATTTAGTGTAGGTAAATCCCAATGGTGGCGTCGTCAAAGTTGTTCTATTCGTGGGGATTTTGTTCCCGGGACCACCTATCGCATTACCTTATTGGAAGGAATGGAATCTATACAGGGGCGGCGCTTGAAACATGAAGTCAGTCGTGAACTGATGATGCCGTTGCGGTCTCCGGGATTGAAGTTTGCTCATGAGGGGTGGATTTTGAATGCGAAGGGCGCTTCGAAAATCGAGGTGCTCACTGAAAATGAAGGTGCATTGGATGTTTCGCTTTATCGGGTGCATGCCTCAAATTTGGTTGATTATGCATTACGAGCTAGTGGATCGGATAATGGGTATTCGGCATCGAAACCCGAACATAAATTAGGACGGGTGGTGTATGCAAAACGTCTGGAGGAGATTGAAAGTGGTTCGGTTTTTGTGGATCTTTCTGAAAGTCTGGCGCAATCGGGTCAAGGCGTGTATCGATTGCAAATTCGAGGTCGTAATTCCAAGCAGTCGATCGATCGGATTGTGGCATTGAGTGATACAGGGTTGCTGGCCCGTCAAACGGGAGATCAATTGTGGGTTTGGGCGCTATCACTAGATACGGCAAGTGGGGTTCCGGAGATGGAGGTGAGTTTATGGAGTGAGACGCGTCAGTTTTTGGCAAAGGGTAAAACGGATGCTGATGGAGTGTTAACGCTCGAGTGGTTGGATGAAGAAGAGAAAGGGGCCCCAAGAGTTTTGATGGGGCAAAAGGGGGATTCGTTTGCATTATTGAGTTTGGTGTCGAGTCAGGCTTTCCCCGGGAAAAATGGGACTCGTCCATATTTACTCAGTGGCAATGAAGCTTTTGTGTACACTGCGCGTGGGATGTATCGTCCCGGAGAAATCGTCAACGCCCGAGCCATTGTTCGCGGTCCAGGTTTTTCGTTGCCCGGTGAGTTTCCTGTACAGTGGAAATTAATCAACAGCGCGGGTTTAATTGTGTGGGAGTCGCAACAAAACTTGTCTGATCTCGGGACGGTCAGCTCCGAAATTCAGTTGCAACCCGAATGGCCCAACGGTCGTTATGAACTTTGCATCTCTTTACCCGGTGAGGATGCCGCGCGATGGGGAAAGACGGCTTTCTATTTGGAATCATTTGTGCCACCCCAAGTGGTGGTCAGTGCTGAAACTCCCCATGGCGAGCGTTCTGTTCCTGAAGATTTTGTGGTGAATATTCATGCACGCATGTTGTACGGCGGGGCTGCAGCCCAGCATCAAGGCAAAGCAGTGTTAACCCTTCAATCTGAACTGTTCCGAAGTTCGGAATATCCTGAACATGTTTTTTCCGACTCTCGGAAGCCTGCTTTTGCAGAGTGGACCCGTCCGCTTCGGGAGTTTAAGACAAATGAAGAGGGACACGTTTCTCTGCACGTGAAGGTGCCGCAAGATAAGAGAGGTCCTTCAACGCTGCGGGCGGTGGTGGGCGTCTCTGTTACTGAATTTTCAGGTAGAGAAGCCAGTACGTTCCTCTCTCGGCGGGTGGACAGGATCCCATATTATGTAGGCATGACTCTTGTAGCTGAAAAGGAAGACTTGTTATCTGTCAATGTGGTGTCTGTTGATGCTGAGGGTAAGAAATTCGACGGTGATACGGAGTTGGAAATGGCTTGGTATCGGGTAAATCGTCAGTCAGGATATCGACGGGATGCAAAAGGTCGCTACACATGGTTTTCCGAAGACGTCGATGTGTTGGAAGGTACGCGGAAGGTGAGTTTATTCTCGGGAGAGGGGGCTTTTCAACTGCCGGTAGTGGCTGCAGGATCCTATCGGGTGGCCTTTCGTGATCTTCAGACGGGGTTCAGTTGTTCTGATACGGTAAGTGTCGGGGAATATTCCCAACGTCCAGAACGTGCTGATCGCGTGGTTTTAGAGTTGGATAAAGCACGATATGATTTGGGCGAAGAGGCGACGGTTCGAGTGACGGCTCCTTTTGCAGGGAATCTGTTATTAAGTTTAGAAGGGGCTGAAGGGCTTTGGGTACGATCGGTCGAAATGCAGGACAAATCGCAGTTGTTGACTTTTAAAGTACCGGATGTGCCTGCATCAAATCTTTGGTTGCGGGCGACAGTGGTTCGCTCGCAACCTGTGAAGGGCGTTTTACCTGTTGTGCGCTCTGATGGGGTGGTCGCGATGCATCTCAATCAAGACACTTTTTTACATCCATTGTCGATTGAGGTTGAGGATCAATTGCGCCCCTCTGAAACGGTGTCACTTGCATTGCAGGGTGAACCCGGAGCCGAAGTAGTGGTGGTCGGGGTGGATGAAGGTATTTTGTTGTTAGACGATTTCCAAACCCCCGATCCCTTCCAATGGTTTATGGCCTTGAGGCGTGCGATATCATTGCAGTGGGATAGCTTCGATGATTTGATGCCTGAACTCGGGGCTCAGTTTTTTGCGGGGAATTCAAAAATGGGTGGAGGTATGGGGTCGGCTCTTCGCAAACGGCTCAATCCCGTGGATGCAAAGCGCTTTAAGCCTTTGTCTTGGTGGTCGGGGAATAAACGATTTTCAGAAGAAGGCCGACTTACGGTTCACATGGACATGCCAGAGTTTAGTGGTCAAGTGCGGTGGATGGCGGTACAAGTTTCTCCTCAAGGCATGGGAAGTGCCGAAGCGAAGTCGCGGGTAGGACGTGAGGTCATCGTACAACAAAGTTTACCCTTGTTTTTATCACCGGGAGACGAGACGCAATGGCTTTTCCGATTACATAATCGATCCGATGACTCTAAATCCATCACCTTGTTGCCTACAGTGAAAGGGCCGTTATCCGTTCATTCGGAGGGTCGAGTGTTAAAGTTGGAGCCGGGAGAGGTGGTGCAATTGTCATGGACGGTTAAAGCTTTGGCCGAAGTCGGGAAAGCGGAGGCGACGATGGG
CP120722.1_gap74	2736447	2739539	3092	CTCATTCGAGAGCGTTTAGAGGATTGGCCTGAACGGCGCTGTATCGGACGGTTACCTGCTAAAGAGGATGTCTGTCCCGCAACCTGTTGTGCGGCAATGAAAAGACCTGTAAAAGCACATGCTTAAGTCGCTGACCCTTCGACTTCTTATTGCAAGAACAGACCTGGCGGTCTGAAAATTTCATCTTTCCCACCACAATTAAGGAGAATACAATGGCTGCATCCCACGAACTTAGTCCTGCTCAAAAAGATTTATTGAAAGCCCCTGCGTATAAAATGGCGTTTAAAGATCCTGAACTGATGGATAGGGATGAGTTGCGTCCCGTACGCTTGCTTTTAGAATTGCAGAAACCTGAATTGGCAATGCAGGATCAACATATTGAGTCTACCATTGTCGTATTTGGTAGTGCACGAACACTGCCTCCGGATGTCGCCGAAGCGCATTTGACCGCTGCACAACATGCACTGGCTGAAAATCCATCGGATCCTTTGCTTAATCGTGCGGTTCGGGTTGCGGTCAAAAAGTTAGAACATTCTTCGTATTACAAAACGGCGAGAGATTTCGCGGCCTTGGTGTCATCCCACTGTCAAAATAACGAAAAGTGTAACCATGTGATCATCACTGGGGGAGGGCCGGGCATTATGGAGGCGGGTAATCGTGGTGCCTTTGATGTAGGAGCCAAAAGTATTGGACTCAATATTGAATTACCTTTCGAGCAAGCGCCCAATGCTTACGTCAGTCCCGAATTGTGTTTTAACTTCCATTATTTTGCCATTCGGAAGATGCATTTTTTAATGCGTGCACAAGCCTTGGTGGCCTTTCCTGGAGGATTTGGAACCATGGACGAACTTTTTGAAAGTCTGACCTTAATTCAAACCCGGACGGTAAGTCCCATACCTGTCATTTTGGTAGGACGGAATTTTTGGGAACGCATTCTGGATTTTGACGCTTTAGTTGATGAAGGCGTGATCAGTCCGCAAGATTTAGATCTGATACATTTTGCTGAAAGCCCAGACGAAATCTGGAGTTATATTCATAATGAAGACCCTCAAGAACCCCAAATTGATTTAGATTAATGACCCTCTATTTTTTTGTAAAATAGAAGCTCAAGATCTAGCGCCCTTAGATGAGTTTACCTGCTACGTATCTTTAAAAGGGTCGTAGCCGATTTATCTGATCCACTCCATCTTTACTTTACCACGCAAGGCGTTGAGTAAATAGAGTTGATCCGCCTGCTCCAGGTCTTTCGGTCGGCATATTTTTTCTTGCAGGCTGCCTTTTGCTAAGGCGGCTGCGCGAGCGACCCCAGGGAGTAATCCAGAGTCTCGTAGCGGGGTGTAGGCCTGACCATCTTTCTCCCAGACCAGATTGCCAATTGTGAATTCCATGCATTCGCCATGTTCATTGATGAGTAGTGTTTCATCAACATCTGCACAGCGTTTACGAGCTTCATTATAGAGGTCACGTCGGGTGGTTTTGTGTTTTAAACTTTCGTTTTGAGAGGAAGTAATTTGAGTGTCGAGGCGAAAACTCATGAGAGATTTGTTCACGGGGCAAGGACTACAACATATGTTAAGCTGCCCCTCGATGGATAACGTTATTCGTACTTTTTGAACTTCGTGAACCTCGAGCATTTGAATTTCAGCCTCTAAAGCTTTCGTATCTAATTCGAAGCCTAAGCTGGCCGCAGAATTCACTAAGCGTTGCCGATGATAGGGCCACAACGGAATACCGATGACGGGTTCTGCGCGCATGGTTTCGATTAAGTGATATGGTGTTGCACGATGTTTGAGTACCGCAGTTTTCAACAAACTCTCTTTATATTCATCTTGGGGATCACTGTCCCAAACAATTCCACATCCACTATGATAGCGAAGAGTATTCGTTTGTTTGTTTAAGATCGCCGTACGAATGGCGACATTAAATTCACTAACGCCATCCGCATAAAAGCCTCCAATGGCTCCCGTATAAATTCCCCGGGGAGCGTTTTCTAAATGACGAATCCACTCCATGGTTTTGCGTTTAGGGGCTCCCGTAATTGAAGCACAAGGAAAGAGTGCGCACAACCAATCTACAGGGGATGTGCTCCCCCTTGCGGTGACCGTGGACGTCATTTGAACCACACTAGGATATGATTCAATTTCAAATAAGGGATCGGCTTTGACCGAGCCCTTCATGGCAATTTTCCCGAGATCATTACGTATCATATCCACGATCATGATATTCTCAGATCTATTTTTAATCGAGGCTTCCAATTCAAATTCTGCCCCAGGTTTTGCAGTACCTTTCATGGGTTTGCACATAATTTCAGAACCTTCATGTCTGAAAAAACGTTCAGGTGACGCACAGATGACCGTTTGGTCTGCTTCTTCAATATAGGCCTGATGTTTTGCAGCTTGGGCCTGTCGAAGTTTTCTGAATAAAGCCCAGGTTTCCCCGTCCAGGGTGCCACTGAAGGGGTAGGTGAAATTGACTTGGTAGGTTTCTCCATTAGCTATAGCCTGATGAATAGAATGGATGGCATTCATAAAGTCCGCTTCTGAAACTTCTGGCTCTAAATGAGTAGTTGCCGCTTCAGAAACAGTGCGTGGAGGCAATCCAAGGTGTTCCGTTCGATATAGGGTGAACCTGAGCAAAGGGGAACCATGAGGGAGAGGATAGGTTTGTAAGTGTGGGTCGAAACCAGGAGCTGCTTCATACGCAATCCATCCCACAGCATGTAAACCCTGTCTGGCAGCGGCTTCAAGTCGACGAAGTGTAGGAATTACTTCATGGTATTCAGCAGTTTCCAACAGTTCAACCACATCGGAATACCATACCCAACGGGCATTTCCTTGTTTGTCGGTTCTTTGAATGGCATGGAAGGGAGTCATAGGCTGTCTACCTCACCAACTTCCAGGACTTAGTCAAGGAAATGGGTGAATTGTGATGAGTTCTTGTGTGCTCCTGCTATATGAAAATTAACCCCAATGTCCTAAACGTCTAAATCCAAGTAAATATGAACGCCGAACTAAGAAAACGAATGATCCAGGTTTGTGATCAAAAAATCGCGCGTAAAGGGGACCAAGTGGGTCTCTCTTTCTATGCCTTTT
CP120722.1_gap75	2764563	2767693	3130	ACCTCACATTGTTACCATTTCCTGATTCAACCCTCACCACGTGCCGCGTTTATGGGCACCACGCCCGAACGCCTTTATCGTCGTGAAGGGCGCGCCTTAAAAACGGAGGCCTTGGCGGGAACACGGCCAAGAGGAAAGGATGAGGAGGAGGATCAGCGCTTAGGTGCTGAGCTATTAGAAAGTACAAAAGAGCGTCACGAACAAGAGTTGGTTCGGAGAGACTTGATGCGGCAATTGCATTTACTTTCGGATACGGTTGAGGCCGAAGAGCAGCCCCAGTTGTTACAATTAGAGCGTAAACAACATTTGCTTAGCCTGCTTTCCGCGGTGCTTAGAAATAAAGTCGATGATGCCGAATTAATCAAATCCTTGCATCCAACACCAGCGGTAGGAGGATCTCCCCGTGAAAATGCTTTAAGAGAATTAACCAGATTAGAACCCTTTTCCAGAGGGTGGTATGCGGCACCTGTGGGTTGTTTCGGTGAAGACTTTGCCGAATTTGCCGTGGCGATTCGGTCAGGAATGGTGCAGGACAAACAGGTGAATATTTACTCGGGAGCCGGAATTGTTCAGGGCTCTCAACCCGAAGAGGAATGGCAAGAAATCGAAAACAAAATCAGTGATTTTGTGAAAGTTACTGGCGGGGGCATTCGCTAACGCCTGCCGCTCCTCTTCATAATGTTGACCCCCACAGCACCCGAGGTGTTTTCCTGTGGTTTTTTCGTGCTTGTAAAATGTCCGTCAATGTTTGAAGGATAAGAGAAATAAAAGAGTTCGAATGAAGGTAATTTCTAGATGAAAAAGAATGAAATAATTGCGTTAGTGATCGTGGCTTTTATGGTGGTGGGGGTGACCCTATACACAAAACGGGATAAAGAGCTTGTCCCAAGTGCAACGAAGGCAACGCCCTCTCTGCAAACCTTATTATTGCCTCCACCACCTGCGTTAAACAATCCTCTTCGTTTAGAGCAAACTTATCAACCCGGTAAAGTGTATCGGGCGACAACAGATTATAAGTTGCAGGTCCCGGGACAACATACCCGTTGGGGGATTCGCAAAGAAATGGTCATTTTACTTACAGGTCGATTTCAATACGACATGAAGGTGTTGGAAAATGACGGTAAAGAAATGTCCTTGGAACTCACAATCCGCCAATCCCGTTTCTTACAAATGGCTTTTGATGCGAACATTGAGCTCGAATTGGACAAAATCATTCAAGACGCCATTCAAGTGAGTGCTGCATTTTATGGGACACCCGTTCCTGCGGGGGCCATTGAACTTACACAAAAACAAATTAACCACATACTTAAACAAACGAAGGTAGACAGTCAGTTGGTTGAAGAACTTCTCAAGCCTGATCAGTGGGTGCAAGAAGTCGAAAGTTTAGAAGGTGCCGTGGTTCGCATGCGCTATTTAGATGGAGAAGGTGTTCGGGATTTAGAACTGATAAAATATCAGACGGGAGAGAAAATCTCCTTCGAAGAATTATCAAAAGATGAGCAGTCCTTTTTGATGAATTTCCATCCTTTCCCTGATCCCTATATTTTTCCGGATGAAGCTGTCAACGCAGGAGAAACTTGGTTGGTGAATGGCTCCGCGTTGCCGATTCGATTGCCCATGATACTGAATTCGCGCATCGAGGGCACGGTAACCCTTTCTCGGCAGACCGCTGATCAGGGATTCATTCCTTTAACGGTAGAAGCGGGTAAACTCTATTTACAAGGAAACACACAAAAAGGACATCAATTACAAGCGGATTGGACCCCCCGTGGATATTTTCAGTACAATCCTGACTTGAGAATTGTGGCTTCCGCTCAATTGAATGGTGGCATGACCTACGCCTCCGGAGGTAAAGATTTTTGGGTGCTACAGGTAAGTCAAAGTGCCCGCCCGGAATATGAATTGGAATACAGCTGTGAAGTAGATCCATCTGCAGAATAATGGTTCTTTGACTATGAAACTTCATCGATGGGAAGCATTAGGCGACAAGGTGATTTTGTCATCGTTGGGCGTTATCACGGATGCTCCGTCAGAAAAACATGTAGACTTACGGGTTCAAGTGGAATGGCTTTCTGATCAAGCCTCCGCATTTAGAGTAGAGAAAATTTCCGGTCCAGAGGGCGTTTACCCTTACATCAACCAGATTGCATTTGAGGGACAAAATGAAATCAGGGGAGTACCCTTTTTGCGAATTCACGATAAACACTTTCGGTTGTCCGCTCAAGGGGTCTGGGAGGATGTGGCAGGCCCGTTGGGACTACAGGTTCATGGACTAGGCTTACAACGCGAAGAACATATGGTGTTAGATGAAGTCCACTTGACGGTGAAGCCGGGTCAATTGGTGGGGGTAATGGGACCCAGTGGTTGCGGGAAATCCACATTCATCCGTTGTTTATTGGGTGAGTTAATTCCTGATCAAGGTCACTTGGTTTACAGTAATTATCATGGGCAAGGCATAGAGGATCCTGAGTTGGGATATGTTCCTCAAGACAATCAACTCTATCCTTATTTAACCGTTGAAGAAACGCTTCAGTACATGAACCGTTTACGCAAAGACGCTCAAGAGGCCGATATCCAAGACCTTTTAGAGCAAGTAGAATTGACCGACCTTCGCCAACAGTTGGTTTCACAGTTGTCAGGTGGAGAAGCCAAACGTCTAAATGTGGCGGTGGAGTTATTGCATTTGCCACAAGTATTGATCTTGGATGAACCCACCTCCGGATTGGATCCACGCATCCAAGACCGCTTAATGGATCAACTACGTGAAATCGCACATTCCGGGACCACCGTTCTCTGTGTGACGCATGATTTAAGTTTGGTCAGAAAGTTGGATCATCTTTTAATATTGCGCTCCCTAAGGAATCAAATTGATTGCGGTTCCTGCGTGTATCAGGGAGAACCCTCGGGGTTAAGTCCCGCAGATTTATTAGAAAGTTATGGGCCTGATTGCAGGTGGACCGTCGCGCCATCTACAGCGGATTTTCAAAATCTGCAAGATGCCTTTTCTGGTGATAAAGGATTCGCACCTTTTCGGTGGTCACAGCTGGGGACGGTGTGTGGTCGATCCTGGAAACGTTTAATACGCAATCCTGCCCATTTGGGAATGTCGCTGGCCTTAGCGCCCCTTTTA
CP120722.1_gap76	2857043	2860199	3156	CAAAGAAGAGAATCGTGTCCCCATTTTGGGTAGCCTGCCGTTGATCGGCTTCTTCTTCCGAAGTACATCTGATCGAAAAGAAAAAACCAACCTTTTGATTTTTGTTACGCCTTATATCGTCACAGATGAAAAAGAAAATGATGCCATGACGGATAAGTGGCGGAAACAAACTGGAATCGAAAGCCCGGAATCAGACCCTCGGAATCTCCCATGAGCTCACAGGATGAAATCGAAACATTGCGTCAATTGGCTCAACAGTTTCAGTGCCAAGTCCTCGAAGAAATTCCATCGAGCTGGTTTGATCGTGAACTTATAGGTGAGTTGTCCGTTGACTTCTTGCGGAGTGTTCCATTTCTGCCTTTACGAGATGGGGATCAAATTTATGTGGGTTGCATTGATCCTTCTATTGAGAGTCAGGTCCCTGAACTAAGGGTAATTTTCAAAGGGGAAGTGGAACCCCTCTTAATTCCTACCGCGGTGTTGATGGCGGGAATTGACCGATGCTTTGCACAAAAAAAAGAAATACCCGAAGATCTCGCGACTCCTGATGACCTACCCATCGCGGCACAGCATGAAGATCGGGAAGATTTATTACGTCAATCCACCGATGCCCCAGTGGCCACCCGTGTCAGTCGATTGCTCCTCGATGGCTTAGAAATGGGTGCCTCCGATATTCATTTAGAACCCCGCGGTAAACGTTTGGAAGTACGTTTTCGGGTGGATGGCGTCTTGAGCCCGCAAGCAGAAATTTTGGCAGGTATAGAAGATGCCGTCATTTCCAGAATTAAGATCATGGCCCGGTTAGACATTGCGGAACGACGCTTGCCCCAAGATGGAAATGCGAAAGTGAGGGTAGGGAACCGAGAAGTCGATATCCGGGTCTCCTGCTTGCCGGTCGCAGATGGAGAACGTTTGGTACTGCGGCTGTTGGGACGCGAAAATGCCACTTTCACTTTAGAACAATTAGGGATGCCCGAGGAAGCCATGGATGGATTTCGGCGGCTGCTTCGTAGCCCCTATGGGGTCATTTGGGTGACCGGCCCCACCGGAAGTGGAAAAACCACCACTCTCTATGCAGCGCTACAGGAGCTTGACACAGTTCGTAAAAACGTGCTCACCATTGAAGACCCCGTTGAATATCAACTGCCGGGCATCGGACAAATGGCCGTCCAACCACGCATTGGCCTTACTTTTGCTGCAGGTTTACGATCAATTTTGCGACAGGATCCCGATGTGATTTTGGTAGGGGAAACACGTGATGAAGAAACCGCGGATATCGTAATGCGTGCCTCCATGACAGGACATTTGGTGTTAAGCACTTTACATGCAAATGACTCTATTTCAGCGTCTCTTCGACTTACGGATATGGGCATCGAACCCTTTTTAGTGGCCGAAGCCACTCGTGGTGCCATGGCACAGCGCCTGGTTCGCGTTTTATGCCCCCATTGCGCCGTGCAAGATCTCCATCCCGATCTCCCGTCTCACCTTAGGGGATTAGATTCAAGTGGCATGAAAAAAGCAACGGGATGCGCACTGTGCCGCGAAGGATATTCAGGACGAAATGGGGTATTTGAATTACTCAGACTCAATGAAGACTTACGTTCCTTAATTCGAGATCATGCCTCAGTTGAATCTTTAAGATCGGCCGCAAGAGAACATGGATTTAAAGATTTATGGACCTCTGCTGGAGAAATGTTGCATCAGGGAAAAACGTCAGTAGCGGAGCTGCGGATGGTACTTGGAGAAGGAGCTTAAGACCCCATGCCTACCTTTAGTTATCAGGCCTATGATGCCTCGGGGAAATCTGTCAAAGGTCGCAAAGAAGGCTTAAGTGTAAAAGAAATAAGAGAAACATTGCTCGCGGAAGGCCTCTATGCGCGTCGTGTGCAGACCGTAGCGCAAAGCCGGAGAAAAAAATCTTTTTCGGTACAAAGTCGCAGTATGTTTTTCAGGGAGCTAGGTGCGTTATTGAAAGCGGGATTACCGCTTGATCGCGCACTGGAAATTTTATCAGAACACCCCGAACTTGGGGCAGGGCATGATGTGTTACCTCTTATTCGAGACCTGCTCAAAGAGGGACAAGACTTAAGTGTGAGTTTACAACAGCACCTGCCGGGCATACGCGAAGATGAAGTGGCCGTATTAGCGGCGGGTGAAGCCGCTGGGCGTCTACCCGAAGTCTCTGTGGAACTGGCGGATTTTCTTGAAGATGAATCCAAAATGCAGGACCAATTAAAAACCGCACTGGTGTATCCCGCGGTCATTATTTTACTCTCCGTTGTGGTTCTGGGTTTATTGGTAGGGTTTTTATTACCCGTCTACGAAAAATTACTCACCGGTTTAGGACAGGATCTGCCAGCCTTAACGAAAGGGGTCCTGTTTTTTGGGCGCGCGTGTCGTCACCCCATCGGCATAATACTGTTTATGGTTTTAGCTGTTGGTCTGGGCCTGGGTATTCGAAAATGGATACGTGATCCCCAGTCGATCTTACCCATGAAACGATTTAAGTTACCCATCATTGGCTTCACGTTTTCTTCATTGGCCCGGGCAAGATTTGCCCGTACCATTTCATTGTTGATGGATGGAGGCGTCGCCTTACCTGAAGCCATTCAAGTTGCTGGCCGTGCCACGGGTTCCTTATGGTTAAGTCTCTGCTGTAATGAAATGTCCTCTGAAATTTCACAAGGAAAACGGGTTGTAGATGCCGTATCTGATTTACCCATTTTACAGGAGGATTTACCTGGATGGATACGGGCGGGTGAAGCATCAGGCGACCTCTCCGGAATGTTAAAACATGCCTCTGAAAGTCATCAACGTGCCTGGAGCAGAAGTTTGGTCAGATTGTTGGCTCTGGTGGAACCCATTTTAATCATTTCAGTAGGCTTGCTCATTTTAATTGTCGCATTGGCCATTCTATTACCTATGCTAAAAATGAATCAGAGTTTAGGTCGCTAAACTTGCATTCTACCACTCTTTCAGCGATGATAAATTTAACGTGTATCTGAAGACCAAAATATCTCTAAGTTTTATTCTGATGTCACTCCTGATGTTAAGTATGGGGGTGGGATATTTTTTTACCTCGTTCTATGTGCATCATAAATTTACACAGGTCAATGACTCGAGTATCCCTGCAATTACTTCCCTAAATAAAATCCG
CP120722.1_gap77	2890247	2892116	1869	TCTCCTGATAGGTGAGATAAATTCCTTTGGACAACGCTTCTTCGTCTCCACCGCCCGTCCATACTTGCTGTCCTTTTTTCCCCAATACAATTGCAGTACCTGTATCTTGGCAAGAAGGTAATTGACCACCTTTGGCCACCACCGCATTTTGCAATAAGGTGTAGATAACAAATCGGTCATTATCACTGGCTTCAGGGTCGAGTAGCTCTTTTGCAAGCATTTCTAAATGAGCCGCACGCAGAAAAAAGGAAACATCACTAAAGGCCGCATAGGCCAGATCCGTGAGTGCTTGAGGATCGATTTTAAGCACGGGCTTCCCGTCAAACTCGACCACTTTTACATGATCGGAACTAAGTTTACGGTATTCTGTTGTGTCTTCGCTGAATTGAAAGGTAGGTTCGTAATTGAAAGGTTCCATGTGCGGTATCCGGTGAGGTTGTGAAATCGGATAAGAATTGTTAAATATTCATCCCCATGTCAAGAGAGACTGCAGATTATCCCTTTGATGCCTCTGCAACATGGTCTCTGATCACAGTTTGACTAAAAACACGTTTGCTGATTTTCAAATTAAATTCATCTGCGATGGCTAAAAGTTTCTCTTTGTTTGCATTACTTAAGCGCGTAGAAATCAGTATTTCATTGATCTCTTTGCTACGAACCAATTGAGGAAGATCATTAAGCGTCCCCAATACCCTATGGCCATGAACGACTTTTTTCAGTAAAGAGGGATCATCATCAATGAGTCCCACCAAACAATACTCATTTCGACGTGCGGTATCATCAAAACTTTCAGCACGCGTAATTAACGTATAACCATAACCCGCCCCATAGATGAGTACCCGATGATCCGCAGAATTCCCTAGTTGAGAGTTTTTACGATCATAATACTGCATGGTGTCTTGTACCAAGCGAGGAAAGGCACGACAAAACACCATCATCGGAACAGATGTTGAGAGCAGAATAATTGAAAAAATCACAGTTTCCCGCAACGAATGTTGAAGGGGAAGGGGGGAAATGGCGATGCCGACTAAAATTCCTGCAGTTGCGATGAGACCTAAATTGAAATAATCGAGCGCCCTCGCTCGGATCCACTGTTGTTGATAGTATTGTGTGGCCCAAATCAAAATCATTGGACCCGCGATCAAAGGGGCTGAGGTTTCGCGCACCAAACGGATAACACCCAGTTTCTGATAAGCGTCCCCGAATAACCAGGAAAGGATCATCAATGAAATGCCCAGAATACAAATATCTGCAAGCGGCAGAAGGCTGTTAAACAACAGCATTCTACCCGGTCGGCGAATACCATCCACAATCCAGCGACCACTATCATTCATCTCGAGATGCGCCAGATATCTTAAAATCACATAACTGCCCACAAAAAAAGCAATGGTGAAAATAGCGATGCGATAATCTTGTAGAAAGACCCCCATCAGTCCCACAGCAAAAAGGGTCGCTTGAATAATGTAGAGCGTCACCGCTACCCGCCGTTGCGTGAGGCCTTTACGCGCAAGCCGATGATGAAGATGATCTTTATCGGCAGCTGATACTTTCCCCTTGCGTTCAGGATACATGGCTTTGCGAACAGATCTACGCCAAATGGCCAGCCCTGTGTCGATCATGGGTACCCCCATCGTAAGTAAAGGGATGATCATCATAATGGCCGCCGTGGTCCTCGATTGTGCAACCAAGGTAAGTGACATCAAAATAAATCCAATATACATACTTCCAGTATCCCCGAGAAATACGCGGGCGGGATGGAAGTTATACCGTAAAAACCCAAGACAGGCGCCCGTGAGCGCAAAACACATCACCGCCATCCCTTCATTGCCAATCAATAAATTTAAAGCGCCTAAGCCTAAACTGGTAATG
CP120722.1_gap78	2895074	2896273	1199	GACCCCAGGGGCCATACTCAAAATGGCCAATGATTCCGCCTGCGCTTGTATTCCCGCCGAACGGTCACTTACGGCAAAAGCGATTACGGGCAACCCAATATAGGCCAAGTTTCCCCGAAATGTCGCTTGGGTAAAGGTACCTGCAGAACGTTGAGGCAGTCGGATCACTTTCACACACACACTTCCGCAAATCAGCAAGCCCAAGGTGACCAAGGTCAATGCACCTGCCGTTTTCAACGCTTCCGCGTTTAAGGTAGGGGATTGGGCAGATTTCAGAAAAATAAATAAGGGGAGCGCAATGTAGTAACAAAACTTATTGAAGGCTTTCTCCATGGGTTCATCTAAAAACCCACGGACACGTAACCATCCCCCCAAGAGGATCAACCCAAAGACCGGTACTAAAATGGTAAGTAAGGTCAGAAGCATCAGGCGTTCAAAAGTCCTTTGGTTAAAAGAAACGCAGTAACCAGTGCCAACGCAATCCGATAAATCCCAAAAAGTCCCAAGCCATGTTTTTTCAAATAGGCCACCATGGTTTTAACCGCAATCCACGCGGAAAAATATGCGATAACAATGCCAATCAAAATAGTTTTTAATCCCAAAGAATCCACCATTTCTGTACCCGATTGTAACAGTTTATAGAATGTGGCCGCCGTTAACGTAATCATCCCCAGCAAAAAGCTAAATACCACAGAATCGCGTAAGGAAAGCCCCACCCATCGACCACCTATTATCGTGACCAAGCTCCGGCTCACTCCCGGCCACATCGCAATCACTTGCATGGATCCAATCACAAATGATTTTTTCAAGCTGAGCTCTTCTAAACGAGCGCATTCCGTCGCATTTTCTTTTTCTTCTCCATTCCACTTCAACAGTGCAAGCCCTCCCAGCAACCAGGCTCCCACCACATACCAAAGCCCATACAAGACTTTAGAAATAAACTCATCCAATAACAGACCGGCGACTGCAGCAGGTAAAAAGGCGATCAACAAATTGCACACCAGTTTTTTGCCTTCCGCATTTTTATTCAAAAGCCCCAAAAACATTTTTTTAATGTACTCACCATAAACAGTCATTACCGCTAAAATGGCTCCAAGTTGAATCACCACCAAATAAGCATTTACGGACTTACGGTATGTAGGATCTGCCCCCATACCCATGGCTTGACTGGCTAAAATGAGATGCCCGGTACTGCTGAC
CP120722.1_gap79	2899019	2900624	1605	CGCTTGGTCGAAAAAGGCGTGCTGGTGTACGAAGGTCAAGTATGGGGAAATGAAGGACGCTGGGTCATCAAAGGACAAACCTTAAAACCACTCTTAGACGAATGGCATGAACTCGGGGAACAGTTGGTCATGCAACATGTCGCCAAAGGATTAATTCCTCTGGTTCACGACGCCGGCGAACCTCCTCAAATCAAAATCAACGGGGTCGACCGGAAAACCGGTCGCAAATGGCTCACCGCCTTAAAAGAATGCCTTAACAGTATCGGGGGAGATAAATTACCCCATCTGATCGTCGAAGCCTAAGTCAGATCCTGGCCATGCGATACAGGAAAAGCTGACGGGCTTGAGTTACCCTTGGAGCGGCTGGATCTTTACGGACATTCCTTCCTCCATCATTCTCCGAAGTTTAGGCAGGGTAACGATGGCTTTTTGTGACCAACTTATGACAACTTCGATGCTGCGATTAAAACAAAGCACTTCAAATTTCTGTTCAAAGTCCTCACGTTCAAAATCGTTTTCTACAAACGCAAGTACTTCATGGGCCGCACCCAGATATCGTTCAATACATTTCAGCACCTTTGTCTTTTTCGCATCGAAGGTTTCCAATTCTGACAAAACAGTTTCTGGGGAATAGGAAATGCGTTCAAGGATGCCCATCCAGTCAAAATAGAAACGGTCGTCCTCTACATCCAGCAAAACTTTTCCACTGCGACCTAGACCTTGAAATTCATTTTTCAAGGTAAGTAATTTAGCGAACTCTCCCGGTTTGCCTTGAAATAGACTTAGATCATGCTCTGGAAAAACGATGTGAATGGTCTGTGGTCGTGTCAGATCCAATCGACCGATAGAAATGACAGAAGTCAAAGATGCCGCTTCATAGGTCGCTACTTCCGACACCTCAAGCTCCTGACCGTTCAGCGTAATGGAGAGGGGATATGGAGTAAGTGGTAGCGAGAGTTTAATTTCTTTGTGGCTAAGGTAACCGTCATAATGCCCCTCTCGCGATTTAATGGTGATCTCTCGATCAACTCCAAGTTCACGCTGTAAAAGGTCGAGGGTGACGAGCGCGCCATCCTCATAATCTGTACTGCTCCCGTCGTCTTCGTACAAGCGATACTGCCCTTCACCTCCACGATGGCAGGTAATACAAAGGTGATCATAAGAGGTGAAATCTAACTGTTGTACACCTTCGAGTCCCGGAATCAGGGTGCCTGCACGAACGAATACTGGGGTTTGCTCAAGTGTATATAGAGCGGTGTATTCGGAGTTCCCATCTATAAAGACCCCATTAGCCGTATCGATCCACATGCCTTCAGGCAACCACAGGACTTGTTCTGCCAAGGAGGTTTCGGGATCCCCAGCTGCAGTAATGGGAGACAGCAACATTTTCTCACCAAACATATACTGCGCTTGATATTGATACGCCAAATCTTCCTCTGGATAATCGTAATAGAGGGGATAACAAAGTGCGACAGCAGTTTCATGCCCCCGTCTCATTTCACTGTAGATGTAAGGGATCAGTTCATAACGTCGTCGAAGTTGTTCAATCATAATCCAGCGGTAAGGAGAGTCCTGCTCCCAAAGACGTCGATCCTCGCCACTGTG
CP120722.1_gap80	2902998	2904887	1889	AGCCATCTACCGTGCCTCTCCAGAGGGTCTCTACGAAACGGCCGAAACTGACGCGCTCTCCCTCAATATTCCTGATGAAGATGCAGCTTTTCTTGAAAAAATTGCATGGAAGACGGTGTTGGACAAAGGCATAATCGATCAGAAAATACGTATCGATTTTGGTGCGGACGCCACAGCTACCGCCAATTCCGGTATCTTCTGGAATAACCTCAGCGCTTCACAAGGCGCACTAAATCATTCCGTGCTGAATGGGTTGGTCGATATGGATGGAAACAATAGTGCAATCAACCTTCATATGCTCTCTAGGTTTAACAGCGCCCTGAGCTCAGGCAGTAGTAGCTCAAGCGTTTATGTGGCGGATGCCAGTTCAGATGCCCTTTATGGGAATACAGGACTTCAAAACGGACTTAGTGACATTAGCCCTCAGTTCAAACTCTCAGGTCTGGATCCCGCCACGGCATACAGCTTGAGTTTCTACGCTTCTGTTGCGGAAACAGGAGAAAACCTTCAGACCCGATATAATGTAATAGGTGATCGGACTCTGAGTGTGGACCTCCATCCAGCGGGGAACGTCAATACTCTCGCGACCACGTCACCGCTCTATCCTGATGCAAACGGGGAGATCTCGATCAGCTTAAGCCCGGGGCCGGACAACAACAGTACCCACTCCCTTACAAGTCTCGGAGTGATGGAACTGACCGCCCATGCAGAAGCTGGACGGGCATGGACCCAACAACCCATGTCACAATCCATCCCCGTGAATCAACCCGTCACTTTTAGTGCGGAAGTGAACTCTGATCGGTTTATCACCTATCAATGGTATCAAGACGGGACTCTCATTCCGGGAGCCACAGATGCCAGCTACACCCTGAACGCCGCGCCGGCCTCGGCCCAGGGAGCCTCCTTCACCTTGAAGGCAAACAACGGCTTTTTCGAAATTGAAAGTTCCGCCGCACTCCTTACGCTGTTAGCCGACAACACAGAACCGGAGTTATTGATGCTGTCCAGACCTGACGAACAGTCTCTCAGCTTACACTTTTCGGAACCCATGTCATCGACAGAGGCCAGCATCCCCACAAACTATCAGGTCGTAAACCGTGGTAAGCTCATAAACATTTTAGAGGCGACACTCTCTGCAGATGGAACTACCGTTGAGCTCAGTTTAGAAACCCCAACCCTTGGTAATGTATTCGTCTCAAGCTCCGCAACGCTCAGCGACCTCTCTGGGAATCCACTTTCTAGGGACACCACTTTCTCCGTGTTGACCGACAGTGCTCACCAAACGCTCCTCCTCGACTTTGGCACCACCTATACCGCAAGTACCTCAACAACTACTTGGAATAGCTTTGCACTCTTTTCATCGATACGGACTACTGTGGGGAACGGCACGGGTACAGCATACGAATATTCGGCATCTCTGCTGAATACAGAAGGAGAGGGTAGTGGCATTACTTTTTCTATGACCGACACCATGTCCGGCGTGAACAGCAGTGGCAGCAGCAGTGGTCCATACGACACAGGCGCCACCCGAGATAGCTTCTTTGGACACAGAGACGCTTGGTCCGGTTTCACCGACAATAACCAGGGAGTGTTCGTCTTGTCAAATTTGGACAGCGAAAAAGTATACGACTTCACATTTTACGCCTCTCGTACGGGTGCAACGGACAATCGAGAAACGCATTATGAACTGGAGGGAAGCACGACCGTTTCTACTGATTTGAACGCAGCTGAAAATATCAGCACTACCGCATCAATCATCAACATGAGTCCGAACGCCACTGGCGAAATAATCCTCACGATTTCTGCAGGATCCCAAAACACCAACAACGATGGTTTTTATTACCTCGGGGTGGTGGCCATTGAGATCAAAGAGGCCTCCCCCCAATTGT
CP120722.1_gap81	2975744	2977779	2035	GCATGGAGCTGGCATGAAAGATAATGATCGATGGTTTAACGGACTCACGGAGAAGCAACGGCGATTCTGTGAAGCTTACTCAGCCAATGGCGGAAACGCTCTAGAGGCCACCCGTAGCGCTGGGTATGCAAAGGCGCAGGCCCAGAGCTCACGACTTTTGACAAATACAAATATCCGTGAAGCACTGGAAAAACTCCGCTTGGAAACTACTTGCGCTGCAATCGCCACCCGGGAAGGCCGCCAACGATTCTGGACTCGCACCATGTTTTCAAAAGATGAAGAAATGAAGGAACGTCTAAGGGCTTCGGAACTGCTGGGGAAATCTCAAGGCGACTTCATCGACCGCAAGGAAATTTCAGGCCCAGGCGGGGAGCCTATTAACATTGTGGTGAAGCCTCCAAAGGTTTTCTAACTTATGGCACACCGTACAAACAACATACACTCATGCAATGAATGTCCTTTCCATGCTGAAATCATAAAAGGCATTCACAAGGACACCCCATACGAAAGCACGCCTTGCGCAAAGTGCCCCCTTGCCTCTCGAGATTTTGCACCTCGTGCGTTACGTGGTCGGGTTGGACTATCACGCCTATCTCTTGAATGGGAGAACTCCGAGCTCTTGGAAGGGTATGAAAATTTGTTTAGGCATGATCCATCTGCACAATACCTAGAGAGCGCTGAAGAGCTTCTCAGGGAGTTTAAAGAATCCACATGCCCAGATGACGCCCTCGAGGTCGTCACACGTCCAGGGCTGGAAGGATCGGCTCATGAATTAGCTGTAGCTTTGTCGAAAGTGGATGACGGATCAGGGATCACCCTATTTTTTGTCGCCGTTCGCTTGGCAAATAAAGTCCTTCAAACTGAAGCCCATAAAATAGGGTTTTCTGTCGCCGCTGCTAATGGTCGGATAAAGACTGCGGGAAGGCGTCTAGGCGTGGCGCATATCCTGATTCGCAGATACGGAAATTGATTACGATGTCACCTATGGAAGACGAATTTAAACCCCGCAATGGAAACTCACCATGTCAAATAATATGATCACTGCCAGCACTGAATTTAAAAACGCCATCAAAGAATGCGTAAAGCTTAAATTTGATACAAAAACCCCCGCTGTTGAACTTGCACCCGCGAGACGTAACGCACTGGATGTACTTGATCTGACCGCCGAACGTCTCGAAAACGAACGTCGGAAAGCTTATTACGAGGCCGGCGTTCAATGTGCTGAAAAGGTCAAGCTCTTGGAGGGTGAAGCGGGAGAGCTGAAAGCCCAGGTACTCAAAGAATTTAACGATACTGAATCAGCATTGGCTCAAGTCTTTTCTGAAACGGACGCAACCGCGATCATGCTTAAATTTAAACCTCTCAAATTAATGAATTTAGAGAATCAAGCGGTAAAAGTAGGTGAGGAAATCACAAGCTTACGTAAAGAAAGCGCGAAACCGTTTAAATCAGCTAGAAACGATTTCAAGGGGGATGATGACAGCCTTAGTCGTATCATGAATCTTACCCCTGAACAGCTTGCAGGGTGCTATAAAACGTTAGTGTCAGCGGTGGACGCCGGTGTCATTGCTTTTGATGTGGAGGGGGAATGATGACAGAACCTACCGATAATGACCAAGACATTGCAACGGCTAAAGCATTTTGCGGTGTGAATGAACAAATTAAAAAAGCTGGGGGCAATCCCCAGAATCATATTAAAGATATTTCAGCCTATGCCCTGCATGGTCGGATCTCAAACAACGAATATGAACACAGCGCCATTGCAAAGCGGATTATGAGCGCCACCCCAAATACATCCGCTGAAGGCATGCGAGACCGTGAAGATCAGTTGCGCGAACAGGGGATTCTTTAAATGGACAAACTGCAAAAGCGAAAAGCTGAGCTTATGAATGATGTGATTGAACGATCTATCAAAGAGGCACCGTTTAGAGAGGCCAAGGTGAAGCTTGCCCATTCAGCTATCGAATACTTTCTTGTTAAAGCTGGATTCGATCCTGAAGCGCTAAGCATGTATGTCATGGCATACGCTTTAGAG
CP120722.1_gap82	2993314	2996695	3381	AATATCCTGTTCTGCTTTAAGACCTAAGTGTACATATAAGGTGGCGTCTCCACCATCATCCAAAATCATATTGGGATAGAGATCAGGGCCCCAATCCAGAATTTTATCGGTATATTCCCAATACTCTTCGAGGGTTTCCCCTTTCACGGCAAAGACGGGGGTTCCCTTGGCCGCCACAGCCGCGGCCGCTTCATCTTGCGTGGAGTAAATATTGCAACTGGCCCAACGCACTTCGGCACCCAAAGCTTGCAAGGTTTCAATCAACATTGCGGTTTGAATGGTCATATGCAAGGATCCGGCAATACGGGCACCTTTTAAGGGTTGGCTTTCACCATATTGATCACGCAACGCCATCAGGCCGGGCATTTCATTTTCAGAGAGGTCCATTTCCTTGCGGCCATAAGCCGCGAGAGCGATATCTTTGATGATATATTCAGTTTTTGTATCGAGTGTATCCGTCATAGTCCATCCTTCGTCATTTTCGGTTTTTGGGCAGTCATGAGCAGTATCGGCAAATCGGGAGTAGCACCAGGTAATTGGGCCACCTCCCCGGTTTGCAAACCGGCTTCTGTAAAATAAAGTTCAAGTTGTTTGGGTTCGAATCCAAGCCATAAATCGGCGTATTGATCCCGCACCCACTCTTGTTCGTGAGCGATTAAATCTAAAATAAGTAAACGGCCACCGGGACGTAACACCCGGGCGGCTTCTTTGATGGCCGCCGCAGGTTGGGAGGCGTGGTGCAAGGCTTGACTGATAAATACGGCATCCATCTCACCATCTTCAATCGGTAACTTTTCCAACTCACCTTCTTCCGTTTGGACTTTGTCCCCTAGTCCTGCGGCTTCGGCGGTATCCCGCAGCGTCATGAGCATGCGCGGCGATAAATCAACCGCCACTACCAATTCGCAAAAACGAGCCAAAGAAAGGGTTAACGCCCCTTCACCTGCGCCCACATCGGCGACTTTGCATCCCGAAAACCCGATAGCCAAGGCCGCCGCCACGGCGGACCAGCCTCCACCCGGTTCGGTTAAGGATCCATATCGCCCGGCTAAATCATCGAAAAAATCCCTATTTCTGGAAATGCGCTGATTGAGGATCAGGCGAACCGAAGCTTTATCTTCATTTGCACCCGAGATTTGGGCCAAAGACCGATCGATCACTTGATTCAATTCAGGATCCGAGAAAGCGGGACCACGATGATAAAAAACCGAGGTCCCATTGCGTCGGGTTTCCAATAATCCGGTTTCTCTCAGTGGTTTGAGGTGACGACTAACCGTTGATTGGGGTTGCCCCAACACTCTTACCAACTCCGCAACTGATAATTCGGCTTGCGAAACTGCACGTAAAATGCGTAAACGACACTCATCACTGAGTGCTTTGAACAAATTTAGAGTTGAGCTTGCTGTATCCATCTGTATTTCCGGATATACGAATATAGTTGTTCAGCCTGAGAATGCAAATGGAAAAGATCAAGCAACTATAGATTGTGTAATGCGGGGGATTTGTTAGGAAAATCCTCTGTGCCGAGATTGGCAAACAACTTTTGAAGGAAGAAAACATGGCGACAAAGAAAAAAGGATTAGGACGAGGACTCAATGCATTGATGCAACAAGGCACGGGTCCCGCCCCTCAAACACCCCCTCCCTCCAGTAAAAAAGCGACGCCAAAAGCGGCTCCTAAAAAAACAGAGCGCAGCAAATCTGTCGCCAAAAAAGCAACGCCTGCCAAATCAGAAGCTAAATCTGCCCCCAAGCCTGAAGCCAAACTCGATCCCAAGGTCGCCCCAAAATCTGAACCCATACCGGAGTCAACACCAGAGCCTAAAGTGGCCGCTCCCGTTGAAGCAACAGTGAAGGAAGGCATTTCTGAAGTGGCAATCCATTTGATTACCGCCAACCCCTATCAACCCCGCACACGCTTCGAAGAAGAAGGCTTAGAGGAGTTAACCCAATCCATTATTGAAATGGGTGTACTCAGTCCCCTGTTAGTGCGTCAACGTGCCGAAGACGGCATGGGATACCAATTGATCGCAGGGGAACGTCGTTTCAGGGCGGCACAACGTGCGGGTCTGAAAAAAGTGCCGGTGCTGTTACGTACCTTAAGCGACCAGGAAGCACTTGAAATTGCCTTGGTCGAAAACTTACAACGTCGTGACCTGAATATCATTGAAGAAGCCGAAGGATATCACCGTTTAGCCGTAGAATTTAAAATGACCCAGGATGCGATTGCCAAAAGTGTGGGCAAAGGACGGGCAACCGTAGCCAATGCCATGCGATTGTTGGCACTGGCACCTTCCGTACGGGAATTGGTGTCAGATGGACGCCTCAGCAATGGACATGCAAAAGTGCTGTTGGCCTTAGAGCTTCCAGAAGAGCAAATCCTCTTGGCCAAAAACACCCTCAAAGAAAACTGGAGTGTGCGGGAACTGGAGCGTCAGATCAAAAAACGCCTCAATCCTGTAAAACCAAGAAGCTTAACATCGAAAAATGATATTCCGGCAGATCATGTTCAGTTCCTCACAGACAAATTACATGAAAAATTCGGGACCAGTGTTCGCATTGTGCCCAGCAAGAGCTTGCCGAACGGCAAAAAGCAACGGGGTAAATTGGAGATCGATATCTACTCCAATGATGACCTCGATCGGGTCTTGGATCTGCTGGGACTCAGCGACGCGATGTAACAGAGCCCTGCCCCCTCACAGGCTCGCCTTTTTTATCTCACGGATTCCCGTCTCGCGACGCGAATATCTTTAGCGTGACTTCTTATCCAGCTTGATTGCGGCCGCGAAGAGCGCGTCACATTCCTGTTCCAACACGCCTCCAATCAATTCGCACTGAAGATCACCCTTCGCACGGGAGACCACTTCTTTCGCGGGCAAATCAATGTGACGGTAATCCAGTTCGCGAAGCGTTTGGATAGAACTTCCGTAGACCACTCGCGGTATACCCGTCCACAGAATTCCGCTCATACACATGGGACAGGGTTCTGCAGTCACATATAAAATACAATCCTGCCAACGCACATCGCCACCCGCTTTTCGGGTGGCTTCATGAATGACTTCCAACTCACTATGAGCCACCGGATTCCGGTAGGCACGGTTCACGGCGGTGGCGAGCACCTCCCCTTCCCGACTATCCAACAACAAGGCCCCGAAAGGGCGTTGAAGATTTTGACAGGCCGCTTCTATGGCCTGTTTCATATAGGATTCGTGTTCGATTTCGAGGGAGGTTTCCTTGCTCATGTCCCTAATGTATCCTGAAGCACCTCCGATGTCGAAAGTAAAAAGTCAGAGATCAAAATCGGCCACTTTCAGATCATAAATTCCACAGCTTGCCACCCTCCATTCCCCTAGCAGAATGGGGAGTTTCGGGTTGAACCACG
CP120722.1_gap83	3128492	3131979	3487	CTTCCCACAAACGATGCGTTTGTTGCTTCGCACTTTGCTCTGAATTCCCCAATTCCTGTAATTTGATGACATAGCGCTCTACCATCAGCTCCGCCGCATATTTTTCAGCTTTCAACTTTTCAATTTCTTCGGGATCTGCAGGTCCAACACTCTCCGCAAAAGCCGGAATTTCCTGTAAACCTTTCACCCAGAAAAATACGGAAACGAACAATGGTCCCAAAAGGATTGGCGGTAAAATGACCCATCCCCAGCCCATACTTGCCCCCAACAAGATACTCAACAAAAGGGTGGCACAGCCTCCAGTCACACTGATGAACAATGCATGACCTTTTAAAAACTGATCTGGTGAATTTGATGACATCTTGTTTCGTAACTATACAAAATCTATTAAGATTTCGAGGCAGAAGCTTGGAAATTTTGAGAAACCTCTTTTTTAAAATACGGGATATCCACTTTACGCAAGTTAGCTCCTACCCCATCGTGCAGAACGTAGCTGTCGGCCTTTAGGCCACAGACTAGAGAAACCGACCCCATCAACGGTCTGTGGCCTAAAGGCCGACAACTACGCTTCCCCCAAAAAAAGAGCACGTAACCCTTGTTAGCAATTCCAGGAGATTCCAAGCATTCATGGCGGCGCCCTTAAAAACTTGCGTAAAGTGGCTACCCCGTTTAAAAATTATTCGATATATCGGCAAATCCTAAAGCCACGATCATCAGCGGGTGAATTTTCATATCGTCTCAAGGCCGTTTTTAATTCACTGATCCCTGCATCTTGCCACGAAGCGCCTTTGATTACATGATACGTCATATTTACGGCAGACATCGGATCAATCATCACCTTCGAACTCACCATGGGAATGCTATAGCCTTCATGTATCCACTCGGATACATTATCAAAAAGCCCCATGATGTCAAAAGGACCTGGCCCCGCTTGCGTCACTGGCGCAGGCCCCGCAAAAGGATCTTGGTATGTAGTTAAAAAATCTGCCATCTGACGCTTCATCTCTTTCCCTGCTAAATTATATTTCCCCTCCGGAGGAGGCATTTCATTCCCCCAGCCAAATAGATTCCCCCCTTCATCATGTCGGGCCAAGGCCTCCCACTCCGACTCCGTAGGTAATCGGTATCCCGTTCCCGGACGCTCTGCAAATTGCCACTTCCCCTCTGTTTGCACATATGCAGCAGGAAGATCTTCCTGCGCACTTAACCAATTGCAAAATTTCACAGCATCTTCCCAACGAACCCCGACCACCGGCAGTGTGCCAGCGTTCAAATCAACCCCTTTCCACTTCCCACTGTTATGAGTGGGTTGATAGTTTCGAAATTGAGCATTGCTCACTTCGGTTTGAGATATTCTAAATTTCCGCGTCAATCGAACTTTCCGAATAACTTCATTGCTTTGACGGCCTGCTGTTCCCCGCATACTTCCCAAGGTCGCCTCTAGAGGGAAATCAGGTCGGATCATCTTCATACCCAGTGAATTCTCCACCACGACCGGTAGTCCCTCGGGTTCTTCTCCCGGGGATCTCACAGGCGTGGCCGTCGGTACCGGCGTTAACCGCAATGACACCACCCGCTCGTAGGCCTGAGCGGGGGTTACGGTCTTTTCCTGACTCAGATACCCCGCCTTTTCCGCACGAAACGTATGTGGAAGCAAGGGCAAGGTTAACATCCCTGTAGCCGGCAATTCAATGCGCTTTCCATCTAAGAACAACTGACTATCCGCAGGCAGCACTGAAATGTTTACCCGCCCCTGGAGCACCTGAAGTGACACCTGAACCCCTGAGCGTAACTGCGCAGCACTTACCGAAAGCTCTGTCGCTTCGTACCCCGCCAACTGAAATCGAATGCGGTCTCCTTCTGTCAATTCACCAAGCTCTAATGGACTCATCCCCTTCATCTGTCCATTCACCAAAACGGTAGCTCCTGCAGGATCACTTTTGATCTGATAAACCTTGGGCTCCGCGGTGACCGAAACGTGGGGGGGTGAAGGCTGCTCATTTTCCGAGGGAACAACTTGCTCATTATCCACAACCAGCGGATCAACCTTGGAAGTCCCCCCTACCGGTACAGGCTCTCGAAAAAAAACATACACCGCCCCCGACCACAGCAACAAAAGCAAGGCCAGTACCCCACCCCATTTGATAGGCCGCTTGTGAGTGAGCGCTGTACCCGACGAATCCGACAAGGAGACGGGCTGTAAAAACTCATCATGCTGGGGGCGTTTTTCAGACATCAAATACCCTCTCTACAAACCACTTCAACCACCAAGTCTTTTTGACCCGGTTTCACCTCAAACGTGATGCGCACATCCCGATAGCCGAAACGACCTCCTTTTGCCACATAACTTCCTGGTTTCAGTTGAATCGTTTTTTCTTTAAAGGGAGACCAGCGTCCCACTTTTGAAATCGACACTTCGGTTTCAAAATCAGAAAGCAAACGCACCTCAACGGGCGTGAGGACCAACATGCGCAATGCCTCCAAATCATCCGCACGCTTACGCAAGCCCATCGGCCACCCCTCCCGATCTTTAAATTCCTCTATCCACAGACCACTTTGTTCACTGGCCGGATGTGCAAGTCCCCGCGTGATTTTCTCATCGATGATTTTCCAGCGTAAACTTTGTTGCAATCCGTCCTCAACCCAAGGGGCTTCTGGATCCAAGGACTTCATTTGTAACCACGTTTTATGCGCCAAGCTCCAGGCTTCATCCCGCTCATATTTCACAGCTTTGGCTTGTAGCTCCAGAACTTCTTGTTGCAAGAGTTGATCCGAAACCTGCTGTTGTAACTGGACAACCATGGGGTTTTTAGGATCAAATTGAGCAGCACGTTGGAGCAATGCTTCAGCAGCTTCCAGATCCTGTTGTGCCAAGGCCGCCACCGTTTGAGAAATAAGAGATTCCAGTTCTTCCCGATAAATTTCGCTTTCCACTTTCTCTTTTAAGCTGGCCACTCCAGGAAAGGCAGGATCACCCGCGCTGAGCTTATTAAGATCTTGCCATGCAAGTTCCCAAGCAGAGGCTTCCGCATGGGTATTTGCTGTAGTCAACAACGCAAAACTTTGATCCGCAATCTTGGCACGGGGTAACAAAGCTTTCGCCGCAGCATTTTCTGAATCTACATACAGAATAATCGACAACAAGGCCACAGAAGTCTCCGCATCTCCAGCCGCGTACGCCTCCACCGCTTGCGGCATCAGCTTCTCAGGCAATTGGGAAAACTCTTGAGTCAAGGCCTCAAGCTCTGGCAATAAAATATCAGCATAAAGACTCTCGGCCTCCTCAAAGGCGAATGCCAACATGAACTCATTTGCCTGATCCAATCCTGACTCAATCTCCAACCAGGATTCCGCAGCCCAACGCTCAGGATCTGTGGCACGCAGAGGGCCTAACAAAGCAAGCACTTCCGCTTTAGCGGATTCAGCCTTTGCCCGTAGTTCAGGATCTGGCGTCGGGGACGGCAGGGGAACCGCCGTTGGTGTTGGC
CP120722.1_gap84	3147464	3151362	3898	TCCTTGTCAGACCAGGTCTTTAACGCTTCCGCAATCTCCATCAGCACATCCCGACTTTCAATCACACAAGGACCACAAATCAAAAACAATCCATTGTCTCCTCCTACTGAAAAAGGGCCAAGGTCAATCGTTCGCGTATGTTTCACATTCATATTAGGATTCCAACGGTTGGGATAAATAAAGACGGGCTTGTTCTAAATCGGCGGGCGTATCAATTCCCGGTGCAGATTGATCAGCATCGATCACAGCAATCCGGGCGCCATGGGCCAAGGCCCGTAACTGTTCAAGTTTTTCACTCTCTTCCAAGGGATGGGGCGCCAAATGTTCCCAGCCCTCTAAAAAGGATTTCCGATAGGCATAAACACCTAAATGCCTGAAAAACAATCCTTTACCTAGAAATACTGCGGGATCTTCATCACGCACAAAAGGAATCAAGCTACGACTAAAATAGAGTGCACACCCCTGTTCATCCCGCACGACCTTCACTACCGAAGGTTCATGCAACTCTGACGCCAGCAGAATAGGCGTACAGGCCGTGCCAATATCGGGACAATCCTCCGCCTGCATGCGAAAAATCAGTCGGTTAATCAACTCGGGATCCATAAAAGGTTCATCCCCTTGCACATTGACCACTAAATCCACCTCCAACGCTTTCACCGCCTCCACAATGCGGTCCGTGCCACTGGGATGGTCTTTACGCGTCATGCAGGCACGAAAACCCGCATCCTCCACCACCTTTAAAATACGCTCATCATCTGTGGCCACCAAAACCTCGTCCAAGGCCGACGCCTTCAACGCTTGACGAACCGTATGTAAAATAACGGGCGATCCGTTTAAATCAGCCAACATTTTAGCCGGAAATCGACTGCTCTCATAGCGGGCGGGAATCACTGCGAGCGTTTTCATGGTTGATCCTCAAGGGCGGCTAAAATCTCTTCCTGCGTCGTGGTCGCCGTTCCCAATTTACCCACGACTATTCCAGCCGCAACATTTGCAAGTTCAGCCGCTTCTACAAAGCAGGCGCCGGCACTCAACGCCAACATCGTCGTAGCAATCACCGTGTCTCCGGCACCACTCACATCAAATACTTCCCGGGCTCGTGTAGAAAGATGGGTAGATCCACCGTCCTTTTCCCGAATCCACATTCCCTGAGCCCCCAAGGTAATCAATAGATTTTCAGGTTCCCATAACGCACACAGTTTATCCATGGCTTGATGTAAATACGTATCTTCTGTCGGACATAAATCCGGACGACGGTCACGAACACCCGCGACTGTAAAGGCCTCTTTACGATTAGGCGTGGCAAAGGTAATCCCCCTCACATCCAATTCATGATTATCTTTAGGATCAAACCCACTCGGAATTCCTTTGGCACGACTATAAGACAATACTTGAGAAACCACTTCCTGCTGTAAAACCCCTTTGCCGTAATCCTCAAGTACCACCCCATCTACATCGACCAAGGCCCCCGCCAATAATGAAGCAAATGCCGTACTTTTAACGATCTCCGTAATGTCCGTAGACTCCCGATCCACGCGCAACATTTGTTGGCGGTCCGTGACAATCCGCGTCTTCACAATGGTTTCCATCGCCGGATCCCGCAGCACCGATGAAGTCCCCACCCCCGCCTTATCCAAATGCGCCAGTAACTCTTGACCATGCGCACAGGTTCCGACCAACCCACAAAGTTCCGAATGCCCACCCAAGGCCTGTATATTCAGCCCCACATTACAGGCCCCACCCGGCACACTTCGTTCAGAGGTAACATGTAACACCGGCACCGGTGCTTCAGGACTGATCCGCTCCACGTTTCCAGACACATAGCGGTCCAACATTAAATCACCGACCACCAATAGGCGACATCGGTCAAAGTTCTTCATTAATTCACGAGCTCGTTCTGGGCGAAGGGTCATATAAGGTTCCTTTAAAATCTGCGCTTATCTCTACAGGTTACACCCTCACAATCAATCGAGATTATGGAGAAACTGACCCGCTCTCATTTTTTCATCGCTAATGAATTCAAAAACTCAGCACGACGTTCTTTTCCTAATTTTTCAGCCGCAACACTCCCTTGTTGAAGCGTCACCTCATACCATGATTCCGGTGGCGCATTCACCTCCAACATCGCCTCCCAAATCTCTTCATACTTTTCCTGCACGTATAACAAACGCACCAACAACTGCAAATGAAACACATTCGGATCGATATCCATAAGGGCTTGAGCATGCTCCTCCGCTTCAGTCATGTCAGTAGACACAAATGCCAAAGCCAACCACAAATGGGCATGCGCATTGTCAGCATCCATCCCCACCACTTGCTGCAAGCGGGGAATGGCTAAATCCCAACGATTTTGAAAAAATAAATTTAACCCTTTTGCCAAGAGATCATCTGCTGAACCGGGAACCGCCATCCGGTCTAACCTTGCAGCATCAGCACGCGCATCAAAATAATCTTCCTGTAGATAACAGACCTGCATCCGATACAAATATAAATCCCGCTTACGTTCCGTATCATAGAAATCAATATGGGGCTCTATGTCATCCATTCTCGAAACAGGGGTTTCAGCGGCAAACAAAATAAGGTCTTCTTCCAAAGCTTCCCACTCTTCATCTTCATCACGGGACGTATAGCTTTGAATCAGGTCCGCTTGATAAATGATCACCGGTAAGGTGGCCAAAAAACACACCCCCACAGCAAGCGTCCAACGGGCTGCGAATTTAAACGGAAACATGCCCAACACCACTTGAACAACCCGAAAACAACCTAAAATCCACAAACCGGGCAGAAGCCAATTTACAAAAAAATCATGACTAAAGGGGACGGAACCACGCCAATACGCTTCTCCTAAAAGCAACGTACCCACAATCATCGCTAAAATCTGACAAATCCCTAAAGGCAAATACGCATTCACCACCACTTTCAAGGCATAGGTTCGCCCCATATCCCCCAGCAAATGATTCACCACAAAATAGACCGTCCACGAAAGGAACAAATAAAACAAAATCCCCAGCAACATGCCTCCCCCCAACACTTGGGACGCAAAAAACTCATCATACACCGGCGACGGTGGAGGAAGAGGGCTTAACCACCCTCGACTAAAATGAATTGAACCAAAGGCGATAAAGAAATAAAAGAGCAGGGTGATTTGAACCGGCTGATTCAATAAAATGCCCTTGGCATAGCGACTAAACCCAAAAAAGAACCAATACAAGCCCTTCCAAATCCCCGGATTCGGATCCTCCACCATCAAATCTTCTTCTTCATCCTGGGGTTGCAACCGAATTTTGGTCACATCCTCTTCTTCGCTGAGCAACACCCGAATTTCATCTTCCTGATGTTTCAGATGCGCACGTGCCATCGCATTCGGAAGCGAAGAACTCCCCTTTTCTTTCTCAGAACGTTTCCTCGCCGAATCCGAGGGAGTAGACGAGTCCCGAATCAACGAAATCTTTGCCATTTTCTCCGACAAGGCCTGAGTACTATGCGGTGAAGAATCAGACTCTCGTGTTGACGAAACATCCGTATCTACCACAGATTGGCTTTTTCTAACTTTTTCATGATGGGACAAATACCGTTTCGGTTGATTTGTGGCATCTGAATCTGATGATTTTGAACTCATGCAGAAAATATACTAGGAAAATTTAAGCGGACATGGAAGATAATTCATTCCTCAGGATTCCCATATCCACCTCCACCCGGTGTTTCAATTCTTAGACGATCTCCCGGCTTAAACAACCAACTGCCCTTAGACGCCAGCTTTTCTTCTTTCCCCTCCTGAGTTCTGCGAATTTGACAACCCGACTTCCCGGCACCACCTCCCGCAGCCCCTGCAGGAGAAAGCGCACGACGTTCCGTAAGTAACGTCACTTCTGTGTCCACGTTCATTTCCCATTCACGC
CP120722.1_gap85	3153631	3156002	2371	GGCGGACCACCGGCACCATAACATGCAGGTCCCGGCACAGCCGATGCCGAAGCAGGCCCCACCTGTAAAGCGCCACCAGAGTCGACCGACGCAATAGATCCCCCTCCCGCGCCCACCGTGTGCACATCGACCATAGGTACCCCAATCGGAAAGGACTCCAAACAAATTTCAGTCGTAAGTCCTGGTGCGTCTTGGATCAACGCCACATCACTCGACGTTCCCCCCATATCAAAGGTAATCAAATTCAAGGCCTTCACCCGATCCGAAGCCTTCGCAAGCTCTAAAGCACCTTGAAGTCCCGCCGCCGGGCCAGACAACAGGGTTTGAACCGCCAAAGCTCCCGCCCGTTGTGGGGATAAAATCCCGCCATTGGACTGCATAATTTTCAATCCATGCAACTGAAGAGCTTCGGCCTGCGCTTCCAGCAAATCCAAATAGCGAGTCATCTCCGGTTGTACATACGCATTCACCACCGTGGTCGAACAGCGTTCATATTCGCGGAACACTGGTAAAATTTCATGCGACAACGAGACTTGGAATCCAGCGTCTCGAAGAAAACGACCCACCTCTTGTTCATGTTCTGGGCGCAAAAAACTGAACAAAAAGACCACGGCAACCGCGTCCACCTCTAAGTCCCGAAGTTGATCCAGCAAACCCGGTAATGCCTCCACATCCAAGGGCGTCAAAATCGATCCATCCGCCGCCACCCGTTCTTTAATTTCCAACCGACGCGAACGGGGAATCAGCGGAGCTGGTTTTTGTGGACACAACGCATACAAGTCCGGACGGGTTTGTCGCCCCAATTCCAACACATCCCTAAAGCCCTCCGTGGTAATCAACGCACAGCGTGCACCCGTTCTCTCCAACAACGCATTGGTCGCCACCGTACTACTATGAATCAAGCGGGCAGCTTCCCCTTTCGAAACCTCAGAGGCCCCCTCCAACACCGCTCGCTCAAACTGCCCTGGCGTCGATGGCAATTTCCAAGAACGCAGCTCCCCATTCACCAGACCTATCACATCCGTGAAGGTTCCCCCAGTATCTACCCCTATTCTCATTTCCGATTTTTGCATCTGTCCTCTCTAAGCCTTCGTCCATATAGATCAAGGCATTAGCACCCACAGCCCCTTCAGTTTTTTACCGACCGAGGATGGGCGCGATGATACACTTCCTTCATACGTTCAATTGAAACTTGGGTATAAATTTGGGTAGTCGACAAACTACTGTGACCCAATAATTCCTGCACACTTCTTAAGTCAGCACCCGCATCCAACAAATGTGTTGCAAAAGAATGCCGCAAAGCATGCGGATACAAATCCACCGGTAAATTTGCAGTGGCCAACATGATCTTCATCATCCGTTGAATGGATCGATTACTAATACCACTCCCCAACTTATTCAAAAACAACTCTTTCGGTGCCGGGTAAATATTCAGGAAAGATAAAAAGCGTTCACGTCCTTCCAGCGCGTTATACAAGGCATCCACCGCAGGATTCCCTAACGCACAAATCCGCTCTTTCTTTCCTTTCCCTAAAACCCGAATGACGCCCGAAATAAGATCCACCCGATCTTCACGCAACCCCGTCAGTTCACTAATCCGAATCCCACTACTGTACAGCACTTCCAAAATTGCAGTGTCTCGCAACACTTGATAGTCATGAAACACATCCTGTGCACCACTCGCCTCATGCAGGAGACGAGGTGCATCCAATAGCCGACCGATCTCAGCAGGACTTAAGATCTGAGGCAGATTTTTATCTTTTCGGGGCTGCGGCAAACCCGAAAACGGATTCACCTTCACCAAGCCTTCCCTCAACAAATATCTATAAAAACTCCGTAGACTAGAAAGCTTACGTCCTGTGGTAGTAGGCATGGCACCACTTTTCTGCACTTCCACCAAAAATCCTCTGGCCTGAATGCGGGTAACCGTCGGCCAGGCATAGGGAGCGGGTTGATCCGGCCACACAAAAGCAGCAAACTGATAGATATCCCGAAAATAAGCGTCTAAGGTATGCGCAGAGGCATCTTTTTCACCCTGCAAATAAATACCAAAGTTTTCCAAATGGGGATCGGATTTTATTTTTTCCAGAGCATCGCCTTGAGTTCGCGGGTGAGATATTTTGAATCAGACCAATCACGTCCCTCCGGATGCTTCCACAATTCAGCACTGGCCCTCAACACATCCGTTCGGGAAACAACCCCCATTAATTTACCCTCATCCACCACCGGCAAGCGCCGGTAAGATCGATGCATCAAAATACCAGCCACCGTAAATAAATCCGCCTTCATGCCAATCGTTTCTGGATGAGGTACCATATATTCAGCAACCGTTCCCCCGGGCAACGAGCTATACGCGGCCGAGGCAAATATG
CP120722.1_gap86	3157369	3160159	2790	TCAAAAAAGAACAACTCATATTTACCCAAGTGCAAGACCTGCTCTGCCAATGGGAAAGTCGCTGGGAAATCGAAATGCCCGCTCAATTTTTGAGTAACACCCTCCATTACGCTCCTGCAGAAGGTCACCCAAACTTCACCAGCACTCCCGAAAAAAGCTTTTCTTTACCTCCTCAGGGATGGACCATGATCCACAGTATCCTTTTAGACGTTTCGACCCTTACCACTCCTGACCCCCAGGCAATAGAACTATGGTCTCATTCAGAAAAGTAACGTTCACCTTCCTCGGACTGTTCCTGTGCGCCTCGGCTCTTAGTAGCTGTAGCACCCCGGTGGCAACCCAGGATCGCATTAAATCCGTGTCATGGGTCAATGCCCAACCCGTCTCCTTTCAACATATCGAAACCATGTTTTGTGAATCCAAAACACCGGCCATACTCGAGGAATTACCGGCATACAGCGAACAAGCCGTCAGTGTAGATTATCTGCGCTATGAAGATTGCAACGTCAAAACCAAAGCCGTCATTGCAGGCAATCAAATCTCTATGGGCAGCGGCTACATCCCCCCCCCTATTCGCACAAGCAGCCAAGGGGAGTATAATTTGCGCATTCAATTCAGAAACGGTTCAGAAGGACCCACCACGAAATTGACCCTAGAACCTCTCAGCCTTATGCAGGCCCGTTTACAGCCCTCTACAGGAAACTAACCCCTTCTCTCAATCCTCGATTTGCACATCCAGCATCAGCTCTTCGCCAATGCGGGACAAACGCGATTCCAACACGTTCAAATCAATCTGTGCAGGCAACCCGACTTCAAAACCGGCTTTGAACAAAATTTCGCCTGACATCGGTGCATTTTCCAAAGAAGTATCCATCGATTCCACGTTGATATTCAGATCATGTAAAACATCGGTAATTGCCAACACAATGCCCGGTCGGTCTTGGCCTAAACATTCCAGATGCACAGAACGCGTAGACTGGGAGGGATGATTTGCGACCTGACTCCACTGACACTGTAATTGAAAAGACGTCTTGAGCACCTCCAACGAAGACTCAAATGCAGCCTGCTCAGACGCGGGCAACGAAAATTCAATTATCCCAGCGAACTGATCCTGAAGCTGAGCCAAACGACTCTCCAGCCAACTCCCTTGATGTTGCTGAATGAGTTCAGCCAACGATTCAACTATACCAGGACGATCAGGTCCCAACACGGTCATCACCACAATCAAATTCACCGATTCCCCTCACTAGGTTGTGAAGGCATTTCTACCCCACCTTCCACCATGAAGCCCGCTTCTCCATTATCACGAAGACGAATGGGAACCCCGGGAGAGGCCTGATAATAAGTGCGGCCCACCGGAATGCCATCGGCTTGAAATTTACAGAGAACCACCTGCTGCGGAGAGACATAATGAAGAGTCGCCACTTCCCCGACACTATTCATTTTGATGAACGGATCATAAAACTTCAAATAGCGTTCTAAATAATAAGTGGCCAACACCATGGTATTGTTATAGTTCGTGACCCGCATCATGATTTCATCACGGCCATTGCGGTGAATGCTAATCATTTCAAACACCCGGTCATTTTTTCTTCTCTTAACAGAATCTTCAAGCACGCCATTTGAAACATCAAAAAGAAGCGGAGCACCTTGGAAGTTTTCCCCCACCACCTTCACATCCTGCAAACAGCGATAACTCATGGCTTGCGTGACCATAAACAACTGCATTAAATCAAAGGTCCGCACTGAGGTCTCCCCTGGTGGAATGACCCAAGGAATTTCAAAAAATGGTACTTTGGTACGGGGAACAACCCGGTTTTCTAAGGTACGCAACCTTAAGATCAAAAGATCTTCGGTATCTTCTGTCCCCAAGCGTATCACTTCCCCTGAATTGTTGGTAATCTCAACCCGCAATGGAATCCCTTCATATTTCAAATAAGTAGAGGCCCCCAATGAAGTCGAGATTTCAACTTGTGCAAAAGTCAGACTCGTAAAGGTCAATAGTAGCCAGCATACAAAGAGTTTCATATCAATTCCTCAGCGCCCCGTCGCTAAACGCGCCGCAACTTTATTAGGCAGCCCAGCTGCCAAAATCTTTTCTTGAACCTTTGAAATATCATATTCCAAACGACGTAATTCCACCGTGTTGTTCATCATATCAAAAATCGCATAGGCGGCACGCGGATCTCCATCACGTGGTTGCCCCACACTGCCTACATTGATGAAGTATTTCCGGCCCACTTTAATTTTAATTTTAGAATACAGACCCGAACGTACTTCATCCCCTTTCTCAAACGCCACAGGAATATGGGTATGACCATAGAAACAAACCGACGTGGTTTGGTAGTTGAAATTAGACTCCGCGTCATAGCGATCTAATACATAACCCCACTTGTGAGGATTGTCCAAAGTACTGTGCACAATGGTAAAGCTTTCCACCCGGCGCGAATACGGCAAATCATGTAACCATGCTTTTTGCTCATCCGTCAATTGATTGCGCGTCCAATTGATTACTTCCGCCGCCATGGGATGAAAACCAACCAATTTATCGTCTCGCGACCCATAATAATCATGATTCCCCATCACAACCGGAGCCCCCAGCTCTCGAATACGTTCCAGACACTCACTGGGGTTTGCATTGTATCCAATCAAGTCTCCAATACAAACATGATGGGTAACCCCTTGCTCTTCGGCATCGGCCAAAACAGTTTCGAGGGCTTCAAGGTTGGCGTGAATATCACCAAGAATCGCGTATTTCATATGGGTTCTACTTTGTGGGAATTAAGCGGA
CP120722.1_gap87	3348724	3350327	1603	CTCCACGACGTATGCATTCTGTGAATGAACTATCCGGAGACATCGCTTCCAAATAGTCAGGATCAAATACCTTTTCGACCAGACAAGCAAATGTTTCGAGTTCGTGTTCTTTATTCAAATCTGATCCTCACAACGTTTAGATGAGCGGATCGAGGTACGAGATTCGCTCAATATTTTTGTTCTGTTTCACTCTATTGAGACTCCAAGGTCAATATATTGCATACAGTCTTCACAGACAAGAACCATGCACTCTTCTGATGGAGGTGAAGGGTTTTTCGGTTCAAGGTATTTCTTTTTCATCCTCTTCTTGCAGGATGGGCATTGTCGGGAAATAAAAAAATCAAATCGAAAGAGCGCAAAGATCCCTAGCGCCATTATGAACCCCATGAAATATGTTCCGGGTGCACCAACTAAATTTCGAGACTGTAACTCTGATAAAATCAAAAAAATTGCAATTATGCCAATGAACATTGATAACTTCCCGAAAATCAAACGTAAGAAGTAGTATTTGATGCTTCCGGCGAGTTTGTATGATTCAATTTCTTTCATTTCCTATACAGAACGTTTAGATGATCGGACCGCGTACTCGCGGTTCGATCGATGTTATTGTTGTCTATCCTCATCAATTTGTTGAATCATAGCTATAACGATTTTGGCTTCAGCACGTGGTTTAATAAGTTGAATCAAGCAGTAAACAAAAGCAAATAAGTTAACCGTAAAAATCATATATCCCAAGGTAATCGAAATGCTTTCCTGAATTGCAGACAATTTTATAAATTCAGGTGAAGCTCCCGATATTAACTCCATCTCAAGAACTTGCACTATTAAATATTTTGTCCGAACGAGTGCTAAGCATGCCATAACCCCAAAAAACAACATCAATATTGGCCATACAACAAATCGATACCGAAGTTCGCGTTTAAGTTTATGGTGGAGTGCGTCAATTTCGGGGGTTCGTTCCATTATTAAATTCTCCAGACAACGTCTAGGCGCTGCGGACCCGAAGTATGAGGGTTCGCAGGCGTTTTTGGTTGGGATTATATCTTTTCATCGTTTTACCCATTGTTTTACCCAAGATTGCGCCTCACTTTTTGCTGAATTAAGTGAGTCAGTTTCTCCGCCAAATATTGCACAGCCGATATCTTCATGGAACATGGCCCAGGAGTACATGCCTTGATTCGTAGATCGCCCGATTTGGGATGAAACTTTCGAGCCTTCTATATCTCCATAATAGTATTCTGATTTCCCGTCTGTCATTCGCCAGGCGATATTCATTCTTCACTCTCCCAACGTTTAGATGAGCGGACCCGAAGTATGAGGGTTCGCTCGATATTTTTGTTGTGGTGTATCAACTCCTAGAAATGATCTCCAATCGAACCCAATATCTTTTCCAAGATCTTTTAGAAAAATAATCGGATTATCTTCTGCCAACTTTGGATCCAGAAGCAGTTGATCCACTTCCCATGACAGGCTTTCTTTCCTGTTCCCATCATCAATCCATGATTGGATTCTATTGCTAAGATCTTTGAAACTCTCCATCTCGATTTCTTTACCATTATCTCCAGCCAAGTGAAGCGGTGACACATCGAGTATTCGGGCAAGA
CP120722.1_gap88	3352168	3352883	715	CCCTGATAGATCGTAGTCAACCAAGGATAATCTTCAGCCTTCTCTACGGGTAACGATTCACTCCCCCCATGCCCCCCAAAGCGGGTTTGCGTGGTTAAAGAGGTTTGTTTGTAGAGATCATATTGCTTGGGCCAATTCCGTCCCCACACCTCCGGGTCTGTGGTATCTTCGGTCACCTCCACTAAACGAACATAGGGCGTAGCCGCCTCTGATTTGCGTTGCTGAATGTTTACCAACAACGCACTGACCGCAACCGTGCCGGCAATAGTGACAAAATAGATCAACAGGAAAATAAGTCTGGTACGCTGTTGTTTGCTCATGGGTTCTCTCCGCTTAGTTCTGATACTCTTAAAGGTCCGCCCAATGCGGCACGTGGGCCATGCCCTACTCGGGCATGACAATGCACACAGCTCACCGCTTGCAGAGGTTCGTCCTCATGCAGGGTGATCCCATGCACCATGTCATCATGACACTCCACACAATTGGCTTGCAGAATGGCCGCATTTTTTTCCTTAATCATGATGGGCTCATGAAAATCCTGAAACGTAAAACCTTTCGAATGGTGATAGCCATTCTCAATTTTGGCGATGTATTTACCAATAAAGTCGTGCGGTAAATGACAGTCCACACAGGTGGCCACATGATGATGCCCCGATTTCATCCACGAATCGTACTGCGGCTCCATAATATGACAGTTGGCGCAGGCTGCAGGGTC
CP120722.1_gap89	3364184	3369090	4906	AAAGAGGTCGATTGCAACACCACATCGCACGACTGTGTCTCTTCAATCGAAGGGGGCCATGTGGAGGCACAGGTCACATCCACTGCGGGAAAACGATGGCATAACTCCGTCGCCAAAGCCTCGGCACGACTCGTCGTACGATTCGCTAACAAAATTCGAGTCGCCCCATCCGATGCGGCCTGCAAGGCCGCGGCTCGGCCCGCTCCCCCACATCCCAATAACAACACTTTCTGACCTGAAAATCCTTTGCCAAACGCTTCTTCCACCGCATGCCGCAGACCGTAGCCATCGGTACTATGTCCTTCCATCGACCCGTCCGCATGAAACACCACCGTATTCACCGACCCCGATAATTTTGCCGTTTCTGACAGACGCGCGATATTTTGAAACGCCACTTCCTTAAGAGGAATGGTTAAATTGACCCCGCCAAAACCACGCTTTGCAAAAGTAGCTAACGTATCCATTAACTCTTCAGGTGGGGTATCAAATGCCACATAGACAGCATTCAGTCCCATGGCTTGCAGGGTAGGATTGTGCATGGCCGGACTTAAGGAATGCGAAATGGGATGCCCTAACACCCCGAATACTCGGGTAAGCGCTGAAATTGAAAATGGTCTCGAAGTCATGAAGTAACCCGTTTTTATACGTTCGAACGAATATCCAACAGCCCTGCCCCAAGAGCAACCGTAGGTTCTGATGATGCGAAAAGCGGCTGCAAGTTACGGTCTGTGGAGGTCATAGCTCCGTACCTATCCTTCGACCCGAAAGAAATCAACTGCGGAAAGCCCGAAGAACCAAAGAACAGGTCGCTCACCCGCAGCGGTCTCTTAGTTTATCCGACAGCTCATGCCCTTTCTTCGACAGAAAAAAAAACGCGCCTGCACAATTCATGTGACGACGCGTATTTTTGGGAAGTTCGTAATTAGGCGTTCAAAGCGGCATTCTGCATTTTCATCAGCTCTTGATTGCCCTTTTCAGCCAAATCAAGCATCGCGTTCAACTCTTGACGGCTATAGGCGCCTTCTTCGGCGGTACTTTGCACTTCAATGAAGTTCCCACTCGCAGTCATCACCGTATTGGCATCGGTAGAAGCCGCAAAATCTTCTTCGTAACAAAGATCCAACATGGGAACACCTTTCACGATCCCTACTGAAATCGCGGCAATTTGTTCGGTCAACGGATCCTTTTTCAACTTACCTTCTTTCTGCAATTTACGCACCGCCAATACCAACGCCACATAAGCACCGGTAATCGATGCGGTACGGGTGCCACCATCGGCATTGAGCACATCACAGTCAATCGTGATGGTCTTGGGACCTAACTTGAGCAAATCAACAGAGGCACGTAAAGAACGACCGATCAGGCGTTGAATTTCGATACTGCGACCATTGGGATTCGCCCCCGGACGCTTGCAACGTTCCGCAGTTGAATATGGCAACATGCTGTATTCAGCCGTCAACCATCCACCGGGAACTTTCTGATAACGCATCCATCCAGGAATTTTATCTTCAATGCTGACTGCGCAAATAACTTGAGTATTGCCAAAGGAAATCAGGCAGGAGCCTGTCGCCGCAGGGGCAATGTCTTTTTGAATCGTGACCGGACGCAATTGGTCATTTTTCCGTAAATCAGAACGGAGTGCGTCGAAACTATTGGCTTCCATGAAGTGGGCCTTTCGCTAAAAAATGGTGCTCCCGGCGGGGTTCGAACCTGCAACCTTCGGCTTCGGAGGCCGACACTCTATCCAGTTGAGCTACGGGAGCGTAGTAAAATGAAGCGCGTTTCTAACCCGAAAACGGGTTAGAAAGCAATGCTAAAAGCAGGATTATGCGTTCGCAGCTTCGAATTCCTGCATGAATGCAATCAAAGCATCCACACCGGCTTCGGGCATCGCATTATAAATAGAGGCGCGAATGCCACCAACAGAACGATGTCCTTTCAGACCATCCAAGCCTTTTGCGGTCGCTTCTGCGATGAATTTCTTTTCGAGCTCTTCTGTGGGCAAACGATACGTCACATTCATGGTCGAGCGAAATTCTTTCACGGCGGTGCCTGAGTAAAAATCGCTTGCATCAATGGCCGCGTACAATTTGCCGGACTTGCGATCGTTCAAAGCTTCCATGGCTTCCAACCCACCATGTTGTTTCAACCAACGGGTAACCAAGCACAGCAGGTAAATGCCAAAGGTTGGAGGCGTATTGAATAGAGAATCGTTCGCAATATGGGTGCTGTACCGTAACATTTCAGGCACTTTATCCGATACGCGTTCCGCCAAATCTTTACGAATGATCACCAGAGTTACGCCCGCAGGTCCGAGGTTTTTCTGTGCGCCGGCATAGATCATGCCGAAATCTGAGATTTTCAAACGGCGAGAAAGAATGTCAGAAGACATATCACAAACCAACGGCGCGTCTGATTTGGGGAATTCTTTGATCTGCGCACCTGAAATGGTTTCGTTTGAGCAACAATGCAAGTAGGCCGCTCCCGGTGTCAAGTTCAACTCTTCCTGCGTCGCCTGACGGGTAGGAATCTCACTGCCACAATCGGCAGCAATGTTGACCTCTCCCAGGATTTTGGCTTCTTTAATCGCTTTTTTGCTCCATGCGCCGGCATTGATGTAATCCGCAACTTGACCTTCTCCACGCAAATTCATGGGAATTTGTGAAAACTGAGTGGTCGCCCCACCCTGCAGGAACAAAATCGCGTACTCTTCAGGAACCTCTAAAAGTTCACGGAAGTTAGCCAAGGCTTCTTGATGAACCGCATCGTAATACTTGCCTCGATGACTCATTTCCATGATGGACATGCCAGAGCCTTGATAATCAAGCAACTCAGATTGAGCCTCAAGTAAGACGTCGGTGGGTAAGGTTGCGGGTCCTGCACTGAAATTATAGATACGGTTCATAAAAATTCCCTTTGGTTTGGTAATGTAGGGAGTCATAAACGGGATTTGACAGAGATCAATTCAAAATCGGAAAAAGCGAAACCACGGGCCTCAAATTCACCGCGTCTATGGCTGAGCAGCCCGGAGAGCAGCCTTCCTTTCATCAAATCCCCTCAAATCACTTCAAACGAATACTGAAGGGTCCCGCATGATTTTGATCCTGCTGAGAACGCCTCATCTGTAAACGATAGCCTTGAGGTAATAATTTGCCGCCATAAAAATCCAATTGAATCAATCCATTTTGTCTGTCTTCAGGTGCATCGATGCTCAAGGTAGGTTTTCCGGGAAGGATCACCTCACAGGACAAGGCTAAAAAACCTTTGGTGAGCCCTTCTCCATAAGGCATCCGCACGCTTTCATTTCCATAAAAACTTTCGTACTTTATTTCATACCCATCAAAAATGGACAACATATCGGCATAAACCGTCTCCGGCGTCACCTTTTCCCCCACATAAATCATTTTTTTCTTATCGTAGGTAATGAGTGGATCAATGTTGAGGGACACATTTGCATAAACCGGCGCCCGACCTTCGGGAACAGAGCTCACGGTATGACTTAATTGCAAATCAGCACGATTATTCACATCCACCGCAAGCGAAATCACCGCCCCATTGTCCATCAACAGATTCATCACCACTTCTGATCGCTTCACCTCCAGCTCTCCAGCCAAGCCTGTTACCTTGAGGGTTGTTCTTTTTTTCGGGCTCTCCACTTCCGCCGCATTGAGGTCAAGGGTGTAACTGAATGGGCTTTCCGGATTGCCTGGAACAAAATAATCGACCACCAGACAAGAGGCATTCGCATAAAGCGAAAAACGCAAATGGCGATTTTTATGGGTAAATACCGGCTGATATTTCAAAGCTTCCTGATAGGCCTGTTCGGCTTGCGCCTGCGAAGCGGCATCCAGCGCCGCCATCGGAACCGTCACCGTCTTGCCATCTCCCCCCAGCAAACTCACCCCTTGTGGACCCAGTTCCAGAAATTCTCCTTCGAATTCATGTCCGTTCGTACTTTTCCACACCTGAACCTCTGCAGCCACCGCCACTTGCATCAAAAGGAAACATAGCACACAACATATATAGTTCATAAGTGGGACCTGGGCAGGAATGAATAACGTCTCTTCTCAAATTTCAAACCAAAGCTATTTCAATGTGCAATAAAGTGAAAGCATTTTTACCCGTAGAAATAACCGGTTTATGGGGACTTAGCTTGTAGAAAGGCTAATGCCGCCAAAAGTTGTGCATACAGGCCCATTCCCCATGGACCAATCACCCTGTAGGGGATGCGCTGAATATCCAGGTCAGCGGTTTCTTTTTTATTACTGACGGCCACCCCCCGCAACCAACCATCCGCAGAGAGTTGCGTCTTCAAATACGCCCGCGCTTTCAGCGCGCAGTCAAGTGCATCCACGGAAAGCATGCCCTCCTTCACCGCCAGCGCAAGAGCCGCCGCAATCCCCGCCGTGCCCGAACTATCCGGCAACACCCCCTCTTCTCCAATAAAACAGGACCAACTCCCATCCCCTCTTTGACTTTTCTCCGCCCATGTCGCCATTCGTTGTACTTCCAACAGTAGTGACGCCGGACGCTCCACCGCGGGCATTAACGCCAGCGTTCTCACCATGCCCAAGAAATACCAGGTCACACCCCGACTCCAATTTTTAAAAGTCCGCTCATCACTCGAGAAGAAATACCGCAACCAAAGCTCATCCCCTACAACCAAGTATTTTTGCAAAGCATCGAGTTGTTGTAACGCAGGTTGCTGCCATGATTCCCATCCACAAAACCGAACCATCGCCATCATAGGATACGCCACGCTGTAGGCCGTTTCCGCCACCAAAGAATTTCCACACACGGCCTTCACCTCGTCATTCCATTCGGACAACAGGCCTTTCCCCGTAATCGCAATTGCAGGGTGTTGCAATCGGTGCTGAACCAACACCGCGACAGGACCATGATTTTC
CP120722.1_gap90	3370373	3371037	664	CCGCATCCACATGAAACACCTCATCAAAATCATTAAACTCCCACATATCTCCCTTCTGAAGGTAGTTACTCATTTGAAAGGCATGCCCCACATCAACCCCTTTCCATTTCAGGTGCACTCCTTCAATCGCCCGGGGTTTTTGACGGCTATCATTTCGTCTAAACACCTCCGCATTATAAACAAAACGTCCGGCCTCCACCATCAGCTCCTCTCCCGCACCATACCGTATCCATGCTTCATTGAGCAAATTGAATCCGTTATTCCCCAACAGTTCATATTGATTATGCGTATAAATATCCTCGGCATAAATGTAGGTACCACCAGCGTCCCAGCCCTTCCCCAGTTCTCCTGTGGCATGTAATAAAATCCCTAAACTGCTGTCCGCGCCAGATCCTTTGCCTTCATAATCACGATACATGGACAAATTCCTCACCCGCCCGGAAAATTCAATTCCACCCAGCTTCAGGGGCCTATCTTCCGGCTCTTCCCCCTGACAAAGAAGCACAGGAAGACAAAACAGTACAGTTATACGTAAAAAACAAAGGGTGAGCGGAGGTATATTCATTTTATATTCTTAAGTGGATACGTTTTGTCTGATTTGAATCACGACCGCCTTATGTCACTTCCTGGTCTTTGCCAACCTAAATATGAACAGGATTCAAAC
CP120722.1_gap91	3372676	3373769	1093	TAATCACCACGTCCCGACGGTTCAACAGATCATTGGTTGCGGCCAACCTCAAGCGCTCAATTTCTTCATTGATACTCGAATCTTTATCAATGAAGGTATCCGTAGTCGGAATATAAGCTTCCGGCTGATAGTAATCAAAGTAGCTCACAAAATAACTCACGGCATTCTCGGGCAAAAACTGCTTCATCTCCGCATATAACTGAGCCGCCAAGGTTTTATTATGCGAAATGATCAAGGTAGGTCCACCCCAATGCCGAATCAGGTTGGCCATGGTGAACGTTTTACCGCTTCCGGTAACGCCTTCCAACACTTGATATTTCTCGCCGGCATCCAAGCCCGCACACAAAGTTTCAATGGCTTGAGGTTGATCGCCAGCAGGCTTAAAATCCGAGGTTAATTTATACAGAGGTGAAGTCATACCCCCACCATCCCTTGCTCCGTAAAAAAGTCAATCAGTGGGCTGAAGATTCGACCTCGGTTTTGCTCTCGAATACCATTCCATTCCATAGCAAGAGAAGTCTTTCCTTTTTAAGGCAAGCGCCCGAACAACAACACCCCTTCCCGGGCTATCCGTTTCCACAGCGCCTGAAATTCGGGATCATCCATATTGCGCATGTCCATAAAGGTGACCGAAATACCCAAGGCGTAGCGCTCGTCAACCTTTTCCCTCAACCGTTCCAAGCAACGATAAGCCTGCAAGCGTTGCCGCCCCCCTTCGTACAACAAATGAATTTCCAGCTCGCCCTCCTCCGCATCATCTTCACGCGCAAGCTCCCCTGTAACAATGGCCGCTTCCGGCACCGGCTTCACCGCACGACGCACGACCTTCCGTAAATCATCCCAAAACAATTCCTCGGCATCCAAGGCCGGACGCACGGACTTGGTCCATAAAAAACTTTTGGGATTGGGTTCATAATAATAATGAACCGATGTGATCTCCGCCCGCAAGACCCGGCGGGCGGAAAGGGCTTCCAGCGCCAACATGGTGGCCCGGTTGCTCAGACCACTGCGACGCTGAATTTCGCGACCACTTAATTTTTCTTTGGCGCGATGAAGCACCCGTAGCACTTTGATATGACTACTTTTTCCTAGA
CP120722.1_gap92	3382814	3385895	3081	GTGTAATTCCGATGTATTGAATATTTTGTGCTGAATTCAAAACCCGGCTGACAGAACCCGAATCATTATCACTATGAAACGTCATGGTGCCAAAATTTGACACACCATCATATCCACCTTCAGGCGTAAAATCGAAGTCAAGGGTATAGGTCCGGAGCCCGCGACCCTCGACATGATCAATGCTATTCGCGGCGCCGGGGCCTTTAAAATAGTCACTGATCCCATCTGAACTGACGCGCGTAACCGCAGTGGCGACCGCATATTTATTTGTATCGCTGGCAAAATCTTCACCGAGGTCAATAGGCCCTGTAAAATAACCTAAGGAAAGAAAATCAGCGCCTCCGCCCGATATGGGATTCAAGGTCGCAGTGAGTGAAAACTTACCGGTAGCCGTCCCCATACTCGCGTTGATGTAAGTCCCCAAATTCAATCTGGCAGCATCACTATCCGCACCCGTCACCGTGCCATCCGCCTTAAAATCAGTCGAAGCAGCCCAGGTTGCACTCCCACCGGCAGCAGTGATACCACTGTTAAATACAGTCGCATCCTGCCCGTTTATGGTTTCAGAAGCTAAGCCTCCAAAAGCGTGTGACACCAATATTATTTCGCCATACGATATGGAGGAACCTAGCAGGGTACAAAGGATAAACTTTTTCAAAGATAGCGTTGGAAATGTCATAAAAGGCCTTAGTTTTTCGTAAAGCTATGCTTTAGCACAACAGCTGCAACCTAAACCTTACCTTATTTTTATACTAATCACTTTGGAAAGTGAGGGACAGTGGTAAATACGATCTCCCCCGCCTCTCACCTTGATCTCAAAACCGGTCAAATATAATTTGTTCATCTTCACTGATCGGACCTGAACGCGGTTTAGCTTCCGATGTTCCTTTACCAATGGCTACAAACATACTGATCACATGGTCTTCAGGCAATTGAATCAGCTTTCCAACGGCGTCAAAATCAAATCCATCCATGGGACAACTATCGTAACCCAACCCTTTCGCCGCCAGCATAAGCGTCTGTGCAGCCAATCCACAAGACCGCATGGCCTCATCACGTTGCACCACCTCATGTCCACGGTAATACCCATCAATGGCGGGAACCATAAACTCTTGAACCGCTTGCGGCGCGAGATGCCAATATCGTGCAGGATCTTTTTGCCACGCATCCAGGTCCGCACACAACACAATCAACAGTGAAGCGTCTGTCACTTGAGCTTGATCCCATGCCACCGCACGAATTTGTTTACGAAGCTCAGGATCTTTCACCACCAAAAACCGGGGATGCTGAATATTAAATGCCGTAGGCGCATAACGCGCGGCCTGCATCAGCTTCTTAAAATCCTCTACAGGCATTTCATGTGCGGGGTCAAAAGTTTTTATAGCGCGACGGGCTTCAATAGCATCTAAAACATTCATAAATTTTCCTGTGTTTGTTTGAACCTATACTTCGATCGAAAGCATGAATACTTACAAAAAAATTCATTAAAAGACAATCTCTCCTCATCTCGCTCACTGAAAAGGCATAAACATGTAAAGGCACTGAGTAGACATTCTTTCCCCGTTGTTTGTAAGAATCTTTATCCTCACCCGAAAGTTATGGACGAGGCCATGAAGAGCGTTCTTCATTCAGTTGCCCATTTTTGCTGCATATGAAATGCACATAACCCCCTAACCCATTGGGTAAACCATATGAAAATCTTACTTAAAAGCTTCTTAGTTCTGCTGAACTTTCTCTCGGCGCTGATCCTTTTCCGCTTTACAATTTCCAAATTTGCAGCCTAGCCTGAATCCGTAGCCGGATTTGTCGACATGGCCAAACCTTTAGGAATTGACCCCACTTTTTTCAGAATCACCACTGGCTTTATCATCGGCTTCGCCATGATCTCCTTCCTGTGCAATTGCTACATCATTCTAAAGATGAAATATGCGCAAACCGGAATGATACGCCTCTTCACGTTCACGAATGTCTACGCCCTTGGTGCAATGACCGGAGCCTTGCTCGCAGAGTTCTTTTTAAGAACTGACGTCAAGTGGATGCTTGTGTACATTGCACTCGCTGTCATCTTCACCGCCTCACTTAACCTCATAACCTTCGGACGTAAAATTACCGAGACCCTCTTCACGAAAACGGAAGCAGATCTAAAGGCCCCTCAGACCATTGGCGCGGCTCAACATGCCAATCTGAAATAAGGCTCCACAGCCCCTCGACAAGACCAACGGAGCACCCTTGCTACGCATCCGTAGCAGGGGAGTCTTCTGTAGCAGCGGGTTCTTCTGGCGCAGGCGCCTCTTCGTCAGCCAACTGCTTCGATTTCCTCACGTCCGCCTGGTCTTTATCGTGATCCGTCAGCTTAACCGACACCACTTTCGACACCCCTTTATGCTCTTGCGTAATTCCGTAAAGCACATCGGCGGCCGCAATGGTTTTTTGATTATGGGTGATCACAATAAATTGAGATTCTTTCACAAAAGACTGAACCAAACTAACGAAACGGCCGATATTGGCATCATCCAACGCCGCGTCCAATTCGTCCAAAATACAGAACGGACTGGGTTTCACAGTATACAGTGCGAACAACAGGGCCACCGCTGTCATCGTACGCTCTCCCCCTGACAGCAGGGAAATCACCTGAGGCTTTTTACCGGGAGGTTTGGCCACAATATCAATACCTGACTCCAACACATCATCGTCATCCACCAGTTCAAGGAAAGCTTCCCCTCCGCCAAAGAGCTTTTTAAACATCTCTTGAAAGTGAACATTTACCAAATCAAAGGTCTTGTTAAACATTTCCGTGGTCGTGGCGTTGATACTCTCAATGCTTTCGAGCAAAATCTTTTTGGCTTCAACCAAATCTTCCTGTTGCGCCATCAAGAACTGAAAACGATCTTCCTGCTCTTGGTACTCTTCAATCGCAACCATGTTTACCGGCCCCATTTGCTCCAGCTTCTGTTTCATCGCTTCAACCGTGCGCTCTAATTCAGACCAATCGGGTGCACTTCCATCTTCCCATTCAGGCTCTTCCGCTTTTTGAATTTCACCCAGCGAAATATGATAGGCTTCCGTCACACGTTGAATCAG
CP120722.1_gap93	3393438	3397740	4302	ATCAACACCCCAATCCCCATCACATCGAGCATGGTCCCACTGAACTTCATGGACGGAGCCACTAAAGTTTCCATCGCCAAGGTGGCCATATTGATAAAGCGATTGGTAATCAGAGGCGAACTCAACACAGGTACCCGATATTTTTCGGACACCACTTCAATTTCAGGAATGATATTCCGATTTCGAGTCAGAATCACACAAGGTATGTTTTGTTGAAACAAATGCTCCAACCGTAACGCCCTCTCCTGTTGAGGAAGCGACTTTAAATAGGTCATTTCTGCCAAACCAAAGACCTGAATACGTTTGTTGGCAAAATATTGAAAAAAATCAGCCAATGCCAAACCCGGACGATTAATCGCCTCTTCAAGAATCACATTTCCAATGTATTCTTTCCCGGAAATCAACGAAAGTTCGGTCGCCGCTCCGGCTTGTTCGAGGAAATCACCCACCGTGACCCCGTTCACTTTGTTTGCCATATAACTTTCCTTGCTAAAGGACGGAGGATTTCCGCAAAATTTGCGAATATCCTCCCCTTCCTTGCTTTTGCGTGATTCTACTTAGCTTAAGCCGGCTTCCATTTCGCCAAGCCCCACAATATTCTTGTGATCCTGAATTTTATCACGATTTTTGCGCAATTGACGATGCACTTTGTCGACAGCTGCATCAATACTTGCATACATATCGGAGGTCGTTTCAGTTGCTTCGGCATGCACGTGGTTTTTGGCTTTCACCACCACTTCCGCCACATGATTGATCTTCCGTTGCACATCCAAGATAACATGCACATCCTCAACACGTGGGAACTCTGTAAGAGACTCCTCCACACGACTGGTTGCGTGGTCACGTAATGCGCTGCTCATTTCCATATGTCTGCAGGTAACGGTGATGTTCATATTTCATCCTCCGGGGTTTGGGTTGTTACATCGAGAACCGGTCTCCAAGATAGAGTTCCCGGCTCACGGGGTCATTAATGAGAAAGTCCCGGGATCCTTCCCGAAGTACCTTCCCTTCAAAAATGATATAGGAGCGGTCTGTCACCGTAAGCGTTTCCCGAACATTATGATCGGTGATCAAAACACCTAAACCGCGCTCTTTTAATTCTAAAATAATTTCCTGCACATCATGCACCGACTTGGGATCCACCCCACTGAAGGGCTCATCCAATAACAGGACCGCAGGCTCCGTCACCAAGGCGCGGGCAATTTCTAAACGGCGACGCTCTCCTCCACTCAAGGTGAAGGCTTTTTGATTCGCCAATTTGGTAATTTTTAAATCATCTAACAATTTTTTCAACCGTTCCTTCTGCGCTCCACGGCTCAAAGGTAAGGTTTCTAAAATAGCTTTGATATTATCTTCAACCGTCAAACGACGGAAAATAGAGGGTTCCTGCGCCAAATACCCCATCCCTAAACGAGCCCGTTCAAACATCGGCATTTTGGTAATGTCCGTATCATCAAAATACACCGATCCTTCATTGGGCTGAATTAAACCGGTAATCATATAAAAAGAAGTCGTTTTGCCAGCCCCGTTGGCTCCTAACAATCCTACAATCTCATGACGGTTCACGGTGATGTCCACTTCATTCACCACCCGTTTGCCATTGTAAATTTTGACCAATTTTTCAGTGCGAATCACCGGAGTTAAACGAGAACCCTGAACTTCTTCAGACAACAATTCTCTGGATGCGGTATCAACCCCACTCATTTTTTATCCTCAGAAAACATGATTACACGGGTTTTTCCTTCCGTTTCCATCCGATTCTCCAAACGCCAGTAAATCACCTTATCCGCCTGCAGCACAGAACCTTCACGGGAAACCTGAGGGCGATCAGTCAAAACTACTTTTCCATTAGAAATAGTATAAATCGCTTTACCAGAACGACTGTGCAAACCTTCCATTTTTACTTCAACACTCCCCTCAGCTTCAAGTTTATCAATTTCATCTTGAGCCGTCATGGTCACCACCAATTTATCAGCGTTGAGCTGTAAATCAGGATCCGTCACCACAACATTCCCTGTGAAAATAGCTTTTTTCGCTTCATAATCAAAAAAGAGTTTATCACTGGTAATTTCCGTAATCCGGTCTTCGGCGGGAGCGGTTGCAGGTTGCGCATAGAGGCTTAGACCACCGCTGAGCGCTAAGGTACTCAATAAAAGTTTAAAAATAATTCGTTTCATGGGGTAGATTCAGGTTGGGGTCTGACTGGTTTAAATTCAACATTATTAAAAACGACTTTCACATCGCTTTTCAATTCCATTTGGCTGCGCGACGCTTCGAAAACATACCCCACCCCTTCAATATGAAAACCGTCTCCGTCTATATGAATAAGTTTATCAGATTCAGCCGAGTTGGTTTGGGTATTGTAGTCACAGCCAGGGGAAGTAATTCGCATTTTTACAGTTTTCCCATCCTCCTCGAAAAACTCAACCACCAAACCTTGAATCGCCATAGGTTTTCCGATGAACATTTGCGCACTTTCCCCAGTCAAAATTGATTTTAACACGCCGTCTTCATCTACGTCAGGAACTTTAAATCGCCCTACATCAGTCTGCGCATGGAGAAGCCCCGCCGCAACGAAAACCCACCCTAAAATAAAACCCCTACTCCCACGCGAGAGACTGCGGAAAAGAAAACAAATCTGTGCCATAAATCAAATCTAGCACCGCTTTGACACTTTGTCCAAAAGAATTTTCCTGCAAAGAGTGCCTGACCCCGGCGACGCTATGCTATAAGTCACGAATATGATTGAATCACGTGCAGATAGAGAACAACTCGAGGAACAGACCCTTGCCCCCTACGCCGCATTTAGCGGACGCTCAAGAGGTCGTTTCTATCAGGAAAGCAAAGCTTCTCGTCGAGCTGACTTTCAACGGGACTGCGACCGCATCATTAACAGTCGCTGCTTTCGTCGCTTGGAATACAAAACCCAAGTGTTTGTAATTGGCACCCAAGATCATTACCGCACCCGGCTAACCCATACCATGGAAATGACCCAAGTCGCCCGCACCCTTGCGCGCGCCTTGCGTGTAAATGAAGATCTCGCCGCCGCCATTTCCTTGGCTCATGACATTGGTCACAGTCCTTTTGGCCATAGCGGTGAACGCGCACTGGACAAATTGATGGCTGATCATGGTGGATTCGATCACAATTTACAAAGTCTGCGCTGGGTCGAAGAACTCGAAGAAACCTACCCTGAATTTAATGGTCTCAATCTTACCTGGGAAGTGCGCGCCGGCCTTTGTAAACATCTCAGCAAAACTCCCGGCGTGGAATTGGACGGACACCCCTTGGGCCCCTGGCAAATGGTCGAAGGCCAAATCGCAGATGTCGCCGATGACATCTCCTACCACGCCCACGATGCTGAAGACGGATTAGACGCAGGATTAATCACCCTCGATCAACTACGCGAACTCGACATTTGGCGCCTCGCAGAAAAACGGGTGTTTGATACCATTCCCAACTGCGACGAACAACGCCTGCGCTACAGCACCGTCCGCATGATGTTCACCTTGCAAGTGGAAGACGTCCTCACCCAAGCCGCCGAACGTCTCAACGCATGGAACCCCCAACACTTCAAAGACGTCATGGACGCCCCCGACCGCTTAGTGGCCTTCAGCCCTGCATTTACCGACCTGCTTAAGCCCTACCGCAGTTTTCTGTTTGAAAAAATGTACTTTCACCCCGAAGTCGCCAATGCAGGTGACCATGCGGTGCGTCTCATGACCCGTCTGTTTGAGTATTATTTGGCTCATCCAGAGGATCTGGGCGAAAAAGCAAAAAAACGTCTGGAAAGCCAAGGACTTCACCGTACGGTCTGCGACTATGTGGCGGGATGCACCGATCGCTACGCTTTTGAAGAATGCCAAAAATACCAGCTTACGGAACCTCAAGTATGAAAGAACATATCCAAACTCTAATCGAAGGCCGAACTCTCAGCCACAACGACGCCTATGCTGCGCTAACAACCATTATGAGTGGAGAAGCCACTCCCGCACAAATCGCGTCCTTTCTTACCGCACTTCGCCTTCGAGGCGAAACCGCAGAGGTCGTCTCCGGCGCCGCGAAAGCCATGCGGGAAGTCTTCACCCCCGTAACCTCCATTCATCCCGACGCCGTGGATACCTGTGGCACAGGTGGGGACGGATTGGACACCTTTAACATCTCGACCACCGCAGCATTTGTCACCGCCGGTGCTGGTGTTCCCGTGGCCAAACACGGCAACCGCAACGTCTCTAGTCTAAGTGGATCAGCAGATGTGTTAACCGCCCTAGGGGTAAACATTTCCATCACGCCTGACCAAAT
CP120722.1_gap94	3421043	3424331	3288	TCAGCTAAACGCCAACTTTTCATTTTGCTGATGGGACGTGTTTCGAGGATGCGAACAAAATCGCCTTCCTGTGCTTCACAGTTCTCATCGTGAACATAATATTTTTTAGAAAGCTTGATGATTTTTCCGTAGAGCTTGTGAGCCTTACGACGTTCCACTGATACAACAATGGTTTTGTTCATCTTGCTGCTGACCACCGTGCCGGTGCGCGATTTACGTACGTGGTGTACAGATGCATTTTCAGACATTACGCGTCTCCTGTTTTACGGCTGCGTTCATTGAGCACAGTCTGGATGCGGGCAATATCCCGACGCATCTCACGGATGCGGGCTTTGTTTTCCAGTTGGCCCAGTGTCTGCTGCATTTTCAATTTAAAGTAGGATTCACCGGCTTCATTAAAAGCGGAAGCCAGTTCCTCATCGGTCATTTCCCGGTATTCAAGTACTTTTGTCATCGTTTTTCCTTAAGATTAGCTGTGGGAGTTACGTGACACAAAACGACTGCGAACAGGCAATTTGGCGGCGGCCAAACGAAACGCTTCACGCGCCTGGGATTCATTCACCCCTGCCAATTCGAACAACATACGACCGGGCTTAATTTTAGCAACCCAGCGGTCTACGTTACCCTTTCCTTTACCCATCCGAACTTCCAAAGGTTTTTTGGTGTAAGGATAATCAGGGAAAATACGGATCCAGAGTTTTCCGCGACGTTTCAGTTCACGGTTAATCGCAATACGGCAGGATTCAATCTGCACGTTACTGATAATGTGGCGCTCAAGCGACTGCAGGCCGTAGTCTCCGAAAGACAAGGTGTTACCCGATGTGGCTAAACCTTTGCTCTTGCCGCGCTGTTGCTTGCGATACTTTACGCGTTTAGGCATAAGTGGCATTTTGAATATCCTCCGCTTTTTGTTCTTTGGTGCAGACCCAAACTTTAATTCCAATCCGTCCAGCTGTCGTATGCGCCTCAGTGCGACCATAATCGATCTTCGCACGGAGAGTATGCAGTGGCACAGAACCTTGTAAGTATTTTTCACGACGGGACAGCTCAGCACCACCCAAACGACCGCTACACTCAATACGGATACCTTCGGCACCCAGTTCCATGGCCATTTGCACAGCACGTTTCATGGCACGACGGAAAGAAATACGACGCTCCAACTGCTGAGCAATATTCTCTGCCACCAGCTGTGCATTAATGTCGGGATCTTTCACTTCTTTAATTTCAATGAAAATGTCTTTGTCCGTGAGGTTGTTCAACTCTTCACGCAAACGCTCAATGTCAGAACCGCGACGACCAATGACCACACCCGGACGGGCAGTGAAAATGGTTACTCGTGCACGATTGGCATAACGCTCAATTGTGATTTGTGGAACGGCAGCGTCTTTGAGACGTGATTTGATGATTTCACGGATTTTCATGTCCTCACCGACCAGCTTACCAAAATCTTTTTTGGAAGCGAACCAGCGTGAACGCCAATCTTTGTTGACTGGAATTCGTAATGATATTGGATTAACTTTTTGGCCCAAAACCGTTCTCCTGTATAAGGTTTACTTAAATTCTTAGATTATTTTCCGTCGCTGAGGATCACACGAATGTGACTCGTACGTTTCGCAACGGGTTTGAACATTCCGCGAGCTCCATAGAAGCCACGGCGCATGGTCGGCCCCTGCTCAGCAGCGGCACGTTTCACAAACAACGTTTCTACATCTGCACCTTCGTTATGCTCGGCATTCGCCACTGCGGATTTCAATGCTTTTTCAAACAGCGTTGCTGCTTTACGGTCACTGAAATGGGTCAGGTTTAAAGCTTCAGTTATCGGCTTGCCTTGAATGGCACGCGCAATGTCTTTGGCTTTACGGGATGAGATCCGTTGAAATTTTAAAATAGATGTTGTTTCCATAATAGAGTCTCCGGGACTGGGTACATTGATAGGCACATGCCTATTCACACTGCAGAAATTGTTCCGCATCATCCGCTGTTACGACCACCCGGTCCCGTTTCCGGCGCTAGGCAATCTGCGATCAATGATGCAGCGTTAGGTTCATGTCTTTTCAGACGTGAGGGCGGAACATAGTCAACTTTTGCCTGAAAGCGAGACTGAAAAGTGAAAAAGTTTACTTTATCTACTTTTTTCCTCCTCCACCCCCTTTCCTCCTTCAAATTCTCTTATTTATATAGGATTTTCCAGATCTACCCCGCTGATATCACACCCTTAGGTCCTATATAAAAGCCTCTTCTCCGCAGAATCACGCCTTTTTTTGTTTTGTCTTTTTATCGTTTTTCTCCCTTTAACAACGCTCTCGCCTGCGTTTCAATGGATTTGGGTTGAAATCTTGCCCCCACTTCCTCTCCTTTTAAATCAACAATCACTACCCCATACCCTTCTATTTCCTGCTCCATTTTACGGTCCCGCGCCCCCCTCCCGTCCATACGTACTTCTTTTAATTGAAAAGTTTCACTTTCTATCTGTATGGGAATCCCTACATCGGCCGCCATCTTTTGCTCTCCTTTTCCCACCCCACGAAGCTTGCCCTGCATATCTTTAATCAGTACCACCCACGCTACCTTGATATTTCCTGATACCGTGGGGTTCATCCGTCGCAGGTCTATTTGCAATACTTTAACGGCTTCATCCACCCGTATCTCTCCCCGTAAACGCTGCTGCTCCTCTCCTTTTTCTTTTTCAACCGTTTTAAATTTCCCCGTAAGTTCATATCCTGTGGATTGCGCAAATGTAAATAATGGCAGACAAAGCGTTAGTAATAGTATCTTTTTCATGATCTTTTCCTTTTACGTGTTCTCCTTACAAACGTAGCGCTCTGGGGTTTATTGCCTTTCCTTGACAATAATTTCATAAAAAAGGTGGCGAAACCGATTGTTTCATCCTAGAGGATACCCTTTTCCACCTCCTTACCCTGAGAATGATATATGCAAACAATTCCTCCTTGCCCCAAATGTGCTTCTGAATACGCCTATGAAGATGGTGTCTTACTTGCCTGTCCGGACTGCGGTCACGAATGGACGCCAGGCACTGAAGAAACGCAGGAAGATAATGACGGTAAAATCTTCGACGCCAATGGAAATGAACTCCAAAACGGTGACGACGTGGTCTTGGTACAAGGACTGAAAGTAAAAGGTTCAGCGCACGACCTTAAAAAAGGCACCAAAGTTAAAAATATCCGCCTCAACCACGACGGTGATCATAATATCGATTGTCGCATTGGTGAATTTGGCTCGATGCAACTGAAATCTGAATTCGTCAAAAAAGCCTAAGCGCCCTCCCCC
CP120722.1_gap95	3428327	3431478	3151	CCCCCATCCCCGCATGACCTCCACCCGAGAAGAGACCACTTCGTGGGCACTTTCATAGCTATCCTCATGCGGAAAGTTGAGAGGAATTAAGGTAATCTCAACCCCTAAGTCCACCAGCATTTTCAGGATCACTTGCGCCCGTGGGAACCCACTACCTAACTCGGGATGCGGAATCCGGTCATCAATGTACAGCAACCGGGGTCTGGCAGGAGTTGCAAAACGGGCTTTAAGCGCAGGCCCCAAAACGCGTGGAGGAAAATGGGAGCGCAACGCCTCTTGGTGTAGCTCTCTGAAGATTTCACGATTGCGGATTTGCAACTCAATCGCATCCGACTCTTCAGTTGAACTCGCGAATTCAAAATGCTCGATACAAGCCTTGGGTTCATAGAAAGTTGAGTATCCCAACGCGCGAAGCCGCATGCAGTAATCGGTCTCTTCATAATACGCGGGCGCAAAGCGTTCGTCAAAGCCTCCGACCTCTTTAAAAAGCTTGGTGGGAGTGAGCAGAAAAGCACCCGAACAAAAATCAACTTCCCGTCTGAAGTTGTATTCCGGCGCATCTGGGTCAGCGCCACGCCCATATCCCAAACAGGATCCATCGTTCCAAATGATGCTACCCGCCTCCTGCAACAAACCATCCAACAAGTAAATTTTACCACCAACCGCCCCCACCCGCTCCTCTTGTTCAAATACACGGATCCCTGCGGAGATCGCCCCCTCACAAAGTCGGGCATCATTATTTAAAAGCAACAGATACTCACTCTCAATCAAATCTCGGGCCTGATTACAGGCCTTGAGGAAATGAAGATTTTCATTATTGTGTACCACCGTGGCCCCACGAACCTGCTCCAACAGCCGCGAGGTTTTGTCTGTAGAGGCATTGTTAATGAGAATCAGTTCAATGGGCTCACCCGCATGCATGAGCAAAGAACGCAAACACGCAAAAGTCAGCTCTGCCCGATTATAGAGCACCAGCACCACCGCAATTCGCGGTCGATCTGTCGGGGTAAAATCAAGCAGATCACCCTCTTCAAGAAAACGCTCTAATACCTGTTGCTGCTCTTTCACAAACACCGCTTTTCGACCTTCTTCCTGCTTTGCCGATTTCCGTTTTTTTTCAGGGACCTGCACCGCTAAGCCCATCTCTTCTCCCCCAGACAACGCACGTTCCTGTTGTATGCGATGATAGATTTGGGTCATCAAACTACGCAACCCTTCATTGCGCAACAGGCGCCATGCCGCAGGGAACTCATGCACAACCACCGCAACAAGGCGCCCCCCCAACCTCAACCCCCGCCCTCCAGCACGTAAGGGTGCACCCAGACGCCAACTCCAGGAAGTGCGGAGACTTTCCAGATCGGCAGAGACAAATTCTACGCGTTGGCTTTGCTCCTTCAACTGCGTTTGCAAATGCAAAGCCCAAGTCTCCAACTGTCGATAGTGCCCCCGCAAAGCATCTAACTCCGTTTCGCTCTCAGCCAAGCTGACCTCACAGCTCTCCAGGTCTTCCTGACAATCTACTAGTTTTGCCTCACAGGCCACACGGGAGGCCTGCGTATCAGCATGCGTCTGTTCTAAATTTCTGTAAGCCTTTTCCAAGGCCTGCATTTGTGCCTGCAAGTCATCAAAGGCCAAAGCCTCTCCTTCAGCATCGACGACCACCGCCAAACTTCCCGCGGCATAAACCGAAAACGTTTCACGGAAGGCTTCTGAAAAGAGCCCTCCCTTTTTAAAACACAACATTTCACGATAAAGAGATTCCACCGGCATCCCAAACGGTAGCGCAGTGACGTCAAGAGCCTGCGAAGAGTTATGGCGTAAATCTTGTCGAAAAAAAGCATCTAAGGCTGCATCAGGAACATCTTCAGGCCAAGGCAACGCCAACTCGTGAAAAACACGATGCAACTCAGCCTGCCAATCCTCCAAAAGTCGGTCGTAATCGACAACTGAACATTCATTTCCTTCCACGATCTCAGCCACTCGAGCATGATACCCCATCCACATCGCCACGGCCTTGATCATAGGAATACCATTCCGTCTCTCAAGCGACTGCGCCACAGCTGCGGGGTGGCGTATCCCCAAAACAACTTTAACCTGATAGCCCTCCTCTTCCAACACCGCTTTCCAGAGTGGGAATAGCAATAAATTACGGGGATCTTTCCATACAATATAGGGATGCCCATCAAAAATCTCTTGGAATAATGTCCGCATTTCACCGGCACTGCACGACTTCAGCTGACAGAACTCCTCATCCGACAACGGGGCAAAGGTATCCCATTTCCGACCCAGTGTTCTTAGCAATCTGTCATTTAAAAACTGCAAAGGCTCCTGTTCCCAAAACCCCAGAGGATTATCCTCTTTCGCCACAATAAGACTCTCAGGATTTCCACAATCCAGCCCCAATAGATCCAGTGCACCGGCCATTGCGGAAGAACCACTTCTGTGCATCGACAGCACACACACCACTATCTTCTTCATCCCTGTGTTTCCTGAGGCGTTCATACCGGTCCCTCTTTAAAACTTTGACGATAATTACGCCATACCTCATCGGTGTCCCCATCCTGTTTCAACTCCCCATTCTCAATCCAAATCAGACGTGGGCAAAGATCTTTCATCACCTTTTCCGAATGAGAAACCAGAATCGCTGTTTTATCAGAGTAGATTCGCTCCTCCATGCGTTCCTGGGTCATTTTTGCAAAATAGGCATCCCCGACCGACAAAATCTCATCCAACAACATAATATCTGTATCGGTATAATACGCCGTGGCAAAACCCAGTCGTGCACGCATCCCAGTAGAATACGTTCGTAGCGGTTTGTCAATAAAGGCACCCAAACCAGATAAATCCACGATTTGTTTCATCTTGGAAAGCACCTCTTTTCGCCGCATGCCTAACAACATGCCACTCAGTATCGCGTTTTCCTTACCCGTTAAATTCGCCTCAAATCCGGCCTGTAACGAAAGTAAGGTGGAGCGTAAATCCGGACGGAAAGAAATGCTGCCCGTATCGGGAGTGGTAATGCCCGCAAGCAGATTCAGCAAGGTGCTTTTCCCCGCACCATTCCGCCCCACAATCCCCAGCACCTCCCCTTGAGTTACCTCAAAACTAATATCCTTTAGCGCCCAGAATTTTTCTCGGGAAAAAATAAATC
CP120722.1_gap96	3551036	3553456	2420	ACATCCCGTCCGCTGTCATCGAGCCCCATCGGATGATCCTTCACAGGGCGAAACGGATACTGCACCGTTTCCCGAATAAAATCGATACGCCAAAAGTCATCATTCGCATCGGTATACACCAGAGGTTCTACCGGAACCCGCTGCGCTTCCTCAAGTTTAGCATTGGCCTCCTCTTGAATGTCTGGAGGTAACCCACCCCACCACTCCGGACGTTTGGCATCCTCAGGCTGGGTTCGAAACACCGGACTTTCAGATCGTTCTTTGGGATTTTCGCGCAAGGTAATGCGGACAGAACGGGGTGCACGTCGCGCAGGTGTAAACGCGGGCAATGACCATTGAAAGCGACCTGATGCGTCGGCAAAGGTCTGCATCGGAGCCGGCTCATTTTTGAAACGAAGATCGATCGCTTGCTGCACATCCTCGGGCACAGTGGGATCATCTTCCCCAAAAAACCATGGCATGCCCGGACCTTCCCGCATCCCTCCTCTGCTGTTCATCTGCAAAGTAGCCACCCGCGTTTCTTGTCGGCGCTGCACCAACACTTCGTCCGACAACTCAATCCACTCCGGAGGTACCGCGGTATCCGGAGAAAAACGAATGGGCGCCCACAACATCCAATTGCCACTACCGGGAGCAAATGCCTCTGAGTGATCTAACTCATAATAGTTGGGCCGGGTTTGGGTGTCCTGACCCGTGAAGTCCCCCTGCGTCAACTCCTGATTCCATCGGGGAAAATACGTGTGCCCATTAAAACGCAGTACCCAAGGAGTATCGTTGGCAATCCATTCACTGCACAAGCTGGTCAACAATAACAAAAGCAACAGCCAAAAAGATCCGTAAGCACGTTTCATTTGTCTGAAACGCGCTAATTTTTCGCGAGTAGCCGGAGCGAGCAATGCCATCAATCCCCTCCTCCAAAGTCCATTCGGGGATCCACCACCAAATAACAAAAGTCCGTCAGTACCTGACCCAATAATCCCAGAATCGACTGCAAACAAACAATCCCGAGAAACAGAGGGTAATCGCGGCCAATAATCGCATTCAAACTCAACAGCCCTAAACCATGAATATCAAATACCTGTTCAATCAAAACAGACCCCGCAAACATCACCGTCAAAATGGATCCAATCCCGGTGACAATCGGAATCAACGAATTGCGCACGGCATGCCGCCACACTGCACGGTTCATCGTCCCCCCTTTCGCCAAAACGGTACGCACATAATCCTGACTAATTTGATCCAACAACGAATTCTTCATCAACAGGGTCATCACCGCAAAATTGCCCACCACATAACAGGTGACCGGCAGAAACAAATGCCATACCTGATCTTTGACCCGCCCCCACGCGGATAAACTTTCCCAATTGGGCGAACGGAACCCACCAATCGGAAACCAATCCAAAGCCCATTCTGTCGTCCCGCAAAACAACATTTTCAACACCATGCCAAATGCAAATGTCGGAAGGGCATACAGCGTAAATACGATCAGACTGCTCACCAAATCAAAGCGTTTCCCATTTTTTAAGGCTTTGGCAATCCCCAAAGGAATACAGATGATGTAGGTTAAAAACAGACTCGGTATACCAAAACTCAGCGAAATTGGGAAACGTTCCGAGATCAATTCCCAGGTGGTTTTATTGGTGTAATTAAAGGAATACGCTTTCATTCCCACCCGGTCGTGCACCATCCATATCCAGAAACGTTTCAGCAACGGTTTATCCAGATTATATACCGCTTTCAATTCCTCGATTTGCTCTTGGGTCATGGCCTGACTGGCCGCACCCGACGCGCCCCCTTCACTTCCCCCCATACGCATTTTGGCAATTTGTTGCTCCACAGGTCCACCCGGAACCAACTGCGTAAACAGAAAGGTCAGCAGGATAATCCCCGGAAAGGTCACCCCAAACAACAACAGCAGACGCTGCGCAAAATAGCGAAATCTATTCATAGGCAAAAAAATCCTACTGAAGAGGTTCCGCAGGAACCGTCAGAAACCCTTCACTAATATTCACCACTGACGGACGTCCGGGCAATTTACGTCCAGATTTTTTTGCAGCCTCCAGGTCAGCATTCAAATCAGGACTGGTCCACCATAAGGACTGCGCCGCACTTTCACTTCCATAGAGAGTCAACACCTGATCCGGCATATCAAAACGATTCCAGTACAACAATCGAACATAATTGGTGTGCCACAACAAAATATAGGGTTGCTCTGCCACTAAAAGCGCATCGATTTCACGCACAACCTCATGCCGCTTCTCCACATCAAATTCATCGCCAATACTATCGATTAAGGCATCGACCTTTTCATTTTTAAGTCCGGTAATGTTAAAGCCCGAAGGCGCATCTACATATTTACTGTGCCACATGGATTCGGGATCTTTAAACAGCCCGGCCGACCAAGAGGCCCAGGTCATATC
CP120722.1_gap97	3667611	3669739	2128	TCCCACCCCCCCGGGGTTGTAAGGATAAACTTTGGTGAACTTTTTAATGCGTTCAACCACGGGTTTGGGATCTTTTCCCTCTTCCAGAAACGCCCGTGCAAACCAAACCCCATGAATGGTTTTAGAATGTGCAACATTGAACTCACCCTCAGGTAAAGGCCCGTCGTATCCAGGAGGCACAATCAAATACTTCCCACCTTCGCCACGATCAGGACCAGGCAATCCCATATCAATCACCCAACGAAACCATGCGTCTTGAACCGTACCCAGCACCTGCGGCGGAACTTCAATCACCATAGGTCCGCTTGAAAGATTCAAACTACTGATCACATAAATCGTATCCGCATTTGCAGTCAGGAACAGTGACTGGGCATCCATCAATTCAGAGAAAACAATCACTTCGTTGTCTTTAGCCCCCACACTGGCAATCCCTTGCCGAACCGCATGAATACTCACCCCCTGCAAGGTGTCCGAAAAAGCACGAACCGCGTGAGTGAAGTCTAGGTTATCATACACTTTCTCAAGCGTTTCTTTACTGGGCTGACCGTTATGGAAATCGAGAACACCTATGCGGGTTTCTACCAAATCGGGCGTAGTAATCGATGACGGGAATGGCGTTTGGGAAAAGGCAGAACTCGCGACCAATGTGGTCAACAAGCTTCCCACAAGTACTCTGCGGGTGGATCGATTTTGTTTAGTTTTCATAGGTTTTATTTTTGTTGGGATTAAGGATACCTCTGTATCCTTGGATGAAGTTTAAGGGCATTACTGGGTTTTAGAGGGGTTTGTGATTTTGAGTATACAACTGCAAGGCAGTGCCCCATCCCCCCCCCCAAGCCTTTGTCTATATGGGATCGCATGTTCAATACTTTCCCTCTGTTTAAAACAGAGTCTTGGGGGTGTACCCCAGACTTTTATAGGGCCGTACCTTTGTCGCTGAATTCCTTTGGCGTAAAACAGCAACAAGAATTTCCCACTAAAAATCCGGAAATTCTAGTTTAAGGGCATAGTCTTTTTAAAGAGGACTACTTTACGATTTGTGCAACGGGTGGTTTCCATGATCCATCTAACGCAGCCTCTTTCGGCCAGTAAAGTCGCATATAAACAGCGAAAGATCCCTTGGGCGCGGGCAACCAATTGGATTCCAATTCTTTACCAGGCGATTCGTTCTGAACATAAAGGGTAACAGATCCGTCGGCACCCTTCTTAAGTTCCGACAGCATCGGCGAGTTGATCAGATAACGATTGATGGGGTTGGCAACCAACAAACTCTGAGGAAGTTCATACATCGTGAGCGACCAAAAGGCGTGTACAGGAGGAAGCTCCCCTTCCGCAAATCGGATGGTGTAGCGGTTGGTACCCGTCAGGGCATTTCCTTGAGCATCGACCCGAAAAACGGGGTAAATCGCTTCCTGCTTAGAATTGCCATAGATGCCTAATACCGCAGCCGCCATACGATACAGGTAGTTGCCATTTAAATACGCCCGGGTACCAAAAAGTTCACCTGAGGTAATTTTACCTTCATCCACCTGTTTGACCAGACCACCAAACTCAGTCCACGCATCAGCTAATCCCTGTTGCATGGCCTGTTGAATTTCGGGAGAGTATTGGCTCGCATCGAAGGTCTTGCCTGCGCCAATACCGATCTTGGCAAAGCGCTCCATCAGTTCAACTTCAGAAGGAACAGTGGGACAAAATTGCAATACAAAGTTCAACACTTCAAATTGCTTAAGCGAAGTTCTTTCTTCTTCAGGCGTACACGGAACCATGTAGTCAATGGCAGGAGCCGCAACCGGTGCCGCCGTCCCTAAATATTGACTCAAGGTCTCTACCTTATATTGCGCCTGAATCTTTTTTACATTGTCGATATCAGCGGGGTTAAACAGCTGGGTGCGGTAAAAAATGATGTTCATCTCCGTATCGGAACGAATCACTTCTTTAATCCCAGGAGGGGTTTCCCCTTTCCAATGAGGTCCCGCCAAAAGGAATTTACCCGCACCATTCCCCGTGGCGCGACTGCCCGCATACGCAAAGTTGTAGGTATATGCATCGATAAACTGAACCGAATAATAACGGTCTTTTTCAATCTCAGGTACCGTAAGCACCAACGGTTCGGTCCGCAAATCCG
CP120722.1_gap98	3728803	3733637	4834	CGTGCTTTAGATCTCCCGGTTGCGGGCGAATTTTCACTTCACGAAAACCAGGGGCGACAGGGCAAATTCCCAAAACAGATACAGGAAGATGATAAAGGGGGTGGCTCGACCATGCGTGACAATCGGAACGGGTGGGCTCCAGATGCTCAAACCCAGTTTTAGCGCCCAAGGCCAGCATTTCCTGCCAAGGCCACAGTTCCTTCAGGATTTGCCCCCCTTGACCTAACTGGGCCAAGGCATCAAACAAGTGACTACGCAGCATATAACTCGCAGGAGCAAAGGTTTTATCTTCAAGGCTCAAGGCTATCGCATTGCGGCCAATATCCCCATCAATCGTACCCGAAAGAACCGCCCAAATTTGAGCATGCTGACTAAAACAATCCCCTTTAGATGTATCCTGAAAAACTTGTCGATGATGATCCCAAAATTGATCCAACAAAGCGGCTTGTAAATGAGAGGCTTTGGCTAATGCCGCTTGCGCACGTAGCGGAGAACCTAAAATCATTTCTAGATCAGCAAGATTATGTAAACTGTGCACATAAATTAAATTCATAATCACCGAAATCCCGTCAGCAGCTTCGGGCAAACAACCCTTTGGCCATGCCAGCACCCAATCCCCATAAGTCCACCCAGGAAGCTTCGTCAATAAACCCTCTTCATTTTCAAAAAGCTCAAAGGCATCATGCACCGCACGAACCCCCGGTAAAAATCGACGTAACCAAGTGGCATCATCTCTCCAATAAAGGTAATCTCGCACCATCCAGGTCCAACTTAAACTAAACATGGGGATGAGCTGATCCTCTACGCAAGGAAAACGAGAACAGGTCAATCCGGAAAAGCGGTTACGGGAGTCGTCAAACAACTCAATGGCCCGACGAGGCAATCGATCATCCGAACTTAAGGCATAGGTGGTCAAAATTTCGAGTCGGGTATCAAACACATACATCAACTGTTCATAATGAGGGCAATCCATATAGGTTTCATGCATGCACATTTCCAACCCACGGCGACAAATCGATTTGATGGGATCCAATTTTTCGTCCTGATCACAGCTGAACTCTCCGGTAATCGTCAAGGGATAACCCGTTTCCAGTATACGGAAGCGCTCTATCGTTAAATCCTCCTCTGCCGTACGAATCCGCAACAAAATATAACGACCCGCACGCCACCAATGTGACCGCAACACGGAGCTCAACGAGCCATCAGCCCAAAAAGTATCGGAAAGCCCCCGAAAGGTTTTGCCAAGCACTTCATCCCGATGCCCTTTAACCACTCCCCCTTCTTCCTTTTCAAACAAAGCCTCAGTCCAATCCCAAACCAGCTCAGCTCCTCGCCCCCCACTCAAGGTCCATTCAGGAAAACCACAATGATACTCTTCCAGATCGATCAAACAGCTATATTCAGTATGTGCAGGAATCGTAACTGCGGTCTGCGTCGACCATGCCTTTTGCCAGGTTGCAAGATCAGGATGCGTCATATCCTCAGAGTTAAAACGATAAAGCGGATGCTCACCCCCATTGGCAAGAATAAAATGTGGCACCACAGCCCTTACCTTCCCCGGATGTATGGGTTGGCATTTTTGCTCCGGTAACCGAGCAGGACGCAGCATATAAACGCCTTGAGGGGAGCCCCAATGAAAAGCCTCAGACAGAGAATCTAAAATTTTTGCGGGATGAAATATCCGGCGGCTATTCATTTTTTGCGCATCTACATGCACGCCACCTCCGACGCCAAAACTAGCAGGGTACGCCCGCGCCCTTTCCATATGGAGCCCCTCAACTTCAGCGACCTTCCACAACCCAATACCCGTATTCAGTTGAGAAGACATCTCTCCTTCCGAAGCCAAGATAAATCCAGGTCCTCGTGAATCTCTTGCCAGTGGCGCCATCAATCGACCTGCCCCCAACCACCATGCAAAGACCTCCAAACAATGATCGCCTTGAGAGAGCCCCTCTAGTTTGAAACTCGAAAAGGCATAGGCATCCTTAGATGAAGCTTCTGGACCTCTGGCAATGAGATGCCCATCTAAATAGACCTCTGCATAGTGATTGCAAGAAAAATGAAGCAGCACGGCTTCGGGGCCTTCAGCCACAAACCCAGATCTAAAATGCAGAAAAACTGGCCGATTTTCCCCAAACTCAGGATGCCAAATCCAGCTGGCGTCATCCACCGGATATCGTCTGAGAATACCTGCATCATAAGGCCCCAGATCCTTCAGAAAGCGTTTCGTACAGCGAAATGAAGGCGGTGATGAGGTATATGGATGGATCATAGCCAAAAAACAACCCCATCCAAACTGACAAAACAATAGTTAAAGACTGAAAACTGTAGTCAGGCGTCCCAACGCTGTGCTTAGGTCACATTCAGAGTTTTATCGGCTTACTGTATTATTTCCTAACCGACATAGATTTAGATCTATTTTTTACGTCTTCCTGCAACAAATAAGCCTCCTAATCCCAAAAACAACAGTACAACACTGCTAGGCTCGGGGACAGCGAAGAGTTGCACCTCGGATAGCCCCACCTCGTTCGTTCCATGGTTCGAATCCACTTCGATCGCCAAGTATCGCGCCGTAACGCCTCCGAGGGCGACGGTGTTTGCCGCAGGGGCCACGTAGCCATCGGTGCCAGGTGCCTGCTCGAAGGTAACGCCACCTCCTACCTGAGACCAGCCATTGCTACTGAAGTCAAAGTTACCACTTTCGTCGACAGGAATGGTTCCTGCAGTGGTTACCCATATTTTCGCTTCATTGACGCCGCGCCGGAGATATTTAGCCTGACCACTTTCGTTGTAGTTCCACACTCTGATTGAATCGAGATCGTAAGCTGCGGCCATGTCCACCAACACCCACGACTCAGATATATCGACATTCGGATCGGTCAACCACATGTGATCGTTAGGACTGGTGTCATGTTCGTAGTCGCTACCGTTGAAGCTCAGCCCTGCGCCGTTGAAAGCGGAAATCGGTGTGCGATAATCACCGTTGGCCCATGTGGAGGCGCGGGCGGTAAATGAAGAGCTATCAATCAGCTCCGCCGCCTGTGATAAGGTCGATAGCCCAAATGCCACAAACAACACGAGGCACACAGGAAAAGAAAGAAGGGTGGGTTTCATAGAATAAGTCCTTTAGCTAGGGTTCGCACCCCATGATAACAACCTTTCAGGGTATGTGTCAATGCATACCCACCCCCTGTGAGCAGGGGTATAAAAATGGTCAAAAACGGCCGAGTTGAAAATGCCCGTTTCAAGGGGGAAAAGATTGAACCACCCGCTTCGTTGGAGGACACGGAAACCCGTATGTAGGGAAGGAACGCGGCGAGACCCAAAATTCCCAAAAAAAAACTTCGGCATCTCCTTCCGTTTACTTCCAGCGATGGGTTTGTCGGAAATAGACCGGTATGGGTTCGGCAAACCGGGGGAGTTCAAGGGCTCGCCGAACCATGCCGCCATCTGCATGGCCTCCGTGCCCTCCTGCCAAGCGGACGGTAAAAAATAATGGCATCCACGGACTCGGCTTAGGCGAACCCCTTACAACAGTACAGAATTGTAAATTTCCTCCAAATTAAACCTAAAATTACGTCAAAAAAGCTTGAAAGAATCAAAAGGGCCCATTTCCGACACATCCGAAAATTTAAAAAGAGGCCTTTTGCGCGAATCCTGCCTTTTTTTACTTCCAAAAGGAAGACTCAGGGGTATAGGTGTTGGTCGGTTGCTTTCATGTTTGCACCCACCCTTTGCCTATATTTTTTCAGGTGAAGGTCTCTTCCATTTTGAACCTGTACACGAGGATGTATGAGCGACGCCCACGACCAAATTGAACTTCAGGAATGGCAACAATCTCTTAGAGATGTGTTAGCCCTCTCAGGCCCAGATCAGGCTAAGAACATTTTGTTGGCACTCCAAGCCGAAGCCCAAAAAGCGGGCCTCAGCTTTGAGCACCCCCTGAACACTCCTTATATTAACACCATCCCCGCGTCCCAGCAGAACCCCTACCCCGGTAGTCGTGAAGTAGAACGGCGCATCAAGAGTATTGTGCGTTGGAACGCCATGGCCATGGTCACCCGCGCCAACAAACAGTTGGATGGTATCGGGGGACATATCTCCACATACGCTTCTGCAGCAACTCTTTATGAGGTTGGATTTAACCACTTTTGGCATGGCGCTTCCGAGAACCATCCCGGTGATTTGGTGTTTTTCCAAGGACATGCCTCTCCCGGCATTTACGCCCGTGCTTTCGTAGAAGGTCGTCTGTCGGAACAAAAATTAAACAACTTCCGTCGTGAACTCGCTCCTGGTGGCGGCTTAAGTTCTTATCCCCATCCTTGGTTGATGAAGGATTTCTGGAAATTCCCCACCGTATCCATGGGTCTCGGACCTTTGATGGCGATCTATCAAGCCCGTTACATGAAATACTTGGAAAATCGGGGACTGATCCCTAAAACCAACCAGAAAGTATGGTGTTTTATTGGTGACGGTGAGTCCGACGAACCCGAAACCACGGGTTGTATCAGCATCGCCGGTCGCGAAAAGCTCGATAACCTGGTTTTCGTTCTCAATTGTAACCTCCAACGTTTAGATGGACCTGTTCGCGGAAACGGCTCGATCGTTCGCGAAATGGAAGCCCGCTTCCGCTCCGCCAACTGGAACGTCGTGAAATGTCTGTGGGGCTCAGAATGGGATCCCCTGCTTGAGCGCGATCAAACCGGTGCATTGGTTCGCCGTTTTGAAGACACCGTAGATGGACAATTCCAAAAATACTCGGTTTCTGATGGCGCCTATGTTCGCGAAAACTTCTTCAAAGGTGAAGAACTACAAAAATTGGTCTCCAACATGG
CP120722.1_gap99	3779989	3781440	1451	GATCAGCTCTTGAACAAGGCTCGGGAGTGGGGATTTAGCGAACAGGACATGAGAGACAGCGGTCTCTTTGGCGTTCGCGAAAACCCACGAAATGGCGAAGCACTCTACGACCGATTTCGAAACCGCCTCATTTTCCCCATTTTAGATGAGCAAGCACGGGTGATTGGCTTTAGCGGTCGGGTGATCCCCCCTTCCGACGCAAAAGCCAAATACCTCAACTCTCCGGAAACCCTGCTGTTCAAAAAATCCCGGGTGTTATACGGGATTGATAAAGCCCGAAAAGCCATGACCGAAAAACGTCGGGCCGTGCTTTGCGAAGGTCAGCTGGATGTGATCCGTTGTCATGAAAGTAATATTTGCGAAGCGGTAGCCTCCCAAGGCACCGCGATCACGGAAAATCATGCGCAAATTCTTAAACGATACGCCGACGAAGTCATTTTGTTGTTGGATGCAGACACAGCAGGGATCAAAGCCGCCTTGCGCAGTGCAGATGTACTCTTAGCAGAAGGGATTATTACTCGGGTCGCGTCATTGCCTCCTGGAGAAGATCCCGATGATGTGGTTCGTCAATACGGCTCTGCTCGTTTGCGGGATATTGTAAATGCCGCCGATCCATTTGTGGTCTTTCAAGTGCGCACCTTGGTACAACAAGAAGGTGAAATCACCGAAACCAGCCGCTTGCGAGTGGCTCGAAAAGTGATGGAAAGTCTTGCCGGCGTAAAAGAGGCCGTGCATCGGGAAGAAATGCTGCGACAGGCAGCAGGGGCTTTGGGCATGCGCGAAGACACCCTTCGTCAAGACCTCAACACTGCTGTGGCCAAACCTGCGCATACAAATCGTAATAATGCCGCTCCCCGAACTCACACCCCACCACCTCCACGGCCCAAACCGTACATTCCGCCCGCTCCAGCCCAACGGATAGGCATCCCTCCCACCGAACGAACCTTGCTCGAAATGCTGTGGGCCAACCCTCGCCTCATTCCCGAAGCCAAAACTTTCCTTCGCCCTGAACATTTTTCAAGCGAGGCCATCCGTGAAATGTTATCGGCCATGTACGAAGTGCAAAAATATACCAGGGAAGGGATTCTCGACACCTTACGGGAGCACAGCGCGGGCCCTGCACTCATCAAAATAGATCACGACAGCAAACTCCCCTTAAGCGAGGAATTTGGCTCCCCTGAAGATACACTGATGGAAATCACCATGCTGCTGCGACGGAATCATTTGAGCCAACAACGGCAACTTCTCAATCAACAAATCCATCAGGTCAGCGACCCGGAAGTCCTTTCAGATTTAGAAGCCGAAATTTTTAAATATAAGATGCACGAAACCCAACTCAAAAATTATACCGAACTGAAAGAGTGGGATAAGGGTCAAATGTTGCTCAGCATTATCGATCAACAATAAGCAAAATCGCCAAAAAAACTTAATAAATAAACTTGAATCAAATT
CP120722.1_gap100	3782879	3787513	4634	AATTCACCGACCCCACCCTTCCTCCAGATCCTGCGTTAACCTTAAGTGAACTGGCAGGGATGAATCTGGCCGAACTGTGCCGTCGTTACCGTGGAGGCGCGGGTGGAGCCGGCTTAGATCTCGCAGACCTCATCCCTCCCGCAACTGGATCTTTGCCGACCTCCTTCTCGTATGTGCGCATATCCGTCCCCGATGATGGCGATGAGAACACCAACTATCGCATCGAAATTGATGCTGTGACCGTGGTGGCTCCGGCTTCAGCCTACACCCGCTGGACCCAAGAACATTTCAATTGGGTGGAGGCCCCCGAGTTGGAAAATCCCAGCGCAGACCCCGAGGAAGACCTCTTCACCAACTGGCAGGAATTTGCACGCGGTGGCGATCCCTTGGTAACGGACCTCTCTTTATGGACGCCTGAAATCACCCTTTCACAGTCCGTACTGAGCTACACCTTGCCTCAGTCTGCCGAGGAAGCTCCTTGGGAAATTGAAATGACAGCCCTGCTGGGTGAAGAGAGTAACTGGCAAGCTTTGTCTCCTCAACCCACCCCGACAGACCTCTGGTCAGGTGATGACATTGAACGTGAAGTCACCCTTCCGATTCCCAGCGAAGACGCTCCTCAATTTTTCAGACTGCACTTGCAGGATCCAGAATGAAAAAGGCATTTACCCTCATCGAAATGCTGGTGGTGGTCGCCATTCTCTCATTGCTCCTCATGATGACCGTGCCTGTCGTGTCTTCGGTTTTAAAACGCGGGCAAGCCACCCAATGCTTAGCCAACCTGCGTGCCATGGCCCAAGGAGTCAGTGTATACACTGCTGAACATCAAGGCGCCTTCCCTCCCGCATTGGTTCAAACCGCCAGCGGCTCGCAGGCATGGGATTTTTTCATCACCGGATCCGGCGACAGTCAACAAATTGAACCCGGATGGATTTGGCGCGAATATGGTCTCAATCGCATCCTGCAATGTCCGAGTTTCAAAGGCGCAGACAACTGGCAGGGTGAAGCGTATACGGGCTACAATTACAACAGTAGTTTTCTCGGGGGCATGCAAATCGAAGTGCGTGGCCGCCTCATTCGGGATATCCCCAGTAGCAACATTATGAACGTCATGTCCCCTGCAAGCACCGCCCTGTTTGGTGACGGTGAATACGCCAGTGGTGCAAATAAATTTATGCGCTCCCCCTATCCCGGAGACTTAGATGCTGATTTTGCATCGAGAGATGCCGGGACCCAAGGTTTTCGACATCATAATAAAACCCATGTGGCCTTTGTGGATGGACATGTCGAAAGTCGCGCTCCCCTAAGAGAAGGTCTCAGCACTGGATTTTTGTCAGAAGACAACGATCTGTACGATCTGGATTAATTCCCACGCCTTGTTGATTACAGAAATCAAACAGATTTATAAGTGCGTGACCCACATGCATTTGCTATGGTGCACTCCTGTTCGTCAAAAATCAAAAGGAGTGGAACATGTTAGTTGTAGGAATATTTTTAGGCTTTGCGATCTACGCAGCCTTCCGGATATTCATATCCGGTTTTTATACGGTAAAACCCGCAGAACGCGCGGTCATCACCAGCTTTGGTCGCGCTGTGCGTATGGGCAATTCGGTGGTAAGTGCTTCCGATGCCCATATGTCTGAGGAAGAAAAAGAACGATATCGTTACCCTGTTTTAAAGGTGGTTTCTCCTGGAGGACCTTACTTTAAATGGCCCTGGCAACGAGTTCATAAAGTGAGCGTGGCTACGCAAACAGTCGATATCACTTGGGATCCAAGCAAAGCACAAAATACCATTGAAGCGGTGACCAAGGATAACTTAACTACCGGGGTCAACGGACAACTCCGCTACCGCATCAGCGAAAACAACCTCTACCCTTTCCTTTTCGGTGTCACCAGCCCTCTCGAACATGTGATGGGATTTTTTGTTTCCGTCTTACGTGAACGTATCGCCAATTTTGAAGATCCTAAAGGTGCAGAATTACTCGCCGCAGCAGGTGACGATGAAGAAGCGGGTGAAGGCACCACCGTCGAACTGTCTGAAGGTGTGTCCATCAATGACCTGCGCAAAAATCTTCCACTCCTGAACCAATATATGGAACAGCAGTGCGAAGGAACGGTCATGCGCTATGGCATCGAATTGGATGCCGCCTTGATCACAGAAATCGATCCGCCCCCGGAAGTGGATCGCGCCCTGTCTGCGATTAACAGTACCCGCAACCAAGTCGCTGCGGATATCAGTACTGCCCGGGCCGATGCCGAACAGCAGATTACCATGAGTAATCGCGCCGTAGACATCTCCACCAATAACGCAGAAGCAGAAGTAGCTCCTTTGAAGGAGTTGGCCACCACCCTGACCCAGGTCAAATCCGAGGGCGGTTCCTCCGCACTCAAGGCCTACCTGCGAAATATGCGTCTGCCCTTGCTGGAACGCACCCGCCGCATCATTGAAACCCCCACAAAAGGAGCTTCACTATGACCCTTATCCCTGGAATTGTCATCGGATTATTTTTAGTCCCGATCATCATGCAACTCGCCAAAACCTTTGGTCTGTTTGCGATTGTCCAAGAGTCGGAAGCCCAAGTGTTTGTGCTCTTCGGAAAAGTAAAAGGTACCCTGGATGAACCCGGCCTCCGCTGGCCCATCAAACAATTCGGTCCCAGCGCCTTGTTGATTCCTTTCTTCGGAAAGATCTACAAAGTAAACACGGCCATGCGCCAACACTACTTACGTAGCCAAATGGTTAACTCAGAAGAAGGAACCCCCATGGGCGTGGGTATTTGGTATGAAATGCAGGTAAATGACCCCGTGTCCTACCTCTTCACCAATACCAATCCCGACGGATCTCTACAGGCGAACGTCGCCAGCTCGACCATTTCTGTGCTCAGTAATCTGGAAATGGAAAAGATGCTCGAAGACCGCCATACCCTCAGTCGCACGGTACGCAAAAGTGTATCGCCGCTATCAGAGAAATGGGGATACCGTCTCGGGTCGGTCTACATTCGGAAAGTGGCCTTCACCGATTCACAGATGGTGGATAACATCACCGACAAAGTCGTGAAACGTTTGGTACAGGTCACTTCAGCTATGAAACAGGATGGCGAAAATCGGGTGGGATTGATCCAATCCGAAACCGCCAAAAAAGTTTCACAAAAAATGGCGGAAGCCGGGGCCGCCCGTCCTCGGATTGTGGGAAGTTCCCTCAACCAAATCGCCCAAAAAGATGCCGAAGTCATGCAAGCGGTCCTCGAAGTAATGGAAACCGAAAGACTCCTGAAATCAAAAGCAGAAGTGGATCTGGTGCCGGAAGGCATCTCCATCATGGCAACCTTGGGAGAATCTGCGCAAACCCGCAACTCCGGAGCCCCCCCTCCGTTGTCGGTCTAATCCCAAACTAAAAACACCCGACCTCAAAAAGGTCGGGTGTTTTTTTGCCTACAGGGTTTCTCGAAACCAGGCAATCCTGCAGAGGGTTTCATTTTATCTGAGGCTTCAAGAGCCGTCGGCTTGACAAAGCCGCGGCCACCGCGCGGAAAAGCCTCACAAAGAACGAATCTACCCGAAAGCGAAGCTCCTCTGCCTTCCTCATGTAGATCAACGGAAGAGCCATGGAAACAAAGGGTGGCGCGACTCTCTTTAGACGCTTGCCATGCGTTCACTCCACGGAGAGTAAACTCACGTTGTCTAAACCGCTTTTCTTCAGCAAATTTAATAGCGAAACCAGTTCATGGTGCGCACTGTCACCTGTGGTCGTCACCACCATCATTTGCTCGGGATTAAGATCAGCGATTCGTTGAAAGTACATCTCCACTTGCGCCAAGGAGATCACTTGCTCGTTAAAGGTATAAAACCCTGGATGGACACCAAAGCGGGAGATGGGTTCTTCGGAGGAGCCACCACAACCAGGTCGCCACACGGACATCTGCGATAAACGGTCGGGCACTTCAAAGGTGAGCACGAAATAAATGAGCAGTTGAAAAACCACGTCAATCATCGGCGTCATCGCGATCGTTTCTCCGGTCTGTTTCCGGGAACGTCTTCTTTGGATACGGGCAGTTGCATTCATATAGGTCCTCCTGAATTTCAGAGAACCTACCCCTACCCTCGGGCAAAAGTTTAGACTTTAATTTGAAGAAAGCAAACTGACGCTGGTCAGACCCGCTTTACTGAGCAAGTTCAACACCACGACCAATTTCTCATGCCGACTTTCAGCCGTGGCCACCACAATCATATTCTGAGAGGGGTTTAAATCCGCCAGGCGATTAAATGTACGTTCCAAGGTCTCCACACTCACCCGAGTATCATTCAAGGCATAGTAGTCCTCATACACCGTAATTCGCATGAGCTCTACAGGCTCGGATGTACTCGCCGCACTTTCACCCGCAGGACGCCATACTTGCATTTGAGACATCTTGTCTGGGATTTCGAAGGTCAGTACGAAATAAATCAGCATCTGAAAGACCACGTCAATCATGGGCGTCATCGGTACGTCTTCAATTTGACGCTTGGTGCTGCGAACCCTTCTTGTATTTTTCCGTTTACTCACTGCGCATGCCCTTAGTTAGATTTTTCGATCAGCCCGACAATGTTGATTTTATAAAGCCCCTCGGAGGAACAAATGTCCATCACCCGTTT
CP120722.1_gap101	3793654	3797035	3381	TCGCATTGGGAATATAATTACAGGTCTTGATCGTCGCCAATCCTCCCGACTTCGGGGGCACCGCACTTAACACCGCTCTCGCACCTTCCGGATGCGTTGTCATAAACGGAGGCGGCGCCTCATAAACCATCACATACAAAGAGGATTGAACGCTTTCAGCAGGATCTACCGAAAACCCTCCCGTCCCCCGCCCTAACAACACCCGCGCCAAAGAACGGGACTTCCCGGCTTGGGCGAAACAATCCTCAATCACTTGGATCACTTGAGCCTCCCCAAAGGGTAAAGACAATCCGATGGCCGAAGCCGACCGAATCAAACGCTCTAAATGCGCAGATAAATTGTACACCCCTCCCCCTTCAAATAATAAAGTTTCGAACACACCATCCCCCCGATGAACCAAATGATCTTCTATCGGCAGGAACATTCCACGCGGATCGGTGACCATTGCACCCCTTAAACTGCTGTACATCACCAAAGATTTGGGCCCACAACCCTCTTTTCCTTCAGAAAGTGAAGATAAAATTTCATCCATTGACCAACAGGGTGTTTTCATAAAAAGCTCGTGTTTATAGGGGTAAAACCCACATCAAAATGCAGGAAAACCCAGCATGCAGAAATTCCGTTGAATAAAAAAGCAAAAAAAGGCATTGACGCTAAGAGAATCTAGTGTATGAAAGCGCTTCCTTCTTACAGACGCCCCCATCGTCTAGAGGCCTAGGACACCGGGTTTTCATCTCGGCAACAGGGGTTCGAATCCCCTTGGGGGTGCCATTTAGTTGAAATGCAATCGTTTCACTAAATGGCACAGCCGGAATTCCGGCGGCGCAAAAATGAAGTTGAAACCCCGCTCCACACGAGCAGTGAGATTCTCCTAAAATCCTCCCTTCTCCTTCACGTTTTCTTTGTGCCTTTTTCTCTGAAAAATTGAGCACCCCTTCACCTGCACGGCATTACGCAATACTTTTAAAGCCTGCCCCCTGCACAGCAAGCTCCCTCATGCGCAGCAGACCAAGCTACCGCAACGGCACCTACCCACCAGCAGGCCGCAAACACCCTTCACGACGTCACTGCGGCTTAAAAGAGAAATGGAAGCTATAGGCCCCTACAAAAGCCCTGACGGGGCTCTATGCCCCTCTATCCGAATACCCCAAAAATTGAAACTCAACGCTTCTTGACGGAAGCTTTGTTTTCTTTGGCCACGCGTACCTGATCCTTGAATTTTTCCTGAGAGGGAAAATGACGCAAGCCTGTACCGATAAGCCCGAGGTACGGGAAAATAAATACAATCAATTTACTGTACTGCTCTTTAGCAGCACCAGGAGCAAAGATCATTAATCCCACCAACCCAAATAAGGCAGGTCCTTCACTGAGCGCGAGGCGTAGAATCGTAAGGGTTTGATAAGCGGCCCAAGGATGATCACCCGCAAATCGCCTTGAAAAAAGTTGTTCAAACTGACGCTTCAACATCAAACTCACTCCCCAAGTCGCCCCCACCATCACCGCAAAGGGTAAAAATGATTCAGGACGATTTTCTATCACAAACGTGGATGTAAAAACCAAATACAAGGCCACCAGCAAAAAACTTGTCGCTCCACCCATCAACGCAAGGGTGATCATCTTCAACGTTTGAAGCTTCTGTGCGTCGGAAGAATCGGATTGAGGCAGGGTCATCGCTTAAGCCCGGTTAAGTTGATAGGCCACGGTTTCAGCCACCCCTTCTTCCAGGGAGGTAAAGGGCTGCTTGTAGCCTGCCGCATTCAGCTTGCTCATTTCGGCCTGAGTGTAATACTGATATTTAGGTTGCAGATAATCAGGCATATCAATGAACGAAATATCAGGCTCCTTCTTCAGCGCACTGTAAACGGCCCGCGTAAGGTCCAACCAACTCCGCGCTTGTCCCGTGCCACAGTTATACAGTCCGCCGGGTTTCTGCGCATCAGCCAACCATAACGTAACATTGACCGCATCTTTGACATAAACGAAATCACGTAACTGCATGCCGTCTTCATAGTCAGGGCGATGACTGCGAAAGAGTTTCACTCCCCCGCCCTCTTGAATCTGTTCAAAAGATTTGTACACCACAGAACGCATGTCCCCTTTATGATCTTCATAGGGTCCATAGACATTAAAATATTTCAAACCGGCAATGCGATCGAACAGATTATTTTTCAAGGCCCACAAATCAAACATGTGCTTGGAGTACCCATACATGTTCAGAGGAGACAAGCCCGGGGTGTGTTCATCAGCATCCGAATATCCTTCATCACCATTGCCGTAAGTGGCGGCGCTGGAGGCATACACAAATCGCACATTTTGCGCTAAACACCATTCACAGAGATCACGGGTGGTGCGATAATTATTATCGAGCAAATAGTCGGCATCTGTTTCAGTGGTGGCACTACAGGCCCCCAAGTGAATCAATGCTTTAATGCCATCACCTGAAACGCCATTTAATACCGCTTCCCTAAACGTTTCGGGATCCCAAATATCTTCATACTCAAGACCTACCAAATTTTTCCATTTTTCGGAAGTCCCCAATTCGTCAACCAACAACAAATCTGTTTCGCCACGGGCATTGAGTTCAGCAACCAAGTTGCGTCCAATAAATCCTGCGGCACCCGTGATAATATAGCTAAACGTATTCATATCAAAATCGATACCGTACTCGATACCGTACTCCTATCGAAAATTAAAAAATAAATTTATCCTTCACGGCGCCGACCACAGTGCCATGGACACATCCCCACAGATCGCTTAGGCGATCCGCCGATGATCCAACTCTTCCACCACGCCCGCAAGGCGACTTTGGACCATGGGTTTGGTAATGCGGTAAGCGTCCTTTTCGCCTTTTTGTGCAGGAGTATCATACATGATGTCCAGCATCACACGTTCGAGAATAGCCCGCAGTCCACGAGCTCCCGTACCACGTTTGTACGCCACCCGAGCAATTTCGGCCAAAGCCGTATCGGTAAAGCTCAAGTCAACCCCATCCATGGACAACAACTTGGCATATTGTTTCACCATAGCATTACGAGGCTGGGTTAAAATATGAATCAGGTCTTTTTCAGACAATTCATTGAGTACCGCAACCACAGGTAAACGACCTACAAATTCAGGGATTAATCCAAACTTCACCAAATCGTGGGGATCCACAACCGTGTCACTGGTCAGACCCTCATGGTCCACAACGGTAGTACCGTAGCCCATCACCCCTTTACCGCGGCGACGTTTCACTACCTCATCCAATCCGTTGAACGCACCACCACAAATAAACAGAATCTTTTCGGTATTCACCTTCAAGTATTCTTGCTGCGGATGCTTACGTCCACCCTGCGGTGGCACATTGGCAATGGTACCTTCCAAAATTTTCAACAGGGCCTG
CP120722.1_gap102	3798851	3801816	2965	CGGGCACGAATGCCTTTCACTTCTACGTCGAATGCCGCTTCTTTCCCGCGAAGGCTTTCCAAGACGAATTGATCATCGAAGGTGATTTTGATGGTTTCTTTGTCACCAATGGACAACCCAGCCAAGCCTAAGCCCAATTCGGGGATGAACGCTTCGTCACTGGCTTGCAACCAGAAATCTTTACCTTCACCCAAGCCTTTGGCTTCGGGCTCCACTTCTTCAAGCGGTTGACCATCGATAGTACTGACGAAATCGATCTGCGCCATGTCACCACGAGCAGTGGCACGATCTGTGACATCTTCGAAATCAGCGCGTTGCTCACGAAGCGCATTCATACGCTCGTCTACTTCGCTGTCCTTGATTTCTTCACGATCACGAGTCAATTTCAAGCCTTTGTACTCGGGGATGCTGATTTCAGGACGAACATCAACCGTCACGCTATAAACCAGAGGCTCACCTTCAACGACGTCAATTTCTTCATCCATCTCGATGATGTTCAATACGTTGAGTTTATGCTCTTGCAGGGCTTCATGATAGCTTTTAGGAAGCAAATGATCACGTAAACGGCCAAGAATTTCTTTCTTGTAACGTGATTTCACCATCTGTTTCGGTGCTTTACCGGGACGGAAACCAGGGATAGAAACATTCTGAGCATACATGTTGACAGCATCATCCATTTCACTGGTAATGGTCTCTACAGGTACTTCAATATTCAGTTTACGACGGCAAGGGGAAATTTCTTCAAGTTCGATTTTCATCAAGATTCTCAGGGTTTGAATGGAAAAATGGGAACGCTTCCAGTACGGCACCCCCCTTAAAACGTCAACTGGATACTCTAGATTTATCTAGGAGTATTTTTTCACCTTCCTCCGTTTCACCCTCAAATTCGCCCGTAAACCGCCTTATTTTGATAAAGCACCCTCTCCCTGCTCGACCAGGACCTTCATCGTTTTTTCGGCGGTTGAGGCCCACGAAAACCCTTCGATCCAAGCCGCGACCTCAGGATTTCCTCCCCACGATTCACGACTAGCCAACACGGCTAAAATTACTTTTGCCAAGTCTTCATCTGAGCGCTCATCGTAATAATGCACCCATGCCCCCCCCACTTCGGGTAGCGATCCGCAGCGCGTTGTTACCACAGGAGTTCCCGCAATCAATGCTTCCAGCACGGGCAAACCAAAGCCTTCGTACAAACTGGGAAAAACAAAAAGATCAGCCTGCTGATAGGCCGCAACCAATTCCTGCCGGGAAAGCCCTTGCTTGCGAATGACCCGGGTGGGGTCCTGAATCTTAGCCATCGCCGCTTCCAAAGCCGGCTCACCCAGACGAGGCTTTCCGATCAGCACCAATGCATGTGGAATTTGTGCTTCAATCAAAGCAAACGCACGGATCAACTGGTCTACATTTTTATGCGGATAGGAATTGGCCACACAAAGCAGAATGGGTTCACGCTTCATCTCTCCTTGAGGCGCAAATCCAGGATTTGCCGCCAATAAGGTCACTGAAATTTTAGAGGCGTCTGTGGAGGTATATTTTAAAATTTCTGACTTCGAAAATTCGGAAATGGTCAACAGGTGCTTTGCCCGACGACACCCCATTTGTACAAGCAGCTCCGTCGTCCACCGGGCCACCCTACTAAGATCATGCGGAAAACTCTTATATTGCATATCCAAAATACTGAGCACTTGCGGACAGGCAGAGAAAAAGGGCGAGGTATATCCCGGGGACCATAACACCTCCACGCCAGCGCGCTTCACTTTCCTCGGCAGTTCGAGTTGCTCGCGAAGAATGCGTGTCACCCGATTGCTGGCGGCAAAATCACAAAAAACACAACTCCAGCCCTCCCCTGCAAATTCATCTTCGAGTTTCTGATGATTTTCCCGTTGAGTAAATAACACCATGGAATGATCCTTCATAGTGGACTTCCAGTGCCGAAGGATCTCCAGTAAATAGGTTTCACTTCCCCCCACTTCGCCGGGGATATAAAAGAGGGTATTCATGCCAATTTTCATGTGCGATGCTTCCTCGTCATCAAAGTGTACATGCCCACAATGCCCCATTTTACAAAGAAATGAATCAAAGTTTGGATACGCCATGGCCCCGTATCTTCACGGGCACAATCAAATTCTTCTTGAAATTGTCGACGAAAATGCTGTCCGCTAATCGATCCCGGATGCCAACAGAATTGGGCCAGAGCAGGTTTTGAAATGCGAATACCTTTCCCCTGCCTCCACAATCTCAGAAAAAATTCATAGTCCCAAGCCGCTTTAAGGTCCAAACGGAGAGGCCCCGCCACATCGATAGCCGATTTGCGATAGAAACTCGCGGGTTGTGAAAGATAGTTGATGCACTGAAAGGTGAAGCGACAGGAAAACGGATAAAAGCATTCCTTAAACCGGGTAATTCCCGAACGAATCTCATCGCCCGCTTCATTCACGATGGGACAATGACCAAAGACAAAAACCGCTTCAGGATGAGCCTCAAAAGCCTCCCCGACCCGTTTCAAGCAGTTCGGAAGATAACAATCATCGGCATTTAACCATGCCACCACCTCGCCTGTGGCCAACGCGAATCCCTTATTGATGGCATCAGCAGGTCCTTGATCAGGTTCTGAAATCAACACATCAATCTGATCTCCAAACCCTTGCAGTATTTCCACGGTACCGTCTCGACTCCCTCCGTCGACTACGATCAACTCTAACTCAGCCCCCTGCTGACGTTGGTCCAGAATACTTTGAATCCCCTCTTCGATAAAGGAAGCCGCATTGTAACAAGGAGTGATGATAGAAATTTTCATAGCAAGTAAAAGTCCCCTATCCTATATCCGGCATGGGATCGACACTGATTCCACATCAATTCCAGCGTGTGCTTTCAGGGTTGCGAAGCCATAGCATAGCGTGATAAGAACAGGATCATGTCTCAACACTATCACATTGGCGTATTTCCCGGCGACGGACAAGGTCCT
CP120722.1_gap103	3803137	3805695	2558	CATGATTTCCAGAGGAAACTGTTGACCAGGGGTATTTACATTCATGCCAATCCCCAACATGGCATATTGGATGCCTTCCATGTCCACACTCATTTCGCAAAGCACTCCACACAATTTTCGCCCGCGGATAAGGACATCATTTGGCCATTTAATGCTGACGTCCTCAACCCCGCACTTAGACAATGCCCGAAAAATAGAAGTCGCAGCCATCAACGGAATCAGGGTTGCATCCTGAGGACGCAGGGGCGGACGGAGTAAAAGCGAAAACTGGAGGCTATCGCCCGCGCGACCAAACCAGGAACGCCCGCGACGTCCACGCCCCTGTTCCTGGACTTCAGCAAACACGATGCACCCTTCAGGTGCACCCTCCACCGCCAATTTACGGATATCATTATTCGTCGAATCCGTTACCTCTTTATAAACATAAGGAGCTTTTTCAAAGCGCGTACCTTCAAGAAAGGGAAGGATAAGTTCCCCATTTAAGGCATCAGGTTCACGGAGAAGACGATACCCCTTCCGCGGGCTGGATTCGATTTCATATCCCAGAGACTGTAGGGCTTTAATTTGTTTCGAAACCGCGGCCCGGCTGACCCCGGAGGGTTGCCGCAGGACTTCGCTACTCACCCAGTCGGGGGAAGTAGATCTCAAAACCTCTACCAATCGAAAATTCATAAAGTCTCGCTACAAAAAAAGAAGGGATGGATAAAGCTCAATCGACTTCCCGTAAATTCATCCAGGCACCGTCTACAGCTCTGACATCTTTACCTGCCTGTCTACGTTCAGAACCAAAACAGTCAGGATACTGCGCCATTAACTCCTCTAAAAACCCAGGACTCCCCACAGCCACTCCTTGTGTAAAACAACGCATTTTTTGAGTCAATGCCTCACAAAGATCCACATGCCCCAAGGCCTCAAACTCAGCCAATACTTGTGCAGGATCCATCCCTTTACGTTGACGCACTTTCGCAGAATGCCTCCTGTTTTCAGACTTATCTTCACCTTTACTCATTAACCACAGCCGATAAAACGCCTGCACATCATGCCAAGACTGCGGAAGCAAAATTTGTGCATTCGACTGTTGCACCTGCTCCACAGCTTGATGCCAAAACGCCACGCCAGATGTAAAAACCTTCTTCGCTTGATAAAAAAAGAGCTGATCAGGTTTGCGCCCTTTGGCTACATGAACCAAGGCCTTCAACCCTTTTTGGGCATAAGAATCCCCAGAAACAGCTGAACCATATCCACCCCAAGGATAGGCCATAGGATCTGCAACCATCCCCGCGCGCAGAGGGTTTAAATCAATATAAGCGGTAACAGAGAGCAGGGATAAGGGTTGTTGATCCACCACCACAGAGCGATAACGAGAATCCCACAGGGTGCCCTTGCGATCATGGGTACGATTAAACCAGCAGGTATAGGATTGTTTCAAAACCCTCATAAACTCGGGTAAATTCCCCAAACGTTCACGTACTGCCGCATCCATAGATGCCTGAATTTGAGGTGCTTGATTTTGATAAGCCTCTTCCCAAGCCTCCACCTTAGGTTCAGGCCAAACCATGGCCAATTTCGCCTTCAGTTGCTCATGACTCAACGACACATTCCCAGGCACCCACAACATGACATGGAAATGATTATCCATCACACAATGCGTCAGCACCGCCAACTGCGAAAACTCAGCCCACTGCCGAATCATGCCCACCAACACCCGTTTTTCTTCATCCCCAAACAAAAACGCACGACCAGCCGTCCGACTCGTCACATGCACAAAATAGCCTTGATCCTTGGGTAAAATCCGCAACCCACGTCGACGCCGCGCCCCCATCCCTGCCCACACCGAAGGAATCGACTCATATTTCCCAGATTTTGTTTTCCAAACACTCTTTTGCATACCTCATTTAGAAGCATTCCCAACTGAAAAGTCAACAATAAATCACCTGTTGTTTTATCAATGTAAACCTATAATATATTTTGTGTTTACAATAAGAAATTCTCTCCTTATGAACACTGGTATGAACAAACCAACTCTCTCTCTTTTCATTTCCTTTCTGTCTATCTCGACCTTAGCGCAAGAAAAACTTTCGGTGGCTGAACCATTGCAGGTCTCAAGCAAACCCTTGGTTTCCGTGCAACAAACGGGTCAAGATGTGAGTATTGCGACCAATCTAATTTCGGTGCCCGGTGTAGTAGTGGTGGTTCAAGGAGAAGCCGTAGGACAAAGTGACCTCAGTATTCGTGGATCTAGTTTTTCTGGTGCGGGATTGAGCTTATTTGGCTTGTCTCTCGGGAATGCTCAAACTGAACATTTTAATGCCGACCTCCCCTTCCCTGCATGGTGGTTTGCTCAACCCGTGGTGTTGACAGGAGTACAACAAGCTGAAATCACAGAAGGCCATCTAACCGGTACCGTAAACCTGGTTCCAATGCCTATCCAAAATGAAACGATCCTTACCGGTGGTATCGATAATAAAGACGGCTACTGGGGAAACGGTAGCGCTCAACACGTGATTCAACATCAAAATGGCTCGCAAACGGGCGTAGGCGTTTTTGCCGGCTACAGC
CP120722.1_gap104	3807421	3808894	1473	AGGATTTTCAGGAGGAACCCCACGAAGAATGTTGCTGACTTCAAAGGTTTTATTTTGAACCTTGATGTCTAATTCCGGAATTTCATAATCGGCTTTGCGCATCGACACAGCAAGTTCCAGTTGCGGAAACCAGATCAGAATCATCCGTGAGTTATCCCCTTCATCCAATTCGGGGCTTAATTCTTTCACCCAGAAACTTAGATCTTGTTGATCAAATACCCGCCCCACATCCTCTTCATCTAACACCCATCGATACAGATAGATCATGGTGTTCTTCAGTAGAGTTTCATCTACATCTTGAGGCAAGGGTGCTGCGTGAAGCGCGGAAAACATAAAAAGGGATAATAGAAAATATTTCATAAAAAACTCAAGGTTTACGTAATAAAGTAAAAAAACGATTGCCCCCTAAAGAGCCATAATGTTGGTCAGGAATGCGCACAAAACGACCGCCGGGCGAATACACATCTTTGTCCGTCATCCACGAATAAGCACGACCGGTAACCTGCTGGCTTTTCACCAATGACAATCCCGCAAACCGATCAGCTTCTGTAATGCCCCCTTCATAATAAGCCGTCGCCAACCCTTGGCCATAGGCCATCAATCGGGCAAACTTTCCAGGAGCGCCATCATTTGCAATATTCAACAAATAGTTGATTCGTTTTTCAACCCGTGGAACGGCAGTAAACTGACCGGAGGCATCTCGATAAAACCCATCACATTGCCCTTTTTCCCCACCCACGGTAATCACATCTATGATATCAGTCGTTCTCACTGCCGCAATCTGGGACTGCGAATATCCTGGAGGAATATTATTGATGCGAGAATCTAACACATACAAAATTTGCAACATACAGGATTTCGTATCCGCCTCACTTACCCAGCCCGCTTCTCCAGGAAAGGGGGATTCATTCAACAGCAAACGTGCCAAATACCCCTCTTCTGTGGTCGCGGGTTTAAGTTTTACTTCTGCATGTGATACAGAAGCCATGATCAAAATAAAATATGTAACGATAAACGCTCTCATGCAGAACCCTCTAAAAAGTTAATACAGTATTCCCCATACCAACCACCCCGTATAGCCTACAAATGTAGAAAGCAAGAGCGCGGCTTCAAAGCGATTAATCCGCCCTTTCCCATTTCTCCCCCAGCCAATCAAAAATAATGAAACCGTCATTATCGCCATCAAAGGAAAATCTCGGGTAATGATTTCTTTGTCCAAGGTAAAGGGTTGAATGGTGCTGGCAATTCCAACCACGGCGAGCGTATTAAAAAGGTTCGATCCCACCACATTTCCGATCGCCATATCATGTTCCCCTTTGCGCACAGCCGCAATGGTGGAGGCCAACTCCGGTAAGGAGGTCCCAATGGCCACCACCGTCAGTCCGATAATGAGTTCGCTTACACCTGCCAAGGTAGCCAAGTCCACCGCCCCCCACACTAAAATCCGAGAACTCACCACTAATAACACCAAAC
CP120722.1_gap105	3811540	3813762	2222	AGACGTTTAATGGTCAAACGGCCAATGTGTCCCAACCCAACGACTCCCACAGTTTTCCCTGTGATTTCACGGCCCATAAATTTGGCTTTTTCCCATAGTCCCTGACGGCACGACGCGTCTGCAGGAATCAAGTGACGGGCATCTGCGAGCATCAAGGCCACCACTTCTTCAGCTACGGCGTTTGAATTGGCACCTGGCGTATTCATGACGTCGATTCCACGCTTGCGCGCAGCTTGAATATCAATCGTATTGTACCCCGCGCCGGCCCGAATAATTAATTTCAGCTTTGGAAATGCCTCAATCACTTCTTCGCTTACTTTTTCACTACGCACAATCATCGCATAGGTGTCAGGATGAGAAGCCGCCAATTCCAACAGATCCACTCCGGGACACTGTTCAACGGAATATCCTCCGTGAGCATTCAAAAAATCTTTGGCAACGGCATCCAATTTTGTGGGAATAAGTACTTTTTTCATGGGTATTGGTTTTTTAGAGAATGAAAAGATCAGAGATGTGCCTCTTAACGTCGAATCAGGCGGAATCAACTTCACAAACCAACTAATTCCTGCACAACAACTCCTTAGACCATAGGAACCAGGTCCATTTCTCTAGAAGATATGCACAACGCCGCCCCCTCTTGCCCACTCTCAACGGCCTAAATTTCTACCCGCAGCAACTGCCCTTTTCCCTATAAATAGAGACTTTATTTCATAAAAATAGTCATAGACAACGCCTAAAAGACGTTGTAGGTTACAATTAGTAGTAATGAAGAAACTTCAGAATAGAAAAACCGGGCAAGCAATGCTCGAATATGTGATGGTACTGGCAATGACACTGGGTGTGATTGTGATGCTTGGCTTTTTTATCTATGTCTTCAAGGAATACGGCGGTCGTATACTTGAATTGGTTTCTTCAGAGTACCCCTGATTTACTTTCGAAACTCAAAATTAAAACCTTGCCAAATAAACCTTCAAACTTTTAGAATGGACAAGAACCCATTAGAAATTCTTTCCTAACAAGAAAGAAGAGGAACATATATGAAACATCAGAATAAAAAGAACAAAGCCGGCCAAGCCATGGTCGAATATATCATTATCGTTGTCATTGTTGCCATCGCCGCCATTGCGGTATTTGGTGTATTTGGTGACCGACTCCGTGCCATGGTAGGCGGGGCCTCCGTTGAATTAGGTGCTGATCAAGGAGATGTGGATTCCGCGACCTCCACTGAATCAGCCCAAATGATGAAAGACCTCGACAACAACTAAGTTGCCCCCTGCGTTGCGTCCCTCTTCCATTTGGGGCGCAGGCAGAATTTACCATGCAAAGGCCTTCATTCCATAGGCCGGAAGCCCTCAAGCCTCACCGGAGCAAATCCGGACAAGCCTTGCTGGAAACTTTTGGCATTATGATGCTACTGTGTATGATCCTGTTTGGGATGATACAATATGTGCTCATGTTGACCGCTACGGAGGTCATCCAATACAGTGCCGATGCCTCCGTGCGGGCCAGAGCCGTAGGATTTAACGACTTCATGGTCTATAAAGTAAATCGCGTCGCCAGCATCCCCAATGCCGGTTTGATGACGAGCCCTTCCTCGGCGGGCATCAGCAATGCCCAAACCCAAAACTGGGATACCTTATCCGCCGGAGAAGCTTTTCGCAGGTCCATTGCTCAAAATCCAAGTTCCTCCCAATACCAAAATATTGAATACAATAACATTCCATTATATATGGATGCTGAGCATTGGGGCCAATTGGGAGGCATTTTAGATTACGAAGACTGGGACAGCATTAGCCGCCCCATCTATACCACCACGTCGGGCGATACCGTCGGGGTCACCGTTACCCAAGACTACCCCTTACGCATGCCTTTTCTCCGCGCCTTCACCGACGGCAATGAAATCCATATCCGCCAAGAGGCCCGTTTAGCCGATCATTCGGAACTTTACTTACAATGAACCCGTCTTTATCCAGCATCAACGCACGGCGCTTCCGCACCCAAAAATCAGGTCAAACCCTCATTTTCATGACCTTAGTGATTGTGATGCTGGCCTTTGCCGCACTGTTCTATTTTGACGTTCATAAAATTTTACACGTAAAGGCGATCAGTCGAAATGGCGGAGATGCCGCTGCCCTCGCCGGTGCCCGCTGGCAAGCCATTAGTTTAAACCTGATTGGCTCACTGAATATCGCAGAAGCTGTCGCCATCACCAACGATTTGAG
CP120722.1_gap106	3850760	3852228	1468	AGATACAATACCGGCAAACCACAGGCCATCGCTTCCACCAGTGAATTGGAACAAGGATCATGGCGGCTGGCGGTTAAATAGATATCCTGTTGACGCAGTAAATCGGCAAGGGGCTCCGAGGGCATGGGGTCGAGATGCCGAATCTGGGTCAGCTCAGCTTGCAAGCGCCCCACGAAGGTATAGTCCACCCGATCAAAATCTAAATTCTGGTCGATCCATTGATAAATGGCCAAGCCTTTATTTGGATTGTCCGACCACGAACTGGAGAGAATGCGAACTTTCCGATTCGTCTCAAACGGTATTTTTCCCGAACGGTGAAAGAGCGAAGGGTCTGGAGTATTGCCAATCAAGACGGGCTGAACCGCAGACATCCCTAATTCGAGATGCTTTTGCTGGCTGAAGGTCGACTGCACCACCGTGACATCAGCAAATTCACGGTTAAAGCTAGATATTTGAGCATCCGTCCCGTCATCAAAACCCCGATACGTTTGCAGGGGACCATCCACCCGATGTACGCAATGAACTTCAGGATGTTTTTTCAGAGATCGCCGAAGCTTTTTGAGATCAAAATTAAAAGAATTACACAAGCAATTGGGCGTTCCTTTGCTTAGTTGATTGTATTCAAGACGAAGGCCACACTTTTCAAACTCCGCACAAAGTGCACGCATAAATTGGTGCCCTCCCCCTGTGGGAGGAGGCGCAAATTCATGAAATACGGCCAGATCAACCGGAGATGCTTTTTTCCAAAAACTCATGCCAACGCCTCTACTTCGCTGAGGATGTAATCGACAATGGTTTGTGGATGTAAGGCCCGATCTCGGAATATCCGAACCTGCTCCTCCATTTCTCCAAGCTGTTCAGGATCCCGCAGAATCGAAGCCACTCGCTCAGCCCCACCCTGAAAATCTTCCACACGATAGTCATGCAATACCCGCCCTTCGGTTGCAGAGGAAAAGGAAGCGGGAGGCAACATGCTCAAATAGTGAACGCCCTCGCTAAGCCTGAACGGCTCAGGAAATTCTGTCAAAGGGGGAATATCCACAATAAATGGACGTCCCAACGCCAAAGACTCGGTAGCTTTCCATGGCAACAACGCATGAGGCAAGGTATTGATCACCAACATTTTAGATCTTAAAATTGCCCGACGATACGCCCGTTGACTTAAATTCGGGCAAATCAGTTCTCCGTCTTCCAATTCCTTTTGATAGCGGGAGGTGAGCCGTAAGGTACCCGTCAGCCCCTCCTTTTTTAAAGCCTCCAAGGTATGCACGCGCGCCCAATAATGCACCCGATTAGGGGTCAGCTCCGGCCCCTGAGGCATAAATACACTAGGCTCTCCCTCGCGGCGTAAATGTTCATATACCCCAACGACATCACACACATCCTCACTACGCCCCCGAAAACGATCATAGAGATCTCTCAGAAACGAAGGCTTAACATAATCCGCCAAATAACCGGCAAATGAGAA
CP120722.1_gap107	3856834	3859345	2511	TTTTTATGCAAATAATACTCATCCAGCGCCACACTGACCACCGGCACACACTCTCCCTGTGCGAACACAATGGGATGATGTTTCATGGTAAAACAAATCTGTGCATCGCCAATCACCCCTCTCACCACACGATAGTCTGAAGAATAGGGTATCAAAAAAGCAGGCGTCTGCATACGCGCGACGATGGCCTGGTTGGGTTGTACATCCGAGGGGGTCATCGAGATAAAGAGTACCTGCAACTTATATGTCGTGGCCCAATGATCCGCCAAGGCCGCAAATCGGGTTTCAATTTTTTCTTTTTCACTTTCCTGCTGACCCCAGTGGTGAAAATTAACCGCAACCCAAGCTTGCTGAGGATCCGCACCGAGTTGCTCAATCAGCGCTTCAATTTCTTCCGAAGAAGCACGCGGACATAAAAGCGCATCATCGCAAGTTGAGACAATATGAGGACCTTGAATGCCTATAGAGTTCAATTCAGCTTCTGAAATCCCTCTATCCCGCAGACCCACATATTTCGCGGCCCTTAAGCCTTCGTATGCAAGATCTCGATCTGCTTTATCTTGAAACACCCCAATATTGTGTCCGGTTAACATGTAGGGCACATCCAATATTTGACACAGCCGCATCAGCAAACAATTTTCCCACAGCCTGCTCCGGGTTTTCCCGGTTAAAAATCCGCCCCCCGAAATATGAAGCACGTCATGATTCTGTAACACCTGAAGAATGCGAACTTCACGAGGCACACACCATAACAGCGGAATTCCTCTGCGGATCATAATGGCGGTGAACAATAACCTACGTCTTAATTTCCAAAAATCTTTGGCAAATACGTCATCCGATTTAAAATAGCTTCCTCCCGTATTCGCTTTAAACCAAGCCACCCGGGGAGCCCACTCACTTTTTTCATGATGCAAAGCTTCCGTATAGCCAGGATTCGGAGAAAAAATCGTAATTTTACAGTCAGGAACAAGCCTCCGCCACCTCGCAATACACGCACCACATTGGGCTTCATCCCCGACATTGCCATAGCCCAATCCTGCCGTCATCAAAATACGAGGTTTCCCCGAATATTTTGAGTCATAGGCGCCCCATGCTTTAAAGGCATCAATCATCTCATGACTAGATCTCAAATGAGGATCTCGTTTCGCCCCGCGTCCAAACACGAAACAATAAATCCTTTCTAAAATTGCAGGTTTACACTTCATAATCATACCGTCTTTACCCCTGCTCACCCCTAGGGCATAAGGCCTCAAATGGAGGTCGTTGCGGAGGGGGTGAAACAAAAGCAGGGTTACCAAATGCGATCAACGCAATAGGTTCGATGTCTTCAGGAATACCCGTTTTCTCATAAAAGTTTTTAAAAATGGGTAAATTTTTAGGTCTCGAATATACAAAATCTTTACAGAAATGATTCCAGCACGATCCCAAACCTGCGGCATGAGCGGCCATAACCATTTGCATGGAGACGGCGCCCCCATCGACATACATTCCTTGTTCATTCGTCCCGATCGCCCCATAACTACTTTTCCGAACCCCTACAAAAATGACCAAGGGGGCTGACACACAATGCTCCTCTTTTATGCCCCTCAATAAGATTTTTTCTTCGGGCTCAATAAGGAGTTTAAAAAACCAAGGCTGACGATTTCCCGAACAAGGAGCCCAACGTGCACATTCAATCAATGAACGTCCAATTTCCTCCAACTCTGCTTTTGAAAAACTCGACTCCCCCCAGGTTCGTGTACTTCGGCGTTGTTTTGCTTTTTGTTCGAACTCCACAAATTTTTCGGGATCAAAGCGAGGAAGCTCCCCTTTCCCTTCTTCCAAAAATTCATCCATTCGATGGAAGTAATCGGTCACTTTTTTTAACCAACGTATATCCGCGCTTTCCATATCCACCCCTCTGGATTCGAGTAGCACCAGGATTTCACACACATGTCCATAAGAGATATCGTAAGATTTACACTTACGGGTTTTCATGTATCCGGAATAATGCGCTTTTTCTATTCGATGAGCTTCATGCTTCGCTATCGACATTAATTCACTCGTAGACAGATGATCAAAAGTTAGGTTTTCATAAATTTTGATCCGTAACAGCCCAAGTTTCTTTCGCGTAGCATAGGTGGTAAGTCGCCACCAACTCACCGAAAAAAATGTAGCTGTTTTGTTTATCATCCCTTTCACAAATCGATAAACCGCGACTGAAGAAATCATAATCGCAGGCACGACTTTCTTATAAAGATGCAACATAACACCCCTCCTTTTGTAACGTCGATCCCTTCACGTCAGCCCCACACACAAAAGAGTACAGTTCCGGCATCCCTAGTACTGCGGTTGAGAACAGGCAGCGCTTCACTATCCAAAACAATTCATTCATTTGAAAATTTGCCACCATTTTTTAGAAGGTTGAGCTACTTGAGAAATTAATTCTGAATATTGTTGGGCTCTGGTGCCCCAGCCATGGAGATCACACATCATTTGAGAGACTCGTTTCCGGTTCTCAAGACTCACCAT
CP120722.1_gap108	3869753	3870844	1091	TGGAACGCTGTGGTTTCGACTTCCCCGTCGCCACCCCCATGCACTGCGAACAAGCCCTCTGGCGTGCGAAAACCAAAGCGGGACGCATCTCCCATAAAGCCCTGGCCCGTATTCTTAAGAAGAAAACCTTTCCTGGTATGGTACGCGAACCCCATAAGTGGCACTTCAGCCCAGAACTGGCTCACTACCCTGATCTGAGCTACTTTGACGGATACTGGATGTCCTACAGCTATGCTGAAGAAGGCAAATGTCAGTTCCCCTTTGTACATACCCCCCCACCCGAAACGCTCAAAATTTGGGAAGAACGCCTACAAGCCCCCCATAGTGTTGCCGTACATATTCGCAGGGGAGATTACGCTGAAAATGCAGCCATCCGAAAAGATTATTTCGTCTGTGATCTGGACTATTTTCATCGCGCTATGCAACAGCTTACGGAGAAGATCCCTTCATGTACCTTCACCCTGTTTAGCGATGACCCCGCCTATATCGCATCCCAAAATTGGGCCCCCTTTGATGTGAAGATCCTCCCCGACTTTCCTGAAGTAGGTGATGAACAAATCATGCGTTTGTTTTCCAAAGCCCATCACCAAATCATCTCAAATTCCACCTATTCCTGGTGGGGCGCATTCTTAAATGACAGAGCAGGAAAACAAGTATTCGCGCCAGATCACTGGCGCACCAACATGCCCAGCCACTCTCTCCAGGGCCACATGTTACCCCCAGAGTGGACCCTCATTCCCACCACTGGATAACCGCCCCCCCCACGACAGAGACCCGCAGCACTTGCTTTTAAGCCATATCTCCCCTCCCGCTTAGCAAACTTCAAAGCTGGCAAAAAGGGATCAAGTTTGTTAACGCAAGCCCGTGACAAATAAGCCTCCAAAAGTATCGGTAGTCATCCCCTGCCACAATTATGCCCACTTTCTTCCAGAAACTCTGGAAAGTGTTTTAAATCAAACCATTCCCGCTTTTGAAGTTCTGGTCGTGGACGATAGTTCCAGCGACAATACCCCGGAGATCATCGCCTCCTACGGGAAACGCATCTCCTCCATCCGCGTGGAAGGCCGGGGCGCATATGGTGCGAGAAATGA
CP120722.1_gap109	3900431	3904577	4146	AAACCAACCTCTTCCGCGACGTCGACAGGGCTGGGGTCTTCTAACCGTTCCATCATCGAAGGCAAAATCCGTCGATAGGGTGTCATCAGACTCAGTGCGCCTAAGGTGGTGTTCAACAGCGCGCCCTGTTGCTTTCCTTTCTCAGTATACCCCGGCCAATGTCCGTCCGCCTCTTGATTTTCAGACAGGGCTTTGACCATATACTGCGTATAGCGCTTGAAGCTTTTGCTTTCAGGATTGCTCTCATAAAATGCTTGGACCGTGTAGTACCACAACATCAGCTCACCCCCATGTTCTTCACTCTTCACTGCCGCGCCCCAGTGGGGGAGCTGATCCCTTTCGGCACACTGCGAAATGTATTTTAAACTTTCGCGAATTTCCGATCCTCCTGTTCTCCCGGTCAGGCACAAGCCCAACGTACCCGCTGAAGAAATGATGCGCCGCGGAGCCCCTACCCGCTCATTGCTGACTGTGTAGGTAAATCCCCTGCCTCCTGAAGGCAATAGTTTCGACCCCAACAACATCCCGTCCATTGCCCGTTGCAAAGCCAACTCAGCCTCGGGTCCTGCCGCACCCGAAGCAACAACCGCCTTCAGAGCCTGCACATGCCAGGCCCCCAACGACAAATCATTTCGATTTTCATGCTTATAGTCATAATCAAATCCACCATTGCTCATCTGGCCTCTCACCAATGCTGCTGCCGCGCGTGCTACCGGATATCTCAGTAAAGGATTCTCCGTCATATGATACGCTTCGGCCATGGCATACGTGGCAATCGCATGACCATATGCGGTATGACTGCCCGCCGGTTGAAACAAACCTTGTTCATCCTGATTTTCCACCAAAAACCGAATCCCCTTGGCCACCGTTTCCCCATATTCCTGCGAAGAAGGTGTCGCGCCATCGGCTAAAAAGGTCAACAAAGCCAACCCTGTATACCCTGCGTTCACCCCTCCCCCCGTCACATCCCCATGCTTGGACCAACCACCGTTCTCATGCTGATGCGCAACCAACCACTGCAGGGCTTTTTCAACCGCTTCCGACGACGCCCCCACCGTTTCAGGCGTCGCCTGGGTCAGAATTTGTATTTTCATTTTTTCAAATACACCCGACCCAATCCCCTCTTGAAAAAGCACACCCACATTTGTGGTCACCAAAGCAGGCAAGTTCTCAGGAGCCGTGGAGGCCGGCTCCTGAAAGTCTGAATCAAGTTTAGGAATCATCGGCTCTAAATCAGGCAAGGTGCACCCCGTCTCCCACGCCTCAACCGGGTCCGAAATCTCAGGCGGAAAATCTTCAGGAGTGAAAACCTCCTCCATCGCCGATTCTTTGTACGCGGTGATCACATGTATCTGATCATCCTTTCCCTTCTCTTGATGGGCCCACAGCAGCAATGCTAAAAACAACACCAAGTTGAGCACAAAAGAAAATGCAATACTTGAGACATGAGCGACGCGGTTTGACTGTTCAATCTTCATGGGTAATCCTCCTGTTTGATTTCGAAAGAGAACCTACGCTGAAGCCCAAAAAAGGTTTAGGGTTAATATGAAAAAAGGCCAGACTTTAAATTTAAAGCCCGGCCTTTTGAATTGAAGTGAATCAACGATTAGATTTCGAATCCAATATCTCCATCATCTTCGTCCACGTCAAATGTAGCTTCAGCAGGTTTGATGTTGTCCGCCTGCGTGGTGGGCAAATAGCGGTAATACACCATCAAGCCCAGAGCCGCCAACGACGTGTTAAATACGGGGCCCTGTTTCTTCCCATTTTCTGTGTAGCAATCCCAATGTCCATCTTCGGCTTGGTTTTGTGCGAGAGCTTTCACCATGGATGCCATATAGCGGGTGAAGTTTTTACCGTCAGGATTTTCCTGGAAGAAGGCCTGCACGGTGTAATACCACAACATGATCTCACCACCGTAAGTCGATGACCCAGCCGATTTCAGATTCCCCCATTGAGGTAAGAGATCCGAGTTGGTAAAGCGCTCAATATATTTAAGCGCTTGACGGGCTTCTTTACTTTTTGATCTACCAGACAAATATAACCCTAAGGTACCCGCAGAAGAAAGAATGGGATGGTTACCATTCCCCAGCTTACCTGCATTGTTAACCGTATAGGCAAAAGACCTCGCACCATCAGAATTCACAGAAGAGCCAAAAACCATTCCATCCATGGCATGTTGAAAATACTTTTTCACTTCGGGATCATCATGCAACGCAATCGAAGATGCTTTCAACGCTTGTACATGCCAAGCACCTACAGATACATCATTTCGGTTTTCCTTTTTATACTCATAGTCATAGCCCCCATTTTCCATCTGACCATCCATAATCACCTTCACCCCGCGTTGCAGCGGTTCACGTAGCAAGATGGTATCCGTCATCGTGTAGGCCTCAGCCATGGCATAAGTAGCCATCGCATGTCCGTAAACGGTATGACCTCCGGCAGGACGAAACACCCCTTTGGAATCTTGATTTTCAACTAAAAAACGCAGTCCTCGTGAGACTGTGTCACCAAATTCAAGTGAGGCAGGAGTTTCACCGTGTGCGAGAAAAGCAAGCAAGGCCAATCCCGTATAGCCTACATTCCCTCTAGACTTGGTCCCTTGTTTATTCCATGATCCATCTGCGGCTTGATGATCCCGCAACCACTCGAGGGACTTCATTACCGCAGGTTCTGAAAACTTTTCTAATCCACGGCCATAACGTGCAGCCGCAGCTTGACGTGCTCGTGGCGTGCGTCCCACCAATAATCCCGTCATCACCACCGGACTCGAAACATCCGACATCAAGTCAGACAAACTACTTACATCCGTATTCGTGACATCCGCAACCGCTTCGGTTTCCTGTTCAAATTGCGTGTCCATCGGGGTGTCTAAGGTAAAATCCACCAATTCATCGAGGTCGTCAGGCTCCTGAACCTCCTCCACGATTTCCTCTTCCAATTCTTCAATATCTTCCTGGTTCACGGGATCAATGACCATCACGGTGGTCGTGTCCCGCTCCATGCCACTGGATAAGGTAATAAAGGTAAACAAGCCGACCACCAACAGCGCATTCAAGATCACAGAGATCAATACACTGGAGGTATGGGCTAATTTGAGCGATTTTTCTACTTTCATGACTAAAGGTCTCCACAGTTTTTTAAAGTGGAGGCAATATAGTCATCCCACAAAAATAAGTTTAGGATTAAATTCAAAAAAAAGTGAATTAAATATCAAAGCTAAACTCATCTTCCTCTTCTTCGACCTCAATATCCACTGGCGCCGCTTGCTGAACATTGCTCGCTTGGGTCGTGGGTAAATAGCGATAATAGACCATTAACCCTAGCGCCGCCAGCGTGGTATGAAAAACAGGACCTTGTTTTCCACCTTCTGAATAACACAGCCAATGCCCATCATCGGCTTGATTTTCGGTCAACGCTTTAACCATGGACGGCATATACCGGCGAAAATTTTTGCCATCAGGGTCTTCTTGGAAAAATGCCTGCACCGTGTAGTACCACAGCATAATATGACCTCCTCCACCGAATTCAGGATTTCGTCCCCACTGGGGTAATTTTTCGGAACTCGTAAACTGTTCAATATAATCGAGAGACTCCTTCGCCTCTTTGGATTTCCCTCTTCCGGTCAAATGAAGCCCCAACGTTCCTGCTGAACTCAAAATAGGTCGAGGACTTCCCACATTTCCACCATTATTACTGACCGTATAAGTATATCCCCGGCCTTGTTCCCGTAGTTTGGACCCCATCAGCATTCCGTCCATGGCCGAATTCATATACTTCTTGATCTCTTTATTTTCAGGCAACGCAATCGCCGCCGCTTTTAAGGACTGCACATGCCAAGCACCGACCGAGAGGTCATTCCGGTTCTCCTTTCTATAATCATAATCATATCCGCCATTGGGCATTTGACCCTTAATCATCACCTGCACCGCACGTTCTAAAGGTTCGCGCAATAAAATATTATCCGTCATGGTATAGGATTCAGCTAAGGCATAGGTCCCAATGGCATGACCATATGAGGTATGCGCTCCAGCCGGCCTCAAAGTACCATCAGGCTTTTGATTTTCTACCAAAAACCGAATGGCTTTGGCTACTGTGGGACCAAACTCAGCCGAAGCAGGAGTTTCTCCATGCGCTAAAAAC
CP120722.1_gap110	4068401	4069317	916	ATGGCCCCCCGTTATGCCGAAGGATATCAAAAAGGGGTTCACGATGAAGATGCCACCCAAATCGTCAGCGCGCTCTTGGACATGCGGGATAAATTAGGCACCTTGAGAACCCCTGCAGCCGTACGCGCCTTAGCCGTGGTCTATTGGGAAGATTTCCGCCGAAAAGACGAAGCTGAAATCATGATTGCCCGTCTCAAAGGCGTGGGGGCATCCAATCAAGTTTTCCGTCAAAACCGACGACAAGCCGATGCCGTAAACGACCTCGCACGGGGTATAAAATCTTTCGCCGAACAAAGTGATGCTTTTGATCCCCGTGCAGCCGATAATGCGGCCGCCTACCTGTTTGATGTCGTGGCCAACGGCATTCAAGCCCCCGTAAGTGCCGAAGGCGGGAAGCTGATTCTCGACTTCCAAACACAGCTCAAAAAACTAGGCTCTTCAAAACAGTTTGAAAGCGCCTGCGCTTCCTTGCGCGGAAATGCTGAAGCCTGTTTCGGTTTGGTACGCGAATGGTTACAGGGCTATTTGGAAAATAAAAACCGCGACGACATGGCGTCCACTTTGGATGAAGCAGCCGCATGGTTGTCCACTGGCGTTTACGATCCTCAAAACATTTCTGACCTTAGCGAATATGTGCAGCTAAACGGCATGCGGTCTGCGCATGCCCGCATAGTGGATGGCAACATTCAACTACAGTACAGCGAATTCATGTGGCGGCTCGAACGCTTTGAAAAAGAAACGGTTCCCCGTTTCAAAGCCTATGAACGCATGAAAAAAGAGTTTGTAGAAAATAGTCGTAAAGGCATGCGCCTGGATGAATTTAAACCGCGGGTACTCACCTCTTTTGTCCGCAATAAACTCATCGACCGGGTTTACTTGCCCATCGTCGGCGATAACCTGGCCAAACAAATTGGTG
CP120722.1_gap111	4085282	4086814	1532	TCCATACAGCGCTTGGCTCCAGTTTTCCGTTAACGCATTCGGCACTGACGCCTCTCCGGTCTTGGCCAGCAGATCGAACCATTCGGTCTCTGATAACGCATTCATTTCTGGCGCACTCCGCCACACCCGCACACAACGACGTAACACAGCCACCACTTCAGCTGGCGTTTCAGCTTGCGCCAAAATTTGCAACGCCTCTTTTCGATAAGCATTTTGAAGCCTATACACCCAAAGTTTCCAAAAAAGCACCAGCGCGCCGACAAACAACACCGCCAATAAAATCCACCACCCCGTGGCCAGAGGCCAAAAAGAAATAGGAGGAGGCTCCACAATATCATGCAGCGAACTTAAGGCAGGAGCTTCATCCATGTTGCGCCCCCAAAGCTTCGCGTACCTGATCGACCACCGAACGATCTGTGCTCAAGGGCAACATTGGAATGTTTAAATTCCGAAACAACAACTGCCACTGCGAGACTTCCTTGGCAAATTCTTTGCGCAGGCGCCCAGGAAATCCTGCATCTGTGGGCACTGGCTTTTGTTCCGACCCCACATCCATCCACATTCCAGGCATGCCATTGATTTGAATACCCAGAGGATCATACACCGTAACCATCAACACATTGTTATGCCGCGCAATCCGCGTCAGGCGCTCCCCCGTTTCTTCATCCGCGCCCACCAAATCACTGATCAATATAAATAATCCGTCATGGGTCAATTGCCTCTCCGCATCTGCCAGCATGGCATTCAATCCCTGATCTGAATCCGCGTCGCTCTTAAGGGTCAGCTTTTGATTTTCTTCTGCTACCGTATTTAACAATTGTAAAATGGATGACTGCCCTCGCTTGGCCCGAAAATACCTAAAGTCATGATCTCCAAACACCCATCCCCCTACGCGATCTCCCCCAGCTAACACCTTCCAGGCCGCCAACGCAGCCGCTTCCGCAGCCGCCACCGATTTCATCGCCCGATGACTGCCAAAAAACATCCCCTTCCGCTGATCCACCGCCAGATAGACGGGACGTTCCCGCTCCTCTTCATACACTCGGATCTGGGTACGCCCTCGGCGGGCGGTTGCTTTCCAATCGATACTCCGAATATCATCTCCAGGTCGGTAGCCCCTCAATTCGGCAAAGTCCAATCCACGTCCACGCAAGCGCGAAGCGTAGCGTCCGGCCAACAGCGAGTTTTGAGGGTGATGAGGAGAGAGCTTGAAGCCACGCGCTTCCGCCTTTAACCGGATCAATTCGGCCAATGAAATGGTGACTGCTGCCGCCATTACGCTTCCTTAAACCGCGACCACGGATGCGATTAGTGCTTCGACCACTTCGTTTCGCCCGCGGTTTTCCGCTTCCGCCAAATAGGACAAATGAATGCGATGCCCCAAACAAGCCGAAGCCACGGCTTTGATATTTTCGGGCCCCACAAACGACTGCCCCTGCAACCAAGCATGAGCACGTGAAGCGGCATCCAAGGCCAATGTTCCCCGGGGACTTGCACCGAGTCGGATCCATTTGGAGACCTCTCCTTCGAGC
CP120722.1_gap112	4088508	4089022	514	GTGTTTTTCTCACCACGGAAAGGCGTCATCGCCGCATCAGGCCACGTGTTCATATGGGGACCATTGTCGGTTGAATAAAAGACAATGGTGTTGTCTGCAATGCCCAACTCGTCGAGTTTGTCAAGGAACTGACCAATATGTCGATCATGTTCGATCATCCCTGCGGTATACTCATCCGCATTCGGATATGTTTTTGCAATATCGGCACGTTTTTCTTCACTAACGTGGGTACGGAAATGCATCCGGGTACCACTCCACCAGATGAAGAAAGGTTTGTCTGCAGCGTTCGCACGGTCGATAAAATCCAAGGCCCGGGCAGTGGTATCATCATCCACCGTCTCCATGCGTTTTTTCGTCAAAGGACCAGTGTCTTCGATTTTGCCGTCAGCCGTAGAGTTAATGACACCACGAGGACCATATTTTTTACGGAATTCAGGATCACTAGGATAATCTTCATTTTCGGGCTCTTCTTCCGCATTTAAGTGGTAGAGGTTTCCATAAAATTCATCGAAAC
CP120722.1_gap113	4146186	4151111	4925	TCAAACCAATTGCGCGTTCCAGGGCAATCAAGGCACCAATTTTCTGACGACTTAACGAAGATACCGCCTTCACCAAAGGCGTCACCATCTCATTGGCATTGTTTTTTTTATGGGAGGAGGAACCTCCTAACATCCCAGGGCGCCCCAACTCAGCCAAGGCAATCCGGATTTCCTGTTGGAAAATAATCACAAAGGCCAAAACCAAGTTCACCGAAAAGGTTCGAAAAATCCAGTTCAAGGTGTGTAAATTCAAAAAGTAAGTCAGCGACAATACCGCCACAAAGGTCAGCGCCAAACCACTCAAAACCTGAGCACCTCGCGTTCCCCGCAATAATTTCAGCAAGTGATAAAAAATAATCCATAGCAATAAGATTTCGAACCACTCCGAAGGAGCAGGGAAATTAATTGCGCTGAGATCAAATGTATTCATAGACTGAGTTGTTGAGATGTTTTTTCTACCCTATCAAGAATGCGTACCAAATCGCAAGATTCGATCACATCATGAACTCGTAAAATATTCGCTCCGTGAAAAATGCAACTCGCAGCTCCCGCCAAACTTGCCGCCAAGCGATTATCCACCTCTCTCCCCGTCAATTCCCCCAACCACCGTTTACGGGAAACACCTAACAATAACGGATACCCTAAGCCCTTCAATCGAGATAGACCCGCAATCAAAGTCAGGTTATGCTCCAAGGTTTTCCCAAAGCCAATCCCCGGATCTAAACACAGTTGCTCGGGAACTACACCAGCGGCCAGTGCAGCCTCCACCCGTTCACTCAAAAATGCACCCACCTCTGCCAATACATCATCATAATGAGGTTGCGTTTGCATAGACGAAGGCGTGCCCTGCATATGCATCAATACCAACCCTACCCCCGTCCGTGCCGCCAAGGGCAGCATCCCGGGATCTCCCAGCCCAGCGCTCACATCGTTGATAATATCCGCACCAACCTCCACCGCAGCCTCCGCCACAGAGGCTTTAGAGCTATCAATCGAAATCAACATCTCCGGCAACGCCTTTCTTAATCCAGCAATCACAGGCACCACCCGCTCCTGCTCCTCCTCTGCAGTCACCGCCCGCGCACCCGGCCGCGTCGACTCTCCTCCAATATCCAGAATATCCGCACCCTCTGCAGCCAACTGACATCCATGCGCTATCGCAAGTGAGCTGTCCAAGAAAGCACCCCCGTCCGAAAAGGAATCAGGGGTGACATTCACGATCCCCATGACGAGGGGTCGTTGACCGGCATCATTTTTACGGACTCCGGTTTTCCATTGCATCGGTATTCTCCCGGCAAACGCCCTCTACGGGCCTGTGTGGTTTCTTATGCAGGTGGTGTAGATGAGGTTTCAGAGGAATCACTGTCGGGCGTTTCTTCTTTGACGATCGCAGGAGCATCCGCTTGATCAGCGGAGACGTCAGCCTCAGCGGCCACCGCAGGCTCTTTAGACTTCTCACCACGCTCTTCAGCTGTACGAATCCGATTGAACTCCACAATGTCTTTCACGTCGCGACCATCAATGGTTTCCTGCTTCATCAACATATCGGCCATGGTATCGAGCTCTACACGTTTTGCGGTCAGAATCCGCAACGCTTCTTCATGAGAAAATTTAAGTAACTTCGTCACTTCAGCATCAATCTTACGTGCAGTCTCCTCACTAAAACTTTGTGTGCGGCTGACTTCACGTCCCATCCACATGGTTTCTTCATTGTTGCCAAACTGCTGGGGACCCAACTCTTCGTTCATCCCGAATTTACAAATCATCGCCCGGGCAATTTGCGTCGCCCGTTCAATATCATTTGAAGCACCAGTTCCAATATCATTGAGCGCCAACTCTTCTGCAGCACGTCCGCCCATAAAACTCACCAACATGGCCTCCAATTTCTTTTTGCCATGAGTGTAGGAATCTTTCTCAGGCAACTGCATGGTAGACCCTAAAGAGTTGCCTCGGGGAATAATGGTTACTTTGTGAACAGGCTCGGCATGCTCCAGCTCTTGCATGACAATCGCATGTCCCGCTTCGTGATACGCGGTCGCCAGGTTTTCTTCGTCATCCATCATCAGACCCCGACGTTCACGACCAAAGCGCACTTTATCCCGCGCTTCTTCAAAATCTTCCGCCTGTACAGTGTTGGCACCGCGACGCGCAGCCGTCAACGCAGCTTCATTCACCAAGTTGGCCAAATCTGCACCACTGAATCCAGGGGTACCCTTGGCAACCACACGCAGATCTACGTCCGCATCCAATTTAATCTTCTTGGTATGAATCTGCAGTACTTTATCACGTCCATCCAAACTCGGCAGATCCACCATAATCTGACGGTCAAAACGACCCGGACGCATCAGAGCTGTATCCAACACATCCGGACGGTTCGTGGCGGCCACAATGATCACCCCTTCTTGGGTGTCAAAACCATCCATTTCCACCAACAAGGCATTCAAAGTCTGCTCACGTTCATCATGTCCACCGCCCATGCCACTGAAGCGACTACGGCCCACAGCATCAATTTCGTCGATAAACAAAATACATGGCGCATGCTTCTTACCTTGCTCAAACATGTCGCGTACCCGGCTTGCGCCTACGCCGACAAACATTTCAACAAAGTCAGAACCACTGATACTAAAGAAAGGCACATCCGCTTCACCCGCAATGGCTTTGGCCAACAAGGTTTTACCTGTTCCGGGAGGACCGGAAAGCATCACGCCCTTAGGAATACGTCCGCCCAATTTCTGAAATTTCTTCGGATCACTCAGGAATTCGATGATTTCTTCAACTTCTTCTTTCGCTTCATCAATACCCGCCACGTCGTCAAACGTGATCTTATTGGTATCCTGCGTCAACATTTTCGCCCGGCTCTTGCCAAAGCTCATGGCGCCTTTGCCTGCAGATTTCATTTGGCGAAGGAACAGGAAGTAAATCAAAACCATCACAAAGATGAAGGGACCAATGGTCACCAAAATATCCGTCAAGACCGTATTGCGTTGTGCAAATTTATAGCCTGGAACTTTTTCTGATAAGAAATCGATCACATTCTCAGACAGGGCTACCGGCACTTTGTGTTCAAGTGGATCGCCCTTATCATCCAAGGTCTTCATTTCGACCAACAACTCATCCAAGCCTGCACCATTGTCATAGACCACGACTTTGGAAACCTTGCCATCGTTGACGTAGCCCACAAAGGTAGGTTTGTAATCAATTTCTTTGATTTGCTTACGGTTAGATTGCGCTAAGCTGAGGAAAACCAATACCAAGGCCATGAAAATCATGATCGCAGCAAAATTTTTCGCAGGCATACGACCTCCAGCAGGAGGTGTCGGTTTTTTAGCAGGAGATGGAGGGGGGGTAGACGGTTCTTCGCTCATATATTGTAAGGTGGTAAAGGGATCACGTAAGCTAACAGCGAATGATATAAAATCAACCGCAATTAAGCTAAAGTCCGCTTTCAAAGCGGGTTCTAAAAATTAATCAAGCACTGTGGGCACTGTGAGAGCGACCTTTGGCCTGGGTGTCCGCAGGTAAAAGCTCTTCAGGAGGTACAGTCTTCAACATTTCTTTCCAAGGTTTTCCTTGGGGAAATGAAATGGTGTCATCTTTCGCTTTGGCTAAAAGATCCACTGCAAATAAACGAGGATCCGCATCTCCCCAACTTTGTTCAAGGGTAATGCGAATACCTTGAGCTCTCTTCTGCAAGGGAATCTCAAGCAAACGTTTACGATTGTTTTTCAGATGAGAAACGGTTTCCCATTGACCATCGCCACGATCCAATTCAATGCGTAAATCACGCACCAATTCAGCCGGCATCGCATGCTGACGAGCCTTGAGGGGATACTCACAGGCCATCTTTTTGCTTTGCGACAAATTGCTGTCCAACACCAAACGCAGACCCGGGATTTCCCGTTCGGAGCCCCATTGCAATTCCAAGGCACCACCCTCAGCCGTCTGCCAAGCATGGTCTTCGTCCTTGCGATTACGCTCCATACCATCCAAAATGCTTTCGAGGTTCTGACCATCACCCGACAAACGGGCATCAAACAAGGAAACGTCGGGTTGACGCAATTTGCCCGGCAACCAGCAGTCATCATCCATCAAGGTTTGTTGCAGTTCAGCCAAATGCTTTTCATAAATGCCACGCGGGCTGCAACTGTGCTTCACACAAAGTGCCGCCGCCGTACCTGCCGCCTGCCCCATGATCGAACAAGTGCCCATCACCCGTGTGGAGGACATGGCCGAATGGGTCGCAGAGATATTTCGACCCGCACATAACAAGTTGGGCACATTCTTCGAATACAAGCTCCGATACGGAATGCCATAGGGCGTTGGCGCAGGATGATAAATGGTGGGCGCGCCGGGATACAACAGTCCGGCCGGATGATGATCGTCCATCGTCCATCCCCCATACGCGACAATATCTTCAAAATCCCCACCGCCTTCAATGTCATGCTGGGTCAACATGTGATCTCCCACATATCGACGACTCTCCCGCTTCCCGGGCAAACTACCCACAAAGTGCAAAGCCCAATTCGCCGCCATTTCTTTCTCAGGCGCATAATTCTTAATGTAATCCCACACCCCGTAAGCCGTGCGATACAAATCATCCCGAATGCCTTCAGCATCACGAATCGTATCCTGAATCCCCCCCAATTCCAACCACCAGAAATTTCGGCCATTCACCCCATGAATACGATTCGGCAAATCATCGGGACTTTGAATTTTATAGGCCCAGTCCGGAGGCGTGAAAGGCTGCTCCTCCTCCGTACGATGCAACTGAATCAATAAACTATTGCCCATGGTGCGGTCATCACCGATCTTTGGCGCAACCTCTTCGCCAAACTCTTCGCGCGCTTCACGCCCAATCCGGTGCAAGGCCCCACTCGCCGCCGCCAAAATACTATCGCCAGAGCAATCAATAAACTGACGCGCCG
CP120722.1_gap114	4156213	4159886	3673	CGGGGAACTTTTCCCATAAAGCTTGCGAAGACCCTACTTACCCATTAGCCAATGGCCCCTGTGAACACCCATCCTCCACGCATCAAAACCCTCTATCCAGAAGCCTTACCCGTCAGCCAACGTCGCGAAGAGCTTCTGCAAGCCATTCGTGACCATCAAGTGGTCATCGTCTGTGGCGACACCGGTTCCGGAAAAACCACCCAACTCCCTAAAATGGTGTACGAGGTGGTGGGAGAAAAGAATGGGCGTATTGGCGTAACCCAACCCCGCCGCCTCGCCGCCACCAGCATGGCCGCCCGTGTAGCCGAAGAATGCCAAGTAAACTTGGGACAAGAGGTAGGAGTGCAAGTCCGCTTCCAAAACCGCACCAGCCCCCATACCCGCATTCAATTCATGACCGACGGGCTCTTGCTGGCACAATTACCCAAAGATCCTGATCTTCGTGGCTACTCAGCCCTTATTATCGACGAAGCGCATGAACGCAGCCTCAACATTGATTTCATTTTAGGCTGTCTCAAAAATTTACTCCCCCGACGTCCCGACCTCAAAGTTGTCATCTCTTCCGCAACCTTAGACGCAGAACGTTTTTCAGAATTTTACACCCATGCCCCCATTATCGAAGTCGAAGGTCGCCTCTTCCCTATTCAAGATGAATGGTTTCCTCCCGATGAAAATCGCGACCTCTCCATCCAAGACCAAGTGCTCGAAGCCCTGCAACATCTCGACCAAAATCATGGCCCCCTCGACACCTTGGTTTTCCTCCCCGGTGAACGCGAAATTCGAGAGTGCACTAAAAAGTTGACCGGTCGCTATCAGCACAGCGCGGATATCTTACCCCTCTTCGCTCGCCTCGGCACTTCCGACCAGCAAAAAGTCTTCTCAGGCGGATCCCGCCGACGCATTATTCTTGCCACCAATGTGGCCGAAACCTCCCTCACCCTTCCCGGCATTCGCGCCGTGGTCGACACCGGACAAGTCCGCGTCCAACGCTTTCATCCCCAGTCCCGCATTCAACGCTTGGTCACCGAACAAATCTCCAGAGCCTCCGCCAGACAACGACGCGGACGCTGTGGCCGCACCGGCCCCGGAGTGTGCATTCGCATGTACACCGAAGAAGCTCTCGAACGCGCTGGAGATTATCAAGACCCCGAAATTCGCAGATCTTCCTTAGCCGAGGTCATCCTGCGTATGGCCGTCTTGGGCCTCCCCCCTATTCAGGAATTTCCCTTTATCGATCCCCCGCGTGGTGCCGCCGTCTCTGAAGGCTACCGGACCCTCTTTGATATCGGTGCCATGACCAAAAAGCGAGCGCTCACCCGACGTGGGCGTCAGCTCGCCACCTTCCATCTCGACCCTCGCCTCGCCCGCATGTTGGAGGAAGGCCACACAGAAAAAGTACTGCCAGCCGTTTTAGTCTGCGCAGCCTTTCTCTCCATTCAGGATCCACGCGAACGGCCGGCCGACAAGGCCGAAGCGGCCGACAACGCGCATGCCAGCTGGAAAGATCCCGAGTCGGATTTCCTCGGTGTTCTCGCCATGTGGAATGATATCTGCGCCGCCTCCACCAGTCGCAGTAAACGCACCCGCTTTTGTCGCCAGCATTTTCTGCATCCCCGTCGGGTGGAGGAATGGTTAAATTTGGTCGATGACCTACGCGAAACCTGCCAAAATCATAAATGGGACGTCCCCCGCTCCATTGGCGAACTGGAATTGCTCGATACCGATGGACTTCACCGCTCCATCTTAGCCGGAGTCCCCCGGTCCATTGGCGAAAAAGAAGAAAACCAACACTACCGCTCCGCCGGCGGACAAACCTTTCGCATCTTCCCCGGCAGCGCCCTCTCCAAAAAGCCACCTTCCTGGGTAATGACCTTTACCCTGCTTGAAACCTCTCAACTCTTTGCCAGAGAAGCTGCCCACATCGATCCCGAATGGGTAGAAGAGGTCGCCGCCCACCTGTGTAAATATCAATACGAACGCCCCACTTGGAATCCCAAACGGGGATTTGTCGAAGCCGAAGAAAGGGTCAGTCTCGGACAACTCACCCTTCGCTCAGGTAAACGGGTCCATTACGGCCGTATCGACCCGGCCGCCGCCCGCGACATTTTCATCCGTGACGCCCTGGTGCCCGGAAAATTACAGCTCCGGCATCCCTCATGGAAAAAATACCTCAAACAACTCAGATCACTCGATAGTTGGGAGCAAAAACTGCGTCGCCCCGGTTACTTTTTAGGAAGCGATGTGTTTGAACAACATTTCAAAAACATCCTTCCCGACTCCATTTGCACCCTCAAGGATTTTGAAAAATGGATCCCTGATCAGCGCTGGGTTCCTGAACTTAAAGATTTGTTGGGCGGTGAGGCATTACAAGAAAGCGATTATCCGGATCACATCGAGCTCAAAGGAATTCGCATCAAGTTGAGCTATCGATATCAACCCGACGATCCAGAAACTGACGGACTGACTTTTGTGATTCGCGAACAAGATTTATCCGCCGTTCCCAATGAATTGGCAGAATGGACCCTCCCCGCATGGCTTCCGGAAAAAGTAGAATCCCTCATTCGCTCTTTAGACAAACCCCTGCGCATCCAATGTAACCCCATAAAAGTTTGTGCAAGTGAAGCCATTACCTGGTTCCATCAAAATCACTTCGTCTATACCCACTCGCTCCGGCAGGCCTTGGCCGCATTTTTAGCCGCCCGACTGGACTGTATTTTAGCGGCACCCGATTTAAATCCTGACCAGCTCCCCGGATATCTCAAAAGTAAAATCGCCATCACCGATCGCGACGGCAAAGTCATCTATCGTGGTCTGCGTTTTCCCGGACAACAAGAACTTCCCAAAAACAAAAAATCACATCCTCAAGGACAACAATTTCCGTGGATGATTTCAGCCTGTACGCAATGGCCCACACTCCCCATTCCGGAGAGCGTTGAGATCAAAGGGCAACGCCACTGGCCTGCGCTGGCCGATCAAGGCAAAGACTGCGCGGTCAAGCTATATCCCAACGCTCTCGAAGCACAAGCCGCCTGGAAAGGGGGCATCTTGAGACTCTACAAACTACAAGAAACGGATCGTTTCCGTTATCTGCAAAAACAACTGCCTTTACCCACGCATTTGCAACTCGAACTTTCCCTGCTTCCTTCCCGGGGAGAAAACGCGCTCGAAGATTTGATCGACAGTATTTTATCCACCGCACTCCGCCTCGATCAGTCCATCCCCACCACAGCCGAAGAATTCAGTGCCCGATGCGAATCCGCCAGAGGCGAGTTGTTTGAGATCGCCCAAGACACCACGCTGGCCCTGGGCACCCTGCTCAATGAACGAAGCAAGGTACAAGACCAGTTGGCCCAGCTACAGGACAGTCATGTCCAACCTGATTTGGAACTACAAGCCGCCACCCTGTGGTATCCCGGCTGGTGCGCGGACCCCGAAAATTTAACCCGCTATCCCAAATACCTCAAAGGGATGGAAATGAGGATACAACGTGCCAAACAAGACGCCTCCAAAGACCACCAAAAGTGGACAACCCTGCAACCGGCACTGGATCAATTGTCCACAAATGCAGCCCGACTCAGCCCGCGCCAATTGAGAGCAGCCTTCCTCAAAATTCAGGAATTACGCCTGGCCATTTTCGCTCCAGAATGCCGTCCCCACGAAAAGATGAGTGTGC
CP120722.1_gap115	4216858	4221858	5000	CCATCTCAGTCCCGATACGGAAGCGGGTTATAAATCTGTGGATCAAAAACATTGGAACAATTTAATAGGACCCGAGGGCAAAAACAAAGAGCTGACAGACAGCAAAGGAAAAGTCATTAACGGGATGAATGTATCCTGGGCGGTACCCGGTGCCGATCAAAATTGGAGATCAACCGTAGGCCGGGACTGGGGCTTCAAAGATGGAAACCTGACCTTGCAATTGGGATACATCCAGTTGGGAGCGGTCTTGAAGATTCAAGATATCCCCTACGAAAAATATGACGTTTACGTGTATGTGGGCGCGGGTGACAATGCCGGTGAAGGTTCCGTAACCCTCAGCGCATCCAACAAACAGCAACTGGATCCCAACGGAACCTATTTTTATAAATTGGGTTGGTTGAATGGTAAATATCAAATTTCAGAGGCCACCAGTTTGGAAGCAAACCAACTCGGAAATGTCGTCGTGTTTAAAGGAAATTCAGCGCCAGATGTAGTGTTGGAATGGGCGGGGAACCTCAAAGGTGGATGGACCGGTGTCACAGGTATTCAAATTGTAGCTTCCAAGAAGTGATGACCCAAAAAAACATCATCCTCACGGGGATCAGCCTGCTACTCATTGCAGTAGCAGGCGTCAATATTGTTAAAAATAGTGGCTTCTTTCACACCCCGAGAGGTCTGAGTTGGGATGCGGATACCGTGCTTGCGGAACGCTTACTTCCCGAAATGTCCTCAGGGGATCATCTCTTGCTCATACAACCCTTCCCCCCACTCCGGGGAACCCAGGAAGAGAGCAGCGAAAAAGCCCTTCTGAAACTCTGGAAAAATAACAATATCCCAGTCGATGTGGCTTACGTCTACGAACAACCGCGCCCCCCGGCTCCGCCAAAATATGGCCCACTTTCCAAATCGGAGTTCCAAGAAATCTTAGCCCGCCATCCACATACCCAATATATCTTCAGTCGGGTAAACATGAGCACCGCCACCGCACTAAGCCTGCGGGAATCAGGGGCGCCTGAAGCCATTCTGATTCTTTCCGCCAATTTTGCCGACTCAACCCTGTGTAATCCCGAAGCCCTCCGCCAAGCGGGAATTGTGGAAAACACAGTCGTCATGCGGATCCCCAGCGATCTCTCCATCAACCGGGCCAAAGCGTCCGATGATGACTTATTCGACTCACTTTACGAAATCCGTTAGAGCTCTCTACCGTCAGGAACACCCCATAAAAAAATCCACTACCGCCAGTTCGACACCTTTGGGACGAGCTCAGGAGAAGATGAAATTTCATTCGACTCTATTTTTGATATCCTGTACTCTGCTCAAAAGATGGAGTTCAAAATGAAAAAAAAATTAGTCTACACTTTATTATTCATTGGCTTTGCTGCCATTTGCCTCCAAGCCGAGCTCATCGCATCCGATGATTTTAACAGCTACAGCATCGGTGAATTAAACAGCAAAGGTACAATCAGTTCCGGTTGGCAAAGCACCTGGTCAGCGGCAACAGGATCTAACGTGGTGAATGGAGGACTGAGTTATAGCGGGGGCGACATCAGCATCAACGGCGGTTCTCAGGCCTTGAGCATCACCGGTTCAAATAATTATCAGCTCAACCGCCAGTTCGACACCTTCGGAACTTCTTCCGGTGAAGATGCGATCTACTTCAGCTTCCTCTTTCGTCAGGTGTCGGGTACCCCAGCAGACTTTCTCAATTTCACCCTGGATAAAGATCAGGATTATGAACTGGGGTCTGGAATCGGGGATTTATCAGGCACACAAGCCGAATTTTCTGCCCGGGTAAAATATACAGTACAAGCATCCGAAACCGTGTCTTACACCAGCAGTGAAACCTACTTGCTGGTCGGACGTGTTTCACGGGATGGTGACGATGGGGATCGGACACATCCACTTCGCTTCGATCAGATTGAGTTGTGGGTAAATCCCACCTCAAGCAGCTTAGGGACTGCGGATGTGATTTTTGACTCTTCCTCCGGAATGAATGATATTTCCTATTTCGGATTACGCTCTGCAAATATAGGAAGTGGCGACGAATATCTGATCGATGAATTACGTATCGGCACAGACTTCTCCAGTATCGTCATTCCGGAACCCTCTTCCCTTCTCCTGCTCGGCATCGGATTAGTTTTAGCCCGCATGGGAGTTGCCAGACGCATCACCACCCGCTCTTAAGTTCGCGTCCACCTCCAAAATAATTCTCGCACACAACCATGGCACTCGTCCACGACGACCAGGACGCTGGTACCGCCCCCTGCTTTACCCCAGCGAAGACAGGCATACCGACTCCCCGGATTCTGCCGACGCAATCGCCCCGTGCACCATCGCCAGGCTATGAAAATTGTCGTAAGCCGGCGTCGCGGGTTGCGTACCCTCACAGAGACTTTGCAAAAAGTTAAGAATGCCTGCTTCATGTCCCGATGGTGTAGCGTTTGCATCGACTTCAGGAACAGGAATCGAAACACAGTCCCTCACAAGCCCTTCTGTTCCGCAGAGTTGCTCCACCTCAATCCCATCCTCACCATCCCACATCAAGCTGCCTTTTGTCCCCAAAATCCGCCACTGACATTGCCAACTTGTCGACAAGCCTTCCGCACACCAACTTCCTCGATATGAACTGCGAATTTGATCTTCGTGCTCAAAAAAAGCAACCGCTGATGCACCATCCGCATACCAAGAACCCGGTGGATTCCAGTCTTGTGCCCAAACCTTGACGGGAGGGGCATCCGTCAAATAACGAATTTGATCAAAGGAATGAATCGCCATATCAAACAAAAGCACATGTTTCATCTCGTCCCGAAATCCCCCAAAATGGGCCCCTATAAAAAAATCACTATGAAAGGTGTGCGCTTGCCCAATCATTCCTGAATCTAACGCAGCCCGTACCCGTTGAATACCATTAGGTTGCCAACGTCTATTTTGCATAACACCGTAAGTTACCCCGGCCTCTTGCGCGGCCTTCACCATCTCCCGCGCATCCGCCATACTTTCAGCCAAGGGTTTTTCACCCAAGACATGACAACCCTTCCCTACCGCGCTAAGTACAATATGTTTATGGGCAGAGGGAACCGTACAATCAAATACCAAATCTGCCCCACTCTCCCGCAGACATTTCTCTAAGTCACTCGTCGCCAGCCCTACCGGCAAGCCAAACTGCCTCGCCTTCGCTTTGGCCACCTCCACATCAAGATCAACAATTCCCACCCACTCAATATTCGGGTGATTTTTTGTAACGGTAAACCAACTATCGGCAATACCACCACAACCTACATGTATGGCTTTAAATTTTTTCATCGTGACAATATCCTATAAAACTACCGCCAAATCGTCTTTACCGATTGTCTGGAATATATTGATCTTTTGTCTGATTTTGGATAAAAAATCGACATGGACTTGGTCTCAATAAAATCAAAAATATCTCTATTTCCTGTAAAACTCTATCGATACCCTCATTTAAAACTGCACACCCACCCCTTTCACGAATTCTATTTTAGCTTAAGCACAGGAGGTACTCAGTTTGCAGGCGAAAAAAAGTACCCCCTCCAATCACGACAATTGTTTATCCTGCCCGCTTCCCTACCACATTACTGTCATTCAGACTCCGAAACCCACGGGGTTGAGGCCATTGTTTTATACGTTTCACCTGAGCTGTATCAAGGAAACAGCTACGCGGATGAAGAGGGCCAACGCATTTTATCGCGTATCGTCAAAATGGGAAAAGAAGGCAACTGTGAGCTCCATCTTCATACAGAAACCCTTCGCCAAATTGAACAGATTTTACTCCCCTTGAGTAAAGAAAAAATTGAAGATTCACCAGGTTACGCCATGCATATACGGTCAGGATTCGAAAGCATGTTGGTGGCCTTGATGAGAGATCCCTATTTATCACCGTCCAAAAAAACAGTCAACCCCATGCCTCATCAGCGACTGGAAAAGGTCTTTTATTACCTCGAAGCTCATTATTCAGAACCCTTAACCGTCGAGAGAGTCTCCCAAGTCGCAGGCTTAAGTCGAAGTCATTTTCATGCACTCTTTAAACAGGCCACCGGCGAAGGTTTGGTGGATTATCTTACCCACATTCGCATTCGCCGGGCCTGCGAACTCCTGCAAGACGAAAGCTATTCCTTGCTGGAAGTCAGTATGAGTTGTGGCTTCGAATCACTTACCCATTTCTACCGCTGTTTTCGAAAACGCAAAGGTCTTCCTCCAGGGAGCTTTCGGAAACAATCCTGCACGCCGAGCTAAATCAGAGCTGTAAACTGTACTGAGACAAACCCCTCGCGTCCAAACACACGTGTACGGCTACGATTCGCTCATATTCTTGGCGCGGGTGGGACTCAGTGCCGTCAGCATATTTTCGCCCCGACCCAAACGCTCCAACTCATCCGCCAAGAAGCTCCAACGCGCTTCGAACTCTATGGGGGCATTCGCACGATGAGGCGCAAGTAAACATCGGTCATTCGACCGAAGGGGACTATCCTCTTCCAAGGGTTCGGTTTCAAAAACATCCAAAGCTAAGAAGATGTTTTGTTTCTCAACCGCGGCAATCATCTCAGCTTGGTTGACCATTTTTCCTCGTGCAATATTGATAAACAAGGCCTCGTCGGCCATCGCTTCAAAATGTTCAGCCCGAATCATATGGTGGGTCTCAGGCGTGTAACCACCCGCGAGCACAATCACTTCACATTCACTGAACAGAGACAATAACGACTCCGCTTTTTGAAACCCTTGCGCTTGCAGAGAGTCCGCAGTGGCATGCGCAGAATAAATCTGTACCTGGTCTGTAAATTGACCGAACAAGTTAGCGATGCCTTGGCCAATCCACCCAAACCCAATCACCCCAACTTTGCGGTTATGTAAAATACGTGTGCGCCCAAATTTCATCCGGGGCCAGGCCTCTCCACTCTTCATATAATGATTGTAGTTTGAGATTTGAGTCAAGGAACTGAGCGCCAAACCAAGCGTATACTCAGCCATGGGCCGAATACGCG
CP120722.1_gap116	4243366	4247884	4518	GTGCTCTTGTGGGAGCGAGATCAAAACAATATGACGCTTTAACTAATGTTAATATTGGTGTTACCAATGTGCTCTTGTGGGAGCGAGATCAAAACGTAGAAGGCAATCCCGCTCTAGACGGTTTTGTGTTACCAATGTGCTCTTGTGGGAGCGAGATCAAAACTGCGACTGCTGTAAACGTCTCGCTTCCGTCCGGTTACCAATGTGCTCTTGTGGGAGCGAGATCAAAACAGATGTAAAGTTTGAAATGGTCAAGGGCGCGTGTTACCAATGTGCTCTTGTGGGAGCGAGATCAAAACTGCTGTGTCGTACAGCGTGGATGCAATGACATGTTACCAATGTGCTCTTGTGGGAGCGAGATCAAAACCCTGCCAATACTCCCAAGGAACCGGCAAGCCAGTTACCAATGTGCTCTTGTGGGAGCGAGATCAAAACGGGAAGGAGCCTATGGTGAATCACGTGAAGCCGTTACCAATGTGCTCTTGTGGGAGCGAGATCAAAACGCTTGGAAGGTTGGCACATCACCAACGCGGCCGTTACCAATGTGCTCTTGTGGGAGCGAGATCAAAACCACTTCCATGACGGAAGGGGTGGGACGATTGTGTTACCAATGTGCTCTTGTGGGAGCGAGATCAAAACTAAACCTTTCGCTTTTGTCCATCATGCGCCAGGTTACCAATGTGCTCTTGTGGGAGCGAGATCAAAACGCCACAGCTTGCGTTCTGTGTCGCAACCACTGGTTACCAATGTGCTCTTGTGGGAGCGAGATCAAAACTGCGCACTTCCAGCGGGGTCGGCTCCAACTTGGTTACCAATGTGCTCTTGTGGGAGCGAGATCAAAACCGCGAAGTCTTCCGCCCTGCAATTGCAATGGCGTTACCAATGTGCTCTTGTGGGAGCGAGATCAAAACAGATCGTTTTAAGGTAGCCGTTAAGCGTAGAAGTTACCAATGTGCTCTTGTGGGAGCGAGATCAAAACCGGATCAATTATCCGCAAGAGATCGGATTTCGGTTACCAATGTGCTCTTGTGGGAGCGAGATCAAAACGCCCACACCGCCAATCCGCTCCATGCGTCAACGTTACCAATGTGCTCTTGTGGGAGCGAGATCAAAACACATCAGGCGTCGCGTGGATTAACACTGTAGCGTTACCAATGTGCTCTTGTGGGAGCGAGATCAAAACTGACTGGCTCGTCTCGCCATCCGTGGACATCCGTTACCAATGTGCTCTTGTGGGAGCGAGATCAAAACCTATGGCCTGCTTGTTGCACGCGGAATATTTGGTTACCAATGTGCTCTTGTGGGAGCGAGATCAAAACCGCTTGTTCGTGAGCATAGTCGCACAATGGGCGTTACCAATGTGCTCTTGTGGGAGCGAGATCAAAACGGAACTGCTGTGCTACGATCATCGACGCTTGGGTTACCAATGTGCTCTTGTGGGAGCGAGATCAAAACAATAACAACTGCTCAACTGCTGAAAAGGGCGTGTTACCAATGTGCTCTTGTGGGAGCGAGATCAAAACGTAACTGATGCTGAGGAATTCACAGGCAGCACCGTTACCAATGTGCTCTTGTGGGAGCGAGATCAAAACTTTAGCGACGTGGCAGGTCAGCGTTAATTAAAGTTACCAATGTGCTCTTGTGGGAGCGAGATCAAAACGTACATGAGCCCTGAGTCACCACCATTCTTTGGTTACCAATGTGCTCTTGTGGGAGCGAGATCAAAACTGTGCGGGATTTTAACCTAAAACAAAAAATACGTTACCAATGTGCTCTTGTGGGAGCGAGATCAAAACGGATCAGACGTGCACTTGTGCACGTCGAACCGGTTACCAATGTGCTCTTGTGGGAGCGAGATCAAAACAAGCCTCTTGGCAATGCTCAAATCAGGGAGCTGTTACCAATGTGCTCTTGTGGGAGCGAGATCAAAACTCACAGGTTCGTCTCGCCAACCGTGGACGTCAGTTACCAATGTGCTCTTGTGGGAGCGAGATCAAAACGATGATTGTTGATGATGGGGCGCTGGTGACGGGTTACCAATGTGCTCTTGTGGGAGCGAGATCAAAACACGTCGTTGGATGCGTTGTCGGTATAGTCTCCGTTACCAATGTGCTCTTGTGAGAGCATGATCAAAACCCATACCCACCAATAATGTATTCATGCCTTACTCTAGCCCACACGTAAAAATATTCGTCATGATATGACATGTTTACCCTCGCCTGTAGCGCACAAGAAAACACCTCTATCTTTTAATTTTACGCGTAAAGATCCATTTTTCTTATTTTTTATGTTGTACAATCTAGTTATATACTAGTACCATAGAAACATGAAGGATACATCCCCACCCCTATTTAAGAGACAGTGCAACGGCTTCACGCTAATTGAAATGCTGGTGGTTATCGCCATTATTGCCCTGTTAACTTCTCTACTTTCGATATCCGTACGATCCGTTTTGGATAAAGCCAATACCACCAAATGCATGTCCAACATGCGTCAAATTCATGTCGGTATTTTAGGCTACGCCAATGATCACAACGGAAGCCTTCCTGATAATTACGGTAGCAATCCTGGGAATCCCGATATCCCCAATGCCGATGGTAAATCCTGGCCCGATCGGATCGCCCCCTACATCGATGATAAATATGATTCCGCGGGAAACTACATCTCGGGCTCCTCTCCCGTGTTTTCATGTCCAGCACGGGCGGTGTGGGGAAGTGAATATACCCCATACCCTTTAACCTACGGCGTGAACCGAAATATCCTCATCAACCGCTTGTACACCGAAAACGGAAGACGCATAAGTATTTTTGAATTGGGCTCCTTGGCCGATGTGGTTATGGTTGCGGATTCCGGCCAAGTCAACGGCCTCACCGCCGGCCCCTCTATCGAATTCGCCTACTTTGAACACCAATGGGAAGAACCCATGTCCCTCATCGGAAACACCGACCAACCCGGCAATTTTAAAGGCATTCGTTATCGCCACAAAAATAACACCGCTGCCGTACTCCTCTATGCAGATGGACATGTGGGCATTGCCAAGGCCAATTATACAGAAGATCCCACCCAAGGCACCGCCTCCATTACCGGTCAAGCCTTCCGCAGATTGTAACATGAAAAATCGATCTCTATGTACAGCCGCAGGTTGGATCGTAGCCGCACTTCTCTCTAGTTGCGGCCACAAAGCCCCTCCTTTAGAAGAAAAATCTATCCAGCAAGACCTCACGATCATCGAGGCCTTCAGCAAAGGCTTAACCCAAATTGCACCCGAAACCGGAACCTTATGGATCCTAACCCCTCCCCCTCTCCCAGAACGACCCAGTGACCAAACCCGTATCAAAAATCTCATCCAAATCGCCAATCAAAATTTGCCCGGTTGGGAAATTGAAGTCAAATACCCCAGTTCCGATGATCTCCGCCTTTATGAAAGCGCTTTATATACCGGAGATTATCCGCTCCCACTCTTAAAAAACCTTACCCAAAACGCCCCCCCTACCGCCTTACTTTGCTTTAAAGGCATTCCTGTAGGTAACCGGCAGGACCTCATCGCCTTCTCCCAAACAACGCTCTTGGCGGGCGTGGCCCCTTATGGCAAAATTCAAGCCAACCCCTTGCTGAACGACCATATCCTAAAAATAGCTCTGGTTCTCGAATCAGGAACCGTCAGCTGGGCAAGCGCTGGCCGCAAAATCACCTGGCAAACACTGTAGGTACAGCTCTCGCGTATCATGGAGGGCCCCCGACGTTTCACACAAGATGTGTGAATCGAAATCCCTTGATTTTTCAATAGGTCACGTCATTCCTATCCTCAGCCATGACCAGCCCTATAGAAAAGTTTAAAGCGGATACCCAAGCAAGCACCGTCGATTTCGACCACCGTAAATGGATGCAAACCGCGTTAAAAGGCTACGAAAATACCCGAGGGGGTGTTGAAGAGAGCTTTGGTGATTTTGAGCAAGCCAAACGCACTGGCGCCGCCATCAAATGGGAGGCCATCGAAAATCTCGACACCCTGCTCGAAGAATTCGCTCAAAACTTGGAAGCCCGGGGAACCAAAATTTGCTGGGCCAGCAACGGAGCCGAAGCGGTCGACTATATTCTCCGGGTCGCTGAAAACCATGACGCCAAAAAAGTGATCAAAAGCAAATGCATGACCACCGAAGAAATCCACCTCAACCCCGCCATGGAAAAAGCAGGCATGGAAGTGGTCGAATCGGATCTCGGGGAATTCATTGTGCAATTACGCAAAGAAGATCCCTTTCATTTTGTCTTTCCCGCCATGCATTTAAAACGGGATAAAATCAGTCAAATTTTCGAACAAGAAATCGGCAGTCAACCTTCAGACGATCCCGAAGAACTCACCATGATCGCCCGACGGTACATGCGTCAAAAATACTGCGAAGCCGACATCGGCATCAGTGGCGCAAATTTTGGGATCGCTGAAACCGGAATGATCTCTATCACCGAAAACGAAGGCAATGCCCGCCTCACCACCTCCCTGCCCAAAGTGCATATCGCAGT
CP120722.1_gap117	4273185	4274478	1293	TTCATCTCTCCCATCTGGGATATTCCTCCCGTCGATGACAGCATGATGTGGGTGACCCCCGACCCCATTCCCGATGAGCAGAATGCGAGATTCATCTTGGAGCAGGCCTCAACATTTTTACTTTTGCCAGAGGACACCTGGGTTGAAGAAATGCTGAAGAACCCTCAAAGCTATCGGCAAGAAATTGAAGGATGGGTCAGATACAATCAGGAATTTTATGACCGTTGGGATCAAGCAGTCGTCACAAGACCTTATCAAGGCCCCTGGGATATTGAGAGCAATGAAGATCTGACCCCACTTATGAAACAGACGAATGACATGGGGAATGCACTCCTGTTTCGAGCCTCCTTGCTCCCCTCCCAAGCAGAACGCGTCAGCGCGTACATCGACTTGCTCCACACTTTCATCACCTTCGGCGAAGCAGAGTACACCCTCTACAACCGATGGCGATGGGCATTTACGTTTACAAAAATTATAAATCAAATCCGGCAAGACTTCGACAGCCAAGCGCCCACCGCAAAAGTACTCACGACCTTCAAAGCCACTCTGCCTTCCCGGTACCCCCTTACAAATCATCAGAAAAAATGGATGATCATCCACGCCTACCAACAAAACATCTCAATTCTCAACCAAGCGAACACCAACGAAGACATCTATTCGCTGTTTTATGACACTCCCCATCTCAATAGCTGGAAACAACGTCAGTTCTTTTACCAACCCCAGCGCACCCGCGCTTTGCAGTTGGAGATGAGTTTACATGAACTACATCAATATGACCCCGATCAATTCCCCAGTAGTTACAGAGATACCGAAACTATTTATTTCGAAGAACATTTTTCCAGTGATAAATTTTGGGGACTCTTCTCCGCCTTCAATGAAATGGGGAAAGACTTTCTTCAAAATTTTCAAGTGACCGATGCCGTGCACTATAGCGAAAGGACGCAAAAATCGAATGAAGGATTTTTGGCACAACTTCACATTCAAGCCGCGTTACATCTCTACCGTATGGATCATGGGCAATTCCCCACAAGCCTCTCAGAACTCGTGCCCGCTTATCTCGATCACATCCCCTTAGATCCATATGGTAAAGGGGAAATGAAGTACCTTCCCCAAGCAGGCATCATCTACTCCGTAGGCAGAGATGAGCACGATGATAACGGGGAGCCCGGTGAAGATAACTGCATCTTTATTCGAAACTGGTTGCCTCCCTTGGGTACACGCTGACTCAACATCGAAGGCTCACCCTTTCAGGGCTCTGGTGTATATTCATGTCTTTGCGATTCCCAGCGCTAC
CP120722.1_gap118	4283983	4286233	2250	GTTTCCGGGTTGCGATAAAAACGTGCGTGTCGGTGGAAACAACACCCACGGAAAGTCCTCTTCTTCCCGTAAAGCCATATCGCCATATCCCAGCGCCTGCCGCAACCGGCTCACCCGTGTCCTCACTACAAACATCGCGTCACCCTGCACATCCCTGGCATAATCCACCACAGCTTCAAAGGGTTGCACGGACGCCGGAAAATTAACATCCCCCCGAAAAGCCATCATCCGCAACGCCTCTCGCATACTTGCCCCGGCAAAGGGATCAAACTCCGACGCCAAAGCCGTCTCCAACACTTCCTGATCAGCCACCCCGCCATGCCATCGATAATATTCAGCAGCCATCTCTCGAACCCGGGGATCTGCATTTTGAAGAAACAACGACATTTGTTCGTGAGCCATGGGATCCCGATCCGCCTGCTGAATCAAACAAGCAATCACCAAACACAAAGCCTCCTCCTTTACCTGAACAGCCATTTGACGGGTGAACGGCGTAAACAGCTCCGAACGATAACGAGGCAAACAAGGAAGAACTGCGTTCCAATATCTCGGTTGCGCCACCAACTGTAACATTCGCTCAACATCGGGCCCTTCCCGCTCTAAATCGACAAGTAAATCCGCAACCCGACCCGCGTTGAGTTGTTGAAAATGATCCGTCGCCCATTGGCTTAAGGTGGCAGAATCCATTTTTTGTTTCAACAAATACCAAGCCGATTTAGCCTCCGCATCATTTCGCGAAGTCAAAAGAGGCAACACCGAAACTTCAGTCCCCGGCAACCACGCGTATTGCAACGCCGACAATGCCAACATCCGAATCGTAGGATGGGGATGCTGTAAATGCGCCACCAACCCCGGCACCGCCTGCGTACCCAAACGCTTGTATTCTTGGATCGCCTGCGCCTGTGAATGCGGATACCCCAAAGACATTAACAAGGAATCCTCCGTCACCGGCAAGCTCCCTACCGGTAAAATTTGCGTTTCTTTGCGTTCCAATTGAGGCAAAACTTGTGTCCGTGTTTGCGCAAAAAGCGGCCACGACATCAACAAAAAAATAAAACCGAACACGCTGGTCATACCCATAGTATGAGCGTTTTACCTCAAGGCTACAAGGTTCGAGCAACATAACCCGACATCAAATTCACGACCTAATAAGTCGCCGCCTTCATCATTTTTAGGATCTCCGGCCCGAATTTCTCCAGTTTGGCCGGACCAATCCCCGGAATGGCCGACAACTCCTTCTCACTCGTAGGTTTCCGCGCGGCCAAGGCTTCTAAAGTCTTGTTACTCAAAATATGAAAAGGTTTCACATGCGCAATCCGACAACGTTTCATACGCCAACTCTTCAGCGCCTTCAATAAATCTTCGTCCACCCCCACATCCGCTTCGGCCGCCGCCGCCACAAATTCGACGCGAGGTTGCACCTTTCGAAACATCGCCTCTTTCCCACGGGGCGTTATCTCCAAGGTCGGATACTCACGACCCGTCTGCGCCAAACACCCATCTTGCAATAATTCGTCAATCGCCGACACAATGCTCGCCAAGGTCCACTCCTTCAACAAACCATGACAACGATGCGTCTCCAAATGCGCTTCTTTAATCCCCTTCGATTGAGATCCTTTAAGCAGTTCCGCAATGCGCGCGCGACCATATTGACCATCCAAACGGGCCACCGCCGATAAAATTTTCTGCACCGCCACCCAAGTCTCTTCCGGAAAAACCTCCGGCACCTTCACCGCCCCCATCACACAACGATCGCAGGCCTTACACGAGTCCCCCAAATCCGTCGGATCTCCAAAATACGCTAAAATTTGGGCATGACGACAACGTGGCTGATTTGAATACTCCAAAATCGCATCCAACTTCTGACGATCTCTGGCCGCCTTGGCCTCTGCTTTCAACACCTGTTCCGCTAGTTTGCGGTCATTTATTTTTTCATACGCCAAAACCGCCTGCGTGCGAGAGCCCGGCTCCTCCTCACGTTGCACACATTCCGCGCGTTCCAAAATCCAAGTGGCCGTCCGAATCGCCATAGGATTGTTGGTCGAAACCAATTCCTCTTTGATCACATCCGCAGGCAAGGCCAGCGGACTCCGCATACAGCGACGGCGATAAAACCCCAACAACTCCAAAATCGTTTCTTTACTGGGGTTCCCCCCTTCCAGAAAAAACTCCTGCGTCCGCACATCCGCAAAATTATACAACAACTCACACCAGGAAGGCGCTTCATCCCGGCCCGCCCGACCAATTTCC
CP120722.1_gap119	4349217	4350964	1747	CTGACGCTCTGTACCCAATTGCAAACGGGTTTTCAATTTTTGTCCCCCACCCGTGAATGAAGGGGGATCGCCAATATCAAAGTTTCCTTGTGACAACTCAACAAATCCAACCAAACTGTCTTCACTTGAGTAACCTACCCCAGCCAAAAACTGACCGCTTCGGCCCTCTTGCACATCAAACTCTAAATCGTAAACCCCGGGATTCTCCGTCGGCAACAAGGTATAATTGGCCGAATCAAAAAATCCTAAATTCCGCAAACGGGCCGCACTTTTTCGGGCCAATACTTCATTGAGCGTATCCCCTGGATAAATCAACAATTCCCGACGAATCACCGAATCTTTGGTACGCGTATTTCCCCGAATCAAAACGTCGCGAATCTTGGCAACCCGCCCTTCATTTACGGAATAAATAATATCGACCCGATTCTTCTGCGCCGTGAGCAGGATGCGTTCATTCACCCGGGTTTCAGAGAAACCACGGTTATTGTAAAAATCTCGGATCTTGCTTCGACCTTCCTGAATTTTATTGGAAGCCGCAATGCCCCCTACCTGCAGTGGCACCTGTGCACCCAACAAAGAAGAGGGGTAAAGAGTGTTACCTTCAATGCGGATACTATTCACGATATACTGCTCGTAAGGCGTAATGGGAATGGTGATCTTTAACCCTTTTTTCAAGGGTGCAATCTCATAAGGACCCGCTTTGGCATCCAAATATCCTAAGCGCCGATACATTTCTTCCAGCATGGATAGATCCTGACGCAATTGAGGTTCATCTAATTTTCCACGTCCCGTCAAACCACTCAAGATCCAAGTATCTTTCTGCCCCATCACCCGTTTTAATTGCGTGCGGGTGTATTCAATACGACCCGGGAACACAATTTCCTTCACTTTCCACTGCTCCCCTTCATCAACGATAATGGTCAACTGCGTAAAGCCTTCCGCATCGGGAGGCGTTAATTCCACCTCAAATTCGACCAAGGTATAAAAATCTTTTTGATACTTTTCGTTCACCGCATCCAATTTAGTCATCACCATGGGAATATCCACCCGATCACTTAAATTGAGTTCCAGCAAATCGCGTACTTTTGCATTCGAAAAATGCTGCGCACCTTCAACGGTGATACTGCGCAATCGCGGACGCTCTTCAACCACGTACACCAAAACAATCCCCTCTCCCTCAGGATTAATTTCCGCACCCACATAGGCATAACGTCCGGTTTCCTGCAAACTTCTGATGTCTTGATTGACCAAAGTCGGATTGTACTGCGCCCCCACGCGAGGCTGGATAAAGGCTTTGACCGCGGATAACTCAATTTCATGCCCAGGAGTCTTACTCCGAACTTGAATATCCAAAATTTCAATGGCCCATAATTGGCATTGAAAACAACAAATAAGAAAGAGAATCGAGCAAAGTAGTTTTTTCATGCAGCTGATTAAATTCAATTAGAGGGGTGAATCCATGTCTTGTCGTTCCCGGTTCTCAAATCGGGTGGTTTCCTCAAAAAAGCTTAATTCGACTTCCCCTACCGCACCATTACGATTTTTAGCGATATCCACAATCGCCAAGTTGGGTTCTTGCGCACGGGGATCGCCGGGATAACGTGCGGGACGACGCAACAGCATCACCACATCGGCATCCTGCTCAATCGCACCCGAGTCACGCAAATCCGAAAGTTTAGGGACCCCACTGGTCCGATCTCGTTTTTCAGCATCACGACTCAACTGACTCAACACCATCACCGGAACA
CP120722.1_gap120	4362982	4363828	846	TCTTGGCTTCCGTACCTTGGACGAAATGGTCGGTCATAGCGAACTCCTGAAAATGGGCAAAGCGATCGAACACTACAAGGCTCGCGGACTCGACTTCAGCAAAATCCTTTACAAACCGGAAATGCCCGAAGGCACCCCGCTGCGTAAAATGATTCCTCAGGATCATGGATTGGACGTCGCATTGGACAATGAACTCATTGAAAAATGTGCACCGGCTATCGAGCAAGCTGAACCCGTTCACTTCAAGCAAAAAGTCATCAACGTCAACCGAACCGTGGGCACCATGCTCTCTGCGGAAATTAGCCGCAAATACGGTGAAGCCGGACTGCCCGAAGGAACCATCAAAATTGATTTTGAAGGACATGCGGGACAAAGTTTTGGAGCCTTCCTTGCCAACGGCGTGAAATTCCAACTCTTTGGAGATGCCAACGATTACTTTGGCAAAGGCCTCAGTGGCGGACGCCTCGTCGTGCAGCCTCAACCTGAATCTCCCTTCAAAGCTGAGAAAAACGTGATCATCGGAAATGTAGCCCTGTTTGGCGCTACCCGGGGTGAAGCCTATATCCGCGGAATCGCGGGTGAACGCTTCGCCGTACGGAACTCCGGTGCCCGAGCCGTTGTCGAAGGTGTGGGTGACCATGGTTGTGAATACATGACCGGCGGTTGCATCGTATGTATCGGCCACACGGGACGTAACTTTGCCGCCGGCATGAGTGGTGGTATTGCCTACGTTCTCGACGAACGCGGCGATTTCAGCGAACACCGCTGTAATCACGAACTCGTAGATTTAGAGGACGTCGTTGATCCGGTAGATGTGGAAGAACTCCGCACGCTCCTGGAAGCACA
CP120722.1_gap121	4367571	4370411	2840	TGGCCCTTCAGGCCTCTCCATATTAGTTCACCCCTCATACCAGCCCTTGCGGACCGGCCTTTGGAGGGCCTCCCCTTCGGGGCTTTAACACCCACCACCATTACAACACCCCTCTGACCTCTACCCAATGACCATTGACTACCCTCCCCCCCCCCTTCTCCAAACCTTCATGCCCTTCAATTCCTTCATGGTGAACCCCCTCAACCCTTGACCAAAACCCACCTCCAGAGTCCGGTACGGACGACTCTCTTACTGCATGGCACAACCGATTTAATGTCGATGTGTATTCCAAATCGGGTCGGATTTTTGTCATGCAGTGAGAGAGCCGTGCTTTCAGCACTCCCAATCCTCTCCGGTATCAATACCAGCCCTTGCGGACCGGCCTTTGGAGAGCCACCCCTTCGGGGTTACAAAAACCACGAGGGTCACAACCCAGCTCTGACCGATGCCCCCTGGTAACCAATGCCTATTGCCCAATAACCTCTCCCCTACTACAAATGACCATTGACCATTGACCATTGACCACCCTCCCCCAAACCTTCATGCTCTTCAATCCCTTCATGGTGAAAACCCTCAACTCTCCCCACCCTCAGGCCTGAAACAGCTCCACGTGCTGACTAAACACATTCGCACGGAAATGGAGGTTTGGCACATCCACGACCTGCAGCGCATCAAGAATAACAGGATCCGTTTCCGGTAGGAGCTCCGGTAAAATCGAAGGACGATCATACAAGGTTTCCAAATTCACCTCATTGCCCGTTTCCTTAGGCGATACCGCCGCATAAAGAATCTCACACTCAATGAGCTCATTCAAAAAATGCGTCCCCAGCGAGGCGTCAGGCACCAGATTGTCATGCATCCCCACTCGCTCCAGAATCGCCACCGCCCGATTAATATCCCCAAATCGAACGGGAACTCCCAAAGAAGGCTCTCGCGTCCCCCATCGTCCGGATCCAATCAGCAAATAACGGACATGCTCAGGCGTCAGTCGATTGAGCCGCCCAATGGTTTTCGCCACCGCATGTTGCTTTTGCTCCGTGAGCATCGAATAGGCTTCACTCTTCACCAAAATCACCCGGTCGATTTGACTGTAAATGCCCACACCAATCACTGGACCTTTCGCATCAATGCACTTGTGCCCAGGAACCAGATCGGCTCCCAAATCCCCCACTTCATCATTTCGAATCTGAAAAGGCCGACACTGGAGGATATTGATACGATACGCATCCTTATGCAGAAAATTCACACTAAACTCCACATCCACAGGCACCCCATAAGCCTCTTCCAACCAGAGCAACATATGGCGCAACTCTTCAATTAAATCTGTATCCTGCAACAGCCCTTTGAAGGTAAGTAAAGGATATTTCTCTCCAGGACGACAAGAGGTAAATAAATGAAATGGAAGAGGATCATCCTCATGAACCAACTCATCAAATGCACCCGAGATCATTTGGTTGCACTTTAAATCAAGAGCATCCATTTTACGTTGGGTATTTTCATGCGTGTCGGAAGGTTGCAAGTCGGGCGCGTTCAACGCAATCACACGCGTATGATCGTCTTCGTTGGGATCTACCGCCCGGGTACCCAACCCAAAGACCAAACGAATGACTCCCGCCTCTGGATCAATATCCCGATGCCATACATACGGATTATACGAGAGTCCCACCCCTGCCAATTGCGGATAATAATATGGGCCATAGCGTTGACCCGACACACGCTGCAGCAACAGCGCCATTTGTTCATCCCGATCCAACAATCCCCTGCGTTTACGATACCGCAAAGCCTCCACCCCTAAGGCACTGGCATACACCTGACGTATCGCATCCAACAGGGCCTGCAATCTCGCTTCCGGAGGTCCTTGATTTACACAAAATACACTTTCATATTTCCCCGCAAAAGCGTTTCCATATCCATCCTCCAACAGCGAACTCGACCGCACAATAAACGGCGCTTCACCAAAATAGCTGAGCATATCTCGAAGCTGATGAATCGCATGCTCAGGAAAAGTACCTTTCAATATCCGTTCTCTCGCTTCATCCACCCCATCTAAAAAGGTCTCGGGATCACGTTGCTGTTGCCTAATCCACCACACCTGATTTCGAATAAGGAAAGTGTAATAGATTTCAGATCCCACATGGAAGGAATCATGCGCTTCCAACTTTTCATACAAAGAGGGTTCTTTTTCCCGTAGGATTCCCCGGGCAATAATCATCCCCGCCGCCTTCCCTCCAATTCGCCCAAAGCCAATCAATCGATTACAGATCGCAAGCAAATCTTCTAAAATGAGCATCTCGCTGGCCAAACTGTTCATTTGAGGATCATCCCCAATGATCTCCATTAACAATTTTTCAAACAGCGACTTCTTCTCCTCCACCGAAATCGGGCGTCCCTGAAATTCATCCCTCAATAATTCTTTTGCGGTCAATACCAGACGCTTCCATCGATCTGGACGCGGTTCCGCCAACAACCCCCGCCAATCAGAACTGCGTAACACTTCAGAAATTTCTGCACTAGACTCCACCGGACGAAAGTCATTCCCCTCACGCAAATGAATTTGATTCAACACTTCACCCGACCGATATTGCACCTTCAAGGGACGGATATACAGCTGTTCATGATGACTAAACACATCCAGCATAAACTGCGTGGTTTCATGTATAGGCGTGAGTGCAAAGGGACTATGGGTATGACGGTAAATCGCAAAATACGCCAAGCGTTGATACTCCAACAACCTCGGGCAAGTCAGCATAAAAAAGTTGCCCAGCATCGAATCCGCTCGCCAGGTCTCACTAAGTTCAGACAGACAATCAAATACACAAACCGAGCCCTCCCCTAAATGG
CP120722.1_gap122	4384728	4389056	4328	AAACAGCTCAGAAACAACACGCTCCCCAAAACCACACCCTCAACAAACCACACCGCCCCTAAAGCGCAAAGCCCTGCTCTGATCTGCTTATCCAAGCTCTTCACCCTTCCCCCATCTCAACATCTGATAAGGTTTCCGCCCGTCGAATAAGGTCTTCACTCCCATCTTCCCGCAGAAGTACTACCGCCGGACGCGTGACAATAAACTGCATCGATTGGGTGACGTTGTAGGCGCCAACATTCGGAATACATAAGATTTCGCCTCGCTCCAAAGCGGGCAACATCCACTCCGGATGCAGCACATCAATATTCATACACAAGGGGCCCACCAACTGAGTCGAATGAAATTCCCCTTCATGTTTTTGGGTAAGCGAAGCCTGTATTTCATACCATGTGGCCGTGTACAACACATTCACTCCCGCATCCATCACCACCAAATCCCGTCCGTCCGGCATTACTTTTCGCGCCAATACCGAACTGAGTAACCACCCTGCCGAATCCACTAAAGCTCGACCGCTCTCCAGCAACAATTGGGGTAAATGACCCGGACGCAAATTCGCCTGCAAACTATTCACAATCGCTTCCGCATACTCGGAGGGCGGGGGCAAATATACCTCAGGCGAATGATAAATGCCTTTCAGGCGCGCAGGCGATGGGAACCCTCCCCCTAAATCCAGATGTTCAATACGTTGATCAAAACGATCCTCCGCCCAATAAGCCAACGTCAATAATTTCTGAGTCATCAGCGCGTAGGCCTGTGGATCCAAAATATAAGTGCCGATATGACAGTGTACGCCACTCAACTGAATGTGGGGATGACGCAACAATTGGGTAAGAGCCTGCTGAGCCTCACCATTTTCAAAATTAAATCCAAAACGCGACCACACGGGTTGAATACCCGCATCCATATTCACCCGAATCCCCACTTTCAACTTGTGATCACTTTCGTCTGCAATCGCCAGCACATCATCCACTTCATCAAAATGATCAATATGTAAAATAGCCCCTTCCTTCAGAGCCTCACGCAAAAGAATTTGAGACTTGTGGGGACCATTCAGAATAATATTTTTTCCCGGCACCCCCGACTTCCGAGCTTTATGGTATTCCATTTCAGAAACCACTTCCGCCAGCGATCCTTCTTCATGAAAGCACTGACAGATCCCCCGCAAGTAACAGGTTTTATAGGACCATGCAAAACGAACAGGCTGATACAAGGTTTCAAAAGCCTGCTTCCACCGAAATAAATTTCGTTTCAACTCAGCTTCATCATACACAAACAAAGGAGAGCCATACCGTTCCGTCAACTCACGAACCGGTACCCCCGCAATTTCGGAAATCAGCGCACGGGAGGCCCCGGTACGCCGCGCATGCGGATTGCCAGGTTGGCCAGAAAGGAGGTCGAGGCGTGGGGGTTCAAATGTTTTCTGCATGACAATAACTTCCTTGCGTAAGCAAATGTTTCATCGGATCTTGATCGAGCACCGATTCTTGAATCGAACGTACAATCCATTTTCCCGCGGGAATAAGATCCATCACCCGCTCCGGCTGACCGAAGAGTTGCCCCAGCCAGCAAGCAGGTAAATTAACGCCCAACAAAGCACCCGCATAAATCCAGGCGGGGAAACGCGGATTGATTTCAATCAGCCATTTCGACCCATCATCACCCAAGATACATTCCAATTCAAAAGGACCCTTCCATTCACTTTGCGCAAGAAATTTTTCAGCGACATCCTGCAACCAAGGACATTGTATCGTTATCGCGTTCCACAACTTTCCTTGCGAGGTTTGATGCTCTTTCCTCAAGGACACTGTACGACATACAGCCCCGCCCTGACCGTCTCCCAAACCCGCCAACAACATATCAGTCCCTTGAATCACTTGCTGAAACATCACCGGATAGCCTCCATACATGGTGACCTGTTCTACAGCTTGCTGTAAGGCCAACAGCGTGTAAACTTTCTTGGCGCCATACTGATTTCCTTTGACAAACAATGGGTAATCCAGCCCCTCAACCGCGGTCAAAATTTCAGAGGGATGATGTACCACCACCGTCTTCGGGAATTGAATCCCCCACTCCGCACATACCGTTGCCAACCTCTCCTTATTCCGAAGCTGATAAGCCTGTGGCGTAGGCAACCCAACCCTTATCCCCAACGCATCTAACCGATCCTGTGCTTTCAAAAACAGCGGAATTTCCACATCTAAACAAGGAATCAACACATCCAGGGGCAGCTGCGTATGAATTTCCTCCAGTCGATCCAAACTGCTCTCCACACCTTGCCCCGGATACGGCATCAAAAATACATGATCAAACAACCCTTCCGACAATGCCAAACATTCCGAGGCATCATAGGCCAAGGCCACCAAACAAATTTCATCCCCCCCCCACTGACGCAAACTCTTGGCCACGCCGATCCCGGGCCCCGGATTTTCAGTAGCCGAAACCCCCGTCACGGCGATGGTCAGAGGTTTGTTGTTTTTCATGATTACGCAGCCGAAGTACTTGGTGAATCGACCTGCAGCTCGGCTCCAGATTCTAAAGATGAAGAGTCAGGAACCGAAAGACCCGCCATGCGACATTGACGTGCAAAACGTTCATATCCCCGCTCAGCTTCATTCAAGGACAGGTCATATTCCCGCATTAACACTTGGATTAATTGTGCGGGACAAAGCCCTTGCTGCAAACCGTCCAGCAAACACGCGCCCTCTACGTTCACTCTAAACCTTTTCCCAGTTTGAGGGTCAAAAACCAATCCATTTTCCCGATTGTGATGTAACTTATTCATAAATGATAGAGCCGCTTATTGATCTTGCTCAGGAACGCGTAAGTCCTGAATAATTTTACCAATGGTCGTCTCTTGCGTTCCCGTTAGAGGCTCTGAGGCCATGGTTTCCACTCCTGCTTCATAAAAAAATTGTGTATCACCCGCTTCAATCATATCGCCTGGCTTTAAGTGGGCTGACTCTTGAGCTATCCCATTTACTTTCAGGCCGGTTGAGCTTTGCAAGTCGCTCACCCAAACACGACCCTCCCTCACTTCAATTTTAAAATGCTTTCGAGACAATCTCGGATCATCCACACACACATCCATGCGTTCAGAACGTCCCACATGCAGGGGGTGTTCACCTAATTTCCATTCCCGAACGGGAACGCCTTTTTTATCAAGCAAAAGTAAGTATGGCATAAGCATTTAGAGGTTTTGTTTTAAGGTCCTAGGGTGCAATCCCTTGCTCCTTTGTGTTATTTTCGAGTTCAGAAATCTTTGCTTCCCACAGAGGAATGGAAGGATCGTCAGGATCAAATTGTTTCAAGACCCGCAGGGTTCCTTTTGCAGGATTCACGTGTCCGATCTCAATCAATTCGGACATTAACTTGTTCTCAATTTCATCATTTGTCGGATCCGCATTAAAGGCCTTATTCATATACAAGGTGTAATAATGGCGTTGCCCTTCCAATTGAAATGCTTTGGAAAGCCCCATCAAGGCCTCAATATTATTTCCACGAATGCGCAATACTTTGCCATATGAAATACGTGCAGAAAGTGTGTTCCCTAGCGCCAAATATGCGTCTCCCAACTTCAACCAGGCCTCGTAGTCCTCAGGATCCAGAATCACAACCTCTTTAAAGGCCTCTATTGCGACGTCATACTCTTTTGATTCAAAAGCTTCTACGCCTTGCTCATAAGTCATTTCAATGGTCGGGGTAGGGAGCGCAGTAGGAAGAAGCGAAGGCCCCACGGGAGGCACAACCTGTACCGAACTCTTGGCCTCTACTTCTTTCGAAGTATTTGACATCACTCCCACAACGCCGATCAACAACAACAGCACAATTGGCAGCATCATCCTTATCGAAACCGGGAACTTACGACGTGCAGCTTGGGTGTAAGGACCTAAAGGACGCTGTCCTTTGGATACGCGTTCCAAATCTTCTAACACATCCGCCATGGTCGCATATCGATCACGCAATTCCCGCGCCATGGCCGCTTCAGTAATCTTGGTGAGGTCTTTATTCGCGTCTGAGTTTATTTTATGGATTGAAGGAGGAGGACCCGTACGAATCGCATCTAAAATTTTATCAGCAGTGGCTCCATTATACGGCAATTTCCCTGTCAACATCTCATACATCATCGCGCCAAAAGAATAGATGTCACAGCGGGTATCTTCAGCCTGTCCCGCGGCAACACTCGGTGACATGTAAGCGGGAGTGCCCTCGGCAGCACTTTCAGAAACATCACGCAAGGTGTCATCCAGAAAACTTCGCACCAATCCAAAATCTGTAATCATCACCAAATGCTGATCATCAATTAACACATTGTCTGGCTTTAAATC
CP120722.1_gap123	4431527	4432027	500	CGCTCTTTAGGTTTAAGTCCTAAACTGTCGTGCGTATGGGTCTGAACCGCCTCCCCCAACTGCTGCGCACGCCCCAATTCAAGCATGGAAACTAACAAATGCTTCTGACCTTTGGCCTCCACATACAAAAAAGGATCCGGCGCATCAAAACCACACGCATACCTAACGTTTATGCGGTCTGCACCGCCTCCAACCAATAATAAGGATCGTGAATTTGAGCGCTTATTCATGCCTTTTTCTCCTCTCTGTTGATCAAAGCCCACACTTCGAAACAAAACAAAAGTCTAATTTGATTAAAACAGTTCTTCGTCATTATCTTGTGCCTTTTTTTTTAGCGAACCACTACCTGTAGTACCCCGATTTTTAATCTCATTCTATGATTTTAACAGCTTGTCCCCCCCCCCTGATTCAGTTTATGGTCACTGCAACGGAGAGGAATGTTGACCCCAAAAGGTCATGCATTTCTGTCTATTTAAACCGAATTTTTGTCTTAGGTACAA
