gap_id	start	end	length	sequence
CP129556.1_gap1	1322	2940	1618	TTATGATTTGGGCTACACACGTGCTACAATGGACAATACAAAGGGCAGCGAAACCGCGAGGTCAAGCAAATCCCATAAAGTTGCTCTCAGTTCGGATTGTAGTCTGCAACTCGACTACATGAAGCTGGAATCGCTAGTAATCGTAGATCAGCATGCTACGGTGAATACGTTCCCGGGTCTTGTACACACCGCCCGTCACACCACGAGAGTTTGTAACACCCGAAGCCGGTGGAGTAACCTTTTAGGAGCTAGCCGTCGAAGGTGGGACAAATGATTGGGGTGAAGTCGTAACAAGGTAGCCGTATCGGAAGGTGCGGCTGGATCACCTCCTTTCTAAGGATATATTCGGAACATCTTCTTCAGAAGATGCGGAATAACGTGACATATTGTATTCAGTTTTGAATGTTTATTTAGCATTCAAAAAATGGGCCTATAGCTCAGCTGGTTAGAGCGCACGCCTGATAAGCGTGAGGTCGGTGGTTCGAGTCCACTTAGGCCCACCATTATTTGTACATTGAAAACTAGATAAGTAAGTAAAATATAGATTTTACCAAGCAAAACCGAGTGAATAAAGAGTTTTAAATAAGCTTGAATTCATAAGAAATAATCGCTAGTGTTCGAAAGAACACTCACAAGATTAATAACGTGTTTAAATCTTTTTATAAAATAAAACGTTTAGCAGACAATGAGTTAAATTATTTTAAAGCAGAGTTTACTTATGTAAATGAGTATTTAAAATAATGAAAACGAAGCCGTATGTTAACGTTTGACTTATAAAAATGGTGGAAACATAGATTAAGTTATTAAGGGCGCACGGTGGATGCCTTGGCACTAGAAGCCGATGAAGGACGTTACTAACGACGATATGCTTTGGGGAGCTGTAAGTAAGCTTTGATCCAGAGATTTCCGAATGGGGAAACCCAGCATGAGTTATGTCATGTTATCGATATGTGAATACATAGCATATCAGAAGGCACACCCGGAGAACTGAAACATCTTAGTACCCGGAGGAAGAGAAAGAAAATTCGATTCCCTTAGTAGCGGCGAGCGAAACGGGAAGAGCCCAAACCAACAAGCTTGCTTGTTGGGGTTGTAGGACACTCTATACGGAGTTACAAAGGACGACATTAGACGAATCATCTGGAAAGATGAATCAAAGAAGGTAATAATCCTGTAGTCGAAAATGTTGTCTCTCTTGAGTGGATCCTGAGTACGACGGAGCACGTGAAATTCCGTCGGAATCTGGGAGGACCATCTCCTAAGGCTAAATACTCTCTAGTGACCGATAGTGAACCAGTACCGTGAGGGAAAGGTGAAAAGCACCCCGGAAGGGGAGTGAAATAGAACCTGAAACCGTGTGCTTACAAGTAGTCAGAGCCCGTTAATGGGTGATGGCGTGCCTTTTGTAGAATGAACCGGCGAGTTACGATTTGATGCAAGGTTAAGCAGTAAATGTGGAGCCGTAGCGAAAGCGAGTCTGAATAGGGCGTTTAGTATTTGGTCGTAGACCCGAAACCAGGTGATCTACCCTTGGTCAGGTTGAAGTTCAGGTAACACTGAATGGAGGACCGAACCGACTTACGTTGAAAAGTGAGCGGATGAACTGAGGGTAGCGGAG
CP129556.1_gap2	107452	108252	800	TTTGGTTTTGAGGTTTTGTTTGTATTTTATAAAATGGCTTACATATATCAAGCGTTGATTAAGTATGGAATTGTTAATTAATTGAACCTATTTAGCTTTAAGAAGGCATAACAAGATGACCTTATTTTATGCTATAATATTTCTATTATGCGAAGATTAAGGTGAGTAGTAAATTGGATAAAAAAGTAAGTATTCATACAAAGCAAGTGTTGAAACAGCACAACGAAAAAGAAAAATTTGAATTTACTACTGAAGGAACTTGGCAACAAAGGCAATCTAACTTTATTCGGTATGTAGAACAAATTGAGGATGCAACAGTTAATGTTACAATAAAAGTGGATGATGATAGCGTTAAGTTGATTCGTAAAGGCGACATTAATATGAATTTGCATTTTGTTGAAGGACAAACGACAACAACTTTTTACGATATATCGGCTGGACGAATTCCACTAGAAGTTAAAACATTACGCATTTTACATTTCGTAAGTGGAGACGGTGGCAAGTTAAAGATTCATTATGAATTATATCAAGATAATGAAAAAATGGGTTCTTATCAATATGAAATTAACTATAAGGAGATAGGCGAATGAATATTATTGATCAAGTGAAACAAACATTAGTAGAAGAAATTGCAGCAAGTATTAACAAAGCAGGATTAGCAGATGAGATTCCTGATATTAAAATTGAAGTTCCTAAAGATACAAAAAATGGAGATTATGCTACTAATATTGCGATGGTACTGACTAAGATTGCAAAGCGTAATCCTCGTGAAATTGCTCAAGCGATTGTTGATAACTTAG
CP129556.1_gap3	125156	127131	1975	GATATTGTTGTAAAAACATTGCTATTCTTTATTATTGGTAGTTTAGTTTATATTACTGGTTATCGACAATATCAATATTTAAATGGTTTAGCAAAAAAAGAACCATTCTTTGGTGTTGCGTTTATTATAATGATTTTTGCTATTGGCGGCGTGCCCCCATTTAGTGGCTTTCCGGGGAAAGTACTTATTTTCCAAGGTGCATTGCAAAATGGCAACTATATTGGACTAGCGTTAATGATTATTACTAGTCTAATTGCTATGTACAGCTTGTTTAGAATACTTTTCTATATGTATTTTGGAGATAAAGATGGCGAAGAAGTTCATTTTAAGAAAATCCCACAATATCGTAAAGGTATTTTAAGTATTTTAGTAGTTGTGGTTATCGCAATCGGGATTGCAGCGCCTGTGCTGTTAAAAATAACTAATGATGCAACAGAACTTAATACGAACGATCAATTATATCAAAAGCTTGTTAATCCACATTTGAAAGGAGAGGAATAAATGAATCAAATTGTTTTAAATATTATCATTGCATTCTTATGGGTTTTATTTCAAGATGAAGATCATTTTAAATTCTCGACTTTCTTTTCTGGATATCTAATTGGTTTAATTGTCATTTATATATTACACAGGTTTTTCAGCGATGATTTTTATGTTAGAAAAATTTGGGTAGCTATTAAATTTTTAGGTGTTTATTTATATCAATTAATAACATCTAGCATTAGCACGATTAATTATATTCTTTTTAAAACAAAAGATATGAACCCTGGATTACTTTCTTATGAAACAAGACTAACAAGTGACTGGGCAATAACATTTTTAACAATTTTAATTATTATAACTCCAGGGTCTACAGTAATACGAATTTCTCAAGACTCAAAAAAGTTTTTTATTCATAGTATCGACGTGTCTGAAAAAGAAAAAGATAGTTTGTTAAGAAGTATTAAGCATTATGAAGACTTAATATTGGAGGTGTCGCGATGATACAAACAATCACACATATTATGATTATTAGTTCACTCATTATTTTTGGAATTGCATTAATCATCTGTTTATTTAGATTAATCAAGGGACCTACAACAGCAGATCGTGTCGTTACATTTGATACAACAAGTGCTGTTGTCATGTCTATTGTGGGTGTCTTAAGTGTACTAATGGGCACCGTTTCTTTCCTAGATTCAATCATGCTCATTGCCATTATATCTTTTGTAAGCTCTGTATCGATTTCAAGATTTATTGGTGGGGGGTATGTGTTTAATGGAAATAACAAAAGAAATCTTTAGTCTTATTGCTGCTGTGATGTTGTTGTTAGGTAGTTTTATTGCTCTTATTAGTGCAATAGGTATCGTGAAATTCCAAGATGTTTTCTTAAGAAGTCATGCTGCAACAAAAAGTTCGACTTTATCCGTGTTATTAACTTTAATTGGTGTATTAATTTATTTTATTGTGAATACAGGATTTTTCAGTGTGCGTTTATTACTGTCACTTGTTTTTATTAATTTAACTTCACCAGTCGGCATGCACTTAGTCGCTCGCGCTGCTTATCGCAACGGCGCTTATATGTATCGAAAAAATGATGATCACACACATGCATCAATATTATTAAGTTCAAATGAACAAAACTCTACAAAAGCATTACAATTACGTGCTAAAAAACGAGAAGAGTATCGTAAGAAATGGTATCAAAACGATTGAAGTATTGGCTAAATTGTTAAGCATAACAATACTTTTGAAGATTTGTTTTCAAAATTAATCATTAAAAGAGTACTTTGAAATTGGTTAGTCGATTTTAAGGTGCTCATTTTTTGTATTATAAGTTAATGTTGTTATGTGAAAGCAAGTTGTTTATTTATACAAACAATTAGTGATAAAATAAAATTAAATAATTGCAAATTTAAGTACTGCAATCGTAGACATATATCTATATTAAAGTGCTTTTGTGGTCGCTAACTCAATTTATCCTCTAAAGTATAAT
CP129556.1_gap4	128783	130278	1495	AGAACACAAGTATATAGACAAGCATCATTAATAAGAAGAATGATTGTATTATTACGAGGTGCTTTATTAAAACGAAGAGTACAAACGAGAGTGAACTCGGCATCTTCACTTAGTGTTACGGATAACTTAATGGAATTAAATAAAATTAATAAATTAGTCCATTATAATGTGGTTAGTCGTTTGTCTAAGGAAACAACAAAAGATAATACACTTGAAGTTGGAATGGTTTGTGACGGTTATTTAATGCGAATTGAAAACTTAACACCATCTAATTTCTTCAACTCAGCAAGTGAAGATACGATTACTAAAATTAAATTAAATGCATTGAGAGAACAACGTCGCATTTTACGTGAGTTGATTGATACAGATGAAGTATCAGAAGGTACAGCGTTAAAACTAAGAGAAGCCATCAATTATGATGAAATGGTTATTGTAGATAGTATGACGTAGTTCGTAATTATGCTAAAAGGGATTGATGAAAAACTGAATGGCTTTTCATCAATCCCTTTTATTTAGGGGAATTGAATAGATAGTTTTAATTTTTCTCTGTATGAACAGCTGTTTTTAATAATATAGATGAAACCATTGCTAATATCATAGCAACAACAATTGATAAGTTGAACTGATTATCGATAGAAAATAATATACCACCAATTAATGATCCTAATCCGATTCCTAAATTTAATATTGAAATATCATAGCTCAATATTTGACTTGGATCGCCTTTTAAAAATTTAAGTAAAGCATATTGAACTGTTGGATTTGTTCCCCAATGAAATAAATTCCATGTAAATATAGATAAAATTAAAAGTATGACATTTTGTCCAGTCAATAAGATGCTCATAATAGAAATAATATAGACAATTATAATGATATTTCCAGCAATCCTATAGCCTTTCTTTTCAGTTAAATTATTTCCTAATTTTGAACCTAAAACACCTGCAATACCTGAGAAAAATAAACACAAACTTACTATCCAGATGCTATGACCTTTACTTTTTACTAAAGGCTCTATATATGTAAATAACATGCTATTAGATATCATCATGATTAATAAAAAGCCCAACATGATTAATGTGCCTCTGAAATTTACTAATTGGTATTTAGAATGATTATTAATACTATAATGTGATTTATTCGGGATAAATAACATAATACCTAGTAGACATAAAAAAGTGATAATCGCAATGATATAAAACGGAATCTTCCAATTGTAATGGGAAGCAATTAATGTACCTATGGGTATACCAAGTATATTTGCTGCACTAAAGCCTACGTATATGTTAGCGATAACTGATGCTTTGTATTCTACTGGAACAATATTTGCTCCAGTAGACATTAATTTTACAGTGATTAATGAAGCGATGCCCGCCATAAAGATTCTAACAATACATAGAAAGAAATAATTGGTCATTACAGTTGTAAGCATGCTGAAAATAATAAAAAGTATTAAACAGGATACTAATAATTTTTTGTCATTAATTTGACTAGTTAC
CP129556.1_gap5	135181	136012	831	ACCTGGTGATATCGTTACAATCAAACGTGTGAGAGATAAGACTGATTTGCTAATATATTTGTCTAGTAAAGATATCTCTATTGGTAATGAAGTGGAAATTGTATCGAAAGATGAAATGAATAAAGTAATTATCATCAAACGTAATGATAATGTAATTATTGTCAGTTACGAAAATGCAATGAACATGTTTGCTGAAAAATAAAATAAAGAAGCCATAAAGATATCCATGATTGTACTGATAAAGACATATGGATAATTGCTTTAGGCTTCTTTTTTATTAGTTAATTTATCAAGTGAGTATATTTGAGTAAAATATTCACTGCATAAAGATTGAAGATAATCCAGATTGTACTATAAATGAAGATAGGTACATGACTGAGTTCTTTAAGTGCACTACCATCCCACTGTGGACTCGGACGCTGGAAAGTCAATTTAGCAATCGTCCAACTAGATTGTAGAACTTCGCCTAATAATACACCTAAAATATATTGATAACTCATTGTGACAAGTAGTTGAATTTCTACTATATTTTCATCTTTTAATATAAAATACAACATGATAGAAATTAAAGTTATAACAACAATGGGTGAGCCTTTTCTAGATGTTAAAATTAAAAAATAAATAAATATCAATAAATAGGTAAATATAAAGAAACTAGGTATCTGATAATGGCTCGACGCTAGACCAATCAATAACATAATAGGTGGCATAAAATAACCACCAATCGTTGTAAGCCATTGGCCTGCTAGATGTCTAGATTGTGTAATTGCGAATCCTTGTTGTAATGTCTGTTGTCGCTCTCGTGGGCTTGTTACAATGACTAAATCTTTT
CP129556.1_gap6	144549	145600	1051	ATTTTAGGTTTTGGTGCATTAGAAATTGCGACTGGTGCAATCACTGCAGGTACATTAATTGCAATGATATTTTATGTTATTCAATTATCGATGCCTTTAATCAATCTTTCAACGTTAGTTACAGATTATAAAAAGGCAGTCGGTGCAAGTAGTAGAATATACGAAATCATGCAAGAACCTATTGAACCGACAGAAGCTCTTGAAGATTCTGAAAATGTATTAATTGATGACGGTGTGTTGTCATTTGAACATGTAGACTTTAAATATGATGTGAAGAAAATATTAGATGATGTGTCGTTCCAAATCCCACAAGGGCAAGTGAGTGCTTTTGTAGGTCCTTCTGGATCTGGTAAAAGTACGATATTTAATCTGATAGAACGTATGTATGAAATTGAGTCAGGTGATATTAAATATGGCCTTGAAAGTGTCTATGATATCCCGTTATCTAAGTGGCGACGCAAAATTGGATATGTTATGCAATCAAATTCGATGATGAGTGGTACAATTAGAGACAATATTTTATACGGAATTAATCGCCATGTTTCAGATGAAGAACTTATTAATTATGCTAAATTAGCGAACTGTCATGATTTTATCATGCAATTTGATGAAGGATATGACACGCTTGTAGGTGAACGAGGATTGAAACTGTCTGGCGGACAACGTCAACGTATTGATATTGCTAGAAGTTTTGTTAAAAATCCTGATATTTTGTTACTTGATGAAGCAACAGCTAATCTCGATAGTGAAAGTGAATTGAAAATTCAAGAAGCTTTAGAAACATTGATGGAAGGTAGAACAACGATTGTCATTGCGCATCGTTTGTCTACAATTAAAAAAGCCGGTCAAATTATATTCTTAGACAAAGGACAGGTAACAGGTAAAGGTACGCATTCAGAACTGATGGCATCACATGCGAAGTATAAAAACTTTGTAGTGTCTCAAAAATTAACAGATTAAATTTATATATATAAGTAAGCTTGGAGCAAGTACAGATATACCATCGAGAAAATTAAAATGTGGCACATTGATGGATATAGATGTTAATAAA
CP129556.1_gap7	148054	151078	3024	CGCCATATGCTTTGCTTTTCTTTGATATGATCGTTGTTGCAATTTCACTTACAGTTATTCCACTTGATAAAGTATTAGTAACAGTAATATCACTTTATATAGGAACAAAAGTGATGGAATATGTCATAGAAGGTTTAAACACTAAAAAAGCTATGACGATTATTTCAACTAATCCCGACAAACTTGCCAAAGCAATAGACGAGCAAATTGGAAGAGGTTTAACCATTTTAAACGGACATGGCTATTATACACGTGAAGAAAAAGATGTCTTATACGTTGTTATTTCTAAAACACAAGTTTCAAAAGCAAAGCGATTAATTAAACAAATCGATAAAGATGCATTCCTCGTAATTCATGATGTAAGAGATGTCTATGGTAATGGTTTTCTTGCAGATGAATAAATAAATGGTAAGAGCACACATACTTAAATAGAAGTCCGCGGACAAGTTTTTGAATTATGAAGACTTATCTGTGGACGTTTTTTATTTTATAAAAGTAATATACAAGACATGACAAATCGAGCTATCCAATTTAAAAAGTAATGTTAGTCAATAAGATTGAAAAATGTTATAATGATTTTCATGATAATCATTATCAATTGGGATGCCTTTGAAAATTGATAATTTAAAAATAGAAATTATTTTTTATAAACAGAAAGAATTTTATTGAAAGTAGGGAAATTATGAATCGTTTGCATGGACAACAAGTTAAAATTGGTTACGGGGATAACACGATTATAAATAAATTAGATGTTGAAATACCAGATGGCAAAGTGACGTCAATCATTGGTCCTAACGGCTGCGGGAAATCTACTTTGCTAAAGGCATTGTCACGTTTATTGGCAGTTAAAGAAGGCGAAGTATTTTTAGATGGTGAAAATATTCATACACAATCTACGAAAGAGATTGCAAAAAAAATAGCTATTTTACCTCAATCACCTGAAGTAGCAGATGGCTTAACTGTTGGAGAATTAGTTTCATATGGTCGTTTTCCACATCAAAAAGGATTTGGTAGATTAACTGCTGAGGATAAGAAAGAAATTGATTGGGCAATGGAAGTTACAGGAACTGATACATTCCGACACCGCTCAATCAATGATTTAAGTGGTGGTCAAAGACAACGTGTTTGGATTGCAATGGCATTAGCACAAAGAACTGATATTATCTTTTTAGACGAACCAACCACATATTTAGATATCTGTCATCAATTAGAAATACTAGAATTAGTTCAGAAGCTAAATCAGGAACAAGGTTGTACAATTGTCATGGTTCTTCATGATATCAACCAAGCGATTCGTTTCTCAGATCATCTTATTGCGATGAAAGAAGGCGATATCATCGCTACAGGTTCAACAGAAGACGTATTAACACAGGAAATTTTAGAAAAAGTTTTCAATATTGATGTTGTTTTAAGTAAAGATCCTAAAACTGGAAAACCTTTACTGGTAACTTATGACTTATGTCGCAGAGCTTATTCTTAATTAAGTAAGTTAATATGATAAAAAGGACAATTAACATGACAAATAGAGAGAATCCAACGCCATTGAAGTTTTTATCCTATATTATAGGTTTAAGTATGATACTACTAATCACACTTTTTATTTCTACATTAATAGGTGACGCCAAAATTCAAGCCTCTACAATTATAGAGGCTATTTTTAATTATAATCCTAGCAATCAACAGCAAAACATCATCAATGAGATTAGGATTCCGAGAAATATAGCAGCAGTAATTGTGGGTATAGCGCTTGCAGTTTCTGGTGCGATTATACAAGGTGTTACTCGTAATGGTCTTGCTGATCCGGCGCTCATAGGTTTAAATTCAGGTGCTTCATTTGCTTTAGCATTAACATATGCAGTTTTACCAAACACTTCATTTTTAATATTGATGTTTGCTGGATTTTTAGGTGCTATTCTAGGAGGTGCTATTGTATTAATGATAGGCCGATCTAGACGTGATGGATTTAATCCGATGCGTATTATTTTAGCGGGTGCAGCAGTAAGTGCTATGTTAACAGCGCTAAGTCAAGGTATTGCATTAGCTTTTAGGTTAAATCAAACAGTAACATTTTGGACTGCTGGAGGCGTTTCAGGCACAACATGGTCACACCTTAAGTGGGCAATTCCATTAATTAGTATTGCGTTAATCATTATATTAACAATTAGTAAACAACTTACCATTTTAAATCTTGGTGAATCATTAGCTAAAGGTTTAGGTCAAAATGTAACAATGATCAGAGGCATATGTTTAATTATTGCTATGATTCTAGCAGGTATAGCAGTTGCTATCGCTGGACAAGTTGCATTTGTAGGATTGATGGTGCCTCATATAGCAAGGTTTTTAATTGGAACTGATTATGCTAAAATTCTACCATTAACAGCCTTGTTAGGTGGGATACTCGTGCTTGTTGCTGATATGATAGCACGATATTTAGGAGAAGCGCCTGTTGGTGCAATCATTTCATTTATCGGTGTTCCTTACTTTTTATATTTAGTTAAAAAAGGAGGACGCTCAATATGATTAGTTCAAATAATAAACGCAGACAATGGATAGCACTGGCTGTTTTTAGCATTCTACTATTTCTAGGTTGTACTTGGAGTATTACCTCAGGTGAATACAACATACCTGTAGAAAGATTTTTCAAAACTTTAATTGGACAAGGTGATGCCATTGATGAATTAATCTTATTAGATTTCAGATTACCTCGGATGATGATTACTATTTTGGCAGGTGCAGCGCTTAGTATTAGTGGTGCAATAGTGCAAAGTGTCACGAAAAATCCAATAGCTGAACCAGGTATATTAGGTATTAACGCAGGTGGCGGATTTGCAATCGCATTATTTATTGCAATTGGTAAAATTAATGCTGACAACTTTGTTTATGTACTGCCGTTAATAAGTATACTAGGTGGTATCACCGCTGCATTGATTATTTTTATTTTCAGTTTTAATAAAAATGAAGGTGTTACACCTGCGAGTATGGTATTAATAGGTGTAGGTTTACAAACAGCATTATATGGTGGCT
CP129556.1_gap8	164689	165663	974	TTGGTGACAATCGCTTAAATGGAGGATTTTAAATGTTTAGTAAGAAAAAAGATAAGTTTATGGTTCAATTAGAAGAGATGGTTTTTAACCTAGATCGTGCAGCTATTGAATTCGGTAAAATGGATTTCAATACACATCTAGATTTAAAGGCATACTCAGACAACATTAAAACTTATGAGTCACATGGTGACGAATTAGTACATCAAGTAATTACTGATTTAAATCAAACATTTATCACACCAATTGAACGTGAAGATATTTTATCATTATGTGATGCAATTGATGATGTTTTAGATGCAATTGAAGAAACGGCAGCTATGTTTGAAATGTATTCAATCGAATACACAGATGAATATATGGCTGAGTTTGTTGATAACATTCAAAAAGCAGTTGCAGAAATGAAACTTGCTGTCGGCTTATTAGTCGATAAAAAATTATCACATATGCGTATTCATTCAATTAATATTAAAGAATTTGAAACAAACTGTGATGGTATTTTAAGACAGTCAATTAAACATATTTTCAATAGTGAAACAGATCCAATCACATTAATTAAAATAAAAGATATTTATGAAAGCATGGAAGAAATTGCTGATAAATGTCAAATCGTAGCAAATAATTTTGAAACTATTATTATGAAAAATAGCTAAGGGGAGTATATATTTATGTCATATATAATCATCGTCACTATAGCTGTAGTTATTTTCTCGCTGATATTTGACTTTATCAATGGATTCCATGATACAGCCAATGCAGTAGCTACTGCTGTATCTACTAGAGCGTTAACGCCTAAAACGGCAATTTTAATGGCAGCAGTGATGAACTTTATAGGTGCTTTAACATTTACGGGCGTTGCAGGCACCATTACTAAAGACATTGTCGATCCATTTAAATTGGAAAATGGATTAGTTGTTGTGTTAGCTGCAATACTTGCGGCTATTATTTGGAATTTAGCTACTTGGTTTTACGGAATT
CP129556.1_gap9	182464	184928	2464	CATTGTTTGTAGTGGATTGAAAAAGCCATTAATATTATAAATGGCAATAGGCTTTTCATGGATACCTATTTGAGCCCAACTATACATTTCGAAAAATTCTTCTAGTGAACCTGCGCCACCAGGAGCCATGACAAATGCATCTGCAAGTTCTGCCATTTTATTTTTACGTTCATGCATAGAATCAACTAAAATTAATTCAGTTAAACGTTGGCTTGTGATTTCATGTTCATCTAACATTTTAGGCATGACGCCAATAGCTTTGCCACCATGATCTAATACACCATCTTGAATGGCACCCATAATACCAATTGACCCTGCACCAAATACTAATTCATAACCTTGTTCAGCAAAATATTTACCTAAATCGTATGCTTTTTGTACATATGAAGGGTCATGACCTTTGCTTGCACCACAATAAACTGCGATTCGCTTCATATTAATCCAGCTCCTTAATTCGATGAATGACTCTTAATAGTGATTTTTCAAACACTTTTTGATCTTGCTTTGTAAAAGGTGGGGGACCTTTGTGGCGACCACCTTGTTTTCTAATTTGTGCATTCATATATCGTTTATCTAATAGTTGTTGAATATTTTTGGAATTGTATATCTTCCCATTATGATGCATGACAATTAAGACTTTGTCGACTAATAAACTTGCGAGTCCATAATCTTGAGTGATTACGATATCATCTTTCGTTGATAATTGAACAATTTTGTAATCAACTGCATCTGGTCCATCATCAACATATAATGTTGATACATGTGGGGGATATAATTGGTTCGAAAAATGGCTGAAGCTCCGAATAATTGTCACAAAAATGCCTGTCTCAGTTGTTAAATCTATAATAGAATCAACAACAGGACAAGCATCTCCATCAATAATAATATGTGTCACAATTATGCCTCTGTATTGTTTTCTTTATTTTGTTGAGAGGCGCTTTTGGCAACATAATCTTTATATTTTTTAAATGACTTGATGCGTGCTTTATCAGCTTCTTGTTGGCGTTTTTGTTCTTCTTTGTGTCGTTTTTCAATATTTTTTTGTAACTTTTTATTCATTTTAGCGATTTCTTTGCGATTTTTTTCAGCTAGTTTATCGCCTTTTTTCTCAGTTTTCTCATCTAATTTATTAGGTGTTAAGCCTGCTTTTACTTCGTATTTTTGTGACTTTTTCATATCTTTAATACGTTGTATTTCATTCTTTTCGCGGGCTTTTTGCTCTTCTTTATGACGCTTTTCGATATTTTTTTGAAGTATTTTATTCATTTTATCAGCGTCTTTACGATTTTGTTTAGCTAATTTTTCGCCTTTTTTCTCAATATAGGCAGGATCATGTTCTCTAGCAAACTTTTTAAGTTCACGCTTATTTTCAAAATCTTGTTTTTTATCGCCGACATATTCTTTAACATCACTCGCTGTGTTACTGATTGCTGCAGATGTTTTTGAAGCAACTTTACTTGTAGCATCTGTAACTTTTTGTACGTCCGGATGTTGTTTGATACGTTTACGTTCAACAATTAACGGTACCAATACAATTGGTAATACATTAATCATAAATTTGATGACTTTTTTCTTATCCATAGATCTTGCCTCCATAATTACTTTATTAATTTTACATACCCTATGATACATCAATATAAACGATGAGAGTAGTGAATCACTTATAAGTATTTCAGATGTTTTTTCAAAGAAGACAATAAAAACTGCCAATCAAGTGGTTCCTTAATTGACAGTCTATATTTTAAAAGGAAATTAAATACCTTTACCAATGCCAAATCCGAAGTAAAGTATAGCAATAAAGATTACTAATACAATTCTGTAAATGGCAAATGGAATTAATTTGATTTTGTTAATAAGATGCAAGAATGTTTTGATTGCAATTAGTCCAACAGTAAATGCAGCTAAAAAGCCTAAAATATAAAAAGGTATATCAGCAATCTGAATATCTTGATAATGTTTTAATAAAGATAAACCACTAGCCGCTAACATAATTGGAACAGCCATAATAAATGTAAAGTCTGATGCAGCTTTGTGATTTAATTTCATTAATACCCCAGTTGAAATCGTTGAACCTGAACGACTGAAACCAGGCCACATAGCTACAGCTTGAGAAATACCGATGACAAATGCTTGGAAATAACTGATTTGATCTACTGTTTGTGGATTTTTAACTTTAGCTGAGTATTTATCAGCAATAATCATATAGATAGCACCTACGAATAAGCCAATCATAACAGTTGGCACACTAAATAAATGTTCTTCGATGAAATCATCAAATAGTAAGCCTAAAATACCTGCTGGCACCATACCCACTAATACATGTAATAAATTTAAACGTCTTGGCTTTGAACGTCTTTGTTGATTGTTATCTCCTTCAACATGTTTGTGTTTACCAATATGTAAAATCTCTAAGAAGCGTTCGCGGAACACCCATGCTGCTGCATAGACGGATCCTAATTGGATG
CP129556.1_gap10	186496	187677	1181	AGCCATATATTTTCAGTGCTTCTATAAAAGAGAATATTACGATGTTTAAAGATATAGAAAATAATACTGTTGAAGAAGTGCTAGACGAAGTAGGTTTATTAGACAAAGTTCAATCTTTCACACAAGGCATTAATACAATAATAGGTGAAGGAGGCGAAATGTTATCTGGTGGACAGATGAGACGCATAGAACTTTGCCGTCTTTTAGTTATGAAGCCAGATCTCGTTATATTTGATGAGCCTGCAACTGGTTTAGATATTCAAACAGAACACATGATTCAGAACGTTCTGTTTCAACATTTTAAAGGTACAACGATGATTGTCATTGCACATAGAGATAATACAATTCGCCATTTACAACGACGTTTGTATATAGAAAATGGAAGACTGATTGCTGATGATCGCAATATTTCAGTAAATATAACAGAAAATGGTGATGACTTATGAAAACACGACTAAAATTTCAAGTAGATAAGGATTTATTGTTAGCTATAGTTGTTGGTGTTTGTGGAAGTTTAGTTGCGCTCGCCATGTTTTTCTTAAGTGGTTATATGGTGACACAAAGTGCACTTGGTGCGCCACTATACGCTCTGATGATTTTAGTCGTTACAGTAAAATTGTTTGGGTTTTTAAGAGCTATTACTCGATACGTAGAGCGCCTTATTTCTCATAAAGCTACATTTACAATGCTACGTGATATTCGGGTACAGTTTTTCGGTAAATTAGTAAATGTCATTCCTAATGTTTACCGTAAACTGAGTTCTAGTGATTTAATTTCACGTATGATTAGTCGTGTTGAGGCGTTACAAAATATTTATTTACGTGTTTATTATCCACCAGTCGTCATCGGTTTGACAGCGCTAGTTACAGTAATAGTATTGGCGTTCATTTCAATCGGCCATGCGCTATTGATTATGGTTAGCATGTTGTTTACTTTACTCATTGTTCCTTGGTTAAGCTCAAAAAAAGCACGTACTTTAAAGAAACATGCAGCTAATGAACAGGCTCGATTTTTAAATCATTTTTATGATTATAAAGCTGGTATGGATGAACTACGTCGATTTAATCAAATTAATCATTATCGAAATAATTTGATGGCTAAATTAAATCATTTTGATAAATTACAACTTAAAGAGCAACGCTTTTTAACGATTTATGATTTTATATTAAATATTATTGCTA
CP129556.1_gap11	189600	190787	1187	TTCATTGATTAATGGTTGTGTTTGTTGCGATCTTAAACAAGAACTTGTCTATGAACTAAAAGCCATTGCTTTAAAAGGGGACGTTAATCATGTCATCATAGAAGCGACAGGCATTGCGCATCCTTTAGAATTACTAGTTGCATGTCAAGATCCGCAAATCGTTAATTTCTTTGAAAAGCCAATTATTTATGGTGTATTAGATGCGACTCGATTTTTGGAACGTCATCAATATACCGAAAATACAGTTTCGCTGATGGAAGATCAGTTGAAACTAAGTGACATGATTATTATTAATAAAATTGATCTTGTAACTGATGACAGTATTGAGAAAATTGATAAGCAATTAAGTTTGATTTGTGCAAGTATTCCAACTTATAAAACAACCTATGGACAAGTTTCGTTGGAAGAATTGGACTTACCTGGTAAAGACAGAGAGATATCGTCGCATCATCACCATCATCATGGGATTAAAAGTATGACTTACACATTTACAGGTCCGATTGATCGTCAATTGTTTTATCAATTTATAATGAAATTATCGGAATCTGTTCTACGTTTGAAAGGTTATGTATCATTTAGAGATCAACCAAATGCAATTTATGAATTTCAATATGCTTATGGTTTACCAGATTATGGAATAATTGGCATGCAATTACCATTAACGATTGTTATTATTGGTGAAACTTTAGATACAAATCACATACGTAATCAATTGGATATGCTACAATTTACGTAAATCAGAAAATGTGTTGTTTCAATTTAACGGAAATAGCACATTAATTTCTTAATACTTTTATTGTGAATATTTTGTGACATTGAGGGATGGAGTGGATGAGATATGGAACAAATAATGATTAATCACTATGTTCATTTTTCTAGGCTTGTACAAGGTTTTTGGCGTGCAAATGAATGGAAGATGACTGCGAAAGAGTTAAATTATTTTATAAATGAATTAGTTGAACGTGGGATTACAACGATGGATCATGCTGATATTTATGGGGATTATCAATGTGAATCACTGTTTGGTAATGCTTTGGATTTATCACCCGAATTAAGAAATAAAATTCAAATTGTTACGAAATGTGGTATCATTTTGCCTTCTAAGCAATTTGATTTTACAAATGGACATCGTTATGATTTGAGTAGTAAGCACATCGTGAAATCTGTTGAACAGTCATTAATCAATT
CP129556.1_gap12	328361	331375	3014	TAATCTTTAATAAGCATGCAAGACTAAAACATATCTTAAATATTAAAGTATGAGAGTGTGAAATGTCTATTAAGAATAAAAAACAGTCTAAAACATCTTTGAGACGTTTCAGACTGGATATAAAATGAATTTCATTTATAGCACACCAAATATAAATGTGTATATTAAAATAGCGAATCCGAAAATATAGAGAATGACAGTGAAACTTAAATAGGACTCTTTTTTAGATTCTTTGCCAGTTTTTTTCATTAATACGAGTATAAACGTAGCGGCAACTAAGAAAATTAATGCTAGCCAAAACAGAATTGCAAAATGTAAAGACATGTGAAACCCTCCTTATATACCGTAATTATTAACCTATAAAACTATAAAAAATAGGATAAATGTAATAGAGAACGAGTACGATATTTATAAAAAATAATATTTCACTTAACCAGTTTTTAGTTATCATTGCAATGGTAAAGGATACTATGAGTATCACACCACAAATGATAATACCAGGCAGGAGCCAACATAAATCATCTAAATCTTTATTATATGTGATTAAAATATTAAAGATAACAAAAGTGGTAGTAATAACTATATTGATAGCATTTAACAAAATGTTATTCATGACTGACACCTACTAGTATAAAAATAGCTTCTTAATAAATATGATAACACTATTTTCCAATAGGTAAATAAAAAGTATAGTTATTTTTAAAATATTATTTGTAGAATGCTAAAGTTTATTAATTCAAACAAGTGAGCATATATAGGGGAGTATAGTATTAATGTGAAAAGAATATTTACATACTAAAAACCCTTAAAGTTGTACAATTCGTTAATATTTTTAGAATCAGATAACAAAAAAATGTGCAAAATCACTTTTGCACATTTACAAATACTAGTTTTCTGATAAGATTAATAATAACACTTTAAATAGCGTTTAATAAATGAAGGGGGCAAGTCTTATGACGTTTTACAATTTCATCATGGGTTTTCAAAATGATAACACACCATTTGGTATATTGGCCGAACACGTTAGTGAAGATAAAGCATTCCCTCGATTAGAAGAAAGACACCAAGTAATTAGAGCATATGTGATGTCTAATTACACAGATCATCAATTAATTGAAACTACAAATAGAGCTATTAGCTTATATATGGCAAATTAATTTGAGTAGTACCAATTATGATGTATTAGTGCATCCCAAATATCTTTTGTTTTAAAGTTTATTTCATCATTTCTTATCGAAAATGGTGTAATAATGTCTTTATCTAACCAAGTGTTTATAAGTTCATTTGGTACACCATCTAACAACATTTCACTTTTACTAATTATAAAACATTCCCAGTCAAGTGAAACATTTTGTGGATTCACATAATTACATTGATTATGATTATCCATAAACACTCACTCCTTTAAAATTCTGTACTCTTCATTGCGTTTTACCCCGTCACATTATCTTTTAAACTAAAATCATCATTACTTATGAAAAAAATGTTCATCAAAAGCAAAGGTTTTCGCTACCGAAAAAGTTTAAATAATGGTTTAATATATTTGGTACTCATTTTAATAAAAAGAGAATACATTTTGAGCTATCAATACTTTTTATTGAAGAGGTGTTATTGTTGGCTAAAACGTTATATTTAATGCGCCACGGACAAACTTTGTTTAATTTTAAGGGACTAATTCAGGGATTTGGAGATTCGCCGCTAACAGAACTTGGAATTGCTCAAGCTCAAAAGGCACGTAGCTATTATGAAACTAAGGGGATAAACTTCGATTTATATGCATCATCAACGCAAGAACGTGCAAGTGACACACTTGAAAATGTTGCACCTAATCAATCGTATCAACGTTTTAAGGGACTGAAGGAATGGCATTTTGGATTATTTGAAGGTGAGTCAGTCTATCTATTTGATAATCTATACAAGCCTGAAGACTTATTCGGAGATCGAATTGTTCCTTTCAAAGGAGAGGCAAGGCAACAAGTTGAAGATCGCATTGTGAAAACTTTACATGACATTATGTCTCAAACAAAGAATAATGCATTAGTCGTGAGTCATGGAACAATAATGGGAGTATTTTTAAGATATTGCCTTAAACTAGATGAAGCATTAAAGCATAATATCGGTAATTGTAATATCTTGAAATTTGAATATGACAATGGAACATTTAAATTTGTTGAGTTAATTGATCCAAATTTATAATAAATAAAGCGTTATACATAGACACAAGTATGTCTTTTGTATAACGCTTTTAAAATACAACTACATGACGCTTTAGAATAATAATTGAATAAGTTTTTGTAATATCATCAGAGCAACAATAATAATTATTATGCTTGATATTTTATTGATTATTGTTAATAATTTTCCGGTTTTATCAATTGATCCAACCATTTTTCCTAAAATTGCGAGTAAAAAGAACCATAACCATGAAACACTAATACAAGCGATTGTAAACGCAATTTTATTGCTGCCACTATATAATGCAGCACTACTACCAATTACACCAATTGTATCTAAAATAGCATGTGGATTGAGTAATGAAACTGATAAAGCAAAACTTACTTGTTTCATTGGAGACATAATTTGAGCTTCTCCATCTGTTGAGGGTTTATCATGCCAAATGGTCCAAGCCATATACATCAAGAAAATTAAACCAACTATATAAATAATTGCTTGAAGTATAGGTAAAGACATAATAATGATAGAAACTCCTACCACTGCAATAATAATAAGTAAGCTGTCTGACAACCCGGCTGTAATTATTGCAGGCAATACATATCTATATTTTGGTTGATTAGCTCCTTGGTTAAAAATAAATACATTTTGTGCACCTAAAGGTAAAATTAGACCAATCGCTAAGATAAATCCATGAATAATTGCGGTTACCATTAAGTTTTGACACCCCTAAAACATAGAATATTCTGAAAAAACTTATTGATATCATACCAAATAAAAAACAACTACTCAATAGTAGAGTAGTTGTATGAAAAATAGATTAATATATGATTTGAATTTAT
CP129556.1_gap13	341997	344136	2139	CCAATAATATGTATACAAAACGAGACATATATTGCATATGATTAACGAGATACTGAATATATTTTATCACCCCTAAAATGATTATTCATTTTCAGCGGTAATTCGACCTAAAGTCAAACTTACAATAAAACCGATGATAAATACTACTAATGAAACGAACCACATCACGATATTAGTTGGTAAACCTGGAAATACTGCAAAGAGGGAGCCAACAACAAAACCAATGATTAATGCAAAAGTCATTAGTTTATGATGTGTTAGGAAATACTGGATAATTTTGCTTGAAATAATGAATCCAGCAAGCACGCCAAATCCGACTGCAAGTAATATAGGAAGACCGGCAAAGTTAAGTTTAACAACTTCAGATATTGCTAGCATGACCGTACCATAGACGCCAAATACTAATAACATAAATGACCCTGAAATACCTGGGAGTAACATAGCACTAGATGCACACATACCTGCAATAAAGTATTTAATAATAAGACCAGTTGATAGAGTAAGTGTTTCTCCAACATGTTTATCGCTATTATTCATTAATGTAATAACAATTAAGATAGCGATACCAGCTATAAACATCATGTAATGTTTAGTTGTAAATGACGTTTTATAGTTAGAAATTTTCAATAAATATGGAACGATACCAATGATTAATCCACCAAAGAAAAACATAGTTGGAATATGGTGTTGGCTTAATAAATAATTAAAAAGATTACTTAGTGATCCCATTGCCAGTAACATTCCAATTATAATAGGGATTAAAAATGTAAAACTTGGCCAAAAACGTCGTGAGAATATGCCACTAATTGAAGCGATAAATTGATTGTATATACCTAACAATAATGCAATAGTCCCACCGCTAACACCAGGTACCAAGTCACTCGTTCCCATAGCAAAACCTTTTAGAATATTAATCCATTTAAATTGTTGCATGAATAACTCCTTTCAAACGATTGGAATAAAATCATAAATAGCATCATACCATATTACAAATGTCCTAGTGAAATGATAACATATTTTAAATTCATAAAATCCATTGAGAAATTATGTGTTCTTATTATCATTTATATTTTTAAAGAGAGCGGATTAGAGTTGTACTTTAGAGTTATTAAAAATAATAAAAAGGGTTTAAGTTGTTTATATTAAGGTATAAGTAAGTTATAATTAACTGAACGCATTATTACAAAGTCTTTTTGACTACAAATTAAAATTATTATAAACTAGTTAAGAAAACTTTATATTTTACGGAGGGAATATAAAATGGCATCAACATTAGAAATCAAAGACCTACATGTGTCTATTGAGGATAAAGAAATCTTAAAAGGTGTTAACTTGACAATTAACACTGATGAAATACATGCGATTATGGGACCAAACGGGACAGGTAAATCAACTTTGTCATCTGCAATTATGGGACACCCAAGTTATGAAGTAACTAAAGGAGAAGTACTTTTAGACGGTGTAAATATTTTAGAATTAGAAGTTGATGAAAGAGCAAAAGCAGGATTATTCTTGGCAATGCAATATCCATCAGAAATTACAGGTGTTACAAATGCTGATTTCATGCGTTCAGCTATCAATGCGAAACGTGAAGAAGGACAAGAAATCAACTTAATGCAATTTATTAAGAAATTAGATAAAAATATGGATTTTCTAGACATAGATAAAGACATGGCACAACGTTATTTAAATGAAGGTTTCTCAGGTGGAGAGAAGAAACGTAACGAAATCTTACAATTAATAATGTTAGAACCTAAGTTTGCAATCTTAGATGAAATCGATTCAGGGTTAGACATCGATGCATTAAAAGTTGTATCTAAAGGTATTAACCAAATGCGTGGGGAAAACTTTGGTGCATTAATGATCACACACTATCAACGATTATTAAATTACATTACTCCTGATAAAGTACATGTAATGTATGCTGGTAAGGTCGTTAAATCTGGTGGTCCAGAATTAGCAAAACGTCTTGAAGAAGAAGGATATGAATGGGTTAAAGAAGAGTTCGGTTCAGCTGAATAATCTTATTAATACAGTATCCATGAGATGTTCATCTATATATGATGAAAATGAACATTTATACGAAATAGTAAATTTCATCAAGTAGGAGGAAAAAGTTATGACAACTGATATTTTGAA
CP129556.1_gap14	520164	521329	1165	CCAGTTTTAGTTTCTGGAACAGACGGAGTAGGTACGAAATTAAAACTAGCTATCGACTATGGTAAACATGATTCGATAGGTATCGATGCAGTCGCAATGTGTGTTAATGATATTTTAACGACAGGTGCAGAACCATTATATTTTTTAGATTACATTGCTACAAACAAAGTTGTTCCTGAAGTTATTGAACAAATTGTTAAAGGTATTAGTGATGCATGCGTTGAAACGAATACTGCACTTATCGGTGGAGAGACTGCTGAAATGGGTGAAATGTATCACGAAGGCGAATATGATGTAGCTGGATTTGCTGTTGGAGCAGTTGAAAAGGATGACTATGTAGATGGTTCAGAAGTGAAAGAGGGACAAGTTGTTATAGGGCTTGCGTCAAGTGGCATTCATTCAAATGGATACAGTTTAGTGCGCAAATTAATTAATGAATCAGGCATTGATTTGGCATCAAACTTCGATAATCGTCCATTTATAGATGTCTTTTTAGAACCAACTAAATTATATGTTAAACCTGTACTTGCTTTGAAAAAAGAAGTTTCTATTAAGGCAATGAATCATATTACTGGTGGAGGTTTTTATGAAAATATTCCACGTGCATTGCCAGCCGGATATGCTGCTAGAATTGATACTACATCATTTCCAACGCCAAAAATATTTGATTGGTTACAACAACAAGGCAATATAGAGACAAATGAAATGTATAACATTTTTAACATGGGTATTGGCTATACGGTTATCGTTGATGAAAAAGATGCACCACGTGCTTTGAAGATTTTAGCAGAACAAAATGTGGAAGCCTATCAAATTGGTCATATTGTGAAAAATGAGTCAACTGCAATTGAATTGTTGGGGGTATAACAATGGTTAAAATTGCGATTTTTGCATCAGGTTCAGGAAGTAACTTTGAAAATATAGTTGAGCATGTTGAATCAGGAAAACTTGAAAATATTGAAGTTACGGCGCTATATACGGATCATCAAAATGCGTTTTGTATAGATAGAGCAAAAAAGCACGATATTCCTGTTTATATTAATGAACCAAAACAATTTGGTTCAAAAGCAGCGTATGAACAACATTTAGTAACATTATTAAATGAAGATAAGGTAGAGTGGATTATTCTAGCTGGCTACATGCGTCTAATTGGTCCAGATTTATT
CP129556.1_gap15	529997	534167	4170	GAAGTTGTCAGATGAAAATAGCAACTCTGAACAAAGGCAAAGAAACAAAATATTTTAATGGATATCCTTTAATTGAAGAAGAGGATATCTATTCACAAGATCATTTAAAAGAAGGAGATATTTTTCAAATTGTGACTGATAAATCACAATATGTTGCAACGGCTTATGTTGGTCGCCAACATAAAGGATTAGGTTGGGTTCTAACATACGATAAAGCTCAAGAAGTCAACACAGCTTTCTTTGTGAAATTGTTTAATACTGCATTAGCAGAACGTGATTATTATTTTAATATAGATGGAACAAATGCTTTTAGATTATTTAATGCTGAAGGTGATGGAGTTGGGGGATTAACGATCGACAATTACGATGGTCATTTGTTGATTCAATGGTACTCAAAAGGTATTTATAAATTTAAATATGCCATTCTTGAAGCGGTTAGAAAGGTATTTGATTATAAATCTATATACGAAAAAGTAAGATTTAAAGACAGCGAATATAGTGGTGGTTTTGTTGAAGGCGATGCACCTGAGTTTCCAATTGTTATCGAAGAAAACTTCACATTTTATAATGTAGACCTTGAAGATGGTTTGATGACAGGTATCTTTTTAGATCAAAAAGAAGTGCGCAAGAAATTAAGGGATCAATATGCCAAAGAACGCCATGTTTTAAACTTATTTAGTTATACAGGTGCTTTTTCTGTAATAGCAGCAAGTGAGGCATCTTCAACAACAAGTGTAGATTTGGCTAATCGTTCTCGTAGTTTAACTGAAGAAAATTTTGGATTAAATGCTATTGATCCTAAATCTCAATATATTTATGTCATGGACACTTTTGATTTCTATAAATATGCTGCACGTCATGGACATAGTTATGACACGATCGTGATTGATCCACCTAGCTTTGCACGCAATAAAAAACGTACATTTTCAGTGCAAAAAGATTATGACAAATTAATTACTGGCGCCTTAAATATCTTATCATCTGAAGGAACATTATTATTATGTACAAACGCAAGTGTATATCCATTAAAGCAATTTAAAAATACTATTAAAAAGACGCTTGAAGAGAGTGGCGTTGATTATGAATTAACTGAAGTTATGGGATTACCAAAAGATTTTAAAACACATCCACATTATAAGCCATCTAAATATTTAAAAGCTGTTTTTGTAAATATTAGACATTAATTTGATAAAAAGGGGTATAGTATCTTATTGAGAAAAAGAAGGGTGATGATACAATGGGATTCAAAAATAATTTAACATCAAATTTAACAAATAAAATTGGTAATTCAGTTTTTAAAATAGAAAATGTTGACGGAAAAGGTGCAATGCCAACGACGATTCAAGAATTGAGAGAAAGACGCGAACGTGCTGAAGCAATTGTAAAGAGAAAGTCTTTAATGTCATCAACAATGAGCGTTGTTCCAATTCCTGGATTAGACTTTGGTGTTGATTTAAAATTAATGAAAGATATTATCGAAGATGTAAATAAAATATACGGATTAGATCATAAGCAAGTTAATAGCCTTGGGGATGATGTGAAAGAAAGAATTATGTCTGCAGCGGCAATTCAAGGTAGTCAATTTATTGGTAAAAGAATTTCAAGTGCATTTTTAAAAATTGTAATTAGAGATGTAGCAAAACGAACTGCAGCTAAACAAACAAAATGGTTTCCTGTTGTAGGACAAGCTGTGTCTGCATCTATTAGTTACTATTTTATGAATAAAATTGGAAAAGATCACATTCAAAAATGCGAAAATGTTATTAAAAATGTCATGTAGGTGCTATAATAGTTTTGCAATTTGCAAATTTTACTGAAACCGGTTTTAAACGAATTGAATTTAAAGCATGGTTTTGGTAAAGTTAAGGTATAAAACTAAGTTAGTATTGTAATAATATTGAAGATTCTAACTATACGAAGGAGAAATGTAATTATGGAACAAAATTCATATGTAATCATCGACGAGACTGGTATTCACGCTAGACCAGCAACAATGTTAGTTCAAACAGCTTCAAAATTCGATTCTGATATCCAATTAGAATATAACGGTAAAAAGGTTAACTTAAAATCAATCATGGGTGTTATGAGCCTTGGTGTTGGTAAAGATGCTGAAATTACAATTTATGCTGACGGTAGTGATGAATCTGACGCCATTCAAGCAATCAGTGACGTCTTATCAAAAGAAGGATTGACTAAATAATCATGTCTAAATTAATTAAAGGAATTGCTGCATCTGATGGTGTTGCAATTGCTAAAGCTTATTTGTTAGTTGAGCCAGACTTAACATTCGACAAAAATGAAAAAGTCACTGATGTTGAAGGAGAAGTTGCTAAGTTCAATAACGCTATCGAAGCTTCTAAAGTTGAGTTAACTAAAATTAGAAATAATGCAGAGGTTCAATTAGGTGCTGATAAAGCTGCTATCTTTGATGCACATTTATTAGTTTTAGATGACCCTGAATTAATTCAACCAATTCAAGATAAGATTAAAAATGAAAACGCTAATGCTGCTTCAGCATTAACAGATGTAACAACACAATTTGTTACGATTTTTGAATCTATGGATAATGAATACATGAAAGAACGTGCGGCTGATATTCGCGACGTTTCTAAACGTGTGTTATCACATATTTTAGGTGTAGAATTACCGAATCCGAGTATGATTGATGAAAGCGTTGTTATTGTAGGGAATGACTTAACGCCATCAGATACTGCTCAATTAAATAAAGAATTCGTACAAGGTTTTGCTACAAACATTGGCGGAAGAACAAGTCACTCTGCGATTATGAGTCGTTCTTTAGAAATTCCAGCAATTGTTGGTACAAAATCAATTACTCAAGAAGTTAAACAAGGCGACATGATTATCGTAGATGGATTAAATGGTGATGTAATCGTTAATCCAACTGAAGATGAGTTAATCGCTTATCAAGATAAACGTGAGCGTTATTTTGCTGACAAGAAAGAATTACAAAAACTACGTGATGCTGATACTGTTACAGTTGATGGTGTTCACGCAGAGCTTGCTGCAAATATTGGTACACCTAATGATTTGCCAGGTGTTATTGAAAATGGTGCACAAGGTATCGGCTTATATAGAACTGAGTTTTTATATATGGGTCGTGACCAAATGCCTACAGAAGAAGAACAATTTGAAGCTTATAAAGAAGTATTAGAAGCAATGGACGGTAAACGTGTTGTTGTACGTACTTTAGATATAGGTGGAGATAAAGAATTATCATACTTAAACTTGCCTGAAGAAATGAATCCATTCTTAGGTTACCGTGCGATTCGTTTATGCCTTGCGCAACAAGATATTTTCAGACCACAGCTACGTGCATTATTACGTGCATCAGTTTATGGTAAGTTAAATATCATGTTCCCAATGGTTGCAACAATTAACGAATTTAGAGAAGCTAAAGCTATATTATTAGAAGAAAAAGAAAACCTTAAAAATGAAGGTCATGACATTTCAGATGATATAGAATTAGGAATCATGGTAGAGATACCTGCAACAGCAGCATTAGCTGATGTCTTTGCTAAAGAAGTAGATTTCTTCAGTATCGGTACAAATGATTTAATTCAATACACATTAGCTGCTGACCGTATGTCAGAGCGTGTATCATATCTATACCAACCATATAATCCTTCAATCTTACGTTTAGTTAAACAAGTTATTGAAGCGTCACATAAAGAAGGTAAATGGACAGGTATGTGTGGTGAAATGGCTGGAGATGAAACAGCTATTCCATTATTGCTTGGTTTAGGTTTAGATGAGTTCTCTATGAGTGCAACGTCTATTCTGAAAGCAAGAAGACAAATTAATGGTTTAAGTAAAAATGAAATGACTGAACTTGCTAACCGTGCAGTCGACTGCGCAACGCAAGAAGAAGTTATTGAATTAGTTAACAACTACGTAAAATAATTAATTCTTTCGAAAGACAGAATTATAAATAAACCCGAAGTATTCATTGTGAGTAATTATGAATACTTCGGGTTCTTTTTTTGATTTATGTTAATTTCAATGGAATGTTGTTGCTAACTAATTAAACAACTAGGTGTCATTGACATAAATATTGTTCTTTAATTAATGTTAGTTAATTTAAAAATCGATATTTAATTTATGATAGCTAAAAATGATGAAGTTAATTTAGATGAAAATTAATCTTGGATA
CP129556.1_gap16	556383	559626	3243	TATTAGGTGAAGAAGGGCATGGTCATGACATCGATACTTCCAAAGGTACGGTATGGGTTGTTGACCCAATAGACGGTACATTGAATTTTGTTCATCAACAAGAAAATTTCGCGATTTCAATTGGTATTTATATCGATGGTAAACCTTATGCAGGTTTTGTATATGATGTTATGGCTGATGTCTTATATCATGCTAAAGTAGGGGAAGGTGCATATCGAGGTAGCCAACCCTTGAAACCATTGAATGATTCTAATCTAAGACAAAGCATTATTGGGATCAATCCGAACTGGTTGACTAAACCTGTGCTAGGAGAGATTTTTAAGGATGTCGTAAATATTTCAAGAAGTGCAAGGGCATATGGTAGTGCAGCGCTTGAAATTGTTTCTGTCGCTACCGGTAATTTAGAAGCATATATGACACCTAGACTCCAACCGTGGGATTTTGCTGGAGGACTAGTCATTTTAAATGAGGTGGACGGTCTAGCTTCTAATTTACTAGGAGAACCATTAACAATTAGTGGTCCAAATTCAATCTTAGTTGGTAATCGTGGTGTTCATAGAGAGATCCTCGGTGTATATTTAGAGCCACATCGCGATGCGTTAATACAATTACATGAACAACGATTTAAAAGAAAATCAAAATAATTACCAAAAGCGTAATATGTAGTCCTAACAATTAGGTGACATATTACGTTTTTATATCTTAAATAATAAAAACACGCGCCAATATAAAACCATTTAAATGTTCATCATGAACATGTGTGGTCTTTAATCAACGCGTGTTATTGTCGATATAACTTATAGCCAATCGTTTTCTCGATATTTTTTCTTTGTAGTAAATCCAATTCCAAAGGTTGCAACGAGTAATATAAATGTTAAAATCATCATTGGTACATTTGATGCACCAACAGCAAAACTAAATAATACTAAGAAAATAACAGCTAATATAGAAAATACCCAAAAGATATTTTTAGATTTTTTTTGTTTCATCCTATCCCCACCTTTTGCTTATCTTTTCTCAATTATATGATATAATAAAAAAGTTGTAATTAAAAGTGGGATTTTACTTAAGAAAGAAGGAAACTATTTATATGACTAATAAAAGAGAAGATGTCCGCAATATAGCAATTATTGCTCACGTTGACCATGGTAAAACAACTTTAGTAGATGAGTTGTTAAAACAATCTGGTATATTCAGAGAAAATGAACATGTCGATGAACGTGCAATGGACTCTAACGATATCGAAAGAGAGCGTGGAATTACGATTCTAGCCAAAAATACGGCTGTTGATTATAAAGGTACACTTATTAATATTTTGGATACACCAGGACATGCTGACTTTGGTGGAGAAGTAGAACGTATTATGAAAATGGTTGATGGGGTTGTCTTAGTAGTAGATGCGTATGAAGGTACAATGCCTCAAACACGTTTTGTACTTAAAAAAGCGCTAGAACAAAACCTAAAACCTGTTGTTGTTGTTAATAAAATTGATAAACCATCAGCACGTCCAGAGGGTGTTGTAGATGAAGTTTTAGATTTATTTATTGAATTAGAAGCAAACGATGAACAATTAGAATTCCCTGTTGTTTATGCTTCAGCAGTAAATGGTACAGCTAGCTTAGATCCTGAAAAACAAGATGATAATTTACAATCATTATATGAAACAATTATTGATTATGTACCAGCTCCAATTGATAACAGTGATGAGCCATTACAATTCCAAGTAGCATTGTTGGACTACAATGATTATGTTGGTCGTATTGGTATTGGTCGTGTATTCAGAGGTAAAATGCGTGTCGGAGATAATGTATCACTAATTAAATTAGACGGTACAGTGAAAAACTTCCGTGTAACTAAAATCTTTGGTTACTTTGGATTAAAACGTTTAGAAATTGAAGAAGCACAAGCTGGAGATTTAATTGCTGTTTCAGGTATGGAAGACATTAATGTTGGTGAAACTGTAACACCACATGACCATCAAGAAGCATTGCCAGTTCTACGTATTGATGAGCCTACTCTTGAAATGACATTTAAAGTTAACAATTCACCATTTGCTGGCCGTGAAGGTGACTTTGTAACAGCGCGTCAAATTCAAGAACGTTTAAATCAACAATTAGAAACAGATGTATCTTTGAAAGTTTCTAACACAGATTCTCCAGATACATGGGTAGTTGCTGGTCGAGGTGAATTGCATTTATCAATCCTTATTGAAAATATGCGTCGTGAAGGTTATGAATTACAAGTTTCAAAACCACAAGTAATTATTAAAGAAATTGATGGTGTAATGTGTGAACCATTTGAACGTGTGCAATGTGAAGTGCCACAAGAAAATGCAGGTGCGGTTATTGAATCATTAGGTGCACGTAAAGGTGAAATGGTTGATATGACTACAACTGATAATGGACTTACACGTTTAATCTTTAATGTACCGGCTCGTGGTATGATTGGTTATACGACTGAATTTATGTCAATGACAAGAGGTTACGGTATTATTAACCATACATTTGAAGAATTTAGACCACGTATTAAAGCGCAAATTGGCGGTCGTCGTAATGGTGCGTTAATTTCAATGGATCAAGGTTCTGCAAGTACTTATGCCATTTTAGGACTTGAAGATAGAGGTGTAAACTTCATGGAACCTGGTACTGAAGTTTATGAAGGTATGATTGTTGGTGAACATAATCGTGAAAATGATTTAACTGTTAATATCACTAAAACAAAACATCAAACTAACGTACGTTCTGCAACGAAAGACCAAACACAAACAATGAATAGACCGCGTATACTAACATTGGAAGAAGCGTTACAATTCATTAATGATGATGAACTTGTTGAGGTTACTCCAGAAAGCATACGTTTAAGAAAGAAAATTTTAAACAAAAATGTTCGTGAAAAAGAAGCAAAGCGTATCAAACAAATGATGCAAGAAAATGAATAATTAACATAATAAAAGAGAAGCTGAGCGATGAAAGTTGCTTAGCTTCTCTTTTGGCATATAATATTTGAAAAAGTGTTTTAATGCTATCAGTTCCTGTTACTTTCACATTTTCAAATTTCTAACTTGTTAATTCAGATATTAATCCGGATAGTGTTGCGCACGTTGTTTAGGGGTGTCTAGTCGACTTTTACAATCATCGCACATAAATGTTCGAATAGGATTGTTTTTAAGTCGTTTAGACTCAGTTGTGCGCTCATCTATAAATACTTTTGCATCACAGATAATGCATTGCACTTGTCTCAAAT
CP129556.1_gap17	568971	572524	3553	GGCCATTCGCTTCAGTTATATGGTTCTGTACTGCAATTACAGGTGTAGCAGTTTACTTATTATTATATGTATTATATCCAGGTGGAGAAACGACATCACTGATTAAAGCAACATTTGGTCATTAATACGCTTTTACAAATGATACTAATCTGATAAGGCAATTTGTTTTATCAGGTTTTTTGATGAAGAATAGTCGGACAGTTGATGGTATTCATTTGATACCTTAACTGTCCGTTTTTTTATACATATTTTAATCCTAATAATGAAATTCAACCTGAAAACATAAAGATAGGTTATGATATAGACTGTAGGGAAAATCTTTATGATGTTAACATTGTGCCTGAAGATGGTTTTGTTTCATCGAAATGACACAGTTATGTCAGTGTTGAAAATTTGCTAATTAATGTGTTGTTTTTTACAATAGTATTAATACTTTTTAGGTGGTTGATTGATGAAAAAGTTAATTATAAGAGTCGTCGGAGTATTATTTTTAGTTGGATTTTTAATATATCTTTTTTATTCACCGAGATTAAAATTTGATGTATTAGAGAACCCGAATAAAGGTAATAAAGTAAATAGATCTGAACAGGTGAATAAATCAAATAACCATGCTGAAAATCCAAAGCCTAAAGAAGGTGTTGGTACATGGGTAGGTAAAGACATTAAAGTGCTTACTTCTAAATTTGGACAAGCAGATCGTGTCTACCCTTTTAGAGATGGTTACAAAAATTATGTGTTTAAAGACAAAAACAGTTATTACATTGTTTCAACTAAACGTGAAGAAATCGTTTCAGTGTATGCTACAGGTGAGAATGTCAATGTTAGTCCGTTAAAAATAGGACAACATTCTGCAGAAATTTTTAATCATACAAGTATTAATCCAGAACCGTCCTTTACAGTTGATGGTAAAAAATATGAATTTGAACTTTCAGATGAAGATTTAAAAACACAAACATTGATTAAATATGGCAACATATATGCACAAGTGTATTCTGATCAACAATCGAAAAAGGTGCTAAGTGTACGATTTTTAACAAAAGAAATGTTAGCAGATATTGAACCTTATCGATTAAATTCTAATTCTACGTCAGAAGAGCATAATAAGCGTCCAGTTGAGCAAAATCCAAATCAATTAATTTCTCTTTATGAAGTAACGAATGAAATGAGAAAATTAAAAGGATTAAAACCATTGAAAATCAATAGCGATTTAGCACATATTGCATCTAATAACTTATATGAAGCGACCTCTAATGGTTCTGATAGTGTTGAATTTACAGAGGACGCATTAAGAGGGCAATTAGATAAAAATCATGTTACTTATAAAACAACTGCTCAAAATGTTGGTTATGCGTTTAATGATGTACCAACATTAATCCATAGTTGGATGAATTCAGATATACATCGATCTCGTCTATTAAATTCAAAATACGATGAGATGGGTGGAGATGTAATGAGAGATTATTATTCACTAATTTTCTTAGAAAAATAACAATGAGGGGTATTTATGATTAATGAAGCTTCACTAGCGATATTAGATGATATTGATGAACTGGCTGATATGATAGTTGCATCAGATATTTATGCATCATTTGAGCAAGCTAAACAGGCGCTCGAAAACAATGACGAAGCCCATTTACTTTATCAATCATTTTTAAAATCAAAAGAGAAATATGATGAAGTAATGCGTTTCGGGAAATATCATCCTGATTATAAGAAAGTCATGTTAGAGACAAGACAACGCAAAAGAGCATATGAGATGCTTGACGTTGTGATGCATTACAAAGCTAGGGAAATGGCACTTCAACATTTAATTGATGAAGTTGTTACGAAAATTGCGTACGCTGTTTCAGAACATGTCAAAATAGAAACAGGCAATCCATTCTTTCAAACATCACATAGTGGTTGTGCGACGGGCGGATCCTGTAATTGTTCATTATAAAAAACATCGAGTCAGAAAAAGATGGTTATTGAAACCATTTACTAGCATCTGACTCGATGTTTTTGTTTATTGTTTGTTGTTTATTGATTGTTTGAATTGTTGTGCTAAATCTGGTCGATCTGTCACAATCGTGTGTGCACCTTTTTGGTATAAATCATTCATCAGATCTATACTATTTACGCCATAATAGCCTGGAATGACATTCATATCATTTAACCATTTGATAAAACGAGATGAAGTCAAATTAATACCTTTAAAATGAGTAGGCATTTGGAACGTTTGTGCTAATGGTTGGTAGTACCTACCACCTAATAAATGATATTTTAAAAATGCCTCTGTAACTTCCTGTTGGCTAGCACCAATTGCAACAGATCTTTGTGCAATTTTATTAAAACGTACGATTTGTTCTTTATAAAAACTTGTCACAAGAACACGGTCAAATGCTTGATTCTCTGCAATTGTATCAAACATAATTTGTGGTGCGATTGAGCCTTCATAGGATTCAGGAGCATCCTTTAAGTCTACGTTTATATACATATCAGGATATTGCTTCAGCAACTCATCGAAGGTTAGTATAGCTGTGTGTGCATGACCACGATATGGTGTTAGTCCATTGATATCTTTGAAGTGATAACCTGCGTCTAATTTTTTAATTCTGCTAATGTATGGGCACTGACTTTTCCAGAGCCGTTCGTCGTTCTATCGACTGTTGCGTCATGAAAAACGATAAGCTGTTGATCTTTTGTGAGTCTCACATCTGTTTCAAAACCATCAACGCCTAATTGTTTTGCATAGTCAAATGCAAGTTGCGTTTGCTCTGGTCTTAAAGCCATACCACCGCGATGCGCAAATATATATGGTGCATTGCCTTTGAAAAAAGCAGGGATGGTTTGCTTTTTAGTAATCACTTTATTTTTATTTATCATTAACAAACTACTTACAAATCCAGCACCGACTAGTACCGCATTTAAAATGTTTCTGTTTACTTTTTTCATAAAAAATTCCTCCTCGTTTACTTTTATAGCTTAACAAATTCATAGTTCTGACTACAGCAAAATGTGCGGTTAATCATATAGTGTTGCTCTTGAGAATTGAATTAATATAATGATGCTTAATATAATCTAAATACATTTATCGTGCAATTACATAAGACATAATTAAGGTAGCTTAATATTTTAAAATTAATAAAGACATGATATGATTAATGCTGAAAATAAATGGAGTGAGGTTTAAATGAATTTAATCCCAAGAACTAGTATTGTAGTTTATTTAAAACATATGAAACATGAACGACAAATCCGAAAATATGGACATATCGTTCATTCAAATAGAGATCGTAAATTTGTAATTATGTATGTGAATGAGCAAGATGTTGATCAAATTGTACATAAACTAATGCAACTTAAATACGTTAGACACATTGATGGCTCACCATATAAATACTTAAAGAAAACTTACGAAAAAGAGAAACACGAAATATATAATTAATATTATTGAAGTTCTGGTATCCATTTTTGGAGCCTTAACACACTAATTAAATAATTATAATATAACGATAAATCATGAAATGCTTGAGGAGGCTGTACATCGATACCTAAAATTGGTATGTCGAAT
CP129556.1_gap18	672807	673552	745	TAGAACATGCAAGAGAATTAGCACATTTAATAAAAGGCTTAAACTGCCATGTTAACTTAATTCCTGTCAACCATGTTCCAGAAAGAAATTATGTAAAAACGGCTAAAAATGATATCTTTAAATTTGAAAAAGAATTAAAGAGACTAGGAATTAATGCCACAATACGTCGTGAACAAGGTTCAGATATTGACGCAGCTTGTGGTCAATTAAGAGCAAAGGAACGACAAGTAGAAACGAGGTAAAGACAAATGCTAGAGGCACAATTTTTTACTGATACTGGACAACATAGAGATAAGAATGAAGATGCGGGTGGTATTTTTTATAATCAAACTAATCAACAACTTTTAGTTCTGTGTGATGGTATGGGCGGCCATAAAGCAGGAGAAGTTGCAAGTAAATTTGTTACAGATGAGTTGAAATCCCGTTTTGAAGCGGAAAATCTTATAGAACAACATCAAGCTGAAAATTGGTTGCGTAATAATATAAAAGATATAAATTTTCAGTTATATCACTATGCACAAGAAAATGCAGAATATAAAGGTATGGGTACAACATGTGTTTGTGCACTTGTTTTTGAAAAATCAGTTGTGATAGCAAATGTCGGTGATTCTAGAGCCTATGTTATTAATAGTCGACAAATTGAACAAATTACTAGTGATCACTCGTTTGTTAATCATCTTGTTTTAACGGGTCAAATTACGCCGGAAGAAGCATTTACACATCCACAACGTAATATTATTACGAA
CP129556.1_gap19	736323	739467	3144	GATATTGATTATTGTATAGTGGTTAATTTTTCATCTAGGTTTGCTAATGTGAGCGTTGAAGATTTTGTTGAAAATTATATAATTAAAAATAATGTAAAAGAAGTCATTGCTGGTTTTGATTTTACTTTTGGTAAATTTGGAAAAGGTAATATGACTGTTCTTCAAGAATATGACGCGTTTAATACGACAATTGTGAGTAAACAAGAAATTGAAAATGAAAAAATTTCTACAACTTCTATTCGTCAAGATTTAATCAATGGTGAGTTGCAAAAAGCGAATGATGCTTTAGGCTATATATATTCTATTAAAGGCACTGTAGTGCAAGGTGAAAAAAGGGGAAGAACTATTGGCTTCCCAACAGCTAACATTCAACCTAGTGATGATTATTTGTTACCTCGTAAAGGTGTTTATGCCGTTAGTATTGAAATCGGCACTGAAAATAAATTATATCGAGGGGTAGCTAACATAGGTGTAAAGCCAACATTTCATGATCCTAACAAAGCAGAAGTTGTCATCGAAGTGAATATCTTTGACTTTGAGGATAATATTTATGGTGAACGAGTGACCGTGAATTGGCATCATTTCTTACGTCCTGAGATTAAATTTGATGGTATCGACCCATTAGTTAAACAAATGAACGATGATAAATCGCGTGCTAAATATTTATTAGCAGTTGATTTTGGTGATAAAGTAGCTTATAATATTTAGAGTTGCGTATAGTTATATAAACAATCTATACCACACCTTTTTCTTAGTAGGTCGAATCTCCAACGCCTAACTCGGATTAAGGAGTATTCAAACATTTTAAGGAGGAAATTGATTATGGCAATTTCACAAGAACGTAAAAACGAAATCATTAAAGAATACCGTGTACACGAAACTGATACTGGTTCACCAGAAGTACAAATCGCTGTACTTACTGCAGAAATCAACGCAGTAAACGAACACTTACGTACACACAAAAAAGACCACCATTCACGTCGTGGATTATTAAAAATGGTAGGTCGTCGTAGACATTTATTAAACTACTTACGTAGTAAAGATATTCAACGTTACCGTGAATTAATTAAATCACTTGGTATCCGTCGTTAATCTTAATATAACGTCTTTGAGGTTGGGGCATATTTATGTTCCAACCTTAATTTATATTAAAAAGTTTTTTACAAATATTAACATTTATTATATGTTAAGCTAATATTGAGTGAATAATAAGGTTACAATGAGATAAAGATGATATAAGTACACCTAGAGTAATAATCAAGATATTAAAAATAAAGTATGTTTTTTAAAAAAATATAACTTATATTTATACTGATAAGGGTGGGACGATAAGTCTATTTTGTAAATAATAGATGGATATCCCGCTCTCTTTTTTTCCAATTCAATATTTTATAACTAATATTAAAATACGATAATAAATGATATGATATAACTATTAGATTCAAGAGAGGAGATTTATAATGTCTCAAGAAAAGAAAGTTTTTAAAACTGAATGGGCAGGAAGATCTTTAACGATTGAAACAGGGCAATTAGCTAAACAAGCAAATGGCGCTGTATTGGTTCGTTATGGAGATACAGTCGTGTTATCGACGGCAACTGCATCAAAAGAACCTCGTGATGGAGATTTCTTCCCATTAACAGTGAACTATGAAGAAAAAATGTACGCTGCGGGTAAAATTCCTGGTGGATTTAAAAAGAGAGAAGGACGTCCTGGTGACGATGCAACATTAACTGCGCGATTAATTGATAGACCAATTAGACCTTTATTCCCTAAAGGATATAAGCATGATGTTCAAATTATGAACATGGTATTAAGTGCAGATCCTGATTGTTCACCACAAATGGCTGCAATGATTGGTTCATCTATGGCGCTTAGTGTGTCGGATATTCCATTCCAAGGGCCAATCGTCGGTGTAAATGTGGGTTATATTGATGGTAAATATATCATTAACCCAACAGTAGAAGAAAAAGAAGTTTCTCGTTTAGACCTTGAAGTAGCTGGTCATAAAGATGCAGTAAACATGGTAGAAGCAGGCGCTAGTGAGATTACTGAACAAGAAATGTTAGAGGCGATTTTCTTTGGTCATGAAGAGATTCAACGTTTAGTTGATTTCCAACAACAAATCGTCGACCACATTCAACCTGTTAAACAAGAATTTATTCCAACAGAGCGTGATGAAGCGCTAGTTGAACGTGTAAAATCTTTAACCGAAGAAAAAGGACTTAAAGAAACAGTTTTAACATTTGATAAACAACAACGAGATGAAAATCTTGATAACTTAAAAGAAGAAATCGTCAATGAATTTATCGATGAAGAAGATCCAGAGAATGAATTACTTATTAAAGAAGTTTATGCAATTTTAAATGAATTAGTGAAAGAAGAAGTTCGACGTTTAATTGCAGATGAAAAAATTAGACCAGACGGCCGTAAACCTGATGAAATCCGTCCATTAGATTCTGAAGTTGGTATTTTACCTAGAACGCATGGTTCAGGTCTATTTACACGTGGTCAAACTCAAGCACTTTCAGTTTTAACATTAGGTGCTTTAGGTGATTATCAATTAATTGATGGTTTAGGACCTGAAGAAGAAAAAAGATTCATGCATCATTATAACTTCCCGAATTTTTCAGTAGGTGAAACTGGTCCAGTACGTGCGCCAGGTCGTCGTGAAATTGGACATGGTGCGTTAGGTGAAAGAGCATTAAAATATATTATTCCTGATACTGCTGATTTCCCATATACAATTCGTATTGTAAGTGAGGTACTTGAATCAAACGGTTCATCATCTCAAGCGTCAATTTGTGGATCAACATTAGCTTTAATGGATGCGGGCGTACCGATTAAAGCACCAGTTGCTGGTATTGCTATGGGCCTTGTTACACGTGAAGATAGCTATACGATTTTAACAGATATCCAAGGTATGGAAGATGCATTAGGTGATATGGACTTTAAAGTCGCTGGTACTAAAGAAGGTATTACAGCAATCCAAATGGATATTAAAATTGACGGTTTAACGCGTGAAATTATCGAAGAGGCTCTAGAACAAGCGAGACGTGGTCGTTTAGAAATAATGAATCATATGTTACAAACAATTGATCAACCACGTACTGAATTAAGTGCTTACGCGCCAAAAGTTGTAACTA
CP129556.1_gap20	740732	741275	543	ATATAATACTCCGGAAAATGTGATTGAACATCATATGTATGATGCTTTTGCAAAAGTGCGAGGTCGCTTGATTGTTTCATGTTATGCTTCGAACTTTATACGTATTCAGCAAGTTTTAAATATTGCTAGCAAGCTAAATCGTAAAGTGTCATTTTTAGGAAGATCACTTGAAAGTTCATTTAATATTGCTCGTAAAATGGGGTATTTCGACATTCCTAAAGATTTGCTAATTCCTATAACAGAAGTTGATAATTATCCTAAAAATGAAGTGATAATTATAGCTACTGGTATGCAAGGAGAACCTGTAGAAGCCTTAAGTCAAATGGCGCAACATAAGCATAAAATTATGAATATCGAAGAAGGCGATTCTGTATTTTTAGCAATTACGGCTTCTGCTAATATGGAAGTTATCATTGCGAATACATTAAATGAGCTTGTACGTGCTGGCGCACATATTATTCCAAATAACAAGAAGATTCATGCTTCAAGTCATGGTTGCATGGAAGAATTAAAAATGATGATTAATATTATGAAACCTGAATA
CP129556.1_gap21	742576	746428	3852	TTATTAACAAACCATCAACATCGTGATGTTGCAAAAGTTGCACTGGAAAATATAAAAGCTTGGTTTGGTTCATTTAATGAAAAAATGTCGGAAAGAAACCAAGAAAAACAATTGAAGCGTGAAGAAAAAGCGAGACTTAAAGAAGAACAAAAGGCACGTCAAAATGAACAGCCACAAATAAAAGATGTGAGTGATTTTACGGAAGTGCCTCAAGAAAGAGATATTCCAATTTATGGGCATACTGAAAATGAAAGTAAAAGCCAGAGTCAACCAAGTCGAAAAAAACGAGTGTTTGATGCAGAGAATAGTTCGAATAACATCGTAAATCATCATCAAGCAGATCAGCAAGAACAATTAATAGAACAAACTCATAACAGTGTTGAAAGTGAAAACACTATTGAAGAAGCTGGTGAAGTTACGAATGTGTCGTATGTTGTTCCACCGTTAACTTTACTTAATCAACCTGCAAAACAAAAAGCAACATCTAAAGCTGAAGTGCAACGTAAAGGACAAGTACTAGAGAATACATTAAAAGATTTTGGGGTAAATGCAAAAGTGACACAAATTAAAATTGGTCCTGCAGTAACTCAATATGAAATTCAACCAGCTCAAGGGGTTAAAGTGAGTAAAATTGTAAACTTGCATAATGATATTGCATTAGCTTTAGCAGCAAAAGATGTTAGAATTGAAGCGCCAATACCTGGTCGCTCTGCAGTAGGTATTGAAGTGCCAAATGAGAAAATTTCATTAGTTTCACTAAAAGAAGTTTTAGATGAAAAATTCCCGTCTAATAATAAACTAGAAGTTGGATTAGGAAGAGATATATCAGGTGATCCAATTACTGTTCCACTAAATGAAATGCCACACTTATTGGTGGCAGGATCGACGGGTAGTGGTAAATCTGTTTGTATAAATGGTATTATTACAAGTATTTTATTAAATGCTAAGCCGCATGAAGTTAAACTTATGTTAATCGATCCGAAAATGGTTGAACTAAATGTTTATAACGGAATTCCACATTTATTAATTCCGGTTGTTACAAATCCTCATAAAGCTGCTCAAGCTTTAGAAAAAATTGTAGCTGAGATGGAAAGACGTTATGATTTATTCCAACATTCATCAACTAGAAATATTAAAGGTTATAACGAATTAATCCGTAAGCAAAATCAAGAATTAGATGAGAAGCAACCAGAATTACCTTATATCGTTGTTATTGTAGATGAGCTTGCAGATTTAATGATGGTAGCTGGTAAAGAAGTTGAAAATGCGATTCAACGTATCACACAAATGGCACGTGCAGCAGGTATACATTTGATTGTAGCGACACAAAGACCTTCTGTGGATGTAATTACAGGTATCATTAAAAATAACATTCCATCTAGAATTGCTTTTGCTGTGAGTTCTCAAACAGATTCAAGAACTATTATTGGTACTGGCGGCGCAGAAAAGTTACTTGGTAAAGGTGACATGTTATACGTTGGAAATGGTGATTCATCACAAACACGTATTCAAGGGGCGTTTTTAAGTGACCAAGAGGTGCAAGATGTTGTAAATTATGTAGTAGAACAACAACAGGCAAATTATGTAAAAGAAATGGAACCAGATGCACCAGTGGATAAATCGGAAATGAAAAGTGAAGATGCTTTATATGATGAAGCGTATTTGTTTGTTGTTGAACAACAAAAGGCAAGTACATCATTGTTACAACGCCAATTTAGAATTGGTTATAATAGAGCATCTAGGTTGATGGATGATTTAGAACGCAATCAGGTAATCGGTCCACAAAAAGGAAGCAAGCCTAGACAAGTTTTAATAGATCTTAATAATGACGAGGTGTAAAAAAATGTCAGAAATGAATGCGGTATATAACGTTAAACAATACATTTTAAATTTGATTAAGCAAAATAAATTGGAATATGGTGACCAACTTCCAAGTAATTTATCAATTGCCAGAGAATTAAATGTAAAAACCGACGATGTTTATGAAGCAATTCAGGCATTGATTACTGAACAAGTCATTAAAGATAATTTTGAAGAGGGCACAAGTGTTAAGTCACTGCCCCCTTTCTTTTATCCATTGAATGAACTTATAAGTATTGGGCAAATGATTAAAAATGCAGGATTTGAATGCGGAACTGAATACTTAAATTTTGATGAGCAACCAGCAACTATGTTAGATGCAAATTTGTTGAGTGTTGAAGAAGGATATCCAGTAACCATTATAGAACGATTACGAACTGCCGATGGAGAACCGGTCGTCTATTGTTTAGATAAAATTGCTAAAAAAGAATTAACATGTACAGAGTATCAAATGAGCAATGGATCGATACTAAGTGCGATAAAAGAACAAAGTAATCATAATATTTGTTACGCTGATACAGAAATTGAAGCGGTAAATTATGAACCTCGAATATCCGAAGTACTGAATGCTTCGCCACACGAAGGTTTGATTTTATTAAAAATTACGCACTACAATGAATCAGATGAACCTATTTTGTATTCATTAAATTATATGAAAAATAGCTTAGTTCAATTTAAAATCACTAGAAAAATATAGATGTAAGAAGATATAGAGGAGGCTATATATTTGAGTAGACAATCTCAACCAAATATACATATCAAAGTTTCACCAACAACTAAATTTAAAACAACTACTATAGTTTTTAAATTTATGGCACCTTTAGAATATGACACAATAACAGCTAGATCATTATTAAGCAAATTATTAGTTCGAGCAACTAAGAAATGGCCAACCGATAAGTCATTTAATAATCACTTAGCCGATTTATATGGTGCGTATGTGAATAGTACAATTTCAAAATTCAAAGATCAGCATGTCATTACATTTTCATTAGAAATTGTTAATGAACGTTATTTAAGAAACGGTGAATCATTATTTAATCAAGGATTAGATTTATTACAAGAAATCATTTGGAATCCATTAATTGAAAATAAAGCATTCAATGATAATTTTGTTAACCAAGAGAAAACATTATTAGCCAAAAAAATAGAAGCAATGGTAGATAACAAAGCACAATATTCGTTTTTAAAATTACTCGACCATATGTTTGAAAATGAAGCATATAAATACTTATCTACAGGACAACTAGAACAAATCCCACATATTACTGCTGAAACACTATATCATACATATCAATCAATGATTAATAATGATCAATGTTCTGTTTATGTTGTCGGCAATGTAGAACCTGAAAGTGTTGAGAAACAAATACGTGAAAAATTTGCACTTAAACCATTCGATAAACATCAATTCCAACATTCTACTCATCATTTACACGATGAAGAAGTTGATTATATTGTTGAATATGATGACGTGGATCAAGCTAAATTAAATATGGGATACCGATTTCCAACACAATATGGACAAAGTGGATATGCTGCCTTTGTTGTATTTAACATGATGTTTGGAGGAGATCCTTCATCTGTTTTATTTAATGAAGTGCGAGAAAAGCAAAGTTTAGCGTACTCTATACATTCACAAATTGATGGCAAAAATGGCTATTTATTTGTTTTGAGTGGGGTTTCAAGCGATAAGTACGAAACTGCAAAAGACACTATTATAAGTGAATTTGAAAAAATAAAAGCAGGAGATTTCACTGAAGAAAAATTAGAGTTAGCTAAAAAAGTAATCATTTCTCATCGATATGAATCTGAAGATCGTCCGAAAAGTATTATAGAGATTATGCATAACCAAATATTATTAGAGCAACCACAAAGCAAAGAAACATTTATAAATGATATACAGAAGGTAAGTCGCGAAGATATTGTTTCTGTTGCTGAAAAAGCATTTTTAGATACAATCTATGTGTTGACAAAAGGAGGGGATAAATA
CP129556.1_gap22	798328	799157	829	AAGCTGAATTGTTAGCGATTAATAAGTTGTCGCGGGAATCATTGAACAAAGTACGCGAAATCATCGATGATATAAGATTACCATCATTTATTGAAGAAATTGAGAGTATCTGTAAAATTTTAAAAGATGCTGACATTCAGTTTACGTTTGAAAATAAAGAACTGGCACAATTATTGAGTCCTACAAAACAATCCATTTTAGTAATGATTGCTCGTGAAGCGATAAACAATGTGATTAAGCATGCAAATGCTTCAAAAGTTCATGGTCAATTACGAGCTATGAATGAACATAAATTACAGTTCATTATACAGGATAATGGAGAAGGTATTGACAGCGGCTGTGAAATAAAGAGTATTTCACAACGAGTAAAACATTTAAATGGAACATTAGAAGTTGAATCGAATAAAGGTACTAAATTAATCATCGAAATGCCTACAGGGGGAATAGCATGATTTCTTTAATTATTGCAGAAGATCAAAATATGTTACGACAGGCAATGGTTCAATTAATTAAACTACATGGTGATTTTGAAATTTTAGCCGATGTAGATAATGGTCTCGATGCAATAAAAATTATTGAGGCACACCATCCTGATGTAGTTATTTTAGATATTGAAATGTCAGGCATGACTGGACTTGAAGTTTTATCAGAAATTAGAAAGAAGCATTTGAATATTAAAGTGATTATTGTAACAACTTTTAAAAGGCCGGGGTATTTTGAAAAAGCTGTTGCAAATGATGTGGATGCATATGTTTTAAAAGAACGTTCTATAGAAGAATTAGTGGAAACAATTTATAAAGTGTATAACGGTAAGAAAGAATATAGTGCT
CP129556.1_gap23	937122	942007	4885	AACTTTAGTTGTGTAAACATTTTGTTTAGTGCTATCGGCGTTAACAAATTTACTGCTTGCTAACGTAGTCGTCTTATCTGCGATGGCATGTTGTAATTGACCCATTGCCGTGTTCAGTTCAGTCGCATTACGTTGTACATCTTGTGCATTAGATACGCGTTGAGCACCATTAGCTTGTGCTTTTAATGCATCTTTTTGATGTTGATTTAAATCAGATGCGCCATTGATTGCTGTAATCGCTGCTTGTTTCGCATTATTTAAGTTTTGCGTACCATTTAATGCATGTTTCGCACTATTAACATTATTAAGTGCTTGTTCGACTGCAGTTTTCGCTGTATTCGGTCCAGTTTGTTTATTTAAAATTGTTTCGGCATTTGATACAGCTTGATTGTAAGCATTACGTTTTTGCTCATCAGCATCTAGGAAGTTTTGGCTCGCTAATGTTCCTGACTTATCGTTGATAGCCGTTTGTAAGTTACCCATAGCACCATCTAAACTATTCGCACTTTGCTTAACAGATTCAACACCAGCTAAGTTTGTAGCTTGTGAAATTTGATTTGTTAAATCATTGCGTTGTGCTGTAGTGATATGCGTTAAAGTACCTAGATGTTGTTTCGCTGCGTTTTGAGCTGCAATTAATTTGGCATCACCATTCAATGCATTTTTCGCAGTTTTCACACGTTGCAATGCTGCTTCAACTGCATTTTGCGCAGTGTTTGGACCATGTTGTTTATTTAAAATCGCTTTAGCTGCAGTAATAGCATTATCATACTCTTGTTGTTTATTTGTGTCAGCATCACGATATTTCTCAGATGATTTCACTTGAGATTCGTTGTTAATACCATTTTGCAAGCTAGCCATAGCTTGGTCTAGATGTTGCGCATTTTGTTTTACAGTATCAACACTACTCACTCTTGTCGCACTACTAATTTGACTAATCAAATTGTTCTTTTGAGCATCAGTAATACTTGTCAATGTGTTTAAGTATGTTTTTGCATTTAGTTTTGCCGTAGCTAAGTTTTCATCACCGTTAAGTGCCGTTTTAGAACTATTCACTTGCTCTGCTTTTTGTGTAATCGTACTTGGATTCATTTCTGGATTACTATTCGCATTAATAATCGTTTCGGCAGCAGCTACTGCGTTGTTATATGCTGTTTGCTTATCATTATTAGCATCTACGTAATCTTCACTTGCTTTAGTCGCATCTTTGTTGGCAATACTTTGTCTTAACGTATTCATCGCTTGATCTAATGTATTCGCATTTGATTGAGCCGTATGAACACCAGCGACAGTAGTACCACTATTAATTTGATTTGTTAAATGCGTTTTTTGAGCAGTTGTTAAATGCGTCATATTATTTAACTGCTGTTTCGCTGTTTGCTTTGCTTGATCTAATAAACGCGTACCATCTAAGTTATTTTTAGCCGAATTCACTTGATTCATCGCTTCTGTAACTTGATCCTTCGTTTTATTTTGACCATTTGATTTGTTTAAAATATCTTTCGCTGCTTGTACCGCATTTGTGTATGCTGTTTTCTTACTTGGTGTCGCATCTTGATAATTTTGACTATTTAATGTCGTTTGTTCATCATTGATTGCACCTTGCAAGTTACCCATCGCTGTATTTAAATCTGTACCTTGTTGTTTAACAGTATTTACACCAGCAATATTTGATGCAGCATTAATTTTAGATTTAACATCTGCTTTTTGAGCATTATTTAAATGTGGTAATGCATCAATTGCACTTGCAGCATCTGTTTTAGATTGTGCTAATTTTTCATCACCATTTAATGCATTTTTATTAGTAGTAACAGCTGAAGTTGCACTGTTAACATCATTAACAGACATCGTTGGATTTGTTGTTTGATTAATGATTGTTTCAGCACTTGAAACGGCGCTATTATATGCATTTTGTTTAGCTGTATCTGCATCCGCATAATCTTCTGTACGTTTCACTTGCTCTTTATCTGCAACAGCTTGTCTTAAGTTACCCATTGCACTATTTAAGTTAGTTGCATTTTGCTTAATCGTATTAACTGTCTCGATTTGATGCGCACCATTAATTTGCGATTGTAAGTTTTGACGTTGTGCATTATTCAAGTTATTTAATTGACCTAATGCTGTGTTCGCTTCTTGCTTCGCAGCATTTAACTTAGCTTCACCATTCAATGCCTGTTCTTTACTTGTGACATTTGATAAAGCATTGTTAACATCACTTGGTGTTATAACTGGATGTTGTGCATTACCATTAATAATGTCATTCGCATGGTTGTATGCATTGTTGTAATCATTTTTCTTATTAGTATCTGCGTTGACATAATTATCACTTTGTACGACTTGGTTATGATTAGCAACGCCACGTTTTAAACCTGTCATAGCAGTATTTAAGCTTTGAGTCGTTTGTTTAATATCATTTACTGCTTGTACATTTTGTGCATTATTTACTTGTTGTGTTAATGCATTCTTTTGTGTTTGGTTTAAATCACTTGCATGCGTAATCGCATTTGTTGCTTCTGTTTTCGCACGTTGTAAGTTTTGTTGACCATCTAAAGCGCCTTTTGTAGATTTCACTGTTTCTGCTTTTTGGTTCACTGTATTAACATCCATCGTTGGATTAGTCGTTTCTCCAATGACACCTTTAGCTGCATTAACTGCATTGTCATACGCTTGTTTATTAGCCGTTGTTGCGTCAGTGTAATTTTGACCTGATTTAATCGAATTATTATCCGCAACACTGTCTTTTAATTTTGTCATCGCATTATTTAAAGCTGTAATGTTAGACTTGATCGTTTCAAGTGCAGCATGATTTGGTGCAGCATTAATTTGTTGCGTGAAATTATTTTGTTGTGCTTGGTTTAAGTTAGATGCACCATGTAATGTTGTAAACGCTGGTTGTCTATCTAATGTTAAACCTTGACGTGCTGTATTTAATTGATCCTTAGCTTGGTTTGCCTCTGCCACTTTATCATTGATATTTTGGACCGTTGGGTTGCCATTCAACACTTGATTAATTTCAGTTAACTTTTGACGCGCTGCTTGTAATTTTTGGTTGTACGCATTTAACGAAGCGGTCGTCATACCTGTTGTATCCGTTGGTTGATTAATGCTTTGTTCTAATTGCGTTTTCGCAGTTTGAAGCGGTGCTTTATCTGGTGTTAAAGCTTGACGCGCATGATCCAAATCAGATTTCGCTTGATTTGCTGCAGACGTATTTGTATTAATTTGATCTACAGTAGGTGAACCAGCTAATACTTGATTGATTTGTTGAATCTTATTACGTGCAGCTGTTAACTTCGCATTGTATGCATTAATAGAATCTTGCGTCATACCAGTTGTACTTGTTTGCGTATCAATACTTTGTTGTAGTTGATTTTTCGCATTTTCTAAAGGCGCCTTATCTACTGTTAAGCCATTGCGTGCTTGATCAAGTGCTGTTTTAGTAGCATTCGCTGCTGTCACGTTTTGTCGAATTGTTGCAACATCTGGATGCGATGCTAGTACGCGATCAATTTCTTGAATTTTAGTTCTAGCTGCTGAAAGTTTGTCATTAAATGCAGCAACTGATGCACTTGTCATACCTGTCGTGCTCGTTGGTTGATCAATATCATTTTGCAACTGAGTTTTCGCAGCTTGTAATGGTGCCAAGTCTGGTGTTAATCCGGCAATAGCTTGTTTTAAGCCATTATATTTTTCTTCTACTTTAGTTTTTTCTGCGGCAATTTGTTGGTCTGTTGCGTCACCATTGTTAATAACATTTTGTGCATTTGTTGATTCTGTTTGACCCGCACGTTTAGCATTTTCATATGCTTGGATTGATGATTGTGTCATACCATCAGTAGTTACTGATTTATTGATTTCTTCATCAAGTTTCGTTTTAGCAGTTCTTAAAGCACTATTATCAGCTAAAGGTACTAATTGATTAATAGCTAGCGTTAATCGGTCATTTACACGATTTACATTCGTTAATGCTGTTTGTACCTCTTGCACTGATCTAATTGGCTTCTGAATAATAGCGTTGGCACTATTTTTAGCACTTGTTAAGTCACTTTGAAGTGCACGAATCGAATTATTGTATGCAGTGATACTTGCTGGTTTCTTACCTGTCGTTGTACCTGTACGATTCAATTGATGTACTGCTTGCTCTAATTCATGTGTATCTGCTGTTAAATTTTGTTTCGCTTGGTTTAATGCTGTTAATGCGTTATCGACACGATGTTTTTCATCTGAAATTTGTTGTGCTGTTGCGTCACCATTATCAATGACACGTTGAGCTGCTGTAATTTCAGATTCTGCTTCACGTTTCTTCGCATTATAGTTATCAATACTTTGTTGCGTCATACCAGTAGTTGATGGTACTTGGTTCACAGAACTTTGTAAGTTATTTTTAGATGTTACTAATTGGCTATTATCTTCTTTATTTTGAAGTAATGCTTTAGCTTCATTTATCTTAGTTTGTGCAGCTTGAACTTTAGATAATGCTGCGTTCACTTGTTGTGGTGTTGCACGCTCATCATTAATCACTTGTTGCGCTTCTGTTTTCGCAGTATTGATTTGTTGTTGCGCATTATGAATTGCATTATTGTACTGCGTAATTGTACCTGGCTTTTTACCATCTGTACTCACTGGATCATCTAAATGATTTTTAGCTGTGATTAACTCACGTTTATCCGCTTTTGTGAAAATGGACTCTTGTACTTCTTCAGTACTGCTATCATTGTAAGTTACTGTCACAGGGATCGTCGTTGTACTACCACCAGCTAAATTAGTAGGCATTGCTGTGCCATTTTTAATCGTTGCAGTACGTTTATTAGCAACTTGAACTGCATTGTTAATTTCAGCTGCTGTTACATTTGAACCATAATCTTTTACAATTTCAGTTGTGTTG
CP129556.1_gap24	944382	945374	992	GTTATTTCCTGTACGACTCACATTACTCACTGTTTTACTAGTGATTTCATTTGCACTTGCTGTTGCATAGTTTCTATTTGGTGCATTGCTTGTAAACGTTAATGAATTAATAATTGCTGTTTGATCAGCTTGCGATACTGTCGCATTATTCGAAATATTGGCAATTCTCACTGGATTAGCAGCCGTTGATGATGTTCCAACTCGATATTTATCACGTAAAGGTTTAATTGTGACATTGAATGACGTTGTTGCAGTATTACCGCTTGTATCAGTTGCAACCAAATTAATTGTTTTATTTGTAGTAGATGTCACATTTGGTGCTGTTGCTGAAACATGTTGATGATTATTATCAACAGTGCCTGTCAATTGTGATGTCGTTGGTACTGTTACAGATTGCACACCAAAATTATCATTCGCTGTAATCGTATTGGTAAATGTTTCACCAGAGAATACTTGATGATTTGTGTAATTACCTACTGAAATCGTTGGATTTACTAGATCACTAGGTACAAAATAAATGTTAATTGCTTCATTCGTATTGTCCGTATTTTGATTTAAATGTTCAACATATTGTTTTGGTCCATATGGCGATAAGTATAACTGCGCTTTATAAACTGCATCAGCTGCATTATGCGTAGAATTATTTTTTACTACATGATCCATTGTAAATGCACCCGCACCATTAGCTGCTGATTCATTAACACTAACGACAGTCGAGTTACTGTGGTTCGCACGGACATTTGAATTTGTAACAGGTTGCCCACCAAATCCATTTGAAGGATTAATAATATCCATTATTTGAATGACTTGACCATTCAACGTAAATTGTCGTTGACCATCAGATGTTGGATTTGATTGTGAATAACCAGTTGTTTTATAGTTTGGTCTACCACCAGCTTCTGCTTGTGCTTTTTCATTACCAGCAATGTTATTACGTAATCCAGGCACCGTTGTTGTCGCTTTTAACAAAGTTAAAATATCATTCGTCGTAA
CP129556.1_gap25	975701	979553	3852	ATACCTATACCACATATTATTGCTTCTATACCATCATTATTAGCAACCATTTCAGTTAAGAAACCACACACTTTACCATTATCAATATATATATCATTCGGCCATTTCACTTTGACTTCATCTTGACTAAAATGTTGAATCGCATCTCTTATCCCTAATGCAATAAATAAATTAAATTTAGATATCATTGAGAATGCAACGTTAGGTCTTAATACAACAGACATCCATAGTCCTTGCCCTTTTGAAGAACTCCAATGTCTATTAAATCGCCCGCGACCTTTCGTTTGTTCATCACTCAAGATAAAAAATGAAGATTGATTTCCAACAAGTGACTTTTTCGCAGCAAGTTGTGTAGAATCTATTGAATCGTATACTTCACTAAAATCAAACAAAGCAGAACTTTTTGTGTATTGGTCTATTATACCTTGATACCAAATATCTGGGAGTTGTTGTAATAAATGTCCTTTATGATTTACTGAATCTATTTTACATCCCTCTAACTTTAATTGGTCAATCACTTTTTTTACTGCAGTGCGCGATATATTAAGTGATTCCGCAATGCTTTGTCCAGATATATAATTCGGTTTATTTTTATAGAGTAATTGAAGTACATCTTGACTATATTTTGACATGATTATCCACCCATTTCAAAATTTCAGTTTCTTCGTTGCTTACTTTACCAGTTACAATCGCTATCTCAATTTGTCTTAGCAGATCTTTTAACCACGGACCACTTTTAGCATTTAAATGTGCCATAAGTACACCGCCATTAACCATCATGTCTTTTCTATTATGCATAGGTAAACGATGTAATGTTTCATCAATCGTTTGAAGGTTAACGATTAATGGTTCATGTCCTTGAATATCATTTGCCTTTAACACGTCTGCTGCAACCATTACATTTTTAATGAGATTCGTATCATAATCATAAACAAACATTTTTAATTGTTCTTTTGTAATAATACTTGGTAATGCATTCATAATTTGAATATATTGATTGATATCTTTTACTTGTCGGTTACTTAGCTTTAAAGGCTTCAATGAGTAATTAATATCAAATTTAACTGATACTATAGCAATCAACAATTCTAAATCAATTGGTTCAGTCACATTAATTTGATTCATATCAAGATGTTCGAAATATGGCATATAATTAAATGCTTTCAGCGATTTTAAATGATTAAAACTCTTTTCAACATTAATACCTCGCATTAATTTAGTTAGTTCAATCACTATACGCTCAATTGATAAAAATTTAATATCTGCCATTTGTGTACGCATCGCTTCGAATGTTTCCGTTGCAATATCAAATGATAATTGTGACTGGAATCTTAAACATCGAATCATACGTAAAGCATCTTCTTGGAATCGTTCCTCAGCTATACCTACAGTTCTTATTATTCGATTATTAATATCTTGTTGACCATCAAAATAATCATACAATTTGTTTGCTGTATCCATTGCTATCGCATTCATCGTGAAATCTCTTCGTTGCAAATCTTCGTATAAATCACGAACAAATGTAACACCACTTGGTCTACGGTGATCGACATAATCTTCTTCAGCCCGGAATGTTGTCACCTCATAATTTTCATCATTAAAAACTACATTTATGGTGCCATGTTCTTTACCTACAGGTATCGTATGACTAAAGATAGATTCTATTTCATCTGGCGTTGCACTTGTTGTGATATCTATATCATGAATATTTCTTCCCATGACATAATCTCTTACAGAGCCACCTACATAATATGCTTCAAAACCATTGTCTTGAATTTGTTCTAATATAGGCCTTGCCTGTTCAAATAATGATTTATCCATATTATTACTCGCCTTTACTTTTGTTATGCTCATTTAGCATTTTTTGATAGTAATACTCATATTGATCTGTAATGAGTTCTGATCCAAAACGTTCAGCAATATCTGCTAGCATGTTTTTCTGAAGTTTGTTGTATAACACCTTGTCTTCAAGTAATCGGATAGCATAGTCACTCGCTGAATCACTATCACCCACATCTACGACAAATCCAGTTTCACCATGTTTAATAACCTCTTTAATTCCACCGGCATTTGAACCAATTGGAACGACGCCTGTTTTCATAGCCTCAAGTAAAGTTAGTCCAAAGCTTTCTTTTTCACTTAATAATAATACTAAGTCAGATAATTGGTAAAATTCACTTACGCAATCTTGTTTCCCTAAAAATAAAACATCTTCTTCTACGTTTAACTCTTTCGTCTTTTGACGCATTGGCACTAATTCAGGACCATCACCAAGTAAAATTAATTTACTAGGTATCTTTTCACGTACTTTTGCAAATGTTTCTATAATAGTATCTATGCGTTTTACTTGTCTAAAATTCGATACATGTATTAACACTTTTTCATCTGGTGCTATACCAAATTGTGATTTTAATGCTGTGTTATGTTTAGTTGGAAACTCATTTTCACGTACAAAATTATAAATCGGTATAATTTCTTTGTTAGTTTCGATAATTTCATGTGTTTCTTGCGCTAAAGATTTACTCACACTTGTCACAATATCACTTTTTTCAATGCCAAATTTAATTGCACCTTGGAGTGAATGATCATAGCCCAAAACAGTAATATCAGTACCGTGTAGCGTTGTCATAATTTTTATATCTTTACCTGACATCTCACGAGCTAAAATCCCACAAATTGCATGAGGTACAGCATAGTGCATATGCAACAAATCAAGATCATATTCTTTAATAACTTCAGCGATTTTAGTACTTAACGTAATATCATACGGTGGATACTGAAAAACTGCATATTGATTCACTTCAACTTGATGAAAAATCATATTCGGTAATGGTTTTCTTATTCTAAACGGGATATTTGAAGTGATAAAATGTACTTCGTGACCTCGCTCTGCTAATTTAATTCCTAATTCTGTGGCAATAATTCCAGAGCCACCCATGGACGGGTAACATGTTATACCTATCTTCATTCGCTTGCCCATCCTTTCTTTCTATTTCTCTTTCTATTATTCTCGATGCGTAGATAATTGTTTAAATTTAAGTTTATAGTAATGTTGAGTTTATAATTTCAAATATCTAAAAAACAGGTGTTGTATATATAATCATTTATCTAGTTATACTTACTTTAAAAATAATATGATTTCATGCGATGCAATTCATTAGTCTATGTTTTTAATCTTAATCAAATCCAAATAAAGCATATATTTTTATATTCACTTTCTTTTGAATCGATTTTTATCTCTTGTATTAAACTTTTCCATTGTTTCATTAAAGCTCTCTGTCATATCTATTCCCATTGAATTCGCTAAACATAACAACACAAATAAATTATCACCTAATTCTGCTTTAATCGTATTTGCTTCCTCTGAATCTTTCTTCTTTTTTTCACCATAGGTATGATTTATTTCACGTGCAAGTTCGCCCACTTCTTCAGTCAATCTAGCTAAGTTAGCTAATGGTGAAAAATATCCTGTTTTAAATTGTCCAATATATTCATCAACTTCACGTTGCATTTCTACCATTGATTTCATTTCTACGTTCTCCTTATATTGCATTTCTAATATAGTATATATCAATTTGAAGTCTCATGCATGTTTAGTGCAATCTACTGACTCTAGCTAAACTAGATGACAAGTTGTTTTTTTTAGTAGTTTAATAATTCAGTTTATATAAATGTAATGCATTCCTAACTAAATTAAATCAATTGAAATTGAGATTATAACTTTATGATTCGTACCACTACAATAAAATAATATATTGAATAATCTACCATTAGAAAAATAAGCACAAAAAAACTAGCAACCACACAAAATGTGATTAGCTAGTTAATAAGTGTCTAATTTAAGTTAATTGT
CP129556.1_gap26	1045114	1046947	1833	GGCACCTGTACTCGCTGTTAAAACTGCAATTTTTTTAGGAAACTTAGGTATTGATTTCTTATTCGCTTTATCAAAACAACCTTCTTCAGTTAATTTTTTCTTTAATGCTTCTAATTTTTGATATAAGTTCCCTATACCATCTAATTGCATTTTATTTACATAAATTTGATAGTTTCCACGACGTTCAAAAACAGAAACACGTGCTTCTAATAAGACTTCATCTCCTTCTTTAGGTTCGAAGTTTAATTTAGAAGCACTACCTTTGAACATCATGGCACTTATAACGCTTTCTTTATCTTTCACATTAAAGTATAAATGACCACTTGAATGCTTTTTGAAATTTGAAAGCTCACCTTTAATCAATACAGATTGGAGATGTGGGTCTTGATCAAATTTATATTTAATATATTTCGTTAAAGCTGAAACACTTAAATAATCTGACATATAACATCACTCAATTTTATTTTTTTATATTACTCAATACACCATTTATAAATTTATAATGATCATCATCACTGAATTGTTTTGTTAATTCAACTGCTTCATTCATTACGACTTTAGCAGGTGTATCACTGTGTAATATTTCATATGTTGCCATTCTTAAAATAATACGATCCGTTTTTAATAAACGTGCAATAGTCCAATCTTTTAAATAAGGACTAATTGTCTCGTCTAATACAGGTTCGTGATCTTTAACGCCAGAAACTAGCCAATGAATAAATTCGAAGTCTAAATCTGGATTATCGTCTTTAATAAAGCTTATCGCTTCATTTATCGTTAAATCACTGTCCTTCATTTCTAATTGAAATAAAGTTTGAAAAGCTTGCACTCGGGATTCTTTACGACTCATTTTTAACTCCTTCAAACGTTTGTATTTTTCTTTATTTAATTACTGAATTAGGTATGACATTACTTTTCAATAACGATTTGTGTAATGTGAATATTAATTTGCTTAGGTTCTATCGCTGTCATATTAGAAATTGAATTAAAAATTGACGTTTGAATTTTGTTTGCAGTTTTTGAAATATTAACACCATGTTTTAATGCACAATATACATCTATATATATGCCATCTTCTTTACTCTCGATTTTTAAATCACGGCTTAAATTTTTACGACTAACTTTTTCTAAATTTGTTTCTTTTAATTCAGCAAAATGGCCAGTGATGCCTTCGACTTCCGAAGTAGCTATACTTGCAATAACAGATAGCACTTCTGGCGCTATTTCTACTTTACCTAATTTTGAATTTGAATAATCAGTTACTTTGACCATGGATTGACCTCCTATTAACCTTCATCATTCATAATGCTATTTTGCTCTAAAAAGTTTGTATTAAATTTACCGCTTCTAAATATATCGTTATTCAATAATTTAATATGGAATGGAATAGTTGTATCAATACCAAGAACCACAAATTCACTTAATGCACGAATGCCAGCCATAATCGCTTCATCTCGTGTCGGTTCATGTATGATTAATTTCGCTACCATCGAATCATAATATGGCGGTATCGTATAATTAGTATAACATGCTGACTCTATTCGAACACCATATCCACCTGGTGCAAGATATTGCTCAATTTTACCTGGTGATGGCATAAAGTTCTTGTAAGGATTTTCAGCATTAATTCTAAATTCAATTGCGTGTCCTGTTAATTTAATATCTTCTTGTTTATACGGTAACACGTCACCCATAGCAACTTGTAATTGTAATTTAACTAAATCAATTCCTGTTACCATTTCAGTTACAGGATGTTCTACTTGAATGCGTGTATTCATTTCCATAAAATAAAATTTATTATCATTTAAATCATATATAAACTCAATTGTTCCC
CP129556.1_gap27	1048807	1053790	4983	AGCACCGGTTGCAGTATCACCTTTAATACCAGGTTCTGTTTCAGTTACTGTTAATTCAACAGTTTTAGGTAATTCAACACCGATAGTTTCACCTTCGTATGTTTGAATTTGTACTTCCATACCTTCTTTTAAGTAATTCAATTCTTCTTTTAAGTAATCACTTGAAAGTTCTGTTTGTTCAAAGCTTTCATTATCCATAAATACATGATTATCTCCGTCAGCATATAAATATTGCATGCGACGATTTTCAATCATTGCTGGTTCAACTTTTTCACCAGCTCTAAACGTTTTCTCTTGAATTGCACCAGTTCTTAAATTACGTAATTTTGAACGAACGAATGCTGAACCTTTACCAGGCTTTACATGTTGGAAGTCTATAACTTTCCAAATAGCGTTATCAACAGAAATTGTTAAACCTGTTTTAAAATCATTAACCGAAATCATTCAGTTTCCTCCTCATTTTACACGCTTATGTTAAAACTATAAGGTCTTTTGTGCATTTAGTAAAGACTTGACAACCATTTTCTGTAATTAAAATATCATCTTCTATTCTTATACCGCCCAAACCTTCTATATAAACACCAGGTTCTACTGTAACACAGTTGTTAACTTGAAGTTTATCTTGTATCGTACGAGCCAGCATTGGCCCTTCATGGATTTCTAAACCAATACCATGTCCTAGTGAATGTCCAAATTCTTTTCCATACCCTTTTGACTCTAAATAGTTTCTTGAAATGGCATCAGCTTCTGCACCAGTCATGCCAGGTCTAATCTCATTAATTGCTTTCATTTGAGATTCAAGTACTATTTGATATATTTCTTTCAGTTTAGGATCTGGTTCTCCAATAGCAAATGTTCTAGTAATATCTGAACAATATCCATTGAAATAAGCACCAAAATCCAATGTTATCATGTCGCCTTTTTCAATAATTTTGTCACTTGCAACACCATGTGGTAATGCACCTCTATGACCAGATGCTACAATCGTATCGAATGATGGTCCATCTGCTCCTAATTCTAGCATTTTACTTTCTAATATTGCCTTTAATTCTTTTTCAGTCATACCAGCTTTTGCAACCGTTAGTATGTATTCATATGTTTCATCAACGATATCTGCTGCTTTTTGAATCAATGCAATTTCGTCAGCATCTTTTACGTCTCTAATTTTATCTACAGTATTAGAAATGCTTATTAATGATATACGGCTTTTATTTAATTCAAGGTATGTATCATAACTCACATGGTGCCCCTCAAAGCCTACATTTTCAAAATTCTCTTGGTGTAGCAATTCTTTAATCTCACCAATGATAGTAGATTTACGATTAATAATTTCATAATTTGGCGCCTGCTTAGTTGCTTGATCAATATATCTAAAGTCTGTTATCAAATATTGTTTATCTTTAGATATGATAAGTGCTCCACTGGTACCAGTAAAACCTGATAAATATCTTCTATTGTAATCCGAAAGAATGATAATCGCATCTAAATGTTTTTGTTCTAAAATACGATGCACTTGTGTTATTCTGCTCATCTTATTACCTCCTAGTGAAACGTTTGTGCATTTCAACTTTATACATTAAAATAATATCATAATAAGGATAAAAAATAATAGATATTGATTTTAGGGAGATAGTAATGAAAAAATTGGTTTCAATTGTTGGCGCAACATTATTGTTAGCTGGATGTGGATCACAAAATTTAGCACCATTAGAAGAAAAAACAACAGATTTAAGAGAAGATAATCATCAACTCAAACTAGATATTCAAGAACTTAATCAACAAATTAGTGATTCTAAATCTAAAATTAAAGGGCTTGAAAAGGATAAAGAAAATAGTAAAAAAACTGCATCTAATAATACGAAAATTAAATTGATGAATGTTACATCAACATACTACGACAAAGTTGCTAAAGCTTTGAAATCCTATAACGATATTGAAAAGGATGTAAGTAAAAACAAAGGCGATAAGAATGTTCAATCGAAATTAAATCAAATTTCTAATGATATTCAAAGTGCTCACACTTCATACAAAGATGCTATCGATGGTTTATCACTTAGTGATTATGATAAAAAAACGTCTAAAAATATCGATAAATTAAACTCTGATTTGAATCATGCATTTGATGATATTAAAAATGGCTATCAAAATAAAGATAAAAAACAACTTACAAAAGGACAACAAGCGTTGTCAAAATTAAACTTAAATGCAAAATCATGATAGGAGTCTTTTAATGCGTAATATAATATTTTACCTTGTACTTATAATTGCTGCGATTGGATTAGTAATGAATCTAGATGCCTTTATTTTTTCAATCGTCAGAATGTTAGTAAGCTTTGCTGTAATAGCTGGTATTATTTATCTGATTTATTATTTCTTCATCTTAACTGAAGACCAACGCAAATATCGCAAAGCAATGCGTAAGTATAAAAGAAATCAAAGAAGAAAATAGATAAAAAAATGGAAGCACTTGTAGTTAAAATAGTCTACGTGCTTCCATTTTTTATTCTAAAAACTACTTTCTAAACATCCATTCATCTGAACGATATTTTTCAGTTAATTCTTCCACTTCTGCCAATTGAACTTCTGTTAATTCAAGTGGCTTTAATTCTATATTTAAACCTTTCTTAAAACCTTTCTCGAAAGCTTCTTCCATTTGACTAATAGTAATGTGTTCATCTGAAATATCATTGATGGCAACTGCTTTTTCAACGAATGCCTCTTTCATTTTTAATTTTAATCTTTCATTTTTATAAATAAACATATCAAACAATTCGTCAATATCAATATCTTGTAAAATCGAACCGTGTTGGAGGATTACGCCCTTTTGTCTCGTTTGAGCACTCCCAGCAATCTTACGGCCTTCAACAACTAGCTCATACCAACTTGGTGCATCAAAACACACTGAACTTCGAGGTTGTTTTAATTTTTGACGCTCTTCAGGCGTTTTAGGTACCGCAAAATAAGTATCAAATCCTAAGTTTTTAAATCCTTCTAATAATCCTTGTGAAATCACTCTGTACGCTTCTGTAACAGTAGAAGGCATATTGGGATGCGATTCAGGCACTATCACACTGTAAGTTAGCTCTTTATCATGAAGCACCCCACGGCCACCAGTTTGACGCCTTACGAGACCAAAACCTTTCTCTTTAACCTTATCAATATCAATTTCTTTTTGTAGCCTTTGGAAATAACCTATTGATAATGTTGCAGGATTCCATGTGTAAAAACGTATAACTGGATCAATTTCACCTCTAGAGACAAAATTTAATAACGCTTCATCCATTGCCATATTATAATATGGGTCTTTACTTCCTGTATTAATAAAATTCCAAGTTTCAGTCATATTCAAGAACTCCTATCAGCAAAATGTATAATATTTGATTCGCTAATTAATCAATTTAACTAAATGAATAATAATTGCAATTCTTTAGTGAAATATTTTGATAATTTGACCTAACAGTCTTATAATTATATTATCGTTTAATTAGGGAGGATGCAAGATGAGTGCTAGTTTGTACATCGCAATAATTTTAGTTATAGCAATTATTGCTTATATGATTGTTCAACAAATTCTTAACAAGCGAGCTGTTAAAGAATTAGATCAAAATGAATTCCATAATGGGATTAGAAAAGCTCAAGTCATCGATGTTAGAGAGAAAGTTGACTATGACTACGGTCACATTAATGGGTCTCGCAATATTCCTATGACAATGTTCAGGCAACGATTCCAAGGATTAAGAAAAGACCAACCGGTATACTTATGTGATGCCAATGGGATTGCTAGCTATAGAGCCGCTCGTATTTTGAAAAAGAATGGATATACAGATATCTATATGTTAAAAGGCGGCTATAAAAAATGGACTGGAAAAATAAAGTCTAAAAAATAGTTTTGTAAATTTAATATACGATTTAATAAAATCTGAGTGTTAATTGATCATCAATAACAATACTCAGATTTTAATTTTTTAACAAAGGATTTTAATTTTTTAACAAAGACTGTTACTATATTTCTCTAGCTTCACAGATCATTAAATTTAGTTTCTGCATAATAAAGAGAGTTCAACTCATTTTCAATACGATTCAATTACCTCAATCTAAAAAGTGAAAAGACAATTTCTATGAAAGAATAATACCAAACCCTAAGAGTTATTACTTCGGTTTAGTTTTCTTTTTCAAATAGAAATTGTCTTTTTTAATTGATTTTAAAACCATTATCCTTAAATCTTCATACAAAGTTAGAATAATAATTCTCGGAACATGTGTTTAACACCTTATTTTTCCTGTTTAAGATTTTCAAACTTTAATATTGGTTTACGAGCAGCTGTAGCTTCGTCTAATCGATCAATCACAGTTGTATATGGTGCTTCTAACACTTTATCAGGATCATTTTTAGCTTCTTCAGCAATACTAATTAATGTATCGATAAAATAATCAAGTGTTTCTTTAGACTCTGTCTCAGTCGGTTCAATCATCATACCTTCTTCAACATTTAATGGGAAGTAGATTGTTGGTGGATGTACACCGAAATCTAATAATCGCTTAGCCATGTCTAAAGTACGTACACCAAATTCTTTTTGACGAACACCACTTAACACAAACTCGTGTTTACAATATTGTTTATAAGGTATTTCAAAGTGTTCAGATAAACGTGCTTTAATATAATTCGCATTAAGAACCGCTGCTTCGGAAACCTCTTTAAGGCCAGTTGCTCCCATAGTTCGAATATACGTATAAGCTCTTAAGTAAATACCAAAGTTACCATAAAATGGTTTTACACGTCCGATAGAATTTTTAATGTCATTATCATATTTAAATTTGTCGCCATCTTTAATAACCATTGGCTTTGGTAAGTAACTTGCTAGTTCTTTTACTACACCGACTGGACCTGAACCAGGACCGCCGCCACCATGTGGACCAGTAAATGTTTTATGCAAGTTTAAATGAACAGCATCAAATCCCATATCTCCTGGGCGAACTTTGTCC
CP129556.1_gap28	1059553	1060554	1001	TTTTCACCTTGTAGCACAAACTTAATTAATTGAGGCTTAAAGCATTTTAGTTTTTCTAAAATTTGAGGCAAACCATATCCCATTTCTGAATAAGTTAATAAGTATTTACCTAGAAACTGTCTAAATGGATCACTACTATGGTTAATATAAACGTCTACTATTGATTGAAGTGTAATACCATTTTTATAAAACAACACTAATTCATTAGTTACAAAATAAGTTTTAAATAATTGGAAATAGCCTGATATTAGCGGTAGTTTCATCACAAAGTTTATCTTATTGAGCATATTTAAATTGTTATAAATTAATTTCATAATAATAGCCAACATAGATACTATTATGAGCATTACTACAATTATAGTAGGTAAGCTGGTAATGAAAAAAGACAATGTTTTTTGAAAAGAAGATAGTTGAATATTCATAGAAGTATATAATTGTTGAAACTGTGGAATTACTGTGAGGTTTAATATAATAATCATAGCAATAAAAATAGAAACTAGTATTAAGGGGTATTGCAGTGTCTTTAACAATCGTTGTTCTGACTTTCTATTCACTTTCATATAATTTACAGTTTCTTCTAGAACGTCTATGATATTGCCAAATCTTTCTGCCAAATATACTTGCAGGACGATAGTATCGCTATAACCTATCAGTGATAATATCTTATTGCATGGTGCACCATTTGAAATTTCACTTAGAATGGTGGTACCTAATTGCTTATTTTTATATGTCATTTGAAGATTTAAAAATTGAAAACTTTGATACAGAGTGAAACCATATTTCAACAAATTACATAAATTTGAAAGTAAATCGATTTGTTGGGCCTTACTTAATTGTCGCTTCTTAGAATGTAGTTTAAATGTATTTATCCATTGTAGTTTCACAAATGACACCTGCTTTTGTCATATCATCAAGTTTATCTTCTAAGTTCTTAAATGATGATGGTAATGAATGATTATGGGAAAAGAAATATCGGAGTTGTTGCTGAGATAGAATTTCAC
CP129556.1_gap29	1151178	1153959	2781	TAAAATCTTTTCATCGTTCGATTTCTTTTCTTTATATACAACTAATTTGTGTTTCGGCGATTTTTTCAACTGACGTTTTTTCATTATTCCCCAAAGCGGAACGGCAATGAAGATTGAAGAGAATACACCAGAAATCAATCCGATAAATAATGCTAAAGTAAAGTTGAATATCGTAGGAGCACCGAAGAATAGTATAGCAACTACTACTACAATAACTGTTAATACTGTATTAATTGAACGTGTCATTGTCTGTCTAATTGATCTATTAACGATATCATCAATTTGTTCTGTTGTAGTAATCACTTTAACCTTTTGTAAGTTTTCACGTACACGGTCAAACGTTACGATTGTATCATTAATTGAATAACCGACAATTGTTAATACAGCGGCGATAAATGTTAAATCTACTTCAATTCTAAATAAACTGAAAATCGCTACTATAATGAATACATCATGTAATAATGCCAATACAGATGAAAGACCCATGCGCCATTCAAATCGTAATGATACATAGATGATGATACCTATCGATGCATAGATTAATGCAAGCATTGCATTTTTTGCTAATTCCTGTCCAATAATTGGTGATACAGTGTTAATTTGAGGTGTGTCACCGAATTTCGATTTAATATTATCACTCAATTTATTATCTTGAGCACGCGTTAAATCGTCTTTAAATTGAACAGTTGCTACTTTATTATCTTTACCATTGATTTGAATTTGATCCGCTTTAAGTCCACTACCTTTTACAACTTGCTCAACCTTTTGTTGAGTAATTGCTTGTTTAGATTGGAAATCTACACGTGTACCACTTGAGAAATCAATTCCTAGGTTTAACTTGAAGATATAAAGAATAACTAAACCGACAACTACAATTAAAATACTTACTCCAATTAATGGCTTAGCTAATTTAACAAAATTCCATTTCTCGAATGAAGTTTTAAGGTCATGAACATCTACACCTTCATTAATATCATGTCGTTTATTCTTTTTAACACCAAATAACCAATATTGATTTTTGAATATATTTGATGAAACAAGTAATGATAATAAGAATCTTGATAAGAACACGGCTGTAACAAAGATCATTAGAATACCTAATAATAACATTGTCGCGAAACCTTTAACTGAACTTTCACCGAAGAAGAATAATACTGCTGCGGCGATAACTGTTGTTAAGTTAGAATCAAAAATTGTTAGGAACGAACTTTTGTTTGCTTTAGAAAAGGCTTGCTTTATCGTTCTACCTATTCGAAGTTCATCCTTAATACGCTCATACATGATAATATTGGCATCTACAGCCATACCTACACCTAATACCAACGCCGCTAATCCTGGTAAAGTTAGAACCCCGGAAATGAAATTAAATGCTACTAACGTTAGATAGATATAAGTTGTCAATGCAATAATCGCTACTAAACCAGGTAATCGGTAGAATCCAAGCATGAATAAATAAATTAATGCTACACCAATAAACGATGCAAACACAGTTTTATCTAATGCATCTTGACCAAATTGGGCACCTACTGAGTTTGAATAAATTTCTTTCAAGTCAACTGGTAAAGAACCTGCATTTAACAATTCGGCGATTTGTTTTGCTTTTTTAACGCCTTCTTGTCCTTTAAATCCACCAGAGATTTCTACGCTATCAGAATTGATTGGTTGATCAACACTTGCTGCAGAAATAAATTTAGGGTTTTTCTTTTGTGCTTCTTTTTTATAGCTGTCACCTTTTTTGAAATCTAACCAAACAACCATGACATTATCACGTTTCTTAGAGATTTCTTCCGTTACTTTTTTAAATTTGTTTTTGTCTTTTACTTTGAAAGTAACTGTTGGCTGGTTTGTTTCCTGTTTAAATTCTTGTTTGGCAGATCCCTGTTTAATATCAGAACCGCTTAATTTTACTTTATCTTCTGCATCGCGAATTGTTAAATTAGCTTGAGAAGATAAAATTTTACGTGCTTCATTCTGGTCTGTTACACCAGCAAGTTGAACTCTAATTCTATTAGGTTCTTCAACTTGAATTTTAGGTTCGGAAACACCTAAAACGTTAACACGATTTTCTAATGTTTGCGCTGTTGATTGTAAGGCTTTTTTATCTATTTTGTCGCCTTTATTTAAAGGGTCGACTTGATAAAGCACCTCAAATCCACCTTGCAAATCAAGTCCTAAATTGACATTCTTTATAACACTTTTATAAGTTGCAGCCATTCCGGCAAACAACAATACGACTAAAAGCAAGAACGCAATTATTCTACTACTTTTCTTCACATGAACACCTCATTATTTACGTATGTATTTAGAATACTTGAATACTATTTTATAACGCAAGTTAAATCTTTCTTACAAAATTTATTAGCCTTATACATATTAACATACTAGAGCAGGGAGTAAAAATAGTCATAGATATATTTAATTTAAATTTAACAATTATTATGTATCACAATTTCTTTTTTTGGAATAAAAATAAGCTATTCTACATACTACTTATAACTTAAAAAGGATGAAACGCTATTCGTTTCATCCTTTTTAATACCACTTCTTGTTATGAAGGGTCAACTTGTTTAATAGCAGGTTTTTCGAAAGTTAATTCAGTACCATGACCATTAACTGTAATAACAACAGTTGTTTCATCTACTGCTTTAACAGTACCTTTAATACCACCAATAGTTGTAATTCTTTGACCAGATTGAATGTTATTAATCAACTCACGATGCTGTTTCGCACGTTTTTGTTGTGGTCTGATCATCAAGAAATACATAACCGCAAAAATTACGA
CP129556.1_gap30	1155015	1159857	4842	TAACGGTTGCTTTAGTACCAACTGGCATAAACATAGGTGTTTCAAATGAACCGTGTGGTGTGTGCACGATACCTAAACGCGCACCTGATTGTTTACAAGTTTTAATGTGTTCGTATGTTACTGCAGGCATATTCAAAATCCTCACATTCTTTTTATATAATTAACATTGCATCGCCAAAACTAAAGAATCTATATTCTAAATTTACTGCCGTTTTATAAGCATTCAGAACATTTTCACGAGTACTAAACGCTGATACTAGCATAACTAATGTTGATTTTGGTAAATGAAAATTAGTAATCTGGCCATCAATAGCTTTAAAATCAAATCCTGGATAAATAAATATATTAGTCCAGCCACTCGTTTCAACAAATTTATCATGATCGCGTCGAATTGTTTCAAGTGTACGTGTTGAAGTTGTACCAACTGATATAATGCGATGTCCTTTGGACTTAGTATCATTTAATAAATCAGCTGTTTCTTGTGTCATTTGATAATATTCACTATGCATTTCGTGGTCATTCACATCGTCGACGCTCACCGGTCTAAACGTACCTAATCCAACATGTAATGTAACAAATGCGATATTAACACCTTTATTTTTAATTTCAGTTAATAACTCATCAGTAAAATGTAATCCAGCTGTTGGTGCTGCCGCTGAACCACTTTCTTTAGCGTAAACTGTTTGATAACGATCTGGATCATCTAAACGTTCTTTGATGTATGGTGGCAGTGGCATTTCCCCTAATTCATCTAATCTTTCTTGTAAAATACCTTCATAATGTAAACGCATGATACGTCCACCTTGATCCATTTCTTTTATGCATTCAGCTATAATTTTGCCATTACCAAAATTCAATTTATTACCAACTTTAATACGCTTAGCTGGTTTCAGTAAGACTTCCCAATCATTACCTTCAATTTGAGTTAACATTAACATTTCAACTTTTGCACCAGTTTCTTCTTTTAAACCAAAAAGTCTAGCTGGCATTACTCGCGTATCGTTAAGCACTAATGTATCACCAGGTCTAAAATACTCAATGATATCTTTAAAATGTAAATGTTTCATTTCACCAGTTTCTCTATCCATGACTAATAAACGACTATGATCACGATCTTTTAAAGGCGTTTGAGCAATTAATGATTCTGGTAAGTCATAGTCAAATTCTTCAATATTCACGTTATTCTCTCTCCTCATTCGACTTTGCAAAATGTTCATAAGCTAATGGTGTTGCTTTTCTGCCACGCGGCGTACGTTCTAAAAAGCCTTTCTGAATAAGAAATGGCTCATAAACGTCCTCAATTGTAATACGTTCTTCGCCAATTGTTACGGCAATCGTATCTAAACCAACAGGTCCACCATTATACTGCTTAATAATACAGTTCATCATTTTATGATCAATGTAATCTAGTCCGTGTTGATCAACTTGAAGTAAACCTAATGCGTGCTTTGTTGTTTCAATGTATATTTGTTCATCTTCATTCACTTGCTGGAAGTCTCTTACCCGTTTCAATAGTCGATTGGCTACTCTTGGAGTCCCTCTAGAACGTTTAGCAAGTTCAATAGCACTTTCTTCATCAATACCTGTGCCTAAAACCTCAGCTGTTCTAATAATGATTTCTTTTAAATCTGATTCATTATAATATTCTAATCTTAAGTGCACACCAAATCGATCCCTTAGTGGACCTGTTAAGCTACCAGCTCGTGTTGTTGCACCTACCAAAGTGAATGGAGGTAAGTCGATACGGATACTTCTAGCCTCATCGCCTTTACCAATGATAATATCTAAAAAGAAATCTTCCATTGCAGGGTATAGCACTTCTTCAACAACACTACTCAGTCTGTGTATTTCATCAATAAACAAAACATCTCCAGGTTGAAGCCCTGATAAAATTGCAGCCAAATCACCAGGTCTTTCTAATGAAGGCCCTGATACTGTACGTATATTAACTTCCATTTCATTGGCAATGATATTAGATAATGTTGTCTTACCTAATCCAGGGGGGCCAAAAAGCAATACATGATCTAATGGTTCATGACGAAGTTTAGCCGCTTTAATAAATACTTCTAAATTACTTTTTATTGAATTTTGACCAATATATTGTCGTAATCTCGTAGGTCTAAGCGACAATTCGAAATCAGTTTCTTCACTATGCATTGATTGATCAACCATACGCTCATTCATGACAACACTTCCCCTATTAATCTATTTAAAATTAAGATACAACTAATTGAAGACCTGCCTTAACAGCTTCATCAACTGAGTCATATTTATTTTTATTTAACGTTTTCTCAACTTTTGCAAGCTCTCGTTTAGAATAACCTAATGCTTCTAACGCTAACATTGCTTCTTGCACGAATTGATCTTGCTCCGTCGATGTAGCGTCTACTTGTAATAATGAATCGCTATCTTCTTCAGTGATTTTCACTTTACCTTTTAAATCTAAGACAATCTGTCTTGCCGTTTTCTTACCAATTCCTGGGAATTTAGTTAAATACGTATCATTTTCATTTTCAATGGCACGTTTTACTTCATTAGGTGTACTTGTCGCTAAAATAGCTAAAGCTGATTTCGGACCAATACCAGTGACTTTAATTAAACTCAAGAACATATCTTTCTCTTCTTCACTACTAAATCCATACAATAATTGTGCATCTTCACGAACAATTAAAGATGTATGAATTAAAACTTCATGATCTAGATGCTTTTGAAAACGATAAGAATTTGGTGTTTGAATTTCATAACCAACACCAGCAGTTTCAACAACTACGTGTGTAGGATATAAATGTGTTAACTTACCTTTGACATACGCGTACATTATAGGCACATCCTTACATACTCATACTAATTAATTCTACTTTTGATACATAATCTAAATTTCTCAAAGCGCCAATAACATCTTCTACTGAAGTTTCTTTAGATTTAGCATTCAGTGATAATGTTATTGTTGCTTTTTCTTCCATTGGAATACTTTGATGAATCGTTAATACAGATAGTTCTAACTTTGATATAACATCTAGTACACGTGCCAACATACCCACAATATCAGTTACATATAAAATTAATGTAAATTCTCGATGGTCAAGCATTTTATCGTCTACTGGAAATATCGTTTCTCTATATTTATAAAAAGCACTTCTAGATAGATCAAACTGTTTAACGGCATCATAAATGGACAATGTCGGATCACTTTTTAAGGCATCTTTAATCTTCAATGTTTTAACCACGGATTCAGGCAAGACATCTTCTCTAATTAAATAAAACTTTTTATAATCTTTATTGTCCATCATGTTACGCTCCTATTCAACGAATTCAAATTCTCCGCCAAGAATTCTAACGATATCACCATTTTTACAACCACGTTCTCTAAGTGCATCATCAATACCCATCGAACGCATTTGACGAGCAAATCGACGTACTGCTGGATCGCTGTTAAAGTCAGTCATTTTAAACATTCTTTCAATAGCATTACCACTTACCACATAAGCACCATCATCATCTCTTGAAATTGTAAATTTATCTTGTGACGGTGTATGTTTATATAATACTCGGTTAATGCCAACTGACTCCTCTTCTTCAACTGTGAAGTCAACATCTTTATATTCTTCTAATTTATCTGCTATTGCATATAATAATTGATCAATATTATCACGCGTTATTGTTGAAACTGGAATAACTGGCACATCTTCGCCAATTTCTTCTTTAAACAAGATTAAATTATCTTGTGATTCAGGTAAATCCATCTTGTTAGCTACTACGATTTGAGGTCTATCTTCTAAACGTTGCTCGTACGCGGCTAATTCTTGATTAATGACTTTATAATCTTCAATAGGCTCTCTACCTTCAGAACCACTCATATCAATCATGTGAACAATAACTTTTGTTCTCTCTACATGTCTTAAAAATTGATGTCCTAATCCAACGCCATCAGATGCACCTTCAATTAAACCTGGTAAATCTGCCATAACAAAACTTCGTTGATCAGGTGTTGAAACAACTCCTAGATTTGGTTTAATCGTTGTAAAATGATATGCCCCTATTTTAGGCTTAGCTTTTGAAACGATAGATAATAAAGTCGATTTACCCACACTAGGGAAACCTACTAATCCTACATCAGCTAATAATTTCAATTCTAAAGATACATCTAATTCCTCACCTGGTTCACCTTTTTCACTGAAGTCAGGTGCAGGGTTTCTAGGTGTTGCAAAACGTGAATTACCTCGGCCACCTCGACCGCCCTTCGCTACTACAGCTCTTTGACCATCTTCAACAAGATCTGCTAACACTTCATCTGTTTCAACATTTTTAATAATTGTGCCAGGTGGAACTTTTAATACTAAATCTTCCGCATTTTTACCATGCATATTACTACTTTGGCCATTTTCACCTTTGCTTGCTTTAAAATGACGTTGATACCTAAAATCTAATAACGTTCTTAAACCTTCATCCACTTCAAATACGACTGAAGCACCTTTACCACCGTCACCGCCAGCTGGTCCACCAAATGGTACATATTTTTCTCTTCTGTATGCGGTAATACCATTACCACCATCACCGGCTTTAAGAGATATTTTGACTTGATCGACAAACATATATCTCACCTCTTTTACATATAATTTTCATTTTCCCAATAATTATAGCATATTAGAGCCCCTTATATATTGTAAATAATTAGGGGCTCTTATGCAGTTGCTTTTATAAATCTTTGCTTTAAAATACTTATATTTCTCAACACCAATTGTGGTACAGTTTATTCTTTAAACGCTGCAACTGTAATCCTTTTAGCCCCTTATATATTGTAAATAATTAGGGGCTCTTATGCAGTTGCTTTTAAGTTTACTT
CP129556.1_gap31	1161024	1163706	2682	ACTTTGCACCTCCTGTATAATAAGTCACGCCATACATAGGTGACATTTCGTTATTGAGTCAAGCGTTTGCACTCTACGTTGTTTCGGTCGCAACTCGAGTCATTTATAAAGATAAACTCTTCTCGTTTCTTCCTTCAACGCCTTGATTGACAATCGCTTTCTTTCAATAACTTCTGCAAATGAGTCAAGCGTTTGCACTCTGTGGGAAAATCGCTTTCTTCATTAAAAATGTTCTTGAACCTATATTTGAGCGGTTGTATGTAGCTACTTATAACTACTCAACTATTGCATCTTACCATTGACGGCGTTTCATGTCAATGTCATTGTTTGTTTTTTTAAGGAACTTTATAATCAACGGATAAAGCATGATCAACAGTACAAAATTCATAATTAATGTTGGCAATAATCTAAAGACTACAAAATGAATAATATCAAATTGAATGAATCCTAACATACCGTATATTAATGCCACATAGACTTCTAATAATAAGGTGCTAGCTAATATAATAATGAATAACATCGAATGATCTTTGTAAAAAATTTTAAAGAATCGATCTATAAGTGCTAAAAACAATATATAGCCAAATAAGTACACTCCATAAATACTACCAAAGTATACATCAGTCATTACACCTAAAAATATGCTGAGCAATAATGATACGCCAAAGCTACGATACACTACCATCATTAAAATATACATAAATGTAAGGTGTGGTACAAATACAAGTTCAAACTTACCTATGTGCATTGGTATAAGAAGCCCAATTGCAGTATCTATATAAAATAGTAAAATACCTATCAAAAAATAATACAGTGTACGCATTATTTATCCCTGCTTTCATCATCAGGAATTGTTTTAGGATCTCTTTTTGCAACATAAACATGGCTCAAATCTGTTAAGTCTGCACCAGTCTTAACCCTAACTTCTTTAGCTAAGCCGTATTGATCATTTTGAACCTTAGTCACTTCTCCTATATATAAATTACTTGGTAGTTGATCAGCTAATCCACTTGTAACGACTTTATCACCTTTTGAGATATTATCTCTATTATTAATATCACTAATTACAAGTTCTGAGTTCTTTTCATCATAACGATCAATTAAGCCAAATATATTTTTAGAACCGTGTTGTATATTTACAGATAATTTACCCGCACGTGTATTAGTTGAGATTAAATCAACTTGTGAAGAAAATTTATTAACTTTAGTAACTCTTCCAACAAAACCTTGTGATGTCATCACAGCCATATTTGAAGTTATACCTGATTTAGATCCCTTATCAATTACAATTGTATTCATCCACTGATCCGGATTTCTTGCTAAAACCGTAGTAGAAATAGGATCAAATTTTGAAATATCTTTTAAATCAAGCTCTTTTTTTAATTTTTCATTTTCCGCTTCTAATTGTTGGTTCTTAGATTCTAACTGGCTAATCTTATTTTTAGATTCTTTAGAATCTCCTTTTTTAAAAAAGTCCCCAATCGTACCAGCAACAAAATTAACTGGATAACTCACAACTCGTTGTCCAAAAGACACAGAATCACCTATATATTGTTCAGGAGGTGATTGAGATTGTGAACGTATGGACAGCCCAATTAATGCAATAAAAACGATAATTGCACATAAAACAACAATTAATTTGTTATTTTTAAAAAACTTAAGCACCCAGAACACCTCTATTATGTCAAAATATTGTATATCCTTTTCTATTTTATATTACTCCCATTATGAAATAAAGCACTAACTACGAATTACTTTGAAAATGAACAACTCCGTAAAAAAATTTGTGGCATTTTAAAAACAAAAAACTACTAGCAAACATTCCAGTCACTAGTAGTTTAAATAATCGATTTAAATTTTAAAATTATCTGTTTGTATCGTTCGAGGATTCACTGTTCGAATTCTGAAGTTGTCTCCAACGTGCGAATAAGTTCTGGGCCTTTTGTTGTTCATTAGCTTGTTTCTGTTTTGATTGTTCTGCCATTTGAACTACACCAACCTTTTAAATTTATTCTAGTGACAGGATAACTAAAATATATTTCTTATGCAATAATTTCCTATTGATAAGCATTTTCGGGTTTTAGTTGTAAATTTTGCCCTAATTCATTTAAGTCTTGTTGCATTTCAAATTCAGTATTGTAAACACGCATTGACTCATCTCCAAATTTATAAAGAATAAATTCGTCTCCTCTTTGACCTATAATATATTGATCATTATAAGCCATGCGATTCATTCCAGACACAGCCATAAACTCTAGTTTATCTATCATTTTAAATACATTTTTAATTTGGCTTAATGGTACATTTTTTATTAAATCATTTTCTTTTAATGAATATTTCTCACCACTTACATAAACATGTTGGGCATCATTAGTGGGTTGCGTAACTTGATTCATTTGATCATTATCGTGATTTACAGGATTCCAATCTTGTTCTTTTAAAAAAGGTGCGTATTTCAAGGCGATATAAACAATTATCACAATTGCTATTACTGCTATAATGTTTTTAATCATACTAAATATCAATCTCATAGTTCGCCTCCAATGTCTTCATCTAATTATATATTTTATTATGTATATTTTCCTCAGTCTTCAGCCTTAATCATGATATATCTTAGGACTGATGCACGTTCATTTAAAATGGCTTATAATTTTGTTATGATTTAAAAGCGTATGAGGAGGT
CP129556.1_gap32	1175026	1178694	3668	TCGCCAATTCACTCGAAGGCAAAAGTATTTTTTGGTTAGTTTGATTAAATGATTCTAAAAATCCTTCTTGAGAAAAGTCGTTTGGCATAAAATCAACTCGAATGCCAAGTGATTCACAATATTGCGCTGTCTTACTTCCTATCACAGCAATGTTATCAACATTAATTCCTTTTAGATATTTATAAAAGAATTTCACAGCATTTTTAGATGAAAAAATAAGCCAGTCATAGCGTTGATTTAACAAATGAATATCAAAATTTAGTGGCTTTATATCAATAAAAGGTTTGTGAATAATTGATACTAAATCACTTTGCATGTCATTTGTTTGTGTCATAACTACAACTGGCTTCATATTTAAACGTCACTCCATTATTTAATGTTGTTCATTTAAGCGTTTTATAATTTCATAAGCACCTTGCTCTTTTAATTTGTTACTCACTTTTTTTCCTAACTCAACCGGATCTGTTCCGTTCATTGTATATTCAAATCGTTCTTTACCATCTGGGGTCATAATTAAACCTGTAAATTCGATTTCTTTTTGATCTGAGATTGTAGCATATCCTGCGATTGGCACCTGACAACTACCATCCATTTCTGCTAAAAACGTTCGTTCAGCAGTCACACATTTTGCAACCTCATCATTATGTACTTTGCTTAATAATGTTAATAGTTCTTCATCGTCACTACGACATTCTATCCCTAAAGCACCTTGTCCAATTGCAGGTAACAATGTATCTCTATCAAGATAAGATGTTACAATATCATCTGACCAGCCCATTCTTCTTAAACCAGCTGCAGCTAAAATAATCGCATCATAATCTTCAGTTTGTAACTTTTCTAATCGTGTATCTATATTACCTCTAATCCATTTAATCTCTAAATTAGGATACTTAGATAATATTTGTGCACCACGACGTAATGAACTAGTACCAATAATACTACCTTCTGGCAATTGGGATAGTGGTGTATGTGTTTTAGAAATATACGCATCAAAAGGTAATTCTCTATCAGGGATACAACCTAATGTTAAACCTTCCGGAATTACACTTGGTACGTCTTTCAGCGAGTGTATTGCCATATCGATATTTTTTTCAAAAAGTTCATGTTGTATTTCTTTAACAAATAAGCCTTTGCCTCCGACTTTAGACAATTGTTTATCTACTATACGATCGCCTTTCGTGACAATTTCTTTAATTTCAATTTCTAGATTTGGCTCGACAGCTTTTAATTTATCAATAAATTGCTGGCTTTGTGTTAAAGCTAATTTACTTCTTCTGGAGCCAACGACTAATTTACGCATGTTCAATTCCTCCTAGGAACGGATTGCTCTAGATTATTTTCTTAATTCACAAAATGTGTTGCAAAAAATAAATTAATCATATTTAAGCAAAATAAAATAATGTTATAGTATATTAAATACCTTGAATTCAACCATTTGTTGATTCTAAGTAAAATATAACTTCCATATAATACTGTAATAATTGAAGAGAGTATTACCTTCGGGTCAATGAATATACGTTCACCAACTGAAATTACACCCCATTGTGTACCTAAAATAATACTAAATATGAGAATTATCCACCCACTTAACGTTGAATAAAACACAATTGATTCAAGTGTAGCAACGCTACCTATTCTAAAGTATTTTTGATCAAAACGCTTTTCCTTCAAATTACGGTATTGCATGATATACAGTAATGCATTGACAAAAGCTAAGGCAAAGAAGACATAACTTAACACAGCTAGACCAATATGGACTAACAGTAACTCGTCTACAACAGCAATTTTCTGAACCTTATTAGTATAATGTGTCGGTTGAAATGTATTCATCCCTAAAAGTGTTAACCCTATTAAATTCAAGAAAAACACAGAGAAATTCAAAACTTTGATAAGGTTAAGAATTAAAGAGATTGAAATAATCAGCCAACTTAAAGTATAGAATACATCTGAAATAGACCCTAATGGAATATGTTTAGTTTGTATAATAAAAATAGATAAAGAGATTGTTTGTAAAACCCAAACAATCCCCAATAAATATATGCCTAAACTTCTAATCTTATGACTTTTTTGGACAAAATCATAAAAATAGCAAATGATACTGATTAAGTATATTAATAATATAATTTCATTGAATCGAATAAACAGGTTTTCTTGCATATTATCACCATATTAATATGCTTATTCAAAACTAAAGATACGTCGCGCTGAAATTTCCTTGACCTTGCTTTCTTTTTGTTGCTTCGCTTGCTCATGAGGACATTTAGCTTCGATATCAAATATATTTTGAAATAGCTCTAATTTTTCATTACTTTTCTTATCACTACTTAATTCTTTGGCCTGTTTAATAGGATCTTTCAACATTTGATTGATGATACTTTTTGTATGTTTAGATATAATTTTACGTTCTCTTTCGCTTAACCCTGGCAATTTACGATCAATACTGTCCATCGTTTCCGCTTGAATTGCCATAGCTTTTTCACGTAAAGCTCTAATCACTGGAACAACACCCAACATACTAACCCACTCATTGTGTGCATGTATTTCTGCAGGAATTTGTTCCGAAATTGTTGCAGCCGCTAATTGTCGCTCACGTAAGTTTGCATCAACTAAACCTTTTAAGTCATCAACATCATAATTAAAGATGTTTGTGATGGCACTAATACCAGGTTCAATATCTCGAGGAACTGCAATATCAATCAATACTAGTGAATCTTGCTTTCTATTTTCTGCAATTCTTTCTATCATTTCATTTGTAATGATATAAGATTGTGCACTCGTCGAACTAATCACAATATCTGCACTTTCAAGTAAATTTGGTAATGATGATAGTTCATCATATTTCACTTGATGCTTTGCTGCTAATTTCATAGCATTTTCAATTGTTCTATTTACTACTGTAATATCAGTAATTCCAGAACCAAGAAGATTTAATAGTGATAATTCACTCATTTCCCCTGCACCAATAATGATAGCTTGCTTACTTTTCAATTTGCCAAATACTTTTTTCGCCAACTCGACCGCAGCATAAGACACACTTACAGCATTATCAGCTATATCTGTTTCATTATGTGCTCTTTTTGCAAAAGTAATTGCCTGTTTAAATAGATGATTAAAAATTGTTCCTGTCGTACCTGTGCTTTGCGCTAAGAAAAATGCATCTCTTATTTGACCTAAAATTTGAGTTTCTCCAAGTACGATTGAATCTAAACCAGAAGTGACACGCAATAAATGTTCTACTGCTTCGTCCCCCACTTTTACTTCTGACATTGCTTTAATATCATCTACTTCAAATCCAAATGCACGAGCTAGAAATCGTTGAATATAGTAACGACCTGTGTGAATTTGATCAACAACAGCATATACTTCAGTTCGATTACATGTTGATAATATGACATTTTCTAAAATAGATTTAGTTTCATATAAATCTTCATGGGCAATTCGTAAGGCATCATCTCTAAAAGCAACTTGCTCTCTTAGTGCAACATCAGCTGTGCGATGATTTATACTAATTGCAATAAAATGCATTTGAAACGCCCCCATATATACTAACAATACAAATATTATAACATAATTTAAAATCCAATTAAGTACGATGCTTAAATAAATTATAATCTTTCTAATTTACTTTTGAGTTTTTGACAAAATGATGAACGTTGAAAAATGTTATC
CP129556.1_gap33	1181104	1183728	2624	AGCTTCGATTTTTTCAGCTTCAGCGATTGCAGTTAAAGTTAAGTTAGTTTTAACACGTTGTTCTGCATCGTCTTTCATTTGCTCTCTTAATTGAGATTCATCTTGACCTGAGATTTGGAAGTACGTTTGTAAATCTAAACCTTGTTGTTGAATTCTTTGTGCAAATTCAGACACCATACGATCTAATTCAGTATTAACCATTGCTTCAGGAATATCGATTGTTGTATTATCAGTAGCTTTAGTAATCGCTTCTTCTTTTTCAACATTTTCTGCATCTGTAGCTTTTTGTTCAGCTAAACGTTTACGTAAGTTTTCTTTGTACTCGTCTACTGTATTTGCTTCTGCATCTAATTCATTAGCAATTTCATCAGTTAATTCTGGAACTTCTTTAAATTTAATTTCGTTAACTTTTGTTTTGAAAGTTGCTTCTTTACCAGCTAATTCTTCAGCATGGTATTCTTCTGGGAATGTTACGACAACATCTTTTTCTTCGTCAACTTTCATACCTTCTAATTGCTCTTCGAAACCAGGAATGAATGAACCTGAACCGATTTCTAAATCGTAACCTTCAGCTTGTCCACCTTCGAATTCTTCTCCGTCAACTGAACCACTAAAGTCGATGTTAACTGTGTCGCCATTTTCAACAACACCATCTTCTTTAACTACCATTTCAGCTAAATGTCCTAAGCTGTGGTCAATTGCTTCTTGTAACTCATCATCAGATAATTCAGTTTCTTGTTTTTCAATTTCAAGACCTTTATAGTCTCCTAATTTAACTTCTGGCTCAACTGTAACTGTTGCTTCAAAAATGAAATCTTTACCTTTTTCAATTTGAGTAACACTTACTTCTGGTTGTGCAACTGGTTTAATATCAGTTTCGTCAATTGCTTCACCATAAGCATCTGGTAATAAAATGTCGATAGCATCTTGATATAATGCTTCTACACCAAAGCGTTGTTCGAAAATTGGACGTGGCACTTTACCTTTACGGAATCCAGGTACGTTAATTTGTTTAACCACTTTTTTAAATGCTTGATCTAACGCTTTGTTTACTTTTTCTGCAGGAACAGTAACTGTTAATAAACCTTCGTTACCTTCCTTTTTTTCCCAAGTTGCTGTCATGTATATATACCTCCATGATTAACTAATTTATTTTTTCAACTTCCCTATTATATCATAGGTCTATTCCCTATACAAACATTGAAATCACAACGTTTATATATTTGTAAATCAACTTTTTTCGTCAAAACTATATTAAAATGCTGAGTATTATTTTGCAACAATTTAACTATTATTATTCAAATCTAATTGCTGAATAAAATTAAATGCATCGATACTTTGTAATTCACATTTAAGTCCTAACATATTTTTGAAATAACATTCGTATGCATTAATCCATTTATTCGTTTCAAACAAAGTTTCAATATCAATTGGATAAATCATGATAGAGTGATTATTCATAATATGGTGTGCTTCTTCAGCGATATGTAAAGCACCTTCATTTAATGTTTCCATAACGTTAGGTATAACTTTTTCTTTCAGTGTTGTATGTTCTAGCCCTTTTAAATTAGCTGGTACAAAAGTTATATCCATACCATACTTTTCAATTGTCAGTTCTTGTGTACAATTTGCGAACCTTAAATACTCAATCATTAAACTAATTAGGTTATAACTGTACATATTAGATTTCAATATATATAATACCGTTTCTTGAAATTGAAAATGACCATTGTCTATTAACTTCAAAATCAAGTGCGTCTGTTCCCTCATTGATAACGTATCAAAATCAGTTAATGACTGTGTCAATCGTTTTTCATCTTCAATTAATTTTGACTTAGCAAATTCTTTAAGAGGATGTAATGCCATTCTTGTTTTGTGATCTTTGACCTCATCAATAATTTGATGAATTACTTCTACCGCTTCAAAATATTGTTCCAAACCTATCAAACTTTTCACATAATAAATCATCAATGCATCATATTGTTGTATGCCAGTTTTCAATAAGACAATTGTTTCTTCTCTTAATTCAAGAAATGACCCCGTCTCATATAACATACGGCATTTCATCATTGCTATTTCTTCAGTGAGTTCAAATTGACGTTCATATTGTACAATATATTCATACATCAGGTCATAGTTTTGGTCTTGTTCAGCACGTTTTATATCTTTATATAACTTTTTCGAAGAGTTAGGAAACTGAATAATATCTGACATATATGTCACCTCGTTTGATTATAAATCTTGAAGGATTAATGCGCTCCACGTCTCGAAATCATCATATGACTCTATGTTGCCTTTTTCAACCCATTTTATTCGTAAAGTATCTGTTTCTTTAGCTTCTACATCATTCGTACTTACAGTGATTTTAAATACAACACCAATATGTACCTTGCCCACTTCGTTATTATCGTCATTAATAAAACCGATATATTCCATATTTTGTGAATCTTGCTCACTTAAACCTACTTCTTCTTCTAATTCTCTCTGTGCATTAACTCTCAATACTTCGTTAATAGATTCTGCTCCTGGAACATCATTCATATGACCGCCTACACCTATTGAAGATTGTCCATGCAATCGAGCTTCTCCACCGCCAGATAATCGTTCATACACTAATATCTCGC
CP129556.1_gap34	1325286	1327818	2532	TATTGTCATCACATAAGCGAGGACAAATTCCAAAACTTATCTGACCTAAGATTCATTTCCGAATTTAAGTACTCATACAATTATCAAAAGAAAGAAAACTTAGTTTACTGCGATTTAATCGAGCATTTAATTTTACATGCAATTATTACAAAAGAATCCAATGGCCAATTTGGTGTGGCTGGATTATGTCAAATGATCAAACCAACAGTCATTGATTGGTACATTGGCGAATATAATCCAAAACCAGCATGGATGCAAGCCACCAAAGCACGTGCCTATTTGCCTGGAATATTAGTAGAGAAATTACTCATTAAAATTGACGATATGTTAAAAGGCATAGAAATATATGATTTCCTTGAGTCTAGATAAATGATTAATGGAGATTTATTTTTTGCTGTTGAGATTTTGTTATAGATGTTTAAACCTGTAATTAAATATATTTTATAAAAATAGACCACGCATACCTCTCTATAAACGGACAATGTTTATAAATGAGTTTGCATGGTCTTGAATTGTATTAGTTTTCTTTTAGTTTTAATAAATCGACTAGATTTTCTGATATATTATTTTTATTAATAGTACGATTATTTGTTTGATTTGATAGAAAATTAGATTGAATATAACCTATATGTCTGTATACGTCAGGGAATAATTCACTTTCAACATAATGATACTGTTTTAATTTCTCCCTTAATTCTTTACAAATCTCAGGCCTTAAATATTCACTAGTCAAGATTTCCTCTTTTTTCAACCTTGCATCTAAATATAGTTTTTTCTTTTTTAAGTCTTCCATTTCTTTATCTATTTTAATAACGCTTTCATCTTTTAAGATTCGTTTAATTAAATATTCCAATTCCTCTTTGTAATCATTAGATTTTTCACTATCCATGTCATGTTCAGTTTTCATAGTTAAATTGCGTATTCTTTTGAGGTCTTCTTTAATTCTACTCTTATGATTTTTCAATTTCTCTTCTCTAGTTATTTTTAGTTTTTGAAAAGCAGATTGCGTTTGATTTAACTCCCTTTTTAATTTTTCTTTATAGTCATATGAAAAATTTAACTTTAAACGAACTAGAGGTATTTTATTAATTTTATCTCTATTTACATTTTGTTCATTCTGAAAAATCAATAGCTTTTCGAAGTTAAAAAACGCACCCTTTTGAGCTATTATTCTTTTGTTTTTACTAATCATTTTTACTCTTGAAAACAAATTTTGTTCGCTGTGTATTTTAGGATTGATATTATACATGTCTAAGGTTGCATTGTTAAACACTTGTGAGTTAGAAGTTAAAAATAGGAGCGCTATAAAGGGGTTTTCAGTAATATCAATTAATGTAGTTCTTAGCCCATAATGTTGTAAATAAGCCATATTGTTTTCTCTTTTTTTAAAATCTTCTGCTTTATATTCTTTTTTATTTAAGCACGTATACTCTATTAAATCTGGGTACTTATAAGCCATATCTTCGTATATATTCTCAAACTCTTTTTTTAAATCATCTATTATATCATTTCTTAATAATCCTGCTTTCATTGGCCAATCATTTGCTTGACCTCTATAATAATTCGTGGTTGAAGTATCATCATATAATATTTCAAAAGTTTGGATTAATTCTTTATACAAGTAAAATAATTTCCATTCTTTTTTACCATTAAAATTATAATTATTTAGACGTTCATTCAATAAATATATACTGTCTCTGTATGATTCTAATTTTGGATCATAATGATTCAATTTCTTACAAGTAATTGAATCAATACTATATAATACTTCATTACTTTCCTTTATTTCTGATATTTTAAGGTTAATGTCTACATGTAAAACGTTGAAAAAATCTTTTTCTTCATAAATTTTATCGAAATTTAAATATAAATATTTAGTATTCATTATTTATCCAACCCTAAATTATAAAGTCTAATCCCAGCTGCTATTTTAGAAACTTCCAACTTAATTGCAATATAGTTAATTAACTCTTCTCTTTCTGAAATTGATAAACCAGAAGTTAAATTAATATTATTTTCCTTGTAAAACTTATATACTAAAGCTTCCATTTGCTTTTTGGGCATTAGTAAATTAGCTGAAAAGTCATTAGCCACCCTTTCTTCAATCATTTCTTCAGTGTCATATGCATAACTATTATTTCTATATTTGATTTTATTTTTATGATTGTGTAAAAAATGTCCTATTTCATGGGCAATTGTAAATCTTTTTCTATTACTAGAATGATTTTTATTTACATAAATAGTTCTTTCATCAATATAACCCGAAACATCATCATCCAAATCTTCATACTGAATTTTTAAATCCAGTAATGCGGTCACTTTATTTAAATCAATTGCAAAATTATCAGAAGTGATATAAAGTTCCTTTTCTTTCCCCTGTATATATGGTTTAAGCAGATTAAGTATGTCATCTTCTAATACATCTTCATAATAAACTTTGTCAATGGCAGTCATAAAAATCGCCTCCTAAAAGATATTGTTAATCTTCTCTATCTATTAATTATATTTTATATTCTAAAGCTTAAAATAACC
CP129556.1_gap35	1329543	1332836	3293	TTATTTATATAACCACCTATAAAATAACTGTCCATTGGCGACTTTTTATTAAATCTCGTTACTTTAAGTGACTTATAATGATTCAGGTTATACTTAAAAAATAAATCTATTCTCTTTTCTTGTGTTTCAATGTAATGGTCTTTTTTTTGTTTATTATGTGCATATGAAATAACTATCATACCTATTAAAATTACACTAACTATTATTAAAATATATTTCTTATTCATCACTCTAATCTCCCTGAAAAGAAGAACAGTGGTGGTTCTGCTTCATATTCACTTTTATCCAAGTGTTCTTTTTTTATAATATCTTTAGGTTTTAATTCATTTTTATGGTCTTTTTCTTTAAATAATTTACCAAATGTCTTATCATCGTATCCTATGCTATCTTCAAATTGATGATTGTCAGTTACAGAGATGAGAACTTTAAAATCATAATTTTTGTTGTGATTAACATATCCATCCACAATATAGCCACCCATAGGCGTCTTTTTAAAACTAGTAACTTTTATAGAGCTATAATTATTAAGGTTATACTTAAAATATAAATTTATTCGTTTTTCTTGCGTCTCAATGTAATGGTCTTTAGTTTTCTTATTGTGCGTATAAGCAATGACTAGCAGTCCTATTAAAATTACTATAAGTAATATTAAAATATATTTCTTTTTCATCACTCTAATCTCCCCGAAAAGAAGAATAAAGGTGATTCCGCTTCATATTCATTTTTGTCTAAGTGTTCTTTTTCAATTATTTCATCGACAGAGAGTTTATATTTAGGATCTTTTTCTTTGAATAATTTGCCTAATTTATCTTCATGGTAACCAATATCTTTCTGATATTGATTATCGCTTCCCGGATCTATACTTGCTTGGAATTTATATTTTTTATCATCATTTATATAACCTATAATGAAATACCCACCCATCGGAGTTTTATGGAAATCTGTCACCTTCATATTTTTATAATTGTTAAGATTATGCTTAAAATACAAATCTATCCGCTTTTCTTGTGTCTCAATGTAATGGTCTTTTTTTGCTTATTATGCGCATATGCAATAATAATTAGGCCTATTAATATTGCAACAACTACCACAAATACATATCTCTTTTTCATTTTAATCCCCTAGTGTAGTATTTATTTCTTATAGATTTTAGATTTCAAAAACCAATTTACTTTGACATGCTATCTTTTTCTATGTTCAACGCCTCTCATGATTCGTTGTTTCAAAATACCTTTTAAAAATTACATGCTTGACATAGTATTAAATACATAAAGTCGCGCTGATTTGCTTTTCGTATTATGTATAAAATAGCAATCTTATTCTAAATTAATATCTTTTTAAGTTCACTTATCATTTTATTACTTAAATCAAAATTTGTCTCTTTTCTAACATTTTACTTTACATCAATTTTAATTACTTTAAATATTGTATAAATTAATTATTTAAAATGCTATAATCGATAAGATTATTAATATTTAATTTTCCAATTTTAATTTCTTTACATTTTTAGATATTAAATAAATCTCATGGTGACTGATGGTTTCCATGCATCAACGAATTTCCCAATCCTTTGGAAAGTTGAATCATTAATTAATCCTAATATCAATTGCACACACGCAAAAAAGGAGACATGTCAATGACAAATAAAATGAAGAAATGGCAAAAATTATCCACCATTACGTTATTAATGACCGGAGTGATTGCTTTAAATAATGGTGAATTTAGAAATGTTGATAAACATCAAATCGCTGTGGCTGATACGAATGTTCAAACGCCAGATTATGAAAAATTGAAGAAGACGTGGCTCGACGTTAACTACGGTTATGATCAGTATGATGAGAATAATCAAGATATGAAGAAGAAGTTTGATGCTAAAGAAAAAGAAGCCAAGAAGTTACTTGATGACATGAAAACTGATACGAATAGAACATATTTGTGGTCAGGAGCTGAAAACCTTGAAACTAATTCTTCTCACATGACAAAAACCTATCGTAATATCGAGAAAATCGCAGAAGCAATGCAACATAAGAATACGGTATTAAAAACAGTTGAAAACAAGTTGAAAATAAAAGAAGCCCTAGATTGGATGCACAAAAATGTTTATGGCAAGAATCCTTCTCAAAAAGTCGAGGATTTAACTAAAAATCGTAAGGGGCAAACTACACCCAAGAATAACTCATTGAATTGGTGGGATTATGAAATTGGTACGCCAAGAGCATTAACAAATACACTACTTCTAATGGATGATATGCTCACTAAAGATGAAATGAAAAATTATTCAAAACCTATTAGTACATATGCACCATCCAGTGACAAAATTTTATCTTCTGTTGGTGAATCAGAAGATGCTAAAGGTGGAAATTTAGTGGACATTTCTAAAGTAAAACTTTTAGAAAGTGTTATTGAAGAAGATGTAGATATGTTGAAAAAGTCTATAGATTCTTTTAATAAAGTGTTCACTTATGTTCAAGATTCTGCCACTGGTAAAGGTCGCAATGGATTCTATAAAGATGGCTCTTACATTGATCATCAAGATGTCCCTTACACTGGTGCTTATGGTGTTGTACTATTAGAGGGTATTTCTCAAATGATGCCGATGATAAAAGAATCTCCTTTTAAAACTACACAAGATAATGCTACATTAAGCAATTGGATTGACGAAGGGTTTATGCCATTAATCTATAAAGGTGAAATGATGGATTTATCACGAGGTAGAGCTATCAGTCGTGAAAATGAAACGAGTCATACAGCGTCAGCGACTGTAATGAAATCATTGTTGAGATTGAATGATACCATGGATGATTCAACAAAAACTAGATATAAGCAAATCGTTAAAACTTCTGTTAATTCTGATTCAAGTTACAACCAAAATAATTATTTAAATTCATATTCAGACATAGCTAAAATGAAAAAGTTAATGAATGATAGTACTATTTCTAAAAACGATTTAACACAGCAACTTAAAATATATAATGACATGGATCGTGTCACCTATCACAATAAAGACCTGGACTTTGCATTTGGTTTAAGTATGACATCGAAAAACATCGCACGATACGAAAATATCAACGGAGAGAACTTAAAAGGTTGGCACACCGGTGCAGGCATGTCTTATTTATATAACAGCGATGTCAAACACTATCGCGATAACTTCTGGGCAACAGCCGATATGACTTGTCTTCCAGGCACTACTACTTTAAATGATATGCCATCTACTAATACTAAGAATGATAAATCTTTTGTTGGCGGGACAAAATTAAATAATAAATACGCAAGCATCGGTATGGATTTTG
CP129556.1_gap36	1521306	1525840	4534	AAAAAGCAAATTCAGTTGGCTAATTTTTGAGTTTAAATTAATCACTTTTTTTGTTCCATTTTTAAAATGTACTGTATAAGTTGCTTTTTTAGCATATTTTAATTCACGTTCACCGATACCTCTATCATACTTCAATACTGATTTAACTTTTTTAGTGATATCACTGTAACTTACACGTGAGTCACCTTTAAATTTTAAATCAGATAAATTTGGTGTTGATGTCCCATTTACTGCAATTGTGTATGGTACATAACGCTCTGCATTCGCTTTTGATCCAGTTTTAACTGTAACTTCAATTTTCTTAATATCTTTCGCATGAACTAAATTAGCTGTATAAATATTCGAGTTTAAATGTATCACTCTTTTACCACCATTTTTAAAGTAAACAGTGTAATACGCTTTCTTTGCGTGTTTCAAATCACGTTCACTAACGCCTCTGTCAGATTTCAATACTGATTTAACCTTTGCTGTTAAATTTTTGTAATTTGTCCAAGGTTTATTTGAAAATGCTAAATTAGATTGAATATTAGTTGTTGTACCATTTAAATTAATTGAATATGGCACTTGATTATTTGCTTTTGCTTCTTTATCTTTCGCTTGCTTTTTAGTTTCTACATTTATATTGATATTTTTAATATCGCCTGTATTGATTAAGTTCGCTGTATAAATGCCTGCTTTCAAATCGATAACTTTTTTCGTGCCATTTTTAAAATTAACTGTAAATTTCGCTTGTTTTGAAAGTCTTAAATCTACATCAGTTATACCTCTGTTTGATTTTAAAACTGATTTTACATTATTCTCTAAATCTTTATAACTAATTTGTTGATTCTTTTTAAATGTTAAGTTTGATAAAATGTTTTGGCTTGTACCATTCACAGTGATTGTATACGGCACTTGAACATTTGCTTTTGCCTCTTTATCTTTCACTTGCTTTTTAGTATCTACGTTAACACTAATTGCTTTAATGTCACTTGTATTAATTAAGTCAGCTGTGTGAATGCCTGCTTTCAAATCGACAACTCTTTTTGTGCCATTCTTAAAATGAACCGTGTATTTTGCTTGCTTAGAAAGTCTTAAATCGATATCACTAATACCTCTATTAAAGTACAAAACTGATTTAACTTTATTCTCTATATCTTTATAACTAATTTGTTGATTCTTATTAAATGTTAAGCTTGATAAAATGTTTTGGCTTGTACCATTCACAGTGATTGTATATGGAATCTGTATTTTAGAATATCCATGATGTAATGAACTTGATGATTTATCTATTTGCTTAGCTGCGGCAGATGCTTCGTTAGTATTAAAGTTTGCTCCTGTTGATGCTAAAACACCTAATGCTAATGTTGTTGTAATCAATGACTTAAATTTCATAAATTATCTCTCCTTTTTTATGTAATTCGTGATTGCAACTTAATTATAGCCAGACTTTCTCTATTTTTTGAATTAACTGAATATTAATAATAAATTATCTTTAACAATAATTTTTTAACACTGTTAAAAGTTCTTTTAATTTTGATTAACTAATTAATTTACAATACCTAAAATGTTGTTTGATTTTGTTTATACCAAGCTTCAAACTTAAATGTCATTACAACCTTCATTTCTTAAATCCGATTACATTTGTCAATTATATTTACAGCATCTTTATACTCAAAAAACATTTACTCAAAAATATAAATTCGATTTAATAATTAATTTAAATTTAGTTAATCAATTTTGCATCTATTTTGTTGTAAGCTATATAAAAGGAGTGATAATGATGGTGAAAAAAACAAAATCCAACACACTAAAAAAAGCTGCAACACTTGCATTAGCAAATTTATTATTAATTGGGGCACTGACAGACAATAGTGCCAAAGCCGAATCTAAGAAAGATGATACTGATTTGAAGTTAGTTAGTCATAACGTTTATATGTTATCGACCGTTTTGTATCCAAACTGGGGGCAATATAAACGCGCTGATTTAATCGGACAATCTTCTTATATTAAAAATAATGATGTCGTAATATTCAATGAAGCATTTGATAATGGTGCATCAGACAAATTATTAAGTAATGTGAAAAAAGAATATCCTTACCAAACACCTGTACTCGGTCGTTCTCAATCAGGTTGGGACAAAACTGAAGGTAGCTACTCATCAACTGTTGCTGAAGATGGCGGCGTAGCGATTGTAAGTAAATATCCTATTAAAGAAAAAATCCAACATGTATTCAAAAGCGGTTGTGGATTCGACAATGACAGTAATAAAGGCTTTGTTTATACAAAGATAGAGAAAAATGGTAAGAACGTTCACGTTATCGGTACACATACACAATCTGAAGATTCACGTTGTGGTGCTGGACATGATCGAAAAATTAGAGCTGAACAAATGAAAGAAATCAGTGACTTTGTTAAAAAGAAAAATATCCCTAAAGATGAAACGGTATATATAGGTGGCGACCTTAATGTTAATAAAGGAACTGAAGAGTTCAAAGATATGCTTAAAAACTTGAATGTAAATGATGTTTTATATGCAGGTCATAATAGCACATGGGACCCTCAATCAAATTCAATTGCGAAATATAATTATCCTAATGGTAAACCAGAACATTTAGACTATATATTTACAGATAAAGATCATAAACAACCAAAACAATTAGTCAATGAAGTTGTTACTGAGAAACCGAAACCATGGGATGTATATGCCTTCCCTTACTACTATGTATACAATGATTTCTCAGATCATTATCCAATCAAAGCCTATAGTAAATAGCACTCAACAAAAAACTCGCTTCGTTCTAAAAAGTCGAAGCGAGTTATATTGTTAAAATTTGAATTGACTAACTTTAAACTGATATCTCATCGTTTTCATTTCTTTAACTTCCACTATACCTCTACATGCCTCATATGCACCTAACAATATCAAGTTAGGTTATCCATAATAAAAGATACAGTGTCTCAAGCTATCTATCCCAAAACAAATAAATAGTTACCTACTACGTGATACGCAGCAGGCAACTTGCGAAAACTTATTTCTGTTCTTTATCATTAATTGTTTTAATTAATTTTACATCATGTGTCTTCCAATCAACTTCATATAATGCTGATAATTTTTCTTCTTTTTGATCTACATGGTTTTCACCAGACCAATAGCCCCAGAAACCATGTTTGTTCCAATCTAATTTAAAGTCATCCATTGATCGTTTATAATGAACGATAAATCTTGATTTACCTTTATCATTTTTATCGTGTGACATTACAGCTAAAAATTCTGGATTAAATCCTTCTGACACAGTTACAGGCATTTTATTTTTAGGCGTGAAATTATCTTTCGCCCATAGGTTTCCGTTTCGAGTTAATGAAAAGATTTCACTTTTCACTCTATCATCACTGTCATTAGTTAGTTGTCTCGTATGATCATGTCCCATATTATTGATAGAATGTGCTTCTACTTTCCAAGCTACACCTTTATTTGTTGTAGGTTGATCAATAAGTGTGCGGTAAGATGGTTGTTGATAACTAATTGTCTCTGAATAATTTTTCTCTTTTGTAATATTTCCAGTTAAACCACCACGATTAATTGAAAAATCTCCACCTGTTTTATAGCCATACGTATATTTAACTTCTCTTGATTCATCTTGATTTTTAGGCGCAAAATCAGTCACATTTGTACTGTTGTTGTTATCATCAACGTTTTGAATCGAGACTGAATAAGAACCAGGCCATCTTAATGTACTATTCCAATAACCATTTGGATTTAAAATTTTCAATCCACTGCCAATTGTACCTTTCGCCTTAATAAATACTGTCTCTTTATCATAATTTGGCTCAGTAAGAAAATTAAATTGTAAGCTTTGTGAGATTTTTTTCTCTGTATCACTCGTTGTAGCCGTACGTGTATACATCTTCGTATCACCATCAAGGTTCTTCTCGGAAACTGTAGTAATTTTAGATTTAATTTCTGCATAAGAAGATGCTGGAAATACAGTTAAAGCTGTTGATAGCGCTAAACTACAGATTGTAATATTTTTACATACTTGTTTAATCATTTGTCATCCGTCCCTTCTACTTTATCCTTCTTTATATGGTTTATTTTGATCAGAGTATTTTTCAACGACTTTAACTGTTTTATTTTTCCAATCTACTTCATAAACTACAATAAATCTTTGACCATCTTTATTTTGTTCTAAAATTGGTTGTCCATAATGTATACCAGGTTTATTTTTCAAAATATCTTGATTACGTGTATATGTAACTTCGAATCGTGTTTTTTCATTTGACTTTTCATTAGAAATATAAGTTAAGAATTCTGGGTTAAATCCGCTTCTTACAAGCGCAGGATATCTATATTTTGATGCAAAACTTAATTCAGGATTTTCTACAGTAGATAATCTAGTATTTCTATAGAATAAGAATTCATCATTTCTGTTCTTAATTTCATTCCCGTATTTTAAATCGTTGGCAACAACAGACCAGTGTACGTGTCTATTATTATTTTTACCGCTCGCAATTGTGTCGTAATTTTGTTGGTTATAACTGATAGATTTAGAAT
CP129556.1_gap37	1548112	1553100	4988	AAATATATGGGCGTTCTAATTCAGCAACCATTTTATCTGAATCAGTAACCATATACGGTGATTGATAACCACGATCAAATTGCATACCTTCAACCACTTCAAGTTCAGTGTTCAAGCCATTTGATTCTTCAATTGTAATGACACCATCGTTACCTACTTTTTCCATAGCTTCTGAAATATAGCGTCCAATTTCTTCATCTGCTGCTGAAATCGCACCTACTTGCGCAATTTCATTTTTATTTTCAACTTTTTGAGAATTTTCATGTAACGCTTCAACAGCAACTTTAACTGCTTTGTCGATACCTTGTCGTAAACCAACTGGGTTTGCACCACTTGTAACATTTTTCAAGCCTTCTTGAATCATTGCTTGAGCTAATACTGTTGCAGTTGTCGTACCGTCACCAGCAATTTCATTTGTCTTATTTGCGACTTCTTGAACTAGTTTAGCCCCCATATTTTCATATGGATCTTCTAATTCGATTTCTTTAGCAATCGTTACACCATCGTTCGTAATTAAAGGTGCTGTAAACTCTTTATCTAATACAACATTACGTCCTTTAGGACCAATCGTTACTTTAACTGCATTTGCTAATTGGTCAACACCACGTAACATTGCTTGACGTGCATCTTCAGAGAATTTCAATTGTTTAACCATAAGTGATAAACCTCCATTTGTTTAGTCATATTTCATTTTCGTTCTTTACAATCTATCTATGAATTATATTCTATATTATTCAATTACCGCTAAAATATCTTCTTCATTTAAAACTAAATAAGTCTCATTATCTCGTTTAACTTCTGTACCTGCATATTGTTGGAACACGACACGGTCCCCTTCTTTCACTTCAGGAGTCACTCTTGTACCATCATTTAATAGGCGTCCTGTTCCTACTGCAACGATAACGCCTTCGTTTGATTTTTCTTTAGCACTATCAGTTAAAACAATACCACTTTTAGTTGTTTGTTCTTGTTCTTTTTTCTCAATAATCACACGATTTCCAATTGGTTTTAGCATGATTGTTCCTCCTTAAAAAACCTAAAGTTTAGCACTTAACTTTATAGAGTGCTAACATATATTTATAATAATCAAATTTGGTCAAAACTTCAAGTCATAACCTTTCAATTAAGTTTTGTAACTTCAAGTTATTTACGATAAAATAAATTATAAACAAATATTTGGAGGAAAATTATGACAAGACTATGGGCATCATTGCTAACTGTTATTATTTATATATTGTCTCAATTTTTACCGCTTCTCATTGTAAAAAAATTACCATTTGTACAATATAGTGGCATAGAACTGACTAAAGCAGTCATTTACATACAACTTGTTCTATTTTTAATCGCCGCCACGACGATTATTTTAATTAATTTAAAAATTAAAAATCCAACAAAATTAGAATTAGAAGTTAAAGAACCTAAAAAATATATCATTCCATGGGCATTGCTTGGATTTGCACTGGTAATGATTTATCAAATGGTAGTTAGTATTGTATATACTCAAATTTTTGGCACACAACAAACAAGTCCAAATACTGAGCGTTTAATCGTTATTGCACGTAAGATTCCATTGTTTATCTTTTTCGTATCAATCGTTGGTCCTCTATTAGAAGAATATGTATTTAGAAAAGTAATCTTTGGCGAATTATTTAATGCAATTAAAGGTAATCGTATCGTCGCATTTGCTATTGCAACGACTGTAAGCTCATTAATCTTTGCATTAGCGCATAATGACTATAAATTTATTCCTATATACTTTGGTATGGGCGTCATTTTTTCATTAGCATATGTATGGACGAAACGACTTGCTGTTCCAATTATTATTCATATGTTACAAAATGGATTTGTCGTTATATTCCAATTACTTAATCCTGAAGCTTTGAAAAAAGCCACGGAACAAGCGAATTTTATATATCACATTTTTATTCCATAATATAAAAAACGAATCACACACGGATTATCGTCGCTGTGATTCGTTTTTATTTTTCTTTTTATTTCGCTTTACAAATAAGAATAGCATGATTGAAAATACCACCATCATAGAACATACAATTGCTAGCCAACTTTTACTATATGCAGTTGACGCACTTTTCTTATTATCTTCTTGTTTTTTTACAACTGTAAAATCATCTTTTTCATGAGGCTCAAATGAACGTTGTTTTGAATCCGGCTTATCTTCGGGCTTTTTCAAATCTGGCATTGATCCAATTTCGCCAGTAATTAATGCGAGTACTTGTTCATCTAAATTACGATAGTACCTTTCTGATTTCAATGGATTGAAATATTGGAATCTAAAGTAATTCGATTGCTGTTGTAATCCATTTAAATATGCATTTCCGCTGAAGTTTTGTTTACGGATGATATTGTAGATATCTTCATCAGTTACCTCACCATATTCTTTCCCCAATTGATTAATTTGATTTAAAATATACGGATTATACTTGTAAGCCCCATTCGCCAAGGCTAAAAATCGTTGGGATACAAAATCATTACCAGTAGGATTTTGTGAGTTTCCTTGATTTCCATTTGGTTGCCATTGACCTTGATTAGATCCATCTGAAGCATTTGGGTTCCATGTCCCCCCATTTTTCGAGCCACCAGATTGATTGGAATCCCCAGGTTGATTGGGATTTGGAGACGGATTTGGATTTGGCTTATTAGGGTCTGGTTTTGGATTCGGATTTGGATCTGGTTTTGGATCCGGATTTGGCTTCGGTTTGTCTGGATCTGGTTTTGGATCCGGATTTGGTTTCGGCTTATCTGGGTCTGGCTTTGGATCCGGATTTGGCTTTGGTTTATCTGGGTCTGGCTTTGGGTCTGGCTTTGGTTCCGGATTTGGTTTCGGCTTATCTGGGTCTGGCTTCGGATTCGGACCTGGGTTTGGGTTATTTGGGTCAGGTTTTGAATCTGGACTTGGGTTTTGGTTGTTTGAGTCTGGCTTCACATTATTCGAATCAGGATTAGCATCACGACTATTCGAACCAGTTCCTACATTACCAGCTTGATTTGATTCGTGAGGTGTCCCAGTCTCATTATTATTCATTTCACTATTTACTGATGGTGAAGTTACATTATGATTCAAATTAGTCGTTGGCTTTTCTCCATTTAAGTTATCCTTTGCTTCAACTGTGTGCGTTGCAAGCCCTAAACTACTACTACTACTTAAAATTAACATACTTGTTGAAAGTAACATTTTCTTAAACCAATGATATGACATTTCACGAGACACCTCCCTTTTTCATATAAGTATTAATCTAAGTATAATAAATATGCGTTGAAAATGCATTTATATTTGGAATTTGAAAATGAATATTAATATTCTTGAAATTTTCGTAAATATTACTTTACAAGTTCGAGTATAAATTTTATACTAAGTCTATTAAGTATTCTTTACTAAAGAAGGAGTAATGATTATGGGTTTATTTAAAAAAGATAAAAAAGCAATGACTTTTGACAACGCAATGGAAGAAAGACGTTCAATATATAATTTGAAAGATTCAATATCAATTAGCGATGACGAATTAGAATCAATGATTGCACATGCAGTTAAACATGTTCCTTCATCATTTAATTCTCAATCAACTAGAATTGTTCTCTTATTAAATGACAACAATAATAAATTTTGGGATAACACAAAAGCAATTTTAAAAGAAGTCATGGGAGAGAATCGTGATTTCGAGCCAACTGAACAAAAAATTGATAACTTCAAACATTCATACGGTACAATTTTGTTTTATGAAAATCAAGATGTTGTAAGTGGTTTACAAGAACAAATGCCAAACTACTATGATAATTTTGCAATATGGTCAACTCAAACAAATGCCATGCATCAATTTGCAATTTGGACTGCATTAGCTACTAAAGGCATAGGTGCTTCATTACAACACTATAATCCACTTGTTGATGAGATGACTTCAAATGAATTTAATATTCCTAAAAGTTGGAAACTTATTGCTCAAATGCCATTTGGTGATATTCGTGAAGCTGCTGGCGAAAAAACATTTAATCCAGTGGAAGATCGTTTCGTAATAAAAAAATAATCAATATATTGTTGGGAATGGGACAGAAATGATATAGAATCATTAGTTATTCATTATGTAGTAGTTCTTACACATTAGCCGCTGCTAATGTGTACTTAAGAATAGGAATACATGAGTAAAACTCATGTATAAGAAATACTAATTTCTAAAGAAAAAGTATTTCTTTACGTTAGAGCCCACCCCAACTTGCATTGTCTGTAGAAATTGGTGTTCCAATTTCTCTATGTTGGGGCCCCATCAACTACTGTCAATATAACATTGTAGAGCCTAGGACTTTGATTTTATGTCCTGGGCTTGTTTTTTGCGTTTCAACATAACTTTTAGTATGTTATATATAAGATCTATCAAGGATGTGATGTTATGAAAGTCCAAATTTATCAATTACCGATTATTTTTGGAGATAGTTCTAAAAATGAAACTCAAATAACGCAATGGTTCGAAAAAAATATGAATGCTGAAGTAGATGTAGTCGTTTTACCTGAAATGTGGAATAATGGCTATGATTTAGAGCATTTAAATGAAAAAGCAGATAATAATCTAGGACAAAGTTTTTCATTTATTAAACATTTAGCTGAAAAATATAAAGTCGATATCGTAGCTGGGTCAGTTTCTAACATTAGAAACAATCAAATATTTAATACAGCTTTTAGTGTGAATAAAAGTGGCAAACTGATTAATGAATACGACAAAGTTCATTTAGTTCCTATGTTAAGAGAGCATGAATTTTTAACCGCTGGCGAAAACGTAGCTGAACCCTTTCAATTGTCTGACGGTACTTATGTGACCCAACTTATCTGTTATGATTTACGTTTTCCAGAATTATTAAGATATCCTGCTCGTAGTGGTGCTAAAATTGCATTTTATGTGGCACAATGGCCTATGTCACGTCTTCAACATTGGCATTCTTTACTAAAGGCACGTGCAATTGAAAATAATATGTTTGTCATT
CP129556.1_gap38	1630735	1631235	500	GCAAGTGTTGGTTGGTAACCTACTGCAGAAGGCATACGACCTAATAATGCAGATACCTCAGAACCAGCTTGTGTAAATCTGAAAATGTTATCGATGAATAATAATACGTCTTGACCTTGTTCGTCACGGAAATATTCAGCCATTGTTAAACCAGATAATGCAACACGCATACGTGCACCAGGTGGCTCATTCATTTGCCCGAATACCATGGCTGTTTTCTTAATTACACCACTATCACTCATTTCGAAGTATAAATCGTTACCTTCACGAGTACGTTCACCTACACCGGCGAATACAGAAATACCACCGTGCTCTTGAGCGATGTTGTTAATTAATTCTTGGATTAATACTGTTTTACCTACACCGGCACCACCGAACAATCCGATTTTACCACCTTTAATATAAGGTGCTAGTAAATCTACTACTTTAATACCTGTTTCTAAAATTTGAACTTCTGTTGAAAGTTCATCGAATGCTGGTGCTTGACGATGGATAGGATC
CP129556.1_gap39	1632986	1634585	1599	TAATTGAAATAACGTTTGTTGGTACATAAGCTGAAATATCACCAGCTTGTGTTTCGATAATTGGTAATGCAGTAATTGAACCGCCACCTAAGTCATCGTTTAATTTTGCTGCTCTTTCTAATAATCTACTATGTAAGTAGAATACGTCACCTGGGTATGCTTCACGACCTGGAGGTCTACGTAATAATAATGATAACTCACGATAAGCTGCTGCTTGTTTAGTTAAATCATCATATACGATTAAAACATGTTTACCGTTAAACATGAATTCTTCACCCATTGTTACACCTGAATATGGTGCAATATATAATAATGGAGAAGGTTCAGAAGCTGATGCTGCTACAACAATAGTGTAGTCTAAAGCGCCTGCTTGTCTTAACTTTTCAACATTTGCTCTTACTGTTGAATCTTTTTGACCAATAGCAACATAGATACAAATCGTACCTTGATCTTTTTGGTTCAAAATTGTGTCAATTGCAATTGTTGTTTTACCTGTTTGACGGTCACCGATGATTAACTCACGTTGACCTCTACCAATTGGTACTAAAGCATCAATTGCTTTGATACCTGTTTGTAATGGCTCATCTACTGATTTACGATCCATTACACCAGTAGCTTTTTTCTCTACTGGACGTGTTTTAGTTGTGTTAATCGGTCCTTGTCCATCAATAGGTTGTCCTAATGGATTAACAACTCTTCCGATTAGTTCTTCACCTACTGGTACTTCCATGATACGACCAGTACGTTTAACTTCGTCACCTTCAGTAATACCTGTGTATGGTCCTAAAATAACCACACCCACGTTTGACTCTTCAAGGTTTTGGGCTAAACCAAGTACGCCGTTATGGAATTCTACTAGCTCACCAGCCATAACGTCATTTAATCCGTGAATTAATGCAATACCATCACCAATTTGTAATACAGTACCTACATCAGTTACGGACATTTCTGACTCATAATTTTCAATTTGTGAGCGAAGTAATGCACTGATTTCTTCAGCTTTTATGGCCATCTATGTCACTCCTCTTTATAATTAATTAACTCTTCTAAATTTTCTTTGTAATTGGACAAGATCATTTCTAACACTACCATCTAATACAGTTGTGCCGACTTTAACTCTAAATCCACCAATTAAATCTGGATTAATTTTTGTATCTACAATAACTTTAGATAACTTCGTTTGTTGAGTTACTAGTTTGACAATCTTAACTAACTCTTCTTGACTCAATTCATATGTTGACTCAATTGTTGCAAAATCTTGATTGTAGTGTCCGTTATATAAGCTTTGGAACGCCTTGAATACGTCAGCTATTAATGAGATATGTCTATTATCTGCTAACACGTACATCATATTTTTAATGTATGGATTAATGTCAGTAAATACACCATTAATCAACTCACGACGTTGTTCTGCTGTTTGAGTTGGATTACTGTCAACCATTTTCAATTGCTCAATTTTATCTTTTACTGCTTCGTTTATAACTGTTAATTCTTCATTAATAGTTTCTAAATTATTTGTATCTAATGACACGTCAAATAATGCTTTAGCATACTTGTTAGCTACTTTTACCATTATTTATCGCCTGCCTCTTTTAGATA
CP129556.1_gap40	1670046	1672932	2886	CTCCATTGTGATTAAGTAAGCAATAGAACTCTGATGTTGTTGTTCCATTATATTTTGATTTTGTTCTCATTTATATCGTATTATAAACTTCCACATTTCAAATTAACTATTAGTGATTGTACCATATTTACTAACATTGCAGTACTGCCAATTAAAGCGCTTCACTTAAATTTACAGCACTTTAACATTTTTAAAATTTTATAGCATAGAGATTATATCTCTCTTACATTTGTACATATTTCTCTTTAAATTTACTCGCCCATTATACCAATTAATAAACAACTTTAATAGTTGTGCCATACATTGTTCAAATTCATTGTAAAACACATAGACAATACGTACTTATTCATACTTATAATTCATCATTATCAAAAAAATAACGAGTTACGAAAAAGTAACCCGCTTCAAATCATATTTACTATCCTTATTAATCCGTTTCATTTTCAAATTGAGTTAAAGCATCTTTAATGTCCTGGTCACCACTAATAATTTGAAACTCTTGGTGATTAAAATGATTGGATGTGACAATTTCTTTTAATACTGTCGCAACATCTTCTCTAGGAATTTCACCTTTACCTTCAAAATATTGTGCTGCTTCTATCTTTCCAGATCCTGCTGCATTTGTAAGTGCCCCTGGATGTAAAATTGTATAATTCAAACCTGAACGTCTTAAATAGTCATCAGCGTAATGTTTAGCAATTGTATATGGCTTTAAATCACCGCTATCATCAAAAGCCTGACGTCTCGAATCATATGTTGAAACCATGACATAGTGTTTAATATTAGCCTCTTTACTCGCAATCATTGATTTAACAGCACCATCTAAATCGACAATAATTGTTTTATCTGCACCCGTATTCCCTCCAGAACCTACTGAAAAGATAACTTTATCGAATGGTTTAAACGTCTCAGTTAAAGTCTCTATTGAATCATTTTCAACATCAACAAGAATTGCTTTCATACCTTGTGATTTTAACGCATTAAGTTGATCGGATTGCCTAACACCTGCAGTAAATGGTACATTTTCTTTTGCTAATTGTTGCACTAGTAACGAACCTACACCGCCATTAGCACCTATAACCAAAATATTCATTTACAACACTCTCCTATTTATTATTCCCTATGCCATACCACTTTATGAGATATGTAAAACTTGTTACAACTATAAAAATCAATTGACATACTACTGGGAACGTATTAAATTAATATATGAACAAATATTCATATGAAAGGATTGTCATATAATGTCAGAACAATATTCAGAAATAAATACAGATACATTAGAACGCGTAACTGAAATCTTCAAGGCATTAGGCGATTACAATCGAATACGTATCATGGAATTGTTATCAGTCAGTGAAGCAAGTGTTGGTCACATTTCACATCAATTGAATTTATCTCAATCAAATGTCTCGCACCAATTAAAATTACTTAAAAGTGTGCATCTTGTGAAAGCAAAACGACAAGGCCAATCAATGATTTATTCATTAGATGACATCCACGTAGCAACTATGTTAAAGCAAGCCATACATCACGCGAATCATCCTAAAGAAAGTGGGTTATAATATGTCTCATTCACATCATCATCATGACCATATGCATAGTCATGTAACTACAAATAATAAGAAAGTATTGTTTATATCGTTTTTAATAATCGGTCTATATATGTTTATCGAAATCATCGGCGGTCTCCTTGCTAACAGCTTGGCATTACTATCTGACGGTATCCATATGTTTAGCGACACATTCTCATTAGGTGTTGCTTTAATCGCATTTATATATGCTGAAAAGAATGCCACAACTACAAAAACATTTGGTTATAAACGTTTCGAAGTACTCGCAGCGTTATTTAACGGTGTAACGCTTTTTGTAATAAGTATTTTAATTGTTTTTGAAGCGATTAAACGTTTCTTTGTTCCTTCTGAAGTCCAATCTAAAGAAATGTTAATCATTAGTATTATTGGTTTAATTGTCAATATCGTTGTTGCATTCTTTATGTTTAAAGGCGGCGACACTTCACACAATTTAAATATGCGTGGTGCTTTTCTACATGTTATCGGAGACTTATTAGGTTCAGTTGGCGCCATTACTGCAGCTATTTTAATTTGGGCATTTGGATGGACAATCGCCGATCCTATCGCAAGTATTTTAGTTTCCGTTATTATTTTAAAAAGCGCTTGGGGTATCACAAAATCTTCAATTAACATTTTAATGGAAGGCACACCAAGTGATGTTGATATAGATGAAGTTATAGCTACTATTAAAAAGGATTCACGAATACAAAGTGTGCATGATTGCCATGTTTGGACAATTTCAAATGATATGAATGCATTAAGTTGTCATGTTGTTGTAGACCATACATTGACAATGAAAGAATGTGAATTATTATTAGAAAACATTGAGCATGATTTATTACATTTAAATATTCACCATATGACTATTCAATTAGAAACGCCTAATCACAAACATGATGAATCGATTATATGTTCAGGAACACATAGTCATTCACATAGCCACCATGCTCATCATCACGCGCATGTACATTAATAATTTTAACCTACTGCCATTGCATCGATTAAACTTTTCAATGGCAGTAGGTTTTTTATGTCTTTATGGCGACTTATTTGGTCTTTGATGATGCAATGTTTATTAACAAATTTTCAACTATTATTTCTTACATTAGTCATATTTTTGACAATTTACTATTATAATTCTCTAACTTTAGTCACTTTAATTAATTTTTATTAGATATTAATATGAAAATAACGTGTTTTTTGTTATTGTATTTATATGAAGAAAAGGAGGCACCACTTTGTTTACTTACTTTAAATCAGCATTTAAAAATGCTAAACCACAATTATTAATAACATTGATATATGCACTTAT
CP129556.1_gap41	1674983	1676384	1401	CTCCTTATATTATGAAATGTTATCAATAGATGTCGCCTAAAGATACAACAAGATTCGAGACAAAACCTGATCATCAAGCACAGTTTGACTGGAAAGAAAGCATTAACTTTAAAACGAAAGATAATCAAAGGATTCCACTATATATAGGTGTGCTACTACTTTATTATTCTCGTTTTATAATCATGTATGACAATGAGTAAATCAAGTGATGCCTTATTTAATTCATTAACACAATCGTTTGAGCTAATAGAAGGTGTATATAATGAACTTGTAACGGATAACTTGAAAATAGTCATGTATAAGCCAAGAAAAGAAAGTACAAGTGGTCGAATAAATCGTAGATTTAAATAATTCGCTGATGGTTTTAAATTTCAAGTAAAACCTTGTATTTCCGGCCTCCCTAGAAAAAGATAAAGTTGAATCAATAACAAAAATATTAGATGAAATTAATGCTTACCAAGACGAATTGCATTTGGAAGAGATTCCTAAGTTTTTTTAATCTTAATGAACGATTTAACTACTAAGTTCATACTAGTACAGGTAAATTGCCTATTACTGCCTAAGAGAAAGAAAAAATTTTCTTACAACCACTACAGAATGTGAATGTAAAAAACTCATATAAAGTGAAACATATCTTACTTATGGAATGAAATGTTTGATTATCCCAAAATCACAAATGCGATTTTGGAGTTGTTAGGGGCTCTAACGCAAATACACTCCTACTTAAAATAACGGTAGTTGTTATAGTATACTTAAATGCATAAACCATATAAAAGGTGATGCTAATATGACATACGGTTCAATTGTAGCTATACTCTGTGCCCTATTTGTGATTTTCTTCATTCCATATATGGAGAAGAAAGACAAAAAGAAGAAATAACACTAGTATCTGGATTACTAGCATACAAAGGAGCAGTAAGACATTTTCTAATAGAAAATAACTTTACTGCTCCTTTGTAAATTACTCTTCAACTATTGTAAATTAAATAATAAATAACTGCCGATGTTATTAATCAGCTAAAAAATGCTTTGCTAAATATTTTGCTGCGCCATCCTCTTCATTCGTATAAGCCGTTACATCTGAAGTTAATGCTTGGATTTCAGGACGTGCATTTTTCATAGCGACTGTGTAATGGCCAAATTCAAACATTGCTCTATCATTGTCGCTATCTCCAATAACTAACGTTTCTTTTTGATTGATGCCAAAATGTTCAATCATTTCTTTAATGCCTGTACCTTTATCAGTTTGATAAGCCATTGTTTCTGCATTAAATCTTGATGAATTTGAAACACTAATCTGTAGTTGCACATGATTTTGCTTTAATTCATCTCTAAATGCTGTTATTTTTTCTAAATTAGAACTGAACAGATAAATTTTTGAATATTCACCTTCAGGAAACT
CP129556.1_gap42	1680251	1680808	557	ATTTTTTTGTTTTACTTTTTCAAAATATCTACGCAGTCACATTGATGACACTTTATTTAATTTTGTCACATTTATTTTGACAAAGTTGATTTTTGTTTATATTGAGGATTGCGTTATGGCTCTTTACACTAAAGATAGTCACATACATTAAAAAAGAGGTGTAAATATGTCGCAAACTGAAGAGAAAAAAGGAATTGGTCGCCGCGTTCAAGCATTCGGATCATTTTTGAGTAGTATGATTATGCCAAACATTGGTGCATTCATCGCTTGGGGTTTCATCGCGGCCATTTTTATAGATAATGGTTGGTTCCCGAATAAAGATTTAGCTACGTTGGCTGGTCCAATGATTACTTATTTAATCCCACTATTGATTGCATTTAGTGGCGGTCGTTTAATTTATGATTTACGTGGTGGTATTATCGCTGCAACGGCAACTATGGGGGTCATCGTTGCATTACCTGATACACCAATGTTACTTGGAGCTATGATTATGGGTCCTTTAGTTGGTTGGTTAATGAAAAAGACTGACCAATTGATCCAACCTAGAACACCACAAG
CP129556.1_gap43	1711630	1714971	3341	CTTGAAAACGATTACAAAATCGTTTATGATGTATTTACAAAATATTTAAAGGATGTGTTTGAATAATGGCAATGACAGTAAAAAAGGATAATAATGAAGTGCGTATTCAATGGAGAGTTGCTGATATCAAAATTCCTACAAGTGAAATTAAAAATATTACACAAGACCAAGATATTCACGCAGTTCCTAAATTAGACAGCAAAGATGTATCTAGAATCGGCTCAACATTTGGTAAAACGAATCGCGTTATTATCGATACTGAAGACCACGAATACATTATTTATACTCAAAATGATCAAAAAGTTTACAATGAATTAACTAAATAAATTGTATAAAAAAATCATTCATGGTGAGGGCTTCATGAATGATTTTTTTAATTGATTCAACACCCAGCATAAACAAATACAAAAGGACAACTGTTTTCACAATTTTAACAGTTGTCCTTTTCTATATCTAATTACAATAACAAGTGTGCCATCAAAGAAATAATTGGTAGTGTAATGATTGTTCTAATCAAGAAAATCATAAACAATTTGCCGATGCTTACAGGAATCTTCGAACCAAGTATGACGCCACCTACTTCAGACAAGTATATTAACTGCGATATACTAAGTGCCCCAATAACAAAACGAGTTATATCATTTTGTACACCTTCAATTAATATAGAAGGTAAAAACATATCGGCAAAACCGATAATAATCGTTTGAGAAGCCTGTGCCGCTTCAGGTATATGCATTAACTCTAAAAATGGAACAAAAGGTTTACCCAAAATAACGAACAATGGCGTGTAGTTCGCAATAATGGTAGCAATAGTACCAATACTCATCACAACAGGTAAAATAACAAACCACATATCAACAACCGTTTTCAATCCTGACTTAAAGAAGTCAACAATGCCCGGTGCTTTAATACCTACTTCTGTTGCAGTATCAAAGCCATGTCTCAATGCCGTCTTTCCTTCTGGCAATGCCTCAGTACGCGCACTTTCAGGTACCTCCTTAGCATACTCATCAGGAATTTTATTTAAAGGCCAAATTCTTGGCATAATGACTGCTGCAACGAGGCAGGATACTATCACTGATAAATAGAAAGCAAAAAATTGATTTTGCATATGTACTGTTTCAGCAACTACAATTGCAAAGGTGATAGAAACTACACTAAATGTCGTTGAAATAACTGTTGCCTCACGACGAGAATAATATCCTTCACCATATTGTCTACTTGTAATTAAGACCCCAACAGTTCCGTCTCCAATAAATGATGCTAAATTATCTACCGTCGAACGTCCTGGCAATGTAAATAAAGGTCTCATAACCGGTCTAAAAATAGGACCCAACATCTCTAACAAACCGTATTCCATTAATAGTGGCAAAAATAATGCCGCAAATAAGAATACTGCCACTAAAGTTGGCAATAAACTCGAGAACAATAATCCACCCGTTTCATCTGAATATATTACTTTTGAACCAATTCGTAAAAATGTCATCCACGCAAAGACAACGGCAAGTAATCGCAAAATTAACCAACCTATTCTTACATTAAACGCATTATGCAATAATCCATCAGGTTTCAATTTATCTTTTAAAATAGTTGAACAAATCAGTGTTATGATACCCGACAAAGTAATTATCGTCACAATTAAAAATGGCATTACGCCACCTAATACATCTTTAAGAACGCCTGCTAAAAATGCCACTGGCAACGTTGTTTGCTTCTGTCCATCTTGTTCGACTGGAATTGGTACTAGAAATAATAAGATACCAATTAAAGACATCGTAATAAACTTAAGTCTCCCAATGACTATCTCTTTCCTTGAAAAGCTATCCATAAAATCAATCCATTTCTCTATGTATTCGTTTTAAGTATATACAGAATTCTATTCAGTTAACAAACATATTCCTTATCATTATATCTTTTAAAATGTTTATGTATGCAAAATAATGAATAATTACAGTTATTAAATATACGCTATTTCTTGTAATTTTTCAAGATGAATTCAAAAAAGGTTAAGTACAATTACTGATTTCGTACTTAACCTTTTATAAACTCTAATCATATGTTAGTTATTTCATTCTTCGTAATAATATTAAGAAGTATGGTGCACCGATAATTGCAATGATAACCCCTACAGGAATATCCAGTGGCGGATGAATGCCACGGGCTAAACCATCACCAAATGTTAACAATATAGCACCAATTAACCCCGACATGATAATAACGTGTAATGTTTTATTTCCTATTAACTGTCTCGCAATATGAGGTGCAATTAATCCTAAAAAGCTAATACCACCGACAACTGAAATTGCGGATCCTGCTAATATTACTGCTAAAATTAGCAATAGCATTTTAATAGTTTTAACTTTTAAACCGAGTGCGGTTGCAACAGCATCACCTAGATTCAATACATCTAATTGATAACTCAATAAAATGATGATTGGTATCGTTATTAAAAACCAAGGTAATATAGTATAAATATTCGACATATCATGTCCATATAGACTACCCGTCAACCAAACAAGCGCTTTGTTTGCTTCCAGTGGATTTCTGATTAATAAGAACTGCACAATCGCCGTACATATTGCGCCTATTGCTAAACCAATTAAGGCAAGCTTTGAACCTTTAACATCATATTTTGAAATTAAAAATGATAAAAATAAACTTACTGCAAAGGCACCTAAGAATGAACCTATAGGTAATACAAACAATGGTGCTGTTGGAAAGATCATAATAATAATCACAGCAGCTAAACTGGCACCTTTAGAAATACCTATAACATCAGGTGAGGCTAACGGGTTTCTTATTACAGCTTGTATAATTGCACCTGATATAGCCAAGCTACTACCGATAATAATACCAAGTAACGTTCTAGGTATACGATACTCATTTAAAATAAAATCATCTTGTGTAAAGATTCCCTTAATAGCATCAATCGGGTGAATCATGACAGACCCTACACATAAACTTATGAATATACTCACAATTAAAAGGATTGTGATTAAACTATAACGACGTATAATTTTCGTTGTCATCATATTCTTTTCACCCCTTTAATCGTTATAAATAAGAAGTAAAGTGCACCTACGAATGATGTAACAATCCCTACTGGTGATTCATAAGGATATGTAATTAAACGACTTAATACATCTGATAGTAGTAATAAATCTGCACCTATAATAAATGTTAATGGAATCATGACTAAATAATTCTTACTCACATAGCGCTTGACGATATGTGGCACAATTAAACCAACAAAGCCAATTGGTCCTGCTATTGATACAGACATACCTGTAAGAATAATAACTAATAGTCCAATGATGATTCTAACTTTATTTATATTTTGA
CP129556.1_gap44	1719654	1721471	1817	TAGTAGCCCTTCTAACGTCATGATTAGCGACGTTTCACCTTTATTTAAATAAGTAATATCACCTGTAAACTCATAGCGTTCTAATGCACTTTTTCTAACAACTTCAATAGTCAACACATGCATATGATACTGAATTTCAATTAAAGATTCTTTTTGTGAAATAAATGTTTGCTCGGGGTAAATACGTTCTTTAATAATGGCGTTAATTACACGATATTGAATATTTCTATCTGCCTTTGCCCATTCAAGATATACCATGATTACTTTCCTCCAACTTTAACTTCAACTTTCTATTTATAAAATAGAATACCATTGTAATGCATATAGTACTTATTCCCATTATTGAAAAAGTTCTAACAATGCCAAACACATCTGCACATATACTCATCAACAGACTTCCCAATGGAATCATACCTCTATCCATCATAATAATACTCAGTACTTTACCACGTTCATAATCTTTAACATTATTTTGAAAATAAACGCGATTTGTCGTACGTGCCCATTGACTAAATAACCCAATCAATGTAATACAAATGAACATGATGACAATATTGTGAAATACCACACCTAACAAAGCAATACCAAATAAAAATGAACTTAAATAATACATATTTACCATACCAATATATTTAAGTACTCTAGGTAAAACTAGCGTTGCAATAATACCACCAATGGCACACATCGTCATAGCGATACCAAATATTTCAGATTTCCCCGGAAATACTTTGTTTGTTAAAACTGGTAAAAGTGTCGTATATGAAAAACCTGTCGCCATAATCAATAATGATGTTATAAATATTTGTCGACCTTCCATATGTAATTTGAAGTAATCTATAATGACTTTTAACGGCATGTACCTTGTTGCATCTTCAGGTATTTTAGTTACTTTAAAATGTAATGGTAAGCATAATAAAACTGCGATAAAATAACAAATTGACTGTGCAAGAAATGTTGTTGGCGCATGATAGACTGCTAATATGACACCAGCAATGGCAGGCCCTATTGAACGACAAATATTAATGATGAATGAATGAAATGATACAGCTTGTGTAGTAGATATTTTATCTGATAAATCTGGTAAGATTGCTTGTCTTAAAGGTGTTTCAACTGCACTTAAAATCCCTCTTAATGTCGCATATATAATAATGACGCTAATTGGAATTGCAGTGAAACTATACGTAAGCACACATAAAATTGCAGTTACTAAAAATGATGATGAAATTGTAATTCTCAGCAATCGCCCTTTATCATATTTATCGGCAATTGCCCCTGCCCACACACTTAGTAATAATATTGGTACAAGTCTGCAAAAATTGACAATCCCCAGATAAACTGCGTTATGATAAGTGGTAAGTACAAACCAATTTAGCCCTATTTGTCCAATCCAATTACCTAGAAATAGTAGAAAAGAACTGCTAAAAAAATATTTTGTCATAAAACTTACACCCGCATTCTGTTGATAATAAGAATCATTATCATTAATATGGATTATACAAATCTATCTTGCTTTTGTAAAATATTTCATAGAGGTGAATTATGAACTTGAACTTAATTTTTAAAGAACAGACATTAAAATTTAACAAAGAAGAACAAGAAACATATTTATTTTTACAACAACATAATAGCGATTGGGCTAATATTTTTAAAGAGATGATTTTACAAGGAAGAGATAAAGTCACTCAGAGATTAGTCACATCAATGCATCGCGAAAACTTAGTTAAAGCGCGCACTCAAAGTAAGAAAATATTGAGTCGTGATTTGATTATGTTAGATATCTCAACGACTCATATACTAGAAATCCAGTTCCCACAAGC
CP129556.1_gap45	1731885	1735867	3982	TGATATATTCAGCACCTTGAGTCTTCGCTAATTTAATACCTAATCTATCTGTATCTTGCTTAATATCTTCATAGTTAGACGCAACTTGTGGCGCTAAAATGATTAATTGGTACTCTTTCATAATGTCCATATGTGCGCCATATCCGCCAGCTGCCGCTTTCACTGGCACATGATATTCTTCAGCTGCTTTATTAAGTGCGTTGGCTAATAATCCACTTGTACCACCACCGGCACAAAGTACTAAGACATTTGTTTGTTCTGTGATATTTGAAGCTTTAGCTGCATCGTCTGATACACCACTTGCCGCTAAAATTGAATCAGCTTTTTTCGTATCAAAGTTTGCTGCAACTTTTTCTTTTAAATCTGAATTACTTTCTTTACGTCCTTCTTCTTCATCAAGAATTTCACTATCATAAACTTTTAGGAATGGGTAGTAAATAATAATATCTACAACAATTAAAGTAATCGCTAGTACGAATGACCATAAACCAAATCCAGTACCCATGATGATGCCGAGTGGACCTGGTGTTGTCCATGGTAAGTTCACACTAAAACTGTTCATTCCTAACACTTCAACGAAAAGTTTAAATATCCATACGTTCACAATTGGCGCTAATACAAATGGAATAAAGAACACAGGATTCAATACTAGTGGTGCCCCGAATAAAATCGGCTCGTTTACACCAAAGAATGTTGGTACAACAGATGCACGTCCAATCGCTTTGTTTCGTTTAGATTTCGTCATCCACATAAACATAAATGGCACGACCAATGTTGCACCCGTACCACCAAATGTAACGATAAACATTTGTGTACCTGATGTAATAATTTTATCTGCGTGTTCACCAGCTTGAAGCAACTTGAAGTTCGCTTCGATATTCGCATATGTAATGGCTGCAATTGCTGGTTCTACTATTGATGGACCATGAATTCCTACAAACCAGAATAATGCAAAGGCACCAAAGATAATTGTGACACCTATCCATCCATCTGCTGCTGTAAATAATGGTTCGAATAATTTTAAAATACCTTCCGCTACATTTGATTTAAAGCTGTTGCGAATGACTAAATCTAGTGCATAAAGAATGATGATTACCGCTGAAAATGGAATTAAGTCCTTAAATACTTGTGAAATATTCGGCGGTACTTCTTTCGGCATTTTAATTGTAATATTGCGCTTCACACAGAAGTTATAAACAATAACAGTTACAAATGCTGATAAGAATGCTGTTAATAAACCTTTAGTTCCCATAAACGCACTTAAGAATCCACCATCTTTGGCTGGATCAGAAGCTAAGAACAAGAATCCACACATCGCTGCTAGCATTGTAGAAATAAAGTTAATTTGATTTGTACTTTCTAGCTTACGGTTAAATGAATCTGTTAAAGATTTCGCTGTCGTTCCTGCTACTAAAAATGCTACAAGCCCCATCGTATAGTTATATGGTTTCATTAAAATGGCTTCCATGCCTTTATCCCATTTAAAACCAAATATATTTGGCACGTATGCAATTAATAGAAAGATACTTGAGAATAAGATGACAGGCATTGCAGAAATAAATCCATCACGGATGGCTCTTAAATATATGTTACGTGATAATTTCTCGAAAAATGGCTTCCCTTTTTCAATTTGTGCGATCAATTTTTGCATCATTGTCATCACCCTCTTTTATAAAATTCTAATAAATGCTTCATTAAATCTTTCAGTAAAATTGTTGTCATTAAATGGTCTTGACCATGCATCATCGTCACACTGTATGCAATATCATCACCTTGCGCTTCTTTAGCTAATAAGCTTGTTTGTGCTCTATGCGCTTCAGCAATGCAATTGTTTCCTTCTTCAATCAGTGCATCTGCTTTTGCAAAATCTCCAGCTTGAGCTGCTGTTAATGCTTCTAAAAACTTAGAACGTGCATCCCCTGCAAATGCAACAATTTCAAAACCTAATAATTGGACTTCTTCTCTATTCATAGCATTAATCCCCTTTTATACTTATTTTCTTTGTTTCCAAGATGTCGCAGTATCTTTTAATACTTTATTTAAGTCATCAATATTTTTGAAACCAGTTGTACGTAACCATTCACGAGCAGCATCTTCACCTTGTTCAATGTATACTTGAACAGCACCAGACCATGTAGCACGGCCACAAAGTACACCGTTGAATTTAGCACCAGCTTCGTGAGCAAATTTTAAAGTTTCTTGGAATAATTCCGCAGAAACACCAGCACTTAAGTAAATGTATGGTAAATGAGTTGATGCATCTTGATCTTTAAAGTGTTGTGCCGCTTCCTCTTTTGTATAAACCACTTCACCTTCAGCAAAGCCTTCTACATACTTCATGTTTACTGGTACTTCAACTTTCAATACATCAACGTTAAAGCGTGGTTCTGAGAACAATTTCATTGCTTCGTTAACCTTTCTAGGCTTAACTTTTGCAAATTCAACACTACCGTTATCAGGAATGTTGTCATCGTATGTTAATACTTCTAAAAAGAATGGAATATCTTCTGCAACACATTCTGAACCGATTCTTTCAATATATGCTTTCTTTTGAATGTTAATTTCTTCAGCATCATCAACATCATAGTAAAGTAAGAATTTAACAGCATTTGCACCTTGTTCTTTTAAACGTTTTGCAGACCACTCTACTAAACAGTCAGGTAAACGACCTTTAGCGTTTACGTCATATCCAGTTTTTTCATAAGCAAGTAATAATCCACAATCTTTGTTACGTGCATCAGAAGCTGGTAAACCGTATTCAGGATCTAATAAAATTGAAGATGCATATTGCGTTAATTCTTCCGCAACTAATACTTTTAATTGTTCAATTTGAGCTACAGTTGGTTCTTCAGTTTGATGTTTTGCCATCATGCGTTTTAAAGCACCACGTTGGTCAAATGCTAATGCAGAAATGATACCTTCGTTATTACTTAATTGTTCAATTGATGCGATTTTTTGATTCGATTTTGACATTTTTTACACCTCTAAAACTTCAATTTGATTGAATAAATCATCATAATTATTTAAATTGACATAACCTGTTTGTGCTTCTTGCGCATTCAGCATGCCTAAAGTATTGGCTTTTTTTAGTAAATCGTGGTCGTTTTCATGATTAAGAATTGCTGAAGTAATTCCAGCAACTGTAGAATCACCTGAACCAACCGGATTTAATACGCTTATTTTCGGAATATTCACTCTATAGAATGTGTGATTGTGCTTAGCGAACGCACCTTGTGCACCTAAAGACACAATAATCCACTCAATTCCTTCGAATAAGGGTTGTGAAACTGCTTGTTTCAAACTTTCTAAACTTTCATCAAGTGGCTGGTTAAGCAACTGATATAATTCAGAAATGTTTGGTTTAATGACTGTTGGTTTGTATGGATTTTCCAATACTGTTTGTAAAGTTGCACCCGAGCAGTCTAATATCACAGGCACACCTTTGTTTTGGCATCGTTCAATGATTTGTGCATAATAATCTTGATTTAATCCTTTTGGTAAGCTACCTGAAATAGCAACTGCTTCAACTTTTTCTAGTAATTGCTCAAAATGTTTAATAAATCCTGCAGCCTCTTGATTATCAATCTCCGGTCCCTGCTCTAAAATTTCTGTTTGTTGTCCTTCATGTAAAATTGCAATGCAGTTTCGTGTTTCACCCTTAATGTTATAAAATGCATGCTTGATGCCGGCATGATCTAATTTTTTAGCAATAAATTGACCTAATTCACCGCCAATAAAACCACTCGCAAGGACTGGCTCACCTACTTGCGCAAGTACTCTTGTTACATTTAAACCTTTACCACCAGCTGTTTTACTTACTTCTTGAACACGATTAACATCATCTAATTTCAATGCTGTTAATGGGTATGAAATATCAACGGATGGATTTAATGTTAAAGTTAAAATCATATGTGTCGTCCCTTAATCGTGGTATTCGCCTCTGTCCCATTTTTCTAAGAATTCATCAAAGAAATGTGGATCA
CP129556.1_gap46	1801036	1805368	4332	AATGCTACAACTGGATATAATAGTAAAAACCCTGTTGAAGGACCTGCGAATACACCAATGCCACCGCGACCACCTGATAACAGTGGCAAACCAGCAACTACTAATAATAAAAAGACGATAACACTTAATGTGCCATATTTACGTCCTAAAATCACACCTGCTAAGAAAATACCAATGTTTTGAAGTACAATTGGTACTGAAGAAAATGGTAGTGGAATTACCGGTACCAATCCTAAAATAGCGATAATCGCTGTCATTAAAGCTGTGTATACTAACTGTTTTGTTGTCATTTTTTACTTCCTTTCGTATTTCATGACCATTATTATAGCACCATTGTAAACTTTAAGGAACGAAAAGTTTACAATAAGTTGTTCTATATAAATTAAAACCTTAATTATTCTACACAGCTGTTAATTTACTTTTTTAGCAAGTGCAGTTATATAATCAAAAAATGCGTTGTTATCTACATGATTTATGACATTAATTTTGCGCCCACCTTTACACTCAAATGTCTTACCTTGACTTGGTCCATAACTTATTACATCCACTTTTTTCTCAATTGAGTGAACTAAGTCCTTGTTACCAATATAAGCAGTCGTTAAAACATCCCATAAAAAGTAAGTAGAATTTGTTATAAAGTGTGTTAATGGTGGTACCGCTGCATAACTTACTCCTAAAAAATCAATGCCCGTATATTGGCGTTCATTCGCCCATCTTTGTCTAACATCTAACGTTAGCGGTACTTGATTCGTACTTTCTAAAGCAACCATATCAATCTCTATATCGCTATCAAAAACAATTTTAACCGCTTCTGGATCCCAATATGCATTCCATTCTGCAGAACCATCATGCTCAGGTTCTTCAACATTTCCTTTTGGTAAAAAGGTACCACCCATCCAAACTAATTTTTCTATATACTGAACGATTGATGAATCTTTTTGTAGTGCTTTTGCTAAATCTGTAAGCGGGCCTGTAAATAATAATGTTACTTTTTCTGATTGTCTCTTTAAAGTTTGAATAATGTCTTCAAAGGCTTCTTTGTCTCTCACATTTGAAGCAACGTGTTTGACTGGCTCATTTAAAATTGGCAATGCGTCCATAAAAAAGGCATGCATACGCCATTCTTTAGGAAATGGATTTTTTCCTCGTTCATATGATGGCGCAACTTGAATATCTTCCTTTGAAAAACGATTAATAATTTTTACTGATGCGCTCAAAGATGGCTCTAAATAACAATCAGCACCAATTGTACTGACCCCTATCAATTGAACGTTTTCCATTTGTAATAATAAAAATAGAGATACTAAATCATCTACACCACCATCATGGTTAAAATAAACTTTCTTAGTCACTCGAAATCCCCCTTACATTTCATTTTCCATTAACAATATTATGTTTTTATAAAACGTTGTAATATATCTTTCTACAAAATCATAACATTCTGTTGTAATCCTTTTAAACCTCTTCTTTAATTGATAGGCATTCCCTGATATGCCTTCCATAAAGTATGCACTAAAATAATTATGATATAACTTATTAATGCAGAGATACATTGAGCTATTTTCTCAGGTATACTACTTTAGCTGTAATAATACTAATCTATCATTAATTAAATTGAATGATAATAACGGCACTTATTATTTAAAAAAATACAAAAAATCTAACCTTCTTGCTATAAAAATAAGAGCCTAATACAATATCAAAAGATTGATATGTTTCAGACTCTCATTTCACTGGCTTATATAGCTGAATTATTTTGCAGCTTTAATTAATTTTTCTTTTAAATCTTTACGCATGAAATCTAATGTATAAGGATCGTTGTACCAGTATGTACCAGCATCAACTTTAACAATATGTCCTTCTTTAGTAGCTTTCAAATTCTTCCACATGTTTGTTGATTCGTATCCTGGTGTAGGTTTACCTTCACTTGTACTCACAATGTAATCACCAGCATATTTTTCAATTTCTTCTTGTTTCACTTCAGCCCAACCTGCTTTTGCAGTTAACTTTTGTTGTTTTGGTTGCATTTTTAAACCAAATGCTTGATATAATACTTCTCCACCACGACCCCAGTTATCGCCGTAAGTGTATAATTTTTTATCAAATTCATCAAACAATGACACTGTTGCATCTTGTCCAATTGCTTTTTTAATTTCTTTACCGTCTTTAGCAGTTGTTTCTTCCCAATCTTTCTTCCAAGCTTTTACTTTATCTTCTTTACCAACAATTTTCCCTAACATTTCTTGTTGTTCTAAGTATTTATGCTTATTATAGTCAACAACTACTGTTGGTGCTACTTTTTGATACTTTTTAATGTCTTTGTCAGTAGAGTATACAATAATTAAATCTGGCTTTTCTTTAGCAACTTTTTCTATATCACCATCACCAATTTTAGTAACACCTTTAAATTTATCTTTTAACACTTTGCTTTGATCAACTTGTTGATTTACAGCTACAATGTTTGCACCTAATTTTTTAAGTCCACCAGCATATGTTGGCGCAACTACTGCAATGCGTTTAGGGTCTTTCGGAATATCTACCGTTTTGCCATCGTCCATTTTATAAGATTTAGTTTCAGCTTTGTTATTTTTTTCACCTTGGTTCCCACACGCAGCTAACACTAATAACATAATTATTAATGGTAATAATAGTTTTTTCATAATTTCCTCCTATTGAAAATGATTATCAATTATTCCAAAATTATACAAGATTGCATATACATTTACAATAGCTAGTGTTATTTATTTTTTTATTTTCGCAAAAAATTTAGCAAAATATCTTAATATACCTATAAATTCCCGCAAAAAAGGTAAATCCGAACGTCAAATTTCATCTCTTTATGCCAATCAACGATCGATTTACCTTTTTAAATTTAAAATGTATCTGTAATACTCTTAGCAATATTTGTATATGCTGCATCTTCCATAGGTGGATTGTGTAATCCTGCACGCATGTCACGATAGTAACGTTGTAATGGCCGATTCATTTCTAAACTTTTAGCACCAACAATGCGCATCGCTAAATCAATCACTTCAAGGCCTTGGTTCATTACCATTACTTTACTCGCACTCGTCGCATTTCTAATCTGACTTTCGGCTGTATATTGTTGATAGCCTTTCGCTGTACTCCATAAAAATTGTCTCGCACATAACAACAGCGTTTCCATTTTTCCTAAATTTTGTTGCACAGTTGGCAATGTTGCAATCGTTCCTTCTATACTATTAGGGCTATGTTGGATTGCAAAGTCTACAGCATAATTTCTAGCAGCTTGTGCTATACCTAAATAACAGCTTGGTATATGCAATATCCAACCATTTGACGCTTTACTTTTCTCTGTTTCCACTAAATGTTTTAATGGTACTTTTACATCATTTAATATTAAATCATGACTTTCTGTCGCTCGCATACCTAATACGTCCCAATTATCGGCAATTTCAACACCAGGCAAATTCCTGTCCACTAAGAAAAAACCAACACTTTTTAATTCTTCTATATAAGCAGCAACAATAATATGTGTTAGTGCTTTACTCATTGATGTATATGTCTTCACACCATTTAAAATATACCCATCATCAGCTTTAACAGCATGTGTACTTGGTCTTCCCCCTCTTGTTGGACTACCCATTTCAGCTTCACTAACTGCTCTATTAACTAATGCACCATTATTAATTTCAACAGCAAATTGCTCCAACATATCTTGAGACCATAATTTCTGTTCATAAATTTGTCCTACGACACTCACATGCCAACCAATAGATAATGCTGTGGCACCATCAAGTTCGCCTAAAAATGATTGCAAAATAACCATGTCTTCTATGGTCGCACCTTCACCACCATATTCTTTTGGTAACGTTAATTTTCCATAACCTTCTTTAATTAACCATTCAATATTTTTATATGGAAATTGGCTATGTTGATCATTATATTCAGCCTTAGCCTTAAATGTATCTCCAATTACTTTGAATTTTTCAATCCATTTTCTTTGAATTTCCGTTGTTATTAAAAAGGAATTATCCATATCATTCATATTAGTCACCCCACACATCACACAATATAAATTATTTATTCCTAGTTTAACACTCGACTTTAAAAATAAAAAGGAACGTGCTGTGAACAATTAAAAGAAAGCTGATAATTCGATTAAGTATCCAATTAATTTTCTCCAAAAATACACCTTAAACTATACAATTCGCTGTATGGTTTAAGGTGATATTCAAACAATACTAGGTTTGATTTAACTATCAAGCATCTACTTTGTCATGTTTAATACCCGCAAATAATAAAATCCATGTCACAATAATAAATGGCAATGTTAATGCAGGTAAGCCAAAC
CP129556.1_gap47	1830308	1832507	2199	CACCATTTACATGTGTTTGCTGTCCTTTTGTAAAACGAACACCATCAACAGTGAATGTATCATTACTTACTACATCAACACCGCCGATACTATCTATCATATTATGCAAACCATCCATATCGATTGTCGCATAATGATCAATTGGCACATTCATCAATTTTTCAAGTGATTTAACAGCCATATTTGGTCCACCATATGCATAGGCATGTGCAATTTTTTCAGTAGTACCACGGCCAACAATTTCCGCTCTTGTATCACGCGGTATACTTACTATTTCAGTTTTCTTTGTTTTAGGGTTGATAGATAAAATCATAATACTATCACTACGCTCTCCGCCACCCTTTTTCTTACGATCAGCATCTGAATCGACACCAAATAAAGCGATTGTGAATGGATCACCATCGTTTAAACTCACTTTTTTATCTCTTAATTCTGAATGATTACGATCTAACGGATTGTGTATCTTATTACCAGTAATAAAAATTTTAGCAGCTACATACACAACAGCTACAATCGCTAAGATTACTAAAATACCGAATACCCATAAAAATATTTTTTTCGGTAGGCTCATTTTACTTTTAGACGAACGTTTCAATCCCACCACTCCTTTACTATTCCTTACATACTTTGTCTGGTTTCTCTATTTATTATATAGTAAAATAATTTTTTTACTATACTTCTGTAGACGTATAACTATTTTTTATCATTTTTTATCTCTCGAGAATATCTATCTGTATTTTTGATAACCACCATTTGCATTTAAAATTTTAAGTACCGTTTCATGACATGCTTTATTACTTATAATAAAAGGTGCACCCTTTAAATGATCAATTGCCTTACCATCTAAAGTTGTCATTTTTAGATTCAATAGTTCTGCAAATAAAAACTGTGCAGCAATGTCCCAAGGTTTAGGATTTGTATTAATATGTGCCCCAAATTGACCTTTTGCCACTCGCATAGAATCTAATCCGCAAGCACCAACTAAACGATAACTAAATGAGGCGTCAAATAAATCTTGCACCGTATCCAGATTCATCACTTGTGCATTAAACGATATAATAGCGTCTTCCAATTTTAACGATGGTGGTTCTTCCATCTTAAATCCATTACAAAAAGCACCTTCTCCTCGTATTGCTTTATAAAGCTTTTTATGCGGATAATCATATACGTACGATAACATTGGTTTACCTTCATAAAAATACGCCAATATAATACAATAATCTTCTTGCTGTTTTACTAAATTGGCAGTTCCATCAATGGGATCCATAATCCATAAATGATTAATTTCATTCGTAATCATTTCATTACTTTTTTCTTCCGCTAATAGTTGGTGTTCCGGAAAATGTGTTGCTAAAAATTGTTGAAATTGTTGTTGAATCTGTTTATCTACATTTGTAACTAAATCAAATCGATGACGCTTGGTTTCTGTAGTCATCTCCATAATTAATTGTGGAATCACATTGTCTATTTGTTTCAACCACGAACATATTAACTTATCTATTTGCTGTAATGTTTTATCTGTCATTTCGTCCACCACTTCTCATATCATTATCATTTTATTATTACCCTATATTAAAAGAATCAACAATACAACTGAAGACTTCTTCATTTTATGCATAAAAAAATCGGCTAGTCACGTGCTAGCCGACAAATAGAAAGGAAAGTAAGTAATAAATATTGAAGATGTTGTGATGTAACTTGAACGATTAAAAGCTATCTGTTATATAGCTCTACCCCTTTGTTTAATCGCTCCCCCTGTTACAAGTAATATCATAGCACAATCTTTTTTAAAATGTAAGCGTTTTCCACAAAATTTTTCCGATTTTTTTAAAAAGATATTGAAAATGTCCTCATTGTCACTCTTATGTTATACTTTGTGTAATATATCATCTTTTAGGAGGTGGCTGTCATGAATAAAGCTGAAAGGCAAAATTTAATAATTACTGCAATTCAACAAAATAAAAAAATGACCGCTTTAGAATTAGCTAAATATTGCAACGTATCCAAACGCACAATTTTAAGAGATATTGATGATTTAGAAAATCAAGGTGTTAAAATTTATGCGCATTATGGGAAAAATGGTGGTTACCAAATACAACAAGCACAATCTAAAATTGCATTAAACTTATCTGAAACACAATTATCGGCCTTATTTTTAGTGCTTAATGAAAGTCAGTCGTACTCGACATTACCATATAA
CP129556.1_gap48	1835446	1836705	1259	ATAACATACGCATATGACCAATGATTTGATAAGGCCATTCTATTTCTTATATTAAAAACAAACGCAGTTGATTAACGGATTCATTCCATATATCAATTGCGTTTGTTATTTTAATAATGCTATTTTTTTAAGCCCACAGTAAAAACTAACGATAGTATTGCCACTTATAAGTAAATTCATACTACATCTTTGTTTTAAGCTATATTTATAAAAAATGCGCCTACTCATAACATTTCTTTGGCTATTTAACTTTAATAAGCTAGGGCCAAGTTTGTCATAAAATAAGCGCACATTATTATCATACTATTTTGCTTTTACATTATTTTTATTATATCTAATAAAATAATAAATCGTTACAATCGTTAAGAAGATGACACCAATAAGCACTGATATTCTAGTTTCAACATTAAATACCATACCGACCAATACTAATATTAAGAATAATATTGTTAAGTAGTTACTTACTGCGCCACCAGGCATTTTGAATGGGTGACCTTCCACTTCTTCTGGGTGTAATTTTCTAAAACGTAAGTGACTGAATAAAATCATAAACCAAGGAATCATACCTGGTAAAATAGACGCACTATATACGTATACGAAAATACTCTTCGCTCCATCGATATATAAAGGTAAAATTACATTTAATAAAGCACCAATTAAAATACCAAGAGATACTGCAACAACAGTGTACAATGGCACACCATTTCTCATGATTTTAGTAAATATTTTCGGCATTTCACCTTTATGAGCAAGTGTATAAATCATACGACTCGCACTGAAAATACCTGAGTTACATCCTGACATTGCTGCAGTTAATACAACAAAGTTAATTAATCCAGCTGCAAATGTAATACCGATTTTAGCAAATGTTGCAACAAACGGACTTCCAATGTCTCCTAATTGATTCCAAGGATACACAGAAACAATAACAAAAATAGCACCTAAATAGAAAATTAAAATTCTCCAGATTACACCATTCACTGCTTTAACGATATTTTTCTGAGGATCTTTAGTTTCACCTGCAGTAATACCTATCAGTTCCACACCTTGGTATGAACCAATTACAATTGATAATGCAAAGAAGAAGCCAACAATACCATTTGGCATAAATCCGCCATTTGTCCATAAATTAGAAATACCTACCGCATGGCCACCATTTCCAAAACCAAAGAAAATAAGACCAAAACCAGCAATAATCATTAAAATAATTGTTACAACTTTAATTAAAGCAAACCAAAATTCAAATTCTCCAAACGCTT
CP129556.1_gap49	1860008	1863114	3106	TGAATATGGCGATATAAAATGCAATCATACCAAGTAATGTCAGTGGCATCAAAGATTGATTTAAATCTTCTATTCTAGATGTTAATGATCCGAGAATGGCTGCAAGTAATACATACGCCATAATTCCAACAATACTACTTATAATTCCGACAATAATAATTTGCCAAGACAATTGATTCATTTCCACGTTAAAACCTTGTAGCAAGTCTTTTAAGTCAAAGGAAAAAATGCATATGACTGCCATCAATACAATTAAAATAATCTGAGTCACGGCAACTGCTATAATGCCTAAAATTTTAGCAAAAATATGTTGGATTGGTGAAATACTTGTAATAATCATTTCAATGACACGCGATGTTTTCTCACTAGCAATTTCCATAGCTATTTGAGATGCATAATTTAAAACAATAAAGAACATTAGAAAGATAATGCCATAAGCTAAAGCATAGTTAAAAATCTTTTGTCCTTCTGATACTTTATCGACTTCATCATTAGAAATCACCTTATTATCAACTTTACTTTGTGCTTGTAATTTTTGTAAGTCTTCTTTGTTGATATTTAATTCCCCGGCTACCATATTTGTTTGAATAGCTGTAAGTAGTGCTTGTACTTTTTGTGAATCTTCATGACTTACTCGCTTCTCACTAATGATTGTCCCTTGCAACGTGCGATTTTGATTCACCTTGATAATATAAGCTTTATCAAGTTTATGTTTTTTTACTTCTTTTTCAGCATCTTCTATAGAAACTTTAGTAAACTTAGCATCACTATGAAATGTATTCGCCTGTTGCTTGAAAACCTTATAGATTTGTTCATTCGGTGCTGCTACACCAATTTTATCTGGACCATCATCAAACATGTTAATAATCTTATCAATGTTAGATAGGCCAATCATTAAGGCAGCAATGATAATCATAAAAATTACAAATGATTTAGCTTTAATTTTTTTGATATATGTCAAAGTAAATGTCGCCCAAAACTTATGCATCCTTGCCACCAACCTTCTCAATGAATATATCTTGTAATGATGGTTCTACAACTTGGAATCGTTTAACATAACCTTGATGTGCTACAACTTGATAAATATCTTTAGCTACGTCTTCATTCTCAATCGTCAACTGAAGACCTTGCTTCATGTTTTCACTATGAATGATGCCTCTAATGTGTGTTAAATCTGGTAGTGTTGTTTCTGACTCAATGACAACTTTCTTGTTACCATTAGATGCACGTACATGATTGATATCACCAGAAACAACAAGTTGACCTTTATCTAAAATACAAACATCATCACATAATTCTTCAACATGTTCCATACGGTGAGAACTATAAACGATTGTACTGCCCCAATCATTTAAGTCTTTAACTGCTTCTTTTAATAACTCAACATTAACTGGGTCTAGACCACTGAAAGGCTCATCTAATATTAGTAATTCTGGTTTATGTAACATACTTGCTAACAGCTGAATTTTTTGTTGATTCCCTTTTGATAGACTATCAATTCGTTTTTTACGGTTTTCAGTAATATCAAAACGCTCAAGCCAATACGATATTTGCTGTTGTATTTCTGTTTTTGACATTCCCTTTAAAGTTGCCAAATATTTCAATTCTTCTTCAACTGTCAATTTCCCATGTAAACCGCGTTCTTCCGGTAAATAACCAATACGATTGTACATTGTTTTATCTAGTTTTTTACCGTTATACGTAATGTGTCCTTCAGTTGGTTCACTTAAGCCTAAAATCATACGAAATGTCGTTGTTTTACCTGCACCATTTCTTCCTAGAAAACCTAACATTTTGCCTGATTCTAACTCTAATGACATATCATTTACTGCCGTCATCTTACCAAAACGTTTCGTAACATGCTCAATTACAAGTCCCATCTTTTGCCTCCTAAAACAATATGTATTTATCTTAATATAACATTTCTATTCTCTATAAATACAATATTTTTAAAGTGAATTTATTTTTAAAATTTCTGAAATTGAAATATTTAAATAGTATCTTCTTTGCATGTTAAGTATCATGAGCGTTAGATATGCTTTTTTCCATGCCTTTATTGCCTTATTGGTAAAAAAATATCCCAGCAACAATCTGCTGAGATATCTATATCATTACAATTGATTATCTGTTTCTTCCGGTGTTTTCGGTGTTTCAGATGTCCCCGCTTTTTTCGGTGTTTCAGATGTCACTGATTGATTTTTAATTGAAGATGGGTATTTTGGGCTTTCGCCATATTTATTTGCCGGCTTACTGTCAAAGCATAGGAATACTATCATAACAATTGTTAGGCCTAAATAAACAAAATAAAGAAGTACTAACAAAATATTAAGACCCATCGGCATTAAGGTAAAACCACTGTCATAATAACTATCGATAATCTGTAATACTATATAAAATATAATACTGAATACTGTCATAATCATTGGAAATAACATTGTTCTTGATATATCGTGAAATCTTCGAACGCACAACGCTAAATTTGGAATAAACGTTGCCAAACTATAGACAAAAGTATACACAGATGTAAGGATAATCATCAATATACTCATAACTATTAATGCTTCGTTATCTGCCGCTATAGAAATAAAGAATATAAATAGGCTTATTATTAGCACACACACAGCTGGAACCATAAGTATTAAATGCCACAACATCATATACCAATATTCACTACGTCTTGATCTCCCCTTAAAATTAACATAATTTTTCCAAAATAATACGAATGATTTCATAAAACCTACTTGAGGTAATTGTTCCATTGTAATCTCCCTTTCGTTAATCATATTTATATTTTTAATTATTATTACCGTTATAATTTACAAGATTCATTATCAAGCCACTTCATTTCAATCGTCATTCACTTTGGAAAATGAAGTTTATATTTCATCACTAGTTAAATGAAAACCCGCTACAAGTACGCATCTATATGGAGACTCATTTGAAAGTCAATGCTTCGTTAACTATACTAAAAATATGTCACACTGCAATGTTCATGTTTAAAAGAGTCTCAATCTCTGCAAATAAAATATTCCATAACAAAGTATATACTTTACATTTTTATAATTCTTAACAATACTATTTTATCAAACATTTACTACAATAAAAA
CP129556.1_gap50	1884500	1889463	4963	TATAGCTTTATGTCGTATTTATTTTAAATACGCATGAACTGAATAATATATTTTTACTATTTTCAAATTAAATTGTAACTGCAACTGTCCTTTACGACATCAACTCATCATGATAAAAACCTATCGAAATGCATTTTCAAATATTTTATTCATAATTTCTGCTACTTCTTTAGGACTCTCTTTATATCCTCGTTTGACCCAATCTTGTAACACACCAATGATTGCATTACACATAAAAATAAGTAAAAAATACTTTTCCTTCGTCGTTAACATTTTTGTATTTAATACTGGTACAAAATTAATTTCGATACGTTGTTGTAGTGATTTTTTTATGACTTGATGTAATTTATAAGCACTCTCATCACCTAATAACATCAAAATGAGCTGACCTTCGCTTAGCCAAAAATAAATCATCTTTTTAAAAAATATTGCTTGTGTCAGAGTTTCACTTTTAAGAAATTTCTTTTTTGCTTCTTTTAACAATGTATTAAGATAGCTGTATATAAAATCATCTTTAGTTTTGTAATGTGTATAAAAGGTTGTCCGACTTATTTGACTCTTTTCACATATATCTTTAACAGTTATATCATTATATGCCTTCGTTTTTAATAGATTTACCATTCCATCATGTATGCGATTTATCGTTTTCGTTACACGACTATCCGTAAAAGCTGTTTGATCCATATGCCCCACCTTTTTTCTGAACACTAAAAACAAATATGTTCACTATCTATTAATATTTTATTCGCAATCTTAATATACGCTTATGATGATATATAAATAAAGTGAAATGTATCTCAATTTTGGAGGGGTTATCATGGAAGCAACTATCGCGAAGTTGGATAAAGTTGTAAAAACGTATAACAAGCATCACGTATTAAACGAAATTAGTATGTCAATCAATAAAGGTGAACTGCTAGGGTTAATAGGTCCTAGTGGTTCTGGTAAAACAACAACAATAAAGTGTTTACTAGGTATGGAAAAGATAGATTCTGGATCTGCAGAAATTTTCGCTCATAAGATGCCTAATCGCAAAGCTTTAAATCGATTAGGCTATATGGGGCAAACTGATGCATTATACGAAAACTTAACTGCTCATGAAAACCTAGAGTTTTACGGTCGTTTGTCAGGTCTGAAAGGAAATATATTAAAAGATAATATTGAAAAACATATCGTTCTAGTGAATTTAGAGCAAGCGTTAAATAAAAAAGTTGCACAGTTTTCAGGAGGCATGAAACGCCGATTATCTTTAGCAATAACATTGTTGGCCGAACCGGAATTAATCATATTAGATGAACCAACTGTAGGCATTGACCCTAAATTGCGCCAACAAATATGGCAACAGTTCAAGCAAATGACCAAAGACGGAAAGAGTGTCGTCATCACAACACATGTTATGGATGAGGCGGAACGTTGTGATAAAGTTGGACTTATTGTCGACGGAAGAATATTTGCTATAGATACGCCAACCAATTTAAAACAAAGATTTAATGTAGATACAATTGAAGCGGTATTTATTAAAGCTGAGGAGGTTTGTCAATCATGAAAATTTTAGCTATTGTTAGACGAGTATTAAAAGAAATGTTACGTGATAAACGTACACTCGCGCTAATGTTTCTAGCACCAATTTTAATATTGACGCTTATGTATTTTATTTTTAACGGTGATGAAAACGATTTAAAAATCGGTATCGATACATCTGTTTCATCAAATATAACAAAACAATTGCCATCGTCCGACATAAAAACTCAAACGTTCCATTCTCATGAAAATATCAAATCTAAAATCGAGAATAATCATCTTGATGGTTATATTTACCAAGAAAATCAAACATTATATGTCATTTATACAAATGAAGACCCTAACAAATCTAATATGATCAAACAAATGATTGGCAAAGCTATACAACAAGATAAAATAAGCAGTATAAAGCATCTAATTGAAAAAGCACCTCCGACCATGAAAGAACCAAACAAACAAGATATTAAGATTTCACATTCCTATTTATACGGTAATTCTGATAGTACTTATTTCGATAAAATGTTTCCAATACTAATGGGCTTCTTTGTATTTTTATTTGTATTTCTAATATCAGGTATAGCTTTATTACGTGAACGTACAACAGGTACGTTAGAACGTGTATTATCAACTTCAATTCGTCGAAGTGAAATCGTTCTTGGTTATCTGATTGGCTATGGTATATTCGCAATCATTCAAACATTAATCATAGTCCTATTTTCAATATATTTATTGAACATTAATTTAGCAGGTAGCTTATGGTATGTAATTTTGATTAATATTTGTTTAGCTATTACAGCATTATCTATGGGAATTTTCATTTCAACGTTTGCTAATTCTGAGTTTCAAATGATTCAATTTATTCCACTAGTTGCTGTACCTCAGGTATTCTTTTCAGGAATTTTTCCACTTGAAAATATGCCTGATTGGCTAGGAAACATTGGCTATATCTTCCCTCTCAGATATGCTGGTGATGCTTTAACCAATGTTATGATTAAGGGGCAAGGTTGGAGTAATATATGGTTCGATTTACTAATTCTAATGATCTTTATCATAGTCTTTATTATCTTAAATATTGTTGGTTTAAAACGATACAGACAGGTATAAATTCTCCAAAACTTTTAAATGACTTCAATCAAGATAAGCTTCTAAATATAAAGCACTGATAATAAAAAGAACCACTAAAAAACGGTAATGTCTATCACATTTAAAAAGACATTACCGTTTCGTTTATTATTTAACTTGTAAATACTTAGTTACTTCTTCATTAATTTTGTGATATAAATCCTCATGATCTGTTAAGCGATAACCAAATGACGGCACCATTTCTTTAATCTTTGGTTCCCATCCTTTGAATTCATCACGATAGCATCGCTGTAAAACATCAAACATAATATCTACAGCTGTTGACGCACCAGGTGATGCACCAAGTAATGCAGCTAATGTGCCATCATCTGACGTAATGACTTCGGTACCAAATTGTAAGTTACCTTTAGAATCCTCCGTATCCTTGATTACTTGGACACGTTGCCCTGCTGTAATCACTTCCCAATCTTCATTTTTAGCATTTGGGAAAAAGACTCTTAAATCATCCATACGCTCATCATTAGATAACATCAATTGTGACACTAAATACTTCGTAAGACTCATTTCTTTGATACCTGCAGATAACATCGTCACGATATTATTTGGTTTAACCGATTTAATTAAATCCATATGTGAACCTGTTTTTAAAAATTTAGGTGAGAAACCTGCAAATGGACCAAATAACAATGAACGCTTGCCGTCTACAAAACGTGTATCTAAGTGTGGCACTGACATTGGTGGCGCACCCACTGCTGCTTTTCCGTACACTTTAGCATGATGACGATCAATCACTTCTTGATTTGTACAGCGCAGGAATAATCCACTTACCGGGAAACCACCAATATGTTTTGATTGTTTAATTCCAGTCTTTTGGAGTAATGGTAAACTCGCACCGCCAGCACCAATAAATACAAAATCAGATTCATATGTTGTCGTTTCGTTAGTTTCTAAATCTTTAACTTTAACTAGCCATGCTCCAGATTTCTGTTTCTTGATGTCTAATACATTTTGCTTATATTGAATTTCCACACCACGTTGTTCTAAATTATCAAATAACTTTGCAGTTAACGCACCAAAGTTAACATCTGTACCAGTTTCATCATAAGTTAAAGCAATTGGTTCATCAGACTTACGCCCTTCAATCATTAACGGTACCCAAGATTTCATTTCTTCTTCATCTTGCGATAATTTCATTTTTTCGAATAAAACATTTTTCTTTAACGTTGCAACACGACTTTTTATAAAAGCTACGTTATCTTCGCCAATGACAAAACTCATGTGTGGCACCGCTTGAATAAAGCGATCTGGGTTATCTAATTGTCCTGTTTTAACTAAATATGCCCAAAACTGCTTTGAAATTTGGTACTGCTCATTTATCTTAATTGCTTTACTACAATCAACTGTGCCATCCTTACCTTCTTTTGTATAGTTCAACTCGCAAAGTGCTGAATGCCCTGTACCGGCATTATTCCATACATTTGAACTCTCTTCGCCAGGTTGTGCTAATTTTTCAAACACTTTAATATTTTTCTCAGGTGATAATTCTTTAAGTAATGTTCCTAATGTTGCACTCATAATACCGCCACCAATTAAGATGACATCTGTTTTGCTATGTTGTGTTGTCATAACAAATACAGTCCCCCTTTTTAAAATGAATAATGGAACGTTCGAGAAATACGACATATTAATACCACTTTGAATCAATAAGTGTCTCAACAGGTTCTCATGGTGATGCTCTATTACTATCTACTATGTATATTAATATTTTATAATAACGAAACTACTTTAATTATATACTTTATGTGCGATAGCACAAAGACAAAACCACAAACCTTAACACCTATCAACCAATTTAATTTGATTGCTGATTACTCACTCTTCATTTTAACATAAAGCGCTACCATTATTATAATGTCAAACTTCTTTCATCAATGATCCATTAAAAAAAGATGAGATGTTAGAAAACATCTCACCCTCTGTATATTTATATTTTGAAATACGTTTATTTATAATAATGACAAGATGAAAGTCCAAATACAGATGAATATTAGTAAACATACACTGTATTTCAATGTCATTTTTAATAATTCTGATTCCTTACCAACTTGTTTTACTGCTGCAGTTGCAATTGCAATAGATTGTGGTGAAATCAATTTTGCCGCTACACCACCAACTGTATTAGCAGATACAAGAAGTGAACCACTTGTTCCAATTTGTTGTGCAACAGAAGCTTGAATTGGTGCAAATAATGAGTTGTTATTTACAACTGATCCTGTCATAAACACACCTATCCAACCTAAGATTGGTGATAGAACTGGGAAGACATTACCTGCTTTAGCAATACCTTGACCCATTGCCG
CP129556.1_gap51	2045217	2047889	2672	CAAAATCCCCCCACTTGTAATGTACAAAATATGCTCACTTAAACGATAATCGTATCTCTGCCAAGCTATTTCAACTCTGCTTTAATATAAAAATTATTCTCCCGGATGGGATGCTTATATCTCTATCATGATATTTCAACGCCGCTTCAACAACTTTATCACTTCATATTTATGCGGGTACACTTCAACGCTACTAATATGAATGATACAACCACAGATTCTCAACACTAAAATTCACAATATGTTTACTCTATTTTTATCAATTCAAGCATACTTATTGAAAAATGTTAACGTTTTCTTGATAATCATTGTAAGCGTATTAATTTTACAAACCAATGATTGAAATATACTACAGGAGTGACACACAATGACTCAAATTACTGAAAGAGAATTAAAAAAGAAATATTTGGATTTATTATCTCAACATTTCGATACTCCAGAAAAGCTTGCGACTGAAATTATTAATTTAGAATCTATTTTAGAATTGCCTAAAGGTACGGAGCATTTCGTCAGCGATTTACATGGTGAATATGAAGCTTTCCAACACGTATTACGCAACGGTTCTGGGAACGTGCGAGCGAAAATTAATGATATTTTCAAAGACAAGTTATCAACGAAAGAACTTAACGATTTGACTGCCCTTGTTTACTATCCAGAAGACAAATTGCAACTTATTAAATGTGATTTTCAAAATTATGGACAATTAAATGTTTGGTATATTACGACGATTGAACACCTCATTCAGCTAATTAAATATTGTTCTTCAAAATATACGCGTTCAAAACTTCGACGTGCCTTGCCGGAGCAATACGTTTTCATCGTAGAAGAGTTATTATATAAGAACAACGAATTTAAAAATAAAAAATCTTACTACGAAACACTTGTAAACCAAGTGATTGAGCTTAAGCAAGCGGATGATTTAATTATAGGGCTTGCGTATTCTGTACAACGCTTAGTCGTCGATCATTTACACGTTGTCGGCGATATTTATGATCGTGGCCCGCAACCAGATAAAATCATGGACACGCTGATTAATTATCATTCTCTGGATATTCAATGGGGTAATCATGATGTGCTGTGGGTTGGTGCGTATGCAGGGTCTAAAGTATGTTTAGCTAATTTACTACGTATTTGTGCACGTTATGACAATCTAGATATCGTTGAAGATGCATACGGTATTAATTTAAGACCTTTGCTAACATTAGCCGAAAAATACTATGATGCAGATAATCCTGCTTTTAAACCTAAAAAAAGGCCTGACAAACATGAACGTTTAACTCAACGCGAAGAAAGTCAGATTACTAAAATTCATCAAGCAATTGCGATGATTCAATTCAAACTGGAAATACCGGTTATTAAGCGACGTCCAAACTTTGAAATGGACGAACGACTTGTACTTGAAAAAGTTAATTATGATACTAATGAAATAACAGTATACGGAAAAACATATCCATTAAAAGATACATGCTTCCAAACTGTTAACCGTGATAACCCAGCAAAGTTACTACCTGAAGAAGAAGAAGTCATGAACAAACTATTATTGTCATTCCAGCAATCTGAAAAATTACGTCGTCATATGTCTTTCTTGATGCGTAAAGGCTCACTTTACTTACCTTGTAATGGCAATTTACTCATTCATGGTTGTATTCCAGTTGATGAAAATGGTGAGATGGAATCATTCGAAATTGATGGTCAGACATACAGTGGCCAAGAGTTATTAGATGTGTTTGAATATCATGTCCGTAAATCATTTGATGAAAAAGAAAATACTGATGACTTATCCACTGATTTAGTTTGGTATTTATGGACTGGGAAATACTCTTCACTATTTGGTAAACGTGCGATGACTACGTTTGAACGATACTTTATTGCAGATAAAGCTTCTCATAAAGAAGAAAAGAATCCGTACTATCATCTTCGTGAAGATGTGAATATGGTTCGTAAAATGCTCAGTGATTTCGGATTAAATCCAGATGAAGGACGCATTATTAATGGTCACACACCAGTGAAAGAAATTAATGGCGAAGATCCTATCAAAGCTGATGGAAAGATGCTTGTCATTGATGGCGGCTTTTCAAAAGCTTATCAGTCAACAACTGGCATTGCAGGCTATACATTGTTGTATAATTCATTCGGAATGCAACTCGTTGCACATCAACAATTTAACGCAAAAGAAAAAATTCTTTCCGAAGGTATCGACGAACTGTCAATTAAACGGATTGTTGATAAAGAATTACAACGTAAAAAAATCCGCAATACAAATAAAGGTAAAGAGCTTCAGGCTCAAATAGATATTTTGAAAATGTTAATGCATGATCGTTACTTAGACTAAAGACGACTTTTGATGCACGTGTCGTACACTTATTTAGAGGTGCTGTGTTTACGCATTGGCTACGCAAACGCGATGGTAAATAGGCGACCTAGCTACACCGAAAAAATCCCCTCACTATTACGAGTAGTGAGGGGATTGGTGTATCTATGCTAGTTCCTTGTTAACTGTATTATTACAACATTACAGTAAAAAAATGCAAAATTAACTAATAAATTAATAAAATGATCGACGCCCTTGCTTCTACTCCAATTTAACAAAATACTATATTAGTACTATATTTTTCATTCACATGTATGTTACATTTTCTATATTACTTAAAATTACGAAGGGACATTTTTAA
CP129556.1_gap52	2159464	2160001	537	GAATTGCTCATCAAATTCAATCCATATATCTTTACCTCTCGCATACTTAAGTGCATTATTTATTAATTGTTCTATCATTAAAGAGGTCCATCTAACGTCAGTTAATACTTCGTGATGACAAGGTTCATAATGGATTTTTGTTTTTTGATCAATAAACTGTATTGAATATTTCATAATAATTGGGCGAATGATATTGTTAATCGAAATTTTAGTGACAGAAATATCAGAAGTTTCATTTAATAACTTTAAATAACTAAGTGCTAAACTTGTATAGTTATCAATTTGAATAACCTCTTGACGAACACGATTCACAACATTAGGCTCATCTCTTTCAAGTAACAGTTGTGCTGCAGTAATGGGTGTTTTCATTTGATGTACCCATGTTAAAAAGTAGCTCTCTACATCATTTTTATATTCAATTTGTTCATTTTTAAGCTGATACAACGCATTTTCTAAATTTTCAATTTGTTGTTGTTGGCTTATAGTTTTTACAAAACTTAAATATTTAATACCTATGAATATGAGTAATAATAATAA
CP129556.1_gap53	2331121	2333977	2856	TCTTTAATAAACGAAGTGTTTTCCTGTTTTATTGTCTCTATATTCAATCGCTTAATATTATTAAAAATCGTTTGCTTACTAACCCCTAATTCTTCACTCAACTTTTTCACACTTTTCATATCATCAACCCTTTATAAACCCTTGATAAAACTATATTTTCCCTTTTATAAGTTTATTTAAAGTGCTATAATAAACTTAATATAACAAAAACCCCAACTACTGGTAATAGTCGGGGTTTGGTAATAAAACGTTTAGAAACTGTTTATTTATATAATTTTCGATACTTGTATTATATAATGAATAATATCTTAGTGCAAGCACCTAAATCATTAAATAAATGTAAAGCTAAATAAAAACGTTTTATTACCTCTTACCAAACTAAAATATGGAAAGAGGTTTTTTGTCATGCAAAATCAATATTTTACAGTGCAAGAAAATTACAAAGAAAGATTTTATCAAATCCCTAAAGTATTCTTTACCAGTGAAAATTATAAAAATCTAACTAATGATATGAAAATAGCCTATGCTATCTTACGTGATCGCTTAAATTTATCTATTAAAAATAACTGGGTTGATGAAGATGGTAACATTTACTTTGTTTATTCAAATGTTGATTTGTCAATTTAAGTGCAACAGTTCATCACATAAAACTTCATAAGGAAACTTCCAATTTAAACACTTTCTTGGTCGATAATTAATTGAGTCTAATGCATAGTTAAGTTGCTCTTGATTTACTTTAGCTAAGTCTGTTTTCTTAGGGAAAAATTCTCTTAGTAAACCATTGGTATTTTCATTTGTACCTCTTTGCCATGCGGAATATGGATCAGCGAAGTAGACATTAATATTAAATTGGTTTTCAATATTTTGATAACAAGAGAACTCTTTCCCTCTATCGACAGTAATAGTTTTAACGGCACCTTTAGGTAGATGTTTGATAAGGTTATTAATTGCCGTCTCCATAGAATTAGAGGAACGATCAGGCATAAGTACACAATAATAATAACGTGATTTTCTTTCTGCGAAAGTAGCAATGCACCCTTTACTTTTGCCTCTGCTGGATACAATTGTGTCAGCTTCCCAATGACCGAATGTATTACGTTTCTTTATTTCCTTAGGACGTTGTGAAATAGGACGGCCAATATTAAACTTACCTCTAGTTTCTTTAGGTTTCTGTCTTTTTCCTTTTTGACGAAGGCATGAAATAAGTTCGAAATTAATCATATTAGAGTTAATCCATCGATAGATGGTTTTAAAACAGATTTGGTTTTGTAATAGACGACCTACGATTTGTTCAGGAGACCAGTGGCATTTTAAATAATATTTAATGATATTACCAAGTTCTGGAGTAAATCGAGTAGGACGACCACAAAGTTTTCTTTTGGTTTCATAATTTTTTTGAGCTGTTTCAGCTTGATATGACTGATTTAAATTATTCCTACTAATTTCACGTGAGATAGTAGATACAGATCGTTTTAATTTACGTGCAATAGATCTTAAAGAATAATTTTCTTGACGTAAAACCTCTATACGTGCGCGTTCAGTTAGTGTAAGATGGTTATAGCTCATGTTGGCACTCCTTGTATGTGTTTTTGTGGTTATTAACATCTTACAACAAAGTGCCAATTATGGGCATTTTTTATGAATTTTTATAGGTGTTGCACTTAATATTACAATCCGTCGAGTATAAAAATGAAATAGATAAAATTAAATCTAAAATTTTAAATGAAGAAGACGAGTTAGTAAAAAAATCATTGATGTTAACAATATTTGTATTATCGGAGAGCTATGTTAGTTCATTAATTGTTTCTAATTTACCTGAAAGAGATGAAAATTTAATAGATAAAGCGTATGAAAAAATTATTCAACAGTATATAAGTAAAAATATACGTACAAGAAATGGTAGAAAAGAACTAGTAAAAAATTTTTACAATACAGATCTACCAGCAATACCTCATACCAAATTGAGAGATGCCCTTGCTCACGAAATAAATAAAGTTGATTTAAAAAACAATCGTTTTAAATATGATAATAGTAGAGGTAATAGAAATGAAAATATTATAGAAGTTAGTATTGACGAAATAATTAATGAGTTAGAAGAATGGTTTTTAAATTTAGAATTTCCGTAAAAACCTCATCATCAACCGATAAGCAGAAGCGTATCATAAGTAGCGGAGGAGTTTTTTACCTTGTGACTTATCATAAAGTACGATGTTTATGTAAGTGATTATCATTATTTAAGCAGGTTTTTCAAATTAAATAATAACAAGAATAAAATGCACTTAGCGACATTGAAATTTATTAATCTAGTAAACTAATAGATTAATAGAAAATTTTATTTGCAAGGGGATAATTTTGAAAAGTAGTATTTTCTATCTTTCCATAATACATTGTAATTACAACGGAGGGGATATTGTGATGAAGTGTATAGATAAAACGTGGGTTAGCTATTATAAAGAATTAGCTGATAAGTTAACAGATTATCAAAATAAACGTTATGAATTAATTGAAATAGTGAAGGAAGTATATAAAAAAACGGGAATAAAATTCCCTACTTTAGCAAGTGATAATGTATTGATGGACATAGATCCTTTTACAATATTTGCATTATTTAATAAAAATTCCATGAGAGAAACTAATAAGGTAAAAATATTAACAGAATTAGCTTCGGAATTGAATATTAAGTCCAAAATTCCGTCAGTTTTTGACAGTATTCCAACAGTCAATAATCTGAATGCTACATATTATAATTTTAAAGATTATGGAAAAGATAATGATATAGAGACCTTGTGGACCTTATTTACTGCTGCATTAAATTTTGCGAATTATCCTTCAGAAGATAATAAATTAAAATTTATA
CP129556.1_gap54	2335809	2338686	2877	ATGAAAAATTTATTCTAGAGTACTATAAAAAAGAATTTCCAGAGCTTGTTGTAACATCATCAAATATTCAATGGTCATTAGATAATGATGATAACGTGAATATGCTTCCTGTAATGAGAAGTGATATTATGTTGAGATATAAAGATAAATGTCTAATTATCGATGCAAAATTTTATAAAAATACATTACACAATTATTATGATACTAAAAAGATCCATTCAACTAACCTGTATCAAATATTTACTTACGTGAAAAACCAACAATTAAATTTAAAAAAGAAAGCAATACAGGTCTCAGGAATGTTGTTATATGCTAAAACAGACGAAAATATTGTTTTGAACGATAAATTTCATATGAGTGGTAGTCAAATCATTATTAAGACATTAGATTTGAACTGTAATTTTACTATTATTAAAAAACAGTTGAATGGGATAGTTAATGATATATTTTTACTAAAATAATATTAAAGATTTAAAATTATAAAGATATTAATTATGATTAGTGGTTTCAAAATGTTGTTTTTTAGAGGTTTAAGATTGTCATAAATTTAGTTTTATTTGTTCTCATGTTCAAGTTTCTTTATATCAACTTTTATTTTAGTAAACCTTAAAGAGTAGCAACTTCAAAATTCGCATTTATATCTAAAAATAATTTTAAAATAGACATGTTTAAACAATCAAAAGTGTGCATTGTTAAATCATCATTTTCAAAAGTTTATTAGCGAAATAGATACGTTAGTCTTAAAAGTGATTAGTCGTATAACAGTAATTGCAATTTGTGAAAGTTAATTTTATAGTTGTATGACCAATTTTTAAATAAGATTATTAGGTAAGGCATAATAGCCCTGTTAAGTGATAAACGATACAAAAGTGATATATAGGAGGCGATATCATGATTACTATTGATTCAAAGATTAATAAACAAATCGCTAAAAACCTTTCACTTGAAGGTATGTATGTTACACGAGAACAGCAAATACAAATTCTTCATGCAATTAATAATGAGAAAGAAATTACAAATGAACTTATTCGTAAAATCGCTTTTAAATAATGAAATATATAGCAACTTTTCAAAAGGCATTAAACTATCTTGAAAAGTTGCTTATTAAATAATAATTGCTCAAATAAAAAACATATAAATGCTCTTACCAAAAAAATATTCGTAACTAAAATATTACAAAGTAATTAAAAAGTGTGATTACCCAAAAATCCTTTTTTTATTCAGATTGCCTTAATATTGCTCCTAAATGTTGCTGTGCAGTAGTAAATAATACGAATGTAATTAACTTGTCAATAGCGGTTCAAAAATGCTGTTTTATGGCGGTTTGAAAATGTCGTTTTTTAGCGGTTTAAGATTGTCATATATTTAATGATTTTTCGGTTTTATAATCTTTTAATCGATTTGATTCTCCAGTAATTTTAAATACTTTTGAATGGTGAACAAAACGATCAATTATAGCTGCTGATGCAATCTTATTACTAAATGACAATTCCCAACTCGAAAATGAAATATTACTTGTAAAATTAAAAAGTATTAAACAAAAAACGTAATTATGCTACTGAAATAGCTCAAAAGAATTATGAAATTCGAAAAAAGAATTGCAATATGCCATAATGCTATCTCCTTTCTAAATTAACTCATCGCTTCATAAATACATTTATTCAAATTTGTAAATCAATTAATACCAATGTTGTATCATTATAATCTATCATTTATTCCTTACCTCTATAAAAAATGTCTCAAAAAACATATAAACAAATATAACCATTCAATCATTAAAGCATAAAGAACGCTACTTCATTTCCATTAATATTTATATAGAAAGTAAAGTAGCGTTATTCTAACTTATTTAGTTTATACCATAATATAATGTCTCTAGAATAAAACGCTAGTGATTATGGTTTTCTTCAATTTGATAAAATTCAATCGCATTGCCTCTTAATATACCATTAATCGTGTCAGGGTCAATATTACTGTTTTTAATATAGTCTACGCCGCGTGTATATTTTTCATCTTGGAAGTAAGGGAAGTCTGACCCCATCATAAATTTATCCTTACCAAATGTCTCAATAGAGTTAATCAATGAAGGTTCGTGGAAGTTTGCTGTATCATACCAAAATTGTCGATTTAATACTTCATAAGGATCAATATTAAAGGCATTCCAATCTTCATAATTGTCTTTAATACGAGTCATGAAGAATGGTAAAGCGCCACCTAAATGTGAAATATGGAATTTAATATTTGGATATTTTTGCGGAATTTCATTTTTAATCAATTGTAATGTAATAAAGGTAGACTCTAACGGTGCACCAATAACCCATTCTAATTGATAGTCATTGACTAACGGACTTTGAGCGCCACAACCTGTTGGATGAATATAAATTGTAGCATTGAGCTCATTCATCGCTGCAAAGAAAGGTTCAAATTGTTTATCAGCAACAGAGACCTTATCTTTTACTATAGTTGGAATGGCAATGCCCACAAATTCATCTTTTTTCAAAAGGGCTTGGGCTTCTTCAATAGCTTGATCGACATAGGGTAGTGAGACAGCACCATATGCCAAGAAACGATCCGGATATTGTTGAACTAATCTTTCATATAAGTCATTAATTTCTTGAGCACTTTGGTGAGCTTCTTCTTTAGTACCCCATTGTGGAGATTGTGGTGTCGCAGAAATAATTTGTAAATCTACGCCAGCATCGTCCATCATTTTGAAGCGTTTCTCTAAATCTTCTTTAGACGCAGATTGATTAATCCCTTTAGCAACTTCAGTACCTTGACTACCTAATTTGCCAAGTTTGTCTAAATAGTCTTCATTCCATAAATGTGCGTGTGTATCAATCGCTTTTGTTTCAGTCATATTATCCCCTCCATTAA
CP129556.1_gap55	2403728	2408305	4577	TTTATATAACTTAATATTATGAAGTGATTAATTTGGAAACAATTAAACAAGAAGTAAGAGAATCTATTGTTAAAGGAATTTTCGCGGGATATAAGGACTATGTTAATGAGAGAAATGAAGTCAAGAAACGTATGGTGATTAGTGATGCCTATGTGTACACCAAATCTAATCATATTGAAAATCAAGTTGCTAAGCATTTGGAAAATTTTGTTAAGTATATTAAAGAAAATGCTGGACCATCATGGAAGTATTTAAAGTTTATATTTAATAAGGATGAAGAGAAAAATAATATCATGTTTATATTGAAAAATGAAGATTACTTTGATGAAAAAAATGTAAGCGTAGGGAAGAGTTTAGTTGCTGATAAGAATCAAAAAAGTAAAAACTACCTAGAGGGACTTATAGCTAAGAATAGTGGCATTAATTTTGATACTGTTGGAGAAGATTTTAAAATTAGGCATCAAATGACTGCAGATAGTATATTATTTAATATAAAAGAAGGCAGTAATAGAGATATTAATTCTTATTTTTTAATTATTACATATCGTATTGATAAAGAATCAAAGCAATTAGCTGCAATCAAACAATGGTTGCCAAATCCAGAAACAAATTCTGCAATTATGGTTGATGATTTGACACCATTGTTAGACAAAGTAATAGTAGAAAGAGAAGATTATCATATTGACGAAGAAGAGTTAGAAGTACTTAAAAACGATGGAGAGTTAGAATTCATAGATGTAGAACATGCATTTGGTATCAGTATCGATGAAGATAACGATATGATTGAAAGCGAAAGGTGAAGTTAATGTTTATTGGCAAGAATTTAGAATACGTGAGAAAGCTTAATGCTCTAAGTAGAAAAGAATTATCAGAAAAAATAAATGTAAGTGAACAAGCAATTTGGCAATATGAAACAAAAAATATGATGCCAGAAATTAATAAAATTTATGATATGACATCTATTTTTAATGTTAAATCTAGCTACTTTATTAGCGAGCAGCCCGAAGAGCTCCTAATAAATTCTGTCGATAAACATAGTATAGCTTTTAGAGCAAAAAATTATAAAGTATCTACGAAACTATTAAATAAGCAATATTATCAAGCAATGTATTTATCTAATTTAACTAGCTACTTATTTTCCTTTGTAAAGATACCGGATAATATTATTTTATCTTTAATAAATAATTTAGATGACTTGTTGAATGGCAATTTAGAATCACTAAATAAAAAAGAAAGCATAAAAGAAACTGCTAAAGTTGTGAGGGCTAAAATTCTTCAAGACGAAAGCAATGAAGCACTATTATTTATGCTTGAAAAAGCGGGTATAGTTATCTACGAAAAGCGAATTAATGATAGTATAGACGCATATAGTTTTTGGAGTAAAGATCAGACACCTTTTATTATACTGGGTACAAATAAGGGGGTAGCAGTTAGAAGGAATTTTGATCTTGCACATGAGCTGGGACATCTCGTTCTACATCGTCATATTCAATTCGATTTATTATCTCCTGAAGAATATAAGACAATTGAACATGAGGCAGATATTTTCGCCTCTGAATTTTTACTACCTGAAGAAGCGTTTAAAAAAGACTTTGATCAAATGACAAAAAAATCAAATCCTGATTATTTAGCTGTATTGAAAGAAAAATGGTATGTTTCTATACAAGCAATTGCAATGAGAGCCTATTATCTAGGTCTAATGTCTAGTACTCAGTACAGATATTTTTGGGCATCATTAAATAAAAAAGGCTATAAAAGTAAAGAGCCTTTAGACGACGTGATTGAAATGTCACGTCCTGTCAAAATGAATAGTTTATTAAAGTTGTATTTTGATAGAAATATACTGACACCACAAAAATTATTGAATTATTTAAAAGTTGATGAAACATTTTTGAATCATCTAGCAGGTATTAATTTAAAACTCTTTAAGGATTATGTTAATGAAAATAGAGAATATAATATAACGAATCTATATAAATAAGACACCAATATTTAAACCTCGAGCTGAAAAGATTATCATTTCAGTTCGAGGTTTTTATTTGCAACATCTGTTGATAGGTATCGACAAGGACCTTTTAATGTTGTGTTTTGTGCGATATAACAAGCTTTTTAGGCTATTAAAGAATATTCAGAATTAAATATATAATTATGAATAAATTATGTCATTGAAAAAATTATGATTATAAAATCATTCTAAAAACACCGAAATAACAATGATTTCATGAAAACATTTATTTTAAAATTTGATATTTGTTCAAATAATATTCGAAATTAAACTTTTTTGTATAGAATTTTCTTTATATCCTGAGAGACATGTACTATAATGTTTGTGAAATAATTCACAAAGTATAAAGGAGTGGTTGTATATGTTAACTATACCTGAAAAAGAAAATCGTGGATCGAAAGAACAAGAAGTGGCAATTATGATTGATGCTCTAGCTGACAAAGGGAAAAAGGCATTAGAAGCATTATCTAAAAAGTCACAAGAAGAAATTAATCATATTGTTCATCAAATGAGCTTAGCAGCTGTTGATCAACATATGGTGCTAGCAAAATTAGCACATGAAGAAACTGGAAGAGGTATATACGAAGATAAAGCGATTAAAAATTTATACGCTTCTGAATATATATGGAATTCAATAAAAGACAATAAGACAGTAGGGATTATTGGTGAAGATAAAGAAAAAGGATTAACGTATGTAGCGGAACCAATTGGTGTTATTTGTGGTGTTACGCCAACAACAAATCCTACGTCGACAACTATTTTTAAAGCGATGATTGCAATTAAGACAGGAAATCCAATCATTTTTGCATTCCATCCAAGTGCGCAAGAATCGTCGAAGCGTGCAGCAGAAGTTGTATTAGAAGCGGCAATGAAGGCAGGTGCACCTAAAGATATTATTCAATGGATTGAAGTGCCCTCTATCGAAGCAACAAAACAATTAATGAATCACAAAGGTATTGCATTAGTTCTAGCAACAGGTGGTTCGGGCATGGTTAAGTCTGCATATTCAACTGGCAAACCGGCATTAGGTGTGGGACCAGGTAACGTGCCGTCTTACATTGAAAAAACAGCACACATTAAGCGTGCAGTAAATGATATCATTGGTTCAAAAACATTTGATAATGGTATGATTTGTGCTTCTGAACAAGTTGTAGTCATTGATAAAGAAATTTATAAAGATGTTACTAATGAATTTAAAGCACATCAAGCATACTTTGTTAAAAAAGATGAATTACAACGCTTAGAAAATGCAATTATGAATGAACAAAAAACAAGTATTAAACCTGATATTGTCGGTAAATCTGCAGTTGAAATAGCTGAATTAGCAGGTATACCTGTCCCCGAAAATACAAAACTTATCATAGCCGAAATTAGCGGTGTAGGTTCAGACTATCCGTTATCTCGTGAAAAATTATCTCCAGTATTAGCCTTAGTAAAAGCCCAATCTACAAAACAAGCATTTCAAATTTGTGAAGACACACTACATTTTGGTGGATTAGGACACACAGCCGTTATCCATACAGAAGATGAAACATTACAAAAAGATTTTGGACTAAGAATGAAAGCTTGTCGTGTACTTGTAAATACACCATCAGCGGTTGGAGGTATTGGTGATATGTATAACGAATTGATTCCGTCTTTAACATTAGGTTGTGGTTCGTACGGTAGAAACTCAATTTCACATAATGTTAGTGCGACAGATTTATTAAACATTAAAACAATTGCTAAACGACGTAATAATACTCAAATTTTCAAGGTGCCTGCTCAAATTTATTTTGAAGAAAATGCAATCATGAGTCTAACAACAATGGACAAGATTGAAAAAGTGATGATTGTCTGTGACCCTGGTATGGTCGAATTCGGTTATACAAAAACAGTTGAGAATGTATTAAGACAAAGAACGGAACAGCCTCAAATTAAAATATTTAGCGAAGTCGAACCGAACCCATCAACGAATACAGTATATAAAGGTCTGGAAATGATGGTTGATTTCCAACCGGATACAATCATTGCACTTGGTGGTGGTTCAGCGATGGATGCTGCAAAAGCAATGTGGATGTTCTTTGAACACCCTGAGACATCATTCTTCGGTGCTAAACAAAAGTTCCTAGACATCGGTAAACGTACTTATAAAATAGGCATGCCTGAAAATGCGACGTTCATTTGTATCCCTACGACATCAGGTACAGGTTCAGAAGTAACACCATTTGCAGTTATCACAGATAGTGAAACAAATGTAAAATATCCGTTGGCTGATTTTGCTTTAACACCTGATGTTGCAATTATTGACCCTCAATTTGTGATGAGTGTGCCAAAAAGCGTTACAGCAGATACAGGAATGGATGTACTAACGCATGCAATGGAATCATATGTATCTGTAATGGCTTCAGATTACACAAGAGGTTTGAGTCTACAAGCGATTAAATTGACGTTCGAATATTTAAAATCATCTGTTGAAAAAGGTGATAAAGTTTCAAGAGAGAAAATGCATAACGCATCAACTTTGGCTGGTATGGCATTTGCAAATGCATTCTTAGGCATTGCACACTCAATTGCGCATAAAATTGGTGGG
CP129556.1_gap56	2449384	2454009	4625	GTATTTGAAGTTGTTGAGCAACCCATGTTTGAGTTTGTTGTGAATCATCGATACCTTGCTGACCTGTGCAAGAATTTGCATTAGCTGAATTAACAACAAGTGCTTGTAATTTCCCTTTAGACTTTTGTAAAGTGTCTTCAGTGACAATAAGTGGTGCAGCTTTAAATTGGTTTAAAGTATATACGGCAGCTGAACTTGCTAAAGACGATGAGTAAATCCAGCCAAAGTCTTTTTTGTTAGCGCGTAAACCGATGTGCATACCACCGGCCGTGAAGCCTTGAGGTGTACTGATATCGCCATGTTTAATAATTGAAAAGTTATGTTGTTGTGATGTCGTTTCTTGATGTTTCATTCTAACACCCCTTATGGATAAACTGGTGATTGTTTTAGGCCAGTCGTAACTTCAAAATCATATAATATATTTAAGTTTTGAATGGCTTGACCACTTGCCCCTTTGACAAGGTTATCAATCACTGATACTAAAATTGCTGTTTGCGTTGTTTCATCTACATAGATACCGATATCGCAGTAGTTACTACCGAGTACTTCTTTTGTGGTTGGAAAAGTCCCAATATCTCTAATTCTGACAAATGGCTGATTAGCATAATAAGAGGTCATTAATTTATGTAATGATTCAGTCGTATATTCAGATGATAATTTGACATATATTGTTGATAAAATACCTCGTGTCATTGGTACGAGATGTGGTGTAAATATGACTGATACATCTTGACCCGCAATGATAGATAAATATTGCTCGATTTCCGGTTTGTGTTTATGGTTTCCGATTGCATAAGCGCTTAGATTTTCATTCATTTCTGAAAAATGAACACGTTGTGATAATGAACGACCAGCACCTGACACGCCGGTCTTAGCATCAATAATAATAGATGACAAATCTACAATTTTTTCGCTAATAAGTGGATGTAATGCTAATAACGTTGCTGTAGGGAAACAGCCAGGGTTAGAAATGAGTTTCGTTCCATTGTTATCTAAAGATTGCCATTCTGAAATGCTGTAAATAGCATGATTCAAATCATCTTGTGCTGCAGCAGTTTCTTTGTAATATGCTTCATATATTTCACGGTTTTTAATTCTGAATGCACCAGATAAATCAATAACATGAATTCCTTTTTCTACTAAAGGAGGGATACATGTTTTACTCACGGGTGCTGGTGTAGCAAAGAAAATTACATCACAGTCATTATTGTCCACTGTAAGTGCTTCGAAATGTTGCATAATATGTTGTAAATGTGGAAATGTTAATTTCAACGGCTCATCTACTTTTGAATGTGAGTAGATGTGTGCAATCGTTACATGAGGATGTGTTTGTAATAATCGAATTAATTCAATTGCGCCATAACCGCTACCGCCAACGATACCTACTTTAATCATCATGAATCCCTCCTATATCATATATAAATGATTAATTGTTAATTTTTAAAAACGTCTTGAAAAGCTGCAACAATTTGATTGATTTCCTCTTTATCAATGACTAGAGGTGGTGACAATCGAATGATAGTACGATGCGTGTCTTTGCATAAAATGCCACGTTTAATCAGTTGTTCAACGAAAGGTGCGGCATCTGTGTTAAGTTCGATGCCAATAAATAAACCACGACCTCTAATTTCTTTAATACTAGGATGTTTAAGTTGTAGCAACGCTTTTAATAAAAATGAACCTAAGCGTTCTGATCGTTCAACCAGTTGTTCATCTTTAAGTACATCAAGCGCTGCCGTCGATATTGCAATGGCTAAAGGGTTACCACCAAATGTTGAGCCATGTGTACCTGGTGTTAGAACTCGCATGACATCATTATTTGCAAGCACAGCAGATACAGGGTATAAGCCGCCACCCAATGCCTTACCTAAAATATAAATGTCTGGAACGACTTGCTCCCATTCCATCGCAAACCATTTCCCAGTTCTACCAAGACCAACTTGAATTTCATCTGCAATCAATAATATTTGATGTTTATCACATAGTTGACGCACAGCTTGGATATATCCTTTCGGTGGTATATTAACGCCACCTTCACCTTGAATTGGTTCTAAAATAATTGCTGCTGTATTTGGTGAAATAGCTTGTGTTAATTGCTCAATATCTCCAAAATCTACTGTTTTAGTACCTTGAAGTAGGGGGTGAAATCCTGATTTATATGCGTCGTGGTTAGATAGTGATAATGAGCCAAGTGTACGACCGTGAAAATTGTTATTCATAGCGATGATTTCAACTTGTCCGTCAGTGATGCCTTTAACGTCAGAGCCCCATTTTCTAGCAATTTTAATGGCTGCTTCAACAGCTTCAGTACCAGAGTTAAGGGGGAGTACTTTGTCTTTCTTAGCAAGATGACAAATTTTTTCTTCCCATTTCCCGAGATTGTCACTATAAAGGACACGTGAAATGATAGACAACTTTGAAGCTTGTTCTGTCATCGCTTTAACAATTGTTGGATGACAATGGCCTTGGTTTGCAACTGAAAAACCCGAAATGCAATCTATATATTGTTTGCCATCAGTATCCCAAACTTTGCCCCCTTTCCCTTCAGTAATTACAAGCTTCAGTGGTGCATAATTATTAGAGCTATAATAATCAGTTAATTCAATGATTGAATTCATCGGTCGCCCTCCTTTATATTTATACAATTTAAAGAATTAATATTAATATATTACAGTTGTTCAATATAAGTGTCAAATGTAAATTTAATAATATAAAGATAAAGTTGTGTATGCATTAATGTGATTCGTAAAATGAAAGTACTAATATTTTTCGTGGATAATCATTAATATGTATGTATACGAGTGCAGTTTAATGTAGTATGAATAAAAAATGCCACAAGCATATGTTTAACATATGACTGTGGCATAGTATTATGCTTGTGGAATTTTACGATGCTTAATTTTATAAATAATGAAGCCGATAATGAAACCAATCAAACTGAGAACAACCCAGCCCATACCAATGTCTGATAATGGTAAATATTTTTGGCTGAAATTAATCAAAGTTTGTGAGAATGATGTGCTTGAAATGAACTCTGGACTAGCTTTTAATCCATCTACTAATGCAACAATCATTGTAAAGAAAATGGTACATTGATAAATAATTTTTGAATGATGGAATTTGCTGCTAAATAATGTTAGTACAATCAGGGCAATTGCTAATGGATATAAGAACATTAACACTGGGACTGAGTACATAATAATTTTAGTTAAGCCAACATTCGCGAATAAGAATGAGATAAAGCTCACAACTGTTGCAATCGCTAGGTAATTCATTTTAGGGAAAAGGTGTTCAAATGTTTCTGAAAATGCCGTAATTAAACCGATAGCTGTTTTTAAACAAGCAACCATAACGATGAGTGATAACAAGACGATACCGTAGTTACCTAAGTAGTATTGCGTAATTTGCGCTAAGGCAATACCACCATTTTCACTAAGTTTGAAATGACCAATACTTAATGTACCCATGATTGCTAGTAGGGTATAAATGATCCCCATCATAATGATACTGATAGTACCAGACTTAATTGTTTCTTTAGCGATATCAGTTGGATTTTCGATACCTAACTTTTTAATCGTTGCAACAATGATGATACCAAATGCCAATGACGCTAGCGCATCTAAGGTATTGTATCCATCTAAAAAGCCGTTAAATAAGGCGTTTGATTGATATTGTTTACTAATAGGTGCATCAGATATGCCACCTAATGGATGGATAAAAGCAAATAATAAAATAATTGCTAATAATACTAAGAATACCGGATTTAAAAATTTACCGATATATTCTAAAATTCTTGATGGCTTTCTCGCAAAAAACCATGCAATCACAAAGAAGACGAAGCTGAAAATAAATAAATATAAAGTGATTTGCTTTGGTGATAAAAATGGCGAAAATGCAATTTCAAATGATGTAGTTGCCAGTCTAGGTAAGGCGAAAAATGGTCCGATAACTAGATATAAGGCAATCGTGAAAATATAAGCATATGTTTTATTAACACGCGATGCAATTTCAAATAAACCAGATGTCTTTGAAATACCAATAGCAATGATACCTAGAAATGGTAAGCCAATTGCTGTAATTAAAAATCCTAAGTTAGCGATAAAAACGTTAGAACCAGCAGCTTGACCCAAGTGTATTGGGAAGATAAGGTTGCCGGCACCAAAGAATAAACCAAATAACATAGAACCAATAAACATGTTTTCTTTAAATGTTAGTTTCTTCTTCATATATGTATTTGTTCTCCTTTTTAGAACTTATAAAAATCTACTTAATTAAGATAATATCAAAAATTAAACCTAAAGTGATACATAATTTTGTAATAAATACTAAATTTTTTGAAAATTCCGGAATAAATACTGTTTTTTATGTAGTAAGGGCATAGGTTAAGAACGGTTTAACAGATATAGAATATGTTTATATAGTGGAGGTTAGACAACCCGACGTATTAATACATTGTGAAATAAAGATACCCCCTTCAATATAATCGAAGGGGGAAGTGAATGTTTAGTTCAATATATTTAGCAAGTCGTTTGTGGTTATGGTTTGTCCCATCAATGGGAATACATTATCTATTGGGAATTGATGTAGCGTTTCGTTTTGTGCACTCATCATATCTGTAACAAAAT
CP129556.1_gap57	2462523	2463560	1037	GACAGAAAAGATAATCGCTGATTACATTTTAAAGAATCCACATAAAATCATTGATATGACTGTGAATGATTTAGCAGATGTTACGAATGTTAGTACAGCATCAATTGTTAGATTTAGTCGGAAAATGACACATCAAGGTTTTCAAGAGCTAAAGATTGCGATATCTCGATACTTACCCGAAGATATTGCAACCAATCCACATTTAGAATTGATTGAAAATGAATCTGTAGAAACTTTGAAAAATAAAATGATTGCTAGAGCAACGAATACGATGCGATTTGTAGCTACTAATATTATGGATGCGCAAATTGATGCAATTTGTGATGTGTTGAAAAATGCCAGGACAATATTTTTATTTGGATTTGGCGCATCGAGTTTGACTATTGGTGATCTTTTTCAAAAGTTATCTCGTATTGGCTTAAATGTCAGGTTATTACATGAAACGCATTTACTTGTGTCAACATTTGCGACGCATGATGATAGAGATTGCATGATTTTTGTGACGAATCAAGGTAGTCATAGTGAATTGCAGTCAATTGCACAGGTGGCCACACATTACAGTATTCCCATCATAACTATATCTAGTACAGCTAATAATCCAGTGGCTCAAATTGCAGACTATGCATTGATTTATGGCAGAACTGATGAAAATGAAATGCGTATGGCGGCTACAACGTCACTATTTGCACAGTTATTCACGGTAGATATATTGTACTATCGATTTGTAGCATTAAATTATCATGCGATTCTAGATTGTATAACCCAATCGAAAATGGCACTTGATAATTACAGGAAGCATCTTGCGACGATAGATTTTAAACATTAGATATTGTGTGCGTTCTAATATAAAGTTAGTTGCAACGTAAACAATTGAAGTTTTTGATGTGATTTAGTTGCTTGATGAAAAATTGTTGATACAAGTTTGTAAAACTGGCATAGAAGTTATTTTGAAAATGATAAAAGTGTGACAAATTAAAGCAAAGTTCAGGTTTGAGCTTTGCTTTTTTCATAGTATAGAAATTAAATGTTGAAGAATA
CP129556.1_gap58	2487511	2491853	4342	CGAAACAACTTTAAGGCGGCACAACCGTTTTTAAAAGAGGAAATTGGATTATCTACATTAGAACTTGGTTATATCGGATTAGCATTTAGTATCACGTACGGTTTAGGGAAAACATTACTTGGATATTTTGTCGATGGACGTAACACAAAACGTATTATCTCATTCTTACTTATCTTATCTGCGATTACAGTTTTAATTATGGGATTTGTTTTAAGTTACTTTGGTTCAGTAATGGGATTATTAATTGTACTTTGGGGACTTAACGGGGTGTTCCAATCAGTTGGTGGACCTGCAAGTTATTCAACGATTTCAAGATGGGCGCCAAGAACGAAACGTGGCCGATACTTAGGGTTTTGGAATACATCACATAATATCGGTGGTGCCATTGCAGGTGGTGTTGCACTTTGGGGTGCTAATGTATTCTTCCATGGAAATGTTATAGGGATGTTCATTTTCCCATCGGTGATTGCATTACTTATTGGTATCGCAACATTATTTATCGGAAAAGATGATCCAGAAGAATTAGGATGGAATCGTGCTGAAGAAATTTGGGAAGAGCCGGTTGATAAAGAAAATATTGATTCTCAAGGTATGACAAAATGGGAGATCTTTAAAAAATATATCCTGGGAAATCCTGTTATATGGATTCTATGTGTTTCAAACGTCTTTGTATACATTGTACGAATCGGTATTGATAACTGGGCACCGTTATATGTGTCAGAGCATTTACACTTTAGTAAAGGCGATGCAGTTAATACGATATTCTACTTTGAAATTGGTGCTTTAGTTGCAAGTTTATTATGGGGCTACGTATCAGACTTATTAAAAGGTCGTCGTGCAATTGTAGCTATTGGCTGTATGTTTATGATTACATTTGTTGTCTTATTCTACACAAATGCTACAAGTGTAATGATGGTTAACATTTCATTGTTTGCATTAGGTGCGTTAATCTTTGGTCCGCAATTATTAATTGGTGTATCATTGACTGGTTTTGTTCCTAAAAATGCCATCAGTGTAGCAAACGGAATGACAGGTTCATTCGCGTATCTATTCGGTGACTCAATGGCAAAAGTTGGTTTGGCGGCTATTGCTGATCCAACACGTAACGGTTTAAACATCTTTGGATATACATTAAGTGGATGGACAGATGTTTTCATCGTCTTCTATGTTGCATTATTCCTAGGCATGATTCTATTAGGAATCGTTGCTTTCTATGAAGAAAAGAAAATTAGAAGTTTAAAAATCTAATATCAATCGGATTAAAAGTATCGCCAATTTATTGCAGTATAGTTGGCAATCCTGCCCCGACGGCATGTGCGTGAAGAGATGAAAGATACTGCTTCTACCCTTGCAAATATATCATCTCTATGTCTCGGGGCAGATCATAATTCCCTGTTATGAAGTATCCTTATTTGCCCGACTTAGGGTGACTCAATGAATTTACTCCCTACAATAAAGACATATAGCGGTGTCAATATTGTAGGGAGTATTGTTTTATATTTAGACTCTCTAAAAAGCGGATTGAAAGAAAAGTGAAAACTTCTCTATCAGTCCGCTTTTTCATAGAACAAAATGGATGCGCCATAATCATTAGTTATTTGCTAATCTATTTTGCTTGCTTACAATAATCACTTGGCGACATTTGTAAATATTTTTTAAAATGATAGCTAAACATTTTATACTCTGAAAAGCCTACTTTGTCTGCAATTTCATAGTGCTTATAATGTCGATCTAACAATTGTAGAGATTGTAAAATACGATAGCGATTTAAATAATCGACAATTGTAATACCAACATGATCTTTAAATGTTCGCATCGCATACGATTCACTAACATCGATATGTTGAATTAAATCTGAAACAGTCACTTTCGTTTGATAAGATTGCTTAATTTGATCAACAATCTGATTTACATAATAATCATCGTATTCTACTTTTAATAATGGTTGGAAGGCATCATGACAAGGTGCTAAGCTACGGCCGTTCTGTGATTGTTGCTCTAATAAGGTACGGACAAGTCTTCCTAAAATAACTTCTAATTGTGCATGGTCTACTGGTTTTAATAAATAATCAAGAACGTGATGTTGAATGCCGGCTTTCATATATTCAAAGTCATCGTAACTCGATAATATGATGACATTACAATCTAGATGCGCAATATCATTGAGTAAATCGACGCCATTTTTACGTGGCATACGAATATCAGTAATTACTAATTCTGGCTGATGTTGTTGAATTAGTGATAATGCTTCAACACCATCTTTAGCAGTGTATATTGTATTGAAATGATAGTCTCCCCAAGGAATGATTTGCTTTAAACCTTCTCGAATAATTCGCTCATCATCACAAATAACTACCTTAAACATCTACATTCCCCCTTGAAAGTGGTATTTTATAACAAATTAACGTACCTTGATTACGCTTTGAAAAAATATGGAGTCGTGCATGTGAACCATATTGAATCATTGCTTTATTGTGTAAATGATTTAATCCCAAATGCTTAGTATCAAATACATCATTATTAAGAGATTGGCGTACATATTGCAGGCGAGATGACGACATCCCAATACCATTGTCGCAAACTAAAACATGTAAATTCTGACGTGCCAATGTCAGGCGTATAGTAATGTCCAATGACTCAGTATCTCTACCATGTTTAATAGCATTTTCTATGAGTGGCTGAAGCATCATTTTACCAATTGTCTGGTGACGCGCTTCTTCAGAACTTTCGATATGGAGCTTAATCATGTCATCAAAACGGATGTTTTGTATCGCAACATACTGTTCAATGTAGTTCAACTCTTCGTTTAATTCCACTGTATGTGAGTTTGTACGTAATGAGTAACGTAACATTTGCGATAATTGTTGGACCACAGTTTGTGCTAATTTCGGAGATAACGTAATTAAATATTGTATTGTTTGCATCGTATTGAATAGGAAATGAGGTTGGAATTGGCGTTCTATTTCCTTTAACTGAATATCACGCAAGCGACGTTCTGTATGCTCGATAGAATGGATCAGTTGCTCATTTGATTCAAATAAATCGTAAATATAATTATTAATTTCTTCTAGTTCACTGTTGTTTTTTAAAGGCGTATATGTACCTAGATGACGATTTTTGGCATAGTAAATTTTTTGAATAATCGTTTCGATATCTTTTGTTTGTCGTTTAGCCATATTATCTGCACTAATGAAACCAAATATTACTAGTAAAACAAGAACTACGGCCATAACAATTAACAACGTGATACCATCTTCAATGTTTTCATGTATATCTTTATAAATAATGAGACGATGGTCAGCATGGTTTAATTTTACAGATTCATTCATAAATCCGAATTGTTGCGGTCTATACTTTTCACCTATAGTAAAACGGTCATCGTTGGCGTATAAAATATTGTCATATTGATCAACGATAAGTGCGAATTGTCGGCTATCTTTCTTAATTTCACTTAAACGTGGGGTGTTAGCTATATAAATTTTAAGCATATATGTACTATTTTTGAATTTAAGCTGATGCGTTGAAAATAAATACATATTTTTAGTGTTTAAATGTTCATAATTATTGGTTATAAACTGATTTGGTCCAGATAATTCATAATAAAGTGTTGCGGGCTGTTGGTGTATTAATTTTAATAATTCACGTTTTGTAGCGGTAACATCATGATGATTTGTTAAATCGAGCTCTTGAAACGAATTATTATGCTGTGTAATAAACGTCTGAATTTGCTTTTCAGTATGATGTAAAGATGACTGACTTTCATCAACATGTTGATGAATCGTACGATGCTCAATCCAAATATAGATGGCATAGAAGCTTACTAGTCCAATAATAATCACTAAAAATACTGGAAAAATAGTAGACGCAAATAACGATCGTCTCAATTGATGTCTATAAGGTTTGTATGCCGTCATTGAATCATCTCCAAAAATTTATGATGCGGAATGTCCGGTAATTTAGATTTCGGTATTAAAGGTATGTTCTTAAGATTTTCGATAGACTGATCGCTTTGTTCACTAACATCTTTTCGAATTGACTTGGCATCGAACTCTGCAACTAATCGTTGTTGTACTGAGCGGCTTGTTAAATATTGCACTAACTTTTTACGCTTAGGATGAGGGTGTGCATTTTTAACTAAAGCAATACCATCAACATTTAACATTGTTCCTTCAATTGGATAAACGATTGATACAGGATAACCTTTGTTTTTCCATGTGCGTGCATCTTGTTCGTAGCTTAGACCTGCATAATATTTACCTTTTGCAACATCTTCAATGACTTTAGACGTCTTTGACAGTTGCATCGCGTGGTCTTGGAATTGATGCACATCACTTACTCGATG
CP129556.1_gap59	2493580	2496604	3024	AACACGATGTCTACAGAAATGTCAGAAGATGTAATTCGTTTACGTGAAGAATTATCAGAACAATATCGTGCATTAAAAGAATTAAAAGAACTTGGACAAAAATATGGTTTCGATTTAAGCCGTCCAGCAGAAAACTTCAAAGAAGCAGTTCAATGGTTATACTTAGCATACCTTGCTGCAATTAAAGAACAAAACGGTGCAGCAATGAGTTTAGGTCGTACATCAACATTCTTAGATATCTATGCTGAACGTGACCTTAAAGCAGGTGTTATTACTGAAAGCGAAGTTCAAGAAATTATTGACCACTTCATCATGAAATTACGTATTGTTAAATTTGCTCGTACACCTGATTACAATGAATTATTCTCTGGAGACCCAACTTGGGTAACTGAATCTATCGGTGGTGTAGGTATTGACGGACGTCCACTTGTTACGAAAAACTCATTCCGTTTCTTACACTCATTAGATAACTTAGGTCCAGCACCAGAACCAAACTTAACAGTATTATGGTCAGTACGTTTACCAGACAACTTCAAAACATACTGTGCAAAAATGAGTATTAAAACAAGTTCTATCCAATATGAAAATGATGACATTATGCGTGAAAGCTATGGCGATGACTATGGTATCGCATGTTGTGTATCAGCGATGACAATTGGTAAACAAATGCAATTCTTCGGTGCACGTGCGAACTTAGCTAAAACATTACTTTACGCTATCAATGGTGGTAAAGATGAAAAATCTGGTGCACAAGTTGGTCCAAACTTCGAAGGTATTAACAGCGAAGTATTAGAATATGACGAAGTATTCAAGAAATTTGATCAAATGATGGATTGGCTAGCAGGTGTTTACATTAACTCATTAAATGTTATTCACTACATGCACGATAAATACAGCTATGAACGTATTGAAATGGCATTACATGATACAGAAATTGTACGTACAATGGCAACAGGTATCGCTGGTTTATCAGTAGCAGCTGACTCATTATCTGCAATTAAATATGCACAAGTTAAACCAATTCGTAACGAAGAAGGTCTTGTAGTAGACTTTGAAATCGAAGGCGACTTCCCTAAATACGGTAACAATGACGACCGTGTAGATGATATCGCAGTTGATTTAGTAGAACGCTTTATGACTAAATTACGTAGTCATAAAACATATCGTGATTCAGAACATACAATGAGTGTATTAACAATTACTTCAAACGTTGTATACGGTAAGAAAACTGGTAACACACCAGACGGACGTAAAGCTGGCGAACCATTTGCACCAGGTGCAAACCCAATGCATGGCCGTGACCAAAAAGGTGCATTATCTTCATTAAGTTCTGTAGCTAAGATTCCTTACGATTGCTGTAAAGATGGTATTTCAAATACATTCAGTATCGTACCAAAATCATTAGGTAAAGAACCAGAAGATCAAAACCGTAACTTAACTAGTATGTTAGATGGTTACGCAATGCAATGTGGTCACCACTTAAATATTAACGTATTTAACCGTGAAACATTAATAGATGCAATGGAACATCCAGAAGAATATCCACAGTTAACAATCCGTGTATCTGGTTACGCTGTTAACTTCATTAAATTAACACGTGAACAACAATTAGATGTAATTTCTCGTACATTCCATGAAAGTATGTAACAAAATTTAAGGTGGGAGCACTATGCTTAAGGGACACTTACATTCTGTCGAAAGTTTAGGTACTGTCGATGGACCGGGATTAAGATATATATTATTCACACAAGGATGCTTACTTAGATGCTTGTATTGCCACAATCCAGATACTTGGAAAATTAGTGAGCCATCAAGAGAAGTCACAGTTGATGAAATGGTGAATGAAATATTACCATACAAACCATACTTTGATGCATCGGGTGGCGGTGTAACAGTCAGTGGTGGCGAACCATTGTTACAAATGCCATTCTTAGAAAAATTATTTGCAGAATTAAAAGAAAATGGTGTGCACACTTGCTTAGACACATCGGCTGGATGTGCTAATGATACAAAAGCATTTCAAAGGCATTTTGAAGAATTACAAAAACATACAGACTTGATATTATTAGATATAAAACATATTGATAATGACAAACATATTAGATTGACAGGAAAGCCTAATACACACATCCTTAACTTCGCGCGCAAACTGTCAGATATGAAACAACCTGTATGGATTCGCCATGTCCTTGTGCCTGGTTATTCTGATGATAAAGACGATTTAATTAAACTAGGGGAATTTATTAATTCTCTTGATAACGTCGAAAAGTTTGAAATTCTGCCATATCATCAGTTAGGTGTTCATAAGTGGAAAACATTGGGCATTGCATATGAATTAGAAGATGTCGAAGCGCCCGATGATGAAGCTGTTAAAGCAGCCTACCGTTATGTTAACTTCAAAGGGAAAATTCCCGTTGAATTATAAATACAATTCAGACCGAAAAGAAAGCATATGCAACTTCAAGAGTGAAGGGGCATATGCTTCTTTTTCAATTGAGTATTGATTATTAACAAGACGTAGTAAATATATGAGACAAGTCCAACAATGGTTGAAGGAAGACGCATTTGTAAGTAGCTATGCTGATAAAGAATGTGATGCCTTGTTAAAGATGGGGTTCCAATATCATCGAATGGGTTATTATTTGCTACTTGCATACGAATATGAGTCTTTTCAAATTTTTATTGACCCTGAGTAATGAAAAATATTAAGATGAAACTTAATATTAAAGCAATGCGGAGCGTGATTATGAAGAGAATTAGTAAAGATATATGGGCAGTATTTAAATTACTGTATCAAAATAAAGGGCGTTTTAGCATTAATGCCTTACTATTGCAGTTAATCATGATTTTTATTAGTAGTACATACTTAATTTTACTATTTAATATGATGTTAAAAGTAGCTGGGCAAAGCCAACTTACGATTAACAATTGGATGGAAATCGTAAGTCACCCTGCCAGTGTGATACTTCTTATTATATTCATATTAAGTGTTGCCTTTCTGATTTATGTAGAGTTTTCATTGTT
CP129556.1_gap60	2504998	2507662	2664	TTACTGCATCACATATAATTCTTTGCTATTTATACGAAAGCAGAATCTCCAGTCAAAGCGCGTCCAATTACTAAGGCATTAATTTCATGTGTGCCTTCGTATGTGTAAATCGCTTCTGCATCAGAGAAGAAACGTGCAATATCATAATCGTCAGCTAGTATGCCATTACCACCTGTAATACCACGGCCCATAGCTACTGTTTCACGCAAACGTAAGGCATTCATCATCTTCGCGGTTGAAGTTGCAACCTCATCATATTCACCATGTGCTTGCATATTAGCTAATTGAGCACATGTTGCCATTGCTTGAGCTAAATTACCTTGCATCATTGCTAGCTTTTCTTGTATTAACTGATATTTACTAATTGGTTTGCCGAATTGCTTACGCTCAGTGACATAATCTAATGTGGCACGTAAAGCGCCAGCCATACCACCTGTAGCCATATAAGCAACGCCTGCTCTTGTTGAATAAAGAATTTTGGCAATATCTTTAAAGCTTGTTATGTTTTGTAAGCGATCCGCTTCATCTACTTTGACATTAGTTAATTTAATTAGGGCGTTAGGAACAATGCGAAGTGCGATTTTATTATCAATGACTTCAATATCGACGCCATCTTGTTCTGGTCTGACTACAAAGCAATGGGGTTTGCCAGTTTCTTTATTTACTGCGAATACTGGAATGACATCAGATACATGTGCACCACCAATCCATTTCTTTTCACCATTGATAACCCAAGTATCGCCCTGGCGTTCAGCGACTGTTTCAAGACCTCCCGCAACGTCCGAACCGTGTTCTGGTTCAGTTAAAGCAAAGCATGTACGCAGTTCATGTGACTGTAATTTAGGTACATATTTCGCAATTTGTTCTTTGCTACCTCCGAAATAGAAAGTGTTATGCCCTAAACCTTGGTGAACACCGAGTAGGGTAGCTAAGGAAATATCAAATCGCGCGAGTAGGTAAGACATGAAAAACTGAAATAGTTGACTAGGCATTTTGGCGTTTGGACGATCCTTGTATAGTAATGGATTGTTAAAATAATTTAATTCTCCCAGATCTTTAAAATAGTCCTCGGGTACAGTAGCGTCTATCCAATGTTGATTAATATTTTCACGGTACTTACTTTCTAGCAATGAATCTACTTGTTGTAAAAATTCGACTTCACCGTCTGTTAAACCTTTAGCAATACTAAGTACATCTTCAGGAAATAATGTTTTTAAGACTGTTTCTTTTTCAAATGTCATATAAATTCCTCCTAAAAATAATATGAATACTAATGTGAAATGCATTTAATTCAAAACAACACGCTTTATTTGTAAACGCTTACACTAAATGCTAAAAATTTTTTATCACCTTTAAAGTGTTTGTGAGACTTTGTCATTCATCATTTGTCGAATCGCAAGTTTATCTGGTTTCTGCGTACTGTTTAACGGCATATGTGTCACTGGTACATACATTCTTGGAACTTTATAACCTGCTAAACGACTTCGCATATGTTGATCTAAAATTTCAGCGTAATGAGGTTCATCTTCACGAAGTATAATGGCTGCAGCAATTGACTCACCATATTTTGGATGATCATAGCCAACGACCACACACCGGTCTACTAGTGGATGCTCCGCTAAAGCATTTTCGACTTCGGATGGTAAGACATTTTCGCCACCAGTTATGATTAATTCTTTTTTGCGGTCAATAATAAATATATCGCCATCGTCGTCCATCTTCGCTAAATCTCCTGTCAATAAGTAACGACCATGAAACGCTTTAGCAGTCTCTGCTGGTTTATTCCAATATCCTGGCGTGACATTTTTAGCCTTAATTGCAAGTTCGCCAATCTCACCAGTAGGTACTTCTTCACCGTTATCATCAAGGATACGTGCATCAACAAACATGACTGCTTTACCAATACTCATTGGTTTACGTTTTGAATTTTCCGGTGTATTAACAAGTACAAGCGGTGCTTCAGTTAAGCCATAGCCATTAATAATGTTTATGCCATATTGCTTAAAAGCTGCTTGGATACTTGGTAATGGTTGTGAACCACCTTGGATGATATAATCCATAGCTTTAAAATTTTCAGGATTAAAATTACTAGCACGTAGCGTACTATAATACATTGTCGGAATCATGATAATAAATGTAGGGTGATATTGTGCAATCATGTCATTCAATTCTTCGCCGTTAAAGTAACGTTGAAGAATAAGTGTTCCACCTGACATTAATACTGGTAATACAGTATCGTTAAACCCTAAAACATGGAACATTGGTGTTGATACAATCGTAATATAGTTTGAATTGAACTTGTACGTTAGCTCTAAGTTTGCGCCGTTATGAACAAATGATTCATATGAGAACATCACACCTTTAGGTGATCCGGTTGTACCACTTGTATAAATTAATGCTGCAAGATCTTGTGGTTCAACAGGTGTTGCTTGAAAAGGTTGGTGATAATCTGGATTTACGATTTCATCATATTGCGCTACATCAATATCCATATGCAATAAGTTTTGGTCAATATCGGTGAGTGAACTTAAATGTTTTTCAGCATAGAAGAGCAGTTTTAATTGTGCATCTTCCACAATGGCTGCAATTTCTTTTGGGTTAAGCCGCCAATTCAATGGTAAAAAAACCGCACCTGTTTTAAAACAAGCAAATAATAAATCTAAT
CP129556.1_gap61	2525166	2529613	4447	AGGAATTTGTGGCACAGATATTCATACTTATGAAGGTCATTATAAAGTTAATTTTCCAGTGACATTAGGTCATGAATTTTCTGGTGAAATCGTTGAAGTTGGAGCAGACGTTAAAGATTTTAAAGTTGGTGACCGTGTCACTTCTGAAACGACATTCTATGTTTGTAATGAGTGTGAATACTGTGAATCAAAAGACTATAATTTATGCAACCATCGAAAAGGTATTGGAACACAAGTTGATGGCGCATTTACTAATTATGTCATTGCACGTGAAGAAAGTTTGCATCATATTCCAGACGAAGTGTCGTATCAGTCTGCAGCTATGACAGAACCATTAGCATGTGCACATCATGGCGTTTCTAAGATTCAAGTCAATTCAGGCGATGTAGCAGTTGTAATGGGACCTGGGCCAATCGGATTACTTGTAGCACAAGTGTTGAAAAGTAAAGGCGCAACTGTTGTGGTAACTGGATTGGACAATGACAAAGTCAGATTAGATAAAGCAGAAGCATTGCACATGGATTATGTAGTCAATTTACAACAAACAGACTTAAAAACGTATATCAATGGAATTACAGACGGATACGGTGCAGATGTTGTTGTTGAATGTTCAGGTGCAGTTCCAGCAGCACGACAAGGTTTGGATATTTTACGCAAAAAAGGTTTCTACAGTCAAATAGGTATTTTTAAGGATGCTGAAATTACATTTGATATGGAAAAAGTGATTCAAAAAGAAATAACAGTTGTTGGTAGTAGAAGTCAAAAGCCGGCAGATTGGGAACCTTCATTGCAACTTATGGCGGATGGTTTAGTAAATGCTGAAGCTTTGGTGACAAAAATATATGATATTTCGAAATGGGACGAGGCGTATCAACATTTAAAATCTGGCGAAGGTATTAAAGCATTACTTAAGCCGCTCGATTTAGATGAAAATGAAGGAGAGAATTAATATGGTAGAATCAATGCTAACTTTTATGCTTGGGCCATTGAGACAAATCACTGATTTTTATATGGAACATCTACTTGTAAGTAATTCTATCGTCATTGCAGGTTATTTTGCGACAGGTATTTTTAAAAAGAAAAAAGTTGTGAATTAAATCAAAGTTGAGGTGATTTACAAGTGAAAGCTTTGAAATTATATGGCGTGGAAGATTTACGGTATGAGGATAATGAAAAGCCAGTCATTGAAAGTGCGAATGACGTTATTGTTAAAGTACGAGCGACTGGAATATGTGGTTCAGACACGTCACGATACAAAAAAATGGGGCCATACATTCAAGGTATGCCATTTGGTCATGAATTTTCAGGTGTTGTAGATGCCATTGGAAGTGATGTTACGCATGTTAATGTAGGCGACAAAGTGACAGGTTGCCCAGCCATACCTTGTTATCAATGCGAGTATTGTTTAAAAGGTGAATATGCACGATGTGAAAAGTTGTTCGTCATTGGCTCATATGAACCTGGATCGTTCGCGGAATATGTCAAATTGCCAGCGCAAAATGTTTTAAAGGTACCAGACAATGTTGATTACATTGAAGCAGCAATGGTTGAGCCATCAGCCGTTGTTGCGCATGGGTTTTATAAATCGAATATACAACCTGGTATGACTGTTGCAGTAATGGGGTGTGGCAGTATAGGATTGTTAGCTATTCAATGGGCACGAATATTTGGTGCTGCGCATATCATCGCTATAGATATAGATGCGCATAAACTAGATATTGCTACATCATTGGGCGCACATCAAACCATCAATTCAAAAGAAGAAAATCTTGAGAAATTCATCGAAAATCATTACGCCAATCAAATCGATATAGCTATAGAATCATCAGGTGCTAAAGTTACGATTGGTCAAATATTGACGCTACCTAAAAAAGGTGGCGAGGTGGTATTACTCGGAATACCATATGATGATATTGAGATTGATCGCGTTCATTTTGAAAAAATTCTGCGTAACGAGTTGACAGTATGTGGCTCTTGGAACTGTTTGTCCAGTAATTTTCCGGGGAAAGAGTGGACGGCAACCTTACATTATATGAAGACGAAAGATATTAATGTAAAGCCTATTATTTCTCATTTTTTACCGTTAGAAAAAGGCCCGGAGACATTTGATAAATTAGTTAACAAGAAAGAACGATTTGATAAAGTCATGTTTACGATTTATTAGTATGCACCTTTGAGGACGAAAACGCTGGTATAGTTATAGCTATGAAAGTGCGAATGCCGTCTGGTCTACAGATACTATCGAAATAATTCATCTTCGAATATACGTTGCTAAATAGCCGGTTTACTTGTGTGAAATATGCTTGTGAATCGGTTGTTTTGCATTTTGTATACTTAAAATGAGATGGCAATATTTGATAATTTTTAAAGTGAAAATCAAGTACAGCCACTTAATAAGATAAATTTATTATAATATATGGTAAAATGATGGCAGTAATAATGAATTTGAAAAAGAGTAAACATTAATACCTTTAACAATTTAATATCGTCAGTGTTAATGATTAACTGCATGGCAAAACAACTTAGAATGGTCAGTTACAAAAATACATTTTTATAAAAAATTATCACACTATTGTGACAACTGCCTTTGGCTTAATAAAAGAGGAAAGTGAGCAATAGGTTGGGCTTATGTGCGGGCATAGGTCAGTAATGTATAAATGGAAATGATGTAATGACAGAATGGAGGACAACATGATTTATGCAGGTATTTTAGCAGGAGGTATTGGTTCGAGAATGGGAAACGTGCCATTACCAAAACAATTTTTAGATATTGATAATAAACCGATTTTAATTCATACAATTGAGAAGTTCATTTTAGTGAGTGAATTTAATGAGATTATTATCGCAACGCCAGCACAGTGGATTTCGCATACGCAAGATATTTTAAAAAAATATAACATTACAGATCAACGTGTCAAAGTAGTTGCAGGTGGTACGGATCGAAACGAAACAATTATGAACATTATCGACCATATTCGCAATACGCAGGGTATCAACGATGATGATGTGATTGTAACTCATGATGCCGTAAGACCATTTTTAACTCAACGTATTATTAAAGAGAACATTGAAGTAGCAGCAAAATATGGTGCAGTAGATACAGTCATTGAAGCAATTGATACGATTGTAATGTCTAAAGATAAACAGAACATACACAGTATCCCTGTAAGGAATGAAATGTATCAAGGCCAAACACCACAATCATTTAATATTAAATTATTACAAGATAGTTATCGCGCCTTAAGTAGTGCACAAAAAGAAATCTTATCAGATGCATGTAAAATCATTGTCGAATCTGGACATGCAGTTAAATTGGTACGCGGAGAACTATACAACATTAAAGTGACAACACCGTATGATTTAAAAGTAGCAAATGCCATTATTCAAGGTGATATTGCCGATGATTAATCAAGTATATCAACTCGTTGCACCGAGACAGTTCGACGTCACATATAATAATGTTGATATTTATGGTAATCATGTCATCGTAAGACCTTTATACTTGTCTATTTGTGCAGCTGATCAAAGGTATTACACAGGTCGAAGAGATGAAAATGTACTGCGCAAAAAATTACCAATGTCATTAGTTCATGAAGCTGTTGGTGAAGTTGTATTCGATAGTAAAGGCGTATTTGAAAAAGGTACGAAAGTAGTAATGGTGCCGAATACACCTACAGAAAAACACGACGTGATTGCGGAGAATTACTTAGCCTCTAGTTATTTTAGATCTAGTGGTTATGATGGTTTTATGCAAGACTACGTTGTGATGGCACATGATCGTATCGTTCCGCTGCCTAATGACATTGATTTGAGTACGATTTCATACACAGAGTTAGTGTCAGTAAGTTATCATGCTATACAACGATTTGAACGTAAATCTATACCTTTGAAAACCAGCTTTGGTATTTGGGGTGATGGTAACTTAGGTTATATTACTGCTATTTTGCTGCGTAAGTTGTACCCAGAAGCTAAAATTTATGTATTTGGTAAGACAGACTATAAATTAAGTCATTTTTCATTTGTAGATGACATCTTTACAGTAAATCAAATACCAGATGATCTTAAAATTGATCATGCATTTGAATGTGTTGGAGGTAAAGGAAGTCAAGTTGCACTTCAACAAATAGTTGAACATATTTCACCAGAAGGCAGTATTGCTTTGTTAGGCGTAAGTGAATTACCCGTGGAAGTGAATACACGATTAGTACTTGAAAAAGGATTAACGTTGATTGGTAGTAGTCGAAGCGGCTCTAAAGATTTTGAGCAAGTTGTTGATTTATATCGTAAGTACCCAGACATTGTTGAAAAGTTAGCCTTATTAAAAGGACATGAAATTAATGTATGTACGATGCAAGATATCGTCCAAGCGTTTGAAATGGATTTATCGACATCTTGGGGAAAAACAGTATTGAAATGGACGATTTAATAAACCGATGGGGGAATAACA
CP129556.1_gap62	2686918	2691224	4306	AAAGAAGAAGTATCATTGAAAGAACTTGATTTTAAAATCAGAAAAATGTTAGTCGAAAAATATAGATTGTATAAAGGCGCGTCAGATAAAGGTAGAATTGTTATCAATATGAAAGACGAAAAGAAACATGAAATTGATTTAAGTGAAAAATTAAGTTTTGATCGTATGTTTGATGTGCTGGATAGTAAGCAGATTAAAAATATTGAAGTGAATTTGAATTAATTAAAGATGATAGTATAAAAAATTAAAAAGCGGCTTAACGATAAAATGTGCATTGACACCCGTACCTTTGAATAAGAACTGTGTTAAATACATTATTGTTGTTAAGTTGTTTTTTGCGTTTCAAAGAGTAGAAATAACACAATTAGTTGTAGAAAACGATGATCCGGAAAAACAACGACATGTAAAGCGTGAAAGTTAATTAACCTGGACATTAAAATATATTTGTTTTTAATTAATAATAATTCACGCATATTTAAATCGAGGTTAATTATCGCGTTAAACGATGGACGTTATAATAAGCGTATATGATTCAAATTACGTAATAATAACAATCCAATACATTAAGATTGGAGTAAATAAATATGAAATTGACAGCATTAGCAAAAGTAACATTAGCATTAGGGATTTTAACAACAGGAACTTTAACAACAGAGGCCCATTCAGGTCATGCTAAACAAAATCAAAAGTCAGTAAACAAACATGACAAAGAAGCATTACACCGATACTACACTGGAAACTTTAAGGAAATGAAAAACATTAATGCTTTGAGACATGGTAAAAATAACTTACGTTTTAAATATAGAGGGATGAAGACTCAAGTATTATTGCCTGGAGATGAGTACCGTAAATATCAACAGCGAAGACATACGGGCTTAGATGTGTTTTTTGTTCAAGAAAGAAGAGACAAGCACGACATATCATATACTGTTGGTGGTGTAACAAAGACCAATAAAACATCCGGCTTTGTCAGCACACCAAGATTAAATGTTACAAAAGAAAAGGGTGAAGATGCTTTTGTGAAAGGTTACCCTTATGATATTAAAAAAGAAGAAATATCATTGAAAGAGTTAGATTTTAAGTTGAGAAAGCATCTAATTGAAAAATACGGTCTTTATAAAACACTCTCAAAAGATGGTAGGATTAAAATTAGTCTGAAAGATGGTAGCTTTTATAACCTTGATTTAAGAACTAAATTAAAATTCAAACATATGGGGGAAGTCATAGATAGTAAACAAATTAAGGATATTGAAGTGAATTTAAAGTAAATCATTATGAATAATAAAAAGTAATTGAAGCGGCTTAACGATGAAAAGTAAATTGGTGCGTATACCTTACCAAAAGGATGCATCAATCGATATCGTCGTTAAGCCGTTTTTGTTTGCGTGTTATGAATCCTATCCCAATCTCCATGAATATAAAATTTCCACCATCAACATCAAAATTCTCAACATCGCGACACCACCAAATGTTATAATAAATCTATTACACAAAGAGACAAATTACTTATGCAAAGGCGGAGGAATCACATGTCTATTACTGAAAAACAACGTCAGCAACAAGCTGAATTACATAAAAAATTATGGTCGATTGCGAATGATTTAAGAGGGAATATGGATGCGAGTGAATTCCGTAATTACATTTTAGGCTTGATTTTCTATCGCTTCTTATCTGAAAAAGCGGAACAAGAATATGCAGATGCCTTGGCAGGTGAAGATATTACATATCAAGAAGCATGGGCAGATGAAGAATACCGTGAAGACTTAAAAGCAGAATTAATTGATCAAGTTGGTTACTTCATTGAGCCACAAGATTTATTCAGTGCGATGATTCGTGAAATTGAAACGCAAGATTTCGATATCGAACATCTGGCGACGGCAATTCGTAAAGTTGAAACTTCAACACTAGGTGAAGAAAGTGAAAATGACTTTATCGGACTGTTCAGCGATATGGACTTAAGTTCAACGCGTTTAGGTAACAATGTCAAAGAACGTACTGCGTTAATTTCCAAAGTTATGGTTAACCTTGATGACTTACCATTCGTTCACAGTGATATGGAAATTGATATGTTAGGTGATGCATACGAATTTCTTATCGGGCGCTTTGCGGCGACAGCGGGTAAAAAAGCAGGCGAGTTCTATACACCACAACAAGTATCTAAGATACTGGCGAAGATTGTCACAGACGGTAAAGATAAATTACGTCATGTATATGACCCAACATGTGGTTCAGGTTCATTACTGTTACGCGTTGGTAAAGAGGCAAAAGTGTATCGTTATTTTGGACAAGAACGTAACAATACCACATACAACTTAGCGCGCATGAACATGTTGTTACATGATGTGCGATATGAAAATTTCGATATCCGTAATGATGATACGTTGGAAAATCCAGCCTTTTTAGGACATACATTTGATGCGGTTATTGCGAACCCACCATATAGCGCGAAATGGACAGCAGACTCAAAATTTGAAAATGACGAACGCTTCAGCGGATACGGCAAGCTTGCGCCAAAGTCTAAAGCAGACTTTGCCTTTATTCAACACATGGTACATTACCTAGATGATGAAGGTACCATGGCCGTTGTACTCCCACATGGTGTCTTATTCCGTGGTGCCGCAGAAGGTATCATTCGTCGTTATTTAATTGAAGAAAAGAACTACTTAGAAGCCGTGATTGGTTTGCCAGCGAACATTTTCTATGGGACAAGTATTCCAACATGTATCTTAGTATTTAAAAAATGTCGCCAACAAGACGACAACGTATTATTTATCGATGCATCCAATGATTTTGAAAAAGGAAAAAACCAAAACCATTTAAGCGATGCCCAAGTCGAACGAATTATAGACACATATAAGCGTAAGGAAACAATTGATAAGTATAGCTACAGCGCGACATTACAAGAGATCGCCGATAACGATTACAACTTAAACATACCGAGATATGTCGATACATTCGAAGAAGAAGCGCCAATTGATTTAGATCAAGTCCAACAAGATTTGAAAAATATCGACAAAGAAATCGCAGAAATTGAACAAGAAATCAATGCATACCTGAAAGAACTTGGGGTGTTGAAAGATGAGTAATACACAAACGAAAAATGTGCCAGAGTTGAGATTCCCAGGGTTTGAAGGCGAATGGGAAGAGAAGAAGGTTGGCGAGTTATTAGAATTTAAAAATGGTTTAAATAAAGGAAAAGAATATTTTGGCTCAGGATCGTCGATTGTTAACTTCAAAGATGTATTTAATAACAGGAGCTTAAATACAAATAATCTGACTGGAAAAGTTAATGTGAATAGCAAAGAACTAAAAAATTATTCTGTTGAAAAGGGTGATGTTTTTTTTACAAGGACTAGTGAGGTAATTGGTGAAATAGGTTATCCGTCTGTAATTTTAAATGACCCTGAAAATACTGTGTTTAGTGGATTTGTATTAAGAGGGCGGCCTAAATCAGGAATTGATTTAATAAATAATAATTTTAAAAGATATGTCTTTTTTACTAATTCATTTAGAAAAGAAATGATTACAAAAAGTTCTATGACAACTAGAGCTTTAACATCAGGTAGCGCAATTAATAAAATGAAGGTCATATACCCTGTTTCGGCTAAAGAACAGAGAAAAATAGGTGACTTCTTCAGCAAACTCGACCGACAAATTGAATTAGAAGAACAAAAGCTTGAATTACTTCAACAACAAAAAAAAGGCTATATGCAGAAAATCTTCTCACAGGAACTGCGATTCAAAGATGAGAATAGTGAAGATTATCCACATTGGGAAAATAGCAAAATAGAAAAATATTTAAAAGAGAGAAACGAACGTTCTGACAAAGGTCAAATGCTTTCAGTAACTATAAATAGTGGCATTATAAAATTTAGTGAATTGGATAGAAAAGATAATTCAAGTAAAGATAAAAGTAATTATAAAGTAGTTAGGAAAAATGATATTGCATATAATTCTATGAGAATGTGGCAAGGGGCTAGTGGTAGATCAAATTATAATGGGATTGTTAGCCCTGCATATACTGTGCTTTATCCAACACAAAATACTAGCTCATTATTTATTGGATATAAGTTTAAAACACATAGAATGATTCATAAATTTAAAATTAATTCACAAGGATTAACATCAGATACATGGAACTTAAAATATAAACAATTAAAAAATATAAATATAGATATACCTGTATTGGAGGAACAAGAAAAGATAGGTGATTTCTTTAAAAAAATGGATATATTGATTAGTAAACAGAAAATAAAAATTGAAATATTAGAAAAAGAGAAACAATCCTTTTTACAAAAGATGTTCT
CP129556.1_gap63	2791335	2791835	500	ATCCTCTATGGCTCATTACGATTTAATTTTTATATTTAGCAAAATAATGCAGAAGTAGTTCAGCGGTAGAATACAACCTTGCCAAGGTTGGGGTCGCGGGTTCGAATCCCGTCTTCTGCTCCATTATTTTGCCGGGGTGGCGGAACTGGCAGACGCACAGGACTTAAAATCCTGCGGTGAGAGATCACCGTACCGGTTCGATTCCGGTCCTCGGCACCATTTTAGCGCCCGTAGCTCAATTGGATAGAGCGTTTGACTACGGATCAAGAGGTTATGGGTTCGACTCCTATCGGGCGCGCCATTTTTAAATTAATTGAATAACGGGAAGTAGCTCAGCTTGGTAGAGCACTTGGTTTGGGACCAAGGGGTCGCAGGTTCGAATCCTGTCTTCCCGATTACTTCTCAAATTCCATTTTATGGGGGCTTAGCTCAGCTGGGAGAGCGCCTGCTTTGCACGCAGGAGGTCAGCGGTTCGATCCCGCTAGTCTCCACCATTTATT
