gap_id	start	end	length	sequence
CP129485.1_gap1	20245	23154	2909	CTCGACCTCGCGGGGATCGTCGTCAACCGCAACACCATCCCCGGCGACAAAAACTCGCTCGATCCCTCCGGCATCCGTCTCGGCACGCCGTGGATCACCCAGCGCGGCTTCGACGAGAAGAAGACGCGCCAGCTGGCGGACATCATGGCGGACGTGTTGCTGGCTTGCGCGCCGCACTCGGTGGACACCCCGCACAAGGGACGCGTCCGCCGCGCGAAACTGGACTTCAACGTGTTGAACGACGCCAGGCTGAAGGTCCGCAAATTGGCGGAGGCGGCGGGGGTTGATTTCAAGTACAAGAAGAGCGGGTATCCGCATTTCTACTATATTGACGATAAAGTAGGCGGGGCTGGCAATTCGACCTACGCGGGCTTCGAACTGAGCGGGACGCGCGTTCGGCAGGCGCTGGATTACGCCGCGTCGAGCGATCTCTCCGCGCTGACAGCGGGTCAGAGCCAGGCGACGTCGTTCGCTACGCCCAAAGGCGTCGTCAAAGGGACGCTGGCGAAGGTGGACGATTTCACCTATCAGTTGCAGGTCCCTGCGGCGAAGGCTGGATTGGTCGGCGCGTGGCTGCGCGATCTGTCAGATGGGTACGTGTCGTTTGACCTGGACGGCGGGAAGGATTTCTCCGCGAAGCGCATCCCAGGTCCATTCATCGTGGCGGGGAGCAGGAAGCGGCTCAAAGACGCGGACGGGAAACCCGTCAGCGAGGAAAAAGCCTGGTTCATCGGCGACACGGCCAAAGGTCAGAAAGACGCGCTGCCGCCGTTTGTCTGGAACGAAGTCGAAGGCGAGTTAAAGAAAACGCGGCTGAATCAAGTCCATCGAGACCTGGGCGGCAGGATGGTCCCGTTTGCGGGTTGGGAAATGCCCGTGCAGTATTCGGGCATCTTCGAGGAGCATCTCGCCACGCGCAACGCGGCGGGACTGTTCGACGTGAGTCACATGGGCGTGTACGATGTGCGCGGCGCGGACGCGGCGTCGTTCCTGGACGCGGTGTGCGGCAACGACTGCGGCGGGCTGAAGCCCGGCGCCAGCCTGTACACGCACTTCCTGACGCCCGATGCGGACGTGATTGACGATACGCTGATCTACCGCCGCGGCTGGGACGATTTCCTGGTGGTGGTGAACGCGTCGAACGACGACAAGGATCGGACGTGGCTCGAGGCGGTACGCGACGGCAAGGTGCGGATTGACAACGTCAAGCCCTGGGCGCGGACGTACGGTTACAACGCCGAGATCCGCAACCTGCGCGACCCGAAGTCGGGCGAGGCCATGCGGGTGGACATCGCCCTGCAAGGACCGAAGAGCCGCGACATCCTGCTGGCGATGGGGATGGATGGCGCGTCGAAGGCGCGCTTGATGAAGTTGAAGCGCACCGAGTTGTGCGACGCGGTCATCGGCGGGTTCGACTTGATCGTCTCGCGGACGGGGTACACGGGCGAGAAGATGGCCTTCGAGTTGTTCGTCCATCCCGACCGCGCGGTGGATTTCTGGAACGCGATCCTGAAAGCGGGCGAGCCGTTCGGCGTGAAGCCGATCGGGTTGGGGGCGCGCGACTCGCTCCGCACCGAGGCGGGACTTCCGCTTTACGGCCACGAGATGGGGCTGGGCTCGGGCAAGTTGGGCGGGCGCGACCTCGGCGTGGCGGAGGGCGGATTCGGTTCGTACGTCAAAGTGTACAAGCCGTGGTTCATCGGGCGCGAGGCGTTCGTGGCGCGGGAGAAGGAACGCACGAGCGCGGTAATCCGCTTTACGTTCGACGAGCAGCGCGTCCGCATGGCGCACAACGGCGATCCTGTGGTGAACGCGAACGGCGAACGCATCGGCTTCGTCACATCCTGCGCGATTGATAAAGACCGCTTCCTGACGGGACAGGCGTTCATCGAGACGGCGTACGCGAAGGAAGGCACGCCGATTGGCATCCATCAGGGCGGGGTGATGGACCGTCCCGCTTCGATGGCGAAGGTGGTGAGTAGGTTCGCGAAGTTGTAGGTGGTGATTGGTAATTGGTAATTGGGACGGCCTGCCTGCCCTCGTGAGAGGGAGGGGAGGCTGTCCTTCTTCTAAAAGTACAAATGTAAAATGGAATAGCCATGGTAATCAGCAATCTTTCGAACAAGAGATAAAGAATTATTTGGTTCAAAAAAATATAAAATTTTCTGACGGTTCTTCTTCGTACAATCAGTTAGATTTCACTATTCGGGATAAAAATGGAAATCCCGTTTTTCATTTTGACGCCAAAGAGAAACGCCCAAAATATGCCCTTGCCAATTGGCCAAAGTTTGCGGCAGAACCCGACTTGTTTGTTTTGGATGATTTAACAGTTCGAAAATGTCTAGCTTATGTCCCAAAAAGTGGTATCTTGATCCGTGATAATCTTCGCGATGTGTATTTTTTCTTTTCGACTATTGATTTGGCGCTAATGCCCAAAAACGAGTAAACTGCCCAATCAACAGGAATCAACCTGATCTTAAAGGTAAATGGCTTATCAATCTCCGAAATGGAAAAGAATCCAAATCCCTTCATGCTACTATTTCTTACATCAGTTCATTTTTACGAGATTTAGACGTATCGGTGTTTAAGATGTTAGAATGCTACGGAAATTATGTTGACGAAAATATTGATGTTGGCGGTGTAGTGCGTAAACCATCGCATTGGGACACAGATGTTCAAAGCACAAGATAGGGAACCTAATACATGAGTATTGCAGAATTGTTTACGGACAAGGAAACCGTGGCGAAAATACAAGCGAAACTGCCAAAGTTATTTCATTTGGCAGAATTGGAAAGTTCTCGTGCAGGCAAAGTTGGTATGGAAGTTGGTTCGGTCAGGGAAAAAATTCTCGTTGCATTGTTGCTTTACAAATTTGGCGAGCAAAATGTGCAAACTGATCTGCCAATCCA
CP129485.1_gap2	25124	29939	4815	TCCGACAAAGAAGCGCAGGCCGATGGCGACATGCGCATCATTGACGAAAGCGGAGAAGACTATCTTTTCCCCGCTGATTACTTTATTCCCATTGAATTGCCGCCGACGATTGTAAGAGCATTGAATAAATCCTTTGCTCCAATGCCAGCGCACGCCTAACCCAAAACGACGCGTCCCTGATCGGCGCGTCGTTTTCCATCCGCTTATCCGCTATGACATTCGCTGGTCACCCTCTCCGCATCTTCCTCAGCCATATCATCCCCTTGCGGGACGCCCGCGCGGACCGTGACCGCGTCCACGCGCTCTATGACCGTCTCACCAAAGATGGCGTGGATATCATGCCCGCAGGGTACGCGTGGCTGGACAAGGTATAATTTGCCCATCAACGAAAGCAGGCAAACATGACCACCTTTACCATTACCCTCTCCGATGAACGTGTAAAAGAACTCCAGAAAATTGCCGAGCGTTTCCGCGTTGCGCCCGAGGAATTGGTGCGCGTCAGTTTAGAGGACCTGTTAACTCGTCCTCTGGATGAATTCCAAAAAGTGATTGAACGCGTTCTGGTAAAAAACGCAGACCTCTACAAGCGGCTGGCGTAAATGCGCTACTTAACGGTGGGAGAAGTGATGGAAATTTACAGCCGCGTGATGACACAGTCAGGCGGTTCGGTGGGAATTCTCGATCTCGGCGCGCTGGAATCGGCAGTTGCCCAACCGCGTATGACCTTTAATGGAAAAGAACTCTACCCAACGATTTTTGAAAAAGCCTCCGCTCTTGGATTTTCCCTGATTCAAAACCATCCCTTCGTAGATGGCAACAAGCGGACAGGTCATGCGGCGATGGAAACGTTCTTGATGTTGAATGGATACGAGATTTCCGCCAGCGTGGACGAGCAAGTGGATATCATCCTCGGCGTTGCATCTGGCAAGATAGACCGAAACGCGTTCACAGATTGGTTGCGAAATCACATCGTTGAGTTGTTGTAATGGCTGAAGCCAAACGCCCCCTCAAAGTATTTTTATGCCATGCCCGCACGGACCGCGACCGCGTCCGCGCGCTCTACACCCGTCTCATCAACGATGGTGTGGACGTGTGGCTGGACAAAGAGAAACTCCTCCCAGGCCAGGATTGGGAATTGGAGATCCGCAAAGCCGTCCGTGAAGCGGATGTGGTGGTGGTCTGCCTTTCAAAGCAATTCAATCAAGCGGGGTTTCGCCAAAAAGAAGTGCGCCTTGCCCTCGATACCGCCATGGAGAAGCCCGAAGGTGAGATTTTTATCATCCCTGCTCGATTGGAAGAATGCGATACGCTCGAAAGCCTGAGAAAATGGCATTGGGTGGATTTGTTTGAAGATGATGGGTATGAAAGACTTATGCGCGCTCTGCGAACACGGGCTGATAAGATTGGGGCGACTTTGCAGATAAAAAAAGGTTGGTTGCCTAAAATTACGTCGCCGCGACCGAATGTTGAAAAGCCCGTTGAAAAAAGGGAATCAAATAAATCTAAAGCTAAGTCTGATGAAGAATCAGTCGAGCAGAAAGCACAAAACGAATCTGCTGAAAAAGCAGCGCAAGAAAAGATGCGACGAAAACTTGAACGCGAAGTTAAGAAGGTCGTTGCAAGTTCAAGACGTAATTACCGATGGGGAAAACTCAAGATAGAAATTCGTTATCGTTTGCAGTTGCTTTGGGCTTACCGTGCACCCATTCTAATTTTATTGGTTACGTTTGCGATTATAGTTCCACTACTGATTCGCTTATCTAACCTAATTCCCCAGATAACTTCAACATTTGATAATACTACTCCGACCGCTACAATCAACTTGCCTCTTGCTCCTCAACAGAACTTAACTTCCACTGAAACTTTTATTCCTACCGAAATTTTTACTCCAAGTTCAACACCAACAGAAATTATCACCTCCACAGCTACACCCTTACCCACCGAAATCACGGACACCAAAGGCGTGTCAATGATGCTTGTGCCAGCAGGTAATTTTATGATGGGCGAAGATGTTTATTGGCGAAACCTGGCAGGGCCTGCTCATCAAGTGTATTTGGATGCCTACTACATGGACAAATATGAAGTAACAAATGCCCATTACAAAGCATGTGTAGACACAGGCACATGCGAACCTCCAGTAGCAATAAGATCCGAAACTCGCTTAAATTATTACGGCAATCCTGAATTTGATGACTATCCAGTTATTTATGTAGATTGGAATCAGGCAAAAACCTATTGCGAATGGCGAGGTGGCAGTTTGCCCACCGAGGCGCAATGGGAAAAAGCAGCAAGTGGCACAGATGGACGCGCTTTTCCTTGGGGCACATACTCCTGGGGCGAAGAAAATATTTGTGATTTTGCTAATATTCAAACAGGACTAAACTATTGTGTAGGAGACACAATAGCTGTAGGTAGGTACGAGAGTGGAAAAAGCCCATATGGGATTTTTGATCTGTTTGGAAATGTTTATGAGTGGGTGGCAGATTGGTATTCAGACACATATTACCAAAATTCACCTTCTTCCAATCCTACGGGGCCCGATTCAGGTGATTATCGGGTGATGCGTGGCGGTTCGTGGCATTATTGGGATGGTATCGTTTCGCGCGCTACTAACTTACCCTACAACACGAGTAATAGCATTGGCTTTCGTTGTGTACGCAACACGAATCCATAATATCGCTATAAACTACTTAAACCAGGTTATCGGTATATAGATAGGTACAAGGGGATAGATATCGTCTTTTCTTTCTTCTTTCTTCTTTCAGTTATAATCCCCTTGCTCGGTCTTGGTATGCCCTCAAAAATTATTCGGTTATCGCCCAGCACCAAACTGATAACTGTTCACTGGACACTGATAACTATGTCTTCTTCCTTCCAATCTCTCATCCTCACTCTCCAATCCTTCTGGTCTGACCGCGGCTGGCTCATCACCCAGCCCTACTACACCCAGGTCGGCGCGGGGACGATGAACCCCAACACCTTCCTGCGCGTGCTCGGACCCGAACCGTGGAACGTCGCCTACGTCGAGCCGTCCGTCCGCCCCGACGACGGGCGCTACGGCGAGAATCCCAACCGCTTTCAACTGCACACGCAGTTTCAAGTCATCCTCAAGCCCGACCCGGGCAACCCGCAGGAAATCTACCTCGACTCGCTCAAAGCCCTCGGCATCGACCCGCGCCAGCACGACATCCGCTTCGTGGAGGACAACTGGGAGCAGCCCGCCATCTCCGCCTGGGGGCTGGGCTGGGAGGTCTGGCTCGACGGGCAGGAGATCACGCAGTTCACCTACTTCCAGCAGATGGGCGGCGTGACGCTCGATCCCGTCTCGGTCGAACTCACCTACGGCCTCGAACGCATCCTCATCGCGCTCAACAACGCCAAAGCCATCTGGGACGAACCCTACGGCGCAAACGTGACCTACGGCGAGATCCGCCGCCGCGAGGAGTTCGAACACTCCAAATATTATTTCGAGACCGCCGATGTGGAACGCGTCCGCGCCATGTACGATCTCTTCTCCGCCGAAGCCGACGCCTGCCTCGCGGCTGGACTCATCCTCCCCGCGCACGACTACGTCCTCAAATGCTCGCACTCCTTCAACATCCTCGACACGCGCGGCGCCATCTCCGTCGCCGAACGCCAGGCCTTCTTCCGCCGCATGCGCGAACTCGCCCGCCGCGTCGCCGAAGGATACGAGGAGCAACGCAAGCAGGCGGAGTATCCGTTGCTCAAAGCGAATAGAGAACAGAAAACCGAGATCAGTAAGCCCGACTACTCTCCGCTCTCCTCTCCCTGCTCTCTGCTCTTCGAGATCGGCGTCGAAGAACTCCCCGCCTCGGATGTGGACTCCGCCCACGCGTATCTTGTAACTCGTATCCCGTCCCTCCTCGATGACCTTCACCTCGCCCACGGCGACGTCCGCGTCTTCGCGACCCCGCGGCGGTTGACTGTTTCGATAGACTCCCTCGCCCCGACCCAGCCCGACCGCGAAGAGACGGTCAAAGGTCCGCCCGCGGAAAAAGCCTTCGACAAAGACGGCAAACCGACTCAGGCTGGCATGGGCTTTGCGAAGAAAAATAACGTGGACGTGAAAGACCTCCAAATCCGCGAGGAGAACGGAGGCAGGTACGTCTTCGCCGTCGTCCGTCAAAAAGGACGCCCGACTCCCGAGGTCCTCGCCGAGGCGTTGCCGAAGCTGATCGCGGAGATCAAGTTCGAGAAGTCCATGAAGTGGAACGATTCGGGCGTCGCGTTCTCGCGTCCCATTCGTTGGCTGGTCGCCTTGTTCGGCGAGACGGTCGTCCCGTTCGAATACGCGGGCGTCGTTTCGGGCAATGTCACGCGCGGTTTGCGTCCGCACGACTCGCCCGAAATCAAAATTCCCTCTGCCGATAAATATTTCGACGCGATTCGCGAGGCGGGCATCGTCCTCGACAAGGAAGAGCGCAAAGCCTCCATCGTGGAGCAGGTCAAGCAGGCCGCGGCGCTCGTCGGCGGCGAGGCCCTGATCGAAGACGACCTGCTCAGCGAAGTCGCCAACCTCGTCGAAACCCCCACCGCCGCCATGGGCGGATTCAACGAAGAATTTTTACAATTACCAAAGGATGTCATCATTTCGGTGATGAAGAAGCACCAGCGTTACTTCCCAATCTCCAATCTCCAATCTCCCAATCTCCTCCCTCGCTTCATCGCCATCCGCAACGGCGACGATATCGGCATTGACATTGTCCGCCAGGGGAACGAACACGTCCTCGGCGCGCGCTTTGCGGACGCGAATTTCTTCGTGCGCGAAGACCTTAAACTGAAACTCGAGGAATA
CP129485.1_gap3	52042	54077	2035	CGATTGCCGTCGGTCAATACGACATCAAGAAAGTCCTCGCCTACTCCACCATCAGCCAACTCGGTTTCATGGTCGCGGCGGTGGGCATGGGCGCGTACGTGGCGGGAGTCTTCCACCTCGCGACGCACGCCTTCTTCAAAGCCCTGCTCTTCCTTTCCGCTGGCTCCATCATTTTGGGATTAGAACGCGGCCATCATCATCTGGCTCATCACGGTCACGATGACCATCACGAGGAGGTCTTCGACCCCGGCGACATGCGCAACATGGGCGGACTCCGCAAGACCATGCCCGTGACGTTCTGGCTCTACATCATCGGGACTCTCGCCCTGGCGGGCATCGTCCCCTTCGCGGGCTTCTGGTCGAAGGACGAAATCCTCCTCGACGCCAGCCTGCACTACCCGACCGTCTACATTTTGCTCTCCATCGCGGCTTTCTTCACCGCCTTCTACATGGGACGCCAGATCTGGATGGTCTTCTTCGGCGAGCCGCGTCACGAGGCCGCCGCGCACGCGCAGGAAAGTCCCCTCATCATCACCGCCCCGCTGATGGTTCTGGCGGCGCTCTCGCTGCTCGGCGGCGCGCTCAACCTGCCGTTTGACGGGTTCCACAACCTGACGCACTGGCTCAGTCACACCCTCGGCGAGGTGGAGGGACTCTCGCTCGATTGGACGGTGGCCGGCGTTTCCACTGTCCTGGCGCTGATCGCCATCGTCCTCTCCTGGTTTATCTACGGACGCAAATCGCTCGCGAAGGGACAGCCCGACCCGCTCAAGAAACCGCTCGGTTTCATCTTTACCGGCATGGAAAACAAATGGTTCGTGGACGAGATCTACCGGGCCGCGTTTGTGGACCGCTATAAGGACGTCTCCCGCTTCCTCGCGGACGTGGTTGACTGGAAATTCTGGCACGACTGGTTCCACGATACAGTCATTGTGGGGACCTACAACTGGATTTCCAACATCGCCCTCGACCGGTACGCCGATCAAAAAGGCATAGACCGCTTCGCGAATTTCCTCGGCGAGGCAACGCAATGGCTCTCGGCAACCACGCGTAAGGTCCAGAACGGATTCGTGCGTTCGTACGCGCTGTCCATCATGCTGGGCGTCGTCGTTATTCTTGGCTATCTGTTATTGAAATGAGACGCAGATGGATATCCATCTCATTCGCGAGGCTGTGAATCAAGGAGATTGGTCTTTCACCGAACATGCTGTGCGCCAGATGAGAGACCGCCGAATAAAAGTCGATGAAGTTCAACAGGCGATTCTAAGCGGCGAAATCATCGAGAAGTATCCTGACGATAAATACAGCCCCAGTTGCCTCGTCTACGGCCAGACAGTGGCGCAAAAGCGCCTGCATGTTGTTTGCTCACTGCCTCCCTTTGTTCGAATTGTTACTGTTTACGAACCAAACCAGGAAGAATGGATTGATTATCGGCGGAGGAAGAAATGAATAAGTGCTACTTTTGCGGCGGCGAACAAGTGGAGCAATTGACCACGTTCGTCCACGAGGAGAACGGGCAACTACGCGTAATTCGGCACGTTCCCGCTAAAGTGTGTTCGCGTTGCGGCGAGAAAGAGTTTTCGCCGAGCGTGACCCAGCAAATCCTGGAAATGCTCGAGCAAGCCCAGCCTTCGGAAATTTTGCACGTGCTTGCATACGATATGGCTTAAACCTGAATGAGGATAGAACATGAACTTTTTCACTGAACCCCTGACCCTGATGACCTTCTTCCCGCTGGTGGGCGCGCTCATCCTGCTCTTCGTCCCGTCCGCGCAGAAAAACCTTATGCGCTGGATCGCGCTCATCGCCAGCCTCGTCACGTTTGGGATCTCCATCTGGGCGTTCTTCTTCAGCGGACAGTACGTCGTCTCGAACCCCGACCTGCAACTGGTCGCCCGCTACGACTGGATCACCGTCGCCGGTTGGAACATCCAATACTACCTCGCCGCGGACGGACTCTCCATCCTGCTCGTCCTGCTGACCACCCTCCTCAGCCCGATCTCGATCCTCTCCACGTGGACGGCGGTGGAGGAGC
CP129485.1_gap4	118700	122104	3404	GGCGCTCAACGCGTTGGGGTCGTCGATCTTGTTGAGTTTCATGATCTCGTCCACGGAACTGTTGAACTTGGCCGCGATGCCTGCCAGCGTGTCGCCGGGCAACACCATGTATTCGAAGATCGTGCCGCGTGGAATGGTGGGAGGAATCGGCGTAGCCGTCGGCAGGCGCATGTCCGGGTTGGGGATCCAGATCACCTGGTTGGGGAAGATGATGCCTTTGTTGTCCGCAATGGCTGCGTTGAGTTGCAGGATGAGCGGGATGCCGTCCTCGGCCAGGCTGAATTTCTGGGCGATGGTTACGAGGTTGTCGCCATCCTGGATGGTGTATTGGAAAGGCGCCGACGGCGTGGGCGTATTCGTGACGGTGGGGGTGGGCGTCTCGGTCGGCGTGGAAGTCGCGGTGGCCGTGGCGGTGGGCGTGTTCGTGACGGTGGGAGTGGGCGTATCGGTGGCCAGCCAGTTGTTGATGGGTTTGCCCGGTCCGATGAGCGAACTCCCAATGAGGATCAATCCGAGCGCCACGACGACAACCGCGCCGATGACAAGCAGGTTGGGACTCGGCAAACGACGCCGTCGCCGGGGCGTAAGAGGCTTGAACGTAGATGGTCTTCCAGGTCTATTCATAGATCGTCATCCTTTTGGCCTCGGGCAGGGATCTCGCTCCCCGAAGCCGCCCCAATTCTACCTGAACTTGCTCGATTTATGAGGCCGGGATTCCCGTAACAGCCCGGCCTCTCATATTCATTTCATGTGTTCTTTCAGAAATTTCGCCGTGTACGAGTTTCTGGCCTTCATAATCTGCTCGGGCGTCCCCTCGGCAATCAACTCGCCGCCGCGGCCGCCACCCTCGGGACCGAGGTCAATGATCCAGTCGGCCACTTTGATAATGTCGAGGTTGTGCTCGATGATGAGGACGGAGTTCCCCGCGTCGACGAGGCGTTGCAACACCTCGATCAGTTTGTGAACGTCCGCGGCGTGGAGCCCGACGGAGGGTTCGTCCAGCACGTAGAGCGTACGTCCCGTGGCGCGGCGGGAGAGTTCCTTCGCCAGTTTCACGCGCTGCGCCTCGCCGCCCGAAAGCGTGGTCGCGGGCTGCCCGACGCGCGCGTAGCCGAGACCGACTTCCTGCAGCAGTTTGAGTTTGTTCACCATGTGGGGGAAGGCGGCGAACGTTTCCAGCGCGCGGTCAACCGTCATGCCCAGCACGTCCGCGATGGAATGTTCCTTGAAGCGGACTTGCAGCGTCTCGCGGTTGAAACGGCTGCCGTGGCACACGTCGCACGGCACGTACACGTCCGGCAGGAATTGCATTTCGATTCGCAGTTCGCCCTGTCCCTGGCAGGCCTCGCAGCGCCCGCCGTGGACGTTGAACGAGAAGCGGCCCGGCTTGTAGCCGCGCATCTTCGACTCGGGCAGTTCTGCGAACAACTTGCGCATCTCGTCCCACAGTCCCGTATAAGTGGCGGGATTGGAGCGCGGCGTGCGTCCGATCGGCGACTGGTCAATGTTGATGATCTTGTCGAGGCGCTCGATGCCCTCGATGCGCGTATGCTCGCCGGGCTGCGTGCGCGCGCCCATTAATTTCCCGGCCAGCGCCTCGTAGAGGACGTCGGTCATCAGCGTGGATTTGCCCGAGCCGCTGACGCCCGTGATGCAGACCAACTTGCCGAGCGGGATCGTGACGTCAATGTTCTTCAGGTTGTTCGCCCGCGCGCCGACGATCTTCAACTTCCTGCCGTTTCCCGTCCGCCTCTCGCGCGGGACGGCGACCTGTTTGCGCCCGGACAGGTACGCGCCCGTCAGCGATTTGGGATGCGCGAGGATCTGCTTCGGCGTCCCCTCGGCGACGACGCGTCCGCCGTGTTCGCCCGCGGCGGGACCGAGATCCACGACCCAGTCCGAGGTCAGGATGGTGTCGCTGTCGTGTTCGACGACGAGGACCGTGTTGCCGAGGTCGCGCAGTCCCTTGAGCGTGTCGAGCAGGCGCGTGTTGTCGCGCGGGTGGAGTCCTATGGAGGGTTCGTCCAGCACGTAGAGGACGCCGACGAGCCGCGAGCCCACCTGCGTCGCGAGGCGGATGCGCTGGGCCTCGCCGCCTGAGAGCGTCGCGGCGGAACGGTTCAGCGTCAGGTAGTCGAGTCCCACGTTGACGAGGAAGGTCAGACGCTCGACGATTTCCTTTAAGATTCGCTCCGAGATGGCCTTCTGTCGGGACGTCAATTTTTTGCCGAGTTTGGACGCCCACTTCTGGGTCTGGATCACGGGCCAGCCCGTCACGTCAATGATGTTGGCTTCGTCCACGGTGACGGCGATGGCTTCGGGACGCAGGCGTTTGCCGCCGCAGGTGGGACAGGGCTTGTTCGACATGAACTCGCTGACCTTGGCGCGGATGTATTCCGAGTTGGTGTCTTTGTAGCGGCGTTCGAGGTTGGTGATGACGCCCTCGAAAGCGCGCGAGAATTTGAACTCGTTGCCGCTGCTGTTGTGATAGGTCATCTGCACCTGCCGGCTGCCGGTGCCGTAAAGGATGATGTTGAGTTGTTCCTCGGTCAGGTCTTTGACGGGCTTGTTGAGGTCAATGCGATAGGCGCGCGCCGCGGCTTCGAGAGTCTGCCAGTAGTAGCCGCCTTCCTCTTTCGGCCCGCTCCACTCCATGCTGGCGATGGCGCCGTCCATGAGCGAACGGTCGCGGTCGGGGATGATGCGGTCGGGGTCAATTTTGAATTTTGTGCCGAGTCCCTGGCAGTCGGGACAGGCGCCGTGCGGCGTGTTGAACGAGAATGTGCGCGGCTCGATCTCGGGGATGGAGATGCCGTGTTCGGGACAGGCGAGATGCTCGGAGAAATGGAGATCGGAGGGCGATCCCTTGTCACCCTTTCCGCCCTCTGCTTTCTGTTCTCTATTCTCTACGATATTCACCGTGACGTAGCCGTCGCCAAACTTCAGCGCCGTCTCCACTGAATCCGTCAGCCGCGTGCGGCTGGCTTTCTTCTCTTCCTTATCTTCGGGATGCGCGATGACGAGACGATCCACCACCGCTTCGATGGTATGGATCTTGTAGCGGTCGAGTTCGATCTCCTCGTCGAGGGAATGGACCGTCCCGTCCACGCGGGCGCGGACGAATCCCGCCTTGCGGATCTCCTCGAACACGGCCTGGTACGTCCCTTTGCGGGCGCGCACGACCGGGGCGAGAAGCAGGATGCGCGTCCCCTCGGGGAGCGACTCGATGGCGTCCACGATCTCCTGCGCGGACTGCTTGACCACCTCGCGTCCGCAGATCGGACAGTGCGGAATCCCGACGCGCGCGAACAGCAGACGCAGGTAGTCGTAAATCTCGGTCACCGTGCCGACGGTGGAACGGGGGTTGTGGCTGGTGGATTTCTGGTCAATGCTGACGGCGGGGG
CP129485.1_gap5	123418	128217	4799	GCACGTTGTTCGTGATGTAATCCTGCAATTCATACGGCATCACGTTCTTGTCTTTGTTAGCGGGTTTACCGTCGCGGCCGGTGTTGCCGGGCATCACCGCGCGGCCGATCACGTCGCGGTTGCCGTCCCAGCCCCAGAAAGTGAGCGCCATCGAAAAATTGGCGGGACCGCAATAATTGTTGCGTCCGTGCTGATGCTCGTATTTGACTCCCTCCAGCTGGACGAGGTCGGGCAGCGGCGTGGACGTGATCGTCGGCGTCGCGGACGGACCCGGCAGCGGGGTCGCGGTTTTCGTCGGCGTGCGCGTCGGCTGGAGGGCCTGCATCGTCTGCGCGACGATGGTCGCGAGCATGGCCTGTTCCGTCGGCTGGAAGACCGCCTTCTCGGGCGGGTTGAAATGGTAGATGGTCTTCGAGCGCAGTTCGGCCACCCGCCACGCCAAACGGTCGTGGACGGGCGGGATGTAGTACACGCCCACCGCGACGATCAAAGCCAGTAAACCGCCGAGCAGGATTCGGGTCCGTTTGGAGGCGGCGCGGTATTTTTCCAGAATTTGCATGAGCGTCATTATAAAACAAAACGGACGGCCGCCTTTCGACGACCGTCCGTCTCTCATTACGGCTTAAGCATCCTTCACTTCGCCGTCAATCACGTCGCCGGGACCGGGAGGCGGCGTGGACGCTCCGCCCGCGCCTTCCGGCTGGGGCTGTCCCTGGGCGTAGAGTTGCTGGCTCAGGGCGTGGAAGGCCTGCTGGACGGACTCGCTCGCCTTGCGGATGCGGTCCACGTCCTCGGTCTGCGCGGCGGATTTGAGCTCGTTGATCTTCGATTCGATCTCGCCGCGTTCGGCCGAGGGAACCTTGTCGCCCAGGTCGCGCAGGGCTTTCTCGGTCTGATAGACCAGGCTGTCAGCCTCGTTCTTCGCCTGGATCGTCTCGCGGCGTTTCTTGTCCGCCGACTCGTTCTGGCGGGCCTCGTTGACCATGCGGTCAATATCGGCCTTGTTCAGGTTGGTCGAGGCGGTCACGGTCACCTTCTGCTCCTTGCCGCTGGCCTTGTCCTTCGCGGTGACGTTCAGGATGCCGTTGGCGTCAATGTCGAAGGTCACTTCGATCTGCGGGATGCCGCGCGGCGCGGGCGGGATGCCGTCGAGGCGGAAGCGTCCGAGCGACATGTTGTCCGCGGCCATCGGGCGTTCGCCTTGCAGGATGTGGATGTCCACCGCGGTTTGGCTGTCCGCGGCGGTGGAGTACGTCTCGGTCTTCTTGACGGGGATGGTGGTGTTGCGCTCGATCATCACCGTCATCACGCTGCCGAGGGTCTCCACGCCCAGCGAGAGCGGGGTCACGTCGAGCAGCAGGATGTCCTTGACTTCGCCGCCCAGCACGCCGCCCTGGATGGCCGCGCCGACCGACACGACCTCGTCGGGGTTCACGCCCTTGTTCGGCTCTTTGCCCGTCAACTTGCGGACGAGTTCCTGAACCATCGGCATGCGCGTCGAGCCGCCCACGAGGACGACCTCGTTCAGTTTATCGGCGGTGATGCCGGCGTCCTTCAACGCGGCCTCGAACGGATGGCGGCAGCGCTGGAGCAGGTCTTCGGTCATCTGCTCGAATTTGGCGCGCGTCAACTTCAACTGCATGTGTTTCGGACCGCTGGCGTCGGCGGTGATGTACGGCAGGTTGATCTCGGTCTCCAACACGGACGACAATTCGATCTTGGCCTTCTCCGCGGCCTCGCGCAGGCGCTGCAACGCGGGACGGTCGTTCCGCAGGTCAATGCCCTGCTCCTTCTTGAACTCGTCCGCGGCCCAGTTGACGATGCGCTGGTCCCAGTCGTCGCCGCCGAGGTGCGTATCGCCGTTGGTGGCCTTCACTTCGATCACGCCCTCGCCCACCTCCAGCGCCGACACGTCGAAGGTGCCGCCGCCGAGGTCGAAGACGAGGATCGTCTCGTTCTTTTTCTTGTCCAAACCGTAGGCCAGCGCGGAGGCCGTCGGCTCGTTGATGATGCGCATCACTTCCAGCCCCGCGATGCGGCCCGCGTCTTTGGTGGCCTGTCGCTGGCTGTCGTTGAAATACGCGGGGACGGTGATGACCGCCTGCGTGACGGGCTGCCCCAGGTACGCTTCCGCGTCGGACTTCAACTTGCCCAGCACCATCGCGCTGATCTCCTGCGGACTGTACTCGCGGTTGGTGACGGGGATCTTCACGCGCACGTCGTCCGACGGTCCGCGCACGACCTGGAACGGGACCATGGCGCGCTCGGATTCGATCTCGCCATAGTGACGTCCCATGAAACGTTTAATGGAATAAACGGTATTCTCCGGGTTGACGACGGCCTGCCGCTTCGCGGTCTGACCGACGAGCCGTTCCCCGTTCTTGTTGAATGCCACCACCGACGGGCACAGCCGCCCGCCTTCCGCGGTGGAAATGACGGTCGGCTGCCCACCTTCCATCACAGACACGACGCTGTTGGTCGTGCCGAGGTCAATGCCAATGATCTTGCCCATAAGTCGCTCCTCTCGATTCTTTCAGGATGTGTTCCTGCGATTGATGATTTTCCATACTGTACCCCGCGCGTAAAAGAATCCTGTTAACGAAATATTGGATTTGTCAAAGTGTTCCCGCCAACTGCGGTCACGGCTCGCGGGTCTCGACCGAATTGACCCCCACGTTGACCGGGATGACGTTATAGGAGGAAACGCCGACGCCGATGTTGCCCTCCCTCACAGAGAGCGAGTTGTCGGTCAGTTGCTGCGCCAGCGCGCCGTTGATCCCCAGGATCAGCGTATGTCCCTGGCAGATGAACGTGTAGGTATTGGCCTGCCTGCCCTGTCGAATTTCGTTCGAGCCGCCGCTGTAAATCAGGTCGTAACTTGCGGAGGCGTGGCGCTTATCCCATTTGGCGGACTGGATCTTGAACAGGCCGTTGTTGCCGACGCTGGCTTCATACCAGCCTTCCTTGTCGCTGTAACGGCAAACGATGGAGACGCCGTTCTTGTTGTTGCCGCGATTCTCGACTTCCACGTCAATGCGGACATCTGTATATGACGCGGGCGCGTAAATGGAGTAGATCGACACGTTCTGCTGAGGCAGGTCGAAGACGTAAAACCCGTCATGAACGTTTACGCTGGCCTGGTTCAACCTCCCTTTGGCGGCGAAGGACAGCCAGTTGTCCAGAGTTCCGTCGAAGGTTTCCTTGAAGTATCCCGTCGGCGGGGTGGGCGTGACAGCGACGGTCGGCTCGGGCTGGGTGGCGGTCGGGACGGCAACCGTCGGCTGCGCGGCCGGCGTCCCGCTGGAAGCGCAGGCGAGACTCACCGTCAAAATCAGCGTGCCTGTCAGGAGAAACACCGCGAGAGGGGATCGAGTCATGGTCCGTTCCTGTTTTTCGATAAAGAGTATAGCACGCGGAATAAAAAAACCGGCAGGGATCGCCTGCCGGTCAACGAACGACGCAGTCTTGCTCACGGTTTCGCAATGTCGAAGTAGTCAATATCCACGATGATGGGATAGACGTTGAAGGACGAGACGCTGAGCCCGACCTTGCCGTTGGTGTATCCGAACTTCTTCTCGACGAAGTTGGCGGCTTCTGTGCCGTTGATGTACAGGGACAGGTTCCTGCCTGAGCAGATCGCCCTGTAGACATTCGTCTCTTTGCCGGCTTTGATGGCGGTCGAGCCGCTCGAATAGACGGTGTTGTATCCCTTGTGGACCGCGCCGGTGGCGTCGTAGGCCAAAATATTGAACAAGCCGTTGCTGGCGATGTTGAACTCGTACCAGCCGTCTTCAGAGTAGCGGCAGATCAGGCTGACATTGTTGTTGTTCTTGCCGCGGTTATCGAAAGAGACCTCGACGCGCACGTCATCGTAGGTCTGCCCATCATAGATGAGGTAGGAATACAGGTAGTTGTCCGTCATGTTGAAGGTCAACTTGCCGTTTTCGATGGAGTGCTTGGCTTTGGATTTATCCGACTTGGTGGTGCCTGTCGTAATGAAGTTGGTCCAACTGCCCAGGACGTCCGAATTGAAATCTTCTTTGAAGTAGGAGCCGGTGGACGGGAGCGGCGTTGCTGTTGGCGGCTCGGCCGTGGGAGGCTCGGGCGCAACCGGTTCCGGCGCGGATTGCTGCTGGGTGGGCGCTTCGGTCGCGGGGACGATCGGCTGGGGAGCGGGCGCTTCCGGGGTCTTGCCGCCGAGGTCCACGCTGCAGGCCAATCCCACGATCAATATCAGCGCGGCCAGGAACAGAAAAGGCTTAAGGACATTCCGTTTCATCTCATTCTCCTTCTGAACAAATGTGGAAACAATTTTCCGCAAACCCTTCCCTGCGGATTTCAAAAAGTATAGCACATCCAATGAGATAGAACATCCCCTAAAATGGGGATGTTCCAGGGATGCAGCAAAGTCAGGGAATTCTCAACGTGAAGGCTGCGAATTTGCGAAATTCGCGGCCGAGAATCTTATTTCCGACTCGCTACCGTACATGGCAGGAATCGTCAGGCTCTTTTATTGCGAATGGCGCGAATAACGCGAGCTTCGCGGCCGCAAGAACAAAATCTCACATTAATCGCCCATTTGCGGCATTCGTGATAGAGTTTGTATGGTAGAGAAATTTCCGAAAGAGTCCAAGAAATAAAAAACTGCCTCCCTTGCGGGAGGCGATAGTGGAGATGGCAGGAAGCGAATATCATCCCCAATGGGGACGCGCGTCCGGAAAGTAAACCGCCTCCCGTAAGGGAGGCGATAGTGGAGATGGCGGGAATCGAACCCGCGTCCGAAAGATTCGACCCTCGGA
CP129485.1_gap6	168565	170791	2226	GAGATCCGCAATTATCAATTCCCGCCGCTCAACTTCGACATGCGGTACCCGCACTGGGTGAACTATGTGCGCGGCATCCTCGAAAGCAAATACGACGCGCAGACCATCTACCGCTCGGGCTTCACCGTCACCACCACGCTCGACCCCCAATTGCAGGACGAGGCCCAGCGCATCGTCTCCGAGCAGGTCGCCGCGCTCGCCGCCAACAACGCCCGCAACGGCGCGCTGGTCGCCGTCCGCCCCGCTACCGGGGAGATCCTCGCCATGGTCGGCTCGGCGGATTTCAACAACGTCGAGATCAGCGGACAGATCAACATGGCCGTCAGCGCCACGCGCCAGCCTGGCTCGTCCATCAAACCCATCACCTACGCCGCCGCGTTCGAAAAGGGCTGGACGCCCTCCACGTTGATCTGGGACGTGCCGAGCGAGTTCCCGCCCTCGGGACTCGCGTCCGACTCGCGTCCGCCGTACATCCCCTCGAACTACGACGGCAAATTCCACGGTCCCGTCACCGCCCGCGTGGCGCTGGCGAACTCGTTCAACGTCCCTGCGGTCAAAACCCTGCAATTCGTCGGCGTGTACGACGACCCGGCCACCCCGGAGAAGGATGGGATGATCGCCATGGCCGAACGGCTGGGCATCGCCTCGTTGACCGCGCCCGACTACGGTCTCGCGTTGACGCTCGGCGGCGGCGAAGTCAGCCTGCTCGAGATGACGTCCGCGTTCTCGGTTTTCGCGAACGAGGGACGGAAATCCCCGCCCGTCGCCATCCTGAAGATCACCGACCTCAACGGCAAAGTGGTTGACGAATACAAACCCGTCGTGGGCGAGCAGGTCATCCGCCCCGAACACGCCTTCCTGATCTCGTCCATCCTTTCGGATAACGAGGCGCGCTCGTGGATGTTCGGTTACAACTCGGTATTGAACCTGCCCTTTCCCGCGGCCGCCAAGACCGGCACCAGCGGGACCCCGCGCGGGGACGCGGCGCAGCTGGTCTTCGACAACTGGACGCTCGGCTACACTCCCGACCTCGTGACCGGCGTCTGGGTCGGCAACGCGGACTACAGTCCGATGATCAACACCACCGGCTCCACCGGCGCCGCGCCGATCTGGAGTCAGTTCATGCAATACGCCGCGCCCATCGTCAGCGGAGGCAACCTGCGCGGCTTCATCCCGCCGCCCGGCATCGTGACGGAGACGGTCTGCGCCACTTCGGGGACTCGGCCCTCGCAGTGGTGCCGCGGCGGACAGCGGCAGGAATACTTCGCGGCCGACCAGCCTCCGCTGCCCGCGGGCAAGGACCTGTTCCGCAAGATCAAGATCGACTCATGGTCCGGCCTCGAGGCCTCGGCGGCCTGCGGCGACGAATTCGCCGAGGAGGTTCTGGCGTTCCAGGTGAGCGATCCGTGGGGACGCAGGTGGCTGCAAAGTCCCGATGGGAGGAACTGGCTCTCCGCCCACGATCTCCCGGCTGGCGAACCGGTCTTCGCGCCCGACCGCGAATGCACCGCCGACGACCCGCATCCGATTTTGGAATTTGGCAATCTTAAGGACGGCCAGGTCGTGACCAATTCGCTTGTGGAAGTGCGCGGCGTCGCGGACGCCACCGGCGGATTCCGCGGCTGGGCGCTGGACTACGCCCACAGCGACGACCCCGACAATTGGTTCCTGGTTGCCGAGGGACGCCAGCCTGTGCGCGGCGGGCTGCTGGCTTTGCTCGACCTGAGCATGGCGCAAAACGGCATCATCGGATTGCGCCTGCGGATCGAAGGCCCGAACGGCGCGGCCGCGGAAAAGATCATCCTGCTGAACCTGCAACTGCCGAACCCGCCGACGGAGATCCCGCCCACAGACACGCCCATCCCGCCGACGGATACCCCGCCGCCGACTCCCGTCCCGCCGACTTCGACGCCCGTCGAGCCGCCGACCGAGACCCCGATCCCGCCTCCCACCGCGACCGAGACTCCCACCCTTCCGCCGCCGTAACGCGCGTACTCTGCGCTCTCTGGTTTTGCATAGCGTCAAATCCGCGTACAGATTTTGGAGCAGCCATGCGCATCGAAGACTTGAACTGGATGGACGTTGAAAAATATCTCGAACAGGACGACCGCCTCATCCTCGTCCTCGGCGCGTGCGAACAGCACGCCCATCTCAGCCTGCTGACCGACATCAAGATTCCCCTCGCCCTCGCGGACGCGGCCTCGCGGCAGACGGGAGTCCTCGTCG
CP129485.1_gap7	179262	179795	533	CTTCCACGCGCAGGGGGGCGCGGACGATCATCTGGTTGTCCTGTTCGATTCCCAGCGGGTAGAGACGCGCCAGATAGTTGAGCGGGGGAAAGGCCCAGTCGCGGGCCGGGTAACCGAAGATTTGCGCGTAGGTCTCGGAGGCGGGACGCCCGTCGAGGGTGCGGAGCCAGAAGCCGCGCGAACGCGTCACGCGCAGTTGTGATCCGACCGGGTCCCAGCCGTGCGCGTAGCCGATGCCCAGCCTGGCGGAGCCGCGCAGGATGGCTGCGGCCAATCCGCCCGTCCCGGCCTGTGCGCCGGCGATCTGGTAGTTGCTCCCGGTGTGTGTGTCGCCGCTGGAAAGCCCGCCCGCGACGAGCATGGAATGCGACGGCAGATTGTTGCACAACTGTTCGGCGTCGCCGTTGAAGCCGTCGGCGAAGAAGAGCAGCGACTGGCGGGCCGCGCCGCTTGAAGTCAATTGGACGAGGCGGTTGGCGGTCTCGCGTCCGCTTTGGGTGTACCCCGGCAGCCAGTGGACTTCCGCTCGCAGG
CP129485.1_gap8	182330	186125	3795	TCACGCCCTGCGAGACGCGCGCCAGGGCGTTCATTTCCTGCACGCGCCGCTCGAGGTCCGAAACGGTCTGCGCCCGTTCGATGGAGATGGCGGCTTGTTCGCACAGGTCTTCCACAAAGGCCAGGTCCTGGGGCGTGTAGGGTTGTCCTGAGAGGCGCGGGCCGAGGGCCACCCAGCCCAGCGGGCGTTCCTTGCCGGGCAGGCGGACGAAGAGCCGCGCGCCCAGCAGGGCAAGACGGGTCTCTTCGTCTTTCATCACGGCCGCGGGATTGGAATTGTCGAGGTAGAGGGGCAGGCGTTCCTTTTGGAAATATTGCGCCAGCGGGCTGGACGCGGCAAAGCGCACGTCGCTGGTGGGACGCCCGTCCATGCCGGGCATGGACGAGTATTGGTCGTTGACGCTGTCGTACACGTAAATATGCGCGCGGTCGGGCGCGAGGGTCGTCATCAGGTTTTCGCGCAAGACCAGCGAGACGCCGGCCTGGTCCACGATATGGGCCAGTTTGTGCATGAAATCCTGCTGACTTTGCAGGTAGGCGCGCTGTCCGCGGAAAAGACGCTGTTCCACCAGTCCTTGCAGGCGCTGGTGCAGGGGCGAGATCGAGACGGCGACGAGAAAGGCCAGTCCGCCGATCAGCAGGGGGTTGTTGGTCGGCATCTGTTCGCGGAAGATGAGACTCACCCCGCTGACGATCATGCCGTACGCGCCGATCAGGAGGACGCTCAACAGAACGTAGACGAGGCTTTTGCGAAGCCAGGCGTCAGTCTGCACTAGCCGGAAGCGCAGGATGGTGTAGCCGACGGAGAGCGGGAACAGGATCAGCGGCGCGAAGAACCATGTGTGGAACGACATCCTGAGCGGGTTGCCGAAGAAGGCGTTGATCATCCAGACGATCATGACGCTGAATCCCAGCAGCGCGCCGTACAGGATGGCGCGCGCCTGCGATTTGACCACTGGCGACGGCGAGAACAGGACGCGATGGATCATGAAGCCGAAGTAGATCAGGCCCGCGACTCCGACGAACAGGTAGAGTCCCTGCCAGGCGTCAATGTACGCGCCCGGCCTTTGGAAGTCGTAGAGGGCGGCGTAGGCGTATCCCGCCAGCGCCAGGCCGATGACGTAGCCGATCCAGCGTACGTAGGGACGGCGCACGGCCGGGCGGAATTCCTGCGGGAAACTCATGGCCATGTCCACCATGGAGCCGCCCAATATGGCCAGCGCCAGCGTCCAGAGGGGAGTGAAGCCGTGAGTGGTAAACAGATCGAACAGCGTACCCAGCGTCACGGCTAGCGACGAGGCAAAGAGAGAAAAAGCCCGCCCGGCGGATTCTTCGCGGCGGGCCGCGAAGATCCATAACCCCATGATCAGGAACAGGCCGCTGAGGACGGCGGGGATGACGATGTAGCCGACCCGGTCGGCCGCCGGGAAGACGCCCAGGGTTACTTCGAGGCTTCTTTCCTCTCCCGCGCCGGTGCGGACTGTGACGGGGATGGTTTCGCCCGGGGAAAATCCCACCTGTGTGGGGATCATGCCGGGCGTGCGGCCCGTCAGCGCGTCTTCGACGTCGGTGAACGAGCGGACGGGAACGCCGTTGACGCTGGTCAACTGGTCCCCGAAGTTGATCTGGCTGTATAGTTTCCACGCCTCGGAAGGCTCGCTGGGCCCGGCCGCGTTCTTCAGCATGGTCTGCTCGAACAGCGCGCCGAGGAAGGGCGTCTTTAACCAGCGGTTTGCCAGGAACAACGCGAAGACAAACGCCACTACAGCCGCGCCCTGATAGACTATGACGATCACTTGCAGAACGATATTGAGAATGGCGTTCCAGTTTGACGATTTGAACATGGGTCTGCCTGTGCCTGGGACCGATTTGGGTACGGAAATTGTACCCGTAATCCCCCGCTCAAAGATGGTACTTTCATAACAAAGCAGAAACCAGGTTTTTGTAAAAAACCTGGTTTCTGGCGAGCGGGCTAAATATCCAGATTGCGGACCGCCTTGGCGTGGGTCTGGATGAAGCGGCGGCGGGGGTCCACCGCGTCGCCCATGAGCATGTCGAAGGTGCGGTCGGATTCGGCGGCGTCGTCCACCGTCACCAGCAGGAGAGTCCGATTTTCGGGGTTCATCGTCGTCTCCCACAGTTGGTCGGGATTCATTTCGCCGAGGCCCTTGTAGCGCGAGATGCTGGCTTTGTCGGCGGAGGCCATCTCCTTCAGGAGTTTATCCTTTTCCTTGTCGCTGTAGGCGTATTTGACGTTGTTTTTGTAGGCGATGCGGTAGAGCGGCGGCTGGGCGATGTAGAGATGTCCCTCCTCGATCAGCGAGGGCATGTAGCGGAAGAAGAAGGTCAGCAGCAGGGTGCGGATGTGCGCCCCGTCCACGTCGGCGTCGGTCATCAATACCACGCGGCCGTAGCGCAGGCCTTCCAGGTCGAAGTTGTCGCCGATGCCGGTGCCGAGCGCGGAGATGAGCGCCTTGACCTCGTTGTTGCCGAGGATCTTGTCGAGGCGGGCGCGCTCGGTGTTCATGATCTTGCCGCGCAGGGGCAGGATGGCCTGGAAGTGGCGGTCGCGTCCCTGTTTGGCTGAGCCGCCGGCCGAGTCGCCTTCCACGATGTAGAGCTCGGTCTTTTCGGGATCGCGCTCCGAGCAGTCGGCCAGTTTGCCGGGCAGGGTGAGACTTTCGAGCGCGGACTTGCGGATGACGAGGTCGCGCGCCTTGCGCGCCGCGTCGCGCGCGCGCGACGAGGTGAGGCACTTGGCGATGACGGCTTTCGCGGCCTGCGGATTTTCCTCCATAAACGCGCCGAAAGCCTCGCCCACCACCTGTGTGACGTAGGTCTGCACCTCGGCGTTCATCAGTTTCACTTTGGTCTGCGACTCGAACTGCGGGTCGGGGTGTTTGACCGAGACAATGGCCGTCAGGCCTTCGCGCGTGTCGTCGCCGGTGAAGTTGGGGTCGGCGTCCTTGAGCAGCCCGTTCTTGCGCGCGTAATCGTTGATGACGCGCGTCAGCGACGAGCGCAGGCCGGTCATGTGCGTGCCGCCGTCCACCGTGTTGATCGTGTTGGCAAACGAGTAGACCGATTCGGTGAACGCGTCGGTGTATTGGATGGCGACCTCCAGCCCGATGCCTTCGATCTCCTTTTCCATGTAAACAACTGAATGTAACGTCTCACGGTTGCGGTTCAGATAGCGGACGAAGGAAGTGATGCCGCCCTCGAAGTAGAATGTCATCTCGCGGTTCGAACGTTCGTCCAGGAAGAAGATCGTGACGCCGCGCGTGACGAAGGCCATCTCGCGGAAGCGCTGGACGAGCGTGTTGAAGTTAAAGTCCATCTCCTCTTTGAAGATCTGCGGGTCATACTTGAACGTGGTCTTGGTCCCGCTTTCGGAGGCCTTTGCCTTCCCGACGACTTTGACCGGCGCCTGCGGGATGCCGCGTTCGTAGCGCTGGAAGTGGACCTGTCCCTCGCGGCGGACTTCGACCTCGCACCACTCCGAGAGCGCGTTCACCGCGCTGACGCCCACGCCATGCAAACCGCCCGACACTTTGTATCCGCCGCTGCCGAACTTGCCGCCCGCGTGGAGGGTGGTCATCACCACTTCCAGCGCGGACCTTTTCTGGGTGGGATGAATCCCGACCGGGATGCCGCGTCCGTTATCGGCCACGCTCACGCTCGAGTCTGGGTGGATGCGGATCTCGATGCGCGTGCACTCGCCCGCCAGGGCTTCGTCAATCGAGTTGTCCACCACTTCGTAGACCAGGTGATGCAGGGCCTTCACGTCCGTGCCGCC
CP129485.1_gap9	231340	234354	3014	TGCTTCGCCATTGCGTTTCTCCTTGTTTCCTCAGGGTGTGCTGTTTCAGCAGTTGAGCCCACGATGGGATTTGAACCCATGACCCCGTTCTTACCAAGAACGTGCTCTGCCGACTGAGCTACGTGGGCTTGACGTGCTGTCTATTCCGCTTGCGCGGGTCCGGTTGGGACCGGAAGTGGGCAGTGAAGGATTCGAACCTCCGAAGTCTGCTGACAACTGATTTACAGTCAGTCCCCTTTGGCCACTTGGGTAACTGCCCGGTTTGCTAGTAGTCTTTCGTCTACTAGTCGCTTGGCCCTGTTTCGCAAGGCCAACTGACTAACAGACCAACCGACCCTTCTTGTGGAGCCGACGACGAGAATCGAACTCGTAACCGCCCGCTTACAAGGCGGGTGCTCTGCCGATTGAGCTACGTCGGCCTGCTGTTTAAGCAGGAAAATTATACCAAAGCCCGCAACCGGTCGCAAGGCTCGGCATAAAAACTGCTCCGAAGGTTTGCCCGGAGCAGACAGAGCGGTAGTTTATCAGCATTGAAAGGACGCGTCAAGCCTTCCTTCTAATTCTGTTATGAATGGACGCGTACCGGGAGGCGAGATGCACCCAGGGCGGCGACCATTTCACCCGCGCGCTTCCGCGCCTGACGACCGCCCGCAACTCGTCCGGACCTTCGAACGGCTCGACTTCGAGGAGCGACCGCCCCAGCTCGAACGCCGCGTGCGCGTCCGACCCGACCGTGCGCGGGACTCCGTTTCGACGCGCGAACTCCTCCGCTTCGGCGTTGAAGCGCGGAAACATGCAGCGTGAGTTGAACGCTTCGATGGCGTCCACGAGCGGGAGGATCTCCGTCAAGTCATCCTGTTTCCAGCCTCCCTCGCGGAACCGGTCGAACGGATGCGACACGCTGATGAACGCGTTCTGCTCCCGCAGGCGGCGGATCGTCTCCCGCGGCGAAAGCCCCGCCGGGACCTCCTCCGTCACGTACGCGGCCAGGATCTCCCCGCGCGTCGTCATGATCTCCTCGCCGACGATGATCCGCTCGGGGTCGAGACGTTTCGCTTCCAACGCGCCCGCGATGGAGTTGTGATCGGTCACCACGACGCGGTCAATTCCCTTCCGCCGCGCCGCCGCGACCAGGTCCGCGGGGCGGAGGAGGGAGTCTTTGGAGGCGGAGGTGTGGGAGTGGAACTCTACAGAAAAGAGAGGTTTTTGCGTCATAATTCCTTGACAAAGGGGTTTTGGGGAGTATATACTGCCTTCACGGGTTACGCAAAGGCCATTCAATCTTCGATAGCGGAGTAAATTTTGGCATGAACGTGGTTGTGTTTATCAACAACATGTTCGGCTTCGTCAACGATTTGTTCGACGTTGGCTTTCTTTGGGTCGGATTATTCGTGCTTCTGATCGCGTATCCCGCTTATTTCTTTTCCTCCAATCTCAGAAAATACACCGACGAACGTCGCAGCCGCGAACTGCTGTCTCAGACCGTTCTTTTGATTCTAATTGTCTTTGGGATCGCGTTTGTATGGGCGTTGCCGGACATGATCTGGTGGATATGGTTCAACAAACCTGTTGCCATTGAGGCAAACGTGATCGGCGATATCCAGACTCGGCAGGCTCTTACCTGGGGAGAACTGGCATGGGTGTTTTCAAGCGTTCGTTTGACGGTCGCCCTGGCTGTTTTTTTCGCGTTATCCTTTCGGCTTGGTCGTGAGCATGGGAAGAGACGCTGGCTGGCTTCGGCGCTCGGACATATCGGCGTTATTGTCTTTGGCTGGCTCATCAATCGCTGGATGGGAATTTTGTTCATCTCTGTCCCCGCCATCGCCGTTTATTACGGGGCGCTCTACAGTCTGGCAAATGTGGTCCTTCCCGCGTCCGACCCGGAAGACCGAGCGGAGAAAAAGAAGAAGTTCTTTGTATTGGCCGCCTACACATGGGGGACGCAATCGCCGATCACGGTTGTGGACGGTCACGCCTGGAAAAAATATGAGCCGCGTATTCCCGGCGATATCACCTGGCAGTTTTCCGATTTTCCCATCCCATTGCTCAGCAAACTGCAACGTCCCGGCTTGATCTGGACCAAGTCGCATCAGGCGGCGACGATCTCCGGCGGCAACAGGTTCAAACGCGTGGAAAATCCCGGCGTCTCCTTTATCGGCAAATTGGAGCGACTCGACCAGGTTTTTGATCTAAGATTGCAACTCCGCTCCAGGGAGATCGAAGCCTTTAGCAAAGACGGCATCCGCTTTAACGTGCGTTATTTTACGGCGTTTCGCGTTGACCGAGAAGATTGGGACAGGGATCTTTACAGCCAGATCCGCCGGCAGAATCCGTTTCTGCGCGGCGCGGACAGACTGAGTTACGTCAGGGGGAGTTTTCCCTTTTCTCATGCGCGCATTCAGGCGACGCTTGGGATCACCAGCACAATGGTTAGCGAAGGAACGCCTCTTATTTTATGGGACCAGTGGGTGATGAACGTGATCGAGAACCAGACCCGTAAAGTCATCTCGCAAAAAAATCTCGATGAGATGTGGCGGCCCGCCAACGACTATAAATTTGCCAACGCGATGGACGTCATTGCCGATGAAATCAGGAAAAATTCGGAGATGACCCTGCGCGCGGCGGGGATCCTGTTGTTGGCTTCGCGGGTGGTCAATTTTACATTCCCGAGGAAGGAGGAGCAGGACGACCTGATCGCGAATCAGCAGATCCACACGTGGGGTTCGGAGTGGGAGAGAAAACGCCACAATATCCTTGCGGAGGCCGAAGCCGAGGCGGAACGCGCGCAGCAGGAGGCGCGGGCATACGCTGAATCGCTTCTTTTAAATTCCATCGCGGAAGGTTTGCAGAAAACCCAGGAGATAAATCCTGAATTGCCGCGTCATGTGATCGCCATGCGATTCCTGAGTTCCCTGCAGGATTATGTCCATAAAGAATTGTCGGAGGAAGATGACGACGAGGATGAAGCGAGTTCTCAAGTCGGCGAGAGAAAGAAAAGAGAGAAATTGGGCAAA
CP129485.1_gap10	235600	239969	4369	ACATGACATCATCGTAGCGATTGCTAAAGGCTTAGAGCAAAATAGAAACGGGCAATTTACCGAGCCGGTTCTGCTTTCTCTTTCCGGTGTGCTTGACGAAAGTTTGCGCGAACCTTTGACGCGCGCTTATTTAGCCAAGGAAACATTGGATACACTGGAACAACTGCAAAATATCTTGAATAATCCGGATGGTCGCTGATGGTAAGGTCAATCGTCAATATTTCGATAATCCTCATCATCTGGGCCGCTGCCATCCGGGTAAATTGGACGTTCTCGCTTTCCGCTGCTGTAAATACCTGAAAAAAGAGGATGGAGGCATAAATAATCCTCATAGTTAATTGGAAGATCATGACCGACAGTATATTTAAATTTCCCCTTGATATATAGGTCAGATTCCAAACCGTGGATCACCCGTCCAATTGCTCCAATTTCGATTAACATCTGTTGAAAATTGAAGAACTCGTCTCCATGAAATACCATCTTGCCGTGTCGATTGTAAACTTGGCGGAGCGCCCCTCCAGAAAAAACATGCGGCAATTGAGGCAGGCATCGCTTACATACCTCTTCTGCGGTCGGATAGATCGTTCTGAAGGCTCCGAATATCTCCTTAACAATTCGTTCTTCCACTTGGCGAATGCCATAAATGATCTTTTCTTGCCGAACGGGGAAAGAGTTTAAAGATTGTGTGAGGCTGGATCGTTTAAAAATGGAATTCAGTAGCATCAGGAAGTGCCGTGGCAATAATTGTGTATGTCGCAGAATATAGGATATTGGGGTTTCATGAAAATTGTTTTGGTTGGTGATTTTTTCGGGAAGAACAACTCTGAAAAGCATCAGGGCTTCATCACGGGTTAGTTCATCCAATGGGGACTTTCCTCTAATAAACTCCGGGTAGTACAGGCCAATAAAATACATTAAACGTTGAGCCCCGATGGAAATAAGTTCCTTGGCGGTCCACTCAAGTTTCACCTCGCGGTTGAAATCCTTGATTGGGTTAGAAGAAATTTCAGTGATTTTGCCGGACAGTTCTGTTGGAAGGCACAAACGAAGATCCACTACATCTTTTGGATTATTCATCGCGCCTGCGCATTTCAAGAGACCTTGGATCGCCCGTTCAATTGACGGAATATTCAATTTAAAATCTTCAAGGGAATCCATTAAAATCACCGCGCGGCTGCCTTTGGATTTGAGTCCTACGATCGCGATTGCTTTTGCTTCCTCAAAGCATTTTTCGTCGAATTGTCTTAATATCTCGGACAATCCGTTCTTTGAGCTAGCGTTGACGACTTCTTTACATGATTCCGCCAATTTCCAGAGAACAGTATCCATTGAATCATCATGTTCGATGTTCATTCCTCTGAGGTATTTGGCGATGACGAGCGACTCTTTTGAAAGAGATGGGAACTGAGTTTGCTCGATGTTTGCCAGTACGCAAGTCCACAGGAACTTTTCCCACAGTTTCCAGAGTGTTTCCGTAAACACCGTGTCGCCACTCAGTTCCTGGATAATATTGGCAATATGCTCGATAGCGCCGGCAGTCTGTATTTCAATATAACTGTTATATTGGTTGTCGAAATACACGGATCGTAAATAGGATGTTTTTCCCGATCCTCTTCGTCCGGTAATGATGGACGGCCTGTTCCGAAATGACTTGTAGATGCGATTCTGCTTATCAAACAGCAACTTTAAAGCATCGATATCGGCGGCCCCGATTTGGTAAGAATCAATTGGGCCAAAGGGCTCGTCTTTGGTAATGTAATGCTTGAGTATGTCCAGGTTAGGCATCTATCTCCTCCTTGTTGGGCTATATTCATGACGTCATTATACATCAAGCGTCTATCGAATCGAGCGCTTCTTCAGTTTACAGAGCGGCTAAGACAGCCGGGTCCCTCGCGGCCTACGCTTCTCTTACAGAGCAAATGGTCGCTCATTCTCGCCGAGTTTCTGGTATAAATCCCCATGTGGATAAGACGGTTCTTCATCTTGTTGTATGCTCTCAGCCGTCGAATGGGAATCGGATGCTGTGAACGGCAGACTGAATTTGGCGGGTATTTATGAAACCCGGAAAGAGAGCCAGCGCGCTCGAGGGTTACGCGCTGTTTTATAAAACTACAAAAGAGAGAAGGTTCAATGAGCCACTATCTAGTCACTATTCTGAACCATCTTGTATGCTCCGAAAGCAGCCAAGCCGAACTTAAAGACAGGCTCCTTGCTGCTTCAACAAGGGAACATGTCGCTTCGTTGCTGGAAGAGATCAAAGCCCGAATTAACCTGTGTCTGGAGACGCAAAGCAAGGAGGATGAGTACTTTTATTATTTTCTGCGCGCCTACGGCCATTATGTGATTGGCGATATTCACCAGGCGATCAGCTCCGCAACTCATGCTCTCGATGGCTTTCGGATATGTGGATGTTCATGGGAACAAGTCATTGGGCGCTGGCTTTTGAGCGCCTTCCATGCCTTTCAAAACCGCAGTCATTCGTCCCTTGCTGAAATGAATCTGGCGCTTGACATCCTGGAATCGATTCGACAAGATTTCCTCACACGGGGTGTTTACGATGAGGTGGAGAAATGCCAGAAAGTGAAATCTACGATGGAAGAACACAAAAACGAGTTCTTAAAAAAAATGGAAGCGATTTCTCAGCCTGTATCTGGCAATTCGCGGCCAATCCACATTCACGCGCCGGTTTCCTCCGACCCTGCCGCGAAGGAGAAGGGAAAGTTATTAATACCGTGGATTCCAAAACATAAGACCGTGCGTGACGGAGTGAACGGCTTGACAGAATTCAGGGCTATTGATGAATTTCCGTTTGTGACGATCGTTGAAATTGATAAGAAGCCTTACTACATTCACTCCTTGTGCGGCTCTTCTTTAACAGATCGCAATGTGACGCTTGTCAGAGGAGAGGACTATGGGTGGGCATTGATGCGGGGACACGGTATGAATCTATGTTATCCCGTACCAATTCCAGATGGTTGCTATGTCCTGTTTTGGGATTACAATGTTCCAAAAGATAACAATATTGTTGTATCTTCCGAACCGTCCCTGGATGGCGATTTTGCTTATACGGTGAGGCGTTACCGGGCGGCCGGACAAGAATTAGTTTCCGAGACGACGGAAACCGGTTCTGAGTATTCTCCGATAAAATTGGACAAATCTCGTCAAATCCTCGGCATCGTCATTGCAGTGGCAAAACCAGAGTCCCCATGACCCTCCTCCTCCTCGGCTCCTCCTCCCTCGACGTCGTCGGGCGGCTCGACTCCGATCTCCAGCCCGGCGCCTCCAACCCGGCGCGGATACGCGCCTCCTATGGCGGCGTGGCGCGCAACGTGGCGGAGAATTTGGCGCGGCTGGGACAGCCCGTCAAACTCGTCAGCGTGGTGGGGATGGACCGCTCCGGCGACGAACTGCTCGAATACACCGCCGCCGCAGGCGTGGACGTATCCGCCGTCCTCCGCACGGAACTTTACCCCACAGGCTTCTACATGGGCGTGCTGGACCCGCGCGCCCGCCTGCGTTTCGCCGTGGACGACATGCGCGTCATGTCCGAGTTCACGCCCGAACTGCTCCGCCAGCATGCCGGTCTCTTCGAGGAAGCCAGCCTCGTCTTCGTGGACGGCAACCTGTCCGAAGCCGCGCTCAAAACCGCGTTCGCCATGGCAAAAAAGGCCAAGGTCCCCATTTGCGCCGACCCGGCCTCCGCGTTCCTCGCGACGCGCTTGAAGTCCCGTCTCGACCGACTCCACTTCATCACCTGCAACGTCAAAGAAGCCGCGGCCCTCACTGGTCACGTCTTCGAATCGTCCGACCCGCGCGCCGCGCTCGAAGCCGCGCGCGCCCTGCTCAACCTCGGCGCGGACATCGCGCTCGTCACCCTGGCCGAATTCGGCGTCGTGTACGCCTCAGCCGAGACGAACGGCCACATCCCCGCCATCCAGACCCCGATCCTCGACCCCACCGGCGCGGGCGACGCGCTCACCGCCACCATCCTCTTTGGCCTCGTCAACGAAATGGACCTCGACGACGCGGTGCGCCTCGGCGTCTCTGCCGCCTCGCTCACCCTGCGCCACTCCGGCGCCGTCCTCCCCGGACTCACGCTCGAAAAACTTTACGAACAACTGGTGATCTGATGGATACCCTCCCCGCGCCCTTCTTCGTCAAGGACGACGTCCAACGCGCCTTGAAACAGAACCGACCCGTCGTCGCGCTCGAATCGACCGTCCTCACGCACGGACTCCCGCATCCGACCAACCTCGCGCTGGGCCGCGACATGGAGGCGGCCGTCCTCGCCGACGGCGCCACGCCCGCCACGATCGGCGTCCTCCACGGAACCGTCCGCGTCGGCCTCACGGACGCGGAACTCGCCGAA
CP129485.1_gap11	242739	245030	2291	GTGGGGCTGGGACTGGCAGCGCTGGTGAACGCGGGCTTCGTCGGGAGCGTCGGCGCGGGAGGCGCGGTCCGCGTGGGCGGCGCGGTCGGGCTGACCGTTTGGGCGGGCGCGGCGGGCGTGGGCGACGCCGGCAGGAAGGAACCGCCCGGGCGGAAAACCAGAAAGGCGACGAGTCCCAGAGCCAGCCCCGCGCCGGTCATCCACCAACCGGCCAGCACGCGCTGGCGGCGATGACGGAAGTAGATCGTCCGGCTTCCCATCGCGATGGCGCGCACGCCCGCGCTAAAAAGGAAAACGGCCGCCGCCGCGAGGAGCAGGCTGGGAAGGTTCGTGCCGCTGAACGAAGACATGCGAAAATTATACCGCACGCTTGACGCTCATATCCGCGTGTGCTACATTCAACGCATGACCGGACTCACCCTCCTCAAACTGGGCGGATCGCTCATCACCGACAAGGACAAACCCTTCACGCCCCGGCTGGACAAACTGAACGCGCTCGCGGACGAAATCGCCTCCTCCTGGACCTCGGACCGGCCTCTGATTCTCGGACATGGTTCCGGCTCGTTCGGTCACGCCGCGGCGAAGCGCTACGGCACGCGCGATGGGTTGACCCCCTTCGTCCCTGCGGGACGCTCCCCCCTCTTGCGGAGTAAAAGGGGGGAGCCGGAGGGGGGCGCTTACTGGAAAGGCTTCGCCGAGGTCTGGTTCCAGGCCTCGCAGCTGAACCGCTTCGTGATGGAGGCGCTGCGCGGCGCGGGACTCCCGGCCGTTGCCCTCGCGCCCGTCGCGGCTGTGACTGCGCGCGACTGGCGCGTTTCTCGTTGGGATCTGACTCCCCTCCGCGCCGCGCTGGACGCGGGCCTCGTCCCGGTCGTCTATGGCGACGTGATCTTCGACGAGGCGCGCGGCGGCACGATCCTTTCGACCGAGGACCTGTTCGCCCACCTCGCGCGGGAACTTCGCCCGGGACGCATCCTGCTGGCGGGGCTGGAGGCCGGCGTCTGGGAGGACTTCCCGGCGCGGACGCGTCTCGTAAGCCGGATCAGCCTCCAGTCGTATGAAGCGATGCGGGCGGAGATCGGAGCCTCCTCCAGCGTGGACGTGACCGGCGGGATGTCCGCCAAAGTCGGCCTGATGTTCGAGTTGATCCGCGAGATCCCCAGGCTGACGGCGCGCATCTTCTCGGCGGAAGAGGCGGGAAACCTGTCCCGCGCCCTGGCTGGGGAGGCGGTGGGGACTGAATTGGGGGCGTAAATGACAAAATAGTGACGGAAATCCATTGTGTTTTGTGAATTTTTTCGTTAATATTGGGGAAACTACCCGCTTATTCAAGCAAGGAGATCACATGGCAACCCTGAAAGCAAAGAAACCCGCAAAGAAAGTCGCAGTAAAAAAGGCAGTCAAGAAGAAAACAACGGCCAGAAAACCCGCCGTCAAAAAATTCCCCTACGCTCCCACTAAATTAAAACTGCTCGACCCCGTGCCTTCGGACATCGAGATCGCGCAGGCAGGCAAACTTAAGCCGATTTTGCAGATCGCGAAGGAACTGGGAATTAAAGAGAGCGAGCTGGAACTCTTCGGTCCGCACAAAGCCAAGATCAAACTCGAGATTCTGGAGCGCATCGGAAAACGGCCGGACGGCAAATATATTGACGTGACCGCCATCACGCCCACCCCGCTCGGCGAAGGCAAGACCACCACCACGGTCGGCGTGTCGCAGGCGCTGGGCGCGCATCTCGGCAAGCGCGTGATGACCGTCATCCGCCAGCCCTCGCAGGGACCGACCTTCGGCATCAAGGGCGGCGCGGCCGGCGGCGGCTACAGCCAGATCATTCCGATGGAGGATTTCAACCTCCATCTCACCGGCGACATCCACGCCATCACCGCCGCGCACAACCTGTGCGCCGCCGCGCTGGACGCGCGCATGTTGCACGAAAAAGAAACGCCCGACGACAACAAACTCTTCGACGCGCTTTGCCCGCCCGATAAGAAGGGCAGGCGCAAATTCTCGCCTTCGATGCTGCGCCGGCTCAAGAAACTTGGGATTGACAAGACCGATCCGAACGAACTGACGCCCGAAGAACGCGCCCGCTTCGCCCGTCTCGACATCGACCCGAACGGGATCCAGTGGCGGCGCGTTATTGACGTGAACGACCGCTTCCTGCGCGAGGTCATGGTCGGCCTCGGCAAGGACGAAGCCGGTCACGAGCATAAGTCCGGCTACGACATCACGGTCGCTTCGGAGATCATGGCGATCCTGGCGCTGACGACCGGCCTCGAAGATATGCGCG
CP129485.1_gap12	246659	249207	2548	AAGTCAAAACCAGCCCTGCCGCAACTATTTTTCTCATGTTCTTTCCTCTTTGGATGCGTTGAGTTTTGGTGTGCGGCGATTATAGTCTGAAATTTATAACAGAAAGCCCCGTCCTGCGAAAAGGACGGGGCTTTTGAATGTCGCCGCTATTTTTTCAATTCACAGGCGCTGGCTTTTTCGTTCCAGGAGCAGCCGTTTTGTTCGTGGCGGATGCAGTCCACCTCGGTGGCATGCTGGCCGCAGTCATAGAGAGGCGCGCATTGAAGCATGTCCACAGAGACGAAGGCGCAGCCGGCGCTTTCGTTGACGGTCGGGAGACGCGGGGCGCATCCGCCGAGGGCCGGATCGTAGGCGTATCCCGCCTGGCAGTCGGGATAGAGGCCGACGGCGGGCGCCTGGCAGCATTGCGAAGCCGAGTTGAAGGCGAAGCCCGCGGGGCAGCCCGGATAGCAGGAGGCGGTCTGCGAGGACAGGTTGAGGCCGAAGAGGTTGCAGTCCGCCTGCCCGTTGGCGGGGACGCAGCCCGCGAAGGCCGCGTCGTAATACTGGCCGAGCGGACATTGATTGTCGAGGCCGAGGGTGGGGCGGCAGGTCTGTCCCGTGGAATCGAGCGCGTAGCCCGGCGGACAGCCCTGAGGTCCGGGTTGGGACGCGACCGGGGCGTAGAGGCACTGCCGCGTGGCCGGATCGTAGGCGTAGCCGGGATCGCAGACCACGTTGCCAGTCCACGAAGGCGTCGGGACGGCGGCGCAGGTCGAGTTGCAGACTTCGAGCGTCCCGCTGGTAGAATCGGGCCCGTAGCAGGTCACCTGAAGCTGGTCGCCTACGAGGGCGCTTTCGCAGGTGTACCCGTCTGTGCGGACGGTGTAGGTGGAGCCGCGCGGCAGGAGGATGGTGTTGGAGGCAACTTTGCCCTTGCAGGACGGGCCGAGGCGCTGCGCGACCGGCGCGGCGCAATCGCTGGCGGCCGGGGTCGGGAATTCTGTGACCGGCAGGTAGGGGCTGGTCTGGCAGTAGGGCGGGAAGTTGATTGGCTGCTGGACGACGCAGCGGAAGCCGAGGTCGCGGCTGGAATAGTCGGGGCTGGCCGGACGCCGGATGGCGGAGGCGATCTGCGACGGGTCGCTCTCGAACCCGCTCCCGCGGATGACGCGCGAGACGCCGTTCTCCGGCCCGGGCGGGTCCTGGATCGGTCCGGTGGCGTAGTAGGCGGGGTCGTACCAGTCCCGCGTCCATTCGAAGGCGTTGCCGGCCATGTCGAGCGCGAGATAGGGGCTGGCGCTGTCGCCGTACGCGACGACGCTGGTGGTACCGCGGACGCAGTTGTTGAAGTTGAGCAGGCCGCAGGTGGGCGGCTGTTCGCCCCAGGGATAGGTCTGTCCGCCGGGGCCGCGGGCGGCTTTCTCCCATTCGGCCTCGGTGGGGAGGCGGCCTCCGGCCCAGGTGCAGTAGGCGTTGGCTTGCTCCCAGTTCACGCCGACGACCGGGTTGTCGGCGTAGGCGGGGTTGGTGTAGACCGTGCCGCCGACGGAGGCGGGCGGCGAGCAGACGCCTACGCCCACGCAGATGGAGTACATGCGGTTGGTGATCTTGGTGCGCGTGATCCAGTACGCGGAGAGGCTGACGGAATGGGCGGGATTGTCCGCGCCGTTTGCGCCGATGACGGCCTGCCCCGCGGGGACGTAGGCGAGCGTACTGCCGTCCATCCACGAAAGGAAGGTCCCCGCGTTCGGGCCGCTGAGGGCGACCGGGACGAGGGTGGGAGTCTCTGTGTCAACGACGACGGGGACGAGCGTGGGAGTCGGCGGCTCGGACGTGGCCTTCGGCGCGCAGGCCGCGAACAGGACGGTCAACGCCAGCCCGAGCGCGGAAACGACTTGCCTGTTTTTCATTCATTGCTCCTGCGGCAGGAGAGTTCCAGCCTGCCGCGCGGAGAATTATACACGTAGGAAAAGCGGCGCTTTTAGTTTGGATTAATATTGCGGCTCGGCGGTTGCGCCGACCGATTCACTTGCGCGTCGTCAGCCAGACGCCGAGGAGCAGGAACGCCACCCCGAGCAGGCGCGTCCACTCGAAGGGACGCGGGAGCGCGCCGAACCAGCCGAAGCGTTCGATCAGCAGGGAGGTCAGGAATTGTCCCGCGATGACGAGGACCAGCGCGGTCGTCAGGCCGAGACGCGGGACGGTGAACCCGATCGTGCCGACGATGACCAGTCCCAGCAGGCCGGTGGCGAGCACGTACCAGGGGACGGACGCGGCGGCGCGCAGATTCCCGCCGCGCAGGAACAGCATGACGAGCGTGATGACTAGCCCGCCGCCCGCGTAGGTGATGAACATGCTCTCGCGTGTCCCGATGGACGTGTCCATGACGCCCATGAATTGTCCCTGCAAAGCGACCGTCATCCCGCCGAGGACGGCGAGAATGCCAACCAAAACAATGTCCATTATTTTGCCCTTTTCACTTCTTCCACAGCCTCGGGGTTGACCAGCGTCGAAGCGTCGCCGGGGTCCTGTCCCAGATAGGCGGCGCGGATCATGCGGCGCATCA
CP129485.1_gap13	254357	255409	1052	GTAGGCTTCCAATTGGAAGAGATCCCCACCATTTCCGCCGCAGGCTACTTCATCGCTAGCATTAACTATCGTCTCGCTCCAGAATATCCGTTTCCGGCCATGGTCGAAGACGCCAAATGCGCCGTCCGTTTTCTCAAAGCGCACGCTCGGGAATTTAATATCAATCCCGATAAAATCGGCGTTCTCGGCGTAAGCGCCGGCGCGCATATCGCCTCGCTGGTTGGACTGGCCGATGAAACCGCAGGGTGGGAAATTGGACAATATCTTGAACAGTCCAGCCGCGTACAGGCTGTAGTGGAAATGTTTGGCCCAACTGACTTTACCGACGTAACCTATGACGAAAAACTTCAAAAACGAGGCTACCAACTTTTCCCCAATGTCAGTCCCGATCAAACCATGCTGGCAGACGCCAGCCCCATCTCGTATGTTTCCGCGGGAGACCCCCCATTTCTCATTATCCAGGGCGATCAGGATCCAGTAGTGCCGATTAGCCAGTCTCAAGCGTTGTACGATCGCCTGGTGTCGGCCGGTGTGCCTGCCTTCCTGCAAATCGTTACAAATGCCGGTCATAATTTAATTGCGGTTGGCGGACCGCCCAATCCCACCCGAAAGCAAGTCACACAAGTCTACCTCCAATTCTTAGATTATTTCCTTAAAGGCTCCCAATAGACCTCAGTCGTGCGTCTCTACGACCTCTGCCTCGCCTGGAACTGGGAACACGACGCCGACTTCGTGCGGATTCTCGACTCGGCCTGCGCCGCGCGCGGACGGACTTTGCTGGACGTTTCCGCTCGCAACCTGCGCGAACTCCTCCCGCTTCTTTCTGAACGTTCGGCCGGTTTCCGTCTCTTCCTCGACCGCGCCTCCGAATCGGACTCCTCCTACCTGCCTCTCGTGGACGCCGCCAAACTCCTCGGCGCGCGTCGACTCAACCCGCGCGAGCTCGCCGACCGCGCCTACGACAAAGCCGCCATGCACGCCGCCTTCCTCGCGGGCGGCATCCCCGTCCCGCAAACCGCCATCCTGCCGCCCTTGTCCGCCCAACCCGACCT
CP129485.1_gap14	270983	272936	1953	GCGCTCCCCGCCTGCCCCTGCTCCCTCTCGCCGACGATGACCGCGCCGAATTCGAGAAAATCTTCAAGAGCATTTAAACACGAAGGGCACAAAGGCAACGAAGGTTTGTTGGTTGGCGCAATGTGACGACTTCCTTTCGACTATCGCCGTGATAATCGAAAGCAAAGAATCTCGACCATCACTCAATCCACTTTTGAGTACTTCGTGACCTTTGTGTTGAAAAAAATATGAAACGCATTCCCTTCCTCGACTCTCACACCGGCGGCGAACCGACCCGCCTCGTCCTCTCGCTTCCCTTCGACCTCGGAGCGGGTTCTGTCGTCGATAGGTTATCCGCGCTGAGAGCGCGTCACGACGACCTGCGCCGCGCCGTACTCCTCGAACCGCGCGGCTCGGACGTGCTCGTCGGCGCGTACCTCGTCCCGCCCGCCGACCCGACCTGCCGGTTCGGCGTCATCTTCTTTAATAACGTCGGCTACCTCGGCATGTGCGGACACGGGACGATCGGCCTGATCGCCTCGCTGTCTTATCTGGGAAAGGTTCAGCCTGGCGTGATTCGAGTGGAAACTCCCGTTGGGGTTGTCGAAGCGACTCTGCATGATTTGTCACTGCGAGGAGCGAGCGACAGCGAGCGCCGAAGCAATCCCCTCGCCGATGAGGAGATTGCTTCGCCTTCGGCTCGCAATGACGAATATCCAAACAAAGTCTCTGTCCGCAACGTCCCGGCTTATCGTCACCTCGCGCATGTCCCCATCGAAATAGACGGCAGGACCATCCACGGCGACGTGGCCTGGGGCGGCAACTGGTTCTTCCTCGTCCACGATCACGGCCTGGAGGTGGACATGTCGAACCTGGAAGCGCTGACCGACTTCGCGTGGCGCGTCCGCGAGCGGTTGAGCGCGGGAAGCGTCACCGGCGCGGGCGGCGCGGCGATTGACCATGTCGAGTTGTTCGCGTCCACGCCCGACGCGGACAGCAGGAGTTTCGTCCTCTGCCCCGGCAAAGCCTACGACCGCTCCCCGTGCGGGACCGGCACGAGCGCCAAACTCGCCTGTTTGTACTCCGACGGGAAATTGAAGGCTGGCCAGACCTGGCGGCAGCAAAGCGTCGTCGGCAGCGTCTTCGAGGGGAGCGTCCAACTTGACGGCGAAAAGATCGTCCCGACCATTACCGGCGAGGCGTGGGTCATGTCTGAGGGGACGCTATTGGTGGACGAGCGCGACCCGTTTGGGAGAGGGATCTGAGCCTCTAACTTTTGACGCGAATTGGTCAAAGGTTAAAAGTTTTAAGGAGACAACATGAGTTTAAAATGTGATGTATTGATCATCGGCGGCGGACCGATTGGGTTGTGCTGCGCTTACTATCTCCTCAAATCGGGGCGCAAGGTTACCATCGTTGACGCGAAAGAGATCGGCAAAGGCAGCGGCTCGGGCAACGCGGGACACATCGTGCCGAGTCACATCATCCCGTTGGCCGCGCCGGGGGTGGTGACCGGCGCGCTTAAGTGGATGCTTGATCCGGCGCGGAGTCCGTTTGGGATGAAGATCGGTCTCTCGCCGAGTTACCTTTCGTGGCTGCTTCGTTTTGTGCTTGCCTGTAACCAGGACAACGTCAGCCGCAGCGTCAAACCGTTGTACGAACTCGGCCGGTTGAGCGCGGAGAATTTCGCGCGCATGATCGCCGAGGAGCGCTTCGACTGTCATTATAGCGAGATGGGATTTCTCAATCTTTTCAAAAGCGAAGACACGTTTCACGAGGCGCAGCGGGAAGCCGAGTTTATGCAGGCGCATGGGATTTCCGTCCGCGTGTACGATAAAGTTGCCGTGCAGGATGTGGAGCCTGCCGCGCGGGAGGATGTGATCGGCGGGGTGCATTACACGGGCGACGCGCACCTCGACCCGGGGCTGTTCCTCGCCGCGCTGGGGAAACGCGTCCGCGAGATGGGCGCGGAGG
CP129485.1_gap15	297898	302824	4926	GCGCTTCATCCCCCGCCCGAGGCTGGTCCACGCCACGAGACAGTGACCCAGCGCCGCGCCGAACGTCCGCCGCACGGTGGAGTCTGAGAGGTCGCGTTGCAGGCGCGAGACGGGTAATTTTTGGGCGTAGAACGCGAACAGCGCGTTTGCGAGACCGAGGTTCCCCTCTGCGTTTTCGAAGTCAATCGGATTCACTTTCTGCGGCATCGTCGAGGAACCGACCTCGCCTGCGACGACCGCCTGTTTCAAACCGCCGTCGCTGATGTAACGCCAAACATCCTGCGCGAAATCAATCAGGATGGAGTTGGTGAGGCGGAGGAGGTCGAAGTAGCGGATCCAGTTGTCGTAGGGAAGGATTTGTGTGGCGACCAGATTGGGTTCGAGACCGAAACCCGCGACGAAGGATCGGCTGAACGCGATCCAATCCACGCGCGGGGCGGCGGCTTGCAGGGCGTTGAAGTTGCCGACCGCGCCCGTCAGTTTGGCTTCGAAGCGGAAGGAGGCGATCTCAGCGCGGACCTTTTGAAGCCGCGCCGCGTAGACCGCGAATTCCTTTCCCAGCGTGGTGGGGACGGCGGGCTGTCCGTGCGTGCGCGCCAGCATGGGGACGGCGCGATGACGGAGGGCGAAGTCGCAGAGCGCGGCAAGGAGGGAATCGAGCGCGGGGAGGATGACTTGGTCCCGCGAACCTTTCAGGGCGAGGGCTTGCGCGAGGTTGTTGACATCCTCCGATGTCAGGCCGAAGTGAAGCCACGGGATCGCGTCTGCCAGCGAGGCGGCGCGTAGTTTGTCCCGAAGGAAATATTCGATGGCTTTGACGTCGTGCCGCGTCTGGCGCTCGCAGGCGAGGATGGATTCCGCGTCGGCGTCGGAGAAATCCGCATGGACGGAGGCGAGGCGGGCGGATTCGGAAGCGCTCAGGGGGCGGAACAGGCCGAGGTCGGAGAGAGCCGCCAGAAAGTCGAGTTCGACGCGCACGCGTCCGCGCAGGTAGGCGAATTCGGAGAAGAAGTCCCGCAGCGGCGCGGCCGCGTCGGCATAGCGTCCATCCAGAGGGGAGAGGGCGTGCAGCGCGTCGGTCATGGTTCGATTATATAACAGTTGTCGAGGCGGCTTTGCGCGGACGATTGCCTATGCCCCGAAGAAGTATCCCCCTCATCGCCCAGTTTCTTCCTGCGCCGCTCAACGAGAATCCAACCCGCCTTGCAAGCGCGGACGCGCCAGGGTCAGCGCCGCCAGCGACTTCGCGTCTGGGATCTCGCCTCGCTCCGCCTTGCGGAAGGCCTCTGCCAGCGGGATTTTTTCCACGCTGAGAAATTCGTCCGCGTCCGCCTCGAGCGGATCGTACGATAACTCTGTGGCGAGGAACACCACCATGAATTCGGTGGAGTAGCCCGGCGCGAGATAGAACTCGCCCAGTTTCTCCAGTCTGCCCGCCGCGAAGCCCGTCTCTTCGCGGATCTCGCGCGCCGCGCAGACTTCGGGAGCCTCGCCCGCGTCCAGCGTCCCAGCCGGGAGTTCGAGCAGGTCCATGCCCGCGGCGTGACGGTACTGCCGCACGAAAAGCAGGTTGCCCTGCGCGTCGAGCGGGATCAGCGCCACTGACCCGCCGTGTTCGATGATGTCGTATTTGGTTTCGCGGTCGTCGGGCGTCTTCAGCCAGTCGCGGCGGATGGCGAAGGCGCGGCCTTTGAACAGGATTTCAGATCCGAGTAGTTTGAATGGCATGTTTGCTCCTGTTTTCTGCGGGGGAGCGCGGGATTGGGCCGCGCTCGCAAAGTTCCAATTTGAAAAACGCCCAGGGATGGCCTGGGCGTCTCGGAGACGGGATCGGGTTAGGGAATTTTCACGGTCTGCCCGACGGTCAGGGGAGAACCGAGGGCGAGTCCGTTGGCCTGGGCGATTGCGCCCGGGTCAATGTCGCCGAAAAGACAGGCGATGCTGTAGAAAGTTTCGTCGGCGGAGGAGATCGTGTACGTAGTCGGGTGGGCGCGCAGGGCGCGCGGGCCGGGGAAGGAGCCGCTCTGCGGGATACGCAGAAGCGTGCCGGCCGGGTAGACCACTCCCTCTCGAAGGCCGCTGAGCGATAGCAGGGTCTGCGGGTCTACATTGAAGCGGCGCGCGATGCACCAGGGGAATTCGCCCGTCTGCAGGGTATAGGTGGACGGGCGGCCGCTCACAACGATCTGCGTGGGGGTGGCGGTCGCCTGACCCGCGAAGGCGTCGTCCGTCTCTGGCGTGGACGAGGGGGCGGCGCTGGCAATGGGAAGTCCCACCCCCGGCGTGGCGGTCGCCTCGGCGTCGGGTGTGCCGTTCTCGCTCTCGGGCGTCGCGCTCGGCTCGCCGTCCGCCGTGGGAGTTTGCATCATGGCGGTGGCGGTTTGGGCGATCTGCGCCATCGGGTCGCCCTGGGTGGAAATGGAGTCGCCCGCATAGATGCTGGTCGGGGCGACCGGCTGTCCCGTGTCCAGCGATCGTTGACAGGCGGGAAGCAGCAAGGCGAACAGCGCGATTATCGCCGCGAATTTTTTATAGGACATTACGAATCTCCTCGTATTTTGACTAGCGAAGATGGTAGTATATCAACAAGTTAAAGTTATAGGGCAAATTGCCAATTTGCCGAGCGCAATTTAGCAAATTGCGCTGTAACTTAACCTGTCCGCGATGGTAGCACATCACCAGTTAAGCGTCAAGACGCTTCGGATAGCCATTTTAGGGGATGTAGAAAATCGGCCTGGAGAGAGCGGTTTATTGAAAACGCTGAAACTCGTAGATTTTCATCATCTGCTGGATCACTTTCAGTTTTTCGGGCGGAACGTCGCGGAATTCAAAACCGATGTCGTGGAAGGCCGGGCTGAGGTCGCTGTCGCAACGCGTCACTGCCGCCTCGATGTGCAGGCTGTTCATGGGAAAGACCTTTGGATCGGGCAGGTCGAAGCGCAGGGCGATGGTTTTTCCCACCTCGAGCGTCTCCTCGCTGATGATCATCGCGCCGCTTTCGCTCAAATCTGAAAGATAACCCAAAAGTTTCCCGGACGCGCGTTCAAAGACACGCGAGTAGATGATGAGATATTTGCGCGGCAGTCGGCGTCTGTCCTGCATGGCGGCCTCCATTGCGAGTTTACATTACTTGTCCGGGAAAATCAACCTGTGGTTTAATCAGGACATGCGCTGGATTTACATTTCCCCTCATCTGGACGACGCCGTCCTCTCCGCGGGCGGGTTGATCTACGACCAGGCGCGCCGGGGCGAGCGCGTCGAAATCTGGACCCTCGTCTGCGGCTTCCCTCCCGAAGGCGAACTCACGCCCTTCGCGCAAGTCCTTCACTTCATGTGGGGATTCTCGTCCGCCGAAGAGACGGTGCGCCTGCGGCGGGCGGAGGACGAACGCGCCGCGGCCATCGTGGGCGCGCAAGCCGTCCACTTTGACGGTTTTCTCGACTGCATCTACCGGCGGAACGGAGACGGCGATCCGCTCTACCCGACGGAAGTGTTCGCGCCGCCGCATCCCGCGGACGACGAACTGGCCGCGAAAATGACCGCCGCGCTCGCGTCCCGCCTCCAGCCGGACGATGTAGCGCTTTGCCCGTTGACGGTCGGCCATCACGTGGACCACGTCCTCGTGCGGCGCGCGGCGGAGGGGCTGAATCGCCCGCTGACGTATTATGCCGACGTCCCGTATGTGCTGAACCATCCCGAAGAGTTGGCTCCGCTGATGGACGGCGGCCGGATGGAGGTCCAGGAGGTTTCGAGCGAGGGCGTCGAGGCCTGGAATCGAGGAGTGGCCGCCTACGCGTCCCAGATTTCCACGCTGTTCGAAAGCCCCGAAACGATGCGGTCTTCGCTGGAGGCCTACGCCCGGGCGGGAGTCCGCCTTTGGCGATTTGGGCAGTCGGATTTCCTTGAAAGCCGCATGAAATCGTGATATAGTATGCGCGTTTCCAGCCCCGGTGGGCAATTCATGCATCTCTTCGGAGATGCAAATTTCTATCTTAACAGGGAAAGTCTATGCCAACAACATTCCTGACTAAAGAAGGCTTCCAGAAGCTTCAGGAAGAACTGGACTATTTGCGCACAGTGAAGCGTCAGGAAGTCGCTGAGCGCCTGCATGAAGCCATGGAAGGCGGGGAGTTGATCGAGAACGCCGAATACGAGGCCGCCAAGAACGAGCAGGCCTTTGTGGAAGGCCGCATCCAGGAATTGGAAGTGATGCTTGCCACCGCGCGCATCATCGAAGAGACCGGCAAGAGCAAGGAGGGCCTGATCCAGGTTGGCTCAACAATTACCATCGAGCAGGAAGGCTCTCCTGCCGAGACCTTCATCATCGTGGGCGCGGCGGAAGCCAACCCGCGCGAAGGCAAGATCTCCAACGAATCGCCCATCGGCAAGGCCGTGATCGGTCATAAAGCCGGGGAGACGCTGCAGGTGGAGACGCCCGGCGGCCATTTCAAGGTCAAGATCGTCAAGGTGAAGTAACAGGGGCTGTGTAAACTCGCGGCCCCGCGCAACGCGTTTGCGCGGGGTTTTTTTATGCCGAAAGGTTTTCGCATGTCAGAATATTCCCCGCTTGAGAAGATCCGCATCCAGAAACTGGAGGAGTTGCGCGCCGAGGGGATCGAGCCGTACCCCACGCGCGCGACGCGCACGCATACCAGCGCGCAGGCCGTCGCCGAATTCGAAGCCGTCGAGAAGGAGGGACGCCAGGTCGAAGCGACTTTGGCGGGACGCATCCGCGCCGTGCGGCCGATGGGCAAACTCTCGTTCGCGCACATCGAGGACGGCGAGGGCAAAGTCCAGTTGTTCTTCCGCGTCAACGAGATCGGACAGGACCAGGTGGACCTCTTCAATAAGATGTTTGATATCGGCGATTTCATCCAGGCGAGCGGGAGCATGATCCGCACGAAGACGGGCGAGGCGACGCTGCTC
CP129485.1_gap16	318324	322291	3967	GCGTCTCCTGACGGTTACCCAAAACGACCTGCCCATTCTGCTCCGCAAGGACCTCGACCAAACCGTTTCCATCCACGACCTCGACCGCCGCGTCCAGCGCATCCGCGCGGGACTGGCCATCACCGAATCGGTCAGCGGTCAATTCGACGCGGCCTCGGTCCTGCTGGCGCTGGGACGCGAACTGATCACGCGGCTGGGCATGTCGGTGGCGCTGATCGCCGAGGAGTCTTCCGAAGGGCCGCGTCTCACGCAGACGCTGGGCAGCGCGCCGAAGTCCGCCAACCCCGAAGCGCTCTTCGGTCAGCGCAACCCGCTGCGCGTCGTCATGCAGACGGGCGAACCCATCGTCATTCCCAACCTGGACGAAAACGAGGAGTGGCGCGACGCCGCCCTCCTTTCGGGATTGCGCGCCCGCAGCGTAGTCTGCCTGCCGGTGCGGATCGGACAGCGCGTGGTAGCGGGCGTGCTGGCCGTCTCGCCTGAACCGCTGGCGGGCCTCACCGACGAAGACCGCCAGGTCTACGACCAGATCGCCCGCCAGACCGGCGTGGTTTTGCAAAACATCTCCTTGTTGGGCGAGACGCGCCGCCGCCTGCAGGAAGTGAACCTGCTGCTCGACTTCAGCCGCCAGTTAAGCGGCATGGACCCGCACAACATCGTGCGCGCCCTGCTCGAAAGCGCCGGGCGCGTCCTTTCGACCGCGCACGCCGGCTCGGTCCTGCTATGGGACCCGCAGACGCTCCGCCTGACGCCGCGCGTCGTCATGGGCTACGCCGACAACGACGTCATGGCGCAGATCTCCTTCGCGGCCGGCGAGGCCCTGCCGGGCGTCAGTTTTGCCAGCGGGAGGCCCCTCCGCGTGGACGAACTGAACCTGTCGCGCGATTACCCCTTGAATCCCGAAAACCTCCTGCGTTACCGCCAGGCGACCGGCGGACGCCTGCCCGTCTCCAGCCTGGTCATCCCCATCATGGCCGGCGGACAGGTACTCGGGACGCTTGCGCTGGACAATTTCAATACCGTCGCGGCGTTCAAAGAAGACGACGAAGTCCTGCTCGGCTCGCTGGCCCAGCAGGTGGCCCTTTCGCTTGAGAACGTCCGCCTGATGCAAGCCATGCAGGAGCGCGCCGGCCAATTGCAGGCGCTCACCAACGTGGCTGCGACAATCACCTCCAGCCTGCAAAGCCGCGAACTGATCGCGTCCCTGCTCGACCAGCTGGCCGCGGTCCTGCCGTACGACACCGCCACGCTCTGGATGCGGGAAAAAGACCAGTTGACCGTCAACGCGGCGCGCGGTTTTCCCAATTCGGGCGAGCTGCTCGGGCTGAACGTCCGAGTGGTCGACAGCGCCCTCTTCAAAGACATGATCCGCGCCGGCCGCCCGATCGCCGTGGGCGATTCCCGCGAAGACCCGCGCTTCCCGGCCGTTGAAGCGCCGCGTCTCTCGTGGATGGGCGTCCCGCTCATCGCCAAGGGACAGGTGATCGGCCTGATCGCCCTCGAAAAAACGCAGGCCAATTTCTATTCCAGCGAACACATCCAGATCGTCACCACATTCGCGGGCCAGGCGGCGGTGGCGCTGGAAAACGCCCGCCTGTTCGAAGACAGCCTGAACCGCGCCGTGGAACTGGACGAACGCTCCCAGCGTCTCGCCGCCCTCAACCGCTTCTCCTCCGGGCTGAGCGGCCTGCTCGACGCCGACCAGATCCTCGAACTCTCCGCGCAGGAACTGTTGAACGCCTTTGGCGCTTTGCGCGTTTCGGTGGTGGGCTTCGAGCGAGACAAGGCGACGCTGAAAAGCGTCCTGCCGCGGGCGCGCCGCGCCTTGTCCAGGCCGCTGCCCGACGCGCCGCTCTTTCAGCGCCTGCGCGAGTCGCGCGGCGTCTACCTCACCGAAAACGTGTCTTCCGAGCAGGATACCCAACCCCTCCTCGAATTCCTCGGCCCCGACACGCGCAGCCTGATGATCTTGCCGCTGGGCGCGGCGGAAGTGCGGGCCCTGATCGTCCTCCACGGAGGCGAAGCCGCCCGCTTCGGCCTGACCGAGATCGAACTGGCGCGCACCATCGGCAACCAGGCCTCCATCGCCCTTGAGAACGCCCGCCTCTACCAGTCCACAGTGCAGACCGCCGAGCGTTTTGTCGTCCTCAACCAGGCCAGCAGCGAGATCAACTCCAGCCTCGACCCGGAGGAGATCTATCTCTTCATCCATAAAGCCGTCCAGCGGCTGATGCCGACGGAGGCGTTTGTCATCGCGCTTTTGGATAAGGAAGCGCAGGACATTGAAGGCGTCTACCTGATGGACGGCGACCAGCGTTCGCCCAACATGCGCCTGTCGCTGGGGCAGGGATTGAGCGGCCGCGTGATCGAAAGCGGCGAGCCGCTGCTCATCCACACCACCCAACAGATGAACGAAATGGGCGGCATTACCATCAGCAAAACAGCCTCGCCCCAATCCATCATCGCCGTCCCGATGAAGATCGGCGGCGAAACGATCGGCATGCTTTCCACGCAGAGTTACCAGCCGAACATCTATACCCAGGAGGACGTGCAGCTGCTCAGCACGCTGGCGAACCAGGCCATCGTCGCCATCCAGAACGGACGGCTTTTTGCCGAGACCCAGCGGCTCGCCGAGGAACTCGAACAGCGCGTGGTGGAACGCACCGCTCAACTACAACACGAGCAGCAGAACACCGAAACGCTTCTGCGCATCCTCACCGAAGTCTCCTCCAGCCTCGATTTGGACCGCGCCCTCAACCGCACACTGGCGCTGCTCAACGACGCCATCGGCGCGGAGCAAGGCACCATCATGCTCCTGCAATCCGACGACAACATGCTCCACTACCGCGCCGGCTACGGATACCTGTCCCGCCAGGCGGTGGACGAGAGCCGCGCCGTCACCCTGCGCGTCGGCGAGGGACTGGCGGGCTGGGTGGCGGAAAACCGCCAGGCCATCCTCATCGAAGACCTGCACCAGGACCCGCGCTGGGTGCGCTCGGCCACCGGCTCGCGCGAACACCGTTCCTGCATCGTGGCGCCCATGATGGTTGGCGAAGACATGATCGGCGTGCTGCTGGTCTTCCACCGCAAGGTGGCGCACTTCAACCCCGAATTGCTGAACCTGGTGCAGGCCATCGGCGGACAGGTGGCCGTCTCCATCAACAACGCCCATCTCTACGAACTCATCCGCGACCAGGCGGAACGTCTCGGCTCGATGCTCCGCAAACAACAGGAGGAGGCCAGCCGCTCGCAAGCCATCCTCGAAGCCGTGGCCGACGGCGTCCTGGTCACCGGCGCGAACAACAAAGTCACGTTCGTCAATCCGTCTTTGGAACGCATCCTCAACCTGTTCTCCGATCGGATTCTCGGACAGTCGCTGGACACCTTCGGCGGATTGTTCGGCAAGGCGGCCGGCGCGTGGATGCAGACCATCCAGGGCTGGTCCGAAGACCCGGCCTCTTACCAGCCGGGCGATACCTACGCCGAGCAGATCGAACTGGAAGACAACCGCATCGTGCTGGTGCATCTTGCGCCCGTCATGCTGCAAAACGATTTCCTCGGCACAGTGTCCATCTTCCGAGACGTCACCCACGAAGTCGAAGTGGACCGCTTGAAGTCCGAGTTTGTCGCCACCGTCAGCCACGAACTCCGCACCCCGATGACCTCCATCCGCGGCTACGCCGACATCCTGCTCATGGGCGCGGCCGGCGCGTTGAACGAGAACCAGTCGCACTTCCTCTCGATCATCAAGAACAACACCGAGCGGCTCAACATCCTGGTCAACGACCTGCTCGACATCTCGCGCATCGAAGCCGGGCGCGTGACGCTTGCGCCCCAGGCCCTCGACCTGCGCGAAGTGGCCGAAGACGTGCTGGCCGACGTGCTGCGCCGCTCGCAGGAAGAGAACAAACCCCTGGCGATCTCGCTCGAAGCCCCGCGTGAACTGCCGCGCGTCCACGGCGATTCG
CP129485.1_gap17	347928	350135	2207	GACGACGCGGGCAGTTGGGCGCAGCGCGCCCGCGTCCGCGGGAGGCTGTTCGGATTCAGCCTCCATCCGCTCGAGGAGGGACTCGACGGCGCCTATCTCGACGACGGCTTGATCGCCCTGCGCGACGGTCACGCTTACGTCCCGCTGCTGCTGCGCGAGAAGATCCAGCTGCGCGGCGACCACAACGTGCGCAACGCGCTGGCGGCGTTTGCCGTCGGTCACGCGGCGGGATTTCCGCTCGACGCGATGTTGACCGCCGCCGAGGAATTTCGCGGCGTGCCGCACCGCCTGGAATTCGTCCGCGAGCGGAACGGCGCGCGCTGGTATAACGACTCGATCGCCACCGCCCCCGAGCGGACGATGGCCGCCGTCCGCGCGTTCGAGGAGCCGATCGTGCTTCTGCTCGGCGGGCGCGACAAAAACCTGCCGTGGCAGGCCCTGGCAGACCTCGTCCACCGGCGCGTGGAGCATGTGATCCTCTTCGGGGAGGCGGCGGGCGTCATCGAGGCCGCGCTCGGCCCAACGTCGGGCGCGACGCGCACGCAGACGCGCTGCGCGGGCCTGCGCGAGGCGATCCACCGCGCCGCGCAGGTGGCGGAGCCGGGCAGCGTCGTCCTGCTCTCGCCCGGCGGCACAAGTTTCGACGAGTTCGCCGATTTTGCGGAACGCGGAGAAAGGTTTAAAAGATGGGCGCTGGAACTTTCGTAACGACGCCGGCCCAGGCCGCGAAAAGCGACCGCCCCGCGCCGGCCCGCAGCGTGGACGCGCCGTTCCTTCTGGCGCTGATCGGGCTGATTGTCTTCGGCCTGATCGTGCTGTTTTCGGCGTCGTGGGATTTTTCGCTGAACATGCTGGGGCGGGAGCCGACCTATATGTTCGGCCGTCAACTGCTCTGGCTCGGCCTCGGCGCGGCGGGAGCCTACGCGCTGTCGCGTTTCGACTATCACCATTGGAGCAAACTGGCGGCGCCGGTCGCGCTGCTCACCATCGCGATGCTGGCGGGCGTTCTGTTGATGCACGAGATCCGCTTCGGCGCCAAGCGCTCCTACTTTGAAGGCTCGGTGCAGCCCTCTGAACTGGCGAAACTCATCAGCATTATTTACCTGGCGGTCTGGCTGTACGCCAAGCGCGCCTCGCTGCATATTTTCAGCCTCGGCTTTTTGCCGCTGAGCGTCATCCTCGGAATTTTCGGCGGACTCATCTTTCTACAGCCCGACTTAAGCGCGGCCGGGACGGTCCTGCTGATGGGCGGCCTGCTCTTCTTCCTCGCGGGCGGCGACTTGAAACAGATCCTCATCATGCTGGCTGTGACGTTGCTCGTCGGCTGGCTGGTGGTGCAGGTCAGCGCGACGGGACAGAAGCGCATCGCCGATTTTCTCCTCGGCTTGAAAGACCCGACGCAGGCCTCGTACCACGTCCTGCGCTCGTTCGAGGCGATCGTCAATGGCGGCGTCTTCGGCCGCGGGCTGGGACAGTCGCTCAGCAAATTCACCGGCCTCCCCGTCCCGCCGACCGACAGCATCTTCGCCGTCGTGGTCGAGGAACTGGGGCTGGTCGGCTCGGTCTTCCTGATGGGACTCTACGTCCTGTTGATTTGGCGCGGCCTGGCGATCGCCCGCCTCGCGCCCGACATGCTGGGGACTCTGCTCGCCTCGGGGTTGGTCCTGTGGGTCGGCGCGGAGGCGCTGATCAACATGGCGGTGATGGTGGGCTTGATGCCCTTCGCGGGCAACGCCCTGCCTTTTGTCAGCGCGGGCGGCTCGAATCTGACCATGATGCTGGCCGCGTGCGGAATTGTGATGAACGTCTCGCGCCAGCGCGGCGCGGTAGCGCGAAGCGACGATGAATGGAGGTCCTTCGGTGCGGATCTTGATCTGCGCGGGCGGAACGGGCGGCGGCGTGTATCCCGCCCTCGCCGTCCTGGAACGATTGCAGAGTGACTCTGCGATCTCGAATATGGAACTCCTGTGGGTGGGCGGGGAGGGCGGCATGGAAGAGTCCCTTGTGAAGCGCGCGGGGGTTGCGTTCCGCTCCATCCCGGCCGCGGGCGTCCACGGCGTGGGACTGCGCGCCCTGCCTCGCAACCTGTCGAAGCTGGCGCGCGGCTACTTCGCCTCGCGGCGCATCCTGGGCGAGTTCCGTCCGCGCGCGCTGTTCTTCACCGGCGGTTACCTGGCCGGGCCGATGGCGCTGGCGGGGAGGGACAT
CP129485.1_gap18	351217	353275	2058	GTATCTGGTGATGGGCACATTCTGGTCTTATTGGGCCGAAGCCGGATATCCCGGCGGGTTTGTGCAGCCGGCTAAGCAGAACGTACAAGCGGTGATTGACAAAATGCTCGAATACATGCCGCCGCATTTACTCGGCGAGCCGGGCATCTACTTCGCGGTCATCATCGTCCTCATTTTTATCCTGGTCGTCTACGTTTAATTGCCATGACACACGTCCACTTCATCGGCATCGGCGGGAGCGGAATTTCCGCCATCGCGCGCCTCCTGCTGGAGATGGGATATACCGTCTCCGGCTCGGACCGCGCCCTCTCGCCGTTTGCCGGGAAGCTGCAAGCCGACGGCGCGACCGTCTTCCTCGGTCACGACGCCCGGAACGTTTCGGGCGCGGACTGGGTGGTGCGTTCCTCGGCCATCGGCGACGACAACCCCGAAGCGCTCGAGGCGCGGGCGCGCGGCATCCCGGTCTACAAACGCGCCGAGTTCCTCGGTCAACTCATGGAAGACAAGATCGGCATCGCCGTGGCCGGCGCGCACGGCAAGACCACCACCACCGCCATGATCGTCTGGACTCTGTTCGCGCTCGGACGCGACCCGTCGTTCATCGTCGGCTCCACTGTCGCCAATCTGAAGACCAACGCGCACGCCGGGCGCGGCAAAGCCTTCGTCATCGAAGCGGACGAGTACGACCGCATGTTCCTCGGCTTGAAGCCGTTCTACGCCGTGGTCACCAACATCGAACACGACCATCCCGATTGCTATCCGACCTTCGAGGATATGTACGCGGCCTTCGCGCAATTCGTTGACCTGCTGCCCGCGGACGGCGCGCTCGTGGCCTGTCTCGACGATGCCGCGGCCAGCGCGTTGATGAACGAGGCGCGGAAGTCCGGTCGCCGCGTGGTGGCTTACGGCTTGCAGGGCGAAAGCACGCTCAATGCGCCGCACTGGATGATGGCGCGCAACGTCCATCCCAACACGCGCGGCGGATTCGATTTCGAGGCCGTCTCCAACCTCTTCCCCGAGACCGAGGCCATCCCCGTCTCGCTGCAGGCGCCGGGCGTCCATAACGTCCAAAATTCATTAGCCGCGCTGGCGGTCGTCTCGTTGATGGGACTCCCGCCGAAGAAGGCGGCCGAGGCGCTGGGAGAATTCCGCGGCGCGGCGCGCCGTTTCGAGGTCCTGGGCGAGGCGGACGGCGTCGTCGTCGTCAACGACTACGGTCATCATCCCACCGAGATTCGGGCCGCGCTGGCCGCGGCGCGGGCGCGCTATCCCGGCCGCCGCGTCTGGGCGCTCTGGCAGCCGCACACCTACTCGCGCACGCAGGCGCTCTTCGAGCGGTTCGTCACGGCCTTCGACGACGCCGACGAAGTTCTCGTCACCGAGGTCTACGCCTCGCGCGAGGCCGCGCAGGATTTCACCAGCGCGATGGTCGTCAGTTCCATGCGCCATCCCTCGGCGCATTTCGCCGCCACGCTCGACGACGCGACCCGTTACCTGCTCGAACATCTCCGCCCCGGCGACGCGTTGATCGTCCTCTCCGCGGGCGACGCCGACCGGGTCGGCGCGGACGCGCTGGCCGGATTGCAGAAACGCGAGAAGTGAGGAGCCATGAAAAAATCGAAATCGGAAACCCGCCGCTTTGAATCCGACGCGCTGGCCCTGCCTCCGCTCAAGATGGCGCTGATCAATACGGAAGCCATCCGCAGCGAGGGCAGGAAGAAGGCGAGCAAACTTCGCAGGATCGCGAAGGGCGCGAAATACAAGGCGGCGGTCGAGAAGTTGATCGTCCATTTGACGAAGATATAGGGATGAGGATGCCGACGATCGCCGATCTGCGCGCTGCCTTTGGAGAGCGGCTGCAAGAGAACGTGACGCTTGCGCCGTATACCTCCGCGCGCATCGGCGGCCCGGCGGACGCGCTCATTACCGTCAAATCTGCGGATGAGCTGGCGGACGCGATAACTCAATTATGGGCGATGGACGCGCCGTATTTTATCCTCGGCGGCGGATCGAACGTCCTCGTCAGCGACCGGGGCGTGCGCGGCGTGGTCGTGTTGA
CP129485.1_gap19	359528	361674	2146	CCAAAGAGAACCCGGGCGATCTCCGGCCCTGAAAAGGATCTGTACCACACGCTGTTTAAAGAGGCGATGGACGGTATTTTTATCGCCGATCGTCAGGGGAACTATATTGACGTCAACGCGCGCGGCTGCAAGATGCTGGGTTACACGCGGCGCGAAATCCTCCGCATGAACTTGCGCGACCTGATCCCGGCCGAGGATTTGAAGGCCACTCCTCTCCGCCTGGAGGATATATTGACCGGGCAGACGGTATCCAATGAACGCAGGCTGTTGTGTAAAAACGGGAAACTTCTGCCGGTGGAGATCGGCGGACGCCGGCTTTCGAACGGGAACCTGCTCGGCATCGTGCGCGACCGGAGCGCCCGCGAAAAGGCGGAGATGGAGAGCCGCGCCCTGGCGCATTTCGCCGTCGAGAATCCCACCCCCATGCTGCGCGTCGACGCGGACGGGAAGATCGTTTTCGCCAACGACGCCAGCCGTCCCCTGCTGAAATCGTGGAAGACCCGCGTGGGACGCTCGCTGCCCCGGGAGTGGAAAACCTTCATCGGCGAGCGACTCGGCGGCGGGTCGCGCGCCCAGGCGGAGGTCGTCTGCGGTGACCGCGTGTTCTCCATCCTGTTCGTCCCCGCTCCCAAAGACGGCTTTGTCAACCTGTACGGCCAGGATGTGACCGAGGAAAAGCAGGAGGCGCGCCGCTATCATTTCCTGCTTGATCAGTCGCATGACGCCATTTTTATTCTTGACTTGCAGGGCGGCTATATTCAAGCCAACCAGCGCACTGCCGAAATGTTGGGCTATTCGCTGGAAGAATTGCAACATCTCAACGTGCAGGATACCTCGGCCGAGCCGGAGACAAGCCGCGAACTGTTGAAGCGTTTACTGGGCGGGGAGCATATTCCCGCTTATGAGCGCCTCCTCCGCAGGAAGGATGGCAGCGTTTTCCCGGTCGAGATCAACATGGAATTGGCGCGCGATGCCAACGGCCAGCCGCTTCACGTCCAAAGCATCGTGCGGGATATTTCCGAGCGCAAAACGATCGAGCAGGAATTGCGGGCCAGCGAAGCCAAATACCGCACGCTTATCGAGCAGCTGCCGGCGGTCGTCTATTTGGACGTGCTGGACGGGAAAGGCACTTCGCTGTTCGTCAGCCCGAAATTGGAGGAAATTCTGGGCGTGACGGCAGAAGAATGGCTGGACAGCGACAACCAGATCTGGCTCGATCTGATCCACCCGGATGACCGCCAGCGGATGAGCGAAGCGGTCGGCAAATTGACCGTCGCCGGCCAGGAATATGATTACGAATATCGCGTGATCAGGCCCGACGGCAGGATGATCTGGCTGCGCGATAAGGGGGCTGTATTACAGGGGAAATCGGGCGAACTGTTGCTCCAGGGGATCATGTTCGATATCTCGCAGAATAAACTCGCGGATTTTGAACTGGCGGAGTCTTATTCCCTGCTGGAGACCACGCTCGAAGCGACGGCTGACGACATCCTGGTTGTGGACCGGGAGAACAAGATCGCCCGTTTTAATCAAAAATTCGTCGAAATGCTGCAGATCCCCGCTGAAATTCTCGCGACGCGCGACCACGAGCAGACGCTGGCTTTTGCGTTGCCGCAGATACCGAACCCGGATGATTTTCTGCGAAGGGTGCGGGATGTGTACGAGCATCCCGATTCGGACAGTCTGGACACGTTGATTCTGAAAGACGGGCGCGTCATTGAACGTTTCTCGCAGCCGCAGTTTTTGAACGGAAAGATCATGGGGCGGGTGTGGAGCTTTCGCGATGTGACCGGGCGCAAAAAGACAGAGCAGGCCCTGCGCGCGAGCGAACTCCTGCTTCGCCAGGCACAGGCCGCCGCCGGGCTTGGAAGTTACGAAGCCGATCTGTTGACGAAAACATGGAAAGGCTCCGAAGTCCTCGACCAGATCTTTGGGATAGACAGGGAATTTGATCACAACCTGGCGGGATGGCTGCTCATCATCCATCCCGACGATCAGGAAGCGATGCGGCGTTCTTTATGGCAGGCCATTGACAATGGACAGCCGTTCGATATGGAATATCGCATCATCCGCCGGGACAACGGCTCCACGCGCTGGGTGCATGGGCTTGGCAAAGTTGAATTCGACGAGGGCGGACAGCCCGTGA
CP129485.1_gap20	481256	482487	1231	CAAGGATCAGAAGAGGACCGTGCGCGCGCTGGGTCTGCGCCGGATGAACCAGACGGTGGAACACAAGGACAATCCCGCCCTGCGCGGGATGCTGGCCAAGATCAGCCACCTGCTTCGAGTGGAAGAGTAGACCGAAAATGAAATTACACGATCTCACGCCCAATCCGGGCTCCAAGAAGAATCGCAAGCGCGTGGGACGCGGCTCCGCGGCCGGCCAGGGCAAGACGGCCGGGCGCGGCACCAAAGGACAGGGCTCGCGCTCCGGCGAGGGCGGACGTCTCTATCGCCAGGGCGGCAACCTGCCGTTCTATCGCCGCCTGCCGTTCATGCGCGGCGAAGGATTCCGCTCCATCAACCGCGTGGAATACAACGAAATCAACCTGGACCAGTTGACCGAGTCGTTCCAGGCGAACGCCGAAGTCACGCCCGAATCGCTGGCCGAGGCGCGGCTGTTGCGCGACCCGCGCAAGCCCGTCGTCATCCTCGGACGCGGCGAGGCGAAGTCTGCCCTGAAAGTGCGCGTCCACCGAGTTAGCGCGGCCGCCAAGTCCAAGATCGAGGCGGCCGGCGGCAGCGTGGAGTTGATCGCCTAGCGGCGTTTCATCAGGAGACCTGACATGGCTCAAAAGAAACCCTCCGCATGGCGTTATGTGCGGCACATTTGGAACTCGCAGGATATCCGCCAGAAACTGCTGGTCACGCTCGGTCTCCTGGCGCTCTATCGCCTGGCGGCCAACGTCCCGGCGCCGGGCATCAACCACGACGCGTTGCAGGCGTTCACCAGTTCCGCCAACGCCGGCGGGAACTTCCTGGGTTTCCTCGACCTGCTCTCCGGCGGGACGATCTCCAATTTCTCCCTGCTCTCGATGGGCGTCTACCCGTACATCACAGCGCAGATCATCATGCAGCTGCTCGTGCCGATCATCCCCGCTTTGCAGCGCCGCGTGGAGGAAGACCCGCGCGAAGGCCGCAAGTGGATGGAGAAATGGAACTACTACCTGGCTGTGCCTATGGCGGCGCTTTCGGCCATCGGCCAGATCAATATCTTCAACTCGCTGGCCTCGCAGGTGATTGTGCCTTTCGGCTTCACGAAGGACCTGTGGCTGTCTTCGACGGCCATCCTGCTGGCCATGACGGCCGGTACGATGTTCGCCATCTGGCTGGGCGAGTTGATCTCGGAATACGGCATCCGCGGGCAGGGACTTTCCCTGATCATCTTCGCGGGCATCGT
CP129485.1_gap21	485915	490374	4459	GAATCCGACTATGCCCGCCAGCTGCGCGCCAAACAGCGCGCCCGCCGCGTCTACGGCATCCTCGAACGCCAGTTCCGCCGCTATTACGAGACCTCGGTGGCCCGCCGCGGGTTGACCGGTCTCAACCTGCTGCAGATCCTCGAGTCCCGTCTCGATAACGTCATCTACCGTCTCGGGTTTGCCGCCAGCCGCGCGCAGGCCCGCCTGCTGGTGACCCACGGCCACTTTATGGTCAATGGCCGCCGCACCGACATCCCCTCGATGATCCTTAAAGAGGGCGATACCATCGAAGTCCGCGAAGGCTCGCGCCCCCTGTCCTACTTCAAAGAACTGGGCGACCTGGCCGAGAAGCGCGTCTCGCCGGCCTGGCTCGGACGCGACCTCAGGAAATTGAGCGGTTCCGTCGCGCGCCTGCCTGAGCGCGCGGAGATTGACGGCAACTTGAACGAACAGTTGATCGTCGAATACTACTCACGGTAGTACTGGTCAACGCTTCGGTCGGTCGAGCGACCGGCCGAAGCCTGTTTTCTAACGACAGGAGAGGTGAACCGTGACGGGTATCACGAACATGGTCATGCCGAAGATCGAGCGCGAAGCGGAAGCTCGCAACTACGGCAAATTCATCATCAGTCCGCTTGAGCGCGGCTATGGCGTCACCGTCGGGAACGCGCTTCGCCGCGTCTTGCTGTCCTCGCTGGACGGCGCGGCCGTGACCTCCATCCGCATCCTGGACGTCCTGCACGAGTTCAGCGACATCCCCGGCGTGCGCGAAGACGTCATCCAGGTCACGCTGCAGGTCAAACAACTGCGCATGAAACTGGACGGCGTGGACAGCGCCCGCATGCACCTGGAAGTGCGCGGCGAAGGCACCGTCACCGCGGCCGACATCATCGCGCCGCCCGAGATCGAGATCGTCAACCCGGACCTCTTTCTCTTTACGGTGGACAGCCCCAAGGCCAAACTCGACATCGAATTTATGGTCGAACGCGGACGGGGCTACTCGCCCGCCAACGAACGCTCGGGACATACGCCCATCGGCGAACTGCCGGTGGACGCCATCTTCAGCCCGGTCAAACGCGTGAACTGGGAAGTGGGCTCGGCCCGCGTCGGCCAAAGCACCAACTACGACAAACTGACGCTCGAGATCTGGACCGACGGCGCCATTTCGCCCGAGCGCGCCCTCAGCGCCGCCAGCCGCGCCCTCATCGACCAGCTGCGGTTCATCGCGGGCATCAGCGAAGAAACGCTGACAATCCCCCTCGAGAAGGAAGTCGCCGGCGGCCGCATCACCAGCGAAGTGGCTGAGACCCCGGTGGAAGCCCTCGACCTCTCGGTGCGCGTCTTCAACTCTCTCAAGCGCACCGGTATCACCAACGTGGGCGACGTGCTGGACCTGCTCGAAAAGGGCGAGCAAGCCGTCATGTCCATCCGCAACTTCGGCGAAAAGAGTCTCGACGAACTCCGCCAGAAAATGCGCGAAAAGGGCTATTTGAAAGACGATACGACATCCGCGGAGTAATCAGATATGCGACACCAAGTATCCGGCTACAAACTGGGACGCACCAAAAGCGCCCGCATCGGTTTGCGCCGCAACCTCATTAAACAATTCTTCACCCACGAGCGCATCCGCACCACGCGCGCCAAGGCGGCCGCGGTGCGCGGCGAGGCCGAGCGCCTCATCACCATTGCGCGCAACAGCGCCGACAAGGACGAGGCCGCCAAAGTCCACGCCCGCCGCCTGGTGGCCTCCCGCCTGGGCGGAAACGAAGCCATCAAGCGCCTCTTCGACGAGATCGCCCCGCGCTTCGCCAACAAACCCGGCGGCTACACCCGCGTGGTCAAACTCGGCCCGCGCATGGGCGATTCCGCGGAAATGGTGATCCTCGAACTTGTTGAGGAATAAGAGAGTAGAGAACAGAGATTAGAGAGTAGTACCTGCTCTCTGCTCTCTACTCTCTAATCTCTGCACATGGCACGTTACCAGTTGATCCTTGCCTACGACGGCGCCAAATTTGCAGGCAGCCAGAGGCAGAAAGCCAGACGGACGGCCCAGGGCGAACTCGAAAAAGCCCTGCGGACTCTCGGCTGGACGGGACGCTCGGTCCTCATCGCCGGACGCACCGACAGCGGAGTCCACGCCGAAGGGCAATCGGTCGCGCTGGACTTCGAGTGGACTCACGGTCCCGACAAGTTGCGCGCCGCCCTGAACGCGGCCCTGCCTCCCGACCTGGCCGTGCGCGCCGCCCGCGAAGCGCAACCCGACTTCCAGCCGCGCTTCGACGCCGCCTCGCGCCTCTACCGCTACCGTCTCTTCTGCGACCCCGTCCGCGACCCCGTACGCGAACGCTACGCGTGGAGAGTCTGGCCGGCAGTAGATGGCGGCCTGCTCCGGTCGGTCAGTCCCGTTTTTCTCGGGAAGCACGACTTCGCGGCCTTCGGCTCGCCGACGACGCGCGGAGGCTCCACCGTCCGGACGGTCTCGCTCTCAGCGTGGACCGAGTCGGAGGGGGAGTGGCGTTACGAGGTCCGCGCGGACGCGTTCCTGTATCGCATGGCGCGGCGCCTCGTCTTCGCTCAGGTCGCCGCGGCGCAGGGCAGGTTGACCGTCGGGCAGATCCGCCGGGCGGTCGAAGAGCAGGTCAAACTCCCCTCGGGACTGGCTCCCGCGCACGGGCTGAGTCTGATCGAAGTCGCCTACAAGGATTCAACCTTAAATTAAAAACCGTAAACCGTCAGTTGGAGTAACGATGTTCAAGTCATATTATCCGAAAGCGGGCGAGATCGAGCGCAAATGGTACGTGGTGGACGCCACCGGGCAGAACCTGGGGCGCATGGCCACCCGCATTGCGCGCGTCTTGCTCGGCAAACATAAACCCACCTTCACGCCCGGCGTGGAGATGGGCGATTACGTGGTGGTGGTGAACGCCGGCGCCGTGGCCGTGACCGGCACGAAGACCAGCAGCCGCCTGAACACGAAGAAGTACTACCATCACTCGGGCTATCCCGGCGGGATGAAATCCATCACCCTGCGCGACCAATTGCAGACGCGCCCCGACCGCGCCATCCGCGCGGCGGTGTGGGGCATGCTGCCGCACAACCGCATGGGACGCTCGCTCTTGAAGCGTTTGAAGATCTACGCCGAAGCCGAGCATCCGCACGCGATGCAGAAACCCGAACCGCTGGCTTAAGGAAAGGAAAGAAGAATGTCTGTGCAGTATTATGAAGGCATCGGCCGCCGCAAGGAAAGCGCCGCCCGCGTCCGCCTGATGAGCGGCTCGGGCAAGTTCACCGTGAACGACAAGGAAGCCCAGGATTACTTCACCCGCCTCGGCGATATGCAGGCCATCCTCGCGCCGCTGGCCTCGGTGGGACAGAATCCCATGTCTTACGACATCACCGTCAAAGTGGACGGCGGCGGCGTGACCGGGCAGACTTCCGCGGTGCAGCTTGGCATGGCGCGCGCGCTGGTCAAGATCAACCCCGATTGGAATTCGGCCATGCGCAAGGGCGGCTACCTGACCCGCGACGCCCGCATCAAGGAACGCAAGAAGCCGGGCCTCAAGCGCGCCCGCAAGGCTCCCACTTACACCAAACGTTAAACTCTTTCGAGTTGACTTTCTGGTTGGTAATTTGTATTGGTAAATGGTAATTACCATTTACCAATTGCCTTTTAACGGAGGCTTCGATGGATTTCAATCTTGTCTTGCAGGCATTGGATGTGTTGAATCTTGGCGAAACGTCGCGGCTGGTCCTGCTCGAGGCGCGGACTCTGGCCGAGGCGCACGTGCCGCCCTTCCCATCCGAATTCCCCGCGCTGTTGACGGGAGTCGACTCGCCCGAACTGGCGGCGCGCGTCCGCGAGGTATTGTTGACGGTGTATCCGAGGGGGCATGATATTACTGCGGTTGAAGGTTCCAGGTTGAAGGTTGAAGGTCTCGGTAAGTTTCAACTTTCAACGTTCAATTTTCAACCTTCAACCTGTTTTTACATCCCCGCGTTGACGGAGGGGACGGCGTTCGAATCCTTCCACGAGATCGTGGCGCATTTGCGCGCGCCCGACGGCTGTCCGTGGGACCGCGAGCAGACTCACCTGTCCCTGCGGACGAATTTGCTGGAGGAGTCCTACGAGGCGTTGGAAGCAATCGACGCGGGCGATTTCGATTCCATGCGCGAGGAGTTCGGCGACCTGCTGTTGCAGATCGTCCTGCACGCGCAGATCGCCAGCGAGGAGGGACAGTTCACGATGACAGACGTGGTGAAGGGCATCCACGACAAGATCGTCCGCCGCCATCCGCATGTGTTTGGAGATGTGGAGGTGGACGGGGTGAAGGATGTGTTGACGAATTGGGAGAAACTAAAAGAGAAGGAAAGAGGAAAGAAGAAAGAAGAAAAAGGGCTGTTGGATGGAGTCCCGCTGTCATTACCCGCGTTGACGCAGGCGCAGGAATATCAAGATCGC
CP129485.1_gap22	539486	544386	4900	TTTTCGACCATGGCGGGCATGGATTTCCGCAACCAGCGATTCACTCCCCAAAGCGAGATCGGCGCGGCGAGGATGAGCAGGCCGAGGAAACAGAATCCGCCCAGGATGAAGATGGACGCGGCGACGTTGGGGAGCGCGCTGCCAGCCGAGGGGAGGAGCATGCGTCCGCTCGAAAAAGTCGTCACGACAACGCAGGCGTTCCACAGCCCGTGGAAGGAGATTCCCAGCGCGTAACGTCCCAGCATGGGCAGGAAGCGCTTCTGCGCGGCGAACATGCCGATGCCCCAGCCGATCACGGCGCTGGCGAGGACGTGCATGGAAGCGCTGGCGGCGCGGATGCCGAGGGTGAAGCCCCAGGTTTCGTTGGGCGCGGCGGAGATGAAGAGACCTTCCATCAGGGCGAAGCCCGCGCCGCTGAGCGCGCCGAGGGCGAATCCCTGCGCGGGCGAAGCCAGTTTGCGCCAGGCCAGCCATACGGCCAGCGACTTGGCGGTCTCCTCGACAAGCGGGGTGACGACCGACAGGAGGAGCAGTCCGCCGAGCAGCGCGAGCGGGCTGGTAAGGTACGGTCCCAGCAGGAGGAGCGTTTCTTCCTGGCTTGCGGCGCGTTTCACCTGTTCCATCAGGGATTGGAGCGCCTGTATCCGCCCGGGGTCGAGCGCCGCGTAGATCGCGATGACGACGATGCCGAGCAGGACGGTCAGTCCCTCCGCGAGGATGGAGAGGAGCGGGGCGACGGTCATTCCTGCGGAAAGCGCGCTCCAGGCGCGGAGGCTGCTGCCTGCATCCAACCCGCCTGCCGCGAGACGCGTCAGCGCGTAGACGGGAATCCCGATGGACGACAGGTAGAACGGGATGGCGAACCATTGACTGAAGACGCCTCGGTTTAGAACGGCGGCCAGCGTGACGGAGAGAATCCAGCCGGCGAGCAGCAGCAGTCCCAGCCAGATAGAGAGCGGGCGGAGGCGCGCCGTTTCTTCGGGACGGTTTCGCAGGCGGCGCAGGGCCAGCAGCCCAACGCGGCCGACGAGGACGGAGGCGAGGAGGAACGCGGCCAGGTAGAGGGAGACGCGGAAGAAGCCGGCGCCGCGCGCGCCGAGTCCGCCTGAAAGTCCGCTTGCCAGCAGGATGGCGCCCGTCCCGACGAGGGCGACCACGACCAGCCCGCTGGCGATTGCCAGCAAAAACGCGCCGATGTCGAATTCGTTTTTCTGTTCCATTAATGCTCCTCGATGACGACGCGCAGGATGAGATCGCCGTCCGCCAGGACCGCGTCGCTGCCGGGGTCGCGGGGGGTGAGTTTTTGCAGCGCGTCCATCCCGCTGATGACGCGGCCGAAGATGGTGTAAGCGCCGTCCAGGCTGGGCTGGGCGGAGAACGTGATGAAGAACTGGCTTCCGTTCGTGCCAGGGCCGGAGTTTGCCATGCCCACCATGCCGGGCTGGTCAAATTTCAGCGACGGGGAGATCTCGTTGCGGAAGAGATAGCCGGGGCCGCCTGCGCCCGTCCCGCTGGGATCGCCCGCCTGCGCCACAAAGCCGGGGATGACGCGGTGGAACGTCACGCCGTCGTACCATCCCTGCCGGGCGAGGAAGATGAACGAGTTCACGGTCAGCGGGGCTTTGTCCGCGTATAGCTCGATCACGATCTCGCCTTTTTCGGTTTGGAGTCTCGCGAGGTATTGCCTGTGCGGGTCAATGCTCATTTCGGGACAGGACGAAAACTGACGTTTGCCGAGCGCGAGCAGGCGCGTCATCTGGTCGAAGGCGTTGTAATCGGTGGGACCGTAATAGATTTCCCCGTTGATGAGGACGAGCGGCAGGACGGGGATGCCCGCGGCTTGCGCGTCCGCTTCGGCTTTTTTGATCTTCGCGAGGACCGCGGGGTCGTCGAAGTCCGCCTCGAACCTGGCGCGGTCGAGGCCGATCTCCTCGGCTTCGCGCGCCGCCCAGGGTTTGAACGCGTCGGGGCTGAGGCCGATCCACTCGGATTGTTTTGCGAACAGGACGTCGTGCATGTCCCAGAACCGCTCCTGACGGCCGGCGGCCTCGGCGGCCTGCGCGGCGAGATAGGATTTGTCGTAGCGGTCGGGCTGGGGATAGTGGCGATAGACGAGGCGCACGTCTTTGGGATGCGCTTCCGACAACGCGCTCAAGACGCGGTCGTTGCATTCGACGCATTGGAAGTCGTCGTAGAGGATGACGGTCACGGCCGCGTCCGCGGGGCCTTTCGTCCACTCGCCCGCGCCGACGGCGGGGAAGAGCGAGTCTGAACCGGGGACGGGCGTCGGTTTGGACGGGACGGCGTTGCAGACCGGCTGGGTGGGCGCGGGAGTCGGGACGTCCACGCGAAGGGTCGGGGTCAATTCGACGCCGGGCGCGCAGGCGGACAGGAGGAACGCGAAAGCGAGAAGCAGGGCGGTACAGGTTTTTTTATTCATAAAAATTCGAGCGCGCTCACGGCGCCTTTCCGATGGCTTTGAGCAGTTCGTCGAAGGAGTCCATCTGCGCGATCTTGTAGAGGAAGTCCGCCAGCGTCGCGCTTTGGGCGCGCAGTTCGCGCACGGCGGGACCGACCGGGTCCTCGCCCGCCGGTCCGCCGGGGATGTCGGCGTACGCGCCGTAGAAGGCGAAGTAGGCCTGGTTCAGTTTTCGGATGGCGTAGCCGTTCTGCCAGAAGACCTGGCGGCGCGCTTCCATGTAGGCTTCGGCCTCTTCGATTTTCCCCTCGGCGAGCAATTCGTCCGCGCGGACGCGGGTGGTGTGCATCTCGGCGCGGAAGTCGAAGGGCGGCGGGGTTTCGGGGAGTCCCGCTTTCGGCGGGAGAAAGGCCCGGGTCCACGCGACCAGGTTGAGGTCCGCGCGGGAGGCGGCGAGGGTCGGGTAGTAGCGCGCCAGGAGGACGGGTCCGAGTTCGTTCTCGACGATGGAGGCGGTAGTCTCGTTCATCGTCCGCAGTTCGGGCGTGGTTCCATAGTTCGCCCCCAGCGGGTGCAGGCTGAGGAAGTTGTGCGTCCACTCGTGGATGACGACGCCGACCTGCCAGTTGAAGGTATCGGTGCGCATGACCATGGTGGGGTAGGTTCCGATGCCGCCGACCGGGACGACCAGCGTGGAGAAGTCGAGGGCCTGCGCGACGCCGTCTTCGATTTTGACCTGGTCTTCGAGGGCAATGTCGGGTTGGAGCGAGATGGACGCGACCTGCTCGATCTTGCTGCGCTTCGACATGATGAGGTTCATCGGCAGGGGCGAGACGTGGTAGAGGACGGGCGGGGCGGGCTGTCCGCCGAGGGTCAGTCCCTGCTCGGAGAGGATCTGCGACACCTGCCCTTGCAGGACGGATTCGGCCAGCGGGGCGATCTGGCGCTGGCGCGCGTCGAGCCGTTTGAGTTCGGCGCGCAGGTGGGCGGAGGCGGATTCTTTGTCTTTGACGTTGGGGTCGGAGAAGATGACCTGGAGCCGGTCTTCGGCGCGCAGGATGGATTCGGTGAGGCGCAGGGAATCCATGACGACCGAGATGCCGTCGGCGCGGGAGACGTAGTTGGGCAGGCCGAGCGCGCTTTGCTGGAGTTTGGTCCAGGCGGCGTCGGCGGTCCAGGCGTCGTAGTTGAATTCGTAGGGACGCGTGAAGGCGCGGGCGCGGTCGTAGAAGTATTCGGCGTGAGGCGCGGAGGAGACGAGACAGAAGACGCACAGCAGGCCGAGGAGCGTCCGTTCGAGGTCGGTCAGGATACGGTCCAACATGGCGGCGATTATACCCCGCAGGATTCAAACAAAAAGACGGCCACAGCCGTCTTTTGTGCCTGCCCTCCGAGGGGCTGTTTTTGCGTTTTCAGCGCTTCACGAATAAAACCAGACGGCTACAAAAACCACTTCCCGTCCAGCGCGGGCCATTCGTCCGATTGATCGGCGCGCTCCTCCCAATTTTCTTTTCCGCTCCACGATTCGATCTTCAGTTCATAGACGGAAGTCCGTTTCAACTCCTTCTCCGTGATGGGACGGTACTCGCGTCCCGGCTCCATTTCGGGGAAGTATTTTTTCAGCAGGCCGTACAGCGCGGCGCGCTGCTCCTCGTCCGATTCCAGGACGCGCACCGTCCCGAAGACCATCACGCTTCGGTATTGCAGCGAAAATTCGAGCGCCAGGTTCGAGGGGAGCAGGCGTCCCATCTCGCTCGCTTCGAGGCAGGCTTTCGGGTTGCGTTCCAGGTTGGCGCGCATGCGTCCCGCCAGGTTGGAATGAAAAACGATGCGATGATTCGCCTCGTCGAACCAGAAGGACGTCGGGATGACGAAGGGCTGGTCGTCCCACGCCGAAGCCAGATGCCCGACGTCGGCGACGCGCAGGAAGGCGCGGACCCACTCCTCGTCACGCGTGTGTTCGGGGCGGCGTTGACCGGCCGTCGGCGGCCGCGAGGCCAGGTCATAGTTGCGCGGCATTAGTCCACCTTCTCCACGACGACGGTCGCCTCGGCCACCAGCGCGGCGATCGCGCCGATGGCCGCCCACACGGGGACGAGGATCATACCCACCACGCCCAGCGTCAACGGGACCTCGATCAGCGTGCGGCCGTCCCTGTCCTTGATGATGATGCGGCGGATATTGCCTTCGTGCAGCAACTGCTTGATCTTCGCCACGAGTTCCTCGCCGTTCACGCGGAACTCTTCCGTGCCGTTGTGATATTGGCTCATCGTTTCCTTCTTTCGGTCAACAGGCGTTTGTACCAAAACATCAGCGCGAAGAATGCCAGCGCTCCCGCGCCGATGGTGACCATCCACAGGAAGCGCGTGTCAATAAAACTTTTTTGCAGGAAATACGCGCACGCGCCGAAGGTCAACGCGCTGAGGATGGAGACTTCCAGCGCGGTGTAATATGAAACGCTGTTGGTTTTGTATTTGGATG
CP129485.1_gap23	689912	694173	4261	GATGGCCTGCGAATCGGCCAGCGCCTGCCTGGTCTGGCTGAAGAGACGGGCGTTTTCGATGGCGATGGCTACCTGGCTGGCCAGGACGCTCAGCGCGGCAATATCCTCCTGCTGGAAGGCGTCGGTCTCCACGCTTTGCACGTCGAGGACGCCGATGATCTGTCCGCCGATTTTGAGGGGCAGGGCGATCTCGGAGCGGGTGTCGGGGAGGTCTGGGTTGTTGAAGTAGACCGCGTCCGCTCCTACGTCGAGGGCGACGCGAGGCTGCCCGTGCGCGGCCGCCGCGCCCACGATGCCGGCCAGTCCCACCCGCAGGCGGTGGCCGCGTTCCAACATGCGTTGGCCGCCCGCGCTGTTGGAGGCTTGCAGGATGGCGTATTCGCCGCGCTCGTCAATGAGGAAGATGCCGGTGTGATAGTAGCCAAAATGTTCGCTGACGACGCGCGTCACGGTGGGGAGCAGGCGCTCCAGGTCCTGGACGGTGGAGATGGCGCGCGCTACGGTGGAGACGGCCTCCAGTTGGGAGACGCGCCGCTCCAGTTCGGCGGTGCGCTCGCCGACGCGCGTTTCGAGGACGCTCTTGAGTTCGTTCAGTTCGCGGTTGGTTTCGATCTGGGCTTTTTCGCTTTGTCGCGCCTGGTCGGCGATCTGGCCCAGGCGACCGATTAACGTCCACAAACCCAGGCTGATGGCGAGCGTTATGAAGATGAAGACGAACAGGTCTATCAAGTTTGCGTAATCGGGAACTTTGGGGTGAATGGTTCCTGATCTTTCGGCTATCGCGAACCCTGTATAAACCAGGATCGCAGGGATGCCGGCTAATAGCAAGCCTTGCCTGCCAAGCAGGAGCCCCCCGATGACAATCCCGCCAACCAGCCCAACTATGGCGACATCATACGATCCGTATCCCCGGTACATGAACAGGGCGCTGATCAGGATGATGGATAGAGGCGTAACGATCTGCGCCGGCCAGTGAATTCGGCGCAGGGAGAGGATGATGGTCCCGGCCAGAATGACCGCCAATGCCAGCGAGGGCGCTTTGTTTACTTTAATGGATAAGGTGATGCCGAGCGCGGTAAAGAACACGATGATCTGGACCGTTAGGATTAACCTGCCGAAGGAACGGGGATCTTCCTTGTGCGGATTGAAGAATTGTTCGAAGGACCGTTTCATTTGGCCTCCAGCTCCTCGGCCCGGATCTGGACGACGACCTCGGAATCGCCGAGGGCTTTTCCGATCTCCTGGGCGGCGACGCGCAGGACGGCGTCCATGTCGTGCGCCGCGCCAATGTGAGACACGACTTCGCCGACGGTGCGTTCGTGGATGGCGCGCTGCCGGGCTTCGTCGAGCAGGCGGGCGTTTTCGAGCGCCAGGGCGACTTGCGCGGCGATCTCGGCCAGCATGGCCTGTTCGCGGGCCTCCCAGTCTCCTTCGCTGCGTTTGGCGGCGATCTCGCCGATTTTTTGATTGTGGAGCAGGATGGGGACGATCAGTTGATCGTCGCGATCCCCGACGCGGAAGGCGGGCTGGATCCCGGCCGGCGTGTATTGATAGGCGTGGCTGCCGGCGCGCCCGCCGTCCATCCATGCCTGCTGGATGCGGTCGGTCGCGAGACGTTCCAGCTGGCTCACGGCGAGGTTCATCTCTTCGAAGAGGCGGGCGTTTTCGATGATCAGGGCGATCTGGTCGGCGAGGGTCTGGAAGGTTTCGATATCTTCGGGGCTGAAGGCGCGCGCCTGTTTGGACTGGATGTCCAGCACGCCGATCACGCGGTTGCGGACGACGAGGGGCAGGGCGGCTTCGGAGCGGGTTTCGGGGAGGTCTGGGTTGTTGAAGAAGTAGGCGTCCTCGCCGATGTCCAGCGCGACGCGGGGGCGTTTTTGCGCGGCCGCGTAGCCCACGATGCCCTGTTCGCCGATTTGCAGGCGGTGACCGCGCGTCAGCATCTTTTGCCCGCCTTCGGAGGAGGCGGCTTGCAGGCTGACGAATCCGCCCTCGGCTTCCGTCAGGAAGATGCCTGTGTGGTAGAAACCGAACTGGTCTGAGATGGTGCGGACGGTGTCGTCCAGCAGCTGGGGCAGTTCACGGATGGCGGTGGCCTGGCGCGCCACGCGGGTGGCGGCCTGGAGTTGGGAGGTGCGCCGCGAGAGTTGCGCGGTGCGTTCCTCTACGCGTTCTTCCAGCCGGGCGACCAGCCCGCCGAGTCTTTCGGCTGCCTGGTTGAAAGTGGCGGCCAGGATGGCGGTTTCGTCGTTCGAGCGGATCTTGATGCGGTAGTTGAAATTGCCGTTGGAGAGTTGTTCGGCGCCTTTGATCAATTTGGAAATGGGCGCGGTCAGCGCCAGGCCGAATAACCAGCCGATGAAGCCGCTCACCGGGATGGAGCCGAAGAAGATGACCAGAACGCGCCGGAACGCGTCGCGTTCCTGCGCCAGGACGTTGTCCGCTGAAATGTCCATGCCGAGGACGGCCTCGCGCCGCCCGTCCGGCGCGTAGATGGGCGCGTAGCCGCTCAGCCAGGTCCCCCATTTGTCGGTGTAAAAATTTTCCGCGGCCGTGGCCGATTGGAAAGCGGCGAAGTTCGCTTCGAGAAAATCGCCGGCGTCGTCGTATATGTCGCCCAGGTGCGAGATGTCCTGTTCGCTTTCCTCGGCGTCCACGATAAAGACGATGTTTCCCTGCGCGTCCTGCCGCATGGTGTAGACGAAGCGGATATCGGTCCCGGCGTCGCGAATCCTCTGCAGGGTTTTCTTCAGGCGCAGGTAGTCGGGCGAGCCTTCCTGGTCGGGCGCGGTCAGTTTCGCGTGGGCCGCCGCGTCCACTTGCAGCGCGCCGATGGCGACGGCGTCGTGCAGGCGGTTGCGGATGTCCTGACGCAGCATGGCCTTTGTGCTTTGGTAATATAGATGGGCTGTGATGCCGATGGCCGCCACGGTCAGCAGGGAAAATCCCATCGCCAGTTTTGCGTGCAGCGGCAGAATGCGTCGCGGTCTATTCATGGTCGTTCGCTCCCTGCCCGTCCATCTGGAGCGAGATGGTCGCTTCCGCGAGGTTGAAGGCGCGCCCGATCTCGCGGACGGCGGTCTGCAAGATGCCGTCAATGTCTCCGACCGACCAGATGTGTGTGGTGATTTCGGCGACGGCGCGCTCCATGCCGGCCTGCCGGCGGTTTTCATCCATCAGGCGGGCGTTTTCGAGCGCGATGGAGGCCTGCGTCGCGACCGATTCGATCCAGGCGCGTTCCTCCGCAGACCATTCTCCCTCGCCCGTCATGCTGATCTGCCCGATGACTTCGCTGCGCAGCGTTAACGGGACCTCGATGGACGAACCGTCGTCGTGCGGCGCTTCGTCTCCCACGCCGTATTCCAACGGTTCCCGGCTGGACGTGGCTTGCCAGGCTTCGTGGATGTACTGGCGCTGGGCGATCTGCAACTCTTGCAGCCGCTGGCGCGTCTCCTGGAAGAGACGCGCGTTCTCCAGCGCGATCGCTACCTGGTTAGCCATGCTTTGGAAGGTCTCGATGGCCTCGTCGCCGAAGGCGGATTCGTACGTGGATTGGATGTCCAGCGCGCCGAGGACGCGGTCGCCGACGATGAGGGGCAGGGCGATCTCGGAGCGGGTGTATGGGAGCAGGGGGTTGTTGAAGCGCACCGGTTCCAGTCCCGCGTCCAGGGCGATGCGGGCCTGTTTCTGGCTGACGGCGGCGCCCACCATGCTTCGGTTGTCGGCCGCGAGGCGGTGATGCGATTCGCGCAGGACGCGTCCGGCCTCGCCGGTGGCGTTTTTCAATTCCGCCCAGCGGCCGCTGGCGTCGAGGAGGAAGATGGCGGCGTAGTAATGGCCGAAGCGGTCGGTGATCAGGTTGACCGTTCTTTCGATCAGTTTGTCCGGGTCCAGGATGGCGCTGGCGGCGCGTCCCACTTCGATCACCGCCTCGAGTTGCGCGGTGCGGTTTGCCACTTGTTCTTCGAGGCCGCTTTGCAAAGACCCTACGCGATGGATCATGCGGTTGAAGAGGATGGTCAGTTCCCCGGTCTCGTCCGAGGAAATAACGGGGGCCTGCTGATGGAGGTCGCCCTGTTCTACTTTGAGGAAGATTTCCACCAGGTTGTTGAGCGGGACGGCTACCGAACGGGAGAGCATCCAGGCCAGCCCGGCTCCGAGCAGCAGGGCGAACAGGCTGAAGCCGACGGATTGGATTTGATAATTGAACAGCAGGTTGGGGCGGGACGATTCCTGCAAGGCGAGGGAGGTAAAGCGG
CP129485.1_gap24	860589	865163	4574	GGGCTGATGCGTTTTGGCGAGGCCTGGCCCAACAAACACGACCTTTCCTCGCTGCGTTTGCTCGGCAGCGTCGGCGAGCCGATCAACCCCGAAGCGTGGAAGTGGTACTACCGCGTTATCGGAGGGGAGAAATGCCCGATCATGGACACCTGGTGGCAGACCGAGACTGGGATGTTCATGATCACGCCCACGCCGTCCGTCCCGCTCAAACCGGGCAGCGGCACGCTTCCCTTCTTCGGACAGGAGGCCGAGATCGTGGACGAGGCGGGGAATCCGGTCAAAGATGGGGATGAAGGTTATCTCGTCCTCAAGCGCCCGTGGCCCGCGATGCTCCGCACCGTCTACGGCGACCCGGACCGCTACGTCAAGCAATACTGGTCGAAGTTCCCCGGGAAATATCTCGCGGGCGATTCGGCCCGCCGCGACCCGGACGGTTATTACTGGATCATCGGCCGCGTGGACGATGTGATCAACGTCTCGGGGCATCGCCTCGGCACGGCGGAGATCGAGTCGGCGCTGGTGAGTCATCCCGCGGTGGCGGAGGCGGCCGCGATCGGCCTGCCGCACGAGATCAAAGGCACGGGCATCCACGTCTTCTGCCTGCTGCGCGCGGGGTTCGCCCCGTCCGAGGCGTTGAGCGAGGAACTGCGCCAGCACGTCGCAAAGGTCATCAGCCCGATCGCGCGTCCCGAGGAAGTGAAGTTCCTGGACAAGTTGCCCAAGACGCGTTCGGGCAAGATCATGCGGCGCGTGTTGAAGGCGCGCGCGCTGGGACTGCCCGAGGGCGACGTTTCAACGCTGGAAGAATAGAGAGTTCTGGACAGCAAAACCGCGGCGTGGGATTTTCCCTGCCGCGGTTTTTTTTTTCGGAAACCTGAAATCTTAAAGGACCTCTCCCGGATTCCTCCGCAGGAATTGTCCCTGCCCCTGCTTTCCGAGCCAGGTCTCGCCGTCCACGATCAACTTGCCGCGCAGGAAGACCTTTTCGGGCATCCCGACCACTTCCCAGCCTTCGAACAGGTTGTAGTCCGTGCGGTGATGACTGTGCGCCGCGCCGTATTGGACGCGTTTCTCCGCGTCCCAAATGACGATGTCCGCGTCGGAGCCGGGCAGGAGCGCGCCTTTGCGCGGATACAGTCCGAAGATCTTGGCGGGGTTGGCGGCGGTCAACGCGACGAACTGGTTGGCGGAGATCCGTCCCGCGCGCACGCCGTAGGTCCACAGGATGGGGAGGCGGTCGCCGACGGCGGGGAGTCCGTTCGGAATTTTGGTGAAGTCGTCTTTGCCGAGTTCTTTTCCGGGGATGGCGACCTCCTGCCCCTCGTAGAGGATCGGCTTCGTCCCGTCGAAGAAGAACGGGCAGTGGTCCGTGCCGACGGTTTGCAGGATTCCCGCGCGCAGTCCCTCCCACAAACGCGCATTGTCTTTCTCTGTGCGCATCGGCGGCGAGCAGACCCACTTCGCCCCGTCGGGACGGCGGAGATGGTCAACGGTGAAGAAGAGGTATTGCGGACAGGTCTCGCCCATGACTTTGACGCCGCGCTCGCGCGCGTACTTGAGCATGTCCACTTCGCCGCCCGCGTTCATGTGGACGATGTAGACGGGCGCGTCCGCCGTCTCGGACATGGCGGCCATCCGCAGCGTCGCTTCGACTGCGCCTGGCGCGGGGCGCGTCAGCGCGTGCCATTCGGGGGAGGTGTGTCCCGCGGCCAGCGCTTCGGGGATCAGTGTGTCAATCACGTCGCCGTTTTCGCAGTGCGCCATCACCAGCATCCCGTTTTCCCCGGCGATCCGCAGCGCCTTGAAGATCGAGCCGTCGTCGAGGCGCAGCCGTCCGTTGTAGGCGGTGAAGACTTTCAGCGTGGTGACGCCCATCCCGCGCAGCGACGGGATTTCCTTCGCGACGGATTCGTCGAAGCGCGTCAGGTTCATGTGGAAGGAGTAGTCAATCGCGGCTTTCTGGGCTTTCTCCATCCAGCGGTCCATGGAATATCGAAATCCCTTTTCCTCCTGCACCGCGAAGTCAATGACGGTGGTCGTCCCGCCGAAGGCCGCGGCTTTGTGACCTGTGTAGTGGTCGTCGGAGGAGACGGTGTCGAACATGGGCAGGTCGAAGTGCGTGTGCGGGTCCACGCCGCCAGGGGTGACGAACTTCCCCGACGCGTCGACTACATTTGCCGCGCCCGGCTCGAGGTCCAGGCCGATGCGGGTGATCTTTTCGCCTTCGATCAAAATGTCCGCCTCGAACGTTTCGGAGGCGGTGATGAGCGTTCCGTTTTTGATCAGGGTGGTCATGGGAAAATCCTATAGTTTCCAGAACAGGATCAGTCCGATCAACATCATGACGAACGAGAGGATGGTGAGCAGCCAGCCGCTGCGGAAGAAGTCGCCGAAGGTGTAGTTGCCGGGGGCAATCATCAGGATGTTGACGGGGTGCGCCAGGGGCGTGAAGAAGGACGCGGAGCAGCCGATGGCGGTGGCGATGGCGACCGCCTGCGGGCTGACTCCCATCTGGATGGCGGCGCTGATGGTGATGGGCCCGGTGACGAGGGCGGTCACCTGCCCGCCCATGAACTGGGTCAGCAGGGCGGTGAGGAGGTAGCCGCCCGCGGCCAGTCCCAGCCCGCCGAACGGGCGGACGATCTGGAGGATGGAGCTTCCAAGCAGGTCGGCCAGACGCGTCGCCAGCATCGCCTCGCTGACCACGTACATGCCCGCGATGAGGAACACGGCCTGCCATTCCACGGAATGATAGGCGTCTTCCAAAGTCAACCTGCCCAGCAGGAGCGCGGCCACCGCCGCGGCCAGCATGGCCAGGTAGGTGGGGACGCCCGCAATGGCGGCCGCGATGCCGGCCATGACGATGACGACGGCGGAGATGGTCTCTTTGGGGTTGATGGGCAGGTCGCTCCAGTGCGGTTCGATGACGATGAAGTCGGCATGGCCGCGCAGATTTTCCAGCTGCAAGGCGGGGCCGACGACGAGCAGCGCGTCGCCGAAACTGAACTTGAGGTCGCCCACGTCGGTCCGGTGGCTGCGCTGGAGACGGCGGAGCGCCACCACGCTCAGGCCGTAGCGGCGGCGGAAGTCGAGCTCTTTGAGGGTCTGCCCGACGGCTTTGGAGTGCGGCGTCAAAATGATCTCGGCGAATGTGACGCCTCGCGAACTCAGGTCGCGGTCGCTGTCTTCGAGGCGGATGTCCAGTCCCAATTCTTTCAGGTGTTTGATCTTTTCTTCCCGTCCCACCAGAACGAGTTCGTCGCCTTCGCGGATCGTTTGCTGCGGCTGGGGCAGCATGAAGGTCTCGCGGGCGCGGTAGATGGCGGCCACGGTCACGCCCCACTCGCGGCCGATTCCCGATTGGACCAGGGTTTTGCCGGCCAGCGCGGCGGAAGGCAGGACGCGCGCCGTCCACAGCCGCTCAGCCAGGGCGTAGTGTTTTTCCAGTTCCGCGCCGGTCAGGCGCGCGAATCCCTGCTCGTCGAGGGGTTCGTGGTCGGGCAGTAACTGTGGCCCGAAGAACGTCAGGTAGAGAATACCCGCGATGGCGATCAACCCGCCCACGGGCAGGAAGTCCCAGACGCGCAGCGCGGCCTGCGGCGGATGCGCGCTTTGCAGGAGGCTGTCCACGATGATGTTGGCGCCGGTGAAGTAGGTGGCGGAGCCGCCGAGCAGACTTCCATAAGCGACCGGGATCAGCAATTTGCTGGGTTTGACGCGCGTGCGGCGCGACACTTCCATCGCGATCGGCAGCACCAGCGCGCCCGCCGCCAGGTTGTTCATGAACAGCGAGAGGAGGGCGGTGACGCCGGCGAAGAGACCGATCAGCCGCCGCGGACTCGTCCCGCCAGCTTTGAGCAGCAGGCGCGCGGTCCAGCGGGTCACGCCGCTTTTTTCGAGGACGCGCGTCAGGATGAACAGGGAAATGAGGATGATGATGATGGGCTGGCCGAAACCCGAGAGGATGTTAATGGTCGCTTCCCGGTCTCCCGCCTCGCCGAGCATTCCGATCCCCGCGAATTGCAGGCTGCCCAGCGCGACAATCATGATCAGCGCGGCCAGGTCAATGCGCAGGCGGTTGGCGATCACCAGGGCCAGCGGCGCGCAGACGATGAAGATCAAAAGCCATTGTGGAAGCGTCATGTTTACCAGTCGTCTCCCGAGCCGTAGCCGCCGGCCGCTTCTTTGATTCCCAGCAGGGCCATCAAAACCTCCGGCGGGAGGTCGGCTTCGGGCAGGCCCACTTTGTAGAGTTGTTCGTTCTCGGCGCGTTCGCGCAGGGAGCGCCAGAGCAACTGACGTTCATCGCCGTCCACGACCAGGTCATGGATGGTTTGGGCGCGGAGGAGGCGTTCGCCTGTGGTGTAGAGGAAGGTGACGCGCTTCCACTTGTCTGCCAGGATGGGGACCGGCAATTTTTCCAATGCGCCGATCTGGATCTTGTAGTACTCTTCGCGGGCGCGGGGATGGCCGGCCTCGTCGCGCAGGAGCTCGGCGCGCGTGGTCAGTTCGTGGCCGCGCGCTTCGCTGACGAATTCGATCCGTCCGCCGCGCACGCCGAAACTGGCGGGCTG
CP129485.1_gap25	919444	920586	1142	TTACGCGGACAACCTCAGCGAGACGGACCTCCCCGCCGCCTCCGTGACCGAGCTGCTGGCCGCGCTGGCCGGGCGCTATCCTGCCGTCAAGTTTCACCTGCTCGACGCCGACGGGAATTTGCGCCGCCACTTCAACGTCTTCGTCAACGGCGTCCACGTCCGCGAACTGAACGGCCTCGACACTCCGCTCCGCCCCGAAGACCAAGTCATCCTCCTCGCCTCCGCCGCAGGCGGATGAATCCCTCCCGCCTCCCGTCACCCGAACCATGGAACTCTCCCGCGACGAAATCCTCCGCTACTCCCGTCACCTCCTCATCCCAGAAATCGGACTGGAAGGTCAGCAGAAATTGAAAGCCGCGTCCGCGCTCATCATCGGCGCGGGCGGACTTGGCTCTCCTGCCGCGCTCTACCTCGCCGCGGCGGGCGTCGGACGCATCGGCCTCGTGGACTACGATGTGGTGGACGAGTCCAACCTCCAGCGGCAGGTCATCCACGGGACGGAGGCGATCGGCAAACTCAAAGTCGAGAACGCCAAACGCCGCCTGCTGGACATCAATCCGCACATCCAGGTCGACGCGTACAACGAAGTGTTCACTTCCGCCAATGCCATGCGCATTGCCAAAGAGTACGACGTCCTCCTTGACGGCACCGACAACTTCCCCACGCGCTATCTCTCCAACGATGTCTGCGTCTTCCTCGGCAAGCCGAACGTCTACGGCTCCATCTATCGCTTCGACGGGCAGGCCAGCGTCTTCTACGCCAAAGAAGGGCCATGCTATCGCTGTCTCTTCCCCGAACCGCCGCCGCCCGGACTCGTCCCTTCCTGCGCGGAGGGCGGCGTGCTGGGCGTCCTGCCCGCGGTCATCGGCAGCCTCCAGGCCACCGAAGCGCTCAAACTCCTGCTCGGCATCGGCGACCCGCTCATCGGCCGGCTCCTGCTCTACAACGCCCTCGACATGTCCTTCGACTTCATCAAGCTGAAGAGGAATCCCAATTGCCGCGTCTGCGGACCGAACGCCGACGTGACCGAACTGGTGGACTACGAGGCGTTTTGCGGACTCCCCAGCCACGACCGCGCCGACGACTCCGCGAGCGCGGACTGGGACATCTCCGCGCGGGATCTGCAAACCCGCCTCGCGCGC
CP129485.1_gap26	938837	943153	4316	CGCAAAGCGAACTTCTCTCGCCGCTGTTCGAGGTGTTGGCGGATGGAAAATTCCGCCAGGCCGTTTCCGCCCTGCCCGGATATACCGTGACCGAGATGGGCAAATTGATTCTGGAGAACTGAAATGTCTGAAGCCCTCATCATTGACGATAACCGCGAGACCGCCGACGCCCTGAAGATGATGCTCGACATCATGGGCGTTCCGTCGCGAGTAGCCTATGGGGCCAGCCCGGCCATTTCCTCCCTGAGCAGTATGACGCCGCGCGTAGTGCTGCTGGATATCAATATGCCCGGCGTGGACGGCACCGAGATTCTGGCCTTCCTGCGGCGTGAGCCGCGGCTGGTGCCGGTGCCGGTCATCATCATCACTTCCGACGACCAGCCCGAGACGCGTCAGCGCGTGATGCAGGGCGGCGCGAACGCGGTCGTTATCAAGCCCGCCGCTTTCGATACGCTGGAAGCCGCGATGAAGAAAGTCGGGATTGTGTAATTTCTTTGAGTGGGGCATTGGGCTTTTTCCTGAGAGACCGTTTCTGAAGTATCGACGCTTCACGAAAGCGCCATAGGCGGTCTCTCCCTGGCGCCGCCCGCCAGCAGGCGTACCGTCAAGTTTGCGTTAGAGAACGCAGATTACGCGTAGTTTTCGTGATCTGAGGATACAGATTACGCGGAGTTCACGGATTCTTGCGGATAGGATCATTTAGGCCGCCGCCGAAGACGGGACGATGCGGCGGCGAATTGAGAGATCCGCGTCGAAGGCGGGACGCCAACCCCGGCGGCATAGTGATATAATGCCGCCCGGAAAGAAAATCTTTATCGAGGTATGAACATGAGAAAATTGATCATTCTTGCGGTCTTCGTCGCGGGCGCGGTCATCCTGGCGGCCTGCGGCGGAAGCCCCACCCCCCAGCCTGTTTCCGCCAACCCCACCGTCCCTGCGGATTTTGCCGGCAAGAGCCTGCCGGCCGGCGCCGACGCGGCCGCCGGTAAGGAAGCGTTCACTACAAACTGCGCGGCCTGTCACGGCGCCGAGGGGCATGGAGACGGCCCGGCCGGGGCCGCGTTGGATCCCAAACCCCGCGACCTGTCCGCGTTCGCGCCGGAAGTGGGCGACGACTATTTGTTCTGGCGCGTGAACACCGGCGTGCCAGGCACCGCCATGGTGGGATGGAAGGGGATTCTCACAGACGAACAGATCTGGGACGTGATCGCCTACATCCGCACGCTCAAATAACGAACGCTCTCGAATGCGCCGGGCCGGGGCTTCCCTTGCCCGGCGCCTTGATTTATTGTCCCGCCGTCCTGCTCATGTTAAAATGGACGGGAAATTTCCGAAACGCGCAGCCGCGCGGGACTTGCTGGAGAATCACATGCCATTGAAAGACGGAATCCCCGCTCCCGATTTCGAATTGCCCGACGAAACCGGCGCGCCCCAAAAACTTTCCGCCTATCGGGGCAGGCCGGTCCTGTTATATTTTTATCCCAAAGACGATACGCCCGGCTGTACCCGCGAAGCCTGCAACTTCCGCGACGACTATTCAGCCTACGAAAAAGCCGGCGTCGTCATCCTCGGCGTCAGCGCCGACAGCCCGCGCTCGCACGCGAAATTCAAAGCCAAATACCAACTCCCGTTTTCCCTGCTCGCGGACGAAGAGCGCCGCGTCTGCCAACTGTACGAAGTTTTGGGGAAGAAGAAATTCATGGGACGCGAATACGAAGGCGTCCTCCGCACGACGTTCCTGATCGACGCGCAGGGGACGATCGCCCGCGTCTTCGCGAACGTCCGACCGGCCGAACACAGCGCGGAGATCCTCGAAGCCCTCCGCTCGCTTCCGTAGGACCCCCAAGCGACTCGCCGTGACCGAATCCGACTCCGCCCGACCGTTGTTGCAAGCCAGCCTCTCCCTGGCCGCGTCCCTGCTCGAAGCCGTGGACGCGGAATCCAGCCTGCGGGCGTTCATGCGCGTCTGCTCTGAGACGCTTGGCGCGGAAGGATGCGTGTTCCTGCCTTTTGATGAATTCTCGGCCGCGCTGCCTCCGCTGACGTTTGGCCGCGTCCCGGCTTTTGACGCCGACGCCCTGTCCCGCCCGGCCTGGCGGCAGGCGTGTAAAGTGTGCGAAACGCGTCGCTCCGGCGGGGATTGTCCCCTGCTCGAGCGCTCGCCCGAACCGGGCTTTGTCCGCTGCCTGCCCCTGCGCTCCCGCGGCCGCGAAGCGGGACTGTTCAGCTTCGTCTTCTCCGCCGAGCCAAACCTGGACGCGCCCGTCGAGCGCTTCCTGGCGGACGCGGCGATTCTGACCGCGCTCGCGCTGGAGGCGGAGCGCAGCCAGCCGCCTCATTCGATTCCCGACACGGGACGGTTCCAACCGGGCGCGCTCCCGCAGGCCGAGACGCGCGTCATTCTTCAGGAGCGGGCGCGGCTGGCGCGCGAGATCCACGATGGATTGGCGCAGACGCTGGCCTTCCTCAAGATCGAGATCGGCCGCGCGGAAAACTTCCTCGCCGAAGGCGATTCGGGACAGGCCGCGCGCATCCTTAAAAATTCCTCGCGCACCCTCGGCGACGCCTATCTCGACGCGCGCCAGGCCATCGAAAATTTGCGCCGCGCCCCCGACGACCGTCTCGAAGGCTGGCTGGCGCAGGCGGCCGAGAATTTTGCCGCGCTGAGCGGCCTGACTGTGGAAACTCATTTGCAACTTTCGCATGATTTCCCCGCCCATGTGCAGGTGCAGTTGATCCGCATCGTGCAGGAGGCGCTGACCAACGTTCGCAAACACGCGCGGGCGCGCTGCGTCAGGATCGCGGCCTGGGAGGAGGACGGCGAGGCGCGGATCGAGGTGCAGGACGACGGCTGCGGCTTCCGTCCCGCCGACCCGCTGGCCGCGGCCCGCTTCGGGCTGCGGGGGATGCGGGAACGGGCCGAGTCGGTCGGCGCGGAATTCCAGGTCGTCGCCCGCCCGAACGGCGGAACCGTCATCCGATTGAGCATCCCGTTGAAAGCGACGGTCGAACCGTGAAGCGCATCCGCATCTTCGTTGTGGATGATCACATCCTGTTCCGCCGCGGGTTGATCGGCCTGCTTTCGGATATGGCCGAGTTCGAAGTGGCCGGCGAGGCGGGAAGCGGCGAAGAAGCGCTTCAAGCGATCCCCGCGAGCGGGGCCGACATCATTCTGTTGGACGTCAACATGCCCGGCATGAGCGGCGTGGAGACCCTGCGCGCACTGCGCGCCGCGGGGCAGGAGGCGGATGCCCTGATGCTGACCGTTTCGCAGGCCGAGGAAGACCTGGTGGGGGCGATCCTGGCGGGGGCCAGCGGCTATCTACTGAAGAACATGGAGCCGGAGACTTTGCGCCGCACCCTGCTGGACGTTTCGCAGGGGAAGTCGGCGCTTTCGCCGGAGATGACCGCGCTGGCGTTCAAGATGATGCGCCGTTCTCCCTCCGGGCGTCCGAATGAGTTGCTGAGCGAACGCGAATTGGAAGTCTTGCGCTGTCTTGCGCGCGGCCAGACGACGGGTCAGGTCGCTTCGACGCTGTATATCTCCGAGAACACAGTCAAGACGCACATCCGCCATATTCTCAAAAAAATGGAAGTGAACAGCCGCGCCGACGCGGTAGACAGGGCAACGCGGGCGGGGTTGATCCAACGACCGTAAAGGATGATGACAACGGGTGATGGATAATCACCCTCGCGGCGCGCTTGAAATCCCCCTCTTTTTCAAATTTGAATTAATGACAAATAAGACGAATTTTGGTACATTACTGCCAGGAATTCGTTTTTGTGAGTCAACGGCTCCTCTCGCATCCCCAGCGCGTCCTCATCGCCTCTGCCAATCCTTTGTTTCGCGAAGGTTTGCGGAAGGCGTATGCCTCGCGTTGGGAGGGACGGGCCGAAATTGTGGGAATGCCCTGCACAACCGGGGAAACGCTGACCCTGTTGGAATCGCTCCGCCCCGACCTGGTGATCGTGGATTACGACGACGCCACCATCAACCGCGACGAGTTCCTCGAGCGGTTTATGGAGGGCGAATCGCCCATGCAGGTGGTGCTGGTTTCGCTCGGCTCCACCGAACCTGTGGTGCTGTATCAACGCAAGCGCCTGACCGCCGCGCAAGCGGAAGCCTGGCTCACCAATCCCTGGGACTGACTCATCACTTTTTTTAGGAGAAGCGTATGCGACACTACCTTATCGTCGGCGTCCTGGTCATCCTCGTGGCAATCCTGACCTATGCGGGGCTGGACGCCGCCCACCTGATGCCGGTGGAGGCCAGCGTTCAGGCGGCCCCCATTGACTGGCTGTGGAACCTGGAAGTG
CP129485.1_gap27	1059126	1062809	3683	CTGCGATTGGGCGCAACTATGCGAAAAACTCGACTGGAATTATGCGATTCGGGTTGCCTGCAACACCTACATCACCTTGACAGACGGAACCTCTGACCGCTTGGACAACCTGGTTCCGGTAAACCAGAATCGGTATTATCAAGAGATCCTGCTCACGCGTGAAGAGAAGCTGAAAACCAATGTGTCTGTGACCTGGACGATCGACAAACAAGGCCAACCAGAAATGGTAGCGATCATCACCAATCAAATCGCTTGTCGTGGGCGCTTGCGAGAATACGACCGTCGCATGAGCATTGAGCAAAGTTTTCGCGATGACAAATCAGGCGGCTTTGACATGGAGCATACTCGTTTACAACATGCCGAACGCATTGATCGTCTGTTGTTGGCTCTTGCCATTGCCACACTCTGGTGCCACGAACTGGGTGAATTCGTTTTGAAGCAAGGCGAAACCCTGCGGTGTCACGTCGATCCGGCACACGAACGCACTCTGAGCATTTTTCAACTCGGTTTGCGCTGGTTGAAACGCACTCTCACAACTGGACTCTTGTTCTTGCCAGATTTCAAGGCGGTTTTATCTAATTTCAAATTGAAACCCGTGACAATCCCTGTCACGCTAAATTCAAATGTGTAAGGTAATCAGATCCGCTCCATCTTTGCCATGCGCAAGATGCTCGGGCCGGTTGCGCTGCAAATGGCAGAGGGCGTACTCGAAGCCTGTCAGGATGCCGATGCGCTTGTCACCCTGGCAGTGTTCGCTCCGTTCGGAAAGACGATTGCTGAAAGGCGCGGCATCCCGCTCCTGCTGGTCGAGCCGACGCCTGTGCTTCCCACGCGAGACTTTCCCGCTCCGGGCTTTCCCATTCAAAAAAACATGGGCGGGATTCTCAACCGCCTCTCCGGCTTTGCCGCGCTGGAGACGATCTGGCAGTGGTATCGTCCCTTCGTAAACGAATTCAGGCGGCGACTTGACTTGCGACGATTGGGCAGCTCGGATTTTTTTCACACCCTGGTCTCCACGCCACTGTTGGGCGCTTACAGTTCGGCAGTGATTCCCCGCCCGCAGGATTGGCCGAACAATGTACACATCAGCGGTTATTGGTTTCAAGACGACCCGCATGCCTGGCGCCCTCCTGTCGAATTGGAAACATTTCTGGAAACAGGCGAGGCGCCGGTGTATATCGGGTTTGGAAGTATGGCGGGACGCGACCCCGAGCGTTTTGCGGGAATTGCGATCGAGGCGTTGAAGAGAAGCGGAAAAAGAGGCGTGATCGCCACCGGCTGGGGCGGCATAAAGACGACAGACGTTCCGAAGGATATATTTGTGCTGGACTCTGCCCCGCACGGCTGGCTATTCCCGCGCATGGCGGCGGTTGTGCATCACGGCGGCGCGGGGACAACGGCGGAAGGGCTGCGCGCCGGGAAACCGACCGTGATCGTTCCCTTTATCGTGGATCAACACTTTTGGGGGAAAAGGGTCCAGGCATTGGGCGCGGGAGTGGAGCCGCTTCCAGCCAAAAGGTTGACCGAGACCAAATTGGCAGGAGCGCTGCAAAGGGCGGTCAGCGATGCCGAGATGACACGAAGGGCGGAATCGGTCGGCAAGGCGATCCGCGCGGAGGATGGAATCGGCGCTGCGGTCAAGATCGTCAAGGAATTCCTGGGAGCATGAAATGAACGAAGAATATCAGATTACCCCCTTTCCAAAAATCCGCCGCCTGATGGCAGATGGCGGACGCCTGGCGCGCCAGAAACACTTGGTCCACGGGTTGGTGGAGATGGATGTCACTCACGCGCGGCGGATGATCAAGGAGCACAAAGCCAAGACCGGCGAGATGCTTTCATTTACGGCATTCGTCATGGCTTGCCTCGGGCAGGCAGTGAACACGAACAAACAGATGCAAGCCTACCGCGCCTGGTGGGACAGGCTCGTCATTTTCAACGACGTGGACGTGAACACCATGTTCGAGGTGGAAGCAGAGGGGCGCAAGATCATTCGTCCACACATCATTCGGGCGGTCAATCGGAAAAGCCTGCGAGAGATCCATGAGGAGCTCCGATCTTTTCAAAAGGACAACGGACGCGGGCGGGAAGCAAATTTCATCGGATGGTTCGTGTACCTGCCCTCATTCGTCCGCCGCTTGATTCTGGGAATGCTTTTCCAGCGCCCGCGCTTGTGGAAAGAAATGAGCGGCACCGTTTCGTTGACCGCGATCGGCATGTTCGGCGACGGAGGCGGCTGGGGGATCCCCGTTTCCAACTACACGCTGCAAGTCACGTTGGGCGGCATTTCCGAAAAACCTGCTTTGAAGGATGGTCAACTGGAAAACCGCGAGTTTCTATGCGTGACGGTCAGCGTTGACCACGATATCGTGGACGGCGCTCCCGCGGCGCGCTTCATGCAGAGGTTGAAGGAACTGGTGGAAGGCGGGTATGGGATTGAAGATTTCATCAAAGCGACGACATGAAAGCGCTCATGTCGGCATGATCCCCAACGGCTTCGGGCACAGCAACTCCAAATTCAGCGCAGCTTCAACCACACAGAACGCCTGATTACCTTACACATTTGAATTTAGCGTGACAGGGATTGTCACGGGTTTCAATTTGAAATTAGATAAAACCGCCTTGAAATCTGGCAAGAACAAGAGTCCAGTTGTGAGAGTGCGTTTCAACCAGCGCAAACCGAGTTGAAAAATGCTCAGAGTGCGTTCGTGTGCCGGATCGACGTGACACCGCAGGGTTTCGCCTTGCTTCAAAACGAATTCACCCAGTTCGTGGCACCAGAGTGTGGCAATGGCAAGAGCCAACAACAGACGATCAATGCGTTCGGCATGTTGTAAACGAGTATGCTCCATGTCAAAGCCGCCTGATTTGTCATCGCGAAAACTTTGCTCAATGCTCATGCGACGGTCGTATTCTCGCAAGCGCCCACGACAAGCGATTTGATTGGTGATGATCGCTACCATTTCTGGTTGGCCTTGTTTGTCGATCGTCCAGGTCACAGACACATTGGTTTTCAGCTTCTCTTCACGCGTGAGCAGGATCTCTTGATAATACCGATTCTGGTTTACCGGAACCAGGTTGTCCAAGCGGTCAGAGGTTCCGTCTGTCAAGGTGATGTAGGTGTTGCAGGCAACCCGAATCGCATAATTCCAGTCGAGTTTTTCGCATAGTTGCGCCCAATCGCAGTCGCGAAAGCCTGCATCCGCCAAAAACGTGACTTGCTTCACGTGCTTTTTCAGCAACCTTTGCACCTTCTCCAGCATGCTTTTTAACTTGGTTACTTTCACCAAGCCTTTGCCTTCCACGATTGTCCACGCCAATGGAATGGCTCGATTCCCATGTTGCAAGGAAACGCGAAAGACTTGCCAGCGATCTCCAAAGATCATCACGCCATCCAGAATGATAAACGCTTCCGCCCCTGACCAGCCAGACAACACATGTTCCAGAATTGCTTTGTAGAACTGCCACACTTTTACGTGGGGGTTCATCAACCAGCGTCGAATCTTTGTGACGCGCGACTCGGCTTTCGTTTCCATCGGCAAATGGTTGGCAATCTGACTTAGATTGGAAGACTGGCTTTGCAAGATTCCAACCACGATCCAAATCCAATTGGTCACTTGCTTTCCATTTTTCGCATGCACCAATTCTCTCAACTTTTCATTCAATCGGTTGTACAATTCCTG
CP129485.1_gap28	1162890	1164068	1178	TCAATAATACTGACCAGTCCATAGAGTTCCAATAAAGAATTCTGGAGAGGTGTAGCGGTCAAAAGCACCTTTGGGAATGGATTGATCGCCTGCTTGATGGCATTAGCAATCTTGTTCGATGCCTTGTAAACATTCCGCAAACGGTGAGCTTCATCAATCACGACCAGATCCCAATTCAACTGCCTGACATACGGTTCCTTCGTCCGCGCGAACTGGTAGGAGCAAAGCACGATCTCGTTTTGATTGAACGGATTGAGATTCCCCTGTTTGATGAATTCGTTGAAACTCTTGTTTTCCAGGATTATGGATGGCAGGAAGAATTTCTCTGCCAATTCCTGGCTCCATTGTTTGCGCAGATTGGCAGGCACGATCACCAGCAACTTCCGCTTTCTTTCCGCCCATTTTTGTGAGAGAAGCAACCCAGCTTCAATAGTTTTCCCCAACCCAACTTCATCCGCAAGGATCGCACCCTTCGAGAATGGATTGCGAAAAGCGAACAATGCCGCTTCCACCTGATGAGGGTTCAAATCCACTTGAGCATCCGCCAGCACAGATGCGAGCTTCTCCACGCTGTCAGAAGAGTGACGGCGGGTCAATTCGTGGGCGAAGTAGCGGATGTGGTGAGAAGTTAGTTGCATTGGCTAATTAAAACAGCTTTATTTGATCCCGAAGATTGTATTATAACTACAATCAAGTCTCTGAAACTGCATTAGAGGAGGGTACGATTGCCAAGGCGCAAAGTAGTTGTAATTTCGCAGGGTCCAAACCATTCAACTCCGCCCAGTTACGACGTGCCCGCTCAATCCACGAATCAAAGGCATCTTCGTTCGGATAAGTTTCAAAGGATGCCTTCGGGGTCTCGGGGAAACAACGGATAATACGCATTGCATCATCGCGTCGCCGGCTATCCTCCATTGGGCGACCGTGTACATCGGCAAGAACCGTATCAATGTTATTACGTCCACGGCGAAGGAGCAGGAAGAGACGCTTGCGCCCTGGTTTATTCATTGCACTACGAATTCCTGCCGGTAGTTTCAAAATTTCATCCTGGTTTGGAATAGTAGCCAAATCGTTATAGAACGTGCTGGTAGTCAGGTCTTCAACCGTCTGAAGAAATTCCATTACTTGCTCCAAATCCAAGTCTGCGGTTGAGTCGCTTGCGAGAAACATCTCGCGCC
CP129485.1_gap29	1260728	1263482	2754	GGATTTTATAAATACGAGGTCGCCCGGCAAGGCTCCGACCTGTGGTCCACGATCGCGGCCGGCAACCAGGCCGTGGTCAACGACGAACTGGGCAATTTCAATCCCACCGTTCTGACGCCCGGCGATTACTCCCTCCGCATCGTCGCGCTGGATAACGCCGCGCAAGTCATCGGCATCTGCGTCATCCCCATTCGCATCAAAGGACAATAACGCGCATGTCTCTCGAGATCCGTCCCGCCATCGCCGCCGACCTGGCGCGCCTGATGGGTATGAACCACACTGTCTCCAGCGATTACGTCTGGCAGTTGGACCTCCGCCGCGAAAGCGGACAGGTCTCGGTCAGCCTGCGCGAAGTGCGTCTGCCGCGCCCGGTCACGGTGGCGTATCCGCGCAATCCCTTCGCCCTTGCCGATGAGTGGACGCGCAAAGCGGCCGTGCTGGTGGCCGTGGATCAAATTCCGCTCGGTTACGTCTGCATCAGCGAGCAGGGCGCGGCCACCGTCGCCTGGGCGACCGACCTCGTCGTGGCTCCCGAACAGCGGCGGCGCGGACTTGGCTCCCTGCTGCTCGGCGCAGCCGAAGACTGGGCTGTGCAGCGCGGCTGCGGCCAGTTCATGTTTGAAGTCCAGGCCAAGAATCAGCCCGCCATCCGCCTCGCGCAGAAAACCGGGCTGGAGTTCTGCGGTTATAATGACCATTATTACGCCAATCAGGATGTGGCGTTGTTCTTTGGAAGAACGCTGAAGTAGCCATCTTTTCGGGAAGGCCTATGTTTAACGGTTGGACAGACAGCCTGCTGGCGGGGATCCAGACGGTTAATCAAATTCTCACGGCCGGTATCGCCATCACGGCCTTTTCGCTGTTCCTGTACGCCCTTTCCTTTAACTTGCGCGACCGGGTGGCGCGTTCGTTCGCCATCATCCTTTTGGGGGTGGTCGTCGTTTTCGCCACCGACGCCCTGCAAACCGACACCGTCCCATTGTGGGGGATAGACCTGCTCCTGCGTTTGCAGTGGATCGGACTCGTCTTCCTGCCGGCCGCCTATCTTCATCTTTCGGACGCCGTCCTCGTCACCGCCGGGCGCCCCTCGCGCGGCCGCCGCCGTTTCGCGGTGCGGATGACCTACCTGGTCTCCTGCGCCTTTCTCCTCCTGCTCGGAGCCGGCCGCCTGCTCGGTCCGCTCGTCATCCAGCCCGAAGACCCGGCCCCCCACCTGCAGCAGACCGCCTGGACGCGGGTCTTCACCCTCTATTACGCCTTCATTATGATCTGGTCGTGGGTCAATTTTGCGCGCGCCTATAGCCGCATGTTGACGCGTTCCGGCCGCCGCCGCATGTTCTACCTCATGGCCGGCGCCACCGCGCCCGCGCTGGGTTCCTATCCCTTCCTTCTATATGGCTCCTCCATTGCGGCGCAGCATCCCCTCTTCTTTTGGAGCGCCGCCGCCCTCATCAACCTGGCTGTGGGCTGGCTGGTGGTGGTGATGGCCTACGCGGTGGCCTTCTTCGGCGTCTCATGGCCCGACCGCGTGGTGAAGAGCCGCCTCGTCAAATGGATCATGCGCGGCCCGATCACCGCCTCGGTCGCCCTCGGCGTGATGACCGTCGTCCGCCGCGGCGGCGCCTATTTTGGCGTGGAATACAACGCCTTCGTCCCGCTTTCGGTGGTGGCGGTGGTGTTGCTGTTCGAACACGCCATCACTCTGGTTTCCCCGCTGTGGGAGCGCTGGCTGTTCTTTGGACGCGACCGCGCCGAACTGGTCCTCCTGCAAAACATCGAAGAGCGCCTGTTGACGCGCGGCGACTTGCAGCAATTTCTGGAAAGCGTGCTGGCCGCGGTGCGCGACCACATGCAATCCTCCGCCGCCTTCATCGCCGCGCTGGACGGCGAAGAATTGTCGCTGATCGTCACCGCAGGCAGCCGCCGCCTGCTGGAGGAGGAAAGCCTCTCCGAGGCCCTGCGCGTCGTCGAACACGAGAACGGGAACGCGGCGCGGCGTGAGTTCATCTGGAACGACTTCCTGATCCTGCCCATTTACCAACGCCGCCGCGCCGACATGGACCCCGACCAGGCGCCCGCGCTGCTGGGACTGCTGGGCGTGGCGCGCCACGCCCAGAATCCGCTGGACGCCGACCAGCGCGACGCGCTCTGGCTCCTGGCCGAACGCGCCGCCCTGGCGCTGACCGACCGTCAACTCCAGGGACAGCTTTTCCGCTCGCTCGAAGACCTGCGCCCGCGCGCGGACATGCTCCAGCGCCTGCGCGCCGTCGGCCGCTACGACAGCCGCGCCAACCTGCTGGCGGGGGAACTCCCGCCCGAATCCGACCTCGCCAACTGGGTAAAGGACGCGCTCGCGCATTACTGGGGCGGTCCCAAACTGACGCAAAGCCCGCTCATCAAATTGCAGGTGGTGCAGGAACTGGCCGACGAACACGCGGGGAATTCCGCCAACGCCCTGCGCGCCCTGCTCCGCAAAGCCGTGGACCGGGTGAGGCCCGAAGGCGAACGCCGCTATACCAGCGAGTGGACTCTCTTTAACATCCTGGAAATGAAATTCATCGAAGGGCGCAAAGTGCGCGAAGTGGCTTCGCGGCTCGCCATGTCTGAAGCGGACTTGTATCGCAAACAACGGGTGGCGGTGGAGGCGGTTGCCCGCGCCATCCTTGAAATGGAATCAGAAAAACAATTATTGAGGTAGCGGAGGCGCTATGATGGATCAAAAACAAACTTTGGAACCGCCCGTCCCTGTGGACG
CP129485.1_gap30	1265553	1268431	2878	GTACGCCTGCGTCCCATTTTGGAGACCGAGGCGTTTTACAAAGTCGCCTCCCCGCTGGCGATCGCGCTCGGCCGCGACGTGTCGGGGCAGCCACTCGTTGCAGACCTGTCACGGATGCCGCACCTGCTCGTCGCGGGCGCGACGGGTTCTGGCAAGTCGGTCTGCATCACCTCCATCGCGGCCTGTCTCGCCGTCAACAACGCGCCCGAAGACCTGCGCCTGGTGATGATCGACTCGAAGATGGTGGAACTGCTGCGCTTCAACGGACTCCCGCATCTCTTCGGCAAAGTGGAGACCGACATCCAGCGCATCCTCGGCGTGCTGCGCTGGGTGGTGGTGGAAATGGAACATCGCTACCGCCTGCTGGAAGGCGCGCACGCCCGCGACCTGGCTTCGTACAACCGCAAACTGGCGCGCCGCAAGGAAGGCGTCACGCCGCTGCCGCGCATCGTCGTCATCATTGACGAGTTGGCCGACCTGATGATGTCCGCGCCCGATGTGACCGAGCATAACCTCGTCCGCCTGGCGCAGATGGCGCGCGCCACGGGCATCCATCTCGTCGTCGCCACGCAGCGTCCCTCCACCGACGTGGTGACGGGACTCATCAAGGCCAACTTCCCGGCGCGCATCTCGTTCTCGATGGCCTCGGGCGTGGACTCGCGCGTCATCCTCGACACGGGCGGCGCCGAAACCCTGCTCGGCCGCGGCGACATGCTCTTCCTCAATCCCGAAGTCGGCAGTCCCATCCGCGCCCAGGGCGTGCTGGTGACGGACCAGGAGATCGAGCGTCTCATCAGCCACTGGCAGAAGACGACCACGTATTCGGAGGAACTGCCGCCGTGGGAGAAACTGCTCTCCGAACCCGGCGAAGGCGAGGACGACGGCCTCGTGGAGCAGGCCATCTCCATCGTCCGCGGGACGCAGCGGGCCTCCGCCTCGCTGCTGCAGCGGCGGCTGCGGATCGGCTATCCGCGCGCCGCGCGTCTCCTCGACCAGCTGGAGGAGATGGGCATCGTCGGCGAGTCGCAGGGCGGCGGACGCGAGCGCGACGTGCTGGTCGGTCCCGAAGACGAGATGGACGAAGAATAGACCTGGAAACGTAAAGGACCTAACTTGGAGAAACTGGACATCAAACCCAAAATCGAATTCAGCGACCGCATGAGGATCTGGTTCAAGTGGTTTCTCGACCCCGTGGCCGCGTTCTTCAACCGCGTCGGGCTGACTCCCAACACGATGACGCTGCTCGGCCTGGCGGGGAATTTCGCCGCCGCGTATTTCGTCTCGCGCGGACAGATCAGCCTAGGCGGGCTGCTGATGCTTCTTACTACGCCGTTCGACGCTCTGGACGGGACGATGGCGCGCCTGCGCGGCGACGCCAGCGATTGGGGCGCCTTCGTGGATTCGGTGACGGATCGCTATTCAGAACTGGCCGTCCTCGGCGGGCTGCTGGTCCATTTCTCGACCATCGGCGACGGGCTGTCTGCCATTGCCACGTTCGCGGCCGCAGCCGGGACGGTGCTGGTCTCGTACGTCAAGGCCCGCGCCGAGGCAGTGGGATTCTCGGCCAAAGTCGGCTTCCTGACGCGCGTCGAGCGCTACCTGGTGTTGGGCCCGCTGCTGCTGTTCAACCAGCCCGTCATCGCGGCCTGGTTCATCGCCGTCTTCGCCAATTTCACCGCCTTGCAGAGGATATTTTTCGTCCGCGCGCAGGCGCGGGAGCGAAAGGAGACGCCGGGAAACCGGGGGTAGTTTCGTCGTCGTTTTTCGACAGATTTTCCTTACCTCACGCGGAAAATCGATGTATACTGATTCCGCTCAATCAGTGTGGAGACAATAAGAAATGCTGAATTGGTATGTTGTTCGCAGCAAGCCCAACAAGGAGTCCGCCTTGTGGCGGGAACTATGCGCCCGGCGCCTGGAGGTCTTTTATCCCCGCTTGCGCGTGCATCCTGTCAACCCGCGCAGCCGTACCCTGAGGCCGTATTTTCCCGGATATTTATTTCTCCATGTCGATCTGGAAAAGACCGGCTTCGCCTGCGTCCAATGGATCCCGTTCTCGCAGGGGCTGGTTACGTTTAACGGCGAACCCGGGACCATCTCCGACGGTCTGGTCCACGCCATTCGCCGCCGCGTGAACGAGATCGAAGCGGCCGGCGGGGAGACCTTTGACCGCCTGAAGCGGGGAGACGCGGTGCTGATCCAGGACGGCGCGTTTGCAGGCTACGAAGCCATCTTCGACGCGCGTCTGCCGGGCAGCGAGCGGGCGCGTGTGCTGCTGACTCTGATGAACAGGCGGCGGGTCCCGCTGGAGTTGAACGCAGGACAGTTCCAGCGCAAACGGCATCACTGAAAACCCGGCCGGCTGTTTATTGTCCGCGCGCCGCGGCTTCCTGCCGGGCGGACCGGCGGCGGGAACAGGGGGCCAGCGTCGTCGAAAACGGCCTCTTGCAAAAGCGCGCCAGCGCGTGATACGCTTTGTTAAAAGACCTTCTCCAGCGTCGGCTGACTGTGCAGGACGCTTCATCTATGAAGGAGGCTGGATTTGACAACCACATACGCTTCTCAATGGCAGGGCAGGCGCGTAGCCGTGACCGGCGCGGGAGGCTTCATCGGGAGCAGCCTTGTAGAGGCCCTGCTCGCCGAGGGCGCGCGGGTGCGCGCCTTTGTGCGTTACAACTCGCGCGGCGACCCCGGTTTTCTGCGGATGTGCCCGCCCGAACTGGCCGAACGCCTCGAGATCATCCCCGGCGACCTGCGCGACGCCGCCGCCGTCCACGCCGCGTTTCGCGACTGTGAGACGGTCTTCCACCTCGGCGCGCTGATCTCCATCCCGTATTCCTACCGTCACCCGGTCGACGCCGCCGAGGTCAACTTCATG
CP129485.1_gap31	1377970	1380363	2393	ATCCCCTTTCCCCCGGAGCGGGCGGCCATCGAAATCGGGAATTACGCCGGGGACTACTCCCTCATCCAAAAGGAACTAGGCTGGGAACCCTCGGTCTCCCTCGCAGATGGGCTGAGCCGCAGCCTTGAATTCTACCGCGCCAACCAGGCGCATTATTGGTGACATGCAGGAAATTCCCCTCATCGACCTGGCTGCTCAATACCGCTCCATCGGGACCGAAATCGGCGCGGCGGTGGAGGGCGTCCTCGCGCGCGGCAACTTCATCCTGGGCGAGGAGACTTCGGCCTTCGAGGAGGAATTCTCCGCGTATTGCGGCGTCGCGCATGGGGTCGGCGCGGCGAGCGGGACGGACGCCATCTTCCTGGCTTTGCGCGCCTGCGGCATCGGGGCTGGCGACGAAGTTATCACCTCCGCGCACACCGCGGTCGCGACCGTCGCCGCGATCGAATTGGCCGGCGCGCGCCCGGTTCTGGCGGATGTGGACCCGCGGACCTTCACCCTCGATCCGCGGCAGATCGGAGACAAGGTCACGGCCCGGACGCGCGCCGTCATCCCCGTCCACCTCTACGGCTGCCCCGCCGACCTGACGCCCATCCTCGAGATCGCCGACCGGCGCGGCCTCGTCGTCATCGAGGATTGCGCCCAGGCGCACGGCGCGGCCTACCGCGGCCGAAAAGTCGGCGGCTGGGGACGGACCGCGGCCTTCAGCTTTTATCCCACTAAGAACCTCGGCGCGGGCGGCGACGCGGGGATGCTCCTCACCGACGACGCGGCCTTGGCGGAAAAGACGCGGCTGCTCTGTCAATATGGATGGAGGCAAAGATACATCAGCGAAATCAAAGGGGTCAACAGCCGCCTGGACGAGATCCAGTCCGCCATCTTGCGGGTAAAACTCAAATATCTAGACCGATGGAATCAAAGACGGCGGGCGATTGCCGCGCGCTATCGCGCGCTCCTCGCCGAAAACGGCCTCGACCTGCCGATCGTCCCTGAGACGGCGCGGCACGTTTTCCACCAATTTGTGATCCGCAGCCGCCAGCGGGACGAACTGCGCCGCTACCTGGCCGAAAGACGCGTCCACACCGCCATCCACTATCCCGTCCCGATTCATCTTCAACCCGCCTTTAGCGGACTCGGCTGCCGCGCGGGAGATTTCCCGATCGCCGAGGAACTTGCAGGTCAAATCCTTTCCCTGCCGATCTATCCAGAACTGACCGACGAAGCGGTGGAGAGAGTCTGTGAATTGATTCGGGAATTTCAACGCAAAGGCGCTTTCAAAGAATGAAAGCGCCCTGATTTCACGCGATCTTCCTTCTGCGTTTCGTTACCCCGTCTTCACCTTCATGTTCGCCATGCCGCTAAACGTCGCCGCGCACCACTTGTCCTTGTCAATCTGGACCCACGCGCCCTCGGAATACAAAAGCGCCGACGTCACCACGGTTCCCTTCTTCAATCTATCCACGATGCTGTAGTGGATACCGGGACCGCTTCGCACGTTCAGTTCCTCGGCTGTCACCTCGAACTTCATGGAGGGCAGCGCCACCGAACCGGGCATACCTGGGTCCGGCGCGGTCTGTCCTGCGAGATAAGGCAGGGGGTCCATGTATCCCTTATAAGCGCCGGTCTGATTCGAGCCGCGCAGCCCAAAGTGCAGGTGCGGACCGGTACTCGCTCCCGTGTTGTTGCTAAATCCGATCACCGCGCCCGCCTCCACGGTCTGCCCCGCCGACACGCTGGTTTGCATCAGGTGGGCGTAATACGTGTAGTAGACCGTCGCGCCGTCCGTGTGCTTCAACTTCACGTAATTTCCATAGCCTCCATTTTCAAAAGAGACCTTGTCCACCGTGCCTTTGGCCGCCGCCTTTACCGGCGTGCCGTTCGAGACCCCGATATCCAGGCCGTTGTGCCCAGGAAAACCCCATTGAGCGTAGAGCGACGGATTCTCGCCGAACTTCTGCGTGATCGGCCCGCTGACCGGGTAGATAAGTGTGATTGCCATGGAAGACTCCTCTCTGGGTTGAATGACGCAACTATAGCACAATGTATAATGACGGACAATGCCGAGACGACTCGTCTGCCTGCTCTTCCTCTGGACTTTGACCGCCTGCGCCTCCACCCCTGACCTCGCGCCGGCCGCGCCGGCCCGGCCTGTTTCCACGCCCCGGCCGCGTACTGCCGCGCCCGTCCCTTCGTCCGTCCCTTCGCCCGTCCCCACGCCGACTTTGACCTATCGTCAGGCGATCTTTCCCTACACCGTCGAAGGACTCCGCCAGCGCGGCTACCAAAGCGGCAGCGTGACCGTCGTCGGCCTCATCGAAGAGACGAAAGATTTCGCCAGTTACCTCATCGAATACCCCTCCGACGGGCTGAACATCCGCGGCGTGATGCAGATC
CP129485.1_gap32	1381613	1382174	561	ATTCACAAGGTAGAAACAATGAGCAAGAATCAACTCCTCGAGTTCATCGAAGAACTCGACGACACACAGACAGACGATGTCGAACAACCCGTCGGCGCGCGGGTTTCCAAAAAGCGCCAGTCGGGGCGGCGCGAGAAGGAGGCGCGGCTCTTTGTCCGCGCGCAGGAGTTCGCCCGCGATTTCCAGTTTACCTACAAAGCGGCGCGCTTCGAGGAGGCCTGGCTGCTGGATTCGCTGAACAATCTGGCCGAACACGGCTGGATCAGCGACGTGCTCCGCAAAGCCAAAGTCGGCAAGGAAGCCTCGGTCTATCTATGCAGGCCGGGTCCTGCCGCGGCTGAGTCGAAATTCGTGGCCACCAAGGTTTACCGTCCGCGCACGCTCCGCAGTTTGAAGAACGACCAGCAGTATCGCGACGGCCGCGCCGACCTCGACGGCGACGGTCACGTCGTCTTTAAGGAGGCCGAAGTCCACGCCATCGCCAGGCGGAACACTTTTGGCGAGGAACTCCGTCACCAGTCGTGGATCGCGCACGAGTTCCGCGCCCTGGAGATTCTCTTC
CP129485.1_gap33	1384451	1389176	4725	CGGTGGGGACGAGGAGCGGGATGGAGAGCGCGCGCCGCAGGGAGCGCGGCGCGGGGCCGCTCTGGAGCGTTTCAACGGGCAGGCGGTCGGCGAGATAGGCCGCGAGGTAGATGACGAGCAGAAGCTTGAGCGGCTCGGAGGGTTGCAGGTAGACGTCCGCGCCGCCGATCCACAGACGCGGCCCCGCGCCGGATGGGTTCGAGCCGAAAGCCAGCGTGAGCGCAGTGAGCAGGATTCCGCCGAGGAGGGTCAGGTATTTGTAGCGGCGGAGGCGCGTCAGGTCGGCGGGGAGATGGAGCGCGAGCAGAAACGCGCCGGCGGATACGACCAGCCAGACGGTCTGGCGCGCGCCAAAGTATGGGTCGAGCCGCCAGATGGCGAGGAGTCCCCAGCCGCAGAGGAGGAAGGCAGAAGGCAGGATGAAAGGATCGAGGTCGGGGAGGCGGCGCGCGGTCACGCGCGAGGCGAGCAGGTAGAGCGCCAGCCAGACGGCGAAGCCGATCCAATGTCCCCAGCGCAGGTCGGCGCCCCAGGCGCGCTCGCGCACGGCCGGGGAGAGGGTCAGGATGACCGAGAAGAGGAAGAGGAATGCGGCCGCAAACGGGAACAGGCGGCGCGGCAGGTTGAGGTGGGTCACGTTGGGATGCGTTTTCCGACTGGCGGTTTCGGTCTTTCTTTGACGGAGGGCGGGAGGCGCCGGGACGGCGAAGCGGCGCGCGGGTCTTTCGCCGTCAAAGCCGCGTGGTGGGCGAGGTCTCTGCGGGCGCGCCGATGCCGACGATGATGGCGGTGTGTCCGCATTCGATCTGGTCGCCGGTGGTGAGGACGGCGGGGATGGGCAGCGGCAGTTGGTTTAGGCGCGTGCCGTTGGTGGAGCCAAGGTCTTCCACCCACCATTGTCCATGATGGTAACTTAACCGGGCGTGGCGCGCCGATACGGCGTCGTCGTCCAGGGCAATTTCGCAGGCTGGATCGCGTCCGATCAGCAGTTCGGCCTGGCGTACGATGCGCCGCGAGACGTTTCCTCCGGCGCGTTGGATGGCGAGGTCGAGCATGGGGGCTTTTTGGACAGACAGGCCGAGACCTTGCGCGCGCAGGTCTTTCCAGAGCGTGAGCAGCATCCACCCTAAAAAGGCGTATAGGCAGGCCGCGAGGACAAGCCGCAGAACGAGGACGAGAATGCCGCTCATGTTTTGGCGTTGCGACGGTCGAATGCGGGTTTTAAAATGGCCGTCGCATGATCGTTCGGCGTCTGGGATTCGAGCGGGCCGGTGTCTTTTAAGTCGGGACGGGCGGGCGGGTTGTCCTGGCCGAAAACGAGGGTGACGCCCGCCAGCGAGACAACGTCGCCCGGATAAAGGATGGACTGGCTGGCGCGCTGCCCGTTCACGAAAGTTCCCCCCGTCGAATTCAGGTCGAAGACGATGTATCTTCCCTTGATGGCGCGCAATTGGGCGTGGGTGCGCGAGACGCGCGGGTCGTCAATGACGAGTTGATTTTCCAGCCGCCGCCCGATGTTGATCACCAGCGCGTCGAGCGGGAATATCTTTCGGCCTTCCACGATGAGGAACGCGTTTGGGGGAATGACGGGCGCTTCGTTTTCTTTCGCGTTTTGCAGGATGATGTCGGTGGGGCCGACGTTGTTGATTTTCTGGGAGACCACCACCCGCGTTTCCCCGGCCGCGAGGGTTTCGTCCGCGGTGACGGAAAGGATGGGCGGCGAATCGAATTGCTGGTCCATTTCCTGGCCGGCCGTCTGGATGGCGTCTTGCAGCGCTTCGAGCAATTGGGCGTTTTCCCATTTGCGGATCTCTTGCGGGGAAACCGCCAGCGTGAAAATATTCGGCGAGACGCTCTTGCCCGACGACTCGACATTGGCTTGTATCGCCTCGGCCAGTTGACGGAGGATCTTTCGTTCGAGGCCCTGTCCTGGCAGAAAATTGACCAGGTGGATTTCCACGAGTTCCTGGATTCGGGCTTCAAGGTTGTCAAGCGTGGTCGGCATGGATTTCCTCGGCTTGATTATAGAGGCGCGGGGGCAATTCCGCAAGTCTTGGGACGACTCGGTTAATATACTAGAAAATTATCATAAATATTTGACAATTCAAATTGACCCTGCTATAATGCCGCCGCATTAATTCAAATCTCGGATTGGCTTAACAGGAGCAACGCGCATGTCGCAATTGGAAATCAGGAATTTACACGTCAGCATCGAAGATAAGGAAATTTTGAAGGGCGTGTCTCTCGTCGTCAGGCAGGGCGAAGTCCACGCCATCATGGGGCCGAACGGAACGGGCAAGTCTACGCTGGCGTATACATTGATGGGACATCCCAATTACGCCGTGACCGAAGGCGAAGTAATTTTTAAGGGACAGAACCTGCTCGAACTCGAACCCGACGAACGGTCCCGCGCGGGCATCTTTCTCGCGTTTCAGTACCCGGTCGCCATCCCCGGCGTGACGGTGGCGAACTTCCTCCGTTCCGCGCTGAACGCCCGGCGCCGCGCCGCGAATCCCGAAGACAAGGGCATGCCCATCCATGAATTCCGCAAAATATTAAAGGAAAGAATGGACATGCTCAAGATGGATCACAGCTTTGCGGGACGCTATCTCAACGACGGCTTTTCGGGCGGCGAAAAGAAGCGCGCGGAAATCCTGCAAATGGCGACCCTCAAGCCGGAGATCGCCATTTTGGACGAGACCGATTCCGGCCTGGACATCGACGCGTTGCGCGTTGTCTCGGAGGGCGTCAACGCCCTTTCCGGTCCCGAACTGGGCGTGCTGGTCATTACGCACTACCAGCGTCTCCTGAACTACATCAAGCCGCAATTTGTCCACGTGATGATGGGCGGACGTATCGTCGAGAGCGGCGGCCCGGACCTGGCGCTCCACCTCGAGGAACACGGCTACGACTGGATCCGCGAAAAAATAGAAGAGTAGATTAGAGAACAGAGAGCGGTTTTATCGGTGGAATGACCTGTTCTCTGCTCTCCATTTTCTACTCTCTGGAGATTTATCCATGACTGACGACGCAAAAATCCTCGAAGGTATTGGCGAATACAAATACGGTTTCCACGAGCGCGACGATAACTACGCGTTCAAGTCGCAAAAGGGCTTAAGCCGCGAAGTCGTCGAACAGATCTCGCGCATGAAGGACGAACCGCAGTGGATGCTCGACTTCCGTCTCAAGGCGCTGGAGCATTTCATGGCGCGTCCCATGCCCAATTGGGGGCCCGACCTGGCGGAACTCGACCTCGATAATATCTACTATTACGTTCGGCCGACCGAGAAACAGGGCAAATCCTGGGACGACGTTCCCGACGACATCAAGCGGACCTTTGACAAACTCGGCGTCCCCGAAGCGGAGCGTAAATTCCTGGCGGGACTCGGCGCGCAATACGAGTCTGAGATGGTGTATCACTCCATCCAGGAGCATCTCGAAAAGCAGGGCGTGATCTTCCTCTCCATCGAAGACGGGATGAGGAAACACCCCGACTTGTTCCGCGAATACTTCGGCACGGTCATCCCGATCGAGGACAACAAGTTCGCGGCGCTCAACTCCGCCGTCTGGTCGGGCGGATCGTTCGTCTACGTGCCGAAGGGCGTCAAAGTGGACCTGCCCCTGCAGGCCTACTTCCGCCTCAACACGGCCAACGTCGGCCAGTTCGAGCGGACGCTCATCATCGTGGACGAAGGCGCGCAGGTGCATTATGTGGAAGGCTGCACCGCCCCTCAATACACCACAGACTCATTCCACTCCGGCGTGATCGAGATCATCGTCAAGAAGGGCGCGCGCTCGCGCTATTCCACCATCCAAAACTGGAGCACGAACGTTTACAACCTCGTCACCCAGCGCGCCAAAGTGTTCGAGAACGGCACGCACGAGTGGGTCGACGCGAACCTCGGCAGCAAAGTCACCATGAAGTATCCCTCCTGCTACCTCATGGAACCGGGCGCGCACGGCGAAATGCTTTCGATGGCGTTCGCGGGCGCGGGCCAGACACAGGACGCGGGTTCCAAGATGGTCCACTTCGCGCCGAACACCACCAGCAAGATCACCTCCAAATCCATCTCGAAGAACGGCGGACGCGCCTCGTACCGCGGCCTGCTCAAAGTCTACAAAGGAGCGAAGGGCGTCAAATCCAACGTCGTGTGCGACGCGCTGCTCATCGATCCCAAATCCCGCTCCGACACCTATCCCTACATCGAAATTGACGAAGATGATGTCTCCGTCGGGCATGAAGCCTCGGTCAGCAAAGTGGGCGAGGAGCAACTCTTCTACCTCATGTCGCGCGGCCTCAGCGAAGAGGAAGCCACCACCATGGTCGTCTCGGGCTTCATCGAGCCGCTCGTCAAGGAACTGCCGATGGAATACGCGGTCGAGATGAACAGACTGATTCAATTACAGATGGAAGGATCGATAGGCTGACATGCAAGAGAAACCCAGAGTTGTGATCTCGCGCGGACGCCGGACCGAATCCGCCATCAAGGAATTTGCCTTCACCCAGGCCGACCTGCCTGCGGACGCGAGCCTCGCCTCTTTCCGGACCTCGGCCTGGTCCGCGTACCGATCGTTGTCTCTACCCCAAACGACCGACGAAGCCTGGCGCCGCACGGACCTCCGCCTCTTCCCCGCGCCGGACTTTAAGATTCCCGCCCCCGGCGCGCACGAAGACTTCGCCTCGGTCCCGAACGAATTGCTCAAACCCCTCGTCGGCGACCAGCA
CP129485.1_gap34	1516493	1518075	1582	TCCTTCGGCGTCACGGCTTATTCCGTCATCTATGGGCGGATGGGCACCGACGCGCTGGCGGCGGTCAACATCATCAGTTCGATCGAGCAGGTGGCGTTTGTGCCGTTCATCGGAATTTCCAACGCCACCGCCGTGCTTGTGGGGAATCGAATCGGCGCGGGGCGCGAGGACGAAGCCCACGCGTACGCGGGCCGTTCGCTGGGCATCGGCGTCCTGGGCGGCCTCCTGACCGGTCTCCTGCTCCAGGCGCTTAAGTGGCCGCTGCTCTCGCTGTACAACGTCTCGCCCGAGGTCGTCCGCGACGCCGGCATGGTGATGAACGTGCTGAGCGTCTTCATGTGGATGCGCGTCAACAACCAGACGCTCATCATTGGCATCCTGCGCGCCGGCGGCGACACGAGATTCTCCCTCGTCGTGGACGGCGTCATCATTTGGGTTGTCGGCGTTCCGCTCTCGGCGTTAGGCGCGTTCGTGTTCCACTTCCCCGTCTACTGGGTGGCGGTCTGTGTGATGTCCGAGGAAGCAACGAAGTGGATTCTCGGCCTGGCGCGCTACCGCTCGCGGAAGTGGATCAACAACCTCGTGCATGAGGACGGTTTGTCGTCAGCGTAATATCGCCAGCCTGTCGGGATGGGTTAATTTCAGATTAAATTCCCCGGTTTCCTTGACACCTCTCCCCCACCCATGATAAACTCCTGCCCGCATGTCAAACATGCCATCCCAAAGAAAGGAGACGCGCCCGATGAACGTTCGTAAATTTCGCCTGAATGATGGCCCTGTTGTTTCTTCGATTCCTTCGCGGAGCGCGCCTGCCGACCGAACCTAGGTCGACCCTCATGTCCTCTCAAGACCACGGCGCTCCCGCCCGTGGTCTTTTTGTTTTCCGCTAACCAGAATCCGACATCCGAAACCTGAAAACCATGAAAACTCAACCCGCTTCCTTCGACCTCCGCCAATCCCTGGCGGCAAAAAGCAAACTGGCCGGCATCTGGCGCATGATGACGGACTACCGGCTGCCCTACCTCGGCGCGACCCTCGCGCTGGCCGTCTCCGCCGCGTCGCGCACGCTGACCTTCCTGCTGCTGCGCTACTTCGCGGACGACGTGCTGGTCCAGCGGGTCTACATCTTCGACACGCTGAATCGGACCCTGGCGATGATCGCGCTGGCGTTCGTTGGACTGGCCTGCTTCGAGGGATTCTTCTCGTACGCTTCGGGACGCCTCGCGGCCTACACCGCCGAGGGGATCACGCGCCGCCTGCGCGACTATCTCTTCGACCACATCCAGCGGCTGACGTTTTCGTATCACAGCCAGACCCCCACCGGCGACCTGATCGAGCGCGTCACCTCCGACGTGGACTCGGTGCGCCGCTTCTTCAGCGAACAGGCCATCGGCGTGGGACGCATCCTGATCGTGTTCGCCATCAACTTCGCCGCGCTGCTCGACTTGAATTCGAAACTGGCGTGGCTGTCCATTGTGACCATCCCCGTCGTGCTGGCGGTCTCGTTGTGGTTCTTCAAGATTGTGACGAAACGCTACGAAGAGTACCAGGAGCAGGAAGCCATCCTTTCGACAACCTTGCA
CP129485.1_gap35	1657670	1660480	2810	GGTTTTCATGCGGCAGGAGGAAGGCGGCTTGCACTGCGAGTGGTTCGCCTACTTTTCCCCCGCAGCGGAAAGCGCGGCGAAAGCAGTCGAGGCGGCTCCGTGCGAGCGACCCCTCCGCGAGGGACTGACCCTGCTCGCGGGAAGGGACGACTGTTGGTCAGTACTGTTCGGGGATATGTGACTTTCTATTCGAGAAAATGAAACGAGGGCGGGGAGGCGCGTCTCCAACTCAAAATACGAATCGCAACGAGCGCGGAAAAACAAAAAACGGTCCCAAAATTGTACCTTTGGAACCGTTCTCTGATTTTGAGGGCAATTTTCGATCTGCCTACCTTCCACCCTTGAGGCTGCTTTTTATTGTTAGCTCCGCTCTTCGTTTTTGTACTTCCTGAAATTATTTACGAGTTCACCAAACGATTTTGGCGCGTACTTTTCAAAATCTTCTTCCTCCACAAAAACGTAATCGAAGCGGATATTATTTTGCGCGGCGTTTATATCTTCACACCATTTTCTCAGGCGTTCCATCTTGAGCGGAACGTCCAAATCCTCCAGCCCTTTGGTTTCGACAATCCAAATTTCTTTCGGGCTTGTTTTCACAATAAAATCGGGATAGTAGTTTGAAATATTCCCGTCCGCATTGACGTAATCAATTCTAAAGTTCACAGCAAAATAATTCCTGGCGTAGGAAATAATGTCGTCGCATTTTTCAAGGAAGGACGCAAACAATAATTCAAGGTGACTATCGCCAACAACTTTGTTGAAGACGCTTTTCTGCGCCATGAGGTAGCCCTGCTCTTTGACGACAAACGGGCGGGTCTGCCTGAGTTTGATCGTGTCGCGTATCTCTGCGCTTCCTTTATCCAGAACGGTCAATTCGTTGATTTTCTTCTTGAAAGTTTCGATAATCGTTTTCGCGGCTTCGAGTTCGGAAAGATTGCGAATCGTGTTCAGGTCGTCCAGTTCAACGACAGAAGCAAAAAGATGATGCGCGATAAATTCCTTCACTTTGCCGTAAAGAACGTCATACCCGCTGAAAAGACGCAAGTCTTTCATAATCGTTTGGGCGAAGTAACCGATCACACTGCGATAATCGGCGACGGCGGCAGAGTCCAGATGGGTGACGTGATTAATTTCGCCCGTTGTAATGTCCTTGAAGACGATCTCGCGCATTTCGGCTTCGGAAAATTAGACTTTATCCGAAATAGCGAAAACGGCATTATGATGAGAGGATGCTGACTTACGAAGAACTGAAAACAAAGCCGAGGAAGTTTCTGGCTTTTACGAGCCTGACGGTGAAAGAATTTGCCGAATTACTTCCCGCATTCGCAAACGCCTACGAGAGAGTATACCCTGCATCTCAAACAAAGGCAGGAGGAACACGAAAGCGGAAAGCGGGCGGAGGTCGCAAAAGCGTGCTGGAGAGCATGGAGCAGAAATTGCTTTTTGCTCTGGTTTACCAGAAAAGTTATCCATTGCAATCGTTTCAAGGCGAATTGTTTGGAATGGCACAAAGCCGAGCCAACGAGTGGATACACCGACTTCTGCCGATCCTAAAACGAGCCTTGGATGATATAGGTATGACGCCAGAGCGTGATCCAAAGAAGTTCAAGGAGAAGGAAGAAAGTCGCTCGGATGCGGCAGATTCCATCATTGATGGCACTGAAAGACGCCGTCAGCGACCGAAAAAGGCTGAAAAACAGGCATTGCATTACAGTGGCAAGAAGAAAATCCATAGCGACAAGAACGTCATTATTGCTACCGCCAAAAGAAAGCGGATATCATTTTTGAGCCAGACCTATCCAGGCAAAACCCATGATAAGAAAGTTGCCGACATGGAAAAGATTTCTTATCCTGAGCGGATTGCGCTTCATAAAGATACAGGCTTTCAAGGCTACGAGCCAAACGTGCGAAAACTGTATCAGCCAAAAAAAAGCCGCGCGGCAAAGAACTGACGGATCGTGAAAAGGAAAAGAATCGTAAGCTGTCGAAGGTTCGCGTCAAAGTGGAACATGCTCTTGCAGGCGTCAAACGTTCTCGGATTGTGAAAGATATCTTGAGAAATACCAAAGACGGTTTCTCAGATATGGTTATGGCCATCGCTTGCGCTTTGCATAATTTCCGTGTTGATCATCGCAAGAAGCCGCTAAAACTATGATCAATTATTATTTCGGATAAAGTCTATTGTTTATAGTCAATTTTCTTATGACCAAAAGAAGAAAGGTTAAGGTCTTCAAGCCGTTTGTATTCGCGGATAATGCGCGGGGAGAGAACGGGAATTTCAATATCGAGTTTGTCAATATCCTTTTTGACGTTTTCGTTATCCACTTCAATAATAATGGGCGCGTGCGCGGCTGTGCCTGCTCCCATCGGTTTCCGTTCCAGTTCCACGCCTTCGCTTTTGATAGATTCGACAAAATCCATGAATGGCTCTGTACCCACCACGCTGACATATTCAGTAGCCTCTGTTCCAACGTACATGCGGCGCAAGCCGCGCCCTAAAGTTTGCTCGGGCAGAATATTGCTTTTGGAAGCATAAGCCCGCAAGCCTACAATGGTTGTCACGTTTCGCACGTCCCAACCTTCTTTGAGCATTAAGACGGAAACGATAACTTTATACGGGCTGTCCCATGTGTCAATCTGATTAGATTGCTTACGAAGTTTCTCCAACTCCTCCCTGCTTTTCTTTGAATCGGATTCGGAAATTTCTCCGTTGTTGTTGGTGTGAATAACAAGTACAGCGTTTTTGAACTCTGGATAAACGCTTTCAAGATATTCCGCAACCTCATCGCAATTTTTTGTATCGTCGGTCA
CP129485.1_gap36	1674305	1676426	2121	CAAAGAAAAACAATCCGTGCGATCCGCGAAATCCGCGTCCAACCATAAAATGCTTTTAAGGAGACAATCATGGAAATCCTGACCGTCCCCATCGAAAAACCCGAAACCGTCAACTTCATCCTCGGACAAGCGCACTTCATCAAAACCGTCGAAGACCTCCACGAAGCGCTGGTCAACGCCGTGCCTGGCATCAAATTCGGCCTGGCGTTTTGCGAAGCCTCGGGCAAATGTCTCGTGCGCTGGAGCGGCTCCGACGAAGCCATGATCGAACTCGCGAAAAAGAACGCGCTCGCCGTCGGCGCGGGACACTCGTTCATCATCTTCCTCGCCGAGGGCTTCTTCCCCGTCAACGTGCTGAACGCGGTCAAAGCCGTGCCGGAAGTGGCGCGCGTCTACTGCGCCACCGCCAATCCCGCCGAAGTCCTCGTCGCGCAGACAGCGCAGGGCCGCGCCATCCTCGGCGTAGTGGACGGCTCCTCGCCCAAAGGCGTCGAAGGCGCGGAAGACATCGCCTGGCGCAAAGACCTCCTGCGGAAGATCGGCTACAAGATCGGATGACCGACGGATCGTGATGATGCGGACTTTACGACGACTCGTCCTGCTTGTTGGACTCATCCTCCTCGCGGCGCTTCTCGCGGACCTCGCGCGGGATTCGGCCTCCCCGGCCGCTCCCTCCCCCGCGCCGACTCTGATTCCCGCTTCGGCGGCCGTCCCTGCCTCCCCCGCCCAAACCGACGCGCCCGTCCCGCCGTCCGCGCCGACCGTCACAAACACGCCCGCGCCCGATCCGTTCGGCACGCGCGTCGCCTTCACCGCCGAAGACGGACGCGAACTGGTCGGCTACTTCTATTCCTCGTGGATGCCCAACGCGCCGGTGGTCGTGTTGATGCACGAATTCGGCAACAATCAGGCCGCATGGAAAGAGAGCAACATCATCGCGTGGATGCAAAATTACGGCGCGCTGGACTCGAGCGGGCAGGCCTACATCTACGCCGGCGGGCGTCTGCCAAACCTGCCCAAAGACCGCTCCTTCGCCGTGTTGACGTTTGACTTCCGCGGTCACGGCGAAAGCCAGCCGCCGCTGAGCGGGGACCTGTACCAAAACCGGGCGGGCTTCCTCATGGACGCCCGCGCCGCCTACGCCCTCGCGCGGACGCTGCCTGGCGTGGACCCGAGCCGCGTCATCGGCATCGGCGCCTCCGTCGGCGCGGACGCGGTCGTGGACGCCTGCGGCGAGATCTGCGCGGGCGCGTTCAGCGTCTCGCCGGGCGGCTGGCTCGGAATCCATTATCACGACGCGGCGGAGGCCGTCCTTGCCCGCGGGTATCCCGTCCGCTGCATGTATGCGGCCAAAGATGACCCGTCCCCGTCCACCTGCTGGAGCGTGAATCCAAACGACCTCTACCGGATCTACGAGTACCCCGGCGTCAAACACGGCATGACGTTCTTCGTCCCCCGTAAAATGGAGGTCGGTTTCGGCGATAACTTGATGGATTTCCTGCTCGCCGCCTCCCGCTAAACGGGGCGCGCGGACAATTTCCGCACGCGGGGAGACCCGTCCGCCTCATGCACATGAGAACGGAATAAACCCAAACGCCCGGTCTGCGTTTCAATTGTATAATCTCATCGACCCATCAACCAAGGAGTTTTCGAGAACCCATGAAAAATTACATGATTAAGAGCCTCGGAGTTCTGCTGCTCGCCATCGCGCTCGCGGCTTGCGGAAGCAGTCCAACGCCCACGGCCCCGCCTGTCGACCTGCCCGCGCCGGTTGTAACCGCCGCCGTCCCGACAGCCCAACCCAATCTCTGCAACAATATATACTATCCAGTTAAAAATAAAGCGGTCTACAAATACACCAGCACCGGAAGTTCAGCCGGCGCCTATTCGTTTCAAAATGTCATCAGCCGGTCCACTCGGAAGGGTTTCACGGTCACCTCGAGGTTCAAGAAGGCTGTAAACAGGCTGCGCTGGGAATGTAAACCCGAAGGCCTGGCGGCAATGGGAATCGGCCTCACCGACATGGCCAGCAGCATGGCCCTCCGTCAATTTACCAACTTTACCGCCAGCAACGTCACCGGCGTCAGCCTGCCCGCCAACCTGGCCCCCGGCATGGAATGG
CP129485.1_gap37	1802970	1807277	4307	GGGGATGGTACTCGCGCAGCGCCTCCGCCAGTTTTGGCGTCACATACGACGAAGTGTCCGCGGGGGTCAGGTCGAGCGGACGCGGCAGGATGACCGCGACGCGCTGGTCGGGCGTCAATTTCAGCGGAAGGATTCCCGCCTCGTCGCGGACCAACGTGATGGACGCCTCCGCGATCTCCCGCGCGACTTCCATGTGTTCGGCGGAACGGATCACGCTTAAGTCGGGCTGACTCCACGTATCCCCCAGCCATTTCTTCAGGGACAGGATGCGCGCCGCCGAGGCCGCGAACTCGTCCCGCGCCAGCGTCCCGTCCCGCGCGGCTTCCGTCAACGCGATATGGATGCGCTGCTGGTCGAGCGGATTGGTGGTGGCCAGCAGCAGGTCCACGCCCGCGTTCGCGGCGAGCGCCGCGTTCGGACCGAGCGCATCCCCCTGACCGATGGCGTGCATGTCCAACGCGTCGGAGACGATAACGCCCTCGAAGCCCAGCTCGCGGCGCAGGATGCCGTCCAGGATATTTTTGGAAAGCGTGGCGGGCGGCGCGTCCTTTCCGTCAATGGCGGGCAGGCCGATGTGCGCGCTCATGATCAACTTCGCGCCCGCCTGAATCGCCGCGCGGAACGGGGGGAACTCCACCGCCCGCAGCCGCTCCAATCCATGCGGGAGGGTCGGCAGGCCGAGGTGCGAATCGCTGGCTGTGTCGCCGTGACCGGGGAAATGTTTGGCGGCGGCGGCCACGCCCTGCGACTGAATCCCCGCGATCATCGCCGCGCCGAGGCGCGCTGTCAGTTCCGGGTCCTCGCCGAACGAGCGGACGCCCACCACCGGGTTTTGCGGATTCACGTTCACGTCCACGCAGGGAGCGTAATCCACGTTGACGCCGACCGCGGCCAGTTCGCGCCCGAGGACTTCTCCGGCGCGGCGCGCCAACTCCTCGGAGCCGGTCGCGCCGAGGGCCATGTTGCCGGGCAGGGGCGTCCCGTCGCCAAGGGCCATCAGCTGCCCGCCCTCCTGGTCGGTCGCGATCAGAAGCGGAGGCAGGTCGAGGTCACGCGCGAGGCGCTGCAGGGAGTCGGTCAAGGCGCGGAGTTGAGTCGGGTTGTCAATATTGAAGGGACGGAAGAGCGTGATCCCGCCCGGGCGGTAGTCCCGCAGGGCGCGGACGATCTCGTCGGAGGGTTTGTCCTTCCCCTTGAATGCCAGCAGGAGTTTCTGGCCGATGGCTTGATGAAGTTCCACGTCAACCTTTCAGGCCGGAGACGACCACGCTTTCAAGGATGTAACGCTGCGCGAAGAAGAACACCACCATCAACGGGACGGTCGTCAGCACGGCGGCGGTCATAATGGTCGGCCAGGGCTGGACGGTCAGGTTGATGTTGTAGAGCGTGGAGACGTACACGGGCAGGGTGTACATGGACACGTTTTGCAGGTACATGAGCGGGGTGAGCAGGCTGTTCCACAAACCGACGAAGAGGAAGGTAGCGATGGTGGCGAGCGGCGCTTTGACCAGCGGCAGGACGATCTCCCACCAGATCTGCACGTGGTTGGCGCCGTCCACGAACGCGGACTCGTCCAGTTCCTTCGGGATTTGCGCCATGGATTGACGCAGGAGGAAAACCATGGCCGCGCCACCCGCGAAGTAGCCAGGGATGATGAGCGGCTTGAACGTCCCGACCCAGCCGAGCAGGTTGAAGAACACGTATTGCGGCACGATCAACGCCTGCGGGGGAATCATCATGGTGGAAAGCATCAGGAAGAAGACGAGGTTGCGTCCCGGCCACTCGATGCGGCTGAACGCGTACGCCACCGCGGCGATGGAGATGAGCGTCCCCGCCAGCGCGAGGGTGACGTAGAAGACGGAGTTGAAGTAGGCGGTGAGGAAAGCCTTGTTCTTAAAAATGTCAAAATAGGCTTGCAGGGTGGGATGAGGCGGAAGCCAGATGATGCCGGGCGAGTTGGTCTCGCTGACGGTCTTCAACGAGGAGGAGATCATCCAAAAGAGCGGGAAGCTCATCATCACGGTCGCGCCGGTCAGGAGGATGTACAGGATCAGGCCTTTGAGCATTTGCCAGTAGCGTTTCATGCCGCCCTCCTAATACACGTCGTACGTGACCCAGCGGTCCTGCAAACGGAACTGGATCACGGTGATGACCAGGATGATGAGCAGCGCCAGCCACGAGATGGCCGAGCCGTAGCCGATCTCGAAGTGACTGAAGCTTTTCTGCCACAGGTAATAGACCATCGAAATGGCCGAGGGGATAAGCGGCTGGTTGTCGCGGTACAGCACAAAGATCGGCTCGAAGATCTGCAGGGAGGCGATCATCCCCACCACAAGGTTGTAGAAGATGTAGGGCGTGAGCAGGGGGAACGAGACCTTCCAGAAGCGCTGCCAGCCCGAAGCGCCGTCCACTTCGGCGGCCTCGTGCAATTCCTTCGGGATGTTGTTCAGTCCCGCCAGGAAGATGAGCATCATCGTGCCGCAGCCCCAGACCAGCAGCAGGACGACCGACATCTTCGACCAGAGCGGACTCTGCACCCACAGCGGGACGCGGTTAGCGGCGGGGAATCCCGCCTCGATCACTTTATGGAACAGGTTGAAATTACGGTTGTTGATCCCCAGAAAAAATGCCGCAGAAACTTCCTGGACGAAGATCGCGCCGCGCATCAGATAACTGAACGGCTGGAAAGCCGACATGGCGCGCAGGAGTTGGTTGATGATTCCCGTCCCAGTGTTCAACATCAGGCGCCAACACAAAAGGACGGCGGTGTTGAATCCCAAAATCACGGGCAGGTAAAACGACATGCGGAAGACGCGTTCGCCTTTCATTTTCTGGTTAAGCAGCACTGCCAGGAAAAGCGCGAACGCCAGTTGGAGCGGCAGCCCGATGACGGTGAGATAAAGGGTGTTGACAAGCGAGGCGCGGAAGTTGTCGTCCTTGAATAAAATGGTCTCGTAATTTTCCAGTCCCACCCATTGGATGGGTTTCCCCGACGCGATGCGGTAATCGGTGAAACTCCAATACAGCGAAAATCCGAGCGGCACAACCACGAAGATGAAGAAGCCCACGATCCAGGGCGAGGCGAACAGGTACCCCGCAAACGTATTCGCCTGTTTGCGAGGCGTGGCGCCGCGCCATTTCACAATGAGACGCGCCAGCCCCCCGACCAGGTAACTGCTGACGATGATGAAGAGTACCGTCAGAGCGGCCGTCGCCAGGACATCGAGATACGGGTTCTTGATCATGGGCTGTCCTCTCGTAAATCAACGAAACGATGGAGGGGAATCGCTCCCCTCCATCGTCAATGTAACCCGACTTACTTGAGCGCGGCCGAATAGTCGGCCTGGATCTTCTCGTTCACCTGCTCAGGAGTCAGTTCCTCAGTGATGAGTTTGCCGAGGGCGTCCTGCATGATGGTGGAGAGTTTCGAGGATTCCAGGATGCCGGCAAAGCCGACGCCGTACTTGGCGGCCAGTTCCGCTTCGATCTTCAGCTGCGGCGAGTCGGTGACGTAGCCGTACTGCGAGTCGTTGCGGGCGGGGATCAGGCCCATGGTCTCGTTCCACTTGTTGTTGGCTTCCTTCGTGAAGGCCAGTTTCAGCCAGTCCGCGGCCAGGTCTTTGTGCTTGCTGTAATCGGCCACGGCCAGCCAGTCGTTGAAGGCCAGCACAACGGGCTTGCTGTTCGGGAAGTTGGCGGGATCGCCGTAGAACGGGTCAATGCTGATCTTGTCCCAGGTCGGGCGCGTGAAGGCGGGAGCGGCCCAGCCGGAGTGCGCGAGGCAGACCGCGCCGTTCTCTTTGCCGGTGGCGTCGTCCACGTCAATCACCGAGCCGGTTCCAGTCGGGAGCGAACCGACCGCGTTCGCGGCGGGACCGTAGGTGGCCTGTCGCATCTCGAGCAGGAACTTGGTGGTAGCCAGCGCCTCGGGAGAGTCGAAGTTGGGCGTACCGTCGGCTTTGTAGAGTTGACCGCCGAGCGAGTAGAACACGAGCAGCCACCACTGCCAGTCGGCCATCGAACCGGCGTCAACCGGGACGAGCGCCTGCTGGGTCAGCGAGTTGGTGGCGGAATCGATCACGGAGGCCTGCTTGGCAAAGGCAGTCCAGTCCGCGAAGCTCTTGGGCGTGCCGGTCGTCCAGCCGGAGGTTTCCATCAAGTCGGTGCGGCAGAACACGTAGCGCGGGGCGGTGAAGATCGGCAGGCCGCGCAGTTTGCCTTCGAACTTGGCGTTTTCGAGCGCGGGGCCAAAGTTCTTGATGTCGGGCCAGGCCGCTTCGCCGAGATAGGAATCCATATCGGCGAGG
CP129485.1_gap38	1819153	1821556	2403	CTGTAGTCCTACCTTCACGGATACTCGCGAATTCTCCATGATTTTTCGCGAAATCCGCGTCGTTCGCGGCAGGAAGAGACGCCGACATTATTTTCGAGAAGGTCTGATCAAATGCCCGCGTTGCTGAGGGAGGTCGTCAGCTCGGAGAGGAGGATGGTCAATTGCGGGTGCGTGATCTGGAAATGGTCAATGGCGGATTGCAGGGCGGCGCGGAGCGCGTCGCCGGAGGGCGCGGGCGCCTCGCCCGAGCGTTGAAGCAGATCGCGGATATCGGCGTCCAGTTCGTGCAGGAGCGCGCGGCCCTTGTCGTCCAGGCTTTCGGCCTTGTGGAGTTCGCCTCGCAAATCTTCGAGTAACGTACGCAGGTCTTTGTCGGCCATGGCTGACTCCTTTCGGTGATGTCCATATTTTACAACAGACTCCTTCAAAAATGAAAATCCTTCCGCGAATTTCACGAATGCGCGCGAATTTTCCACGATTTTTCGCGAAATTCGCGTCGTTCGCGGCAGAAAGAGAGACGCCGACATTATTTCCGATAATGTCCAGCAAACAGCCTTCCCGAAGCCAGCGGGACGCGGATTTTTCGGGTTCGCGCGGAAATTTGCTTTCAGGAAAACTATCTATGACTCCTTCGCTCAATCTTATCGCCGCCATTGGCGCCCAGATCGTCTTCTTCGGCATTTACTTCTATATTGACGCCCGCCAGACCACCGCGCCCAACTGGGCCAGCGTGGTCAAGTTCGGACTCAACCCGTTGACGCTGCTTTACTTCGCGTTTTCCGTCTTCCCGGTCTGGTGGAGTTACCGCGCCATGTACGCGTTCTACAACCAACGCTTCTGGGCCGCGGCCATGCTTCAGGGATTCATCGTGCAGTTCACTTACGTGCTGGCGAGTTACCTCGGCTCGAAGCAAATCCCCTCCCTGCGCGAGGGACTCGCCATCGGGTTGGTGTTCCTGAGCGTGCTGGTTGCGGGAAAACGCTGAGACGTCTCTTACTTGTGATAGACTCGCCCCCATGAAAAACACTCGCATCGAACGCGATTCGCTCGGCGAAGTACAGGTCCCCGCCGAGGCGCTATATGGCGCGCAGACCCAGCGCGCGGTGGACAACTTCCCGATCAGCGGACTCAGGCCGCGCCGCGCCTTCGTCTGGTCCATGGCGACGATCAAACGGGCGGCCGCCGAAGTCAACCGCGACCTCGGCCTGCTCGACGACCAGCGGGCCGCGTCCATCATCCAGGCCGCGGACGAAGTCATCGCCGGGCGGTGGGACGATCAATTCGTCGTGGACCCCTTCCAGGCGGGCGCGGGGACCAGCCACAACATGAACGTCAACGAAGTCGTCGCCAACCGCGCCACGCAGATCATGGGCGGACAACTCGGGGAGTACCGCGTCCACCCGAACGACCACGTCAACATGTCGCAGTCCACAAACGACACCATCCCGACCGCCATCCGTCTCGGATGCCTGTGGCGGCTGGATGAATTGCTGGGCGTCCTGAAAGACCTGGCCGAGGCGTTGAACGAAAAAGCCGTCGAGTTCGACGACATCGTTAAATCGGGACGGACGCATTTGCAGGACGCCGTCCCCGTCCGCCTGGGGCAGGAATTCGGCGCGTACGCCAAAGCGGTGGAGCGCGACGCGGCGCGGATCGAGTCCGCGGCCGAGGGGCTGAGACGGCTCGGAATCGGCGGGACCGCTACCGGGTCCGGGCTGAACGCCCATCCCGAATATCACGTCCGCATGACGAAGAAATTATCCGAATTGACGGGGCTGAGGCTGTACACGTCCGACAATCTGTTCGAGTCGATGCAGTCCATGTCCGACGCGGCGGCGTTCTCGTCCGCCATCAAAACCCTGGCGCTGACGTTGATCCGCATCGCCAACGATTTCCGCCTGCTGGCCTCGGGTCCCGCCACCGGGCTGGACGAGATCCAACTCCCGGCGGTACAGCCCGGTTCGAGCATCATGCCGGGCAAAGTCAACCCGGTGATGGCCGAGATGCTGGACATGGCGATGTTCCACGTGGCCGGGTGCGAGACGACGGTGGCGCTGGCGGCCCAGGCCGGGCAGTTGGAATTGAACGTGATGATGCCGGTGATCGCGTACGAATTGTTCGAGCAGATGCAGATCACAATCGGGGCGACGCGCGCTTTCACCGAAAAGGCCGTGCGCGGCGTGAAAGCCAACCGCGAAAAAGCCGAGGGCTGGCTGGAGAAGAACGCCATCATCGTCACGGCGCTGAATCCGCTGATCGGTTACGCCCAGGGCGCGGCGCTGGTGAAGGAAGCCTTGAAGCGCAACGCGACCGTCCGCGAGGTCGCGGTCGAGCGGGCGAAGGCGGGCGCGCTGAAACACCGCGACGAGGCGCGCGCCGTCTCGGCGGAGGAAGTGGAAGCGG
CP129485.1_gap39	1857738	1861748	4010	GGTCTTTCGTCTTCGGTCTGCCTCCAGAGTTCCTCCAACCGCGCGCGCTGCCGCGAGACGATGACGACTTGTTTGCCGTCATCCACAAGGCGGGCGAGGTAATCTTCAAATGGTTTTAATCGTCCCGCGAATCTTTCAATATGCCCAAACTGACTCGCCAACTGATCACTGATGACTGATGACTGATCACTGTCACCCAAACGCCCCAACTCAACAAGGGACTTCCCGCCAAGCGAATCCGCCAGTTCGGACCACGTCAAATATGGGACGGGAAAATCCGCCGCGAACGCGCCTTCCTCGACGGCCTCCTTTCGCGAGCGAAGCGCCTGCTCTTCCACTTCCTGAATCATGCTTTCAACGTGATCCAGGTCGTCCACCGCGACCAGCGCCTTCGACGGGAGATAATCGAACGGGCTCGCGGGGAAAGGATGGAGGAGAGGGATATGGAACTCGCTGAGTTCGGTTTCGCCTTCCGCGCCTCGCGTTTCAGTTTCCTGTCCGCGCGCGATGAACTCCCGCGCGGGCGTGACGAGGACGGATTCGAGATTCTCCACCGTCCGCTGCGTGGCGGGATCGAACCTGCGGATGGTCTCGATCTCGTCCCCGAAGAAATCCAGGCGGACGGGTCCGTCCTCGGCCATCGGCCAGATGTCGAGCAGGCCGCCGCGATGGGCGAACTGTCCCGACTCGAGGACGGTGTCGGCGCGCTGGTAGCCGATCTCGGTCCACGCGCGGATGAGCGTCTCGGGCTGGACGGATTGCCCCGCGGAGAGTTTCCTGCACGCCTTGAGATAGTCGCGGCGCGGGAGCGTCCGCGTCATAATGGAGCGCGCGGAGGAGACAATAACTGGCGGGACGGAGGGTTTCTCCGCAAACGGCAAATGATAACTGGCGAGGGCCGTGAGAGTCTGGAGACGCTCGCGGCGGGTGGTCACGCCCCACGAAGACTGTTCATAAAAAAGCGGGTTCGGCTCGGCAAAGAGATAGCGCGGCGCTTCGGGAAGCCAGAAGGCGAGCTCGTCGAAGAGCGCGAGGGCGTGGTCGGCGCGGTCGGTGAGGAGCAGGATCGGCTGGTTGAGGTCCGCGTGGAGGCAGGCGAGGACAGGCAGGCGCGCGGAACGCGGCAGGCCGAGGGGACGCGCGGAGAGATGTTCCAGTAGAGATTCATAGGCTGGAAGAGAGCGGATGTGGGAGACGAGGATGGAGGAGGACACAGAATTGTGCGGGATACGGGATACGGGATACGGGATACGGGGTACGGGTCAGAAGATACAGGTTAGAAGATGTAAGTTAGAAGTTACTACGGCTCGCAGTTCAGCTGCGTGTAAACGCGGCTGCCAAACTATCAAACTACACAACTACGCAACTACCGAACCATTAAACCTATTCATCGCCGCGTTCAAACCCTCCGTTATAAACGTCAACACGGCGTCGGCGGCGCGGTCGAGGGTTTCGGAGACGATAAGCATTTCAGCGCGGGAGAAATTTTGCAGGACGTAATCGGCGGGAGCCATTCTCCCAGGCGGACGTCCAATGCCGATGCGCAGGCGCGGAAAATCTTTTGTGCCGAGGCGTTCGATGGTGGATGCCATCCCGCGCTGGCCGCCCGCCCCTCCGCCGGGACGGATGCGAATCGTCCCGAGCGGCAGATCGAGGTCGTCGTGCGCGACCATCAGGTTTTCGGAGGGAATTTTGTAGAAATGCAGGAGTCCCTGCACGGACTGTCCCGACAGGTTCATGTACGTCTGCGGCTTGGCGAGGATGAGTTTGCGCTCCTCGTAAAATCCGCTCGTGACGATGGCTTTGGATTGCAGTTTTATCCCGCGCGCGTCGATGCGGACGGCAAGTCGGTCAATCAACATGAAGCCGATGTTGTGACGGTTGTCTTTGTATTCGCGGCCCGGATTGCCGAGGCCAATTATGAGATAGTTTTCAGTCATCAGTTTTCAGCGCTCCGTGTTGCGTGTCCACTTCACTTCCGCAAGCGGAGGAGGGCGGCGACCGCGATAAAGGCCAGCAGAGTGACGAGGATGGCGCGACCGAGAAAAACGCAAATTTGCGATTCGCCCAGCGTGATCGGATTGGGAGGAAGAGAGGTGGGCGTGGGGAGACGCGTGGAAGTCGGCGCGGGCTGCGGGGTCGGAGGGAGAGGCGTGGGAGGAGGGACGAATTCGGTCGTGGCGGTCGGTTCGGGAGCGGAAGTCGGCGCGGGCGTCTCGGTCGGGAGTTGGTTGCGGACGCGGAGTCCCGTCACGAGGGATTCGAGGATGGAGCCGTCCTGCAAGGCGACGCGCAGGCGCAGGTTGTAGTCCCCGTCGGTGACGGAGTTGGTGTCCCAGGCGGCGAGCAGGCCGTCGGTCACGGGCGAATCGGTCTGGTAGACGAGGAACCAGGTCGAGGTCGGGTCGGAGGCGTAGGCGAAGGAAAGTTCGGAGGAGGCGAATCCCTCGGCGGCGCTCGTCCCCATCACGTTGACGAGTCCGCTTAACGTCGAGCCTGACGAAGGCGCGGCAATGCGGATGTCGGTCTGCGCGGCGGCGCGGCCGGACGAGAGAACAATCAGAGCGAACAGAACGGCGATCCGCCAGCGCATCAGAAGAATTTCAGCCAGTCGGTGTTGGTGAAGATGCCGCAGGCGAACAGGGCGAAAAGGACGAGGAGAATGACGCCGCATCCGATCCCCGAACAGGAACAGCCCTTGCCAAAGCCGAAGCGGTTCTGAAGCCAGTCGAAAAGTTTGTCGAGCAAAAAGAGTTGAAGCAAGCCAGCCAGACAGCCTTGTCGGTCTCTCATTTTGATCTCCTTTCGTGTCGGCAACTGGTAAGTTTAACATGAAGACGAGCGAGGGTCAAATTGACGGCGGAAAACCCCATGTTTTAACATTCCTCACGCGCAAATCTTTTATGGTAAACTTTGGTACGAATCCCCAATGGAGTGACCCGTATGAGCAAATCTCGAAGCGAACAGCTGGTGGAACGCCTGCGCTCGATGCAGGCCGCCGCCCCCGATATCGAAGCCTCAGCCATCGTCTCAGTGGACGGCCTGATCATGGCCTCCGCCCTTCCGCAGGAAGTGGAGGAGGACCGCGTCTCGGCCATGTCGGCGGCGATGCTCAGCCTCGGCGAGCGCATCTCCGGCGAACTCGGACGCGGCGGGCTGGAACAGGTCTACATCAAAGGCGACGACGGCGCCATCGTCCTGACCTCCGTGGGAGCGGAAGCGGTTCTGACCGCCCTCGCGCGGCCTGAGGCCAAACTGGGCCTGATCTTCCTCGAAATGCGCCGCGCCGCCGAAGACCTGACGAAACTGGTCGGATGAAAACGCCCGGCGTGGGATTCCCGTAAATTCATGTCACCCCCGGTGGGGAGGGCGCAACCGCCCTCCCCACCGACTTTTAACCCTCCCCCGTCCCGCCCGCGGCCAGGGGAGAAAACAGGAATGGAACATGGCAACCAAATTTCTCTTTTTCACCGGCGGCGTCGTCTCTTCGGTCGGCAAAGGCGTGACGGCCGCGGCCATCGGGCTGACGCTCAAAGAGCGCGGCTTCAACGTGGCGGTCCAGAAACTCGACCCGTACATCAACGTGGACCCCGGCACGATGAGTCCCTACCAGCACGGCGAAGTCTTCGTGCTGGACGACGGCGCGGAAACCGACCTCGACCTGGGTCACTACGAACGCTTCATTGACATCCGCCTGAGCCGCGTCAGCAACTTCACCGCGGGGCAGGTCTACGCGGAAGTGATTGCCAAGGAGCGCAAGGGCGATTACCTCGGCGGGACGATCCAGGTGATTCCGCACATCACGAACGAGATCAAGCGCCGGGTCAAGTTGGTGGCGAAGGCCACAGACGCGGAGATCGTCCTCGTGGAGATCGGCGGCACGGTCGGCGACATCGAATCGCAGCCGTTCCTCGAGGCGCTGCGTCAACTGCGGAACGAGGTCGGGCGCGAGAACGTCTTCTTCATCCACGTCACCTGGCTGCCGTACATCGGCGCGACCGGCGAATTGA
CP129485.1_gap40	1948631	1951279	2648	CTGGGTGATCGGCGAAGCGAGGCCGGGACGCGGAATCGAGATCGTTTAGGAGACCGCGATGATAAACTTCGGATTTGGAATGGGAGAATTGGCCGTCATACTCATTAATGTCATCCTGTTACTCGGTGTGCCGTTGGCGATCATTGTATTGCTCGTAAGAATTTATCAAAAATTGAAAAACATAGAAGAGCGCTTGAAAGACAAATAGGTATGTCAGAAATCCCCATAGAAACAAACTTGAAGTTCGGCCTGATCTCCATCGCGGCGTTGTTCCTTTTACACAGCATTCTGGCAATGGCCGAGACAGCTCTACTAACAGTGCGAAAGGCGCGCCTGCAACACAAGAGCAGCGAGGGAGACGCGGGCGCCGAGGCCGTCCTCCGTTTGATGGAAAAACCCAATCAGTTTCTATCCGTCATCCAGATCGGCATCACCTCCATTGACCTGTTGATCGGCGCGCTGACAAGCGCGACGCTCGGCACGTGGATCAACGCGCAGTTGAACAAATACCCAAGCCTCGAACCCTACAGCGTGCCGATCAGCATCATCGTCGGTATCCTTCCAATCACCTATCTATCGCTGGTGCTGGGCGAGCTGGTCCCCAAGCGCGTGGCGCTGCGCTCCCCGGAACGGATCGCCATCTGGGTGGCCGGGCCGATGTCATTCCTGGCGAAACTGTTCTCGCCTTTCGTCAACCTGCTGAGTTTTTCCACGGAAGGCATCCTGCGCCTGATGGGTATCCGCCCGACCAACGAGCCGCCCGTCACGGAGGAGGAGCTGCAGGTGCTGCTCGACCAGGGAACCCAGGCGGGGATCTTCGAAGCCTCGGAGCAGGACATGATCGAGGGCGTGTTCAGCATCGGCGACCAGCGCGTCTACTCGGTGATGACGCCGCGCACGGAGATCGTCTGGCTCGACATCAACGACAGCCTCGAAGAGATCCGCAAGAAGATCGCCGAGAGTCCCTACTCCCGCTTCCCCGTCCGCGACGATTCGCTGGACAACATTGTAGGCGTCGTCCGCGCCCGGGACCTGCTGCTCGCCGCGATGTCGGGAGAGAAACTGAACCTCAGAAAGCACCTGCATCCCACCATCTACATCCCCGAGACGGCGCAGGCTTCGCAGGCGCTGGAAATGTTCAAAGGCGGTAAAGCCGAACTGATGCTGGTGGTGGACGAATTCGGCGCGGTGCAGGGATTGATCACTCTCAACGACATCCTTTCGGAGATCGTGGAAGGCATCGGCTCCGAGGAACCGCAGGCCACCCAACGCCAGGACGGCTCGTGGCTGCTGGACGGCATGTTGTCTGTGGACGACTTCAAGGAGATATTTAACCTACGCGAACTCCCGCAGGAGAACGATTACGAAACCCTCGGCGGTTTCATCATGTATTCGCTGGGACGCATCCCACTCGCGGCGGACAAATTCGAATGGAACAACCTGCAATTCGAAGTCATGGATATGGACGCCCGCCGCGTGGACAAAGTGCTGGTGACGACGCTCGCGAAACCCGCCCAAAAAGACGAAAAGTGAGCGGCTTGCCCGGCCGGCCCCTGAATTCCCCCTAATTTTTCGATGGTATAATCCCGCCCGATGAGTCCAGAAACTGAAAGCAAAAAAACCAAACTCTGCCCCACCTGCGGCACGCGTTTGAGCGAAAACGCCACGCGCTGCCTCGTCTGCGGGACGAACCTGACCGCCGCTCCAAAGGCCGCGGCCGCCCCCGCCAAAAAAGCGGAGAAGGCCCCGCTGCAAGCCAGCCGCATGCCCGAGATCACGCTCAGCCTGCCGGCCGCGCTGGGCGCGCTGGTCGTCCTCCTGCTGATCGGCGCGGCGGTCGTCTTTGGCGCGCTGCGCGCCTCCAACCGCGTGGTGGATCCCACCCCCCTCCCCACGGCCACCGCCACTTCCACCGTCACGCCGACGCCCACCGAAATCTTCACCGCGACGCCCGAACCCACCCTGACGCCCCTGCCGCCCCTCGATTACGTCGTGAAAGAAGGAGACACCTGCGGCGGCATCGCCTATCGATTCGGCGTGTCCACCACCAGCATCATCATCCTGAACAACCTCGACGCCAACTGCACCATGCTGCCGATCGGGCAGACGATCAAAGTCCCCTACCCAACGCCCACGCCGCCCCCGCCGCCCACCAGCACGCTGGAGCCGGAACAGGCCACCAAAGCCGCCTGCTCCACAGCCAGTTACACCGTGCAGGCCAACGACACCCTTTCGAGCATCGCCGCCAACTACAACGTCGCGATGGCAGACATCCGCGCCTACAACAACCTCGCCACCGACAACGTCATGCTTGGGACGACCATCCTGATCCCGCTGTGCAAGCGCGCCCCCGATCCCAACCTGCCGACGCCGACTCCCACGCCCCCGCCTCCCTATCCCGCCCCGAACCTGTTGCTTCCCGTTGACGGCGCGGCCTTCACCCTCGCGCACGATGTCGTGACCCTGCAATGGGCCTCGCTCGGAACCCTGCGGGAAGGCGAACTCTACCAGGTGATCGTCGAGGACGTGACCGCCGACCAGGGCCGCCGAATCGTGGACTACGTGACCGACACCAGCTACATCATCCCCACCTCGTTCCGCCCGAACGACAACGTGGCGCACATCATGCGCTGGTGGGTGGTCCCGGT
CP129485.1_gap41	1998814	1999822	1008	GATCGAGCCGCCCGCGCCGGTGACGAGGACGCGTTTCCCGTTCAGGGAGGAACCGATGAGGCGCTCGTCTATCGTGGCGGGATCGCGGCGCAGCAGGTCGGTGATGTCCACTTCGCGCAGGCGGTTCACGCTGACCTTCCCGCCGATGAGTTCGTTCATGCCGGGCATCGTCCGCGAGGGGATGCCCCTCCTGCGGCAGGTGTCCGTGATCTGGCGGACCAGTTTGCCCGACGCGGACGGGATGGCGATCACCACTTCGTCCACCCGGCGGTTGGCGAGGACGGATTCCAGATCCGTCACCTTGCCGATGACGCGCACGCCGTAAATCTCGTGCCGCTGTTTGGCGGGATCGTCGTCGAGGAAACCGATGGGAGTCAGGTCGAGTTGGTTCGTCTTTTGCAGTTCGCGGGCCACCAGCGCGCCCGCGTCGCCCGCGCCGATGATGAGGGCGCGCCGTCCCTTGTCCACGCGGGAGGCGGACTGCTCGCTGAGGATGCGCAGGGCGAAGCGCGAGCCGCCGATCAGGACGAGCGAGAACAGCCAGTCAATGACGAGGGCGGTGCGCGGCATCCCCGGCTGGACGAGTCCCGCCGCGATCAGCGCCAGCATCACGCCGCCCGTCAGGACGGACGCGGTGGAGACCGCCACCGCGATCAGTTTCAGTTCGTTCGTGCTGGCGTACATCCACAGGCGGCGGTAGAGTCCGAAAAAATAATAGGTGGGGATTTTGACCAGCAGCGCCACGCCCGACATGATGAGGATGGCGGGAAAATAAAACGACATCTGCCCCACATCGTAACGCAGCGCAAAACTCCCCAGCACCGAAACGATGATGAGGATGATATCGCCGATGACAACGAAACGATTGCGAAGTTTCATGCCCCGCCCGCCCATGACTCCTTCATCCACTCCGCCGTCCTCGCCAGCCCGTCGGTCAGCGAGACCTCGGCGCGGAAGCCGATCGTCTCTGCGGCTTTTTGCGGACTGCCGATGGAGCGATAGATGTCG
CP129485.1_gap42	2001921	2006895	4974	CGCAGCGGAGGAATGCCGCTGGCGATCAATTTGTACCAGGCATATCCCAACCAGGAATAATAGGCGCCGATTCCCGCGAGCGAAGCCGCGATCAGATCGCCGACAAAGAGTATCGTGCGATGCTCGCTCGACCTTAAACGCAGGCTGATCGGCCGGGTGGGACGTTCAGCCATTCGCGCTCCACAAGGAGGAGATCAAACTCCACAACAACGCGCCGCCCCACGAAAAATGGATGGTCATGATCGCGAGCGGAAAACCGAGCGCCAAAGCGGGCTGTTTGCGTTTGACGGCCTGCTGGATTCCCGCCGCGAACAAAATGAAAATGTAGACCAGCAATTCCAGCGCCAGCAGCGCCCGCGCCGGCGGCCAAAACGAAAGCGCCAGCAGAAGAACGACGCTCGCCACAAAAACGGGCGGGATGAATTGCCTCCAGCGCAGCGTTTCGGGATAGCGGCGCAACATGCGCGCCTTCCAAAATCCATAACGGGCGTACTGCCGCGCCAGGGCGCCGAAATCGGAACGCGCAAAATAGACCGAGCGGATGCGCGGGTCGAGCCAGACGGTCTTTCCCGCCCGCCGCACGCGGACGTTGAACTCGTAATCTTCGTTGGACAAAAGCGACTCGTCGAACGCGCCGATCTCCTCGACGAGGGATTTCCGGTACGCTCCAAATGGGACGGTGTCCACCGCGCCCGCCTCGGGCTTCAGACGGTAAGCCGCGTCCCCCGCCCCGAGCGGATGCGCCGCCGCGGCCGCGATCCCCGCCGCGACCCAGCCCGGCGCGCCCGGCTGGATCTCCCACACCCCGCCCACGTTCGCGCCGCGGCCCTCCTCCAGCGCGCGGACGCAGTTCTCCACATAGTCGGGATAGGGCTTCGAGTGCGCGTCCATGCGGACAATGATCTCGCCCTGCGCGGCTTCGATGGCGCGGTTCAACGCGGCCGGGATGGCGCGCGCCCTGTTTTCCACCACGCGCACCGAAAGTTCAGGGTGGAGGCGTTGAAAATCCGCGATCACCGCGCGGGTCCGGTCCGTGGACATGGAATCCGAGATCACCGCTTCCATCTCGGCGCGGGGAAACGTCTGTCCGTGAATGGCGGACAGCGTATCGCCGATGGTGGCTTCCTCGTTGTAGCAGGGAATGATCACAGAGACTTTAGGCATGGCTGTTGCGCGATGCGCGTTGTAGCGCCGTTTGCGGAGCGCGTAAATGCGGACGGTATTGTACCACTGCGCGCGAACGCCCCCCGATTAGTTCAGACAAGCGCGACGGCTTCAATCTCCACCAGCGCGCCTTTGGGAAGTCCGGCCGCGGCCACAGCGCTGCGGGCGGGCGGCTCATCGGGGAAAAATTCCGCGTAAATGGCGTTCATGGCCGCGAAGTTCGCCATATCTGTGAGAAAAACGGTCGTTTTGACCACGCGTCCGAGGCTGGAACCGGCGGCTTCAAGGACGCTCTTCAAATTGGTCAATACCTGGCGCGTCTGCTCTTCGACCCCGCCCGCGACCATCTCCATCGTGGACGGGTCCAGCCCGATCTGTCCCGCAGTGAAGACCAGCCCGTCCGCGCGGACGGCTTGCGAATACGGCCCAATGGCTCGCGGGGCGTTGGGAGTGAAAACGATGGTTTTTGCAGTCATGGGACCTCTCCTTGAAATTTTAGTTTCGGTTAAGGAATTGTATCATCCATCCAACATGCCCGGATTGTGAGAAAGGCCAGGTCTCTCGTGGAAACCTGGCCTTTACAAAAATCAGACCCGCCTCGCCGCCAGCATGGTGAGATCGTCGGACGGCGGCGCGTCGCCCGCGAAATCGTCGAGGGCAGATTCGACCGCGCGGATCGTCTCGTCGGCGGAGGCGGCTTCCTGCCAGCCGAGGGCGCGCAGCAGGCGCTCCTCGCCAAACATGTCGCCCTCGAGGTTGAAGGCCTCGGTCAAACCGTCAGTGTAGAACAGCAGGGATTCGCCCGCCTCGAGTCGGATGGTCCGTTCCTCGATTCGGGAATCTTCCGAGGCGCCGAGGGCTACGCCCGTGCGCGCCAATTTTTCGAGAGAATCGCGGCGCGTCCAAAGCGGCGGATTGTGGCCCGCGTTGGCGTAGGTCAGTTCGCCCGTGTTCAGATCCAGCACGGCATAGACGGCGGTGACGAACATGCCCTGTTTCGTGTCGGGCAGGAGCAACTCGTTCACGCGTCGCAGGGCTTCGGCGGGAGACGAGGTCTCCGCAGCCGCGGCGCGGACGAGGGTGCGCGTCAACGCCATGAACAGCGCGGCGGGCATGCCCTTGTCGGCCACGTCGGCGATGAAGAGTCCCAGGCGGTCGTTCGGGAGTTCGATCACGTCGTAGAAGTCGCCGCCCACCTGGCGGGCGGTGCGCCAGCGGGCTGCAAACTGCCATTGCGGATGCGTCGGCAGGACTTCGGGGATGAAGGTCTGCTGGATCTGGCGCGCCAACTGGACTTCGGTCTCGAGGCGCTCGCGGACGACCATCTCCTTTTGCAGGCGATCGTTTTGGATGGCGAGAGCGGCCTGCTGGGCGATGCCGCTGACGATCTCCGCGCGGCGGGAGCGGAAGCGCAGCCCGCCGGGGCTTTCCTCCGCCACCAGGACGCCGAAGAAGTCGTTTTTGATGGAGAGCGGGACGAACATCAGGAGCGGGGAACTGTCGCTGTAGACGGAAGCCAGCTCCCAGTCCGCGTGAGGCGTGAGAGCCGACCAGGTTTCGGGCGCGGCGTCCGGGTCGATCTTCCGCACATGGAGGCGGTTGGCCGCGCAGACGGCGTCGAGCAGGGCAAATTCGCCCGGGGCGAAGCCGCGGCGGAGCGTCTCGTCGGCCTCGTCGAATCCGTATCGCTGCGCGGGCATGTAGCGGTCGTGATCGGCGTCGTAGAGATAGAGCAACGTCCGACGCACGCCCACGAGGATGGGCAGGATGCGGACGATGGCGCCGAGGATCTCGTCGAGGTCGCCCATGCTGACGACGGCCTGCGCCACCTGTAACAGCGCGGCGGAGGCGTAGGCCTGTTCTTGCGCCTGGTCGTAGAGACGCGTGTTTTCGATGGCTACCGCGGCGTAACTGGCGAAGGTGGACAGCATTTTCTGCGTTTCGTGACCAAAGCGCCCGGGCGTGTGGTGCGCGAGCGTGATAACTCCGAGCGGCTGGTTGCCAATGCGCAGGGGCGCGGCGATGGCCGAGTAGTCTGCCGAGAAGCCCGCCGCGATGCCCGAAGGCCAGGAGGGGTCTTTGGGCCGGCGAATGACAGGTTCATCGGCCAGGAGCGCGGCCATCATGGCGGCGGAGGCGTCGGGATTGTCGCGGCGCGCCTGTTCGAGGGCCTCTATGTCGCCGTTGGAACAGGCCGCGAGGTAGAGGTCGCTTTCGCCGATGAGCCAGATGGCGGAAATGTCGACCGGCAGATTGCGTCCCAGTTCGGTGAGGATGGCTTGCAGCGATTCGTCGAGGCCGACGTTGTCGGAGAGCAGGCCAGCCACTTCGCGCAGGCTGTCGGCTACGCGGCGGCGCCATTGTTCGGCGGCGTACAGGTCGGCGTTGTGGATGGCGGCCGCGATGTTGTCGGCGACGGCCTCGAAGATGAAGCGGTCGTCTTCGGTGAAGGCGTTCAGCCGCCCGGTCTGAATGTCGAGCAGGCCGACGACCTCGCCGTCGTAGATCAGCGGCACGCACAGTTCGGCGCGGATGTCTTTCGGCGGGAGCGGCGACGGCACGTGGCGCGGCTCTTTCGTCACGTCGTTGGCAAGCACGGTCTCGCCGTTGCGCGCCACCCACGGGAGGATGCCGTGCGCGTCGTCGAGCGAAAGGGTATATTTTTCGAGTCGTTTGCTGCGCCGCCCGCTCCCCGCTTCGTATTCGATGGCGCGGCGGTTGCGATGCACCGAGAACATGTGGACGTGGGGAAAGCCAAACCTGCGCTGGATGCGGCGCGCGGTGTTGCGCATCAGTTCGCGCAGTTCGAGCGAGGAGGTCACGCCTTTGCTCACTTCGGCGATCAGGCTCAACTGGTCGGCGCGGCGGCGCAGGTCGCCATAGAGACGCGCGCCCTCGACCGCGCGCGCGACCGAATCGGCCAGCGCCTCCAGCACAAGCAGGTCGTTGGGGTGGAAGGCCTGCGGCTGGTCGCTTTGCACATCCAGCACGCCCAGGACGCGTTCTTCGATCTTCAGCGGCAGGGCGACTTCGGAGCGCGTTTCGGGCAGGAGGTGGATGAAGCGGTAGCGCGCGTCCTGGCGGACGTCTTCGCTGAGGACGCGTTCCCCCGTCTGCGCGGCCTGCCCGACCAGGCCCTTGCCGAGGACGGCGTCCACCACGATGGTTTTTTTCCCGCGCCGCGACCCCGACGCGCTGGCGCGGAATCGAAGCGTTTCGGCGCCCGGTTTGAGCGTGAAGAAGGCGACGTAATAGTAGTTGAAGGTCTTTTGGATGAGAGAGGCGACGCGGCGCGCCAGTTCGTCAAGTTCGAGCACGTTGGCGATCTGCGCGCTCACTTTGCGGACGAGGTTCAGTTGTTCGAGACGAAAACGCTCGACCGCAGCGCGGTGCGAGGCGTAGAGGCCGATCGCGATGATAGACGATAATCCTTCCAGGATGTCCAGTTCTTCCGCGCGAAAGGGTTCGGCGCGTGCGACCATCAACACGCCCATCGTCACGCCCTGGTCGGCGATGGGCAGCGCCACCCACTGGCGCGCCGCTTTCGGGCCTGAGCGGACGACCTGCCCGCTGTTCCAGGCGCGGCGCAGCCCGCCAGCGGGAGGTTCGGCGGGAAAGAGCGGGGCAGATTCGCGGTCGGGGAGGTGGAAGAGGCCTCCGTCCAGCCAGAGCGAGACGCGCCCATCAATGAGGCGGCGCGCCATCTTGAGGATGCGTTCCTGCTGGGCGGCGAGGGAATCGGCGTTCGCCAGTTCTTCTCCCAGGCTGGCCAGCCGGCGCCATTCCGAAAGATTGGGGGAATCCTGCGCG
CP129485.1_gap43	2019042	2021508	2466	GTGGGCCTCGTCCGCCGCGGCTTTCAAGTCCGCGGGGATTTCGGCGACGGTCTTCCCGTCGGTCATGTACGCCTTCATGGAGACCAGGTCAATGACGCCCTTGAAATCGTGCTTCTCGCCGATCGGCAGATGCACTTTGACGACGCGTCCGCCCGAGGCATGGACGAACTGCTCCGCCGAGGCGTACGCGTTCGCAAAGTTGGCGTTGTCGCGGTCCATGCGGTTGACGACCATGAAGCGCGGCAGGTCGAAGTCCAGGGCGGTGCGATAAGCCAGTTCCGTGCCGACCTCCACCCCGCTGACGGCGTCCACTAAAATGACCGCGCCGTCCGCCACGCTGAGAGCCGAGATCATCTCGCCGACGAAATCGGTGTAGCCCGGCGCGTCCAGCACGTTGATCTTATGGTCGCGGTATTCGATGGGCAGCACGCTGGTGGAGAGCGAAAGTTTGCGGCGGATCTCGTCTTCGTCGTAGTCTGAAACGGTCGTCCCGTCCTCGATCCTGCCGAGGCGGGTGGTAGCCCCTGTAAAATGCAAAAACGCCTCGGCCAGCGTGCTCTTTCCTGCGGAGCCATGCGAGACGAGGGCGATATTTCGGATAAACTCGGTGGTATACTCTTTCATCACGTATCCCTTTCGACGGAAATAGTGTTTTAGAAACCAGGTTTCTTTAAGAAGCCTGGTTTGTAAATAGCAAGCCCCCCGATTTTATAGGAACTCGAATAACTTGTCAAAGTGAGAATTGTCACTTTAATGTCAACGGGAAAACCGCATGGGACAAATCTTCAATCAATACTCCGCCGTATGGATCGCCGCCGCCCTGACTCTCGCGGCGGCCGTGTTCGTCTTCCGCCACAAACCGCGCTGGCAGGAACTGGTCGGGCTGGGCGTCATCGTCGCCGGGCTGGTCGCCGCCTGGTTCATCCTGCATCCCGTCCAAACGCCCCTGCTCGAAAACGCCCAGAAGGTGCGGGAACAGATCGGACAGGGCAAGCCCGCCCTGCTCGAATTTCAATCCCCCTACTGAATTCTCTGCACAGAAATGAAACCCGTCGTGGACGGGCTGGAAAAAGAACTCGCTGGCAAACTGATCCTCATCCGCCTCAACATCCAGGAAAATGTGGGACGCGAACTCGCGCCCGTGTACGGCTTCCAATACACCCCCACCTTCATCTATTTCGACGCGCAGGGCAACGAACTCTGGCGTCAGGTCGGCGGGCTGGACACGGAACGCGTGAGGGAATCCGTTGGTAATCCGTAACTGGTAATTGGTAATTGGTAATTGGTAATTGAACATTCTTCGCCGCCTGCGCTTCTCATGGAAGTATCTCCGCCGCCCGCCCTGGGACAGCGGCGTCACGCCTCCCGAACTCTACGACTTCATCGCCTCGCATCCCGCGGGCCGCGTCATTGACCTCGGCTGCGGCACAGGCACGAACGTTCTCACGCTCGCGCAAAACGGCTGGCAGGCGACGGGCGTGGATTTCGTGAGGCGCGCGATCCGCATCGCGAAACGCAAACTCAAAGCCGCCAACCTCCAGGCCGACCTGCGCGTGGGCGACGCGACAAACCTGCGCGGCATTTCGGGTCCCTTCGACCTCGCGCTGGACATCGGCTGCTTCCACGGCATCGAAAACCAATCCGCCTATCTGACCGAACTCGACCGCGTCCTCGCCCCCGGCGGACACTGGCTGCTCTACGGATTCTTCAACCCCGACCCGCATCTCGCGGGACCCGGGCTGGACGCGGCCGTCCTCGACCTGATCCACGCCCGCGGCTTCTCCCTCCTCTCCCGCGCCGACGGCTTCGACCGAGGAGACCGCCCCTCGGCGTGGTTCCTATTTCAAAAATCGGTAGAGTAGAGCGAGATCCTATCTTGCTCTACACCATTTGCTTGAACCCGTTGCCCAAAAGTCCACACCCAACACTCCCTCCCACTCCGCTTTGCTTTGGGGACGATGTGACGGGCAGCGCCAGGAGAGACCGCCAATGGCGCTTTCGTAAAGCGCTGACACTGATCACTGATCACTGAACACTGGTTACTAATGAACCTTCTCTTCCTCTTCCTCGACGGCGTCGGCCTCGGCGCGGACAACCCGAGCATCAATCCCCTCGTCCGCGCGGAGATGCCCAACCTGCGCGCCCTGCTCGGCGGGAATCCGCTCGCCGCGTCCGCCGCGCCGTTTACGGGCGAACGCGCCACCCTCGTCGCGCTCGACGCCTCGCTGGGCGTGGAGGGACTCCCCCAATCGGCCACGGGGCAGGCCGTCCTGCTGACGGGCGTCAACATCCCCAAAGAGATCGGCGAACACTACGGCCCCAAACCCAACCACGCGGTCGCGGCCTACCTCCAAAACGGGCGCACCCTCTTCTCCTGGTTACGCGCAAACGACAAAACCGCCGCGCTGCTCAACGCCTATCCCCCGCGCTACTTCCACGGGATCGAATCGGGCCGCAGACTTTTCT
CP129485.1_gap44	2071805	2073687	1882	CATGGACTGGACGGCTCGCGTCCCGTCATCGGACTGGCCTTCGACGGGACCGGCTACGGCGACGACGGCGCGATCTGGGGCGGGGAGATCCTCGCGGCGGACTATCGCGGCTACCAGCGCGTCGGCCAGCTGGAATATTTCCCCCTCCCGGGCGGCGACGCGTCCATCAAGAAGCCCGCGCGGACGGCTCTCGCCCTGCTCTGGTCGCTGGGACTGGATTGGGACGAGCGGCTCGAATCGGTGAACGAGATTTGCGCCGACGACCGCGCCCTGCTTCGCGCGCAACTCGAAAAGGGGATCAACGCGCCGCTGACCTCCAGCATGGGACGTCTCTTCGACGCGGCCGCGGCGCTGGCGGGCGTGCGGCAGTCGGTCAACTATGAGGCGCAGGCAGCCATCGAGTTCGAGGCGGCCGCGGACCCGGCCGAGGCGGGGAAATACTCATTTGCGTGGAATCCGCCCAAGGTCCAGGTGAGAGGCGCAATCGAAGCGTTGATCGCGGACGCGTTGGCGGGAGTCCCCATCGGCGTGATGTCGGCGCGCTTCCACAACGGTCTGGCGGAAGTCTGCCGCGCGGCGTGCGTCGAGGTCCGAGGGAGGTCCAGCTGGAACGAGGTCGCGCTTTCGGGCGGAGTCTGGCAGAATATCACCCTATTAAGACGAACTTTGTCCCTATTGGAGCGGGAGGGTTTTGAGGTATATATACATCGGAAAGTCCCGACGAACGACGGCGGGCTTTCGCTCGGACAGGCTGTGATTGGCAGCGCGAATTGGCAAGCCGCGCGGCAAGGAGGCTGACATGTGTTTAGGGGTGCCTGGAAAAATCATCGAGATGTACGAGAAGGGCGGGCTGCAAATGGCGTGCGTGGATTTCGGCGGCGTGGAGCGCGAGGTCTGTCTGACCTATGTGCCAGAAGCGCGGCTCGGCGATTATTGCATCGTCCACGTGGGCTTCGCGCTCAATCTGCTGAGCGAAGAGGAAGCGCAGGAGACGCTGGCGCTGTTGAAAGAGATCACCGATCTCGACGCGGAACTGGGCCCCGCGCCCGAGGCGGAAGCGTAGGGCCGCGATGAAATATGTGACCGAATATCGGGACGCGAAACTCGTGCGCGGGGTGACGGACGAGATCGCCCGCGTGACGACGCGCCCGTGGGTGTTGATGGAAATTTGCGGCGGGCAGACTCACGCCATCGTCCGCTACGGGCTGGACCAGTTGCTGCCTCCGTCCATCGAGTTGGTGCACGGACCCGGCTGTCCCGTCTGCGTGACGCCGCTCGAACTGATCGACAAGGCGCTGGCGATCGCGTCGCGTCCCGACGTCATCTTCTGCTCCTACGGCGACATGCTGCGCGTCCCAGGCTCGGAACGCGACCTGTTCGCGGTCAAAGCCGCGGGCGGACAGGTGCGCGTCGTCTACTCTCCGCTCGACGCGGTGGAGATCGCCCGTCAGAACCCCGACAAGCAGGTCGTTTTCTTCGCGATCGGATTCGAAACGACCGCGCCCGCCAACGTGATGAGCGTGCTGGCGGCGCGTTCGATGGGATTAAAAAATTACTCCGTCCTGGTTTCGCACGTGCGCGTCCCGCCCGCCATGCACGCCATCCTCGGATCGCCGTCCAACCGCGTGCAGGGATTTTTGCTGGCGGGACACGTCTGCGCGGTGATGGGCTACCACGAGTACCCGTCGCTGGCGGAGAAGTACCGCGTCCCGATGGCGGTGACGGGCTTTGAGCCGCTCGACCTCGCCCAGGGGATTCTCTACGCCGTCCGCATGTTGGAGGCGGGACGCGTCGCCGTGGAAAACGCGTACGCGCGCACCGTCACATTCGACGGCAACCAGCCCGCGCAGAAGACGATCTACCAGGTCTTCGAGGACTGCGA
CP129485.1_gap45	2091897	2093455	1558	CCCTGCTCGGCCCGGGACTCGTCCGCGCGGAGGGCGAGGGGAGCGTCTCGCTGGCGGCGCATCCCCGCTTGGGCGTAGTGAAGGCCGCGTTGCGGCGCGCCCGCTTCAACGTCGAAGTGGCGGCGGACGCGCGTTCCATCGTGTGGGGAAAGTTGACGATCAACGCGGCCATCAACCCGTTGACCGCGCTGCTGCAAGTCCCCAACGGCGAGTTGTTGAAGCGTCCCCCGGCGCGCGCGTTGATGGGCGAACTCGCCCGAGAAACCGCCGCGGTCGCCGCGGCGCAGCAGATTCGATTACCGTTCGCGGATCCCGTCGAGGCGGCGGAGGCGGCGGCGCGCAAGACCGCCGCGAACCATTCGTCCATGCTTCAGGATGTGTGCCGCGGCGCGCCGACGGAGATAGACGCCATCTGCGGCGCGATCGCGGAAGCGGGAGAGCGCCTGGACGCGCCGACGCCCCTCAACCGCGCCTGCTGGCAGTTGGTGAAAGCGCTTCAGTAAAAAAGCCTGTTGTACTTTTCCAAATCAACCGAGCCGTCCATCGTCGCTGTTTTCAACGCGACTGAAGCGAATTTGCGAATGTTTTTAAAACTCATTTGCGTCATTCGCATTGAGATTTTTTGCCCGGTTAATTGTTAACACGAAGTCGCCTTGTGGTAAGATTCGCCCATCTTTTTCCCGAGGAGAATGAACATGCGGCGAATTTTCGCTCTGCTGTTGCTTTTGGGGGCGCTCCTGTCCTTCCAGCCCGCGCGCGCGCAAGGCGAACCCAGTTTGAGTTCGGCGGAGGTGTGGATCTGGCCGGAGTACGACCAGCCCGGCGTGCTGGTCATTTTACGCATGGAAGTTTCGCCAGAGACCGCCCTGCCCGCGGCCATGACGTTCCGAATCCCGGCCGCGGCCGAACGTCCCAGCGCTATGGCGGTAGGTCCCGCCTTCGACCAGGTGGGCGACACGTCGTATACCCTCACGCCCGACGGGGGCTGGGTCAAGGTGAACGTTCGGGTGACCGCGCCGGCCATCCAATTGGAATATTACGATCCCACGCTCGCCATAACCGGCAAGTTCCGCGAATATAACTACGTCTGGCCCGGCGATTACGCGGTGGAAAAACTGCACGTGGAGTTGCAGCAGCCGTTCGACGCCAGCCAGATGAAGAGCGTCCCGGCCCTGCCCGCCGTCAATCCCAACCAGAACGGGCTGACGTATTACACGGGAGATTTTTCCGCGCTGAAAGCGGGACAGACCTACGCGTTGAACGTGCAGTACCAGAAAGACTCCGACGCATTGAGCATCTCCTTCGTCAACGTTCAATCGGCGGCCCCGCTGGACAACAATACCCCGGGACGTATCCCGCTGGACGCCTACCTGCCCTGGCTGGTGGGCGTCTTCGGCGCGCTCATGATCGCGGGCGGACTGTATTACTACTTCCGCGGGTATTCCATACCGCGCGTTTCAAAGAGACGTCGGCGCTCCGCCTCGGAGACCGCCGCGGCAGGCCCAACCTACTGTCCACAGTGCGGCGCCCGCGCCCGCAGCGGCGACCGCTTCTGCCG
CP129485.1_gap46	2099859	2104209	4350	ACAAGTGGAGGTCTTCGTGGAACCGATTCTTCCGGCCCCGATGGTGATCGTCGTCGGCGCGGGGCATGTGGGCAAGGCCGTGGCGCATCTCGCCAAATGGCTGGGGTTCCGCGTGGCCGTCAGCGACGACCGCGTCGAGTTTTGCAACGCGGAGACCGTCCCTGAGGCGGACGCGTATTACCCCGTCCCGATGGAAAAATTACCCGACCACGTCAAAGTAACGCGGCAGACCTATCTCGTCCTCACTACGCGCGGCGTCAGTGTGGACGCGGCGGGGCTGGCCCCGCTCCTCGAAACGGAGGCCGCTTACATCGGCGTCATCGGGTCGAAGCGCCGCTGGCTGGAGACGGTGAAGGCGATGACGGAGAAAGGCGTCCCCGAGGAGCGACTCGCCCGCGTCCACTCGCCCATCGGGTTGGAGTTGCAGGCCGAGACGCCCGAAGAGATCGCGGTCAGCATCATGGCCGAGATCCTGATGGTGCGGAACAAAGCCACGGGAGAGAAAATGTCGGAAGCCGGGAGCCGTCGAAAAAAAGCGGTGACCGCCAAAGGTCAGGAATGAGGCGCAACTTTTCCGCAGACCCTGCGTAGTAGAAATGGTTCTTGTACCCCAAAGTCGGTTCGACTATAATCAAAGCGGTATCCAACAAAAGGAGAAAAATCATGGCGAGAATTTTTGATGTCATTGAATATCCAAATGAAATGACCGATGAGATCGTCCACCGCTTCCCCGAAGAGGGCATCGGCGATTTCCGCATCGGCTCGCAGGTGATCGTCCGCGAGGCACAGAATGCGGTCTTCTTCCGCGAAGGGAACGCGCTGGACGTGTTCAAAGCGGGACGTCACACCATCACCACCGCCAACATCCCGCTGCTGATCAACCTAATCGGCAAGGCCTTCAACGACCGCACTCCCTTCCCGGCCGAAGTGTACTTCGTCTCGATGAAGGAATTCGCCAACAAGAAATGGGGAACGCCGCAGCCGATCATCGTCCGCAACCCCGGCATGGGATTGGGCGTGGCTCTCCTGCAGGGCTTCGGCACCTACTCGTTCCAGGTGAAGGACCCGCAGCAGTTCGTGACGCAGATCGTCGGCACGCAGGGCGCCTATCGCACCAGCGACATCGAAGAGCGTCTCCGCACCATGCTGCTCTCCAAGTTGCAAGACGCCCTCGGCGAGACCGGCGCGAAGCGCTCCGTCCCCGAGATCATCGGTCTCACCGAGGAACTGGGCGCGGCTGTGCGAGCGAAGACACAGGACGACTTTGAAGCCATCGGCCTGACGCTCAAAACCTTCTACATCGGCAATCTCAAACCGTCCGACAAAAGCGCCCAGGAACTGCGCGACATGGGCATGCTCGACATGGCGACCTACACCCAATTGCAGGCGGCGGACGCGATGCGCGACGCGGCTCAAAATCCCAGCGGCGGCGCGGGTCTCACGGCCGGCATCGGCGCGGGGATGGGCATCGGCAACCTGATGCAGCAAGCCACCAGCGGCGCGATGCAGCAGCCAAGCGCGGCGGGCGGCGCGGCGGCTGTCCCCGACGTGATGACGCCCTCCGAAGCGGCCGCGTATTTGAAAGTCAGCGAAGAAGACGTGGTCGCCTCCATCAAGGACGGAAGCCTGAAAGCCAAAAAGGTCGGCAACGCCTACCGCATCAGCAAGACCGCGCTCGATGAATTCCTGACGAGTTGACGAAAGACCGCTCACAAAAAAGAGCCTGGCATTCAGCCAGGCTCTTTTCTTTTCGCTCAAATCGTCAAATCAAAATTCGGATAATTCCGCCATCACATCGTTGACGCAATCGAGGACGTCTCCCGCCAAAATGGACGCGGCGCTTCCGACCTCGCTGAGGGCGGTCAGCCCGGCCCGCGCGTGGATCCACGCCCCCGCGGCCGCGGCCGCGAACGCGTCCACGCCCTGGGCGCGCAAGCCGACGATGATGCCCGCCAGCACATCCCCCGTCCCCGCGCGGGCGAGCGCGGCGGACGCGAACGGCAGGACGGCGGTCCTCCCGTCCGGCTCGGCGATCACGGTGAACGCGCCTTTCAGGACGACGACCTGTCCCCACTCGCGGGCGAATTTCTCGGCGAGGGACTCGCGGTTGTTTTGGATCTCGTCTTTGGAGAGCCCCGTCAGCGCGGACATCTCGCCCGGATGCGGAGTCAACACCGTCCGCGCGGGGAGTTTTCGATGCCAGTCGGGAATCTGGGCGAGGAGTTTCAACCCGTCGGCGTCCACCACGAGCGGAGGCAGTTTCGCTTCAAGCAGTTTCGCGAGGAAGTCGCGGGTGGTCTCTTCGAGGCCGAACCCGCAGCCGACGAGGAGAGAGGTGGCGCGGCTGAGATTCTGCGCGACGGAGATCGCGCCGGCGCGGGCGGCGAATCCGTTTTCGTGCGGGAGGGGAATCCACGTGACCTCGGGGAGTTGACCCGCGAGGGCGGCGTGCAAAGGCGCGGGGACGGCCAGCGTCACCAGTCCCGCGCCGACGCGGTAGGCGGCTTTGGCGGCGAGATACGCCGCGCCCGTGTAGGCGACCGATCCCGCCGCGATCAGCGCCGTGCCAAACGTCCCTTTGTGCGCGTCGGAGGGACGCGGCGGTAGCTGGTCGGCGGTCCACTCGAAGTCGGGGACGAAGCGGCGAAGCGCGGTCAGCGCGGGGAGGTCGGCGGGGAGTCCGATGTCCACCACGTCGAGTTCGCCCGCGAGGTCGAAGGCGGGGAGGCGGAGCAGTCCCTGCTTGACGCAGGCCATCGTCACGGTGAGATCGGCGGCGAGGGTTTCGTCGGCGGCCGCGCCGGTGTCGCAGTCCACGCCAGAGGGACAGTCCACGGCGACGATGAAGGGCGGCTCGTCGAGCGCGGCGAGGATGGATTGCGCCGTGAAGAGGAGCCCCGCCATTTCGGGTTTGAGCGGGAGGCGGATGCCCGTGCCGAGCAGACCGTCGAGGAGGACGTCGGCGGTCTCGATGAAGGCCGCGAGGGAGTCGGACGCGTTGTCTTCCTCGGCGAGGATGATCTCGCCGCCCGCGTCGAGGAGACGCCGCGCGAGCGGGTCGTTCCTGACCTTGCGTTTGACGCAATAGGCGCGCGCCCGCCAGCCTTCGCGCGCCAGGCGCGCCAGCGCGACGAGGGTGTCGCCGCCGTTGTTGCCCGAACCGACGAGACCGAGGACTTCGTTCCAGCCGTTCTCTTCGCCAATATCCGCGACGCTGGCGGCCAGTCCGCGCCCCGCGTTTTCCATCATCTGCGCGTACGTCAGTCCGCTGGCGTCGGCTTCTTTTTCGACGGCTTTCATTTCAGAGACGGTGACAAGTTTCATGGGAGCCTCTTTTCATGCCCATTATATGTGGATTCCTTCGGAAAATTCCTGGCCGCGAATTTCGCGAATGCGCGCGAATTTTTCTGTGATTTATGGAAGGTTTTATATCCGCTTATCCGCTTCAAATCCGCTGACCGTGGACTCCACCATCCGCGCGACTCGCGAACAGCGGATTTACCCCCACAGGTCGCGCGCGATCTCTTCCATCCCCAATTCCAGCAGTTTCTCTTTCGACGGCTTTCCCGTCGTCTTGTCCCAGCCGCGCGCTTCGTAATAGGCTTCGAGCATCTCATCGAACGGGATGACGTATCCCGCCGCGGCGCCGTCGGGATAGGGTTCGAGCAATCCCTTCGGAAGTTTGTCGTTGGCGCGCGTCAGGCCGAGACGGTTATTGATGGCGCGCTTGAGATTCCAGCCGCGCTCGCCGCTTTTCATCATGTCTTCGAGCGTCCAGTCGAATCCGCAGGCGGAGTTGATCAGTTCCAACACGGTCTGCGGCGGGACGTTGGCAAAGATGCACATCACGAGGGAGTTGAAAACCGTCCGCCAATTTTGATGGATGGCGACGTTGGCGGATTTCTCGGCTCCCGCCTGACGTTCGTAGGTCGTCAGTCCGATCGACTCCTCCGCCTGCCCCCAGTCCACGAAGAAATAATCGCTTTGGTTGTGACACGCGCCGCGCGGACTGGTGGCGTAAGTCAGCGCCATGCCCGAGACGCCGCGCGGGTCGTGATAGGCGACCTCCATCCCATTGACCTGGACCGCTTCCTCCTCCGCGTTGAAATGTTTTCCCAGCGCGCGCGAGCCGCGCGCCAGCCACTCGCCGAATCCCTCGCGGCGCGCCGTCATGCGGAGCAGGTCGGCCGCGGTTTGCTCGTCGTTCCACTTCAGGACGATCCCGCCCGTGTCCTTCTCCGAGATCGCGCCGCGCTCGAACAGGCGCAGCGCCAGGCCGATCGTGCCGCTCGCGCTGATGGCGTCCATGCCGAGACGGTCGCACAAGTCCGCCAGGCGCACGATGGCGTT
CP129485.1_gap47	2127176	2130705	3529	GATTGAAACGCCGGTCAGCATGTGCGGATTGGATACAGCCAGCGTCGCTCCCTTCACGGGGAGCGTGGATTGAAACACTATCATCATCGGTTTCGTGACGCTTTTCAGCAGTCGCTCCCTTCACGGGGAGCGTGGATTGAAACATGGCGGCTGTGGAAGTCATCGAACAGGATTTGAGGTCGCTCCCTTCACGGGGAGCGTGGATTGAAACATGCAATACTCCACCCCTTCCCGCTTCCCGAAATCGTCGCTCCCTTCACGGGGAGCGTGGATTGAAACACGCGATGCGTTGGCAGAGGCCGCGTCGGTACTAGTCGCTCCCTTCACGGGGAGCGTGGATTGAAACCAGCCGATTCCCCCGCGTTGAGCGTCAGTGTCGCGTCGCTCCCTTCACGGGGAGCGTGGATTGAAACATCACGAATCCAGCAAGCCTCTGAGGGCTCTTTGGTCGCTCCCTTCACGGGGAGCGTGGATTGAAACGTTTATAACGGGTATTCGGACGCGGGGGACCAGAACGTCGCTCCCTTCACGGGGAGCGTGGATTGAAACTCGGCATGTTTTTCCCCTCTTTCAGACAGTCAAAGTCGCTCCCTTCACGGGGAGCGTGGATTGAAACACCGACAAAGAAGTGTATATTGTTTCCTGCGTCAAGTCGCTCCCTTCACGGGGAGCGTGGATTGAAACTACAGCGTCACCCTCATCGATCTGCGCGCCCCAGTCGCTCCCTTCACGGGGAGCGTGGATTGAAACGCTCCTCAAGAAGTCAATCGGGATGTACGTGTAGTCGCTCCCTTCACGGGGAGCGTGGATTGAAACGCACCCAGTACACAAATCTATAACTGTGTAATCAGTCGCTCCCTTCACGGGGAGCGTGGATTGAAACGATTTGCATAGCGGTTACACGTCACCCCAAGCGGGTCGCTCCCTTCACGGGGAGCGTGGATTGAAACTACGGCATTTTGACATTTAGCGTCGGCGTTGGTAGTCGCTCCCTTCACGGGGAGCGTGGATTGAAACGACGCGCCATTCGGGGCGGAGGGCAACTTTTTCGTGTCGCTCCCTTCACGGGGAGCGTGGATTGAAACCTGGCACGGACGGGCGTGACGGCCAGTTGCGGGGAGTCGCTCCCTTCACGGGGAGCGTGGATTGAAACGCCGCGCCTTATGTGTGGTGTTATCCCGCGTCGGGTCGCTCCCTTCACGGGGAGCGTGGATTGAAACATGATTGGGCAAAGTGGCGCGGCATAAATTGGTAGTCGCTCCCTTCACGGGGAGCGTGGATTGAAACATTTGTCCGCGTCCGCCAGCGCGCCCTTTTCCGGCGTCGCTCCCTTCACGGGGAGCGTGGATTGAAACAAAACTTCGGCGGACGTGCTTTTGTCGCTTCTTGGTCGCTCCCTTCACGGGGAGCGTGGATTGAAACTGTTTGTAAACGCCCGATCCGTTGTCGTCATGCGTCGTCGCTCCCTTCACGGGGAGCGTGGATTGAAACGACGATGTGCGCGTCGCGCAAGAGAAACTTAAGTCGCTCCCTTCACGGGGAGCGTGGATTGAAACAATAACCGCCCGCAGGTCTGCCGAGCGTGGGTTAGTCGCTCCCTTCACGGGGAGCGTGGATTGAAACTGTTCGTGAACGCCCTGTCCGTTGTTGTCATGCGTCGCTCCCTTCACGGGGAGCGTGGATTGAAACTACGCTGACCATCGGCCTGCTGGCCGCGCTTATCGTCGCTCCCTTCACGGGGAGCGTGGATTGAAACGGCAGGGAGATTGTCAAAAGCGGTCATGGGGTGACGTCGCTCCCTTCACGGGGAGCGTGGATTGAAACCCGCCAACGTCAAGCGCATTATGACCAGGCGCGCGTCGCTCCCTTCACGGGGAGCGTGGATTGAAACGCGCTTGTCTGTTTGTGTTTGTTTGTCACCGCCGTCGCTCCCTTCACGGGGAGCGTGGATTGAAACGCTGTAACTGACATTCCAGCGCCGACGAATGGCGTCGCTCCCTTCACGGGGAGCGTGGATTGAAACGTTCTGGTCTGCTCGGTTGGTTGCGTTCCGCTGATAGTCGCTCCCTTCACGGGGAGCGTGGATTGAAACCAACAGTTTCGTGGCAAGCCGCGAGACGCTTTCGTCGCTCCCTTCACGGGGAGCGTGGATTGAAACCAAATCCAAAAACATGACGGCGAGATTCCCGATGTCGCTCCCTTCACGGGGAGCGTGGATTGAAACCTAACGGGTTATTCCTAACGCGTTGCCCCCCCCGTCGCTCCCTTCACGGGGAGCGTGGATTGAAACGGTCTATTTCGGGGAGAGCGAAATCCCAAACGAGTCGCTCCCTTCACGGGGAGCGTGGATTGAAACTTTTGGCGCTGGGGGGGGTTTTCGAGGGTGGGCGTCGCTCCCTTCACGGGGAGCGTGGATTGAAACACCCGTATCTTCCGCGTAAGCGTCTGCGGAGTCGGTCGCTCCCTTCACCGGGAGCGTGGATTGAAACTGCGCTTGTCGGCGGCTCGGACTGGTTGACGCAACGTCGCTCCCTTCACCGGGAGCGTGGATTGAAACCTTACGCGGACCGCGCTTGAGCGCATCCAGCTTGGTCGCTCCCTTCACCGGGAGCGTGGATTGAAACGCGCGCAAGGCGAGAGCGACTCGGGCAAGAGCGCGAGTCGCTCCCTTCACCGGGAGCGTGGATTGAAACCACCTGATGCTGGATTTGGGGCTACGCATCAGCGTCGCTCCCTTCACCGGGAGCGTGGATTGAAACGATTTGAGCAACTGCGGTTCGGCAGGCACGGGCGTCGCTCCCTTCACCGGGAGCGTGGATTGAAACGAAATGATTATCAAGAGCAAGGAAACGGGCGAAGGTCGCTCCCTTCACCGGGAGCGTGGATTGAAACGTGCGAGAGATTGAGGCGTTATGCTGACGCCCGGTCGCTCCCTTCACCGGGAGCGTGGATTGAAACCGCGGCTTGCTCCACGTTCGGCGGGATGGCGTCGTCGCTCCCTTCACCGGGAGCGTGGATTGAAACATTTCCTGCGCTTCCTTGGCCTGGACTGGATCGAGTCGCTCCCTTCACCGGGAGCGTGGATTGAAACGTGGCGATTATCGAAAGTTCAGCGCAACCAGAGGGTCGCTCCCTTCACCGGGAGCGTGGATTGAAACGCAGCCGGCGCGGTCAACGTAACGTCGGATAAGGTCGCTCCCTTCACCGGGAGCGTGGATTGAAACTGACATAATGAGCTGGGTCGGGATAATAGCCGAAGGTCGCTCCCTTCACCGGGAGCGTGGATTGAAACGCACCGCCGCCTCGCCATCAGTTGCTCGTTTTATCGTCGCTCCCTTCACCGGGAGCGTGGATTGAAACACGTTTGGCGTTTGTTGGACGGCCAGCGGGTGAGGTCGCTCCCTTCACCGGGAGCGTGGATTGAAACACCGCTACCCACGTCCGTGCCGAGTATGGCGGACGTCGCTCCCTTCACCGGGAGCGTGGATTGAAACTGCACACAACGGCAACGCTGGCGGCCTCGGCTGTT
CP129485.1_gap48	2151091	2154314	3223	CAAAGCGTCCTTGCAACGCGGCGACGATGAATTGATTCCCAGCGAAATTGTTCATGCCATTCTTGACGGGGAGAATGCCGTCAAGACATGGCGTGAATTCCGCGAAATGTCCCAACAGGAGTTGGCGGAAAAAGCAGGGATCAGCATCCCCTACCTATCCCAAATAGAAACGAATAAGCGCACAGGTTCAATTGAGGTTTTATCGGCCATCGCAAAGACTCTAAATGTTTCTCTCGAAAACATAGTTCCTGCGCAACCATAAAGCCGCTCAATAAAGCGGACGGCAGAGACTCGGCAGATTCGAGATTTTTCGGCTCCCCTGCAATTAACGGGAAAGAGCCAAACACAAAGGAGCGCCAAGGCGCTCAAAGGATGAAGTCGCGCCTAACTCACAGGATTTTCCTTTGTAGACTCCGCGAAGCGCCCTGCGGATCGTGACCCTTCGTGTTAAAAGGAAATTTCCCGTCAAAAACGGAAGAGCCTTCTAAATTTAACATGGCTTACATGGACAGGACTCGTACTTTTGTCAGGAAATTTACAAAAATCATCAGAAAAGATATAGGCGTAATTCGGAGACCATCATGAAAAAATTTCTGCCGCTCATCTTGTTAGCAATGTTTGTTTCATCTTGTAGTTTTACAGCCGCCTCCACCGCCACTGCTACCCCACCCCCGACTCCTGACCCACGATACGGGCAGACATTTGAGTTCACCCCTCCCGCCGAATGGCGTGTAATGGACGGGCTTCCAGATGGGAACGTCTGGGAAACAACTCTAATGCCAACCGATTGGAAAGTCTCGGCGGAAGGAGTGTTGACCATCGGTCAGATACCACGCACGCCAGCAGAGAATGAGCCAATCGAGATAACCACCATCGGAAATGTTCCGCGTGAATTGTTCGATAACGTGGACGAATGGACAGTCCTAAAGATTAGCGGGCGCTGGTGGTTCGTACATGACGACGCAACAGGCATCCGTCACGATTACTTCGTTGTAGAAAAAGTGACGATTGATGAATAGCATCCAAAGAAACCAAAATCCGTTGAAATCCCATTTCGGACACGGATGACGCGGATTTCACGGAAAAACCCAAAGGAAAATCCGCGCGATCCGTGAAATCCGTGTCCCAAAAGAACGAAAACGCGATTTATAAAAACGCCCTCTTAACCTAAGAAAAGAACCTCCTCGGCAGGCTCAGGCAACGCGCCTACTCCTGAAACCCCGTTCGATACAACTCGGCGTACTTGCCGTTCAGTTCGAGCAGTTCGGCGTGCGTCCCCTGCTCGATCACCTGTCCGCCTTCGATCACCACGATGCGGTCGGCGTTGGTGATCGTGGACAGGCGGTGCGCGATGACGAACGAAGTGCGCCCGTGGAACAACGTCGCCAGAGCGCGCTGGATGACCTGCTCGGTCTGCGTGTCCACGCTGGAGGTGGCCTCGTCCAGGATCAGAATGCGGGGATCGGCCAACAGCGCGCGGGCAAACGAGATGAGTTGACGCTGCCCGACCGAGAGCGCCACGCCTCCCTCCTCGACCGAGGTCTGGTAGCCGTTCTTCAGGCGTTCGATGAACTCGCGCGCGCCCACCGCCTCCGCCGCGGCCGCGATCTCCTCGTCGGTCGCTTCGAGACGGCCGAATAGGATATTCTCCCGAACGCTGCCGTCGAACAGGAAGGGATCCTGCAGCACGATCCCCATCTGGCTGCGCAGGGACTGCTGAGTCACCGTCCGCAGGTCAAAACCGTCCACGAGGACGCGGCCCGAGGTCGGGTCGTGGAAGCGGGACAGCAGCTTGACGAGGGTGGTCTTGCCCGCGCCCGTCTCGCCGACGAGGGCCACCGTCTCGCCCGCGCGGATGTCGAGGTTGATGGAGTCCAGCACGAGGGTGGGGTCGTCCGAATAGTGGAAGGAAACGTCCTCGAAGCGGACGTCCCCGCGCAGGGTCGGGAGAGAGGCGGCGTCGGGCGCGTCCTGCACTTCCACGGGCGCGTCCAACAAAGCGAGGATGCGTTCCCCGCCCGCCATCGTGGATTGGAGGTCGTTGAAGCGGCGGCTGAGGTCGCGGATCGGCTCGAAGAAGCGGTCAATGTAGAGGATGAAGGCGACGAGGACGCCCGCGGTGATCTGCTCGCCGAGGACGGCCGCGCCGCCCAGCCAGACGACGAGCATCGTGGCGATGGCGCCCAGCATGTCCACGGTGGGGCTGAAGAACGAGGCGATGCGCGCCGCGTGGACCGAACGTTCGAGGTGGTAGCGGTTGACGTAATCGGCAAACTGGCTGTAGTTGTATTTCTGGCGCGAGAAAGCCTGCACCACGCGCACGCCGTTCACGTTTTCCGCCAGCACCGAGTTGACCCACGAAATGGCGGCGCGCACTTTGCGATAGGCGGAACGCGAGACGCGTCGGAAATAGAAGGTCGCCAGCGCCATGAAGGGCAGGACGCTAAAGGTGATGAGCGCCAGCCGCAGGTTCATGTCGAGCATGACGAGGATGATGAGGAGCAGGGTGAAGATGTCGCGGGTGATGGCGAGCAGCGCCCAGGTCAGGAAGTCGCGCAGGGTCTCCACGTCGTTGATCACGCGCGTGATGACGCGTCCCACCGAGTAGGTACTGTAGAAGCCGAGCGAGAGTTCCTGCAAACGTTCGAACAACTGCTTGCGCACGTCGTAGATGACGGCCTGCCCCACCCAGGCCATGATGTTGACGCGGAAGTAGATGAAGACCCATTGCAACACCGCCGCGGCCAGATACGCGAGGACGATCCAGCGCAGGGCGTCGTAGTTGTGGGCGGTCAAGCCGTTGTCAATGGCGAGTTTGACGAAGTACGGTCCCGCCACAGCGGCGGCGGACGCGCCGAGCATGAGAAGCATGGACAGCGCCAGCCGTCCAGTATAGGGTTTGGCGAAAGCGAACAGGCGGCGCGCGACATGCGGGTCATACGACTTGTCGTACTGCCCTTCGGATTGGATGACGTAGGCGGGAGGGGTGATGGGGGGCATGGGAGTCAGGTGTCAGGTTTCAGGTGTCAGGTGTCAGGCGTCGGGGGCCAGGTCTTCGGCGCGGACGCGTTGGAAGGATTGCGGCTCGGCCTCCTCCGTTTCTTCCGCTGGTTGGTACTGCATCAATTGCAGGTCGTGGATCTCCTTGTACAGCCCGCCCTGCGCGAGCAGTTCGTCGTGGCGGCCGCGCTGGACGATTCGCCCGTCGGCCATGACCAGGATC
CP129485.1_gap49	2234128	2238693	4565	GCGGGGATTCTCGGCGCGCCGAAGTCGCACATTGACATCGTGGCCGGCGCGGGCGGGCGGGACAAGTTGATCTCGGTGTTGGATATGAACGCCGAGGAAGTCCACCAGCGCATCGTCGGACACCTGGCCTAGCATTGCGGAGCGGGATTGATTCCGCTCCGTTTTTATCGCACCGGGCTGTAGAGGGCGGAATAGATATTGTAGATTTCGTAAACCCCGCGTATGTAATCGCGCGTCTCGGCGGCGCGGACGACTTCCAGGAAGAGGTCGGGATCGTTCCCCGATAGTTGCTGCCAGGCGATGGCGTTGCCCGGGCCGGCGTTGTAGGCCGCGAGGGCGCCGTATAGGTCTCCGCTCAGGGCGATCCGATTGGAGGCCAGATAATACGCGCCCAGTTTCACGCTGACGATGGGACGGTACAGCATGTCGGGTTGGAAGGAAAGCGGCCAGCCCAACCGCAGGGCCACGTCCGCGCCGGTGGCGGGGACGATCTGCATCAGCCCGCGCGCGCCCGCAGTGGAGCGGACGAATCCCTCGAAGAGACTCTCCTGCCGCATCACGCTGAAGAGGAACAGCGGGTCGAAGCCGTTGAGTTGGGCGGCCGGTTCGACGAGGTCGCGGTAGTACGCGCCGTAACGGACGTGGCTGAAGTAGTCTGCGGCCTGCAGCGAGGCGGAGTGTTCGTCCAAGCCCGCGAGCGTCAACACCTGGCGGATGGCGTAGATGCCCGAACGGTAGAGTCCCAGGTCGAGCAGATAATTGGCGAGGCGGAACGAGTTGGCCGCGTCCGCGCTGACGGAAAGCCGCAGGTCTTCGAATGCCGCGCGGGCTTCGTCGTATAAGCCAAGTTCCCAGAATTCAGCGCCGCGGATGAAGCGCGGGTCCGAGGCCAGCGCGCCGGGGCCGCTCAAGTCCGTATTGGCGGGCAGGCTGAAGGTGAGACGCACCCACGAGGCGGCCGCGATGCGTTCGGAGGCGAGGTCCACGTCGAGGTTCACGAATGAAGCGGGCGCGAAGGACGCGCGTCCCAGCAGGAGGTCGCGCGAGCGGAGGCTGTAGTAGCCGGTCGAGTCGAGGCTCTGCGACTGGGTCCACGCGAGGCGCGCCGCCTCCCCATCTCCGCGCTGGGTCTGCGCTTTGCCGATCCAGAGCAGGGCGCGGGCGCGGTTTTGGGAATCCGCCGAGAGGAGGAGGGAGCGTTGAAAGTCCGAGAGGGCGCGGCTGAAATCGCCGAGGCGATAGCGCGTGATGCCCGCCAGGAAGGCGGCCTCGCCCGAGCGGACGTCGCCTGAAAATTGGTCGGCGATGGTCTCCCATAGATTCGCGGCGTCATCGAGAAGGTTGCCGCGCTCGAGAACGCGCGCCGCGATCATCAGGTAGTCGAGCGCGAGCGGGTCGGACGGGGCGATGGCGGCGAAGTTCCGCAACGACTGCGCGGCCTGCGCGTGCTGGTTGAGATAGTACCATTGCGTGAAGGCGCGCCCAGGCCGAAAGACGGGCGCGTTCAGGTCGCCATACCAGGCCGCAGACCATTTCGGATGGCGAGGGTAATTGGCGATGAAATTCGTGAAGCCGTTGACAGCCTCTTCGTAGCGCTTCAATTCGACGAACGTGAGGGCGCGGTAGTAGCGGGCCGTGCCGTCGCTGTCGAGGCCCGCGGAGATGTAACGGTCGAACGCGGCGAGCGCCATGTCGTACTGCCCCGCGAAATAATCCACCAGGCCGCGGTCGAAATCGCTCACCGCCGCGCCCGCGTCCAGCAGTTCCACTAAACTCAAATATGAATCGTACGAGACGGGGTAATTTTCCACCGCGTGCAAAAAGCGCGCTTTCATCTCGTCGGTCTGGCCGAGAAATTTATGGGCCGAACCCGAAAGATAGTCCATCTGCGCCTTGACGAAATCGTTGTTCGTCGCCTGCGCGATGGCATCGTACTGCGCCAGCGCGCCGGCGTAATCGCCGAGGGCGGCGCGCGTCCGCCCGATCTTGACTTCGATGTCCGCGTCCGCTGCGGGACGCGGCGCCTGCGCGGCCGCCGTGTAGGACTGCAACGCTGCGGCGTAATCGCGGGCCTCGAAATACGCGTCGCCCTGACGTTCGAGCGCGTACACGTCGAGGAAGCCTCCGCGCGCCGACAGGTACGCGCCGTATTCGGCCGCGGCTTCGGCGGCGCGTCCCTGCTCATCGTGGATCTCCGCCAGCAGGAAATGCGCCTGCGCGCCGCGTTTGTGACCTGGGTATTCGCCGGTCAACTGGTTGAGGAACTCGGCGGCGGCGGCGAACCTGCCCGCCTCGAACTCCGTCCGCGCCATGCCCCAGAGGGCCTCGGCGCGCGTATCCGCGTCGGCGGATTGGTCGAACGCCAGGCGATATTCCACGCGGGCGGTCTCGTAATCGCCGATGAAGAGGGCGCGGTCGCCGCCTTCGATTCGGATCGCGGGAAGCGGCGTCGGCGTGGACGTGGGCACGGGCGGCAGAGTCGGCGCGGGGGTGGCGGAGGGAGCAGCCGTCGGGCCGAAGGGGTTGACGGGCAGGTTTGGGGCGAGCGAACAGCCCGCGAGCGCGGCGGCCAGCCCGAAGGTCAGCAGGATGCGGGGGAATTTCATGTCGTGCTTATAATGTCAAAGGGAGGGAGTGTCAAGCCGCGAATACTTGACGAAAGCCAATCCCCCGACTAAAATCACGTCCGCAGGTGACATCGCCTCCCGATGGAGGCGTTTGTTTTGCCTGTGACTGGAATGCCTCATGCCTGAACCTGTCGAATCAGCCAGCCAACCCGAAAGCGTCGCTCTCGCGCATGTGGATGTGGAGTCGGTCAGCGCGGAAACGGTGCGGATGCACCAATCCAGCGCGGAGACGGTCTCCAGCGACACGGCGGAGATGACCGTTTCCACCGCAGGGATGGTGAAGGCGCGGAACCTGTCGGCGCAGCGGAGTATGATCGGCGGTGTCGAGGCTGAAAGCGCGGAGATCGCCCAAAGTGTGGTAGGAGGGGTGCGCGCCGCGCTGGTCAACGCGCAGGGCAGCATCGGCGCGGTGGCGGGAGAAACCGTCACGCTGGAGGGGGCCCGGGTGGGCGTGACCGCCGCGAGGGAGGTGCGAGGCGGGAAGGTCGAGTCGGTCGTCCTGCTGGCGGGACGCGTCGAGGGCGAAGTCCACACTGTGGTGGATACGCGCGGCGCCGTCATCGCGGGGCTGGTCGGCGGACTGTTCGCGGGGCTGATCCTGCTCGTCGGGCGGATCGCGTTCCGCAGAGATTAGTCAATCCCCGGCGCGGGAGCCGCGCTGGAGAAAATTTTTTCATAGAGCGATGGTAATCCCGGTCAGTCTCGACGGCGGCCGGGGTGAGAGGCGCTCGAGGAGTTAAGATGGAGAAAGTCGTTTTGAAGGCCAGCAAGCGCGACGTGATCGGCAAGCAGGTGAAAGCCCTGCGCCGCGCGGGTCAACTGCCCGCCGTGTTGTATGGCTATCGTGTGGAAAATCCCCTTTCGATCGCGCTGGATTTGCGCGAGGCGTCGCGCACGCTGGCGAAGACCTCCTCGTCCAGTATTGTGATGATCGAAGTGGACGGGCAGGAATATCCCGCGCTGGTGCGCGAGAAGCAGCGCGATTACATCAAGAACCGCCTCCTGCACGTGGACTTCCTGGCGGTCTCGCTGACCGAGAAACTGACCGCCTACGTCAGCATCGAACTGACGGGGCTGTCGCTGGCGGTAAAGGATTACAACGCCATCCTGGTGACGGGTCTCGAGCGGATCGAGGTGGAATGTCTGCCTGCGGACCTGCCCGAAAAGATCGTGGTGGATATTTCGGTCCTCGATAAGGTCGGCAACGCCATTCATGTGCGCGACCTGGTCCTTTCGGATAAAGTGAAGGTGCTTACCAGCCTCGAGGAGATGATCGTCATTGCCACCGCCGCGAAGGTGGAAGAGGCGGTGGAAGCCGCCGCGCCCGAGGCCGGCGTGGAAGAGCCAGAAGTGATCGAGAAGGGCAAGAAGGAAGAGGAAGCGTCCGAGGAGGACGAGAAGAAGAAGTAACTTCCGTCTGTATGAAATCGAACAGCGGCTCCCGATGGGAGCCGCTGTTTTTTTATTCTCATAAGAGAGGGCGCGGCGCGATCACGCGTCCCAATCGCTGAAACGCTCCGTGATGGCCGCGATGCGTTCGCGCATGACCACCGCCAGGATTCCCAGCGCGAGCAGGGCGATCCCTGTGACGCCGATGATGATGACCAGCGAGAGGTTCTTGAGCGCGTTGTAGAGGACGGTCAACACCGCCAGCACGACGATGGCGATCGGCGCGATGATGAGACTGCGCGAGCGGACGACGATCCCGTACGCAAGCATGGCGAGAAATTGAAAGAGCAGGAGGAAGAAGTACTTCAATTCTCCCGTACCCGTCATTTGAATATAGGACGTCCCCAGCAGGACGAGTTGCGAGACGATGCCCATGAAGAAGGTCGCGCTCTTCTGTCCCGCACGACGGAGGAGATAGTGTTGCAGGAGGCCGAGCGCGGCCGCGCCGACGGAGAAGAACTGCGGCTCGTCCACCTTCAATCCGTTTAG
CP129485.1_gap50	2306088	2307497	1409	TCGCCATCGGCGGACGGATGCTGGTCCTGTTCACGTCCTACGCGGCGTTGAAGCGCGCCGCGCAGGGAATCGCCGCGCCGCTGGGACGCGAAAATATCTCCGTGCTGGAACAGGGCGAGGGCGCGTCGGCGAACACGCTGCTCGAGTCGTTCAAGTCCACGGAGCGGGCGGTGTTGCTGGGAACCAAATCGTTCTGGGAGGGCGTGGACGTGCCAGGCGAGGCGCTCTCGGCGGTGGTCATCACCAAACTGCCCTTCGACGTGCCGACTGATCCGCTGATCGCGGCGCGCTCGGAGACCTACGAAGACCCCTTCAACGAATATTACCTGCCCGAAGCCATCCTGAAATTCCGCCAGGGATTCGGACGGTTGATCCGCACGCAATCCGACCGCGGCGTGGTGGTCATTTTGGACAAGCGCGTGATGACGAAACAATACGGGCGGCTGTTTCTGGGGTCCCTGCCTCAATGTACAGTGCGGACCGCGAGCGTGGCAAATTTGCCGAGAGAGGCGGCCAAGTGGCTGGGAGTGTGAAAGTCTCCGTGTCCCAATCAGGCGGTTAGAGAGTATTTTTTAATTCTTTTTTGTACACGGATTTGACGGATTGCGCGGACAAACACGGATTTTTTCTTCAGATTTTTCCGTGAAATCCGCGCCATCCGCGTCCGAACGGGGAAACCAGATCACTTCATCGAACGAAGAACCTCAACCAGCGCGCGCAGGCCCAGCGCGTACGAATTCCAACCAAAGCCGACGATCTTTCCCTTGCAAACTGCGGAGATCATCGAGACGCGGCGGAACTCTTCGCGCGCGTACACGTTGGACAGATGCACTTCGACGACGGGGATTTGGATCGCGCTGACCGCGTCGCGCAACGCGATGGATGTGTGAGTATACCCTCCGGGGTTGAAGACCACGCCGTCCGCCCAGGAGCGCGCCTCGTGCAGGGCGTCTATCAATGCGCCCTCGTGGTTCGATTGCAGGCAGGTCACATCGGCGCCCAACTCCCTCCCCAGCGCGGTCAATTTCGCGTTGATATCGTCGAGCGTCATCGAGCCGTAGACTTCGGGCTCGCGCGTCCCAAGCAGATTTAAGTTCGGTCCATGCAGGATGAGAATTTTCATCGTCGGGCCTCCTCGTCAATCACCTCTTCCAAATTCGTCACGTCCACCAATTCGACTTTTCCATTTTGCGCGGGCAGCGCAAAACGGATGGACTTCGCGCTCCTCTTCTTGTCCACGCGCATGGATTTGACGATTTCCCCGCGCGATAAATTTTCTGGGATGCGCGTCGGCAAATTTAATTTCTCCAAAACCGATTCAAGCGCCTCGACCACGCCCGTGCCTGCCAGCCCGACCCGGGCGGAATACCTCGCCTCGACCGCCATCCCGACCGCCACCGCCTCCCCGT
CP129485.1_gap51	2373297	2374914	1617	GAGGCGGTCATCCCCGCGCTCCGCGTATATAACGTTGCCAGCGATTATTCGACGCTGACGTTCGACCAGACGCATTTCTTCTTCAACATCTCCGATGTCAGTATGCAGGTCATCGGCGTTTACACGTTCACGAACAAAAGCGACAAGGCCATCCTGGTCCCGTCAACCACCGACGTGCCTTTCCTGAAAGCCCCCGCCAACGCGCAGGACATCGGCTACGAACTGACGCAGGAAAGCGCTCCGATCCTGGCCGCGGAAGGCGGCTTCGCCCTCCCGCCCGGCGATAAACCGTTCGGCATCGTCATGTATTACACCCTGCCGTACGCGAAGAAGGCGACGGTGGTCCAGCCGTTCGCGCAGGAGGCCGCGTCCGTGCTGGCGCTGGTCCCCGAGGGCGTCAAACTGACAAGCGACCAGTTGACCGAAGGCCCGACGCAGAATTTCCAGGGCGAGGATTACCGTCAATACTCGGGCGGCGGCGTGAAAGCCGGCGGCAGCCTGACGATGACAATCAGCGGAACGCCAAAAAAGCCCGGCTCGGCCGCGGCGCCCAACTCTTCCCAAAACCTGCTGGTCGGCCTCGGCGGACTCGGCCTGGCGTTGATCGTCGGCGGCGCGTGGATGTACCTGCGCAACCGCGGCGCCGTTGACGAAGAACCGGACGAGGACGACAACGGATTCGAGAACGAAGAGGAGATCCTCGACGCCATCATCGCCCTCGACGACCTGCGCCGCGCCGGGAAGATCAAAGAAGACGCCTACCGCGAGAGGCGCGATGAATTAAAGGAGCGGCTGAAGCATTGACGCCGCGCGGCATGGACTGGCGATGATCGAAGTCAACAAACTGGTGAAACGTTTCGGCATGAAGACCGTCCTGCGCGGGATGGACTTCCGCGTGGAACGCGGAGAGTTCGTGGCGCTGCTCGGTCCCAACGGCGCGGGCAAGACCACCTTCCTGCGCATCCTGTCTTCGCTGGCGCGGCCCTCGCTGGGAGAAGTGAAGATCGCCGGTTACAGGCTGCCGCGCGAAGCCGCGCAGGTTCGGGCGCGCCTCGGCGTCGTCTCGCACCTGCCGCTGCTCTACGGCGACCTGACCGCCCAGGAAAATCTCGAATTCTACGCGCGCATGTACGGCGTCTCCAACCGCCGCCAGCGGATCGCCGAAGTCCTCGACCTGGTGGGACTCGCATCCCGCCGCCACGACCTCGTCCGCGCCTTCTCGCGCGGGATGCAGCAGCGACTCGCCATCGGGCGCGCCGTGCTTCACAACCCCGAAGCGCTGCTGCTCGACGAACCCTACACCGGCCTCGACCAGGACGCCTCGTCCATGCTCGACGAGACGCTGAAATCCGTCGCCGCGCAGGGACGCACCGTGGTGATGACCTCCCACGACCTCGCCCGCGCCGAAGACCTCGCCACCCGCTTCGACATCCTCTCGCGCGGCGTCATCGCCGCGAGCGCGGCGCGCGAATCGCTGGGCAACAGCAACCTGCTCACATTCTACAAACAGGCATTAGCCGCATAAACCGCTCACTGCTCACTGATCACTGATTACTGATCACTGCTCACTGATGAACCCCTCCTTCCTCCACGCCACCTTTGCCGTCGTCCGCAAAG
CP129485.1_gap52	2561784	2562370	586	CGAGCGTTGGGAGGAGTTGGGGAATCATCCCGATTGGGCGTTTACCAGCCCGCCGTTCCCGTCGTTCATGCATATCATGGACAGTTTCAAAAATTTAGTGGCGCGTCATCGCAATACGATTTTTATCGGCGCGCATGTTGGGTGTTACGGCGAAAATCTCGGCTGGGTGGGGCAGATGCTCGACGATTGCCCGAATTATTACATTGATATTTCGGCGCGGCTGGGCGAGTTGGGAAGACAGCCCTACACCGCGCGGAAATTTTTCATCCAATATCAAGACCGCATCTTGTACGGCTCGGATATGAGCCCCGACCTTGACGCGTATCGTTTGAGTTACCGCTTGCTCGAAACGGATGATGAATATTTCAATTACAACGTCAGCGAAATGCCGAGGCAGGGACGATTCTATGCCTACGGTTTGTATCTGCCCGATGATGTGTTGAAGAAGGTTTATCGTGAAAATGCGTTAAGGGTGTTGAAGATCGAGTGAGGGTGAGAAGTGTGAGAAGTGAACAGTAATTAGTAATTAGTAATCAGTGAACAGTGAACAGTGATCCGTAATCAGTGAGCAGTGAACGACGCAACT
CP129485.1_gap53	2731381	2736317	4936	GATTGGCGAGGGGCGGATATTGACGAGGGTCATCAAAAATATTGTAGCATAAGAAAACCCCGCTTCCTTAAAAAAACGGGGTTCTGAAAATCGTTTCTAAAGAGACCTAAACTGCCGTGAAAATGAATCGCGCGCGGCGCCTTGGCGTCACTCCTGTTTGAGAATCCTTTTCGTCGCCAGGAAAGCCAGCGGCGGCAGGTCGGACATTTCAAACCACCCGGCCTTGTCCGCGTCGTCCGCGGCGTGGAGGACGCCCGACTCGACTTCCGCGGCGTAGACGATGACGAAGTCGGCGCCGCGCGGATGCTCGCGGCCCGCGACCACCTCCAGCGTCCGCGTCACACGGACGACGAGGCCGGTCTCCTCCAGACATTCCCGCGCGGCCGCCCGCGCGGGGTCTTCCTCCGCGTCCACGAAGCCCGCGGGCAGGGTCCACAAGCCACGGAAGGGTTCGTTCACGCGGCGGACGAGGAGGACGCGTCCCTCCTGTTCGACCAGCACAGCCGCGGCCACTTTCGGGTCGGCGAAGTAGATCCATCCGCACGAAGCGCAGACGCGATGGGGCTTGCCGAAGCGCTGTTCAGTGACGAGCGGATTCCCGCATTGCGGGCAGAAGTTGACCTGGGTGAGAGCCATTGGGATTCAAAAGGCTTCGGAAGTCTGGCGGTTTCCGAAGCCGGGCGCTTATTTTTCCAGCCATTTGCGCGCGGCCAGCCGGCGGAACAGAAGCATGGCCACCGCGCCGACGAGGGCAATGGCCGCGAACGCGATCTGCAAGTTGGTGAGAAGGGGCGGGGCGGGGGCCGGCTCGCCTGCGGATTTAGCCGCGGGCGGCTGCTCGACCGAGCGGCTGGCCTCGGCGGACGCGGCGTCCGGCGCGGGAGTGGCAAGTTCCTCCCCGGGCGCGGGCGCCGCGGCCAGGAGCGGAGCCTCGTCTGTGAGCGCTTCCGCGCTGAAGGCCGCCGGCTCGGCGGCAGGCTGGGCCGCGCCGAGGGCGCCCGACCCGATGCGGACGAAGGAGACCGCAAACAGGAACGCCGCGGCAACGGTGGCGAACCGCAGGATGGGATAGGCGCGCGGCAGGGGCGGTTTGAGTCCCACCATTTTGGGAGTCAACGTGAAGTTGCGCGGAGCGCGGCGTTTGGGCATGCGGCGGAGCAGCGCGCGGGATTCGCGCATCCCGTCCAGCGCGGAGACCAGCTCAGGTTCGGATGCGAGGCGGGATTCGAGACGCGCGGAAGCGGACGGCTTCAGCCGTCCGTCGAGAAATTCGGAGAGTTGTTCGATATCGCGTGGGTTCATGCGCTTGCCTCGTTAGTATTGAGACGGAACGCGGCGGGCAAAAGTTCCGCGAAGGATTGCAGGCAGTCGCGCAGGCGCAGGCGGGCGCGGGCGATGCGGCTCTTGACGGTGCCGAGCGGCGCGCGGACGGCCGCGGCGACTTCGGCGTAATCGAGGCCTTCGACGTCGGCCATGACGACGACGGCGCGGAATTCGGTGGGGAGGGCGTCGAGGCAGTGTTGGATGGCGTGTTCCAGTTCGTCGGCATCCATTTGCTGTTCGGGACCCAGGTTGGGGTCGGCCAGCCAGCGCGGGGAATCCATCTCTTCGCCGTCTTCGGTTTCGGGTTCGAGGGGCGTGGTCGGCCGGCGTTTCTGGCGGCGGAGTTCGTCGTAGCAGGCGTTCGTCACGATGCGCAGCAGCCAGGCCTTGAACGACCCGCCGCGATAGGAATTGACCGAGCGGAAGGCGGAGATAAAGGCTTCCTGCGAAGCGTCCGCGGCCGCGTCTTCGTCGCCGAGGATGCGGAGGGCCGCGTTGAAGACCATGTCCTGGTAGTGGAGGACGAGGGTGTTGAAGGAATCGAGGTCGCCGCGTTGGGCGTCGAAGATGAGGGCGGGTTCATTCATAGGATTTACGGTTGGACGTATTTTATCAGGTTTCAAGTTTCAAGTGTCAGGCGGCAGGCGTCAGGCGGCAGGAAAATTATGGCTCTCCTGCAATTAACAGAAAAAAACCAAACACAAAGGCGCACAAAGGGTGAAGCCGCGCCTATCTCACAGGATTTTCCTTTGTAGACTCCGCGAAGCGCCCTGTGAGTCGTGACCCTTCGTGTTAAAAGGAAATTTCCCGTTAAAAACGGAAGAGCCAAAATTATTTCCGAAGGAGTCTAATCGGGTTTTCATGCTTGTTGAACACGGATTTCACAGTGCGCGCGGATTTTTTCCTGGGTCTTCCCGTGAAATCCGCGCCATCCGTATCCAAAACGGAATTTCAAAGCGCTCTCTAACGTTCTTTTTATGTCTTTCAAATAACCCCTTGAAGGGGGGTTTGTTATAATGTCGCCATGTGGCAGCGCAAATTGCCAATTTGCGCCACACGGAGGACCCCACTATGATGCGATTTGACCGATTTACCGAACGAGCGCAGGAGGCCGCCCAACGCGCGGCCGAGATCATCCAGCGCTACGGTCACAACCAGATTGATACCGAACACATCCTGCTGGCGCTGATCGAACAGCCCGGCGGGGCAATTCCCCAAATTCTCGAAAAACTGAACGTCAACCCCGAGGCGCTGGTCGAGCGGCTGGACGCCACCCTGCGCGCCAGTCCCAAAGCCAATATCTTCGGCGGCGGCGCGGGACAGATCTTCATCACCCCCCGTGTAAAAAGGATTATCGACCTCGCCAACGAGGAAGCCAACCGCCTGAAGGACGAATACATCTCCACCGAACATATCTTCCTCGCCATTTTGACGGAACGCAACACCCCCGCGGCGCGCATCCTCGAATCTGCGGGACTGACCCGCGACCGCGTCTACGACGCCATCCAGAGTCTGCGCGGCGGACAGCGCGTCACCGACCCGCAGGCCGAGACGCGCTACCGCGCCCTCGACAAGTACTCGCGCGACCTGACCCAACTGGCCCGCGAGGGCAAACTTGATCCCGTCATCGGGCGCGACACCGAAATCCTGCGCCTCATCCAAATCCTTTCGCGGCGCACGAAGAACAACCCGGTGCTGATCGGCGAGGCGGGCGTCGGCAAGACCGCCATCGTGGAAGGTCTCGCCCGGAAGATCGCCAGCAACGACGTGCCGGAGATACTTTCGGGCAAACGCGTGGTGGCCCTCGACCTCGGCGCGATGATCGCCGGTTCGCGCTTTCGCGGCGAATTCGAGGAACGGCTCAAAGCCGTGATCGAGGAAGTCCAGCGGGCGCGCGGCGAGATCATCATGATGATCGACGAACTGCACACCGTCGTCGGCGCGGGCGCGGCCCAGGGCGCGATGGACGCGTCCAATATGCTCAAACCCGCCCTCGCCCGCGGCGAGTTGCAGTGCATCGGCGCGACGACGCTCGACGAGTATCACAAGCACATCGAGAAAGACGCCGCGCTCGAGCGCCGCTTCGCTCCCATTTACGTGGAAGAGCCGAGCGTGGACGACACCATCAAGATGCTGCAAGGACTGCGCGACCGCTACGAGGCGCATCACAAAGTCCACTTCTCGGACGAGGCCCTCGAAGCCGCCGCCCGTCTCGCGGACCGCTACGTCACCGACCGTCACCTGCCCGACAAAGCCATTGACCTGATGGACGAGGCCGCCGCCAAACTGCGCGTGGCGCTCTATTCGCTTCCGCCCGACTTGAAGGCGATGAAGAACGAGATAGACCGCCTGCACGCGGAGGAGGAACAGGCCGGCATCTCGCGCGACTACGAACAGGCCGCGCAGAAGAAGTCTGAGCGGCTGCGCATCGAAGAGGAATTCAACAAGCAGCGCGACCAATGGGAATCGGAACACAAACTCGACGAGGTGGTGGACGTGGACGACATCGCCGCCGTCGTCCATCAGTGGACGGGAATCCCCGTCACGCAGATGCTGGAGACCGAGTCGCAGAAACTTCTGCAGATGGAAGAGCGCCTGCACGAGCGCATCATCGGACAGAACGACGCCATCCACGCCATCTCCGACGCCATCCGCCGCGCCCGCTCGGGGCTGAAAGACCCGTCCCGGCCGATCGGCTCGTTCATCTTCATCGGCCCGTCCGGCGTCGGGAAGACCGAACTGGCGAAGGCCCTGGCTGGGTTCATGTTCGACGACGAGGATTCGCTCGTCCGCATTGACATGTCGGAATATCGCGAACAGCACACCGTCTCGCGGCTGTTCGGCGCGCCGCCCGGATACATCGGCTACGAGGAGGGCGGACAATTGACGGAGGCCGTCCGCCGCCGCCCGTACCGCGTGCTGCTCTTCGACGAGATCGAGAAGGCGCATCCCGAAGTCTGGAACGCGTTGCTGCAAATCCTGGACGACGGGCGCATGACCGACGGCCAGGGCAACGTGGTAGACTTCCGCAACACGGTCATCATTATGACCTCGAACCTCGGCACGGAGTACGTCCGCAAGGGCGGGACGCTCGGCTTCGTGGGCAAGACCGAGACCGACGAAGACCGCGAGGCCAAAGACAAGATCGAGAAGGCGCTCAAGGGCGCGTTCCGTCCCGAATTCCTCAACCGCATTGACGAGATCATCATGTTCTCGCCGCTCTCGCTCGAGGAAATGGAGCGGATCGTGGACCTGCAATTGAAGGAGATCCAGGAACGCCTGGGCGAACACAACATCGCCGTGCATCTCACCGAGGCGGCCCGCGTCTGGCTGGCGAAGGAGGGCTACGATCCCGCGTTTGGGGCGCGTCCGCTGCGCCGCGCCCTGCAAAAGCACGTCGAGAGTCCGCTTTCGATGAAACTGCTGGGCGGCGAATTCTCCAGCGGCGCATCCGTGCTGGTAGACGTGGACAAGGCGAAGAACGCGCTGACGTTCACGGCAGGCGAGGCCGTCGCGCCGAAACGCAAGAAGAAAGAGGCGGTCGCCGCGTAACCAATCAAGTAGAGCGAGAATCATCTCGCTCTACTTTTACATCCGCGCCCTCGTCGGGGCG
CP129485.1_gap54	2753469	2758086	4617	GCGAACCCGCCCTACCCGACTCCCGAAACCGCCTCGAGTAGCGAGCCGCTCCAGCCGTACGCGGCCAGCAAAAAGGGAGCGGAAGTCCTCGCGCACTCGTATCACTACCTGCACAACATTGATGTGAGCGTCGTCCGCTACTTCACCGTCTACGGGCCCGCGGGACGTCCCGACCTGGCGATGTTCCGCTTCGTGCAGTGGATCAGCGAGGGACGCCCCGTGCTGGTCAACGGCGACGGGAAGCAGTCGCGCGGCTTCACCTACGTGGACGACATCGCGCGCGGCACCATCGCCGCCTTGAAGCCGCTCGGCTTCGAGATCGTCAACCTCGGCGGGCACGAAGTCATCAGCATCAACGACCTGATCAAGTTGACCGAGGAAGTCGTGGGCAAGCCCGCGCAGGTCCAGTATGGACCGCCGAATCTCGCGGATATGTTCCAGAATTGGGCGGACGTCTCGAAGGCGCGTCAACTGCTCGACTGGCAGCCGCAAGTCGGCTTGCGCGAGGGGATGGGGAAACTCGTCGAGTGGTACCGCGCCGAGCGCGAGTGGGCGAAGGACATTGTCACTGCGTAGCGCGTGGTTCGTAATACGTAGGGAAGGAATCGCAATTTAACCCGATAATTCCATTAGTGGACTATGAAAATTATCGGGTTGGCAGCCAATTACCAATTACCAACAACCCTCCCCCCGCGTCACTTATGCCGCGCTCGGTTACAAATTGCGCTTTTTTAGAAAGCGGAAAGCGCAATTTGTGACCGTGGGTATTATATAATAGCCTCGTGAATTCCCTCCTCTCCAAACTCAAATCCGACTCGCTCTTCGCCCGCGTCCTCCGCAACAGCGGCTATCTCTTTTCCAGCAGTTTCGTCTCTGCCGCGCTGGGATTCGTGCAGGGGATTCTCATCGTCCGCCTGCTGGGGATCGAGTCGTACGGCGCGCTGACCGCCGTCATGCTGTTCGCCTCGAACGTGAACCGCCTGCTCTCGTTCCGCATGAGCGAGGTGACGGTGAAATACCTCGGCGAGGCGCTCGCCCTCGACGACAAACCCCGCGCCGCTGCACTCGCCAAGTGGATCGGCGTCGGCGAGACGTTCACTTCGATATTCGCCTATCTCGTCCTGTTTTTCCTCTCGGCCTGGTTCGCGCACGACGCGGCGCTGGTCGGCTACTATCGCTTCTACGGACTCTTCCTGCTCGCCAACCTCGTCTACGAAACCTCCACGGGCGTTTTGCAATCCACCGATCAATTCAAGCGCGTGGCCTTCGCCAACCTGCTGCAAAGCGTCGTCACTATCCTGATCGTCGCGCTGGCGTTTTTCATGCATTGGGGGATGTTCGAGATTCTTGTCGCGTACCTCGCGGGCAAGACGCTGGCCGCGGCGGTCGTGACCTTCTCCGCGCTGGGCGCGCTGAACCGCAAGTTGGGACGCGGCTGGGTCCGCGCGCCGTTCAGCCTGCTCCCCGATTGGAAGTCCATCGCGCGCTTCGCCGTCAGCACGAACGTCAACGGGACGGTGAACCTGTTCACGCGCGATAACGTCCCGCTTTACATTAAATATTTCGTGTCCGATACCGCGCTGGGATATTTCCGACTCGCCACGAGCCTGATCAACCTCGTCATGCTGCCCATCGAGCCGTTCATCTGGCCGACCTACGCCGAGATCACGAAGACGATCGCGCAGAAACAATGGAACGCGACCCGACGCCTGCTCAAACAGGTCAGTCTCGTCGGCGGCATCTGGACCCTGCTGGCGGGCGCGGGGCTGGCGACTCTCGGCTGGTGGTTCATCCCGTTCGCGTACGAAGTGGAAGCCGCGCCCGTCATCGTCTGCGTGTTGATCCTGCTCGTCGGTTACGGCGCGGCGAACACCGCCAATTGGAACCGTCCGCTCCTGCTGGCGCTCGGACGTCCCAACGTCCCGCTCGTCGTCGCGGCCGTCACGGGCGTGGTCGAGCTCGCCCTCATCGCGCTCCTCGTCCCCTCGGGCGGATACCTCGTCGCCGCGGCGATCTTCTCGGCGTACCTCGCCGTCTCCATCCTCGTCAACATCTCGATTGGACTGTCCGACATCAACCGTCAATCGCGAGTAGGGATTGGTACTTGATGAAAATTGTCGCCATTGCAGGTTCAACAATTCCCTCCGACACCGCCAACAGCATCCAGGTGATGAAGGCGTGCAACGCGCTCGCGCGGCTTGGTCATTCAGTGCATCTCATCGTGACGGGAGACGGGGGACGGGTGACGGACTGGGAATCTCTCGCACAACAATACGGGCTGTCACATCCGTTTGAAATCGAGTGGCTCTCTTCGTCAAGTCGCCGCCTGTTCACTTTTAATTCCGTCCGCCGCGCGCTGAGACTCAAACCCGATCTGCTCTACACCTGGTTTCCCCAGTCAGCGGTCTTCAGTCTCCTCGCGGGCAAGCCCACGATCTTCGAAGCGCATCTCCAGCCAACGGGACGGTTCGGCCCCGCCTGGCATCGCGCCTTTGCGCGCCTCCCTGGACGAAAACGCGTCGCCTGCATCACGGACGCGCTGCGCGTGATCCTCGAACGCGGCTTCGGGATGCGTCTCCGCGCGGACGAATTCGTCATCGCCCCGAACGGAGTCGAACTCGAACGCTTCGCGTCGCTGCCCGACCCCGCGCGGGCGCGGACGTCCCTCGGCCTGCGCGAAGCGCCGACGGTGTTGTGCGCGGGTCATCTCTACGCGGGCCGCGGCGCGGACCTGTTCCTGCGCCTCGCGGAATCGTTCCCAGCCGCGCGTTTCGTCTGGGTGGGCGGACGCGCCTCCGACGTCGAAGAATGGACGCGGAAAGCCGCGTGGCTGGACAACGTCAGTTTCCTCGGCTTCGTCCCGAACATGGAGCTGCCGCGCTACCTCGCCGCGGCGGACGTCCTGCTGATGCCCTACGCGCGTTCCATCCTCGGCTCCAGCGGGGACGCGTCTTCCGCGTCCGTCGCCAGCCCGATGAAGATGTTCGAGTACATGGCCGCAGGCCGCGCCATTTTGACGAGCGACCTGCCCGTGATCCGCGAGGCGCTGGACGATTTGTCTGCCGCCTTCGCCCCGCCCGAGGATGTCCCCGCGTGGACAGCCGCGCTGCAATCCCTGCTCGCCGACCCCGCCCGCCGCGCCGCGCTCGCCTCCGCCGCGCGCCGCGAGGTGGAGAAATACACGTGGGTCGCGAGGGCGGAGAAGATTTTGGATGGGTTCCTGGAATCCTGAAGTTCTACTTCAGGATTTGACTCGCTCATCCAAAAGTAGCCCGTCCTGGTGGTCGGGCCAGGGAACTTTCGGATTCCTGCGACGCTGTGATATAAGATGCCCATGAAATTCCACCTCCTCGTCGTCTCCTCCAGCCTGCTCCTCGGCGCGGGAATGTCTGCCATCCAACCAGGCAGTTTCCTGCTCGGCTGGCTGGTCTTTTCGGCGCTCTTCCTTCTTTCCTTTTATGTTTTACGCGTTACGTTTTTCTGGACAATCAAACAACATCCACAACCCGTAACTCATAATTCGTATCTTGCAACTCTCCTCGCGGCCTCCTTCCTCCTCCGTCTCGCCCTCGGCGCCGCGCTCTACCTCGCCCTCCCCACCAGCGGATATTCCAACGCGCAGAACCAAGCGGGCTACATCTTCTTCGACTCCTTCCGCCGCGACTCGCAGGCCTGGGAACTGGCGCAGTCCGACGCGCCGATCCTCTCCGCGTTCAACAAGAATTTCTACTCCGACCAATATGGCGGACTGCTGGCCTTCAGCGCCGCGGCCTATCGCTTCCTCTCGCCCGACGAGCGCCGTCCGCTTCTCCCCGTCTTCTTCGGCGCGTTGACGGCCGCGCTCGGCGCCGCTTTTTTGTGGAAAGCCGCCGCGCGTCAATGGGACGCGAAGGTCGCCTCCGTCGCGGCGTGGATCTACGCGCTCTATCCCGAGTCCATTTTGATGGGCGGCGCGCAGATGCGCGAACCCTTCCTCATGGCTTTCGTCGCGATGGCGCTGTGGGGATGGGTGGATTACTCGCGCAGCGCCCCCGACAGGGAACAATCCGTCCCGCGCCGCGCCCTGCTTTGGCTCCTCCTCGCCTTCGCGGGGATGCTCCTCGTCTCGCCCGCCATTGCGCTGCTCGTCCTCGTCATCCTGGCGGGCTGGATGTGGATGACGCGCGAGCATGGCCGCGTCTCGTGGACGGCGCTCGTCGTCATCGGGATCGTCTTCCTCGCGGGACTCTATCTCCTCGCCTGGGGATTGGAACGCAGCCAGCCTTTCGGCACGTCTCCCTTCGGCATCGTGATGAACTGGACGCGCGGCGCGGTCAAATGGGACATCCACCAGCTCGAACGCGGCTCGGGCTGGGTGCAGAAACTCTTCAGCGAAATGCCCGAATGGCTGCGTCCGCTCTTCGTGATGGTTTACGGCGTCACGCAGCCCGTCCTGCCCGCCACGTTCATCGAGCCAGCCGCGCCGCTCTTCCGCGCGCTCTACATCTTCCGCTCGGTGGGATGGTACGCGCTCGTGCCGCTCCTGTTCTACGCGCCGTTCGCCATCGTTCGGCGGGAGACTGGCTCCGCGCGCCGCCTCCTCCTCTGGCTGACGGCGGCCGCGTGGGCGTGGATTGT
CP129485.1_gap55	2759285	2760720	1435	GCGTCGACCTGGACTATAAAAAATACGTCGTCATGGACGAGCGCTACTACCGTCCCGCCGAAGTGGACCTGCTCATCTCCGACCCGACGAAAGCAGGCGAAGTCCTCGGCTGGGAGCCGAAAGTCGGCTTCAAACAACTCGTCGAGATGATGGTCGATTCCGATATGAAACGCCTGAGCGCGAAGGCCGCGTAAGAACTTTAAACGCGAAGGCGCAAAGACGACGAAGGAAACTCAATCCAACGCTTTTTCCTTTGTGCCTTTGTGCTTAGAGATTGAAAATGCCCGAACTCTCCCTCGTCGTCCCCGTTTACAACGAAGAGCAGAACCTGCCTCCGCTCTTCGACGCGATCCGCGCCGCGCTCGATCCCCTGGCGCGGACGTGGGAGGTCGTCTTCGTGGACGACGGTTCGCGCGACGGAAGCGCGGGCGCGCTGAGCGGCCTCTTCGAGCGCGACCCGCTTCACGTCCGCGTGATCGAGTTCCGTCGCAACTTCGGCCAGACCGCCGCCATCGCGGCAGGGATTGATCACGCGCGCGGCGACGTCATCATCCTGCTCGACGCCGACCTGCAAAACGATCCCGCCGACATCCCGATGCTGCTCGCGAAATTGGACGAGGGCTACGACCTCGTCAGCGGCTGGCGCAGGGATCGGAAGGACAACGCCCTCACGCGCAATCTGCCGTCGCATCTCGCCAACGGGCTGATCTCGTTCGTCACGGGCGTGCGCCTGCACGATTACGGCTGCACGCTCAAAGCCTACCGCCGCGACGCGCTGGAGGGCTTCAAACTCTACGGCGAAATGCACCGCTTCATCCCCGTCTTCGCGCATTCGGTCGGCGCGCGCATCGCCGAGGTGGAAGTACGCCATCACGCCCGAAAATTCGGCAAAGCCAAATACGGACTCGAGCGCACGCTCAAAGTGCTTCTCGATCTCTTCACCGTGAAATTTCTGCTCGATTATTCCAGCAAGCCCATTTACCTGTTCGGCGGCGCGGGGCTGGCGCTCATGTTCCTCGGTCTCGCCGACCTGCTCTATCTTTTCATCCGCCGTTTCTGGGGCGTCCCCGCGGCCTCCTCCCCGCTTTTGCTCGTGGGCGTGATGTTCGCCATCATGGGCTTCCAATCCGTCCTCATGGGGCTGATCGCCGAACTGCTCGTCCGCACCTATCACGAATCGCAGAGCAAGCCCACCTATCGCATCCGCGCCATCCTTGAATCAAAATAACATGCGCATCCTCGTCGTCATCCACGAATATCCGCCCATCGGCGGCGGAGGCGGCGCCGCGGCGCGCGACATCTGCCGCGGGCTGGCGCGGCGCGGACACGACGTCAAAATCCTGACCGCTCACTACAAGGGACTTCCCCGCCGCGAACGGGACGAAGGCGTGGACGTGATCCGACTCCCCTCCCTGCGACGACAGCCCTTCCGCGC
CP129485.1_gap56	2767829	2771164	3335	CGACCACGCGCACGAGCGGCCGAAGATTCAGCGCGCGGGCTTTGTCCTCGCTCATCAACAACAGCGCGGCCGCGCCGTCATTTAATCCAGACGAATTTCCCGCCGTCACCGTTCCGTCTTTTTTGAAGGCGGGTTTCAACTTCGCCAGCGATTCCAGCGTGGTGTCGCGGCGCGGGCGTTCGTCCGTCGCCGCGAGGACGGGATCGCCTTTTTTCTGCGGGACCGGCACGGGCATGATTTCCTCGGCGAAGCGTCCCGAGTCGATGGCGGCGACGGCGCGCTGGTGCGAGCGCAGGGCGAACGCGTCCTGCTTTTCACGCGTCAGGTGCGGGCGTTCCGCGGCGATGTTTTCGGCGGTCTCGCCCATCGAGTCGGTCCCGTACATTTCCTTCATTTTCGGATTCGGATAGCGCCAGCCGAGCGCGGTGTCGTAGGCGGTGAGATTCCCGAACGCGTAACCCGACTCGGCTTTCGGGAACGAGTACGGCGCGCGGGACATGGACTCGACTCCGCCCGCGACGAAGACCTCGCCCTCGCCCGCCCGGATCGCGCGTGACGCCTGGTTGACCGCGGCCAAACCCGAGGCGCACAGGCGGTTAACGGCGACTCCCGCCACCTCGACGGGCAGCCCCGCCAGCAGCGCCGACATGCGCGCCACGTTGCGGTTGTCTTCGCCCGCCTGGTTCGCGCACCCGAAGTAGACTTCCTCCACGAGCGCGGGATCGAGTCCCGAACGTTTGACGATTTCTTTGATGACGAGCGCGCCGAGGTCGTCGGGGCGGACAGGCGCGAGAATCCCTCCCAGCGCGCCCACGGGCGTGCGGATGGCGTCAACGATGACAGGTGTGTTCATGGGAACTCCGTTTTGATTTTTTGGCGGCTGTTTTGACGAGGCAAGGCGCCTGCGGCGTTCTCCAGCGCCAGCGTCAAAACATCGAGAGCGCGATTTACGTTTTGATTGTACCATCCCCAAAAATACAGGTCGGGTTGATGGTCCGATTTACGGCGCGAGCGGCTGGTCGAGATCGTAGATCACGAATCCGTCGCCCTGCGCGAAGACGGCGAATCCCGAAAGCCGCGCGCGCAGGTCGGGCTGGAGCGCCAGGTCGGGGAGGTCGGTGACGAGGAAGAGGTCGCGGCCCTTCGTCAATCGGGCGAAAGATTTTTCGAACGACGCGTCGCCGCCGCGCATCTCGCGGTAGGCGATATCCGACGAGTCGGGCCAGCTGGCGGCGGAGGTCCAGCCCCAATAGGCGAGCGGCAGGGCGTAGTCCTGCGTCAACGCGACGACGCGATGACCGCGTACCGTCTCGCCGATGCCTTGCCAGAACGCGGCCTGCGGACGGTAGTCGGCGGACTTCAAGGCGACGCGCGAAGTCCACAGGACGGCGGCCAGGCTCAAGGTCAGGAGGGAGGCGGCGAGGATTTTGCGGCGCGGATCGGCGGTTCGCGCGACTAGTCGGGCGAGGAGCGCGTCCGCGAGCGGGGTCAACGTCAACGCGGCGATGGGGACGAGCGGCAGGCTGTAGTAGTTGTGCGTGGAGATGTGGTAGTCGAAGAAGAGGGCGAAGGCGAGGTACGCGCCCCACAGTCCAAGGAGGAACGAGCGCGCGGGTTTGCCGTCCACGAGGAGGAGACCGAGGAGCGCGAGCGTGAAGGTGAAGAGACCGATCACGTCCCCGATCATCTGCGCCCAGCCGAGGTACATGGAGGGCGAGACGAGCAGCGCGGGGATGAAGCGTCCGCCGAATTGCTGACCGAGGAAGCCGCGCGCCAGGCCGTAGATCACCCAGCCCGCGCCAGGGAGGAGTCCCAGCGCGGCCATCGCCCAGACCTGCCGGTTGCGGAGGAGGCCGCGCAGGGAGGCGCGTCCGAACGCCGCGCCCAGCGCCCCGCCGACGACGAAGAACGCGGCGTTGAGTTTGACGAAGATGGCAAAGCCGCCGAGGATGGAGGCGAGGAGGACATAAAGCCAGGAAGTTGATTTGACAGGGTGGGGATGGAGGGATTGCGCCCAGCGATTGACCGCCCACCAAAATCCGACGATGAGCGCGACCATGAGGGGATCGGGTTGGAAGGAACGACTGGCGACGACGGCGTAAGGAAGCAGCAAATAGAACGCGGCCGCGAAAAGCGCGCCGTCTTTCGAGAAGAGGTCGCGGGCAAGGAGATAGATGAAGATCCCGCCGAGGAGCCAGAAGAGGCTGGAGTAGATTCGCGCCACCCAGAGTTGTTCGCCCGTGAATTTCCAGGTGAAGACTGTCAGCCTTTCGAGGATCTCCGGTTCGATGGTGGCGCGCAGGCGTCCCTGCTGGATGGCGAAGGCGCGCTGGTCGGCGGGCGCGTCGGCGAGAGTCTCGTAGTACATGCCGCGCGCTTTGAGCGCGGAGAAGAGTTGCCGCGTGGGATGGAAGTCGAGGGGCAGGTCGGTCAGGTCGTAGAGACGGATGGCCGCGGCCGTGACGAAGAGGACGACGAGGACGACGAGGACGAGGACATGATAGCGGCCAAAGAAGGAGCGGGGGGATTCGGTCATGGGGATGGCGCTTATTTTAACTGATTTGGACGCATCTCCCGCCGCGTTCCCGCGGGCGGACGCGGAGACCTCCTCTCCCCACAGGAGAGAGGTTGGGGGTGAGGGCCAAACCCGCAGATAAGCGATGGTTCTGGACTATAATCCTCCTGCTCAATGAAAAGCCATCCTTTTACAAGTTCCCCATGTCAAATCATCTGATCAACGCAAATTCCCCCTATCTCCTCCAGCACGCGCACAACCCCGTGGACTGGTATCCGTGGAACGAAAAAGCGCTTGCCAAAGCCCTCGCCGAAGACAAGCCCATCTTCCTCAGCATCGGATACGCCGCCTGTCACTGGTGTCACGTAATGGCGCACGAGTCATTCGAGGACGAGTCCACCGCCGCGCTGATGAACGCGAACTTTGTCAACATCAAAGTAGACCGCGAGGAACGTCCCGACCTTGACGCCATCTACATGCAAGCCACGATGGCGATGACCGGTTCGGGCGGCTGGCCGATGTCCGTCTTCCTCACGCCCGACCTACGTCCGTTCTATGCTGGCACATACTTCCCTCCCGTCCGCCGCGCCAACATGCCGTCGTTCAAGGAAATACTGACAGCCATCGCGCGGACGTGGCGCGAGGACCGGCAGGAGGCGGACCGCGTCGGGCAACAGGTGTTCCAACACATCCAATCGCAGACGCAAGCGAGCGGCGACAAAATCCCCGTCGACGCGGCGGCGCTCGAAGCGGCCGCGCGCGCGCTGACCTATTCGTACGATTGGGGCCACGGCGGCTGGGGCGACGCGCCCAAATTCCC
CP129485.1_gap57	2853713	2854560	847	CGCCGCTCTTCGTCAAATCGCTCATGGACCGCCGCCTGCCCGCCGATTCGATCTGGCGCGACGTTTACCTCGTCGGCGCCACGCTCGCCATGCTGGCATTCCTGAACGCCTCCGCCCCGGACTTTATCTACTTCCAGTTTTGACCATGCGATTCTCCCGCTATTTTTTTCTTCTCCTCGCCTGCCTCGCCGCGTCGACCTTCCTTCTGCCGCGCCTCTATCATCTGCCTTTCCCGTCCCAGCCGGGACCCGCTTTCGACGACAAGACGCGGCCCAGCCTGGTCAAGATCCTTCAGAAGAACGACATCCAGTTGGCGTTGATCGGCGATTCCGTGTTGCAGGAGGGCGTGGACCCGCAGGCCTTGTCCGCCGCGCTCGAGGTTCCCGCCCACTCCATCGCGGTCCCGGGTTCCACATCGCCGTTCTGGTATCTCATCCTGAAAAATATCGTCCTCCAGATGGACCCGCCTCCGCCAGTTGTCGTCGTCCTGTTCCGCGACACCATTTTGACCCTGCCAAATTACCATGTAAACGGCGGCTACGTCAACGAACTCGATCAATGGGCTGCCGCGCATGAGGACCTTCTGATCCAGCGCGCCTATCTCAACTTCATGAACCCGCTGGAAAAATGGGCGCTGACCTGGCTCCCGCTCTACGGCGCGCGCCAGCGCCTGACGGACGCGGCCGATTTCGTCAGCCGCAACGCCCTCCCCTATCTATTCCAGACCTGCCGCGGCGACTGTCTTGCCCAGGCCGAGACCGACATCTTTCACATTGACAATGTCCAACCGTCCCTGCAACAGCGCGCCCTTGTGGAGGAGGAACAATTCCTCTACACGCCCGCGGCC
CP129485.1_gap58	2861077	2862195	1118	GAAAAATCAAAAACTGGAAGCGGAGGAGGGAAACATCGCCGACCGCGCCCTGCTCGAGTCGCTCAAGGCGCGCGATTACGATCACATCATTGTGCTGGCGGAGAACGACCTGAGCGAGCAGGAGGCCGACGCGCGCACGCTCGTCACGCTCCTGCATTTGCGCGATATGGCGGACAAGGATCGGACGCCCTTCTCCATCGTCAGCGAGATGCTCGACCTGCGCAACCGCGAACTGGCCGAGGCCGCGCAGGTGGACGATTTCATCGTCAGCGAACATCTTGTCAGCCTGATGATGACGCAGCTCAGCGAGAACCCGAACCTGTATTCCATCTTTGCCAATATCCTCGACCCCGCCGGCCCGGAGATCTATCTCAAGCCCGTCGGCGATTACGTGGAGACCGGCCGGCCCGTCAACTTTGCGACGGTGGCAGCGGCGGCCCGCGCGCGCGGCGAGACCGCCATCGGATATCGGATTCTCCATGAGAACCACGACGCGGGGAAATCGTACGGCGTCCACACCAACCCGAAGAAATCCGCGTCGGTTAATTTTGCGGCGGAAGACAAGGTCATTGTCATCGCGGAGGATTAAATTTTTGTAGGGGCGGTAGGGGCAGTCCTGCGTGACTGCCCGCTGCCCGCCGGGGGCGGACACGCAGGTCCGCCCCAACGGGTCCGCCCCAACGGGTCCGCCCCAACGGGTCCGCCCCAACGGGTCCGCCCCAACGGGTCCGCCCCAACGGGTCCGCCCCAACAGGTCCGCCCCAACAGGTCCGCCCAACGGGAAATTTATTGAAAGAACGGCGCGAGATGACCTCCCAGCACGCGCAGGAAGAGGCCGTTGTTGACCAGCAACGTCGCCAATAGCAGAATCAGCGCCCATTCCAGCCATTCCTGTTTGGGGAGATCGAGGAGGGATAACGCCACAAAGAGCAGCAGGGCGTAAGTCCAGTTGGGGGTATAGAGGAAAGGCTCGAACCCGTAGAGAAGGTGCATGACGAAATTCAAGCCGAGGACCGCGAGGAACGTCAATTGGAAGGAAAACCAGGGAGAGGATCTCCCGCGCCGCGCAAAATTGACGAAAGCGGCGCCCAACAGGATCAACCAGAGAATGAACGGCG
