gap_id	start	end	length	sequence
CP126501.1_gap1	47586	50116	2530	TTTGGGAGATGCTGAAAGCAAATTTTGACGTCGCTTCAAGAGTGTTGGACAGTAAAGTACGTGTTAAACCGGGGTTTGTTAGAGTTAAGACATCTTTGAAGGGTGATATTGCCAAATTGACGCTCGCCAATTCGATAACCCTAACACCAGGAACGATTGCTGTTGACATGAAAGATGACGAGCTTTACGTACACTGGATAGAAGTTGGAGGTACCGATGAGAACTCAAAACGCACGTTTTATGGTAGACTTGAAAGGTTCTTGAAGGGGGTGTACGAATGAGTGGCTCTCTTTTAATCGATTTAATTGTCTTTGGATTCACTGGACTCGGTATTTTCTTAACGCTCATCAGGTTCTTGCTCGGTCCAACGAGTTTCGAAAGATTGGTCGCTGTGGATATGATGAACGTCATGTTCATAGGCGTTCTAGTTATGATTGCGTACATATTCAAGAACAATATGTACATGGATATTGCTTTGCTATACGGTTTACTCACTTTTATCGAGACTTTAGTCTTTGCTCGCTATCTTGAAAATCGGGCAGCAAAGACTGCGGACGGTGATAAGAGATGACTGAGATAATAAGAGAAATCGTAGGCTATACGCTCACCGCGCTTGGTGCGTTTTTCTATTTCCTTGCAGGTTTAGGTTTGATTAGAATGCCGGATGTTTATACAAAGCTCCAAGCTTCAACAAAGGCAACGACTCTCGGAACCTTTTCTATCGCGCTTGGGATAGGTATTCTCAATCCAGAATTCTTCGGAAAGTCGATTATATTAATCGCCTTCGTAGCCCTAACAAACCCTGTTGCATCATCTGTAATGATTCGAGCAGCTTACAAAAACAACGCACCCGCATGCAAAGAGACTTGTATTGATGAAATAGCAGAACTAAAAAACAATGCGGTAGAAAAAGCTGTTACGGGTGGTGAGGGCAATGAGTAATTTGAAAGAGTTTTTAACAAGTTTAGAGCTCATCGATTATGTATCTTATTTGGTCGGCGGATTGATGGTAGTCTTTGGAATCTTTGCCGTTGAAGCAAAAAAGATATTCGATTCATTGCTTGCACTTTCTGCTTTAAGCATGTTGTCAGTATTGATATTTGTCGTATTGAAAGCACCAGATGTAGCAATCACGGAAGCGGCAGTTGGTTCAGGACTTGCAAGTGCTGTGATGATTTTTGCACTATTTAGAATTAGCAATCCGGAAAATAAACGAGGCAATAAGAACAAGGCAGGTGAGGAAGAATGAGGCGCATATGGGCAATCCTGCTTTCAGCTGTATTTTTATACTTCTTCTTCACAGTCTATGCTCCAACTCTTCCTGAGTTTGGCATGTTTGACATGTATAGGAGAGTTTCGTTTGATTATATAAGCAAATCAACGACAAAAGAGTACTCACCTGTGGAATTTAAGAAGTCATCCAACCTTGAAGAAGGCAGTGCAAATGTTGTCACTTCAATTGTTGTGAACTACCGTTCTTTCGACACGCTTGGAGAAGTCACTGTACTATTCACAGCAGCACTTGGTGTCGGTTTGCTCGCATCCTACAAGAAAAGAAGAATAGAGTTCGAAAACCACAACGTTCTTTCAACCGCAACAGGTATAGTGTTACCGATAATTTTACTCTTCGGGGCTTACATCTTTATACACGGGCACCTCACACCCGGTGGTGGATTTCCAGGCGGTACGATAATTGGGCTTGGAGTTCTGTTGTTAATTCTTGGAAGAACGGACTTCAAAGTATCCGAAGTGGCTAAGTACACAGAAGGTGTAGCAGGTGCCGGGTACGTTCTCGTTGGATTGGTAGGAATAGCTTTGGCAGGAACGTTTTTGGCAAATTTCCTCCCAACAGGTACGGTAGGATACTTGTTCAGCGCAGGCGTTGTGCCGATAGTCTATACTCTGATAGGCTTCAAGGTTGGAGCAGAGCTTTCGAATATAATTTCAGAAATGAGGGAGGGATAAGATATGCTTTACTACATCTCGTTTGTCCTCTTTGGCATAGGTCTTTATGGAATCATCTCCCAAAAGAACCTTTTTAAACAGCTTGTATCTTTGACAATAATTGATACCGCTGTCAATATTTTCATTGTCTCGCTCGGCTATCTCAAAGGTGCGGAGGCTCCTATCTACTCTGTGATAACTCCTGTCGCAAATTTCGTTGATCCTCTCCCGCAAGCGCTCGTCCTTACAGCAATAGTTATCGGCGTTGGAACTTTAGCTCTTGGTGCAATGCTTTTAGTACACATCAACGAAGAATACGGCTCTGTTGACCCAGATGAAATTCGCGCAGCAAAGGAAGTGATAGAATGATTACTTTGCTAATTGCTGTCCCTCTTGCCCTCGCTTTTGCTACGGTAGCCTTTCCAAAGGCAAGCAAGTACATCTTACCAATCGCCCTTATATTTAATCTAGTTTTGCTTTTCGGATTCTTGAAGCCAGGCACGTTGGTTCAAGTTGGTAATTGGCCCGCTGCTTATGGTATAGCACTTTTGCTTGATAATGTGAATTATCCATTCCTTTTATTCGT
CP126501.1_gap2	109532	111867	2335	TTGCTGCCTCAGCTCTCGTTTCTTTTCTAACAAACTCAGGACAGCGGCTTGATCTCAGGATCGTTCCTCCGCGCTCCATTATTCCACCAACGGAGGCAAATGTCATAGGCTCAATATCTTCATCAAGCAGACCAGCGTAACCTCTCTTAATGCCGTAGACTTCTAAACCGGACTTGATACCATATCTAACAACTGCACGAATAGCGGCATTCATACCTGGTGAATCTCCACCGCTCGTCATAACGGCTATCCTTTTCAATCCAATCGCCTCCTCGCATCAGCATTTCAAACAAAAAAGCATTTTAAATTATATCATAACGGTAATGATTAGTCTACAAGTTATTGCTACTTGTTGCACTTTTTTTCTTATTTATGCTCTCTTTTCTTTCTTACTCTACTTGTCTTCCCTTCAGCCATATCGTGCGAGCGTTTCAGTGCCTGTACGACATGATAATTCACAGTGCCGCGTGGATATTCGTAGTTTTTTGTCATCACACCAGCAGGTTTGTCAGTCATCAATTCTATAGCTTCATCTACGTCATCTGCTGTCCATATGTGGAATTGTCCTGCTTTTATCGCTTCAATTATTTCATCACTCAGAACAAGGTTCCTTATATTCGCCCTTGGGATGATTACTCCTTGATTACCTGTAAGTCCCTTAAGTTTACATATCCTGTAGAAACCTTCAACCTTTTCGGTGACTCCACCCACTGGCTGAATGTGTCCGTGCTGATTGATAGAACCTGTAACTGCTATGCTCTGTTTTAAAGGTATTTTCGATATGGCTGAAATTATCGCAAGAACCTCTGCCAAAGAAGCACTGTCACCTTCCACATAACCATAAACTTGTTCAAAGGATATTGAAACACCTATTGAGAAAGGAACCTTTCGAGCATACTTACTGCCCAGATAACCTGTTAAAATCATTACTGCCTTGCTGTGTATCTGCCCGCTCAAATCAGCTTCCCTCTGAATATCCAAAATTCCAGAACTGCCGAGGTAAGTTTTTGCGGTGATTCTAACCGGAAGTCCGAATTCGAAATCACCGAAATTAACTACTGTAAGACCGTTGACTTGTCCAACTACCTTACCGCTAACATCTATTATTAAATCTTCTTTTCTGAACATATCATCGTACTTTTCAACGATAAGTTTTAACCGATCTTCTCTTTCAGTTAGTGCCTGATGTACATCCGTATACTCTATAAATTTTGAATTCCTTTTTTGAGCAAAGAAGTTCGCCTCCTCTAACAGATCAATAATAGAACCGAGCTTCATGGAAAGCTTCGTTCTATCTCCGGAAAGCCTCATCGAGTACCATAAAACTTTATTAAGCGCACTCTTTTTGGCGGGCAGGATTTCATTTTCTTTTGTGTAGTCTGCTATAAAAGAAATAAGATCTTTAACGTTTTCAACGGTCGTGTCAAGTTCCCAGTCAAGTTCAACTTTAATCTTAAACAGCTTTTCAAAATCTGGATCATATTCGTACAGAAGTTCATATATTTCAGGAGTTCCAACCAATATAACTTTTAATTTCAGGGGAACTGGTTCTGTCTTGAGAGTCGCTATCGTAGAATAGCCATACGCAGTGTCAATATTCTCAACCTCAATCTGACCTGAGAAAAGCACCTTCTTAAGTCTGTCCCAAACAAAAGGATGCACTAATAGTTCACGTGCATCGAGGATCAAATAACCACCATTTGCTTTGTGAATGCTCCCTGGACGTATCATCGTGAAATCTGTATAGAGCATCCCTTCTCGTTCAATGTATTCAATCTTGCCGAAAAGGTTGTGATAAGTCGGTGTGTCTTCAAAGACAACCGGCGCTGTGTTCAAACCGGAGTTATCAACAATCAAGTTAACACTGTAAGCTCTTCTAAAGTAGTACTCCAGTTCTTGCAACTTCTTTGTCGATGTCACCTTGTCGATAATATCTTCTTTAATTTTATGGATATACTCTTTCACATCACTGTATGGATATTTATTCTCTATCGCTGAGAAGAACTCTTCTGTTGCGAAGAGAAGCGCATACCTATTTAAATCCCGCACGCGTTCTTTATAGACACTCTCGAGTTTTCTGACGTTTTCAACTGCTGCATCTATGAGAAGCTGAACTTTTCTCTCGTTTTCTTCATAAAACTTCTTTTCCTCGTCGCTCAGGTTAATGTATTCCTCTTCCTTTATGACTTTTCCATCTTTCAGTGGGTAATAATTGACACCTGTTGCGGTTAGCTTTATAAGATAACCGAGTTTCTGTGCTTTCTCAATTAGCTCTCTTGTATATCTTTCCTGTTCAGCTTCAAATTCCTCATCTATTTCTTTTCTTCGGACTTTG
CP126501.1_gap3	270827	272414	1587	GTTTGAAAAGACTTATAGGTGCACTGCTTATGATTTATGGTGTTAGTTATCTAAAAAAGGGAGATAATATAGCGATCTCTTACAAGAATATTTTCAAAAGCAAGGGTGCGGTTGCTATGATATTGGCATCGAGCTTGATGGCAGTTGGAAGGATAATCGACAGGAAGATAACGATAGATGTCTCACCGATAGGGTATTCTGTTGGGATATATTTGATTATAAGTCTCTACATACTACTTTACGGTCTCGTTAGAAAGAATAAACCAGTAGAGTATTTCAATCTCGTAAGAGAAAAATGGTTATACTTAATCCTCGGTGGAATATGTAATGCATATTCTTACGTTGCGCTTCTCAAAGCCTTCAACTACTTCGGCGTGAGTGTAGCTGAGCCACTTTCGATGTTGTCAGTCTTTGTCACGATGTTCTTTGCAAAGGTTTTCTTAAAAGAAAAGATAGGAGTCAGAGTCATAGCTGCGGTTCTGCTGTTTTTTGGAAGTATCTTAATATATTAAAAGCACCACTTTTTTCAGTGGTGCTCTTCTAAATCATGTATTTATCTACGTAAATGTCCACGGTTAGAGGCACTCTGAGCTTAACAGCGTTTTCCATCTCAAATTTCACAATTTCTTTCATTATCTCAACCTCGTCTTCAGGAACTTCAAAAACAAGTTCGTCGTGTACTTGTAATATCATCAAGCTCTTCAAATTTTCTTTTTTCATTCTTTCGTATATATTAATCATCGCTATCTTCATTATATCTGCTGCTGTTCCTTGTATCGGTGTGTTTATCGCGATTCTTTCACCTTCTGCCCGGATATTTTGATCCTTTGAATTGATCTGTGGTATCTCCCGGCGTCTTCCAAATAAAGTTTTTACATATCCGTTCTTCCTCGCAAATTCTTTTGTCGTTGCTATATATTCCTGTACGTTCTTATATGTTTCGAGATATGCCTCTATTACTTTTCTTGTCTCTTTTACATCCATTCCAAGCCTTTTTGCCAAGCCATAAGGTGATACGCCGTACACTATGGCAAAGTTGATCATCTTCCCAACGCGCCTCATACTGTCTGTAACGAATTCCTCACTAACATTGAAAATCTTCTTCGCACTTTCTAAGTGGATATCTTTGTCTTCTCTAAACGCTCTTATCAACTCCGGATCCTCGCTTATGTGTGCAAGCACGCGCAATTCAATTTGGGAATAATCGGCCCCCAAGAGCCACCAGCCTTCTTTTTGTGGCCTTACCGCCATCCTTATTTCCTTACCTTCGTCAGTTCTTCCCGGCAGGTTTTGGAGATTTGGATCCGAGCTACTCAACCGTCCCGTTGCCGTACCAGTTTGATTGAATGATGCGTGCACCCTGCCAGTGTACTTGTTAACCATGGATGGAATCGCATCAACATATGTACTCTTGAGTTTCTGGATTTTTCGATACTCGAGTAGTAGCTTCGCTATTTCATAATCACCTGCAAGGTTCTCAAGTACTTCGACATCTGTTGAGTAAGCACCAGTGCTTGTTGACTTTACAGCAGGTAGGTTGAGTTTCTCGAATAGTATATATCCAACCTGCTTAGGTGAATTTAGATT
CP126501.1_gap4	306156	309669	3513	AGCTGAGTTAGCTAATGTTATAAAGTCGATGGAGTATTTACTTACAGACGAAACTGGTAATCCAATAGTAAGTCCAGAAGAGATTAAAAAGCTTGTGATTGAAAAGAGGAACGAAATGGGTAAGGTAATATATCAAGATGATATAGGTACAGTAATCTCTCCCGTGTACGAATTCGAAACTTCAGGTCAGAAATATTACATTCTCAGTGGTTACGCTGTTGGTTATGGTGGGAATGTCGTTACAATGGCAGCATTCAAATATGATAGGAACGAGCTATCACTAAGTTCGATAAAAGTCCTTGACTATTCGCAAGAGACACCAGGACTTGGTGCTAAGATCTCCGAAGAGAGCATCCAAAAAAGATTTTTCCCAATTCCAGAAGAGGGACTGAAAGCTGGGTTAAAGGTGGATAAAGATGCAGGTAAACAATCTGTAGACCCTGATGAAGCAAAACTTGAAGGTGTAGTAAAAGTGTCAGATGTCATGACTGGTGCGACGATCACACCGAGGGCTGTTGTGAATTCTCTGAATACAATGTATAAATTCTTGAGAGAAAAAGAATTAGGAGGTGAACAGTGATGGCCTCCAAGCTCTCAGAGTTCACGAAAGGTATAATAAAAGATAACCCAACGTATGTTCAAGTTCTCGGCATGTGTCCTACGCTTGCTACGACTACAAGCGCCAAGAATGGTTTTGGTATGGGAATTGCTGCGACGGTAGTTCTCGTGATGTCAAATGTTGTTATATCAGCCATACGGAAAACAGTTCCTGATAAGATACGAATCCCGATATTTATAACTGTAATTGCTACATTCGTTACGATAGTAGACCTCTTGATGCATGCATTTACGTACGAGCTGTGGAAAACGCTTGGATTATTCATTCCGCTTATTGTTGTCAACTGTATAATAATGGGACGTGCGGAAGCTTACGCTTCAAAGCACGGTGTTGTAGATTCATTACTGGATGGTCTTGGCATGGGGGTTGGATTTACATTGAGTTTAACATTGCTTGGAAGCATTAGAGAATTGCTCGGAAATGGTACAATTTTCGATGTAGAAATATGGGGAAAGGCGTTCAATATGTTTGTTATGATACTTCCACCTGGGGCGTATCTCACACTCGGTTTGCTTGCAGCTCTCTTTGCGGCAATATCTATAAACAACCAAGAAAGGGCAAAGAAAAAAGCACAACAGGAAGCACAAAAAGCGCAACCCGCACAGAAGGCTGGTGAATCGAAATGAAGTTGTTCCTTATATTATTGTCCGCAATGTTAGTTAACAATTATGTTTTTGTTAGATTCCTTGGTATATGTCCGTTCTTAGGTGTGTCACGAAAAACATCAACTGCGCTCGGTATGGGCTTTGCGGTGATTTTTGTTCTCGTAATGTCATCAGCAATTTCTTGGTCACTCGATTTGCTTCTAATAAGGCTTCACTTAGAATTTTTGAGAACAATAGTCTTCATATTAGTTATCGCGACTTTCGTACAATTTGTTGAGGCATTCTTGAAAAAGAATAACCCAACGCTCTACGAAGCTCTCGGTATTTATCTTCCTCTGATTACAACGAACTGTATAATACTCGGAATTGCGATTGTAAATAGCTTATCGAAGTATAACTTGTTAGAAGCTGTATTCAACGCCCTTGGTGCTGGCATTGGATTCCTGATAGCGCTGTTGATTTTCGCTGGTATAAGGGAAAAGCTTGACTTGTACGATGTGCCAAGACCATTTCTTAACCTGCCGATATCTATGATAACAGCCTCTCTTCTTTCCTTAGCGTTCATGGGATTCCAGGGCATGATTAAGTAATTTCTTAGTAAATATATAGAATAGCGAAGTTCCGGGGTGACCCCGGAACTTTTTATGTATTTAACATTTTTTGGAAAGAAAGTTTTCTGATCATTCAAAAAGTATAGGATTTGTGGTAAAATAATATGATGCAAATAAGGAGCGAATTAAATGGAGGTGCACATATGAGTGTGAAAGAATGGAAAAAGGTGCTTTTTGGTAAGGAATGGACATTCCAACACGGTAAAGTTGCTAAGCAGTCCGCTGGTTCTATTTGGGCGAGGTTTGGTGACAGTGTTGTTTTGGCAACCGTGAATGTTTCTGACAATATTGTTGAGGGTATCGACTTTGTTCCTTTAACCGTTGAGTTTATGGAGAAGTTCTATGCAGCAGGTAAGATACCTGGAGGTTTTGTTAAAAGAGAAGGGAAGCCTTCAGAAAGCGGAATCCTTTCTTCAAGGCTTATAGATAGACCTATTAGGCCACTCTTTCCAAAGAGACTAAGAAACGAAGTCCAAGTTATTGTAACTGTTCTATCGGTTGATCCTGATTGTCCAGCAGATGTACTTGGAATATCTGCCGCGTCTCTTACATTAAATATTTCAAAAATACCATTTGACGGTATTGCCGCCGGTGTCCAAGTTGGTTATGTCGATGGTGAGTTCATAGTCTTTCCGACAGTCGAACAACTTGAAAGAAGTAAGATAGATATCGTCGTTGCTGGAACTAAAGACGCTATCACAATGGTTGAAGGTGAAGCAAAAGAGGTAAGCGAGGACGAGATGCTCAAAGCACTAATGGTTGCGCATGAAGCAATCAAGGAAATTGTCGCGTTCCAAGAGGAAATTTTGAAAGAGTTCCAGATTGAGAAAATGCCTCTTCCAGAGCCCAAATACAACGTTGAGCTCGTTGAAAAATTCGCAGAATATGTAGATATGAACGAGCTTGAAAAGAGGATATTTATCCGTGGAAAACAGGAACGAGCTGAGATGGCTGATGACTACTATGAAAGTATAGTTCAAAAATTCTTTGGGGATAACAATATATGCGAAGAAGAGCAGGAAGAATATAAGATACCATTGAAAGAAAAGTATGATGAATTATCCAAGAAACTCATGAGAAAGATAATTATTGAACGTGGAATGAGGGCAGACGGGAGAGGACCAAAAGACATTAGACCAATTACATGTGAAGTCGGCCTTTTACCAAGAACCCACGGTTCTTCACTTTTCACACGAGGTGAAACACAGAGTCTCGGTATAGTAACGCTCGGTTCTCCTGCAGAAGAACAGATCATCGACACACTCGTTGAAGAAGGGACGAAAAGGTTCATACTTCACTATAACTTCCCGCCATTCTCGACAGGTGAAGTAAAACCGCTTAGAGGCACGAGCAGAAGAGAAATTGGACATGGTCATCTTGCTGAACGGGCGGTAAAAGCTATTATACCGTCAGAAGATGAATTCCCATACGTTATAAGGGTTGTATCTGAGATACTTGAATCTAACGGTTCATCGTCGATGGCAACTGTATGTTCCGCTTCATTAGCACTAATGGATGCAGGAGTTCCCGTGAAGAAACATGTTGCAGGAGTTGCGATGGGGTTGGTACTTGAAGGTGATAAGTCAGTTGTGCTTACAGATATTCTCGGGCTTGAAGACCACTGGGGAGATATGGATTTTAAAGTCGCGGGAACAAACGATGGTATAACAGCATTTCA
CP126501.1_gap5	392903	395628	2725	CTTTAACGGGGCTGGAACAGGAGCATTGTCTGTTTTCTTCCTAATTGCAGCCAAAAGAACTATTGCAAGCCACCAGCCAATTCCGCTGCCTAAACCAAAAAAGACTGACTGGATGAAAGAATAATTGCGCAGTTGCATGAAAAGTGCAACACCAAGGATAGCACAGTTAACTGTTATTAATGGTAAGAATATACCAAGGACCATATAAAGTGTTGGTGAAACTCTATCGATTATCATCTCGAGAACCTGAACAACAGCCGCGATGACGATTATATAAACTATGTATCTAAGATAACCTAAATCAAGTGGTTGAATTATGTACTTCTCTATCAACCAGTTCAGAGCCGTGGTCACGGTCATAACAAGCGTAACAGCAACGCCCAGTCCGTTAGAAGACTTGAGGTCTTTTGAAATAGATATAAAAGAACACATCCCTAAGAAGTTTGTTAATAATATATTGCTTGTAAGGATAGATGCAAAGAAGAGAATTAATGGGTTTATGTTAGGAATTAAACCTGTCATCTTTTATCACCCCCTACTTGTGCTGGCTGTTGTACGCTTTGTCTCGATGTCTGAATATCTTTCTTTATCTGTGCACCTCTCACTATCCAAATAAAAGCAGCAAGTACGAAAAATGCACTTGGTGGCATTACCATAATTGTCCACTTTGTAAAGGAATCAGGTAGAACTGGAAATCCTAAGATTGTACCAAATCCGAGAAGCTCCCTGAAGAAAGCAACGGTGACAAGCACCAACATATATCCGAGACCGGCTGTGAAACCATCCCAGAACGAGATTAGAGGCTTGTTTCCTTGCGCAAACGCTTCTGCACGTCCCATTATGATGCAGTTGGTAATTATCAATCCAACATATGGACCAAGAGCTTTACTAACCTCAGGTACGTACGCCCTCAGTATTATATCAACGACAATCACATAGAATGAGATCACAAGAACCTGAGTGATCATCCTGACCTTTCGAGGTATGATGTTCCTTATCATTGAGATAGTGAGATTTGACAGGGCGGTAACGAGAGTAACACCTATAGTCATAATAAGTGTGTTGCGCAGATTGTTTGTGACTGCTAAAGTAGAACAGATTCCTAATATTTGAACAAAAACAGGATTTTCAAGCCAAAAGTTGTTCTTGAAAATCTTCTTGAAATCTGACATATCACTTCACCCCCAACAATTCTTTTAAAATGGGGATATAAGTTGCTATGATTTTCTCAATAGATTTTGAAGTCAAAGTTGCACCTGTTATTGCATCGACTTGACCATCGTCTTTTGTTTCACTCACTTTTGTTGTTGATACGATGATTCTATCATTCACAAGACTTTCGTTTTTAAATTGATCCTTAAACCAACTTTCTTCGATTCTACCACCAAGTCCCGGTGTTTCACTTTGAGATATGAAATCTATACCTACTATTTTTGAGACGTCTTTATTCACAGCCAAAACACCGGAGATATTTCCCCAAAGACCACTTCCGTTGAATAAAATAGCATATACTTCGTCACCGTTAACAACAGCGGAAAATAAGGTATACGAACCTACATTTTCAACCTTAACTTGCGATTTATATATCTCCAATGCCTCTTCATTCGATTTATAACTTATCCCCATTGCATTCAAAACAGCCCTTACTGTAAACAATTCTTGATTGATCTTTACCTTTGACGTTGTTAAGTAATTCAAACCAGAAAGTACAAATACAAAAACAAAAGATATAACAAAAGTAAAAATCACGGTATAAATTTTACTCTCCCTGTCAAATTTCATGCTCCCACCTTCTTTGCTTCAGGAACGGATTTTTTCACTTTTTTCTCTTTTATAATTTCATCAAGAAGTGGTGCGAATACATTTCCTATTAAGATCGCGAAACTCCATCCCTCAGAGAATAGTGAGAACGTCCTTATAATAACACCGCTTACACCTATTATCATTCCATAAATCCACTGCGATTTAACCTTCTTTGGTGCAGTTATTGGCTCTGTTGCCATAAAGACTGTTACAAAAATCAAACTACCAGACATGATAGCAGGTAATGTTGGCAGTGCCTTGGGCACGTTGAGAATGTCTAAGAAGAACGTTAACAATGCAGCAGCGCCATATGTGGAGAGCATAAGCCTCCAGCTTGCTGTCTTTGTGTAGATTAAATATACAGCAGCTGCCAGAATCAGAAAGACAGGCGCCTCACCAAAAGAGCCAGCGCGCCAACCCAAGAATAAATCTAAAATATTAACTAGACCGTTCTCTCTTAATATCTGCAAAGGCGTCGCGGAAGTAATGGAATCAAGACCAAGAATGGAAGGTCTGACCCAATTCGTAGTCATGTAGACTGGAAAGGTTATATATATAAACAACCTTCCAACAATAGCGGGATTAAAAACGTTCCTTCCAAAACCGCCATATACTTCTTTACCAAAAGCCACTCCAAACGCAATTCCAAGCGCTGCTACCCAGAATGGAACCTTTGGAGGAAGCGAAAGCAAAAACAACATTGCCGTGACAAGAACAGCTTCACTAACAGGTTTGTTTTTGTTCCTTTCAAATGCGTATTCAACCAAAATGGCAACGCCAAACACAACCACGGCATTAATCAAAACTGTGAAACCGTAAGCAAATACAGAGAACAATAAAATAGGCAATAGAGCATACAACATCTTTCTCATCATGGGTTGCTTCTGAAAAAAGCTCTTTGCCATAGCACCACCCCTTTCTG
CP126501.1_gap6	432788	437653	4865	TTTCGTCAGAGTTAACGCAAAAGGAATTGAAATTCTCAGTCAAATCCTTAGTGCCAGTTCCTTCGAGTTCAGAAACTGATGAAGGAGAAAAACAAATAGTTCAAATTCCGAGTACACAGCAAACTACTATACAGACTACACCACAAACCACGACCAATAAAGAGACTGAAACATCTGAAAAAAATTATCCATCTCAAGAAAAGCCTTCAGAACCTGAACCAACGATTGTTAAACCAACAGTAACACAACCAGTTCAGAAAACCCCGAAGCTCTATGAGCTCGTGTGGAAGGTAGTGCTAAGCGATGATGTCTTTGGAAAGCCTGCCGTTAAGGATAACGTTGCCTATGTACCTACTTTGAAAGGAAATCTCTTATCAATATCGAACGGAAAGATAAATTGGACTTACAAGGCATCTTTTGTAGTCGTTGGGCATGTAACGGTTGGAGAACATATATATCTTGCCTCATGGGATGACAACATTTACGCTGTTGACGAAAAGGGAAGTTTAAAGTGGAAATTAGCGCTTGATGGCGATATTTCACAAGGACCCGCATGGGATGGGTATTATTTGTATGTTGTTACGGATAATGGCACAGTCTATGTTTTAAAAGACAATATAAGAAATGCTTCCATAGTTTCATCATATAGAACAGCTTCATACCCAGTAGTTCCACCGTCTGTGTCACTGTCAGGAAAAATATTTGTAGTAGATGGTGTAGGTAACTTATGGCGAGATAAATCTGTTCAATCTTTTGTAGGGAAAGTAAAGAATCTGCCGGTAGTTTCTGAAACTCCGTATATCAGCCAGCAACTCGGATTCACCCTATATGATGATATGGGCGTTAGTTACGAATTTGTTCCTATGGTAAAAGAAACACAGATTCTCAGAGGAAAATCAGTATTCATGACCATAAACGAAGAGGTAACAGATGCGGTCGTAAGTAAAGAAAAGCTTTACATAATGACTTCATCTGGCAAGTTGCTTATTATAGACAAAAGTACAAAAAAGACCCTCTTTTCTGATACAGTTCCTAACGGCAAGTACATAAGTCTGAGCAATGGGTATCTTTACGCATTCGGAAAAGAAGTAAGAAGCTACTATGTTAACGATACACCTGCCGGTTTCTGGAACAGTTTATTTGCAAATCCATTGAACTGGAATTCTGGAGTTAAATAATGTGGGTGAGACTTTGAGATTCCTCGGCGAGTTTTCTTATTATGCTGTGGCTGTACCAGTTTATAGAGATAGTTTTCTGTTCGAAGTAAGGGCAGAAAATATATCTCAACCACTTGAGGTATCTTTCCCAGGAGGAAGAATAGAAGAATACGAAACACCAAAAGATGCCGCTTTGAGAGAACTAAGAGAAGAACTTGGTATCACGAATTGTAAACTAATACGTGACTTAGAGCCTTTAATAACACCTTTTAATACTGTTATATTTCCATTTTTGGTCTCATTAGAAATTGATGAATTAAAAATCAATCATGAAGAAGTCAAGGAGACTTTTTTTGCACCTATCGACAATTTTGGAGAACCATATGCTGTAGGTTATGTAGATGTGGATTTGAGACCAAGAGAAGATTTTCCATTTTCTCTTATACTTTATGGTGAAGATTATCCTTGGAAGAAAGGGATTTATAAGGTACTTTTTTATAAATACAATAATTATGTAATATGGGGGCTTACAGCACGTATAGCTCAAAGAGCTTACGAAGTCTTGAGAAAATCTGAAATTTGATTCTTCGGGGGGATAGGGGTATGTATTTTAGCACCAAGTCGGCGGTGATAGTTGGTATAAGCCCTTTGCTCGTGACAGTCGAGGTTGATATAAATTCAAGGAGTGTCAAGCGAGATATAAACATAGTTGGATTGCCAGATGCAGCGGTTAAAGAGAGTAAGCAAAGAATTCTCAGCGCGTTTAAAAACTCGAACATCTTGATTCCTGATGGATTAATAACTGTTAATCTTGCGCCAAGCGATGTCAAAAAAGAGGGAACCTACCTTGATTTAGCAATCGCTTTAGCGATACTTGGTGCGAATAAATATATTCCTACGCTCGATATGATTGTTCTTGGAGAACTTGGACTTGAGGGAAATATCAGAAAAGTTAAAGGCGTCCTTCCTATTCTGTTAGAATTCAGCCAGCCTGACACAACATTCATAATACCTTATGACAACATTCCTGAAGCATCAGCAACAAAAAGTAAGTTTCTTGCGTTTAAAAACTTATACGATACTGTCGTTTCACTCCGCAATGGGAATTACCAGCCTCCGCAGCACTCCATTCCAAGTATTGAGAAATCACAATCTGAAGTCGATTTTTCAGACATAAGGGGCCACATAATGCCAAAGAGAGCACTTGAAGTGGCGGCAGCTGGTGGGCATAATGTCTTGATGGTTGGACCTCCGGGAACTGGCAAAACTATGTTTGCAAGAAGATTTTCAACAATATTACCCCCGCTAAGTGAACAAGAAAAGATAGAAATATCGAAGATTTACAGTGCAGTGGGTTTACTCGATTCCAAACTAATTGAAGAACGTCCTTTTAGAAGCCCACACCACACCTCTAGCGCAGTAGCCATAATTGGTGGTGGAACAAACGTTAAACCTGGGGAAGTAACGTTAGCTCACAACGGGGTACTTTTTTTGGATGAACTACCAGAATTTCGCAGGGATGTCTTAGAAGCACTTAGAGAACCTCTTGAAGATGGTGTTGTTACAGTTTCAAGATCAAAAGCAACTCACGTTTTTCCAGCCAGTTTTCAGTTCATCGCCGCTATGAACCCTTGTCCCTGTGGTCATTATGGTGACAAAGAAGTAGCTTGTAAGTGTTCTCCATACGAAATCAGAAGATATTGGAAAAACATATCAGGTCCTATTCTTGATAGAATAGATATACAAATTCAAATACCGCGAATAACATTTGAAGAAATGCGAGGTAAAACAAATATTGCTGCAGAATCAAGTGAAACTATACGGGAACGTGTTATTAAGGCACGCGAAATTCAAAACACAAGGTATAAGGATGAAAGAATAAAGCTTAACGCAAAGCTAACCCATAAAATGGTTGAAAAGTACATAATCCTCGAAGAAAACGCCGAAGAATTTCTGAAAGAATATTCCAAGAAATTTAGATTGTCTGGAAGAGCGATAGATAAGATACTTAAAGTCGCGCGAACGATTGCTGATCTTAACAACAGTGAACGGATTGATAAATTAGCTATAAGTGAAGCTGTGCAATATCGACTCAACAATATGGAATTAGAGTTTATATTATAAGACAAAGGGGGATTTTGAATGTCAAAAGTTGAAGAACTTAAAACATACTATCGCAAAGCCGAGATGTTTGAAAGTGCCGTTTCACTCATGTACTGGGATATGAGAACTTACATGCCACCTGATGCCGCACAATATCGTGCCAAAGCTTTCTCAGATATAAGTACATACGTGTTTAAACTTCTCATATCTGATGAATTAGAAAAACTTCTTGAAGAATCGGTGCCGAGCAATGATATTGAAGAGAAGATAATAAAGTTAGGTAAGAAAGAATATTATAGATATAAAAAGATACCGCCTGAGATGTTTGAAGAAATGATGCAACTAAGTACACTCTTAGAACACAGATGGGAAACAGAAAAGTTTACAGGCAATTACCAAGAACTCTATCCACTCTTTCAAAAATTGGTAGATTTGAACAAGAAATATGCAGAACTTCTTGGATATGAGACAGAACCATATGATGCGCTACTTGATCTTTACGAACCAGGAGTAAAAGCGAAAGAAATAGAAAAAGTATTTTCTGAAATAAAGATCTTTATCCAAGATGTTCTGAAGAAAATAGAATCTGCCGAGAAATTCGAAGATCCGTTCAACAGAACATTTGAAATAGAAAAACAAAAAGTGTTCAACCATTGGTTGTTGCAATACTTAGGATACGATTTTAAAAAGGGACGTCTCGATGTCTCAACTCATCCATTTACCAATCCCGTTGGGCTTAACGACGTTAGAATAACAACCAGGTACTTTGAAGAGGACATAAAAAACTCAATATACTCTACGATACACGAATTTGGTCATGCACTTTATTCACTTTCGATTCCTGAAGAGTTCTATGGATTGCCAATTGGCGCAAGTGCATCTTACGGTTTTGACGAAAGTCAATCACGATTTTGGGAAAACATAGTCGGTAGGAGTCTATCATTCTGGAAAAGTGTTTATGATAAATTCACTGAAATATTCCCGGAAATGAAGACATATACACCTGAAGACTTGTGGAGAGGTGCAAATAACGTTAGAAGATCCTATATTAGAACGGAAGCCGATGAAGTAACCTACAATCTGCACATAATACTCAGGTTCGAAATTGAGAGGGACCTAATAAATGGTAAAATCTTTGCAAAGGACATTCCAGAAATATGGAATGAGAGATTTGAAAATTACTTTGGTTTGAAAGTGCCAAGCAACACATTCGGATGTATGCAAGATCCACACTGGTTTGGCGGTTCGTTTGGATATTTCCCAACTTATGCACTCGGAAACTTCTATTCAGCGCAGATTTACGAAAAAATGAAGGAAGAAATAGAGTTTGAAAGTGTCGTGGAAGAAGGTAGATTTGATGTCATAGCCAAATTTTTGAAGGAAAGTGTCCATTCGAAGGGTAGGCTATACGAACCAATGGAATTAATCCATATTGTTACTGGTAAGCCCTTTAGCGCGTCTCCTTTCATTGATTATATAGGAGACAAGTATTCAAAGATCTATAATATTCAAATTTAGCGCTTCTAAAATTCCTTTGTCGAACAAAATCAAAAAAGCTCGGTAAATGCCGAGCTTTTTTATTAAAAACAAAATTACTTGACAACT
CP126501.1_gap7	444734	447225	2491	AACCCTGCAAAAACAGTTGTCGAAGTCAAAAGGTTAGTTGAACAGGATAAAGTCTTTGCAATAGTTGGTGGACTTGGTACTTACGGTTGTTTGGCGGTAATGGACTACCTTGAACAGAACAAAGTTCCATTCGTATACCAAGGTGCAGGAACATCGAAGCTTGTGTTTCCACCAAAAAGGTACATATTTGGTGTTCAACCAGACTACACACTTGAAGGAACCCTGATTGCAAAGTACGTTGGTGAAATTGCAAAGTTTAAAGCTCCTGCAATAGTTTATATGAACAACGACATAGGCTTGGAAGGGTATGCAGCGTTCAAAGAGAGACTTTCGACTTACAAAATGACGCCATCTGTTGAAATATCATACAACCCAGCAGATACTGATTACAGCGGTCCGGTCATAAAGCTTGTTGAAAAGAACCCAGATGTAATAGTGATTTACGGATTGATAACAGATACCATAAGATGGATAAAGACAATAAGAGATTACGGTCTTGATAGCAAAATCATAACGATTTACCCAAATGCTGATCCATCCTTCATAAAGCTTGCTGGAAAATATGCCGAAGGTGTAATATTTACTGGTTGGGTACCACTGGCAACTCCAGACAGACCAGATTTTGTTAGAGACTACCAAAGAGCCATTTCTATTTTCCAACAGACATACCCAAAAGAAATTCCATCATCTTACGCAGTTGCAGGATTTATCGCAGCTGAAGTCTTCACCGAAGGTTTGGTGAGAGCAGGCAAAAACTTAACAAGAGAAGGCTTAGTGAAAGCACTTGAAAGCTTCAAGAACTGGGATGGAATATTATCAAAAGATATTACTTGGGGTCCCAACTTGAGAAGAGGTAAAACATCAATGTACTTTATGGTAGTAAAGAATGGGCAATTTGTCCCACTTACCGATCTCATTAGACCATAATTATTTTTCGTGGTTCAAAACAGGATTTAGATATTTCCCGCGGGCTATTTAAAATGCCCGCGGGTTTTGAAAAGATTAAAAAAATAGTATCGGGAGTTGGTGCTTGATGCTTAGGCTTGAGAATATAACTGTTAGATTCAGCGGACTTGTGGCTGTTGATAATTTATCTATGATCGTTAAAGATAGAACTATTCATTCATTGATAGGTCCTAACGGTGCAGGTAAGACAACCGTTTTTAACGCTATTTCTGGCTTAGTAAAGCATGATGGAAGGATTTTCTTGGATGAATACGAACTGACGAAACTGCCGGTTCATAAAAGGGTTTACTACGGAATAGGCAGAAGTTTCCAAAATATTATCATATTCAAATATCTTACCGTTCTTCAGAACTTGATGCTTGGAATTCATCCCCACTTGGACTATACGTTTTTTGACAGTGTTTTTGAGACATCAAAATTCTCGACATACGAGAGAAAAGCACGACTAAAAGCTATCGAAGTAGCCGACATTCTCGGTATTAAGAGTATTCTTGGAGTGTACGCGGGTACGCTGCCATATGGTTACCAGAAATTAATAGATGTTGGTCGAGCACTTATGAGTGAGCCAAAAATAATCCTTCTCGACGAACCAGCAGCTGGTTTGACTGAGAAGGAATCAGATATATTTAAAGAAAAGATTTTAAAGATAAAGGAAGCAGGGCTAACTACTTTCCTAATTGAACACGACATGCGCATGGTGTTTGATATATCGGATAAAATAACTGTTATTAATTTTGGAAAGAAAATAGCTGAAGGTATGCCGAACGAGATTGTTAAGTCCCCAGAGGTAATAAGTGCTTATCTTGGAACTGAGATAACTCAACCTTGAGCTGCTGTAGATTTGTGAGGTGAAAAGTTGATGGCTAACGATTTAACAATTAAGAACCTTAACGTGTGGTACGGTCCTGTTTATGCTGTTAAAGGCATCGATATTAGAATTGCTGAAGGCAGTATAACAGCAATTTTTGGAGCAAATGGCGCAGGAAAAAGCTCGACTCTTAAAGCTATAGCTGGCGGTATAAAGTATCAAGGAAACATTTACATTGGCGAGAACGCCATAGATAATTTGCCGGTACATCAAAGAGTCAGAAGAGGCATTGTCCTCTGTCCAGAAGGCAGGGGAATTTTTTACAACATGACCGTAAAGGAAAACCTCTTGGCTGGTGCTTATACAAATTCCAGGTCAAATTTTGACATAGCATTCAGTGTTTTTCCATTCCTGAAAGAAAGATTAAATCAAATAGCTGGGACACTTTCTGGAGGAGAACAGCAAATGCTTGCAATAGCAAGGGCTCTTATGGCTAATCCGAAATATCTTCTTTTGGACGAACCTTCACTTGGACTCGCACCAATTATCATTCAGAAAATTGCCGAGGTTATAAGACATATAAATGAAACGCTGAAGATTACGGTTGTTCTAGTTGAGCAAAATACTTCTTTAGCGTTGAATCTTGCACAGTATGGGTACGTATTAGAAAATGGACGAGTGGCACTTCATGGCAAATCAAATGAACTGAAGAACAAT
CP126501.1_gap8	484706	487117	2411	CTGAAAAGCGTTCCATCACTCTTATACGTATTCGAAAAAGTTTCTTCGGGTGATTTGACCCACCGAGCTGCTTCCGATTCCTTAGATGAGTTTAGAAAAATCGCAACTATGCTGAACATCGCGAATATTGAGATTTCAAAACTCATCGCCGGTTCTAAGGCAACAGCAGAAAAGACAAATCGTACGCTGGATATATTTGAGAAAAAGTTTTCAAATTTTGAAAGTTTATCAAGATCCTTTGTTGAGACCATAGAAAAGCAACAAAGAGACATAGAAAGAATATCTTCTTCAGTAGAAGAGATTAATGCAAACGTCGAAGAGCTTTCACACCAATCGCAAGGTCTCAGCAGCTTGGCATTAAACGCCTCAAATCTTTCCAAGAACTTAGAGGAAAAAGCCTCTGAAGGTAGCAAAGAGCTTGAAAATGTAAGAGAAATTACTTCAGGATTTGTAAAAGAATACGAAGAACTGCGTGATGGAATCGAGAAATTAGCAGACGCAACAAAGAATATCGGGAGTATCATAGAAACGGTAAGGCAGATAGCAGAACAAACAAACTTGCTGGCACTTAACGCAGCAATAGAAGCAGCAAGAGCAGGAGAAGCCGGGAGAGGTTTTGCAGTCGTTGCAGACGAGATTAGGAAGCTCGCCGAACAAACTAAATCGTCTACAGATACCATAACAAGTACGATATCAGCAGTTGATATGTACTCAAAATCACTCGAGGAAAAGATCGAAAAGCTGTACAAAGAAGTCGACGAAACAGAGAAAGGATATAAAAAAGTATCGAGTAGTTTTGAAGAAATATCAAAAGCGATTACAGAACTTGCAAACATAATTGACAACGTTGCTGCGCATTCGCAGGAGCAAACAGCAAGTGCAGAAGAAATGAGAAGTGCTTCGTCTGAAATCGTTCATGGGATCCAGCAAATCGAAGAAAATGGTTCGAATATACTCGAAAGTTCTCATAAGTCCTTAAGTGAAATTCAAAACATCAAGATTGAAATTGAAGAACTGAAGAACAAAGTAAATGACATGATTCGCGAAATTGAGAAATTCAAAGTATAAATTTTTCGTAAAAAAGGGCAGATTTCTTTATCTGCCCTTTTTTATTTATTTCCCGTAATGAAGAGATAGTACCTTTCAGGTTCTATAACTACCGGCGATATTTTGAAATTGTAGTCGCAGTTAACCGAAAGTGCGACCGAATTGTTTTCAGCGTCCTCCCATTTTGCTGCTACCAATTCAGGACCCCATTCGTATGGCTTGCCTGTTTGTAATTCGTTCCCTGGTAAGTTGTACCAGTTATAGTCGCTGAACCTAATCTCAACTTCCGTATTGCCACTTTCAAAGAACGGCTCTTCAATCAACGGATAGTGGTACGTTCCACTGTTGACTGTCAGGTCGTATATCCATATGTCGTACAAGTACTTCACTTTTCCTTCATAATCTTCCAAACCAACAAATTTCCATCTGAAAGCTGGCTTTGTAGATACTTCAGTTGCGCTGTCTGTTGGTTCAACATTCGAAATCTTAACCATTGGCAGTGGTTCAACGCTTCCTAATACCACGCGAGGTCCTTCAATTCCCGAATAGTCTGAACTTACGGCATACCATACTCTTTTGCGTACCTTATTGTTGTACGTATCAATGTAACTCTTCACGTTAGATGGCAGCGTAGTAATCTTAAAAAACTTGTTTCCGTCGTAAGACTTGTAGATGTTGTATCCCGTCGGTTCTTTTGCGAAAAATCTTTGCGTGCTTTCAGACAATGTATACCATTTGATAACGTTGTAGAGATTCGTACGATGGTTTTCAGATGATAATGTGTAGTACTTAGTTGAAGTGTTGAGATGATAAGAATATATAGCTGGCGATGGGTATTCAACTCTATAATAAGATGTCGTCAATTCTGAAAAGCGCCTTATTTCAACGGGAATAATCAATTCAAATCTGTTATCGTTCAAATCATATGCATCTAAAAAAAGGTACGTCTTTCCTGAATGAGCCTCTAGGGATATTTCACCACTCAATCTATCTGATTCGCTGTATAATCTCGGAGCTGTTAAGTACTCAGCGCCTGGCGGTGTTCCAAGCTTTGCATACATGTGCGAAATCCCGAGCTTCGAAGCGGTTGCTTCAGCATCTATATAGATCATTCTGAGATTTAAGAGTTCATATACACCTGACGAGTTGGAGCTATATCTAACAAACATTTTGTCGCTTTCGTAAAGTTTAAAATTTATGCTTATATCGTTATCAATAGCAGCAGAGAATTTCGGCCTTCTCAAAGTCGTGTTAAGGTTAATATCGGAATGTACGTTTAAAAGCCTTATGTCGGTATTGGCAAATCCATCTTTCCTTACACGAATGTCATATGGTCCAGAATATCCTCTCAGAGTAAAAGATAC
CP126501.1_gap9	506470	508841	2371	GAACCTCATAATAGCAGCACTCATACTGACTTTGGGAATAGGCGGAGCAAGCGTTAAAATTGGAAACGTTGAGCTCAAAGGTATGGCATTGGCTGCCATAGTTGGAATAATCGCAAATCTGCTCATACCTGAAAAATTGGAAAAATAATAGAATATAGAATAATGTAGAGATAACCGCATAGAGCCGTGGGGGATTTTTATTCAGAAGAATAAAGAAAAATTTGGTTACTCGAGGGGTTAGGTATGATGAAGACTCTTGGAATTATAGGTGGCGGACAGCTCGGAAAGATGTTGGCATTGAAAGCTAAACAGATGGATCTAAGGGTCGTTGCCCTCGACAAAGACCCAAGCTGTCCGATAGCTTCGTTATGTGATGAATTGATCGTTGGGGATCTGTACGATTCAGAAAAACTTCTCGAACTTGCGAAAAAGTCTGATGTTGTGACGTACGAAATTGAACATACAAGCACGGATGCTCTGAAACGTCTTAAATCAGCTGGATTCAATATAAAACCTTCACCTGAGTTGTTATCACTTATAAACGATAAATACGCACAGAAAACGCACCTTGTTAACAACGGCATACCGACATCGAGGATATTAGGAACAGACGAGGAAATTAAGAAAGACGAGATAGAGAAGTATCTTCCCGTGGTACAAAAATCAAGAAGTGGGGGATACGATGGTAGAGGGGTCGCTGTTTTAAGAGATGTTAGTGACAAGAGAAATATTCTGAGCTCTCCTTCTTACTATGAAGAATACGTGGAAATCGAAAAAGAACTCTCTGTCTTGCTGGTACGCTCCGAATCAGGTGAGATAGCAATCTATCCAATTGTGGAAATGGTCTTCAATAAATCGTCCAACATATTGGACATGCTAATATCACCAGCAAGGATTCCAGATGAGACAGCACAAGAAGCTAAAGAAATTGCATTAAGGGCTTTGGAATCTATTATACCTTTCGGAGCCGTGGGGGTTTTCGCAATTGAGATGTTTTTAACAAAAAACGGCGAGATTTTGGTAAACGAAATAGCGCCCAGGGTTCACAACTCAGGACACCACACAATAGAATCATGCTACACGAGCCAATTCGAACAACATATCCGCGCTATCTTAAACCTACCTCTCGGACTAACTACACAACATTCCCATGCTGTCATGATAAACCTACTCGGCGAACCTGGCTACAAAGGTACTCCAAAAATCATAGGGGTTGAAGAGGTATTCAAAACACCCGGCGCTTATCTACATTTGTACGGTAAGAGATTAACTGCACCATTCAGAAAGATGGGACATATAACCATTGTTGATAAAGATATCAATTCAGCAATAGAGAAGGCGAAGTTTTTAAAAAACAGGGTTAAGATTATTTCGGAATCTTGAATGCTTGCCTTTTTAGGAGGTTAGTACATGGAAAAGCCTATTGTTGGTATAATAATGGGAAGTGATTCTGACTTGAATATAATGAAAGATGCAGCAGAAGTGCTTGAAGAATTCGGTGTACCATATGAGCTGACTATCGTCTCTGCACACAGAACCCCTGAGAGGATGTTCGAATACGCCCGTACAGCCCATGCACGCGGTATAGAAGTTATAATCGCTGGTGCTGGCGGAGCGGCACACCTTCCCGGTATGACCGCTTCTATTACTCCCCTACCTGTAATAGGCGTTCCTATAAAATCATCAAGCCTCGAAGGTCTCGATTCACTACTTTCAATAGTTCAGATGCCCAAAGGCGTCCCTGTCGCCACGGTTGCGATAAACAACGCAAAAAATGCCGGTTTACTCGCTGTCTCAATACTCTCTGTGAAATATCCAGAACTTAGAGAAAAGCTCATCAAATATAAAGAAGATATGCGACGTGACGTTATCAAGAAGGCACAAGATTTGGAAGATATGGGTTATGCCGAATATCTAAAAAGTAAAGAAAGTAAAGAATGAAAAGGGAGTGAAAAAATGGGGGGCGTAGGATTCCTTTACGAAGGTAAAACAAAAATCGTCGAGGCAATAGACGATGATAGCGTTATTTTAACATTTAAGGACGACATCACAGCGGGCGATGGTGCAAAGCACGATGTGATGCAAAAAAAAGGGCAGATGTGTTCTGAGATAACATCGAGGCTCATGCACTATCTCAACACGAAAGGTGTCTACACGATGTTCATGAACTATGTCCCACCAAATAAAATACGCGCGAGAAAGCTCAAGATGATACCACTTGAAGTTATCGTAAGGTTCAAAAAGGCAGGTTCATTTGTAAGAAGATACGGCGGACAAGAAGGAGAAGATTTGCAATCTCCGCTTGTTGAGTTCACATACAAAAGTGATGTCATGCATGACCCACTTATGTGTATCGAACACCTCGAAGTGC
CP126501.1_gap10	559154	559695	541	TAAGGTACGCCATTCTCAGTATCGCTAAGTCGTTCGCCATTTCATCGAGCGTGCCTGTAACAGTTTCGCTTTTTTCCCTTTCTTCGAAGAAGTCACTCTTTGCCATCGCCACTTCCGTGTCTTCGATTGTTATTTCTATATTGTTCTGCGCTTTTTTCATAAGTCCTTCAATAAAGTGCACGTGATCATTTTCCATATTAGCAAGGCCTTCTAAGATATCTTTGATGTCTTTGCTTGAAACCTTTTTTGCCTTCTCTTTGTAGAATTCCCTGCCTTCAATTTCTCTCATTAAAGCAAACCTCAGAATACCGATTATTTTTTCCATGCTCTCACCCCCTCGGAAGTTGTGAAGTCTTGGAAATGGTTATTCTATTCCAAGTATATCATACATCCGCTGGATATATTCCCTTATTTCATACTCAGAAAAATTTCTTGCAAACCTTTTCAGCTCGTTCCCTTCTTCGTCTTGGAAGAGTATCGTCGGTACTGTGAAGACCATGTTTTGACCTGCAACGTCTGGGTTTTGTATTACATCTATAAC
CP126501.1_gap11	561853	563963	2110	GAACTTAATGCTCTCTATAAACTTTTTTGGATACCCGTACCTTGCTCTCACGGTTTCGAGAGTTTGTTTGTCATAGTATTCTAATAGTATTGTCGAGATGGCATAAAAATCACTGACTGATTGGTATCTTTCTTTTATTTTTGGCAAGAATTTGAAGAGTCTTGCAAGTTTTTCATCCATTGTTTGTGTGTAATAAGTTTTCGGAAAGATGTGTTTTATCATGTTCAAATTTGTCATTCTTCTTATAGCTTTCATCGGGTTGTCTTCCTCGAGAATTTTCTCTATCTCCTGCCTTATCCTTGCGCCTGTTACTCTTTCTAAATATCCTCCTTCGAGGTTTTGTTTCAAAACCTCGAGCGTGTGTTCTTCCATTTTGAAGTTGTATCGCATTTCGAATCTTACACCGCGTATCATACGCGTCGGATCCTCGATGAAACTCAAGTTATGTAAGATTCTTATGATTCCCTGCTCAAGGTCCTTCTGACAGTTGAAGAAATCGTATAACATGCCATATTCAGAAGGATTGAGTTTTATGGCCATCGCGTTGATTGTAAAATCTCTTCTGTAAAGGTCTTTTTTTATCGTGCTTATGTCAACTTGTGGAAGCTCAGCTGGTTTTTCATAGTATTCCGTTCTTGCGGTCGCAACGTCTATTTTGAATCCGTCCCTGAATATTACAGATGCCGTGTAGAATTTTTCGTACGGCACAACTATCGCATCAAATTGTTGGCCTATGTATTTTGCAAATTCTATACCGTTTCCCTCAACTACTATATCAACATCGTAGTTCTCTATATCAAGCAACAAATCCCTTACAAATCCACCGACAACGTAGACCGACATCTTCAATTCATTGCCATAAGCTCCAAGCAGTCTGAGAAGATTAACCAGTCTACGAGGTAGTCGTTTGTTCATCAAGTCTTTTATGTTGACAAATGATGGATTGGTTTCTGCCTCACGAATAATTGTTTGGCTGTGTGTTGCTCTAATAATGTCAGACCTTGTAACGATACCGACAAGTATGTTATTTTCGTCAAGTATTGGTATTCGACCAACATCGTTTTCAATCATGAGTTTCTTTAGAGTATTTACCGGAGTTTCGGTCTTTGCTGTGATTAGTTTCGAGCTCATTATTGATTTAATAGGTCTTTTCCCAAGTCCATGGTTTATGGCTTTCTCTACTGTTTTCTTAGTTACTATGCCTACAAGCTTGTTCTCTTCCACTACAGGTATCCCACTGTGACCAGTGACTTCCATTATCCTGTTAACTTGTTCTATCGTTTCTGAGGCCAGAGCAGTTCGAACAGGCGATGACATTATGTCTTTTGCTTTTAAACCGGAAGATATGTACTTTGGAATTGTATTCAGTATCTTGTAAATCACTTCCTCAACAGAGGCCATCGATACACTTGCTGACGCTGCCTGTCTGTGACCTCCACCGCCAAACTCGGCCATTAAACCCCTTATATCTACATCTTGAGATTTTGTTCTTCCAACAATGAAAATTTTCTTACCCATTCTCACGACAACGATAAGCGTTTCTGGCTCTTGGGCGTACCAATATTTCGAAACAACGGCTGACAGACTCCCAATAAATTTCTCCGTCTCATCGTGAGCAATAGTTACGTTGTGGTTCTCTATATTATACGTCTTGCTGTTCTGCAAAAGGTTATGCAGTAAAGTTTTCTGGTCAATTGTAAGGTCAAAGCGTATATATTCTGAAATTGTTTCAAGTGAAAGCCCCTGCGAGTAGATGTAGTGAATTGCCTCAAAATCTTCAAGTGTCGTGCTTGAAAATAGGAAACTTCCAGTGTCTTCATATATCGCTATACCCAAGAGCGTTGCTTCTTCTTTTGTTAGTTTTATTCCTCGTTCTTTAAGCATTTTTACAACAATTGTTGTGGCAGCGCCAGTTTGCCTGATGATCTTGTTAAAAGTGTATTCTTCAATTACTTCGTCGCGTATATCAGGATGGTGGTCGATCACTGTAATTTTAGCTTTCTTGCTTAGTTTCTGTTTTATTTCATCGCCAATTCTTTCAAGCCCTGGAGTATCGACTATTATAAGCTCTTCTATTTTCTCGTTTATTTTTTTCAGTTGTTCGGAAGTG
CP126501.1_gap12	668946	671956	3010	AGCTCTGTGCTCATGTTCTCTGAGTACTACATCGTGGACTATCATCTTTCCATCTTCGTCCATATCGACAAGCAAACCTGCGATTTTTCGAGTCCCTATGTCAAGTGCAAAGATCATATATATCGCCCTCCAAATATTCTTTTTGATTATATCTCTACAACAGTGACACCAACACCACCTTCGTCTGGTCTACCAAATCTGTAATTTTTAATTCTCTTGTCATGGCGTAGGTGATTCCATATTCCGGTGGCAAGCTTACCTGTACCTTTTCCGTGGATTATGTAGCCCATCGTAAAATCAGACATAAGGAGCTGGTCGATGAATTCGTCTATTTTCTCAACAGCTTCTTCAACAGTCATTCCTCTGACATCTATTTCGTTACTTGTTAGGCTCGGACCAAAAACTCTGTGCTTTGTTGTATGAGGATGACTCGGTTTTTGGGTTAGTTCTGCTGATTCTTTGGTTCCTACTTTCACCAACTTCTCTGGTTTGATTTCGATTTTCAAACCATTGAAATCAACGACGGCTTTGTTTCCTTTAAATTCTACGACTTTTCCCAAAGCTGTACCGTCAAACAATCTTACTGTATCACCAACGCTTATCGTCCTCTCTTCCTGAGAAACTACTGTTTCGTACATAACCTTCTCGATTTTTTCTTGTACGTTTTCAAGGTGTTTGACTTCACTTTCAATTTCTTTGAGTCTCTTCCTTATAAGCTGCTCACTTTCTGTATTCTTGCTCTGAAGTGTTATTTGTAAATCTCGCTTCGCTTTTTGGATATCTTTGTAGACCTCTCTCAGTTCTTTATCGAATTCTTCCATTTTCTTAACTTTCAACAATTTGTACTTTTCCTCAAATTCCCTCTTTTGTCTGGTATAATCCCTGAGCGTCTGTTCAAGCTCTCTTTTGCGGAACTCGAGTTCGCTTATCTGTTTGTTCAAACTCTTGATCAATTCCTCAATTTTCACATGTTCTTCATCAAGGTGTTTTCTTGCTCTTTCAAGTATTCCATCTGGTAAACCGTATTTCTTCGAGATCTCGAAAGCATGAGAAGCTCCAGGTATGTTCATTAAAACTCTATATTTAGGTGACAGAGTCTCCGGATCGAATTCCATCGATGCTGTGACGAGTCTATCGTGGGACATCGAGTATAATTTTACTGGCGTTAAGTGGGTAGTCACAACAAACTTGATCCTTCTGGCTACGAGTTCTTCGATTATTCCGAGTGCTATCGCACTTCCTTCGTACGGATCAGTACCTGAGCCAAGTTCATCTATCAGTACCAATGAGTTATCATCAGCCAACTCGAGAGCTCTCACTATGTTCACGATATGGCCTGAAAAGGTACTAAGGTTTTCCAAAATGCTCTGACTATCGCCAATGTCAACGTAGATATCTAACAGCGGTATGCGACTACTCTCGCCAGCCAATATTGGAAAACCACTTCTCACTAAAATTATGGAAACGGCTATTGTCTTGAGCAGCACCGTCTTTCCACCAGTGTTTGGACCTGTAACCACAATACCAAGTTTGTCCGCTGGAAGTTCTATATCTACAGGAACTACTTTGTCTGGATGTATTAAGGGATGCCGTGCTCTCGAAAGTTTTAAGTACTTGCCTTCAGGAATTACTATGGAAGCATTCTTTTCAATCACATATCTGACTTTTGCAAACAAACCATCGAGTCGTTTCAAAACATTTATATCAGACTTTATTTGAGAAAGCCTGTCGAATATCTTAGAAGTCAGTTCTCTCAGTATCCGAGCAATTTCTTTAGCTTCTTCTTCTGAAAGAATACGAATTTTATCGTTCATCGGTATTATTTCTTCCGGTTCAATGTAGACCGTTGAACCGGAGGAAGATAGTCCGTGAACGATACCTTTCAATTTCCCTCTTTCATTTGCTTTGACAGGTAAGACGTACCTTTCGTTCTTTATGGTGTAGCTAAGCTCTTGCAAGACATTCTGATTGTGTGCAATGAATCTTTCAAGTTTATGCCTTATGTCTCTCAGTGTTTCGTTGTACTCGTTCCTGATTTTTTTCAAAAGTACCGAAGCATTGTCTTTCACTTTCCCGTTATCGTCTATTACGCTTCTTATAGCATTTATTATCTCGTCGTAATTCCCGAGCTTTGATACGAACGATAGCACTGTGGCTTGTGAATTTAGTATACGCTGATTTTTAAAACTTTCCCTTAACGTTTTTATTCCGGAGAGAAATTTGAGAATGGCAAGGAAGTCCTCACCTTCGATCAGCAAACCAGATTCTACTTTTTGCAAGATGGGTCTTACATCTATAAAAGCATCGGACGTTGGGTATCCTTCAACTCTGACAAAGTCACAAAGTTCAGAAACATATGTCAATTCCTGAATAACATCAACATTGTATGGATTAAGACTTTCAAGATACTCTTTTCCAAGAGACGAATAACAATAATACTTGTAAGTATTTAAAACTTCTGGATAATCTATTTTTTCTTTAATATATTCTAAGTAACTAACTTTTGATTCCACAAGAATTTTCTCGCTGAATTCCTCCATTTCCTCTCCTCCAATTCCGTGCCTTTATTCTAAAACGTATACATTCCCATAGATTTTTCTTGCATCAATATAAAACTCAGAATTGTGCTTTTTACTCAACACGAACAAAACTCTGCGGCTGACTTTTGGTAGGTCTACATACCCGTCCGTGAATATTATTATACCCTCACTCCTGAATCTCGTTTCGGCGATATCTACAGCTGGTTGCAGATCAGTTTCGCCACCACCGTACACTTCAAAGCTCTTCCACCCACCTGGTTTGTAATCCCCGATGAACGTAACTGATTTGTCAATTTGTATAAGTTTTAAAGGTACTTCTTGTCTTGCAATGGCATCTATCTCACTTACGAATTGATTCATCTCCTCTTCTATGATACTGCCACTCGTATCTATTATCACACAGATCCTCGGTAGATAAGTATATCTCCAACCCGGCTGGTCATCATACCTTCTGTTCGGTCTTAATGGTG
CP126501.1_gap13	673359	676028	2669	TTGTACTTAAAAATCCATTAAGATTATATCACAAGGCCCGAAATCGTTCAAAAAACAAAAACCCTGGAGGTGTGAACCCCCAGGGACTATCGCTATTTTTTGTCTATAGAATCCTTTATCTAATAAAAAAGCTTAATATAGCGGGCAATATTAGGTAAATGGAAAAGTATCTTAGATGAGCTGATATCGTAAGTTGCTTTACAACAAGCAGAGCCACAATACCGGCAACAAAAGCTCCACCAAATCCAGAAAATGTAGCTGCATTCAAAACAACGTCTTTAAGTTCAAACAATCCTGCTGCAAGTGTTATCGGAAGACTTAGAAGGAAAGAAAATTTAAACGCATCTGCCCTGTTAAGACCTACTAATAAGGCACCTACTAATGTAATACCGCTTCTTGAAATACCTGGTAATACTGCTACAGCTTGAAAAAGTCCTATGAGCAGAGCATCCAAAAATGATAGCTCGTTAAGTGATTTCCTTCCAGATGCAGCATCTGAAAACCACAAAAAGGCTGCAGTAATCAAGAAAAATATCCCAATAACCCACTGTGACGAGAAAATATTTTCGATTTTCTTTTCAAAAAACAAGCCTACTAAACCGGCTGGAATGGTAGCAACGATGAGTTTAAAAACTAAGTTCCATATTTCTTTATCAAGCTTGAACATGCCGTAAAGAATACTCCAAACATCTTTCCAGAGAAAAATTAGAACCACTAAGAAAGTTGCGAGGTGCAGAAAGGCAAATAAAGATAAATTAGATTGAAGTCCGAAAAGTTTCGAAAAAAGTCCCAAATGTCCTGAGCTTGACACTGGTAGAAACTCTGTAAGTCCTTGTACAACTCCGAGGAAGAAATCTTTCACCTTTTTCGCTCCTTTCACATTATATAGAGGTATTATTTGTACAGATCAAAAATAATACCGTTAATCTCTCCAACTTTCTCTGCCATTTTTAGTGTATCTTTTTCTGCCTGCATGAGTAGGCTCGTCAGCTGTTCAAGCCTTTCGTCAATTTGCTCAGCAATTATGTGTAATCTCGGCTGAGATAATGAATAGTCATATTTACCAGCTAATTTATACAGGTTCTTCTCTACATATTTTAGAATATTTTTTATGCGTTCTTTGTATTTCTTCAAATTCTCAGGTGTTGGCGAACGGACAAAGTCGTTACCCGCTTCAACAACTTCACTTACCATCTCTTCGATGGTCTTTTTGATTGCCTCGCTCTCAGCTTCTTCGAATATACCAGCAAATGAACTCTTGATCTCAGAGTGCACTGACTCTTTTTTGTGAGATTTTTTACCCTTGATATTCGAACTTTTCAATTTCGGGTCATTTGAAGGTGGTTCTATCCTCACGTTTTAACCTCTCTTCAAATTAATAGTGTTTGTCTTACTTCTCAACTGCCTTTGCAACATTTTCAGCTAATGTTCTGAAAGCCTGTTCAATTTCGCTCTCTCTGTAATAAAGTGTTATTGGTTTACCTTCGTCGAGTAATTCAAGAGCTTTTGGATCCATGGGAATGCGTCCTAAGACGGGAACTGAATATTCTTCGGCAAGTGCATCGGCCCCGCCTTTTCCAAATGGATACACGACTTCCTCTTTACATCTCATGTAGGACATGTTTTCTACTATTCCAAGGACTTTCTGATTCATTGCATGGACGAATGCTATCGCTCTCCTAACATCATCGAGTGCCACCTTTTGTGGTGTTGTGACCATAATTACTCCATCTATTTGGCCAAGCGTCTGGAAAAGGCTTAGTGCTTCATCACCCGTCCCCGGTGGCAAATCAAATATCATGAAATCAAGCTTACCCCAATTGGTATCACCCAAGAATTGTTTTATTGCCGAATGTTTTAAAGGACCACGCCAGATAATTGGCTTACCTTCCTCCACCATCATGGATATTGATAAGGCTTTCAGATTTGGAAGTATCTCTGCAGGCACTATTCTTTCATCTTCGTCAATTAGCGGAGTTGCATTCCCACCGAGCATCCTAACAATATCCGGTCCGTGGATGTCGATATCAAGTATTCCAACGTTATAGCCACTCTCGGCAAGAGCCGTTGCTAAGTTCACAGAGACAGTTGTCTTACCAACCCCACCCTTTCCACTCAGAACAGCGATAAAATGCTTTACATTTTCTTTTAACGTGGTAATCTTTTGGTCTTCAGAAAGTTTAAAATCCATTATATTTTAACCTCCTCTTCAAAGAAATATTTTTGATTAGCCTCCTGAAATACGTTTTTTCTTATTTTTTCAAAAAATTCTTACTTCCCTTTCTTTTCCAAAAGAGTTTATCTAAAATCTTAATAATTTTAATTTTTTATCTTTAATGAATTAATTCATTATTTTTATGTCGCTTTATTCCTTCTTAGATTATTTTTTTTAACTACTTCCCCACCATTTTCCCTCAAACTAACCCTCTTATGCCCACCTGGTTTGTTCCACACTCTCACATTCCTTCGTCCTATTTGAGGTATGGTGAGTTTGCTTATTCTCGTATCCTGGTTACTTTCCTAATGGAGGTGACCGGCTTTCTCACCTATACATATACTCTCTCCGGTTCATATCTTGTCTTGCTTTTCACTAACTTGAATATTATCCTTATCATTTTCAATCCTATTGCTATCAATGCTTGTGTCTCTTTTAATGGATTTTTTTCTCT
CP126501.1_gap14	677146	677785	639	TAACATACTTTTGTTCCATGGTATCGCCTCCTGATTTTAGTGTGATGGGGTAATTATATATTATCAGGAGGCGATACTTTTTTCAAAATCTATTTTTCCTTACAGGAATGCTTATTTAGATTGTTTTTCTAAAGCTTCTTGGTAATTCTCAGTCAAGTACCTTGCAGCGTCTTCAGGCGGTACTGGGTTGATATAAAATCCAGAACCCCATTCGAAACCTGCTACACGTGTTAAGCGTGGAATGATCTCAACATGCCAGTGATAGTAAGTCTTGCCTTCCTCAAAAACTGGTGCTGTATGTATTAAGAAATTGTATGGCGGATTGTTGAGAACAACATAAATTCTGTGAAGAACGTCCTTCATTATCCTTGCAAAAGATCTTACCTCATCTTCAGTTATGCTGCCAAAATCATGTGAATGCCTCTTTGGAAGAACCCACGTTTCAAATGGAAACCGAGCTGCGTAAGGTTCAAAAGCTATGAAGTGTTCGTTTTCTTCGATCAATCTTCTGTTTTCTATCTTTTCTTGGTTTATCATATCGCAGAAGACACATCTCTCTTTGTACGAATAGTAATCCTTGGCACCGTCAAGTTCCTCTTGGACAGTCTTTGGAACAACCGGCGTTGCAATAATTTGGCT
CP126501.1_gap15	795886	797840	1954	CAAAACGCTTGATGCACCATGCAATACGAGCGGCCTTTTTGTTAGTTCCTTAACAGTCTTTAACCTTTCGAAATCGAGTTTTGCATCTCCCTTGAACTTGAACGCACCATGGCTTGTCCCGATAGCTGGCGCAAGAAAGTCTACTCCTGTTTCCTCAACAAATATTTTCGCTTGCTGTGGATCAACAAGAACAGATTCTTCTGCAGAAACATTGTCCTCAACACCTGCAAGCTGACCAAGTTCCGCCTCAACAGAGACACCTGCTGCATGCGCTATCTTCACGATTTCTTTTGTCTTCTTCATGTTCTCTTCAAAAGGTTCTTCGGAGGCATCGATCATAACGGAGGAATAACCTGCCTTTATCGCTGCTATTATATACTCAAAGTGCTTACCATGGTCAAGGTGAAGGGCAATCGGTATATCGACGCTATCAGCGAATAACCTTACTAATTCGACAAAATATCTTGCACCCTTAAGTATGTCACCGTTTCCTGCATACTTTATCGCACCTTCGCTTGTTTCAATGATTAAAGGCGCTCTCTTTTCTAATGCTCCGTCAAGAATTGCATGGAAAAATTCCATGTTGTTGATGTTGAATGCTGGCACTGCGTAGTATTCCTTGCTTGCCTTTTCCAAAATGTCTTTCGTGTTAACATACATATGTTCCACTCCTTTCACTGTTTAGTTGTGTGCTTGCAAAATTAATTATATCACAATTCTTGATTAAGGAAAATAACAATAAGAGAAAGGGGCATTTACCCCTTTCTCTTCTGTCTTGACTTCTTTTTATTAATTTTTTGTATTTCTTCTTCAACTTCTTCGTATCCTTGCTTGTAAAGCTCAAACTCCTTAGGATCGAGTTCCATCAAAAGTCTCAAAAATTCACCCGCGTGGACTCGCTCTTCGTTGGCTATATCAATGAGGACTTCTTTAGCAAGCTCGTTATCAGTTGATTCCGCAAGCTGCATATAGAGCTGAATTGCTTCATATTCAGCTGCAATCATAAATCTAATGGCTCTGATAAGCTCTTCGTGTGTTAATTTCTCTTTGTTCTTCAATCCACTGAATGCATGTGAAAATTCCGGCATACTGACACCCCCTATTCAGTGCAGGTTACTCGATAGCTCTCCCTCTTCTTAAAAGCTTCATGCTCTAAGTCTGATAGCTTCTCCAACTGGGATTCTATCTTTCTTATCTCGTTTATGTCAGACTTCGTCGCTGGTCTTTTTGGTGCAAACGCAACGCAGCTGTCTATATACGGCTGTATGGATATATCAAACGTACCTATCTCCTTTGCCTTCTTTGTTGTTTCAACTTTATCAAAACCAATAAGTGGTCGCAAAACCAACAATGAGCTTGCATCTTCTATTGCAGCCATATTTGTAAGTGTCTGACTTGCGACTTGTCCAAGATTTTCGCCTGTGACAATTGCTTTCGCTTTACTCCTTCTTGCTATCATACTTGCTATTCTCATCATTGATCTTCTTTGGAGGATAAGAGAATATTCGTCAGGTGCATTCTCTTTTATGTACATTTGAATATCTGTGAGCGGAACAATCCACATCCTCAACCCGTTTGGAAGGTACTTGCTTAGTTCACGTCCAAGGCTCAGTATCTTCTCTACGGATTTTTCAGTTGTCATAGGTGGGCTAAGGAATGTGAGTGTTTGAAGTTCCAAACCACGTCTCATTGCATACCAACCTGCAACTGGGCTATCTATACCACCACTGAGCAACAAAAGAGCTCTGCCTGACACTCCTACTGGTAATCCTCCAGACGATGGTATTTTACCGGAAAAGACAAAAATCTCCTTTTCTCTAACATCTATTCCAATTTCAAAATCAGGATTGTGTACGTCCACTTTTAGATTTGGAAAACTCTCAAGAACGTAAGCACCGAATTCTCTATTTATCTCAAGACTTGTCATAGGAAATTCCTTATACCCTCTCTGTGC
CP126501.1_gap16	805652	810535	4883	TAACTGACCAGGTCCACCCAGAGAGTTTTTTCCATAAATCCCTAGGATTTTAGGAATTCCCAGCTCGTCGAATATCTTTACTATGTCTATAAATTCTCCTTCAACTTCATCTGTAATCAACTGTTCGAAATTAAAATACATCACGTAGTCGCTGTTTCCTGGTACATTCAGTGTAATGCCATAAACTGAGACTGATATCAGGAATAAGACCGCAAGTAGTGCTACATTCACTTTGGAAATGTTAAACATACAGCATACCTCCCTTCTCCAACCCAAGGAAGAAAAGAAAAAACCGCCTTAACATCCGTGTAAAATAATTATATCATATTGTGAACTACCCATTACTAAAGTCACAGGCTTCCTGCTTCATCGACCGGACTTGCTGCAGTGTTACTTGACAGTAGAGGCCCAGCCTCCACAGGCATGGACTTTCGTCCTCGGGTCGTCCCAGCCCTACCAAAGATTCGGTTATCACGTTATCCCGAGTTGCAACAGCCCTTGTCTTAATATATTCTTCGCTGCGTTTTCATCCCTATCATGTTCCATTCCACACTTTGGACATTTCCATGTCCTTACACTTAGTTCTTTTACTCCCTCATTCTTGTGTCCACACTTGCTGCAAATCTGTGATGACGGAAAACTTGGTGATACCTGCAAGAATACTCGTCCATACCGTTCTGCTTTGTTTCTTACCATCTCTACAAACTTTGACCATGATACATCATGAATACTCTTTGTTAGATGACTATTCCGTACAAGATTCTTAACTCTCAAATCTTCGCAGATAATTGCTTGGTTTTCGCTAACTACCTGCGAAGATAACTTTTCCAGAAAGTCCTTCCTGATATTTGTTACTCTTTCATGCATTCTTGCAAGCTTTATTCTTATCTTCTCAAAGTTCTTGCTTCCTTTCACCTTCCTTGCAAGCTCTCTTTGTAACTTCTTTATTCTCTTTTCATATCTTGCAAGAATCTTTGGATTCTCAATATGCTTTCCTTGACTGTCTACATAGAGATCTTTAACTCCTAAGTCTAAAGCTATTGCGAAATTTTGTGGCGTTTCACTAATTCTACGATTGTACACTTTCTCTTGTTCTACTGTAATTGATACATAGTACCTCCCGCTTGGGGTTAGTGTTACGGTTGCACTTTTGATTCTGCCATCGAAAGTTCTATGGATTCGTGCTTTTACCCAACCGAGTTTCGGAAGCTTTATCTTCCCCCAGCAACGGCTTTTGTCTGGATTTATTATTATCTCACCAAAATCGACTTGTATATTGTTATTCGTAGAGTTCGTCGTATACGAAAACCGATGTGATTTCTTTGTCTTGAATTTTGGACATCTTGCTTGTTTTTTGAAAAATATTTTGTAAGCATTGTCAAGATTTATCAAAGCATTTTCGAGAGCAAACTTATCTACTTCCCTAAGCCATGGATATTGCTCTTTTAAAACACTGTTCAAATGCTTTCGACACTCAGGTTCAGTGGTCGAAAGCTTTTCTTCTTTGTATCTTTGCTCTCTCCAAGCAAGGAAGTAATTCCAAACAAATCTTACACAACCAAATGTCTTGGCTAACAGTGTTTTTTGTTTTTCATTTGGATAGAGCCTGTATCGATAGGTGACTATAATACTAAACTTGCTCCTTTTGAGAATTGATGTATTTCTTGATTTGCTCTTCAGTATTTTCACTCACCGTAGCAACAAAATATGACGGGTTTCCCTGTTCTTTTGCAATTTCCTGTAATATTTTTTAGGTCTGTTTCTATTTCACCTTGAAGAATTCTGTGTATGTACTTTACGCACCACACTATATGATATTGAAGGGAATATACGTACCCTCTTTTGTGACCAATTATAGGCATTTTGTTTGCCCATCTAAGGTGTGTTATGATTCTACACATATTATACAATAGCAAAATCAAGTCTTCATCTATTCTGTGCTCAAAGGTATAACAAATATAATGATATTATCTCTTACTCCTGCCTAAAGACACGAGAGTGTTAATTCTCTTCAACTTCTATTGCCGCATCCATTAAGATGTCGTAATACTCCTTCCACCTTCTTGCCACAGTTTGCCTCGTGTATCCTTGTGGATCACACCTCTCGTCCACTTTTGGTACCAACATTCTACAGCTTTCTGGTCTTTTCTCAAACTCGAGCTCACATCCGTGCGGGGTTAAAAACGTACATTCCCCAAGATAATTATGATCAAAAACGCTTCCTTCAAATCCTTTCACTGCTGGGCGAACAAAGTACAACCCCTCGTCTTGGTTGATCCAATCGATAGTCCACATTCCTGTCGATAAAGCTTCGATAAGGTTCGTTCGCAATTTTTCAATATCTGGTGCACCGAAATCCTCCGGCGTTGCTGGACCAGGGTAAGTCTTACAACACTTCCCACCACAACTTTTACAAATTGCCAAGTTCTCTACACCAATTGGTTTAATGTTTGAATTCATAGCCCACACTCCTCACAGAATTGTTTTTAATTATGGTAAAATAATTTCAAAAGAGTGCTCGAAAGGAGGAAAAAGTTTGAAAATATTCATCCCGGAGAAAGTACACTACATGCCACCGAAAAAAATCTACCTTGCCCGCACAGGAGCTGTGTACTCAAAAGTTCTTAATGATGAAAAACTTATGGAAGTGGCAAATAGTATCTACCTCAAAGGACTACAAATTGCCAAACCAGTCGTTTATTGGAACATTTATGATAAAAGCTCTCTAAGATCAGACATGATACCTTCTAAGTACCACGCCTACAAAATCTTTCTCATTTTTGTTTCAACACTCGGAAGAGAAGTAGATGAAGAAATTGAGAATTTGTCAAAGATTTCAACACTACAAGCAACACTTTTAGATTCATGGGGTTCTGAAGCACTTGAATCGCTCAATGACAATTTTGAAAAGTTCTTTAAAAAAGAGCACAAAGCTGAACTAACAATGCGCTTTTCTCCTGGATATGGCGATTTGGATTTAACTGTGAATAAAGATTACGTCAAATTACTCGGTATCGAAGACAAAATTAGAGTATTGGACTCTGGATTGATGATTCCGAGAAAGACCACAACGTGCATTGCGGCTATCATAGAATGAAAAAAAGTTCATTTGCAGTCTATTACACCAGAAGCAGAGCAGCCGTTATATTCGAACTGAATTGTAACATGCGTTATTCCAAATTCTTCATCGAGTTCGTGCTTTATCTTTTCATAAATCTCCATAGATTTGCTAACCGTGATATCTTCTGTCAAATTCACATGCCCCTCAAAGAAGATGCTCTTTTCATCGAGCCTCCAGATATGTACGTGGTGGATGTCTTTTATATTCTCTATCTCATTAAGTTTTCTCACAACTCTTTCTACTTCAATTTCGCTCGGAGCACTTTGCATCAGGATTGAAACTGATTCTCTTAGAATTTCAAAACTTTCTTTAAGAAGGTATAGCGAAATCCCTATCGTTAAGATAGGGTCTATAAATTTCAAATCGAAAATCCATATCATCACCGCACCTATAAGGACTGCTACCGAAGAAAGAGCGTCAGTTAACATGTGCAAATACGCTGACCTTATGTTAAGACTACTTTTTGACCATCTTCTTAGTATGACCATGCTGAGTAAATTAGCAATCAAACCTATCGTTCCAACAACTAAGACAATCTCGGAATTTATTTCTACTGGATTTACAAAACGTTCGATAGCTTCCCGTATTAACAATACACCTATTATCAAGAGAGTCGATGCGTTAAACAGCGCTGCAACTATGTTTGCCCTCTTATAACCAAATGTCTTTCTCGTATTTGCACTTTTCCCTGATAATTTAAAGGCAAAGTACGATATTACCAATGACAGAGAATCACTCAAATTGTGCATCGCATCCGATACGAGTGCTAAACTTCCAGCAATTAAACCTCCGATTATCTCCGCGAGCGTTATTCCAAGGTTTAGAAGGACAACAAAAGTAAATTGTGTCGGACTCAGGTTTGAGACACCATCTCCATGGTCATGGTGTGAATGGATATGGTCATGACTATGGACATGATTTACAGCATCTGTTCTATCAGCTTTTTTCTCACTCACAGACATTCACTCCTCACTCTTTTGCATTCTTATGTTCGATATGTTCAAATGCTTGATTGATGACCTTTTCAACATGCTCATCATCTATGGAATAGTATACGTACTTTCCAACTTTTCTGTACTTCACAATCCCAAATTGTCGAAGTAAACGCAATTGATGGGACACAGCCGACTGGCTAATTCCAACAGTTAGTACTATTTCAGAAACTGTCTTCTCGTCGTCCATAAGTGAGTTAATTATCTTAAGCCTTGTCTCATCAGAAAGAACATTAAAAAACTCGGCAACATGTCTCAATAATTCTTCGTTCTTTAATAGTCCCAACAACTAAATCCCTCCTGTTCTCGAGAACATATGAACATATGTTCATATATAGTATGCATCAAAATTCAACATTTGTCAAGTCAAAGAGATGAGTTAGTTTCTTTATGAATCTGAAAAATGTGATATAATTATCAAAAAGTACAGAAATCGGAAGAATTGGGGGTGCAAGTATTGGAGAGGTTAACACGAAAGAAATTTGCGGAAATATTATCTCAGCAGGTCCTTTTCTTAGACGGTGCGTACGGTACGGAATTTTTTAAGAGGGGGCATATAAAGGGAAGGGATCCGATAGAGATTTTGAACATAAAATCCCCTGACGTTGTTGAAGAACTCCAAACTGAGTACGTGAGAGCCGGTGTTGACTTTCTATTAACGAACACGTTCAGCGGCAATCGTCATAAATTAAAGAAGCTCGGATATGAAGATTATTTCCAAGCAATAAACGAAAACGCTGTGAAAATAGCCAAGAAGTCTGCAAGCGTTT
CP126501.1_gap17	811804	813747	1943	AGAGCCTAAATGCATCATTCTTAAGCTTGGCAATGTATTTTGGCCTTTCAGCCGCTATATTGAACACCGCGGAACAGACAACGATGAATATTTTGTCCGGTATGAAAAAGATCCTTAAGAAGGAATTGACGGATACGGCAGTTGGATCTTCAGAGAATGAACTTGTAACATATATCTTAAAAGCAGACTCAGCGAATGCAGAAAGGAATGTTTTTTCCTTCTTGGACACACTAACGCCTATTGAAATAGCTCAAAGTGTCTTGACAAAAGCCATGGAGGAGATAGGAAATCTGTATTCAGCTAATAAGATATACCTCCCGCATCTTATCCTTGCAGCTGAGACTGTTAAACCGATATTTAATAAACTGCTTTCAATGATAAAGGAAAAAGATTCTGTAAAGCTCGGAAAGGTCATGCTCGCTACCGTTGAAGGAGATATACATGACATTGGTAAGAAAATTGTCGCAACAGTACTTGAAAGTGCTGGTTTCGAAGTTATAGATATCGGAAAAGACGTACCAGCTGGCGAGATTGTAAAGAAGTTCTTTGAAATAAAACCGGATATTATAGGGCTGTCTGCAATGATGACAACAACCGTGGTGCAAGTCGGAAATGTCGTCACAGCTCTCAGAGAAAACAATATTCATGTACCCGTTATTTCTGGTGGAGCATCTATGAACGAAGAACTTGCAAGGAAATTCGGCTCGTATTATGCAAAAGATGCACAAGAAGCTGTTAGATTATGCAAGAAATTGTTAAGTCTTGAGAATTGAAATTGTAAAAAACAATGAAGGGGACTTCCGTCCCCTTTTGTATTTTCGTTCATCTTTTCGTGTAATAGTCAGTTATAACCTCAAAAAGTTCATCTATTTCTTTTAATTTAGCTTCCTTTACCTCCAAAGGAAGTGAAGATAAAGACAGCATCCTTCTTAAGTAGTAATACCTAACAGAAATATCTGAATATGAGTCGTTGGGTGTTGCATTAAAAGTTTTAAAAGCCTTCAGAAGTTTTTCATCTGCTTCTGCTCTAAGATTTCTATACTGTTTTTTATCAAATTCGTTCCTTCTTCCAACATCAGTACCTGATTCTGGTGAAATCAAAAATCTTACTAAGATAAATAACGTGTAGACAGTTAGGAAGATAGCAAATATCCTTAAAATGATAAACAAGATGCTTATTGGTGGCATCGGAAACGTGAAATAGAACTCATATTCCACAGAACCACCTTCTTTATCAAGCATTCTTAGAATAGTATTCTGTCAAAATCTCATAAGCTTTTGCAAGCTCGTCTAGAACTTTCTGTCGCATCTCCTCAGACATCTTGGCTCTGTTGAATTTCTTAACAAGTTCATAGTACTTTTCGCTTACTTTAGTATACGGTACATTCGATTTAAGACCTAAAAGTCTGAATGCCTCTGCAACACCCATGTCTTTTTCAGAGGAAGAAGACAAACCTGTTTCAGAGAAACTTCTTTTATACTCAAGCGTCTTTTCTCTTGTATAGTCTTCTGAAGTTTCTTCAAAATCCGATTCTGTTTTTCTTTCCTTGTTAATTAAATCCTTAATGTCCGTGCTTCTTTCTCTCGTTGGCTTTTTCCCGCCTTTGAAAATCTTGACGATAGTAGACAGTATTGCATAAGCAAAAATTACGAACACTAAAGTAGGAATGATTATGAAAATGAATGGCAATACTTTCTGAACAAACATAAAGAAATAGTAGTTCTCAAAAACTGAACCAAAGATTGAAAGAAATATTAAAATCATGAATGCAAAAAACACAAAGCTAAAACAGCCACTTAATGCATTCTTCTGCTTACTTGCCCCTTTTTCAGACAATCATTTCACCGTTCCTTTTTGAATGATAGAATCACCCTCAACATATGCAACGAATGTCGCGGAAGATTTAATTTTCTTTCCAAGCATCGTGTTTATAAGCGGTTCA
CP126501.1_gap18	836468	839951	3483	TTACCAAGAACGTTGCGTTGAATCTCGTTTGAAGGCCTGTTTTCTGGTAGAGATTGTTCAAAATAACTTCCTCGTTTATTTCTTCTGGAAATTCGATTACAACCCTAAGACCTTCTTTATCACTTTCATCTCTTAAATCCTTGACTGGAATCTCTTCTTCTTGTAAGTATTCAGCAATCTGGTTTATTAAATCTGCTTTGCTTATGCCATAGGGTATCTCGGTAATTATTATGCTTTTTTTCTTCTTCTCATGTTTTACTTCAACTTTGCCTCTTACAGTGAAACTGCCTTTGCCTGTAACATACATTTCACGTATTCCAGCTCTTCCTATGATAATTCCACCAGTTGGAAAATCCGGGCCTTTGATTATATCAAGCAGCCTTTCGACAGAAATATCCGGTTCTTTAATAACTGCGACTATTGTATCCACCACGTCTTTCAAATTATGCGTTGGAATGCTTGTCGCCATACCAACTGCTATACCACTCGCACCGTTAAGCAATAAATTTGGCAATTTTGAAGGCAGAACTTCTGGTTCTTGCAACGACCCGTCGAAGTTATCTAACATACGGACAGTATTTTTCTCTATATCTTCCATCATTTCTTCCGAGATTTTATGCAGACGAGCCTCGGTATACCTCATCGCAGCTGGTGGGTCCCTATCAACAGACCCAAAGTTTCCTTGCCCTTCAACAAGTGAATATCTCATGGACCAAGGTTGTGCCATTCTCACAAGCGCTTCGTAAATCGAAGCGTCACCGTGCGGGTGATACTTACCCATCACTTCACCAACGATACGTGCAGACTTTTTAAATGGCTTATTGTGCGATAATCCCAACTCATACATTGAGTACAGAATTCTTCGTTGAACAGGTTTTAAACCGTCTCTAACATCTGGGATAGCGCGCCCGATGATTACACTCATCGAGTAGCTCAGATATGATTTCACAAGTTCCTCTTCGAGCAATCGCTCTATTATATTATTATCTTTTGAATCGCCATTAGATTCAACGGGATTGTTTACATCACTGAATTCTTTCTCGCTCACCTTGAGTTACCTCCTCAAATTCCAGACTAATTTGACTAACCACAAATCTGAAATACCATGAAACTTATTACGAAATCTTCGCTCCCGGTTCGATTTCATCAGATACTGTTAACAGTTTGAGCTTATCGTTCTTCTTAGCGGCAAGCAGCATTCCGTTTGATTCAAGTCCCATCAACTTTGCAGGCTTCAAATTGGCTACAACAATTATTAGCCTTCCTACGAGCTCTTCGGGTTTATAGAACTGAGCTATACCTGCTACTATCTGTCTCCTGCCAAGTTCACCAAGGTCTATCTGTAACTTAACTAATTTTTCGGACTTCTCCACTTTCTCGGCTTCTAAAATCTTTGCAACGCGCAAATCTACTTTTTTGAAGTAATCTATATCTATAAGATCACTCATAGTTACGACATTTTCAACTTTAGTTTCAGCTTGACCCTTAATTTGCTCTTTTTCCATAAACTTTTCCTCCTTACCTTTTTCAAATTTCTTAAACAGTGGTTCACCATGTAGAATCTTTCTGTCTTTGAGATGTTCCCACCCAGTCAAATAAATCTCTGAGAAATCACTGCTTATACCAAGTCTTGAATAGACTTCTTTTGATGAATCAGGCATAACTGGCGAAACAAGTGTTGCAACTTTCAGTGTACTCTCTACAACCAAAGACAAAACTGTTCCAAGTCTTTCCTTATTACCTTCCTTTGCCAACACCCAAGGCCTTGTTTCGTCAAAGTATTTGTTCAGATACCCTATAAACTGCCACAATCTATCAAGCGCATCGGTTATCTTGTAACTGTCCATCAGGCTTATATATTCCTCTTTTGTCTTTTCATATTCACTTATGAGGCTCTTATCAATTTCTTCTAACGAAGAAATACCCGGAACTATTGAGGAAAAATGTTTCACAATCATAGCAAGTGTCCTATGGAGCAGGTTACCGTAATCGTTAGCAAGATCAGAATTCAATCTCTTAACGAGGTTTTCTTCGGAAAAGTCTCCATCCTTTCCAAAAACTATATCTCTAACGAGGTAATATCTAACAACGTCGTTACCATATTTCTTTACGTACTCACGTGGATCTATAGCATTTCCAAGCGACTTGCTTATCTTCTGGCCATTCACAGTCAACCAGCCGTGCGCAAAGACTTTCTTTGGTAAAGGTAGTCCGACCGACATCAACATTGCAGGCCAAATAAGGCTGTGGAACCTGTTAATTTCCTTTCCTATTAGATGTACATCAGCGGGCCACCATTTGTTGAAATTATCCATGTTGTCAGGATAACCGATTGCCGAAATATAGTTTATCAGTGCATCGACCCAGACGTAAATGACGTGTTCTGGATCTTTTGGCATTGGTATGCCCCATTTTAACGTTGTTCTGGTTATCGAAAGGTCTTTCAGACCAGATTCGAGAATTTTTAACATCTCGTTTTTTCTGAAATCAGGCTCAACAAACTCGGGATTATCTTGGAAATGCTTTAGAAGAGGCTCCGTATACTTTGACAATCTGAAGAAATAGTTTTCCTCTTTGATGACCTGGACTTCTCTTCTGCACGATGGACAAAGGTTGTGTCCGTGTTCATCATGCTCTAATTCATCTTCGTTCCAGTACGTTTCACACGGTACACAGTACCATCCTTCATACGTACCTTTGTAGACATCGCCATTTTCGAGCATCCTTGAAACAAAGTACTGAACAGTTCTCATGTGATTTTCATCTGTCGTTCTTATAAAATAATCGTTTGTGATATTCAAATCCTTCCACAAATCTTTAAATTTCTGTGCAAGTTCATCGCAGAGAACTTGAGGTTCAACACCTTTCTCTCGTGCTGCCTGAGCTATTTTTTGACCGTGTTCATCCGTACCAGTCAGATAAAAAACTTCGTAGCCGAGCATTCTCTTGTAACGAGCCAAGATATCACCAACAATCGTAGTATATGAGCTCCCTATATGAGGTTCCGCGTTAACATAATAAATAGGCGTCGTAATATAAAACTTTTTCACTCAAAACACCTCCGGATGTGTTCTATTTATTTAACTATTTCAACTTTTATATATTATACCACACATATGGTAACTATGTGTGAATGATACGAAAACTTGGTTTTCAGAGAGATTAACTTAAGAAATAAAAGCGAGGTGAATCACTATCACCCCGCCTATGAAAAACTATTCTAAATTCTGAATATCTGGTTCACTCTTTTCATTTATTTGGCTTCGAAAAGTTCTTTCAATGGTGGAATAAGGTCTAAATACTTCTTGTAGTAGATGAACTTCCATCCCGGCCTTATCAAATTCGGGTCTTTGATAATAGGATTAAGTTTCAAGAGTTCCTCTTCACTAACACCCAATCTGTAAGCAACTTGTCTGAAAGTATCACCCGCTTGAACAGTGTATGTCAGGAGTACCAAGGACTCTCTGTTTCTATCCTCCTCGT
CP126501.1_gap19	842329	846336	4007	CTATCAAGATTGCAAAGCGCCTTTCGAACACTTACTGTGCAATTGGTGTCCACCCTCACGATTCCAAAGATGCTCTTGAGCATAAAGAAAATTACCTTGATAAAATCGAAAGACTCGCAACAACTTCAAATAAAGTTATCGCGATTGGAGAAATAGGCCTTGATTATTTTAGGAACCTCTCACCTGTTGAGGTTCAGAAAAGAGTATTCGCCGATCAACTTGCTTTAGCCCAAAAGCTCGATTTGCCCGTCATACTCCACATTAGAGATGCATACGAAGACACGTACGATATTTTAAGTGCATTTAAGACTGAAAAATTACGTGGTATTGTTCACGCGTTCGGTTCAGATGAAAACTGGGCGAAGAAATTCGTAAAATTGGGTTTCAAAATAGGTATAGGCGGACCAATTACATATCCTAAGAACGAAATGCTTAGAAGAACAGTCAAAATAATAGGAATAGAAAATATAGTGACCGAAACTGACTGCCCATATCTACCACCACAACAGTTCAGAGGAAAAAGAAATGAACCGATTTATGTTGCATATGTTGTCGAAGAGCTAAACAAAATATTTGGCAAAGATGTGACCGAACATGTTTTGAGCAATGTAACGCAACTCTTTGGTTTGAACAACGAACTTCTTGGAGTTGATGCAAAGTGATAGAAGTAATAGAAGGAAAATACGCTGGACGCAGTGAGGGAAATCTGCTAATTAGGGTTGGAAGTTTTGTGCTAAGCATTGTTTGCGATGCAGAGAGCTTTTCAGAAACTTCAGAGGGAGAGGATATTAAAGTATATACAAAACTGGTAGTAACGCAGGAAGATATAACTCTATACGGGTTCGATTCTAAGGAAAAAAGAGAAGCCTTTGAAAAATTAACAAAAGTATCAAAACTTGGTCCAAAGACCGCTGTTAAAATATTGTCGGCAACGAGCTTAGAATATCTTTCTACAGCAATTGCAACAGGTGATATAGAAAAACTCTCCGCAATTCCAGGAATAGGACGTAAGACTGCAGAACGCATAGTTGCGGAGCTGAGAGAGGAATTTGAACCTATGCAAGTGGACAGTACATCTCTTGAAGCAATTGAGGCACTTGCTTCTCTTGGTTACAGCAAAGCTCAGGCTCAAAACGCTGTCAAGCAAGTGCGCAAAGAACTTCCAGATGCCAATTTATCGAGGGTCATAAAGGAATCTCTAAAGCTTCTGTCGAAGATGTAAAGTGGGAACTTTTGAAATTTTAAGTAGGGATGAGGGCTATGGTAAGTGCTATTGGTAGCGTGAGAACCGGCTCTCAGGTAATTGTAAATCCAACACTTGGATACAAACTTGATCCTGGCGAACCAGGTATACCTTCTGGTGCACCTGCAAGCCAGAGCGTGCTTAGAGTAATGAGTCAGGAATTCGCAAACTACATAGATTTCAAAAAACAAGCCGCCGAGCAAGGTGGAGTAATAATATCTGGCGGGATATACTTAGACATGCAAAAGCGTGGTTCTTTTTTAGCAGCTGTTGCAGGTAAAACAAAAGTTTTGATTTATATACCTGGTAGCAATGATGGTCAAGGAAGAGAAGCTGGTCCAACCGACGGTGCAAATAAACTCGAGCAACCAGACCAAATGAAACAGAGCGAAATAACAAGAAAAATAGATGAACTTTACAGAAAACTCCAAATGACTCAAGATCCCGTTGAGCGGGAAAAACTCCAACAACAGATCTTGCTTCTCACTATGGCAATGAACGCTTTGATGTTCGGCATGAAAATGCCAGAGTTCCTGATAGGGATGCTTCTAAATACAACGGTTTGAACATTTATATAATATTTAAGGGGGATAGGAAGAATGAAAATTAAAGAGCTCGCGAGACAGATCGGACTAAAAGAGGTACTATTTTGCGAAGATTATGAAATCGAACACGGCTATGTTGGAGATCTTTTAAGCATTGTTATGCGCTCGGCTCAGGCTAATTCAGTATGGCTAACTGTTCAAAATCATCTTAATATTGTTGCAGTTGCCGCGCTCACCGGTGTTAAAGCTATAGTACTGTGTGAAGGGATCGAATTCAGTGAAGAGGTAATAGAAAAAGCGAAAGAAGAAAAGATTAACTTGTATATCTCAAACGAGACTTCATATATAACCGCCGGAAAGATCTATTCGTTGGGTATTAGATAGAATGATATACAAGGCTGACCTTCATATCCACTCTTGCCTTTCGCCTTGTGGAGATTTAACAATGGTACCATCTGCTGTGTGCAACAATGATTTGGATATAATATCGATAACAGACCATAATACCGCACAGAATGTTGCGGCATTTGTTTTATTATGCAAAGATAAAATAGTCGTGCCGGGCATAGAAGTGCACACTATCGAAGACGTTCACATACTTGGCTATTTTCCGAATATAGAAAACTTAATGAATTTCTCAAAACTTGTAGAAGAAAACGCTGACAAATTGCCGTATGATCCAGAAAAATACGGATACCAGATTGTAATTAACGAAAATGAGGCGTTTGTTGAGATAGTCGATTACTATCTCGGCTTTCCGACAAATCTAACAATTGATGATACAATTGGATTGATTAAGGATAATAGTGGTTTACCTGTCTTTGCACATGTTGACAGAAGGTTTGGAGCAATTCAGCAACTTGGCTTTCTTCCAAGCGGTACAAGATACGTTGAGGTGAAAAGGAAAGAAACTTGGGCTAAGCTGAAAGCGGAAGGATACATTGTGCTGACATCGTCTGATGCCCACTTACCGGATGAAATAGGCTCAAGAAAGTTGTATATCGAAGGAGAAATCTCTTCAGCAAATGATGTGATAGAGACTTTGATTGAAGGGAGGTTTAAGACAATTTGGGATTGATAACCATAGCAGATCACATACACGATATTGCGGAAAACTCCGTTAACGCAGGTGCAAAAAATGTATACATTAAGATTATTGAGACTGTCGATACGTTCTTCTTCTCTGTGGAAGACGATGCGGGCGGGATAAGACCAGATATACTTGAAAAAATATTCGACCCGTTTGTCACAACGCGCAAGAAAGAAATACGTAGAGTGGGACTGGGCCTCCCATTTCTGAAACAGGCAACAGAGGCGACTGGCGGGTACGTGAAGATAGATTCAGAATTAGGTAAAGGGACAAAGACAGAAGCATTATTTTACAAAAGCCATATAGATTGCCAACCTGTTGGAAATCTTACCGATACATTTCTTGTGCTGCTTCTTAATCAAAATATAAACTGGCAAATTGAAAGGTGTTATGATGGTGAATGCTATGAAATTGCTTCTAAGACTATCAAAGAATATCTTGGTCACCTTGACACACCTGAGAAAATAACTCTTTTGGAAGAGCTTTTGAAAGAAATGGAGAGTCAAATCTGAGATAAAAGGTAACATCGTGATAATAAAAAGGAGGAAAACGTGATGAGACTGAGAGCACTTTTGGTAATACTTTTTAGCCTGTTTCTAACACTTTCTTTTGGGTTTGTACTCAAAGATGTACAGTTTGACGGTTTGAAGACCGTCCCAAAAACCGAGTTAGAACCTTTCTATAAGCAGTACTTAGGAAAAGATATCAACAACTACGCAATTGAGGACATCATATCAGAACTCGACGGTACAGGATATTTTGATGAAATAACATACGAGCTAAAAGACTCTGAAGCAAACGAAAAGATACTCTTTATCAAAGTAACGGAAAACGCTCCCGTATCAAAGATAAACATAGAAATCAGCGGGCATGGGATCATATCTAAAGAAACAATCCAAGCTTCAGTAACGTTGAAAGAAGGTAAAGCGTTTAGTTTTCCAAAGTTCTGGGAAAGTATCGATAACATAGCCAAAATGTATTCTGACAACGGATATACCGTTGCAACTCCACGAACGCAAGATAAGAGTTTTGCATTCGTATACGTTTCTGGTAACTTGGGCGAGGATAATGTCGTCAACTTCAAAGTCACTGAATACGCACTTTACAATTTAGAATTTGAGATTCTAAG
CP126501.1_gap20	937706	940519	2813	ATCTAACTATCGTTCCTCGCTTGTCGGTCGTGCCTACAAGTTCTACCTCTGTTGTTTTGTTTCCTCGCGCGTAGCGTTGCCTATATATTTTACCGTCTCTGTGCACTTCTACTTCCATCCATTCAGAGAGCGCGTTAACAACCGATGCGCCAACACCGTGCAATCCACCGCTGACTTTGTAGCTGTCTTTAGAAAATTTACCTCCAGCATGGAGTGTTGTCATAACTACTTCGAGCGCGCTTGTACCTGTTTCTGGGTGAACATCAACAGGGATACCTCTTCCGTTGTCCTCAACTTCAACAGAACCATTGCTCTTTATTACAACCCTTATTTTGTCACAAAATCCTTGTATCGCTTCGTCTATACTGTTATCAACTATTTCATACACCAAGTGATGTAACCCGTTTTTACCGGTTGAACCTATGTACATTCCTGGTCTTTCGCGAACCGGTTCAAGCCCTTTGAGCACTTTTATGTTTTGTGCATTGTATTGATTGGTGGTAACCATACTCTGTTCACGACTTTCAAAATTGTCCATTACTTACACCTCCGCACACGGTTTGCTTATTTTTTTCTCTCTGTCTGAATTTTTACGTCACTGATTGGAAATTTTATATGCTCTTCTAATCTTTTCTTTATCTGCCTCTTCATCTTCTTCAGTTCATTGGTCCATATATTGTCATCACATTCTATTGTTATCGTTCCATCTTCAAAAGATGAGAATCTGCAGTGTTTAGATATATTTGCGCCAAGTATCTTTTCACTCATCTCTTCCAATTGTGATAAGATGTATATCTTTTTGAAAAAGGCATCTTTAAGTGCTAATTCGGAGAAGATTTTCCTCAGAGTAAGCATTTGATATACTCCTCGAACCCGGTCGAAAGTTCTTTACCTAATTCTGTTTCAAGTTTTCTTTTACCTATCTCGTCCACTGGGACAATTCCTCTACTTGTATGCGTTAAGAATAATTCATCGGCGTAAAATAGCTCGTAAGGTTCAACTATTCTCTCTTCTACATTGAAACCTTTTTCTCTCAAAAAATTCAAAACGTGCATTCTCGTAATTCCATCTAATATGCCTGAGTCAAGCGATGGTGTTACGATTTTATTCTTGAAGATGAGGAAGACGTTGCTGAAAGTCCCTTCGCAAACTTGTCCTTTGGTTCCGAGCATTATGACGTCGTAGTTGTCACCTTTTGTCAATCTTGCAAGGTATATGTCAGGCCTGCCGAGCGATTTCAAGTCCGGTGGCATACTCATTGGATCTGCTCGTCTAACGATTGTGAAATCAATTTTCACATGCGAAATAAAATAATTTTCCGTAGACTCACGGAAGACATAGCTGAGCAGATTACCATCGTATACGTAGACTATTCTAATTCTCTCAGACAAGTTCCCATAAATAAGTTCTTCAAATTCAGTCAGTTTAGGAGGTTCTATTTTAAGGTAAGAAAGTGATTTACACAATCTGTTATAATGTTCCTTCAAAGCAAATGGTTTGTTATTGTACGTTCGAATGGTCTCGTAAACTGCTATCCCTTTTGTAAGGGCTTCAACAATGTCAGTCGTTTGATACTTGCTTTTGAACAACCTTCGACACCACACCTTCCTGCGTCACGGAGCAAATTACGACCTTTGAAAATTCACCTATACTCCCGCCGTTGCTTTCATGCGGTATGTAATATTCGTCGTAACCGTAATAGATTCCGTTTTGAATACCTTCAACAAGAATAACGGCATTCTTTCCTACCAATTTCTTCTTATATTCATTTGCAACATTTTCAGAATGTTTAATCAAGATTTCTGCTCTTTCTTTCTTTATGTTTCCGGGAATTTGGTTTTCTAATCTTGAGGCTGGGGTATTGGGTCTCTGCGAATACCTGAACGTGTGAACTTTACTGAACTTGACTTTTTCAACAACTTCGAGTGTTTCAGCAAACTCTTTTTCCGTTTCGCCAGGAAATCCAACCATTATATCTGTCGTTATAGAAAAGAGCGGATCAAAAGCTCTAAGCTTATTGACTTTTTCCACAAATTGCTCGGCAGTGTAACCTCTGCCCATTCTTCTCAAAACAGTTGAGCTACCGCTCTGAATTGGAATATGGAGGTGATTGCAAATTCGCTCTTCTGATTTAATAACATCTATCAGCTCATCTGTTATATCTTCGGGATTTATCGAGCTCAATCTTATTCTGAACTCTCCGTCTATTTTCGAAAGATTTCTTAGGAGCTCTGCAAGGTTTGTTCCCAAGTCTTTTCCGTACTTTCCAAGGTTCAGACCGGTTATGACGATTTCCCTGTGTTTTTTATTAACTAACTTCTGAACTTCTTTTACAACAACCTCTATCGGTTTGCTCCTTGTTTTTGTACCTCGCAAACTTCTAATCACACAGTATGTACAACTGTTATCACAACCATCTTCGACCTTTATAAACGCTCTTGATCTCTCTGTCACTGAGTTTTCGACAATTTCGAATGAAATGTCGTCTTCTTCCCAGTAACCGATGTTGAAATACGTACCTGTATCGCTCAAATACTTGAGTATCTGCTTCTTCTCAGAATTTCCAAGTACGAGGTCAACGCCTAAAATTTTGTACTCTTCCTCAACTCTCGGGATTTGCACGTAGCAACCGCTGAGTATTATCTTCGAATCCGGATTCATTTTTCTCAAATGCCTAACAGTCTGTCTGACCTTTCTTTCCGCTTCTGCTGTTACAGCACAGCTATTTAGTATGTAAACGTCTGCGCCTTGATCCTCGCCTGAATAAACGATGTGTCCAGCGTTTTCAAGCATTTCGATGATCATTTCACTTT
CP126501.1_gap21	1108239	1112543	4304	TCTATTGCCCTTACGCTTCCTGTTCTGTCTTCAAGGGTCAGTAGTAGAAACTTTTTCCCGTCCTTTGTCTCTTGGAGTCGTTTACTTTTTACTTTGAACACTCCATCGATTTCCCTATCAACAAAATTCCTCAACTCTTCCGCGTAAGGCGGTCTCAACTTTTCCAGTGCTTCTCTCAGATTACTCACAGTTCCATCCCCTCGTATTTTCTCGGAACTCTTTCAGATATCCGGCATGTTACCTCGTAATTTATAGTACCAACAAGTTGTGCGATCTCTTCGGCTGTTATGATTTTATCTCCTTGTCTTCCTATCAAAACAACCTCGTCACCAATATTGACCTCTGGCAAATGTGATACGTCAACCATGAATTGATCCATGCACACTCGCCCAACTATGGGGCATCTCTCGCCGTGTATCAGTACGTATCCTTTGTTCGAAAGGCTTCTCCAATAACCGTCCGCATATCCAACAGGAATTGTGGCTATTTTCATTTCACTGAAAGCGGTGAATGTTCTGCCATAACTCACAGTGTCGCCTGGCTGGATGTTTTTGACATGCGAAACAACCGATTTCCAGGCCAAAACAGGTTTTAGTGAGTCGCTCCGAACTGTATCGCTAGGTTGAAGCCCATAGCTTGCTATACCGACTCTTACGTAATCAAAGCAATTAACAACCTTAGACAGTGCGGCGCCACTGTTGCATACGTGTTTAATTCTTACATCTAAGTCCAATTTTCTGAATTCCTCAGCTTGCTTTTCAGTAAATTCCACATCGCCTTCTTCCGAACTATCGGCAACCGCAAAATGCGTGTAAGCACCGTCAATTACAAAATTCGCCTTCCTTGCGGCTAACAGAAATTCTTTCGCTTCAGATGGGAAAACTCCTAATCTTCTCATACCTGTGTCGATTTTTATATGGCATTTCGGCCTAAAAGCATATTTTGTATATCTCCATAATTGTTCCCAAGAGTAAAGGGTAATCGTTAAATTGTACTGCTCGGCCACATGGAGCATATCTGGTGCAACGTAGTTAAAGACGAGTATTTCGGATTTTATGCCGTGCTTTCTTAGTTCTACGCCCTCTTCCAAAAACGCAACAGCAAGAAAGTCTATTCCGAAGCGCTCCGCTGCTTTCGAAAGCGCAACGGCTCCGTGCCCGTATGCATTCGCTTTCACCACAGGCATAACCTTAGCAGGAGCACAGTGCTCTTGAAAAAATTTCAGATTGCTCAAATAGTTCCTTACATTTATCACCGCGTATGTTCTTCTACTCTCCACTTGCCCTGCCCCCTTGGTAATCGTTCAATTATTATTCTTTTCTTTCAACAACTAACATGTTTGTCATCCGGCCAATTTTATTAACACCATCCACGGGAGGTATTCTGTAAATCCTCCATCTCGTTCTTATGACAGTTTCTAAAATTCCACTCTTCACACCAATTATATCACTCAAGTCTATTGAAAAGTACATCGATTTCAATTTGCTACCTTTTATTTCTATTTTAAAAATCAGGCTTTCGGCAAACATTATGACTAAAATAAAATAAGCTAAGATAATCACGAAAGTTACGAAATCAGATAACGGAAGAGAAAAAAGATAGAGCACGAACGGTGTGCTCGATGATAGAACTAATAGATTCAATATCTTGTACCATTTTTTAACTTTTAGCACCATATAATCACTTCACATAAGCTTTCAGTCTTTTACAGCTTTAAAAAAAGCGGGGATGTCCCCGCTTTTTATGCTTCTACTTCAACTGATTGAGATCTGCTAACGTATCTCTTTACCTTACCGGCCTTGAGACAGCTTGTACAAACACTCATTCTCTTGACTGTACCATCGTCAAGAAGAACCCTAACTTTCTGAACATTTGGCTTGAACCATCTGTTCGTGTGTCTGTTCGAGTGGCTGACATTCTTTCCTGCTCTTGGTTCTTTCCCGCATATTTCGCACTTTGCCATGACCGCTTCCTCCTTTATTCCAATATTAATTGCTTCATCGCTTTTTAGCATTCCCGTGTTATGACAATGCTAACAGAAAAGACTGCTACGTGGTATATTATACCAATTCTCCCTGTAAATTCAAGTGGTATTTTTATTACATTTTCTTATTTTATTTCCTGCACCTGTACGGTATTAGTCGTTCCTGGTTTACCCCACGGTATTCCAGCAACGATGACTACTTTATCACCCGAATTCACAAATCCAAGTTTCTTGGCTTTTTCTGTAACGCTCTCGATCATCTCATCGGTTGACAAATTTTCTTCAAGCATAACTGGTAAAACACCCCAAACAAGTGAAAGCCTGCAGTATGTTTCATACGAATTCGTTGCTGCCATTATTGGTATTGCCGGTTTGAATTTAGAAACGTGTATCGCCGTTGAACCGGTACTTGTAGCTGTTATGATCATCTTCGCGTCTATATTCTTCGCCAGAGTAGTAGCAGAGTAAGAGATGGCGCTCGGCAGATCCAAGCTGGACGAATACTCTTTTAACCAGTCCAATTTGAATGTCTCGTATTCTTCCATATATTTTTCCGTATTCTGCGCTACCTCGTCCATAACCTTAACAGCTTCGCAAGGATATTTACCTATAGATGTTTCCGCTGAAAGCATTATCGCATCAGTGCCATCAAGTATTGCGTTCGAGATATCGGTAACTTCCGCTCTTGTAGGCGTCGCGTTGTTTATCATACTCTCAAGCATCTGGGTCGCAGTTATGACGGGTTTCTTGTAAAGATTAGATATTTCAATAATTCTCTTCTGAGCAATTGGTACTTGCGAAATTGGTATCTCGACACCAAGGTCTCCCCTTGCTACCATTACGGCATCTGATTTTATTATTATTTCTTCCAAATTGTCGAGGGCTTGAACCGTTTCTATCTTTGCTACAATGGGGATATCAGTAAGCTTTTTCGCATCTTCTATATCTTTTGCCTTCCTCACAAAGGAGAGAGCAAAGTAATCTATTCTCTCCTCATTTCCGAGTTTTATGAATTCCTTATCCCGCTCCGTAATCGAAGGAATGGATACATCAACCCCAGGAAGATTAACGCCACGCTTATGTGTTATAGTACCGCCCCTTTCGATGATACATGTTATAGTCTTTTTTTCGACATCGACACTGTCAACCGTCAACGCAACAGCTCCATCGTTTATAAGTATCTTTTCACCAGATTTTATCTCTTGATAAAGCTTATCGTAGTTAATCCAAAATCTCTTTTCACTTCCAACAAATTCTTCACCACACACGATTTCACAGTATTCCCCTTCTTTTAAAGTCACGTAGTCACTTTCGAATTTTCCCGTTCTTATCTTTGGTCCTGCAAGGTCAAGTAGTATCGCCAAAGGATAACCTTTTTCTCTCACTCTTTTTAGCCTTTTTATACGCTCCCCGTGAACCTCAATAGTCTCGTGAGATGAATTGAGCCTGAAAACATTAACGCCGCACTGCACCAGTTTGGTTATATTCTCTTCCGATTCGCTTGCAGGTCCAATAGTGGCAACGATTTTTGTTTTTCTCATTTTTGCACCTCCAATCTAATTATTTCTCACCTTTTAGACCGTATGCTATTATATCACATCCTTCGTAGATTCAAGTATTTAACTATAAAGAAAAACCCCTGCACCTTTTCATGCAGGGGTTTCAAAAGCAACTATTGTCTGTTAATCGATGTTCCACTTCGTAATACCTATTATTAGAACAACAACAAACGCCCAAGTAATCGAGAACAGAGGTATAAACGCCGCACTTTTTACCCAGAAGAAGTCTATGACATTCAAAGCAATCATTAGAATGCTCATGTAGACTGTCTTGTGCATGCCTTGCCTTACTCTGAGCTCTCCGAAATCTCGAGCTATTATGAAAGTCAAAACAGCTAATATCACGTAAGCTACTGGTGAAATCGACAAGCCAAGCTTTGTAAAGAATGTCTTAAAATCTCCTGAGAAGAAGGAAACGGAGATGAGTATGTAAACCATAGAGACTACATTTGCAATATTCATAGAAGCCTTTGATTGCTGTATAACAGAAAGTATGATGGGAACCGCAAGAACGATGTTTGCTATAAACATCAATACTGAATAAGCGTTGACATTTGTCATCTATGTATCACATCTCCTTAGAGTGATTTTCTGTACTCTTCTTCACTCATGAGTTCATCGAATTCCGCAGGGTTTGATGCTTCAATCTTCACAAGCCAGCCTTCCCCTTCTGGGTCTTGGTTTATAATTTCAGGATTCGTATTGACTTTGTCGTTAACTGCCACGATTTTGCCACTGACTGGAGCGTAAACATCACCAGC
CP126501.1_gap22	1123736	1127617	3881	TATAACTTCGGCAAAAGTGCTTTTGTTCGCCCATCTTGGCCTTTCTGGCAATTTTATTTCGTCTTCTGTAAGAAGATGGCGTTGAATACCTGTATACAATATGTCTAAGGTAGGAATGCCAATGCGTGCTACCTTTAACTTGCCTGTGAGTTCACGACCAGGGAAAAGCAAATGACCGGGTTTGGCATAGCCAAATGTAACTGTCAAATCAGCTTGAATCGCACTTCCCATTATCTTTCCGCTATCAGCACAAACGCCGGATGGTATATCAACCGAAACAATGCACTTTGAATAAATGTTCATAAGTTCTATTAAGCTTGTTATCTTTTCGTCAGTGATATCTTTATTCAGACCTGTTCCGAAAAGCGCATCGATAACGATATCAGCTTCTGATATGATTTTTGAGGTTTCCTCAATTCCTATATCATTAAAGTTGTAGCAAACACCACCATGTTTAAGATACCTGCTATGATTTTTCCTGCTTATGTCAGTTTTTGGCTCACCCAAAGAAATAACTCTGACGGCTTCCGTATAGTTGAGCAAATCTCTCGCGATAACATATCCATCTCCACCATTATTGCCTGTACCGCAAACAACGACAAAACTCTTTGAAGTTAAGTCGCCGTATTCATTCCATATCGACTGGACAACCGATATGCCCGCTCTCTCCATTAAAATCTCTTCAGAGATTTCAAAATCTTCGATAGTCTTCTTTTCAAGCTCTTTCATTTGAGCACTTGTCAGCACAATCATCTTCTCATTCCCCCCAACCTTCCATAAAGGAAGGTGTAAAGCTTGTAATATCGCATCACTTTAAAAACATATCGCTCACCCGCATCACTTTTTACATCGTCCGGAGCGTACGGGCCTGTGTTGTAATGTACAAGTGCAGTCTTCAAATCTCCATCTTTTTCAAGCAAGTAGTTCAAATAAAGACAGCCTAAGGCAATATTTCCTTCAATGGTTGTGTAGTCATAGTTTGTTTTGAACTTTTTGTTCACCCATTCTGCTGTTGACGGCATAAGCTGCATTAAACCGTAGGCTCCCATATTTGAAACAGCATCTGGTCTAAAACTGCTTTCTGTCCTTATGACACTTACAACAAGTAACGGATCCAATTTTCCAGAGTACTGAACAACTATGTCATAATACTTCAAGGGCATGATTCTAACAAAAAAAGAAAAGAAAATTATAATACCAAAAAGTAAAATTGCGATTGTTACTCGCATTACTTGGCCTCCTGAAAATTGGTATAAGTTTTTTCGGATCTTTCCACTGACTTAAATTATAACACATCACACTTCATTGGACAATTTTAGATATGCTTAAAAATTTCCTATATATTATTTATTAACCTTATCATCAAAAATAAGTATCCGGTCGCTATAATGAAAGGACCAAATGGTACAACTCTGCTTTTACGGAACTTGGAAAAAAGAAGCCCACTTATGGAGGAAATAAACATCAAGAATGGCATGAACAAAAAACCTACAGCGAAAGAATAAACCGGGAAAAGGAAAATATCGCCCTCTCCGATACCTCCTTTGTATCTCCATCTTAAAAAAAGAAGTATGGATAGAGCAAGTATACCACCTATAAGGTCAAGAAGTATGAACGAACGAAAATATTGTATGTTTAAGTATATCCCAACCCCAAGCGTTACAATCCACGTGTAATCCGGAAGAAGCATCATCTTCAAATCTGTAAATACAGCTGGCAAATTTACTAAGAACAATAAATCAAAACAGGTAGCTATATCCAAAGGAAAGATGATATGGTTAAGAAGGAAAACTATACCAAAGACGAGCTCTATAATTGGGTACCTGAGAGAAATCTTGCTACCGCAAGTTCTACAGCGCCCACGGAGAATGATGTAACTCAGCAACGGAATATTATCGTACCAAGCTATCCTTTTTTTGCAAACTGGACACATTGAAAAACGGGGCTCATTTATCTTGAGCCCCGCAATTGGTCTATATATTAAAACATTCGCAAAACTACCGAATACCGTGCCTATAACAAATGAAAACAAAAGCACTATTTTATCCCACATAGCTCTTTCTCCGACTGAGTAAGTAGTTCATCAAAGAACTCTCTCTTGCCGTACAAATACCAGAAGTTATCACTCTTCAACTCATCGACGATCCTTCTTGCCTTTTCGATTTGATTCATCTTTATATATGCAACAGCGAGTATCAGGTTGAGATGTCTTGCGTCTGGGTTGGCGTTAATTATAGTTTCAACAGTCTGTATGACTTTTTCGTAATTTCCTTTCTTCAAGTGCACTTTTGCCCAAATCTCAACACCGTTTGGATCGCTCTTTGGATCCATTTCAAGTATCAAGCTTTCATATTCGCGAGCCTTTCCATCATTTCCTGCTTTTGCGTAGAGCTCTGAAAGTTCGTAAAGAGCGATGATGTTGTTCTCAGATGTTTTCCTGAAGTTTTCGAGCACTTCGATAGCTTTTTGAATCTCATTGATTTTTGTGTAAGCATCGGCGAGCATAAAATATGTAAATGTGTTAGATGGCGAAAGTTTGATCTCCTTTTCCCAGTATTCCACAGCCTTATCGTATTTACCCATGTTGTAGTATGCTTCACCGATTATCGAATAAGATTGTATCAACCAAGGATCCAGTTCGATAGATCTATTTAAATACTTGATAGCCCCCTCGATGTCACCTTCTTCAAGTAAGAAACTGCCGTATAATTCATACGCAGGGGCGTAATTCTTGTCCAATCTCATTATAAACCTCAAAATATCTTTTGCAACTTCGTTCAAATTTTTATCAGAGTATTCAACGGCCAATTCGTACAAACCGTCAGCCGTAGCATGAAGTAATTTTTCAGGTGTCAAATCATATTTTTCAAGGAACTCCACAACTTCGGTCCAAACAATCGGTTCATAAACGATTTCATTTAGAGAAGCTATCCTTTCCTCGAGTGCTTCAAGCATTTGAATTTGATCGTACAGATGCTGAATATCCTCAAAATCCTTTTTCATGTTACGCCAATCACCAGAATAGAAAAGATCACGTAAGATTACCAGCATAGGCGTTTCTTCATCAATATCGAAATACATATCGCTTTTTGAGCCCAAGATGAGTCTTATAACCATTAACAACACCTCCTGTTTTGTAACGTACCATTTACATTGTATCATATTTTTTCATAAAAGTAAATAGTTGCAACAGCAAAAAACTGTGTGCAATAAACCTTTCATGCTGAAATAAGATAGCCAAAAATGAATTTTAAGTGAATACTACGAAATTTTACAAATGACTGTTTAGCTATTTCTTTTAAACTCTTCATTCTAAGAATTTTCTAAGCTTGCTGGTGATATAATATAATTGCACAATATAACAAAAACAAAAGAGGAGGTGTTTTTATATGAGAAAACTACTTTTGAGTATACTCATTATTCTTTCTCTAAGCACATTCGCTATTGTAAACGCCGATTATCAAAGCCCGATTGTCAACGTTGTTAAAGCAACAGCACCAGCGGTTGTGAAGATTGACGTTGTGTCACAAACTGAGATTTACATTGACCCTTTCATCAGAGAGTTCTATAAACAGTTCTTTGGAGATATACCACGACAGTTTGAAGAATCAAACAGTGTTGGTTCCGGATTCATAATCAGCAAAGAGGGTTACATCGTGACGAACTTCCACGTTATTCAGGGTGCGAAAAAAATAACGGTAACGATGCTCGACGGCTCCGTGTATGATGCTGAATACATTGGAGGAGATGAAGAACTTGACCTAGCTGTAATCAAAATAAAACCAACAAAGACACTTCCGGTACTTGAGTTGGGCGACTCTGATAAGCTTAATATCGGTGAATGGGCGATAGCAATTGGAAATCCTCTCGGATTCCAACAT
CP126501.1_gap23	1189357	1194301	4944	GCGCTACGCCGACGATACCTTTTCCGTCTTTCTTCGCTGCGATCGTTCCTGCAACGTGCGTACCATGCGCACCACCGTAGGACGAGTCAGTTCCAGCTGGAAGTTCTTTATCAAATGCTGGTCTGTAACCTTCTATTACTTGTCCTTCAAGGTCAGGGTGCGTTCCGTCGACACCACTGTCAACAACTGCAACGATTACATCTGTACCGGAAGCTTCGCTCCATACCTCCGTTGCGCCAACTGCCTCAACGCCCCAAAGGAGATTGCTGAACTCTTCGTTGCCCCTTGGACTTGTTGCGCTTGTTACTCTTGGCTCAAAATTCGATTCTTTTTCGATATCGCCCTTAACTGGGAGTGGTTCAATGAGTTCTCGCTTATAGCTCGGTTCGACGTACCTGATTCCTTTGATATTCGCTTCCTTAATCTTCGCATACGCATCTGCGACTTTACCGTTGAATTTTACCGATATCATCTTAATCTGTGGAAGGTCTACAACTATCTTACCATTCAAAAGCTTAACTACTTCGAGCGCTGCATCTCTGTTTTCGTAGCCAACAAGCACTTTTCCTTCGAAGTACTCGCCAGGAATGAGCTCGCCAAAGAGAACTGGCTGATTCGTTACTTTGCTTATCGGTTTATTTACAGCTGGTTTATTATCAACGTTTGAACCATTCTTAACCTGCGGCGTACATGCAAAAACGAAGAGCAAAACAACCGTTAAAGCAACAACCAACAATACACTGCTCAGTCTTCTCATCATCTATCCCCCCCTTCTCAATTCGTTCCAGTTGTGAATGTGTAGAACACGGACGGTTTTACAACAAAACTAGGACCAAGGATCACACCTGTGTCATCCGCGTGGATAGCATAGGCTATCGTCTTAAACTTCAGGTTAGAATCCGTCAAGCTCAAACCATTGTAAATCTTCTGTGCCCATGCATGTCTGAGTGTCCAGTTGTAGGTCTTGTTCGCCTGGAGCTTGTCGTATGCGTAAGCATCTTGTAATGCATAATCTACCCAGTATGGTGCAGAATTATTTCTATTGACTATATAATAATCACTAAATTTAATCGTAACTTCTTGATCAGGTGCTGTGAATCGATAGAATGAACTTGGTTTTAAACCCAAGCTATACCAAGCCACATCGTTTTGGATGTAATCGTATAGCCAGATACTATATGTATACGTTAGTGATGTTGTTGATAATTCATCATCAGTGGGTACGTATGCTTCTAAACCTGTGAATCTCCATTTGAAGACTGTATCCCTTGGAACATTCGTTGAGCCATTCGTCGGTGACACTACTTCTATGTTAAGAAGTGGCAACGGCGTTATATGACCAATAACTGTTTTATCTGATTCGAATCCATCGTAAACGGACGAGACTGCATACCATGTCTTCTTTCCAACTTCAAGAAGTGGTGAGGTGTCTCTGTAGTAATAGTACGTTTCTGGAAGTGTAGCTATCGGCGTCCAGCTTTTGCCATCGAATGATCTGTAAACCCTGTATGCTTTCGGTTTTGTAGCTCCAGAAGTTGAGAACCATCTCCTCCATCTGATTTCAATCCAGAGGTTTGAATCGTCATCTGGTGCGCCTGCTAGTTCAAATGCATTGCCCGATGCGTCTATTCCCTTAACATTCTCTGGGACTTTTGGTCCAGAATAGAATTGAACTGCTTGTCTTCTCGTGTACGCGTAAAGGTCATACTGTGTTGCATAAGCTGTCGTGTTTCTCTGTACCACGTAAGGTGTAACGTTACTTGCCGGTGTTCTCACTATGTTGAGCCAGATTATCTTCTCAACCTTATTATCGTTGTGGTCGTACACATCAACTATCAAAGGCACTTCACCTTCGAATTCTAATACTGACAATGAACCTTCCAGTTCGTTCCAAACCCCTACATACAACCTTGGCGCTGTAAAGTAACTTGTTCCAGGAACACCGCCGACTTTTGCGTAGATAATATTTATTCCACCACCAAATTCAACCGGTGTGGCAACAACACTCACGTAAATGCTGTTCAGTGTTATGTCTGTCGCTGGATCAATCTCAACTGCTTTTGTAGCGTCTGTGTAAAGCTTAACGTCGACCTCAATAGGAATCTCTGTTGCTGTTTGCGCTGCTGTTGCTTTTCTAAGCGTGGTCGTGAGTTCGACTTCCTGATCTCTTAAGAGTCTCATTCCAAGTATCGATGTTCTGGCGTGGCCTTCTTTTGATATAAATACGTTGAGATATTCCTTTTCTTCATCTGCCCTGAATAGCACTCTGGCAATACCTTTGCTGTCACTGTATCCAACGCCCCTGAGATTGCCTGCGCTGTCTTTGACTTCAACTCTTGCACCTTCTACAACTGGACCGGAGTTGTATTGGGAAATGTTCACCACAAGTGTTCCAGACTCTTGAACTATGACTTTAAAGACTATTGAAGCCTTGTCACCCGCTTCGTCTATAGCCTCAACTTCTATGTCGTACTCCCCAGCTTCTGTCGGCGTCCACGTGTAAACACCATTCGATATGGAACCTTTTCCTGTTGTCTTTAAAACTATTTGTTCGATATTGTTATCTGGATCGCTGACGTACTCTTTCAAATCCACTGTAACCGTCTGTCCCTTAAGAATGGTCTGATCCGGGATGGAACTCCAAACAGGCCCTGATGGTTGGACAATAACCTTAAATACTTTTGAAGCCTTCGCTCCAGCCTTGTCTACAGCTTCAACTTCAATCTCATATGTACCAACTTCTGTTGGTGTCCACGTATAAACGCCGTTCGAGATGGAACCTTTACCCGTTGTCTTCAAAACGATTTGGTCGAGGTTGTTATCAGGGTCGCTGACGTACTGTTTCAGATCCACTGTAACACTCTGACCCTTAAGGACGATCTGATCCGGGATGGAACTCCAAACAGGTGGCTTGTTGAAAAGGTTTGCTACCGTATCACACCCACTGAGCGTGAGTATGAGCAAAAGCACAACGAACGTGGTTAAAAATACTGCCTTCTTCACTTTAATCCCCCCTCTATGTGAGATGTGGATTGCCCCCCATGTCACATTTACATCAAAAAATTATACCAGATTTTTCTTTTCATAGTCAAGAGTATAAAGGTATATATCTTTAAACGTACGTTATTTTCATCCAAAATCCAACATAAAGTTACTCTCTCGTGCCATCTTTAGCAAATTTCACAGTTCTTTGAAACAACATTCCTTCCTTAATCATACCCCCATTTCTCGCATCAGCAAACGTGATTCTTGACTTGCCTGGAAATTGAATGCATTTCACCCACAAGGCGTTTTCTCCACATTTTATCAACCCACCAAGTTCTTTCGATATATTTATTATCTCCCCTATTTCTGCTGTCTTTATATCTTTTTCTGTCCCGCACGCACCGTACAATTTGACTTCTACACCATTTATTACTGCCTTCGCACCAGGCACCGGGTCATATGACCTGATTTTGTTCCTCACCTGTTCTGCGCTCTTTGAGAAATCTACGTATAAATCTTCCTTTTCTATCTTCGATGCATAAGTTGCCTGAGAGTGGTCTTGAGGCGTTAGCGGTACAGGATAGTTTTTCAAAAACTCATCAAGAAGCTTTGTCCCATAAATCGTCATCTTTTCGTAAAGTTCTCCGAGGGTTTCGCATTCCCCAACTTCAAAAGCACTTTGGAGCGCTATGTCGCCGTCGTCCATGCCTTCTGAGATTTTGAATATCGTAACGCCAGTCACATTTTCCCCGTTCTCCAAGCACCTCTGCATAGGCGCTGCGCCACGGTATTTTGGAAGAAGTGAGGTGTGGATGTTGTAAAATGGTATAGCATCTAAAAACGGCTTTTTCAAAAGCCTGCCGTAAGCAACGACGATGCCGATGTCCGGTTTGAACTGCTCGATTATCTCCATGCCTTCTTTTGTTAAGTTCTTCGGCTGGAATACGGGTAGGTTGTATTTCAGGGCAATTTCTTTAACAGGTGTGGGAAGTAGCTTCTGCCCCCTGCCTCTTGGTTTGTCAGCCTGGGATATGACCGCGACAACGTTGTACCCATTTTTTAAAAGGAATTCGAGATGAATCGCCGCAAATTCCGGTGTTCCGAGGAACAGGATTCGTAAATCCTTGCCGTTTTTTGAACTGTCCATCGTTTTACCTCCTTTGATTTCTGACAGTACTCATCCTGGAAGAAAATTATAACATCTATGGTAGAATAATTGTACCAAATCTTTCCAAGGAGGGGTAGGACATGAGAAAGCGTTTTCTTTTACTTTTTTCGTTTTTGATACTGGTTTCTACGCTGATTTTTGCCGCTGATTCTGAGCAGTTGAACAAGCTGTTCTACGAAGGAAGAAGAGACAGAGATGGGGAAAAGATTCTTTCGGTCATTAAGACCATCGAAGGTACGTCCGGATACGACAAAGATTCAAGACTTCTGACAATCCTTGCGGATGCGTATCTTGAATACGGCCTTTGGGGAGTTGACGAAAAGCAAAAAGAAAAGACATATGAAAAAGCCAGAGCTTATGCCGAAATGGCTTTGAAGATTGATTCAAAAAACGGTCGTGCATCATATATAGCCGGCGCCTCTATTGGAAGGCTTGCACAGTACAAAGGCATCATTCAAAGTCTTTTCATGCTCGGAGATTTCGACAGATTCATAGACAATGCGATTAAACTTTTGAATGAGAATGATGAGGAGCAGAAGCTCTACAAAACATTTGCATACATAGCTTCTGGTATGAGATACAGAGACGTTCCATGGCCACTGTATAACTACAAGAAGTCCGAAGAATTGTTGAACGCAGCGTTGAAGCTAACGCCAAATTACTCAAATATATACCTCGAACTTGGTTATCTATACTTAAAAACAGGCGACAAGACGAAAGCGAAAGAAATGTTCCAAAAAGTTGTCTCAATGCAACCACATCCATGGCTTGTTAAGACGCACGAAGAAGCT
CP126501.1_gap24	1199347	1202765	3418	ATGCGCGGTTCAGTCTTCAACGCAACAGTTAAAGGATTCCTCATGGGCGCGCTTGCAAAAGAAACAGGCATCAGACGTGGTGTTGCAGGTAGCATAGAATACGATGATGTCATAAAGAGCTTTGCAAAGAACCCACAAGAAACGATTAACTACGTAGAAGCACACGACAACCACACGCTCTGGGACAAAAACTACCTTGCAGCTCAGGCAGACACAGCAGTTAAGTGGACAGAAGAAATGCTCAAAGATGCTCAGAAACTTGCAGGCGCAATACTTTTAACATCGCAAGGCGTAACATTCCTCCACGGAGGACAAGACTTTGCAAGAACGAAGAAGTTCGACGAAAACTCTTACAACTCACCAATCTCAATAAACGGATTTGACTACGAAAGAAAAGCGCAGTTCATAGACGTATTCGAATACTATAAAGGGCTCATCGAATTGAGAAAAACACACCCAGCGTTCAGACAGAGAGCAGCAGAAGACATAAAGAAAGTGCTCACTTTCTTGCCATCACCAAAGAAAGCTGTGGCATTCATGCTCAAAGATCCAAAAGATTCATGGAAAGAAATACTCGTAATATACAACGGAGACACAAAAGAACAGACATTCACACTACCAGAAGGCACATGGAACGTTGTGGTTGACAACAAAAAAGCAGGTACGAAAGTACTCTACCAACTCAGCGGACAGATAAAGATACCAGCAACATCCGCTCTTGTAATGTACAAATAAAATCAACAAGAATTATCGAAAAATTGTTGAAAAACCTCAAGTTCGTATGGTATAATATCCCCAAGAAAGGGGGTAGAAAATATGCCCAAAAGAATTCTTGTTGTTGAAGACGAGCCAAACATGAGACTCTTAGTAGCTGAAGAATTAATGGATGCCGGTTACGATGTCGATGAAGCCGAGAATGGGGAAGACGCATTAAGAAAATTCCAAGAAAGAGTATACGATTTAGTTACAATCGATATAGAGATGCCCGGTATGAATGGCTTAGAACTTGCTGGTAAACTCAGGGAAATAAGAAGAGAAGCAAAACTCGTGCTCTTAACAGCGTATTCTCACTACAAAAGTGACATGGCTTCATGGGCAGCCGATGCGTACGTTGTTAAATCTGCCGACTTGACTGAATTAAAAGAAGTAATAAGCCGTTTAATTAACATGTAATCGATGCCCACACCTGCGAAAAAAAGGGGTGGGCATCACCCCTTTTTTTCTATTCTTAATCTGGCAGTGAATACAATAGTGTATAATATACATAAGAAGCTTTAGGAGGTGTCTGAATTGGATTACAAAAATACGTTAAACCTGCCACAAACCAACTTTCAGATGAAGGCAAATCTTGTGAATAAGGAACCCGAGATGCTCAAATTCTGGGAAGAGAAAGAGATTTACAAAAAGACCCTTGAAACGCGCGAAGGCGCACCGACTTATTTACTCCACGACGGACCGCCATACGCAAACGGTGATATACACCTCGGTACAGCGATGAACAAAATCCTGAAAGACTTCGTCACGCGCTACAAAACGATGCGTGGATACAGAGTACCGTATGTACCTGGATGGGACACGCACGGACTTCCGATAGAGCACAGAGTAACGACTACTCTCGGAGAAGAAGCAAAGAACAAGACACCTGTTGAAATCAGAAAACTCTGTAAAGAATTCGCACTCAAATTCGTTGACATACAAAGGGAAGAATTCAAAAGACTCGGCGTTAAAGGCGACTGGGAAAACCCGTACATAACGCTTAACCCAGAGTACGAATACCATATATTAGATGTCTTCAAAACGCTCGTTGAAGACGGGAACGTCTACAGAGGAAACAAACCAGTCTACTGGTGTCCAACGTGCAAGACCGCCCTTGCCGAAGCGGAAATCGAATACCACGACCACGACTCGCCGTCCATATATGTAAAATTCCAAATGGTCGATGACCCAAAAACATACGTAGTCATATGGACCACAACACCCTGGACAATACCAGCAAACGTCGCTATAGCGCTCCATCCAGAATACACATACGTAAAAATCAAAGTTGGTGAAGAACATTGGATAGTTGCCGAAGGACTGCTCCAAAAATTCGCAGCGGATGTCGATATTAACTTCGAAGTTGTTGAAAAATTCCTTGGAAAAGAACTCGAAGGAAAGCTCACAAAACACCCACTGTATGACAGAACATCCGTGATAGTTCTTGCAGACTATGTCACGCTCGAAGATGGTACTGGCTGTGTCCACACGGCACCAGGACACGGTGAAGAAGACTACCAAACAGGTTTAAAATACAACCTGCCAGTCCTCTCGCCAGTTGACAACGAAGGAAAATTCACAAAAGAGGCGGGAAAATACGAAGGCTTAAAGATTTGGGATGCAAACAAAATAATTGTAGAAGACATGAAAGCAAACGGAAACCTCATTAAAGTTGGAAAGATAAGCCACAGCTACCCACACTGCTGGCGCTGTAAAGGACCGGTAATGTTCCGTGCGACACCGCAGTGGTTCATATCAGTCAACAAAAATAACCTCAGAGGCAAAGTTCTTGAAGAAATAAAGAAAGTCAAATGGTACCCTGCATGGGGAGAAAATAGAATCACCGCTATGGTCCAGGAAAGACCAGACTGGACTATATCCAGACAAAGAGTCTGGGGCGTGCCAATCCCAGCCGTTCAGTGTAAACACTGTGGGGAAGTCATACTCGATCCAAAAGTAGTCGAACACTTTGCAAACATAGTCAAAGAAAAAGGCACAGACGCTTGGTTTGAAATGGATGTAAAAGATTTACTGCCAGTAGGATTCAAGTGTGAAAAATGCGGAAGCACGGAGTTTGAAAAAACATACGACACACTCGATGTCTGGATAGACTCAGGTTGCTCATGGGAAGCGGTAATAAGGTCAAAAGGCGAGAAATTCCCCGTTGACTTGTACCTTGAAGGTGACGACCAGCACAGAGGCTGGTTCCAGAGCTCAATATTCCTCGCAACAGCAAAATCTGGAACAGCACCATTCAAGAGCGTCGTGACGCACGGGTTCATAAAAGACGAACAGGGAAGAAAGATGAGCAAATCGCTCGGAAACGTAATAGACCCACTCGAAATAGTCAATAAATACGGTGCGGACATACTCAGACTATGGGTTGCAAGCACCGACTTCTTTGACAACATAAGGGTAGGAAAGAACATAATCGAACAGCAGGTTGAAGTATACAGAAAACTCAGAAACACTATCAGATACCTGCTCAGCAACCTGAATGATTTCACCGAAGACAACATCGTACCGTATGAAAAACTACTGCCACTTGACAAGTGGGCACTTGCAAGGCTTCAAAAATACATTGAACAAGTAACGCAGTACTATGAAGAATTCGAATACTCAAAAGTCTACAACGCAACGATCAAATACTGCACGACAGAAC
CP126501.1_gap25	1343897	1348673	4776	CAGTTATCGTTATTTTCCCAGGATTATTTCCAACAGGGTAAACTATATCAGGCTCGTTAACTTCGATTCTGTATCCTCCCGTCGGGAACGTGCCAGCAATAATTTGAACAAACAAATAATCGTCTTTCGATGCCGGTACTCCTTCCGATATTTCAACATATTTTGTATCAGCATGCTTCAATACTCTTAACATTGCACCTTCGATTTGTTCAAGAATCGGCACTTCTGCCTCACCACCTGATGTCTTCTTTTCTTCTGGTATGACTTGCGAGTTAACACTTATTGTATATTTTGCGGGGCACATTACAAGCAAAAGTGGCATCCTAACGTATGACTTATCGCGTACGCCGTTAATCTGGTAAGAATACTCTTCTTTGCCGTATGTGAATGTGACCTTATAGACTAATTCTTTCTGAGAGGCTGCACTCGTTGTCAGTGGTTGGAATGTCCAAGCTTTAATGAGATATCCTTTGCTCTCTTTGTCTTCAAAGAGTTTAATATACTGAACGTTGAAGGTCTTTGTTCCAACTGTTTTGAAAATATGGTCAGGAAAACTAACTTCCAACTGTTTTATAACCGTACCGGCCGTTTGTAAAGATTGCTGCCCAAAAAATACCGATGAGAGCAAAAGCATTGCAAGGAAAAATGGAAAAAGAACGACTCTTTTCACACCTTACACCTCCCTTTGTGCACTAACCACACTATACACCTTTCTTGTTAGATCTATACTTTTCTTCTTTCATTTGGTACATCTTTTCATCTGCCTGTTCATATGCTTTGTCAAAATTATCAAACGGTGCAAAACCATACGAAAATCCTACTCCAAGCTCGTTTCTACAACGATTGTATAACCTATTCATTATGTGTTCAACATCTTTTTCAGAAATACTGTTGGAGACAATACAGAACTCATCTCCGCCAAGGCGTATGAAATAGTCTTCCTGCCTGATATCTTTCTTTACAATTTCAGAAAATCTCTGAAGCAGTTTATCGCCGTAGATATGACCATATGTATCGTTAATCTTCTTCAACCCGTCTATATCTATCAAAATCAAAACGCCACCCTTTGGAAGCTGTTCTATTACCTTCCTGTTGAATGCACCAGTGAGATGGTCTAACACATTTTCCTTCGCCAAAACCTCATGCCTCGCTGCTATGCGCTTGAACTTTGTCAATGTTGTAGTCGCCAAAGAGATCAAAAATACGAGCCTTCCATAAGGTATCATTAACTCGTTTGGTAATCCGGTAGCGAGTACGTAAAATGTCTGAGTTCCAGTGAGCAAAAGGAAAGAAACAGGGAAGACGTATTCAAGAAGCCGTTTTACGTAAACGATGAAGGAAATATATATTACCAAAATCATTGAATATAGATCTGAGAGTAAACCAAAAAAGTGCACGTATTTTGTGTTAGTTGAAATAACCACTAAGCCTGTAAGTAAGAAAGGAATGATCAAGAATGCAATTTTGAAACGTGGCTTAAGATAAAAACCCGAATTTTCAAATATGAGGAAAAGAAGGAAAGTAACAACAAACATGGGAGCTGTGCGGGCAAGTTTTTCAAAGATTAAATAACTCTCTACAGATCCATAAGTCTCTCTGTATGTAAATTGAACAAGCCCGAGTATCATGAAAACAGAAGCCATCAAGATATAAAAATACGACTTTTTTTCGTTTGCTGAAGCACCGGTGTATGCCAGTAAGAACAAGTATAGAATAACTCCCGCTGCTCCGATACCGACTAAAACAATATCATTTCTAAACATGTTTATCAACTGTGCTCCCTGAATCGCAGTATTCATGTCCACTAAGTAAGGACTTCCGCTTATTCCCGCTCCAACTATACCGTGCAAAACCACTTTAATCTCGTTCTTCTCGCTTTCTCTTAACAAATATTCAGGTACACTTACAACAAGCGCTTTGGGCCACAAATTACCCGTCCCATCACCGAACACCGCAACACGTTCTCTATTCACAAATATTTCTAACTTTGTTGCAATCACTTTTTGAAAAACAACGGTATTTCTTACACCATCGTAAGAAAAGTATCCCACGAACTCTTTGCTATCGGGTTTTTCGAATTGGTAATATTTTGTAATCTCATTAGACGGGACCATCCAGCGAATAACTTCACCTTCTGGAAGGTTGATGACTTTGAATGTGTAGCTCAAGCTCAAAAACAAGACTAGAGATATTAACGAAATGAGTAACATCCTAACCAAATTTACCAGCTTTCTTTCACCCATCCGCCACACCTACCGTACTACTCCTTCACCCCTATTTTCTAAATATACTAACAAATTGATAAGAATATCTTTCCTCTCTTCGCTAAGTAGTTCACCTATATCTTATCACATTTTTCTCGGCTCTCAACAACTTAACTACCATTTAACTTATTATTCTTCTTTACTTCATTTTTTTGATATTCCTTTGTAAGTTCATATATTCATGCTAATTCAGTTAAAAACAAAAAACCGCCGATTCGGATAAGAATCGGCGGTGAGGGTATATAGGAAGCCTGGGCACTACCTACTCTCGCAAGGGGTCGCCCCCTTACTACCATCGGCCCGCGGTGGCTTAACGGCCAGGTTCGGAATGGAACTGGGTGTTTCCCACCGCAGTATCGGCACCCAGGATCATTCAAAAGTGCATAGGGTGTAGGTGAAGGGACGGGTCTATTAGTACCGGTTGGCTCCACACATCGCTGTGCTCCCACCACCGGCCTATCAAGGTCCTCTTCTCGAACCGACCCAAGAGGCCTCATCTTGGAGCGCGCTTCCCGCTTAGATGCTTTCAGCGGTTATCGCTCAGGAGCGTAGCTACCCAGCGTATGCCCTTGGCAGGACAGCTGGTACACCAGTGGCTCCCTCACCCTGGTCCTCTCGTACAAAGGGCGACCCTCCTCAAGCCTCTTGCGCCCGCAGCAGATAGGGACCGACCTGTCTCACGACGGTCTGAACCCAGCTCACGTACCCCTTTAATAGGCGAACAGCCTAACCCTTGGGACCTGCTTCAGCCCCAGGATGGGATGAGCCGACATCGAGGTGCCGAGCCTAGCCGTCGATGTGAACTCTCGGGCTAGACTAGCCTGTTATCCCCGGGGTAACTTTTGTCCGTTGATCGACGACCCTTCCACTCGGAGTCGCCGGGTCACTAGGACCGGGTTTCCCCTCTGCTCGACCCGTCGGTCTCGCAGTCAGCCCGGCTTTTGCCCTTGCACTCAACGGTGGATTTCCAACCCACCTGAGCCGAGCTTTGCGCGCCTCCGTTACTCTTTGGGAGGCGACCGCCCCAGTCAAACTGCCCACCTGGCACTGTCCCTCGTGTGCTCTCCACACACGTAGGTTAGAACTCCGCTGCAACGAGGGTGGTATCCCACCGTCGGCTCCACGGACCCTGGCGAGCCCGCTTCTTAGCCTCCCACCTATCCTGTACACGCCGCAACAGAGCACAATACCAGGTTACAGTAAAGCTCCACGGGGTCTTTCCGTCTAGCTGCGGGTACTGGGCATCTTCACCCAGACTGAAATTTCACCGGGTCCCCTGCCGAGACAGTGCCCCAGTCGTTACGCCATTCATGCAGGTCGGAACTTACCCGACAAGGAATTTCGCTACCTTAGGACCGTTATAGTTACGGCCGCCGTTTACCGGGGCTTCGGTTCGGAGCTTGCACCCCTCCCCTTAACCTTCCGGCACCGGGCAGGCGTCAGTCCCTATACTTCCTCTCATCGAGTTGGCAGAGACCTGTGTTTTTGGTAAACAGTCGCCAGGGCCTTGTCACTGCGGCTACCTCGGCCTCCGTCAGTTTCCTCCTCGCGGATTCCCCTGACTTCAACCTAACGTAGCACCCCTTCTCCCGAAGTTACGGGGCTAATTTGCCGAGTTCCTTGGCAAGGGTTATCCCGCTCCCCTTAGCTTTCTCAGCCCGCCTACCTGTGTCGGTTTGCGGAACGGGCAGCCATGTATCACTACACGCGGCTTTTCTTGGCAGTGTGGCGTCAGTCCCGTTGGCCCCTCTCGGAGCCTCCCCTTCACGGCTCAGCTCAGGCTGCGGACTTACCTACAGCCCTCAACACCTAACCGCTTGGAGGGATTTGCCACTTATCCCCAGAACTTAGCCTCCTGCGTCCCCGCTTGCAGTATCGATACACAGCTGGTACCGGAATATTAACCGGTTTCCCATCGGATACCCCTTTCGGGTTTTCCTTAGGTCCCGACTCACCCTGGGCGGACGACCCTTCCCCAGGTACCCTTAGGCTTTCGGGGGGATGGATTCTCACCATCCTCTCGTATACTCATGCCTGGATTCTCACTTCCGCCTCGTCCAGTAGCTCTCACGAGTCTACCTTCTCCCTAACGCGGAACGCTCCCCTACCAACCATTTCTGGTTCCGTGGCTTCGGGGGGTGGCTTCAGCCCCGCACATTTTCGGCGCAGTGCGTCTCGACCGGTGAGCTGTTACGCACTCTTTAAATGATGGCTGCTTCTAAGCCAACATCCCGGTTGTCAGGGACACACCACATCCTTCCTCTTCACACTTAGCCACCTCTCCGGGCCCTTAGCCGACGGTCTGGGTTGTTCCCCTCTCGTCCGTAGAGCTTATCCCCTACGGGCTCACTCCCAGCATATCGTGTGGCGGCATTCGCAGTTTGACAGGGTTCGCAGGTTACCCCACTAGCCCTACCAGCGCTCTACCTCCGCCACAGAACTGCTGAGGCTGCACCTCAATGCATTTCGGGGAGAACCAGCTATCACCGAGTTCGGTTAGCTTTTCACTCCT
CP126501.1_gap26	1358084	1362550	4466	AAAATTCAACCGAGCGAACGCATAACCACCAAGAGAATTTAGCAGTATATTTCCCATCGTCAAGAGCCCAGCGTAGACTATGGTATTCCACAGCCACTTTCTGTAAAGCGGAACAACTTCGAAGATCAACTTGTAATTCTGAAACGTAAGTGGCGCACCAAACGCAGATGGTTTTGGGAAGAGTCTTATTTTCGGTGGCCAATCAAAGATATTTACGCCCTTTTCATTTCCGCTTTCATCAAAGTATGTAATTGGCGTAAGTGAAACAAGGATAGCCCAAGTAAATGGGAAGAGCGTAGCTATTGCGTATGCTATAAGTACAACGTATGATACTACGATTGATATATTCTTCTTGTCATTTCTACTGTCCATAGACTCACCGCCCATCCCGAAATATCAGTATTCTTCTTTGATGACTTTTCTTTGAATCAGCGAAAGCGTCAAAATCACAGCAAAGAGCACAACCGCAAGAGCTGATGCATAGCCCATCTTTCCGTATTCAAATGCATTTTTGTATATGTAGAACGAAATCGTTATGTTTCTTAAATTTCTTATCAGGAAATATATCTGGTCGAATACCTGCATACATCCTATTGTTCCCATTATGGAAACGAAGACTATTTGAGGTCTCAACAGCGGAACTGTGATCTTCCAGAAAGTTTGCCAACCGTTCGCACCGTCAATTTTCGCTGCTTCATAGATACTTGATGGAATATCTTGCAATCCGGCAAGGAATGTGACCATGAAGTAGCCTGCTGTAGACCATATGTTCATCGCCATTATCGCAAAGAGTGCTATATTCGGTTCATTGAGGTAATCTATCGGCTCAAATTTAAATCTTCCAAAAAGCGAAAGAAGTATTTTGTTCAAAATTCCCGGCTTTGAGTAAATGAGCCAGAAAATCATTGAAAGCGCCGCTGAAGAAGTTATCGCCGGCAAGAAGAAAACGGACTTGAAGAAGTTAACGCCCCGTATCTTAGAATTTGCCGCAACGGCAAGAATTATTGCAAGCAAAGTTTGGATTGGAACTACGATGATTGAATATAGAAATGCATTCCAAAAGGATGTGTAAAAGTACATATCCTTAAACATGTCTTTGAAATTTTGGATTCCGACAAACTTCGGTCTGTATCGCGTAAAGCGATTAGAATCATTTCTCATGTAGCGCCTCATGAAGTCTGAGATTTTAATTTCCTTAGGCAAGCGTCCTTCTCTGTAGTCAGCCAGCAGATTAAGTGAATCCAAGTTTTTCTTTATCAATTCTTTCTCTTCATCACTCAACTTAACACCAACGTCGATTTCAACAAATGTAACGGGGTCGAAGTAGTTCAGAAGTTCATCAACCGAATAACTTTTCGCTTCTTCACGCAAAACACCTGTATGAATCTCGAGTGCATCGTACGGATTAAAAACATATGTGAACTTTCTCGCTTCTAGAGGCTGGTAATCTGTCAAGCTATAATAGAATGCAGCGATTATTGGATATATTGTGAACACAAGAACTGTTAATATTACTGGCAGAGAAAACAGATAACCCACAATAGCTTCTTTTGTCCTGTACTTCACGGCTAAGACCCCCAGAATGTTTTTAATAAAGGGGAGGCAGGCGCCTCCCTCTTTTTAAATTGTCCAAGGAAGTTACTTGCCTATCCATTTGTTGTAGTTTGTTTCTATCGTCTTTACTGCATCATCAACTGTTATCTTTGAGTAGAAGAGGTCTTTAAGGAGTGAGTTAATCTGATCGTTTGCTGTTGCGAACAATCCGGTTGGTGTTGGAACTTTCCAAGGCACACCGTATTCGGCACCTTTGTAGAAGACTTTCTTTACTGGATCTGTATCTTTCGCCGCGATTGATTTTCTTGACGCAAGCACACCTGCGCCGTCAACGAATATCTGTTGACCTTCCGTAACGAGGAACTTCAAAACTTCCCATGCTGCATCTTTGTTTGGAGTTGCTCTGTTGATTGACCACGCTACTGTGTAAATCATCGTTGCCTTCTTGATACCTTTCGGCATTTCAACGATGCCCATCTTCTTGAACGTATCTGGGAATGAGCCTTTCATGAAGCCTATTGTCCATGGACCTTCCATAACAACTGCACATTTTTCTGTTGCTATAGCTTCACCAAGCCATCCTGAACCAAGTGCTGATGGTTCTTTCGCAACCTTGTGTTTTGTTACGAGGTCAATGTAGAATTGCAGTGCTTTCTTTGAATTTGGTTCTCCAAGAGCTGTTGAGAGGTCTGGCTTTACAAGTCTTCCACCGAAGCTTATAATAAATGGTATGACCCTGTTAAAATCTGGTGCGAGAGCCAGAGGGGTTTCGTAACCTGCTGCTTTTAGCTGTTGGAGTTTCTTGAGGAAGGAGTCCCATGTCTCATCGTTGGTGAGATGTGGGACTTTGTATTTATCGAATATCTCTTTGTTGAACCAAACTGCCAACGTCGAGAAGTCTTTCGCAATTCCGTATAGTCTGTTCTGGTACTTGAAAGCATCGACAAGCGATGTGTAGAAGTCGTTGAGGTCGAAATTGTCTCTCTTGACATATGTGTCAAGTGGCAAAAGCACGTTTGCCTTTGCTAGTTCTTCGAAAACATAAACATCAACGTAGAAGATATCTGGTCCTGTTCCACCGGAAAGTCTTGTCATAAGAACTTGCTTGTAATCTCCAGCGATAGGTTCCCAAACGACTTCGATACCTTTCTGTTTTCCTACCGTTGTGTTGAAAGTATCAACTGCCTTTTTGATAGCTCCCTCTTCGATTGGGTTGCCGGGCCAACCACTGATAGTGATCTTCGATGCTGCGAAGATCGAAAGTGTTGTCAAAACCGTCAAAAGTACCACGAGTAACTTCCTCATACTAAACCCTCCTTTTCAGAATAGTTATGGAATAAGGAACCTCTTGGTTCCACGAACAATTAACTCTGTGCTAATTAGCTCTGAATCTACCTTTTGTCCTCTTGATAATCTGTAGAGCTTCTCAGCTGCCTTAGTACCGACAACTTCTATGTGCTGGTCTACGGTTGTCAGGTTCGCGATCTCTGAAAGATGTATATTGTCGAAACCAACAATTGGAACATCTATCCCGTTCCTTTCACAGAATCTCAGTGCTGCATACGCCATAACATCAGATGTGCAGAAAATTCCATCAAATTTTCCCTGATAAATCTCAAGTATCTCTTTTACTTTCTTTTCATCATAATATCCGTATTCCTCAACTATTGTTATGTCGCCGTGTCCTTTACAACCATCAAAGAAACCATTCCTTCTATCCCTTTCAAACGGGAGAGTTGGATCACCTCCTACAAACAACAACTTTTTTCTCCTAAGAGACAAGAAGTGTTCTGCTGCTATGTAACCTCCGTTGTAGTTATCAGAATCGACATAGATGAAATTGTTCCTATTGTTCCGTCCAACGCATACATAAGGAAACTGCAACTCATTTAACAATTCAACACGCTCGTCATCGTCCTTCAAATCCATCAATATAACTCCATCTATCATTTTAGAGAGCACAAGGCTTCTGTAGTACTCAATAACATTCGTTTTGTTTGGGTTGACAACGTCAACCACCAGCTTTAGATTGTTCTCTGAGAAATATCCGACAGCGCCTTTGAGGAACTTAGAAGTGTACGAATCTTCAAAAACTCTCTCAACTTCACTCAGAACTGCAAGTAAGAAAAGCCCAGTGAATCTCTTGCGAAGAGATTTCGCAACTGAATGAGGAGAATATCCATACTTCTTCGCCATCGAAAGCACCAGTTCTCTTGTAGATTCTCTTACCTTCTCAGGCTCATTGAAAACTCTTGATACAGTTGCAACTGAAACTCCACATAAATTCGCCAATTCTTTGATGTCCATAAGAACACCCCTAAATCTATATGTTGCATGTCTTTAATGTAATCGATTACATTGGTAATATATCACAATATACTTGTGAAAATTAACCCCTAAAAAATTCCGAATATTGACGATTTTCATCTTTATATTTCGAGAAATATGCAATACTGCATATATCTAATTTTTTCTTGAATTTCAACTGCAAAATGTAATCGATTACATAACTCAAGAACGGGTTATAAGTTCTGATTTTCAAAATCTCCCGAAGTTTGATGATATATTTGATGATATAATAGGAAGCAGGATTACAACGTCTCAAGGGAAGTGATAAAGGTTTGAACATACTCAGTGATTACTTTAAGAAATTTCTAAGGAACTTGCGAAAGTTAGCTTTTTCAAGAAGAGTGCCGAGAAAATTTCTAACTGTTGCAATAATACATTACGATGGAAAAGGTCTCAAAGATGTAATAGGCAACTTTTCCGTTGAACTTAAGTCAGCGGATGTTATCGTTGGGAAGAATTTTTCAAAGGAAGATTTGAAAATTTTGAGAGCTTTTGAAAGAAGTTTCCAAAACAAACACATTCTTCTAACCGAGCTCGATAACAGCAACTCTGTTTTATACCAT
CP126501.1_gap27	1392500	1395909	3409	GCGAGGTAAATTGGTCCCATCCACATTGCATCCCTTTTTGCAAGGTAATCGTTAACGGTGACCATGTGGATATTCCTATTCATCAAAGAATTGAGCACAACTGGTGCGGTTGCGACAAGCGTCTTACCTTCACCGGTCTTCATCTCAGCAATCTTACCTTTGTGGAGCACTATTCCGCCTATAAGCTGCACATCGAAATGCCTCATTCCAACGGTACGCCTTGCAACTTCTCTTACAAATGCGAAAACTTTTTCCACATGCTCTTCAAGTTCTTCAAAGTTCTGGAGCTTTCCTTTATGTTCTAAGATATAGTTCTTCATTTCTTCGAAAGACATTCTTCTCACTTGTTCTTCGAGGGAGTTAATTTTCTCTACCAACTTTCGTGCCTTTCTTATTTCAGACTCGTTCTTGTCAAAAAGTTTTTTCAATTTGCTAATCACGTCTTTTTTCCTCCTTAAATCGTTAATTCACTTACCTATAATATTTTATCACAAAAAAGAAAAAAGGTCATCCAAGCGAGGATGACCAAAAGACAAAAGTATTTCAAAAATCTATGCCTTCGAGGAGCATATTGTTAAGCTCGTTAAGTATCTCGTGAGGTGCTATGAGTTCACCACCTACTCTGCTTAAAAGCCTCATCTTCGTTCCAGGTCTTATGAGCTTTGCAATTTCGCCCGCGTACTGCCCAAGATTCATCTCCGCAACAAGGACGTTTTGAACACTCGAAAGTTTTTTCCTCATTTTCTCTATTGGGATGGGCCATATTGTTATCGGCCTGAGCAAGCCAACCTTTATACCTTCCTGCCTCGCCATTTTAACTGCTTCCTTTGCAGACCTTGCAACCGAACCGTAGGCAACTATTATTGTTTCAGCATCTTCGGTCATGAATTCCTCGCACTCTGCAATCTTGTCTATGTGCAATTTTATTTTATTAACAAGCCTTCTTATCAGTTTTTCAGCGGTCTCCGCTGTTGCCATTGGGAAACCTGATTCATCATGCACAAGGCCCGAGACATGGAATCTCGCCTTACCCATCTCGACCAACGTTGGCGGTAAGTTCTCAGCATACTCACTTTCGCTGAAAGGTACGAATAATTCTTCCTCTTCGAGTTCTCTTGATGTTAGTCTTTCTACAATTTCTATTTCACTGTCAGGTGGAAGCATAAAATTCTCGTACATGTGTCCAAGCACTTCGTCCATTAACAATATGACTGGTGTTCTGTACTCTTCCGCTAAGTTGAAAGCCTTGATCGTGTATTTATACACTTCTTCAACAGTTGAAGGATAGAGGGCAATGATCGCATGATCTCCGTGCGTTCCCCACCTTGCCTGCATTATATCTCCTTGCGCTGGTTTTGTCGGCATACCCGTTGAGGGACCGCCACGCATTACGTTCACAAATACAGTTGGCGTTTCAGTCATAACTGCGTAACCTATGGCTTCTTGCATTAAGCTGAACCCGGGACCACTTGTCGCGGTCATAGACTTTGTACCTGCAAGCGAAGCACCAATTATAGCTGCGGCACTCGCTATTTCATCTTCCATCTGTATGAAAACGCCACCAACTTTTGGGAGTTCTCTTGCCATCGCTTCGGCTATTTCGGAAGATGGGGTTATCGGATAGCCTGCATAAAATCGGCAACCAGCCCTTATGGCACCGTAGGCACAGGCTTCATTTCCTTGCCAAAAGACCATGCGAGAATTTTTAGGCATTTTCAACACCCACCTTCTGTTCAGCTTCTTTTTCAATACTGGAGTTTTCTGGTTGTATCTCAACTATGTTTATAACGAAATCCGGGCAAAGGTTTTCACACATCATACAACCTATACAAGTGCTGTGATCTGGGACTGCAGGTTTATTTAATTCTCCTTTAATAATTGTCTTTGTTGGACATATATGATAGCAGATTCCACATGCTTTACACCACTGATATTTGATTTCCACCCTGTACTGCTTTTTTGCCACGAGGGTTTACCTCCTTTTTTACATTTATAGTTTATTACTTAAGCATCGCTAAGAACATACCAGCCGCCACAGCTGTACCGATAACACCAGCAACGTTCGGTGACATAGCATGCATGAGAATGAAGTTTGTTGGATCTTCTTCCTGAGCTATCTTCTGTGCAACCCTTGCTGAGTCAGGAACTGCCGAAACACCCGCTCCACCAATCAACGGATTAATCTTATCTTTCAAGAAAAGGTTCATGAGTTTTGCAAAAAGTATTCCCGAGATAATGCATGTAACAAACGCAAAAGCTCCCATGCCAAATATCAAGAGCGATTTCGGACTGAGGAAAACATCGGCTCGAGCAGACGCTCCGACAGAAAGACAGAGCAAGATCGTCGTAGTATCCAGTATGTATTTACTCGCTGCTTCAACCAATCTTTTCACATTTCCAACTTCTCTGAGAAGATTACCGAACATCAAAGGACCGACAAGCGCTAAGGATTGCGGAACTATCAACGCCGTTATAACAGTTGTAATGATTGGAAACACTATTTTCTCTGTTTTTGAAACTTTTCTCGGTGGTTTCATCCTTATCTTTCGCTCATCTTTTGTTGTAAGTAATTTAGATATCGGAGGCTGCAAAATAGGTATCAATGCGATATACGAGTAAGCAGAGATAGCGATAATAGGTAGCAAATCCGGTGAAAACTTAGTTGCTAAATAAATCGACGTCGGACCATCCGCACCGCCTATTATTCCTATCGCCGCTGCCTCAGGGAACGTAAAATGGAAAGCTCTTGCTAAAAGAAATGTTAAATAAACACCGATTTGAGCAGCACCGCCAAGGAAAATAGTTATCGGGTAGGAAAGCATAAATGAAAAGTCCGTCAACGCACCTATACCTAAGAATATAAGCGGCGGGTATATACCCAGATCAAGTCCTTGCTTTATGTAATACAAAAAACCACCTGGAACTAATCCACCATTTTCTAAAACCTGAGGTTCAGCCAGAACACCAGTCGCAAGTAAAGGAATATTCGAGAAAATTATACCGAAAGCAATAGGAATTAAGAGAAGAGGTTCAGCATCTTTTTTCACAGCAACATACACCAGAACACCAGCGATAATTAACATGAAAATATTACCCATAGTAAGCTGTGCAAAGCCCGTACTTTGGAAAAACAAAGCGAACTGATCCAGCATATACTTAGCCTCCACTATTAATATTTTTGTTTTATCTCATATTTTAGTATACTATTAATACATCTTTTTTCAATAAACAAGAACGAGCTTAAAATCAAAAATAGGCAAGCTATAAACGATTTATTATATTTTTCTTGCCCATAATGTGAATTTGGCAATTATAGGCAACTATAAAGCCACACACAAGACTATTTAAATATTCTGGGCTTCACAATGCCATCTTTCATAACGAATTCTCCACGCGAGACTACTGTGCT
CP126501.1_gap28	1482056	1485808	3752	TCTCAAATAAGGGCTTTGTTCATCTGTTAGATTTTCTAATTGCTTGGATGCTGGGACAGATGATGAAAGGGGAGAATATAAAAATCGCGAGCTCTGAGCCACTTATGTACAAAATGGACTTGAGCCAGATTAGTGAAGAGAAAGCTTTGATGCTGGAAGAGATGTTTAAGAATGTTAACCTTAAGATGGTAGATGTAATTGACGGATTATATGATTTGATGCTAAGGCTTTTGCCGAATATGGAGAATGTTTCACTAATTGAAAACAGAGACTTTGTTGTAAAGATGCTTCTATCTGGTCAACCTCTTTCAAAATTTGTTCAAGAACTTAGAACGATTGATGAACTCTTTAATAGCATCAGGATTTGATTATTGCTTAAATATTGGAGGTATAGACTTTGAGAAAAATAGATTACAAAGCTTTAGAAGAAAAAGTGAGAAAAAACGAAAAGCAAAAGCTTGCCGTTATCTGTTATGCACAGAATAACGGAAATATATTGTTCCTGCACAGAAAGAAAGAACCGTTTGCCGGTTTTTTAGTCCCACCGGGTGGGCATGTCGAAGACGGAGAGCATGTTGAGGATGCTATAAGAAGAGAGTTCTTGGAAGAGACTGGGCTCGAACTTGTTAACTTGAAATTAAAAATGGTCACTTCCGAAGAAGGACCTGAGCACTACAATTGGGTGCTTTTCATATTCACAGGTAGTACACTTTCAGATGATTTTGTGGAGAGTGAAGAGGGAAATCTCGTATGGATAAAAAAAGAAGAGGTTATGCAGCATAACCTCTCCATTATTGATAAAGAGCTTTTCCCGTATATTATGGACGGGAGCGATAAAATATGGTTTGCGAAGATTAAGTACAACGATGAAAAGTCTTTTGAACATTTGGAAATAAACGAACTGAATTTGTGATGCTTTCTAATCTTCAATCTCCATGCTGAAATCTACGTATTTCACTTCGCTTGTTAGTTTGCCTATGGAGATTACGTCGACGTATTCGCAAAGATATTCGCTGAGTTTTTCAGGATTAACCCCGCCGGAGAGCTCTATCAAGACGTGCGGGAATTTTTCTTTTATTTTTCTTGCAACTTCGCAAGCTTTTTGCGGAGGAAAGTTATCGAGCATGACTATATCTGCTCCCACTTCGCATGCTTCAAACGAGCTCTCTTCATCTTCAACTTCGACTTCTATCTTCTTTGAAAACGATATTACCTTTTTCACTTCTTCAACAGCTTTTCTAACTGAGCCGTACAGTTTTAGATGGTTGTCTTTTATCATAGCACAATCTGAAAGGTTAAGCCTGTGGGTATCCCCTCCGCCGTGCATGATTGCGATTTTTTGCATTTCCGAAGTGAATGGTATAGTCTTTCTCGTTGCAGCGATCTTTACATTTTTTCCTGATTTCTCAATCACTTCGACAAGCTTTCGAACTTTTGTCGCGATTGCACTCATAAAAGATAACGTGTTAAGAATGCTTCTTTCAGAAATCAATAAATTGTACGCATCTCCTTCAATCATTCCAATGATGCCTTTTTGAGCGATTTGACCGTCTTTATAGTAAAATTCGTGTTTTATTCCTAACTTTGAAAGTACACCTCTGACAATGTCTATTCCTGAAATAACGATGTTTTCCTCTTTAAGTAAAATGACAGCCTTTGCCTCTTTTCCTCGCAGTGGGTATGAAGCGTAGTCTATGAACTGTTCGTCTTTTCGGATCAACTCGACTAACGAGTCTATGACTTTTTCGTACACAGCCACTCACCTCGTTAGTTCCAGCATCTTCTCTACGGCTCTTCTTGCTTTCCGGGCTATATCTTCATCGACGAGGACTTCGTATTTTTCCTCAAGCAGTGCCAAATATGTGTTCTTCAATGTATTTTTCTTCATGTTGTAGCAGACCATTGAACTCACCGGGATAAATTTTCTGTCTGGGTACAGGTTTTCAAGTTTGGAGAGCATGCCAACTTCTGTTACTACGATGAATTCTTTTGCATCCGTTGTTGTTGGATACTTTTCCATTTGAGAAGTGCTGCCTACAAAGTCAGCCAGTTTTCGTATATTGCTCGGCACCTCTGGGTGTACCATCACTTTTGCATCGGGATATTTGCTTATCAGAAATCTTATCTCATCTTCTTTGACATAGTTGTGCACGTAGCAGTACCCTGTTTCACCGGGGATTGGTATGATTTTCTTTCCCGTTTTTTCTGCAACGTACGAAGCAAGGTTCTTGTCAGGACCGAAGAGAACGGTATCTGAATCGAGTTTGTTTACGACATCAACAGCATTTGCCGAAGTGCAGACTACGTCAGCGTATGCTTTTACTTCTGTGCGGCTGTTCACATACACGACAAATGGAGCGTTGTATTTTTGCTTAGCTTCAATCACGTCTTTGACTTCCAGAGAGTTTGCCATAGGGCAGGTGGAATGCCTAACAGGAACTATGATTTTCCTTTCTGGGTTCAGAACTTTCATCATCTCAGCCATGAAGTCCACGCCGAGGAAGAGAATTTTTTGAGAAGGTATAGTTGTTACAAGCCTTGCAAGTTGAAGTGAGTCCCCTATATAATCGGCAATTTGCTGGAGCTCCGGAATCTGGTAGTTGTGCGCAACGATGGTGTATCCTTTCTCTTCAGCTAATCTTCTTATTTCCTCTGGTGTTATTAATCCTTTTCTCAACGTTTCAAGTGCGGAAGTTGGACCCATGGTTTCCACCTCACTTATCCATTCTTTCTTATCATCCAATCTTGAATTTCTCTATATTCCGCTTTATAGCCGCCGCGAGTGAGAGCGGTGTGAGGTAACTCGTCTTCGGGTTTGGAGACGGTTTGTTCTTGTGAATTACTGTGTAATTTCCTACGGAGGAGAATATATTTATTTCATGGATATTTTCATTAACATTTGGATCAGCTACCACGTTGACGGTGACCTTTTCAAAACTGCCGAGGGCTAAAGAGAGCGTGACTGAAACGTTTGTGTTCTGCGGAAATTTCTTAATGGCTTCTACAGCGTTTCCTGAGAAGATTGTTTTGGGTTCCTGTATTTCTTCTATTCCAAATGCCTTTGGTGGCTTTTTTGTGGTTAGTACAACCTTCTCTACGTAATTTCTCACTGCACGGACAATATCAATTCCGCCTATTGCTCCGGATGGGATATATACATTTGAGGAAGAATTCTTGAGTTCTGCTAAGAAAGTTGCTCTGAACTCTTCGTCTGCAAATGCACCTGAACTGATGATGTAAAAATCCTTACCGCTTTTAAGAATGTCAATCCCGAATTCTTTGACAGCCTCAACTGATGCACATTCGACAACGATATCTGTTTCGCGAGGTATTTCAAAGCGTTCTAAGTATTGGCAATCAAGGTCTGTTTTTTTCAAATCGTAATACCAGCAGAGATCAATATGGTCCTTGAGTTCACTCTTAAGTATCCCCGCAATATTTCCCCCGCCGATGAATAAGATGTTGAGCTTCTGTTTTTCCATCATCAAACCCCCTCCACATTTATCTCTTTTGACAGTATTATACTTTTAATGTTATTTATTGTCAATCAATGTAAAAACCAAAAAATTTTTGAAAAAAGTATACAAAATTTTGATATTGGTAGTATAATGGATTGACTCAAGGTGTCTAGGATTGAGCTGTAGCAGGTGTATAGACAAAGTGTGTAAAGATAAAATTAATAATTCTAGTTCCTCCTTTGAGAGGAGGAAAAAAAGTGCATCCAAAAGGACAAACTAAACAGCAACGGACCG
CP126501.1_gap29	1636529	1639726	3197	TTCACCATAGTTGAATTGCTTATAGCAATCATGATCATTTCTCTTTTAATGACGGTAGCGTTAACTTTAATCCCTTCAACGAAGATTTACGAGAACACACGAACTAGTAAAATTGCACAGCAGTTCAAAAATCTTGAGAAGGCTGTTCAGAACCACGTTAATTTTGAGAAGCCCGATTCGTTAACTTCACTTTCTATATATTTGCTGGAAGAGAAAGAATATATTTCTGCTGTTCCCAAAACGTTTTTCGTTTCTGGAACAAATTTTGTTAATGGCGTCAGTTCTGTTTTTATCGACTATGCTGGAAACGACGTACCTATTGAGAAACTTAGAGAATATGGCCTAAGTGAAGCAACAACTGTTGGGAACAATATACGAGTTGAGTTAAGAATCCACAAATCTTGGTGATCTTCTTTATTCTTTTTTCCCACCAAATCTTCTTACCCATTCTTGTGCGATGAAAGCCCCAACATCCTCTGCAAATGTTCCTGGTCCAAACCCTGCGTCAAATCCGAGCTCTTTTGCAAGCTCGTGTGTTATCCTTGGTCCACCGACAACAACGATGACATCTTTCCTTATACCTTCCGCTTCGAGCAACTCTATAAGGTTTGTTAAATTTTTTATGTGGACATTCTTTTGTGTCACTGTCTGTGATACAAGAAGTGCATCTGCTTTAACTTCTATCGCTTTTGCAACGAACTCTTCGTTGGGTACCTGGCTTCCCATGTTGTAAACTTCGAACATCTTGTACCTTTCAAGCCCGTAATGTCCAGCAAAACCTTTCATGTTGAGTATTGCATCAAGACCAACAGTGTGAGCATCTGTCCCCGTTGTTGCACCAACGATGACAAGCTTTCGCCCGATATTATTTTCTATGAACTCGTCTATTTCTTCCATGGTCATTCTGTGAACTTCTACTTTCGGGACTTTTATCGCCATGTAGTCAACTGTATGGACGCATTCGCCATATCCGACAAAGAATGTAAAGCCTTCTGTGAGCTGGTGGTGGTAGACTATCATTGGATTATCAAGTCCCATTTTTTTCATCAGAATCTTCGCCGCTTCAACAGCTTCATCTCCATCTGGAACTGGAAGTGTAAAGCTCACTTGCACTTTTCCGTCGTTCATTGTATCTCCATACGGTTTTATTGCTTGTAAATTCAACGTCTTATCGTATTCCTTTTTCTCAAGCGAGTACAGTCCTCCGCTCATTTTATCGCACCTCCAAATCGGTCGTTATCTATTATTTTATTTCCCTCTATTAAGCATCTTCTCAACAAACGGGTTGTAGTAATACTGTCCTTTTTCGAAAACACCGTCGAGTCCTTTTCCACCTTTCATCGGTCTCTTTGTGTTCGCAAACACGCCTTTTTCAAGCGATTTGAAGAGCCCGTCTTCACGCATTTTCTCAAGTAGCTCGATAGCTTGGTCGAGAACTTCCTGCGCTCGTTTCTGAATTATCCCACCGGGTTTGAATATCACTTCGTCACCTAAGTTTTTCATGTTGTTGAATATGTATTTCGCAGTGTCAATTGCTATATACCTGTCTGACAGGAATGGTGTGTGTATGGCTTCTGTCATCATTCCAAGAAGCTGGATTCCTTGTTTGGTCCAGATACCGATGACGTTGAACATAGCATCTTGGACAAGGCCTCTAAATATGTTTCCTGTCATGAATCGTGTCGGCGGCATGTATTTAAGCGGTGCTTTGGGGAAGAGCTCTCTCGATAACTGTGCCTGAGCAAGTTCGTAGAGAAAACCATTTTCAAGCGATGGATCCATTTCGAAAGCATGTCCAAGTCCCATCTGCTCTTCTGGTATGCCTGCAAGCAATGCGAGTTGTTCGTTTATGAGTTGTGAGGATATAACCGTGTATCCTTGTTCGTATGCATCAGCCGTCGTGAGATAATTGTCTTCTCCAGTATTTATGATTATACCCGCATATCCGAGAATTATCCTTGAGAAGTATTGGTCAACCATCGTCCTTATCATGTTGATGTCCCTGAATAGTATCCCGTACAGTGCATCGTTGAGCATGACATCGAGCCTTTCAAGCGCGCCAAGTGCCGCAATTTCTGGCATGCACAGTCCTGAACTGTAGTTGGTCTGCCTGATGTATCTTTTTACTTCTCTTCCTACTTCATCCAATGCTCTTCTCATAATTTTGAAGTTTTCTTGTGTGGCAAACGTACCACCAAAACCTTCAGTTGTTGCTCCGTAAGGTACGTAGTCGAGTAAGCTCTGAGCAGTTGACCTGATGACTGCTATTATATCCGCACCTTGCCTTGCAGCTGCTTGTGCTTGTACAACGTCTTCGTATATGTTTCCAGTTGCGACGATAACGTATACATATGGTTGTGCTGGGTCGCCGAGTTCTTTAAGCATCTTTTCGCGCTCCGCTTTTTTCTCGTCGATTATTTTAATGGCTTTATCAGCAAGTCCATCGACGACACCGCGTATATCGTTAATGTCGTGCACTGGAAGTTTTGATAAATCAAGCTTTTCTGATGCAACAGCCTCTGCAATTTGTTGAGGTGTCATTCCAGTTTCAAGTATCGCATTCCCTATGTACAGTGCTGCACCATTTTGCAACACGCCTTTTTCTTTGAGGTGATCAACAACAACATTCGGTAAAGGTATTCCCTCGTCATTTATGCCATCAATACCAAAAAAGCGGCATATCGTCCTCTCAACACTCACTGTTGAGTACTTCTGGACAAAGTTCGTAACATCAACAGCGATATCTTTTGCAAGCTCACGTGCTCGCTCAACCTTCTTCGGGTCTATACCGAGTTTGCTTTCCATAACGTATCCCCTCCAATCTTTTGCTAATTTTTCCAGTCTATTTATTTTTTTCTTAAGTTATTTTTCGCTTCATATACTAAATCTTCGCTAATATTCAAAATCTCCATCACTCTCAATGCTTCCTTTGGAACGGATGTGCCATTGTCCGGAATTAAAGAGTAATCCATCAAATCTTGAATATCTTTCAGCAACAAGTTCGTATTCTGAACAGGCTTTAGTCCTTTTACTCTGTACCGCCTTTCACATTTTATATCATCAAAATGCGTGACTATCAACGTCCAACAATTTGTGCTGTCAAAGGCTTTTACTATAGCATTCACTATTGCTGAGCCTTCGTATGGATTCGTTGTTCGGGCAGGTTCGTCTATGAGAATTAAAGCTTTCCGTTTCTC
CP126501.1_gap30	1657813	1661130	3317	GTATTTAGGTATATGCCTGTTGGGATTCAGTCGGGAGTAGCCTTGCTAAATCAGGTTGACCCTTCAATAGAAGAGGCTGCATTTACTTTGCGTGCAACGAACAGGCAAGTGTTTACGAAAATCACTTTACCACTTATAACACCTGCTTTCTTCTCAGCACTCGTGTTTGCTTTTGTTCGTGCTATGACTGCGATAAGCGCTGCTATATTCTTAGTTTCAAGTCGGTGGAATCTTGTTACTGTTCAGATTCTCAGTCAAACTGAATCGGGTAGACTTTCCGAAGCTTGTGCTTTTTCTTTATTGCTCATAGTAATAATAATGGTCTTTATAGGCGTATTAAAGGTTTTCTTGAAGAATAAGGTCAGTATCAGCAACTATTCATCGGTAAGGAGTTGAGAAAATGAGTCTTGAACTGAGAGAGGTAAGAAAAGTATTTAAGAACTATGGAGTTGAGACGGTAACGGTTGAGAATTTTAATTTAACAGTTGAAAAAGGGCAATTCGTTACACTGCTTGGTCCATCCGGATGCGGAAAAACTACCACACTGAGAATGATTGCGGGCTTTGAAATTCCAAGTTCTGGTAAGATAATTCTCGACGGAAAGGATGTAACAAACGAACCACCAAATAAGAGAAATATTTCTATGGTATTTCAAAGTTACGCACTTTTTCCTCACATGACAGTCGAAGAGAATATAGCTTTCGGACTGAGAATAAAGAAAATGACAAGTTCTGAAATCAAACAAAAGGTCAAATGGATAATGGATATAGTAGGATTAATCGGACTCGAAAGACGAAGGCCGGAACAACTTTCAGGAGGTCAGCAGCAGCGGGTTGCGTTAGCAAGAAGCCTTGTAATGGAACCGAGTGTTTTATTACTGGACGAGCCTCTTTCAAACCTTGATGCCAAACTCAGAGAAGCAATGAGGATTGAGATAAGAAGGATTCAAAAAGAACTTAACATAACCGCTGTGTACGTTACGCATGACCAAATAGAAGCAATGAGCATGTCAGATTTGGTTGTAGTCATGAACAATGGGAAAATAATGCAGGTTGGGAATCCATTTGAAATTTACGCAAGACCAAGAAATGAATTTGTTGCAGATTTCATTGGGAAAGTGAATTTGATAGACGCTTTTGTTGAAGACGACAAGGATGAAAAACTGGAATTAAGATGCGATATTTTCTATAATAAATTCTTCTCGATTTCCAAGATGTTTCAAGCAAAAAAGGGTCAGAAGGTCAAGATTGTAATTAGACCCGAGGCTTTCAGACTTTCACCTCAGGGTATCGATAATTCGAACTGCATCAAAGGAAAAGTTCTCTCATCTATCTTTGTAGGAGCAGCAGTTGAGTGCGAAATACAAGTATCTAATAGTGTCATAAAATCCGTAATATCAAATCCTATTGAAAATGCAATCCCTGATATAGACTCAGAAATTAAACTATACTTTTCAAATGAAAGTCTATGGATCATAAGTTCCGAAAAATAAAGCCCCGATGATGGGGCTTTACTTAACTCAAGACTTAACTCAAGCGTTTTTAGAACTGAATAACTCAAAATTTCCTTCATCATCTCTCAAAAATTTCACGCCAACATAAACAACCCATGTGTCGATATAGTCAAGCAAAAATTCGACTATCGTTGTTGTAAGGAATATTTGGAAATAAGTTCTTAAATCTACCAATCCTACGAACGCAATCGTTACAAATATCAAGTTATCTAAAATTTGGCCAATCTTTGTGGCTGCATTATTCCTTAACCAAAGCTTTGTTCTTCCTTTAAGTGCATGGTGTATCCATACTGCTGTGTAACCTGATAATATGAATGCCGTCCAGCTTGCAAACGCTATCCTTGGTGTTACTGCAAATACCTGCGAAAGATAGCTTTGGGCGAAATCGTTCGATGATGGTGAGTAGCTTGTGTAAACAAGTCCCAAAAGAACGAAGGCAAATTGTGCGAAAAATCCAACCCATACAGCTTTTCTTCCTTCCTCTTTTCCGTAAACTTCTGTGATTATCGAGTATATAACAAAAGCCATACCCATGCTCATGTTCGCAGCTGTTACTTCCATTCCAAATAGATTGAAGAGCTTAGCAACACCAAGGTTGGAGGCTATGATGAGCGTTGAAAGCGCAACGTACGCTCCTTCCTTCTTCATGAACCTTAGAGCCAATAGTATGATAAGCGATGAAAGAACATACTCTAACCCGAGTACAAGAGCGTTGTACATCACTTTTCCCTCCCAAAAAGTTTACTGATCTGATAGAGCTTCGCTTAAATGTTCGTACACTTTTATTATTCTGTCCAGGCCTGTCAATTCGAAAAGCCTTTTTATGTTCTTGTTCGGTGATACTATTTTTAAGTATCGAGATTCAGCTATCAATCTTTTGTAAATTCCAACGATTATACCTAAGCCGTAGCTGTCTATATTCTCAACAGCTGACATATCGAAGACGATAATCGTTTGTTTCCTAGAAGTGATGAATTCTCTAACAACCCAGTCTTTGAACTGTGCAGCGTTAGTAGTATTCAACGAACCTGTCATTTTGATAGCCACGGCGTTATCAAATTCGGTATAATCGTACATTTCAAATCAGCCTCCTTTTTAGATTTATAAAAATCTATGTATTACGTACGTTACAAAACTTGATGAGAGGAGTGTTAAACAAGCTGTGAAAAATGTTTCTTTAATAAACTTTTTGTTATTCATCTCTATCCCATAGTATGCCAAAATCCTTGACCACATAACGCCTGCAAGGGCACCTATCAGAGTTATGTTACCACCAATGTTTGAGCCAAGCACCAAACTCATCGCATAATTGAGAGGCTTTTGATAAAGTGCTTGAGCGAAGAAAATAGTCATCGGTTGATTAACCATAACGTTCGCTGCAAAAGCTGTTATGAAAGCTGTTGCAACTGTGCCAATAAGTTCGTTTGGAAAATTAAAAAGAGTTCCAACGTATCTCGTGACACCAAAAGTGGTAAATATGTGCACGAAAACAAAGAAGGTGACAACCATTGGTAGCATCTTCCAAGGAACTCTTCTAATAGTATCTACAACAAACGTCAAGTTATAATCAAAATTCTTAAATTCAACAACTACCTCATCGCGTTCTGACATGACATCTGAAAATGAAAGGTTTAATAAAATATAGATACCTGAGAATATTAATATCGATTTCCAAAGTTGTAAACCATAAAGGTCCCCAGTTGCAATAACTAAAAAGAATATCACAAATATGCCGGAAGACAGGAAGGCGTACCTTTTGTCCTTTATAACTTCCTTTGTTTCTTCAAAATGGACACTTATCTTA
CP126501.1_gap31	1662382	1666719	4337	CAACTATAACATTGGAAACTGCGTTGTGCGTAAACTCTTCTGCTTGTGGAAAAACACAATGTGCTATGAATCTAACACGAGCGTTTTTCTTAACTCTTATGTTAAATATGACCCTTTGATATCCCTTCTTTTCGACAAAGCCCGTGCAGACGTGAATTGGGAGCGGAATTTCAACGCCTTCCTCTATCTCCATATCTACTTGCACACCATCTTCAAAAGTTGTGGGAACAAGTTTTAAACCGCTAACGTTGTTGAGACCGATAACTTTGTTACCACTAATTATTATCGACGCAATTCTTTTATCCATGAATTTCGATGCATCTGTACCAAGCTTCTCCGCTGTTTTGACGATGGTTTCAAACTCTTTCCTCACGTCCATTATCTCATCTCCCCATTAAGAGGTACATTTGGATGTTCGCACACTTCGCATGTACCTCTGAATGCTTTCAGAACGTCTTCGGTCTTGCCATGCATGAGTATCTTACCTGCACATATAAGATAGCCATAATCGGTATTGTAAACCATCTCTTCGCGGTGTGTTATGATTATTGGAGTACCACCATACTGACTTATATAATTGACAACATCGTTTATAATGTTTAAACTCATCAAATCAATCCCAGAATCTGGTTCATCTAAGATTACGTACTTTGGCTTCAGCAGAATGATGGAAGCCAATTCGACTCTTTTCCGTTCACCGCCACTCAGAGTCTTATCTACATATCTATTTAGATACAACTTAGGATTCAAACCCACAAATTCTAATGATTCTATTAGTTCACTCTTTTGAATTGTTAGTTTTCCACCAAGAGTAAGATAATTCTCAATCGTGAGCCCATCAAAGCGTGCTGGTTCTTGCCACATCAAAGTAAGACCGAGCTTTGCTCGTTCAGTTACTGACAGGGAAGTTATATCTTTATTGTCAAGTAGAATCTTACCTTCGAACGGTTTGTAAGAACTAAGTCCCATAATAACGTATCCTATTGTACTTTTTCCTGCTCCGTTGGTTCCTATGACAACGTATTTGTGTCCTGGAATGAACTTCATGTTGAGATTGTATAGTATCTGTTTTTCTTGAGTTTTGTAAGAAACGTTTTGAAGCTCTAACATCTACCTCAACTCCTGTCTTTATTTTATTAAATTCCTAACAATTCTCTCACCTTTACAAATAGGAACTGATGGAAAAACGTCTATCTTTTGGCAAAAATCAACATCTCTTCCAAATCCAAGTTCGATTAGTTTTTGAGAATGTGTTCCCGAAAAGTCGGGCCTTCTAATGGCTTCCCATGTTCTTAGGGCTATTAAAGAACTATCAGATAGAGAATACCTTTTGCATTCGGTGAGCTTTGAAATAATAAAACCGGCAAGTTGAGTGTCTTCATATGATACTTCGGATTCATTACCTGCACATATTATGGCAATATTTTCGTATGCAGATAATTGTTCAACTACATAAGAAATGTTCAAGAAAGCAGCGATATAAACATTTCCTGCGATTTTCTTTGCCTTTTGTATGGCTTTAGTTCCGTTCGATGTAGTCAATATGATTCCTTTTCCGCTGACTACTTCTTCTGAATATTCCAATGGTGAATTTCCCAAGTCAAACCCTTGAGGTTTGATGCCATTTCTCTCTCCTGAAAGTATTAAATCAGGTTGAATCCTTTTAATATCGACTGCTTCTTCAATTTTTCCAACAGGAATTACAAATCTTGCACCATTTGACAGTGCGGTAACTATTGTTGATGTTGCACGCAGAACGTCTATAACAATTGCTGCTTGAAAAGTGTATGATATCGTATCAAGTTCATTATGCGTAAGAAAAGTTGTTAACACAACAAAATCACCCCAATGGTATTATACACCATTGGGGTGAATATGTATTTACTACATGTGTCATGTTTGTGAAAAGAATTTAATCTTCTTTCTCATTTTTCAAACCAACTCAGATGGTATTTGTCTGAATTTGTTAGTAACATAACAGAATGTGCTATCTAGTTCAGTTCTTTCAAATTTGCTGTTGACCCTTTTTGCTTATATTTTGATGAACAAGCAATAGGAAATCTCTTACGGGCATTGGCTTTCCAAAATAATATCCTTGAAAGAGTTTGTAACCTATCATACTAAGAACTTCAAGCTGTGTGGTATTCTCTACACCCTCGGGGATAGCTTCCAGATTAAAAGATTTTGCAATGTTGTATATCGCTTCGAGAAGTTTTATAGAATGTTTGTCATCTGGCAATCTGAAAACAAAGGACCTGTCTACTTTTATCTTCTTGAGTGGGAGTATCGTTAGATAAGAAAGAGACGAATAGCCCGTACCAAAATCGTCAATACACAGTTGACAACCGAACTGCAATAGTTTATCAATATTATCGCGCACAGTTTGGTTCATGTCTATCAATATATTTTCTGTGAATTCAATAACAATCTTCTTTGGAGGAATATTGTAAGACGAAATTATTTCCTTAAAACGTTCAGCCATCTGAGGATCTCTCAATTGAACAGGACTTACATTGATGTCTATGAAGTCAAGGTTGTCTTTTTGTTCAGATAAAATCTCACAAACCTGTCTTAGTATTTCCTCACCGACTGACGTAATCATTCCATTTTCTTCCATAAGCTGGATAAAATCTACTGGCGGTATGATGGTACCATCTTTCTTTATCCACCTTACAAGAGCTTCTGCCCCAACAATATCTGAATAGGAATTGCAGATTGGTTGAAGGAAAATCTTAAGTTCACCATTGTAGAAGGCTTCCTTAATCGCCCTTTCTTTTGCAGCGTGTTCTTGCAGTTCGCTGTCAATAATTGCGTTGTAGAAAACAATATTGTCCTTAGCTTCTTTGGCTCTAATGAGTGCTAAATTTACCTTTCTTAACACCTCCTCAGATGTATCGAAGGAATTAAACACATGTACTCCGAAAGCAAATTTTATGTCGATAAATTCGCCCTGAATGTTATATGTTTTAGTTAATTCCTTCTCTATCTTTGAAATTATGTCATTCACAACTTTCTTTCCTGCTTGGTATGTCTTACCAAGCTTCTCTAAGAATATCCAAAATTCATCGGCATACGGGTGCGATATAGTATCACCTTCGCGAAGGACGGTTCGTAATCTTTTTGCTATTTCTCTTAGCAGTTCATCACCAATGTTATGACCTCTTATGCTGTTTATCATTGAGAAGTTCCTAACGTCCAATGTGATTATAGCGTGATAATCATCAATCGAAGAAAATTCAAGAGAACTTGCGAGTTTTCTGATGAAATAATGTCTCGTATACAATCCCGTTAAATTATCCCTTTGCAAAACTGTCCTCGCAAGATTTATAGCTTCCTTCTCAGAAGTAATATCCGTATAAATAGCATATATTAACCTTTCTGAATCAGATTCAACAACTGAAACTGTTATTCGCACTTCAACAAGCGCTCCGGATTTTCTCCTTCTCACCGTTTCAACTTTGAGGCTTCCTTGTTCTAGGGCGAGGTTTATCAGTTTTTGCGCTTCAGATTCAAGATTTTCTGGAAGGACAAGAGCATCAATATTTTTGCCTATTATTTCTAGTTTCTTGTACCCAAAGATATTTTCAAATTGTTTGTTACAATCAATAACCGTTCCGTATTGGTTAAGCACCACGACACCGTCAGGAATATTTTCAAGAAGTGTATTTAAGAGCATCGAAGTGCTGATGTGCTCCCTTTTGGTAATTACTTGTTCTGTAACATCCTCAATAACCATCAAGAAAGAGTCTTTTAACTCGGCTTTTGAAATTTTGAAAAAATCACCATTGTACTCCAAGATTTGCCCTATTTTGTCAAGCAAATCTATTACAAAATCGTTTTTTCTGCCTAAAATTTCCTCTTTTCTCAATCTAAGATACCTAAGTGCAGCTTTGTTGATATCTACAATTCTCAGGTCCTTATCAAGTATTATATACCCATTGTGTGAGCTATCGAATGCATGATATCGTACACCCAACGCTGTTCTTCTCCAAAATACGTTTATTGCACTAATGTTTAAAATCAAGATTAAAGTTGACAGAGAAAGAAATAATAGCGGGTAGTTGAAGTTAAATAAATATGCAAAAAAAGATAAAAATATACCAAGAGAAATCGAGCCTACTATCAAAAACTTGGTTTTCCTCGGGAGTCGACTTGTTCTAATAATTTTAAAAATTCCAAATGTGATCACAACTGCTGTATAAACTGAATAGGTCCAAAGAAATGAACTACCATGCGGTCTGTGTCTGCCGTGATAAATGTCACTTTGTATGGTGCCTATCCAAAAAAGATTGTGTATTTTATTTGTTAGTGCTAAAATAAGATACAGGGTGGGTAGA
CP126501.1_gap32	1671324	1672647	1323	CTACATGTCCGATTTTAAATTCTTAGCTTACTTTTTGTATCATATGAATAGAATCTTGTACTCTGTAGATATACATCCTGCCGCACAATTAGAGCCAGGGGTAGTCATAGACCATGGAACGGGACTGGTGATTGGCTCAACAGCTGTGGTAGGGAGTGGTACCGTGTTATACCATGGTGTAACCCTTGGTGCTAAATACATCACAAAGGGAAAACGTCACCCGACTGTTGGTAGAAATGTGATAATAGGTGCAGGTGCAAAGGTTTTGGGACCAATCACTATCGGTGATGGGGCACGAATTGGTGCAAATAGTGTAGTAATTGCAGATGTTCCGGAAAATGCCACAGCCGTTGGAATTCCTGCAAGAATTATTGTCAGGAAAACAAACTATGATGAAAATACAAATTGTGTAGATTGTTATAAGGCTGTGAACGGAGAAGTGAGTGATGGTCTTTGTCTAATTTCTGAAGATGACTATTCATCAGTTCACAAGGAGGCAGTGATATGAAAAAATCGGTTGAGCATTCCGTTATATCGAGAATTCAGAATTTGCAAGTAGGCGAGACTCCTTTGTTATATTTGGAAAAATACGGTGTGTATGCCAAATTTGAAAAGAATAATCCAACCGGCAGTGTTAAAGATAGACCCGTATACTTTATGGTTCTTCAAGCAGTAAAGGATGGACTCATAGGTGCGAATACTACAATTGTAGAACCTACGAGTGGCAATACGGGAATCGCTTTGGCATGGATTGGTGCTAAACTGGGTTTGAGAGTAATACTCACAATGCCAGAAAGTGTGTCTGTTGAGCGAAGGCATATTTTGAAAAGCTACGGAGCGGATATTATACTAACAGAGAATATGACAAAGGCTGTGGAAAAAGCAAAGGAAATTTCTAACAATATCAATGTGTTCATACCTAATCAGTTTGACAATCCCAATAATGTTAAAGCACACTTGGTTACTACGGGCCCAGAGATATTGCGTCAAATGAAATATAACGTAGATGCCTTTGTTGCGGGCGTTGGAACTGGTGGTACTATCACAGGTGTTGGACATGTTTTGAAAACGTTTGATACTTCCTCAAAAGTAATCGCAGTTGAGCCGAAACAATCGGCGGTATTAAGTGGTCAGACACCTGGGAAACACAGAATACAAGGAATAGGTGCCGGTTTTGTGCCAGGAATTTTCGATAAATCTGTCGTCGATGAGATTTTGCAAGTTGATGATGAAGAAGCTTTAAAGTTTACACAAAGGCTTTGGAAAGAAGGAATATTTGTTGGGATATCCGCGGCAGCTAATCTTATAGGTGCTTTGATGGTC
CP126501.1_gap33	1674435	1678768	4333	AGAGAGATTATGGAAATAACAGTCGACACTTTTTTAATAACGTTCGAGGAAAAAATTGACTTTTCACCCGGACAGTTTTGTATGGTAGACGTTAATGACTTCGGACTTACCCGAAAGCCTTTTACTCTCGGAAGTGATGCTGAAGGACGAATCATGATTTCGGTAAAGATAGTTGGGGCTGGAACAGAATACATTGTGAAAACACAAAACAAATTGAACATATTAGCTCCGCTCGGCAGGGGATTCTTGCCACCGAATAAGAATGGTGCGATAATTGTCGCGCCTTCTTGCCTTGCCGAGGGCCTTGAGCTATCAAGATACTTCGATGTTCCATTATTTGTAGCCTCAAGAACAAATTTAAACGATGATATTGTACAACACTATGGACTAAACTACATAATAGGTGATTACGATTATATCTATTTGCTTGAAAAACTAAAATTTTCAAATTTCGAATGGTTCTTTGTATCGGGTTCCAAAAAGATGGAGGAAATCACAACTAAACATCTTTCAGCCGAAGGTATAAAGGAGGTATTCGTCTCGCTTAACGAGTATATGGCTTGTGGAATAGGTGCGTGCAAAGGATGTGCAGTTGAAACGACAAGTGGCATTAAGCACGTGTGTCAAGATGGTCCTGTCTTTAGAGGTGATGAAATATGGAGATGAAAAAATCAGGAAATAAGTTGAACCTCCGAACACCTATTGTTATCGCGTCTGGACCAGGAGGTTTTGGAGAGTACTTTGAAATTCCTACGATAGACTGGGCCCTTGTTGGAGCTTACACACTCAAAACGGTTACGTTAAATAGGAAAATTGGAAACAAACCTCCGCGTATATACGCTAAGGATGGATACGTTATCAATAGAATCGGATTAGAAAATCCCGGTTTCGAAGGTTTTAAAGCACTTATGGAGGAAAGGGGATTAGAGGAAGTAATATCACATGTTCCGGTCATACTGAGCGTTGGTGGTGATACTTTCGATGAATACGTTGAACTTACAAGACTTTTAAAACCTTATTTGAATCGATTCATAGCTATAGAATACAACTTCTCTTGTCCAAACGTTCAACACGGTGGGCTATCTATAGTGTCTGATAAAAACGAGTGGCGAAGATTGTTACAAGTGGTACGTAAAGAAACAGATTCATTTATAATCGCAAAGCTCGGTATCGAGGGTGGTTTTATCGAGCAGATGGCAGAGGTTGCAGCATCTGAAGGCTGGAACGGCGTAACCGTAATTAACACTATAAGGGGGTTAATGATAGACGGGGAAAATCGTGTGGTACTGGGTGGCTTATCAGGTCCGAATCTTTTTCCAATAGCTCTGCGTGCTGTTTATGAGGTGAGGAAAAGACTGCCAGATATTTACATCATCGCTTCTGGTGGTGTATACACACCTGATGATGCAAAGCTGATGATTGAATTCGGGGCGGATGCCGTGAGTATAGGTAGTGCACTGTTTAAGAACGAGTCTGTGTTAAATGAAATCGGAAAATCATTGCAAGGTATCCAAAATACTTGAACAGGGGGTGTGTTTATGATTATGTTAGCAGAGGAGCAACAAAGACAAATCGTGTACGAAAGCGATATCAGGAAAGCTCATGTGCGAATAACTGAACCTGTACTCAGTCTTGATATGGAAAATCCTATCGAGTTTGTGCAAAAATACGGGAGTTTTGAGTACGTTAAAGTTGGACACAACCTGGCAGTAGAAGGAAAAAGGGTGCTTGATTACTTTTTAGAAAATGGGTATAAGGTGATTTTAGACTTGAAATTCTCGGATATCCCCTCAACTGTTGCAAGGTCTGTTCGTTCTTGGGACCATCCTGCGATTGTTGGTTTTACCGTACATGCAAATTCTGGGTTGGAAAGTGTGAAAGCTGCATTAGAATCAAGTGGAAAGAGGATATTCACAGTCATAAAGCTTACTTCAATTCCTGGGAAGTTGGAAGACTTCAAGGATGTTATAATTGGACTTTCAAGACTCGGCGCTTCTTTTGTATTACCTGGTCAGTGGGCTATCGCTATGAGGAGATACATAGGTGGTTCGATATTGGTGCCAGGAATCAGAATGGAACAATCAAAGGATGACCAGAAAGACGTTATCTCATTGTGGGACATTTTTGGAATTGCAGATTTCGCAGTTCTTGGAAGGGAGATTTACAAATCTAAGAATCCTGATGAAAAGATAAACGAAATTAAGGAAAGGGTGAAAACATGGAGAGAGTAATGGAAAGAACAGGTGATATGGAAAAACGTGTCTTGGAAATTTTAAAAGAGACTAACGCACTTCTTGAAGGACATTTTATACTTTCCTCAGGTTTACACTCAACAAATTATGTGCAGTGTGCGAAAGTCTTCGAATATCCAAAGTATGGAGAAGAAGTTGGTAAACTTTTGGCTGAAAAGATAAAAGCCTCAAACATTGAAATCGACGTGGTAGTTGGTCCGGCTCTGGGTGGTGTCATAGTCGCATATGAGGTAGCGAGGAGCCTTGGTGTAAGGGGTATTTTTACCGAGCGAGAAGATGGACTAATGAAACTGAGAAGAGGATTTGAAATAAGGGAAAACGAAAAGGTGCTGATTGTGGAGGACGTCGTAACAACAGGCAAATCTACACTTGAGGTTGTTGAAGTTGTCAATTCATGCGGTGGAGAAATAGTAGGTTTTGCAAGTATTATTAACAGGTCAGGCAAAGAAAATCCTTTTGGACAAAGGAAACCCTACTTTTATTTAGTAAAACTCGATTTTCCAACTTACAATCCTGAAAACTGTCCACTTTGCGAATCGAATATCCCTGCAATAAAACCCGGCAGTCGAAAGCTTAACGCTAAGTAGTTTCGCTGCCGGGTTTATTAAATGCTCTAAATATTTTATTTTTGCCTGTACGATGTGATATACTTTTCCCTTAGCAATCTTGCGTGTTCCATTGGAAGAAGAGAAACATTTCCAACTTTCAGCGCTTCAACGTATATTTGGGCGGTCTTTTCTGCTATCAATGTCGCTATGAACGCCTCTTGGAGGTTCTCACCCACGGTCACAAGACCGTGGTTTTTTAAGAATACGCAGTTATTTGTTCCAAGAGCCTCAAGAGCTTTTTGGGCAAGTTCTTCTGTGCCAGGTAGTGCGTACTCTGAGACTTTTAATGTTTCTCCGAGAATCATCACAGCATCTTCCACTATCGGTGGAATTTCTCTTTGCGTAATTGAAACTATCGTGCTGTATATAGGATGAGTGTGAATTATCGCACCAACGTTTGACCTATTTAGATATATCTGAATGTGCAAAGGCAACTCACTCGATGGTTTTAAGTTGCCAAAAACTTTTTGTCCTTCCATGTCAACAACGCATATATCTTTCGGCTTCAATTTATCGTAGGGATAACCTGAAGGAGTAATATACACATATTCTCCGGACTTTACACTGATGTTGCCCCATGTTCCTTTTGTAAGCCTTTCGGCTGAAACTTTTTTTGCATATTCTATGACTTCTTGCGCTATCTTTATATTGAATACTACGTTTTGCATAGTGATCTTTTCCTTTCTGTTTTTCCAATTCTCAGATACTGTCGACTCTGAATACTCCAGAGCTTGTTTCTACATTCATCAAAGAAGGTGTAATACCATATTTCATCGTATACATTTCAGCTACTTTCTTAAAAATCTCTTCAAAGTTATCTCTTGCCAACACAATAACACTACCACCAAATCCTGCTCCAACTATCCTTGCACCGAGCACGTCTGGATATTTTCTCAGTTCCTCTATAAGAAAGTCAATTTCCTCACACGAAACTTCGTAGTTATCTCTTAGACTCTCATGAGACTCGTATAGATAACGGCCTACGAGAAGAAGATTGTCTGATTCAAGAGCCGATAGGGTTTTTAAAACACGCTCGTTCTCTGTAATTACATGTAGTGCGCGTTTTCTCAGCACAGGATCGGAAAGTCTATCAACATCATCCATTGTTACATCACGGAACGATGACTTTTTCATAGATTCCAAAGCAAGCTCGCATTCGTGTCTGCGTCTGTTGTACTCCGAGTTTCCCAACTCGTGCTTTATTCCTGAGTTAATGAGATACAACTTTGCACTGTCCAAATACAATGGCACATATTTGTACTCTCTCGTCATAGTGTCAATAAATAGTGCGTGGTCTTCTTTGGAGAGTGCAACAGCGTACTGGTCCATTATGCCACATCTAACGCCTACAAAATCTACTTCACATTCGTGCGCTATCTTTGCAAGTTCCTCTCGTTCTATTTCATATCCCATAAGTTGAGAAATAGCGTATCCAACCCCTACTTCTAACGCAGCGGAGCTAGAAAGACCAGC
CP126501.1_gap34	1683242	1687251	4009	AAAACAGGACCTTTGAAACGCTTTAGTTTGCTGGAAAATTCCTCTGGTATATATTTGGCGTATGGCACGATCATCACTTTGTATTCATCTATCTCATCGTCGCTGAACACAAATTCGGCATTATAACCCAAATTCTTAACTGCCTTGTAAATCTCAACCACTGCATCCCAGTATTTAAAATTCCTATTCACATGGCTTATCCTATGAATCCACTCATTCTCGTAATCGAAATATATTGCAATCTCCTTTAACTGCTCAATCATACCAGATGTCTCATTTTTAACTTTTGAAAATGCTTCCAATCTCTTCGACGGACGTCCTGCATAATCGAGAAGCCCACCGTGGTACTGTTCTGCTCCAAATCTAATCTGGTCAAATCTAAATGGCATAACTCCAAAAGCACCATCCAAGTAAGCCTGTTTTGTCCACATTCCCAAGTATTCGGGATCAAAATTCTCATTAGTCACGCGCCAATTAACGCGACCAGGTTGTTGCTCTATCACCAAGAACGGCTTGTGTTTGATAGAACGCATCAAAGAATGATTTGCCGATTGGCGTAACGGATCATAGTCCTTTGTTGCTATGTAATTATCCCATGAAACAAAATCAATGTATTCAGCCATCTTTCTGTAATTTAAATCCATGAAGTCGATCATGAAATTATGTGTAATGGGTTTCTTAGAATGTTTCCTAATGATATCAACTTGTTCTTTTAGGAACTCTATATTGCTGTCTGACATAAACCTGTATATATCAAGCATTTGGTGAGGATTTTCAAACGTTGGCGTATTAATTGGAAAGACTATTTCGTTCCAATCATTGTAGTTCTGACTCCAGAAGACTGTCCCCCATGCTTTGTTCAAATTTTCGATATTTCCGTACTTTTCTTTCAGCCACACGCGAAACTTCTCGAGATCAGCATTTGCAAAGCTGTAAGTTGTACCGTGGCATCCAAATTCATTATCAACCTGCCAAGCATCGATTTCATCACCGTATCTTGAAGCATATTTTTCTGTTATTCTCAGTGCGTAATCTTTATAAGGTTTAGAATTAACTGAATAATGCCTCCTACTCCCAAATCCACGAACTTGTCCGTGCCAGTCAACAGGAAGCATCTCTGGGTACTTTTTTGTTAACCAAGCGGGTGGAGTTGCTGTTGGTGTGCCAAGAATCACCTTGATATCATTTGCTTTCAGTATATTGATCGCCTTGTCAAGAACAGAAAAATCGAATTTCCCGTCCTCAGGTTCTATGACGCTCCACATAAACTCACCGATTCTAACCCACTCAATGCCATACTCTTTCATAACCTTGATATGAACATTCCAAAACTTTTCATCCCAGTGCTCCGGATAATATGCGGCTCCATAGATGTCCATAAAGTAAACCTCCCAAGTTTATGATAATAGTGGTAATCTTGATAACAATCAACGAGACACACTGAACAGCATCGGTAACGTTACCGATGCTGCTAATATTATTTAAACAAAAAGTTCACTGTTTTCAAATCTTGAAATAAGTTGATTATATTCAAATAATTGAAGAAAATTAACTTTTTCTTTCCCATGCATTGTTTTATTTTCCATTGTTTCTTTGAACACACGCCAGTTTGTGATATCATTTATATGTAGTTCGCAGTACGAATTAAATTGTGGGAGGCGTTTTCGGTAGAATGGATCAAGAGCGAAGATATATGAATCCTTATAGGGCTTTAAGGAACAAGTACTATCGAAATTTCTGGGTTGTACAGAGTATTTCACTTATAGGAACGTGGATAGATACAACATTACGAGGTTGGGTAGCCGTCAACATGTTTGCCGAGAATAAAGCATCTGGATTTATTGGTTTGATTGCCTTTCTAAAGGGCTTCCCTTCAGTCTTTTTTTCGCCTGTCGCTGGTGTTCTAATTGATTGGTTCGGACCTAAGAATATTCTTCTTTACAGTCAAGTTATCGATGCTGTAAATGCTTTTATAATGGCATATTTAGTATGGAAGGGGTTGTTAAGTCCGTATGTGTTGCTTGCTTTAAGTCTTGCAATGGGAATAACAAGTAAATTTTATTTGCCGTCTCGAAATACGTTCATATCTAACATTGTTCCGAAAGAACTATTACCAAACGCTCTTGCTCTGCATTCTATGATCTTTAATGTGGCGAGAATGATTGGACCCACGATTGCTGGATTCATAGTTAAGTCTTATGGTTTACAGGTTGGCTTTATCGTAAATGCAATCTCATTCGTGCCACTTATCGTGGTTCTTTTCTTTATTCCTGATAACTATTCTTCATCTTCGAATGTGTCGTTTAAAAGATTTTTCCTTGATTTGCGTGATGGAATACGTTACGTGATTAAGAATGATGTACTTTCAAGAACATTCATAGGTTTAACGATGTATTCCTTATTCGGTATGCCATTTGGAATGTTGATGCAAGCATTTGTAAAGAGCGTTGTTAAGTATGATATCCTCGGATACAGTCTTATAATGGGGATGATGGGTGTTGGAGCATTCATCGGTGCAAATGTCGTGGCGAGCATCAATTCTAAGAGGCTTATCACTTTAAGGGAAGATTTTCTGCTGCTCATAATTGGACTGAGCATCCTTGCAGCATCTTTTCAACCAAAACTCGTTCCTATCTCTGCATTTATCGTTGGAGCATGTCAGTCTTCGTTTTTCAATATCACGAATAGTAGAACTCAACTTCTTTCTCCATCAGATATGAAAGGAAGAACAATCTCTCTTTATTCCTTTATAAACACGGGTGGCTCACCAACAGGAACGTTCGTTTTGGGATTACTCGGTAACGTACTTGGAGTGAAGAACGTCTACATCCTTTCTGGTATTATCCTCCTGTTTTTCTCATTTATTAGACTAATTAATCTGGTCAACTCCACAAAAAGTCGAACAACTACGTTTTAGCTTAAATAAAACCATATGTATGGCAAAATCTCTCCCGTTCTTCGTTACAATTTATTGTATACTATTGATTAGGACACACAATATGTGGTATAATCTTTCACGCAGGAGAATCTTTAGAAATCATGATTTATCCGGGAGGGATATTTATGTACTCAGCTTTATCGAAGTTCATCGATTATTGGAAGGATGTTGAGCCTTCGAAGAATGCATACAAAATATTGAGTGAAAGATACTTTCTTAAGACACCGGAAGGCGAGTACTTGGAAACACGATGGGAACACGTATGTCGCAGAGTTGCTCGCATTATCGCAACTTCAGAATTGGTTAATAACCCAAAACTTAAGGAGAAGGCAGAAGTTGAGCAGTTAGATGAAGTCAAAGCATGGGAAGAATTGTTCTACAATTTCTTAGTCTCGAGGATTTTCATACCAAATAGTCCTACTCTTTTCAATGCCGGTATGGGTGTTAGACATGAACTGTTGTGGAAACCAATAGAACAGATGACTTTGGAAGATTATTGGGAAATTTACAAGTCAAGGAACCATCTCCACATGTTATCAGCTTGTTTTGTAGTTCCAGTTGAAGACAGTATTGAAGGAATATTCGAAGCAGTTAAAGAATATGCACTTATAACCAAGGCTGGTGGAGGTATCGGAAGTAATTTTTCCAGGTTGAGACCAAAAGGAAGCTTTGTGGCTGGTACGCACGGTCAGGCAAGTGGTCCTGTATCTTTTATGCATGTGTTCAACTCAGCAGTTGGCGTTGTTGAACAAGGTTACAGAAGACGCGGTGCGTTAATGGGAATACTCAATATAGATCATCCTGATATAGAAGAGTTCATAACCGCAAAAGAGGGAAACGACGGGGAAAAGGTGCTTAAGTTCTTCAATATCTCAGTTGGCATTCCAATGGATAGGCAAGAACTGTTGAAATTGTACATGGAAGACGGAGAAATTGAACTACGACATCCAAAGTGTAAAGAATCAAAAAAGATTAAAGTTCGAGAGCTGATAAATAAGATGGCCAAAAATGCTTGGAAAACAGGCGATCCAGGACTCGCATTCCTCGGCGAGATGAATAAGTATTATGCCA
CP126501.1_gap35	1691103	1694536	3433	AGAGCCATTGTAATTAATTCCCCATCCACCACCAATGTTTATCTTGCGCAAATTGTACCTTTTTGAAAGTTCAACCACTTGGGAGATTGCCTCTTCAAATGGTTCTATTGATGTTATCTGTGAGCCGATATGTGTGTGCAGACCTACGATGTTGTGGTTTGGTTTTTCGAGAATTCTGCTCACATCATCGATATTTATTCCAAATTTATTCTTTTTCAGACCAGTTGAGATATGAGGATGCGTTTTCGCATCAACGTTTGGATTCACTCTCAAGAAAAACTCCGGTACACTTTCGTATTGCCTTTTGAACGCCATCCACTGTTCGTATTCTTCGAACGAGTCTATATTAACATATCGAATGTTAGAAAGCACGTTCATATCCTCTCTTGACTTTCCGTTCCCGTTCCAAACGATCATTTCATCTGGTATACCAGCCTTTTTCGAAGCATAATATTCACCGACGGTTACTATATCAGTTCCGAATCCTTCTTCATACAGTATTCTGATCAAATTCGGATTGTTGTTTGACTTGCATGCAAAAGTCGGCAAGAGATTTACACCCTCGAAAACACTCTTTACCAGTCTTGCTCTCTTCCTAATCACTTCTTCAAAATACACGTAAAGTGGGGTTCCATACGTTTTTCCAATTTTGCTAATCAGTTCCTTTATTTCTGTTCTTTCTAATAGTTCCATGACTAAAATACCCTCCCTTTTTGGGTTACCTTGCCATTACTTACCTTAAGTATCTCGCCATTTTCCATCGGTGTTAGGTCGCCATTCACATTCTCAGAGTAAACAACAAAACCAGCTTCGTTTTGATCGTAATATAAAGTGAAATAGTCCGGAGATCTTGAATATATACAACCTACGTAAAGACTATCTTCTATCTCATCATAAAGTAGAAAATTCAAACCGCTATACTTGTGGTTGGTTACATATCTTCTAACATTATCAATTAATGCTTCGAAATTATCAAAAGAGAATATATTAAGAAAAAAGTCATATGTATCGCTTCGAAAATCATTTTCTATATTCGCATTGTACACAGTACCATTGTGAGCCAGATATTTACCGCTTATGTGAAATGGATGGAGCTGTAATTTTGTCTTATCCAAATTTTCGGAAGCCTTACGGGCGTGAACTATTCCCGCTGAAGCTTTAAAGCCTTCAACTACACTTTTCCAGAAATCATCTTCGAAGATAGCAACTACTGATTTATATTCCAGCTTGCGTTCTTTTGTGAATAGAACAAAACCGTACCCATCATCATGTGGTGCACTCTTACCACTCTTTGCCATTTCAGAAACGTTGATTATTATCTTTCCAACTTCAACGTATTCATTAGAGGAAAATGCTGCCATTCTGCACATTCCTTTTCGACCTCCTTTTTCATTTTGAATATTTTACCACATGATTTGAACTATCTGTAAACAGAGAAGGTCTAATATTGTATACAGAGAAGTATTGTGCGGTCATATTCTCTATTCTTCACTATATTTCGAGGAGGTGTATCTATGAACAGCCGAGCGTTTGGAAGAAAATTAGTAATTTTTGTATTCCTGTTTTTACTTGCTTCAATGTTTTTCACCGCAGGTGGAGTCACAATCACTGAAAAGGTCAAGCTTGTTATATTACCGGGGAAAATAGGCCAGGGATGGAACATGGACGAGGTTGACTATTTACTCTCAATACTTGAAGAGCAAGCTCTTGAACTCGGAAGATTCCAGCTCTTTCCGAGGGGTGATTTGCAACAGATAATGAAAGAGAGAAACCTCAGTGAATTCGGAGTCTCCGAAGCGGTAGAAATTGGAAAACTCGGTGGTTCAAAGTACGCATTACTTTTAACACTTACTGAACTGTCTTCATCTTGGAGTAGTAAATCAAACGCTTACATCGCAGTTTCAAGATACACCATAAAGCTTTACAACATTGAGGACGGAAGCTTATTAGCTTCAAAGACACTCGATTCGGGAGGTTCCTCAAAAGAAAGTAGTCAAAAGGCTATTACGGAGGCACTTAAGAGCACAGCGACAGATATTTGGTACGAATTAAGGCAGATATTCAAACTGGAAGCATATGTACAGGCAATCCAGGGCAATACGGTAATATTGGCTGGAGTTGATAGAAAACTCATAAAATCAGGTTATGTGTTTGAGATCGAGACAGAAAGTGGTGTTGGCTATGTGAAAGTTGTTGGATTCAACAAAAATGACGGAACCGTAGTCACACAGCTCATGTATGGAGAAATGCCCAGAGAGTACGATGTTGCAACCGAATATCCGATGCTACCAATTAGAGCCGGAATTGGAGTGAGTTACTTTTCTGGAATGTTTGGTTTGGGGATATCAGGATGGGGTGGAACAGAAGACATACCTGTCCCGTTACACATAGGTCTTGGAACATTCTTGGGCTCCATTTGGAGTTACACACCGGTCTATTTAAACTTAGGCGTTGGGATGAACATACTTACTATGGGACGTATTTCTACGATGGCCAATGGTGGTTTAAGTATGGTAGGACTTGTGGACATGGATACTTACGAACCTGTTGCTTATCTCTTTGGACTTTTTGTAGGTGGAATGATCACTTATGATTTCAATCCAAAATCTGGCGTTTATGGAAGTATTGGCTACTCATACTATTTTGGAGACGTTTCTGGCATTTCGATACAGATAGGTTTGTATTTTTAAGTAGATTTCAGTTTTTGAGGCAGAATATTGCTACTCGAACTTTGCCGTAGCAATTTTATCTGGTATAATCTTGCTTGATAGAATTGGATATTAATCTGAAGCGTAGATGATGGGGGATTTTCTTTGAGAGGTTATTTTTCTTATTATATGAAGAGCAGTTCATACTCTTTAGCTTTTTTTCTTTCCCTATTGTTACTTTTTAGATGGTCTATAGCAGCAGATGGAATCCTAATAGAACAGTGGCAAGTTCTTAGGGATAGCAATCAAGTTTTCCAAAGTGAAATAGTCGATGGTAGGTTTTACAGGGTTATCAAGAAACCCTCAACCGTAAGATTAAGAGCTATTTTAGATAGTAAGAAGCTCAAGAATAATACTAACCAACCACTTTATATTTACATACCTCAAATTGACACATCTTATTTTGCTGTTTATCTTGACGGACAAATCATTGGAAGTTTTGGATTTGAAAATGAACGTACGGCACATGTGTGGTATCAACCCTTTATCTTCAAGCTTCCTGAAAAAATTGCAGTGGATTCCAACATAGAATTTCTAATTTCTGGTGTTTATGAGATTGGCATCGACTTCCCAGTTACTATTATAAATGAAACACAGAAATCGAAGTATGCTGTGTTGTACTTTTTGACAAGCTTAGCTCTTCCCATTGCTACAGGTCTAGCTCTCACGTTATCGGTTATCTTATATTCCATCGCAATGAACCTATCTAATAACAAAAAGGAGAT
CP126501.1_gap36	1748310	1752120	3810	ATTGATGTAAAACCAGGTAATGACAGATTTTTTGGTGATGATTTTGAGCGTGTAAAAAATACAATAGTTAGGGAGGTGCTTTCATGAGTTTACGGACAAAGCTTATATTATCTTTGGTACTTGTAGGTATCTTATCATCTTTTGTAAGTGTGCTTGTTTCTGTTTTAGTCTCAACCTCTGTTGTTAGAGATGCAGCTGGACAAATTCAGTCTTTGGTTCTATCATCTGTGAAAAAAGATATAGAGGTACATTATTTAAACGATATAATCAAACCACTCGCAGATTACTCGTTTAGTGGTGCAATATCACCTTACATGACAAACGTGAGTGATGAACTTGGGCTCAGTCAGCTTGGTTGGGGAGTACGGAATGCTTACAGTGCACTAAACCAGAAAGGTTACCACGATGTCTTTGTAGTTCTTCCAGATATGAGAGTTGTATCAAAGGATGGTTTGGCAAATGTGAAACTACCATCGGAAATAATTGAAAAAGTATTATCAGGAAAGAAAAAGACAGAAATTTATATGCCATACGAGTACAATGGAAAAAATTATATTATGGTTGCTGCTGCTGTTTATGATTTCGGTGAAAATGTTATCGGGGCGCTCGTTGGATTTTATCCAATTGACGAATTGCAAAAAATGGTAAGTAAAATAAAAATTGGTAAAACAGGATACGTTACTCTAGTTTATGGTACTTTAACAGTGGCACACCCAAAAGCTGAATTTGTTGGAAAGCTCGATTTATCAGAAGAAGAAGGAACAAAGATACTTGCTCAAGAAATCACATCCAAAACAAAAGGTACAATAGTGTACACATTTAATGGGAAAAAATTCGCAGCATTTGAAAGAATTGGAAATTACAATTTAACCGCTATAGGTATAATTCCATTTTCGGAAATTACAGAGGCAGCTTATGAAATAATTATGTCTGGTGTTTTCGCTGGTATAATAATCGCACTTGGCGCAGCTTTAATTGCTATATTCCTTACAGACACAATAACTAAACGTATAAATCACGTCGTTGAAATCGCTCAAAAAGTTGCTGAAAATGACCTAACAGCAACTGTTGACGAGGCCAAGCTTGGTAAAGATGAAATCGCCAAATTAGGTCATGCGTTTAAATTGCTTATAGAAAGTTTCAAACAAACAGTAGGCGAAGTTATGAAATTGAGTGCACAAGTTTCTTCAGTTTCATTCATGTTGGACGACCTTGCGAGCAACTCAGCACAAGCAGCGATGACTTCGAAAGAAACAGTTCAAAAGACAACATTAGAAGTACAAGATATAGCGGCAGCAACACAGGAAGCAAACAGCGGAATGGAAGAGATAGCGGCAGGTGCACAGAATATCGCAAAGTACTCGGAAAAGCTTTCTCACAGCGCAGAAGTGATGAAAGAGAATGTGAGTACGGTGTCAGAAAGAATGGTTGAAGTAGAGGTATCTGTAAGCGAGATAAGGAATGGAATGGGAGAATCGTTGACAGCGATAGTAGAGCTGACGAAGTTCTCGAACCAGATAGGAGAGATAGTGGATACGATTTCGAGTATAGCCGAACAGACGAACTTGCTTGCACTGAACGCAGCTATAGAAGCAGCGAGGGCAGGAGAAGCTGGTAGAGGTTTTGCCGTGGTTGCAGATGAAATCAGAAAGCTTGCAGAAGAGAGCAGACAAGCAACTAAGAAGATAGCAGAGATACTCGGCAAGATAGGAGAGCAGGCAAGGAAAGTAGAAAAGGTCACAACTGGTGTGAGTCAAAAAGTTGATGGGTACGTTACGACGGTAAAAGAAGCAGGAGAAAGCTTGAAGTTATTGATTTCGAAGATAGACGAAGTATCAAAGATGACAACAGACCTTGCAGCAACAGCAGAAGAACAGAGTGGGGCAACGGAAGAAGTAAGTGCAGCAATGGATAAGATAACAAAGAACATACAGGAAGTTGAGCATGATGTTGAAGAGATGGCAGCACAGATTGCGAACCAAGCAGAGCAGGTGAACGAGGTTAAGAATTATTCAGATGAACTCTCAAGCGCAGTGAGTCAACTTAACGATTTTGTGAAGAGATTTAATATCTGACAATCAAATCAAAAAAAATACAAACCCCCGACATTTTTTGTCGGGGGTTATTATTTGTTAATACGTCATTATTATTCTTCTTCAACTTCTTCTTCGATATCGTCCAACAACTCTTCATATGGTGGTTTGATTTCTTCTTCCTCTTCTTCAAGGCTTTCTATAGTTCTTTCTTTTATCTCTTCCTTTGTCTGTCCAAGTGGATGAAGTGGGTCCAAGCGACCAGAAAAAATTTCAATCTTATCGCCATTTTCAAATATATATTCCTTGGCATTGACAGGATTTCTGAGCACTTCTAAAACAGCAACCATTACTTCCTCGTCCAAATCTTCGTTTTCTGGAAACTTCAATACAAGCGCTCCGTTATCATATTTAAGTTCGCATCCTTTTTCGGAAACGAGTTTCATTAATTCTTCATTTTTCAATGTGTAACTCGCCCTTTGCTCACTTACATCAAGCTCCATGACGTAGTAGAATGGCATCTTTACACCCCTTGCTCTTTAGCAGCTACGTAAGCCTTAACCTTAGCTGCCAATCTTGACTTCCTCCTGCTCGCTTGGTTTTTGTGTATTGCGCCTCTTCTTGCTGCTTTATCAATCGTACTCTGTGCCTTGATGAAGAGTTTTTGAACTTCTTCAACTGGTTTCTGCTCTGCTATAGCTTTCAAAACTTCCTTAATGCGGTTCTTCATAGCTGTTTTGTAAGCTTTGTTAAGAACTCTTCTTTTTTCAGAAACTCTGACTCTCTTCTCTGCAGACTTGATGTTTGGCATACCAAAACCTACCTCCTGTTTTTCAGTTTTCTGACTTTCTTCATCGATTCACCATCCGTAGATGGTACTTTTAGTACTTTTCCAGAATCTGACAAAAAATCCCGAGACTGTAAACCTCTAATTCTCTTGGTTAACGATGAACGTTAAATGTTGAATGCACCTCTTAATTCTTTAACCATGTCTGTCTTTTCCCACGTGAACTCTGGATCGTTTCTTCCAAAATGTCCGTAAGCAGCTGTCTTTCTGTATATAGGTCTGAGAAGGTTAAGTTTCTTAATTATTGCACCAGGTCTGAAGTCAAATAGCTCTGTAACTACCTTGAGGAGCTTTTCCTCATCGACTTTTGCTGTACCGAAAGTGTTGATCATTATAGATACTGGTCTTGCAACACCTATTGCGTATGCAACTTGTATCATGAACCTGTCAGCTAAACCAGCTGCAACAACGTTTTTTGCAACGTATCTTGCAAAGTAATGGGCAGATCTGTCAACCTTGGTTGGGTCCTTACCGCTGAATGCTCCACCTCCGTGAGGAATCGCACCGCCGTAAGTGTCAACAATTATCTTTCTACCGGTTAGTCCTGTATCTGCCGATGGTCCACCAAGAACGAACCTACCAGTTGGGTTAACAAAGATTCTCATCTTGTCATCTCTTAAATCTGCGGGAATGATTGGATCAATAACGTATTTGACAAGCGCTTCCTTTATTTCAGGAATCGTTACATCTGGTTCGTGCTGAGTTGAAATCAATACTGTGTCAACTCTAACAGGTTTATCATTTTCATCATATTCAATGGTTACTTGCGTTTTGCCGTCTGGTCTCAAGAACGAAAGCGTTCCGTTCTTCCTTACCTCAGCAAGCTTCATAGCGAGTTTATGTGCAAGCATTATTGGAAGTGGCATCAGTTCTTCTGTTTCATTCGTTGCGTATCCAAACATCATTCCTTGGTCTCCAGCACCTACTTTT
CP126501.1_gap37	1760159	1761308	1149	CTTTTCAAGTGAAATTCCAGGTTTTGCAACAACCAACTTGTTTCTGGGAGTCATAAGTTCTTTTACCTTTTTCTTCACATCTGTCTCGAATCTAACATCTCTATTGGTCAACAACCCGACAAGATATCCACTGTCATCAACAACTGGGAATCCACCTATCTTATACTCTGCCATAAGTTTAAGCGCATTAAAGACCGTATCGTTTGGGTGAATGACTACTGGATTCTCGATTACACCATTTTCTGTTCTCTTTACAATTTCGACTTGGTGTGCTTGTTCTTTAATAGAAAGATTTTTGTGAATAATTCCTATTCCGCCTTCTCGAGCAAGAGCCTTTGCCAACTCACTCTCTGTTACGGTATCCATAGCAGCACTTAACAAAGGGATGTTTAAACGTATTCTTTTTGTTAAGCGCGTTGATACATCGGTATCTGACGGGAGCACTTCACTGTACTGAGGGATTAACAAGACATCGTCAAATGTCAGAGCTTCTTTAAAATTCACTTCTTTTATCCTGCTGACCTGTTTCTTAGAACTTGCCATCTTTTCAACCTCCATTCCGCCCCACGGCTTTTTCGTTTTTGTTTTTCTATAATAAAATAGACCCCGGCAAGGGTCCATTTTCTTAGTATCTATTTGCCATATGCAGATTTTTCTATGTAACTCATCGTAATTCATCTGGAGCGGGCGACGGGATTCGAACCCGCGGCCCTCAGCTTGGGAAGCTGATGCTCTACCAACTGAGCTACACCCGCTCTATGACTTCATTATTTATTATATCACAGTAGTTAAAAGTTTTCAAGTATCCTGAGCACAGACGTGCTGTCTTTAGATTTGAGAATTAACTTATTAGAAATTTGCACTTCCGCCAACGAAAGCTGTTTGTTTCCACTCCTGATTTTCCCAAATATATTTAACTCCGGCGTAGAAACTTCCAAACACAGGATAAGCTATTGTTAATCTTGCCTGCGTATTTGGATCAAAGAACTGTCCATCTTCGAATGGTGTCTCATCGTACAGATATCCGTACAGTACGAGTCCATTGGTACCGCCAATTGCTGGAATATTGACTACACCTTCTCCTGAAAGTGTCATTTTTCCTTCGAAATTCCCTTTTAATGATGCTGAAGCCTTTCCATAAGGACTGAG
CP126501.1_gap38	1766856	1770420	3564	CCTATTATCGCTGATGCAACCTTCGCACCTGCAAGGAATACCATTCCTTTGTAGAAGATGTTACCGGCTTCAATATCTGGCATGATCAAAACGTCAGCATCCCCAGCAACAGGGCTTACGATTCCTTTGTGTTCGGCGGCTTCTTTAGAAACGGCATTGTCCAACGCGAATGGTCCGTCAACAATACAGCCCTTAATCTGTCCTCTCTCGTTCATCTTTGAAAGCAACGCAGCATGAACTGTCGCTTCCATCTTTGGATTCACTACTTCTATCGCCCCAAGTATTGCAACTTTTGGTTTTTCAACGCCAACAGCCTTCCTTGCAACAAGCACTGAGTTCTCAATTAAATGTACTTTCTGCTCAAGATCAGGTGCGATAGTCATCCCGGCGTCACTAACAACCAAGAGCTTGTGATAAAGTGGTGTCTCGAATATACTCACAAGTGACATCGTTCTTCCTGTTTTGAGATTGTACTCATCTTTTAACACCGCTTTCATCAAATCTCCAGTCTTTATGTTTCCTTTCATGACAAAGTGAGCTTTCCCATTAACAACAGCTTTAACAGCATCATCAGCTGGAGCATTGGAATCTATAACTTCAAAATTCGATAGATTAACGTTAGCATTTTTGGCAGCTTTTTCTATTTTTTCTTTGTTACCGAACAAAATAGCGTCAACGATCCCTTCATTGTATGCCATTTCAACAGCTTTAAGTACTACTTCGTCATCTGCTGCCGCAACTGCGACGACCTTTTTTCCATTGGCTTTTGCCTTATCAAGTAGTTCAGAGAGCTTTTTCATCTCTCATCCCTCCACACCTTTGGTAGTTCTTCCCCTATGAGCACACGCAGGGCTCCATAAGCCAACGCTTCCATTTCCATTTCACCTGGAACCACAAATATAGGGCCGAATTTGTATATATATGACCTTATCATTTCTACAAACCTTTCGCTGTATGCCATCCCCCCAGTAAGGACGATTGCATCTACTTTTCCTTTTAATGATACACACATTGCTCCGATTTCTTGTGCAATTTGATAAGCCATTGCTTCAATCACTTCAAGGGCTTTCGGATCACTTTCTGCCATTCTGAAAGCTTCTCGCAAATCGTTTGTCCCAAGGTAGGCAACAAGCCCGCCTTTTCCAATAAACATCCTTTTCATCTGATCTTTGGTGTACTCACCTGAGTAAGCAAGCTTAACAACATCACCAACTGGCAGTTCACCTGTTCTCTCAACACTGAAAGGACCTTCGTCATTGGCGTTGTTGACATCTATCATTCTACCTTTTTCAAAAGGTGCAACTGATATGCCACTCCCAAGATGGGCAATCACCATATTCAATTCGTTGAACTTTTTTCCCAATTCTTCTGCAATTCTTATGCCAACTGCCCGCATGTTTGAAATATGTGAAAGGCTTTTTCTTTCTATATCCTTTATTCCTGATAAACGTGCTTCTGGAATCATTTCATCAACACTAACGGGGTCAGTTATGTACACAGGTATGTTTTTCGATGCCCCACTCGCAAGTTCGTAACCTATAACAGCAGCTAAATTCGATGCGTGTTGGACTTTTGTCCTATTAACAAGATAATCAACCATGTTCTCATCGACTAAGTAAGTTCCACCTTCAACAGGTGGCAGTATTCCACCACGTGCCGCTATTGCATCAAGATCTTCGATTTTCAGTGAATTCTTTGAAAGAAAGTCTAATATAGCCTTTGCCCTCATATCTTTTTGGTCCATTACAGATTTGTATTTATCGAGTTCTTCGACAGAATGTTGGAGTGTTTCCTGGATAACCTTATTTTTGTCTTCAAAGACAGCGATCTTGGTACTCGTTGCGCCTGGATTTATAACCAAAATCTTCATACTTAGATCAGCCCCTTCTTCTTACCGTACTCTTCAACAACCTCTCTGAGCCTCTTAACACCCTCAACAATCTTTTCTTCAGGTGGCAGACAGAAGGAGAGTCTCATAGATGAACTCTTGCCATCATCTATCGTAAATGCTTCACCTGGTATGTAATAAATCTTCTTCTCTTTTGCAATCTCAAACATTTCCATTGTGTCGAAACCTTCTGGAAGCGTCAACCAGATAAACAAACCACCTTGTGGGTTAACCCATTTCGCACCTTTTATGTCAGCAAAATTTTCCTCAAGTGCTTTTATCATCACATCTTTTTTCTTTCTGTAAAGCTCTATACCAGGTTTCAGTTGCTCAAACAAATCATACCTTTCAAGGTATCTTGCAGCGATGCGCTGGTTCAAGCTTGGACTACAGAGATCAGCAGCCTGCTTTGCAAGTGTTGCTTTTCTAACTATATCTGCTCTGCCAACTATTATTCCAATTCTTAAGCCTGGAGTAAGGATCTTACTAAACGTATTCAGAAGAACAACCCTATCTGGACCTGCTAGTTTATAAAGCGAAGGTAAATGCTCACCTTCAAATCTGAGCATGCCGTACGGATCATCTTCAAGAATCAAAATGTCATATTTTTCAGCAATTTCTATCAATCTTTTTCTCTTTTCGAGGCTCATTGTCACTCCGGCGGGATTATGGAAGTTGGGGACGGTATAGATGAATTTTACTCTGTTTATAAGTCCATTCTTATTGAGTTCGTCAAGCTTCTTCTCCAGGTAATTCACGTCCATGCCGTCTTCTTCAAGAGGTATTGTCTCAAACTTCGTGAATGTCATTCGGAAGGCACTTGCTGCACCTAGATAAACTGGGAACTCCACAAAGAGCAGATACTATCCTTATCCAGAAGCACTCTTGCCATAAGATCTAGTGCTTGTTGCGAACCTGTTGTAAATAGTAAATTCTCTCTTCCGATTCCAGTTATACCGTATGTTCTTTCCAAGAGTTTTACTATTTGAGTGGCTAACTGATCATCACCTTCTGTTGTGTTATATTGGAGCGTATATGCATATTCCTTCTCTATAACCTCTTTCGCAATTTCTGCTAATTCGTGTCTTGGGAATGTATTTGGATCAGGTACGCCACCACCAAACGATATGGAACCGGGTACAGATGCATATTTCAAAAGCTCTCTTATAAGCGACGATCTCAAGTTCCTTCCTACGTCGGATAATATACCTTCTAAGTTCATTGGCCTCACACTCCTTTTGGAAGTTATGAATAGTGTTTTCACTTATATATTAGCAACATTATGCCAAAATTCAAAACAAGCATTTGGATGGTATTTGATAGCTAAAATAGTATAATGAAGATTTTTGACAAATTTCGCACTTGCAAATACTTGCACGCAAAAAATTGCATCATTAAGGATATTGTCAATTTAGTAAGAAAAGATGTAAAATAATTGTGGGCTTATCAAAGATAAAGAAGTAAGTGTATTTTATTACATCACATATATCAAAAAGGAGGGAACAGCATGGTAAAAAGAACTTTACTTTTATCGCCTGGTCCAACGCCAGTTCCTCAAGAGATTCTTTTAGAAGGTGCAAAAGAGACTATCCACCACAGAACTCCAGAATTCGTTAAGATACTTGAAGAGACTCTCGAATTGACAAAATACGTCTTCCAGACACAACATCCTGTCT
CP126501.1_gap39	1771753	1775590	3837	CAGATTTGAAAAATGGAAAGTGGACGAAGAAGGAACTCGAAGGTCATGAGTTGTTCGGAAGAACAGTCGGTATAATCGGTTTTGGAAACATCGGCAGAGAAGTTGCTAAAAGGTTACTCGCGTTCGATATGAAAGTACTTGCATACGATCCGTTTGTAAAAGAAACAGATATGCCCGTCAAAATAGTTGACCTTGATACATTGTTTAAAGAAAGTGATTACATAACAATCCACGTGCCACTTACACCTGAGACAAAAAATCTGATAAACAAAGAAACAATATCAAAGATGAAAGACAGTGTCATAATAATAAACGCTGCAAGAGGTGGAATAATCGATGAAGCAGCATTATACGAAGCGCTTACAACAGGCAAAGTATATGCGGCAGGTCTTGACGTATTCGAAGTAGAGCCACCAACAGATGAGTTGAGACAAAAGCTCCTCTCCTTGCCAAATGTCGTTGCAACACCACACGTAGGTGCTTCTACATTCGAAGCCCAAGAAAGAGTTGGCATGTTGTTGGTAGAAAGGTTGATAGCTGAAATAACCAAGTGAATGTAGTGATTTCACAACTAAAAATCAATTAAAGAAATGCACGAGCGGAGGGAATTATTCCCTTCGCTATTTTTTACACGGTGCGTTATCAGTCTTATATTAAGACTGATTAACATTTTAGTATCTGTAAAATTTATAACCTTACAGTACATCTATGTCCAAAATAAACAAGCATAGCAAGGTTATAATTATCACTCTTGACACATGAGTGCTAATTATGTATAATATAGTCGGAACGTGAAAATAAGGAACAAAACCCCAAGGGGAGTGGAGGTGAGAGTATGTTGGCAAGAAGAAGCGACTTATTTGAACCGTTCATGGAACTTCAAAAGGAGATTGACAGACTCTTCTCGGATTTTGTGAGACCATTCAGAAGTGAGTTTGAATTCCTGCCAAAGGTTGATGCATACGAAACAGAAGATAAAGTAGTTCTTGAACTCGAACTTCCTGGTGTAAAGAAAGACGAACTCAAGATTACAGTAGAAGATGGTGTACTGAGAATAACTGGCGAAAAGAAGACAGAAAGAGACGAAAAAGGCAGAAACTACAGAATCGTTGAAAGGTCATTCGGTAAGTTTGAAAGGTCATTCATCATACCAGACTATGTAGATACAAAAGGAATCACAGCAAAATATTCAGATGGTGTTCTAACACTCGAGATGCCAAAGAAGAAAGAAGAAAAGCCTACTGTCGAAATAAAAATTGAGTAAACGCAAGGAAATCAAACGATACCTCCGGCGAGAAATCGCTGGAGGTATTTTTTTTGGCAATCTTCAGGACATTGATTTGACATTACTTACGCGAAATATTCATACAACGTTTTACTGAAAACGAGAGTCATAATACTGTCTTGGAAAGAAGCATCACTTTTGCTCTGATTTTGACTATACAGAACCAGTTATCATTTGAAGTATTTAACTTCATATAAGCAGAGCTAAGGAATACATTGCTCGTGTGGAAGTTCCAAATCTGAGAGGAGAGTGATTTTATGAAGAAGTTTGTCGTAACAGGAGTGCTTTTGTTAGCAATAACCTTAGCATTCAGTTTTGAGATATCTGCATTAGGTGGTTTAGAAATTGGCGGAAAGAACCGTCCATTCCTCGGAGTGCGCATTGGAACGCTTTCTGGTGGGATTTCTCTGATGTTGGAAGCGTATTACCCACTTTCAGACATACAAGAAATCGAAGAAATAGAAGTTGGAGAAATTCAGTTCTTAGAGATTGATCCATATCTTTATCTAGGCATACCGCTCTTTAACACTTTGTTTTACGCAGGTGCTGCACCTATATTTGTATATGATGTTGTTAATTCAGGTTTCACATTTTATCCCGATCTATTTCACGTTAAAGCTGGTGCAAGGTTCGGTCAAGGAATCGTGCTATTTGTAGAAGGTCTTGGTACAATGACAACTTCATTTCAGTTCTTGGATATCTTTGCCGTTTCTGCAGGCATCGGTATCGGATTTTGAGGGGTGATGAATATGAGAAAATTCAGAAGAGCCACGTTATTTGCGTTAATAGCCATTATTAGTGCGCTATTAGTTTATAGCTGTTCGGAAATTCCAATTGCTCCAAGAGTTATTCCGAAAGACCCTGTGGACACGACAAAACCTTCAACATCTGGATATTCAACGACAGATATATTCGGTACAGTGGATAAGACACCTTCACTCGTACCGATAGCAGTTCCAGATACGGTTAACATTAGGATAAGCTTACCAGGTGTTGAGAATTTACCAGTTAGCACTCTCCGGGTGTTCGAAGATAACAAAGAACAAGGATTTGTACTATATAAAGAATCAACAATTAGAAATAGACTTGATATAGCAATAATCTTGGATGTGACAGGTAGCATGAGCTACGCAATAAACGGGGCTAAAAATAGTATAATAGATTTTGCAACAAATCTTGAAGAAAGCGGCATGGATGTAAGAATTGGTGTTATACCATTCGATGACTATGTTAACCCGCCAAGTGATATCGATGTTGATCCTCCATATTTAGGGTTATCTTCACCGTCTGATGCGAAAGATTACGTTGGTGTACTGTACGCTGGTTACGGTGGCGATTGGGCAGAAAACCCGTACGATGCAATAATGTTCGCTGCAACAGCTCTTGAATGGAGACCGAGTGCACAAAGAGTTATGATAGTCATAACCGATGCACCGGCACACTATAAGTCTGACGGCATAGGGTTTTCACATTTTGATAAGGCAGACATGTTCCCAGCATTAGTAGGTTTCTTCACAATCCACGGCGCTTTTGTGCCAAGTGGTTATTACTACGACACCACTACTGACTTTTCAGACCCAGGTGACGTTAGAGAGCTTTGCCAGAAAACAGGCGGTGTGATAAAGTACACTGACAGTGCAGGAAACGTTAATCTTAACGATTTAGGTATCGTCGAGTATGTCGAATCTTCGTGGATAGTCTCTTTCGAAAGCGATTCGCCAGCTGCAACCCATACGATTGAGGTCTTTTACACTACCAGCACTGACAAGAGATATCTGAAAATAGAAGGTGCAACTTACTAAGGCATTTCTAAGACAATGAAAGAAAGAGGCGGTGTGGATAATCACACCGCCTCTTTTATGTTCTATCTCTCAAAAATCTCATCAATCTCTTCCTTTGAAAGTTCTCTCCACTCACCTTTTTTGAGACCACCAAGAGTGAGTCTACCTATGCGAACTCTCATGATTCTTTCCCATTCTATTCCAATCTTCTGGCACATTTTTTTAATTTGATGGTATTTTCCTTCAATAATTGTTATTGAAATAGTCTTCTCATCGATTTGTCCTATCTTTGCTGGCAGAAATTTCTCACCATCAATTTCTAATCCTTTTTCAAATTCTTTTTTAACTTCTTCCGTTAGTTTGTAAGGCTGCTTCGTATATATATAGTATTCTTTCTCAACGTGTTTTTTCGGAGATATCAATCTGTGTGTGAAATCACCATCGTTAGTCAGGATCAAAAGACCTTCGACGTCTTTATCAAGTCTTCCGGCTATGTGCAGTTCATCGACATATGGATGATCAATAAGGTTAAGGACGCTTGGTTCATATTCTGAAGTCGTTGAAACGAATCCTGATGGTTTAAAGAGCATTATATAAACGTTTCTATGAGAATTTACATATTCACCATCTACTGTTATCTCATCATTTGGTGACACGTGAAATTCTGGTTCATCTACTACACGACCATTAACAGTAACTCTTCCTTCTTTTATGTACTTTTTTACCTCGCTTCTTGTTCCCACCTTTGCGTTTGATAGGTACTTATCTAAC
CP126501.1_gap40	1787727	1789921	2194	ACTTTCCATCACCGAGCGGGTCGAAAAACTTCCTTTGACCTGCAAAATCATCGGTGTAATAAAACTTCGTATTATAAACCCGAGATTCGTTATATGTGTATGGTTTTATCTCTATTAGCTTATCCATGTTAAAATTAAGTGACTTAACAACCAAGTAAGTATATGCCTCATGTCCGCTCCAACCAAAGATTTTAACAACAAGTGTCAGAAACAAAACTACCAAAATACCCTTCTTTCCCATCCTATCCCACCACCTTTCATTCCTTTAATCTGTTTAATTTGACTCTTCTGTTCCAAAGAAATACACGAGCATCTCAGGAAGTCTTCTTGCCCAAGCGCCTTCTGAATGTGTTCCCCCTCTGTCTTCGATGTACAACACTTCCGAGTTATCTTTCTTATCCAATATCTTGAAAAGTTCCCTTGCGTTGTTCAGATGCACTTCTGGATTCTGCCCTTCTGCACTTCCCATGTCAACATAGAACTTCGTTGGATAATTTACTTTCTCAGATTTTACAAATTCTATCAATGCTTTATTAGCAAACCAAATGGAAGGACTCATCGCTCCAATTTTTGAAAAGACGCCGTTGTATTTTATCCCGATGTACAGAGAAATCAAACCGCCCATCGACGAACCGAGTATCGCTGTGTTTTCTCTGTCTGAAAGTGTTCTGAAATTGACATCGATGTATGGCTTCAGCGTATTAACTATGAACTGAGCGTACGAATCTCCTTTGCCTCCACCGTAGTTTGAGTCAACCCATGGGGAATACTCATTAATCCTATCAGCTCCGGTGTTGTATATGCCAACGATGATAATCGGCTTAATTGCACCGTTTTTGATTAATTCTTCAGCACTTTCGTCCGCTTTCCACTCAACACCTGCGAAAGACGTTGACTCATCGAATATATTTTGCCCGTCGTGCATGTACAAAACCGGATAACGATTATCTGATATTTCATAATCTGGTGGCAAGTAGATGATTATATCTCTCTTATTCCCAAGTTCAGGAGAATAAAAATCCTTAATCAGCTTGATATTTCCAGTATAAGTCTTTCTCAACGCTGCTTGTTGCTTTTCCACAAAATCCCTCCAGTGCAGAACAGTTATCTTTACTTCCATGTCTTTATCTACATCCAACACCCTATTAGGTATCTCCGCACCCTTTACACCCTTCTCGACAGTCTCCCAAGAACCGCGAGTGACTTTGAATTCCACCTTGCCAGATAAATCCAAAACCTTCTTGTACACAAATCCGTCTCTAACGCACTTGTAGTTCTCATCTTTTGGATTCCAGTTATTGAACGTTCCAGCCAGATAAATCTCAGCATCGTCTGGTGTGTATATTGGCACTTCGATGATGAATGTGACTTTGTAGGCAAGAGCACTTCTTAGAAACATCAAGAACACGATGAATATCACGACCTTCTTTAACATAACCTTCCCCCCTTCTATTTTCTAGAACAATTATAGCACATTACAATGAAGTTTTAGTATTGATTCCTGCTACCAGTTAAGAGACCAAAAAAGGTTCTACTAATATTCCTCATTTTTCTGCCGATAAATAAAGTGAAATTATACCTGAAAAGCGAGGCGAACTATATGCGCATCGATGACTACAACGTCGAGTTGTCATCTGAAAACCTTGCGATAAATTACTCAAAGTTCTCAAGTAAGATAAGAAAATACCACGTTCCAGAAAAGGTAGTAATCGAGATTAGCGAAAAGAAGCCGCAAATTGATGACAAGCATTTGCAAAAGATAAAACTGCTCAAAATAATGCTCGAAAAACTCACAGGCAAGAAGCTGAAGATATACATACCTGATGATAAGCAGTACGAAATAAGCATCAGAAAAGAAGGCGGGCAGGATATCGTCGAATACGAAAACGAAGAGGAGTACCTAAATGTTCAGTACTCCAACTTTTCAGCAAAAGGACAAGTTAAGACGAAAGATGGAAGGTTAATAGATTTTTCCATACAGACAAAATTATTCCAGCTGAGCTATTCGTATACAAAGACTTCCGGTAGAGTAGTAGACCCACTTGCGATTGATTTGAAGGATAAGACTGGCTCTCAGAAGATTGTTGAGCTCGATTTGAACTTTGACGGTACAAGAGAGAAGTTCTTCTTGGGCAGAGGTGTTGGATTGTTGGTGTACGACAAGAACGGAAATGGCGTTGTTGACAACGCAGCA
CP126501.1_gap41	1790986	1794600	3614	AATCCGATAGATAACAATGAGAAAGGTAGAAGAGTTCTTGCAGGATTTGGAAAGATGTTCGGTGGAAACGTCAGAAATGCCGTGGCAGATTATGCACAAGTCGAAGGTTCAATCCGAGGAGAAACTTTGGAAATTGTTATCGAAAACTTCGAAAGGCTCAAAGTTCTTGCAGAAAAGTATAGTGGTACTTTGGAAAGGGGAAGTCTTTATCCGCCAGTAATAAACAACGAGAAGCTCTTCGAACTTTTCAAAGATTACGCTTCAAATAATGGAACTTTCATAGATTGCGGCATGAAATATACTGGTGAAGATTTCGGCTTTTTCACGATGAAATATCCCTCGCTGATGTTCTGGGCTGGTGTGAGGACCAGCGAAGAGGTTTGGGGACTTCACAATCCGAAATTCCTTCCTGATGATTGTGTTATTCCACATTTGGTTGATTTCATGGTTGAATGGTTGATGTTATTAAGTAATAATGTTTGATGGTATAATTTAGTACGCAGGATGAGTAAACAGAAAGGGTAGGTGAATCAGAGATGATAGCATTTATGACCGACTGGGGCAATTCGCACTATGTTGGCATCTGTAAGGGTGTTATGAGACAAATCACAGATGCGGAAATACTTGACTTAACACACAATATCTCGCCATATAACGTACGGGAGGCAATGTATATACTCGATAGAAGTGTCGATTACTTTCCGGAAAAAACGGTATTTTTAATCGTTGTCGATTTTGGCGTCGGTACTGCAAGAAAGGCAATCGCCGTTGAAACAGATAAATACTATTTCGTTGCACCTGATAATGGGATTTTGACACTCGTTCTTGAAAGGCACATTCCAAGAAAGATAGTTGATTTGGTCAACAAAAAATACCATTTTGGAACATCGAGAACGTTCCACGGCAGGGATATTTTCTCACCAGCTGCAGCCTACATAACGAAAGGTATATTCGATGAGCTTGGAACGAGATTGCCTAACTACGCTACACTGCCTTACAGAAAAGCTCACCTTACACCAAATGGTGCATACGGAGAAGTTGCGTATTTTGACCGTTTTGGAAATATCGAGACAAATATTCCATTCAGTTGGATTGCGGAGAAGGACGCTGTTAAAATAAACGTCGGAAAGAAAACGTATGAAGTTCCGGTTGTTGAAACGTACGCCGATGTAGACGAAGGCGAGTTACTTGTACACGAAGATAGCACCGGGTATGTTGAAATTGCGGTCAATAAAGGCATCGCTCGAGAAAAACTGAAGTGTTTCGAAGGGAATGAACTGGAGATACTCTTTTGAGGTGTGACATGCGCCGGTTCCTAACTTTTGCGGTATTTGTTTTGTTAGCTCAATTAGTCTTTTCCGGTGAGCTCTACGACTTTGCGTATTCTTTTATGATAAAGCAGAAGGTACCTGAGAACCATGCCAGGTTGATGGCAAAGGCACTCGAAGAAGAGTCGCTTAAAATTCCAAAAGTGGTTGATCCTTTGTTCATGCTCGCTTTTGGCATTTGCGAGACCGGGTTTATAAACGCTATAGGCGACAACGGAAAAGCGGTTGGGTATTTTCAGCTACATGAAAACGCTCTTTTCTACGTAGCAAACTTTTATGAGGACGTCAGGAAGTTCAAACAGGAGAACCGAAATCATCTGTCTTTGTTGAATCATCCTGATTGGCAGTTGAGAATTGCCTACAGATATTTCTATTTAAGTTTGAAGTACATATTTGACTGGGACATCGTCCGTGCAATTTCGGCTTACAATGGTAGAAGCGATAGGTACAATGTTTATACGGTTAAATTTTTCTCGAATTACGGGAATATAGTTAGAGAATATACTGAGTTCATCAACTCAAGAAAGGATACATCAGACACTTCAAAGACCAAATAAAAGCTTGGGTGATTGATATTGAAACTGACAATTGGTAAATACATTCCTAAGAATTCTCTTATACATAGCTTAGACCCTCGGGCTAAGTTGTTTGTTGTTCTTTTACAAGTAACATCTATCATGTTGGTCAAGGATTTGATAGGTTATATTATACCAGTGTCACTCTTTATTATCTTGATGATTATGTCTAAGATAAAACCCGTTGTTTATTTGAGAAGTTTGAGAAGTTTGTGGTTTTTAATAGTCTTTGCCGCAGTGATACAATATTTTGTTTCAGGTTTTGTGATGAGTCTTTACATCGCTTTGAGGCTTTCCCTTATCTTTCTTTTTGCCTCTATGTACACCTACACAACCCCACCGTTGTTAACTGCGCGCGGAATAGTCGATATTTTGAAATTCTTTCGTGTAAGTGAAGAGAAGCGGGAAGATTTTGGTATGATGCTTGCGATATCTATAAGGTTCATACCTATTTTGCTTGATGAGGCTGATAGGATAATAAAAGCTCAAATTTCACGCGGGGCTAAGTACTCAGAAAAGGGATTGAAGAATAAGCTCTCGGCAATGACAAGCATAATAATTCCGTTGCTTGTTTCGTCTCTGAGAAAAGCTGAAGAGCTATCATTAGCTCTTCAGGCAAGAAAATATGGCATTGGAAAGAGAAATCATTATTATACTCTCGGGTGGACTAAAAATGATACATTTTATCTGGTGTTAAATGCGGTGGTTCTTTTTGGCGTAGTGGTTTTAAGATTTCAATAATTATTCAATGTTTTTCTAAATCTTACGTGGATTTCTTCAATTTCTTCTTCCGTTATATTAAGTGGTAGAAGGAATCTGATTACACCACTGCTCAAAACATTAACAAGCAGTCCATTGTCTATGAATTCTTCTACCTTGAGTGCTTCACCTTTCATTTTCACACCTCTCATAAGTCCCATTCCGTATATTTCACCAAATTCTGAGAACTTCTCTTTGAATAACTCTCCCATTTTTTTGACATTATCAAGTGTTTCATCAACTATCATCTCCAAAACTGCCTTCCCTGCTGCTAATGCTACAGGGTTAGGCGCAAAAGTTGAACCGTGTTCGCCGACCTCGAACACATTAGAGTAGTCTCCAAGCATGATGCAGGCTCCAAGAGGTAATCCACCACCGATACCCTTTGCAACCGTTACGATATCGGGGTTAATATTAAAGTGCTTGTAAGCGTAGAACTTTCCAGTTCTACCAAGCCCACTTTGTACTTCGTCTGCAACAACAATATATCCGAATTTGTTTTTGTATTCGTTTATAATATCAACAATCTCTTCTGGAATAACATTCAACCCACCACTCCCGTGGACAGTCTCAATGAAAACGGCAGAGATAGATTTCTCGTTCTCAAAAAATTCTCTTACTACTTTAATATCGTAGGGTAGGAATACAACATCTTCGCTGTTTACAAACTGCGCTCTTATGTTATCAAATCCTGTAACGCTCAGTGCTTGAAGCGTTCTTCCGTGGAAGTTTTTGACAAACGAGACAATTTTTCCGTTTTTCCTGACTTTTCGAACAACCTTCAACGCACACTCGGTACTTTCTGCGCCAGAATTTGTAAAAAATACCTTTCCATTGACACCAACCTCTTTCACCAAACGCTCGGCGATGAAACAAGCATCTTCGTCAAGAAAGAAATTTGATAGGTGAACGTACCTTTCAATCTTGTTTTTCATAGCTTCAATAACCTTAT
CP126501.1_gap42	1796430	1798733	2303	CAGCTTTGTCACCGATCTCCACGTATTCTCTGATAATAGCACCTGGTTCAATACGGGCATTGAATTTCGAAATATCAACAAGCGGAATTGCGGAATTTCTCGCAATGTATTCAATCTTGTAACTCTTTATCTTCTCATCTTTAAGAACGTTTGAAATGGACTCGAAATCTCCAATTAGAATACCAAAATCTGCACCCGAAATGATATCAAATTCTCCGTTGGTATTGTACTTACCCCAGTCGATAGAAGACAACTCACCTGAAATGTAGACTCGCACTATGGTCTTCTTTTTGCTCTTTGCAATAATTTCAATAATCTCTTCGCTGGTCAGTTCTCTGGCGCTTTTCTTGATAATTTCTTGAAAGTCACCCACAGCTTTCCCTCCCATTAACTAACGTAAATTCTCATTTAATACATCTTCGTACGAATAAAAACCCTTTTGCTTTTTCAAAGTGAAAAGCGCTGCATGTCTAACTCCTATTGAAAAAGCCCTTCTTGATAGTGCACTGTGTTTAATTTCTACTACCTCTCCTGCGTTCGAGAAAATCACGGTATGTTCACCGAAAACACCGCCGATTCTCAACGAACTTATTGGAATGTCTCTATTCATATCGTTTCTTAACATCTTTGCAGTTCCAGATGGTGCGTCTTTCTTCTGGGTGTGGTGTATCTCAACCATAGCAGCATCCCAATCTGAAAAATAGCGAGTATATTCTCTAAGAATCTTGCGCAAAATATTTATTCCCGTTGAGAAGTTGTAACTTTGGACGACTGGAACCTCATTTGCCAATTCTCTTAGCATTTCGAAGTGCCTTTCTTCCAAAGCTGTTGTCCCAAGTACAAGAGCAATCTTGTGTTCTCTGCAAAGTTTTACAGTCTCTTCCAAAGCGCTTGGAGAGGAAAAGTCTATTATCACCTGCGGTGTGTCTGTTTGCTCGAATGAATCAACATCCTTCTTAAGCACACACTCATCGCCAAACGTTGAAAAATACTCGAAAATCTCCCTTCCCATCTTTCCGCGGAAACCAACGATGCCGTATTTTAGACCGATCATGATATCACTCCCAGTTCTCTCAGAGCTGCTCTAAGCTTTTCCATAGTTGATTCTTTCGGTGGCACGAGAGGGAGTCTGAATTCGTTTTGGATTCTTTCCATGATATGAAGCGCTCCCTTAACTGGCATCGGGTTTGTTTCTATGAACAGGACTTTGAAGAGTGGAATCAATCTAACATGCAAATTCAGAGCGTTCTGTAATTCTCCTCTGAATAAAGCTTCAACCATTTCAACCATTTCCTTTGGCACAACGTTCGATGCAACAGAAATAACGCCCTTTGCACCGGCGCATATCATGTGGAATGCTCTATCATCGTTACCTGAGTATATGTAGAAATCAAGGTTTTTAGTTAGCCTGTATATCTCATCAGCCTGAGTAATATCCAGATTGGCTTCTTTTATTGCCTTTACATTCCTGCACTCCGCCGCAAGCCTTGCAACGGTTTCTGGTGCGATGTTTACTCCAGTTCTTGAAGGTACGTTGTAGATTATTATTGGCAGAGTTATTCTTTCGGATAAGTACTTATAGTGAGCATACAGTCCTTCTTGAGTTGGTTTGTTGTAATACGGAGTGACTATGAGTACCGCATCTGCACCGTTTTTTTCCGCACTCAGCGATAATTCCAAAGATTTATGCGTATCGTTCGTTCCTGTTCCAACAATTACCTGTGCTTTACCTTCGCAGATTTCCTTAGTTATCTGAATCAATCGCTCCCTCTCTTCGATAGTCAAAGTCGCCCCTTCGCCTGTGGTTCCTGCAACGATTATTGCCTTTACTCCGCTTTCAACTTGCCACCTAACTAAGTTTCTGTAAGCCTCGTAATCAACTTCACCGTTTTTAAATGGAGTTACTATAGCAGTTCCAACGCCTTCAAACATCTTACTCATTTACAACACCCCCTCCTAAGTAGATACCATCACTTTCGAATGATAGAGTTAAAATTCCTCCCTTTGTTTTAGCCACCAGCTTATCGGGTATCAAAGTATCCTTGTTTAAGTAGTACTTGATGAAATAACCCGTTGCAGTCGTTCCCGAGCCACAGGATAAAGTCTCTCGCTCAACACCCCTTTCGAACGTTCTAACCTCAAACAACTTGCTATCTAAAACATTGAACACGTTCACATTTGCGTTGAACTTGTGTCTTAATTCTTGTGCAATTCCCATGTCAAAATCCCATATATCTGCCCCGACATTCAAAACAACGTGCGGTACTCCAACCGTTATAAAAGCTCCTTCAAATCCAGCGAGT
CP126501.1_gap43	1828416	1831141	2725	TCGAGACAGGTGGAGACTCAACAAGGTTGAAGAAAGAATAAGGAGTGTCAACCTTGGCGGTACAGCGATAGGAACAGGTGTAGGCGCACCGAAAGAGTACATACTCAGGATAGTCGAAGTGCTCAGGCAGATTGCGAATGTGAAAATTGCAAAGTCTGAAAACCTGATAGATGCAACCCAAAACCTCGATACATTCACCGAAGTCCATGGACTGCTAAAATCTCTCGCTGTGAATCTCTACAAAATTGCAAACGACATACGCCTGCTCGGCAGCGGTCCAAACACAGCGATTGGAGAATTCAAACTGCCAGCCGTTCAGGTTGGCAGCAGCATAATGCCTGGAAAAGTAAATCCTATCGTTCCTGAATACGTCATGCAGAATGCACTTACCGTGTTTGGTCATGACGAGATAGTTTCTCATGCATGTGCACAAGGAAACCTACAACTCAACCAATTCGCACCGGTAATTGTACACTTCACGCTTAAATCGATGCGATTACTCATAAACTCATGTAATGCACTTGCAGAATATATCAAACTCTTGGATGTAAACGACGAAAAATGCAAAGAAAACCTTGAAAAGTCGACATCAAACCTTACGCCATTGATAAATTACTTTGGGTACGAAACGGTTTCGGAAGTGATAAGGAAAGCTGGGTACGATATATCGAAAGCCATTGAAATACTTGCAGAAAAAGAAGGCATTTCAAAAGAAGAACTAATGAAAAAACTCCAAATCGAAAAGATGACAGGGCTTGGGTATGTGTGAATAAGAAAACAAAGGGCATCCGAAGAGGATGCCCTTTTGATCTAGATTATGTAGAGCAATTGCCTTTGCTATTTCTTAGTATAATAAACAAATGTTCCAGTTCATTTACCAGGTATTTTCCATATCTAAGTGCTTTTTCTACCTTATCAAAAGCAGCCAAAGCTTCTATCTCTATTGCCTGGAAGCTGTGCTGTTTCACTAAGAGTTTTATCTCCTCTGCTGTAAAACACCTCGCTTCAAACACACCGTGTTCCGAACCGATCGGTAGTCTCTTCTTCCTTTCGAGTGTTCTGTAATCCTCCCACGTACCATGGATTATTACGTCTTTCAAGTACGAATAATAATTATCAACCGTTGCAAACATAAGCGCATTTGGTGATGATATTTTGGAAAGAACGGAAAGAACTTTGTCCAAATCACTCACGTAACTCAGCACATCGCCCAACGCAAAAATGACGTCAAATTGTTCATCTATATATTCATCCATCTGCTCAGCTGTCGAGTTTATAAACCTTGCTTTTTCCAGCAGTCCCACTTGTGCAATCTTCTCCTTCGCAATCTTGAGCATATTTTCTGCAGGTTCAACGAGTGTAACTTGTGCTCCTCTTTGCAAAGCCCAAAAGGACCAGTAGCCGGTCCCAGCACCAACGTCCAGGATTTTTGCACCATCAAGTTGCGGTTTGTATTTCAGTATAGCCATTTCTATTTGTTTTCTTGCAACTTGCCAATACTCATCCTCGTACATTGAGTCGTACACTTTAGCGATTGAATTGTAGTATTCACTTGAACACGAAAATCTTTTCAAGCAGATAATTCCTCCTCGGTTCTTAGTAAATTCTCTTGTACTGGTTGTACCCATTCCTTGTCCTGTTAGTCATCTTGAGAATTCTGAAACCTTTAGATGGCACTTCAAATCTCATGATTCCACCCGTTACCCAGAACTCTTCGCCCGTGAAAAGATCTGTGAAACACGTTCCGGCAAGAATTCTGCCATCTGGAATCGATATTGTAACTTGCTTCGTCTCGGACTTGTTCACAGCAACGATTACACTATCAAAAACATGTGCTGTTCTTCTGTAGAACACCAACGGTTCTTTTTTGAGCACTTCAAATGTTCCAACTTTGAGTGCTGTTTCAGTCTTTCGTATATTTATGAGTTTTTTGTAGAATTCTCTCAATTCTTTATCCCACTCATCTTCGTTCCAACGCATCGTTGCCCTGCACTCTGGGTCGTTTCCACCTTCCATGCCTATCTCTGTTCCGTAATAGACAACAGGAACTCCGGGATAAGTAAATTGCAGCACAATACCGAGTTTCCTCAATTGCTTATCTGGAATAACCGTTGCGATCCTTTCTGTATCGTGGCTGTCGAGCATATTCCAGCAACCGTGGATATTTGTCGTATCGTTGTATGCCTGCTGGAGCGCATCGGCTAAGTTGTCGAATTCATTTTTAAGGTAAGCGATGACACTGTTTCTGAAATGGTAGTTCATTATTCCATCCACCATCCCCCAATCTGATGGATAGTTCCATGTCTCTGTAACAACGTATTTTTCCATCGAAATGCTTTTTGCTGTTTGTGTTATCAACGCGTTGTTGACATATCCAAGGTCGTAGCCAACGTCTAATCTCCAGCCATCTACTCCCTGGTGTAGATAGTGTTTTACAACTGAGAGAATGTACTCCATCACTTCGACTTCCTCGAGGTGCCATTCGGGAAGTGATTTGAAAGCGTTCCACGCTCTGTGACCATTTTCATGTATGGCAAATTTACTTATGTGCTTCCTGTCGCCTTTCAATGCCTTTTTGAACCACGGATTTTCGATGCTGAGGTGGTTGAACACGCCATCCAATATCAGCCTGAAATTCTCTTCTTTTGCTTTTTTTACATAATATTTGAAGGCTTTTTCGCCACCAAATTGCGGGTCTATTTTCAAGTAATCAATCGCATCGTAT
CP126501.1_gap44	1844182	1847624	3442	AAGCTCTTTAACAGGATCAGTCTTTCCCATTTCTTCCAGTATTTTTGAGATAAGATGATCTGGCACGTTATATCTAACTTTCCTGTCTTTGAATGTCCTGTGAATCTGAAGGGGTATGCTATCCGTATCTATTCTTTTACCTTCAAGTTTATCAAGCTGCGAAATTATTTTTCTCATCCTTAATCTACGCTGTAAAATATTATCATCCTTTCTCATTGCAGGACCATTTATACAACCACCGACACAAGCAGATGCCTCAATCAACACTTTTTCCTCCAAAGACTGCAATGTATTCAAAAATTCAATAATGTTATTTATGCCCTCAAGTATGTAAGACTGACTATCATGCTTACCTTCGAAACTTGCTGAACGGATTATTCCTCCGGATTCTGGGTAGATTCTCGTTCTTCTCGGATACGGTGCATCGGGGAAAGTTTCCTTCAGTGTTGAAACTTTTTCTTTAAGTCCCTGTTTTTCAATTATTCCTTCGAGTTCCTCAAATGTTAGCACAACGTCGAATTTTCCATCAAGCTCCTCTTTTTTTGCGATACAAGGACTTATAAAAATTTTCGGAATAGAACCGAACATGTGATTAAGGAATTCGTAGTGCGCAAGAGCGGGTGATTTTAGTTCAAGAAGGTAATCTTTTAGTTCTGGGTAGTGCTTTTCAATAAGTGAAACAACAACAGGGCAGGATGTTGTTATCGCAGGTCCCGTTCTTTTCTGAAAAAGCTTTAAGTATTCATTTGTAACGTATTCAGCTCCTACTGCCGTTTCTGAAATATAAACTGCCCCTAAGGATCTCAATAAAGAAAGAATTTTAAGTGGTTCTTCAAAGTGTGCGTAAAATGACGGAGCAATCGAAAGTACAAAAGGTTTTCCAAAAAGCTGAATCATTTTGTCAGAATCTTTTCTGTATGTTTTCGCACTCTGAGGACAAGTAAGGACACATGTTCCGCAAAGAACACATTCCTCTTCTATAACAAGAGATTCATTGTTCTTAAAACTTATGGATTTTACTGGGCAATTTCTCAAGCATTTATAGCAGTACTGACAATTTGCTTTGTCAGAAAGTATATACTTACTTACAGTCAGTTGCATCATGAACACCTGCTCTTCTTATTATGCACTCAATAACGCTCTCCAGATTATTCTCTGAAACATTTGGGATAAGCTCTTCTCCAGCCTTTATGTTTATCCCTTCAGCACATCTTCCCATGCAAAGGGAACCTCTTAAATCAACTACATCCCCTAATCTGCTTTTAAGTGTTTCAACGATTCTGTAAGCACCTTTCAAATGACAAGAACTTCCAAGACATATTTGAACTATAATTCTTGAAGAGTTATCCTCTATCATGTCCCACACCTACCCTGTATGTTAATTACTCAGTGGAAATATTTTTCGTGATTTCTTTCACAATTAAATTCTACAGCTTCTCTTTCCTTGTGTCAAGGAGTACAAAGACTTCAAAAAAGCAAGTGCCCTTGCGGGCACTTGTTTATTTATGGCATTCTATTAATTTTTCGGATTTTATTCTTCAAATTCAATGAGTCCGTATTTTCCGTCCCTTTTGTAAATTAGGTTAATTTCACCGGTATCGACGTTTCTGAACACAAAGAACTGGTGGCCCATAACGTCCATTTGGGCAATTGCTTCTTCCAAGCTAACGTGAGCCAAGTAAATTCTTCTTACGTTTTCAATCTTATCTTCTTCGTCTTCTATTTCATACCTTGGTGCAAGTTCTTCAGCCATTGCTTCAATCGTGCCCTTCACATTTGATTTATGATACGATTTGTAAAGTTCTCGCTCTTTTCTAACAGCCTTGTCAAAACTGTCGCACGCGTTATCAATCACGCCGTAAATGTCATTCGCTTTTTCCTGCACCACAACATCTTTACCATTGATGTGGGTAAGCAATCTTAACGTATAATAGGGACCGTCCTTGTCAAACCTCGCCTCGATATTTGTACTTTCCTTGTTCCCAAGATATCCCAAAGCTCTCTTTACTTTGTCCAATCGCTCGTTTAAGTAGCTTTCAATAGCGTCTGATAACTCAAAACCGCGTGCAAATGTTCTGACTTCCATACAATCACCTCCGAGTGATTTGTTCGTTTAGCTCTGTCACAAGCTCCATCGTGTAGAATGACAAAGTGATGAGGAAATAAGACAAGGTTTTTCCGACGAACAATTCGCTTTCTTCCAAAACAAACTTCCTTGCCGTAAGTATAAGTGCAAAAATCAGAGCAGTAGTTATGAGAAATAAAAACGGGATAAAGTAAGCAAGAAATGCAAAAATTATTGTGAAAGTAAGATATAAATTTGAAAGTGCGTACAACTTATCATCTGTATTTCTAAACCACTTTGAAATTACAATTCCTACACCAACCACACCAATGAAGAATACGGTGTTAGCAATCCCGATAAACGCCCTGACGACAGGATGGTCGATGAAGAAAAATGCGTTTGAAATTATCGACATGATAAAACCAATCGAAAAAAGAACCGACGAAAAGACTATGAAATCTTTCGATGACTTTTCTTCAATAATGCTGTTTAGATAATCCTTTATCATCTATCAAAACCCCCTTCCAACAACAAGACCGAAGACTTCAGGTCCTACATGAGCCGATATTGCAGGACCAATTCTGGCTACCGAATGCACATTAAAACCTTGCAAAAGTTTGTCGAGGTAAGTCTTCATTTCTGAAACTCCATACCCACCCATCACGATTGGATTTGAAACTTTTCTCGCAAATTCCTCGGCCAACTGCTTCATCTTAGATATGCATCCCTCGTGTGTCCTTTCCATTCCGAGTGAAATTGTATATCCTTCTTCATCGGTTGAAAGAATTGGCTTTATTCTCAATAATTTACCGAGCAATGCTTTCGCTTTGCCAATCCTTCCTCCACGTTCGAGGTATTCTAAAGAAGAAACTGTGAAAACTAACAAACTGTCTCTGACAAACTCATCGGCAAGTTCTTGCGTGACCTTGACGCCATTTTCCGCCGCACCAATAACTCTGTACAACACGTACGTCGTTTTCACACTTCCACTTTTAGAATCTATCAGAGTGACATTTTTAAGCTTCTCATTTTCTATAATCGACTGAACAGTATCATATGTTCCGCTGAGTTTTTGTGATATTGTTACAACGTAAACTTCATCAAATTCCTTAGAGTATTTTGTAAGCTTTTCCTTAATCATTTCTTGTTTAGGCTGCGATGTTGTGACTTTAGCTCCACTAAGGCAATACTTGTAAAATTCTTCATCTGTTATCGTAACCTTGTCGATGTATTCTTTATCGTCAACGTATACTCTCAACGGTAAAACATCCGTAGGAACACCAAAATCAATATCTTTCTGAAAATCCACGGAACTATCAAAAATGTAAATTTTCTTCATATTTTCATCTCCCAAATACTACTCCCAAACACCAATCA
CP126501.1_gap45	1861682	1864912	3230	ATTCATAACCTATGCAATACTTGAAAAAGGCATAAACCTTCTGAAAGAAAAGTTTTATGTTGATGTCTATGACGGAGAAGACTTCTTGACCAAATCCGAGCTGATACGAAGATCCAAGGATGCTGATGCTATTGTCACACAGCTGAGAGACCCAGTCGATAATGAATTCATCGAATCACTTCAAAAGGCAAAAATCATCGCTAACTACGCTGTTGGATACAACAACATAGACGTTCAAGCTGCTACGCAGAAAGGTATTTTCGTCACCAACACTCCTGGAGTTCTTACTGAAGCGACTGCAGACATTGCATTCGCGCTATTGCTCACTGTTGCAAGAAGGATAGTCGAATCTGATAAGTTTGTAAGGGAAGGAAAATTCACTGGCTGGAAGCCAAAACTATTTCTCGGATACGACCTTTTCGGAAAGACCCTCGGTATTATAGGAATGGGAAGAATTGGTCAGGCAGTTGCACGAAGAGCTCTCGGATTCGGAATGAATGTAGTATATTATAACAGACGTCGATTGCCAGTGGATATAGAAGAAAAGTACAATGCCCGATATGTTGATTTAGATACTTTAATTGCCATCTCAGATTACATATCTATCCACACACCATTTACAAAGGAAACATATCACTTAATCAGCGAAGAGCGAATAAAAAGAATGAAGCCAAATGCAATTATAATTAACACTGCCCGGGGTCCCGTTATCGACGAGGTTGCGCTATACCAAGCTCTAAAAAACGGAAAAATAGCTGGTGCCGGTTTCGATGTGTACGAGAACGAACCATTGCTAACACCTGGTCTTGAGAAGCTTGACAACGTTGTTTTGTTACCTCACATCGGTTCTGCGACATATGAAACAAGAGACAAAATGTCTGAAATGGTGGCGATAAACGTAATTGAAGCTTTAGAAGGTCGAATTCCTCCAAACCTTGTTCCTGAGCAAGCGGCAATTTATTCGAGAAGATAGAAAGACAAAACCTCCGGTTCAAACCGGAGGTTTATTATTTTAGGGATACTTATTGTTTAACTGCCTTCGCCATCTCAATCGCTAATTTTCTCAGCTTTTCAAAATCTTCCTCTTTCGGTGAGAAGTTGACTTCCACTGGTTCGCCAACAAGTTTCCATTTGTGTTTTTCGATATATTCGAGAATACCTTTCACTCCTCCACCACTCCAGCCATACGTTCCAAAGACGCCAAAAACTCTGTTCGGCAAGCCTTTATGAGCCAAGTTTATCACCAAATTTTCCATCGGTGGGAATATCCAGTTGTTATACGTACAAGTACCGAGGATTATGCCCTTGAACCTCCAAATTTCGTTGATTATAAAGCTTTCATGCGTTGTAGATGTGTTCATCACACGGATATTCTTTACACCCTCTTCGGCAAGCACCCTTGCAATATAGTCAGCCATCTTTTCTGTGTTACCGTACATCGTTCCGTACGCAATAACTACACCCTCTTCATACTCGTACTTGCTCCACCTATCGTATGCACTGACTATATGTTGCGGATTTGTTCTCCAAACCGGACCGTGTGTTGAGCATATAACTTTAACTTCGATTGAATTCAACTTTTGGAGAGCTTTTTGTACCATAGGGCCGAACTTTCCAACGATGTTCGAATAGTACCTTCTAATTTCATTTTCGAAGTACTTGACATCGACCTCGTCATCGAATATTCCACCATCAAGCGAACCAAAACCACCGAAAGCATCACCCGCAAAGAGAATCTTATCTTTGGTGTCATAGGTCATCATCGTCTCGGGCCAGTGGACCATCGGGGTCATGTAGAACTTGAGCGTTCTGCTGCCAAGATTGATTTCGTCGCCTTCTTTTACTTCATAGAAATTTGCTTCAAGATGGTACATAGCTTTTATAAATTCAAAAGTCTTCTTGTTCCCAACAATCTTAACATCTGGAAACTCGTGAACTATTGAAGCTATGGCTCCAGAGTGATCAGGTTCCATGTGATTGATGATAAGATAATCCAGAGCCTTGCCATTTAAAATCTGCCTAATCTTTTCAATATACTCCTTCATCTTGTTAACCTTAACCGTGTCAATGAGTGCTGTTTTCTCATCAACAACCAGGTAGGAGTTATAAGAAACCCCCTTTGTTAGTGGCCAGATATTCTCGAAAAGGTGAGTATCCCTATCATTCACTCCGACATAATAAACACCGTCTACAATCTTTGCAACAATCTCCATCATAACACCTCCATTGTTAGAATTTTCACTACTATTTTATCATATGAACGTCTTTATATCAAGTACAAAGTTATATATAATACGATATGTTATACTTGCTTTGCCTTCATTTTTCTTTTGTGTTCGTACATGAGCTTATCCGCTTCTCGAAGGAGTTCATCAATGTTCACTTCTTGAGAAATATCAATCTCCCTTATTCCATACGCAACCGACACAATATCGCTTATCTTAGATACTTCTCTCTGAATCCTTTCAGCAACTTTCACAGCATCTTCCTCATTTGAACCTACCAATAACAAAAGAAATTCGTCACCACCGAATCGAAATGCATAGTCCACGTTGTAACGAGTTGAAGAAAGCAGTATCTTGCCGAACTCAATTAGAAGCTTATCACCTTCACTATGTCCCTTCGTATCGTTAACAATCTTAAAGTTGTTGATGTCCATGTATATTATTGTGAGCTCTTGATTGAACCTTCGAGTTCTCGATATTTCTTTTTCGATTATTTCGTTGAAAACTCGCCTGTTGTACAATCCGGTGAGAGCATCTTTTGTGGCGAGTTCTGATAACCTTTTATTCAATTCTTCTAACTCAAGCGTTTTTTTCATTAGCTCTCGCTGAGTATTCGTAAGTTCGTTGTTAAGCTTTGAAATTTCTTCAATAAGTTCGAGATATATTTTGTTCTGTTTTTCTGCGTATTCTTTTATTATTCTCCTAAATTGGTTTATCTGCTCATTATTAATGGTGCTCAAATCTTCGTATAATTTCTTTAGTTCTGCTACTATCCGTGTCAATATAATAAGATATATACACTCGTTCTTGAGCATTTTTCCAGAAACGAGAAATTCAATTATTTTGTCATCAACCTTGAAATTCATGTCCCAGTTCACTTGAACTTCGCTTTCCTTGAGATCAACGAGAAAAGCTAAGAATTTTGTTCTGCTTCCATCATCCAGCACATTAAGAACAGTATCTGCTTTAGAACCTGCAAACACCTTAAAATCATCGGTTAATACG
CP126501.1_gap46	1877219	1881011	3792	AATCGATGAGTTTCTGCTTGTACTCGGGCTTCGGCTCACCGCTCTTGTCATAAATCTCATCAACTGGTTTTCCTACAAACTCTTCAAGAGCTTCATCTCTTGAATGTGTTCCGAAAATCGCGTACCAGAGCACCCACATTGGACCGCCTTCTGGGTCGTAAAGAAGTCCGCGTTCGAATGAGTATTCAACATCTTCTGGTGTAAGCGGGTTACCGTTGTGGAACTTTACTCCTTTTCTGATTGGGAAAACGTATGTCTTCCCACCGTCTTTAATGAGTCCGTTTTTCACAGATGGAACTTCTGTTGCAAGTCTCGGTTCGAACTCGCTAACGCTTCTGCCTTTGTAAGCAATAAGGTTTTCATAAACGTTGTAAAGAACTTCACCGCTGGCTGTGTCGTAAGCAAGGTGTGGGTCGAGTGTGTCAGGTTCGCCAATGGTTGCTTCGACGTAAACCGTAGGATCAAAAGCCGCAAGAGCAAGGACTGCCACAAAAAGACTGACAAGAAGTACTAACCACTTTTTCACAAAAATCCCCCCTTCAAAAGGATGTGATGGTTTGCATTAATAAGTGCTCAGGTACAGATATATTATAACACACTTTACGGAAAAGTTGCAAATGTTTTTTGAACTTTAATTATTACTCCTTAGATGAAAATATTTCGGAATACTTATCATTTTCTGTCTCTAACTATTCATTTTCAACGATAGTAACCATATTAAATGCATGAATGGTTTTCGTTTATAAAAAAGTGTTGACACACAAAATTATATTTGGTATAATTTTATTTGTAAACTGATTTTATACAAAGGAGTGGTTATATGTTAAAAGTTGGAATGGGTACACCAGATTTTGAATTAGTTGATCACGAATTGAACAAGGTTCGGTTGTCATCGATTAAAGGGAAAGTTGTTCTTGTATTTTACCCAGGAGCTTTCACCAGTGTATGTGAGAAAGAACTATGCACTTTTAGGGATATGATTGCAAAGTTTAACAACTTAAACGCTACAATATTCGGAATCAGTATTGATAGTCCTTTTGCAAACAAGGCTTTTGCTGAGAAGAATAGAATTAATTTCAGACTGCTATCAGATTTTGGTGGGTTAGTTTCAAAAGAATACGGCGGAGTACACGAAAATTTTATAGGTATACCGAATTATACAGTCGCAAAGCGTGCTGTGTTTGTCGTTGAAGATGGTAAAGTTCTCTATGCATGGGTAACGGAAGATCCAAGGGTAGAACCACCATATGAAGAAGTTGAAAAAGTTCTTTAATTAGGAAAAGTAAAACTATAGGAGGGATTATGATGAGCGAAAAAGTTTTCAACGCTTTAAACGAACAAGTTGGGAAGGAGATATTTTCTTCTTATCTATATTTATCGATGGCAACATACTTTGATGCAAATGATTTACCCGGATTTGCAAAGTGGATGAAGGTCCAGGCCAAAGAAGAACTTGGACACGCAATGAAGATTTACGAATTCCTTTACGAAAGAGGTTCAAGAGTTGAACTCCCAGCACTTGAGAAACCAAAGTCAGATTGGAAGAGTCCATTAGATGCATTCGAAGCCGCTTACGAGCATGAGAAATTTATAACCAAAAGCATTAATACCATTCTTGAAATTGCCAAAGAAGAGAAAGATTATGCCACGGAACAATTCCTACAATGGTTCATAAAGGAGCAGGTTGAGGAAGAAGCTCAGACTGACTTGATTGTCAGAAAGCTCAAAAAGCTACAAGATTCCCCGACAGGACTTTACATGCTCGATAAAGAGTTGGGAAATAGAGAATAATTCGACAATCTAAAAAATAGAGAAAGCGCCGGTTTTCCGGCGCTTTGTTGTTATCGGTAATCATCTGAGTTTGACGTTATCTTCTTCCAAATCTATGCATCATTAGAGTTGGGAAACATTGAGTTGCCATGCCGAATTGTTGCATAAGATAAGCCCTTGGCTCTAATTTGTATGTTTTCCCATCAATTGTTATACTTTCTTTGACCTCGATTGTTCTTTTTAACCCTGTAAAAGTGATTTTCGTTCCTTGTTTCAAATTCTTCCAGAATGGTATGATGGCAGCCGGTAGTCTGTATTCTTTATTATTCTCATCAACAATAACAATGGTTACTGCCGTTTTTGTAATTTCGATATTCTTTATGGTTCCATTTACAGCCATTGTTTCAACACCTTGAGGTACCTTCCGTCTCAAGATCAATTTGTATCCATCAGCTTCAAGACTTGTTGGAACGAACACTATGTACTTTGTTCCTTTTATGTCTATCTTAGTTCCGACTTTCAAAGTTGATAGATTAAGAAACATCCCTGGTAATTTGACTTCAGTTGCTTCCGTTGTAAGAACCACGTAACCAGCACCACGAGGACCTACAACTATTTCTTTTACTGTTCCAGAGGTTTCATATGATGTCTTATCCAAGATGAAGTTTTTTAGATAGTCTTGCATCTGAAATGGTTTAATAGCTCCAATGGATATAACTGTAAATATCAAGATAAAAACGAGTCCAAGATATCTCTTCATACAAACACCTCCTCTCATAGAATTTGTGGATTTTCATGATGAATTTTATAAAGGTAACCTTAAAAAATCCTTAGAATTTTGTAATATTGTACGGTTGAAGAAAGCAGTCATCATGAAAGGAGAGTTACAATCCAGATTGGAATAATTTATAGATGATAGGATGGTGAGGGGTAATAATTATATTCCTGACTTCAACTTTTGTGAGTAATAATGAGCTAATCGCACCGGTTCAGGTAATTTGTATCCCTTAATCAAGCGCTTGACTATACTCAGTGCAGAATCAGCATCACACTTATGCCCTGGAGAAATAATGATTGGCTTTGTTTTAGGTTTCGACATGTAGCAATAGCCTATTTTTTCTCCTCTCTCATTTCTTAATACTGTCGCTTCGCCAACTTGCTTTGGCTGTTCACAATAACCATGTAGTCTACTTTTTGCGACCCCAATCGTTGGAATACCGAGCAAAACCCCGACATGACTCGCTATTCCAAGACCGCGCGGGTGTGCTATACCTTGTCCGTCGAAGACAGCTAAGTCAGGCAGTTTTTCAAGTTGCTCGAAACATTTCAAAATAACCGGTGCTTCTCTGAATGCCAAGAATCCCGGTATGTATGGAAAGTTAACCCTTTCTCGGTGGGAAAGAACTTGGATGAGGTTAAGTTCTCTATCAAGCAGAACAACTATACCTAAGGCCTCTTCATCGATGTAGCTAACATCGATACCGGCAATAGTCTCAAGTTCATCGAAATCCAAAAAGTTAAGCTCCACTTTTTCGCGGAGCTTGTTTTGTACGTCCATTAAATCCGAAAATTCAAAAGCTTCACTGCACCCGTTCGTGATTCTGTCGATATCAGCTACTTTCCTTTTCATAACCTGCACTAAGTTAAATAATCCTTAGCAAGATTATCGAGTAAATGTTTGAGATGACCAAACTTATGAATACAACAGGTATTGCATATCTTAAGAATTTCCCAAACGTAATTTCAGTATCTTTGTATTTCTTTAAAAGTGTCAAGCCTACAACGTTTGCAGAAGCACCAACCGGTGTCAAATTACCACCAAGACATGCACCAAGTGCCAAAGCATACCACAAAGGTGTTATATTTGAAAAATTAGGATTAATGTTCGGAAGTCCTTTAATAACCGGTATCATAGTTGCTGCAAATGGGATGTTGTCAACAAATCCAGAAACTATTCCAGATGCCCAAACTATAACGGATGAAAGAATTGTCATCGAACCACTTGAAAGTTTCACAAGTAAT
CP126501.1_gap47	1960463	1960986	523	GCCTCGCAAGTTTATAGTCCCCTCGTCCTTTCTTCTAAGTCCAAGAATACACTTGATTGTCGTGGTCTTACCTGCACCGTTTGGACCAAGCAGTGCGAATATCTCGCCTTTTTCAACCTCAAAAGATATACCATCAACTGCATGAATGTTTCCATAATACTTTTTCAAATTCTTGATCTCCAAGACATTCTTACTTTCTAACTTCTCCATCCTCTCCACCTTCCTTACTTTCCATAGAAACTTCGTACACAGTATTGAGAATATCAATTATCTCTTTCCTTGTGATTCCAATATCTTTGCATTTGTGGAGCATATTCTCAAGTTCTCTTAGTTTTTCCGATTTCAATTTCTCGCTGTGCACCCCAACGACGATGTATCCTTCACCTCGTTCCGGCTTTATAATCCCTTCTGCTTCAAGCTCTCTGTACGCACGCGCTACGGTGTTCACATTAACACCTATATCTTTTGAGAGAACTCTTATCGAAGGCAGAAAATCGTTCTCTTTAAACTTCCCGCTCACTAT
CP126501.1_gap48	2040473	2041557	1084	ATAACAAGTACCTTCATCTAAGAATTCCACTCCTATCAAATCATCTATTCAAAGTTTTACAAAGTATCTCGACTATCAATTCTGCAGCGTTACCTTTGCCATATACCCCACCTGAAAAATCTCTATAGTTATCTTCCATAACTGATTGGTACAAATTCTCTTCATCCGCCAATCTATTCCACCCAACTTCAACTAGCTCTCTCCATCCTGTATCAGGCATCAACACAACCGCTTGCTTTCCTGCAAAATACGCCTCTTTTTGCAACCCTCCGCTGTCCGTTATCACTTTCCAACATCTCTTCACCAAACCCATCAAATTCAAATAATCTACCGGCTCTATCACCGTTATATCTTTCAAGTATTCCTCTAAACCAAATTCTTGTACCCTTCTCTTCGTCCTCGGATGTATCGGAAAGACTATCTTCTTCTCTACTGCTATCTTACTCAGCTGCTTGAATATCTTCTCAAGCTTCTCCTTATTGTCCACATTGAAATCTCTGTGCAACGTAACAACTATGTATTTCCCTTCTTTCAACTTTAGCTCTTCGTATACGTCATACTTAAACCTCGGCTCCATCTCGAGGTATAAATCGTACGTCACATCTCCCACGAAATATACACTTTTCTTTATGAACTGTGGTCGTGCACCAACTATGGATATCTATTTCATTTTTGTTACTCCTTTGACTGAAGTATAAACTCATTTTGCCATAAACGTTTGATTATGTGAGAAATAAAAAAGATACGAATCGGTGGAGCATCCTAATTGCTTAGATACTTATTTAGATACCAACCAGAAACCACGGATGATATCACAAAAATAAGAGCTGTTGCTATTGCTGCTCCCACTGCTCCGTAATATTTTATCAGCAATATGTCTAAGATAACGTTTGCGATACCGCTGATAACCGCATTATAGAAATTAACTTTCACTTTTCCAAGACTTGCAATTAAGTTCCCTGAAGGTATTCTAAATGTGCCAGCTATCAGGTAACCGAACGACAATATTCTGAATGGAATAACCGCATCCAAATAGTTAGAACCAAAAACCAAACGAATGACAAAAGGAGCGAATGCTATCAGC
CP126501.1_gap49	2103459	2106045	2586	TGAACGCTATATGGGTTAATGGCTTGTCCATCAGAATTCCATAATCTCCTTTTCTTTCTTTTCAAAGAGTTTATCGAGCTCGGCTATGTATCTATCAGTCAAATTCTGAATCTCTTTTTCTAATCTTTTTTCATCATCTTCCGATATCTTTCCATCCTTTTTGTCGTCTTTCACATCTTTTAGTACATCACGTCTTATGTTCCTTATCGCTATCTTGCCCTCTTCTACTATTTCTTTTGCCTTCTTTACCCACTTTTGTCTCTGTTCGGTTGTTGGTGTTGGGAAGTTGATTCTCACAACCGTTCCATCGTTTACAGGTGTCAATCCGAGGTCGCTTGCAAGTATCGCTTTTTCAATGGCAGACAACAGGTTTCTCTCCCAAGGTTTAACTATGAGTTGGCGTTCTTCTGCCGTTACTTGGGCAACCTGGAGAACAGGCGTTGGTACTCCGTAGTAGTCTATTTTTATTTCTTCAAGAACTGCAGGCGTTGCCCTTCCAGTTCTTAAATGCTTTAGCTCTTCTGCGATTTTTTCGACGGATTTTTTCATCTTCTCTTCAGTTGACTTTATGTAGCTATTTACCATCTCCCACACCTCCATCGTTTTTGCAATTTTTATGATATCTTATCCACATTGCTCACGCAGATCGCAGTTATTCCTTTCATCTGCGATTCAGGGTATACGTCGTTTCCGCTCTTGAACTTCACAGACACAGGACATCGGAGTATATCTTCAAGTTTTTGAGATATATCCTTTCTGTAGTTTTTCAGTCTTATCGGTGAAATTATAACACAATCCACTGAAGATGGAAAGAATCCGCTTTTGTTAATCGTTCTTACAACTATATCGAGCATCTCTATACTGCTGCGTCCCCTGTTCTCGTCATTTTCTGGGAATATAGACCCGATGTCGCTTTTCAGCGTTACTCCAACAAGACTGTCTATTATGGCGTGAGAGAGAACATCGGCATCGGAATGCCCTTGGAGTCCCAAGTTCGAGTCTATTTCAACACCGCCGATGATGAGTTTCCTCCCCTCAACGAGTGGATGTGTGTCCCAGCCGATTCCACCCATATTTTCGTAGTCACAGAATTTTGAAAATCGCCTCAGTTTCGGGTGCACCGGTCTTTCTTCTGTAAAATTAAAACGAGCGAAGATATCGCTATCCAACGCATCGACTATTATTTTTCTGTAACGGCTTGATTTAATGTACTTATAAAGTAGCCACTCTTTTAATTCCCCCGCTAACGAAACTATGTACAGATCATCTATAGCAAAATCCATCAGCAGTCTTTGGATGATGTAGATCATCTTCGATCCAACTGGAACAATTTTGAAACCAAGAACGTTAAACCAGCGCTGGTATCCGTGTCGAAATTCAGCTTTTGTGGCATATAGAAGAACCCCTTTGACGTCACCATCACTCTCCAACACGATGCAGTTGCGCTTAATAAAAGGTGGTACATCCATGTCAAATGCCTTCTTTATATATTTCTGAGCATTCGAACCAAAAAGTTCATCGTAGAATTCTTTCTTTTCTTCGTAGACGAGGCTTACAACTTGTTTTATGTTATTTTCATTCAGCTGTGTTTTCCTCAATGTCTTCCACCCCGTAGTTCAAGTTATTTTTGCGCTGAACTTTATTTCATAAACAAGTATATGATTATCAGCAGTGCTCCAGTAACGAGGAGTGTGGTCATGAAAGATATTAGAAGCTCCGAACCGGTTGTTGGTGGTATCTCAACTTTTATAGACCTTGGAACCTTTTCAATATGCTCTTTTTGTTCAGTCTGCTGCCTTCTCTTTTTGATAAAATAAGTTTCATCACTGAGAATCTTAAGTGCTGGACTGATAAGAGCTTTAGCAATTAATCCTTCTGAAAGTTCCACTTTTACTAAGTAAAGGCTCCCGCCGCCTACTCTCACAAGTTCTTTGCTAAGAAGCGTTGCTTCAATTGAAAATTTGTCAGAATCGAAGTTTGGATAGAGCTCCCTCAGCTTTTTTTCGTATTTTCCGGGGTTTAAAATGACGACAGGAATTTTATCACCTATGTCAAACTGGACAATTGAAGTTCCGTTAATTGGGTCTATTACGGGAAATGCTTCTGGCAGATCCACTACATCCGCTCTTGTGTAAACCTTTACAACATTTTCATCAGAAAAATCTTCCTGCATGCTGAGAAACGTGTATGCAGAATATTCTTCAAGAAACATACCTTGAGCCCGTACGTCAACTTCCATCTTCGGGCTCCATTCTTCGAGCAGATCAGATATTATGACCTTCATAACTTCTGTATCCGACTCCTTCACGGCAGTCGAGAACTCAATACCAAGTGGAATTTTCCCCCTCCTGTTCAGCATGTTGTTAAGGTACGCTAAGAATGCGATAGTTACATCGTGCCCACCCGGTATTGCTTTTATCTCTTGTTTGGCTTTTTCGAGCTTTTCCTTAAATTCTCTAAGGTCTTCATTCAGTGTGATGCTGTCGATTATATTTGAATAACGCAAAGGAACAACCAAGAAATCAAAATCGGGTGCGCTGTTCGTTTTTCCAAAAAAATATCCAACTATGTCTTCTGCTGTTCCTT
CP126501.1_gap50	2118908	2123288	4380	CAGTTGGTATCAAGAAGAGGTCGTCTTTTTCACATGTGTAAAGTTCTTCCGCGAATTTTGGAAGCTGACCTGTTGCTGTTATGGTCTCTCGTTTCACAAGATGTGGAACGTTAACTTCTATGTATCCATTCTTTGCATGCGTGTCGAGCATGAATTGTGCAATCGCTCTTTCAAGCCTTGCGATTGCGCCGAACATAACCGTGAATCTCGAACCGCTCAATTTCGCGCCTCTGTCAAAGTCGAGCATACCGAGTTCTGGTCCCAAGTCCCAGTGGGCTTTCGGTTCAAAATCGAACTTTCTCGGTTCTCCCCATCTGCGAACTTCGACATTTTCCATCTCATCTTTTCCTACTACGACACTTTCGTGCGGTACGTTCGGTATATATAGAGCGAGTTTGTACATCTCTTCTTCGAGTTCTTTTTGTTTTGCCTCGTGGAGCGCAATTTCATCGCCAAGTTTCTTGCTCTCGGCGATTATTTCGTTCGCTTCTTCGTTTTTGCCTTCGGCTTTCAATTTTGCAACACTCTTTGATAATTCATTTCTCTTTGCCTTGAGATTGTTCACAAGATTTACATAATTCCTCCATTCTTTGTCAAGTTCAACTATCTTGTCAATTAGTTCGGTTGAGTAATTTCTTTTGTTCAGCGCTTCGTAGAATATCTCCGGTGATTTTCTTAAAAGCTTAAGGTCTACCATATTGTTCACTCCTCAAAAAGTTTTTTAAGGTTCTCTTCGTAAGGTGGATACACCACGCCTTTTTCAGTGATTATAGCAGTTACGAGCTCGTGTTCGGTAACATCGAAAGCAGGGTTGTATATGTTAACGTTATTCGGTGCAATTCTCTTTCCACCGCATGTTGCGACTTCTTCGTGTGATCTTTCTTCTATCGGTATTTCTTTTCCACTCTTAATAGATAAATCTATCGTGCTCAATGGTGCTGCAACATAGAACGGGATTCCGTGCTTTTTGGCAAGCACAGCAACCATGTAAGTGCCTATTTTGTTGGCGACATCTCCGTTTGCCGCAATCCTGTCGGCACCGACTATTACGGCGTTTATTTTGCCCTGCTTCATTACCCATCCTGCCATGTTGTCGCTGATCAGTGTCACGTCGAAACCGTCTTTCATAAGTTCCCAAGCTGTCAATCTCGCACCTTGCAGGTAAGGTCTTGTTTCATCAGCATAGACTTTTATTCTTTTGCCCTGTTCTTTCGCAGCACGCAGCACGCCAAGAGCTGTACCATAGTCAACGGTTGCAAGCGCACCTGCATTACAGTGTGTCAAAACTGTGAAGCCATCTTCCAAGAGTGCAGCACCGTGCCTACCTATCGCCTTGTTCGTCTCTATATCTTCTTTTGCTATCTTAATCGCTTCGTCTTCAAGTGCTTTTGAGAGTCCTTCGAACTTTCCATGTTCAATTAGCCTTTTTTCCATTCTGTCGAGTGCCCAGAAGAGGTTAACAGCTGTCGGTCTGGTCTTAGCAAGCGTTTCTTTGACGCTTTTCATCTGAAGGACAGCTTGTTCGTAATTGTATGTTTTTCTTGTAATTTCCTTAGCCCCTAAAACGTAGCCAAACGCAGCTGTTGCTCCTATCGCTGGAGCTCCGCGCACAACCATTTCTTTTATCGCGAGTGCAACTGCTCTATAGTCAGCGCATGTGACGTAAACTTCTTCGAACGGAAGCCTCCTTTGGTCAATTAAAACTAACGTGTCACCAGTCCATTCCATCGTCATCGTCTTCAGCTTCATTTTTGTCCCTCCTGTCTATGTTTTCTGATTACTTTATTTTGCTTGCAAAAAGTCGTTTCTAAATCTGCTCAGACCTTCTTCTTCTCCAAATGCAATGAGTTTGCAATCTTTGCAGATTATCTCGTTTTTCGAAGGTCCAAGTACGAATTCTTCACCTTTTAACAACGCAACTATGTACACGTTATATTTTTCTTTGAGCCGTAATTCTTCTATCCGCTTGCCTTCGAGGTTTGTAGAACTGACGTCCACTATCTCCACTCTGAATCTCTTATCTCGTATGTTCAAAACGTCAAGGACGTTTTCCCGTTGTTTTCTTAATATGATTGTCTCAACCATTTTCACTCCCGCAATCTCTGCGGTTGCAATCGGATGGTCAACACCTGCGTATATGAACTTTGTTAAATTGTTTATATTGCTTATATTAGATACCACGTATATATTTGGGTTCATGTTCTTCGCAGTTAGCGTGACAAAGATGTTTAATGCGTCGTCAGGTAGTGTTGTAATCAGCGCACGTGCTTGTTTTATGCCAGCTTTCAGCAATACATTCTCATTCGTTGCATCGCCGTTTATGAATACAAGCTTTGAACCATCTTCGATTAGTCTTTCTCGAATTTCTTTTTCCGTGATATTCGCATCGATGCCAACTACATCTTCTTTGAAACGCAAAAGCTGATTCACTACCTGAGTTCCTATGTTTCCGATTCCAACAACGATAATATGATTATTCATCTTCGACACCCTTTTCTCAGTTCGCCTCACCTTAAAAAGTTGCGTTAGTTCGCCTTCTACCAAAAGTGCTGTAATGTAAGAAACACTGTACAGAACAACGGATAACCCAGCTAAGATTAGAAACAACGTAAATATTCTTCCGGTACTTGAGATCGTGTCGGGCATTCCGTATCCAACTGTAGATATAGTTATGCCCGTAAAGAACAGTGCGTCGAGAAATGAAAGATCTTCAAAAACCCAGTAGTAAATAGTCCCGACAAAAAAGACTGCGAAGATACTTATAAGATGCTTTATTAGTCTCCTCTTAATTTCATTTCTCAACACTTGTGCTTCTAAGATATTCTTACCAGTCCCAGTTCCCATCCACGCTTCCCCAGATATTTACCAGGCGTATTTCCACCACTCAGTTCTTTACGATACTGCTCTTATAAAGGATATCTATCTTCGCTTTCTTGCTGAATGCATCAAAATCGGTCAATACTTTTTGTTTAGCCTGCTCCTGTTTTTGGCTGAGTAGAGCATTCTTGATTTCTTCCTTGACCTGATCCAGCGATTTGGTTCCTCCAACTTTTATGTCGCGCACTTGGATAACATAGTACTCGCCTGAAACTTGCTGGACTGGTAGTGCCGTACCTTTTATTGCGCTGTTCACGTAGATCCAGAGTGCTTGCGGTAGCTTCGTCGTATCGTTCTGACTTACCATTCCATTCACTGTCACAGTTATGTTGTATTTTTTGCTGATCTCTTCAACCGCAGTTTTTTTAACAAGCTCTTGCCTTATCGAATCAGCTAAGGCTTTGTCTTTTGTCTTAAACACTACTAAGTCGTACTGCGTGCTTACGGTGTATTTGTCTTTGTTCTTATCATAATACGCCTTGATTTCATCGTCTGTGACTGCGATATCTTTCAAATAGAGAGCATAAACATTCGCAAGGCTGAGTGCGTACGTTCTTTGGAAATATAGTTTCTGCCTGTAATCGCTCAAAGTTCCCATGCCGAACTGCATGAGGTAGTCGTTGAACTGCTGTTCTGTCATTTTTAGGTCAGTTAGTAATTTCTTTATTTCGTTTTCTACGTCCGCTTTTACCGTTTTTTCATCGGGCTGTACTTTCAAGCTTTCAGCAAATTGTATGAAGAGTATCTTTTTTATAAGTGTATCGAGTACTTTCAGCTTGTACCTTTCGAGGAGAACTAAACCCTCTTGTGATGTTGTCAGCACACTGTAGAATATTTCGTTCGAACTCTGGATTTCCATTAAGAGTTTTTGGATGTTCGCTTCCCTGTTCCATTCGTCCATCGTTACGTTTCTTCCATTTACTATTGCCACCACGTCTTGCTGAGCTAAAGATATGCTACTTAAAACGATTGTTGTGAAAACAACAACTAGCAGGAGTTTCTTCATCCGTTATCCCCCTTTCGATATCCACCTGAATTTGAATCTTTCTTATTTTATAACTATATTCACCAGCTTGCCAGGAACGTAGAACGTATTTACGATTTGTTTTCCTTCGAGTTGTTTTTTCGCACTTTCAATAGCCATCTGTTTTATCTCTTCTTCATTCGCATCGGCTGGTACAACTACTTTGCCTCTTACTTTTCCATTCACCTGAACGACAACGGTTATCTCTTCTTCCTTCAGTGCGCTCGGATCGTATTCAGGCCATCTTTCCTCCACGATAAGCGACTCTTTTCCAATATCGTGCCACATCTCCTCTGCCATGTGCGGTGCGAATGGGGAGAGTATTAGTGCCAATTTTTCTGTAATCTCTCTGAGAAGTTCTTTGTTCGGTGTTGCAGTCTTTTCAAGGTAATCAGAGAGCTGGTTGTTGAACTCCATCAATCCTGCAATCGCCGTGTTGAACTTGAATCCGCCTTCTATGTCTTCTCTTATCTTCTTTA
CP126501.1_gap51	2155254	2158599	3345	GGATAATTATGAAGGTGCTGATGATGATAATCCAGCTACGTTGACATTCAAATTCAGCAATAGAACTGTGAAGTTATACACAAATGCCACATATACTTTCTACATATATCATAAGTACGCAACTGACGAAGCCACAGAAGAAAATGACGTGTTCTTTGACTATGAACAATACATAAACAATCCTTCTTCGGCTCAAACAACGATTAATGCTTCGCCAAATCAAGGTGGAGAAACGTGGTTCGCATACAAGTGGAAGATTTATCAGTGGAATCCAACTGCAAGTAGTAAATACAATTACACTGAAATAATTAATCAAGATAGAGATAGTGTAACGCTATATAGGAGTGGGCCTGCATACATCGAGATTTACTACGCTCAACTTAACGCTACTTTAACTTTGGTCGTCCCAGAATTTGCATACGGAAAGACAATGGCTTATATGTTCTTAGATGTTGCACCAAATTCGCTCGCTCAATTAATGAATATTAAGACAAAGAATGGTGTAACAATCGACAGAGTTGTTTCTGAAGAGTATGACGATTCTGTGTTGAAAATTGCTAACTTGTCCAAAACTTCGTCTACGGAAGTGAAAATCGCCATGAGGAGCTTTGAAAATCCTCCAGCTGTTGTGACAAGAGTTGCAACCATTGCTTTGTATTTAATGTTCCCAGAACAAGCAATGTTCCAGGGAACTGATCCTGAACAGTATGAAGAGTATTTTGACCTGTATGGTTATGCGCAAGTTTCTGGTCAACAAGTCGATCCTCAGTATTTGAGAGCTAAGATCGTTTACAGTGCAAATAAGTATCTGTATTTGGTGGGTGATTTCGATAATAATTATGCTGTTGATATTAATGACTGGGACATGTTTGCAACTGTCTTAGGATCGGAAGTAAGCGGTGAGAATATTAAGTACAATATTGGGCCACGCGAAGGTTTCAATTCGCCATATCCACTTACAAGCTACTCAGCTGGATACCTTACAGATGAAACAAACCTTGTAGATACCGATGACTTGTGGTACTTTGTTAGTATGTTCGGCACAGTTGTTCCAGAATCCGATAGGATCCAGTAATGGAGGTGATTGATATGAGAAAATTCTACCTTCTTTCCTTTATATTAGTTATTGTTCTTATAGTTTCAAGTTGCGGAATATTCAACCCAGGAGCTAATGGTCCTAAGGTCCGTACTAATGTAAACATCATCGATCCGTACGGAAATAAATTATTCGTTGATGGTACGATAAATGGGTTACCGTTGAAAGCTGATAAGAACGGTGTTCATGTGGAAGGAAAGATTGAAGCAATCAGAGAAGTCAAACTCGGCGAGGGAATAAGAGATGTCTTCTCAATGGAACCGCCAGAATTGGATAAAGATGTCATCACAATTTTCCTTGAGAAGAAAGCTGATAAGTTCATAAGGCTTTACAGAACAGCAGATGGTAAAGTTGTTTTCTATGCCGTCGGCTACGGAGATACTCCAAGTTTCCAAGTATGGCTCAAGGAACCTTTGGCCGGTTCGTTCTTTACTGAGCTCAATCCGAACCAAGTATTAATCGCCGGAAATTATCTCGTCGGAGTTGGTAAAGGTCTTGGAAAACCCGGGCTCGGTATTTCACCAAATGAAATCGTTGTTAAACTAAATATCCCAGCTACAAAAGTTCCACAGATTATAAAATTCGAAGAGGTTAAATAGTAACACTATCCATATAAAACAAAGGGGCAGGTTTAATAACCTGCCCCTTAATATTTTCGAATTTTAGGACTCTTATTTCACTGCTTTGGTTTTAAGACTTAGAGTTGTAATTAGACCTATTATTATAACAGGCACAAGAAGTGCTAATACAAAACTCTTTCCAATCAGCACACCTATCAGCGTACTTGCGATGTTTCCCCCAAGCGATGTGAACGCGTACGTAGCACCGTTGAAGAGCGGGATTATGTTATTATGAATGTTTCTCAGTGCATGTTTTTGTATGTAAGGAAAGAGCGGACCAAATAGGAAACCCGAAATAATGAAGTAAATGGGATTTTTTGTTGTAAATAAAAGAACTGTTGATACGATTAATAACAATGTGTTCGTTCTTAAAAGGTATCTGAATGTCTTTTCTAAGTATTCTACCGGGAACCTGCTAAGTGTAAATAACGCCCAGAATATCATGTACGCAGTGTATGTGCTTATAACTTTTGAATTCGATATCGTTCCTGCCCAGGTGATGACGCCGATTTCAGCCGAGGAATAGAGTATCAGCAACAACAAGAATATCCTAAACGAGTCAATCTTAAATGCTTGCCGAATTTCAGACAGCGAGAAACTTTCTCTTTTCTTTTCCGCTGAGAGCTCTTCTATCTTCAACAGTGTGTATGTTAAAAGGGATAAGAAGAGTGCACTGTAAATCAAGTACACAAACCTAAAGTCTTGCCATTTTCCCTGCACGACTTTTATCAAGAGCGGTGCGATTATGCCACCCAGTCCATACGCTCCGTGAAAGAGTCCAAATTTAGGTTTTTTGCTCTGCACAAGTAATGTTGTCGACGCTGTGAATCCAAAACCAGTTGAGAGACCAAAAAAGAAAAGTCCAACAAGCGATAAGAAAAGCCTGCCTGAAAAGGCAATGATCAAAGAGCCTAAGATTGTGAGTAAGTATCCAGTCATAAGGGCTCTCTTTAATCCCAGTCTGTTTAAATAAATACCTACGAAGATGTTTGAAAGCACCGTTCCCGTAAGTGAAAAGAACGGCAAGAGAGAGGAAAGCTCAACTGATATGTGGAACAGCTCGCGGAAAGATGACAAGAGCGGTGCCATGGAGTTCAGAACAAGCGAGTATGAGAATATAATGATCATTGGAAGAAGAGAAGACAATTTCTTCACACCTCCGTCTTTTGTTATTCTTCTATTCCATATCTTTCCATCTTATAATAAAGCGTCCTCACGCTTATATCCAACATCTTTGCTGCTTTCATTTTGTCTCCGCCGGATTGTTTGAGGGCATTTATGATTATCTGCCTTTCGTATTCTTCAACCATGTCCTTGAGAGGTCCAATCTTGTCTTGTCTATTCTCTGGCTCTCCAATTTCAGGCTTTTCAGTAGAAAACTCAGGAATGTGCTTGGGCTCGATGTATCTTTCTTCAGGTCCCATGTTTATCATGACTCGCCCGATGAAGTTTTCAAGTTCCCGCACATTCCCGCTCCAATGCTTTGAAACGATGTATTTTATTACCGCAGGGCTTATGCCCTCCACCATCCGTCCGTATTGCTGGTTGAGTTTTTTAACTATGTGAATCGCTATCTTTGGTATGTCTTCTTTTCTGTCTTTCAGCGACGGAAGGTATATCGGGAATACG
CP126501.1_gap52	2163325	2167344	4019	CTGAAATACCCAAACTGGCTTTAATTGTAGGTTTCGCAGAGAATGTTGTGTTGTTAGGAAAGCATAAGGAAGAAATGAAAGGGAAGTACCCTGATGAATACTTTAGGATAATATTTGAGGAGTGATTCAGATTGAGTGTTATCGACATTTTTCCTTATCTTTTTCTTGGACATCTTTTTGGCGATTATGTGCTTCAAACAGGATATATAGCGGCCAAAAAGTCAAAGGATATTAAAGTGCTTGGGATACATATTGGACTGCTCTTTTTGTCACAATTAGTCTTTGTTTTTGGGGAAGGATTTGGTATTAAACACTTTTTGGCTATTGCCATGCTTTCTGGAATACATTTCCTTATCGATTTGATAAAGTTTCACTGTAAAACAGCCTTTTGTAATTCTTGGAAGTATTACCTCATAGACCAGTTGTTTCATTTATTATCTTTGTTATCTGTTGCCCCATTTTTCGACAAAGTAGTCCCATTTTTACCTCGCACTGTGGTTACTGTAGGTGCGATCATGATTTTCAATGCATATTTTATCGGAATTCTATCTCATCTGATAGCAAGAAACGGTACTTACAAGAGAGACTACATCGGATATTTCATGAGGATGGTCGCACCAATAACTTATTTCATCTCTGTATGGTCTTTCTTAATCTATGCATTGCTATGCGGATTCTTGATATACAAGAAGAGATCTATGTTTAACTTACTTAATTATGTATTTACCATAATTGCGACAATAACCTTATTGGAGGTGATGTTATGATGTTCAAAAGTTTATTACGGTTGCTAACAACTCTTTTTGTTATGGTAACAATTATCGCCTTTGCTGAATTTAAGGTTGTGTCATCATCTGAGAGTGTCGTTATGGGTGGGAAGCTGCCTATCAGCATTGAGCTGACAGATAAGGACAACAAACCCCTCAGTTTCTCCCTAAAAGCGAAAGTTTCGCTAGGTGGTTTTGATAAGCCAGAAGTCTTGACAAAAGGCTTAGCAGTTAACGGAAAAATAACGCTCAACTTCCTGGCCCCAAAGAAAGTGGCTGAAGTAAAGGTTACTTTCACAGCAGAAACTCCTCAGAAAGAAGTTTTCACTCAAGAAATAGTCATAAAAGTCACTGAAAAGGACGAGAGCGAATTCTCAGAAGAGATGAAAGCATCTATCGACTCATTCAGGGGTAGTGTTGCCGTTAAAAAAGTCGGGAAGAAGGCATGGGAGTCCATTAAGAAAGATACGCTGCTTCAAGAAGGAGACGAAGTTTTAACACTTGAAAAATCATATATTATAGTCAAATTCCCTGACGGCTCAATGACAAAGATCACAGAAAACACGCAGGTACTTTTTGAAAAGCTGAGAAGATCCAAGGATGGAAAGATACTTGTTTCGATCGTTATACAAAAAGGTGGCACGTACAACGTTGTTCAAAAGATGGTTGCAGGTTCTTCATTTGAGGTCAGAGCGGGAAGCGTTACTGCTGGGGTGCGCGGTACAACTTTCGGTGTTGAGAGTTTCGATGATAAACCTGTTGTAAAGGTTTGGGAAGGCGAAGTGTTTGCGTTCTTTGGAGAGAATTTTGTCATACCTGTCTTTGAAGGTCAATCCTTAGCATACGAACTTGGTATGGAACTTGTTGAAGATGTATCACAGTTATTCGATGCTGCTGAGTTTGAACCTTTAAAAGAAAAATTGCCAGATTTAGAAAAGATGTTCGAGGAGATAGAAGTTGAACCTGAGAAGCCAACTGAACCGGAAAAGCCAAAACCTGAGCAAGAACCAACACCTCAGCAACCAAGCCAACCAAAGGCATTCATACCACCACTTGGCGTTGAAACAGCCCAGAAGGATAATCAAAAGTATATCGTGTACTCTATTTCGCCTGAATTTACCATTGGTCCTGTTACGTTAGGTGTAGGCTTGACAGCTTATGCGACAGAAGTTGGCGGTACGTTGTATTACGGTGTTCCTTCCACAGAGCCGAGCACAAATATCATCAACATGATTACTATCAATCATGTTGCCTTAAACCTCGGAAACTTCTATCTGAGGTATGGTAATATGCCGCCTATATCCTTAGGAATGGGATTTTCAGTTAGGGATTACTTCAAACCATATGCTAAATCGATCGATACGAGACTCGGCTTTGGAAATGTGCGATTGTATCTCCACTTACCATATGAAATCACAAAGATTTGGTTCCCAGAAGTTGTTCAGTCCGACTCAGTCTTTGCAGGTGAATTCGAGCTGAAATCAGTTTTTGCTGGTATGGATCTCGGAATTGGTGCTCTGTATGACACGGAAGTATCCACAACAAATACTCTCGGAAATGCGACACCAGTCAATCTCTCGCTTTCTGGTTTCGTACGCTATCCTCTCATGAGCAACTTCTATCTCGGTGCTGAAGTAGGTGGGCAATTCTTAGAAGATATGTCCAAGTATGGTTTAGGAGCATTCGTAGGCTTGAGCGGTAAAATCGCGGTTTTTGATGTAATAGCAGGTGCGTTTGGAACATGGAACGGCTTCAGACCTTTCCATTTCGGAAGAATATACACCGTTCAAAAGCTTAAGAATGAGTTACCTACTCTTGAAAGTGAAGAAATCTCATTCGGTTTCTTGATCGGAACCAGCCTTTACACCGATATAGCAACCGGTAGGTTATACCTGTACGGAAACTTCGAAGGAGATATGAATGCTCTTGGAGAAATAAGAGTGGTTATACCACAGATAGGAGCATTAGCAGGATTGTTCATCTACGGTTATTATTTCGACTCAACGCCATTTTCAAACAACACAGTTCTTGATAACGATACGATATGCTTCTTGAGAATTACATATCCTGTTATGGAACAGAATCTTGTCGCTGGCATGGTGTACACTTGGGATGGAACTCAATGGATCCAAAGCGTTTATATTGGAAGTGAGTCGAGCTGGTAATTAAATTGGTAGTTCAGTCGTAATTTAAAAGGAGCGTGCTAAGTTTGAATATTTCTCAGAAAAGGATTGTAGAATCACCAACTTGGCTGAGCGGATATTTGTATGAAGGGAATTTGTTCGGCAGACCTTCAAAGATCAAGCTCAGCATTGAGAACATAGAGTTCTATGTTCTTGAAGGTTATTCTGACAAGTTCTTGAAAAAACTTGCAAATCTTATAAAACAAGGTGTATACGTGAATCCGGCAAATTTACGTGACCAAGTTGTGTACATTGCAGCAAAGCTAAATAGTAATCTGAGGCTGAATGAACTACTAAAGGACATTCAGAGTGAAATCTGCAACATTCTTAATGCCGACGCAGCATCGATATTGATGTATGAGCAGGACCACCTCAGATTTCTGGTAACCGTCGGTAAGGCAAGTGGAAAAATAGAAAGTATCCCAGTACCTATGGAGTCTATAGCTGGTAAGATATTCACGGAAGGAAAAGTTTTGATTTTTAACGATCTTGAGAAAAATCCAATCCATTTTAAAGGTGTTGACAAAGCGGCTAAGTTCAAAACAGAAAACATCGTTGGTTCACCAATTTGGGTCGAAAATGAGAAAATCGGTGTTATTGAAGTACTCAATAAATCAGGAGGATTTGACAAAGACGATGCTGAAATTGTAGAACTATTTGCAAAACTGATCGGTAGAAAATTACTTAGTACTTGGCAGTATGAAAAGTTCTCAGACGCATTTAAAAAAGTGCTTTTAGCAATTGCAACCGCAATAGATAAGAGGGACAATTATACCCATCAACATTCAAGGAATGTAGCCCGTTATTCTGTAGAACTTGGTAGAAAGATGAATTTGAGCCAACAACTCCTGGAAAAGCTTGAATTCTCAGCTATCTTGCATGATGTTGGAAAAATTGGAATCCCAGACAGCATACTTCTAAAACCTGGAAAATTAACGGATGAGGAGTACCAAACTATCAAGAATCACACAGTATACGGTGCTGAGATTCTCTCTCAGATTAAATACGTCGACAGAGATATAATGAACGGTGCCCTGGAACATCATGAAAGATTGGACGGTAGTGGGTA
CP126501.1_gap53	2175680	2176180	500	TTGTTCGGCTGTTAGCTCAACGATTATATTATATCACATATGTTCTTTTCAAGTTAACTATTTACGTGATTTGTTATAATGAGTAGTAATGTATAGGTGAAATATCGAGCTTTTTGCAAATATAAGTTCAAAAACAGTAAAAAATCAATTTCCTCTAAAAATAATGGGGGCATGTGCCCCCAAACTTTTAATTTTCCGTCTTCGTTGTGTTTAAAACTCACTCTTCAATTATTATAGCTGCCGTTGGACAGCTGTCCGCAGCATCTTTTGCGCATTCGAGGTCTGTCTCAGGTTGTAATACTTTTGCTTTCATATCGTCGCCAAGTTTGAACACGTCTGGACAGAGATTCTCACAAACACCACAGCCAATGCATGTTGCTTCATCAACTCTAACCTTCATGCTTTAGCACCTCCTTTTCAAAATCAAAAGTATTATAGCACAACTTTTTCTATTGGCAAATGGTACTCATTACTCTACAAATTAAACACATAAAGAAAAC
