gap_id	start	end	length	sequence
CP138946.1_gap1	1187	6108	4921	GGGCACAATACCAAGCTACAGTAAAGCTTCATAGGGTCTTTCTGTCCGGGTGTACGTAGTCCGCATCTTCACAGACAATTCTATTTCGCCGAGCCTCTCTCCGAGACAGCGCCCAGATCGTTACGCCTTTCGTGCGGGTCGGAACTTACCCGACAAGGAATTTCGCTACCTTAGGACCGTTATAGTTACGGCCGCCGTTCACCGGGGCTTCAGTCGCCAGCTTCGCTTACGCTGACCGGCTTCCTTAACCTTCCGGCACTGGGCAGGCGTCAGCCCCCATACATCGTCTTGCGACTTAGCGGAGACCTGTGTTTTTGGTAAACAGTCGCCTGGGCCTCTTCACTGCGACCAGCTCTCGCTGGCACCCCTTCTCCCGAAGTTACGGGGCCATTTTGCCGAGTTCCTTAGAGAGAGTTATCTCGCGCCCCTCGGTATTCTCTACCACCCTACCTGTGTCGGTTTCGGGTACTGGCAGTTATGCCTTAACGGGTATAGGGCTTTTCTTGGAAGCATGACATCACCAACTTCGCTGCCGTAGCAGCTCGTATTCACGCCTTAGCTCAGAACGTTTTCGCCGCTCCTCAACGCCTCGAACGCTTAAACCAGTAACCAACATCTGGCTTGGCTAGCCTTCTCCGTCCCCCTTCCCAAAACATAACCGGTACAGGAATGTTGACCTGTTATCCATCGACTACGCCTTTCGGCCTCGCCTTAGGTCCAGACTAACCCTCCGCGGACGAGCCTGCCGGAGGAACCCTTAGGGTTTCGGGGCATGGGATTCTCACCCATGTTTTCGCTACTCAAGCCGACATTCTCACTTCTATGCAGTCCACGCCCGCTTACGCTAACGCTTCGCCCCACATAGAACGCTCCCCTACCATTTAACAAGTTAAATCCGCAGCTTCGGTACAACACTTAGCCCCGTTCATTTTCGGCGCAGGATCGCTCGACCAGTGAGCTATTACGCACTCCTTTGAGGATGGCTGCTTCTAGGCAAACCTCCTGGTTGTCTGGGCAATCCCACCTCCTTTATCACTTAGTGTTGATTTGGGGACCTTAGCTGGCGGTCTGGGCTGTTTCCCTTTCGACCATGGAGCTTATCCCCCACAGTCTGACTGCCTAGTTACACACAGGGTATTCAGAGTTCATCTCGATTAGGTACCGCTCTCGCAGCCCGCACCGAAATGGTGGCTTTACCCCCCTGCTGGAGCACTAGACGCTACGCCTCAACGTATTTCGGGGAGAACCAGCTAGCTCCGGGTTCGATTGGCATTTCACCCCTAACCACAGCTCATCCGCTGATTTTTCAACATCAGTCGGTTCGGACCTCCACTTGGTATCACCCAAGCTTCATCCTGGCCATGGTTAGATCACCCGGGTTCGGGTCTATAAACACTGACGATCGCCCTATTCAGACTCGCTTTCGCTATGGCTCCACCATTTCCGGTTTAACCTGCCAGTGCCTATAAGTCGCCGGCTCATTCTTCAACAGGCACACGGTCACCCGATTTAGTCGGGCTCCCATTGCTTGTAGGCTCATGGTTTCATGTTCTATTTCACTCCCCTCCCGGGGTTCTTTTCACCTTTCCCTCGCGGTACTGTTGCGCTATCGGTCACACAGTAGTACTTAGCCTTACGAGGTGGTCCTCGCGGATTCACACGGAATTTCACGTGCTCCGTGCTACTCGGGATACAGCTAGTTCAGTTCAGTTTTCGGTTACGGGACTTTCACCCTCTGTGGTGTGCCATTCAAACACTTCTCCTAACATCCCTGATACACATTACTGTCCCACAACCCCGATGGTCGAAACCATCGGTTTAGGCTCTTCCCCGTTCGCTCGCCGCTACTTAGGGAGTCGTTTTTACTTTCCTTTCCTCCAGCTACTAAGATGTTTCAGTTCGCTGGGTTGGCTCGCACCAGCCTATGGATTCAGCTGGCCGTACTAGGGGTTGCCCCATTCGGAAATTCCCGGATCAAAGCGTGTGTCCAGCTCCCCGAGACTTATCGCAGGTAACTACGTCCTTCATCGCCTCTGTGTGCCAAGGTATCCACCATGAGCCCTTTGTAGCTTGACCAATTAATCTCTATAACGCTTCACGTAGTTGAATACGTATTCTTAGCAATTCACCTGGCTTCAGTCTCAAACTTCTCCAGTTAAACTGAATTGTTTGTCATTGAAGATGGTTTGAATGACCAATCAAACTCTCGATGCCTCGATGACATCGAAAGAACGCTATAGAGTCTCGGCTCTTGACTCAAGAATCAAACATCATTCTCGTTCATCAACCTCAGCTCTCTACTGACGCAGATTGCACTAGCTGATTCCCAAGAATCATGCATCCATGAGATGCTTTATTCTTTCCAGACTTACCTATGCAGTTGTCAAGGTTCTGCTGAACATCTCTGCAATTCTTGCGAATTACAGTGAGCCCAGCGTCCTATCAACCTAACCTCAATTGATTGAGACCTGGAATGATAAGAAGCTAGGGTCTGCCAGCAAACTTAAATTCTAAATCACATCACACAACGATTCTCACCATTGGCTCGTTGTCAGAAGATTCGTCAGTGGAGGTTAGCGGACTCGAACCGCTGACATCCTGCTTGCAAAGCAGGCGCTCTACCAACTGAGCTAAACCCCCAACACCGAATGGGCCATCCTGGACTTGAACCAGGGACCTCACCCTTATCAGGGGTGCGCTCTAACCACCTGAGCTAATGGCCCAGGAGTAACCCTTGCGGGGTGTGACCTAGACAAGTTTAGGAACTAAAATCAATCATCAGTCTCCAAGCTGATTACTCAGCTTTTCTTTGATTCTCAACTTGAGGTACCGATCGACCTAAGGTGACAGGATTTCGGCCTAAGAATTAAAATACTCAGACATCAAAATCATTGTTTTGTCTCCCTGTTAGGAGGTGATCCATCCGCACCTTCCGGTACGGATACCTTGTTACGACTTCACCCCAGTCATCAGCCCCACCTTCGGCGTCCTCCTCCACAAGGGTTGGAGTAACGACTTCGGGCGTGGCCAACTTCCATGGTGTGACGGGCGGTGTGTACAAGGCCCGGGAACGTATTCACCGCAGTATGCTGACCTGCGATTACTAGCGATTCCTTCTTCACGTAGGCGAGTTGCAGCCTACGATCTGAACTGAGCCACGGTTTATGGGATTTGCTTGTCCTCGCGAACTTGCTGCCCTTTGTCCGTAGCATTGTAGTACGTGTGTAGCCCAGGATGTAAGGGGCATGATGACTTGACGTCATCCACACCTTCCTCCGGTTTATCACCGGCGGTCTCTCTAGAGTGCCCAACTGAATGCTGGCAACTAAAAACGTGGGTTGCGCTCGTTGCGGGACTTAACCCAACATCTCACGACACGAGCTGACGACAGCCATGCACCACCTGTCACTGCGTTCCCAAAGGCACTCTCTCGTTTCCAAGAGATTCGCAGGATGTCAAACCCTGGTAAGGTTCTTCGCGTTGCATCGAATTAAACCACATACTCCACCGCTTGTGCGGGCCCCCGTCAATTCCTTTGAGTTTCACACTTGCGTGCGTACTCCCCAGGCGGAACACTTAACGCGTTGGCTACGACACCGAGGGGGTCGATTCCCCCGACACCTAGTGTTCATCGTTTACGGCCAGGACTACAGGGGTATCTAATCCCTTTCGCTCCCCTGGCTTTCGTCCATGAGCGTCAGTTATGGCCCAGCAGAGCGCCTTCGCCACTGGTGTTCTTCCCGATATCTACGCATTTCACCGCTACACCGGGAATTCCCTCTGCCCCTACCACACTCAAGCCAATCAGTTTCCACTGCCTTGATGGAGTTAAGCTCCACGCTTTAACAGCAGACTTGAAAAGCCGCCTGCGGACGCTTTACGCCCAATAATTCCGGATAACGCTTGCCACTCCCGTATTACCGCGGCTGCTGGCACGGAATTAGCCGTGGCTTATTCCTCAAGTACCGTCAGATCTTCTTCCTTGAGAAAAGAGGTTTACAGCCCAGAGGCCTTCATCCCTCACGCGGCGTTGCTCCGTCAGGCTTGCGCCCATTGCGGAAAATTCCCCACTGCTGCCTCCCGTAGGAGTCTGGGCCGTGTCTCAGTCCCAGTGTGGCTGATCATCCTCTCAGACCAGCTACTGATCGATGCCTTGGTGAGCCATTACCTCACCAACTAGCTAATCAGACGCGGGCTCATCCTCAGGCGAAATTCATTTCACCTCTCGGCATATGGGGTATTAGCGGCCGTTTCCAACCGTTATCCCCCTCCTGAGGGCAGATTCCCACGCGTTACTCACCCGTCCGCCACTAACCCGAAGGTTCGTTCGACTTGCATGTGTTAAGCACGCCGCCAGCGTTCATCCTGAGCCAGGATCAAACTCTCCGTAGTAGATCAAACCCTCTCGCAATCAACCCTTACAGGCTCATCACTCAGTCTGATTTGCTTCACCCACTCATTCGCACTGGCGTACGACAAGCAGTTGTTGCCCCCTTCCTCTGACAGAAGGATTACAAGAGTGCACTTCAGAATCTCTTCCTTCTGTGACTTTCCAGGATCTCAGATCCGGTCGTTGCTTTCACCTGTCACACCTTTGACATCAATCCTCGCCCGTGAAAGCAAAAATTGATGCTGTAACAGGTTTCTGCAACTAATTTCTTTTGACGGGACCTCACACTCTCGTCGCATATCTGCTCAAACCCTTTGATCAGCTTTTGATCGCTGCTCATCGGGCCTAAACGCGACAAAAGCGTCAGTTCCTAAACTCTTAAGTTGTCCAGGTTCTGCTCCTCCACTCCCTTGTAAGGAGTGTCAGGCGCTGCGATCTTGCGATCGCTTCTAAAACCTACAACACCAGCGGATCGCTCCTCTGCTCTTGTAAGCGCCCACTGACGCCTCAAGCTTTCGCTATCAGCACCGC
CP138946.1_gap2	145076	146656	1580	AAGGGGCCTCCCTTGTGATCTTCCTGAACATCGTTGCCACCCTGCCAAAAGCACTGGCTTCAACGATTGAAAAAGCACAAACCGGCGATCGCGGCGATGTGGTCGGCATCATTGTGCTCGTGATGGTTTTCCTAATGACAATCGTTGGGATCATCTTCGTGCAGGAAGGATCACGCCGTCTGCCGATTGTGAGCGCAAAACGACAGATAGGTGGAACCAATTTGCTACCAAACCGCCAGAGCTATCTACCTCTGAAGCTGAATGCTGGTGGTGTGATGCCAATCATCTTTGCTTCTGCACTGATCTTTCTACCAATCACCATTGCAAACTTCACCAAAAACCCTTTACTCATCAGGGCTGCAAGCACTCTTAACCCAAGTGCCGCTAATCCATGGCCCTATGCCTTGGTGTTTTTCGCGCTGATTGTCGGCTTTTCTTACTTTTACGCCTCACTCACCATCAATCCAATAGACATCGCCACAAACCTCAAACGGGGAGGCGTGGCCATCCCAGGAGTGAGGCCAGGCAGTGCTACAGCGAACTACCTATCCGGGGTTCAGAACCGACTGACCCTACTGGGCGGATTGTTCCTCGGTGCAGTTGCGATCATTCCCGCCGCGGTGGAACGCGCCACCAACGTTCAGACCTTTCAAGGCCTCGGAGCTACGTCACTGCTGATCCTTGTAGGTGTTGCCATCGACACCGCAAAACAAGTTCAGACCTATGTGATTTCTCAACGCTACGAAGGCCTTGTACGCCAATGAACGATTCCCCACTTCGTCTGAAAGCCCTTTTTTGCCATCCATGAAGCAACGTCTCCTATTCCTAGGGCCCCCTGGCGCAGGCAAAGGGACCCAGGCTGAACGTCTCTGCGCAGCCCATGAATTAATGCACCTATCTACTGGTGATTTACTGCGTACTGAGGTCCGCGCCAAAACACCCCTTGGTCAGGAGGCTGCTGCTGTTATGAACCAAGGCGAGCTGGTCAGCGATGAGCTGGTGCTCGCCATCGTCGAAAATCAACTCAAGAACCAAAATGGTGGTTGGCTCTTGGATGGTTTTCCACGCACCTTGATCCAAGCCACAGCACTCGAACCCTTACTTGAGAAACTCAAGCAACCAATTGAGGCTGTTGTACTACTGGAACTCAACGATGCAGTGTTACTTGAACGGTTAATTTCCCGAGGCCGCAGTGATGACAACGAAAGCGTGATTCGTAATCGCCTTGAGGTCTACCGTGAGAAAACAGCCCCCCTCATCGACCATTACCGCCAACAAGGACTGCTGCAAACGGTGGAAGCCCACGGCAGTATCGAATCAATCGCTATCAGCATCGAAAAATCCTTATGTTGACCTACGTGGTATGGTTGCCGTTTGGAAATTTGGAGAGCCACACTCCATGAAGGTGCGTGCCTCGGTCAAGAAAATGTGTGACAAATGCCGGGTGATCCGCCGCCACGGCAGGGTCATGGTGATCTGCTCCACCCCTAAGCACAAGCAGCGTCAGGGATAACTCCCTGTTGCTCATTGTTGATTGAACACCCCTGAATTGGGCCTTCAATCATCACCAACCTTTCTCG
CP138946.1_gap3	160204	163240	3036	CAGTAATAAGTTGCCCAAGCAATGGTATTCAGTGCCCAGAAAATAGCCATGTAAGTGGAGTCCCACGCAGAGATGTCGCAGGTGCCGCCACGTCCAGGGCCATCACAAGCAAAGGCATAGCCGAAGTCCTTTTTATCGGGCATCAGCTTGGAACCTCTTGCATCAAGTGCACCCTTGATCAAGATCAATGCAGTGGTGTGAAGACCCAAGGCAATGCCATGGTGAACCAGGAAGTCTCCTGGGCCAATAGGCATGAAGTTGGAAACTTCTGGACTGGCATTAATCAGATCCATCCAGTAGTGATCCCCAGGCATCCCAGCCGCAGCCAAGGATGGGGCACTATTTGCATTCGCAAGCAGCACATCAAGGCCATACATGACCTTGCCACTAGCGGCCTGAATGAACTGAGCAAAAATGGGCTCAACAAGTATCTGCTTTTCGGGGGTTCCGAAAGCAATCACCACATCGTTGTGGAGATACAGCGCCAGGGTATGGAAACCTAGGAGCATGCAAACCCAGCTCAAGTGACTGATCAGTGCTTCTTTGGTTTCTAAGACCCTTGCAAGAACATTGTCCTTGTTGGCCTCAGGGTCATAGTCACGGACAAAGAAGATTGCTCCGTGGGAGAAGGCACCGCACATCAGGAAGATGGCGATGTACTGATGGTGGGTGTAAAGAGCTGCCTGAGTGGTGTAGTCCTGCGCAATGAAGGCATACGAGGGCAAGGCACCCATGTGATGCGCTACAAGACTGGCTGCTGTACCTAGACAGGCAAGAGCAAGACCAAGTTGGAAGTGCAGGGAGTTGTTGATCGTATCGGTGATCCCGTTGTGATTGAGACCGTAGTGACCGATTTTTTCTCGGAAACCATCCTTATGAGGATCATTGGGATGATTGGTGTTGTGACCGTCGGTGATTTCCTTAAAGGTATGGCCGATACCGAAACTATTCCGGTACATATGGCCACCGATGATCATGAAGACACCGATCGCAATATGGTGGTGCGAGATGTCAGTCAGCCAAAGGGCACCACTCTGTGGATGAACACCACCTAGGAAAGTAAGGATGGCCGTGCCAGCGCCTTCAGAAGTACCAAAGGCATGATTCAAAGAATCAGGATTCTGTGCATAGGCTCCCCAGTTTCCTGTGAAGAATGGGGTCAACCCTTCAGGGTGAGGGAGAACTGTGAGGAAGTTGTCCCAACCGACGTGCTGACCACGTGATTCAGGAATGGCCACGTGAACGAGGTGACCAGTCCAGGCGATGTTGGTGAAACCGAACAACACTGCGAGGTGATGATTCATCATCGCCTCAGCGTTCTTGAACCACGCCAGCGAAGGACGGAACTTTGGCTGTAAATGCAGCCAACCACCGAACAAGAGCCAAGCAACCAGGATGTCAATAAAGATGGCGCCCTGGTAAAGCTCTGTATTGGTGCGCATTCCGATGGTGTACCACCAGTGGTACAAACCGGAATAGCAAATGTTTACTGGACGGGAAGCACCCGCTTGAGTCAAAGCATCACTGATGCCTTGACCGAAGTGAGGATCCCAAATTGCGTGGGCAATAGGTTGAACATTTTGTGGGTCGGCGACCCACTGTTCGAAGTTGCCCTGCCAGGCGATATGGAACAGGTTTCCTGCAACCCATAGGCCAATAACAGCCAGATGACCGAAATGGGTAGAGAACAGCTTTTGGTAAAGCCGTTCTTCGGTCATGCCGTCGTGGCTCTCGAAGTCGTGAGCCGTGGCTATGCCGTACCAAATACGGCGGGTTGTAGGGTCCTGTGCCAGACCCTGGCTGAACGAAGGAAATTTCGTTGCCATGTGGGGAAAGGTCAGGAAAGGTCAGCCGAGCCCAAGAAGGCGGGCATGGAAGAAGGCCCAGGTGGTCACAATGCCACCAAACAGGAAGTGGGTTACACCAACTGCACGGCCCTGCGTAATCGAAAGTGCCCGGGGCTGGATGGTGGGAGCAAGCTTGAGCTTGTTATGAGCCCAGATGATGGATTCAAATAGCTCCTGCCAGTAGCCACGGCCGCTGAACAAGAACATCAAGCTAAAGGCCCACACGAAGTGGCCACCAAGGAATAAGAGGCCATAGCCGCTGAGGCCAGTGCCGTAGCTCGTGAGCACCTGTGAGGACTGAGCCCAGAGGAAGTCACGGAACCAACCATTCACAGTGATGGCGCTTTGAGCAAAGTTGCCAGAAACAAGATGAGTCACACTCCCGTCTGAATTAACAGTGCCCCATACATCGCTTTGCATCTTCCACGAGAAGTAGAAGATCACCATCGAGAGGGAGTTGTACATCCAGAACAGGCCTAGGAACACGTGGTCCCAAGAGGAAACCTGGCAGGTACCACCACGACCTGGGCCATCGCAAGAGAAGCGGAAGCCAAGATTTGCCTTGTCAGGAACAAGACGAGAACTGCGGGCAAAAAGCACACCCTTAAGAAGGATGAGGCAAGTTACGTGAATGGTGAAGGCATGGATGTGGTGAATCATCAAGTCGGCTGTTCCCAAGGGAATAGCCATCAGAGCCACCTTGCCGCCCACTGCTACAACACTTCCGTTGAACACATCACTAACTGCACCTGGCAGACCTGTTGTCGTGCCAACCACAGATGATGTGCCAATTGAAGACGCCCAAAGGCTTTGGATCCACTGAGCCAAGACAGGCTGCAACTGGATTGCAGAATCGCTGAACATGTCTTGGGAACGACCCAAAGCACGCATGCTGTCGTTGTGTATATAAAGTCCGAAGCTGTGGAAGCCAAGGAACATACACACCCAGTTGAGGTGACTGATAATGGCGTCGCGCGCTTTGAACATGCGGTCAAGCACGTTATCGACGTGAACTGAGACGTCATAGTCACGAATGACTGCGATGCCAGCGTGAGCGGCTGCTCCGCAAATCATCAAGCCACCAATCCACATGTGGTGTGTGAACAGCCCAAGAACCGTTGGGTAATCAGTAGCGAGGTATGGATATGGAGGCAGAGAATACATGTGGTGTGCAACCACGATGCTTCCT
CP138946.1_gap4	230515	234119	3604	CATCGTGCAAATCACGACCAACACGACCGCCTGAAGGAGCTCAACAACCCAGAAGAGCTCAACATCAATACCGAGGCTGTCTATCTGCTCAGACTGAAGCAACGACCAATGGTTGCCCATAACGACCGCCACCCCAAAGAGCAACAGCAACGAGGGGGCACGAAATGGCACAACGAGGAGACGCAGCATCAGCCTCAGCCTCAACGAATGGTGAAAAGACGCTTCACTTCTGAACAGTTAGCCCATTGAAGCGAGCAACAACAACAAAACAGACCTGCCAAAGTGCATCGAGAATCTTGCCCATCATGACCGGAAGTTCCCCGTCTTCCACTCTCGGCCAAGGCCAAAGGTTGATCCTGCTATTCACAGCATTGGGATTAGCAGTCGTTCTTTTCCTGCTGCGGGGCGGCCTCAATGCTGAGGCACCGCTCGAGCAACTGGCACGGCGCTCCCTCGACCCAGATGTCGCACTCACCAATGGTCGACCGACCGTGATCGAATTTTATGCTGATTGGTGTCAAGCCTGTCGTGAAATGGCCCCAGCCATGCTCACAACGGAACGTGAAAGGGAAAACCAGCTCGACGTTGTGCTGGTAAACGTCGACAACCCCCGCTGGCAAGACCTTGTCGATCGCTACGACGTCAACGGCATTCCCCAGCTGAACTTCTTCGATAACAAAGGCAAACTGCAGGGTCTCTCACTGGGTGCACGCACTCAAGAACAACTACAGCAATTAACTGACGCTCTGATTCAAAACCAACCACTACCCAAGTTCGCCGGTGTAGGCGCTATCAGCAACCTGAATGCATCACAAGAACGAACAGACAAGCAAAACGATTTAGAGGCTATTGGGCCAATGAGCCATGGCTAATCTAAAAGCAGTCAATAAGCAAATATCGATAACATGACGAGCTATCGCAGAAGCTCTTAAACTATCCACTAATATAATTATATCGACTGAACAGATCAAGCAAAATATCAATATTGTCCAGCGACTAAAGCTCTAGTCGCATAAGGCTAGAACAATGTATCGCAAGCAGCCTATCGACCATAACGCGAAAATAAATCTTACTCCAGCGAAGCATTTAAAGTGCTTTCTTATTCCTTATCGGTAGTTTTATCGCGAGCAAATTCTCTCCAATAGGCTAGACAAATGACCACTGCTCCCTAGCTAGCCGACCCCAGTTTCTCACTGGAAGTAACACCAATCTCACAAGAGACACTCCCGCTTGACAGCTCTGCTTCGCAGACAGTGACTGAATGCGGCAAGCCAGCAGGAAAGGTCAATAAGTTAAACAGCTGAGGCGATCTTTAGACACCTTGTTGAACTTAGCCCTAAAAGCTGATTAGGCCAAATATCCCCATCTCTAAACAATCGCAGGTTTGCTTGTCTAGCTAAATTCTTCTTATATCTAGGCCTAATTTGCGAATAAACTATTTAGGCATTTAACCAAATCAATAGCATCAATTCCCTTGGCTAGAAAATCTCTGTTTTCTAAGGCCAGGCAAAAGCAAAATCCCTATTGCAAGATGAATAAATACTCCTGGCCACAAAAAAACACCAATTAAATCTTGGCTCACACCAATAGACGCTAACAAAAGGCCAACAGCAATATTATAACAACAAAGAGATCTTCTCGGGTTTTGCATCGGCGCATGACTTGAAACTTCCCAGCACGCCCAGCCAAGAGCAATGATTGCCAATGCAAATAATCTTGCAATACCTACCAGTTCAGTGACTAGCGTATAACCAAAAAGTAGTGAACAAAACTTAACAGGCAGAACAAGAGCAAAAATCCCACCAAGAATTTCAAAGCCCGCAGAAAACCTGAACAGCAAAGAAGTCCGTATCATGGAATTAAGTTGCAAAAAATCTCATCTTTAACCTTGAAGCAGGCTAATACTGAACGCCAAAACTCCTACACAAGCAGCGAGAACGACAGCACTCACCCAAAAGACAAAAGAGTTGCCAAACTGTCCCCATCCACCAAGATAATCACCTGAGGTATTCACCTCCACCTCAGGAGGTGCGGATTTTGGCTGCTTGTCTGACATACGTGGGGGATGAGATCAGTAGCTTCACTCTATCAATGTCTACAAAATCAAAAAGATCTGTTGAGAGCAGACATGCATTCAACAGATCTTTTTCGTTCAAATCCTGGCGAGAGTGACGCGTTCTGGCTGATGTTGATATTTACCCTGGCGATCGCTGTAGGTGGTATCGCAGGGATCACCCTCGAAGAAAAGAAGCTGACAAATGCCTTCATTGGCATAGATACGGCAATCAGCTCCAGAACTATTGCTGAATTCAAGCGTGAGATGCCCTTCCCAACTGGCTTCGGCGGGAGTCGTATTAACGATGATACCAAGGCGAGCATAGGTACTCTTACCTAGGCAAATGACAGTGATATTTGATGGGACCTTCATCTTCTCCAGCGCCACACCGAGACCATAAGAATGAGCCGGCAGGATGAAATACTCGCCATCCTCGTCCTGATGCAAAGGGGTGGATTCGAGATTTGCAGGATTAAATCGCTTCGGATTCATCACCGTGCCTGGTACATGGCGAAAGATCAAAAACTCCTTCGCAGAGAGCCTTAGGTCATAACCAAAGGAAGAACAGCCAAAGCTCAGTACAGGCCGTTGATGCTGCTCAGGATCAAGATGTCGAATCAGTCCGGCTTGAAAGGGTTCAAGCATCCCTGCTGCGGCCTGTTCGGTGATCCAACGATCGTTTTTAAGCATTAGAAACCACGACGCAACTCAGTGACCTGATCAGCCATTGCCATCAGGATCGATGGCATGACTGAGCCAGTCAAGATGACATCCATCGACCCGGGGCGCTGTTCCAGAGTTGATAACACATCAGCTTCATCGAGATAACCAAGAGCAATCGCCAGACCAACCTCATCCAACACCATTTGATCCAAATCACTCGCCAAGATGCGATCCCGACATTCATGCCAAATGGCCTCCACGGCCTCAGGCGCGCTGGAGTCAAGGGCAAGCGTTGAAGCAGGCTCAGATAGACAGCCAGGAACCGCCGGGCGCAGCCACTCAAGTCGCCCACATAGGCGCACACGCCCATCTGGGCCTTGGTCTACTCCTCCCTTGAGGAACTGAGCCACCAACACACGACTTCCCAGCCCAGCCGCTCTTAACGCCTGACTCAAGACAACAGAAAAACTGCCTCGATAGGGGGCTGTATAAACCTGAAGCTGCCCTTCAGGAGCTACCAGATGCAGCAAACGCCTATCAGCAACTACTGCCAAAGACCGACTCCCATCACTCTCCTGCGAGCGATGGTCCGTCATGCACGGATCCACGGAGCGATGACTAGGGCTCAGGCTGGCAGTCATAAAAGTCTCAATCGCCCCGACAAAACCAGCAGAAATCAAATTTAGCGGTGGGAAGCTGCTTAACAAGGCTCTTGACACTATCCATGGTGTAAAAGCACCTGTTTCTGCCAGGCTCAGTTCATCTCAACCACCAACAGCACGATGCTCACATCCCCCCAGCCACGTGCTGACGGCCGCCTTGCTGACGTGATGCGGCCCCTTCAGATCACATGGGATCCAATGGGCTTTGCCCTCAGTTCGTTAA
CP138946.1_gap5	306264	310330	4066	TTGCCCGATTGCGCTATTTCAATCCAGTTGGAGCCCACCCCAGCGGCTGCATCGGCGAAGATCCCAAGGGAACACCCAACAACCTTTTCCCTTTTGTGAGCCAAGTAGCAGTGGGCCGGCGAGCGGAACTCCAAGTATTTGGAGCCGATTGGCCTACACCCGATGGGAGTGCTGTGCGCGACTACATCCATGTGATGGACTTAGCTGAGGGACACCGAGCTGCACTGGAGGTACTGCAACGAGAGGAACCGCAACTCCTCACTCTTAATCTCGGCAGTGGCAAAGGCCACTCGGTGTTGGAAGTTGTGCAGGCCTTTGAAAAGGCAAGCGGCCAACCCGTTCCATACAGCATTAACCAGCGCCGCGCTGGAGATGCCGCATGTAGCGTCGCAGATCCAAGACTTGCCGCCGAGCGGTTGGGATGGTACACACAGCGCAGCCTGTCAGACATGTGCCGCGACAGTTGGAATTGGCAGAAGGCCAATCCACAGGGCTACAGCCAGGAACAACAATGAAACCATTGTTGTTCCCCAAGACCAACACATAGCCAGGCCAGACCTAGGGTCACCAAGTCGCTGTGATGCCCTTGTCCTGGCGCGATCCTCGCCGCAACTTGCTGATTTGTGTAGGCCTAGATCTGCTTGGCCTAGTGGGAGTCCTGTCTGGATTATCAAGCATCTGGTCACAACCGCTAACGGAACAACTTGGCTGGATGGTGACAACGATCACGGCCTATTTACTACTGGGCTGGCTGTTGGGCACATACACCCTGCTGAGCTGGCGCAGACTGCCCCGCTGGACACTGATCCAACGACTGGGGCTTTGCCTGCTGACCACATTGATGCTGGTGGCGATCCTGCGCTGGGTGATCAATCCACCACTAGACATCTGGCTGGTGCACCGCAGCACCCAGATGTCATGGCTGCTACCAGCAACACTATGGTCACTCCTAGTGCGAGTCAGTCTGCGCAAGGGGAGACTTCAAGCTGAAGAGCCCAAGCTGATCCTTCTAGCCTCCGAAACAGAAGCAGATCAGACCCTTCAGGCCTGGCGACAAACACCGACAAGACTCATGCCGAAATGGCTACCTGCTGCAGAGATAGCAAAACAACAAGGGCCATTAGTGATAGCTGTATCACCCAACTTCAGGCACCAACCTGTTTGCAGCGAATTACTCGAAAAATTGGAGCAACGCGACCCCCGCGAATGCAACCTGACAACACCTCTTGCCCTTGCAGAGCGACAACTCGAACGACTGCCTCCAAAGCTGCTGCCTGAAGCCTGGCTGAGCTATTCCGAAATTCCCTGGAACATGTTGTTCAGCCCTCAACGCCAACTCAAGCGAGTAGCAGATGTTGTATTAGCAATGCTGCTTTTGGCGGTGACAACACCGCTATTCCTGCTGCCAGCGGCCCTGCTGATCTGGTTAGAAGATCGCGGTCCGATCTTTTACATCCAGGAACGCAGCGGCTGGTTAGGCCAGCCATTCATGGTTCTGAAACTCCGCACGATGAAAGTGCTACCACCTCATGCCCCCATCAGCTGGACAATGCCGGGCGACCCACGCATCACCCGAATAGGCAACTGGCTGCGACGCTCGCGCCTCGATGAACTCCCTCAGCTCATCAACGTGCTGCGTGGTGACATGAGCCTGATAGGACCGCGACCTGAACGTCCTGAAATAGAGCATGAACTGGAAGAAAGCATTCCCCACTACCGCAAGCGCCACTGGATGCGCCCGGGATTAAGCGGCTGGGCCCAGGTATGCGCCCCCTATGCCGCAAGTGTTGAGGATTCAGAGCTCAAACTCTCTTACGACCTCTATTACCTCAAATACTTCAATAGCTGGCTAGATCTCATGATCCTGCTACGCACAATTAAAACGGTGCTCAAGGTGGGTGGTCGTTGAACATCTCGCCACAGGCAACACGGTCAACTGCCAACGCAATACCAAGCCTCAACTCCATGCTGCGCTGATAAACCATGACGGCTGATCACCTCGTTCTGGCCGGGGGGGGACATAGCCATGCCCTGATGCTGCGTCGCTGGGCCATGCGTCCCCAACTCCGACCTGCAGGACTGATCACCTTGATCAACCGCCACAGCAGCACCCTCTACTCCGGCATGGTGCCTGGTCTCATTGCCGGTCATTACAGACACAGTGAAATCGCGATCGACCTCCGTCGCCTCACAGACCGAGCTGGCGTAGCACTCATCATTGCCGAAATCACAGCAGTGGAGGCCCACAACAATCGCCTGCTCCTCGCCAAGCGTCCTCCCATACATTTCCAACGAATTAGTTTCGATGTGGGCGCCGAAACCTTCAACAAGAGTCCTTACCTTGAACGAAGCCAGGCTGCACTGGCAATGCCAATCAAGCCTTTGGAGCCTGCCCTGGCATGGCTTGAACAGCAAGACAGTCAGGTGCTGCTCAATGATTCCACGCCACTGACGGTGATCGGGGCTGGCCTGGCGGGAGTAGAAGTGGCGCTCGCCCTTCGTCAACGCTGGCCCAAGCGCCCTTTAAATCTGCAGGCGCATCATGGGCAACCCAGACCAGCTCTAAAACAAGCCCTCTCCAGGGCCGCAATCGTAGTAGTGCCAAGCGGAACTCCCTCGAGTGGCCCCGCCCTGCTCTGCACTGGCAGCCAAGCCCCCGCTTGGCTTGCTACCAGTGGCTTTCCCGTGGATCCCTTTGGGCGTGTTCGCACCACTAAGACACTTCAAGTCATCAACCATCCCCACTGCTTCGCCGTCGGCGACTGTGCGGTGATTGATAAGGCCCAGCGGCCAGCCGCAGGGGTATGGGCCGTGCAAGCCGCAAAGCCTCTTGCCCAAAACCTAGAGCGGCTCAGCCGTAGACAACCCACCCGTCCATGGCAGCCACAACAGCTTGCCTTGCAAATACTGGGAGGTCAGCTGACCTCCGGGAGGTTCACCGCCTGGGCTTTTTGGGGCAACCTGATCATCGGGCCCCATCCCTGGCTTTGGTACTGGAAAGAAGCTATCGATCGGCGCTTCATGGGGAGCTTTAACGAACTCCCAAGCATGAGCGGCGTTCTCAAGCGACAGGAGAGCATGGCTTGCCGAGGTTGCGCAGCCAAATTGGCTGAGAAGCCTTTAAACGATGCCCTAAAGCAGGCAGGCCTAGGAGCTCTTGGGCAACAACCTGAGGACGCTGCCTTGATTGCCAGCACATCATCAGGCGACAGCTTGCTGCAAAGTGTCGATGGTTTCCCTGCACTGATCAGCGACCCCTGGCTTAATGGTCGCTTAACCACACTGCATGCCTGCTCAGATCTTTGGGCCAGTGGTGCGCATGTGATCTCTGCACAGGCTGTCATCACCCTGCCCAAGGTGTCTTCTGAACTTCAACAAGAGTTGTTGGTCCAAACGCTCAAAGGAATCCAAGCAACCCTCGAACCGCAAGGCGCCAAATTAATTGGAGGGCATACCCTCGAAGCCCGCAGCATTCCCCCCCAACCAATCAATCTTGGGATCCAGCTCACCCTTAGCGTTAACGGCAAGGTGGCTTCTGGGCGTGTGCCTTGGAGCAAAGGCAAGCTGCAATCGGGAGATGTCCTGCTCCTCAGCCGCCCCATAGGCAGCGGCGTGATCTTTGCTGCAGCCATGGCAGGAGAAGCTCACCCAGAGGATCTCGACGCTGCACTTGCGCAGATGACAATCAGCCAGCACAACCTCCTGACAGCGCTGCGCAGCCTTGAAGAGAGACATACAGGAATGCAAACCATTCATGCATGTACCGACATCACCGGCTTCGGACTACTGGGCCATCTCGGTGAAATGCTCAGTGCAAGCAATCACCAACGCCATAGAGCAGGGCTACAACCTCTACGTCTCATCCTCGAAGCCGCCGCCATTCCCTCCCTGCAGGGTGCTCTACCGCTACTCAAAGCTGGCTATTCGAGCACCCTGGCCCCAGCCAATCGCCGCAACTGGCACTTGCTCAATCCAAGCATCAACGGCGAACCCGCACCGATCGAAATTGCACTGAACGATGTAACGCCAGGCAGTGAACACCACCAGGCACTGCTCGAACTCATGG
CP138946.1_gap6	316535	320914	4379	ATTGATCGGCGGGGTGAATGTGCTTGAAAGCCTTGATTTTGCCATCAACGTGGCCGGTCACTATGTTGAAGTTTGTCAACGCCTAAGCATTCCATTTGTCTTCAAAGCCTCTTACGATAAAGCCAATCGTTCTTCAATTCATTCGTATCGAGGTCCAGGGATAAAAAAAGGTCTCAACATACTAAAAGCCGTGAAAGAAACATATAAAGTCCCGGTTTTAACTGATGTGCACACACCAGAAGAGGCCTCTGAAGCTGCCGCCATTTGCGACGTAATTCAACTTCCTGCCTTCCTAGCACGCCAAACAGATCTTGTGCGGGCGATGGCAGAAACAAATGCCGTGATCAATATCAAGAAGCCACAATTTCTGAGCCCAGAGCAAATGAAAAATATTACTGAAAAATTTAGCGAATGTGGCAACACTAAATTGCTTCTTTGTGAACGTGGCTCCAACTTTGGCTACGACAATCTAGTTGTCGACATGCTGGGCTTTGGAGTCATGAAGCAGACCTGCAATGATTTGCCCCTGATTTTCGATGTCACCCATGCATTGCAATGCCGCGATGCTGGTGGAGCCGCCTCGGGCGGCCGGCGTTCACAAGTTCTTGAACTCGCCCGTGCTGGCATGGCCGTTGGGCTTGCGGGGTTATTTCTTGAATCTCATCCCGATCCCAACAAAGCTTTATGTGATGGTCCAAGTGCGCTTCCTCTAACACTTCTTGAGGCTTTCTTGGGACAAGTTAAATTAGTTGATGACCTAGTCAAAGCCATGGATAAATTAACCATTGAATAAATACAAAGAATCAAGAACCCTTGCTCTCGAAATGGGAGCAATCTTAATTATCGGGTAAAATATTTAGAGAATTAGTTTTGAACATTAAGATCTGGGTCCATGCACAAAATACTTCTTGCCACAAAGTCTTGATTAAATTTATCATCTACATAAGTAGATGTCTCTAGCAATGCATAGCGAGACTATGATTCAATACTTTCTCCCAAGTCACCCGAAGTCCGATCCACGTGTCCGCACACTGTGCAGAAGATCACACCCATTCACAAGCTTTCGCTACCTCACATCAGATCTATATTCGAATCACAAAAAGATAACTTTCGGCTATCTAGGTACATTCGCCAGAACGATCCTATTAGGCCCATCAAGTGCTCAAAAAGCTGCTCTTGAAAAGCTGGTGATCCTTGATCACGCCTATGCTCCAAAAAGTCATAAGTTTGGCCTATTTCGTGCAAGCCGCTTTAGCAAAGAACTCCAAACACTCAAATTGCCAGGTCAAGATCTACTCGAAAATAAGCACAAGAATGATCTCTACTCATACCTAAAAGAACAACAAGGAGAAGATCAAATCATGCTGAACGGGGAAGCAATTCAAGACTTCAGCATCAAAAACTCATCCAACATTCTTCTAATCAACCCGGCACCAGTATTACTAGCGTTGCGCTCAATCAATCGCGAAAATTTCAACCAGGAGCTAATTGAGAGGATCAAAGACAGGCATGATTCAAAAAACATATACAACTCGTACAAGCCTCTAGAGATTAATTTGACTCAAACAGGCGAAAGAGACAAGCAAAAAAGACCGTGCAAAAAAAAGACCTTTCAATACAACTCTATCGATAAGGTTTACTGTCCAACTTCAATGCTTGCGCTACGTTTCATCCTGAAAGGAATTCCAGTTGAACTTTCAAGTCTTCATCCACTACAAAAAATCCTTGGCGAAAACATCCATGCTCATTCAAGTCAAGAGGCCTTAGACATCGTTTACAACTCACTTCTCAAAACAACTTTGTCTATCCGAAGACTACGAAAATTCGAGAGATTTATAGCGAGTAAGTCAACCTGAAAAATTAAATCATCTCAGCATGATGACCAGAGAAGCAAATCGAAACGAGTTGACGAGCAAGAGCAGAAAACTGAGCGGGTCTCAAAATCTCAAAGCGTTGGCGAAAAACATCCTCATTAAGAAGCTCATTGTTAGACAACAGCATTGTAATTTGCATGCACCAAGCCTCACTGTCGGCTCGTAAGGGCATCAGCCAACTTCCAAGCTCACCTGACTGAATATCTGCTGGGAAGCCTGTTGGAGATGACAGCATCAAGCAGCCACTAGCCATTCCTTCTAGGAAAGAAACAGGACCACCCTCCTGAGCCGCCACCGAACAAACCAAGCGAGAATTCTTATAAACTTTAGGGGTCTCAGAATGTGGTAGATCAATCAAGCGAACGCGTTGATCAAGAGAATATTCACAACACTCCCAATCATGGCCTAGTATGGCTACATTTAGGCCCATCATAATCAAACGATTGACTATCTGTACCTGCAAGCCATAACGTTTACGCTTGTGGTAATAACCATCAGAGCCTTCACGATAACGACCAACAAATAAAACATCGATATTACGCTCGCCACACTGTTGAGAAACCCCATCTTGGTCATTTCCGGCAAATAAACAGGGGTCGTATCCAGCAGGAAAAACATGAATCCGTTCTTTCTTAACCTTGCGCATAGATACCAATTCTTTTTCAAAGTGATTTAAAACAAGCACTGCATGAAGCCGATCAATCCGATCAAGTGGTAAACCCAAGCGCACATGAGTATGATAAAAGACAATACGCTTTTCAGGTACTCCAAACTCAATAAGTTCATCTAAAAACTTCAAGCCCATAGCCACTACATAGATATCGTGACGACCGATAAATTGGCGCAACTCAGCTTCATCCCCAGCAATCTCACAGCCAACCGATTTAATACAACTAAACTGCGCCTGAAGATCTCTCCAAAGAAAATAGAGAATCCATCCCCGATTTTGCATCGGCAGGTAAGCAACCAGGCAAGGTTGCTTACCTGCCGATGCATCAAATAGCCGCTTATACTGCTGGCCTTTGATTAAGCGTAAAACGCGCTTGCATACATACAGAAGTGCTTGCTTCAGAGCTTTCATAAAGGATACGCAGATCGCAACGCGGGATACGCTCGCAGAAAGTATTGAACTTGCCAAAGGAATAACCAGTAGGCGATCCAACTTCCCCCTATAACGCTACAAAACAAACCCAAACGATTGCGTAGCGCAATCGCGAGACAGGCGACGAGATAAACCAAGCCCAGACCTAAAGCTGCTGTCCAAGTAATGGCATGAATATCTGGATGCTCTGCTACCGACTGGTTAATCAAAACACACCAGAGTAACGGGGGAGCTGTTATGATTGCAAGTGAACCTGAATATAGAGAATTCACATGGTTACAGTAAATAATCAATGCAATCAAGCCAGTACCTGCCAAAAGGTAAAGAAGAAGGTGCTCAAAGCTAGCGACTTTTGATATCTTGTCAATCATCAATTCAGATTGCCTCCATGCAAAACCAAAAGACTGAGCTATTGATTCATAATCCAAATCTGATTGAGCTTTGCCTTTTGTTTTATGAATAAAGCCAAAACGGTCGAGCATGGAGCTACCACCTAAAATGAAGCGTCCTGTCAAATCAACTACAGCAAGACGGATATAATGCATCGCACTAGAAGCGAAAAGTGCCAATGCCATTGACCAAGAATAGATAGCGCGAACAAAAGAGTCTTTCAAGTCCAATGCATAGCGACCAATCAGCACTGTGATTGCACACATCACTCCCATCCTTGGGCAGCCAATTGCAGCAATCACCAACAGCACCGCTGAAAGTTGATGAAGCCAAGCACTCCTCAAACGGATCGCCAACGCCAAGCATGATGCACTAACAGCCACTAGGACAGCAGAAAGAGCACGGTCATCGCTATTCCACAACGCTCCCCAAATACCCTCGCTTGGGAAGACAACAGCAAAAGCAGCAAATAAGACCAAACCAAAAATATAACGAGGAGTCGAAATTGAACGAGAACGTTCTTCAATAATTAGCCATGACAGCGTGGCAACAGAAAGAGAAATTAAAACTGCAGATGCATAAGCAGAAGCCCGAATTACTTGCCAAAATCCAACCACTCCAGCCAACTGGTAGGCAAAATAATGGGGCACAATATATAAGGTGGACTGTGAGGAATAAAGATCCTTAGGTATTGATGAAGGCAGCGTCACCAATAATTTTCGAAAAGTCATCAGACCACCAAGCTCCCAAAAACCAAATTCATGCCATGAACGAACAGAATCAAGCAAGCGAACATTGCATGTTGAGGCCAAATGGTTCAGAGAATTTCCCGCATTTCCCAAAGCCGCATTAAACAACAACACGCAAATCGTTACGCCAAGTAACCAGGGTATGTACATCAACCAACATGGGCCGGTTGAGCTGCTTGGCGATGTTGATGTCATGAGAATTCCTCTCTGACTAGTGGTTGCTCTGAGATGAACTGTTTAGACATATTAAAGTACAAAGGCATT
CP138946.1_gap7	322871	324991	2120	TCGGCTCCTGGTACTTGACCACGCCTCAGCAGCTCCGTGACTGGTACTTACTGAAAAGAGTGGTCCTTCAAAGCCAACCAAGGCAAAAACTGTTCCAACCGCGACCACCTCGCCAAAGGGCACACAGCAGTTCAAAGCAACCTCCATCCAAAAGAAATGCAAGGCCTTTTCCACCCTCTCTCGAAGCAGGGTTACGCAAAATGCGAACTGCCTCTGCAAGACCAAGCCTCTGAGGATTGGCCTGTTGACAAGATCGAGCACCTTGACTCCGGCTATGACCCAAAGTGCGAATCAACAGCAGCGCTGCCTTTTCAAGGCAATCATTTTCAGGGATAAGTAGCCCACTTCTCTTATCACCTCACTCCAATGGTTCTATCGGCGCAAGACGGGGGTCAAGAATCTTTGGCCCCATCCCTACAAACTTCACCGCAATTGAAACCTTTTGACCACTGCCGAAGGTATGTGTAATTTCACCAACACCGAAGCTGGAGTGCGTAACCCGATCACCAACGGCCCAGCGGCGACTAGAAGCGGAATTAGTCTGTCGACGTCGAACAGCATTTGCCGGCGGTGCACTAGGCCGCTGACGATCCACACGCGTCAGTCTTTCCAGATGACGTTCACGACGCATGGCGGCCCCTCCGCTCTGAGGGACATCACCATGCACTAGTGCTTCAGGCAGTTCCGAAAGAAAAACTGATGGCACGGCAGCCTCACGCATGCCTCCCCAGAGCCGTCGCTCACAGGCGTGAAAAATGAACAGCCGCTCTTTAGCCCGGGTAATCCCTACATAACAAAGACGACGCTCCTCCTCCAGCGAAGCCGGATCATCTAGCGAGCGATAGCTCGGGAACAGTCCCTGCTCCAGGCCCACTAGTGAAACGACGGGAAACTCAAGCCCCTTACTGCTATGCAGAGTCATCAAGGTGACCCGGTCGGCCGCAGTGTCTTTGCTGTCGGCATCGCTTGACAGAGCAGCACTAGCCAGAAAGCCCTCTAAATCACCTTCCTCGTTCTCCTCCTGATACTGAAGTCCTGCATTGACTAATTCCTGCAAATTGCGACGCCGCTCCTCCGCCTCATCAGTTCCATCTGCAATCAGCTCACTCACGTAGCCACTCTTCTCCATCACCTGCTGAATCAATTCCGCAGGAGAAGACTCCTGAATCTGCCGCTGCAAATCATTAACTAGCTCACAAAACTGCAAAAGACCCTTGGCTGAACGACCACCCAAAGAACGCACGGCTTCCGGATCACTGACCACATCCCAAAGCGGGATCCCAAGCTGATTAGCCGCATCGGTTAATCGCTGAATAGTGGTTTTACCAATTCCCCGCTTAGGCACATTGATAACACGCAAAAGACTTACACCGTCTGCTGGGTTAACAAGAAGCCTCAGATACGCCAACACATCTTTGATCTCACGTCTGTCATAAAAGCGAAGGCCACCCACCACCAAATATGGAATTCCCCAACGAACCAATGATTCTTCAATGGCGCGTGATTGGGCATTGGTGCGGTAAAGCACCGCCATATCCCCCCAACTGAGTTCTGGGTTTGCAGACTCCAACATCCTCAGCCGATGCACCACTGCTTCGGCCTCGGCAATCTCATCATCACAACGAGTGAGTGTGATCAGCTCTCCTTCGCTACGCGTCGGTCGCAATACCTTGTCGATCCGTTCGGTGTTGTTCGCAATCAGCGCATTGGCAGCCTCAAGGATCGTTGCAGTGGAGCGATAATTCTCCTCCAACTTGACCATCGTCCGTGTGGAGTCCTCCGGAGCCTGATCACCAAAATCGTCCTGAAATCCCATCAAGATGGTGAAATCCGCAGCCCGGAAGCTGTAGATACTCTGGTCGGCATCGCCGACCACAAATATTGAACGCCCCTGCCAATCGTCGTAACTCTGAGGATCTCGACCATCAATCACCAGAAGCTTGATCAGCTCGTATTGGGTACGGTTGGTGTCCTGATACTCATCCACTAACACGTGACGGAAGCGGCGATGCCAATAGCCGCGAACCTGCTCGTTCTGTTGTAGCAACTGCACTGGTAACAACAGAAGATCGTCGAAATCGAGTGCATTATTCGCCGCAAGAGCCTTTCGGTAACGGCGA
CP138946.1_gap8	339886	343276	3390	GAACGGCCAGCCAGTCGTACCCAACGAGCCAATCATTCCCTTCATCCGCGGCGATGGCACAGGTGTCGACATCTGGCCCGCGACCCAAAGAGTGCTGGATGCAGCTGTAACAAAGGCCTATCAAGGGGTGCGTCGTATCGAATGGTTCAAGGTATATGCAGGCGACGAGGCCTGCGATCTCTACGGCACCTACCAGTACCTACCAGAGGACACCCTTGAAGCGATCCGCACCTATGGGGTCGCCATCAAAGGCCCCCTCACGACTCCAATCGGTGGCGGCATCCGTTCCCTCAATGTGGCCCTACGTCAAATCTTCGATTTGTATTCCTGCGTCCGCCCGTGTCGCTACTACAACGGCACACCCAGCCCCCACAAACGGCCTCAGGATCTTGATGTCATCGTCTACCGAGAAAATACTGAAGATATTTACATGGGGGTGGAATGGGAAGCCGATGATCCAGTCGGCCAGAAATTGCGCGAACATCTCAACGCAGTCGTCATTCCAGCCAACGGCAAGCTGGGCAAACGCCAGATTCCTGAAGGCTCAGGCATCGGCATCAAGCCGGTAAGCAAGCACGGCAGCCAGCGCCATATCCGCAAAGCGATCCAGCATGCGCTTCGACTGAAGGGCGACAAACGCCACGTCACCTTGGTGCACAAAGGCAACATCATGAAGTTCACGGAAGGAGCCTTCCGTGACTGGGGCTATGAACTCGCCACAAGCGAGTTCCGCGATGTGTGCGTCACCGAACGAGAGAGCTGGATTCTCGGCAATCTTGAGAACGATCCAGAACTGACCATCCAAGCCAATGCCCGCATGATCGAACCTGGCTACGACAGCCTGACTCCTGAGAAAAAGGCCAGCATCGATGCCGAAGTACTCGCCGTGCTGGATGCCATCGGCACCAGTCATGGCAACGGCCAATGGAAAGCGATGGTGCTTGTCGATGACCGGATCGCCGACAGCATCTTCCAGCAGATCCAAACGCGGCCGCAGGAATACTCGATTCTCGCGACACTCAACCTCAATGGCGACTACATCTCCGACGCCGCTGCGGCGATGGTGGGCGGCTTAGGCATGGCCCCCGGAGCCAACATCGGCGAGAACGCTGCCATCTTCGAAGCGACCCACGGAACAGCACCCAAGCATGCCGGCCTTGATCGCATCAACCCTGGATCGGTCATCCTCAGCGGCGTGATGATGCTGGAGTTTCTGGGCTGGCAAGAAGCCGCAGACTTGATCACAAAAGGGCTAAGTGCTGCGATTGCCAATCAACAGATCACCTATGACCTGGCTCGCCTGATGGACCCGCCAGTAGAGCCTGTGAGCTGTAGTGGTTTCGCTGAAACGATCATCAAACGATTCTGAAACGCAACTAACCTTGCCCTTCAGCCATGCCTACCCAGCCTTCAAAAGCTATCGCAGAATACAATCAATCACTACATAAACAATAAGCCAAATCTCATAAATTCCAACTCGGCAATCAAGAGCTCTAAATTACTAAAATGGCAATCCAAAAAAAGAAATACTCAAAAAGCAATTTACAATTTCCATGGCCAATATTCCTCATAACAATTAGCAGCTTAATTGCAGGCATCGGAATATGCCTGGCAATCTGGATTCACAAAAACAACCACTTACTACCAACAGCTAATTCAAGTGAAGGCAGAGCTTTGATTCGCTTATATCTCGGATACGCACACGACCTCTTTCTAATATTCATATTAACCGGGACATACAAGCTGACAGCGCTTGCACCTCGACATTACAAAAAGAACAAAAGTCAATATCAATCAACTCGCCCTTTCTTGAAAAACTTAATCGAATTCGGAAGCAAGAATCCACTGACTTCAATCCTTCTTGCCTGCTATGCAATAGCAATAATCTATGGTTCTTCCTACCTTTACTTCGACATGATTGGCTGGTATCCAGACCTAATCAATGGAAACCTGTTAGATAATTTTTCAATCCGCTACAGCTTTGTCAACGAAACAATGAGGAGAAGCGATTTTCGCTTTTTCCCACTAGCCCATCAGGATTTACACATTCTTAGCTGGTTCACAGTTCAAATCAAGACCTGGCTACTTTTTTGCTCATTCCAGCTTTTTTTAATAGTTTTCTTTTGTACAAAAATCGTCGAAAACCTTTCAATAAAAGGAAAAGTTAATCAGTCAAGCTTAGCAATATTTATCACCATAATCCTTCTCTTTCACCCTTCTACAGTATTTACGTTTTTCCACGTCATCTACTCCGAGAGAACAGTAGGAACACTTTTTGCAGCCTATTTATATTGCTACATTAGACACGCTAAAGAGAATAAAAATACAACTTTCTACACGGCAATTATTCTCGCATCAATAGGATCTTTAACTAAAGATATAGCCATCCTTCTCTTCCTAACGCCTTCTATCGTGAATCTTGCGCTAGAGGCGAAGAAGATGTCCGCTTTTGGCCCGAACCATCTTAAAGGCCTATTCAGCAAACTCTTAAAAAGCAACAAGCTGGATCTCTACATTCTTCTTCTTATTCCAGTATTCATTGCAAGCTATGTAGTTCTCTCCTTAATTCCAGGAGTTTATGCAAGTGAAGGTCTTTACATCGAGGGGAATCAACTCAATCTGAATCTCGACATTCGGATCACAGCGTTAGGCCTCATAACCATCACAAGGTTATGGATGGCTATAAAAAAATTAGTCACATTAAACATACTTGATTCTTTTAATATTGCTGCGTTTATTTATGGGACAGCTCTTCTTGGCCTAACACGCCTGAAAGCAGACGACTATCAATCATTTCCCCTCCAAATAGTCATTATCATCAATGCTGCTTATGCATGGTCAAAATGGATTGAGCCATGGATTAAAAATCACTTAAATACGAATAAACCTGTTTTCACCAGCATAATATTTGCGGCTGGAATTCTCATATGCGAACACTTGCAGTTCTCAGCGCTCAGGATTTCAAGCGTTTACCAAACTGCAAAATGGATAAAACTAGAGCAAATTTCCAATCAAGCAAATTTCGAACATTTAGATGAAACCCTTAGACAGATCAAAAGAATTGGCAACGAGGTCAACCTCATTATCAACGAGAAATCGAGGCTTTCACGCGAGCGGTTCCTGGGACAATTAAAATATGATAGGCTGATTGAATACGATTCAAAGACAAAAACTTATTTAATTAAGGACGGTATCAACAAGGGTCAAAGGTACTTACCTAAATCAGGAGACATTGTTGCAAGCATTGACCAAAACAAGAGCCTGCTAGATCCAATTTTAGAACAAAGGCAGTTTACGATTATCTACAAAGATCAGATTGTACCTAACAAAGGATTATTTGTCCGCTTAAAATAAACTCCTGATACCTTTCAAAAGGTTGATCTGCAATAC
CP138946.1_gap9	345289	347242	1953	CATCAGACAAGCCTCTCTGCAAGATCTGCGCCAAGCGGGGAACTGGCAATTCCACCCCCATGCACTCTGGCTCCTCGAGTAAACATTCCAACTGAGCATCAGCCAGAGGAACGTGGGAACCAACCATCACCAACCCAGGCCATCGTTGACCTGAGTGATAGGTCCGTCGCATGCCAGCCAAGCCATCAGCAGCATGAGGTTGTGGTGCAAGATCTGCCAACGCATTGAGCAAGCTTGCTGCAGAGCGAAACAGAAAACGCTTATGACCAGCCAACTGCCTTACCGCTTCTGCTAAGGCCAGCAATTGCTCAGAATGCTCCGCATCCACTACCACAGACTGATTGTGATGAAGCCGAGCCAACCAACGACGCAACTCTGTGCGGCCTGTCTTCAATGGCGTCGCAGCATCTTGATTTTCAACAGCCGCATCCAACTGCGCAAGGCAGAGGCGCTGAACAGTTTGAGCTCGGATCTGCCCACCACTTTTCTCCTCTAGCCAAGCAGGGAGATCACTGGTGCTGTAACCAAACAAGCGATCTTTGGCAAAAGCACTGGAATGCACTGGCTTGCCATCAAGCAAATGCACGCCATTTACCGTGGTGCGCCCTCCTTCGAGGAAGGCAGGAACATGCAGCGTCGCATCGAAGGGGCCAAGCTCCTCAGCGATCACCTCAGGCTCCAAAACGCCATGACCGCGCAGCGTGGAGTCACCGCGACTGACCACAACAACTTCCGCTGCTGACATGCCTTCCGCCGCGAATGCTTGCCGCAAAGCAGAACAAATCTCACGATTGCGGGATGCCGCCTGATCAGGAGCTAACGCACGTGTGTTGGCCAGCACAAACAAGAGTGGCGAAGGGTGGCGCAACCCATGCCGCAACACATCAACATCCCAGCGCAGCAGCAGCAGACAGCCATGCACAGTCTGGGAGCCGGTGGGGTCGTCATCAAGCACCACAATCTTCATGGCACCATCGTGACGTGAACACGTTCTTCGCCGATACCGCCAACGTGCCAGCACCTGCTACGGCAGATGAACTGGCCGATCTTGTTGCGGGGCTGCATGCAGCAGCAACCCCCTGGCTGCCCTGTGGTCTTGGCAGCCGTCTGCAATGGGGGCCGCCTGTGGAGATGCCTTCACAACCAATCAGCGTGAGTGGTCTCAATCGCATCCTTGATCACGCTGTCGACGACCTCACGATCACTGTTGAAGCCGGCCTGCCGCTGGCAGAGCTACAAATGGTTTTGAAAGAACACCATCAGTGGCTAGCTGTGAACTGGCCCAGGGGAAGCCAAGCCAACGCAGATCCCAACAGTGCTGGCAGTGTGGGTGGGTTGGTGGCTCGTGGCCTCGCCGGCGGTTTGCGACAGCGGCATCTGGGTATCCGCGACCAACTGATCGGAATCGGCCTCCTGCGGAGCGATGGCATTGCTGCGCATGCTGGAGGCCGGGTCGTCAAAAACGTGGCTGGCTATGACCTCATGCGCCTGCTGTGCGGCAGTTGGGGCAGCTTGGCTCTGATCACGGAACTCACTCTGCGCTGCCAACCAATCCGCCCAGCACACATCGGCCTTCACCTTGATGGTTCTCTGGAAGCTCTGGAAGCATGGCGAGCTGCACTATTGCGCACCAGCTTCACCCCGGAATACTGCGATTGGATCAAAACAGATTTAGAAGACTGGCATCTCAACATCGGCGTGGCCAGCGTGAGCGATCAAGCCGTCAACGACCAAATAGGCCACCTCAAAGCCCTCGCCAATCAACATCAACTGGGCACAAGACAGCTCGACTGGCTCGGCCCCCATCAAGAGCCACACCCATCTGAAGGATCTTTCGATAGCAACCATTGGCTAGTACGGATAGCGCTGCAACCAAGCAACATTCACCGGCTGATCGCCAGCAAAGAACTACAAGCCCTCAACGGCTGGCATTGGCAGCTTGCCGCTGGCGCC
CP138946.1_gap10	372831	375347	2516	GGCTCGGAGTCGACTTCAGGCCCTTGGATCGAACGTTCTTGATCTGCCCGCTCTTGTAATTGGCCCACCCGACGATTGGCAACCCCTCGATGATGCCTTAGCCGACATCAAGACTTTCCACTGGTTGGTTTTCTCCAGCGCCAATGGAGTACGGGCCGTTGAAGAACGGCTTCAGCGGATCGGCCGATCTCTTGCTAATCGTCCCAAGGGACTAAAACTTGCAGCAGTAGGCCGCAAAACAGCCCAATATCTTGAACACCTAGGAGCTGCGGTTGATTTTGTTCCCCCAAACTTTGTGGCTGACAGCCTGATCAATCATTTCCCAGTGTCAGGCTTTGGACTGAAGATGCTGCTGCCAAGAGTCCAGAGCGGTGGCCGCACCATTCTGGGAGAAGCCTTCCGGGAAAGCGGAGCACACGTGATTGAAGTAGCAGCTTATGAATCCCGTTGCCCAGAAGCAATCCCGGAGGACACGGCCACAGCCCTCGCAAACAGCAATGTGGATGCAATTGCTTTCAGCAGCGGCAAAACCGCTGCACACACAGCAAGTTTGCTCAGCCATCGTTTTGGTAGCGACTGGCTGCAGCAGCTTCAAACAGTCAAAGTTATCTCCATTGGCCCCCAGACAAGCCTCAGCTGTGAGCAGCATTTTGGAAGGGTCGATCAAGAAGCCGATCCCCATGACCTTGAGGGGCTTGTCAGTGCTTGTGTTAAAGCATGCAGGTCGGAGACTGAGACTTGCCCCCCTGGCTCAGGGTGATGCAGCCGCGCTGAACGTCGATCGATAGCAGCGACCAGCTTGGAGGTAACAGCTGGTCCGCCTCAACTTGACCGGGGCAAAGACCTCCAGGCCCCACGCACAATGCTCCTGATCCATCTGATGTTTGAACCAATGCCCGCTGCTGCCCGCCAACAACCAGGACACCTTTCAGGATGAATCCATTTGAAGTTGTTGAGCCAACAAGCGGTTGAAAAGGATCCCTTCGACCTGCGAGCACTCGCTCTTGAACCTCTGTGGCCGAAGGCAGTGGTGTGAGCCGATCAGAAAGATCAATCGGCATCACAAACTGCTCAGAACGATCCGTAGCCGATCGCGGTGTTGTAGCCAACTTCTCGGTAGTAGTGCGATCGGTACTGCATCCCGTTAGCGCAACCGTGAGCAGGATCAATGCACTCCTCAACCGCCAGACGGCTGTCCTCGAGTACTCAGGAGGAAACGCAGTAACCGCTTTCCACAAGATCCCTAAATCTGTCAAGATTGGCCTGGAGCTCACGAGTAACAATCCCTCCCAGGATGCTCGGTTCCATCAAGGGTGCCAAGGGCCTCGGCAACTCGTAAGTAACGCTCAATTTCACAGCTGTACGGTTCTCGCTCTCCGGATAAAAACGCACAGCTCCTTTCGTAGGTAGCCCTCCGATCGATTCCCATTGCAACTGCTGCCCTTCAACCTGCTTGCTGATCCTTGCCTGCCAATGGAAACGAAAGCCCTGAGCAGCCAAGGTCCAATCCGTGAGGCTTGGATCCTCCAGGGTTTTGACAGATTCAATCCAGTTCATCCAGCGGGGCATGGCCTCGAGATCCATCCAGACAGCCCATACCTGCTCAACGGGAGCATTGATATCGCTAGTGACTGTGTGTTCAAGCCAGCGTCCCATCGTTAAGCCACCGCCTGATTGGTGGCCAACTTGGCTGGTTGATGAAGGATCGCCGCCGCCGCCAAATGGCCACTCATCGTGGCACCCTCCATTGAGTCGATGTAATCCTGGCGGGTATAACTCCCCGCCAAAAAGAAATTGCTGACAGGCGTGGACTGATCTGGTCTATAAGGCTCCATCCCTGGAGCTTCTCGATAAAGAGACTGAGCAAGTTTGACGACGTTGCTCCACACCAGCTTGAGAGAAAGAGACGAAGGGAACAATTCACGCACTTGAGCATCGGTGTGCGAAACAATCGTCTCTAAGGATTTAGAAATCCAGGGGTCACCAGGAGTGAGTACACATTGGAGTAAAGAGCCCAGACCCTCCCGGCGATAGTCCTCAGGACTCGCCAAAGCCAGATCCGCAAAGCAGCTGAAATCTGCATCAGCTGTATACAAAAGATTATCCAAGCCAACAGGACTCCGGAGATCCCGGCGTGCAGCCTCGTGAATGGGGTCATTACCCAACTCAGTCACCCAGCCGTCGTAACGGAGCTGCACGGTGGCGACTGGCACGGCTTGGAGCTTGTAGATGTCATCAAATTGGGGGAACTTACGCCATGCTTCAGGAAGCAAGCGCTGAATGCCTGGCACATCGCAAGCGGCCAAATAGCAATCAGCTTCAACCATGACATCCCCGTCTGGTGTGCCAAGGCTTAGCCCGGTAACCACGGGAGCTTCGTCATCGCGAAAGTGCACCTCACGAACACGATGGCGGAGATGAAGACGACCACCCCTTGCCTGGATGTAATCAAGAATCGGCGCGGTAAGCCAACGATGAGGGGAGCCTTTAAGCAAATTCAGCTTGGATGCTTCCGT
CP138946.1_gap11	393125	397597	4472	GGCCTGTTCGACCAGTGGGTCTGGTTGGCCAGCCAAGGGTTGCCACCCTATTCCTCCATGGAAGGGGTGCATCTGCTAGCTGATCACGGCGCCTGGGCTCTCTATCTGGCAGCCATTCCATATCACTTCCATGCCAGCGTTCAATGGCTACTCGCCAGCCAGGCGGCTGGACTAAGCCTGACAGCACTACCCCTTTGGTGGGTGGGCCGACAAGCAGGCCTTACTCCAAAACTGTGCTGGCTGATCTGCACACTTTGGTGGCTGCAGCCAGTGGTGTTCAACGCCAATCTGTTCGACTTCCACCCAGAGGTGTGGGTGATGCCGGCCCTGGCAGCTTGTTACTGGGCCAGTCGAGCCAAAAAAGCCTGGCTCTGGTTTGGCTTACTGCTCTTATTGCTTGGCTGCCGTGATGGACTTGTGCTTGTGGTAGGAGGCCTGGGGTTAGAGCAGGCTTTGCGTAAGCGATGGATCTGGGCCTTTGCAGCCATTGGATTGGCCTTGGGCTGGTTGGCCATGCTCAATCACTGGCTTTACCCCTGGCTGAAAGGCAGTACTGGAGGCCCTAAGGCAGCCGGAGCCCTTTTCTCTTACCTAGGCGACAGTTTCGATGAGGTTCTCTTCAATCTGATCACAAAGCCTCAGTTGTTAATCGAGCATGTGGATTGGATCGGCGGACTGATCTATCTGCTGTTACTCAGTATTGCCGTCGCTCCATTCTGGCGCCGAAACTCCCTACCCGTTCTGATGGGAGGTTTACCGCTAGTTCTGGTGAATCTGCTATCGGAAGAGTCACCGCAACGAACACTGATCCATCACTACAGCCTGCCAATTGCGGTGATAGCTGTTGTAGCTGCCATCGATGGACTGGCTGTACGCCCAAAACAAGCTGTTCCTTGGCGGCTACTGACCTGGAGCACCATCTGCTGGGTAGCCCTTGCTAAGCCCTGGTTTTTTAGTGGGCCTTATCTCGAAAGACTCAATGCATTGACCCCATCCCATGAAGCCATCGCAAACATTCCTAGCAGTAGCCGCCTTGCCACTACCAGTTATCTCGCCCCCCATCTCAGCCAACGCATTGCCATTGACTTCCCCCGCCGCAAAGGAAAGTCTTTAGATCTAGAAAGCTTTGATGTACTGCTTCTCAACCCAAAAGATCCAGGTTGGGGATCCAACCGAAAACAACAGCAGCGCCTATTGAACCAAGCCAAACAAGCTGGCTGGGGGTGTGAAAACTGGGAGAACGGCTTGGAACTTTGTCAGCGATCCGAGCACAAATCCATCAAACAACCTTGAGACCCTCTAATTGATTAAAAGCCTGAAAACGATGCCCCCGCCATGCGCACATGACGGGGGCTCTCGTCGGGTCCACTCTGGCGCGGAACCATTTGATCAGGGAACAGGTATAAAAATCAGCCGGCGTTCTCCGCGATCAGCAGACCCTGCATCGAACAACTGGAACTCATGAGCACCTCCTCCTTTGGGGATAACGGCAATTCACGAAGCATGCGACGCATGCCTATTTCAGGCAAAGTCACTTCGCTATTGCCAAAGCAAATCAACAGTAACCGGAATCGAGCAGAAGGCACGTTCTCAACCTTCTATTTCATCCAGGCTCCAGTGCTAGCAATGCATCAAGACAACGCTGTGCATCAGGAGAGGAATCAACGCTATTGCGCAAAACCACCAACCCATCCGCGCAGCTCACCACCCCGTAACGCCCCTCTTCCATGAGTTCCTGCAAGGCCTTATTGATAGATCGCCAACGAGACGTTTCCTGGCGAAACAGTGGCATCAACGAACGGTAATAGCCAGGGAAAGCCAAGACCCATTGAACCGATTCAATTTGATCCCGACGGTTGTAGTACTCGATATGTTTCGGGAAGCGCAAGGCAACTTCACGTTCCGCCAGCAGCGGCAACAAGGGAGTATCAGCAGCGACCGAGGCGTTATCTGGCACAAGCCCAACGGCATGACGGGCCGTTGCAGCTCGCTGCAGCATGGCGACCGGCGAGACATGAACGAATGGACTAAAGCTATCCGGTACCAGAGCGGAGAACGTGCGATGGGGATTGCTTGCCAAAGTCAAAACAAGCCCTAGGGCAAGACATCCCGTCCAGAAACGCCGGAACCAAAGATGAGACCAGAAACCTGGATGGGCCTGCCACCAAAGCATTGCGCCCATAAATAACCCTGGGACCAAAGCAAGCACATACCTGAGCGTTACCGACAACGCACTCATGCCCTGGGACACCAAGGCGATGAATAAAGGCACAGCCACCATCAGGGCCACATCCAGCGAGACAAAGGGGATAAAGGCCAAAGGCAACGCTGGCGCCAGCAGAAAAGCCAAGGTGGTTCCAGGGGGAGACACCAAGGCCGCCAGCAAACGAAGCGGATGGGTCACCATCGTCCATAGAACGGTGAAGGTCCCACCAGTGCGGCCTTGCAAAAGATGCCCAAACTTTTCCTGCAGGAAGCGATCAGACAGGGAGGAATCAAACTGGGGCTGAATCCAGCCAGTCATCACTGCCACATAAACCAACGACATCGCCATGACCATGAGGCCGATAGCGCGTGCACCAGGTCGACGAAGCGATGCCCACAATCCAAGTGAAAAGAGGGTGAGACCAGCATCTTCACGCACAAACAGCATCAGGAAACTGCAAGCCATAACCTGGCGCCACCCCTGCTTGAGGAGACCATCAACAACCAAAAAGCCCAGTAATGGCAACCAACAAAGGTCGTGAAAGTTTTCAACAAGTGGGCCAATCACGGTTCCACTGAGGTAGTAGGACGCGGTCAAGCGAATCGCCAAGGGTCTCGACAATCGGGCCGACGCCATCCGCCACAACACCAAACCTGCTAGAGCCAACAGGCCCACTTGAATCAACGGCAAGGCCCAGCGACCAAAGAGTGCTACTAAGGGCGCTGCCAACACAGTCAGCACATTGGCGTGCTGGCCAAGATGGAGATAGTCGATGCTTGGCAAAGCATCTTGATTGGCAACAGCTGCCGACAACTCCGACGAAAGGCTGCTTTCAAAAAAATGACCCCTAGCAGTAGACCAAAGCTCCTGCAAAAAAAGAGCTTGGTCGTAAGTAGCAGTCAGGCTTTCAAGGCGCCAAAACTGAAGCAGCAGTCCGACCAGCCAAAAGCCGCCAGCCATCCCAAGAACCACCCCAGGGAAGTTGTCTCTGCGATAAGACCTCAACCCACTGACAAGAGATGACATTCGCATCATTCCTCAGCTGCCGAAATGAATACTAGAGAGCCGCCAAATACCATCCTAAGGAAGGATAAAGACCAGGAGAAAAGGGCAGAGACAGTCTGGTTAGAGACTTTCCCAAATCCAGTCATCAATGGAATAATAGGCGAAAAAAAATTATACTTAATACCAAAAGACAACCTTCACTCATAACATCACTGACTCAGGCGGTAACTTGCTCAATACCGGCAGATATCTATCAACCATTTTAGCGCCCTGACGGATTTGCTAGCAAGACATAGGTTCGCAGCAACCCTAGGCCGAAGGAGAGATAAAGCATCAACTCTGCCCACTCCTGATCAATATTCAGAACCAAAGCTGTCGCTGACCTGGTAGCAACAAAATAAGACAAAAACGCAGCACAAAAGAATAGAGGCCAAAAATACCTGGGCAGAAAAAATGTTCCGACAGGAATTACACCCTCTCGAGATGATCTTGCTTTAAACAATCCAAAAGATGGCCGCCATAACACCAAAACCAGAATCAATACTGACACCAGAAAAAGATTAATATCGAGATAATCTTGAAAAAACTCGAGGTTATGAATTGTTGTCTGATTTTGAGCATTAAGAGCAGCTATGTTATCAGGTGTTCTCCAGCCGAACAAAACCTGACCCCAAGCAAGCTCCTCTAAGCCAACAAAAAGCATTCCCAAAGCAATCATCCCATAAATGGCTCCATGCAAGCGCATCAACAGACGCCTCCATAAGTCCCTAGAAATCAGCCAAGAGACCCAAGCTGAAGTGAACAGAATTAGAGCCTGCAAGTACTCAAGAATTCCTCCTTCTCCAAGCAGCCGTTTGTAACGCAAAACATCCTGAACGGACAGCTTGAATAGAGCTACAGATCCCATAATAAATAATGCAAGGATCAACATCAATAGAGAGCGACTTGCTCTAGCCGAAGGACTAAACTCCGAAAGCAAAGACTTTAAGAAGGTTGAGCGTCGCAGAAAATTCCCTAAAAAAACTAACAACAGACCAGCGACTCCAAGCTGCAGCTCAGGCCAAGGAGAGACATCTAACGAGAAAGCGCTGACAAATTTATACAGCGAAACTGCAACAATAAATGCCCCAAAATAGATAACAGCCTGGCCGCAAATACGTTGCACAAGCTTTTGTCTAACCACGCTCTCGCGAAGAGAATCACCAGCATCTCGCTGAACCTGGGAATTCGACGGAAGGGGAGTACTCATTAGGCACTGCTC
CP138946.1_gap12	399555	404333	4778	TGGACTCCGATCTAAATGAAGCCTTGCATCCTGCTGATCGAAGACGACCAGGACATGCGTGAACTGGTAAGCAGCCATTTAGAGCACAATGGTTTTGACGTACAGAAGGCTGAAGACGGCATCAAAGGTCAGGCTCTTGCCCTTCAGTACACCCCAGACCTGATTTTGCTCGACTTGATGCTTCCTAACGTAGATGGGCTAACTCTCTGCCAGAGGTTGCGTCGAGACGAGCGCACCGCGGGGATTCCGATCTTGATGATCACCGCCTTGGGAGGCACAAAAGACAAGGTCACCGGCTTCAATTCAGGCGCGGATGATTACCTAACAAAGCCTTTTGATCTTGAAGAATTGCAAGTGAGGGTGAAAGCCCTACTACGTCGCACCGATCGAGCGCCGGTGGGCACCAACGCTCATCACGAGATCCTCAGCTACGGCCCTCTCACACTCGTGCCTGAACGATTTGAAGCGATTTGGTTTGAGCGTCCCGTACGGCTCACGCACCTGGAATTTGAGCTGCTCCACTGCCTACTTCAGCGCCATGGACAGACCGTGGCACCTTCTCTAATCCTTAAGGAGGTGTGGGGCTATGAACCTGATGATGACATCGAAACCATCCGAGTACACGTTCGCCACCTGCGCACCAAGCTGGAACCCGATCCACGTAAACCCCGCTTCATTAAAACCGTCTACGGGGCTGGTTACTGCCTTGAATTGCCTACAGGAGGACAACTCGAAGGGTTCCAAGACCTACTAATCCAGGCACGCCAAGAGAGGGAAGCCAGAGAAGCACAAAACAAGCAAGGAGAGCGCGCCAGCGCTTAAGCGCCAGGAATCAGTTCCAGCAAAGCCACTTCCCACGCCAGCCTGGGTTGCACAAACCCCAGCAGGTGTGAACGCAGCCTTTCCAAACGTTTCAGTGGTGTTGGATCAGGCCGTTGGATCCAAAAATGTTGTTGCCACCAATCAATCAGCCAAAGCTGCTGCTCCCCATTAAGAGCCTCCGTAAGGTCCCTCGCCAGAGCTAAGGCTTCCATTGGCTTTTGGGGACGCTCTTCAAGCCGTAGCCAAAACTCCTCTGGGACTGCCTGCCAGAGCCCAAAATTCTGCAACAGCGCCCCAGGAGAACCAGCCGCCATCGCAACCAGTTCCGGCTGATCCAATGCCAACAAGGACGACCCCATCTCAGCTGTGCTCGTCCTGGCCAGAGCAGCCTGCATGTCAGCTGCTTCAAGACGAGCAAAAAGAATCTGTTGGCATCGAGAACGAATTGTCTTGAGCAAGCGCTCAGAAGCGGTCGAAAGCAGAATCAACAAGCCATGACCTGGTTCTTCCAGCGTTTTAAGCAAAGCATTGGCAGCAGCTTCGGGCATAGACTCTGCCGCTTCAATCACCACCATGCCCCTTGGGGCCTCAACAGGTCGTCGTCCTAGGAATCTTGTCACCCCGCGAATCTGTTCGAGGCGCACCTGTGGGGGGGAACGGCGGTTGACACCTTCTTCCTCTGCCTGGGACTTAGGGACCAAGCGGCCTTGATGCTGATAAGTCGGTTCGACCCAAAGCAGATCAGGATGGTTGAAAGCCTCTAAACGACGGCGTTCACGCAGGGCCGGCTTACCACTGCTGATGAGGCCCTCGAGAAAACGCAATGCCGCCAAACTGCGACCCACTCCATCTGGACCAGAAAAGAGATATGCGGGAGCCAGTCGACCCTGACTCAAAGCTGCCTCCAGCAATGCAACTGCCAACGGCTGAGCGATCAAATCTTCAAACAGCCCACGCGACTCAATCTCAAGGCTCATCGCATGCTCTCTTGCAAAGGCCCAAAATGGTGCTTCAGCTGGCTCTCCAAAGCAGAACTAACTGACTCAACTTGTTGATCCGCCTGCAACGGCACCCAAGATCGTTCCCTAGCCAAAACAGCAAATCCAGTTGCCACCCTGGTTAAAAAATCAACTCCTTCCGCTTCGATTCGATCGTTAGATCTTGCATCACGCCGAAGCAGACTTTCTTCTACAGGCAACTCCAACCAAAAAGTTAGGTCCGGGACAAGTCCAGCCGTGGCGATCTGCTCGAGTTGCTGAATCAAATCCAGATCCAACTCTCTTCCATAACCCTGATAAGCAAGGGTAGAGCCACTAAAACGATCACTGAGAACCCAGTGCCCCTGCTCAAGCGCCGGTCGGATCAACTGAGCCACGTGCTGGGCTCGATCAGCCGCATACAACAACAGTTCCGCAAGGGGTTCTGGGGAGGCATCCCCAGGCGGGTGAAGAACCAACTTGCGCAAGGCAATACCCAAAGCCGTACCACCGGGCTCACGGGTGAGATGCAACCTTGCACCCTCAGGCATCAAACCGCTGCGTGGCAGCCAGTTGGCAAGGTGACGAAGCTGAGTGGTCTTGCCACAGCCGTCAATACCCTCCAGAACAAGAAAGCGACCACTCATGTAGTACGCAGTGCCAAAGCGTTCACGACCACCGTGATTGAACTAAGGGCCATCAATAGAGCTGCGATGGGTGGGGAGAGCAATAACCCAAAGCCCGGCAACAACAATCCTGCAGCAATTGGCAAAGCAATGAGGTTGTAGCCAAAGGCCCAAGTCAGGTTTTGACGCACTTTTGCCATGGTGCGGCGAGCCAACAACAGGGCTTCCGGCAAACCCTCCAGGCGATCCCCAAGCAACACCAGATCAGCAGAATCCTGGGCTATCTGCGTGCCGGTACCCACAGCGATACCAAGATCTGCTGCCGCCAGAGCTGGGGCATCATTAATGCCATCGCCAACCATTGCCAACAGTCCAGCCTTGCGAAGACGTTGCAAGCGCTCCAGCTTCTGATCAGGCAACAACTGCCAGCCCAGTTGATGGGGTTGAAAACCCAACTGCTGCCCCAGGCGTTCCACCGCCTGACGTCTATCACCACTAAGCATGGCCAGAGTCATCCCCTGCTCTCGTAATCGATCCAAAGCAACAGACACATCAGGTCGAAGCCGATCATCAATGGCCACAAGGCCCAAAGGCTCTTCCCCCAGAGCCACGGCTACCACCGATTGCCCCTGAAGAGACGACAGCTCAACATCAGCCTGAAGTTCAGCTGTCCAATGAACCCCTTCAGCCTGAAGCCATTCCGGTGTACCTACTCGAACCGTTCCTTCTACACCTTCAAGCTCACCGGCCAGGCCGGAGCCTGGATAGGTACGGGTTGCCAAAGTGGACAGTAGCGAAAGCCGATGCCGTTGAGCCTCTTGCAAAACAGCATGGGCCAAGGGATGGCGACTGTTTTGCTCAAGACTTGCAGCTAGCTGCAACAATTGATCAGGTTTTTTTGTGCCAACAACCCCTGCCACCAAAGGGCGGCCAAGGGTAAGAGTGCCAGTTTTGTCGAAGACAACTTGCCTCAGCGAGGCTGCCATTTCAATCACATCCCCACCGCGAAATAACCACCCCCGGCGGGCCGCCTGACCAGAGGCCACTGTGATCACTGTGGGCGTTGCCAATCCCAATGCACAGGGACAGGCCACGACTAGAACAGCGATGGCGAGCTGTAAAGCCAATCCTAAGGAGGTTTCAGCGACGCCTCCAAGCGGGACATGATGACCATATCCATGCACCAACCCCTGACCCGAAGCGTGCAACACCTCTGGCCAAAGACGTGCACCCAGTTGCCACCAAAACAGAAAAGTCAGCAGTGCCAGGCTGACAACGCCATAGCAAAAGCGACCTGCAACCCGATCAGCCAGGCCTTGAATAGGAGCCTTACGCGCCTGGGCCTGTTCCACCAAACTAATGATTCTTGCCAGAGCTGTCTCAGCTCCCACATGTCGCACTTCTAGCAACAAGGTGGCTTCAAGATTGAGGCTGCCTGAAGTCAGCTCGATTCCTGGAGCTGCCTCCAACGGCAATGGCTCACCAGTAATGCTGGACACGTCGACAGCGGAATGTCCCTCCAGCACCATGCCATCAACAGGAATGCGATCCCCTGCTAACAACTGAACCCTCTCCCCAGGTCTGAGAGCACCGACTCTTACCTCACGGATAGTCCCATCACCTGCCAGCAACCTGGCAGTATCTGGCTGCAATTGAGCCAGCTGTTGGAGGGCCCGCCCAGTGCGGAAACGAGCACGCTCCTCAAGGAACCTTCCCAACAAGACAAAGCCGAGCAACATCACGGGTTCATTGAAGAAGCAAGGCCAACCCACCTGAGGCCAAAGCAGAGCAACCAGGCTCGCCAGATAGGCACTGCTAACGCCCAATCCCACCAAGGTGTCCATGGTGGGGGTTAAGGCAAGAGCCGCCCGCGCTCCGCCAACAAGAATCGGCCGACCAGGGCCCAACAAAGCCACCGTGGCCAATCCGGCATGGAAGGGCAAGGCCCCTACAATCACCAGCTCAAGATGTCCACCGGCAGCAAGGTGGCCAAGAACAGACAGCAACAGCAACACCAAGGCCACCATTAACTGACGCCACTGACTCCACCAAGCCCCTAGGGAATCACGCGTTGAAGGCGTTAGCTGTTCTAATGAGCCCGTATTTCTTGGCTGAGCAGAGAAACCCCGGGCTGCCAGAGCAGCAAGGATCGGCTCAAGAGACTGGCCTGGATCGTTGAGATCCAGCCAAGCAGTGCGGGCTACCAAGTTGACACTGGCACGAGCAACACTGGGCTGCTCAAGCAAAATACGCTCTACCGATTGAACGCAGCCGCCGCATTTCATCCCCTCGATATCGAGTGCGACGGATGGATGAGCCAATGGACGGTCGTTGCGGCTCACGGATCGGTGAA
CP138946.1_gap13	411058	413240	2182	ACTTCCAGTAGCGATTATCAATAGCCACCGTGCCCTTGGTAAACGTGGACAATTGCCCCGACTCATACCAATACAACTGCGGATCGGCGAACCGATCCCACCACCTTCCAGCCGACGTAAACACGACTTGGAAGCCACCAGCGCAGAACTCCAAAAAAGAATCAATGCGCTGCTGGATCAAGGACTTTTGAGTTCGGCAGAAGAGCGTCTCCGCCGCCAGCGCTGAGTGCCTCTGGCCAGCGCCGCTGTGCCCAATCCTTAAGATCACGACCTGTAGCCACCCAAGCCCAAGCCCTTACCCAATCGCTAATCCGCTTGCGCAACCCCTCCTCCCGACATTGATTAGCGCAAGAGACAGAGATGCCTGTGAGGCGGATCCCTCGGCTACCAGCCACAACATGACCCACGGCCATGGAACGGGGCAAATGATCCTCACTAGTCACCAGTAAGACATGTTGGATGCCCTTTAAGCGCAGTTCATCCACAAGAGACGTGAAGTTACCCAGGGTGTCCTTAGCGCGGTAGTCGAGCTGAACCTGACTCAGAGGAATCCCCACCTCACGAACCAACCACTGGGCATATTCCAGGTTGCTACCACCACTAACAACCAAAGGCAAATTCAAATCCCTCGCCAATCGGATGCCAAGATGCTCACGATCAACATCACCTCCTAGTACCAAGATCAACTGAGGAGGCTTCCCATTCGTTAGCGCTTGCCGATAAGGACGCAAAGGTCCGGCAGCAATTAGCCAGAACAAGAGGCCTCCTACAACAATCGCCCCAGGACGACACCAACTCCTCAAGGCGAAACCACCACCGGAGATGTCGGATAAATAGGAAGCACATCAGTCCAGGCGACCTCCTGGTCCAAACTGTGCGCCGTGGCGCAGAGCTCAAGTAAATGCTCCACATCCTTAGCCACATCATCTTGGGCATCAAGGGCAGGGAAGGCCTTGAAATCCTCTGCTAACAAATGGGGCGATTCCAACTCCACAACAACCTTTGCAGCGCCACCGTCTGCAGCCATTTGCAACTGATAACGACCGGCCACAGTTCCTCGCCGGGGCAAGGTTTTCACGATCCAAAATGGCTGCTCCATTTGCTCATCGCTTAACGCAACCGCCAAGCGAGGAGCCATCAAAGCAAAACTGCTCACCCCATCGAGGGAACAACCAAGCTGCTGGGCCAGAGTTCTTGCCATCACGACGGTTAAACGAGTCCCGGTAAATCCGCCAGGACCAATGGCCACGGCCAAGCGAGCCAACTGAGGCCAAGAGGCTGCTGGCAAAAGCTCCTCTACACAATTGAGCAAACTATTTGAGAGCCCGCGGCCCAGTGGGAAAGTTGCAGTTCGCCGACTGGCCTTGGGGTCGCGACAATCGAGAACAGCTACACCAAGCGTTTCTGAAGAACTGTGGAGTGCCAAAAGCAAAAAAGCCTGATCTTCTTCCAAGGATGAACCGGTCTGACAGCTCATCGAGGCAGCTCCTGGCCAGGGCACAATCGCTTCCAGCGCCCATGATCTAAAAGAAAACTACCGCAGTTGCGTACATCCCATTCCACGCCTGTCACTCCTTCAGGCAAATCAATCACACTGATATGGATGCGTGGGTTCTGAGGCTCCAGATCCGGTGCCGCATTGAGATGGGCAACCCCGTGCTGCCGCTCCACCGCGTGATAGGCCTGGCAACGATCAACCCAGCGGCAGTCGACACAAATACACATGCCCTCCCTTCGCTCTGCTGCACCCATTCTGGAGGGTGATCCCACCATCCGGGTCCAGGCCCTTTGGGAACAATTACATCCTGATCACTGGCCACTATCGATTCAAGACCTTCCTGCTGGAACGGTCTTAGTAGGAGGTGCCGTTCGTGATGGCCTCCTTGGCCGACTCCAGCAGCAACCAGATCTCGACTTCATTGTGCCCAGCAAGGCACTAGAGATCACCCGCAGCCTGGCCAAGACACTGGGAGGCACATGTGTGGTGCTGGACGCCGAAAGGGACATGGCGCGATTGGTCATCAAAGGCTGGACCATCGACATCGCCGCCCAAGAGGGATCCAACCTTGACGAGGACCTTTGGCGGCGGGACTTCCGTCTCAACGCCATTGCCCTCACCCTCGAGGCCACCCCTCAGCTCGTGGACCCAACGGGAGGGCTAAGTGATCTGGAGCAAAAAAAA
CP138946.1_gap14	436407	438048	1641	GGCGATTCACAGCCACAGCCAAGCTCAAACACCGGCTGAATCAGATGCGGTGTTCCATGGGATGTCCAGGCTGCTTGCGCAGCCAGAATTCAGCAGTAGCGCCAGCCTCCAACCTTTACTGGAACTGATGGATACGCAGCCAGCTGCAGTGGTGCCAGTTGGCAGTGAGCAACTGGGAGGCGTGTGGATCGGCGCGGAGCACCCCAAGAGCGCCCTAGAAGCCTGTTCCGTGGTGCAAGCGACCTATCACAGCTCCGGGGAAGGCATCGGACAAGTTGCTCTGGTTGGCCCGATGCGCATGGCTTATGCCACAGCCAAGGCAGCCGTGAGCAGCGTGGCGAATCACCTTGAAAGGTTGCTCTGCTAAGCGAGACAGCTAGCCATGAGTTGCAAACTTTTTTGCTACGACTACCAAGCTTCGACGACTAGGTTTTCGGCGGTATAAACGGTTCAACAAAAACTGGAAATGGAGCCCATGAACTGATTGATCTTTGCGTTATTGGTTCTCGTGATCAGTTACTCGTTAACCCCTTGCCGATGGTCAAGCTCTGATGCCATCAGCTCATGGCTCGAGCAAAACGCTTACTGCCGGCAGCCATCACTCAAAGCTGATTGCCCAGTTTCTCTGCCACGGTGTTGACATCTTTATCGCCACGGCCAGAGCAATTGATCACCACTTCTGTTCCAGCGGCGAGAGTGGGGCAAAGCATCTCTAACCAAGCAAAGGCATGGGCCGTCTCTAGAGCAGGAATAATTCCCTCTAGTTCACTCACCAAGCGCAGGGCATCCAAAGCCTGCTGATCGCTAACCGCGGCATACTCCGCCCTACCAATCTCACACAGGTAGCTGTGTTCTGGACCCACTCCTGGGTAGTCGAGGCCGGCACTAATCGAATGCGCCTCTTGCACCTGACCTTCATCATCCTGAAGCAACAAACTCATCGCTCCATGCAAGACGCCTACTCGACCTTCGGTGATTGTTGCCGCATGACGACCAGTCTCAACACCATCACCAGCAGCTTCCACTCCAATCATGCGCACAGAGCGGTCCTGCACGAAGGAATGAAACAAACCCATGGCATTGGACCCACCACCAACGCACGCCAAAAGAACATCAGGCAAGCGACCGAAAGCCTCAGCACACTGCTGCCTGGCCTCCTGACCGATCACGGCATGAAAGTCGCGAACAAGCATCGGATAGGGATGGGGACCAGCCACCGAACCAAGGATGTAATGGGTGGTTTCCACATTGGTGACCCAATCACGAATCGCCTCACTCGTCGCGTCCTTCAGCGTGGCCGTGCCTGCGGTTACAGGCTGCACTGTGGCTCCCAGCAGACGCATGCGGAACACATTCAACGCCTGACGGCGCATGTCCTCAGCGCCCATGTAGACGACACACTCAAGACCAAAGCGGGCACACACCGTGGCCGTGGCCACACCGTGTTGACCCGCACCTGTTTCGGCAATGATCCGCTTTTTACCCATGCGTAAGGCCAACAGAGCCTGACCCAAAGCGTTATTGATTTTGTGAGCGCCTGTGTGATTGAGGTCCTCACGCTTAAGCCAGATCCTGGGGCCTCCGTCTGAACGGCAGTAATGAGCTGTGAGGCGCTCAGCCTCATAAAGCGGCGTCGCCCGA
CP138946.1_gap15	456510	461186	4676	GTTTATTAGACGGTGGCAACTACTCCAACCGGCTCCAGCCTTCAGGTGCTCAAAGCCGTCGAGGACGGCTGGAACGCCTTCTGTAAAGCTCCCTGGAGTTTTTTGCTTTTCCAAATCCTTGTGGGGGTGGTCACGCTCCCCTTCATCGGCATTGCTGCTCTTGGCGGTACTCGCATCGCCGCTGTCAAAGAAGTTGCATGGTTACATCCAGTCCTGGGTTATCTACTGCTGGTCGTTGGCCTGATCGGTTACATCATTGTGGTGCTATGGGGAATTGTGGGACTAATCCGAGGCGCTTGGACAGCACTCGATGGTCAAAAGCCTGACTTCGCCGTCTTTACACGTTGGGATCAAAGCTCCAGCTGGCGGCTACTGGGCTCATTGATTCTTTATATCGTCGTGATCGCTGTTGCCTCAGTGATTGCCTACCTGATAGGCCTGGGGCTAGGCCAGATCAATCAAGCCCTAATCGTGATTCCAAGCATTGCCCTAGCAATCTTTGCAATCTGGTTCCTGGTAACCCAACAGTTCCTCGTTCAAAACAGCCTGCTTGGCAGCAAGAACTCAGCCAATGCATTGAGTTCTGGTATCGATGTGATCAACCCTTCCTGGTGGATCGTGCTCTGGCTGCTGATTGTGGAAGCTGTGATCCATGCCATCGCCGCCACCTTCCACTATGGAGGTCTCTTCGTGATGGTTCCTGCCATGGTTTGCATCTCAACTGCGGCCTACCGTCAGTTGTTCGGCAGCACAGACAACACTGGCCTGCTTAAGCCCAACTGAGCAGCAAAAAGCCAGCGATGCCGAGTAGCGCCAAAACGAATTGGGCTACTCGGCTCACCAATAAGCCAGCGACCACTGCAAGCCCGACCAGCGCACCACGGCGAGCAGCAAGCAACCATCCAAGTGCTAAAGGAGGTTGACTAGCCGTCAACGTTTCCACCAAAGCAGCGCCCAGCCAAGGTCCAAAGAGAGCCCCTAGCAATGGGCCTCCAAAAGGCAAAGCCGGCAATAGACCCACCAAGCCAAGCAGCAGCCCCAATCCAGCACCCAAAACTGCCCAGCGGCTTGCTCGTAAACGAGCAGAAGCAAGAGCTACCGCTAACAGATCAGCAATAAGGCCAAGTGAAAAAACAATGCAGGCCAAACCAAGGCTGAGCCAACCTGCACGCCAGCCCACATGCCAAACCCATAAACCAGCACCGAGTGGCAACCACAACAAACTCGGTAACACCGGCAACAATGCTCCAGGGAGAGCTAGCAGTTGCACTCCAAAAGCCCACCACCAGATTGGATCAGCGGGCATCGGCAGTGGTCGCTTGAGGCAAGCGGCGAGCGAATCGAAACTTTGCACTACGGCTGCGTGGATTGGCAGCGATCTCCATCTCGCTGGCCACCAAAGGCTTACGGGTTAGCCGCTCCAGGCGCTGATCACGCAAGAAAGCAGTCTTGACGCGACGGTCTTCAAGAGAATGAAAGCTGATCACTGCGAGCAAACCTCCTGGGACTAACCAGTCAGGGGCCTTTTGCAAGAAGCGATCTAAGGCATCCAATTCATTATTCACAGCAATGCGCAGGGCCTGAAAAGTACGGGTGGCTGGATGGATACGACCATGACGGGCCTTCGGCGGATAGCAACCAGCCACCGCATAAGCCAAAGCGGCGGTGCCGGCATAGGGTCCTTGCTCTGCCAGATCGTGCTTAATGCGCCGGGCGATGCGACGGGACAAGCGCTCCTCGCCATAGGCATAGATGAGATCTGCCAGCTCTGTTTCTTCGAGACGCCCAATCAGCTCAGCCGCCGTTTCGCCCACCTGGGGGTTCATGCGCATGTCGAGCGGACCATCGAGGCGAAAGCTAAAACCTCTTTGCGCCACATCCAGTTGGGGACTGCTCACTCCCAAGTCAGCCATCACCACCACTGCCGGCTCGGCAGGGCTGAAATCGACAAAATTAGTCGCCACGATCGTGACGCGATCTCCAAATAGCGCCAGTCGCTCAGCCGCCGCCGCACGAGCCGTGGGGTCTTGGTCCAAACCGATCAGGCGGAGATCTGGATGACGTTCCAGCAACAGAGCACTATGGCCGCCGCCGCCCAGGGTGGCATCAATGATCAACCCGCCAACGAGCAGCTCTGCAGGCAAAGCAGCGACAGGCTGCGACACGGCATCTTCCATTACGGACAGATGCTTGAAACCTGAATCCGAGTTAATGGACGAATCGGGCATGGGTTCCTTCCTAAGATCCCGCTAACGCTCTGCAACTCAAGGCCCCATGTCGCAGCTGGAAACGCGTACGGAGCCAATGGTCGTCAACTTCGGCCCCCATCATCCCTCGATGCATGGAGTGCTGAGGCTGGTGGTCACCCTCGACGGTGAAGATGTCGTGGACTGCGAACCGGTGATCGGTTATCTCCATCGGGGCATGGAAAAAATTGCCGAAAACCGCACGAGTGTGATGTTCGTGCCCTACGTGAGCCGCATGGACTATGCAGCCGGAATGTTCTACGAGGCAATCGTCGTGAACGCTCCGGAGCGCTTGGCCAACATCTCTGTGCCGAAGCGAGCCAGCTACATCCGCGTGCTGATGCTCGAGCTCAATCGCATTGCCAACCACCTGCTCTGGCTTGGCCCCTTCCTGGCTGATGTGGGTGCCCAAACACCCTTTTTCTATATCTTCCGAGAAAGAGAAATGATCTACGACCTGTGGGAAGCAGCCACAGGGCAACGATTGATCAACAACAACTATTTCCGCATCGGTGGCGTCGCCTGTGATTTGCCCTGGGGCTGGCTAGAGAAATGCCAAGACTTCTGCGACTGGTTTGGTCCTAAAATCGATGAGTACGAAAAACTAATCACCAACAACCCAATCTTCCGTCGCCGCATCGAAGGTTTGGGCGCCATTGGGCGAGATGAGGCGATCAACTGGAGCCTTTCGGGGCCAATGCTGCGGGCATCAGGAGTGCCATGGGATCTACGCAAAGTGGATCACTACGAGTGCTATGACGACTTCGATTGGGATGTCGCCTGGGAGAAAGAAGGCGATTGCTATGCGCGCTATCGCGTTCGGATCGAAGAAATGCGCCAATCACTGAAGATCCTGCGCCAGGCCTGCGAGATGATCCCAGGCGGACCAACAGAAAACCTCGAAGCTCAGCGGATGGCGGAGGGTAAGACAAGCCCCTTTGTGGGATTTGACTATCAATACGTCGCCAAGAAGGTTGCACCCACCTTCAAGATCCCTAATGGTGAGCTTTACACCAGGCTTGAGTCAGGCAAGGGAGAAATAGGCGTTTTCCTACAGGGCAACAATGACGTCACACCATGGCGTTTCAAAATCCGCGCTGCTGACCTCAATAACCTGCAAATCCTTCCCCATATCCTCAAGGGAGCAAAAGTCGCAGACATCATGGCGATCCTTGGCTCCATCGACGTGATCATGGGTTCTGTGGATCGCTAAGGCACAAGGCACTGAACCGTTTTCTGCGACGGATCCAACGGGCTGGTTATCTACTGCCGGCAACACTCACTGGCTCCCTGTGGATCAAGGGTCTGCATCCATCGCTGCCAGGCTGGCCCTGCCCACTCAGAGCTCTCACCGGCATTCCCTGCCCAACCTGCTTCCTTACTAGGGCCACGACTGAAGCACTGCAGGGCAATCTCAGCAGCTCAATGCAATGGCATGCTTTTGGGCCAGTGGTGGCAGCAATGTTGATCATCTGGTCGGTGCTGGCCATCCAGCAGCGCCGATTGAGGCCCTTTGCTATCCACGCTTGGCATTTGATCGTGGCAGCCGTTGCGTTGATCAGCTACTGGCTGGTGAGACTTGGCTTGAACTTTGGCCTAGGAATGCAAGCATTCCCTGTGTACTGAGGAATCCACAAAGAGCAAAAGGCAAGAAAAGTTTTGAGCTGATGCGGAGCCTTTTACTGAGATCGAAATAGATACTGACTAGTTTAATCTTGTCCAAATTAGCCAAGCTGCTATCACCAATCCATTAAGCCCTAATGCCAAGCCAATCGTGATATACGCGAAGACATTACCAACTGCATTCTTCTCCCCGTTGAGATTGACTCTCATGACTAGCCATTAGGGTTCAAAGTAAGTATATGATTTCAAGAGCCTGACAGTATTAGCACCGCTTCTTTGACAGCCTTAATTCTGAAAATGATACAAGGGCCACTTACCCAATCCATTAAAAATGTTCTTCTTTGGCTTAGATGGCTTGTCTGCCTTTACTCAGTAAATCTGTTACATCATCAGCTCGGCGGAGGAAGTAGTGGTCTTGTATGTATTTCATCCTGGTGTCAGCATCCTCTAGAGGGACAGGAAGAGGAGCACTGACTTTAAGCCACATGTTTGATTCAACCAATAACATCGCCAGCCAGGGATTGTCCAGCAGATCAATCGCTAGCGCATCCGCGAAAGTATCTACAACACTCAACCGATCACAGCAGCTACCAAAAAAGTCTGCCGCCAACACCCCATCACAATGATGATGGTGATCTTCGCCTTCGACCAGAATCCCAAACATGAATCCAGAAAACTGGTTATTGCTGTGCCGCGTGGTGCGCTTTGGCGATACTGATGCCGCCGGTGTGATGCATTTCCATCAGCTATTTCGCTGGTGTCATGAAGCATGGGAAGAGAGTCTTGAGCACTACGGACTAAACCCCG
CP138946.1_gap16	478348	481392	3044	CAACGGGCGCGAGGGGTCGCAGCGGGAGTGTTCAGCGGCTGCTTCCCTTTCTTCGGGTTACAGACACTGATGGGTGTCGCCTTAGCAAGTGTGGTGCGCGGCAACCATGTACTGGCTGCCATAGGCACCTGGATCAGTAACCCGATCACCTATTTGCCGCTCTATTGGTTCAACTATCAAGTTGGCTGTTACCTGATTGGCCAAGGGCAAAATGACCTTTACCTCACTAAAGTCAATGACCAAGATCTTTGGGCTCAAGGCTGGGCCTTCAGCACTCGCCTTTTACTTGGATCAAGCTTGGTAGGAGCAATCGCAGCTCTATTCGCAAGCTGCGCTGTCTATGGGTTGCTCAAAGGGCCAGCAAAAGCAAAATCGCGAAAGCGAATTTATCGCAGACGAAGCCAAAGTAATACATGATTAAACCGAAATTAGCTTACCTAGGCTGAGATCTACTGAATTGCAATCCTCTTAGGAATCAAGCGAAAGGCCTGTATTGAATGTCAAAGTGATGATGGGGCTGTCGAGAGTTGTCTCAATAGCCATAATTATAAAAGATTTAAATTTATCGTCGTAAGATCATAACGGTTAGCTACAGCTAATGTGATCAAAGAGGCTGATGGAGCAATCCCCTCCGACCTTAAGTTGATGAATCTCACGATCCTGAATATCCAGCAAAGGAGCTAAGGTAGCTTATGCCTCCACTACCCCCGCGACTGATACGCCGTGCACTTCTTCTCGATGTGGTGCTGGCGTTGGTCTTCCTCAGCCTCTCTTTATTTGCCGAAGAACAGGTCTGGCGTTTAATCTGGGGTTGCGGCGCCTTGCTCGCAGTGGTCGATGCCCTAGTAGCCAATCGATTCCTTGACGAGGAAGACCTGGACTGAGGAAAATAACTAAAATTTTCTGTATTTGAGCTCTTCGCTTATAATATCTATATTGAGATAAACTTATTTTTTATAAAATATAGATTTTAATAAAAAAGTTACAAGAGCGTAAAAAATCAGTTCGACGACAACCTCAACTCCTGGGCCAGTAAAAGGCCAAAGAATTGATGCTAATTCGAGCATTAACGCGATTATGGCAATATAACGTACAACAATATAGACACTAAAAAAATCAACCCCCAGGAGATAGGCCTGGAAGGGGAAAGAGTCAATCCCTTAAAGACTTGAATTAGCCGGTCATACATAAAACTGGACCAAAGAACTTAGGCCATCTATTAGGTGTAGGTATTTTCTTTGCAGTCGTTGCTTAATGTTCATCCTAGCAACTACAACCTTCTCTACGGCTAGCGTTCTATCAACAGTGATGCAGTATTGAACTCATTGTATTCACCATCAGTCCAGCTGTATGCGACATCCGAATCCACCTGCTTCACCTTCATGCTCTTACGATCTGTTTTGAGAACCTGTCCCCTAGCCCTGAAATTTCCTTTTATTCCATCCTTATTGACCTGAACGTATATTGCTCCTACTTCAAAGCCTCTATCACTGCAAAATATTTCATCAAAACAAGTATGTACAGTAACTGCATAATCATCAGATACAAAGCCAGCCCCAGCAGCGTAAGTATTTGAACATCTCCAACTGCCACCAGTGATCAAACCTGACTTTGCCCCAGAGGCTAAATTTTCATTCCATCCAATAGCCTCAAATGCTGCACAACCAGCGTCAGCCCTGACGGGAAGCGTGAGGCTGGCACAGCAGACCGTCACAACTGCTCCGAACATAGCCCGGGTCAAGACTTGAAATGTGTTCAGGTGTAGGGGCAAGAGCAGTATTGGCTAGCTATAGAGGCTCCAATGACCAGGATAAGCCAAACCATTTCTGTGGAAGAAGGATACCGTTACCCAAATCAAGAAATATGGCAGGAAACAATACCCTGCGATCAATCGTTCAAAGCTTTTACCCGGTCTAATCATGTCTTTATTAGCAGACAACACATTCCTATTAACTGCTGATCGAGCATGACGAAAGCAATTGGTTTAAGAATTGTCGTGTTAAAAGTAATCAAATCATTTTGACTAGCTAAAGGTGATTTGATCACTTTGGTGCCTCAGCAGTGATCAGTCATCAAGATCACTGCTGAGGATTCTCGCTTCAAAGAGGTAACTTAGTAGGTTATCAAGCATCGAATTGATTAAATAAAAGTAGCAAGTGACGTAGTAATCCCAGAGCTTTTTGGAGGTTGATATTAAAACGGCACCTACAAGGTAAAGCAAATGATTTAACTCGTGATTGCGCGACGCTTGACCGCAAGAAAGCCACCAAATGCAATAGGAATAAGAGCTACCAGTGCTGCAATTGCCAGGATAGTAGGAAGTGAAAGTTCTGGCATCGTCTTAGTACAAGTGACAGAACTATTTTAATCGAATGTCAAGGTCAAAATAGGAGGGCCTGCGTGATGTTGCATCAACAACATCTATTCTTCCTTATCGACATTCCGTGAACGCAAAAGTATATTATTACAAATCATTCTATGGTCAAGTGAAACAAATACTCACAGCCATATGCTCTGCCATTGTATTAACCATATCTGCAGAGGCTCAATCCACATCCTCCTCCTTTCGGCAGGCTTGCTAATGATTGTTGGCGGTTAACCGACGATTCGTATGCTTTTCCTGTGGATGTCAGACGCTGACACTGGCAACACCATTTTTGTGGGCAACGCAAGCACTGGCGAAATCTATGCGCGCTACGGACTCTCTCCGGAGTGGCGTGCTGATCCTAAGGTCATCAACACATTCAAGACAAGTGTCTAGCAACTGTGATTCAAGCTTTGATTCTTTCGATTCTATCCATGAGGCCTGCTTAAATTTAGATATTTACAATGTTTCTGACAGGAAGCCCTTAAAGAAGGGATAGAATCTAAGCTGTGAAGACTTTAAGTCTGTCCCTAATGGATCGGAAGCCAACATGAGTAGCAGTGAGAAAGAGCTTGATCTGCGCATTGATCGTCTTCAGAAAGAATTAGCGTTGGCCGAGCAAGAAAGAGATATTCTACGTGCGACTATGATGCAGAAAAAGATTCTCATGAAACTCCTT
CP138946.1_gap17	672750	673980	1230	TAGTTTTAGGGTAAAAGAAGTTGAAGGTGAATTTGTGATGAATACGAAAAACTATTGGTGGTTGGTGCCTGCTGAATAAGACATCAAGGCAACTTTCTGCAAGTCAATGGTGCCAGGTATCGGATGCCGTTTTAAGCGAATATGGAAGTCGTTGAAGAAAGAAAGCCCCCTGAGGGCGTTGAGTATCTAGTCTGCCCCTAGCCTTGACGAGGATTGCCATCAAAAAATTCTAAAGCAAACACACGACGGCAAATCTCCATCTGGCCACGGCCCAGCAGTTACCCCACCAGCAGCTCCGAGATTCTTTTCAGCATCTGACAGCTGAGCTTGAGCTTCCTTTACCTCTTCAGCAGTAATCTCAAAACCTGCCTCTTTAGCAATACTAACGATTGAATCAGCGTCTGTTGCAGCCCTTAGCTTTCTTCAGAGAAGTATCCGCCTGGACTGCTTCCCAAAAGGCTTTGAGTTGTTCTTCTGACATTAAGAGAAGCCTGGCTAATGATTCTTTAGTTCATAATCGCGCTGATATCTGTTTTTACAGGCAAACTGAAACATGAGGTGGAATTAAAAACAGTTCTTTCCTGGTCATCCCATTGAGCCTCATCATCCTCAATCGATGACCAACTAAAGATTGCTGATTGCAATCGAGCTGAACGTTTTGACCAACAATCAATTGAACCCGCCAATCGGCAGGATTTGAAGACACGGCAGGGTCAGAACTGCGAGGCAGCAATCCAGGAAGCTGAATCAGCCAACGTTGCTGATCTTGCGCAGGCAATGGATAAGCCGTCAAATCAAGGCGTGGGATGGCCCCTACCGGTGCTGCTCCTGAAGTCGCTAGAAGGGCTAAAAGCCAAAACAAAGACCTGGTCTGAATGAATACCGCCACGTCAACGTGCACAACAGAATGTCCAGCATGAGCGACTCCAAAACGATTGCCCTGCTCTCAGGCGGACTTGATTCGGCGACTGCCGCAGCCCTGGCCATAGAGGCTGGGCAAAAAGTGATCGGACTTTCCTTTGATTACGGGCAACGACATCGCAAAGAACTGCAAGCCGCTGAAGAGCTCGCGGCCCACATGGGCCTCACTGAACACCATGTAATCAATGTCAACCTAGGAAGTTGGGGAGGCTCTTCCCTCACCGATCTAACGCAAACAGTACCCAGTGAAGGAGTCGTTGACGGAGTGATCCCCAACACTTACGTACCTGGACGCAACACGGTCTTCAT
CP138946.1_gap18	676327	680287	3960	ACAACAGGGCCTCGAACATGGATGGTTGCAAGAAACTCAACTAGAAGCCACACCAGAAAAAGATGATCAATGGCTACTGATTAATAGCCTCAGCTGCCAACCCATCGTGAAGCTCGATGATCATCTGCTCAGAGCATGGTCGGATCCTGAAGGCCTTTGGTACTCCCTCTTAAAAGCCAACAACACTGACACTTCTCCCAGGCATACAGATTAATGCCCCAGCCCTAAACATCTCCATACGCACTCATACACTTAGGAATTGATCCACCACTGCCTGGCTAAGGTCGCTAGTCGGACCACTGGCCACAATGCCACCTCGTTGCATGGCGTAGTAACGATCAGCTTGACGAACAAAGTGCAGATGCTGCTCTACCAAAAGAACGCCAATCCCTGTCTCGGCAATGATGCGTCGAACAGCTCTTTCAATGTCTTGAACAATATTAGGCTGAATACCCTCCGTCGGTTCATCTAGCAGGAGCAATTTCGGCTTACCAAGCAGAGCCCGAGCAATCGCAAGCTGTTGCTGTTGCCCACCGCTGAGATCTCCGCCTTTACGCGGCAAAAACTCCTGCAGAATCGGGAACAACTCATAGACAAGCTTGTCAATGCTGTGGTTACGAGCCAAGCCGCCGGGCAATGCCTCCATCCCCAGCATCAGGTTCTCCTCCACCGTCAGATGGGGAATAATTTCTCGCCCCTGAGGCACATAACCAATGCCCGCACGAGCCCGCTGATGCGGAGGATGGCGATCCAAAACTTCGCCGCTAAACAGAATCTCTCCACTACGAGGACGCAACAGACCGATTAACGATTTCAACAACGTGGTCTTACCTACACCGTTGCGGCCGATCAAGCAGACCATCTCACCAGCTTTCACAGTGAGGTCGACATCCCTAAGGATATGACTCTCTCCATAGTAGGTATTTAAGCCCCGAATCTCGAGTATGGTCATCGGCTTAACCAAATCATGAACGGCATAGGTAGAAATCTCTGCATCAAGCAGCCTCCTCATTGCGACCTAGATACACCTCGATCACGCGTGGATCACACTGAATCTGATCCATCGAGCCCTCGCAGAGAACGTGGCCCTGATGAAGAACAGAAACCTGACTCTCCAGGCGTCGGATGAACTCCATGTCATGGTCAATCACCAAAACAGTGTGATCACCAACGAGAGACTTAAGCAGATCCGCGGTGAGATCAGTTTCCTCATCCGTCAAACCAGCAACTGGTTCATCAACCAATAACAGGTCAGGAGACTGACCCACAAGCATGGCGATCTCCAACCACTGCTTCTGTCCATGAGACAACGATCCAGCAACTTGATGCGCACGCTGCTGTAGAGAAACGATACCCATCAAATGGGCAATGCGATCGCGCTCAACAGCACTAAGACCTGCGCTTAAGAGTGGCCAAGGACGCTTTGGATGACTGACCGCCAAGGCGAGGTTTTCCTCAACAGTGAGGTTTTCGAAGACTCTCGGGCTCTGAAACTTCCTGCCGATCCCAAGCCGCGCAATCCTGTGTTCCGGCTTATTTAAAAGAGATTGGCCCTTAAACAAAACATCACCTGCCGTTGGTCGAAGCTTGCCAGTGATCACGTCAAGGAAGGTGGTCTTGCCTGCACCGTTGGGACCAATCACGGCACGCAATTCTCCTGGCTGCAGGCTGAGATTGAGATCACGCAGTGCCATAAAGCCATCAAAGCTGACACTGATTTGACGCAGCTCAAGCAAAGCAGTTGTCATGACTGCACCTCCTCCTTGCCATCCATTTCCAATCGTGGATAGGTACCGATCCTGCGCGCGACACCCAAGCGAGTAAGCAGGTTTCGTGGCCCACCCGCCTGCCACCAGCCCACAACACCTTCTGGTAGTGCCGTAACGACGAGAATAAACAAGCCTCCCAGGATGAATAGCCAGCCTTCTGGCCAAAACGTGCTGATTTGGCTCCTCGCCAAATTAATGACTAGGGCTCCAAGAATGGCACCAATCAAAGTTCCGCGTCCGCCCACTGCCACCCAAATCACCATGTCGATTGAAAAGGGAACAGTCATGTATTGCGGCGAGACGATACCGGACTGAACGGTGTAAAGAGCACCGCCGATGCCGGCCAAGCCACCAGCCATCGCAAACACGATGGTTTTAAACAAGGTGGGATTGTAACCAGCAAAACGCAAACGCGGCTCATCATCGCGAATGGCGATCAACACTTCACCAAAACGGCCACGCACCACCCAGCGCACAGCCAACCAGGCCAGGATCACCATCACGGCCGTTAACCAGAAGAAGCCTCGCTGCATGAATGCAGAGCCCACCTGCTGGCCAAAGAGCTCTGTGACATCGGTCTTAAGACCGTTGGTGCCATTGATCAGTTTCTGCTGTCCGTTGAAGAAATTAAAGAAAACCAGCAAGGCGGCCTGGGTAAGAATCGAAAAATAAACTCCCTTGATCCGGTTGCGGAACACCAAGTTGCCTAACAGCGCGGCAAGCAGTGCAGGGATCAGCCAGATAGCAATCAGCGTGAACCAAGGCGAATGAAACGGCTGCCAAAATCCAGGCAGTTGATCCACCCCATAAAGGCCGAAGAACTCTGGAATCCCGTTGGGTTGTTCGCTCGAGCTATTGAGCTGAAGGTACATTGCGGCTGCGTAACCACCGAGCGCAAAGAAGATGCCCTGACCCAGGCTCAATAAGCCTGTAAAACCCCAAATCAAATCGATGCCGAGGGCCACGATCGAGAGAGAGAGAAAACGACCGAGCAGGTTGAGCCCAAATACCGACACCACTGCAGGCGCCGCCACAATCGCAGCAATGATCAAGACCCAGACAATCACCAGGGGCCAACGGCGTTGTTGAAACGCTTTCAACATCGATTTAAGCCTCCACCATGCGTCCCCTCTGGGGAAACAGACCAGCAGGTCGGAACTGCAGGAACACCACAATCAGCGCAAACACCATCACCTGGGCCATGCTCGTGGTAGCAAAAAAATCAACCACACTCGCCAAAGGCGCAGGCATCGAAGGCCAGATACTGAGCAAACGTCCAGCACCGATCAGGTCTGTTAGCACCCCAATAGCAAAGGAGGCCAACACAGTGCCGAACAGATTTCCCACACCTCCAAGCACCACCACCATGAAGCAACCAACGATATAAGAAGTGCCGACGTTGGGTCCCACGGATCCCAACAAAGACACCGCTACCCCAGCGATGCCAGCCAAACCGGAGCCGATGCCAAAGGTAAGCACATCCACAGTATCGGTTGAGATGCCAAGGCAATCACTCATGGAACGATTCTGAGTCACTGCCCTGATGCGCATCCCCCACACACTGCGATTCAAGAACCAGGTGATACCGAGTACAGCGAGGATCGTGATCACAATGATCACCAAACGTGGTACAGGGAAGGTCATGCCCGACAGTTCAATCCCCCCACGCATCCACTTAGGTGCCGTGACATCGACATTACGAGAGGTCGCACGAGCGATGCGACTGATCTGAGAGGCCAAACCACCCGCCAGTAACACCCCAGCCAGAGCCGACACAAGCCAGCTTCCAGCACGCACCAGGCGGGCCCGCGGCCCCTGCAAAAGCTTGTCAGGAAGAATGATCGGCAGACTGAAGCCAAGCACTAACGCCAGCACCAAGCCAGCCGCATAAGCCAATGGAAAACTGCGCACAAACTGCTGCAGAATCAGGCTAACGCCCCATGTCGCCAACAATGTCTCCAACGGGTTGCCGTAGAGACGACGAATCACGGTGCGTTCTAGCAAGATACCAACCACACCACTAACGATGAATGCCAGAGGAATCGCCACCAACACATAAGCGTTGTAGAAAGGCTGCAGAGCAGGCAGCTTGAAGATCAGCTGTACCACATAAGTGGTGTAGGCCCCGAGCATGATCAACTCGCCATGGGCGAGGTTAATGACACCCATCAGGCCGAAGACTATCGCCAGT
CP138946.1_gap19	761479	766276	4797	TCCCGCTGGGGTTGATACAGGAACTCGTCTGAGAGTTGCCGGTGAGGGAAATGCTGGTTTGCGGGGTGGACCTTCTGGAGACCTTTACGTATTTTTGACGGTGAAATCCCATCCCCAATTGCGACGTGATGGGATCACGGTGCTTTCAGAAGTCAACGTGAGTTATCTCCAGGCAATCCTTGGAGACATCATTGAGGTTGATACGGTTGATGGCAACACCAGTCTTGAGATTCCTGCTGGAACTCAGCCCAATGCTGTACTCACCCTTGAAAACAAGGGTATTCCTAAGCTAGGAAACCCAGTAGCAAGAGGTAATCAGCGTATTTCTATCAATGTGAAGTTGCCCATTCGTCTTTCTGATGAGGAGCGGGGCTTGCTTGAAGATCTTGCTGGCCATCATTCCGCTAAAGGCAGGCAGCATCACCATCACAACAGTGGTTTGTTTGCTCGTTTGTTTGGCCAGAAAGGATGACCGCCCAGCTTGTTCCTGATCAGCAGATTGATTTGCGCGGTACTCCTTGCCCAATCAATTTTATTCGCTGTCGCTTGGCTCTTGAGGGTCTTAAGGACAAGGAACGTCTACAGGTGGATCTTGATCGTGGGGAACCTGAGGCGATGGTGGTTCCAGGGTTAGTAGAGGCAGGCCATCGCGTTGAGATTATTGCTCAGGAAAACACTTGGTTGAGGTTGATGGTGACTTGTGGCGGCGGCTGAGGCGCCGCGGCTTGCAGGGATGGTGGTGGCCTTACAAGCCAATTTTCTCGAGGTAGAACTCGAGACTTTTAATCCATCTTCATTGGTGAGCTGGACAGGATCAACGGATGATGAACCATTGCGTTTGCTTTGTACTCGTCGAACGCGCCTGGACCATCGCGGGGCTGCCGTGCATGTGGGGGATCGAGTTTGGGTGGAAGCAATCGATTGGCAGGAGCGTCGAGCTGTGGTTGGTGATGTGGAACCTAGGCAGAGTTGGATCAACCGCCCGCCAGTCGCCAACGTTACGGCTGTTGTTGTTGTCTTGGCAGTCAAGCAGCCTTGCTTTGACGCTGACCAAGCGAGTCGTTTTCTACTGGCCGCTGAGCAGACTGGTGTTGATGTTCACCTCATCCTTACCAAACGCGATCTGATCACTTCGGAGCAGCTCGAGCAGCAGCTTGTGCGGCTAAGGGGTTGGGGGTATCGGCCTATGGCGGTTTCTGTGCAGACCGGAGAGGGGTTAGGTGCCCTAAAAAACAAACTCAGCAGTACACGACTTGCTGTCTTTTGTGGTCCTTCAGGTGTGGGTAAGACCAGTTTGCTCAATCAGCTCTTGCCCCAGCTATCCCTGCGCGTAGGCGCTGTTTCTGGACGGTTGAAACGTGGTAGGCATACCACTCGTCATGTTGAACTCTTTCGACTGTGCGAAGGATCTCTTGTTGCTGATACACCAGGGTTTAATCGACCTGAACTTCCTGCTGATCCGCGCAAGCTTGCGGTGTTGTTCCCTGAATTTGATGGACAGATTGAAGATTATCCCTGCAGATTTAGGGATTGTTTCCATCGTGATGAGCCCGGTTGTGGGGTCGACAAAAGTTGGGAACGATATCCAATCTATAAGCGTTTTTTGGAGGAGATTGAGTGCCTCATTCGCTCATCCCGGGGAGGTTCAGGTTCAGGCCTCCTGTAAGTTCTTCCATTTGCTCTTTCATGGTGGTGGTGGAGTGCTCATAGGCGGATTGAAGAGCGGCCAAGATCGCGGTTTCGCTGGCATCTTGTCCTTCGGCAAGCAGTGAGGGTTCAAGGCGCACACGCAGTGGTTGCTGGTTGCCAGATAGCCAGATACTTGCTCTGCCGTCTGGGCTGCTGCCCTCAATTTCCATGGCATCTAGCTCTTCCTGCAGTTTTTGGGCGTTTTGTTGGATTTGTTGGGCCTTGCGGAAGGCTTCGGTGAGTTGGCCGAAATTGGGAAGTCCGAACCCTGCCATTGCGTTGCTGGAGGAATGGGCAGATTAAGCGGTCGCTTCGAAACCAAGTCGTTTCACTTCAGGATGAAGCATCACTCCATGGGCCATCTGTACCCGTTGCTGAATGAGTGTGATCATTTGATTGATGTCGGCAGCCGTGGCTCCACCAATATTGACGATGAAGTTGGCGTGAATGGGTGAGACTTCAGCTCCTCCAATGCGGTGACCTTTCAGACCCAGCGCTTCGATTAGACGACCAGCTTTGAGGGGTTCTGGGTTGCGAAAGACACTTCCGCAACTAGGCAATTGATAAGGCTGTGTCGTCGTGCGATGAGTGAGGTTTTGCTGTGTGATTTGATTGAGTTCCTTGTGATCATGGCCGGGGTCTAGGCGGAATCTGGCTGAGAGCACGACGAGTGTTTTTTCCTGCAAGAGACTTTGTCGGTAGCCGTAGTCAAGCTCTTGGCGGCTCAGTTCAAAAGGGCCCTCGCCATTGAGGTCGAGGACTTGTACAGATTCCAGCCAGTCGGCTGTGCAGCCGCCCTGGGCTCCAGCATTCATGACGGCTGCACCACCAACTGTTCCAGGAATCCCAACAGCCCATTCCAGGCCATGTAGGCCAGCCTTTGCGGCGCGTTTGGAAAGGTTGGGGATTGGTTCACCGGCTAAGGCTTCGACAATGCCAGTCTTTGGATCTAGGTCGCTCCCTTGGAGTTTGCGCATGCAAAGGCTCAGGCCCGGCAAGCCAGCGTCGTTGATCAGTAGGTTTGATCCTGCTCCGATGACTCGACAGGGCATCTTTTGTTCATAAGCCCAAGCAATCAGTGTCTGTAGTTCCTCCACGCTGCTGGGTGATGCAAACCATTCCGCAGGTCCTCCGACGCGCCAGCTCGTGAAGTTGGCAAGAGAAACCAGTGGTTGGGGCTTGATCCCCTTCACTAGGGTCAGGCTGCCAGGGAGGGTGGGCATCTCTTTGCGTTGTCAAGACATGTCAGTTGTCTCCATAGATTGTTGATATTGCCTGCACCCATGGCGAGGACTAGGTCGCCTTTGAGGCTGTGTTTTTGCACCAATAGGGTTAGCTGATTAAAGTTTTCGGCTACGGCGACTGGCAGGTTGGGGTGTTGGATTCTGATCGCTTTAGCCAGGCTCTCACTCGTTGCTCCCTGAATAGGGTTCTCTCCGGCGCTGTAAACGGGTGCTAGCAGAACAGCATCCGCTTCACCGAGTGCCCTTGCGAAGTCGTAGAGAAATTCGTTTGTACGGCTGTATCGATGAGGCTGGAACACGGCCAAAATGCGTTTGGGTGGGTTCGGTAGTTGGCTACGACCACTAGTTACGATTAGGCGCGCCATTGTGAGTGTGGCGCTGACTTCGCTTGGATGGTGGGCGTAATCATCAACGATTTGGCGACCCTCCCAGGTGCCTCGGAAGTCGAAACGGCGCCCAGGAGGCTGCAGGTCAGCAAGACCTTCTTGCACGTCCTCAAAGGACAGTCCTTCGAGTCTGCAGGCTGCGATAGCTGCCATAGCATTGCTGAGGTTGTGAAGTCCGGGCATTGGCAGTGTGATTTGCCCCATCCGTTTGCCCTGCTCGTAAATGTCCGCAATTGTTTGATCGCCATTGAGGCAAATTGGTAAAGCTGCAAAATCAACACCCGCTGAGGTTTTGACTGACCACCAAGCTGTGGCATCGAAATGCTCCTTGAGGATTGGGCAGTCGAAGTTGGCCAGCAGTCGTCGGCAACCTTGGCCGAACCGCTTCATGGTGTTGATCAGTTCATCAAGATTGGCGTAGTGGTCGGTGTGATCTAACTCCAAGTTGGTGATCACGCCGAGCGTTGCCTGAAACTTGACGAGAGATCCATCAGATTCATCAGCTTCTGCTACTAGCAGTCGTCCTTTGCCCGCATGGCCATTGCTGTCGTAGTAAGGCACGACACCACCAATCACAGCTGTTGGGTCTTGATCGGTTGTGGCCAGCAGTGTGGTGAGCAGGGTGCTGGTGGTGGTTTTGCCATGGCTTCCGGCTACTGCAATAGATGGTTGTGCCTGAATCAAGGCAGCAAGGAGGTCTGAGCGATGCAAGATTTTCAATTGAGACAGCTTGGCTGCCTTGAGCTCAGGATTGCTCTTGGGAATGGCTGTGCTGATCACAACCAAAGGAAGGAGATCTACGTTGCTACAAATGGCATCGATGTTTGCGGCGCTCTGATCGCGGAAGACCCTTACTCCTTGAGCTCTCAGTTGCTCAACGGTAGTGTTTTCTCTTGAGTCGGAGCCGGAGACGATATGACCTCGATTCACCAGAATTAGAGCTAGTGCAGACATGCCGATGCCGCCAACACCTATGAAGTGGATGGGTTGCTGGCGGTTGAGCGTGCTGGTCAATGGGCAAAACCATAGGTTCAAAAGATAAGCCAGTCTTGGGCTAAAAGCCCGTCATTCTTATGCTTTGGAGAGGTCCGGCCGGGGTTGACCTTGTGCCAGGCATGGGCCGCCTCCTCATCCGGAACAGCGGAAAGTGCAACCTATTTCTGTATGATCGGCGGCCACTTCCCTTGCGGTTTCCCCGTTTTTGTTATGACTCTGCGTGTTGCGATCAATGGATTCGGCCGAATCGGTCGCAACTTCATGCGTTGTTGGCTAAGCCGTGGTGCGAATACGGGTATTGATGTGGTTGGCATCAATGTCACTTCTGACCCTAAGACCAATGCTCATCTGCTTAAGTACGATTCAATTCTTGGACAGATCAAGGATGCGGAGATCGGTTATACCGATGACACTTTTGTTATCAACGGCAAAACCATTAAGTGTTTTTCAGATCGCAACCCCTTGAATCTTCCTTGGAAGGA
CP138946.1_gap20	773073	777000	3927	GAGATCTTCGAGGAAAACCGCGTCCCTATTGTGCATCCGAGTTCCTCGGTTTTGTGCAGTTTGCCGCGAATGCTCTTTGAGTCAATGTGTCTAAATATCTATTTTGGCTTGCTTTGCTCTGTTTTTTACAGTGGTTGCTTTCGCTCTTGCTAGTAAGGCAATGGGGCGTAAATTAGGTGTTCATTGAGCAGTGAAGCTCACGCCTAAATCGTCTGCTAGCTGTTATTTGGGTCTGACTGCGGCGGGTTTGGTCAAGGTGGCGTTCCCTTTCGATGCGGTGACTCAGGCTCAGCTTCTCAAAGTGAGGCCTCGTGGAATTTGGCGTGGTGCTCGCCAGGGCTGGGAATTTCCTTTGGTTGCGGCTCAACATTTGCAGAGGCAGTTTGGTTCACGTTTTTTGGTGCAGGACGACTTGGCTCAGTGGCTGAGTTGGTTCGAACAGCCTTTGCCACCGATGCCGCCCCATCGTGATCTCGTGAGCTATGCAGAGTTTGAGGTTGCTTTGACAGATGGTCGTAGACCTCTTCCTCATCAGTGCTCTGGAGCCCGTTGGTTGTTAGCGCGGCGCGGTGCAGTATTGGCTGATGAAATGGGTCTTGGGAAGACTCTTACCTCTCTTTTGGCGGCTCGCGCCATGGTGAGATGTGCTGATGTACGGGTCATGGTGGTGGCGCCTGTGGGTCTTCATGACCACTGGCGCACCGAAGCTGCCAGTCTTGATTTGCAGGTGTCCATCCATAGCTGGGCTCGTCTGCCTAGGGAATTGCCGGCGGCGGGAACGCTTCTGTTGGTGGATGAAGCGCATTTCGGCCAGTCCATCAAGTCAAGACGAACTCAGGCTCTTTTAAGGCTTGCGCGGCATCCGCGTTTAAGGGCTATTTGGTTACTCACCGGGACGCCGATGAAAAATGGTCGTCCTGATCAGCTTTATCCACTGCTGGCTGCCATTGATCATCCTTTGGCTCGAGATCAACGTAAGTTTGAAGAGCGTTTTTGTCAGGGTCACTGGCGAGATCAAGGTGGACAGCGACGCTGGCATGCACGTGGTGCGAGTGATCTCGATGCTCTAGGGAAGCTCACACGGCCATTGGTTCTGCATCGACGCAAGCAGACTTTGCTTGGCTTGCCCCCAAAACGTCGTCAAGAGCATCGGGTTGTCCTTACAGAGCCAGAGTCTCGTGGTTTTGACCATCGTCTAGCTCTTGTCATTGACAACTATCGCCATCGAGTTCAGCAGGGCTTGGTGCGTTCAGATGCGGAATCGCTGGCGGTGCTTACGGCTTTGCGTCAGATCGCAGCGGAGTTCAAGCTGCCAGCAGTGGAGACTGTTGTCGCAGCACTTCTTGCTGAGGGGCAAGCCGTTGTCCTTTTCAGCAGTTTTGTTGGTCCTTTGTTGCTTTTGCAGCAACGCTTAGGGGGTGAGTTGTTAACTGGTCGTCAGCGTCCAGGGCAACGTCAGGAAGCTGTGAATCGTTTTCAATCAGGGAAGAGTTCCCTTTTGTTGGCAACCTATGCAGTAGGCGGGCTTGGTTACACCTTGCATCGCGCTAGGCATGTGGTTTTGCTTGAACGTCACTGGACACCTGGTGATGTGGATCAGGCTGAGGATCGTTGCCATCGATTGGGGATGGATGGCGGACTCACGAGTCACTGGTTCCAACTGGGTTTTGCAGATCAGCTGGTGGATGCTCTGATAGCAAGTAAGGCTGAGCGGATTGAGGTATTGCTTGGTTCTCGTCGTGTTGGACTCAAGCGTCAGCCTTTGCCAGTCATGTTGAGATGTTGCATGCAGGAGTCTTTACGCACGGTTAGTTCGTGACGCACCATCGGATCAGCTGATGCTCCTTGTTGATTCAGAAGCTGTAAGCCTTTGGAGACATCTTGACAAGCCAAATTGGTTTGGCCAAGCAGGGTGTAGATCAGGGACCGGTCGTTGAGTGGTTCAGGGTCATTTTGATGTTGGCTCACTACGCTATTGCAGCGCAGTAGGGCTTGGTCGAGTCCTTTGAGGTCAAGATTTTCCAAGCAAGCTTGGGACGAGATATTCGAGTCAGCAGATGGATTGTTTGGTGCTGAGCGACTGTTGCAGCTCAGACCGGAAAGCAGCAACCCGCTCAGAAATAGTTTGGCAAGGAAACGAAGGAATTTAATAACTGTAGTGCTGCTCATGATCTGTGCTTGAAGGAGTGGTGGTGTTGGTATTGCCAGAGCTATAGGAGTCGATGACAGTCTCATCACCACTTTCTTGATCAGCTACTGATAAAGAGTTTTTGGTATTTCCGAAGAGATCGCCAAGGTATTGACCACAGTTTGGGTAACTGCTGGGTTCGTTGACCACTGCTTCAGTAATTAATACAGCAGCATGATTTGGTGAGGTCTTGAAAAGGCTATTTCCCTGGCGTTTGATCAGGGCATAAGAGGCAGTCCAGCTCACCTCATGGTTATTGCCATGACTACGCATGAAGCAGTAGACCTGGGCTCCTTTGCTTGCGGTGTCAGTTGTTGCTGATTGGGCAGCTGTGGCAGAAAGACTGATTCCCACAAGGCCTAGCAGTGTGAGTGAAAGGGCAACTCGATTTCGATTCATCGTTTGCAAGTCAACACAGTATTGATCAACGTATCGATTGAAACAGTCCTGTCCAGGTTTAATCAGGAATCAATTAGTCCTAATGGGGCCAATAGCTTCACCAGAAGGGGTAGTACCAAAAGTACGGTGATTAATCTCACAGCATGCAGGGTGGCGACTGCAGCACCGACGCCGAATTCCGCACCTACCAGACTCATGCCACTGATGCCTCCTGGGGCAGCGCCGAGGAGTGAAACAACAGGGTCAATACCTAGTAATCGACTGCTCCAAAGACCGATCACGATCCCAGTAAGTACAAGGGTCAGAGTGATCAGTAGGGCTGGTTTCCAGAGGCTTTGCAGCTCCCCTAGGGAGCTTTTGGTTAGGCCAGTACCGATCACCGTGCCGATGGCGATTTCAATCGCTGTGCGTGTGCCTGAGGGCCATTCAGCAACATCAAGGCGACCGCTCATGCTTACGAGCCCTGCACCTAAAAGAGCACCTGCAAGGGGTGCTGCTGGAATACCAGTGCGCAAGGTCAGCAGACCTAATGCTGTTCCTGCCATGAGATAAATCAGTAACGTTGCCAGAGAAGGCATGAGATCGATTTGAAACAGTACAGATACTTTGAGCGCAAATGATTCTCCTCACCATCTGCCTAATGACTTGAGCCTTTATTCCTCATGTGTTGTCATCTGGACAAAGTATTTTTTGTGGCTATGTCCTCGTCAGTTTCTTTTCGAATTACTCGTACTGCAGAAGACCTGGTTCAGACGATCACTGCTTTATCGCAGAGGCTCGTTAAATTGGAGCAGCGTCAGGAGGCTTTGGAGTTTCAGTTGAGACAGCAGAGCGAATCTCAGAGGATTCCCGCAGAGGAAATGGAGATGCTCGATGGGGTTGAGCAGCTCTTAAAAGAGTGCCAGGAAATGCTTGATAGTTCTGATCAAGCTGAGGATCAAGCCCGAGAAGAACCTCAGTCTTGGTCAGGGGAACCAGACACTCTTGCGGCATGAGGGTGGCATCGGGTGCACAATAAAAAGAAAGGCATCCATGGCTTTAACCATTTCTGCCTCTGGCCAAGCTGGGGTTACCAGCTCAGTAATTTCACCGTTAGCGAGATCTTCTATCAGACTTCAGGCCTTCCATGAGGGGGGGCATCAGCTCGAGAAGCTTGAATTTGCATTGGCTGTTGCCGAAACACGTGGTGACAAGACTCGTGCGTCAGTCTTAAGAGCTCAGATCGAAACTATGGGAGGCAACATTGAGGAGCCAGGAACCTGATTTAACCCCCTTATATTTTCTATACATATCAATTGGCTGACTTGGGCAACAACATTTGCTGTTTTGATGCTCGATAT
CP138946.1_gap21	795120	799437	4317	CCAAATCTCGCAACACCGCTGCCAGCCCTTGCAGAAGTGCACCTGGATCACGGCCTCGATTCAGCAGGTTTCGGCAGGTTTCCAATAAGCTAAGTGGATCGGCTTGGGCCAAGGCTGCGGCTAGTTTCAGCAGCTCTTGCTCAGGCACGGCTCCCATCAACTCCCATACAGCTTCTGCTTTGATTGGCCCTGGAAGCAGGCTGAGCTGATCAAGCAGGCTTTCTGCATCTCGAAGTCCTCCCTGGGCTCGCTGGGCTACTACATGCAGGGCTTCGGGCTCAATCGGAATAGCTTCACGAGTGGCGATCATCTCTAGGTGTTTTTCAAGGGCTTCCAGTGGAATCCGCCTGAAATCAAAACGCTGACAACGGCTGAGGATGGTCGGCAGCACTCGCTGTGGATCGGTCGTTGCTAGTACGAACACCACCCGTGGTGGTGGTTCTTCAAGGGTCTTCAGTAGGGCATTGAAGGCGGCGGTTGAGAGCATGTGGCATTCGTCCACCACATACACCTTCCAGCGGGCTTGTACCGGGGCAAAGCGGGAGCGTTCGATCAGTTCGCGAATGTTGTCTACGCCGGTGTTGGAGGCGGCGTCGATTTCGATCACGTCTAGTGCTGTGCCAGCGGCAATGCTTTTGCAGAGCTCACAGTTTCCGCATGGCTCGGGTGTTGGCTGGTCGCAGTTCAAGCAGTTGAGTGATCGGGCCAGGATGCGAGCACTGGAGGTTTTACCAGTGCCTCGTGGACCGCTGAATAGATAGGCCGGTGCGATCCGGCTGCTGCGCAAGGCATGACTGAGGGTCGCGGCGATCGCGTCCTGTCCCACCAGGGCATCGAAGCGTTGTGGTCGATATTTGTGATGCAGCGGCTGGTAGGCCGGGCTCATGCGCTGCTGGCGGGATGTTGAGGTTACTCAGGCTTGGCTTTTGGCTCGTCGAGCAATGCAGTGATGCGGGCTTCTAGATCTTCTATTGTTGCTAGTTCATCGGCAAGGGTCTGACCTTTTATCAGCAAAGAACGGCTGCGGGAGTTGCGGTGATCGATCAAGTTGTTGTCTGGTTCACCATGAAGCCATCCCTCTGCTTGCTCAAGTGTTGCTTCAAGTTTGTTGAGTAAGTTCACGCGCAGACTTTTCAGTTGAGCTACTGCTTGCCTTGCACGTTCCCGCGAGGTTTCATCCACCAATCCTCGCCGAAGGAGTAGTGATAATCCTGTCAGTAGGGCAGCAGGGATGATTTGCCCCAGTGCCAGCGCTCCTAGGCTGCTGGTTTGCATCCAGTCCTCGACTTGGCTGCTGCGATGTCGCCCGGTTTTGCACCAGTTGGCAAAGTGCTCACAATTATTGAAAAGTAAGTTGTAGCGCTGCTCTCCAATGCGACTCATCGCTCGTCTCAGGGTCACTCCTGAGGGAGAGGCCTGGGTGTGATTTACCACGTTCACAGGTGCACCGCGCGAGAAGTCTTCAAGTGAGCTGCGCAGGATTGATCGACCTTCTAGATAGTGGGCCACGCTGCCATCTCCAAGATCAATTCCGTGATGCAAAAAAAGTCCGTGCTGGCGGGGCACCCTTAGGTGGTCAGCTGTCGCCACTGGATCAGGCTGATTCCTGATGCGATCGCTCGTCGTTGGCTGGTAGAGGCAGCACCTTGCCGCCGGTATGTTCATCAACCATCGTGCGGGTCACGGTGAATTTCTTTACGTTCTTCTTGGAGGGAAGGTCGTACATCAAATCAAGCATTAACTCTTCGATAATGCCTCGTAGTGCTCGGGCCCCGGTCTTGCGCCGATGTGCTTCCTGGGCGATAGCTTCTACGGCATCTGATTCAAACTCAAGCTGCACGTTGTCCATGCTCAGCAGGGTGCTGAATTGCTTGATCAGTGCATCACGAGGTTCCGTGAGTATCGATTCGAGTGCTTGTGAATCCAGTGGTTCAAGCACTGCACTCACGGGAATCCGGCCAATGAATTCAGGGATCAAGCCATAACGCACGAGGTCGTCGGCTTCAAGGTGGTGAAGCACCTGTGAGGCCTGTAGATCACGATTGGCCCGGCTGCGCCCTCGACCATCGCTGGGCATAAAGCCAATGGCATTACGGCCTAGTCGCCGTTGCACTACATCTTCGAGGCCAATGAAGGCACCACCGCAGATGAAGAGGATCTGGCTGGTGTCGATTTGGATGCAGTCTTGATAGGGGTGTTTACGCCCTCCTTGCGGTGGCACGTTGGCGACTGTGCCTTCGAGCATCTTTAGCAGGGCTTGCTGTACTCCTTCACCGGATACGTCGCGAGTAATGGAGGGGTTTTCACTTTTTCGGGCGATCTTATCGATCTCATCGACGTAAATGATGCCCCGCTGGGCATGCTCCACGTCCATGTCGGCCTTTTGCAATAGCCGCAGCAAAATGTTTTCGACATCCTCGCCCACGTAGCCGGCTTCGGTCAGTGTGGTTGCATCAGCAACGGCGAAGGGCACGTCCAGGAGTTCGGCCAGGGTCTGGGCTAATAGGGTTTTGCCACAGCCTGTTGGACCGATGAGCAGGATGTTTGACTTGTGGAGCCTGGTTGCAGAGAGATCGGTTTCGCCTTGGCCGTCACCTTGCCAAGCCAGGCGTTTGTAGTGGTTGTAGACGGCGACTGAAAGGACTTTTTTGGCAGCTTCTTGCCCCACCACTTGCTTATCTAGGAAGTTTTTGATCTGCTGAGGTTTGGGGATGGTGGCGAGTGTGGGTGCTGGCTTTCCACTTTTATGGGCAGCATTTGCAGACTTGCGGTTGGACTCGCTGCTATGACGTGGGTTGCCTTGGCTATCGACAAGTTCTTCATCCAGGATCTCGGTGCAGAGATCGATGCATTCGTCGCAGATGTAGACACCTGGCCCGGCAATCAATTTGCGTACTTGGTCCTGAGACTTGCCGCAGAAAGAGCACTTTAGATGGGCGTCGAATTTGGCCATCGGGCTGTGATCACTTCAAACGGGCAGACAGGATCTGACGAATGTTGGCCAGCCTGAACGCTCAGGATCGTGTCAGATCAGGGTTGCGTCACCCTTCCGTAACGATTCCACCGCCTGTGAGGCTATCCACAACCCGATCGATCAGTCCGTATTCAACCGCTTTTGCTGGAGAAAGGAAGTGGTCGCGGTCAGTGTCTTCAGCGATTTTGTTGAGGGGTTGGCCAGTGTGCTCGGCTAGAAGGCCGTTGAGGGTTTCTTTTAAGAAGAGGATCTCCTTGGCCTGGATTTCGATGTCTACTGCTTGGCCCTGGGCACCACCCAGGGGCTGATGAATCATGATCCGTGCATTGGGTAGTGCCAGTCGCTTGCCTTTGGTACCTCCGCAGAGAAGGAAAGCCCCCATGCTGGCAGCAAGGCCATAACAGATGGTCACGACGTCTGGAGCGACCTGCTGCATGGTGTCATAGATAGCCAAACCAGCGGTCACTGAACCACCTGGGGAGTTGATATAGATCTGGATGTCCTTTTCGGGATCTTCTGCTTCAAGGAAGAGCATCTGAGCGACGAGGGCATCTGCCACTTGATCGTCGACACCAGTGCCAAGAAAAATGATTCGCTCACGTAGTAAGCGCGAGTAAATGTCGAATGCCCGTTCTCCTCGGCCCGACTGTTCCACCACTGTGGGCAAGATCCCTGGTGATGAGACAGGACGAATGCCTTGCCAGCGATTGTGGATGGGGTGGTAGCAGCAGGAATCGATCACTCGCTTGGGCTTTAGGGGAGCACTTCTATCAATCTATTGGTGCCATTCAGGACTTGGTTTTGTCCGAGGCAGGTTTTTCAGTCTTGGCTTTGCTGGTCTTGGTTTTTGTGGATTTAGTTTTGCTGCCTTTGGATTTTGCAGCGGGCTTACTGGTTTTTGCCTCGCTTTCAAGCACCTTTTCGGTAATCGTGCTGTTGTCTTCGAGCCAGTCCAGCAATTTGTCTTTGAGTAAATCGTCGCTAACAGCTTGACGCAACCTTGTCGGGTCAATATCGCGTTCGCCAGAAAGCTCGCGGCTTACTTCCTTGACCTTGGCGCTGATTTCACTCTCTTCTATTTTGAGATCTTCGCTTTCAGCTAGTGCAGTTAGGGCAAGACTGCGCCGTAGGCGCTCTTCGGCTTCTGGGCGTGATGATTCCATCAAGGAACGCACAAGCTCTGGGGTGAACATGGATTTCACGTCCATTCCCTGTTGAGCGAATTGACTGGCAGTTTGTTCAACAAGGTTGCGAATCTCTTGCTGCACAAGGGTGTTTGGTAGATCTACTTCCAGCTGCTCAGTCAATGCTTCCAGCAGTGCGTCATGACGATTGCTGCGATC
CP138946.1_gap22	892468	894595	2127	CAGGAGGTTGGGCAGAAACCGCCATGGCACTACTGAGCTTCTCTAACTTGGCGTTAAGCCGATCGACGATGGCTGCTGCACTGTTGCTGTTGCCTTTGCGTTCATTGAGAGGCTTAAGGCCAAAAAAGAATGCACCCTGATCGGGGCTGGAGCCATTGAAACCGAAGCCACTCACAATTGCCGCTGCATCGATGTTCTTTTCGGTTTTGAGCAGCTCGGCAATTTGCTGTCCTGTTTGTTGGGTTTGGCTGAGTGAGGCGCCATTTTGAAGCTGGTAAAAACCCAATCCATACCCTTGGTCTTCTTCCGGGATGAAGGCAGACGGAATGGCAGTGAAGGCGAAGGCAGTCAGCAGGATGCCACCAGCGAGACTGGCCAGGATTAAGCGGCGTTTGCTGATTAACGATTTGATCAGTTGCGCATAACGCTTTTGTAAATCATCGAAAAAACTGTTGAAACGACTAAAAATGAAAGGGAGGTTGCTGCTAGCTATGCCACCCAACACCACACCAAGTACGTAGGTCCAGCTGCCGAAAGCAGTTGCTGTGAAGCGACCAAAGGCCAATCCCACTAACACTCCTGCGAGGATCCAGCCCCAACCTTTGGGCTCTCGAGGCTTATCGCTACGTAGAATCAATCCTGACAACATTGGGGAGAAAGTTAGGGCGTTAAAGGCTGAGATCGCAATTGAGAAGGCAATGGTTAGGGCGAATTGCTTGTAGATGATGCCAATGCCACCTGGGTAGAAGGCCACTGGTACGAAGACGGCCATTAGGGCCAAAGCCGTGGCCACTAAGGCGCCAAATAGTTCTCCCATGCAGGCCAGTGCTGCCTGGCGAGGACGCATCCCCGATTCGATGTTTTTTGATACAGCTTCGATCACCACAATTGCATCATCGACCACCAATCCGGTAGCGAGGACTAGGCCAAGCAGGGTGAGTTGATTAATGGAGAAATCGAAGATTTTAAGGAAGGCAAAGGTGCCAATGAGAGAGATTGGGATAGCCAAGCTCGGAATGATTGTTGCTCGCCAGTTCTGCAGGAAAAGAAAGAGAATGAGCAGCACAAGGACAATTGCAAGTCCAAGGGCATCAACGACTCCTTCAACAGAGGATTCAATAAATTGGCCAATGTTGTAGATCTGCGACACGTTTACCCCTGGTGGAGCTGCGCTAGCAAACTGATCGATTACTTTCACGACGTCATTGGAAACGTCTAATGCGTTGCTATCAGGTGTCTGGTAGACAGCCAGTGTCATGGCTGGGTGCCCATTCACGTCGATTGCATCGGTTGTAAAAGTATTGGAGCCATAAATCACTTCGCCAATATCTTTTAGCAGCAAAAGATTGCCACTTGTAGTGCGACTAATGATGAGGTTGTTGAAGTCTTCAATGGAGACAAGATTGCCATTATTTTCAACCAGGATTGGGTATGTATAGGCTTGGTCTCCTGTTGCAGGAGGGCCACCTACAAGGCCTCCAATCGCTACGCTGTTCTGGCTTTGTATAGCATTGATGATGTCTTTGGCAGTTAGTTTGTTGGCTGCCAGCTTGTCGGGATTGATAAATAGCCAATAGGCTGGATTGGCTCCACCAAGCACGGCAACGTTGGCAACCCCTGGGACTCTGCCAAGGGGGTAATAGAGCTGCTCATAAATAAGGCCATTGAGGTAATTAGCGTCAAATTGACCTTGCGTTGAACCAACTTGGTAGGCCAACAGTATGGATGGATTGCTTTGTTCAACGGAAACACCCGTTGCCTGAACCTGCTCCGGTAGCTGGGGCATGGCCAGGGAAACGCGGTTTTGCACATTGACTTGGTCGATATTGATATCAGTTGACTCATCGAAGTAGACATTGATTGTGCTTTGCCCCTCCATGTCACTGGTGGACGAGATGTAGTTAACGTCAGGAACACCGTTGATCTGTTGCTCTAACGGATTGGTGACAGCTTGTTCGGTGACTAGCGAATTTCCGCCGCCATAGTTTGCTGTGACTTGGATCAGTGGACTGGCTATATTTGGCAAGTTTGCGATTGGTAAGGAAGGGATTGCGATAATGCCTACCAGCACGATGAGGATGCTGCAGACTGTCGTCAGAACTGGCCTTTTGATGAAATTGTCGGAGA
CP138946.1_gap23	1001456	1006103	4647	TCACCGAGATCTTTGTAGATCCCGCCCAGGTTCATGTGGGCCGTGGGGTTATCAGGCTTGAGCTCTAGGGATTTAAGGGTGGAAGCAAGAGCATGATCAAGTTCACCGAGATCTTTGTAGATCCCGCCCAAGTTGATGAGGGCCGTGGGGTTATCAGGCTTGAGTTCTAGGGATTTGAGGGTGGAAGCAAGAGCATGATCAAGCTCACCGAGATCTTTGTAGATCCCGCCCAGGTTGATGTAAAAGGGTGCAAATGTTGGGTCTAGATCTCTTGCTCTCTCAACCAACTGTTTGGCTAATGGTAAATTTCCTTGTTGCTTGGCAATAAGCCCAAGATTGTTAATAGATGGTGAATAGTCGGGATTGATCTTTAGGGAAAAATTGTAGTATTTTGCCGCCTCTTCATAATTCTGGATAGCGTTAAATATATTTCCAATATCTTTGACTGTTTCAGGATCGCTGCCATCGAGTTGATGTGCTTTGATCAGGTATTGCTGTGCTTTTTCGAATTGCCCTAGGGCAAGTAGGGATTTTCCTGCATACTTAAAAGCAAATGTTTCTGCAGGATTACCTTGAAGAATATTTTGGCAAGCCTGTAGGCATTCTTGATGGCTTCCAGTGGATGAGAGTTCCAGAATGGTCTTTTGGTTCACTGAGTGCTATTGCCATCGAGGAGAGTGGATTTATTCCGTTTGAGCCATTGCTCTAGCCACGCCTTAAGCCACCTCTCAAGCCGCTTTCAATCTCGCTCCACCCTACTCCCGCATTTGATTCTTTGCCGATCAAGCTTGTGGCGCATTCTCGCAGTGATCCCAAGTTCAGCACCACGCCAGAGCCGATTGATCTCATGGGTGAAGTGTTTGGCGAGCTGTTCCCCCATTCAGGGAATGCGTTAATGCTCTGGCAGCAGGGTCGAGTTTTCGGAGATAGCGGCTGGCCCATTTGGTATAGTCAGCCGGCGGCCAATTAAGGTCGCAGCCGATACATCTTTAGTCCTGCTGGTCACCTAGACCAGCCCGGCACTACTCCCACAAAGGAGGAGGTCAGTGCCTGTGCCGTCGCTGATGAAAGCGATGCTGAAGCTATGGCCAAGCTCAAAGGCGATTTACTGCTTGCCAAAGAGTTAGGTTCCCTTTAGAGAGACATCTCCTTCCAATTGCTTAGTTCTTTACAGTACTGCCGATCAATCTTCTCTAGGCGATCTCCATGCATGCCTGAATTTCTTTGTCAGGTCGTGTTTGTTATTGCGCTACACCAAGCTAGAAGTAGGGATATTTTGGGTCCTTCCTTCTGGAAATGTCTCGGGTGCAGTTCTTGCTAAAAAGAGTTAGTAAAGAAAATTCAATTGTCTAGCCAGGCATTGTTGCGTGAGCTATCTCATTCTTTTGAAGTCACATGTTGCTGCCTTGAAATAGTTCTTGATTGTGCTTACAGATGCTAATAAGAGTCAGCCAAAAACTTTTCATTTTTCTGGAGGTCAAATGCAATACAGATCCTTTGCGTTTTGGATTGAAAGGGCAGTGTCCTGTGAAAAAGAGAGGATGAGAAAATGTTTAAGTCTCTGACGTCAGGTCGGATTACTCTTGTATCGAATGACGAATCTCCTTGAGGGTATTTTGGGCCTTGATGGCTGAATTCAATTGCTCCTTCCATTGAGTTGTCTTCTCTTTCTGGCATTTGCAAGTAAAAGGTGCCGGTAAGCCATCCAAGCTCATGGTTGTGAGATAGAAGGTTTCCGCCTGTTTCCATTACGATCGCCCATCCTCTCAAGATGTACATATTATTTTCCCAGTTAGCCATAAAATCTTTGTCAGTATTTATGCTGCACGATTGATTGTAATCTTCAAGTTTTTTTATTAAGAGTTTTTTTAGTTCTTGAAATGGCTTCTTTGGTATGTCAAGTATGTTTCCAGATGTTTGCGAACCGTTGACTAGAAGCCCTTGGTGCTGCGGTTGAATTGTCTTCGCTGAAAGATGCTTGATTATTCCCTCGAGGAGCGTATCTGGGAATTCATGCTTTTTGATCTTTTGATTAACTATAGAGTCTAAGGTGCTTCCTTTGAGCCCATTGTCTAGGGTTTGACTGTATACAATATTGGCGTGGTCTATCGCTGCGATGCTTGTTTGGGTGTGCCAATTTTTGGCTATTAATTCTTTTGCGCATAAATTGAATTCTGCTTTTTTGTTGAGGCACAGGTAAAGGGCAAGAAGAAGGCCTTTCCCTTCTTTGGTCTGGGTTTCGCTTAAGGCTTGTATCCCTTCGCTATATAATCCCATATAGTAATAAGTATCGGCTAAAAGTACTGCAGCTGTTTCTCTCGTTTCTTCGCTTTTTTTAGCTTCTCTCAGGTAAGCAAGAGCATGATCAGGTTGACCTAGGTCTTTGTAGATCCCGCCCAGGTTGATGAGGGCCGTGGGGTTATCAGGCTTGAGCTCTAGGGACTTAAGGGTGGAAGCAAGAGCATGATCGAGTTCACCGAGATCTTTGTAGATCCCGCCCAGGTTGATGAGGGCCGTGGGGTTATCAGGCTTGAGCTCTAGGGATTTAAGGGTGGAAGCAAGAGCATGATCGAGTTCACCTAGATCTTTGTAGATCCCGCCCAGGTTCATGTGGGCCGTGGGGTTATCAGGCTTGAGTTCTAGGGATTTGAGGGTGGAAGCAAGAGCATGATCAAGCTCACCGAGATCTTTGTAGATCCCGCCCAGGTTCATGTGGGAATCGGGGTTATCAGGCTTGAGCTCTAGGGATTTAAGGGTGGAAGCAAGAGCATGATCAAGCTCACCGAGATCTTTGTAGATCCCGCCCAGGTTCATGTGGGCCGTGGGGTTATCAGGCTTGAGCTCTAGGGATTTGAGGGTGGAAGCAAGAGCATGATCAAGCTCACCGAGATCTTTGTAGATCCCGCCCAGGTTCATGTGGGAATCGGGGTTATCAGGCTTGAGCTCTAGGGATTTGAGGGTGGAAGCAAGAGCATGATCAAGCTCACCGAGATCTTTGTAGATCCCGCCCAGGTTCATGTGGGAATCGGGGTTATCAGGCTTGAGCTCTAGGGATTTGAGGGTGGAAGCAAGAGCATGATCAAGTTCACCGAGATCTTTGTAGATCCCGCCCAAGTTGATGAGGGCCGTGGGGTTATCAGGCTTGAGTTCTAGGGATTGAAGGGTGGAAGCAAGAGCATGATCGAGTTCATCGAGATCTTTGTAGATCCCGCCCAAGTTGATGAGGGCCGTGGGGTTATCAGGCTTGAGTTCTAGGGATTGAAGGGTGGAAGCAAGAGCATGATCAAGCTCATCGAGATCTTTGTAGATCCCGCCCAAGTTGATGAGGGCCGTGGGGTTATCAGGCTTGAGCTCTAGGGATTTAAGGGTGGAAGCAAGAGCATGATCGAGTTCACCGAGATCTTTGTAGATCCCGCCCAAGTTGATGAGGGCCGTGGGGTTATCAGGCTTGAGCTCTAGGGATTTGAGGGTGGAAGCAAGAGCATGATCAAGCTCACCGAGATCTTTGTAGATCCCGCCCAGGTTCATGTGGGAATCGGGGTTATCAGGCTTGAGTTCTAGGGATTGAAGGGTGGAAGCAAGAGCATGATCAAGCTCACCGAGATCTTTGTAGATCCCGCCCAGGTTCATGTGGGAATCGGGGTTATCAGGCTTGAGCTCTAGGGATTTGAGGGTGGAAGCAAGAGCATGATCAAGTTCACCGAGATCTTTGTAGATCCCGCCCAGGTTCATGTGGGCCGTGGGGTTATCAGGCTTGAGCTCTAGGGATTGAAGGGTGGAAGCAAGAGCATGATCAAGCTCACCGAGATCTTTGTAGATCCCGCCCAAGTTGATGAGGGCCGTGGGGTTATCAGGCTTGAGTTCTAGGGATTTGAGGGTGGAAGCAAGAGCATGATCAAGCTCATCGAGATCTTTGTAGATCCCGCCCAAGTTGATGAGGGCCGTGGGGTTATCAGGCTTGAGCTCTAGGGATTTAAGGGTGGAAGCAAGAGCATGATCGAGTTCACCGAGATCTTTGTAGATCCCGCCCAAGTTGATGAGGGCCGTGGGGTTATCAGGCTTGAGTTCTAGGGATTTAAGGGTGGAAGCAAGGGCATGATCAAGCTCACCGAGATCTTTGTAGATCCCGCCCAGGTTCATGTGGGCCGTGGGGTTATCAGGCTTGAGCTCTAGGGATTTAAGGGTGGAAGCAAGAGCATGATCAAGTTCACCGAGATCTTTGTAGATCCCGCCCAGGTTCATGTGGGCCGTGGGGTTATCAGGCTTGAGCTCTAGGGATTTAAGGGTGGAAGCAAGAGCATGATCAAGTTCACCGAGATCTTTGTAGATCCCGCCCAAGTTGATGAGGGCCGTGGGGTTATCAGGCTTGAGTTCTAGGGATTTGAGGGTGGAAGCAAGAGCATGATCAAGCTCACCGAGATCTTTGTAGATCCCGCCCAGGTTGATGTAAAAGGGTGCAAATGTTGGGTCTAGATCTCTTGCTCTCTCAACCAACTGTTTGGCTAATGGTAAATTTCCTTGTTGCTTGGCAATAAGCCCAAGATTGTTAATAGATGGTGAATAGTCGGGATTGATCTTTAGGGAAAAATTGTAGTATTTTGCCGCCTCTTCATAATTCTGGATAGCGTTAAATATATTTCCAATATC
CP138946.1_gap24	1007409	1010581	3172	CGAGAACCCAGAGGGCTGTTTTCTTGGTTTGCTCACGATTGAGTGACTAGACATGTTGAACCAAGGCTTGAGAGTTTCTCAAGCCATAGTCATGCTTGTGAGATTGAAGATTGCCGCCTTTTGCCAATTACGATCATCCATCCTCTTGCCAGGAAGCGATTGAGGAGAGAATTCGTCAGGTATATAATAAGCAATATCCCCAGCATCTGAACTGATCTAAGAAGGCTTATAAGCCCAGAACTGGTACATGCCTGTAAAGGTTGATGGATGTTGCTTTTCAAATTCACCCCAGTTTTTTAAAGATGTCATGTCAACATCTTCTGGGTATTGCTTTTGATAAGTTTTTCTAAGTTTCCCTAGCGGCAAGAATCCGCAAAATATTAGCCCTTGACTGTCTAGAAGCTTTTGCAGTTCCGCTGTGGTAAAACGATGTTCTTGCACATGAAAGCAGAGGTCCCGACATGCAGAGAGTGAGTAAAAGTCTAGCCCAAATTGTGGCAGATCTGATAGATTATTGAGTTCTCCAAGGAGAACTTTGTTGCGAAAATCTCTGATTCCAGCTGTCGTACTTTTGAAGTCTAATTGATTGATTTGATTTCGGGCTGCTATGATTTGTTGCCTAGCAATTTCGCTATATAAGCCAAGTTTAATATAGCCGCCAGGTGCGAGTTGGCTGTTTAATGCTGAGAGCCCTTTGCCAGGATCTTCCATGTGATGAAGGACGCCACTACACTCAATAATGTCAAATGTTTCATCAAGATTGCCTGCCTCTAATATATCCAACATTTTGAAAGATATGTTTTTTAGCTCATATTCCTTTGCTTTCCTTATGGCATATGCCAGGCTTGCACGGCTGAGGTCAATTGCTGTGATTTCAGCATTCTTGTAGCGACTGGCATTGATGACTTGATTGCCAGTCCCACAGCCAGCAATGAGCACTTTGGGGTGCGAGTGATTTGCTATTAACTCATCTGAGAATTGGAGATTGCATTTTGTTGACTCTAGTTTGATGGCTTCTGATGGGTTCTTGGCTAAGGATTTGTCAGTATGGTCAGCATAGCGATATTGAGGATATGGATTTTCCTCGTACATTTCTTTGACAATTGATGAAACTGCATCATCAATTGTCAAATTGCTCTGAATTGAGATTTTGATGCTTTCCTCCTCTTTTGGCTCCTCCAGTTGAATTTGAATGAGTGTCTTGCTTTCCTCGGTGGCTCTTGGATAATGCTTCAACAATTCTTGGTTCAGATTTAGTTTATATATTGGTGTGTAGCAGGCAATGATGGAGAGGTGTTGGTTGAATTCTTCTTGGTGTCTGTTCAAGTCCTTGATTAGTCTTTCAACTAGTTTTTCTTCTTCTGGTGATTGCGCGTAAACGTATTCGTTCAGGAAGCATTGTGTGGCTAAGGCTTCTGAGAGCTGTCTTAGTTGTGGTGGAATGGTTTCTTGATGGGAAGCGAGTGTCAAAAGCTCTTTCCTGAGTCGCGTGAGAAAATGTTCAAAATCTTGATGAGGTGGAACAAATAATGTTAGTGATTTTCTTAGTCTCCAATCAGCAGCGAGGTTATTTAGTGCGTCGCTATCCTCTGAGATTATGAGACTTGACTTAGAAACTGCTTGGATTGTTGGAAGAAACAAGTGAATCAAGATTGCCGATAATTTACCGTGAAAGATATTCTTTAGATTAAGCATTAGTTCATAAGCTTTTGTGAGATTTAGTGCATTAGATGCGCTAAGTGTGATCTCGCTGATGACTACGTTTAAGTGGTGAAAGGCACCAGGGTTATTGGGCTTTAGCTCTAGGGATTTAAGAGTGGAGGCAAGGGCTTGATCAAGGTTGCCGAGATCTTTGTAGATGACGCCTAGGTTGTGATAGGCATCTGGGTTATTGGGCTTGAGCTTTAGAGATTTGAGAGTGGAGGCAAGAGCTTGATCGAGGTTGCCGAGCTCTCTATATAAATTGCCTAGATTGGTAGGGGGGGCCGGAGCATTGGGATTAATCTCAATGGCTTTTTTGTATAAGGCAATTGCTTCTTCTGGTCTTCCACTGTTTTTGCAAATTACACCAAGATTTGAGAATAAACTATGGTTTAAATAGCCAGTTCTAATTGCTTCTCTGTAAATTATTTCGGCATTTTTGATATCTCCTTGCATGTGGAGATTTACAGCTTTTTTGTGAAGCGATTCTCCCCCTGACTCGCTTTTATTAAGGCGCTGGTTTTTCTTTTTTTTTTGCTCGCTAAAACCAGCCATTTGGCTTTTGCAATGATCTATTCTAATTTTATTTCACTGATCCAGCCGGTTTCTCCTTCGCTCTATTCCACTTACGCATTTCTTGAGCTGGCGTTCCAGCTTGCGCTGCATCCGAGCGGTGATCCCAAGTTCAGCACCACGCCAGAGCCGATTGATCTCATGGGTGAAGTGTTTGGCGAGCTGTTCCCCCATTCAGGGAATGCGTTAATGCTCTGGCAGCAGGGTCGAGTTTTCGGAGATAGCGGCTGGCCCATTTGGTATAGTCAGCCGGCGGCCAATTAAGGTCGCAGCCGATACATCTTTAGTCCTGCTGGTCACCTAGACCAGCCCGGCACTACTCCCACAAAGGAGGAGGTCAGTGCCTGTGCCGTCGCTGATGAAAGCGATGCTGAAGCTATGGCCAAGCTCAAAGGCGATTTACTGCTTGCCAAAGAGTTAGGTTCCCTTTAGAGAGACATCTCCTTCCAATTGCTTAGTTCTTTACAGTACTGCCGATCAATCTTCTCTAGGCGATCTCCATGCATGCCTGAATTTCTTTGTCAGGTCGTGTTTGTTATTGCGCTACACCAAGCTAGAAGTAGGGATATTTTGGGTCCTTCCTTCTGGAAATGTCTCGGGTGCAGTTCTTGCTAAAAAGAGTTAGTAAAGAAAATTCAATTGTCTAGCCAGGCATTGTTGCGTGAGCTATCTCATTCTTTTGAAGTCACATGTTGCTGCCTTGAAATAGTTCTTGATTGTGCTTACAGATGCTAATAAGAGTCAGCCAAAAACTTTTCATTTTTCTGGAGGTCAAATGCAATACAGATCCTTTGCGTTTTGGATTGAAAGGGCAGTGTCCTGTGAAAAAGAGAGGATGAGAAAATGTTTAAGTCTCTGACGTCAGGTCGGATTACTCTTGTATCGAATGACGAATCTC
CP138946.1_gap25	1120740	1122310	1570	AGCTCAACAACTCAAGATCAATATTTCCTAGTTCATCCCAAAAATCAACCTGAATATAGTCTTTGTCTTCAATCCATTTGTAGCTAGAGTCAAAGGCAGTTGAGAATTTATAATAGTCTATATTGTCTTGATTTTTAAAAGATGGGTTGCTAATTGTGCCTATAACATTTCTTGTATCGGCATAGCTATATTGGCTTCTATTTCCTTTGTTATCATAGACGAAAGCACCCGCCTCTAAAACTTCCAGTTCATCCATCGATCGTGTTATTGGCGTAGCATTCTCTATGCTGCTATTTTTATTACCTTGGTTAGAATTGTCTAAATTTGAGTTTGTGATTAGTTCAAAGTCATAATTATTTGGTTGGCCTGAAATCCTGGCTTGATAGTTACCAGCTTTCACCCCTTCAAGCGACAGCCATTCATAATCTCTACTTTTATCTTCTGCAGAGAAGTCTGACGTCTTGACTATTTCTTGATCTTCTATGTTAATTAAATCTAGTTTTAAATCGCCTTCGAGATGATCAAACCTGATTCCCAAGCCCTGCTTATTGCTGCCTACTGAAGCAAGCGTAAATTCACGATTATCGATGTCATTGAGAGTTATAGCTTGGTCGTTTAATTGGAATCGGTTTTGAATGAGTCCTAAATCAACATTATCGGTTGCATCTTCGAGTTTTTCATAAAGATCATGAGAATAAAGATGGGAATCTTCGGCTATATTATTGGCTATCAATGAATATTTAAGTGGTTCAAATTCGGCGGCTTCTGATTTGTCTCCAGCGTATTCAACACTAATGATATGCTCTCCTGGAGAGTAACCCTCAAGATTTAACTTGGTTAAACGGTTGGCGGTTCCCAACCCTTGATGAGCAAATGAGATATTCGATAGATCATCACCAGCAAGCTCTATCGAATCTGAAGCAAGCCCTTTTCGCGGTAATGTGAATTTAAAGTAATCTGTGTCATTTGCATAGTGAATATTTAGATCATCAATAACTGTTTGATTTGTGGCTTGGTCAATCAGAATGGCATTCTCAGAAATATCAAGGAGATTGCGTCTGTCGTAGCGATCTGCCTCGTGATCACTGCCTTCATGGGGATTTGGTGGGCCATCAAATTCAAGGGAATAGTCGCCGCGATGGCCAGGGCCTATTTGTAATACATATTCGCCAGGTATCCATGCATCCAGAGAAATCTCTTTTGCTGGGATTGGATAATTTTTAGTGATTTCCGATCCACGTTGATAATCCCAATTTTCTGCCCATTCTCGAAAGTAATCGTAATTCTTATTATTATGAGGAATATCCCATCTGCCAAGATCTACTTGACTCAAATCCTTTGGTAACAATAGTATTCTGGGTTGATAATCTCCACTTAAAGTATTAACCTTTATATAGTCACCCGCCTCAGGTTTGTGATTTAGTGTAAATTCATAGGTATCAATAGAACCCCTACTCCTTCCAGCATTAGAATCTGTATATTCTCCTGATTCTAGTGTTAAATCCTCGATTATGTGTGGAGTACCATCTCCATTTTCTGTAATAACTCCTAGATCTGTGAGCCATCTGCC
CP138946.1_gap26	1138513	1140548	2035	AGCTTCCTAAAGCACCTTTGTTAGCAAGCCATCTCGGGGTGTAGGGCTTGGCAGCATTTGCAGAGTGAGGTCTTGATCAGGGATTAAGTGAAGTCGCAACTGGTGAAACAAGCCGACCACCATCAAACGTATTTCAAGTTCTGCTAATGGTTTGCCTAGGCATACTCGCTCTCCCCCCCCAAAAGGCAGCAGGGTTGCTGAACAGCCATCATCTAGGTGGCGCTGGGGACGAAAGGCTTCCAGATCGCCAGCACCATGACGGTTAGAAGCTGCCAGAGCAACCTGTACCACACGGTTTTTTGGCACTTCCACACCGTCGATGACCAAGGCGCATTTCGTGCGGCGAAAAAACCCTCCCACCGCTGGCGTGAGTCGCATCACCTCAGAAACGACAGCGTCCAGTTTTGGTGCGTTGACCTGGTCGTAGGCAGTGGTGGCCTGCTCGGGTGCTGGAGGCCAGTCAAGTCCATCGATTTCCTCTCGCAGCCATGTTTCCACTTGCGGGTTGAGAAGCAGCTCCCGCATCAGACAGCTGAGCGAAGAAGCCGTGGTTTCGTAGCCTGCGAACAGAAGAAGCAGAAGCTGCTCCACCACGTCTTCGTCCGTTAAAGGAAGTCCTGCTTCATCGAGACCTCCCGCAAGCAGATCAAGACCACCATTGCCATTGGATGCTTTTAAAAGCACCTTCTGAAGCCTCTTCAACAACCGTTCCCGGGCCTTAAGCGCTTTGGCAAAGGAGCTACCTGGAAGAGCTATCGGTATTGAGAAGAGGGCTCTGGTCCAGATCTCGAAATCAACGAACAACTCATCGCGATCAGTACCCTCCAATCCGAGAACCGTCGTGGCGATCACCGAGAAAGCGAAACGACGCATTCTCTCTGCGAGAGGCAGAGCTGTTTTTGCAGCTTGTAGTTCGTCGGCAAGATCTTGAACCATGCTGATGATGCCAGCGCTGTAGCGCTGTAGTGCTGAGGCCGAGAACAGTTGGCCTATCACTCTTCGGCGTGCTCGATGGGAGGCTCCGTTGCGGTTAGCAAGCGAATGGCCGCCCAACAGCTGCCGCACACTCTCTGGCCACCAACCTTCTACTGCGTCGGGCTGAGCGAGCAGATCACGAATCGCTTGCCCGCCCTGAATGAACACCATTGGCTGTCCGAGCATTGATGTTTCAAAAACATTCCCGTGACGCTCAAAGCGCTTCTGTGCAAAGGCTGGATCGCGAAAAAATGCAAACGCTTCAAGTACCCCACTCAGGGCCGCTGTATTGGGAAGAGGGCGAAGCTTGGCATCATCAGAACTCGCCATGACATTTGCTATCCAACAGCAAAGCTAATGGGGCGATAGAGCAAACCTTGAAGAATTGACGAAACACCCTGAAGGAAATAAGGGGCTTAATACGTTTCTATTGCTAAATCACTCGTCCCAATGCAAAAAACAGCAGACCCTTGGCATGAAGAAGGGCACCCGCTTTGGCTGCCCTCAAGTCCAAGCCTCATTTTCAGGGTGTCTGCGTCCTCAGACTCCTCATTCAAATGGAACCAGGTTGGATTAGAGGCGCAGGAGGATTAACTGCTTCTTTTCAGTTGCCTCCATTGCAGAAGCGAACTGCCTCAGCATTGCTCCTGCCTGTGGCGATGGTTTCCTCTACGCAGCCGTTGAATACCTTGCTTTCTTGTTTGATGGAGCAGACACCCAGAGCAATTGCAGCAAGGGAGATTGCGGAGACAACGGTGGCGGTGATCTGAATGATGCCATAAGCAAGCATTGAGCTCTTTTTGCTGATGCAGTCCTTTTTGGTCGTGGTCTCTTCAGTCATGGATAAGCAAATGTCTGCAAATAGCCTATGAAGATCAATGGCTTCAATATGGGATACAGAAGGCCGTAATAACCACACTCATGGGCTTTTTGATCAGCATGGAGGCTTAGACGGCACCGCAAGACTCAACTTTTAACAAATCTCCTCACCTCATAGTGTTGATCCATTGCTAGGCATCAACTACTAGTTTTCAACTGTATCTATGCCTCATATTATTTG
CP138946.1_gap27	1198967	1200130	1163	CTGTGGATAGTACGGCAAGGTTTGATGCCAATTTTCTTCTGCCATCGAAGAACGAATGCGTTTTTCTTTAGGTGGTTTTGTGCTGGCGATTGTTTGTGATTTTATTGATATAGCATTGAATTTCTGGAGTGTCTTTGCTGATCATTTCTTGTTGGAGCCGGTCTGATCGTTTTTTGGCCTCAAATCATTAGCCACCTCATAGGCACGCAAAGTATTGATTTCAGCATTCTTCTGGCAGATCGGTTGCGCAGCTTTGCCTTGCTCCTCTGTTTCGGCTTAGCCTCGCGGTCATGATCTCTTTCAGACTGTTGCTGCAACAGGGTTGCATTGTTTTGAAGCGCTTTTGGGGATTGTTTGTGATGTCCGTGCTGTTCCCTCTTGCTGCAGGGGTTCAGCCTGTTTGGGCTTTGTCTGGTTTAGATGGGACGACTAGCCATAACTTCGTTGCTGATGCGGTAAGTCAGGTGGCGCCTGCAGTGGTTCGCATTGATACGGAACGCACTGTGCAACGTCAGCCTTTTGATCCCACCTTGATTGATCCCTTGCTCAGAGATCTCTTGGGCGAGCCAGGAATTGGGCCAGAGCGTGAGCGCGGTCAGGGTTCGGGTGTCGTGATCGATGATCAGGGGTTGGTGCTGACCAATGCCCACGTGGTTGAACGGGTGGATGCGGTCAGCGTCACCCTTGCCGATGGAGATCAACACGATGGTTCGGTTGTCGGGACGGATCCTGTTACTGATCTGGCTCTTGTGAGACTGGATAGGGGCACACGTCCTGAGGCCGCCCCTCTCGGAGATTCTGATGCCCTTGAGGTAGGCGATTGGGCGATCGCTCTTGGTACCCCCTATGGCCTTGAACGCACCGTCACCCTTGGCATTGTTAGCAGCCTGCATCGCAATATCAGCAGCCTTGGCTTCTCTGATAAACGTTTGGATTTGATTCAGACCGATGCCGCGATTAACCCTGGCAATTCCGGTGGTCCACTCGTTAATGGTCGTGGTGAGGTGATCGGTATCAACACACTGGTTCGTTCTGGTCCAGGCGCTGGTTTGGGATTTGCTATCCCGATCAATTTGGCTCGGCATGTTTCTGAGCAGCTTTTGACCAGTGGGGAGGTGGTGCATCCTTATTTGGGTGTCCAATTGGTGCCGCTGACAGCTCGT
CP138946.1_gap28	1216099	1218787	2688	GTTTCGTCTGGTGATTGCTATTGGTACCGGGCCCGGAGTGGTGCTTGTGCTGCGTTGGTTCTGGTGGCGGATCAATGCTGCTGCCGAATTGGCGGCGATGGTTTGTGGTTTTGTGGTGGGCCTTTGTACATCCGTTGTGCCCTTGGTGACAATTCCTGATTACGGCACCAGGTTGATGATCACCACAGCGATTACTGCTGTGGCCTGGGTTGTAGTGATGCTGGTGACTCCGCCTGAATCGCCGCAAGTGCTCGAGAGCTTTGTGAACCAGGTGCAGCCACCAGGCCCAGGCTGGAGTCGCTTGCGTCAACGCCTGGATATAACACCGGTGGATTCCCTCGTAAGTTTGTGTTTGCGCTTCATTCTTAGTGTCGGTGTTCTGTTTGGCGGTCTGCTCGGCACTGGCGCGTTTCTGTTACATCAGCAGCTAGGCGGTTGGATCGGTTTGGTGGTCACCGTGGTCTGTGTGCTGCCTTTAACCCGTGGTTGGCTGCGCAGTCGGATAGGCGTCGCATGATCTCCAACAAGGTCTTGGCTTGGGAGGCAGAATGAGGGAAAGAGTTCGTAAGCATTGAATTTCATACGTTCCACCGTGTTGCCTGCTCTGATTGTGGTTTTATTTGGGGTGGCTCTGGTGGCAGTGACTGCTCGTATCTGGTTGCCTGGGGACATGCTCGCGCCGGCTCCAATCGGGTGAGATCAGTCGGCCTAATGCCTCTACGATCAAGGTCATGAGTGAAGCTTCTAGACAGCTAGAGCAAGGTCTGGCCAACCTGGCCATTGATCCTGATGTCTTGGCCAAGGAGTTGGCGGCTGAACAGTTCGTTGATCCGCTTGACGAAATCAATCCTGACAGTTCAGACGTGGCACATGTGTGTGACGCAGGTCTTAACTGGCTGAAGCTGGGCCATGAGGAGCGTCTGCAGGGGCTAAGGGTGTTTTGTGAACATCGGGATCCCAGGGCAGTGGCTTTGCTGTTGCCCTTGTTGAAGGAGCCTTGTCCAGTGGAACGGATGAGTGCTGTTTATGCGTTAGGCCGAAATCCTTCTCCGCCAGCTTTAGAGCCCCTTTTGCAGTTGCTACAGGCTGACTGCAATGCCTATGTGCGTAAGGCAACTGCCTGGAGCCTGGGGAATTACGCCGATGCCCGCGTCCTTAAACCCCTCATTCATGTTCTCCAAAATGATGTTGCTGCGGTAAGGCTATGGGCCACCGGCTCATTGGCAGAAGCCGGTGGAACTTCTCCTGCCAATGCTGATATCGCTGCCAGTCAACTACTGATGAGTTTGCAGATCGATGGAGAACCTGTTGTGCGAAGCAACTGCATCTGGGCCCTCGGACGTCTTTACGACACGTTGGTTGAACCTCGTCGGCAGGAGTTGGTGGAGGCTTTTGTTGATTCCCTGCTCAACGATGCAGAGCTCTCGGTACGTGATGAGGCTCGCATCGCACTTGAGCAGTTGGAGAACTCTGAGGTGATTCAGCGGCTGCAAACTCTTGTAGATGAAGGACGCTTGACCTGAAGGCTCAGATTGGATCCTTGATTTACTTGGGTCTTGTGACAATCAACACGTCAGCTCTTGAAGATGGAGGATATTATTTGGAACCCTTCTGATGAAGTGGATGCCTCAACAGACTGTGCGATTCCGGATCCGTCAAGACGGACGTGTTGAAGAGAGTGTTGAGGGAGTGGTTGGTGAAGCCTGCCGTCTTCTCACTGAGCGGATTGAAGAATCCATCGGTGTTGTGGAACAAAGCACACCTACAGCCGAGGCGTTTCTCCGTCCACAGGATCAATCCCAGTCCATTCCAGCCGAGCTTCTTTGATGTCGCACTTCAGCACCGTTAAGACACACCTGCGCAAACGAGAGCCCCTGTTACAGGCGCTCAAGGATCTTGGTTATGTCCCCCAAGAAGGAGAGCGTTCTGTTCGCGGCTATCGCGGCCAAACAGTCACAGCTGAATTGGCTGTGATCATGCCTGAAGGTGGTGATATTGGTTTCCGTTTGAATTCGACTACCGGGGCCTATGAATTGGTGACCGACCTCGACCTCTGGCGGCAATCTGTTCCGGTGGAACGTTTTCTTGCTCAGCTCACCCAGCGCTACGCCCTTAATACGGTGTTGGCATCAACAGCGCAGGAAGGCTTTGAGGTGGCAGAGCAGCGCAATACTGATGACGGCGCTATCGAACTGGTGGTAACTCGCTGGGATTCCTGATATCCAACCTTGACCATTGATTGATCCATCGGCAGCTTTTCAGGTTTCCGCCCAGCTTGATGAGCGGGCGAATGGATCGGAGCCGCTGCTTGGTGGCCAATTGCGCGAGAAGGCTGTCTGGGTTGATGAGGCTGTCTGCATTGGTTGTCGGTACTGCGCTCATGTAGCGACTAACACCTTTGTGATCGAGCCAACAATGGGTCGCTCGCGGGCCATCCGGCAGGACGGGGATAGTACGGAACGCATTCAGGAAGCCATTGCGACCTGCCCGGTGAACTGCATCAAATGGGTGCAGTTTGAGCAGCTAGATGAATTGCGAGCTCAATTAGCAGCTCTGGAATTGCTTCCTCTCGGATTTCAAAGGACTTCTCGTAAGCGGCGTAATCATGGCTCCTAAGAGTTAATGAAGGCGTCTTTGGAGCAGAGCCCTCTGCCTTGCCGCCGCTTTGGCCGCACCGGTTTATCAATG
CP138946.1_gap29	1221554	1224553	2999	CTCAGAGGGCTTCTAAGCCTAAATGGATGGCTGCATAGCATTGCTCAAGCTGAGCGTCATTGAGGCAGAGCGGAGGCAGCAGATAAACGACCTGACCTAGAGGCCGCAGGAAGACACCATTGTTGATGGCTTGTTGTTTGACGATTCGTCCTGCTGGATTGAGGTAGCCATAGGTTCCGTCGATCGCGAGGTCGAAGGCGGCGATGGTGCCGGTCAGTCTTGGTTGCTGCACCTTTGGATGTTCAGCTAGGGCTTCGAGATGAGGTCGATGCCTAGCCTCAAAGTTGTCGTAGCTTTCTGGGTTGGCCTCCAGTAGATCGAGGCTTGCGTTTGCGGCTGCGCAACCTAGGGGATTAGCAGTGAAGCTATGACCGTGCCAGAGGGTGAGAGATGGATCATCTCCTAAGAAGGCCTCAAACACCTCTTCGCGGGCCATGGTGACGCCCATGGGCAAAAATCCCCCGGTGAGTCCTTTCGATAAAGCGATCAAATCGGGAGCAAGCCCTGCACGCTTGAAGGCGAATAGGGCTCCACAGCGTCCGAAACCAGTCAGAACCTCATCAGCAATCAGCAAGGCTCCCGCAGCACGTACGCGTTGCTCGACTCTTTGTAGGAATTCCGCTCGCACCATGGCCATGCCGCCTGCTCCTTGGACTAATGGCTCCAAGATGACTGCTGCTGTTGGGGTTTGAAGGCATCGTTCCAGTTCAGTTAGAGCAATCCGTTCACGTGTTTCAACCTCTTCATCGCCCCACCAAGTAGCGGGCCAGGGCACCCGTGCTACTGGAAACAACATCTCCTCAAAGGGGGCACTGAATAGGTTGCGCTCCCCCACTGCCATCGCCCCGAACGTGTCGCCGTGGTAGGCCCCGTTGAAGGCGATGAGTTGTTGCCGAGGCTCGCCGCGGTTGTGCCAGAACTGACAAGCGACCTTGAGCGCAACCTCCACGGCGGTAGAGCCGTTGTCGGAGAAAAACAGGCGTTGAAGGCCTGTTATGGCACTGAGGCGCGCTGCCAGTTGTTCTGCCTGGGGATGAATGAAGTCAGCAAAGATCACCTGCTCCAGTTGCTGTGCCTGGGTTGCGATGGCAGCGGCGATGTTGGGATTGGCATGGCCATGAAGGGTGACCCACCAGCTGCTGATTGCATCAATCAGGGGAGGTGCACCATCCAGCATCAACAGCGCTCCATCTGCCGCGATCACACGTTGCGGTGGTGATGCCGATGCGATCTGAGTGAAGGGAGGCCAGAGATGGGGATGCCAGTTGTTGGCGTTTGGGGCGGCTAGTGGATCGAAGCAATCCATGATCCGATGGGATTGTGTTGCCATCTTGGATCGTGATGTTGCGGCCTGAACCGATCACGATCGCTCTTTGCAATCCTTTGGCTGGAAGTATTGCTTGGTGATTGCACCACCATTTGCACTTTGAGGGTTTTGATATGGTTTGCAAGTGCTTTTAATTAAGTGATGAAATCCTTGTTGTCAAAGTGGTGCTTTGAGTTGTATTAAGCTATTGCAAGGCGTTCCTCAAGCTTCTTTTTAATGATGTCTTGAAAGGCATTTGAGCCGTTCTGCTGTAGATGATTGTGATTCACTTTGTAGTTGATCTATTCTGCTGATTTGGTTTTATTGCTTTTGGGACACGTTTGTAGATGTGCTGACTGAGCAAGAAGGAATGCTGAATTCGCTAAGGCTTGTCGTTGTTGTTGCAGAGAGATTTGCGTTTGAATTCAATTCATCCATCCTTTTGACCTGCTTCAGGTTGTTGCATGGATGAGATGGGCGTGATTCATCGGCAGGCCTCGCTTTGTTGTTCCCCCTGTGTAGCGAGGGGGCCGCAGTTGATCCAGCGCACCATGCCGACTTCAATGTCGGTGAATAGCACAAGGATTCCTCCACAGAGAAGAACAGCTCCAACTGAGGCCCATGACTGACGCTTGTTCATTGAACTTGACTCCAGGATTTCAGTAGCCGTTTGAAGGTAAGGCTCAGATCTTGCAGATGCCACTGCTCTGCGAGTGTTGCTGCGGTGAGATTGGGTAAGTGAGGCAACTGAGCGATGACTGGAACACCACCAAATTGTTCCAGAGTTTTTGGATTGTCTGGGTGGGGTGGACCATTGAGAACCAAACCTAAGACCTTCAGATTGCGCAAGCGCAGTGCTTCAAGGCTGAGCAGGGTGTGGTTGAGGGTACCCAGGCCACTGCGTGCAACGAGGATTAGCGGCAGTTGCCAACGTTCGAGTTGATCGAGTTGTAGCCATTGACGGTTGAGTGGCACCATTAGGCCGCCAGCGGTTTCTATCACCACAGGACCAGATACAGCAGGCAATACAAGTTGATCGGGGTTGATGCAGCAGTTCTCTTGTTCTGCGGCCCAGTGGGGTGATACTGCGGCCTGGAGGTTATAGACCTCTGGGTGCCAACGTTCGGCGGGAAGATTAAGGAGTCGACAAACCCTATTGCGGTCTCCACCGTCTTCCTCTAGGCCGCTCTGTATTGGCTTCCAGTAGGTGGCAACTAATCCTTGCACTAGCAATGCACTCACCACGGTCTTGCCAACGTTGGTGTCTGTGCCGCAGACGATTAGAGGAGTCGTTGCCTCAGTCATCGCTGGATTAAAAGCAGTTGGATCAGCCATGTGAGTTGTGCATCTCCACTTTTCTGGCAACGTGGCCAGGCTTGTTTGAGATGGCGCCAGTTGCCAACCCCCATGGTTGGGCAAGGGCTGGCCTGGGCACCAATTTGGCGCATTGGTTTCAAGAGCTGAAAGACTTCAGGACTCTGTTGGGTGAACTGGTGTAGCTGTTGATGGCGGATGTTATTGCTGGACAGCACATCAAGCAATGACGCTTGGGAGGGGAATGGCAGAGCTGTGCAGCTCACGCCTGCTGTTGCTGCTGCTTGGTGCCATTGGGGGAAGCTTCCTTCGACTGGCAGAGCCAATGCCAGCCAGCCTTCAGGAGTGAGAGCGGCCATCCATTCATGTAGTCGTTCTA
CP138946.1_gap30	1229670	1230837	1167	CTTGATCAGGCGAGTTCTGGTTGGTTAGTTAGTGGGCGATGACAAATTTCTCCTTGCGCGGTTTCGTATCTTTTACGCAGAGGGAGAGCCCTGTTGATATGAACATCAGCACCACAACGAGACCATAGCCTTGGAGCTCCTGGCCCGGGGATGGGACCAAGCCCTTAGCAACCCCTACTTGAGCAAGGAAGCCAACAGCGGGCTGAATGAAGACTGGCAGCACCATGACAACGAAGTTCACGAAAGCTAGTTTGACCGCACGGTTATGACGTTTTGCCACGTCGGCCGTCATCACGAAAGCCAGCAGCTGGGAACCTGTTGTCAATCCGAGCGCGATCATCAACATCGCGGTCAACCAAAGCGGGGCTGAGTTCGTCAAGGCAATCGCAACGGCGATCACGGACGACAAGATTGCTCCAGTGACAAAAAGAATCTTGCGGCGCTTCAAGCGATCGGATAAGTGCCCAGTTGCAATTCCTCCGGCGGCGAAACCAATGAAGATGAGAGTGGTGAGCAAACTCGATAGCCGTGTCGACAAACCTGAGTGGATGTGCAGGAAGGTCACTCCCCAAAGATCGCCAATCACTGAGATCGGGAGATATAAACCTGCTGCGGCGAGAGAAAGACACCAGATATTCCGGTCGCGCATGATTTCCTTGATCAGACTCGCGAGTGGCTGCGGACTCTTTGGATCAAACCCGTCTTCTCGCATCAACTCCACGAACCAATTGGGGCGCTTGGGTAGGAGTTTCCACAGCATGAGAGCGATGATCAGACCCGCCCCTGTACAAACCAGCAAAGGGACGCGCCAACCCCATGACTTCGTCAGAATCAGAAGTGGGTATTGAGCGAAAGATGCGCCCAGAGTGCCCATCGCTACGGTTAAACCCGGGACCATCCCATGGCGTTTTGGCGGGAACCAGATCATGGCGAGATAGATGACGCCGAGATAAGCAACTGAACTGCCCAATCCCTGCATCAAGCGCCCTAGTCCCAGCACCACCACATTGTTGGTGCTGGCAAAGAGCAGACAACCCAGGGCTACGACAAGTGCCGCTGGGACAACGACGGCACGGACTCCGAAGCGATCGAGAAGGCGGCCTACAAGAAGCTGTGAAGGAGCGTATGCGAGAAAATACATTCCCATGGCGAGACCAAACTCTCCTT
CP138946.1_gap31	1296831	1301161	4330	TCGTATCAGCCCAGCGCCAGGCAGTCAGCGTCGCGCTTGGTTGCTGCTCTCCTGGCAGGCGGCCAACGCATCTTTGGATCATGCTCAGGCGGCCCTTGCTCTGCGACGCCTGGCAAATGGTGATCTCACGTCATTGAATTTTGAGCAGCTCACCGTTGGCTATGGAGATGATGGCCTGCCGCTGACCCGAGCTGCTCTTGATCTCTTGGTGGAACATGAGGTTTCCCTGGATCGTTCGGCTGAGGCGGTCATGGTGCTGTTGGCTGGCCGTGAGCGTGGCGCATTGGGGGCCCGCCGTCTTGCTCTGGCTGCTGAGTTGCTTCAAGGTCTAGGCAACGATCAGCACTCAACACTGTTGGAATCAGCCCTTGACCAGGCGGCGGCAGATCAAGCTTGGGGGCTGGCAGAAGACTTGCTGCGATTGCAATTGAAGTTCGATTTAGCAGCGGGTGGTGACGGCTTAAGGCCCCGACAACGTCTAGAGCGTCTCGCTAATCGCCTCGATGACCGCTACACCCTGTGGGAGTTGGTTCGGGGGGATCTAGATCAGCAGGATGCTGCAACTCTGCTAGAGCAAGAGCTGCGCTCGCCGCGTCAGCCTGGCGGCCATGCTGCTGTTGAAGCGCATCAAAGTGCGCCTCCTGTTTCAGTTCCATCAGAATTCAAATGACGCCAGATCATGGCCCTCTGCTCTATGAGGGCAAGGCCAAAAGGGTCTTCGCTGCGGATCAGCCCGATCGTGTGTTGGTGGAGTTCAAGAATGACGCCACGGCGTTTAATGCACTCAAACGGGCTGAACTCGAGGGCAAGGGGCGACTGAACTGTCAGATCTCGGCACGACTGTTCGAGATGCTTGAGCGCGAGGGTGTGCCCACTCACTACCTCGGCCTGGCCGCCGAAACCTGGATGCTTGTTCAGCATGTTGATGTGATTCCCCTAGAGGTTGTGATTCGCAACGTGGCGACTGGATCGCTTTGTCAACAAACGCCGATTGCGGCTGGTACTGAGCTTTCGCCCGCTTTGTTGGACCTCTACTACAAGGACGACAATTTGGGAGATCCCTTGCTGAGCGAATCAAGGCTGCAGCTGCTTGGATTGATCAGTTCGCAGCAGCGTTTCGAGATCGAACAGTTGGCCCGTCGGGTGAATCAGCTGTTGCTGTCATTTTTTGAGAGCTTGGATCTGTTGTTGGTGGACTTCAAGCTCGAACTTGGACTCAACAGTGCAGGCACTCTGCTGGTGGCGGATGAAATCAGTCCTGATACCTGCAGGCTTTGGGACCATCGAAATAGCGACCCCCAGGCCCGCATCCTGGATAAGGATCGCTTCCGCCAGGACCTTGGTGGAGTGATTGAAGCCTACGGGGAGATCCTCAAACGGGTCCAAGGGGTATGAGCTAATCCCTTCAACTGCAGGTAATGTCAGCGCACATTTGGCGGCTTTGTAGCCGGATTCTTATCACCTATGGCCAGCTTCCTATCTAGCGGACCCTCGGATGCCTTGCGGCGAGGTGCATTTGGCCTGGTTCTGACCTTGCCGCTTCTTGCTGCTCCTGCGCGTGCTCAGACACCCGAGCAGGACACTCAGCCCCCAGCTAGGGAGATCTTGGTTGCCGATGATGTGCAGTTGGAGGCCACTCCTGAAGGCGTCGTCGAGGAAAGCCTTGAGGTCGAGCAGATTCAGGTCACCCCTGCTGAGCAGCAAGAGCTGCCTCTCAACGCATCTGAACAGTTGCCTGAGGAGCCTCGTGTCTTGATCACCGAGGTGATCATCGAAGGGATTGCAGGCCATCCGGAGCAAGAGCGTGTAGAACTCGCCGCTTATGACGCCATGGTTGTGCGTCCCGGTAGTCGTGTGACTCGAGATGAGCTCAAACGTGATCTCGATGCGATTTACGCCACGGGCTGGTTTTCTGATGTGCGCATTGAGCCGAGTGACGGCCCTTTAGGGGTTCAGCTCGTGGTGCAGGTGCAGCCCAATCCATTGCTCACCAAAGTGGAACTTGATCCACCTGATGTTGAGCTTTCTGAATCTGTGATTGAGGAAACATTCAGCCCCGACTACGGCAGGACTCTCAATCTCAATGAACTGCAGGCTCGTATGAAGGAGTTGCAGCAGTGGTACGCAAACGAGGGCTATTCCCTGGCTCGGGTCACCGGCCCTACGCGCGTTTCTCCAGATGGAGTGGTGCAGCTCAAGGTGATCCAGGGCACGGTGGCAGGGGTGGAGGTGCAGTTCCTCAATAAGGAAGGTGATTCCACCGATGAGAAGGGTGAGCCGATTAATGGCAAGACCAAGCCCTGGGTGATTACACGAGAGATATCAATCAAGCCTGGCGAAGCATTTAATCGAAATCAGCTTGAGGCTGATATTAAGCGTCTCTATGGCACATCTCTTTTCAGTGATGTCAAAGTCACCTTGAAACCGGTTGCTGGTGAACCTGGCAATGTGACAATCATTCTTGGCATTGTTGAGCAGTCCACCGGTTCGTTGTCAGGTGGTCTGGGTTATAGCCAGAGTCAGGGTGTTTTTGGCCAGATACAACTTCAGGACAGCAATCTTCTTGGTCGGGCCTGGAATATGGCATTGAACATTACTTATGGTCAGTATGGAGGCTTGGGAAGCATCTCATTTACAGATCCATGGATTAAGGGTGATGCTCACCGCACGTCATTCCGTACCTCTTTATTCCTCAGTCGTGAGGTTCCGCAAGTTTTTCAGAGCCAGAATAATGGCAATATTCGTACCCTTAAAGATTACTATGATGGTGGTTCTAGTTACGTATATGATATAGATAACAGCAATAATCCTGCGGGAAGGAAATTTGATTCGGTTTCTGATGCAGAGAATGCAGACTCAAATACTAGTTGGTTTGACTATGAAGGGAATTCTGTTGCTTTGCAAAGAATTGGTGGAAACATAATTTTTGCAAGACCTCTAAATGGTGGCGATCCATATAAGAAAGCACCATGGAATGTCTTGGCTGGCTTAAATATTCAGAAGGTCAGGCCGATTAATTTCTCTGGTGATAGCCGTCCATACGGGGTTAGCTCTGATGATAGAGAGAGTAATGGTGCGCCTAATGACGACGTGATTTGTATCGCATTTGACTGTGCAGATGAAAACAATCTCCTTGGTGTAAGAGTTGCGGCTACTTATAATAATTTGAATGATCCTCGTAATCCAACTTCTGGTAACTTTTTTAGTTTCGGTACGGAGCAATTTGTATCTGTTGGGGAGCATTCACCGACCTTTAACCGTCTTCGGACTAGCTATACACATTTCATTCCAGTTAATTGGTTGAAACTTGCCAAGGGCTGCCGTCCTAAGCCAGGGGAGCCGGAAAATTGTCCTCAGGCCCTTGCTTTTCAGGTTAAGGCAGGCACAGTTTTAGGCGATCTACCTCCTTATGAAGCCTTCTGTCTTGGTGGATCTAATTCCGTAAGAGGTTGGAGTGATTGTGATTTATCTGTGGGACGAAGCTTTGTTGAAGCGACGATTGAATATCGATTCCCGATTTGGAATATCGTTTCTGGTGAGGTTTTCGTTGATGGCGGTACTGATTTAGGTTCCCAAGAGAATGTTCCTGGTAAGCCAGGCAAACTTCTCGACAAGCCTGGTTCTGGATTCTCGATCGGTTCTGGTCTGATTGTTACCACTCCAGTAGGGCCATTGCGACTTGAGGTGGCAACCCAGGATTTCACTGATGAGTGGCGCTTTAATCTCGGGGTTGGCTGGAAGTTCTAGTGGCTTTTTGGCCCACCAGTTATGACCGTGCTTGGACCCTAGGCGGAGCTGTCTCAAGACGAGGCATTGGGCTTCATGGTGGGGAGGTCGCCGAAGTGCGCTTACAGCCTTCGGCGCAAGTTGGCTTCCATGTCTCCTGGCTGGACAACAGCGACCCACCAGTCACTTTGGGGCCACATCAGGTTCGCGATAGTCAGCTTTGCACCACTTTGGAACTGGGCGACCGCCATTTAGGCACGGTGGAACATCTACTTGCGGCCTTGGCTGGCTGTGGCTTGACCCATGTGGAGATCCAGGTTGCTGGTGAGGAAATACCGCTTCTTGATGGTTCAGCTCTGGGCTGGGTGGAGGCGATAGCCGAAGTGGGCCTTACTCCTGCTGCAACCCCTCGTGTCGATCCGCTCGTGCTTCAGCGTGCTTTGGTGTGTCATCGCGGTAGCAGTGTGATCACAGCGACACCTGCCGAGCGCTTCAATCTTGTTGGTGTGATTGATTTCCCACAAGCTGCTATTGGTCATCAGATGCTGGCGATTGAGCTCACTCCAGAGGGGTTTACTGAACAGATTGCTCCGGCGAGAACATT
CP138946.1_gap32	1323992	1326066	2074	GCTCAAACAGTTGGTGAGCAGTGCAAGAACTACAAGGAAGAAGAAGAAGGTTTCTCCTGGCCAACAGCAATTGCCATGGGCTTGGGATGTTCGCCTCAATCAAATCCCTGACGAGTGGCATCAAGTTGTGGTGAGATTTAGAAGAGCAAATGGCATCCGTGATAGTGATTCACGTCTGTTGCTGTGGTGAATATGTTGAGCGAATAAGGGTAGAAATAAGGGAGAAGAATATTCAGGCTTTTCGCTGGTGTGCCTTGTAGTTTCGGGTTGATGCACTGAGTGCCAGGGAGCGTCAGTATTCAGGCTGTGTTGATGGCAATGGTGCCAGCTCTTCGAGGTTAATTTGCGGCTTTATGCGGGTGATTGAAGAAACAAAAAGCCCCCGCGATTGCAGGGGCCATTAGAAGGTATCCTCATGAACACCATGGCAAAAAGATATCGTTAGGGTGTCAGAAGATCAATCGCAGGAATTCACGTTTAAAGCGCCAAAATCTATAAACCATACCTTGGTCGTATAATAAAGGCGCCGTGGTCGTGCACCCTTGCATCTCGATTGTCTGGTGTTGCAGATAACGCTTGAATTGCAGGCATTACTGCTGGTTCTTTCTTGCTAGGTGCTCCATACCCATTACTGCCAAAGTGATATTTAATGTCTGCCGTAAAGCGAGTATCAAAGGCTTCATCGTAAGAAAGATTGGTGCCAAGCGTTAAACCATTGCTGATGCTGTATGCGAGTCTTCCTTTAACACCAGAACCATCAGCATCATCGAGATCACCTTGCTGGTAGTAATTACCAACAGAAGCATTGAGATCAGGTGTGATGCTGTAGCCAACATCTAATCCGTAGGTATCAAGAGAACCGCCTTTGTAATGGCTATTTAGGCGTTTCTCGACATCACCAATAGGAACCAGTGCATAGGCATTGAAGTTCCAAGTGTCTGAGACTGCTTCTAAGCCTGCAGCAACCTGAGAGAAGAAGACCTCACGCTTATCAAAGATATTCACGTTGGTATCAGCATCACCTGTATTCATCGGCCGGCTCTCATGGCCAGCATTGATGCCATACATCCAAGAGCGGTCACCATTCAGCCAGCGATAACCCAAACGGGTTGATGTGCTGATCGAGGTACCAGCAACCTCTGTATTGATGATGCTGCTTTAGCCATCAAAATCAGAGAAGTTGGCATTGGCTAAAGCATCAATAAACCAAACGCTGTTCTCACCAACAGCAATCGGAAGAAAGGCTCCAATGCCGGCTTGATTGGGTGTGCCTGCTCCTTGAAGTGCTCCTTGAAGACCCCAGTTGAACTGCACAGCATCTTTGAGGTTGATCTCCATCACGCCAAGATCTGCTGCACTGCCTTCGTCTTCAGAAGCTGCTGGCTGTATAGGAGAACTAGCTAAGGCAAGAGCAGCAGCACCAGCAAGCGACAGAGGAAGACGAACCGAACGCTGCATGGGGATTGAACGCTTAAAAGTTCAGCCAAAATCGCTTTAAAAACTGAGGTGTAGAGCAGAGCTTGAGGCAGTCTTTTGGTTGGCATTGCTGGCCCTCATCTCTACGCTGCTGACAGCGCCTTTGCATCAGGCTGTGCTTTGGTCACATCAACTGAAGAAAAAGGCACTTTCTTGATGAGCGGCATGCAAATTACTTTTGAGCATTTGCGACCGACCCATTCATTTGCGTTGAAATAAGCACCCTTCTTGCAAAGGAATCATGTTGCTTTCAGGGCAGGAGTCGCAGAGATGCTGCCTCTTGCTGCAGCTTGTGCTCTGTGGTTCTCTTCCACTCCTAGGGATGATTCCTGTAAGAGCGGCTGAGCTTCCAGGCCTAAGGCCGCTAGCACTCGCATGCTTTGACTCTGGTCAGCTAAACGCATGCCAAGCCGCGTTGCTGCGGGCGGAAGCCCTGCAGAGACGTGCAGGCGCTCAGAGCAACTATCCCTGTCAGACCTTGCTGCTTGGCTTGCAAGCCGATGTGATCATGAGTCAGCTTCGGGCTGGCCGTGGTGATGATGCTTTGATCATGCTGGAAGAGGTCAGCAATAGTTGTCGAGGTTTGTGATCTAAGAGA
CP138946.1_gap33	1347380	1352152	4772	TGTTCTTCATCTCCCAGCTCATCGACGAGTCCGAGTTCATGGGCCTGAGCTCCGCTGAACACGCGGCCGTCGGCGAAGTTGCGAACCTCTTCGGCACTGAGATGGCGGCCTTGTGCTACCGCGTTCACAAATTGCTCATAGCTGCTATCGATCAGTGATTGCAGGAGCTGACGCTCCTCTGCTGTGAGTGCGCGATCAGGCGAGAGAATGTCCTTGTAGGTGCCGCTTTTTACTGTCTCGAAGCGGATGCCGATTCGCTCTAGCAATTTGGAGAGGTTGTTGCCCCGCAAGATGACCCCGATTGAGCCAGTGATTGTGCCGGGATTGGCAACAATTTTTTCTGCAGCTACCCCGACATAAACACCGCCGGAGGCGGATACATTGCCGAAGCTCGCTACGACATGACAACCCTTTTCTCTAAGCCTGAGCAGGGCTGCATGGATTTCCTGACTGTCACCAACAGTTCCTCCTGGGCTGTCGATGCGCAACAGAAGAGCGGGAAACTCTCTATCTTCAACTTCCTTGATCGCTTTCAGCACCCGCTCACGCGTTGCACCGCTGATTGCTCCGTCAATGGTGATGTGTGCGATCCTTCGGCGAGATTTGCGTCGCCAGAGCCAGCCCATTCAATTTCTTCGTAGAGGATTGGATCTTAAAAAGGAACCTGCTTGTTGCCTTCATGTTGTCAATACGGCACTGGCTGTTGATGGTCCTGCCCTTTGCCCTTTGGGGTACGGCCATGGCTGCGATGACACCTCTGGTGATTTCGGGCGGACCGCTTCTCGTCGCTTGTCTGCGCCTTTTGCCAGCAGGAGTTGTCATCCTGCTGGCCTTGCCGTCGTTGGGTCGTCACTGGGCTATCGCCTCAACTGACAGGATTTGGTTCCTGGTCTTTACGGTTGTTGATGCATGTCTTTTCCAAATGTTCCTGGTCAAGGGCTTGGCCTACACCGGAGCAGGGATGGGATCGGTGCTGATTGACTCCCAGCCATTGCTGGTAGCTCTGCTGGCACGCAGCCTCTTTGGAGAGTCCATTAACCCAGTTGGCTGGATGGGTTTGATGTTCGGTTTGGTCGGGATTATCTGCCTTGGGGCCCCGCCGGATTTGTTGCGCCATTGGTGGTTGCTAGGCGAACAGGCGTCTGGTTCCAGTTTGTTGGAGCAAGGGGAAGGCTGGATGCTCGCAGCAGCCATCGCCATGGCCTTAGGCACAGTGCTGAGCAGGTATGCCTGCCGGAGCAGTGATCCCGTTGCCGTCACTGGTTGGCACATGGTCTTAGGCAGCTTGCCGTTAATGCTCTGGCACAGTTTTGATCGCACATGGCCTTTGTGGCCTGATTGGACTGGCTTTGATTGGGGATTGATGGCCTACGCCAGCTTGTTTGGCAGTGCCCTGGCCTATGGATTGTTCTTTTGGCTCGTCAATCGGGAGGAGCTCACAAGCTTTAGCACCCTGGCATTCCTTACACCGGTGTTTGCCCTTGCTGCTGGTGGCGTTTGGCTAGGAGAACGGCTTCAGCCTCTGCAATGGTTCGGGGTGGCTTTGGTCCTACTTTCGGTGCTTGTTGTGAGTCAGCGTCGTCGACTATGGGAACCGGTTGAAGTTGACTCGGATGTGTTGCCGAGGGAAATCGGCTGATGTTATTTCGTGACTTGCGTTTGGATGGAGATGGTCCACTCTGCTGGCCTGCCCCTATGGCACTTCAGAAGATATTGAGTCTGCTCAGGAACATCGCCAGGGATGCCACCATCACTAGATGGTGCTGACGTTTGCTGCGAAGGTGTTGCTGTCTCCTCTTCAACGGCGTCGAGGTCTGCTGCTGATCCTGGCTTTTGGGTTAGCTCTCTGCCTTTGGCAGTTAGGAGACTCTGGTTTGGTTGATGAAACCCCGCCTCTCTTTGCCGCGGCAGGTCGTGCCATGAGTACGACAGGAGATTGGCTGACGCCGAGGGTTAATGGTCTGCCTCGCTTCGACAAGCCTCCTCTGGTTTATTGGCTAATGGGGTTGATTTATGCCTTGCCCGGCCATGAGGTTTGGGACCCATTAGGGACATGGGCGGCACGTCTTCCTTCTGCGCTTGCATCTGTCTTGATGATGCTGGCCCTTGGTGACACTGTGATGTGTTGGCCCCAGAAGAATGATGCTTGTCCACGCCGAACAGCTGTTGCGGTGGCCTTGGCCTTTGCTCTTTCGCCACTGGTCATGGTCTGGAGTCGGGTTGCTGTTAGCGATGCCTTGTTTTGCAGCACCTTGGGGGTGAGTTTGCTTCTGCAGTGGCGCCGCTTTGCTGCCCCGAGCACCCAGCCATGGTGGTTGGCCTGGCTTGTTTTGGGTTTAGCAGTGCTGACCAAAGGACCAGCGGCTGTCGTGCTGACTGGCATGGTGCTTGTTCTATTTGCTTTGCTGCAGTGGAATCTGGCCAGCCTTTGGCAGCGGTTGCGCCCTCTGCCTGGTTTGTTAATTACTGCCCTGATCAGCCTGCCTTGGTATGTGGCGGAATTGCTTGTGGAGGGACAACCTTTTTGGGATAGCTTCTTCGGCTATCACAACCTTCAACGCTTCACATCAGTAGTCAATAGTCACCTGCAGCCCTGGTGGTTTTTCGGGCCTGTCTTGGTGGTTGCGTCCCTGCCATTTACCCCCTTGCTGATCCTTGGGCTGTTGCAGGCCTTCGTTCCAGTCAGGAAGGGTGGTGCGCTTTGCCAGACAGAGCCTGAGGGATCTCTGCAGAGTTTTGCAGCCTGTTGGCTGCTAGCTGTGTTGCTGCTATTCACTTGCGCAGCTACAAAATTGCCCAGTTATTGGTTGCCTGCGACACCGGCGGCCGCGTTATTGATTGGATTGGCCGCAAGTGTTTCCCCTCAACAGCGACCAGGCCTTGTTTGGGCATGGGGCGGATCAGTTGTTTTGGCGGGATTGTTAGCGGCAGGGCTTTGGGCTTCACCGTTATGGGTTGAATGGATTGATGACCCGGAGATGCCCACCCTTGCGGCAGAACTGCTGGCTAGTCGTCTTGTACTCAGGGCAGCAGTTTTTTTCAGCCTTTCGGTGCTACTTGGGATCTGGTTGGCTTGGCGGCCACGGCCTGGGCGATTGCTGGCCCTTCAAGGGCCATTGGTTGCTTTCCAATTGTTTTCGTTCTTACCGATGTGGGCGCTGGGTGACAAGGTGCGCCAGTTGCCTGTAAGGAAAGTGGCTCAACTGTTGGTCGCTTCTCAGAAGTCTCGCGAACCCTTGGTGATGGTTGGGGCAATCAAACCTTCCCTTCACTTCTATACCGATCAGGTGGTGGTTTATGAGGGGCGCTCTGCGGGGGCGTTAGTGAACCTGGATGATCGATTACGAGACGAAGAGCGCAGGGGATGGTCAGGTCTGCCTATTGAGGGGCCCATGGGATCTTCAACCGCTCTCGTGGTGATTGATCAGGGCACAACGCAGAGGAGGCATTGGCAGGACCTTCAGCCTGAGCTGCTTGGCAAGTTCGGGATCTATAGGGTTTGGCGGTTGGATCGCGGGACTCTTGAGAAGCGAGCGAATCAGCTCAAAGCTGAAGGTTTCCAAACTGATTGGCGGCAACCACGACCTGAGCGTTTCTGATGTTTTGGTTGTCTTAATTGCAGGATGAAGTGGCTTCTTCGCCCTGCTCTTGCCATTTGCTTTTTGACCACCATGCGAGCAAGACGTCTTGGATGGTGCCTGAGCAGGATTTAAGCGTTGCTCTCCGATTGGGGCGGGTCAGTAAGTTGCAGTCTTCTACAGAAACCACAGCGTCCCCAGAGGGCCATTTCTCCAGCTGGGGCAGGACTACCGCAGGCCTGACATGCGGCCATGCCATGAACATCAATTCTGCTTGGATGTCGTGCCCAGATGCTGGCTTCACTTTCCAGCTTTGGGGTGCTTCCGGGGTGGTGTTGTTGAATGCGTAGATCTTTGATGTCATGGCCCGCGGCACGCAGGGCTGCCAAGAGTTGGGGGCGGTTATAGAGCAGGGCCTGCCTCCACTGAGGATGGCTGGCGCCGATGATCAAAACCCCTTGGCGAATGTTGAGTGGGCGGCAGTGAGGAGCAAGCAGGGGGCCTGCCAGTCGGGGCCATTCTTGCCAGAGACCAGCCATGGAGCCTTGTTGCTTCCAGTCACGCTTAATGGATTCAAGGCAGTTGCAGAGGGCTGTGACTGGAGCAGGAGGCGCTTCTTGCAGCACTTCTCCTCGACCAAGCCGTTTGCGTTGCTGATCAGGAGCTATGGACATCTCAAAAGCCTAAGTGGAGTCTTGGCTCCAGCTCGCTAGCCTCCGAGAGGTCTTTTCAATGCCTCGATGGGCTTCTTTGACCGGTTAAGCCGCTTATTACGTGCCAATCTCAACGATCTTGTGAGCAAGGCCGAGGATCCCGTCAAGATCCTTGATCAATCGGTTGCAGACATGCAAGCCGATTTGGTCAAGTTGCGACAGGCTGTTGCTATGGCCATCGCCAGTCAGAAGCGGCTTCGCAATCAGGCTGATCAGGCTGAGGGTCAAGTTAGAACCTGGTATGAACGTGCTGAACTGGCTCTTAAGAAGGGTGAGGAGGATCTCGCGAAGGAAGCCCTTACTCGTCGTAAGGGTTTCCAGGAATCTTCTACGGCGCTCACCAACCAGCTCAAGGGGCAGGAAGGGCAGGTGGAGACTCTCAAGCGCAGCCTAGTGGCTCTTGAGGGGAAGATCGCCGAGGCCAGAACCAAGAAGGACATGCTCAAGGCCCGAGCACAGGCGGCAAAGGCCCAGCAGCAAT
CP138946.1_gap34	1354334	1355339	1005	ATCCGGCCAGTGTCAGCCTCTGGTCTGGATGGCAGAAGTGTTATGCGCTCTTGATCGAACCATGGATTTGGCTGGTCGAGCCGATTGGGTTTGCGCCGAAGCTGAGCGACGCCTGTGGACAAAGCAGGTTCGTGATCCGAAGGGTGGTGAATTCTGGGACGTGATCGGACTGGGACTGGATGGGTCGCTTTTGCTGAGCCAGGGTTCTCGGACCATGCGCTGGACACGTTGGTGATAACTGAGTTGGACTTTTTCTATAGTTCTTCTCGTCTGAGGATCCGATCGGGTGCCGTTTCGCTGGTTCGCTGCTGCATGGCTGCTTTCAGTGCCTGTCCTTGCCAAGCCAATGGATCCTGTTGCTCAAGCGGTTCGGCAAGCACCGTTGTTGCCTGCGCGTGAGGCTAGTCAGCTTGCGCGGCCGCAAAGGTTTGATCAATCTCTTGAAGAGCTGGAGCGCAACAAGGTGATCACTTCAGCGGAACGCCGACAGTTGGAGGGGCATGGTGTGGGTTTGACGATCGATGTGCCTCGGATGCAGCAGGCCTGTCGTAGTGGTGCTCTGTCAGCCAAGGAATGTGCCAGTGGCGTTGCTCTGCGGTCTAGGGGGCGTCGAGGTCGTTCCCAGTTCAGCTTGCTGCGCCGTGGTCCTGGCGGTCGGCCATTGCCGCCGCTTACGGTTCCGGTTTCGGCCTTGTTGGCAGGCTCTGGGAGTGGCTTCAGCTTGGCTTCAGTGTTTGCGGTGACTCCGAGGCCCAAGCCCCTGCGAGGGAATCGAGATCGTCAGCTTCTTTTCCCGATCATTGGTGGGGCTTTTACCAGTAGTGAATTCGGCATGCGTTTGCATCCTGTGATTGGCCGTTGGTTGATGCATGCGGGTAAAGACCTGGCCGCACCAGAAGGTGCTCCGGTGGTGGCTGCATTAACAGGAACTGTTGTCAGTAGCGGCCTAGCTGGGGGCTATGGCATTGCTGTTGAACTGGAACATGATGCTCCTCGCAGGCGCAC
CP138946.1_gap35	1358952	1361892	2940	GGGGGTACCCAGCGGGCTGCAGCCTGCTCACCGGCTAAGTCCACAAGTAGGGTCGCCAGCATTGCGACGAGAACAGCCCCTTCAGGGGCAATCGCACCAGCATTCAGTGCAAGGTTGAGCAGCTCGCCTGGAGCTGCCATGGCCTGGGTGGCGAGAAGAAATACACCCATTTCGGGCATGACGCGTGCACGATCAGACCAATTTGCGTGACTGTAGCTGTGCTGCCTTGCTATACCTTATTGAGAACATCGCATCATGCAGCTCGCTTGCCGGTGCGATAAAGATTGGAAAGGTTACATATCGTCTGTGGCGAACACTCTGGTCATTGTCGAAAGTCCTACCAAGGCGAGAACCATTCGAGGGTTTCTGCCCAAGGACTTCCGTGTGGAGGCCTCCATGGGCCATGTGCGCGACTTGCCCAACAACGCCAGTGAGATCCCTGCGGCCCAAAAGGGGCAGAAATGGGCCAACCTTGGCGTGAACACCACCGCGGATTTCGAACCTCTTTATGTGGTTCCGAAGGACAAAAAGAAGGTGGTCAAGGAGCTGAAGGCAGCGTTGAAGGAAGCTGATCAGCTGTTGTTGGCAACTGACGAAGATCGAGAGGGTGAAAGCATCAGCTGGCATTTGCTGCAGCTGTTGGCTCCCAAAGTGCCTGTCAAGCGGATGGTGTTTCACGAGATCACCAAAGAAGCCATTGCTAAGGCTCTTGAGCAGCCCCGAGATCTCGACATGGAGCTGGTCCATGCCCAGGAGACGCGACGGATTCTTGACCGTTTGGTGGGCTACACGCTTTCGCCTCTGTTGTGGAAGAAGGTGGCATGGGGACTCTCCGCCGGTCGGGTGCAGTCAGTTTCTGTGCGGTTGCTTGTGCAGCGTGAACGTGCCCGTAGGGCTTTCCGTAGCGGCAGCTACTGGGACCTAAAGGCCAAACTTGCAAAGGGTGGTGGTCAATTTGAGGCAAAGCTCACCAGTATCGCTGGTCAAAAGATCGCTACCGGCAGTGATTTTGATGAAACGACAGGCGCTTTAAAGGCTGGCAAAAATGTTCGACTGCTGGGCGAATCAGATGCACTCACTCTTTCCGAGGCCGTTCGCAGCAGTCAGTGGCGGGTTGAGGCGGTGGAAGAGAAGCCAACGGTCCGTAAACCGGTGCCTCCTTTTACGACAAGCACTTTGCAGCAGGAGGCAAATCGCAAGTTGCGGTTTTCTGCTAGGGAAACGATGCGGTGTGCCCAGGGGCTTTATGAGCGTGGCTTCATCACCTATATGCGAACTGACTCTGTGCATCTATCCGAGCAGGCTATTCAGGCTGCTCGGAGCTGCGTGGGGTCACGCTATGGCGATGATTATCTGAGCAAAACTCCACGTCAGTTCAGCACGAAGTCACGCAATGCCCAGGAGGCTCACGAAGCGATACGACCAGCGGGTGAAAGCTTCCGTTTCCCAAGTGAATCTGGACTTGAAGGGCGCGACATGGCCCTATATGAGTTGATTTGGAAGCGAACAGTGGCCAGCCAGATGGCCGAGGCTCGACTCACCATGCTGGCGGTTGATCTTCGTGTTGCGGATGCCAAGTTTCGGGCCACGGGTAAGCGAATTGATTTCCCAGGTTTCTTTCGCGCTTACGTGGAGGGCAGTGATGATCCAGACGCTGCCTTGGAAGGCCAGGAAGTTTTGCTGCCTGATTTAGCGGTTGACGATTCGCCCACGTTGCAGGATGTGGAGGCCCTCGGTCACCAGACTCAGCCGCCGGCTCGCTATAGCGAGGCTTCACTGGTGAAGATGCTCGAGAAGGAGGGCATTGGCAGGCCTTCCACCTACGCCAGCATCATCGGCACCATCGTTGATCGGGGTTATGCAGCATTGCAAAACAACTCCCTTACTCCCAGTTTCACTGCTTTTGCTGTAACCGCTCTTCTAGAGGAGCATTTCCCCGATCTTGTCGATACCAGCTTTACGGCTCGGATGGAATTCACTCTTGATGAGATTTCCACGGGCAAGGTGCAGTGGTTGCCTTATCTGGAAGGGTTCTACAAGGGCGAAAAGGGCCTTGAGAGTCAGGTTCAGCAGCGTGAAGGTGACATCGACTCCAGTGTCTCTCGCACTGTGGATCTGGAGGGATTGCCCTGTGTGGTGCGCATCGGTCGTTTTGGGGCCTATCTGGAAGCCAAACGAGTGGGTGATGACGGCGAGGAGGAATCGCTTAAGGCCACCCTCCCTCAAGAGATCACCCCTGCTGATCTTGATGCAGAGAAAGCCGAGCTGATTCTCAAGCAGAAAGCTGATGGCCCGGAATCGATTGGGGAAGACCCTGAAACCGGTGATCAGGTTTACCTCCTTTTTGGTCAGTACGGGCCTTATGTGCAACGAGGCCAGGTGGGTGAGGACAACCCCAAGCCGAAGCGGGCATCCTTGCCCAAAGGCAAGAAGCCTGATGAACTCAGCCTTGATGAGGCACTGGGCTTACTGCGTCTGCCGCGCTTGCTGGGAGAGCATCCCGATGGTGGGCGAATTCAGGCGGGTTTGGGTCGCTTCGGACCCTATGTGGTCTGGGATAAGAGCAAGGGAGAGAAGGACTATCGCTCCCTTAAGGGGGAGGATGACGTGCTGGCGGTGGGGCTGAGTCGTGCACTAGAGCTTTTGGCGATGCCCAAGCGGGGCAGGGGCGGCCGGACTGCGTTGAAAGACCTTGGCATCCCGGAGGGGAGTGAGGAGACGGTGCAGGTTTTTGACGGTCCTTATGGCTTGTATGTCAAGCAGGGCAAGCTCAATGCCTCGTTACCTGAAGGGAAGGGCGTCGACGACATCTCTCTTGATGTAGCAGTGGAGCTATTGGCTGCCAAGGCTTTAAGTAAGAAGACAAGTCGACGCAAAAAGAGCACTTCAACAACCAGCAAAAAAACCGCCGCAAGCAAACCAAAAACTCGTAAACCTCCT
CP138946.1_gap36	1387823	1392542	4719	CTGGCATGCCTTTTGGGGAGTGTCCCCATCTTTTGCTCGATATCGGTGGCGGTTCCACAGAACTAATCCTCGCGGATGGTCGCGATGCTCGGGCTCTGACAAGCACGCGGGTTGGTGCGGTTCGGCTACAGAGGGATTTTGTCAAGCATGAACCAATCCCCCCTCAACGGCGTTCCTTTTTGCAGACATTTATTCAGGGTTCTTTAGAGCCAGCTGTTGATAAGGTCTGCCGTCGCATCAAGCCTGGGGAGAGCCCTGTGATGGTTGCCACCAGTGGAACCTCCATGGCCATCGGTGCTTTGTTGGTTAGTGAAGACGATCGCCCTCCGTTGAGATTGCATGGCTATCGAATCACACGGCACCGGCTTGATGGCCTGGTTGAGAAGCTGATAGCGATGACGCCTGAGCAGCGTCGCATCCAGACGCCGATTAATGATCGCCGTGCCGAAATCATCGTTCCGGGTGCGCTGATTCTTCAAACCGCCATGCAGATGCTCGCTGCTGATGAGCTGGTGCTGAGTGAAAGGGCTCTGAGGGAGGGTTTGATCGTTGACTGGATGCTGCGACATGGCCTACTGGAGGATCGCTTTAGTTTTCAGAGCAGTATTCGTCAGCGCACCGTGATTCATCAGGTGCAGCGTTTTGCAGTGAATCACCGCCGTGCAGAGCGTGTAGCCAGCCATGCACTCAGCCTTTACGACCACACACATGGTGTTCTTCATCACGATGATGGAGGTGGTCGGGATCTGCTTTGGGCATCGGCAATGTTGCATGCCTGTGGTCAGCACATCAATCTCAGTGCTTATCACAAGCATTCCTGGTATCTCATTCGTCATGGCGAGTTGCTCGGCTATTCGGAAGCGGAGCATTTGATGGTTGCGGCTATTGCGCGCTATCACCGCCGCAGTCTTCCCAAGAAGCGTCATCTGGAATGGCAGGCTTTAGCCACCCGGGAGCATCGTCGCCTCGTTGCCGAGATGGCTTTGTTGCTGCGATTAGCGGCAGCCATTGATCGCCGTCCTGAGCCAGTGGTGGCTGCAATAAGAGTGGAGTCCGCTGATGATGATCAGGTTGTCTTTGAACTAGTGCCGGAAGGATTGAATCAGAACCTCAGCCTTGAACAATGGAGCTTGAAGAGCTGTGCTTCGGTTGTGAAAGAAGCAAGCGGTGTAACCATGAAAGTTGTCGTTAAGGAGTGAACTTAGTTCAGTATTAGGTTGTTGTTGGTTAATTGATGCCAGCGGATCTTTCTAATTGCACCAAGAGCAGTAGGCGGTTTTCGATTATGAGTTATATGAATCAGATCAGGATGCCCTGCAAAGATTTCTAGGGCTTCCTCTAGTGGATAGCTGAGAGGCTCGCTAAGGGTGCCTTCAAAAACAATCTCAGCTTCACTGTTGGGGGTTGGAGTTGGTGCCTGGCTGTGTTTTTGGCTGTTCAGTTGAAGCTGGTTGATTATTATTTGTTTTTTTTAGCCCTGCTGGAGATGTTGATGGCAAATTTTGCTTAGGTGTTGCAACTGCAGGCTGAGAGATTAGCTCGGTGTCCCTAGGCTCATCTTTTACATCCTTTGAACGAGTCGAAGACCTAAAGATTATGCCGTCGGCAGTGTTGTTGATTGAAATGATTGTGTTGTTGATGCTTGTTTGGATGCGGGTAAAGGTGTTGGGGTTGCTGTAATAGGTGATGGCTAGTCCTGCTGCAGTCAATCCAATTAATCCTCCCAAAAAGGCCAATGCAGGTATCACTTTTAGGTTTGGACTAGACGCTTTGCTCTTTGATTGGCGTAGGGCTTCGGATCTTGAGGGAATGATGACCTGAATTTGCTGCACAAGGGCAGTCGCATCGAGGTTGAGTCGCTCGGCGACCCGGCGCACCATGGCTCTAATAAAAACCGGCTCAGGTAGTAGGTCTTTGTTTCCATTCTCCAGGGCTATTAGTTGCTCTTTGCCTATTCGAAGACTTCCCGCAATTTCTGCTATTGAGAACCCCCGTTTTTCGCGGGCTTCTCTAAGCAACGCGCCAACTTGAATCAATGGTGTGGAGAGTTGCTCTGAGTGGGATTGGTCACTCAAGAAGTCCTGAGGGTGCTCCGGCATTAAGGAAGAGGAGTGTTGACCTGCATGCATTTGACCTTAGTTGGAAGCACTGAGCTTGTCAGGCATCATTTGTTCCCATGTATATGGGATCACTTGGTTTTGATGATGAGCAGATCAAGCAAATGCTTGGCATAAAAACTTATGGGCGATGCGGGATTCGAACCCACGACCCCTTCCGTGTGAAGGAAGTGCGCTACCACTGTGCTAATCGCCCGCACTACTGGATTTTAAAACACTCTCTTTAGCCCTTTTGGCGAAAGAGATGTTTGTGGCTTGGAGAATACAGCTTCGAACGTTGGCGTCCTGCAGCTAGGGCCGGACTAACGACATAAAGGGTGGTGCGAATCAGCTCGTGTTCACGGGAGGTCGAAGCCATTTGCTTCAAAGGCACCACGCTTAACCATTGATCGGGCCAGCTCACCCTGTAGCCGATAGCTACTGGAGTTTCAGCTGAATAGTGCTGCAGCAGTGTGGCTTGTACTTCCTCCACATGGCGTGCACTGAGGTAGAGGCATAGAGAGGCTCCAAGTGATGCCAGATGTTGGAGGTTTTCGCGCTCGGGAACACCGGTGCGTCCTCCTGCTCTGCTGAGAACTATGGTTTGGACAAGGCCAGGGATGGTGAGTTCAGCTTTTAGGGCTGCGGCTGTCGCTTGGTAAGCACTCAGACCCGGCACAACCTCTACTTCAATGCCTGCGTCAGCAAGGCCACAGATCTGTTCCGACAGGGCCCCATAAAGGCAGGGGTCTCCGTCGTGAAGACGGACCACCCGCTTGCCTGCTTGTGCCCTGTTCACCAGAAGCGGAAGAACTTCCTCGAGGGTCATTGAGCTGGTGCGGATTCGTTCACAGGATTCAGGTGCCAATGCTGCAATATCTGGTGAAACCAGTGAATCGGTCCATACAAGGACCTCCGCCTGCTTGAGATGTTCTGCGGCACGCAGGGTTAGCAGATCAGTCGCGCCTGGACCTGCACCAACGATGGAGATTCTGCTCATCAAGCGAATGACCTAGGCCTACCAGGGTCCGGTAGCTTTCGTTTGCGACCATAGAGCCACCAGAGGCCAAAACCTCCAACTGCCATCATCGCCAAACTCATCAGCTGGGCAATACGCAGGCCCCCTTCACAGGAAGGTGGTAAGGCGCCTAGGCAGAGGGGATCAGTTCGAAGTGCTTCGATCCAGACTCTGCCTAGGCTGTAAGTGATCAGGTAGATGCAGCTCAACGCTCCGGCGGGAAGCTTCAGTAGTCCTTTGCTGCTGCGTTGAAAAAGAACAATTAGCAGCGTGAAGACTAGAAGATTCCAAATTGATTCGTAGAGGAATGTCGGATGGAAAAACTCGTTATTGGCATAATTAAGTGGACGATTCACGAATGGGATGAACAATTTCCAAGCAAGGTCGCCCTTGATTGGAACACCGAAGGCTTCGTTATTGAAAAAATTTCCCCAGCGTCCGATTGCCTGGCCAAGGGCAATGGATGGGACAAGCACATCAAGAACATCCCAGAAGGCTTGGCGACGCAAACGGCAGAAGATCAATACTGCAAGGGTGCCAGCAAGCAGGGCCCCATGAATAGCGATTCCTCCACCCCAAATTTCCACGGCACTTGGGATTGGGATGGCGAGTCCAAAGATATTGATCGAGCTCCAAAAATTGTTTCCGCTGTAGTTCCTCCACTCAAATGCGACGTAGTAGATGCGTGCTCCAACAACGGAAGTTAATACGAGAATGGGCAGCAGATCACTGATCAAGCCCTGCTCAAGGCCTCGTTTACGGGCCAGGCTGCTGGACAGATTGAGGCCGATCAGTACGGCGATGGCAATCAGCAATCCATACCATCGCAAGGCAAAGGGCCCGAGCTGAAAGAGCTCGGGCCCTGGAGAGGTAAAGGTCGCGATGAATGCGTCCATTGAGTTGAGATGAATGGGGATCAGATCCCCTCAGCTGCCTGAACTTTTTCGACTTGCTTCTTCTTCAATACAAGTAAGATCTGAGCGAGAGAAACTGCTACAAAGAATGCCAAGAGTCCATAGATTCGAACTGGATTCTGGAGCACAACCTCGGTATCGAGTTGTCCGAAGCCACCACTATTGGGGTCGCTAGTTAAGGGGGCGCCAGCCTCTACTTTGTCATCTACTTTTACCAACAGGCTTGGACCAGCTGGAATGGTTTCACTGATAACTTTTCCGCTGTCAGTTTTGAGCTTGATGTCGCTTTCCCCATTTTTACCAGACTTAATAGATGTAATTGTGCCAGCTTCAGTTGCTGTGAAAGCGTTGTTATTGGTTTTTTCACCAGTAGGCAATATTTGGCCTCGTCCACGGTTGCCTCCAACGTGGATGGAATATTTGCCGAATTGAATACTGCTGTCAGTCGCAGGATCAGGTGAAAGTATTGGGAAAACAATTTCTTTGTTGTTGTCACCAGGAAGCGGGCCAACAAGGAGGATGTTCTCCTTTTCTTCGCTGTATTGAGTGAAGAAGACTCCTTTGGTTTCTTCTTTTATCTCTTCGCTCCAGCGATCCTGTGGGGCCAGCTTGAATCCATCAGGAAGCATGACAACGGCACCCACTTGGAGGGGCACATCACTGCCATCGGAGCTGATCTCTGTTGTGTCTT
CP138946.1_gap37	1452323	1455899	3576	AATTCTTCCGCACTTACAAAAATCTTGAGGGGCGAGTTGTTGATATCGGTGGCTGGAGAGATTCAGAAGCTGTTGAGCCTCTGTTGGAGACCTGCGCCAAAGCTGCGCAGGTTAAGCTGAAAAAGTAACTATGAACCCTAATCGCTTGATTGAACGAGTTCATTCTTTGCTGGCCAGTTAAATCATGCTCAACTCAATAAGGATTTATAGCTATTCGCGCTGCGCTACTTGTCGGAAGGCCTTGACCTGGCTGCAGGAGCATCAAATTGTGCATGATCTTTTCGACATCGTTGAGACACCTCCTAGTCGAGAGATGCTTCGTGGCGCCAGTAAGCAGTTAGCAAGCCGCAAACTTCTCTTCAACACAAGTGGTGTAAGTTATCGCTCGCTTGGCGCGGATGCAGTCAAGGCCATGAGCGATGACGAGGCGCTCGATGCACTTGCCTCCGATGGCAAGTTGATTAAACGTCCTTTCTTGATCACTGAAAATGGCAGTGTATTGGTGGGCTTTAAGCCGGATGTCTGGGCTGAGGTGTTGCTGCCTTGAAGCGTAAACCCTTAGAAACAGGAGTATATTTCGGCAAAAATAAATGTTGTTTTGATGCGATGAATTTTTTGTAGGGCTGCTAAAGGGAAAATGACAAAAGAGATCGCGAACGATGGACGTGCGATTATTGCTATTCGCAATTTGTAAAAGCCAGTAATCAATAGCCTGAAGGATGATTCGTATATTGTTTGTTCCTGGGGGATTGACTGCCATAGCAGGTGTATTACGGGCCATGAGTCATCCCTGTGCGCGAATATAATGGCCTTGTCTAAGTATTTATCTACTTTATCTGCAAGTTGATGGCAGCCTGTAAAGGATAGGGTTTGTTATCTATTCATGCTGGTGGAAGGAGATGGTTTGTGTTGGATATTTCTAGATAAAGCAGCAAGTTTTTTCAAAGAAGTTCAATTAAGTGGATCCGTATCAGGCCCAAAAGTCAAGAGATTAAAGTCGCTGAGGGTTCGCTATGCAATATTAAATGCGGAGGCAATTGTAATCTTTGTGGCCGTTTATCTTATCGCTATTTCGTTTTCTTTTATTTATGTATTTCAGGCTCTTGCTTTCTTTGGATTTCTTCTAATGGTAGCTTGCGTGATATCTTATAGTGTTATTTTATTGCCATATTCTTGCTTTTGGCTTGTCGTTTTCGCCTCGCTGAAGTTAAGACCATCGATCTCACTGATCAATTCATTAACCCCACCTTGTTCTCTGAGCTGGCGGAAGCTGGAGCGCTTGAACTCTTCAAGGAAGGCCACCATTAGTTCTTGACTACGTTCGAGAACGGGTCCCTGCTCGAGGGTGCGAGCGAGCTCTTCCCAGAAGCTATCAATAGTATCGACTCCTAGTTGCTCTAGCACCATATCCTTGCGGCCAAGTTGGTCGCCGGCATTGCGAGAGAGCTGCAGAAATGTATCGATCATTCCGGCTGCGAGTTGCCGGCTTAGTTCCGATTCGGCCTTTTCAATGACGGCAAGCCCTTTGAGTGGAGGGGGTACGATCACGCCATCCATACTTCGCTGCAAGGCGTGACTAAAGAGTGCCAAAAGTTGGGGGCGCATGCTTGGCGCTACCTCACTGAGGATTAGCGGTAGCCAGAGCCGAAGCAATTCGGCTAGTTCACGTTCTTCGTTCTTGTCCACTGATTGATGACTACAAAGACTGCGGATTCGTTGCGGCAGATGTGGTGAGCGAATGATTTCTTGCATCGCATCCACGATGCGTAAGGTGAGAACTTCAAACAGCTCCAGGGCTAATAGGGCTACGACGCCCCTGCTGATGACAGCGCGCAAAGGTTCCAGCTGAATGAGCCCAGCGCTGGATAGGCGCTCGGTAACGGGCACTACCCGCAAGAGTCTCCAGAATGGGAGGAGTAGAGGCAGGTCGATCCATCGTCGAAGCAGGGCCTCTCGCCAGCTAATGCCGGGGAAGCGACGCTTCAGGCGCATAGCCCTTAGAAGGATGTCGAGGAGAAAGAGAAGTTGGAAGGGAGTGTCGAGGCGCCAGGCATAGTCAACAGGCTGCCCGTTTTCGTTGATCGATCGCCAATAGTTGGTGGCGATCAGGGGAAGAATCTTCTCGGTCCAGAACAGTCTTTCTTGCTGCCAATCGAGGTTGTTGAGGTATTTGTTTCCCAAGAGATGGGCGGCTGCCTGCTTGGAGGAATCCATCCCAGCCCTTGCACGCAGTAGGCTTTTTAGTTTTTCAAGGGTGCCTACGTTGCCAGAGCTGACGAACGGATTCTCATCGATCAGTTGAGTCGTGAGCTCGACTTGATTAAGGCGTAGTTGTTGTGAAGCAGGACTATTGATTCCTTGCCTTGCTGCGGTTTGATCGAGTTGGCTGAAACGTTTGATATAAATCTGGGTGTCTCTATGCGGTTTGATGCCTTTAACAACGTCATAGAAAGGCGTCACGTTCGGCACCCATGGCAACGGCACCATCAACGATGTCGAGGGCAGGAGATAGAGATTGCGGTGTAACCAGAAATTGCGTAGCGGAATGTAGGTAACGTCGAAGAGGATCCAACTCAAGTTGGTGGCAGCGATTAGCGCCAAAACCTGATCCCAGCGCCGCCAGAACTTACGCGAGGGGGAGGGTTTCAACCCTTGCCAGCGGGGACGCACCATGGGCTGAGGTTGCTTTGATCACGCTAAGGGGCCGGACAGGCTGGCCTTATCGTTAAGCATCGAATTCATAACAGGGCTGAGTTGTCTGACGCGCAGAAGCAGGACCATCCCACAAACGATAAGGCGTCTGCTCCCCGGGGAGCATCAACCTCTAAACCTCATCCATTTTGGGATTTCTGGGGACCAGTCTTCTTCACTTTGGGCCTGTATTTCGGCATTCGTCATTACGTCGCTGAGGCGAGATACATTCCCTCTGAATCGATGATCCCAGGGCTGCAAGTCCAGGATCGTTTGCTGGTTGAGAAAGTCAGCCTTCGCAGTCGATCTCCACGTCGAGGCGAGATTGTGGTTTTCAATACTCCTTCTTCTTTTAATTCAAAATTAATTAAGCAGCTCGAGAGGCGTCGTTTGCGTGATGGTGAGATCGCAATTCCTTGCTTGCTAGTCAACCTTCCCTTTATGAACTGGATTGGACTAAATAATCCTGGCTGTGATGCCTATATCAAGCGTGTTGTGGCTGTGGGTGGAGATCAGTTTTCCATTAATCTAAGAGGAGAAGTGAGTGTGAATGGAAAGAAGATTGAGGAGCCCTATGTGACTAACTATTGCCCTATTGCAATGCAGGGAAGGGGGTCATGTAAACCATTTATCGCGACTGTTCCTAGGGATCATGTCTTGGTGTTAGGTGACAATCGAAGCAGTAGCTCTGATGGACGAATTTGGGGATTTCTGCCTGAGAAAGAGATCCTAGGGCGTGCCTTATGGCGTTTTTGGCCTTTTGATCGTTTCGGCTCACTTATTCCCTGAGTCCACATGCCACGACACGGCCTTGCAGTTGACAGCCCTGCCAGGGTTGATTAGCGGCTTTGGGGGCATCATCACTGTGTCGATCTTGGATCCAGA
CP138946.1_gap38	1503760	1507695	3935	TCTTGGGAAGACCTGAGGCAGGATTTTTTGATTGTTTCTGCTCCCCTTGGGCAAGCGATAGAAACTCCTGGAGCCGATCAATTGAGGCTTTTGGGCTACTTGGCAACCAAATGTGGCCAAGCGCTGACAGAAAAACGAACAGTCGTTTAAAACAGTCGTAGCAAGGGTGATTAGCCGAGCTTATGGAAGGGGCTACGGATGGTGATCCATTTTTTGGCCAAATTTGCTTGACGGAACGTTGGCCTGCAGAGCATTGTCCATTGCGAACATTCCATTCATCACTTCAGGTAGGCAATGGCTAACGAAACCATGGGCATCGCCCTAGGCATGATCGAAACCCGCGGCCTTGTGCCAGCAATTGAAGCTGCTGACGCCATGACCAAGGCAGCTGAAGTGCGCCTGATTGGCCGTGAGTTTGTCGGTGGTGGATATGTCACCGTGCTCGTGCGTGGCGAAACAGGTGCTGTTAACGCTGCTGTCCGTGCTGGCGCTGATGCTTGCGAGCGTGTAGGAGACGGCCTTGTGGCAGCGCACATCATTGCCCGCCCTCATCGCGAAGTTGAGCCTGCGCTAGGCAACGGCAATTTCGTAGGTCAGAAGGACTGAGGCCTTCTGCGATGGCTCTAAGAGCCGCGCTATCTCAACCTTCTATACCGACTTAAAAGGAGCTATTCCATGAGCAAGAAGTACGACGCTGGGGTTAAGGAGTACAGAGACACCTACTGGACTCCCGATTATGTACCCCTAGACACCGACCTGCTGGCCTGCTTTAAGGTCACTGGCCAGGAAGGAGTACCCAGAGAGGAAGTTGCCGCTGCTGTGGCTGCTGAATCTTCAACAGGTACTTGGTCCACTGTTTGGTCAGAACTACTAACTGACCTTGAGTTTTACAAGGGCCGTTGCTATCGCATCGAAGATGTCCCTGGAGATAAGGAATCTTTTTACGCATTCATTGCTTATCCTCTTGACCTTTTTGAAGAAGGTTCAATTACGAACGTTCTGACCTCCTTGGTCGGTAATGTTTTTGGATTCAAGGCCTTGCGCCATCTGCGCTTAGAAGACATCCGCTTCCCGATGGCCTTCATCAAGACCTGCGGTGGTCCTCCTAATGGCATTGTCGTAGAACGCGATCGTTTGAATAAGTACGGTCGCCCCTTGCTTGGTTGCACCATTAAGCCAAAGCTTGGCCTTTCTGGTAAAAACTACGGACGTGTTGTTTATGAGTGTCTGCGTGGTGGTCTTGACTTAACCAAAGACGACGAGAACATCAACTCTCAGCCTTTCCAGCGTTGGCGCGAGCGCTTTGAGTTTGTTGCTGAGGCTGTCAAACTTGCACAACAAGAAACTGGAGAAGTCAAAGGTCATTATCTCAATTGCACCGCGACGACTCCTGAAGAGATGTATGAGCGCGCCGAGTTCGCCAAAGAACTCGACATGCCAATCATCATGCATGACTACATCACTGGTGGATTTACCGCCAACACTGGTTTGGCGAATTGGTGCCGTAAAAACGGCATGCTGTTGCACATCCACCGCGCTATGCATGCGGTGATTGACCGTCATCCCAAACACGGAATTCACTTCCGTGTGCTTGCTAAGTGCTTGCGCCTTTCCGGTGGTGACCAGCTCCATACAGGAACTGTGGTTGGCAAGCTAGAAGGTGATCGTCAGACCACCCTCGGCTTCATCGACAACCTGCGTGAGTCTTTTGTTCCAGAAGACCGCAATCGCGGTAACTTCTTTGACCAAGACTGGGGTTCCATGCCTGGAGTCTTTGCTGTTGCCTCTGGTGGTATCCACGTTTGGCACATGCCAGCGCTGCTGGCAATTTTCGGAGACGACTCCTGCCTGCAGTTCGGCGGTGGTACCCATGGTCATCCATGGGGGTCAGCTGCTGGTGCAGCTGCTAACCGAGTCGCACTTGAAGCTTGTGTGAAAGCACGCAATGCAGGTCGTGAGATCGAGAAGGAAAGTCGAGACATCCTTATGGAAGCGGCGAAGCACAGCCCTGAGCTTGCGATCGCACTTGAGACTTGGAAAGAAATCAAGTTCGAATTCGACACCGTCGACAAACTCGACGTTCAGTAGATCGGCTTAATCGAGGAGACACCTGTCTCCTCAAAACTTCTTCTCAGATTTAGTTAGGCCAACACTTAATTGTATTGGCCCCCCAATATCCACATTCCAAGGTTCACCATGCCTTTCCAGAGCACAGTTGGTGACTATCAAACAGTCGCCACCCTGGAAACCTTCGGCTTTTTACCGCCGATGACCCAGGACGAAATTTACGATCAAATTGCCTACATCATTGCTCAGGGATGGAGCCCTGTTATTGAACACGTTCATCCAAGTGGTTCCATGCAGACCTATTGGTCTTATTGGAAGTTACCTTTCTTTGGCGAGAAGGATCTGAATGCTGTAGTCAGTGAGCTTGAGGCTTGCCATCGTGCATACCCAGACCACCATGTGCGCATGGTCGGTTACGACGCTTACACCCAAAGTCAAGGAACTGCATTCGTAGTATTTGAAGGACGCTGATTTTAGTTTCAGCATCTATTCCTTAATAGCCTCGAGTTTTTTCGGGGCTATTAATTCTCATCAGAGGCAACGTGCCTCTTTCATCCTTACGACGTTTTTTATTGGTTGGGCATGGCAAAACAATCCAGTCGAGAGCTAGCGCTTGAACGCCGTAGGGCCCAGAGCAATTCAGGCAAGAAATCCACGTCATTAAATGGATCAAGTCCTAATCGCACCCGCAATGCCTCTGATGCACGTGTCACAAGGACTGATCAATCTTTCCTCAAGACTGGAAAAACTTCTCCGCAGCTAGTCGCTCCTAAGAAAGAGCTGCCAGATACGTCTTTTGTTGCTTCAAGAGAATCCTCTGGCGCTTCACGTCGTCAAGTTAAATCCATAGCTAATCCTAGTCGAGAGTTGGTTTTGGCTCGTCGTGACCAGCTCTCTCGCCGTGGTCAGCCAGCGGCAAAAAGTAAAGACAGAACCCGTGCAGAAGTTGAGAAGCTCTCTTCAAAGCTTAGCCAGCAAGGTGCTGCAATGAATGAGGTTAAGGATTTAGCCTCTAATCAAAAAAGTTTTGATGAATCTTCTGCTAATTCTTTGAGGACTTCTGATGCCATCTCAAGATTAAGCCCTAAACATTCATCTTCAAGCCGCCCTACTTCGAAACGCCGCTCAATACAAAATCCAAGTCGAGCATTGGTTCTTGCTCGCCGTGAAGCACAATCGAAACACGGAAAAACAGCAGCCAATCAACCGACCTCTGCCGCATCAGTCGCTCGCCAGGGAGACCCTGACTTGTCAAGTCGAGAGATTTCACAGAGAGTGCGTGAATTGCGTAGTAAAAGTGGATCTACCGATAAAAAGCGTTCAGGTGCTTGTCGTCCCTGTGGCCCTAATCGTAATGGTTCCAAGCAGGCTGTTGCGGCAGATGCCCATTGGAAAGTTGGTTTAAGTGAAACAAATACAGGCCAGTTTGTTACTGGAACTCAAGCAAATCGCTCTTCTAAAACCACTGGCAACGAAGCGAGTACTTGTCGTTCAATTACAGGTACTCAATATTTAGGTTCAGAGGTGTTTGATGCTTTTTGTCAGTCATCTCCGCAACCAGGTCAGCCTTTAAAAGTTGCAGTTACAAATACTAGTCATGGAAATCGGGTGACCGGTAATGAAGTTGGCCGCTCAGAAAAAGTGACTGGTGATGAACCTGGGACTTGTAAGACTTTGACCGGCACTGAATATATTTCAGCTAATCAGGCCAATCAATATTGTGGAGTTAGCCAACCTTCCCCAAGAAAAGTTGGCCAGAGCATTACAGAAGATGGTCGCAAGGTTAGCGGTGTGATGGTGGGACGTTCCGAGAGGGTTACTGGAGACGAAGCTGGTTCCAATCGGCAACTGACTGGTGATCAGTATCT
CP138946.1_gap39	1685974	1687505	1531	TTGGCTTTTCGGGCTGGCTTGACCTTGAGTTTTTTGGCGCGCCCATAAGGCTTCTTGCCTTGCCACTTAAAACGAATCCATTATGTGCAGCTTGCCTAATGCCCTAAGCGATAACGATCGTATAAGGCTTATGAAACCAAGCAGATTTGAAAACATGGTGGAAATGGTGCTTAAGGCTGGGTTTTATAGTGTATAATTAACCGGCTTTGCATTCTAATTCAAATGATTCCTTCAGCTGCAATCCTTGGAGTCCTTGGCATTCTTGGTTTTGCTTTCTTCTTCTGGTTGGCCGTTAACGATCCAGCAGACGCCTGAAAATAAATTGCTTAATTGGGCAGAGTCTTTCTCTGCCCAATTTCTTTTTGATTCTTGTATGGATTCTTGGAACTCATCCATAGAAAACCATTTCTAAATTCATTTTCAAAAGCTGTGAAAATTTGATTCTCTCCTGATGTGTAAAAAGCTCTTGGCTTGACTTCATCTTGAGAAAACAGAACTGCTCTGAAAGCTAGAGATACTAGAATCTCATGCAGTTACACGAATCAAAATTCTCTCAATATATAGCAAGGCATACCTTTAATAGCTTAGTGTGTACAAATCACTCTATTGCCTTGTATGCATAACCGGAAATGATACCGGTTCGGCAACTTTTTTTGATCAATCTTAGACATTTGCCTATATAGAACTTTGCATTTCATCCATGAATGAATTGTGATTTGAACACAGAATTCAGATCAGACAGCATTTGCGGATGTGTTTAAGTAGGATATGAAGAGTACATCAATGAATTCTCTTTTTTGTCGACATACAAGAAACGCTTTTGCCTTTTCTTAAGTCTTAATCACACCATTTATGTTTGAGCCTTAGGTCAGAATTTCTTGCTTAATCATGAGTGGAGACTCACCTGAAAAGACCATTCTTTTAGTCATTTGGCATGATCGCAAAAGCCCAAGAAACATCCAACATGCGTGTGATACTAGCGGGCCTCGTTGGTAACGTGATCGAGTGGTATGACTTTGCTTTGTATGGATACTTTGCCAACGTTATTGGACAACAGTTCTTTCCCTCAAGTAATCCTTCTGTTTCTCTAATTGCTGCTTTCGGAGCATTTGCCGTCGGCTTTCTAGTTCGGCCCTTTGGAGGACTTTTGTTCGGACGCATTGCTGATTTGCTGGGACGAAAACAGGCTCTTATCCTTACCTTGATGGCTATGGCTATTCCAACAGTGCTAATGGCCTGTATGCCCAACTACAGCAGGATTGGCATAGCCGCCCCGATCATAGTTGTTTTGTTGCGTATCATTCAAGGATTATCAGTTGGCGGCGAGTACACAACATCGATTGTCTATCTCGTTGAGAATGCCCCTGATCAACGACGAGGCTTCTTTGCTATTTGGGGGCTATGGGGTGCAGTATTGGGAATTCTGTTGGCTTCAGCAGTCGCCAGTTTTCTTGCGAACATTCTTGATCATCACCAGCTAGATATCTGGGGCTGGAGAGTGCCTTTTGCTCTTGGTTCTCTTGTCGCATTA
CP138946.1_gap40	1785877	1786453	576	TTTGCCGCTTTAAAAGATGACGGATCTGTCGTCGTCTGGGGCAATGATTATGTGACTTTCCATAGATCGAATGGCGATGGAAATGGCTCTTCTGGTCTAAATGAAACTCTCAAAGAAGGAGTTCGTCAGATCTTTACAACAATGGATTCCTTTGCAGCCCTGAAGGAAGATGGCTCGATAGTTAGTTGGGGATCAATTGATATTCCTCTGTATCATGAATCTGAGTATGATCACTTTGATGGCAATTGGCCTAAAAATTCAAACAACTCGTATAGAGAGTTTAATAATAGACCTGTAAAACAGATTGTATCTAATAGTGAGGCATTTGCCCTTTTAACAGAAGATGGCGAAGTGATTACATGGGGAGATACTTTCGGTGGTGCATCAAGATATCCAGTGTGCAATGGTAATATCTTGAGTGGAGTCAAAAAACTCTTTTCAAGCTCACATGGTTTTACGGCACTAAAAGAGAACGGAGGTACTGTTAGTTGGGGTTATGACTCATCACCAAGCAATGGCGCTGGTAACTATGAATGGTGGTATGGAGGGACTGCAGCATCAGGAGACGTTAAGGAT
CP138946.1_gap41	1799256	1802942	3686	TTGATGGCCAGTGGTGCTTTAGGTATTGCATTGGGAGATAGCTTTTACTTCGCTGCACTGCGTCGACTAGGAACACGAAGAACATTGACGATTGAAGCGCTAGGGCCTCTTTTGGCGAGCTTTTACGGAATGACATTTTTGGCTGAGATAATTAATTTGAAATCATGGTTTGGAGCAATGCTTGTTGCTACATCAGTCGTGATTGCAGCCTTTCAGCAACCGCCGGAAAAGCGAGTGGGTTTCAATCGACAGTTCTCGTCTCAACGATTGGGCCTGCTCTTTGCTCTCTCTGGTGTTATTTGCGGGGTTAGTGGTGCCGCACTGTCACGACAGGTACTACTTTTAGGACAGATCACACCTTTGCAAAGTGCCGCGATTCGTTTACTAGGTGGATTGTTGCTCATTATTCCTTGGCTAGGCAAATGTATTCGACCAATTCCTTATCCACGCCCGTCGCAAATCCGTTGGCCCAGGATTCTGTTTGCAACATTATTGGGAACCAACCTTGGGATTATTTTACAACAGCTAGCTCTGCAAAAGCTTCCCTTAGGGATTGGGGTGACATTACTGAGCAGCTCACCTGTAATGGCTTTGCTTCTTTGCCGTTATGAAGGCGATAGACTAAGGGTTGGAGGAATAGCTGCATCTTTTATGGCAGTTTTTGGAATTTGGCTTGCAGTAACTAGCTAAATAAAAAAATATTAACTCTATCAAATAGAATCCTTTCATTTTGTCAACCAACTCAGGCTCGCCATGGCATCAACCATTACTTAAGAGGGCGTGGCTATCAAAGATGTCAGAGCTGGCTTTGGTGTCTTACAGATTACTAGGATCAAAGCAACAGATTAGGCGCTAGCGAAGGAGATAAGACGAAGAGGTTATTCTTCAAAATATTGATGGTACCTGGATAAAGTCTGATGGGAAAATCAATTCTTAATTCTAGCTTTTAGGCTGACATTATTTTTTACTAGGTAGCCATTTCTAGACTCTGGATATCATAAATGAACGCATCAGACGAAAAGACTCCTTAACAAAAAAAATGTCTCTTGTCGCTTGAAGACAGCCAGAGAATCTTAATTGTCGAATTATCAATGAATGCCCATACTGCCCTGCTAATAGATGCTCATTGTCTTTTGATGACGTTTGGCATCGGCCATAGCCAGGGCAAAAGCAACCTTCAAATGGAAGGTTGAGGTAATGAGCATTGCTTTTACATTTGCTCTATCGCTGTCGATAAAGAGCTACTCAGTTTTGGCTTCAGTTCTGCCCCTTATGGGTCGCACTGACTCCAGAGGGAGCATCGTGACCACCAGCCATTTGCTTAAGGGACTGACTAGCGCAGATCGTGCTTAGGGCAATTACAACCAAGGATCCAGTGCGCAGAACCTCCAGAACGATAGGGAGGTGAGCATTGATTCGGTCTCGAACAGTTGTCATCAGATCAATTGAGAACATCCAATTACAGCAAACAATCAACCAAGAAAAAACCCTTGGTGGAATTTTTGAAGGGAGACGTTGCTTGAATGTCTTGATTGAAATGGAAGATGCCGGCGAATTCTGCCTTAAGCCTTGAACTAGCTCAGCAATCTGACCTGACAATGATCTTGACCAGTCATACCCAATGCTGTTTTGCGCTAGAGGCTAGATGAGACAGGGATCCCACAAGCGTCAGTTTGTTTGTGAAGATCATTGAAACATGTGTCTTACCTTGTAGTCGACCCAGCTTTGCCTGGTTGAGTTTTTGGAGCCCAGTGAAATTCGTTAAAGCTCTGTACAGCAATAGGTTTGAGTGAGACGATGGTCAATCACTGCAGAGAGAAGCAAGGCCTTGCCTGACCAGCCCTGAGAAAATCACCAGACAAATGCTTTCTATTTAGGGTTTGACTGCCAAATTGCATGACCGGCAAAGGGCTTTGCTTGTCCGAGCCGATAGTGTTCCTAAAAGCGGGCAAACAACCTAGCCGTTCTCATTAATTGTGGATCGACAACCCTGAGGCTCAGCAGGTTGCTTCTAGAAGCATTGCTGCGTAGAGCGGAGCAGAGCAGATCGACTCATATCAGAACAAGGAAACAGCCAGCGCTTTGTAGCAACGTAAGACATTCACTACCCGTGGCAGGCAAGGGAATGGCTATACGAATGCTGTCCTCATTTGTTGTCTTGATGTTGCGATGACGTGAGGCCACTGCAATAGAGTCTGTAAGGCTTAGCCAAAAACTATCCTTGTGGCTCAGGAGGCCCTGATGGACTCTCTCTCTTCTATGGATGTTTTGGGATTAATAGCTGGAACACTAACCACAATTGCTTTTGTTCCTCAATTAGTAAAGGTTTGGCGTTCTAAATCAGCAAAAGACATCTCTTACGTGATGTTCATTCTTTTTATCGCCGGCATCATCCTATGGGAAATATATGGCTGGGGCATACACTCTATGCCAGTAATCCTGTTTAACGTAATCACCTTCATACTAGGACTGGCAATCCTAATTCTTAAGTTTGTCTTTGACAGACCAGCTGGCGAGGCAACGGAGACATCAAAATAAAATTAATGAGTGACGAGTTCACTCATTAATTAGTTTTTATTGCAAAGACAGGTCTAATAACAGTTCAATGGCCATACCCTGCTCGTAAAAGTGTTTAGATTGAGTGGCCATACAACATTGACACAACTCAATACTTGATGCAAAGTGTTTCAATTGCAACCAGCTTATAAGTATTTACCATTGCCTGGGTTGACCTAATCAAAGTGTATCTCTTGCGTTTACGACTCGAAGCCTTTGTATCTATAAATATTTGTGTGAGCAGACTCACAGCATATATTGTCTCTGAACACTCCTGATTAGGCATTTTTGGAAGAAGATATCAACATTGAGAGCTTTATGCTTTCTCACTTATTTCAGACCGATGAACACCGTTAGTGCAAAACAACAACAAGCACAGATTTTAAAACGCGTGAAATACCTAACGAATCATGGCCGTCATCATGAAGCCCACTTTTTGTTTTCTAAACATTTTAAATGAAGCAAGTCTTCGCAAAAATTGCCCCATCATTTGATTGCTGAGAAATGCATGGATAATGAAAGGTTCATTTTCGTAACACTGGCTTGCCTGTTTTTCATGAGTCAGTTATAAACAAGTTAAGAATACTAATACAATTGTCAATTAAGTCCATTGTTCAAATACCAAATCAAAATCCAGCATCATGAGCAACCAAAAATCAGCCCCACTTGCCTTGACTAGTTTATCCCTTGTAATGATCCTTTGTAGTGGATGCTTAGGGAGCAGTGAGCCTCAGGAATCCTCTAGAGACATGAGTACTGAGGAGAGAGTGGAGCTGGAAACAGCTAAAGAACCGGTAAAAGAAGAAAAGAAAAAGATTGCCAGAGAACCCATTCCAAGAAATGAGAAAGTTTTGGCTTTAGAAGAGCATGAAAATGGACTCGACGTAGCCCTTCTTAGGGTAAAGCGATCAAGCGATAATACACTTACTTTACAATGGCGCTATATTAATAACACAGATCAGGAGGTGACATTGTGCAACTCATATTGTTGGACAAATCTTAGAAGCAGTTGGCTCGCGGATTCATACATAGTTGATAATGTTAACCAGAAGAAACATCTTGTTGTTAAAGCAGATAAAAACCCTATGACTACCAAAGTCAACCGTCCAACAAAGTTGAACCCCGGAAGC
CP138946.1_gap42	1908489	1911505	3016	TTTGCTGGTAGTTCTCAATGGCCGATTGGTTCGCATTATTGATCGTTCTCGTGAGCTTCAAGCTTTGACCCAGAGCCGGGATACACCTGTCTCATCAGAGCGTGAGAGCAAAACAGAGTTAAAGAATTGAAGAGGCGCATGGCGTTGGTGATGAAAGCGATTGAACTTCTCACCATCACGATTCTATTGGTTGCACTGGTTGTAGCTGTTGTCTTTATCAGTGTGGGCACTTAACTTGATCTTGCCTTACTTGTGGTGCCTTTGTTCGTTATGGCGATGGTATGCCTAATGGCAGCGGCCCTTCTCTTTCAACGCGAGGTGCAGTTGGCCACTACTAAGGTTAGACGATGGTTTTAAGCCTTTTTCTAATTAAGTTTTAACCGAATGCTTTGTTTTGTTGGCAGTTGATTTGTTGTTGAGATTGATTCTGGTTGAGCGCAGGTCCAGCCTTGGGCCAATGCTTGGTTGTAATGAACTGGGTAGTAGTTGTTCTGGTAAGACTTGCAGGCCATCGAGTTCAATAGTGGTCTCTACAAGTTCGCCCTGTTGGCTGAAAAGGTCGAGCAAGGTGATGGTCTGTTGTGGGGGGGTTCTGTCGTTGAGTCTTTGACGGGGTCCACTACCCATGCAACCTAGACTAAGCAGATTGGCGGAACCCACATGGCTCGGATACCAGGCGTGATGGTGGCCACTAATGTATAGATTTACATTTTTGCGCTGAAGCAGTTGCTGCAGACGTTCTGGTTCGTGTAGCACTTCGCCTGCACGATCGCGTCCCTTTGAAATCGCATAAGGCGGCAGATGGCCCATCATCATTCGCAACTTTGCCTGGCGAGCTTCTGATCCGTCTAGCTGGATCTCGGCCCAGGCCCAGTCATCCGCTGAGATGTTGGCAGAAGAGGCATCAACAACTAGCAAGAAGATTTCTCCATGACGAATGCTGTATCGGAAAGGGAATTGATGGGCATCAACAAATGTGAGTCCAAGTGATCCTTGGCGAGCACGCCAGAACTTTTGAGCATGCAGTCGATCGAGCTCAAACACATATCGCGAATGTGTGCGGCTGTTTGATGCATCATGGTTGCCCATGGTTGGAGCGAAAGACTCTTCTACAGTTCTTAGGGGGTGCAGTATCTGCTCATTAAAGGCAGACCACATTGCATCGAGCTGGTTTGAAGTGAGCCCGAGCTTCTGTCCCGCAACCATATCGCCTGCGCAAAGGACAAGATCGGGTTGCAGTTTGATTAAAAGCTCTAGGCCACGATGAACTTGAGACACGTAGCTGGTTGATCCGTAACTTGAGTTGAGGTCGCTGATCAGTGCGATTCGCTGATCTCCCCTTGGCAGGTCAGACAAGAGAGACTTTGACGGAGCACTGACCAGGTTTGCGGCAATGGCCCTATGAAGAAACAAGCTGGCCATTCCTGCTCCGCTAAGGCCTAGGAAGTCTCGGCGGTTAAGGGACATAGCGTTGAGGTTCAGGCCGTTGTTTGGTCATTCTGGCTTGATAGCGCAAACTTGTATTTGCCGTTCAACCTTCGCTTCTCTCTCTAGTTAGCCCTTTTGCTCCACATTTCCCCGCTGTCGATCACGATCGGCCAGTTAGTGTAGAGGTGCAAGCGATTTCTCTACCGATAAATAGAATATTTCCATCAATTTCTTTGCTCGACTTAGAGGTGAATTTGTTGTTATCGAAGCTCTTTTCGGGGCCTAATTTCCACACCTGCTCCAATCATACGAATCCATTGCTCGTATTTGTGTAGTTTCTTGATTCGTTATTTATCGTACTGTTGGAGCTTGTTTTTTTGGAGGCTTTCTTGTCAATCGAGTCTTTTTCAATAACTGTTTAGTGAAGAATAAAGACTATTGCTAGGACTGTGGAGTGGCTGGCAATTTAGATTTTTTTGTTAGATTTGTGCAGTTTATAGTTCTCTGCAGATCCATTTTAGGGCGATCAACTTTTAATCTTTTGTCTATCTTTTCTAAATCTCTATGATGACTTTGTTGCTAGCTAGGATTTGGAGTATGGGTCATTGTTGCTAAACCAAGCCTTGTAAGTCTTAGCTCCAGTTCCTGTATGCTGATCTTTTCACGTATTGATTGGATACGTGGTGTGGCCAAAGGCTGTACTGCACCAGTCGTACCAGCAAAAGATTGGCGCATAGAAAGGATTTTTGTGAAGCTGGCTTCTAAGCCTATACTTATTTGCGCAAATGCATCTTAAGCAAATATTAATATCGTAGTCTTGTCTGGGATAGGGCTGTCTCTCCCCAAGCCTTCTGTCAGTGGCAGTCAATGGTCTGGCCGTGAAGTCTGAACAGCTTCTTGTTGTTTTCTTTGCATAGGGTTGTTGATCACATGGCGATTCAACGCTTTTAATCGCGTAAGGGATAAGGGCTTTTGTGTGCGCTAGCGATATGGAGAGTAAGAGCAGCAAAAATCAGATCAAATTGGCCTATCCATAGCGATTATTGCGACCTAAGCCCCAATTTTGACTAGGAATGATTTGCTTGAAGCTGGTTCGAGCGCTTTTGGCGTCTCTGCTTTGATCGTTGAGTAAATATACCCAACTTGCGAGCTGTTCTGGGCTTGGGTTGCTTCAGTCGTCTCTTGCGTTGAGCGACTCGTCGTCGATTTCAACGGGTTTTAGGAGAGTGAAGTCTTTGATGGCCTCGGCAATCGTCATTCGAGAGCCTCTATGCGTTAAATCCTTTGCATTGAAACCGTTTTGCTGGGGGGCACCAGCACGGTGCTCTGCTGTTGGCTTTATCCCCTTAAAGAACTGCTGCAGAGTGTTCCTGTTCTTAAAGCTGACAGTGGAGGTTGAGACAGTCGTCCAGTTGCTTCTCTCGATGGTCCATCAAGGTGTCAAGCCATCTCGCTGCTTCGACGGGAGCAACCGTTCGATCTCGCAAGAAGTTGCAGATCAGGCGATAAAGCGGGCCTGCATCGGTCTCGACTCTTATTTGCTCATCTAGCGCTAGAAGCTGCTCAGGTGTACTGCAAGAACGAAGTT
CP138946.1_gap43	2099256	2104215	4959	TAGCGAAACTGTAAAAATCGTCAAGCAACATCGGGAAGCTATGGATAGACTCGTTGAAATCCTCATCGAAAAGGAAACCATAGACGGAGAAGAATTTGTTTCAGTAGTAGCAGAGTTTACATCTGTTCCAGAGAAGGAAAGAAGCATACCTATCCTCCAGAGCTAATAGAACTAGCAGTTAAATAATAATCATCCAGGAAATCAAGCATCAGCGAATGGATCCTGACAATCCATGCCCATTCGCTTTAAGATTTAATCTTTAATTTTAGAATAAAAACAATTTTGACACCAAGATGAAGCTTGATAAATGTTTTCGTAATTACAAACAAGTCAATCAGTTCCTTCAGGATTAATGGATTGATAACTATCTATTAGAAACTCTTTTGGCTTGCAATACTTTCCTATCACAAGGCAGCCTTGTCAATTGACTGAATGAACCGGACGCTTATCGATCACACTATCGACAAGTCCATAGCCAACAGCTTCTGCGGGAGACATGAAAAAATCTCGATCGGTATCTTCTTGAATTCTCTCTAGAGGTTGACCTGTACGATCTGCTAATACTCGGTTCAATCGATCCTTTAGGAAGAGAATCTCATCAGCCTGAATACGAATATCACTCGCTTGCCCTCTGGCACCACCAAGCGGCTGATGAATCATAATTCTAGAATGTTGCAAACTGCTGCGTTTACCCATTGCCCCAGCGCAGAGGAGGAACGCTCCCATACTTGCTGCAAGCCCTACACATACTGTTTGAACATCTGGCTTGACATGCTGCATTGTGTCAAATATTCCGAGGCCATCATATACTGAACCTCCTGGTGAATTGATATACAAATAGATATCTTTTTCAGGATCTTCCGCCTCCAAGAACAACATCTGAGCAACAATTCGATTTGCCGAATCACTTGTCACAGGCTCGCCAAGAAAGATGATCCGTTCACGCAAAAGGCGCGAATAAATATCGAAGGCCCTTTCCCCGCGGCCCGACTCTTCAATCACAATCGGGATCATGCTGCTCTGCTCGGTTTTCACGATCTTAACGGCGCCGTAGCAGCGCTATGGTCAGGTGCGAAAAGGTCGGGCCAAGCACTTGAGTGACCGAAAGACCATTGCTGACAGCAAACGTGCGTTTAATCATGATTTCCCTCATGTCATCCCCTCGCTGTACAGACGTACAACTGATGAACTACTTGTCGAGCTGCATCTCCTGAGCCACCAGAAGCATTTCCACCCAGACGCACTCTTTGCTATTGGCCTTAGCCAAGTTTTTGATGTCTTCACGCGTGGTTACCGACCAGAAGCTCACGTCAAGACGTTGTTCGATGCCCTATGTCGAAGCTGCGGCTTCGACCCAAATGCTTTGCGCAAGCAGGCCCAACAAACTCTTGAGTCGGTCCGGGGTCACGATCTTGAGGAGGTCCAAGGCTGGATCCAACAACAAGGCAAAGGGGCTCCTGAAGCTCTCGCCAAGGCATTGCGTAATACTGGCAGCACCACTTTTCATTACTCACGCCTAATGGCCGTGGGGTTGCTCAGCCTTCTCGCATCTGCCCAAGGTGATGAATCATCTGATCCCGAAAAACTAAGCCAAATCGCCCATGAACTAAGTGAATCAGTTGGATTCTCCAAAGCCAGAGTTGAAAAAGATCTGAACCTCTACAAGTCCAACCTCGAGAAGATGGCCCAGGCTGTAGAACTAACTGAACAAATTCTAGAATCTGAACGTCGCAAACGGGAACAAAATGAATCTGCAAAACTCAACACTGGATCATCAGAGCAAATGTCTCAGGGGGTTGAAGCTTGTTCCAATATCAGCTGACCTGACATCCACCACCAGTCTGTTTTTTTGAGTTTGGCACCCCGCAAATAACTTAGGTTCATCGTTAAAAACTTAGCCTGTTTAACTGGGGCTGGCCAGGATCCATTAAGTAAACCTAAACGATACAATCCAGCTGTATCAGCGGACATTTTCATAACATCAGGATTGACTAGGTTGATAGTTTTATTAGAGATCTCAGTGAGCATTGGTGAGTCGCCAATAGCAATACCAACACGAGTAGGTTTTCCATTTTGTTTTTGCCAAACCCATCCACCAACAACTCTCTCACCATCCGAGTAAGGTTGTCTCCAGAGCGTAAGTCCATAGAAGTCAGCGTCAGTATTTTGATCATTTTTGACAACAGAGTTATCTTCTTTAATGAAGTTTCGTGCTTCCAGACGTTGACTAACAGTATCGATAACTGGTTGCCATCGTGAGGAGCCCTCTGGTAGATCAAGTTGGATTTGAATGCTGGCTTGAAAAGGCCCTTTACGTTGCTTGGCTAAGCTAAGATCAAGTGGTAACGATGCAAGTCTCAACCCTAATTGCTGATTAATGCCATAGTTCTTATCAAGGGAATCCTGAATAATCTGCTTCGAAAGCAAACTGCCAAAAAGCAAGTCCATACTCTTCACTTGCATATTCAGGAGAGCCTGATCTGAATCAGGTCTACCTGGCGATTTGATCGCCATAGGGCGATACTGAAAAGGGCTGGCATCAATGCCAACTGGAGCTAAACCAAAAGGGCGATAACCAACAACTCCTTGCCATTTGAGTTGATTACGATCCAATCGCAGTGACAAACATCCATAACGTGAAATCTGCAAAAGAGGTGCCATTGCTCCACTCACTGAAGCCAAGCCATCGGGACTCCAGCTCACCGCTGGCCCATGTTGTAGAACAGAATTGCAAAAACGCTGTAAAGACGATTGAGCAGCAGAAGAATGGACAAACCCTTCGCCAAGGCTTTGAAGTAGCTGTTGACGATGCAAGCCATCTGAAGCGATGACAACCACATCATCAAGACGCTTAAAAGCAATGCTTGAATTAACACTGATCGGCCAAAGGATCTCTGGCAAAAGCAAATAAGCCTCGCCATCATTTGCCCACGCCTGCCACCAGAGACCCCGACCCTGACGTCGCCAAAGGTCCTTGGCCAGGTTCATGCCAAGACGGTCCTGCCATAGACGCGGGGCTTGGCCTTGCGGATCTCCTCGAAAACTCTGGATCAAAGTCATCTCTGTCATCAAGCGAGCAAGTGTCCCTAACCGTTCTGTGCGGCTAGATGACAAATGCCCCTTTAAAAGCAGGAGAACGATCGTTGGGATTAAAAGCAGCGAGCAAATTCCAGCCGAACTGACAGGAAAGCGACAAGGGATGTAGACAATCTTCTTCAGCCTTAAGAGGCCTAGGGAATGCTGAGACATCCAATCGCCCTTTACCTATGGCAGCTGGGGATCAAACTTTCTCATTTGTCTTTTTGCGACGACGACGATCTAGCCGATCAACGACTGAAAGATAAATAACCGAAATGGTCACAAAGGCCAAAAGGATGACAGCTGCTCCGGCGAGAAGCTGATTGCTCCCTAGGCTTTGGAAAGCCTCAGGCACCTCAGAAGTTCAGTGTACCGTCGCCATTACGTCCCCACACGACCATGGCGATAGAGAAACTGAACACAGCCGCCAGTGAGGCCCAGGCGAGAGTGAACAACATAGAAGACGCAAATCAGATTGACTTAGCCTGGTAAGGCTTCAACCATTTTACACGTCAAAGCCTTCATCAGTCATGACGTTCGCGACTCCTGGTACTACGCCACTTCTTGAACGTGCCAAGCAAACTCAGAGGTATCCACAAGCTCGAGTGATCGTGCTGAACGATGATGTAAACACCTTTCAGCACGTCGTTGATTGTCTGCGAAGGATCATTCCAGGCATGAGCGAGGAGAGAGCCTGGAATCTTGCGCATCAAATCGACGGTCAAGGTTCAGCAGAAGTCTGGTGTGGTCCACTTGAGCAGGCCGAGCTCTACCACCAGCAACTGTCTGGGGAGGGGCTAACAATGGCACCACTTGAACGGTGCTGAAACAAGGCAAAGCTGATCAACCTTCAATACAGCACAATGAACTTGTTGCTTTTTGCAAGACTGACAAAAGGCTTTTCGAGCAGCAAGAGCAAAAACATTCAGCGCTCAATGCCTAGGTGAATGTGCATTGAACAAAACCTTTGAAGCGTTAATATAAAAATCACGATTAATCAACTTAAAAGGAACAGGTCCTGATACAAAATGAAAAGGGTCGACAGCCTAAAGAACATAGACAGTTCAACTTCCATCAATAAATACAAAGAAAATCAGCAAAGACTCATTTGTAAAAATCTCAATATTACAATGTTCTAATGGCCCCACGACTCATGCTCGATAGTTTTCAAAATAGTCAAACAAACAAAACTCTCTGAGCTCAAAATACTGACTTTGGTAAGCAAAAGCTGAATCCAGCCTACAAACTAATTCGTAATATAGTTATCGAGGGATTTCTCAAAGAAGAACAATCCTTGACTTTTGGATTAACAATGTACCCAGAATATATCTGAACTTTGAATGAAGATCCTAGCAAGAGTGGGAAAAATAAAATTCACCTATAGTCTCGATTAAAAGGGTTAGACCCCTCTGGGGAACATTGAATACAACCTCGCCAGGGTGGATAGACAACGCTTGATCTATTCATCATGAACCTTGCAGGGAGGGCCTTGACCTGGGAGTAAAAGTAGAATGCCTGGGATCGAAACCACCGCAAGCAAAAATATAGTATTTAAGTATCGCGTCTTAGACAGAGCTGCTTTCACCTTGAGACTTTGGCTAGTTTCGATCAATTACACGAAAAAGTTGCGATGGGTCGAGTTGTAATCACGCACAGCACCTACGTAGAGGGTCTAATTCCATGGTTGAAGGCCCTTGCAGAGGAGAAGAACATTCAAACGATTACACCAGCCGTCATTCGACGCGTCAAAGGTCATTGTCCAGAACTTCGCCTGAGAATTACAACGCCGATCAAGGGTGGTTTCAAACTGGTTGCCAGACTTGGCAGCTCAGCTCAGGAGGTTTTTGTTGTCACAAAATTGGACGAAGGGTCATTATTGAA
CP138946.1_gap44	2130299	2132204	1905	TACGACTGCTGTTGGTGGAGTTGATGCCTGATGAAGCCTGTGACATCACTGTGCAGCACAAGCTTCGGGAATGTCTCCATCAGCATCGCCCAGCCAAGGATGAATTTGGCGTGCGGGTACCCGTGGTGGCAGCGGTTCGCCAGGGTCCCCAGGTGCGTTACGTATGCCTAGGTCATCAGTTCTGCGTTCGTGACGCTTCTGCTGCACTCAGTTCCCTTCAACAGCAAGCATTCAAAGCTCGATGCAGCGACCGACTATTTGTCTGATGTTTGTCCTGATTCTTTTGGCTTGATCTCTGATTTTGAGCCTGGTTGATTAGCTTTGCTTGAATCGCGCATTCTTCCTATGTTGCGACCAATGTGTTCCAGTCCAAGCAGGCTGCCTGGAGCATCTTCCCAGCTAGCAGATAGAACCCCATAACTCAGTCCTATCAAGCCAACGAGAAAGCAGGCTCCTGAACTGATCAGCGTGATGAATGGTGAGATATCAGCAATGCCGCGGGTCACAATCAGATAACTAGCGACAAAAACACCCATCCCTGCAGCAGTAGGCAGACCCGAGGCAAAGATCACGCGCCGCAGCATGCGGTTGGCCACCGGCTTTGGAATGGCCTGCTGACTGCTGGAGGTCGCTTTTGCTTTCTTGATCTTTGGCGATTTGGATCCCTTTTGGGGCAGGCTTTTGTTGGCCGTTCCGCTCTTGTCAGGCCCGAAAGGCATAGCTTTGCTTCGTTCGGCCATCTGCTTAAAAATTAGAGGGAAATCGCCAAAAGGGATTTAACCGCGGATGCCTAGTTTGGTGATCAGGCCGTTGTAGCGCTGTTCACTTTTTCCGCGTACATAACTGAGTAGGCGCTTGCGACGACCAATCATCTTGAGCAGTCCCTGACGGGATGAGAAGTCGTGCTTGTTCTCCTGCAGGTGCGAGCTGAGCTTGGTAATCCGCTCGCTAAGCATTGCCACTTGCACCTCCACAGACCCCGTATCGGTGCCATGGGTTTGGTTGGCGTTGATCAGCTGTTGCTTTTCTGTTGTATCGAGCGACATGCTTGGCGTTTTGCCCTAAGAGACCAAAAAAACAATCTAACTCTTTAAGGACCATTGTTTAGGCAGCTTCCTGACTAAGCCAGCGCAGGCTTGCTCTCAGCCAGGCGTCAGTGTCGTCGATGGCGGGAACAGACTCAGGCATGTCCCTGGCTCCTATTGCAGCACCGCTGGCCACAGCCCTTATGGCACGGCGTATTTCAAGATCTTCGTAACCAAGGCCCCCGAGGGTGATCTGTAGCTCATGCAGACTTGAATCCTTGAGCTGATGCGAATCGATCACACCGTTGTCAACCAGGGACATTCCAGGATCACGACAACTAAATTCAGCCAACTTTGTGCGCAATTCCACCGCAAGACGTTCGGCTGTGCGCTTGCCTACACCTTGAGCCTGACAAAGCTTGCGTAGGTCTCCCTGCACAATCGCCTCTACAAGTTCTCCGGTCTGACATTCCTCTAGAAGAGCGAGGGCCATCTGGGGCCCCACTCCGCTAACACCAATCAAGGTACGAAACATGTCGCGTTCTCGTCGTTCCGGGAAGCCAAACAAGCTGGATCCATCATCACGCTGCACCTGATGGATCCAGAGGATGAATGTGTTTTGCCCGTGCTCCATTTCGCTGAGATGGCGCGGTGCAATCTGAACCTCGTAACCAACACCAGCACATGCCAAAACAACTCCTTGTCGAGTCCCTTGCTGCCAGGCTTCTACTTTTTGCCCTTGCAGCCAGCCGATCATGAGGTTGCTCTTGATGTCATCCATGCTGCCTGATCTGTCCAGCCTCTGCTTGATCGTTCGAGGTCCTGCTCAGAGCTTCTGGAGCTTGTTTTGCTTTGCGTAACCGATCTAAAACTCAATTCC
CP138946.1_gap45	2136569	2140575	4006	ATGAATTTCTCAAAGATCATGGTGCTGGCGATTACAGGGCTCTATTAGATCAGTCACCTCTTTGGCTTGATTGGCAGATTCAACAGGTTTTGGAGGGCCGTGATTTAAGTCAAGCGGATCAGTTCCAGCAGGCAGTGACTGGCCTGGTTGCATTGCTCGGCAAGTTGCCCCAGTCGGCCGTACGGACCCACTACCTGCAACAGGTTGCCGAACGCTTGAGCGGTGGGCAAGGCCGGTTGGCCTTGCAGTTGGAGGAAGATCTGCGCCAGCAAGTGAAAGGGCAGCGCTGGCATGGCCGCTCGAGTCGCCATGAGCAACCTGGCGAGGCCAGTCAACGGGAGCGCAGCGAGGCAGAAATCCTGAGGTTATATCTCCATTGCTCAAATCATCGGGCTGCCATTCGCAGGGAGTTACGACAGCGAGAGCTGGAGGATTTTGCCTTGCAACATCACCGTTTGCTTTGGGCGGCGATCACTGATTTGGAGGAAACCAATCTTGGTGCAGGACGTTTAGAGGCGATCAGTCGAGGAACTGACTCTGGTCATGATTTGGAGGATATTGAGTTACCACGGCTGCTTACCGATCAGTTGCTCCTGGAGAACAGTGCTCTAGTCGCTCGTCTTACCCCTTTATTAGAACCTGGCGAGGTTCATTTGGCTGCTATGGCGAAGCCGCTGCTTCAGCTCCGGGGCACAGCAGCGACTCTAGAACGCCAGAAATCCCTCAAGCGTTGTCGTCATCTTCTTGAGGCCTGGGGTGGTCAGCGTCTTGAAACTCTTGAGCGTTGTATTGCTGCTTTGATTGAAGAAGAGCGACAGCAACCTACTGAATCGGTCGATATGGAAATGCGTATCGAAGCAATGTTTGAGGAGCTCAACAGCGATGCGTTGCGTTTCCAGGAGCTTTATTACAGCGAACGCAAGCACATTGGTCACTTAGATCAGCAGCGTTGTGGTGGCTTCTCAGGCCAGGATGTCATTCCGGCTTAGGTCATCAGTCTGTTGATGCGCTTCACAAGCCAAGCGGCGATATCAAGGAACTTGTTGTCGTGATTGACTATCACGATTCCTGCTTGCATCTTCTCGCCCATCTTTTTTAGCTTTTGAATGCAGCGCTCAGCGAGGCTTTACCATCTACGTTTCAGTGCATTAGCAACAGCTCCGCAGCTCAGCGAATCCTTTGTAGGGCTGTCAGATAAGGCATCAAGTTGTGGAGCTTAAAGATGAAACTCACTTGTGATTCTAAGCAGATGGTTGTCTCTACGGAGGTGTGCTTAGGCCCTTTAACTGCACCATGGCTCTTTAAAGTGATGATCTCTTCTTAAATTTAATGGCATGAGCTTCTACGAAGCGATTTGGCACGGTGAGGGAATTGGTGACGGAGGTGATTTAGAGGAGTCTCTCCAGGCTTATGTCGTGGTAAAACCTGAAGATGGCGACTGGACAGAAGCCTGTGAGAAGGACGGGGCCAACCCTCATGTGGATCACTACTCTTCCTTCGACGCTTATCTTGATAACGCCGATGCAATCGAGACGATTCCGGTAACCCCGGCGATGATTGCAGGAGCTGTTCAACAACTTTCCTCATGAGCGTTGTTTTAATCCGAAGGTTGCTGCGATTAGCCTCCGATGAGTGACGTCCCTATTGCCTTTGCTGGTTGCACGCCGGTGAATCATCTCTGGCCTCAGCTTGTTGAGCGGCTGGGAATGGATAAATCAAAACGCGCAGTGCGTCAGGCGCTTGATTTGCAGAGCATGCAAGGTCATGCTGCAACTTTGCCGGTGCTTTTGGTTGAAACTTGTGGGGTCGCCTTGGCTAGTACCGAACTACTGCGTCATCAGACCGGCCTCGCTTGCCATGGTGAGCGCATGGTATTGCTGTTGAATCGTCGCGAAGAGGAGGTGCAGCTTCTGCAGCAATTTTAAAATGCATGCACCCCCTAATGATCAAATAACAAACCCTCTCTTCTTCATTGTATATCTGTAGACCAGCGATTCTGTCTTGAGATTATTTTAATGGCGTTCAGTCACCTTTGCAGACTTTGCGGAAAATCTGTGCAGATTACTGAAGCATTTGCCAAGAGTATTCAGCGAACGGGAGGGTCATCAATAATTTGCTCTACTTGCCTGGCTCATGAATCCACTCACTTGTTGCCTTCTAGGCCATCAGCCAGGCTCTCAGTTGTTCGTCTAATGACCAAGACTTTTTTCATAGTAACTTTTCTATTTATTCTCACTTCTTTCTTCTCTGCATGGCGCATTCTTGATGGATTGGAGATGTGGATGGAACCGAGCAAATCAAATCCAGCCCAGTCCCCTAACGAATGAGATCTGTTGGCATTCAATTCTAAGTTTCAGGCCAGCACCAACGGCACGTCATCAAGGCGAGTTGTGGCCGCGCGGCTGAGTTGATGACGACGCATGCTCCATCCTGGCTGCATGCCACAAACTGCCCAACCCACGGTTCCGCTGCCGTAACGGTGATTGAGTCGGTCGATGGTGTTCATTAGTCGATCGCGGCGATGCTGCTCATCGGCATGAACTGCTACCAGCAAGTGTTGTTGCAGATGGTCTGCACTCTGTAGGTTTTGCATCAGCACCCCGGCTTTGTTTAAGCGGCAATGGGGCCGGTAGATTCGCTCTACTAGTGGCAGGGCTGCTGCTAGCAAAATTGCAGTGTCGTTGCTGGGCAGATCCAGTTGGATGGTAGCGGCTTGGCTGTAAAACGCTGGCGCAAATGGGCTGGTACGTGTGAATACGGTGAGGATCCCAGCCCGTTGCTGTTGTCGTCGCAGTTTTTCACTGGCGCGCACCACATAGGTTGCGATTGCCTGGCGTAATTCCTCTGGATTGGCGATTGGTCGGCTAAAACTGCGGCTAACGCAGGTTTCCTGTTTTGATGTTGGGGCTAGGGCTAGAGGAAGGCAGGCATAACCTTGTAATTCTCGTTGTAGGCGTATGCCTACAACGCCACAGCGGGCATGAAGTTGGCTACGTGGCATATCGCGCAATTGCCGGGCATTGGTTACGCCTCTAAGTCGGCACCAATGGGCCAACTTGCGACCGATCCCCCATACATTTTCGATAGCAACGCTCTCGAGCCATGTATCTGGATCACTAGCGGTGAGTAGGTTGAACACTCCAGCGTGAGCCGGTATGGCCTTGGCCAGGTGGTTGGCAAGTTTGGCCTGACCTTTACTGGCGCCAAGTCCGATTGCTATCGGTAGGCCCAGGTTGCGATGCACCTGGGCCCGTAGTTGACGGGCCCAGGGCTTTAGGTTGTCATCAGAGGGACCATTGATGTAAGCAAAGGCTTCATCAATCGAGTAAATCTCCAGCTCCTCACAATGGGCTTCCAGCAAGCTCATCAGTCGTTGGCTCATATCGCCGTAGAGGGCGTAGTTGGAGCTGCGCACGACAACGCCAAGTCGGTCCAATTTGTGACGGACCTTGAAATAGGGCGTGCCCATGCTGATTCCGAGAGCACGCGCTTCGGAGCTGCGAGCAACAATGCAGCCATCGTTGTTGGAGAGCACGACCAGAGGACGACCGATCAGCGAGGCGTCAAGGCTTTGCTCACAGGAGGCATAGAAATTGTTGCCGTCGATCAGAGCCGTGACCCGAGACATGGCGCTGAAGGGAAGCGAGCGAAACTATGCCCTACTCTAATACAAATGCACTAGCGCCTGTTTGATGGCGAGAACGTGCTTTGCTGTGACAGCCAGTCGCAATGGTTGTCGTCAATGTGGCGAGGAGAATGTCAATGCAGACTGGCGGCCAATCATTACTTTGATTGGTTGTTTGGCTGCATTGGTCTTGCTTGGCTGCATCAAGGTTTCCAACCTCAAGCCTGTCGTTGTGACCTAGAAACCTTTTGCAATAGAGGATGCTGGCTCAATGGCCGGCTAGGCGTAGCCGAATCCCTAATAATGTCTACAAAAAGTCGTCTATGACGTCTTAGCTGAACCTGGCCACATAGGTTGATTCCATGTTATGAGCAACCGCGT
CP138946.1_gap46	2153344	2156644	3300	ACAGGAGCCAATATTGCAGGATTTACGAAAGTTGCTGATGCAATGCTGGCTTATGGAATTGTTTGATTTTATATCAGTGAATACATATGATTATGTTCGGCTGAGGTCGAATCAAAAGGGACAAGCAAAGTTTCATGATTTTTACACTCTGTGTATCGGGTTGATGATGATAGAACTTTAATAATCTCTCTTTTTCATTGTGCCTGCATAGATTGCAAAAAACCAATAAAAATACAGATTTCCTTGAAGTCGTTATTAGATGTGACCGTCAATATCGAAACACACTCGATTGAATTCGAATTGACGCCCTTACATTGATGCTGCTAATTAAAGCAACTCAATCGATCAACAGGGTTGTGTTGATTTTTTTAGCTTGAATCAGAATTGGACGGTAAAACCAGCAGAAGCTCTCCAATCGATGTTTCGGTTGGATGAATCCCAGATTTCAACGCCACCACGTGCATAGACCTTGAATCATGTGAAGCCAATGTTGTTAGTGGTTTAATCGAGCCCGGATTCCAAAAGCACTCCATTTTGATCGTCTTGGTGGGATGAGCAGGAAAGGGTGTTGTCGGTCTATAGATGAAGCCAATTGTTTGAGCTGAGTTGTTTTGATGCCAATCAAGAATCCATGCAGTGCGCAGACTTGGAACAATCAGGGATCTATCGCCGCTTTTGATTGGAACAGCGAGTTTGACTCCGAGTTTTGTCTGCAGCTTTTTTTGATCTTCAATCAATTGCGCCGCCCTCTATACCGATTGGTGCAAAGTTGAGGGATGGCCTTTTCCGGACATCACGCTCGCAAGCGCTTTGCTCAACACTGGCTAATCGATGCCGCTGTGTTGACTCAGATTCTCGATGCAGCTGATGTTCAACCAGATGATCGTCTGCTGGAGGTAGGTCCTGGTCGTGGAGCACTCACTGAAAGGTTGCTGGCCTCTTCTGCCTCTGCTGTTCATGCTGTTGAACTTGATCGCGATCTGGTCTCTGGGTTGAGGCAGCGTTTTGCAGATCAAGCCCGCTTCAGCTTGCAAGAAGGTGATGTGTTGTCTGTTCCATTGACTCTTGCTGATGGCCGTGCTGCGACCAAAGTGGTGGCCAATATTCCCTATAACATCACCGGTCCTCTGCTTGAGCGTCTTCTCGGTCGCTTGGATCGACCTGTTGATCATCCCTATCAACGCCTTGTGCTTCTTTTGCAAAAGGAAGTCGCTCAACGGATTCGTGCCTTGCCCGGGCAGAGCTGTTTTAGTGCTCTAAGCGTGCGCCTGCAGTTGCTCGCTCGTTGCACAACTGTTTGCCCAGTGCCGCCGCGCTCTTTTAAACCGCCGCCGAAAGTTCATTCTGAGGTCATCTTGATTGAACCTCTTGCTCCTGAACAGCGCCTTGAGCCACTGCTCGCCAAACGTGTTGAGTCTTTGCTGCGTCAGGCTTTTTTGGCCAGGCGCAAGATGCTGCGCAACACTCTTGCCAAGGTTCTTCCTGCTGCTGAACTGAATGCTCTGGCTGATGATCTTGGCATCAGCCTTCAGCAACGCCCCCAAGAACTGTCCCCTGCCACTTGGGTGGAATTGGCGAGGGGTTTGAATCGGGCGGATCTAGTAGACCCTGAGCCATGAGCATATCTAACCCTTCAGCTGCTTCAGGGCATCTGGTTAGCGTCTCGGCGCCAGCCAAGATCAATCTCCATCTTGAGGTGCTTGGCCTGAGGTCTGATGGTTTTCATGAGCTAGCGATGGTGATGCAGAGCATCGAACTCGCTGATCAACTTCATTTCCGCAATACGGCTGATGGCAGCATCAGCCTTCGCTGCGATGATTCCAGCCTCAGCACTGCTGGCGACAATTTGATCGTGCGAGCTGCGCATTTATTACGCGAGCGCTCAGGGTTCTCTGACCTTGGTGCCGCGATTGAATTGCAAAAACGCATCCCAATTGGAGCTGGTCTTGCGGGCGGCTCAAGTGATGGTGCAGCAACACTGGTGGGGTTAAACGGTCTCTGGAATCTCAATTTTTCTCAGGGTCAACTTGAAGGTTTTGCGGCTGAGCTTGGCTCCGACATGCCCTTTTGCCTGGCAGGTGGAAGCCAATTGTGTTTCGGCCGTGGGGAAAGGTTGGAATCGCTACAAGTGATGAAAGCATCAATGGCCGTGGTGTTGGTGAAGGATCCATCAGTGAGCGTTTCAACCCCCTGGGCTTATGGACGCTGTAAGGAACTTTTCAGTAGTCGTTATCTTTCAAAGGAATCTGATTTTGAGCAACGTCGTCAGCAGCTCAGAGAATCTTCTTGGCTGAATCCTTTACGGGCTGATGATCCGCCACCTCTGCGCAACGACCTTCAGAAGGTTGTTGCACCCGAAGTTTCGGCTGTGCAAACCACTTTGAAGTTGCTCACTGATTTGCCTGGTTCTCTTGCAGTATCGATGAGTGGATCTGGTCCAAGCTGTTTTGCCCTTTTTGCTGACGTTGCTTCAGCTCAGGCTGCACTTCAGCTCCAACAGCCTGCCTTCGCCGCAGCTGGTTTAAGCAGTTGGTGCTGCGCGTTCCGCTGTGAAGGCATCAAACTGGAAGCATGAGCGATTCCAAAAACAGCTCTTTCGAGAAGGCAGATGCAGAGTCATCCAACACATTGGCAGAGACGCCTGCGACACCACGTAAGGGCCCGCTCAGTTTTCTTTCTGGGGCGATCACCAGTGGACTTTTTGCCTGGCTTTGCCTGATTTTGAGCCAGAAGACAGTGACTTATTTCGCTCTTCATTCGCCTAAATACAGCTCTGCGATTGCCCAAAGCATTGCTTCGGGGTTTAAAACCCTGATCATCGGCATGTGTTTTCTAGCCACATTCAGCTTTGCCTTCATTGGTTTTGGACTAACCCTTGTGTTTATTCGCAGTTTGTTTGCTGGCAAGGAGCCAGATGCTGCCTAGCTTTTGTGGGTTGACAGCCTGATTGCCGATTCAGGACTTCTACAGATGACCCCTCACGATCTTGGTCAGTTGGTGCTGTTGCTCTCTCCTGGTCTGTTGCTGTCCGTTTTGCTGCTTTCAGCATTTGCCGCAGGAGGCTAATGCTGCTCAGGCTGAGATAGCTTGGCCTCTTCCACCGGCATGGCCGGGATTGCAACGAAAACGTGTCAGGGACGCTTCTCTTTAATGCTCTTCGAGATGCCATCGATGAAGAGATGGCCAGAGATTCGCATGTTTGTGTGATGGGAGAGGATGTCGGCCAATACGGCGGCTCCTACAAGGTCACCAAGGATCTCTACGAGAAATATGGCGAGTTGCGGGTGTTGGATACACCGA
CP138946.1_gap47	2165395	2168944	3549	CGGAACATTTAATTTGGGCGAGACAACCATAATTCCAAGTATGGGCATTGATTTTCCAACTGGTTTTCCAGGTGTTAGCACCAATGGAACATTTGCCTTAAATTTTAAATCAGATATAACAATCGGCGATGAAATGAAGAGTAAAAAGGTTGAGTTTAATTTCAATCAGGACTTCGTCGCAAGACTGAGCATGAGCTTATTAGGTGGCATGAGTGCTGGTCAGCAAAAAAATGCTCTCGAGGGATCTGTATCAGTTATAGGCGAATCTGATCCAGTGACTGGCCTTGAATTTAGTGCGGGATTGATCCCAAAGATTGGCGCTGGTATCGGCTTAAAAGCACCATTTCCACCGACTGGATCCGAGTTTAAGATCGCACAAATCAATACGAATTATAGATTCCCAACGACTTTTGTTTATGAACCTAATGACCAATATATTCAAGTCCAAAATATCATAAGTGCAGATGCTGTTATCTTGGATATACCAGTTGTTAATCCTGGTGGCAAGCGGATTGAACTTGGAGAAATAATGTTATCAGAAACAAACTACCCTCTTGCTTAAGCACTACTGAATTAACTTGTATTTATCAAAATAGATTAGAAGGCTACTATATTGTCAATTTAAGGGCTGAGTGGGAGTAATTATTTTTAATTCAGGTACTTAAATACAAGCAAAAACAATTTAATATGATATGAATTATTTCTTAAATGCTATCATTTTGCGATTTCGGTCGACGACAAGCGAGCTGCAAGCGATTGCCACGCTGGCTCCAGCGCACATCATCAAAACACTGATAAATCAAAAACATTCCACGTCCACTATTGGCTTCAAGTTGAGCTGGAAGGCAACCAACTCGAGCATTGAGCGGTACACCGATCCCTTCATCCTGGATCTGCCAAATCATCCAGTTAGGCGTAAAGATTCGACGAACTCGCAAAGTTTTACCTGGATCACCGCAATTGCCATGTTGCACTGCATTCACCAAGGCCTCCTGCAATCCCAGCTGTAGGCGATAGCTGGTGTCCTGACAGGCAACAGGTTCAAGCAGGATCTCCAGCAAAGGAGTGAGCTGCAGGGTTGAAGGAAGAATGAAATCAGCCCAACGAAACAGCGGGGCCACCCCCTGGGGGCTAACGCTGAATAAAAGCCTAGAAGCTGCCCGTGACCAGGAAGGCATCAGGACCATTCAGACCTTTTTTGACCATAACCGTTCGCGTGCTCTAGGCCGGTGCCTCAAGCTGAAATCTGCTCTAACGGCGGGCTGCAAGTGATGGATGATGCAGCACCGCATCCATTAAGCGCACACCACGTAGCTGATTAATTAAAGGCATATGCCCCTCAGGGGCAGAGAGAGACCAGGTAAAGGAGCCTGGATAACGTGTCCATGTTCCATCCTGTTTCCATCCAATACGAGCCCAAAGGCTGTGATACCTGCCATCGAGAGCATTCAGCAAGCGCGCTTGGGTCGTAAACCCAAACCTTCCTTGTGAATAGGCAGTCCAGAGACGATCGATTGTGACCAGGTCGAGGCCATTGATCGCATGCACCTCACTGAAGTACACATAACCGCGCTGCTCGGCTCCAGGTCCTGCGAGCTTGCGCAGCGTTGCACTGGTGAAGCGATCAGCCTCCTCAAAGTTTTCGGCTAGTAGCTCGCGTTGCAAAGGCTCATAGTCGATCCCAACTGCTGATGGGGTCGAGAACCAGCCACTCGACTCACTGCTCAACAGGCTGGGCAAAACCTGCGACTGATGACGCTGAAAAACCTGCAGAATCCATCCTGCAGCCCAGTCGTCTCCCTCTGGGTCAAAAGAGGCAAGAGCTGCTTGAGCTAATGCAGCCAGCTCTTCTGCCCGTTCTTCAATCGTTGTCACCAAGCTGAGCCGTTGACGCTTTGAACCACTGGTGAATCGTTCCAGTAGTTCTTCAACGCTCTGGTTGGTGGAGGGGGTGGGACCGGAGATCATGGATCGAAACCGGCTCTTCTGGCTCGCCGCTGGCCCACTATGTCAGGAATGGGTACCCATACTCCTTACTCGATCGAAAGATTCCGTCAGGCCAATGGTCCTGTTGTGGACGTTCGCAGCCCAGCTGAATTCAATAAGGGACATTGGCCAGGTGCGATCAACCTTGCTCTCTTCAGCGATGAGCAACGGGCAGCGGTCGGCATCACTTACAAAAAAAAAGGTCGTCAGCAAGCGATCAAGCTGGGTCTTGAGTTCACAGGCCCAAAACTGTCAGGGCTTGCTGAAGCCCTGGTGAAAATCAGCAGAGATCCAACCACTGAATCAAAAGACACCTCTGCATCTGATCTACGCATTTACTGCTGGCGAGGAGGCATGCGCTCTGCGAGTGTTGCTTGGCTAGCGGGTCTTGTGGATCTCAAGCCTGTGCTTCTGGAGGGTGGATACAAGAGCTATCGGCGATGGGTGCTGCAACAATTTGAGCAAACCTGGCCTTTGCGATTACTCGGTGGCAGAACAGGCACGGGCAAGACTGATCTGCTCATTGCCATGGCACAACGAGGGGTCGCTGTCGTCAACCTTGAAGGTTTGGCAAACCATCGGGGCAGCAGCTTTGGTGGGTTGGGCTTACCACCACAACCAAGCACTGAACATTACGAAAATCTCCTTGCCGAATGTTTACAGCGCTGTCAAAACAGTTCTGCAGATGAAATCTGGCTGGAAGCGGAAAGTTCACAGGTGGGTCGCTGCAGAATCCCCCGAGCACTTTTCCATCAGATGCAAATGGCACCAGTGCTGGAGATCAACCGTTCACTTGATGAACGGGTTGCTCAACTGGTTGATGTGTATGGCCAGCATGGCCGTGAGTCTTTGCAGGAAGCGACCCAACGCATCAGCCGCCGTTTAGGCCCACAGCGAACACGACAGGCCTTGGATGCAATCGCTCTTGAGAACTGGGACCAAGCCTGTCGCGCCATGTTGGATTACTACGACCGTTGCTATGACTACGAACTAAGCAGGACCCCTCAAAGACAAAGCGTGGATCTTTGCGGACTGAACACAACCAAAGCCGCTGAGATGTTGATTGAACGAGAGCTTGTCAGATCAAGCCCCAAGCCACAGCTGGTTATGAACTCAACGTAAGATCCATATCTTGTCGTAGAGATCAATGGCTAACGCGAACAAAACTGCGGCAATTCAGTTCACACGTGGTGTTGATGAACCTGTCGTTCCCGACATCAAACTCACACGCAGTAGTGACGGCCGTACCGGCAGAGCTCTTTTTGTCTTTGATCAGCCAGAGATCATGGCCCCGGAAACATGGGCAGGCATCACCGGCATGTTCATGATCGACGAAGAAGGCGAACTCGTGACACGTGAGGTGAATGCACGTTTTGTGAATGGCAAACCAAGCGCACTTGAAGTCACCTACATCTGGAAATCAGAAGCGGATTTTGAACGCTTCATGCGATTTGCTAAACGCTATGCAGCTTGCAACGGTCTGGGCTACTCCCAAAACTAAGGGGAGAATGCAAAGGCTGGCTGCCTGAACACGGGTGAAATTCTCCCAATGGCTCGCTCTGG
CP138946.1_gap48	2176276	2180795	4519	GGAAGACCATGCTTAGCCGTTGTGGCGACAGCAGGCACGACTGTCCAGGGAGCTGTAGATCCCTTGGTAGCGGTAGCAGAGCTATGCAGACGCGAGCGGGTCTGGTTGCATGTCGATGCAGCCATTGGAGGGGTCTTTGCTCTAACAGCAGCCACTGCTTCTGTGGTTGAAGGAATCTCTCTAGCCGATTCGATCACAGTGAATCCTCAAAAGTTGCTTGGGATCACTAAGACATCATCCCTATTGCTAGTTGCGAACCAATCCCATCTTGCTTCAGCCTTCTCGACTGGCTTGCCCTATATGGAACCAGCCTGGGGAGACGGTCATGGAAGTGAAATTGGCCTTCAAGGAACTCGGCCAGCAGAGGTGCTCAAGCTTTGGTTGGGTCTGCGTCAGCTCGGGGAGCAGGGAATTCAGAGCTTGCTGGAGGGGGCGATTCAGCGTCGTCAGTCGCTCGCGCGTCAACTCGATGCATCCAGGTTCATTCTTCTCAGCGGACCATTGCATCTCATTGCCTGTACCCCTAAGAACGCCGATGGAGATCAAGCCTCAGTCTGGTCATTAGCAACTCGGCAAAGCTTGCTGGAACAGCAGTTGATGGTGTCAAGACCCTTGCATCATGGTCGTCATTTCCTCAAGGTGGTCTTGGGCAATCCCCATACGCAATCGATTCATCTCAGTCGGTTGGCAACTCTGATGAATCAATCTTTGCTGGGTTTGCGCTAATGACTTCATCACCCCCGCGAGGTCGCTGGGTGGCGATTATCACGACTGTTTTATCAGTAGCGATTGGATTGTTCTACCTGGCTTTGATCACAGTTCTGGATGCCCGAGGTCCGATGCGTCCGCCACCCCCCGAGGCCCTGGGCGTGGCGGGAGCTGTCGCCGTTTCTCCCGCTGAAGAGGCTCAACCACCCGCCGCAGGGCTGTCGTGAGAAAACGTTCCAGCGAAGATTCCCGTCGGTTGAGATCGTAGTGACGTTGCACCACTTCCTGCATACCGCCATCCCCCCAGTCTTGATCCTGCTGGAAGTAGGTAATGAAACTGGCTCCAGCAACGCGTGTGAGCCAAGCAGCAGCGACCCCTTGTACCGCTCGGCCCAGCAACAGGGTGGGCAAGTTGACACTGAGAGCTGTGCCGATGATCGCCACTCCACCTTTAACAATGCCAAGTCCTGCCAAAGTGCGTCCTACTGATACCGCCAGTTCTTGTGCTCGGTTGCGAGTGAGTTGAACTCCATAGACACGGGCGACCTCCATCACCATTTGGGCATTCACCGCTGCCGTCCCCAATAGATCCACTCCTGGGAGGGGGGTTGCAGCGACAACACCACCACTAATCCAGCTGTAACGATCAACACACTGACGCGCTTCATGCTGGCGTTGTCGATCCAGCAGCTGGCGACCGGCATCTCCCAGATGGCGACATTGCAGCAGAATGTTGTCTGCAAGCAGTTCTTCACCATCGGCATGTAGCACTGACGCAAGGCGACGCAGCAGGTTGTCGACCTCAGCAGGAGGCTGCAAAGGTCGTTTGCCGGGCCGCGGCAGTGACTGCGGTGCAGCGCTACAGGAGATCACATCCTCAGCTTCAAGCAAGCCCTTGCATCGCCCTCTCAACTGAGCCAAAAGCCGTCGTTCCTCTTCTTCACCGCGAAGATCGCATTTATTCAGAACTAGGAGCAATCGTTTGCCGAGATTGGCGAGGTTACTGATGACCTCCAGCTCTGAAGCGCGTAGATCACAATCCACAACCACCACCATCAGGTCAGCTCTACTGGCTCGTTGCCTTGCTTCCTTCTCTCGGCTTAAACCGGCTCTGCCTGCTTCAAGAATTCCTGGGGTGTCAGCCAATTGAAGGCCTCGATCAAGTCCCTTTAAACGCAGTCGATAAATCTGGCTACTGGTTGTGGATCCCATGGGTGCACCAACCTCACCCACCATTTCGTTCAGGAGTGCTCGGATCAGAGATGTCTTGCCGCTGGAACCAGTACCGAACACCACCACCATCAGATCACCACGGGCCAGTTCATCAGCCACCCTTTCTCTCTCTTGCTTAAGCCCTTCTCGAGTGACCTCGTCTTTGAGGCGTTCAAGCAGGCGATCAATGTTTTCAAGACTTTGCTTGGCTGCTTGATGACGGCTACTTGGAGGGGAAAGGGGCCGTTGATTGTTTTGAGCAGTTTCTAAGTTCTGACGCTTAAAAGCCTTCCACCAAGGCCATCCAACCTGATAGATCATCAAGATGATGAGGCCTGCTGTTAGTAACAACACCGGGCCTAGCAACCAGGGAGGTAGTAGGTAACTCAAATCCCAGAGCAGGTTCCTCACCACTTGCACTAGAGCTCCGATGACTAGCAAGACCACCAGCGCGCAGGCGGTCCATAGGAGCAGCCGCTGACGGGAGATCATTTGTTTGTCATGCTTCCGCTGGCCTGCAGGTTCAATGATCTTTGACCAGAAAGACAGCGTCTGGGATCTGGAACTGTTGGCATCATTGCTAAGCCAGAGACCAAGAATTTGTATCCGCAAGGCTCATGGCCGATCAATAGCAGATCTGTGGAATTAATGGTTGTGCCGGTCTTGCCATCTTCCATATCGCCAAGAGACCTATTGCACTGGTCCAGTTCATCACCACCATTTAAGGCATGCTCTGAATCTGCCCAGACCAGCAATTTTGATGCTTTCGCTGGCTTTATGCAGGAATGAGGCGAATAGGTCATTCGATCCTTGAGGATCGTGAAATCTTGATTTGATCGGCGTCGCATCATTCCAGCTCTCGACCCCTCCTCAACGCCAACAACGTGCATTGGTGGGTTTGAGATCATCTAGAGACCAAATGTTTGTCTTGATGATCAAGTAAGGGCAAGCGCCATCCTTACGTTTCCACTAAAGCGGCAGCTATCGCTTTAAAGAACAACTTTTCGATCGGGTTGACTGATCTAATTGATGATCACTCCAGCCATGGCACAACGCTTAGGTGTGTTGTTGTCCATGGCGTCTTGTCAGGGCATCGATTCCGAAGCAGATCACGGCCAAATTGATCGCCACATCGGCTCCATTGAAAATCGGAAAGTCCACCGGTACAAGTTGCAGAAAGTCGGTGACGTGCCCTAGACGCCATCGGTCCAAGCCATTGCCGATCGTTCCGCCGAGCAGAAAGGACATTGCAAGGCCTTGCCATATCGGCATCTGTCCTGCTCTCCAAATCCAGACCATCAAACCAATGGTCACAGCCAGGCTGAGCAGCCCTAAGAGGAATGTTGCTCCATTGAAAAGATTAAAAGCTGCGCCTGTATTGCTGATCAGACGCAACTGCAATAGCCCAGGAACAAAAGGGAGTACGAAGCCTGAGCTGAGTTGTTGACGGGCCCAGCTTTTGCTGATCTGATCAATCAGCATCAGCAGGATGCTGATTAGCAGCATTGCCCTGCGTGATAGTTGACGTTGCTTCAGTATTTGAGGTTGATTCATTCAACAAACAGCAGATTTCGCAATGGCAAGGCAAGTACGCCAACGCCTGCACAGAGGACTAGTTGAGCGGGTAGGGGCCCAAAGGTATAGCTAAATAGCAGTTCTGGAATGCGATCAGGCCATTGGTATAGGGCAGATCCGATAAGCAGATTGAGTACGCCGCAAAGTTGGAGCATGATCAGCCCCGCGATTGCTGCAATCGTCAGGCTCAGTACATCATTCATGCCTGGTTGCTGGGCCAGACGACCACTAAGCCAAGCAGCTGGAACGAATCCAGCCAGGTAGCCAAAACCTGGTGTCAGCACATAATTGAGGCCTCCACCACCATGAAATACGGGTAGGTCAACGAGGCCAATGGTGAGATAAGCAACTGCAGCGATGACTCCAGCACGCGGACCGCATACGAGTGCACACAGCAATAGAGCTGGCACCTGCCAAGTACTTGGAAGCGTTAACACGTGCGGTTGTAAGTCAAGGCCAGGCAAGAGCAGCGCAGCAGGGATCAACCCTCCTACAAGGATCATCATCAGGCCGGCGAGGGCGCCGCTCCAGGTGGCCAGGGCTCGCAAAAAGGGTTTTCAGCTAGCTCCATCCTGCAGTAGGAGAGAGGCATTGCTCATTTCTGATGGAACCGATTATTGGTCAACAGGTCCGTTTAAAGGTGCCCTTGCCTTATCTAAAGACCGCGGATCCCATGCCAATGCTACGGCCACCGGATTTGGTCTCCCCAGAAGAGCTTGGCGAGATCGTTGGCCTGCGAGCCAAGGACATGGCTGTTGTGCGATTTCGTCATGGCAGCTTTCTGATCCCACTGGATCGCCTGATCTTTGACCTTTCAGATGTTGATGGCGCAAAGGGGGATTAAGAGCTTTGAACCACTTGCTGTTGCCAATCCTTGGCAAGGATTTGAAGGCTGTTTTCTGGGCCACAGAGACTTAGCAAGGGCATTCTTAGATGTCGTTGAGCTGCCTTTTGCAGAGCGCTTCCATCAAGATTTTTGATTGCCTCCAAGCTGTGCGGGTCATAGTTGGCTGGCAGCCCTAGT
CP138946.1_gap49	2253093	2254848	1755	GCTTCAAAGTTTCCTTCCACCTCTTTAACCCCCACCAAGAGCAGGGAGGCGCCACGATGTTGAAGGGCATCGCAGGCGCCTTCATCCAGCTGAAGGGTCCCTAAGGGCTTCAGGGCATGGGCCAGCCAGATCTTGCGATTGCCGAGAGGTTGAGGGTGAGGATGAAACACCGTGCCGCTCCGTCTTCCTTGCAGCAACCCATCAAGCACTTGAGGATCGCGGCCATCAGCAAGAAGAACGGTGATGCCACTTGCGGTAGCGATGCGAGCTGCCGCAAGTTTTGTAGTCATGCCCCCAGTGCCCCAGGCACCTCCCTCCCCTGCCGCGACTTCCAGGGCAGTCAGTTCATGGGGATGGTAAACATCTGAGATCGGTTCGGCAGAGGCATTAATGCGGGGGTCTGAGGAATAAAGGCGATCCACGTCGGTGAGCATGATGAGCTGATCAGCCTCCACTGCGGTTGCAACAAGAGCTGAAAGGGTGTCGTTGTCGCCGTATCGCAATTCTTCCGGAGAGAGGGCGTCGTTCTCATTCACCACCGGCAGAACGCCCCAGTCGAGCAATTGCTTCAAGGTGCTAGAAGCATTGCGGTATCGCTGCCTCGAGCCAAGATCTGAGCGGGTGAGCAATACCTGAGCCACGGTGTGACCCCTTCGGCTCATGGCAGCCTCATAGAGAGCCATGAGTTGTCCTTGACCGATCGCCGCCGTCCCTTGGAGAGCCACCACATCGACCGGTCGTTGGCTTAGCCCTAGACGATTACAACCAAGACCTACGGCGCCACTTGTTACGAGGACAACATGATCCCCCCGCTTGAGGCTTGCTGAAAGGCAGGCGCTGTAGCTCTCAATCACTTCGGCGGTGGATTGCTTCTCATTGCCTCTCAGCAGGCTGGTTCCCACCTTCACCACCCACAGACTCATGTCTGTGGGGCCCCTAGCCATGCGGCAAGTTTTTGTTCAAGACGCTGAACTCTGTTGTTTTTGCAGGGGTAGCCATCGGCGCGTAGTGGTCGAACTAGAACGGTATAGAGATCAAGACGGTTTCCGGCTAGCACGTCAGTGAAGATTCGATCTCCCACAATGGCAATCTCTGTAGGTTTGCACTGGATCTGATTGAGTACCTTTTGCAGTCGGGCTCTGCGAGGTTTCGCTGCACTGCAGGTGAAGGTGAGATCTAGTTGCTCAGCTACCGAACCGATACGTTTTCGAGAGGGATTGTTGCTGAAGAGGTGAAGTAATAAATGGCGTTGGGCTTCCTTAACCCAGCTTGTAACGGATAGCGGTAATTCAATCTCACGCCCGGGCAGCAAGGTGCGATCAACGTCAAGGATCAGGGCCTGCAGGCCCTGATCCAGCAAGTGCTGGATCGGCAGATGGGGGAGGGTCAGGCCGGGTGCCCAGTTTGGCTGAAGCCAGTGTTGGCTCATCTGATCTACAGCTCCCTATCTTCGAGCTCGACTTCAATACGTGGCTGAACTTGATCGAATTCCTCTCCTTCGACAAGCTTTGCTTGACCGTCGGTCATGCGAGCCACAACGAAGAAGGGATCCAGAGGGATATAAAGGCCATACTCCTGCTCTTGAACCATAAAACTAACGAGTAATTCATATGTCTCGGAGTCGTCATCGGTTTCCTCATCTTCCAATTCTTCTGGATCGGGTTCATCTAGTTCACCGTTCACAGTGAGTGTTACAGCTGAACGAACAAGAGTGAGGTCGTGTTCTTGCAGCACGACATCGGCCACTGAAAGGAT
CP138946.1_gap50	2256687	2259206	2519	GGCGTGCGTTCATTGGCATTACCGGCTGGGTTCGGACGCAGAGCTTTCTTGAGAAGGGTTTCATCGCAACCATCACTAGAGGCCAGAACCTTCACCCGGCCGAGATCATTGACATCAACGATGGCAACGCCAACTCCCAACTCAGCGGCTGCTTGTCTGCAGAGCTTTGTTGGCGCGAGGGGCCCAAGCACGATCGTTTGATCGTATGGAGGAGTGGTTCCTGTGATGTCATCAATTAGACGTGCCTGTTCGCCAGCAAGTCGATAGAAGCCTCCTTTGATACCTAGCGTTTTCAGAATTAGGCCAACGATCCATGCCAGTAGCACTCTGGTTGGCCCTACCAGATTAATTAAGCTCTGTAGCCCACAAGCAGTAGCAAGACTGCTTGTGGGATGAAAGGCTCGGCAAAGGAACCGGGCGAGCCATCCAGGGTTGACTGTGCTCGGGTGGTGATAGCGCCCTTGCATAATCGCCACCGGGGTTTCCCCGATCGTGAGGACATCTCCGGGGCGTAGATGCGGCTTGGCGTAGTCACGCAAGATCTCAACAGTGTTATCGAGGGTGCCAAGCAAATGGGTTTTCAGAGGTAACACCTCACAGCAATCGCCAGCTTGGAAGCTGACTTCAGAGGGTTGGAGAGGTTCTGGCTGATGGAGTGGCACCAGGACACCCTGACGACGCTTCAGCCGACCAAAGGGGCCGTAGTTCACCCAGTTGACATCTACCCAAATGCTGTCAGCACTAGTTTTCAAATCGCTGCTTTTGCTGTTCTGCAGGCGCAGGTTCACCTGCACCCTCGTGCTTTTGTGGCCTTTGACAATGTAGGCCGCCCAGTAACCATCATCGCGAGCCTTTTCATCTGGATGATGTGGGGTGATCTTTGTGCTCAACTTGACTTCACTTAGATCGGCTTTGCCAAGCAGAACAGGGTTAATTTGCAACTCAGGCACCATCACTTCCATGCGCGGATGGGGGTTGCTGATCTCCAGCCAGATTTCTACATCAAGATCAGAGTTGCTTTGCTTGACGTTGAAGTCGAGCGCCTTGAGGCTCAGAGGGGAGGCGGGCCTCAGGCGATGCCTCAGTTCGAGCCAAAACACACCAAGACCAAGCAGTAGGAGCAGCTCAAGCAGGCAAGTCATTGGAGCAGCCGGCTTACTAGACCGGGGGACCTGGCGCGCAGCGTAAAGGGTGGTTGATGCTGATAGCAGTACTTTAGCGCCTTATTCTTTCACCATGAAGCTGTTGTACTCATTGAAGCTGTCGATTTTAAGTGAATCAATTGGTTTACTTAGGCCTGTAGCAGTACTGATTGCATCATTGATTTCATCGAGTGAAACTTGGCCTTCTTGATCGAGTAGCACCTCACCTTGACCATCGATCACCACCACTTGAGGGATGCGTCCATGCCAGTAATAAGACTCTTCTTGGGGATCGTTGCTTGTTCGTCCTTGAAACTCGTCTGTGGTCAATGGGATCAGATCAATGGAATCTCTCCATATCAAGTTAATTGTTGAAACCACAGGAGAGAAAGCCTTGCTGACGGCGCTGTCATCGAGATAAAACACGATCACACTTGTGCGCTTCTCTCTAAGGGCTTCGGGAAGATTTGTTCCTTGCCCGTAACCCAATGAACCATCACCCGCATAGATCGGAAAGATGTTGCCGTCGTAGGCATCGTCATCTCGGATGGCTTGGACTGGGGGCACCATCAGAAGAATGGCCAGACCCAAGCTCAGGAGTGCTTTGAGCAGATGGGTCATGGGCAGTACACGGAGATGTTTAATGCTCATTTTGGCGCTTGATTGCCTCGAAAGTGTGGGAATTAGCCACCTCTCAGGCTGCGTCCCATTCCCTGCGCGATTCCTCGTCCAACCAGACCAATAGCACGGCCTAATACCTGCGTAAGCACGACCACCATGAGATCACCGATGCGTTTGATCAGGGATTGCATTGAGGGTGCCAGAGCATCGCGGGCTTCGAGCAATAGAGCAACTTGCTGCTGCCACCAACCAAGCTGGCTGAGTTCTTCATCACGAGGTTCGGTGAGCAGTAATGGCTCGATAATGCCGTCTCGCAACCTGTAGAGGAGTCGTTTACTTTCGTAGAGCTGGATTGGTCTTTGAATCCAGTTTTGCCAACGGGCCTGACTATTGAGTTGATTACGCAATCGCTCGAGTTCTCGTGTGGAGATCAAGTGCTGGTTCAGTAGGAATCGGCGTAGTTCGGGCCACTCCCCACAGGTTCCGAGAACTTCGGCACTGATTATTTCAGCGGTTCGTACGAGCCAGTTACCCACCAACATTTCGAGTTGCAGTAAGGCTCGAGGGGAATCTGCCGGCAGCAGCTGCCCCTCAACAAGCACGGGTCTGTCGAGCAGCAATGGAGCCAGCATTCTCTGGGGGTCTGGAAGTTCTTGATCAATTCCCTTGAGATCGGCAGTGGCAAGCAATTGATCTGCCACTTGTTTGAGTTCACCACCTCGAGGAAGTCTGACGTAATTACCTGCCATAGATCGC
CP138946.1_gap51	2269525	2274152	4627	ATTATGGGTGGGTTGGCTTGGCAATCAGCCTGTCGGTTGCATTGCTGGAGTTCGCTACAACGCCGCCTATGGCTTCATTGGATTGTTCCTTGTCATTCCGGAGCATCGAGGTCATGGGTATGGAGTTGAGCTATGGGAACATGCTCTCGAGCATCTCGTTGATCTTCCTTGCGTTGGTTTAGAGGCTGCGTACGATCGAATTGACGACTATGCCGGATGGGGTTTTGCAATTTCATCGCCGACAACTCGCTGGCAAAGGATTTGTGATGGCAACCTGATTGACGACGATGACTATTCCAATGGCGAAGGGTTGCAACTGCTTGAGGGTGATTCGATTCCCGCGATGGCTGTGCAGTCTTATGACGCCATACGTGAACCCAGCCCCCGCCCTCACTTCCTTTCCGATTGGCTTCACCATCCTGCCGGTAATGTGTTGGCCCTGGTAGATGGCAACGATTGTTGCCATGGATTTGGCAGGATCCGGCCTTGTTTATTACGTGATGGCGAAGGCTGGCGGATTGGGCCGCTATTGGCTGATAGTCCGCAACTCGCGGAGCTGTTGTTGAAGCGTTTGATCCAACGCCATCCAGGTGTGGTGATCTTGGACGCACCTGGAGGAAACTCTTCGGCAGAGCCCCTGCTGAAACGACTTGGCTTCAGGGCTGTTTCTCAAACTTTGCGCATGTATCGCGGAGAACAACCATCTATTCCTTTAGACGAGGTTTATGGTTTGGCCTGCTTGGAGTTGGGCTAAAAAAAATCCTTCAATCAAGCTGGTTAATAAACCAGACTTGACTGAAGGATTTGAATCGATTGTTTGACTTTTAACTACCAACCACTGCTGGCTTGGGCTTCAACATAGGCTGCTACATCAGCTATATCTGCTGCACTGAGGACGTCTGCAAAAGAAGGCATGCCGCCTTTACCGTTGGTGACCTGGGCAACAATTGCTTCTTCATGCCCTGAGCCGTAGTTGCTTAAGGTTGCTTCTAGGGCGGCTTTTTGAAGGGTCTTTGCAGGATCTACGATGTTACCGCCACCAGCGTGGCATGCGGCACAGGTAGACGAGAAGACTTGTCCGCCATGGGCCGAGTCAGCAGCCATCACCCAAGAAGGAGCTGCAAAGCATACGGTGATAGCAAGGAGAGCTGAAAGTAGCCTACGCATCAGAAGCAGGTATCAACGCCAACCATTGTTGGTGATCAAATGGGCATTGAGCTCTTTTGGATAGAAGCTGTTATTAATTCAAATATTCACCGAAAGACCAACTCCTTGTTGATCTTTGCAGATCAAGGCTAAGCCTTGCTTGGCTAAGCAAGGGGGCAGGAATCTCCCTTTGATAGTTCAGTTGCTGGGTTTTTGCCTAGAGCAAAGAAAAGGGTTCTACTGGGTAGAACGTTCTTATCTCCCTTAACCACTAACCGATTCATCAAGATCTCCTAGTCAATTGCTGACTTTTTCCCATCAAAGGGCATTTCTTATCTAGTTATGGGTTGATGAAATCCTTCAGGGGCCCCATGTCGTTCTCAAAGAAGGCCCTTTTGCTCCTTTCTGTGGTTGTTCTCGGTGTTGGCATCACGGCTTGCAGCACCTCAGGCACCTCAGGGTCATCCGCACGGCTCAGCGGAGCTGGTGCCACTTTCCCTGCAAAGATCTATACCCGTTGGTTCTCTGAGCTGGCCAAGGCTGGGGGGCCGCAGGTCAACTATCAGGCTGTTGGCTCTGGATCTGGTCGTAAAGCCTTCATTGATCAGACCGTGAGCTTCGCGGCATCGGATGATCCGATGAAGCAAGAAGATATTGACAAGGTTCAGCGTGGCTTGGTGCAAATTCCCATGGTGGGAGGCACCATCGCCTTTGGCTACAACCGAGACTGCGGTCTGAAGTTGACCCAAAAGCAAGCGGTTGAAGTTGCTCTTGGCAGCATCACTGATTGGGATCAGCTCAATTGCCCTGCAGGCAAGATCACTTGGGTGCATCGCTCTGATGGCTCTGGCACCACCAAGGCATTTACCAATTCCATGCAGGCCTTTTCTCAACAATGGACCCTGGGAACCGGGAAATCAGTGGAATGGCCAACAGGGGTAGGCGCTAAAGGGAATTCAGGTGTTGCTGGTGTGATTACAAATACACCAGGCGCGATCGGTTACGTGAATCAGTCATTCATCAAAGGCGATGTCAAAGCTGCTGCACTTGAAAATCTCTCTGGCGAATTCCTCAAGCCAAGTGTGAATACAGGAGCTGCTGCCCTCAATGGCATCCAGTTAGACGCCAATCTCGCTGGTACCAATCCAAATCCCACAGCCAAAGGGGCTTATCCGATTGCCACTCTCACCTGGTTGTTGGCATACAAAACTGGTAATGGCAGCAACCTTGATGCTCTTAAAACAACCTTTGACTACATGTTGAGTGATGAGGCTCAGGCGCAAGCTGATGGTTTGGGCTTCGTTCCCCTTCAAGGCAAAATTCTCGACAAAGCTCGTAGTGCCGTTGGCTTGGTCAGCAAGTGATCAAATCACTAGATTCAATTAACTGGTCTTTTCCCAATCATTAGAAGTGGGGGGCTAATCAATTCCTTTAGAAATCTGCCTGTTCCGTTGGCCTATATTTTTTCTCGTTTAGAAGCCAATATGTTGTGATCCAATGCTGATTAATTAGGCTTAACCACTGGTAGGTATCAAGAGCCAGATGCATGGTTACTATGGTTTCTTTTACGTTTTTTCTCCTCAAGAAGTTCGCTTTCAAGTTGTTCAATCAGCTTGGTAACAAGTGCCTGAAACTCAGGTTGGCAGCCTCGAAATGCCGCCTTGTGACGAATGGGTTCGTTACGAGTGCGCAGGTCGGTAAGCATCAGCTGCAAGGCATCAATTTTGGCATTGGTGTTCATGACCAGACACTCCTCATATGACGACACTATGACGCCAGAGCATTGATATTTTTAAGTGCTTGTTGCATTGTGATTAGCTTCAGATCAGGGTTGCTCGTGACCTCAATAATGCGGCCAATTGACGAAGGAGTCTTGAGGGCTTCGATACAGCAACGCGCAACTAATCTTCTTGGAATTCTAGCGTCTTCCTGACAATCGGCCGCTGTATAAAGGATCCCTTCTTTCTCCAGGTTCTCTTCTCGATCGTTCAGGCCACCTGGTCTGATCACAGTCCAATCGAGACCGCTTTGCTCAAGTGCCTGTTCTCCTAGACGTTTCCAAACCAAGATCAGACCAAAAAGGTTGAGTGGATGCAGCCATCGTCCGGCACAGAGCGAACTAACCAGAACAACCCTTTTGACGCCAACCCTTTGGCAACTGGCGATTTGCTGTCTTACTCCTAAGGCATCCACCCGCGCAGGGCCGGTTAGATCTGCAGAGGGTCTGGCTCCTGTTGCGAGCACAAGCGCGTCGCAGCCTTCAAGTGCTTGATCGAGGGCTGTTTCATCTGCCAATGACAAGCGCCGTAGATCGCATTGGCTCAAATTGTCGGGCAAAAGGGAGCTTGGACGAAGCAACAGGCGCACCTGATTCCCTTCCTTTAGGGCTTCCTCGGCAACTCGATAGCCGGTTTTGCCAGAGGCTCCACTGATGGCCAGCTTGATGCCCATGTCGATTTGCTGAAGATTGCACAAGGTCTAGCGAAAATATATATAGAACGCTGTTGTTTGATCAATGCTCTAGCTTTAAAATGCTTGGATTTTTGCCTTGGCAATGTCGATTCATCACTGGTAACGCGGTCTTTCAAGCCTGCTGGAGAACCGTTCTTAGGTCGAAATGTCAGGGAAGATCAGCTTTGATCACACGTTATTGATCTGCACCTCTGCTGATTACTGCGATGTCTTAATGGAGTTGTAGGGGAGTTGCAGCACAATAAAATAGTGAATCATGCAATTGTCATTTCAAAGCATCTTGAGTGAACCAAACCAAACGTAAGCAGATACTGACATTTCGGTTATTGCTCCCTCTCATCATTGTGGGGATTGCTTGGCTGCAGGAAAGTATTGATCAGCTATTTTTTTCGGGGAGTTGGAACCTGCCATTAGGGCCTGGTCTGCCTTGGTGGGGTCTACTTACAGCTCCATTTAGCCATGCAGGTTTTGGCCATCTGATCTCTAACACAATTATGTTTTTGCCTTTGAGCTGGTTGGTGCTAACCAAGGGCTATCGTGATTACATTGCTGTTTTGATCGCTGTTGTTGTGATGGAAATACCTGTTTGGTTATTTTGGCCTAGGGGCAGTCATGGCATGTCGGGCGTTATTTATGGACTGCTTGGTTATCTCCTGCTAATCGGTTTTCTTGAGAGCAGTCTCTGGGCGATTATTCTATCAATAATCTGCCTGATTCTTTTTGGCAATTATTTAACTGCTTTAATCCCTGGAGTTTCTCCAGCTGGAGTCAGCTGGATCGGGCACGCTAGTGGATTTCTTGGAGGTATTTTTGCTGCACTTGCTATTTCAGGGGTACCATCAGAGAATGCAACATCTCGTTATTGATATAGACAGAAAAGATGAAAATATTTACGATACCTTTGCTAACTCAATGCATCTTGCATTCATTATTCAATTTCACAAGTCATATAGACAAGCATAGACTTGGCTCAATAGCTATAGACTTTGTCGCCAATTTGCTTGTTTTT
CP138946.1_gap52	2275233	2278942	3709	CATAACCACCATGTACCTCTAGTTCATCTTCACCATCTCCGCCATCGAATACGGCGTTGAAGGTATTTTCACCATAAAGTTGGACAATATCATCGCCACTAGCACCCAGGATTGTGCTATTTACTGTTCCTCCCTTGATGCTTGCGAAGTCCTCTCCTTCACCTAGGTAAATAATGCTGTCTTTAAGACCAACAACATTTGTTTCTCCACTACTGCTGAATGCAGATGCGCTGATTTGAACTTGATCATCACCTTTCCCTAAATTAAAGATACTCTTGACAGCGCCAATAGCTTCAACAAACCCCCGACCAAAACCAGTCGCATTAGCGTTGATTTCTAGGCTGTCATCACCACTACCTGTATCGATGGAGCTGTTTTCAGCCCCGTAGGCAGGATCCCAAACAGTGGAGTTTGTAGTGGCATTAATTTCAACGTTGTCATCACCAGAACCTGTATCCAGTGAGCTATCACGCATGCCCCAGGCATTGGTGCTACCACCAACAGCATCAGCATTGATTTCAACTTGATCATCTCCAGAGCCGGTATCGAGGCTTGATGAATCAAGACCAACTGCTTCTGCATTACTCCAGAAGGTGTGAGCAGATGCATTGATTTCAACGTCATCATCACCACTACCTGTATCGACATCGCTGTCTTTAAGACCAAAGGCCTGAACCTCTCCAAATCTTGTTGTTGCTCTGGCGTTGATTTCTAGGCTGTCATCACCACTACCTGTATCGATGGAGCTGTTTTCAGCCCCGTAGGCAGGATCCCAAACATTGGAGTTTGTAGTGGCATTAATTTCAACGTTGTCATCACCAGAACCTGTATCCAGTGAGCTATCACGCATGCCCCAGGCATTGGTGTGACCACCATTGGCGCGAGCATTAATTTCAACTTGATCATCTCCAGAGCCGGTATCGAGGCTTGATGAATCAAGACCAACTGCTTCTGCATCTCCGATGACCGGACTGCCATATCCACTACCAAAGCTGCGCGCAGATGCATTGATTTCAACGTCATCATCACCACTACCTGTATCGACATCGCTGTCTTTAAGACCAAAGGCCTGAACCTCTCCAAATCTTGTTGTTGCTCTGGCGTTGATTTCTAGGCTGTCATCACCACTACCTGTATCGATGGAGCTGTTTTCAGCCCCGTAGGCAGGATCCCAAACATTGGAGTTTGTAGTGGCATTAATTTCAACGTTGTCATCACCAGAACCTGTATCCAGTGAGCTATCACGCATGCCCCAGGCATTGGTGTGACCACCATTGGCGCGAGCATTAATTTCAACTTGATCATCTCCAGAGCCGGTATCGAGGCTTGATGAATCAAGACCAACTGCTTCTGCATCACCTCCTCTACCAAAGCTGCGCGCAGATGCATTGATTTCAACGTCATCATCACCACTACCTGTATCGACATCGCTGTCTTTAAGACCAAAGGCCTGAACCTCTCCAAATCTTGTTGTTGCTCTGGCGTTGATTTCTAGGCTGTCATCACCACTACCTGTATCGATGGAGCTGTTTTCAGCCCCGTAGGCAGGATCCCAAACATTGGAGTTTGTAGTGGCATTAATTTCAACGTTGTCATCACCAGAACCTGTATCCAGTGAGCTATCACGCATGCCCCAGGCATTGGTGTGACCACCATTGGCGCGAGCATTAATTTCAACTTGATCATCTCCAGAGCCGGTATCGAGGCTTGATGAATCAAGACCAACTGCTTCTGCATCACCTCCTCTACCAAAGCTGCGCGCAGATGCATTGATTTCAACGTCATCATCACCACTACCTGTATCGACATCGCTGTCTTTAAGACCAAAGGCCTGAACCTCTCCAAATCTTGTTGTTGCTCTGGCGTTGATTTCTAGGCTGTCATCACCACTACCTGTATCGATGGAGCTGTTTTCAGCCCCGTAGGCAGGATCCCAAACATTGGAGTTTGTAGTGGCATTAATTTCAACGTTGTCATCACCAGAACCTGTATCCAGTGAGCTATCACGCATGCCCCAGGCATTGGTGTGACCACCATTGGCGCGAGCATTAATTTCAACTTGATCATCTCCAGAGCCGGTATCGAGGCTTGATGAATCAAGACCAACTGCTTCTGCATCACCTCCTCTACCAAAGCTGCGCGCAGATGCATTGATTTCAACGTCATCATCACCACTACCTGTATCGACATCGCTGTCTTTAAGACCAAAGGCCTGAACCTCTCCAAATCTTGTTGTTGCTCTGGCGTTGATTTCTAGGCTGTCATCACCACTACCTGTATCGATGGAGCTGTTTTCAGCCCCGTAGGCAGGATCCCAAACATTGGAGTTTGTAGTGGCATTAATTTCAACGTTGTCATCACCAGAACCTGTATCCAGTGAGCTATCACGCATGCCCCAGGCATTGGTGTGACCACCATTGGCGCGAGCATTAATTTCAACTTGATCATCTCCAGAGCCGGTATCGAGGCTTGATGAATCAAGACCAACTGCTTCTGCATCACCTCCTCTACCAAAGCTGCGCGCAGATGCATTGATTTCAACGTCATCATCACCACTACCTGTATCGACATCGCTGTCTTTAAGACCAAAGGCCTGAACCTCTCCAAATCTTGTTGTTGCTCTGGCGTTGATTTCTAGGCTGTCATCACCACTACCTGTATCGATGGAGCTGTTTTCAGCCCCGTAGGCAGGATCCCAAACAGTGGAGTTTGTAGTGGCATTAATTTCAACGTTGTCATCACCAGAACCTGTATCCAGTGAGCTATCACGCATGCCCCAGGCATTGGTGTGACCACCATTGGCGCGAGCATTAATTTCAACTTGATCATCTCCAGAGCCGGTATCGAGGCTTGATGAATCAAGACCAACTGCTTCTGCATCACCTCCTCTACCAAAGCTGCGCGCAGATGCATTGATTTCAACGTCATCATCACCACTACCTGTATCGACATCGCTGTCTTTAAGACCAAAGGCCTGAACCTCTCCAAATCTTGTTGTTGCTCTGGCGTTGATTTCTAGGCTGTCATCACCACTACCTGTATCGATGGAGCTGTTTTCAGCCCCGTAGGCAGGATCCCAAACAGTGGAGTTTGTAGTGGCATTAATTTCAACGTTGTCATCACCAGAACCTGTATCCAGTGAGCTATCACGCATGCCCCAGGCATTGGTGTGACCACCATTGGCGCGAGCATTAATTTCAACTTGATCATCTCCAGAGCCGGTATCGAGGCTTGATGAATCAAGACCAACTGCTTCTGCATCACCTCCTCTACCAAAGCTGCGCGCAGATGCATTGATTTCAACGTCATCATCACCACTACCTGTATCGACATCGCTGTCTTTAAGACCAAAGGCCTGAACCTCTCCAAATCTTGTTGTTGCTCTGGCGTTGATTTCTAGGCTGTCATCACCACTACCTGTATCGATGGAGCTGTTTTCAGCCCCGTAGGCAGGATCCCAAACATTGGAGTTTGTAGTGGCATTAATTTCAACGTTGTCATCACCAGAACCTGTATCCAGTGAGCTATCACGCATGCCCCAGGCATTGGTGTGACCACCATTGGCGCGAGCATTAATTTCAACTTGATCATCTCCAGAGCCGGTATCGAGGCTTGATGAATCAAGACCAACTGCTTCTGCATCACCTCCTCTACCAAAGCTGCGCGCAGATGCATTGATTTCAACGTCATCATCACCACTACCTGTATC
CP138946.1_gap53	2290879	2293297	2418	TCCGCTTCCTCTTGTAACTGTTCTGCAATGAACCAATCGAGCATGGCGGTCGCACTACGCTCACCAGCTTGTTCAGCTATGGAATAAATACGGTTAATTGATGCTGTTACATCTTTTTCTAGCTCGTAAACCTGATCAAAGAGATCCTGGGTGGACCCCCAATTGCGTTGTGGAGCTTCAACCGCGGGAAGCTCGACCTGCTCATCGCAATCAACAAGGTAAGCAATAAGTCGATCTGCATGACCACGTTCCTCTTGGCTCTTAATTTGCATGTACGAGGAAAATCCGGCTAAATCCTTCTCGCGAAGCCAAATTGACATCGCTAGATAGGTATGACTTGCCTGAAACTCACAGGCCAAATGAAGGTTGATAGCCTTGGTTAGATCATTCATGCTCAGGTTTAACGTTTAAGGCCATCATTGGTGAAATGTACTTGGTTAAATGAGAGCGCTTATTCATGATAATAGAGAAGTTCTAGAATGCAGGACACTTGTGTAGTTAATTTATAATATGCAGACTATCGTTCATTTAAGATTGAACAAGCATCGGCTAACTTTCAGTCATGTCTTGTGATGATTAGATTTTTAGCAGGATTTAAAGAATTAAGTTATTTGATAAATTTTCTGATATTGCCTTTTTGGCAGATGGGCAGAGGGGTATTAAACTATAGATGTTTCGACGTAATAAGGATTATATATATAGTTTATTGCAATTTAGCCTCAAGGCACTGAATAACATAGCGGTGCCAACAACATATGTTGACTGCAACTTATACTAAATAGTTGCTAGACATTTTACAACGCTTGTTTAAGTATCATGCATATTATTATTGTTGTTTTCTATATACTAGTCGCCATATCGAAAGCTGGCTAGCAAGTGTGAATCATTAGAACATTGGAGTTGATTTTTATTCATATTAATTCTTATCTAGATATTGGCCTAGGAAAGAAAGGGGTTTGGCCATTGTTTCGGAGAATCCGAGGATCCCCTTGTCTTGGTGGCTATATAAAAGTATGTCGTCACAATCTAGTAAATAAGTACCGCCCCGTTGTGTAATGAAGTCGTCACGAGGTAAGTAAGTACCCAAGTTACTTAGCACTTCTATCATGTTTCGCAGTCGAATAGTGGCGAGTTCAAATGGTCTTTGAAAACCCTCACCACCAGCTCGCCTGAAAAAGGATCCTCTTACGGATGGGAATGGGGAGATGCTGATGGTTTCGTTGTTCGCGATTCGCTGGGGTGCACTACGATCTCCTGTGTAGCCACGTAGTACTTCAGACAGAGTGCCTGGAGAACCAATGCCTGCGCACATTAAAAACAATGCAGGCCAAGGGCCACCAAGTGTTTTTAGTCCGGCATAGAGACCCAGCGCTCTGTGGAGTGTCGGTTCCTCATCGACCAAGATATTTTGTTTAGGAAAGCCAGTAAAGGTGCAGAATCGTTCAGCACTCTCAGCATTGCCTATGCCTATGGCCAAAGTGGAGATCCCAGCAGCCCTTAGCCTTGGCATATCAGCTACTAGCGCTTGAGCATATTCGAGGCTGTCAAAGTCACCTAACTGGGAAAGCAAAATAATAAGTCGATATTTGCCTTTTTCCATGCCTGGCACCTGACTCAGTCTTTGAAGCAGTGGAAGGGGTGCTTTTACTGTGCACACGTCGTTAGGATTGTGAGATTAGTTTGCGCCTCAATAAGCGTACTACTTCTTGTTCATTCTAGAAACATCCTTCTAATTATATGAAGCAGGAAGGCTTGGTTTCATTTCTGAGATTTCCCTATTAGCTAAATCAGGCATGCATAGATTCTATGGACATCATAAAGTTGAAGCTTACAACAGAAGCGTTTTAGTTCATTAAAAACGATAATAAGCTTGGGCAATAACTTAAAAGAAGATCTATCTGTCAATCTATTAAATAGTGGGAACAAAGATGGTGTCTTCAACCCACACTCTGATTACCTAGAGCCATTGCTATCAAAGGGTTCATACCTCTCAATATGATATGTTTCAATCGCAAGACAAGCGGGGGTTAAAAGGCTTAAATGTAAGAAAGAGTATAAAGGCAATGACATGACAGTCAACACTCCATACTCCTTGCGTTGTACTCTCACCTTTGGAGACATCTATGGCCAAGTCTTGGCCTGGATGGCAGTGATCTTCGTAAGCCTTGCAGCAGGCCTGGGTCTAATGGGCTCGAGCAGGCCTCTGTTCGCTCTAGTTGGCGTTGGTTTGATCTTGGTATTAAGCCTTCCCTTCCTCCTGTTCGCCTTCGTAACAACCCTGCTCAACCACATCTCTCTGGAGCCCAAAGAAGCATCCCAAAGTTAACGATAATTGGGTAATGTGTGTTTCCAAACTGATCAACCTAGAGGTTTATAAAGGTAAGCCTATTAATTAAGATCCGAAGACGAAAATATTCT
CP138946.1_gap54	2357575	2359408	1833	CCGATGGTTCATTCCTTAAACATGAACCAAACTCTGCCAATCTAATTGGCAGGTCACGGTAACTTTTTAGGCCTTGATTGAAGATCTGTACATGGCAGGGACAATTCATAGGCTTTATGGCATATTCACGATTTTCAGATGTCGTTGTAAACATGTCATCTTTGAACTTCTCCCAATGGCCTGATTTCTCCCATAAGGAGCGGTCTACAACCTGAGGTGTTCGGATTTCTTGGTAGTCATGCAGGCTCAGGGTCTCGCGAATATATTGCTCTAAAACCTGATAAATAGCCCAACCCTTGGCATGCCAGAAAATCATCCCAGGAGCTTCTTCTTGAGTATGAAATAAAGACATTTGCTTGGCGATCCTGCGATGATCGCGCTTTTCAGCTTCTTCAAGGCGCTTGAGATAAGCTTTTAGCTCTTTGGAACTTCCCCAGGCCGTGCCATAAATGCGCTGCAACATTGTTTTATTTGAATCACCTCGCCAATAAGCACCTGATACTTTCATTAATTTGAAAGTGCGCAAATGCCTTGTGTTAGGCACATGTGGACCTCTACACATATCAGTATATTCTTGATGTCTATATAGCTTAATAATCTCATTCTCAGGAATTTCATCTACGATTTCGATCTTGTAAGGCTCGGATCGCTTTTCAAATTCCTTATGAGCCTCTTCCCTTGAAACTATTTCAACATTGACGTCGTAGTCAAGTTTAACCAGCTCTTTCATGCGAGCCTCAATCGCTTCCAAGTCTTTAGGCGTAAAAGGCTGATCATAAGCAATATCATAATAAAATCCATCTTCAATAACTGGACCAATGGCCATTTTTGCTTCGGGATATAATTGCTTTACGGCATGACCAATTAAGTGGGCGAATGAGTGGCGAATGGTCTCAATTCCATCTTGGTCTTTAGCCGTAATGATATTAACTTCAGAGTCTTTCTCAATAGGGATACAGGTGTCAAGCAATACACCATTGACTCGGCCTGCGATAGCCGCCTTGGCCAATCCAGGCCCAACGCTTTCGGCCACCTCCATAATGGTTACGGGTTGATCAAACTTCTTTTTATTTCCGTCTGGAAGTGTAATAACAGGCATAACAAGGCGTTTTCTTTGATGATTTGCAATAGCGTTCTATTTTATCAGCTACATCATTCCCAAGCCTGGCATCTCTGAATGCTGGAGTAGAATATTTTGCACATTAGCAACAACGTAGAGGGACACTGCGAAAAAGGAACATTGAATCAATCAAATTTTCTGGCAAGTTCAACAAGCAAAATACCAGCATAGACTTCAATGGGAGCTTGCTTAGATTCTCCAGAGCTCTTTCCCGCGATCTAAAAAAGGTTTTTTTATACAGCCGATCTAACCGCCTAGGCATTTTGTAGGCGTTCTTGGCTGTCGTGAGCAAAAGATGTTGGCATTACCTGCCTACCCCCAGCACACATGGCTTTGATCGTAATCAATCCGAGAGACGCTTGATGCCTAACATTTTCTGCTTAGGGAATGGTCTGCCATAGGATTCGAGCTTTGCTGATAATCCAGCTACCAGCAGGCCCGTCAGCAAAACAAGTGAGCAGTAAATCGCTTACGGCCCTGATCGCAATTCTCAGGGTCATGGATGAGGGCATCGACTATGGCTTTGCTCGTGGCAAGAAAGCTACCGAGATTGTCTGCTTCTGTTGTGATCGTCATCCTTTTTGGATGTCTCTTTTAGAGAGTGATCCGCAAAGGGAACGCTAGGGTTTGGTTGCAATCAAGGGATGTCTTTCGTGTAGAAGCACACAACTTCTGCTGGTTCTGAAGTTAGATGCTTTTAGCTTGCTAAGGCC
CP138946.1_gap55	2369870	2373031	3161	GCAGCCAAAGCCGACGAGGGCATTGTTTGAACTGAGCAGCCGCTGGCCGGCACTGTCTGAAAGGATTGTTGCCAGCCTGAACCATGTGACCCTCCCCTCCGCCGGAAGTCAGCAATGCCTCTGACCATTCGCGGCATGGGAACTGCAGTGCCGGAACAACAAGTCAATCAGAGCGATTCCATGGCGCTTGCAGAGTTCGTGAGTGCCGACAGTCCCGAACGAGCGGCACTGGTCCGCCGGATTCAGCGACGAACTCAGGTTCAGAACAGGGGCAGCGTTCTGCTGGGAGACGACGCGAGTGAGCCGATCAGCCAGCGTTTGCCCTTCTACGGGGCCAAAAGCCCCACTACTGCCGCAAGGATGAACGAGTTTGATCACCATGCTTCAACGCTGGCAATCAATGCATGCCGTCTTGCCCTCGAGGAGGCCGAGCTAGCAGCTGATGTGATCACTCATCTTGTGACCGTTTGCTGTACCGGATTCAAGGCTCCGGGTGTTGACCTTGCTCTGATCGAGCAACTTGAACTTGACCCCGGTGTTCAGAGGACCCATGTGGGATTCATGGGCTGTCACGGCGCCTTGAACGGTCTACGTGTGGCGCAGGCGTTCGCCGAGGCTGATGCCAACGCTGTAGTGCTGCTGTGTTCTGTCGAACTGTGCAGTCTCCATCTTCATTACGGCTGGGACCCCGAGAAGGTGGTAGCCAACGCCCTGTTCGCTGATGGAGCAGCAGCTTTGGTTGCTTCTCAAGCTTTGGCGCAATCGAAGGAATCTCTGACCCTGAAGGCTTCTGGCTCCACCGTGATTCCGAACACCAGCAGTCTGATGCATTGGCAGGTCGGAGATCATGGCTTCGCTATGGGTTTATCACCACAGGTGCCAGAGGCGATAGCTGGTGCATTGCAACCTTGGCTGAGCAGTTGGTTGAGGGACCATGGATCCGATCTGACTGAAATCCGCAGCTGGGCCCTCCACCCGGGGGGGCCGAGGATCCTGCAGGCCTGCGCCGACGCCTTGGCCCTCAAGCATGAGCACCTGGCTGAATCCCGGTCCGTCCTTCAAGCTCACGGCAACATGTCTTCGGCCACCGTTCTTTTCATTCTTGAACGCATGCGTCATAAGGCTTGCAGCGGACCTTGCCTGGCACTCGCCTTTGGTCCCGGCCTTTGTGCCGAAGTGGCATTGTTCGATCTCTACAACAGCAAATGAAATCGAACTTCGGATCGGAATTCAGGGCTACTGAGTTCTACGTTCAGCGAGGATCAGGTCTGCGCAAAGGGGAAGACGGAGCAAACACTGCAAGTAGATCGAGTCGGTTCTAAAAAGCCAAAAGAGTGCTCGTCTTGATGGTGATCAAGATCTACTGCAACTAAGACATAACAAGTACTGCAATTGGGATCGAGCAAATAATCAAGGCAAATTCAGGAAGTGTTGTAAGTTTTCAGGCCAAGTCAAAGGCGGCGAGGAGATTGAATCATGAATGGTGATTAACAAAGTCGCTCGCTAACCTCAATATCAAGAAAAAGAGCTAAGCAAGTGTTGCTTGAGCAGTGAAATTCGACTAGGGACAACTCTTAAATTTGTCACCTGTTCGGAAACAATATAGTCTTCTCAAATTGCTTTCATTTATAATTAACCAGCTTCTGAATATTAGGCATCGAGAAATCAAGTACAGACAAGAGTGAACAGTCCAAGAAGGCTAACTATTCTTAATGTGAATGCTCCTCCTTAGGCCTGTAATTGCACCTGCAAGTTCAGACTGTCATCAACAAATAAATATATAGAAGTTATCACTGGCCGACGATGACTGGAGGCATCCGACCATTCAAACCTGGCACAACCTGAGTTTTGCCATCCCATTTGTCAAGAAATAGCTTATAAAGCACCCTGTCATTGAGACCTCGATTAAGAGTCTCAAACTTGATTGCTTCTTGCCCTGCGATCTTCACTTCTGTTTGTGCCTTTAATAATTGCTGTTCGGCTATTTGCTTCTGTTCAATTGCGGAACGATATTCTTCTGCGATTTTTAATCCGGTTAGATCGAGACCTTTCACCTCAACATAGTCAAACTTTGCCAATTCAGCCGATGCATTGGTTTCAACAATCTGAGAGATATTATTCCAATCAGTTGCAATGGTTACGAGTTCATATTTTGAAAACACAGACTTCAGAGCCTTGAGTAATGATGGCTGGATGATCCGTTCATAAATCTCAGCATTACCTGTTGCGATAGTACTGTAAATCCTTGGCGCTTCAGACTGCTTCACAGCATACTTAATCGTTGCAGTCGCTTCTATGACTTGCAGATCTTTAGTTAAACTGGAGAAGTTTTCGGGACGTACTTGTGTTCTTATGTTGAAGAAATGAACTGATTGAGCGAAGGGTATCTTTAGGTTTAAGCCAGGCAGCCGTGGATTTTTACTAACCTTTCCAAGCGTCGTTATAACTCCTACTTCACCAGCAGGTACGACGAATATTGCTGAAACACCAACAATCGCTGCAATTGAACCTCCTACAATCATCACCGTAGGAGCAACGACTGCTCGGACTGATGAAATGTTGTTGATTGGTGAACGCATTGAATCTACTTTGCAGCAGACGCAAGCATAGGCGTTTATCAATAAATATGAGGGAAAGCCATGGCAATCCAAAAGGTTCAATTGACTTGGGATACAAGAGTCAATAAGTGGTCAATGGATAGCAAAACAATCAAGGGAGTTCACTTGTTTTGTCAAAACCTTGCAGTCTTTTCATCATCATCATCGTTCATTGGCAGCGTTTTTATAATTATGGTTAGTTACGAAAGGTTGATATTGCACATGATCTTGATAGAGTAATTAATAACGGTAAGATCGCGATGCAAGCAGCACAGCTCAAAGTTTTTCTTGCCAAGCTCAAATCAGAGCCCTTGCTGCAAAGTCAATTAACTGCTGAAGGTGCAGATATAGTCTCAACAGCTAAAGTCGCTTCACTCTTTATTGACTCAAATGAGTCCGCGACAGAAGCTGTAGTCGAGCTCTCTGACCAAGAGATTAAGGACCAGATTGCCGATGCCCTCAGCAAAAGAAACAATCCCTCCATTAGCCCGATTATCATATGGGCCGCTTTGCTTACAGTGCTTTTGATTTTAGTTGGTGTCTTCTTGAGTCTGAGATACTGAC
CP138946.1_gap56	2446734	2450774	4040	CATCAACAGGGATATCCATTGCTTCAGCGATCTCGGAGCGACTTGGCATTGCTCCAAGCTTGTGAGCCAAATCCAGAGAAACCTTTCGAATTGTGGTCAGCCTTTCACTGAGATGTACAGGAAGGCGAATCGTGCGCGACTGGCACGCAATCGCACGTGTCATGCTCTGACGAATCCACCAAAACGCATAGGTCGAAAACTTATAGCCACGGGTTGGATCAAACTTTTCAACAGCACGCTCTAAACCAAGTGAACCCTCCTGAATGAGATCGAGGAGTTCCAGTCCTTTGCCTTGATATTTCTTGGCAACACTCACAACAAGACGAAGATTGGCCTTCATCATTCGTTCTTTGGCACGACGACCAATGCGAATCATCCGACGCTGATGTGTCGTAAACTCCTTATCATCAGGCTCAAGTGAGCCGTCTTGAGTGAGACTCATCATCGTCTGAACTTGATTGCCAAGTTCAATCTCCTCAGCAGGGGTAAGAAGAGGTATACGCCCAATCGTTGTGAGATACCAGCTGACAGGATCAGAACTTCTACGCCTCTGTGTTTCTGCTGATTTAGGCGCTGCTGAAACCATTTCAACGGCTCCTGATTTATTTGGAAGGAAATTTTCCTACAAATTTCAGCAAAACCCTGCAGCTTTAAAAAAGCTTTCGGATTCATGCAGGGGAATCGAGATAATTAGGTATTTATCGTTTGCATTCATACCCTTTGAAGTGCCCTTGATCACATTCATTTGATTGCAAGCTAATCGTGAGTTCTGCAAGGGACTGAGCGATAGACCTTGCTGAGCTGCCTTGACGGCATCGACGTGCAGCCTCCGCATGCAGCAACGCCACTACGGCCAAAGACTCACCCTGGCAATGGCAAGCCTGAGCCTTAGCAGCATCCATAGATCCCAAGCCAGCTGCATAACCAGCCAACAGATCCCCGAGCCCAGTACGAGCAACCCAACTTGCTGTCTCTGCTAGCTGCCAGGCGGCACCAGACGGATCCGCAACCACACTGTGTGCTCCCTTGAGCAGCACTGCTGCTCCACTAAGCCGGGATGCTTCCAAAGCCGCATCAAGAGGTTGCCGAGCTTTGAGTTGCGGAAACAATCTGCTGAACTCACCAGCATGGGGAGTAAGCCAGGTATGCCCCTGGCGCTGCTGCAACCATTGCCATCCATCAGTAGCCAGCGCCAATCGATTCAGACCATCAGCATCCAAAACCAACAAGCCTGCAAAGCGCTGCAACGGTTCTGCCAGCACTGACCAAGGTTCTCCACCTCGACCTAAGCCTGGCCCCATCAACACGGCATCGAAACGGCTGAGATCATGACTCGCCAACCAAGGAGCAACGGCCATGCCACCTGCCGCAGAACTCTCAAGCGCGGCCGCCAAAACAACTTCAGGAGCAACTTGCCAAAGCTGATCGGCTACTGCAACAGGCACAGCGGCTTGAATGCTGCCTGCACCGCTAGCAATAGCACCCTGAATGGCCAGGAAAGCCGCCCCAGGGTAATCATCACTACCAGCAATCACCAACACCCGCCCTCGTTCATATTTCATCGCGCCTGCTGCTGGATGCTGCCAGGGAAGGGTGGCCACATCCGCAGAACAGAGCCGCCGAGGTTGCGACTGTGGCAACTGCTTCAACAAGATCTCCGGCACGCCCATATCAACCCGCACCAGGCGGCCAACATGATCGATCGCCGAATCCTGAATAAGGCCTTGCTTGAGCAACCCCACAGTGAGCGTCGTCATCGCCACGGCAGCGCCGCCTGGGAAAGGGATGCCGGAATCTGAACACAGCCCTGCAGGCACATCCAAACTCACCAACTTGCCTGGCTGGCAGCGCTGACGCGCCTGCAACAACGTTGCCAACGCTTCAGGGAGTGGGCGGGATTGTCCCAGCCCAAACAGAGCCTCGATCCAAACAGGCTCACCAGCAACATCAGAAGCGTGATCTAGTTGCTGAATGCCAAGCGATTTAACGTAAGTCCAATGCTGGGCCGTTAATGGTTGACGGATCGGCAAAGGTGCCCAGAGCTGGACCTTCACCCCTGCAAGATGCAACTCCCTGGCCACCACCAATCCATCACCACCGTTATGGCCAGGGCCCACCAACACCACCACACCATCTGCCAACAACTCAGGATGTTGGCGAAACCAAGCCGCCATCGCCTGGCCTACTTTTTCCATCAAAGCAGCCACCGGCAAGCCGTTGGCAAACATCTCCTCCTCGAGAGCTGCCATCTGCGCAGCAGTAACCAAAAGATGATCAGCGTTCGATGGTGGCCAGGACAAGACTGGAGCGCATGGGACCTCACTATGAAGACATCATTGCGGTAACGCCTATGCAGCCGCCAATCCCAGCCCCCCTTAAGCATGTGTCTCGAACACCAGCCACACCAGCAGTTGCAAAAGCCCTGACACGTTTGCAGTGTTGGCCAGGCGAGCAGCGGGTGGCGGTAGGTCTCTCTGGCGGTGTTGATAGTTCCCTCAGCGCCGCCCTACTCGTGGAAGCGGGCTGGCAGGTGGAAGGTCTCACTCTCTGGCTGATGAGTGGCAAGGGCGCATGCTGCAGCGATGGACTTATCGATGCCGCCGGCATCTGTGAGCAACTCAAAATCCCTCATCATGTGGTGGATTCACGCGCCACATTCCAAGCAGAAATCGTTGACCAACTCGTACAGGGCTATCAACAAGGGGTGACACCGTTACCTTGCTCACGCTGCAATCGCTCGGTGAAATTTGCGGCAATGCTCAGCTGGGCTGAAAAAGAACGCCAGTTACACCGCGTTGCCACAGGCCACTATGCCCGTATTCGCCATCGCGAGGATCCAGAACCTCAACAAGCCTTACCTGGGGATTCCATTGGACGACACCAGCTTTTACGTGGTCTCGATCAGAACAAAGATCAGAGTTACTTCCTCTATGACCTTTCTCAAGATGTGTTGGCAAAGGTGATCTTTCCCCTAGGGGAGCTCACCAAAGCAGAGACCAGACAGGAAGCAGAGCGTTACGGCCTACGCACAGCCAAGAAAGCAGAAAGTCAGGATCTTTGCCTTGCTGATCACTACGGTTCAATGAAAGCCTTCCTTGACAATTACCTACCTGCCAGACAAGGCGAGATTGTGCTGCAAGACGGCAAAGTCGTGGGTGAACACGATGGAATCGAACATTTCACCATTGGCCAACGCAAAGGCCTTGGTGTGGCCTGGCGAGAGCCTCTGCATGTGGTTCAACTAGACGCGGCAGCAAATCGCGTCATCGTTGCCCCTCGAGCAGAGGCGGGGCGCGACAGCTGCGTTGTGGGTGCAGTGAACTGGATTTCGATGGCACCGCCAAGCAGCGCCATCAATGTGGAGGTGCAAGTGCGTTACAGAAGCGGACCCGTTGCCGCCCAGCTCACCCCTATCGAAGCCACAGCAGAGGACATTGCTGCCAACCGTCCTCACCGCTGCAGACTGACCTTTAACGAAGAGCAATTTTCAATCACACCTGGCCAGGCTGCAGTGTTTTATGCCGCTGACGCAGTCCTCGGCGGTGGCCTGATCCAGCAGGCCAACACAGCATCAAGCTGAGCTAGGAGCGACGACGCGACCAGCCCAGCCCAACCACTGCAAAGATCATCAAGCCGATTAAAGGTGCCTCACGCCAACGGGTGTAACCGCTGATGCCTTGATGGAGATGCAGATCCGCCAGGCCAACCCCCTCCGTAAAAGGAGCCAGCAGTTGCTGCTGCTTGCCTGTCGCCAAAACCAAAGCAGAGGGGCCTGTGTTCGCAACGCTGAGTAGATCACGGGCGGTTTCGATGCTGCGCAGCTGTGCCAAAGCAATGAACTGCCGCTGCAAGGCCAAGGGATAGGGATCAAGGTTGGCTACCACCAATAACCATTGCGCTCCATCAGCGATGGCCTGGGCTAAAGCAGCCCCATCACTGAGCTCATAACAAATGGCCACGGCAGCGGTAGGACCTGGCCACTGCAACAAGCGCGAAGCAGCACCAGGTTGAAGACCACCAACAGCTGATAAGCCACGAAA
CP138946.1_gap57	2452612	2455772	3160	GGGTTAACAGCCAAATCATTCGATGCAGTCATCGCTCTCAACCTCATGCATCTTTTCCCGCCAGCGGAACAGATAGAAGCATTTGATCAACTCGGTTCCCTTGTAGCACCAGGGGGAGCAATGTTGCGAAGCAGCTACAGCGAAGACCAGAACAAGCTTAGTAATGATCTAATCGTTTCCATCGCTACAGAACGTCTTCGCATTCGAGGGCTTAATGAGGAACAAATCAAAATGATTCTTTCAGCTCGCAATCAATCAGTATTTTCTTTTAACCCCATTAATCTACCAAGTAATCCTAAGATCAAAGATTTGGGAGTTCCGTTGCAAATCATGCAAGTAGGCTTGATTCGGATGTGGCTATGGATACGGGCATCAACAGGTGCTTAAGCAAAGATTGCTACCGTCTTTGTGGTGTGAGTGGTTATGGCCTTACCCATCAAATTGGATCAACGACAACGCCACGGATATCTAGCTCAGAGGCAGAACAGCACTAACCCCCATCCGACCCAACTTTCTCTCATGCAAAACAGAACAGAAACGAAAAATCGCAACCCCTCACCTTGCGCTCGGCTTAGCCAGCAAGAAGGATGTCGATGAACTGCACGGCAGGGGCAACTAGCTGGAGCAACAGCAAAGGCAACTGAAACAGCAGAAAGGACCCAAGCGCAGGCGAAAGCTGCAATTCCTGCCAGAATCAAGTTGATTGATCATTGAGATTCAGTGCGCGACATCTTCATCAGTGCAGCCGTCTTTGTGGTGTGCGTGGTTGTGGCCTTTGTCAGCCAGATCGTTTCACCCTCAGTTGTGGTCGCCGACAGCAATCTCAATGCCGTGCAGGCGGAGGTGCGAACTAACGAGCCAGCTGCTTTGAGCATGGCAGTGCTTGAACTCGACCCCGACGATCCCAACCCAACACTGTTCAAGATGGCGATCAACGGCTCCAAGGCAGATGCTGCTGAAATTGATGCTGCCCAAGCCAATGCCTCAGCCCTTGGCGGCCCAATCGAAGCAGAACCATCCCAACTAACAGCCAGTGGTCTGCGCATCACTGAGATCAAGATCGGCGATGGCCCGGAGGCCACAGCAGGCCAAACCGTTTCCGTGAACTACCGCGGCACACTGGAAAACGGCCAGGAATTCGACAGCAGCTACAAACGTGGGCCGTTCGAGTTCCCCCTCGGTGCTGGACGAGTGATCAAAGGCTGGGATGAAGGCGTTGCTGGCATGAAGGTGGGCGGCAAGCGCAAGCTGGTCATCCCCCCAGAGCTTGGCTACGGAAGCCGCGGTGCAGGCCGTGTCATCCCTGGCAATGCCACGTTGATTTTCGAAGTCGAACTCCTGGGCATCAAATGATCTAAAGGCTGAATAGAAAATCAAATCAAAAGCAAACCCAATTAGCAATCAGCCTGGGTAGGCTCAGTTTGGCTTTCTATACCTGCCAGATGTTGCGCTCGGCACTTTCCACACTTCACAGCAATCTGCCGGCCTCTTCGGTCCAGTCTCACTGTGATGGCCCTTGCGGCGTTTACGATCCCGCCTCGGCAAGAGTCTCAGCTGAAGCCGTCGTATCGATGACCAAAAAGCTGCTCGAACTGCAGCCTCCCTCAGGCAACGATCCGGCTGCATGGGCGGCTTACAACAACACCTTCTCCCGCTTCGTCGCCATCAAGGAAGAACAAGCTCAGCAAACCAAGAACGAGCTGCTGATCCTCTGGACGGATTATTTCAAGCCAGAGCATCTGGCAACTTTCCCGAATCTGCATGACATCTTCTGGAAAGCGGCCAAGCTCTGCAGCGCCTGCAAGGTCAACATCGATCAAGCCAAGGCAGATGAACTGATCAAAGCTGTGGAAGCCATTCACACGATGTTCTGGAAATCCAAGGGTCGCAATGACGCCTGGGTGAGAGCCAGTTAAGCCAACAAGCATGATGCCAACAGCGAACTGGCGTTCGCTGTTCCTGCTGCTTTCAGGTCTTCGTCGCCACGCTCGTGTCGATGGAGACTCAATGAGCCCGTGCCTTGCCCCTGGCGACCTGGTGATCTTTCAACCGATCACCAGCGATGACAGTCGGCTCAAGGCAGGCTGTGTTGTGGTTGTCCGTCATCCGTTGCAACCAGCAACCCTGCTGATCAAACGCCTGATTGCAATCAACAATTCCGGGTTGGAACTACGTGGTGACAACGAGCGCGCAAGCACAGACAGCCGGCATTTCGGTTTGGTGAATCGCGACAGCCTGCTTGGCATCGCTGAATGCGTATGGCGTGTTCCCTTCAGCGCATAAGAGCCCAGCAGATTAGGCAATTAAAGAAACTGAGGAGATGTTTTCTGCAACCAAAAGAAGCCCGTGATGATCGATAGCCCACCGGTTGATCCCAACAGCAAGGGCAAGGCACGACGCCCCACGCGCAATGTGGCTAAGGAAATCGCACCAACAACCGCGACCATCGCTGCGATGGAACCCAACAGATAAGCCGCCATATAGATCAAAGCCCAGAGAGGAGGCAAGGCCAGCGCGGGAATGACTGCAAGTAGATGACTGGCCCCAGCCAAGCCATGAAGGAGGCCAAGACTGCTTGCTGCATGAGCATGTCGCCAGTGCTTGTGTCGCCCACGCAGATGCAGGTGCACATGTTGATGATCATGGGCGTGACCATAGTTTTGCTGATGCGTGTGCTGATGGGTGTGGATATCCAGGCCAAGAGCAGTACGAATCGCCATTGCTCCAACCACAAGCAACGCCACTCCCACGCAGAATTCGGCCCAGGAGGACATGCGCTCGATATGGACAAGATCTTTCAAAACAATGGCAATGGTTGAAAGAACCAGAACACCTGTTGAATGGCCAATCCCCCAAGCAAGGCCACTGCGTAATGCCGTAGCCGGCTTACGCAATGCGCTCGGTGCGATGGCAACAAGATGATCAGCACCACCCACCACATGAAGGGCTCCAGCAGCGAAGCCCGTGAGGATGCTGATCAGCATGAAATCGAAACAGTCAAGAGCAAGTCTGACGGATTGAGGGTGGAATTGCGCTGATGCCACTGCTGAACAGATCAGGCGCTATAAGCATTCTGGGCAAGCTCTGCTCATGCATGTGCCTTGAGCAGTTGGTCGCGCAGAGAAGCAAGGAAGTCAACACAACAGTCGCTTACCTCTTG
CP138946.1_gap58	2501891	2503098	1207	CGAAGCAGATTTAACAAGCAAATTTGCAAGGATGTCGTCGGCATCTGCTCTCATCGTGCGGAACTTGATACAGCCAAAGTGTCGATAATCACGACCTACCCGTCGCTGCACATAAAAAACAGGCCCAGGTGAGCTGAGTTTGACCAGCAACGCCAAAAGGAGAAAGACAGGAGAGCCGAGGCTGATCACAGCAAGGGAAAACACCACATCTCCAGATCGTTTAATCGATCTCCCCAAGCGACTTTGCTGACCAATCAAGGCATTCGCAGGCAACGTTGAGGCTGGAGCTGAAAGCACCTCAAGATGACGACGAGAAGCCCCTCGGCCCAGGGCTCTACTACCCCCATGAAACACAAAGCGCCTGGAGGCCAATCTCATGATCTCTCCAAACGGCTCGCCTACTCAAGATCAGGATCGAAACTCTAAAAGCTCCACAGGGTCACTCGCAGCAACGGCACAGGCCTGCTGATGTTGTTGCCAGGCCTGACGCAGTGCAGTCTCAAAACGCGACGCAAAAGCTTCCGGACGGAATTGTTCTGCGCAAAGACGTACGACTTCAGGGGTCAATTGCTGCCAAAGCTGACGTTCCTCAAACCAGGCAACCGCCTGCGCGACTGATGTGACTGTCTGTTCAGGGAACAAGACCCCTGTTGGGTAAGGCCTTCCCGCCGCCGCACAACGCACGGTATCGAGTAAGCCACCCCTCCCCAAGCCAATCACTGGGGCACCCGCTGCCATGGCTTCCACTGGTGCAATTCCAAAGTCCTCCAAAGCGGCATAAACGAAGGCGCGGCAACTTGCCATCAAGGCCTCAACCTGCGCCTGGGTTTGACGACCTAGCAACTGCACTGTGGGACCTGCCAACTCTTCTAGGAATGTCCGCTCCGGTCCATCGCCAACCACCAACAATGGCAAGCGCAATCGATTGAAGGCCTCAATCACAAGATCCACTCGCTTGTAAGGGACAAGGCGACAAACACAGAGGTACACATCATTGCGAGGCTGATCCCAGCGGAAGCGATCCACCTTCACCGGTGGATGCACCACCTCTGCTTCACGCCCCCAAAAGCAAGCAATCCGCCGCGCTGTAAAGCGGGAATTGGCCAAAAGATGATTCACGCGCGCACCACTGAGCTGATCCCACTGCCTGAGAACATGCAATTGCCAACGGATCAAGGGCCCTAAACCGCTTTGTGCCAAGGCCGAG
CP138946.1_gap59	2615263	2615763	500	TCTAAGCAAAGCACTAAGGGAGAACAGCAGCGAAATCGAGAACATCTGCGGTTACCTTCAGCATCTAATAACAATTGATCGCAAGTCTAGTGCTTTAAAAGATCTGCAAGGCAAGATCTGGCGAGAGGGCTATGAGGAAGGTGACATCTCCTCTTCACTCTACCCAGAAACTATCGAGGTACTAAGCAAACTAAAACAAAAAGGTTATGTCCTTTCAGTATATTCATCAGGCAGCATATCAGCTCAAAAGCTCCTCTACAGACACACGACTAATGGAGATCAAACAGCACTCTTTAGCCACTGGTTTGATACTCGTACTGGCAACAAAAAAGAAAGCAAAAGCTATAGCGATATCTCCATAGCTATGAACATTCCCGTAGAAAAGGTGATGTTTGTTAGTGATAGCTGCGCAGAATGTGATGCCGCAAAAAAAGCAGGGATGAGTGCTTTATTCAGTCTTAGGGAAGGCAATCCAGAACAAGACCCATGCGATCACAAAG
