gap_id	start	end	length	sequence
CP137887.1_gap1	13411	14530	1119	ATCATGAAGGAAGAAGGGAAAGTAGCCTGGCGTTGCACCAACTTCACCTGCCCCGCGCAGGCCGTCACGGGCATCACCCATTTCTGTTCCCGGTCCGCTCTGGATGTGGAAAGCATCGGCTCTTCCGTGGCGGAAGCGCTGAGAAGCTCCGGATTGGCGTCCTCCGCGCTGGACCTTTTCTCCCTGATGCCGGACCAACTCGCCAACCTGAACCTGGGCACGCCGGAAGAACCGCGCCGTTACGGGGAGAAGAATGCCCGGAAAGCTCTGGACGCCCTGCAAAACGCGCGCGGGCTTCCTCTGGAGCGCTGGCTCATCGCCTTCGGCATTCCCCTGGTGGGGGAAGTTGTCGCCAAGGCGCTGGCGGACACGCATCCCGACCTGAAGCATGTGGCGGATTCTCCCTACCTCCGGGACATCGTCCGCCTGGATGAACTGGTGGAACAGGCCGCCAAAACCAACCCCAACACCCGCGAAAACAAAAAGGCGGTGAAGGAAGGCGCGCTTTCCGCAGAGGCGGTACAGGAGCGCCACCAGGAACTGATGGAGGAAATCGACCGCCTGACCGCTCCCTATCTGGCAACGGGCTACCTGCGTAAAAACACGGCCAAATTCAGCTATGGCTCCGAAATCGGCGTGGCGGCGGCCAAATCCCTCCGGAGCTTTTTCGCCTCCGCAGCAGGGAACCATACCATGGATGTCCTGCACGGACTGGGCATCAATCCCCAATCCCAATCTTACCGGGCCAGCCTTCTCGAAATCCCGGCGGGCTCCCTGTCCGGCAAAACCTTCGTCATCACAGGAACGCTCAGCCATCCGCGGGATTACTTTGAACAGCTTATCGCCTCCCACGGGGGAAAAGCCACCGGAGCCATCTCCAAATCCACCTCCTGCCTCCTGGCAGGCAGCGGAGGAGGCTCCAAGCGGGACAAGGCCCTCAAACTGGGCGTGCCCGTCATTTCCGAGGAAGACTTCTACAAAATGATCGGAAATTAATTGCCGCAAAACAGCGGAAACGGGAAGCAGGAACTGAAACGCACGCATCATGCGCCCGGCTGCCCGTATCTTCGTATTCCCTTCGCTTTTTTCCGTGCGCCGTTTTCCGGAAATTTCATTCCT
CP137887.1_gap2	174948	178633	3685	GCCAATGACGGGGCATCGGGAGCTGCGGCCATTCTGGAGACAGCCCGCATTCTGTCCGGAGACCCCGCACGCGCCGGAAATTTGGAGCTTGTGTTTTTTGACGGGGAAGAAAGTTTTGCGGAACATATGGACAGCGACGACGGCCTGTACGGCTCCAAGCATTACGCATCCTCCATGCGGCAGCCGCTCCCCGAATGGATGATCAATCTGGACATGGTGGGGCGGCAGGGTAAAAAGATACGCATCCCGGCCATGACGCCCCAATCCATGTACCGGGTTTATTCCCGCGCCATCCGTGAACTGGGTTATTCCCCGGAGGAATGGGGAGTATCCGGCTATGCCATCCTGGATGACCACGTTCCTTTCATGGAGCGCGGCGTGGACACGCTGAACCTGATTGACGACTTCCAGGACGGCAACTGGTGGCACACCTCCAAGGATAACATCGGCATTCTGGGCGAAAAATCCTTCCAGCAAACCGGGGAAATGACCCTTCACATCCTCCGGCAACTGCTTCCCGGCTCGCCCTCCACCTGACCAGGCAGCTCTGACCCTCCAATTATCCCTGTCCCGCCATGTCCTTCAACTCTCCCTGGCTGCTGTGGGCTCTCTTTGCAGCCTCCGTTCCCATCATCATCCACCTGGTCAACCGGTGGCGGCACCGTTCCGTCCCCTGGGCGGCCATGGAATTCCTTCTCCGTGCGGCCAGGGAAACACGTGGAACAAAAAAACTGCTGCACTATCTGATTCTGATGCTGCGCGTGATGGCCGTGGCGGCACTGGTAACGGCCTTTGCGCGGCCCCTGCTCGGAAGCTTTTTCGGCTGGGGGAGCTCCGGATTGAATGAAGTCCTGCTGGTTCTGGATCGTTCCGCCTCCATGGATGCCCGCCCGGACAAAACCAGCTCCCTCCGGGATGCCATCCCCCCGCTGGTGGAATCCACGTTCGCGCAGCTCGGCCACTGCCGCCTGTCCCTGCTTGATTCCGCCACCGGAACCGTGACCCAGATTCCCGCTCCGGAAGCCCTGGCGGATCTGACTGTAAGCAAGACAACGGATGGAGGCGCGGATATTCCGGCACTTCTGCAAAAAGCCATCCCGTACCTGGAAGAATCCGGCGCAGGAAAGACGGAAATCTGGATTGCCTCGGACATGCAGGCCTCTTCCTGGAAGCCAGACTCCCCTCTCTGGCCCGGTGTGCGCCAGAGGCTGGCCGCCCTTCCCCTGCCCCCTTCCATCCGCATCATGGCCCTCCGCGACAGGCCGGAAAGCAACCGCGGCATCAGAGTCCGGCAGGCTCAGGTAAATAACGGGAAACTGGTGCTGGACCTGGAAGTGCTGCGGCAGGGTTTCAACCCCAACCAGCCGGAGGACGTGCCGATGCAGCTTTCCGTGGATAACGCCTCCTCCTCCGCCACGCTGCAACTGGCAGGGGAAAACACCTCCATCCGGAAAGAAATACCCCTGCCGCAGGGCAAAGAATCCGGCTTCGGCTTCGTTGCGCTGCCTCATGACGACTTCATCAGGGATGACATTTCCTTCTTCACCTTCGCCCCCAAGCCTCTCGCCAACATCCTGATTTTCGGTCCTTCGGGAGAAGTGGGGAAAACCCTTTCCCTGATGTCCGCCCCTCCCGGCCTGCCCGGCAGGAAAGCCACGATGCCCGGCAATACGCGGGAAGCTCAGGCTAATCTGGCCTCCCAGTCCATGGTCGTCTGGTACGGGTCGCCGCCGCGCGCGGAAATGGAAAAAAAACTCCAGACATTCATTGAAGAAGGAGGAATAGCCCTTTTCCTGCCTGACGACACGGAACACGGAACACGGCATTCATTCCTGGGCGTTTCCTGGGGCGCGACGGAGACGGCTCCGTCCGAACAATACTACCGTCTGGAAACGTGGGACCGGCAAAGGGGATTCCTCCGCGACGGTTCCGATCAGACACCCATCCCCGCCAACCGTCTCCGCGCCGTGCGTAGAAAACCCCTGCTGGGCAAATACCGCACTCTGGCCTCCTGGGATGACGGTTCCTGCGCTCTGGCCCAGGTCAGGGCCGGAACGGGGTCCGCTCTGTTCCTGGGAACGCTGCCCAGATATTCCTGGTCCAACCTGGCGGACGGCCACCTGCTGCTCCCCCTGCTCCAGCGCATGGCGGACCGGGGGGCGGAACGCTTTTCCACCTCCATTTCCCTACGGGTGAATGACGCCTCCCTGCCGCAATCCGCCACGGACACCCCCGTGCGCCTGGATAATGCCCAGGGAAGCCACCCCTCCGGTTCTCCGGCCGATACGGCGGGCGTGTACCGACTGGGAGCACAAACCTACGCCGTGAACCGCCCCTGGCCGGAAGACATGCCTGACCAGATTACGGATGAAAAACTCCACCTCCTTCTGCCGGAAGCTTCCATCAGTTCCATGCAGAGTGCAGAGAAAGCCCCCTCCCTGGTGCAGGAAGCATGGAAGCTCTTCCTGTTCTTCGCCCTCGCCAGCCTGCTGATGGAAGCCCTCCTGTGCCTGCCCGGCCAGACGGCCAAACGCCCCTCCCCCACCACCCGTCCATGAACCTGAGCCTTCAACCTACTGCGTCAAGCGTCATCCTGACCGCCCTGGTTATGGCGGCCGGCATCTGGATGAGCTATATCGCCTGCAAGCGCAACCGCCGGCCGCTGACATTCAAACTGGAAATTCTTCGCCTGGCAATCCTTGGCTTCATTTGCTTCCTGCTCTTCCAGCCGGAATGGATCATCACCTCCGCCCCGCAGGAAAAACCCAAGGTTTCCATTCTGGAGGACCGCTCCGGCTCCATGGAAACGCAGGATGTTGAAATCTCCCCCCAGCATGTCGTCACACGCACGGCCTACGTGCAGGAACTGCTCAAGGGCAACAGTACGGAATCCCTCAAAGACACGCATGTAGTGGAATACGCCTCCTTCGGCGCGCCACCTGCGCCGGACTCTCCGGATTATGCCATGGCCGGCACAGACCTAGCCAAGCCGCTGGAGGACGCCATGCAATCCTCCGACAACCTCCGGGCGGTCATCATGTTCACGGACGGCAGCCACAACGCCTCATCCTCCGTGCTGACGCAGGCCCAGCGCATGCGCACCAGGGGCATCCCCCTGTTCATCATTTCCGCAGGCAGCCCGTATCCCCTCCCGGACCTAGCCCTTCAGGACGTGAAAGCCCCCACTTACGGCATCATCGGGGAAACGGTGCAAATACCCTTTACCATTAAAAGCACGCTGGGCAAAGAAACGCGCACCACGCTCATCATGACTTCCAGGGATACAGGAAAAACCGTCACCCGCACGGTCACCATTCCGGCCCAGGGGGAGGTATCCGACGCGGTTCTGTGGAAAATAGAAAAAGAAGGAGCGGAAACGCTGGAACTCAAACTCCCGGTCCAGCCCCAGGAACGGATGCACAATAATAACGCCTCTTCCTTCAGCATCTCCGGCAGGAGGGAATCCATCAAAGCACTGGTCATCGATACCCTGCCGCGCTGGGAATACCGCTTCATCCGGAACGCCCTGTACCGGGATCCCGGCGTGGACGTGCATACCCTGCTCTTTCATCCGGGACTGGAAGAAATGGGGGAAGGCCCCGGGTACCTGGTCAAATTCCCGGACAGGATGGAAGACCTGGCCCGGTATGACGTCATCTTCATCGGCGACGTGGGGCTGGGCTCC
CP137887.1_gap3	179820	180849	1029	CATTTTTTTCCAGGCCGCGGCCATTTCCCCCTGTACATCCTCCGGAGTCTTCCCATTCAGCAAAACAGCACGCGCCTTCCCGCCGCCCTCCGCATCACGAACCCTCAAATAGCTTCTGAGGCGCTCCGCCTTTCCGCTCCCTTCCAGGTGGCTCCAGTAAACCATCCACAACAAATCGGCCCAATACTGAAGCGTTCCTCCCCTGGAGGAAACGCCATGCTCCGCGGCGGAATGTGCTGAATCCCTGGACAGCATGTCCGCCAGGGCCGGCAGAGTTTCTCTGCCCGTACGGACGGCGCGCGGAACCATCGCGGCCAGCCTTTCCGGAATCTTCCGGAATACCGGCGCTTCCTTCTCCATGGGAAGAAAAGCCATGTACGCGGAAAAGCCGTCCACCAGCCAGTGATCCCAATCCATGGACTGCGCCGCCCAGTGCGTGACGGCAAAGCGCGGATCCAGTTCCGGCTTCAGCAGCTTTCCCTTCTTATCCCGCAACAGCAGAGCCGTGAAACTGGTAGGGGAAAACTTGAGATGCCCGTTCCGCAGGCCCGGAGCCCTGTTGAAATCCTCTTCCTGGAAACATACCCTCACCAGATACTTGCGGGAAGGCCGGCGGGCCACCGCCAGATTCAACGGAACAGCTGCCAGGGCAGACAGAATGGTTTCAAAACGCCGGGCAAGGATCATACGCTCCGCTTCCGGCAGCTTTCCGGGAGACTCCATGATGAAATGATCCGTTTCATACACACTCAGCTCCTCCGTCTCCTGCACGGTTTTCACCAGCAGGAAACCGGGAACAACCACCCTCTCCGGCCAGGGAGCATCCCAATTCGGCTCCAGGGGAACGTACCGTCTGCCGAAATCCCCCTGCACAGGAGGATTCTCAGCCCCCACATCCGTATCAGGAAGCGTCCCGCCAGACTTTACCCATTCCAGAATATATTCCTGGTCGGCTCCGGAAAAAATATTCTTGGGAACAGCCACCACGCGACCATCCTGAAGCTTCAAATCCACCTCCGCATCACGGAC
CP137887.1_gap4	327850	329379	1529	GACCGGCTGACACGGTCCTCTGGCCGGATTCACGGCTCAGGGTTAGATCCTCCAGTTTCAAAGGGTGGTGTCTCATTGATGACTCGGACGCCCCCTAAAGGGCATCTTCAGCGTCTCCCACTTACTCTGAGCATTAAAACCGAAGAAACAATGACAGCTTACAGTTAAGGTCTATAGGGTCTTTCCGTCCTTCTGCGGGTAGGCGGCATCTTCACCGCCACTACAATTTCACTGAGCGCCTGGTTGAGACAGTGCCCAACTCGTTTCACGATTCGTGCAGGTCGGAACTTACCCGACAAGGAATTTCGCTACCTTAGGACCGTTATAGTTACGGCCGACATTCACCGGGACTTGGGTTTAGAGCTTCGCCTTGCGGCTAACCCCTTGCCTTAATCTTTCGGCATTGGTCACGTGTCACACCCTATACTTCGACTTGCGTCTTTGCAGAGTGCTGTGTTTTTGATAAACAGTCGGTTGGGCCATTTCTCTGCGGCCTGCATCGCTGCAGGCACCCCTTCTTCCGAAGTTACGGGGCTAATTTGCCGAGTTCCTTAACCAGGTTTCACTCTTACGCCTTGGTATATTCTACCCACCCACCTGTGTCGGTTTGCGGTACGGGTCGCTTAGCATACGCTGGGGCTTTTCTTGGCACTCGATCCAATGATGCGCTGAGTCCGTGGACTCAACTCGGAATTCAATAACCTAGTCATCTTTTCTCATGCGTCCCCCCAGTTTAAGGGTTGCGAGCTCAGGATTATTAACCTGATGTCCATCGCCTACGCCTCTCGGCCTCGGCTTAGGTCCCGGCTAACCCAGGGACGAAACACGTTGCCCTGGAAACCTCGGGTTTACGGCGGCCGGGGATTTCACCCGGCTTAACGTTACTCATGTCTGCATACTCACTTGCATGTGCTCCAGGGTCAGTCGCCATCGCCCTTCGACGCGCATGCAACGCTCTTCTACCACTCTGCCTTGCGGCAAAGTCCAGAGCTTCGGTATAACGCTTGATCGCCAATCATTTTCGGCGCAGGATCACTCGATGAGTAAGCTATTACGCATTTTTTAAATGGTGGCTGCTTCTAAGCCAACATCCTCACTGTCTGTGTAATCCCACATCCTTTCCACTGAGCGTTATTTAGGCACCTTAGCTGCTGGTCTGGGTTGTTTCCCTCTCGACAATGAAGCTTATCCCCCACTGTCTCACTGCCACGTTCCATTGCACGGTATTCGGAGTTTGATAAGGTTTGGTAAGCGGGTGTGCCCCCTAGCCTTGTCAGTGCTCTACCCCCGCGCATCAGCACGTGACGCTGCACCTAAATGCATTTCGAAGAGAACCAGCTATCACGGGGTTTGATTAGCCTTTCACTCCTACCCTCAGCTCATCAGAGAACTTTTCAACGTTCACCTGTTCGGTCCTCCACATGGTTTTACCCATGCTTCAACCTGGCCAAGGGTAGGTCACCTCCGCTTCGGGTCCAGTACCTGCGACTTATTGCGCCCTGTTCGGACTTGCTTTCGCTGCGACTCCG
CP137887.1_gap5	336241	339363	3122	AAGAATTATTCAAAAGTTCAAATTTTCTTTTCCACGGGAGCATTTCTGAAAATGCACTGTTTGCATACCCATGCCGGTATTTTTCTAAAACATCGCAGGTTCTCCGCCAGCCTGGCCTTCCGGGCCATTCTTCTTAATCTTTCACGGAACCCTTTCATTTTTTTGTTCCTTTTATCACGACGGCCACAGACTATCCTATCTCTCAACACAGAGAAAAAATCTTCAGCCACATTACATCATCCCTCCAGCTTCGAAAATCAATCACTATTGATTGGAAAAACAGTCCGAACCATGCGTAATAGTGCTTCTATGCAGCCTGTTCACCAGAGTTAACCATACTTACCTTGCCTCTCCATTTTTAAGAAAGCCGGCTTTTGGTGAAAAAGCTCTTATCGCATGAAAAACCCCGTATTCTTAAAAAGAATACGGGGTTAAAAAATGGCACGTCCAACTGGATTCGAACCAGTGACCCACTGCTTAGAAGGCACTTACGGACGTTAAACTTATTTTAACTTTTCTAGCATTTTCAATGGGTTATTTAATCCTCCCCCCTTTCATAATTGTCCGCACTTATCCGTATTTGACCCTATTTAACCCCTTATACGGACAACCTACGGACAACTTGCAGTGCGTCACAGCTTCTTGCTCGTGTTCTCGGTAATTCTTTCCAGAAGGAAGAGTGCCAGAAAAAATCAGCCTTGTCTATTTTGGACTTGCAGAAAAATACTATCTGGAAATGATAAAAAGCAATGGAACAGTATTACATTGCAACGGAGGAAGGACAGACGGAAGGGCCGTATTCCTTTGCATCACTAGAAACTTTCTACGCCGAAGGCAAGATAACACAAAAAAGCCTTGTTTGCATTGCTGGCGGTCAAGAGTGGGTGCAGTTCGGAACGGTTTTAGAACAGAAGTGGAAAGAGAAATCTGAAAAAAACAGTTTGCAAAAAAAACAAGAGCGAACGGAAGCAACATCAACAGACGTAGAGCTTATACCAACTGTTGAGGGATTATTCCAGATCATGGGTATTCTTGCTCTACTCGCTGGGGTGATACTAGCTTTATGCAACACGGGGCCAGGATATGCCGCTATTGGTATTATTTACCTACTTTCCGGAGCCTTCTCCTGCCTTGGGTGCTTCTGGTGTGCCAAAGTCATTAAATTACTTTCCTGCACCGTTGACTTGCTTTCCGTCATAGCCAAGAGAGTATATAACTCCGGAAACTCCACGGATAAGCAATAACCGTTTCTCCTGAATCCACTGAACACAGAAACGCCCCGGACGAGCAAAACGTTGCGGGGCGTTTTCTTTTGGGCGAAGGATTAGGGAGCACCGGCATTATTCCAAGCGTCAAAGGTGGCATCATCTACTGTGAGAGTGATTGCATTGTCCGCTGCGCTGGGGGGGGGAGTGTGCCCCTGAGGTCAGGGGCGCGGGTGCCAGGGGCTTGTTCATCATCTTTTACGGTAAGGAAGATTAACAATTCCCCCGGGGCGTTTCTGCCTTTGGGTAGTATTGGCCCATTTACCTATTGCGTCAATTTGAGCATTGATTCCTCTCAACCCCTGGGTTAATTCCTCTTTCAATCCATTGATGGCACGTTTTGTTGCCAGTCCTAATTCCTGAAGCTTGGCAACGTAGAGCTTGCCTAATTCCCTCATCTCAGCTTCATCAATGTTTCCATCCGCGGCTGCGGCTTCAATATTTTTACGTATGGCATCAAGTGCCTTGTTGGCCAGGTCTGACTGCTGGGGGCTAGAACTTTCGCCCGTTTTCATGAGCAATCCCTGTACAAAAGTTTTAAACGCCTCTTTAGTATCTTTCTGCTGTTCCCGCTGAAGCTTCTTCAGTTCCCGGTCCCGCTCTTTTTCAAGCTTTTCCTGGGCCTTCTTGGCTTCCTGGGCTTCCTTTTTGTCAGCCCGTTTGTTGAACAGGTCAATATTGGCGGAATTGAGCCGGTCTTGCGTCCTGATGCTCCGCTCCTGATCAACAATGTTGCGTTCATAGGCCCCCATAATATCCCCTATCCTCCCGGCTTCTTCTCTGGCATCGGCAAGTTTGTCCGCAAGTTCTTTTGCCTTGCTGTTCTGGTCTTCCAGGGCTTTTTGATATTCTCCGGTTCGGCTGGTTACATCTGTTCCTTTCTGATAGGAGGGTTCAAAGTTCACGCCGGATTGGCGGAACAAGTCCCGGAGTTCATCTATTCTGACAGTGGCGGCATTTCCCTCGTTTTGGGCTGCATCACGGGCAGATAGAAGACGTTCCTTTTTCTCCTTCTGGCGGAGTAGCTCATTGTACGCTTCCCCCGGTTCAACTCCTTTACTCAGTGCAGTATTTACAACCTTTTCGAGATCAGCTATTCTCTTCTCTGTCTCTGGAAGCTTCCTGTTACTCGCATCAATCCGTTCCTGGGCTTTGAACTGTTGCTGGAACAGTCTTTCAACCTCCTGAAGGGAGGGCATCTGCCCCTGAATGAACTTCATATCGAAGTCCTTATCTTGCAAACGGTCACGGTTTTGAACGGCCGTATCCAACTGCTTTCCGTAGTCCATGAATTCCTTCTGCGCTACTTCCAGATCCCGGCGGCGTATTTTGTCGTCAAGATTCTGGTCAATCATCATCATGCCGTAGTCCCGCTGACGTTTGGTGATTTTGCCGTCTTCAAAGTCATTGTCCAACTTCACGCGGGCAAGCTCGGCTTCCTGCGTGTCAATCCCCTTCTGGCGGGCGGCTTCCTCCCTTCTCAACTGGATTTGCCGCTCAATTTCCTGGGTCTGCAAACGGTATTCCGCCGTAATGCCCTTGATGAAGTCCTCGAACCCTTTGTTGATTTCCTGCGTCCGGTCGGCTTTGTTATAGTCCTGGATGGCTTCATAACTCTTTTTGATAGATTCGGCAGCATCCCTGGCACGTTTTTTCATCCTTTCGGTTGCCTGTTCCGCCTGCCGCTCCAATTCGTCGCTTTTGGTCTTGAAGTGGTCAATCAGGGCGGTAATGCCGGCGGTCAGCCCCTGGATCAGCAGCATGGCCCAGCCCAACGGCCCCATCGCCGTTTTGATGGTGGTTCCGAATAAATGAATGAACGGGATCGCCCCGCGGAGGGCGCTGGACATGCCCAGG
CP137887.1_gap6	347505	350547	3042	TAGCCGTAATTGCCGCCTTCCACGTCCGTTCTTCCCTTCTCCGTCCATCCTTCCAGTTCCAACACAACGCCTTTTTCCTCGTTCCACACAAACCGTCCCGGCTTGTAAGAGGCGGGCCCCATCTCATGATCATAGAGCCCGACCGGTTTGACGTTGCTGGATAGCTTGGCTTCCAGGTCGGCATTGAGCCGGGGAACGCAGTCGGACGTTACCCGCACCACACACGTTCCCGGCTGGCCGTTGAGCGAGCATTTAATAGTATGTTCTCCTTTGGGGGCCCACAGGATAGCCATGGGAGCCTTGCCGTGGTTGCCGGCTACCGTCGTTATCAGCGTACTCATGCCCCCATGATGAGGCACAGTGGAGGTATGGGGCAATAGACGCAAAATGGGCTACAAAATATTCAAGCCGTAACGATCAGGAATAAAATCCCGGCTGGCCGAGAATAATATCTTGCCACCTCCCAAAGTTTTACGTAATATTATAATGGTATTGGGAGAGAATTGATTTCTCAGTCCCTGCTCTATTGAATTAAGAAAAAACACTAATTAAAAAAGAAAGGTACTTACCATGAAAATGATTTTTTTATGGGCCACATGTTTAGTTGTCATAACCGGTTGCAATGCTCCTCAAGAGAATCATGATCAAATTGAAAACGGTGGAACAAAAATAGAAAACAAGTCGGAAAATTCTAATTTTTACGGCACTTATGAAGGAACTCTTCCCGCTGCCGATTGTGAAGGTATAAAGACGACACTGACATTAAATAAGGATAAAACTTATATACTGAGGAGCGAATATATAGGAGAAGGAGAAAAAAGCGCAACTTTCGAATCAAAAGGTCATTATAATTTGATAAATGGAAACTTGATTGAATTATCTCTAACCTCTTCTAATGAAAAATCTTATTATAAAATACTTGATGGTAGTAAATTAATGTTGTCAGACAAAGAAGGATCAATTAATCAAGGAATCTTATCCGAACATTATATTTTAAAAAAGAAATAAAACTATTTCTATAACAAATCTTTTTTCTACTCCGCCGCAGTTTCCCCTCTGCGGCGGTTTATTTTACACCGTCTTTCAGCTTAGCTCTCCTAGTCAATTTATCCAGTCTTCGGAACCTCCCCCGTCATCAAGCATGGCATCCATGAAGTGTTTGAATGCTATGCCCGTAAGTTCTTCCATATCCGGAAAAGCCTCCGGCCATGGCGCAAAGATCTGCGACTTCTTGAGCTTATAGACGGCCCTGACTCCGCCATGCCCGTCCGATTCAAAAAGGCAGCCCGGCTCCAATCCGGAGCCGGTCATGCTGTTGCGAAGGTTGAGGATGCTTTTACGAAGAGTGAAAAGTTTGCGGCCCGTCATAGAGGCGTAAGCGCCAGCGCGAACGCCGTGCGCCTCCGGAATGACAGGAATGGTCAGCGCCTGGGCCCGCTTGGCCGTCACCGTGCCGCCGTAGATTTTCAATAACAGGGATTGTGCAAGGTCTAGAGGTTCCCCCCCGTTCCCCTCCCCTGCCTGCCCGGTGAGGTAGATGCGGGCACCGTCCGCCGTCGTCTCGGCAAACCAGTTTCGGGCAATGTCGTTGGCCCACCCGGTTTTCTTCCTTCCAGGCCCGTGGGTCGGCAGGGACGTGTTTTCAAAGTGTCCGGATTCCGCCTTGTTCCTGTACCAAGACGAAAGCCAGCTTTTCACTCCCTCCCCCATGCGTTCATTGGCTTTCGCCAAACTTTCCGGAGCTGCTATTTTTTTCACTTCTGCAATTACCGGGTCAACACCGTTCAAGTCGATCGTCAGGTTCATATCTCGTCTTCAATCCGATTGATTTCCCACCCCTTCCGGTAAGCTTCCGCGCTGGCGTCCCACAGGGCTTCCTGCAGCAAATCATCATTGGTGAGGTCCATTTCCGGAAGGCGGGCAAGCACAGCGGCCAGTTCCGCCCGAAATTCATGATCAGAAAGCCCGGAACGGGCTTTGCCGATCAATTCCCGGACAAAATCAGCGCATGGCTCGGCCCACGCCTGTAAAATTTCTTCTGCGGCCTTTTCCGCGTCCTGCTCCAACTCGACGGCCAGGGCGAGCGGAGCTAGTTTTTTCCCTCGGAGGCAGCGGCTTCAACGGCATCCCCGTATTGGCCCGGAGCGGAACCGATAGACGGGGCTTTTCTCAAGACAGGCTCGCCGGAACGCGGCTTGGGTATCTTGACGATGGTGCGGGCGAATTCTTCTCCTACATCCATGATTTCCGCCGCTTTGGCAACCGTTTCCAGGGCTTCTGCGTCAATGCCGCGGATAGAGGGAACAAATTGAGGGAGACGGGAAGGAATATGCCCGTAATTCAAGTGGATGATGGCAGGAATGAGTTGGGAATTGAGAATATTCGCCACGGCCTGCCCCGCGTCTTCAATGACCTCTTTGCGGATACCGGCATGCACTTTGCCAAGGGCATACGCCCCTCCGTCCCCCTTGGAACTGGTCAACGTTTGTCCCAGGATCAGGTTGTCGCATTGTTCGTCCGCCAGTTTGATCAAATCCGCCTGGGGCAGCCCGTTGGCTCCCTTTACGGCGTCATGAAGCTGAAACTCCATATTCTGCGTTGTGACGGCCCATCCCCCGGAACCAAGGTTTTGCAGCATTTCCGCCGCCTCCGTTTTTGCTTTTTCGTCACCCCTGACTTTAGCCGTCCGGAAAGGGATGCCGAAAAGCTCGCAAAACGTCATCAGCCAGGGCAACCCGTAACAGGCGGCTCCGAACCATCCCACAAGACACCGGAGCTTGGCGCCAAAAATAGGGTGGAACACGTCGGCCTTATTCAGCCCAATCAGGAACTTGTCCGGGGGAAATTCTTCTCCTTCCAGGTCGTTTTCCAGGCCGTTGCGGAAAAGGAGCAAACGATCCTTCCTGCCGTAGTTATATTCCCATGCGTAAAATTGAGCGGAAAGAGGCTCGTAACAGCGGGGGTAGATGATATCATCCGACGCCCATTTGATTTGATGAACGGTGTTGCCGCAAGTAAGCATATAGGTCAGGGATTTGAGCA
CP137887.1_gap7	364563	366479	1916	CTTCCGCCGGCGGTCCCGCCGTGGCGCTCATGTGGTTGTTGGCCGGCAGGTCCGCCGGGCGCGGAGGCAGGGACGCTCCGCCGCGCCCCGCCGCTGCCCTGTCCTGAGCCGCCATGATGGCCCGGGCTTCGTCCGGCCCCAGCACGTCTTCGCAGTTGCTGAATTCGGGATAAGTCCCGTCCGCCCTGGGCTTGTCTCCCTGTCTGACGCTGAGCCGGACGTAGCAGGGTTTGCCGAGGTATTCCGCCGGGTTGATGATGACCTGCTTGCCGGGTTGGTAGACGTTCCCGGTGACGTTTTTGACGAACAGGTCAATTTTCCAGGCCAGGTCTTTCGAGTTGGTCAGGTAGTAACGGACCGTCGCCGCCCCTTCAGGGCCGAAGGCTCTGATGTGGACGGCCAGCTGCGGGCATCCCCGCGTTTTGGCGCCTTGGGAGATTCCTTCTTCCATTTTGACGATTTTTCCTTCGTAGACGCCCGCGGGGAGGAATCCGTATTCGCTGGGCTCGCCTTCTGATATGTAACTGAACATAATGGTTATTTGGTGGTTGCGGTTTTGGAGACGGAGATTTTTTTAACGTAGGAGGAGCCGGCCCCCGTCCTGACCAGTTCTTCCGGGAATTGTTGTTCCGGCAATGCTTCCGCGAACAAGGCGCGGAAGATGTCCGCCTTGAGCGGGCCATAGGATTTCAGGAGTTTCGGGACGCCAATCCAGGTGGCGTATTTGGCGACGTCTTCCGGAGCGACGGTGTCCGTGCCTTTCCGGGAGACGCGCCTGAATCCGGGGACTTCCGTTCCGTTGTTGAGGTAGTCGAGGATTTTTTCTTTTCCTTTTTTGGCATAGGATTCCAAGATTCCGGCCTTGGTGACGAATTCCGCCAGCCTGGACGGGTTTTCCGCGATTTCGGCGAAGCTTTCTTCCAGCGTTCCGGCTTCCGCCAGGGTCAGCATTTCCTGCGCCGCCCGGTTCCGCAGCGGGCAGGTGTCCTGCGAGGCGCACCAGCCGCAGTAGTCGCAGAGGCGCGGCCCGCCGCCGCGGTCCACGGCGTCCACCACTCCGTTGACGATGGAGATGGCTTCCCGGTAGGTGAATTTCCGGGTGACGATTTGCTGCTGGTCGCAGTAGAGGAGGTGGCAGGTGATTTCATCCAGGAATTCCCGTTCCATGAAGGATTTCGCGTAAGAGGCCTGCTGTTCCCAGTAGTTGCGGATTTGGCCGCTTTTGAGGTCGAAGAGCTTGCCCAGCGCGGGGCAGAGGCAGTCCGCTTCCCCGCCTGTCACGCGGGGGTGCCATTGCGGGAAGGCGCAGCGGTTTTTGTCGGCAATGACTTCTTCCCCGGAGCAGAGCGTCCGGACCGTTTTCACCGCCCAGAGGATGGATTCTTTTTCATCGGCTTTCAGGTGTTCACACGCCCTGAATTCGTCCACGCCCATGAGCAGGGCCCGGAAGGCGTCGTCCATCCGGGTTCCCCGCCGGGCCGCTTCCCCCGCGTCGGGGGAGGAGACGTAGCAGGGGCATTGCGCCAGCTTGGGGAGCAGGGACGGCCTCAATAGTTCCGTGGCCGGGGCCGGACGGGGCCCGGCAATGTCAGCGAGGATTTTTTGCAGGTCGTCCAGGCTGACGGCGTATTCCGCTCCGTCCAGGGAGAGGACGGCATGCCCGGTTTCGCGGGCGACGTTGATGCAGGTGACGGGTTTCATTGGCACGCCCCTCCTTCCATGAATTCTTTTACGGAGTTATTGAACCGGGCGGGAGTTTTCAAAATCCGGGCGGCATATTCCGCCGGGACTTCTTCCAGCCCTTGTCCGGCAGTAATGATTCCGCGGCTGATCATGAAGGCGAGGGCGTCTTTTGCGTGGTCAATCACCGCGGCCAGGGCATCCGCCTGACGGTCTCCCGCGGATGCGTCCGGAGG
CP137887.1_gap8	387778	390564	2786	CAAACCTTCTTCATCGAACCCGATCAACACACAATCCACTGAGAGATGCGGATAAAATGCCTGCCTGTTCATTATGTTATCTATTATTGTAGTAAGTTCCCAGAATCGCATCAACGCTACGCAAGCGAACCAGCCAAGTCAACCAAAATCAAAATAGAAACGGCAATGAAAATTGCCGACCCGCTTGACCCCGGGAAACATCACGCCACTTCCGGAAGACTGCTTCTCACGGGCGGAAAAACGCGCCTGCGTCTTGCATTTCATCATCTCCCCGTCCATATAATAAAATCATGCAGACAGGTATCCTCAGGGGAATGTCCGTGCTGGCCGGGCTGCTATGGCTGGCATCCTGCTCGTCCTCTCCCAAAAGCCGGGATTATCCGGGCTACATGACCCGCCCCTATACCATCCGGGGGCACCGCTACCATCCCATGAACGTGGAACAGGCGCTGGCGTATGAACAAACGGGAATTGCCTCCCATTACAATGAATGTGCCCTTTGGGGGCTCGTCAGCGGAAAAACGGCGATCGGAGAAAACGTGCGCCCCTGGCACCTGCACGCAGCGCATCCCACCCTTCCCCTCCCGTGCGAAGTGCTCGTTCAATCCCTTCGAACAGGCAAAACCGTAAAAGTCCGCGTAAACGACCGGGGCCCCTTCATCAAAAACAGAATCATAGATCTTAGTGAAGAAGCCGCAGAACGGCTGGACATGAAGCACCATGGGCTGGACAAAGTCAGAATCACCGTCCTTTCCGTAGGAGACGGGAAATGGAAAAAAGAAGCGCCCCCTTGCGCCACTCCGGCCTGATTCCCTACTTCAACACATTCCGTGTGGTCTTAAAATGCATCTTGGCCACCTTGGGCAGCATTTCTTCCCCATGCAGGGCCACCAGCTGGCGCGCAGCTTTCACCACTTGGCCGGAAGCTCCCAGCGGCAACTTCATGCCGGCGCCCTCTCCCGCCGCATCCATCCAGTTCACAAAACGTTCGCGCGCCAGAATAGATGCCGCAGCCACAGCAACATCACTCTCCGCCCGGACACGCTGTTCCAGCCGGACACACACCTTTTTGGCGGCAAGCGCCCTCTTCAGAACAAACGGATTGGCGAACTGGTCGCTCAATGCCATGGGACAATCCGGCACCTTGGCCGCCAGCCCCTCAATCACCGTAGCATGCCCCCAGGCGAGAAAACGGTTCAAATTCCCGAACTCCGGATAAAGCTGGTTATACCGTTCCGGGCCAATGCTTACCAGATGAAACCGGATGCCCGGCACCCTGCGGATCCCCTCCGCCAGGCAACGGATTCTGGATGAAGACCCTACCAGCTTGCTGTCACAAACGCCCAGCTTGCGCAATGCGGCGCCGATGCCCCCGTCCACATAAACGCCGGCCACCACCAGCGGGCCGAAGTAATCTCCCTTTCCGCTCTCGTCAATCCCGAAGTGGGGAACAAAACCGCCTCCTTCTTCCATCTCTTCCGGCTGGGCCAAAACTCCGGTCACCTGCGGTTCCAGCGTAAACTCTATAAAATCATCCGTTCCCTTTCCCTGCAGAAGAAGCTTGTTCTTCTTCTCGTAAACCGTCGCCAGCAGGGAAGGCCCGGCAAAGGAAAAACGCGCATAGGGAACCTCTCTTCTTTCAAACCCCTTTTCCTCAAGAATGGACTCAAGCCTTCCGGCCTGGGCGTCAGTCAGCATGGTTGTAAACGTGGTTCGCATATATCCTTCCCGGAGCCGGAACACTCCGGGGCAAGCAATGGAAGCATCCCAACCATTCCGGTCAAGCAAAATTCCCGCATCACGCGGTTGAGGACGTAAAAATCAAGCATGCCACGGATTATGTGATTTTTTAGGAGACAAATCATGCACGCTGAACTATAAAACTCATACATTCATATCATTCTGCACTCCATATGGCTAAAACATTAACAAAACGAGACCTCGTTAACAAAATCAGCGCCGAAACCAACTTCACTCAGATTGAAGTGTTCGACATCGTACAGCGTGCCGTGGACATTATCTCCAGCACCCTTGCTGAAGGCGACCGTGTGGTGATTCGCAATTTCGGAACCTTCCAGGTGAAGGAAGTGAAGCCCAAAGTAGGCCGCAACCCCAAAAATCCCGACCAGGATGTGCCGATTCCGGCCCGCTCCGTTGTCAAATTCAAGGTTGGCAAGGAATTGAAGGATCAGGTCGCCAAGCTGACCGCCTCCAAGTAATCCCCACAGGGATCAGACAGATTACTCCGGGCGTCTCCATCAAGCAATGGAGGCGCCTTTTTGTTTGCAATTTGCGCGGCATTCGGGAATATAAGGGAACGTGAGCATGTTCCGGATACAGCACCTTCTTCTGATCACCGTAGCAGCACTTTGCTCCTGTGCTACAGAACGCACGGTAGCTACAAACTTTCAGCCCCGGCAACGCCCTGATTCGGAAAAAACGGACGCAGAGCTGATGGATGCCCTGGAAGCGAAATTCGCCGGCGGCTTCGGCCAGCAGACGGACAAGGAAGGAAACACCAGGATGGTGTCTCAAAAACGGAGTTCCTTTGAAGGGCTTCGGTACAGCGGCAACACGTCTCAAATCGAAAAAAAAGCTTTTGAAACCGCATCCTTTGAAAAAAAGAAATTTGACGGCGCCTCCACCCGGTTTGAAACGAAGAAATGGGACGGCATCAAATCCTTCACGGATGATAAACTGGAAACACCGGACTTCATCGCCCGCGCCAGGGGAGTAAATACCCACTCCTGGCAGGATGCCTCCAAACAATACGCCACGCAGCAATC
CP137887.1_gap9	391717	393956	2239	GCCAGGCAAACAGACACCACAGCGCAAAAACCGCCGGCGCCCAGTAAAAACAGGCGCATCAAAAAATCTTGGAGGGTCATATTCACGGCTCTTCCTCCTTCCATTCGATGGACATGGTGCCGCTCCGCGGCTCCCGGGACGGAACCCAGCGCAAAGACCGGGCGAACCTCATTGCGGACTCATCCGCTCCATTACTTCCGGAAGACTCCAGTAACAAAACTTGAGAAGGAACGCCCCATACATCCACCACCACAAAAAAATCACTCCTCAGCCCCGTGTGATCTTCACTTCTGGAAAAACCGGACAGGGAGCCGGCTGTAACAATCCGTCCATCCAGCCCCGGGGAACAAAAAGACAAATAGGGAATGCATGTTCCGGAAATCTCCAAGGAAGGATTCATCATGGCGCGTATATGAAAATCCGGATGCTGCCACATACGCCAGACCTGATCCGCCACAGTGGGCACGGACACGGGGGGGAGAGGGGCCAGAGGCGTATCTGCGGAACGCGGAGAAGGCAAAGTCACACCCATTTCCCCGGTCGGGCCGGCCGTCACCGGATCAGCCCAAACGGGGCCTCTCACAGGCAGAGGAGTATTGCGCAGCACATACTGATGCAGGCGCGGATTATCTGCAGGCAGCAGCACCACGGCACCCGGCTGATCTCCCCTGCTGCGGATTTCCGGCACCTCCACATGGACAAAAAGGCCGGCGGCAAAAGCGCAAACGCCAAAAAAAAGCATCCACAGAAAAATACGCCAGCGCAACAGGCCGGTTTCCCTCCAGTCAAACGTCAATCCCAAATGAAGGTCGAAAATTTTATCCCGGCTCTTTTTATTCAGCTTCATGAGGTAACAAGGGAAAAAATCAATCCGCGGGCTCGGCAGCAATATAACACGTCATCCCCTTGGCAAGCACCATATCCACCAGCTGCTGTTCCAGGGCCCGTGAAACGGAATCATCCAAACGCAGGGCAATCCCCATACGGCTCCCATTCTCCCCATGCTCCCGAGAAATCCGGTCCAATTCTGAGGAAACGCCGGGCAACCCGCCTTCAATCAGGCGGTTTCCGATATAAAAAGCGGGCTGGTCGCCAGCCGTAACTGAAATAAACTCAACATCCCCCACAATATTCATCAGAAAATGGGAAGAAGGAGCCTTTACCTCATACCCGTACGCCATTCCCACACGGGAAGTCATGATCGTCAGCACGCAGACAAGAACAACCAAATCCAGCAGGACGACCACCTGAATGAAAAACGCCCCGGCGGGCAATGTTGAACGGGTCTTGATCTGCATGCCTTTCCTCCTTCCCTGTTGCACTCACACGCCCCGGCCATTCATGCTCTCTCCGGCCTCGCGCCTCTGCCGGGCATCACACACCAGGCAAACGGCCTCCGTGCCGGCCCGTTCCAGGGAATGTACAATCTGGCGGGAGCGGGAGGCCAGGTAGGAATAAAACAAATAAGCGGGAATAGCAATGCTCAGCCCCAGGGCGGAACTAAGCAGGGCCTGGTAAACGGCATCCGACATGGCAAGAGAGGGAGCCTTCCCTTCCAGAACCCCCGGCTGGGAATAAAATCCCACCAGCCCCTGGATCGTCCCCAGCACGCCGACTAGCGGGCTCACCGTAGCCACTACCAGCAATCCGCGGATATTCTTTTCAATCTGAAACACTTCCATCTGAACGGAATCCTCTGCCACAGTCCGTAGTTCTTCACGCCTCAATCCGGCATGCGCCAGCACGGAAGAAACCACGCGGGCCGCAGGTCCCGGTAAAATGGAAGCCTCATGCCGGGCTTCATCCGTCTTTCCGGCATTTACCAGCTTGGAAATACCTCTTAAAAAATCTCCAGTATTAATTTGAATCCTGTGAAAATACAAAATCCGCTCCGCGACAACCGCCAGCGCATAAACGGCCAGAACGCTCAAAACCCAGAACAACGGACCTATCTTGATGATCAATTCATTCATAACCCTCTTTCTCGCGTTAGATCATGCACACTTCCCATGTAAATTCAACTCAAACCTATGTGGCCCGGCAGCCGAGCTTCTGCAACAGCCGCGTTCCCGCCCATAATAAGACGGAACCAAGCCACAGCAGGGAACCGAAACTCAGGAGCCATACCGCATCAAACAGGCACATGCCGGAAAGCAGCACCGTCACAGCCCTTTGAACCCGGGGCCTGCCCGCCTCACGCCGTGCTACGGCGGAAATCACGCAGGTAAACAAAAACAGG
CP137887.1_gap10	398769	403058	4289	TATGGTGCCCCGAAGCAAAAACCAGCTCACCTTCAAGGTAAGCGGCCCCGCGGACATCGCCGGCATCTGCAACGGTGATCCCACGGACTTCACCACCATGGCGAATCCGGAAAACAAGAAAATCATGAAAATCAAGGCCTTCAATGGTCTTGCCCAGGTCATTCTGCGCTCCCGCAAGGGAGAATCCGGAAAAGTGACGCTCCAAGTCATCTCCAACGGACTCAAGCCGGCTCAGACAACTGTGACGGTCAAATAAAAAAACAGGAAAAACTCCGTTCCAGCCGCCGGGCTCCATCAGGAACCCGGCGGCTTTTTCATCACATTATTCCGGGGAAAAAGAGCCATCTTTCCACCCTCTCCCGGACAGGTAGGGATTGAAAGAAAAAAACTTTATGCTACCCTTTTGCCCATGTCTGATCTGCCCAAAGCATACGATCCCTCCCTGGTGGAAGAAAAATGGCAATCCCGCTGGATTGAAGAAGGTTGTTTCAAGGCTGACCCGGCTTCTGAAAAGCCTGCCTACTCTGTCGTCATCCCTCCCCCCAACGTCACGGGAGTGCTGCATCTGGGCCATGTACTGAACAACACCATCCAGGACATCCTGGTGCGCCGCGCGCGCCAAAAAGGATATGAAGCCCTCTGGCTGCCCGGAACAGACCATGCCGGAATCGCCACGCAGGTAAGGGTGGAAAAAGACCTCAAACAGACAACGGGCCGGAGCCGCCACGATCTGGGCCGAGAAGCCTTCCTGGAAAAAGTCTGGGAATGGAAAGAAAAACACGGAGGCATCATCATCAACCAGCTCCATAAGCTGGGTTGTTCCTGCGACTGGGACCGCGAACGCTTCACGATGGATGAGGAATACACCAAAGCCGTTGGACAGGTCTTCATTGAACTCTTTAAGGAAGGACTCATCTACCGGGGCCGCCGCATGGTCAACTGGTGCCCTGTATCCCTCACGGCCCTCTCTGATGAAGAAGTCATCATGACTGAGCAGAAAAGCAAGCTCTACACCGTTCTTTACAAACTGGAAGACGGGTCCGGAGCCCTCCATGTAGCCACCACCCGCCCGGAAACCATCATGGCGGACGTGGCTGTGGCCGTCAACCCGAAGGATCCGCGGTACGCCCACCTCATCGGGAAAAACGTCATGCGCCCGCTCAATCCCACCCCTATTCCTATCATCGGAGATGAATATGTAGAAATAGAATTCGGCACGGGCGCTCTGAAAATCACTCCGGCCCATGATAAGGCCGACTTTGAAATAGGCCGGAAATTCAACCTGGAAATTATCGACATCCTTACCCCCGACGGTCATATCAACTGCCCGGAAGTGCCCGAACTCCACGGCATGGACCGCTTTGACGCACGCCGCAAATCCGTGGAAATGCTGGAAGCCTCCGGCCTCATGGTCAACGTTGAAGACTATGATAACAAAGTCGGGTTCTCCGAACGCGCCAATGTCCCGATTGAACCGCGCCTCTCCATGCAGTGGTTCCTCAAATACCCCTGCGTGAAAGAAGCCGCGGACGCCGTAGCGGGAGGGGATATCACTTTTCGCCCCGCGCGCTGGGCGAAAACCTACGCCCACTGGCTGGAAAACATTCAGGACTGGTGCATCTCCCGACAGCTCTGGTGGGGCCATCGCATCCCGGTCTGGTACCGCAAAGACAAGGCGGAAGAACTCAGGAACGCCCCGGCGCTGGACGCCTCCGCACTGGAACAGGGCTTCCTCTACGTGGGAACCGAACCGCCCCAGGACCCGGACAACTGGATTCAGGACAACGACGTAATGGACACATGGTTCTCCTCCTGGCTGTGGCCTTTCTCCACCATGGATGAGGAAACCCGCGCCAAATTCTATCCCACTACGGATCTTGTCACGGGACCGGACATCATCTTCTTCTGGGTGGCGCGCATGATTATGGCCGGATACCGTTTCCAGCATGACAAACCGTTCAGCAACGTCTTTTTCACGTCTATCATCCGTGACAAAATCGGGCGTAAAATGAGCAAATCCCTGGGCAACTCCCCGGATCCTCTGGACCTGATCGCCAACTACGGAGCGGACGGCCTCCGCTTCGGACTCATGCGCATCGCCCCCACAGGAACGGACGTGCGCTTTGATGAAAACCAGATCAGCGAAGGCCGCAACTTTGCCAACAAGCTGTACAATGCCACGCGCTTCCGGCTGATGCAGGGAGATGCCAGGGGAGAAACGGCCCCTCACTACTCATCCGTACATATCTCCATTATCTCCAAGCTCAAGCAACTGCATGCAGATGTAGAAAAAGCGCTGGCGGACTACGAATTCAACGCCCTCATCCAAACCCTGTACCAATTCTTCTGGAACGAATACTGCGACCGCTTCCTGGAAGCCGTCAAGGGTGACCTGAAGGACGGGGCGGACCCAGCGGCACAGGCAGCCACGCTCACCACGATGGACACGGTGCTCAGGCACTACCTGGCCCTTCTGCATCCGGTCATGCCTCATATCACGGAAGAACTCTGGGCCTCCCTGGGCTTTGCGGAAAGCAACGGCGGCCTGCCGCTCATGCGCACTCCTCTCCCCTCTGCCGAAAACCTCCTGGCAGGACTTGATGAAAGCCGCATCACCCTGGCGAATACCCAGGCCGCAGCCCTTTATGAAACGGCCAACAAGGCCCGCAACCTGAAAGCGGAATACGACCTTTCCAACAATAAAAACGTCAGCTTCATCTTGAAAACTCCCCACGACGTACCCCAGGATATCCTCTCCCGTCTGGCCATTTTGGCGAACGCCAAATCCGTCATCCGGGACGCAGCTTACTCCTCCCCCAAGGGAACGCCTGCGGCCCTCACGCCGCTTGGGGAACTCTTCCTGCCCCTGGAAGGCCTTATTGACGTGGAAGCGGAAAAGGAACGCCTGGGCAGGGAACTGGACAAAATAGCCAGGGAAATCGCCAAATCCGCGGCCAAGCTGGGTAATGCGGGCTTTGTGGAAAGAGCTCCGGCAGAAGTCGTGAATCAGGAAAAAGCCCGTCTGGCGGACTGGGAGGCAAAACAATCCCAGTTAAAAGGGATGCTTGATTCCCTTTCCTAACCATCTATCATTCCGGGAATGAATAATATTCAAAAGTACTTTGCCGGCCGCGAGCAATTCATTGAATTGCTTGAAGCGGTGGGCATACGTACTCTTGAACAATTCGCTTCCGCGGACCCCTCCACCGTTTTGCCTGAACTTCACCAGGCAAAACGGATGCTGAAACTGCAGACGGAAATTCCTTCCGCTCCCGTTTTCAGGGAATGGGTGAATCAGGCTCTTTCCTCTCCTACTGCGCCGGAACCGGAGCTTCTTCCCATCCATGAGGGCGACGGCCTCCCCCTTGCCACTCCCGTTGACCCTCCGATTACTGATTCTTTAGAAAACAGAAGGGAACGTGGGCGTTCCCATACGGACGGACCTCCAAAACATCTCTCCGCCAAGGCCAGGCTGCAGGAAGAACACAGCTACCAGCCCGCAAAACATGTTCACACCCACAAGGAGCCGAAAACCTACCTTCGCAAAAAAGGCATCAAGCACATGACCTCCTTCCGGACATGGATGGGAGCCGTTATCGTCCTGCTCCTGTTCATCTGCATCCTCTTCTCCATTTCGGTCACCACCCTTGTGCTTCTCAATGGAGAACGAGGCTGGCCGTTAATCAGCCTCTGCTTCGGCCCCTGGATTCTGGCGCTGGTTCTCTATCTTTCCCTGGCGCTTCCCCGGAAATGCAGCGTGTGCAGGGCCCATGTCTTTTCCTTTAAAAAATACACCCGCAATAAGGCGGCCCACCACATTCCCCTGTTCGGCTACGTATTCGCCACGGCACTGCATATATTCCTCTTCCGCTGGTTCCGTTGCCCGGCCTGCGGTTCCTCCCAGCAACTGGGAAAACCCCGTACCGAACCGCACAGGCATTAACGAAGCTTAATTCCTGCGCCAGGCTTCACGGTATCCCGGCCTCCTGCCTCCTTTCTTCCCCTTACCTGGCATTCGGAAGGCGGTTCCTCCATCTGTCCGTCCCTTCCATTATCTGCCCCTATTCCCTGCACTTCAACCCCACGCTCTGACGGGACAGGAAGCCCCTGCCCGCTTCCGTATCTCATGGAACGGCTCCCGGCAACGAATCCCCCCTTCCCGGTAACTTATTCTATAAAGAGCCACCATTAGGAACCGCCTCAAAACCGGATCGGAAAAATCCGGCAAGAAGGCCGTTTCTCCGTCTCTTCCGGATAAATACGTTTCCTCCTTCCTCCGGATATCCCAG
CP137887.1_gap11	410369	411373	1004	TGCCGATATCGGCTTCCACCTTGAATTCACGCATCAGGCGGTCAATAATGATTTCCAGGTGAAGTTCACCCATGCCGGAAATCAGGGTCTGGCCGGTTTCTTCATCAGTCTTCACCCGGAAAGTCGGGTCTTCTTCAGACAGACGGCCCAGGGCATTGGACATTTTTTCCTGGTCAGCCTTGGTCTTGGGCTCTACCGCCATGGAAATAACGGTTTCCGGGAAGGTGGGGGGTTCCAGGCAGATATCATTATCCGGGCTGGTGATGGTGTCGCCCGTGGTCACGTTGCGCAGCCCCACGATGGCGGCAATGTCACCGGAGTACACGGCATCAATATCCGTATGCTGGTCAGCCTGAATCTGAATGATGCGGCCCACGCGTTCCGTCTTGCGGGTGCGGGGATTGTACACGGTGTCACCTTTCTTGAGAACACCGGAGTACACGCGGATGAACACCAGCTTGCCGACGAATTTGTCAGCCCAGAGCTTGAACGCCAGCACCATGGGCTTGGCATCGTCCGTAGCGGTGATTTCGAAGGTCTTTTCCGGATCCAGCGTGCTTTCCGCGTGGGCGGGAACGGTTTCTACCGGAGAGGGGAGGTAATCCACCACGGCGTCAAGCAGGAACTGGACGCCTTTGTTCTTGAAAGCGGAGCCACCGGCAACAGGCACAAATTTGTTGGCGATGGTGGCGCGGCGGATAGCTTCCTTGAGCTCTTTGGGCGTGAAGGGTTCTTCCATGAGCACCTTTTCAGCAAGCTCATCGTCCACGTCAGCCACTCGGCTCACGAGTTCATGGTAGGCCAGTTCGGCTTCTTCCTTGAGTTCGGCGGGAATATCCTCAATCGTGTAGATGGAACCCAGGCGGTCGTTGTCGGCGTAAATGACGGCCTTCTGGTTCACCACGTCAATCTGGCCGCGGAGCTGGTCTTCAGCGCCGATGGGGATCAGAATGGCAGCGGCATTCGCGCCCAGCTTGTTGTGAATATCGTCCAGCACGTTGTTG
CP137887.1_gap12	427081	428289	1208	TGCCTGTTTGCACGCAGATAATGCCGCGCACAGGAAAAATGGAAAACAAAGCGTCAATAACGGTGGTTACCCCATCGCTCTCCAGAGAAAAACAACAGGTTTGGCAATCAAGAGAAAAAACTTTCTTCATTCGCCCGCCCACGTTAAGGAAATCTCTAAAGGCCTGCCCCCTGCCATGACATTTTAACGTGCTCAGCACCTGTTGGAACCACGCCACGGAAAATCCTTTAACAGAATTGATTTCCGCACAATTCTTCCAGAATACCGTAAAAACGGCCCACATGCACCCCGTCCACCAGCACATGGTTCGCCTGAATGGCCACGGGCATCACCATCCTGCCGGAAGCATCCGCCTCCATCTTCCCCCAATGGATGAGGGGAAAGTATTGTCCCCGAAACACTCTGTAGGCACTGGCCACCTGTGTGAATGGAATCCACGGCAGGCAGCTGAATACGGCGATATCCGCCCTATGGCACGGATTCGCCTGGGCGGGAGCAAGTTTGGCAGCCTGCACAAGAGGAACGGCATGTTTCAGGAAATCAGACAACTCCATCCGGTATTCCACTAAAATCTGAGTGAATTCTCCATCCGCAGCCAGCACCGGAACCAGGGCATCCACGGACTCATACTCCCATACATCCCCTTCCTCCACCCGCTGGCGCAGCTGGGGCACCCTGTTCAACGCCTTCAGCAGCACAAACAGGCACAAAATGAAAAAGGAAACCCCCTCCCGTTTCGCATAACGGTACAGAGCATCCACCCGGACCGGGGACGTAATGGAAAACATGGGGCAGTCAAACGTCTGGAAATACTCATAATGAGACCTTCGAGGCCAGGAAGAAATTTCTATTTTCTTTTTCATGCACTTTATTTTCTATTCAGGGAAGGCTCCCCGTACACGTTTTTGCGTTTTTGCTCCGGAAGCAAAATACTGAACAGGACGGGAGCAGTCAAGGTGGCGATGCCCGTAAATATCCCCCCCACAGGATGCCAGCAAAAAGACATTACCAGAAGCTTTCCCTTAAAAAAGCAAATCAGGAGGGCGATCCACACCGGCCAGATTATCGCCAGCCAGCTCCCATCCAGTCCGGCATCATGAAAACGCCTCACCCCCAGCGCAATGAAACAAAATAAAAAGAAAAACAGCAGCAACAGTCCCAGCAAAAAAGCAAAAAATATTCCGAAAGGAAGGGATTCAAACCAAACG
CP137887.1_gap13	579341	581749	2408	TCCAGGAAATTTGACCTGATGTCCGTCGTAGGCATGGCCGGCGTGCTGCTGACGGGCGTCATCAGCATCTTCGTCATCGGGCCGGAAGGGCGCATCCACAGCGCCACACCCTGGCTGTTCGCCGGAAAAGAAGCCCTGATCCCCCTCATCCTGGCGACAGCCGTCGTCGTCTCCCGCTCCACCGGCACCCCCCTCCTCAACATGTTCATCTACACGCCGGAGTTATTCGACGTGCGCAGGATAGAACAAACGGTGGCCGCCAACGGCGAGGAACAGGCTTACCAGAGCCTGCTGGCAAACTCGTCATGGATTCTGGCGGGCACATTGGTCGCATCCTCCGTCGGCAATTTCTTCCTGAGCCTCTCTTTCATGTCCTCCGTCATACGCCAGCCGGAAGCGGAACAGCAAGTGGCTTACAATGCCGCTATCGGCAGCATCACCTGGTGGGGCTTCCTGATCATCGGGATCCCCATTCTGGCAGCTCTTGTCTTCATCATGACCCGCCTGATTAAACAACTCGGCAGGCTGACCGGGCTCTCACGGGACGAACTCCTTCTCAAATAAACCTCAAACCATGCGCCTCCATACTTCATGCATCCTGGCTGCCGCCATCGCCCTTAACGCCGCGTGGGCGGACGCCCCCCGGTTCGACCGGATTTTCGGTTCCCATATGGTACTTCCCCACGGGAAAAACATTCCCGTTTCCGGCACGGCCGCCCCCAACAGGGAAATAACCGTCACTTTTGGAAACACTGCTTTGAAAACAAAAACCGATTCCAAAGGAAAATGGAGCGTCACGCTGCCTCCCATGCCTCCCTGCGGCACAGGCCAGACGCTGGCGGCCGTGCAAAACGGAGACTCCGCCAAATTGGAAGATGTGCTCGTGGGGGAAGTGTGGCTGGCCTCCGGCCAATCCAACATGCTGTTCCGCCTGAACCAGACCACGACGGCCAAAGAAGACATAGCGGCTTCCGGAGATGACCAGCTCCGCCTGCTCAACAATGTTCCGCAAGCCCACACCAACAACGCCCCCTACTCCGGGAAAGATTTTGACGCCGTCACTACGGACAATTTCTATAAAGGGCAATGGGCCGCCAGCTCACCCTCCACTTCAGGCCCCATGACTGCCGTGGGCTACTATTTCGGAAAAAAACTCCGCGAAGGGCTGGGCATTCCGGTAGGCATCATTCACTCCTCCCTGGGGGGCTCGGAAATCGCAGCGTGGCTCCCCAGGGAAGTCATTAATGCAAACAACAGTTTCCGCACCCTGCGCGGCAACCACTGGCTGGACTCCCCCCTTATCTCCGACTGGGTGAGGGGACGGGCCAGAAAAAATATCTCTCCGCGTCTGAATCAGGGATCTCCGGACCATCCCTACAAGCCGGCGTTCCTTTACGAATCCGGCATTGCCTGGACAACACCACTCCCCATCACAGGCGTGATCTGGTATCAGGGTGAATCCGATGCGGAGATCATTGACAACGCCCAAAACGGCATGTTGCTGAAAACTATGATCTCCTCCTGGAGAAAAGCTTTCCGCAACCCGGAAATGCCCTTCGTCATGATCCAGCTCCCCCGCATTAACGATCCGTCAAAAATCCGTGCCGGATGGCCGGAATTCCGCGAAATGCAGGACACAGTGGCCAAAACCGTCCCGCAGGTTTACAGCGTCAACACTATTGATCTTGGCTCCACCAATGCCGACGTTCACCCTCCGTTCAAGCGCCCTGTTGGGGAACGTGCAGGAAATACTGCCCTGAACAAGGTTTACGGTAAAAAGGTCCCCTGTGAAGGCCCTGCCTTCAAGGCCTTCAAGACCTCCGGTTCCAGCATCCTGGTCCAGATGGAACAAGCTGCCGGACTGACCACCACGGACGGCAAGAAACCGGCCCAGTTTGAAATTGCCGGGACGGACGGAATTTACCATCCCGCCACGGCGGAAATCACAAACAGGAAAGGCGGCACAGCCGTTATCCGCCTCTCCTCCCCGGAAGTAAAATCCCCCAAAAACGCCCGGTATTGCTGGAACCGTTTCGTGACCCCCAACCTGGTCAACGGCAACCAGCTCCCCGCCCGTCCCTTCCGGACGGACGCACCCGTTCTGAAAAAATAACTCTTACCACGCCATCATTCCATGAACCTTCATCTTTTCCTTGCTTCCCTGGCAGCCACGCTCTCACTGGGCATTGCGGCACAAGCTTCTCCCGCCAAAGTGGCCTGCGTAGGGGACAGCATCACCTTCGGCTCCGGCCTTAAACCCGGAGAAGCCCGGTATCCGCAAGTGCTCGCCACGCTAATGGGCCCGGACTTTGACGTCAGAGGATTCGGCAATCCCGGAAAAACGGCGGGCGACTATCCGGGCCAGGCAGGACGCTGGTACGGCAGCACCAGGGAACACAAGCAAGCCC
CP137887.1_gap14	610104	612043	1939	CATGCCAAGCTCCTGGTCAATTACCGCGGGTACGGGCTCAGCACCGGCTCTCCTACGGAACAGGATATCATGGGAGACTCCCTGGCTATTCTTGACTCCGTGCTGAAGGAAACCGGAAGAACGCCGGACGACGTCATCCTGGTCGGGCAAAGCCTCGGTTCCGGAGTCGCTACCCAGGTAGCCTCCGTCAGACACGTGAAAAAACTGGTGCTGCTGGTCCCTTTTGACAGCCTTCTGGAAACTGCCCGCGGTCTCTTCCCATACCTGCCCGTCAGGCTTCTCCTTCCGGACCACTTCCGGTCAGACCTGGCCGCGCCCAAAGTCGCCTGCCCTGTCAGCATCCTGACTGCGGGAGCGGATGAAGTCATTCCTCCGCACCACGCCAAACGGCTCCGGGACTGTTTCTCCGTACCGGTCAGTTACCAGGAATTCCCCGGAGCCATGCATAATACCATCTGGCTCAGCCCCGGCTTTGATAAAGCGTTTTCTCAAAGCATCGGGTACTGATCTCCGTTTTATTCCGCAGGAGCCAGAGACACGCGGCGCAGGCAGCTTCCTTCATGTTCCAGCAGCAGCCATGAGGTTTCTTCCGGCAGCGCTTCCGGAAACAGGTTGGCCCATTCGACAATGAGCACAGTCTCTCCGTCCAGATACTCTTCCCACCCTATGCCGGTCAGCTCGGACTCATCCTTCAGCCGGTAAAAATCAAAATGGCATGCCGGCAGGCGTCCGTCAGCATGCTCATGCACCAGGGAAAATGTCGGGCTGGCAGCCGCCTCGGAACTCCCCAGCCCCTCCATAATGCCCTGGGTCAGGTGCGTCTTTCCGGCCCCCAGCTCACCCACCACGCCCAGAATTTCGCCGGGCATTAAAATTTTACCTATTTGCCTCCCCAGCTCCCTCATTTCCTCCGGGGAATGAGTCAAAACGGGGCCGTTTCTAAAAATTTTATGCCATTCGCTCATTTTTTCATGAAATTTTGCTTGTCTAAAATAAAGTCATATGGTTTATTGCGGCTCCCGCATCTGCGGGCGAACCTTAACAGTGATAGCAATGGCATACGCAATTTTCAAAACAGGTGGCAAGCAGTACCGCGTCCAGACGGGCGACGTGATCGACGTTGAATGCATCAATACCCTCGAAGAGGGGGCCGAAGCAAGCTTCGATCAGGTGCTTATGGTGGAAAATGACGGAAAAGTGACCGTCGGCACCCCCATGGTGGAAGGAGCTACGGTCTCCGCCAAGGTGGTCAGCCAGTTCCGCGGCAAAAAGATCATCGCTTTCAAATTTAAGCGCCGCAAGGGCTTCCACAAGAAAAAAGGTTCCCGCCGCGCCATGACGAAGCTGGAAATCACTGCTATCAACGCCTAATTTCAACCCTTAATTTTTATCATCTTATGGCTCACAAGAAAGGTCAAGGTTCTGTCAAGAACGGTCGCGACTCCCGCAGCAAGCGCCTCGGCGTTAAAAAATTCGGCGGACAGGAAGTGATCGCGGGCAACATCATCATCCGCCAGCGCGGCACCAAGTGGCACCCCGGCAAGGGCGTAGGCATGGGTCGTGACTACACCATCTTCTCCCTGGTGGACGGCCGCGTGTTCTTTGACCGCGAAGGCCGCCGCGTCAATGTGGCTCCGGAAGGATCTGAAGCCGCCAACTAAAATACGGATTACTCTATCTCCCTGCAGGGGCGGCCATCCACAGGGATGACCGCCCCTTTTTCTGTCCTTCTCCGCGCTCCAATAAATAACAGGAATTGTTCTTGCAAAACAATAGCCCCTCCCCCACTATCCACGCAGAGCATGAAAAATAAGATATGAATCCCAAAACAGATTCCAAGCAGGCCGTCCGCACTGCCTCTACCCTGCCGGTCATTTCCGGGTTGAGGCTTACCAAGCAAAGGCAGGAAGTTTATCAGGTTCTTCTGGAACAAAGGGAT
CP137887.1_gap15	619863	623638	3775	GTTTCCCCGGACATTATGTGCGTCTCCAAAGGGCTCACGGGCGGCTATATGCCCATGTCCATCACCATCACCACGCAGAAAATTTACGATGCTTTTTATGCGGACTACAGGGAAGGAAAAGCATTCATGCACAGCCATACCTATTCCGGCAATCCGCTGGGGTGCTCCGCCGCCCTCGCCGTGCTGAAGGTCCTGGACGAGGAGCACATTATTCCCCGGGCGCAGGAAAAGGCCCCTCTTTTCCGCCAGATGATCGTGGAGGCCCTGGGGGATCATCCCCACGTGGGGGAAATACGCAGCCTGGGCCTGGTGAACGCCATTGAACTGGTGGAGAACAGGGAAACCAAAAAAAGCTTTCCGTCCGAGCAGAGGCTGGGGTACCGGATTTACAGGGAAGCCCTTAAACAGGGACTTCTGCTTCGCCCCCTGGGCGACGTCCTGTATTTCAATCCCCCCCTCGTCATTTCTCCGGAGGAAATGGAGGAAGCCGTATCCATCTGCGCTTCCTGCATCCGCAAAGTGCTGGGATAAACGTTCATCCGGCACAACAAAACGAACCGTTCTTTTTTGAAGAAAAGATGCAACTTTTCTTCGGGACAGGGGTTTGTAAGGATACCTTGCAATCTCATACCGCCATGATACGCCTCACCCCGCTCCGCAAACGTCCGGCGCTTTCCGCGCTGGTGCTTCTCCTCCTGGGATCCGGCTTCTGCCAGGCTCAGGAAATGCTTACCGATTCCGCAAGAAAGGAAGCTTCCGAATGGCTTAAGGAAGTCAAAGCCGGCTACCTGAACACCAGCTCTTCCCGCATCCAGAAGGCCGTGGCCGCCCTTACCGCGGCCACCAGCACGGAAAACGCCGCCATGAAACTTTACGTGGATGCCATGAAGGACCGGTTTCTGAACCCCACCAGCATGATGTCCCGCATGCTGAACCGGGGAGGCGGGGGCGGCTTCCGCATGATGCGCATGCCGGGTTCCGGAGGGAGGGGAGGCAACAGCAGCAAGCCTGACAGCCCCAGCACCGCCTTTTCCAACTGGCGCAAGCAGAATACGGGAAACAACGTAGCTCCCGGCTTTAAAAAAGCCCTTCAAATCCAGTGCAAATGGATGCTGCTTTGCCTGAGAAAAGCGGACGCGGAAAAAAACGAACGTGACCTTAACGTTTCCTCCAGCGTCCTGTCCATGCTGGATGAAGTGGCCGCCAACGCCAAGGATGTAGGCGAACAGCTTCCCATGGTAAGCGGAGCCAGCGAAGTCATCCGCACCTACCTGAACATTGGAGACTACCGTTCGGAAACCCTGCCGGACAACCTGATGGATCTCAATACCATCTTCGACCGCGTACTGCTGGCTCCCTACAAGGAGAAAAAGGATGTGGAAAACTTCCGGAAACTCTGGAACAAACGCATCGGCCTGGAAGCGACTCTGCTGCAAAACAACTCCGCCAGCGATAAAAAAACAGCGGAAGCAGAAAAAGCCGATTTCCTGGTTAAAAGACAGTGGGAACGGGAAAAGGCCTGCTTTGAACTCGGCGACCAGGTAGCGGCACTTGAAAAGATGAAAAGCCTGATTTCCGGCATCAAGGACCCTTCTGAAAAGCAGCGTGCCATCCGCGACCTGGAATTCCTGCTTCTTACCCCGGCGGAACAGGCGAAACTCCGCGAAGAGCGCATGAACAAACGCATGCCGGGCGGCCCGCGCTTTTAACAATCGTCGCCAAGCCCCAGCCTCCCTCCTTTCATCCCCCGTTGCGTAACGCGCATCGGGGGATTTTACATTGCGGAGAGCCGCATTTCCCTGACGGAGGCAGCTTCCTTCCTGCCGGGTTGGAACCATGTCTTGCGCAGGCGGTAAACGCGCACGCCCTGGATATTCTCATCCAGATGCCAGGCTGTGCGAACGCCGTGCTGCTCCCAGATATGGCGGCTGAGCATCCCCATGAACTTGCTATCCATATCGGAAACGTCACCTTGCGGAGTGAGACAGACAATGTACACATTATCCCTGCACAGGTTCAGGGAGGACTGACCCTCCCACCCCATCTCCTTCAGTTTCCGCTGTACGGGTTTCAACGGAAAATTCCAGCCGCCCAGCGTGACAACGTTCTTCCGGGAACAGCTCCAGGCCTTGCGGAAAACAGACTGCCCCGGGGCCAGATCGTCAATAGTGCCGCCGGACATCTGGACGCAAAACAGGGAATCGGGCTCCCGGTCCACCCGCTCGCATAACAGGCGCCCGGCATCCGGGGAAAAAGACTCCAGATTAGCCTCCCACACGGCGGCGCACGCCTGGGACAAAGAAACGGAGAACGCGCAGAACATGGGCACGCCGCCCGCAAGAGCTCCCTTCCCCGTCCAAGTGATGCGGATGGGACGATATTTATCCGACCACAGCAGACACAGCCCTGCAATCAGGAACGTTGGATAAACTACACGGAAATACAGGCGGTCTATGCTGGCCATATACAGCAGAATCAGCACCAGCAGGGAGCCTACGCAGCACACCAGGGCCGGAGAATCCCCGCGCCGGAAAGAAACGCGGCATGCCAGACCGAACAAAATCCAGCAAGGGAGAAGATCCATAACGGAATCCCATGAAAACAGATGCAAGGCTTTCTCTCCACGGGCCCACGCCCTGGGCCAGAATTCACCTCCGTCCCGCGCCAACAGAAGCCTTTCCAGATAATCCGTATTGAATACATCCATATCGCAATTGGTAAACATCCGGACCATCCTGATATCGTTGGCGAACACGCCGTACTTTTCACACTGGTAGGCGCTCTCCTGCCTGATGGGACACGTGTCCGAGAGAAGGGCGCGGGCCTGGTTCCATGCCGCCACGTCACATCCCTCCAGCACATTCCGGTGGGCGTATTTATTATATTCATTCAGACTGAAGGACGCAATGAGCACACAGGCCAGAGCCAGCCAGAGACGACTGAGGGCAAACAGTTTTTCCCTGGACGGCCTGAGGCCTTCCAGGCTGCCTGCCAGCAGGATGGCCCCCCAGAAAGCGTCGCACACCAGGGCGGCATCCAGCCGGACCATGCTGCCCAACACGCACAGGAATACTCCCGCGCACCACCCCCTCCAGGAAGAGCCGTACTTCAAACACGCCAGCACACCTGTAAATCCCGTCAGAAAGGCGGCATGGCTGAATTGCAGAGCGGCGTAAAAGCCCGGCATGATCAGAAGCCACACCAGCAGCAGAACCAGCGTATTGAAATCATATCTGCGCGCCTTGCGGGCATGCGCCGTCAGCATCGTGAAAATGGCCGCGCCGCTGGACAACGTGGCAAGCGCCAGAAACACAGGCCAGACGGACACCCCGCCAAGGACAGGCGCAGCTTTCAACAGAAGCCCGGTCAACAGGGGATTGACGAAAATGACATGGGCATCCGCATAAGAGGGATCCCCCCATCCGTCAAGCACGGACGCAATCACCAGATCGTCATTGGACTGGTACGCCACGCCCACAAGGCTCCAGGCCAGAACCAGAAGCAACAGGTTGAACCATACGGGATGGAGCAGAGGAAAAAGCGATACCCATCTCCAAATCTGTTTCAACATAAGCAAATTCCCTGACTTTACAGACTGTTTTCCCTGTCCGGGGACGCATACTAGGAACGGGGAAAATGAAAGTCAAGAGCCGATCCGGATGAACAAACCGGAGGGGCTAAAAGGCTGCAACCTCTTCCTTAACGGTTCAGGCAGACGATAATGCCCGCGATAATCATCGCGTTGCCGCCCACTTTGCGCATGGTGATCGGTTTT
CP137887.1_gap16	662535	665612	3077	CCGCAATTACGGTGCCTTTCAGCGCGGCTTCCAGCTTCTCCGGAGTAAGGGAATTACCGTAGCCCTGCAAGGTAACGCGCACCAGTTCCACCGGGTCATCCACGGACAGGTTGATCAGGGATTCGGTATCTTCATACCGCTTGGCCAGGAAATGGTCGTCACTGATGAACTCCAAAATTCTGGGAGCGAATTCCAGGGCAACTTCGTGTTCCGGATTTTCCTCAAAATCAATGACCAGCTTTTTGGCGGGGAGATTCCAGGAAATGACTTTTCCGGCGCCCCAGGAAGCATGGAAGCAGTAACGGCCAGGTGCGATGCGATCAAGTTTTTCGGCGAGAGAGGGGGTAATTTTCCCCAGAGACAATAATTTCTCCAAGTCGGCGTGCATACTAAAGCACATGATACGCCCCCCCCTACCGGTATCAAGACTAATTTCCCTCTTCCGTCCGGAGGCGTCCCGAACGGCTTTCCAAAGCCGCCACGGAGACAGCGGCCGTCCGCGTCATGCTCCGACTTCACATTCGGGTTTCGCTTCTTTTTCCCTCCCCTCCTTCATCCAGTTGCGGCTTGACCGTGCGGGGCGTCTGGCGTAACATCTCCGCACGCATTCAACCCCTGCGCAACACGTATCATGGAACCTATTTACGAAGGGAAGGCCAAACGCCTTTATACGACTGACAATCCCAACGTCCTCCGCATGGAATACAAGGACGACGCCACTGCCGGAAACGGAGCCAAGAAGGCCCAGTTTGAAAACAAGGGCAGGATGAATAAGGCCATCACCCTGGTCATCTACCGCATGCTGGAAAGCAAGGGCGTGAAAACCCACCTGGTTGCGGACGTGGACGACATCAACATTGACGTAAAAAAGGTTTCCATCCTTCCTCTGGAAGTGATCGTGCGCAACATCGCCGCCGGCTCCTTCAGCCGCCGCATGGGCGTCAAGGAAGGCACCCCCTTCAAGAAGCCGATCGTGGAATTTTCCTACAAGGACGACAGCCTGGGCGACCCCTTCATTAATGATGACTACGCCCGGGAAATGAACGCCGCTACGGAAGAGGAATGCGTCTTCCTGAAGAATCAGGCCCGCATCGTGAATGACGTGCTGATTGACTTTTTCAAACAGGTCGGCCTTACACTGGTGGACTTCAAAATCGAGTTCGGACGCTTGGCGGAAGATCCCTCCCAAATCGTGCTGGCAGATGAAATTTCCCCGGATACCTGCCGTCTGTGGGACATCAAGACCGGCGAGAAGATGGACAAGGACCGCTTCCGCCAGGACCTCGGCAACGTGATGGAAGCCTACGAAGAAGTCCTTTCCCGGCTCCAGAACAAGGCTTGAGCCTCTTCCCCCTTCCCATGGGAGCCGGTCTTCCGCCGGCCCCCATTTTTCATTTTACCACACTCTTGAGCGATATGACCCTCCACTTTGAAGTTATCAGCCGGTTCCAGGCCGCCGCCAATGCGGACGCCCTGCTCTATACCCCCCTGAACGCCGGCCTCACTTTCCGCCGCAGCCGCGTTTACACCGTAGAAATCACCGGGGACGAACAAAAAGCCCGCGAATACCTCCTGAGTGTGCTGGTAGACCCCATTTCCCAGGAATGCACGGAACAGAACGCGCCCATCCTGGAAGGCGCCCTGTTCACGATTGACTACGGCATGAAAGCCGGCGCCCTGGATCTGGAAAAAGAAGCCATCCTGCAAAACTACCGCGGGCGCCGGAATATGGGCTTTACTATGGACGGCCTGAAAATCACCCAGCGCGTGTACGTCTTCGGCCAGGGAGACAAGGAAACGCTGGCGGCGCGCTTTGCCAAGGACGTCTGCAACCCCGCCATTCACAACTGGACCATCGCCTAACCCTTTTTCTTTCCCATCCACATGTCCGCCAAAACCTACCGAACCGTTCCCGTAAGGAACCTGAGCAGCGACGAACTGCTTGAACTCAGCAAGAAACAGAAGCTTTCCCTGTCCCGTGAAGACATGGAAGTCGTCCAGCAGATTTTCCGGGAAATCGACCGCGACCCCACTGACGTGGAGCTGGAAGTAATCGCCCAGACGTGGTCGGAACACTGCAAACACCGCATCTTCTCCGCCTCTATCAGCCACAGCGTCAACGGCGGCGCACCGGAGACGGTGAACAGCCTGTTCAAGACCTACATCAAGAAGCCTTCCGAAAAGATCATGGAACGCAAACCGGGCTTCGTGCTCAGCGCGTTTGACGACAATGCCGGCTTCATCGCCCTGGACGACAACCTGGCCGTCTGCCTGAAGGCGGAAACGCACAACCACCCCTCCGCCATTGAACCGTACGCGGGAGCCAACACCGGGCTGGGCGGCGTTATCCGCGACATCCTGGGTGCAGGCAAGGGAGCCAAGCCCATCGCCTCCCTGGATGTCTTCTGCTTCGGCGCTCCGGACACGAATCCGGCAGACATCACCGCCCCGGACGTCATTCACCCCCTGGGCATCATGCGCGGCGTGGTGCGCGGCGTGCGCGACTACGGCAACCGCATGGGCATTCCCACCGTCAACGGCGCCATCCAGTTTGACCCCACGTACATTTACAACCCCCTCGTCTTCTGCGGCACCGCCGGCGTGATTCCGCGCGGCGACATCCTGAAGGAAATGCGTCCCGGCCTCAAGGTCATCGTCATCGGCGGGCGCACGGGACGGGACGGCCTCAAGGGAGCCACGTTCTCTTCCGCCGCTCTGGATGAAGCCTCCCATGAGGAAGACTTCACCGCCGTGCAAATCGGTAACCCGATTGAAGAGAAGAAAACGCTGGACTTCATTCTGGAAGCGCGCGAACGCGGCCTCATCGTCTTTATTACGGACTGCGGCGCCGGCGGCTTCTCTTCCGCCGCCGGGGAAATGCTCTCCGTCACGGGCGGTGAAATTTTCCTGGACAACGCCCCTCTCAAGGAACCGGGCCTCATCTCCTGGGAAATCTTCCTGTCGGAATCCCAGGAACGCATGGTTATGGCCGTGGAGGAAAAAGACCTTCCGGAACTCCGGAAGCTGGCAGACACCTTCCAGACGGAACTGACCGTCCTGGGCCATTCCGACGATAC
CP137887.1_gap17	710736	715557	4821	GGTTCAGCATCCGCCTGCGCGTCAACACGGGTTCCCTGAATGAAACGGATGACATCCAGGGCGTTTCCCACTTCCTGGAACACATGGTTTTCAACGGAAGCACCCATTTCAAGCGCGGGGAAATGATTCCCGCCATGCAGAAAGAAGGCCTGGGCCTGGGAGGGGACGCAAATGCGTACACCGCCTTTGACGAAACCGTGTACATGATGGACGTGCCCAGCATGAAGGAATCCACCGTGGACCTGGCTTTCACCATCATGCGGGATTTTGCGGACGGAGCCCTGCTGGAAGAAAGCGCCATTGACGCGGAACGCGGCATCATCACCAGCGAATACAAGGTGCGCGACTCCGCCGGCTACCGGGTCATGAAGGAAGTCTTCTCCATCATGCTGGACGGAACCCGCATTCCCGACCGTTATCCCATCGGCACGCTGGAAGTAATCCGCACCGCGCCGCGGGAAAAATTTATCAACTATTATCGGACCCACTACGTTCCCAGCCAAATGCAGCTCGTCATCGCCGGGGACATCACACCGGAACAGGGAAAAGCCTGGGTGGAAAAGTATTTTGGCTCCATGAAGAAGGACAACTATTCCTTCCAGACGGACCGGGGCACGCTTAAAACGGCTACGGAAACCACCGCCCACTGGATTACCAACAAAGAGGCCACCAGCACGGAAGCCAGCATCAACATCGCCCGGCCCTATGTGAAAAAGCCGGATACCGTCGCCAACCGCAACAAAGATATCCCCCTGAACGTGGCTTACGCCATGCTGAACCGCCGTCTGGAAAAGATGGCGAAGAATGCGGACTGCCCCTTTATCTCTGCGGAAGGAGGCCGCATGGACATAGTGGAAGCGGCGGAAGTGGACTCCATTCAGACCCAGGCGGACTACAAGAATTGGAAACCGGCTCTGGCCGCCATTGAACAGGAACTGCGCCGGGCCATTGAATTCGGCTTCAACAGGGAAGAACTGGCGGAGGCCCGCAGCAACATTACCGCCGCCGCGGAAAACGCCATCAAGTCCTGGGCCACCGCCAAGTCGGAAGACCTGGCTTCCGCCATCGCCCAGAGCGCCGCACGGAACAAGGTCTTCACCACGCCGCAGGAAGACTGGGCCATCTCCAGGGAAGTTGTGGAAAACCTGACGCCCGAACAATGCCAGGCAGCCCTGAAGGAAGCCTGGACCGGAGCCTTTCCCCGCGTGATCGTCACTTCCAATAAGGAAAACCCCCAGGGAAGCGCCGAAATCATGAACGCGTACCGGGAATCCCAGACCGCTAAAGTACAGCCCTACCAGGCGGACAGCCGCAAGGATTTTTCCTATAAGTTCGGGGATCCCGGCAAGGTGACGGCCCGTACGGAAACCACCGACCTGGGAGTCACCCAGCTCACCCTGTCCAACGGCGTGCGCGTCAACCTGAAGCCCACGGAATTTGACAAGGACTCCATCAACATCACCTTTGCCGTGGACGGCGGGGAACTGAGCAGGCCGGAAAAAGCCTCCGGGCTGGAACTTTTTGCGAATGCCGTCATGAACGGCGGCGGTTTGAAAGACCACTCCAATGACGAACTGGCCGCCATCATGGCAGGCAAGAAGGTAGGGGTAGGCTTCTCCATGACGGACCGCTTCTTCCTGCTTTCCGGAAACACCAACAGGGAAGACCTGGAAACGCAACTCCAGCTCCAGACGGCCTACCTGATGCACCCCGGTTACCGCCAGGACGGCGTTACCCTGCTCCGGCGGGCCATTCCCATGATTTATAACAAGATGGACCATGAAGTGCAGGGAGCCATGAAGAAGCAGGTACCGGCCATCCTTTACAGGAACAATCCCCGGTTCACCTTCCCCACTCAGGAACAGCTTACCTCCTACCAGGTCAAGGACGTGCGGGACTGGGTGGATGCCCCGTTGAAAAACAACTACATGGAAGTGACCATTACGGGAGACTTCAGGACGGAAGACATCATCCCCCTGCTGGAACGCACCGTAGGAGCGGTTCCCAAACGTGCGGAAGCTCCGGCAACGCTGGATGAAACGCTTCGCCATCCGGCCATGGCGGACTTCAATTTCTCCAAGGACCTGACCTATGACTCCTCCATTGATAAAACGATGGTCTGCCTTTTCTGGAAAACGCCCGGCGGAGAAAATAAAAAGCTGGCCCGCAGGCTGAACATGCTCAAGGCCGTCTTCTATGACCGCGTATTCAAGGGCCTGCGCGAAGACATGGGGGAAACCTACTCCCCTTCCACCGGCCTCAATATCAGTGAAACCTATCCGGACGACGGCTACATCATCACGATGAGTTCCGGCGTCATGCGCAATAAGGAGGCCGTGCGCAGCGCCATCGCCAGAATTGCGGACGACCTCGGCAAGGGAAATATCACCCAGGAGGAACTGGACCGTGCCCGCAATCCCATTCTTAACTCCATGGACCGCGCCCAGCGCGACAACGGTTACTGGACATCCCTGCTGAAAGACTCCCAGGCCAAGCCGGAACGGCTGAACCAGCAGAGGGAAAGCATTCCGGACGTAAAAGCCATCACCGTGAAAGAGGTCAACAAACTTGCCAAAGACATCTTCGGCAAGGGAGAGCATCTCAACCTGAACATTCTGCCGGATCACCCGGCTGCGGAAACTCCGCCTGCTGAAAAGCAGGCGGACAAAGCCGACTCTCCCCAGGCCGCCGTCTCCCCGGCGGCTTTTTGCGTTCGCGCCACCGTCGTGAAGACGGTAAAAAAAGACTCCGGCAAAAATGGATATGCCATCATCATTTCCGAAGAAACAGCTTCAATGCCGGCCTGGAAGGCCGTGGCGGACAAACTGGCTGAAAAACACGGAGGCTCCATCGTCACCGTGAAAGATTCCGTATTCTCCAAGCTGGACATGCTCAAAAAAATGGCTCCACGTTTCATGGCCGTCGTCGCACGCCCGGAGGAAATAGACCGGGTGCTGGTGAATGACCTGCACCGCCTGAGCCGCCGGCTGGACGACGACCCTTACGGGGACTGTATCTGGGGCATTGTCACGGGGTACACCCCGCAGGCCGCCATGAGAATAGCCTCTGAAACAAAGCCTCTCGTCATCAGCCGCGCCATGGGAACTACCAACGTGGATTCCTCCCGATTCAAAGACAGCATGAGCATCACGGACTGGCAGCCCTTCCAATACCTGGAACAGCATGGCTCCAAGGGCAAGGTAACGCCGGCTTTCTACACGAAAGGCCTGAAAGAACAGGACAAGGGGGATGAAACCACGCTGGGCGTAACGCCCAAGCTTATGGAATACTGGAAACGTTATTCCCCGCAGCTCTTCGTAACGGCCTCCCACGCAACCCAGTTTAATCTGGAAATGCCCTTCGGCAAGGGCCTCATCGTTTCCGGCAACAACCGGTTCTACGCGCTGGACAAAAAACAGTTCAGGGAATTCACCACTTTTTTGCGCGGCGTGCTCTTCAACGGAAAGGAAGACGACCTGCTCTCCTTCCTTAATAGAATTAAAGCGCCGGTGATTGAAACCAGGCCGGTTCCGGCAGTCTGGGTCGCGGCGGGGAACTGCTTGATCGGAGATGCCAAGAAGACGAAAAATTCCATGGCTGTCACCGCCCTGAGCCGCTACGGTTTCAACCAGCTGGTAGGCTACACCGTCCCTTCCTGGTATGGCAAGGGCGGCTGGGGGACGCTGGGCCTTCTGTTCAGCAACCATGACGCCTCCAGCCTGGCAGAAGCCTGGTATTTGAACAACCAGTTCATTCTGGATGAGACCATGACCCGCTTCCCCAAGCTCATGGACGTCCATTTCAACTCCCCGGATATCAATGGAATCAAGAATGATCCGGACTTTGCCAGGGGCATGAACTCCGCCGGATACGGCATGGGCAAGGACCAGCTGGGGCTTATCCACGATCGGGATACCGTGGCCTTTTACGGAGACCCCGCCTGGACGGCGCGCCTGGACGAATCCCGGGCTCCGTCCCCGTGGCATATCGACTGGAATGACCCGGCAGATGCCTCCAAAGGGTTCACCGTCACAGCCAACAAAGACGCCAAAGGTCGCCTGGGAGTCTGGTTCCCCAATCGGATCAACGCCGGCAAGGCCACCGTCACCATTGGCGGAACCGCCACTCCCATTGAAAAGGCAGGCCTGCTGACCAACGACTTCCTGCTGCTCCGGGAACTGGAACTCAAAAAGGGAGAAAAAGCCGTCGTGGAAATGGAATAAGCGTGGAAGAAAAACAAGTTGCAGGGATTTTTCCCCTTCCGTCGGCGGCCGGATATCCGGCCGCCGCTCTTTTTCCATAGACAAGCAGCCTCCAAACATGGATACTCCCGGTAATCAATCCACCCTATGACTGATTACTCCATTTTCTTTATCATCGCCGTAGTAGCGACGGGCGTGGGAGCGCTCCTGTTTCTCCTGTCCCTGTTCGGGCTGGGGGAACATGATCTGGACTTTGATGCGGATTCCGGCGGAGCGGACGTAGGGTTGCTGTCCATCAAATCCGGCATCGGCTTTTTTCTGGGCTTCGGCTGGGGCGGCGTGCTCGCCCAGGGTCTGGACTGGGGGATGGCCGCCTCCCTGGCGGCGGCTTTTTTCACCGGCGTGCTGATGTTCCTGATTATCGGCATCTCCATGCGTTTCATTATGAGCCTTAAATCAGACGGCACCCTGAATTATGAAACCCTCAAGGGAATGACCGGCTCCGTTTACATCAGCATTCCCGGAAACCTCCAACGCGGCGGACAAGTTACAATCGCCCATCCCAGCCAGCTGCTGTACCTCCCTGCCGTCCAGGAAGGGGAACATCCCCTGCCCTCCG
CP137887.1_gap18	723068	726105	3037	GCGATATCCAGCTTTCCGCCGTTGTCGCCGCCTGCCAGCGTCCGGGCCGTCGCGCGGCCTCCTACTCCAATCACCGCAGGAGAGTCCGCATCCGCGGAATTAAGATGCAGAGCTTCCACGTCAGCCGTACCGTTAAGCTGAAGCGTTCCTTCTTCCGCAATGATATCCCCGGCCAGCGTCACATTCCCGGACAGGGTGAGTTTGTTCGCTCCCGTTTTGACGAGGTCCGTGTTGGCCGCAGCACCGTTCAGGCCGCTGATGTCCCCGGCAAAAGAGGTATCCACTCCCGTGCCTTCATGGAAGAGGTTGTTTTGAAGTTCGATGCTTCCCTTATCCTCCGCCGTATTGGTGACGATCAGGTTGCCCGTGCCCGTCTGGCCCGGGCCAGTTCCCGGTGCGGTCAGGTTTTTGATCACCATGGAACCGTCCGACTGGACATAAAGGTCTTGGTCCACAATGACGGCCTGGTAGAAATTGAGGGACTGGTCCGTGACCGGATTGTCCGCGCTGCCCGTACCATCCACGGAAGACACGTAAACCAGATCCGTATCACCGGAGAGGACGATGCTGCCTCCGTTGACGCCCACGATGCCGAAGCCCAGCGCAGCAAAAAGCGGGTTAGCCGTCACGTGGCTCTTAAGCGTTTCAAGATCCTGTGCAAAACCGCCATTGGTCAGAAGTATCTCCAGATTTCCGCCCGCCGTTTTCATGGCATCCATAACGCTGGTGAGGTCCAGCGTAAGCGTGGAGCCGTCTCCAAAGGAGATGCTGCCCAGATTATCCCCCGTGCCCTCAAACTGAATCAGAAAGACCTCTCCCGAGAAGGGGTCTCCGGAAATATTGCCCGCTCCCACCGCAAGACTGCTGTCCGTGCCGTTCACCGTCCAGATGGAACCCTGCTTAAGTCCGGTGAGCTGCGTTCCGGCAGAAGCGGTGACAACTGACCCCAGCCCGGCGGCATCCAGACCTCCCAGGGCAATATTGCCGGAATCGGCAACCGCATTGACATGGACCTTGTTTGTATCCGTTCCCGCGTAGCTCCCGGCGTTCGCCAGCGCTCCGGACTGAATAAGTATATTAGTGGCGGCGGCCGCTCCGGAAAGGTCCAGCGTGCCCTTGGCCAGCGTCAGCGTCCCCGTCAGGCCGTTGGCGCGGTCCCCCACTGCAAAAGAGCCGGAAGTGCTGACCGTAAGATTGCCTGCTCCGGCAATGGTTCCGGCCCAGGCGGCGTTGTCCCCGGTTCCGTCGCCCAGCTGGACAGAGGAATTCTGGGCAATATTCAACTCTCCCGTGGTCGTATTTGCCCCGGTAAGAACCAGCTTGTCGCTTCCCTGAACGCTCAGGGAGGCCGTATCAATTACATTCCCGGCATAAAGCAGGTTCCCTGCCGTACCCGTGTAGTTGACGCGGTAGGTTCCGGCTCCTCCCAGGGAAACTGCCTTGATGAATTCACCCGTATCCAGCGTGGCCGCCGCACCGCCGTTGCCAAAGGAAAGGATGGCATTCCCACGGCCGGAATGCACCGTTCCCGCAAAACCGGTGAGATCCCCCGTCAAAATGGCCGTCAGAGTCGGATCTCCGGCCGCCGTTACTCCGAGGTTGGCCCCCGCCTCGCTCGTCAGGCTTCCCGCCAGAATCAGCGTCTGGTTGGAATTGCCGTTCAGCCATCCCCCAGCGACCATCACATGGATATCGGCATTAACGGGATCGGCGGCGGAATTGACAAAAAAGCCGCGCCCATCCAGTTCCAGCCTGGCGCTGCCGATTGCAGCGGCATTGGCAAAGCCGACTTCATTCCACGCAGCGTTGGTGCCGTTGCCCGCCAGTCTCATGGTACCGGTAAAGCCGCTGTTGTCTCCGGTAACGGAATAGCGGCCGCCGCCGGGGAAGGTTCCTCCTTCCTTCTTCCCGAGAACCAGCGTTCCGGCTCCGGTAATGCGGCCTGACAGAATATCCGTATTTACGGAGTTATGGGCACGGTTGTCCTGTATCTGGAGAGTCGCGTTTTCAGCGATGGAAATGTTTCCGCTCCAGGTTCGCGTAACGCTGTTGTCTCCGATGTTATAGAACAGGGTTCCTCCGCTTACGGTGATGGCGCCGGCAAAGGTTCCTCCTTGTATTGTATTGATAGTCAGCATGCCGTCTCCAAGCTTGACGATATCCTTGTCTCCCAGTTCCTGGGTGTATGTAGCCCAAGACACATGATTGCCGTTCGTATTCACTCGGATGGCATCCGTGCTGGCGGCTGAATTAATGAGCCCGGAAATATCCTGCGTGGCCCCCGTTCCATATGTGAAGGTGCCCCCTCCAAAAATAATCTTGTTGGCCGCTACCAGTCCCAGCGTTCCTTCCGTCGTGCCGACCGTATTCAACACCAGTTCCCCCCCGTTCAGCGTCACCGTACCGGTGCCCAGCCCCTGGACGGCATTGAGGTTGAGGGTGCCGGCCATAATGGTCGTGCCGCCGGAGAACGTATTTGTTCCAGTATTTTCAATGGTCAGCACCCCCTCTCCCCGTTTAATGAGAGACATCGGATCTGCTCCGTCCACAAGGGCCCCTGTTCCCGTGAACGTGTAGGCCGTTTCTCCATTGTTGACCGTAAGACGCGCGGAAGAAACATTTCCTTCTATGGTGACGGCTGAGGCGGATATGCCAGCCAGATCTTCAAAATTGGCGGATTTGGCGGCGTCATAAACGACTGCCGTCCCGTCTTTGTCCAGCCAGACGGCAGAACCTCCTGCCGCCGTCCAGATACCCGCATTTCCTCCGTTCCAGTTGAGGGCTTCTCCCAACGCCTTGACTCGCAGGTAAAGAGTGTTTCCGGACAACTCCAGAGCGTAGGTATAATCTTCGGAAAGGCCGCTGGAATCAAAAGAAAAATTGCTGGCCGTCAACGTACCGAAACTGCCCGCCGTAATCAGCCTGTAGTCATTTTCCATCGTCTGGTCCACCCCGCTGATCGCCAGAGTCAGCGTGCCTTCCGTATTAAAGGAGAGCGTGCCTCCCGACTGGACGATGGCGGAGCTGGAGGAATTCA
CP137887.1_gap19	727611	729608	1997	GGTTGCTCCACCCCATCAACTGGGCATTTGTATTCAACAGGGATGCACCTTCCCCGATATTGATTACAAAGGAATTGGTTCCTCCGATGGTGACGCCGGAGGCAGTGCCCGCAACATTCCATAATTGCAGTTTTGTATAGGTTCCTCCCTCCAGATTGAGAACCCGGTTATAGCCGTCTTCATAGGTCCCGCTTGCCGTAATGTCTGTTAGATAAATATCGCCGGGAGAATCCGCCTGAGTCACGGGATCCCCTTCCGGAGGCGTAATCGTGTATTGGCCGTCGGCAAAGGAAATCGTCGTCTCTCCATTGCCCGTCAGCGTATAATCAGACCATGACGGAGAAATGAAACAGGCCAGAAGAGCGGATAAAAGAACCAGGGGCAAGCGCGGTCGCATAACACTATAACGTATTGATAATGAATAAAATTATTTACAAGACTATATACTTGCTAATAGTTAGCGGATTTGAAATCCGGAGTCAATGACAATTTTTGAGGCCAAGCCCTTTAGGAGCATGGAACGGCCTGAAAGGGGAAAGAGAGAAAACGGGGGTGTCCGTTTCAAGAATCGGCATTATTAATATTTTAATCATTATCTGGATTCATTTATATCATTTACGGATTTCAAATCCGTCCGGTTATTTAATCCGTTTCTCCCAGCAAGCGAATCCCGCATGCAGGAAAAAATGATTTCTTGTCTTGCATTCCCATGGGAGTGCCTGTATAAGCCTCCACGTCCCCGCCGCAAGGCAGGGACGGCATCCAAGGTCATGGAGCGGTAGCTCAGTTCGGTTAGAGCGCCAGCCTGTCACGCTGGAGGTCGCGGGTTCGAGCCCCGTCCGCTTCGCCACCTTGTTCAGGAAAAACAGCCGCCTCCGGGCGGCTTTTTTGCGTCCAGAAAACCTGAATCCCGGAAAACAGGCCGCCCCCCGGGAATGTTTTACTGGAAAAAGGGGCCGGACCCCGGTAGAATGGGGGCCAGCATTACAATCATGAGCATACTTTCGGACCGTCTTTCCGAGGAAATACTGCAAGCCCGCCAGCGCGTCTACACCGTTGGCGAACCGACTCCTCTCCAGCGATTGAATCTGCCGGGCATCAAGGCCCCGGTATACGCCAAAAGGGAGGATCTGGGGCCCATCCGGGCTTATAAGTGGCGCGGAGCGTTTAATTGCATGGCCGCATTGAGCCAGGAAGCCCGTGACAAAGGCATTGTGGCGGCTTCCGCCGGCAATCACGCCCAGGGCGTGGCGCTGGCGGCCAGAGTGCTGAACTGCCATGCCACCATTTTCATGCCGCGCTCCACGCCGGAAGTGAAGCAGACGGAAGTGCGCCGCCACGGCGGCAGGCATGTGAAGATCATGCTCCATGGGGACTGCTATGACGAGACGGCCGCAGCCGCCCATGAATACACGGAAACCCACGGCTGCACTTTTGTCCATCCTTATGACGACCTGGTGACCATGGCCGGACAGGGAACGCTGGCGGACGAAGTGGTGATGAGCGGAGAAGGCCCTTTTGACCGCGCGTACGTCGCCATCGGCGGCGGCGGTCTGGCCGCATCCGTGGCGTGCTGGCTGAAAAAATTCTGGCCCCACATCAAGGTCATCGGCGTGGAAGGCATCGACCAGGCGTCCATGAAAACTTCCATTGAGCAGGGACGCCGGGTGAATCTGGATTACGTGGATGTCTTCTGCGACGGCACAGCCGTCCACATCCCCGGAGAATTAACCTATCCTCTTTGCCGGGAACTGGTTGACGAGTTCGTGACCGTGACCAATAATGAGGTCTGCCAGGCCATCCGGGCCATGTGGGAATCCTCCCGCGTCGTGCCGGAACCATCCGGAGCCATGAGCCTGGCAGGATTCTTGAAACAATGGAACCGGGGCGAAGTAAAGCCGGAGGAAAAGAGCTTCGTGGTCATTTCCGGAGCCAATATGGATTTCACCCACCTTACCCAGATTGCCCGGCAGGCGGGCATCGGCAACCATGAAACG
CP137887.1_gap20	892047	895601	3554	ATAATAATAGGGAACTATATATTTAACTAGCCAAAAAATATTTGCAATATTACTCTATATAGCTTCAATGCTTTTCTCCTCTATTAATAGTGATAACCAAGTAACACATTCTTTATAGTCATATGGATTAAGTCCGCTATTCTCCTCGCCAAGATCAAGTAGCCATTCTCGGATAGTTTGTAACTGGATAAAAGAAAATTTTCTAAAGATATCCAAATCGTCACGCATTCTACCGATCATATTCTGACATGTGCAATCTACTAAGATATCTGAATCTTTCAATTTTTGAAATTTAATCAGCTCTTCAAATGAAATATAAATAACAGCAGGCAAATAATATCTAAAAGCCTCGTTGCTGAAAACAGAAAAAAAATCCCATATATTCTTACAATCATCAGCTTGCAGAGATATCCACGATTTCCCTTGAATATATGTTATATCTTCAAATTCATTTTCATCTTTAATATTATTTGGAATCGGGAATATCGGAAAATTTATTTCTAAATATTCTTTTTTTAATAATTGCATTTTTCTTCTATGAATTTTTCACATTTTGATAAATTATTCCAAGCATCTTTCGCTTGTTCTTGATGAGTTTTATTCTCACCTCTAAAACATTTATTATTAATATGACTCCTAGCACTAGCAAGCATTAACCATGCTTTCTTTTTCATTTTTAATATATAGCAACAGTCATCGTCCGTACACTTTCCACTTTTACCAACCTCTTTCTTTGCTCTATTCACTTTGTCTTGTAAATATTTTTGTTCTGATTCGGAGCAATCACCAGGTTTTGGAATATCGGGATAAGGCACGGCAATTGGCTCGACTTTAGGAATTACATTCTCAGATATTTTTTTAATAACTTTCTCTGCCGTTCCTGGTGCAATAACTTCAGTAATGGCTACGGTGGTTACTGTAACAGCTGCAACTATCAATCCAACTGGATTCAACAACGCCGGCAATGCAAATCCAAACTTTCCTTGTACGTCTATAAAAGCGCTGGGGAAATTTCCCACGTAACCATACAAATTTTCCTGAGGCCTTTCCATCATCGGCTCCCGGAGCAATCATCCAAAGTTTTAGTAGTTCCGAAGAAAGAACTATTTAAAATGATTTTTTCAATATCTGAATTTAATTCATTAATAAATAATGAATCACATCTAGGTATATCATTATTTTTCAGATTTTCAAAATATGATATCATTGAGCAAAATAACGAGTATATTTTAAAGGCTATTGAATCCTCACGTGGTAATAACAGTCCCCCAAAAACTACTCCAAAAATTTTTGAATTGTATCCATATGCGACAATAGGAGCTCCAGGAACTTCATTTCCATACGCTCCAAACAAATTAATGATAAATTCCAAATTTTCTATTGATACCTGCCGATCAATCATATTTGACAATTTATATTGTTTCATTACTTTAGTCAAAGCACTACTGACGATGTCTTCAGAATCAGAAATCATAATAGAATATTGTTCCATCATTTTATTTTCAAGAATGCGTATATAATGAAAATATATTTTATTATCACACAAAAATAAAATATTATATTTTTTTCTTTCTTCATCCACCGTCAAAAATAAAACATCATACTTATCCGGAAAGTCAGATTTTAAATAAGGATATTCTTCGAGCCAATACTCATGATAAACCAAAGGAAAAATATTTTTTTCTTCACATGAAACTGGAATATATGTATCCAAACTTTTATTTATTATTTCAATATCTGAACTAATTTTTTTTATTTTGTGCAAAGCACTTTCTACAGCTACATCCAACGGGGTAATATTATTGTTTCCCGCAAATAAAATATTATTCGCTGAAACAAAAAATAATAAAAATAAATAAAAAATATTCATACTCATTGTCTTATTCCATTAATAAATGTTGCATTTGTTTTTCCTACAGGCTTATTAGGATTATAGAGATGGGTACGGATATTACCTTCCCCATCTCTTACAGATGCTGTCATAATAATTTTAGGGGGGATTTTTATATTTTCATCTATGTTAAAATTACTTCCAAACCCTTCTTTTGCAATCTTTCTGTCGTTATCACTTAGTGAAGCGTTTTTGTCCGGATGACTATGAGCATACCCTATCATTTTGTCGCCATCATCACATGGGGGCACACTTAAGGGAGAAACTTCCCTATGTCCACCAGAAGTCCCAACTTTTCCTACATAATATTTACAATCTTTCTGACAAATACGAACACCAAATTCGACTTTTACAGGCTTATTTTTCTTTGTTTTTTTCTCTATCGGAGTACTGTTCCATTTTTGCAGATCCTGTTCATAACGTTTTTCCATAGCTTCTACTACCATTCTATTTGCTACCGCAAATGCTTCCGATTTTTTTTCATATAATTGAAGACCTAATATATCACAATATATTATAGAACTATTATCTGAAAATCTGTATAAATTATTACTTTCTTCTTCTCCAATGGGATCTCTACTAATCCACCTGCCATTTTGGGGATTATAATAACGGTAATTGTAGTAAACCAGCCCCAGTTCATCATCAGCGTATTCGCTGGAAAACCGGAACGGATTGTCCTCTGCGGCATTCCCTTCCATCCTGACAATATTCCCATACGGGCCGTATTCGTACAAGGCGCGGCGGCCCGCTCGGATGCCGAAGAGCGCCGTGGTGTTTTTCAACAGGTCGTGCGTGTAGTACAGGTTTTCCGCACAGGTTCCCGTTTCATTAAAGAGTGTCATGACCAGAATGTGCGTAACAACCGGTTCTATTGGGCCCCATAAGGTTTTCCGCAATACCAAGGCTTCTGTTTTCCTACCGTACCAGCTACATTGCAGACAACCTTCATAAGTGTATCATTTTAACCGTCGGAGAGGATTTGATGTGCGGTTTTTTCGGGAGGAGGACATGAAGGGGGCTCTTGGGCGTCTTCTTCCGGAACGTCAAATCGGATATACGCGACTCGATTATTAGATACGCGATGAATATAATAAAGAAAATCCCATATTTCCAATATGGACTTCTCTTTCATGACCCGATCTATCTTCACAATAAAACATATTTTATTATTATCGGATTTTTTTATGATTAATTTTAAAAAATCACCTAGCCCCTCTTTGCGAAATTTATTTCCTGCAAAATATATAAAATCGCTATTTACTCCGATATAAAATCCAATATAATTTTTAAATTTGAATACATCTAATTTATCTTCCTGGCCTGCATATACACTTCTCCATTCGTTCCAGCCTAATAAAATGCGTATCTTTTCTTTTTTATAAATCAATGTAATATAATTTGGATGATGTAATTCAATATATCTAAACAAATCTCCACATTTTTTATTATATTCATTAAAATTAAATTCCTGCTGAGAATAACTTAAACAAGACATAAATATCACCGGAATCCATTTCATAAACATAATTATTATTTAGTATAAATATCCTGCTTCCGTCCCTGTTACAATTACCAATGATTCCACTTTGCTGCAACAGTCCTTTTTTTCAAGCTTAGATATTTGTTCTATAGCATATTCTATGGTAGCAGACTGAGTTGT
CP137887.1_gap21	931717	933839	2122	GCCTGGATTTCCCCAAAACGTTTTTCTTTCAGATTTGTAGGCTTGACGGCGGATTCCTAATCCTCATACTTTCCTATGTGGCTTCTCCTCAATGCCGAACAATATTTCAAGTCTCCCATAGCGTCTCGGCCAGCTCCGCCCCTTACCGGTTGAGCGACGCTCTGAACCGGCATATTCCCGGCCTGAAATCCACCCTGCTGCTCCGGAGGCGCAAAGAAATTGACGGCCTGGAAATCCACAGGACACCCGCCAGAAGGGCTACGGACGCCTTGCGCCGCCATCTGGCCCATGGATTTGACATTCTGCTGCCGGAAAGAAGAAAAGACCTGCCTTTCTCCCTGAATGTGCTGGGCATGGGATTTGACACGGCCCAAATGGAAAAAGCCGATGTAGTGCATCTGCACTGGATAGGCGGCAGAACCGTGGATTTCTCGCAACTGTGCCATATCCGCCGTCCATTGGTCTATACCCTGCACGACATGTTTGCCTGCACTGCGGGATGCCACTGCACCATGGACTGCGGCCTGTTCCAGGACGAATGCCGCGGCAACTGCCCCCAGCTTGGCGCTCCCCGCCTCTTCCGCAACATTCCAGCGTGGCTGTTTTCCCGCAAACGCCGCGCCTTCGGCCGCATCCCGTCCCTTACCCTCGTAACTCCCTCCCTCTGGTTAAAAAGGGAAGTGGAAAGAAGCTGCATGTTCCCTGGAAGAAAAATCGTACAGATTTACAATCCTGTGGACACGGACCTTTTCCGTCCGGCGGAAGACCGGAATGCCATCCGGGCCGGCCTGGGCATCCCGCCCGGAGCGTTCGTCATCGCCTGCGGCGCAACCGGCCTGTTCAATCCGGTCAAAGGCGGCCATTTCATCCCCCTGGTGCTGGAGGAACTATACCGGCGCGGGCACCGGAACCTTCATCTCCTGCTCTTCGGCAACCAAGAAAAAAGCGTGGACTACCCCTTCCCCAGCACAAACGCCGGATTCATTACGGACATGAACAAGCTGGCCGGGCTTTACAGCGCGGCGGACATTTTCCTGAACCCCACGCTTCAGGATGTCCTTTCCAACGTAGCGCTGGAATCCATGGCCTGCAAAACCCCTTCCGTTACCTTCCGGACGGGAGGAGTTCCGGAAGCGGTTCTGGACGGAAGGACGGGGCTGGTCGCTCCGCAGGGGGACCTGAACCAAATGGCCGCCCACTGCGAACGGCTCATCCAGGACGGAAAACTCCTGCAAACCCTGGCGGAGGAAGGCCGTCGGCACGCGGAACAAACATTCTCCTACCCCGTCATTGCCGCACGGCACGCCGCCCTGTATGAGGAAACGCTCCGGGAATACCGTTACGAAGAGTGAAAACGGCCGGCGTTCAACCGCCGGACTGCCTGTTCCAGTACATCAGGACGCATCTTCCTTTGTCATTGACAAGAAAAAGACGCCTCATACACTCTGCACCGTTTCAACCCTTCTCCCCCCATGAAAACGCTTAAAATCCTCTTTTTACAGTCCACTCCGGATTTCGGCAGGGAAGGAATGCTTCAGCTTCTGAAAAGCCGGTATCATGTGGTGGAAGACGATTCCGATTTTGATTACCTGATCGCCACCCCCTGGTTTTACGTCAACCGGGAGGCTTTTTACGATTTTCTGGAACGGGCCCCCGGCCACATCACCGTCATGTACGGTTGTCATGAAGCCATTGCACCGGATTTCATGCTGTTTGACTATTACATCGGGCTCGATACGGTGCCCGGAAGCGACCGCACTGTCAAACTTCCCTACCTTCGCCACCATTTGCAGGAAGTGCACGGCGGTAAGGAAGGCCTGGATGCCCATGCTCTCCTGGCCTCCAAAACGGGTTTCTGCAACTTCATTTACGCCAACCGCAAATCCCATCCCAACAGGGATGCCATGTTCTACAAACTCTCCGCTTTCCGGTTCGTCAATTCTCTGGGGCCCCATCTTAACAACACCCCGGGCGACGGCCACCGGGCGGAAGACTGGTACGCATCCTCCATCAGAATGAAAAAGCCGTATAAATTCTCCATTGCCTTCGAAAATGCATGGTACCCCGGCTACACCAGTGAAAAAATCGTCACCAGCATGCTTGCGGGCACCATTCCCATTTA
CP137887.1_gap22	940513	944031	3518	AGGTCCTCCCAGAAGCAGAAACCCCATATGCAACAGCCATGCCGCCGGAAGGAAAGCGGATGCAGGAACACAAGGCCGGAAAAGGCAATGTTCACGAATCTCCCACATATACCGGAGCGCGGCTGTCCGGGGAATCCGCATCCAGTTGCTCCAGCTGGGGCAGAATGTTCTCCATGCTCTCCCATACGGAGGGAACAATCTTGATTGCGGTTCCAAACCGGACTGCCATCATCAGGGCGTCTGAAGGGCGGGCGTCCAGCTCCACCAGCTTGTCCATCACCTCATTGGCGGCCTCTATGGTCACGCGGGCATAAAAGACTTCATCCTTGCGGCCGTTGATAAGCACCAGCCTCACCCGGCATTCCATGGCGGATAAAAAGTGAGCCAGCAGGGAAGACGTGTCCGGCCGTACCGGGCGTTCCCCGTTCAGGCAGCGTTCCAGGGCCATGCCGTCTGTCAGCTCCATGAAAATGACGCCCACCTTGCCGGTCAGCGGATCACGCAGGCACACACCCGCCCCGGCCCGGGTGTAAAGCAGGGCATAAGGTTCCAGAGCAATCAAATTTTCATCCGGCATGGCGGGCGGAAATCACATGTTAAAAACCGGGATTAATAACCCGTTCCGTATAGCGGGCAGCCACCTTGACGTATTTTTCCGCCCATTTGTGGTTATTATCCGCGGATTCCGGCCCCAGGTCCTTCACCACCTTGGCAGGAGAACCCAGCACCAGGGAATTGGGGGGAATGACGGTACCTTTGGTAATGAGCGCGCCCGCTCCCACCACAGACCCCTGGCCGATGACCGCTCCATCCAGAATAATGGACCCCATGCCTATCAGGCAATTATCCTCCACCGTGCAGGCGTGCAGAATCACGCCGTGCCCCACGGTTACGTACTTGCCTACATAGCAGCCGAAATCGTCTGCCAGGTGGATGCAGCTGTTGTCCTGGATATTGGAGTAATCACCAATGACGATCTTATTGATATCTGCGCGCAGCGTGGTATGGTACCAGACGCTGGCATGTTCCCCAATGGTAACATCTCCAATCAAATCAGCGCTTTCCGCCACAAAAGCGGTATCCGCCACTTTGGGCCAGAAGTTCGCGTAAGGTTCTCTTGCCATATAAGTCATGTATTAATTGAAGATAAGACAGCATTCCAGTCTAAAAACGTTCATTCCGCGGGTATGCCGCAACCGGAAACGAACACGGCCGAACCCACCCGAAAATGAAAGGCCGCAGGCACCTCCGCACTAATTTTCTTCCCGGATGCCCTTCTTGCTGTTCTTCTCCCGCTTCTCCGCATCCTTGCGCAGGGAGTCGGCTTTTTTCCCATTACCTCCCTTTTCATAATACCCGGCTATCCTCCGCTGGATGGCGGCTTCCTTCTTTACCTTGAAATAATCGCCCGATTTAGTCCGGATATACCGGTTGTAGGAAGATTCCGCCTCCTTGGCCATCTGAAGCACGGCCTCCTGATCCTGGGAAACGTACTCGTAATATTGCCCCATCAGCGCTTCAAATACTTCCGCGCGGCGCGCATAATCCTTCATAGACTTCCGGTACAGGGCAGCCACCCCGGCCTTGTCCCCGTTTTCCATCAGGAGATCCGCCTGCCGCTTGATGGCGGCGGAAGTCAGGTCGCTGCGCCCCTCGTCCGTCTCCTTTTCCAGTTTCTTCAGATCGCGGGCAACATGGCGCTTATTGGTGGAAGCGTCCCTCATGGGGAAAATATACTCATCTTCCACGCGGGCGGCCATGGCCAGGTAATCCGGACGGGAACGGAACTTGCGCTTAATCATGGCCACCAGTTCATCCCATTCTTCCAGCTTCGTGCCGCTCTCCGGGCGGCCCATCAGAGCAATCAGGCGTTCCCAGCCCAGGGGGCTGCCGGGAGTGGCCTGAGTGGCGGCTTCCAGCATTACCCGGGCGCAATCCGGCTTCTGCATCTCCTCAAACAGGTCCGCCAGGGAAAGATAATCCAGGGAAGTATCCAGCCGGGCGCCATTCACCTTCTTGTCCATACCCTGGAGAAGGGTGGATTCATGCTTTGACTTGCAGTTGTGTGGATGGGAAAAATGCCCCGTATTATATCCGTACCCGCCGTAGGACTGCCAGGTTTCATCCGTCGTCAGCAGATTGACCCAGGCATGCGGCCCGCGGTTGCCGTCCCCGGTAACATAGGCGGAGGGAATGCCGTTGCATTTGGCGGTATTCACCGCAAAATAGGCCTGGTCCATGCAAATGCCGCCTTCATCCAGAATCTCCTGGAAGGTATAATTAGTGTAAGGGTCCTTGCCCAGTGCGGCGCGGTCCATCCGGTAACGGATCATGGAATAGGCTCCGCCCCATCCTTTCCGGGTAAGGCGCACCTTTTTGCGCGCCCAATCCATCTCCGACCTCGGCAGACGCACATCCACCACAAACAACAGCTCGGAAGGGCTTAATTTGGAAATGTCCGTGAGAAGCTCACGGGCTTCATCCATCTCCATGAAGTACTCGAATACCTGTTCCAGCGTCAAAGGCGTGGTGGAAATATTGGTGGAAGAAGACGCCCTCAGCTTGGACGGGCTGGAAGCGATGCGGGGATTCAGCATGGCGCAGGCCAGCGCCAGGGAGGAATACCTGCTCCGGGGCATGGCGGAGGTTTTCATCCAGAATTCCGCCCACTTCCTCAAAATCCCTCCCCACTCCTCCCCGGGTGTCTGCTCCCGCGCCATCGTGCGCAGGAAAAGTCTGAGGGGATCGGAAGGATCTGAAAAAAGCCATGGATAGAAATACCTGGGGGAACTCTCCTTGATTTGTTCCTGGATGGTTTCCGCTCCCACTTTGCTGATGAGCTGGTACAGCTCATTGGCGCGCATGAGGTACGGGCTCTGATCGTACATGGACGCGTCAAATTTGCCGAATTTGATGACCTTCACGGCATCCCGTTCCAAATTGGAGCGCAGGAAATCGGCATACAAGTCATAGCGGCCCGTTTCCAGGGCCAGATTGAAAGCATCCGTAAACAACTTTCTGTTGGCGGCGTTATTGGCCTTCAGGCTGACCAGAAGAACAGGCTTCTTGAAAATCTCCAGCCGCGGATCTTCCTCCTGGACCACGGGTTCTTCCTTCGGTTCCTCAGGGGAAGGCTCCGCCACTTCCGGTTCCTTGTTCTGCCGTTTTCCGGCGGCTTCCTCAGCAGCCAGGCGTTCCGCCTCAAGACGGGCTTTTTCCTCCGCCTCCGCGCGCGCCCGTTCCTCCGCCTTCCTGCGCGCCGCCGCCAGTTCCGCGACTTTCCGCGCACGCGCCGCTTTCGCTTCCGCCTCCTTTCTGGCCGCCAGCTCAGCGGCGGCAGCCTTACGTTGAACGGAAACCCGGTGGTAAGCTACCCCTCCGGCGGCAAGAGCCAGCACCAGGACAATAGTCATAATAATTCCGCCGGAAGAGGATTTTTTATGCTTGGGAAAACCGGGACGCAGAGGATTGACAGGATTCATGGGGATGCAGCTTGAACGCGTTGAAGCAAATTGGGG
CP137887.1_gap23	953209	955668	2459	GGGTAATGGCATTTTGGAGGTTTTGGTTCATCTTTTTCCCTTTCACGGCGCTTCTCTTTTCCATGGTGCATGGCAGTCCTCTGAACGCACCCGTCATCACCCTTGGAGAGAAAAAAAGCCTGTTCGGAGAAAAAGCGCAGGCCAATGAATATGTCAGCTATGCCCTTTATTACTGGCCGGACCCCGCCAATCCGGACGGTCCTTACAAACCCATTGACGGCAAAAAGAACAAACGGCTCCGCAGCATGGACGACAGCGGCAGGATGGCCGCTTTCATCAGCACGGTCTGCAGCCTGGGACGGCAGTATAAACTCGACAGGGATCCGCAGGCCGCCTCCCGGGCCGGGCAATGGCTGAAAGCCTGGTTCATTGCTCCGGCAACCCGCATGCAGCCCCATCTGAAATATGCCCAAATTCGCCCCGGAAACCGGACGGAAGGAGGCGGAGGAGGCATCATCGACCTTTACCGCATGCCCGAATTCCTGGAAGCTTTGACGGCGTTGAAATGCTCCAATGCCCTAACGGCAGAGGAATGGAAGCAGGTGGACGCGTGGCTGAACCAGTATTACACATGGCTGACTACCAGCAGGCAGGGCAGGCATGCACACACGCGCAGCAACAACCATTATCTGTTTTATGTGGCGCAATGCGCCCATTTGGCATCCTTCCTGGGCCGCAGTCATGAAGCGGCCCAATGGCTGGCGGAAGCCTTCGCCAACATGGACCGCCACATCGCTCCCGACGGATCCCAGCCCGAAGAACTCAAACGGGCGGAACCCTGGCAATACAGCGTTTACACTCTTCAGGCATGGGGATACCTGGTGCATCTTGCAGAACGCATGGGCGACAAGAACTACCGTTACCGGAAAACACCCGCCGGGGCTTCCATTCAAAAAGCTGTGGATTATCTCCTGCCTTACCGCGCCAACCCTGAAACATGGCCCTGGCAAGGCTCCAGGGCAAACACTCCGCTGCCCGCCATCTTTGAACCGGAGCAGACGGGTAGGCCACAACGGAAATGCTCCTGAACCGCGCCCGCCGTTAAAAGCATCTGTTTTTCCTGCTTATTGAAAATCCCCTGTCCAGCAGCATCACGAACGGGGCATTTTCCCGGAAAACGATTTAATAAGGGATCTCCCCAGTATTTTTCCCCTTAGATTTTTCCTTTCTTTTTGCTGCTCTCCATTCCCACGGAGATATGGGATTCAGCTCAGACCAGATGCCTTTTTGGGCCTTTCTGGCATCCCTTTCAAGAGAAACGAGCTTCCGGCTGGCGGAAAAATTTTTATAAATCCACGCCCATCCTTCCTTCACCATCTCTTCGTTGACGAGCATTTTCCCATGCCATATTTCCCCTAAAATACGGCCGTACCTGTCACTCTCGGTATACCGGACTGTAACCGCCTCTCCCCAAATCAGCTTTTCCAGGTATTCCTTGGCGCCTTCATACCCGTCCTGCTCCCTTTCCGGCGCATCAATTCCCTCAAGCTGTATCCGATGCGTACGCATTTGTTCAGGCGTCCTTTCCAGAAGGATGACCGTGTCGCCGTCAATCACGTTAATCACGACTCCCCTGATACTTTCAGCAAAAGCCATGCAGGGACTTATCAGGAAAATCAAAAGCCATTTCATGAAAAATGATATAATCCAAAAAATATCAGGATGCAACTACTCTTTAGAGAAACCGTTCCCGCACTGTTCACACGGCCGGAAACAGATGAATGCGGTCATCTGTGGACAGCCTGTTCTGGAACAGGCCATCATGTTTTCCGGCATGAAGGAACACAATTCCCGAACCTATTCCAACCTGTCCGGAACAACGGTAAACAGGCTGTATCATTGCCCCGCTCCGGAACATCTTTGTTCGCTGCCGTGCCGGGAGCGGAAGAACATCCCGCCGGCGCACCCCGGCAATCTAACCCATGCCGCCATTTAAAAAGACTGCACATTAAACAAGAAAAACCGGGCGCCCTGCAACATTCAATGGCATGGCGTGAGACATTTCACTCATTTTTTCAATTCTTCGGCTATTCTGCCGAGGTTCTTTTCCGTTGCCTTTCTCAGTTTCTCCTGCTGTTTCCAGTACCATGCCGTTCTTTCCGACACCCCGGCCTGATTCGCCAGCCAGCGCACGGCGCCGCTCGTGTCACAGCCTGTTTTCTTCTGAATGACTTCCAGCAGTTGAGCGACATATTTATTCATGGATTCCGGGTTGATATTATTTCGATTCCCATGCCCGGCTGAATTCCTCGTCCCGGAACAGGGAGGCAATCCCGCTGAGCTGCTTGAGGCGCAACAATTCTTCCGCATCCATCCCCAGATTTTTGAGTATCCACGCATCCGACATGCCTGCCTCCGTCAACTCCTGGATAATATTGGTCATGAGGGCGATATTATGAGATCCCCGGGCACGGTTGTGCCTGATGGTGGAAGCCATGCGGTTTTCAAGAGGCTTGTCG
CP137887.1_gap24	1103809	1106573	2764	CCATGACGGGCTTGTTCTGGGAGGTCCGGCCGGAGAGGCGCGCCGCATTCGTTTTGGACGGCCCTTCCAGAAGAACTTCCTGCACGGTGCCTACCAGAGCCCGGTTTTTCCGGATAGCTATTTCATTGACTACGGCCAGAAGATCCTGGTTGCGCGCTTCCTTCACTTCCTCCGGAATCTGATTCTCCATCACGGCGGCGGGTGTGCCGCGGCGCGGGGAATAGCGGAAAATGAATGCGTTGTCAAACTGGACCTGTTCCACAGCCTGCCTGGTCAGCAGGTAATCCTCCTCCGTTTCTCCTGGGAAGCCCACAATGATATCCGTGGTGATGGACAAATCCGGGCGTGCCTGCTTCATCCGGGAGCAAAGGTCCAGATAGGTTTCGTTTCTGTACGGCCTGCGCATCATTTTCAGGATGCGGTCGCTGCCGCTCTGCATCGGGAAATGAATGTGGCTGCACAACTTGGGAAGGTAGGTGAACGCCTGCACCAGATCCTGGCGGAAACCGATGGGATGCGGGGAAACGAAGCGGATGCGCCGGATTCCTTCCACTTCATGCACGGCTTCCAGCAGCTGGACGAAGCCGCCCTTGCCGCCTGCCGTTTCCATCTGCCTGCCGTACCGGTTGACGATCTGGCCCAGCAGCGTGACTTCCTTCACGCCGGCGTCCGCCAGCATCTTCACCTCATCCACTACGTCCCGGATGGGGCGGCTGCGTTCTGCGCCGCGGGTGTAGGGAACAATGCAGTAGGCGCACTTCATTTCGCACCCCTGCATGATGGAGACATACGCCGTGGAGCGCACGCCGGGATTCAGGTGATCCCGGATTCGGTTCTGGGAATCCTCCTCTTCCGCCACATCGCACACATGCGTACCGGAAAAGGCGGTTTGCAACTCATCCATGCGGCGTTCCTGGCGCGCGCGCAGAATGCCGTCCACATGTTCAAACACGCGGTGGTATTTCTGGGTGCCGACCACGAGATCCAGGCGCGGCAGTTCCTTGAACAGCTCCTCTTTTTTACTTTGGGCCATGCAGCCCATCATGCCGTACACTACATGCGGACGGTGCCGCTGCTGCTTGGCCAGAAGCCCCATTTTTCCCAGAGCCTTTTGTTCCGCCTGTTCCCGGATGGAACAGGAGTTGAACAGGATGACGTCCGCCTCATCCTCGCGGTCCGTCATGGTGTAGCCCTTCTGCACGAACATACGGGCCACCTGTTCGGAGTCCCGTTCGTTCATCTGGCAGCCGTAGGTTTTGATATAAAGCTTGGGCATGGAAAAAATCAGGTATTTTTTTTCAGGGTGACCACGCATTCCAGATGCTTGGTCTGGGGGAACAGGTCAAAGGGCTGGACGGCGGTGACGGAATACCCGGCCTTGTCGAATTCCGCCAGATCCCGTATCTGGGTGGCGGGATTGCAGGAAACGTAAACGACTTTTCCGGGGCCGAAGGCAAATAACTGGGCCAAGAATTCCGCACTGCATCCTTTCCGGGGAGGGTCGATCACCACGGCGGTTTTTCCTGCGGGGAAATCCACCCGGGCAAAAATGGCTCCGGCGTCCGCCGCCAGAAATTCCGCGTGTTCAATTCCGTTGCTGCGGGCATTGCTGCGTGCCCAGTCCGCGGAAGTCTCGCTGACTTCCACGCCCAGCACTTTTTTAAATTTCTTCGCCAGGCTCAGGGCGAACAGGCCGGAACCGCAGTAGGCGTCCACCAGGAATTCCTCCCCGTCCATACTCGCCTGTTGGGCCACGTAATCCGTAAAAAGCGGAAGAATGAAAGGATTATTCTGGAAAAAGTCTCCCGCCAGAAAATGGAATTCCAAATCGCCCACCCGTTCGCAGGCGACGGCATTGTTATTGGTAATGACGGTTCCTTCCGAGGCCCGGAGCAGAATGGTGGCTCCCCGCTTGAACCGGGCTGCGGCCTGGTAAACGCTTTTGCGGGCCAGGGGCAGGGCTTCATTGATGCACTCCATGGCAATCGGGCATTGCGGCACGTCCACTACGTCCCTTCTGGAGCCTGCTTTCAGGAAACCGATGGCCGGCTTGCCTCCTTCCTTCGGCTTGTCAAAATGGGGCGTAATCTTGGAGCGGTAATGGTATTGGCGGGGGGAGGCTACGGCCTGATTGACGGGCAGTTCCAGCCCTGCCTGCAAGCGGAGCAGATCCGCTACCTGCCGGGTCTTCCAGAGAAGCTGGCGGTCATAGGAAAAATGCTGGTACTGGCATCCCCCGCAGGTTCCGAACAGGCGGCAGCCCGGTTCCACGCGGTCCGGGCTGGGGTTAATTACTTCCACCAGATCGGCGGAGGAATAGTTCCTGTCATTACGCCAGACGCGCGCCTTTACACGGTCTCCCGGCAGGGCGAAGGGGACAAAAACCACCCATCCGTCCACGCGGCCAATGCCGTCGCCTGCATTGGAAAGGGCGTCAATATCCAGTTCAAGCTCCTGGTGGTAGGAAAAAGGTTCGGGGTGGAAACCCTTGGGAATGGTCGCAGTCATGGTGGTGGGAAAAGATTATGGGGCGGAAGGGGTAATCAACTTGCCGTCCAGATCGTACAGCAGGGTTTCCGGCAACCGGGGGGTGCGCAGTCCGGGGCGGAAATCGCCCGGCAAGACAGCCGGCCCCGGTGCGGATTCTTCATTCTCATCCTCTGGAAGAATCTCCTGTTGCGCCGGAGCGGGCGCCCAGGGTGCGGGCTGGTTGGCTGAAGCGGTTTGTTCCGGCTGAACGGCAGGAACTGGGGCGGGGTCCTGA
CP137887.1_gap25	1113505	1115536	2031	TGAGCAAGGCGAGTTTTCTCCGGTCGCTGGCGTTTCTGGCCTTGATATCCAGATAACGCTGCCACGCAGGATAATTGAAGGGATTGAATTGACGCGCTTCCCGCAAGAGCAAATCCACATGTTCCTGTTTTTGTGTACAGAAGGACAGATAATATGTTAAAGCCGATTCTTCCGCATGAGGATGATGAATGAATGAATCGTAAGCCGTCACCAGTTGAATAGGGCCTTTCCAAGGAATCTGAGCGCTGCCGCTGGCCCAATTCCAGCCGCCGAGATTGTTGCCGATTTGCCAGTGGCCATTGGGGTGTTTCCATACGAAGGCGCAGTGCCCCGGCTGTCCAATCGGGTAAGCGGGAACTCCTTTGGAACGCAGGAATCCAGCCGCGCCTTTGGAGACGGCGCCGCATACTCCTCCGTATTCCGTGTAAAGTTTCAGCGTGATGGGCTTGTGGTCGTAAAAAGCGCTTCCGGCATGGACGCTGATACCTTTGTCATTTTTTTTACGATAGGGAATGAATCCGGGAAATCTGCTTCCGGCTTTCTCCGGCCTGATTTTTTTCCCTGCGATAAATTGCTGTGCCCATGCCAGATCTTCAAGACCTTCTTTTCCCCGGAATACGATGGCCCATTCCCAAGGTTGCAAGGTTTCTGCCTGTGGATAGCATCTGGCGTGGTGATGAGAATCCCGGTAGAAGTTAAATTTGGCGATGCATTCTTCAGGAGAAAAGATGTTTGCGACAAGGCCGGCTCCCAATGCCATGCTGAGTTCAGCGGGATTGAAATTCTGATCGTTGGTATTCCAGATTTGGTAAAAAACGGAAAGAGTACTTTTGCCGGCAGGACCAGATTGGGCGAGCTTTGTCGGAGGTAAGCGGGCCGGAATCAAGCCGGCTGCGCAGGACTTCCCGGATTTTCCCGGCAATGAAGGAGGACCGCCCTGCAGAAAGCAGTGTTTGTATGTCTGATTCAGATGAAGCCAGCGTGCCAAAGCTCTCTGGAGACATGAGCATGCTGAAGAGGAAAAGCCAGAGGATGTTTTTCATAAGGTATGAAAGGCAGACTTAAATGCATGGCAACATAAATTGGAAAAATGTCAATAAAATATGATTTCTTTTGAATATGAAAAAACATCTTATATTTCTATTTTATATCAAAATGATATTGATATAGATATTATCAATTATTGACGGTAAAAGGATTTTTTTCAAATGGAGAATTGAGATCATTGATTCTGAGAGACAGTGGATTTTCGGAGCCGAATCCGGGATGATTTTTGTGTCTATCCCTCCCGCAAGATGATGAAAACGGGGTTCCATTCGGAAAAAGAATGGAACCCCGTGCTGAAGCGGTAAAACAGAGATAATAGTTTTCAGGTCAGATGATCTCTGCCATTGTCAAATTCCCACCACGCCGCCGATGGTTTGGATGATGACCTTGGCAATGATGGTCATCAGGATAAGGGCCACGGGGTAGGCGGTGGCGTAGCTGACCACGGGAGCCTGGGAGTCCGTTTTGCTGGCGATGGCTCCCAGAGCCGGGGTGGAGGTCATGCCGCCGCAGATGCCGCCCAGGCATTCCAGAATATTCATCTTGAAGACCTTCATGCCCACGAAGTAACCGGCAAACATGCCGGAGCAGGTGACGATGACGCCCATGATGAAGACGGCCGCGCCGTGGGTGGCTACCGTATCCACCAGGTCCGCTCCGCCCTTGATGCCGGCGTCAGCCAGGAAGAAGACCAGCCCCAGGTCCTGCAAAAGAAGGCGCGTGGGGCGCGGGATGTAGCCGACGATGGGGCCCAGCCGTCCGAAGTGGCCGAGCAGCAGGGCGACGATGAGGGGGCCTCCCGCAATACCCAGGGAGATTCCCGCGCCGTTGCCGAGGCTGAAGTTGACCAGGCCAAGAATGATGCCCAGGGAGAGGCCGAAGCCCAGGGAAAGCAGGTCCGTCTGGTTCATGTCCTGGCTGCGGTGGCCGATTTTGTCCCCGTATTTGGTAAGGTTTTCCGGGGACCCCACCACGGTCAGCACG
CP137887.1_gap26	1132523	1133761	1238	AGAGGATTTTTTTCCGGGAGCCTGACGCCGTTTTTCAGGGAAAACCCGCTTTCTCCGGTTTGGACGCGCATGGCGGCGGGCAGGGGAATGATATGGGGCGCTTCGAGAACCGGAGCGGATGGGGCGCCCCAGCAAAGGGAAAACAGGCTGAAAACCGTGGCGGAAAAGGTACACTTGGAAATCATAGCGTACGTAAATACGCGGCATTTTCCGGGAAAATTCCGTTTCGAGGTTATTTTTGCAAATGCAGAGAAAACCGGCACATGAAAATAGCGGTTGTTCCGTCCGGGCGCCTGTGAGAGTATTCCCGCGCTATGAATGGAGCCGCTTCCCCCCGCATCAGGAAGACGATGGTATTTGTGCTGCTGGCGCTTTTTCTGGGCCAGTTCGGAAGCGGTGTGTATGATCTCGTTTTCAGCAATTTTCTGCGTGATGCCCAGCATCTTGACGTGGAGATGCGCGGGCTGATTGAATTTCCCCGGGAATTGCCCGGCATCCTGTCTCTTTTTGCGGTCAGCCTGCTTTTCATGTTTAATGAGGTCCGCATGGCCGGGGTGGCGTGCCTGCTGATGTTCGGCGGCATGTACGCGCTGGCTTTCTGCGGCGCCGGAACCAGCCTGTGGACTTTGTCTGCGTGGATTTTGACGGTGAGTCTGGGTCAGCATATCCTGATGGGCATGATTGACACCATTGTCATCCATACGGCGAGGCCGGAAAACCGCAGTCTGCGGCTCGGCCAGATGAAGGCTCTGGGAACGGCGGCCGCGCTGCTGGGCGCGCTGTGCGTGTGGATCAAGTGGAAATTCAATCAATCTTTTGCCGTGGACTTTTTCGTCACGGGGGGCGTGTGCCTGCTGGCATCCCTGTTCCTGAGCCGGGTGAAGACGCCCGTCTTCCCGCAGCGGCGCGGATGGAGGCAATGTTTCGTCTTCAAGCGCAGATATGCCGTTTATTATGGATTGGAAATTCTGCACGGCATCCGCAAGCAGCTTTATCTGACCTTCGGTTTCTGGCTGATGGTCAGCACGCTGGGCCAGTCTCCCGGATATATCGGAAAAACCCTGCTCATGGCCGGCGTCATCGGGCTGGTCACTCAACCCCTGATCGGCTGGAGCATCAAGCGCTACGGGGAACGGAAGGTGACGATTTTCGACAGCGTGGCGCTGTCCCTCCTGTGCCTGGCATACGCCTTCGCTCCGGAACTGCTGCCCCTGCATTGGGCCGTGGGAGTAGTGACC
CP137887.1_gap27	1146572	1150691	4119	AAGATTGATGCTCTCGTTATAAAATCTCTGTTTAATAGAATTGATATATCTTTCTTCAAGTTCTATTGAAAGTGATTTTCTATCTGTTTGCTCAGAGGCTAACAAAGTTGACCCACTTCCAGCAAATGGATCTAGGACAACATCTCCTATATTTGAGGATGCTTGTATAATTCTCTTAATGAGTTTTAGGGGTTTTTGAGTTGGATGATAACGATTTTCTGAGTAGAAATTTATATCAGTCCATACGTCGGTTAATCCCATTTGAGGATTATATGTTTGAGCTATTTTGTCATAAGGGTAGGAAAATTGTAAAACTTTTTCGAGTTTTGCCCATAATTCACGAGTAGGGAATTGTTCGCAAATATTTTTTCCAGTGTAAATAGACCACATCCCTCCTCCATTGGATTTGACTCCTAATGCTTCATTTATTGCCTTGGATGTTAATTTAAGTTCTTTTTGTCTGGATTTTAGCAATTGGCGAGAAAATTCTTTATTATCTTTCACTAAAAAAAGGATACTTTCTGTAACATTAGGAAACATTTTATAGTTTTTTGTTGCTCTCCCTGCAACTGCTTGCATTCCTTTATCAACAACAATTTGCTGACGCAATGAAAAACCTAATTCATTAAGTATTGGAATTAATAATGCAAGTATTCTAAAATAACCGAATAGATAAAAACTGCCTCCTATTCTTAGCTTATTATAGATTTCTAATAACCATTGCTTTGACCATTTTAAATAATCATCTTCTGTTCTCCATTGATAATCCCATTTTTCGTTGACCACTTTCCAATAAGGAGGGTCTGCAATAACTAAATCTATATCTGATATTTCATTGTTTTTTAAGATTTCTATACAATTACCATGAATAACCTTGTGATTGTTTCCTAAAATAAAACTATTCATAACCCTCCCTTTATTTAGCAAAAAAATCTATTTTAACTCAAAAAATTTAGCATATTCCCTTCATTAAGTCGATATGTGAATCCATCAACATATCTCTGCAAATGTTTAACGGAGACGGGGCGGAACATACTATTAAGTCCTCGTTTGGAGGCTGCCCAGTCGCTCTCGATATCATTCGTATCAGCCATACCATCTACAAACTGTTTGGAACTATGATTTACAGCTTTATAGGCAAATAAGTTGGAATTCAGTTTGGCGTGGACTATAAAATTTGCCGCCTCGTTCTCTCATGACGAATACAGCGGTCTTGCCTACGGCATCACGTCCAGTATTCAGTTTCTTACTACTGTGCTTGCTATCTTCACGATCATCGATATAGGTTTCATCAACTTCGACTATTCCAGCAAGGAGTTTCCTTGATTTTATCGTCATCATGATGTTTCTTTGGAGAATGAACTATGCCTTCTTTTGAGTAACTCCTCTTTGCTTTGAAAGTCGGAGTGAAAAAATTTCTTTCCGGAGGGTCGCTACGAGGTAAAAAGCGAAAATTCCTTTATGCAAGGACACATGAGGATGTTCAAAACGTTGTACTATGTCCATACTGTGTATTTTTTTTGCAAGCTCTTTTGTGAAACAATACTGTTTCTTTTCGAGATGTCATTTTAAATGAGTTGAAAGAGCGAGATGGTTAGATTGTCGTTCATATTGGGAAGTTAGTATAAAACAATACTTGAGCCAAGTATATAATTTCTTGTTTTTCTTATGTTCTTTCGCCGTATTCCCCGGAAAAGCTGGTATGAAAAAGCTGTGGAACGCGTTTTCAGGGACAGGAAGCCGTGTATGGAAAAGCTGCTCTCCTTCGGTTTCGTTCGTGTGGAAAGCGGTTTTCTGCGCAGGGCGGCATTGCTGGACGGCCAGCTCTGCATGGAATTGGAAATACACGCGGACGGTTCCGTTCATGCAACGGTGCATGATGCGGACGGGAAGAATATCCGGCATGCTGACCCGGGAACGGAAGACAGGTTGCGGACAAGAATGCTCCGCAGGGAATATGAGGAAGAACTGTGGCATGTGGCGGAATGCTGCTTTGAACCTGATTTTTTCAAGGCGGCTCCCGCCCGGAGCCTCATCACGCACATCCGTAAAGCTTACGGGGAGGAACTGGAATTCCTGTGGAGGAAGTTTCCGGGGAACGCAGTGGTGCGGCGGAAGGATACGGAAAAATGGTACGCCGCTTTTCTGGCTGTGCCGCGCTTGAAGCTGGGGGGCAGTTCCAAGGAACGGGTGGAGGTTTTGAACCTGCGGGTTTGTCCCGGTGAGTCCGGGATTCTTGCGGATAATCGCAGCCGTTTTCCGGCCTACCATATGAATAAGAAAAACTGGGTGAGCTTCTGTCTGGATGGAACCGTTCCCTTTGAGGAATTGGCTGCGCGCCTGGAAACCAGCCGGAGGCTTGCCGGAAAGTGAGCTCCTCCGGCGCGGGATGCCGGGAGAAACCGTCTTCCCGCCCCCGGATGGACGGCCGGAAAGGGGGTCTTGACCCGGAAAGAGGCGGAGCCTACAGTAAGGGCATGAATATAGAAGAAAAAGCTCTGTCCACCTTCCGCACGGCGCCTTGGCTCCACAACTGCGCCCAGGCCGTCTGCGCGGCCCTGGGCAGGGAGGATTTGCTGGAAACCGTTTCCTCCTGCGGTACCGGAAAGGCTCCAGACGGACTGTGCGGCGCCCTTTACGGGGCGCTGCTGTGTACGCCCGTGCAGTCCAGGGAGGAGCTGAGGCGGCGGTTTGTGGAAAAGCTGGGCTATTCCCATTGCAGGGAGTTGAAAAAAGAGGGGGCCGTGCCATGCCGGGATTGCGTTGCCTCTGCGGCGGTTCTGGCTTTTAACCTGAGGGAGTGAACGCAGAATGACACTGCCGGATTCATGGTTTTTCATGAAAAAAGAGTCTATTGGAATGAAACCAGATAGAATAACATCATGAAAAAATTGATCTATATGATAGCGGCAGCGGCCGTTGCGATTCCGGTGGTGGCCCTGGCCCAGGGAGCCTGCGGCAGCGGCTCCTGCTCCAAGGGAGACAAGGACATGGCTGAAGCCAAAGAGCACATGAAAGAGGGCGCCAAGGCTGCCAAGGACGCCGCCTCCGAAAAAATGAAGGAAGGCAGGCAGGCTGCCAGGGACGCCTATGAAAAGGGCAAGGAAACCGCCAGGGATGCTTATCAGGACAGCAGGGACGCCGTTGACCATGCGGCGGACAGGGCTGCCGATAAGGCCGAAGCCGTCGGTGACGCTGTGAAAAACGGTTAACTCAAACGATGAACAATAAAAATATTTGCTTATTTTATTATGTGCGAATCCAAGGATCATATGAATAAGGGCTGCGGATGTGCGAACGATGCCGCTTCCGGCAACATGGAGGAAGGCAAGCACAAGATGAAAGACGCCTGCGAAAGAGGCAAGGAAGCCGTCAAGGACATGGCTGAAAGCGTGAGCGACAAGGCCAAATCCATGATGGACAAGGATAAGAATTCTTAGTCCCGGCGGCGGTTGAAGCAAGCCGTTTCCCATTCTTCCTCCCGTGCGCGGGATGACCTCCCCTTGTCCGGATTTCCGGACGAGGGGATTTTTATGCGGGCCGGTTTTCCGGGGAAGGGGTGTCCTGTTCCACGGGCTGGAGGGCATGCAGGCTGATTTTATGCCTTTTGCATAATTCCTCCACCCGGTCGCGTTCCAGCAAGATGGTTTTGCCCGCTTCCAGGGCGATTTGCCTGACGCCGCATTCCGCGCACGTTTCAATGGTGACGGGGCCGACTGTCGGGATATCAAAGCGCATGTCATGCCCCAGGCGGGCCACTTTGGCCAGCGTGGCCGGTTTGCCGTTGCCCAGTTCCCCTCCGCGGCGTATGCAGTTGTTGGTGCCTTCAATCGCTTCCACGGCGATGACGGTGCCGCCGTGCACGATGACGGACTGCCCGATGTGGAGACGGCTGATTTCCTTGGCCGTCTGCATGCCGAAGCGGGCATCCTCCCATTGTTCAGGCGTGGGAGGCGGTCCGGCGATATGCCCCGGCTGCGGCATGTGCTCCTCCATGTAGGTGGAGGCCGGGAGGATGGTGAAGCCTTCCTTTTCCGCTTCCGTGATGACGGCCCCAAGCAGGGAGTCCGCATTTTTTTCCGGCATGCGCATCAATACGGAAAGGGCGCGGAGGTCCGG
CP137887.1_gap28	1155141	1158912	3771	GGAAAGAGTGTAGTAACGGTATCTGGTATCCGGGTCCGTATAGGCCGGGAGCAAAATGCCCAGTTGTTCATAATACCGGAGGGATTTGACATGTACGCCGGTCTGTTTGGACAGATTGCCGATGGTTAGTAAATTCTGTTTGTCCATCCTGTATTGCGGTTGGTGGGAGGGAATTGATTGTTTCCGCCGGAAGAGCCGCGGCGGAAACGGGAGCTGCGCGCAGAAGAAACCTTTCTGAAGACGAAGTTATTTCCGCCATTCATTGGATTTTTATTGTCAACAATTTACAATAAATGACAAAGACCTTCCCCACTTAATTTTTCCATTGCCTCTTGACTCTCCCATTATGGGATACTTTACATCATATGGCAATTGAAAAATCCCCGGTCTTGCCGGAAGTGCGGTTCCGGGGTTTCTTGAGGTTCCAAACAGCGTGATTCCTGATGAAAATAATTAATCTTTTATTCTGCATGCCCCTGCTGGTGGTTTGCTTCTCCTGCCAGCGGGAGGGTGAAAGGCAGGCAGCCGGATTGCCCGGCGAAACCGTGCCGGAAGTGTCTGTCATGACGGTACGCAGTACTCAGGTTCCCGTAACCGCCAATCTTCCCGGCCGTATGGAAGCGTATCTCCAGGCGGAAGTGCGCGCCCGCGTGACGGGAATTATTCAGGAACGCTGCTATCAGGAAGGGCAAACGGTCCGGCCGGGCGATCTTCTTTTTAAAATAGACCCGGCTCCGCTTCAGGCTGTCCTGGATGAATGCAAGGCTGCAGTGGCTCGTGCCAGGGCCGTTCTGTCGGATGCGGAGGACAAGGCCGCCCGGTATTCCTCCCTGGTCGCCAAGGGCGCCGTCAGCATACGTGAGCATAAGCAGGCCAGGGCGGAGGAAGAGCGGGCCAGGGCGGAATATGCCGCCGCGGCCGCCTCTCTGGAGCAGGCGCGCCTGAATCTGGAATATACCCGGGTGGAGGCGCCCATCTCCGGCCGCGTGCGCCGTGCCCTGGTGACGGAAGGGGCGTTTGCCAACCAGAATGAATTCACCCACCTGACCACCATTGAACAGATTGACCCCATTTATGTCCGCTTCAGCCAGCCGGCCTCTCAGTACAGCAGCTTGCGCCGCGCCGTCGTATCCGGATTGTGGAAGGGAGTGCCGCTGGGCGAAATCAAGGTGCGCCTGCTGCTCTCCAATGGGGAGGAATACCCCCATTCCGGCAGGATCATTTTTTCCGACATGGCGGTGGACCCGAATACGGATACTATTGAAATGCGGGCCCTGTTCCCCAACCCGGACCATGAACTGCTGCCCGGCGCCTATGTGCGCGTGGTATTTGACAGGGCGGTGCGGGACAACGTCTTCGCCATTCCCCGGGATGCCGTCATCCGCACCGCGCAGGGCGCTTCCGTCTTTGTTGTGGGGCCGGAAGGAGTGCTGGAAGCGCGCCCCGTCAGGGCGGATACGCTGAACGGCCGGGAATGGCTGGTTTCAGAAGGCCTCCGGGATGGGGACAGGGTTGCCGTCAGCCACACGATGTCCCTCCGCCCCGGCATGAAAGTCCGCAGTGCCGCCGCCCGGCCGCAACCCCATGCCCAGCAATAAACCGCCATGCCTGATTTCTTCATACGCCGCCCCATTTTTGCCTGGGTAGTCGCACTCCTGATTTCCCTGATGGGCCTTCTGGCCATTCCCAGCCTGCCCATTGCCCAGTATCCGGACATCGCTCCCCCGGTCATCACCCTGCGCACCACATATCCGGGGGCTTCCGCCCAGGATACGGAGGAAGCCGTTACCGCCGTCATTGAAAAGGAAATCAACGGCGCGCCCGGCCTGATGTACATGTCCGCCACCAGCAGCTCCGACGGAACCGTGGAAATAGCCGCTACGTTCACGCAGGGCACGGATCCGGATATTGCCGCCGTAGAAGTGCAGAACAGGCTGAAAATCGTGGAATCCCGCCTGCCGGAATCCGTCCGGAGAGAAGGCGTGTTCGTGGAAAAATCATCCAACAATATTCAGGCGATGATTTCCCTCTCTTCTACAGGCAGCCTGAATGATACGGAGCTGGGGGAATGGGCTTCCGCCCGCATCATCCCGGAACTGAAGCGTGTGAAAGGCGTCGGGCGCGTGGAGCTTTTCGGTGCGGAGACATCCATGCGCATCTGGCCGGACCCGGAAAAACTGGAGGCGCTGGGCCTGACCCCCACGGATATTGTCAATGCCGTGGCTGCCCAGAGCGAGCGCATCATCATCGGGGACATCGGGGGGGCGGCCGTTCCCGAATCCGCCCCCATCAACGCCGGCGTGGTGGCGGAGGACGCTTTCCGTACGCCGGAGGAATTCGCCTCCATTGCGTTGAGGACGCTTTCAGACGGTTCCTCCGTCAAACTGGGGGACGTGGCGAGGGTGGAGCTGGGCGCCAACAGCTACGCATTCTTTTCCCGCTGCAACGGCCAGACGGCCACCGGAATGGCCATCAAGATGGCTCCCGGCTCCAATGCCGTGGAAACCATGGGCCTGCTCAAGGCCAAGATGGATGAACTGTCCAGGGATTTCCCGCCCGGAGTCTCCTACCAGATTCCCTATGAAACCACCCACTTCGTGGAAATCTCCATCCGGAAAGTCATTTCAACCCTGCTGGAAGCCGTCCTGCTGGTGTTCCTGGTCATGTTCCTGTTCCTCCAGAACTTCCGGGCCACCCTGATTCCCACGCTCGTCGTCCCCGTAGCCCTGCTGGGAACCTTTGCCGTGATGTGGCTCTCCGGGTTCTCCATCAACATGCTTACCATGTTCGGCATGGTGCTCAGCATCGGCATTCTGGTGGATGACGCCATCGTGGTGGTGGAAAATGTGGAACGCATCATGATGGAAGAAGGTCTGGATGCCCGGCGCGCTACGGTGAAAGCCATGAAGCAGATCGGCGGGGCCATCGTGGGCATCACCGCCGTGCTCGTGGCGGTTTTCGTGCCCATGGCCTTTTTCAGCGGAGCGGTGGGGAACATTTACCGGCAGTTTGCCGTAACGCTCATTGTGTCCATCTCCTTCTCCGCGTTTCTGGCCCTTTCCCTGACTCCGGCGCTGTGCGCCGCCATGCTGAAACCCTCCTCCGTGGAGCACCAGGAGAAAAAGGGTTTTTTCGGATGGTTCAACCGGACGATACACCGATCCACGGACCGGTACGGCCGTGCCGTATCCGGAATGATCCGCCGCCCTGTGCGCTCCCTGTTCCTGTATGCCCTCATTATTGCAGGGGCCGGCTATTTGTACCTTACGCTGCCCACCTCCTTCCTTCCGGAAGAAGACCAGGGTAACTTCATGGCAATGGTGTCCCTCCCTGCCGGCACCCTTCAGAAGGAAACCAGCGTGCGGTTGCGGGAAGTGGAGGATTACCTGATGCGGCATGAGCCGGTGGAGCACGTTTACTCCGTGGGAGGGTTCAGCTTCATGGGTTCCGGAACCAACATGGCCATGCTGTTTGTCGGTCTGAAAAACTGGGACGAGCGTCCCGGAGAAAACAGTTCTGTTCAGGCGATTATTGACCGCGTCAATGCCCGCTTTGCCGGAGACGGCCAGATGATGGTCATGGCCCTGAACATGCCGGCTCTGCCGGAGCTGGGCAATTCGTCCGGATTCGACTTCCGCCTCCAGGACAAGGGCGGCCTGGGATATGCCCGCATGGCGGAAGCCCGGGACGAGCTCCTGGCCCGTGCCAACGCGAACCCCAATCTGGCGGGCGTTTATTTCTCCGGCCAGGCGGATACGCCGCGTCTGCACG
CP137887.1_gap29	1164385	1166114	1729	CATACGGAAATGTGCGGAAAAACGGCGAATTCAATCATCCGTTTTTTGGGAGAGGAGCTTGCCGTCCGGAGAATAATAAAGCTCCACTTTGCGCACGGCGGGGGATTCGGACCGGCAGTCCACCCGGTACTTCAGGACTCCCCGGGCGGTAATCTGCCTGGCGCGGCGGAGGGCATACCCCGGGAAATCGCGGGCGATGGCCGCCGTAACGGGGGCTGGAAGATGCTGGAGGGAAATATCCGCCTTAACCAGGCTGACAGTGCCGTCGGGATACAATTTCACCTCGTATTCCAGTCCATTGAGGTGGAACTCGGCTTCATAGACATCTTCGTCATTGTCGAAATCCCATTCAATGGCGCCTGCGTTCGGATACTGCTTCTGTACCTGCTCTTTCACGGGGGCGGGAACGCGGGAGGCCGGGATATCCGCCAGGGCGGGCAAAGTGAATGCCGCGGCAAGAGTAGCTGTAAGGGTGCGTGAAATATTCATAAATACGGAATAATTGTATTTATTAAAAAAACAAGAATCTTTTGCGGATGTTTTGTGACAATTTAGCCATCAATGAAATGAATCCGGGCATGGCGGGGTTTCTTGTCGCCAAAAAGCGGATGGTGGAGTTGAATGGCGGCATGCAACAGGGTATTGTCTATTTGCTTGGAGCGGGTCCCGGCGACCCCGGCCTGATAACCGTCCGCGGGCGGGAACTGGTGGGAATGGCGGAAGTGCTGGTATATGATGCGCTGAGTTCGGCGGAAATGCTGAACTGGGCTCCTGCTGCATGCGAAAGGATTTTTGTGGGCAAGCGGGCTTCCCGCCACGCCCTGCCGCAGGAGGAAATCAACGCCCTGCTGGTCAGGCTGGGCCGTGCCGGGAAAAAAGTGGTGCGCCTGAAAGGGGGCGACCCCTACGTCTTCGGGCGCGGGGGGGAGGAGGCGGACGCCCTGCATGAAGCGGGCATCCCTTTTGAAGTTGTTCCGGGCGTTACTTCCGCCATTGCGGGGCCTGCCTACGCAGGCATTCCGGTGACGCACCGCGGGTACTGCACGCAGTTTACCGTATTTACGGGCCATGAAGGCGAGAACAAGAAGGCGTCTTCCCTGGATTTGAGGGGAATAGCCGAAGCGCAGGGCACGAAAATCATGCTGATGGGAATGCGGAAACTGGCGGATGTATGCGAAGCCCTGATCGGGTACGGGCAGGAACCGTCTGTGCCTGCCGCCGCCGTCCAGTGGGCCACCACGGGCATTCAGCGTACGGTTACGGGAACTGTGAAAACACTGCCCGCCAGGGTGCAGAAGGCCGGGTTGGGCGCTCCCGCAGTAGTTGTCATCGGGGATGTGGTGAAAGAACGCGAGTCCCTGAACTGGTTTGAAAAACTGCCCCTGTTCGGCAAGCGCATCGTGGTGACGCGCACTCGTGCCCAGGCCGGGGAATTGAGCGCGCGCCTGCGCCGCCTGGGGGCGGAAGTGCTGGAGATGCCTGTCATACGCATTGCCCCGCCCTCCAACAGGAGGGAATTTGCGGAAAGCGTGGTGCATGCCCACACATATGACTGGCTGGTGTTTTCCAGCCCCAACGGGGTGGAACGCTTCTTCCAGGCGTTTTTTGCCGTGTACAGGGACATCCGGAGCATTGGAGGAGCCAGGATTGCGGCCATCGGGCCAGGGACGGAGGCGAAGCTCCGGGAATACGGGCTGGCCGTGGATGTCATGCCTAAAAAGTTTGTGGC
CP137887.1_gap30	1178983	1183566	4583	AAATCCTTGTTGTCCATATGAGGTTTGTCATTACTGCTTGACTGGCCTTTTTCCCCGCAGGAAAAAAAGGAGAGCATGGCGACTGCGGCCAAAATGGCGCATGCCAGTCCGGCCAGTGTCCATGGTCCGTGGTAAATACGCTTCATAAACGCTGTATGGAGTCGCCTTCCGGTGCGGGAGCAGCGGCTCCCTGGGCCGGGGAACTGCTGTCCCCCGGCTTTTCCGGAAAGGTAAATGATTAGACAACAGCGGGTTCATTCCGTTCGATACCTGTGTCCATATTTCCTTATTTCTCCCGTTTTTCCGTCTTCATCCTGTTTTTCAGCCACTGGTAAATAGCCCGGTCGGAGGCATCCGGTTTTCTGCTTGTCTGCATGCTGAATCCGTATTTGGTTCGGAAGTTGAAAACGGCCAGAGAAGGGCTCAGGCCGATGGAAAGCCCCTCCATCCGTATTTCCACCTCTTGCGGGACATGGCTGGAGAAGTCGAGGCGTCCGGCATTGGTGACGGTTTCCACATAGTGTTTCAGGAAAGGCTGGATGCTGGCCAGGAAGGAGGGTTCCAGAGCCATGCGGCAGCGTTCCGGGGAAGAATTTTCCCTGACAAGAATGGCGGAAGGAGCTGCGATGGCGTGGGCGGGCCTTAACGTATTCAGCGGAACATTCCATAAAAAGGAAAACAGCCCCGTGCCCAGGAGAAAAAGAAGGACGGCCAGAGCGCCAAGCCATTTGACCCGTTTGTTTACTGATTGATGACAGGGCCGGCCTTCGTTCATGGAGAGAAGCATGGCATAATATTCCATGGTGATCCATGAAAGAATTTGCCAGGAAGCAGATGGGAATTCCCGTCCCCGCATGAGGGAATTTTTGTACTATAACATGAAAAGCATGAAAAAAAACGCTGGAAATCATGTATAGTATCATTAAATATTAATGTAGTGTATGAGAAAAGATTCCATTTTTCTTTCCATTTTTTTATTTTTCCTTTTTCTGACAATCTCCGTAAATAAATCCCTCGCGGCAAAATATCCTTCGCTGGATGTTCCGGAAGACATTTTGCTCCACGTGAAAGAAGCTGCTTCCTCCCAGTCCCCCTATTCCGGCAATCATTCCGTAAAGCAGGCTGTGGACGGCTCTATGGAATCCGCCAACTGGCATGTTCCCGGAGTGCATCATGTGGAGGGGGAATTTGTGTTTGAAGTGCCGGAGACCATTCATTACATCATTTTTTCCGGAGCCGATTTCAATGAAATTGCCGTGTCCGCCATGTCCGGCTCGTCTTGGAAGGACCTTGGAAAATTCGATATCGGCGGCTCCAGGATGATCAGATTTAAAAAGCCTCTTCAAAAGGTTCGGAAAATCAGGTTGACGGTTGATTATCCCGAAGGTTCCTCTCCGTCTTTTACCGTACGGGAAATCAGCTTTTACAAAAGGGTGGAGTCCGCACTTAACCGGAAATTGCTGAAAGTATTTAAGGACACGAGCTGCTCCTCCATCAATCCCAGGTGTACCCTGACGGACCTCAAGGCTCTTCCGGAGTTTTTGCAGATGATTGCGAAGAAAATAAAATCCGGCGATTATGAAGACAAAGAATTCCGCATTGCTTCCTATAAGGCTTACAGCCATCCGGAGTTTGCTGCGAAGGTGAGAAATATCAACGCCCTGAACAAATTTGACAATCCTACCGGAATTGTCGCGGAGAAAGGAGATGAAATTCTTGTGTTCGTAGGACCTACCCATGGAGAAGATATTGGGCTGGCCTCCGTTTCTCCAGCGGGAATAGAGTCTTCCTCCTATCCTTTGAATGAAGGGGTAAACAAAATTAGAATCAACCGTTCGGGATTGCTTTACGTGATGTATCACACCGATATCAGCACGCCCAAGAAGCCGATAACGGTGCATATTCCTGTGGGAAGCGGCATAGTGAATGGATATTTTGACGTGACGAGGCACACGGATAAGGACTGGAAGCGTATGATCAGCAACGCCCCGCATAGCATGTTCGATATCGTTGGGCGGAATTCCATGATGATTCTTCACACAAAGTACCTGAAAGATTACAGTCCGGATTCCATTACGAAATCCGTCAGGGTATGGGATGAAAGCGTCAAGGCCATGTGGAAAATCATGGGATTTGACAAGTATCCCCAGCCGCACAATAACCGGCAGCTTGGCGTTTCCGTAGAAGGAGGAGCCCATATGTTTGCAACCTGGTATTACTGCGGCTACAGTATTGGAGATCAGGGAAATACGCTGAAAAATGAAGTGCTCGCTCCTGGAGTTCTTCAGGGAAACCGCCTTTGGGGAATCGGGCATGAAATCGGTCATTGCTACCAGCATCCGTTCAACTGGCGCAGCATGTCGGAAAGTTCCAACAATTTTTTTGCCCAGCTGATTCTGGACCAGGTGACCAATGCCATTAATGGCAATGAGCAGGCCTCCGATATGGAAAACCCGTGCAAATACCTGCTTTCAGAAGCGGTAAAGGGCATGCCGTTCCATGATTTGAACGGCTGGGCCAAATGGGGTTTTGCTCAATATTCCTTCTATCTGTATTTCCATAAGCTGGGAATCAATCCCGAATTTTATCCTAGGCTGTTTGAATCATTGCGGCGCAAGCCGCTTTCCAGGCAGGCGTATGAGGTTTCCGAAGCCCATTTGGCCTTGTATGAACGCATTTGCAATATCAGCAGGACGGACTTTACCGATGACTTTGAAATTTTTAATTGGTTTGTCCCGATTGACCGCAAGGGGCATCAATATGGGGATTACAGTTTTAAAATGACAGAGGAAATGGCCCGGGCATCCAAGGCCCGCATTGCCGCCAAACGGTACCCCAAACCGAAATTCCGCATTGCCTTCCTGCATCAGCATGGAAAGACGGTCAATTTGTGGGGGCAGAATCTGCATGGGTCCCAGCTCAACGGCTATTGGACCAAATACAAGCAGAACGCAAAACTCAGCCCGTCTGTAAGCGCCTCCAAAAAGGATAACATGATTATTGTGCGGAATGGGGAAAATGCAGCCGCTTTCTGTGTAGTGACCAATGGAAAGGTGGTAGGTTATTATGACCGTCAGAAGTTTGACGTTTCCGGCGTGGAATGGAATGATACCTCTAAAGTGTACGCTATCCCGATTCAGACGGCGGAACCTTATAAGTTGATTTATGCTGCCGGGCGTTCCTGACCGTGTTTTGGAGGTTTGGGAAAAGCCTCCCGGAAAATCATATTCCGGGAGGGGCGGGTATTGGGACGCCTGCTATTCGGGTGCCTTGAAGTTATATACGGGCCTGATGCGTTCCACGATTTCCGCCGTTTCATGGATGTTGTCCAGCACGCTCTCGCCATCCTTGTAGGCCATTGGCGCTTCATCCAGCGTAGCGCGGGAAACGCAGGTGGAGAAAATACCCTGCATGGAAGCCTCGAATTCCTCCAGGGAAAGATTGGCTTTAGCCTTTTTGCGGGACATGCTGCGGCCTGCGCCGTGCGGAGATGAGGAATTGAATTCTTCATTTCCTTTGCCGATGCAGATGACGGAGCCGTCACGCATATTCAGGGGAACGATGAGTTTTTCTCCGCGTCCGGCCCGGACGGCTCCCTTGCGGATGATTTGGTCTTCCGCAATGTAGTTGTGCACGGTGTCGAAACTTTCCAGATCATCTGCATCATCCAGCAGTTCATGCAGTATCACGCGGCGGTTCAGGGCTGCGAAGCGCTGAGCCACCTTCATATCCCGCATGTAGTTCAGCGTATTTTCTCCCTGAAGGTAGCAGAGTCCTTTTTTGCGTTCTTTAAGATAGGCGTCCGGACAAGTATCCACGGCGATTTTCTGGTAGCGTTCCGCAATCTTCAGACCGAAATTACGGGAACCAGAGTGGATGCACAGGAAAGCGTGCTCTTTCCCTTGCGCTATTTCAATGAAGTGGTTGCCTCCTCCCAGAGACCCTACGGAGCGGCGGTGCCTGTCTTTGTCCGTTCTCAGCACGTCCATGCAGATGCGGGAGATTTCTTCATCCAGTTCCGGGTCGTCCAGCAAGGCTTGATGAACGGAGGGACGGGCATGCATCCCGGACGGGACGCGCTCGCGCAGGCGTGCGTCAAAGCTGGAAAAATCCGGCAGTCCGGACAGTCTGGCGGTAAGCACTCCGCAGCCGATATCCACGCCGATCAGGTTGGGAATTACCTTATCCGTTTTCAATTCCGCCGTGAACCCGATGACGCAGCCGGCTCCGGCGTGCACGTCCGGCATGATGCGCACCCGGCTTCCTTCAAAGGCGGGGTGGTTGCAGACGTCCCTGATCTGGGTGCGGGCCAGGTCTTCCAGTTCATCCGTGAACACGCGGGCTTCCGTGTATTTTCCGTCAATGGTGATCATGGTTTTATTCTTTTGGTTGAGGGGCGCGGAGATATGCGGAAAGCGCCTTCGCGCCCTGTGACCTTGTCACCATAACGCATTTGTTGACTCTTGCATTATATAAGTATTCATATTATATAACTATAAAGTTATGTTTGAGCATCTTTTCGCAGAACGGGGACTGTCCCTGGACCGATTGAAAACCTTGATAGAAGTGGCCAAGGCCGGGAG
CP137887.1_gap31	1189759	1193233	3474	TTTTCCGGTGCGGAAGACGCCAAGCCATCGGGAGTGCGCGCGTTCCGTCACTTCCTCCACGCGGGCTTTCATGTCGGCATCCGGGGAAGAAAAGCGATTCCTGCGGATATTCCTCCGTCCCCTGGCTGCCTTGCGTTCCACGCGCACGGCCACTCGGTCCCCGTCTAGGGCGGTGCCCAGATGGTTGGGTTTAAGTTCCAGTTCCGGAACAGCTTCCGTGTCCCATCCCAGAGCCGCAGCGGCGGGATCCCCTTTTCTGGGGAGAAAAAGAATCTTGCCGGAGCGCAGGATGCGGATCATGCCATGCACCAGATTCCGGTGTTCCCGTTTTAAAGCGTACCTGCCCTTTTGCAGACGCACGAGTTTTCCTTCCTCCTCCATCTGGTCCACCAGGGCGCGGAAATCCAGCTTCTGCCGGGAATCCACGTTCAGGGCGCGGGCCAGTTCGGATTTGCTCTGGGGTTCGTAATGTCCGTCTTCCATGTGACGGATCAGGCGGTCTTTAAGGGAATTATTCATTTTGCGGAAGTTCCGGGAAAAGGAGTTTTCCATTCCCATGGATGCCATCATAAGAAGGTTTTCGCGCCGCTTCAAGGCGCGGGCGGTGCATGCCGCGTTCGTCAGCGGCTTTTGGCCTGCTGGCGCACCTGCCGTTTTTACAGACTTTATCCGCAAGACGGGCTTTGATTTTTCAGCGTATAACGTATTTGGGATGAAAAACCCATGCTGTTTATAAGGAAGGGGCTGCCGTTGGTTTCTTCAACCTGTGGCTGGAGAAATAAAAAATGTCAAATGGAATTCCAAAATGAAGAATAAAACCAGCAAGGCTTTTCAACGGACGTTGCTGGCTTTGACCGGCAAGGAAAAAACTTTCATTAAAATGATGAGAAGCTGCCGACGGTTTCTCATCATGTGGAATGATGGGAAATATATGATGCAGGCCCATGAATTTGTGCAGGACCGTTTAAGAGACATTACCAGCGACGCGGTGAAAAAGGGGGTGGCCGGCATGGAGAGAGAAATGGGTATCCTTTTAAAGAGTGATAAAATATTGAAAATGTATGATCAAAACCCCGGAATTTGAATGGAGATTGACCATTGTTCAGGTGGAGATTATCCCGGCCGGAGCGTGCCCTCCGTAGTGCCGAGCTGTTCTGCGACGTCCAATTCCCGGATAAGCCGGGCCGCAGTGCAGGAACCGTCCAGCAGCTCCCGGTAGCGGGACACCAGAAGGCGTACTTTTTCCGGGGGATCATCCAGCAGTTCCAGCCGGAAACGGGAAAGGCCCAGACGGCGGAAGTCCTGGAGGAAGCCGGCTCCCGTCTGGGCGCGTCCGTTGAACAGCGTGTTCCGGCACCCGGCGTCCGCCAGCAGGGGATGAAGCTGTCCTACGCGGTCACGCAGCTGCACATGATGCCGTTCGCAGGGGCGGCCGCAGTTCTTATAACTGGTGCCGTTCGACAGGAAGGTGCAGAACACGCAATGCTCCATATGAAACATGGGCATGTGCTGGTGCAGAGTCAGTTCAAACCATTCCGGCGGCGCGGCGCAGAGCAGGTCCGCCACCTGTTCCGCGTTCAGGTCGTAAGAGATGGTGAGATGGGCCAGATTCCCCCGTTTCTTCAGGATAGCCGCGCTGTACGGATTGGCGACGTTCAGGGAAAAATCTCCGATGCGGTGCAGGGGGGACTGGCGGAAATATTGCGCCGCACCCAGGTTGCGAATGAGAATGCCGTCAGGTTCCGCCCGTTCCATAAGTTTGAAGTATCCGACTTCCGAGGGTTTCTGGATGCGGGGCGTCGCCAGGAAGACGGGAATGCTTTTTCCGTGTTCCCGGACGGTTTTTATGCCTTCCGCATAGTCCCGGAGGTCTTCAAAGTCCAGATAAACGGCATTTGCTCCGGCATCCAGCGCGGCGGGTATTTGCTCCGTTTTGCGGCACAGAACAGACAAATGGGGAGGCATGTCCGGAACGGCTGTTCCCTTCGGCAGCGGAGGAAGGGTGAAGGAGGCCGGAGGATGAGAGGGAACGGAGGATTCTTTTGCCTTCCGGGCCGTTTGAATTCGTTCCACCAGGGCACGCCTTGTCTGGTTGAGGATGCTGAGCGGAAGCATCAGGCCCTCCGGCAGCCGGCAGTCGCAGGAGGCCAGGCGGAATCCCGTTCCCCCCAGTCTGCCGAGCTGTTGTTTCAGCACTTCGGGAGTCAGAGGGCGTTTTTCTGCCGTCTGAAGGGGCTGGGGAGATTGCACGGAACATCCGTATTCCGGACAGGCAATCGTCAGGGGTTTCCCGACGGACCCGGCACATGTCAGATGGAGGGGAATGGTGGATTCCTGCAAGTGTTCCCGCATTTTTTTCAACTCCGCGTTCAGGGCCGGATCATCCGTTTTCCAGAGTTTTTGCCCGGGTTTAACTCTGCTCCAGTCAATACGGGATGCCTTTCCGTGAAAAAAAAGGCGGTTTCTCTGCACTTTCCAGATACGTCCGCCCTGTTCTTCATTGCGGTCTTCCCCTGCATCAATGACGAAGCCGTCCCCGGGCGCGAGCGGAATGCCCCCTTCCGGCCTGATATCCAGCCAGCCCTGACCGCTGTTCATAATGACGCCTGCGTAGGTGCCCCTCTTTTTACCGTAGCGGCCGTGGGTCAGACGCGGGTGGTCCGTCCCGTCCAGCCAGCCGGTGGAGAAGCCGCGTGAAAATACCATTTGCAGTGCATAACGGTCGCGTGCGGTCACCATTTCATCCACAGGTATTCCAGCGCAGGCGGCGTCCAGAGCTTTTCTATAGGCCGCCGTTACCGCCGCAACGTATTCCGGGCTTTTCAGACGTCCCTCTATCTTGTAGCTTTTCACGCCCATGCGGACCAGGTCCGGGATGCGGTCAAGGGCGCACAGGTCCTGCGGGCTGAGCAGGTAGCGCCGTTCTCCCAGAGGAACGGTTTTGCCGTCTACAACCAGGGAGTAGGGCAGGCGGCAGGCCTGCGCGCATTCTCCCCTGTTGGCGCTGCGCTGTCCCAAGCTTTCCGATGTAAGGCACTGGCCGGAATAGGCCACGCAGAGCGCTCCGTGTACAAATACTTCCAGGGGAATGTCCGTATGCCGTACACATTGCCCGATTTCCTTCAGGCTCAGTTCCCGGGCCAGGACGGCCTGCTTCAGGTCCAGGAATCCGGAGGCGAATTCCAGCCCGTCCGGGGAGGAAAGTGTCATCTGGGTGGAGGCGTGCAGTTCCAGCTTCATGCCGGGAACCTGCCTTCCCCATTCCGTCAGGCAGCGGGCAAGCCCGATGTCCTGCACGATGACCCCGTCCGCGCCGGCGGCATTCAGGTGGCCCACGTAGGAGAGGACGTCCGCCAGTTCGGAGGTAAAAATGAGCGTATTCATGGTCACGTACCCCTTCACGCCGTGTGCGTGAAGGAAACGCATCAGTTCCGGAAGGGAATCCAGCGTGAAGTTGTCTGCGCGCAGACGGGC
CP137887.1_gap32	1210890	1214044	3154	GCCATTCTGTTCACGGAATGGTTCCCGCGCGCGGCCAGGTGGGTGGCGGGGCTGGCTCCGGCATGTTTTTTCATTTTCGGAACGCATTACATCGTCATCATCCTGCTGCGTGAAAGCGGCTGGATTACATGGAAGGGGGCAGCCTGGGACATGCTCTGGCTCTTTCTGGTCCCGGTCATTTTCGCCGTGCTGGCGGGGCTTTTTTTCTGCATGAAAAGATTTGCCCCGCGGCTGGTTCCCCTGCTGGGGGCCTATGGGAAATAGCCGTCTTGAAGAGCCGTTCCGCCGGGACGGGAAGGGAGCCGCGCTTATCTCTTGCCGTCAAAAGGCAAATTCTTTATTCTTTCCTTTGCTGGAAGGGGCGGAGGCGGCTTTTTTGTCACGTTGCCGTTCTTGCTCCACGGCCGGGAAACAATACATGGTATGGCAATGATTCAAGGCGAGCAGGTTCAGGATTCGGAATTATCAACTCAGGCGGTGATCTATCTGGGCCCGAGCTCCATGAGCCTGATGGTGGCTGAGGCTGTCCGGGACAGGATTCGCCTGCTGGATTTCCTTCAGCAGCCCGTTCCGATGGCGCGTGACATTTTCCGGTTCCACCGCATTTCCCGGCATACCATGGACCGCTGCGTGCAAATCATCGGCGACTATCTGGAGATTCTCAAGGAATACGGAGCCGGCAGCAAGCTTTCCGTCCGGTTCATGATTTCCAACATCATTTCCGAGGCGGATAATGTGGACGTGTTCGTGAACCGCATGCACGTGGCCCACGGCTTGCGGGGGCGCCGCATTGACGACGGCAAGATGACGCGCCTCATTTACGTGAAGGTGCAGGAGGCTCTGGCCCAGTATCCGGGGTTCAGCAAGAAAAAAGTGCTTGTGGTCCATACGGGGCCGGGCAATACCCGCGTGCTTCTGTTCCAGAAGGGGCGCATCGTGCGTTATTCCTGCTACAGGCTGGGAACGCACCGCACGGGGGAGGCCGTCGGGGAAATCGAGTACGGAGACGATGTGGCGGAGCTTTCCATTCTGCGGGAGCACATGCGCGGGCAGGTGGACCAGATTTGCCTGGATTACGGGGGCGTGAAGGGCCTGGCGGGCCTTATCGTCATCGGCCAGGAAATGCAGCAGCTCCGGGACCGCCTGGCCCCCACGCCGGAAGGCAAGGTGGCGTGTTCCTCCCTGGCGGCGGAGGCGGAGCGGATGTCCCGCACCACTCTGGAACAGCGCATGAATGTTTACGGTGCGGATTTTGCCGGGGTGGACTCCCTGCTGCCCGCCGTTTTGATGACGGAAATGATTGCCCGCAGCCTGAACCTGGATGACGTCATCATTCCCGCGAGCGGTTACGACGAGGAGTTTTCAAGCAGCCTGATACGTGCGGAACAGCATCCGGGGGACCTGGAGGCGGAGGTTCTCCATTTCGCCGGGATTCTGGCGGACAGGTACAAGGCGGACAAAGGGCACCGCGAGCATGTGGCGCGCCTGTGCATGGAAATGTTTGACCAGCTTCAGGACCTGCACCGCCTTTCCGAACATGACCGGCTGCTGCTGGAAGTGGCCTCCATTCTGCATGAGGTTGGGTCTTTCATCAACCAGCAGAACCACCAGCTCCATTCCCAGTATATCATTCTCAACAGTGAAATCTTCGGCCTTTCCCGGGATGATGTGGAAACGATCGCCCTGCTGGCCCGCTACCACCGGCATGAGGTTCCCGCCAATTCCGATCCCATGTACGGGGAGCTGGAATTGAGGGACCGCATGCGCGTAGCCAAGATGGCCGCCATCCTGCGCGTGGCGGATGCCCTGGAACGCGGCCATGCCCAGCGCGTGAACGGCGTCCGGGCGCACATCCGCGGGCGCATGCTGGAGCTGGAGCTTCAGGGCGTGCGTGAAACCGCCGTGGAAGACCTGGCCCTGCGGCTGAAGGGCGACCTGTTTGCGGATATCTTCGGTTATGACGTCGTGCTGGCGCCCCAGCGGTAGGCTGATTAAAAAAATTTCCATTTTCCATTTTTCCCATGTCTGACGAATATATCAACAGAGAACTTTCCTGGCTGGAATTCAACCAGCGTGTGCTGGACCAGGCCGTAAGAACGGATCTTCCCCTCCTGGAACGCCTGAAGTTTCTGGCTATTACCGCCTCCAACCTGGATGAGTTTTTCATGGTGCGCGTGGGCGGCCTTCAGATGCTGCGGCATTCCGGTTCCCGCGTGAAGGATATTTCCGGGCTGACGCCCACCCGCCAGCTGAAAGCCATCCGCTCCCGCGTGGGCCGCATGATTGAGGACCAATACCGCCTGTTCCATGAGGAAATTCTGCCGTGGATGGAAATCAACGGCATCAATCCCCTGGCGATGGAGGATCTCAGCACTTCCCAGAAACTGACGCTGGAGCAGTATTTCAACAACCAGATATTCCCGCTTCTGACGCCGCTGGACATGGATGCTCCGGAAGCTCCCGCGCTGCCATCCCTCAAGCTGCTGATGGGCGTGGAACTGCGCGACAATGAGACCGGGGAGGTGCGCTCCGCCGTGGTGGCCCTTCCGGACGGCCTGCCGCGGCGCGTTCCCGTCCCTTCCGCGGAGGCGGAGCGCTACGTGATGCTGGAGGACCTGGTCCGGGAGTGCATCGGCACCGTTTTTCCCGGTGAGACCGTTCTTTCCGCAGCGGTGTTCCGCGTCACGCGCAATGGGGACATTGCCGTGCAGGAGGAAGACGCCCTGGACCTGGCGGATGAGATGGAGGAAGTGCTCGTAGCCCGGAAATTTTCCGAATGCGTGAGGCTGGAAGTAGAGTCCTCCGCGCCCGCCCCCCTGCATGACAAGATCATGCGGATTGTAGGTGCCGGGAAGGAGGAGACTTATGACCTCAAGGGTCCCCTGATGCTTTCCGACTTCATGGAAATGGCTTTTGCCCCCGGCAATGACCAGTTGAAGGTGGAGCAGTGGTCCCCGCAGCCGTCCCCTTCCGTGAATCCGGCCGTCAGCATTTTTGAAAACATTGCCGGCGGGGACATTCTGCTCAATCATCCCTATGAAAGTTTTGAACCCGTCCTGCGCCTGGTGGAGGAGGCAGCGGAAGATCCGGACGTCATCGCTATCAAGCAGGTGCTGTACCGTACCGCCAGGAACTCCCGCATCGTGGCCGCCCT
CP137887.1_gap33	1274594	1278192	3598	CGCCCACGGTTCGTCCCGGCTGAGCAGGCGGCCGTAGAGGTCATAGGCGTAATGAGTCTGGCTGCCGTCCAGGGCCGTTTCCGTTCTGAGCCGCCCGCACTGGTCGTAGGCGTATTGCGTGGTTTGCTCCTCCGGGCTTCCGTAGCCTTCCGCCAGCGTGAGCAGCAGGTCGCCCACGTCCGTGGTCTGGTAGATGGCGCAGGTGCGCGCCGCCACGATTCCGTTTTTGGAGATTTCCGTGACCAGCTGCCAGACCGAGTTTTCCGGTTCCAGCTCCGTGCGCGTGCGGAGGGTCGTGAGGGCGTCTTCCCCCGTGCCCTGCCGCATGTTCCACGCCAGGCCGTCGTTCCACCAGGTGACGGCGTAGGGCTGCCTGGCAGGCGCCTGTTCCGTGATGGTGAACTTTTCCTCAGCATCCAGGGAAAGAATAAATGTTTTCAAGGGAGCGCCCGTAACGGTATAAAATCCCTGTCCGTCCGTTCCGGTGATTTGTCCAGGCGTGTAGAGCGCGATGGTGTAGCCCGTGGAGGTGACGTTTTCCACGTTGAGCAGGCCGTCCCACAGGTTCCAGATTTGCCTCAGCGAGCCGTCTCCGGCATGCCTGACGTCCAGATAGGATGACGCGTTGGAGATGACCTGCCTGTCCGTGGTGGTGTAGGAGAGGAGCGTTCCCGTTTCCGCCGAGAAGAGGTATTGGCTGCCGTCTTCCACCACCCAGCGCAGGCAGGATTGTCCTTCCACCGTGGCCAGCGCCGCACGCCCTCCGCCCGACGTGTCCACCCCGATGGGCAGCACGGAACCGTCCGTGTAGCAGCGCATCGCAATCACCCGGTCTCCCTGCACCAGATTAAACCGTGCTCCGGGGACAATGCCTCCTTCGGGCACGTCCAGACGGCTGTTTAAGGGATGGTTGTAGGCCAGAGACGCCGGGCTTTCCAGGCCGGAGACGTTTTGTTCAGCCCTCAGTTCCACCCTTCCGGCCGGAAGGCCCCCAAGTCCACGGAACGCTCCAAAGTTGCAGGACCAGTACATCAGCGTGGCCGTGCTTTCCGCCGTCACGCTGCACCCCGCCGAGCTGTAGTTTCCCAGGGCGCCGCTTTCCATGCCCGCCTCAGGGCCCGACCGGGCCAGCGGCGGGGAAGGCGGCGTTCCGCCGCTGTTGTCGCACGTGTCTCCCTCGCAGGGACACGGTTCGGGTTCTTTCCTGCCCCCCGGTTCCGTCGGCACCACGTCGATGCTGTAGTTGCAGATGGAGGTGTTGCCGCTTGCCGGATTGTAGTCGATGTTGGTCTGGCTGACTTCCCAGCTGTAGGTGCCGGAGGGGAGCTGCGCCCCGCCGGTCCCCGTGTGGTATTTGTGCCCGCCCTGTTCGCCCGCCGTCTGCGGGTTTTCTTTCAGATTCACCTGCGCCACCACGTTGCCGCCGGAGTCCTTTACTTCCAGGCTTCCCCAGTCGTCCACCCCAAGGAAGAGCGAGCAGGTGCCGTAGAGCTTTTTTCCCCCCTCCCCTTCCGGGATGGTGAATGTCCCGTGCGCGCTGTGCCCGTCCGCCGACGTGCTCGGCGGCCCCACGGTTCTTTCCCCATGGATCCGGATCGCTTCAAACGGCAGCGGATCGGGCTCCGGAGCTGCCTCCATGCCCCGCCTGCCGGGGCTGCCGCCGGCTCCAAAGTACCATTTCCCGTAGCCGGGAACGGCAGAACGATGGGCGGAGGAGGAACGATGAGGCGGATTCATCAGGTATTAAAAAGCTGAGATTAATGAATAAAACAAGATGAGGGCAATCCTCAGCGGGCATTTTCCCAATAGCATTATTCAGATTTAGCGTCAATAAGAATTTATTTGAAAATTTCTGTTATTTTAAGAACATGAGAATTTATTCCATGAGAAAATAATATTATAATTCTTACGCTCAGTGCATTCCCTTAATAGACATCAATGTTGTCTGTTTGTTAGAAAAAATTCCTGATAGAGTGCCATCCCTTCCGGGCATCAGTCCAATTCCTGTAATCAATGTTTTTCTTTCTCGGAGAAAGATGGGGCCGTCGCTGTCGGACGGGGGCTTGCTTAGGTTTCGTCCGGCATTTTCAAGTACGGTCTCCTGGATTACTGGGTGCCTTCCGGTGTAACAATTTTTTACGCTGCGCGACGATGAGGAAGCAACTGTCTGGTATTTTATTCCTGGTTCAAGGAAACCTGGTAATGAAAAAACTCCCGACAGCCGATGCCGCCGGGAGTTTTTACAGAGCGTCTTAAGAAGGAATCTTCTTTAGAAACAGAGGCCTTCCTTGGCGTTGGCCCGCATGAAGTCGCGGTTGAGGCGGGCGATGTTGTCCACGCTGATGCCTTTCGGGCAGGCGGCTTCACATTCATACTGGTTCGTGCAGTTGCCAAAGCCTTCCGCTTCCATCTGCTTCATCATGGCCAGGACGCGCTTGGAACGTTCCGGCTGGCCCTGCGGCAGCAGATTGAGATGGGCGATCTTGGCGGAGGTGAACAGCATGGCGGAGGCGTTTTTACAGGAGGCCACGCAGGCGCCGCAGCCGATGCAGGCGGCCGCGTCAAAGGCGGCGTCCGCCTTCACTTTTTCCACGGCGATGTTGTTGGCGTTCGGCGCGGAACCGGTACGCACGTCAATATAGCCTCCAGCGGCGATGATGCGGTCCAGGGCGGAGCGGTCCACCATCAGGTCCCGCAGGATTGGGAAAGCCTTCGCGCGGAAGGGTTCAATCCAGACGGTATCGCCGTCCTTGAACTTGCGCATGTGAAGCTGGCAAGTGGTCACCTGGCGTTCCGGCCCGTGGGGAATGCCGTTGATGGTCAGGGAGCACATGCCACAGATGCCTTCCCGGCAGTCGTGGTCAAAATGGATGGGTTCCTTGCCTTCCTTGACCAGGCCTTCATTGACGATGTCCAGCATTTCCAGGAAGGAGGCGTCCACCGGAATGTCCTTGGCGGCATAGGTCTCAATGCGGCCCTTGGCTTCCCGGTTTTCCTGGCGCCAGACCTTGAGAGTGAGATTGAGTGTTTTAGCCATGTTATAATCTTTCTTTTGAGTGTTAATGTATTGGCTATCTTTACTTGTAGCTGCGGATGGCAAGGTGCACGTTCTCGAAGGTCAGCGGTTCCTTGTGGAGAACAGGCAGGCTGTCCACGCCAGTGTATTCCCAGGCGGCTACATAGGCGTATTCATCGTCGTTGCGCTTAGCTTCGCCGTCCGGCAGCTGGTATTCCACGCGGAAGTGGGCGCCGCAGGATTCCTGGCGGTTCAGGGCGTCATAGCAGAGCAGCTGGGCGAATTCCAGGAAGTCGGCCACGCGGCAGGCTTTTTCCAGTTCCGCGTTGATGCCGTCCGCCGTGCCGGTTACGCGCACGTTTTCCCAGAATTCCTTGCGGAGCTGGGGAATGCGTTCAATGGCGTGGGTCAGGCTTTCTTCCGTGCGGGCCATGCCGCAGTCTTCCCACATAATGAGGCCCAGTTCCCGGTGGAAGGAGTCCACCGTCTTGGTGCCCTTCACATTCAGGAGCTTGTTGATGCGTTCCTTCACTTCGTCTTCCGCAGCCTTGAATTCCGGGGCGGCGGTGGTGACGGCGCCGG
CP137887.1_gap34	1292294	1294009	1715	CTGGGACCGTTGAATTCATCGATTGCCAGAGGGGTGACTATAATGCCCGGGGAAATGGAGTTGATGCGTGCGCCTTTGGCACCCCATTTGACGGCTTCCGCCATGACACGCTTGACGTTGCAGCGTTTCGCCATCTGGTAGGCATGCAGAGTGTCCTTGATATTCCCGGGTTGGAGGAGTTCGAGGTTCAGCAATTCCTCTGTTGGAGTCATGGCCAGTTGTTCGTCCTGTTCGGCAGTCAGAGCGGGCATGCGGTGACCGGATTGGCTGGAGATAGTTACTCCCGAGCCGCCGGGGCAAATAACTTTCCCCACCTCTTCCAGCAATACGGCGGTTCCGTAGAGATCCACTTTAAGAATGGTTTCAACGGATGCCTGGCTGGGGGAAACCCCCGCTGCATTGACGAGCATGGAAATATTGCCGTACCTCTGTGCTTCTGCAATCAAATGCAGGATGGAGTCCCGGGAAGAGAGATCCATCTCTAAGGGGATGGTGTCAAATCCGGCCTGATTCATCGTCCGGGCAATGGCATGCGCGTTCCCGATATTTTTGTCGCCAATGACGATTTTCATGCCGCTTCCTATTCTGCGGGCAATGGCCATGCCGATTTGCCCGGCTCCCGTCAATATCATGACTTTTTTGGATAGACGTTGTTCCATGGGCTATGAAATCAGTTGAAATGGCCGGTTTTTATTCCTAGCCATATGTTATGTTCCTCTAGCCGGACGGTATGGCCCTCCCGCAAAAAGGGCAATACAAAAACGGCCATAGGTGATGGTATTGCAAAATGGGTCATATGGATTGGAAAACTGAGGGGGGGATGAAAGAACCCAGGCAAAAGTCATGGCAGCATGCCGATTCTTTTCAGCCATGTTTTGACGCCTGCGGCATTGCCCGGCATGTCAATCCCCTCATCATCGGCACGTCCGGGAGTTGTAATATCTCCTGGGTCAAGGTCTTCTGGAAGAGTTGACGGAATGTGCCGGGAATGGGGCGTAAGCCTGTAAATTTGTTGCATGGATTCGTTTAAATAAGTAGTCGCGTCATAAGTAAAGAAGGGAATGAGCGTTTTCCCTTTCAGGTCAAATGCCTCTAAAAAGGTGCAAATCACCATGGCAGGCTGATGCCACCAGATTGGAGAGCCGACGAAGATAGTATCATATTTCGCCATCAGGGAGGCTTCAGGCAAGTTGGCGACCTTTGGGCGCAGGTTTTCATAAGCTTCTTTTTTGACACGGTCGCTGTTGCGGTAAGGGTCGGCATTGTAGGCCTCGGCGGCTTCAATCCGGTAGAGATCCGCTCCGGTCAGTTTCGCAATTTGTTCCGCCACCGCTTTGGTATTGCCCGTTGCGGAGAAATAAACAACCAGCGGTTTTCCCGCATCTTGTCCGGTTCTGCGGACAACAGGCAGCCCTTTTGCCTGCAACAGCGTGTTCAGCTCTTTCCGGACTGCGTCTGCTTCCCCGGGGCCGATGTTTCTGGACACGATATCAAGCAGCTGGTGCAGCTGTGCGGGTGTTATGCCCAGATTCAGGCAGATGCCCATGTGAGAGCGGGCCATTGGTTCCACACCGCCTATGGCCGCGAGGATGGATACGGTAGCCAATTCGCGTTCATCATAGGTCAGAACGTCCCGTTCAAAAATATCTGCAAAAAGGTGTTCTTTCAGGAAACGTTCCATGACCGGGGCAAATTCGGCATAGGCAGCTTTCGGC
CP137887.1_gap35	1295940	1299391	3451	AATATAATCTCCGAAGTAGAGGATGATGGGGATTTGGGTGAGCTTGTTGAATTCCTCCGGCGGAACGGCGATTCCCTTCATCGTGCCGGTGAGGCTGGGCATGTCTTCGGGAACCTCCCCTTCCGGGAAGACGTAGGTGCCCGGTTCCAGGGAAATGATGCCGCGCACTTCCGGGCTGCGGATGGCCGTCAGCCAGCCGGGGAATCCCCCTGCGGAGTGAGTGACCAGGATGCCCTTGCCCACGCGCTTGAAGAGGGCGCTCAGGGCATCGAGTTCTTTTGTCATATCGTGCGTGCCGATATCGGGTGTCATTTGTCGGAAAAACTGGTCCAGGGAATCCTTGTCCGTAGGGAACTGTACTCCCGGGTTGAATGCGGGCCATTCGCCGATCCGGAAGATGTCGAACCAGAACTGCTCGTCGGCAAGTGGCCTGATGGCGGTTTCCGCCGTCGTTCTGCCCGCCCGTCCCCGTCCTGGGAGGTCAACCAGGTAGGTGGCGTATCTTTTGCGCAGGAACATGTCATTAAAGCCCTCCCGTCCGTCCGGTGTTGTCTGCCAGCACCGGGCGGACTGTCCATAGCCATGAATGAAGATTAGAGGAAGCATGCGGGCATCGGCCGGTATCTGGAAGTCCACGGCGGCGTGGTCGGCATGGTAACTCTGGCCGGCTTCAACTGCTTGCCCCCAGCCGGGAAAACGGCTGTTGTCATATGTTCCCGGGCGTTGCAGAATGTTCCCGCCCACGGCAAAACTGCCCTGCCTTGCAATAAGCAGGGGGGCTTGTTCCGCAGCTGGAACAGGGGGGATGCCTCCCGCCTGAATCATGGCCGGAGGCGTGAATATCGATAAGAAAAAGGCAGGGAGGATTAACCGTTTTTTTTTCATCATTTCATGAAGGAGACTGAGTTGTCATGCTTTTGCAAGGGAGGAAAAGCGTGATTTGTTGATTAATGGGTTGATGATTTTTCTGTGATGGGGCTTCCTCCAAACACGTCGGACATGTTCATGAAGGAGAGAGCTGCGTCGATCTGCCGGACTTCATCCGCGGATAGTATTACATGGGCTGCCTCTGCGTTTTCTTTCAGTCTGGAGAACTTTCGTGTCCCCGGAATGGGAACGATCCAGGGCTTTTTGCAGAGCATCCACGCCAGGGAAATTTGTGCCGGAGTGGCCTGTTTTTCTTCCGCCAGATTGCGGAGCAGGAGGAAGAGATCCTTGTTGGCGTCAAAGCTTTCCGGTCTGAACTGAGGCATGGAGCTGCGGTAGTCCGTCCCCGGCTCAAACGTGGAATTTAGGTTGTAGCGGCCGGAGAGCAGGCCGTTGGCCAGGGGGGAGAACGCTACAAAGCCGATGCCCAGTTCTTCCAGTACGGGAAGAAGGGATTCATGATAGCGCGCCATCATGGAATAACGGTTCTGGATGGCGGTGACCGGACATGTTACGTGTGCGCGCCGTATGGCTTCCTCCGTTGCTTCGGAAATACCCCAATGCGCGATTTTGCCTTCACGGATCAACTCCTGCATGACGCCCGCCACTTCCTCCGGCGGTACGGAATCATCCATGCGGTGCTGGTAATACAGGCCGATGCGTTCTACTCCCAGCCTTTTAAGGGAACTTTCCACGGATTGGCGGATTGTGCCGGGGCGGGAATCGGTGATCAGCGGGTATGGTCCGGGACCTGCCGTGCCGCTGAAACGGATTCCGAATTTGGTCGCAATAACGATCCTGTCCCGGTAGGGCGCCAGCGCTTTCCCCAGCAGTTCTTCGTTGTCGTGGGGGTGTCCGGGCGTTCCGTACACTTCCGCCGTATCAAAGAATGTATATCCCATATCCACGGCCCGGGACAGGAGTTCCGCCATTTCCTTTTTGTCTGCGGGCGCTCCGTAGGCATGGCTCATTCCCATGCAGCCCAGGCCTATGGCTGAAACCTTCAGGCCGCTTTTGCCCAGCTCCCTGCATGGCATGTTTTGCCCGTTAATTGTTTTCATGCCTGCAAAACTACCATAGGATTTCTATTTTTTCCGATAGACGGATTACAGGTTTTGCTACCATGATTACAGGTTCCCGGAATGAGCTGGATAGCCGGCTCCCTTCCTGCTATGCTCCGGTCAAAAGCAGAGAAAGGGCATGGGCATTATTCTGAACATGGATTCCGTAGGGGACTACAACTCCTTTTTGGGGCAGGAAACGCTGCACCCGCTGGTCAGCGTCGTTGATTTTTCCAGGGTCCCGCCGCTGCGGCATGCCCGCAAGGCTTACGGGTTCTATGCCGTTTTCCTGAAAGACCTGAAATGCGGAGACCTGCGGTACGGAAGACATTATTATGATTACCAGGAGGGAACTCTTGTCTTCGTATCTCCCGGCCAGGTGCTGGGCAATGATGACAACGGGGAATATTTCCGGGTAGAGGGCCATGCCCTCCTGTTCCATCCCGATTTGCTCTGCGGCACCTCCCTGGGACGCAGGATGAAGGACTATACCTTTTTTTCCTATGACGCTTCCGAGTCCCTCCATATGTCGGAGAGGGAAAGGAATTTATTCCTGAACGGCCTGACGGAGATCCGGGAGGAACTGGAACGGGGCGTTGACCGGCATACCAAGTCCATCGTGACGGCCAACATCGAAGTTCTCCTGAACCACTGCATGCGTTTTTACGACCGCCAGTTCATTACCCGCGAGAATGTGAACAGGGATGTGCTGACGGAGTTCGAACGCCTGCTGGATTCCTACTTCGAGGGAGACAAGCCTCAGGAATGGGGTCTGCCCTATGTGCAGTATTTCGCGGATGAACTGCATCTCTCCGCCAACTATTTCGGTGATCTCGTCAAGAAAGAGACGGGAAAAACTCCCCAGGAGCATATCCATATCAAGCTGGTGGACAAAGCCAAGGAGCTCCTTTGCGCCACCAATAAATCCGTTAGTGAAATCGCCTATGAACTGGGGTTCAAGTATCCCCATCACCTGAGCCGCATGTTCAAGAAGAATACGGGATATTCCCCGAGCGAGTTCAGGTTGTCGGCGTGACGCCCGCTCCCTGTCGCCGGACGGCCTGCGGCATTCTGTCTGGAGCGGAACGGTTCGTTCCGGATTGATAGCCGGGCCGGGAATACAGAAAATAATCTTCTGTTCCGAACGGCAATAAACAGGAATGCATCTTTTTTCAGCTGTTCTGTTGTCCGCGGTATTCCTATTGGCACATGCAGGCAGTTTCCGGTGCCTAGGGAATGTATTGCCGGGGGTACAATAATGGCTTCAGCCTGCCGGATTCATATTACGGTTTTATGCCGTGGAGAAGAAATAACGTCATCCTGGAAAGGCAACCTTTTATGAACAGGTATTTTATGAACGTGTGGAGCGATCGTGCGCCGTTACTGCCGTCTTTGGCCTTGTTACGGTTGCGGACAAAGGGTATGGTGCGGCAAGATAACCTGCGCCATTAGACGGCATGATG
CP137887.1_gap36	1304667	1306192	1525	CGGTGTGCGGGAATATTGCAGCAGGTTTTGCCCCATGGGGCTGGCCGCCAGTTTGCTGGGCAGGCTGTCCCCGTGGCGCATGCGCGTCAGGGAGACATGCACCGGGTGCATGCGGTGCGCCTCCGCCTGTCGTGATCTCTCCATCTCGCGCGGGGGCGGGGCCTGCCGCATTTCCCGGCGCTGCACCTTGTGCCGCGACTGTATTTCCCGGTGTCCGCATGGCGCTTTGAGCCTCGGCATGGCCGGCCCCTTTTCCTCTGTGCCGTCCGCGCGGGCGGATATGTATTTTGTAACGCTGGTTTCCGTCATGCATGTGGTCTTCCTGGCCACGGCTCGAATCTGATTTTTATGTTGCCATGAAAGATTCCTGCTCCCTGGAGTATCCGTTTTGCGGAGGATGGATGGAATCTGTCCATTAGGAGGCTTTTTCAGGGTTGCCGTCAGAGGGATTCAGGCAGCGGTGCAGGAGGGGGACGGCCCTGAATTCATGGAACGGCATGGTTCCCTCTTCCCATCCGAAAGAGTGGATTTTGGTTTAAGAAGGCCATTTTTGTTATTCATTGAGAGATTTATTGATGATTTAAAGTTTTTGTTATGATTTTTGAATGACCGTTCAATTTATTAAAGTCACTAAAAAAGATAGGGTCTGCTATGCTCCGGTGCCGGAGCCGTTGGAAGAGGGGGATAAGCTGGAAATCATGGAAATGAAGGATGAAGCCCTTTTCCCGCCGGCAGGGAAAAACGCAAGGATTTCCCTATCCAGGAATCCCATGGTATTCGTGAAAATGAATGACGGATTCCAGCGCATCCTGATGAAGAATATCCTGTATGTGGAGGCGGGCGGAAGTTATTGCACGCTGCACGTGCACGGCATGCCGGCTATCCTGGTATCCGCTCCGCTGGCGCGGGTATCCGAGCATCTGGATGGGGAATATTTTATCCGCGTGCACCGTTCCTACCTGGTTAACAAGCTGCATATAGAATCCATTGCGGGCAACTTCCTCCAGGTGGGCGTCGTTGCCATTCCCATCAGCAAATTCATGAAGAAAAAAGTGCTGGGCAGTTTGAACATGCTGTCGTTTTCCAAATAAGTTCCGGCCTGCCGCACGGGCTCCTGCGGCGTTCCGGGAAAGCGAAATGGAACGGCCGGAAAGGCGGGATGGAAGCAGAAACGGAATGGCCGCATCATTCACGACGTCGCCGGAAGGCGGCATATCAATGAATCTAAACCAGAAATAGAAATTAAATATATGGCAATTGACAGATCAGCAGCAGAAGCGGCGACTTCCTCCCTGCAGTCGCTGCCTTTCGGCAACATCATCGGCGGTCCCCTGGTCGCCTGTGTGGAAGCACAGGCCCAGGCGGCCCGGACTTCCTGGGAATTCATCCAGAACGTGGGCCTGTACGCGGATGGGGAAGAGAAGAAGACGGTGAACGTTTCCTTCCAGTTCATCAAGGACGGCCGCATGGCTCAGATTACGGTTCCCCTTCTGACCATCGTCCCCATTCCCTATATCGCCATTAA
CP137887.1_gap37	1448042	1449966	1924	CCACCTCAATATCCGGGTTGACCACCGCGACGTCCGCCGTGGCGACGGCGGCGATGACCTTCACCTGCGCGGAGGTGGAGGAACTGCTGGGGCGCTGGGTGGTCTGGGTAACTTCCGGCGTGTCGATGTCCGGGTTGTCGCCTTCCTGGGTGGCGTAGGCGACCATGGGGGGATCTTCCGGAACGGCCACGATGATGTGCACCAGGTAGAGGAGGAGGCCCATGAGGGCGATGCCGAGGAAGGAGACGGAAATGGCGGCGGTCAGTGTCTTGGTCCGCTGCTTCTTCAATTCCGCAAGGGCATTTTCAGTACTTTCAATGTGGAGACTCATAGAGGGAGGTGTCTGGTTGGCATCAAGGCAAAAACTCCCGCATTTCTGAAAAATGGGGAGAATTGCCCTGTACAGGTATGTATTGCTGGCCTGCCTGTTTACAAGGCTGGCAGCATACTAAAGCCAGACACGCCTGTCTGTCAATCAGATTAGGAATTCCTGGTGCCTTCCCCCGTGCCGGGAAGGAAGCGGTAATACACCTCCAGCATCAGCGTAGCGAGGCACTGGCGGTAAATTTTGTCGTTGATGGAACCTCCATTGCTGTTCACGAGACCCCCCGGTCCCGGGAATCCGTTCGGGGTGAAGCTTCCATCGGTGGCCTGGGCTCCGAGGGTGGAATCACGGAAGGCCTTGTTGTACGCTTTCCATACATCCCCTCCGCGGTTCATGGCGGCCTGTACCCCGTAATAGTGCTGGTAGAGGTTGGAGGAAGTATTGTTCGCCTTCCAGTTAAACGGCTGGTTGGTGTTCTTAAGCATCCAGTCCAGACCCTTGCGGGCGGCGCTGTCCGAACCGTTGCCGCACATTTGAAGGGAAAGAACGCCTACGCCCACCAGGGAGGGACGTGCTGCGGCGTCTTCCCTGCCTTCCTGCATGTAGGTGAAGAGGCCGTCGGGCTTGCCGCATTTCCGGCAATAGGCCGCGGCTTTGCGCAGGGCCGTGCGTATTTCGCCTTTGGAGGGGCGGATGCCGCCGTGTTCGGCGGCCTTGAGGGCCTGTACGTTCCATCCGGTGACGGAAAGGTCCGTATGAGCACCCGCCTTCGTGTTGTAATTGTAGGCCCAGCCGCCGTCGGTATTTTGATTGTCCACAATTTTATCAACGGCCTTTATGACGACTTTTTCCAGATTGGAGATGGAGGGGATGTCCATCTGCTTGCAGAAGGTGTAGGCTTCGCACAGGGCATAGGTGGCTACCGCGTGGTCATAGCTGACTTCGTTCCTCTGGGGAACCAGGGAGAGAACGGGATTTTTCATGCCCTGATCCACCAGGAAAGAGATGCCCTTCAGGACAGTTTCCCCGAATTCTTCGGAAAGAGGCGTTTCGCAGTGGGCCAGGTAGGAGAGGAGCGCCATGCCCGTCATGGCGCATTTGTAATTATGGGGAGCCCCGCCCCAGGAACCGTCTTTATTCTGCTGTTTTTTCAGCCAGCGGAGGGATTTGACTACGGCTTCCTCGCACTGCGGGGTGCCCCCGTTTTCCGTGATGCGCTTCATGCGGTCGTTCAAATCGCAGCGCTTGGAGATGATGCCGGGAATGCCTCCCCCGTCTCCGTCGCCCGTGCCGGTGCCGAAGCCGTCGCCGATGTCGATGCCCATGGAGAGTTCTTCCGAGGGGACGTCCACCTCAATATCCGGGTTGACCACCGCGACGTCCGCCGTGGCGACGGCGGCGATGACCTTCACCTGCGCGGAGGTGGATGAACTGCTGGGGCGCTGGGTGGTCTGGGTAACTTCCGGTGTGTCGATGTCCGGGTTGTCGCCTTCCTGGGTGGCGTAGGCGACCATGGGGGGATCTTCCGGAACAGCCACGATGATGTGCACCAGGTAGAGGAGGAGGCCCATGAGGGCGATGCCGAGGAAGGAGACGGAA
CP137887.1_gap38	1451898	1453174	1276	GAACCGGCTCCCTGACGGAACATGCCGCACCCCTTTGCCGCAAACTGGTTCTGGTGGAATTTGATTCCCGTCTGGCGGAGTACCAGAAAGAGCGCTGGGCCGGTGATCCCCATGTGGAGGTTCACCATGCAGACGGCGCTTCCTGGGATCCGCGGGGGCTGTTTGCGGAGGCCCCTGTCAAATTCCTTGGCAATCTTCCCTATTCCGCGGGGGGAGCCATCCTCCAGAATTTCCTGTCCAGGCCCAGTGCTGTGGAACGTGCCGTGGTGATGCTCCAGAAGGAGTTTATCGACCGCATTCTGGCGACGCCGGATGATGATGCCTTCGGGCTGTTGTCCCTGCGCATCCAGAAAAACTGGATTCCCCGTGCCCTTAAAACCATTCCGCCGGAAGCGTTTCATCCCCGTCCGCGTATTGATTCCACCGTGATGCTGCTTACTCCCCGCCCTGCTCGCGAGCTGCCTCCATATGACGACCGCCTGATGGATGAACTGATGCGCAAGGCTTTTTCCCAGCGGCGCAAACAATTGAAAAAACAGCTCCCCGCTTCTCCTCCGTGGGAGGGCGTGGCTGCTTCCCTGGGGCTTTCCCCTTCCGCCAGGGCTGAGGAATTGAATTTGTCCCAGTGGGTGGAATTGGCGCGCGTTTATGATACCAATCCTCTCAAGGATGTGGCGCAGAGCGGAGATGAATTGTTTGACATCGTGGACGAACTCAATCAGGTGACGGGGCAGGGCACGCGCCGGGAAATACATGAAGGCAGCCTTCGTCATCGCGCCGTACATATGTTCCTGGTCAATAAGCATGGAGCTGTGCTTCTCCAGAAAAGGTCCCTGTGGAAAGACAGGCAGCCGGGCAAATGGGATTCCTCCGCAGCCGGGCATCTGGATGCCGGGGAAAGTTATGAGGAAGCTGCGGTGCGGGAGCTGAAGGAAGAACTGGGGGTGTCCGGCTGCGGGCTGCAGAAAATTGCGGATTTTGACGCCGGAGAAAATAACGGCTGGGAATTCATCTCCCTCTATGAAGGGCGGTATTCCGGGAAGGTTCGTTTTCCGGCGGCGGAGGTGGACAGCGTGCAGTGGTTCACGCCGGAGCAAATCCAGGCGTGGGTGGAACGCCGTCCGCAGGATTTCTCGCCTGCGTTCATTCCCTGCTGGAATGCATGGCTGGCCGCGAATAGAAAAAATCATTCTAACTCAAATACATATCATGATAAACCCTGATCAATTATCTCCGGAACAGATCCAGTCCATCCGGACCTGGGCGGAAGAAGGAC
CP137887.1_gap39	1454878	1456585	1707	GAAGAGGATCCTGGCGAAGAATAATTCCTGTCTGTGTTGATGTTTTTGCCCTGCGGCGGATGCCGCAGGGCATTTTTGTATCCTCCGGGCTTATTTTCCGGAGTTTGAATGGCCGTGTTTTATCCGGTGCATTGGGAAGCAGCATGCGTCACCCTTTGCCACCTGGGGGCAAAAAGCAGCCTTTTCTCCAACCAGGGCACTTTTTGAGAATGGGAGAGCGTTGGAGACGCCTGGATGAAAGCGGACTTTATTTCGTGCCTTTCCCCGTTCTTGTTCCTTCTAAACCTTTTTGCCTCTCCATTTCCCTCTCTTGAGGTACCACCATGCCAGGATGATCAGGGTAACGCCGTAAACGTGTTCGGAAAACCAGCAGAGAGCCACATCCGGCTTGAGCCTGATGATGCCGTAATAAATGACGGCCGTGTAAACGGCCAGGGAAATCATTTCCATGATGAATCCCGCCTTGGTATTGCCTGTGCCGGATACGGCATTGAACAGGATGAATGACGGAGCCATGATCAGTGTGGAAGAAGCCATCACATACACGGAATTGACGCTGGCGGCAATCAGGGACGGACTATCCGTGAAGGCACGGAGGACGGACTCCGGAAACAGGCACAGTATGATGAGCAGGGGGATCAGGATGGCGTATGTCAGTTTGAGAGTCATGCCGCAGGTTTTGAACAGGCAGCGCTGTTCTCCCGCTCCAATCTGGTTGCTGATGAGAGCTCCTGCCGTGGTGGCAAAAGCGCTGATCACCATGATCAGCAGGGCGGAAATATTGCGCACGATGTTGGTAACGGCCAGCGGGCGTTCCCCCAAATGTTCAATCGCCAGGAAAAAAATAAACCAGATGGAGACGGAAATAAAAGATTGCACCATGGTCCATCCGGAAATGGACAGCATTCCCTTCAGCAGATGGGGGCGGAGTGTGAATGCCCGGCGGAAGCCGTACTTCCGTTTATCCGCCGTCATGCTTGTGTAGATGATGAAAAAGAGAAGGGAGACTGCTTCCGATACGCTGGAGGCAATGGCCGCCCCTGCTATGCCCGCGGCGGGAAAGCCGCCTTTCCCAAAAATGAGGCAGTAATTTAACGCGACATTGCTCAGGAGCATGACAATGGAATTGACCGTCAGAATCTTCGTCTGGGTAATCCCCACGTAATAGGCTCGGAACATGACGCAGAGGAAAGAGAAAAAGATACCGTAGGTGCGCCAGTGCAGGTAATCCACCGTGGCCCCGTACACCTGTGGGGATTCAATGATGTCCCGCAGGATGATGGGGGAAAAATATTGGGATGCGGCAAAAAGAGCTACCGCCAGGACCAGCATGAAATAACAGCCCTGAACCATGGTGGGGGCAATCCTGTTGTAACGGCGTTCCCCGTTGCGGCGCGCAATGATGATTTGTGCGCCAAAGCCGAAGCCGAATGCCAGCATGAACATGGCCATGTAATACACGCCGCCCAGAGCGCATGCTCCCAGCGCCACGTCCCCCACGCGCCCCAGGAAGACGGCATCCGTCAGGCCGATCATATGCTCAATGATCAGGCTGATCATGAGGGGGTATGACATGAGCCATATCTTTTGATAGGAAGTAAAAGAAGGATTATTCATAGCGGGGGCAGCCTGCGGGCATGATCCGCCAAGGGCAGGCGCTAAAGGCCAAATATTTTTGAATTAAAATGTTTTCTTGCAAGAAAGAAA
CP137887.1_gap40	1561223	1563927	2704	ATGGCCGTCCGGATGGAGGAGGCGCAGGCTTCCCTGAAGGTGCTGATGGACATGACGGAGGAAGGTCACGTATATTGGGCGGAGCGTTCCGGTCCGGATGGAAGGAACATGAGCATTTGCTCCGCTCCCGTGGAGGTGGGAGATATTTTGAGGGAACGCCTGTTTTCCGCCGGACGTTCCGCCATTTTGACTTCCGCCACGCTGGGGACCGGAGATGCGGATATGAGTTATTTTGCGGGGCGCGTAGGGGCGGAAAGCGTTCGGAAGCTTCAGATCGGAAGCCCGTTTAATTACCGGGAGCAGATGCGGCTGATTGTAGCCCGCTCCATGCCGGAGCCGGACCAGCCGGAGTATGCGGAAGTTTTGCCGGAATGGATTAAAAGGTATCTGGCGGAGTCCCGCGGCAGGGCTTTCGTGCTGTTTACCAGCTATCGTCTGATGGTTCAGGCGGCGGAGAAAGTGCGTCCTTTTTGCGAGGAACAGGGATGGACGCTGTATGTGCAGGGGCAGGATATGCAGCGGCATGCCATGCTGGAGGCGTTCCGGAAGGATGTGGACAGCGTGCTTTTCGGAACGGACAGTTTCTGGACCGGGGTGGATGTGCCGGGAGAATCTCTTTCCAACGTTATTGTCACGCGCTTGCCGTTTGAAGTGCCGGATCATCCGCTTGTGGAGTCCCGTTTTGAGAGTATCAGGGAACGCGGGGGGAATCCGTTTTACGAATATTCCGTACCTGTAGCCATTCTGAAGCTGCGGCAGGGGGTAGGGCGGCTGATCCGCACCAGGAGCGATTCCGGCATGGTGGTGATTCTTGATCCGCGCGTGGCTACCAAGAGGTATGGAATGCGTTTTCTCAAGTCCCTGCCGGAGGCCCGGCTGGAGTTTGTATGAGTTTTTTTCAGGATGCCCCGGAATTGTTCCGTTGCCTCTCCTGCCGCATCAGGAGGTAGCTGAGGGGTTGTTCCAGGCGCGCTTCTTCCAGAAGGGAGCGGTCCGCAAAGATGTCGGGAACGGGAGCGTCTGCCAGGATGGAACCGTCTTTCATTACGATGCAGCGCGTGCACAGATCCATGACCATGTCCAGATCATGGGTAGCAATGATTTTGGTATGGGTGAATTGGCGCAACAGGCTGATGAGGGTACGGCGGGAGGCAGGGTCCAGGTTGGCGCTCGGTTCGTCCAGCACCAGGATGTCCGGACTCATGGAGAGGACCGTGGCGATGGAGACGGCCCGTTTTTCCCCTCCGGAAAGATGGTGGGTCATTTTGTCTGCCAGGGCTTCCGCATGGACATTCCGCAGGGCCTGTTCCACGCGGCGGCGGATTTCCTCCGGGGGGAGCCCCATGTTGAGCGGCCCGAAGGCCACGTCTTCCCGGACAGTAGGCATGAATAGCTGGTCTTCCGCCTGCTGGAAGACCATTCCCACGCTTTCCCGGACGCGGGCGACGGTTTTGGGGGTCACGGGAATGTCCCCTACCCGTACCTGGCCGGAAGAGGGGGTCAGCAGGCCGTTGAGGTGGAGCAGCAGCGTGGATTTCCCTGCGCCGTTTCCGCCTACGACGGCGACGGATTCCCCGTGGGTGATGCGCAGGGAAACGCCGTTCAGCGCCGGAGGGGAATCCGGGTAGCTGAAACACAAGTCAATAGTTTCTACAAGGTGGTGGCTCATGGGATGAGGCTGCGGGCGTACTGGCCCGCGAGCATGGTGATGTTGAAACAGCGGAACAGAATGACGAGAATGCAGAAAAGAAGGCCTCCCGCTGCGCCACGGCCAGTGATGACGCTGCGGGAATTGACGAATTCAGGATCTTCCCCGCCTCTGCACAGGACGGCCTGGTAAATGCGTTCCGCCCGCCCGAATGTCCGCAGCAGAAGTTGTCCGGCCATGGCCCCCCACGTGGAAAGAGGGATGGGCCCGGAGCCTCCCCGCCGGGAGCGGAATGCCATCAGCATATTCTGGCATTCATCCACCAGGATAAAGGCGTACCGGTACAGGAAGGTCATCAGCGTGATTAGAATGCGCGGAGCGCCGAGCTGCCTCAGGCCGCGGCAGAGAGGCGCAAAGCCTGTGGAGGCCAACAGCGTGAAGGCGCCCAGGATGGTGAGCATGCACCTCAGGATGATGGAGATGAAGGAGATCATGCCCTGCGTGACGGGAATGCCGAACCATTCTCCCATGGGAGTTCTGTCCACCAGAGGGTTGAAGAGGCCTATCATGACGGCGACGGGCAGCAGCCACAGGGTACGTTTCAGAAGGTAGCCCAGGGGAAGGCCCGCCAGGCGGATGACACAGACCGGGAACAGGAAGAAAGGCAGGAGTCCCGTAATTTCCTGCGGAGGCCAGGAAAGAACGCAGATTTGATAGACGAGGAAAGCTCCGATTTTAATGCGGGCGTCCAGACGGTGGATGCCGGTATTTCCGCAGGAAAACCGATCCATCTGGCGGAATTGCTGCGAGGCGTCCGTAAACAGTGGCATGGGGAGGGTCAGCGGGGGCAGTGGCTGTGCGGTTTTCTGCCGAACAGGAAACCGGCCGCAAAAATAAGGGCTGCGATAATGGCGCTTCCCAGCACGCCGGCCATGCTCGTTTCAGGGTTGACAATGGAGGAGGAAGCTTCCGTTTCCGCGGTGTTTGCCCCGTCATCAGCGGGAAAGGCGTAGTCCGGCATAATGGCGGTGGCCTCCTGTACGGTTTCCAGGTTCC
CP137887.1_gap41	1570596	1573910	3314	CCCAGGTGGAGGCTGCCGCCCGCCTGGGCGCCCCCATGATTGAGTTGCATACCGGATGTTTTGCCAACCATTCCGGCAGGGAGCGCACGGAGGAACTGGCCCGTTTGAAACGCGCCGCGGAACTGGCCCATTCCCTGGGCATCCAGGTGAATGCGGGCCATGGCATCAATTACCAGAATCTGGAACAGCTGCTGGCTGGCGTCCCTTGCCTGCATGAGCTGAACATCGGCCATACGATTGTATCCCGCGCTCTTTTTGTGGGGGTGGAGCAGGCCGTGAGGGAAATGCGCCAGGCGATCGACCGCCTGAGCTGATTGCGCCGTTTCAATTGATCCCGGTTGCCGGAGTATGAGCCGCATTGCAGGATTGGGAATGGATTTGGCGGATATGGAACGCGTACGCCAGGCCCTGCGGAAAAACGGGGAGGCGTTTGCGTTGCGCATCTGCACCCCTGATGAGTGGGCTTATTGCCGGAAGCACGCGGATCCCGTGCCGCATCTGGCGGCGCGCTTTGCGGCCAAGGAGGCCGTGGCGAAAGCCCTGGGAACGGGAATCGGGGCGAAGTGCGCTTTTACGGATGTGGAGGTGGTGCGCGGCGATGCGGGAGTTCCTTCCATTCTTTTGCACGGGGCTGCGGGAGTGACCGCCCGGGAGCTGGGCATTACGGGCTGGTTCCTGACCATGACCCATTCCAGGTTGAGCGCCGCCGCCACCGTTATTGCCTTGGCGCAATAAAAAAGCCGTTCCCTGGGAAGAAAGGAACGGCTGGCATTAAAGGAGGAAAGGGAAGTTATTTTCTCCTTCTGCGTGCGGCAAATCCCGCGAACGCAAGCAGAGACAATGCCGCTGTGGAGGGTTCCGGAACAGCGGCATAAGAGACGGAGAGCGAACTCAGTTTCGTGCCGTTCAAGCCGTCATTATTCCAACCGGGAGCACGATGTCCAATGCTGTACATCTCGTTTTGGGTATCTCCTCCGTCCGCGGTTCCGGTGTACCAGTCGATATCGCTGATAGAAACGGTTGCGGTGCTGGCGGCAGTACCATTATCAAGAGTAACGGTTACGTCATGTCCCAGGATATCAACGGTTACGTTTGTCCACGTATTTGCCGTCAGTCCGGCTTCTGCGATTGCTCCTCCGGAGGAGAGATTGCCGGAGTTGATGGCAACAGCCCCATTGCTGAGTCCCAGGCTGAAGCCGAATCCGCTGCGGGCAACGTGAATGATATTCTCAAGGGAATTGTTGCCTCCCCATGAGATGTCCATGGTGATGCTCATGGTCCCCTCCCCGGAAAGGGCTCCGTTCAGCATTTCCCGGAATACATTTGTACCGCGTTCGTCAAAGGTGGAACCGGTAAGAACCGTCCCCTTCTCTGTATCTTGGGCAGTATTGAAATTACCTGTAGCAGTTCCCCCCATGACGGCAGCCGCGGAGGAAAAATCCCATGTATAGGTAGCTGTCTCCGCCGCCTTTGCCGCACCACAGAAAAGCAGCCCTGCTGCCAGCAGCAAATATTTTTTAATGGATAGATTGATAGCCATATGACAATAGCACGTAATTGCAAAAAGATTCAACGATTTTCAAATTCGTTGAATGTTTTTCTATCTTAACCCATTAATAAATAGGTTTTTGAAAATATCCCTATTACAAGATTGGTTTCTTTTTTCGTTTGTTTATTTTCACTGTTCCATACAGAAAACGAGAAAATTATAGATTTTTTTCTTGTAAAACGGATTTGAAATTCGTTGCTATGGAATAAAAGAGGCCGCCCTGTCAAAGGGCGGCCTCTGCCTTAAGAGTTTTTTCTTAAGTCAGGTGGACTTTTAAGAAAAGCTCTTAATGAGGAGCTGGCGCTGTTCTTCCAGTTCGGCCGGGAGCTTCTTGCCCACCTTGTCGAACAGCTCGGTCTGGCTTTCCAGTTCAGCCTGCCATTCGCTCGGGTTGAGAGCCATGTTGGCGTTGAACTGTTCTTCGCTGTAGTCGAGGCCCGTCTTATCCAGTTCGGCATAGGTCGGGGAGACGCCCAGCACGGTCTTCTGGCCTTCAGCCTTGCCCTTGGCGCGGCGCAGAATCCAGTCGAGAACGCGCATGTTGTCGCCGTAGCCCGGCCAGATGAAGTTGCCGTCCTTGTCCTTGCGGAACCAGTTCACGTTGAAGATCAGCGGAGGATTGGCAACGGTTTTGCCCATGTCCAGCCAGTGCTGCCAGTAGTCGCCCACATGGTAGCCGATGAAGGGAAGCATGGCCATCGGGTCGCGGCGGACCTGACCGATGTTGCCGAAGGCGGCGGCGGTCATTTCCGAACCCATCGTCGCGCCGACGTAAACGCCGTGCGTCCAGTCGCGGGACTGGAAGACGAGGGGCATGGTGGTGGCGCGGCGGCCGCCGAACAGGATCGCGGAAAGGGAAACGCCTTCCGGGTTCTGCCATTCGGGATCAATCGTCGGGCACTGGGAGGCGGGGGCGGTGAAACGGGCGTTCGGATGAGCGCACTTGCGTCCGCAATCCGGGGTCCAGTCATTGCCTTGCCAGTCGATGGCGTGGGCGGGAGCGGGGCCGTCCATGCCTTCCCACCAGACGTCGCCGTCGTCGGTCAGACCGACGTTGGTGAAGATGACGTTTTCCTTGATGGTGTCCATGGCGATCGGGTTCGTCTTGTAGGACGTGCCGGGAGCCACGCCGAAGTAGCCGTTTTCCGGGTTGATGGCATGGAAGGTGCCGTCTTCATGGGGCCAGATCCAGGCGATGTCGTCACCGATGATGGAGGTTTTCCAGCCGGCTTCCCGGTAGGAGGCGGGGGGGACGAGCATGGCCAGGTTGGTCTTGCCGCAGGCGGACGGGAATGCGCCGCCGACGTAGGCCTTGGTGCCGTCCGGGGATTCAATGCCCAGAAGGAGCATGTGTTCAGCCATCCACTTGTTCTTGCGGGCGATGGCGGAGGCGATGCGCAGGGCCAGGCACTTTTTGCCGAGCAGGGCGTTGCCGCCGTAACCGGAACCGAAGGACCAGATTTCTTCCGTTTCCGGGAAGTGGCAGATGTACTTTTCTTCGTTGCAGGGCCACGGCACGTCAACCTGGCCGTCCGCAAGCGGAGCGCCCACGGTGTGGAGGCAGGGAACGAATGTCCCGTAACCGTCACGCTTCGGGTTGCCGCCGCCCTTGACTTCGTCTTCCAGGCGCTTGAGAACCTGTTCACCCATCTTGGTCATGATGCGCATGTTGGTCACGACATAGGGAGAGTCCGTGATTTCAATGCCGATTTTGGCCAGGGGGGAGTCCAGGGGGCCCATGCAGAAGGGAATCACGTACATGGTA
CP137887.1_gap42	1595013	1598324	3311	GTCACATAGCAAAAATTCCGTCCTCAGAAAATTCCTGCTTCCCGAAGCGGAATTGTCAGCCTACACAAGCTATTCTCTTTAAAAGTAAATATTGACCTCGGATTCGCAATCCGTTTGTCGATATTCTTATTGTACTGCCCCAATTTATGCTCCGGTTCCAAAAGATGAGCTGTACAGGACCTTTTGTAGAGATGGATTTTTTTTGGATATAGTCTTTTCGTTCAGAGGGCTGCCTGGTAAATGCTGAACATCAGAATGGTCATTCCCGTGAGGGCTGCGCCTGCAATGATGCCGGAGGCGGTGGGGACTTTATATTCCCGTGATTTGGCCTTGAAAAGATGGTCCGCAGCCCAGCCGAGCACAGCTCCTGTAAAGAAGAGGAAGGAGTCGTTCCACTGGATGGCCCAGGCCAGGCCGAAGCCGATGGGGGTGGGGAGCCATTTTCCTGTCCGGGGAATATAGCGGGGAATAAGCACCAGAATGAGTCCGAGAATACCGCCTGCAATGATGGAAAGCACCTTGATGCTGTGCAAATGGCTGAACCCCATGCCCAGTGCTTCCGCCGTGGCCGCCCATGTTCTGGCTCCCGGAGCATTGAAAGCCTGGAGAGCGTTCGCATCCGGAACCATGGAGCGGAAGGCCAGCACGGAGACGAGGGTTCCCAGAAAAATTCCGGAAAACTGGGCGATGAATTGTTTGCGGGGGTTAGCTCCCAGCAGGTAGCCTACTTTGAGGTCTACGAGCAGGTCTGCCGAGGAACTGGACGCTCCTGAAGTGATATTGGCCGCCATCAGGTTGGCTGTTACGTGCCCGGGTGCAATCCCTCCGAAGATGAGCTGTGTAACTTTTCCCATGGCTCCGGTGGGTGTAATATTGGCTTCTCCGGTGATTCGGCAGACGACCAGCGCCAGGAAAAAGGATATGACTACCGCGATGCAGCTCATCCAGTACGGAACGTTAAATGATGTATGAGCCAGATAGCCGAGAGCTCCCAGAGAGATAAGCTGGCCTGTCAGAAACCAGCTCATGGGCGTTTCTATTTTTTCCACATCTGTCAGTTTTCGTTTTTTACTCGGGGAAAACATGGCACCCAGGGAAGAAAAGGAACGAACAATGCTTTTCCATTGGAATAGGAAAGCCACAATGCTGGCGACGACCATGCAGGCGGTTCCTCCCCACAGGGTCCAGCTTACGCTCTCCCGATAACCTGCTCCCGCGGGAAGCAATTTCTGGCTTTCCAGCCACGGAACGTAAAGAGCCCAGCAAACGGTTCCTCCGATGAAGAGACTGAGGGATGTTTTCATGCCTACCAGAGCTCCCGCACCCACGAACATGAGATCCCATTTGAAGAAGATAGTACGCTGGTACCAGTTGCCGAGGATATGTTGCTGGACCGTTCCAAGCCATCGTTCTCCTCCTGCAGCCATGGCGATGGCATTAGCGGCGGCGAAAAGGGCAGAATAAAGAAGGGCTTTGGCCTGTCCCGCCGCCTTTTTGCCTTCAGAATAGAGAACTTTGAGGGTTTCCGCCGTAGCAATACTGTCTGGGAACCTTATTTGTTCAATGTTGATCATCTGGCGTTTCATCGGAATGGCCATGGTGACACCCAGTACGGCAATGAAAAATATCCAGGCGAAGGTAGTGCCAAGAGGCATGTGCTGTCCTGTCAGCAGGAGCAGGGCGGCTACGGCAGAGGTGAGGGTTCCCCCTGTAGAATAGCCTGCAGAACTGGCAGCGGACTGCATGCATGTATTTTCCAGAATAGTCATGGGGGATTTGGAAATGCCCAGGCGCACAAAGGCGTTCCAGAGGGCAAAAGAGATAATTCCTGCCGTCAGAGCCACCCCAAAGGACCATCCCATTTTGAGGTTGGCGTACAGATTAGTGAGGGAAAGGATGGAGCCTAGAAGCATGCCTACGATGACGGCTCTCCAGGTAAGCTGCTTCATTCTGTCTCCGGAACCCAGATAAACTTGATCGTACCATTGCTGTTCTACTTCATCCGGAGTACCTTGGAATCCATCCAGAGGCAGCGGTTTTTCCAAGCAGGAGGGGAGAGGGCTGGAAGATTGGGGGGACGTAGATGCCATACAGTTCATAATATAGCATTTGCGGGAGTGGTGGAAAAGTCGTATCTGTTTTTCTCTGCTTTCGGCGTTCCTTCTGCTTGAGACTTGCGTGCTTGTGACGGCCGTGGTTTAATGGGCGGCATGAGCCCATCTTTTACGGATAAACTTGCCGCCCGCATTAAAGAGACCGGTTCCGCCTTGTGTGTCGGATTGGATCCTCGCCCCGGCATGGATGATTTGGAGGCGATTCCTGCGCTGTTGCGGAAGGTTGTGGAGGAAACCGCTCCATATGCGGCAGCGTTTAAGCCGAATATTGCCTATTTTGAAGCCATGGGGTTGCGCGGTCTGGAAATACTTGAGGATTTGCTTCCGGATATGCCTAAGGATGTTCCGGTGGTGCTGGATGCTAAGCGTGGAGATATTGGAGAGACTCAGAAGTATTACGCTCATGCTTACTTTGAACGCCTGGGTGTGGACGCTGTGACGTTGAGTCCTTTTATGGGATATGATACGCTGGAGCCTTTTCTGAATTATGAAGGTAAAGGTGTTTATCTGCTGGCAGTTACTTCCAATCCCGGTTCTGCGGATGTGGAACGGCAGGAACTGGCAGGGGGCCGCAGGGTTTTTGAACTGGTGGGAGACATGGTGCTCCGTTCTGTCCGGGAAGGCTGTAAAACTTCCGTAGGCATGGTGGTTGGTTTGACCAATGCAGATTCCAGTATTCTGGAGCGTATTCCGGATGCTCCTTTGCTCATTCCCGGCCTGGGTGCTCAAGGCGGTGATCTTTCCTGCCTGAGTGGTTCCGGTCATGTGGCGCCTCCCCTGATTAATGTCTCTCGAGGAATCATGTACCAGAATCCGGAATTGGGTTTTGCTGAGAAGGCCGCCGGATTTGCTCAGCGCATTCGAGAGGCATTGAATTATTGATGTTCATGTATTTTTTGCAAATAACAAAATGATAACGGCCTGCTTATGGCTGTACATGAGCTTGTCAAAGGGAGGGGGCTGATATATTGAACAGGTGCATCCCCATTCCCTGCCCGTTTTTTATGGATGAAAAGCCCGGAATTGTAAAATTCACTCCCCATTCCACTTCCAGATCCGCAATGTTGATTGCGGTGGCAGTGACAGTGGGTGTTCAGGTGGCTTTGTGTGCTGTGCTTGTAGCCATACATTTGCAGGATATGTGGTTTCCCTCCGTCCAGGGTGGGGAAGTGGAAATGACGTTTGTGTCCCCGTCCG
CP137887.1_gap43	1629680	1632264	2584	TCCTGCCTGTTTCGCGGGCTTCATTTTCATCTCCATAGGTGGAATAAAAGTAGGGGGTGTAGGCTTCGAACTCCGCGGCGCAGGTATCCACCAGCCGGTATCCGGGCACAATGCCCTGTTCCTGGCGTTCCTTCCGGATGTTTTCTTCCGTGGTTCCCCGGGCCAGGGCGATCTGCCTGTCGGAAAAGCCCAGCTTCTTGGCTTCCCGCAGATCCAGCTTGTCCAGGCTGTCTCCCGCCTTGGCCAGGTCCTGCATTTGTGCCAGGAACCAGGGATCAATCTGGGTAAGCTGCTGCACTTCATCCAGGGAAAATCCGTTGCTGAACGCCGTTTGAATCCAGAAAATGCGTTCTGCCGTGGGAACAGCCAGTTTCCGCGTGATTTCTTCTGCGGAAGGCGCCTGCGGGGCCTTCGCGTCAAATCCCCAGCCCCAGCGTCCCGTTTCCAGGGAACGCAAGGCCTTTTGCAGGGATTCCTTGAAAGTACGACCGATGGCCATGGCCTCCCCTACGGATTTCATGGACGTGGTCAGGTGTTCGTCCGCCTGCTTGAACTTTTCAAACGTGAAGCGGGGAACCTTGGTAACCACATAGTCGATGGTGGGCTCAAAGCAGGCGGGCGTTTCCCGCGTGATGTCATTCCGCAATTCGTCCAGCGTATAGCCCACGGCCAGTTTGGCGGCCAGTTTGGCAATGGGGAACCCTGTGGCCTTGGAAGCCAGCGCGGAAGAGCGGGAAACGCGGGGGTTCATTTCAATGACAATCATGCGGCCGTTGGCCGGATTAATGGCGAACTGGATGTTGGAACCGCCCGTTTCCACCCCGATCTCCCGGATGACGGCAAAAGAAGCGTCCCTCATTGCCTGGTATTCTCGGTCCGTGAGTGTCTGGATGGGGGCTACGGTGATGGAATCCCCGGTATGCACGCCCATGGGGTCGATGTTCTCAATGGAGCAAATGACGACGCAATTGTCCGCGCGGTCCCTCATTACCTCCATTTCAAACTCTTTCCAGCCGATCAGGGACTCTTCAATCAGAATTTCGGAAACGGGAGAAAGATCCAGCCCCCGGGCGCATATCTCTTCAAATTCCGTTTTGTTGTACGCTACGCCGCCTCCCATGCCGCCCAGCGTAAAGGCGGGGCGGACAATCAGGGGAAAGGTGCCAATATCCCCGGCCACCCGGCGCGCTTCCTCCATGGTATGCGCAATGCCGGAACGCGGCACGTCTAGGCCAATGCGGAGCATGGCTTCCTTGAATAGGTTGCGGTCCTCCCCGCGGTCAATGGCGTCTGCGTTGGCGCCGATCATACGCACCTTTTCCCTTTCCAGCACACCGCTGCGGTGCAGTTCCATGGCGCAGTTCAGGGCTGTCTGCCCGCCCAGGGTCGGGAGGAGGGCATCCGGTTTTTCCCGGATGATGATTTTCTCCACGAACTCCGGAGTAATCGGTTCAATATAAGTGCGCGGAGCTGTCTCCGGGTCCGTCATGATGGTGGCGGGATTGGAGTTGACCAGCACTACTTCATAACCCTCTTCCCGGAGGGCTTTGCAGGCCTGGGTGCCGGAGTAGTCGAATTCGCAGCCCTGGCCGATGACGATCGGGCCGGACCCGATCACGAGAATCTTTTTGATGGAGGTGTCTTTAGGCATAATGGCGATGGAAGAATCCTGTAGTCCTGGACCGCGGATTTCCGCCGGGGGAATTAAGTGCCCGCCGGGCTCCGGAGGAAAGTTTTTTTACGGTCAATGACGCGGATTTTTAGAGCGTGGGGAACGGTGGAAAACGGAAGAGGAAGGAGGCCGGAACAAGGCGCGCCAAGGCTCCGGAGCCGTGCCTTCCCTGCGGGCAGAGGCTTGACCCGCGAGGGGGGCGGCACAACTCCGGAGCTCGTCGGTGCACCCACTAATAGATGAACAGCATTTCCCGGTACTTGGGGAGAGGCCAGGACCGGTCGTTCACCAGGGTTTCTGCGGCATCGACGCTGGTTCTCAATCGTGACATCGCGGCAAGGATGTCCTCATGGCAGCTCGTAAGCGCCGTCTCCAGGGTATCCAGGTCGGATACGATGGAATCCAGGGCGTCGCCCAGCTTGTCCGCCAGCTTCTGCAGGGCGGCGGTACCGTTGGTCCGCTTGGCTTCCAGCGCCCTGGAGAGCGCGGCAACGGTTTGCCCGTATTCGTTGCGCAGGGCGGGGAGGATGATGGTGGCCGCCATTTCCCAGGACAGGCGCCCTTCAATGCGGATGCGTCTGTGGTATTCTTCCAGGAAAATCTCAAACCTGGATTCCAGCTCCCGCCTGGAAAAGACGCCGTACTTTTCAAACAGGGCCACATTCTTTTCATTCACCAGGGTGTGAAGGGCCGTCATCGTATTTTTCAGGTTGGGGAGGCCGCGGCGTTCCGCTTCTTTCACCCATTCTTCCGAATAATTGTCCCCGTTGAAGATGATTCTCTTGTGTTCGGAAATCCTGCGCTTGAGCGTTTCCTGGAGCTGCGGCAGGAATGTTTCCGGAGCGAAGGAGGAAAGTTCTTCCGCCAGGGAATCAAGGGATTCCGCCACAATGGTGTTCAGGGTCATCATGG
CP137887.1_gap44	1659641	1663946	4305	CCGGAAGGCTCAGTTCCATGCCCGGTCCACGGCTTCCCTCTCTTCCGGGGCAAGATATCTGGAGAGCCGCTCTTCCATGCGCAGCCTGTATTCGGGAATACTCCAGGAATGGAGCGGCTGGACGGCGGAATTGGTGAATTGCCAGGAGGGGACGGGAACGACCACGTCCAGCACTTCTCCGGCTCTGGAGGGCATCCCGGCCAGTACCGCCGCAATGGTGGAGGAAAGCTCCGGATGTTCATCCAGAATATCCAGCAGCCATCCGCAGCCCAGGTCCGTGGGAATGGCCTCCGTTTCGGCCAGCAGGTCCGCGAGGCGCCCGGGAGGGAGATTTTTGGAAATGAAAGACAGATAAGGGGCAAACCGCATGTCTCCCAGGCTCATCAGGGCGTCCAGCGCCGGAGCCATGGACGCCTGTCCGGGGCAGGGAGAGGCGCAGATGACATTCGCCAATCCGGCAATTCCGGGAAACCGCTCCTCCGGCTGGGGCGCGGCCAGCGTATAAATAAGGAAAGCGGATTGCCTGCGAATATCCGGCGCCTCATCCGCCATGGCAAAAGGCAGCAGGGCCCTCCATCCGTCCCCTTTGCGCTGCCGGATAAAAGCTGCCAGTTGCAGAGCGCATTTGCGGCGGGCGTCCGGAGCGCAGCGGGATTGGAACATATTGTAAATGGTGACGCCTTCTTCTTCTCTTCCCGTTTCATTGCAGGTGACCAGCCCGTAGGCAATCATGGCCAGAGGCCATTGATCCGAACCGATTTCCTCCCTGCGGGAGGGATCCGTGACGAGGGCGGCAAGCCGCTTGATTTCCGACAAAGAGCTGGTTTGATCCTGAAAAAGGCCCATGCCCGCATGATAGCCGGAGGCGGAAACCTGCCAAGGAAAAACCGTGGACTGCTTACAGGAACCCGGAGTTTTCCGGTGAACGCTGTTGAGGCATGTTGTTGAGTGTGACCGGCGTTTTATCCTTTATTTATTGGCATTCCGGCTCACGTCCGGACAGGAGTTCCGTATTTTTTGATGAAATTTTTTCCTGTGTTCTTCCCCGCTTTTCCCCTGGTAGAGGTAGGCGGTTTTGGAGTTGTATCCTGCCGTTCGGTCGATGAGGTCGAGAACCTCGCCGTCTCCGTATCCCGCCTTCCTGATGTATTTGACGACTTCTCCGGCCTGGTCGGGGAAGTACTTCACCAGCATGGGGATGAATCTTTTCTCCATAATTCTGATAACATAAGTGTCAAGCATCTGATTCCTTGACGAAAATGTAACCAGGTTATTCCATTTGTGAGTCCATTCGTAATCTTTGATGTCATTTCCAATATCCTTGGCTGAAGCGTCCATTTCAGATTGATGTTTTATGGGAGAAAAGATTTCATGATATAGTGATTCCTCATTCTTGTGGAAATTCTTGATATGCATTTTTTTTATTTTTTTAATAATGCTTGAAAGAAGGGATATATTAAAATGTATCAATTTTCTTTTACTGATCTTTAATGTTGTTGATAGTTGATTTATATCCATAAGGGAAATCGCTGTGCTGATTCTTGCTTTGCTGTAAATATCATTATTTTTCTCGTTTTTATAAGGCCATGGTTGATCACTGGTGTAATCCGGAGCTTCATACATGGGGGCCCCGCCTATCAGATAAAGGCTCCAGAGCATGTCGCAGGCTTCTTCCCGTGTCATCACGCCGTCATGCTGCAGTTTGTTGATTGCGGTCAGAACCGTTTTAGCGTGCTGATAAAATGCTTTCAGATCATTTTGTTCCAGCAGGCTTTTCAGGAGCGGAGCATGCCCTTCTGTACTTCTCCGGATATGGATGGAATCGGGCGGCATGAGTTCATGATCGAATGAATGTCCCTCCGCGGAGGAAAGGCTCCATCCAAGGCAGATGAAGATGATTATATGGAAAACGTGGTTCACCGTCTTGTCCGGGTTGTTTTTCCTGGTTGGGAGGAGGCAGATGGCGCAATGAATGAACGTTCGCGTCACTCTCTGCTCTGTTTCCGTTGAAGCTTTTTCCTGTGTTCCTCTCCGCTTTTCCCCTGGTAGAGGTAGGCGGTTTTGGAGTTGTATCCTGCCGTTCGGTCGATGAGGTCGAGAACCTCGCCGTCTCCGTATCCCGCCTTCCTGATGTATTTGACGACTTCCCCGGCCTGGTCGGGGAAGTACTTCACCAGCATGGGGATGAATCTTTTCTCCATGATTTTAGAGACATAGCTATGATACATGCTGTTTCTTGACGAAAATGTAACCAGGTTATTCCATTTGTGAGTCCATTCGTAATCTTTAACGTCAGAGCCGATGACATTCCCGTCCGGATTGGCAGGATGGGAACGTATTATTGCATCTTTCAGCGCTGTCTCTTTTTTTCCGAAATCAGGGAGGTGTAGAGATTTCAGCCTTTTAATGATGGCGGCGGCGTAAGCGGCATGGAGATGTTTCAGCCGTTGTTCGTGGATGCCCAGGTTGCGCGACATCTGTTTCGTATCCATGATGGAGAGCGCGGAAATGACTCTTGATTTGGCGGCAATGTCGTTGTCCCGCTCGTTTTCATAAGGCCATGGCTGAACGCTGTCGTAATCCGGAGCTTCATACATGGGGGCCCCGCTGATCAGATAAAGGCTCCAGAGCATGTCGCAGGCCTCTTCCCGCGTCATCGTTCCATGGCGCCGCATGGCGTTCAATTCTGACAGAACTGTGTTTGAACATCCATAGAATTGCTTAAAATCTCCTGATTTTAAAAATTCTTTTAATTTTTTTGATTTTTCTCCCATTTTTCCGCGAATATGGATGGAATCAGGAGCCGGGAGTTGGCGATCAAATCCGGTCTCTTCCCCCAGGGAAGTTGAACATCCAAGATGTATGGCGGCAATCGCGTAAATAAAATATTTCATCATTTTTTTAGGTTCATTTATTTTGACTGGTTGATAAATACGTGCTTGTTATTTTTTTCTGTGGACCTGCTGACGGAACAGTTGAATTTGGAAACCGTCGTCGTAGCTATTTCGTTGACGACGTCAATCCAGTCGTAAAAAAAATGCTGTTCAACAGTCTGAATGGTTTTTACATCTTTCCCGTCGACATTGATGTTCCAGTCGCAAATCCATTTATGAGTTTGAGGCAAGTCGTAGAATTTTAATTTTGCAATAGGTTCTCGGCATCCAATGTTGTCAGATAGCCTGTTTTTGGTGTCAAGGCGTACTGGTGCAGGATTGGGATCATGTGGGGCTGCCAGGCTGCCTTCAGCCGGGGCGGGAACGCAGCCCTTATCCCGTTCAATAATATGGACATTTCGAAAATTCACGCTTATAGGGAGGAACGTTAATTCCAGGACAGCTGATGCCCCTGCCATTTCTTGATCACCATCCTTTGGCAGATCAAAATAAATGACTCCTCTTTTATTAAAATCCGGATGATTTCTGTCATATGATTTCCGTAAATGTTTTGCGCTGATCCCTTCGGGAACAATGGCTGATAACGTGATTTTCGCTTCTCTTCCTTCTTCCGTGACTGCTTTAACAGTAATGTCGCCTCCTTGGGAGAGGTCATTTCTAATAACCAATGTTTGAATGACAGAGTTGTCTTCCTCTTGAAAAGAAGCCAGATTTTCTCCTTCTTCGATTGTCCATTCGATCTGAGATGGGTCTCCAATGAGCTGGGGCTTGTCTGAAACCAGGGTTAATATTACTGTTTCACCTATGCCCAATTTCTTTCTTTTTTGATCGTTCTCTTTCTCTTTTTCCGGTACGGAACCTTTTTCTTCTTCTTGAATATAAATTTGGGCAGAGTATTCTGCCGCCTGTGATTCGATACGCAATACCTCATTTGCCAGTAAAGGCGCTGTGAAGCAGAGGCCCAGCAGCATCATGGCGAGATGGCGTTTTGCCGGCATTCCCGGGGATAAGACGTATTTTTGGAAAAACGGGGAGGATGCCCGAATGATGGCGTTCGCGTTCATGTTAAAATTTTCTGTGCTGGTTACCGGTTCTGCCGCAGGGGCGAGACTTTATTGCCGCTGATTTTGTTGATCAATATTTCCCCTTGATGCTTTAATTTTTTGTCATTCCATATTTCCAGCAGACGGCGGTAGGTTGCCACATAGTATGTGCGGGTCTGTTCTCTTTTTTCCAATGCCGTGATGGCGCCTTCCATCATGCCGGCGGAGTATCTTTTCATTTTAGGCGTCCATGAGGCATTGTTCCCTTTCCTGGCCCAGACGGAAAGATGCTTCCCGATGAATCCCTCCCTGTATTTGATTATCTTGCCGATTTCAGGGCAATCCGCCACGAGTTTGTTCCAGCACAG
CP137887.1_gap45	1665682	1670294	4612	AGAAGCCAGTTTCCCGAAGGAAGTTCCGTGCCGGGATGCAGTGCCCCCGTCCAGCCGTGCAGGACAATGTTCAAACGGGGATATTTTTTCAGCATTTCCGCCAGCGTGCCCCATGCGCGGCAGCAGTGCAGGGAAGCGGGGCGGTCCAGACGCGCGGCCAGTTCCAGATGCCGTTCCAGCGCTTCCTTCTGGAGAGGCAGCCCCGGGATGCCGCGCCGGCATTTGTCCAGCCCCGTTTCCCCAACGCCCGCATGGGGGATTTTTTGCAGAAGGGATTCCAGCCTGGGCATTTCCTCTTTCCATTCAGCCGGGTTCAGGAACCAGGGATGAATGCCGAAAAAGGGCGTAACGTGTTCATCCCGTTCCGCCAGAAGGGCCACCTGTTTCCAGTCCGCCGGGGAGGTGCCGCAGATGAACCGCGGCGCCGTGCCGGAAGCGGCTGTAGAGGAATGGGTGTGGGCGTCCGGCAGATTCATCGTTGCTTAATGGGACAGAGATGGCGCGTCCGACGGTTCAATGATATCAAAACTCTGTTTCGCCAGGCGCACGGCGGCGGCGCCCGTTTCCATTTCATCATGGATGACGTTGGTGATGCCCGCGTGATGCAGGGAAGCCACTTCCGAACGGAATTTGGCGCGGGCAATCACCGTGATGTCCGCATTGGCTCCCTTGATCTGCATGTAGGTGGACAGGGCCGGGGCAGGGTCCGGGAATGTGAAGGCAATCAGCCGTGCGGTACGGACGCCCGCCAGGTCCATGGTGATTTGGTGCTGGATGTCTCCCAGAAAGGCCAGATGGCCGCCGTTGAGCAGGGATTTGACGGTGTCCGCATTCAGGTCGATAATGATGCAGGGGATGCCGTACTGGGACAGGCTTTCATGAAGCCTCCTGCCTACGGGGCCATAGCCGCAAATGATGGCATGGTCCCTGATGCCTTCCATGCGTGTGATCAGGGTTTCCACGTTGAGGCGTTCCCGTTTTGTTTTCAACCCGGGAATGCGCACCAGCAGCGGGGTAAGTTTCCGTGCCGCCTTCATCAGCAGCGGAGTCATGCCCATGGAGACGGCGGCAATGGCGTAAACGTTGGTGGTCACCAGCGCCGGGATGGGGGATATTTCCTGCATGAAAGGGATGAGCACCAGGGAAAATTCCCCCACATTGGTGAGTGCGGTGGAGGCCATGATGCCCATGCGCCCGGGAATTTTCAGGAAGCTTGCGGCTGTAAGGCAGGCTACGAATTTGATCGCGAGGACAAAGGAGGCGAAGGTTGCCACCTGGCCGATGTGTTCCCACAGTCCATCAATGTCAATCAACAGCCCGGCGGAAACGAAGAAGATGGTCAGGAAAAGGTCCTTGAAGGGGAGCACTTCGCTAAGAACCCGGTGGCTGTAATAAGAGCTGCTGACGAAGAGGCCGGCGGTGAAAGCGCCCAGGGCGATGCTCAGGCCCAGCAGACTGGCGAGCATGGCAATTCCCGAACAGATGGCGAACACCATCAGGGTGAAGAGTTCCCGGCTTTTGGTCCGGGCGACGGCCAGCATGATGCGCGGAAGCAGGTAGCGGCCGATCAGCCAGGCGGCTCCCAGAAAGACAAGCCCCCGCAGCACGGCCATACCGATGTTGAGCGCTGTTTCCCATGAGTCGGGCGCGGCGGTGAAGATCTGCGGCATGATTGCCACCAGCATGATGGCGGCGATGTCCTGGAACAGGGCAATTCCCACCGCCATTTTTGCCCCGGAGGTTCCGCTCAGGCCGAATTCCTGGAAGGATTTCAGCGCCACCGCCGTGGAGGATAGTCCCATAATGGCCCCGACCGTCAGGGAGTGGCTCATGTCCATGCCTGTGGCGTAATGAAGCCCCAGGCCGAAAGCCGCAGTGCAGATGAACATCTGAATACCTCCGCCGACCAGAGCGGTTTTCCGCAGGTGCTTGAGTTCATCGACGGAAAATTCAAGCCCCAGCGTGAACATGAGCAGGATAATTCCTACCTCGGAAAGAGCCTGGATGCTGACGTCGGAATTGGGGATGTGGTCCAGAATGCCGCAGTTGGCCAGAATTACCCCGCAGATGAAGTAGCCCGCCAGCAGGGACTGCCGGAAGTGGGCCAGAATGAGGGCAATCGCGATGATTCCCATGAAGACGACAGTAAGCAGAATGAAGAATGGAGGCGCGTCATTAGGGCCTCCGGAGGCCAGCAGAGAGAGAACCATGGCGGTCAGGTCGGGAAGTTAGGGAATGGTAATGAGGTTGATTTCCGGCGGGCAGTTGAAGCGGCCCGGCCCTATATAGCCTATGCCGCGGGTGACGAATACCTGCTTGTCCTCATAAGGATGGAACCCTGAGTGCATGGTTTCCCCTTCCGACGCCAATAGCGGGGTGGAAAAGAAAGGCAGTTTGATTTGGCCTCCATGCGTATGGCCGGAGAGCATCAGGTCCCAGCGGTAATTTCCCAGCAATTCCCTTCCTTTGGGGTTGTGGCTCAGGACGATGGTTGGCATGGGCGAGTTTTCCTCCAATTCGCGCGGGCTCATGCACCGGTCCGGGAAAAAGTCACCCTCCCGCAGGTCTCCCAGCCCCACCAGTTTGAATTCCACATTTCCCAGCCTGGGGATGGAGACGAAGGCGGCGGAATTCCTGAGCAGCGTGAAGCCCCCTTCCTTCAGGACGCGTTCCACATTGTCCGCAAGGGCCATGTCATGGTTGCCCAGACATGCGTAGGCCGGGGCGACGGAGGAGAGGCGTTTCATCTGGGCGATGTAGTCGCCTGCATGAGTGACCCGCAGAAAATCCGTGTACAGATCTCCCAGAAATACGATCATGTCCGGTCTGGCCTGTTCCGCTATTGTTGCCGCTTTTTCCAGCAGGGGCAGATTGGTGTGGATATCCGACAATACCAGGATACGAAGGCCGGAAAGGCCGGGTACACATCCGGCAGGTGCCGTGTTTTCATTAAATTCCAGATGATTGGCTTCCCAGTGCATGTAGGAGGCCAGCAGGGACCCCAGCAGAATGACAGCTGCGGCCGCATACAGGAGCTTGCGGAGCTGGGAACGCTTTTTGGAGAAAGGGTGGGTGGTCATGATAGGGAGGGGTTGAGAATGGCCAGTTCCGGCAGGGTGAATAATCCGTTGCGGCGCACCAGCTTCCCGTCCAGGTAAATATCTCCGCCCCCGGCCGCTTCCGTCTGGATGCATACCATGTCCCAGTGGATGCGGGACTGGTTGCCGTTGTCCGCCACGTGGTAGGCCTGCCCCGGCGTCAAGTGGAAGGAGCCGGAAATTTTTTCGTCAAACAGGATGTTGCGCATGGGGCGTGTGATGGCCGGATTGACGCCGAAGGCGAATTCCCCCAGCCTCCGCGCGCCGGGGTCTGTGTCAAGAATGGCGTTGAGCTCCCCTGTTTTATCTCCCGCTTCCGCATGCACGACCAGTCCGTTTTTCAGCGTCAGGCGGATGTTGTCAAAGGGGATTCCCTGGAACAGGCTGGGCGTATTGAAGGAAATGTGGCCGTTGGCGCTGTCGATGACGGGGGCGGTGAACACTTCTCCGTCGGGCAGATTGCATTCCCCTGCGCACGGGATGGCAGGCAGCCCCTTGATGGAAAAGGAAATGTCCGTTCCCGGCCCGGTAATTTTCACATATTCAGCCTTTTCCATCATGGCGGCCAGCTTCCGCATGGCGGGACGCAGGGCAGCGTAATCCATCAGGCAGGTGCGGAAATAGAAATCCTCAAACTCTTCCGTGCTCATGGCCGCCTGCTGGGCCATTCCCCCGGACGGCCAGCGAAGCCCGCACCAGCGCGTATGGCGGATGCGCCGCTGGGAGACGGGGTTCAGGGCTTTCATGGCGGCGGCCATATTTTCCTGTGGAACGGAGGACAGTTCAAAGGCGTTCCCCCCGCCGCGTATTTCAATGTAGGCGTCCATGTCCTCCATTTCCGCCAGGCGGTGGCGGCCGATGATGCCGTATTGTTCTTCCGTTGCTCCTGAGAGCATTTCCCGGTTCAGGCGGGACTGGTTCAGGCGCAGAAAGGGTATTGCTCCCGCATTCCTCGCCTCCCGGATGAGGGCTATTCCCATTTCCTCCGGAATATCCGTCAGTTCCAGCAGAACCCTGTCTCCGGGGCGCAGGGCTGTGGAATACCCTGCAAGCTGGGCTGCAAGGGCCTGAAAACGGGGGTCTCTCATGCCTTTATTAGGCAAATACGGCAGCCTTTTTGTCAAGCCGGAGACTTGCCACGGGCAAAAAACTGTGGTTTTATCCCCCGGATGTCCAGATTGCCCAAGTTAGGAATACTCGGTTCCGGTTCCGGTTCCAATTGCCAGTCCATTTATGATGCCATCCAGTCCGGTTCTCTCCGGGCGGAAATCGCCGTGGTGATGTCTGACAATCCGGACGCCTATATTCTGGAACGCGCCCGTTCCTGGGGCATTCCGGCGGAGGTTATTGACTGCGGGGGATTTAAAACCAGATTTCCGGAGGAATCCCAGGCATCCGTTGCCGCGCGCCTGAAGCAATACGGCGTGGACTGCGTGTGCCTGGCGGGATTCATGCGCCTGGTGAAACTTCCGCTGCTGAAGGAATTTCCTTCCCGCATCCTGAATATCCACCCT
CP137887.1_gap46	1809724	1811617	1893	CCAACATGGCCATCTGGGGCAATCATTCCTCCACCCAGTACCCTGATTTCACCAACGCCAGGATTGGCGGCAAGCCTGTGACGGAAGTCATCAAGGATACGGAATGGCTTAAGGGCGATTTCATTACCACCGTGCAGCAGCGCGGTGCCGCCATTATCAAGGCACGCGGCGCTTCTTCCGCCGCTTCCGCAGCTTCCGCAGCCGTGGATACCGTCCGCAGCCTGGCTACCCAGACTCCGGAAGGCGACTGGTATTCCGTGGCCGTTTGCTCCGACGGTTCCTACGGCATTGAAAAAGGTCTTATCTGCTCCTTCCCGGTCCGCACCACCAAGGATGGCGGCTGGGAAATCGTGCAGGGGCTGCCGGTTGATGCGTTCTCCCGTGAAAAAATTGACGCTACCGTTAATGAACTGAAGGAAGAACGTGACGCTGTTTCCTCTTTGTTGAAGCATTAATGTTGATTTGCTCTTGCGCCGGGTTTCCCGTTTTCGGGAAGCCCGGTTTTTTATGTCCTGAAGATTCCATAAACCTCATTTTCTGCGGGACAGAAGTTTTCTTCCGTGTTAAAAAAAACGATGGATGCAGCATCCTCTAGTTTATGGATCAGGACCGCATATTATACAGGGGAGAGGCTTTTACGCTGACCGGAAATTCCTTGCGCCAGGATGCCGCGCATTGGGCGGAGGTACAGCCGGCCGGTCAGGTGAAAACCATGAAAAACGGCCGCTATTCCGAGTGGCGCATCTTTCCGGAAGCCGGGAACGCCCCGCATTACCGGGGAAATTTTGAAGTGCTTAATCAGGCTTACGGCCTGGCGTTGCATGAGGCTGGAGCCCTGCTTAATGAAGAAGGGACGTTCCGGACGGGAGCCAACTGGCCTACTGTGTGGACCCGGGATATTTCCTATTCCACCCATCTGGGATTGGGGTTGTGGAATGTCCGTGCCTGTATGAACAGTCTGAATGCACGGGTCCGGAACGGGGAGGTGGAGCAGGATACCGGCACGGGCGGTTCCTGGCCCATTTCTTCCGACCGTGTGGTGTGGGGGATGGCTGCGTGGGAAGTTTACTGCCTGACGGGGGATTCCGACTGGCTGTCCCTTTCCTGCCGAGTGATGGAAAAGACATGCATGAGGGATGAACAGGTGCTTGCGGCCACGGGCGGCTTGATGAAGGGGGAATCGTCCGTGCTGGACTGGAGGGAGCAGAGCTACCCTGCGTGGATGACTTCTGCCGATATTGGGGATTCTTGCAGCCTGTCCACCATGCTCCTGCATGCGGAGGCTCGCAAGATTCTGGCGCGGATGTTCCGGGAGCTGGGGCTGGAGGAGAAGGCCCGGGAGTGGGAGGAGAAGAGCGTTTCCCTGGCCGCGGTTATTGAGCGTTTTTTCAGGATTCCGGAACATGTCCTGTACGGGCAGTACCTGTACGGACGCGGGTATCCCGTACTGTCGGAGAAGGTGGATTCCCTGGGCAATCTGCTTTGCGTCCTTCTGGGGCAGGCTGGCGGTTCCCATGCCGCCGGGATGGTTGCCTCCCTTCCTCATGGCGTTTATGGCATTCCCTGCATCCATCCCCAGATGCCTGATAGCGTGCCCGCCTACCATAACCGCGCCATGTGGCCTTTCCTGGAGGGCTATTATGCGCAGGCCGCGGCGGCGGTGGAGAATGAATCTGCCCTGGCGCTAGCGGTCGCCTGCATGGTCCGTGCCGCCCTGTTGTGCGGCACGAACAAGGAAAATGTCCTTCTGGAAACGGGGCTGGATGAGGGGCTGCTGCTCAGTTCGGATAGCCAGCTCTGGAGTATTGCCGGCATGCTGGGCTGTTTTTACAAGGGATTGTTCGGCATCCGTCTGTCTCCGGATTCTCTGGAATTCCGTCCTTGCGTTCCAAA
CP137887.1_gap47	1814231	1815866	1635	TATTTGGACGGCAGGAAGCTTATGGAATCCCCTGTGCTCAAGGACGGGGACTCCATTCCCGTGAAGACGGCGGTAGAGGGCGGCAGGAAGCTGGAAATCCGCGTGGATGACGCCGGAGACGGCAATGCCGCCGATTGGGGCATTATAGCCAACGGCATGCTGACCCGGTAAATTTTCTGCCCCCACTGGCGGAGAAATGTGACATTAGGCTTGTCTTTTGCCCTTTCTCATAGTGTTCTGTGGGCTAGCCATGATTGGGACGATTGCAAAGCTATGGGGTGCGGCGGCGCTGATTGCCGGGGCTTCCCTGTTTGCAGAAACGGCTGCGGAGCAGCCGCCCGTCCCTTCCTCTGAAACCGGGCAGGAAAATGCCGGAGGGAAAATGGCGGGCAATCTGTTTTCCGGCACTCTCATGCCGCAGATTCCCTCCAATATTTCCATTACCAATGACGGCGCCATCAGGGTGGAGGAATCCAGGAAGGTTATTTTTGAAGGACCGCATGTCCACATGGTGACGGATACCGGGGTGGAGGTATTTGCGGATTATGCCCAGGCGGATATGGACCAGGGCAAGGTGTTTCTGAAAGGGAACCTGGCCATTTACCAGAGTGACGGCAGGACAAGGACCAACAGCCTGGTACGCGCCGACAGCGCGGAGTTTGACTGGGAGAACGAAGTGCTTCTTACGGATGCCATCCGTGCGAAGATGGAGGGATTGATTCTGCGCAGCGGAAAGTTTGAATCCCGGAAGGATGCCGCCGGCAACACTTACCTGGAAGCCCGCAATGCCTCCGTCACGGCGGAAGACATCAGCGAACCTCTCACCTGGATTTCCGCCGACAGGATACGAGTGTATCCGGAAGACAGGTTTTCTTTCAAGAACCTGACCCTTTATTACGGTGGCGTTCCCTTCTTTTATTTCCCCTACCTCAGCCATTCCCTTAATCCGGAAGTTGGCTATCTTCCCATCCCCGGCATGCGCTCCATCTGGGGGCCTTACCTCCTGAATGAATACGGGTTCCTGATGGGGAAAAAATGGTCGGACAACGGCATGCCTTCCGCGGATTACCTGGGAACCCTGCATGCAGATTACCGCACCCGGCGCGGTTTCGCCTACGGATTGGACATCCGCGACGTGCTGCTGGAAAAGGTTTGTCCGGACATGACGGGGCTGTCCTTTTACAAAACCCATGACAAGGGGGTGAAAATCAACGCCGGTGATGATGAGTATCGTGAGCATCTGGACCCGGACCGGTGGAGGTTCGCGCTCCAGCAGATGTGGAGCCACAGGGTGAATCTCCGCACGGACTGGCGGTTGAAGGCCAACATCAACATGTTGAGCGACGAGTACATGCTCCGCGATTTTTATCCGGAAATTTATCAGCGCAATTCTTCTCCGGACAACACGGTGCTTCTTTCCCGTACGGACGATACGAATGATTTTTCACTGTTGCAGCGTTTTGTCCCCAATAATTTCTACATAGCGGACCAGCGGACGGAGTTCAGTTATGAGCGTATCAAGTCCCCCGTATTCCGTTCCCCCGTCATGTATGAAAGCCGCACCAGCTTCGCTTTCCTCAAGCAGTACGTTCCTCCGTTCATGCGGACGGAAATCCGGAACATGCTGGACGGGAT
CP137887.1_gap48	1843534	1847719	4185	AAGCAGAAGAGGAATAGATCAATTTTTACGCCTGTGTTGGAAAGAAGATCCTGTAGAAGGGTTGGCAAATTTCTTCCTACATGAAGATCAGCCAAATAAAGACAGTCAACTTTTGTTTGCTTTTAAAAAAACTCATATAGAAAATCTTCAGGAACAATTTAAACTCTTTATTTTAGAGAATCATCCTATTTCAGAATCCGCACTCTATGATAAATGTTGTGATTTATGGATGCTCCCAGAACATTGTGAACCCGTATTGAAAAAGCTAAAGGACAATAAAATTCTGCAATGCTCTTTTAGAAGACCTCAGCCAAATCAAGATAGAGAAATCACATATTTTTCATAAGTGACCCTTTTAGATACTCTTTTCAGTATCCTTTACCCCTCTGACATCCAAAAAATAATTTTCTTGTGATCCAATCAATTGAGTACGGTGAATCTCTCCTAAGCAATGCAGACTGTTAAAAAGGCTGATTTTTCCATTCGGACAGCGTTCATTGAAACTCTCCTTTCTTCTCGTATCTTCAACATCACTTATGCGAATACGAGATTTAATCAGACGGTTACGAGATGCTGGATTCATTCTGCAGCAAGGACAAGGACGGGGTTCCCATCGTGTATACGATCATCCTCATGGACAGACGGTAACTATCCCGGGCCACGATAATGACAATGCCCCCCACTATCTTATAGCGCAGGTACGGCGTGCTATTGAAGCTGCAGGTGGAACCTGGGAAGATTAACACCTCCCCCTATTATATTCAGGAGCTGCCTTTATCGGGGCAGCTCCTTTTTGTTGGATACAACCCCTCAATAACAATTCCAGTATACATTTTTACATAATAATACTGAAACAATGATTTAGGAGTTGCTTGTTCTGAGAAAAGAGGCTATTATTTGGCCTCTTTACGTTAGAATGCTTCGCCCCTTGGTCTCCGGGCCAGGGGCTTTTATTTTCTTTTGATATACGTCTTATTCCCGTTCTTGTTAATGTAATACCTTCCTCCACGCGGTCCCGTGTAAATAATGCGTCCTTTGGAATCGGTACTCGTGCTTGGAGAAAACACATGATGATAAATGGAATTATGCCTGGGACTCGAATATGATCTTCTAGGGGAAGAAGATGTCTTTACTGGCCCAGGAAAAGGATCATAAGTCAGTTCAGACTTCCTGACTTTCACCTTGGGCATCTTCCAGCACAGGCCGCAATAATCTGCCGTTCCAAGATTATTAAACGCTCCCATCCCCACACCATAATACCGACATCCGGGAAGGTGCGTTTTTCCCGTTGAGCTGATCCAATAAGTAACTATCCTTTTATTATCCTGGGAAGGCTCCTTACCCCTCTCTCCTTCTCTCCATTCCCAAGGGGGAATCGCATTCTCCTCTGCCCATAATCCTTTCTGCTCCTTCTTCGCTGAAGCTTCCAACCTCTCAAGCTCCCGGCTATCGAAATATTTTTTGTCGTACCATGCCCACCCCTCTTTGACCATTTCATAATTCACGAACGTCCCCCCATACAATACCAGCCCCAAAATAACTCCGTTCTTGTCACGCCCCGAATATTGAACCGTGACCATTTCACCCCATATCAACTTCTCCAAAAAATATTTAGCCCCGCTGTAGCCATACTGCCCTTTTTCAGGAGCATCAACTCCCTTCAAACGAACTCTGTAAGCTTGTTTTTGTTCTGGAGTCTTCTCCAAAACAGTAATTGTATCGCCATTAATCACATTGATGACAAAGCCCCTAAAGCTTTCACCATAAGAAATGCAAATGCTGGCTAAAAAGAAAAACAGCAACCTCACGGAAAAGGCGATACCACGGCCCCCTCTAACAAACAACGATAAACTACAGGTGAAAAATGTAAATAAATGTTGGAAATAATCCTTTCATAATGCTTTTGAAAGAGTTAAGCAAATTATTTACAACTCTCTATATTTCATGGTATTATGAATTCGCATGAAACTATTCTCTCTCATTTTAGCTGTTATTTCCCTCACTTCATTCTCAGGCGCGCACCCTGGCGGCCTGGATGCCAACGGTGGTCACTACAACCGCAAAACAGGGGAATACCACTACCACCGGAAACCAGCGGCCAAGCCAACAGCGGAAGAAAAAGCGTACTGGATCAGCTCAACGGGCAAGACCCATAACAAAAACTGCCGGTACTACCGGGCTTGCAAAGGGCGAGCCAGCGATACGCCCAGCGGTGTGAATTGCAAGATTTGTGGAGGAGCTAGTAAATATTCCATTCTATGAAGATTCTATATGTGATATTTGCGGTGTGGGTATTTATTTCGGGAGTCTCATTTGCTCGAACCGAATGTTCTGTAAAAAGTGACAAAATATTAAATATACATTTTTTGAACGAATGTGATTTTAAAATACACTTGCATGTCTCAAGTGATGAATGGCATAGATTGGTGATTTTTATACTTCCAAAAGATAAAATTAAAAAAAATATTTATCCTAGATTTGTTACACAATATTTTTCAAACAAAGATGCAATCAATATAGCAAAAAGTTTAGAAAAATGCGCAAAATGGGCCGATATAGTGGAAGATAGTGAATTAGCAACAAATAAATTTGTTGCCTCTTACTATGCTCCATTAGAAAAAAATCCAAGAAAGTATTCGTTTGATATTTATTTTATATCCATGTTGAATGAATCTAAATCTATGATAGATGTGCTTGGAAAAACAAGTTCCCATGTTCAGTTGTTTTTTAATGATCCAGGGACAGGCAAATTTTCAATTAGAATGTCAATTGAAGATGCAAAAGAGCTTGCTTCTATGTTTAGAGCAGTTCCAAATTTGGAGAAGCAAGCAAAAGAAAAAGTTGTTAAAGCAGACACTATCCTTAAATAGTCGCACTTGTATATACTGGATAAGATACTTTAACTACTTCCGGTTCCCAACCCACTTATCCCAATCCGCTCCGTTCTCCTGAACGCTGCGGACTGTTTTAAGGGCAAACTCCGTCACATTCAGCAACGCTGCCATCGTCAGGGCAGCCCCTACCGTAGCGGCCCCCCCCTTGGTCGTCCGCGGAGAAAACGCTACCGTCCCCGCCGCCGCAGTACGTAAAAGCTCGTGGAAAGAAAGGGCGTCATCCTCCCAGGGTCGTTCCTTGCCGTCAAACACCTTCCAGGCGTTGGAAAACGCCTTCCCGATATCCGCCGCATTGGAAAAAGGCACCAGCAAATTATTCCCCGGCATAAAAGCATGATACCCGCACAGTTTCGCAAGCTGCCTCACCCCCTCGCCAGCCAGCCCGCTCACGACAGGGATCCCCATCACGGGCCCCATCACCACATCAAACAGGGCGTGCCACCACTCCCGCTTCCGGCGGCGCTTCTCGTCATCGGTCATGAAATTAAGCAGCCCATTCAGAAGGGCCAGCACCACCCCGTGAGAAACCCACATCAACCCGGCCTTCCCCCATTGCCCGCTGCGGGCCAGGGAAAACACATTGCCCATCGTATTGATCGACTCGCCGCCCAGGAACAACATCCCCGCCTGCATCCAGGTCCGGTGCTGCGCGGCCAGGGACTTCTGCAACTGCGTCATCGGCTGACCCTTGCGGGACAGGGAGCGCCGCACCTCCGCCATGGCGGCCGCGTCAATCTCGGCCTCCGCAGCGTCCGGCGTCTCACGCTTCATCTTCCGGTAAACCGCATCGTACAAAATAGCCGCGGAAATCGCATTCCCCTTCATATCCACCCGTTCCAGCAAATCCATCCCCTCCCGGTTCCAGCGTTCCAGGCGGGACACCCGGCGCCCGGCCTCATCGGCCCCCATGGCAGCCAGCGTGGCGCTGAACCGCGTCTTGTCGCGGCTGTCCAGCTCCGGCAGGGCCTCTATCTCGCGTACAGGCTTCACCAGCTTCCCGGCGTGATACCGGCGGACGGCCCCCAGCCACTCGGCAAGGCCAATCTCGTCGGAAGCATACATCGCGTTAATCACCGTCGTCACCTGCTTGGTCAGCGTCCCCACGCGCCCGGCCAGCAGCACCCGCGCCGCCGCGCCGGAAAGCCGGTTCATCAGGCGGTTCATATCCAGGTGCCCGCGAATACTCTCCGCCCCGGCGCGGTCAAACGCATCCGCCCAGGCCATCAGCTTGCCCACGGCATCCCGCCCCAGCAGCACCTCCAGGCTCCGGCCCGCCTCGCCGTCCTCGCCC
CP137887.1_gap49	1881106	1885878	4772	CTGAAACTGCGCATTGCCGCGCCTCCCGTGGAGGGAAAGGCGAACAAGGCCGTCGTCCTTTTCCTGTCCGCTTGGCTGGATATTCCCCGTTCCTCCATCAGCCTGCTGCGCGGGGAATCCTCCCGGCTGAAAGTGGTGGAATTGCCGGACGGATGCGAAGGAAAACTTGCCCGGCTGCTTTCTGCGGAGGATGTTTCCGGTGCTTAGGAAAGCCGGGCGGAAGGCAGGCATTTTCTTTATGGGTAGAAGGGTTGCATCAGGCGCGGTCCATTACGCGTCAAACGTCATCCATGTCTTAGCAGGCCGTTGACGCATCCGGTAAAAGAATTTACATTGCCCGCATGAGCGACGAAGAGAAAGAGAAAAACGCGGAAGCGGAAGAGCTGGAGGCTCAGGAACAGGTGCAGGATGCTCCTGCCGAGGAGAAGGTGGCGGAACCTTCCCTGGAAGAGGAATTGCTTAAATGGCGGGATGCCGCCATGCGCACTGCTGCGGAATATGATAACTACCGCAAGCGCATGGTGAAGGAAAAGGAGGAATGCGCCAAGTTCGCCAATCAGCGCCTGCTGGAAGAACTTCTACCCGTCATTGATAATTTTGAAATGGGCATGGCCGCCGCCAGCGCAGATGCCTCCTCCATGATTTACATCGGCATGAGCATGGTGAAGAAGCAGCTGGACGAATTTCTCGCCGGCAATGGCGTGAGCGCCGTGGAGCCTGTGGTGGGAAGCATGTTTGACCACGCCACGGAGGAAGCTCTTCAGCGGGAACCCTCCGACCAGCCGGAAGGCACCGTTCTGCGCGTTATCCGCAAGGGGTATATGCTGAAAGACAGGCTTCTGCGCCCGGCGAACGTGGTTGTCGCCCATACTCCGGATCCCGAACCGCAAGTCTGACCGTTTTTTTAACATTCACGCCACATGGCTAAAAAAGATTATTACGAAATTCTCGGCGTTTCCAAGGACGCTACTGACGATGAGATTAAGAAGGCCTATCGCAAGCTGGCCTTAAAGTACCATCCGGACCGCAACCCGGACGACCCGTCCGCAGAAGAAAAGTTCAAGGAGCTGGGAGAGGCCTATGAGGTGCTTTCCGATGCGGACAAGAGGGCTGCCTACGACCGCTTCGGCCATGCCGCCTTTGAACAGGGCGGCCCCGCTGCGGGCGGCGGTTATGCCGGGGGAGGGTTCCAGGATCCGATGGATATTTTCGCCCAGATGTTTTCCGGAATGGGCGGTTTTGCGGATATGTTCGGAGGCGCCGGCCGCGGCGGCCAGAAAAGGTCCACCAAGAGACCCGGTTCCGATTTGCGCTATGATTTGGACATCACGCTGGAAGAGGCTGCGAAGGGATGCACCAAGAAGCTTGAGATTGAGCGTCTGGTGACTTGCAAGACCTGCCACGGCACCGGGGCCAGGGATGGAAAGGAAGCGTTCAAGTCCTGTCCTACCTGCCAGGGGCGCGGCATCATTACCCAGCAGAGCGGCTTTTTCGTCCAGCAGTCCACCTGCCCCACCTGCCACGGCACCGGGGAAATCATCTCGGACCCATGCCCCGTCTGCCGCGGGGAAGGGCGCGTCAGGGAGGATTCCCACATCACCATCCGTATTCCTGCGGGCGTTGCCACGGGCAGCCAGCTCCGCATCGCCGGGGAAGGGGATGCCGGGGTGCATGGCGGCCCTACCGGGGATCTGCACGTGTTTATTGACGTCAAACCGCACGATATTTTCCAGAGGGAGGGCAACGACCTGAGCTGCACGGTTCCGGTTCCGCTTTCCCTGGCTGTTTCCGGCGGCAGGCTGAAGGTGCCCACGCTGGAAGGCGCGGCCACCATCAAGCTGCCGGAAGGAACGCAGAACGGCATGATCTTCCGTCTGCGCGGCAAGGGGGTAAAGGCCCTTCGCAGTTCGGACGTGGGGGATATGCTGGTGGAGGTGGAGGTGGAAATCCCCTCCCGGCTTACCAAGGAGCAGATGGATAAGCTGAACGCGTTTGCCTCTGCCCTGGATGAAAATCGGAACCAGCCGGCTTGCGTGGAGTTTGCCGACAAGGCGGCGCGTTACCTGAAGGGCAAATAAGGTCCGTTTCCCTTTTTCAGACATGGCCCGCTTTTTCCTCCCGCCTTCCGAATGGGCTGCTCCCGCCTGGGAGCTGCGAGGGGATGAAGCGCACCATGCCGCCAGGGTTCTGCGCCTGAAGCAGGGTGACTCCTGCATCGTGTTTGACGGTTGCGGCCGTGCGGCCCACGCTGTGGTGGCGGAACCTCCGCGCAGCTCCGGCGTGCTGCTGGTTCCGGGGGAGGAATGTCCTCCTTCTCCCCCCGTGGCCCATTTGACGCTGTGCCAGGCTGTTCCCAAGGGGGCCAACATGGATCTCATTATCCAAAAGTCTGTGGAACTGGGTGTTTCTGCCATTGTTCCGCTCGTGACGGACCGCACGATCGTGCGCCTGAATGCCCGGGAGGCTGAGGCCAAAAGGCAGAAATGGCAGCGCATCGCCTTGGAGGCCTGCAAGCAGTGCGGCCAGAACACGCTGCCGGAAGTGGCGCTTCCCGTTCCCTTTGCGGAATGGCTGCGCGGAGGAATTCCGGAAGGACTGAATATTATCGCCTCTCTGGCGCCCGGAGTGCGACCGGTCAGGGAAGTGCTGGAGACCGCCCGTTCCCGTTCCGTCCGTCACGCTTCTCTGCTGGTGGGGCCGGAGGGGGATTTTACGGACCGGGAGACGGCCATGGCGTTGGAAGCGGGGTTTGTTCCCGTCACGCTTGGCCCTATCGTTCTCCGGGTGGAGACGGCCGCCTTTTTCGGCCTGGCCGCCATGCGGTACGCCCTGGACTGAGTTTTTTTCATACGCATTCCCATGTTTAAAAATATCATTTTCGACTGGTCCGGCACCCTGGTGGACGACCTGGCCCTGACGCTGGACGCCTCCAACTACGTTTTTTCCCAATACGGGAAACCCTGCATGAACAGGGATGAATTTCGCGCGGAATTCCAGCTTCCCTATCCGGACTATTATGCCCGGGTGCTGCCCCACGCGGATCTGGATGAACTGGAAGACCATTTCCGGTACGCCTTCCGCGTTTCCAATGCTCCGGTGGAAGTGCTGCCGAATGCCCGGGAATTCCTGGAGTTCTGCCGCGCGCGCGGCGTGCGCTGCTTTATTCTTACCAGCGTGGACGCCAAGGAGTTTGATACCCAATGCAGGGAGCTGGGCATGATGGAATATTTTGAAGCCATTCATGCGGGCATCCGCCATAAGGATGCCCACATTCATACCCTGCTGGCCCAGCACGGGCTGCATGCCCATGAAACCGCGTTTATCGGGGACATGCAGCATGATGTGGAAACGGCTCACCACGCGGGCATCACATCCATTGCCGTTTTGACCGGCTACAATGACGCAGCGCAGCTTTCCAAGGCTAGGCCGGACATGATCGTCCCGGACCTGCTTGTTCTGCGCACGCTGATGCGCCGTTACGCGCTCCCTTCCGATACGCAGGATTCCATCAATATCAATGGTCTTGAACTGGATACCTTCATTGGCGTTCCGGACGAGGAGCGCTCTTCCATGCAGACCCTGAAAGCGGACATCTCTTTTTATCCGGAGGAGGCTTTGTCCGGCCTGAACGATGATTTTTCCAGAACCGTCTGTTATGATTCCATTGCCCGTGCGCTCCGGGCAGAGGCCATGGCGCGTCCACGCAAGCTGGTGGAAACGCTGGCAGAGGATATGGGAAAGGTTTGCCTGAAGGAATTCGGCGCGCGGCACGTGGTTGTTACCCTGCGCAAGTTTATTCTGCCGCGGACGGACAGCGTTTCCGTAACGGTGCATGTTTCCCGGCACCGGTAAGAAAGAGGTTTTCTACCGGATATCCACCGCCTTTTCCTCAGGGATTTTCTTCCCGTCTTTGGTGAAAGTGTTTTTCTCCGCCTTGACGTCACCGGTATGGCGAATGCGGATGGCGGTTCCGTTTTTGAGGTCAAACGTGTTTCCGGTAATGGTGATGTTCCGGTGAACGTCCCCTTCCGGCCGTGGAGCGTGCGGCACGATCTGGATGACGGCTTCTCCGCATTGGATAAAGGTATTGCGGGAAATGGTCATGTTCCTGACCACGCCGGATTCATACCAGCCGGAGGCGTCATCTTCCACCAGGATGGCGGGCATGCCCGTTTTTTCAAACCGGCACCGTTCAACCAGCACCGGCTTCCTGGTGGTGAGCAGGAAGCCCCTGGTGGGAATGTGGCGGCATACCGTATTGCTGATGTGGACGGACGGCGTCCATGTGACGTTTTCCACAACATCGTCAGGCTGGATGTTCCCGGGATTGGGATGTTGCAATGTAAGTTCTATTTCCTTTTCATTGAGTTGTTTGACGCCGGAAACGGTATTGGATGCATAAGGTACCAGCGTGTTGCAGGAAACATAATCGATCCGGTCTCCTGCGGCAAAGGCGTCAAAGCCGAAGGTCTGGGGATGCATGAACCGGACGGTGATTTTGTTGGGGGCCGGCCTGTCTATAATGCGCAAGTGGGTTCCATGAACATTAACGGCGTCATCATGGGAGGCTCCCAGCACGCAATCTTTGACGATGATTTTTCCCCGGCATCCGGAAAAGTGCAGATTATCCGCCCAGGAGGAATTGGTGCGGAGGGAACGGGGGCGCGGGGCTATTTTCAAGTGGCTGAACATGATGTTCTCGCAGAACTGGGAAACGACGCCCATGCCGTGCATATAGTAAATATGGCAGTTATTCCAGAGGATGTTTTTGC
CP137887.1_gap50	1887059	1888255	1196	TGGTAAATGAGTGCCATGGCCTGTGCCGGAATAAGGGCGGCTTTGTCTTCCGGGCTGAGAAGGTTGTATTCTCTCTCCGCTTCCGCAAAGAAAGTTTCCGCCAGATCCGCTTCATATTTCAGCAGCTCCTGAAGCCGGGGGGAATACACCCTGCAGCGCAGGTCTTCCAGGGTGTATCCAAAGCGGTCCATATCCTCCTTGGGCAAATAAATGCGGTTGGACTTGCCGCAGTCTTCCGCCACGTCCCGGATGATGTTCACCATTTGAAGGGCATGTCCCAGGGCAATGGCGTACGGATAGGAGGCTTCTCCCGCCCCCATGATGCGGGCGGAGGTGAGGCCCACGCAGCAGGCTACGCAGTAGGTGTAGTCCAGCAGTTCATCGCGGCTGCGGGGCTGCTGCTGGCAGATGTCCGAACGGCAGCCTTCAATCAGGTGCAGCATGGGAGTGGTGTCCAGCTCCAAATCCTGGATGAGGGCTATGATGTCCTCCTCCAGTTCCGTCAGTTCCAGGCCTTCTCCGCCGTTGATGACCTCCACCCAGCGGTTCAATGCGTCGTGGCGTTCGCGGGGAGTCATGCCCGGTTCGTCCACGATATCGTCCACCGTGCGGCAGAAAGCGTAAAATTCCGCCATATGGCGGCGTTCTTCTTCAGGAAGATCAATAAGGGCAAAGGCCAGGTTGGACTTGGCCTTGCTGGTGATGGTTTGGGCTTGAGTCATGTCTTGACGGAAAAAACGTGCCTGCGAAAGGGATAAGAAATCATGGAATAAGGCCCCAGTGGGAAGTAAAGGGCCACAGGCAGAAGCTGGCGGGGCCTACGATGTTGTACTGGCGGACGGGGCCCCAGTACCGGGAATCAAAGGAATTTTCGCGGGTGGAATTGTCCCCCAGCGCCACGTATTCACGCAGACAGGGGCGTTTGCTGTCGTTGGACAGATGCACGGTTCCCCCTTCCGTGATGTAAGCTCTGCCGTCCAGCAGGCTCAGGGGGGCGGGAAGGGCCACGTAGCCGCAGGGCTGGTAGGGGGGCTTGCCGGAAGCGACCCTCTGGATAGTCCATTCCGTGGCTGGTTTCCCATTGACGATTAGCTGGGAGTCCTGAATGGATAGGGTATCTCCCGGAATGCCGCAGAGGCGTTTGACGTAGTGGGTTCCTCCTTCCTGGCCGGTGCTGCTTCCCTTATTGGCGATGC
CP137887.1_gap51	2041378	2042329	951	CTATTTCTTGCTTGAACGCCGGAATGGCTTCTTCTTCATTCAGGCAGGGAACGATCAGGGAAATACGTTTCATGTCAGTGCCCGAATCATACTTCAGAAGCCGTGCAGATGCCAGAAAATATGCACAAAGCCTTCCTCCGCCGGAAGGGGAGGAAGGCTGCCGGAAAAGAAGCCGTGCGCGGAAAAATACCGGTAAGGTCAAAACTTCGGCAGGTTGCCGATGTCATCTTCGTTTTCAGGGGCGTGCGGGTCTTTCAAATCACTGTCCCCGTCTTTTCCGAAAGACCAGAAATCATAATCCGGATTCAGGCCGTTGCCCATTTTCAGGTTTCTGGCCCTGTCGGTTCTGGTGGGGATGGACTGCTCGCTGCCCAGGCGGTAGCGGTAGGGGGAACCCCATGGATCCGCAAGAATATAAAGGGTAACCGGCCTGCCGTCCTTGCTTTTCACATGGACTTCCCGGACAGTCGGGTTGCTTTTGGGCTGCGTAGAGGGGTTCAACTCATCATTGTAAATGGTTGTATCCCTGGAAGGAACACCCTCATTCTTATGGTCGCCGAACAGAGCCATGTAAACCACGTTGGAACTGTATTCCTCCCCGTTGGCCACGGCTACGCCGTGATTGTTGAAGGGAGCTTCCGTGCCGTAGGGGTAGCGGTCATGGTCGCTGTGGTAGCTCTCCAGCCCCATTTCAATTTTGCGGACAATGGATTCCGTAGCCTGTTCGTTCTTTCTGGTTTCAAGCCAGGTGTAAATGGAGATGGTCAGCGTGGCCAGCACCACGATGATCACCATCACTACCAGGATTTCCATGAGGGTGAACCCCTTTGCCTCCCGGAGCCGGCGGTATGCGGAATGATTTTTCATCTGATTCTGCTTGAGGGGTTACCCCATCTTTTCAATAACCTGCAGGAGGGGAAGGAACATGGCGAACACGATGCCGCCCACGAC
CP137887.1_gap52	2050999	2052729	1730	AAAAGCGGGTACCGCAAAGAATGCCACCAGCCGCAACCCCTTGGCGATGTGGACAGCCACCTCTTTTCTGCCGTCTCCCACCATCATGCGGGAAACAGCGGGCAGCACCACCATGCCCGTCGCAACTCCGAAGAGCCCCACGGGAAGCTGCCAGAGGCGGAACGCCGTGGTCAGGGCGGTGACGGAGCCTTTTTGGAGATCCAGAGCGAACCCCGTATTGATGAAGATGGTGAACTGCGTCACGCCTGAAGCCAGCACGGAGGGAAGCATCAGCCCCCAGATTTTGCGCACGCGGGGATCGTTCCATTGGAAATTGGGTTTCCAGCGGAAGCCGGTTTTGCTGAGTTTGGGGAGCTGCACGGCAATCTGGGCCATGCCCCCGATGGTGACGCCGCAGGCAAAACCGTACAAAGCTTTGGGGCCGAAGGATGGATCAATGAAATATCCAATCAGCAGGCCGAGCAGGATGGAAGTAACGTTGAAAGCGGCGGAGGCCAGCATGGGCAATCCGAAAACCCCCACCATGTTCAGCGCCCCCATGATGAGGGCGGACAGGGAGGCGAATCCGATGAAAGGCCACATGATGCGGCTCAGGTCCGTGGCGAACAATTGCTCCGCCAGAGAGTGATCCCCGCTGTAGAGGGCTTCCATGACGGGCCCTGCAAATAGAATCCCCAGCGTTACAATGGCGATCATCAGGGCGGAAAGCTGGGTAGCTACCTTGTTGGTCAGTTCCCACGCGGCTTCGTCTCCCTGCGCTTCCCGCGTTTTGGAGGCTACGCTGGTATAGGATTGGGAAAGAGCCCCTTCCGCGAACAGATCCCTTAACAGGTTGGGGATACGGAAAGCCGTGTAAAAGGCGTCCAGGGCTCCCGTGGCCCCGAACAGGGAGGTGTACACAATTTCCCTGGCCATGCCTGTCAGGCGGCAGGCGAAGATGGCGCCTGAGGCAACCAGGCTGTTCCGCATCAGGGACATGAAGGGGGGGGAATTTACTTGAACAGCTGGCGGCAATACGGCTCCACCCGTTTCATTGCCGGGTTGTCCTTGACAGCCTGGTCGCGATCATCCCGGCAGGGGAAAAGGTACAGGGCGTATCCCCCGTAGCCGCCTCCCAGGTATTTTTTTGCAAGGGCATTGGGAATTTCCGGAAGGGGGCGCATTCCTTCGTCAAGCTGCACGCTGTAGTACAGGGCTACGCCTGCCGCCAGAGTATTGATGTTGCGTTCCAGCACTCCGGTGCGGGCAATGAGGGAGGATTGGGAGATGCGTACGTAGTCCCGTTGTTCATCCGCCATCTTTGGGGTGTCGTGTTCTTCGCCCGTGTATAGAATGGCCATTCTTCCTTCCAGGAAGTCGCCCGTGCCTTTGACGTCCAGTACCGGAGAACTGCCGGAACGCCATACGCACAACCCTGTTTCCGCAATGACGGCAGGATCCTGCCAGCCGACGCCCAGAGCGAGTTCGGACGCGACCGGATCGCGCCCTTCCAGCATGGCCCACGCGCCGCTGCCTCCCAGCCCGGAGCGTTTTTCATACGGCCATTCGCAGAGGGAAACCATGGGGGTGATGGCGCAGTTGACCACATAGGAGCCTTTTCTGGCGTAGCGGGGCACGTCCAGCCATCCCCCGGCAAAGTCCACGCGAAGCGGTACGGCGGACGGAGCCTTGATGCGGTTCACCAGCATGGTGGTGGAGACGGGAGTGAATTTGGGGGGCGTCTTGGGGAG
CP137887.1_gap53	2065479	2070330	4851	GAAAACCGATATAGCCGTCGTCAAAATTCATGGCGCAAAAGTAGGTGCCGGGAACGGATGTTTTGGCTTTCACTACATTGTACAGGGCGCTTGCCTGGGAGGGATGCCCCTGCTGGTTGATATGGACGGAACGGCACTGGCGCTTGGCCAGCAGTTCCGGGTCCTGCGCATGAAGGATGGTTCCGGAGAACAGGGCGGCGCAAATGACGGCGGCGGAGGATAAAAGACGCATGGTTTTGAATGATTGATGGTTGTCTGATTTGATGCCCGGAGGGTGGGGGACAGGCAAATAATTAGGACAGGCTAATTACGTTTGGCCTGGGGGAAATCTCGCAGGCAGGCCGCACTTTTTTCAAAATTTTTCCGGCATGAATGTGATAAAAGAAATACTTGGCTCAGGCTGGTTGCTCAAGATTCTGAAACGGCTGAAACCGTAAGTCCGGAAGGCCGGGCAACCGCACTCTCTCCTTCCCCTTCCCGCTTTCAGTCAGCCGACGCGGAACATACAGCTTTGCCTGAATGGGGAAGGCCGTTCTGCGAAAAATTCGGGAAACAGCCTTCGGAAGAATGGGGGAAAAGGACGCGTTTGTTACCGGATGGGGTTCAGGAACAGGGGCATCAGGCCCCCCAGCACGATGAAGATGGAAAACGCGGCCAGCATGACTCCGGAAATGGCCGGTACCTGCACAGGTTCTGCGTTTTCTGCGGGCTTGTCCCAGTACATGGAGCGGATGACCTTGAAGTAATAGTAAAACCCGGATGCTGCGCAGACGATCATGACGGGGAGCATCCAACCCAGATACAGACCCGTATTGATGACGTGCACGAAAGAAATCATTTTGGCGAAAAATCCGGCCGTCAGCGGCACGCCCGCCAGGGAGGCGAACATGATGGTGACCGCCAGCGCCAGCCGGGGATTGGTTTTGCCCAGACCGCGGAACGCGGAAATTTCCTCGCTCCCGCGCTGGATGCGGATCATGGCAAGGGCGAAAAAGGCGCCGAAGGTCATGACCAGGTACACAGCCAGGTAGAACGGGGCGTTCGGAGCCAACTGGCCGTCCACAGTACCGATAAACAGGGGCAGAATGAAGCCTGCCTGTGCAATGGAAGAATACCCCATCATGCGTTTCAGGTTCGTCTGGGGAATGGCGCCCAGGTTGCCCACCAGCAGGGTGGCGGCGGCCATCAGGGCTACGACGAATTCGACGGGAGGCAGCACGGCGAATGGGGCCAGGATGATGCCGAGCAGGGCGAATCCGGCTACCTTGGAGGCTACGGAAAGGAAAGCTGTCACCGGAGTGGGAGCTCCCTGGTACACATCCGGAATCCACAGCTGCATGGGAACTGCGCCGATTTTGAATGCTGTACCGAGCAGCAGCATGGCGAGGGCCAGGTACATGGCGGGGGCTGTCTGGCCGGCCAGGGCGTGGCTGACGATCGTTTCATTATAAATGAATGTTCCCGTAATGCCGAAATACCAGGCCAGGCCGAAAACGAGAAACCCCGTGCTGACGGCGCCCAGAATCAGGTACTTGATGCCCGCTTCCGTGGAACCCAGGTTCCGCCGGAAGTAGCCTACCATGATGAAGGAACTCAGGGTGAGCACTTCCAGGGAGACGAACAGTTCCACCAGGTTGGATGCCTTGCACAGGGAGGTGATGCCTACGCAGGCCAGCAGGGGCAGGATGTAGAATTCCCCCGTTCCGTCCTGGGATTTGGAATCATTGGAGGAAAGGTTGATGACGGCCCGGAAATCTACGGAAAGCAACAGGGTGACTGCTGTGGCGACGAGCGCCAGGATGATGTAGATGTTGTCATAGAGCCCTTCCATGTAGAAGGGAAGCATCGCCAGGGTTCCCGCCGCGCCAATCAGCCCGAAAATAAATTTGGGCGTTTTTTTGCAGAAGGTCTCCGCCAGAAGCAAAAGCATTGCCAGGCCGGCCAGGATGAATTCCGGAATATACGCTTGCATGGGTAAAAGAGAATCAGGTTAGACTAGGATTGTATTCGGAAGGGAGGAAATCAGGAGAAAAACTGGAGCACCAGCGTGGGGAAGAAGCCGAAGACCGCCAGGGCGATGACCAGGAAGCAGTTGGCCGCCCGTTCGGAGGGCTGCAGTCCCGTGGCGTAGGCGGAGGCTTTGGACAAATCTCCCTGGAAAATATTGCGGTAGGCCCTCAGCATGTATACCGCGCCGATGACCAGTCCCCAGAGGCACAGGATGGTGGCGATTTGAACGGGGCCGAAGCCGTTGCTGAAACCGGCGAAACCGGAGAAGAAGACCATGAATTCCCCCGGGAAATTGGCGAGGCCGGGGAGGCCGATGGAAGCCATGCCCGCCAGGCCGAAAACGAAAGCCATGCGCGGCAGCCTGGTGCTCAGTCCGCCCAGAGAGTTGATTTCCAATGTGCCTGTTTGCTTTTCAATCTGCCCGCAGAGCAGAAAGAGAAGGGCGATTGTCAGGCCATGGGCCAGCATCAGCAGAGCAGCCCCTTTCAGCGCCCAGGGATTGGCTTCCGCGGAACCGGAAACTACCAGGGCGGCGAAAGCCAGGAAGATATAGCCCATGTGCATCACGGAAGAGTTGCCCAGCAGCAGGTCCAGCCTTTTCTGGTTGACGGTCACGTACCCCACCCAAATGACATTGCAGACGAGCAGGACCAGCAGGATATTCGTCCAGGGAAGGAATCCTGTTTCCATCAGCGGCTGGAACATGAAGAGCCCGTACAGGCCAAATTTCTTAAGTACTCCGGCATGCATCATCGCTACTGGAGCGGGAGCGGATGCGTATGCGGGGGCTGCCCAGGAATGGAAGGGGAAGAGGGAAATCAGCGTGCCGAACCCGGCGATGAGCAGGGCCCCGATGAGTTCCGCGTGGGCAAGTTCGCGCCCGCTGGCCATGAAGTCTTTCAGGCCGGAGAAGGTGAAGCCAGCCTGCGTGCCGATCATCAGCAGGGCTGCCAGCAGCACCATGGAGGCAAGCCCCAAGTAAAGCGTGGCGCGCCAGGCCGTGGTGCGGCGGTCGCCGCGTCCATACAGGCCGATCATCACGAAGGTGGGGATAAGAGCCAGTTCATGGAAGGCGAAGAAGGAGATTATGTTGTCGGACAGGAACGCCCCGGTGGCGCCTGCGGAAATCAGAAGGGCGGAGTTGTACCAGGAAGCTTCCCCCCCCTGGGGCGGGTTGGTGCCCAACACGGTGGCGAAGGTAACCAGGATGGTCAGCAGCAGCATTACTTTGGACAGGGCCGGAGCCAACGTGAGCTGGAGGTCCATCCCTTCAAAACGGGACCAGCAGGAAGAACAGCCGTCAAAGCTAACCAGGGCCCAGATGCCGAGGGCCAGCGTCAGGGAGGCGCTGAGCAGGGCTGTCGGGCGTGCGGGCGCCTTGCACAGACCGATGAGGGCCGCGGCAATCAGAGGAATGAGAACAAGCCAGATAAGCATGGTATGTGATTGGTTGGTTAGGTTAGCAGGAATAGAAGACGATAAAGTAGATGACCAGGAGCAGGCCAATGCCGAAGAGGGCCGTATAGGCGGCCATGTTGCCGGACTGCAGGCGGCGCAGCAGGGAGCCTATGGCGGCGGTCAACCGCGCCAGTCCGCCAACGATGAGGCCGGAGATGATGAACTGGTCCATAAAGTCGATGATGGCGGCCAGAACGCCCTGGACTCCCCTGACCAGCACTTTATCATAGAACAGATCAATATAAAGGCGGTTGGCGAGAGCCCGGGAAACGGCATTGCCGGAGAGTTTGTCAGAAGCCGGGGAACCTGCGTAGAAGGCAGCCGCCAGCAGGATTCCGAGCACCAGCGCCCCCATGGAGACGTAGAAGGGCATGCCCATGTGGAAGCTTTCGGAAACGAATCCGTTGAAAGGAACCAGCCTGTCTGCGATGAACCCGTAGCCGGAGATGAGAGCCAGGACAGCCAGAATCAGCAGGGGCACCAGCATGAGGCCGCCAACTTCCGAGGCGTGTTCCGAACTGTGGCTGCGGCTCTTGCCGAAGAAGACCACAAAGATGACACGCATCATATAGAAGGTTGTCAGCAGGGCTACGCCCGCGCCGATCCAGAAGAAGACCGGGTTTTTGCGAAGGGCTGCTTCCAGAATGGCTTCCTTGGAGAAGAAGCCGGACGTGAACGGAATGGCAATCAGCGCCATGGTGGCAATGATGAAGGTGAGGGAGGTCAGCTTCATGCGCTTCATGATGCCGCCCATTTTCCAGATGTCCTGTTCATGGTGGCAGGCGAAGATGATGGCACCGGCGCCCAGGAAGAGCAGAGCCTTGAACCATGCGTGGGTGAAGAGGTGGAACATGGCTGCCTCCCCGGCCAGAAGTCCCAGGGCCATGACCATATAGCCGAGCTGGGAGAGGGTGGAGTAGGCCAGGACGCGTTTGATGTCATTCTGCTGGGTGGCCATGAAGGCGGCGATGACGGCCGTAATGGCTCCGATGCCGGCAATGACATTGCAGGCCAGGGCGGGGAAGGCCTCAATGCCGATGGAGTATTGGACGCGCACCATCATGTAAACGCCGGCGGCTACCATGGTGGCCGCATGGATCAGGGCGGAGACGGGGGTGGGGCCTTCCATGGCGTCCGGAAGCCAGACGTGCAGCGGGAATTGGGCGGATTTGCCCACCGCTCCGCAGAAGAGGCACAGTACCGTAATGTTCAGCAGGTTTTCACTGATTCCTGCGGGTATTTCCATCAGGCTGAAATCCAGCGTGTTGGTCAGCGCCCAGAGAGTCAGAATGCCGATCAGGAAGCCGAAGTCCCCGACGCGGTTGCAGATGAAGGCTTTTTTGGCGGCGTTGGCGGCAGTGTCCCGTGTGTACCAGTGGCCGA
CP137887.1_gap54	2102024	2103588	1564	GGCCATGTCCACGAACAGGTAGGCACCGCAGGCCCTGGCAATCTGGCCCATGCGTTCAAAGTCGATTGTGCGTGAGTAGGCGCTTGCTCCCGCCGTGATCATTTGCGGCTTTACCTCCAGAGCCAGTTTTTCCAAAGCATCATAGTCAATAGCTTCCGTTTCTTGGGATACGCCGTAGTGAACCACATTGTACAGTTTGCCGGAGAAGTTGGCCCGGTGTCCGTGGGTGAGGTGGCCGCCGTGGGAGAGATCCATCGTGAGAATGGTGTCGCCCGGCTTCAGAACAGAGAAGTAAACGGCCATGTTGGCCTGGGAACCGGAGTGGGGCTGCACGTTGGCATGATCCCCGCCGAAAATTTTCAGCACGCGGTCAATGGCGAGCTGTTCCACTTTGTCCACCACCTCGCAACCGCCATACCAGCGCTTGCCGGGATAGCCTTCCGCGTATTTGTTGGTCAGCAGGGAGCCCTGGGCTTCCCGGACGGAGGGAGAGGTGAAATTTTCGGAGGCAATCAGCTCAATGTTGTTGCTTTCCCGGAGTCCTTCCTCCTGGATGAGGCCCGCCAGTTCCGGGTCCGTCCATTGCAGGGGGCTACCGGAGGATTTAACGACGCGGCGTTCATGGCGTCCGCCTTCAAAGTCAGCATGCAGCCAGGCGTCCAGGACGTCTTCCACACTTTCATTGTCCACATAGGCAGAAGCCAAGCAGAGCAGGTTGGAATCATTGTGCTGGCGGGAAAGGGCCGCAGCAGGGGCCGTGCGGCAGAGGGCGGCGCGGACGCCCACCCAGCGGTTGGCGGCAATGCTCATGCCGATGCCGGACCGGCAGATAAGGATGCCGCGGTCGTTGGTGCCGTCAGCAATGCTGCTTGCGACTGCATTGGCGTAGTCGGAATAATCACAGGAATTTTTGGTCATGGTTCCCATGTCGGTCACTTCATGACCCCATGCCTTGAGGAGTTCCGCTACGGTTTCCTTGAGATCGACTCCGGCGTGATCCGTGCCGATGGCAATTTTGTATGTCGTATTCATGGTGGTGCTCATTGCTGACGGGCAAAAATACTGCCTTATTTCCCTCCGGCTGGCAAGCCCCGGATTCATTTCGGGCCGTTCGGGAGGCACGGTTCCCGGAATTGCCCCCGTGAAAAAGAACCCCGGTCCCCTGAATGGGGCCGGGGCGGCAAGGAGGTTCGCGAGGAGCGAGCCGTTATTTTCCGGAGGATTCCAGCTTCAGCATATCCTGGACGATGTTGATGCCTTCGCGGAGTTCCGGATCAAGGCCGGAGGGGTATTCCGGGGAGTCGTCCAGTTCTGCCGTGGGGTCTTCCGCCAGGTGCATGAATTGTTCATTGTCTTTTTCCGGATCCGCCAGGGGCAGCTCCTTGGCGTTGACGTCGTCCAGCGTCAGGCGGTAAATTTTGTATTTGGTAGCGTCTTCCTTGGCCATTTCCGCGAAGCGGATTTTACGTTCCTTGTTGATGGATTTGCGGCGTTCTTCCAGGGCGGAGTTTTCCTGTTCCCGGATTTTCTTGTTCAGGGAAAGCTTGTTGTCCTTGATGCGCTG
CP137887.1_gap55	2106768	2109224	2456	TTTTCCTGCTTTCCGTTTACGGGGATCTGGCCGGGTCCCTGGTTAAACGCAGCCTGGCCATCAAGGATTCCGGTTCCCTGCTGCCGGGGATAGGAGGAATTTTTGATTTGATTGACAGCCCTTCCTTTACCGTGCCGTTTTTCTGGTTTCTGCTGGCCTGCATCGGCTGAATGTCCCCGGCACGAACGGATTCCCTGTAACCCGGTATGGTTTTTTCTTCTCTTCCCATTGAGGAAATCCGCGGAGAATTGATGGAGGCTCTGCGGGTTCCTTCTCCGCGCATTTTGTTGAAAGCTCCTACCGGCTCCGGCAAGTCCACCGGCGTTCCTCCGATGATGGATGACGCCGGTCTGGGAGACCGCGGCCTGATTGTCGTTGTACAGCCCCGGCGGATGGCCGCTCGCCTGCTGGCGCGGCATGTGGCCCGGCTGCGCGGGGTGGAGCTGGGAAAAGAAGTGGGGTATGCGGTGCGTTTTGAACGGTACATTTCCTCCCGCACCCGTATCGCGTACGTGACGGACGGCATGTTGGAGCGCTGGCTGACGGAATGGCCCTCCCTGGAAGGGGTGAGCGCCGTGGTGTTTGATGAGTTCCATGAACGCAGCCTTTCCGGGGATTTATCCCTGGGGCGTGTGCTGGATCTGCAGGAAGGGCCGCGCCGGGATCTGGCCGTGGTCGTGATGTCCGCCACACTGGAGATATCAGGGCTGCGGGAATATATGGGAGGTTCCTGCCGGGTTCTGGAAGCGCAAGGCAGGCAGTATCCCGTGGAAGTCGTTTACCGGGCTCCCCGCCTGGTCAGTGACGGACGCGGCAGGGTGGCTCCTCCCCCCATATGGGAGCAGGCGGCGGATGTTGTGCGGGAGGCGGTGAGGGAGGATGACTGCGGGGATGTGCTGGTATTTATGCCGGGCGTGTATGAGATACGGAAAACGGTGGAGTTGCTGGCAGGAAAGCCGTGGATGAGCGGCCGGGACGTTTTTCCCCTTTACGGGTCTCTGGCGCCGGAGCAGCAGAATTGCGCCGTGGAGCGGGGGGATATCCCCCGTGTCATTGTTTCCACTAATGTGGCGGAAACTTCCCTGACGATTGAGGGAGTGCGTACGGTGGTTGATTCCGGGCTGGTCCGCCGGTCCGGATGGGATCCGTACCGGGGGATGGATACGCTGCATCTGGTGAAGATTTCCAAGGCGTCCGCCGCTCAGCGCGCGGGCCGTGCCGGGCGCGTGGCTCCGGGGCGCTGTTTCCGGCTGTGGAGTGAGGCGGAACAGGCCCGGAAGGAGGATTTTGACCCGCCCGAATGTTTCCGGGTGGATCTGGCCGGAGCCGTTTTGAATTTGGCTGCCTGGGGCGTCACCGTACCGGAAAATTTCCGTTGGCTGGATGTTCCTGCCCCCCTGGTGATGCAGCGGGCCGTGAATTTGTTGGCTGCCCTGGGTGCGACGGAAGAGGACGGAAGCCTGACGGATACGGGAAAAAGGATGACCGCTTTTCCCCTGCCGCCCCGGCTGGCCCGTCTGATGGTGGCCGGCCAGGATGAACAGTGTGCCGTGGAGCTGGCCGCCGTTGCAGCCCTGATGCAGGGAGAAGGTGTTGCGGTAAAGGGGGGGCTGAACGATCATTTGCGCGATTCTGCGGATTACACGGATTTCCAGGCGGAGTGGCGCGCGGTGGAGAAGGCTGTGGATGCCGGTTTTGGGGCGGCGGCGTGTACCCGCTGGGGCATCTCTTCCCGCGGGGCGCGGGAGGCATGGATGGCATACCGGCAGCTTCTGTCCGTCGGCAGCTGGGGAAAAGCCCGGGAAACGCCGGGACCGGATTTTACGGCGGCGCGCCCTGCCGTAGTCCGTGCAATGATTGAGAGTTTTGCGGACCATGTGGGTGTGCGAAATGGCGTGGCAGCCAATACATGCCGCATGGCCGGCGGGGTGGGCGGCAGGCTGGCGGAAGGAAGCGTGGTGTTTCAAGGAGAGCATTTCGTAGCCGCAGAGGTGGCGGAATTGTCCGGAAAGGCGGTGGAAACCCGTGTGGGACGCTGTACGCTTATTGCGCCGGAAGATTTGCGTTCCATTTGGCCGGAGCGTTTTTCCTGCGGGGAGGAAGCCGTCTTCGATGCCGCTTTGCGGCGCGTGCGTCTGCACCGGAAGCTGATGTATGGAGATCTGGTGCTGGAGGATCGTGACCGCGGGGATGCCCCTACGGAGCTGGCCGCCCCGGTTTTGGCTGAAAAAGTAGTGGACGGAACCCTGAAGCTGGTGAAATGGAATGATGCCGTGGAACAGTGGATACGCCGTCTTAATGGTTTGAGCGTTTGGATGCCGGAACTGGAGCTGCCCCGGTTTTCGGAGGAGGACAAGCTGGTCGCCATTTCTCTGGTCTGTGAAGGGGCCGTGGGTTATAAGGACATCAAGGAAAGGGAAATTATTCCCGTGCTGAGGGATTGGCTTTCCGGCTGG
CP137887.1_gap56	2113913	2116395	2482	AGTGGGCGCCGCCTTCGGCGTGGTGCTGGTACGCCGCGAAGGTTTTTCCTTTGAGGTGGCGACCTTCCGCAGAGACGGAAGCTACAGGGATGGCCGGAGGCCGGAGGCCGTCTGTTTCACGGATGCGGAAGAAGATGCCCGACGGCGTGATTTTACCATGAACGGCCTCTTTGAAGATCCGTTTTCTTCGCCTCCGGGCCGTGTGGTGGATTATGTAGGCGGAGTGGAGGATATCCGGGCCCGCGTATTGAGGTGCATCGGGGAGCCGGACCGTCGTTTTGAAGAAGATTCCCTGCGGCTGATGCGCGCCGTACGTTTTGCCGTTACCAGGGAAGTTCAGGTGGAGAAGGAGACTTGCTCCTCCATTTTCAGGAACGCTCCGCTGTTGGCCCGGATTTCCCCGGAACGCATCCGGGAGGAACTGGACAGGATTTTATTGTCTCCCGGAAGGAAACGGGGTGTGGAAATGCTGGTGGAAACGGGGTTGATGAAGCATGTCATTCCGGAAATATACGATATGATAGGCTGTACGCAACCTCCCCAATGGCATCCGGAAGGAGACGTATACACCCATACGCTGATGATGCTGGATGCGCTGGGAAGGGACGGCTCCCCCGTGTCTTTGGAGCTGGCCCTGGGGGTTCTGCTGCATGACATCGGGAAACCTCCCTGCCGTCAGGTGGATGAAACGGGGCGCATCCGTTTTTCCGGTCATGACAAGGAAGGCTCTTCCATGGCCAGGGTCATTTTAAGAAGGCTGAAATATTCCAATGCCGTGGTGGATGCGGTGTGTTCCATGGTGGAGCGCCATATGCGCTTCATCAACGTGAGGCAGATGAGGAAATCTACGCTGCGAATGTTCATGAACGCTCCTCATTTCCGGGATGAACTGGAACTCCACCGCCTGGATTGCCTTTCCTCCAACGGACTGATGGACAACTGGCAATTTGTCAGGGACTTCATGGATTCCTACCGGAATGCCCCTCTGGTGCCTCCTCCTCTGGTGACCGGGCGTGATCTGGTGAATCTGGGGCTGTCCCCGGGGCCTGATTTCGGGAAATGGCTGTCCCGTCTGCAGGAGCTTCAGTTGGAGGGAACGCTCCGGACCAGGGAGGAAGCCCTGCTGCAGCTGGGACAAATTGCCCCGGTGGAACAGAATGCGCTTGCAGAATACCTGAAAAAGTTAGCATTATAAGCGTCAAAATTTGATTATTTCAACTCATGCGTCCTGTCATTTATCAACTATTTGTTCGTCATTTTTCCAATATGGAGACCCATGGAGTTGACTGGGGGAGCCGGGAAACGAACGGGTGCGGAACTTTTAATGGAGTGACGGATAAAGCCTTACGTGAAATAGCACGGATGGGTTTCACACACATCTGGCTGACCGGGGTGCTGAGGCACGCTACGCAGACGTCCCATCCCGGGCTGGCCGCCCAGCCGAAATCCATCGTAAAAGGCCTGGCAGGAAGTCCCTATGCCGTGGTGGATTATTTTGACGTGGATCCGGATCTGGCCTCCTCCCCGGAGAAGAGAATGGATGAGTTCAAGGCTCTGGTAAAGCGTTGCCGGACGGTGGGGCTGCTGCCGATGATGGATTTTATTCCCAACCATGTTTCCCGAGCCTACCTGGCGGACTGGGACGGGCATGACGATTTTGGAGAAGGAGATGATCCCCATACGTTTTTTTCTCCGGAGCAGGGGTACTTTTACCTGACCTCCAACAGCCCTGGGGACGGTCCACCCCTGCGTCTGCCGGACGGCCTGTTTGAAGGGGAAATGACGTTCGGACGTGTGACGGGCAACAATGCCGTTACATGGAATCCCGGCAAGTACGACTGGTATGAAACGGTCAAGCTCAACTACGGCTATAACTTTATGGCCGGTCTTCCTGCCCTCCGCCTGTTGCCGGGGTGGACCAGCCCCAAGCAGCATGTGCCCAAGACATGGCGCATCATGGACGATATCCTTTCCTTCTGGCAAAGCCTGGGCATCGGCGGTTTCAGGTGCGACATGGCCCAAATGATCCCCATGGCTTTCTGGAAATGGGCCATTTCCCGTTCCCGGGTGCGTCTGCCGGACGTGTTTTTCATGGCGGAGGCATACAACGACCACATGAAAACCACACCCGGCGATCCGTGCGCCGCCCTTCTGGATGCCGGATTTAATGCCGTTTACGATTCCGACTGCTATCATCTGGCGCTCCATATGTACACGGAAAATAACTGGGCCAATGACTTCGACCGGCTTTTCCGAAGCAATCCCATATACATGACCCACGGCGTCCGCTACGTGGAAAACCATGATGAAACTCGCGTGTGCTCCCCTCTTTCCTGGGGCGGCGTGGGGCGCGTTGTTCTGCCGGCGGTCATGACGTTGGTATATGCCTCCGGGAGCGGTCCCGTGCTGGTGTACAACGGGCAGGAAGTGGGGGAACGGGCGGAGGGGCCCGGCGGTTTCGGCGGACATGACGGACGTACCA
CP137887.1_gap57	2186703	2191617	4914	ACCGCCGCGGAAATGCGGGATCTGGTAAAGTGGGTGAAGAACAGTGATTGAGTATTGAGGATGAGCGAATAAATGCAGGTTCTCAACACATGCTTTAATCTCTGGGCCCTTACCTCTGCTATCTGTCGGCCTCCCGAACCGGCGCATGCTCATATTCCTTCTTTACCCGCAAGGGGGGATGCCTTTATAGTAATTTCATGCAATATGATCTTATCGTCATTGGTGGAGGCCCTGCCGGCTATGTGGGCGCCATCCGCGCCGCCCAGCTGGGGAAATCCGTGGTGTGCGTGGAACGCGACCGGGTAGGGGGCACCTGTCTGAACTGGGGATGCATCCCCACCAAGGCGCTTCTGAAAAATGCGGAGGCCTACCGGATCGTGACGGACCGCGCCAGGGAATTCGGCATGACGGTGGAGGGCGTCAGCGTGGATTGGAGTGAAGTGATCGGCCGTTCCCGCAAGGTCAGCGACCGCCTGGCAGGCGGCGTGGGGTTCCTCTTCAAGAAAAACAAGGTGGATTCCGTTACGGGGGAAGCCTCCATCATTTCCCCCGGCAGGGTGGAAGTAAAGGCCGCCGACGGAACGGTGAATGTTCTGGAGGGAAAGAATATCCTGATCTGTACCGGCTGCGTCACCCGCACGGTGCCCAGCCTTCCCCTGAACGGCACTACTGTCATCGGCTCCAGGGAAGCCATGGTGCTGGAAAAGCGGCCAGAAAGCATGATCATCATCGGTTCCGGAGCTATCGGCACGGAATTTGCCTACATTTACAATTCATTCGGCACCAGAGTGACGCTTATTGAAGCGCTTCCCCGGATGCTTCCCAATGAAGACGACGACTCCTGCATGACGCTGGAACGGGCATTCAAGAAGCAGGGCATCAAGGTGATGACGGGAGCTTCCGTGGAATCCGTCACGGAAACCTGTGACGGACAGGTCAGGGCCAATGTGAAAAACAGCAGGGGACAGGAAGAGGAAATCACGGCGGACGTCTGCCTGGTGGCCATCGGCGTGAAGCCGGTCGTTCCCGCCGCTCCCGGCCTGGAATTGACGGAAAAGGGATTCATCAAGGTGAATGACCGCTATGCGACTTCCATTCCCGGCGTTTATGCGGCAGGCGACGTGATCGGCGGCGTGCTGCTGGCACATACGGCTTCTTTTGAAGCTGTCCAGGCTGTGGAGGGCATGTTTAATCCGGACTACCAGCCCAGGCAGGTCGGCTTCTTCCCGAGCTGCACGTACTGCTACCCGCAGGTGGCTTCCGTAGGTAAAACGGAACGCGCCCTCAAGGAAGCGGGCGTGGAATACAAGGTGGGGAAATTCCCATTCCAGGCCATTGGCAAGGCTGTAGCCGCCGGAGAGCCGGACGGCTTCGTGAAAACCCTGTACGGCGCCAAAAACGGAGAATTGCTGGGTGCCCATATCGTGGGGCCGGAAGCCACGGAACTGATTGCCGCGCTGGGCATCGGCATTCAGGCGGAACTGACGGATGAAGATATCCACGCCACCATTTTCGCCCATCCCACGCTGTCTGAGGCCATTCATGAATCCATGCTGGCTTCCGAGGGGATTGCCATTCACATGTAACGGTTTTCACGGGAAGAGCCCCTCAACGGGGCTCTTTTTCTCCATTAAAAAAGATGAACGATAACCTGCGCTGGAAACAAAGGCTTCAAAACCTGAATAAGGCTTTTTCCCGGTTGCGCCATGCTTGCACGTTGCCGGAATACAATGAACTGGAAATGGCCGGACTGGTGCAGACTTATGAATTTACGTTTGAGCTGTGCTGGAAAACGTTGAAAGATAAGCTGGTCTATGACGGCTACAGCGTTAACAGCCCCCGCGAAGCCATCAGGCAGGCGTTTGGCGCAGACTTGATAGGTCATATTGATTGTTGGCTCCAGGCGCTGGAAAGCCGCAATTTGTTTGTACATACTTATGATGATTCCATCGCGGAAGAGGCGGTTTCCCTGATTAAGGGAAAATTCTTTCCCATGCTGGCCCAATGTGTGGAAAATCTGAACATGATGGCGGAGAAAGAGGACTGAACGATGGCCTGACGGCCAAGGTGCGCTCAGGCATCCGGGAAATTCTTTCACAGACTCCGCAGATTAGGAAAGCCGTTTTATTCGGTTCCCGCGCCCTAGGCACGTGGAAGCCTGCGTCCGATATCGATCTTGCCTTGGAGGGCGAGGAGCTGGATTTGTCTGTCCTTTTGACTCTCCAAGCGCGTCTCACAGAGTTGAATCTGCCTGTGGAAGTGGACTTGATTATTCGTAACAAAATTACTAATCCTGATTTGGAGAGTCATATCCATGCTTATGGCCAGGAGTGGTTTTCCCGTTCCATGGAATGAAGGGGGGTGATTCCGGAGGGTCCTGCCTTTGAGAGGTGATAAAGTGCCTATGGGCTCGCTAAAAAATAGTTGGCCATTTCACGGAAGTTTTTTCACAAAGACCGGGAAACCGGATTTATCCGGTTGGACGGAATGCGGGCGTAAAGCCCGCAAGGCGCGGATCAAATTCTTGTCCCATGTAGCTCTGCCATTAGGGAAAACGGTAAAAGGACAAAAAACTCCATGGTTTGGCCCGAAGACGGCTGCCTGGGAGCGGAAGTTTGATTCGCCACTGTTTTTCCGGGGCAACGCGCCGAAAGGACTGATTTCCGGGAAAATACTCCAAAGCAGGAAAGACATTCAGTCTTTCTTCTTTAGTCTTTTTCCCACGGTTCCTCACAGCTCGAACACCGGGTTTTCCACGGCATTTTTTACGGTAATGAGGAATTGCACGGCCTGCTTGCCGTCCACCAGGCGGTGGTCGTAGGAAAGGGCCAGGTACATCATGGGCCGGGCGATGATTTGGCCGTCCCGGACCACGGGGCGTTCCTGGATGGCATGCATGCCCAGAATGCCGCTCTGGGGCGGGTTCAGGATGGGCGTGGAAAGAAGCGACCCATATGTTCCGCCGTTGGAGATGGTGAAGCAGCCGCCTTGCAGATCCTGCATGGACAGGTTTCCCCTGCGTGCTTTTTCCGCTAGGGAAGCGAGTTCCAGTTCCAGCTCCGGAAGCGTTTTCCGGTCGCAGTCCCGCAGCACGGGGACGACGAGACCCTTATCCGTGCCGATGGCTATGGAGATGTCATAGTACAGGTTTTTCACGATGTCCGTACCGTCTATTCTGGCGTTGACCTGGGGCACTTCCTGCAATGCTTTGACTACGGCCTTGATAAAGAAGCTCATGAAACCGAGTTTGGTTCCGTACCGTTCCCGGTACGCTGCATTGAATTGTTTGCGGAGCTCCATCACGGAGGACATGTCGCATTCGTTGAAGGTAGTCAGGATGGCCGCCTGGTGCTGGGCCTCTACCAACCGTGCCGCGATGGTACGGCGCAACGGGCTCATGGGTTTTCTGATGAAGCGCGGAGAGGACTCCTTTTCTGTTTTCCCATTTTTTCCGGAGGTTGTCTGATCCGGTGAGGATGTTTTCTTTTCCGGCTTTTGTTCCGGGACGCCTGTCACAGGTGAGGAGGAACCGGAAGCGGGTTTCTCCCGCGTTTCCAGTGGTACGGAGGGCGATGCGGCGGAACTTCCGTCAAGGGGGGAAATGCGGCCTAAAACCGCGCCGATGGGGGCTTCCGCCCCTTCCGGGACGAGGATTTCCAGCACACCGCTTTCATCCGCCTCCAAATCCGTGGAAACCTTGTCCGTTTCCAGCGTCACCAGAATGTCGCCTTTGACTACCGGGTCGCCGGTATTCTTGTGCCACGCGGCTACGGTGGCGGAGGTGATGGATTCTCCAAAGTTGGGAGTCAGGATGTCGCTCATGGGAGGAATATGGGTTCAGGATTGGGCCCGCGGCCCGAAGGCTGCGGCGATGAGTCTTTTTTGTGCGGCGGCGTGCAGCGCTTTGGCCCCCTCCGCAGGGCAGGCCATGGAGGGACGGCCCGCATAGCGGAAGGAAGTGGCGAAGAGGCGTCCCAGCCTGTTCCGCAGGTGACCCCAGGCCCCCATATTGGAGGGTTCTTCCTGGCACCAGACGAAGTCGCGCACTTTTTGGTAGGGCGCCAGCAGATAGGTAAGCTGTTCCTGCGCCAGAGGATAGATTTGTTCCAGGCGGATGATTACCGTGTCTGAAATATTCCGTTCCCTGCGGTAGGCAGCCAGGTCATAATAGATTTTCCCGGTGCAGAAGACGGCGCGCGTGACCTGGCCCGGCGCGGGAGTATCCGGGTCCGGCAGCACTTCGCGGAAACGGGTGGAGGCCAGGAATTCCCGGTGCGGGGAGACGGCCTCCGGACGGGAGAGCAGGCTTTTGGGCGTGAAAATAATCAGGGGTTTGTGCACGTTCCGGTGCACCTGGCGGCGCAGGGCGTGGAAATACTGGGCCGGAGTGGTGGGATTGATGACCTGCATGTTGTCATCCGCACAAAGCTGTAGGTAGCGTTCCATGCGGGCGCTGGAGTGTTCCGAGCCCGCTCCTTCATAACCGTGGGGCAGCAGAAGCACCATGCGGTTCTTCTGGTTCCATTTGGCTTCTGCGGCAGCAATGAATTGGTCCACGATGACCTGGGCCCCGTTGGAAAAGTCCCCGAATTGGGCCTCCCACATGACCAGCGCGTCCGGACTTTCCAACGCGTAGCCGTATTCAAAGCCCAGTACGGAGGCTTCCGACAGGGATGAGTTGTAAATGCGGAACGCGGTGGTGCCGTGGTTCAGTTTTTCCAGGGGAGTGTACAGGGAGCCGTCATTGAAGTCGTGCAGGACGGCGTGCCGCTGGGAGAAGGTGCCGCGTTGGCAGTCCTGGCCGGACAGGCGCACGGTATGGTTTTCCGTGAGCAGGCTGCCCCATGCCAGGGATTCCGCCATGGCCCAGTCCAGCAGGCCGCCTTCCCGGAAGGCTTCCCGGCGGCGGGCCAG
CP137887.1_gap58	2192891	2195556	2665	TGATGATTTCACGGAGCGTGAACGTTCCTCCGTCCATGAAGGTGCCGATGTTGACGGGCTGGTCCATATCCTCCTCTCGGAATCCCATATCTTCCGGATTGACGGGGCAGCCGGTCTGGTCCGGAGGAGCCAGAGGGTTAAAGCGGGCGCATTGGTGTCCCATGACCCGGTAGGCCCGGATGAGCTGGTTGACGCGCCCGCGGCGTTCCGCGCTTTCCGGAGGAACGGTGTAGGGGGATGTGTCCGCGGCGTTCCCCGCATTTTCTTTTTCCCGGGGGGCTCCACCGCTCCCCAGTTCGTAGCCGTCGAACCAGGCGGCCCAGAGAGGGTCCACGGACAGGGGATCGTTTTTCCATGATTGATGGAGCGCCGTAATTTCCTCCGGCGGGAGTTTGGAGAAGATGGAGGCATTCATGCGGCAGAGCGGATGGTACAGGCGTTTTCGGTTCGCTGATCGCTATTTTTGCCAGCAGGGCATCAGTAACTGTGTTCGTTGAGCTGGACTTTTCCGCGGAAGACCCAGTAAATGGCAGCGGAATAAGCCAGGACGAGCGGCACGCCCAGAATGGCTATGTATGTCATCACGACCAGGCTTTCCCGGGTGGATGAGCCGTTGGCGAGCGTCAGGGAATGTTCCGGATTGGGCATGGAGTAGAGCAGGTTGGGGAACATCGCTGTCCCGAAGAGAGCCATCATGCAGCCCATGGTGGAGCAGGAGGCGACAAAGGCCCAGCCCGGACGGTTCCTGTGGATGAATATCCAGATGGACGCGATGGAAATGACCGCCAGGGCGGCGATTCCGTAAATCCAGGGGGAGCGTTCCAGGGCGGCCGCTACGTGCGGTACGTACAGCAGGGTGGTCGCCCCGTGCAGGATGATCAGGACAGTGAAGATGATGACGCAGGGTCTGAGCAGTTTTCTGATTTGTTCCTGCAGGCTTCCCTGGGTTTTCATCAGCAGATAGATTCCCCCGTGCATGGCGAACAGGGCGACCGTCGTCAGCCCCAGAAGAATGGAATAAGGATTCAGCAGGCTGAGAAATGTTCCGGTGAAATTGCCATGGTCGTCCAGAGGAATGCCTTTGGTGACGTTCCCCATGGCTACGCCGATGAGCAGAGCTGCCAGAAGGCTGCTGATGGAGAAAGTGGTGTCCCATCCCCTGCGCCACCATTTCATGGGCTGTTTGCTTCTGAATTCAATGGACACGGCACGGAAGATAAGGGTGAGCAGCAGGAGCATGAAGGCCAGGTAAAACCCGGAGAAGACGGAGGCGTATACGTACGGAAAGGCAGCGAAGAGGGCTCCTCCGCCTGTGATGAGCCAGACTTCGTTTCCGTCCCATACAGGGCCCACGGCATTTAGTGTGAGTCTTCTGTTTTCATCGCCCTTGATGAAAAGCTGAAGAGCTCCGGTGCCCAGGTCAAAGCCGTCCAGGATGGCGTATCCGGAGAAAAGCACGCCGACGAGGATGAACCAGATGATTTGCAGGTCTGCGAGAGTGAGATTATCCAACATGATTTTTAAAGAGGGATAAAGATTAGTCTTTAACAAAAGGAACCTGGAGTTTGCCTTCCCCGGCGCCGTCGTCTTCGCCAGCTTCCTGGTCCGGACCTTTGTGGATCTTATGGGTGATTTGATAGAGGAAGAGGGCCAGCAGCAGGGCATAAATGACGAAGAACATACCCAGGGAGGAAAGGGCTTCCGCCGCGGTGAGGGTGGGGGATACGGCGTGTTCCGTTCTCAGGATGCCGTACACAATCCATGGCTGGCGCCCCAGTTCCGCTACGGCCCAGCCCGCCTGGTTGGCTATTTGCGGGCCCAGTACGGAGAAAACAAAGCACCAGAGCAGCCAGCGCTTCTGGAAGAGCCAGCCTCTTTTCCATCCCCACAGGCCCGTCAGAAACAGGGCCGCCAGGGCGCAGCCGATCAGGATCATGAGATGGAAGGAGTAAAAGACGGGCAGGATGGGAGGGCGTTCGTCCTGCGGGATGTCGTTCATGCCGGTGATGGACGTGTCCAGGTCGTGATGGGTCAGGAGGGTGAGCAAGTACGGGATGGAGATTCCCGTCACTTCATGGGTGGACGGGTTCATCCAGCCGATGAGATGGAGGTCCTGAGGGGCGCCGGATTCCATGACGCCTTCCATAGCCGCGAATTTGGCAGGCTGGTGGACGGAGACTTCTCGTGCGCTGGAATCTCCCGTGATGCCCATGCCAGCCACGCCGATGAGGCCGATGACCAATGCCACCTTGAAGCTTTTTTCCGATCCTCCGGTAAAACGTTTTTTCAAAATATACCAGGCGGAGACGCTGAGGACGAGCGTGGCTCCCGCCAGCCAGCAGCCGGCGAGCGCGTGCGTCAGGCGGTCCACGGTGGACGGATTGAAGACCACGTCATAGAAGCTGGTTATATGGGCCTGGATTTTCCCGTTTACTTCCACCAGCTTGTATCCGGCGGGCGTCTGCATCCAGGAGTTGGCCACAATGATCCAGATGGCGCTGAAATGGGCGCCAAGAGCGACCATGCAGGAGGAAAGAAAGTGCATTTTTGGGCCCACCTTGTCCCAGCCGAAAAGCAGGATGGCCAGGAAGCCTGATTCCAGGAAGAAGGCGAAGATTCCCTCCGCCGCCAGGGGGCTGCCGAAGATGTCGCCTACGCAGCGGGA
CP137887.1_gap59	2203209	2204114	905	GGAAGGGGGGTAAGGGAAGGCGTCAGGCTTTTGCGGAAACCTCCTCCGGAATATTATCTCCAGGGAGCTCTTCCTCCGGAATGGAGGGGGATTCCTCAGTTTCCGTAACCACGCTGTTTTCTTCAGATGCTTCCTCTCGGGCGGCGGCCGCCTCGGAAGAAGAGGCTGCCTTCTGTTTTTCTGGTGCAGCGGAGTCCGTTGCCGGCGCGTCCTGGCCCTTCTCTTCCGGTTTCCGTTTTTCCTTGGGAGCCTTCTTGGGAGAAGGAGCTTGGGCGGAGACGGTTCTTGGGCGGCTGACAGTGTTATTGGAGAAAACCAGGATATAGCCCTGTTCGGACAGCCAGAGCAGATCACGGACCAAATTCTGCTGTTTTTCCATGGCCTGGGCTACTTCTTCTTCCGAGGCCTTTTCCTGTTCCGGGACTGGGGCCAGCTCTTTAAGCATGGCATCGACGCCTTTGCCGGGATTATTGGCCGCCCAGGTGGCAATGGACATCAGGGAATCTGATAAGACGGTGCCTTCTTCCATGGCCTTGGGGCGTGCCGGGCCGGTGTAATGGTTGCCTTTCCACTTGAAAATAGGCATATGATGCCGGGCTAACCCGTGGCAAAGGTTGGGAATCAGCATGCTGGGATGGCGGCGGGTGGTGCCGGATAATTGGATCAGGTGCGCCCACAGACCGGGAGAGAGGTGATTCTTTTTCACGGCTCCGTTGACGAACACCTTGTCCGTAACGTCATAGCACTCGTCAAAGTGGTTGGATTCGAAATCCTGTTCTACCGCGGCGGGAGATTCCAGAAGCACTTCGGAGGCTCCTTCCCGAACGGGCTTCCAGGCGGTGCGTTTGGAAACGGCTTCCTGCCATGCCTGGACAGCTTCTTCGCTCTTGTCCGTCACAATCTTG
CP137887.1_gap60	2400563	2404892	4329	CGTTTCTTCCGCACAGAAGATTACCCTGCGCAACAAATTGAAGCGTCTGGCATTGGGATATTAGCTTTCCGTCACTTCCCTCAGGCCTTCATGATAGCCAAAGGAGGGGGGCAAAGAAGACCGCATTCCGGAACCGCAAAGTTTTTACAGCCGGGAACCGTCCCGTGATGTTCCCGGCAGACTACAATCCACCCGGGTTCGCAGTATTCGGAAGAGAAGAGGTCAGGACGCTTTTTCCGGATCCGGCTGAACCGGTTTTCCGGATTCCCTTTTGACGCGTATTTGCAAATCCGCCAAAGCGTTCATGTAGTAAATGTACGCGTCAAAGGCAGATGCATACGGCGTGAAGGAGTTCTCCTTCTGCATGTAGTGGAAGTGGTCCGCGCTCTGCAGTTTGCGCCAAACGTGGGTGAGATCCTTGTCATGGGCTGCCTTGACCGGTTTTTCCAGACGGTAGATTTTGCGGAGGGCTTCATCCTGCATGACGTTGCCATTCCAATGGGACATGGTTCCAAAAGTGGAGCAGGTCATTTCCTGGGTGCACTCACAGACGGAAACGGGCTTGATTTCCTGCGCTACTTCGGACGGAGTCATGAACCGGTTGCCGGCGTCTATGCAGGCGAGAATCATCGTACGCCAGAATTCGAAGACGCCTGTAGCGTCAGACTGGCGTTCCCCCAGCGTTTCATAGTCCATGGACAGGGTAGTGACGCTTCCCTGCTGGTGCGTCAGCCAATCCGCGAAAGTGGTGGGGGAAAGCGGGTATTCCGACCATTCCGGATCAGTCCGCATGATTGCCAGGTCATTGGAGAGTTCCCTGTTGCGGAAGATAGTGGTGGTGTTATACACCCACGGAGCCAGGAAGACTTCATTGCTGGTAAATCCCTTGAGCATGGCCGGGTTGCCGTCCGCCATGATGCCCTTGAAGCCGAGCGTTTCCGCCTGCGCCGCAATGGCGTTGGAGTACAGCATGCCGGTATTCATCAGCACATCCGTTTCCTGATGGAAGAGTTTTTTGAGAAGCTCCCGGTGTTCTTCAATCTGTTCGGCAAATTCCTGAGGGGAGTAAACGGATGCCAGGGAATTGTAATAAGGCATTGCCAGAAAGTCCACACAGCCGGTTTCCGCCAGATCCTTGAATGCGGCAATCAGGTCCGGCCTGTGATACAGGGCCTGTTCCAGAATGACTCCGCTGAGCGCCAGCCCAAAGCGGAATTTGCCCCCGGTGAGTTCAATAAGCTGTTTCATCAGCCGGGTTGCCGGGAAATAACAGCGTTCCGCCACTGTGCTAAGCACGCGGGCATTCAGATCATCATCTTCATAAAAGGCATGTTCTCCAATTTTGAAGAAGTCATAATGAATCAGCCGGTTGGGCTGATGCGCAACGAAAGTGAGGGAAATGTTGCTCATGGACGGGGTGAAGAAGGCTGAGAGTTATGGAGTAGGGTAAAAAGGCGTTTTTAGCGGTTCAGCACATGTTCATAGACCCGGATAACCTTATCTGCGGCGGCATCCCAGGTGGAAGCCTTGATGTCCTCCGTGCTCTGTTCCACTACTTTCCGGTACAATTCCTCATCCGTGCAGAGATGGACGATATGTTCCGCCATCTTGTTGACGTCCCAGAAATCCGCTTTCAGGGCTCCCTTCATGACTTCCGCCACGCCGGACTGCTTGGAAATCACGGCGGGAATGTTGAATTGGGCCGCCTCCAACGCAGAAAGGCCGAAGGGCTCCGATACGGAAGGCATGCAGTAGATGTCCGTGATGGAGAGGAGTTCATTGACTTTGTCCTTGTTCAGGAAGCCGGTGAAGTGGAATTTGTCGCCCACGCCCTTGAAGGCTCCGGATTCGATCAACTGGCGGAGCTTTTCTCCCGTACCGGCCATGACGAAGCGTACGTCGTCCGTCTGTTCCAGAACCTTGGCGGCAATCTGAAGGAAGAATCCCGGGCCTTTCTGAGCCGTCAGGCGGCCCAGGAAGAGGACGAGTTTTTCCGGAAATTTTTTCTTCCCTTTGAAGACTTTGACCGGATCCGCTCCGTTGTGAATGGGAAATATCTTATGGGGGTCGATGGCATAGTGCCCGCTGGCGATGGTTCCCGTGTATTTACTGACCGGGATAACGGCATCCGCCTGTTCCATGCCGAATTTTTCAATGTCGTAAATCCAGCCGCGGGCATCCGCTCCGGCACGGTCAAACTGGGAAGCGTGCAGATGCACCACCAGGGGTTTGCCCGTGGCTTTTTTCACTTCCACGCCAGCCAGATAGGTCATCCAGTCATGGGCGTGGATAATGTCAAAATCCTGCTGAAGGGCGACTTTTACCGCTATTTTTGAGAATTGAATGACTTTCAGGGCCAGGTCTCCGGCGTAAAGGTCTTCCTTGTTCCTGAACAGCTGAAGGTCGGCTTCATGCGTTTTGGAGAAGGTGATGCGGCCTTCCTTGGTGAACTGCACCACGCCGGATTCCCCTTCCACGGTGGTGTAGGGGTCCAGTTCAATGGGCGCGCGCTCCACCAGGGCAAAGCTGTCATAGGAATATTTCCGGTCCACTTGCTCCACTTCCCGATAGGAGACGTTATTGAGACCGGTGAGCTGGAATCCGTCAAAAAGGACGGAAGGGTCGGCCTTGGGAACGATCACCCTTAAATCCACTTTTTTTGCCAGCGCCTTGGAAAGACCCAGGCAGGCAATGCCCAACCCCCCGTTGACCAGGGGCGGGAATTCCCATCCTAATGTAAGAACTCGAATTGTGCTCATCGGTTGATGTGGTTTGTCGGTGCCGGGAAGGATACGGACTCGTGCCGTGTTGTACACCAACGCAATAAAACCAGATTTTTCATGTTCGGTCTAGATTAATATGAATAATTTTACTCTAATAATGAAAAGAAAAGTGCTGCTTTAGTTCAATCTTGCGTTCGTCATGAAATTGATTTAGTCTGGACTGAACGCTTTTGATCCTCTCTTCCGTCCGGCTTCAATGTGCTCCGTTTCCAACATCCCTGAAAGACGAAAAACACCTCCTCTCCGGGGGAGTCTCGTCAAATGGGAGTACACGAATACGGTTTCCAAAATAACTCTCAGCGTGTGTCTTGCTGATGCCGGTATTGTCCGCGTAACGTATTTCCCCGGAGCGGTGCCGGAAGACGAGCCGAGTTATGCCGTAAGCCCCGGATATTCCGCGCCGGGAGCGGAAATCCGCGAGTATGATGAGGCCGGGGTTCATGTCGTTGAGACGTCCCTGCTCCGCATCCGCATTCGCACGGAGGAGCAAAAGGTGGATTTTTACGATGTTGCTACGGATGAGCCCCTGCTGACGGATGAGGGCGGATTCGGCCGGGAGAGCAAGGACTGGACTGGAGACGCCCGGGTATGGATACGGAAAAATCTCCAGGAAACGGAGCATTTTTTCGGGCTTGGGGACAAGCCGTGCGCCTTGAACCTGAGGGGCAAGTATTTCTCCATGTGGGGAGCGGACCATTATGATTTCCATGAGGAATCGGATCCCCTTTACAAAAGTATTCCCTTTTTCCTCAGTTTGCGGGAAAGGAAAGCGTACGGCCTGTTGTTTGACAACACGTGCCGTTCGTATTTCGACTTCGGAGCTACGGATGAAAAGGTTCTTTCCTTCGGGTCCTTCGGGGGCCTGATGAATTATTATTTCATTTACGACAGCACTCCTCTGGACATCATCTCCGCTTATACGCGCCTTACCGGTACGCCTGAATTGCCGCCTTTGTGGGCGCTGGGGTACCACCAGTCCAAGTGGAGCTATTATCCGGACAAGGCCGTATACAATCTGGTGGAGCGTTTCCGGGGACTGGGCATTCCGTGCGATGCCGTGCATCTGGACCATCATTACATGGAACGGAAGGAGGGATTTACCTGGGACAAACAGAATTTCCCCGACGCGGAAGGAATGGTCCGCGCCTTGGAGAAGGACGGTGTGAAGACGGTTCTGATTGTCAATCCCGGCGTGAAGGTCAACCCCGCCAATCCGGTCTGGAAAGAGGGGATGGAACGCAATTATTTCTGCCGCCGGTCGGAAGGCAATTTATTGTCGGAGGAAGTATGGCCGGGACTTTGCAATTTCCCGGATTTTACGGCTCCCGCCATACGCGGCTGGTGGGCGGATCTGTTCAGCAGGGATATTGGGAAAATTGGCGTGCGCGGCCTCTGGAACGACATGAACGAACCTGTCGTTTTTCCGGACCGCACTTTCCCGATGGATACGCGGCATGAATATGACGGCATGCCCTGTTCCCATGAAAAGGCCCATAATATTTACGGGCAGTGCATGGCGGAAGCCTCCTGGCTGGGCATGAAGCGT
CP137887.1_gap61	2406414	2408011	1597	CCGCCACGATTTCATGCTCGCGGATTTCCTTGTCGTCGTTGATGAAAACCCCTTCATCCTCCGGACGGGCCGTTCCTGCCAGGGCCATTGTCTCCAGGCTGCGGCCCTGCTGGTGGAACAGTGTTTCCGGAGTGATTCCGCAGAATCCTTCCCGTTCCGTCCACCAGGCGTAGGGATAATGGGAAGGAGAGCTGCTGATGGCCCGCAGGATGAGTTCCCGGGGTGTGTGGGGGAGCAGCATTTCCCCGAACTGGGGGATCGCCGGAACGCTTTTCATCAATTGCCCGGCAGCGATTTGCTCCATCATTTCCGCAAAAACCTGCGCGTATGCGTCCGGAGACGGTTCCGCCCACCGGATTTCCGGAGCAGGCGGGGGGGGATTTCCCTCCGCCGGGAGAGCATGAAGGGCTGCCGGTATTTTCCATGGCCGCGGGTCGTCCAGCCGGAATGTATCAATATAAAAGGCGGGGCCGGAATCCGGCGGTTCCGCTGATTCCCGGAAAGGCCCGGTTCCGAGAAGAAGGCCGTGGGAAGGGTGCTTGATCAGGGCTCCGGAAGTCAGCGTTTTTATGTCCATGCGCAATTCATGTTAAAATGCCGCCGCCGGGAATTCCAGCTATTTGAATGTTTGTGAAGTGCGGAAGAAACGGGAATGACGGTTCAATGGGCGCCTCCGTTTTTCCAGAATGTCCCATGGATGGCATGGACCTGAAAAAGGGCATTCCCCTTCGTTTTCCTCCTCCGTTGAAAAAGCAGGGGATGACGGCCTTCCCCTGCCCGGAGCCTGTAACGGAGAGAAACTCCGCCCCTGTTTCCTGGAGCCGTGCGCCATGTCACGTGCGTTCCCCTTTTGAATTGACGGGAAAAAGCACTCAAGTAAGCTTTAAAGAGCTTCCAACCCTATGCAGATAATGAACAGACCAGCACCATCAGTCCCCACCGCCGATATTCCGGTAGAGGCCATGCTGGCAGAGGTGCGGAAGCCGCTGGGACCCGTTTGGTGGAGCGTGTTTCTCGCCAGCGCATTGCTGGCGGCGTGGGGCATAGGGTGGAGTTCCTGGCGCATTGCCGCAGAGGGTGTGGGCGTGCTGGGGGTGAATAATAACGTGGTGTGGGGGCTGGACATCGTGCATTTTGTTTTCTGGATAGGCCTGGGGCATGCGGGCACCCTGATTTCCGCCGTCCTGCTGCTGACGCGCCAGTCATGGAGAAGCCCGATTGCGCGCGGAGCGGAACAGATGACCCTGTGCGCGGTTATCTGCGCCGCCGTTTTCCCTGTGGTGCACGTAGGGCGTGTCTGGATGGCGTGGATGGCTTCCCCGTTGCCGGAAGTGAGCGGAATTTGGCCAGACATGGCCTCTCCTTTGATGTGGGATGTCATGGCAGTCAGCACCTATTTTCTTCTTTCCCTGTTGTACTGGTATATCGGCCTGGTGCCGGATTTCGCGTTGCTGAGGGATTGCTGCAAGGGGCGTCTGAGGCGCCGGTACGGGTGGCTGGCACTGGGCTGGCAGGGAACGGGGCGTCAGTGGCGCGCCTATGAAAAGGCCAGCCTTCTTTTTGCGGTTATTCTGACTCCTCTCGTGGTATCCGTTCA
CP137887.1_gap62	2410500	2412700	2200	GCATGGTTGTGACGGTGATGATGCTGGGCCTGCTGGGGATGGACATGCTGGGAGGGACGGGAAAGGTCGTTCTTTCCATGTTCCCCGTATACATGATTGCATATGTTCTGCTGGTGTCCCTGGCATTCGCTGTGTTGTCTGCCGTGTTCCTGAGGCGGCTGGACGGAGGGAAGGAGCTGCCTTGGCCCCGCCTGGGCGGCATGCTGACGGCTATGGTTCTGGTGAAAGCCTATATTGTGTATTCTCAGTACATGATTACCTGGTACGCCTCCATTCCGGCTGAAATGTCCTTTTATAACGCAGCCGCTTCCTCCGGCTGGTCCGGAATGTTTGCCGCGGCTCTTGTTCTTCAGCTTCTGCTGCCTTTCCTTATTTTGCTGTTCCCCGCGTTGAGACGCCGGCCGGTCGCTTTGGGCGCTGTATGCGCCGGGGTGCTGTTTGGCTCCCTGCTGGAAGCATGCTGGATGTTTGGCCCCGGACTTGGGCTGGACCTGTCCGCATGGAAGGCATGGCTTCCGCTTGTCCTGCTCTTGGGAGGGATGGCCCTGATCTGCTGTTTTTCCTTCCTGGGGGCACTGAGCGTCCGCAGGGTATTTCCCGAATCATGATGAACCGTACCTCCGCCGTTTTTTTTCTGTTTTTCCGCCGGCCGGGCGAGTATCTCCCCCTGTTCTGGCTGGCAGGGGCTTTCGTGCTGGGTTTCCTGTGGTCGCTGGCGTACGCTTCCGGTCTGGTGGCGGAGGAGCCTTTGCCGTGGCCGGCCGGCCGCCTCATGTTCGCATTCTACGGCATGCTGGTGTACGGCTGGGCCCTCCCCATCCTGTTTTCCTTTGCGGCGGGAAGCAGGAGCCGGTGGATGAAACCCGCAGAATGGCTCTGGCATGCCTGCGTTGCGCTGGGGTTGGCGACTATTGCCGCGGGGAATGGGAGCGGCGTGCTCCTGATGCCTTTTGACTGGTGGGTTTGCCCGGTTTTTGCCTTCCTTGCCGCAGGGGCGGCGTGCGTCGCATGGTTCCGTCCGTTTCCGTGGCCTGTACGGCTGTTGTTCAGTTCCTCCGCCGGGTGTGTGGCTGCGGCCCTTTGGGCGTTGGGATATACGCAGGCATTGTCCATGAATGGCCTGCTGGATGTTTCCGCCCTGGGAGGAAGCCTGTCCTGCGGGCTGATGTTTGCCGCCCTGGGAGCGGCGGCGCTCCGCCTGGATATGGCGCAGGGGAGGGCAGCCGGAATTCTGTCCGTCTGGATGGCCCTGGTGCTGGCGGCGGCTCCGGTGATTGGCGGGCTGGGGGGGCTTCAGGGGTTTCCCGTGTCGTGGATGTTGGTGGAGGCCGGTACCGCCTGGTTTTGGTGCGCCGTTCTTCCCGCCGTCCTGGCGGTGGCGCGTTTTTGGATAAAATCCGGTACGAAGACCGGAATATGGGTGAAGACCGGAGTTTCCCTGCTTGCCTTGCTGGCGGCATGGAACGTATTTGTTGTGGGTGCGCCTGAGCTGATGCAGTTTTCCCTGTCTGCGTGGCATGAACCGGAATTATGGATTCTGCTGGGGGCCGGAGTTTTGATGATGGCAGGGGGGAAGGCCCCCGAACATTTCCCTGCGGCATGGCGGCTGTTGGGCGCAGGCGTCTGCGGCGTGCTTCTGGCGTATGCCGTGGGCGTGCTTGCCGCCCTGGATGTCCAGGCTTTTCCTGAGGCCCGTCGCGCGGAGCTGATGAGCGGCTGGGTGGGCATGGCTGCCTGCATCCACGCCGTAGCCATGGCTTTTTGCCTGGCGGGCAGCCTCTGCCTGTGGCGGCCAGCGGGAGCGGAAGACGGAGGCCGGGAGCCTTCCCCTCCGTTTTTGCGGCGTTTCTTCTTCATTTCAGCCGTAGCGGCGGCTTTGGCGCTGGCGACGGCTGCGGCCGTTGTTCTGCATGCTCCGCCTCCGGATTCCATGGAGGTCAGGAGACCCGTTCATGATGCGGAAGGTTCCGGTATTTATGCCGCGGAGGGGTGTGCCCTGTGCCATACCCAGATTATCCGGCGTTCCCTGTCCGGAAAGGACTGGCAGACGGCGATTGACCGCGGCACGGATCCTGATTTCCCCTACCGGGTCAGTGAACCGGAAGACATGGATGCCGAATTCAACAGGGAAGGAGCGCCGCAGGCGGGGGTGGCGGCCATAGGCCCGGACCTGAGCAATGCGGCGGAATACGCCGCCGGG
CP137887.1_gap63	2433981	2437221	3240	CACGCTGAAGAAGCTCTGGCCGCTGTGCTGGAATCCATCAAGGAAGGCGTGAAGGAATCCGGCAAGGTGCAGATCATTGGCTTTGGTACGTTTGCTACCAAGACCCGTGAAGCCCGTACCGGCCGCAACCCGAAGACCGGCAACACGATCAATATTCCCGCCTCCAAGACGGTTGCTTTCAAGGCCTCTTCCGCCTTGAAGGACTAAGACGGCAACTCCTTCTCAAGGGAGTACTTTTCTTTCAGCACCCCCGTCCTTTGAGGACAGGGGTGTTTTTTATGTCCCGGTGCGGATGCACACGGCTTGACCGGGTGAACGCCGCCGTCTAGAATACCGCCATGTCCAGCAGTTTTGGTCAGGTGTTCAGAATTTCTACCTGGGGTGAATCCCATGGGACTGGGGTAGGCGTGGTGATTGATGGTTGCCCGTCCCTCGTCCCGGTGACGGAAGAAGACATTCAGCGGGAGCTGGACCGGCGCAGGCCGGGGCAGAGCGACATCGTAACCCCCCGCAGGGAGGAAGACCGCGCGGAAATCCTTTCCGGAGTGCTGGACGGCAAAACCCTGGGAACGCCTATCGCCATCAGTGTCCGGAACAAGGACCACCGCTCTTCTGCCTATGACGAGATGGCCAGAACGTACCGGCCCTCCCACGCGGACTATACATACGACGCTAAATACGGCATTCGCGCCTGGGCGGGCGGGGGCCGGGCCTCCGCACGGGAAACCATCGGCCGCGTCGCAGCCGGAGCCGTAGCCAGGGCCGTGCTGAAGCAGGCTTTTCCCGATATGGAGGTCGTGGCCTGGGTGGATCAGGTTCACCATGTGAAAGCTTCCGTGGACTGGGGAGCCGTGACGGCCTCTGCCATTGAGAGCAATATCGTCCGTACGGCGGACCCCTCCGCTGCGGAAGCCATGATCTCTGCCATCAAGGAAGCTCGTGACTCCGGAAACTCTTTGGGCGGCGTGGTCAAATGCGTGGTGCGCGGCTGCCCTCCCGGACTGGGTGATCCGGTTTTTGACAAGCTGGACGCTACGCTTGCCCACGCCATGATGAGCATTCCCGCCACCAAGGCTTTCGCCGTGGGTTCCGGTTTTGAAGCGGCGGACATGACCGGCTTGGAACATAATGACCCTTTTTACATGCAGGGCTGCCGGGTGCGTACCACTACCAACCACTCCGGCGGTATTCAGGGAGGTATCTCCAACGGAGAGGACATTCTGATGCGCATCGGCTTCAAGCCTACGGCCACCTTGATGATTGACCAGCAGACGGTCAACAGGGACGGGGAGGATGCCCGGCTCAAGGGCAGGGGACGGCATGATGCCTGCGTACTGCCGCGCGCCGTGCCCATTGTGGAGGCCATGGCCTGGCTCTGCCTGTGCGACCACTACCTGCGCCAACGCTGCCAGAGGGCTCTGTAACAACCGGTTTCACGGCTTCTTTTCCCCTCATTCATGGATTCCTCCCTCACATTTTACCTGGTTCTGGGCGCATTGCTGCTGGGTTTCATTGTACTCGGCATGCTGAAGGGGATGATTAAGATGCTCCTGTTCGGCGCGGCAGTGCTCTCTTCCGTAGCCGCTTACTTCTGGCTATCCAAATACGGTTTCACCTACCTCTCTTTCATCACCAGCGACCCGCGGGAATGGATGTTCACGGTGCTGTCCGTCGGAGGCGCGGCGGCTGTCTTCTTTGTCTTTATGCACGGTCTCTTCTGGTTCAGCGACGTCTTCTCCTGGGGACGGCGCATGGGCTTCGGCGGGGCCAAGGGAATCGTCACGACGGTACTGATGGCGGCAGTCGTATGCTGGGTGGGAGTCATGTGCATCTTCTTTTACGGCTCCATGGCGGAAATGACCCGCGCCCGAGAACTGGCCCTGTACCACATGGACCCCAACCGCACCATTTCCCTACCTGCCATTTATTCCATCAAAAAGTCCATCATGGACAACCCCCACCTGAGCTGGCTGGAAAAAATATCTCCGGAGCATGATCCGGAACGGCTTTCCCTGGCAAAAATGATCGCCTACCTGGTGACGCTCAGTCCAGAGCTCTCCGACCAGCGGCGCACCCAGCTGGACTGCTATATGCCCCGTTCCCGCATTACCAGCCGCGTGCTAAGCCTGAAAAGCCTGAGCGAAGACCCCGCCATCCGCCTTCTGGTGCAGAAGGGGGATATGCAGGGCTTATATAATGATGTCAAGCTGACCCGCTTTCTGGAAGACCACGATGTCCGTTCCGTCCTGTCCCAACTGGATGTTGATCGTGTGCTGGGCTTTGTCACGGAAATTCGCCGGACGGCCCCAGCCGGAAATGAATACATTCCCGAAGCCACTCCAATTGAGTGATAAGCGTGGATTTTTTGTTCCGCCGGAGTGGATTCGTTCCTTTTATCCGCCTTTAATTCAAGAAAAAATCAGGGAGTTATCCCCCCCTTGCGCCCGAACCGGAAAAAGAGAGTTCCTGCTTTTTTCAGGAAAAAGCGCTTCCTCCAGGCGTTCGTCCCGGAAGAAGCACTCTTTTGAGGATAAGGTATTGCAAACCTTGAAAAAACATCAGGAGAGTTTTTCCGCGATGGCATCCACCCATTCCGGGAAGGTATCATCATGGTCTCCATTGGAAAGCACTACCGGCAGAAGCCTTTGCGCTTTCAAACGTTCCAGGAAGGAATCGAAGTCCTTGCCAGCCTGGCAGAAGTTTTCGTAAAATTCATCTCCAAGGGCAAAAACGGCGTAGCTTACCTCGGACAAATCTTCCGAAGAGTCCTTCAATTCCTGATGGAGTGCCTCTGCGTTGGTGGGAGGTTCTCCGTCCCCCCACGTACTGGTGATGACCAGAAGCGTTCCCGCATTCTTCAACTGTTCCACCGTTATACCTTCCATGTCAACCACCTTTGCCTGATGGCCGAGCTTGGTCAATTTTGCCCGTGCGTCCTGGGCCAGACTCTCCGAATTGCCGGTTTCCGTTCCGTAGATAATAGTGATTTCCATGCGTTCTGATGATTAGTTTGACAACGAAAGTTAGATTAAACTAATTAAACAGGCAAGACAAAACAGCAGGACGACGGCTGAATTTTTCTTCCTTGTTTATCCTTCAGGGTAACTGGTTTTCCGGAAAATTCTCCGATACCATACTACTCTCGTTTGATTATCAAAGTATTCGGATGCTGTGGAAAGGTGAAGCACCAGCCGAAAAGGCGCGCAAAACGGTAGTATAATCCCTTGCGGCAGGAATTTT
CP137887.1_gap64	2438748	2443678	4930	CTGCAACCATGGTCCGGCTCCTATCCCGCAGGAAGGCAACTGGACGCAATCCAGGGAAATCACGGATATTTCCGGCCTGACCCACGGCGTGGGCTGGTGCGCTCCCCAGCAGGGCACCTGCAAACTGACGCTGAATGTCAAAAACGGCATCATTGAAGAAGCACTCGTGGAAACCAGCGGCTGCTCCGGCATGACCCATTCCGCCGCCATGGCTGCGGAAATCCTGCCCGGCAAGACCATACTGGAAGCAATGAACACGGACCTCGTGTGCGACGCCATCAACACCGCCATGCGCGAACTGTTCCTGCAGATCGTGTACGGCCGCACCCAGAGCGCCTTCTCTGAAGGAGGCCTTCCCATCGGCGCCGGTCTTGAAGACCTCGGCAAGGGACTTCGCTCCCAGATCGGCACCCTGTACGGCACCCGCGCCAAAGGCCCCCGCTATTTGGAAATGGCTGAAGGCTACATTACCAAGCTTGCCCTGGATGAAGACGGTGAAATCATCGGCTACGAGTTTGTGCGCATGGGGCCGATGATGGAAATGATCAAGAAGGGCGTGGACGCCAACGAAGCCGTCGCCAAATGCACGGGCAACTACGGTCGTTTCGACGAGGCCGCCAAATACATCGATCCTCGTCACGAATGAGATTGAATTAAAAAGAGTATCTTAACTTCAAGCACTATTACCATTATGCCTCTTTTCGAATCCTACGACCGCCGCATCAAGCAGATCAATGAAGCCCTGGCCAAATACGGCATCGGCTCCATTGAAGAAGCGGAACAACTCTGCCTTTCCAAGGGAATCAACCCCCGTGAAATTGTGAACGGCATTCAGCCCATCGCGTTTGAAAACGCCGGCTGGGCCTATGTGGTGGGAGCCGCCATCGCCATCAAGAAGGGCTGCACGAAGGCCGCCGACGCCGCTGAAGCCATCGGAGAAGGCCTTCAGTCCTTCTGCATTCCCGGCTCCGTTGCGGATGAACGCAAGGTGGGCCTGGGCCACGGCAACCTGGCCGCCATGCTCTTGCGCGATGAAACGGAATGCTTCTGCTTCCTGGCCGGTCACGAATCCTTTGCCGCCGCTGAAGGCGCCATCGGTATTGCCAAGTCTGCCAACCGCGTCCGCAAACAGGATCTCCGCGTCTGCCTGAACGGCCTCGGCAAGGATGCCGCGTACATCATCTCCCGCATCAACGGGTTCACGTACGTGCAAACCAAGTTTGACTATGCCACGGGCAAGCTGAACATCATCCAGGAAAAAGCTTTCTCCAAGGGCCCCAAAGCCGCCGTGCGCGTGTACGGCTGCGATGACGTGCGCGAAGGCGTGGCTGTCATGTGGAATGAAGGCGTGGACGTTTCCATTACCGGGAACTCCACCAACCCCACCCGCTTCCAGCACCCGGTAGCCGGCACCTATAAGAAGGAATGCAATGAGAAGGGCAAGAAGTACTTCTCCGTGGCTTCCGGCGGCGGCACGGGCCGTACCCTGCACCCGGACAACATGGCGGCCGGTCCCGCTTCCTACGGCATGACTGATACCATGGGCCGCATGCACTCCGACGCCCAGTTCGCCGGTTCTTCCTCCGTGCCCGCCCATGTGGAAATGATGGGCCTCATCGGCATGGGCAACAACCCGATGGTCGGCGCTTCCGTAGCGGTGGCCGTGGCTGTTGAAGAAGCCGCCAAGCAGAACGCCTGAGCGAGCAGCTGAGCAAAAAATCGCAGAGCCGCTTTCCCGATTTGGGAAAGCGGCTCTTTTAGCAATTGAAAGAAAAAGGGGGGATGTCCCCCATTTCCGCCCCCCCTTCCTGCCCTTGTATCCGCATCAGCTTCCGATACGGAATCTTCCATCCCGGTCCGCCCGGGGAGGAAGCCCGCGCGAAGGAACGGATCTTCTGGAAACGGATTCCTTCCTGGCAGAGGCCGGCTTGACGGAGCGGATTTCCGGGCGGGAGGCAGAAGCGGGAGCAACCGTTTTTCCCGTTTGCGTGCCGTGGGGGGAAGGGAAAACAGGAACGGTTCCGACAACCGTTTTTTGCCGTTCATGGGCCTTATAGGCGCGTTGCAGGGTAAAATCCCGCTGTTCTCCCGGTCTCAGGGAATAATCCGCCTTTTTGGGAGCTCCGGCTTTTTGCGCCAGAGGTTCCACGCGCCGCTGCAGCTGAGCGGCGGCATCCAGTTTGCCGGCCACCCATTCCGGATTCCATCCCGGCTCGGATGTTTTCAGGGACTGAAGCAACTGCTCCGCTTTCTTGCCGCTTTCCAGGGCTGCCTTATAATCCCCCTCCTTCTCCTGCCGTGCCGCGCGCGTCAGGGAAAGGTTGGCTTCGTAAAAAGTGTCTCCGGGATTGCCAAGGGCCGTTGTAGCCGCTAGGAACATGCAGAGCAGGGAACAGGGTAGAAACTTCCTTTTCATGATTGTTGGCACGATAACATGATTCCTCGTTTTGGAAAGGCCTTTCTTCCGGCATGTTTTGCGCAGGGCCGGACTCCGTTTCCCTTGCGGATAAAGGAAAGGTTCTCCATTCCGCACCCCGGAGCAACTTGACGGAAAGTCCGGAGTGCCGTATGCTGGGCGGGACCTGCTATATGACCCGGAACGAGCCATCATCCCTTCCAGCTCCGCAGATGGAGGAAGATCCCAGATTCCTGACGGAACAAATTGTAACCTATTTGGGCAATAAGCGTTCCCTGCTTCATTTTCTGGGGACGGGGCTGGAACAGGTGAAAAAACGCCTGGGTAAGGAAAGGCTGAAAGCAGGGGATCTTTTTTCCGGCAGCGGCATTGTGGCGCGTTTTCTGAAACAGCATTCGGAAGACTTGATCGTCAATGATCTGGAGGAATACAGCCGGGTCGTCAATACCTGTTACCTGAGCAACGCGGAGGAAGTGGAAAATCTGGAGCTGGACAGACACTACAGACGCCTGCTGCGGTATATGGAAACGCATGAATCCCCTGGCTTCATCACGGAACTGTACGCTCCCAGAAATCCGGACTGCATCACGGCGGATGACCGCGTTTTCTATACGCGCCGCAACGCCGTGTACCTGGATACGGCGAGGCAGACCATCAGTTTGCTTCCGGCAGAAGTCAGGCCCTATTTTATCGCTCCTCTTCTGGCGGAAGCTTCCGTCCACACAAACACATCCGGCGTATTCAAAGGTTTTTACAAAGACAGGAACGGAATCGGCAAATTCGGGGGAACGGGAGGCAACGCCCTTTCCCGCATTCTGGGAGAAATTTCGCTGCCGTTTCCCGTGTTTTCCCGGTTTGACTGCCGGTATTCCATCCATTGCCGTGACGCCAATGAACTGGCCGCCGAGCTGCCGGAAATGGATGTGGTGTACCTGGACCCTCCCTATAACCAGCATCCGTACGGTTCCAATTATTTCATGCTGAATTTGCTGTCTTCTTATGAAAAGCCGGAGGAAACCAGCCGAGTTTCCGGCATTCCCGCAGATTGGAAACGTTCCACGTACAATAGCCGCCAGCATGCTCCGGAGGCCCTGTTCCAGCTGCTGGAGGATTGCCCGGCCAAATTTATTCTGCTTTCCTACAGCTCGGAGGGGTTCATCAACTATGAGGAAATGACCGGTTTCCTTGGGCGCCTGGGCCATACCGTTACGCTGGAAACGCCGTACGCCGCGTTCCGGGGCAGCCGGAATTTCAGAAACCGTCCTCAGAACGTGACGGAATTCCTGTTCCTGGTGGAACGGTTTTAACAGATGACAGGAAAGGCAGCCTCCATGCAAACTCATTTGGAACGCTTCATCCGTTTTCTGGCCGCAGAGAAAGGCCTGAGCACCGCCTACCAGCTTTCCGTGAGACAGACCCTGGAGGAATTTGCCCGGTTTCTGGAAATGGATAATACCGGCCTTGCCCAAACGGGCATCGACACGCTTTCGGCATTTCTGCGGCATTTGCAGGACCGGGGCATGGCCCGCAGCTCCATGCGGGTGGAAATGGTGCATCTGCGTATTTTTTTCCGGTGGCTGGCCGGAACGGGAATACTGGAAAAAGACCCTTCCGTATTTCTGGAAATGCCCCGGCAGGGGTTGTCGCTTCCTCATGTGCTGGATCAGAAAACCGTCTCAAATTTGCTTGAAAGCATTGACATTCAAGATATTCCTCTGGGATGTAGAGACAGGGCGCTCCTGGAGATGATTTACGCCTGCGGGATGCGTGTTAGTGAAATAATTAATTGCAAATTAGAGAGTTTTGATAAAGATGAAGCTTTTGTCCGCGTGCTGGGGAAGGGGAATAAAACCCGGCTGGTGCCCGTAGGGAGATCCGCTTTGGATGCTTTGCAAATGTATTTGGAAAAAGGAAGACCCAAACTGGTCAGGACGGGAACGAAAAGCCATATCTTTCTGACAGTACGCGGCCGTCCGTTGACGAGGGAGCGGGTTCGTCAAATTCTCCGGGAACGCGCCAGAGCCGCAGGACTGGAACAGCATGTTTTCCCGCATATCCTGCGTCATTCCTTCGCCACGCATCTTCTGGAAAACGGAGCGGATCTGCGTATTATTCAGGAGATGCTGGGCCATGCCGATATTTCAACCACCCAGATCTATACGCATTTGGAGCAGCAGCGGCTGAACTCAATTCATCACCGCTTTCATCCCAGAGGATAGTAACGCTAATTCATCATTCATTCCCATGCCGTGTTTTTTCACGTCCTCCCAATCATATCATAATCATTTAAATATTAACGGCCGGAGAATTATTCTACCGGAATTATATTTGGCATTACATATATTATGCGAAGTATAGTTTAGGCAGCATTCTCCCATTCTCATTGGACGGGAAACGCGCTCTGTCACTTGACAAATATGCAAGCATTTCATAGCTTCATTAAATGAGTGGCCCTTGCCTTGTCCGTACCGTTGCCATTTTCATCCTTTTTTCATCTTTTTCCCTTCTTCATGC
CP137887.1_gap65	2489394	2493718	4324	GGAATCCTACCAAAAATTGGATGCCGGCATTGTACAATTCATCAATCAATACAATTTTACACAATTTGTAATGGCGATCAAGGGTGCCGGTTTCGTATCCAGCAAACAGTTGAATTCACAAATGACGCTGGACTTTGCGTATACTTTGTATTTGATGCTGCGAAGTGATCCAACCATTCCGAATGAACAAATTAAACGGCATGTTCAAAAATGGTTTGTCCTTTCCACGCTGACCTCAAGGTATATCGGATCTCCAGAAACCCAGATGGACCGTGACATGCGTAATATTGAAGAAAAGGGGTTCCTGAATTTCAAAACAGAAGTGGAAGCTTCAACCTTATCAGAAACATTTTGGACGGTTACTTTGCCCCAGAATTTGGAAACGTCTTCCGTAAACAGTCCCGCCTTCAATACTTTCCTTGCCGCTCAAATTAACCTAAATTGCAATTCCCTGCTGATGAAAGGGACCAAAATCTCCGACCTTATTACCATTTCAGGGGATGTACATCACATCTTCCCGCGTAATTATCTGAAAAAAAACGGCATTGATAATAAGACGAAATATAATCAGGTAGCAAATTATATTTATCTTGATACGCAGGTAAATAAAGCCATTGGCGACGATCCTCCCTTTGCCTATTTTAGCAAAGTACGAGAACAATGCAGAACAAAAGCTATCACACTGGGAAATATTTCCGATGAAGAAACGCTTTACTGCAATCTAGAGGAAAATAGCATCCCTCACCATATTATTAGCATGGATATCACTGATTACGAATCTTTTCTTCAGGAACGCCGCAAACTAATGGCGAAATTGATGCAACGGTATTATTTGGAATTATAGCCATGCTCCAATTGATAAAACCAATTAAGTATAGATGATATCCTCCGTCCGCACCACCACATCGCCGGGATCCAGCATGGAATTAATCAGGGAACAGAAGCGGAATTTGCCTATATCTTCCGCTCTTACGGAACATTCCTGAATGTCTCCGCGGGACAGCAGGAAGGCGCGCTTGGTTCCCGGGAGCAGGAAAGTTTCCGGAGTAACCCAGGAAGACCCGTCCCCGAACACCACGTTGCTGTACCGCGTATCCGTCACCATCCCGTTCCGGAGAATCAGCGCTTCTTCGTCACAGCCCAAGGCCGCCCCTGCCGCCAGAAGCCCTGTCCGATCCTCCCATTTGCATGAGTAATCCAGCCCGGGCATTTCCACACACGTCAGCGTCTTCACCTGCCGGGGACGGTAGGGCTCAAAGGAGGTGCGGCGCACCCTTCCCCGCGTATCATACGTGATATGGCATTTGTAAACACCACGGCCCTCCGGGCCGGGACAGTCCAAAAGAACGGAAGCCAGATCGGGGACGGAAGCGTCGTCCGAACCATGAACGCCGATGGAGGCCTCCACCCTCCGCTGGTGCCAGGGAAGCAGACAGGGAGCGCCATTCTCCCATTTAACGGTTTCAAAAATCAAACGGCACATAAACTTTGGCAACAGCTTCCCGGTATTCCTCTTCCATTCGGCTCATCACGGTAATTCCTCCACCGCTCTTGTATACCATTCCCCGTTCATCCTCCTCCATGAAGCGGATGGAGACGGCGGAATCCAAATCCCGCCCGTTGAAAAAGCCGAAAATTCCGGTATAAAACCCCCTCTCCATATCCTCCGCTTCCGCGATGGCCCGGCAGGTAGCCTCCTTGGGCGCTCCGGTCACGCTCCCGGCAGGAAGCAGCTTCAGAAGGATTTCCCCCAGGCGGGAACGCCAGTTTTCCGGCAACAGCCCGGAAATCTCGGAACTGCATTGAAGAATAGTCCCTTTGGACGTTTCTACAGGGCTGATATAGCGGTAACGCTTCACCCTCACGCCGGTTGCCACCATGGAAAGATCATTGCGCATCAGATCCACAATGGTGGCGGATTCCCTATTCTCCTTTTCATCCGTTTCCAGCCAGCGGCGCGCTTCCTGCGTAGCGGACGGAACCGTTCCCTTCATGGGAAACGTGGAAATGGAGCGGCCGCGCACCGTGACAAACGGTTCCGGAGAAAAGCAGACGCAGCCGCGGCCGTGCACTCCGGAAATCCGCGCGTCCGGCCCCAGCAGCATCCGGTAAGGCGCGCGGGCAAACCAGAACAGATGGCGCAGCGTCAGGTTGGTTTCCACGGGGGTGGACACGCATAAATTCAGCAGGTAGGAATCCCCCCTCATCAGATGGTTCCGGACGGAAGCGAAGGATGCCGCATACCGGGACACGGGATGGGGGGATGGAATGAACCGCAGCCGTTCCGGAAGCGGAGGGCCGCCGGCCTGACTTCCCATCGTGCCCAGCGGCAGGGAAAAAGCAGCCATGCGCTCCCCCTTCGTTTCCGAAGGTTCAAACAGCAGGTTATGGCCCATATCATGGGAGATGACAAAAAAGAACGGACATTCCGCACGGCCCAGGGCATTCATGCGGCTGATGGTCTGTTCCCGTGTGTACATTGTCGGGAATTACTCTATCATGTGCGCGCCATGAGTCAACCGAACGTCTGGATCATCGACCACCGGGATTCCTTCACCTGGAATCTTGCGGAACTCGTCAGAATGACGGGAATGGCCGTTCCGCGCGTGGTTTCCAATGAATCCCCGGAACTGGAACAGGCGGTTCAGGCGGGGGAAAAGATTATCCTGTCTCCCGGTCCGGGAACGGTGGAGGATGCCTGCCACCGGGCCACCTTCCGTCTTCTGGACCGCCTGCCCCGCTTTACCCCGGTGCTGGGCGTATGCCTGGGGCATCAGATCCTGGGCGTGCGCTTCGGAGCCCGTCTGGAACACCTTTCCCAGCCCCTTCACGGAGCGCGGGAAGTCATATGCAGGACGGAGCAGTGTCCCCTCCTGGAAGGATTGCCGGAGCAATTTCCTGCCGCGCTTTACCATTCCTGGCGCCTTGCCGCTTTTCCCTGGCCGGCGGAGCTGATTGTCACGGCGAGGGATTCCGGGAAAAACGTGCAGGCCATCCGCCACAGGCACCTCCCCCTTTACGGCATTCAGTTCCATCCGGAATCCATCCTGACGCCGGACGGAGAAGCGCTGCTCCGGAACTTCCTGTCCCTTCCGGCAGGCAGCAGGGAAAAACGGCGCATCAAATGATTCAATTCCAGCCGCCTGGCATCAGGGATGAACGGGACAAGACCGGAAAGTGTCTCACTCCCGTGCGGTTCCGGTTCCCATGCCCGGCCGCTTCAGAGATAACGTTTTTCACCTTTATGAATGCACAGGACGAACTCAAGATCAGGGACATGGAAATCCTGTTCCAGCCCTTCCACTCACGCAAGCTCAGCACTCCCACCCGCATCGTCCTTCCGGCCATGACCCGGGGATTTTCTCCCAACGGGGTTCCCACGGACCAGGTAGCCGCTTATTACAAAAGGCGGGCCAGACATGAAGTAGGGCTCATCATCACGGAGGGCACTTTCATTGACGAGCCCAGCGCCTCGCCTTCCTCCAACTATCCCAATTTCTTCGGGGGCGCTTCCCTGCGGGGATGGAAAAAGGTGCTGGAAGCCGTCCACACCACGGATTGTAAAATAGCCCCGCAACTCTGGCATGTGGGTATGGCCCGGCCCTTCAAGGGAGAAAACCTGCCCAATCCGGAGCTGCCGCCCATCGGCCCTTCCGGAATTGACGTAAACACGCTGGAACAGACGGCGGAACCGATGAGCATCGCTAAAATTGAGGAGGTTATCAATGCTTTTGCGAGGGCGGCTGCGGACGCCAAGCGGCTGGGTTTTGACGGTGTGGAACTGCATGGAGCGCACGGCTACCTGATTGACCAGTTTTTCTGGAAGGAGACCAACAGGCGCACGGACGAATACGGAGGCGACCTGGTAGGCCGGACCCGTTTTGCCAGCCGCATCATCCATGCCGTCCGCAAGGCAGTGGGCAGCCAGTTCCCCATCATCTTCCGCTTCTCCCAATGGAAAACGGGCCATTATAACGCCAAGCTGGCGTATACCCCCATGGAACTGGAAGCTTTTCTGGCTCCGCTGACGGATGCGGGTGTGGATATCTTTGACTGTTCCACGCGCCGGTTTTGGGAACCGGAGTTTGAAGGTTCCCGCCTCAATCTGGCCGGCTGGACCAGGAAGCTTACCGGAAAGCCCACGATCTCCGTCGGCTCCGTGGGGCTTAAGGGAGATTTTACGAATGCCTTTGACGGGGGGCCGGAAGCGGAGGCCGCCAGTGTGGAACCTCTGGCGGAACGGCTGAAAGCAGGGGAATTTGACCTGATTGCCGTAGGCCGCGCCCTGCTGGCGGATGCGGAATGGGCGGAAAAAATACGACAT
CP137887.1_gap66	2506833	2509443	2610	GGACGGGCTGATGGCCGCCATTGCCGCCACGGGATTTGCCGTCATCTCCAATCCGCCCAGGCGCGCCATTGCCGTTTCCGCCGTTCTGGCGGCCGTCGGCCACGCTTTCCGCTTTTACATGCTGCACTCCTGGACCATTGACATTTCCAGCGCCACCTTCATTGCCGCCTTCACCATAGGCATGCTGGGCGTCATGACGGCCAAGCTGGTGAAGTGCCCGGCGGAAATATTCGCTTTCCCTTCCCTCCTGCCCATGATTCCCGGCGTGTACGCCTATAAGACCATCCTGGCCCTGATGCAGTTCATGCAGGAGAACCAGGACGCGGCCGTCATGAACCGTCTGATTGTGGACATCTGCAAAAACGGCATCACCGCCTTCTTCATCATCTTTTCCCTGGTTATCGGAGTAGCCATACCCATGCTGATGTTCAAACGGTTGAGCTATACACGCATCATCAAGCCGGGGCATTGACCTTCAAACAAGGGAGACAGGGCATTTTTCTCTTGCCAGACTGCGCCCCGTGTGGTTTACTACGCCCCGCAACGGCAGAAACGCCTGAGCAGACAGCCCCATAGTGTAATTGGTAACACACCTGATTTTGGTTCAGTATTTCTAGGTTCGAGTCCTGGTGGGGCTGCCAATCCAACCCTCCTTCAAGGAGGGTTTTTTGTTGCCTTTTTTCAGGATTCATCCTCTCCCGGAGCAAGCTTGAACGCCATTCCCCCATCATCCGCACAGATTCTTGAAAATCCAGCAATCGTCCTGCCGCGCATGGAACATGCGGGGGTGGAGGGAAATGCCGGAAAGAAGGGTATTCCATGAGCATCGCACACACGGCATCCCGGGACGGTAAAAGCTCTTGCGTTACAGGGATTTTTTTGCATAATCCCCCGGCAGGAATGACGGAAAAACCTATACAACTTGGGCTTGCCGGGCTGGGAACGGTCGGTTCCGGCGTTTATGAAACGCTGTGCCGCAATCACGCCCTTCTGGAAGCCCGAAGCAAGATTCCTTTCAGGCTCAAGCGCATCGCCGTGCGCAACCTGGAAAAGCCCAGGGAAACCGTCGTTCCCCGGGAACTGCTGACGGACGATTGGCAGGATTTGGTAAACGACCCGGAGATAGACATCATTATTGAGCTGATTGGCGGAACGCGCCAGGCTTACGACCTGGTGACGCTGGCCCTCCGTGCTGGCAAGCCCGTCGTTACGGGGAACAAGGCTCTTCTGGCCGAGTACGGAGCGGAGATTTTCAAGCTTTCCGCGGAAATGGGCACCCCCATTTATTTCGAAGCGTCCGCCGGCGGCGGCATCCCCATTATCCAGAGCTTGCAGAATTCCCTGATTTGCAACCACATCAATTCCATTGTGGGCATTATCAACGGAACGTCCAACTATATTCTCTCCGCCATGGGGGAACACGGGGCCGATTACGCGGACGCCCTGGCCCAGGCCCAGAAGCTGGGCTTCGCGGAAGAAGACCCCTCCCTGGACGTCAACGGCTGGGACGCCGCCCATAAGGCGCTCATCCTGGCGATGCTGGCCTACGGAACAACCATTTCCCCGGATAAAATTTACGTCAGAGGCATTGAGAATATCACCAGCCGGGATTTCGAATTTGCCAAAAAACTGGGCTATACCATCAAGCTCCTTGTCGTCATCCGCTACCATGAGGGGCAGGAAGACGCTCTGGAGCTGCGTGTCCAGCCCTGTTTTGTCCATGACTGGCATATCCTGGCTTCCGTGAACGGCGTGTTCAACGCCATTTCCGTCAACGGGGACATTGTGGGGGAAACGCTGTTTTACGGCCGCGGAGCGGGCAAGAACCCCACCGCTTCCGCCGTCATCAGCGACATCATCACCGCCATGCGCGAAAGCCGCTATCCGGAATACCATACGGGCTTCAATCCCTATGCCAAGGCCTGCGGGATCATGCATATCAATGATACGGTCACTCCGTATTACGTCCGCTTCCAGGTAGCGGACCAACCGGGAGTCATTGCGGAAATAGCCCGCATTCTGGCCACCTTCGGCATCGGCATTTCCGCCACCTCTTCCGCTCCCAGCCATATTGATGAAGGCGGAGCCCCCTGGAACGACCTCGTTTTCATCCTCCATTCCTGCCCGTGGGGCCAGCTCCAGAAGGCTCTGGAGGAAATAACCCGCATTTCCTGCGTGGCGGCGGAGCCCCGCGTCCTGCGCATAGAACATCTTCTTCCTCAATCCTAACCTACATATCATCCTGTTACATGGCTCTTATCGTTCAAAAATTCGGGGGCAGCTCCGTCGGCACCATTGACCGCATCCGCAATGTAGCGCGCCGCATCCATGAAACCGCCAGGGAAGGCAACCAGGTGGTCGCCGTCGTTTCCGCCATGAGCGGCGTGACGGACAAGCTGATCGGGCTTGCCAGGGAATTGTCTGAAACGCCTTGCGAACGTGAACTTGACGTGCTGATGGCCACCGGTGAACAGCAGTCCATCGCCCTGCTCTGCATGGCCCTGCATGAACTGGGTGAAAAAGCCATGTCCTTTACGGGGGCGCAGGCCGGAATCACCACCTTCGGCAGCCACACGCGGGGGCGCATCCACAGCATTGACCCGACGCTGA
CP137887.1_gap67	2554889	2556626	1737	TTCAAACCCTCCTCCGTAATCGGCGCACCCCCTGCTTCCTGGGCGGAAAGCACGCCGCCGCCCAGCACGCCGCAGAGGGCCAGTAAAAGAACCCCCTTTTTCAACAATGGTGAGAAAATCATATTTGTTAAATAATACTGTTCAGTTTCCGGAATTGTTTCAAGGAAAAACGCCCGGCCCCTCCCATGCCCGGGAAAAAGCCCCTTTGTGTGACATGGAACGCTCAGGCCCAGGGAAAAAAACTGTCCATCCCCCTTGACGGGGGCCGTATAATGACGCTCGCAAAACATTTTTCCATATGAATACAGAAACACATCAATTTCAGGCGGAAGTCCGGCAGCTGCTGGACATTGTCATCAACGCCCTTTACAGCGACCGTGAAATCTTTGTCCGCGAACTTGTCTCCAACGCTTCCGACGCCCTGGAAAAACTGCGCCTGAAGCAGCTGACGGACTCCAATATTTACCAGCCGGACAAGCCCCTGGAAATCACCGTAGCCACGGATAAGGAAAACAAAACCATCACCATCGCGGATACCGGCATCGGGATGACGGAAGCGGACCTGGTGGAAAACCTGGGAACCATCGCCCACTCCGGCACCAAAAAATTCATGGAAGCCCTTAAGCAGAAGCAGGAAGGCGGAGCGGACCTGATCGGCCAGTTCGGCGTGGGCTTCTACAGCTCTTTCATGGTGGCGGACCGCGTGGAAGTGTTCACCCGCTCCTATGAACCGGAAGCCGCCTCCCTGCGCTGGTCTTCCGACGGACGGGAAGGCTACAGCATCGAAACGCTGGCGGAACCGCTGGACCGGGGCACCCGCATCGTCATCCGCCTGAAAGACGAATATGAAGAATTCTCCCAGGAATACCGCGTCAAGGAACTCCTGCGCCGCTACTCCAACTTCGTGGGGTTCCCCCTCAACTTCAACGGAGAACACATCAACACCGTCCAGGCCATCTGGTCCAAGTCCAAATCCGACGTGAAGCCGGAGGAATATGACGAGTTTTACCAGTTCATCTCCCATACGGATGAAAAGCCCCTGTCCTACATGCACTTCAGCGCGGACGCCCCTATTGCCCTGAATGCCCTGCTTTTCATCCCCAGGCGCAATCCGGAAATGTTCGGGTTCGGCCGCGTGGACGCCAACGTGTCCCTGTACTGCAAGCGCGTGCTGATTGACGCCAAGCCGGAAGGCCTGCTGCCGGAATGGCTCCGCTTCCTGAACGGCGTGGTGGACAGCGAAGACCTGCCCCTGAACATTTCCCGCGAAATGCTTCAGGACAATTCCCTGGTGCGCAAAATCAGCGACATCATCACCAGGCGCTTCATCAGGCATCTGGAAAAACTGGCGAAGGACGACAAGGAAACCTACAGGGAATTCTACGCGCAATTCTCCCGCTACCTGAAAGAAGGCGTCGTCACCTCCTGGCCGAACAAGGAATCCCTGGGCAAGCTGCTCCGCTTTGAATCCACGTCCACGGAACCGGGGGAAACGACCTCTTTTGAGGAATACCTTACCCGCATGAAGGAAGGGCAGACGGCCATTTACGCGCTTACCGGCCCTTCCCGCTCCCATCTGGAAAACAGCCCGTACCTGGAAGCCTTCAAGGCCCGCGGCTATGAAGTGGCCTTCTTCACGGACCACGGGGACGAATTCGTGCTGGACTCCCTGTCCAGCGTGGACGGCAAGCCCGTCACGATGATCGACCGCGCCGACGTGGAACTCCCCGCCCTGGA
CP137887.1_gap68	2593091	2594175	1084	AAGTTCCGGCGCGGCAGTCCCTCTCCGGCATCCCGGCAGGCGAATCCGCCGGAACCGTGGAAGTATGGCATCCGGACGTACGCTTTTTCACGATTGACGACGGCAACGGCAAACAACTGGGTTCCTTTTACCTGGATCTTTTCTCCCGTAGCAATAAACGGGCCGGAGCGTGGATGAACACCCTGGATACGGGCAGCCCGTCCACGCCGGAAACCCCGGGCAAGCCGCGCCTGGGCATGGTCTGCCTCAATATCCATCCCCCCGCGGCAGGAGACACGGTGACACTGTCCCACCGGGAAGTCAGGACTTTATTCCATGAGTTCGGCCACTTGCTGCACCTGATGTTTACCAGGGTTTCCATTCCTTCCCTGGCGGGGACCAGCGTACCGCGGGATTTTGTGGAAGTCCCCTCCCAATTCATGGAAAACTGGTGCTGGCGGCCGGACGTGCTGAAAAGCTTTGCGCGCCATGAACGAACGGGACTCCCCATTCCGGAGGAAATGCTGAACGCTCTGGACGCCTCCCGCGGCAATACGCCTGCCCTCGCGCTGGCCGGGCAGCTCCTGTACGCAAAGATGGACCTGGCCGTGCATTCGGAACCGGAACGCTTCTCTGCCGGCTCTCTCGATGATGTGGATTCCGCCGTAGCGGGAGATATGGATTATTTCAAAGATTTCAAAAGAGCCGGCAAGCTGCGCACGGCGCGTCACTTGTTTTCCTCTCCTGCGGGCTATGCCTCCTTTTATTTCTCCTACCAATGGGCGGAAGTTCTGGACAAAGATATTTTTGAAGCCTTTGAACAGGCCGGAGGCCCGGACAGGGAAACAGCAGGAAAATTCCGGAAAACCATTCTGGAAAAAGGCTATGCGGTCCCGCCCATGCGGCAGTTCATGGATTTCATGGGAAGAAAGCCGCGCATGGACGCCATGCTCCGCAAAAGGCGGCTGGCATCCTGAAATAAAGGATTCCCAAACCGCAGCAGTCTCTTCCGCGCGGTACAGGCGCAAGTCACATATTATACATTTGTTTAATTAAATTATCCCTTCATTATGCAAATGTTACAGATATTTTGCAGAATTCAGAA
CP137887.1_gap69	2652784	2657493	4709	GGGCCGCGTAAATCGGTGTCGTTCCCCCAGCCTCAGACCGGTTGCACACCACAGCCTCATAACCCAGCCGCTCCAACTCATCCTTCACCTTGCCAATATGGGCCGTCCAGAAAGAAAACTCTGAATGCTTCCGGTTCGTCATTACAGCCCCGCCATCCTGCGGGCTATGCCCGATACTCAATGCTACTCTCATCATCTACTTATTCTTGCTTATAAACTGTTCATTCGCCTCTACTACAAACTGACACGAACTGCACTTATGCTCGGCCTCCCGACGCGCCTCCCGCTCCTTCTCCAACTCCGCCTGCAACTTCTCATTCTTCTTCGTCTCCCTCCAAAGGAAAATCGACATCACGCTCACCACACTCGCCGGAGTCATCAAACTATCAATCGTCGGGGTAGAAGTAACGGCATTCGCCACCGTCAGCATCGCCGCGCCAAGAACGGAACAGCTCGTCAGGGAACCGGTCATCTTACTTATCCTGTTTAACTACGGGAGAAACATCACTCACGGGCTGAACCTGTGAAAAACTCACACGCCCCGGCTCCAGCACCAGACAGGCCCCATCCTTGCACACCTCAGCCCGGTCTGGCGTCACATTCACGGAATGCCCACAACCGGACAGAGACATTCCCAAGCCGCCAAGGATAGCCCCGGCAATAACTGCTCCGGCGGCATACAGGGCCTTTTCCCACCAGCTAGACTTGCCGGCAGCCTTAATACCGAGATAGTCACGGACATCCCCCAGCGCATGCCTGCCAATAATGGGCAGGGCTTGCTGCGCCAATCGCACAAACGCGGACCGCTGTGAATCGGTTAAATCTTCCCAGGACTTCCAGCCGCCGCCGTTATCCTCGGAAACTACCCCATAAAAATCCTTGGCTATCGCCTCGGCATGATTGCATTCTTTATCATTAATCATATCACTTCTTCTATCTTCAATCTGTTGAGCTCCGCCTTCTGCCACCTCCGCCACGGCAGGCCGTTTCGGCCCCTTCCCCGTACTCTTGCCAATCCCTCTCCTGTACCGTCTCTTCATTACTCGCCCTCCTCTCTACCCTTATCCTTCGGCAGCATCTCCAGCCACAACACCACCTCACGATGAGCATCCCGCCTCATCGCATCCAAAGGATCAAACAACCTCTCCCCATCCTGCTTCTGAAAACACGGCAAATCTGTCTGAAAAAACTCCTTCATCCACTCCAGCACCACCTTCCACTCCTCGCTCCGCAACAACAACCTCTTGGCCTTCCACCTCCGCGCAAACAAATCTAACAACTCCTTCTCTTTATCTACATTATAACTAATCATAAAACGTACTGCTCATAAATCAACTACGCCGCTCCACCCTGAGCCTCCGCCGCCATCTTGGCAGCCGCAGCCTCATCCTTCATCACAGCCGCGCCCGCCTGACGCAGCCTCAACTCATCCTCATCCATCACCGCCGCACTCTTCCGCCGCCTCATGTCCTCCACCTCAATATTCCCCCTGATACTATCCTCAGACACGCCAAGAGACCGCAGCCGCGCTCTCATGCCACGATCCACATCCAAATGATCCAGCAAACCGGGTACCGCCTCACCCAACTCCACCGCCTCCCTCAACGCGGCAGCAAAAGCATCGCTCTCAATCCGCTTCAGCACCAACGCCACCTTATTATTATACGTCACCCCCGGATTCTTCAGCACAGTCCCCACAACAGCCCCATTCCTAATCACATCCTCTCTCACGCAATCAGGCGGATCTGGAAAAACCCCGGCCCTGTACAGCACCATAAACACCCTGTCCAGCGTCGGCTGCACATCATAGGCAAACTGCACGAAAGACGGAAAAAACTGCAACAAATACTGATTCTCGCGCGCCATCACCTCCGTCGCCGTGGGAAACCCCTTCTTACCCTCATCATACGCAAACAGCTCCAGCATCGGCACCAAAAACGCATCCTTAATCCGCTGCTCCTTATCCGCAAGCTGCTTATAAGAAAGACTCACATCCCCCACAGCCGCCCACTCCTTCGGCAACAACACTCCGCCATCCTGCAACAAATCCGGATCAACCAACGTCTTCCCGCCAGCCCGCAAATCAACCTCTCCCACCAGCTTTGCCGCCGTCAAAATCCGGGGATCTATCGCCACACGCCGCGCCTTCTCCAAATCCTTCTCAATCTCCTCCACCCCCCTCACCTCGCCCTCCACATCCTGCCACGGAGCAAACCCGAAAAAACTTGTCCCATTCATCTTCCAGCGCGTCGCCATATACGGCATCTCCCACTCCATCTCCCGCCGCATCACCCTCTTCCCCTGCTGATCCACATAAAAACTCTCCCAGCCGCGGCCCATCTTCGGCTTCTTCGCCCGCCGCACCACATGCAGCACCACCCACTTCTTCTCATACATACCGGCCCCTCCCTGATGATAATCCGCCGCCATCCCCTCACTCAAAGCCGCCTTGCCAAACAAATCCGCCACATCATAAGCAGACAACAGCATCTCCCTCACAAACACCACCACCCGGCCCTCGTCATCCACCTCCCCGCAAACCTGTTCCGGGGAAATCGCCTTAAACAACAACCTCTCGCTCCTGCCCGGCCCGCAATACAAACTCCCCGTCCCCATGCCGACACGATCAAGAAAACACTCGTAAATCTCGGAATAAAAATTGCTCCGCGTCAGCTCCATCAAAGCAATATCGGAACACTTGCCATACCATGCGTTAGCCTCCTCCACATCCTCCTCCGCTACATCTCCGGGCCTCGCGATCCACTTGAACCACGGCTCATGGCTCGTCACAATATGGCTCATATGCGCTCCGGCCAGCCGGGCACAGGCCATCCTGGCCGCCCCATTCCGCACCCTGCCCACAAAATCGGACGGACGAAACCTTAAATCATCCACCCTGTTCGGCAGCAAATACCAGCGGGCAAACTGCCACGTCTTTGCAAGCTCATCCCGTTGCTTCCTCAACCCGTTATACAGGCGCACCAGCTCATCCGCCTCATCCTGACGGCTCATCCCAACGTCTCCCGTTTACCACTAGCCGCGCCTCCATGCTGCCTCTCTACCTCACTCGCAAGCAGGGTTGATGCCCTGCCTCGCCGTCTGCGTTGCTCCTCCAGTAAACTGCGCTTCGCCGCATGTTCGCTCTCCCCGGCACTCACCGTCTCCACCTTCGGAGCCTGAACGGGAGGAGCTTCACCCTTCATATTCTTCTTGAAACCCATACCCCACTCATACCACGGAAAAACAAAAACGCATCTAATCATTCAATTAGATACCCACACAACACGCAAACCATCAACAACAAACACACAAAAAAATCAATCCATCCTCGCCAATCCTCCGCTCCTGTTCCCTCCGCCCCAATCATCATCCTCATCCAGCCATCCGCCAGACTCCTCACGGCTAACAAAACCGCTCGCACGTGACACCAGCCCCTTCTTCAACGCCTCGCCCAGCGTCCTCAACGCATCAGCCCCATGAGACGCCTCGTTATGCTCCGGCACATCATGGCTCACCCCATCCTCCAGCACCGTCTTCTTGCGGTAAGCGGCAATGCAATCCACCCCGCTCAGCAGCTTCACATCACCCTCGCCCCGGCACTCTTTAAGGCAATCCTCATGAAACACCGCATTCTTCAACATCGTCCTCACGGCATCAATCCCCATCCACACGCGCGGAATCCTCGGCACCCTCACCAGCCGCCCTCCAATCCCGGTATTCCGAAAAAGAGACATAGGATCACCGCCCCAATTCCTCCGGTTACCGTCGTGCGGAAACAAATGCTCATCAAAACTCATCCCCAACTCGCGCTCCCACAAACGAATCACCTCGGCATACTCCGTCATCCCCAACCCGCTGGACTGGTAAAACTTCAGCAGCCGCACCTCATACCCTACCACCTGCGCCGCCCAAATAGCCGTACTATCGTTCAACCCTAAATCCCATGCGGAAACTAACGGAAACCCCGGCTCCACGGCAAACGCCGCCCCCACGCGCCCCTGCGCCCGCAACCTGTGCATCACGGCACCATAAATCGCCCCCGACACATGCGGCCACAACGCCTCCTCCGGCGTACTCGGGTACTCCTGCTTCATCAACTCTCCCTGCGTCTGCTTCATGTGGCTGTACCACACCATCTGCTCCTGACTCAGGCTGATACCCTTCTCCCTCAACTCGTCAAAATACGCCCTGTCCTCATCCAGCACATCATACCCCTCTCCGGCCAGAACGTACCCTGAATCCTCAAACCACGGGAAAAAGAAAAACTTCCATTGTACATTGGAAAGCCTCTTCCCCGTCAAATCCAGCGCACCCTTCATAATCTCATAATTCAGCCCGGTTCTGCCCCCTTCATGCGTTGACTCGTTAAACAAAAACCCGTCGCTCGGCACCGTATTAAACGCCCCGGACAATATTTCCGCAGCCTTGGCTGGAAAATGGCACGCCGTACTCCCAAACTCCGTCAGCCAAAGCAAATCCAATGTGCCGCCGCGCAAACTGGCCCCGGAATAAATATCGCTCCCATTGGCAAACCTCAGCTCACGGTCATTAGCATACACCGGCACCAGCCCTTTGCTCTTCACCAGCTTGCCAGTCCTCTCCTTAATCATCCGGCCCAGCCTCGCCAGCCACAAATCATCATCAGTCGCATGTGCAGGCACATAATCCAGCCTGTCCCATGCAAACCTGATCTTGCCCAGCTTATTCTC
CP137887.1_gap70	2662215	2663249	1034	GCCGTCGTTTTCAATTTGGTAAACCTTGCCAGTCTCTTCCTCCATCTTCGGGACTGCCGGGATAACTCCACGGCTTCATCCAGAGACTTCGGCACGCACTTTTCAATCTCATTCACGCGATTCCAAAGCATGGCCAGCAGGCGCCGCTTTCGCAAGATGTAACTTTGCCGGACAACCGTCTTCGGTGCCGCCTTTGTCCTTCTTACGGACTTTTTCTTTTTTATCGTTCCAGACTTCATGGGGATTATTCGATTTCTTCAAGGTTGTTTATGGCACTTGTTATGCATTCACAGGCTTCCTGCATGGAGTAAATGGCATTGTATGATTGCTCTATGCGGTTGATCATGTTTTCCGGGAGGTTATCTTTATACTCTTCTTCTTCCTCCCTTCTGGTTCCCCAGGTGCAGCCGTCCTTCTCCGGGTCCACGTACCAGTGCCCATCCGTTCCCAGGAGGTCGCATTCATGCTGCTTCCCCGGTTGGCGGAGATGGGGCCGGGAGGGGCGGCATCGTTTACAATCCCGGCACATGGTCCAATGTTCCGCCGCCCGCAGGATGTTCCCGGCATCTCGGATGGTGTAATATGTGAAACTGCCCTGGGAGCCGTGCCACTCCCTCATGCTGGTTTCATGGCGGCGGGCGTCAGATTCGTTGGCGTAAGTGAAATACCTTGCCCCCGCACCGGGTATGATCGCCACGGATATGTACCGGGCGGCCTCCCAATAAAATGTGTTCTGCATCATTGCTGGCCCTCCTTCCTGTTAAGCTCCCAGGGCCATTGATCCACGTCATCCGGCGTGGCTATTTCTACATCTCCACGGCAGTTTTCTAGATATAGTTTCCCTCTGTCAGTATCTTTGCCAATGACGGTTAAAATATCGTCGTTAAAATCCAGTTTGAGATTGTTTCCCTGATGTACCCGCATGATGGGCGGGAACTTGAAGACAAGCTCATTCCAAGCCTCTGCGGCTTCTTGGGGCGTGAATTGCCGCAGGGCACACAAGCCACATTGAGTACAAATATATTGGTATCCTT
CP137887.1_gap71	2731546	2733326	1780	CCGCCATGTACGGTATTGCTAAACAAACGGGAATCCGTTAGGATTTTTGCACCTTTTCCCCTCTCCTCAGGACCAATCCTGCTTCATCTTCATGGCTGAATTAAGTTCACAAGCTCCCCGCAGGCACATGCAGGCCAACAAAAGGCGGCATCCCAAGGCAAAGCCCAGGAAACGATTCTGGAGCTTTATCCGAAAGCTGGTCTTGTGGTGCCTGGTGATGGCGGCTATCGGCGCGGCCGTGGGATACTTCGGATTCATGATGGCCTGGAAACGTTATGACAACTGGGCGGCGGAATTTGATCTGGAACGCATCAACGACCTGGAAAAACCCAGCATTATTTATGACCGGAACGGGGAGGAAATAGGCCGTATTTATGTGGAGAACCGCAGCTACGTCACTCTGGACAAAATCTCCCCCGCCATGATTAATGCGCTGATCGCCCAGGAAGATTCCCGCTTCCGGGAACATCCGGGCTATGACTTCCTGGGGATTCTGCGGGCAGGCCGGGAGTATATCCACAACAGCGGGGACGCCAACCAGGGCGCCTCCTCCATCACCCAGCAGCTTGCCAGAAATGCGTATGACCTGAAAAACCGCGCCAAAGCCAGGAATGAGGGCAGCTTTGGCCGCAAATTCGTGGAAATAGCGCTGGCGCGCCGCATTACGGAACGGTACAGCAAGGACCAGGTTCTGGAATTTTACCTGAACCGCGTTTACTTCGGCAGCGGGTTTTACGGCATCCGCGCCGCTTCCCTGGGCTACTTCGGCAAAGAGCCGGCGGACCTGACCACCCGGGAGGCCGCCTCCATCGCCGCCCTGATCAAAAACCCGAACGGACTTTCCCCCCTGAATAATCCGGCGAGCAATCTGAAATGGCGCAACCACGTGCTCAACCGCATGGCCAAGGAGAAATACATTACGCCGGATGAAGCGGAACGCCTCTCCGCCATGGAGCTGGGGCTGAATCCCAAGCCGCTGAAACGCGGCGTCTCCCACATTTACGACCGCATTTCCTCAGAAATCACCGCATACCTGGGAGAGGAGCGCGTCAATGCCGCCGGGCTTAAAATTTACACCACCATTGACAGGCAGCTCCAGGAAGTTACCGGAAAAGCCCTGGAACAGGCTCTGGAAAACATTGAAAAACAACCCGGTTACCGTCATCAGAAGGCCGCAGACTACCACAGCGGTTCCGCGAACAAGCCGCGCTATCTGGAAGGAGCGCTGCTGGTGGTGGACAACAAATCAGGCGCCGTCCTGGCCTACCACGGAGGCAGGGATTACACCAAGCGCCAGTATGACGCCATCAGGGACGGAGCCCGCCCCACCGGCACCTCCATCCTCCCTTTCCTGTATGCTACAGCCTTTGACACGGGAAAAAGCCCCGTCACCCGCATTCTGGACGATGCCATCGACAACCGCCTGACGGGCATCGGCGGTTCGGAAGGAATCCTGGGGGAATGGGGGGCGGAAAACTCCAAAAACCGTTATGAAGGCATGATTACCGCCCACCGCGGCCTGTCCGCCTCCAAAATCGCCGCCTCCCTGCGCATGGGGATGGAGATGGGCACGGCCCCGTTCGTCAAGAAACTGACGGATTTCGGCATCCGCAAGCCCGTGAGGGAAACGGGGAGCACGGAAGTAAACCCCGTTTACCGCCCCAAAATTTTCGTGGGTACGGAGCCTGCCTCCCTGAAGGAAATGACGCTGGCCTACACCGCCATCCCGAACGGGGGTTCCCGCCCTCAGGATATTTACTATCTGGACAGGATAGAAGAT
CP137887.1_gap72	2742601	2743886	1285	TCATGTACATCCTTACATTTGACCGCGCCCCGGAATGCGACCTGGAGTCGCGCCCGCTGATGGCATACGGCACCCGCATCCACAATAATTGCCCGCGCCGCGCCCATTTCGACGCCGGACAGTTCGTCAACGTGTTTGACGACGAGAACGCGCGGGAATGCTTCTGCCTGTACAAGGTGGGCTGCAAGGGCCCGGATACGTTCTCTCCCTGCCCCATCGTCAAATGGAACGGCGGCGTCAGCTTCCCCATCCAGTCCGGCCACCCGTGCATCGGCTGTACGGAGCTGTACTTCTTTGACCGCATGACTCCGTTTTACAAGACGCTGCCGAACGTGAACGGCTTCGGCGTGGAAGCCTCCGCCAACATCATCGGGGCTGTGGGCGTAGCCGGCGCCGGAGCGGCAATCGCCGCCCATGCCGTGGGCTCCGCCATTCATTACAGGAAGCAGCACATGAAGGAGGAAGCAAACGTCTCCCTGCCCGCCTTCGGGGACGCTCCCGGCTCGCCCGACAAGGAAATTGAAGAATAGCCAGAAGCCCTCACCACCAGATTACCATGAGCAATTACACATCAGCGGACGTTCCGGAATCCAGCCGGGTGGTCATTGACCCGGTAACGCGCATCGAAGGCCACCTGCGGGTGGAAATGGAGGCCGGGGACGGCGTCATCAAAAATGCCTGGACGTCCACCACGCAGTACCGTGGCATTGAGGTGATCGCCTGCAAGCGGGACCCCCGGGACGTTTGGGCTTTTGTGGAACGCATCTGCGGCGTCTGCACGGGTACGCACGCCATCGCGGCCCTGGCTGCGGTGGAAGACGCGCTCCAGTACCCGGTGCCCGTCCAGGCCCGCCTCATGCGCGACCTGGTCAGCGGAGCCCTGGGCATCCAGGACCACGTCATCCATTTTTACCAGCTCCAGGCCATGGACTGGGTGGACGTGATGTCCGCCCTGAAGGCGGACCCCGCGGAAACCGCCGCCATCGCCAAGTCCCTTTCCGACTGGCCCCTGTCCTCCGCCGCGTATTTCGCCGGAGTGCAGAAGAAGCTGAAGGACTCCATCGCCTACGGGCAATATTCCATCTTTACGAACGGCTACTGGGGCCATCCGGCCTACAAGCTGCCGCCGGAGGTGAATCTGCTGGGCGTGGCGCATTATCTCCAGGCCCTGGTCTGGCAGCGGGACATGATCAAAATCCACACCATCCTGGGCGGCAAGAACCCGCACCCGAACTTCCTGGTCGGCGGCATGGCCTGCGCCATCAACATGAACAATGACCAGGCC
CP137887.1_gap73	2786231	2787758	1527	GCAAATCCTCCCGGGCAGGTGAAATACGCTCCGGTCCGGAACCTCTCCCAACTGCCTATGGACGGCGGCTGGACGTACGGGGAAGTGCTGGACAAAGCCGCGGCTGGAGACTTCCGGGCCAATATGCTGGCCGGGGAATACTGGATGGGGCTTTATTACCTGAACCGTGGAGACCTGCCGCTGGCCTGCCTGGAACATATGCAGCATTTTTTCCGTGATGCGGCCACGGCATCCGGCCATCCGGCACCCAAGCTCATGATGACGGATCCTTACGGGATTTTCGGGATTTTCAAGGCGCAACCCATGCAACCGGAACACGCGGAATGGCTGGCTGCCTGCCGCAAGCTTGCGGAAAAGGGAGACATGGATGCCGTTACGGCCCTGTACACCGTCACGGATCTTCCGGAAGCCGAGTTGAGACGCTACCTGGCCCCCCTGGAAAAGAAGGCCGCTTCCGGCGACCAGGATGCGCTGGCCCAGCTCGCTTTCATCAAAGTGGATTGGCTGAAGGAAAATCCCGCCAACGTTATCGAGACCCTGAAGCAATACCGGAAAAACGCCAAACCGGTTCTTCTGGCGCGGATAGGGGAACTGGCCCTTGCCATAGACGGCAAGGACGGCAGGGGATGGAGGGATACGGCCATTCAATCCCTTTCCCGGGCTGCGGAAAAGGGGCATGCGGGGGCCATGCGGCTTCTGGCGGAATTGACGAAGGGGGCCGCACCGGCACAGGCTGGAAAGCTTTTGGCGGAACTGCGCTCCAGAGGGGATCTGGAAACTCTGCTGGCGGACCTCTCCGCCGGCATGAAGGAAAAAACAGGGAGAGGGAAAAGCTCCCTCCTCCAGCCTTTGTTCGAGCAGGCCAGGAAACTGGGCAGCAATAACGCCTGTGCCTGGTACGCCCAGTTAATTTCCGAAGCGCAGCCCCCGCAGGAACAGGAGCTGCGCAAGGCGGCCCTTGATCTGCTGTCCCTTCATGACGAACGGGGCATGCCATACCTGAAGGAACCTCTGTCCTTCCCCCAGAAAAAACTCAACCAGCTTCCCCCCTACGCCAAGACGCATAAGGAGCTTGAGCTGGCCTCTCAGCTTGGGGACGCAGATTCCAGCGTACAGTTGGGCGAGCTGTGGAAGGAGGAATTGGCCAATACACTGGATTCCGTAGGGAAGGCCCATGAAGCGCGGGAAAATATGCGCGTATGGTACAGGCAGGCGGCGGAGGAAGGCCACCCCCTGGCCAGGCTGCGCCTGGCCCAAATGGAAAACCCGGACTTAATGGACAAACCGTCCGCAGAACCTGCCAGAACGCTGCTGAACGATTGCCTGGCAAAAGCCGCCGCAGGAGATTTCATCACGCTGAAAGGCATTTCCGAATACGTCACGCCGGAACAATGGGAACAGCTGACCGCCACCCTCCGTAAAAAAGCTCAGGGGGGGAACGCCCGCAGCCAGGCGGATCTGGCATACCTGATGTTATTCAGTTACAGGAGCGAAGAATCCGGCTACCCGGAAGCCCTGGCCTGGGCC
CP137887.1_gap74	2823440	2823940	500	CCGTTGTCAACCATGCGGACCGCCTCCCTCCTGCATCTTCCCGGGCAGTTCCGTTCCGGTCCCTGTAAGTGGTTGATTTCCGGCGGCGTAATCATGCACTTTTCGTCACCCAGGCCAGTAACAAAACAACAACACATTGATGATAAGTAATTAACAATGTCATACAGAAAATATACTCAGGAGGACTAAATTATCGGAGGAAGCAAGAACAAAATATTTTTTCATGTGGAACCCCCGTGGAACGTAGAGCCGCAGAACGATGACTCGCGCTGTTTCAAAAAGATATTTTTTCCTCAGACGCAAATCAGTAATTTGGCGCTCCCGTCAACCGGGGTGTTGAGCTGAAAGCGGATGAGTTCGCCTTCTCCACCCCGATGGACGCCACGAGCTGTCACGGCTGCGGATGAACCTGATCCGGTTCCATCCGCGGGCGGCCTCGTAGCGGGACGGAACGCCTTACGGCTATTTCTAACCAGCAACATCTTTTATTTCCAATAACA
