gap_id	start	end	length	sequence
CP138982.1_gap1	79322	82305	2983	AACAAATTTAAAGTACGAGCTGATCTTGGCTTGGCCTACAGCTTTACTGAAAACTTAGATATGCATATGAAATATACCATAGGTTTTGAGGAACTTGCACCTAATATGGTATTTCTAGGCTTAGGTTATAAGCTGTAAAAATAAAGCGATTCAATTATTAGATGAATCGCTTTTTGTTTTTAAAATAAGAATTACCTCCCATTCGGAAGGATAGGAAGTGCTTACAAATGAATCACTTCATCATAGGCATCAGCCACAGCTTCCATTACAGCTTCACTCATTGTTGGGTGAGGATGAACTGCTTTTAAAACTTCATGGCCTGTAGTTTCTAACTTACGACCTAAAACAGCTTCAGCAATCATGTCAGTTACACCAGCTCCGATCATATGGCAACCTAACCATTCTCCATATTTAGCATCAAAAATCACTTTTACAAAACCATCTTTATTTCCACCAGCACTCGCTTTACCAGATGCTGAGAATGGAAACTTACCGATTTTTACATCAATACCTTGCTCTTTAGCTTGTGCTTCAGTTAATCCAACACTTGCAACTTCTGGAGAACAGTATGTACAACCAGGAATGTTGCCGTAATCTAATGGTTCAACGTGTTGTCCTGCTATTTTCTCTACGCATAAAATACCTTCAGCTGACGCTACGTGAGCCAGCGCTTGCCCAGGAGTTACATCTCCAATGGCATAATAACCAGGTATATTGGTTTGGTAGTAATCATTAACTAAAATTTTGTCTCTATCTACCACAATACCAACATCCTCTAGTCCTATATCTTCAATATTTGATTTTATACCTACAGCGGATAAAACAATATCTGCTTCTAGTACTTCTTCACCTTTTTTGGTCTTTACTGTAGCTTTTACACCACTACCAGAAGTATCTACAGTAGTAACCTCAGCAGAGGTCATTATTTTTATTCCAGATTTTTTAAAGCTACGCTCTAATTGTTTTGAGACTTCGTCATCTTCAACTGGAACAATTTTAGGCAAAAACTCAACGATGGTCACTTCTGTTCCCATGGAATTATAGAAGTATGCAAATTCAACACCAATAGCACCTGAACCTACAACAATCATTTTCTTAGGTTGCTTGTCTAGTGTCATTGCTTGTCTATATCCAATTACTTTTTTGCCATCTTGAGGTAGGCTCGGTAATTCGCGAGAACGTGCACCTGTAGCAATAATGATATGGTCCGCAGAATATTCTTTTCCATCTACCTCGATTTTTTTTCCTGGTTTTACTTTTCCGTAACCTTCAATGACATCAATCTTATTCTTTTTCATTAAGAATTTAACACCATTACTCATACCATCTGCAACACCTCGACTACGTTTTACAACGGCATCAAAATCGTGCTCGGCATCCTTTACTTTTAAACCGTAGTCTTCAGCATGTTTAAGATATTCGAAAACCTGAGCAGATTTTAAAAGTGCTTTTGTTGGGATACAGCCCCAATTTAAACAAACGCCTCCAAGACTTTCCTTTTCTACTACAGCGGTTTTAAATCCTAATTGAGATGCTCTAATCGCAGTTACATAGCCACCTGGACCACTTCCTAAAACTATAATATCGTATTTACTCATAAGTGATTTTATATTGAAAATGAGTAGCAAAAATATGAAAATACCTTAACAATATTGAAATATAGAGATGTCAAATTTTATCATTTGAGCAAATGTTAATTTGGTTTCGGACAATCTAAAAGCTTTAATGAAAGTATTTTTACAATAATGTTATGCGATAAGTGATTAGTCCATAACATAAGCTAACATAATCACGCAACTAAATAACTTAAAAATTAAAAAAATGAAAAAATTAATATTATTATTTGCAATAGGAGCTTTTACGTTTTCAGTAACAAGCTGTAAAATTGATAAAGAAGAATCTGGCGAGATGCCAGAGTTGGATGTAGATGTAGATGCTGACGCAGGTGAATTACCAGAATACGATGTAGATTGGGCAAATGTGGACGTAGGAACCAATACAAGAACGGTAGAGATACCAAAAGTTGTGGTGGTAATGGAAGAGGAAGAAGTAGAAGTTCCATACATAGATGTTAATATGCCTGGTGAAGATAAAGTAGAAAGAACTCTAATGGTTGAGGCCGAAGTTTCTGGTAACGAGCACGATATAGAGATACAAGAAATAAGAGCAAGTAAAAATCGTTTATATGTAATCTCTAGATTGGAGAAATTGGATACTGATTTAGGTGATAAAACAGTTAGGATTCAAGATCAGGTAGATATTAATGCGCCAGATTTGGATGTTAAGCATATCATTATTGGTAAAAAGGTTGACAGAGTTTTTAATAATAATTATACCTATGTTAACTCCATGAATGATTTAGATGCGAGCATCAGAAACGCTGAAGTAATCTATAAAAGATAACATTTAAGTTAATCAAAACACCAAAACCCTTTCATTGATTTGAAAGGGTTTTTTATATTCAAGGATATTCCAATGCAATGCCTACAAATCATCTGTAAAATGTTGCCTGGCTTTATCTTTAGAGAACTTGTTTTTGTTATAATCCGATGATTTTCCTTTTGGTAATGAGAGAGATTTCCAGCTAGCTCCTTTAATTAATTTACCGATAAAAACAATTTGCCCAATATGGTAGGCATAATGCATCATTTGTCGGTTTATGGCTTCCGTGACTGTATGCCCTTGATTTCTAATATAGACTATACTGTCCAAATCCTCTTCTGTTAAAGGTTTGAGGGCATTGAATAAACAGTCCCAACCTTTATTCCAGTAGGTAGTTAAAGCTTCTCTGGTTTGAAAAGTATCAATAAACTCGTTATCCCGTTCTCGCCAAGTTTTTTCACCATCTTCGGTTAAAAAATTGGTCCATCGGCTTAGCATATTGCCTACAATGTGCCTGACTATAATGGCTATTGAATTAGAATCGTTTTCAAATTCTTTTTTAAGTTCAGCAAATGATAATTGGTTAAAAGTTTTATCGCCA
CP138982.1_gap2	89435	91415	1980	CAATAGCTTGTACAAAATAGGTGAAGAAGCTAAGGCTGTAAAGCATTTTGAAAAACTATTGTCCTACAGCAATCACCTAGGGCTTTTTAGTGAAGATTTAGATTTTAAAACCAAACGCCTTTTGGGTAATTTTCCACAAGCTTATTCGCATTTAGCTTTAATTGAAACAGCAATAAACCTGTCTAAAATAACTAGTGATGAAAAAGTGAAAGGGATGCTGTCTTAAATGACCGACCTATATTGAAATTTGAGAGATTTCTGTAAAAGTTTTCTAAATAGTTGACATTTCAAACGTTATAGTACTTACTTAACTCATATTGTCTTTTATATATTGAGAATGTATAGTACTTTCGTGATATAATAACAATCAACCAAAACTATGCATAACCAAAAGCGAGTAGTTATAGATGCAGTTAAACCTCAAATAAACTGCGGAGAGTTTTTCATAAAACGTATTGTAAACGAAATTGTTAACGTAGACGCTCATGTCTTAGTAGATGGACATGATGTCATTGCAGCTTCTGTGCTTTATAAGCACGAAAAAGAACGCAAATGGAGCGAAGCAAGAATGCATCATACAGTAAATGACGAATGGAAAGCTTCATTTACGGTAGAGAAACAAGGATTTTATAGCTATAAGGTTGAAGGTTGGGTTGATTATGCGCTTAATTGGCAACATGGTATAGAACGAAAAATTGATGACAATCAACACGTTAAATCAGAGCTTCTAGAAGGGATAGAATACCTTAAACCGCTGTTGAAAAAAGTAACAGTAACAGAGAAGGAGTATATACAACACTGTATTGATGTTTTTGGTAATGAAAATCAATACGACAAAGCAGTAACTGAAGCGAAAAGTGAAAGGCTTCATAAAATTTTCTATAAATATCCTGAAAAACATTTAGTCAATACCTCAAAGGAACTTCAGATATATGTAGATCGTAAAAAGGCATTGTTCAGTACTTGGTATGAGTTTTTTCCGAGGTCATCGTCAGAAAAGGAAGGTGAACACGGTACATTTAAGGACTGTGAGCGTTTATTGCCAAGAGTAGCAGAGATGGGCTTTGATACATTGTATTTTCCACCAGTGCACCCTATTGGTGAGGTCAATAGAAAAGGAAAAAACAACACCACCGAAGCAAAAGATGGTGATGTTGGTTCTGCTTGGGGAATTGGCTCTAAGTATGGAGGCCATAAGGATATCCATCCGCAATTAGGCACAGTAGAAGACTTTAAAAAGCTTGTAAAAAAAGCAAAGGATCTCAATATAGAAATCGCTATGGATTATGCGTTGCAAGCTGCGCCAGACCATCCATGGGTAAAGGCACATCCAGACTGGTTTAAATGGAGACCAGACGGAACCGTGCAGTATGCTGAAAACCCTCCAAAAAAATATCAGGATATTCTGCCAATCTATTGGGAAAGCAAAGATTACAAGAATTTATGGCAAGAATGTTTAGATACTTTATTCTATTGGATAGACTGTGGAATCAATGTCTTTAGAGTAGATAACCCACATACCAAACCATATTATTTCTGGAATTGGGCGATTTCCGAAGTTAAAAAGAAACACCCAGATGTGTTGTTCTTGGCAGAAGCGTTCACTAAGCCAAAGGTGATGCAACAATTAGCTAAACAAGGTTACACGCAGTCTTACACGTACTTCACTTGGAGAAATACAAAACATGAGCTCATAGAGTACATGACAGAGTTAACCCAAACAGATCAACGTGAATATATGAGACCGAATTTTTGGCCCAATACACCAGACATAAATCCATATCATTTACAAGGAGCCAATGAGTCTAAATATATACAGCGATATGTTTTGGCAGCAACTTTAAGCTCTAATATTGGTATTTACGGTCCTGTTTTTGAACAAATGATAGATAATGCTATTCCTGGTAAAGAGGAATACTATATGTCTGAAAAATTTGAGGTAAAACATTACAACTGGAATGTTGAGAATAAACTCACTAC
CP138982.1_gap3	148441	149540	1099	ATACCCTTTGAGGCGCTCTATTTTCTTTTTTAAATAGTTATTAGAATCTATGCTAAAAGCTTTTTGAGCATATTCTAATGCACTCTTATAATCATTATTGTTTTCATAATATTCAGCCATTGATGTATGAGCTCTTGCACTTAAAGGGTAATACTCAATGGCAAACTCATAAAACATTCTTGCTTTTTCATTCTTTTTCATGTCCGTACTCATATCTCCTAACACAATAAGGAGATCTTCTGGATAAGGTGGTACTTGGTATCCAAAATTCTTATAAAGTTTATCCGCTCTGTTTTTTATTATGGCTTGCAATTCTTCTGTAGAAGTTTCAAATGAATTAAACTTTTGAGTGTTTTCCATTTGAAACCATTGAAATATTGATATTAAGCCATCCATAATTGATGGAAATTGAATCGTGCCGTGCAAATCCCTTGGATAAAATTTCCATGTAAAATTTAAACCATTACCTTCATTTTCTTCAATAATGTTTTTCAGCATAATATTAGATCGCGGAAATGACGTAAAATCAGAATCATCTTGCATTACGTTGTCAATTGTAATTTCTGGTTTTTGCATATGAAGTTGACCATTTAATGACATAAATAATGACTTCCCTTCATAATTTTCATTAGCAATAATATCTTGAGATGCTTTAACCAATTTTTGATTATCCCAATCTAAACTTGGATCTATAGCGATATAGTTAGAAAACAAATTTAAATGGTATAAAAAGGTGTAAATAGTAAATAAACCACCATATGAATGACCAATTAAAGTTCTGTAATTTGTAACAGGGTAGATTTTTTCTATATGCGGAATAAATTCATCTTCAATAAACTTTATAAAATTACTGGCTTCACCATTTTCTCTATTATATGGCATCCCATAATTTTCCGTAATGGTTGATGTTGTCAAATCCCTAGTTCTGTTTTTGAGATTAGATATTCCGACCAATATCATTTCTGGTGTAAACCCACCACTATAGTAGCCTTGAAAGTTATTGACCGTCGGAAGCAAAAACTCACCATCTAAAATTATCGCAACAGGATATTTCTTATCACTTTTTTCATCATAGTCTTTAGGAAATTGCACAAAAAAT
CP138982.1_gap4	241990	242511	521	TGGCTAACGAACTTAAAGGTTGGCCAAAAAGTGATGCAGATATTATCCTTTATTTTGAAGTGGTGCTGATGTGCCTGTTCTTAATCATGAATGCTACCGATACACCTTTTCAGAATATGGGTCAGGGAAACATCATTTCGCAATTTATTGCACCATGGTTTGAAGGCATGTCTGAAGGAACACTTCATATTATAGAGCGTACAGCTTGGTGGTTGCACATTGTTGGTATTCTGATTTTCTTGAATTATTTATATTTTTCCAAACATTTACATATTCTTTTAGCTTTCCCGAACACCTATTACGGACGTGTAACACCAAAAGGGCAGTTTAACAATCTTGAAGCCGTTACCAACGAGGTAAAGCTTATGATGGATCCTAATGCAGATCCTTTTGCGGCACCAGCCGAAGGAGTGGAAGAGGAAGTGCCAGAGAAATTTGGAGCAAGTGATGCCACGGATTTAAACCAAATTCAATTGCTCAATGCTTACACTTGTACTGAATGTGGACGCTGTACTGCGGAA
CP138982.1_gap5	285941	290693	4752	CGATTATTTCTCTATGATTTTCGTCTTTTTTTATTCGGTCAAATGAGTTTTCCAAAATTCCGCTAAAATCAGTCGGTTCAAGTAGATTTTCATCCAATTCCGCAATTGTATTTATTTTCTGTTTTGAATTAAAGAGTACAATGTCCCAACTCATTGTTTTTCGTTTTTTACATTTAATTTATTCGCTAGTTTATTCATTTGAGCTATTTGGTCAGAAGTGAGTTTTATATCCAATTCAGAAACTACGTAAGTTAAGTGTTCATATGCACATCCATTTTCATTAAAATCTAAAAATTCAAAAATGATTTCTCGACCATCTTGAATTCCAGCACTTTCAATTTTAGTTTTGGAAATTTCTTTCTGCCATTGTTCATTTAGAATACTATTAGTTAATTCACTAATCTCCTTTTTAACTGGATTTTTAAATAAATCTTTAAATTTCATCGTTTCCTCAAATGGTGTACAACGGTCTTGTATATGAAAAGTTGCGTGTAAATAAGCGCAATTTTTTCGGTTTAGTACTAACCATAAATATATAAAAAAACCAATGAATTAGGTGCTTACCAGCAATTTTTTATATACGTTGTTAGCCACTGGCTTTATTTCATTCGGCTTTTTGATTCCGATATTTTCTTTTCAGTTCGGATTGAGCGTTGGCAAGATACTCTTTTGCAATTTTTGGCTTTAGCTTTGGCTGGTGCGAATTGCAAATGTGTATGGCTTTTAGCGTTGGCTATTTTGTAAACCGAATTTGTAAATTTAGTTTAAAGAATAACTGTCCATTTTCTTCATAAACTTCTCCAAATCCGTGTCGAGAAGAACTGGCAGTATCAAGTTTGGTGTTATTTAGTAGGTAATCCTCAAACTCGTTTCTGTTGTAAATATGATAGCAAAGAACGTCGCCATTTTCCTTGACGATTAAATATCCACCTGTCGCATCATATTTTCCTGTCCAAACTTGTGATGGCATCATTCCAAGCGCAACATCTGTTAAGAAGCGTTTTATTTTGTATTCGTAAAATTTATGCTCGTTCTCGATGTCAAATTCCAAAGGATTTTTCTTTGCTGTTAAGTTGACTAAATCCGTTAAATGCGAAAACTCACTCGAATAGAAATCAAAAACGATTTGCGATAAAATTTGCGGAAGTAAACTGTCTATTAAAACAAGATTATTAGAAAATATTTGTCTTTCCGTTTTCACAAATTCAAAAATTCCATCCTTACTCTGAATTTGAGCAATTCTATCCATTATCTTACTTCTTGTATCAATGGAATTTATTTGGTCGATTTCATTTCTCGTAAGGTGCGTATAATTAATTTCGTAAATGAAGTTAGTCGTTTTTCCTGCATTGAGTAGAGTGGAAGGACTTCCAAGTTGAGATTTTATGCTAAAACCAAGCGTTGGTTGCTGGTTTGTTCTTTGGTCGTGAACTACGATTGTAATGTCTGTTTTGGCGGACGAGCTTGCTTTTAAAGAAATACAATTTATTGATTGCATAAACTCCTCAATTTCTGGAACAGAAAATGTTCTTTCTCGGTTTTCCTTAATTGCTTGTAAAAGAAATAATGCTTTAGTTTTGAATTCGTCAATCGGTATTTTTAATACTTGTTCGTTGCCTGAAATTAAAATTATCTCGTCTTTAATTGAATATTCAAAATCGCCATTATTTTCTGAACGTAGTATTTTAATTATTGGATAAACTAAACCTTCTAATTTTTCAATGTCTTTATCTCCCAGAAATAATTGTTTATCGCCTAATAATTTGAAAAGAGCATAAATTTCGCTCCATTCGCCTTTGTTACCTGTAATCATTTGCAGTTAAGTTTTTCTATAATTTTTTCCGCTGTCGCTTGAATTGCGGGAACTGCAACTGAATTTCCGAATTGTTTATATGCTTGTGCGTCTGAAACCACAATTTTGAAGTTATCTGGAAAGCCTTGAAGTCTTGCCCATTCTCGTGGTGTCATTTTTCTAATTCCTTCTCTGTTTACTTTTCCAGTAATATTCGTAATTGGTTTAAAATTTGTTAATCTATCATCGTAAACTAAATTCCTTTCTCTGCCCATTCCTCCGCAGACTACTGCGTTTGCAGTTCCGTCGTTTGGAATGATTTCATAACCAAATCCATTTCCTTTGCTTTCGTGTCTTGCTCTGTGATTTTTTTAAAGTTTGAAGGTAAGTTGTGGAAAGATAATATTTTACTGAAACCTCTTTTTGCTCTAAAATATCGTCTAAAACTGAATTTTGATTTGTTGGTTCAGGATATTGAAAATCTTTTATTCCTAAATCCTTGCGAAAACCTACAATGAAAATTCGTTCACGATTTTGGGGAACTCCAAACTCTTTTGCATTTAGAATTTGTGGTTCAGGAACGTAATAGTTTAAATCTTCTCGTAGTACATTTAAAATTGTAGCTAAAGTTTTTCCTTTATCGTGGTTTCTCAATCCTTTAACATTTTCAAGGAAAATGGCTTTAGGTTGTTTCTTTTTTATGATTTCTGCAACATCAAAAAATAATGTTCCTCGTGTATCTTCAAATCCACCACGTCTTCCTGCAATTGAAAATGCTTGACACGGAAATCCTGCGCACAGAACATCAAAATTGTCAGGAATGTAATTTTTAGTTTCGGTTTTTGTAATATCTCCAAAGGGAATTTCTCCAAAGTTTGCTTTGTATGTTTGCTTTGAATATTTGTCCCATTCACTTGTAAACACACATTTTCCTTTTAAATTTTGAAAAGCCAATCGAAATCCTCCAATTCCTGCAAAAAGGTCAATAAATTTGAATTTAGGTTTTTCAGGTGCTGGAAAAGGAACGGACTTATTAAAGTCAAAAATTAAATATTGTAAAGCCTCTTCAGCAAATTCCTGCGTAATTTGTTCGTTTGGATATTCTTTTTTCAGAATTTGCTTTACAAAAGACAAAGCATCTTTTTTGTAGAATTGCGAAACTCCGTTTTTATGATTGTGTAAATAGTGAGTGAAAGATGCTGGTTTTGAATCGTCTGGCTCAATTATTTTTATTTCAAATAACTGTCCGTCAATGGTTTCTATGTCGATTCTTTCTTTTAGCATTTCTCATTTATTTCAATCCCACAAGTTATAAAAGATTTGTTTGTTTTGTTCGGTTTGTTTGTTTTTTTGTTCACATTTCGCGGTGGATAATTTGAGCGCAAAGGCGAAAACAGCTCTTTTATTTTTTAGAGCGTTGGCTATGAGCGTTGGAAAAAAAATAAATGTGCTGTTTGTGTGGTGGCTTTTCCGATTATTTTACTTTGAAGTTCGGATTTTTTTTCAGCTTGTGGCTAACGTTGTTGTATAAGATTAGTGGCGTGTTTAAGCACCTAATTTAGCAAATATACACCAGATAGAAAATCCGCGAGGATTTTCGTAAGTAGGCGAGAACTAGCCATTAATTTTATACGGTGTTGTGCACTGTTTTTATTCCGTTTTTTAATTGTTCTAAACTAATTTCAAGTCCATCTATTTTCTTGAATTCGGTCAAATTCCCTCCGAAATATTTTTGATGAGTTTTGCTTATTAACCAGGTTAATTCTTTTTCTCGTCCGTCAAAAATAAATTTGTGAATTCGCCCATTAATGCGATATGCAAGAATTCCATTGCCAAAACTATAAGGTTCAAAATGAAATTCTTGAAGTTCAAATTCCGCAATCTGATTGAGTTTATTTTCAATATCTTTTCTAAAATCTTCGAAATTCATTTTTTTAAATAATTTTCAGCATCTTTTAAATTCAATTCTGTTTCGTCCGCACCACGTCCAGAACGATTTTCGTTAAATGCTGGTTCGTCAAGTCGGTCAAGTCCGATTAATATTTGAAAGACCGCAATTCCATTTTCATTTTCCAATTCCGTTAGCAACCATTTTTTATATTCCGTAATTAAATTCCGATTTCCAATTTTGGATAGACTCCAATATCCGCTAACTCGCTCGTCCTCGTTTTTATAAATTCCAGAGTTAAGTCCGTCAACAATTATTCTTTCCAATTCAGTCGGCTTGTATTGAGTCAATTCCGATTCAGCGATTATTTTCTTTTCAAAATCCGAGTGAGAATTTCCGTTTGCTTTTTCGAAAATAAATCCAGCTTCTAAAAATTGGTCTTTTGTCAATTTCATCTTTAATTTCAATTCGGTGTAATGATTTTCTCAAATAGTGCACAACGGTTACGTATAAGAATAGTGCGTAGTTTGAGTGCGAGGATTTTCCGAAGGAAAATCAGATGCAAGCAAACAAGCACTAACTTTAAATTTAGGAATAAACTTACGCATTATTTTTTATACTATGTTGTGTGTAGTTATTTTTTCGGTTCAATAACTTTCGGCAGAACACGAGTATAGCATCTTACATTTACTTTCCGTTTTTGATAAGTAGATTTAGTAAGATTTAATTGCGTAACTGCTTTTTTAATATTTTTTTCGAATTCGAGTGAGCTCGGATATCCTTTAGTAGTAATATCAGAGACGTTTCCTTTTTTATCAACTGTAAACCAAACATACATTTCTCCAGAATATTCATAGTCTTTTTCAATCAGATTCAAAATTTGGTCACGTAAACTTTTTTCCAAACATTGCGTTTTTTCTTTATCGTCCAAAATTCCATCGCAATCACTTTTGAAAGGTGTTTTGTCAACCATAGTAAAGTGAACAGTTTTTCCGTTTTTCTTTTTTACAAGTTTCAAGTCGGATTGAGAATGAATTATTGAGATATTTAATATTCCAATAATAAAAGTCAA
CP138982.1_gap6	306680	311464	4784	AATATCATTATCAAAAAGCAAATGGTTTTAAGTTTAAGGATAGGTTTTTTGCAAATTCTACTAAATACAACAAAATAGCATCCAGAGCACCTGGTTTTTTTAATGCACTTTTCCAAACAAAGTTCGTTGCTGGTTTTATGAAAGTAGCGCTTGGTATTCACCCAAAACGTAGTTTTCCTGAGCTTTCTAAATCATCATTTTCTAAGCAAGTTAAGAGGTTGTCATTTCTTGTGAAAAACCCAAAAAAAGAGGTTTACTTATTTGTTGATGAGTTCACAAATTTTTTAGAATCGAGCATTGCTATTGATGTTAAATATTTACTTGCGAATTTAGGTTATAATGTGCATTATGTTAGTGAATTAGAAAGTGGAAGAAGTGTTTTATCCAAAGGATTTTTAGAAGAAGCTAGAGCCATTGCAAACAAAAATGTAAACTACTTTAAAAGCATTATTAACGATGATTTTTGTTTAATAGGAATTGAGCCTTCCGCTATATTAACTTTTAAGGATGAATATCTGAGATTAGCAGATGATAAAGACGCTGCAAAATCCATTGCAAAGCACACTTATTTAATTGAAGAATTCATTCAACAAGAAATAGAATTAGGAAATATTAAACCAGAGCAATTCACTACAGAATTCAAACAGATCAAATTTCATGGGCATTGTCACCAAAAGGCATTGGCTAATCAAAAGTCGAGCTTTGATGTATTGAACTTACCAAAAAATTACAAAGTTACCATTATTCCTAGTGGTTGTTGTGGTATGGCAGGTAGTTTTGGATACGAAAAAGAAAAATACGACATCAGCATGCAAATTGGTGAGCAAACCTTGTTTCCTGCTGTCCGAAAAGCTTCAGACGATACTATTATTGCAGCTAATGGAACCAGTTGTAGGCAACAGATAAAGGATGGTACAGGGAGAACTGCCAAGCATCCCATAACAATTCTTAAAGAAGCTTTAATCTAGTTTCTTCTTTTTCTTCGGCTGTTCTACAATCGTTATGGCTGCAATTAAATCCTTAATATCCATGTCCTTTAATTCTTCATCAGCAAAAAAAGGAGAAAGCTTGTCCTTACTGTAATTGTAGATTTTCCAACGTTTAAACTGATATTCTAAAGCCGTGAAATTTTCCACCCAATCACCAGAGTTTAAATACGTTGTCTTACCGTATTTGTTTTCCTTAACCAGCATTTTTGGTTGATGGATATGTCCACAGACCACATAGTCATAACCATTTTCTATAGCCAGATCTGTGGCCACATTTTCAAAATCATTAATGTACTGAACGGCACCTTTTACACCGTTTTTAATTTTTTTTGAGAGTGAATAGCGTTCCTTTCCCATTTTCTCTAAGCACCAATTAACAAAACGGTTAATAAGAATAAGTAGGTCGTAGCCCCAACCACCTAACTTAGCGAGCCACTTTGCATTCTGAATGGAAATGTCAAACACATCCCCATGAAAAAACCAAGCTCTTTTGCCATCCAACTCTAAAACTACCTTATTGACAATTGAAATATTGCCAATTTCAGTATCAGCAAACTTTCTAAGCATTTCGTCATGATTGCCAGTAATATAAATGACTTCAGTGCCGTTAGCGGCAAAATCCATAATTTTTTTAATGACACTTAGGTGTGACTTAGGGAAATAACGCTTCTTAAACTGCCAAATATCTATAATGTCTCCATTAAGAATTAACTTTTTAGGTTCAATACTATTTAGGTAGGTCAATAACTGTTTTGCATGACACCCAAATGTACCAAGGTGTACGTCAGAAATGACCGCTATTTCTACTTTTCGCTTTAGGTTCAAAATAAATTGTTAGTACTGCAAAGAACACACATAACTATTAATTAAGTGTAATTAGTGAATTAATATTCCGTGAGGAAAATGTTACGGGAATGTTACTAAATTTAACGTTGAATAATAAGAATAAATGTCAATGACAGCCTTAAAACAGCTATTGGTATTTTTGTTTCTGTAATATTAGATTTACTTTAGCGTAAAATAAGATTTAATGGCAGGAAATTCCTTCGGAAAATTATTTAAACTTACCACTTTTGGAGAGTCACATGGTGCAGCCATTGGCGGAATTATAGACGGATGTCCTTCGGGCTTAAAATTAGATTTTGAAGCCATTCAGAATGAGTTAGATAGACGCAGACCAGGTCAGTCAAAAATTGTCACACAACGTAAAGAACCTGATACGGTCGAATTTCTTTCAGGACTATTTGAAGGTCAGACCACAGGAACTCCAATAGGTTTCATTATAAAAAACACCAATCAAAAATCTAAAGATTATTCACATATAAAGGACGTGTATCGTCCTAGCCATGCCGATTATACTTATGACCAAAAATATGGCGTAAGAGATTATAGAGGTGGTGGTAGAAGTTCTGCCAGGGAAACCGCATGTAGAGTAGTGGCTGGCGCCATTGCAAAGCAATTTTTAAGTAGCATTAAAATTAATGCGTTTACATCTTCTGTTGGTGATATTTTTATTGATAAACCTTATCAAGATTTAGACTTTTCTAAAATTGAATCCAATGTTATTCGTTGCCCTGATGAAGCCACAGCAGAGAAAATGATTGCTAAGGTACAAGAGGTGAAAAAACAGGGAGATACCATTGGTGGCACAATTACCTGTGTGTTGCAAAATGTACCAGCAGGATTGGGAGACCCCGTTTTTGATAAACTTCATGCCGAATTGGGTAAAGCCATGCTATCCATAAATGCTGTAAAAGGTTTTGAATATGGTAGTGGTTTTTGTGGAGCCAAAATGAAAGGCAGTGACCATAACGATAAGTTTAATGAAGATGGTAGTACGCAAACCAATTTTTCTGGTGGAGTACAAGGTGGCATTAGCAATGGTATGGACATCTATTTTAGAGTTGCGTTTAAACCCGTAGCAACCACACTTCAAAAACAAGACACTATAAACAGCAAAGGTGAAACCGTAGAAATGCAGGGCAAAGGCAGACACGATCCTTGTGTTGTACCACGAGCAGTACCTATTGTAGAAGCTATGGCGGCTTTGGTTTTGGCGGATTATACGCTGTTAAGACGACAGGAAACAAAAGATTGGTAGAACTAATCTGAACGTTATAAGTTAAATATTAAAAGATTACCGCTGAAGTTTATCTTGAGCGCAGTCGAAAGACAACAATACTATGAAAAAACTAGCATTACACTGGAAAATTATAATAGGAATGGTACTCGGTATCATTTGGGCTTTACTATCGAGCACAATGGGCTGGAGCGAATTCACCATTAATTGGATAGACCCTTTTGGAACCATTTTTATTAATCTCTTAAAGCTTATAGCAGTGCCTTTGGTGCTCTTCTCCATCATTAGTGGAGTTGCCAATATTGGTGACCCATCAAGTTTGGGTAGAATGGGAGGGAAAACACTTTTAGCATATCTCGTGACTACTATTTTAGCAGTCAGCTTAGGATTGACGCTAGTGAATATTATTCAGCCAGGAAAATTGCTTGACGAGCAAAGTAGAATCGATAATCGCATTAGTTATGAACTTTGGGCAGATAGTCAAGGTCTAGAAATCAAAGATGGAATTAGCTACTTGAAAGACCCAGAGTTTTTTGAGCGCGCACAAAAGATTTCAGATTTAAGTAAAAGCGAATTGAAAGATGCTTCAGTTTCTAAAAAGTTGGAAACTGCAAATGAGACTAAGGAAGATGGTCCTTTACAACCACTTGTGGATCTAGTTCCAGAAAACTTTTTTAAATCACTAACAGACAATGGTCTAATGCTACAGATTATTTTCTTTGCAATATTTTTCGGTATTTGTCTATTGTTTATACCAAATGAAAAATCACAACCTGTTGCGACTATAGTTGACAGCATTATGGTAGTCTTCCTCAAAATGGTTGACCTTGTTATGCAAGCCGCTCCATTTTTTGTCTTTGCGCTATTGGCAGGTGTTGTGAGTAAAATGGCAGGTGACGATGTCGGGAAAGTATGGGAGATTTTTAAAGGATTAGGTTGGTATTCATTGACGGTTTTTTTAGGTCTGATGGCAATGGTATTTTTAATCTATCCTTTAATATTAAAGATTCTTGTGAAAAAAATTCCCTATAAAGGTTTTTTCAAATCTATGAGTCCTGCACAGACATTAGCGTTCTCAACGTCTAGTAGTGCGGCTACACTGCCTGTGACTATGGAATGTGTTGAAGAAAACCTAGGTGTCAATAAAAAGATTACAAGCTTTGTGTTGCCTATTGGAGCAACAGTCAATATGGACGGTACCTGTCTTTATCAAGCGGTAGCGGTTGTTTTCTTGGCTCAAATGCACATGATAGATTTGACTTTAGGGCAACAATTAACGATTGTCTTGACGGCGACCTTAGCTTCAATTGGTTCTGCTGCGGTACCTAGTGCTGGGTTGGTAATGCTCATCATAGTCTTGGGTTCCGTTGGATTGAATCCTTATTGGATAGCAATCATTTTCCCTGTGGATCGTATTTTGGATATGTTTAGAACAGTCGTAAATGTTACTGGTGATGCCACGGTATGTTCAATCATTGCAGATGGCGAAAATATGTTAGAATATTCTGAAAAGGATCCAACCGAAACATTTGATTTAGATTCATAAGGTTTTCAAATTCAGTAAAAGTCCTTAACTTTAAACAAGTCATTAAAACAAAAAAACTTTTGAAATGAACATTTGCTTTATAATGTATCCATGGGAAAACATTGATCCAGAGAACGATACAAGCTTAGCCTTAATTAAAGAATGTGCAAAAAGAGGTCATGGTGTGGCC
CP138982.1_gap7	316087	317084	997	GTAATTGCTCAAGAATATTTAAAGGAAGCGACTGATGGTGATACTCGTGTATTTTTAATGAATGGTGAGCCGTTAGAGGTCAATGGAAAATATGCCATGATGCAACGAGTGAATACTTCAAAAGATATTCGAAGTAATGTCCATGCTGGCGGAAGACCAGAATCTGCGAAGATGACAGATCAAATTAAGGAACTTGCCGAGATTGTAAGACCTAAATTGGTTCAGGATGGAATGTTTCTAGTAGGCTTGGATATTGTGGGTAACAAACTCATGGAGATCAATGTTTTTAGTCCTGGTGGATTGAATATTTCCAATCAAATGTATGATGAAGACTTTTGCACTCCAGTAATAGAGTCCATTGAAAAGAAGGTGTATTACAAAGAAATGTATGACGACTATTTGTTTAACAGTAGATTAGCAACCTTATAAAAAAACCTCAAAGCTAAATGTTTCTGTCTATCATTTTCATTGACACTATTAAGAAGTTAGACTTAATTCTTAATAGAGTCCGACTCATTCCTAACTAACAGAAGCTAGGGTCGAACCAACATCATCTCGCTTTGAGGCTTAAAATTACTAAGCTTAAAACCATTAACTTAAAATAAGCTATATCTAAAGTAGTCTAGATGTAGGCATGAAAAAACCAATACTGAGTGTATTGGCTTTTTTGATAAGTTAAGTCTTTATCCTAATGAGTTAAAGATTAACACGTTTTCCTTTTGGGTATTTTACAGAATAAGAATGCTCAACCTTCTTTATTTCTCCAGATGCTAAATCAATAATCCACTTTAATAATCCTTTTTCTTTATCAAAATCAGATGTGCCAGTTTCAATATCATCAAGTTTTATGGACTTGTTTTGTGTAATAGGAATTCTATCTATAAGTGTTAACTGAATATTGGCTTGCTTATTATTTTTAACTTCAATTTCAAAACCCTTATAAACAACTTTATTATTCCCTATAAATGTGGTCTTCTTAAAGTCTTTTTTCTGAGTG
CP138982.1_gap8	371763	375435	3672	TATCTCGTGGCATCTTTATTGGTAAAGTCTCAAGAAAACTTACCAAATGGGTTATGGAAACCATTGAAAAGGACTTTAAAAAGCGTGGAATGTAAACCTCAATTTCATTTGCAACAATTTTTAATTTGATAGCGATAATCGAAGCTAACGATTCATTTTAAATTTAAGGTAGATAAATCATATTGGTTTATCACAACTTTAAAACTAATTGATTATGAGCAAACCATGGCAAGATAAAGCAAAAGGCAATTGGAACATTGCTAAAGGAAAATTAAAACAAGAATGGGGCGAACTTACCGATGATGATTTAGACTATGAAGAAGGTAAGGAAGACGAGCTTCTAGGACGAATTCAAAAGCGTACTGGTGAAACCAAAGACCGTATTAATGACTTTTTGGATAATTTAAAGTACTAATTTCCTAAAAAAGGCAAGATTAACAATCCTACTTCGGTGGGATTTTTTTGTTTATTATTCATATCAATTAAAATCTAAATCTATTGCGTTAAATGTAATGCTACTATATAGCTATTTTAAGTCTTAAAATAAAATATATACTATGATAAAACCTAGAGAAACATCTCCTGAAATAAAAATAAACCTAGTCAATGACACCTTATGGGAATTGAGTGAACAGTCTCCTGAAAATTTCTCACTTATACTATTCTATCGAGGCAAACACTGTCCTATTTGCAAAAAGCAATTGGAAGAACTACAAAAGAAGTTATCGAAGTTTATTGAACGTGGTGTTAATGTTATTGCCATCAGTACTGATACGGAAGATGTAGCCAAAGCTACTTATAATGAGTGGGATATTGCAGATATACCTCTCGGATATGGGTTATCTATTGAAGAGGCTAGAGATTGGGGATTGTTTATCTCCAAAGGTATTAAGGATAGTGAGCCAGAGTATTTTACTGAGCCAGGACTGTTTCTATTAGCTCCTGATCAAACTATATATTGGGAATCCATACAGTCCATGCCTTTTGGAAGACCTAGCTTTAATGATTTATTAGGTGGCATAGATTATATCCTTAAGGAAGATTATCCAGCCAGAGGTGAAGCATAAATAGTCTAACAATTTAAAACAAAAATATTATGAAAGTACAACCATATTTAGCCTTTAAAGGAGATTGTAAAAATGCTTTAGAGCACTACCAATCTATCTTGGGAGGCAACATCGTAAACGAACAAACCTATAACGACGTAGAAGCAGACATACCAGGAAGTTATCGCAATAAGTTACAGCACGCTGAACTCAAAGGTGATGGTTTTCACATTATGGCCTATGATGCGTCACCAGATACACCATTGACCAATGGTACCAACATTAATATGAGTATTGATGCGGAAAGTAAGGACAAGGCGGAAGACATCTTTAACAAGCTTAGCCAAGGCGGTACTGTGCACACACCATTTCAGGAAATGTCTTGGGATGCTTGCTATGGTAGATGTTCTGATAAGTACAATGTCAGTTGGATGGTTAATTTTAAGAAGCAGGGTTAGTTTTATTAGTTAGTTAGCCAGATTATTAATTAGGTCTTTTATTAATTAATAATTGCAAAGCACAGCCTTCTAAAAGGCTGTGCTTTTTATTTAAAAACCATATAAATTTCAATGAAGAAAAAGTGTACGTTATACGGTATAAAGTCGGCATATACCCGAAGGAGATACGGATAAGATACGGAGGAAACATGACGGATCTCTAGAAAATATCCGAATTAAACCCAATAGATGCGCTAATGCTATTGCTAAAAATTGAAATGATTTTATGTAGGTTACTAAGAACGGTCCCAATAGTATGCATCCACAATCCCTACTTTAAGTGCCACCACGTTATCATCATCGCGCCCATTATGGTACCATTTCGCATCTTCGTCCTTCCAAAGAGTATCGATCACAGTTTTTGATGATACATGGCTTGCCAAACCCGTTACAGACAGATATTCGTGATTACTTTCATTAGAAAATGTGAGCAATATTCGTTGGTCTTCTTCAATGCTTTTATAATGATCAGAATCTTTTGTAGACAAGAACCAAAGTATGCCTTTTCCGTCCATTCCTTTTACTGTCATTGGACATACGGTAGGTGAGTCCATTTTTAAATCAGCCACCAACATAGCAATAGGATTTCGTTCTATAATGGATTTTATTTTTTTGATTGCATCGTCACCTTTTAGGTCATTAGTCTTCATGGTTATGATAAGTTGTTTTTGTTCTCTACTAATTTAAAACCATCTGAATCAATAGATGAATGCAAATCATATAATAATGTGTGGTATTGCATTTAGGTTTTATTTTGAGTATTAGGTCAGGCATGTCAAAAAAAAAGTGCATTTAGATATAACATCTAAATGCACTTGAATCATATATTCCTTCAGTTGGCATTATCCGACGAAGTACAATGGGTTTATTTTCAGCTGTTAAAACTTAAGCACCCCAAATATGATAACTAAATATACAAAAATTTTGTTTGTTTTTATGGTAATTAACAGAATTTTATGAACTTAATGTGCTAGCCACCGGGTTATTAAACCGTCTACCATCCCATGGTTTTCTAGATATTTCTCCATTCTGGATTTTAAATTCCCCAAATCGTACAAATCACTTTTATCTGTGAAAGTCTTATCGCTACCGATAGACATTTCTGTGTTTAGATTAGCTTTAATTTTACGCCCCATACTTAATGCTATTATATACACTTTTGAATTTTTAAAAATACTTATGCTGAAAATTGTTTTTTAACCTTTTCCGCATTTTTTTTAACCCATTTCGAATATTTGGTTCTTAAATTCTAATATGCTGTGGTAGGCACAGCACAGGCAAGTTCAATATGACATTAAAATAATAAAATCCACATCGGTTGCAGAATGACAAATCTATCGATTTACCTATTATTCAGAAATAAGAATAGCTTTAATGTTGACGAATTCCTTCATTCCAAAGCCTCCGTGTTCGCGTCCAAAACCTGAGTTCTTTACACCACCAAAGGGCATATTGGGTTCTGCCAATCCGAAGGAATTGATGAATACCATACCTGTATCAAAATGTTTTTCCGCCAATTCAACAGCACGTTCTTTATCTTCTGAAAAGATTCCTCCTCCCAATCCGAAACGACTATCATTGGCAATGCGCATGGCATCTTCATCATCTTTTGCTTTTATCAATGATGCTACAGGACCAAAAAGCTCATCATCATAAGCGGGTTGTCCTGGCTCCACCTGTTCTAAAACGGTTGCAGGATAAAAGTAGCCCTCACTATCAGGAATTTCGCCTCCGCACAAAATCTTGGCTCCTTTGTTTACACTTTCAGTAACTTGATCGTGCAAGGTTTCTCGCAAGTCCTTACGCGCCATAGGTCCTAATTTGATATCTTTTTCATTAGGATCTCCCATTTTTAAATCTTTCATAGCTTTTACAAAGCCTTTCTTAAACTCGTCATAGATAGCTTCTACAGCAATAAACCGTTTTGCCGCAATACAGGTTTCACCATTATTATAGATTCTACCCATCACGCATTTTTTAACGGCCTTTTCAATATCGGCATCTTCAAGAATTAAATAGGCATCGTTACTTCCCAACTCGAGAACGGACTTTTTAAGCTCGGCTCCTGCTTTTTTGCCAATGGTCTTTCCAGCATCTGGACTTCCTGTTAATGTTATACCTCTTACCAA
CP138982.1_gap9	467881	468667	786	GGTTCACGTAAAAACATTATTTACTTTCAAGACGAGCCCTTAGAGGGAGATGTAACAATGTCCGAACCAAAGCAATTAATCTATAAGCCAGACGATATTTTAACTATTAACGTCGCTGCTTTAGATCCAGACACTGTAAGGCCTTTTAATCTTTCATTAGTTTCTGGAGGAACCTCTGATGTTGTTAATGCTAGAGGTGGGCTACAACAACAAACCTATCTTGTTGATTATGATGGCAATATTGAGTTTCCTGTATTGGGAACTTTAAAAATAGCAGGCTTAACAAGAACAGAGTTAACGGACATGTTAACCGAAAGAATAAGCGAGTATGTAACTGACCCCATCGTAAATGTAAGATTGGCTAATTTTACCGTTACCATTCTAGGTGAAGTTAGGAATCCAGGCACGTTTACCATACAAGACGAAAGAATTACAATACTTGAAGCTCTAGGTTTGGCTGATGATTTAACAATTTTTGGTAAGCGTAAAAATGTGCTTTTAGTAAGAGAAGTTGATGGAAAAAAGAAATATGCTAAAATAGATCTCACTACAGTTAATGTAGTTAACTCACCTGTGTATTACCTTCAGCAAAACGATGTTATTTATGTAGAACCGAACAATGCAAAAATTCGTTCATCTACATATAACCAAAATAATTCAGTATTAATTTCTGCTATCGGTACACTTACTACCATTGTAGCAGTATTCTTAGTAAAATAACATATTACCTTTAAATTCTTTATGGAATCTAAAACAAATTCAGTAACAGCAGATATAAAACAAAAA
CP138982.1_gap10	535758	539078	3320	AATACACCATTTTCTATAGAAACATCACTCGATGAAAACAAAAATTCACTTTTTTCCTTTCGTGGATTGTCATCATCAAACTTTGCCACGAAAACATCCAGGTTTGTATCCGTTGCACCTTCGTAAGTTCTTAGATTAAATATCAAATTTTGAATGTCTATGTCTCCAAAATTCAATTTGCTGTTATAAAGGTTCCTGAAACTGATAATCGATGTGTTGAGCTCACCAATGCTAAAGAGCGTATCCCTTTTATAATCTCTTATAAGAATTTCCTTTAATTCTACATCTCCATTAAGTTGAAGTCCAACGCGACCAACATTGATATCTGTTTTATAATCCTCGTTGAGCCTATCCGTTACATATTGACCCAGTTTAGTCTGTACGGCAGGAATTCCCAGAATTAGAAAAATAATAAGAAACAGCAACAAAAATATGCCCACTATTTTTCCTATTATTTTGAGTACTCTTTTGATAGAATTTACGCTTATGAATTGATGAAATCTTCACTACATTTGTACACCACAAAATGCCGTATTGTACAATGTTTTACCTTATCTGGTAAAATTAACAATTATTGTGCCTAATATCGACTATGGAAAAAGAAAATATTTATATCCTTGGTATTGAATCTTCTTGCGATGATACATCGGCTGCTGTACTATGTAACGACAGAATTTTAAGCAATGTTGTTGCAGACCAAAAAATACATGCAGAATATGGTGGTGTGGTGCCAGAATTAGCATCGAGAGCACATCAACAGAACATTGTCCCAGTTGTGCATCAAGCGCTTGAAAAGGCAGGAATTCCCAAGGACCAATTAAGTGCTATTGCCTTTACTCGTGGACCTGGTTTAATGGGTTCGCTTCTTGTGGGTACTTCCTTTGCAAAATCCTTGGCTTATGGTTTGGATATTCCATTGATTGACGTTAACCACATGCAAGCGCATATTTTAGCACATTTTATAGCTGAGGATAACCACAATAAACCACCTTTTCCTTTTTTGGCCATGACCATTTCTGGTGGCCACACACAAATAGTGAAAGTGACCAGCCATTTTGAAATGGAAGTCTTGGGAGAAACTATTGATGATGCGGTTGGAGAAGCCTACGATAAAAGCGGAAAAGTTTTAGGCTTAGGTTATCCTGCTGGTCCAGAAATTGACAGAAGAGCACAACTCGGAGACCCAAAAGCCTATAAGTTTACCAAACCAAAAGTTGATGGCTTAAATTTTAGCTTCTCAGGATTAAAAACTGCCATCCTCTATTTTGTACAGCGCGAAACGAAAGCCAATCCTAATTTTGTTGAAGAAAACCTGAATGATATTTGCGCATCCATACAATACACCATCATTGGTATTTTAATGGATAAATTAAAGCTTGCCGTAAAGCAAACTGGCATAAAGCACATTGCCATAGGTGGTGGTGTTTCGGCAAATTCAGGAATAAGAAAAGCCTTAAAAGACGCCGAAAAAAAACATGGTTGGACTACATACATTCCAAAATTTGAATATACCACAGACAATGCTGCTATGATTGCTATTGTCGGCTACTTAAAGTATCTGGAAAAGAATTTTGCTGATTTTGATGTAATGGCTACGGCTCGGTTGAAGATATAATGCTAAAACTAAAAACTCATAAATATTATTTCTTTTTAGCATTGCTAATGGCTTTAGCCTACTTAATATCTAAGCTTCTAAAATTGACTTTTGTTTTTAATATCGTTGGTACATATTCTGTCATTCTATATTCGGATATTTTTGTATTTATGTTTTTATCAGTTTTAATATTAGCCTTAATTTATTGGTCTCTTTTTAAAGGAAATATAAAGTTGATAGATGGTCTTTCTAAAATTCACACTACGATAACAATAGCTGGCGTTTTATTATTTACAATATTTTTAAGTTTTTATGATTTTGTCAGTCCATCAGGTGCAAATTCTCGATTTCCACTTTTTGACAATCCAATAAAAAATACTAAGGTATTAGTTACTATTATAGTAACAGTATCTGTTTCTCAGCTAATATTAATTTTAAATATTGTTATTAGTTTGGTGAAGTACTTTCAAAAAACAGATTAGGTTAAATTGTTAAAACATCTGTTGATAAGCTAAATCACTATAGCTCAATTTCACTTTAAAATTTATTTGTTTTGTGGTACAATCAATCTCTATATAACATGAAGCAACTTTTAGCATTACTGTTTTTTATTCCAGTCTTAAGTTTTTCACAAGATTCATTAGAACAAGAATTAGATTCCATAAGCACTAAGGAAGAAGCAAAAACATTTGCCAAAACCCATAAAAAAGCCAATAAGAGTAAGCTCTATACCTTCAATAAAGAAAAGCACAAAACACGATTGGCAGACGACCTTTTTAAACTCTCAAAAGGTGCCAAAAAAGTTGTAAAAAGCGAAGATAAAACCACCTATTATAAAATTATTGACAAAGAAAACGTGCTACACTACAGAGCCAGCTATATCTATTTTGATGGTAATAAAATGAGCCTGGAGGATATCAATAAAAAGAGAGCAAAAATTATGGCACAATACAAACAAGGCTATAGATTTGACGCTTTGGCAAAACTACACTCCATGGACATAAGTGCCAATCGTGGTGGTGATTTAGGCTGGTTTCCTGAAGGGAAAATGCACCCAGAATTTGAAGAAGCCATAAAAAATCATAATACTAATGATATTTTTACCTTAGACATTGAAGAAGGTAAATGGTATTATATTGTGCTTAAAACTTACGATGCCAAACCTATAGAAGAGATTACCGTTTTAAAATATACCGAAGCTACCGATTAATGCAATTATTCTACAACCCAAATATATCGGAAAACGATAGTGTATTTAGTTTCGATAAAGACGAAAGCCGACATATTGTAAAAGTGCTTCGTAAAAAAGTTGGAGACCAATTGCACATTACTAATGGAAAAGGCTGGCTGTTTGAGGCAGAGTTAATTTCAGCAGACGCAAAGCATTGTTCTGTGAATATTACTTCAAAAAATTTACAACCCAAACGGAATTTTCACTTGCACCTGGCCGTAGCACCAACAAAAATGAACGACCGTTACGAATGGTTTTTAGAAAAAGCTACTGAAATTGGTATTGAAGAAATCACACCGATTATTTGCGATAATAGTGAGCGCAAGGTTGTAAAACTAGAACGCTTTGAAAGAATCATTCAATCCGCTATGAAGCAATCTCTTCAATGTTATTTGCCAAAGCTTAATGCTCCAATGTCATTTCAGGATTTTGTAAATCAAGAATTTTCAGGTCAAAAGTTTATTGCACATTGCGAGGAAACTGATAAAAAATCTT
CP138982.1_gap11	542917	547316	4399	GTTTTAAAAATTGCTTGCCCTTACCTTTTATCCTTACACCAGGATGGGTATGACCTGAAATTGCAAATTGTTCTGAATGTTTTTTTAAATGCTCATGCACAAAGGTGAAAGGTGAAATTTCCAATTCTTTTTCAATCTCAAAATCAAACTTTGAAACTATGTTTTTTGAAAGTCTATCGTGGTTTCCTTTAATCAGAACGATTTGTAAATCTTCAAACTGATTTAGCCATAATTGAAAAGTGTCCATATCTACGTTAGCTTCCGCATGAAATAAATCACCAACAATCAATAGTTTTTGAGCCTTGAAATAAAGAATCAATTGTTTCAAACGTTCTAAATCGTTCTGAAGCACACCATCAGGCATGGGTATACCATGTTTTCTGAAGTGTGCGGTTTTGCCGATATGTACATCGGATAGAATGAGCGCGTTTTCACGTTTCCAATAGATGGCGCGTTGATTGGTGAGTGTCAACGTTTCGTTTTTTACGGAAATATTTTCGGTAATGATATTCAATTAATCAATCTTAAATGCTTGTGCCTTAATACGCTGAATTCGTTTATCCAAACTCTCGTTGCTCATAGTTCCTCGAAGACTATCAACTTTAAGCGGAAAGCTCAAAGGTGTAAAAGATTTAGCATGTTTCAAAACAATTTTACTTTTTGAAATACGCTCAAAAGCAGCTTGTAAACGTACCTCTTCTAATTGTTGGTTGAACACTTCCGTATAGGCTTGTTTTAATAACAAATTATCAGGTTCATAATCTTCTAAAACCCGAAAAATAAGTCCAGACGAAGATTGTAAACTTTTATTGTTCTTTCGAGCACCTGGTTGCGATTGCACTACCAAACCAGCTATTACTGCTATATCCCTAAATTTTCGAGATGCCATTTCTGACGCGTTAATACTCGCTATCACGTCGTCCATCAGATTTTCCTTGCTTAATAATTTTGAAATATTATCTTCAGTAACAGGAATCGGTTGGTCACTCAATAATTCAAAACCATAATCATTCATCGCAATTGTAAAGGTTAATGGCTTTAATTTACTGATTCTGTATGCCATCAATGCCGAAAACACCTCGTGTACCAATCTGCCTTCAAATGGATACATAAACAAATGATGACCATCTCTGGTCTCAATCATTTCAACTAGAAACTCATCATCTTTTGGAATATGGGAATGAGCATCCTGTCTAGAAATCAAAGGATTTAAAAAACGTAATTCTTTTTCTAATCGTCCAGGTTCAAGCGCATCAGATAATTTTAACCGCATAAAATGACTCAGGTGAGACGTCAAAGGCAAACGACCACCCAACCAACTTGGCGTCACGGCTTTTTTCGCTTTGCTTCGACGAACCAAAACGGTCATATCTTTAATTTGTGCCAACTCTAAAACACGTCCAGCCAAAATAAAATTGTCACCAGGCTTTAGTTTCGAAATAAAGAACTCTTCAATCATACCAATATAGCCACCAGAAAAGAATTTGACCATTAACATCACTTCACTCACAATAGCACCAATATTCATTCGATGTAGCATGCTAATGCGTCGGCTTTTTACTCTGTAAAGACCATCTTCATCTTTAATTACTTTATGAAATTCCTCATAAGAACTCAACGTTTTTCCGCCCTTAGTGATAAACTGTAAGCACCATTGCCACTCATCTTCGGTAATAAAACTAAAGGCATGCGTTTCTTTTATTTGAATAAATAGCTTTTTAGAATCAAATCCCATACCCACAGCGTTGGTTACAATAAACTGTATCAACACGTCAAACGTCATTACCATTGGATCGCGTGTTTCGATTTTATTTTGTTTCACAGCTTCCTTTAATGCCGAAACTTCCACCAATTCCAACGAATGGGTCGGTATAAAATAAATCTTGGAACGCTCATAAGGCGAATGACCACTGCGACCAGCGCGCTGCATAAAACGTGCAATGCCTTTAGCTGAACCAATTTGAATGACACAATCTACAGGTTTAAAATCCACACCTAAATCCAGCGACGAGGTGCAAACAACAGCTTTCAAGTAACCGTTGGAAATGCTATCCTCAATCCAATTCCGCAATTTTTTATCGATAGAACCATGATGAATTGCCAATAATCCTGCCAATTCTGGATTGGCATTAAGCAGCAATTGATACCATAATTCTGATTGCCCACGTGTATTTGTAAATATTAAAGTCGTAGTATTATTTTCTATAATAGGAAGAATTTTATCCACCATTTTGGCACCTAAATGTCCAGCCCACGGCAAAACTTCTATTTCATCTGGCAAGACCGAAACAATATCAATTTTCTTTTTTTGTTTTGCTTTTATTTGAGTGACTTTTAAATTGGGATATGGCAATAGAACATGCTTTGCTTCCTCAAGATTACCGATAGTCGCTGTTATTCCCCAAATTTGAAGTTTCGGTGAATAGCTTCGCAATTGCGAGAGTGCCAACTCTGTCAACACACCTCTTTTGTTTCCTAAAAGTTCGTGCCACTCATCAATAGCGACACATTTTACATTTTTAAACCAACGTGAATTCTTCTTTTGTGAAAACAGCAAATGCATAGTTTCTGGTGTGGTAAGTAATATATCTGGCATTAAACGTTCCTGTTTTCTTCTAACATTGGTTGGCGTATCGCCATTTCTAACTTGTACGGACCAATCCAGACCAATCTCATCAACGGCTTCCGTCATCGCTTTTGCTAAATCTTTTGCTAAACTTCTTAGCGGACTTATCCAAAGTAGTTTCAGACCTTTTGGATATTTATCTGGATTGTTAAGGTAATCAATAACGACAGCCAAAAACACAGAATATGTTTTCCCAAAACCCGTTGGTGCCACTACCATTCCGCTGTAGCCATTGGCATAACGCTGCCAAGTTTGCGTTTGAAATGGAAAAGGCGCTTGGGCTTTCTCCGCCATCCAATTGTGGATAATCTGTAATCCTATGCTCTCGTTGAATTTGCTCAAGGTGCAGTAATGAGTTGTTTCACATTTTCAATAGTGTCAATTTCTTCCACGGGTTTATCTTTTCGCCAACGTGAAATTCTTGGAAATCTCAAAGCTACACCAGATTTATGACGATTGCTGAGCGCAATACCTTCAAATGCAATTTCAAACACCAATTCTGGTTTTACAGTACGCACTGGTCCAAATTTTTCAATTGCATTTTTATTGACCCAACGTGAAATTTCCGTGATTTCCTTATCCGTTAATCCTGAATACGCTTTTGCTACCGTTACTAAAGCATCATCTTTCTTAACTGCAAATGTATAATCTGTATATTTTGAACTACGTCGACCACTACCCTTTTGCGCATAAATCATTACGGCATCAATCGTCAATGGGTCAACCTTCCATTTCCACCAATCTCCTTTTTTACGTCCTGTATGGTATGGTGAAGCTTTTTGTTTCAGCATTAATCCTTCACTATTAATGGCTCTTGAGTTTTCTCTTATCGCATGTAAGTCATCCCACTCTTTGAAATCAACAATAAATGATAATTTGAGTTGTGCAGGCAATGCTATCGAATTAAAAATTGTTTCTAAAATTTTTCGTCTTTCGGCAAAAGGCGTTTCCCTAATATCATCGCCATTGAATTCCATAATGTCGTAAGCATAAAAACCAATAGGAACTTCTTCCAGCAATTTTTTTGTGACATTTTTACGATTCAAGCGTTTTTGCAAATCGTTGAATAACAGCACTGCATTATCTTTCATGGCCAATATTTCCCCATCGATTACAAAATCATCACTAAAATTTGAAATCACTTCGACCAATTCAGGAAATTGCTGGGTCACCAATTCCTCACCACGAGACCAAATGAAAATTTCGTTATTTCGCTTTACGATTTGTCCTCTAATTCCGTCCCACTTTTGTTCAACAATCCAATCGTTAGGTTCACCTAATTCTGGTAATTCCTTTTCTAAAGCATAAGCTAAACAGAATGGATAAGGTTTAGAATTATCGTAGTTGATGTGGGTGCCTTTTATTAATTCTTCGAATGAAATGGAATCAATATCCCAATTTCCAATAATACTGTGCATCAGTTGATTAGCATCAATACCTGTAAGTTTTGCCAATGCATTTACCAATGTTTTTTTAGAAACACCTATTCTGAAACTGCCACCAATCAATTTGTTGAAAATAAGACGTTCCTGTTGCTGTAATCCTGACCAAGCTTCTAATACGAAGCGCTTTTTTTCTTCGTCACTTTTTGGCTTTAAAGCTTTGAGTTCTTTCATCCATTCGCTCAACGTCAAATCAAGCTGATGTGTTGGTTGCGGCAATAAAAGCGCAATGGTCTCGCCCAAATCACCAACCGTGCTGTAGCTTTCCAGAAATAACCATTCTGGCAGTTCTGTGATTTCCATGCACCATTGTCTCATCAATGCTGTTTTT
CP138982.1_gap12	609856	613457	3601	GAGTTCATTTCATGATTGAAATCGAGAACGCGTTTTCTTAAACTACTGAAATACTTTGACGTTATTTTTTTAAAGAAATGGTACATATCATGAAGTTAATATTTCTTTAATGTATAGTTGAATGTCCAACTTTTGAATAATATAACACTAAGATATAGGGCTACGGTTTTAGCCTTTAATTTGTATTGTATTCTTAAAGCAGATTTATTAAAATATTCAGTAATAGCATGGTGGTAAATTACTCCTTGCTTTTCAAACAATCCATAACGCTCGTATTTCATATAGGGTGAAATATTCTTTCCTCTATACTTGTCAAATGTATATAAACTATGAATATAGATATCTTTCTCGGTTAAATGGAAATAGCGTTTTCTAAAATAAAAGGGTTTGTTTTTAATCATAGAATAGGCAACAATTTCATTATTGTGCTTTATGCCCATACATATATCACCATTTTTTAGATCTTCAAGAAAATCTTTTTGATCTAAGCCGCTAATTGAAGCTTTTATCAATTTTAAATCTGACTCATCAAAAACCGTAACCTTTGAATTTATTTTTTCACCTCTTATTTTTTGTGGAACGGCAGTATCTTTAGTTGAAATGAAATAATAATATGGCATTATATCTATACCAATCTTGGCAAGATTATTACGCAGACCTTGCATAAACAAACCATGTTTGGAAAGTTTATATACCCACTTTATCCTATTGATAAAACCTTTTTTATTATTTTCCATTAATAATACTTTGTTGGGTTAAGTTAAAAAAAATGAAATCTTGTACTATCTAATTAGTTTTTAGACCTAAACGAAATATCTCATCTGTAAATTCACCAAAAAACGGTCCAGTAAACATCTGCAAATCTATATTCTGATAAAAGGTATTATATTCAATTAATATAGGTAGGTCGTCTTTATCGATTCCGATGTCCCAAGAAATGATTTTAAACATGGGCACCAATGGATGCATAGCTTTGACCATTTCCTTAACTTTATCATAATTTGGAATTTGAAAACCTTCTAACGGCACGCCTGAAGGTGCTTTACTTAAATCTGACTTTCCGCCCTTTTGTCTATGAATAAATCCTTTACCATATAAACACCCCTCTTTATCAACAGCAAAAGCCATACCGCCAATAGATATATTGTCCGTGTCACTTCCTGGCTTACCAATTCGTAAGTAAGCAGCTAGTACATTCACTTTCCCCTTAATATCTAAATAAGAGACTACCCTAAGTGAGTTAAGTGTTGATGCATTTAACGCACTAAGTTTATCACTCTGATCAACTACTTTCTGTACAATAAAATCTTTATCATACAGCTTATACAAATCAATAATACTTTTATTATCAATTGAAGTTTTATAATTTGATACTTTAAATTTCTTGACCATTTTTCCTTGGCCAGAATCCACAGTGGGTTTAATTATAAATTCAGAGTCAATATTATTACATGCTTCGATGGCAGTGGTTTCGTTTACTATAGTTTCATCTACGTAATAAAAACCATTAATATTGCTCACTACTGTTTTAGGTTGGTTAAACTCCTTAAATATATTAGACATTAAATTTTTATCTACAAATGCCGGCCAATACAACCTTCTGTTGAGGTTAGGTTCCATTATTGGTCTGAAGATATCTAAAGGAAGATAGTCCTTATGAAATTCACCACTTGCAAATTTATAAAACCTATGCCAATAGGTGTTTTTTAATTTATAACCTTTAGATTTATAGAAAGATTTAGCTTCCTCAATTTCGTGAGGTTCTAATTTTGGAATGTTACTATTTCTAATAACTTCCTTTATCATTTTACGAGCATTCATAGTAGCATTAAAAACTACCAATCTCCTTTGATATCGTATAACCTGATCAGTAAAAATCTTTTTAAGTGAATGATAAGCAACCATTTCTAATAACTTTTTAATGTAAAATTAATTGTCTTCTTCTTAAAGATTACTAAACTCAAGTAGAGTTTCATTGGCTCTGAATTCAATTTTTTCTTAAACCTAATCGTAGATTTATTAAAATATTCACTAACACTATAAAAGTTTGTTATGCCTTTTTTTTCTAAATGCTTGTAACTATGATAGCGTAAATATGGTGCGAGGTTCTTGCCTCTATAGGCTTCAAAAGTGTACATGCTATGTAAATAGCTTTCCGTAGGTCGCAAATCAAAAGAACGTTTTCTAAAAGTAAATGGTTTACACTTTATAAACATATAAGCCGCAATTTCCTCTCTGTTCTTTAGTCCGATACAAATTTCACCGTTTTTAAGGTCAGCTAGTAAATCTTTCTGCTCAATACCTATTATGGTATTCTTTATGTAATTAATTTCAGCTTCTCCAAAAGTGGTTATTTCAAAATCTTTATCTTCTCCCCTAATTTCTGGAGGTGTAACAGGGCTAGTAGCTTCCCTAACCCAATAATATGGCATAAAATCCAATCCAATCTTGGCTAAATTGTTACGCACACCATGCCAAAATAATCCATGTTTTATGATATTGGACATCCATTTAACTCTATAGGATAAGCCTTTTTTGTCTCCTTCCATAAATTAATGGTTATTTATAAATACGACCATAGCGACCATTGCCAGGCTCCATATCCATTTGAGCTCTAAACTCTGACGGAGTCATAATTTCTCTGTTATTGGCTTTGGCTATTGTATGTATCCGCTCTATTAGCGAAGTATTGGTAGCTAACCGTGTGCGTTCTGCATCAAACCAAATATTGTCCTCTAAACCAACTCTTACTCCTTTGCCAATAGCAACAGCCAAAGAATTCATCATCAATTGTCCATTACCAATACCAGCAACACTAACCAAAGCATCTTCAGGAATATCATTAAGCATTACACCTGTATGTAATAAATTGGTTTGTGCGCAGGCAATATTTCCAAAAAGTAGATTATAATATAATGGAGGCCTTATGTAATCTTTCTTCACCAAGTACTTTCCAAAGTTAATCATACCTACATCAAATACTTCCAATTCTGGTACAATTCCCTTAGCTTTCATTGTTTTTGCCAAGTCTTCAATCATACTTGGAGCGTTCATGCTCGCTACCCTATTAAAATTTAAAGAACTTAGGGTTAAACTGCCCATATCTGGTTTTAAGTCACCCTCTAAAGATAATACGTCTGCTCTCTTATCCAAAGTATTAAAATTACGACCACTAAGCGATGTACAAATCACTAAGTCTGGCGCGTATTTTCTTATACCCTCTATCAATTGAGCGTAAACTTCTTTTTTGTAAGTAGGTACACCAGTCTTTTCATCCCTGGCATGTATGTGAGTCATAGTTATGCCTAGCTCGTACGCACGGTGAACATCTTCTACAATTTCATTGACTGTAACAGGTACATGAGGTGTCATGTCCTTAGTGGGTATCATTCCGGTAGGAGTGAAGTTTATGATTAGCTTATTCATTCGATTTGGGTTAAATGATGACGAAAGCTAGCTTATTTCTTAAATAAAACACAAATAATCCGATTAAATGAGAGTCTATGACTATAAATTGAACATTTTTTAAGTTTGTAGCAACAAAAAAACGCAATCAAATTAATGATTGCGTTTTTATATTCTAGATTCTGAAATAAATTCA
CP138982.1_gap13	624101	627231	3130	GTTTTATCAGGAAACGATGGATGTGCACCAATTTTAACATTGTGCGCTTTAGCTAACCTTACGACTTCAGTCATTGTAAAGGTGTTGCCCGCATGACCACCACAGGCAATATTGCACGATGACAAATGTGGCATTAAGTCAGGCTCATTGCCCATACCTTCTCCTACGTCAGCATTGATATCTATTTTTATTAAAAGACTCATAAAAACACCCCCTAAAGTCCCCTCAAGGGGATAATTATTCAATAAAACATTTAGATAAGATTAAAAACACTCAAAATTCCTTTTACACCTAAAAAGATAGTGATTATTAGAATTATAATTCCAAAAACGTTCTGAAGTTTTGAGTTTGTATAGTTCCCAAGGACAATCCGTTTGTTCATAACCCAGAGTAAAAATCCTGCAATAATGGGCAAGAGCAAACCATTAGCGACTTGAGCAAATTTGATGATTTCAATGGATTTAAATCCAATTGAAGAGAATATGACACCTAAAACAAGAATAAACATCCAAACCGCTCTAAATCTTGGTGACTTAAGATTTGCTTTCCATCCCAAACAGCCACTCGCTACAAAAGCTGCTGCCAAAGGTGCAGTTATAGCACTTGTAATACCAGCAGCAAACAAACCGATGGACAAAAAGTATTTGGCATTAACACCGAACAAAGGCTCAAGTCCTTTGGCCAGATCTGATGCATTTGAAATATCTTGGTGTGGAATAGCAGAAGCAGATATAATTATACACATCGACACCAAACCTCCTAAAATGACGGCAATTATAGTGTCTTTTCTTGCGTAGCTTAAATCACTCTTGGATTGCCATTTGGTCTTTGCCAATGATGCATGCAAGAATAAATTATAAGGTACAACAGTTGTACCAATGAGGCCAATAATGGTGAGAATACTCTTATCGGGAAATTTAGGAATGAGCATACCTTTTACCACTTCCAAAATATCGGGTTTTGTAATAATAGCTGTGGTTAAAAATGCTAAACTCATCAGGATTACCAAAACTACTAAGGTTTGTTCAAGCACTTTATAATTTCCAATATAGAGTAAAATAAAGGCTACAGCACCTATAACCATGGGAATAACTGTGAAATTTGAGCTACCAATGACAATTTCAGGATTACCGAAAAGCGTTTGCACTCCCAAAGCTCCTCCACTAATGTTTCCAGCTTCGTAAGCAGCGTTACCAACCACAATAGCCGATAACATTAAACCAATGGCTAATCCTCTTGCTACTGGACTTTTTATTTCTTTTCTAATAACTTCGGATAAGCCTTTTTGGGACACAATACCCAATCTAGCTGCCATTTCTTGTAATACAATAGTTGCCAAAACCGATAACACTAATGCCCAAAGTAGTGCATAACCAAAGTTGACACCAGCCAAGGTACACAGTGTTACAGTACCTGGACCTATAAATGCTGCCGCTACCAATGGACCAGGTCCTATATTTTTGAAGAATTTCCTAATCATTATCTATGGAATTCAAGGCATAAATAGCGAAACTACCTAGCCAATGTCCTCCTTCGTAGCTATCTCCTACAATGCTTGGTAAAGAGTAATTAATGTGCTGATTGGCTATATTTTTAAGATGCTCAAATTCTGGAATGCCTTTGGCAATTTCGTTGAGGCTCCATGCTCTTGAAAAATTGACACCATCTAAATGCACGAGCTTTCCGTCCGTTCTGTCTGAGACTTTACCGACTTCGATATCAAAATCTTCGTTGTTGAGCTCTGGCATAAAATCGTTTACCCAAACCATAAACTCATCTTTAGACAATACACGCTTCATTAAAGCCGCTTCTTCCAAACAAGGAGATAAAAAATCAAATCCGCTTGGCTCCCATTCCAACGGACAATCCTGATCATCCATATAAAAATCCTCGGCTCGTTTTTCAATGACAGCTTTCAGCTCTGAATGCCCTACTGTTACTGCATAATCGTAGGCAAAACTTAACCCGAAGGCTGTATTTGGGTGCTCTCCCACTCTAATAGGATAGTTGAGTTTTGGTAGAAACTCTAAATATTTATTGGCGATTAAATCTGTTAACGGTTGGAGGTTATTTTCCAGTTCCCTTGCTGTAGAGTGATTCCATTTCTGCAGTTCTTCAGCCAATTTGAGCAACCATGCCCAACCATAAGTACGCTCGTAAGTTTTATTGTGCTTACCGTGAAAATAGGCGACTTCTTTTTTAATATTTTCTTCTGAAATGCTTTGCAACAACCAATTCTGCATCTCGGTTCTCTTTTCCAAATCTGGAAACTGACGTAATAAACTCACCATGCTCCAATGGCCATGAACAGCAGAATGCCAGTCAAAACAACCGTAAAAGGTTGGATGTAATGTTTTTGGTGATTTTAAATCGTCATCGCTTCCTAAGGTTTGACCGAGTTTATTAGGATATTCAGTGCCAACGCAAGCAAGTGGTAATTCTGCTAAACGGTTGGCTTGTTCGAGGTTGAGGGTTGGTATTTTTTCGTTTTCAATTTTAGTAGTTACGTTGCCAGTGTTCTTTTCCTTTTTGGTATTACAACAAAAAATAAAAAAGCAAAGCAACAGGACTATATTTTTCATAATAATTATTTATAAATTTTATCAAAATTGCTCCATAGCATTTCGACTGTGCTCAATGTGACATGCAAATAGAAAACAGTTACCCTAACCAACCCTCTCTATCCAAACTACGGTACTGAATAGCTTCGCTTATATGAGCGCCCAAAACATTTTCAGAACCTTCCAAATCGGCAATGGTTCGTGAAACTTTAAGAATTCTGTCATAAGCTCTGGCAGAGAGATTTAAGCGTTCCATGGCGGATTTTAAAAGCTTCAATGACGCCTCGTCTAACTTGCAATATTTACGAATTTGCTTGGTGTTCATCTGCGCATTATAATGCACATTTTCCAATTCTTTAAAGCGTTCGGTTTGCACCTCTCTCGCTTTAGTCACACGTTTTCTAATATCCACTGAAGATTCGCCTTTTCTATCATCCGATAGTTTTTCAAAAGGCACTGGAGTCACTTCAATATGAATATCTATTCGATCTAACAAAGGTCCTGAAATTTTACTGAGATAGCGTTGCATTTCAGCTGGACTAGACGTCACAGGCGCATCAGGATCGTTA
CP138982.1_gap14	632933	636772	3839	TTTACAACTTCAGCACCTCCGTTTATAGCATCTCCTCCTGCAAAATATTTTGGGTTGGAAGTTTGAAATTCAGCATTGGTTTCTATTCTTGTTTTATGATCCACTTTGAGATTGTCAATAAGCTCATATAAATGTCCTTGTTTTGCTTGTCCTGTGGCTTTAATGACCAAATCACATCGCACTACAAAAGTGTTTTTTATATTGGTTTTTAATTTGCCTTCAACAATTTCTGTTTTTGCAAATTTCACACCTTCAACTTTTCCGTTTCCTACAATCTCTAAAGGCGTAACATGAAACAAACTATCTACTCCAGCACTTATAGCTAAATCATACTCAAAACCATAGGCTCCCATTTTCTCTTTGGAATTTCGATACGCTAAAACTACCTTTTTGGCTCCCATCCTAGCCGATTCTGAAGCTGCATCCATTGCTGTATTTCCACCTCCTAACACAACAACCTTTTGAGGGACTTTCATTTTGTGCTGTTTTTTACGAAGCTCTTCAATAAACTCTACAGCTCCTACAACATTGGCTTTGTCTTCTCCTTCTAATCCTAAAGTTCTTGTGTTTCCTAATCCTACTCCCAAAAAGATGGCATCGTAATTATGCTCTAATTCTTTTATTTGTTCTTTGGAATCTATTGCCGAATTGTATTTAATATTGAATCCTAAATGTTTCTGAAGGTATTCAATTTCCTGTAAAACTTCTTCATTGGTTATTTTATATGGTGCAACACCATGAACATTCAATCCTGATGGCAATGATTTTGCTTCAAAAACATCTACCTCATAACCCATAGTCCTTGCTTCACTTGCAAATGCAATTCCTGCTGGACCCGAACCTATAACCGCTACTTTTTTACCATTTGATTTCCCTGCTTTAAAAATGACTTTGTCTTCACTAATGGTTGTATTTGTTGCATAGTTTTGAAGTCTCCCTATTTGAATTGGTGGCACATCCTGATGATTGTACACACAAGCACCTTCACACAAGACACCTGTTGGGCAAACAACACCACAAGCATTTCCTAACCAATTGGCATCGAAAATCGTTTTTGAAGCTCCTGTTACATTATCTGTATGAATCTGTTTAATAAACAACGGAATGTCAATATGCGTAGGACACGCTTGAATACATGGTGCATCATAACAAAACAAGCATCGTGAAGCTTCATAATAGGCTTCAGTATCGTTCATCAACGGTTTTTTCTGCTTGAAATTCTTATCGAATTCTTCCTTCGTGGTTGGTCTTTTATATTCTGCCATATCTTATAAATCAGTTAATCTGCCATAGGTTTCCGGTCTTCTATCTCTGAAAAATTGCCAAGTAGAGCGTACTTCCTCTATTAAATCCAAATCAAACTCTGCCACTAAGAGCTCATCATCATCTCGAGAAGCCTCAGCAAAAATTTGTCCGCGAGGGTCAACAAAATATGATTGTCCGTAAAACTTACCTAAATTCCATGGTTTCTCTTCTCCAACACGATTTATGCAACCCATAAAATAGCCATTAGCAGCTGCATGTGCTGGTTGTTCTAACTTCCACAAGTATTCGCTTAATCCCGCTACAGTTGCTGAAGGATTATAAACAATCTCAGCTCCATTAAGACCTAAAACTCTTGCGCCATCAGGGAAATGTCTGTCATAGCAAATGTAAACACCAACCTTAGCATATTTAGTTTGAAACACAGGATATCCCATATTACCAGGTTTAAAGAAGAACTTCTCCCAGAATCCAGTGGTATGTGGAATATGATTTTTTCTATACTTTCCTAAGTAAGTTCCATCTGCATCTATGACTGCTGCTGTATTATACAATACCCCTGGTGATTCCTTTTCATAAATTGGAACGATAATCACCATATTATGTTTTTTAGCTAAGACCTGCATTTTTTCAGTGGTTGGGCCAGGCACGGATTCTGCAGAAGTATACCATTTTTTATCCTGTCCAGGACAGAAATATGGTGTATTGAATATTTCTTGTAAACATAATATCTGAACACCTTGTTTTCCAGCTTCCTCAATGTATGGAATGTGTTTGTCGTACATAGCATCCATTATTTCTTGAATGGTCCCTTCTCCTTCCGTCATTGGAAGACTCATTTGTATCAATCCTGATTTTACTTTTCTTGGCATTGTATTACTGTTTGTTTATTGATATTTTTAATCGTTTAGATAACTGTCTTACTTGTTGTTCCTCGAGGAATAAATTGTCCGTGTCCTGCTTTCAATTTACATTCTTCATCTTCAATCGCGACCTGTCCTCTTAAAATTACGGTTTCGGTTTTTCCTGTTATTTTCATTCCTTCATAGGCTGAATAATCTACATTCATATGGTGTGTATCCACTGAAATTGTGTGTTCCTTTTTTGGGTCGAACACCACTAAATCAGCATCACTTCCTATGGCAATGGTTCCCTTTCTAGGATACATGCCGAATATTTTTGCCGCATTGGTTGAAGCCACTTCAACATATTTTGGTAGTGATATTTTGCCTTTGTTTACGCCTTCAGAAAATAAAATTTCCATACGATGCTCTATGGCTGGATGACCATTTGGAATTTTTGAAAAGTCATCTTTTCCCATTTTCTTTTGTTCCCACATAAATGGACAATGATCTGTACCAACTACTTGTACCAACCCTTGATTGATTCCTGACCATAAGGCTGTTTGGTCTTTCTTTTCTCGTAATGGTGGACTCATTACCCATTTAGCACCATCAAAATCTTTTTCATATAATGAAGCATCTAAAACTAAATACTGTGTACAGGTTTCCACAAATACTTTTTGATTACGTTGTGTGGCTTTTCTAACCGCATTTAATGCTCCTTCGCAAGTCATATGCACAATATAACCGGGACAATCAGTATAGTGCAACATATCTGCAAAACGTGCTGAAGCTTCCGCTTCGGTAACTTCTGGTTGTGATAAATAATGGTATAAAGGTGATAAATTTCCTTGTGCTTTATTTTTTGCAATGAGCGAATCTATCATGTCGCCATTTGTAGCATGGACAGTCACCAAACCACCATGTTTTTTTACCACCTTCATGAGTTGCACCATTTGTCCATCGTCAATCATCAAAGCGCCTTTATAGGCCATAAACGTTTTAAAGGAGGAAATGCCTTCCTCTTCTATCATCTGAACTACTTCTTTTGCGACATCATCATTGAAATCTGTAACTGCCATGTGATATGAATAATCTCCAATGGCTTTTCCTTTAGATTTGCCTTGCCAAGTTTTTAATGCGTTATGAAGCGTATCTCCTTGTGTTTGCAATATGAAGTCGATAACCATTGTAGTGCCTCCATGCAAAGCAGCACGCGTTCCTGTTTCGTAATCGTCACTAGAATAGGTTCCCATAAAAGGCATATCTAAATGCACATGAGGGTCAATACCTCCTGGAAATACGAGGCGATCAGCAGCATCTATTACATTATCAGCTTCATAATTTAAGTCCTTACCAATGGCAACAATTTTTTCACCTTCTGTGTAGACATCAGCGATATAACTTTCGGAAGCCGTAACAACACGACCATTTTTAATCAGTATAGACATTTTACTTTTTCTTCATTAATAAATAATACAGGACAAACGAAATGATGAATCCTGTAAACCAAGATAGTGAATACAAGAAACTCAATGCAGGTACCCAATAACCAATCAGTGCGGCAAACACACCAATTCCTAATGAAATCATTCCGGCTCTATTAAAGCCTGTTTTGTTATAGGAATAGATTCCTTCTTCTTTATAGAGTTCAGCCAGTTCCATTGTCTTCTTTCGGACTAAAAAATAATCGGCAATCAGAATTCCAAGAACTGGACCCAACAAACCACTTAC
CP138982.1_gap15	638686	640087	1401	AACACATGATGTCTGGTGTGACATTGTGATGGTCGATACCAAACATTTTTCCTGTACGACCAAAACCACTCATGACTTCATCATCAATCATCATAATTCCATATTTATCACAAAGCTCTCGAACACGCTTTAAATACATCGGTGGATATTTTATACATCCTGATGAACCAGATTCGCCTTCAAATAATATGGCTGCAACACTATCAGGATTTTCAAACTGAACAACGCGTTCTAAGTGTGCAATGGCACGTTCACCACATTCTTCAATAGATTTAGAATTCCAAGGACAACGATATGCATAAGGATTTTCAACATGCACCACATTTGGCATGGCCTGACTATCTGAAGGAAATCGTCTTGGGTCTCCTCCTGCTGTCATAGCACCATAAGTGCCACCATGATATGCTCGGTAATGTGTAATAATTTTATGTCGTTTTGTGTACATTCGCGCTAATTTAATAGCGTTTTCTATGGCTTCTGCTCCACCTAGTGTGAAGAATGTTTTTGAAAGATTTCCTGGTGTAATTTCAGCAATTTTCTTACCTAATTGACCACGAATATCAGTTGCCATTCCTGGATACACATAACTTACTTCTTGCATTTGTTTTACCACAGCATCTGTAATGCGTTGATTTCCATGACCAATATTAACATTCATCAATTGAGAAGAAAAGTCTAAGTATTTCTTACCATCTCTATCATAGACATAAGAGCCTTTGGCATGTGATGCGTTTATTGGATTGAGTCCACCTTGTTTTGACCAGGAAAAGAGTGTGTAGTCAAGGTTGTTTTTTATGATTTGATTGTTATCCATTTAATTGGTTTGGTTTGATGTAAATTAAAATCCTTTCGACTGCGCTCAAGGTGACATTTGATATAATAATTGAAATAAGTGACCAATACAGTTTCATTCAATATAAAATCTTGTGTCCTCTTAACTCATCCAATTAGTTTTTGCCTCTGGATTCCATTTGATGGTTGTTTTTTTGTTTTGAGTCCAAAACTCTATGGAACTTCGACCTGTAATGTCACCAACTCCGAATTTTGATTCGTTCCAACCTCCAAAAGAAAATGGTTCTCTAGGCACAGGGACTCCAATGTTAACACCAATCATTCCTGCACTTGCGCGTTCCATAACTTGTTTTGCCAATCCTCCACTTTGTGTGAATACAGCTGCTGCATTACCATAATTGGAACCGTTTTCTATCTCTATAGCTTCGTCTAAATCTTTAGCACGTAATATTGAAATTACGGGTCCGAAAATTTCTTCACGAGCTACAGACATGTCAGTAGTTACATAATCAATAATGGTTGGCCCAACGTAATAGCCGCCTTCTTTTCCTTTTACAGTTACATTACGACCATCGAGCAAAATTTTAGCACCATTTTTTTCCGCTTCAG
CP138982.1_gap16	657796	660770	2974	ATATACAGAAGCGATCATAACTTATCAGTTTTATGGTCTAATTATTAATGTGACACAGATAGTATACTCTTTTGTCACATTTTTTCGATAAACTACAGGAATAATCTTTTTAAACATTTCTTGCATATCGATAAGCCAAATACATAATTTAAAATCATTTTATTATGTAAAGTTTACACTAATAACTTAACCCATGTTCTAATAAGACAAACTAAAGTTCAATTACCCTATATTAAAATCTTTTAAATATTATATGTATTAGTGAATAAGCATTTGAATTGCACATATTATTTGTGATAAAAAAGAGAATGTCGTAACATTACAAAACTAAACTGAATTATAATGCAAGACAACGATTTATCTCAAATTGACACTGAAGACCAAAATATTATTGATAACACAGAGCTTAATATCTGGGAAGCATTAATACCTGTTTTTGCATTAGTAGGTATGTTGGCTTACAATATATATGTTTATGGTGATGATGCCTTAAGTGGAAGTAATCAATTTATTCTTTTAATGGGTGCCGCAGTTGCGGCTATTGTTGGCTTTTTTAACAAGGTCAAGTACACAAGAATGCTCGAAGAGGTTGCAGAAAATGTAAAATCCACAACTGGTGCATTACTCATACTTTTAATGGTTGGAGCACTTGCTGGTACATGGTTAATCAGTGGCATAATACCTACAATGATATATTATGGATTACAAATTCTAAATCCTACAATTTTTCTTGCTGCTAGTGTGGTCATATGTGCAATTATTTCAATAGCAACAGGAAGCTCATGGACCACATCGGCAACAATAGGCATAGCATTGATTGGTATTGGAAAAACACTTGGAATAGATATAGGAATGACAGCTGGAGCTGTACTGTCTGGCGCCTATTTTGGAGATAAAATGTCACCATTAAGTGACACCACCAACTTAGCACCAGCAATGGCTGGCGGAGAGTTATTTTCTCACATTAAGTACATGGCTCTTACTACCATACCTACTATAGTTATTACACTTATTATTTTTATTATTATCGGTCTTAATATTAACACTTCTGGGACACCCCAAATAAATGATAAATTAAATGCCATAGATGGTGCTTTTAATATTAGTCCTTGGCTTTTTATTGTTCCAGTAATAGTAATCCTAATGATAATTAAAAAAACTCCTCCTCTTATTGCTTTGTTAATTGGAGCTTTATTAGGCGGAATAACTGCAATTATTGCGCAACCTCAAATCATTACCACTATCGCTGGTGCAGAGACACTAACGTTTCAATCAGCATACAAAGGAGTAATGAATGCTTTAACGGTTGACACGGCTGTTACAACCTCGAGCGCAGAACTTAATGACCTTTTCACTTCTGGTGGCATGAAAGGTATGCTAGGCACCATTTGGTTAATTATTTGTGCAATGGTATTTGGTGGCATTATGGATGCCATAGGTGCCTTATCTCGAATTACGGACTCTTTACTAAAAATGGCTACAAGTGTATTTGGATTATTTGCCAGTACAGTTGCCAGTTGCCTTGCATTAAATCTTACAGCATCTGATCAATATTTAGCATTAGTTGTTCCTGGTAAAATGTTTAAAAAAGCTTATGAAGACAGAGGATTGGCACCAGAAAATTTAAGTAGAACACTTGAGGATTCCGGTACTGTAACCTCGGTTTTAATTCCTTGGAATACCTGCGGAGCTTACCATTCAAAGGTTTTATTTGGTTACGCAGGTGCCACGGCATATATCCCTTATGCTTTCTTTAGCATAATTAGTCCGTTTATGACTTTACTTTTCGCAGCTTTCAAAATTAAAATCAAACAATTAAGAAGCAAATAGACTAGCTATATCTTTTAATAAATATTTAAAATACATCTTCATTGTCAATCCTATATTGATGCGTAACTTTGCAGCCGAATTTAAATTTTAACATAAAAAATAAATTAAAAAAATGGCTGTATTAGTAGGAAAAAAAGCACCTCAATTTAATGCACAAGCGGTTGTTAACGGTCGCGAATTTGAAGAAAATTTCTCTTTAGATCAATTTATAGGAAAAAAGCACGTTGTGTTATTCTTTTATCCAAAGGATTTTACATTTGTTTGCCCAACGGAATTACACGCATTTCAAGAAAAGCTGGAAGAATTTAAGTCTCGTAACACTGAAGTTGTTGCCGTATCTACAGATACAGAGCAATCGCACTTTGGTTGGTTACAATTGGAAAAAAACAAAGGTGGCATCCAAGGTATTACCTATCCTTTAGTTGCTGATACTAACAAGACTATTTCTAAGAATTACGATGTCTTGGCTGGTGATTATTACTATGATGAAAATGATATGTTACAAGCTGAAGGCGAATTAATCGCTTACAGAGGGTTGTTCTTAATTGATAAGGAAGGTATCGTTCGTCATCAAATAGTGAACGATTTACCATTAGGAAGAAATGTTGATGAAGCTTTACGTATGGTAGATGCTTTACAATTTGTTGAAGAAAATGGTGAGGTTTGCCCAGCCAACTGGAACAAAGGTAAAACAGGAATGCAAGCCACTCACGAAGGTGTTGCTGAGTTTTTGGAAAAGCATGTGAATTAATTAAAAATTAACTTACAATATATATTTAGACCTTTCAAGTTTTCTATACCTGAAAGGTCTTTTTTATTTTAGAATTACAGTTTCAATTCTATTTCTGATAATCTTTTTCTATTTCAAAATTTCTTCAAGATTCTTAAATCCCTTTTCAACAGCATAATCCAGTGCTGTTTTGTTATTATTATCTTTTAAAGACTTATCCGCTCCTTTATTTAAGAGCATTTTTACTACAAGTGGCTGGTCGTACATGGTTGCAAAAATCAGAGCTGTCTCTCCATTATTGTTTTGAACATTGACATCTGCTTTATTCCGAAGCAATAAATTTACCAAACCTGTATGGCCTTTAAAAGACACACCTATTAAAGCCGTATTTCCAGCCGAATCACTAGCATCGAC
CP138982.1_gap17	661824	665182	3358	ACCATTAGCACCACCTCTTTTGTCTGAATTTCTATAGGTTGAAGCCGAAGCCCAAGCTGTTTTTACCATTTCTGAAATCGATAAACCAGATGCAAGAATCATTTTCTTTAAGGATTCAATATCAGAATCTGTTAATGTATAATCTACTTTTGGGATAGGGTCTTGCCAAATCAATTCTTCTTTTGGCACTTCGGGTCCTAAGTATCGATCAATTGGTCCCATATCTCTATGGGTTAATTTATACCAAGCTCTAGCGAAAGCATCTTCGAATGCTTTATGATCCTTATGAAAGCGCTTAGAGATTTCTAAATACGCAGGATCGGTTTTTAAGGCAATATCTGCCGTTGTCATCATTAATTCCTGTCTTCCGTTTGGGTCACCAGCTTTAGGTGCCATTCTCGCTTTAGACTCAGCCGTTGGTCTCCATTGATGAGCACCTGCCGGACTCTTAGTTAATTCCCAGTCGTAATTTAATAATACATCAAAATAGTCGGCATCCCATTTAGTCGGATTTGGTGTCCATGCGCCTTCAATTCCACTAGTAATGACATCCTCTAAAACACCAGATTGGTATGAATTTTTCCAACCCATACTCATTTGCTCAATAGGTGCTCCATGTGGTTCTGCACCTACAAATTGGTTAGGATCTGCAGCTCCATGCGCTTTACCAAACGTATGACCACCTGCAACCAAAGCTACAGTTTCTTCATCATTCATTGCCATACGACCAAATGTTTCCCTTACATCTTTAGCAGAGCCCATAGGATCTGGATTACCATCAGGACCTTCCGGGTTTACATATATCCAACCCATCATTACGGCTGCAAGAGGATCTTCTAAATCACGCTCTTTATAATTATCACTATTACCGTAACGTGCTTCATTTGCTCCCCATTCTGTTTCACTTCCCCAGTAAACATCTTGTTCTGGCTCCCATATATCTTCTCGTCCTCCTGCAAAACCAAACGTTGGAAATCCCATAGATTCTAATGCACAATTACCAGCTAAAATCATTAAATCTGCCCAAGAAATTTTGTTTCCATATTTCTTTTTTATTGGCCATAATAACAATCTGGCTTTGTCTAGATTGCCATTATCTGGCCAACTATTAATTGGGGCAAATCTCTGATTACCAGTACCTGCTCCACCTCTACCATCTCCAACTCTATATGTACCAGCACTATGCCAAGCCATACGAATCATAAAACCACCATAGTGACCATAATCTGCTGGCCACCAATCTTGAGAATCGGTCATGAGGTTTAAAACGTCCTGTTTTAATTCGTCATAGTTTATGCTGTTAAAAGCCTCAGCGTAATTAAAATCTTCTCCTAGCGGATTTGACTTTGCTGCATGCTGTCTTAAGATATTCAGTTTAAGTTCATTTGGCCACCAGTCTCTATTTTTTACTCCTCCTCCACCAACTGCATTTTGTTTGCCACTTAAAAAAGGGCAATTACTAGCTGTACTTTCATTAAGCTCAAAGGTTTCAGTATTCTTATTATCCATTTGTATTTGGTTTTATCAGTTTTAATTTCGTTGTCTATAAATTTATGAAATTATGAGCATCTAATAAAGTCTCTATATCTTTTTATCTAATGTTTTTATAGTCAAAACTTATGATATAGGTTATTTGAATTACATTAATGCATATTAAATGATTCTTGACGTAGGAAATCTTACCAAAAAGTTGTAACTTAATGTTATCATTTAATACCTATAGTTATGAGTACTTCAGAATATACAAAAGTTTACAGCGGTAACTTCGTTATTGTAACACGTTTAAAAAGCGAATTAGAGAATACTGGGATTATTCCAATTATTAAAGACGAAGGCGAATCGCAACGTTTAGCTGGCTATGGCTCCATGAACCAAGGCTTTCAGGAAGTCTTTGTTCATAATGATGAATTGGAAAAGGCGGTTGCTATTGTGGAACGGGTTAAGGGTGAGATGGAAGCTTAAATAATGAGAATTATACGCCCTTTGTTTATTGTCGTCTTTCTTTTTGGTTGTAAAAATCAGACCAATGAATATATTCAAAAGTTTGAAAATATTCTGGGCGAAAGAAAAACTAAAGCTCTAGATTTATTAGTCTTTGATTTTGAAAATAATCTAGATAAAGTATATCCAAATATATCTCTTCAGAAAGCTTACGAGCAATATCTAAAAGATTTAATTGACCCTAAAGAAACCGATTGGGATAAGTTTAGATTTCTATCCGATGAAACACGTGCGGAATTTGAAAATAGTGGTTTAAAAAAAGAGGTTTATAATATTGAATTAGAATTCGTCGAAGAAAAAAAAGACTCTTTATTAACTTATTACTCAAACGGTGTAGGTAAATATATGAGAGCTATTTATGAAATAAAAGAGCATGACACTTTAATGATGGAATACTATAAAAGAAGAGAAATCGGTGGATTAATGCAAAACGAAATTTTCGTTAATGGCATACTGCATTTCAGACCAGACTTCAACAATTATTTCCACAAAAGAATAGTTGTTATTGAGTTTACATACTAAGCCGTCACAGCATACATCTTCTCGCGCTGCTCCTTAATCTTTTTATCACTCATATATTCATCAAAAGTCATGTAACGGTCAATGACTCCATTTGGTGTGAGCTCAATGATTCTATTACCAACAGTTTGTGCAAACTCGTGATCGTGCGTGGTTAACATTACTGTTCCTTTAAAATTTTTAAGGGCATTGTTAAAAGCTGTGATACTTTCCAAGTCCAAGTGGTTGGTTGGTTCGTCAACCATAAGCACATTGGCTCTAATCATCATCATACGACTTAGCATACAACGTACTTTTTCACCTCCAGATAATACGTCTGAAGTTTTAAGGGCTTCCTCTCCACTGAAAATCATTTTACCAAGGAATCCTCTGATGTATACCTCTTCACGTTCTTCTTCGGTGGTTGCCCATTGACGTAACCAATCCACCAAACTTAATTTGTTGTTGAAGAATTCACTGTTATCTAATGGTAAATAAGACTGATTTGTTGTTACTCCCCAATTATATTTACCAGAATCCGCTTTTTGCTTTCCATTAATGATTTCATAAAAAGCCGTAGTGGCTCTCGAATCCTTGGAATACACAACAACCTTATCACCTTTAGCTAAGTTGATATCAATATTCTTGAACAATACTTCACCATCTAAACTTGCCGATAAGCCTTCAACATGTAAAATTTGGTCACCAGCTTCGCGCTCGCGCTCAAAAATGATGGCAGGATAACGTCTGCTACTTGGTTTAATATCTGAAATATTCAGCTTATCAATCATCTTTTTTCTACTGGTTGCTTGCTTGGATTTTGCAACGTTAGCAGAAAAACGACGGATAAACTCTTCCA
CP138982.1_gap18	667140	668596	1456	TACCTAATTTAGCCGTGGTCAACTATAATGATACAGAGCACTATCTAAGATCTATTATTAATAAACCGACCATCATCTATTTTTGGTCTTCAAACTCTAAAAGCCAGTATAGAAACAGTCATTATATAGTTGCGGAGTTAAAAGTGATGTTTCCACAGGTAGATTTTATATCCATTAACGTTAACGATAATGACGATAAATTCTGGAAAAACATTATCAACAATTATGATTTTCCTACAATTAATGAATTTAAGTTCAAGGATTCTAAAGCAGCACGTAAGACATTGGCCGTAAACTATCTAAATAAAGCTATTATTGTTGATGAGAATGCTGTGATATTGCATCCTAATGCCAATATCTTTAGCTCTGAGTTTAACGAAACCCTTGAAGGACTTCTACAAAAAAAGCACCTTATCGCTAAACGTTAAGATGCTTTATAAGTGTATAAATCAGTTCTTTTCTAATTTCCTTTCTTGTAATCTGCTAAGAATTTCTCTAAGCCAATATCCGTTAAAGGATGCTTTAATAAGCCAACGATTGAGCTTAAAGGACCTGTCATAACATCTGCTCCCAATTTAGCACAATCAATAACGTGCATAGTGTGACGAATAGAGGCTGCTAATATTTGTGTTTCAAAAGCGTAGTTGTCATAGATATGACGAATTTCTGCAATAAGATTTAAACCATCTGTAGAAATATCATCCAAACGACCAATAAATGGAGATACATAAGTTGCACCAGCTTTTGCGGCTAGTATTGCTTGTCCTGGAGAAAACACCAATGTAACATTAGTTTTTATACCTCTATCAGAAAAATATTTACAAGCTTTTACACCATCCTTTATCATTGGTAATTTAATAACGATTTGATCGTGTAATTCAGCTAAAGCTTCACCTTCTCTAACCATGCCATCAAAATCGGTAGATATAACCTCAGCAGAAACATCTCCATCTACAATATTGCAAATATCAACATAGTGTTTCATAATGTTATCCGTACCAGTAATGCCTTCCTTCGCCATTAAAGATGGGTTTGTTGTTACGCCATCTAAAATGCCCATATCTTGAGCCTCTTTAATTTGGTCTAAGTTTGCTGTATCAATAAAAAATTTCATAGAAAATTGTTGTGTTTTTAGTTGCTGCAAATTTACAACTATTCGTTAGGTTGACTTCAAAGAAATAGTCAAAATATATTAACAAGTTATTGAACAATTAAGGTATACGTCTTCTGTGTACTGTGATTGCATAAAGTATCCGTATAGTAGGCATCTCCATCATCATCGTATTCTACATTAACTGGGCCTTCTACATATAAGTAAACCTCAATTTCAAAAGTTCCTGTTTCCACAGGCAGTCCTTCAAAGCTAATAATTCTGTTATTTATAAAGTAACCCACACCTTCTGGTAAATCGGCTTCATTAATTTCAAAAAAATAATCGTAATTATTATCCCTTGGC
CP138982.1_gap19	673451	675350	1899	AATAAACAGATTCTTCGGTCATACTTCCCTCTGAATGACACAATCTGCATTAATTAACCCTCTTCATAATAATTACTAACTTCAAAAGTTATATTTTTAAGCCATAATTATTTTGTTTATGAAGCGACTGCTATCATTCTTTATTTGCCTAGTTGTATTATTATTTTGGAGTTCTTGCCGTAAGGATTTTGATTTCTCTCCAAGCACCGGAAGTCTCGAGTTCGCAAAAGACACTGTTTATTTAGATACTGTTTTTACCAACATTGGTTCTAGCACGTACAATTTAAAAGTATATAACCGAAGTGATGATGATATTGTCATCCCAACGATTCAATTGGAAAATGGCGTGAATTCCTTTTACAGAATGAACGTTGATGGCACAACAGGACTTGAAGGTGCACAAGAAGGAAAATTCTTTGAGGATGTAGAGCTTTTGGCAAATGACAGCCTGTTTATTTTTATTGAAACCACCATAGATATTGAAACACTTTCTGCGTCCGATATTCAGTTTTTATATACAGATCGAATCTTGTTTGACTCTGGTAATAATCAGCAAGATGTAGATTTAGTCACTCTGGTAAAAGATGCAGTTTTTATATATCCTGCAAGGGATGAAACCACTGGTATTATAGAAACCTTGACTTTTGATGTTGATGGTGATGGAGATGATGACGAAACCACCTTACAAGGTCGCTTCTTAGAAAATGACGAACTCACATTTACTAACGAAAAACCTTATGTGATTTACGGTTATGCTGGCGTTGATGATGGACAAACACTAACCATGGAAGCAGGTACACGCGTACATTTCCATGCTGATTCTGGTATCATCGTCACTGATGGAGGAAGTTTAAACATCAATGGAGAACTAAGCACAGATCAAGAAGTATTGGAAAATGAAGTCATTCTTTCTGGTAATCGTTTAGAGCCTCTTTTTGAAGATGTTCCTGGTCAATGGGGAACCATTTGGCTGTTTAATGGTAGTGAAAACAATACCATCAATTGTGCGACCATAAAAAATGCAACTATTGGTATTCTTTCGGAAGGAGATCAAGATGCACCAAACGATAAATTGACCATTACAAACTCACAAGTATACAATTCCAGTGGGTTTGGGATTTTAGGGAGAGCAACTTCTATTACAGCAGAAAATGTGGTGATTAATAACTCCGGACAATCTTCTTTTGCTGGGACGCTTGGTGGAAAATACAATTTTACACATTGCACCATAGCTAATTATTGGAACAGTAGTTTTAGACAGTTTCCTGCCCTACTCCTCAATGATTTCACTTTAATTGAAGAAGATGCTATAGTCATTAACGATTTAACGGAAGCCAATTTTAATAACTGTATCATTTACGGTAATGATAATCCTGAATTTTTATTGGAAAACGAAGGCGCAGTTTTCAACTTTAAGTTCACCAATTGCCTCTTGCGCTTTGATAATGATAACCTCAGCGGAACTGGCAACTACGAGTTTAATAACACCACGTTCTACGAAAGCAATGTCTTTAACCAAGACCCAGATTTTGAAGATCCTTTTGAAAACTTAATGCGTATTGGTGCAGACTCTGGTGCTGATGGTATTGGCAATGCAACATTTACTAGTCAAGTACCTTTTGATATTTTAAATGTCGCTCGCGCCAATCCATCTGATGCTGGTGCTTATGAGAGTGTGGTTTTTGAAGATTAAATTATGGCTTTGGAATAATTATTGATGAACTTAAAGAATAAATTCTTAAATCTCAATTAATATGATTTCTAAAAATTTACCCGCCTTTTTATTACTTTTTCTTATAGTAATATACTCACCAAGTCTAAAAGCTCAAGACTTAGACTTAATTAATGCAAATTTACTTTTAATAAATAGCCAAAGCTCCGACTGTGATTGCTGTAACA
CP138982.1_gap20	754858	759618	4760	TGGGCTCTATGGAGATTATTTATTTGTATGTGATGATGAAGTTAAAGTGTTTGATGTTTCAAACCCAGAAGAATCTGAACTAGTAACATCTCTTGACGTTAACAGTTTTGATGTCATCATTAACAATGGTATTTTAGTCTTAATAGGTGAAAACGGATTGTACCAATATAGTTTAGACAGTAGTGATATTACAAATATCAATCATTTAAGTACTATAGACATCTAAAAAGATATTCCTTTCGTATATAATTAGCCTCTCGGAAATGAGAGGCTATTTGTTAGGTAATTATTTATGATATGCACATAAATTCATTATCTTGGCACCTTAATTAATCTTATACAACCAAAATTATTTTAAGATGAAATTCTTAACCAAAGTCGCTGTAATTCTTATAGTTACATATAGCCTACAATCTGTAAATGGACAAACGAACAATAATGATGCAGAAGAACAGCTATCATTAAACAGCGGTAATATAGATAGCCAGTTTGAGTATGTTTTTAGAAAGTCTGGAAATTTTAAAGGCACAAACGGCCAACCTTACGAAGCCGTTAAACAGGCTTGGCTTTTAAAACTAAAAGCCAACGTATTGGATTCCTTAAAGACAACCTATAAAAAATTAGAGAATTCTGAAAACACCGTTGCTAATCAGGCCAAAGAAATTGAAGACCTACAAGCAAAGCTTGGCAACACACAAACCACGTTAAACCAAACCAACGAAGAAAAAAACAATATGGCATTATTGGGAATGCAGACCAGCAAAACCAATTACAATATTATTATGTGGACGATAATTGCTGCACTTACAGCATTCTTACTATTCTTTATTTATAAGTTTAAAGGCAGTAACTCTGCAACGCGAGAAGCTAAACATAAACTCGAGGAAGTAGAGACGGAATTTGAAGAGCACAGACGAAATGCCCTAGAGCGCGAGCAAAAGGTAAGGCGTCAGCTCCAAGATGAGATTAATAAGAATAAGGCATAATATGCTGTCTCATTGAGCACAGTCAAAATGCAAATGAAATTAAATCACTAATAAAACTATATTTTAAATCCGTAATTTTAATTGCGGATTTTTTTATGAACATAATTAAAGCACATATAGACCACTTAGAAGATTTAGTAATATTGTTTAATGGCTACAGAATGTTCTATAAGCAAGCTTCAGACGAAGTAGGTGCACGTCAATTTTTAATAGAGCGTTTTAAAAATCAAGACTCAATAATTTTTATGGCTTATGTAGATTCTAAGGCTGTTGGTTTTACACAACTCTATCCGCTGCTCTCTTCCGTATCCATGCAACCCATGTATTTACTCAACGATCTATTTACAGACTCTAATTACAGAGGACAAGGCATTGGTGAAGCCCTAATAAACAAAGCCAAACAACTTTGCATTTCTGAAAATAACAAAGGTTTAGCCATACAAACGGCGCACGATAATCCTGCAAAAAAATTGTATAAAAGATTAGGGTTTGAAGCAGATACTGACTTGCATTTTTTTTGGAAGACCAGATGAATAGGTAACTAAATGATCACTTGACTTCGTAAAAATTAAAAAGATAACCTCATTTAATGTCGATAAAATACTTTTCTCAAAATATCTCAATTAAACCTACCTTTGCATACTATTAAAAAATTGTAATGCGCATAGATATCATCACTGTTTTACCAGAACTTTTAAAAAGTCCGTTTGAGGCCTCAATCCTTAAACGTGCTATTGATGGTGGTTTGGTAGAAGTTCACTTTCATAACCTCAGGGATTATACAACCGACAATTATAAATCAGTTGACGATTACCAGTTTGGTGGCGGTGCTGGTATGGTAATGATGATAGAACCTATTGATAAATGTATTTCTGGTTTACAAAAAGAACGTAATTACGATGAGATTATTTATATGACGCCAGATGGTGAACGTCTTAACCAAAGTATTGCCAACCAAGTATCATTGAAAGAGAATATCATTATTCTTTGTGGTCATTATAAAGGTGTGGATGAGCGTGTACGTGATAAGTTTATTACCAGGGAAATTTCAATTGGCGATTATGTGTTGTCTGGAGGTGAGTTGGGAGCTGCCGTTTTATGTGATGCAGTAATAAGGTTAATCCCTGGTGTATTGGGCAATGAGACCTCTGCCCTAACGGATTCGTTTCAGGATAATTTATTGGCACCACCAATCTATACCAGACCCAGAGAATATAAAGGTATGAAGGTCCCGGAAGTGTTATTCAGTGGTAATTTTGGAGAAATAGAAAAATGGCGCGAAGAGCAAGCCTATAAAAGAACCCAAGAACGACGACCAGATCTTTTGGATGATTAATTACGAATGACTATTGATGAATAATAAGTGATAAATAATGATTAATGAGCAAAACCAATCATCGAATAAACAAATAAACGACTTCACAAATAAACACCTATACAGCAATAAAAAACTTTTCACTTTGTACTTTTTACTTTGTACTTTTTAACTATATTTGCACCCACTTTAGATTAACCTCTGGCGAAAATCGTGAATGTTGGTATAAAGCAACCATTATAAAAGAGAAAACATGGATTCTTTAGTAAAATTTGTACAAGACGAATTTGTAACCAGAAAAGATATTCCAAACTTTAGCGCAGGTGATACAATTACCGTGTATTACGAGATTAAAGAAGGAAGTAAAACACGTACTCAGTTCTTTAAAGGTGTAGTATTACAACGTAAAGGAACAGGAACTTCAGAAACTTTTACCATCCGTAAAATGTCAGGAACAATTGGTGTAGAGCGTATCTTCCCAATTAACTTGCCAGCTTTACAGAAAATCGAAGTCAACAAAAGAGGTAAAGTACGTAGAGCACGTATATTCTACTTTAGAGGTCTTACTGGTAAAAAAGCAAGAATTAAAGAAGTTAGAAAATAATCTAACACACATATTACAGAGAAAGCCTTCAAAATTGAAGGCTTTTTTCGTTATTAACTTTTGTTAATAAGTTCGGTTTATAAGTTGTGCATATCTAACTGCTAAAATAATTTGCACATTCGCAATATAAATATACTTTAGCTAAACAATTAACAACAAACTCAGTTTGGTTTTAAAAGAAATTTTGAATTTATGTTAAATTGTAATAAAGTAACGTTCTTTATATATTGAGATTGTTTTTTGAGGTTAGTGAGTTGCTTGTGTAGGCAAGTGCTGTGTAACTAGCCAAGAAGCTTAAGTATTATAATATACTTTGTAGATTATAAACTTTAAGTGGAAAGCTTTGAAGAAGTAACGGAATCGAAAGTGAACGCGAAAGGGATGAGCATTGTTTTTAGACGTAACAAACACGCAAGTGAATGGTAAAAAAGAAAACATCAAGAAAAACAAGTCTTAAGAAGCAAAGTAGTATCAAGTCAATACATTTTGAAAGATATGAAACGTTTCACCGAAACAGCAACGCTTGAACTGAAAAGGATGATGGCGAAAGCCATACAGCTGAGTTAGTGTAATACTAAATAAGTCGTAGTAGTACTGTTTCAAAGAGAAGCCATGTCAGCGCAGTTTTCTGTAGTGATATGGCTTTTTGTTTTATAGTGCATTCTTTGTTATTGGTCCAATCAATCACTAGCGCTATAATCCCTTCAATATTTGGATTAAGTGTGGATTTTCATTTTTCATTACAATTTTTATTAAATCCTCAATAAATTCAGAAAGCTCTTATCAATCTCATACCAACAAAACGCTACTGTTTTTGTATATTTGCACAGCTTAAAATTAAGCACAGCACAATCATTTTATTTTTAACGACCTATGACCAAAACAGCAAAGATTGTTTATACAAAAACAGATGAAGCACCAGCTTTAGCAACTCGTTCTTTTTTACCAATTGTTCAATCCTTTACAAAATCTTCAGGAATAACTCTAGAAACCAAAGACATCTCTTTGGCAGCTAGAATTTTAGCTGTTTTTCCAGATTATTTAACCGATGAACAAAAAGTTCCAAATGCTTTAGAAGAGTTAGGTGAATTGGCTAAAAAGCCAGAAGCGAATATTATTAAATTACCCAATATTAGTGCTTCTATTCCTCAGTTGACTGATGCCATTGAAGAATTACAATCTAAGGGCTATAAACTTCCAGATTATCCTGAAGATCCAAAAAGTGATACTGAGAAAGAGATTAAATCGCGCTATGATAAAGTTAAAGGTAGTGCAGTAAATCCGGTTTTAAGAGAAGGTAACTCAGACAGACGTGCACCAAAAGCTGTTAAAAATAATGCCAAGAATAACCCACACAGTATGGGAGCTTGGTCTTCTGACTCTAAAACGCATGTCGCTACAATGAGTGAAGGTGATTTTGCTCATAACGAAAAGTCTGTTACTATTGATAAGGCTACTACTGTAAAAATCGTTCACACAGATAGTGGCGGCAACCAAACTGTATTAAAAGACAATTTGGCTTTACAGGCTAAAGAGATTGTAGATGCTACAGTAATGAACAAAAAAGCATTATTAAGTTTCTTAGAAAGAGAAATCAAAGATGCTAAGTCTCAAGATGTTTTAATGTCATTACACATGAAAGCAACAATGATGAAGGTTTCTGACCCTATCATCTTTGGTCATGCCGTGAGAACATATTTTAAACCTGTTTTTGAAAAACATGCTGCAACGTTTGAAGATATAGGTGTTGATGTTAATAATGGTTTCGGAAACTTATTAGATAATCTAGAGGAACTGCCACAAGCTAAACGTGAAGAAATCGAAGCAGATATTGATGCTGCTTTTGATAATGGAC
CP138982.1_gap21	760830	764448	3618	ATACATTAAATTCTATTATAAACTAAAGTTAAAAAAGCTTCATTCAAAATGAAGCTTTTTTATTTTTATGGTGTCCAAATATTTATCATGAACGGTAGAATTGCCAAAACTTTTTTCGTTTTAATCTTCTTTTCTCTTTTACTTTCAGCACAAGAAAGATTTACTCTTAGCGGAACCATCACGGACTCCGATAGTAACGAAACTCTTATAGGTGTTAATATCATCGTGCCAAAAATTCAATCAGGTACCATGACCAATGAATATGGCTTCTACTCTATTACATTACCAGAGGGCAGTTATGAAATTCAGATTAGCTATCTCGGTTATAAGACGATTTCAGAAACTATTATACTCAATAAAGACATCACCAAAAACTTTAAACTTTTAGAATCTGCCGAAAGTCTCGATGAGGTTGTAATTAAAGAAGATGTTGAAAAACTGAATATTAAAAAGCCTCAAATGAGTGTTAACGCACTCTCTATAAACACCATAAAACAAATGCCTGTCGTGCTTGGAGAGGTTGACGTTATAAAATCCATAACCCTATTGCCTGGTGTTACCAATGCTGGTGAAGGCTCTTCTGGATTCAATGTTAGAGGAGGCGCTGCAGACCAAAACCTTATTCTTTTAGATGAAGCTACAATTTTTAATTCTTCGCACTTGTTTGGGTTCTTCTCAGTTTTTAATCCAGATGCTATAAAGGACATAAAATTGTATAAAGGTGGAATTCCCGCAAAATATGGAGGACGCGTGTCTTCAGTCTTGGATATTTATCAAAAGGAAGGTAACAGTAGTGAATTTCACATGAATGGTGGAGTTGGACTAATATCAAGTCGGTTGTTGGCAGAAGGTCCCATAAAAAAAGACAAAGGTTCCTTTTTAATTGGTGGTCGAAGTAGTTATGCTCATTTATTCTTACCACTATTCGATTTAGACAACATTGCCTACTTCTACGATCTCAATACAAAATTGAGCTACAAATTCAATCAAAATAACAGCATTTACCTTTCCGGTTATTTTGGACGTGATGTCTTTGAATTAGCCAATAGTTTCGCAAACACCTATGGAAATACGGTTTTAAATTTTAGGTGGAATCATTTGTTTTCAGATAAAATATTTTCAAACTTATCACTCATCTATTCAGATTACTATTATGGATTAGAACTCACGTTTGTGGAATTTGACTGGGAGTCTGGTATCAGAAATTTTAACCTTAAATACGATTTTAAACACTACATCAATAACAACTTTAAGCTTGAATATGGTTTAAATAGTATTTATTATAAATTCAACCCAGGAGAGATAAATCCTACTACTGAAACTTCTGGTATTAATCCTTTTAAACTCATAGACAAATATGCTTTTGAGAATGCGCTGTATCTTGATGCTGAGCATAAACTAAACAATAAATTATCGGTGAGTTATGGTGCACGTTTTAGTACATTTCATCGTTTGGGCCAAGATGAATTAAATGTATATGAAAATGACAATCCTGTAATTTACAATGAAGATATTGGGATTTACGAAAAAGCTGAACCCATTGGCACAGAAACATTTAAGAGAAGCGACGTCATTGAATCCTTTTCGAATATAGAACCTAGGGTTTCAATCGCATACCAACTTACTGACAATTCATCTGTAAAAGCGAGCTATAACCGTATGAATCAGTATTTACATTTGTTGTCTAACACTAGCTCACCTACTCCATTAGATGTTTGGACACCCAGTGGTAAATATGTAAAACCTCAGATGTTAGATCAGGTGGCGCTGGGATACTTCAAATCATTTGAAGATAATTTGTTTTCGTTAGAAGTTGAAACATTCTACAAAAAAATAAAAAACAGAATTGACTATATAGACGGTGCAGACCTTATTGCGAACAATGCCATAGAACAAGTTATTTTAAACGGAGAAGCAAGAGCCTACGGACTCGAAATTCTATTAAGAAAAAATGAGGGTAAATTAAAAGGATGGCTAGCCTATACACTATCTAAATCCGAACAAAAAACGCCAGGCAGAACGGCAGTTGAGTCTGGAATAAATAATGGTGATTGGTATAATACAGCCTTTGATAAAACTCATGATGTATCATTAACAGCAAATTATGAACTCAATAAAAAATTGACATTCAGCTCTAATTTTTTATTTCAAACAGGCCAACCAGCAACATTCCCTAATGGTCAGTATGCATATAATGGTATTGTTATACCTAGTTATGAATCTAGAAACTCTAGTAGATTACCATCATATCATCGACTAGATATTGCTGTAAACTATAACCCAAAACCAGAAAGTGAGAAGGAATTTAAAGCGGAATGGGTATTTGGGATTTATAATATTTATAACCGCAGGAACGCGGCGAGTATTTCATTTCGTGAAAATAGAATAACCGGAACTAACGAAGCTGTTAGGCTTGCAATTTTTGGTATTGTTCCTTCTGTTTCTTATAATTTTAAATTTTAGCCCATGAAAAGGATATTTTACATAGTAACGATATTAACCTTTTGCCTTGGATGCGAAGACGTTATTGATATAGACCTCAATGAAGCTGAGCCAAGATTAATTATAGAAGCTTCAATTAACTGGTTTAAAAATACAGCAGGCAATGAGCAAAGCATAAAATTAAGTTTATCTGCTCCGTTCTTTGATGAAAATGTTGTGCCAGCCAATGGTGCAATGGTCGTTATTACGGACGAGAACAACAATGTTTTTAGTTTTACAGAAGATAATGATACAGGTATTTACCTAAATAATAATTTTATTCCTATAATAGATGGAATTTACACACTTACAGTCAATTATAATAATGAAATTTATAAAGCAACCGAAACCTTAAAATCTGTAACGCCAATTGATTATATTGAACAAAACAATGACGGAGGCTTTACAGGAGAGGATATTGAACTTAAAGCGTATTATACGGATCCAGAAAATGAAGATAATTATTATTTTTTCGAGTTTATAAGTGACATTTCGGTTGTTCCAACTCTAGAAGTTTATGATGATGAATTTACAAACGGAAATCAAATTTTTGGATATTACACAGAAGAAGATCTTGAAGCAGGAGACGTAGTTACCATTCGCAATTATGGAGTTTCAGAACGTTTTTATGAGTTTATGTTCATATTGCTACAACAAAGTAGCGATGAAGGAGGTGGCCCTTTTGAAACACAACCTGCAACCGTGAGAGGTAATTGTATTAATGAAACCGATCCAGATAATTACCCATTTGGATATTTTAGACTGTCAGAAGTAGATGAAATTATTTATACAGTAGAGTAAAATAGTTATGGCGTTACCCAAGGGTCGCGTCATTCGCTATATCTCTAACGGTTCACCGTTAGAGGATGCTGCTTTTACCGCTAACGCACACCTACAAATAAAACTTTTTCCTACCTTTATACTATGGATTTTATAAAGACAACAGAGCAAGATTCCAACTATAATAATCTCGAAAAAATGACAATTAATGAGATTATATCCAATATAAATAAAGAGGATAAAACGGTTCCTTTGGCAGTAGAAAAAGCATTACCGCAAATTGAGGCTTTAATAGACCAAGTGGTAACAAAACTTAAGCAAGGTGGACGACTATTTTATATTGGCGCTGGAACAAGT
CP138982.1_gap22	776942	780016	3074	ATGCTTAAAGAACAGCACTGGCTTTTCAGTATTGGTCAACATCATATTCACAACTTTATCTCCATCATTCTCCATGGTTTCTAGAATATCTTCTGCGCCTGGATGATAACTATGTGCTTCAGGATGATGTCTTAAATAAAAAGCATAAAGTGGTTCATCAAATACCTTAGTATCTGATCGTTGCGCGAAAGAATACATTAAAGCTGTTGAAATATTGCGCGGCCCAGACCACAAACATATACGTTTTGTTTTAGCCATTCTTTACTGTATTTTCAATTAACGACTCGTAGAGTCCGCTAAGTCTTCTTGTCATTTCCCCATAACTCCCCTCACCTATTGGCCTACCATCAATTTTTGTCACTGGAGTTAAACCTCCAAAAGTTCCGGTTACAAACGCCTCATCAGCTCCGTACACATCAAATAATGAAAAGTCTTTTTCTTTACAAGGAATATTATTTGAGCTACAGACCTCAATAACTTTGGCTCTGGTAATACCATTCATACAATATTTACCGGTTGACGTCCAAACCTCACCATCTTTCACAATAAAAAAATTTGTGGCATTACAAGTAGAAACGAAACCGTTAACATCTAACATCAATGCTTCGTCTGCACCAGCTTCTATGGCCTGAATCAACGCTTGCACTTCATGCAGTTTACTATGGCAATTTAATCTTGGGTCTAAATAATCTGGCGAACCTCTTCTGATTGTACTTGTAAATAAGCTAATTCCTTTTTCTTTTGAATCTTTGGATGCTTTTTTAAACTCAGGAATTATGACCACATTAGGTCCTGAAATTGTTAACCTTGGATCTTGTGATGGTGTTTTTTTTATGCCTCTTGTAATCATTATTCTAACATGAATACCATCCGTCATGTTATTGGCATTTAAGGTTTTCCAAACTCTATTTGTCAGCTCTTCTTTTGTAAACGGTAACGACATCCCAACAGTATTTGCTGATTGCCACAAACGTTTAAAATGATCTTCCAAGAAAACCAAAACACCATTATGTAACCGCAAGGCTTCCCAAACACCATCACCTACTAAATAACCACTATCAAACACAGATATCTTAGCTTCATTACGCTTAAAAAGTTCATCATTAATAGATATAAGAATAGAATCGTTTCTAGAATCATCTTGAGCATTGTGAGTGCCGTGTACCATACCAGTAATTTTTAAAGTAGAAAGATACTTAAAATTACATTTTTACAGCAAAAAAACTATGATCCTATTCTAATGTAGTTTGCTTACCAGAAAGCAAACTAGCAATAATTTTAGTACTTGGAAATTGGTCTAGAATAATTTTGATAAATACAGTTATTGGTATCGCCATTATTAGTCCAGGAATTCCCCACAGAAAACCCCAAAACATAAGCATAACTAAAACAGCAATAACATTAATTGAAAAAGATTTACCCATAAATATAGGTTCTAAAATGGCTCCAAAAGTTACTTGTACTAAAGTTATTGCCAGTACAAAAAAGAACAACGTACTTGTTGGGTCTAACTCTACAAAGGCAAAGATTGAAAGGAAAATCACAGATATAAACGAACCAACCATCTGCACAAAGTTTATGGCAAATGCAAATAGACCCCAAAAAATAGGGAAACTCACATCAAAAAACACACACATTAAACCCGTAAATAAGCCAGTTAGGGCACTTACTAATACTTTTACCTTAATAAATTTTATAAGATCTTTTTCAATCTTCATAAATGTTTTTACAGAAGTATATTTTTGCCTCAGCAATGTGTTGTTTAGAAGTTTATGAACATTTATTGATTCAGCCAACCATAGTACCACAAAAAACACGGTCATTAAAAGCATCGTTAAAAATGAATTTAAAAACCCAATTGTAGAGCCTAAATTTTCTTTTTGAAAAAATTGAGCCAGAGGGTTTTTATTGTCTTCAAATTCAATCCCAAAATTTTCAAAAGCATAAACTTTTAAATCACTTAATTTCTCCTCTGCCTTAGGAATGAACTCAGATTTTGTTGCTAATATTTCCTTACTAGATAATCTCACCAATTCAACTCCCAATTTTAAACCACCTGCAACCAAAAGCAAAACAATAATTATACTAATAAATTTAGGTACGTTACGTCTGCCTAACCACCGCATTAATGGTAAAAACAATAACGCAATAAACATTGAGAATATTAATGGAATAAATATAAATGAGAGTATTTTAAGTAGATAAAATACTAGTGGAATTACTATAATCAACAACAGAATATTTGTTGTGCGTCTCTGTTCTAACATGAGGCAATTTTCTTAAAATAGCGAAATGTAAAGATACGTCAAAAAAGAATTGTGAAACTTATAAAATGCTGTTAAAAAGGTACTCCGTCATCTTCAGGCCCATCAAAAGCATCAGATGGGTTTGGTAAATTATCTGGTCTAAAAGTATCATCATTGGCTGCGGCATTCATTTTTGAATGGAATTCACCAAAAGGCGTATCAAAATCATCGAGATTATCAAACTTACCTAAATGGCCAACAAACTTCAGTCTTATATTGTCCAATCCACCATTTCTGTGCTTTGCCACTATAAATTCTCCTTGTCCTTCGGTTGGTGAGCGTTCTTCATCATCCCACTCATCAATTTTATAATATTCTGGTCTATAAATGAAGGACACAATATCCGCATCTTGTTCAATCGCACCAGATTCACGTAAATCTGATAACAATGGTCGTTTACTACCACCACGTGTTTCTACAGCACGAGATAACTGTGACAACGCAATAACCGGGACGCTTAATTCCTTAGCCAAAGCCTTAAGGTTACGTGAGATAGTTGAAATCTCTTGCTCACGATTTCCCCCTTTTTGACTTCCACCAGCAGTCATTAATTGCAAGTAGTCAACCATAATGACTTTAATATCGTATTGTGATTTTAGCCTTCTCGCTTTAGCACGTAAGTCGAAAATAGACAATGATGGTGTGTCATCAATAAACAGTGGTGCCTTTTCTAGGGTCTTAACTTTTACGTTAAGCTGTTCCCATTCATGCTTTTCTAATTTTCCTGTTCTTAGTTTTTCAGAAGATAAGCCTGTTTCACTAGATATT
CP138982.1_gap23	783212	785501	2289	ATAGGATTTGGTTTCAGCTGCATATTCAACAGGTGTTAAGTCTTCAAGTTCAAAAGGCAATTTTATATCTTTTCTTCTTTCCTTTTCTACAGTTTCTATTCCGTTTTCGAACGATCTTTTTAGAAAAGAGTTAAGTCTGTATGTGCTGTCCTCTTCTATATAAACAATTCTATCTGCAAAAATTTTATACTTCAATTCATTGCCCTCAAAATGTTCGTAAGTAAAATTCATGCCCACTTTTCGTTCAGGAACAAAATTACTTACATAGATATAATCGTTATCATTGATTTGCTGATAAACGTCACTTGTTTTTTGTACTCGTTTGTTCTTTTTTAAATATTTAAATTTAAATTCATTAAACCCTTGACTTGCAATCGGTGCCAGATACATACCCAATACCAAAGCAAACCCAGCTACAATAGTCGCACCTATTAAATAGGGTCTTAAAAATCTAGAAAATGACACTCCTGAACTTAAAAAAGCAACAATCTCTGTATTATTGGCCAACTTAGACGTAAACCAAATCACGGATAGAAATAAGAACAGTGGAAATAACAGGTTAGCAAAGTAAACCGTAAAGTCCATATAATAAGCGGTTACTTCGCCAAAAGGAGCTTTGTTTTCTAATATCTTACCCACTTTTTCAGCGAGATCTACCGTAATTCCTATAGGAATAAACAGCAGCAACATTATGAGAAATGTGAACAAGTAACGTTTTAATATGTACCAATCTAAGATTTTCAAGCCTTATAATCTTTTATCCATTTGTTTTACCATCTTGTCTTTCCAAACTCCAAAATCACCTTCTATAATATGTTTTCTCGCTTCTCTTACCAACCACAGATAAAAACCAAGATTATGAATAGTAGCTATTTGCATACCTAGCAACTCTCTAACCGTAAATAAATGCTTTAAATAGGCTTTACTATACTCGGTATCTACAAAAGTGATTCCCATTTCATCTATTGGTGAGAAATCATCTGCCCACTTTTTGTTTTTAATGTTAATGGTTCCATGAGCTGTAAACAACATACCGTTTCTGGCATTTCTTGTTGGCATCACACAATCAAACATATCTACACCTAACGCTATATTCTCTAATATATTGATTGGTGTACCGACTCCCATAAGATATCTTGGTTTATCTTCTGGTAAGATATCGCATACAACTTCGGTCATGGCATACATTTCTTCTGCAGGTTCGCCAACGGATAAGCCTCCTATTGCGTTTCCTTCTGCACCTGCGTTAGCAATATACTCAGCAGATTGTACTCTTAAATCTTTGTAGGTACTTCCTTGAACTATTGGAAAAAACGTTTGTTCATAATCGTACTTAAAAGGTATCTTTTTTAAGTGTGTTAAACAGCGTTCTAGCCAACGATGCGTCATGTGCATAGAGCGTTTTGCATAGTTATAATCACAAGGGTATGGTGTACACTCATCAAATGCCATTATTATATCTGCTCCAATACTGCGTTGTACTTCCATTACATTTTCTGGAGTGAAAAAATGATAACTCCCATCGATGTGAGACCTGAACTTTACTCCCTCTTCCTTAATTTTTCGGTTTGCAGATAATGAATACACTTGATAACCACCAGAATCCGTCAAAATATTTCGATCCCAGTTCATGAACTTGTGTAGCCCACCAGCTTGTTCTAAAATTGGTGTTTGTGGTCTTAGATATAAATGATAAGTATTACCAAGAATAATATCTGGATTGATATCGTTCTTTAACTCGCGTTGATGCACTCCTTTAACAGAAGCCACCGTACCAACAGGCATAAAAATCGGAGTTTCAATTGTACCATGATCCGTAGTTATAACTCCAGCTCTGGCCTTTGTGTCTTTATCTGTTGCTAAGCGTTTAAAATTCATTAAAAGTATGTCTGCTGGCAAATATAAATAACTCAATTGCATTCATGTCTTAATAAAATTTAAAATTGTTAGCAAATCCTCAAAATCGTTAATAAGTGACTACAATCCGTTTTTGTAAGGGGCTTATAAAAAACTATTTTTGCACCATCAATTTAAGCAACGTAATATGCCAAACATTCAGCAATTAGAAGATTTAACTACTCAAGTTCGTAGAGATATTTTACGTATGGTACATAAAGTAAATTCTGGTCATCCAGGAGGTTCACTTGGTTGTGCCGAATTTTTTGTTTCGCTTTATAACGAAATTATGGAAACCAAGGATGGTTTTGAAATGGACGGTGTTGGAGAAGATTTATTTTTCCTTTCCAACGGTCATATCTCACCTGTTTTTTATAGTGTTTTAGCAAGAGC
CP138982.1_gap24	791815	796505	4690	AGGTCTTTTATGGCAAACTGATACTATTACTCCTGCCCATGAGCATTTTTTATCATCACTAATACGACAAAAAATATTAATCAATACTGAAAAAATTCAATCTAAACAGGTTAACAAGTCTAAAAAAACATTTGTACTGTACCTTCCTGAAAATGAAATACATGAATTGGGCCTGATGTTTATTAATCACCAATTGGTCAGTAAAGGATATCAATCTATTTTTCTTGGATTTAGTGTGCCATTAGAAAGCTTGGTAGATCTCAAAAATTACTATGATGAAATCATTTATATATCCTACTTTACCGTTAAACCAGAGAAGGATAACATTGAAAAGTACATAAATGATTTTAATAATTTACTTGTAGGTAAAACCAATACCAAACTTTGGATTTTAGGACAAATGCTAAACTCATTAGATTTAGATAATCTTCCAGAAGGTATTGAGGCATACAAAAGTATACAAGCATTATTAGATAATGTCTAATATATAAATGAGTAGAATAATTTCTATAATAGGTTCGGGTTTTTCAGCATTGTCTGCATCCTGTTATTTAGCTAAAGCTGGATACAACGTATCAATTTATGAAAAAAATGATACCGTTGGAGGAAGAGCTAGGCAGCTCATTAAAGATGGGTTCACTTTTGATATTGGTCCAAGCTGGTATTGGATGCCAGATATTTTTGAGAAGTTTTTCAATGATTTTGGGAAAAGCACAAGTGATTACTATCAATTAGACAAATTGAGTCCTGCCTACAAAATTTTCTTTTCTGATGAAGTTATTACTATTGGCGACCACATGGACCAGATTTGTGAAGAATTTGAACGCATAGAAAAAGGCAGCTCAAAACCTCTACGCAAATTTATCTCTCAAGCTCAAGATCACTATGATATTGCCATAAACAAAATAGTTTTAAAACCTGGCGTCTCCCCTTTTGAACTGGTTACTAAGGAAACAGTTACAAAAGTAGATCGGTTTTTTAAGACGATCAGTTCTGAAATTAGAAAGAAATTTAAAAATCCAAAATTAATTTCAACCTTAGAATTTCCCGTGTTATTTCTAGGTGCAAAACCAAGTCAAACACCGTCATTTTATAGTTTTATGAACTACGCAGATTTTGGATTGGGAACATGGCATCCAAAAGGAGGAATGTACGAAATTGTCAAAGCCATGAGGAAATTGGCTGAGGAACTAGGAGTAACGATTAATACTAACAGCAATGTTGAAAAAATTGTTACAGAAAACAATAGAGCTATAGGTATAATAATCAACGGGAATACTGTTAGATCAGATATCGTTTTAAGTGGTGCAGATTATCACCACACGGAAACTTTATTAGATAAAAAAAATAGACAATACTCAGAAACTTATTGGGAGAAAAGAACATTTGCTCCTTCATCATTACTCTTTTATGTTGGTTTTAGTAAAAAACTTAAACGGATAGAGCACCATAATCTGTTTTTTGATACTAACTTTGAAAATCATGCTGAGGAAATATATGATGATCCGAAATGGCCTGAAAATCCATTATTTTATGTTAACTTTCCGTCTGTTACGGACATTAGCATGGCTCCAGAGGGTTGCGAAACGGGATTCTTCCTCATCCCAATCGCACCAGGATTAGAAGACACTCCAGAGCTTAGACAACAATATTTTGATATTATAATTAATCGTTTTGAAAAACGAACAAATCAAGATATTAAAGAACATATTCTTTTTAGAGAATCATTTTGTGTTAATGATTTTATAAGTGAATATAACTCTTACAAAGGCAACGCCTATGGTATGGCAAATACCTTAAGACAAACCGCCTTTTTAAGACCAAAATTAAAAAGTAAAAAAGTAGATGGGCTTTACTTTACTGGGCAGCTTACAGTCCCTGGACCCGGAGTACCACCATCGTTAATATCAGGAAAGCTTGTAGCTGAATTGATTGAAAAGAATGAACATTAAAAGTTATTTACATTAAGCCTATGAAATCAATTTTTGACAACGTATCTAAAGAGTGTAGCAAAGCAGTAACAAATGCTTACAGCACATCGTTCTCAATGGCTACAAAAATGTTATCCGATAGCATAAGGCAGGATATCTACAATATTTATGGGTTTGTAAGATTTGCTGATGAGATCGTAGATACTTTTCACGATTACGATAAGGAAAAGCTATTCAAAAATTTTGAAAAGGATTTGGAAAATGCCTTAACGGATAAAATTAGTTTAAACCCCATTTTAAATTCATTTCAAGAAACCTATCATAACTACGGCATAGACAAACATCTTGTCGATGCATTTATGGACAGTATGAGATTAGACCTTAGTAAAAAGGATTATTTGACTGAGGAAGAATATAAAAGCTATATTTATGGTTCTGCGGACGTTGTTGGGCTTATGTGTTTAAAGGTTTTTGTTAAAGGAGATAATGAAAAATATGAAGACTTAAAAGACTCTGCAATGAGTTTGGGCTCGGCTTTTCAAAAAGTAAATTTTCTACGCGATTTAAAAGCAGATTTTGAAGGTTTAAATAGAACATATTTTCCTAATACGGATTTAAACAATTTAGATGAAATTTCTAAACAAAATATCATTTCAGACATTGAAGCAGACTTTGCAAAGGGCTTAAATGGTATAAAACAGTTACCTTTAGACGCTAAATTTGGTGTGTTTATGGCTTACCGTTATTACAATAAATTATTACAAAAACTCAAAAAGACACCTGCTTTAGAAATTAAATCTGCGAGAATACGCGTACCCAACTATAAAAAAGTAGAGTTACTTACTCGGAGTTATGTAAAATATCAATTGAACTTACTCTAAATTTTTAAAAGACGACTATTATGCAAACTGTTTTTTGGATATTGATTTTCTTAGGAACATTTTTTATTATGGAATTTAATGCATGGTTTACACACAAATACATAATGCATGGGTTTTTATGGAGTCTCCATAAAGACCACCACCACAAAGACCACGATAGCTGGTTTGAGCGAAATGACGCCTTCTTCATCTTCTATGCTGCAGTAAGCATAATATGCTTCTATCTCTGGAATTATGAAGGCTTATGGTACACATTGCCTATAGGCTTGGGGATTTTAATGTATGGTATTGCCTATTTTATTGTTCACGATATATTTATACATCAGCGTTTTAAGTGGTTGCGTAATATCGATAATAAGTATGCACGTGGTGTTAGACGTGCGCATAAAATCCATCACAAGCATTTAGGAAAGGAAAAAGGTGAAAATTTTGGAATGTTAATCGTACCGTTTAAGTATTTTAAATAGGTTACTCTGCCAGCAATTGGTCTAACTGGTTTCTCACAGTTTCACTATACCAATCCACAGCACCAGATTCATCAATGACTATCTCTCCTTTTTTATTGATGATAAAAGTTCGAGGAATTGATCTTGTAATTAATTCTTTTGGAACGTCAGACCTTCTGATGTAAACAGGAAATGTATAATTCTTTTTGTTTTTGAAAGCCTGTATGGTCTTAGCAGACTCGTTAGTTACAAATAAAAACTCAACCTCATCACCATATTTTTCATATAGCTTTTGCAAACTTGGCATTTCCGCTATACACGGTGCACACCAAGTAGCCCAGAAATTAATCAACACCACTTTATTTTTTGTGTCATTGAAATTTAAAACTGCACCATTGTCTGATTTTAAACTCCAATTGGGATATGATACCGTTACCCTATCACCTTCTTCAATGAGTGATGATTGATTGATATAGCTCAATCCTTTATGCAAAACCACTTGAATGTGGGTACGTGTTGCAGGAATTATCAGAAGAACAATTGCTACTACAAATATGATACTTGAAATATTTACCCGTTTGCGTTTAACCATAAAAATTAATATCAATGAAGCGTACTATTCAATAAAGAATACATACGCTTCAAATCTAACAAAATAAATGTAGCTTTTTAATTTCTGGTCACTAATCCCGTAGGTAAAGACGCTAGATTTAGACCAAAAGCATGGGTTGCTGGTGCGATATCATTTCCAGCAGTTCCAACTAAAGGTTTTATAGCAAAAGGAGCAGGCGAATCGTCTGGTACAGGCTCTACCGAAATCACTACTGTTCTTCCTCTAATATCCAATGGAAACGTTTCGCCTGTTGGTGCATTCATAAAGAAATCTTCTCCAGGCACTGGTGGTCCTGCCTGTGCGGTGCCACTAAAAGGTGCGGCACTATCTACAGCATTGAATTGTGTAAAAGTCCCTGTCGATAAAGGCCCTGAGTCACCCACAACCCATCCTTCATAAGCCCATCCAACTGGCAAAGTCGGTAAATTAAAGTTTGGAGATGGTGGCATACCTGGTGTACCGAACCAAACACCATATTGATCATTCATATTATTACCAGAAGTCTCATCCGTTGGAGTTCTTAAAAAGAAGGCTCCCGAAGCATTACTAAAATCTCCTATGAGATCCGTATTAACTGAAGCTGTACTGCCTGAAAACTCACCACGTAATATCTTAGTGGCTGCTGGTGCTGGGTCATTATCAACAGCTGGCTCAATTGAAAGCACAAAAGCCGAGGCCTCATTTAGTTGCATAGTATTTACCGAAAAACTCTGTGGAAAAACTACGCTACTAAATGTACCGGTAGAAACCGGGTTTCCATCTACAATAATCCAACCTTCATAAACATAATCTGTTCCTAAGGCTTCTAAACCACTCAGG
CP138982.1_gap25	801540	802172	632	TTTTTTCCCTAACCATGTCTATTTCATCTTTTGCCTTCTGAATTGCTTCTGCCGTCAACTTTGGTCTCAATAAAATATGTCTTACGTCGTACTCTTGCCCTCTAATTTTTTCGAGATATATAATATGGTATCCAAAATCTGTTTCGAACGGTTCTGAAATTTCACCTTCTTGCAAATTGAAAGCCACATCTCTAAACTCTTTCACCATTCTTGGTTGCTTTCTATTCATAGTTGGCAATAAGCCGCCATTGTTTTTAGAGCCTGTATCTTCAGAATAAAATAACGCCTTAGTTGTAAAGCTGGCTCCATTTTCTTCCACATCCTTTTTATAACCTTTAAGCTTTTCAATAACTTCTTGTTTTGCCTCTTCGGTAACCTCTGGAATAACAACAATCTGAGCAACCTTTAATTCTGTACCAAACGTTGGTCTTTCATCTTCTGGGATGTCATTAAAAAACGTTCTTACTTCCTCAGGAGTTATTTCAACATCTTTAATGACCTTAGTTTGCATTTCTTGAGCCAGATAATTATTCTTATTTATCTCGTACATTTCTTCCCTAAGCGCTTCTTCAGAATCCTTCTTATAAAATTCTAACATTCCTTGCATGTCGCCATTTGTCTGCGCCATGATA
CP138982.1_gap26	836282	837589	1307	TCTGCCTGATATTCTTTTACAATTTTATCCAAAATGCCATTGATGAATAAACTACTTTTTGGTGTAGAATATTCTTTGGCAATCTCTAGATACTCATTGATGGTTACTTTGTACGGAATGGAAGGGAATTTTTGAAATTCGCAAAGCGCCATTTTAAGCAATACACCATCTACACTTGCCAAACGCTCACTATCCCAATTGGTGGTTTTAGCTGCAATTTCTTCTGCAAATTTTGAATCGTTTAAGATTGTTTTTTTGAGTAAGTCTTTTGCAAATTCCTTATCATCGTCATCCTTATAGAGGTTGGGCATTAATATGGTTTCTGGCGATGTCAGTTTTACTTTTCTCAATATTTTTAAGATGACTGTGTTTACTACAGGAAGATCATCTACCCAAGTCAGTTTTTTATCTTCAAAGTAATCATAGAGCTTATCGTTTGGTGCAATGACTTCAGAATAAACATCCAAAATAAATTGTTTATCGTTTTTAAAGGATTCCTCTGTATCGTTGATATAATTTTTATAAAGATCACTCTTAATAATCTCTTTGAACAGAATATCTACATATTCAAAATCCAAGTCCCAATAATTAAGTTTTCTCTTTTTTAAAACATCTTGCAGCATAGCATTACTGCTTATAAATTGCAATAACTGATTGTCTTGTAATTTGGTGTTTGGATTTCTATCAGTATCTGAACCTAAAAGTTTCTTTTGAAGTTTTTCGTTGTAATCCTTACTTTTTTTATTCAGCTCTGTAAGCAAGGCTAAAATAGAAAGGTACAAATCATACATACTATCTAAACTATGCAGTAAAAATTTTTCGTCTTTTGCAAGATCATCACTTTCAGTGCCTTTAAAAGCGTACAAGGATTGCATTACTTTTATTCTGATGTGTCTTCTGTTTAGCATATGTAAAGAACTACTTTTTGTTGGATTATTAAAAAAGGTGAACCTATTGAGATTCACCTTGCAAAAATACTATTATTTAACTCTGAAAAAAATTATTTAGAGTTTTCTCTTTTACGGGTTTCAATACGCTCTCGTGCGATATTCAAAGCTGCCGTATGTGTAGTTATATTATTCACTTTGGCATTATCTAAAATCTCTAAGGTTGTATTAAAAATATTTTCAGTCTTACGCATTATCTCCTGCTTATCGTAATCTTCCAATTCTGCATAAACATTAATTATGCCACCAGCGTTAATTAAAAAATCTGGTGCATATACGATACCACGTTCTTGCAATATTTTACCGTGCTTATTTTCTTCTGCAAGCTGATTATTTGCTGCTCCTGCAATTATCTTAGCT
CP138982.1_gap27	924410	926109	1699	AAATGATACTCAATGTAATCCACAGACCGAAAGAATACCCTTTCCAAGATTCATTTTCTATAAAGACTTGAAACGGCATTTTATAAATCAATACCTCTATTAAAATTCTAAGAAAGAAAATACAGATGAGCGTAATAACTGTAGCACCAGCAATACCATAGATTATGCGTTTAGCAACCTCATAATCTCGAAACTCACGTTTCTTCATATAATCAAAATACTGGGTATTGGTATAACTTATAACATACGTATAGAGCTGATAGAAGAAAAAATCAATCAAAAAATCATTGATCGTATTGTAGTTGAAACCTCTGGACAATAGGTTTCCAATTACAAAAATACCACATCCAATGAAGAATGTAACTGTTAGAAATTTAATTGACTTTGACATAATTACTTTTTATTCTTTACAAGATTCCGCTACCTGATCCGCACGCTCCTTTCCCCAATTTGGATGAAACTCCGTCTCAGGCTTAAAGGTATCAAAAAGTTCAATTGATGCTTCAATATCCTTGCAATATGGTGCTGTATCCTTGCCAAAATATTTGGCACTTCCCATATCCCATTCCGCTTTACAAAAAGCTGCTCTCGGATTTTCAGGTTCTAGTTTCAGGGCTTTAGCATACAGTTCTCCTATTTTTTGGCCATATTTCATACCGTAGGTCATGCCATCAAAGGCTACCCAATTGGTTAAAACCTGTGCTTGCATTATCAATAGTTCTGCATTGTCCTCACTTTTGGTCATGGCCAAATCCAAATGTTCTTGTGCCTTGTCTAATTGTGCTTTTAAAAACCGCTTCGTCTTTTTCGTTCCAGCTTTTTAGACTATTGATCTGTGCGATGTAATAGTTGGGCAACCATTCTTTATCTTCTGCTTTGGCTATACGCTCAAACATATTCTCGGCCTCGTCCCATTTATCGGCTTCCCAAAGTTCAAAGGCCTTGGTCATCCCTTTTTCAAAATTGGTTTGTGCTTCTGTATGAGAACTCACAAGACTAACTATTAATATTACCGCGACTTTTACTATTACGTTCATAAGGTTATGTTTTTAATTTGATACAAATATCTACAGTATCTAAACATTTATAAAACAAGACTTACCGAATTGTAAAAAATTAATGACGAATTGTAATTTTTCAAAATTATTCCAAAAAATCAGTAACTTACTGAGGCCTTTCTATACATATTACTGTAACCACAATATTTAAAACCAACCAAAAATGAATAGCCGTATTCTTACCATTGCCCTTGCCCTTTTTACAGTAGTATCGTTTTCGCAAACCGATAAACGACTTAAAGGCATCGAAAAACAATTTAATTCTGTTTTAGAAAGCACCAAAGCTGCAGGCTTTGCAGTTGCCATTGTAGAAGGAGATAAAATCATTTATGCCAAAGGTTTTGGTTATAGTGATTACGAAAACAAAGTACCGGTAAACGCAAATACTTTATTTGCCATTGGATCTTCTACCAAAGCATTTACCTCTGCATTATTAGGATTGCTACGCGAAGATAAAAAGCTGTCTTTTGATGACAACCCAAGAAAACATATCCCTGAATTAGAGTTTTATAATAATGATATGAATAACAACATTATCATAAAGGATTTAATGCGCCACAGTACTGGTTTACCTCGACACGATGGCTCATGGTATTTTTTCCCAACACACAACAAGGATAGTTTATTAGCCAGAATAAAGT
CP138982.1_gap28	1090068	1092224	2156	ATTAACGTTTTCCACCTCTGTATTATATGACTCATTAGATATGCATGTCACTACCTTATAACCATGTTTACGCGCTTCTTGTTCTATACCAACCAAAGCTTTTACAAAAAAATAATTAAGTATATCAGGGATTACAACACCTATTGTCTTAGTGGTATTATTCTTTAGACTTTGAGCAATATAGTTAGGTTTGTAGTTGTACCTTTTAGCAGCTTCTAAAACTTTTTGTTTAGTCCTTTCACTTATTTCCGGGCTATCATTTAATGCCTTAGATACTGTAGATATAGATACACTTAATAATTCTGCAAGATTTTTAAGTGTTATATTCCTTGGCATAACTATAAATAAGGATTGACAAAGTTATCAATATCACTTTGAGAAATAATTGGGTTAGCTCCTTCACTTTGGGCTACTAATGCTCCAACTGCACAAGCTGTATCTATTGCTTTTTGAGGATTTTCTTTTTTTAGAAGATAATTAATCAAAGTGGCTAAAAAAGAGTCGCCTGCGCCAACAGTATCAACTACTTTTATAAGGTAACCGCTATTATAATATAGTTGATCATCATATAGTAAAACTGCACCATGCCTTCCTTTGGTAACACAGATGTGCTTTGTATTGGTTTGCTCTGCAACATATTTTATATTCTGCTCAATAGAGTTGTATTTTGAACCAATATATTTACTTATTTCAAAGAGTTCATCGTCATTAAACTTTATGAAGTCAGCTTTATTCATGAGTTCAATTAAAAGTTCTTGGGTGTAATATGGTGGTCTTAAATTAACGTCAAATATCTTATAGCTTGCATAATTTAAAAGCTCTATTAGAGTTTCTTTTGAAGTATTATTTCTGGCAACCAAACTCCCATAAACAAAAGCATCTGAAGATTCAACCATTTTTATAGCTTCTTCTGTTGGCTCAATATTATCCCATGCTCTTGGAAAATTAATGTCATAAGATGCTGAGCCCTTTTGATTCAACTTTACTGTTACTTTACCTGTCTTGTGGTGTTTATCTACCTGTATTCCTTCAATCCCAACACCTTTTTCTTCAATGAAAGCAACTAAATTTTCACCTTTAGAGTCATTACCTATTTTGCTAATAATATTGATCTCATTTTTTAAAGACTTTAAACGGATAGCTACATTTAAAGGAGCTCCACCAATCTTTTCATGTGTAGGAAACACATCCCACAATACTTCACCATAACAAACAATTTTTGAACCCATATCTTATCAGTTAATCGAAAAACCGTCATTAAGAACAATTAATGTTTTAATGACGGGTTTCATTTAAAAATTAAACTAATCTCAAATTTTAATCATTTTATTTAACCTAATCTCATCTATAATGTAGACAAATAATCTATCGAGTTTTTATATACTGCTTTTACATTTTCTAAAAAAGGATTGTCTCTGCCATCATTCATATTCCATTCCATTCCACCAATACCAATAGCTATGATTGTACCATTATAAGGTGATTGCGGCATAAATTCAATAATTCCTGGGCAACATTCATCACCAACACCACCCCAAACACCAAGGACTTTACCTCCATATAATCTCTCAAACTCATTGAATTGCCCTAATTCATGACCTGGGTTTAATAATGGAGCGATATCCCATAGATTGTTATGGTCTTCTCTAAAACCTGCATTGATAATTGGCATGAAACCATTTCCATCAAATGAAATTTGACCTTCATTAAACGTATATATAGGATGGTTAAGTTGTGAGGTTACAAAGTTAACTCCACCATCTACTGTCCAAGTATCAGGACTATCAAAACCAGCACCACTACCTTTAATAAGAAGCAGCCCACTTTGATCACGTCCAATTGTCTCGGCATAACTTGTCGCCATACCTCCAAGCAGTAGTTTACCTCCACCAACTAAATATTCAATAAAAGTAGATTTTGCCGTACCTTCTGTAAATAGCGTAGGAAGATCAGATGTTCCGACTTGATCGTAAAAGAACATAACCACATTAACTGATTCTAGATCATCAATAGTCACAGCAGCGGCATTTAGATATACAAAATCATCTGGATACGTCATTTGTAACCATTCAGCTGCTGCTACAACATCATCATCAGCTGTTGCAATTAAGTCATTAAATGTTGCTGCTTCGCCTAAAAAAGCAATCTCGTTAGGC
CP138982.1_gap29	1179720	1183998	4278	GGTTATGATATCAAGTGATTTTGTTTTATTAATAATATCATCTACTAATTGTTCAATTTCTGAACCGTCAATACTATCATCATTCCTAATAATTTCGAGTAAATTTACTGAAGCTTCATAGGCTTCCATAAAACTAGAAGAAGCATCATTAACATTATTAATATTAGTATTGAAGTCAATTTTAAGGCTTTTTAAAATGGCTTGTTCTCTGTTTCTATCTTTTTGTATTTCGTTCCAATTATTAATCTGAAGCGCAATGAGGATTCCTATAACCACAAGGATAATTTCACCAATGGCGTAGAGCAGATATTTGCTGAAGCGGTTTTCTTTAATTAATCGTTGACGAATATGTCTAAAGAATTTAATCATCTTTTATTTTTAATATCTAAAGTTTACATAATTTGTTTTTACAAGTGTCATCATTTTATTTCAGAATTAATTAAGTTTATAAGCTCTTCTATATCATCAATTGTATTAGAGTACGTCTTTAAACCTACCATTCTAAGGTGCTTAACGAAAGTCGTTAAATTTCTAAATTCTTTATTTTCTAATAACTCGTCGTAGCTATTAGGTGTTAACACAGATTTATCAGAGGATGTGTTGTATGCAAAATACTTGACTATAAAAGGATTGGTGACACTTTCCATCAAAGCCCATTCGGCACGATCATAATCGTCTTTAAGCAAAGGGAAGGTAGACTCATAGAGTGTAATTGTTTTTTCTTTGATCTCTTTATTTTGTATGGTCTCCACTCCTTTGGCCTTAAAGATTTCATAAGTTGTCATAACCATGTAAGGACTAGCCCAGGCGTTAAGAGCTCTAAAAAGCGTGTCCATATCCTTAGTGTATGCTATCTTATTGTCAATGTTGTAGATCATAGATTCCAATTGTTCTACTTTTAATTTGTTTTGATTTAAATCATCATCCATTATATTTCTAGTAATCACAAGATCCTGCTTTAAATCTATGAGAATAGCTTTCTCTAAACTGGCTAATTTTCTATCCTCATTCCAGTTATTAATCTGTAACGCAATCAAAATCCCAATAACTACAAGGATAATTTCGCCTATAGCGTAGAGTAAATACTTTTTGGTTTTGTTCTGTTTAATCATGGATTGACGTATATGGCGGAAGAATTTTATCATTAATAGGTCTTTATTTTTTTTGAGTTACCAAAAACAATTCCCTTGCGATTGATTTTAGCTTCAGTTATATCTGTTTTGTTGGTAAATTTTATAATGGCATCCAAATAACTAAAATAGATTGGATGATAAAAAAAACTATAAATGGAAGGACCAAATAGCCCATGACATCGCGTGCTTGAATTTTAATGCCTTTTCCCATGATGGGAAATACAAGCAATAAATAAAAGGGTTGCAACACATTAGATAGACTCTCTCCATAGGCGATGGACAAAGACGCTCTAGATACCATTGCTGTAACTTCGTTAGTTGGCAAACCTTCACCAATTACTTTAACGGCTTCAATAATACTTGGACCAACTACAGCGAATTCGCCACCTGCAGATGGTATAGCAAAGTTGATTACTCCACCAGTGAGGTAAGCGAAAAAGGGATAGGTATCAATGGTTGCAACAGAGGCCATAATTTCTGCCAACTTCTCCCCTAAACCCGTGTATAGCATAATACCCATAATACCTGCATAAAAAGGATATTGATATAAAATACCTGATACATTACTACTAGATCGTTTCATAGCAATGACATATCGCATCGGTGTTTTATGCAATGCCAGGCCAATCATCAAGAAAATGAAAATCATGATATTAAAATTCAATTGAAAACCATTGGTGTAAAAGTGATATATGATATAGCTTAATCCCATTAAAACAATACAAGACAGGAGCAAAACACCATTATTTAATTTATCGGAAACGGATTTATATGATAAGTTTAAACCAATTGCTTCATCCTTTATGGAAAGTTCTTTTTGGGCCGTTTTATCCTCTAACATATCCTCGAGTTGTTTGATGTTTTTCGTTTTCGGAATAAGAAGAATAATCATTAAAGGCGCAAATATTACATATAATGCCATCATAGCAAAGTTTAAAGCAGAGCCCAGTGTAAAAGTGGTTGGAATCATATCTGTTAAGATTCCTGCTTCAATTAGATAATTATTTTCTGTTCCCAACAGTAATGGAATAGAGCTAGAAAGACCTGTTACCCAGCTTCCACCACTAAAGTAAACACAGGCTACTAAAAAAGGGTAGTTTACACCTTTAACTCGGATTGCTAATTCTCTCGCTAACACACATGTAATAACAATCCACCCAAAACTTATAAGTGACAACAGTGTCCCTACTAATACCACCATGAGGTAAACTTGCCTTGGTGTTTTGAGGCGAATGGTCAATTTGTCTATGCCTTTATTTATAAATGGAGAAAGTGCTATGGCAAACCCTGTGATTATAATCAATACAATTTGCATCCCAAACTCTAACAACGAATAAAAACCATCGTACCAACCTTTAATGATTTCCATGGGTGAAGCATCTAGCCAGATAAAAGCAATAAATCCTGTAAAAATGGTAAGTAACATAGCGAATACAAATGCATTTGGCATATATTTCTCAAATAGTTTTGTTGATACTTCTCCGAATTTTGTGAGCATAATAGGTTGGTTTTTATTATTACATTAATATGTTTTAAACGGTATGTATAAAGAATTTAATCATCTGATGCTAACTCTTTGTCATTCGTGTTTATAATATCTTTACATTTTTTTGTTCTGTTCTGATTGATCATAGATTGACGTATATGGCAGAAGAATTTAATCATGATTCGTCGATATATTTATCAATGATTTCAATTAACAACTCAATTTTAGTTTTCATTTTATTTACCAACTGATTGTGCTCCTTTGTTTTATTTAACATCACAAAAAGTCCAGATAATACTTTGGGATCTTTATGTACCTCCATTTCTTCCAATGCGATAACATCAAATTCTTTTTTTGTTACATACCTAAGCATAGACTTATTTATCATTTTTGGAGCGACGTTATCGAGAAAACTTTGAGAAGTTATTATTAGCTGATTTTGAACACCATCTAGCATATTATCTGAGTAATATCGAGAAATTTCTTTTCTCAAATTATCAGATCTGATAATATCGATATTTCCTGTTGATGTGATATTGCTGAAAGCCACGTTTGTAGGCTCAAATAATGAATAATTGGTAACGATGGGAAGAAATTGAGAAAATTCCTTACCTAATTTGGGGTATTTATCCATTTGAGATAAATAATAAAATGATGAATCGATACTCCGTAATTTAGATCTATTTTTATCCAATACATCTTGTATCTTCTGCAGGTCCTCATTTAGATTTTCCCTTATTTCTATTAGATAACGATATTCCTTATCTATATCTTTTTTATTCGTATTCCAATTATTAATCTGAAGCGCAATGAGAATACCAATAACCACAAGTATAATTTCGCCTATGGCATAGAGCAGATACTTTTTTGTTCTGTTCTGGTTGATCATGGATTGACGTATTTGGCGGAAGAATTTAATCATTGGTATCTATATCACTTTTTTGCTCTCGTTTGTACTTAACAAACAAGCGCACAATGATTCTTAATATGAGCGCGAAAGCCACCAAATAGATTATTGTATTAGTTTCCATATGCTTTGTTATAATTGAATTTTATATTTATCCTGCCTTACCATCACCATCTATATCTTGTGATAAATGCGTTTCTAAGGCAATTAGTGTTTTTTTTAAGTAAGGCCTTTGTGTTGGCTAATTCTGTTTCTAACTGATCTACGCCTTCTTCAACACTATCGGCTTGTTCTTGTTGTTTCTCTAATTCGTCTTGTTGTAATAAATCCCAGAAGATTCCCATGGTTATATGTTTTTTATAATAATTGTTTAAAAATGCATTTAGTTAGATTTATGCACTTCTAACTCTATTTCAATCATAAATTCCGGAAGCGCTAATTCTTTTACACCAAGCCAAGAACCCGTTGGAAAATGATTTTTGTAAATTTCTGCTCTGTAGCCTGCAACCTCTAACATCTTTGGCATATTGGTTGTAAAAATGTCTTCTTTTACCACATCGTTAAATGTGCAACCGTAATGCTTTAGGATTTTTTCTAAATCTGCATAGCAATTTTTCATCTGTTGTTCTAAATCACCAATGGCAGTTGGGTTGCCTTCATCGTCCATACTTACAGCTCCAGAAACTTTAATGCTATTGCCTATTTTAACAGCGTGCGAATAACCATAGGCTTTTTCTACCTCTGGGCGCAGT
CP138982.1_gap30	1185155	1185972	817	CAAGGATGATTTCACCAATGGCGTAGAGCAGATATTTTTTGGTTCTATTTTGGTTAATCATAGATTGTCTTATTTGGCGGTAGAATTTTATCATATTATGCACTATTTAGCTTAGCTTTTTTAATCCATTCATTATTTGCTCGCGTAGCTTATTATTAATATCCTCAAAGACTAATAATTTATTTAAAGTGCCACCATTATTATCTTGAAAGGCTATTAAGAAAAAAGATAATTCTTCTATGAAGTTTGGATCATTAGGGTTCTTTACAACCATTTGCTCATCTTTTTCTATAAGCGATAAAAATCGAACTAAACCGTTTCTGTCATTAAAAACTTTGAGGATTGTTACTTCAATGTCCAGAATACTATTGCTCATTTTTGGCTGTTCATAATCGTAATATCTCGAGATTTCGGTAGTCAGCTCATTATTGGAGAGCTGTAATCCTTTAGATTTAAGTATTTCATATGCATTGTTAATTGGAAAATACCTTTCAAAGGTGAGTATGTCTACCAAATAAAATTTCAAGGAATCAGTATCTCTAGATTCAGAGCTAACAAATTTTTGTAGTTCGATTATGGCTGTTTTTGCCTTTTGCCGCTGTTCGATAATTTCCTTGACTAGAATTGCATCTTCTTCAAGATTTTTTAATACTTCAGTTAATACATAGCGTTCATCTTTCCGGGATTTTTGGTCTTCATTCCAATTGTTAATCTGAAGCGCAATGAGAATACCAATGACCACGAGGATGATTTCGCCAATGGCGTAGAGCAGATATTTTTTGGTTCTGTTTTGATTTATCATAGATTGACGTATATG
CP138982.1_gap31	1227607	1229190	1583	GGGAAGACAAGGCTAAGCAACTTTTAAGAGCAAATCCAAAACTTCAGATTGAATACAATATTAAAGTGAGCTACAATGAGGATTTTGCCAACAACTGGTTTGCGCAATTAGATTGGATACATAAGCAGAGTGGTAATTATGAAAAGGCGCATTTGCAGTATCCTGTTTATAGGATAAACTAAATCAAAACCCTAATATCAGGACAGCTATTTTCCTATTTCGTATTGGTCTTTTATTTTAAGTATTGAACTTTGTCTTCAACTCTTCAACAATCATTTCTATTTCTAAATTCTTTTCGTCCTCTTCTAGAACCAACGGAGGTGCCTGCCTAACTTCACAATTCTCAATAGTACATCGTTCACAAGTAACACCCACTTCTTGCTTAACAATATTTGAGTCTGAGAGGAAGTTGATTTTCCGCTGAAGTTGTTTGTTAATTAGCAAGCCGACACTAATACTACGATAATAATCTTCACTAAATGGATCTTTAGTGGCTGAAGATAATACCAAATACTTTCTACCTTCATTAGTATAATTTGAAATCTGAATATCGAATTGATGATCATTATCATTTGTGCTTATTTGGTTCAATACCTGCAAAGACACCCATCGCCTACAGTAATGCTCGTTACGCTCGTTAGCTCGCGGAGAATGTTGGTGTGACAAATGCAATTCTTTCTTAAGATGAAATCTACCACTATTCACTTTATGTGTGAATCGTAAAAAAAACAAATCCTGAATATTAAAGGCTTCTGGTAAAATATTGGTCAGTCTTTGATAAAATGATTCAGGCGAAGCATTAAACGCCTTTATAGCCATTAAGAACGACACCCTATCAAATACATCTTTTTCAAATATGTTCTTTAAATGATCAACAATCATTACTTTAGGAATAGTTAGAGCACCTGCAAAATAGGAGGCGTAGAAATTATTGAGCACTTGATCAAAAGTGTCAAATTTTATCCATGGAAATGTAAATAATCGCTCCTTAATTCCTAAAAAGTTATACGCTAATTCTTTTGCATAGATAAAAGCTCGTTGTCCCTCGTCAATCTCGTTAGTGAGTAATAAGGTTTTTGTTTTAGGCACATATACAGAACGCAAATTAACCAAAGCTTTGTACTTACTCAATTCATCGTGTATGATTTTATAATCATATTCTTCTACCAAAATATCTTCTAAATCCTTAGAAGAAATACGATGATTTACATCTATTTGATAAGCTTCAATAAATTTTGAAACTTGTGATTCTAAATCATCAAAATAATTGTTATTCGCTTCTTGAAAAGATCTTACAGAAGCCAAAAAGAAATTCTCGCGAGTAAAATTATAATGCTGTGCAATTTTTATAATCGTACTAATAAATGCATTTACTTTTGCTGGAGCATTAGCAACAATATCTATTAAATTGCTTTCTTTAATACCAAAAAGCTCTAAAGGAATTTCCTTAAAAATTTTAGATCGCAATAATTCTCCAATAGGAGCCAAATTTTTGTCCAATTTTAATGACACCATCTGATCGTAAGGCACATTAAGTTTTTCTGAGAGCGTAACAATTTTATCTGGTTTAGGGTATTTTTTAC
CP138982.1_gap32	1262491	1265214	2723	ACTTATTTAAATATTTCAAGGCTGAAAAATACGTTTCAGCCTTGAATTGTATTTTTTTACCGTTTTTCCTTCGCTCGCAGCTCCGGACATGTTCACTTCGACATCGCTAAGCGACCGAAGTTTTATAATTACACCTTAATCTCTACTTCAACTCCACTTGGTAATTCAAGCTTCATTAAAGCATCAATTGTCTTAGAAGAAGAAGAGTAAATATCTAATAATCTCTTGTAAGAGCTTAATTGAAATTGTTCTCTAGACTTCTTATTAACGTGTGGTGAACGTAACACAGTGAAAATTTTCTTGTGTGTTGGTAAAGGAATTGGTCCCGTTACTACTGCACCTGTGTTTTTTACTGTTTTTACAATCTTATCAGCAGACTTGTCAACTAAATTATGATCGTAAGACTTTAATTTTATTCTAATTTTCTGACTCATTTTCTTTTAGTTTTAAGCTTCTACGCCTTTTGCTGCTTTGATTACTTCTTCCGATATATTAGATGGTGTCTCAGCATAGTGAGAGAATTCCATTGTTGATGTTGCTCTACCTGAAGACAGTGTTCTCAACGTAGTAACATAACCAAACATTTCAGATAATGGAACAGTAGCTTTTACGGTTTTTGCACCAGCTCTATCACCCATATCACTTACTTGTCCTCTTCTTCTATTTAAATCACCAACGATATCACCCATGTTTTCTTCTGGTGTAATTACTTCCAATTTCATAATTGGCTCCATAATTACAGCCTTAGCAGCTTTTGCAGCATTCTTAAATCCTAACTTAGCAGCTAATTCGAATGATAATTGATCAGAATCCACATCGTGATAAGAACCATCAGTCAACGTAACTTTCATAGCATCTACTTCATAACCCGCTAACGGACCATTTACCATAGCTTGCTTAAATCCTTTTTCAATTGAAGGGATAAATTCTTTAGGAACGTTACCACCTTTAATTTCAGAAACGAATTCTAAACCTACTTTACCTTCTTCAGCTGGCTCAAGTGTAAATACGATATCTGCGAATTTACCACGACCACCAGATTGCTTCTTGTACACCTCTCTATGTTGTGCAACTCTAGTAATAGCTTCTTTATACTCAACTTGTGGCTGACCTTGGTTAACCTCAACTTTGAACTCACGTCTTAAACGATCTACAATAATATCCAAGTGAAGCTCACCCATACCAGAAATAATTGTCTGACCTGAAGCTTCATCGGTTCTTACTGTAAATGTTGGATCCTCTTCAGCAAGCTTACCTAAAGCCATACCTAACTTATCAACATCTGCTTTAGTCTTAGGCTCAACCGCAATACCAATTACTGGATCTGGGAAGTCCATAGATTCTAAAACGATAGGATGTTTTTCATCAGACATGGTATCACCAGTCTTAATGTCTTTAAATCCTACTGCAGCTCCAATATCTCCAGCTTCGATAAAATCGATAGCATTTTGCTTATTTGAATGCATTTGATAGATACGAGAGATACGCTCTTTTTTACCTGAACGGTTGTTCAAAATATAAGAACCTGCATCCAAACGACCAGAGTAAGCTCTAAAGAACGCTAAACGTCCTACGAAAGGATCTGTAGCAATCTTAAATGCTAAAGCAGCAAACGGCTCCTTTACATCTGGCCTACGAATTTCTTCTTTTTCAGTATCTGGGTTTACACCAACAATACCTTCCTTATCTACTGGAGAAGGCAAGTAACGACATACAGCATCTAATAAGAACTGTACACCTTTGTTTTTAAATGCAGAACCACAAATCATTGGAATGATAGACATGTCCATTACTGCAGCTCTAAGTGCAGCGTGCACCTCGTCTTCAGTAATAGAATCTTCATCCTCCATATATTTTTCTAACAGATTCTCATCATAAGCTGCAACTTCTTCAATAAGTTTACCTCTTAATTCTGCAGCTTCTGCTTTTAATTCTTCAGGAATATCGATAACATCAAACGTTGCTCCTTGTGTTTCATCATGCCAAACAATAGCACGGTTCTTCACCAAGTCCACAATACCTTTAAAATCGATTTCGTCACCAATGTTCATTACAATTGGTACAGCATTAGACCCTAACATGTCCTTAACCTGCTGGCAAACTGCCATAAAGTTAGATCCTTGACGGTCCATTTTGTTTACGAAACCAATACGAGGCACTTTATAATTGTCAGCAAGTCTCCAGTTAGTTTCAGATTGTGGCTCAACACCATCAACCGCACTAAATAAGAATACTAAACCATCTAATACACGTAATGATCTGTTTACCTCAACGGTAAAATCAACGTGACCAGGAGTATCGATAATGTTAAAGTGGTAATCCTTAGTTTCAGGTAATGGTTGTGCATTTTCCATAGGGAACTTCCATGTACAAGTTGTAGCAGCAGAAGTAATTGTAATACCTCTTTCTTGCTCTTGCTCCATCCAGTCCATAGTAGCCGCTCCATCATGTACTTCACCAATTTTGTGAGATACACCTGTATAATAAAGGATACGCTCTGTAGTTGTAGTTTTACCAGCATCAATATGTGCGGCAATACCTATATTTCTTGTATATTTTAAATCTCTTTGTGCCATTCTAATTAAAATCTAAAGTGTGAGAATGCTTTATTTGCTTCAGCCATTTTGTGAGTATCTACTCTTTTCTTAACGGCCGCACCTTCTTCTTTAGCAGCAGCTAATACTTCTGAAGCTAAACGTTGTGCCATAGATTTTTCGTTTCTT
CP138982.1_gap33	1281003	1284507	3504	ACAATTTGGCTGTTGTGATTTATGATTTCGACCAAAACGCACCAAGAGACAGGCAGTTTCGAAACTGTAAAGCTTTTAACAGCAATGGCGAATTAATTTGGACAGCTGAACATCCAACAAATATCACTGCTGACTCTTACGTGGAATTTATGAAAGGACGAGGAAATAAACTTTGGAATTTCGGTTGCTTTATTTGCGAGTTAGACTTCAAAAATGGAAAACTTAAAAATGCAGTCTTTACGAAGTAATTGAATGCAATGACGAAATTAATCGTAGAAAATTATAAAGTTCAAAGAACAGTGTCGGATGGCGGACACAACTATATCTTAACTGAAATTTATTATAAAGGAAATCGCAGAAGATTGGTAATTCTATTCTCTGACAAAACCGAGGAACCAACTTTAAATGAGAAAAAACCTCTCAAATTAATTGGAGATATAGATGATGAAGGAATAGAATTTGATTTAATGATGTATAATGCTTGTATGGAAAAATAAAAACGTTTGCCAATAACGTGCATAATTAACTGCTTGTGATTTGCCTAAGTGAAAATTCTTGCGTCACCTAAAACCAAACTTTATACGTCATTCAGCACTCGATGCGGAAATCGAAGATTCAGCGTAAACTAATCCACAAGTTAATAAGAATTACTAATGAGATCCCGAAACAACACTTCGACTGCGCTCAATGCGACAATTCAGGATGATAAAAATATTAAAATAATTTCGTCACTTCACCAAAATCCAAACCACCATAATTACCAGAACTCATCAACAACAAGGATTTATTATCAAAATTCTGAGAGAACAAAAAGGCTTTAAATTCTTCTGGGTTGGTATAGATAATTAAATCATCACGTTCAAAAGCATTGGAAATTTGCTGTTTGGTGACTTCTTCGAGTTTTTTAATTTCTACGGCGTGTGGAGAATAGAACACCACAGCAACATCTGCAGCATCTAAAGCACCTTTGTATTCTTTTAAAAATTCGGCGTTTAAGCTACTGTAAGTATGTAATTCTAAACACGCGACCAAAGTTCTGTCGCTATATTGTTCTTTTACGGCTTTGGTTGTGGCTTCTACCTTACTTGGTGAATGTGCAAAATCTTTATAGGCAACACTTTTTGAGGTTTCAGCAATTTTTTCTAAACGTTTGCTTGCTCCTTTAAAGGTAGAAATGGCTTCGTAGAAATCATCTTCATCAATACCCATGTGTTGGCAAATCCATTTGGCACCAGCTAAGTTGTTCAGGTTGTGTGCTCCAAACACTTCAATTGGCATTGGACCTTCTGGAGTTTCCAAAAGGGTTTCACCATTTTCAACCGTATATTCTGGAGTTTGGTAAGCAATCTTTCTGATTTGGTTTTCAGAGGCTTCCACTACGCGTTTTACTTCTTCGTCTTCTTCGTTATAATTAATACTTCCACCAGTGACAATAGAATCTACAAAAATCTTAAACTGCTCCACATAGTTTTCATACGTTGGAAATACATTGATATGGTCCCAAGCAATGCCGCTCAGCAATGCAATATTAGGTTTGTACAAATGAAATTTTGGTCGCATGTCAATTGGCGAACTCAAATATTCATCACCTTCCAACACCATAAAATCATTATCTTTAGTAAGTTTTACCATGACATCAAAACCTTCCAACTGCGCACCAACCATATAATCTACATCTTTATCATGATAATGCATCACGTGCAAGATCATTGAGGTAATAGTCGTTTTCCCATGACTTCCACCAATAACCACACGGGTTTTATGTTTGGCTTGTTCGTATAAAAATTCAGGATAACTGTAGATTTTTAAACCGAGTTCCTGGGCTTTTAGCAATTCAGGATTATCGGCTTTGGCATGCATACCTAATACGATAGCGTCTAAATCAGACGTTATTTTTTCAGGATACCAACCAAAAGTTTCAGGCAATAAACCTTTAGCCTCCAACCGTGATTTGGATGGGTCAAAAATTTCGTCATCACTACCTGTGACCTTATAACCTTTATTGTGAAGTGCTATGGCTAAATTGTGCATCGCTGCACCACCAATGGCGATAAAATGTACGTTCATAAAACAAATATAAATATAGATAAGAGATTAAAGAATAGAGATGATAGAAAAAGGTAAATCTCGATTACTTTTTCTATCTCTGTTCTTTTTTCTAGTCTCTTTATTCTAGAATCTACAACTCTGGATTCACAGCCAAACTATTAAATAATTTCGCCTTTGTACTAAAGAATTTATTCTGAATCTCAATGGCTTTTAATTGACCATCAATTAATTTTGACTCACGAGAATTAACCAAGAACAACGAGCTTTCTCCCAATTGGAACTTACGTTCTTCTGCCTGTAGCATTCTTTGGTAATCGGAAACCATTTGCTGTGTGATTTCATTTTGCACAACATACGATTGCAATTCTTGCTTTAGTGCATTAATCTTATTTTTAAGGTTAATACGTGTCGCATCGATTTCAAATTCTGTGTCGTTCTGTTTTATTCGTGCCAGTTTTAAATCTCCGCGTTCCTTTCTTAAAAATAATGGAAAACTGATATTAAATCCGCCTTTGTAATCTGCAGTATTGAGCGTTCTAGCTACCTCTGGAGTTTCCGTGATAAAATTATATTGAACATCGATTCTTGGCAACAACTTGTTGGCTTTTAAACGCGTATCAACCTCTAGGCTTTGTAATTTGTAATCTAGAGATACCATTTTGGGATGGGACTCTATAATGGTTTCTTCGCTTCGCAATTGGTCGATATTAAAAGTTGCATCTACAATGGGCTCCGTATCCACATCTGGAACAACATTGGGTTGTAACTCCACAGGAACATTATTCTCTAACCATAAAAAATTTGAGAGTTCTAAAGCTGTTTTCATTAACTTCACTCTAGACTGTTCCAGACCCAACTTTCTATTATTTACAGCAATTCTGGCTTCCGTGGCATCGATTTCGGCATTTTCCCCAACTTCCACTCCCTTTAAAACACCTTGATAACGTTGTTGGGCATTGACCAAAAAGTTTTCGAACAACTGTAATTCATTATAAGCCTGCAACCATTTAAAGTACACCAAGGAGGCCTCGTACAAAATCTTATTGACATAAATATCGCGATCTGCTTTAGCCTGCTCCCTAAACAATTTAGCTTGTTTTAAAGCTGCCATTCTATTATTAATCAACAGACCTTGACCAAGCGGTACGGAAACACCAGCACTGTAAAGTCCATCTTCGGGCACAAAGGCTTGAGGGTTTAGAAAGTCGCCTGTATTTTCTTCAAATGTAGCCTTTAACTCTACACCAAACCATGTCGGGATTTTAAACATTCCATTTAGCCTATCAAAATATTCTGTATTCTTGAATTTCTTTCGATCATAATCTACCTCCAATCTTGGATCGAATGCTCCACGAGATTTCATGAGTTTCGCCTGACTTTCATCAATGACCAATTCGGCCTGTTTTACAATAGGATGAAATTTCTTCACATAGCCCAAATACTCATCAAAACGAA
CP138982.1_gap34	1307253	1310511	3258	CCTTCAGTTTTGCACGTACCTTTTGCCATTACAGGATTTATCTTAAAAAAGCTCTTTAACTTTAAAAGATTAAAGCAAGAAAGTTTTCATAATCTAAAAGGGTCATTTTACGCCTTGCTATCTGGCCTTCATATGAGAAGTTTCGGGTATTATATCATCAGTGCTACCAAAAGCTAATTAATAAGTTGGCTTATATTAGAAGTTAATATTTTATCCTATTTTTGGTCTTGCAATGATATTCTAAATGACTAATCATAAACTAGATCCCAATAACTGGATAAAACTTTATTCTGACTATCTCTTTAACTACACGATTTCGCGAGTTAACAATAGGGAGATTGCTCAAGATTTGGTTTCTGAAACATTTTTGGCAGGACTTAAGGCTATGAAAAACTTTAAGGGTGAAGCTAGTGAGCGTACGTGGCTAATTTCAATTTTAAAGCGTAAGATCATTGATTACTATCGCAAAATAAATTCTAAAAAAGGCCAGGCAGAAGTTAGAATGAGCTATAGTAACCATACAGATGCTGAGGGTGACTGGCTAGAAGAACGTGTTGCAGACCCTTTTGATAAAACGGCCGAAGATCGATTGGAAAATTCAGAATTGGGCGATGCCATTTACGATTGTATCTCCAAACTACCTGAAAAACAAGCCCAAGTTTTTAAAATGAAAACAATTTTAGGCTACGAAACTGAAACAATTTGTAATGAATTAAATATCACTGCGTCTAATCTTTGGGTAATCATTCACAGAGCAAGAACAGCTTTGGCAGATTGCATGGAAGAAAAATGGTTTTAAAATATAATAAACCCTTCTCTTAGGAAGGCTAGGATAGAAATGAAAAAAAGTTTTTTATTTATAAGTTGTGAGGAAGCAAAGCATATTTGTGACAAAAGACAATATGCTGAAGCTACAACATTGGAGCGAATTAAACTTGCTCTTAGGCTTTCTTGGTGTCGTATAACTAGAGCATATTCCAGCAAAAACAACAAATTAACTGAAGCGCTACAGAAGGCTGAAGTCAGTTATTTAAGAAATGATGAGCGAAGTAAGCTTCAACAACAGTTTGAAGAAGAATTAGCCAAGTACCAATAATATTACGAGCCACATAATCGGCAAACCCTCCACCCAAAAAGCACTATAGTATATAGATTGGCGCTTATTGGAAAACACCACAAACAGAAGCGTCACAAATACCATTACTAATGTAGAAAGTATTGCATTTGCTGACATCTCATCTTTAAAGTACTCTAAAAAGAAAAACACCATTAACAATAAAACACCTGTGATTTTTGTGTTTTTGATTCCGATTTTTTGAGGAATGGTTCCCAATTTTAAACTGTCAAAATTCAAGTCCCTTATCTCAAAAGGCAACATTAATACAATGACTAAAATAAAGCGCTGTACAGTTGTTATTATAACATCAGAATCAATCGCAACGCCCAATTCAATCAAAGGCAAAAGCACAGTTGTAAACGCCCAAACCAAAGCTATAACATAAATTTTCAACCCACTAATCTCTCTTAAATTCATCTGGCTGTCCCTAAAATAACTCATAGGCAATAAAGGCACAGCATACAAAAACGTAATAAGACCAAACACGGATAAATATATCAAGGTTTTTAGATTGAGCTGAAGTGCATAATAGCACATAGCAACAAATGCAAGAAGTGAGAATATTTGAATAGCTTTTAGCCATCCTGCTAAACTTCTATGGTGAAACTTAGCCACTCCAAAATATTTTACAAAGTTATAACCTGTAATGGTTGCAAAAAAGACAAAGTAAAGCACACTTTCATCATAATTCAGTCCAAACTGTAACAAGGTTATCCAAGTAAAGGCATATACAGCCAGTGCTACATGTATACTGCTATTAAGATAAAAATCAACAATGGCTTTTAAAACCTTCATAAAACAAAAATAGGCAATGTGTTAATAACCCTTGCTTTCCGTTAAAAACTTTAGTTTTCATTAACTAATTAAAAGAGGTAAAGCTGTATTTTTGCAAAACTAAACAAACACAACATTTTTTTAATGGACACAACCTCTTTTGCGCTTAGACATATAGGCCCAAGTTCTCAAGAACAAAAAGAAATGCTAAATACCATTGGCGTGAGTAGTATAGACCAATTGGTTTCTGAAACTATTCCTGCGGGAATACGTTTAGAAAAAGATTTGGATTTAGAGCCTGCCATGAGCGAGCAAGAATACCTAAACCATATCAATAAGCTGTCTCAACTCAATAAAGTCTATAAGTCTTACATAGGTCTGGGATATCATCCCTCTAATATGCCAGCGGTTATTCAGCGTAATATTTTAGAAAATCCTGGATGGTACACGGCTTACACTCCGTATCAAGCTGAAATAGCTCAAGGTCGATTGGAGGCGCTTTTAAATTTCCAGACAATGATCATAGATCTTACAGGAATGGAAATTGCCAACGCTTCACTTTTAGACGAAAGTACAGCTGCAGCAGAAGCGATGAGCTTGCTATTTGCTGTAAGGGACAGAGCCCAGAAAAAAGCTGGTGTCAATAAGTTTTTTGTTTCAGATTTAGTACTGCCACAAACGATTGACCTGTTAGAAACCAGAGCAACACCAATTGGAATTGAATTAGAAATCGGAAATGAAGCCGAATACAATCTTTCGGACGAGTATTTTGGTGCCTTACTGCAATATCCTGGTAAAAATGGCCAGATTACGGATATAAAGTCCTTTATAGAAAAAGCAAATGCCGTTAACATTAAAGTTGCCGTAGCTGCAGATATTTTAAGCTTGGTTAAGCTTGAAGCACCAGGGAAATTTGGTGCTGATGTGGTTGTTGGTACTACACAACGATTTGGTATTCCGATGGGTTATGGTGGTCCACATGCCGCATATTTTGCCACAAAAGAAGCTTATAAACGAGATGTTCCTGGACGTATAATTGGTGTGACCAAAGATGCCAATGGCAACAGAGCCTTGCGTATGGCATTACAAACCAGAGAACAACATATTAAGCGCGATAAAGCAACTTCTAATATTTGTACAGCACAAGTATTATTAGCCGTTATGGCTGGGATGTATGCAGTATATCACGGACCAAAAGGTTTACAGTTTATTGCAGATAAAGTAAAAAATACGGCTTCAACATTAGCTAAAGCTTTAGAAAGTCTTGGTGTAGAACAAGTCAATTCACATTATTTTGATACGCTTCAGGTTAAAGCTGATCCTGTTAATGTGAAATATTATGCGGAGAAAAAAGAAGTCAACTTTTA
CP138982.1_gap35	1322437	1323347	910	GTTAAAACCATTTTGAAGTAGTGTTTCTATTCCCTGAGTAAAATCCGTCGTCGTCATGGTTTTTGCAGAATATACTTTATCGACATGTTCATACTGTATTAATTCGTTAACGAATTGCTCGGTCACTGTGTTAATATTTAGTCCCAAACTATCAATGCGCTTTCTATTTAGGAATATTTGATTATTACTTACATTTTCAATCAAATCAGAATTATTGAATGTGCGCAGTAAATATTCTTCGAATCTGGTTTTTGTCGCCATGTTGTTTAAATACCCAGCAGGAATCTTTAAGCTTCTTAAATAGTTAGGTACATCTATTGCACCGTGATCAGCTGTTAAAAATACCGTATACTCTCCCACCCCAACTGTCTCATCGAGATAATTGAAAAAACGTTCCAAATCTTTATCTAACCTAATGTAAGTGTCTTCTACCTCTTTTGAATTTACCCCAAAATTATGACCAACATAGTCCGTACTCGAAAAGCTAAGTGTAAGGACATCCGTAACATCATCCTCACCCAATTGCTCACCTTTTATAGCCGCTATTGCAAAATCTGTAGTTAAACTGTTGCCGTAAGGTGTTGCTTTAAGGATTTCAAAATTGCGATTGTGCTCACGTAAGGCCTGCAAGTCATAAGGAAACGTTGCTTTTTCCTTTCCATTAAATCCTCCTTCAAACGTGTTGTCATCTGTACCGCTTTCGGTATAAGTAGTTATGTCATAAAGCGTGTTCCAAACTTTAAAGTAAGTTTCTGCTATGTCAGAAGCATTAAATTCCTTAACCCAATTTGGTAAATCTTGCATATAAAAACTACTAGTAATCCAAACCCCTTCGTCCCTTCCATGAAACCAATATGCCGCATTCGCTGTATGGCCAGCAGGCAACACAGCACCTCTATCTTTTAAAGAA
CP138982.1_gap36	1370691	1373104	2413	CAACTAGTTTCACCTGCATAATCATCAAAATTGATTAATAGAGAAACTTCATTAGTAGGACAAACTTGAGTTACATTTAATGTAATTGGCCCGCTTGTAAACGCTTCTGTTGTAGAAGCCAATGCTAAAACCAAAGTTTCGCCACCTGCACTAATATTGGTATCACTAATCTGTACCGTAAGAGCCCCTTCATTAGAACCCCCTGGAATTGTTACTGAAGAAGGCACGGTATATGCCGCTGGATCTAAGGATGAAGCATCCGTGTCCACAACAACACTAAACGTTCTATCAGAACCGGTAATGTTACCAGCATAAACTTTGATGTCGTTAGTTGAAGAACTACCGATATCTACACCAAAGGCAAATGAGGTATCTTCAAAAGTAACATAATTAACACTATTACCTGTAGCATCTTCATCGCAACTGTAAGCAGTTGCAATGAAAATACCAAGTATTATATAATTTAAAATTTTCTTCATGAGATAAGTCTTGATTTAGTTAATTAATTTTGTTCGTTAATGAAAACGTTACTTTGAATTTCCAATTCAGGGATTTCAAAAGTTAAACGCTCATCATTATGCATAAATGATTCACCAACAAAAGATAAGTGGTTACTTCCTCTTACACCTGTTGATGTCTGGTTACGCTTTATAGAAAGGTATGTTTTACCTTCACCCCAAAACTCAATACGCGTCTGTAAGTGAATCTCAGCCAATAAAGCCGCTCCTGACAATCCATTTAAATAAGATGTGTCTGGCAAACGTTGGTCCAATACCTCTCTCAATGCAGTTCTAGCTGGTCCATCCTGGCCCATTTTTGCTAAAGCCTCTGCTTTTAAGATGTGCATCTCAGCAATTCTCATGTATACATAATCAGCTACAACCGATCCACTTGGTCCACCGATAATTCTACTGGCATCGTAGAACTTATCCAATGGCATTAGGTTATAATAACCTGAACCTGGGAAGAACTGTGCTTTTCTAGCATCATCAGCAGGAATAGCATCATATAGGTTTTGATCTATAGCCTTGGCATCACCTGCCCAAGCATAACTATATGAGAACGCATCCATTTGTCCCCACCAAGAAACAAGTCTTAATCCGATATCACCATTAAGGTCTACACCCCAAATCCATCCTGGAGTAGCCACATTGTTAAAACCACCTGTAACCTCTGCTGCGGTCATTACCGTAGCACCAGTTCCAGAAATAACAGCATCACATAACGCAACAACTTCGCCCATACGAGAAACATCACGTTGAGAAGCAATAGCATAAGCTAACATAGCCTGTGCAACTTCCTTGTTCACCTGAGTCTTAGTTGGTCTGTTATATACATCCAATAATACGATGGCTCTGTTAAGATCACTTTCTATTAGTGCAAAAACCTCAGCAGCAGTAGATTTACCTACACCTACGTTAGTTACTGTTCTATAAATTGGAAGGATCTCTTGTGAAGGGTTGTAATCATTCTGCATATACTGGGTCAAATACCAGTAAGAATGAGCACGCATAGCTAAAGCCTGTCCTAGAGTAGCTCTGTTATCAGGATTTTCTGGATCCGCTTCATCACCACCTAAAGTCTCAATTACGGTATTGGCAGCACGTATCATTCTATAATAGTGTCTCCAAACTTGGTAATTATCTAAAAAGGTGAAATCTTCAGTACACTGCATCTCAGTAATACTAGCTCTATACCATCCATAAGTACTTACAGACAGGGCAACATCACTAGATAAGAAATCAGCAAACAGGTCATAGGCTTTATGACCGAAATCATCATGCCCACCGGTACCACCAGTACCAGTTGTATACATCGTAGAGTAAACACCCTCGATGAAACCTGTTACGATGTCAGGATTGTTACTCGCAGCTTCACCAAGCTGGTTGATGTTCTGAAAACCACTTTCAGGGTTTTCGTTCACAAAGTCATCAGAACACCCTAAGAATGTTAGAAGTAGTCCCGAGACCATCATTAATTTAATTACATTTTTTTTCATTATCGCTTTTTTTTAAGTTAAAATTTCAATTTCACACCCAAAGTAAAAGTACTCAACGGCGCGTATAATCTACGACCAGTATTACCACTCTCACTTGTTCTAGGGTTGAAACCTTCTCTAGCACTTGTTAACCACAAGTTGTCACCAGAGACATATATGTTTACTAAATCTAAACCTGTCTTGTCTAAGAATTTAGAAGGTAAAGTATAACCTACTAAAATATTATTTAAGGCCAAGAAATCAGTTTTAGTTAAAAATCTTGTTGAAGTTGATGTACCGTTCACTATGGCATTATCCGATAGTCTAGGAACATTAGTTATATCACCTGGCTGTTGCCATCTTGCTCTAATATCAGAGCTATAATTATTACCAGCAGCACCAAAACGGTCACTCATTAACTCACCGTACTGATTA
CP138982.1_gap37	1545275	1546673	1398	GTAAAACCTCCTTGATCCGTAAAATCTGAAATTGGAATATCTATGCTTGTCCAAGCATTAGGATTCAAATCAACAACTACAGGTCTTTCTCCATTTGAAACACTAATAAGTGAAACCTCAATACTTTCTAAGACATCTGCAGTCCAAACGTCCAAGTGTATGAATTCCATATCGGAAACATCAATTGGTGCAGCCAATTGGTTACCTTGATAACTAATATTTGTGTATTGTAGCATTTCATCGCCATCTAAGTCATAAGTTCCCCAACTACTTCCGCAGCAATCACCTTGTCCCCAATTAGGAAAAAAATCTGTTCCTTCTATGTCTGTATAAGCTTCAGTATATAATGCAATAACATCACTCTCAGCTCTCGCTGGAGGTGTAGGCGCCGAAGCCACTGGTGCTTCAATTGCTGTTACTTCAAACTCTTCTGTGTACGTCGTAGTCTCAATTGCAGACCCCATTGCAATTACTGTAATGGTATAAGTGCCTGCTTCTTGATATATATATGAGACACCTTCACCTATATTAGCACTTAATGGAGTATCATTACCTGGCTCACCAAAATAAACATCATAACTCATAGCAAAATCTGCGGTTGCAGTTACGTTTACTTGTTTTGATATTGCGGCATCATTTTCAATAGTCACCACAAGATTTTGAGGAGCTTGAAAAGACACTACTAATTGTTGCTCAGCCTGTGTTATTAAGCCATTAATACTTGTCGCAGTTACACCAACTGTATAGGTACCTTCTGCATAAACATTGTCAATACTTTCGCCTGGCTCTAAATTTATAGTATTTCCTGTTCCATCGCCAAGTGCAATTTCGAATTGTGTAGCACCTACAGCTGTAGGTGTAATTGTTACTAACCCAGAGTTATCTTGGGTAGTTCTAAATTGTAATGATACATCGCTTGGAGCATCTGCATTATCTACAAATTGAGTTCCACGTTCATCTTCTTCACAACCTACAAAGGCTATAAGAAGAAAACTAACTAAAATTAATCTTATATTTTTCATATCACTTTTTTTTAATATCCTGGATTTTGTTCCCACTGGTTCCCAGCTAACTGAATTTCTATTAAAGGAATAGGGAACAACTCATGCTTACCTGATTGGAAACCATTAATTTCTGAAGCTGCTCTTCCTGTTCTTACTAAATCGAAGAAGCGATGTCCTTCACCAACTAACTCTACTCTTCTTTCATGATAAATCGCATCAGTAAGTGCGCTACCTGTAGCACTAACATTATTATCTGAATTTCCAAAAGCACGTTCTCTAACTCTGTTTAAGTACATCTGTGCTCTAGAATCGCTTATACCACCTCTATTTAAGGCCTCTGCAGCCATTAATAGCACATCTGCAAACCTTATTGCTCTGTAGTTATTTGGATTTG
CP138982.1_gap38	1569542	1573393	3851	TTTTATCGTTGAACTTATATAAATCTTTATCAAACAGAAAAGGTTTATATGGGTTCACCTCAAAATTAGCCAAAAGATAAATAATCCATGCCAATTCCCATAGTAAATTCTATTGCTTCGTGGTTTTTAAAAAAGCGGTTCCATCAAATTGAACTCTTTTTGAAATACCCTAATGAAGTACAAAATGAATTACTGTTTAGCTTATTAAAATTCGCTAAGGATACCGAAATAGGAAAACAATATGATTTTGCCTCTATAAAAACCTACGCAGAATTTAACGATCGTATTCCCATTGTTAATTACGAGATTATTCAACCGCTAATTGAACGATCTAGAAATGGTGAGCAGAACATTTTTTGGCCAAGGCCTATTAAATGGTTTGCGAAGTCGAGCGGTACAACCAATGCAAAAAGTAAATTCATTCCTGTTAGTATGGACTCTTTGGAAGACTGTCATTACGCGGCCAGTAAGGATTTACTCTGTATGTACCTTAACAATAACGAAGACGCACAATTGTTTACTGGCAAGAGCTTACGGTTGGGTGGCAGTAAAGAACTTTACAAAGAGAACGGAACCGTATTTGGAGACCTAAGTGCTATTCTTATAGATAACATGCCATTCTGGGCAGAGTTCAGCAGCACTCCTAGTAGTAGAGTATCACTGATGAGTGAGTGGGAAACTAAAATGCAAGCCATTGTTGACGAGACCATTAATGAAAATGTAACTAGCTTAGCTGGTGTGCCGTCTTGGATGCTTGTCTTGCTCAATAACGTTTTAGACAAGACAGAAAAGGAAAGTATTTTTGATATATGGCCAAATCTTGAAGTTTATTTTCATGGTGGTGTCAGTTTTAATCCTTACAAAGACCAATACAAAGCCATATTACCTAAAAATAATTTTAGATATTACGAAATTTATAATGCTTCGGAAGGGTTCTTCGCTATTCAAGACCAAAATAATTCTAGTGATTTAATGCTAATGCTAGATTATGGTATCTTCTATGAGTTTATTCCTATGGATTCTTATGGTACAAGCGAGCAAAAGGTAATTCCTTTAAGTGAGGTTGAGCTCAATAAAAACTATGCCGTAATCATCACTACAAATGCTGGACTTTGGCGTTATAAAATTGGTGACACCATTCGTTTTGTGAGTTTAAGTCCGCATAGAATAAAAGTTTCTGGTAGAACAAAACATCATATCAATGCTTTTGGAGAGGAATTGATTATTGAAAATGCTGAAGATGCCCTAAAGAAAGTCTGTAAAAGAACCTCAGCAGAAATTGTGGATTATACTGCGGCTCCAATCTATATGAATGGCAAAGAAAAAGGGGCTCACGAGTGGATCATTGAATTTAAAAGGCCACCCGAGGATATGTCTTATTTTGAAGAGTTATTCGATAACGCTTTAAAGTCATTAAACTCTGATTATGAAGCCAAGCGTTATAACAATATGACGTTAAACAAACCAAAAATTCACTGTGCCAGAACCAACCTTTTCTATGACTGGCTTAAGGAAAATAATAAACTGGGAGGACAACATAAAGTCCCTCGTTTATCCAACTCTAGAGATTATGTGGATGAGTTATTGCGTCTAAATGAAGTCTAAAACCACCTAATTTCATCGATGAAATCAGTATTTGCTTAATAATTGTCGGATAAATACGATTATTATCTAAAAAAAGTGACAAAAACATAGGGTGTGTAACATTGTTGGTAATTTGCTATTGCTATTAATCCATTATCCCTACGTTATGAAATCTACGATTCATGTGCTGTTATCGGCACTTATGATCTGTACTTACTCTTCATTAGATACTACAGACCCTGCAAAAGACAGTGTTGATGACCGAAACAAAAGTGGCTACACTTACACTGTAAATATTTCAAAAATTAACTCCAAGTATTCTGAAATTGCCTGTACCACGTTTAGAAATAAATTGGTTTTGGTATCCTCAAAGAAAATTGGCGGTTTAGGTAACGGAGTAGATCCTGTTACCAATGAACCTTTCACTGATTTGTTTTGCACGGATATTGAAGCTTATGGCAAATTATCGCAACCTTTATTATTTAGTCGTATTTTAAACACTAAGGCCAATGAAGGTCAAGTTGCTTTTTCACCAGACGAACATACCATTTATTATACACGAAGTACGCGTACCAATTCCTTGAACTATAAATTATTTAAAGCCGAATTGGAAAAAGATTCTTATGGTAATTGGATCAATGAAATGGAGCTTTCTATTAGTAGTGATGACTACTCTATAGAAAATCCGCATGTATCATCTGACGGAAAGCACCTCTATTTCTCTTCTAATATGTCAGCTGGTTTTGGAGGTTTTGATATTTATAAAGCTGAAATTAAAGCTGATGGCTCACTTGGTCATCCTGAAAACCTGGGAAGTACAATTAACACTTCTGAAGACGAAAAATATCCGCATACATCCAAAGATGGTACAGAATTGTTTTTCTCTTCCAAAGGACATAACAGTATTGGTGGTTATGATATCTTCATTTCTACAGTGACCAATTCGGATTACAAAACTCCAAGAAATTTAGGGTATGCTGTTAATTCAGAGAAAGATGAAGTTGCGTTTATATTTATTGATCATAAGAAAGGCGTATTCTCATCTAACAAAGACAATGAGAACAATGCGTTTAACTTGTATAGATTTCAGTCGAGAGCAATTTATCAAGAGCTTAATGGTATTGTAATAACTGAAGATGATAGAATATTACCAAATGCAACCGTTGTATTGTTAAACGGTGAAGGGCAAGAGATAGAACGACAAGTTACAAGTAATGATGCCACTTACAGTTTTAAAATCAAAGCTTTTGAAGACTACCAACTAAAGGTGGTTAAGGATGGTTACAAAGATTATTCTTTAAAATTTCAATCTGAGGAAAGCCAATTTAAGGCCATATTAAAACTATCCTCTAAGGTAAGTTATAACCAAAAATAGTTGTGAACCATTTAACGACATTTAGTGCATTGAAATTTCATACAACGAGATTTAAAACACCTTTAACCAAAAAAGAAAATAAAAACGTTTTACTCTAAAAGTTGATTCTATATTAGCAGTAAATAAATGTGCTATTAAGTTTATTTAAACCTTAATTAAATAATTATAAAATATTGCCAGCAATATTATATTAATCAATCCTAATTCAATAAAAAAAACCACAATCTTGAGATTGTGGTTTCTTTTTTTATTAAACTTTTTTAATCTAAGACACCGCCTTCAACTTCTTTAAAGTAGATTTAGACAATCTGTCTTCTGCGTAAGCTTTGGTGACATTCAGTTTGGTTTCACCAGAGCCTGGTAAATCGAACATCGCTTCCGTTAATATCTCTTCGCATAGCGAGCGTAATCCACGAGCACCTAATTTATATTCTATTGCTTTTTCTACAATATAATTTAATGCTCCTTCAGTAATGGTAAATTCAACCTCATCCATGGCAAACAATTTTTTGTATTGTTTGATAATGGCATTCTTAGGCTCAGTTAAAATGGCTCTAAGCGTGTCTGCATCTAAAGGATCCATGTGAGTTAACACAGGTAATCGACCAATAATTTCTGGTATCAATCCAAAATCCTTTAAATCTTTTGGTATGATATACTGTAAAATGTTATCATTATCTATGGTATCATCCTTAACGGTACTATATCCTATGGCTTGCATATTGAGTCGTTTGGTTATAACACGTTCAATACCGTCAAACGCTCCACCAGCTATAAATAAGATATGCTCTGTATTAACTTCAATAAATTTTTGATCAGGATGTTTACGACCTCCTTTTGGCGGTACGTTAACTACAGTCCCTTCCAATAATTTTAACAAGGCTTGCTGTAC
CP138982.1_gap39	1575603	1577450	1847	TAATTTATCTAATGTGAATGTCGCTACATTCTCAATGCCTTTTTCCTCGTTAGTGAACTTTCCTGTTACTTCAGAATCTTTAGTGACTTCGGTTTGAGAAATAAGCTTACCATATTGCTTTTGGATGTGCTTAACTTGATTATCAATCATCTTATCATCCGCGACGATATTGTAATGCGTAATGGCTTTTTTTCCTTTTAACTTAACATCGAATTCTGGTGACAAACCTAATTCAAACTCAAAAGAAAAAGCATCTGCATCCCAGTCTAAATCATCTTGTGGTTTTGGTAATGGATTACCAAGAACATCTAGCTTCTCTTCAACGAGATATTTACCCAATGCATCTTGAAGCAATTTGTTCACCTCATCCACCAATACAGCTTTACCATATTGCTTTTTAACCATTCCCATTGGCACATGTCCTTTTCTAAACCCAGGAATGTTAGCAGACTTACGATAATCCGTTAAGATTTTCTCTACTTTATCGCTATAATCCTCTTTAGCGATATCCACTTTTACAACTGCATTTAATGCATCAATGTCTTCTCTTGTAATGTTCATTATTTTTGTAACTAAAAATTGGGCTGCAAAAATACAATATTTTTTACAACCCAACAATTGTTTTAAGTGATTGAATTTAAGTTACTTTTTGTCTTCTTTTAAGAAGGATTGTAGCAACGATTGTAGTATGGATAATAAAACACTAAAAAGAAGTGCTGTCCAAAAACTACTTACGCCAAATCCGTCTATAAGTTTATCTGCCAAAAGTATGATTAATGCATTAATAACTAACAGAAAAAGACCTAATGTAACTATTGTTATTGGTAAGGTAAATATTACCAAAATCGGTTTTACCAATAAATTAAGAATTGATAGTACCACTGCTACTATAATAGCACCAACATAGCCATCTACAGTTACACCGTTTAGGATATGTGCTAAAACAAAAACAGCTAAGGCATTTAGTAAAAGTCTGATTATTAAATTCATAGTCTTATTTTTTTATTAATTTACCATAAAAACGATTGGTATTGAAAAAGGCATAGTTACCGGCTCGCCTCTTTGCGTACCCGGCTCTACGTTTGGTAATTTTTTTATAATTCTTTGAGCCTCGTTTTCTAATTCAGGATGTGGCCCTCTAACTTTAATGTCTTTAACGGTTCCTGATTTATCGATTTTAAACATGACATAAATGCGCTTTTTTCCAGGTGACAACCCTAATTTTTCAATCTTTTTCTTGTCAAAGTTTGAAACAATATGTTCAGCTACTCTCTGGTTTGCACACTTACGTTTCGCCATGTTTCCGAATACGTCTTCGCAACCTGGAAAAATCGGAAATTTTTCTATCACACCATCTGGGACAACAGTAGGTAATATATCTAAATCTTCTTTCTTAGTGTTTATTTTTCTGATTTTTTTGCCTTTCTCGTTATAATTAATCCATGTTTTGGCAAACTCATTATTTTCGTAATAACCCTTCCAAATTAGGTTTCCATTATTATCGTAACGTTTTTCTTCACCATTTTTTCTGTCATTAAGAATAACTCCCTGAATCTTTATCTCACCATTATTATGATAATTTTGATACATCCCGTTTCTATATCCATTTTCATAACTGATACTCCATTCTAAATTCTCATCTTCATCATATAATTTCCATTTACCATAGAGCTGAAAATCTTTATAATTCGCTTCAATTTTCAACTTCCCTTCTTCGGTAAATTGTTTATAGTATCCGCTTTTACAGGCACGTTCATAAAACAAACCACCAGACTCATCATATTCTCTTACTACATGAATATCACCTTCTTTTTCGATTTTTCTTTTTACCGAACCGTCATCAAAAA
CP138982.1_gap40	1622288	1626625	4337	CAAGACCGTGTTTTCTTGAAATTCTCTCAGGTATAAACGTGCAAAACGCACAGATCTAATATCAGTAATACCTCCTATAGCATCGGTAGGTTCATTTATCGGTAATCTAAATTGATACCATGATACTTCCCGTTCGTCTCCGTTAGGCAAGGTTACAGTTCTCAACTTAACATCATTAATTTGTGGATTGTTGATATTAAGATTCGTTGGGTTCATATCAACTTCATATTGAAAATAACTATCAATGGTATTCATTGTGTTATCTCTATTAATATCCTCTACGTCTGGTTGTGTTGTAGAACCTCTGTTGGTATCCGTAAATACATCTGGCGTGTTACCTTCCTGTCCATTATATTGCTTATAACGCTCAAAAATATTTCCATCTGTATTTAAGTAATAGGTATAGTTATCTCTTGCAGGATCTTCACCAAAATTATTGGCCCCATAAATTTCAGTTAACATTTGGCTTTCTTCTACATCATCGTAGCCATCATAACCCACATCTTGATTGGCACGCTCTTGCCCAGTTGTCGCAAATGTGTATATTAAGGATTGACTTTGAGGTACAACATAGGGTGCTTCTGGTTGTAGTGGATCTGGTTGTAAAAATTCGATATTTCCGTCTTCCGGAAGTCCATTTTCAAACTGTTTCTTACCATCTTTTAAGATATCTTCGGAAATATTTCCAAGGTTCACATACAGTTTTCCTCCAGAACTTGTTGGGTTATCCAAAAATGGATCTTGTACCCAAAATTCAATATACTCTACATTGGCTTGTTCAAAATCAGTAGATGTAATCTGTCTTGTAATACCTGCCCAACTTTGGTTAGGGTTCAAAGTATCATCGGTTGCATTAGGATCAAAATTATATGGCCCACGTTCTGTAGGATAGTATGCTAAATCTAAAGTATTTATTACCGATGTTTGCCCTTGTACTATATCTACTTCCGGGAAAATCTCTTCTATAAATACACGTCTGGTATATAGATTAGAGACATCATCATCTGTGATACCACCTGGTCTTTGGTTACTGTAAAAAATAGGGTCAATGGTGTACCAGTTTAAAAATGCTCTACCATAACCATTTTGTATCCCATTGTCGTCATTACCTGGTATGGTTGCTGGTAATTCTTTAGGACGACTCGACAAAAACCAAGATAGAGGGCTTAATAAATCGATAGAACCTTGTGTCCCTTCAAAGTCGTCAATATAAGCTGTGGCTTCACCATTGAAATCCGTTCCGTTTGGTGCACCTGGTAATAAATAAGCAAACTCACCTCTAACAGAAAGGTTAGATGGCACATCCGTATCTATATTTGGAAGCTTATTAACCATTCTGGTTAAAAATGGTACTTCAGTAGAGTAATTACCATTGAAACCAAATATAGTGTTGTTAATGGGTTCAGAATTAAAATTAGCCTTTTGTGTAATTGGTCGTTCGTTAAGGTTTAGAATTGTTGCACCAAGAACAAAGTTTTCGTTAAATTGATGCTCTAAATTAACACCTGTAAAACGTCTGGTTTGCTGTCCGAACACTGCATTATTTTCAACAGAAACGTTAATTGGTGTGTTAGATGCTTTTAAGGCTTCATCTAAAATCTCTACACGTCCTAATTGGTAATTTACTGTATAGTCAATACCTTCTACAAGTAGTCGTCCGCCTGCTGTAACCCTTACCGAGCCTCTTGGCACATTAAATGCACCAATAGGAATACCTCCATCACCACCACTACTTTTAAAGCGTCCTTTGATTTGGAATTTATTCTTCTCAGCTTCGTCTAAAGCTTGTGTTTTTGTGGATTTATAGAGTAAATCGTAAACATACTTTTCTTGATTCTCATTAGCGTAAGTATCTTGCTCGTAGTCCGTATCGTTGTTATTTGGGTTGCCATCATCATCTAACACATCAAATAAATAGCGACCGAAAGGCTCAGCCTTAGTAAAAACAATTTTACCATTTTGTGGTATTACCGTTAAACCTGGCACATAATCAAAGAACCCATCACCACGTTCTTGTGGGTCATTATTAAAATTGAGTCGATCTAAATGAAAAATACGAAGTAAAGGGGTTTCATTGATTTCCGTATCATCTCCCGTAAATGGTGTGTTATTATCAAAAGGAGGAAAGGTTGTGCCTTCAACAGGTCTAATATAATTGACAGGAGACGCTTCTGTATAAAAAATATTCAGTCTAAAATCTTCTGGACTTAACTGAAACGCACCAGTGTCGTAGATATTTTTCATCATTAAATCCCAGATTGGCTGCTCAACAGAAGTCACAGCACTCTTTAGCATTTTTAAAACCAAACTCTGGTTATTAATTATTTGATTGCCATTATTGCCATCGCTTACTTCCGTAGCATCTACACCATCATTGGCAAATTCACCCACCTGAAATACTTCGCCACCACGCGTATACTGAAAGGCAACAGCTAAGACCTCATCATTAAGCAAACGTTGATTTAAAGAGATGTATCCTAACTCTGAGTTCAAAACATAATCTTGACCTTCTCTAAGTTTTCTTGCAGCTTCAAGCTTTCCATAATCAAATCCTTCGTCAACAGGCACTTGAACTCCAGCTTCAACATTTGTTATGTCTCTCACTGATTCTGTTAACAATGAACCAGGACCTCCAATATTCGTTGGGTCAAAATCATTGTTCTCATTATCTGGTAGAGCTCCAGGATTATTTACAAAACCCGCTGGTAAAGGCTCTAACCCAATATTTTCAGCTTCGGATTCACCTAAATCCTGAAAAGCAACCACATTTCTAACATTATCTGTTTGGTTATTCCTATTGGTTACCCAAACCTCTACCCTTGTAATCTGAAGTCCTTGATTGTCAATAAATGGGTATTGCAATAAAGCATTATCGTAATTATCCCTAAAATAATGTGACAAGAAATAGTGTCTGTTCTCATCATAATCTCTTGCGAAAAATTCGAACTCTTCTAATGTCCCTCCTCCTTGAGCAGTCACTGATCTCGATTGAGATTGCTGCTCAGAAAAAACAGCTGTAACTCGTGTTTTACCAAACTGAAGTTCGGTTTTAACACCAAACAGGCTTTGTGCTCCAGTTATCAACGAACTGTTTAAAGGCATATTGACGTTACCGACTTCTATTTTGCGGACAATGTCATCTTCTGTTGGAGTATATTCTAACTTTACTAGTTGTTGAAAGTCAAACGTAGCTTCAGTATCATAATTTGCGGTTACCTGTAAACGTGTACCGACTTTACCTAGTAAACTTATTCCTATTCTCTGGTCAAAATCAAACGTGAAATTAGTTCTATTTCTCGGTGAAAATGCCGGGTTATCTTGTTTTGAGAACAACACACCTAAGTCTACCTCTGCATAACCGCTAGGAACAATATTTATCGTATTACCACCAAAAATAGTTTCAAATAAACCTGAATTAACGTAAAACTCTGGCAATAAATTCTTTTGATCTTCTTCCGATCCTTCTTTTTGACCAGCAGCAGCATCTGCCATTCGCTTATAGTATTCTTTCAATCTTTCTTGAAGTACCAATCTCTGGAATTCCTCTGGTGTAAGAATCAAAGGGTAATTAATATTGAAACTGCCTATTTTCTCAGTATAGATGTATCGGTCTAAAATAGGATCGTAGGTGTATTTGGATTCAATACTACTGGGATTTGGCATCTTAAGTTTCCCTAATGCAAATGTGGTTTTGGTAGAATCTTGTTCAGTGCCCTCTTCTTGGGCGAAGGCTAATGCACTCATTAGCATCATAAGCACTAACGAAAGGCAAAAACGTATTGATTTTAATTGAGTATAGTTAGTTTTATTCAATTGCATTATAAGTTTTTAAGAGCATCTTTAATAATTTGCTCTACTTGGGCGTCTGGTTGGGACTTTAAAATTCTATCAACTACTTTTTCAGACTGTTTTTTATTAAATCCTAAAACGTCTAAAGCAGATAACGCTTCATCTTTATTCGTATTGTTTGGTATTAGAGAAAGTTCATCAATGCCATAGACTTTTAACACTTTGTCCTTTAGGTCAATAATAACACGCTGTGCCGTTTTCGCACCTATACCCTTAACACTCTGTATTAATGCCACATCCTCACCAGCAATACCTTCCTTTACCTGGTCTGGAGTTAGAGATGATAACATAGTACGGGCAGTATTTGCGCCTATGCCACTAACAGAAATCAGTAATTTGAAAATTTCTCGCTCGGTTTTAGACGAAAACCCATAAAGACTATGTGAATCTTCCCTAACCTGTAAATAAGTATATAATCTTAAATGTTCCCTATCTGGAATTTGAGAAAAGGTATGAAGTGATATATTAATAAAATACCCTACACCATT
CP138982.1_gap41	1747034	1750491	3457	ACTTGCTCAAGAATTACGTGACTTTATCATCAATATTGTAGCTACTAAAGAAGGTCATTTGGGTGCGAGTTTGGGAGTTGTTGAATTGACCATTGCTTTGCATTATGTCTTTAAAACACCAGAAGATGTGTTAATTTGGGATGTAGGTCATCAAGCCTATGTGCACAAAATACTCACTGGTAGAAAAGAAATTTTTGATACCAACCGACAACTCAACGGTATTAGTGGATTTCCTAAACGCAGCGAGAGTGCGTATGATGCTTTTGGTGTTGGTCATTCATCAACATCGATTTCTGCAGCTCTAGGTATGGCAATTGCTTCGCAAATTAAAGGCGATGACAAACATCATATCGCTGTTATAGGAGATGCATCAATAGCAAGCGGAATGGCTTTTGAAGGCCTTAACCATGCTGGCGTCACCGATGCTAACCTATTGGTCATTTTAAATGATAATGCCATTGGTATTGATCCAAGTGTTGGAGCTTTAAAACAATATTTAACCAACGTTAAAAAAGGCACCGAAAAACAAGACAATATTTTTGAAGCTTTAAACTTTGATTACTCTGGCCCAATTGATGGACACGATTTACCTCTTCTACTTTCTGAATTAGAGCGTTTAAAATCCGTAAAAGGACCAAAATTTTTGCATGTTATTACTACGAAAGGCAAAGGTTTAAAACAAGCTGAATTAGATCAGGTAAAATACCATGCACCTGGTAAATTCAATGCCAAAACTGGTGAGATTCATCCTAAATCCAACACCAATGAACAGCCACCAAAGTATCAAGATGTGTTTGGTGAAACGATAGTTGAACTTGCTTTAAAAAACAAAAACATCATAGGTATTACACCAGCCATGCCAACTGGGAGTTCATTAAAATATATGATGGATAAAATCCCTGAGCGCGCTTTTGACGTTGGTATTGCAGAGCAGCACGCCGTGACCTTAGCTGCAGGTATGGCCACTCAAGGTATCATTCCGTTTTGTAATATCTATTCAACGTTTTTGCAACGTGCATACGACCAGGTGATTCATGACGTGGCCTTGCAGAAACTTCCTGTTATTTTTTGTTTGGATAGAGCTGGTTTGGTTGGAGAAGATGGAGCGACACATCACGGAGTTTTTGATTTGGCTTATTTAAGCTGCATCCCAAATCTGGTGATTTTTGCACCCAGAGACGCTATTGCTTTAAGAAATATTATGTACACGGCTCAGTTGGGTATCGATTTTCCATTAGCCATAAGATATCCCAGAGGAAGAGGCCACCTTTTGGAGTGGAGAAAACCTTTTGAAACCATAGAAATAGGGAAAGGGGTTTGCCTAAAAAAAGGGAAGAAACTTGCAATACTCTCAATAGGAACAATGGCAAAAGTTGTAGAAGATGCTACAATTGATTTAGATGTGTCACATTACGATATGCAATTTGTTAAACCTCTGGATGAAGACTTATTACATGAAATTTTTGAACATTATGAATCGATAGTAACTATTGAAGATGGTACTATAGTCGGTGGATTTGGCAGTTCAGTTTTGACATTTGCAAACGCTAATAGTTATAAACTACCAATAACTGTATTAGGCGTAGAAGATAAATTTGTTGAGCATGGCTCTGTAACCCAATTATTTGAAATTCAAGAATTGGATATTGAGTCTGTAAAGAAGAAGGTTACGGAGTTACTCTTCTTCCTCAATAACAGCTAAATCTGTTTGCTCTGCACTCTGCTCTACATGAGCAGTCTCTTCTAAAACAGGTTCTTCTTGATTATTAGAAATATCATCTAACATCAATAGGCAAGTCAATACAACCATGAAAATGACCAAGCCTCCAAGTATATTATTTCTCATAAGTAGGTAATTTGGTGAGGGCTGATTATAAAGTAAATAAACACAATATATCGTTAAAAAACAAATTTATTCGATGAAATGCACGCTATAAAATATTGCCCTTCAATTTTTGATGCAATAACATGGCATTTGTGTCAGACAGTTTTGAGACGTACAAACAGATATTTAAAAGATTATCATAAAGGGATTCCTCCCCAAGTTTAACAGTTTCTGGAATAAGGTTTAACAGTAGTTTGTCATAATTAGATAATCTGCCTTCATAATAATTGAAAGCCAACTTACCATAAGCGTTCAATAATTGATTCAGAATTTCATAACCAGCAATTTCCTTGTTGATGACCTCTTTAGAGCGATATACATTTTTTACACTCAGGTCAATTATATCCTTAATCTGAGCTTTATATTGACTAACGTCTAAAAGTGCTGTTTCAAATTCACCATTTAAAATGGCTTCTTCATTTTTCATAAAAATTGACACTGCTTCATCAATCAACGTATTTATGGCCAATGCTCTTAAATAACTTACACGGTCTTCAGTGGTCTGCAACGCATTATAATTCTCGGTTATAATTTTACCTTTTACTAGTTTAATTAAATATTCCAGCGCATAATCCTCTTCAATCAATCCAAGATTAATACCATCTTCAAAATCTATAATTGTGTAACAAATGTCATCAGCCGCTTCAACCAAATAAGCTAATGGATGTCTATTGTAATTGAGGTGATTGTCACTTCTTTTTATAAGACCCAACTCAGAAGCTACGTCTTTAAACATATCCTTATCACTCTGAAAAAAACCATATTTTTTATCTACTATATGATGGCTTGGTTTCTTTGGCAATGATTCTTTTGGGTATTTTATAAACGCTCCCAATGTTGCATAGCTTAATCGCAATCCACCTGCTCGTCCTGCCCTACTTTCGGTTAAGATTTTAAAACCGTTGGCATTACCTTCAAAATCACAAAGATCTTGATATTCTTTATCCGTTAAGCTATCTTTAAATTGAGATCCATCACCATTTTTAAAATAAGATCCAATGGCTTTTTCACCTGAATGACCAAACGGAGGATTACCAATATCATGCGCTAAAGCAGCAGCAGCGACTATAGCACCAAAATCGTTCATTCTGTAACCATGGATATTTTGAAGATGTGGATGCTTTTCCAATAGAAGTTTACCCACTCTACGTCCAAGGGATCTTCCTACAACACTTACTTCTAAGCTATGGGTTAATCTTGTATGTACAAAATCTGTCTTAGATAATGGAACAACCTGTGTTTTATCCTGTAGACCTCTAAATTCAGATGAAAATATAATACGGTCATAATCCACCTCAAAGCCCAAGCGTGTCTCATCTTGTTCTTTTCTCAGTCTTTTATTTGTGTCACCAAAACGTTTTAAGGATAGTAATTGCTCCCAGTTCATAAGCTCAAAATTAAAATATGCAAGATAGATAAATTGCCAGAGAATTGATTAACCCGTTATGCATTTCGGGCATTTTCATCAATCTATGCCCTGACCCTTAAGGGAATATTGATGAAATATTTGGTTCATCCTTTAGGATCGAGGCAAAAATCAAAAAATTCAGTTCATTTTATGTCTATTTACAC
CP138982.1_gap42	1756541	1757796	1255	CGATTTTAAGGTCACGTTATCGCTTTGCTTTAGATTTTCCTTTAAATGGTGAAAAGTTAGATGTAGGCGAAAGTTATTTAGTAAGTGCAATGGAAGCCTTGCTAAGTAAAAGTCAAAAAATGAAACCTGAATTGGACCACAGAACTACTGCACAAATTGGCTGGCTTTTTTCTGAAAAATTAAAATTTCAGTTTGGACTTGAATATAGGTTTGAAGCCTTCAATATTCAAACGAAAGAAAAGCTTTTTATACTTACATCCCTTATTCTAAAAATATAGGATAAATAATAGCTAATCATATTTTATCCTTGATTGCAGGCACCTCCTCAAAAATAACGTTTAGATAACGTAACTTTAAAAATATTTAAAGTAATTTGCGTTCAATTTTAGCTAACCTAATACATGGAAAATCTTTATGTCTATATGCTAGCTGCATTGGCTTTTTTAGCTGTAGCAGATCTAGTAGTTGGAGTAAGTAACGATGCCGTTAATTTCTTAAATTCTGCTATAGGCTCTAAAGCCGTTTCTTTTAAAACCATAATGATTGTTGCAAGTATAGGTGTTGCTGTTGGTGCAATGACCTCTAGTGGCATGATGGAGGTTGCCAGAAAAGGCATATTTAATCCTGGTGAATTTATGTTCGATGAAATTATGGTCATTTTTATGGCCGTAATGCTTACTGATATCTTGTTGTTAGATTTTTTCAATACGTTAGGTTTACCAACATCCACAACGGTTTCTATAGTATTTGAATTACTAGGAGCTTCCGTGGCAGTGGCACTGATTAAGATTTATGCCGACGATAGCCAATCAATAATAGATTTGGCCAACTATATTAATAATGAAAAGGCGATTGAGATTATACTTGGCATACTCTTATCGGTTGTGGTAGCCTTCACAGTTGGTGCTATAGTGCAATACGTATCACGTCTTTTGCTATCATTTAAGTTTGAAGAAAAGCCAATATGGTATAGTGCTATTTTCAGTGGTTTTGCTATTACCTCAATAATGTATTTTATCATTGTAAAAGGCCTTAAGAATGCTGCTTTTATGCCTTCTTCCGTTAAAGAATTTTTGAGCACCAACCCATTAACTTTTATTGCAGTTAGCTTTATTACCTTTACTCTATTATCTTATTTAGCAATAAAGGTCTTCAATGCCAAAATTTACACATTAATCATTATTGTAGGTACTTTTGCATTAGCTGTGGCTTTTGCTGGTAATGATTTGGTTAATTTTATTGGAGTACCAATTGC
CP138982.1_gap43	1767105	1771933	4828	CGCATACACCAGATTGTTTGTTCTTGGATGTACAGATGCCAACCATTGGTGGTTTTCAGTTTTTAGAACAGTTAGAACAAATAAATTTTGCGGTTGTAATTACAACGGCTTATGATGAATATGCAATAAAAGCACTAAAGCACGAAGCTATTGATTACCTCTTAAAACCTATAGATTCTGACGATTTAAGAGAAACCATAGATAAAATAAAAAAGCATAGTGATCGGTTTTTGAATGCAACCAAGTTAGAAAACATGCTTTCTAATTTTAATTCGAAATTCGATAAAAAACGTATTACGATAAATACAGATGGTAAGCTTTTATTTTTAGATGTTGATGATATTATCTATGTAGAATCTGACGGTAATTATAGTACGCTTTTTCTACAAGATCAAAAAAAGATAGTAGTCACTAAAAAGCTAAAAGAAGTAGATGCCATTTTACCTGAGCACTATTTTTTTAGAATTCATAATTCATTCATCATTAACCTAAATAAGATAAAAGCCTTTATAAAAAATGAAGGCTACGTGATTATGGATAGCAACCATAAAATCCCTGTTGCTAGGCAGCGTAAATCTGATTTCCTTGAAAAACTTTAATAGAATAGCTTAATATCTTTGAAAAATAACATTACATATAAAATTTTATTTTTTGTCGCAGTATTTGCGATGGGTTCTTTAATAAGCAATGCCCAAGATTTAGATTTTGAAGCTGCGCTAGATCACCTTAGTAAAACAAAACCTGCAACTTACACTGGCATTGATTCTATATTAAAACCTTTTGAAAGGGATAGTATAAAAATGAAGCGTGTTTTAGAAACTGCTAAGCTAAACGCCTATCATGAAGGTGCCAGCTATGCACTCAATGCACTTGGAGTAATCAACAGAAATATTTCTAACTATGATAAAGCCATCGAGCTTCACGAACAGGGAGAATCTTTTGCAGATAAAGCAAAAAACAATGAATTACGCATTGTAAACCTTAACATGATAGGTGTCGCTTACAGACGTATGGATATTATTAAACCTGCACTAGATTATCACACCGAAGCTTTAAAAATTGCTTACGAAGTAAAAGACCCATCACCAACCGTAAACTATAATATCGCCGTTTCACAAAATAGTATTGGAAACATTTATTTGGCGTTGCAGCAGTACGACATAGCCATAATGCAGTTTAAAAAATCACTTGAAATTGAGGAAAAAGCCAATAATAAATTAGGCTTGGCGATTAACTATCACAATATTGGTTACGCAGAAGAGGCTAAAGGGAATTTAGACATTGCATTAGCTAACTACGAAAAATCCTTGTATTACAACAAAGCTATTAATTCTGAAGTTGGTCGTATGATATGTTTTAATAGTATTGGAGGTATTTATCTTAAGAAAGAAAATTATGAAAAGGCAGAACCTATTATCAAGGATGCTCTAAAAAAATCATTGGCACTAAAGGATCAGTTCTATATTGCATCCTCTTATATTAATCTCGGCCAGCTAGAAATTGCCCTTAATCAAATTTCCCAGGCAGAAAACACCTTAAAAAAAGGCCTTGAAGTCGCTAGTACTTACAATTTAAAATCGTCTATTGCATCCTCTAGTAAATTACTTTCTGAAGTCAATAAGTTAAAAGGGAATTATAAAACTGCTTTAGAGTATTATCAAAATGCGGTAGATATTGAAAACACTATTCTTACAGAAAAAAACCTTCAATATGTTAATGATATCGTTATTGAATATGAGAACCAAAACAAGAACAATCAAATTAAAGCCTTAGCATCAGAAAAAGAAGCTATGAGGCTACGTCTGGAGCGCAACAAAAGTATTTTTTGGTATTCTATGTTAGCTTTAGCCATTTTTGGAATTGCCTTATTCATCATTAACAGAAATAGAAGTTTGGAGCAAGACAAACAAATCCTAACCTTAGAACAAGATATGTTGAGAAGCCAAATGAATCCTCACTTTATCTTTAATTCCCTGAACTCCATAAAACTCTATATCATTAATAATGAAAAGGAAAATGCGGTGTATTACCTCAATAAGTTTTCCAAATTAATTCGTAAAATCTTAATCGCTTCAAAAGAAAAAGAAACGACGTTGCATGACGAATTAGAAACCATGAAGCTTTACATGAATATAGAAAACATAAGGTTTGACAATGAGATAGATTTTAACATAAACGTTGATGAATCCATAAATACTGAAGTCACTAAGGTGCCATCGTTAATCCTTCAACCTTTTTTAGAAAATGCGCTATGGCATGGCTTATCGTCTAAACATGATAACAAAAAAATAGATTTGAACGTGTTTAAGAATTCTTCAGACTATATCACTGTTGAAATCATTGATAATGGGATTGGCAGAATCGCTTCAAAAAGAATTAAGGACAATAAAAAACTAAAACGAAAATCAGTGGGTATAGATATTACAAAAGCACGCTTGGCCAATTTCTCCAAAGCCTTTCAAAATTCTTATACTCTAGATATTGATGACCTGTACGAAAGTAACACACCTTCAGGTACTCGAGTGACGCTAAATATCCCTGTGTAAAAATTACTTCCCAAAGTTTTTCTCAGCAACCTTCTCCAGTTCAGCATACCAATCTTCACCAAACTTTCTAATTAGCGCTTCTTTTACAAACTTATAAACAGGCACTTGAAGTTCTTTTCCCAATGAACAGGCATCATCGCAAATTTCCCATTTTTCGTAGTTAACTCCAGAGAATTCAGAGTAGTCTTTTACACGTATAGGATATAAATGGCAAGACACAGGTTTTTTCCAATCAACCTCGCCTTGATTATATGCTTCTTCAATAGCGCAAAGGGCCGTATTTTTTTCATCAAAAATCACATAAGCACATTCTGCTCCATTAATCAATGGTGTTTCCAGCTCTCCATAATCTGTTTTTACGGAAGTGCCCTGAGCCTCTATGACTTCTATGCCTTCTTTTCTAAGGAATGGTTTTACTTTTGGATAAATGTCTTCTAAGATTTTGACTTCTGCTTCCTCAAGAGGTGCACCTGCATCTCCATCAACACAACAAGCACCTTTGCAAGCAGAAAGGTTGCAGACAAAGTCCTTCTGTATTATATCTTCTGAAACGATTGTTTTTCCTAGCTGAAACATGCCGCAAAAATAGTTAAAGTTTACTATAATTTAATATTGAAAATCAGTAATTAAGTCGCACCTTTGCGGCGAATTTTAGAATTAAATGTCATGGAGTTAAATTTTAAAGAGATTTTTACAGCGTTTATGGTACTTTTCGCGGTAATTGATATTATCGGAAACGTTCCAATTATCATCGATTTACGTAAAAAAGTTGGTCATATTCAGAGTGAAAAGGCGTCACTTATCGCTGGTGTGATAATGATTATTTTTCTGTTTGTTGGAAAGAGTTTACTCAACCTCATTGGTATTGATGTTAATTCTTTTGCCGTAGCTGGTGCCTTTGTTATCTTTTTTATAGCCCTAGAAATGGTTTTGGGCATTACATTATACAAAGACGAAGAGCATAATGCATTGACAGCTTCGGTTTTTCCTTTGGCATTTCCTTTAATCGCTGGCCCAGGAAGTCTAACAACCTTACTATCCTTACGTGCAGAATTTGCAATTGAAAATATTATTGTTGCCGTAATTTGCAACGTCATTTTTATATATATTGTATTGAAAACGTCGGCAAAAATTGAAAGAATATTAGGTGCAAACGGTATTAAGATTATAAGAAAAGTTTTTGGTGTAATTTTGTTGGCAATAGCAGTGAAACTTTTTGCTGCAAATATTAAAGCATTATTGGTTTAAAAACTAAACTATGAAAGTATTTACTTGGATAATAACCATTCTTGCATTAGGCCTAATGATTTTTAATGCTACAAAACTAGATTTTGAGGCACCTTTTGAAGGAGAAAGCTACACAGCTGTTCTTACTATTATAGCTTCATTATGTGCTGTAATTTTACTTCAAATTCTTAGAATTTCTAAGAAAATTGAAACCCTAAGTAAGAAACATAAATGAATTTTGATGTTTTAATCATAGGAGGTGGAGCAGCGGGTTTGTCTTGCGCATTGGTTTTAGGTTCGGCAAAAGAAAAGGCCTTTGCTAAAGATAAGTCTATTGGTATAATAGCCCATCAAAAAGCGTCGCACTTACAAAATGCGCTTTTCAAGAATGTGTTAGGATTACAACCTGGCACTTTGGGTAAGGATATCTTAGAAAGCGGAAAGGAACAGCTCAAAGAGCTATATCCTCATATATCCCAAATTGAAAAGGAGAAAGTAACGCAAATAGAGAAACTTTCAGGTGGATTTAAAGTCATTACCAATAAAGGCATTTATCATTCAAAAATTGTTGTTGTTGCGGTTGGTTATACAAATCTTATGACCATAAAAGGCCTTGAAGATTATGTTGAACCTCATCCTAGAACAAAACCTGAAAAAAATAGAATCTGGTTAAAAAACACTGATCATTTAATTGAAGAAAACCTTTATGTTGCTGGTACCTTGGCTGGTTGGAGAAGTCAATTTTCAATGGCTTGTGGAAGCGGATCACATGTTGCTACAGATATTCTAACACTTTGGAATGATGGGCAGCACACTAAAGTGCATGATAAGATTACTGTTTAAAATTTGGGTATTCTGTACTTAAGAGTATCACCTCCTGTACCATTACATCTTCTTTATTAAGGATTTCTTCAAAAGCATTGTCATCATACAATTGCCTTGCTAAAGTAGCTTTAATCAATCGTCTGATTTCGTCGTTATAAGCAACAAAGGTTAAATTTGTGCCTTCTCTTCGGTTAACAAATTCCTGAAAGCGAACAACAATATCATCACTC
CP138982.1_gap44	1853809	1858488	4679	CCTCTGCTATATTGGTGTTCTTGCTCTTTGGTTTAAACTCTAATAGCTCTCTAATGATTCTCAATACATGTGAACGACCTTTTTTAGGCGGAATGTAAAGCTCAATCTCATCTGAAAATAAAATCAGACCAATCTTATCATTATTCTGAGTAGCCGAAAACGCCAATGTTGCAGCAATTTCGGTTACAATTTCATCTTTAAATTGATTTTGTGTCCCAAAAAACTTACTACCCGAAACATCTGCCATGAGCATCATGGTAAGTTCTCGCTCTTCTTCAAAAACCTTAATGTAAGGTTCATTGTAACGTGCTGTCACGTTCCAATCAATATTTCTTACATCGTCACCATACTGATACTGACGGACTTCAGAAAAAGTCATACCACGACCTTTGAAAGTCGAGTGGTATTCGCCTCCAAATATATGATCAGACAAACGACGTGTCTTGATCTCTATTTTTCGTACTTTTTTTAGAAGTTCTTTGGTATCCATTTATATTCGCTTTCGCTTATTAAGTATTAAGTAGTGAGTACAAAGTAGCAAGATTAGGTTGGCTTGTTACTTATTCCTTTGTACTTTTTACCGATGCGCAGCATATACCTATGGCACTTCAATTTCGTTTACAATCTTGTTGATGATGTCTTCTGAAGTCACATTTTCTGCTTCCGCTTCGTAAGTGATGCCTATTCTATGACGTAGAACATCATGCACAACTGCACGAACATCCTCAGGAATAACATAGCCTCTTCGCTTTATGAACGCATAGCATTTTGCAGCAGTCGCCAAATTGATACTACCACGAGGTGATGCACCAAATGATATCAATGGCTTTAAACTTGGAAGTTTATACTTTTCAGGATAACGTGTGGCGAAAACAATATCTAGAATATATTTTTCAATTTTTTCATCCATGTAAACTTCTCTAACCGCCTCTTGTGCACTTAAAATCTGAGCCGTAGAAACCACTGGGTTTACTTTTTCATAAGCCCCTTTTAGATTGGCTCTTACGATAAGTTGCTCCTCATCTAGTTTTGGATAATCAATTACAGTCTTTAGCATAAAACGATCTACCTGTGCTTCTGGTAATGGATAAGTTCCTTCTTGTTCAACAGGGTTTTGGGTAGCCATTACCAAGAATGGTTTGTCCAATATAAATGTTTCGTCACCAATAGTCACCTGTTTTTCTTGCATCGCCTCTAACAATGCGGATTGTACTTTAGCTGGCGCTCTGTTGATCTCATCCGCTAAAACGAAGTTGGCGAAGATTGGCCCTTTTTTAATTGAAAAATCGTTCTCTTTTATATTGTAGATTAAGGTACCAACAACATCTGCCGGTAATAAATCTGGTGTGAACTGAATTCTACTAAAACTGGCGTCAATAGCTTTAGACAGCGTATTAATGGCTAAGGTTTTTGCCAAGCCAGGAACACCTTCCAATAAAATATGACCTTGCCCAAGCAAGCCAATGAGCAAACGCTCAACCATATGTTTTTGTCCAACAATGACCTTATTCATTTCTAAGGTAAGTAGGTCAACAAAGGCACTTTCTTTTTCTATCTTTTCATTAATTGATTTAATATCAATTGTACTCGCTTCTTCCATTTTTTTAAGGGTTTAAAAACGAAACTATTATAATAATTTTTTCGAGGTTGCAAAATGTTAAAATTTTTCGGGAGTTGCTGTTAACAATTGGTTAAAAAAAAAAGCGCATAGTTCTAATGAACTTGCGCTTTTCTATAAATTCTTAAATAATGCTACTCTAGCGTGATTGTGCCCAAATTTGTGGTTTCACCAATAACTATCTCAACATCTTCAATTATTACTGCATTTAACATGGAATCATTATCTGGAGTAATTGTTACTGTATAAACTCCTGGTGACAATCCTAAAATTTGAAAATTCCCTGAATCATCTGTAAGTGTTGATGCGGTTTCAATTCCGTTTGTTGCTTCTACAGCAACTACCACATCCGCAGGTAATACAGTACCTGACAAACTACCTGAGTTGACTTCTAAACTTGCTCTTAAGACAGGCTTTAAATTAATATTCCCTGAATTACCAGCCATCACTATGGATTCGTCAGCATCAAAATCTAATATAAAATCATAGTTAAGACCAGCAACAATCTCTTGATTGACCATTATTTTTAAGCCTGATTGTTGTGCGCTTGGTGTATTTAAAGGACGTGGTTCTGTTTCGCCTTCTAAGACAACAGAATTATCATCTCCCAAAACTAATCTTATCTGTTTAAGAAGACCAGCTTCAATTTCTTCATTATCTACAAGTTCTAAACTTACACCACCAGTCAATTCCAATAAGTCGTATACACCAGGATTAATAATTCCTATTGATTGCCATCCATTTTCGTCATCATCACTTTCACCATCATATTTCACCATAACATCTACAACCTCTACAAATACATGCTCATAATCACCAGGCTCATCCACTAATTTTACGGATAGTCTTGCAGTACCATCATTACTTGATTCGTCAGAATTATTACAGGAAAAGGTAAATATTGCTATAAGTAGAAGCAATGTTTGTTTTAAATATTTCATGATTTTTTAGATTTTAAGGTTACATCTAAATATACGCACCTAATGTGTATTTAGACGTCTTAATCTAATAGTTTCTGGTCAGAATAGTATTAAGCTTTAATTAAAAAACAAAGAGCAACACCCTAGTATTGCCCTTTTATCTTCATTAATTACGGATTAGGATAATTAATATTCAAATTGTCGTATTGCAGTATATAATTTTGGATTTAAAACCATCATGTTTTCTTCTTCATTGAAACTTATGGATTCGTCAATATTAAAATCAATGACAAACTCGTAGCTTCTGTTGGAAACCAATTCTGATTTTACCAAATTTGAAGGTGTTGCATTACCTAAGTTCTCCACTTCCAAACTTATCAATAAGCCATTGACATCCATAAAATTGTTATCGCCTAACACCAACCTTATTTCATGTATAAAGGTGGGTTCAATTTCTATATGGTCTACCAGTAATAAAGCGGAATCCTCATTTAAATCACATGCATTATAAGTTCCTTGATTAATGGCATTAAGACTCATCCATGCATTGGGTTCATTATCGTCTTCTTTTACTTTAAACTGAACATCTTCAATATCTATAAAAACCTTATCGTGTTCTTGCGATGTGCTTTTTAACTTTACCGTAATACTGGTGACCTCAGCATTAACATCGTCTTTTGTACAACTGGTAAAACAGATTAAAAGAAAAAAGGAAAAAAATATCCGGTTAATAGCTTGTAAATGTTTCATGATTTGAGGAATGGAATAATTACATAACAAGAATACCGTAATCTTATGGTTTTGAGTATTTTTATACACCAATTGCAAAAAAACCATTATAAACCGAAAAAAAAGTGACATATTCTCGATTAATTGCAGGTACTATGACCTGGGGGAGCTGGGGAAAACAGCTCTCAAAAAAAGAAATGACTGCTTTAATGCACCATTGCGTTTCCAACAACATTACTACTTTTGACCATGCTGATATTTATGGTGCTTATACCACAGAAGCCGAATTTGGAAAGGCTTTTAAAGATTCTGGAATTAAACGTGAAGACGTTCAACTGATTTCAAAATGTGGTATTCAATACCTCAGCGATAATAGAGATAACAAGGTTAAACATTACGATTACAGCAAGGAATATATCATTTGGTCCGTTGAGGAATCCTTAAAGAATTTAAACACTGAGTATTTGGATTTATTACTGTTACACAGGCCAAGTCCACTAATGGTTGCTGAAGACATTGCCGAAGCGATTACCATGTTAAAAAAAGATGGAAAAATTAGAGACTTTGGAGTATCTAATTTTACTCCAGCACAAATGGATATGATTGGTCTGCGAATGGATATTGATGTTAATCAGATTGAATTTTCATTGACTGAGCATTCCGCCATGCATAACGGTACTTTAGATTATATGACAACTTGTGGTATAAAACCTATGGCTTGGTCACCATTGGGCTCAGTTTTTAGAGAAGACAATGAACAGACCAGACGCATTCATAAACAGCTTGGCGAATTGATGGATAAGTATAGTGCAACAGAAGACCAGTTACTGTTGGCATGGATAATGAAACATCCTGCTGGTATTCATCCTGTGGTTGGGACCACAAATAAAAAGCGATTAACACAAGCTGTAGAAGCCTCAAAAATTGAACTTGAATTAGAGGATTGGTTTTTGATTTTGGTGGCTAGTCAAGGGCATAAGGTGCCATAAGCCCCTTTGTCTTATGGACATTTCCCCAGAGGGGAAAAGTTGGCAGTGTTCTGTTGCAGTCTAGTTTTGGCATCATCGAAAAAATAAGAACTACAAAACCATGAATAGAACTGAGCTAAAGCCCAAGTGGGTTGATTTAGTTTCAAATTATACCGATAAAAAAGCAATTGTTGCTTCGCTTTGGAAAGATATTGTAGATCATTATTCCAATACAAGTAGATATTACCACAATCTCGCCCACATTCAAAATATGCTGAATCAAGCAGAAGACTTTAAAAGCCATGTAGAGGATTATGATGTTTTAGTTTTCGCCATCTGGTATCATGACATTATTTACAAATCCACTAAAAATGATAACGAAGTAAAAAGTGCACTTTTCGCCAAAAAAGCTTTAAAATCGTTGGATTTTGATGAAAAAAAGCT
CP138982.1_gap45	1861173	1864234	3061	TAAATATCGTTATTGTGTGGAATAATAGTATTTAGTCCGTCGTTACCACCAGCAAGCTGAACTATAACCAATCGTTTGTAACCCAATTGTGCGGCAGCTACAGACTCAAAGGCCTTTACAAAACTTGGCACAAAGAACAAGCTGCTCGCCAATGCTGAATCTTTTATAAATTTTCTTCTATCCATAACTAACACATTTGGTATTCTGGTAATGACATTAACTGAATACAGTAATCTTGTTTCGATTTTTTGCTTAGCGATTCTAGATAATCAGCCGTGCCTTTATTTAAGTTGCCTTGAATGATATATTCATGAAGGTTTTCTGTTTCAATAGAGTTGAAATTGTCCAAGAAAGCTTCCCAGTTTGGCAAAGTCTTAAAAGGCAATTTATCTTTGCTTCGCTTAAAGTATTTCTCTCTAAAACTGTCATTGAAATCACCATGCTCTTTTAGTGAAATAACAGCATTGTTAAACAACAACGATGCTAGTTTTAACCTAACCATAATAGTATTAGCATCTATCCATGCCTTATCGCCTTTCCATCCTGCTACGTTTGGCGGATCCAATAAGGTTTGCCCGAGAAGTTTTTGAATTTTTATAAGATCTTTTTTATTCTCAAATTCAACAGGAATGGTATTTGCCATACCTACCAAAAACTCAATTGGTGATTTTATTTTCGCTCCTATATTTACTTCATCATAAAACCAGTCTGACATAAATACGAAGCGTATTAGGTTTTCGATATTATAATCCTTAAAAAACACATCTGCCATAGCTTCAATATGGTTTTTATTGGGTACTGGATTTACAAAATAGCGATAGATTTTATCTGAGATGAATAGTGCACATTGTTTGTTTTCCAATATAATATCGATTATATCGTCACCATCAAACTTACCTATATGTCCTAAAAATGTCTTGGATTCATTGTCGTGCTGAAATTCTCTAAGTCTAAAACTCCCATCAAAATCATGGTTATAACCTGTAAACGCCCTTGCACTCTCTTTAATATCTTTTTCGGAATACTGTCCTTCGCCTAGAGTAAACAATTCCATCAACTCACGTGCAAAATTTTCATTGGGTTTATGCTTTCTGTTTTGTTTTCCGTTTAAATACCTCAGCATGGCAGCTTCTTTAGAAATCGCTTTTACAAAGGCTCTAAAATCACCCAAGGCATAATATCTCATCGTATTATTGTATTGCTGTGCATATTTAGGATTTCGATCTCTACACACAAAGTGATTGGCCCAAAACAAAGTCATGCGTTCTCTTAGTACCTCTTTTGGTTGTATTAACTGTTCAATCCATTTATAATTAAGTTCTAGTATAGACTTGATGTTTTTTTCATTGATTTCTTTGGCTAAGGATGGATATTTTTTAAAATCCATAGGATTGATCCCATCGAGATAAGACAGGTCTATATGTGTGGGAGAAATGGCCTCAGAATTTACAAAAAGTGCATCCACAACATCCTTTCTGCTCTTAGAATTCGCAGTATACACTTTTGGTAGCATCCCGAAACCTGCACGCCAGTATAGATGCTGAAGTTCTTTTTGATTCATGTGAATTAGACTAAGTAAGGGCTTTATGGTTTAATTGTAACAATTATTATGCCCAAAAAAAAGACCCTTTCATTATGAAACGGTCTTAAATCACTTTTATTAAACCAATGCCCTACAAATCAAACTTAATGCCTTGCGCTAATGGCAACTCATCTGAATAGTTTACAGTATTTGTCTGTCTTCTCATATATACTTTCCAAGCATCAGATCCAGACTCACGTCCTCCACCTGTTTCTTTCTCACCACCAAAAGCTCCTCCAATTTCAGCACCTGAAGTTCCTATGTTTACGTTTGCAATTCCACAATCAGAACCAGCGTAAGACAAGAATTTTTCTGCTTCTTTCATTTCATTGGTCATAATGGCTGAAGATAAACCTTGAGCCACACCATTTTGTTTTGCAATGGCATTTTCAACCTCTCCAGAATATTTCATTAAGTATAAAACTGGCGCAAATGTTTCGTGCTGTACAATTTCAAAATCATTTTCAGCTTCAATAATTGCTGGTTTTACGTAGCAACCACTTTCATAACCTTCACCTTCTAATACACCACCTTCAACCAATACGTTTCCGCCTTCAGCTTTTGCTTTTTCGATCGCAGCTAAATACGTATCAACGGCATCTTTATCGATTAAAGGACCTATATGGTTCTTTTCATCTAAAGGATTTCCAATTGTTAATTGCTTATATGCACCAACGATGGCATCTTTAACTTTATCGTAAACGGATTCGTGGATAATTAATCTTCTGGTTGATGTACAACGTTGTCCACAAGTACCAACAGCACCAAAAACAGCACCAGGAACCACCACTTTTAAATCTGCAGTTGGTGTAATGATGATGGCGTTATTTCCTCCTAATTCCAACAACGATTTTCCAAAGCGTTCAGCAACAGTCTTACCAACAATGCGTCCCATTCTAGTAGACCCAGTAGCAGACACTAAAGGAATTCTAGAATCCGTGGTCATAAATTCACCTACTTTATAATCGCCATTAATAATACAAGAAATACCTTCTGGCATATTGTTGTCTTTTAAAACTTCAGCAATAATATTTTGACAAGCTACTGCACATAATGGTGTTTTTTCAGAAGCTTTCCACACACAAACATCACCACAAACCCATGCTAATGCTGTATTCCATGCCCAAACAGCGACAGGAAAATTAAATGCCGATATAATACCAACAACACCAAGTGGGTGCCATTGCTCTCTCATAACGTGTCCTGGACGTTCAGACGGAATCGTTTGTCCGTTCAATTGTCTTGATAACCCAACAGCAAAATCACAGATATCTATCATTTCCTGAACTTCACCATAACCTTCTTGCAAAGATTTTCCCATTTCATAAGACACTAACTTGCCTAATGGTTCTTTCAACGCTCTTAATTTGTTTCCAAACTGACGTACAATTTCACCACGTTGTGGCGCAGGAATATCTCTCCAAGTTAGAAATGCTTTAGTAGCAACATCCATCACCTTGTCATAGTCTTCTCTAGTTG
CP138982.1_gap46	1867553	1871198	3645	CAAAATATATCAAAGCCAAGCCTTTGAAAATTACGTTTTACTAAGATTACACAGACTACGTTATACCAAAAAAGAATACCAAATTCTTATAGACCAATGCGACGAAATTATCTCGTTAATCCAATCTGAATTGAAAAAGCAATGATTAAATTTTTTAGACATATTAGATACAATCTCATGGAAACAGGTAAAACAGGCAAGTACTTCAAATACGCTATAGGAGAAATTCTACTAGTAGTAATAGGAATTCTAATTGCGCTACAGATTAATAATTGGAATGAAAGCCGAAAATTAAATAACAAAACCCATGGCTATATAGAAAGTCTTCAGTCTGATTTAATTAGAGATACAACAAATATAGATAAGCATATAGCAGTAGGTAAATCTCAACTACTGGAAATTGAGAAATTTAAATCGTTTTCAACTCAAAGTACTGTTTCTATTCAACAAAAGCTTGACAGTTCACTAAATCTCAACACACCCTTTTATCGTTACTTTCCCATCAATCAAATATTTTTGGACATGCAATCTTCTGGTAATTCAGCATTGCTAACCGAAGAACAACGACGCGCTTTAATTGATATTGGGTATTTACAAAATAGATTGGTAATAGCCAATGATAAGATTATAGAAATAGCCATTGGAGAACTTAGTGCACGAAATAAATATATTACAGAAAATAATGATTTTTATAAGTCCCATGGTATAGAACCAGATAAAAACACCCTCATTAAAGCACTATTACATCAGCACAATCGTCTGCAAGAAATGGAAGAACTTGCCTATGTCATGGAGCGCTTTGGAACAATGATAATAAATAAATCAAAAGAAGCCCTGTTATTACTAGAACAATTATAATTAAGAATGAAAAGCTTTTTAAGAAAAATAAGATATGACCTTATGGGTACAAAAATAACAGGTAAATACTTAAAATACGCAATTGGCGAAATCATTCTTGTGGTCATTGGGATTCTTATTGCTCTACAGATTAATAATTGGAATGAAAACAGAAAGTTAAATTTAAAATTAACAAAAAGCCTCAAAGAAATAAGACGCAATCTTGTGGGTGATAGTATCCCTATTTTTTATGTATTAAAAACACAGCGAAAAGACGTAAAAATGCAAAGAGAGCTTATAGCAAAGTTAGAATCCAAGGAACTTTTAGACAGCAGTTTTAATGAACATTTTGGTAGAGTTTTGATTATGCGCCGAATCCTACTGGTTGATAATGGCTATAATACTCTTAAAAAATTAGGAATGGAGCAGCTCAAAGATGATGCCTTTGAAAAACAAATCGTTAGATACTATAATATTTTGTTGGGTAATCTCAATTCAGCTACCCTAGACGACGAAACAGAATTTTTAACTGACTGGCGACCCTATTTGATAAATAATTTCAAGGACTGGAAATTTGGTGAGTATGGCATACCTAATGATTACCAAAACCTCAGTGATGATTCACGACTTTTAATGATGCTGAAAATGAACCTTGGCAATAGGGAATCTACGCTACAAAGTTTTGAAATTATTCAAAAAGATAACACAAAACTTATAAACGCAATTGATAATTATTTAAAGGAATGATAAAGTTCTTTAGACAAATAAGATATAAATTAATGGAAAAAGGAAAAACTGGTCGCTACCTCAAATACGCCATTGGTGAAATTGTCCTGGTGGTTATTGGAATTCTTATTGCCCTTCAAATCAATAACTGGAACGAAGAACAAAAACAAAAACGACTAGAGATTGCTACACTAAAAGAAATAAAAAGCAATCTGGAAAAAAATATTTTGTGGCTAGAAGAAAATGCAGACTATTGTTTGAGCTTGAATGAAGCAATCACTCAAATTCTGAGTTTCTGTGAAAACCAAACACCATATAGACCTGAAATGGATAGTTTATTTTCATTGTTTCATGTCTATAGCAATATTAGCTTTGAGCGTACCGCATATGAAAATTTAAAAGTTGTGGATGCAAATCTCATTTCTAATGATAGTTTAAAAAATGCTATCAGCAATATCTTTGAGATTGAATTAAAACATTTCGATCCATATATTCAAGCGAGAAACGATCGATATAACGCTAATGTAGTATTACCACTTCAAAATAAATATTTCTCACGTCATTGGAAGGCCAAAAATCTTAACTCAGGTTTACATCCTATAAATTATGAATCCATGATTAAGGATGTTGAATTTTTTAATATGTGCACAGAATTGGCTTACAGAAGAAAGCAAACAGCAATAAATTCTAGAAATAGTGCCCAACGTTTAAAGCAAGTGGTTCATAAAATCAATGAAGAAATACGTCTAAATAAATGATTAAATTCTTCCGAAAAATACGTTATCGAAACAAAATTTTGCTTTTGCAAAATCAAAGGTCTTGTAGACCTTTGGTGAAGATAGCCGCTTGCGGAAAAAACAGAAACAAGAAATATGATAAAGTTCTTCAGACGAATTAGATACCAGCTCATGAGTAAAAACAAAACTGGACGTTACTTCAAATACGCCATTGGCGAGATTATCCTTGTAGTCATCGGCATTCTTATTGCATTACAGGTGAACAATTGGAATACCAATAGAGTCGATAATAGTAATGAAGAAAAAATTCTATTAGAGCTTAAAAAAGGATTGCAATTAGATAAAGAGAAAATGGAAGTACAGCTAGTTAAATGCAAACAAGCAGTTCGCCAAATGAAAAAGTTGCAACAGTTGCTTCAAGATAAAACCTATCCTTACTCAAAATCTCTAGACAGTCTTTTTGGAGAGGTTTATGGAATTCGTAAAGTATTTTTAAATAGAGCATTCTACGAAGACCTTAAAGCCACCAGCCTAAGGATTATAAAAAACGATGATATACGTCTGCAAATCGTTCAACTTTTTGAAGAAAACTATGTAGAAATGCGCGATGTATTTTCCGTGGCCGAGCCATCAATAAATGAGGTGACACGCCCTTATTATCTGCAAAATTTCAACAACATCAAACTATGGACCTCAGCCACACCCAATAACTTTGAGTCAGTATGGAAAGATACCTATTATGAGAATATTGTGGCCTATCGCATTCTGAGCCTTGAAGTCAATCAATTAGATGTCTATAGCAAAACCATACCAGTAATTCAAAAATTAGTGGACGATATTAATTCATACTTAGAATAGTATATTTAGATATGATTAAGCTCTTCCGAAAAATAAGATACAACCTCATGGAAACTGGAAAAACATCTCGCTACCTAAAATACGCTATAGGCGAAATCATCCTCGTGGTAATTGGAATTCTCATTGCTTTATCAATTAATAATTGGAACACTACCAACCAGGCTCATAAGTTAGAGTTGGGTATATTAAACGAACTTAAGGAAGGTCTTAAAAATGATCAAGACTTATTAAAAAACACGTTTAAAAAAGACGAGAATGACCAAAAGGTACTACTTATTTTAGATTCTTTATTAAAAAATCCGAAACATCCTTATTCCAAAGATATGGACACCTTGTTTGGCAAGGTATATGGCATTAGGAATGTAAGACTCAACCATGCATTTTACGAAGATTTAAAGTCCAGTGGATTACAAATCATACGTGATAAGCATTTAAGAGCCCAAATCGTAGATCTGTTTGAAAACAACTATCGCCTTCTGGAAACCTT
CP138982.1_gap47	1903935	1908091	4156	TAGAATTAGCATTCCCGTTATTTCTTTTGTAACTCTTTTGTCTGGCTTTATTGTTTTTATACTCTAAAACAAATCCCATAATAAAGTGAAAAATAACACCGAAAATTAAAATAGGTTGTAAAACGAATTGCACAGCCCAAAACGTCCCCATAAAGTGAGAAGCTTCATTAAAAAGATCTTCACTGAAAACAGACAGAATATTAATTGCAAAATGTTGAAGTAAAAAAATCATTAGGAAGAGTGCCGAAAGTGCCATGGCAAACTTTCTTCCAATCGTAGAATTTAGAATTCCGCTCATTATAATTTTAGTTAACTAATTAGAGTTACAAAGATACAGCGCAAACGGGTTATTCCCAACTGCGCTATAGTATAATTAATTATTTAGAATGATTTTAATCTAAAAATTGAATCTTGGGTTAACAATGGAATTGTAAATAGAACCAAACTGATAACTAAATCCAACACTTACAAAATAATTATAACCCGATTGTAGTTGCTGTTGTTGCAATAATAACTCTTCCAAAGATACATCTCCGGCAGGAAGGTTGATTTGGTCTCTGGTAATTCGATAATTACCACTTACATTAAAATTAAAGCCTTTAAAAACTCTAATATTTGCACCTAGAAAAAAACCATAGGACTTTAAACTTGTATCATGCAAAAATTGATTGAAAGACGCTTCAGCATTTATATTTCCCCATTCCTGTCTAAAACTAGTTCCAAGTAATAATGAATGCTGAAAAAGTGTTTCTTCCTCTTCAGCAAATACAGAACGTTCTATATAGTCATTGTAAACTAACCCATTTCGATACGATAAGATCAACTGCTTTTTTGCAGATTCTGAATATTTAAAGAAATTATATTCTATTGCGGGCCTTAATCTCCAAAACAGTTCATAATTACTAAATGTAGATGTCCCTATACTACCAAAAACACCAGCAGACCAATGTTCAGTAATACTTACTACATCACTAACGTTTAAGTTCTTGCTATTGTTAATAGCGACGATATCTTCACCATCGAATGTAAACGTAGATTTGTTTTCGCTAAACCCTAGTCTAAAAGAAAACTTATTCTTTGCTGTAACACGTCTTGCCGAAACACTAAAGTTTAAATTACTGGAATTATTAGTTTCCTGACCGTTAAAAAAACCTCTAGCACCAAGCCTAAATACCCAATAATTCCACGGGTCTTTTTCCTCAACTTTTTCTTCTTCATTCTCTGGCGTTGGTACATTGATTGTCACCTCATCTGTAGTTCCTTTTGCAATCCAAAAGCGCACCAATCCAAGCTTAAGATTTTCTAAAATCTTTCGTCTTTCATCATCTCGTGTCATATTGGAGTCTGTAGAAAAACTGAGTTTATAATTAATGGCTTCAAATTCTTTTTTCCCAATAAACTCAACATCATAACTTCTTCCACCACTACCATTGCGCTGTGTCACAAAAAATAAGTGTACATCACTAAGCCCTTGATCTCTTACAAACTGAACATTACCTAAGTTCTGCCTTAAATAAGTCTGATCACAAACATTACAATCTAAAAAAATTTTAAGTTGCTCAGTAGAATCGTTCTGTGCGATTAGGTTAAAAAATAAAAATAGTGATACTAATAAAGTGGAGGACTTTAGCATTATTTAGCGATGGTTTAGTTTAGTTTCGGCAAATTTACCTCGAACTTTAACGTTACACCCACGCTTTTAGTTCAGTTTAACATTAAGGTTCTCTAATTTGTAATCATTCTAAAGTCTTTAAAGTTTAGTCTTTTATTTTATCTCCAACTTGGTTTTCGCGTTATCTATTTGTACCGTATATACGCCTTTTGGCAAATAATATTTCCCATTGCCAGCTTTTGAAATATCTACACTTGTATTTTCTTTCATTAAGGCTTTTTTGCCTTTTTCTGTGAGTTCTAGATTGTAATCCACATAGTTGAATCCCTTGTCAGCATCAACTGTCATGCTATTGAGCTCTGTCCCTTTTTCAGACAAAATTTTAATGGTTTTTTTACCTGATGCATTGCTATAAAACTGAATGGTTTTCTCTGGCTCATAGGCATCTGACCATTGGCTGAACGAACTTCCCCAACGTCTTGAAGAACGAACAGGACTTAAGTTAAACATAGTGATTCCTTTTGACTGCATATCTGAATCCAGTTGCTGTAATCCCGCAATATCCGCTTTATAAATACTGCGTCCATGTGTACCCAACAATAAATCCTTGGCTTCAGGTTGAACAACCATATCGTGAACAGCGACATTTGGTAATCCTTTTGAAAACACTTCCCAAGATTGTCCCATATTAAATGACACATAAGCTCCGTTATCTGTTCCTAAGTACAGCATATTTTCATTCTTTGGGTCTTCCTTAATCACATTGACTGGAGAAGCCGGAATATTTCCGCTGATGTCTTTCCAAGTCTGTCCGTAATCATCACTCATATACGCATATACTTTAAAGTCATCCCATCGGTAACCATTTAAAGTAACGTACACGCGTTCCTTTTTATGTTGAGACGCAACGACTCTGCTCACCCATAAATCTTTTGGAAAGGAATTGGAAATTTTCGTCCAACTACCTCCTGCATTTTTGGTGACACTTAAAACTCCATCGTCACTCCCTGCGTAAATCAAGCCAAATTGAAATGGACTCTCGGAAATTGTTGTCAAAGTACCATAAGCCACATTGCCTTTTTTACCTCCGTTGGTTAAATCGTCACTAATAGCTTCCCAATCGTTACCTTGGTTCATAGAACGCATCAACTTGTTGCCACCCAAATACAAAATATCCTGATTGTGAGGTGACAGCAAAATTGGCGTTTGCCAATTAAAGCGGTACGGATTTTCTCCTAAGGTATGTTTTGGCTGAATGTATTTACGTTCGCCTGTTTCGCGATTGATTCTAAAGTAATTTCCGAACTGGTAACCTGTATAGACTATATCCGAATTTCTATTATCTATCTGAATTTGCATACCATCTCCTCCCATGATGCCTTCCCAAGGATATTGACCTCTTTGATGCCAGCTTTTATCTTCTCTCGCATTGTTGGCTCCTACCCAAACACCGTTATCCTGTAAACCACCATACACATTGTACGGTTTTTCGTTATCGACATTGATGGCATAAAACTGACCAACTGATGGCGAATTCAGCTTTATCCAACTTTCACCATCGTCGTAACTCATATTCAATCCACCATCATTTCCATTGATAAGATGACCTTGCATTTTAGGGTTGACCCAAAGTGCCTGATGATCTGCATGGACATTTTCACGACCTATTGATGTAAAACTTTTTCCGGCATCCTTAGATTTCAAAATAGGCACTCCCATAATGTAGATGCCGTTCTTATCTTGTGGATCTACTCTAATTTCTCCAAAATAATAGCCATAACTGTAATAGAGTCCATCGATATAGTCTTCATGCGTTTTTTTCCATGATTTTCCACCGTCTGTACTTTTATAAACCTCAGCTCCAATCACAGGAGTATCAAACAACATAGCATTAGCGTCTTCTAAATACTTGGCTAAATCTATAGGCTTCACATTACCAGAACGCACCATTTGCTTGACGTTCTCAGCTCTGTATTTTTCCTGAAAACCATTGGTCTTTAAAAAGGCGTTTAATTTTTTGTCCTCTAATGCCAAAAAGTCTTTGGTGGACATGGTCTTAAAATCATCTTTTGTTAAGCCTGAAGACTCGCTTTTTTCCGCATCGTCTTCTCTGTGAAATTGACTATCATGCAACGCATAAACGGTGTTTTCATCAAACACGGCAAGTCCAATTCTACCCACACCTTCACCTGTTGGAAATCCACTATTTTTTGTTGAAATTTTCTCCCAAGTATCTCCTCCATCTGTACTTTTATAAATGGCTGAATTATTTCCGCTTCCTGTAAAATTCCATGCTTTACGATCTCTTGTCCAAGAGGCTGCAAACATCACATCAAAATTATCTGGTGCGTGTTGCACGTCAATGATACCGCTCATGTTATCTACAAACAAGGTTTTGTTCCAGGTTTGTCCTCCATCAGTGGTTTTGTAAATGCCTCGTTCTTCGTTTGGTGAATACAGATGACCTGTAACACCAATAATCACTTCGTTTGGATTATTTGGGTTAATTAAAATTCGACCGATATGATGCGAGTCGTCTAACCC
CP138982.1_gap48	1912896	1915753	2857	AATACGATTTACAGGACAACACAACTGCTTCTAAATTCGGGACTTGTTTGGTGATGTTTCGGTAGTGCTCAGACCAATAATCGCGCTTACCTTGTTTATCGCGACGGTAACCTGCAAACCATTTGCCGCCAAACGAATTAAATCCTACATAACCCACTAAATGTTTTGGGTACTGGTCTTGATTGTACTTGATGTGTTTGTATTCTTCCTCTGAAATCAATTGTGGTGGATCCCAATTGTCATAAATCAAAGCTTGCCACATTGCCATTAATTCTTCGTGTTGGTCATTTGCGATTCGGATGCCATCGACCTTGTCTATCATATTCATGCCACCTGCGAAGGGTTCGAGATAGGCTTGATTGGGTTTTCTATCTTTCAGAATAATAGGCAATAAGTCTTTGGCGAAACGTGCCTTGCTTCCCATGTATTTCATGCGGTAATCTTTTGTTTTGGTTGAACAAGAGATACAATAATAAACGCCAAAAACGCTGGCAATACCCAACCTAAGCTATGTTTGGCAAACGGAATATAACTTGTAAGTTCAGATAATCCTTCCGAAGGACTTAAAAAACCAATCACATCTGGTATACTGAACAAAAAGGTTACTAAAACTACAGCTCTAAATACCAAACTCGTTGCTATTTTTTCTGGCAACACATTCAATAAAATCAATACAATAGTAATCGGATAAATAAATAGCAACACTGGTATTGCCACCATTATAATAGAATTAAAATTTAGCTGTCCAACGACAACTCCGAGAATACAACCGATAATTGCCGTCACCACAAAAACCGTTTGCGAATTGTTAAACAAGCCTTTAAAATAATCTGAAGCACCCGCAATAATACCAACAGCTGTTGTAAAACAAGCCAATGAGATGAGGATGCTCAAGACGGTATTTCCAAATTCTCCCAAGGATTTTATGCTGATATCGCGTAGTAAATTGGCGCGTTGCATGTCGTTGCTCAATTCGGCATTAATGCTAATTTCCGAACTGTAATACGCACCAACGGCAATCAAACCTGCATAGATGATAAAGAGTCCAAAACCGGCAATAAAACCCGATTTTCGGATTAAGATTCGTTTAGAGCTGTATTGCTCCACTTCCATATTCTTAAAGTTGAGCGACACAATAATCACTGCTCCAACCACAACCGCTCCGATGGCATCAAAGGTTTGGTAACCTTCTAATATTCCTGAAACCAGTGGCGCTTCAAATTGTGCAATTCCTGTTGTAAATTCTGAAGAAAACAAACCAATACCAATAACTGCCAAAAGCATCAATACAATGAATGGTGTCAAAAACTTACCTATGAGGTTTAAGATTTTTGAGCGGTTAAGAACAAAGACCAAAACGAATGCAAAATAAATGGCACTGGTTAATAAAGGACTGGTACCAAACGCTGGATGAATAGCAATTTCGTGCGTGGCAGCTGCTGTTCGTGGCGATGGAATAGCAACAGCAATGATATAAATTAAGATGCAATAAATTAAACTAAATGTTGGCGATACTTTTTTTCCGAAGTCGTACAAAGTTCCTTGTAATCTGGCATGAGCGAGAATGCCAATAATCGGAATCACCACAGCTGTAATCATAAATCCGATGGCGACCCAAAACCAATCGTCTCCGGCATTATAACCCAATAATGGAGGTAATAGCAAATTACCTGCTCCAAAGAATAATGAAAATAGGGCAAAGCTGGTGACTAAAAGTTCTTTCCGTTGAATGTTCACTTAGTTGGTCTTTACAAGTTCTAAATCGTGAAAATCGAAGCTGAAATCCGTAATTGGTGCAATGTATTTCATGGTTGTTGAAACGGCTTCCCCTTTCTCGTTAAACGTGAACATCACAAACACATCGGCATCGTAGCTTCTATCGTTCCACTTAGCCACGTAGGTTGTTGCGTTGTAAGGCAGCAATTCACCAAATAATCTTGAAGAACGTACTGATTTAATTTTGTAACCTTCACCATCATGTGAAATAATGATATCGCCAAACCAATCATCGGAATACGTGCCAACAATTTGTTCTGGTTTTGGCAATTTTGGACTGCCTTTCATTTTTTCAACTTGTGAAAATACCTCAGTTTTTATACTGTCGTTATATTTTAAATAACCTGAATTTCTTTCACCATAAGATTGTATCCAATTTCGATCTTCATAGCCTAAATAGGAATCTTTAATGGTATTTGTAATGGTATTGAAAGCGTTACCGTTCATTTGATTGGTTAACACCACAATCGCCAAATCCAAATCGGGAATCATCGTGAATTGTGTTACGGTTCCGATAAGTCCACCTGTATGATACACTTGCTTGTGACCTCCTTTAACGTCCGTAACAAACCAACCCAGTCCATATCCTCTGAAGTTAGAATCGTAAGGGTCATTAGCTCTTACTCTTAATGGCGTTTGTAATTGCCAAAGCTCATAAAATTGCTTTTCGCTCAACAATCGTTCACCGCTTTCCGTCACAGCATCATTCATTAAAAATTTTGCCCAGGTTAACATATCCGGAACGTTGCTTACAATACCACCAGCAGCATTTGCCGTTGGACTCCAGTCATGCGGAATTTGAATCACCTCTCCTTCTGCTCGTGTATGCGCATCAATGATATTCGATTTATCAGTGACTCTGTTGTAGGATGCTTTGGAAGCATTCATCCCAACAGGTTTCATGATTTTGGTTTCGATGAATTCTTCCCACGATAATCCGCTAACACGTTTTAAAACCTCACCTGCGATGATAAACATATTATTGTTATAGGCAAATTGACTTCGAAAAGAACTTTCGGGTTCTAAATATTTTACTCCTTTAATGACATCATCAACATCAAAATCATTGCCTTCAGGAAAG
CP138982.1_gap49	1917461	1919834	2373	AAAAACAATCAGTTCATCGATTTGTTGATTGTTAATAACCTGTGAATAAGTAGTTTTCTTATCTTTAAGTCTCCTAACCGACCTTAATCTCTATAAGACTACTAAGCTAAAATGAAAAATGTTTACTGCTCATTATTTGGACATGATTACAAAGTTTCAAAAGTTGTAACCTATCATGTTAAAGAGTACAAATGCAAACACTGCAAATCCGAAATGACTATTAATGGTAGCGGAAAGTTTATTCCGTTGACGCCAAAGTTCAAAGAAATCAACTCGGTATTAAATCGAATTCACACCAAACGATTAGAAAGAAGTCAAAGACTTTTAATGTCTAATTAATCATTAAGTGCGTTCCACCCTTTTGCAATAATCGGGATTTTTTCTTCTGCTCTTGTCACCAAGTGCATACCTCTTTCTTCCTCGGTCATATAACCAATTACGGTTAAATTAGGATTCCCTTTAATTTTTGGAAAATCCTCTTGGGAAATCGTCATCAACAATTCGTAATCTTCTCCACCATTTAAAGCAACCGTTGTGCTATCTATATTGAATTCCTCACAGGTTGAAATTACCTGAGGATCTAGTGGGATTTTATTTTCATACACATCAACACCAACCTTACTTTGTTTACAAAGATGAATTACTTCAGATGATAAACCATCACTGATGTCTATCATACTCGTTGGTTTTACATCAAGCTGCTTCAAAAGCTCAACAATATCCTTCCGTGCTTCAGGTTTTAATTGACGCTCTACTATATATGTGTACATGGATAGATCGGGTTGCGAATTAGGATTGACCTTAAACACCTCTTTTTCGCGTTCTAAAACCTGTAAGCCCATATATGCACCACCAATATCACCAGTTACCACTAGGAGATCATTTGGTTTGGCTCCAGACCTCAATACTTCATTTCCCTTTTCTACTTCTCCGATTGCAGTAATGGAGATTATTAGACCAGAGGTTGATGACGTAGTATCGCCACCAACAACATCAACATTGTATAATTTCGCAGCAGTCGAAATACCAGCATACAATTCTTCTAATGCTTCTAAAGGAAAGCGGTTAGATACTGCTATAGAAACAGTAATCTGTGTAGCCTTGGCATTCATAGCATAAACATCTGAAAGGTTTACCATTACAGCCTTGTACCCTAAATGCTTTAGTGGCACATAACTCAAATCAAAATGTACTCCTTCTACTAACAAATCTGTTGTAACCACGATTTGTTTTTTTCCATAGCTTAAAACAGCTGCATCATCACCAATCCCTTTTATGGTTGACTTTTGTTCAATCTTAAAATGTTTTGTTAAATGCTCAATGAGTTTAAACTCACCTAACTCACTCAATGGTGTTCGCTTTGGGTTTTTGTCTTCTATCATATTGCAAAAATATTATGCTTTTTTAAATAAACAGGTGCTTATTGACGTTAATTCATTAGCATTTTTATTGAAGTGCAAAAATTACTGTAAATTGCTAAAAAAAAGAATATGAAATTTACTGCCCTTTGTAAATCGCTTTGCCTTACTATTTTCTGTAGTTTAATAATGATATTATACGGTTGCTTTAGTGATGAGCCTAGTAGTACCAATACCGATATAGATAGTGATGGTATTGCCAATACTTTAGATAATTGTATGTCTGTTGCTAACGCTGATCAATTGGATACAGATAATGATGGCATGGGTAACGTTTGTGATGATGATGACGATGATGACGGAATTTTAGATGATGATGATAATTGTCCATTGTTTCCAAATCCAAACCAAGAAGATACTGATAATGATGGTATAGGTGATGCTTGTGATGACAGTACAATTGTTCCACAGTTTCCCTGTATTAATGGGTTTGCAAATGGTCATCCATGCGATGGATTTGATTTAATGAGTCAAATTCCTATTGATGTGCTAGGAGGCGCTGGTGCAGAGGGCAATGATTCTTGGGGATGGACAGATCCAGAAACAGGAAATGAATATGCATTGATAGGCACTTCTACAAATGCTGCGTTTGTTGATATAACCGATCCCTCTAATCCGATACTTTTAGGAGTATTGCCAACTGCTACCTCTAACAGTCCTTGGAGAGATATTAAAACGTACAACAACCATGCTTTTATAGTAAGTGAAGCAGGAGGACACGGTATGCAGGTTTTTGATTTAACACGACTAAGAAATGTAGCCAATCCGCCAGAAACCTTTACCGCAGATGCTACTTATACAGGGTTTGGAAGCGCACATAATATTGTAATTAATGAAGATAGTGGCTTTGCTTATGCTGTTGGTTCCGATACATTTGGTGGAGGACCTCATTTTGTAAATATTCAAAATCCTACTTCGCCAACTGCAGCCGGAGGTTATGCCGATGATTCGTATT
CP138982.1_gap50	1924416	1926600	2184	TCAAAGGGAAGACTTAAAAAATTAAACACAGAATTATAAAATGTCAAAATATACTGAAGACGATTTAAGGGAAGAATTAAAAACCAAAGAATATGAATATGGTTTTTACACAGACATAGAGTCTGAAACATTTCCTGTTGGTCTAAATGAAGATATCGTTAGAGCAATTTCGAAGAAAAAAGAAGAGCCAGAGTGGATGACGGAATGGAGGCTTGAGGCTTTTAAAGCTTGGAAAGAGATGGCTGAGCCAGATTGGGCGAATGTAAAATATAAGAAGCCAGATTTTCAGGCCATTTCTTATTATTCGGCACCAAACAGCAAACCAAAATATGATAGTATCGATGAGGTAGATCCAGAACTTTTAGCCACTTTTGAAAAGCTTGGTATTTCCTTAGACGAACAAAAGAAGTTGGCTGGTGTAGCTATGGATGTGGTTGTAGATTCTGTTTCAGTAGCAACTACCTTTAAAAAGACATTAGCTGAAAAAGGTATCATCTTTATGAGTATTTCTGAAGCAATTAAGGAGTATCCTGAGTTAGTGAAGAAATATATCGGAACTGTTGTACCACAAAAAGACAACTTTTATGCGGCTTTAAATTCGGCAGTATTTAGTGATGGTTCTTTCTGTTACATTCCAAAAGGTGTACGTTGTCCAATGGAATTATCAACTTATTTTAGAATCAACCAAGCAGGTACAGGTCAGTTTGAAAGAACTCTCGTAATTGCAGATGAAGGCAGTTACGTAAGTTATCTTGAAGGCTGTACGGCTCCGAGTAGAGACGAAAACCAATTGCATGCAGCCGTTGTGGAGCTCATTGCACTTGATGATGCTGAGATCAAATACTCTACGGTACAAAACTGGTACCCAGGAAATGCCGAAGGTAAAGGTGGTGTTTACAACTTTGTAACTAAAAGAGGACTTTGCGAGACCAATGCAAAAATTTCTTGGACACAAGTAGAAACGGGTTCTGCAGTAACCTGGAAATACCCTTCTTGTGTGTTAAAAGGTGATAATTCAGTAGGTGAATTTTACTCAATAGCTGTTACCAATAATTACCAACAGGCAGATACGGGAACAAAAATGATTCACTTAGGAAAAAACACCAAGTCAACCATAATTTCCAAAGGTATATCTGCTGGTAAATCTCAAAATTCTTATAGAGGTTTGGTACAGATTAGCTCTCGTGCAGACAACGCTCGAAATTTTTCACAATGTGATAGTTTACTCATGGGTAATGAATGTGGCGCACACACGTTTCCATACATAGAAGCTAAAAATAAATCTGCAATGATAGAGCACGAAGCCACAACAAGCAAGATTGGTGAGGATCAAATTTTCTATTGTAATCAACGAGGTATTGATACTGAAAAAGCCATTGCGTTAATCGTAAACGGTTTTAGTAAAGAAGTACTCAATAAATTACCAATGGAATTTGCCGTTGAGGCCCAAAAATTATTGGAAATCAGTTTAGAAGGATCTGTAGGATAAATTTTCAAATGATGAAAAAACTTGTAATTATTTTATTGGCTGTTATTAGTTTTTATAGTTGTAAAAATGAAACAAAGTCAGAAGTTAACTTAGAGAAAAATCGTGCAAAGTCGTATGATGCTAATGATGGGTTTATTACCATGATGGGTGACTTTGTATATGACGCAGATAAAAAAGCTGCAGTTTTGCAAACACCTAACGAAATCTATGGTGTAATTATAGATGAAAATTTACATCAGCTAAACGAAAAAGTAGAACCCTTTAAAACAGACCAATACACGTCTGTGCCTGTCACCATACGGGTAAAAAGGGTAGAAAACGGAAATGAAAATTCCCTCTGGAAATATAATCTAGAAGTAAAAGAAATTTTAAAGGTGGAAGCACCTGACCCAAATAAAGAAGACGTTATAAAATTATCAAATCAATAACATGTTAAAGATAAACAACTTACACGCAAGTGTAGAAGGTAAAGCAATTTTAAAAGGAATAAACCTAGAAGTAAAAGCTGGTGAAGTGCACGCTATTATGGGACCTAATGGTTCTGGTAAAAGTACTTTGGCGGCTGTTATTGCAGGCAAGGAAGAATATGAAGTAGAAGAAGGTGAAATTCTTTTAGAAGAAGAGAATATTGATGAGCTTGGTCCAGATGAGCGTGCTCACAAAGGTGTGTTTTTATCTTTTCAATATCCTGTAGA
CP138982.1_gap51	2056076	2059770	3694	TTCTTTTAATGCCTTCATTACCACACTCATTTTGAGCGTGCAAATATATAAATTTTTAGTTATTTAAAGCCTAGATATCAACAAAATTTGTTAATATCTATTTTGAGGCTTTCTTTAGTGGGTCTTTGCTATAATGATTAAAATCCTGTCTATTTCTGTAAATCTTAATTGCAGTATAAATAGCTTGCTTAAATGAACTTTCGTCAGCAGTGCCTTTTCCCGCAATTTCATAGGCTGTGCCGTGGTCTGGTGATGTTCTTACCTTGTCTAACCCAGCAGTGAAATTTACACCTTTTCCAAACGCAATGGTTTTAAAAGGGATGAGCCCTTGATCGTGATAAGATGCAATTACGGCATCAAAACTTTCATAATTATTTGAGCCAAAGAAACTATCCGCAGAATATGGTCCATAAACCAAGTTGCCATCAGCTTTAATTTTTTCTAATGTAGGTTTTAAAATTGTGTCATCCTCATTACCGATAACACCATTATCTCCTGCATGTGGATTTATTGCCAAAACAGCTATTTTAGGCCTTCTAATATTAAAATCTTGCTTTAAGGATTTAGTTACTGTAGCAATTTTTTCTTGGATTAAATCTTCCGTAATATGATTGCTGGCATCTTTTAAAGGCACGTGATCGGTTAAAAGTCCTACGCGCAGTTCTTCAGATACCATAAACATTAAACTTTTACCATTTAAAGCTCGTGCCAGATAATCCGTGTGGCCTGGAAAATTGAATTTATCTGATTGGATATTGTGTTTATTTATTGGAGCGGTAACCAAAACATCTATGGCTCCATCCTTTAGAGCGTTGGTTGCGGCTTCAAGTGATTTTATGGCATATTCCCCTATTCTTTTATCCTCTTTACCAAATTCAATTTTTACTGGTTCTTGCCACACATTGACCACATTGACTTTTCCATGGGAAATTTTATTTACATCATCAATATTAAAAAAGTTGATTTTACTTTTAAAATGATTCTTAAAAAATTGCATCGTCTTGCCTGATGCAAAAATCACGGGTGTATTTAGTTCTAACACCCTCGGGTCTTCATAAGTTTTTATGATGATTTCCGGTCCTATACCATTGAGGTCACCAATAGAAATACCAACAATAACTTTTTCTTCTTTCTTCATAATAAGTGATTCTCCTATTTTTTTATTAAAATTGGTGATTGAGTTGAGTGGTGTACTTAACTTTGCTGATGCAAATTTAACCAAATAAAGCACATACTATGTTTACGGGTATCGTTGAAGATTTAGGAACTGTTCAAAAATTAGATAAAGAAGAGGGCAATCTTCATTTAACATTGAGTTCTTCAATTACCAATGAATTAAAGATTGATCAGAGTGTCGCACATAATGGCGTTTGCCTAACCGTTACAAGTTTAGAAAATAATAATTATACTGTAACCGCCATAAAGGAGACCTTGGATAAAACCAATTTAGGTTCTCTTAAAAAAGGTGATGTGGTAAACTTAGAACGTGCAATGAAATTAGGTGACCGCTTAGATGGACACATTGTACAAGGTCATGTTGACCAAACTGCAAAATGTATATCGGTTGAGGAGGAAAATGGAAGTTGGTTGTTTACTTTTAACTACGATAAGAGCCTTAATAATATAACTATAGAAAAGGGTTCAATTACAGTGAATGGTGTTAGCTTAACTGTTGTAAACTCTAAGGTAAATCAATTCTCTGTAGCGATAATTCCTTTTACGTATGAGCATACCACCTTCAACACCTTAAAAGTTGGTGATGATGTAAACCTTGAGTTTGATGTAATAGGTAAATATATTAAGCGTCTTAATGATCTAAGGAACTAAGCAGTTTTTTTTGAAATTGTATAAGCTTTATAAATCCCGAAGCTTAGGGCAACTAAAAATAGCGCCACAATTCCACCGTCAATTGGCAGTCCCGGAGGAGGAGGAGGCATAGGCGGAGGAGGCGTAGCTCCCTGAGCCATAGATATGAAACCTACGAAGAAAAATAAGATTGAGGCTAACATATTTTTATTCTGCATGTGATAATTTAAGCTGTAAATGTATAAAAAAAACCTATCTAACAAAACTAATTCAACTAAAAAACGTCTTTGAACGGTAAATATTGTCGATGAAATGCATAAAATGAGCTTAAATTAGGGAAGATACGCACATTTCACATGAACACTTAACACAAATATAATATTTATTCCTTATTCGATGAATACTCAAAAGCCTTTAATTCATTAAAAGCTAAGAATATAATAAAGAAAAGCTGCGTCAAATTAATGAGGCAGCTTCTAATTTGTGGTCCCACCTGGGCTCGAACCAGGGACTTTCTGATTATGAGTCAGATACTCTAACCAACTGAGTTATAGGACCTATTGGTAAAACCAATCTCTCTATTTCTAAAGAGTGTGCAATATTACTATATATTTTAAAACTCTACAAGAATTTTAATCGCTAATGTCTTGGCATAACTCTACTAACACACCGTTGGTAGATTTTGGGTGTAAAAAAGCAATCAGCTTGTTGTCTGCTCCTTTTTTTGGTGTTTTATGAATCATTTTGAAGCCTTCTTTTGTCAAACGTTCAATCTCTTTTTCAATATCACTTACCGCAAAAGCAATATGATGAATCCCCTCTCCCTTTTTTTCAATAAACTTTGCAATTGGGCTGTCTTCATTTGTGGCTTGTAGCAACTCAATCTTATTCGGTCCACATTTAAAAAAAGATGTTTTAACACCTTCGCTTTCTACATCTTCAATTTTATAGTGCGATTTTCCAAAAAGGGCCTTAAACAATTGATTCGAATTCTCGATATCCTTTACGGCAATGCCAATGTGTTCAATTTTCTTCATTTTAAAACAATTTCAGTCTCCTTAAAGCAGAATTCTACTTAATATTTACCTTCAAAAATACTATAATACTATAATATCCTATACTTTTGCATCATGGAAAGTAACAGACAGAAAAAAATAGCGGGTATTTTACAGCAAGACTTGGCAGAAGTTTTGCAGCGTGCTGCTGCAGATGGTGGATTGAAAGGGGTTATCATATCTGTTTCAAAAGTGAGCGTTACCGCAGATTTATCCATTGCTAAAGTTTACCTCAGTATTTTTCCGAATAAAGAGGCTAAAGAATTATTGGAAGGCGTTAGGTCTAATACTCCGTTAATACGTCACGAATTGGCACAACGCACAAGGCATCAGCTAAGACGTATGCCTCAACTCGAATTCTTTATAGATGACTCGTTAGAGTATATCGATGGTATTGAGCGTTCTCTTAAAGGAGGCGACAACCCTCTTGAGGATCCTGATTTGTTAGGTAAGCGCAAAAAATCTTAAGTGAATTTTTCCCTATATATAGCAAAACGTTACCTGTTTTCTAAAAGCAGTAATAATGCTATAAATATTATGACACTCATCGCTTCAGGCGGAGTTGTTATTGCTTCGGCTGCTTTATTTATTGTGCTCTCAGTTTTTGCGGGCCTTAAGGATTACAGCCTTCAGTTTTCATCTTTTGTAGATCCCGACTTAAAATTGCTACCTTCAGAAGGTAAATCGTTTCTTTTTACAGATGATGATGTTTCTAAGTTCAATTCCATTGACGGTATCGCGTTTTATTCTGAAATTATAGAGGAACGTATCATTATAAAGTCTGAAAACAAAAATCTCCTTGCCACTTTAAAAGGTGTGGATTCTAATTTTTT
CP138982.1_gap52	2061926	2063731	1805	CGGAAGATGAGTTTAATAATATTTCGTTAAAGAAAAATGTAATTTATGTAGATAAATATGAGAATATTGAAAAAACATTGGACACGCATTGCAATACACTAATTAGAGGTGAGGCAAAAAAGGAGTATGAAATCCTAAAACTGAATGAAGATCCAAGGTTTATCTGTAAAGTGGATTACGATATTGTGTATGAATGGACAAATGAAACATATAGAAGAATTGAGTATTTCTATGCAGTTGATGGCAAACTAGACTATTTAAGAATTCAGATGAGAGGAGATTTATTCGAGGAATATAAAGAAGATATACAATCGATAATAAAATCTTTCAAACTAAAGAAGTAAGGTTAAATTACAAGTTATTAGCGGTTTGTTTTAAAATTTAACCTTGGTCTCTATAGTTTTCTCTTTGCGTTTTACCGTAATATCCGCCTCATCTCCCTTGTCGAAAACTGAAAGTGCTCGCATATAGCTCATCATGTCCGTTACTGTGCTATCACCCAATTTCACTACAACATCGCCTTTTTGTAGACCTGCATTAAAAGCAGGAGTATCCTCACGAGTTCCATCAATACGCATACCCTTTCCGTCAAACAGATAATCTGGCACAACACCTAAACCAACTTTAAATCGTGGTGTTTCTTCACTTTCGTTTTTAGTTTTTCTAAAAGCCAATTCTCCGTTATCATCTAAATCTGTTATAACAGAATAGATGTAATCTGAAATTAAACGCATGCCCTCGTAATTTAACTTTTCAGAATCGTCTCCAGGTTTGTGGTAATCTTCATGCTGCCCTGTAAAGAAGTGTAAAACCGGTATATCAATTAAGTAAAATGAGGTGTGATCACTTGGTCCTACTCCACTTTCATTTTCTATGAGTTTAAATTTCTCGTTATTGGCTTTTAATGTTTGCTTAAACAATGGTGATGTGCCAGTACCGTAAACCGCCAATGTGCTATCAGCTTTCATTCTACCAACCATATCCATGTTTATCATGTAATTAATAGAATTGGCATCAATGGTTGGGTTTTTTGAAAAATAATTAGAGCCTAACAAACCCATTTCTTCACCAGAAAATGCCATAAACAGGTAGTTGTTGTTGTCTTTAACTTTAGCGGTATCATTTTTCACTTTTAATCGACTTGCTAAATTCAACATTACCGCAACTCCGCTTGCGTTGTCATCCGCTCCGTTATGTACGGCTTTTTCTTCTCCTCTAAAAAGAGAGCCTTCTCCGCCAAAACCTAGGTGATCGTAATGCGCACCAATAACAATAGTGCTCTTGGAGCTATTATTAATATAACCAATAACATTGTTTCCTGTTATGGTGCTGTCTGCATTAGTTGTAAATTCTACTTCTTTATGCGGATCTGTTTTTGGTTTAAATGAAAATGGCTGTAAATAACCTTCAGTGCCTTTTGGGTCTAGACCTATTTCCTTATACCGTTTTATTAAATATTCTGCGGCTTTTTTTTCGCCGTCTGTTCCGGTTTGTCGACCTTCGAGTTTATCGTCTGCTAAAAAAGCAATATCCTCCTTTATTTTGCTTTCCGCTACTTTAGGTTCAGTTTTGCAAGAAAGTATCGATGCTAAAACAACAAAAAGGACAATTTTTTTCATCTTAAATCTTATTTTTGCACAAAATTAGGCATTAATAGCCATTTATTATAATTCTTTACTATGAACAGATTAGCTGTTATTGTTTTTGTAAGTCTTTTGTTTTTTTCATGTAAAAACGAAAAGAATTCATCTGATTCAAAGGTATCTTCTGGTGCAACAAAAATGAATGAATCCTTAATATATCCT
CP138982.1_gap53	2107714	2110058	2344	TGGACGATCGTTAGATTATTCTGTAATGATAGAGCAACCAGGAGATGAAAATCCTGAAAAGTTTTCTTACTTAGATATTACAAAACCATTGCAAGAACAACGTTCTTGTCATATGACTTATACAAGTCCGGAAGTACATGATTTATTGCGTGAAGGCTTTGATCGTTCACCAATGTTTAATGGAAGAATACAAAGTGTTGGACCAAGATATTGCCCTTCAATAGAGGATAAGATTAATCGATTTGCTGATAAAGATCGTCATCAATTATTTGTGGAGCCAGAGGGCTGGAATACGGTTGAAGTTTATGTCAATGGTTTTTCAACATCGCTACCTGAAGATGTTCAGTTCAATGCTTTAAAATCTGTAAAAGGGTTTGAAAATGTCAAGTTCTTTCGACCTGGTTATGCTATTGAATATGATTATTTTCCACCTACGCAACTAAAGCACACACTGGAAACTAAATTGGTTGAAGGTTTGTTTTTTGCAGGTCAAATTAACGGAACCACAGGTTATGAAGAAGCAGCGTCCCAAGGTTTAATGGCAGGTATAAATGCAAGCCTTAAAGTTCAGGAAAGAGATGCTTTTACGCTGCAACGAGACGAAGCTTATATCGGAGTTTTGATTGACGATTTAATCACAAAGGGAACTGAAGAGCCTTATAGAATGTTTACATCTCGAGCCGAGTACAGAACTTTATTACGTCAAGACAATGCAGATTTTAGATTAACACCAAAAGGCTATGAACTTGGTTTAGCATCTGAAAAGCGATTACGCAGGATGGAAGAAAAACAATCTAAGTCTGATGCATTTGTCCAGTTTTTTAAAGATACAAGTGTTAAGCCTGAAGAAATAAATCCTGTTTTAGAATCCAAGAATTCTGCTCAGGTAAAACAACAGGATAAAATGTTTAAGCTATATGCGAGGCCTAATATTAGCATAGAGGATATGCGTAAGGTGGAGGCTGTAGATAATTACATTAAAGAAAATAATCTTGATTCTGAAGTTATTGAGCAAACCGAAATTCAGGTAAAATACGCTGGCTATATAGAGAAGGAAAAAAATAATGCTGATAAACTAAACCGTCTTGAAAACGTAAAGATCCCGTCTAATTTCGATTATTCAAAGCTTAAGTCTATGAGCATGGAGGCAAGACAAAAGTTATCAGAAATACAACCTGTAACCATCTCCCAAGCATCAAGAATTAGTGGTGTGTCGCCAAATGATGTTTCGGTTTTACTGGTTTATTTAGGCCGATAATATATTATGTTCCACGTGGAACATAATAAAACTATATACCATAATTTGTCATTCTGAATTAGATTCAGAATCCAATAGAATGAATAACAAACCTACATATCTTACTGTAAAAGACCATTCGGTCTCGGGTGAAACCTTTCAGTTATTATATAATGACGAGTTGGATATGTTGGAGACATTCCCGCAGCCGAAGGCAGAGAATCTTTCAGATTATTATAACAGCGAGAACTATATTTCTCATACCGATACCAAACGAAATTTATTAGAACGAGTTTATCACATAGTGAGAAGTATTTCACTAAAACGAAAACTTAAGCTCATTAACGCTTTTAAGTCAGAAGATAAAACACTTTTAGATATTGGCTGCGGAACGGGTGATTTTTTAGAAACCGCACAAAATGATGGTTGGCAAATCACAGGAATTGAACCTAACAAAAATGCAAGACAAATTGCAAATTCTAAAACTAATAATTCAGTTTTTGAGATAGATCACTTAGCTGATTTAGAACAAAACACTTTTGACGTTATTACGCTTTGGCACGTGTTAGAACATTTGCCAAATTTAGATATGCACGCTAAATTATTTAAGCGACTTTTAAAACCAAATGGCAGATTGGTGATAGCGGTTCCTAATTTTAAAAGTTATGATGCTAAGCACTATCAAAACTTTTGGGCAGCTTATGATGTGCCGAGACATTTATGGCACTTTTCAAAAACCTCAATTTCAAAAATGTTTCAACCACAAAACCTTAAAGTAGTAAAAATCTTACCAATGGTTTTTGACGCCTATTACGTGAGTTTGCTTTCAGAAAAATATAAATCAGGATGGATGAATCCACTTAGAGCATTTTGGATAGGAATGCAATCAAATCAAAAAGCAAAACGCTCAAAAGAGTATTCATCTCATATTTATATCTTAAAACAACAGTATACTTAAATAAAAGACAACTGTTTAATTTTAGTCCATTATAATAGCAGATTACAGGCTAAAAAACCAAAATGCGCTTAAAACGCTTTATTTTAGCTCAAAACCAATAACTTTTAATAATAAAAGAGGTAAGTCACCATAGGTTTTATTAATGGTAA
CP138982.1_gap54	2178300	2180358	2058	TATCAATAGCGCCAGAGCGCACCAAATTATCCGCAATTTCTAAAGCCTGTTCACCATTATCTGGTTGGGAAATAATCAGGTTTTCTAAATCTACACCTAATTTCTCGGCATAAAAACGATCAAAGGCATGTTCTGCATCAATAAATGCGGCTATACCTCCTGCTTTTTGTGCTTCGGCAATAGCATGTAATGTCAATGTGGTCTTACCAGAAGATTCCGGACCGTATATTTCTATCACCCTACCTCTTGGGTATCCTCCTACACCTAATGCAATATCTAAGCCTAAAGATCCAGATGAAATCGCATCTACATCAACAATCGCTTGATCACTCATTTTCATTACTGTTCCTTTGCCATAAGCCTTATCTAATTTGTCTAACGTTAATTTTAGGGCTTTTAATTTTGCGTCTTTTTCACTACTCATTTCTTCTATTGTCTTAATTAAATTGTTATCAAAAATACCACTTATTTTATTTTTTTCAATTTTATGACGCAACCATTTTACACTTTTTGCATCTACTATATGAAAAAGGGAATAATTGCTATGAAAAGTTTTGTTTTCAATAACAAAACATGTATTCAAAGCTTTTATAGCACCTTTTGAAAAAGAAGAGCTATTCAATTAGATTAGAGTTGAAAATATATGGGTTCACCAATAGGTGAATTTATTATCACAGATAGTTTATTGTCTAAGTTTAAAAACTAAAAAAAACGATTATGAAAAAAAATGTAATTAAATTAATGATGGTCTCGGGACTACTTCTAACATTCTTAGGGTGTTCTGATGACTTTGTGAACGAAAACCCTGAAAGTGGTTTTCAGAACATCAACCAGCTTGGTGAAGCTGCGAGTAACAATCCTGACATCGTAACAGGTTTCATCGAGGGTGTTTACTCTACGATGTATACGGTTGGTACAGGTGGTACCGGTGGGCATGATGACTTCGGTCATAAAGCCTATGACCTGTTTGCTGATTTCTTATCTAGTGATGTTGCCCTGTCCGTAAGTACTTATGGATGGTATAGAGCTAGTATTACTGAGATGCAGTGTACTGAAGATTTCACCTTTTTAGATAATTACCAAGTTTGGAGACACTATTATAGAATGATACGTGCTGCCAATACCGTAATTGAAACTTTAGGTGGTGATGAAGCGGATCCAGAAAATCCTGATAACAGAGCAACTCTAGGACAGGCTTTAGCTATGCGTGCTCATTCTTACTGGTATTTGACCCAGTATATGCAGAATGATTACAACCCTTCACAAGAGATTCTTCCAATCTATAGAACAGTAACTAACGTAGGTGTAGGTAAATCTACTGCTGCTGAGGTTTTTGAACTTATAGAGAGTGATCTTAACAGAGCCATCGTATTATTGGATGATTATAACAGACCAACTAAGACCCAGGTGAACAAGGAAGTTGCACAGGCTATGTTAGCTTATGCTATTGCTTCTCAACGCGATGTTTCTCGTATGGGCGAAGTTGTTGCGTTATGTGATGCTGTGATTTCTGGAACTGGTGCTACGGTAATGACCGCAGCAGAGGTTACAGGTGGTTTTAACAATGTGGCTACTCCAGGATGGATTTGGGGTGTAGACCTTAATGGTGATATTGGTTTAAGACTTATTTCTTGGTGGGGACAAATGGATGCGTTCTCATATAGTTATGCTTGGGCAGGTGATGCCAAGGCTATAGATCAAAACCTATATGATGCTATTCCTGCTAATGATGCTAGAAAAGCACAGTTCTTCCCGGGTTCAGGTTATTATAACCTAATGCCATTGGATAAGTTCTACGATGCCAGTAGAATTATCGGTGGACCAAGTGGATCGGTTGTAGCTGATTATGTATACATGAGAATTGCTGAGATGCACATCTTAAAAGCAGAGGCTTTAGCAAAAATGGGCCAGGATGGACCAGCTAGAACTGCATTGAGAGAGGTATTGGACCAACGTTTGCCAGACACATCTTATTTAAATGGATTGTCAGGAGCGGCTTTATTGGCTGAGATTCACTTACAGACCCGTATTGAGTTTTGGGGTGAAGGTAAAACATAC
CP138982.1_gap55	2304679	2305980	1301	GAGATAGTATGAAAATCGCCATTAAAAGCATCTAAAACTAAAGAATCTTGATAAAAAGTTATTACAATTTTATCGTGATGAGTCTCGAAAGACTCCCATATTCCAAGCAAATCCTTTTTTTCATCACTTTTACATGCAAATAACATGATTGACAATATCAGCGATATCAAGAATTTTATTGGTTTCATTAATTATTGTTTGGGGATTTCATACTATATACACCCCTAAAGTCCCCTCAAGGGGACAATAGTTTTAATTTCACTTTTGAGAACTGTCCCCTTGAGGGGACTTTAGGGGTGTTTTTATATAAGAACAGCCTATTTCTCTTCAGACTTGTCAATCTCAGCATCATCAGCGTCAATCTCTTTTTTGTCTTTACCTTTTAAATACTCTGGTAAATCCATACCAGCCATATTAAACATTTCCTGTAATGGTGGTACTGATTTGTACATGCCTGAGATAAAGTTAGAGGTCGAAGACTTTCCGTCTTTACCACCACCATTTTCCCAAACAGTGACTTTATCTATCTTAATGTTCTTAATAGCTTCAGCTTGCGTTTTTACCAATTCAGGTAACTTATCAGCAATCAATAATAATACAGCATCCTTGGAATTGTTGCCAGCAGCTTTTACGATTTCATCCAAACCAGCAGCTTGCTTTGTTAAGACTTCGTATAAACCTTTCGCTTCCGCTTGTGCTTTGAACAATATCGCATCAGCTTCACCTTTTGCGCGTCTTCTTATACGCTCAGCTTCTGCTTCTGCGTCAATTTCAGCCTTTCTTTTATCGATTTCCGCAGGAACGATAACATCTGCTAACTGCGATGAACGCTCACGTTCAGCTCTTGCAGTTTCAGCGAGTTGCTCAGCAGCATAAGACTCTTCCAATGCTTTTGCAGCTTGTACTTTCTCAGATGCAATGGCCACACGCTCAGCTTCAGCTTCTCGCTGACGACGTAAGGAATCGGAATTTGCTACAGAAATCTTCGCTGTATTTTCACCTTCAACAGCTTGTGCGTTTGCTGCAGCGACTTGAGAACGTTCGTCTTGTTTTGCGTTAGCTTCACCAATAGAACCATCCCTTGTTTTTTCTGCAACAGACTTACGTGCTGCGTTAATTGCATGTGCAGCAGCTTCTTTACCAAGAGCTTCGATATAACCGGATTCATCAACGATATCTGTAATGTTTACGTTGATAAGCTTCAGGCCAACTTTCTTTAATTCCGTTTCAACAGATTGTGAAATATTGGTTAAGAACTTATCTCTATCATTATTGATTTCTTCAATATCCATCGAAGCTAC
CP138982.1_gap56	2371100	2374247	3147	AGTGCTGAGCATCCAAGAAGTACAATAAGTAATATAACACTCGTAATAAACGAAGTGTTAGTGAGTAATAAATTTGAAATTAAAACCGTGGGTTCTGGATCCAAGATAAAATTATATTATATGAATTTAGAATGGTAAATCATCATCCTCTTCTGGGGCAACACTGTTCTGAGGTTGCTGTTGAGGTTGAGATGTTGGTTGGGCTTGAGCCTGCTGTTGCGGTTGCCCACCTTGCTGCTGTTCGTTCTTATTACTTAAGAACGTAAAGTCTGTACATTGAATTTCCGTAGAATAGCGCTCCATACCTTTATCATCTGTCCATTTTCTAGTTTTTATGCGACCTTCAATATAGACTTTATCTCCTTTACTCAGGTATTTTTCACAAATCTCAGCGGCTTTGTTTCTCACCACGATATTGTGCCACTCTGTATTAGAGACACGCTCGTTGGTTTGCTTGTTGGTGTAAGTTTCGTTGGTTGCCAATGGAAAACGACCGACACAATTTTTGTCGTCGAAATAATGCATTTTTACTTCATCTCCTAAATGCCCAATTAGCATTACCTTATTTAACGTTCCTGACATAATATGTTTGTTTTAGCTTGCAAAGTTACTCAATTTGATATCACTCCTTTAAAATTAAGAAAAAAATGTGATTTCTATATATTATTAAAATTGAAGGTGTTAATGAAATCACTAATTAGCACAGGTGTAGGATATAAATCAAGGTTTTTAACAGGTATAGACCCTTTGGGTAGTTCATTAATTTCAACAATCCAGAATTTAGTATAAAGATGCTGGTGAGATAATTTGTGGATGATGTCCGACTCGTTATATAGCCAATAATCAAACTTTAAACCTTTAAATAATTCCTCTTCTACATTTAAAAGATGAAACTCATTAGTTTTTAGGCTTCTTTTAGACTCAACTAAAGGAAATTGATATAGATTCTGCCAAATGCCCTTGCCAGTTCGTTTTTCTAACAATGTGTTTTTGTTTTGGTCAACACAAACTAAAAAATTGAAGTATTTGTTAGTGACTTTGGTTTTCTTCAGTTTAACGGGAAGCGTTTCTACTAAACTTTTCTGCAAGGCAACACAACTGTCTTGTAAAGGACAAATGGAGCAATCAGGATTTTTGGGCTTGCACTGCCTTGCACCAAATTCCATAATGGCTTGGTTAAAGGTCGCCGGCTGTTCTCTATCTATTAAAGAGGACGCCAATTTTTTAAATTCTTTAGTACCTGAAGTAGAATTTATAGGAGTATCAATTCCGAAGTAACGCGATAAAACTCTATATACGTTACCATCTACTACTGCGGCAACTTCATTAAAGGCTATTGAGGCAATGGCACTAGCTGTATAATCACCAACACCTTTTAATTTTAATAGGTCTTTATAATTGTTTGGAAACTCACCGTCTAAATTAAAAGCAATGTGCTTTGCTGTGGTATGTAAATTGCGAGCTCTAGAATAATAACCCAAGCCTTGCCATAGTTTTAAAACCTCTTGCTCACTGGCGTTTGCAAGGTCAAAAATTGTGGGATAGGTTTTAACAAAAGTTTCATAATATGGCAACCCTTGCTTAACTTGGGTTTGCTGTAAAATAATTTCTGAAAGCCAAATGTAATATGGATTTTTGGTATTTCTCCAAGGTAAATCTCGTTTATTGTTTGAATACCAGTTAGTTAGTTTTTTGTTAAAATCCATTAGGTTTTTAATTGATGGAGCAAAATTAAATCTTTATCACGTTAAATTTTAATTAATTACGCTTGAAATATTGAAATTAAATTACATATATTTGCATCCCTTAGAATTTATAGTAACCCTAAAACTAATAACAATGACAAAAGCCGATTTAGTAGCTAAAATATCTGATAAATTAGGTATCGAGAAAGGTGACGTACAAGCTACGGTAGAAACTTTTATGGAAGAAGTAAAATCATCTTTAGAAGGTGGTGACAACGTGTATTTAAGAGGTTTCGGAAGTTTTATTATTAAAACAAGAGCTGAAAAAACTGGTCGTAACATTTCAAAAAACACTACGATTAAAATCCCAGCTCACAACATACCAGCTTTTAAACCAGCTAAAGTATTTTTAGAAGGTGTAAAAACTAATGTTGAAGTCAACTAAAGACATTAAAAAAAATATTAATTTAAAAAAGCATTATTTATTATGCCAAGTGGTAAAAAAAGAAAAAGACACAAGGTAGCGACGCATAAGCGTAAGAAACGTAGACGCGCTAATCGTCACAAAAAGAAATAAGCTGAGGAAAAGTAGTTTTAAAAACTACTTTTTTCAGTTTTAAGAAACGTTCTTTGATATAGAATTTAAGCACATTTAATAGAGTGTACTTAAGTTTGCTGGATAATCCTGATAAACAATCAGGAATCCTGTGTCAATTAATTAAGTAAAATCCATCTGTCCTAATTAAAGGATGGATATAAATTAACATTATGAACAAGGAATTAATCGTAAGATCGAGTTCAGATATTGTTGATTTTGCCTTATTAAAAGATGGAAAACTTATTGAATTACATAAAGACGAAGAGGATAATAACTTCGCGGTTGGCGATATTTTTATTGCCAAAATACGTAAGGTTATGCCAGGTTTAAATGCCGCGTTTGTCAACGTTGGCTATGAGAAAGATGGTTTTTTACACTATCACGATCTAGGACCTAAACTTCCTTCACTTTTAAAATTCATTAAACGTGTAAGCACAGGAAAATTAAGAGATTATACGCTCAAAAACTTTCCGTTTGAAAAAGATTTAGATAAGCATGGCGCTATTGCCAATGCTTTAAAATCCAATCAATCAATTTTAGTACAAGTAGTAAAGGAGCCTATTTCCACTAAAGGGCCTCGCATTAGTTCAGAATTGTCTATTGCAGGTAGATACATAGTCTTGGTGCCGTTTTCTAACCGTATTTCAATTTCACAAAAAATTGAATCGCAAGAAGAAAAAGACCGTTTAAAAAGACTTGTAAAAAGTATCACGCCTAAAGGATTTGGTGTTATTATTCGTACTGTAGCTGAAGGCAAAAAAGTTGCCGAGCTAGACAGTGATTTACAGAATTTGCTGACAAGATGGACAGCAATGTGTAAAAAATTGTACAAGGCACATCACCCAACAAAAGTACTTGGTGAAA
CP138982.1_gap57	2387960	2389729	1769	ATAGAAGAAGTAAGGGCAAGTTTCGATTTTATTATCGACTTTACGCTTTTAGATTAAAGACATCTCTATCTTTTAAGAAACCAAGCTTTTCGCGGCATTTTGTAATGTGCTCTTTTTCTAAAGTAACCATTTCAATAGCTTCTTTATTTTCAGGAATAGAATCCATGCGATGACCTAACACATCATAAGCAGCAGAGTGCCCAGAATACTCATAATTATTACCATCTAAGCCAACACGGTTCACTCCAATACAATAAGCCATATTTTCTATAGCACGAGCTATTAAAAGTACATCCCAAGCATTTGTACGTATTTTGGGCCAATTAGCGACATAAAGCAAAAGGTCGTAATCTTCGGTATTTCTTGCCCAAACAGGGAAACGTAAATCGTAACACACCAACGGGCAAATTTTCCAGCCCTTATAATCTAATGTCACTTTTTCAGTTCCAGCGGTATAGACTTTATGCTCGCCAGCCAAAGTAAAGGTGTGCTTTTTATCGTAGTGTGTAATTGTACCTGAAGGTTCTACAAAAACCAATCGATTATAATAGTTGTTTTTTTCAGTGATAACTAAACTTCCTACAATAGCAGTTTGTTTTTTATCGGCCAATTGTTTTAACCAATTGATAGTGTTACCATCCATGGTTTCTGCAACTGAGGAAGCATTCATGGTAAAGCCAGAAGTAAACATTTCTGGTAAGATAATAAGGTCAGCGCCTTCTATAGTGTTGACCTTTTTTTCTAAGTTAATTCTATTGGCTTCTGGATTTTCCCAGACTAAACTGGTTTGGATAAGTGCAACGTTTAGGGAATTGCTCATGGTTATAGCTTTTTCTTGGCCTTCTCTGCTTTTTCGGTAAGTTTTTCTATTTTTTCTAGCCACTTACCTTCATCAACAGGAGATAGTTTGCCTCTCTTTTTTAACTTTTCGTATTTCTTTTGTGCCTTTTCTAAGTTGTTTTGCGCTCTCTCAAAATTCTTCTGAAGTTTCTCTCTTTTCTTCAATTCCTTTTCAGCCTTCTTTTGGGCTTTTTCTGCTTTTTTTTGAGCTTTTTCTGCCTTTTTGTTCTCTTTTTCGAGTTTTTTGGCTGCTTTTTCCGCTTTTTCCTTCACTTTCATTTCTTCGGAAATTGTAGTAGCTTCTTTTAAAATAGCTTGTCTGTCTTCGAGATTTAAAGTTTCTGTAACATCTTCACCGTTTAAAAAGATTTTTTCCTTTTTTACTTCATAAGTCTTTCCATCTTTTTCCACCTTTTGGGCAAATGACGAGAAAGAAATCGTAAACAATAATAGTATAATGTAATATTTCATGTTCTTTATATTTATGTTCACTAATGTGACACAGAAATTTACAAAAAGTAACTTAGAGGACTATTAAATTTTACATAAAATTTCAGAGGCTTTCACCAAAGTCTCATCGGTCTTTGCAAAGCAGAAACGCAATACCTTGTCGTCTTTACCTTCTTCATTAAAAACCGAAAGCGGAATGGAAGCAATTTTAAATGCCTTGGTTAAGCGTTTGGCAAAATCCACATCGTGTTCATCAGTAATTTCAGAATAATCTAAAACCTGAAAATAAGTGCCTTGCGAAGGTTGAAACTTAAATCGAGATTCTGAAATGAGATTTAAAAATAAATCACGCTTCTGTTGAAAGAAATCATTCAATCCTAAATATGTTTCAGTATCTTGCATATAGTCAGCAATGCCTTTCTGCGCAGGATGATTAACGGAAAAGACGTTAAACTGATGCACTTTTCTAAATTCTGTCA
CP138982.1_gap58	2481838	2486828	4990	ACACAATGAATCGATAACAAAATCAAAACGATTATCTATAGTCGGTTTGGGCTGCAAAGACTTATACGACCACTTTAAAAGTCAAGAAGAAACTACTGTAGCTGCATAAGCAGTTTTAGATAAAGATTTAAAATAAAGTGTTTCCGACTAGTGTTTTTCGTGACAGATTAATGCTCTTGGAAACACTTTTCTTTTAGAGACTTTTAGCAAGACATATCAGCAACAATTTTCCATTCGCCTGCAATCTTTTTAAAGATAATGATAAAGACTCCATTAGCATCGCCAACGTCGCGTTTGAGATGATATTCGCCCATTACCCAATAATTGTCGCCTTCAATTTTAGAAATATCATTGATAACGAACTTTAACGTGCCACTTTCTGCTTTTGTTGGGTACGCTTTTTTATATCTAGCTAATGTGTTTTCCCAACCTAAGGTAAGTCCATTAGATCCATAAAATTTTAACTCTTCACTTTTCCAATAGCCTTCCATAAAACCCTCTAGATCATGGTTGTTCCAAGCGATTTCTTGGTCGCTCATTACTTTTAGTATTGCAGCTTTATCAGCTTCAAATGTGTCTTGATTGGTTTTGGGTTGTGAACCACAACTTAAAAGTATAACTAGGAGAAAAAGATAAAAAGATTTCATTACTATTAGGTTTTAGATTTCCTAAAAGTAATAATAAATATGTCACACTGAGCGTAGTCGAAGTGCATTAAATTATTACTGTTGAAGGTTTTCGACTGAGCTCAAACGAGCACTAAGATTAATTATTTTATCTAAAGTACACCTTTCTGTTTCTTTAAAAACGCATCTGCTTGGTGCTGCATCAATTCGCGTGCTTTTTTACGCTTGTAGTTCATTACTTCTTCCTCGTCAGCAATTTCTATGTAAACTCTGTTATTGATTTCGTTGTCGGTAGCTACCAGTAATTTGCGTTCGGCAACCTGTTGATTTACCCAAGATTTTACTACCGTTTCTTGGTCTTCTAACTTAAAGTCATATTCACCTTTTGGAGATAATAGTTTTACAATTATAGGAGAGGTCTCTATAGCCAAAAACAAAAGAAAAATAAAAAATGAAGGTAACCAAGGCAGTGCTCCCAAAGCATTAACACGTGCCATTAAGCCATCAAAATTATCGATCACAGGTTGCGATTCTGCAACATTGGCTTTATAATCTCCTTGTAAGGCTATAATTTCATTTTCTATAGCATCTATCTTTGCGTTGTTATCTGTCTTAAGTTGTTGTAATTCTGCTAAAGCAGCATCATGTTTTTCGCGTTTTTCTTTATAGACAGGACCTTTGCCCAATTTCATAGTTCCAGATGTGCCTTCTGCTTCTGTAATATAGGTGTCGTAAAGCACATTGACTTCTGTTTCTTTGGTGTCAATCTGCGATTGTAAGCCTATGATCTGATTTTCTAAATCCGCAATTTTAGGATTAAACTGTTGAGCAATCTGGTTTTGATTGGCTAAGGTTAAATCATTTTTCTGCTCCAATAGCACTTGATTGATTTCCTTTTCAAAAATCTTTAGTTCTAATGGTTTTGAAATGACAATAGCAATAATTACTGCCAAGAAAATCCGTGGAGTGGCTTGAAGGATTTCGTCCAAAACATTCTCGCGTTTCTTTATTGTAGAGACGATATAACGATCTAGATTAAAAATTAGCAAACCCCAAATAATTCCGAAGAAAATGGAGGTATGCAAGTTGTCAAAAACGGTGTAAAGTGCATAACTCGATGCGATTGTCGCCATTAGAGCCGTAAAGAAAACTGTGGCGCCAATACCAGCATATTTATTTTGTTCGCCAATAGAACATTCGTCTAGAATATCCGTATCGGCTCCCGAACATAAAATGAAGAATTGTTTTAACATGATTGATTGTTTTTTGATTGATTGACTATTAGAACGCTAAAACCTATGATTTGTTACACTCTATATCAAAAAAAGCCTCGATTATCGAGGCTTTTTTAAGATTTAGTAATTTTTATTTCTTTTCCATAATATAAACTAATGGCCGACCATCTTTAGATTTTTCTGTAGCTTTAATATTAAACATTTTTTTTGTCTTCATGAGTTTAATTGCCTGATCTGAAGAAATGGGTTTCCCCTCACTAAAGAATATTGCATCAGCTTTTGCCATTCTTATTACAAACTCTAAAGGTGATTCTGGTGCTGGCGGAGGAGGAGGTGGTGGAATGTCCTCACCTCCTTTTTTAACCTTTGTTGGTTCTGGCGCTGGCGGAGGAGGCGGAGGAGGTGGCGGAATATTTGGCCATGGTTCGGCAGTCTCGCGTTGCGCTTCAGTCATTAAGTTACTGAATATGTTATAGTATTTATCGTAATCTTCTTTCTTAATTCTTGGATAGTAACTTTTGTTATTGCTAGACTCTGCTTTTTTAATGGCTGCATTCATTTTTTTTGCCCAAACATCGTATTCTGCAATTTCAATAACTGTAGCTCTTTCTGGCGCAGGTGGTGCAGGTGGTGGTGGAGGCGGAAAACTTGGCCATGGCTCTGCTACTTTTTTCTGAGCTTCTGTCATAATATTGTAAATAGCTTTGTATTTATTGACCTCTTTTACTTTTACTATTGGATATGCTGACCACTTTTCACTTCCTTTATTTTTTTCTGCCTTAGCCATTGCTATATTAATTTTCTTAGCCCAAGCGTTATAAGCTGCAATTTGTTTTTTTGTGGCTTTTTGTTGTTCGCTATATTTTACATCAAGACCTGGAAAAGGATACTCAAGAGCTTGTTTTTTCTGATGAGCTGACATTCTTTTATAGATCTTTGAGAATTTAATTAAGTCTTGTTCGTCAATAGGAGGATACCATGTAGCATCTTCTGAAAGTACTTTACTTTCACTATGTATTTTCTTAGCCCAAGCATTGTATTCTTCTATTTCTGTTTTTGTGACTACTTGTTGAGTCTCAATTTTATCTACTGTATCGCTGCGTAGTTTAGATGCTTTCTCAACATACTCTCTTTCAGCAAAACTGTAAAAAAGAATAGCAATAATAGGGAGCAATAATAAGCTGCTCAACCAAATTCTGGTTTTTGAAGTGTCTGTTTTCATAACCGTAAATCGTTTTTTAATGGATGAATAATTGATGGCACTCGCCAGCTGATGCTCTTGAGTGCTTGATGAAAATTGTAGTAATATGTTTTGATACGTTTTGGTATCCGAACCTTCTTGTAAAACGGCATCGTCAGCCAAAAATTCGTGATTAAGCTTTACATGGTGTTTAAGAACATAAATTAATGGATGAAACCAAAACACAATTTGAAGCAATTCAATAAGTATAATATCTAAACTGTGCCATTGCTTGGCATGGGTTTCTTCGTGCAGTAAAACCTCTTTCGGAATGTCGTTGTTTTCAAACTTTGATTTATTCAAGAAGATGTACTTAAAAAATGAATGCGGAATGCGATAGTTTTTCAACAACACATATATAAATGAACGTTGAGGTATGCGCTCATTCTTGGAGATTAGACGATACAATTTTGTAAGATTAACCACAAACCGAAAGGTAAATAGTAGTGCACCAATACCATAGATAAGCAAAAGAAAAGTTTCTAAGGTGAAAATACTGGATGCTTCAATTGGAGCTTCGGTAATGGCAGAATCAACTGGTATGTGAATTGTTGATGATTCAAAATTCTGCACTATAGGATCAACATAATATGTTATGGTAAACAGTGGTATCATTAGAGCCAATACTAGTGAACCCAGTAGATAAATGCGTTTAAAATAATGCATTTTTTGACGCTCTAACATCAATATATAGATGAGCCAAAAAGCCAACAAACAAGCCGAAAATTTTAATAGGTATGTGTCCATAACTACTTGTTTTTAATTTCTTGGTCTATAATAGACTTTAATTCTTCTAACTCTTCTTTAGTTAAGTCTGTTTTTCTTGTAAAGAACGATGCAAACTGAGTAGCACTATCATTAAAGAATGTTTTTATGAGCCCATTGACATGTTTGGAAAAGTAATCTTCTTTTTTAACGAGAGGGAAATACTCTCGTGACTTTCCGTAGGTTTTATAATCTACAAAACCCTTGCCGATCATACGTTTTAATAAAGTGGCAACGGTCGTGGTTGCTGGTTTGGGTTCAGGATAGATATCCAACAAATCTTTCATAAAAGCTTTTTCTAGCTTCCAGAGATATTGCATTAACTGTTCTTCGGTTTTTGAGAGTTGCATGTTCTACAATATTAGAATTAACTCTACAAATGTAGAGTAAAATATTCAATAATCAAAACTAAAATTTATAAAATGCTTCAAATCCGTATATTTGTTACAATTAAAAAAGAAAATATTAAGTGATGAAGAACGTGCTTCTGTCTATGATATTTAGTTTTACTGTTTTAGGTGTTTCTAAAGGGCAATCTGTAGAAGATTTAATGAATCAGGTCAGCACTATAAACTTAGAAACTAAAGTAGCCGTGCTGTCTGGTGAACAATCTGCCAATATTGATGGAACAACGCAGACCATTACCAGCCGAGTACACAGCAATAACGATTTGGCTGCAGAATACATAAAAGAACAGTTAGAGGCTTTACCTAATCTCACGGTGAACTATCAGAACTTTAATACTATCGGAAAAAATATTATTGCCACACAATTGGGACAGAATAATCCTGATGATATTTACATCGTTTGTGCACATTATGATTCGGTGACGACCTATTGTGCAGATGACAATGCTACTGGTGTTTCTGCTGTTATAGAAATCGCAAGAATTTTATCCACACAATGTACTGATAATACCATTATTTATGCACTTTGGGACGAGGAAGAAATAGGTTTACGAGGAGCTAATTATTATGCACAACAAGCTGCTGACGACACTAACGGAAATACAAGAGATAACATACTTGCTGTTGTAAATATGGATATGATTGGGTACGATGGTGATGCTCCAGGAACCGCAGGCGATAATGATTTTGATATTGATGTGCGTAACATTGCGAATT
CP138982.1_gap59	2490136	2493139	3003	GATGATGCAAAACCTACGTTTTGGCAATCCAAACAATTTCTGTTCATCGTAACCTTATTTGCTGGATTGATGCTGGCCTTCCCGTACTATTCCAACCTATTTTATGCCCAGCCTACAAAGGATATCGTCTATGTCTCTCAATCCAATATCGAAACACAAACCTTTGAGGTTGAAGGAATGACCTGCGCAGGCTGTGAGGCACACGTAGAAAGCGAAGTCAATAATTTGGATGGAATTATTTCGGTTAAAGCCAGCTACGAAAATGCGAATACTATAGTGGAATTTGACAAGACCAAAACCGATTTGCCCGCAATTCGAGAAGCTATAGAAAGCACTGGCTATAAAGTTGTCAAGAAAACCCCTAAAGAAAATAAGTAGATGAAAAAATATGATGTATTTATAATAGGTTCGGGTATGGCCGGTATGACAATCGCCAATAAATGCGCTTCAAAAGGTCTTTCGGTGGGCATTACTGATGAACTGCCTTATGGTGGCACTTGTGCCCTACGAGGCTGTGACCCAAAAAAAGTGATTATCGGTGCCACGGAAGTACGCGACTTCGCTAAAAGACTTAAAGGGAAAGGCATTGATACCATCCCTGATATCAACTGGAAGGATTTAATTGCGTTCAAACAGAGCTTTGTCGATGAAATGCCAAAGAAAATAGAAAAGGGGTATAAGAAGAACGGCATCGATACCTTTCACAGTTCCGCTACGTTTATAAATAAAAATACACTAAGCGTAGGTAACGAGACCATCCAAGCTGATAAAATTGTAATTGCGTCCGGTTCAAAACCAAAAGTTTTAGACTTTGAAGGCGGACAACTTGCGCAAACGAGTACGGATTTTCTAAACCTTAAGGATTTACCAGAATCCCTGCTTTTCATAGGTGGTGGATATATTGCTTTTGAATTTGCTCATATTGCCGCACGTTCCGGTGCCGAGGTAACAATAGTACATCGACGTAAAAGTCCGTTGGAAAACTTTGACCAAGATATTGTAAAACATTTGGTCGATGCTACACGGAATTTAGGGATTAAGATTGTTCTGGAAACTGAAGTTTCTAAAATTGAAAGTAAAGATGGCTACTACATAACCACAGGAATTTCAAACGGAAAGGAAACTAACCACAAATCGGCAGCAGTATTTAATTCCGCTGGTCGTCCCCCAGCCATTTTTGATTTAGAATTGGAAAAAGCAGGTATATCCTTCTCAAAAAAGGGCATAGAGGTCAACGAATACCTTCAGAGCACATCGAACGCGAATGTTTATGCAGCTGGCGATGCAGCGGACTCAAGAGGACTGCCCCTAACACCCGTAGCTGTTTTGGAAGGGCATATCGTGGCTTCTAATATCATCAAAGGGAACCAGAAAAAAGTCAGTTATCCCCCAATGCCTTCCGTAGTTTTCACTTTGCCCACTATGGCAACCGTTGGCCTATTGGAAGATGAAGCCAAAGAAAAAGGATACGACATCAATATCAATTTTGAAAAAGTTGATAATTGGTTCAATGCGAGACGCCTGAACGTGGATGAATATGCTTTTAAAACAATCATCGATAAAAATAATAATACCATTTTGGGCGCGCATCTGATCGGGCCTCATTGTGAAGAAACAGTAAATCTTTTTGCAATGGCGATAAAGACCAAGATGACCATAAGCGATTTGCGGACAATGATATTTTCATACCCTACAATGGCATCCGACCAAACCTATATGCTTTAGTATTCATTACAATGAAACAGATTATTGATTTAAATAAAAAAAAATGAAATTAAAAATTTGCCCAACTTGTGGTTGCTCTTTAGTTCGATTGGGAATAAAAAGCACACCGCGCTTATCAATAAAATATAAAGATCAAGATTACTTTTTTTGTTGTCAAGGATGTATTGAGCAATTCCAAAACAATGAGGAAAAATATATTGCAGAAATAAAAAATCTAATTATTTGTCCAGTCTGTCTTGCTGAAAAACCAGAAAACCAAGTAGTAAGTATTCTATACAACGAACGGAACTTCTTATTTTGTAGATGTCCGCAATGTGTTTTAGAGTTCAAGAAAAATCCAGGATATTTTATCGATAGATTAAACGAAAAGATACCTTATAAAGGTGTTTTTGAGATTTCTTGTTGTAATGATTCAGTAAAAAAATAATAAATATGATATTAACATCAGAAATTTCGTGCCCATACTGCAGTCACAAAAAAAAAGAGCAAATGCCTACAGATGCCTGTCAATTCTTTTACAAATGTGATAATTGCAAAAAGGTCCTCAAACCAAAACAAGGCGATTGCTGTGTGTTCTGTTCTTACGGTACTGTCGCCTGTCCACCGATTCAGGAAGGTTCAAAATGTTGCTAATAACTTTTAATTATAGTTGATATTATTGTTTCCACAAAATATCTTTAAAAACTAAATTGTAACCCTGCATTCAATCCAAAAGGATGTCCGGGACGCAAACCTGCTGGGACACGTGATACGGCATATTCTGAATCAAATAAGTTTATTATGTTTGTTGATAGCGTAAAATTTTCATTAAGAAAATAATGCGCAGATAAGTCAACTATAAAATTAGAATCTACTTTAAAATTTTCTGGAATCGGTCCAGAACCAGCCTTGGTTCTAAATGCACCAGTATAACGTGAATTTAGGTTTACTTCAAATTTCTTATGCTGTAGCCCTAAAGTAGCATTTAATTGGTTTTTTGCGATGTATGGTATTTCATCCCCTTTGGTCACCACACCGTAAATGTCTTCGTTACTGTCAAAACTGGTCAGGAATTCGGTATCGGTAAGGGTGTAGGAAATCGATATAGGAAGTTTAAATTTCCCTGATGTATTGTATAGTAAATTGTAATTTAGCAAAAGTTCAATGCCACTTACACGCACTTCACCAGCATTAAACTGGTCAAGGCTTCCTGTACCACCTGTCGCGGCCAAATCACTTCCCAGTAGATTTTGATAATCATTGTAGAACCCAACAAGTTCCCCTGAAAAACCTTTAAAG
CP138982.1_gap60	2494724	2495243	519	ACGTAAACTGTAGGATAAATAGTAGAAAAAATAGAATTCTCATTGGTAATAAATTATTTAGAATGATTTTAAATAGAAGGCAAATGTAATGTGCTGATTTCAAAAAACCAATATTATTTAGAATTATTCTTAATAATATTTTTGAAGTATTTTATATTCAGTAGTTTATATCTTATAAGAATTTTAAATTTATTAAAGTGTCTAATAATGGATTACTTAATTAAATTTCTGTTAATCACAATAAAAACTGTTAAAATTTTGTAATTTTGCAACAATGAAACAAGTTTTCCATAAAATATTATCCATTTCGATGGCTTTTGTAGTGATGTTCTCTACAATGTCATTTACTGTGGATATGCATTATTGTGGGGACTCTTTGGTCGATTTCAGTTTGTTCTCAAAAGCTGATACCTGCGGAATGGAAAAATCACAGGCAAATAAGGGATGCGAAAAACTGATGCTTTCCGAAAAAGATTGTTGTATTGACCAGCAAATTGTTAAGGAAGGCAAAGACGACCT
CP138982.1_gap61	2497112	2501566	4454	TCGCAAAACGAGTGTGCGCGAACGTACACAGTATGCTATCAATGGTTTGCTTGCTCTATCTGGAATTCTCGCCATCGTTTACGGCTTTTGGTTGGGGCTAATTCTAATTGCCTTTGCCATAACATCACTTTTAAAGATGCGCGGTACGCTTTCGCGAAAGCGGAAAAATCTACTGGATATCATCATTTCATCGGTTGCCATCGTAGTTTTATTAGCAGAATACTGGCGACCATTGGGCTTTGACCGAAGTATCGTGATGAACCTGATATTTGTTTCCATCATCTGTTTTGGACTGCTCGGTGTATTCTCAATTTTCAGGATATACTACGAACGTATTTTGAAATGGGCACTTCAAAACCGCTATCTGTTCTTAATCATTCCTGCTACGGTGCTCACGTTGGGTATCATCATTATGCGCAATACGGGCAAGGAATTTATGCCAGCACTCAATGAAGGTTCATTTCTATTGATGCCTACATCCCTACCACACGCAGGTGTTGAAGAAAACAAGCGTGTGCTGCAACAGCTGGATATGGCTGTGGCAAGCATCCCTGAAATCGAAACCGTGGTGGGAAAAGCTGGAAGAACGGAAAGCGCACTCGACCCAGCACCACTCTCGATGTATGAGAATGTCATTCAGTATAAATCTGAATATATGCGGAATAGTTCTGGCGAGCGACAACGCTATAGGGTCAATGACGATGGATTGTTTGTACTGACGAACGACAAATTCATTATCAACCCGAATAATGAGATTGATGAAGATGCCAACTATGAGGAAGCATCGCTAAAAACGACTGCCACACGCGAAGAGTTGATAGAAGATGACGATGGCGAGTACTACCGAAACTGGCGACCGGACATCGAAAGTCCAGATGATATTTGGAACGAGATTGTACGAGTGACCAAATTACCCGGCGTGACATCTGCACCCAAGTTGCAGCCCATTGAAACACGACTCGTAATGCTACAAACGGGAATGCGCGCACCTATGGGCATCAAGGTAAAAGGACCCGATTTAAAGTCCATAGAAAATTTTGGACTGCAACTGGAAGACATCTTGAAACAAGCCGAAGGTGTTAAGGAACAAGCTGTTTTTGCAGACCGTATCGTGGGCAAACCGTACCTGCTCATAGACATTAAGCGAGACCAATTGGCTCGATATGGCATATCCATTATGGATGTTCAGGAAATCCTTCAAGTGGCCGTGGGCGGTATGCCACTCACACAAACGGTTGAAGGTCGAGAACGCTACGCCGTGCGTGTACGTTATCCACGAGAATTACGGGCAAATCCAGATGACTTACGTAATATCTATGTTCCCGTTGAAAAAGGAAGTCCTGTACCGCTGGGCGAATTGGTTGAAATTCGCTACGAGCAAGGACCACAGGTCATTAAAAGTGAAGACACTTTTCTTATTGGTTACGTGCTGTTTGATAAACTCGACGGCTTTGCCGAAGTAGATGTGGTAGAAAACGCCCAAGCCTTGATTCAAGAAAATATTGATAACGGTTCGCTGGTCGTACCACAGGGCGTGAGCTATCGATTTACGGGAACGTATGAAAATCAGTTGCGAGCAGAAAAAACGCTATCGGTAGTCGTACCGCTTTGTTTGCTCGTCATTTTCTTGATTCTGTATTTCCAATTTAGGTCGGTTTCTACGTCTCTTATGGTTTTTACCGCAATCGCCGTGGCCTTTGCAGGTGGCTTTATAATGATATGGCTATACGGTCAAGATTGGTTTTTCAACTTTGGCTTTTTTGGCGAAAATTTAAGGGACTTGTTCAATATGAAAACCATCAATTTAAGTGTGGCCGTTTGGGTAGGTTTTATTGCCCTTTTCGGTATTGCTACGGATGATGGTGTGGTAATGGCCACTTATTTAGACCAATCTTTCAAAAGCAACGAACCAGACAATAAAAAGGGCATTCGTCTCGCCACTTTGGAAGCCGCAGGTAAACGCATTCGTCCGTGTTTGATGACTACCGTAACGACGGTGTTGGCACTACTTCCCGTCCTTACATCCACAGGAAAGGGAAGCGATATAATGATACCGATGGCGATTCCCATTTTTGGCGGAATGATAATCGACGTTACGTCCTATTTCCTGCTACCAGTCCTGTACAGCTGGAAAAAGGAATACCAACTTAAAAGAGCAAACAGATGAAAAAATTGAAATATATACTCGTGTTCTTGTTTGTTTCAGCTTTCGCGAAAGCGCAACAATTACAATCCTACATTCAGGAAGCCGAAGCGAACAATCCAGAAATTCAAGCTTTTGAACTGCGCTATAATATCGCCGAAGAAAAGGTAAACGAAGCCAACTGGATTCCCAATACCGAAGTAAGTGCCGGCTACTTTGTGAGCGAGCCAGAAACCAGAGTGGGCGCACAACGTGCACGGATAGGTGTAAAACAGATGTTGCCGTGGTTTGGTACTATTACAGCTCGTGAAAATTATGCCACCGCAATGGCAGATGCCGAATATGTGGACATCACGATTGCAAAGCGCAAGCTCGCACTTTCGGTCGCACAATCCTATTATAGCCTGTATTCTATACGTGCCAAGCAAGCTGTGCTGGATGAAAATATACAGCTTCTGGAAACCTACAAGCAACTTGCACTCACATCTGTAGAAGTGGGCAAAGCGAGTGCCGTAGATGTATTGCGACTTCAGATTAGACAAAATGAATTACAACAACAAAAGGAAGTGCTGGAAGAAGAATTTACAGCAGAACAAACGGCTTTCAACAATTTGCTCAACCGCGAATCAATGATGACGGTTGACGTCGTTTCAGAAATGGAAATCCCGCAGGAAGACCCATTTTATTCTAATGATGCGCTATCACTCAATCCTGAACTGCTCAAATATGACAAACTCTATGAATCGGTAGCACAATCCGAACTGCTCAACCAGCGTGAGAGTTTGCCTATGATTGGTTTTGGTTTGGACTACTTGCCCGTAACGGAACGTAGCGATGTCAACTTCAGCGATAATGGGAAAGATGTGTTGATGCCTATGGTTTCGGTTTCAATCCCCATTTTCAACAACCGTTACAAATCCATTTCAAAGCAAAACGAACTGCGACAGCAAGAAATAGAAACCCAACGGGAACAGCGATTGAATGTGCTGGAATCCGCTTTCGCGAAAGCACAATCACAACGCAACCAAGCACGCATCGCTTATAGCACCCAAGACCGCAACCTGAAGCAAGCGCAAGATGCCGAAGAAATTCTGGTTAAGAACTATGAAACTGGCACTATCGATTTTAACGATGTGTTGGATATTCAAGAGTTGCAGTTGAAGTTTCAAATGAATCAAATCGATTCGGTGCAAATGTACTATGTACAATCGGCCATTATTAACTATTTAATCAACTAATTATGGTCAAGGATTTTTACATAAAGAATATGGTTTGCGATAGATGTATCAAGGTCTTAAAAGATGAACTGGATGGTCAAAATATCGAGTTGTTGCAAATCGAATTGGGCCGTTTGCGCCTCGACATCGAGAGCGATGATGAAATCACAAAATTGAAAGAAATACTTAATAAAAATGGTTTTGAGCTTATTGATAATATAAAAGAGAAACTTACAGAGCAGGTCAAGGTAGAACTCATAAAGGAATTACAAAAATTGCCTTTGAAACTAAATGAGAAATTATCCGTGCATTTGGCAGAAGCATTAGGGCACGAATATTCAAAAATTAGTAAGGTTTTCTCGTTTACTGAGGGTATAACGATAGAAAAGTATTTCATCAAACTCAAAATCGAGAAGGTAAAAGAATTGATACAGGGCAACGAACTCAACTTTACTGAAATAGCACATTTACTCGATTATAGTCACATAAATCATTTAAGTGGTCAGTTCAAGAGTGAAACTGGTATGTGCCTAAGCGCATATAAATCACAACAGAAAAACTATAGAAATTCATTGGACAAAATTATATAGATAATAACCATAATTATGACACAAGCTGTTGATTTACAGCAGTAATTTTATTAAAATAAAATTAAGAACTATGAAAATAACAAACATAATCAATACAACACTTCTATTGTTCCTTACCTCGGTTACATTTGGCCAAGTCGGAACAAACGGTGATGACCGTAAAGAAGAAGGACGACCTGTAAAAGAGTACAATCTTACCTTGGAACAAAAGGAAATGACCCTTGGAGGCGTAACGGCCAATGGAATGACTATAAATGGCAGCATTCCTGGCCCTACATTAGAATTTAATGAAGGAGACCTTGCCATAATCAATGTGACCAATAAAATGGACGAAGAAACTTCAGTGCATTGGCACGGTTTAATCCTTCCAAATTTCTATGACGGTGTGCCTTATTTAACTACGCCGCCAATTGAACCTGGCACAACTTTTCAGTATAGAATTCCTATTAATCAATCCGGCACCTATTGGTATCATTCACATACTTTATTACAGGAACAAAAGGG
CP138982.1_gap62	2542100	2546296	4196	TCTTGAAAGAAAATAGGGCTTATAATAAGAAGGTGCAATCCAATTCTTATAATCTGTTTTTAGCACCGTTCGATTCTCTTGAAGATAAATTATATTCAGCTCTTTATCACGTAGCGAATACCCAAAGCCAACCTAAAATTGACTTACTTGCACCTTTTTTTCAGAAAGTATATTCGAATAAATTACAGCTTCATAGTTTTAAGGCATTCATCGATTTTCTAACAGATAAAGAAAATGGTGCCTATAATTATGAATCTCTTTACTATGGTATGTTGAGACAAAAAGGTTGGGGTAATAAAACGTCTGCATTGTTTGCCAAAACCATTTATCATTTACATAATGGTAAGTATGGATTTCAAAATTCAATATGGGACGATGCGCCGAAAATCATTGACAAAGAAGAAAAAATTTTCTTACCTGTCGATGCTGTAATTGAAGCAATTTTCCATCGTATTGACCCAACAATTAAATGGAATTTCCATAAAATTAATAAACTGCTACAGCATAATTATTCTTCTGAAGAAATGGAAGTTTGGGACGACCTTTGGTTCTGGGGATTTATAAATCAACGCGGTTCTGGTCTAACAAGAGAATTTGTTTGGAACGAATCCAAATATTGGGCATTACTTGAGACTGAAAAGAATAATGCTGTGATTGAAGAGGTAAAATTGAAATCGTTGCAATTCCTTTCCATATTGAACCCAAAACAGTAACATATGTATTTGCAATTATCATATTCTAAGTTTGTCTGAATTTAGATAGGTTTAATTTCCAATTATTACCACTTAATCTATATAGTGGCGAAAATTTGTTTTCAAATATTCGCCACTTTTTTGTATTTTTGGCAAAGTTTTGATTTTTAACTATGCCAAAGATTATTGAAAATAAACTGATACAAACTTTCAAAGACCGTAGTTCTTTTGATAGAGATGAACTCTATGACTTCTATCTGGATTTCGAACCAGACCTAAAAGAAAGTACATTTAGTTGGCGAATTTATGACCTGAAGAAAAAGGACATAATTAAAACCATTGGTCGTGGACTTTATGTTATTTCCTATAAACCTAAATATAAACCTCTTCTATCAGATAGTGTGTTCAAAATAGCCCGTAAAACCAATGAGCGTTTTGAAGACATAAAATATGCCATTTGGGAAACCCAATGGCTCAATGAGTTTTCTCAGCACCAGACGTCAAATCAAATGATTGTCGTCGAGGTAGAAAAAGAATTTATTGACTCACTCTATTACTACCTAAATGATAATCTAAGAATGGATTTTTTCCTAAATCCAGATGAAAAGGAAATTCAATTCTATATTTCAGAAAGTAACGTGCCAGTTATCATTAAACGTTTGGTGACAAGGGCACCCATACAAAAAATAAAAAATAAAAAAGCGGTAGTGCCCATTGCAACACTTGAAAAGATTATGGTGGACCTGTTTGCAGATGAAAATCTGCTACATTTTTACCAAGGTTCTGAAATGGTAAACATCTACGAGAAAATAATTGATAGATATAGCATCAATTTTACAAAGTTGTTCAGCTATGCCAAGCGACGAAAAAAAGAACAGGAAATAAAGCAGTTTATAAGCAACAACATTCCAAATTTCTTAGAAGATATTAAATATGATTAATAACAAAAGTTTTGAAAAGGAATGGCTGAATGGCTTCCGTGCAAAAAAGGAACATAAGGGTATCGATGTAACTATATTGGAAAAAATGGTTCACGCACTATCATTACTCGAACATTTAAAAGTTTTAGGACTTGATTTTGTTTTCAAAGGTGGAACATCACTTGTGCTTTTGCTAAAAGAAGGGAACCGATTTTCTATTGATATCGATATTATTTCCAGCGTTGAGCGTGATAAATTAGAAGAAATTTTGGATGCAGTTGTAGCCAATTCACATTTCAAAAAGCACGTGCTTAATGAGCATAGAAGCTATAAGGAAGGTGTTCCAAAGGCACATTACACCTTTGAGTTCGAGTCGGTATATAATCCAAACGTTCCTGGAACCATTCTATTGGATATCCTTTTTGACAGTCCGCACTATCCAGAACTTATAGAATCGCCCATTGAAACACCTTGGCTTTCCATTGATGGAACTGCTACAACAATTACTACGCCTTCGGTAAACGCTATTTGTGGCGATAAGCTAACAGCTTTTGCACCAGATACCATAGGCATACCATTCTACAAAGGCGACCAGTTATTTGCAATGGAAATCTGCAAGCAATTGTTCGACTTGGGAAAACTTTTTGAAAATATTACTGATGTAGCAATGGTAAAGAAAAGTTTTTCAGCTTTCGCGAAAGCAGAACTATCCTATCGAAGTACGGACAAGGATTTTAGTAAAAGGAAACTCAATGAAAAGGATGTGCTATGGGATTCCATAAATACCTGTGCTATTATGGCAAGACGAGAACGTAACCCAACCGCTGAAAAGAAAAAGAAATTTGCAGATTTAAGCTCTGGCATACGAAGCTTTGGTAGCGCATTTTTAATGACAGGGAACTTTAGGATTGAAGAAGCATTGGCAGCTTCGGCCAAAGTAGCTTATTTGAATGCTATTATTCTACAAAAAGAGGATGTTGAAATAGAATATTATGAGAATCAGGATACAAAGGAATTGGTTATTAAAAATCCGGATTGGGCCTTTTTGAACAGATTAAAACGCCAACCCGATAAATCTATATTTTATTATTGGAACAAGGCGGTAGAACTATTGTAAATTAATGTGAATGGAATTAAAGTATATTATAGAAATCTGTATCGCTATCGACATCGCAATTTTGGGTATAGCATATCCTATTATCGTGGATAAAATATCCAATATAGGTCACAAGTTTTCATCAAACTATCTGGCTAATGCTTTTGAAAATGAATTTCCGCAGATAAAACTTTTTGGGATAATTCCCGGAAGGTCAAGAAGAATAACAGTATTTGAATGGGTTTTGTTCTTTACAATCGGCTCTTTTATATTCTTAATATTAGACCGTGAACCTTTTTTTTGGAAGGATAGTTGGATGATGCAAAACTCAGCAAAACTTCTAACGCTATTCTTAACAATATCATTGGTTGTTATTTTTATTATTTGGTTAGATAAGGTTTCGCTGTACAATGGCAAGTCCACACGTTTGCTTACCTATATAATTTCCGAATACCGAAAGCTAAAAAAAGATCAAGATGATAAATACCATTTTAAGATTATCAATGAACTTGCAATATTTGCCATTAGGACACAGGATAAAGGTTTAGAAGAAACATTAGTTAATTTCTACACGGAAGAATTCAATAATTACCGTGCTAACTTCATTAGACCAAGAGAGGAAGAAAAACCCAGAATGTTTATAAAATCTAAAAACCCTACCGAGTTTTCAAAACCTGCAGGATTTAGAAAAATTATTTCTGGTCGTTTAAGTCCCAGTCATAATTTTTATATTCCAGCTTGGCATTGGTATTAATTTTTGTGTCTGCATATTTATTGATAAAACCAATGATATCTTTTTTACCATTAACGGTATAGTCTTTTTCATACCATTTGAATATCATTGACACCTTTGGATTAGTTGCTGAAATTTCATTAAATTTTTCATTATTAATGAAATCTTTTGTGACACGGTCTAATTGTTCATTTATCTTACCTGCTGTGTAAGCCTCGTTTAATAATGGGGGACACGACATAGATGCGCAGGCAATGGCAAAATGGATGCGAGGCTCGTTCATTTTACGTAACACACCGTTCTCAATAGTCGCCAGGGTAATTTCCCTACCGTCAATCGGTACATAAGGTTTTGTCCACGGCCCATCAATATCCTTGATGCTTTTTACTGGATAATTTTCTACAATGAGCTTTACAGTGTAAGCGTTATAAGAGTTGATATAGTAGGCGAGCAATTCTGGTACAGACCAATCGTCGTTTGGATCTTGTGTGGAAAGAATTTTCAGGTAATCTTCTAAAGTCTTAAAATCTTTCTTGAAACCTTCGTAATCTACAAGGCCTTCCTTGTTAACGTGCTTTCTCAACAAATTATCCCAAATCGTATGATCAACATTTACTGAAGAGTTTGTGGTAGTAGAGACTAATTTGCCTTCAACTTTCTTTGTTGGTTGCCCTTGACTGGTAATTCCTGCCGCACCTAAAAGTGAGCAGCTCTGAATACTTCCCGCAACTAACAGCAGGACAATAGTTTTAATT
CP138982.1_gap63	2652498	2656928	4430	TATCAATGATCTTAAAGCCCAATTCCGTTATGTCTGAATTGAGTCCTCGGTTTTGTTGTTTTTTTATTAAACCTATGCTAATACTTCTGGCATGACCGCAGATTTCGTTGTAAAAGTGATGCGCTAAGGTGATAAAAAATGGTTTGTGTTCCCAGTTTTTCACGGTTTCGATATTGTTTAAAACCGTTGTTTCATCTGCTGTGTTTTTATCTCTGTGCAATCCGGTTTCAAAGGCATGTGCTCCTTCAATCGTATTAACTACACTGATTATTTTTCTTGTTTTAGTTGAACTATTGATGTTGTTTTCAATATCAGCATAATTGTTGACCAGTCTATAGGTAAAGGTGATGCCATCAATAATCTGAGCCATGTTATGCAACTGCATGTAGTAGTTGTATTCGTCCTGTAAATCTTGAAAATAACTATTGTGATTCCGTAAATTATCAATTCGTTTTTGACTTACACCAGCAGCAAGATTCACCAATAAATCTGGAATAAACTTAAAGCCCAACATCTTTTCCTTTAGGAAATGTTTTTCAAAAGGATAGAGGGACATCACTACGATATTACAGTTGGCTTTTGCCAATGTGGTCATATCAGTTTGGGTGAACTTGGTCAAAGTGAGTAGTCTGCTGACTTGGCGTTCCAGAAAATTTGGTGGACTGTAATGCCATATCGAATTTTTTCTACCGCTATTAAGGTGATTCTGTTTTTGTGGCTGGTATTTAAAACTCTTACCATAAGGCTTTAATGATGGATGGCAGTGTAAATCTACATACGAAGGCTTCATACTTCTAAATTACGTATTATTCTAGAATTATCAGTTGTCTTTGAAAACCAAAAACCCAACTCAATTGAGATGGGTTTTTGGTTATTGTGAATACAGCTGTGTTTATTCTTTAGTTTGGGCTAAAAAGCTACTTCTACAGGACATAAATGACCTCCTGTTTGTGTTGATCCAGATACAACTTCTAAACTGCCTACTAATAAACCTGGGCCAATAATCTGAGAGCAATCTGTAGCCAGTTGAGCGACTTGTTCATTATCTATAAAAACGATGAGATCGCTACTGAAATTGCCATCTGAAGCATTCCCAGAGATAGTAAACAATTCATCTATCTCAACAGTGTCGTTAAATAGAATATCACCGTTAAGAGTTTCAATTCTAACAGCTGATTCTTGCGATGCACCAATATATCTAAATGTTAGTTCTACAATATTGCTATCACACTCAACACATGGTTCTTCTGTTTCTAATTCAAGCGAAATGTTATCAATAGCTCCAGAATTATTCATTATAATTTCCATGAATGCTACACCAAAAGTAGAGTTAAGATCAACAGTTGTTTTTGAATTATCGCCACCTGGAGTAATATTAGTACTAAAGATTACGTTTGCTTCATTATCGTATAAATTAACAATGGTAGGGTTAGAAGCTGCTTCAATATCTAAAATATCAAACGAATTTAGAGTAACATTATCATTAGCACTAAAGTTAAATACAAAGCTGGCACCTATTTCTAAAATATCATCAGGATCATTTTGATCTAAATCTTCAGAAAGAATAAGGACGTTTCCTAATGCAACATTATTACTAGCACCACCATTTCCAATTCCTGGTCCACCATAGATTTCATTTGGAGTGCCAATATCAAAATCACCTCCTGTAGGGTTTGATGAGTCAAAAATCATCGCTGCATTACTATCGGGAAAAGCCATGGTAATACCTTCAACTTGCGCATTTTCGAAAGAATCTGTAATCAGTATTTCTGACACAATGTCTCCAGGGCTAAAATCTTCAAAATCAATTATAAACGATTCTATAGTTGAAAATTGATATTCAGAATCATACCTGTAGGTTGTTGTGTTTAAATCTGAATTTGATAGTGATTCGGTTTCACAGGCAAACACAAGGAATAGTAGTGCCAATGAAATAAAGTATAACTTTTTCATGGTAGATTAAGTTTTAAGGATTTGGATTAAGAAAATTAAAGAAAAAGTTATTTGTAATGGTTTTTTTAACGTAAAAACCGTTGAAACGAATACAATTTGTAATAATATGCTTACTATCAGGTGTTTTTGGTCTTTATATTTAAACTTTATAACCAAAAAACCCGATTCAATTGGATGGTCCCGTAACTTCAGGATTGATGGTGGTGCCAAAGGAACATAAGTCGAACTGTTCTCATAAAGATTTACAAAGCTTAATAATTGACTTTACAGCATATAATAAAAAACAGCAAATATTTTATCGTTATTTATAAGGTATTAAGGAGCTTTAAATAGTCATAATTATTTAAGGGAATACCCTGATTTTTCACAAATCAAGGAAAGCCCTTACTCTTTCAAGACTTTCAAATGCTAACTTGCATTCAAGTAAAACCAACACAATTTAAGTTATGAAAAATATATACTTTTTATTGCTACTACTTACCTGTTCTAGTTCTTTGATAATAGCTCAGACTGTTCATATAGTTGATAATAATCAAGGGTCTGCTGCACCATATACCAATGTACAGGATGCTGTAGATGCGGCTGCTGATAATGACATTATTTATATTCAACCTTCGCCAAACAGTTATGGAAGCATACAAATGACCAAGCCGTTAAAAATATATGGTCTTGGGTATAAACCTGAGCTCAATTCAGGACAAAGAGCATCGGTTTCCAATGTCGCATTTAGACACGGAAATGCCTCTGGCTCTGAAATATCTGGGTTGAATATTACTGAAATCTATCTAGACAATACAACTTTTGAAAATCATGATGTATTAATCACCAATAATAGAATCAGAACTATTTTTGGAAATAGTTCAACCTCAAACGCAAACAATGTCATCATTGCTGGAAATGTCTTTATTACATGGTCATTTTCTATTGATAATAATAACTCACAAAACTGGATCATATCCAACAACCTATTTGCAAAACAAACTACAAGCTCAACTAGTTACATTTTTTCGAGGCTCAAGAATTCAACTATATTGAGTAATAATATAATTTGGTCTACACAAAATGGGGACACTAACCAATCAATAAGTGTATTTAATGCTTGCAATGGTACCCAAATAAGTAATAATATTTTTCTCTTTACAGGGACTAATTTAGTTAATATGAATTTAGGTTCTAATTCGGCATTAAGCTATCAGAATAATTTAACCTATAGCCTTAATACTACTTTAGATGCCTTGTCTGGTTCAAATAATATTGACAATACCGATCCGCAGTTTGTAGCTTACACCATAGGCTCATCTTTAGAAAGTGCCTCTAACGACTTTAATATACAAACAAGTTCGCCTGCCGAAAATGCAGGTACAGATGGCAATAACCTTGGTGTGTACAATGGGCTATTTCCTTTTAGTCAAAGAGGGTATCCTACCGAATTGCCATACTTAACGGATTTTGTAATATTCAACAATATTATTAGTCCTGGTGAGACCTTGGATATCAACATAAAGGCCAACGCAAATATTAATGATTAGTAAATATGGATACAATGAAACAATCACTATTCTTAATAATTCTATTACTTGCATTCGGCTACGGCAAAGCTCAAATTACTTCAGCTGAATATTTTATTGACACAGATCCAGGTGTGGGTAATGGTATAGCCTTGACCGTTACGGGTAATGTTATAGATTCCGATTTTAGTATACCCACAATTGGGCTTTCTGCTGGTATACATAAACTTTATATACGCGTAGAGAATGCTGACGGAAATTGGAGTTTATACGATAAAAATGTGTTTTATATTCTTCCCGATAATACTAATAACACAAACATAACAGGTGCCGAATATTTTATAGATACAGATCCTGGCGTTGGTAATGGAACAGCACTATCGGTTTCAGGTAATATTGTAGATATGGACTTCGACATACCTACATCTGGTTTACCTGATGGGATTCATAAACTATGTATACGCCTTATCAATGAAGATAACACTTGGAGTTTGTATGATTGCAATGTGTTCTATGTAAGTGAAAATAATTCCAATACGGCATTAATCACATCAGCTGAATACTTTTTTGATATTGATCCAGGTTTAGGAAATGGAGCACCGATAGATTTAGACAATACTGAAGATTTAAATGAAGACCTAACAATAGATGTGCCAGTAGATTTACCAGATGGTGATCATTTTTTGTACGTGCGTGTTCAAAACACAGATGGTACATGGAGTTTGTATACCATATCTGAAATGTTATCGTCGTTATCTAACAATGATTTTGAATTGCAAGGATTCAAATTCTACCCTAACCCTGTGAAAGACATATTGTATTTTGATTTGAATAATCAGGCTATCACTGAAGTGAAAATCATTGATTTGCTCGGGCAGGTTGTCTTTCAAAGTAATGCTTCGTCTAATCACATTGATCTGCGAAATCTGGGTTCAGGGACTTATTTAATGCATCTCAAAACTGATAAAG
CP138982.1_gap64	2660747	2663320	2573	AAATAAAAGCATCAAATTTTTAATAGAAAACAAACTCGTTGCAGTTCTACTACTCGTCCTTTTTGTAGGATGGGGAACGGTAAACGCACCTTTTAATTGGGATACAGGTTTCTTACCAAGTAATCCTGTGGCTGTAGATGCCATACCAGATATTGGTGAAAACCAACAAATCGTTTTTACCAAATGGGATGGTCGTTCGCCACAAGATATAGAAGACCAAATCACCTATCCACTCACAACATCTTTACTTGGTATCCCTGGAGTAAAAACCATTCGTAGTTCCTCTATGTTTGGCTTTTCAAGTATCTATATCATTTTTGAAGAAGACATAGAATTTTACTGGAGTCGAAGTCGTATTCTCGAAAAACTCAATTCCTTACCAAGTGGTTTATTACCAGAAGGTGTTAATCCTGCTTTGGGTCCAGATGCTACCGGATTAGGTCAAATATTTTGGTATACGCTTGAAGGTCGTGATGAAAACGGAAACGTAACTGGTGGTTGGGATTTACAAGAGTTACGCAGTATTCAAGATTACTATGTAAAGTATGCGCTATCGTCTGCAAGTGGTGTATCTGAAGTCGCTTCTATTGGTGGTTATGTTCAGGAATACCAAGTGGACGTGAATCCAGAATTGATGCGTCAATATAATATTGGATTGCATCACGTCGTAAAAGCAGTTAAAGAAAGTAATAAAGATATTGGTGCACAGACTTTGGAAATTAATCAAGCCGAATATTTAGTTCGTGGTTTGGGTTATGTTAAATCCATTTCGGACATCGAAAATGCAGTAGTCACTTCCGAAGATTACACTTCTATTAAAATAAAGGATATAGGAAAAGTCTCTTTAGGTCCTGCAACACGACGTGGCTTATTAGATAAGGAAGGTGCTGAAGTTGTTGGTGCTGTTGTGGTAGCGAGATATGGAGCAAATCCAATGGAAGTCATCAATAACGTAAAGGATAAAATCAACGAATTAAGTGCGGGATTACCTTCAAAAGTATTAGCAGATGGCAGAACTTCCCAAGTAACCATAGTGCCTTTTTATGACAGAACAGAACTGATACAAGAAACATTAGGGACGCTTAATGAAGCCTTAACTCTTGAAATATTGATTACCATTCTGGTCATAATCATTATGGTTTTTAATCTTCGAGCATCCGTATTAATTTCTGGACTATTACCTGTTGCGGTTTTAATGGTGTTTATTGCGATGAAACTCTTTGGTGTTGATGCCAATATTGTCGCCTTGTCTGGTATTGCTATTGCTATTGGTACCATGGTCGATGTCGGTGTTATACTATCAGAAAACATCATTCGGCATTTAGATGAAAACGAGAATGTCATTCCGACAGAGCGAGGAACGAGCGACGAGGAATCTCATAATGAGATTCTTCACGATGTTCAGAATGACAAACTATCAATTAACCAGATAGTTTACAACGCAACAGCGGAAGTCTCTGGTGCTATCGTAACCGCAGTAATGACCACCATTATCAGTTTCATTCCAGTATTTACAATGATTGGAGCAGAAGGAAAACTGTTTAGACCATTAGCATTTACAAAAACCTTTGCATTAACAGCATCCATTATTGTTGCGTTATTTTTGATTCCACCGTTTGCTGCATTCTTATTCAGAAAGAAAAACATTAAAAACACTTTTAAATATGTTTTAAATGGCGTTTTAATAGCATTGGGAATCGTAGCAATAGTCTATGGGTATTGGTTAGGATTGATCTTGATAGCGTTTGGAATTACAGCAGGTCTTAATCTTCAAAATAAGATAACAGACAAGCAAGCTAATCGTATTAATATTATTATTTCTGCATCAGCAATAGTATTCTTGTTAGCCGAATATTGGAGACCATTAGGTGTGGATAAAAGCATTTTCTGGAATCTCATTTTCGTAGGTGTTATTTGTTTCGGTTTATTAGGGGTTTTCTCGTTGTTTATCAAATACTACACACGTATTTTAAGGTGGTGTTTAGATAATAAGTTCCTCTTTTTGTCTGTCCCAACAGCAATCGTCATTGCAGGTTTTTTCATTATGAAAAACACAGGCAAAGAGTTTATGCCCTCATTGAATGAAGGCTCATTTCTATTAATGCCAACCTCGATGCCTCATTCTGGCGTAGAAGAAAATAAACGGGTTTTACAACAATTAGATATGGCTGTCGCCAGTATTCCAGAGATTGAAACCGTAGTTGGTAAAGCAGGTCGTACAGAATCAGCTTTAGACCCAGCACCACTATCAATGTATGAAAATATCATTCAGTACAAACCAGAATATATGCTGAATGAATACGGAAAGCGTCAACGCTATAAAGTCAATGATGATGGTTTATTTGAATTGAAAGATGGACGTTTACTAGCGAATCCAAATAACACTGAAAATGTCATCTTGAGCGCAGTCGAAAGGTCTCAACTCATTCCAGACAATGATGGCGAGTTCTACCGTAACTGGCGACCAGAAATACAATCACCAGACGATATATGGAATGAAATTGTGAAAGTTACAAAGTTACCTGGTGTGACTTCTGCACCGAAACTACAACCTATTGAAACCCGACTGGTAA
CP138982.1_gap65	2850937	2854255	3318	CGTTAATCTTATTGCTATCTAACTTTATAAAGATAAACAGTAGAATTGTAAAGCCCCAAAGTCCGGAGCCACCATAACTAAAAAAAGGTAGAGGAATACCAACCGTAGGGATTAAGCCCATAACCATACCAATATTAATGGTAAAATGCACAAAGAGAATAGAAGCCACACCATAACCATAGACACGGCTAAATTGTGACTTTTGTGATTCTGCCAAATACAAAACCCTGATAATAAGAAGCACAAATACTAAGACTACAAAACTACTACCCAAAAAACCCCATTCTTCACCAACCGTGCTAAATATATAATCGGTTTCTTGTTCAGGTACAAATTTACCTGTGGTTCTGGTGCCTTGTAAGAATCCTTTTCCTGTCAGCCCACCAGAACTTATGGCCTGTTCGGATTGGATGAGGTTATAGGCTTCGTCCTTTTTCATTCGCTCTAGTTTCACTGGGTCTTTTTCCAATCGTAACCAAAGACTGATTCTGTTTTGTTGATGAACTTTTAGACCATGCTCGTAAAATAATTTTACACCATAAGAAAATCCTATAGCTACGCCCAAGACAAGCAAATATTGTAGAATAGACGCTCTTTTCTTTTTTCTTAAAAAATATCGTAGTCCCAAAACAATTAAACAGGCAATAGCAGTTATCACCATACCAAATTTCAATGCCAGAACTGCCAATATTATCAATGATAATGCTACAATAAGGTAGATTTGTTGCAGGCCTTCTCGATAAAAAACAAAGAAAAACGAAAGGTAAACAATAGTACTACCTGCATCATTTTGAAGTAGAATCAATAGTGCTGGCACAAATATGATGGCAACAACCCGTAATTGGTCTTTTAGGGTTTGCATATTAGTCTGTAGATCACTTATATACTTGGCAACTGCCAAAGCTGTAGCAAATTTGGCAAACTCACTAGGTTGTAGAGTCATGCTGCCAATGGCATACCACGAGCGTGCGCCATTAATCTCTTTGCCGAATAAAAATAAACCCACCAATGCCAATAGTGCGACGAGATATATGATACTGGCAAAGCGTTCATAAAACTTGGCTTCAAAAGAGAGAATCAGTACGATGAGCACAAATGTGAGACCTATGAAAATAAGCTGTTTTCCATAAAGTTGTGAGGTGTCAAAGTAATTGACGATATCGCCATCATGCGATGCCGATAAGATATTGAGATACCCAAAACCAACCAGTAATAAGAATAAGATGATAGTTAGCCAATCAAATTTAAAACGTCTTTGGTTTTCTCTAAGCATACATTAAGACTTTGGGATTTCGGCTTTAAGTTTCAACAGGTTTTGAAATTCTTCTTCACTTATTGGTTCTAATGTAGTTTGTCTATTAATGCCAAAGGGTTCACCTGAATATGGTTTTTCGTATTCATGCTCAAGTGAATAACGAAGCACAAAATTCTCCATATCCTTTCGGGTAATTTCGCCTCTAATGTAATATTCTATCATTAAACTTGCCATTCTTCCTGCAAATCGACTTCCAAAATATCCGTTTTCAACAAAAACTGCTATAAGCAATTTTCGGATTGTCTTTTGGAGCAAATGCTACAAATATGGAGTGGTCTGTAAGTTGAGTTTTAACACTATCTATGATTGCAAAGTTTTCTGCTGTACCAGTTTTTCCACATATATCGATACCTTTTACTTGCAACATATTTGCCGTCCCTTTGTTGTAAACATCATACATGCCTTCTACAACAGGTTCAAAATGCCGTTTATCTATGGTAGTATGGTTTGGAGTCGTAAATTTGGTTGGTATGGTTTCCTCCTTCTATATCTTTAATAATGTGCGGTGTATAATAGTAACCACGATTACCAATCGCTGCTGCCATATTTGCTAGCTGAATAGGAGTTGCCAATACCTCTCCTTGGCCAATAGCATTAGAAATAGTAAAAGTAGTGTACCATCTGTTTTTACCGTAAGCTCTGTCATAAGTGGCTGCAGTTGGTACTTTTCCAGGCTGACCAACCGATAGATCGTTATTTAGGTAATCGCCTAGGCCAAAACTTTTGATGTGCTTACTCCAATTGTCCATGCCTTCTGCTGGAGTGTCATATTTATCCATTATCCTCCTGTAAACATTGGCAAAGTAAGCGTTACATGATTCATAAATACCTATATTCATATTCGCTGGACTTCTATGGGCATGGCATCCCATTTTACGGTTACCGTACCGATAACCCATCGCACAACTAAAACGTTCCTCTGTAGTAACCACACCCTCTTGCAATGCCACTAAAGCATTAAGGGTTTTAAAAGGAGAACCAGGTGGATACATGGCTTGAAGCCCTCTATCGAATAAAGGTTTTGCAATACTATCTCTATAAAGTTTATTAAAGTTCTCTGAGCGATTCCTACCTACCAATAAATTAGGATTATATGAAGGGCCAGAGACCATAGCTAAAATTTCACCAGAACTGGGCTCAATGGCAACAATACCACCTCGTTTGTTAGTCATTAAAAGCTCACCATAAGCCTGAAGTTGAGAATCTATAGTAATAGTTATATCTTTTCCTGGGACAGGTAATGTGTCAATTTTTCCTTCTTTAAAAGGGCCTATGTCTTTATTAAATCGGTCTTTTTGAATGAACTTAATCCCTTTTACACCTCTGAGGATGTCTTCATAAGTTTTTTCTACACCTTGCTTACCAATTAAATCGCCCAGTTTATAATAAGGTTGTTGGGCAATAATACTGCGATTAACTTCTCCAATATCACCAAGTACATTGGCGCCAATTGTGGTTTGGTATGAGCGTAATGAACGTTTTTGAATATAAAACCCTTCGTATTTTCTCATTTTTTCCTGTAAAACGGCATAATCCGTTTTAGACAATTGAGGGACAAAAGGTGATGGAAGTCGAGGTGAGTAATTTGTGGCTCTTTCTAATTTTCTGGCATAATCTTCCTTTGTTATTTTTAAGAGTTTACAGAATTCATTTAGCTCCAAAGAATCCAAAGGTTCTACTTCCCTTGGTATTACCATGACATCATAAGACGGTTGATTAGCAACTAAGAGTTTACCATTTCTGTCATAGACATAACCACGTTTGGGGTAGTTGTAAACTTTTCTGATGGCTGTGTCTTCAAAAACATCATATTCATAACCACCATAGACTTGGAGATAGAACAAGCGCGCTATAAAAACAAGACCAACAAGTACAACAGTAGTTAGGAGTAATAGTTTTCTCATTTTTTGTTTCTACTAAATAAAATTACAATCAATACACTGAGTATTATAGTGAAAATACTAGAGAATAACGTCTTTTTCAATATTAATAGTATGCTCGAA
CP138982.1_gap66	2880885	2881664	779	TGGACCAATGGTTCAGGTTGGTACCGTAGATGATGAAGAGAAACCAAAATTTGCAAGTTTGTCCCCAGATCAACAATTAAACTCCATCACATATGAGGAAGCCATGGACTTATTTAAGCTTCCTAAAGCATTAGGCCATTATAAGGATGATGAAGTTGAAGTTAACAATGGGCGTTTTGGGCCTTATGTGAGATTTGGTAAAAAGTTTGTGTCATTGCCAAAAGGAGTTGATCCTTTAAGTGTAGAATTGGAAGAAGCAATTACATATATTAAGGAGAAAGAAAAAGCAGATGCTCCTATATATATGTATGATGGTTTAGAAGTTACTAAAGGCAAAGGGCGTTTTGGGCCATTTATTAAATGGAACAACATGTTTATAAATGTCAATAAAAAATACGATTGGGATAATTTATCTGAAGAAGACATTGTAACTTTGATCGAGGATAAAATCCAAAAGGAAAAAGATAAACTTATCCATGTTTGGGAAGATGAAGGTATAAGGGTAGAAAAGGCGAGATGGGGAAGACACAATGTTATAAAAGGTAAGCAGAAAGTGGAGTTGGCTAAAACAGTTGATGTATCTGATATGACATTAGAAGAAGCTAAAGCCATTTTAGAGAAGAACGCCCCAAAAAAGAAGACAAGAAAAAAGACAATGAAAAAAGCGACGACTAAAAAGAAGTAATACACTATGAATTTTAATTTTCTGACGCCTGTATCTGATGCGGTTTTAGCTCATAATGAACTAATAGCGCAACAAGCGCTAGGAAAAAAAATTA
CP138982.1_gap67	2898097	2900140	2043	ACTGAAGACGACGACGATTAAAATAAGCTTACTTATAAAAGAGTTAGTTAATAGCGCTTAGTAAATAATCTAAGCGTTATTTTTTTGTTTTAATACTTGCTAAAATTAAAAAGCGTTGTATATTTGCAGTCCAATATTTTTGTCGGCATTATGAACCGAAGGTTAAAAGCTAAGTGAAGCATTGGGAATTAAATCGCGGGATAGAGCAGTAGGTAGCTCGTCGGGCTCATAACCCGAAGGTCACTGGTTCGAGTCCAGTTCCCGCTACAACAAGCCAAATACGAAAGTATTTGGCTTTTTTTACATAAGATTTTAGAAAGTATGCTTTTTAAAATTGAAATGTCAAAAAAAGTAAATTTTATTAAAATTTGGGTTGTTGTACAAGCTCCTCATTTTGGCCGATTCCGAAGTATTGCGAAGGAATGAATCCAGTTCCCGCTACAAAGAAAGCCTCTTGATTTCTCAAGAGGCTTTTATTTTTCGATTCTGCTAAACACGCTTCTTTTCAATAGTGTTTGTTTTCTTTTCTTGCTTTTCAGTCTGTTCTGGTGGGATGATATATCTATGGTTGTCATTAAAAAACTGTTGCCTCATGGCTTCCATACGCTTCATCATATCGTCCATACTTGGAAAATTTGAGTTGAGGCCACCTGAAAAGAAGTCATCCATAAAAATATCATCAGAAAAGAACTGTTTCATAATAGAATCGTGCTTCATAAAGCCATTGCCGTTTTGTGACTGAAACATTGAGAAACGCTTGCGCATCATGGACTTCATTTCATTAAAAATACTATCATTGTCCATACCTTTTAAGTTATCAGATGAAGACCAAGAATAAATAGAATCGTAACGGATTATATTTCCATTTTCATCAACTTCTTTATTGACTTTCCAACTACCTTTAGGTTTCGCATTAGAATCTTGTGATGTTTCAGACTTTACGATTTTATCTTTTGGTGTGTCGGAATTCTGTGCGTTACAGCTTGTAGCTAAAATTGCCACAAACAAAAAGAGCATTACTTTTTTCATTTTATTACAATTTTAAGTTATACAATACATTAATTTTTGCGCAAAAAAAATGCCAATTTATACTGAGCCTTACATTTTGTCAGATAGTTTTATTTTTGCATTTGTATGAATGACAATTTAACCAACGAATTCTTTGGAATAGGTATCCAAAACGGAAAGACACCAGAAAACTTAGGTGTACTTTGGCGCTCTGCTCAAAACCTTGGGGCAAGCTTCATATTTACCATTGGCAACCGTTATGCAAAGCAAGCTTGTGATACACATAATGCTGTAAAATCCATGCCGTATTTTCATTATGAAACGTTTGAAGAATTCTTCAATAATTTACCAAAAGGAGCAAGATTGGTTGGAGTTGAATTGACTGATGAAGCAGAGGATTTAGAAACATTTCATCATCCGAGACGTTGTGTGTATTTATTAGGAGCAGAAGATCATGGTCTGTCTAAACAAGCGATAGAGAAAAGTCACTTCTTGGTTAAGTTTAAGTCGCAATTGAGCCTTAATGTTTCTGTTGCTGGAAGTATTGTAATGTACGATCGTGGCTTAGCTAAACCACGTTCTTAAGTTAATTATTTAGATGTTCTCAATCTTCTTTTTGAAGCTATTCTGTTTTTTACGAAAAAGAACAATGCAAAAAGCACAATTACAAAGAGCAATGCCCAAATCCACCATAAATTAAAAGGTTGAAAATCAATTGGACTAGCATCACCAATCAATACCAACCCGGCCCAATATTCAGGAGAGAGAGTTCTGCCTTCAGCAGTTGACAGATAGTCTAACTTGGCTTTTTGCAAAGCTTCATCTTTGGGTAACCCCATTTTTAAATGACCGTAAAAATTTTCAATAATCTTGGCGCTAGATTTTTCGTCAATCTTCCATAAACTGGTTAAAATACTTTCACTACCAGCATAATTAAATGCGTGTGCTAAGGATATCATTCCTTCTCCTGGCTGAAATGTGGGTTTTCCTGTTTCGCAAGCCGTCAGAATTGCCAAGTTAGAAGCTAGATTTTGG
CP138982.1_gap68	2924967	2926670	1703	GAATTTATACTATTTTTGCAGCTACAAAGCCCAAAACGCAAGCCAATTTTATTAGCGCAACGACCAAAGATAAAAATTGTTTTGCAATTGTGGTAATATAAACTAAACAAGCTATAATTTCAGTATATGAAGTCTCAAGATATTCGCGATAAATTTTTAAAATTCTTTGAAAGCAAACAGCACCTTATTGTTCCGTCTGCTCCAATGGTATTAAAGGATGATCCGACTTTAATGTTCGTCAATTCTGGGATGGCACCTTTTAAGGAATATTTTTTAGGCAATGCAGACCCTAAGAAAAATCGAATTGCAGATTCTCAAAAATGCCTAAGGGTGTCTGGTAAGCATAACGATTTAGAAGAAGTTGGTTATGATACTTATCACCACACTCTTTTTGAAATGCTCGGTAACTGGAGTTTTGGCGATTACTTTAAAAAAGAGGCTATTGCTTGGGCTTGGGAATTACTGACTGAAGTTTACGGTATTGATAAAGACATTCTCTATGTCACCGTTTTTGAGGGTAGTGATGATGATAGTTTAGATGTTGACCAAGAAGCTTACGACATTTGGAAACAATACATTTCTGAAGACCGTATTCTTATGGGCAACAAAAAAGACAACTTTTGGGAAATGGGAGACCAAGGCCCTTGCGGACCTTGTAGCGAAATCCATGTAGATATTCGTTCAGCTGACGACAAAGCGAAAGTGGACGGAAAATCATTAGTTAATATGGACCATCCTCAGGTTGTGGAAATCTGGAACCTGGTCTTTATGCAGTACAACCGTAAAGCAAATGGTTCTCTCGAGATCTTGCCAAATAAACATATTGATACAGGTATGGGCTTTGAACGTTTGTGTATGGTATTACAAGACGTTCAGTCTAATTACGATACGGATGTTTTTACGCCAATTATAAGGGAGATTGAAACCATTTCGGGAAAAGGATATGGCAAAGATGATAAAACTGATATTGCGATTAGAGTGATATCAGATCACGTAAGAGCCGTTGCATTTTCTATAGCAGATGGACAGTTGCCCAGCAATACAGGAGCTGGTTATGTGATTCGAAGAATTTTGCGTAGAGCGATTCGTTATGGATTTACATTTTTAAACCAGAAAGAACCTTTTATCTATAAACTTACGGATACATTGAGCAAGCAAATGGGAACTGCATTTCCGGAGCTTAAGAATCAAAAGCGACTTATTGAAAATGTCATTAAAGAGGAAGAGCATTCTTTTTTGAGAACTTTGGATCAAGGCTTATTGTTGTTGGATAGGGTCATTGAGAACTCTAAGTCCGAAACCATTTCTGGTACAAAAGCCTTTGAATTATATGACACTTATGGTTTTCCATTGGATTTAACCCAACTTATTGCCAAGGAAAAAGGCTATACCATTGATGAAGCTGGTTTTAATGCTGAAATGAAAAAGCAAAAAGACCGCTCTAGGGCTGCTTCGGCTTCGGAGACTTCGGATTGGGTAGTTTTAAAAGAAGATGATACGGAAGAATTCATAGGTTACGACACTTTGGCTGTTGATGTAAAGTTGACGCGCTATAGAAAAGTGACCTCAAAAAAAGAAGGAGAGCAATATCAATTGGTGTTTAATATGACACCATTTTATCCTGAAGGAGGTGGACAAGTTGGTGACAAAGGTTCCATTGAAGCTTCAAATGGAGAGGTGATTTATATATTGGATACAAAAAA
CP138982.1_gap69	2931198	2934285	3087	AGTAGAAGTCGATTTTGAAGGAAAAGAAGATCCAACTGGTTTAGAGGTTAGAGATGGAGGTATTTTGCTGAGCTCAGATCAAAATATAATGCTGCTCGACTGGGATGGTAAAACTAATTGGCATGAGTACCACAGAGCACCAGGTAAAAGTGCTTTTGGTGCTATATTAGCGGGAGCAGTGGCTGTAGCTTCTACAGGATTGGCTATGGATGCTTCCCTGCGCGCTGGCGCAAACAAAAATTATCTTGGTCAGTATAACCAGTATGGTGCAAGAATGAAACGCACAGCAGATATGTTCTCAGCAATTGGTACAGCATCTTTTAATGAGATGGCAAAACGTTTTAAAGCAACGTCCGCAACCAAGGATGCGCAGTTTGTTTTAACCAAATTAGATGATGGTGTAGGTTTGGTTAAACTAAATAAAGATACTGGCAATACCGAAAAAGAAATTGTACTAAAGGATAAAAAACCAGTGTACAAAGTAGATGAGTATGGTGGGTTTCTATATTATAAACCAAACGATAAGATCATATACGCTTACGATCTTAGTAAATAAATCTTGTTGTTGAGATTTGTTATGATTAGGCGTAATTATTTACAGATTGCGCTTAATCTTTTTAAATTGTCCATTAATCGAAAAAAAATAGACCTACGCCTAAATAATGATATATTAGTAATGCTATTAATCAATTTTTTTAAAAAAGCATCAGTTATAATTTCTGTAATAAATCACAGAATATACCTGATGCTTTTTGTGTCTATACCAGTTATGAGAAAACTATCATTAAGTTGTTGCTTAATTCTGTACACCTTCTTCGGTTTTTCTCAAAACTTAGACAGTCTGCTTACCGAGGCTAGAACAATAAAGGATGATTCTGTTAAAATAAGAATGTACAACAAAATTGGGTTCAGCTATATCTTTAACGATACGGACAAAGCGCTTGATGTTATAAAAGAAGGTAAGCAACTTGCCAATAATGCAAATTTTAAATTTGGACTTACGGAATTGACAAATACCCATGGTATTTACATGGATGTTACTGGGAAATCAGACTCTGCTGCTTATTATTTCGAAAAGGCCCTAAAGATGAGTAGGGAGTATAACTTTGACAACATTGAGTCCATGTGCTTAAATAATCTTGGAATGTTCAATTGGAACAGAGGCAACTATAACGATGCGCTCGACTATTTTTTCCAATCCCTAAAAATGGATGAAGCGAGAGATAGCGAACGTTCAACATCAGCTTCTTTAAACAACATAGGGCTTATATACCAAGAAATGAATCTGGCCGAAAAGGCATTGACCTATCATAAAAAAGCATTAGAAGTACGTAAAAAATATAATCTTGAAAATGAACAGATTGCCTCATATAACAATATTGGCATTAATCTAAAGGATTTAGGGCGATTAGATGAAGCGATAGCAACGTACAAAACAGGTATTGCTCTTGCCGAAAAGAAGAATAACCTCATAGATTACTATCGCTTGCTAGACAATTTGGCCAATGCCTATTATGTTAAAGGAAACACAGATTTAGCACTCTCAACCTATTTAAAGGCTTTAGACAAACCACAAAACTTTAAGGCAGACGAAAAAAGCATTTTGGCCCTTTATAATAATATTGCAACATTGTATAATGAGCGTAATGAGCCTAAAAAAGCACTCTCGTATATAAATAAAGGTTTTACACTGGTTGATAAATATCCTGAAATTGAATTGGTGGCAACAGATCTTTATTTAAGCAGTGCAGAAGCACATTATATGCTCAATAATTATGACAAAGCAAGAGCATCAAAGCATAAGTTTATTTCCTTAAAAGATTCGATTTTTTCCGAAAATAATGCAAAGGCAATTGCAGATATGGAGATAAAGTATGAAACTGAAAAAAAAGAAAAGGAAATTCTCATACAGCGTGCAGAACTAGCTGAACGAGATTTAATCATCCAAGAACGAAATTACCAGATTTTTGGTCTCATAGCCCTTGCGATAATCTTAGGTATATTGGGTTATTTAATTTATAAACAACAAGAGCTTAAAAACAGACAGCTTCAAAAAGAAAACGAACTCAAAGATGCCTTGCTAAAAATTGAAACACAGAATAGATTGCAGGAGCAAAGATTAAGGATTTCTAGGGATTTACACGATAATATTGGAGCCCAACTCACCTTTATTATTTCATCAATTGATAATTTAAAGTATGGGTTTGATATAAAGGACGAGAAACTAAAAACTAAACTAAATAACATTAGTGATTTCACATCTGGTACTATTTATGAACTTCGGGATACCATTTGGGCAATGAACAAAAACGAAATCACTTTTGAGGATCTACAGACCAGAATTACCAATTATATCGAAAAAGCCCACTTGTCTGATGCCAATATTGAATTTGAATTTAGTGTAGATGAGCGTGTAGATACTTCAAAAAAATTCACATCGGTTGAGGGCATGAACATCTATAGAATCATACAAGAGGCCATCCACAATAGTTTAAAATATGCCAATTCTTCAAAAATCGAAGTGAACGTTCATAAGGACTTATCAAACCTAGTGTTTAAAATAACGGATGACGGTATTGGGTTTAACAAAGAGAAAATCATAAGAGGTAATGGCTTAAACAATATGGAAAAACGGGCAAAGGAAATCGAAGGAGAGTTCATTGTTAAGTCTAAAGAAAATGAAGGCACAATCATAAAACTTACAATTTAAATAATTCAACTTTTGTAAAATGACCACCAGAATAGCCATAGTAGATGACAATACCTTTCTTATAAAAGCTGTAGAGGAGAAGTTGTCTTTTTTTGAAGATTTAACTGTAAAGTTCAACGCTATGAATGGTGAAGACTTGCTAAAACGATTAGAAAGTAATCACAACCTCGATTTAATATTAATGGATATAGAAATGCCGATAATGAATGGTATTGAAGCTACAGAGAAAGTGAAACAAAAATACCCACACATTAAGATTATAATGCTTACGGTTTTTGATAATGACGAAAACATTTTCAATGCTATTAAAGCAGGAGCTGATGGTTACTTACTTAAAGAAATTAATGCAGGTGACTTACATTCTGGTATTTTAGAAA
CP138982.1_gap70	2948997	2953216	4219	AACCCTTCTTTATGTGAAATCTGTTTTACCGTGGCTACCGCTAAACCAGCATTTGCACAAACCACATTATTATGAGCATCAGTGCCTTTTCCGCTAATTATTTTGGTAAATAATCGTGCGGCTTGGGCAACTGTATTACCACCAAAGATTTCTTTTTGTTCTATTTTGTTTACACCTAAATCTTGAGGCTCGAATAGTGTTTCAGAATTGTTTGAAATGACTTTTGTTTTTCCTGTTAAAGAGATTTCATCATAACCATCTAACGCATGCACAACAGCATAGTTTTTATCTGTTTCTTGATATAAATAGCCGTAAAGTCTTAGTAATTCTAGGTTAAAAACTCCCACCATCTGATTTTTAGGAAAAGCTGGATTAACCATCGGTCCTAACATATTAAAAAATGTTTTAACACCTAGCTCTTTTCTAATTGGTGCTACATTTTTCATAGCTGGATGAAATAAAGGGGCGTGTAATACACAAATACCTGCTTTATCAATACTGCGATTTAAAAAGTCAATATCATTAGTAAATTTTATACCTAAATGCTCCATAACATTTGAAGAGCCACAAGCGGAAGACACTCCATAATTACCATGCTTTGTGACATGGACTCCAGCACCTGCAGTTACAAAAGACGACAATGTTGAAATGTTAAACGTGTCTTTGCCATCACCTCCCGTACCACATAAATCTATGGTGTTGTAGCCTTCTAATTCTACAGGAATACAAAGTTCTAAAAGCGCATCTCTAAATCCTCTGAGTTCTTCTATGGTAATGCTACGCATCATATACACCGTTAAGAATGAAGCGATCTGACTTTGATTGTATTTGCCTTCTGATATATTAACGAGTACGTTTTTCGCTTCCTCGCTGGAGATGCTTTCTTGGTTTATTAATCTGTTTAGTATTTCTTTCATTTTATGCTCGCGGAAGCGAGTAACTTTTTAATTAATCTTCATTAAGTCTTATTCGTTCCAAATTTTCTGTTATTCGTCGATCGTCAATCGTCAATCGTCAATCAATTTAACTATTCACCCAGTTTTTAAGAATAGTTTTTCCGTTTGGTGTTAGAACAGATTCAGGATGATATTGTACTCCTTTAACATCATAAACCTTATGCCTTAAAGACATGATTTGTCCGTTAGTATCGAAAGATGTTGCTTCTAAGCTATCAGGTAAATCTGTGTTAACAACCCATGAGTGGTAACGGCCTACTTCAAAAGTTTTATTAAGTCCTTTAAATAAGGTTTCATCATCTACAGAAACTGTAACATTAGTTGACACACCATGGTGAACCGTATCTAAATTCACTAAGGAACCACCAAAAACCTCGCCTATGGCTTGTTGTCCCAAGCACACACCCAAAATACTTTTGGTTGGTGCGTATTTCGCAATAATTTTTTTCAGTAGTCCAGCTTCATCTGGGATTCCAGGACCTGGTGATAAGATGATTTTATCAAAAGCATCGACTTCTTCTAAGGTGAGTTTGTCGTTTCTTTTTACGGTGACATCACAATCTAAATCCTGTAAATAATGTACTAGATTGTAGGTGAAGCTGTCGTAGTTATCTATGACCAATACTTTTTTCATATCCATGGCTGCGAAAGCAGGTATCTTTTTTGATTAAACATCTTTTTATTTATTTTCATTTTGTCTTGAAACAAAACGAACCAAAAATTCAAAACGATTTGTTAGGAAATTGCTAAAGCATCACTCGCTTTCAAAGCTACATGCTTGAAGCTGCGCTTCGCAGTTCCGCTTTTTCACTCATTATTTCTGAAAATCGTTGTTTCCGACTGAGTCGAAATAAGGGACTTTCATATTTATTGGGTTCTGTTTTAAATTCAATTTTATTTTTTTGCTTACTGCTTACTGCTTACTGCTTACTGCTTACTGCTTACTGCTTACTGCTTACTGCTTACTGCTTACTGCTTACTTCATATTTCCTTAGCTTGTTCAATCGCCTTTGTCAATGCTCCAAGCTTGTTATATACTTCTTGTAATTCGCTTTCAGGATTAGATTTAGCAACCAATCCTGCTCCTGCTTGCCAGAAGAGTTTATGGTTTTTACTTAAAAATGTTCTAATCATTATGGCGTGATTAAAATTGCCCTCAAAATCCATAAAACCTATCGCGCCACCATAATAAGCTCTGCTTGTTTTTTCGTACTTCTCTATAAGTTGCATCGCCATGTGCTTTGGAGCTCCACTCAATGTTCCGGCTGGGAATGTGTCGGCAACAACCTGCATAGTATCTGTGTGTTTATGTTTCGTTCCTGTGACCTTACTTACCAAATGGATGACGTGAGAAAAGAACTGAACTTCTCTATAATTTTCAACGGTTACGCCGTGGCCATGCCTGCTTAAATCGTTACGAGCTAAATCTACTAGCATTACATGTTCGCTATTTTCTTTGTCGTCGTTAATTAGTTGTTCTGCTAGTTCAGCGTCTTTTAAGTCGTTACCTGTACGTTTAAATGTACCAGCAATCGGATGGATTTCTGCCTTATTATCACTTACTATCAACTGTGCTTCTGGTGAGCTTCCAAATATCTTAAAACTCCCGTAATCAAAGTAGAATAGGTAAGGGGAAGGGTTGATACTTCGCAATGCTCTGTAAACATTGAATTCATCTCCACTGAATTTCTGTGAAAACTGTTTTGAGAGGACGAGTTGAAAAACATCTCCTCTTGCACAATGTTTTTTTTGCAAGTTCTACATGCGATTTGTATTCCTCGTCTGTAAGGTTGGATGCTATATCGCCTTTTGTAGCGAAATCATAAGAAGCATATTGCCTTGTTTGAATTAACTGAAGTATCTCTTCAATATTATTTTCCGTATCAAAGCAGTGTGCAAAAATGTAGGCTTCATTCTTAAAATGATTTATCGCAATAATATTTTGGTAAACAGCATAGTAGATGTCTGGAATATCTATTGAGTTTTCCTTTTTAGAAATTTCTATGTCCTCAAAATATTTAACGGCATCATAGGCAGTATAACCAAAAATGCCATTATTAATGAATTTAAATTCTTTATTGCTATCTACTTTAAAACGTTGAGTAAACTTGTGGATTTCTTCTACTACACCAACAGTATTGGCAAAATTGTTTTTTGAACTGCCATCTGGATAGGTTTGGGAAATAACACCATCTTTAACTTGTATTGAGGCTATTGGATTGCAGCAGATATAAGAAAAACTGTTGTCATTGGCATGGTAGTCACTACTTTCCAGAAGAATACTGTTAGGGAATTTATCCCTAATCTTAAGGTAGATGCTCACTGGAGTAATGGTATCTGCCAATATTTTTTTATAATGTGTGTATAGACTAAATGTTTTCATCAATTTAAAATTAAAAAAGGCCTGTCGTGAATGACAAGCCTTTTTTTATATTACTACATACCAAGGGTTATTTCACGAACATGAGTTTGAGAAATTCCACCACCAAATATGATTTGTTTTTGTTTTCATTTGAGTGCCAAATATAATAAGGATTATTTCAATATCAAACATTTAAATTAATGTTTTGTTAATTTTTTAGTATTAAATAGATGGATTGATAACTTTATGGTTATGAAATACAGTGTTATAATAATCTTGTTGATTTTTATGTCTTGCAAGAACGAGACCGCTAAACAAGAGGTAGCTGATGCTAACAATGAAAAGGAACAGTCAGTAACTCAAATCACTAATTCTGATTTTGACCTTAAAGTTTATGACTATGATGGTTTAGAGCCTTTAATCAATAAAAAAGACGAGAAGGTACATGTGGTCAATTTTTGGGCTACTTGGTGTGCGCCTTGTGTTAAGGAATTACCTTATTTTGAAAGAATAAATAAAGATTATAAGGATAGGGACGTAGAGGTTTTATTGGTGAGTCTAGATTTTCCAAGAAACTACGATACCAAGTTAAAACCTTTTATAAAAAAGCACGACTTAAAGTCTAAAGTGGTAGCTTTTGATGATACAGATCAAAATAGATGGATACCTGCAATTAACGAAAATTGGACTGGTGCTTTACCAGCCACAATTATATACAAAGGTGATAAACGACAGTTTTACGAAAAGTCGTTTACTCAAGAAGAACTAGAAAACGAACTAAAACAATTTTTAAAATAGATTAATATGAAAACTTTAAGATTACTCGCAGTTATGGTGTTAGTGGTAACATTATCTGCTTTTACAACAACAGATGGTGATGGCTATAAAATTGGAGATATCG
CP138982.1_gap71	2975050	2977357	2307	AATTATCGGATTCGGTGTGTTTTAATTTCGGAATAGTTATCAAAGTTTAGAGACTTAATATTAAGTCGCAAAGATAGTATTAAAATACCTTTTTTATACTGTTTCTAATAATCCAAAGCGACATTACAAAGTTTCCAATAACTAAAGCTCCGCCATAAAATAATAAGCGTTTGGCTGACTCAGACCAATTGACAATGTTGAGCAAATTAGACAAGTATGCTAATATGAGGTATGATGATAGACAAACAAAAACAATACCTAACGAAAAATTAAGGTTTCTGTTTGGCTTTATCAATTGCCATAAAAAAGGAATGCCAAATAGTAATATTGGATATGCCGAAATACCTTCACTTCTATTTATGTACGTAAACCAATAGGCTATTACCGATATAAAATATAGATAAGGTATAAATTTGGTGTATTTGCTAATTGTATTCATCTGTCTTTTATTTAAATCAGATTGTCTGCCGACAAGCTGGTGTAAATAGCCCAATTAGCGGTTGTTTAGTTGTGGGAAGGCTTTTTACTATTAATCAATCTTATAACTAAAATTACGAATAGAAATTGCATTTGGATTAAATAATAACATAATATTAACGAAGTGAGGATAATAAGGTGTACCTTTGCGCGCTTAAAATTTTGCGCCAATTATGAACAAGATTAAAAATATTGCAATCATTGCACACGTCGATCACGGCAAGACCACTTTGGTAGATAAGATTATGTACCATTGTCAACTTTTCCGTGAAAATGAGAATACAGGAGACTTAATTCTAGATAATAATGATTTAGAACGTGAGCGTGGTATTACAATTACTTCGAAGAATGTTTCTGTAGTCTATAAAGACACAAAAATTAATATTATAGATACTCCTGGTCACGCGGATTTTGGAGGTGAAGTAGAACGTGTTTTAAACATGGCTGATGGTGTCTTGCTTTTGGTGGATGCTTTTGAAGGTCCTATGCCACAAACGCGTTTTGTGTTGCAGAAAGCTATTGACTTAGGGTTAAAGCCATGCGTTGTCATCAATAAAGTAGATAAGGAAAACTGTACACCAGATGAGGTACATGAAAAGGTTTTTGATCTTATGTTTGAGCTTGGTGCAGAAGAATGGCAATTAGATTTCCCAACCGTTTATGGTTCTGCAAAGAACAATTGGATGAGTGAGGATTGGCAAGATGAAACTGACAACATCGAGCCATTATTGGATATGGTTATAGAACATATTCCTGAGCCAAAAATTGAAGAAGGTACTACCCAAATGTTGATTACATCTTTAGATTTCTCTTCATTTACCGGAAGAATTGCAATCGGTCGTTTAACGCGCGGCAATTTAAAGGCTAATCAGCAGATCTCATTAGTAAAAAGAGATGGCTCGATTGTGAAGAGTAGGATTAAAGAACTACATACGTTTGAAGGCTTAGGGCGTAAAAAAGTAGATGAGGTACGAACTGGAGATATCTGTGCTATAGTTGGACTTGAAGGTTTTGAAATAGGTGATACCGTTGCCGATTTAGAAAATCCTGAAGGGTTAAAGACCATAGCCATTGATGAACCAACAATGAGCATGCTATTTACCATTAACGATTCGCCTTTCTTTGGTAAGGATGGTAAGTTTGTAACCTCTCGTCATATTAAAGAGCGCTTAACCAAAGAGCTAGAAAAGAACTTGGCATTGCGTGTTGAAGAAACCGACAGTGCAGATAAGTTTATGGTGTTTGGTCGTGGTGTTTTGCATTTATCTGTTTTAATTGAAACGATGCGTCGTGAAGGTTATGAACTTCAGATAGGTCAGCCACAAGTAATCATTAAGGAAATAGATGGTGTAAAATGCGAACCTTTTGAAGAAATGACCATTGATTTGCCAGAAACTGTTTCAGGTAAAGCTATTGAAATGGTTACGATGCGAAAAGGGGAGATGATAAGTATGGAAGCCAAAGGTGACCGTATGGTTTGTCAGTTTATTGTACCTTCTAGAGGTATTATTGGTTTACGTAATCAATTGTTAACAGCAACTGCTGGTGAAGCTATTATGGCACACCGTTTCAAAGAATATCAACCGTTAAAAGGTGGTATTCCAGAACGTCAAAACGGATCTTTAGTTTCAATGGAAAACGGTCAAGCTATTCCTTATTCGATTGATAAATTACAAGACCGAGGCAAGTTTTTCGTTGATCCAGGTGAAGATATTTATGAAGGTCAGGTGATTGGTGAAAATTCTCGTGGTGACGATATGGTAGTTAATGTTACAAAAACCAAAAAGTTGAGTAATGTACGTTCTTCTGGAGCAGATGATAAGGCTAAAA
CP138982.1_gap72	3120572	3125536	4964	GGATTTGTACTGATTGCGGTAGAGTAGCACCATGTGCTCTCCTTTACTGTCAATTTGTACTCCTGGCGCCAACTCTACGTCTGCCAGTTCTAAAATTTCTTCTGATGGTTGTTGATACGTTAAGCTTTGTTGCGCATAGCCATTTAATAAAAATAGTAATGCGAATAATTTGATGAATGATTTCATGTTTTAAGAAAATTGATTAGCGCCTTGAAGATAAGGAAAAATGAAACCGACAAATGTGATAGAGATGTTAAATTTATAGACTAATATTCTGAAAATTAGCTAAACAATTAAAGTAGTAAATTTGTGCTATATTTATCTATCTAATAAGATTTTCAATGTACAATTCAAAAATAATAGGTCTAGGAAAGTATGTTCCTGACAATGTGGTAACTAATAACGATCTGTCTAAAATGATGGACACCAATGACGAGTGGATTACAGAACGTACAGGTATAAAGGAACGTCGTTGGGTAAAGGAAGGTGATGGAGATACCACAGCGACCATGGGAGTAAAGGCTGCAAAAATTGCCATAGAACGTGCTGGCATTGATAAAGACGATATTGATTTTATCATCTTCGCCACGTTGAGCCCAGATATGTATTTCCCTGGTCCTGGTGTGCAAGTACAACATGCCTTGGATATTAAAACCGTTGGCGCATTGGATGTGCGTAACCAATGCTCTGGTTTTGTGTATGCCATTTCCGTAGCTGATAATTTTATTAAAACAGGCATGTATAAAAACGTGTTGGTGATTGGTAGTGAGCTGCATTCCCATGGTTTGGATAAAACCACTCGCGGACGCGGAGTTTCCGTGATTTTTGGAGATGGAGCAGGAGCAGCGGTGTTAACGCGAGAGCAAGACACCTCAAAAGGTATATTGTCCACACATCTGCACAGCCAAGGAGAGCATGCCGAAGAATTGGTGGTTAAGGCACCTGGTATGGGTACACGTTGGGTCACCGATATTATTGAGGACGATAATAAAGATGATGAAAGCTATTTCCCATACATGAACGGCCAGTTTGTATTTAAAAATGCCGTAGTACGTTTTAGTGAGGTGATTATGGAAGGCTTGATGCAAAACAACCTCAAAAAGGAAGATATTGATATGCTGATTCCGCACCAAGCGAATTTGCGGATTGCCCAATTTATACAGAAAAAATTCCAGCTATCGGATGACCAGGTTTACAACAACATTATGCGCTATGGAAATACGACTGCAGCATCTATCCCTATTGCACTGACCGAAGCTTGGGAAGAGGGTAAAATAAAAGAAGGTGATACCGTTGTTTTAGCAGCTTTTGGAAGTGGCTTTACTTGGGGAAGTGTGATTGTTAAGTGGTAACTACTTAAACCGTTTATTCAGTTACCATTGTTCAATAAACCCTAATTTTTTGCTATTTTTAAAGTATCTTGTTATCTACGAGTTTAAGGGCATTTAAGACGACAAAGATTGACGGATTTCAAGACATATTATAAACAACAATTCCAGCAAGACCTAATGAATTTTGTGGGACAAATACCTATTGACGGAAACAAGCATTACAACAGAAACGAATTTAACATTCAATACTTCTCCTTGACACCTCAGTACAAGTATTTAGACATAATTCCAACCGACAGACAAGCATTATTCGCAGTTGCACTCTACTGGACAGTCTTAGTTGACCAGACATTTTATTCACACTTCCGAAACTCTTACCAGACATTTCAAAGTAAAACGTTGTATCCTAAATTTATCGGTAACTGTACTGCACCTTCTCTAATGAGTTCTGAATGTGGACACCACCAACATCCACGAAAAATATTGCAAGCAATAAACGACACAGAAGATAAAGGAAATAGGTTTGACTTTGAGCGTGAAATTTTTAATAAGGATGAGAGCAGCCAGATAAGACAACGCATAGACTATTTTTCACTTTTAGAGCAATCAAGGCAAATAATGAAAGAAGAAATAAAAGACTATTTTGAGAATCACCAGCCTAAAATAAGTTGGATAGAATTTTGGACGAAATGCGAACAAGAACTTTAATTAACATTAACAATAGAATTATGAAAAAACTTATTGCTCTGCTGGTTTTAATCCTATCGAGCGGATTTGTATCAGGACAAGATAATAATGAAATTTCCGTCAATTTCAATCACATTGCTTTATCAGTCAAAGACTCTGACGAATCTGCCGAATTTTATAAAAATGTGCTCAATCTAAACGAAATTACAAATAGAACAATAATTGAAGGAATCAGATGGTTGTCGCTCGGAGAAGGAAAAGAATTGCATCTGATTTCCATTCTTAAAGATGAAATAAAGACGAATAAGGCAGTACACTTAGCTTTGACTACATCTGACTTTGATTTATTAATTGCTAAACTGAAATCTATGAAAGTTGAATATAGTGACTGGCCCGGAAATGTGAATAAAATAAATGTTAGAGCTGACGGAATTAAGCAGGTCTTTTTTCAAGATCCAAATGGATATTGGATTGAAGTAAACAGTGTTGCAGAAAGTAACGATTAAAAGCCTAAGCATAACAATCTATAAATATAATTGCAGTTTAGTGCTTAATCAAATGTCGTTGCGTGTTTCTACATATAAATTTCCATCGGAAATTCCTCGTAAGCAAACCCGCGACCACTCATAGCCATAACTATTAATAGCAACAATATAAACTTATGAATACATTCAAATTTTTGATATGTCTTTTAATTTTCACTTCGTGTAAAGAAGGTAAAAAGGGAATGCTACATGATGAGACACCATCACCAACCCAAGAAATTGCTTTTGTAACAGATAGAGACGGAAACTCTGAAATCTACTTAATGGATATAAATGGAGAGAATCTGCGAAATATTACAAAAAATGATTCTCTAGACTTTAGTCCTTCTTGGTCTCGAGATGGACAACGGCTTTATTTCTATTCAAAAAGAGATGGCAATGCAGAGTTATATACTGTTAAATCCGACGGAACTGATCTAACACGGTTAACAAATCATATAGCATCTGATGTGCTTCCTAGGATTTCACCCGATGGTGAGACTATTGTATTTATGAGTGATAGGGATTCTCTTTCTAGAAATATTTATCTGATGCACAAAGACGGTTCTAATATTAGACAATTAACAAAAAATACATCTTACGAAGAAAGCCCTAGTTGGTCTATGGATGGTGAAGAAATTATTTTTACAAGACAGTTGCGCGATTCATTGGATACGTCTCACGCTGCTAATGGAGAAATATTTATAATGAACTCAAACGGCAGTAATGAGAGAAGACTTACAAACAAAGTGGGATATGATTCTGGAGCAAAATTTTCGCCCAATGGCAAACAAATCGCTTTTTATGGCCTCAATGATAATAATTGGGATTTGTTTATAATGAATTCTGATGGAACAAATTTGTACAATCTTACCAATGATAGTATTGAGTGCTATTCGCCAGATTGGTCAGTAGACGGAGAATGGCTTGTTTATACAGAGGGAAGTAAAGGAAATTATAATATTTGGAAAATTAACATCAACACAAAAGAACGGATTCAACTAACGAACACTGATAGCAGAAATGAAAGTCCTGTTTGGAAAAAATAGTAACGTGCTAACCTAGTGCTTTAGGACGGAACGAAATCATACACTACATCATTTTGTATGAGCTGAAACAACTCACTAAATAAACCAATATGAAAAAGATAAAATACAAGAACACTCTGTTTTTGCTTATAGCAATGGTAATGACTCTCTTTATCAGTTGCGACCAAAATGTGACTGAAAAGAATGTAGAAATTAAACAGACCGATATGTCAACTCTTGAAAAAGTAATTGAATTACGCCTTCGGGAATATGAAAACCATTTACGCAATGGAGATTCAATTGCACTTGGGAATATGTATATGGAAGATGCCGAAATTATCCCATCAACGGTTGGACGAGAAAATATCATTAAGGTTTTTGGAGGTATGATCCGAGATAGCATTACGGGTTCAAGATTTAAAACCACAAAATTGTGGGGTAATGACCAATTACTGGTGGAAGACGGAACTGGAATATGGGCTCATACAAACGGAACAGTAGTCGGTCGTGGAAGATATTTATTGGTTTGGCAAAAAGATAACGGAAATTGGAAAATATTGCGAGATACGTGGTTTCCTGACAAAAAGAATTAACTCAAACCATTTACATTACATAATTACGTTGATAACAACCCATTAAAAATTAAACTTTAATAAAAATGAAAGTTACACCTGAAAAGAATGAACAAGTTGCCAATATGGTATTTGCTTCCATTTATCCACTTTATCTAAATAGATTAGAGAAAAATAGTAGAACAAAAGAAGAACTCAACCAAGTTATAGAATGGTTAACAGGTTACGACGAAGAAAAATTACAAAGCCTTATTGATGAGAAAGTAACTTTTGGAACATTTTTTCAAAAAGCCAAAATACATCCTAACGCTCACTTAATTAAAGGAGTGGTTTGTGGTTATCGCATAGAAGACATAGAAGATGAATTTGAAATCTATAAACAATGCAGACGTATGGAAAAGCTGATTGATGAATTGGCAAGAGGTCGAAAAATGGAAAAGATTTTACGAAAAGAAAAGACATAAAACCATTATAAAGTCCAAAAACCAAAAAAGCCCAAACATTACGTCTGGGCTTTTTCAGCTATTAACCAACTTTAACTAACACTAAATTATAAAACAATTAGTTCTATAACCATTATTACTTAAAACTTATCTCACCTATTAGACGTAATACTTTCGGTTTTATTTCATGCCTTATTATATTTAACGCCTTTTTAACAAAAACCCTGATGAACTTTTCAGTTATCAGGGTTTTCTTATTTAATAGCTAAACATTAACACTAACCATCAACTATTTATGTAAACTATTAAATATAAGCTATGTTCTCTACTATATAGACACTAAGACCATACACACTGTGACAGTTTTGTGCCAATTTTG
CP138982.1_gap73	3309810	3311285	1475	TATTTGTTAATTCGATTGGTTCCTAGCCCCATAACACCTCTCATTCCGCCAGTACCAAACTCTAAATCCTTATAAAAACTTTCTTCCAGCCCTTTGGGATCAGAAGCTATCATGTGTTTTATTTGGTCTTGGGTATCCTTGTCAAATGTTGGAGTGAGCCAACTGTTGACGCGCTCTAAAATTTCAGGTTTAATGTAAATCATGGATAAACGGTGTTTATACTACAAATGTAAACATTTCGACTTTTTATGTTTACAAAGTACCCAGTAAATTGAGGGCGTTAGGATAAATTAATGTGATCTTTAATGTAATAGCGTTGCTCTTGGCGTTTGGTGCGCAAAATAAGTTCTCCTAAAAAGCCAGCAATAAAAAACTGGGAGCCAATAATCATGGTAGAAAGCGCTATATAAAACTGAGGTCTGTCAGTGATTAATCGACCAGTTGGGTCAAAGAACAATTTGTCCAATCCTAAATATAGTGCAAACCCAAAACCGATAATAAACATTATGACTCCAAGTGCACCAAAGAGATGCATTGGTCGTTTACCAAAGCGTGAAATAAACCAGATGGTAATGAGGTCTAAAAAGCCATTAATAAAACGATTCATGCCAAATTTGGTCTTACCATATTTTCTGGCTTGATGTTTCACTACCTTTTCACCAATATTGGTAAACCCTGCATTTTTTGCCAAAACAGGAATATAACGATGCATTTCTCCATATACATCAATATGTTTAACCACTTGATTTGAATAGGCTTTTAAACCACAATTAAAATCGTGCAGTTTTACTTTAGAAGTTCGTCTTGCTGCCCAATTGAATAATTTTGAAGGTAAATTTTTTGAGATAACAGAATCGTAGCGTTTCTTTTTCCAGCCTGAGACAAGATCATAACCTTCTGAAGTGATCATATTGTATAACTCAGGAATTTCTTCTGGATTATCCTGTAGATCAGCATCCATGGTAATAACCACATCGCCTTCTGCTTGTGCAAAACCTGCATGTAGGGCTTGTGATTTACCAAAATTCTTTAAAAAACGAATCCCTTTAACATATGGGTTGTTTTCCGATAGTTCAGAAATCACTTGCCAAGACTTATCAGTACTGCCATCATCGATGAACAGTATTTCGTAAGAAAACGAATTGGATTGCATCACAGACACAATCCAATTATGTAGTTCTTTTAAAGATTCTTCCTCGTTTAGTAGTGGTATTACTACTGATATGTTCATATAATGTTGTCTAAAGTCTAGACTTCAAAAATAAGAAATTATTTAAGGCTTATTTAAGAATTATTTTTCATTACTAATCCGGCAATTAATGACCAGATTAAACCAAAAAGTGCACTCATAGCAACCCAGAATGCAGAACCAATTAATGGATTGGTAAACATTTCAATCATTTTTATGCTTTGCTCCACTTGTTCTTCTGTCATGTTTGGATTCTCAAGCATTTTATCTTTTAGCAACCTCCAAT
CP138982.1_gap74	3317102	3320229	3127	CAATGGAGTGGATTTGGTTTTGGGCGCTACAGAAAAGTTTAAGATTACAGACTACCTTAATGACCTTACCAAAAATGACTTTGGTGAAGTGCATAGTTGCGAAATTGAAGATGCAGATTTCTATGTTGGGAGTTACTCTATTGGAGATAGAACAAGGGCATTTTTAAAAGTACAAGATGGTTGCGATTATAAATGTACCTACTGTACCATTCCACTGGCAAGAGGAATTTCGCGAAGTGACACCATGGAAAATGTGTTGAAAAATGCCAAGGAAATTTCTGAGCAAGGGATTAAGGAAATAGTCTTAACAGGTGTAAATATTGGTGACTATGGTAAAGGGGAATTTGGGAATAAAAAACACGAACACACCTTTTTGGATTTAGTCACTGAGCTTGATAAAGTGGAAGGTATTGAACGTTTACGAATTTCGTCCATTGAGCCCAACCTTCTAAAAAATGAAACTATCGAATTGGTTTCAAAATCAAGAGCGTTTGTACCACATTTTCATGTGCCCTTGCAAAGTGGAAGCAATGACATTCTTAAAAAAATGAAGCGTCGTTACATGAAAGAGTTATACGTGGATCGGGTTTCAAAAATAAAAGAAGTAATGCAGCATGCTTGTATTGGAGTGGATGTTATTGTTGGTTTTCCTGGTGAAACGGACGAACATTACTTAGAAACGTATAATTTCTTAAACGAACTCGACATTTCCTATTTACATGTCTTCACTTACTCAGAACGCGACAATACGGAAGCTGCAGAAATGGATGGAGTAGTGCCTAAAAATATAAGGTCTAAACGAAGTAAGATGTTACGAGGGCTTTCTGCTAAAAAACGAAGAGCATTTTACGAAAAACAAATTGGCACAACGAGAACTGTTTTATTTGAAGGTGAAAACAAAGAAGGCTATATTCACGGATTTACAGAAAATTATGTAAAAGTGAAAACACCTTGGAATCCTGAATTGGTGAATACTTTGCATAAAGTTGAATTAACTAAAATAGATGAAGACGGCTTGGTGCGGTTTGAATTTATAGAAAGTTTAGTTGTATAAAAACAAAAACCCGAAACTTTTCAATTTCGGGTTTTTGTTTTAATTTCTTTCTCAATTATATACGGATGCCAACTGGTAACATGCGTTTGTATTTTCTGTTGCTTCTTACAAATTTTGCTATTTCAGGACTTGTAGGAACTACACTTATGTTGCGTTCTTTAATGTCTTCAAATACCATTGCCAAAAACTCTTTTTCAAAATCTGAAGTTCTAATCGCTTCGGGAATAATCATTTTTGTTAAGAATATCTTACGCTCTTGCAAAGAGTACTCTATAACAGCCATCTCATTTTCAACCTTTAATTCATATTGACGCAGAAAGTCATTATCAATCAATTCAGCAGTGTCAGTCATATTTTTCTTTGTTTTAAGTTAGCGGTTGGCAAGTAGATACTATAAATTTACATAGTTTTGCTGTGCGAAGGTACAAAAAATCGATGAGACTTTTAGATTGTTGTTGTTAAAACCTTAAATTTTAAGCCATTATATTGACGCTTCTAAAATTTTAACCAAAAAAAAGTATATAACAAGTTGGCAAACACTAACCTTACACATGTATATTTAATGCCAGGTATGGCGGCAAATCCATCAATCTTTGAACATATTAGATTGCCTGAGGACTCCTATAAAATACACTGGTTAGAATGGCAAATACCAGATAAGAACGAAACTTTTGAAGCTTATGCCAAGCGTATGTGTGATTTTATTGAGCATGATAACTCTGTGCTATTGGGAGTTTCTTTTGGTGGTATGCTAGTGCAAGAGATGAGTAAGTTTTTAAATTTAAAAAAACTGTTTGTAGTTTCTAGCGTAAAGTGCCACCATGAGTTACCAAAACGATTAAAATTTCTTAAAATCACAAAAGCTTATAAAATATTACCAACAAGCTTGGCTAGTAATATCGATTTGTTGGCAAAATACGCATTTGGCGAGACCATAAAAAAACGAGTAGATTTATATAAAAAATACTTGTCTGTAAGCGATAAAGTCTATCTAGATTGGGCCATTAAACAAGTAGTGTGTTGGGGCCAAGAAGAACCTCACCCAGACGCTATTTATATTCACGGAGATAAGGATATTGTTTTTCCGCACTCATGTGGTGGCAACTGCATAGTGCTAAAAGGGGGAACCCACATTATGGTGATTAATAAATACAAATGGTTTAACGAAAATCTACCAAAACTTATTGAGTCTTAGACTTGTATTATTCAATAGTTTTGTTACATTGTATAAAAAAATAATGCCATGCAAATCTTAAAGAATATATTAGCTATTATAGGATTAGTCTGTGTTTCGGGTCTTTTTATCTTTTCAGTACAAAAGGCGCCTTCAGACGAAACTATAGGAAAAGAATCACCACTTGTTAATGATTATAATGTCTATGCCTTAGAAATGCCAGAAGGGTTGAATTTTGCGGGTGAACTGGTGCCTGTTGAAAACCCAGATATTCATGAGCGTATGGACAGAGAACTTTTGGTGAACACATATTGGCAATCCAATGGTTTGCTGATGTTTAAGCGTGCACAGAAGTATTTCCCAATTATAGAGCCTATTCTAGAAAAGAATGGTGTACCAGATGATTTTAAATACCTAGCCGTAATTGAAAGTGGATTGACCAACGCTGTGTCGCCTGCTGGTGCAAGAGGATTTTGGCAAATTATGAAAGCTACAGGTCGTGAAAACGGTTTAGAAGTTAACTCTAACGTAGACGAACGCTACCATTTAGAAATGGCAACTGAAGTTGCTTGTAAATATTTGAAGAAAGCAAAAGAACAGTTAGGCTCATGGACTTTGGCTGCGGCTGCCTATAATGCAGGTAATGCAGGAATATCTAGACGATTGGAAGAACAAGGCGTTAACGACTATTACGATTTACTCTTAGGTGAAGAAACAGGTCGCTATATGTTTAGAATAGTTGCACTAAAAGAGATTTTAAGTAACCCTTCTAAATATGGATTTAACTTTAACAAAAGTGATTTATATACTTATATCCCAACCTATAAAGTCGAAGTTGATACAGCAGTAACCGATTTTGCAAGTTTTGCTAAACGTTTTGGAATTAATTACAAAATATT
CP138982.1_gap75	3322295	3323294	999	CTTCGGTAAATTGGAATATGGCATATCCAATTATTAATGCAGCAATGACTAATTTTATATTTTTATTGAACATATATCGTGTGTTTTTTAAGGTTGGCAAAGTTAATAAAATTCTATCGAAATAATTTTATTTATAGACTTGCGAAAGTAAAAACTTGTTGTATATTTGCACCCAGTTTTGAGATAGCTCTCAACAATTAAAAAAGATTATAAGATTTAAAAAGATAAGACATGCCAAAAAGAACGTTTCAACCGTCTAAAAGAAAGAGAAGAAACAAGCACGGTTTCAGAGAAAGAATGGCTTCTGTTAACGGAAGAAAAGTTTTAGCACGTAGAAGAGCTAAAGGAAGAAAGAGATTGTCTGTATCTTCAGAATTAAGACATAAAAAATAATGATTAACAATTGTTAATATTTTAAAGGTGTTACTTAGGTGTAACGCCTTTTTTTATACCCTATTGATATTTATTTTTGCAAACCAAAAGATATTCACATGCCAAAAAACAAAAACATCAAGTCTATTTTACTTATCGGTTCGGGTCCAATAATTATTGGTCAAGCCTGCGAATTTGACTATTCAGGATCTCAAGCTCTACGGTCGTTACGTGAAGACGGAATAGAAACAATTCTTATAAATTCTAATCCGGCTACCATTATGACAGACCCTACAATGGCAGACCATGTTTACTTATTACCTTTAACAACGAAGTCTATTATTAAGATTTTAAAGGAGCATCCAAATATCGATGCTGTTTTACCAACAATGGGAGGACAGACCGCTTTAAATTTATGTATAGAGGCTGACGAAAAAGGCATTTGGGAAGATTTTAATGTTGATATTATAGGAGTTGATATTGATGCCATAAACATTACTGAGGATAGAGAAAAATTTAGAGAATTAATGTTGCAAATAGGTGTTGGTATGGCACCACAAGCAACAGCGACGTCATTCTTAAAGGGAAAAGAAATAGCGCAAGAATTTGGTTTTCCTTTATGTATTA
CP138982.1_gap76	3325154	3329673	4519	CACATCGAACCTTGTGGTATACATTCAGGAGATAGTAACGCTACTTTACCACCATTTAATTTGGGCGAGTTTGTAATGCAGCAGATTAAGGACCACACCAAAAAAATTGCTTTGGCTTTAAATACTGTTGGGTTAATCAATATTCAATTCGCCATAAAAGATGATACGGTTTATATCATTGAAGCCAATCCAAGAGCATCTCGTACAGTACCTTTTATTGCAAAAGCTTACAAAGAACCTTATGTAAATTATGCGACTAAAGTTATGTTGGGTGAGAAAAAGGTAACAGACTTTAATTTTAATCCTCAATTAGATGGTTACGCCATTAAACAGCCTGTATTCTCATTTAATAAATTTCCAAATGTGAATAAGAAACTTGGGCCAGAAATGAAGAGTACAGGTGAAAGTATCTTGTTTATAGATAGTTTAAAGGATGATGAGTTTTATGACTTATATTCTCGACGTAAGATGTACTTAAGTAAGTAAATTTTCACGCTTTTCGATTAAGTGCAAAGTTATGTCACTAATAATTATTAACTTAGCTTAAAATTATATTAGATGAAAAGAACATTACTTTTATTTTCTTTATTGTTTACTGTATGTACACTTTATGGTCAGGTAACTTTAAATCAAGTTGATGATTTTCAAGATGGTACAACACAAGAATGGAGAATAGGTGGTGCAGGTAATGCAACTAATGGACCTGTTAACGTACCAGACGAGGGACCAGCTGGTGCTGGTGATAATTGCTTGCAGTATACTTCTCTTGGAGGTGGTGGTGTTGCTAGCAAAATGATTTTTTATTCCCAAAATCAGCAGTGGAGTGGAGACTATTCTTCTGAAGGGGTAGATCAAATCACTATGGATGTAAAAGTACAAACCAATGATCTTAATCTAAGAATTGCTATGCAAGGTACCAATGGTACTAGAATTTGTTCTACAAGTGCCATTAATGTTGCAGCAGGTGGTGCATGGATGTCAATTACTTTTCCTATAGATCCTTCTAACTTTACCGTAGTAAGTGGCGGTGGCGATGCGGCTTCAGTATTGTCAGATGTTTTTACAGTTCGTATTTTAAGTAGTTCTTCTCCAACTTGGGATGCACCTGATGTTATTTCAGCTGTGATTCAAGTGGATAATATTACGGCATCATCATCTTTGAGCACAACAGAATTTGAAAGTCAGAATAGGGAATTGATGATTTCTCCTAATCCTGCTAAGGACAAATTGAATATTACTTTACCATCTGGCAGTAATGATATGAAACTTGAAGTATTTGATGTGTTGGGTAAACGTGTTTATAACGGATTATTGACTCAATTAGAATCTTCTGTAAATGTTTCTAGATGGAAAAGTGGAGTGTATTTGGTAAGAATTTCAAATAATTCAATTACACAGACTAAACGTTTTATAAAGCAATAGAGATAGAATTTATTAAATAGAGAAGCGATCAATTTTGGTCGCTTTTTTTATTTTTAATAATCAGTAGGAAGCTCAATTTTAACTCTATAATTTTTTAGCTGTTCAAGGTAATTTTCAAGAGTAAAGGTAGCATGGTTAAACTCTTGTTGACGAGCTTTTTTTTGTTGATGCTCGTTTAATGGCTTTTAAAAACCGTAAAACTTCTGTTTTATCGTTTAGTATTAAGCCAGGCACTTCAATAGATTTTCCATTTTCACCTTTGGCTACCATGGTAAAATATGAAGAATTACAGTGTTTTTTGGTTCCGGATTGTATGTGTTCAGACTCTACCCTTATACCAACAACCATTGATGTTCTACCGACATAATTAACGGAAGCTTTCATAGTGACTAAATCACCGACTTCAATTGGGTTTATAAAATCTACGGTATCTACTGATGCAGTTACGCAGTATGCTCCAGAGTGTTTAGAAGCACAGGCAAAGGCAATCTGGTCCATAAGGTTTAATATATAGCCACCATGGATTTTCCCACTAAAATTAGAATGGGACGGTTGCATAAGCTGCGAAATGCTTACACGAGAAGAATCAACTGTTTTATGCATAATGTTGAAGGTTGAGGTACACCAAACTAGTAATTATTGCAATACCAAAGCTAATGAGTGTACCAATGAGTATATACTCCGTTAGCTTTCGCTCTTTTGAAGCTGTTAAATCTCCAAACCTAAATACAGATTTAGCTGTGATTAAAAATCCGACAGCTTCCCAATGTCCAACGATAATAAATATAAAAACCAATAGTCGTTCTAAAATACCAATGTATTTTCCAGCATCTTTTAGAGATTCATTGCCCTTGGTCAATTTTGAAATATCCCATTTGGAGAATATGGTTTTCATTATTATTGAGGTAGGCATGGTTAGAAAAATAGCGCAGATAATTAGTAGCAGTAATTTTGGACTAAACGTTATTGTGAATGCAAAATCATCCTCAAATAAAAGAATAGTCAAAGTAAAGATTGAAGCCAAATGAAACAGTTGGTCTGCAAAAAAGAAGAATCGCTTTGTTTTCTTCTTTTGCAACAAGAGTTTTAAGGCATCAATAACTAAATGTGAGGCACCAATTAATAGGATTAAATTGGTATAAGATAAATCCCAAACAAAGAGGAACATTAAAGCTACATGGATGATTACATGAATATACAACCAAACCGATTTTAATTTTTTCTTCTCTTTATCCTTTACCCATTTTTGTGGCTGCAAAAAGAAATCACCAATAAGATGAGCCAATATTAGTTTAAGAAGTAATATCATCATAATTGTGCTATTTTTTGTCTGTACATAGCGTCTAGTTCTAAAATTTCGTCTAGGTGAGCTCGTTTTTGTCGCTTACTTACGGCATCTTGGCTTATGCCAATAATCTCAGCTAACTCAGACTGAATCATATTTGGATGCTCTAAACTTAATTTTACTATTTCTGCGGAATTGGTCGTCCAATTGTCCATGGCAATAAGAGCTAGTCTAAAATAAAGATTAATTTCTTTGTTAAGTGTTTCGTTGCTTGTTTTTAATCTAAGATTCTGTTTCTTTTTTTTGAGTATTTCAAATGTTTCACCAGAAAAAACAAAGGCCTCACCATTAGACTCACTCACAGAAATACCTTGGTACTGCTTATTTCCAATACCGATAGACATTCTTACATCGAGTCCTTTTACAGTTTTTAAAAAAGCTTTTATATAAACAGCTGTTCTAAAACTATCAGTTTCATTACTGCATTCTAGTTGAAAACTATCACCTCTATAAATGTCATAAAAAGAGGCATCCTCAGTGAGTTCAGATAACGCTGTCTTTAAGGGTTTTAGCCACAAATCTTCATTTATAGCTTTACGGGATTTTATAATATCTCCTGTAATAACACTGGTCATAACAAATATCATTTATTCAAATATATGCCTTTTAAACGGAATAAACAAATTTATTCCTCAAAAACGGAATATTTTAAATTATGCCTTTTTTATGGAATATAAATTTAAAGCTTTTATTCAAGATCTTTTTCATGCCGTCTATTGCGGATGCCATATTCGGTCTCTGTTTTTTTAAACAAACCAATTAAAAGAAGTATTATTCCCAAAAAGCCAAAGATTAAGCACAAAAACAAGTTGAGGTCGTTGTTTTCTGAAAACATATAATCTGTAAATAAACCCACTATACAAAGGCAGATTAAGCTAATTCCAATGATTAAAATTCTAGCGTAATAGAACCGAAGTGTCCATTTGTAAATAGTGTCGATAGTTTTTTTATTCAAAATCTTCAGAAGCTCTTTTAATAATCTTCTCGGGTAATGCTTTTTTGGCTTTAGCGCCCATTTTTTTAATTTTTTCAACGCGCGAAATAAGATTGCCCTTACCTTCAACCAATTTATTCATAGCCGACGAATAGTCGTTTTTAGCAGCATCAATCTTTTTGCCAACACCTGTTAAATCGGTTACCAAGCCTTCAAACTTATCATAGAGTGCACCAGCTTGTCTCGCAATCTCAATAGCATTTTGCTGTTGCTTTTCATTGTTCCACATGGTATCAATAGTGCGCAACGTAGCCAAAAGGGTAGAAGGTGTAACGATGACAATATTTTGCTCAAAGGCTTTGTTGTAAAGTGTATTGTCTTCATTAATGGCTACAGCAAAAGCAGGCTCAATAGGAATAAACATCAACACAAAGTCTGGGGATTCTATATCATATAAATCGTGATAATTCTTAGCGGAAAGATCGTCAACATGTTTTTTATGGAATTTACATGCGCTTTTAGATACATACCTCTCTCCTCATCCTCGGCATTTACCAACCGCTCATAAGCCGTTAATGACACTTTAGAGTCAATAATCATTTTCTTAGAATCGGGAAGGTGCAATACCACATCTGGCATTACGCGACTTCCGTCGTCGCGCGTAAAGTTCTGTTGAACAAAATACTCTCTATCCTTTTCCAGTCCAGATTTCTCTAAAACACGCTCTAAAACCAATTCGCCCCAATTTCCTTGCGTTTTGCTATCACCTTTTAAGGCTTTTGTTAAATTGGTGGCTTCAAGTGCCATTTGCTGGTTGA
CP138982.1_gap77	3350775	3352563	1788	GCGCCCAAAACTTTAGTGGCAATATTCGGTTTCCCACCTTCATAAGCTTTACCGTATAAACCAGAAATTCTGTATTGGTTGTTATTGCGAATAGGAACCTGTTTCATATCCACTTCTAAATAACCCGTAAGTTCAAGGGATTTCACCGTAACTTCTTCTAGCGCCAATGCCAATTCGGTCATAACTATTTCAGTATTTCCAAATTTTAACCAGTCATTGGTTACACGGACTTTGATGGATTTATAGCCTAGATACGATAAGTGCAAGGTATCATTGGCTTTAGCCTTAATCTCAAATTCACCGTTTTCATCCGTAGCCACACCTACAACTTGGTTAATATTCACAATATTAACATCACTTAAAGGCTCTTCTGATGTAGAACTTACAATAGTTCCCTTAACCGTCTCTGGCGTTTTTGTGGCTGTACTGTCTTGGCTATAGCTGTAAACTGTAGTAAAACAAAATAATATAATTAGTAAATACCGCATTTGTGTCAATTACGTTGTAAAGGTACTAAACAAAACGGATTTTAACATATCGCTATTGCGATTTGACTTAATATTAACAAATTAGGGCTTTGCCCTAAATCTCAAAAAACATAAACTAAAAACCAAATTCCAATACATGTAGTACATATTGGAATTTAGTCTTTGTAATTTAAATTTTATTAACGTCTAGAACGTCTTGGTCTATCAGAAGCCGACTTTGAACGTCTCGGCTTTGGATTATCAGAACGCTTTCTATCGTTTCTGTCTGAATCACCACTTCTGCGAGAACGTCTTTCGCTTCTTGGTTTATCATCACGTCTGCGTCCACCTCCTCGTCGATCGTCGCGTTTTCCACCACGGTTTCTGTCGCGTCTTCCACCACCACTACGGCCTCGGTTTTCACTGACTTCTACGTTTACAAAACGACCATCGTGTTTGTAATCCGTAAAGAATGCCAAGACTTTTTCCCGAAGTGCTTTTTCGGTATTAAAGAATGAAAAACTATCCTTTACGTCTACTTTAAAAACATCATCTCTGCCTAGTTCTAAAACTTCTTTTAAGAAATCCTTTAGCTTCATCCAATCGTAACCATCTTTTCGACCTACATTGATAAAATAACGCGTGTCATTAGATGATTTACCATAATCGCGTCCTCCGTCAGAATCTCTCGAATCTGAAACGGCCAAATCTTTCGATTTTTGGTAGTAATTAAAGAAGCGCGAAAATTCCACCGAGAAGAATTTTTTAATCAACTCGTCTTTGTCGGTATCTTCAAACAGTTCATTGATACTGTCTAAGTACTTATCAATTTCATGACTAACTTCTGTATTGTGAATTTTATTTGCTAAGCTCATTAATTGCACTTCGCAGATTTCCATACCTGAAGGGATGTCTTTCTTTTCGAACTGCTTCTTAATAATGCGCTCTATACTTTTTATTTTTCTAACTTCACTTTTAGACACAATCACCATAGAGACACCAGTTTTACCTGCACGTCCTGTACGACCAGAACGGTGTGTATAGGTTTCAATCTCATCTGGTAGTTGGTAATTGATAACGTGTGTAATGTCATCTACATCGATACCACGAGCGGCAACATCTGTAGCCACAAGCATTTGAATCTGCTTGTTTCTAAAGGATTTCATCACCAAATCACGTTGATTTTGGCTTAAATCTCCATGTAATGCTCCAGCAGAGTAACCATCTTCAATTAAGTTTTCGGCTACTTTTTGGGTATCACGCTTGGTTCTACAGAAAATTACAGAGAATATATCTGGATTAGCATCTGCCAAACGTTTTA
CP138982.1_gap78	3353739	3356881	3142	AATCTTTTCTTTGTTAGCATCCTCAAATAATTTAATGGCTTGAATATTATTGATTATTGATGCACCAGCAAATTGTGCGGACCAAAAAACAATCAATAAAGGTTTGTTTTTATAGCTTTCCAATAAGGAGTCAAATTTAGTTTGATTTAAATTCAAGTTATTTTGATTAAGTCCATAATCCTCATTATTAAGTCCATTGTTCAATAAATCTTCGAATGCATTAAGTTTTAAAAAGTACTTATTAGGTTGGTTTATTGTGTCAATTTTCCCATAAAATGTTTTATAGTCATGGCCTAATGTCATTAACCAAGATGATAAATCTGCAAAGTATTTATTGTAAATATCTTCGTTGAAGTTAGACTTCAAATATGTTGCTACCCAATTAGTGTATTGGGAATCGCTAAAAAACTTGTTCCAGTTACCGTAGGTGATCTTTATTCGTTTTTGCTTTTTTAAGTAACGCAAATATTCTATTTGTAGGATACTTTCTAAATCATTTGTTAAATGCCAATCATTGATATTGTCGAGTTTACTGTACTCTTTAATGTCGAAATATTTGAAAACATCATTATCAAAATCGATTTGAGAAGAATCTAAACTCTTGTTGTTAGCTATTTTGGATAAAAAACTAGTAATCAATGAGTATTTTTGAAAGGTAATTCGGTCTAGAAGAAAATTATATTCTTTTTTAGTAAGTGGAGAGTTTTTAATTATTCGTTGAATCTCGGCTTTGTTTTGGGCACTTAATATTATTTTTTCACTTGTTTTTTTGAAATAAATAGCATCTAATAATCTTTTTTGTTCCGAAATGATATTGAGAATATGATTGTTGAATTCATCAAGATTTTTCTTTATTTCTAAATCAAAATTATCATACCCAAATTGAGTTAGATTTAATGTGTTTATTTTTCCAGCACCATTACCGGTTGCGAAGAGTGAAGTTTGAGGGCTGTCTATGTCAAAATCTAGTTTAACGTCATCGTTACCGAATAGGACTAATGGTATTCTTTTGTTTTTAAACTCCAAAGTATAATTGGCTCCATCCGTAATCTTGTCCGAATGGAAGCTGAAACTCCCATTTGAATCAATATAGGAACCAATAGTTTTAAAATTATCAAAATTTAGATTTCCTCTTAATCGTGGTGCATAGTTCAAACTAATATATTCTTGTTCAGAATTTTTGACATATCCATTAATTTCAATTCCACTAGTTGAATCTTTATTGCATGAACAAAACAATAATGCTAAGAATAAAAGAAGGACTGAGTTTTTCATAAATTTTAATTGATCATAAAATTATAACGGTAAATTTTTGCCCGTATTACTCACAATTCATAGTGTAAGAATTGTTTTAAGGTTTTATACACAACTTAAGTTTACAATTCATTAAATTAGATTAATAAATCAGTTACCCTTTTCCAAACAACACCTCAAAAGCACCATAAACAGCCAAATGTAAAGCATCACCATGGTCTTGTGCTTCTAAAAACTGAAAGTACACTTTGGTGTTTTCTTTTTTGTTGGCATCTAAGTTTTGGTACAGGGATTTGGCATCACGTTCCATAATCTCACCTTCTTTACCTACAGCGACATAAATTTGCTTTTCAGAATGATAGGCTTTGGGTTCTAATTGTAAAAGCGATTGGTCGTCCCACCATAAGCTTGGGCTTACAATGATGTAGTTATCAAACAACTCAGGTTTTTTGTACAGAATTTCTGTGGCCAATAAGCCTCCCAAGGATTGCCCAATGATGGTTGTAGTGCCTTCTGTTCTGTAATGCTCTTGTATAAAGGGTTGAAGGTCTTTTTCGATAAAATTGATAAAATCCTCGGATTTACCAGATGTAGGAAAGTCTATTTTGTCTTGCGCAATTGTGGTTGGGTAGGTGAAATCGCGTTTTCTGTCCACATTGGCAATACCCACAACTATGGATTCTGGTACCATATTAATCCAAGAAAACGACCCGAATTGTACAATCCCAGCGATATGGATAAAATCTTCGTCTAAAGCTCCATCCAACAGATATATTACAGGATAGGTTTTTGTTGAGTCCGCCACATAGTTTTGAGGTAAATAAATATTGAGTTTACGATTTTCATCTAGTACTGAAGAATGGAATGTGACCGTTTCACCAATAACCAGTGGTTTTATTTCTGGTGTTTTAGAGTGGTCTTGAGCTGATACTTTAATTGTTGTAAGCAGTATCAACAATATACATAAGTGCTTTTTCATTATTGTAATGTATTAAGATGGAAAATAAGTAATGCAATTGCTTTTCCTCTATGTCCTATTTTATTTTTAAGTTCTAGATCCATCTCGGCAAAGGTGTCTTGGTAGCTCTCTGGTCTAAAAACAGGGTCGTAGCCAAAGCCTTTGTCACCGTGTTTTTTGATGGTGATTTCACCTTTGCAAATCCCTGTAAAGGTTTCGAGTTTTCCGTTAAGGTGTAAGGCGATGACGGTTTTAAATTGGGCTTTTCGGGAGTCTTTGTTTTCTAATTCAGAGAGTAGTTTGTCCATATTGTCGTTGGCATTGCGCTGCGGACCAGCATAACGCGCCGAAAACACACCAGGCTCACCGTTTAGGGCTTCCACCTCTAAGCCAGTGTCATCTGCAAAGCAATCGTAGCCATAATTGGTTTTAACGTATTCTGCCTTTTGTATGGCATTGCCTTCTATGGTAGGTTGGGTTTCTGGGATGTCTTCTATACAAAGGATATCTGCCAAGCTCAATAATTTAATATGATTAGGTACTAAAGCTTGTACTTCCTTTAGCTTGTTTTGGTTATTGGTGGCGAAGACGAGTTGCATGAATTAAGAATTTAACCCAAATATAAATTTATTTTTACAGCAATTAAGTTTTTACTTCCAAGTATCAACAGTACCACAATACTACAATAAATTTTGTCTTTCAGGTTTTCAGGCATTTATAATTTTAATCCTTTTTTATGACAAATGTCAATGGTAAAAAACTTTAAATTTTGTATCTTAGGGTTAGCTAATATTAACTTAAAAAAGGAGGAATTATGACAGTAAATTTTCAGTATGTAAACACAGATGTAAGTGAAGCGTTATCTACGTACATCCAAGAAAGATTGGATAAATTAGCTAATAAATATGAGTTTCTAATTTCCGCGCAAGT
CP138982.1_gap79	3359736	3363263	3527	TCCTGGCATTAGAGCGTTAGAAAAATGGGCTGTAAAAATCGGAGGTGGAGAAAATCACAGATTCGCGCTTTATGATATGATAATGCTAAAGGATAACCACATTGATTTTGCTGGTGGAGTTACTAAGGCCATTAACCTCACCAAGCAATATTTAAAAGACACTAACAGAGATTTAAAAATAATCGTAGAAGCTCGTAATCTTGAAGAAATAAAAGAGATTTTAGACTGTGGTGGTGTGTACAGAATTTTAATAGACAACTTTAATTACGAAAACACACGCAAAGCAGTAAAGTTAATAGGTGACCAATGTCTAACGGAATCTTCTGGTGGAATAAATGAACATACCCTAAGAAAGTATGCCGAATGTGGTGTGGATTATATTTCATCAGGAGCATTAACACATTCGGTGTATAATATGGATTTGAGCCTAAAGGCAGTATAATATGACAAAACATATTGAAGATAAACTCGATAAAATTCCTGTTCTTAATCTAATCGCTCGTTTTTTTAAGCAGATAAGGTTGCCTGGTTTTGAAGGGTTATCTATTTACGATCTGCTGGAGCTTTATGTGATGGGTATAATTAAAGGTGCACTCACCACAAGAGCCAGTGCTATTGCCTTTAGTTTTTTTACGGCGATTTTTCCGTTTTTGTTGTTTGTAATCATTGTAATCCCTGAAATACCAATTGAAGGATTTGAAACCGACTTTTTAGAGTTTCTTAATTCGTTCTTACCTCCTCAAACTTCAGACTTCTTTTTCGGTTATATTTTTGAGGACATTCAAAACAACACCAGTGCAGAATTGATTTCAACAGTATTTGTATTGTCCGTTTTTTTAATGGCAAATGGTGTTAATGCTGTTTTTTCTGGTTTTGAAAGCTCTTACCATAGACAAGTTTATAGAAATGTGTTTAAGCAATACATGTTCGCACTTGGTATTGCACTCATACTTGCATTTATTCTCATACTGTCGGTTGCCGTGTTTGGGTATGTTCAGATATATGTTATCCTACCGCTCTACGAAAGCTTTGGTGGCAAAATTGGAGTGGACCCAAGTAAGGAATTGGGATGGATAGTATTTGCCAAATACTTGTTCTTTGTTATAGTTATATACTTTGCAACAGCAACACTGTATTATTTTGGAACAAAGGAAGGACGCCATTCCAGGTTTTTTTCCGTTGGTGCATTACTGACCACCTTGTTGATTATACTAACCTCATTTCTATTTGGATTGTACATAGAAAATTTTGGAAGATATAACGAATTATATGGATCGGTTGGAGCGCTATTGATACTACTGTTTTATCTATGGTTAAACTCCAACATTCTACTTCTGGGCTATGAACTTAATGCATCCCTACAGTTTCTAAGAAAGTACCCTAAAAAAGACAAGGACGAATAGTATGACCTATTTCCTGGACGTCATACTACCTATTCCGCTTCAAAAAGCATTTACCTATCACATTACCAAGGCTGAAGCAGAATTTCTTACAATAGGAATGAGAGTCGCAGTTCCTTTTGGAAAGAGTAAGATCTATACGGCTTTAGTTTATAGAATTCATAACAATCCACCAGTAGCATACGAAGCAAAAACCATCCATCAGATTTTAGATGAAAAACCAATTGTTACTGAAGTGCAATTAAAACATTGGGAATGGATGGCCAGCTATTATATGTCTAGTATAGGTGAAGTAATGCGTGCTGCAATGCCCAACGCTTTTATATTAGAAAGTGAAACCATCATTTCTAAGAACGAAAAAAATGAAGTCAATGATCTAGAGCTAAAGGATGACGAGTTTTTAATCTACGAAGCTCTGCAATATCAGTCTTCTTTAAAGATTCAGGATGTGGTTTCCATTTTAGATAAAAAACGTGTACTACCTGTTATTAATGGTTTGGTTGAAAAAGGTGTTCTCAATCTGCAAGAAGAACTTTATGAAAAGTATCAGCCTAAATTGGTTCGCTATGTAAAACTTCATGAACATCATAAATCCGAAAAACAACTTCAAGAATTATTGGATGAACTCAGTAGAGCGCCAAAACAGCGTGAAGTAATTTTAACGCTATTCACTTTAGAGGCTTCTGAAAACAAACCCATACAAGTTTCAGAATTGGTAAAACGAAGTGGAGCGTCTTCAGCTACGGTAAAAGCACTGATTGATAAAGGGATTTTAGAGGAATACCACATCAAAACAGACCGAATTCAATTTGAAGGTGAAGGTGATGCCGATTCTAAAATTTTGAATGAAGCACAAACCGAAGCTTTTAATCAAATAGAAACAGCCTTTAACACTAGGTCTGTTGGGTTATTGCATGGAGTAACGTCATCTGGTAAAACAGAAATCTATGTTCAGCTGATTGAAAAGCAATTGGAGCTTGGAAAACAAGTCCTTTATTTGTTGCCAGAAATCGCGTTGACAACCCAATTGGTGCAGCGCTTACAAGATTATTTTGGAGAAAAGGTCGCTGTGTTTCATAGTCGATATTCCGGTAACGAGCGTGTTGAGGTTTGGCACCATCTTCTTAATAATTCTGAAAAAGCACAGGTGGTCATAGGTGCGCGTTCTGCATTGCTATTGCCATTTTCAAATTTAGGTTTAATTATTGTTGACGAAGAGCACGAGCAATCCTATAAGCAATTCGACCCAGCACCACGTTACCACGCAAGGGATGCAGCTGTAGTATTAGCGAATATGCATAACGCTAAAACACTTTTAGGTTCTGCTACACCAAGTTTGGAAAGTTATTTCAATGCCAGCCAAGGTAAGTATGGGCTAATAGAATTAAAAACACGATACAACAATGTACTAATGCCAGATATTGAATTGGTGGATTTGGCAGATAAGTACAAACGTAAACGCATGAAAGGTCATTTTTCGGATCGACTGATTGAAGAAATGACCGAAACCTTGGAACAAGGCTTTCAGATTATATTATTTCAGAATCGAAGAGGGTTTTCGCCTATAGTTGAATGTACAACCTGCGGTAATTCGCCACAATGTCCAAATTGTGATGTTAGTTTAACCTACCATCAGTATAGAGATCAGTTACGTTGTCATTATTGTGGTTATAATTCGGCAATGCTAAAGAGCTGTCAGGCCTGTGGAAATACGACGTTAGATACCAAAGGATTCGGAACCGAGCAGATAGAAGAAGAGGTGAAGGTGTTGTTCCCTGAAAAGAAAGTGGCTCGCATGGATCTGGATACCACACGAGGTAAGTATGGTTTCGAGAAAATCATCAATAGTTTTGAACAACGCGAAGTCGATATTTTAGTGGGTACCCAAATGCTCACCAAAGGATTGGACTTTAGACATGTGAAGCTCGTTGGTATTATGAATGCTGACAACCTATTGAATTTTCCGGACTTTAGAGCGCATGAGCGTAGTTACCAATTAATGGCTCAGGTTTCGGGTAGGGCAGGGCGTACTGATATTAGAGGCAAGGTATTGATTCAGACGTATAATCCTCATCACAATATTCTGCAGCAAGTTTCTACCAATGCATACAAGGACATGTATGCTGA
CP138982.1_gap80	3366000	3370395	4395	ATGGTGCGATTTCAAATTTTGAAGGCCGCTACAATTTATTAAACCTTAGGGTCGGTGGTCCTTACACGGTAACCATAACTTATGTAGGTTATACCGAAAAAGTATTTTCGGACATTTATTTAACTTTAGGTAAGACAGAAAATATAGATCATCAAATGACACCTGGTGATGAAGCATTAGATACTGTAGTCATTACAGCTAGTTCATCTGGTACATTTAGTAGTGATAGAACAGGAGCGGAGACAAGTGTTGGCCGTAGAGAACTTACGAGATTACCAACCATATCTAGGTCTGCGTCAGATTTTACACGTTTAGAACCATCTTCAACAGGAAATTCTTTCGGTGGTAGAAACGATCAGTTTAATAACTTTTCATTAGATGGGTCTATTTTTAATAATCCGTTCGGATTAGATTCGCCAACACCAGGAGGACAGAGTGGAGCACAACCAATCTCATTAGATGCGATAGAACAAATTCAAGTATCGTTAGCACCTTATGACGTTACCCAATCTGGTTTTACAGGTGCAAGTGTTAATGCGGTAACTAAAAGTGGAACAAACGAATTCCATGGAACCGTATATGGTTTCTCTAGAAATGAAAGCCTTACTGGTAGTCAAGTAAATGGTGATGACGTATTACAGCCAGATTTAGAACAAAACCAATTTGGCTTTAGCCTTGGAGGGCCTTTGGTAGAAAATAAGCTGTTTTTCTTTATTAATTTTGAGAAAGATCAGCGAACAGATTTAGGTACAAACGGTTTTTTTCCAGGAAATGGAGGTAATGCAGCAGGCGAGTCTAGTGTATTAGAATCCGATTTTATGCTGGTTGATAATATCTTAAGACAAGTATCCATAGGAAATGGTGAATTTTACAATCCTGGTGCTTACGAAGGCTTTACCTTTGATAGTAACTCTACAAAAGGTATTTTCAAATTAGATTGGAACATTAATGACAAGAACAGACTTGCATTTATATACAACTTTTTGGAAGCATCTAGAGAGCAACCTGCACACCCTTCGGCATTAGGCTTTAGAGGGCCTGGTCCAAATCAGTTACAATTTCAAAATGCTGGATACCAAATAAACAATAACATTGATTCTTTTCAACTAGAATTAAATAGTGACTTGGATGAAGGTATAAGTAACAAACTTCAAATAGGTTACACACATTTTGATGACTTTAGAAATCCATTTTCTACACCAGCTCCAACTATCACTATAACTAATGGAGGTGCAAACTATATTATTGCTGGTCATGAACCATTCTCTATCAATAATACTCTAGACCAAAAAGTGTTTCAGTTTACCAATAATCTAAACATGGTTAAAGGGGATCACACGTTTACTTTTGGTATTTCTTACGAAAAGTTTGAATTTGATAACTCATTTAATTTAGGAGCTTATGGTGCTCAGGGAGTGTTTTTCCCAACTGCAGATATTCAGTCGTTTAGGGATGCAGCCGGAGATCCTGGTGCAGAAGCAAATTTAGTCGCTTTTTATCAAGATTTATTTGATATGGCTATTGCCAATCACAATGCGTTAGAATCAGCTGGTGTAGGTAATCCAGGCGGTTGGGCTTTGGCAGAAACTAACGTAGGACAATTGGCTTTTTATGCTCAGGACGAATGGAATATTACCGAAGACTTTAAATTGACCTATGGTATAAGATTCGATAGACCGCTTTACTTTGACACCGCTGATAAAATCAGGGAAAATATAGATAGAAAAGGTGGTCCGTTTAATCCTGCTGATTTCTCCGGAGGTACTTATCAGCCTACGATAGATTATTTTGATCCTGATACAGGTGAGATGGTTAATCTAGATTCTACAACACTACCTTCTAATGAATTATTGATCTCACCGAGATTAGGGTTTAATTGGGACGTAAATGGAGATAATACCACTCAAGTTAGAGGTGGTACAGGTGTTTTCACAGGTCGTTTCCCATTTGTATGGTTAGGTAACCAAGTACAAGGTGTTGACTTTTTCTTCTATCAAGTGGTTGATCCAGATTTTAAATGGCCACAGGTTTGGAGAAGTAATATAGGTGCAGATCATCGTTTTGAAAATGGTCTAACCTTATCAGCAGACATTTCATACACTAAAGATATCAATGGTGCACATGTACAAAATTGGGCATTGGATAATCCTTCTGGTACATTACAAGGTGTTGACAACAGACCGGTTTATGAATCTTCAGACATCGCAACCAATGAGTTCGGAGGACCTACTAACGCTTATGTATTTACCAATTCTGATAAAGGAAGAATTTGGAATGGAACGTTAAAAGCTCAAAAAACCTTTGAAGGTGGATTTTATACAAGTTTAGCATATAACTATTTAGATGCTAAAGATGTTAATTCAATTGAAGCTGAAATTACTGGTGATGCTTTTGCTGGTAATGCGATTTCTGGCAATGCCAATGATGATGTGTTATCTCATTCTAGATATGGTGACAAACATCGATTTATAGGTGTAGGTTCTAAGAAATTTGAATATGGCAACGGTAAATTTGCAACTACGATTTCAACATTTTTTGAGTATGCTCGTGGTGGAAGATTTAGTTATACTTATGGTGGTGACTTAAATGGAGATGGCTCTAATTTCAACGATTTATTATACATTCCTACCAGTGGAGAGGTACAACAAATGAACTTTTCTGGTGCAGGACAAGCTGAAGCTTTTGAAGCCTATATTCAACAAGATGATTATTTAAGTGAAAACCGAGGTAGTTATGCAGAGCGTTATGGTGCTCTATCTCCATGGAGAGGTCGTTGGGATATTAAAATTCTTCAAGATTTCAACTTTAAGATAGGTGAGAGAACACATACCATTCAGTTAAGTGCAGATGTCTTGAACGTTGGAAACTTACTTAATAGTGAATGGGGAGTTGTTGAGGTGCCTAACAGTATTCAACCATTGGGAGTTTCTGTAGATGGTAACAATAACCCAACTTACACGTTTGACGGTAATTTAGAAGAGACATTTAGTGCGGATGTAAGTTTATTGTCTAGATGGCAGGCGCAATTCGGAATTAGATATATTTTCTAATCGCAAAACACATAATAATTAATTAAATTTGCGCTCTTGTTTAAGGGCGCATTTTTTATGAAAAAATTTAAGTTACAATACGTACTTTTTCTGTCAGTTTTATTTGTTTTTACCAATTGTAAGAGTGATAAAAATAATTACACTGAAAAGTCTAAACCAGTTGAGATATTTAGAACTTCAAAATCTGATTATCCTAACATTAGTGTACATCGTGGCGGAAAAGGTTTAAAAAATTATCCTGAGAATTGTTTAGAGACCATACAATACATAAACGATAATATTTCGGCGATTTTTGAAGTGGATGTAGCTCAAACCAAAGACGGACAGCTCATTCTAATGCACGATAATTCCATAGATAGAACTACCAATGGAAGCGGCTCTGTAAAGAATCTAACTTACGATGAAATAAAAAATTATAATCTCATTGATGACTTCGGAAATCAAACCAATTTTAAAATCCCATTGTTTTCTGAGGTTTTGGATTGGTGCAAAACAAATAATGTAATCTTAACTGTAGATATTAAACGCAGCGTGCGTCAAAAAGATGTGATTGATGCTATTAAAAAGGCCAAGGCCGAAGACAATAGTATTATAATTACTTATGATGTTGTACAGGCACAATCTGCTTACAAATTGGCACCAGAATTGTTGCTGTCTGTATCTGCAAGAAATCATGAGGAATTAGATAGATTGCTCCAGACCGAAATTCCAACCGAAAATATGATAGCCTTTACAGGAACCCGCTTATCCAATGCGTCATTGTACAAAAGATTGCATGATGAAAATATAGTTTGCATTTTAGGTACTCTGGGTAACTTAGACAAACAAGCGGAAGTTAGAGGCGAAGAGATGTATAAGCGTTGGCACAAATTTGGAGCAGATGTTTTGGCAACAGACAGACCATTTGAAGCTTATAAAGCGATTAATTAAGATATAAGATTATGAAGTACGCGAGATTAACAAAAGAACAATTTGAAGAATTACACCAAGAATTTATAAATTTTTTGGCAACACAGTCCATTACAGCTGATGAATGGGAAGATATAAAAAAGAACAAACCAGAAGTTGCTGAGCAAGAACTTGACGTATTTAGCGATTTGGTATGGTATGGAGTTTTAGATAAGGTAGAATACTTGGAGCATATCTCTCCAAACCAGATTCATCTGTTTAAGTGTAAGGAAAAAGATATGCATCTTATTGCATTAAAAGTAAAGGAGAATAAGGTCGATTTAACTACAAAAGATGGTTTTCAGTGGCTTAGAGATAATTTGTTATCTGATGATATAGAATTTTTCAATGCGAAAAAAGACTACTCAGACGATAAACACTTAGATATTTTTAAACT
CP138982.1_gap81	3453626	3455824	2198	CTAGAATTGAAATCAACACCAAAGTAGAAGAGGAGTTTAATAAGTTATTCCCTGATGGTTATAAGCAACTTAGCGAAGATGAACGCGCAAAGATTATTTACAACTATATTACATCTAACTTCAACTATAGTTATGTAAGCTTTAAACAAAGCGGATTTATTCCTCAAAAACCAGCAAAGACTATAAACACAAGTTTAGGTGACTGTAAAGATTTTTCTACGCTATTTGTAACCTTAGCTAAAATGGCAGAATTAAAATCTAATTTGGTTTTGGTGCTGACATCGGATTACGGAAGAAACAACTTGGTGCTGCCAAGCACGGACTTTAACCATTGTATCGTTAAGGTAATGATAGATGGCAAACCACAATTCTTAGAGCTTACGAGTAAATATTTACCATATAAAGCGTTGCCAACAAGCTTAAGGGGAGCTACGGCTTTAGAAATACCTTTAGCGTCGGAGAACTTAAATAAGACCTATGATTTAATTCATTTAGATGATGTTAATAGAGTTAAATCCCACGTTGAAAACGTCATTGTATTAAACGTTAATGATGATAATTTGAACCTAGATATCACAACAGAGGTAAAAGGACATAATGTTTCGTATTACAACGAGGTCTTTAGCGAACCTAATGCTGAAGTCATTAAAAATAACATGACTGACGATTATAAAGCAAAATTGATTGATGACTTTACATTAAATGAAATTTCAGATATTGAAAAGAAGGATGATAATACAGCAGTATCTTTTAAAACAGATTTAACATTAAATAAAAAAATGAGCAGTATTGGTTCAATTAAAATAATGCAACTACCAATAATATCTCATCCTTACGAAAACTCTATAATTCAATTAGAAGAGCGTAATTATATTATCGATTATATCCAATACGAAACTGTAGACACCTATAAAACAGAATATATAATAGAAATTAAAGAAGGAGAATCTTTTGTAGAAATACCAGAAAGCAAGAGCTTTAAATTCAAAAACCATGAATACTCAATTACTTATGAGGTATCAAAACCAAATAAGTTAAAAGTAACGATAGACTGCACAACGCCTTACGATAATATTAATCCAGAGGATTATGCAGAGTATAAGACTTATGTAAAAGGAATTTTAGATGCAGAAGCTGAATATGTTGGGTTTAAATAATAAAATGACCATCCAGTAAGAATCAACGTTTAATTTATTAAAGTAACCTATACAAAAATGGTATTGTACTGTTTTTGTATAGGTTTCATGTTTTAATATAAAGTGATTGATTCATAACTTTACTAAAAAAAAGCTATGAAGTTAAACTACATTATAACTACAATTACTATTCTGTCAACTTGGTTTTTGTTCGCACAACAGATGCCTATCAATTTTTCAGATGGGTCGCATGCATTTGCTACTTTTGGAAATAGTGGATTTTCGTTCAATACGGATCCAGACGATGGTAGTGATCCTGTAGGTCAGTTTTTTAATGATGGTTCAGATCCTTGGCAAGGGTTTTATTTGGATTTAGCTTCGCCTGTAGATTTAGATGCCGAACAGGTCATCACCTTATCTTTTTATCAGTTCGACCCTAATACGCATAATATTATGGTAAAGTTAGAGAGTGGTGCCAATCCAGATGTAGAGGTTGTTATGAGCAACTCAGGTTCGGGATGGACAAATGATATATCTTTCAATTTTGCTAATGCTACCATCAGTGGAACTTCAACTCTAATAAACGCAACAGGCACATACTCTAGACTTACAATTTTTGTAGATGGAGGTAATACAACAACGGGTACTTATCTTATTGACGACATAAATGATGGATCTGAAGCCGTAGATCCTAACGAACTGGATGTTATATATAATGATTTGATTTGGGCAGATGAGTTTGATATCAACGGAAGTATAGACTCTAACAATTGGTTTCATCAAACCCAGTTACCTGCAGGTGGAAATTGGTTTAATGGAGAGGAGCAACATTATACCAATCGTATTGAAAACTCATATGTAGATAACGGATTTTTAAATATAGTTGCCATAAAAGAGAGTTTTACAGATCAAGGCGAAACCAAACAATATACCTCTGCAAGGTTAAACTCAAAGTTTGCCTTTACATACGGTAGAGTAGATGTAAGAGCTAAGTTACCAGAAGGGGATGGTACTTGGCCAGCAATCTGGACTTTAGGTAAAAACATAAACGAAGACGGAGCC
CP138982.1_gap82	3470451	3473339	2888	TGTTGTGTATTTAACAAAGTCAGTATCTTCAGGATGTTGTTCGATAATAATATCTTCATTTTTAGCTAGTAACTCATATAATTTATTCAATGGAAGTTCGAGAGAATTATAAAGTCTTATTCCAGAATCAAGTGTGCTTTTATTAGAAAAATATGAAACAGATTTGTCTTCTTCTATCCAACTCGGTAATTTATTTGCTATGTCATTTAGTTCTTCCCTTGAAAGTATATTATTATCTAAAATTGTATTTAGAATGTTTGGTTTAAGCCAATTTGGTAAGTCGTTAATTAATATAATTGCAGCTTCTTTAGCTTGTTCTATTTTCTTCTTTGACTTTTTTGATATATAAAGAATTGCGGAAAGAATAATTGTTAATTCATTGGCTTCATCTGATTTTATTCTGTTTATAGTTTGAATGTAATTATCAATTGCTATTTCTGCATATTTGTTGTGTTTTGTTTCTTGCCATAATAAGTGCGAATATCTAGATTATAGCCAAGTGTTTTCAGTTTCGTCTAATCTGCTCTTTAAATATTCTAGGTCTTTCTTTTCAAGTCCAATTCCTGCGATTTGACCTTTCGTGTCAGTGACTTGAACATTAGTTTTTAATTCCCCTTTATTTAAATTGTAGTTTAATGATTTTCTTTCGATGATTAGTTTATCCTCCCAATCTCCATCGATTCTTATGGTTTGTTTGATTTCTCTATGAATATTCCAAGTGCTCAATGAATTGAGATTTTCAATTGAGTTATAGAATTCTTTTAATTCATCTGGAATTTCTTTCATATGAGTAGGTCAAACTTGCAGCTAACTCGTATATAACTCGCTATATACGTTTCCATTACCGAATATAAGAATTATTTCAAAACCCTTGGAGATTAAGCCCTAATTCAAAATTGCCTATAATATTTGGTAAACATTTTTACTGATTTGTTATGGCTTACAGCGGCACATAACTCACCATCAAACTCTGTATCACAAACAACACCACAAAAGGAATAAACAAATACCCAACAACATCCCTTGCTTGTATTTTAATGCCTTTGCCCATCACTGGGAAAACAATCAGCAAAAAGAAGGGTTGTAACAAATTGCTCAGACTTTCACCATAAGCCACAGACATGGAGGCTCTGGCAATCATGGCTGTTACTTCGGTAGGTGAGAGGTTAGCGCCAAGTTCTTGTACCATATTAATAATACTTGGGCCAATCACGGCAAACTCACCACCTGCTGAGGGAATCGCAAAATTAATCACACCTCCTGTGAGATAGGATATAAACGCATAGGATTCAGGCGTAGCTATAGAAACCAAAACATTAGAGATTTTTTCGCCCAAACCAGAGGCCATCATAATACCCATAATACCTGCATAAAATGGATATTGAAACAAGATGCCAGAGATATTGGAGCTGGCCCGTTTCATGGCAATGCTGTAGCGCATCGGAGTGATATGCAACAGCATACCAACAATCAAGAATATAAAAATCATGATGTTGAAGTTGAGGTCAAATCCCTTGGTCGCAAAATGATAGACAATATAAATCACTCCCAAAAGCGCCACACCAATTTGTAACCAACCAGCATTGTTAAGTGCGTCAGAAACGGCTTTAAATGGTAACTTATAAGATAAGGCTTCCGCTTTTACCGAGCTTTCTTCATCATCCAAAGAGGTTTGTAGGTCCTTGAGTTCTTTGCCTTCAAAGGATTTTGGAATCAATAGCCAAATCAGGATAGGAGCGACGACCACAAACAACACAATCATGGTAAGGTTGAGACTTGAGCCTAAACTATAACCCGTTGAAATGGTATCGTTAAGGACTCCGCTTTCAATTAAAAAATTGTTTTCCGTATTCAGTAACAGCGCAATGGAACTCGACAATCCACAAACCCAGCCATTAAAAGAAAAATACACACAAGCCACTAAAAAAGGGTAGTGGATGCCCTTAATGCGCAAAGCTAATTCACGCCCTAAAATAGCAGTGACGACCACCATACCAAAACTAATTAACGACAGTAGCGAGCCAAGTGCAATAATGATAAGATAGACTTGTGTTGGTGTATTAATCCATTTAGACAATCGGTCAATGCCTTTTTTTACTAAAGGTGATTGTGCAATACAATAGGCTGTTATAATAATTAAAACAATTTGCATCCCAAAGGACAGTAGGTTCCAGAAGCCGTTGTACCAACCTTCTAGAACTTGTATGGGCTTACTCTCTGTAAATAGTAAAGCAAAAATGCCAGTCAATAAAGTCAAGATCAGCGCAAAAACATAAGCGCTGGGCATATACTTGGTAAAGCCGTCGGTAAATTTTTGGCCGAGTTTGGTGAGCATTGTAATGTTGGTTATTGGACTAAAATAAAATTTTGTTATGACGTATCAAACCCATTGATTAATTAATATGCGTTAAGATTTAATTCTTTATGATTAAGCATTGCTTTGGTTGTCAGTTATATTTGGAATGAACCAAAACAAATTAACAATGTCATTATTAACAATTATCCTAAATATATTATTACCACCATTAGCCGTATTTCTTAAGCATGGTTTAGGAACCACATTTTTAATCAGCGTGCTACTCACCTTATTGGCTTGGTTGCCAGGTGTGATTCATGCATTTATCGTTAACGGATAATAATGGAGAACGTATTAGTAGCAGGTGCCAATGGTACCACAGGAAAACAGATCATTAAACTTTTAAAGTCCTCTCAATATTTCAATCCCATCGCTATGGTGAGAAAGGAAGACCAGCAAGAGCAATTTAAGAACGACGGAGTGGATATTGTTCTGGCGGATTTAACCGAGAATTTAACGCATGCTGTCAACAACGTCGATAAAGTTGTATTTGCAGCAGGCTCTGGAGGAAAAAATGTCGTTGAAGTAGACC
CP138982.1_gap83	3483639	3487996	4357	AATATTCAGGATGGTTTAAAATCTGCGATGGTAGGCGACGGCAAACGAGAAAAGGACTATTGATTGTTTAAATAATCCAAAGTCAATTGTGTAAATGCTTTTACGCCAAGCAACATACCGCTTTCATCAATCTTAAAATCAGGTGTATGGTGCGGAAAAGCACCTTTTGATTCTTCGCTTGGTGTCATACCTCCTAAAAAGAAATATATGCCAGGAACCACTTCTTGGAAATAAGAAAAATCTTCACCACCAGTTGTGGCTTTCATGACTTTTACATTGTCACTTCCAGCAACTTCTTGCAATGACGGTAACATTTTATCTGTCAATTCAGGGTCGTTGAATGTAATTGATGTCTGGTTTCTAAATGAAATGGTTGCCTCGCCACCATAAGCTTTAGCGATGGTTTCTGTCATTTCTTTCATACGTCTTTCAATCATTGAGCGCATTTCTGGATCTAAGGTTCTTACAGTACCGATTAATTCTGCGGTTTCAGGTATAATGTTAAAACGTGTACCTGCAGTAATCTTGCCAACAGTAATCACAGCGGCCTCTTCAGTAAGTTTAGCTTCCCTACTGATAATGGTTTGAAGACCATCAATAATCTTTGCCGAAATCATAATCGGATCCACACCAGACCAAGGTTGAGAACCATGGGTTTGTTTTCCTTTTACGTTAATCACGAAGCGTTCTACGGAAGCCATGATACCGCCTTTTTTGTATTTTATGGTTCCGACTGGAGTGCCTGCATTTATATGCAAACCAAAGATGACATCTACTTTAGGGTTTTCAAGAACACCTTCTTTTATCATCAGTTTAGCTCCGCCTTCTTCACCAGGAGGTGGTCCTTCTTCAGCTGGTTGAAAAATAAATTTTACAGTGCCTTTTATTTTGTCTTTATGTTTAGACAAGACTTCCGCAGTAGCCATTAAAATAGCAATATGTGTATCGTGACCACAAGCGTGCATCACACCAGTTTCAGTGCCTAAAAAAGTAGTTTTCACTTCAGATTTAAATGGTAAATCGTTGCGTTCAGTCACAGGAAGCGCATCAATATCTGCTCTAAGTGCTACCACTTTGCCAGGAAGGTCTCCTTTTAATAAACCCACAACACCAGTGATTGCTACTCCTGTTTCAACTTCTAAACCCAAGGATTTAAGATGTTCGGCAATTTTTTCTGCCGTCTTAAATTCTTGATTTGATAATTCTGGATTTTGATGGAAATGACGACGCCATTCAATAAGTTTGTCTTCAATGTTGGTAATATCTTGGTCTATAGTATTTTGGGCGAAAGAGAAAGAGCATGCAAATAGCACTAATGCTAAAAAGGTTTTCATAAATTGAATTTTGCACTAAGATATTGAAATTTAGTTAAACAAAATTCTTGATATATTGTTTATAATTATTGATTCTAAACCATAGAAAAACCTATGACTATGCGTATTTTCACGGTTTGAAAAATTTAGTTTTGGAAAAGTACCTCAGTCAACTTAACGACGCTCAATTAGCACCAACATTACAGAAAGACGGGCCAATGATAATCATTGCTGGCGCAGGTTCTGGTAAAACACGTGTACTTACCTATCGTATTGCCTATTTGATGAGTCAAGGCGTAGATGCCTTCAATATTTTAGCGTTAACTTTTACCAATAAGGCGGCTCGCGAGATGAAAGGCAGAATTGCTGATATCGTCGGAGACAGCGAAGCTAAAAATCTTTGGATGGGAACTTTCCATTCCGTATTTGCCAAGATTTTACGTTTTGAAGGCCATCACCTTGGCTTTCCGAGCAACTTCACTATTTACGATACACAAGATTCCCAAAAACTTTTAGGTTCCATTATCAAGGAAATGGAATTGGATAAGGATATTTATAAAACCAAACAGGTTTACAGCAGAATTTCTTCCTATAAAAACAGTTTGATTACGGTTAAGGCTTATTTCAACAATCCAGAATTAATGGAAGCTGATGCTATGGCTCGTCGACCAAGAACGGGAGATATTTACAAGGAATATGTAGATCGCTGTTTTAAGGCAGGAGCTATGGATTTTGATGATTTGCTATTGAGAACCAATGAGTTGTTGACACGTTTCCCAAACGTGTTGGCGCAATATCAGAACAAGTTCCGATACATTTTGGTAGATGAGTATCAAGATACAAACCATTCACAATACTTGATAGTAAGAGCGTTATCTGACCGTTTTCAAAATATATGCGTAGTAGGTGATGATGCACAGAGTATTTACGCTTTCCGTGGTGCGAACATTAATAATATTCTAAACTTTCAAAAAGATTATGACGATGTTAAAGTCTATCGGTTAGAACAGAATTATCGTTCTACAAAAAATATTGTTGGTGCGGCAAACTCAGTTATTGAACACAATAAAACCAAGCTCGATAAAATAGTTTGGACCGCTAATGTTGAAGGTGAAAAGGTTATTGTTCACCGTACTATGACTGATGGTGACGAAGGTCGTTATGTGGCTAGTACCATTTGGGAAACCAAAATGAACGAGCAATTGCCCAATAGCGATTTTGCCGTACTGTATCGTACCAACGCACAATCGCGTGCTATTGAAGATGCCTTAAGGAAACGTGATATTCCGTATAGAATTTATGGAGGTTTATCATTCTATCAACGCAAGGAAATTAAAGATATAACGGCTTACTTGCGTCTTATTTTAAATTCGGCTGATGAAGAAGCCTTAAAACGTGTCATTAACTATCCGGCAAGAGGAATAGGACAGACGACGGTAGATCGACTTGTTGTTGCTGCAAATGCTACAGGAAAGACTATTTACGAGGTCATGCAGAATATTGACACTGTTTCCATTAATATCAATAACGGAACAAAGAATAAGTTGAAGGATTTTGTGACACTTATTGAAAGCTACAAGGTGATGAACCAAAACGCCAACGCATTTGAATTGGCAGAACATGTGACGAAATCTAGTGGTTTAATCAGGGAATTGAACAAAGACGGTACACCAGAAGGCGTCACCAAAATAGACAACGTACAGGAATTATTGAACGGTATTAAGGATTTTGTTGAAGGTCAGGTTGAAGTTGCCGATAGCACAGGGTCATTAGCTGAATTTTTAGAAGATGTGGCTTTGGCAACGGATTTGGATGGTGATAAAGGCGACCCAAACCATGTGGCATTAATGACCATTCACTTAGCGAAAGGATTGGAGTTCCCTCATGTGTTTATTGTTGGTATGGAAGAGGATTTGTTTCCAAGTGCCATGAGCATGAATACACGTAGTGAATTGGAAGAAGAACGACGTTTATTCTACGTGGCTTTAACCAGAGCTGAAAAACAAGCTTATCTTACTTATACGGTTTCACGTTATCGTTGGGGAAAATTGATCGATGCAGAGCCTAGCCGATTTATTGAAGAAATTGATGACAAGTTTGTTAACAATACAACACCAATGAAAGAGCAACGGTTTAACCCAATGCTCGATGCTTCAATCTTTGGTGATATTGAACCTAATAAAATCAGGTTTGCAAAACCAAAGTCGCCAAAGTTTAAGAAAAAGGATACTAAAAAGAAACCTGAAAACTTTAAAATCAGTACTCCAAAGAAATTGAAACCTGTGAGTCAATCCAACGGAGCTTCAAATTTGTTTGATACTAAGCTTACCGTAGGTAACAAAGTAAACCATCAACGTTTTGGTAGGGGAGAAGTTCTTAAAATTGAAGGTGCTGGAGGTGACCTAAAAGCTGAGATTAAGTTTGAAAATGGTGCCACCAAGAAACTACTTTTACGATTTGCTAAGTTGGAGATTATTGGGTAATTTTCATAATCTTATAAAAGACAGTTAGATACAAACAATTTTATATCATGAAAAAATTAATCCTTTTACTAGTGTTCTTACAAATAGGTGTTTGTTTTGCTCAACGCCCTAATGGTGGACGTAGAGGTAATCCCAATGCTGGTCAAGCCAATACTGGTAGAGAAATGCCAAAATTTGAATCTGAAAAAGCGACTGGTATTCTTGAGTACGATGCTAAAAAAGTGGCCAAAAAACTTAAGATTAAAAAAAGCGATTCTATAGCCGATGATGTAAAGGCCCATATTGAAACATATAATTCAAAAATCGATAAGATAAAAACTGAAAACAAAGATCTCTTTGAAGGTTTGGATATTGTTGTTAACCAAAATATGGAAGCGGCAACTAAGAATAGAAATAGGGAGTTAATGCAGGAAACAAGAAAGATGATTGAGGAAAAACTCAAGCCTATTAGAGACGATATAAAAACGCATCAAGATAGCTTAGATGCATCATTAGAAACCGTTTTATCAGAAGAGCAGTACTCAAAATGGTTAGATTACAAGGAGTCTGAATTAAAAAAAT
CP138982.1_gap84	3514820	3518128	3308	ATTATGTTTTAATTGTTTATAAAAAAAATAACAATGCAAAGATGAGAACAAATCAATGTTTGGATGTTACACTTTTCGGTAGTTGGGATGTAAATTTAGGAAGTGAGCAAAATTTTCATATCGTCTCTGAACTCACTTGGCGATTGCCCTGACTTCTTTTTAAAGACATTAGAGAAATAAGAATTTTCATTATAGCCCAATTCGTAGGCGATTTCAGAAATGGTTTTTTCGGTAGAAATTAATAAGTTTTTGGCTTCAATAAGTTTACGTGTTTCGATGATTTCCGAAACGCTTTGCTCCAAAATATTTTGACAGATGAAATTTAGGTTTCTTGAGGACATAAATAGTTTTTCTGCATAAAATTCTACACCCAAAGGTCTTCTATAATTTTCTTCAAGAATGGCTAGAAAATTTCCAAAAGAAATGTGCTGTGTCTTTTGTGTAGTTTCATTTTGTGGTTCTGTTTTTTTTCTTTCGGCTTCTATCATTGTAAATAGGACACTCAATAGTTGTCTTATGATAGCATAATTGGGGGTTTCCTGTTTTGTTTCAGCAGACATCATCTTACATAAGTCAACCAATCTTTGAAAACAAGGTCCTTTTTCTAATTTTATGTTGGCTTGGCCGTGATAAAATGAATACAGTTGAAACGTGGTTTCTGGAATGAATTCACTTCTGAAACGGATTACCCAAATATCGCATTTACCCTTATATATTCGTGGTATCAAACGGTGTACTTTTCCTTTGGTAACAAAACTGACAAATGGGGCTTGGGTTTTGGTGGCATCAAAATCTATGAAATGTTCCAGTTCTCCGTGTATTCCTATCAACAATTCCTCGAAATCGTGATTATGTGGTTCGTCAGGTTGTCCAGAAATCTTTTTTGCTTCTTCTTCGTCAACTCTGAATATGTGGAATAGTTTGTTCATCTGATAAGTTGTTCGTTTTTTTAGGTTGCAGCTAACGTTGTTGTGTAAGAAAAGTTGCGTGGTTTAAGCACTAAAGTTAGTAAATAAAACACGAACCAAGAAAATCCCCGAGGATTTTCGTAAGTAGGCTTTTACCAGCAATTTTTTTTACACGGTGTTGTGCGTTCGTTTTTTATTTCCATTGTTTGTTTTTCAAGTGGGTTTTCTTTAATGAATATCCATCGTTAAAAAATAATTTTCCGTTATTTAAAACCATTATTTTATCAGTCAAAAATCTCGGAACAGCGTTTAAGTTCAAATCTCTAACAATAATTTCTATTTCATTGTAATTCGGATTGTCGATTTCTATTGTTTCTTTCTGTCCTAAATAATGATATGTAATTGTTTTTATTTCTTGAGTTTCCAATTCCGCAATTCCATTTACGTCTGCTGCTTTTCCAGCGTTTTGGTCATTTACTACAATGAACGCAGCTGCAAGAGGTAATTCCAAATCTCGGATTGTAATTTTGATATTATCAATTCGGTCAGGATTTATTTTTCCGCTATAAGTCGTACTTGGATTTTTTGGTTGTTCAAATGTGTTCAGTTTTATACTGTCAGTAGATATTTGTTCCCAATTTCCTTTGACTACAGTTCTGCCACCGACATCCATAAAAATAAAATACTCAAATGTTTTGTCCGATTTCAGTTCAATTTGAGTGCAAGCAAAGTAACTTTTTCCGCATTTTCCATATAATCCAACTACTGATTTATTCGTTGAACACGAATTAAAAAAAAGTAAAATTAAAATCAGTTTAATGTATTTCACGGGTTTTTCTTAAATGACGCACAACGTGTTTGTGTAAGGAACGTTGCGGTTTTGTGTGCGAGGATTTTCCGCAGGAAAATCAGATGTAACAAAAGAGCAACGACCAAACAGTTTAACTAAAATAAGCAATGTTTTTTACACGGTGTTGCAAGTAGTAGTTTTTTTTCTTTTCTACTTACTTAAAACTCAAAAAAAAATTCGAAAAACAAATCAGCAAAAAATTCCGCTTTATTTTTTCCGTTCAGATTTTCGATTCCGCAAACTTGCTTAATTCCGCAAGAGTAAATTTCCGCATTGAGTTCTGTTTTCCGCAATGCTTATAAATTCCGTTTGAGTGGCAATTCCGCAACAAGCTCAATTCAGATTTCGAGTGAGAAATTCAGCGTAAAGTTTGTCAAAAATCAGTTGTTTTTCAATTCCGAATTCTTTGCGTCTGAGTGAGTTCCGCTATTACTTGCAACGGTCTAGTATAAGAGCAGTAGCGGATTTAAGACCACAACTTTTTCCACCAAGACTGCTTTTTATTATTAGTACGTTCTTTTATTGATTCACTTTCCCCGCTATTGCTTTTATACATTGTTGGGCTTAGTATTTTTTCCTCAGTTTCTTGTTCTTTAGCTATTTCTTTGTCCGATTTTTTTGGTTCAGATAAAAGTTCCGATTTAGAATTTTCGACTTTTATTTTCTCAAGTTCTGCCTTTTCTTCTTTTAAATCAGCTATTCTTTTTCGGGCTTCTTTTTTCTTTTGTTCAAAATCAATTAGCTCTTTACTAGTATCTTTTTTTTCTTTTCTTTCAGATATGAATTTTTCATAAGAATAAACTTGCATTTCATAGTCATTAGGATATTCTGCAATAGCTTTTTTTCTAATATGACTATCTTCAAATTTTGACATTTTTTGTTTTGCATCAAGTTGTTTGTCATAAACATATTGTTGCATTTCGTAATCGAGAGGATAATCCTTTTTTGCTAAAATCTCAATTTCTGAATCTTTAACAGAAGCCATATATTTTTTAGCAACTACATTTTTATCATAGATATGTTGTTGCATACAATAATCATTTTTGTATTGTTTTATTGCAAATTCCTCTAATTCATTATCTGTTACGGCTGTCATATACAAAAATGCTTCAACTTGATTTTTGTATACATAATCTCTCATTTCCTTATCATCAGGGTATTCCTTTTTCGCAAATCGTTTGATTTTTGCTTGGATTTTCTTATCTAATTTAATCTCCTTATTTTTTTCTGGTTTCTTTTCGCTTTTATTTATAACTATTTCTGTTTTATTGCTTTCTTTAATTTGAATTTCGTTTTCTGCAAATGAATTCGAATCATCTGATTTAGATTTTTCAATCTTTTCTTCTTCTTTGAGTTCAGTTGGTTTTTCGATTTTTGTTAAACCTCTAAATTCAAAATTTATTGGTTTAGTTTTTCCTGTTTCGATAAACTCGATTTGATATTCTCCTTTTTCTTCATTTACCTCAATTACTTTACCTTGTTTCCAAATCAAGTGATTTACCAAATCTCCAACGTCAAATTTCTTTTGAATTAATTGTCGACTTGCATCA
CP138982.1_gap85	3529348	3529996	648	ATCGAACAGTCGCTAAATCGTCGCTTATAATCTGTAAAGCGTACAATAAATAATCCAGATACTGAATTTCTGCTATTGGACGCAGACCTCGCATTGCCATACCAATGCCTTGCCCAACTATGGTTGCTTCTCTAATTCCGGTATCAGCTATTCGTAGCTCACCGTACTTTTCCTGTAAACCTTCAAGCCCTTGGTTAACATCACCAATATTACCAGTATCTTCTCCAAAGATTAAGGCTTCAGGGTAATTACCAAAGATGGCGTCAAAATTATCACGTATCACCACACGACCATCAACTTGCTCTGGTTGGTTGCTATATGTAGGTTTAACTTCTTTGATGTGAATGGCGGCAGATTCCGTTTCGTTTAAAAGATCAGAGCTGTATTTTGGTTGTACTTCGGCAAAGTAATTTTCAATCCAATTAAGTAAATTTTCTTTGGCTTCCGAATCTTCATTAATTACATAACGCAATGCTTTTCTGGCTGTGGAGATAACATCTTTGCGATTAGGTTCTCCAATAGCATCTAAATCCTTTACCAACTTCTCTATAAATACTTTATTGGAACTTGTATTGGCTAGATTGGTCAACAAGGAAACAGCTTCGTTTTTCTCGCTTATAATTGGTTTTAGATAATTAGTCCAAGCCG
CP138982.1_gap86	3531864	3533349	1485	AGCGTTATTTCCTAACTCTCTACTAATACTTACATAACGAGCTGTGATTCTGTCTACTTGGTCTTTTCTAAAATCACTATCATCCCTGAAAGAGAAGGTCAACGAAGGTCTAATCCTTGTAAAAAATGCATCTTGAGCAAAAGACTGATAGCCTGCCGATAGACCATAGGTAATATCAAATAAGTTTTGATTTTCTAAGTTATGCGAATAGAACACACTAAAACCACCCGTGAGTGTTTTAGATCGTGTTGCGTACTGCGGTGAAAACTTATAGTTCAAGCGTTTTCTTAAAATGGTTTTATTATAAACTTTGGTTCCCAGTGTAAGTCCATCATAGATATTATTAAACTCCACAAGTGGCATAAAGAAAACCTGATTATAATAAGGGTCCTCTATGTCTTTAAACAACCTAAACTGCAAAGGTTTGTTGTTTATAAACGAGCCATTGGCAGATTTGTAATTATCACGTTGGTTAAATTCTGGGACCACATTATCGTAGTCTAAAACAAATTTGTCTACGCTGTCCTTGCTCACAGTGATGGTTTTAGACCCTTTTATGTTTTCTACCCATTGCTTACCAATAACAGAGTCATTACTCAGTTTAAATAAAGAAATAGGCATTGTATTATCACGCTTATTCTTAATGGTTAATTTTATGGAATCACCCAATGTCTCTATACTGTTTATTTTAAAATCGATCTTCTTTCGAGTGTTTACATAATCTGTAAAAAACCAATCAATATTCTTACTGGTTTTAGATTTTAGAAAAGATTCAAAATCAGATATGCTTGCGCGCTTTAATTTATTTTGCTCTAAAAATTCGGTGATGGTTTGAGATAAGTCGATATCTTCAGAAAACTCATCCAGATAGTTAAGTCCTATACCAGCTTTATATTTCCCGGCAATATTGGCATTAAATTTAATTAATGAGTCTTTAGAAGTGGTTAAAGGCTGGTCTCTGTTTTTTCTGGCGATTTCCATAGAGTAGAGGAAATACTGAAAATTAAAATCTAAATCTGCACCATGAAACGCCCTCAGACCCCAGACATCTGATAAAGTTCCAAATAACTTCATATCGGGATAATACGTTTCAACATATTTTATCATAAAATATACTTGCAAACCTTCACTGAGCCAATGTTCTTTTCTTGGATTTAATAAAAGGACGTTGTCGATATATTTTTTTAGCGAGGTCTTTAGTAGTTTCAATTCATATTGAAACTGATCCGGAAATGGTCTCAGAAAATCAGGAAGCTGATTTAGTCCATACAATGGATCTTTGTTATAGTCAATTGAAGATACCAATAATTGCTTATGAGGATATTCTCCCAAATTTTCAGCTAAAAATTGTGTGATTCTATCCGTTAATATCGCCTTATCACTGCCTGGAAGCCCTTTTTCGTTAATGTTGGAAATAAGGATGAGATCGTCGGTTTGTACAAAACCGTAACGTGGAAACTTGTTTAAGGATAAATAGGTGTCCAC
CP138982.1_gap87	3538558	3540784	2226	AATTTCGGCTAAAATAGCGTGGCTCGTTAGTCTCTTGGTCAATCACCATCAGCACATCATCTCCATGATACATGGCTGTATTGATGGATTCCATCAAGCGCTTTTCGTTGTCTTGTGTGTTATCAATCTTTAGACGATCTATTACTATCTCTATATCGTGGGTTTTGTAGCGATCGAGCTTCATGCCTTTTTCAAGGTCTACAATCTCACCATCGGTACGGACTTTTACAAAACCTTGTTTGGAAATCTGTTCAAACAGTTCGCGGTAATGGCCTTTACGCGATCGGATAACAGGCGAGAGGATATTGATGCGCTTTCCGTTAAAGGCTTCGAGGATGAGGTCCTTGATCTGCTCATCGCTGTAGCTTACCATCTTTTCACCAGTCTCATAACTATAGGCATCCGCAGCTCTAGCGAATAATAGCCTCAAGAAGTCATAGATTTCTGTAATGGTGCCTACTGTAGAGCGTGGTGATTTGCTGGTTGTTTTTTGTTCTATGGCAATAACAGGCGACAGTCCATCAATCTTATCAACATCTGGGCGCTCTAGGCTACCCAAAAACTGACGTGCGTATGCCGAAAAGGTTTCAATATAGCGACGTTGCCCTTCGGCATAAATGGTATCGAAAGCCAATGACGATTTTCCACTACCAGACAGCCCAGTAATAACTACCAGTTGTTCTCTTGGTATGCTGACATCTATATTCTTAAGGTTGTGTACGCGTGCTCCTTTTACTTCAATGGACTCGTCGAAATGGCTCATAAATGGTGTTGCTCCTTCTTTTATTTTAGCAAAGGTTCTCCTGTGCCAAATTGGCTTCGGTGAACGAAGGTGCAAAGGTACAATATTTAGTTGTTAATTTAGTGTGAAGGTTTACTCCATAACCTATTAAGACTTGGAGCTATAACACAAAAAAAGCCTTGAATAATCAAGGCTTGGGTTTTTTCTGTTTCACAGCACAATTTATGCTTTTGTGGTCATCTCGCCTGCAGCAATGGATTTATCATAATTGGCTTTGACTTCGCTTACAAATCCAAAGAACTTAGAACCATCCTTTTTCTTAAGTATCACGTACGTGTTGTTGTTTTTGTCAGTAATAACTTCATCGACAACTACAGTATTACCGTGTACACTTTTATAATTGGCTACTTTACCACGTTTAGATAATATATTCAGTTTAGGGAACTTTATATAGTTGTAAGATGCTCCATCTTGGGCGTTAATAACAAGTTCATCACCAACTTTTGGTTCGGTCTGTGCACTTAGCATAAAACAAAATCCGAAAAATAATAGCGTAAAAAATAGTTTTTTCATAATTAAATCGGTTTATATTAAGAATGGTATAAAAATATTAAGAAAAACTGAATTTTGCAATGTCTTTAATGCTTTCTTAACATCTATGTTTATGGGCATTTTAGCTTCGTAATACCATGGGGTTTTTCGGTTAAACCCATGGAAAGGTAATACCTCACTTTAATCCATACCATCAAAGGTTGACTTTTTTGTAGGAAAAAACGTTGGTTGACACGGATATGACACGCTTATGACACGGGTTAGATATGGGATAGATATGCTTAAAATTGAGGTCTGAAATTTTTGGATTTGTAAATGCTTAATAATTTATAAGTAATTAATTTTACTATTTAATATGACAAAGCTGATTTGATAAGGTTGAGATTGTTGATATTTGGATACCTACATATTGTTTAAATGGTAATTAAAATTGTGCTGACCTGCTAAATGCAACGCTAAGGTTAGTGAAGTGTTAAATCATTGCTAAATCTTTGGTTTTAAAGGTGTTTGGGTCGTCCAAATAGCAATTGATACCGTACCTTTAGTAACACCAAATTGTATTTACTATGAAATTACTACATAAGTTAAAAAATAGCATATCAAGATTCCGGCGAGGATCATCTTCAAACAGTCAAGGCACTGAAGGTGCAAAACCTAAAAAATTGATTACAAAAGGGTTTTCTAAAGACGAAATTGCTTTTATGTTTATTTAGGTTGAGGCTTTTTTTTGAGGACTTTTTACCGTTGTAACAAGAGTGAGACTGCTTTTTTGATTAAAGGAAAGAAGAGGCAGATTGCTTCGTGCACTTCAACTGCGCTCAGTATGACACCTCGCGATGACGGTATATAGGTTAATAATGGTTCAATTGTCATTGGAAATGAAGCAGTCTCGTCAACATTACTGTCATTGCGAGGACAAAGGACGAAGCAAT
CP138982.1_gap88	3589245	3589746	501	TTTCGACCAAAGCGAAACAGACCTATTGGCAGGAAGTATATGTAAAGCCATTAGAGATTTTACGTCCGTTGCAGAAGCAGATAAAGTAGTGATTCACTTCTATAAAGAAATGAGTTACGAGGAACTAAAACCAATTATTAGAGGGATGCATACATTAGGGTTAAAAATTCCGCTCTACATTCTAAATATCAATAAAACAGAAGCAGAAGATATTATTGCTTACGACCTTAATTGGAACAAAAAGCTAATGCCAGTTAGTGGGACATACATTCGTATTAGCGAAAATCAATTCCTATTGTTCAACAATGCACGCTATCCAAGTGACCGTTTTTATTCAGATACAGATGGTTATCCATTTCCAATAAAAATTAAGGTAAGCAGTCCAGATGAAGATGCTTTTGAAGATGCAGATGTAGTGTTAGAATTATTAACGCAAGTGTATCAGTTTAGCAGATTATATTGGAAATCCTTACGCCAACAAAATGTACCAATCACAATAAA
CP138982.1_gap89	3605396	3609831	4435	TTACTACAAAAGAAAAGGCATTATTGATAATTTAGAAGGGAATAGGTTTAAACGTAGGTAAAATAAAAAAAGGTTGCAAAAATAATTGGTTTCCTTCAGCCCACGCTATTCATACTATAAAGTTCAAGCCCTACGGGTTTTGAAAAAATTTTTGCCCATTATTTAGGTGCAAACTTCCCAACGCCTGTGCTTTAAGCAATATTTTTTCCAAAAAACTTGACAGTATGTCCGCACCATTGAAGATTCTGCTATCTTTTTTCCTTATCTTTTGAAAAAAAAATATTCATTTTTTTGATTGTATTGCAAACGAATGCAAAACAATGCAACAAAATCCATATCCATACAAGAGCATAATACTTGCCTTATATTTCATCGGAAGGTACAACTTCGTGTTAGGTCCGTACTAAGTCCAAACAAAAAATTGTTTCATTTAAATCATTTAGAAATTATGGGTAAAATTGCTCAAGGTATTTTAGGAGGGCTTTCAGGTAAGGTTGGAAACGTTATCGGTGGAAGCTGGAAAGGAATTGACTACATTAGAATTAAACCTTCAAGTGTAGCCAATCCAAGAACTGTTGGTCAAGTAAACCAAAGAACCAAGTTTACTGCCACTTTAGAATTTTTACAGGCTGTAAAGCCTTTTATTAAGTTAGGATATAAAGGGTTAGCTGTTAAGAAAACAGAATTTAATGCTGCAATGTCGTATGTATTGAATAATGCTATTACAGGTGCTGAACCTAACTTTGTTGTTGACTATCCAAACGCTTTAGTAAGTCGAGGGGTTTATCTGGTGTGCTAAACCCAACGTCTGATTTAGCAACTGCTGGAGAAGTAACTTTTGGTTGGGATGATAACTCTGCCGAAGGTAACGCAAATACTACTGACAAAGCAATGTTGATGGTTTATAATCCATCAAAAAAGGAATCTATTTCTTTACTTGATGGTGCGGACAGAACAGTAGGTTCTCAAATTGTTTCAATCCCAACAACTTATGCAGGAGATACAGTAGAGCTATTTATGGCTTTTATTACTGCTGATGGTAGTCAAGTATCGAACAGTATTTATTTAGGCTCTGGTACAGCTAATTAATGCTTGGTGTTTTTATTTGGAAACCGCTCTAATCGAGCGGTTTTTTTTATGCTATATTTGTTGCTCTATTTATTAATAGTTGTTGCTAATCTTCTCTTTTTATATGTTTTTTGTATGCTATTTGTTGCCCAAATGCAGTAGTACCATTGAATACAGGGTTGGTTAAATATTGTATCGGGAAGTAGATTCCAAATGGTTAGAAGATTTTAAGTATTACCTGAAGCATACCGCAAAAACAAAGAGTAATCGACCTCTCTCTCAAAATTCATGTTATTCATATTTTAATAAGGTAAAGGCATGTATCAAGGAAGCAATAAGGGAAGGAATTATCTCATATAACCCAGCTGAACAGGTAAAAGGGTTTAAGCAGGGCGAATCTGAACGAGAATTCTTAACCTTAGATGAATTGAAAAAAGTTGCCAATACGGAATGTGAAATCCCAATTCTGAAACTGGCATTCTTGTTTAGTGCACTCACTGGTCTAAGATGGTCTGATGTACATAAATTGGTTTGGAAGGAAGTTCAATATTCTGAAGAACAAGGTCATTATATCCGCTTTAAACAAAAGAAAACCAATGGCTATCAAACGCATCCAATACCAGAACAGGCTTACAAATTGTTAAATGAAAGACAAGGTGATGAGCAACGTGTATTTAAAGGGTTAAGGTATAGTGCTTGGAATAACTTAAAACTACAACAATGGGTTATGAAAGCAGGAATTAGTAAAACCATCACATTCCACTGTGCGCGCCATACTTATGCTACCTTACAGCTCACATTTGGCACGGATATATACACCGTTTCAAAATTGCTAGGCCACAAGGAGTTAAAAACCACCCAGGTTTATGCTAAAATCATCAATCAGAAGAAGGTGGACGCTGCGAATGCAATTCCAGATATTAATTCGTAAATATGGCAACAAATCACAATTATTACGAAATTGAAATAGCTGATATATGGCAATATGAGCAACATGAGTTTTTAAGTGATAAATCTTCGGATGACTTAGCTAAGAAAATAATCAATAAAGCGGAAGAAGTAATAATAAAAGAAGGAGAAGAAAGCTTTACTGTTGATTTAGATAATGTTAAATCAAGGGCATATTACGAAAGGAATTTAAATGAGTATAGAAAATCTTCTAATACCCTTAAAGGTAGATACAACAACAATTTTTTCTTCAATAAACAAGTTTGCTATCAGTATGATCAGAACATTATTATTACCCAAGAAAGTTCTGATTTCGATTTTTGGTTTGCTTTGAAACTGAGACAGTACGATTCCAAACTCATAGAAGTAAAGAATTTTTTAGAGTACCAACTGGAAAGAGCATTTAATAAAGATTTAGTCAGGTTTATTGATTTCTTAAAACTAGAAATGAAGCAATCCAGTGATACAATTTTTAATGATAGAATTACCGAAACCATTGATAGATGGATTAAAGATAAAAATAGCTTAAACCGAAAATTAAAAGGTAAATATAGCTCTCTAAGATTAAGACAACTTAACACGAACCCAGACTATCTCCAAAAGAACAGTCATGTTTTGAATAAAGTATTAAAGCATTTAAAGGTCAATAACTTTATTCATGAAGACACTTTGTTTACGGATTTCATTAGAATTTTTGAAGGGAATATCATTCCAAAAAATAAAAGAATTGTATGGACTGGAACCAATAAAGACCTAAAATGGTTTATGGATTATTTGTCTGAGGGTTCAAATAAAATCGAATATCATAAACATGATAAATGGATTGTAGTAAATATGTGTTTCCTTAATAAAGAAAATCAGGAATTTGGCAAAAATGTTCTTCGTAAATCTAGTGGTGATGATGAAGCACGAAAAAAATTGCTAGAATCTATACTTACAAAAATTTAGCACTCGACACTTAACGAAAAATATTTTATTAGAAGCTGATTAAGAATAAAGACCCGCTTTATACTATCTAATATTTGTACTCGACACTCACTCGACACTTAACGAATCATTGTTGTCTTAACCAGTATTTCTTCATTATTTCGGGGTTGAAATTTCATTAAATGCATTGCGCAATGCTCATTATTAATTAAAAACTAAAATATTATGAGCGATTTATCTAAACCGCTATATTCACTTACTGTCGGAGAATATATAGACCTAAGTAAGGAGGCTTTTGCTCAAGAAGCAAAAAAGCTACTAGCCAACAATGATGGTATCTTGAGCAAATCAAATTTAAATAGCGATATCATTTTCGTCGACGACGTCCAGCAACTCACAGGCTACAAAAAGTCAACGATTTATTCCAAAGTATGTCGATTCGAAATGCCAGTCATTTCTAAACGTCGACCATTGACATTTTCTAGAAAGGATATTATGAATTGGCTTAAAGACGGTAAGCCGTCTGTCATAGATCAAGAAGCTAAGGAGTATGTAAGAAGAGCCTAACCAGTACCTAACTAAGCATATTAATTTAAAATTTATATGGATTTCAGTTAGCTAAATATATGTTCAGTCGCATTAACCTATATCAGTTTAAATCTGAATAAATTATAAATATTGAATTATATAAAATATTAGAGATATGAAAGAAGATTATATAAAGAATACGGCTATTGATCCTTTGACAGGCGAGGAGTTTGTTCCAAAAAGAAGTAATCAAAAATTTGCGTCTAGAGAAAATCAAATCATGTTTAATAATTTGAAAGCTGCTGAGGAACGACGAGCTAAGGAAAAGACTAGGAGAATATTAAATTCCAATAGGAAGGTATTGCGGACTACTTTGGGGTCACATAATGAAGTGATAAGATCCCACGACTATTTATTAGGTGCTGGTTTAAATTTTGGCTTTAATACTCATAGAATGAAGATAGATGGAATCAATTGGATCTGTATAGACGATCATGCATACGCTTTAATTGATAAAAATACATTTAAAATTAAAAAGTTGAAAGGATAGATTATGGAAAAAAAGATCATAAACTGTTATGAATTAGACATAAAGCAAAATTTCCCTGAAGATTTAAGATTATCTCAAATAGAATGTGAATCTTTAAAACAAAGGAATAATATTCTTTTTAATTCTTTAATTGTTTTGGGCACAGGGTTATTAGCTATTTACATATTTAAAATTCTATCTGAAAAAAAAGAGGATAAAAACAAATATTCGTCATAAATATAAATTTATTTTTTATTTTGAAGCTTGTTGAATAATGTAATATATCTAATTCAAATAATACAGTACCTAGCTTACTGAAATTAGAGATTGTTTTACAAATATATTTAGTATTGCCATATTTAAGTTTCAGATTGAGAATCATTTCATAAAATTCTTGTTTTAAAGGCATAGCAAATAATCAATCTAACTGGTTAT
CP138982.1_gap90	3632862	3633362	500	TTGGTGATTCAGCTGATGCTTCACAGGGGTTTAAGGACGGCAACAATGTAGGTGATGATTATACCTATGATGCCAACGGCAATATGACATCCGATGCCAACAAGGACATTTCATCGATAGATTACAACCATCTAAACTTACCTACACGTGTTGGTTTTTATTCAGATCATGTGGATATTGATTATATTTACGACGCAACAGGTACAAAACTAAAAAAGATAGTGGGCTCAACTGGTACTACAACGGAATATGCAGGTAACTTTATCTATGAGAACGGAGTGTTTAAAATGTTCTCGCACCCAGAGGGTTATGTAGAAAAAGTAAGTTCAGGTAAGTCAACAACCTACGAATATGCCTATCAATATAAAGACCACTTGGGTAATATTAGGTTGACCTATGCAGATAGTGATAAGGATGGAGAAGTTGACATTGTGTTGAATGGCGTGGATGAAGATGGCGATGGGGACATGTTGAACGAAATCATAGAGGAGAACAACTAC
