gap_id	start	end	length	sequence
CP130612.1_gap1	25035	27418	2383	GCCGATCGTCGCATTCACGCGCTGATCGTCTTCGCCGTAGAGGCCGAGCACCGGGATGCGGACCTTTGCGATGTCCTCGGCGGACGGCGACGAGCCGTAGTACACCACCGCGGCCTTGAGGCCCGGCGCGTTGAAGACGGCGTGATTGAACGACGCCGAACCGCCCCAGCAGTAGCCCACCACGCCGTACACCTTCTTCGCGGCCGGCAGGTTCATGCCATACTGCCCGACGGCCGCGACCATCGCGTTCATCTTGTCGGGCGTGACGCGCTGGATCATCGCGCGCGCGTCAGCGGCGGCCATGGAGTCCGTGGTGGCGCCTCCGCGCTCGATCGACAGCAGGTCCGGCGCGATGGCGATGAAACCATCGGCGGCGAGCTGATCCGCCACGCCGCGCACCCAGCTCGAAAGTCCGAAGATCTCGTGGATGACCACGACGACCGGCGCGTTGTCACGGCGCTCGGGATACACGACCCATGCCGCAATCGAGTCGCGCGAGCCGGGAGCGGCAGGAATCATCGCCCACTCGGCGTGCCGAGGGCTGTTCTGCAGGCGTGCGGCGACGTCGGCCGCACCGGCGGGAATCGCGGTGCCCTGCGATTCGGCAGATACCGACTCCACGGAACAGGCGCCCACCGTGAGCGCGAGGGGCAGCAGGGCTAAGGCTACGAAGCGCATCGTGTACTCCAGGGAAGATCGCGAAACGGAATGCGGGAGATGGCCGCAGCCACCTCCCGCATGAACGTACAGTGTGCCCGGACCGTTCGCCTACGCGGGACGCGGCGCCAGTTCGGGGAAGGCCACCGCGCCCAGGCGCTCCGCCAACAGCTGCCGCGCCCGCGCGACGATCTCGTCCGTGGACGGCGAGTCGGCATACGCCTGCAGCAGGCGCTCGCGCAGCTCGGCGGCCGAGGGCAGCTGCGGCAAGTGCGGCAGGTGCGCCTGCAGCTCGTGCCACGCGTCCTCGCTGCGCGCCTGGCCCGCGGCGAGCCGCGCCCGAAGCTCGATGACCTTCGGGTGCGCATCGAACTGCTCGCGCGCGTGCTGCAGGGCATGGGCCGCGTCGGCACGCGTCGTCGCGAACTGCTCCGCGAGCTGGCGCGCCACGCGCTCCAGCACGGCCGTGCCCACCCGGCGCTCGTTCCGCACGACTTCACGCGGCGGTTCGCCGAGCTCCCACACGAGGCCGACCCACGACATGGCCTTGAGGGCGTAGTACGTCGGATCGACCTCGTACCAGCGGAACCCCTGGCGCGTCGAGCGCTGGTACGCGTGATGGTTGTTGTGCCAACCCTCGCCCAGCGTGATGACGGCCAGCCACCAATTGTTGCGCGAGGTGTCGCCGGTGACGTAGCGCTGCGAGCCATGCACGTGCGCCAACGAGTTGATGAAGAAGGTGCCGTGGTAGAGCAGTACCGTGCTGCCGAAGAAGCCGATCAACAAGCCCGACCAGCCGTCGAGCAGGAAGCAGCCGACGGCGAGCAGGATCGCCGGCAGCAACTGGTGCCGGTCGAGGAAGCGGAGCTCCGGATACTTCGCCAGGTCCGGAACCTCGTCGAGGCGCGTGGAGCCATGCTTCTGGTCGAAGATCCAGAGCACGTGCGAGTACAGGAAGCCGCGGTGTAGCGGCGAATGCACGTCGTCTTCCTGGTCCGAATGCCGGTGATGGTGCCGGTGCAGGGCCGCCCACCAGAGTACCGACTTCTGCGCCGAGCTCATGGCGAGCATCGTCAGCAGGAACTGCCCGACGCGCGACGTCTTGAACGACCGGTGCGAGAAGTAGCGGTGATAGCCGGCCGTGACCCCGAACATGCGGACCACATACAGCAGAAGGGCCAAGACGATCGAGGTGGTCGTCACGCCGGTCCAGAACGCCGCGATCGGCGCCAGATGGACCACGATGAAGGCCACCGTGTTGGGATAGATGATGTCGTCGTGGAATTCGGCGGTCTGACTCAAGTCGTGCTCAGGCAGGGGTATGCGTGAAAGCTAATCGTCACGCAAAACGGGCCATCCAATCGGCCACGTGCGCTTCCATATAGTAGTGCGGGGCGATCGGCGATCCGGCGATCCAGCCGACATGTCCGCCGGTCGGCGTGAAATCGACGTGCAGCGCCCGGTTCGTCCGCGCGTGCTGGCGGACTTCGTCAAGGACAGCTGACGGCAGGAATGGATCGTCGACGGCCGAAAAGAGAAGGGCCGGCGTGACGATGCGCGGCAGGAAGCCGAGCGAGCTGGAGCGCTGGTAATAGTCGTCCGCCCCGAGGAATCCGTGGACGGGTGCGGTAAAGACGTCGTCAAACTCCCAGAAACTCCGCGCGCGCAGGAGCCGGGCCCGATCCACGGGCAGCGTCGGATGCACGTCGAGGGCGGCGAGCGCCTT
CP130612.1_gap2	31677	32706	1029	CAGCAAGAACAGCGAGATGCCGCCAATGATCGCCACGCCGGCGTCCGTCAGCCCAGGCACGAGATCCGTGAGCCCGAACACCGTCACCGGGCTGATCACCTTCGGTTCGCGGAAAAACCAGGCCAGCGCCATCCCGAGGAACACCCAAAGCACCCGCCGCTCGCCGCTCGAGATCGGACCGAGCGCGGCCTGTTGCTCCCGGAGCGCGCGCACGCCTTCGGCATCCAGCACCACTCGCTCCCGGTGGAACACGTGCACCAGCAGCACCCAGCAGACGGGCAGCAGGATCGCCGCGATGGGCAATCCAAACTTAAGGAACGCGAAGAAATCGAGATTCACGCCGATGAGCTCACGTGCCGCGCCGGCGAGAATCAGGTTCGGCGGAGTACCGATCAATGTCGCCATGCCCCCGATGCTCGCCGCAAACGCGACGCCGAGGAGGAGGGCGACCTGCTGGCTGCGTGCCGCGGCATCGTCGCCGAACCGCGCGCCGATCGCCAGCGCGATCGGGTACATCATCGCGGCTGTCGCAGTGTTCGAGATCCACATCGAGATGAAGGCGGTGGCCAGCATGATGCCGAGCACCAACCGCCGCGAGTCGGTACCCACCCGGAGAATCACGCCAAACGCCATGCGCTCGTGTGCACGCCAATGCTGCAGCGCCTCCGCCAGCAGGAAACCGCCGAGATACAGGAACACGACCTCATTCGCGAACGGCGCGGTCGCCTCGCGCGCCGAGGTCGCACCCAGCGCGGGAAACAAGGCGATCGGGAGCAGTGCCGTGACCGCCAACGGGAGGCACTCGCTGATCCACCAGATGGCCATCCAGGTACCGACCCCGAGCACGGTGGCCTGCGCGGCGTCCAACCCACCGGGTGCCAGGAGTCGCAGTGCGACAAAGGCCAACGGGCCGGCAACCAGCGGCAATCGACGCGGCAGCGTCGCGGGAGTAGACGAAGTGGGGTCCACGGCGGCAAGTTGACCCGCTCGTGGGGTAAAGACAAGCACAGCCGCCCTTCAGTCCCGACT
CP130612.1_gap3	36020	36780	760	CTGCCGAATCAGCTCCGCGACCGTCGCGCCGCTCTCGGCTTGGACGCGCCCGTCGCTGCCGAAGCGGATGGCGTTCGCACGGTTGCGGACGACCAATCCCCGGAAGCCGGCATCGCCGACCAGGATGTTCGCTCCCAGGCCCAGCACGAACACGGGAACGCCAGCCTCGCGTGCCGCCACGATGGCGCTGGCGAGTTCGTCGGCCGTCATGGCATCGTACAGCACGTCCGCGGGACCACCGATGCGGAACGTGGTGTACGGAGCAAGAGGTTCGCGGAGTCGGAGTCGCTCGGCGCCAAGAGCGGGTGCGAGCATGGCCGCGAGCGTTTCCGGCGTCTGGGCCGGCGTAACTGACGAGGACGAATGCATACGATGCGGGAAATCAACCTGCGGCCGCTGCGGCTCGCAATCGCCGCGCTGGCGCTGCTGCTCCTCGCGCCGGCGATGCTCGCCGCGCAGCTGCGTGCCGAACTCGAGCGCACCATCCAGCGCCGGGTCCTCGCGAACGGGCTCGAGGTGATCGTCGTGCCGAGTCGCGGCGTGCCGCTGGCCACGATCGAACTCGTCGTGAAGAACGGCGCCTTCACCCAGCCGCCGGAGTACGCCGGGCTCGCGCATCTCTTCGAGCACATGTTCTTCAAGGCGAACGACACCTATCCGGAGCCCGACGCCTTCCTCGACCGCGCGGCGGATCTGGGCGCGCTGTTTAACGCGACCACCCGCGAAGAGCTGGTCAACTACTACGTGACCGTCGTCTCCG
CP130612.1_gap4	129598	131519	1921	GTGAAGGCCGGCGTGAAGGCGATGCCCGCGCTCATGCAGCGCGCGCTCGGCGGTGCCGACGTCGCGTTCCAGAATCTCGACTCCGTCGAGCTCGGTGCGACGGACATCGACCAATACGTGGAGTCGCTGGGCGGCATGAACCGCGTGATCACACGCGCCAAGGGCGCCGAGGTGCCGGTGTACCTCGGCGACCACACGGGCAAGGACGGCCGCGTGCGCACGCTGGGCGAGCAGGTCGCGCTCGAGACGCGGACGCGCATGCTGAACCCCAAGTGGTACGAGGCCCAGTTGCAGCAGGGCTACGAGGGCGCGCGCAACATCGCCGGCCACGTGGCGACGACGCTGGGCTGGAGCGCCACGGCGGGGAACGTGCCGCAGTGGGTCTATACGGACATCACGAACACCTTCGTGCTCGATCCCGCGATGCGGGAGCGGCTGGCGAAGGCGAATCCGAATGCGGCGGTGGGCATGACCCAGCGCCTGATGGAAGCGCATGACCGAGGCTACTGGCAGCCGAGCGAGGAGATGCTCGCCAAGCTGCGGGAGGCGTCGGAGGACTTGGAGGACCGGCTCGAGGGCGTCAGCGCGGTGGCGTAGTGGCCTGGTGTTGCCAGGGACTGCGCAGCGGGACGGACCCGGTGCGAGACGGAACGCAGTGAACGGAGCGTGGACGTGGCTGGAACGATGCGATTGCCGGTGTTACCGACCCGGGAGGACGGCGAGGGCTCGCTGCAGGTGCACGATGATCAGAAGATCACGGGCGCCCAGGTGTTTGCGGTCTATGGAAAGGGCGGCATCGGGAAATCGACGACCTCGTCGAACCTGAGCGCGGCATTCAGCAAGCTGGGCAAGCGCGTGCTGCAGATCGGATGCGACCCCAAGCACGACAGCACCTTCACGCTCACCAAGAAGATGGTGCCGACGGTGATCGACGTGCTCGAGACCGTGGACTTCCACTCGGAAGAGCTGCGTCCCGAGGACTTCGTGTACATCGGCTACGGCGGCGTGCAGTGCGTGGAGGCGGGCGGGCCGCCGGCGGGCACGGGCTGCGGCGGCTACGTGGTGGGCCAGACGGTGAAGCTCCTCAAGGAGCATCACCTGCTGGAAGACACCGACGTCGTGATCTTCGACGTGCTCGGCGACGTGGTCTGCGGCGGCTTCGCCGCGCCGCTGCAGCATGCGCAGCGCGCGCTGATCGTGACGGCCAATGACTTCGACTCGATCTTCGCGATGAACCGCATCATGGCGGCCATCCTCGCGAAGTCCAAGAACTATGCGGTGCGCCTCGGCGGCGTGATCGCGAACCGCAGCGCGGACACCGACCAGATCGACCGCTTCAACGGCGCGTCGGGCATGTCGCTGAGCGGGCGCTTCCCGGACCTCGACGCGATCCGTCGCAGCCGGCTCAAGAAGTGCACGATCTTCGAGATGGACGAGACGCCGGAAGTGAAGCTGGTGCAGGAGGAGTACATGCGCATCGCGGCGACGCTGGCCGCCGGCGTGCCGGCGCAGCCGGGCACGCCGCTGCGCGACCGCGAGATCTTCGACCTGCTGGGCTACGATTGATGCCGGGCACTCCCTCCACGCCGCCGACCGCCGCCCTCCCGGGCGGCTACGCGCGCACGCGTGCGTGGCTGCACGAGTATTTCGACCGCCAGGCGGCGAAGTCCTGGGAGACGCTGACCTCGGACGCGCCGGTGAGCGGTATCCGCGCGACCGTGCGCGCCGGGCGCGATCGCATGCGCACGCTGATGCTCTCGTGGCTGCCGACCAACCTGTCCGGGGTGCGCGTGCTCGACGCCGGCTGCGGGACGGGCGCGGCGAGCATCGAGTTGGCGCGGCGCGGCGCCGAGGTCGTGGCCATCGACCTCTCGCCGACGCTGGTGGATGTCGCGCGGCAGCGGGCGGCCCAGAGCACGCT
CP130612.1_gap5	134623	139048	4425	CGTACAGCGTGGTTTATCACATCGAAACCTTGCTGTTGTTCGCGACGCTGGTGGCCTTGGGGCCGCTGGTGCGGTTGGTGCGAGCGGGCGCGATTGCGCGGGAGACGGGGAAGGAGTTTGGGTTGGCGGAGTTGCCGGCTTGAACTGCAGTTACGAGTTGGAAGTTGTGAGTTGGAAGTGGAACGACGATGCGGACGGTTGGTTCTTGCTGGTTACTTGAACGGGGGGAGGGAGTGATGGAGTACATCGATGGAGCACAGATCGCCCTGTACGCATTCTGGGCGTTCTTCCTCGGCCTGGTGTTCTACCTGCGGCGCGAGGACAAGCGCGAGGGCTATCCGCTCGACTCGCCGCAAGGCAAGCGTGAGGGTTGGCCGACGGTGCCGCCCAAGAAGGAGTACCTGCACGTCACCAACCACGTGGACGGAGGGTCGCACTGATGTCGGAACTCAAGGCTACGCCGGTGGACCACTACAACGGCTCGCCGTTGGTGCCGACCGGCAACCCGATGATCGACGGCGTGGGTCCTGCCGCGTGGGCGAATCGCGCTGATGTCGCCGACCTCACGGTGCGTGGCGAGCCGAAGATCGTGCCGATGCGCGTCGCGCCCGGCTATACGATCGCCGCGGGCGATCCCGATCCGCGCGGACTCCCCGTGAAGGCCTGCGACGGCAACATCGCCGGCACGATCGTGGACCTCTGGGTGAATCGCTCCGAACCGCAGGTGAGCTTCTATGAAGTGCAGCTCACGAGCGGCGCGCGCAAGCTGCTGCCGGCCGCGCTGGTGCAGTGGCCGCACTTCGGGCTCTGGGGCAACGACCACGTGATCGTGAAGGCGATCACCGCCGCGCAGTTCGCGGACGTCCCGACCACGAAGCGCGATGACCGCATCACGCTGCTGGAAGAGGACAAGATCATGGCGTACTACGCAGGCGGCCACCTGTACGCGACGCCGTCGCGTGCGGAGCCGATCATCTGATGACCGCAACGGCCCTCCCCCCCGGGGTGTCGGACGCTGTGCGCGACCTCCCGCGCGCGCGGCTCCGCGGTGTCAATGAGCCCCTGCCGCCGGGCGAGCGCGTGCTGTGGGAAGGCGCGCCCGATGCCCGTGCCGTGGCGCGGCACCTGTTCTTCGTTCGACCCCTGGCGGCGTACCTCGCCGTCATGGTGCTCTGGTGGGTCGGGGTGAACCGCGCCGAGATCGGCACGGCGAGCTTCTGGGCCACGCTCGGCACGCAGTTGCTGCTCTCGGGCGGCCTGCTCTTCGGCGCCTGGTGGTTCGCGCGGGCGATTGCCGGCGGTACGACCTACGCGATCACGGACAAGCGCATCGTGATGCGCTTCGGCGTGGTGTTCCCGCTCACGATCAACGTACCGCTGCACTACGTGCAGGGCGCGAGTGCGCGGCAGTTCCCCGATCGCACGGGCCAGATTGCCGTGAAGTTGGGCACGAAGGAGAAACTGGCGTGGATCGTCCTGTTCCCGCACGTGCGGCCGTGGACGTTCAACAATCCGGAGCCGCTGCTGCGCGGCCTCAAGGATCCGGTGAAGGTCGGCGAGATCCTGCGTGAGGCCGTGATGGCGGTGCCCGCGAAGGAGTCCGCATGAGCGCCGAGATCCATTTCGAGCCGGAACCCGGTTCGACGTCGGCGATGCCGAACATCACGCCGCCGAAGCCTGCGTTGCGGGTGGCGGTGGCGATGGTCGCGTTGACGTTCACCATGGCCTTCCTGGCGTCGCAGTTCGGCATCTTCAAGTCGCCGGACATCTATGAGAACCCCGTGGCGCAGCGCGCGCTGAGCTTCGCCGATGCGGCGGACGGCGGCATCCTCGTGCGCGATGGCGCAACGGGCGAGACGGCGCTGACGCTTCCTGCCGGCACAAACGGATTCCTGCGTGGCGCCCTGCGTGCGATGGCCGACCGGCGCCGCGTGGCGCAGAAGTCGCCGGACGCGCCCTTCCTGCTCACCGCCTGGGGCGATGGTCGCGTGACGATCGAGGATCCCGAGACGCGCGAGCGCATTGCCGTGAGGTCGTTCGGTCCCACGCAGGTGAAGAGCTTCGTCGCCTTGCTCGACAAGGACGGTACGATGTTCGCCGGCCCGCCGTGATCCTGCTGCGGGGCGGGCCGTAATCCCGCCCCCGATGCCGCCTCCCGAAGATTCGGTCGAGGTGACCACGCTCGCCGAATGGCGGGGGTGGCTGCAGGCGAACCATACGCGCCGCGCCAGTGTGTGGGTGGTCACGTACAAGAATGGCGCGAGTCGCCCCCACGTCGCCTATGACGATCTCGTCAGCGAGGCGCTCTGCTGGGGCTGGATCGATTCGCTGCCGCGCAAGTTGGACGCCGAGCGCACGATGCTGCGCTTCTCCCCGCGGTCGAAGAACACGGGCTGGTCCGCGCTCAACAAGCAGCGCGCCGAGCAGATGATCAAGGCCAAACGCATGCAGCCGGCCGGACTCGCGAAGATTGCGGCGGCGAAGGCCGACGGGTCATGGACGCGGCTCGACGCCGGCGAGGCCACGCGTGCCGCGAACGACAAGCGCGCCGCGAAGGGCAAGCGCGCCGCCTGGTGGCGCGACTAGAGCGGCCTCGACTCCGAGAGGCCGATGACGTTGCCTTCGGGATCGCGGCAGAAGGCCATCCACAGTTCATGCGTCGCGGTCTTGCCCACGAGATGGGGCTCGTCGTCGAAGGGCACGCCGCGGACCTTGAGCGCGGCATACGCCGCGGCGCAGTCGGCGACCTCGAAATAGAGAATCGAGTTCTTGTGGTCGAACTCCGCGCTGCTGGGCTTCGTCAACATGAGCCGCACGCCACCGGCGTCGAAGAACGCCATGCCGGCCATCGCGAACTGCAGCGTGAGGCCGAGCCCGTCGCGGTAGAAGGGGACCGCGCGCTCGACGTCGTGCTGGACGAGGGCGATCTGCTGGATCTTGCTGAGTCGGATCTCGGTCATGGGGCGCTCGCCGCGAGGGGTGCCCCAAAGATGCTAGAAGGCTTCTTGGAGGGCGAGCAGCAGCACGGGCTTCTGGTCGCTGTTGAAGGCGACGTCGAGACGCAGCGTATTGCGGGTCTCGGGATCAATCCGGTAGCGCAGGCCCACGCCGGCGGCGATGAAGGGGCCGAAATTCGGGTTCCCGCGGTTATAGTGCACGCTCGAGATGGAGCCGAACAGGGTGCTGCCGAGTCGATTGCGCATCCACTGCGTGGGTCCGCGCCATTCGCCCTCCAGACTGACGGCCAGATCCCCGGGCGCGCGGCCGGGCGCGAAGCCACGGCCGATGCGACAGAAGCCGGCGGATTCGAACTCGGGGAGCAACTCGCTGTCGAGACCGACAAACATCTGCCCGGCAAGCACGGCGCCCGAGGCAAGGCTCCGGTAGCCGCGAAGTTCGGCACGCGCGCTGTAGTAGCGCTCCGAATCCGGGTTACCAAAGGAGATTGAGCTCGCACGCACGGAAAGATCGAGCACACGGCCGCGACTTGGCGCGAAGATGTTGTCCCGCGTGTCTGTCACGCTGCCGAGGCGGGCCGAGAGCGCTTGATACTCCGGCGTGACACCACCGCCACCGATGCCGACGCTCAAGTCGTCCGGGCGCCGAATGACAGTCGTCACGCCGTTCGGCGGAATTTGCAGATGCAGCGGTGCGCCGCAGGGACCGGTGGTATCGCAGGGCGTCCATGGAATGCCGCCAATCGGAAAACTGTACGAGCCGTCGCCCTCACTCTCGTGCAGTCCCACACCGAAGTACGTCCACGTCCGCTCCGTGCGCCGCCACTGCTGCGTGAGGTCGATGCCGTGCCGACGCGGCATCAGGCGCGCGTCCGAGTCGAAGAAGACGATTGGCTCCTTCGACACGAATGCGTGCACGGCCGTGCGACGCTGATTTCCGGCCGTCCAGCGATCGTACGTACCACCGAGGTACCAGCCGTCATTCGCGGACTGGCGGTACTCGGCGATCATGACCGTCGGACGCGTGCCGAGCGTATCGACGGCTTGTCGGACACCCTGCACGGCGACGCCGAGTACATGGCCGGATTCGTAGCCGGTGCTGCCCAGAGGGAGCACGACACTCTTGACCTGTGCGGATGCAACCAACGGTCCGATTGCCAGGACGCCGACGCAGACGCGCACGAACGTGTTCAAAATGCCTCCTGCAGCGCGAGGTGGAGGCCGCTCCTCGGCCTACTATAGCGGTCGACGATGAACGACACCGCGTAGTCGAGACGAAGCGTCGTCCGCGTGTCGGCATTCAGGCGATACCGCAGGCCGGCCCCCGCCCCGAAGAGTGTCGCCGATGTGCCGGCGCGCTGCCAATGCGAACCGCTGACGGATCCGAACGCCGCCGCACCCAAGCGGTTGCGCATCCACCGCTTCGGACCGCGCCACTCCGCCTGCGCAAACAGCAACAGCTGGTCGC
CP130612.1_gap6	160878	162139	1261	GCCGGGCGATCAGCGTGCAGTCGGGTGATGCCCAGGACACGACGCTGACGAAGGCGCTCGGTGCGCCGCTGGTGGTGCGTGTGCTGGACCGCTTTGGCAACGCGGTGCAGGGTGCGACGATTGACTGGACCGGCACGAACGGCGTGACGTTCTCGTCGTCGAGCTCGACGACGAACGCCAGTGGCGACGCCAGCGTGACGGTCACGACGGGAACGACGCTTGGTGCGGCAAGCGTGACGGCGACGGTGTCGGGTCGAACCGAGTCCCGAACGTTCACGTTGACGACGCAGGCGGCGTTCACGAGCGTGTGGGCGGGCAACTACTTCACCTGCGGCCTAGCCGAGCGCGGCGAGGCGTATTGCTGGGGCTTCAACCAGAACAAGCAGCTCGGGTCGTCGGCGACGGAGGATGCCACCAACGCGCCAAAGCTGCCGGTAACATCGGGGTCGCAGATTCCGGTGTTCCGAAAGATTGATGGCGGCGAGAACCACGGCTGCGGCGTCACGATCGCCCGTCAGGCCATGTGCTGGGGGCTCGGGCAGGGCAGCTTCGGCGTCTCGACCCCGACGGTCATCAATCTCGCCAATGCTTCAATCATTGAGGATGTCACGGTAGGTAGCGGACATAGCTGCCTCCTGACGGCCAGCGGAACCGTAGCGTGCGTCGGCGACAATCTTCGCGGACAGCTTGGCATCAACACGGTCGCCGCGAACGCAACGCCGTACACACCAGTGGACAGCAGCTACTCTGCCGTGTCGGCGGGCGGCCTGCACACCTGCGGTATGGTGCGTGGTTCCGGACGCCTGATGTGCTGGGGTGACAATCAGGTCGGCCAGGTGGGCGATGGCACAACCACGCCGCGCCTGCTCGTGCCAACCCCTGTCAGCGTCGGCGGTGGCGTCACGTGGGATACGACGAGCCTCGTCACGGGCGACTCACACAGCTGTGCCCTGAACTCTGCGGGCCAGGCGATTTGTTGGGGAGCGAACGGTTACGGCCAACTGGGTAATGGAACCACGGCGTTGAGCCGTGATACGGCACTCGTGGCCGGCGGGTTGACCTTCCGCCGCCTCGCAGCTGGCCGCGACCACACTTGTGGCTTTACGACAACGGACTCGACGGCATACTGTTGGGGGCGGAACGATGCTGGGCAGCTGGGCGACAGCACGACTACAAACCGCAGCAGCCCGACAGCTGTGAGGGGAGGTCTAAAGTTCCGTTCGATTGCGACCGGCGAATTCCATTCATGTGGCGTGGCATC
CP130612.1_gap7	166568	169889	3321	TTCGAGCGGCGTCCCTGGTGGAACCTTCGAGGGCGTGATATGCCCCAACCGCACCTGCTCGGCGAACCAGGGATCGTCCATCAGGGGATGATCGACATGCTTCGGTGCGCGGAGTTCAGCGACCACCTGTCCTCGATCCGTGATGGCGATAACCTCGCCTGCCTTCGCGAGGCGGATGTACTCGCTCAGCTTGTTCTTCAGCTCCTTGATGCCGACAGTCTTCATGCTTTCAAGGTAGCTACTAGTAGCTACCTTGGCAAACCCGTCGCCCTCACCCTCGGCGCGATCAATCATGCGCCACACTACACCCAGCGGCGGCACCAGCCGCAATCATTACATTCTGCCGATGCGCCCAATCGCCCTCCTCGCCGCGCTCCTCCTGCCCGCCGCCCTCACCGCGCAGGCCTCCGTGGAGCCCGCCAGCCCGCCGCGGTTGCTGCCGATGCCGCGCGAGATTGTCCGCTTCGACGGCAGTGCGCTGTTCCGCGCGCCGATCTCGATCGCACCGGGCTCCGAGCGCGCGGACATCGAAGCCGCCGAGGACTTCGCCGCCGCCATGCGCGAACGCGGCTTCCAGGCCGCCCTGCACGCGACCTCCCGCGGCTGGCACGTGACGATGCTGCGCAATGGCTCCGAGCAGGCGCGCCGCGTGCTCGCCCAGCTCTCGCTCCGCTTCGAGGCCCCGATGCGCGAGGAAGGCTACATCCTCGTCACCGACACCACGGGCGCGACGCTCATCGCCGAAACGGCGGCGGGCGCCTTCTATGGATTGCAGACGCTCAAGCAGCTCTTCGTGGGCGCGGGCACGAGCGCGCGCCTGCACCGCGTAACCATCCGGGATTGGCCAGCTATGCGCTGGCGCGGCGCGCAGGACGATATCTCGCGCGGGCCGATGCCCACAATCGAGTACCAGAAGCGTCAGGTGCGGCTGCTCGCGAGCTACAAGGTGAACGCGTTCACGCTGTACTTCGAGCACACGCTGCAGTTCGCCTCGCAGCCGGTGATTGCGCCGCCGGGCGGGTCGATGAGCCGCGAGGACGTAGCCGAGCTGGTGGCTTACGCGAAGCGCTATCACGTGACGGTGATCCCGCAGCAGCAGACCTTCGGGCACCTGCATCACGCGCTCAAGCTGGAGCTCTACGCGGACCTAGCCGAGACGCCGCATGGGCACGTGCTCGCACCGGGCCAGCCGGGCACACTGCAGTTCACGCGCGGGATCTTCGCCGAGATCGATTCGATGTTCCCGTCGCCGTTCGTGCACTTGGGCGCCGACGAGACCTTCGAGCTGGGCGCCGGCCGCACGAAGCCGATGGTCGCGGACTCCGGACTGGGGCGCGTGTACATCAACTATCTGCGCGACATCGTGAACACGGTGCGCAAGCCGGACAAGCGCTACCTGTTCTGGGGCGACATCGCGATGAACTCGCCGGAGCTGGTGAACCGGCTGCCGAAGGATCTCATCGCGGTGGGCTGGGACTACTGGTCACGCAACAACTTCGACCGCTATCTCAAGCCCTTCCGCGACGCGGGCATGGAAACCTGGGTGGCGCCGGGCGTGAGCAACTGGAACGGCGTCTACCCCAACAGCAACACGGCGCTGCCGAACATCCAGGGCTTCATTCGCGACGGGCAGCGTGCCGGTGCGACGGGTGTCATCAACACCACCTGGGACGACTGGGGCGACGCGATCTTCGAGCAGGTGTGGTACGGGCTGGTGTTCGGCGCGGCGGCGTCGTGGCAGAGCGGGGAGTCGAGCATCCCGGCGTTCCAGGCGTCCTACGGTCTCAACTTCCACGGCGATACGCTCGGTGCGATCGACGCGGCGCAGCGGCATCTGATGGCCGCGCACGCAGCGCTGCAGCGCTCAGGCGCCGGCGATGCGGGTTCGTACCTGTTCTTCCTCGATCCGTGGAGTGACGAAGGTGTGATCGAGACGCTCCGCCTGCGTCCGCACATCGCGCAGGTGCGCATCCACGCGGAGAGCGCGCTGGTGCAGATCGCGCAGGCCCGCACGCAACGGCACCTGCGTGAGCCCAGCGCCGTCGACGCCATGGAACTCGGCGCGCGGCGCATCGACTGGCTGGGCATGAAGTTCCAGATCGCCGATGAAGTCGCGCAGGGCGTGTACGCGCTCGCCACGCTCGACACGGTGACGTGGAAGGAGCTGGCCGAGTTCACGGGGATCAACGGCAAGCTGCAGGACATGCGCGACGGCTGGGTGCTGACGCGCGAGCTGTTCGAGCGCAGCTGGCGCTACGAGAACCGGCCGTACTGGCTGGGCAACAACCTCGCGCGCTACGACGTGGAGACGCAGCGTTGGGTGGAGCGGATCAACGCGATGGACGCCGCGCGGCGGAAGTTCACTCGGGAGCGGAAGCTGCCGGATCCGCAGTCGGTTGGAGTGCCGTCAGGATTGGCGCCCCCGCGCCAGGCCCCGATGCCATGCGGAGGCGGAAGCGGGCGTCCTCCGGCCCGTAGACCCGTCCCACCAACGCCGGGTCAAAGTCCGCCACTGACCTGAGCAGCGTCGCCGGCACGAGCTTGCCGCGGGTCTCGAAGAGCAGCAGGTGGAAGTGGTCGGCGTTCTCGATGCCGCGGGTCATCTCGGGGATCCAGGCGTCGCTCTTCATCGCGGCTTCGATCACCGCAGCCGGTGTGCGCGGGCCGGCGATGTACACGCGGTCGTACGCGAACGGCACTTCGACGTAGAGCCAGAGCGTGGCGGTGTCGCCGCGGGCGGAGGCCTCGGCGACGGCCTCGACCAAGTCGGCCTCGGTCTTCTCGAGGCGTTCGGGGCCGCATGCGGCCAGGATGATGGCGAACACTGCGACCCACGAACGCTTGAGCATACGGTTCAGCGCCTCCGCGCCTTGGACTTGGTCTTCTCCAGTGCGCGGCGCACCGCGCGCTCCACGGAGTCTATGCACTTGTCGAACGCCGCGCGCGGGTCGGCGTCGACGACTTCGACCAGGACGCTCTCGTGGCGCGAGATCACGACCTTGATGGCGCAGCGATCGGCGGGGGAGCCCTTCTTGGGGCCGTTGAGGTCCTCGAAGCGTACGGTGATGCGCTCGATGGCCTCGGCGAACTTGCCGAGCTTGAAGCCGGCGCGCTTGGCGACGTACTCGCGGAGCGCCTCGTCCACCTCGACGTCCTTGGTGCGGACGGCCAGCGGGGTTTCAGGGGAATCCGTACGGCCGCGCTCGGCGCGGGGGGCGGCGTTGGCGGCCACGCCCATGGGGGCGCGTCGGGTGGCGTGCGAACGGGTGGAACGGGCCATGCGAAGCCTCGCGGTCTCGAGTGTGTGTCGCTGCCTGAAAT
CP130612.1_gap8	250688	253510	2822	GAGCGCGCGGCGCGCGGCGGGAGGCAGGGCGGGGAGCTGGGGGTCGTACTTGATGTCGGTGAAGGGGCGCGTACCGACGGGCGCCACGACGACGCCGGGGTTCAGGACGCCGAGCGGGTCGAAGGCCTGCTTGGTGGCGGCGAAGGCGTCGCGCGCTTCCTGGCTCCAGACGGTATCCGCGAGTGCCGCGCGCAGGCGGCCGTCGCCGTGCTCGCCGGCCAGCGTGCCGCCCAGCGACGCGACGAGCACCGTGACGTCGGTGATGAGCTGGTCGATGCGGGCGCGCCAATTGGGCTCCTGCATGTCGATGAGCGGATTCACGTGCGCGTGGCCGTCGCCGGCGTGGCCGAAGATGACCCCGCGCACGCGGGCGTCGTCGAGCGCGCGGCGGACGCCCCGCACGTATTCGGCGAAGCGCTCCGGCGGCACGCAGCCGTCCTCGATGAACTGCATGGACTGCACGCGCGGCGCGAGGCGGTTGAGGATCGGGCTCGCAGCGTGGCGCAGCTGCCAGAGTCGCGTCTCCTCGTGCGGATCGCGGGCCTCCTCGACGAAGGTCGCACCGCCGGCCTCGCACCAGCCGGCGAGTTCGCGCAGGCGTGATACGGCTTCGAGCTCGGTGCCGCCCTCGACCTCGACGATCAGCACGGCCTCGAGCCCGCCCGGCAACGCGATGGGCAGGGGATCGCCGGCGCTGGCGGCGATCTCGAGGAACGTGCGGTCGAGCAGCTCGACCGCACTCGCTCCGCGCTCGGCGAGCTTCACGGCGGCGGCCGCCGCGCCTTCGAGGTCCGGGAAGCCGGCGAGCAGGCCGGCCGTGCCGCCGGGCAGCGGCGCCAGTTGCAGCTCGACACCGACGATGATCGCCAGCGTGCCCTCGGAGCCGATGAGCACGTCGACCAGATCGCCGCTCTCGAGCCACGCGGCTAGGCCGTAGCCGGAGGATTCCTTGCGCACGCCGTCGTGGCGCAGGCGCGCGATGTCGAGCGTGCGGAGCTTGGGGCCCACGTCATAGAGGAAGCGCCCCACCGCACCGATGTCATCGGGCGGAGCCTCGCCGCGGCGCACCCAGGCGCGCGCGCCGTTGGCGAACACGCAGTCGAGGCCGGTGACCCAACGCCGCATCGCGCCGTACTTCACCGTGCGCGCGCCGGCGGCGTTCGTGGCGGCCATGCCGCCGATGGTCGCGAACGCGCCGCTCGAGGGGTCGACGGGGAAGATCAACGCCTCTTTCAGCGCCTCGCGCTCGACGCGGTTGCGTGCAACGGACGGTCCGACGACGACGCGTCGTGTGTCCGGATCGATCTTGCCGAAGGCGTCGAGCCGGTAGAGGTCCACGATCACGCCATGGCCGACGGCACCGTTGGCCATCGAGCTGCCGGCGCCGCGCGCGGTGAGCGGCACGCGCGTGTCGGCGGCCCACTTCACGAGGGTCACGACGTCGTCGGCGTCGACGGGCACGGCGATGGCGGCGGGCACGATGCGCTCGATGCCGGCGGCTTCGCTGTAGACCGCGCGTGCGTCGAGGTCCGTGCGGAAGGTCCCCCGGAATCCCGGCGGTGCGGCGAGCTCGAGCCCTGCCGTGGTCATATCAGGCGCCCGCAGGCGCGAGCGTGAATGGCTTGGACTTCACGCGGCGCACCAAGCGGCGCAGCGCCCCATTGCTCACCAACGACAGCACGCCGACGATCATCAGCGCCTTCACCTCGCGGCGCGAGATCTTCACGTTGCCGCCGGGGGTGAGCATCGCGCGCGAGCCGGAGAGGTCGCGCAACGTGGCGTAGGCGAAGAGCAGCGGCAGCACGCAGAACGCGCGGATGGCGAAGGCCCGCCGCGGGATCAGCAGGATGTACTCGAGCGCATCGTCGAGATCGTGGCGTGCCAGCTCGATGAAGCGCTGCACCGCGGCGTGGTTGTGCTCGAGGTGCTGCGGCGAGAGCAGCGTCTCGTGCGAACTGCCCGCCGCCTGCAGGTCCTGCGCGGGGATGTAGATCGAGTTCTCGTGCTGCGCGTCGTGGGCGATGTCCTTCAGGATGTTGACCGTCTGCAGCGCCTCGCCGAACGCCTGGCACTTCACCCACAGCTTGTCGAACTCGCGCTTGCCCACGGCCGGCGCATGCAGGTGCCAGAGTTCCGTGAGCATGCAGCCCACGGTGCCCGCCACGTAGTAGCAGTACTCCTTGTACTCGGCCACGGTCTGGATGCGGATGCCGCGCGGATAGTTGCGCACGAACTTCGCCATGCCGACGCCCATCTCGCGCACCCAGTGTGCCACGCGCTCCTGCGTGCGCGGCGGCAAGCTGCGGAAGTTGACCAGCACGAGATCCGTGTGCCGCACCAGTTCCAGATGCGCGGCGTCACCCTGCAAGCCGGCCGCGAGCGCCGGGAAGGCCTCCGCCTGCTCGCGGTCGAACAGGGTCGCGAGAAACAACTCCAGCAACTCGGCGCGACGCTCCGGCAGCGTCGTGTTGTCGTCTTCGATCGTGTCGGCGATGCGGCAGAGCAAGTACGCCGTCAGCACCGCCTTGCCGAGGTCACCGGGCAGGAAGCGGATGGAGATGGCAAACGTGCGCGAGACCTCCGGCAAGATCCGCTTGCCGAAGGCCTCCGCTTCCCGGATACGACCGAGGGGGTCGGCTGTAGGGATGTACGCGCGTGGCCCGCTGCTCATCCCGTGGAAAATAGCTTCCCCTTGCTCGCCTCGCCGAACTCGAGGCGGTCGAGGATCTGCTCCAGCGCCAGCTGGGCCAGCCGGGCGTCCCGCCGGTAGCTGCTGCGGGCGCTGGCCGCCGCCGTGGCCGCGATGACGGCACCGGCGCCGA
CP130612.1_gap9	255516	258076	2560	GGCCCCGCCGGAGCGACGACGGCGGGCGCTGTGGCAGGCGATGTGGCAGGCGCTGCGGCCGGCGTTGGCGCGGGCGCGACGATGTCCGTCGCCGCGGGCGTCGGCGGCCGCAGGTCGATCGACGTATCCCCGGCGAGCACGCGCTGCGCCTCGGCGCTGGCGATCCGCACCTTCGCGGTGCGGTAGGTGGTGAGCACGCCGAGGTCGGGGTTGATGGCCGAGAGCTCGTTGCGCAGGTCGTCCTGCAGCAGGTCGTCGGAGAAGATGTACCCGCGCTCGCCGGCGAGCAGCTGCATCATGCAATGCAGGTAGTCGTCGTTGGTATCGAGCAGGCCGTCGCGGCGTGCGGCGCGGTAGGGCACGAGCGTGTCGAGCACTTCGCCGATGTCGATCGGGCGCGCGAGCGCGCCGGCCTGTTGGGCGGCGAGCACCAGGCGGCGGAACAGTGCGTCGAGCGCGTCGGTAGTCATGTCAGGGGACCCGCGGCAAAGATGCCGAGGCCTTGAACGTCGCGCTATCGGGAAACGCCGCGATCTCCGTGACGCGTCCGCCCTTGGCGCGATACGCCGCGAGCCAGGCGTCGAAGCCGCTCTCGATGGCGCCGCCCGACCGCGATTGGTCCGCGGCGGCGCGTGTCGCCAGGTGGTTGGCGTACTCGTTCTGCGGATGGCCATCGTGGCCGCGCACCCACTGCCAGCTCACGCGGTGCGAGGCGGCGCTGCGGATCGCGTCGTGCCACAGCGGGAGATTCTCGATCGGGCCGGTCTTGCGCTTCCATCCGGCGCGCGCCCACCCGAACACCCAGCCCGTCATGCCATCGACGATGTAGCGCGAGTCGGTGGTGAACTGCACGCGGAACTGCTGGCCCTTGGCGCCCAAGGCATCGAAGGTCTCGATGACGGAGCGCAGGGCCATGCGATTGTTCGTCGTGGCGGGATCGCTGACCCAGAGGTCGCGGCGCGTGATGCGACCGTCGGCATGGCGGAACTCGATCAGCACGCCCGCGCCGCCGGGATTCGCGCCTTCCTTGCCGTTGCCGAGGCAGGACTCGTCGGCGTAGACGGCGACGAGCGGGAGCTCGCCCGCGTTCACGTCACGACCTCGAGCGCGTCGGTTTCGTCGAGGTACAAGGTGAGCGAGGCGCCGGTGCTCGGATGCCGCGCGATGATCGCCTCGCGGCCCTTGATCAGCGTGAGGCGCTCGGGAATCACGAGGAACTCGGTGCCGCGCCGCATCACCATGACGCGCTGCTGCTTGGTGACGGCGCGCTCCAGCGCGTCGTACTGCTTGACGCTCAGCTGCCCCATGCGACGCCCTTGGGTCCGCACCAATCGACGACGAACTGCGTGAGCACGTCGGTGGCGACGGCGATCTCGTCGACCGGGCAATACTCCTCGGCGGCGTGCGCGAGGCCGATGTCGCCGGGACCGAAGCAGATGGCGGGAATGCCGGCGGCGGTGAAGAGCGCGGCGTCGGTCCAGCAGCTGAGGCCTTCGATGGGCGCCGCTGCGCCGCGCGTGGTGGCGGCGGCCTTGAGACCTTGCACGAGCGCGTGATCGACGGGCACGTCGTTCGGCTGCTGGATGAGGCCCGGCGTCACGCTGGCGCGGAAGTTGGGCGTACGCGCGGCGACGCGGGCGATCGCCGCTTCGATCTCGTGCACGAAGTGTGCGCCGTCTTCACCGGGCAGCGTGCGGCGTTCGAGCCCGACCGTGCACCAGGCGGGGTAGGCGCTCAGCGAACCGTCGCTGTGGATGGGGCCCGCGTGGAAGGAGGCGCGCCCGAGCAATGGATGCGTGATGCCGGGCAGCACATCGCGTTGGTATCCGTCGAGTTCGGCGAGCAGCAACGCCGCGTGGGTGACGGCATCGATGCCGATGTCGTAGCGCGAGCCATGCGCGGCGCGGCCTTCGACGCGCACGTCGGCCCAGGAGAAGCCGCGATGCGCCGGGCAGATCGCGAGGCGCGTCGGTTCGGTGACGATCGCCGCGTGGGCGCGCAGGCCCATCGCGAGCAGGTGGCGCGTGCCGATGCTCTCCCACTCTTCGTCGGCGACGGCGGCGATGATGACTTCCCCGCCGAGTCCGGTGGAGGCGGCGCGGTGCGCGGCGGCGCACATCGCGGCGACGCCGGCTTTCATGTCGCAGGAGCCGCGGCCGTAGAGCCGGCCGTCGCGGACATCGGCACCGAAGGGATCGTGCGTCATGCCGGCGACGCCGACGGTGTCGAGATGGCCGTTCAGGATGAGCGAACGGCCGCCATGCCCGCCGCCGATGCGCGCGAGGACGTTGGGGCGGCCGGGCGCGGCGTCGACGAGATCGACCGTGAAGCCCCACGCGGTGAGCGTGTCGGCGAGGAGCTGGGCCGCGGCGCCTTCGCCCGGTGCGTCCGGGGCGAAGGCGGGATTGCGGGAGTCACACGCGACGAGCGCGCGCGTGAGCGCGAGGGCATCGCCGGGCGGAGCGAGCTCACGCCGCACGGGAGCCCCCGGGGATCACTTCTTGGCGGCGGGCTTCTTGGCGGCCGGGGCCTTCTTGGCCGCCGGAGCCTTCTTCGCCGC
CP130612.1_gap10	265948	270904	4956	GCCTGATCTACGCCAAGGGCAACTGGCGCATCGACCAACTGGCCTTGGTCGAGGCGGGCCCGCCGATCGAGGCCGTGCGCGTGGAGCCGACACGCGCGCTGCGCAGCGGCTCGCATGCCGGCGACGTGACGGCCGTGCTCAATGATCCCGCACGCACCGTCGTGACCTTTCCCGGCGACACCGTCGCGCTGGAGTTCGTGATGCCGCGCGAGGCGCCGCAGTATGCGCTGTTCCTCGAGTCCACCGGTTATTACCTCGAATGGATGCGCGGTGAGTGGCTGGCCGAGGGCGATGCGCAGATGGCCGACATCCTGATGCGGACGCCGCGCGAAGGACTGCGCCAGATGGCGCCGCTCTTCAAGGCGCGCGAGGCCGGCTTCGAGCAGAACTTCTGGGCGAGTCGCTTCGGGAGGCAGCCATGAGCGCGTCGCGGCGCGCGACCCTGCTGCTCGCGCTCGTCGCGAGCGCGTGCATGCCGGCCCGCACCAAGCCCTCGCTGCTCGGCGCACGCGTGACACTCTTCGCCAGCTCGGGCACGGTGTCCGGCGAGTTGCTGGCGATCAACGACGACAGCGTGTGGGTGTTGGTGCCGGAGACGGCTGGTCCGACGGCGCTCGGACGCAGCCGTATACGGAACGCCATCGTGCACCGCGGCGCGGGAGTCGGAAGCCTCGCGATGCGCGGCGTGGTCTTCGGTGCCGTGACGGGGCTCGGGATGTACGCCGCCTGCTCCTCGCTGAGCCGAGACGAGGCTTCGACGGGATGCGGCGGCGTCTTCGTGACCAGTACGCTCATCGCCGGCGCGCTCGGATTCTTCGCGGCGTCGTCCATGGAGTCGGCGCGCGACCTCGAGGTCGCGCGCGTCACGCCCGCGATGCTGTCGCGCTTCGCCAGATGGCCACAGGGGCGCCCCCAAGTGGAAGCGCCCCCGTCGTCACCACCGGATCCGTAACCGACGCGTCAGTCGTCGATCAGCATCGCCGCGGGATCTTCCATCAGCTCCTTCACGCGCACGAGGAACAGCACGGCCTGCTGTCCGTCGATGATGCGGTGGTCGTAGCTGAGCGCGACGTACATCATCGGGCGAATCTCGACCTTGCCGTCGATCGCCACCGGCCGCTCCTGGATCTTGTGGAGTCCGAGGATGGCGACCTGCGGGTAGTTGATGATCGGCGTGGAGACCAACGAGCCGAACACGCCGCCGTTGGTGATCGTGAACGTGCCGCCGGTAAGGTCGTCCATCGTGAGCTTGCCGTCGCGCGCGCGCTTGGCGACCGCGTTCATGGCGCGCGAGAAGCCGACCATGCCCATGCGGTCGGCGTCCTTCACGTTCGGCACGACCAGGCCCTGCTCGCTGGCCACGGCGATGCCGAGGTTCACGTAGTGCTTGTAGATGACGGAGTCGCCGTCGATCTGCGCGTTCACCACCGGGTAGGCCTTGAGCGCCATGCAGGCGGCCTTGGCGAAGAACGGCATGAAGCTGAGCTTCACGCCATGCTCCTTCTCGACGCGCTCTTTCATGCGTTCGCGCACGGCGCTCACGGCGCTCATGTCGATCTCATTGAACGTCGTCAGGTGCGCCGTCGCGTGCTGCGCCTGCAGGAGGTTCTCGGCGATGCGCTTGCGGCGCGTCGTCATCTTCTCGCGCGTCTCGCGCGTGCCCTCGGGGCGCGGCGCGGGCGCGGGCGCGGCCTTCACCGGGGCGGTGGTCGGCGCCGGAGCGGGGACGTTGGCCTTCGTCGGCGCCGGAGCGGCGCTCGCGGCGACGACATCGGGCTTGGAGATCACGCCGCCGCGGCCGCTGCCTTGCACCGTCGAGAGGTCGACGCCCGTGGCGGCGGCGAGCTTCTGCGCCGACGGCGCGGCGCGGAGGTCGCCAGTGCTGGGCGCGGCGACGGGAGCCGCAGGGGCAGCGGGTGCGGCCGGCGCGCTGGGAGCGCCCGGTGCCGGCGCTGCGGGAGCGCTGGGGGCAGGAGCCGCCGCGGCTGGCGCGGCACCCGCGCTGGCACCTTCTTCCAAGTGGCCGAGCGTCTCAGCCAGCTGCACTACGTCGCCTTCATTCTTCAGGCGCTTGCGCAGCACACCGGCATTGAGGGCGGGCACTTCGACGGTGATCTTATCCGTCTCAAGTTCGACGAGCGTGTCGCCGACCGCGATGGCTTCGCCTTCCTGCTTGAGCCAGCGGGAGACGGTCGCCTCGGTGATCGATTCACCGAGGGGGGGGACCTTGATCTCGATCATGCGGGAAATATAGCAACGGAGATAGGGTGCGAGCACTGACAATCGACGCCCATGGCGGGACGGAGCAGGTCCGCTATCGCGAGGACGTGGCGACGCCCACGCCCGAGCCGGGCGAGGTGCTCGTCCGGATGCGAGCGGTGGCGCTCAATCGGCTCGACCTCTGGACCGTCGGGGGGCTGCCGGGCGTCACGATCACGCCGCCCTGGGTGTTGGGCGCCGATGGCGTCGGTGTCATTCAAGGCATCGCCGGCGAGGCGCCCGGACTCCGGCTCGGCGACCGTGTGGTCATCAACCCCGGCATCTCCTGCCGCCGCTGCGAATGGTGCCTGAAGGGCGAGCATCCGCTGTGCGTGACGTTCGGGCTCTTGGGCGAGCATCATCCGGGCAGCTTCGCCGAGTACGTGGTGGTGCCGGCCTCGAATGTGATGAAGGTGGCGCATAACGTCCCCGACGACATCGCCGCCGCGTTCACACTGGCGACGCTCACGGCTTGGCGCATGTGCGTGAGCCGGGCGCAGGTGCAGGCCGGCGAGGACGTGCTGATCTGGGGCATCGGTGGCGGCGTGGCGCAGGCGGCGCTGCGCATCTGCAAGCAGCGCGGTGCGCGGGTGTGGGTCACGTCGTCGGATCCGGCCAAGCTCGAGCAGGCGCGCGCGATGGGCGCCGACGAGTGCCTGAATCACGCCACCGAGGATGTCGGGCGTGTCATCCGCGAGCGGACGAACAAGCGCGGCGTGGACGTCGTCATCGATAGCGTCGGCGAGAAGACGTGGAATGCGTCGCTGCAGGCGTTGACGCGCGGCGGCCGCCTCGTCACCTGTGGCGGGACGTCGGGCCCGAAGCTCGAGATGGATGTGCGCCGGCTGTTCTGGTACCAGTGGTCGCTGATGGGCTCGACGATGGGCAACGATGCGGAGTTCGCGGCGGTCACCGCGGAACTCAACGCGGGCCGCCTGTGGCCGACGGTGGATGCGGTGTATCCGCTGGCCGAGGGGCGCGCGGCGTTCGAGCGGATGGCGCGCGGGGAGCAGTTCGGAAAACTGGTGCTGCGGGTGAGCGATGGCTGAGAAGGCGCAGTTCACCGCGGACGAGGAGCGCAGCGTGCGCGAGGCCTACGCGCGCGACGGCCACGCGGATTGCCCGCGCTGCGCGGTGCGCATGCACGAGCGGGCCATCGGCGGCGGGAGCTTCGGGCTCGGCTACGCGCGGCAGCGGGAGTGGCTGCTCTGCCCGCAGTGCAAGCGCAGCGTGCTCTTCGACCTCAAGCGCGGGACGCGCAACTAGGCCCCCTGCACTAGATTTTCCGCCAATGCGATCCCTCTTGCGATCCCTTGGCGCGCTGGCGTTCGCCGCCACGTCGCTGACCGCCCAACACGATCCGCCCCGCCGTCTCGATCTCGGCACGCCCGTGCAGGAAGCCGAGCGGCCGCGTGACGACGGCGAGACCTCCCGCGACATGCGCAATGTGTACGTGCGCAACCAGCTCGCGCTCGGACTGGTCTCGTACGGCCCCGCCTTCGCGGTGATGCTGGGGAGCGAACCGGCAACGCGCATCGCGGGATACATGCTGATGTCGGGCGCGACGTTCTTTGTGGCCAATGAGATCACGCAACAGGTGAACGTCACGCCCGCCCGACAGGTGCTGAGCACGCGGATGGGCGCGCGCGGCAGCGCGAGCTTCTTCCTGCTTGGCCACTCGTGGCGCATGAGCGAGAGCGAGATTGGCGCCGTGTCGCTGATTGGCGGCCTCGGTGGCTCTGCGATTGGCCTGTGGGTGGGCGGGGGTCTCACGGAGGGCGAGGCGGTTGCGTCGGTGGTCGCGCACGACCTTGTGGCCCTGAGCACCTACGCGGTCACCTGGATGGCCGACCCGCGGGAGAACGACGGTGAAGGACTGCGTCGCAGCCAGCGTCTGGCGGTACCGATGCTGCTCGGCTGGGGCGGGTACGCACTGGGCCGGAAGTGGGCGGGCACGGCGTCGTACGAAGTCACGGCGGGCGACGCTACGCTGCTTTGGCTGGGCGCGGCAATCGGCGGCTCTGCCGCGGCGACGACGCTCATCGAGGGCGATCCCGAGCCGCAGACGGTGGCAGGAACGCTGCTCGCTGGCGGTCTGCTCGGCGTGTGGGGCGCGAACCGCTACTTCGTGCGCAACTTCGACCACACGCGTGGCGAAGGCGTGTTGGTGGCGACGGGCGCGGGCGCCGGTGCGCTGATGGGCATCGGTCTCGGCGTCCTCATCGCCGGCGATGCCGAGCGCGGTTCGGCGGCGACGCTCGGCATGGGTACGGTTGGTGCGATGGCGGGCGCGTGGCTGACCGAGCGCTACGCGCAGCCGGCGCGCGACGAAGGGCGGCGCCTCGAGGTCGGTAGCCGCGTCCAGTTCAATCCGTCGGCGATCGCTGCGGCCGCGGCGCGCACGCCGGGGCAGCATTCCATTCTCCGCATCACGTTCTGATCCCGGACTCAATCATGGCGTTCCTCGATCGCCTGCAAGACAGCCTGCTGCGGCTCTGGGAGTATGTGCCGGCGCTCTTCGGCGCGGCGGTGGTGATGGTGGCCGGCTTCCTCGTGGCGCGCTTCGCGCAGCGGACGATCCATCGCCTGCTGCGCCGCGTGCACCTCAACGAGGCGCTGCAGAAGGGCGGCGTCGCGCCGCCGCTGGATCCCTACGGCGTGCCGCTCACGCCGTCGCGCGTGATCGGCAATGTGGTG
CP130612.1_gap11	288426	291236	2810	CGGGGCGCGCTGCATCTACCATGGCGTGACGACGGCCGAGCGCATCGCGCTGGCGAACGAGATCCAGCAGAAGGAAGATCTCGTGTTCATCCCGCCGTTCGACGACGACACGATCATCACCGGGCAGGGCACCTGCGGCCTCGAGATCGCCGAGGACCTGCCGGATGTGGGCACGGTGCTGGTGCCGATCGGCGGCGGTGGCCTGAGCGCCGGTGTGGCGCGGGCGGTGAAGCTCTTGGTGCCCACCGCGCGGGTGATCGGCGTGGAGCCCGAGGGCTCCCCGAAGTTCACCAAGGCGCGCGCCGCCGGCGAGCCAGTGACGATTCCGGCGAATCCCACGGGTCTCGCCGATGGCCTGCTCGCGGTGCGCATCGGTTCGCGTAACTTCGAGTATCTCGAGGCGCATCTCGACGAGGTGGTGACGGTGCCCGACGGCCGCCTGCCCTGTGCGATGCAGTACGCCTTGGAACGGCTGAAGCTGGTGTGCGAGCCGAGTGGTGCAATCACGCTCGCGGCGCTGCTCGACGGCACGCTGCGACCGCAGGGAAAGACCGTCGCCGTGCTCAGCGGCGGGAACATCGAATACGACGGCCTGCGTGCCCTGCTGGGTGACGCGATGCCGGGAGGAACGACCTGATGCCGATGCGGTGTCCGACCTGTGGCAGCCAGTATGGCGATGACGCGCGCTTCTGCACGAAGGACGGCACGAAGCTCGCGGCTGCCGGCGAGCCGTCGGCGCGCGCAACCGCCGTGCGTGGCGAGGAGGGTCCCTCGGCGTCGCCGAAGCCCGCCGCGACCAGCCACGCGAACATGGCCGGCCAGGTGCTCGACCGTCGCTACGCGATCGTGAAGAAGGTCGGCGAAGGCGGCATGAGCTACGTGTACATGGCGCGCGACGTGTCCACGAATGAGCGCTACGCGATCAAGATCCTCTCGCCGGCGCTGAGCAAGGACGAGAATGCGATGGCCCGCCTGCGCCGTGAAGCGGCGCTGGGCATCCGGCTCGCGCATCCCAATGTGTGCCATATCGTGCGCATGGGCGAGACCGAGGACGGGCTCTGCTACGTGGTGATGCCGTTCGTGGAAGGCGAGATCCTCAGCGACCGCAACTACCGCGTGGGCAAGACGACGCTGCAGGACACGGCGAAGTTCATCAGCGAGATCGCCGATGGCCTGCACGTCGCACATCAGTTGGGCATCGTGCACCGCGACCTGAAGCCCGAAAACATCATGATCTGCAAGCGCCAGGGGACCGGCGAGGAGTACGCGGTCGTGATGGACTTCGGTCTCGCGAAGGAGCGGAAGGCCAGCGGCGAGCTGCAGAAGCTCACGGCGACGGGCATCATCCTTGGCACGCCGGAGTTCATGAGCCCCGAGCAGTTGCGCGGCAAGCCGCTGGATCCGCGCACGGACATCTACTCGTTGTCGCTGATGACCTACGAGATGCTCACGAGCAAGCTGCCGTTCGAGGGCTCGAACCAGCAGGCGATGATGATCGCGCGGCTGCGTTCGGAGCCGATTCCGGCGCGCAACCGGCGGCCGGATATTCCGGAGGCGGTGGATCGCGTGCTGCTCAAGGGCATGGCACGCGAGGCGGCCGATCGCTATGCGTCGGCGCCGGAGTTCGCCGCGGCGCTGCGCGCGGCAATCGCCTGACGGTGCGGCTGGCGCTCGCCTGCCTCCTCTGGGCGGGCGGGCTCGGGGCGCAGTCGCCTCGCTTGGCGGGGCCCAGCCGAGCCGACTCGCTCATCGCGCAGGGCCGCCTCGCCGCCGCCGAAGCGGCGCTCTACGCCGCGTCGGATGCCAAGCCTCGCGACCCCGCGGCGCGAGGCGCGCTGGCCGCGTATCTCGCATCGCGCGGACGGTTTTCGATTGCGCTGGTGCTCTTCGATGAGGCGCAGCGCTTCGGCGCCGCGGCGAGCCGCGTGAACCTCGCGCGCGCGGCAATTCGGCCGTATACGCGCGCCGCGGCCGCGGGGCCCGAGGTCACGCTGCCGTGGCGCGGATCGCCTGCGCCCGGGTTGCTGGGCAGCATCACCGTTCGCGCGCGCGAGGACTCGGCGTCTTCGGTGCAGGTGCAGATCGACCCCAATGCCACAGGGCTGGTCGCGGGTGTCGGCGTCGCGGCGCGACTCGGCCTGCGGCGCGGTGATGCATTGCCGGCCCTCTGGTTGGGCACGCGGCGCCTGGGAGACGTACCGGTGCGCGTGGACTCCGCGCTTGGTGTTGACGATGCGCGGTTGGGCCTCGACCTGCTCTGGGCGCTGGAGCCGCTGGTCGACGAACGCGCGGGCACGCTGACGCTCGGTCGCCGTGCGCCGACCGCCAGCGCCGCCGGTGCGACGGAGATCCCGTGGCTGCTCACGTTCCCGGGCCTGCAGCTCGTGCCGCGTGCGGGCGCGCCGCCGCTGCGCATCGAGAGCGCGGCGGGGCGTGCGCTGCTGGAGGGACGGCGCTGGCAGATCGATACGCGCCGGGCGGTCGTCCGCGTGGAGCGCTGATGCCGTCGCTGCGCGCCCGCCTGGCGAACCTCGCCGCGCGCGTGTTGGTGAAGCGCGTGACGAATGCCCCGCGGTTCGATCTCGCGGCCGTACGTCGCGCGATGGCCTCGCGCCTGACCATGCCGGCGGCGTTGCCGTGGGGCCTCCGCGTCGTGCCCTCGCGGGAGCCGGGACTGCCCGGTGAATGGCTGCATCCGCGCGGGGCCAGGACGGGCGTGGCGCTGCTGTTCATTCACGGCGGGGGATTCATCGCCGGCTCGCCGCGCACGCATCGCTCGTTCGCCGCATGGCTCGCGCATCGCGCGGGGG
CP130612.1_gap12	292610	295134	2524	ACGGCGCAGTCTGGCGTACGCGTCTCAGCGGCGCTGGCTCGTGCCGGAGGGCAGGGGCAGCGGAGCGGGGCACGGCTTCGATTCTCGCGTCAGTCGGCAGGCGACCGAACTGAAATCGTGTTTGATGAGTCGGTCGGAGCGATCGTGGAGACTCGAGCGATGCGCGACGGCCGCTTGCATACCCTCATCGAGCGCAGGTTCAGCGAGTACCATCCGGGGGTTCGGGTCCTGAGCTCCGAGCGCGTGACGCGGTATCCCGAACGGGCTAGCGACGCCCCGAGAGTCATGACATTCGTGTACCGGAATCCGCGTCTCCTTGGAGGGCAATGACAATGCGCCGCTTCGGATTGAGCGCATTCGCCGCTCTCGCAATCCGCTCCCTCTGCTTGCTCGCGCTCTCCGGAGCGGCCCTGCAGGCGCAGGACACGGCCGTCGTGTTTGTGCACGGCATCAACTCTAGTGCCGAGGTGTGGACGGGAATCGCGAGCAACCTGCAGCAGCGGCTCCGCGTTGCGCCCGTGATTCCGAGTCTCAACTGGGCGCGAACGGAGGGAGAGCAGGCTACGCAGTTGTCGGGCATCTTGAACGCAAATCCTCTGACGGCGAGCTTCGCACGTCGGATGCCATTCGTGGCGCACAGCAACGGCGGGTTGGTGACCCGGGAGTACCGCAGGGGCGACGGCCGCGTGCGCCATGCGGTGACGGTCGGAACGCCTCATTTTGGAGCTCCGCTTGCCAATAACTGGCTCAGCGGGACCACGATTTCGATATCCCAGTTCATCCTGGACCGGCTGCTAGACCCGGTCCGCTACTACTCGCTCAATGACATCGAGGCGCCCTCCGTCATTGACTGGGCGTACTGGGTGTCTTACCCGCTGATTTGGTTGGTCAACGTGATCGACGCGTTGCTCTGCCCTGTTGCCGGCTTCTGCTTAGTGCTTGAGGCCGGAACATACGTCGCGGCGCCAGTAGTGTACGATCTCGCGGTCGGATCCACTGCTACTCAGATGTTGAACTCGTCTTCGAACCTCACACAAGAGGAGGCGACCGTCGCGCAGCGCGTCGGGATCCGCACGTTCACTCCGCCTAGCGGGGCGATGTTCGACCTATTCACCGAGGAGCCCGAGGCGTGGGAGATCGCGCAGGAACTTGCTATTGCGTCCTACATCTCGGGATATCAGTACTACCGTGACCACTGGGACTACTTTCTCCAGGCAAATGCATGGCTCTGGGTTGATGGCGCCGCTGCACTCATAGATCTCGATTATTGGTGGCAGACCCTAACCGGTACGCTTGTTAGCTACAGTAGGGTCCTTGACCAGAACACCGGTTTCTACGGCACGTATCTTGAGGCGTTTCCAAGCGATGGGCTGGTACCTCACCTCTCGGCGGCCTATCCTAGCGGGACTCTTCAGATTGAGCTGCCTGGGAGAATTTCGCACTCGAAGCAGCTCAGGTCAGCAGCTGTGTCGGACGCGCTCTTCGCAGTACTGAACGAGCGATTCGAGATTCCGATTCGCGATGGACCGCCCCCGCCAACGTACGTCGCGAGCATAAACGGGCCTACCCTCGCGCGTAGCGGCAACATCTGTAGCTGGTCAGCGGCCACGAACATCCCGGATGCCGCGTTCCAGTGGAGCGTCGACGGCGCAGTCGTAAGCGCATCGCCGGAGATTCTCCTAAGCGTCCAATCCAGCTTTACTCTCTCGCTGCTCGTCAGCAACGGACAGGGCGCCAGCGCCTCGACTTCCATCTTCGTGAGTGTGGGTACCGAGAACGCAAACTGTGAGAGTCAGTAGCCGGATTCTCTTGCTCACGACGGGGGCAGCGCTCGGCTTTTCGTGCCGGGATCCAATGCCACCCGTTGGCACGGACGGCGACCCGCGCGTGTTATGGCGGGTACCGTCCGGCGCGGATGCAAGACCACACGAGCCTGTCGCGAATGCAGATGGCTCGATGGTCTACTTCCTGAACTCGGCGTATCGTTTGCAGAAGATTCGTGCGACGGACGGCCACGTCGTCTGGGATCGGTCAGGCGGGGTTCCACGACAGAACGGCGCGAGTTGGAATCTCGTGCGCAGCGCCCACGTGGTCGTGGCGCCCCGTGTGGACCTCTATGCGTTCGACACCACGTCCGGTCAACCGGCATGGACATACGTCGACCCAGAATTGGACGAGACCGGCTACAGCACAATTGCCGCCGATAGCCAAACCGTCTACGCTGCCTCCCGGCTCGGAAAAATCCACGCCGTTGCAGCGGGGTCTGGCACGGCGCGTTGGATTGTCGATTTGAAGACGGGGGAGGTCTCAGTCGGCGCACTGCGCCCGACGCTCCACCATAGCCTGCTGCTCGTCTGTTCGCGAACCCTCGACGGTCCGTCACGTGGGACTCTGTGGGCACTCAACACCGCCGATGGAAGCGTGAGGTGGCGTTACGACTTTCAGCCAGAGCTTCCCGGACAGGGCTCTGCATGTTTCGGACACGCGGCGTCGATGGGTGACGTCGCCATCCAGGCCCAGGAGG
CP130612.1_gap13	300328	301871	1543	CTTGATCGTCGCCTGCAGCTTGCGCATCACCTCGGCGTCCGCGGCCGCCGACTCGTCGCGGTCGCGCACGGCGATCCAGAGGCGGTCGAGGAAGCGCTTCACGCCGCTGATGCCGGAGTCGCGGAAGTCGCCGCCTTCCTCGAAAGGCCCGAGGAACATCAGGTAGGTGCGGAAGGAATCCGCGCCCCACTTGTCGATGTACTCGTCGGGGTTCACCACGTTGCCGCGCGACTTCGACATCTTCGCGCCTTCGCGGATGATGAGGCCGTGCGCGCGGAACTTGGTGAACGGCTCCTCGAAGTCGAGCAGGCCGCCGTCGTGCAGCACCATCGTGATGAAGCGCGAGTACAGCAGGTGCAGTACCGCGTGCTCGTTGCCGCCGATGTACGTGGTGACCGGCAGCCACTTCTTCGTCGTCGCCGCGTCGAAGGCGATATCGTCGCGGCCCACGCTCGGGTAGCGCAGGAAGTACCAGGCGCTATCCAAGAAGGTGTCGCTGACGTCCGTCTCGCGACGCGCCTGCTTGCCGCACTGCGGGCAGGGCGTGTGGTACCACTCCTCGTGGCGCGCCAAGGGCGAAATGCCCGAGTCGTCCGGCTTGAAGTCCGGGATGTTCGGCAGCAGCACCGGCAGCTGCGACTCCGGCACGGGCACGGTACCGCAGCTGTCGCAGTAGACGATCGGGATCGGCGGGCCCCAGTACCGCTGGCGCGAGATGCACCAGTCGTGCAGGCGATAGTTGGTCACGGCGTCACCGGCGTGCCGCGACGCCAGCCAGGCCGTGACCTTCACCTTCGCCTCATCGACGCTCAAGCCATCGAACTGCCCGGAGTTCACGAGTACGCCATCGCCCACGTAGGCTGCCTCGCCGAGCGGCGTCTTGGCCGTCTGGCCTTCCCCGGCGACGACGCGCACGATGGGCAGCTCGAACTTCGTGGCAAACTCGAAGTCGCGTTCATCGTGACCCGGCACGGCCATGATGGCACCGGTGCCGTACTCCATGAGCACGTAGTCCGCGATCCAGATCGGGATCATCTCGCCGGTGGCGGGATTCACCGCGTAGGAGCCCGTGAACTCGCCGGTCTTCTCCTTGCTCGTCTTGCGGCTCACCAAGTCCTGCTTGGCCGCGCGCGCGCGGTACGCGCGCACCGCGCCGTCCTGCATCGGCGTCGTGAGCGCATCCACCAACGGGTGCTCGGGGGCGAGCACGAGATACGTCGCGCCGAAGATCGTGTCGGGGCGCGTCGTGAAGACTTCGATCGTCGTGCCGCCGGTGCGCACTTCCGCCGTGACGGAAACGGCCGAGCTGCCGGCGTCGGCGAGGGGATCGAGCACCGGGAAGCGCAGGCGCGCGCCGTCCGAGCGGCCGATCCAGTTGCGCTGGGCCTGCTTCGTCGTGGCGGACCAATCGAGCGTGTCGAGGTTCTCCAGCAGCCGCGGGGCGTACTTGGAGATGTTGAAGAACCACTGTTCGAGGAAGCGCTGCTCGACCATCGTGCCGCAGCGCTCGCAGGCGCCACCCTCGACCTGTTCGTTGGCGAGC
CP130612.1_gap14	364169	368488	4319	GGCCGCGGGGTCGGATCCCAACGGCACGGTGGTGGAGCCCGATTACTACCGCAAGGCCGTGGAGTGGGACCGCACGATGGAGCGCCGCGCGGCGAGCGCGGCGCTGGGGTGGACGGCGACGGCGACGCTGGGAGCGATGGACGCCGCCGGCGACCGCACGCGTGCGCTCGCCGTGGCGTTGCGCGACACCGCCGGCGCAGCCATTTCGGATGCCGAGGTGAGCGCGACGCTGATCCATAATCGCGAAGCGTCCACGCCGATTGCGCTGACGCTGCGTGCCGACGGTGGCGGACGATACGTGGTGGACGGTGCGCTCGTGCACGCCGGCCAGTGGGAAGTGCGCATCGTCGCGCGGCGCGGGAGCGAGCGCTTCGAGACGTCGTTGCGGGTCAAGGCGCCGTAGGCGTGTTCGCGCTCGCCAGCTCGGTCTTCGTCGCCGGATTGCTCGGCAGCGCGCATTGCGCCGGGATGTGCGGCAGCTTCGCCTGCCTCGCATCGGGTGGTGATGCCTCACGCGGGCCGGCGGTGTTGCGCTCCACGGCGGCCTACAATCTCGGGCGTCTGCTCAGCTACGCGACGTTGGGGGCACTCGCCGGCGCGGCGGGGGCCGGGTTGAACAAGGCGGGAGCAATCGCCGGGCTCGCGCGTCCGGCGGCCATCGTCGCCGGTGTGTTGCTGATCCTCTGGGGTCTGGCATCCCTGCTGGCAGCGCTTGGCCTGCGCATTCCTTCGCTGGATGTGCCGCCCGCGCTCGCGACGCGCGTCGCGCGCGCGGTGCGCGTGGTGCAGGACCGTCCGCCGAGCGTGCGCGCGCTGGCGATCGGCGCGCTCTCGGCGGCACTGCCCTGCGGCTGGCTGTACGCCTTCGTGGCCACGTCGGCGGCCGCGGGCTCGGCGCTGGGCGGCGCGACGGTGATGGCCGCGTTCTGGCTGGGCACCGTGCCGTTGCTTGCCGCTGTCGGCCTTGGCGCGCAGCGCCTGCTGGGGCGCTTCCGCAGCCGCCTGCCCGTGATGACCGCGAGTGTGCTGGTGATTCTCGGAGTGCTCACCGTCGCCGGCCGTCTGACGCCGGCGATGCCCCATGCCAACGCCATGACGACCTCGAGCAGCGCCGATGGGCAGCACACTCACCACTGAGCTGACGCTCGGCGTCGGCGCCGATGCGCGCTGTGCGCACTGTGGCCTCGAGGCCACGGCGGGCGACGCGCGCACTGTGGATGGCGCGACCTACTGCTGCGCCGGCTGCGAGACGGCGGCGAGCATCATCCGCCAGAGTGGGCTCAGCGGCGGCTTCTACGCGCTGCCGGAGCGCCGCTCGAGCCGTGTGGCGCCGAGCGGGCGCAGCTATGCGGAGTTCGATCACGAGGCCTTCCACGCCGCGCATGTGAAGGCCCTGCCCGACGGACTGCGCGAAGTGCAGTTCTACCTCGAGGGCGTGCATTGCGCGTCCTGCGTGTGGTTGGTGGAGCGCGTGCCGTTGATCGTGCCCGGCGCGGTGCGCGCCGAGCTGGACGTAACGCGCGCGGTGGCGCGGCTCGCGTGGGATCCGACGGCCGTGTCGCTGAGCGCGCTGGCGCGGGCGCTGGACCAGTTGGGATACCCGCCGCATGCCTTCCGCGGCCACCGCGCGGACGAGGCGCGGAAGGCCGAGGAGCGCGCGATGCTGACGCGCATCGGCGTCGCAGGGGCGATCGCCGGCAACGTGATGACGATCGCGCTGGCGCTGTACTCGGGGATCTTCAGCGGCATGGAGCGCGAATTCGAGCGCTACTTCCGCTGGTTGAGTTGGATCCTCGTGACACCGGCGCTGTTCTGGCCTGGGCGCACCTTCTTCACGAGCGCGTGGCAGGCACTGAAGAACAAGCGGCTGCACATGGACGTGCCGATCGCCCTGGCGCTGGCGCTGGGCTACGTGCAGGGCGCGGTGAACACGCTGCGCGACGGTGGTCCGATCTATTTCGATGCCGTCGGCACGCTGATCTTCCTGCTGCTCGTCGGCCGTTACCTGCAGCACCGCGCGCAGCGCAGCGCGGCGGATTCGGCGGCCTTGCTTGGCGCACTGTCGCCGGCCACGGCGCGCGTGGTGGATGGGGAGCACGTGAAGGAAGTGCCGAGCGAGGCCGTGCTGCCCGGCATGACGCTGGACGTGCGACCGGGCGACACGCTCGCTGCCGACGGCACCGTGGTCCGCGGCACCTCATCGTTGGATCTCGCGCTGCTGACGGGTGAATCGCGGCCGGTGCGCGTCGGCGAGGGGGAGAAAGTGTTCGCCGGTACCGTGAACCTCTCGTCGCCGCTGCGCGTGCACGTGGAGGAAGCGGGCATTACGAGTCGGCTCGGCCGCCTGCTGCGCGACGTGGAGGACGGCTCGCGTGAACGACCGCCGGTGGTGCTGCTGGCGGATCGCATCGCCGGCTACTTCATCGCCGTCGTGCTGGTGTTGGCAGCCATCACCGCGACGCTCTGGTGGCAGCGCGACATGTACTTCGCGATCGACAGCGCCATCGCGCTGCTGGTCGTGACCTGTCCGTGTGCGTTGGCGATCGCCACGCCGCTGGCGTTCACGGTGGCGGTCGGGCGTGCGGCGGGGCGCGGCATCCTGGTGAAGGGTGCGCATTCGCTCGAGACGCTCACGGGGCGCGGCACGATCTTCCTCGACAAGACGGGCACGCTCACCGAAGGCCGCATGGAGCTCGAGGCCTTCGACGGGCCGGCGGAGTTGCGCAGCGCGATTCTCGGGCTCGAGCGGCACTCGCGGCATCCCGTCGCGGCGGCGTTTGCGCAGGCCTGGGCGGATGTCGAGCCGCGCGACGTCGTGGAGTACGAGGAGACGCTCGGCGGCGGCCTGCGCGGGCGCGTGGATGGTCGGGAGCTGATCGTCGGACGCCCTGAGTGGGTGCTCGCGCGCAGCGCACGTGTCGCGGAGCGCCTGCAGGGTGCGTCGCCGCTCGATGCGCGGCTCACGCCGGTGCTCATCGCCGTGGATGGCGAGGTTGTGGCGCGGGCGGGCTTCGGCGATCCGCTGCGCAGCACCGCCAAGGGTATGATCGGCGAACTGCAGGCGCATGGCTGGGAGGTGCGTCTCCTCAGCGGCGATGCGCCGCAGGTGGTGCGGGCCGTGGCGTCGGCCTTGGGCATCCCCGCCGAGCAAGCCGAGGGTGCGGCGAGCCCCGAGCGAAAGCGCGAGGCGATTGCGGCTGCGCGTGCGCAGGGCACCGTGGTCATGGTCGGCGACGGCGTGAACGACGCGGCGGCTATCGCGGCGGCCACGGTGGGCATCGCCGTGCGGGGCGGCGCCGAGGCGTCGATGGCGGCGGCGGATGTGTACCTGGCGAAGCGCGGGGTGGCCTCGCTGGGCGAGTTGTTCGCGGGCGCACGCCGCACGACCAGCGTGATCCAACGCAACATGGCGGTCGCGCTGGGCTATAATGCGATCAGCGTCGCGATGGCGATGATGGGGATCCTGGATCCGCTCTTCGCCGCGGTGCTGATGCCCTTGGGCTCGGTGACGGTGATCCTCGCCACCTGGCGCGCGACGACGTTCCCGAAGGAGGCCCTGTGAGCGTGCTGTTCCTGTTGGTGCCGTTGGCGATCCTGCTGGTGGCGATCTTTGTCGGCGCCTACGTGTGGAGCACGCGCACGGGGCAGTTCGACGATCTCACCACGCCGGCGATGCGCGCGGTGCACGACGACGGGACCGTCACCCCTCCGCCGCGGCCGCCCGAAGCGCGTTGACGATGACGGCGATGTCGATCGCCTCCTGCACCAGCGCTCCGGCCGTGGGCGGCAGGTAGCCCAGCGCGGCGACGACCATGCCGGCCGCGGAGAGCGCGAGGCCGGCACCGATGCTCTGCTTCGCGATGCGCACCGTGCGCTGCCCGATGGCGACGGCTTCTTCCACGCGCATCACGTCATCGGCGAGCAGCACCACGCCGGCCGCTTCGGCGGAGATGCCGCCGCCGTGCGCGGCCAACGCGACACCCACGGTCGCAGAGGCGAGCGCGGGCGCATCGTTGGTGCCGTCGCCGACCATGAGCACGCGACGGCCTTCGGCTTCCAGCGCCTTCACGGCTGCGACCTTGTCCTGCGGGAGTTGGTCGCCGCGAGCTTCGGTGATGCCGACTTCGCGGGCGATCTTCGCCACGTTGTCGGCGTGGTCGCCGGAGAGGAGCACGACGCGCGTCAGTCCCCGCGCGGCCAGCCGCGGTCCGAGCTGCTCGAGCCCTGCGCGCAGGCGGTCTGCGTAGTGGATCACGCCCAGCGAGTCGTCGCCGACGGCGATGAAGGCGCGCAGCCCGCCGGACTGCCCATCATGGAAC
CP130612.1_gap15	369834	372958	3124	TCAGGTGGGCCTTGGTGTCGCGGCCCGTCATGGGAGTTCCGGCAGTCATTGGGGGGTCCGGAGGAAGGAGGGGATCAGGCGCTGGCGCGCGTCAGCTGACGCGCACCGTCACCATGTGGTCGCGGTCGGTCAGCTGGTTCATCACGTCGAGACCGGACGTGACCTGCCCGAACACCGTGTGCACGCCGTTCAGGTGCCGCGTGTTGGCTTCGCTGAGCACCATGAAGAACTGCGAGCCGCCGGTGTCCTTGCCGGCGTGGGCCATCGACAGCGCGCCGACCTTGTGCGTCTGCGGATTGCCCGCGGTCTCGCACTTGATCTTGTAGCCCGGGCCGCCGGTGCCCGGCGGGCCCTTGGGCGTGCCGCCGATCTTCGCGTTCGGGCAACCGCCCTGGACGACGAAGTCGGGGATGACGCGATGGAAGCGGATCTGGTCGTAGAAGCCCTCGTTGGCGAGCTTCTCGAAATTGGCGACCGTGCCGGGAGCGTCCTTCTCGAAGAGCTCTGCGGTGATGGTGCCCTTGTTGGTTTCGAACGTGGCGGTCTTCATGCCCGAAATCTAACGCCGCCGGGGCGGTGAGGTAGCCACGAATTGGTAGTAGCGCGGCACCTTGCAGCCGTTGCGCAGCGCGGGCTCGAAGGTCCATTGGGCGATCGCGTTGCGGGCCCCTGTCGTGAGCCAGGCGCTCGTGGATTCGATCACCGTGAACGTGCTCATGTCGGGCTTGCCGAGGGTATCGACCAGGACCTCGACCTTGAGCGACGAGCTGCCATCGCGGCGCACGGCCGCGCGTGGGACCGGCGTGCGGATGGGCGGCGGTTGCATCCGCACGGGGGTCGGCACGCGCTCGACGTCGAGGCGCGGGTTGAGCGCAGCGTCTTCGCGGGCGAGCACGCAGGAGTCGGCCGGCGGTGCGAGGACCTGGGCGTTGCGGGTCTCCGGCTCGGCGGTCTTCGTGGCGCAGGCCGAGACGGCGAGAACGGCGGCCAGCGCCGTGAGCGGCGCGACGAGGCGGGGCAGGGCAGGCTTGGGCATCACGGAAGTTCAGCAGAGGGGCAGATATCGGCCAGTGCGCAGTCGCCGCACTTCGGCTTGCGGGCATCACAGGTGCGACGGCCGTGCCAGATCATCAGGTGCGAGAGCATGGTCCAGCTCTCGCGCGGGAACAACGGCATCAACGCCCGCTCGACCTTCACGGGGTCGCTTTCCTTCGTGAGACCGAAGCGCCGCGCAAGCCGCTGCACGTGCGTATCGACCACGACGCCTTCGTTGATGCCGTAGGCGTTGCCGAGCACCACGTTCGCCGTCTTGCGGCCGATGCCCGGCAGCGTCACCAGCGCATCCATGTCCGCCGGCACTTCGCCGCCGTGTGTCTCCACGACTTGCGTGGCGAAGCCGGAGAGTGATTTGGCCTTGTTGCGGTAGAACCCCGTGCTCTGGATGACCTGCTCGATCTCCTCGCGCGGGGCTTGGGCGAGCGCCTCGGCGTCGGGCCAGCGCCGGAACAGCTCGGGCGTGACCATGTTGACGCGCTTGTCCGTACACTGCGCCGAGAGGATTGTTGCGACGGCCAGCTCGTAGGGATTGCGGTAGTCGAGTTCGCAGTGCGCGTCGGGGTAGAGCGCGAGCAGCCGACGGTGGATCTCGGCGGCGTGGGCCTTGAGCGCCGCGCCGCGCAGGGCCTTCCGGCGCGTCAACGCGCGGCCGCCGCGCGGCGCCGACGCGTCGCGAAGGCCACGAAGTCCTCGGCGCTACGCGTGTTGATCACATCCTCGGGGCGCAGCCAGGCCTTGCGGGCCATGCCGATGCCGAGGGCCATGTTCTCGAGGCCATCTACGGAGTGAGCATCCGGTCCGATCTCGATCGTCGCGCCGTACTTGCGGGCGAGGCGCGCGAGCCGCCAGTCGAGGTCGAGGCGATGCGGGTCGGCATTGAGTTCGACGGCGACGCCGAGCCGGCCGGCTTTCTCGAGCACGGCGTCCATGTCGATTGCAAACGGTTCACGCGTCAGCAGCAGCCGCCCCGTGGGATGCCCGAGCACGCTGATGTGCGGGTCGTCGAGTGCCTTCAGCACGCGATCCGTCATCTGGCGCTCGTTCATGCCGAGGCGCGAGTGGATGGACGCGATCACGTAGTCGAAGCGATCGAGCACGTCGGTGGGATAATCGATGCGTCCGCAGGGCAGGATGTCCGCTTCGACGCCCTTGAGCACGCGGAAGTCGGAGAACGAGGCATTGATGGCGTCGATCTCATCGTGCTGGCGCGCCAGCGATTCCGCGCTCAAGCCGCCCGCGTAGAACGCGCTCTGCGAATGGTCGGAGACGCCGAGGTAGCTCCAGCCGCGCGCCCGCGCCGCCGCCGCCAACTCGGCGATCGTCGCGCCGCCGTCGGAATACTGCGAGTGGCAGTGCAGCACCCCGCGGATGTCCTCGAGGGTGACGAGGCCGGCGAAGCCCTCGGTCTCGGCGTGCTCGCTCTCGCCCATGCCTTCGCGTAGCTCGGGTGCCAACCAGGGCAGCCCGATGGCGGCGTAGAGCGCGGGCTCGTCGGCGAGTTCGATGACGCGGCCGCTGGCGTCGCGCAGGTCGTGGTCGCCGAGCGTGAGTCCGCGCAGCGCGGCGCGCGTGACGACCTCCTGCACGTGCGCGGCGGACCCCGTGGCGCGGAACCAGGCGACGACGAACTCAGTGGCGGGCACGCAATGCAGTTGCAGGCGCACGCCGTCGTCGAAGCGGATGGCGACGTGCCGCGTGCCGCTGCCCACCGAGTCGCGCACGCCCGGCGAGCGGGCGAAGGCCGCGGCGATCGCTTCCGGCTCGCGCACGCAGGCCGCGACGATCTCCACGTCCCGTACGGTCTCGCAGTGGCGGCGCACGGCGCCGGCGATCTCGGCGCGCACGACGCCGCTCAGGCGACGCACCGCCGAGAGCAGGCGCTCGGCTTCGGCGCGGCCATGCGGCAGCAGGATCTGCGCGCCGCTCTCCTTCAGCCAGGCGATGCCACGCAGCACCTGCTCCGCGGTGCGCTCGCCGAAGCGTGGCAGCTTGGCCAGGCGGCCATCGCGCGCGGCGTCCTCGAGTTCCTGCAGGGTGTCGATGCCGAGCCCTTCGTGGATGCGGCGGA
CP130612.1_gap16	374756	377050	2294	CGCGGCGCATCAAGCCGTCGAAGCTGAGTTTGAGGCGGCCGAGCGTGTCGCCCTCGTGGGGATCGGCGCCCGCCAAGTACAGCACGAGGTCCGGGCGCGCGGCGGCGAGCACCTGCGGCAGCGCCTCGGCCAGCTTCTCGAGGTACTCGGTATCGCCCGTGCCGTCCTCGAGTTCGACGTCGAGCGTGCCCGCGACCTTGCGGAACGGATAGTTGCGCCGGCCGTGCATCGAGAAGGTGAAGGTGTCGTCGTCACCGACGAAGATCGCGTGCGTGCCGTTGCCTTGGTGCACGTCGAGGTCGATCACTGCGGCGCGGCGAATGCGGGCCTGGGCGCGCAGGGCGCACACGGCGATGGCGACGTCGTTGAGCACGCAGAATCCCTCGCCGTGCGACGCGAAGGCGTGGTGCGTGCCGCCCGCGAGATTCATCGCGATGCCGGCGTCCAAGGCATGCAGTGCCGCCTCGAGCGTACCGCCCGACGCGCGGAAGGAGCGCTCGACCAGCCCTTCGCTCCACGGGAAGCCCAGTGCGCGCTGCTCGGCGGCGGGCATCGTGCCGCGCAGGAGCCGCGTGATGTACTCGGCATCGTGCACGCGATGCACGTCCTCGAGCGGCGCGCGTGCCGGATCATGCAGCGCGGCCGGCGCGACGACGCCCTCGGCGAGGACGGCGTCGCGCAGCAGCGCGTACTTGGCGATCGGAAAGCGATGCCCCTCGGGGAGCGCAATCACATAGTGCGCGCTCGACCAGCAGTGCAGCGGCACGGCGCGATGCCCGCGGGGCGCTTAGCGCACCGCGCCCTCGCCGCGGAACACGACGCCGCCCTTCATCACGAAGCTCGGGCGCTCGAGCAGCGTCACGTCGCGCAGCGGGTCGCCGGGCACGGCGACGATGTCGGCGAGCAGGCCGGCGCGCAGCGTGCCGACGCGGTCCTCCCAGCCGAGCACCTTGGCGGCGCTCGCGGTCCCGGCGACGATCGATTCCATCGGCGTGAGGCCGCCCCACTGCACCATGAGCGTGAACTCATGGCCGTTCTGCCCGTGCTGACCGACGCCTGCGTCGGTCCCGAGGGCGATCGGCGTGCCGGCGGCCTTGGCGATCTTGATGGCGTTGCGCATCGCGGCGGCGGCTGCGCGGGCTTTCTCCGCGATGAACGGCGGCAGCCCTCCCGCGGCGGCGGCGCGCTCGACGGCCTCGCCGGCCATCAAGGTCGGCACCAGGTACGTGCCGCGCTCGGCCATCAGCCGTGCGCCTTCTTCGTCCAGGAACGACCCGTGCTCGATGCTCGCCACGCCCGCGCGCACCGCCCGCTTGATGCCTTCGGTGCCGTGCGCGTGCGCGGCGACCTTGCGGCCCAGGGTGCGCGCCTCGGTGACCATCGCCTCGAGTTCCTCGACGCTGTACTGCGACGCACCGATGCCCTGTGAGCCGCCCGAGAGCACGCCGGCGGTGGCGCAGGTCTTGATGACGTCGGCGCCGTACTTCACTTGGTACCGCACGGCGCGACGCACTTCATCCACGCCGTCCGCGATGCCCGTCTCCGGCGTCCCGTCGAACAGGCCGGGCCGGTAGTTGTTCTCGTCGCAGTGGCCGCCGGTGATGCCGAGGGAGTGGCCGGCCACCTGCAGGCGCGGGCCGGGCACGTAGCCGGCGTCGATCGCGGCGCGGAGGCCGACATCCTGGAAGCCCGGTGCGCCGACCATGCGCGCGCTGGTGAAGCCGGCCATCAGCGTCTGCCGCGCGTACTCCGTCCCGAGCGCGGCAAGGAAACCGGGATAGTCACGCGTGGCCGAGGTCTGCGCGCCCGGATCCTCGACCTCGCGGCCGATGAGGTGCACGTGCAGGTCGATGAATCCCGGCAGCAGCGTGACGTCGCCGAGGTTGAGCGTGCGCGCGCCGGCGGGGATGCGGACGGCGTTGGCCGCGCCCACGGCGACGATGCGATCGTCCGTGACGACCACGACGCCGTTCTGGATCGGTGCGGCGCCCGTGCCGTCGATGACGCGCGCGGCGCGCAGCACCACCGTGCCGCTGCCACGCGTGGGATACTCCTGGGCAGCCGCCGTGGTGGCGAGGGCGAAGAACGCGAGGGCAGGGATCAGCTGGCGCATGATGGTCTCAGCGGGGGTGGAGCGCGTATGTTACGCGGAACCCGAGATGCACACCAGCAGACCGTGAGCGACGCCGCCGCCCCCGACACGAGGATTCCCGTGCGCCTCGCGCGGGTGGTTGCGCACATCGTCGCCGCGCCGGCGGCACTCGCCGAGCACCGCGGCGAGCTGCGTGCGCTGG
CP130612.1_gap17	517236	519103	1867	CATGATCGGCGGCCAGCGCAGCTACGAGCTCGGCGGCGCCTTCGGCGACGGCAAGGGCCAGCCCTCGCAGTCCAACGCCGTCTCGCACGGCTGCCCCCCAACCCGGCACAAGCAAGTGAACGTCATCAACACCGGGAGGCAGGCCTGATGTCGAGCCGCTCCCTGCGCGCCGTCGCGCGCCATCTTTCCCGCGCCGAAGCCGAAGCCATCTGCAAGCGCGTCCTCGAGTTCTCCACGGCCGACGAGTGCCGGGTGACGATCAACTCCGGCGTGCGCGCCAACACGCGCTTCGCCGTGAACCAGATCTCCACCGCCGGCGACAACTACAACGCCGCGGTCTCCATCCGTGCCGTGTTCGGCAAGAAGGTCGCGAACGTCACGGTGAATCGCCTCGACGAAGCCGCCCTGCGCGACGCCGTGCAGAACGCCGAGCGCATCGCCAAGCTCGCGCCGGACGATCCGGAGCTGTTGCCCGAACTCGGGCCGCAGACCTACCAGGATGCCGTCGTGTGGAACGACGCCACGGCGTCCCTGGAACCCGACGCCCGCGCCGATGCCGTCCGCCAGATCACGGAGCGTGCGCGCGCCGCCGGCCTGGTGAGCACGGGCTACCTCGAGGCCCAGGCGCAGGCCTTCGCGATTGCGAACTCGAAGGGCCTGTTCGCCTACCAGCGCAGCACGGGCGTCGCCTTCACCACCACCGTGCGCACCGAGGACGGCCAGGGGTCCGGCTGGGCCGGCGCGTCGGACAACGACTTCACGCGCATCGACCCGCGCCAGCTCGCCGAGCGCGCCATCGAGAAGGCCCGGCGTTCGGTGAACGCCGCCGCCATCGAGCCGGGCCGCTACACCGTCGTGCTGGAGCCCACGGCCGCGGCGAATCTCATCCAGCTCATCGGCGGCGCGCTCAACGCCCGCAACGCCGACGAAGGCCGTTCCTTCTTCTCCAAAGCCGGCGGCGGAAACAAGATCGGCGAGAAGGTCGTAGACGAACGCGTGACGCTCTACTCCAACCCGCTGGACCCGCGCGTCCCGGCCAACACCGTCAACGGCGACGGCTCGCCCGTCGGCGCGACCACCTGGATCGAGAACGGCGTCGTCAAGAACCTCGCCTACGATCGGTTCTGGGCCCAGCGCACCGGCAAGCAGCAGTCGAGCACGGGCGGCACGCTGGCGATGAACGGCGGCAACGAGACGGTCGAGTCGATGATCGCCTCGACGCAGCGTGGCCTGCTCGTCACGCGCTTCTGGTACATCCGCGGCGTCGATCCGCGCACCATCCTCTTCACCGGCCTCACCCGCGACGGCACCTTCCTCATCGAGAACGGCCGCGTCACCCGTCCGGTGAAGAACCTGCGTTACAACGAGTCGCCGATCTTCATGCTCAACAACCTGCTCGCGATGGGTCGGCCGGAGCGCGTCAGCGCCTCGGAGTCCGGCGGTCCGGGCCAGGCCATCATGATCCCGGCCATGAAGGTCCGGGATTTCAACTTCACCTCCACGAGTGACGCCATCTAAATGACGGACCGCCGCGATTTCCTCCGGACCACCGGAGCAGCAGCGGCTGCGGCCATCGCCTTCGCGTCAGCACCACGACCCGTCGGCGCCGCCCCGGCCCTGGACGACCTCGACCGCTTCCAAAGCGGACTCTCGAAGGAACTCCTGATGGACGCGATCAACGCGGCCAAGATGGCCGGCGCCTCGTACGCCGACGCCCGCATCGCGCGCATCCGCCAGAACTTCGTCGTCACCCGCGAACAGCAGATCGTCAACGTCGTGGACACCGACACGCTCGGCTGCGGTGTCCGCGCCCTCGTCGACGGCTGCTGGGGCTTCGCCGCGACCCGCACGCTCACGCGCGAGGCCA
CP130612.1_gap18	532489	533474	985	TGCGGCCACGGGGGACGGCGCGGCTTGGGTGCCGGTGCCGGAGGAGCAGGCAGTGCTTCGTCGCATTCGCTCACTGAGTAGGGGTGGACTCACCCGGCTCGCCGCTGAGGCCGACGCCCTCAACCGGGACGGGGTGCCAACGAAACGAGGCGGCAGCTGGCACCCGTCTACCGTGTGAAGGGTCCTCTCACAGAGTGCGCTCGCCATCGCCTAGCAGTTGCTTCTGCTGGCCCGTATGTTTCACGTCGAGGGTAGGTTGAGACAGCAGACGCCTCGTTACCGGGATGCCAGATATCTCGCAGCTTCCGCGCGCGCCGATCGTCGAGGCGCTCCTAGATATTCGCTCCGAGCACGATCGTCCAATCTCGGAGGAGGTGCTGGACGGCTTTGGATCGGTCTTAGGACCTGAGTTTTCCAACAAGCTCGTACGACAAAGCGTGACGGGGAATCTCAAGGTTGATCGGAACTCAGCGGCCACGGCCTCGGCCCAGGTATCGACCGTGGCCTACCTGTTCAGGTCCAACGACGGAAAGTGGGTTGTTCAGGTGCGCAAGGACGGCTTCGCGCTGAGCCGACTTGCTCCCTATGTGTCCTTTGAAGAGCTGAGGGCGACCGCGGAGAGGCTCTGGGGCCGCTTCGCGGCCGAAACCAAGGCACGTAAGGTCACCAGAACTGCGCTTCGCTACATCAACCGCGTCGTGGTTCCTCGCCCGGTGGAAAGACTCACCGACTATTTCGCCTCGGGTCCGATGGTTGGAGAAGGCATTCCGCACGGATTGCTCAACTTCTTTGTGCACCTTGAGCTCTCGGATCCGACGTCAAGCATCCAGACGGTCGTGAATATGACGGTCGACACCGCCGCGACAACTCCATCAGAGCTTCCCATCATCTTCGACATTGACGTCTTCCGTCTGACGTCACTTCCGGCCAAGGGAAAGGATCTCTTTTCCCAGTTCACCGCGTTGCGCGAGCGGAAGAATGTCGT
CP130612.1_gap19	536512	537933	1421	GCGTTCGCCGGAGGATTTCACCGCCGTGATGCGCGCGTTGCAGAAGCGACTCGCGGAGCGGATGCTGGCCGGCGAACTGAGCGCGCACCTGGGCTACGCGCCCGGCGAGGCGAAGCCGGCCGGGCAGACGAACCATCGCAATGGCGCGACGCCGAAGACGGTGCTGACCGGGACCGGCGCCGTGCCGCTCGAGATCCCGCGCGACCGCGAGGGCACGTTCCGGCCGCAGTTGGTGCCCACGGGCGTGCGCCGCCTGCCGCAGTTCGATGCGAACGTGCTCTCGCTCTACGCGCGGGGCGTCAGCGTGCGCGAGATCCAGGCCCACCTGGAGCAGCTGTATCAGGTGGAGGTCGCGCCGAGCGTCATCAGCGTGATCACCGACGAGGTGGTGGCCGAGGTGCAGGCGTGGCAGCAGCGGCCGCTCGAGCGGATGTACCCGGTGGTCATCTTCGACGCGCTGCGGGTGAAGATCCGCGACGAGGGCACGGTCCGGAACAAGGCGGTCTACCTCGCGCTCGGCGTGGACCGCGAGGGGCACAAGGAGGTGCTGGGCCTCTGGATCGAGCAGACGGAAGGCGCGGGCTTCTGGCTGCGCGTGATGAGCGAATTGAAGGCGCGCGGCGTCGACGACATCCTCGTGGCGCTCGTCGATGGGCTCGTCGGCTTCCCGGACGCCATCACGACGGTCTTCCCGCAGGCGCAGGTGCACCACTGCGTCGTGCATCTCGTGCGGCAGAGCCTGGCGTACGCGAGCTGGAAGGACCGCAAGCCGATCAGCGCCGCCCTGCGGGCCATCTACAAGGCGCCCACCGAGGCGGCCGCCAGCAGTGCGCTCGAGACCCTCGCCGCCGGCCCGTGGGGCACGCGATATCCCGCCATCGCGGCGCTGTGGCGCCGGCACTGGCCGCACGTCGTGCCCGTCTTCGCCTACCCGCCCGAGCTCCGGCGGCTGCTCTACACGACGAACGCCATCGAGAGCCTGCACATGCAGCTCCGGAAGATCGTGAAGACCCGCGGCCACTTCCCGACCGACGAAGCCGCGGCCAAGTTGCTCTATCTCGCGCTGCGGAACATCCAAGCGAAGTGGAAGCGCGGGAGTCACGCTTGGAAGGCCGCGATGCCGTATCTCGGGATGCTGTTTGGTCCGCGCTTCACCGATCATGCGTGATCCCCACGACGCCTCGCACACAGAAATCCGTACAGGCCCCCGGGCCCGCGCAACGCAGGTACGCGCCGGCGTGCGTGTCAGTTAGACTCGTGCCGCCTCGATATGGTTCCTGTAGAGAGTATCGGTCGTTCTCGTGAAGCGCTTCACGGTGGGCCGCGAACGCGTCGTTCGCCAACTCAATGTGCGGGTCGCTACTCGTCTGCGCGCAGCTCGCGCTCGCCGGCGCCGGTCACGCTGACATGCCACTCTCGGT
CP130612.1_gap20	632925	633711	786	CTACCTGGACGGCGCGGCCGAGCCCATCGCGAACTCGGTGACGGAAGTGGCGAGCCTCCTGCAGCGTCGCCTCGGCATGACGCGCACGGAGTTCTTCAACACGTATTTCACCGGTCAGAAGGATCTGGCGGTGATGCAGGCGCTCTCGGCATCGGAACGCGCGCAGTTCCTCTCCCGCGTGCTCGGCTACGAGAAGCTGCGCGTGGCGCAGGACCTCTGCGCGGCGCGGCGGCGTGAGTTGACGAGCGAGGTCGCCGGTCTGCGGGCGGGCATGCCGGAGCGCGACGCGGTGCTGCGCGAACTGGCGCATGCGACCGAAACGCTGCGCGCGGCGACCAAGGCGACGGAGTCGGCGGAGCGCGCGGCGCGCGAGACGGAAGCGGCCTTCGCCGACATCGCGCCGCGCTGGCAGGCCGCGCAGACGGGGCGCGAGGAGCGGGAGCGGATCGAGCGCGAGCTCGCGGCACTCGCGGCGGAGGAGCAAGCCCTCGTCCGCAACCTCGAGAAGCTCGATCATGAGTTGGCCCAGGTGAACGAGGCCAGGACGCAGCTCGCCCCGATGCTCCCGGACCTCGATGCGCTGCAGCGCGCCGACGATGCGCTGGAGGCCCAGCGGGCCCTGCAGGCCAGCGATGGCCGGCGGCGCGCGCTGGAGACCTCGCGCACGAACCTCGGCACGGACTGCGCGGCGCTCGAGCAGGAGGTGGCGCGGCTGCGCGAGTCCGCCTCGCACGCCGAGGCGCTCGGCAAGGACGTGACGGACCGCCGTGCCGAGCTGGAGCGCGC
CP130612.1_gap21	689329	692735	3406	TCCGTGTCCACGCTCAGCATGTTGAACGAACGCTGCACCGCGGACCGCAGCAGCCGGTCCAGCGTGGGGGCGTCGAGCGCGGCGTCGGTGAAGATGTAGGCGAGCATGGTCGCCATGTTGGGCTCGATCATCCCCGAGCCCTTCGCCACCCACGTGATGGTGGCGTCGCCGACACTGCACGAGAACGCCTTGGGGAAGCTGTCGGTCGTCATGATGCCTTCGGCGCCGACGAGCGGATCGTCTTGCAGCTCGCCCGCCATGCCCACCACGCCCCGTTCGATCTTCTCGATCGGCAAGGGGACGCCGATCACGCCCGTCGAGCTGACGAGCACGCGCCCGGCATCGGTGTCCAGCTCCTTCGCCGCCGCGGCGGCCATGCGCCGTGCATTCTCCACACCCGCCGCACCCGTGGCGACGTTGCTGACCTTGCTGTTGGCGACGATCGCGCGGAGGCGCCCGCCCTTGATCGTCTCGCGGCCGAGGATGATCGGCGCACCGGGGAAATGATTGCGCGTGAATACGGCGGCTGCGTTGGCCTCGACCTCGCTCACGAACAGCGTGAGGTCCTTGGCCTCGGGCTTGAGTCCGACGTTGCGGGAGGCGCAGCGGAAGCCGCGCGGAAAGCGGGGGCGGTCGTGGAACGCGGGCATAGGCGTGGAATCTTAACGTGTCCCGGGATGCGGCGTCTGACAGGGTGATCACACCGTCCCCACCGGTACCCGTTCACCAGGAGTCATCCGTATGCGTAGCACCCTGAAGGTCCTCACCCTCGCCGCGCTCGTCACCGGGTTCGGTGGAGTCGCCACCGCCCAGCAGGCACCAGCCGCGCCCCGCGCCCGCGGTGGTGTCACCGCCATCCTCAATGCCCGACGCGCGCTCGATCTCACGCCGCGGCAGGTGGCCCAGCTCGATTCGATCGAACGTGGGCTGCACGCCGAACGCCAGCGTGTGACCGCCGCGATGCGCCCGGCCATGGATTCGTTGCGGCAGCGCGTGCGCACGCAGGGCGTCCCGCGTGATCCCGCACAGCGGCAGCAGTGGCAGCAGCAGGCCGCGCAGCGTCGCGCCGCGATGCGCCCGCAGATGGAGCAGCTGCGCCAGCGCGATTCGGCCGCGACGGCCGCCGCCGAGCGGCTGCTGAACGACACACAGCGCGGCAAGTGGCGCGAGATGCAGGCCGAGCGTCGCGGGTTCGCGCGCGGCATGCGCGCCGGGCGTGGACCGGGTCGCGGCCCGGCGCTGCAGGGGCGGCCCGGGCAGGGGCGTCCCGGGATGCTGCGTGGCCCGCAGGGGCCGCGGGCGCCGATGAATCCGCCGATGAATCCACAGATGCGTCGGCCCGCGCCGGACGCCTGAGGCGTCGTCAAGCGCTCGGACCCTGTTCGTATTGCGCGAGGTGCCGGGGGGACGCACTTTAGCGGCGTCCCCCCGGACTTGTTCCGCACCCGCGCCAGGAGTGTCCTGATGTTCGCGTCCGCTGACTCGCCGTCGCCGCCGGCGTCGGCGTCCCTCGCCGAAGATTTCATCGACATCTGGTTCACGCCGTCCACGGTCTTTGCCCGGCGCGTGAACGGCGGCGCGTGGGGGCCGTTCCTCATCACCGCGATCCTGCTCTGCGTGCTGTTCTACGCGGCAATGGGATCGATGCAGGGCATCTTCGACGCCGAGCTCGCGAAGGCGTTGGCGGAGGCGCGGGCGACGACGCCAGAGATGACCGATGCACAGGCCGCGCAGATGCAGGGCATCATGGAAGGCAGCATCCGCTACGGCGGGTTGGTGGCGATGCCGATCGTGCTCGTCGGCCTTGGAGTCATCGTGTGGCTGGCGGCCAAGGTACTCGGCGGCACGCTCTCGTTCGGCGGCGGCATCATGATCGCGTCGTTCGCGTATCTGCCGAAGGCGCTAGACCTGCTGGTGTTCATCGGGCAGGGCTTCGTGCTCGATGGCGACGCGACGGCGCGGTTCCAGTACTCGGTCGGCGTCGGTCGTTTCCTCGACCCGACCATGAACCAAGGCGTCTACAACCTGCTTGGCCGCGTCGACCTCTTCACGATTTGGGTGACGGTACTCATAACCCTTGGCCTGATCCACACGGCGAAGGTCGAGCGGTCGAAGGCGATCGCCGGCGGCGTCGCCCTGTGGATCATCGGCGGCCTACCGGCCCTGCTCCAGGCGTTCGGCTGACCCAGCGGCGCTCCAGCTCGGCTCGAGCACGCCGGCGTCGATGAGCACGCCTTCGACGGCTTCCGGCACCATGGTCGGCCAGAGGAGGAAGCCCTGCAGGAGAACCAGCGGCCGCGGCTTGCGGCCGCTGCCGCGGTAGCGCCAGCGTGCCCACAGCTCGTACACGAGCGCGACGGCGCCGCCGAACGAGGCGAACATGCACCACGTGGCCAGCGCGACCTGCCACGGCAGCGTAATCGCCATCCACAGGGCGATCGCGTACGCGGTGGCGATGCCCATCACCCGTACGCTCTTGAGCACGGGGTTGAAGACGAGGCAGCAGCCCGTGAACAGCGCGACGCCGAGCAGCATGAGCGCCCACAGGATGTCGATGTACCAGAGGGTCATGCGGCCGGATGCTACCGTGCGAGGCGGATGGCGAAGCAGTGCTTCTCGCCGACTTCGATCTCCGTCTTGTCCTTCGCGTAGCGCGTGATCTTCTCGGGATAGGTGCCAAGCGGCACGCGGGAGAAGCCACAGCTCAGGAAGAGCTCGTCGGAGTAGGACACGGCGAAGAGATCGGTATAGCCACGCGTCCGCGCAAGGTCGATGGCCGCGGCGATGAGCTGACGCCCATAGCCGCTGCCGTGCAAGTCCTCATCGACGGCCAGCGAGATCAGCTCGGCGACGCTCGGCGAGTACTCGTCCAGCGCGACACAGCCGATGATGCCGCCCTGGCCGTCGCGCAGCACGCGGTAGTCCGCGAGGTGGTTGGCCGCGAAGTCCGGCGTGCGAACGAGCGTGAGGCCCGACGCGGAGTAGCGGTTGTTGAGCGAAAGGAGTTGCCCGATGTCGGTTTCGTGTGCCGGGCCGATGTGTGCGTTCATCGTTCGACCGCCTCGAGGCGCTTCAGCGCCACGCGGATGGGAATCAGGGTGGCCGCCACGCAGAGCGCGGCGGCAAGGCCGAAGCCGACGATCATCTCGGTCGGCTCGATGGGCTGTTGGAACGCCTGCGCGGCGAGGTAGCCGTACACGGGACGCGCCTCGAGCACGATGACGCCGCCGATCAGCGTCACGGAGGCCATCATGTACAGCAGGCCGCCGAAGCTCGTCGGGATCTGCGCGGCGTTCTCCGTCTCGAACTGCGGGAAGATGGTGCCGAAGCCGATGGCCATGCCGCTCAGCGCGAAGGTCATGAGCGCGATGGTGCCAACCGAGACGTAGAACATGAACTCGCTGAC
CP130612.1_gap22	706319	709874	3555	TGGCGAGGAGCTGCGCCACGGTTTCCGCCACGATGGGCGTGACATCCTTCCGTTGCTGCGTCACGGCCGGCGGCGTATGGATGAACCGCTTGGCGATCGTGGCCGGCACGCTGGCCGCTTCGAACGCCACCTCGCCGGTGAGCATCTCGTAGAGCACGCAGCCCAGCGAGAATAGGTCGCTGCGGCCGTCGAGCGACTCCCCTGACGCCTGCTCGGGGCTCATGTACGCGGGCGTGCCCACGGTCACGCCGATCTGGGTGAGCGTGCGCGCCTGCCCGCTAGCGGCAGCGATGGCCTTGCCGATGCCGAAGTCGGCGACGAGGGCATGACCTTCGTGCAGGAGGATGTTCTCCGGCTTGATGTCGCGGTGCACGATGTCTTGGCGATGCGCGTAGTCGAGCGCGTCGGCGACTTCGCTGGCGATCCGCGCCGCGGTCTCGACGGGCAGCGGTCCTTCGCGGTCCATGAGGGCGCGGAGGGTCAGGCCCTCCATGACCGGCATCACGAAGAACAGCGCACCATCGGCTTCACCCGAGTCGTAGAGCGGGAGGATATGCGGATGGGTGAGCCGTGCGGCGACGCGGATCTCGCGGACGAAGCGCTCGCGTCCGAGGGCGTCGGCGATATCGGGCCGCAGGAGCTTCAGGGCGACGTCGCGATCGTGGCGGAGGTCGCGGGCCAGGTACACGGTGGCCATGCCTCCGGACCCGAGGGGGCGGAGGATGCTGTATCGATCGGCGAGCGAAGCGGGAACGGCGGACGCGGGCGACATCGTGTCGGGGAAGATGGCAGGGAACGGGACCGCGCGCACCTCCAGCCATATTCTCGCGAACTGCTCTGGCGGTGACCGCGCACGGCGGCGACCTTTGCACGACGATGCCCACGCCCGAACGCCTGCAGGCCGCCCTCGCGGACCGCTACCGCATCGAGCGCGAGCTCGGCGCGGGTGGCATGGCCAACGTCTACCTCGCCGAAGACCTCAAGCACGGCCGCAAGGTCGCGCTCAAGGTCTTGAAGCCAGAGCTCGCCGCCGTACTCGGCGCCGAGCGCTTCGTGGTGGAGATCAAGACGACGGCGGCCCTGCAGCATCCGCACATCCTGCCGCTTTTTGATTCGGGCACGGCGGACGGCTTCCTGTTCTATGTGATGCCGTTCATCGACGGCGAGACACTGCGCGACAAGCTGAACCGCGAGACGCAGTTCAGCGTGGACGAGGCGGTGCGCATCACGCGTGAGATCGCCGAGGCGCTGCACTACGCGCACGCGCACGGCGTGATCCATCGCGACATCAAGCCGGAGAACATCCTGCTGGCGAACGGCCGCCCGATGGTGGCGGACTTCGGCATCGCGCTGGCCGTGAGCGCGGCGGCGGGCGGGCGGATGACCGAGACCGGCCTCTCGCTCGGCACGCCGCACTATATGAGTCCCGAGCAGGCGACGGCCGAGAAGGAGATCACGGGCCGCAGCGACGTCTACTCGCTGGCGAGTGTCTGCTACGAGATGCTCACCGGCAACCCGCCGCACGTGGGCTCGAGCGCGCAGCAAATCATCATGCGCATCATCACCGAGCAGCCGGAGCCGGTGACGCTGCATCGCAAGACCGTGCCACCGCACGTGGCGGCGGCGGTGGCGAAGGCGTTGGAGAAGTTGCCGGCGGATCGCTTCGAGAGCGCGGAGAAGTTCGCCGAGGCGTTGGCGAATCCTGCGTTCACGACGATGACAGGCGTTGGCGCGCAGGCGATGGCCGCGCGCGCCGCCGCGCGCGCGCCGTTGCTCGCCGCGAGTGTCATTGCCGCGGTGGCCACGGTCGCCGCGGTGTTCCTCGCCCTGCGACCGCAGCCGGAGCAGCCGGTCACGCGCTTCCAGCTCGCGTTGCCGGACTCGCAGATGCTGGTGCCGGGATACCCCGCGCCGGTGCCCGCTCCCGATGGTTCGTTCCTCGTGTACCACGGCCCGGTGCCCGGGAATCCGGCGGTCCCGCAACTGTGGATCAAGCGTCGCGATCAGGCGACCGCTGATCCGATTCCCGGGAGTGTCGGTGCGGGCTACATAGCCATCTCGCCCGATGGCAGGCGCCTCGCCTTCGACAACTCGGGACGAGTCCGGATCATGCCGGTCACCGGTGGGGCGTCTGTCGTCGTCGCAGAACCCACGGCGCTGCCGTTCGGAATCGCCTGGCTCGACAACGAGCGCGTGCTGTATACCGCCGCCCCGGCAGACAACCCGAGCTTGATGGAGATCTTCCTTGTTCCGGCGTCCGGAGGCGAATCGCGGCGGCTCGGGCTGCTCAGGGAAGGTCGCGCCGCGGTCCTTCCCTCTCCGATCGCCGGGCGCGACGCGTTCTTGTTCCTCAGCTGCGCCTCGGTGATCGACTGCGACCTGCACGTGTTCGACCTTCGGACTGACAGCGCGAAGGCTTTGGTCTCGGGCTCGTTGCTCGGTGTACATGCCGCGAGCGGGCACTTGCTGTTCGAACGGGGCGGCGCGCTCCTGGCCGTGCGGTTCGACGCCTCGTCGCTGGAGATGCGGGGTGACCCCGTGCAGCTCTTCAGCACGCTGAGCATCCAAGCGCCCGGTTCCGCTTCGATCGGTGCAGACGGCACGATGATCGCGATGAACGGCGGGAGCGCCGGGTTCGGGAGCACGCAGGAGTTCGTCTGGGTCGACCGGAACGGCCGTCAGGAGCAAGTCGACCCGGCGATGGGTCCCCTGCGCATGACCGTCACCGGCAGCAACCACGGCTGGTCTCTCTCCCCCGACGGTTCGCGCGTCGCCATCGGTCTCGCCACCGCATCTGGCGACGACATCTGGGTCAAGCAGTTGCCCCGCGGTCCGCTCACTCGTGCCACGATCGATGCGGCGGGCGAGTTCCGGCCGCGGTGGATGCCGGACGGCAAATCGCTGGTGTTCCCCACCGTAACGGACGTACGTGTGCGTCGCGCAGACGGCACGGGACGTGACTCGGTCATCCTGCGCGGCCAGCTCAACGAAGTCCGGATGTCTCCCGACGGGAAGTGGCTGTTGGCACGCGGCGGCGCGGCCAGTTCTGTCGACGGTGGACGCGACATCCTTGCCATGCGCATCGGCGTCGACACGGCGCTTCGTCCGTTGCTGGCGACGCAGCAGTACGATGAGACGGCCCCGTCGCTTTCGCCGGACGGCAACTGGTTGCTGTATCAGTCGAACGAATCCGGCCGACGTGAACTGTTTGTCCGCCCATTTCCAGACGTCGACCGCGTTCGCGTGCAGGTGTCGCTCGGCGGGGGTGAAGCCCCCCTGTGGTCACGCAACGGCCGCGAGATCTTCTTCCTGTCGCTCGACCGGCAGATGATGGCGGTCGACTTCACCGCAGGCACCACACCTGTGGTCAGCGAGCCGCGTGCCCTATTCCCTGTGCCGCGGGAGCTCCTTGCCGTCGAGACGGCCTTCTACACGCCCTGGGATGTCGCGCCGGACGGGCGATTCCTGATGACGCGGAGCCTTGGGCTCCGTGAGGGCGATGCGCCGGTGCCGATCGTCACCTACAATCTCTTTGCGGAGCTTCGGCGCCTGCTG
CP130612.1_gap23	713447	715363	1916	CCACCTGTTTGGTGACGACGGCCTCCGAGGCGCGGATGTACACGAGCGTGCCGTTGTCCGCGACGCCGAACCCGGCGAGGCCGTTGGTCAGGCTCCAGTACACATCCTCGATGACCGGTTCCGCCTCGCCGACGGTCTGCAAGGTCTTGGGGTCGAAGCGGACGGCGAAGACCGCACCGGCGCGGGCGAACAGGAGATGGCCCGTGTGTACGTAGCGTCCGAAGACGGCGTCGCGGACGAGCACCGTCTGCTCGCCGGACTCCAGATCCACCGCCTCGATGCGCGACTGATTCGCCGGGCTGCTGTACGAGGTGTAGATCACGACGCGACCGCCCGGCAGGGCCTCCGGGTACCAATGCGCGAACTCGCGTCGCGAGCTGTCGAGGACCGTGATCGTCTCCTGCGTGCGTTGGCCCGGCCGTACCCGGATCAATCCGCGGCCGAGCGCCGAGAGCAGCAGGCTGCCATCGGGATGGATCCCGAGGCCGGAGGTGTAGCCGGAGTCCACCAACACGGAGGACGGACCGCCACCGACGGGCACGCGGCGGATGGTGCCTTGGGTCTGGAAGACGATCGATGCGCCGTCGGGCGTGAACGTCGGATCACGCGCGCCCTCGGTGCCCGCGACGAGGCGCATCGTCGCCGACGCGAGGTCGCGGATGGCCACGAGATCCGTACCGTTCGAGTCGCGCACGACCTGCAGGATGCTGCGGCCGTCGCTGGAGATGTCCACCCACTGGCGGTCATTGCCGGGCAGGATGGGCCGATACGTGAACTTGACGCGCTCGGCGGGGCGCGCGCGGCCGAGCGCCCAGAACGCGGTCAGCGATGCAGCAATCGCCAGCGCTGCGGCAACGAGCGCCACGCTGCGCCAAGGGCCGCCGGTGACTGCGGCCGTCCCGCCTGCGGTCACGCGGCTTCCCCCGTGCGCCCGGACCCGCGTGCCCGGGGCGCTGCCACCCTGCAAGGCCGCCGCGAAGGCGGACGCCGAACTGAATCGATCCGCCGGCAGCTTCTCCAACGCCTGCGCCACCGCATCCGCCACGTGCGCCGGCACCGACTTGCGCAGCGCCGTCACGTCCTGTGCCTGCTCGGTGATGATCTTCATGATGATCTGCTGCGCCGTCGCGCCGGTGTGCGGCGGGTTGCCGGTCAGCATCTCGTACAGCACGCTCGCCAGCGAATACACATCGCTACGCGACGTGATCTCCTTCTCGGCGGTCGCCTGTTCGGGGCTCATGTAGTGCTGCGTCCCGAGGCTCAAGCCGGTCTCCGTCATCCGCCCGCCCGCCGCCGCACTCACCGCCAACGCGATGCCGAAGTCGGCCACCATCGGGCGGCCGTTCTGCAGCAGGATGTTCTCCGGCTTGATGTCGCGGTGGATGACGCCGTGCTCATGCGCGTAGTGCAGCGCATCGGCGATGTCGCAGGCCATGCGTACGGCTTCATCCACACCGAGCTGCGACTCGCGGTTCAGGCGGTCGCGCAGCGTCTCGCCCTCGATGAAGGGCATCACGTAGTAGAGGAAGCCGCCCGCCTCGCCGCTGTCGAAGAGCGGCAGGATGTGCGGATGCTGCAGCGCGGCCGTGGTCTTGATCTCGACCACGAAACGCTCGGCGCCGAGCACGGCGGCGAGTTCCGGCTTGAGGACCTTCACCGCTACCTTGCGATCGTGCTTCAGGTCGTGCGCGAGATACACGGTTGCCATTCCGCCGGCGCCGAGTTCGCGCTCGATGCGGTAGCGACCGTCGAGGGCGGCGGAGAGGCGTTCCGTCGAGAGCGACATCCGGAGAACCTACGGGCGTGCGCGGCACTCCGCGAGCCTGCGGCCCTTCCGCCATTGCCCCGCGACGGCGAGCTTCTCGTCATGAGTTGGTCCCGCCCAAACCGCCACGGAGTTGACGCCCGCCATCGAG
CP130612.1_gap24	716909	718292	1383	CGATGGCCAACGCCGAATTCCAGATTGTGAATGGCGGATTCGAACCCGACCCGGCGCGCTGCCGCGCGCATCGGGCGGAGGCGTCGCGGCTCCTCACGAGGGCGCTGGAGATAGATCCCGAGAATGCGGATGCGCTCGCGACGCTCGCATGGATCTCGGCGAGCGATGCCGATTCCGCGGGTGCCGTGCGGCTCGCACGTCGCGCGCTCGCGGCGGAGCCGAATCACGCCTTTTCGCTCTCTCTGTTCGGCTTCTTGTGTGCGTGGTTTGAGCTGCTCGACGAGGCACGCGACGCGCTCGACCGCTTGGAGGCGATCGATCCGTGGGACATGTGGGGTGCGTACGGCCGCGCCCTCGAGACGTTCGCCGCAGGCGACCTCCGTGCGTCGGCCTCCCACTGCGAGCGACTCGTCAAGATTGCCCCGACGCCGATGGCCTCCGTGGTCGCGGGGCTCACCTACGCGTGGATGGACAATCGCGAGGCCGCGATCCGCATCTGGGACAGCCTCGGCGACTCGACCTCCGAGGATCTGGGCTGGCAACTGCTGCGTGCGGCGCGCGATGCCGTGCGAGGCGACGGCCGACGCGCGCTCGCGATGGTCGGGAGTTGGCGGGACAACCCGACCGTGAGCGAGGATTCGCAGTGGACGCTGTTCTTGGCCGAAATCCTCGCGATCGCCGGTGAGCAGGATGCGGCACTGGATATGCTGCGCCACGCCATCGACGTGGGGCTCGTCAGTTGGCGGTACACCGCCGAACTCAGCGCGGTGTGGAATCCACAGCGTGAGGCGCCGGCGTTTCAAGCCGAAATGCTTCGGCTACGTGAACGACGCGAGACGTTCCTCAAGGCGATCGAGAACTGACCGCAGGCTGTCGCGAAGAGCGAGAGGCCCGGGCACCAATCGGTGTCCGGGCCTCTCCCTTGCGCGGAGCGATACATGGTGCCGCCTGCGCCCCTACATCGCGATATTCCCCTGCTGCTGCTTGATCTTCTCCATGTACTTCCGGAAGAAGTGCTTCTGGATGTCGTTCATGTCGATCTCGCGGCCCTGGATATAGGCCTGCTCGATGTTCGTCGTCATGTCCAGCGGCGTGCCCGTGGTGATGAGCAGCGTCGCCTGCTTGCCGACCTCCAGCGAGCCGACCTTGTCCGACACGCCGAGCATCTCGGCGGCGTTGATCGTCACCGCCTTGAGCGCCTCCTCTTCCGGCAGGCCAAAGGCGACGGCCACGCCGGCGTCCCAGGGTAGGCGGTTGCTATAGAGGCCGCCCGACTCGCCGGCGATGGCGAACTTCACGCCCGCGCGGAAGAGCTGCGCCGGCGTGCTGTACGCGCCGTCGTAGCCTTCGTAGTCGCGGTTCGGCGCGGCCATCGTCGCCGTG
CP130612.1_gap25	719742	720717	975	ATCTTGTACGCTTCGACGCCGTGCTGCAGCGTCTGGACCTTGAAGCCGAACTCCTCAGCGAGGCGCACCAGCGCCAGGAACTCGTCCGCGCGGTAGCCGTGCGACGAGACCAACAGACGCTGCTCGAGGATGTCCACCAGCGCCTCCATGCGGAGGTCGCGGCGCGGCGGAATGCCGGCCTTCGTACGATCGGCGTTCCAGCGGTCCCACTCGGCCTTGTAGTCGCGCGCGGCGAGGAAGTGGTCGCGGATGATCTCCTGCACGCCCATGCGCGTGTTCGGATAGCGATTCGGATTACGCTTCGGATTCTCGCCGAGCGCGAACTTCACCGTGCGCGGCGCGTTCTCGAGACGCAGCTGGTCGGGCAGGGAACCCCAGCGGTTCTTCACGAACACGTTCTCGCCACCGATCGGGTTGGCCGAACCGTGCTTGACCATCTGCATCGTCAGGCCGCCGGCCAGCTGTCGGTACATCCAGATGTTGTTGATCGTGAGCACGTCGCCCATCTGCACTTCCGGCACGATGGCGAAGCCGCTCTCGTTCACGGCGCTGACGCCGGTGTGCGTGTGCGGGTCGATGAGGCCCGGCGTGACGTGCTTGCCCGTGCCGTCGATGACGACGGCGCCAGCCGGCGCGGCCAGGCGCTGCCCCACCTGCACGACCTTGCCGGCGCGCACGAGGAGATCCGCGTTCTCGAGGCGACCCTGCGGGCCGGAGGTCCACACCGTCGCGTTGCGCACGAGCACGGCAGCCGGCTGCTCCGGCGGCGCAGCGCGGCCGAACTCCATCGACGGGCGCACCCACGGTAAGTCGATTGCCGGCACGCGCGACGCCACGGCGCCGCGGGCCGGACCTTCAAAGGTCTCGGTGCGCGTGCCGCGGTAGGCGGGGTCGGCGCCGTTCGGCAGCGACATCCAGCCGAAGAACTCCTCACCGCGCACGGAGCCGGTGAGCAGGATGGTGCCCTGGTAGCCG
CP130612.1_gap26	722002	722976	974	TGGCCGCCACCGAGACGATGAGCCCGTTGCGGATGACGATGGTCGCGTTCTGCACGACCTGACCCGGCGCGGTGACGACGCGGGCGCCGACCAAGGCGTGGAAGCCGGACCCGTTGTCGCGCAGCGCGGTGATGGGTTCCGTGCGGGAGGTCTGCTGGGCCTGGAGTGCCGTAGCCGCCAGCAGGCTGAGGCCCAGGAGGGAGCGAATCACTTTCACATCGAACTCCGGTGATGACCGCCGCCGCGGCGGAACGGTCAGGGAAAGGGAACAGGTCCGACCACATCGCAAACGCCGAGTCCCGTCCACCGGTCGCAGTGGGCGAGCGTACCTCCAGACTACGCGCGAGGGGCGCATGGGTGTTGAAGCCCGAGGCGCGCCCCTATCATATACGCCCATGCCGAGCGACTCCGCGAGTACCCGTCGGGACTTTCTTCGTTGGACGGCGTCCGCGGGTGCGGGCGCCCTGCTGGGATCGCTGCGTCCGCCCGCGGGCTGGGCCGCCGCGCATGGGATGTCACCGATGTCCGCGCCGGCCGCCGTGGAGCCATGGGGAACCCTGACCCCGGTTGGCCGGGACGTGTGGGCCATGCTCTCGACGCCGCTCGCGGACCGCACGACGCTCTGCAACGGCGGCCTGATCGCCGGGCGTGATGGCGTGCTGATGGTGGAGGCCTTCGGGGGTGACGCCGGCGCGCGCTGGATGCGCGAACGCGCCCGGGCGCTGACCCGTCGCGAACCCACGCAGGTGGTGCTCACCCACTACCACGCGGACCACACGGGCGGGCTCACCGGTGCCCGCGAGGCTGGGGCTGATCTGCACTGCACGGCGCAGACACGCGACGACGTCCTCGAGCGTAACCAGAACGCCCCCGTGCATCTCCTCGGCGATGCGCTGGTCATCCCCGCGGAGGGCGAGCAGGTGCTGGACCTCGGCGGGCGCCGCGTGCGCCTGCTCTCACTGGGCGGCCACACC
CP130612.1_gap27	724137	727650	3513	CGCTGCCGAACGGCGCGGTGATCAACGTCGGCCAGGTGCACGGCGGCGAGATCTTCAACGGCATCCCGCAGGATCTGTTCTTCACCGTCGATCTGCGCTCGAGCGATCCGGCGCTGCTCGATTCGCTCGACCGCCAGATCACGCGCATCGCGCAGGAGTCGGCGGCGCGGGAGCGCGTCGAGCTGGTGGTGGAGGTCGAGCAGAAGAACGGCGCGGGTGGCACCGAGGCGATGCTTGCGGGTGCGCGCCGCCATCCGTTAGTGCAGACGGCCATCGACATCCAGCGCCACTTGGGCGTGCGCGTCGGCATGCCCGGCGCGTCGGAGGCGCTCGCGACTGGCAGCACGGATGCGAACGTCGGCGTGGTGATGGGCATTCCGAGCATCTCGATAGGGCGCTCGTACGGGGGCGAGAACCACACGCTGACGGAGTGGGCGCATTGGCCGAGCGCGCTGGAGGGCACCAAGCTCACGCTGCTGCTGGCGACGACGTTCGGGGATGGGATTCGGGCGGTGCCGCCGCGGGTGGTGCCGTAGCCAGCGGCGGTCAGCCGACGCCGCGCAGGTATCGGGTCGCGACCGTCTCCAGGCGGTCGTCGCCCGACAACTCCGCCTCGGCGCGGATCGCCTCCACCGCGGCCGCGAACTGCGGGTCCGCCCACCGCAGGCCGGTTGCGGCCTCACAATCGGCGATCTCGGAGACCCGCGCGGCCTCGAGCAGCAGCCGCGCCGCGCGCACGGCGAAGTCGGGCGCGTCATCAGGCGGCCGCTCGTAGCGCCCCGTCTTGCGGGGTGGTTCGTGATCGTCGTTGACGAATGCCCGTGACATTAGCTTAAAGGTATGGTCTCCATCCTCGACATCATCGGCCCCGTGATGGTCGGCCCGTCCTCCAGCCACACCGCCGGCGCCTGCCGCCTCGGCCTCGTGGCCCGGGATCTCGTCGCCGGCACGCCCACGAAGGCCCTCATCGAGCTCCACGGCTCCTTCGCCCGCACCGGCGAAGGCCACGGCACCGACAAGGCCATCGTCGGCGGCTTGCTCGGCTTCCGCCCCGACGACGAACGGCTGCGCGACGCGCTGGGCATCATGGAGAAGGAAGGCCTCGACTGGCGCTTCGAGAAGACCACGCTGGGCGACGAGCCCGAGGTGCATCCGAACACGGTGCGCATCACGGTCACGCGCGAGCATCGCCATCACGTGATGGTCGGAGCGTCGCTCGGCGCCGGCCGCATCAAGGTGTCGCAGATCGACGGCTATCCGGTCGAGGTCGACGGCTCGCACCACACCATCGTGATGGTCGCCGAGGACATCAAGGGCAGCATCGCGCGCATCTCGGGCATCCTCAGCGACAACGACGTGAACATCGCCACGCTGCGGCTCACGCGGAAGCACCGCGGCGGCGACGCGTTCATGGTGATTGAGGTGGACGAGCGCCCCGATGACGCCGTTGGTGCGGCGCTCAAGGCGTTGCCGTGGGTGAAGTGGACGCACCGCATCGACAAGGTGGGCGGCTGATGTACACGTCGCTCGCAGAAGCCATCGCCGACGCCGAGGCGCAGCGGAAGTCGCTCGCGCAGGTCGCGCTGGAGATCGAGTCGCGCGATCAGGGACGCAGTGTCGAGGACATCCGCGCCGCCTTGCATCGCGCGCTCGAGGTCATGCGCCACGCGATCGAGCAGGGCCTCACGGGCGACCTCCGCTCGACGAGCGGACTCGTCGGCGGAGACGCCGCCAAGCTCAGGCACGGTGCCGCAGGCCCGCTCGCGGGCACGGTGTTCCGGGAAGTGCTCATGCGTGCGCTGGCGGTCCAGGAAGTCAATGCGGCGATGGGCGTGATCGTCGCGGCGCCGACCGCTGGTGGCGCGGGCGTCTTGCCTGGCGTGCTCCTCGGCCTCGCGACCAAGCACCGGCTCACCGACGATCAACTTGTTGATGCATTGGCCACCGCCGGCCTCATCGGCGCGGTCGTCGCACATCGTGCGTCGCTGAGCGGCGCGGAAGGAGGCTGCCAAGCGGAAACCGGGGCTGCCGCCGGCATGGCCGCCGGCGCCGCGACGCAGATGCTTGGCGGCTCACCGAAGCAGGTCGGCTTCGCCGTCGCGCTCGCGCAGCAAGGGACGCTCGGACTCGTCTGCGATCCGCTCGGCGGACTGGTCGAACTCCCTTGCGTGTTCCGCAACGCCACAGGCGCGGCGATCGCGATGGCCGCGATCGAGATGGCGCTTGCCGGCATCGAGTTCGCGATTCCCGCCGACGAAGTCATCGACACGATGGGCGAGATCGGCCGCGAGATGGACGTGCGCTACAGGGAAACGGCCGGTGGTGGGCTTGCCGCCACACCCACCGGCCGTCGACTTGCGAAGGAACGGCTGACGCAGATCAAGCGCGCTTAGCGGCCGCGGGCGCCTTAGGCGCCCGGCATCACCGCCATGCACTCGATCTCGACGAGTGCACCGGGCACGACCAGCGCCTTCACCACCACGGTGCTGCGGGCCGGCGGATTGCTGGGCCAGAACTCGCTGTAGGCGGCGTTCATCGCCTGGAAGTCCGCCGCTTCGACGAGGAACACGGTGCAGCGCACGGCGTTCTCCATCGTCGTACCGGCCTGCTCGAGCACGCGCTTGGTGTTCTCGAGCGCCGCACGCGTCTGCGCGCCGATCGAGTTGTCCGCCTCGTTGCGGCGCATGCCGAGTTGGCCCGAGGCATAGACCATGTGGCCGATGCGAATGGCCGGCGTCAGGGTGCGCGACGGCGTGCCGATGGGTTCGCGGGCGGGGGCGGATTGCGCGCCGAGCGGCAACGCAATGGCCGCGACGAGCAGTGCAGCGGCGAGCGAGCGGATCATGTCATCTCCGGGCGACTGGGGGCGGGGCGAACTGCAGGATGGTGGCGGCGAGTGCGGCATCGTCGTCGGCCAGCGGCGCGACGGCGACCACGCCGTTCTGCTTCATGAGGTACGCGACGATGTCCACGTACGCGCGGCGCGGCAGCGAGCCGGGCTCCGCCTCGGGCATCGTGCGCGCAATCTGCTCGAACAGGTCGAACGCCGTGCGGCCGCCCCACTTGGCCTTGAAGTCCGCGGACGCGATCTCGTCCACGGCGTGGCATTCCTCGCAGCTGGCGGCGAACCAGCGACGGCCAACCTCGGCCTGCGAGTCGGAGTGTGCGGACGGCATGGGAGTCTCGAGCCGGCGCACGCCGGAATACGACGTCGGCGCAGCGGTCCCGACGGCGGTCACGCCCGCAACGGCGCAGATCGCGGCTACCACGGCGAGGGGATTCAATCGACGCATCGCGGGAAGCTGACGCAGGACGCCGTGAGCGGCAAGCCTCCGGTGACGGCGTGATGGGCTCCGCAGGCCGCGCACGATTGCGCATCGCCGCTCGCGCGGGCATCTTCGCCCGGTCCCAAGCCCACGACCGCATGTCGGATCAGAACGACTCCTCGACGCTCTCCCCCGCCGAGCTGCAGCGGCGGGATTTTCTCCGCCTCGCCGGGCTCGGCGCGGGCGC
CP130612.1_gap28	746067	748182	2115	CAGACGCTGAAGGCCGGCGTCTCGAAGGACGAAGCCGCGCAGATCAAGGCCAAGCTCGAGGCCGAAGGCGCCGCGGTCGAGGTCAAGTAAGGCGGATGGGTTTCCGGTCCGGGCGCGCGGGATTCCCGCCGCCCGGCCCGCGACTCACTCCCTCTTACTCGGCCTTGCGATGCACCTGACGTACCTCTCGCTCAACATCTGAAGCTCCTTTCGCCTCGCCCCGTCCGGTGCCACCGGACGGAGGCGGGGCGGTTTTCGCCTGTAAACGGGCACAGCCCGGGTCGACATGATCACGCAGATCTCCTTCGGAAAGCTCGAGCACGGCATGCAGATGCCGCACCTGCTCGACATCCAGACGCAGGCCTTCCAGTCGCTCCTCCAGCTCGACGCCGCGAAGCACGGTCGCGAAGACGTCGGCTTGGAGCGCGTCTTCAAGGATCTCTTCCCCATCACCGACGTCCACGAGAACTTCTCGCTGGACTTCAAGCGCTACACCCTCGGCGAGCCCAAGTACGCCGTCGAGGAGTGCATCGAGCGCGACATGACCTACTCGGCGCCGCTCAAGGCGACGCTGGTGCTGACGGTCTATGAGGAGAACCCGGTCGACGGGAAGAAGCGCCTCAAGAACCAGATCGAGAAGGAAGTCTACCTCGGCGAGCTCCCGCTGCTCACGCCGGTCGGCACCTTCGTGATCAACGGCGCCGAGCGCGTGATCGTCTCGCAGCTGCACCGCTCGCCGGGCGTGGTCTTCGAGGAGAGCACGCACCCGAACGGGCAGCGCCTGATCTCGTCGCGGATCATCCCGTTCCGCGGCTCGTGGGTGGAGTTCACCGTGGACATCCACGACGTGATCTACGTCCACATCGACAAGAAGAAGAAGTTCCCCGCGACGGCGCTGCTGCGCGCGTTCGGCTACGGCACGAACGCCGACATCTACCGCCTGTTCTTCGGCGTGCGTGAGCTCGACCTCACGAAGCGCAAGGAAGGCCGTGACCGCGAGATCATCGGCGCGATCATCGCCGAGGACATCGAGCTCGCCGGCGAGGCGACCCCCGAGGACGCGCCGAAGCTCAAGACCAAGAAGGCCCGCGCCGAGCGCGAGCGCAACGAGAACGTGCTGCTCGTCAAGCAGGGCGACGAGCTCACGGAAGAGGTGTACAACCGCCTCCGCCGCCTGAAGATCGACAAGATCCAGGTGTTCGCGTCGTACCAGCAGGTCGACCTCGGCGAAGAGCTCGATGCCTTCGAGAGCGGCGACCGCACGCAGGCGCGCACGATCGCCCTCGACGTGGTCGACCCGGCGACGGGCGAGGTCGTGGCCGAGACCGGCCAGTCGCTCAACGTCACGATGGTCCGCAAGCTGCGGAAGCTGGACCTGCACAAGGTCTCCTGCTTCGCCGCCTCGGGCCGCGCCGAGAGCGCGCTGATCAAGAACACCCTGGCCAAGGACCCGACGAAGTCGGAGGACGAGGCCCTCAAGCAGATCTACTCGCTGCTCCGTCCGGGCGACGCCCCGAACAAGGAGACGGCGAAGCAGGCGCTCGAGCGCCTGTTCTTCTCGCCGAAGCGCTACGACCTCGGCCGCGTGGGCCGCTACAAGATCAACCAGCGCCTGCACCTCGCCACGCCGGCGAGCCAGACGGTGCTCGACACGAACGACTTCGTGGCGATCATCCGCTACCTGGTCGAGCTGCAGCAGGGCCGCGGCCACGTGGACGACATCGACCACCTGGGCAACCGCCGCATCCGCTCGGTGGGCGAGCTGATCGCCAACCAGTTCTCCGTCGGCCTCTCGCGCATGGCGCGCCTGGTCAAGGAGCGCATGAGCATCAACCAGGACAGCGAGAAGATCTCGCTCGACGACCTCGTGAACGCGCGCACCGTCTCGGCGGTGATCCAGGCGTTCTTCGGTTCGTCGCAGCTCTCGCAGTTCATGGACCAGACGAACCCGCTGGCCGAGCTCACGAACAAGCGTCGTCTCTCGGCCCTCGGCCCGGGCGGCCTGACCCGCGAGCGCGCCGGCTTCGAAGTCCGCGACGTGCACTACAGCCAGTACGGCCGCATGTGCCCGATCGAAACGCCGGAAGGTCCGAACATCGGCCTCATCACCTCGCT
CP130612.1_gap29	924006	927632	3626	ACCAAGCCCTACCGCCCGCAGACGAACGGCAAGGCGGAGCGCTTCATCCAGACCGCGCTCCGCCGCTGGGCCTACAAGAAGCCATACCGGACCTCGGCGCACCGCAACGCGGCGCTGCCCGACTTCCTAGATTGCTACAACGTCGAACGGCCGCACCGGTCGCTCGGCCGCGTCCCGCCGCTGCTCCACTTCCTCATGCAGCGTGAACAACGTCCTTAGAACCGACAGCTAGCGGGCGCGGAACTTGTCGAGCGCGGCCTTGGTGAAGTCGCTGAGGACCATGCGGCCGCTCATGGCGGCACGCTCCGCCATGCGTGATTCCCAGTCGTCGATGTCGCGCCAGAAGATGCGCTTCATCTCGCGCATCGCCTCGGGGTTGTAGCCGGCGAGGCGCTGCGCAAACGACTGCACCACGGCGTCGAGGGCGTGTGTGTTGTCGACAACCTGCGAGTAGAGGCCGTGGCGCTCGCACCACTGGGCATCGTGCCAGTCGGCGTGGACGGCGAGGTTCATGAACGGCGCGGGACCGAGCTTGCGCTCGAGCACTACGCCGACGACGAAGGGCCCGATACCAACCTGCAACTCGGAGAGCTTGGCCTGCGCGGTCTCGACGGCGAAGGAGTAATCGCTGGCGGCGATCACTCCGAGGGCTCCGCCGGCGGCGCGGCCGTGCACGCGCGTGATCACGAACTTCGGCGCGCGGACCATGGCGAGGATCACGCGGGCGAAGCCGGAGAAGAAGTCCTGGCCTTGCTCGGGCGTGGCGACGGCGGTGAACTCGTCGAAGCTGGCGCCGGCGCAGAAGGCGCCTTCGCCGGCAGAGCGCAGGACGATGACGCGGGCGTCGGGGTCGTTGCCGAGGGTGGTGATACCCGCGGCCAGCTCGCGCAACAGCGCGGAGGGCAGGGAGTTGCCCTTGGGGTGGAAGAACTCGACGGTTCCGATGCCGTCGGCGACGGAAAGCTGGACGCGTCCGTCCGTGAGGGCGCTGGGGGCGGGGCTGGTCGGCGTCATAGCGGGAAACATACTAAATTGCGGGCTATGGCCCAGACGACCGTTCCCCAAGAGGATCCGGCGCTCCTCGCCGCCTTCGAGGCGCGCATTGCCGCCGGTGAGAGCATCGAGCCCAAGGACTGGATGCCGGAGCGCTACCGCAAGCAGCTGACGCGCATGATGGCGCAGCACGCGCACTCGGAGATCGTCGGCATGCTCCCCGAGGGCAACTGGATCACGCGCGCGCCCTCGCTGCGGCGCAAGATGAGCCTCATCGCCAAGGTGCAGGACGAGGCGGGGCACGGCCTCTACATCTATTGCGGCACCGAGACGCTGGGCGTGGACCGCCACGACCTGTTCAACCAGCTGCTCGACGGCTCGGCCAAGTACTCGTCGATCTTCAACTACCCGACGCTGAGCTGGGCCGATATGGGCGTGATCGGCTGGTTCGTCGACGGCGCGGCGATCGTGAACCAGACGGTGTTGGCGAAGGCCTCGTATGGGCCCTACGCCCGCGCGATGGTGCGTATCTGCAAGGAAGAGAACTTCCACAAGCGCCAGGGCTTCGAGATCTGCGCGACGCTCGCCAAGGGCACGCCGGCGCAGAAGGAGATGCTCCAGGACGCCGTGAACCGGTTCTGGTGGCCGTCGCTGATGATGTTCGGGCCATCCGACAAGGATTCGCCGAATTCCGCCGAGCTGCTCAAGTGGCGCGTGAAGCGGAAGACCAACGACGAGCTGCGTCAGCGCTTCGTGAACCTGACCGTGCCGCAGGCGCAGGCGATTGGCGTGACGCTGCCGGATCCGGATCTCAAGTACAACGCCGAGACCAAGAACTGGGAGTTCGGCGAGATCGACTGGTCGGAGTTCTGGGAAGTGGTGCAGGGCAACGGGCCGTGCAACGCCGAGCGGCTGGCGGCGCGGAACAAGGCGCACGATGACGGGCAGTGGGTGCGCGAGGCGGCGTTGGCGCACGCCGCGAAGCGGTCGGCGAAGTCCTCGGCGGCGTAACTGCTGTCACCACGAAGGCACGAAGACACGAAGGGGTTTTTCGATGAGCGTTGAACAGTCTTGGCCGTTGTGGGAAGTGTTTACCCAGGGGAACCAGGGTGAACCCTTTGAGCACGCGGGCTCGCTGCACGCGACGGACGCGGAGCATGCGCTGCAGAACGCGCGCGATGTGTACACGCGGCGCGGCGAGGCGGTGAACCTGTGGGTGGTGCCGTCGTCGGCGATTACGGCCTCGGCGCCGTCGGATGCGGGGCCGTTCTTCGAGCCCGGCAACGAGAAGGCCTACCGGCACCCGCAGTTCTACAAGGTGCCGCAAGGCGTGCGTGTGTTTTGATGGCGAAGCACGAGGAGGAAGAAGGCGGCATCGCGGCCGGTGAGGCGAAGGCGGGCGTCGGCGCGGTGGCCGGGACGCGGGGGCCCCAGCTAGGTGCGCCGCTGGTTGAGTACTTCCTGCGGCTTGGGGACGATCGCCTCATCCTCGGGCATCGGATGTCCGAGTGGACGGGGCACGGGCCCATTCTCGAAGAAGACATCGCGACGGCGAACATCGCGCTGGATCTCATCGGGCAGGCGTCGCAGCTGCTCAAGCTGGCGGGCGAGACCGAGGGCAAGGGGCGCGATGAGAACGCGCTGGCCTATTTTCGGGACGGGACGCAGTTCCGGAACTGCCTGCTCGTGGAGCTCCCGAAGGGCGACTTCGGCGACACGATGGTCCGCCAGTTCCTGTTCGATGCGCAGAGCGTGCTCGTGCTCGACGAGCTGACGAAGTGCGGGCACGCCGAGCTCGCGGCGATCGCGGCGAAGGCGATCAAGGAAGACAAGTATCATCTGCGCCACTCGAGCGAGTGGGTGGTGCGCCTCGGGGACGGCACGGACGAGAGTCACGCGCGCGTGCAGGCGTCGCTGGATCGCCTGTGGAGGTACACGGGCGAGCTCTTCGCGACCGACGAGGTGGATCGCGCCGTTGCCGCGGCGGGCATCTCGATTGACATGGCGGGCATCAAGGCGCGCTGGGACACCATCGTGAACGACGTACTCGGGCGCGCGACGCTGACGCGGCCCGCGGACGGCCCGATGCAGCGCGGCGGGCGGCGCGGCCGCCACACGGAGCACATCGGCCACCTGCTCGCGACCATGCAGAGCGTGGCGCGGGCGCATCCCGGCGCGACTTGGTGACCTTCAGCCGCGACCGGGTGTTCGAGATCCTCGGGACCGTCCCCGATCCCGAGGTGCCCGTCATCTCCGTCGTCGAGCTTGGCATCGTGCGCGACGCCGCGCAGCGCAGTGATGGGACCGTCGAGGTGACGATCACGCCGACCTACAGCGGCTGCCCGGCGATGTTCGAGATCGAGCGCGACGTCGTGTCCGCGCTCGAGGCGGCCGGTGCGCCGTCCGTCGAGGTGAAGACCGTGCTCTCCCCGGCGTGGACGACGGATTGGATCCCCGAGACGGCGCGCGAGAAGCTGCGCAAGTACGGCATCGCGCCGCCGGGGCCGGCAAACGACGGCGGCTTGGTCACGCTGGTGCGCGCCAAGCCGCCGGTGCAATGCCCGTGGTGCGGCTCGCGCAACACCACGCTCAAGAGCGAGTTCGGGTCCACGGCCTGCAAGGCCATCCATGTC
CP130612.1_gap30	936976	938953	1977	GCGGCGGAGCGCGTGGTGGGTGGCGGGGATTTCGCGGTGGTCGGTGCGGATCGGGAGAAGGGCGCCTTCTACCAGCCGGAACTGATGTACTGCGCGGATCCGTTCGCGAAGACCGAGCCGCACGACGTCGAGGCCTTCGGCCCCGTGAACACCGTGATGCCGTACCAGACGCTCGACGAGGCGATCGAGCTGGCGCGTCGCGGACGCGGTTCGCTCTGCGGCTCGCTGGTGACGGCCGATCCGGCGACGGCGCAGAAGGTCGTGCTCGGCGTCGCGCCGTACCATGGTCGCCTCCTCGTGCTCGACCGCTCGAGCGCGAAGGAGAGCACCGGGCATGGCTCGCCGCTGCCGAATCTCGTGCACGGCGGACCGGGCCGCGCCGGGGGTGGCGAGGAGATGGGGGGCGCGCGCGGCGTGCTGCATTACATGCAACGCACGGCGGTGCAGGGGTCCCCGAGTGTCCTCACGGCCATCACCCGCGAGTGGACGAAGGGCGCGACCGAGACGACGGACGCGGTGCATCCGTTCCGGAAGACCTTCGACGAACTCCACATCGGCGATACGCTGGTCACCGGCACGCGCACGATCACGCTGGATGACATCGTGAAGTTCGCCGAGCTCTCGGGCGACAAGTTCTATGCGCACATGAACGACGAGGAGGCGCGGTCGAACGGCATATTCGAGGGCCGTGTCGCGCACGGGTATTTCATTGTGTCGGCGGCGGCGGGATTGTTCGTCGAGCCCTCGCTCGGACCGGTGCTGGCGAACTACGGACTCGAGAACCTGCGCTTCACGAAGCCGGTGTACCCAGGCGACACGATCCAGGTGCGGCTGACCGTGAAGCAGAAGACGGCGAAGGACACGCCGGAGGGTGGCATCCCGCAGGGCGTCGTCGAGTGGGATGTCGAAGTGACAAACCAATCAGGCGAAGCGGTCGCGTTGTACAGCATCCTCACCCTCGTGCGGCGCGCGGCATAGATCCGACTTGTGCCGATAACTGACGGGGTGCCCTGCGGCACCCCGTTTTGCGTTCCGTATAGAACTGGACCGTGTCAAGGTATTTGACATTGCGAATCAGTGTTTCCCTGACAATCGTTGCGTGACTTGGCGTCCCCGCGCCATCCCCCCTGTACGAGACCGGTGGCGTGACCCGAATACTTCGCTCGATCGCAATTCGGTTTCCATTGCTGCTTGCCGCGATCGTCATGGCGGTGGCGGTGGTGACGGGGCGACTCGCGAACCGCGAGATCGGCGAGGTGCTCGTGAGCGCGGCCCGCGCGGACCTTGAACACGGCGCGACACAGCTCGCGCAGCTGCTGGGCAACGGCATCCCGGCGGCGCGGCGCACGCTCACGGAGGCGGCGCGCGGCCCGCAGCTGCGGCGTGCGCTCGGTCCGCGAAGCTCGGAGGCGGAGGCGGCGGCGCTGCTCGAGGCCTATGCGTCGGCACCGGAGACGGGCACGCGTGCCGCCGCGAGACTCCTCACGCCTGACGGCGATGTGCGCGCCTCGTGGACGCGCGTCGCCGGTGCGACGTCGATGGGGTGGACCATCGGTGGCCTACGTGAAGGCACGTTGCCACGCGATTCGGCGACGATCGGGCCCGTGGTCGCCATTCGCGACACGACGCCGGGCTTCGTGGCCGTGGCGCCGGTGGTCAGCGAGGACGGGGCCCTGCTCGGATGGCTCGAGGAGGTTCATGTGGCGCGCGGGACGGGCGCCGCGGAGATCCGCGCGCTGATCGGCATCGAACGCCTCTTGCTGGGCTCGACCGAGTGGACGGTCTGGAGCGACTTCGATCGCATCGTGCCAGGTCCGGAGTTCACCGCTGCGCCGGATTCGGTGCAGCGCGTCGCGTCGCCGGGTGGCGTGACCGCGCTGGGCCTCGGGCGGGCGGTCCCCGGCACGCCGTGGCTGGTGTGGGTCGAGCGGCCCGAGGCCGATATCATGGCGCCCATCCGGTCGTTCCTCGATCGCA
CP130612.1_gap31	940231	943127	2896	CGGTGATCCTCGTGAGCGGATACGCCGACGTTCGGGACCGGATCCCCGCGGACCTCGCCAGCCGCCCCGTGATCCTCGAGAAGCCGTTCACGGCTTCGGCGTTGCACGCGGCGCTTCGGCGCGCCGTGCGCCACGCGCGGTCAAGCCGTCAGGCGTAGCCCCACCCAGGTGCCGGCCGCGGCAACGCTCGCCGTGAGGACGACGCCCCACGCGAGGTCCACCGGCACCACGCCGGAGGGGAATCCCTTGAGCAACGCCAGCGACGTCAGGTCGAACGCGGCGTAGGCCGCGAGGCCGAAGACCCCGCCGAGGGCGGCGGCGCGCAGCACGCTCTGCTTCTCGATGCCCGGCAGCACGCAGAGCACGACAATCGCCGCGACGTAGATCAGATAGAAGGCGATAGCCGCGCCCCACTTGGTCTGCTCCGCGAGCAGATGGCCCATCTGGCGCTGGTAGAAGCCTTTCGCGACGAAGCCAAGCCACGCGATGTCGAGGGCGAAGAACGTCGCGGTGCAGGCGGCGTATAGCTTCAGGTAGAAGGCCATGGGGCGCGGCTCCGTCGGGTCAGCGGACGGTGATGCGGATCGGCGCGCTCACGAGCTCGCGCGAGATCACCTTGTGCTCGTGGTCGCCGAGCACGGCGCGGAGCGTGTAGGTACCGGGGGCCAGCGTGAGCGTGGTCTCGATGGCGCCGGTGCCGAAGTGGCGATGCAGCGAGTCGGCCGGGATGAGTGTGCCCGGCGCGCCGGCATCGGTGTTGATCAGGATGTGGAAGTGCCCGGTACGCGGAAAGTTCACGCTGGCCGGTGCGACGCCCCAGTTCTTCAGGCCGAACACGACGGTGAAGGTGCGCGGGACGGTCGCGCCGTCGCGGGGCTCGCGGATGGAGATCTCCGGGGCGGGCGTCTGGGCGGGCGTCGCCTGCGCGCGGAGGGTGGGCGCGGCGGAGACCACGGCGAGCAGGGCGGCGGCGAGGAAGCGGATCGGCATCGGGCGGGCGAGTGAGGGACGAACGGGCGGATACCGGTGAGACCGGCACAGGGAAGTAAACCCCTGGCACCCCGTACAAGTTCGCTCCGTCGCGGCTTGCGGCACAGAGGTTCGTGGCGCATCGTCATGCAACCTTCATCGCTTGGAGTCCTCCTTGATTCGCCGGCTGGCTGTCCTCTCCTCGTTGGCCCTCGCTGCGATGGCCTTCGCCCTGCCACCGGCCGACCGGGCTGACGAAGGCGCCGTCCGTCGAGCGTCCCACACGATTACCATCACGCTCAAGTGCGAGACGCGCGACGGATTCGCCTCGCCCGACACGTTGCGCATCAAGCAAGGCGATACGGTCTACATCGAGCTCTCGCCGGACTCCGACGTCAGCAACTTCGTCGTGACGCCGAAGCCGCGGATAGGGATTCTTCCCGGCGCGTGGCCGTACCGTACGCGGCAGCTGACTGGCGGCCCCGGCAATCGCGCCGCCGCAGCGGACATGAAGCCGAACGCGGAAGGCCACTATCGCTATAACGCGCAGGGCGCATGCCCGGGCGGGCCGCCCGCGAAGTTTGACCCCGACATCATCGTCGAGCTCTAGCCCGTCGTGACGGCGTCCGGCGCCCCCGTCCCGGATCGCATCGGCCCGTACCGCATCCTCGATGTGCTCGGCGAGGGCGGTATGGGCGTGGTGTACGAGGCGGATGAGACGGGCCCGGTCCGCCGCCGTGTCGCGCTGAAGGTCATCCGCAGCGGCTTCGCCACGCGGGAGGTCATCGCCCGCTTCGACGCCGAGCGCCAGGCGATGGCCCTCATGGACCACGCCGGCATCGCCAAGGTGCTCGCCGCCGGCGCGACCGAGAACGGCCTGCCCTACGTCGTGATGGAGCTCGTGCGCGGGATGCCGCTCACGACCTACTGCGATTCGCACCGCCTGACGATCGCGCAGCGCGTGGATCTGTTCATCCAGGTGTGCCACGCCGTGCAGCACGCACACCAGAAGGGCGTGATCCATCGTGACCTGAAGCCGAGCAACATCCTGGTGGTGGAGGAGGACGGCGAGCCGCGGCCGAAGATCATCGACTTCGGCATCGCCAAGGCGGTGGGCGGGCGACTCACCGAGAACACGCTGATCACGCACGTGGGCGTCGCGCTGGGCACGGCGGCGTACATGAGTCCGGAGCAGGCGGACGGCAGTGCGCTCGACGTGGATACCCGCGCCGACATCTACTCGCTCGGCGTCATCCTCTACGAGTTGCTGTGCGGCAAGCTGCCGATGGATCCCGAGCAGATGGGGTATCACGTCTTCCTCGCCGGGCTGGCGTCGCGGGAATGGCTGGTGCCGCTGCCCAGCGTACGCTTCGCGGGACTGGAGTACGAGAAGACCACGGTGGCCCACCTGCGGCGCACGGACCCTGAGCGGCTGCAGCGGGATCTCGCGGGCGACTTCGATTGGATCGTCCTGCACGCGTTGGAGCCGGATCGCGCCCGGCGCTATCCGACGGCGAACGCCCTCGTGCTGGACCTGCAGAGGTCCCGCATGGACGAACCCATCGCGGCGCGTCCGCCGAGCGCGGCGTATCGCGTCGGGAAGTTCGTGCGACGGCACCGGGCAGGCGTTGCGGCGGCGAGCTTGGCGCTCTCGGCACTCTTCGTGAGTACGGTGCTGGCGACGGTGGGGTTGGTGCGTGCCCGACGCGCCGAGGAGCGGGCGCGCATCGAGGCCATGGCGGCGCAGTCCGTGACGGATTTCGTCGTGGGACTGTTCGGCGTGTTCGATCCCGAGCAGTTCAGTGCGCCGGTGCCCGCCGGCGACATCACCGCCCGCGAGCTCCTCGCGCGCGGTGCCGAGCGTGCGCGCGTCGAACTCGCGGAGCAGCCCGAAGAGCGCGGTCGCATCCTGCATACCATCGGCCGG
CP130612.1_gap32	957384	961065	3681	CGACTCCACGGAGCCGCTGAGGCGCGCGCCGATCTTCACATCCTCGCGCTGCGCCTGGCGGACGGTGTACGAGGTATGGATGTCGAGCGTCGGGGGGATGCTCAGGGGACCGTTGAGGCGCACGAGTCCGCTGTCCACCTGGAAGGTGCGCTGGAGCAGGCCGAGGTCGAGCCGGAACGTGCCGCGCGTGGCGAAGATCTCGCCGCGGATGTCTGGTTCATCCAAGGTGCCCGCGGCGGCCACTTCGCCGGTGAGCTGCACGTTGGCCTCCGGCGAGCGCAGCCGCACTTCGTTGCCGAGGCGCAAGCGCACGCCCTCGAGCCGCGGGGCGAACTGCGAGGCGGCCTCCTCCGCGGCACGGTCCTCCTCGAGGGCCAACGCACGCCGCCGCTGGCGCCCGATGAAGAGGTTGGCCTGGGGCACCGTGACATCGCCGCCCAACGCGAGCGAATCGAGCGGTCCGCGCATCCGGAGCTGCCAACTGACGTCCGCCTCGGCGGTGCGCGGATCGTCGATGACGCGGAGGTTGCGCGCCACGGTGCGCAGGTCCGCGCGCCAGCCGTCGGCGCTGCGGTAAACGGCACCTTCGATGGCGGCCGTGTCCTGCTCGGCGCGTTCGTCATTGAGCCGCGCGCGCTGGATGATGATGGAGTCCGGTGCCAACGAGACGTCCATGAGCAGGTCGCGGAACCCGGTGCCGAGGGCCGGCACCACGAAGGCGCCATCGCGCACGAGGAGGAGGCCGCGCGGCTCGATGTTGCGCCACGTCCCGGTGACCTGCACATCCGCATCGAGACCGCCCTGCAGTTCGCGCACGCCGGTGGTGAGCGCCTCGAAGCCGGCCAGAGGCGTGCCGTTCGCGGTGAGGCGCACGTACAGCGGGCGCTCGAGCAGACGCTCGTCGAGCGGCATCGCCTCCAGCGAGAGATCCACCGGCAACTCCGCGGTCAGCGCGATGGCGTCGCGCTGGAGCATGCGGGTGTCGAGCTGGAGGTCGGCGCGGCGGTCCGCGTAGCGGGCCGTCATGCGCAGTTCCGGCGCCTCGCGGTCCTCGACGCGCGTGGAATCGAGTCGCAGCGTCATCGCCAGCGTCGGCTCGGCCATCGTGCCGCCGAGGTCTGCGTCCGCGGTGAGCAGGCCGTCGATCCGCGGGGGGATGGCACCGGTGAAGCGCGCGTGCTTGAGTGGCACGCGCAGGGCCTGCGCGCGCAGCGCGATTGGACCTGCCGAGTCGAGGCGCGCCGAGAGGGCGAAGCGCGCGCCGTCACGGCTGAGCAGCAGCAGCGAGTCGATCTCCAGTCGATCCGGTCCGCGGTAGAGGCGGCTCGGCCGTGCCAGCCGCCAGTCGGCGTCGCGGGTCCTCGCGCTCAGCGAGTCGACCTTGAGCTCCAGGCTGTCGCCCATGAGGTGCAGATCGGCGCGGCCCTGTGCGACGAGCGTATCCAGTGCGATCATGCGGAACGACGCATCGACCCAGCGCGGGTCGCGCACGGTGGCTTCCGCGCTCAGGCGATGGATCGCCGCCGTGCCGGCGACGGCGTCGACGAGGTCGAACGTCGCGAGGCCCTGCGTCGCACTCGGCACGCCGTCGAGCAGGAGTTCGCCGTCGATGTGGCGCACCGCGTAACTCCCCGCGTGCAGCGAGTCGCCGCTCAGCGTGGCGCGCACGGCCATGGTATCCAGCGAGCCGAGCGCCAGGCCTTCGATGCGCAGGCGCCCGCCGAGCGAATCGGCCCACGCGGTGGCGAGGGAGTCGCCCAGTAGCGCCGCCAACGCGGGCACGGAATCCAACGTGGCGGTGAAGCGCAGCGTGTCGCGGAGCTGCGGATCGCGCGCGAGGCGTCCGCGAGCCGTGACGTGGCCGGCGTCGAGCGCGAGCCGCAGCGTATCCACGCGGAGGCCGCCGGGTTCCAGCAGCAGCTGCCCGATGCCCTCGCATATGGGGAAGCCATTGAGGCGCGAGGCGGTGTCCAGGCGGAAAGCGATGGGGCCGCTGGGTTCGTCCCAACCGCCGTCGATCCCGAGCTCGACGTCTCCGTGCAGCAGGTGAGCAGGGAGCGACTGTTCGACGAGCAGGCGAGAGGCGTCGAGCCCATCGATGCGCAGGCGCCCCTTGGCGACGAGCCGCGCCGTGTCCATCGAGGTGGCCCCCGTGAAGCGCATCTGCGCGCCCTCGCCGTCGAGCGCGAGATCGAGCGACACCGAGTCACCGCGCACGGCGGTGTTGAGGGTTCCGCGCAGCACGCCGCGCAGCGGCATTCCGGCGACCGCCGGCCCGTACGCGGCGAGCGACACGGCCTCCAGCGTGAGGTCCGCTTCCAACCACGTGCGCGTCGTGTCCTCGGCGATGCGGCCGGCGCCGAGCACGCGTGTGGGCGGCAGGCCGCCGTCCACGTGGACGAGATCGAGCTCGCGGAAGCGCAGGTCGTCGATCGGCCCGTCGAGCGTGACGCGGCCGCGGAGGAAGCCGTGCAGGGAGTCCGCGATGTCCGTGACGGCGCCGACCGTGCGCACATCGAGCGAGTCGATGCGCACCTGCAGCGGCTGCAGGACCGTCTGCGCGGCCTCGAGGTCCAAGCGGCCGTCGATGGTGAATCGCGAACGCGCGCCGCCGATGCGGCGGTCCTCGAACTCCACGGTGGACGGCGCGACGACGAAGTCGTTCAACGGACCACCCGGTCCGCGAAGGCGCCCGCGCAGCGTCCCGTCCCACGGCGGTGGCGGCGACGAGTCGCCGAACAGCTCGCGCAGCAACGAGAAATCCAGCGGTGACGCGGTGACATCGACGTCGCGCAGCGCCGTGCGGCCCCCGATGTCCGTGACGAGCCGCCCGGCCACGCGCGAGCTGCCGGACTCCACGGAGAAGCGTTCGACGATCGCGCGGTACTCGCCATCGCGCGGGCCATTCACGACGCGCAGGTTGGCGCTGGCGCGTCCGCGGCGAGGCACCAGCGCATCCACCCAGGCGACATCCGCGAGATCGAGTTCACTGACGTCCACGCGCATGGCGACGCGTGGGTCGCGGGTCGTGTCGGCCCAACGTGCGGTGCCGCGGATTGCGGCGCGGGAGTTGCCGAAGCGCAGCTCGGGGAGCTGCAGCGCAGCGGAGTCCGACGCGAAGTCCACACCGCCGCCGCGCAGCGCGATGTCGAGAGCCGGCTCCGTGCTGGTGGCGCTTGCCGCGGCGAGACTGAGGCTGCCGCGCGGTCCGTCGGTGAAGACCGTCGACGCGCCGAGGGCCAGCGCCACCTCGCGGACTTCGCGGCGAATCGGCGGCCGTTGCGGGAGCGAGTCCGGTTGCGTGATGGCCACGCGGCCGTTGCGCAGGGTGAGTGTGTCGAGCCGCACGCGCCAGGGCGCCGCAGACGCCCTGCCGCCGCCAGCGCTCGCGCTGTCCATGGCGGCCGTGAGCGCCTGCACGTTCCAGGTCCCGTCACGGTCCTGCACGAGGTCGAGTGCGAGGCCGTCGAGCGTGACCTCCGTGAGATGCAGCTCACGGTCGAGCAGCGGGCGCAGGTTCAGCGCGAGCGTCACGGCCCCGAGCGCTGCGACGCGAGTCCCGCTGCTGTCGCGCAGGACCAGCGAATCCAGCGAAACCCGACCCAACGGCAGCAACGAGAGGCCGTGGAGCTGCAGGCTGACGCCCGGCGCGAGACTCGTCGCCACGGCGGCCTCGATGCG
CP130612.1_gap33	991186	995985	4799	GGCGTCGCTGTCGAAGGCCCGACGCGCCGCCTCGTACCGCATCGCCTCGGACTCGTCCGCGTTGATGATGAATCCGCGGTGCGAGGCCGCCATCGTGCTCAGCGACGCCAGCATGCGGACGGCCGCGACCTCGGCGAGGTGGAGGCGATCCATGCGTTCGGCCCGCGCCCGCGCCTCGGCCTGCGACACATCCGCCGCGAGCCGCGCCGTGAGGAACCACGCAAACGCCACCAGCACGCCGATCGCGGCCAGCTGGGAGGTGAGGGGGAGGCGGCGCCACCACCAAGCAGCCTGCAGCTTCGCGGCGCCCGTGGGGGGCTCCGGCGTCTCGTCGGGAATGGGCGCCTCGGTCATAGCTCGCGCGAAAGCTGCGCACGCGGCCCCGCGCGCGCCACCGCAATGGTAAATTGCCGTTCTCCCGTCACCCTGGCTCCCGACCGATGTCTGCCTCCACGCCGCTCCACGCCCTGCACGCCGCCGGCCAGTCCATCTGGCTCGACTTCATCGACCGCACGCTGCTGCAGGGCGATGCGCTCGCCCGTCGCATCCGCGACGACGCGCTCACCGGCATGACGTCGAATCCGACGATCTTCGAGAAGGCGCTGGCCGCAGGCACCGCGTACGACGCGCAGCTGAAGGCCGCCGCCCCGGGCAAGTCGGCCTGGGAGCTGTTCGAGCTCGTGGAGACGGACGACGTCCGGACGGCCTGCGACATCTTCCGCCCCGTGTACGACGCGTCGGGCAAACGCGACGGCTACGTCTCCATCGAGGTGTCGCCGGGCGCCGCGCACGATGCCAAGGCCACCGTCGCCGAAGCGCATCGCCTCTGGGCGACGGTCGATCGCCCGAACGTCATGATCAAGGTGCCCGGCACGCCCGAGGGCTGCATCGCGCTGGAGCAGCTGATTGCCGACGGGCTGAACGTGAACGTGACGCTGCTGTTCGCCGTCGAGGCACATGCCCGAGTCATCGAAGCCTACCTCAAGGGCCTCGAGCGCCGCGCCGCCGCCCGCCGCCCGCTGGACCACGTCGCCAGCGTCGCCTCGTTCTTCGTGAGCCGCGTGGACTCGGCCATCGACGCCGCCCTCGCGGCGCAGGTGAAGGCCGGGACGCTCGGCGCGGACCGCGCCGGCGCGCTGCAGGGCAAGGCCGCCATCGCCAACGCCAAGCGTGCCTACCGCTTGTTCCGCGAGAAGTTCAGCGGACCGCGCTGGGCCGCCCTTGCCGCCAAGGGCGCGCAGCTGCAGCGCCCGCTCTGGGCCAGCACGAGCACGAAGAATCCGGCGTACCGCGACACGATCTACGTCGAGGAGCTCATCGGCCCGGATACGGTCAACACCATGCCGCCGAACACCCTCGAGGCTTTCCGCGACCACGGCGTCACGCGCCGCACGGTCGATGTCGACCTCGCCGCCGCGGATGCGCTGCTCGCGGAGCTCGAGACCGTCGGGATCCGGCTGGACGCCGTCACCGACACGCTGCTCGCCGAAGGGCTGGCGTCGTTCCAGAAGTCGTTCGACACGTTGATCGCCGGCATCGAGCAGAAGACCGCCGCCCTCGCCGCGCGCTGACGCCGTGACGACGCCCCCCACCCAATCGCACGACGGCGACGTCACGAAGATCGTCGCCACCATCGGGCCGGCCTCGACCTCGCCCGACGTCATCCGGGCGCTCATTCGCGCCGGCATGAACGTCGCACGGCTCAACTTCTCGCACGGGACGCACGAGCAGCACGCGCGGACCGTCGCCAACATCCGCGGCATCGCCGAGGACATGCGGCGGCCCATCGCCATCCTCGGGGACCTGCAGGGGCCGCGCATCCGCATCGGCACCCTCCCGCAGGCCATCCAGCTCACCGAAGGCGAGCTGGTCACCCTCGTGCCCGAGGACCATCACGCCCACGGCGAGATTCCCGTCACCTACGACGAACTCGCCTCCGACGTGCGCGTCGGCGGGACGATTCTCGTCGACGACGGCCTGCTCGCCCTCGAGGTGACGAAGGTCGCGGCGCCGAAGGTCGAGGCCCGCGTGAGGTTCGGCGGCCTGCTCAAGAGCAACAAGGGCATGAACCTGCCCGGCATCGATGTGTCCGCGCCCTCCATCACCGAGAAGGACCGCGAGGACATCCAGTTCGCCATCGACCAGGACCTCGACTACCTCGCCCTCAGCTTCGTGCGCCGCGCCGAGGACATCACGCTGCTCAAGGGCATGCTGCCCAAAGGCATGCTGGTCGTGGCGAAGATCGAGAAGGACTCCGCGCTCGAGCGCATCGAGGCCATCCTCAAGGAAACCGACGCGGTGATGGTCGCCCGCGGCGACCTCGGCGTGGAGTTGCCGTTCGAGGAAGTCCCGCTGCAGCAGAAGCGCATCATCGGCCTCGCCAATCGCTACGGGCGGCCCGTCATCACGGCCACGCAGATGCTGGAGTCGATGATCCAGAACCCGCGCCCCACGCGCGCCGAGGCCAGCGACGTCGCAAACGCGATCCTCGACGGTACGGACGCCGTGATGCTCAGCGCCGAGACGGCCGCCGGCCTCCATCCGGTGCGCGCCGTCGAGGCGATGCGCCGCATCGCCACCGCCGCCGAGCAGGCGCCCGTGGCCCGCGGGCAGGGCATCGACCGCCTGCAGCCGGGCCAGGCGACGGTCGAGGAGACCATCGCGTCGGCCAGCGTCACGGCGGTGCGCCTGCTCGGGGCGCACACCATCGTGGTGTTCACCAAGAGCGGCTTCAGCGCCCGCATCGTCGCGGCACGGCGGCCGAAGGTGCGCATCGTCGTGCTGACCGACAACGTGCGGACGTACCGGCAGCTCGCGCTCACCTGGGGCGTCACGCCGTTCCTCGTGCCGCACTGCGAGACGTACGAGCAGATGTCGGCGCTGGCCCGCGAGTTGTTGCTGCAGCACGGCATCGCCGCGGCCGGCGAGCGCATCGTCATCACGGCGGGCGTGCCGTTCGACGTGCCGGGCACCACGAACCAGCTGAAGGTGGAGACGGTGTGAAGCTGACCTTCCTCGGGACCGGCACGAGCTTCGGCGTGCCGCAGATTGGCTGCGGCTGCGCCGTCTGCCGTTCCGAGGACCCGCGCGACCGCCGCACCCGCGTCGGTGCCATCGTCGAGGACGCCGGCCTGCGCCTGCTGCTCGACACGCCGCCCGAGCTGCGCCTGCAGCTCATCGCCGCGCAGGTCGATCGCGTCGATGCGGTGCTGTTCACGCATGAGCACGCCGACCACACGCACGGCATCGACGACATCCGCGCCATCTCCGTGCGCCGCGACGGCGCGCTGCCGATGTACGGCCCCGACGAGACCCTGCGCAGCCTGGCCCAGCGCTTTCCGTACATCTTCGACGCGGCCATGAAGCCGCTGCCCGGCACGAGCAAGCCCGAAGGCTTCGCCCACGCGCTCGAGCCGGGTGAGACCGTGCGCATCGGACACCTCGACGTCACGCCTGTCGCGTTGCCGCATGGGCGGATCCGCGTCTTCGGGTACCGGATCGGTCCGCTCGCCTACGTGACGGACGCCAAGGAGCTCCCGGAGGGGGCGCTGGCCGTGCTGCGTGGCGCCGACGTGCTGGTGCTCAACGCCCTCTTCCGCACGTCGCACCCGACGCACCTCTCAATCGGCGAGGCCGTCGACGCCGCGCGTCGCGTCGGCGCGCGGCAGACCTATCTCACGCATCTCACGCACGAGACCGCGCACGCCGCGCTCGAGTCCGCGCTGCCTGCGGACATCCGGCCGGCCTACGACGGGCTCTCGGTGGAGTTCTAGTCGATGGCCATTCGCCTTGATGTCAGCGGCATGCTGCGCCGCGCCGTGCCCACGGGTCCCGATGCGGCGGCGCTCGATGCGCTCGGGCCGAGGCTCGCCGCGGCGGTGCAGGCCTTCGAGGCGCGCGTGCGGGAGGGCGTGCTCGGATTCCGGGACCTCGAGGCCCAGGCGGGCGAGCGTGCCCGCGTGCTCGACTGGGCCGCCACCGCGAGGCGTGGACTCGACGACGTCGTCGTGCTCGGCATCGGCGGCTCGGCGCTCGGCGCCGTCTGCCTGCGCACGGCGCTGCTGCCGCGCGATTGGAACGCGCGCAGCGCCGACCAGCGCGACGGCCGCCCGCGGCTGCATGTGCTCGACAACGTCGACCCACGGAGCGTGGCTGGCTTGCTCGAACTGCTCGACCTCGCGCGCACGCGCGTGCTGGTCGTCTCCAAGTCCGGCAGCACCGCCGAGACGATGGCGCAGTACCTCTTGCTGCGCGATCGGCTGGCCGCGCAGGGCCTGAGCGCGCGCGAGCACCTCGCGTTCATCACCGATCCGGACAAGGGGGCCCTGCGCAAGGTCGCGGCGGCGGAGGGTATTCCCGCGTTCGAAGTGCCGCCGAACGTCGGCGGGCGGTTCAGCGTGCTCAGCCCGGTCGGCACCGTGCCGGCCGCCCTGTTCGGGCTCGACGTGCAGGCGCTGATCGACGGGGCCATTGCGATGCGCGACCGCTGTACGTCGGCGCAGCTGCGCGAGAATCCCGCCTTGGCCTTCGCCGCGCTGCAATGGCACGCGCATGAGACGGCCGGGCAGGGGGCGCACGTCCTGATGCCGTACAGCGACGCGCTGCGCGACCTCGGGCCGTGGTTCGTGCAGCTCTGGGCCGAGTCGCTCGGCAAGCGCACCGCCGACGGTCGCCATGTCGGCCCGACGCCGATCGCCGCGGTCGGCGCCACCGATCAGCACGCGCAGGTCCAGCTCTTCATGGAGGGTCCCCGCGACAAGACGGTGACCTTCGTGGACGTGGAATCGCACCCGGACGAC
CP130612.1_gap34	1016137	1018056	1919	TTGGAGATGATGCAGTTGACCTTGGTCGCCTCGGCGAGCTCGTGGAACTTCGCGCTGCTCAATCCCGGCACCTTGGCCTTCGTCGTGAGCTTGATGTGCACGATGGCCATGCCGCCGTCGACCTTGTCCATCTGCACTTCGGCGGTCGTGTCGACATACGCGGCGGCGAATCCCGCCTGCGAGATGCCGAGATTGAGTGCCATCGAGAAGCAGCCGGCGTGCGCGGCGCCGAGGAGCTCTTCCGGATTGGTGCCGGGTGCGCCCTCGAAGCGCGTGCCGAAGGAGTACTTGCCTTCGTAGGCGCCGCTGCCGAGGCGGAGGTGCCCGGTGCCGACCTTGAGTTCGCCTTCCCACTTGGCGTGTGCCTTGCGCGTGATCATTGGACTTGCTCCGCTGGGGGTGCTGGGGACTGCGGGGATGCAGAAAGATACGGCCTGGGCCGTCGCTTGCGTCCCCTTCTCGCGGGCGCGAGGAATAGCGCAGCCACGAACGCGTCCGTGCTCTACGCGACGATCGGGACGCGGGAAGGGTCGTACCTCGTCATCTCGGGCCCGCAGTTCGATAAAGCGAATACTGTCGTGCTGTTCGGAAGCCTCGGCCTGATGTACCTCCTGCTCAGCTCCGCGATAGGGGGCGTAGCTGCGGGCATCGCGCTTGGCGGCTGACGCGCCTCGGCGGCAGGCGCTACGCGCTACGCCGCCTGAATGGGCAGCACGCGCTTGCTGGCCGCGATGATCCCGCCGCCGAGCACGAGGCCGGCGGCATCGTAGAGCACGACGCTCTGCCCCGGGGAAATCGCATACGCGGGTTCGTGCAGCAACACCTCGAAGCGATCGCGTGTGGCCACGACAAGTGTGGCGGGCACCGGTGTCGCACGGTGCCGGATGCGCACGAGCACCTCGCTGCCGTCTGCGGGTACGCGCGCTGCGAGCCAGTTGACATCGGTGGCGCTCAGCCCGCGACCGAGCAAGGCCTCGCGTGGGCCGACGACCACGGCGCGATCCTCCGGCCGCAGCGCCACGACGAACAGCGGCTCGCTTGAGCCGCCCGGCAATCCGCGCCGCTGCCCGATGGTGTATCGCGCAAAGCCCTTGTGCTCGCCGACGACGCGTCCGTCCAGTGTCAGGATCGGGCCCGGCGTGAGTGACGGGGCGTCGGCGGGCAATTCGCGCTCGAGGACCTTCACGTAATCACCGTCGGGCACGAAGCAGATTTCGTGGCTCTCCGGCTTTTCGGCCGTGAGCAGGCCCAGCTCGCGCGCGATCGCACGCGTCTCGGGCTTGGTGAGGTGCCCCACGGGGAGCAGCATCCGCGCCACGACCTCGCGCTCGATGCCCCACAGGAAGTACGTCTGGTCCTTGTTGTCGTCCACGCCGCGGGCAAGCTGCCCGTCGATGATGCGGGCGTAGTGCCCCGTCGCGATGAACGGCGCCTCGATCGCGTCGGCCTTGGCGAGTAGGTCGCGGAACTTGGTGAACGTGTTGCAGCGCACGCAGGGAATCGGCGTGCGGCCGGCGGCGTACTCGGCCACGAAGTCGCTCACGACGTCGCGGCCGAAGGCGTCCTGCAGGTTGAGCACGTAGTGCGGGATGCCCAGCGATTCGCAGACACGACGCGCATCGTTCACGCTGTCGAGCGAGCAGCAGGGGCGGTCGGGGAGGTCGCCGCCGTCGTTGAACAGCTTCATCGTCACGCCCACGACGTCGTAGCCCTGGCGCACGAGCAGCGCGGCGGCGACGGAGGAGTCGACGCCGCCGCTCATGGCGGCGAGGACGCGGGGGCGGGGCGATGACGCGGACATAGACTAGGAATATACCCGGGTCGGGGAGCGGGTTCCGGAGCGGATCGCAAGGCAACGGCGGTCGCGCGCCCGCGCGTCCCCTAACGGCGCTCCCACGGGCGTGGCACATTATCGCAGA
CP130612.1_gap35	1039346	1042411	3065	GGTGCGCGAGCCGCATCGCCTCCTCGGCGCGCGCCATCATCGCGCCCACGTCCGCGGTGTCCGACACCTTGACGGAGATCGTCGTCGTCAGCCGCCGCCCGTACTGCATCTCGAAGCGCGTGATCGGCAGCAGGACATAGGCATCGAAGCTCTGGCCGAGCACGCGGCCCTTCGGCGCGTTCACGCCGACCACCGTGTAGCGCTGGCCAGCGATGCGCACCTCCTGGCCGATCGGATCCACCGTCTCGAACAGCTTCTCCGCCAGTTCCGTGCCGAGCACCGTCACGGCCATGCGCTGCGACACGTCGACGTCGGAGATGGGTCGGCCCTTCTGGACCGAGTAGTCCTGCACGACCTGGTACTCTGACGTGATGCCGAACACGAAGATCCCGCCCACGCTGCGGCCCCGCCAGAGCACTTCGGTGATCGGCGTCGGCCAGCCGGACTGGCGTGACACCGCGATGGCATCGGGCAGCGCCGCGCGCACGACCTCGGCGTCCTGCGGCGACACGCGCGGGCGCTTGCGGATGCGCGACATCAACTCGTCGTCGATCAAGCCGACTTGGATCGGCGTACGGCGCACCTGGAACGCGTTCGTGCCGACCATCGCGTCGGCGATGTTCTCCTTCACGTAGGCGTTCATGCCTTGGATGATCGCGACCACGGCGATCAGGAACGCCACGGATACGATGATGCCGAGCAGCGTGAAGAATGTCCGCAGGGGATTGCCGCGGATCTGCGCGAAGGCGATGCCGATGACGTCGCGGTACTGCACGACCGGAAACCTAGCGGGGACCGCGGCCCGGCGGTGTCGGCGTTTCCAGCAGTTCCGCCACGCGACGCATGAGGTCGTCGGTGCTGAATGGCTTGGCGATGAACGCCGCGTCCCGGAGATCGCCGTCGGGCAGCACTGCCGAGGAGGTGTAGCCGGACATGAACAGCACCGGGATGCCCGGCACGCGGCGCCGCATCTCGCGGGCCAGCTCGACGCCGCCGAGCCGCGGCATGACGACGTCCGTCACGAGGAGGACGGGCGGGTCGTCGCTGGCGTCCATCGCCGAGAGCGCGGCGACGCCGTCTTCACCGGCAAGGACGCGGAATCCGCGCGCGGCGAGCATGCGGCTGACGAGAGCCCGGATCGACGGTTCGTCTTCCGCCACCAGCACGACGCTCCCGAGGCCCGTCACCGCCCCGCTGCCACGCGACGGCGAGCTTCGCTCGCTCCCGGCGGGCAGGCGAATCGTGAACGTGGTGCCCTCGCCCGGCGCGCTGACTACGCGGATCGTGCCGCCGGCGTTCTCAACGATGCCATGACACACCGCGAGCCCCAGACCCGTGCCTTGTCCGACACTCTTGGTGGTGAAGAACGGCTCGAACACCCGCTCGAGCGTCTCGCGGTCCATGCCGACCCCCGAGTCCTGGACCACCAGCTCGACGCTCGGCTCTGTCGGCGTCGGCTCCCCGGCCGACGGGTCGCCGGCCTCGAGGCGTCGCGCCCGCAGCGTCACCGTGCCACCCGGCGCCGTGGCGTCGCGGGCGTTCACTACGAGGTTCACGAGCAGCTGTTCGAGCTGGCCGGCGCCGAGGCGCACCGTGCCGAGGTCCGGCTGGACCTCGAGCACCAGCGTCCGCTCCGCCCCGACGAGTCGGCGCAACATGGCCTCCGACTCGGCGATGCGCGGCGCGACGTGCACCGCGCGCGTCTCGAGCATCTGCCGACGGGCGAACGTGAGCAGCTGTCGCGTGAGGTCGGCGGCGCGCAGCGCCGCGTGCTCCGCCTCCGCCAGCGCGACGTCCATCGGCGATCCTTTCTCGAGATCCGCGCGCGTCGCCTCCAGGTTGCCGAGGATGGCCGTGAGCAGGTTGTTGAAGTCGTGGGCCACGCCACCCGCGAGCTGCCCGAGCGAGTCGATGCGCTGCGCCCGCTCGAGCGCTCGCTCGAGGCGCCGCCGCTCCTCGGCCTCGAAGGCGCGCGTCGCCACGTCCGCGACGGCGGCGATGAACGTGAGCTCCTCAGCCGTGTAGCCGCTCTCGCGCCGGACGATGACGAGCACCGCCGCCTCGCGCGGGTTCGCGCGCAGCGTCGTGCTGTAGGCGGCGGGATCCGCGAGCACCTCGTCGAGCGCGATCGGATGCGGGAGCGAGCCGCTGCCCGCGTCGAAGGCCGCGATGGTCGCCGCGCGCTCGCCGGTCCCTCGCCAGACGCCGCAGAAGTCGGCCTCGAGCGCCTCCGCCGTCATGCGCACCAGCGGTTTGAAGGCGCGGACGACATCGCCGTTCGCGACCTGACTGGCCTCGGTCTGCAGGAAGCTGCGCAACCGCGCATCGAGGGCGCGGACCTGCTGGCGCAGGCGCGCATCCTCGGCCACCAGGATGATCACCTCGGCGTCGGCATCCGTCGCCGACTGCAGCGTGAGCTCGGTCGCGCGCAAGGTGCCGTCGCGCCGCCGCAGCCACGCCGACAGGTGCACCCGCGGCGTGCTGTGCGAGCGGAGTTCGGCGACCAACGCGTCGAGGCGCTCCGGCGGAATGCCCGTGAGCAACGCGTCGAGCGCCAGGTCGCGGATGGACGATGCATCATACCCCAGCCCCTCACGCGCGCCACGGTTCGCCTGCAAGAGCCTGCGCGAGCGCGCGTCGAACACGAAGATCTCGTTGGCCGATTCGTCGAGGATGCGGCCAAAGCGCTCCGTCAGGCTTTCGCGCCGGCGTGATTCCTCGGCGGCGCGCTCGCGCAGCACCACGGTCATCGCGTTCAGGTGGCGCGCCAGACGCCCGAGCTCGTCGGAGTACCGCACCGCAACCTCGGTATCGAGGTCACCCCCCGCAACGCGCTGGACGGCCTGTTCCATCTCGCGCACCGGCAGGTAGAGGCGTCGACGCGTCAGCCACGCGCCGATGCCGAACAGCAGCAAGCCCACCGCACCCCAGGCGATCGTCCAGCGCTGCAGGCGCTCGACTTGGGTGAGGAGCCGCTCTTGTTGGGCGAGCACCCCGGCCACGGCCTCGCGTTGGGCGAGCGACAGCACGCGCGTGGCCGAGTCGGAGATGACGCCGGAGCGCCG
CP130612.1_gap36	1101378	1104234	2856	CGTTGATCTGCCCGATGGGCATGATCTTCGTGCCCAGCGTCGGCGGCATCAGCCACTCGCCGCGGGAATTCACCAAGCCTGGGGACGTCGCGAATGGCGTCAACGTCCTCATGAACGCCGTACACCGGGCCGACGCGCTCTAGCCGCGTCAGCCCGGTGTCGGAACGCCCTGCCGCGTCGTCAGCGCGGCGCGCGCGTGAACGTCACCTCGGCGGCGCCGGGATGACTGTAGTCCTTGCGGATGGTGCTGAGTCCCGTGGCGTTCGCCGGATCCGGCCGGAAGATCGTCGTCGCGCGTGGCGGCTCGCGCCGGTCGGCGGGGCCGTACACATAGTCGCCGATCAAGCCGCCGAACGACACGGCCCCCAGCGCCTCTGACGCGCGCACGATGCCGCCGCGCGAGAGGTCGCCCAGCTCGACAGCCTTGGCGAGCACGGCTTCGGTCGCGATGGCCATCGTGTAGCCGGCGGTGAAGTAGAGGTCGGGTTTCTGCTGCGGGCGGTACGTCTGCAGGTCCGCCATCGCCGCCGCCATTCGCGGCGCGGTGGTATCGCCCCACTCTGCACCGTCGAAGCTCACCCACAGTCGCGCGCGCATGTAGTCGCGGAGCGGCGATTCGAGCATGGCCGGGTGCCAGCCGGGGGAGAGCGTGATCCATTGCGGCGCGAAGCGCGCCTGCGCCGCGGTGCCAAGCACACGGCCGGTGTTGGCGGGCAACGAGACGAGCAGCACGGCATCGCAGCGCGCGTTGCGCAGCTGCGTGATCGGCGCGACGAAATCCTGGTCGTCCTGCTTGAAGCGCACCGTGGCCGCCACCTCGAAGCCGAGCTTCTCGGCGGCCATCGTCACGCCGCCGAGCCCGGCGTCGCCGTAGCCGGTGGCGAGGGCCATCGCGCAGATGCGCTTGTCGGCGCCGGCGGTCTCGCGGTAGTACGCCAGCGCGTTGTAGGCCCAGAGCTGGTACGTGGAGCCCCACGGAATCAGGAACGGCTCGCGCACCCACTCGCTATCGAACGTCGCCGGCCCGACGAGGACGCTGTCCTCGGCCAACAGCGGCAGCAGCGTGTTGATGTGGTCGGTGCCGAGGACGAGGCCGAAGAGCGCCACCTGGTCCTTGATCTTCTGGTATTTCTGGGCGCTCGTGGAGGGGTTCGCATACGTCTGGTCTTCGACGAGCACGTTCACCTTGTAGCGCCCGCCGATGCCGCCGCGCGCATTGAGGGCCTCGAAGTAGACCTGCATGCCGGCGGTGATCGGCGTGCCGATGACGGCGACGGCGTCGCTGAGCGGCGCGATGACGCCGATGGTGATGGTGTCGCCGCTGACGCCGGGCGTCGGCTTGGCCGCTTCGCCGCAGGCGGAGAGCAGGCCGATGCCGGCGACGGAGACACTCGAAAGGAACCACCTGATCCGCATCCGCATGCGCACCTCCAAGGCATTCAGTAAGAGAACGGCCACGCCAGGAAATACCGTTTGACCCGCCGCCAAATCTCGATTAGCCCCCGCGGCTCCGCCAGCAGGAACACGATGATGAGCAGCCCGAACATCGCCTGGTTGAGCGAGAACACCGTGATGCCACCCCCGCCGCCGGTGCTTGAGATGAACGGCAGCGAGGCACTGAGCGACTCGATGACGCGCGGGAGTGCCGTGAGGAACACGGCCCCGAGGATCGACCCCGCCACGCTGCCGACGCCCCCCACGACCATCATCGCGATGTACTGGATGGACAGGAACAGCGTGAAGTCCAGCGGGCTCACGTAGCGCGCGTACGATGCGTACATCGCGCCCGCGCAGGCGGCGTAGGCGCTCGACACCACGAACGCGCCCACCTTGTACTGCACGAGGCTGACCCCGATCACCTCGGCGGCCAAGTCACGGTCGCGGATGGCCTGCAGCGCCCTGCCGGGCCGCGAGCGCAGCAGGTTGCGCGTGGCGAAGGCGATTACCGCGACGACGATCCACGTGAAGTAGAAGTAGCCCTGATTGCGGGCGAGCGGTCGCCCGAACAGCGACATCGTGGTGAGGTCCAGGCCGCCGACGGCGACCGCCGCACGCACGGGCGTGCCCGTGAGCCCACCGGTCACACTGGTCCAGTGTTCGAACACGTGCTGCCCGACGATGACGAGGCCGAGCGAGACGATCACGAGGTAGTTGCCGCGCAACCGCAAGGCCGCCGGACCCACGCAGCCGCCGATGAATCCGCCGATCGCCGCCGCCCCGATGAGCCAGAGCGGGAACGGCCAATGCGCGCTGCCGGTGAGGACCACCGTGGCGTACGCCCCGACCCCGAAGAAGAACGCGTGTCCCAGCGACGCCTGGCCGGCGAAGCCCGTGAGCAGGTTGAGCCCCAGCGTGCCCACGGCCGCAATGCCCGCGTACACCAGCACCGTCGTCCAATAGTTGCTCAGCACGAACGGCGCGGCGGCGAAGCCGGCCACCACCAGCGCGATGCCGCTGCGCGCCCACCACGAGCGCCAGAGCACGAGGTCGTGCGCATACGTGGTCGAGATGCGGGTGTTGCGCAGCTTGAGCCTCATGCGCGTCGCACCTCTTCGCGCCCGAACAGGCCATACGGACGCACGATGAGGATCACGACCATCACGAGGTAGGGCATCACCACGTGGAAGTTGGCGCCGACGCCGGGCACGGCGGTCACGAGATACGCCGCGGTGAGGACCTCGATCAGTCCAATGAGCACGCCGCCGGTCACCGCGCCCTCGGGCGAATCGAGCCCACCGAGGATCATCGCCGGAAAGGCACGAAATGCGACAAGGCTCAGCGAGAGATCCACGCCCTTGGGCCCCGCGCTCAAGAACACGCCGGCCAGCGTGGCCACGGCGCCCGCGATGGCCCACG
CP130612.1_gap37	1109842	1111918	2076	GCCACTGACGGGAAGCGATCGTCTGGCTGCTTGGCCAGCGCCCGCTTGAGCGCAGCCTCCATCACCGGCGGCACGTCGGCGCGGAAGGTGCTCACCTCGGGCGGCGGCTCCGTGGTGTGCGCGACGACGATCTCGACGACGTTTTGCGTCGGGAACGGCTTCTGGCCGGTCAGCGCCTCGAACAGCACACAAGCGAAGGAGTACTGGTCGCTGGCGGTCGTGAGTTCGCGGTCGGCGTAGAGCTGCTCCGGACTCGCGTAGGACGGCGTACCGAGAAAGGCCCCCGTGGTGCTGGCGCTGCCGCTCGCGAGTCCCGGCGCGCTGCCGCCGCGGGCGACTCCGAAATCGGCCAACAGGAAGCTGCCGGAGGCGTAGAGGATGTTCTCCGGCTTGACGTCGCGGTGGATGAGCCCGAAGCCGTGCGCGTAGTCGAGGGCCCCGCCGATCTGCTCGGCCAGCCGTCGCACTTCCGCGAGCGGCAGCCCGCCCCCGGCCTTGAGGCGATCGCGCAGCGTGCCGCCGGTGAGGCGCGGCATCACGAAGTACATCGTTTCGCCTTCGACGCCGGAGTCGAAGACGGGCACGACGTGCGGATGGACGAGGCGCGCGGCGACGGCGATCTCGCGCTCGAAGCGCTCGACCATCGCCTTGCTGGTGAGTTCGGGCCGGATGAGCTTGACCGCGACGGCGCGCTCGTGGCGCCGATCCCAAGCGTCGAAGACGACGGCCATACCGCCCGCGCCGATCTCCTCGCGGATATCGTAGCGCTCGGAGAGTTTGGCGGGGATGCCGGGGCGGGATTCGCTCACATTGCCGACAAGCATACGACTTGTGCGCAGGCGCCACTAGAGGGGCGTGGCTGGCGGCGGCGACGGTTGTGCGGAACCTTTAGGCATGACGCTTCGCCGATTCGCCGCTGGCATGCTGGCCCTCACCGCCTGCGCCAGCGGTCCCCGTCCCGCGTTCGAGCACGCCCTGCCGGGCCCCGCGCTGCCGTGGACGCACGCCACCTTCGACACCACGGGCGGACGTTTCACCTTCGCCATCGTCTCTGACCTGAATGGCGGCGAACGCCGCGATGTGTTCGCGCTGGCGGTGCGCCAGCTCGCGTCGCTGCGCCCCGAACTCGTGATGAGCGTTGGCGACCTGATCGACGGGCCGACCGCGAACGCCGATTCCCTCACGCGGGAGTGGGACGACTTCGACGCCCGCGCCCGCGCGATGCCGGCGCCGTTCTTCCGCGTCGGCGGCAACCACGACCTCACCGGTGACGAATTGAAGGACGTCTGGCGCTCGCGCTACGGGCCCACGTACTACGCCTTCGTGTACAAGCAGGCGCTGTTCCTGGTCCTCGACACCGAGGATCTCGCGCCCGAACGGGCGCGGGAGATCTTCGTCGCGCGCACGAAGGCCGTGCAGGCGGCCGCGGAGAACCAGGGCGGGCAGGACACGCTGTCCTACTACCGCATGCAGGAGCGCGCCACGGGTGACATCGGCGCGGAGCAGGCCGCCTACATGCAACGCGCGATCGCCGAGCAGGCGGGCGTGCGCTGGACGTTCCTCTTCCTGCATAAGCCCGTCTGGGGCAACCCTGCCGACGACGACTTCAAGGCAATCGAACGCGCGCTCGCTGGCCGTCCGTATACGGTCTTCAGCGGCCACTTGCACTCGTTGGCGCTGCGGGAACGCCTCGGCCGCGAGTACTACACGCTCGGCACGACGGGCGGCAGTCAGAACCCGCGTGACCCGATGGCCTTCGATCACCTCACGTTGGTGACGATGACGCAGGATGGACCCGCCATCACCCACTTGCGCCTCGAGGGCATCCTCGGGCGCGACGGCAAACTCCCACCGGTGACTCCGTGACGACCCGACTCCTCCCACTGGCCTCCCTCGCGCTCAGCGTGCTTGCGCAGCCGCTGGCGGCGCAGGCCCCGTTCACGCTCGACCAAGTGATGAGCGCGCCGTATCCCACAGGCCTCACCGCCGCGGCCACCGGGGAGCGTCTCGCCTGGACGCTCAACGAGCGCGGCCTCCGCAACATCTGGGTGGCCGAGGGTCCCGCCTTCGCCGCGC
CP130612.1_gap38	1166889	1168749	1860	TGGAAGGCGGTGCTGCCCGAGTCGCAGAAGGCCGCCGAGGCACTGTACCTGAAGGGCGCGCGATGACGGTCTTGCTGATTGGCGGTACGGGTATCCTCGGGACGGCGATGCGTGCGACGAGTCCGCAGGGTGTGACCGTGACGGCGCCGGGGCATGCGGGGCTCGATGTCACCGACGCGTCAGCCGTCGAGGCTGCGGTCGCCGCATCGCGACCGACGTGGATCCTCAATGCGGCCGCGTACACCGCGGTGGACGCGGCGGAGTCGCATGAGGCGGACGCCATGCGCCTGAACGCGGACGCGCCGGCGCACATCGGCGCGGCGGCGCGGCGGCACGGCGCGCGCGTGCTGCACGTGAGCACGGACTACGTGTTCGGCGGTGTGGGGACGCGGCCGTGGCGGGAGGATGATCCGGTGGCGCCGCTCTCGGTGTACGGACGCACGAAGCTCGAGGGCGAGCGTCGCTTGCAGGCCAGCGGTGCCGAGGCCGTCATCGTCCGGACGGCGTGGCTCTACGGCGAGACGGGCAAGAGCTTCCCGCGCACGATGTGGGAGCGGGCGACCCAAGGGCTGGCCTCACGCGTCGTGGCCGACCAGCACGGGGCCCCGACTAATGCGCGCGATCTGGCGCAGTGGTGCTGGGCGCTGGTGGCGCGTGATGCGCGCGGCGTGGTCCACGCGAGCAATGCCGGGCAGTGCACGTGGGCGGATGTGGCGGAGCGGGTGTACGCGGCCGCGGGGAAGCCGGGCTTGGTGACGCGCGTGACGAGCGAGGAGTATCTGGTGCCGGCGCCGCGTCCGCGGTACTCGGTGCTCGATGGCACGCGGCTCGAGAGTTTGCTCGGCGCGCCGCGGCGCGCCTGGGAGCCGGCGTTGGATGAGTTCCTGGCTGACCTCAAGCGGCGGAGCGCGGCGTGAACGTACGCGTGGAGACAACGGGGATCCCCGACTTGGTGCTCGCGCACCTGCGCGAGTTCCCGGACCCGCGCGGCGCCTTCCGCGAACTGTTCCGTGCGGAGCATTTCGCGGCCGCCGGGCTGCCGACGACGATTGCGCAGATCAATGGCAGCATCTCGTCGCGCGGCGTGGTGCGCGGGCTGCATTTCCAATGGGAGCCGGCGCAGGCCAAGGCGATGCGCGTGGTGCGCGGCCGCGCGTTCATCGTGGCGGTGGATGTGCGGGCGGGCGCGCCGACGTTCGGGCGCGCGTGGTGGCGCGAGTGCAGCGCCGGCGAACCGTTGTGGGTGTGCGCCCCCGCGGGATTCGCGCGTGGCTTCCAGGCGCTGGAAGACGTGACCGAAGTGGAGTACCTCTGCACGGCGCCGTACAACCCGAAGGCCGAGGGGGGCATCCGCTGGGACGATCCGGCGCTGGGCATCCCGTGGCCGATTCCGGCGGCGGAACTCTCCGACAAAGACCGCGCGGCCCCGACGCTGGCCGAATGGCGCGCGGGGCCGCACGGAACGGTGTTCACGGCCTGAGCTGCCGCTCGCATTGCCCCTGGTGGATTCGAACCACCATTCTCGGATCCAAAGACCGATGTCCTGCCATTGGACGAAGGGGCAGCAGGAGCGCGAAAGTTAATCGAGCAGTTTGACCGGCGCGACGCTGGTGAGGCTGCGGGTGTGGACGAGTCGCGTGTCGGCGGGCAGTGCCGGTTCCTGCGCGAGGCGGCGGTCGAACACACCGAACGCGGTGGATCCCGACCCGCTCATGCGTGCGATCCTCGCGCCGGCGGTGCGGAACGCGTCCACGCACTGCCCGATCGCTGCGTGCCGCGCGACGACGACGGCTTCGAGGTCGTTGACGGCGAGCGGCACGAGCCGATCCCAGCGGTCGAGGTCATCCAGCGTGATCGGTG
CP130612.1_gap39	1204898	1207511	2613	ATGCGCATCGCCACGTTCGGCGCGATCGGCAGGATGCTGAACACGCGGCCAATCAGGACGAAGAACGGATTCCCCGGCGGGTGCGGCAGCCCCATCGTGTACGCGGCCGCGATGTACTCGCTCGTGTCCCACATCGCCGTCTCGGGGGCGAGCGTGACGAGATAGAGCAGGAACGTCAGCCCCGCTGCGATGGCGGCGGCGAAGTAGCTGGGGCGGTAGTCGAGGTCGGAGCTCATGGGACGGGCTTGGGGGAAAACGAAAGCTGGGCGCTGGAGCCGTAGGGCGGAAGCCTCGCGGCCGCCGCCCTTGGCCATTGGTCACCGATCTAGTGCCGGAACGTTCGCTGCCCGGTGAACACCATCGCGATGCCGTGCTCATCGGCGGCGGCGATGACCTCATCGTCCCGCACCGATCCCCCAGGCTGCACGATGGCGCGTACCCCGGCCTGCGCCGCTTGGTCCACGCCGTCGCGGAAGGGGAAGAACGCATCGCTGCCGAGGGCGGCGCCGTTGGGATCATGGTTGGCGGCCCGGGCCTTGTGCACGGCGAGGAACGCCGCGTCCACGCGGCTCATCTGACCCGCGCCGATGCCGATGGTCGCGCCGTCGCGCGCGAGCACGATGGCGTTCGACTTCACGCTCGCGACGGCCCGCCAGGCGAACAGCAGGTCCTTGGACTCGGCGCTGGTCGGCGCGCGCTTGGTCACGAGGCGCCAGTTGTGGTCGTCGAGCACCGACGGCGCCCGCTCCTGCACGAGGATGCCGCCGCGCACGCCCTTCACGTCGAGCGCGGTGCCCGTGCTGCGGGCGGCGCCCTCGAGCACGCGCAGGTTCTTCTTGGCCCCGAGGATCTGCAACGCCTCCGCAGAGAACGCCGGAGCGATCAGGCACTCAACGAAGAGCGAGGCAATCGCTTGCGCGGCCGCTTCATCCACCGGAACGCTGAACGCGATGACGCTCCCGAAGGCCGAGACGGGATCGCAGGCCAAGGCCTTCTGGTAGGCCTCGAGCGCCGTCTTGCCCGTCGCGAGCCCGCAGGGCGTGGTGTGCTTGATGATGGCGCAGGCGACTTCCTCGCCGAACGGGTCGATGGCGAGCATGGCGCCTTCGAGGTCGAGCAGGTTGTTGAAGCTCAGCTCCTTGCCGCCGTGCTGCTTGAGGGCCGCGAGGCCGCGGCCTCGCTCCTCCGAATAGAACGCGGCGGCCTGTCCCGGATTCTCGCCATAGCGCAGCGTCTGCACGCGCTCGTAGCCCAAGGCGAGCCGCTCGGGGAAGCGCTCCCCGCGCTGCGAGGCGAACCAGCCACTGATCGCGGCGTCGTAGCTCGCCGTATGCGCGTACACCTTCTCGGCCAGGTCGCGGCGCAGCTCCAGCGCGTCGCCACCGTTCGCGATGGCCGCGAGGACTCGCGTGTAGTCGGCGGGATCCACGACGACCGTCACGCTGGCGAAGTTCTTCGCCGCCGAGCGCAGCATCGATGGGCCGCCGATGTCGATCTGCTCGATCACCTCCTCCGGCGCCAGGCCCGGCTTGGCCGCCGTCTCGCGGAACGGATACAGATTCACGCAGACGAGGTCGATCGGGGCGATCCCATGCTCGGCGATCGCCGCCATGTGCTCCGGCAGGTCGCGGCGCGCGAGCAGTCCGCCGTGCACCACGGGGTGCAGCGTCTTCACGCGCCCATCGAGCATCTCGGGGAAGTGCGTGATCTCGCTGATGTCGCGCACGGGCAGCTGCGCGGCCCGCAGCGCCTTCGCGGTGCCACCGGTGGAGACCAGCGCATAGCCGCCCTCGACGAGGCCACGGGCGAAGTCGACGAGGCCAGTCTTGTCGGAGACGGAAAGCAGGGCAACAGGCATTACGGCAACTCGCGGTCGAAGTCGATATCCGGGACGCCATGCACGCGGCCGTCGGGCCCAAGCGTGAGGGATCCGCTGGTCAAGAGATGGATGCTCCAGGGATACAGCTTGTGCTCGGCGGCGAGCACGCGGGCGCCGAGTGACTCCGGCGTGTCGGTGCTGCGCACGGGCACGGGCCACTGCGCGACGATGGCCCCTTCGTCATAGTGCTCAGAGACGAAGTGCACGGTCGGGCCGCTGACGCGCGCGCCCGCGGCGAGCACCGCCGCGTGCACGCGCGCGCCGTACATGCCGGGGCCGCCGAACGCCGGCAGCAACGCCGGGTGCACGTTGAGCATGCGGCCGTGGAAGCGGCGTACGACGTCGGGCGGGATGAGCTGGAGATAGCCGGCGAGCGCGATGTGCGTGATCGCGTGCTCGCGCAGTAGCCTATCGAGGGTGGCGCCTTCGTCCTTGGGTAGGTGGACCGCCGGGATCGTCCACCCGCGGGCGCGCTCGAGCGCGCCCGCGGCGCGGCGGTCGGACACCACGAGTGCCAGGTCGGCGCTCGCCGCTGCGCCACGTGCGACGAGGTCGTCGCGGATGGCCTGCAGGTTGCTGCCGCTGCCCGAGGCAAGGACGGCGAGGCGGGCGCGTGGGGTCGTCACGGGCGCAACTTAGCTCGCCTCGGCGTCGAGGACGAGCGCGACGGCGTCGTGCAGTGATCGGGCGACGGTCGCCTCGCGCTCCGCACGCGAGATCTCGTCGGACGGCGT
CP130612.1_gap40	1226269	1231206	4937	TCCGATCGTCTCGATCGAGGATGGCCTGGCCGAAGGCGATTGGGAGGGCTGGGGTCGCCTCACCGAGGCGCTCGGCGACCGCGTGCAGCTGGTCGGTGACGACCTGTTCGTCACGAACGTCGAGTTCCTGGCGCGCGGCATCGAGGAGGACGTGGCGAACGCGATTCTCGTCAAGGTCAACCAGATCGGGACGCTGACCGAGACGCTGGAGACCATCGAGATGGCCGACCGCAATGGCTACCGCTCGATCATCTCGCACCGCTCGGGCGAGACGGAGGACACCTTCATCGCCGACCTGGCGGTGGCGACGAATGCCGGTCAGATCAAGACGGGTTCGGCGAGCCGGACGGATCGCGTGGCGAAGTACAACCAGCTGCTGCGCATCGAGCAGGAGCTCGGGCTGCACGCCGAGTATCCCGGCGGCGGGATCTACGGGATCGAGTAAGCGGACGCGACGCGCCCATGGCCGCTCGCAAACGCGCCAGTACCGCAGCCGGTGGTTCGCCCGCGCCGCGCACGCCCGGATGGATCGCCATCCGCGTCGGGCTCGGCGCGTTGGCGCTCGGGGTCATCAGCTTCGCGGTGCAGGGCGGGGAGTACGGCACGCTGGACCTGCTGGACCAGAAGCAGCGCCTCGCCAGCGCGCGGGCCGAGGTGGATTCGTTGCAGCGGCGTGTGGATTCGCTGCGCGCGTACAAGCGACTCGTCGAGACGGACCCGGCGACCCAGGAGCGAATCGCGCGCGAGGAGTTCGGCATGGTGAAGCCGGGCGAGGTGCTCTACCGGTTCGCCGAGCCGCAGTAGCGGTCGGTAGGGCGTTCAGAATGGGACGCACCTTGAAATCCGGCCCGTTGCCGACTACTCTTCCTTCACTACCGCGGGGTGGAGCAGCCTGGTAGCTCGTCGGGCTCATAACCCGAAGGTCGCGGGTTCAAATCCCGCCCCCGCTATGGCAGGATCCGAGGCACCCTCCCTGGAGGGTGCCTCGCTGTTTCTGGCTCTTGGAACGAGGGGTCGGAGGCTGTTATCTTGCAAAGCTTCGGAACATGGCTGGGTAGCTCAGCTGGTTAGAGCACGGCACTCATAATGCCGGGGTCGCGGGTTCGAGTCCCGCCCCAGCTATCACAGAGTCCCCCGGTGGCCGTATCGGCTGCCGGGGGACTCTGCTTCTCGCCGTGAACCCGGATTCCTCTGCGACGTTCACGGCGATGTCAGCGGCGCGTTGCGCTTACCTTTCCGGGGTTGTCCTCCGTACGCCCCGTACTCCTGTCCGTGACCGACCCGAGCAACCACGCCACTGCCCGCCGCTTCTGGCGAGACCCCGTCGGCGTCCTCCTGGGACGCCTCGGCCTCGCCGTCGCCGTGTACACCGCGATCCGCCTCACGTTCTTCCTCGACCACCGCGGCGTCTTCGCGCAGGCGTCGGCGGGGGATGTCGCCGGGGCCTTCCTGCACGGCCTGCGCTTCGATCTCTCGGCGATTGCGTACACGAACATCCCGTTCATCCTGCTGTCGCTGGCGCCCGCCGCGTGGCTCGCGCGGCGCTGGTACCAGTGGATGCTGCGCGGCTTGTTCGTGGTGGCGAACGGTGCGGCGACGATCGTCATGGTGGGCGACGTGGGCTACTATCCGTTCACCGGCACGCGCGTCACGATGGATGTCTTCGCACTGACCGGGGAAGCGACGGCGCAGGCGGACCAGTTGTTCGTGAACTTCGCAGGACTCACGCTGATCGGCGTGGGATTGCTCGCGGCCCTGCTGGTGTTCTATCCGCGCCCGGCGGTTGAGGCACCGGCACCCGTGCCGCGCTGGCGACGCATCGCCACGTCGTTCGCGGTGATCTTCGCTACGGTGGTTGCCGCGCGCGGTGGATTCCAGAAGAAGCCGCTGAACCCGATTCATGCCTTCGAAGGCGGCAGCCACGAGATCGGCGTGCTCACGCTCAACTCGGCGTTCACGCTGCTGCAATCTCCCCGCGACCGCGCGCTCGAGCCCGTGGCGTACTTCGAGAGCGCCGCAGCGGTGGACTCGCTGCTCCCGCTGGCCTACGGCCTGACCGACGCCGCTGCAGCGCCGCGGAAGCAGAACATCGTGCTGCTGATCCTCGAGAGCTACGCCACGGAGTTCTGGGGCGGCAGCGACCGCGAGCATCCGGAGCTGACGCCGTTCCTCGACTCCCTCAAGCAGCACGGGACGTTCTACACCGAGAGCTTCGCCAACGGGCGGCGCTCGATGGACGCGTTGCCAAGCATCTTGTTGGGGATGCCGCTGTACCGCGGGCAGAGCATCGCGGTGAGTCGCTACCAGAGCAATCAGTGGGTCGGGCTCGGCCATTTCCTCGGGGAGGCGGGCTACCACACGGCCTTCTTCCACGGGGCGGTGAAGGGCACGATGTACTTCGACGCGATCGCCGCGCTGTCGGGCATCGAGGATTTCTATCCGCTCGAGCGTTTCCCCGAGGAGGTGCAGCAGGAGGCCTTCGACGGCCACTGGGGGCTCTTCGACGAGGAAGCGCTGCAGTTCGCGGTCCGGCACGTGGGCACGTTCCGTGAGCCCTGGTTCGCGACGATGTTCACGATCAGCACGCACCACCCGTACCGCCTGCCGCCCAAGTACGCGGACTCGCTGCCGAAGGGGTCGCGGGAGATCCACGCCAGCGTGGCGTACACCGACTTGGCGGTGCGCCGCTTCTTCGAGGTGGCGCGCACGCAGCCGTGGTTCGAGAACACGCTGTTCGTGATCACGGGCGACCACACGCCGCCGTCACGCTCGGCGCGCTACGACACGCCGCTCGGCCGCTACATGGTGCCCACGCTGCTGTACCATCCGGGCGGCACGCTGCCGCCGCTGGACACGGCGCGCGTGGTGCAGCACGTCGATCTCTTCCCGACCATCCTCGACTACGCCGGCGTGCATCCGGAGCGCGTGCCGCGCTTCGGCCACTCGCTGTTCGCGGCGCAGGAGGGCGAGGCGGTGCTGACGACGGACGAGGTGTACTGGCTCGTGAGGCGCGACGGCGTGCTCGAGCGGCGGCCGGATGGAAGTGAGCGGATGCTGGCCTACCGGCGCGAGCGCACGGGCGAGGAGGGCGCCGGCGTTGCGAGCGATCGCCAGGCCGAGGCGTCGCGGCGGCTGCTGGCGTACGTGCAGCACTACACGATGTCGTTGATCAACAACTCGTTCTACCGCGACGGCGTGCGTCGCACCGCGACCGATGACTGACGGCGGCGCATCGATGCGCCGCTGGTTCTGGGGCCTGACGCTCGCCGTGCTGGTCACGCGGGTCGCGGCGATCCTCGTGCTGCGCACGTACCTCGGGGATGCGGGCACATACGAGCACGATGAGATCGCGCGCGGGCTCGTCGAGGGCCGCGGGTTCACGTTCCGGTTCTTCGCGGACGTTCCGCACCCCTCCGGCCACCAGGCGCCGGCGCTGCCGTTCCTGCTGGCGCTCGGATACTGGACGTTCGGCGCGGGGGCACCCGCGGGCATCGCGATGGCGCAGGTGGTGCTGGCGCTCCTCGTCACCGCGGGCGCGATGGCGCTGGGCCGGATCGCGTGGCAGTGGTGGGGGCTGCGCGGCATGCAGCTGGCGATGGGTGCCTTCCTGCTGTACCCGGCGTTCGCGTACATGCCGACGCGCGTGCAGACGGTGAACTGGACCGTCGCATTCCTGTTGCTGTTGCTGGCTGGATTCGTGGCGATGTCGGAGCGGCGTGGCGGTGCGGGGGTGGCGCTGGGCACCGGTGTCGCCGCCGGACTTGGCGCGCTCGGCGAGCCGACGCTGGCGGCACCGTTCGGGCTGTGCTGGCTCGCGCTGGTGTGGATGCGCCGCGATCGCCTGCCCCTGGCGGTGATGGTTGCCGTGGGCTTCTGGGTGGTGGTCCTGCCGTGGTCGCTGCGGAACCAGCGCGTGCTCGGGCAGTTCGGACCGAAGAGTTCGTTCGCGTATGTCGCGTGGCAGGGCAATCACATCGGCGCCTCCGGTACGGACAAGCGACCGGTGGCGGATTCGACGGCGCGAGCGCTTGCGTGGCGCATCGGGGGCCCCGACCTGGAGGCGCAGCTCGCCGCCGCGCGCGCGCAAGCGGTGACGGTGGATGCCGACATGACCGCGGCGGACAGCGCGGCCGTGCGCGCACTCCCCGATGAGCGGGCGCGGATGCAGTGGTTCAGCCAGCGCCTGCGCGCAGACCTCGCGGCGGATCCGATGGCGTACCTCCGGGTCTCGGCGACGCGGGCGCGGATGCTGCTGTGGTTTGACGAGACGAATCCGCGGGCCTTCGTGGCCGCGTACCGCGTGCCCTACGTGCTGCTGCTCGCCATTGCCCTGGGCGGGCTGTTGCGGTGGCGCCGGTCATGGCGTCCGGGGTATGTGATGTGGTGGGCCGCCGTCGCCGGACTCTCGGCGGTGTACGTGCTCGTGATCATGTCGGCGCGCTTCCGCCTGCCGCTCGAAGCCCTGTTCGTCCTTCCGGCCGCCGGGTTCCTCCTCCAGCTTACAGCATGGCGATCCTCCGCAACCCGCTCCACGACGAACAAGCCAACCTAGCCACCATCTCGCTGGTGGTGCTGGCGGCCGTCGCGATCGTGGCGGCGCTCGCCTTCACGCGGCCGGTGCTGGTGCCGTTGGTCGTGGCGCTGATCGTCTACTATCTCGTCTCGCCGGTCGCCGACTTCCTCGAACTCAAGCTGCGCTTCACGCGCTGGCTCTCGACGCTGGTGGTGATGCTGCTCGTCGGGGCGGTGCTCTCGCTGCTCGGGCTGCTGTTCCTGACCTCGGCGCGCGGATTGCTGGGCTCGGCGGACGTGTACCAGGTGAAGCTGCTCGATGTGGTGACGACGGTGACCGAGTGGCTCGATGCGCGTGGCCTCACGCTGAGCCGCGACGCGATCGTGACGGCGGTCAGCGAGCTGCCGACGCAACGGGCGATGCA
CP130612.1_gap41	1242599	1243161	562	GATCTCGACCTCGGAATGGACCGGCGTCCCGCTGTCCACGTTGTTCCGCGAGGTGGGGGCGAAGCCCGAGGCGACATGGTTCCTCGCCGAAGGCGGCGACGCCTGCCTGATGACGCGCTCGGTGCCGATGGCGAAGGCCTGGGACGACGCGCTCGTCGTGTGGGCGCAGAACGGCGAGCCGCTGCGGCCGGCGCAGGGCTATCCGCTGCGCCTGGTGCTGCCCGGCTGGGAAGGCAACATCAACGTGAAGTGGCTGCGCCGCCTCGAGCTCGGCACGCGCCCGTGGCGCACGCGCTGGGAAACGGCCAAGTACACGGATCCGATGCCCGGCGGCAAGGCACGCGAGTTCACGTTCGAGAACGATGTGAAGTCGATCATCACGACGCCGTCTCATCCGGCGCGGATCGCGGCGCGCGGGTGGCACTCAGTGCAGGGCCTGGCGTGGAGCGGCCGCGGCCGCGTGACACGCGTCGAGGTGAGTGCGGACGGCGGGCGCAGCTGGCAGGATGCTGAGCTCATGGGACTCTCGCTGCCGAAGGCGGCCGTGCGCTTCCAGTGGATG
CP130612.1_gap42	1270124	1272480	2356	GTTCCTCGCGGCGATCCGCGCACACATCGCGGCCTAGCGTCGCTTCGCGACGCGCGGGCATCAGGTCGGCTTGTACACGGCCATGCCCGCTGCCGCCATCGCCAGCAGCGGCAGCATGAGCAGCAGCGGACGCGTCGCCGCGCGCATGCGATAGGGAAGTGCGGCGGCGACCGCGAACACCGTCCACAGCCCAAGCTTCACCCACAGCCACAGCGGGAACCCGCTGCCATGCGCAAAGCCGATGCGCGCCAGCAGCCCGAAACCGCCGAGCAGGATGAGGAACACGCCGAAGCCGTGCATGCCGATCAACAGCTTGCGGGCGGCGTTCTCCGCCTTCATGCCGCCGTTGAGCGCGTGCACGGTCATGCCGCCCAGCGCCGTGAGGGTGAGGGCGATGCCAAGCACATGCACGAGCTTGTAGAACGCGTACGGCAGCATCGCCCTGGCTCCTGGGGATTAGAAGAAGAACGCGAAGCGCCCGCCGCTCGACCCGAGCGAGCTGAAGCGCTGGTTCACGATGGTGTTGTAGATAGACCCAAAGGTATAGCGCACGCCGATGTTCGCGCGGATGCGGAAGCCCGTCTGCAGCGCTTGGCGCTGGAGGAGGATCTCCTCCTCGGTGTTGCCGGCCGCCGGAAGGTAGATCTGGTCGCGCACGCGGGCGGCTTCGCCGTTGACGTTCAGCGAGAAGCCGCGGCCGAGGCGCAGGTCGGCGTTCGTCGTGAAGGTCAGCGCGTGGCGGTTGAAGTCGTGCAGGTAGTTCAGCCAGTCCAGCGACATGTTCAGCGTGCCCCACTGCTGCCGCGAGACCACCGAGGCCGTCAGTTGCTGCGAGTAGCGCAGCTCGGAGGTTTCGTCGAAGACCGTCTCGCGCTGATAGTCGTAGTAGTTGGGGCCCACGTTGTAGAGGAGGGTCAGCTGGCGACGCGTCTGCTCCGTCCACGGGAAGTAGTTGTACTCGATGGCGGGCTGGAGGCGGATCGCCGCGTCCTGGTTGAGGAAGTCCGAATAGCCGGCGCCGACCTTCATGCCGGCCGACCAGTGGCTGGACAGCGACTTCACGATCAGCGAGTTCAGGTTGTACGTGCGCTGCTCGTTGGTGACCGTGAACGCGGGACGCGTGGTGGTGGCGGGAATCTTGAACTTCTGCTCGTTAATGTTGCCGCTCACCGAGAAGTTGAGCTTCCAGTCGGCGGTGCTGCGATTGGCGGAGAGCGAGAGGGATCCGATGACGCGCTGCTGCCGGTCTTCCGCGTTGACGTTTCCGTTGAAGTTCGTGCTGTACGTCCAGAGGTTCCACGGATCGCGCAGGCTGGCGGCACTCGGGCTTTGGCCCCGCTGGCCGTTGGCCGGCGCGGCGTAGGCCACCTGCACCCGCGCGGCGATGGGCGACCGCGCCACATAGCGCGTGAGGCCGAGCTTGAGCACCCGCGCCAGTTCGCGGCGCATGCGGTCGTCCGCGTCGTTCGGCAGCGTGTTCAGCGTGAGCGTGTCGCTCATGCCCTGGAAGCGGTTGCGGCCGATGAACGTGATGGTGTATTCGATGCCGCCGCCGCCGTTCGTGAGCGCCTGCGCGAGCACCAGCACATCGGCGTCGAAGCGGTCGCGCATCCAGTTCACGAAGTTGATCTCTTCGGTGAGGAAGGCGCGGTCGCAGCCGCGGGCGCGTCCTTGACAGTCCAAGAAGACGCGGATGGCCTGGGACTGCAGGGTGGACGAGTCCGGTCCGGCAGCAGGACGCCGGCCGGCGCCGGGCGGCGGGCCCATCGGGCGGGTCGGGGCTTGGGCGGCGAGACTGACGGGCAACACGACGGCCGCGGCCAGGCGGGCGCGGCGAAGGGTGGCGAGCATCGGTGGCGAAGGCTGTGGAGGACTGCGAAGGTGGGACCCACAGCCGCTCTCAACGCCGGAGCCCGTCCGGCGGTGCCCAGCCCGTTGGCCTACCGCAGGTCGATCGCGTGCGAGGTGATGTCGCCGTCCTCGGACTCGATGCGCAACCGGTACCGGGCCGGGCCCGCGAAGTTCAGCCGGAAGAAGCCTTCTCGCTCCGCGCCCGCCGCGAAGTCCGTGAACGCCAACGCCTCGGGACAGAGGACTTCCGTGAGCTGCATCCATTCCTCGCCGCCCCAGAGGTCCACGTACACGACAAGGCTCTCGCCGCAGTGCTGCAGCGCGACGGCACGGCGGCCGGTATTGCGCACCACGAAGGCGACGTCGGTCGGGCCCGGTTCAACGAAGGTGACCGTGCTGGGGACCTCGATGCGGATGCTGCGCAGCGGATCGAGGGGGTCGTCGGCGCAGCCGGCGAGGAGCAGGGCGCTGAGGAGGACGGAGACGAGTGTGCGGGGCATCATGG
CP130612.1_gap43	1279621	1283827	4206	GCGCATGCGAACGGCGACCGCGAGGCATCGGACGCGGCGGTGCGCGAGGCGGACGCGCATGTAGGGCGCATCTGGGCCGCGGTGCAGCGGCGGCAGGCGCTCGGCGAACAGTGGATGATCGTCGTGACGACCGACCACGGCCGCGACGCCGCGACGGGCAAGGGGCATGGGGGGCAGAGCGAGCGCGAGCGCCGAACGTGGATCGTGACGAATCAGCCGGAGCTGACGGAGCGGTTCACGAGCGGAGCGGCGGCGGTGGTGGACATTGCGCCGTCGATCCTGCAGTTCATGGGTGTCGCGGTGCCGGCGGATGTGGCGGCGCGGATGGATGGGGTGTCGTTCCTTGCTTCGCTGCTCAGGACACCGGAAGAGTAATCTCGACCGCCACGGTATCCGGCACGCTGTTGGGCGGCGCCACGCGAGCGCGCACGAACACGCTGTCCCCCACACTCGGCTCACCCGGCGCGAGCGGGACCTGATTCGCGCGGATCCACAGCGACACGCTATCGCTCTCGCCCCGGCTGTACCGGGTGAGACGCAGCGCAAAGCGGCCGTCGGCGCCCGTGCGGTCGTAGGGCGTGTTGAACTGCGAACCGTCAAGGCTTGGCCGCGGACCGACGCTCACGTTGACCAGCGGCGCTCCATCGCTCCCGAGCACGCGCCCGATGATGACCGTGCAGCCGAAGTTGCCGAACCCGGACGTCGCCTGCACGCAGCGCGTGGTGTCCACGGGCTCCGTGGGTGCGCAGGCCAGCAACATGGTGAAGGCGGTCCAACGCAGCAGTCGCATGTGGACTCCGGTGCGAGTGGTCCTCGAATGCTATAAGTTGGCGTCGGGCGTACGCAACCGCTTCCCGGAGCGCGCAGTGACGACGACCATCCTCGTGCACGGCTGGAGCGACACCGGCCGCTCGTTCAAGGCCATGAAGGCCTTCCTGTCGAAGCGCGGCATCGCGGACGTCGAGGACATTTATTTCGGCGAGTACGAGTCTCGCGAAGACGCGCTCACCTTCGACGACATCGTGGACGGCTTTCACGAGCGCATGATGGAGCGCGGGTTCATCGGTGCCGATGGCCGGGCCAAGCAGTCCGTCAACGTCGTCGTGCACTCCACGGGCGGCCTGGTGCTGCGGCACTGGATCTGGCGCTACTATCTCCGCGACGCGCGCATCGGCGACTGCCCCGTGAAGCGGCTCGTCATGCTGGCCCCCGCCAACTTCGGCTCGCCCTTGGCGCATCGCGGCAAGTCGTTCTTCGGTGCGCTCGCCAAGGGCCGCAAGGAACTCGGCAACTTCCTCGAGACCGGTCGCACGCTGCTCGACGGGCTCGAACTCGCGAGTCCATATCAGTGGCGGCTCGCCGAGCGCGACACGCTGGGGCAGGGCAGCCACTTCACGCCGACGGGCATCCAGCTGACGATCCTCACGGGCGTCGAGCCCTACGGCGACCTTCGGCGCATGGTCTCCAAGCCGGGTACCGACGGGACCATCGTGATCGCCGGCGCGCCGCTGAATTCCATCTTGCTCCGCGTCACGCCCACACGATACGCGGGCGATGACCCCTCGACGCCGCCGTACCGATGGAGCGGCCACACGTCGACGCACGACTTCGCGTTCGGGGTGCTCCCCGGACTGGACCACGGGTCGATCGTCTCGTCGTTCGATGCGACGGGCAAGCAGACGTCACTGGTCAGCGGACTCGTGCTCAAGGCCTTGCAGACCAAGTCCGCGCGGGAGTTCGCGGCGCTCAAGGCCGAGGTCGCCCAGGTCACGGCGGACACGTATCGCGCGACGGGGTACCCGCAGTACCAGCAGTTCCTCGTGCGCGTGCGGGACGATCACGACGTGCCGGTGCGCGACTTCACGCTTGCCTTCGGCCTCGCGAAGGTCTCGCGGCTGCAGGGAGCCGGCTGGCGCAGCGGGTCGGGGGAGACGGCGAAGGAGCGCACGTACGGCGCGCGCGTACAGGAGGAGATGGTACGCGAAGCGCACGCCAACCGCAGCGATGCGGCGTATCGACGCTTCCTCGTCAATCCTGCCGCGGTGCAGCGGCTGATCGCCGACGCGTCGACGGACATCGGCGAGGATGTGGCGCTGACCATGCGGGTCTACGTGCCGCCGGTGGATGGAGGCATCCGCTACGCGAACGAGCAGTTGCAGGCGGTGGCGCTGGCGTACTCCAATCCGAAGGCCACGGCCGGGGCGCCGACGCTGTTGTATCCGAACACGACGACCCTGGTCGATATCGGGGTGGACCGGAAGACCGACTACGTGTGGATCGAGCGGACGGTGCGGACGCGCTGACGTCCTACTCGGCGCGCAGCGTCAAGCCGGGGTCGACCTCCGCCGCGCGGCGAGATGGAATCCAAGTCGCCAGCGCCGCGACGGTCAGCAGCAGTGCCGCGACCACAGCGCCGACCGCCAGCGGCAGCGTCGCCGACATGCGCATCTCGCCCTGCGCGATCAGCACCTGCAGCGCGGCCAGCGTGATGGGAAGCCCGATCGCCAACGCGATCATCGCCGACTTCATGCCAGACGCGAGGAACATGCGCGCGACCTGCAGGGGCTCGGCGCCTACCGCGATCCGCACCCCGATCTCGCGGGTGCGCTGCCGCACCGACAGCGCGATCACGCCGTAGAGCCCGAGTGATGCGAGCAGCAGCGCAAGCACGGCGCCGAGGGCTGCTCCGAGCGAGAGCCGCTGCGTGAACTGGCGCTCGTCTGCATCGCGCTGCTCAAGGGTCCGGATGGCAGAGATCGGCAACTGCGGCGCTTCAGCCATCACGAAGCGCTGAAGCGCCGGGAGGTACGCCTCCGCCGGCCCGCGCGTGCGGACCAGCACTTGGTTCGTGGACCACGCCATGCCGTGCGCCGTGTAGATCCGGAACGGTCCTTTCCCCGCCACCTGGCTGCCCGCCGGCGGCATGTCCGGCACGGTCACGCGGGAATCGTACACCCCGACGACGGTCATCAAGAGCTGCTCTTCACTCGCGCCGCTGGCCGGTGGCAGCGCAGTGCGCTGCCCGATCGGATTGGCGTCGCCGTACAGCGCCTGTGCGAGATCGACGCCGATCACGACGGGAAGGTCGGTCGAGTTGCTGTCGGCCAGCAAGACGTCACGCCCGAGCACGATCGGCACATCGAGCAGGTCGAACCACCCCGGTGCGGCGCCCGTGAGATGCATGTTCCCGCGGACCTCGAACTCCTGTGCGGCCGGCACGACCGCGCGGACCTCCGGACGCGCGGCGATCCGCGGGATGAGCTGCGTCACCTGGAGGGGACCGAGTTCGACCAGCGCTGGATCGCCGCTAGGGTTGAACGTCGCCTCGATGACCTCGCGGCTCGTCTCGACGGCCATCGGGCGATGGTTGGCGCGCACGGTGTGCAGCATGACGAGCAGGCCCACCAGCAGCGGCTGCGAGAGCGCGATTTGTGCGACGACCAGGGCCCGCTGGAGTCGCGAGCGTCGCGTGGCGCCGTGCCCAGAGTCGCGGAGCGCACCCGCCAGCCCGCGCGTCGCGTGCAGCGCGGGCGAGAGGCCGAATAGGATGCCCGTCGCCATCGCGAGCACAAAGACGAACGCGAAGGTCTGCAGGTCGGGGGAGAGGTCTGCCCCGATCACCACGCGCGCGCTGACGAACGAGAGGAGCCAGAACGCCCCGATTGCGCCGGCCGCCGCGCCCACCAGCGAGGCGATCGTCGACTCGGTGGCGAGTTGTCGGATGATGCGCTGGCGCGTGGCGCCAAGGGCGAGGCGCACGGCAATCTCTTGGCGTCGCGAGACCGCAGCCGCGACCATGAGCGCGCTGACGTTCATCCAGCCGACCAGCAGGATGAGCAGGCCAAGGGCCGCGAGCAGCGAGATGACGAGCAGCAGCTCCTCGCCTTCGTCCCATGGTGGCACGGCGCCGAGGTGTCGCACGTCCGCCCTCCGCGCCATGCCGACCCGGTCCGCCGAGTCGGGGAGCGTGATCGTCGCGACCTGCTCGGCCACGGCAGCGGCCTGCGCGAAGCTCGCGCCCGGTGCGAGTCGCGCCAGCACGCGCAGGGCAGGGTCGTCGTCGAACCAGCGGGCCGGCGCCGCGGTGAGGGTGCTGCGCGCGCTGAGCGGGATGAAGAGCATCGGCTCCACGTCGTCGCGCATCGCACCGCGAAAGCGGCGCGGCGCGATGCCGACGATCTCCACGGGCACCTTATTGACGAGCAG
CP130612.1_gap44	1284929	1286287	1358	GAAACAGCTCGGCGCGGATTCGCCGTCGGCCGGCGGTATGCAGGTGCGGCGCGTGCTGTGGCCGTAGAGGGCGTATAGGGGCGCTTCGACTTGGATGCGGAGACGCCCCCCAGCCTGGTCGAAGAACGAGACGCCACTGAACAGCGATGAGGCCGGCGTCAGCACTTCGAACCTCCAGTTCGGCACGGCAAGGCGGTGCGGCAGCTCTTCGAGGACGATATGGCTGAAGGCGTCGGCCAGTTCCGCCGCGGTGCTGGCCGAGGCGATGGGGCAGCGAAAGAAGACAGTCACCCGCGTATTCGCAGTTTGCACGTTCAGCGCCACGAATCCTGACGGTGGATTGGCCGAACAGGGCTGTGACCAGCTCGTGCGCCGCGGCGCTTGGGTCCCCGACGTCACCACGCTCCAGGAGAGCGGGTTGGCAGCTGTCCAGTCCTCGACGGCGGCCAGCGCCATGCGATACTCGTCGTCCGGAGAGACGGGGTCGCTGCAGCTGGCGATGAGCAACGCCATCGAGCAAGCGATGAGGCGCCGAGCAAGAACGGTGACTGTCCGGCTGGATCGCATGCGCAACAATACCTTCGCGGTATGCGCCGTCGTCACGTGAGAACGACCCAGCACCAAGAGTCCGCAATCAGCTAGAGCTCGTGGCCACGCTTCGCGAGTCGGTACTTGAAGCCACCGTACATGCCCGGGACCGGGAACCATAAGGCGCCATCTGCTGTGGACGTCCCACCACTGCACCCACACCGTGTTGATCGGCAGCGATCGTCGTTCGCCTGGCGCCTGCCGCGGTCGAGGTTACTCGGAGGACTCGCGGACGGTGATGAGCTTGAACATGCCGAGATGCATGTGCGCGGGCGCCGCCTCGGCGTCACGGAAGTTGCACACGAGCAGATACCGCTCGCCGGCCTGCAAGTTGATGAGGAGCTGGCCGGGCGTAGTGACGCCGGGTTCGGCCGTGAGGATTCCGCTGGGCTGGTCGCGGAGCGCACTCCAGGAACTGTCAGCGCGATCGAGGCGGAGGATTTCCTGAATATCGGCATTCGGCCGCAGGCGCACGACGATGACTTCGTGCGCGACCTTGCCACCGTTCGCGAGGCCGAAGGCGGTGGCTCCAGCCGGGAGACTGTCGGGCGCAGTGAAGGCATACTCGTTAGCCTGCACGACGACGGGGTTTGGGGCCTTTGCCGTCGTGCACGCGGACACCGTGAGCGTCGTAACGGCGACAAGGAGGGAGAGCACGCGTCTGGGTGTCATCGTAGGAGGAAGCGGCGATTTGTGTTGCTCAGGTGAATGTGTGCTTCTGCTGCAGCCTTCCCAGGTAAGAAGGGTTGGGCGGTGCGTTCGCAACCAAC
CP130612.1_gap45	1364881	1368511	3630	CCGCGCAGCACCAGTTGCCAGGTCGCGCCGCCGTCACGCGAGCGGTAGATGCCGCGGTCCGTCGAGCCTTGCCAGCGGTCACCCTGCGCCGCGACGTACACCACGTTCGGATCCTGCGGATGCACGCGCACGGCGGAGATCTGCCGCGTCGCCTCAAGGCCGATGTGCGTCCACGTTCGGCCGAAGTCCGTGCTCTTGTAGACGCCGTCACCGTAGGTCGAGGACTGCCCGCGGATCGCGTGCTCGCCGGAGCCCACGTAGATCACGTTATGGTCCGAGGCGGCGACGGCGATGGCGCCGATCGTGCCGGTGCGGAAGAAACCGTCGGAGATGTTGCGCCAGTTGATGCCGGCGTCGTCCGTGCGCCAGAGCCCGCCGCCCGTGTAGCCTGCGAAGTACGTCAGCGGCATGCCCGGGACGCCGCTCACGGCCACCGACCGGCCGCCGCGCGAGGGGCCGATGTTGCGCCACGCCATCGCCGCATAGTCGGCGAGCGAGGAGTCCGCCGCAGGAGCCGCGGGAGCGGTGGTCGCCGCGCGACCGCGGCCTTGGGCGTCTACAGATGCCGACGAGAGGGCAACGACGAGGAGGGCCGCGAGGCCCGAGACAGGCAACGTGCGCATGCAAGGTGGGGGCGAATGGTGTGCCTTGAGATTCGCCCCGCACCCGCCGAACCGCAATCGCCGAACGGAATCCTTAGTCGCGCCGCAACCGCACGCCGCCCGAGCCCGTCGAGACGCGGATCGTGCCGTCCGCGCCCGTCCCGATGCGGCCGCGCAGTTCGTTGCGGCGCACCTGGTCCATCGTGACCGGGAAATCCGTCGAGATGCCGCCCGAACCCGTGCGGATATCCAGCTCCACGTTCGGCTCGCGGGGCAGGCCCAGCGTCACGCCGCCGGAGCCTGTGCGGGCCGTGAGGTCGCGCGGCGCCGCGGTGAAGCGCAGTTCCACGGAGCCCGAACCCGTCGAGGCGCGCACGTCGCGGCTCGTCAGCGATTCCAACCGGATGCTGCCCGAGCCCGTGCTCAGGTCGAGTCGGTCCCCGCGCACATCGCGGCCTTCAATCGACCCCGACCCCGTGCTCGCCCGCAGCTCGGCGCTGCGCACGCCGCGCAGCTCCACTGAGCCGGAGCCGGTTGACGCCTGGACGCGCTCACCCTCCACATCCTCCAGCTCCACGCGGCCCGAGCCCGTGCGCGCCGCGAGGCGGCCCTTGCTGCCGCGTGCGCGAATCGGCGAGGCCATCGTCCGCAGCTCGAGCTCACCGTTCACGTTGCCGACTTCGATCGCGCCGACGCCCAGCGTGATGGCGATGCGCTGGCCCTGGGGGACGCTGATGCGCAGGTCGGCATGGGCTTCCGTGCCACTGCCGCGGCTGCTGATCCGCACGCGCCGGCCGCTGCGGTCATCGTCCCAGCCGCCGCTGAACGTACCGTCGTCGCTGACCTGCAACGTGGTGTTGTAGCTGTGCGAGTCCTCGCGACCCGTGTACACGATGTCGCGCGAGGGATACTTCACCACCAATCGCCCGTTGGCGGCCTCGACCGTCAGGCGGGCGCCGTCACTGCCGCCACGCGTGAGTTCGACCACCACGTCGCGCCCCGTGCCCGCCACCACTTCGGCGCGGCCGGCGAGGTTCCAGATGGCGACGCGCTCGCCGCTGAGCACATGCCGCTCGGGCGACTGGGCACTCGCGACGGTGGCGAGCAAGAGCAGGGGAACGATGGCGTGGAGTCGGGGCATCGGGGTCTCGCCGGAATGAGCGGAATGGGGGCAATCTACGGTCAGGAACTCAGACAGGCGCTCGGCCCGTTCGGTTTGAAGCGATGTCCGCCGGCGCCGTGCCGCGGGGCGCTCCCTCCTAGATTGCTCCCCATGCTCGCCGCGTTGGCTCTCCTGCAGGCTACGCTCGCCCTGACCCTGCTGCGCCGCTTGAGCGGCGGGCGCTCGCGGCGGCCGCCCGAGGAGCCGATGCCGCAACCCGGGGGGCCTGGCGGAGGGCAGGGCCTGACGATTGTCGTCGCGGCCCTCAACGAAGCGCACCGCATCGGCCCCTGCCTGCGCGGGCTGCGCGCCCAAGGCGCCCCCGTGCGGGAGATCTTGATCGTCGACTCAGGCTCCACGGATGGCACGCGCGAGCTGGTGCAGGCCGCGGCCGCCGAGGATCCGCGCATCAGGTTGCTGACCGACCCGCCGTTACCCTCGGGCTGGATCGGCAAGGCCTGGGCGCTGCAACACGGCACGGAGCAGGCCTCAGAGCCCTGGGTGCTCGGCATGGACGCCGACACCGAAGCCGAGCCCGGCTGCGCGGCCGCCGTGCTCGCCGCGGCGCAGCGCGAAGGGTTCGACGTCGTGAGCTTCGCGCCGCGCTTCGATGGCCAGACGGCCGCCGAGCGCTGGCTGCAGCCGGCGTTGCTCGTGACGTTGGTGTACCGCAGTGGCGCCGTGGGCGACCCGCGCGTGAAGCCCGAGCGTGTGATTGCGAACGGGCAGTGCTTTCTCGCGAAGCGCGAGACCATCCTGGCACAGGGCGGCTACGCGCCGGTGAAGGACTCCTTCGCCGAGGATGTGAGTCTCGTGCGGCACCTGGCGAAGCGCGGCGTGCCGGTGGGCTTCCTCGATGGGTCGCGGCTCTATCGCGTGCGCTCGTACGCCAGTGTGGCGCAGATGTGGCGCGAGTGGGGGCGCTCGCTGGATCTCAAGGACGCGACATCCAAGCTGCAACAGGCCCTCGACACGCTGTTCGTGGTGCTCGCGCAGGGGCTGTGGCTGCCGGCGGCCGTCGCGCTGTGGTGGGCGTGGCCCTCGCTCGAGCCGTCGCTGTGGCGCGCGCTGCTCGCCGTGAGCACGGGCGTACTCGTGGGCGTGCGCTGGCTGTTGATGCTCGGCATCGCGCCGAGCTACGCGCGACGGGGCATCACGTGGTGGCTGTCGCCGCTCGCGGATCCGTTGGCCGCGCTGCGGCTTGTGATCAGCACGCTGCGCAGGCCCAAGCGCTGGCGCACGCGCAGCTACAGCTCCGCGCCGGCGACCTGAACCACTGTTCACCACGAAGGCACGAAGGGCTCCGCGATAGACTTTCGGGCCCGCGACTCCGAGAAGCACTGCATTCTTGGCGTTGCGGGCCCGATCGATTGTCGCGGCTCCCTTCGTGCCTTCGTGGTGACCGCCGTTAGACCTGCTTCACTTCGGCAACCAGCTTAACCAGCGTATCCTTGGCATTGCCGAACAGCATCTGCGTCTTCTCGCCATAGAACAGCTCATTCTCGATGCCGGCGAAGCCCGCGCTCATGCCGCGCTTCATGACGATGCAGCGCTTGGCGTAGTCGGCATTGAGGATCGGCATGCCATAGATGGGCGAGGAGGTATCGGTACGCGCCGCCGGGTTCACGACGTCGTTCGCGCCGATCACCAGGCACACGTCCGTGCGCTCGAACTCGCCGTTGATCTCGTCCATGTCCACGAGCTTGTCGTAAGGCACGTTCGATTCCGCGAGCAGCACGTTCATGTGGCCCGGCATGCGCCCGGCCACCGGGTGGATGGCGAACTTCACCGTGCCGCCGCGCTTCTCGATCAGTTCCATGAGCTCGCGCACCTGGTGCTGCGCCTGCGCCACCGCGAGGCCGTAGC
CP130612.1_gap46	1398404	1399976	1572	GGCGTCGGCGACGAAGCCACGCGCGCCATGCGGCACTTCGGGCTCGGCGCGTGGACGCGCATCGCGCTCGAGACCGAGGCCGCGACGGTCGTGATGGCGCCGACCGGCGATGGCGTCACGCTGGTCGCCGCGCCGCGTGAGGTGCCGCTGGGATTGGTGCGCCGCACACTCGACCAGTGCGCGGCATTGGCGCGGCAGTGGCTGGGGCTCGGCGCATGAGCGCCTTCGCAGCGGCCCTCGCGGCGGTCACGCGCCATCGCGGCGTGATGGCCTGTCTCGTCGTCGCCGAAGAGGACGGGATCGTGATCGACGGCACCGCGCAGGTGGGCGTGGACACGGCGGCCTTCGCGGCGCTGACGGCCTCGCTGTACCGCAAGGCGGCGCGGGCCGCGTCGAGCGCGGGGTTCGGCGCGACCGGGTTCTGCGAGCTGGAAGCGGAGCGCGGGCGCGTGCTGGCGGCCGGCCGCGACGGCATCGTGCTGGTCGCGGTGGCCGAGTCGCGGGCGAACCTCGGCTTGCTGCGCGTCGAGATGCTCAAGGCCGCGGGGGCGCTGTGATCCGCCATTCCGTGACCATCGGTTGGGCCGACGCGCCGCTCAAGCGCTTCGTGGACGATGCGCGCCTCGAGCTCGCCGTGCTGATGCATACCAGCGGGCAGGTCTTGGCGCAGGTGGGGTTCCAGCGCAGCATCGACGTGCAGACGGCCTGTGCGCTGTCGGCGGCCATCAACGCCTCGGCCGAGCATCTCGGCGGGATGGTGGACGGCAAACCGTTCACCGGCCTCCACTATGCCGGCAAGGCGCGGCAGATTTATCTCGGGCAGGTGCCGACGAAGGACGGCCGCCTGCTGGTGCTCGCCGTGTTCGATTCGGAGAGCTCGCTGGGCATCGTGCAGCTCTACCTGAAGGAGTTCTACGCGAACGTCGCGGCGGCGGTGCCGGTCGCGGAGGACCTGTCGCCGGCGCTGGCCGAGAACTTCGAGGCGGACCTCAACCGCAACCTCGCGCAGCTCTTCGGGAGGGGCTGATGCGCGCGTCCATCTTCCACCGCGGGATGTCACGTTGAGCCTCGTCAACTACGCCACGCGCGAGATCACCTGCAAGATCGTCTACTACGGCCCGGGTCGGTCCGGGAAGACGACGAACCTGCATTACATCCACGGACAGGTGCCGACGGACCGGAAGGGCCAGATGGTGTCGCTGGCCACGCAGACGGACCGCACGCTGTTCTTCGATTTCCTGCCGATCGACCTCGGGACGATCTCCGGGTTCACGACGCGCTTCCAGCTCTACACGGTGCCGGGCCAGGTGTACTACCAGACGACGCGCAAGCTCGTCCTGCAGGGCGCCGACGGCGTGGTGTTCGTCGCCGACTCGCAGGCGCGCCAGCTGCAGGAGAACATCGAGAGCTTCCAGGACCTGCACGAGAACCTCGCGGAGCAGGGCGTGGACGCGCGCACGATGCCGATGGTGATCCAGTACAACAAGATCGACCTGCCCGACGAGCTGCGCACGCCGGTGCCGGAACTCGAAGAGCAGATCAACTTCCGCAACATCCCGTCCTTCACGGCCG
CP130612.1_gap47	1401477	1403475	1998	AGTTCTTCTTCGTCTTCAACGCGCTCATCGAGGAGGGCAAGCAGATCATCCTCTCGAGCGACCGGGCGCCGGGCGAGATCCCCGACCTCGCGGCGCGGCTGCGTTCGCGCTTCGAAGGCGGGTTGATCGCCGAGATCCAGCCGCCGGACCGTCCGCTGCGCGAGAAGCTGGCGGCGCGCTTCCTCGCCGGCTTGGGCCGCGCCGCCCCGCCGGACCTGCTGGACGTGATCTGCGACCCGACGGTGCGCAGCGTGCGCGAGTTGATCGGCGTGGTGAACCGGTTGGCGGCCGCGGCGGATGCCTTGGGCCAGCCGCTCGACGCCGTGCTGGCGCGGCAGGAGCTCGGGCTCGGTGCGGCGGCGAGTGCGACGATCGCGCCGCCAGCCGCCGCGGCCAGTGCCGGCGACCGCACCTTCCTCGACCGCGAGCGCGTGGTCTGGGAATGGGCGGACTTGAGTGGTCGCGTCATCGAGGAGCTGCGCTAAATGGCCATCAAGGGCTCCCTCAAGGAAGCGTCGCTGCCGGACGTGCTGCAGCTGCTGGCGATGGGCAAGAAGACGGGCTGCCTCTCGGTGACGCATCGCTCGAACTTCGGGTCGATCTACTTCGACAAGGGCAAGATCAGCTACGCGAGCATCGTGAACCGTCGCGACCGCCTGGGGGACATCCTCGTGAAGGGCGGCGTGCTCTCGCAGGAGCATCTCGACGAGGCGATCGGGTTGCAGGCGAAGGCGCGCGGCCAGCGCCTCGGCGACCTGCTGGTCAGCCATGGGATGATCACGCGCGAGCAGCTGCACGCGCAGATCCGCATCCAGATCGAGGAGGCGGTGTACTTCCTCTTCACGTGGGCGGAGGGGACGTTCAACTTCGAGGCCGAGATCCGGCCCGACGAGCAGGACTTCCTCGTCTCGATCAATCCCGAGTCGTTGCTGCTCGAGGGCGCGCGGCGCGTGGACGAGTGGTCGCTGATCGAGAAGAAGATCCCGTCGTTCGACGTCGTGTTCGAGGCCGACCGTCGGCGCCTCGCGGAGAGCCAGCCGCAGCTGACGCACGAGCAGCAGGTGCTGCTGCCGTTGATCGACGGGCGGACCGATGTGGCGGGTCTGGTGGACGCGAGCGGTCTGGTGGAGTTCGAGGTGGGCAAGGCGCTGTTCGGCCTCGCCACGGCGGGCTTCCTCCACCGCGTGGGTCGCTCGAAGGCGCCGGACGACGTGGCGATCGACGTGAAGGTCGAGGAGCATCGCAACCTCGGCGTCGCGTTCTTCCGCGCGGGCATGCTGGACGAAGCGGTGCGCGAGTTCCGCCGCGTGACGGAGCTGCGCCCGGAGGATGTGGGCGCGCGCTTCCAGCTGGGCGTGGCGCACCTGCGGCTCGGCAAGTGGGCCGAGGCGATGACGCACCTCGAGGCGGCGGCGCGGCAGCGTGGTGCCAAGGCCTCGGTGTTCCACAACCTGGCGCTGGCGCTCGAGCGCCTGGGGCGCGAGGACGACGCGGTGGCGGCGCTGGAGAGCGCGCTGGAACGGGGCGGGGAATCCGAGCCCCGCGTGCACCTCTCGCTTGGCGTGCTCGCGCTGCGGCGCGGCGACTTTGCGGAGGCGGATGCGCACTTCATGCGCGCGCGGCCGCTGTACGGCAACCGTCCGCCGGCGGCGGTGTGGTTCCACAGCAGCTCCCTGGCCGCCGCGCTCGCCGGCCAGCTGGAGAAGACGGTCGCGCTGCTGCAGGAAGGCACCGAGGCGCATCCGCATGCCGCGGCCCTGCACAACAACCTCGCGGTCGCATTGATGGCGCTCGGGCGTTCCGACGACGCGTTGCGCGCCGTGCAGCGGGGCTTGCAGGAGGATCCCGGCCTCGCGCCGCTGCACCGCAATCTCGGCGACTTGCAGCTCGCGCAGGGCGATCGTCGCGCCGCGATGGACGCCTATGCGTTGGCGGTGCGGCACCACGAGACGCTGGGGCCGGAGGTGTGGGCGCGGCTCGGCGCCTTGCGCGCCGAGG
CP130612.1_gap48	1406389	1409766	3377	CGCCGCCCCCCGTCGATCGCTGGTCACCTGCCGCGCTGCCGGCGAGCTGCTCGCGCTCGACGTGGGCAGCGTGGAGCGCGTGCTGCGCTACACCGTGCCGCGGACCCTGCCAAACACCGCCGCGTGGATGCGCGGCGTGATTGCGGTGGGCGAGCAGCTGGTGACCGTGCTCGACCTGCGGGAGCGGCTGGGGCTGTCGGCGGCGGCTGCGCATGAGGGCAGCCGCATCGTGGTGCTGGCGTTGTCGGGCGGGCGCATCGGCTTCGTCGTCGACGCGGTCGACGACGTCGTGGCGGTCGATCCCGCGATGATCGAAGCGGCGCCGCCGGTGTACCGCGGACTGGCCCGGGCCTTCGTGCAGGGCATCCTGCGGCGCGATGAGCGGCTCTATCTCGTGCTCGACGCGGACCACCTCGTGACATCACAGGAGCGGCTGGCGCTGGGCGCCGCCGTGGAGGAACTGCAGCATGGCCGATGAGACGCTGGCGTCCTTCCGCGCGCAGTACGCCACGATCGATGCCAAGCTCGACGCCGGCGTCGCCGGCGCCGACCGCGCGCAGGTGAAGGCCGAGATCGTCGGCCTCTTCAAGACGCTCGAGGCGCAGATCGCCGAGCTGTCGCAGCTCAAGGACGACATCAAGCTCCTCGTGGACAAGTGGAAGGCGCAGCAGGCCGCAACTGGTGTGCAGGCGCCGGAGTTCCAAGGCGAGAAGCCGGTCGTGCACGCCGACCACATCGGCGCGAGCACCTTCATCGAGAAGGGCTGGAGCCGCCTCTCGCTCGGGGACTACGAAGGCGCGGAGAAGGCGCTGCTCAAGGCCATCGAGCTCTCGCCGGGCGATCCGCAGAGCGAGGCGCTGCTCGGCTGGGCGCAGATGCTGCAGGAGAAGTACGACGACGCGCTGATGAACTTCCAGAAGGTGCTCATGCGCGAGCCGGCGAACGCGCTGGCGCGCATCAACGTCGGCTACATCTGCCTCAAGAAGCAGATCTTCGGCGAGGCGATCGAGCATCTCTCGAAGGCGATCCGCCTCGATAACGACCGCAAGGCGACGCTCTACGCGCACTTCTACCTCGGGCTCGTGTACCTCGAGCGCGAGATGTACGAGGACGCCCAGACGTTCTTCCAGAAGACGCTGAACCTCGGGCCGAACCTGATCGAGGCGTATTACGAGCTCGGGCGCGCGTTCTGGTTCAATGAAGAGCGCGAGGAGGCCCGCGCGACCTGGGCGAAGGGTCACGCGACGAACAAGTTCAATCCCTGGGGCAAGAAGTGCGCGGAGACGCTCGCGCTGGTCGATAGCGGCGGCGAGCTGACGCGCGGGTGATGATCGCCGCGTTCCTCGCCGCGGCGCTGCTCGGCGGGGCGGCGCAGGACACACTGCCAGCCGACGCGGCCGTGCTCGTATCGGGCCGCTTCAGCGTGGTGCACTTCGCGCGGGACGCGAGGCTGGCGCAGAGTTACCTCGACGCCGCCCGGAGCCGCGATACGTTCCCAGGCCTGCCCCGTCCGACCGCGCCGGTGGTGATCCTCGTGGCGCCCGACGCCGAGACGTTCCGGGCCTGGGTCGGGTCCGGCGCACCGGAGTGGGGGGCCGCCATCGCGTTTCCGGCGTTGCAGCGCATCGTGATGCAGGGCCGCTACGGCGCCGCTGCGGATGGCGATCCGCTCGTGACCCTGCGGCACGAACTGGCCCACCTCGCCCTGCACGAAGCCCTAGGCCCGTCGCCACCGCGGTGGTTCGACGAGGGGTACGCCTCGTACGCCGCGGGAGAGTGGGGGCGGGACGAAGTGTTGGTCACGAGTTTCGGCCTAGTCTGGCGCGGGATTCCGACCCTGGCCGGTCTGGATTCCGGATTCTACGAAGGGGCGGAGCGTGCCCAGCGATCGTACGCGCTGGCCCACCGGGCTGTCGCGGAACTGGCGGCCTTGGATCCCGCCCGGGGGCTGGGGCTGCTGTTCGGACACTGGGAACGCGCGGGCACGTTCGAGCGCGCGCTGCGGCGGGCGCACGGCATGAGTTCCGCCGATTTCGAGCAGTATTGGAAGCGTCGCGTTCGGCGACAGTTCGGCGTGCTCGCGCTCGCGGCGGACCTCACCGTCCTGACCCTCGTCCTGACGGTCTTGCTGGGGCCCATGTGGTGGCAGCGGCGCCAGAAACTGCGGCGGCGGCTCGAACAGATGCGCGAGGACGACCGGCGCCGGGACGAAGCGGAGCGGGCCAGCGCCCTCGCGGCCCTCTTGGGGGAGTCCGAGGGGGAAAATGACGGCCGGATTAAGGGTTAATGAACAAGTCCGATGCTTGGTTGACACTCATTCTAGGCGCCCCTAGACTCCCCCCCCTATGTCGGAACGTGTGAAGGTTGCCGGCGGACCATGGTCCAAGCCGGTCTTGTGGTGGGGATTGTCTGCTGCCAGCCTGGCGGTGGGCTACGCCGACCTTTGGCGAGGCGGCGAGACCGTGGCACCGATTCTATTGGTGCTCGGGTACTGCGTCTTGATTCCCATTGCCATCCTGAAGTGACGCGCGCTGGCGCGTCGGGAACCGAAGCGCCGGGCGAATAGCTCAGTTGGTTAGAGCACCTGCCTTACACGCAGGGTGTCGGGGGTTCGAGTCCCTCTTCGCCCACTTTTTTTGTGCAGCAGTAGATGGTCGGGAACCCACGGAACCGTGGGCCGACCCGTGGGATAGGAAATCCAACGCCTTGTGAGGATTCGACTGTGACGGTTCGGCTCCATCTCCGTCCCCTTGCCGCTGCGGCGGCGCTTCTTGCGGTTGCGACCGCCTCGGCTGACGCCCAGGCGAATCGCCGCCCGCCGCGGCCAGACACGCCCTTCCTGACCGTGCAGGTCTTCCGCTCGGCCGACAAGCTGGCCGGGCCCCAGGCCTCGGACGCGCTGCGCGACGAGCTCATCCGGACCTACCCGGGCCCGGTGCTGTGGGTGATCGAGAAGGAGCGCCTGATCGAGCTCCTGGAGCAGTCGGGCTACCCGTCCAACGAGCAGCTCGCCCGTTCTGATGAGAACGCGCTCGCCAAGTTCCAGCGCGCCGACGAGTACATCCGCGGCGCCGTGACGCAGGAGGCCGACGGCCAGTGGCGGGTGGATGCGGAGCTCGTGCTCACCCGTGACCTGACCCTCGTGCAGCCGCTCGAGCCGGCCCGCGGCAACCGTCCGGACCGCGCGGCCCGCGCGCTCCTGCGGTCGCTGAACGCGGCGCGCGACCAGCTGCCGTTCGAGAAGCGCTGCCGCGACCACGCGATGAACCAGCGCTATCCGCAGGCGCTGGCCGAGGTGGACAAGGCCATCGCCGACTACCCGCGCGCGACGCTGGTCCGCTACTGCAAGATGGGCGTGCTGGTGCAGCAGAACGCCT
CP130612.1_gap49	1536139	1538647	2508	CAGAACGGCACGCTCAAGGTCGGCGACGACTTCATCTGCGGCCTGCACTCGGGCCGCGTCCGCGCCCTGCTCGACGAGCGCGGTAAGCAGGTGAAGGAAGCCGGGCCGGCCGTGCCGGTGCAGGTGCTCGGCCTCACGGGCGTCCCGATGGCCGGCGACCAGTTCATCGTCGTCGCCGACGCGCAGGAAGCGCGCGAGATCGCACAGCGTCGCGAGCGGCTCGATCGCGAGGCCAAGAGCCGTCGCACGGCGAAGGGGGCCGTGTCGCTCGAGGACTTCATGGCGAGTGCGGCCAGCGGCGAGAAGCGCCAGCTCAAGCTCCTCATCAAGGCCGACCAGGGCGGTCCGGCGGAAGCGCTCGCCGACGCGCTGCAGCAGCTCAGCAACGAGGAAGTGCAGGTCGAGGTGGTCGCGCGTGCGGTCGGCGCCGTCACCGAGAGCGACATCCTCCTCGCCAAGGCGTCGGGCGCGATCATCATCGGCTTCCACGTGCGTCCGGATACCAAGGCGCGCGCCGCGGCCGACCGCGAGGGCGTGGAGATCAAGCTCTACCGCATCATCTACGAGGCGGTGGCCGACGTGAAGGCCGCCCTCGAGGGCCTGCTGCGGCCGGAGGAGAAGGAAGTCGTCTTCGGCGAGGCCGAGGTGCGCGAGACGTTCAAGGTGCCGAAGATCGGCGTCATCGCCGGCTGCTCGGTGCGCTCGGGCGTCATCAACCGCCAGGGCCGCGCCCGCGTCATCCGCGACGGCATCGAGGTCTACGACGGCACGATCGGCTCGCTGCGTCGCTTCAAGGACGACGTGAAGGAAGTGAAGGAAGGGTACGAGTGCGGCATCGGCATCGAGAACTTCAACGACCTCAAGGTCGGCGACGTCATCGAGGTCTACCGCACCGAAGAAGTCGCGCGCACGCTGCAGCCGGCTTCGGCCGGCTGAGCGGCGAGCCGCAGCGGAGGGACGATGCCACCACGGGATCCGCGCCGCGCTGACCGCGTCGGCGAAGCGGTGCGTGAGGAAGTCGCGGCGTTCTTGGCGCGGGATGCCAAGGACCCGCGCCTCACGGGGCTCGTCACGGTGACGGCGGTCGAGATGGCCCGCGACCTCCGGCACGCGACCGTGTACGTGAGCGTCATGGGGGACGAGGCCGCCAAGGCCAGCACCGTCGAGGCGCTCGCCGGCATGGCGCCGCATCTCCGCGGTCGCGTCGGCCGCGCGCTGCGCCTGCAGTTCGCGCCCGAACTCACGTTCCGTCTCGACGAGTCGGTGCAGCGCGCCGCACGCATCGAGACCCTGCTTGCCCAGATCAAGCGTGACGAGCCCGCGCCCGACGGCGACGCCTGACGGCCTGCTGCTCGTGGACAAGCCGGCGGGCGTGTCCTCGCACGATGTCGTGAACGCCGCACGGCGTGCCATCGGCGAGCGCCGCATCGGCCACGCCGGGACGCTCGACCCCTTCGCCACCGGCCTGCTCGTGCTACTCGTTGGCCGCGCCACGCGCCTGTTGCCGCATCTGCCCGACGAACCCAAGGTCTACGAGGCGCGCATCGCCTTCGGGGTCGAAACCGACACTGAAGACCTGCTCGGACAGCCCGTGCGCGAGGCCGCGCTGCCCACACGTGCCGCGCTCCTCGCGGTCCTGCCGCGATTCGTCGGGCGCATCGACCAGGTGCCGCCCGCGTATTCAGCCAAGCGCATCGACGGCCAGCGCGCCTACGCGCTGGCCCGCGCCGGCGCCGCGGTCGAGCTCAAGCCCGTGCCCATCACCGTGCACCGCTGGGAGCTCCTCGCCGTGGACGAGGATGCCGAGGGCCGCGTGCGCAGCGTCGACGCGCGCATCACGTGTGGCGGCGGCACCTACGTGCGATCGCTCGCCCGCGACCTCGCCCGTGCGGTCGACAGCGCGGCGCACCTCGCGGCGCTGCGTCGCGTCCGCACCGGGCCCTTCGACGTCGCCGACGCCGTCACGCTCGAGGACCTGCGCGAGCGCCGCGCGGCGCTGCGACCGGCGCTCGCCGCGCTCCCCGGCTTTCCGGTGCAGCGCCTCAGCGACGACGAACTCGCGAAGATCGTCCGCGGCATCGATGTCGCCGCGACGGTGCCCGGTCCCTGGGGCGCCCTGGTGCGTGCGGACGACGACATCCTCGTCGCGCTGGCCGAACGGCGTCACGGCGCGGGCTCCTCAGAGGGCGAGCGCTGGCAGCCGCGGGTGGTGATGCGTGAGGCCTGATCCGGCCTTCGGCTTGCCGCCCGAGGTGCGCGGCACCGTGTGCACCATCGGCACCTTCGATGGCGTGCATCGCGGGCATCAGCTCGTGCTGCAGCGCCTCGCCGAACGGGCGCGCAGCCATGGGCTCCCCGCCGTGCTCGTCACCTTCGAGCCGCACCCGCTCGAGGTGGTGAATCCCGCTGCCGCGCCGCCCTTGCTCACGCTCGGCGACGAGAAGAGCGAAGTGCTCGCCGAGAGCCCGCTCGACTACGTCGTGGTGCTGCCGTTCACGCCGACGCTGG
CP130612.1_gap50	1544214	1546753	2539	AAGATCGACACCATCGTGAAGAAGGTGTATGGCGGCGACGGCGCCGAGTACTCGGCGAAGGCTGAGCGTGCCATCGCATACCTCGAGAGCATCGGCCTCGGCGAGACGCCGGTCTGCATGGCCAAGACGCAGTACTCGCTGTCCGACGACGCCACCAAGCTCGGGCGCCCGACGGGCTTCAAGGTGACCGTGAACGACGTGTATCCCGTTGCAGGCGCCGGCTTCATCGTGGCGCAGTGCGGCGAGATCATGACCATGCCTGGCCTTCCCAAGGTGCCTGCCGCCGAGAAGATGCGCGTGCTCAAGGACGGCTCCATCACCGGACTCTTCTAAACCGATGACGCCTTCCATCAAGCTGGTGTCCACGACCGAGGCCCCGGCCGCGATCGGTCCGTACTCGCAGGCCACGATCGCCGGCGGCTTCCTCTTCACCGCCGGACAGATTCCCCTCGACCCCACGTCGGGGGACATCGTGGCGGGCGACGTCGTCGCGCAGGCGACGCAGGTGCTGGCCAACCTCGCGGCCGTCCTCAAGGCCGCAGGCTGCGGCTGGGGCGACGTCGTGAAGACCACCGTGTTCCTCACCGACATGGCGGATTTCCCGCGCGTCAACGAGGTCTACGCGGCGACGCTCGGCGCCGCGCGCCCCGCGCGCTCGACGGTGCAGGTGAGCGCGCTCCCGCGCGGCGTGAACGTCGAGATCGAACTCGTCGCCAAGCTGCCGGGCTGATCCATGCGTGGGAGGCTCGTCGCCGGTCTGTGGATGCTCGTCGCCGGGCCGCTCGCGGCGCAGGAGACGGGCCGGACGCGCGTCGGCGTCGAGCGTCCCGCGCCGGTGCGTGTCGACACGGTGTCGGCACGTGACGTGCCACGAGCGCCGATCACGCCCGGCCGCGCGTTCTTCTCCTCGTTGGTGATGCCGGGGTCCGGGCAGGCGGCGCTCGACCGCCCGTATGCCGGCGGCGTGTTCCTGCTCGTGGAAGCGCTGAGTCTCACGATGCTGCACCGCGCCGGCGAGGACCTGCACCTCGCCCGGCGCTTCGCGCGGGATTCGATGCCGCGCACCTACCAGGTCGACCCCGTCACCGGGATGGTCCGGCGCGATTCGCTCGGCGTGGCGCTGGTCGAGACGTGGCAGACCTCGCGCTACGGGGCGGGCGTGGTGCGCAGTCGTCGCCTGCAGGTGGAAGACTGGCTGGCCGTGCTGTTCTTCAACCACCTGTTCTCGGGTGCCGACGCGTACGTCGCGGCCCAGCTCTGGGACCTGCCCGAGATGATCGGCTTGCAGCAGACACCGTTCGGCCCCGCCATCGCGGCGACCCTGCGCTTCGGCCGGGCGCGCCGTCGCTGACCGCGCTGCCGGAGCGCCGCTACGCCCGCGAGAGGGACTGCTCGTGCACGAGCGCGTGACCGTCCCAGCGCGCGAGCGCAACCTCGTCTGGCGTGATGCGCAGGAGGCGGGGTGCATCGAGCCAGGCACCCGGGTTCGCGAAGACGCCGCGGCCGATGCGTTCCAGCGTGGGCACGTGCGAGTGCCCGAACACCAGCAGCTGCGGCGCGTCTGCGCCGTGCAGGCGCTCGTGCGCCACCTTGCGCAGCCCCTCGCCGCCGTCGCGCGGCCGCATGTTGCGGCTCGTGTGCGAGCTGCGGAGTGCCACGCGCGTGGCGAAGTCGGGGTGCAGCCAGCGGTACGCGCGGATGGCCCAGGGGTGCCGCAGGACGCTGCGCAGGCGGCGGTACGGCGCGTCCTCCTTCTCACGCAGGCCGTCGCCGTGCTCGATCACGGTCGACCAGCCGCCGAGCTCGCCGCGCCACGGGCCCTCGTGGTAGGTGACGCCGATGTCGCGGCGCAGGATGTCGCCACCCCAGCAATCGTGATTGCCGGCGATCCACACGACCGGGAGTCCACCATCCACCAGTCGCGCGAGCTCGCCCAGCACCCGCAGGCCGCTGCGCGGCATGACGTGCTGCCACTCGAACCAAAAGTCGTAGAGGTCCCCGTTGATGACCAGCGCACCCGCCTCACCGGGCATCGCCCGCAGGAGGCTGACGAGCGCGCGCTCCGCGTCCTCCGGCGCGACGCCGAGGTGCGCATCCGAGAGCAGGTAGACGGGGCCGGGAAGCATCGCAGAATGCTAGTCCGCGCCGGCGCCCTTTACAAAGGGCCGCGTGTCCCGGTAGACTCGCCGCGATGGAGAGTCGCTCCGAGATCCGGGTCCGCTACGCCGAAACCGACCAGATGGGTGTGGCCTACCACGCCAACTACCTCATCTGGTGCGAGGTGGGCCGTACCGACCTCATCCGGCAGCTCGGCATGAGCTATGCCGACATGGAGCGCCGCGGTGTCATGCTCGCCGTGGCCGACGCGCACCTGCGCTACCACGCCAGCGCCCGCTACGATGACCTCGTCCGGATCGTCACCCGCCTCACGGGAGTACGCTCCCGCATGGTGACCTTCGCCTATGACCTCCGGCGCGTCGACGCGTCCGGCGCCGACGGCGAACGGCTGGCCAGCGCCACGACCACCCTCGTCTCGCTC
CP130612.1_gap51	1551779	1552785	1006	AACAAGGTAGCCGTAGGGGAACCTGCGGCTGGATCACCTCCTTAACGGAGCAGCGAGTAGGCTTGGTCGTGGCAACACGGCGTAAGTACGAAAGCGCTACCGGATAGTCGCACGTCTCGTACGCTGCGCGATCTCTCTCGATCTCATTTCATAGCAGTCTGGCAGCCGCCACGGGCAACCTGGGGGCTGCGTAGGACCTCGCTGTTTGACAACGGAAGATGGTAGTGTTCGTGGGATAACGAATCACACTAGTGACATATTTCGACGTATGGCTCGCAAGAGCCACACCGATATCTGTACACTCGTTGTAGATCGCGCGTGCTCTGCTAGAACACATTTATGTGGTCAAGCGAGCGAATGCATGTCGAGGATGCCTTGGCACACGAAGGCGATGAAGGACGCGGTAAGCTGCGATAAGCTTGGGGGAGCGGCACACACGCTTTGATCCCAAGATCTCCGAATGGGGCAACCCAGCCGTCAGGAATGGCGGTTACGGCGAAAGCCGAGCGAACCCAGGGAACTGAAACATCTAAGTACCTGGTGGAAAGAGAAATCAACCGAGATGCCCTCAGTAGCGGCGAGCGAACGGGGTAGAGGCCAAACCGAGGTCCTTGTGACTTCGGGGTTGTAGGACCCACACACGCGTACGGCGACGTCAGTTGAAGTCCCTTGGAACGGGGCGCCAAAGACGGTGACAGCCCGGTAAGCGAAGACTATGAACCGTGCGTAGTGGAGTTCCTGAGTAACGCCCGACCCGAGTAATCGGGCGTGAAACCGGGGGGACCACCCTCCAAGCCTAAAGACTCTCGTGTGACCGATAGTGAACGAGTACCGTGAGGGAAAGGTGAAAAGCACCCCAGTGCGGGGAGTGAAAGAGATCCTGAAACGACATGCATACAAGCGGTAGGAGGTTGGGCAGGGCTTCGGCTCTGTCACGACTGACTGCGTGCCTTTTGCATTATGATCCGGCGAGTTACTCCTCAGGAGCGAGGCTAAGCGGTTCAGC
CP130612.1_gap52	1675411	1676453	1042	ACACGGCTACCGCTGCGAACGATAAGTCGCTCACACTCGCCGTCCGCGCCACCAAGCCGCAGGCAGCGAGCCGCACGTTGCCGGACACCCTCTACAACGTCGTACGCTGGGACTGGGATCCCGTTACCAGCACACAGTTCGTGAGCGTGCGCTGCGGCGACTCATGGTGCGAAATCGGCCAAGAAGGCTTTGGTGGCTCCCGCTCCCATGTCGATGGACTTCCGACCGCCGCCATCGCATTCAATGCGTTGCGCGTGAAGGGGTACTACGACGAACAGTATCTGGCGGAGTGGCGCAACGATCGGCTCGTCGTCGGCCGCAATCGCGGTACGATCTTCCCCACCGCGCAGCTGGCGGCGTTCGCCGCGAACAAGCCGACGATCGGCGAATGGATTCCCGTTGCGGAAATCAACATGGCCCCGGAGGTCGGGCAGTACGAACACATGCTGAACTTGGTCGGAAACAGCGAGAGGCTCGTCGCCGGTCCCCGTGCCATCGTTTCCCTGTGCCTCGGCGACGGACGCTCCTGCGCGCCAATCAAGAACGAGGTCATCTTGAACGAATCGTCCTGCCCACCCACGGAGGATGGGCGGTGGTACGCGAGAATCGAGCGCCCTGGAGGTGCACGGTACTTCTGCGTGAAACACCGGTCGCATCCACCGGGCTTCTACATTCCCCCGGTCGTTCGCTGGCGCTGGCGAGAAGACGACGAGACCATATGGATTCGCTGTTTCGGCGGGTGCTGCGAGGTCGACGTCGACGAAACGTGAACAGTGAGTGAGGATGACGTGCGACGGGCTCGGCTCAAGCCGAGCCCGTCCACTCCTTCGCCTCGCTCTTCGTCGCCATCGCCACCGCATAGTCGCGGTTCATCTGCTGGATGGCGTCGATCGAGATCCCCTTCGGACAGGCCGCCATGCACTCCCCGAACAGCGAGCACCCGCCGAACCCCTCGAGATCCATCCGCGCCACCATGTCCAGCGCCCGCTTCCGCCGCTCCGGCTGCCCCTGCGGCAGCACGGCGAGGTGGTTGATCTTCGCC
CP130612.1_gap53	1678629	1683581	4952	GTCGTAGAACAGCCGCTGCACGGAATCGCCGTCGTTGCGGTAGTTCTTGGCGGCATTGATGCCGCCCTGTGCGGCGATCGAGTGCGCGCGGCGCGGCGAGTCCTGGTAGCAGAAGCAGGAGACGTTGTAGCCGAGCTCGCTGAGCGTGGCGGCCGCCGAGGCGCCGGCCAAGCCGGAGCCCACGACGATCACGCTGAACTTCCGCTTGTTGGCGGGGTTCACGAGCTTCATCTCGAAGCGGTGCTTGTCCCACTTCTCGGCCAGCGGTCCGCTGGGGATCTTGGCGTCGAGCTTGAGTGCCATTGGGGGGTGTGTCCTCAGTCGACGATGCCGAGCAGGACGCCGATCGGAACGGCGATGAATCCTGCCCAGATGATGACGGCGGCGCCGAGCGCGAGCTTCCGCTCCATCGGCATCGGATTCGGCTTCGAGATGCCGAGCGTGCGAGCGCCGGCCCAGATGCCGTGGTACAGGTGCAACCCGAAGAAGCTCATGGCGACGATGTAGAACACCGCCACCCACCACACCCGGAAGCCCAGCACCACGTTGCCATAGGCCCCGCCCTTGCTGAACGCCGGGTGCAGCTGCCCCGTGGTGAAGTGCAGGATGTGGAAGATCAGGAACGCCGCGAGGATGATCCCGCCGACGCGCATCGTGCGCGAGGCCAGCGTCGAGATCTGCGGCTCCATCTTCACGTAGCCCTCGGGGCGCGCGGCGCGCGCCCGCGCCGTCAGCTGCAGGGCCGAGATGATGTGCAGGATGGCCATCGCGAGGAGTCCGAGGCGGCCGATCCAGAGCAGCGGCCCAAGCGACTGCAGCTTGTGGGCGTAGTCGTTGAAGACGCCCGCGCCCATGAAGACCTGCAGGTTTCCGGCCATATGGGCGAAGGCGAACAGCACGAGACCGATGCCGGTCACGGCCATCACCCACTTCTTGCCGATGGTGGATTCCCAGAATTGCAGCAACGCCGACATCAGAGTCCTCTGCGGGGGTCAGAGACGAAACCGGGAGGTACCAATCGGCACCTCCCGGGAATCAGCTGGTTACAGCTTCACTACGCTCATCGGCTCGCGCACGGCCTGCGCGCTCTTCGCCAGCGCCGCCTTCTCGTCCGCGGTGAGCGACACGTCGATGATCTTCTCGATGCCCTTGCGGCCGAGCTTCACCGGCACGCCGAGGAAGATGCCCTTCTCGCCGTACTCGCCTTCGAGCCAGGCCGAGCACGGCAGGATGCGCTTCTGGTCGTTGACGATGGCTTCGACCATCTGCACCGCGCCCGACGACGGCGCGTAGTATGCCGAGCCGGTCTTGAGGTGCTTCACGATCTCGGCTCCGCCGTTGCGCGTGCGGTCGACGATCGCGTCGAGCGTCGCCTTGTCCATCAGCTGCGTGATCGGGATGCCGGAGACGGTCGTGTACGAGATGAGCGGCACCATCGTGTCGCCGTGGCCGCCGAGCACCATCGCCTGGATGTCGCGCACCGAGACGTCCATCGCCGTGGCGAGGAAGGCGCGGTAGCGGGCGGTGTCGAGCACGCCGGCCATTCCGATGACGCGCTCCTTCGGGAAGCCGGTGGCTTCCTTGGCCACCCAGCACATCACGTCGAGCGGATTGGAGACGACGATGACGATCGCGTTCGGCGAGGTCTTCTTGATGGCCTCACCCACCGACTTCACGATGCCGGCGTTGGTGTTGAGCAGGTCGTCGCGGCTCATCCCCGGCTTGCGGGCGATGCCGGCGGTGATGACGACGATGTCGGAGTCCACGGTCTCGTCGTAGCCGTTCGTGCCGATGACGCGCGAGTCGAACCCTTCGATCGGCGCCGACTGCCACTGGTCGAGGCCCTTGCCCTGCGGGATGCCCTCAGCCACGTCCACCATCACCACGGTGCGGGCGAGTTCCTTCTCGGCGATACGCTGGGCCGCGGTGGCGCCGACATTGCCGGCTCCGACGACCGTAATCTTGTTGACCATTGAATCGAGTCTCAGCGGGGGGTCTGGGTGCTGCGAAGTGAGTGAGAATTTAGCGGGTGCACTGGGCTAGGTGAACTGCCGTTCAGCCGCCCACCTGCGACAGCGCCTTGAGCCCGCCGACCTTGAGCTGCAGCAGGTTGTGCTCCTTGGGCTTCTCGGCCAGCGCCTGAACAAACAGCGGCTCCAGTCCTAGACCGGCACGCAGCGGCTCGCGCAGGTTCACCTCGTGGTCGCCATAGAGACAGGTGCGCAGGCGCCCGTCGGCCGTGAGGCGCACGCGGTTGCAGTCGCCGCAGTAGGTGTGCGTCATCGGCGTGATGACGCCCACCGTGCCCGCCGCCCCCTGCAGCCTGTAGTACTTGGCCGGCCCGTTGCCCTTGGCGGGGCCGCTCGCGGCCTCCAGCGGCGCGATGGTCGCCACGCGCCGCAGCAGCTCGTCGCTCGGGACGATGTGCGCGTCCGTGAGATGCGCCATCTCGCCCACGGGCATCAACTCGATGAAACGCACGTGGATCGGCAGCGCCTGCGTGAGCCGCGCGAAGTCCTCGACCTCATCATCGTTCACGCCGCGCATCACGACCACGTTCACCTTGACGGGCTCCAGGCCAGCGTCGAGCGCGGCCTCGAACGCCTTCACGGGCTCGAACTTCAAGTCCCGCCGCGCGATCGCGACGATGCGATCCGGTCGCAGCGAATCGGCACTGATGTTGACGCGATCGAGCCCGGCCTCACGAAGCTCGCGGGCCATGGCCGGCAGCTTGGCCCCGTTCGTGGAAAGCGCGATGTCCTCGATGCCGGGCACCGCCTTCAGCATTGCGATCAAGCGGGCGATGTCCGGCCGGATCGTAGGCTCGCCACCCGTGATGCGCAGGCGTCGTAGCCCCAATGGCGCCAGCTGCCGCACCACGGCGGTGATCTCCTCGTAGCTGAGGATCTCCTCCTTCGGCAGCCATTGCAGGCCTTCGGCGGGCATGCAGTACACGCAGCGGAAGTTGCAACGGTCCGTCACCGAGATGCGCAGATACTCGATGCTGCGCCCGAACTGGTCTCTCATACCGCCACCGCCCCGCCTTGGTTGTCCACCCACGCGCGGTCGCCGTCCACGTAGTGCTCGCGCTTCCAGATGGGCACCCGCGCCTTGAACTCCTCGATGATGTAGCGCTGCGCGTCCATGGCCGCGGCGCGCCGTTCGTGGCTCACCGCGATGGCAATGCTTGCCTCGCCCAGCGTCAGTGTGCCCAGCCGATGTTCGACGACGACATGCGGCGTGCCGAAGCGCGCCACGGCCTCCTCGGCGATGCGCTGCATCTCCGCCTCGGCCATCGGCGCGTACGCCGAGTAGTCGATGCCCGTCACGGCTCGCCCTTGGTTGCTGCGGCGCACCGTGCCCACGAAGAGCGTGCTTGCGCCCGAACTCACGGCCGCGACTTCCGCCAAGAGGGCGGTCGGGTCCAGCGGGCGGTCCACGAGGGCGGTGCGCACGTCAGCCCCCGGCCACAGGCGGAATGATCGCGATCTCGTCGCCGGCGGCGAGCACGGCGTCCGGCTTGGCATAACGCTGATTCAGCGCCACGGACGGACGCGGCAACGGCGTGATGGACTTGGACTTGGCCTGCGTCTCGAGCGTCTCGAGCAGGTCGGCCACACGAGCGCCCGCGGGCAACTCGACCTCGACTTCAGGGCCGAGGGTGTCGCTCCAGGACGCGAAGAGCTGGACGCGGTGCTTCACGGAGGGGGTCACCCCTCCTCGGGCACCATCTCCAGGTCGGCGACCAGGGCCCGCAACTCCTTGCTGGGCTTGAACACCGGCACCGGACGGGCCGAGACCTCAACCGGGGCGCCGGTGCGCGGATTGCGAGCCATGCGGGTCTTCCGATTGCGGATCTTGAAGGTGCCGAACCCACGCACCTCGATGTTCTTCTGCTCCTTCAAGGCGTCCTTGATGGCGTCGAGGAAGGCGTCCACCACGCGGGCGCAGTCCTTCTTCGAAATCATCGGCCCGGAGGTCTGGGACATCGCCTCCGTGACACGCTCCACAAGGTCCGCTTTGGTCATCGACATATCGAGGAGGGGTTGACGGCCCGATAGCCGTAAGTGCCCAAAGGTTAGGACGTTAGCTGTTGTGTGTCAAGCGGTTGCGCGCGTTCCGGCGGGGCCTATTGGGCCCCGCCAAGGGCTGCAATGAACTCGTCAAAATGCGGGACCGCATCGTGCGGACCGGGGGCGGCTTCGGGGTGGTACTGCACCCCAAACACGGCCCGATTACGATGCCGCAGGCCTTCCACGGTCCCGTCGTTCAGGTTCAGATGGGTGACCGCCAACTCGGGGGCGCCCGGGATGCCCTCGGCGCTGCCCTGCACCGCAAACCCATGGTTCTGGGACGTGATCAGCACGTCGCCCGTCGCGAGGTCCTTCACGGGGTGATTCCCGCCGCGGTGGCCATACGGCAGCTTGGTCGTGCGCCCGCCAAAGGTGATGCCCAACAGCTGATGCCCCAAGCAGATGCCGAACACCGGCACACCGGCCTCGACGATCTGCTTGATGTTGGCCGGCGCGTAGGTCACGGCCTCCGGGTCGCCGGGGCCGTTCGAGAGGAACACGCCGTCGGGCTTCTTGGCAAGCACCTCGGCGGCGGGCGTCGTGCTGGGGACGACCGTAATCCGGCAGCCGCGATCCTCGAACATCCGCAGGATGTTGCGCTTGATGCCGTAGTCGTAGGCGACGATGTGGTGCGGCGCCTTCGCGTCGCCCCAGAGGTACGGCTCCTTCGTCGACACGCGCGAGGCCAGGTCGAGGCCGCTCATCGACGGACAGGCCGCCAGCTCCGCCTTGTGCGCGGCCGTCGGTTCGACGCCCGCTCCGATCAGCCCGCGCAGCACGCCCACCGTACGCAGGTGCCGCGTGAGGCGACGCGTATCAACTTCCGACAGCACCGGCACATCCGCGGCGATCAACCACTCACCCAGCCCCTGCTCGGCA
CP130612.1_gap54	1723285	1728059	4774	GGAAGCGCTTGCCGGCCTCGGCCACGCGAGCGACGAGCGCCGCCACCTGCGACACCGGCGGGAACGGATGGCGCAGGAAGGGATCGAACACGATCTCATCCGCCCCCGCGGCCAGCGCGGCGTCCGCATCCTCGATGCGCCACACTTCGGCGACCAGTTCTGCGTGGCCGGCCATGCGCGCCAACGGCAAGTCATCGTGCACCTGCGCGATCGACTGCGCGATGCGCTCGCGGCGCGCCCCGAGCTCGGCGTCGTGGTCCCAGCCCAGCTGCTGCATCAACTGCTCGGTCGCGTCCTGCCGCAGCCGGTTGAGCTCCGAGACGGGCAGAAAGAGCCCGGAAGCGACACCCGCCGCGTCGAGCTGGTTCAGGACGAACGGTGACTCGCCGAGGCGGCCGAACTGCTCACGCAGCTGCGCGACGTCGAGCGCGCGCTTCTGCGCCGGGGCAAGGGGCAGCTCGCTGCGGAGCTCGACGGCATGCCCCGCGGCGGAGAAGATGGCCTTGAGTGGGCCGCCGGCGGATCCGAAACAGCGCACGTCGAGCCCGACGCGCCGCCGCTTGCCCTGCCCCACCCCGGCGTACGACGCCCGCGCCGTCTCCAGCAGCGCCACCTGCGCGTTGCGCACGACCGTCCAGCCCACCGGCACGCTGCGCCGCGCGCCGATCGCCTGCCGCCACACGCCATCGCGCTGCGAGAGGGTGCGTACCGGACCCGCCGAGAAGCCGAGGCTCTCAAGATGGCCGCCGGCTGGCGGCTCGAAGCCCAGCCCGTCGCGCTCGGCGATCGGCGCGCGGACGTCGACGATCACCTCGTCGCCGTCCATCGCGACGACCGTGCCGAGCTCGAGCCCACGATTGTCCGGCTGCGTACGCGTGATGTACTCGCGCCCCTCACGGCCACCATACATGCCGCCCGTGAACCCGCGGGAGAAGATCTGCACCAGCGGCTGCACTTCCTCGAATGTCGGCTCCACGAAGCTCCCGCGCTCGACGCGCTGCAGGAACTCCCGATAACCCTTCGTCACCGTCGCGACGAACTCGGGCTTCTTCTTGCGACCCTCGATCTTGAGGCAGCCGACACCGGCCGCGGCGATCTCCGACAGGTGCTCCCACGCACCGAGGTCCTTCGCCGAGATCAGGTAGCCTCGGTCGAGCTCCGTCCCGCTCGCGGCGTCCCGCAACACGTAGTCCTTGCGGCAGCTCTGCGCGCAGGACCCGCGGTTTGCGCTGCGCTCGGAGATCATCCCTGACATGTAGCACTGCCCGCTGTAACTGATGCAGAGCGCGCCGTGCACGAAGGTTTCGAGTCCCAGCCCCGGCACGGCCGCACGGATCTCGCGGATATCGGCCAGCGAGTTCTCGCGGGCGAGCACGATCCGCTCGATGCCCAGGCCCTGCATCACCTTCGCGCCGCTGGCGTCATGCACGGTCAGTTGCGTGCTGCCGTGGATTTCGAAGCCGGGGTACACCGCCTGGATCATCCGGATCAAGCCGATGTCCTGCACGATCGCGGCATCGATGCCGCGGTCGATGCACTCGCCAAGGTACTCGAGCGCCTCGGCCATCTCCCGCGGCTTGATGAGGATGTTGAGCGTGAGGTAGATGCGCGCCCCGCGCTCGTGGGCGATCAGGCAGGCCTGCTCCAGCTCGTCCAGCGTGAGCTGTGCCCCGTCATCGCGCGCGTTGAACTTCGACGCGCCGCAGTACACCGCATTCGCACCGTTCGCCACGGCGGCGCGCACGGCGTCGAGCGAACCGGCAGGTGCCAGCAGTTCGGGAACGGGAGTCTTGGCCACCAGGGGAATCTAACCGCCCCTGGCGCCGGTCAGCCGAGGGCGGCGACCGTTTCCTGCAGCTGGAGGAGGTGACGCTCCTCGTGCCGCGCGACCATCAGCAGCCACTGCCAGCCATTGAAGTCCCCGAAGTACACGTGCGGGTGCTGGATCAGCGAGAGCCGTGGCCCGGACTCGTAGGCCGCCGCGAGGAGCTGCACGCGGCCGTCGGCCAAGCGCCCGCGCTCGGCGACAAGGTCCACCTGCTCCGGCGGACGGATGCCCTCGGGCGCCTCGAGGCGCCGCGAGCGGTCGAGGAACGGAACGTGGTCCAGCACCTTGAGCACGGCGTGCGACGATGGGCCGGGCGGGACCGTCGCCATGGGACCGATCTCGGCGTTCTTGCGCTCGATCAGCCGCGCGACGGAGCGCTCGACCTTGGCGAGATGCCACACGATTTGCGCGGCGGACCAGCGGCCGGGCGGCGCGAGCTGCCGCTTCGCCTCGGGCACGGCGTCGAGCGCCGCCTCAAAGGCACGCCGCACCCGGGTGAGCTCGGCCTCCAACACTTCGACCCGCTTGTCGCCACGCAGCATGCGGGGAATCTTGACTCGTCGCGTCGATGGAACAAGGGCCGCGCTCGAGGGCGCGAAACCGCTGGGCGGCCCCCGGCGTATAGGGAAACAAGGAGGCGACAATGCTCGGAATACTCTCGGTGGTCATTTCGCTCGGGGCGGTCTGGTTCGGCTACGGGACGGCCCGGCGCTTCGTGCGCGATCGGCTGCGATACGTCGATGGTGCCCTCTCGAGCGGCGCCGCCGTGGTCGCGGGCGTCGGGGCCGCGCTCGTCGCCTGGCCGGTCGCCTGGCTGCTGCCGCTGGTGTCGGGCGGCACCGCCATCGCCTTCGGCATCGCCGTTGGCCTCGGGACGCGGGCCGGCGCCTCGGACATCAAGCACGGATATCGCCTCCGCGGCTGACCCGACGCGATTGGCACAACGAAACGGCGGCGCGCCTCGACTCCGAGGCGCGCCGCCGTTTTGCGTTGCCGCCGCGCTTAGCGCCGGACGGCGAAGCCTTCGATGTGCAGATCGAGGTTGTGATTCACGCGAAGGCCGGCGATGCCGTCCGTGTTTGCGGCCATCCCCTGGCGCGGCAGCTCGCGGATGAGCTGGCCGTTGGCGAACAGACGCGACGCCGTCGCCGTGACTTCCACCCGCAGCGTGTTGGCCTGCTTGCCGTCGGCGCCTTCCTTCACGATGGCCGGATGTTCGGTCCACTCGACGATGTTATGGGTCTCGGCGCCGGCGCGGTGCTTCACGAGATACTTCCCGTCCTTCCGGATCACGAAGTACAGGTAGTCCTGGTTCGCCTCGTTCAGGTTCCGGCCGCCCCAGATGAGGCCGTAGGCCTCGGCGTGCTGCGGCGCCTTCACCTGCGTGAAGGATGCCTCGACGGTGTAGGCGCCCTGCACCGTGTTCGTCGCGTTCCAGTACACGGCGGCCGGGCCGCCCGTCACATGCATGCCGGCGCCCATGGTCTCGAAGCGAATGGCGTTGCGATCGGCGTTGGCCCGGTCGAAACGCAGGTTCCAGCCGGCCGGCGCCTGCGCGCGGCCCTGCGAGACCTGCCGATCCGGGTCGTTGCCCTGGGCGGCGAGCGTGGACGCGCTGCCGACGAGCAGTGCGGTGAGTGCGAGACGAGCGATCATTGGGAGACCTCCGAGGGGGTAGTGACGGACCGACGCGGGCCCGAGGGCCGATAGAACCGCAGCAACCAAGCGATCGCGACGAGCGCGATGCCTGCCCATCTCAACCACGGAAGCCCGAAGCGGGTTCCGCTCAGGAACACCACGACGCCGGCGAGGGCGAGGACGACCTTGGCCGTGTGCACCGGCATCTAGACGATATCCTCGCGCTGCGTGTCAGGGAACGAGAGAATGAAGTCCTTACCAAACGCGGACGAAGGCGTTTGGAAGCCCACCGGCACGCCGCCAGCCGCCACGCGCTGCGCCGCGGCGACCGCCGTCATGGCCGTAAGCGAGTACCCATCGGGGGCCACGAGACGCGACTGCATGACCCGCCCCTCGGCGTCACGAACCTCGCCCCAGAGTCGGCTGCGCGCACCCGCCCGGCGCTCGGCGCTCGGCCCCGGCGTGCGTGCCGCGATCCGCGCCTTCAGGAAGCGCTGCACCGGGGCCGTGCCCAGCAGCGGGAGAATCGGCCGCGTGAGCCGCATCAGGCGCACGGTCTGCGGGGGCACCGCCGTATAGACGCGGATGTCGGGGATGCGCGTCGAATGGAACGCGGTGGAGACGTCGCCCCAGGGGATGGTCACGCAATGGCGGCGGCGATCGCCGAAATCGATGTCGCGCGTCGCATAGGCGCTCGGCACGCGCACGATGTGGCAGTCGCGGCGGATCGCCCCGCCCTGCGCGATGCCTTCCACCATGGTCGTGGCGGTGCCGCGTGAGAGGCCCGTCCCGCCGGTGAACGCCAGTTCGAGCGCAATCGCGTCCGGCATGCGCGCGTGCAGATGCGCGGCAAGGCAGTCGCTGGGCACCACGTCGAAGCCCACGCCCGGGAGCAGCGTGATGCCCGCCGCCTTGGCGGCCACATCGCTGGCGGCCATGCGCTCGAAGACCGCAATCTCGCCCGTGATGTCGAGGTAGTGGACGCGGTTGCGCAGGCAGGCTTCGAGCATCGGCTGCGCCATCCGATGGAACGGCCCCGCGCAATGCAGGACGGCATGCGCTCCGGCCAGTGCCGCATCGAGCGCACGCGGGTCGTCGAGCGAGGCCGGTCGAGCCTCCAGGCCGAAGGGCGCGGCCAAGCTTCGCACCGCCTCTGGGTTCCGCCCGGACAGCACTGGGCGCAGTCCCAACCGGACCGCCTCCTCGACGATCAATCGCCCCGTATAGCCAGTCGCACCGTAGACGACGAACGCGCTCACCGAGCCGCGCCGACAAAGGGCGGAATCACGAAGGGCCCGAGATGCGGTC
CP130612.1_gap55	1741302	1745189	3887	TTGCTGGCAATCGGCCGTCGCGCGCCCATGCCGACGGCGAGCAAGCGTCCGGACGCCACGCCGCCGCCACGCAGCGCCTCCACGACCGCCAGCGCACGCTGCTCCGAGAGCGACTGGTTCACGGCAGCCGCGCCTGAGTCATCCGTATGCCCGATGACCGTCACGACGCTCGCTTGATAGTCGCGCAGCACGCCGGCGATGGTCGCGAGATGCGCCCGCGCCTCCGGGGCGAGCCGTGCGCTGCCGACCGCGAATGACGCCGTCGCACCGAGGCGCATCGTGATCGCTTCCCGCGCACGTTCGATCTGCAGGTCGGGGATGCGCAGCTGCCGGAACTTGGCCTCCTGCACGTCGATGTAGTACCCCACCTCGGCGGTCGACACGCGCTGGCCCGCCGAGACGAGGCCGAGGCGGCGCGCTGCGACGGCGGAGTCCATCTGCGACGCTTCGACGAGACCGGCGGGCCGCGACGCGCCGCGCGTCGATCCCGCGGATGCCGCTGCAGCGGACGTAGGGGCGGGCGACGGCGACTTCGCCAGGCCGAGGCGGCCGCAGCCGGACGCGATGAGTGCCGCGAGCGTGAGCGGAAGCAGCGCGATCCGCATTATGCGGAGGTTCCCTCGACGAAAGCCTGGAACTCGCGCGCGTCGACAGGGCGACTGTAGAGGAACCCTTGCACGAACTCCACCCCCTGATGGCGCAACCACGAGGCCTGCGCCTCCTCCTCGACGCCTTCGGCGACCATCCGGAGCTTCAACGAGCGGGCCATTTCAATAACATGCACTACGACGTGGCTGGTGGCTGCCCCCGTGCCGATGGCCTCGACGAAGGCCTTGTCAATCTTGAGCTGATCCAACGAGAAGCTCGCCAGGTACGCGAGGCTGGAATAGCCCGTCCCGAAGTCATCGACCGCCACGGCGTGGCCGCGCGCGCGGAACTCCGCGATCCGCGCGCGGGCGAGCTCCGTATCCACCAACGCGCGCTCGGTGATCTCGAGCTTGATTGCCGTCGGCGGCAGGCCGGCGGCCTCCAGCGCCCTCGGCAAGGCATCGATGAACCGCGGATCGTGCAGGTCCTGCGACCCGAGGTTCACGGCCAGCGCCAGCTCGGGCCGCGTCGCGAGCCAGGGCCCAAGCTCCCGCAACGCCTTGTGCAGCACGGCGAGCGTGAGATCGGTGATCAGTCCCTCCTTCTCGGCCAGCGCGACAAACACATCCGGCGGCACGCGCTCGTCACGCTCGGTGGTCCAGCGCGCGAGGACTTCCGCCCCGATGCACCGACCCGTTTCCAGGTCGACGATGGGTTGGTAGACCGCGGCGATGCGATCTTTGGCGATGGCCTCGCGGAGCTGCGTCGTGCGGCTGAGGCGGTGCCGCGTATAGCGCAGCAGCACGTAGAGCCACAGTCCGAGCAGTCCGACGCCTAGCGCCGAGCCACCGAGGACGGCGCCGCGGTAACGGCTCCAGAACTGGCCCAGCGGCTCCACCGCGACGATGTCGATCGGCATCTCGCCCGGGCGCGAGAAGCGCGCAATCACACGCGCCCCCTCGCGATCCATCGTCAGGCCGACCGGGAGCGAGGCGGGATCCGGCAGCACGGCCGTGTCGGGACGTGCCGTCAGGCGCAGGCCTTCCACCCAGAGGCCCGCCTGGCGACCCTCGAGCGGTCCGACATCGAGCAGCGCATGCGGGTCGAGCGCCACGTCGTGGTCGCCGAAACGCATCAGGAACAGCTGCACGCCACCCACGCGCGTGGCCGGCTTCGGCCACCAGGCAATCACGCCGGAATCATAAATGCGATCCGCCCTCGGCGGCCGAAGGCCCTCGCCGGCGAGGAAGCCGACGCCGCACAGGCGATCGGCGGCCCGCCAGTAGCCGATCGCGCGGATGTGCGGCCGCCCGATGGCCGCGTCCTGCAGCGCGGCGAGGTGCGCCGGACCGCAGCGGCGATGCGGCAGCTGCTCGAAGCCCTGCAGCAGCGTGCGTGCATCGAGGATCATGGACTCGGCGCGCCCGCCCAGGGCTTCGGCCAGCGCCGCCACGGCGCGTTCGTCGGCGCCGACGGAACTGCGGTAGAGCATCGCGGTGAACACGGCCGCGAGCGCGACCACGCCAACGAGTCCGGTCAGCGCGACCCGGACGAGCGTGCCGTCGCGCGGCTTCACCGCGGCGGTCCGCGCCGGGCGACGAGGAGCATCTCGTGTGAGCCGCGCGTCAGCGGGCCCTCGCGGAATCCGTCGTACACGCCGGTCACCGTGAGCCCGGCATCTTGCAGCAGCGCCTCGAGGTGCGTCGCCGTGTAGAGCCGGATGCGGTGCGTCCGCCGCTCCACCTTCCGACGCCGAGTCCACGTGGACTCGATGGTCAGGAAGCCACTGCGCGGGTCGAAGTGGCGATCCTGCCGCACCGCCGTACCCTCGGCCGTGGTCCACGCGTCGCCGCGCAGGAAGCGGTCGGTCAGCGCATCGCGATTGCCGCCCTGCCAGATGAAGACGCCGCCTCGCTTGAGCATCCGCGCCACCTGCTTGAGCACCCTGGCGTCGTCCGCCGGATCGTCAAAGAACCCGAAGCTCGTGAAGAGATTCACCACGCCGTCGAATCGACGGGTCCAGCGCAGCGGCAAGCGGCGCATATCGCCGCGCGTGTAGCGCAGCGTCTTGCCTGTGCCGCGTGCCTTGGCGGCCTTGAGCATGTCACGCGAGTAGTCGAGGCCGTCCACGTTGAAGCCCGCCTCGGCCAACAGATGCGCGTGGCGGCCCTGCCCGCAGGCGAGGTCGAGCACGCGCGCCCCGTGCGGCAGCGCGAGCAACTCGGTGAGGCGCGCGACCTGACGGCGCTCCTCGATGAGGTCGAAGACCGGTGAGTACTCGTCGAGATAGCCCGCGTCGAAATACGAACGCCACCAGTCCCCCGGTGGCGTCGTCCCAGCGCTGCCACGTGCGCCGCGGGCCATCAGAAGAATACGGGCTCGCGGTACGCGCCGAACACGTCTTCCAGGGCCGCGCGGATCTCATACAGCGTGCAGTAGCTGCGCGCGCAGTCGAGGATGAACGGCACCACGTTCTCCGTCCCGCGGGCCGCCTCGCGCAGCCGCGCAAGCTTCGCCTCGCAGGCGGCGTTGTCGCGCGTCTGGCGCAGCCGGGCCAGCGCGTCGGCCTGGTCGCGCGCCGCCTGCTCGTCGATCTTGAGCAGGGGAATCGTCAGCGCCGACTCGTCGTTCTCGAACGCGTTCACGCCGACGATCACGCGGCGGTGCTGCTCGATCTCCCACTGCTGCCGCGCCGCGCTCTCGGCGATCTTGCGCTGGAACCACCCCGTCTCGAGGCCCGGCACCACCCCGCCCTGCTCCTCGATCTGCGCGAACAGCGCCTCCGCCTCCCGCTCCATGTCGTCGGTGAGCTTCTCCACGTAGTACGAGCCGCCCAGCGGATCGATCACGTTCGGCACGCCCGTCTCGTAGGCCAGCACCTGCTGGGTACGCAGCGCGACCTCCACGGCGTGCTCGGTGGGCAGCGCCAGCGTCTCGTCCATGGAGTTGGTGTGCAGCGACTGCGTGCCGCCGAGCACCGCGGCCATGGCCTGGTAGGCCACGCGCACGATGTTGTTCATCGGCTGCTGCGCCGTGAGCGTCACGCCGGCGGTCTGCGAGTGGAAGCGCATGATCCACGAGCGCGGATTCTTGGCGCCGTACTTCTCCTTCATGTGCCGCGCCCAGATGCGGCGCGCCGCGCGCAGCTTGGCGATCTCCTCGAAGAAGTCGTTGTGGATGTCCCAGAAGAACGAGAGGCGCGGCGCGAAGTCGTCCACGTCCAGCCCGCGGGCGATGCCCCGCTCCACGTACGTGAAGCCGTCGGCCAGCGTGAAGGCCAGTTCCTGCGCCGCCGTGCT
CP130612.1_gap56	1751624	1753996	2372	CATCGCGATGATGTCCTCGCGGGTGATGAACGAGGCCTCGATGTCGATCTGCGTGAACTCCAGCTGGCGGTCCGCGCGAAGGTCCTCGTCGCGGAAGCAGCGCGCGATCTGGAAGTAGCGGTCGAAGCCGGCGCACATGAACAGCTGCTTGTAGATCTGCGGTGACTGCGGCAGCGCGAAGAACTCGCCCGCGTGCATGCGGCTCGGCACGAGGAAGTCGCGCGCGCCTTCCGGCGTCGGCTTCGTAAGGATCGGCGTCTCGAGCTCGAGATAGCCCTGCGCGCTCAGGAAGTTGCGCGTCACCTGCATGAGGCGATGCCGCAGCACGAGGTTGCGCTGCAGCTCCGGACGGCGCAGGTCGAGCACGCGATGCCGCAGGCGCAGGTCTTCCGACGGACGCTTGGCTTCCTTGTCGAGCGCGACCGGAATCGCCGGCGTCGTCGCCGGCCCGACCACGCGGATGTCGCTCACGCGCACCTCGATCTCGCCGGTGGCCATCTCCGGGTTCTTCAGGCCGTCCGGGCGCGGGGCGACCACACCGTCGACGAGCACGGCGCACTCGAGTCCGATGCCCACGGCCTTGGCGATGACATCGGCGGCAGTCCAATGCGGATTGAACGCGAGCTGCACCAGCCCCTCGCGGTCACGGAGGTCGATGAACAGCTGCCCCCCGAGGTCGCGGGACTTGTGCACCCAACCACCCAGCGTGACACGCTGGCCGTTGTGCGCGAGGCGCAGGGCTCCGCCAAGGTGCGAGCGAAGCGTAGTAGCGAGCGGATCGACAGCGGTCACGGAAGCGGGCGGCGGCGAGGCGTGAGGAAAGGGACGAAGCGGACGGCGAGAACCCCGAGGCCGGCGCCGGCGGTGTCGGCGACCCAGTCGGCGAAGCTCATGGATCGACCCGGGATGAAGCTTTGATGCCATTCGTCCACGGCACCGAGCAACGAGACGCCCGCGAGCACGGCGACAAGCGTTGTCAGCCGGCGAGGGGTCAGCGTCGCGCGCAGCGAGAGCGCCGCGAGGATGGCGTAGGCGCTGAAGTGGGCGACTTTGTCGAGGCCGAGGCCGTCCGGCCCCAGCACGAGCTTGGGCCAAGAGGTTCCGACGAGGACGATCGCCAACCAGAGGACGGGAGGGGTCCAGCGGGCCGCGGCACGGGGTACCGCGGCAGGGGGACTCGCATCAGGCATTGAAGACGTAAATCTAACTCCCACAGCCACTTGGTGGAAGTCACAGCACATTGCTTCCTGTACCAGAATCCGGTACTCTGCAACATGCTGAATTTGCTCGACTTGGCCCCCGCAGACGCCGAACGCACCCTGCGCGACTTCGCCGTGGCCCACGGCGAGAAGCCGTTCCGCGGCAGCCAGGTGGTCCCGCACCTGTGGCAGAAGCCCGTCGCCAGCTTCGAGCAGATGACGGACCTGCCCAAGGCCTTCCGGGACTTGTTGGCGCAGCACTTCACCCTGCCCCGCCTCGAGCTCCTGACGGAGCAGAAGTCCGTGGACGGCACGTGCAAGTTCCTGTTCAAGCTCGCCGACGGCCAGAGCATCGAGACGGTCGCCATTCCCGACGGCGATCGCATGACGTTCTGCATCTCGTCGCAGGTCGGCTGTGCCCTCAAGTGTGCGTTCTGCGCCACGGGTGTGATGGGCTTCGCCCGGAACCTGACGGTGAGCGAGATCGCCGGGCAGGTGCGCGAACTCGCGCTGCTCGATCCGCCCGTCCGTGCGACCAACATCGTGTTCATGGGCATGGGGGAGCCGCTCATGAACTGGAAGGCGGTGGAGCACGTGCTCACCGTGCTGAACGACCCGAAGGGCTTCGGCATCGGCGCGCGGCACATCACCGTCTCGACGGTCGGCGTGCTGCCCGGCATCATCGCGCTCGGGCAACGCAAGGAGCAGTTCCGCCTCGCGATCTCGATCCACGCGCCGAGCGACGAGCTGCGCGGCGAGCTCATGCCCGTGAACATCAAGTATCCGCTGGCCGACGTCATCAGGGCGGCGGCGGAGTTCGACCGGCGCGTCACCTTCGAGTACGTGATGCTCGGCGGCGTGAACGACAAGCCCGAACATGCCGACCAGCTGGCCAAGCTGGCGCGCGACTGCGGCGCCTTCGTGAACCTGATTCCGCTGCATCCCGGCGGTTCGATGGGGTTCACGCCCACGCCGCCGAATGAGATCGCGAAGTTCGCGCGCCGCATCCGCGACCGCGGCGTCGAGGTGGCGATCCGGAAGAGCCGCGGCATGGACATCGCCGCGGCCTGCGGGCAGCTACGGGTGGAACGTCTCCGCCGGCGGCCGCCAGGCGCGTCCGAGCACGACCGTGAGGTCGAGGTAGCGTGAACTGTCGGGGCGCGCGACGACGCG
CP130612.1_gap57	1760495	1763185	2690	GCGTTCGCGTCGGGGTCCAGCGGCGCCGCGGGATCGTTGATCTCGACGTAGCGGTACTTCAGGCACTGGAAGTCCTGCTCCCAGAGCAGCGTGAGCAGGTCGTCTTCATGCGGCTGCGCGTGGCGGACCTTCGGGATGATGGCGAGGAACCGCTCCATCTCCTCGTCCTCGAAGCCCGGGAACCAGATCATCTCGCGCAGGCCGTCCTTGAACAGCAGCCACGGCAGCGAATCGCCGCCCTTCTCGGGATGCGAGTTGACCACGACCCCGTACCACTTGAGCTCGGTATCGGTCACCTGCAGCACGAGGCTGCCCATGTGCTGCCACAGCGGCGCGAGCGCGGCCTTGGCAGCCGCCATCGCCTTCTGGTGCTGGGCGTTGTTCGGCAGGTAGAGCTGGTAGGCCTTGATGGCCTTGTCGAAGACGCGCAGCGCGTCCTCGACGACCGCCGGCGGACACGGCGGGGCTTCGACGGTTTCGGTCGCGGCCGGGTCGGTCACGCGTGCCGCACCCCGCCTGCCAAGACCTCGGCCACTTGGGACACGTCCTTGTCGCCGCGTCCGCTGACGCAGAGCAGGATGCAGTCGTCGGCGGCGAAGCGGCCCGCCTGCTCCGCGATCCACGCCACCGCGTGCGACGTCTCGAGCGCGGGGATGATGCCCTCGAGGCGGCTCAGCAACTCGAACCCGCAGAGCGCCGCCCCGTCGGTCACCGCCACGTACTGGGCACGACCGCTGTCGCGCAGGTACGAGTGCTCGGGTCCCACGCCGGGATAATCGAGGCCGGCGGAGATGGAGTGCGCCGGATGCACCTGGCCGTCTTCGTCCTGCAGCAAGTAGCTCAGCGTGCCGTGCAACACGCCGGGCACGCCGTGCGACAGCGACGCCGAGTGCCGCCCGGTGTCGAGACCTTCGCCCGCCGCTTCCACGCCCACCAGCCGCACGGCAGCGTCATCCACGAAGGCATGGAAGATCCCCATCGCGTTTGACCCGCCTCCCACACAGGCCACCACGTGGCTGGGCAGCCGGCCGGCCCGCTGCAGCATCTGCGCCCGCGCCTCGCGGCCGATGATCGCCTGGAAGTCGCGCACCATGCGCGGATACGGTGCGGGCCCGACCACAGACCCGATGATGTAGTGCGAGTGCTCGCAGGTTGCGACCCAGTCCCGGATCGCCTCGCTCGTGGCGTCCTTGAGCGTGCGCGTACCCGCCGTCACCGGCACGACCGTCGCGCCCATGAGCCGCATGCGGAAGACATTCAGCTGCTGCCGCCGCATGTCCTCCTCGCCCATGTAGACCACGCACTGCAGGCCGAGGCGCGCGCACACCGTGGCGGTCGCGACGCCATGCTGGCCCGCACCCGTCTCGGCGATGATGCGCCTCTTGCCCATGCGCTTGGAGAGCAAGGCTTGGGCCAGCGCGTTGTTGATCTTGTGCGCGCCCGTGTGATTCAGGTCTTCGCGCTTGAGCCACACCGGCACGCCGACGCGTGCGCTGAGGTTCGGGGCCTCGGTGAGCGCGGACGGACGCCCGACATAGGTCTCGAGCATGTGCGTGAGCTCGCCGGTGAAGGCGGGGTCCGCCAAGGCCTCGGCGAGCGCGACCTCGAGTTGGTCGAGCGCAGGCACCAGGGTCTCTGGGACGTAGCGCCCACCGAAAGCTCCAAACCGATCCGTCGCGACCTGCGTCATTGCACCTCGTGCGCGCGTACCGTCTCCGCGAACGCGCGCATCCGTTCAGGGTCCTTGATCCCGGGCGCGGATTCGACGCCCGACGATACATCTACTATATCAGCGGGAACCGTTCGCAGCGCGGTCGCGACATTCTCCGGCCGGAGCCCTCCTGCCAACACCACGCGCCCCCGCCGCCGCAGACGCGCCACCGCAGGCGCCACGGCGGTCCAATCGAGCGCGACGCCCGTCCCTCCCAACTGCCCCGGCACCGCCGCGTCCAGCACGATCGCGTCGATGCCGTCGCCGTACCAATCGGCCGCGGCTTCGACGTCGCGCACGTCCGAAACATGCTTCACCGCCCAGACCCGCCCATCGAACGCCGCCCGCAATCCTACCCGGTGCTCTCGCGATTCGCCATAGGACAATTGCACGACTTCCAGTGCTGCGGCGCGCGCAATCGCCAGCACCTCGTCGACGCCCTGCGCACCGAACACACCGACCCGCCGCGTACCGCTGCCGACGGTGGGCGACAGCACCTCGCTGGCCCGGGTGGGATCGAGCAATCGCGGACCGCCGGCGAAGATGACGCCGGCGAACGCCGCGCCCAATCGCACCGCCTCCGCAGCATCCACCGAGCGCGTGAGCCCGCAGAACTTGACCTCAGCCACGACCGGTCCGCGTCACCGCGGCCAGGGCGCGCAGCGTTCCTTCGACATCCGCGGCCACCGAAAGGGACGACCCGACGAGCACCGCGTCCGCGCCGAGTGCCGCAGCGCGCGCGACGCCGGCGGCATCCGTGATGCCGCTCTCGTAGACCGCCACGCGATCGGCGGGGACCAGCGGAATCATCCGCGCGCCGACCTCCGGCTCGATCACCAGCGTCTCGAGATCCCGGTTGTTGACGCCAATCACCGCCTGCGGGATGCCCACCGCCCGGGTGAGCTCCGCCTCGTCGCGAATCTCGACGAGCGGGGTCAATCCGAGCGCCGTGGCCGCCGCACCTAGCTCCGCCAACTCG
CP130612.1_gap58	1765956	1766488	532	ATGCGCCTGCTCCAGTTGCCCGATGCTCGCCGTGAGCTGCTGCTCGAGGACCGTGAGCTGGCGGGCGCTGCGGCGCGCCTCCTCGGTGCGCTTGGCGTCGTCCCGCTCCCGCGCGAGCCGCGTCGAGGCGCTTTCCGCCTCGAACTCGCTGGTCTGCCGCTGGATGCGCGCCTCCAGCTCGGCCAGGCGCGCGAGGTAATCCTGGTGCACGCGCTGCGTCACGGCCTCGAGCGTCCGCACCGCTTCGGCCCGCGAGTCCTGCTCGACGAAGCGCGCCACCGCGAGCTCGAACAGCGCCGCCAAGGGCCCGAGCCGCTCGGTGACGCGGGTGCCGAACACGCGCTTCGGCTCGACCGCCGCGAGGATCGCCACCAACTGCCGCTCGTGCCGGATGCCGCGCAGCAGGAGCAGGCCGCCCGGTTCGGGCTCGGGCAGCCGCAGCAGGCGTGCGTACGCGGCTTGGTCCTCGCCCACTTCGGCGAAGCTCCCGCCCTCGGCCACCACCCGATGAATGTCCACCGGCAGCTGCTCG
CP130612.1_gap59	1896678	1898782	2104	GCGGACGGAAACGAGATCGATGAACATGCGCGGAAGCTAATCGAGCGCGCCCCTCTCCCGTATCGTCTTCCCGCTTCCGGTGCGCTTGTCATGCTGGGAGAGGGGAGACGGCGGTACGGGCGGAGGGGGGCCGAGGTGATACGGGAGAGGAGAGACGGTGGGGAGACGGGCGACGTACGTGAGACGTCTACCCCCCATCTCCCCCATTCCCCTCTCTCCATCCCCGCCCGTACCGCCCTCTCCCCTGCCCCTATTTCCCCAGCACTCGAGCAAACAAGAGGCGCGCCCTCAGCAAATGGGCCGCCGGGACCACACCCTCCAGCGCGCCCAGCACCCCAGCAATCTCCTCAGAAGCTGACCCCGCATTCAGCGATCCGTACAGATGCGAGTGCAACTGCCGATCCTGCCCCATCGCCACACACGCCGCCACAATGCACAACTCCCGCAGCCGCAGCTCCATCCCCTGCCGCGACAGGATCTTCCCGTATCCCTCGACAATCATCCACTCGTCGAGCGACGGATGCAGATGCGTGATGTTCTCCCGCAGCTTCTGGTAGAACTTCCCGTAGACGATCTCGCAGGTCTGCTCCCCCTGCGTCCGCCATCTCCAGAGGCTCGGCTCCGGGATATCCTCACGGGCAGGCGCCGGCGAGCCGCTCACTTTGCGCCACTCGCGCATCGCGTTGAGCGAACGCGGGAATCCCGCCATCAGATAGCTCTGGAGGATGCACTCCTCCACCCACGGCGTCGGGACGTCGGCGTCGATGGCCTCTTGGCATGCCGTGCGGATTTCGGGCTCGGAGCCGGCGGCGATCACCGCCGAGAGCCGCACGAGGGCGGCGAGGTCCGCTGGGAGCGCGGGCACCGGCGTCGACCGTTGCGGACTCATGCGCGCAACGCGCTCCGTACCTGCCCCACGGACTCGCCGCGGGTGTTCTTGATCGGCCGCTCTACGAACTCGGCGAGGCGCGACGGCAGCGACTGCGGCAGCACGCTGAGTTGCTGAAGGGCCCGCAGCACGGCCACATGTTGGGCGCGCTGTGCGCCGTCCTCGACCTTCACCGCCAGGCCGATGCCCAACGAAGGCACCGTGACCGTGTGCACGCCCTCGGCGCCGACCTTGGCGATCACGGCGCCCTTGGTCTCCTCGAGCAGCACCGTATCGAAGCGCTCCGTGCCACCGATCAGGTGCGGATGTTTTCTGATGGCAGCGGCAGTGCGCGCCGGCAGCTCTTCGCCCGCATGCACCGCGCGGCCCCAGCGGGCGTAGGCCAAGGCCATGCGGTCCAGCGGCAGGGCCATCACGGCCACGCCGCAGCCATCCACGCCGAGCGGCATGTCGTCGAGCGGCACGCCGGTCCAGGCGGAGACCTCGCCGAGGCAGGCGCGCTGGACGGGGTGATCGGCAGCCTCGTAGCCCACAGTGGCCCAGCCGGCCGTCTTGGCGCGGGCGAGCATGGCGGCGTGCTTGCCGGAACAGTTGTTGTGCAGGCGCGTGGGGATGGCGCCGCTCTCGCGCAGGACTCGGGCGCCGCGCGTGGTCAACGGCTCGTGAGGGCCGCAGGCGAGGTCGCCTTCCTCAAGACCGATGGAGGCCAGCATGCGCTCGGCGATCGCCACATGCTCAGGTTCGCCGCCGTGCGAGGCGCAGGCGAGGGCGAGTTCCTCGTGGCCCCAGCCAAGCTGCTCGAAGCCACCGCTGGCGAGCAGCGGGAGCACCTGGAAGGGCTTGGCGCAGCTGCGCCACATCGTGACCAGGGCCGCGTCGCGGGCGGCGGCGATGAGCACATCGTCCGCGCCGATGACCGCGGCGTGCACGCGGTGCAGCGACTCAACGGTGTCGCCGCGGGTGATCTCGACGTCGAGGTTCAGGGCGAGCATGGTCCGTGCAAGCTAATCGGCGCGCTCGGCGAGCAATGCGGCCACGGCCGCGGCGACCCGCGCGGGGGGTACGTCAACAAGGCAGCGGTTCAACGCGCACGGCGCGTAGTCTCGCCCATCGTAGCAGGGGGCGCAGGGCAGTCCCGCGGCAGCGGAGACGACCGTGACCCGAGCCTGCGGCGCCACGAACGACGCCGGCGGTGTGGGGCCAAACAGCGCGACG
CP130612.1_gap60	1906644	1909293	2649	CAGCCGCCACAGCGCGCGGGGCGTACGCCGCAGGACCTCTATACGCATCCCGTCGTCGTGCACGGATGGACGCATCGAGGCCAGCCACTGGGCTCGGGCCTCGGGCCAGGCGGACAGCGTCAGTTCCTGTCGCTCGACCGCGAGGGCCGGACCTGGCGCCTCGGCGGATTCCTCGAGCGCGTACGCTGGAACGACGACGCGATGTACCGCGAGTTCCTCGCCTACCAGAATCGGCACGACGTCACGTTGCAGTTCGGCCTACGCGGCGGACGACGGCTCGCGAGCGGGCAGCAGTTCGACGTTGCGCTGTCCGCTGGCCAGCGCCTCAACTACCTGTTCCAGAACGATCTCTATCTCGCCGGCTATCGCACCGACGATGTGCGCTTCGCCCAGCTGACGCTGAGTCTCCGCCCATGAGCCGCCCTTTCATTTCGGTCTGCATCCCGGCGTATAACCGTGCGGCGCTGCTGCCGCAGGTGCTCGACTCCATCGTCGCGCAGGACTTCACCGACTGGGAGTGCGTGGTCGCCGAGGATGTGTCGCGCGAACGCGAGGAGATCCGCGCGGTGGTCGAGCGCTACGCCGCGGCGCATCCGGGCAAGTTCCGCCTGCACCTCAATCCGCAGACCTTGGGCTACGACGGCAACTTCCGGAAGCTCGTCGAGCTCGCGCGTGGGCAGTACGTGTTCATCCTCGGCAACGACGACTTCGTGGCCGAGGGCGCTTTGCGCGCCGTCCATGCAGGCGTGCAGCGGCACGGCGAGGTGGGCGCGGTGCTGCGCTCGTACACGTTCTTCGTCGGCGACCCGTCGAACACGGTGCAGGTCAGCCGCTACTATCCCACCGAGCGCGTATTTCCGGCCGGGCGCAGTGCGATCCTCGCCTGCTACCGGCGCTTCGTGAGCGTGAGCGGTGTGGTGTTCCACCGCGACGCGGCGGCCGCGGCGGCCACGGCGGAGTGGGACGGCTTGCTGTTCTATCAGCAATGGCTCGTGGGCGCCGTGCTCGCCAAGAAACCCCTGCTCTTCCTGCCCGAGATCCTCGCGCACTTCCGACGCGGCGGTACGCCGGAGTTCGGCACGGCGGCGGCCGAGCAAGGCCGCTTCACGCCCGGCGTGCAGCCCTTGGATACACACCTCAAGTTGGTGGAAGCGCTGTTCACGATCGCGGACGGCGTCGAACGCGAGACGGGCTTGACGGGCATTGCCGAAGACATCCGCGTCGACTTCGGTCGCTACTCGTACCCGACGCTGCGCGAGTTCGCCGGGAGATCGCGTCCCGAGCTGTGGCGTGCGTATCGCGCGTTCAGCCGACTGGGCCTGAACGCCTCGCCCTGGTATCACATGTGGTTCGCGGCGCTGATGCTGATCGGTGTGCGAGGCATGGAAGCGCTCGCGCAAGTTGTGCGGCGTGTGCTCGGGCACACGCCGAACTTCACCGCAGCGGTGCGCTGAGCTCCCAGAGCAGCGGCAGGAGCAGGACCAGCGTCACAGCACCCCATCGCAGCGCCTCGCCCGCTGGCAAGCCGATGCGCCGCACGCCCATTGCCGTCATGATGGCGGCGTCGATCAGCATGCGCGCGCCCCATGCCGCCGCCGCGCCCGCGGCGCCGAACTTCCACACCGCGACGGCAAGCAGCACCAGGAACACCGGAAGCTCGAACAAGTGCAGGCGCGCCGCCGCGCGCGCTTCCCCGCCGGCCTGCAGTCCTGCGTAGGCGACTTGGGCGATGCAGTTGGCAAAGACCGTCGCGACGAACCACTGGAACACCGGCACCGCGTCGGGCGCGAACGCAGCGTTCAGCCACCAGCGCAGGATCGGCTCGGCGGCCATAACGAGCGCAAGGGCTGGCAGCGCGAGGATGGCGCCAGTCGCCCGCGTCGCGCGAGTCAGAAGACGCACGCTTTCCGCGCGATCGGCACGCGCGAAGGCGGCGGCCAACGCGGGCGCGAGTACAGGGCCGAGCGCTGCGGGGAACAGCCAGAGACGCATCGCGCCGTCGCCCACCGCCACATACCAACCCACGGTCGCAATCGGCGCGACCAAGGGCACGAGCAAGCGGTCGAGCGTCGTCAGCAGCGGCGTGAGCACGCCGCTCAACGTGATCCACGAGCCGGCCTGCCACAGGGCGCGGTAGGGCGAAGTCGGCGCCGCCTGTTCGACGGCGGCCGCATGCGCGGCCAGTGGTTCGGCGGTCTGCGCAGCCGCAGTGGAGCTTGCCAGGCGCCGCGCGTCGTCGCGCGCGATGAGCAGCCATTGCCCGGCCCAGTACAGCGCGCGGCCTGCGACGATCACCAGGGCCAAGTGCGACACGTCGCACGTGAACAGCGCCGCCAGCCAGGGCCCACCCCAGGTGACCACGCCCAACGGGATGCGAAACACGTTCACGGCGCCGAAGCGCAGTTCTCCCTCGAGCGCCGCTCGCAGCACAATGCCGTGCACGACCAGCGGCAGTGCGAGCGCCAACCAGCGCAGCGTACGCACGCCCTCGTCCACCAGATCCGGCGGCAACTTGAGTTGCGACGTGGCGATGGCCGGCGCGAGCAGCACGCCAAGCAACGCAATTGGCGCGCCGAAGGCCCAACTGAGTCGCCCCGCCGCACTGACGAGCGGCGCGATCTCCGCCGCCCGTCCACGCGCCCCGCGATC
CP130612.1_gap61	2036675	2038207	1532	CGGCGTCGGCAAGAACGCGCGGTAGCGTGCCGTCGCGACGTAGTTGGTGAGCATGTCGTAGGCATTGGCGATGAAGTCGATGAACTGCATCTCCACCACCGGCCGCATGCCCATGTGGGCCGCGCCCGCGGCCGCGCCGACGATGCCGATCTCGCTGATCGGCGAGTCGATCACGCGCTGCTCGCCGTACTTTTTCATCAGGCCTTCGGTGACCTTGAACGCGCCGCCGAAGGCGCCGATGTCCTCGCCCAGCAGGAAGACGTTGTGGTCCCGCGCCATCTCTTCGTCGAGGGCCTCGCGGATGGCCTCGAGATACGTGATCTCGGCCATCGTCACTTCCCTCCCTTGGCGTCGAAGGTGCCCCAGCCTTCGGCGCGCTCCTTGCCGAGCTTCGACACATCCGCGCCTTCGCGGAACCACAGCGGCTTCTCGACCGGCGGATCGGCGTAGACACCAATCATCGCGTCGAGCGGCTCGGGGAACGGCGAGGCCTCGGCGATGTCCGTCGCGGCATCGACTTCCTTCGCAACGCGCGCATCGATCTCATCGAGCGTCGCCTGGGCGACCTTCTCGCGGTCGAGCAGCACCCGCACGAACCGGTCGATGGGGTCGTTCTCCGCCGCCCAGCGCTCGATCTCGCCGTCCGGCACGTACGACTGATTGTCGTGCTCGGCGTGACCCTTGCGCCGGTACGTCATGAACTCGAGCAGCTGTACGCCTTCGCCGGCGCGCGCGCGGTCCACCGCTCGCTTGGTGCAGTCATAGACCGCCAGCACGTCGTTGCCGTCGCATTGTTCGCCCGTGACGCCGTAGCCGATCGCCTTGTCCACGAATTGCGCGGCGGCCGTCTGCTTGGACGTCGGCGTCGAGTAGGCGTAGCCGTTGTTCTCGATGACCACGACCAGCGGCAGCTGCTGCACCGCCGCGAAGTTGATGCCCTCGTGGAACGCGCCGGTGCTCGTCGCGCCGTCACCGACGTAGACCAAGCCGACGCGATCCTCGCCGCGCATCTTGAAGGTCATGGTCACGCCCGTCATCACCGGCACCATGTCGCCGAGCGGCGAGATCTGGCCGAGGAATCCGCGCGTCTTGCCGGCCTCGCCGATGTCGCCGAAGTGGATGTTGAGCTCGCGGCCGCGCGTCGGCGAGTCGCCCTTGGCCATGTACTGCTTGAGCACTTCGACCGGCGTCGCGCCCTTCACGAGCATCGCGCCGAGGTTGCGGATGAGCGGCGACATGACGTCGCGCTGCTCGAGCGCGTAGCAGGACCCGACCGCGTCCGCTTCCTGGCCCAACGAACGGAACAGGCCGCCGACGACCTTGGTCTGCCGATACAGCGCCACGAGCCGCTCCTCGAGCGTGCGCGTGAGCCGCATCCAGTAGTAGAGCTCCAGCTTGCGCTCGATCGGCAGCGCCTCGCCCAGGTGGGGCTGCGCGCCGCGCGAGGCGGCGCGCCCGGACTTGGGAGGCATTCAGTAGGCCGGGGCGAACGTGTGCTTGGCGTCGACCTGCGTATGCAGCGAGACGAAGAA
CP130612.1_gap62	2074057	2076320	2263	TCATCCACTTGTGCAGGCGGACGTTGCCCCAGCGGTACTGCGACTGCTCCGGCATCGCGTCGGACAGCCGCGTGAGCTGGTCGAAGCGCGGGCCGGACCACAGATCCGGATACTCGCGGAAGTCCGCGCGCGCCACGAGGAACTGCTCGGCGCGTCGGGCCTTCTGGAGCACGGGCCAGGTCTTGGGCGCCATGACGAGGCGTTCCGGCGCCGTGTTCGCGCCGAGGCGATCGCGATACACGCCGGCATCCTTGCTGCGGATGTCGAAGGCGCGCAGGTACAGCGGCGCGGCGGGATCGATGTAGTCGAGATCGGCGTCGAAGTCGACCACACGGAACGTCATGCTGTCCCGACGGCCCGCGCCATCGGTGAGATTGCGCGCCGCGCGTACGCCCGCGGGGTCCACGTCCCAGACGTCGAAGCGATCGTACACCAGTACCGCAGCATCGGCGGCGGCCCAGCCGCCGAGTCCGTAGGGCCCAGGCTCACTCGGCGTGTCGTGTGACTCGTCCTCGAAGGACACGCCGGTCACCCCGGCCGTGAGCTCGCGCGTGCGGTTGGCGGCGATGTCATGCACGCGCCAGGCGCGATTCTCCCACCATGTGACGTACTTGCCGCCCGGTGAGAGCTGGCCGCCACCGCGCACCTTGGTCGCGACGCGACGCACCGCGCCGGTGAGCGTGTTGATGACGTTGATGTCCGTGCCGCCTTCGCCCGCGATGGCATCGAGCTCGTAGGGCACGTTGGTGTTCGCCACCGCCGTACGGCCATCGCTGGAGAGCGTGATGTTCGGGAACTCCCGCGAGCCCAACTGCCGCATCTGCTTCGCGGCGATGTGGTAGATGGCCGTGTACTGGCGGTTGCGGTCCTGCCCGGCCTGGATGCGCTGCATCGGTTGCGGACGGGCATCCTGCCAGTGCCAGAGATCCACGACGGCCTTGTCGGCAAGCGAGTCGGCGGGAATGGAGTCGGGCTGGATGCGCGAGACGCCGAACGTGAGCGCGCTGCCGCTCTCCACAAAGTCGACGCGGCTGCGCTCCGCGACCTGCAAGCCTTCGGCGATCTCGCTGGCGGCCACAGCGCGGGTCGCCTGCTGCGGGCCGGGCCGACTCCGCGGCCCCGCGAGCGCGGCGTGGTACACGGCAAAGCGCACGGTCTCGGCACCCCAGGAATCGGCGTCCGTGATGAACGCCAGCTGCGAGCCCGCTTCGTCGAAGGCCAGCGAGCGATAGTTGCCGGTGGCGACCTTCAGCGCCGTCTCGACGCCGGTCGTGAGATCGCGGACGTACACGCCATCGACGCCCAGCGAGTCGGCGCCGGCGCGCGCGTAGGCCAGCCAGCGCTCGCTTTCATTGAGCTCGTACGCACTCACGTGCTCGATACGCGTCTCCGTTCCGGTGGCGAGCTCGCGGATGACGAGCGGGCTGCCGGTGTCCTTGCGCCGCGCGGGGCGGGCAGAGGAGTCGGCGCCGGCACGCGCGCCGTTGCGCGACGCGGCGGTATCCGCCTCCGGCTGGTAGACCACCCAACGGCCACCGTCGCGCGCGACGGAGTAGCCGCGCACCTTCTCGATCTCCGTCACGTTGCCATCGGCGAGCGAGAGGATGCCGAGCGAGGCCTTGGGCTGGTCGGCGGCGCGGGCACGACGGGCCCGCGCCGAGTCCAAGGCGCCCTGCGTGGGATAGCGCAAGAACACGACGAAGCGCGAGTCACCCGTAACCTGCGCTGCCTGCGGCGAGAAGGGCTGACCGGTCACGCTCTGCAGCGGACGGCCGGTGGACCCGCGTGCGACGCGATATTCCGTCGCGGCCGCCGTCGCGCGAACCACGAGCTCGCCGTTGCCGGCGGTCGGCGAGAGCGTGTAGACCGCCCAGCGCCCGTCGGGCGAGAGCGTGGGCTGGAGAATCGAGCGCCAGAGGTCGTAGGTGTCCTGCGTGAGGACCTTGCGCTCGCCTTGGGCAGCCGCGAGGGCCGGCAGGAGCAGCAGCGCGACGACTCGCGCCGCCCGGAGGACGACAAGACGGAAATGCATCGACGGGACGGTTCGGGTTATCTTGGCTCGAGCACCGCTACAGGATACGCCGTCCCTCCCCCAGCCGTTCAGGACGCCGATGCGCCACCTCGTTTCGTACTTCCTCCGCGGCCTCGTGCTCACCGTCCCGCTCGCGGTGACGATCGCCGTCTGCTGGATTGCGCTGCGCACCATCGATGGCTGGCTGGGCATTCCCGTGCCCGGCGCCGGGCTGCTCGTGACGCTCGCGGC
CP130612.1_gap63	2087934	2091969	4035	ATGACGATGCGATGGATGTGCTTGGATTCGCGCAGTCCCATGTTCGTCCACGTCTTGCCGCCGTCGGTGGACTTCCACACGCCGCTGCCCCAACTGGTGGACTGGCGATTGTTGCTCTCGCCGCCGCCGGCCCAGACCAAGTCCGGGTTCTGCTGCGAGAGCGTCACGTCGCCGATGCTCATCAGACCCTGGTCCTGCAACATCGGCTCCCAGGTGGTGCCGCCGGAGGTCGTCTTCCACACGCCGCCGTGCGCCGTCGCGACGTACCAGAGGGCCGGGTTCTTCTCGGAGACCGCCACGTCCGCGATGCGCCCCGACATCGTCGCCGGGCCGATCGAGCGGAAGTGTAGCCGGTTGAGTTCCTCGGCCACGGGGATCTGCGCCGAGGTCGCGGAGGCCAGTAGGGCAAGGGCGCCACAGGCGCCGAGGACACGGCGGGCGAGGGTCGAGGTCTTCACGGAAGGTGCTCCACGGGGTGAGACAGTTGGGATGGCGCGCGGAGAAGTTACGCGGCGTCAGGGCTCGGCGCTGGCCGCGGCGCCGTCGCCCGCGGACGTATGTAGGTTTCTCGCATGTCCACGACACCCGCCGCCACCGTCCGCCCCGCGGACAGCGTCACGCCGACCGTCATCCCGTCCGGCCGCGACGCCGCGTTCCGCGTCCTCGTCGGCCCGCAGCAGGGCGAGACCACCTTCGTGCTCCGCCGCTTCACCTTCGGGGCCGGCGGCGGCATGCCGCTCCATACCAACCTCGTCGAGCACCAGCAGTACGTGCTGCGCGGCCGCGCGCGCATCCGGATTGCGGACGCGGTGCACGAGGTCGGCGCCGACGACACGCTGTTCATTCCCGCCGGCGTGCCGCATGCCTACGAGGTCGTGGACGGCCCCTTCGAGTTTATTTGCGTCGTGCCGGACAAGCCGGATCAGGTGACGCTGGTCCAGCCGTGACGACGGGCCTCGACCTCACGCAGGGGTCCATCTCGGGTCACCTGGTCCGCATGGCGATCCCGATGGCGCTGGGCATGATCTTCCAGACGCTGTACGTGCTGGTCGACCTCTACTTCGTCGCGCAACTCGGCGATGCGGCGATCGCCGGCGTCAGCGCCGCGGGAAACGTGCAGTTCATCGTGATGGCCCTCACGCAGGTGCTCGGCGTCGGGACCACGGTGCTCATCGCCCACGCGGCCGGGCGCAAGGATCGCGTCGATGGCGCACGCGCCTTCCGGCAGAGCCTGCTCCTCTCCGGCATCACGGGCGTGTTCGTGCTGGTCGCGGGAGGCGTGCTCGCCCCGATGTACCTGCGCGGCGTGGCGGCGGACGCCGAGACGGTGCGGAACGGACTCATCTACCTCAAGTGGTTCCTGCCGGCGCTCGCACTGCAGTTCGCCCTGATCTCGATGGGCGCCGCGCTCCGGGGTGCCGGCATCGCGAAGCCGACGATGATCATCCAGATGGTGACGGTGCTCCTCAACGCGATCCTTGCGCCGGTGCTGATTGCCGGCTGGGGCACCGGGCGACCGATGGGGATCGCCGGTGCCGGACTCGCCTCGACCATCGCCGTTGCGGTCGGCGTCATCGCCGCGGCGGCGTACTTCGTCCGCACGGGCTTCTTTGCCGCGACGGCAGAGGAGGCCCCGTATCGGCCGGACCCGGCGGTGTGGCGCAAGCTGCTGCGCATCGGCGTCCCCGCGGGCGGCGAGTTCGGGCTGATGTTCGTCTCGATGGCGATCATCTACGGCATCATCGGCGGCTTCGGGGCGGCGGCGCAGGCGGGCTTCGGCGTGGGCTCGCGCATCATGCAGTCGCTGTTCCTGCCGGTGATGGCGATCGCGATCTCGGCCGCGCCCATCGCGGGGCAGAACGTGGCGGCGGGCCGGCCGGACCGCGCACGCGAGACGTTCTGGGCGGCCGCGCGGCTGTGCAGCGCGCTCATGGCCCTCATGACATTGTTCGCCCACTGGCGGCCCGCGGTGCTCGTGCAGCCCTTCGCCAGCGACCCGGTCGTCGTCGAGGTCGCGGTGGACTTCCTGCGCACGATTTCGTGGAACTTCGTGGCGAGCGGGCTCGTGTTCACCTGCTCGTCGATGTTCCAAGCGATGGGCAACACGATTCCCAGCGTCGTCTCGAGCGCCGTGCGGCTGACCGTGTTCGCGATCCCCGCTTTCTGGGTCTCCCGGCTGCCGGGCTTCCAGCTGCACTGGGTGTGGCGCGTCTCGGTCGTCGCCACGACGGTGCACGCGCTCTTCGCCCTCTGGCTGCTGCGCCGCGAGGCGGCGCGCCGACTCAGCGCCCTCGCGGCCGGCCCCGCCCCACAGCCGTCGGCGGCGTAACGCCCGCGCCGCGCTGCCGACAGGCATCAGAGCAGTACTTCACCTGCTCCCAGTCCCGCTCCCATTTCTTCCGCCAGGTGAACGGACGGCCGCAGTTCAGGCAGTCCTTCTGCGGGAGGTCGGACTTCTTCCGCATGCGGGCCATGGCGGGTCAGCCCGGCGTCGCGGCGGCGGACGGCGGGTCCCAATCATCGCCGTAGAGCTTGGGGCCACAGCTGTTGCAGATCGAGTGCGAGAACTGCGCCATCGACCGCGATGCCATGTACTCCTCGACGCTGCGCCAATAGCCGGCGTCGTCGCGGACGTTCTTGCAGTTGGCGCAGATCGGGATGAAGCCCGAGAGGGTGCGCACTTCACGCCTCGCGCGCAGCAGCGCCAGCACGAACAGCAGCGTGATGACGAGCAGGAGCACGGCGAGGCCCGTCAGCACGCGCTGTAGGCGCAAGGCCGCGGCCTGCACCTGCTGTTGCTCGCGGAGGTCCCGCGCGGCCGCCCGCTGGCGGGCCGCCTCGGCCTCGAGCTCGATGGCCGCCACACGCTGCGCCGCGCGGGCGTCGAAGACCGAGTCGCGCAGGGCCTCGTGTTGACGCGCATAGCGGAGCGCGGCCGGCGCGTTGCCGAGGCGCTCCGACACGCGCGAGAGCCCGTGCAGCGCCTCCAATCGATACACGCGGTTGCCCGTGCGATCGGCGGCCGCGAGCGCACGGCGATAATCCTCGACGGCCGCTCGCGACCGCCCGAGCGCCTCGTTCGCACGCGCCATCTGCAGCGCCGCGTTGGCCTGCCCGCGCAGGGTGTTGCCCTTGAGCGCCCAGTCGTAGACCTCGCCGAAGCGCCGCAGCGCGTCATCCGGCCGCCCTGACGCGAGATCGATCTCGCCGAGCAACAGGATGTTGATGGACCATGCGCTCAGCGAATCGCGCCGGCTGATCGGCGGGCGGCCGCTGTAGTACGCGGCGAGCGAGCGCTCGACATCCGCGCGGGCGTCGGCGAAGCGGCCGAGGTCGGCGAGGATGTCGGCGCGCGTGTTCAGCGCGTACCCCAAGGTGTGGCCATCGCCCGACGCATCGGCGAACGTGACGCCGCTGTCGGCGCTCTCGAGCGCCCGGTCGAACTGCCGCCAGTCTTGGTACGCCTTGGCAATGTTCGCGTGCAGGTAGGCCTGGCCCCGTGCGTTGCCGTCGGCGGTCCGGATGGCCAACGACCGCATGTAGGCTTGCAGGGCGAGCTCGAAGTTGCCGATCTGGTAATGCGACGAGCCGACGGAATTGGAGACGCGGGCCACCGCCGCGCTGTCGCCGCGTGCCGCCGACAGGTCGCGGCTGGCCATGAGATGCACGAGCGCCGAGTCGAAGCGATCGGCACGCCAGTGCGCGAGTCCCAACTCTTCGAGGAGGCCAGCCCACGCCAGCGTGTCGTGCGCGGAGCGTGCGGCCGCGGCGGCCGCGCGCAGCGCCGGCAGGGTGTCGGCGGGCGATGCGGATTGTGCCGGCACCGGCCCCGGGCTGAACGCAGCGCCAGCGGCGAACACGACGAGGGAGCGAAGGAGGGTGCGCATGGCTCGCCACGAAAAAAGCGCGGGGGCGGGCGGCGGGTCAATCGGGGCTCTTCCGCGGGAACAGGCCCGCGGCGGCGGCTGTTCATCGGGCAACCTTCCCGTGGAGCCCGCCCGCATGTCCGCTGCGTACACCGCCCCTGACCTCGAC
CP130612.1_gap64	2119187	2122923	3736	ACCGGATGTCCGCGAACGGATGTTCGAACCCTTCTTCACGACCAAGCCGGCCGGAGAGGGCACCGGACTCGGCCTGGCAACCGTGTTTGGCATCGTCGCGCAGGCCAACGGATTCATCACCGTCGACTCGACCATGGGCGAGGGATCGGCGTTTCATCTCCACCTGCCGCGCGTGCGCGAGGGCACGTCCCCGACCGCCGCGCCGCCCGCCACGCACGCCGCGAGCGGTGGCAGCGAAACGATCTTCGTGGTGGAGGACGAGCCGGCCGTCCTGCAGTTGGCCGTGCGCGCGCTCGGCGCGCTCGGGTATCGAGTCTTCAGCGCCGCCGACGGCGCGTCGGCCTTGCGCCTCGCGGAGGCGCACGACGGTCCAATCGACCTGCTGCTGACGGATCTCATCATGCCCGGCATGAACGGGCGCGAGCTCGCGGAAGCGCTGCAGGCGCGGCGTCCGGGACTTCGCGTGCTGTTCATGTCCGGCTACACCGCCGACATCCTGCACGGCGGCGTGGCGGCCTTCGATGACGCCGCCGTGCTCGCGAAGCCCTTCAGCATCCAAGAGCTCGCCGCGCACATCCGCGCCGCGCTGCTGCGCTGAGGTCAGTCCTCGGGCGCGCCCGGCAGCAGCGGCTCGAGATCCGGGGCCGACGACCCCTGCTCCGTACAGAGCGCGTACTTCGTCTCGCCGGCACGGTACAGCGAGACGCCCGCCCAGCGGCCCTGCTTGTCGAGGATGAAGAAGCGCACGTTGAAGTTCGGCAGCCCGCGCGCGTTCAGGAGGCGCCGCTCCACGGTGTTCTTCTGGATGCGGCGCAACGCCTCCATCCCCGCGTCCTTGGGTGCGCGCCCGCGGCGCAGCTCCTCGATGATGAGGTACGACGAGAGGTTGTAGAGGTTCGCCTCGCCGCGTCCGGTGGAGCCGGCGGCGCCCACGTCGTTGTCCACGTACATGCCAGCGCCGAGGATCGCCGAGTCGCCGACGCGGCCGGGAATCTTCCAGGCCAGGCCGCTGGTCGTCGTCACGCCCGCGAGGTCGCCGGCGGGCGTGATGCCGCTGCAGTTGATGGTGCCCCAGAACGAGCCTTCGCGGATGAGGCCGTCGCGGACCATCGAGAGGCCGGCGAGCAGCTCGGGATCACGCTCATGCGCGGGACGGTTCTCGTCGCGGCGACGCCGCCCCGCGCCGTTCGGATCCAGCCAATGCTCGGGATCGACGCGACGCCGCCATTCCATCCAGAGCCGACGGCTGTCCGGCGTGTTGAGATCGTCCTCGACCGTGAAGCCGACGTCGCGGGCGAAGTCCCGCGCATCGCGTCCCACGAGCAGATGGTGGTCCGTCAGCTCCATCACCGCCTTGGCCACGAGCGAGGGCGTGCGCACACCCTCAATGCTCGCCACCGCGCCGGCGCGGCGCTTGGGCCCGTGCATGCACGAGGCGTCGAGCTGCACCACCCCATAGGCATTGGGCAGTGCGCCGTAGCCGATGCCGTTCTCGGTGGGGTCGAGCTCCGGGATGTTCACGCCGGCAATCAACGCGTCGAGCACGTCCTCGCCCTGCGTGATGCCGCGGAAGGCGCGCTCGACGGCGTTCTCGCTGCCACCGTTCTTGAAGGCGTAGCCCGAGTAGTCGGCGATGACGACGGGCCTGGCCGCCCGTCGAATCAGGATGTTGGGGAGCGCCGGCGCGGCGGCGAGGCCGACGGCGGTGCTGCGGACGAAATCGCGGCGAGAGACCATGCCGCATCCTACCTGCACCGCCCGCGGCCCGCCAGCGCACCCCGCCACCAACCGGAGCGCAAGAGCTAGAAGGTCTCGATCTCCGTCACCGAACGCCCGCAGACACGACCAGTCATGCGATAGCCGGTGGATGAGACGGAAATGGTGAGGTCGATGCTGCAGCGCCCCGACGCCCCGTTCGAGCTGAAGTTGAAGGCGCCGCGCTGCGCGCCCGTCACGGAGACCTCCTCCGTCTGAGCGTTGATGCTCATCGACAGCTGCGTGCGCAGGTCGGGATCTCCGTTGAAGACCCAGAGACGGCCCGCGGTCGATGTGGAGCCGCAGTTGCTGAACGACTGCCGCAGATCGATCGAACCGGCGCCCGTGGTCTCGTTGACCGTCAGTGAGCCGCGCATGCGGGTCGTCCCGCCGTTGGGGCAGGCGACGGATTCGTCGATGGATTCCGTGTACGCCGCGGTCGGCCCGGTGCCGAGGCGCAGCGCCTCGAGGCGCCCCTCGTCCGCACGCAGCCCTGCCATGGAGAACGCGCCAACGTCGAAGCCAATCGCATTGATGGCCTCGAGTGCGTCGTAGACTTCTTCGGTCGTGAGGTTCGCTTCGGGTCCCGTCGCGGAGTCCTTGGAACACGCGAGCATCCCCACTGCGGCAGCGAGCAGGACGAATCGCAGGGACTCGTAGTGTGGGCTCAGCATCGTGGCGCTCCCTCTGGCATGGTGGATAGCCGCGACGCTAGGCTTTGGCCGTTGGCCGCGCAACAGGATGCTTGTTTGCCCTAGGTTGGTGGCCCACTACGTCGGAGGCGCAACGTGTCGTCCATGCAACAGAAAGAACGTTGGCTCGTCGGCGGAATCTTCGGCGGCATTGGCCTCATCTTCGTCGCCGTCGGCTGGGCGCTCGTGCTGCAGCAATCGCGCCTGCTCGCGCGCGCCGTCGAGGTCCAAGGCGAGGTGCTCGAGGCGTACGTCGAGACCGCGACCAGCGTGCGTGGGCCGGACTCGCATGTGGCGCGTGTGCGCTACCAGTACGTCGCGCGCGATACGCTCTGGACCAACGACCGCGTGCTGCCGCACGAGATGCGCACGTCGAGCCGCAAGCAGATGCGGCAGCTGGCATCGCGGTTCCCGGTCGGGTCGGCGATTCCCGTGTGGGTGGACCCGGAAGACGCCGAGCGCGCGTTCCTGCTGAAGGAGCTGTTGTGGTTGCCGTACGTGATTGCGCTGGCGCCGCTGCTGTTCGTGCTCATCGGAGCGGCCGTGGCGCTGCCCGCATGGGGAACGGCGGCGAGCGCCGTCGCGCTGCTGGGGCCGTTGTGGTGGCATCACGCGCAACTGCCTGAGCCGGTACCGCTGTGGATGCAGGCCTGCTACGCGGCGCTGCTCGCCGTCGCACTCATCGTGACCGTCGCCATGCGTCGAAGCGCATCCGCAAGGTCTTGACCGGGTTCGCGTCTTCGTCGCGGGTGATGTTCGCATCCGTCACGTCGATCACGCGCACGTAGTTCCCATCGTTCACGCCGACACCATCCGTGGAGCTGCGGTCGGCGATCGCGAGGTACGCCACGTGCGCGCTGCGCGACGTGCAGGCGCGGACCGTCTCCGGCACCGGCGGCGTGGCGCAGGTGCAGCGCCGGTCACCGCCGGCCGCGTCCGCGGCTTCCATGGCCGCCATCACGCGGTCCTCCAGCGCGCCCGTGGCGGCCTCGAAGGCGCGCACCGCGGCCTGCACCACCTCATTCGAGGCCAAGATGTTGCCTTGGATGGCGTAGAACACCTCGGTGCCCGGTACCTGCCCCTGCACCGCCAGCGACGCCGCACCGTTCCGCGCGCCCGAGAACCCGGCGAAGCGCCCTTGGAGGTCGAGGATGCCGAACTGCCGCACCTGGATCGCGGAGTCGGCCATCAGCTGCTGCAGGATCTCCGCGGGATGCGTGCCCTTCTTCAGCTCCGTGTGGATCAGCGTCTGGTTCGCGCGCGTCCGGTCCACGCCCGCTTGCGCCGCC
CP130612.1_gap65	2141359	2145452	4093	GTTGCTGCGCGCGTTCTCCGACGGCGGCAGCGGCCGTTCAAGCCGGTGCATGATCTCGGCATCAGCGAAGCCGAGCGCGTGCAGACGGGCGTTGATCGCCTCCCGCCCCACGAATTCGAAGAGATGGTTGAACGAGGCGTTGTCGCTGACCAACAGGATCCGCTTGATATAGTGCTCCACGCTCGGCCGGCCGCTGGCGGCGGTGCTGTCGCGGTCGACGAGCGTGTCGCCCTCGAGCAGCGGATGCGTGACCATCCAGGAATCGCGCCGCACGCCCGATGCGGCGAGCGCGTTGACCTTCTCCAGCGCAAGCACCGCCACGGGCAGCTTTACCGTGGAGGCCGGATAGTGGTACTCGGCCCCGGCACGGAAGCGGTGTTCGGTGAACCGCGGCCGACCGGCCGCGTCGCGATCGATCTGCGTCCAGATCGCCTGCACGCGGTAGCGCGCGGGATCTGCAAAGATCTCAGGTGCACCCGCTACGGTTGCGGCGGTCGCGACGGAGGCGGCGAGGGGGTCTGCGTCCTGCCGTGGAGCCGGTGCCCCTGCAGGCCCCGGGCAGCCCGACAACGCAACCAGCAGGATGAGCCACGGGGCTGTCCGTCGTGGCCTCAGGGGTCGGTGCGGCCGGCATGGGATCGGCATGGCCGCAAGCTCGGGCACCCGCCATCCACCCGCAAGCCGGCCCATCTTGCGGCGCTGCCCGCAAAGTCATACGATGGCGACCGCGACTCGTTCATGTGACCCAACCTTTACGGAGAGATCCTATGGTCGCAGCGATTCCTCGTTCATGGTGGCCTGCCACGCTCGCGCTCTTGTCCGCCCTCGCCGCCGCGGTGCCGATCGGCGCGCAGACGGGTGGCGTCATCAGCGGCACCGTAGTCAGCGAACGCACCGGTGGTCCCCTCGCGGGAGCGCAGGTGCTCGTCCAGGCCCGCAACCTTGCCGTCGCCACGGACGCCAGCGGCCGGTTCCGGCTCGTTGGACTCCCGACGAGCGGAACGGTCGAAATCACCGTCCGACGCCTTGGTTTCGCGCCGCGCACGCTGAGCGCCGACGTGGGCCAACTGGACCTTCGCATCGGCCTCACGGAACGCGCCGTGGAGTTGGGCGGCGTGGTCGTCACCGGCACGGCAGGCGTGGCCGAGCGCCGCGCCATCGGCAACGCCGTGTCCACGGTGAACGCCGCCGAGATCGTCGCGACGCAGCCGGTCAGCTCGTTCCAGGAGCTGCTCAACGGGCGGGCCGCAGGGGTCAGCGTCGTCGGGAGCTCGGGCCAAGTCGGCACGGGCTCGCGCATCCGCGTCCGCGGTGCCTCGTCGCTCTCGCTCACCAACAACCCGCTCATCTTCGTGGACGGGGTGCGCGTCGATAACTCGCAGGCCAGCGGCCCCACGACGCAAGGGTTCGGGTCGCAATCGATCTCGCGCTGGAATGACTTCAATCCCGACGACATCGAGAGCATCGAGGTCATCAAGGGGCCCGCGGCGGCAACGCTCTACGGCACCGAGGCGGCGGCCGGCGTCATCCAGATCATCACCAAGAAGGGCAGCGCCGGACGCCCGACGTGGAACCTCACGCTGCGTAGCGGCGGCAACTGGGTGCCGGACTGGCGCACACGCTTCGCGGACAACTACGGCACGGTGCCGCGTGCCGGCGGCGGCCTCGACACCGTCTCCATCTCGACGCGACAGCTCAACGACTCGCTGCAGCGCAACTTCGGCCGCGACATCTTCGAGGTCGGCGCCCTGCAGGACCTCCAGCTCTCCGTCGGTGGCGGGACGGACGCCCTGCGCTACTACCTCGGCGTGGGCTACGAGGAGAACCAGGGTGCGGAGCCGGTCAACCGCCTCAACCGCTCCAATCTCCGGCTGAACCTCTCGGCCGTGCCGAACGACAAGGTGAGCGTCACGACGTCCATCAACTACACGTCGGGCCGCACGTACCTACCCTACGAAGCCGGTGGCGGCGGTGCGACGTGGGGCACGTACTTCTCCTCCCCCGCATTCCTGTATAGCGCGGGGAATCCCGGCAACCCGCAACTGGGGTTCCGCTCGGGTCCGCCGGATGTGTACTACGACGCCTACAACAACTTCCAGGACGCCGACCGCTTCACCGGTAGCATCACGCTGGCGCATCGCCCGCTGGCGTGGCTGAACCACCGCATCATCGTCGGCGTCGACCGGTTGATGGAAGACAACCAGGCGCTCTCGCCACGCGACGACGTGATCGGTGCGCGCTACGCGGCGTTCAGCGGCTTGACGGCGCCCACCAACGGGTCGATGGCCGTCTCCACCCGCGACGTCGTCGTCTCGACCTGGGACTATGCCGCCAACGCGGACTTCACCTGGAACGACCGCTGGCGCACCGTGACCTCGGCCGGCGGCCAGTTCTTCGGACGGCGGTCGTTGTTCCGGGCCGCCTCGGCGACCGGCTTCCCGGCCGCGGGCCTGACCTCGCTGGCCGCAGCGGCCATCCGCGACATCTCGGGCGACGAGGTGTTCGAGAACAACACCGTCGGCGGCTATGTGCAGCAGCAGGTCATCTGGCGCGACCGGCTCTACCTGACCGGCGCGATGCGCGCCGACGACAACTCGGCCTTCGGCACCAACTTCGACATCGTCACCTACCCGAAGCTCAGTGCGTCCTACGTCATCAGCGAGGACCCGCGGGTCCCGCTGCCGGACGCGGTGGGCGAGTTGCGGCTCCGCGCGGCCTTTGGCGGCAGCGGCCAGCAGCCGGGCGCCTTCGACGCCGTGCGCACTTATGCGGCCGCCGGCGGCTTCCTCACGCCGGCCAACGCGGGCAACCCCGACCTCGGCCCCGAGCGCAGCCTCGAGACGGAGCTCGGCCTCGATGCCTCGCTGCTGGACGACCGCCTCGGCGTGGAGTTCACGTACTTCAACGGCACCACCCGCGACGCGATCCTCTCGCGCCTCGCACCGCCGTCCGCGGGCTTCCCCGGGAGCCAGCTCTTCAACGCCGGGCGCGTCGACCGCAGCGGCATGGAGTGGCTCATCCGCTACCAGCCGCTCAACACGCCGCGGGTGGCGCTCGATCTCGCTCTCAGCGGCTCGACGGTGGGCTACGACATCAAGAGCCTCGGCGCCAACACGCAGATCGTCGCGGTCACGAGCAATGTGCAGCACCGCGTCGGCTACGCCCCGGGCGCCTGGTTCGATCGGCGGATCGTGAGCGCCGATTACGACCCCGCGACCAACGTCGTGTCCAACGTCCTCTGCGACGACGGCGCCGGCGGCTCAGTCGCCTGCGCGAGCGCGCCCGCGGTGTTCCTCGGCAACTCCGTCCCGACCCGCGAGGGCTCGTTCAGCATCGGCAGCACGCTCTTCCGCGACTGGCGCGTGAATGCGTTCTTCGATTACCGGGGCGGCTACAGCAAGCTCGACGGCAACGACCGCGTGCGCTGCAGCCTCTTCAATCTCTGCCGCATCAACTACTACCCGCAGGACGGCTATGCGCCCGAGCTCATCGCGGCGCACCGCGGCGGCACGGCGTACACGTACCAACTGATCCACGACGCCAGCTTCACGCGCTTCCGCGAGCTGTCCGTCACGTACACGATCCCCACGCCGCTGGCCAGCCGGTTCGGCAGCACCAGGGCCAGCATCACCGTGGCCGGCCGCAACCTCGCGCTCTGGACGGACTTCCCGGGCATCGAACCCGAGGCCTCGTTCAACAGCGGCACCCGCGGCGGCGCCTACGGCCAGTGGGAGCAGAACGTGCTCCCGCAACTGCGCAGCTATGTCGTGACCATCAACCTCAACTTCTGACACCGATGCGCACCGACTTCCGCGCGACCCTTTGCGTCGCCGTCCTCGTGCTTGGCACGTCGGCCTGCGATGCCTTCGACCGCCTGCTCTCCGTCGAGTCTCCGAGCCGGCTCTCCGAGAACAACTTCCTCCAACCCTCCAACGCGGCACTGATCTCGGCCTCGGCCGTCGCGGACTTCGAGTGCGCCTTGGGGGGGTACATCGTCGCTGCCGGCCTCGCCGCGGGCGAGTTGGCCGACGGCAGCCAGACGGCGGCGCGCTGGAGCTACGACCGCCGCGACGTCGACGCCAACCAGGACCTC
CP130612.1_gap66	2155962	2159350	3388	ACGGGGGACCGCCGCCTCGGCGTCTGCGGCCTGTATGCACGCCACGGGATGCCCGGGCCCGGCATCGCCGCGTGGCTGGACGAGACGCGCGCCATCAGCGCGGCGGGTGACAGCTCCGCATCCTGGGACCGCGAGGCCCCGACCCAACGGCAGGTTGCCTGGGGCGGCGTCAGCCGGCTCAGCGGCGGCATGATGCTCGAGGCTGCCGCGCCGCTGGCCTGCGCCGCGGGGCGCGGCGACGCCTGCCACATCGCGCTGCTGAATCCTGTGAACGACACCAGGCGCCGCGTCAGCCTCCCGGTCGCGCAAGAACCGCGGCTCTCGTCGGCGTATCCGTTCGAGCTGCGTGACTACCCGGGCGACGTCACGGCGACCCTCCGGGCATCCATGGGCGCCGAGCGCTTCGCACGCTGGTGGCAGAGCGCCCTTCCGCCGGCGCAGGCGTACGAGGCCGTGACCGGGGAGGCCTTCGAGACCTGGGCGATGTCGTACATGCGCCGCTACGTCGGGGAGCGCAACAGCGGGCCGCTGCGCGCGGGCCTCCCGCTGGCGCTCGGGTTGCTGTTGGTGGCGGGACTCAGCGGCTGGGCCGTGCTGCGCGCGCCCCGCGCGCGCAGCTAGGGCCGAGCGCGCGGCGCCGACTAGGGCTGCTGCACCATCGCCGCGACGCGCTGCTGCACCATGTCGCGGATGCGGATCTCGAGGTCGCCGGTCGACGAGCAGCGAACGTCCTGCGTGCTCGACGTGATGGGATTGCGTCCGACCGCCGAGATGATCGTGCCGACCACGGAGCCGCCGCCGGGATTCGCCGTCACCGTCGTGACGATGGTGATGTTCATCTGGTAGGTCTCGGCGTTTTCGATCGTACCCGAGCGGCCGCACTCGAGGTAGCGTTGCATCGGCACGCGCCCGATCTGGCGACGCGTACGCCAGCCCTCGTTGCCAATCACCTTGCGATTGGCGTCGTTGACCGTGAGCGGGATGCCGAGATCCTCGTACACGCTGGGCAGCACCGACCACACCTGGGCAACGGTGCCGGTCGAGAGGAGGCGGATGTTGTTGTCGAGATTGGCCGACGTGATGGCGAGACCGCCGCCGCCCGACGACGTCACGACACGCTCGGTCTGGATGGTCGGGGCCGTGGACGGAACCGGCGCGGGATCGGAGCCGCCAGGACCGGAAGCACAGGCGGCAGTGACGAGCAGCAGCGCGAGCGGGGCGTGACGCATGACGGTCCTCTCGAGGTGGTGAGCACGGGGACATCCCATGGGACGTCCGCACCGCGCAGAAGTTACCCCGCGAGCGCCCTGTGGTGCCACCGGGCGCGGGACGCCGGCGCGCGGTCGCACCCCGTCCGCATGCACATGCGGCCCCCGGCGGGAAGCCGGGGGCCGCGACGTGAATACTGCTGGAGAGCCACAGGTGGGAATTGAACCCACGACCGCTCGATTACGAATCGAGTGCTCTACCCCTGAGCTACTGTGGCGGGGAGAGGATCCCACTCGGTACTGAGGAACCACACCGACATGCCCTGGCGCGGACTCGAACCGCGACGCCTTGCGGCACCACCCCCTCAAGATGGCGTGTCTACCAATTTCACCACCAGGGCTTTCCTACGGGGGAGGAACGGACAAGGTGAAGGCTGAACGGAAACCCCTTCATCCTTCACCTTTGCCATTCTTCCTGAACGGGAGCGACGGGGCTCGAACCCGCGACCTCTCGAGTGACAGTCGAGTGCTCTAACCAAACTGAGCTACGCCCCCAACTACGTCCTGCGCGTGCACTGGCTGGGAACGGTGACCCGATCCTTCACCCGCACCTCCTGCTCCAACTTCCTCCCCCAAGCGGGGGCGGAGTAGCCCCAACGGGAATCGAACCCGTCTCTGCACCTTGAAAGGGTGCCGTCCTAGCCGATAGACGATGGGGCCGATGTCCCACGGTGCCACACCAGCGATGCTGCATCCAACAGTAGCGGTAACGGGATTCGAACCCGTGTTCCAGCCTTGAGAGGGCTGTGTCCTAGGCCTCTAGACGATACCGCCAAAGGGCAGACTTGAGATCAGAGACGTGAGATGAAAGCGGACTGCAACCGAACTGCAACCACTTCCACGCTCTGCCGTCTCGCACTCCCGTCTTCTCACATCTTCCGACTTACAGCTTACATCTGCAGTCCCAACAGGCCCGGAGGGAATCGAACCCCCAACCGCCGGTTTTGGAGACCGGTGCTCTACCAATTGAGCTACGGACCTAAGACCTCGAGGGGTGGCTGACGGGATTCGAACCCGCGACCCTCGGAACCACAATCCGATGCTCTAACCGACTGAGCTACAGCCACCATATCTCGGCCCGCATCGGCCGGAGAATCCGAAAAATAGTGGAGCGGTCCGGGCTTATCAACTAGTCCTTTGCGCGATCCATGTACTCGCCAGTGTTCGGATTCACGCGCACGCGCTCACCCGTGGCGATGAACTCCGGCACGTTGATCGTCACGCCGTTCTCGAGCTTGGCCGGCTTCGAGCTGGCCGTCTTCGTCGCCGTCTTCATCACCGGCGCGGTGTCGACGATCGTGAAGTTCAGGAACTGCGGGAGCTGCACCGACATCGGCTTGCCGTTATAGAACTCCACCATCACCATCATGTTGTCCTGCATCCACTGGGCATTGTCCCCGAGCGTCTCGTCGTCCATCTCGAGCTGCTCGTAGTTGTCCGTGTTCATGAAGTGATACGTGTCGCCCGCCTTGTACAGGAACTGCAGTTCCTGCGTCTCCATGTCCGCCTTGTGGATCTGGTCGTCGGCGCGGAAGCGGTGCTCGAAGTTGTTGCCCGAGCGCAGGTTCTTGAGCTTCGCCTGCACCATCGCACGCAGGTTGCCCGGCGTGTGGTGGCGGAACTCGATGATACGGCAGGGATCGCCCTCGAAGACGATCACCATCCCGCGGCGGATCTGGGTGGCCGGCAGTGCCATAGTCGGACCGAAAAGAACGGAGTGAAAAGCGCAGGTAAACCTAGACAGCCTTTAAGCTTAACTGCGCTTTCCCCCTCGGTCAACGGACCCCGTTCGCCCCGTCCTGCCTACCGGAGCCGCGCCAGCAGCGCGCGCACCGCCGCATCCAGCTGGCTGTCGACCCCCCGGTACTCCTCGCCCACCGGCCGGTCCACCCGCACGTCCACCGGCCGCGGGAAGAGCTCCATGTCCTTGCCCTCGGCGTCGCGGATCCGGATGAACGGGATGCGCAGCGTCGTGCCCTCGAACAGCGTGACGTTGCTCGTGTAGATGATCCAGCCCGACGTCGGCTCGCCGATCACCGGCCCCAGACCCAGCGCGCGATAGCCCTCGGTGAAGTCCTCGGCGTCGCTCAGCGAATGCTGGTTCGTGACCAGCACCGTGG
CP130612.1_gap67	2209974	2211462	1488	GATGAACCGTCGCGAGAAGGCCGAGGAGGAGCAGCGCCTCCGTCGGCTCGAACTGCAGCGCGGCCGGACGCTGGCGCAGATCGAGGCCCAGCAGCGCACCGCGCAGCAGCGGCTTCAGCAGATCTCGCGCGACGAACAGCGGCTCACGAACGTGATCACCGCCCTCGAGGAATCGCGGCGGCGTGCGGAAGCGGCGGCGGCGCGCTCAGGCGCCGCGCCCAGCGCCAGCGCCCTGACCACGGCCGACCTCGGACGCCTCGACTGGCCGGTGGAAGGCAGCATCGTGTATCGCTACGGCCGCGTGGTGAATCCGAACAACACCAGCATCACCTGGAACGGGATCGGCATCTCGGCGCCGGCGGGCACCCCGGTGAAGGCCATCGCCGAGGGCGAGGTGGTGTTCGCCGAGCAGGCCGGCACCTACGGCCTGACGATGATCGTGCAGCATGGCGGCGGCGCCTACTCGATGTACGCCTCGCTGCAGGAAGTGCACGTGCGCCGCGGCGGCCGCGTCACCAAGGGCCAGACCCTCGGGACGGTGGGGCAGGCCGATCCCGACCTGCCCCCCCGTCTGCACTTCGAGATCCGGCCCAACGGCGGCCGGGCAGTGGATCCGCTCGACTGGCTAAGGCGCCAGCCGCGTTAACGCTGCACCGCGACGGCCGCGGCGCTCACGCTGACCGGCACCGCGAACGGCCCGAAGTCCTCGTGGTTCTCCTCGACGTGCAGCAGCGCGAACGAGACGTTGTACGAGCCGGCCGCCGAGGCCGTCAACGTGCCCGCGAACGGACCCGTGCGCGTGAACGTCACGCCGGCCGGCAGCGTGAGTGCCACCTGGAACTCGTCCGCCTCGTCCTCGAGCGCGTCGCTGGTCATGTCGGCCTTGAGGAAATCGACGGTGATCGAGCGCGCGACACCGGCCTGCAACGTGAGCGGACCGCCCGTGACGGCGCCCGTGCTGTTGACCATCACCTGCTGGGCACCGGCCGTAATGCGCATGAAGTCGACTTCGACCTCGTGGTCATCCTTGTCATCGCTGCAGGCAGCGAGGGCGAAGGCGGACAGCACGAGCAGCGCGGCACGGCGGGCGTGACGGGACAACTGAAGCATCGCGAATATTCTCCAACGAATGGTGTGACGGATGCGACGGCCGCCCCATGCGGCCGCCAGGGGAACAACAGGCTTCAGAACTGCACCCGATACAGCAGGGCGACATTGCGCCCCGCCTCGGGGATGATCTCCTTCGTCCGCGAGAGGTGCTCGCGGATCTCGGCGTTGAGCAGGTTGTCGATACGCAGCGTGAGGCTGTGCAGGCGCGAACCGATCACGAAGCGACGGCCCACGTTGAGGTCGACGGTGGCATAGCCCGGCGTCTCGGTCTCGAAGTCGCCGAGCGACGTCTGGCGCGCGGCGAGGCGCAGGCCCGCGCCGTACGACCACTGTGGCGTCTCGTGGCGGAGGCCGAGCCGCCCATTGAGCGGCGGCATC
CP130612.1_gap68	2215143	2219205	4062	CCGAGTACCTGATTCCCTTCCCCTTCGATCCCCGCGCGTTGCTGACCGTGGCGCCCGCGGTGGCATGGGCGGCGGTCGCCAGCGGCGTGGCCCGCGAGTTCATCGAGCTGGAGACCTACCGGGACCAGCTCGAGGCGCGGCTCGGTCGCGCCCGCGGGATCATGCGCGGGCTGGCGACGCGCGCCCAGCGTGAACCCAAGCGCGTGGTCTTCCCCGAGGGCGAGGATCCGAAGATCATCCGCGCCGCACAGATCCTCGCCGACGACGGGATCGCGACGCCCATCCTACTGGGCCGCAAGGACCGCGTGCGCGCCACGGCGGAGGACCTCGGGATCTCCTTGGACATGATCCACGTCGAGGAGCCGGGCACGAGCGCCAACCGCGAGCGCTACGCACAGTACCTCTGGCAGAAGCGCCAGCGGAAGGGACTCTCACTGGTGGAGGCCGGCCAGCGCATCACGCGCGCGACGAGCTTCGGCTCCGTCATGGTCGCGATGGGCGACGCCGACGCCCTGGTCGGCGGCTTGGGCAAGCACTACCCCGAGACGATCCGTCCGGCGCTGGAGATCATCGGCACGGACCGTCGCCACGGGCTCGTGAGCGGCCTCTACATGCTGGTGTTCGAGAAGCACGTCGTCTTCTTCGGCGACACCACGGTGAACATCGAGCCGACGTCGGAGCAGCTCGCGCAGATCGCCTGGAGCGCGGCGGGCCTCGCCCGCACCTTCGGCATCTCGCCGCGCATCGCGATGCTGTCGTTCTCGAACTTCGGCTCGGTCAAGCACCCCGAGGCGCAGAAGGTGGCCCAGGCCGTCTCGATGCTCCGCCTCCGCGACCCCTCGCTGGTGGTCGACGGCGAGATGCAGGCGGACACGGCGTTCAGCAGCGAGATCCTGAACACCCGCTTCCCGTTCTCCGCCCTCAAGGAGGCGGCGAACGTGTTGATCTTCCCCGACCTCAGCGCGGGGAACATCGCGTATAAATTGCTTACCCAACTGGGCGGGGCCACGGCGATCGGCCCCATCCTCGTCGGCATGCAGCACCCGGTCCACGTACTGGAACAGGGCGCCGACGTGCAGGAGATCGTCAACATGGCCGCCGTTGCCGTCATCGACGCGCAGCAGCGCTCCCGTCCCACCACCTGACATTCCCATGACCACTGCTTCCGCTCCCGTGCGCGAGAGCTCGACCGGACTCGGCGCCCAGGGCCTCAAGCCCGCTGGCACGCTTCACTGGAATCTCGAGGCGCCGGACCTCGTGCAGGCCGCCATCCGCAAGGGTGAAGGCGAACTGGCCCACATGGGGCCCTTCGTCGCCGTGACCAAGCCGCACACCGGCCGCTCGCCGAACGACAAGTTCGTCGTGAAGGAGCCGAGCACCGAGAACGACGTCGACTGGGGCAAGGTCAACCAGCCGATCAGCGAGGCGCATTTCGAGACGCTGCTCGCCGACGTGCAGGCCTACCTGAACCAGCAGGGCGAGCTGTTCGTGCAGGACCTCTACTGCGGCGCCGATGCGGCGTACCGCCTCTCCTGCCGCTACGTCACGCCGAATGCCTGGCACGCGAACTTCGTGCGGAACATGTTCATCCGCCCGGACGTCAGCGCGCTGGCCAGCTTCGTGCCGAACTTCTCGATCCTGCACGCGCCGGAGTTCCAGGCCGATCCGGCCAAGCACGGCACGCGCACGAGCACGTTCATCGTGCTCAACCTCGCCAAGCGCACGATCCTCATCGGCGGCACGCGCTACGCGGGTGAGCTCAAGAAGTCGATGTTCACGGTGATGAACTACATGCTGCCGAAGCAGGGCGTGCTCTCCATGCACTGCTCGGCGAACATCGGCAACGACGGAGACACCGCGCTGTTCTTCGGCCTCTCGGGCACCGGCAAGACGACGCTCTCGGCGGACCCCGAGCGCGGCCTCATCGGCGACGACGAGCACGGCTGGAGCGAGCACGGCGTGTTCAACTTCGAGGGCGGCTGCTACGCCAAGGTCATCAACCTCTCGAAGGAGCAGGAGCCCGACATCTACGCCACGACGGAGATGTTCGGCACCATCCTCGAGAACGTGGTGCTCGAGCCGGGCACCAAGCGCGTGGACTTCGGCTCGCAGGCGATCACGGAGAACACCCGCGCCTCGTACCCGCTGCACTACATCCGCAACCACGTGCCGAGCGGGCGTGGCAACCATCCGAAGCACGTCGTGTTCCTCACGGCCGATGCCTTCGGTGTGCTGCCGCCGGTGGCGAAGCTCACGCCCGAGCAGGCGATGTACTACTTCCTCTCGGGCTACACGGCCAAGCTGGCCGGCACCGAGCGCGGCGTCACCGAGCCGCAGGCCACGTTCTCGGCATGCTTCGGCGCCGTGTTCCTCGTGTGGCACCCGACCAAGTACGCCGAGATGCTCGGTGAGCTGCTGAAGAAGCACGGCTCGCAGGTGTGGCTCGTGAACACCGGCTGGAGCGGCGGCCCCTACGGCGTCGGCGCACGCATGAAGCTGCCGTACACGCGTGCGATGGTGCGTGCGGCCCTCTCGGGTGCGCTCGAGAAGGAAGACACGATCACCGACCCGATCTTCGGCCTGCACCTGCCGGTGCACGTCGAGGGCGTGCCGAACGAGGTCCTCAACCCGCGCAACACGTGGAAGGACTCGAAGGCCTACGATGAGCAGGCCAAGAAGCTCGCCGCGATGTTCCAGGAGAACATCAAGAAGTTCGGTGCGGCGGTCTCCGCGGATATTCTTAGCGCGGGGCCGAAGGGCTGAACGCGAGGGCCTTGGGCGGAGGACGGAAGGGGGCCGAGACGAGAGTCTCGGCCCCCTTTCTTCACATGTGCGCTACATGGAGATGCGGGAGAGCTCGACGATCTCTCCCGCTTCGTTCAGCGAGAACTCGAATGTATGTCCGACCAGCTGCTCAGGCACCGACGCCAAATCACGAACGCGGCTCTTGAGCTTCTTGCCCACGGCAAACCACTCCGCCTGAACTCTCCCTTCGGCGCGCGTGCGAACCTTGAGCGCGACGGGCTCACCAATGCGCTTCGCACCGTGCGGTTGCCGCACGACATCAACTTCCTTCACGCTGCCAACGATTCGCTCCCGAGTCGCCTTCTTCTTCGCCACGTTCCGCCTCCGAAGAGTTGACGGTATCCCGACTCACTCCTTGGCCACGACCGTGTCATACAAGCCATACTGCCGTAGCCCCTCGTGGCTCGCGATGCCCGTGTACTGCAGTGAGGCGTCCTCGTAGCGCCGGAACGCAAAGACTGCCTGGTTCATCTGTTCGGTATTGAAGACCCGATGGCGCACCAGCAGATGGAAGTCCTTCACCGTCAGCCCCGTCACCGTCCGGAACAGGTCCGGCTCGAGCTTGGTGATGACATCTTGGAGCGTATTCTCACGGAAGTCTGTTAAGTACATAAACGCCGGAATGCGCGTCGCGAACTTGATGAGCTTCTCTTGGATGAGCTTCCGCTTGGACTTGTACTCCCGCTCGGCCTCCGTAAGCTGCTTCTGCTGCTTGGCCGTAAGCTTGCCGTCCTTGGCCTTCCCCTTCAGCTCCCTGATCTTCTCGCTCTTGTTGATGATAGTCTCGATCGGGTGATCGCCAAGCGATCGCCAGCCCTCGATGCGCTCCACCGCCGCAACTGCCTCGGGATCCGCGAGGATGCGAGCCAGCGTGGCGTTGTCCACGTTCACCAGCAGCGCGGACTCCCACTTCCGAGCCAACAACGTGGCGGACGTCCCGGCCATTGCGATGTCGAGAATCTCCCCGGCGTCCACCTGCTTCATCGTGGCACCGTTGTAGGCCAGCACCGGAAGGAACGCGACGAGGTCCTTCACGGCGTTCTCGGGGTTGGGGTCGCCCGGCGAGAGACCGATGCCGTACTCGGAGAGCTGTCGTAGCGCCCGCGTGGGCGCGAAATCGAACACGAAGCAGACCGGCTTGAGGATCTCCTCTTCGTGCGGGTCGTCACCGTTTGGGTTCCTGATGGCCCAGGGCGATTGCACGCGGAACGCGGCCTGAAAGTAGGTCTCGGGCGACGTGAGATTCCGCAACATCAG
CP130612.1_gap69	2222525	2226131	3606	GCGGGTACGTCTTGGCCGGCGTGAAGATCTCGTGCTTCCCGAGATGGGCGAACAACGATCCTTCCTCGCTGAACGCCGAGGACTGGGTCAGCTTGTCCAAACGAAAGTCCCGACGCTGGAACTTGCCCTTGCCGAGGTAACCCCACTCTGCAAAGGTGATGGGCTGCCCGACGCTCGTTCGCATCGTCAGGGCATCCCCGTGCACGAGGTTCACGGAGAGCACGTACGCGGCTGCGCGCTGCAGGACATCCGACTCCTCGAGCCGCAAATACTCCGCGAACACTTCGAGCATATTCGCGCGGCACTCCGCGATGTTGTCGTCCAGGAGCTCGATCCCGTACGTGCACATCAGACCAAGGAGCGCATAGTGCCGTCGCTCGAAGTCTGACCGAGCGAACTTCGTCTCGACCGCAGCGAGCTTGCGCTGCAGGATCTTGACCAGGAAATTGCCGCTGCCGCAGGCCGGCTCAAGGAATCGGGAATCGATGCGCTCCGTCTCGCCCTTCACGAGGTCGAGCATCGCCTCAACCATCCACGCAGGCGTAAACACCTCTCCGTGATCGGCGACGCGCTGCTTGGATCTGACGAGAGTCATAGGCTGGGGCGCAAAGAGGGTTGACGGTATAGGATAGCTGTTCGCACTACTCCCCCACCAGCCGATAACTCACGCTCCGCCCCCCGGCCTCGTTCCGCACCAACACCCCCCACCCCACCAACTCCTTCACGTCCCGCAGCGCCGTATCGCTCGAGCACTTCGCCAGCGTCGCGTACTTCGACGTCGTCAACCATCCCGCCCAGTCCCCGAGCATCCGCGAAAGCACCAACCGCTGGCGATCATTGGGGCCGCGCGCATTGACCAAGTCCCACACCCGTGCATCGCGCAGCACGCGGGCCATCGCCCCCTCGGCACGCGTGAACGAGCGATCAAGACATCCGAGAAACCATCGGATCCAACTCGTGATATCCAGCCCGCCACTCTGCGCACGCTCCAACTGCCGGTAGTAGTCGTTGCGCTCGGCCTCGATCTGCGCCGACATACTGTAGTAACGCTCACGCCGACCATCCGCGCGCGCCAAGGCCAAGTCCGCGATTGCGCGAGCGATGCGTCCATTTCCATCGTCGAACGGATGGATCGTCACGAACCAGAAGTGCGCGACCGCCGCCCGCAGCACGGGATCCAACGCCGACGGCGCGTTCATCCACTCGAAGAACCTCTCCATCTCGCCCTGCACCCGCGCGGCCGCCGGTGCCTCGAAGTGCACACGCGGCTCGGCCAACGACCCCGAGACCACCTGCATCGGACCCTGCGCATCCGTTCGCCACGCGCCGACTGAGAGTCGACTGCGCGCGGTGTGCCCGACAGGAAACAGCGCGAGATGCCAGTCAAACAATCGCCGCTCCGTGAGCGGCTGATCGTAGTGCTGCGTTGCATCAAGCATCATCTGCACCACGCCGTCCACGGTACGGCTGGTCTCTGACAGTCCGCCCACGGGAATCCCCAGCCGGCGGGCGATGGACGATCGCACTTCAGCGGGAGGCAGTTGCTCCCCTTCGATGGCCGAGGACTTCACCACATCGGCGGTGAGCGCCGCGAGCTGCGACTCCTGCCGCGTCTCGAGCCCCAGCGCTGCCACTCGGCCCACCAACAACCCCTGCCGATGCCGCACGCCCGATAGCTGCCCAGCCAGGGACTCGATGTCCCAGGCGAGCCGCGGCCACTCAGGGTTATTATGGATGTATGACATATTCACCGCAAATTATGCGGTGAATATGGCCGTTTGCGGCGAAAGAATCAACTATTTACCGCACAATTTGCGGCGAATAGCCTGCGTATTCGCCGCAAACGCTGTAACTCATTGTCAATAAAGCAGATATATTCATTCCCAGCATGCCCACGCTCCGCGACCCCCTCTGGAACAACATCCGCATCGAAGGCCCTTACCTTCGCCTGCTCGACACGCCCGCGTTCCAGCGGCTGCGCTACGTGCGGCAACTGGGCCTCGCGCACCTGGTGTATCCCGGCGCGACGCACTCGCGCTTCGAGCATGCGTTGGGCGCCTACCACCTCGCGCAGGAAACGGTCCGGATCCTGCGTGAGACGTCGGTAGAAGACGGCTTCCGCGAGCTCGACGGCCGCGTCGTCATCGCGGCGGCGCTGCTGCATGACATCGGGCACTACCCGTTCTCGCACGCGCTCGAGGAGCTGGGCGTCCCGCACCATGAGACGGTCGCGGGACCGCTGATCGCCGAGGGTGCAGTGGCCGAGATCCTGCGCAGCGAATTCGCGACGGACGCGCCGGAGCGCATCCTCGCGCTGGTGCGCGGCGAGAGCCAGGAGCCCCTCCAGGGCCTCATCTCCGGCAGCATCGACCTCGACAAGATCGACTACCTCAAGCGCGACGCCATGAACTGCGGCGTCTCGTACGGCGAAGTGGACGTCGACCGCCTGCGCCATGCGCTGGTCCTCGTCACCGATCCCGTCACGGGCCGCCGCGCCGTGGGCCTGAAGGAACGCGGCCTCTCGGCGCTCGAGTCCCTGCTCTTCGCCAAGTACCAGATGTACCGCAACGTGTACTGGCACCACGCGGTGCGCAGCGCGACGGCGATGTACAAGCGCCTCGTCGAGGACGCGTTGCAGGACGGCTCGCTCGACCCGCTGCGGCTCGCGCAGTTCACCGACGAAGGGCTGCTGCACGACCTCGAGCGCGGCGACCGCCCGTTGGTCGCGGCCATTCGCGAACGCCGCCTCTTCAAGCGTGCGCTCGAGGTCCCGGCCTTCGCCCTCGCCGACTACGACCTCGAATGGTTGGCCGACGATCGCGCCCGCATCCGGCTCGCCGAGGATGCGCTGGCCGCGTCGATGGGGCTCAAGGCGGGCGAGCTGCTGCTCGACTTCCCGCGCAAGGAGCGCATGCTCGGCTTGGACCTACCGCTGCTCGCCAAGGACGGCAGCGTGCATCGCCTCACCGACGCCGGGCTCGCCGGCACGCTCAACCTGCCGATTCTCGGCGAGCAGCTCTACCAGTCGGCGCGCTGGCTGCGCGTGTTCACGTCCGAGCGGCGGTCGGTGGCACTGGCCGAGGTACTGGCCGTGCTCGGGCGCTGAGGGCCGCTACGCCGTGGGCTCGGACGACGCCTGCTTCGCCTTGCCGTGCGCCTCGGCCAACAACTTGCCGATGCCGCGATAGAACTTCGCATCGGCCCCGCGCCCTTCCTCGGCCATCGCGAGGGCACAGCGCTCCAGCGCGTAGAGGATGTTGCCCAGGTACAGCTCGGCGAGCCCGCCGACCGATTCCGGCTGTTCAGCCACCCGCGGCCTCGAGGCCGAGGACCTGGATGACGATCGCCGTGATGTTGTCGAGGCCGCCGCGGCCGTTGGCCTCGGCGATCAGCGAATCGACGATGCGGCCCGGACCCGAGCGGGCCATGAGCAGCTGCGCCAGACGACGGTCGTCGACCATGCCGGTGAGTCCGTCGGAGCAGAGCAGGAACACGTCGCCGACGCGCACCTCACCCGAATAGATGTCCGACTCGACCTCGTCGCTCGCCCCGACGCAGCGCGTGATCACGTTGCTGTAGGGGTGATACCGGGCCTGCTCCGGCGTG
CP130612.1_gap70	2227231	2228005	774	GGCTCACGAACCGGCTCGGGCGCCGGCACCGGTGCGGCGGCAACCGCAGGCGCAGGTGCCGCCTTCGCGACATCCGCGTAGAACCGGAACTCCTCGCTCCCCATCTTCAGCACATCGCCGCGACCGAGCAACTGCGAGCCCGCGACGCGCACGCCGTTCACCCACACGCCGTTGGTGCTGTGATCCGCCAAGACGTAGCCGTTCGCCGCCGGCGCGATGCTCGCATGCTTGCGCGAGACTTCGCTCGACGAGAGGACGACGTCGTTGCCGACCTCGCGCCCGAAGGTGATGCCCGCGTCGCTCACGGTGTACTCGCGTCCGTCCACGAGCGAGACAAGGCGACCGCCGGTCGCCGTCGTGGGCTTCTTCGGGGCCGCGCCGCCCTTGGCGTTCGCCACCAGTGCCGCGACATCCGCCGCCGAGACGAACTGGGTGCTGCCTTCCTTTTGGTCGTCGCCGAGTCGCAGCTCGTGGCCCGCGATCTCGACGCGGTCGCCGTGCAGGAGGGGGCTGGGCTCGAGACCGAGCTGCACCCCGTTCACCAGGATGACCGCATCCGGCGCCCCGCGCTTGATCACCACTCCGGAGCTCCCGACCGTCACCACCGCCCGGTCCGACGCGCCCCCGTTAGGCAGCGGGACCGTCGCGCCTGGGAAGGCACCGACGGTCGCATCACCCGCCGGGAGCGGGAACTGTTGGTCCTGGAGCTGCAGATAGGGCATCCGGGACGAAAGTTACCGCACCGTCCGGAAGGTCGGCAAGCGCGACGGTCCC
CP130612.1_gap71	2230250	2234759	4509	GGGCTTGGTCGAAGGCGAAAACCTCGGCCAGCGCGTGCGCGATCGCGGGCCGCTGCCGCCCGGCGACGCCGTGCGGCACCTGCGCGAGGTCGCCTGGGCGCTCGCCTACGCCCACGCGCGCGGGGTGATCCACCGGGACGTGAAGCCCGAGAACATCATGATCGAGCGCGGCAGCAATCGCGCCTTGGTTACGGACTTCGGCATCGCGCGCGTCGAGACCGCGGCGCACCTCACCACCGAAGGCCACGTCGTCGGCACCGCGCACTACATGAGTCCCGAACAGGTCAACGGCGGCGCGCTTGACGGTCGCTCGGATCTCTACGCACTCGGCGTCGTCGGGTACTTCCTGCTCAGTGGCAAACTGCCGTTCGAGGGCATGACCCCGGGGGCGGTGCTGGTCGCGCACGCTACCCAAGCGCCGCCGCCGCTGCGCAGCGTCGCGCCGCAGTTGCCGGCCGCGCTGGCCGAGACCATCGATCGCTGCCTCGCGAAGCATCCCGAGCAGCGGTTTGCCACGGGCGAGGATCTAGCCGAGGCGCTGCGGCGAGCCATGGAAGGCGCCGTCGCATCGCGCGAACCTGTCGTCAGCGATCGGCATCGCCTCCTCTCGGAGGATCAGGCCGCACTGGTGTGGCGGCGGGCCGCCCAACTGCAGGCGGAAGCGGCCGCGCGCCTCGAACGCGAGACCCGGGCACACGCCGTGCGGACGCAGCTGGGTGAACCCGTGACCACGAGCACGCCGGCCCAAGGCCCACCGACGTCGAGTTATCGCCTGCAGGACGTGGAATCGGCGGCGATCGAAGCCGGCATTTCGCAGCGCTACGTGGCCCTGGCGCTGAGCGAGCTCCCCGGGACGGACGCCCTCGAGGCGGCGGTCGACCCGAGCGAAGCGCGCGAGCAGGCGGGGCGCGCCATCCTCGGGCGCGTCCAACGTTCGCTGTCGGTCTCGCGGGTCATCCGCGCGCCGGCGCGCGACGTGCTCAAGGCGATGGGCCGGACGTTCCAGAACGCCACTTTCCGGCTGACGCTCAAGGACCAGCTCGGTCGGCATCCGCTCGACGGCGGCATCCTCGTCTTCAAGTTGCCCGACATGGACGCCTCGGGGACGAACTTCACGCACTTCACGTGGTTGCGGTACGGACTCTACGCGCGCGAGCTGCGAGCGACGATCCGCCCGCTCGACCTCGACGGCGGCGCCGCGGAGGTGACCGTCGTGGCGGACCTGCGGCCGGGAGTGGGCTACAACGTGTGGGGCTACGGCATCATCGCCGGCGGGATTAGCGCGGTGTCCGGGGTCATCGGCGGTGCAATCGGGGCCAAGGCGATGGCCCTCGCCGGCCTCGCGATCGGCGCACCGGCCGCCATCACAGCACTGGCCGCCGGCGCGCTGGCCATTTCCGCCTCGCGAGCTTTCTACCGCTGGGAGCTGCAGACGGCCACGCAGGAGCTCGAGGAGCTGCTGCAGGCCATCGAGGGCACGTTGCGCACCCGCAGCGTGTTCGAGGAGGATCCGCCGGCGCTCCCGCCGCCGGCCGCCGCGTCAGGCCCAGACATTACGCTGCTCAGCACGTGAAAGACCGCATCATCGTCCGCGGCGCGCGCCAGCACAACCTGCGCGACGTCTCGGTCGACTTCCCCCGCCGCGCCATCACCGTCGTCACCGGACCCTCAGGCTCCGGGAAGTCCTCGCTCGCGTTCGACACCATCTACGCCGAGGGCCAGCGGCGCTACGTCGAGTCCCTGTCCGCCTACGCGCGGCAGTTTCTCGAGCGCATGCCCAAGCCGGATGTCGATTCCATCGACGGCCTCTCGCCGTCGGTGGCCATCGAACAGAAGAACCCGACGCGCACCTCGCGCTCGACGGTCGGCACGGCCACCGAGATCACCGACTACCTGCGGCTGCTCTGGGCCCGCGCCGGACACACGCTGTGCCCGCACTGCGGACGCGAGCTCAAGCCGGATTCCGCGGAGTCCGCCTGCGACGCCGTCCTCGCCTGGCCGGCAGGCACGCGCCTCATGGTCGCCTTTCCGTTCGCGCGCTCGGCCAAGCTCACGCACGCACGCATCCTCGAGCATCTGCGCGCAAAGGGCTTCGTGCGCGTCGCCGCGGATGGAATCGTGCTGCACCTCGACGAGATCACGGGCAGCAAGCCGAACCTCGCGAAGGTGAAGGAGCTGCTCGTGGTCACGGACCGCCTGTCGGTCGGCACGGAGCAGCGCACGCGCCTGACCGACGCGCTCGAGACGGCGTTCCGCGAGGGGGACGGCGACGCTGTCGTGATTCCGGTGTCCGAGCCGATCGCACTCGCGCCGCTACGCTTCACGACCGCGTTTCGCTGCCCGAACGACGGGCACGTCGCGCCGCCGCCCTCGCCCCAGCTCTTCTCGTTCAACAACCCGCGCGGCGCCTGCGAGACCTGCAACGGCTTCGGCGCCACCCTGGAGTACGACGAAGCGCTCATCGTCCCGTACCCCGAGCGCACGCTCGCCCAAGGCGCGCTCGATCCGTGGACCAAGCCGCGCTACGAGAACAAGCGCCGCGCGCTGGCGGAGTTCGCCAAGGCGAATGGCATCCCCATGGATGTCGCCTGGCGCGACCTCGCATCGGCGCAGCGCGAAAAGCTGCTGCGCGGCAAGGCCAAGGGCTACGTCGGGATGTTCCCCTTCCTCGAAGCCCTCGAGCCGAAGAAGTACAAGCAGTACATCCGCGTGTTCCTGCGGCAGTACCAGACCGCGCAGACCTGCACGAGTTGCCAGGGCGCACGGCTCAAGCCCGACGCGCTGCACGTGAAGGTCGCGGGCAAGACCATCGCCGAGGTGCAGGCCATGCCCGTCGGCTTGCTGCGCGCGTGGATCGACACTCTCGCGCTCTCGCCGCAGGAGACGGCCATCGCGGCGCACATCCTGCGCGAGGCCCGCGATCGCATCGCCTTCCTCTGCGATGTCGGGCTCACGTATCTCGCGCTGGACCGCGCCACGCGCACGCTCTCGGGCGGCGAAGCCCAACGCATCGGCCTCGCCAACTCGCTCGGCGCGCGCCTCGTCGACACGCTCTACGTGCTCGACGAACCCAGCATCGGCCTCCACCCGCGCGACCTCGGGCGCCTGCTCGACTTGCTGAAGCGCCTGCGCGACACGGGCAACACCGTGCTCATGGTCGAGCACGACCTCGAAGCCATCCGCCTGAGCGACTGGATGCTCGAACTCGGCCCCGCCAGCGGCGAGAAGGGCGGACAAGTCGTGTTCAGCGGCCCGACGGTGAACGCGGCCGACAGTCCGCTCACCGGACAGTTCCTCACCGGCGCCCGCACGATCGCCGTGCCCGCCAAGCGCCGTCGCGTCGGACCGCAGTGGCTCACCCTCAGCGGCGCGCGCGAGCACAACCTGCGCGAGGTCGCCGTGAAGATCCCGCTCGGCGCGCTCACTTGCGTCACCGGCGTGAGCGGCAGCGGCAAGAGCACGCTCGTGCACGACGTGCTCTTCCGCGCCCTCGAGCGCCAGCTCACCGGCGAGCACACGGCGCGCCAGCACCTCGGCGAACGCGTCGGCGCCTTCGACAGCCTCGACGGTTGGCAGGCGCTCGACGAGGTCGTCCTCGTGGATCAGGAGCCGATCGGCAAGTCGCCGCGGTCGAATCCCGTGACCTACGTGAAGGCCTTCGACGAGATCCGGCGCATCTTCGCCGAGGTGCCGCTCGCGCGGCAGCGCCGCTACAGCGCGGGCACCTTCTCGTTCAACGTGGCCGGCGGGCGCTGCGAGACCTGCGAGGGCGCCGGCGCGCTCGAGGTCGAGATGGTCTTCATGGCCGATGTCTTCGTGCCCTGCGAGACCTGCGGCGGCACGCGCTACAAGCCCGAGGTGCTCGAAGTGACGTACTTCGGCAAGCGCATCACCGATGTGCTCGACATGACCGTGGACGAGGCGATCCGCTTCTTCCCGCGCGAGGAGAAGCTCGGCCAGGCGCTGTGGCAGATCCAGCAGGTGGGCTTGGGCTACCTCCGCCTCGGTCAACCCGCGACCACCCTGTCCGGCGGCGAATCGCAGCGGCTCAAGATCGCGCGCGAACTCGCGCTCGCCGCGAAGAAGGGCGGCCGCAAGTGCTACATCCTCGACGAGCCCACGACGGGCCTGCATCCGCGGGATGTCGAAGTGCTCTGCGACGTGCTCGACCGGCTCGTGGACAACGGGCACACCGTCATCGTGATCGAGCACGACATGGACGTCGTCAAGCGCGCGGACTGGATCATCGATATGGGGCCGGACGGCGGCGACGGTGGCGGCCGGGTCGTCGCGATGGGGCGGCCGGAAGACATCGTAACCGTCGCGGCGTCGCACACGGGGCGATTCCTCGCCCCGGAGCTCACCGCCAAGCCCTGATCGCGCGCGCCGCGCTATTCGTTGCGCATCGCGTCGACGGGACTCAGGCGCGCCGCCCGCCGCGCCGGATACAGCCCGAACGTCAGCCCGATCACCACCGAGATCACGACGGCGAAGCCGACGGTCGGCAGC
CP130612.1_gap72	2244156	2248857	4701	CGCGACGCTCATCACCGCGCAGCTGTGGCCGCTCGGGAAGGAGAACTTGTCGGGCACCGCCACGTGCGAGTGGTCGAGCACGCGCACCGTCGGTCGCTCGCGGAGCACGCCGCGCTTGATCACCTGCACCACGAGGTGCGAGAGGGTCAGCGCCCAGGCCGCCTTGATGGCCACCAACTGGAGCGCCGCGCCGGCGAAGAGCATCGGCAGCAGCACCGCGAGGATCGTGACCCGCGCGCCGCCGACATGCGTCAGCACCCGCCACGCGCGGGTCGCGCGGAGCGGCGTGCGGTCGCTGATGACCCAGCGCAGGAAGAGCGCGCGGTCACGGGCGTCGAGGCGGGTGATCAATGGAGCTCGCATCATGATGCTGAAACCTCAGGTTGGTGTGTCGCGGACACCCGTCGGCTCGGCAACGGCTCGGTAACGTCCAGCCTACGCGGCGGCGACGGCCGGGGCGGCCTCGAAGGCCCGGACCATGGCGCGCCCGGCATGACTCTCCGGTTGGGGGACGCCTAAGGCCCAACAGATCGTCGCGGATTCGTCACGGCGCGCCCACGTTCGTCCTACGGCGCAGCCACTCGTGACCGCGCCGTCACACCACGGTTACGAGGGCCCGAGAGCTTCCGCGCGCATGCGTATCCTTTTCTGCACGGACACCTATCCCCCACAGGTCAACGGCGTCAGCGTCGTCACGGCACTGTCCGTGCAGGGCCTGCGCGAACGCGGCTGGGAGGTCGAGGTCATCGCCCCGCGGTATCCCGAGGGGGATGCCGACATCTTCGGGCCCGGCGTGAGCCACGCGCAGGTGACCAGCATTCCCTCCGTGCCGCTGCCGGGGTATCGCGACATCCGGCTCGCGGCGCCGGCGCGCGGCAGCGTGCGCGACGTCGTCGACCGCTTCACGCCTGACATCGTGCACAGCGCCACGGAGTTCGTGATCGGGCGCATGGGCCAGCGCGCGGCGCGCGATCGCGGGCTCGTGGTCACCACCTCGTACCACACCGACTTCGCCAAGTACACGTCGTCCTACGGCGTGCCCTTCCTGCGCGGGCCGGTGCAGCGGTGGATTCGCCGCTTCCACGCCCACGCGGCGCGCATCTTCACGCCGTCCGAACCGTCGCGCCAGGACCTGCTGGCCCTCGGACTCACGGACGTCGAGGTCTGGGGCCGCGGCGTCGATGACGTGCTCTTCCACCCGTCCAAGCGCGCGCTCGCGCTGCGTCAGCGGCACTCGCTCGGCAACGCGTTCACCTTCCTGCACGTGGGGCGCCTCGCGCCGGAAAAGGGCGTCGACGTGCTGCTCGAGGCGTTCCGCCAAGTGGAGGCCGCGCTCGGCGCCGAGCACGTGAAGTTCGTCGTCGCCGGCGCGGGGCCCAGCCTCGAGGCGCTGCGCGCGCAGGCCCCGAAGAACGTCACCTTTCTCGGCAACCTCGATCGCACGCGTGAACTTCCGGCGCTCTACGCCAGCGCCGATGCCTTCCTCTTCGCGAGCACCACCGAGACGCTGGGCCTCGTCGTCCTCGAGGCGATGGCGTCAGGCCTGCCGGTGATCGCGACGCCCGCCGGCGGTGTGGCCGATAACCTGCGCGATGGCGCGCGGCACTGGGCCGAGCGCCGCACCTGGGCGATGGAGCTCGATCGCCTCGACGCGTCCTACCGCGAGCTGCTCAGGCCAGCGGCAAGGTAAAGCGGAAGCTGCTGCCCTTGCCCACGATGCTCTCGGCCCAGAGCGTGCCGCCATGGGCCTCGACGATGCCGCGGGCGATGGCCAAGCCGAGGCCCGTGCCGCCCTTGGGCGCGTTGCGCCGCACGGTCCAGTAGCGCTCGAAGATCCGCGGGAGCTCGGAGGGCGGGATCCCCGCGCCGTTGTCGTGCACCGCGACTTCGACGTGGCCTCCGACGCGACGGGCCCCGACACGCACGCTGCCCCCGCGGTCCGTGAACCGCAGCGCGTTCCCCAAGAGGTTGGCGAGCACCTGCACGACGCGTTGCTCGTCGCCGATGACCTCCGGCAGCGGCGACGGCTCGTCCAGCGCCAGCGCGACGCCGCGCTCGGCGGCATCGCGCCGGAAGAGTTCCATGGCCTGCGCCAGTACCGGCGGAAGGGCCAAGGCACGGCGCTCGATGTTGAGCCGCCCCAGCTCGATGCTCGCCACGTCCAGCAGGTCGCGGATCATCCGCTGGGTGAGATCGGTCGAGTCGGCGATGGTCGTCACCAGCGCGCGACGCTCGGTGTCATCGGCCGGAGTCGCCGCCAGGAGCGCGCGGGCGCACATGCCGATGGCCGAGATGGGATTGCGCAGGTCGTGCGACACCACGCCGAGCGCATGGTCCCGCGCGATCGTCGCTTGCTGCGCCGTCTCGTAGAGGCGCGCGTTGTCGAGCGCGAATGCGGCGCGCAGCGCCAGCTCCTTGGCGCTCGTGATCTCGGCGTCGCTGAACGCGCGGCCTGCCGACGTGCGGAAGATCGAGAGCACGCCCAGCACGTGTTCGCGCGCCACCAACGGCAGCAGGAGCACGGCGCGCACCTGCATCGCCTTGGCGCGCGCGAACTCCTCCGCCGAGTCCGTATGCGCCTCAAGCCACTCGTCGTCCACGTTTGGCACGTGCTCCACCTGCGCCCGCCGGAACACGTCCACCACGCGTGACGGCGAATCCATGTCGATGCGCTGCTCGGCCATCTGCGCGAGCAGGGCGGCCAGCGCGGGGTCCGATGGCGTCGAGACGACGCGTCGCAGGCTCCCGCCGCCGGCCTGCACGTCCAGCACCGCGCCGTCCGCCAGCCAGCCGACGGGCAGCTGCACGATGGTCCGCTCGGTCCCCGCCACTTCCAGCGTCTCACCCAGCACCGCCACGGCATGCGTCAGCCGCTGCTGCGCCTCCTCGCGCCGGTGCCGATCCGTCACGTCGCGCAGCAGCACGGTGTAGATGCGCTCGCCCGAGGCGAGCACCAGCTTGGAGATCGACGCCTCGGCGGGAAACTCGCTGCCGTCGCGCCGAAGCCCGGAGATGGCGCGGCGCTCACCCATCTGCCGGGAGCGCTCGGCGGCCATGCCGAATCCGTGCACGAACTGCCCGTGGCCTTTCCGGTGCCGCTCGGGGAGCAAGAAGGCCAGCTCCCGGCCCAGCGCCTCCGACGCGGACCAGCCGAAGATACGTTCGGCGCCGGAGTTGAAGTGCACGATGCGTTGCCGATCGTCCACGGAGATGATGGCGTCAGCGGCGATCTCGAGGATGCCCGAGAATTTCGCTTCGCTGGCGCGCAGCGCTGCCTCGACGGCCGCGCGGCGCGTGATGTCGTCATGCAGGCTGGCGTAGGCCAGCCACGCGAGCACCACGGCGAGGATCATCAGGATGATCACCAGCGCCTGCGCGAGACGCAGCGCCGGATCGTCCATGCCCCCGGCAAAGGCGCGGCGCGTCGCGGCGAGCGTCACGCTCCCCACGAGCAGCAGCGCCACCACCCCGGCGCCGACGATCAGGCGCAGCTTGGATTGCGTCGAGACCATCAGGCGGAATATGCGGACGGCGCGCGCCCGATGGTACTCGGGACGCGCGCCGTCGCTCGGGGGGAACCGCGCTCAGGCGTGCAGCAGGCCGAGCCGCAGGGCGAACTGCACGTACTCGTGCCGGTGACTCAGGCCCAGCTTGTCCTGGATGCGCTGCTTGTACGTGTCCACCGTCTTCGGCGAGATGAACAGCCGTTCGCCGATCTCCGGCGCCGAGTACCCCTGGGCCGTCAGTCGCAGGACATCGCGCTCGCGCTCGGTGAGCTTCTCGTAGCGCGTGCGGTCCTCGTGCATCGGATCCTTGCGCTGATACCCCTTGGCGAGGATCCGCGCCGCCTCCGCCCGCACGTAGATCTCGCCGCGCGCGACCGTCCGCACCGCGTCGAGCAGCTCGCGGTCGGGGGCCGTCTTCGGCAGGAAGCCGCTCGCGCCAGCCTCGAGCATCGGCACCAAGTACTCCTCCTCCGGATGCATCGTGAGGATCAGCACCTTGGACGGAATGCCCTTCTCGATGAGCATCTTGGTGGCCTGCCCGCCATCGACTTCACCGATGGAGAGATCCATGATCACCACGTGAGGCTTCAGGCGCTCGGCCAGCGCGACCGCCTCGGGTCCGCTGGACGCCTCACCGACGACGTGCATATCCTTCGCCGCCCCAATCACTGCCTTGAGGCCGGCGCGGACCACGCTGTGGTCATCGGCGAGGATTACGCGAATCAGGTCGTCGCTCATGGCGTGTAGTCTGGGGCCGGGCGCCGGCAGGGCCAATAAAGCATAGGCGGATTTTGACTAGGGGAATCCCCTACCCTTCTATATTGTCACACTCTCGCCCCCAGCCACGAGCCCGATGCCCCGACTCCTGCTGCTGCTCGCCGTCCTGATCGGCTGTGCGGCCCACCCCGCACCGGCCAGCACACAGGCGCGTCCCGACACGGCCAACCTGCCGAAGGTCGTCGTGATCGCCACCGGCGGCACGATCGCGGGCGTGCAGTCCGCGCCCGGCACCCTCGGGGAGTACCGCGCCGGCACGCTCACGGCCGAGCAGATCATCAGATCGGTGCCTGAACTCTCGCGGCACGCGCGCATCGAGACCGAGCAGTTCTCCAACGTCGCGAGCACGCTCATCACGCCCCAGCAGTGGATCGGCCTGTCGCGTCGCATCCACGCCGCGTTGAGCCGCGAGGATGTG
CP130612.1_gap73	2252934	2257494	4560	CGCCCATCGCGCGCCGCAGGCGGCCGACGGCCCACACGTGCAGCAGCGCCATCATCAGGATCACCGGGAGCGTGAGTTCCTCGATGAAATCCATGAAGGTCAGGCCCGCGCCCGACCCGATCATGATGTTCGGCGGGTCGCCGATGAGCGTCGCCGTGCCCCCGATGTTCGCCGCCATGATCAGCGGAAGCACGACCAACGGTAGCGGTGCCCGCACGCGGCGCGCCGCCGCCAACGCCACCGGCGTCACGAAGATCACCGTCGTCACGTTGTCGAGGAACGCCGACGCGATACCCGTGAACCACCACAGCACGGCCATCGCCCGTGCGGGATTGTGACCGAAGCGCTCCAGCAAGCGCTCGACGGCCCAGTCGAAAACCCCCGTCTCCTTCAACACGCCCACCAACGCCATCATCGCCGCGAGCAGCAGCAGCACATTGAGGTCGAGGTGCGCGATGGCCGCCTCGACCGGCAGCAGGTGGAACGGCGTGAGGTACGTGATGGCCCAGAGCAGCGCGACGGCGCCCAACACCACGAGCACGCGATGCGCGGCCTCGAGGGCGAGCACGGCGAAGAGCGCGACGAGCAGCGCCGCGACAATCAGCTGGGAGACGGGATCGGTGCTGCTGGCGGCGAGGGTCTCGTGCACGCCACAAAGCTACCAAGGCTCGCCGCAGCGCGTCACGGCGGCCCGTCGCCGCGCCGACCGGCCCGGGCCTCAGAGTTCGAGCTGTCCGCCCAACGCCGTGCGGCAGAACTGCACTCGATGGTGCGCGGTCAGCCCGTGCGTCCGCAACGCGGCGATGTGCGTCGGGGTCCCGTAGCCGGCGTTCCGCTCCCACCCGAAGTCGGGGTAGCGCGCCGCGAGCCGCGTCATGAGCCGGTCACGGACCACCTTGGCGACGATGCTGGCACAGGCGATCGAGTAGCACTTGGCATCGCCGCCGACGATGGCGTGGTGCGCGACCGCGAGCGTCTTGATCGGCTTGCCGTCGACGAGCACCTCGTCGGGAGCCCGCGGCAGCCGCGCCAGCGCCCGCGCCATGGCCCGGGCCGTGGCCTGATAGACGTTCCAGCGGGCGATCTCCCGCACACTGGCGGCCGCGAGCGCCAAGGCCACCGCGTCCTGCCGGATGCGCGCCGCAAGGCGCTCGCGCTCGGCGGCACCGAGCTGCTTCGAATCCGTCACGCCGGCGATGGCGCGACGTTCGGCGGGCATGATCACCGCGCAAACGACGACGGGGCCCGCGAGGGGGCCCCGTCCGACTTCATCCACGCCGGCGATGTGCGCGGCACCCGCGGCCCGCAGCGAACGCTCGAAGGCGCTCCAGCCGCCAGCCACGGGTCGACGACTTACGCCTGGGCCGCCTCACCCGTGGCCGGCACCTGCACGCGCACCTTCTTCTCGGCGATACGCGCGGCCTTGCCGGTCACGTTGCGGAGGTAGAAGAGCTTGGCGCGGCGGACGCGGCCACGGCGCACGACCTTGATCTCGGCCAGCATCGGCGAGTGCAGCGGGAAGATGCGCTCCACGCCCACGCCGTTCGAGATCTTGCGGACCGTGAAGGTGGCCGAGACGCCGGCGCCCTTGCGGCCGATGCAGACGCCTTCGAAGGCCTGCAGACGCTCCTTCTCGCCTTCCTTCACGCGGACGTTCACGCGGAGCGTGTCGCCGGCACGGAAAGCGGGGACGTCCTTCAGGTATTCCTTCTGGGTTTCGGAGAAAGCGTGCATATACGACTCCGGGCGCGAAGCGGCCCGCTGAGGTGACAGAGTTGAGCCTTGTAAGCTACTGCCCGGTTTAGGCTTGCGCAACTGGGCTTGGTCGGCCATCCGGGCGGCTGGGCCGCCCGTTCAGCCGCCGCGCTCGCGGGTCAACCGCTCCCCTTCCTCCCGGCGCCAGCGGTCGATCTCGGCGTGATTCCCGCTCAGCAGCACATCCGGGACCTTGAACCCCCGGTACTCGGCGGGCCGCGTGTACGAGGGGGCAGAGAGACCGCGGTCAAAGAACGAGTCCGTGCGGGCGGATTCGATGTCGCTCATTGCGCCGGGCAGCAAGCGCACCACGGCGTCCACCACCGCCAGAGCCGCCGGCTCCCCCCCGCTGAGCACGAAGTCGCCGAGGGAGATCTCCTCGGTGGCCAGGTGGTCAGCGACGCGCTGATCGACATCCTTGTAGTGGCCGCAGAGCAGCGTCAGCTCCGTCCCCTCGGCGAATCGCACGGCATCCGCGTGACTGAACACCTTCCCGCGGGGCGAGAGCAGCACGATCGGCGCGGTCGCGCCCACGGACTCGACGGCGTCGAAGAAGGGGGCGGGTTTCATCACCATGCCCGGGCCGCCGCCGAACGGTGCGTCGTCGACGGTCTTGTGCTTGTCCGTCGCGAAGGACCGCAGGTCGACGCAGTTGTACCGCACCAGGCCCGCTTCGGCGGCACGCTTCGGGATGCTCAGGCCCAGCGGCCCCGTGAAGAAGTCCGGGAAGATCGAGATGATGTTGATCGTCAGCATCACGTCTCCAGCAAGCCGTCTGGCAGGCGAACCCGGATGGTCCGCGCCTCGCGGTCCACATCCTCGACGAACTCATCCACGAACGGCAGGCTGGCCACGCGCCCCTGCGGCGTCCGGAAGTCCAGCAGCAACCCCTGCGGCAGCTCATAGAACTCGACGACCTCACCAATCTCCGCCGCGCTGTCAGCGTCGACCAGCTGCATGCCGACGAGCTCGTGGGCGAACACCTCGCCGTCATCCGGCTCGGAGAGTTCCTCCACCGGCACGAGCAGGCAGCGCCCGTTCCACTTCTCGGCTTCGGTGCGGTCGGCGATCTCGACCAACGTGAGCAGGAAACCGTCCTTCACGGGGCGCAGCGCCTTCACCTCGAGCGTGCGCGGCTGCCGCGTGCGCGGGTCCAGCCACAGCGCGCCGTCCGGCGTGCCCTGGAAAACGCGACGGCCAGGCGCGAAGATCGCGCCTGGCTCGTCGGTCAGTGCTTCCAGCAAGAGCTCCCCGCGCACGCCGTGCGGCCGACGGATGCGGCCCACCGCAGCGCAGTCGGGAAGCGTCACGCCGTCACTTACTCCTTCACCGGGACAGCCTTCGCGGCGAGCTTCGTCGCGAGGCGGGTCTCGTGGCGGGCCTTGAGCACGCCAGCCTTGCGGAGCAGCGAACGCACGGTGTCGGACGGCTGGGCGCCGTTGTCGAGCCAGTAGTTCGCGCGCGCGACGTCGAGCTGGACGGCCTGCTCACCGGCCCGCGGCGCGTACTGCCCGAGGATCTCGATGAACTTGCCATCGCGCGGGCTGCGGCCATCGGCCACGACGATGCGGTAGGTCGGGGCCTTCTTGCGGCCCTGACGGCGGAGACGGATACGAACTGCCATGGGGAAATCCTCGGTGCTACTGGTTGCGTCCTGCCCACTGGCTCATCGCGCATCCGGCGTTTCCGGTGCGCACCAGGGTCCAACACAGACGGCCTAACGCTTCACGGCCATCCGCTTCATCATCTTCTGCATCTCGCGGAACTGCTCGAGCAGACGATTCACTTCGCTCACCGGTCGTCCCGAGCCCTTCGCGACGCGCGCCCGACGCGAGCCATTCAACAGCTCCGGCTTCTTGCGCTCCTGCGCTGTCATCGAGAGCACGATGGCCTCGAGGTGCTTCATGCGCTTCGGGTCGACCTTGCTGGCCTGCGCCAGCACCTTGGAATTTACACCCGGCAGCATCTTCAGGATGTTCTGCATGCTGCCGAGCTTCTCCATCTGCTTCATGGCGGAGAGGAAGTCCTGGAGGTCCATGCCCTCCTTCTTGATCTTCTTCTCCATCCGCTTGGCTTCGTCGGCGTCGAAGGCGCCTTGCGCCTTCTCGACGAGCGTGAGCACGTCACCCTGCTGGAGGATGCGGCCCGCCATGCGGTCGGGGTGGAACTCTTCCAGGGCGTCCGGCTTCTCGCCGACGCCGATGTACTTGATGGGCTTCTTGGTGACGCCGTAGATCGACAGCGCCGCACCACCGCGGGCATCGCCGTCCATCTTCGTGAGGATCACTCCGGTGACGCCGATCGCGTCGTTGAAGCCCTGCGCGATGCGCACGGCGTCCTGACCGGTCATGCCGTCGGCCACGAGCAGGATCTCATCCGGCTGCACCGCCTCCTTCACGCGGCGCAGCTCCTGCATCATCTCGTCGTCGATCTGTGTGCGGCCCGCGGTGTCGATGATGACCACGCGGTCGCGCTCCTTCTTGCCCTGCTCGATACCAGCCTTGGCGATCTTCACCACGTCCTGCGTGCCGCGGTCCGCATAGACCGGCACCTGCAGGTCGCGGCCCAGCGTCTCGAGCTGGTCGATCGCCGCGGGGCGATACACGTCCGCCGCTACGAGGCGCGTCGCCTTGCCCTCGGCCTTCAGCTTGCGGGCGAGCTTCGCCGACGTCGTCGTCTTACCCGAGCCCTGCAAGCCGACCATGAGCACCACCGTCGGCGGCACCGACGAGAGCTTGAGGCCTTCCTTGCGCTCGCCGAGCATCAGCGTGAGTTCGTCGTAGACGATCTTCACCAGCTGCTGCG
CP130612.1_gap74	2375207	2375983	776	TAGGTGGACCATTTAGAAGAGGCGCATGCCCGACCCACGTTCAACAATCCTCGTCAGCTTCCCCCTGAGGTAGACAGTCGGAGTTAGACTTGGGACGGTGCCTATGGAGGAGCCATGCGCCGTTCGAAGTTCACCGAGTCCCAGATCGTGGCCGCCCTGCAGGAAGTCGAAGGCGGGGTGCCCATCGCCGAGGTGATCCGGAAGCACGGGATCAGCCGGGCGACCTTCTTCACTTGGAAGTCGAAGTACGGCGGGGCGACCGTCGCCGAGCTCAAGCGGCTGCGGGAACTCGAGGCCGAGAACGTGAAGCTCAAGCGGATGTACGCGGAGCTCGCGCTCGAGAATGCGGCCATCAAGGACGTCCTCAGTCGCAAGCTGTAGCGCCGCCCGCGAAGCGGCAGGTGATCGCGATCTTGGTGGAGGAGCACGGGCTGTCCGTGCGGCATGCCTGCCAGGTCGTGTCCCTCTCGCGGGCGGCGTACTACCGACCGCCGCCGGACCGGCTGGACCGCGACGCCGACGTGATCGCGGCGCTCACCGCGCTCGTGACCGAGACGCCGCAGTGGGGCTTCTGGATGTGCTTCGATGCGCTGCGCCTCGCCGGGCATCGCTGGAACTGGAAGCGCGTGTATCGCGTGTACTGCGCGCTGAAGCTCAACCTCAAGCGACGGACGAAACGCCGGATCCCGCCGCGCGAGCGGCAGCCGCTCGACGCGCCCGCGGTCCTCAACGGGATGTGGGCCGTCGACTTCATGAGCGACATGCTCTACAGCGGG
CP130612.1_gap75	2416547	2420813	4266	CCCTGCTCGCCATGGCACGGGGAGGTCCATCTCCAAGCCGCGTGGATCCTTTCGGCCACCGACGTGCAGGCGAACCTCAGCGTCCTGCTGGCCGCTGCGCTCGTGGCGCTGCTCGACTCCGCGATTCCCGACCTCGTCATCGGAGCGGTCGTCTGCGGTCTGGTGTTCCGCGGCGCCATCCGCATCAACCGGCGGGTTCGTGCCGCAAGTCGGTCCTGATTTGCGGTGCGCGCCGAACGCCGCCGGATCGCCTGGTCCTTGACCTCGTCGGCGATGTGCCCATCGGCTGCGCCGCCGTCTGGGCGCGACCGCCGGGCTGGTTCCCGCTGGGCTTGGCCGCCGCGTGCTTCGCCGGCTACGGGGCCCGGGCCCTAGTGGCTCGCCGCGTCGCGCTCGGTCCCATCAAGTCCTAAGGCCGCGGGCGCGCCGCCGGCGTGTGCTTTTCGAGCCAGTCGATCCATCGCGTGACGCGATCGACCGCAAAGCTGGGCCGCCGGATCCCGTGGTTCTCGCCGGGATACACGACGAGCTGCGTCGGCACGTTCTGCGTGCGCAGCGCGAGGTACATCTGCTCGCTGCCGGCGATCGGCACGTTGAAGTCGTCGGCGCCGCCCATGAACAGCGTCGGCGTCTTGATGCGTTCGGCGCGCCAGAAGGCGTACGAGACCTTCTCCCAGAGCCGCGGGTTCTTCCACGGCGGCCCGAGCTCGGCGTCGTACTGCGACGGATACTGGTCGCTGCCGTACATCGACGTGAACAGTGAGCTGCCCGCCCCACTGATCGCCGCCTTGAAGCGCGTCGTGGTGGCGATGAGGCAGTCGGTGAGAATTCCTCCGTAGCTCCAGCCCCCCACACCGAGGCGCGCGGAATCGGCGATGCCGCGGCGCACGGCTTCATCGACCGCGGCCATGAGATCCTCGACTTCCTTGCCACACCAGTCGGCGTAGATGGCGCGCTGGAACGCCTCGCCGCGTCCGCTGGACCCGCGATAGTTCATCTGCAGCACGTTCCACCCCGCCGCGGCCAACGCCTCCTTCTCGAGCCAGAACGACCAATCGTTCTGCGCCACGGGGCCGCCGTGGATCCAAAGCACCGTGCGCTGCGGGCGTGAGGCATCGGCGCCGAGCGCGCGCGTGAGGATGCCGTGCACCATGGTGCCGTCGCGGCTGCGGGCGGCGAACTCTTCCGCCTCGGCCGTGCGCACCTCGGCGCGCCAGGCATCGTTCTCGCGCGTCAGGCGGCGCAGCGAATCGCCGTCGAGCGCGAAGAGCTCCGCCGGCGTCGCCACGTCGGACACGCGCAGCGCGATGCGGTCGTGGGCCTGATGCACCGCGTCGACGGCGCGTCGGCCATCGATGAGGCGCGTGATGGCGCCATCGGCGACGGCGATGCGCACGAGTGGGGCACGGCGGTCGTCATCGAGGATGGTGAGTACGGCGGCGCCGTCCGCGGTCCACACGGGATCGGACTGCGGGCGGTCGAGCGCGGGCGCGAGGACGCGCGGCGTTCCGCCGGCCGCCGGCATCACGGCGATGCGCGGCGTCCCGTACATGGGGACCGGGGTGAAGGTGCCCTGGATGAACGCGATCCACTGACCGTCGGGGCTAAACGTCGCCGAGCGTTCGTAGGCGGGACTCGACGTCAGGCGCTGCGGCTCCGCGCCGGCGCGCGCGTCAACCACATACAGATCTGACTCGTCGCTGCGGTCCTCGTCCGTGTGCCGCGCGCTGGTGAAGACGATGCGCCGGCCGTCGGGCGACCACGCGGGCTCGCGGTCGTCCGCATCGCCGCGCGTGAGCTGCGCGAGTGTCTTGCTCGCGACCTCGAACAGGTACAGGTGCGTACGCCGACGGTCGAGCCAGCCGTCGCCGTCGCGCTTGGCCAGGTAGCGGTCGATGACGATCGGGCGCGGGCGCGTGGTATCGGCCTTGGCGAGCGAGTCGACGTCCTTGGAGACGATCACGATACGGCTGCCGTCGGGCGACCAGGCGTAATCATCCACGCCTTCGTCGAGCTCGGTGACACGCTGCGCCTCACCGCCGGCGCGCTCGAGCAGCCAGAGCTGCGAGGCATCGCTGCCTTGGCGCGAAGAGACAAAGCTCAAGTAGCGGCCGTCAGGACTCCAGCGCGGATCGGATTCGCTCTCGCTGCTGGAGGTCAGCCGCAGCCTGCGCGTGCCGTCCCACCGTACCATGTAGATGTCGGAGTCGCGCTTGTCCTTCGTGGAATCCACGCGCGAGACCGTGAAGACGACCCACTCGCCGTCGGGTGAGACGCGCGGTTCCCCGACGGCGCGGAGACGCAGCAGGTCGGCGGGGACGATGGCCCGGGCGGATTGGGCGGTGAGCGGCGCGGCGCTCAGGACGGCGAGGGCCGCAGCGGCGGCAATCGGACGGAATTCCATGCGGAGAGTATGCGCAGTCCGCGCCCTTGCCGCCACGGCTGGCGGTGGTTCCGCGACGGGTGAGCGATTCCCTTCCACAGCTTCGGTGATTCTCCGGATGTCGGCGTGCCCTCCGGCGCCGCAAGGTGCAGGCAGCATCCCCGCTCTCCCCGCTCCGGAGGTTCCCCATGCGTCACTCGCTGCTTGGTCGCGCGGCGCTCGTCGCGCTCACGACGTTCGTCTTGCCGACGCCGTCCCTGGCACAGAACGACCTGGTTGCACTCGATCGCGTGCACGAACTCTACGTGAGCGGGCGGTCTCGCGAGGCGGCGATGGCGCTGGCCGGCGTCTCCGCCGCGTTCCGGCAGGAGATTGGCCGCTGCAAAGACCCGGAGATCGGCGCCAAGCTGCTGGACCTCGAGCCGCGCACCGACGCATTGGTTTCGCGCCTTGGCAATGGTCGCGTCTCGAACGCGCAGGAGCTGACGCAGGAGTTCGTGCTCTTCGATCGCGCCCTCGCGGAGAATCACCTGCAGCTCGCCGAGCTGGGCTGGAGCCAGCGTCGCAACGGCCGTCTCGACGCCGTGGGACGCGATCTCGACCTCGCGGTGCGGTACGCGGAGCGCAGCGTGCGCTGGACGCAGCGTACGCCGGATGCCGGCACCCGTGCGGCCCTGGATGCAGCGCGGGGCACGGCGGCGCAGCTGATCGCGACGCCCGCGCAACCGCCGGTGGACGCCGAGCGCAGCTTGGCCGCGCTGGCGACGGTCGTGAAGGGGAATCCGTAGGCGGCAACGCGCGCAACGGCGTTAGAATTGGGGCGTGATTCCCTCCGACGCACGCCCCATGCGCTTGATGACCGCCCAGCACGATTTCCGTGATGCGTAGAGTGCTGCTGGTCGGCGCGACAGGCAGCATCGGACGCGCGACGGCGCAGGCGCTGGTCGATGCCGGCTGTGCCCCGGTCGCCATCGTGCGTCCGGGGCGCGAGGTGCAGATGCCTGCCGGTGTCGAAGTTCGCCAAGCCAACGTGCGCGACGCCGCCTCACTCGCCGGCGACGCGTTCCGCGGCGAACGCTTCGACGCCGTCATCTCCTGCCTCGCCTCCCGCACCGGCGCTCCGAAGGACGCGTGGGCGATCGACGACGGCGCCAATCGTGCGGTGCTGACCGAGGCCCAGCGCTGCGGCGTGCCGCACTTCGTGCTGCTCTCGGCGATCTGCGTGCAGAAGCCGCGGCTGGCCTTCCAGCACGCCAAGCTCGCGTTCGAGGAGACGTTGGCCGAGAGCGGAATCCGCTACTCAATCGTGCGGCCGACGGCGTTCTTCAAGTCGCTGTCCGGGCAGGTCGAGCGCGTGAAGCGCGGCAAGCCGTTCCTGCTCTTCGGCGATGGGGCGCTCACGGCCTGCCTGCCGATCAGCGACGCGGACGCGGCGCGGTACCTCGTGGAATGCATCGCGGACGAGTCGCGCTGGAACCGCGTGCTGCCGATCGGCGGACCGGGCCCGGTGCTGACGCTGCGCGAGCAGGGCATGCTGCTCTTCGAACTGACCGGGCAGCCTCCGAAGTTCCGCTCGGTGTCGCCGAAGCTGCTCCTGGTGGTGGCCTCGCTGCTGGACGCAGTGGGCGCGCTGATTCCCCCGCTGCTCGACAAGGCGGAGTTCGCGCGCATCGGGCACTACTACGCGACGGAGAGCATGCTGCTCTGGGACGAGGCGCGCGGCCGCTACGACGCCGACGCGACGCCGCGCTACGGCCGTGACACGCTGCGCGAGCACTATGCGCAGTTGCTGCGCGGCGAGATTGGGGACGACCGCGGGGCGCACGCGGTCTTCTGATCGCGGGCGCACGGCCGCTGCCGTCGGGCACTTCTCGGCGGCCCTA
CP130612.1_gap76	2431233	2434708	3475	CACACTGCTGATCATTGCCGCATTCATCGTCACCGGGCTCGTGATCGGGCCGGTGGAGCCGCTGTCGTTCGCGCCGGACGCGGAGGCGTTCCGGCAGATCGCCACGGCGCCGTTCGCGATCTCGCTCATCTACGTCGTGTACGCGTACACGGGGTGGAATGCGATCGGCTACGTGGCCGGCGAGGTCGCGGAGCCCCAGCGCACGATTCCGCGCGCCGTCGTGGGCGCCGTGCTGCTGGTCGCGCTGCTCTACCTCACGCTGCACTTCGTGTTCCTGCGCACCGTGCCGCTCGACGCGCTGCGCGGCACGGTGGAGGTGGCCTCCCTCTCGGCCACGCGCATCCTCGGCGTCGCCGGCGGCCGCGTGATGAGCGCGCTCATCGCACTGGTGCTCGTGGCGACGATCAGCGGATTCCTACTCGCCGGCTCGCGCGTGACGCAGGCGGTGGGCGAGGGCACGGCGCGTCTGGCCTGGCTGGGTGCGCGCGGCGGCGATGGCGTCCCGCGGCGCGCGCTGGCGCTGCAACTCGCGCTGATCGCACTGCTCATCGCCACCGCGAGCTTCGAGACCGTGCTGGCCTACGCGGGCATCGTGCTCAACCTGATGAACCTGCTCGCGGTGGCCGGCCTCATGAAGCTGCGGCGCGCGGCGCCGGCGCTGGCCCGTCCATTCCGCACGCCGCTCTATCCCCTCGTGCCGCTCACCTTCGCCGCGCTGTCGACCTGGATGATCGCCTTCGTCATCTGGCAGCGGCCCAGCGTGATCCTCGCCGCGCTCGGCACGCTCGTCGCGGGCTCGGCGCTCTATTCCTTCGTGTCGCGTCGCTGAGCGGCGGGCTGGAGCCGGCGTCGCACGAGGCCAACGACGCCCAGCAGGCCCACGACGAGACCGCCGGCCACGATGCCGACCAGCGCGTCGGCAAGCAGTTTCACGACGCCGCCCGCAGGTCCCGCCGCGTGCTCCACGCTCGCGACGAGCTGCTCGATGGCGGGAACGCCGTGCGCCACGATGCTGCCGCCGACGAGGAACATCGCCGCCGTGCCGACCACCGATAGCGTGCGCATGAGCCACGGCGCCATCCGCAGGATCGCGGCGCCGAAGGCGCGGCTCGACGCCGCCGCTGGGTTGTCGCCCGCGGCGCGCAGCAGCTGCAGGCCGAGGTCGTCGAGCTTGACGATGCCCGCGACCAAGCCGTAGACCAACACCGTGATGCCGATGGCGATGGCGCTCAGCGCAGCGATCTGCTGGCCAATCGGCGCATCAGCCATCGTGCCCAGCGCGATGACGACGATCTCCGCCGAGAGGATGAAGTCGGTGCGGATGGCCCCACGGATACGGCCGCGCTCAAGCGCGACGACGTCCACCGCGGGATTCACCAAGGCCGCCGCCATCGTCGCGCGCGCCGCCTTGTCCTCGGGCGTCGGAGCGCGATGCGCGACCTTGTGCCAGACCTTCTCGAATCCCTCGTAACACAGGAAGATGCCGCCGACCATGAGCAGCGGCACGATCAGCCGCGGCGCGAAGGCGCTGATCAGCAACGCCGCCGGGACGAGGATGAGCTTGTTTACGAAGGAGCCCTTCGCCACGGCCCAGACCACGGGAATCTCGCGGTCGGGCGTGAAGCCCGTCACCTGCTCCGCGTTCAATGCGAGGTCGTCACCGACGACACCGGAGGTCTTCTTGACGGCGACCTTGCTGAGCACGGCGACGTCGTCGAGCAGCGTCGTGATGTCGTCGAGGAGGGCGAGGAGACTGGAAGCCATGGCTAGAAAGCAAGCTTTTGCCTGACACAGGGCAAGTGCCGTCGCCGTAGTTTTCCGGTACGCCGCACGCCGCGGCGTCGCCACCGGGAGGAAGCGCAGCGCCATGCTCGTCGTCACCACCGATACCATCGAAGGCCGCCCCGTCAAGAAGACCCTCGGACTCGTCTCCGGCGAGGCCATCCTCGGCGCGAACATCTTTCGCGACTTCTTCGCCGGTATCCGCGACATCGTCGGCGGACGATCGGCGGCCTACGAGGAGGAGCTGCGCAAGGCGAAGGACATTGCCATCGCCGAAATGCGCCAGCAGGCGGCGGAAATGGGCGCCAACGCCGTCGTCGGCGTGGACCTGGACTACGAGAACATCACCGTAGGACAGACAGGCGGGATGCTCATGGTGAGCGCGAGCGGGACGGCAGTCGTCGTGTAGGCGGAATCGGCCCCCAGCAGGGGGCAGCTCGGCCCCGCCGCAACGCGGCTCGGCCCGCATGAAACCCTGCCCCCTCGGTCGCTGTAGATTACGAACGGCCAACCCCGGCAGCCCGCGGGGTGTCTATCCTAATTGCTAGGACTCGATGCGCACGTCTCTCTCTCTCCTCCCGCTGCTCGCCCTCGTCGCGGTGGCTGCCTGCGCCCCACAGGGCGGCGTGGCGACCGGCCCGACGCCGATGACTGAGGCCGATCGTGTCCGTGCCGACTCCATCCGGCTGCCGTACACGGATGCCGACGTCACATTCATGACCGAGATGATCGGGCACCACGCCCAGGCGATCCTCATCTCGCGGTGGGTCCCCAGTCACACGGACGATGCGGAGATGCGGACGCTCGCCGCCCGCATCATCAATGCCCAGACCGACGACATCGCCCTCATGCGCCGCTGGCTGGCCGAGCGCGGCAAGCCGGTGCCCAGCGTGACACCCGACGGCGTGCTCGTGCCGCCTCCCGCCGACCCGAACGACGAACACGCGGGGCACGACATGGGCGGGCACGACCATTCGATGATGGCCGGCATGCTCACGCCGGCGCAGCTCACCGAGCTCGACGCCGCACGCGGCGACCAGTTCAACATCCTGTTCCTCCAGCGGATGATCAACCACCACCGGGGCGCGGTCACGATGGTGCAGACGCTCATCCGCGACGGCGGCGCGATCGACGAGACCGTGTTCCGCTTCGCCGCCGACGTCGAGGTGGACCAGTCCACCGAGATCCGGCGCATGCTCACCATGCTCCTCGAGCGCGACGGGCTCCCGCCCGCATGACTTTGCAGTTCCCCCAGCAGGATCACCAACAGCAGAGGGTTCCGATGAAGCAGATGTTCCATCGGGCCGCGCTGGCCGCCGCTGCGATCGTTGTCGCCGCGTGCACCCAGCAGCCGGTCCAGACCTCACCCGCCACGACCCAGTCGAACAGCCAGCTGCGCGGCCCGACGGGTACGCGATTCCAGAACGACGCCCGCGTCGGACTCTCCGCCGGCCTCTTCGACGCCGGTGTCGCCACCAGCGGCATGCGCGTCGTCGCGTCCGCGCGCTCGCCCGAGGGCTTCCTCGGCATCACGAACTCCGACCTGGCCTTCAGCGGCAACTACGTCATCCAGGGCAACTACAACGGCCCGGTGATCTGGGACATTTCGAACCCGGCCAACCCGACGCTCGTCGCCGCGGTGACCTGCCCGGCCTCGCAGAACGACGTCTCGGTCTACGGCAAGCTGCTGTTC
CP130612.1_gap77	2437081	2440767	3686	CGACACCCTGCACTTCGCGGTGCAGAGCGACGAGTTCCCCCCGGCTATCCATGTCGGCCGTCAGGGCAGCGGCAGCATCTACGCCGAAGCCTCTGACGCCGCGCGCGCCGCCGTGCGGTTCATCGCGCAGGAGAGCGGCATGTACTCCGTCATCGTCCGCAGCACCCGCGGGACGGCGACGGGCAGCTACATCCTCGAGCTCAGCAAGGCGTCGGCGCCGCGCTGACGGGCGACGAGCCGGCTCACCGCCGACGTCCCGACCCACACGCGACCGCGGCACTGTCGAGCGCCGCGGTCGCGTGGCGGGCGCGCGAGACCAGGATCTCGCAGTCAACCTTGGCCGTCCCGCCCGAGCTTGCCGTCGCCCGGAATCCCGCGCTGTCCGCCTCACGCACGCGGACAAACAGGTTGTATCCGCTCTGCCACGGGATGGAGGTGAGGTCGTACGCGTAGCGGCCGGTGCGGGCGAAGTAGCGCTCCTGCGCCTGTGCCAGGCTCACCAGCTCCATGCGGATCGCCCGCTCCGCAAAGTCCCGGCGACTGCTGGGCCAGACGTCCCGGAGCGCTTGCGGCGAGACCCATGCCGTCACGGCCAACGCCACAAGCGTCGTGAGCCCCGCGACCGTCAATGCTTCCTGCAGCTCGCCGCGCGGGCGCCACACCGTCAGTGACCGCCCGAGAGCAAGGCCGCGGCGGCGGAGAGCGCGAAGCCCAACGCGCAGGCCGCCAGTTGCGAGCGCGGCAAATCCCAGGTCCGCTGCGCCTTCAACTGCGACAGCATGACGGCCCCACCGACAAAGAGGAACGAGCCAGCGGCGACCGGCACCACGACCTCCGCCGCGTGCGCCGTCTCCTCGCCGAACCACAGCGTGAGGGCCGCGCCGGCGAACGCCAGCAGCCCGCTGATGAACGCATAGCCCACCGCGCGGCGCGGACGCGTCCCGTAGTGCACGAAGACACCGAAGGTGCCGATCTCCCGCGGCAACTCATGCGCGAGCATGGCGATCGCCGTCGCGATTCCCGGACCGGTGCCGGCGAGGAATGCGGCGGCAATGAGCGCGCCATCGACGAAGTTGTGCACCGCATCCGCACCGAAGCTCACGGCCACCATGGCCGGATCATCGAAGGCGCTCAACGCGGGCTCCCGCGGCGCGGCCTCGTGCGCCGTGTGCTGCACCTTGTGCAGCCAGCGCTCCACCACGTACGACCCGATCACGCCCGCCGCCACCGAGAGCGCGACGAAGCCCACCGAGGGATGCCGCTCGTAGGCCTCGGGCAACAGGTGGAACACCGCGGCCCCGAGCAATGCCCCCGCGCCGAAGCTCACCAGCGTGGGCAACAGGCGGCCGAGCGTGCGCCCCGTGCTCGCCAAGACGGCGAGCACGAGCAGCGGCACGCCGGTGACGGCGAGCAGGCTGGCGAAGGTCGGAATCCAGGGAGTCACGAGGGGAACTTACCGAAGGCGTAAAGGGGCTGCGCCCGCCGCGACCGCATCGCCGGCAGACCCTCGCAACAATCCGGCTCGGGAAGGAGTAGTTTCTGACGAACCCGCCTCGCCCCGAGCCCCCCGATGCGCCTCGACCTCCGCTACGTCCTCCGCAGCCTCCTGCGTGCCCCCGGCTTCGCGCTCGCCGTGATCCTCACCCTCGGGCTCGGCATCGGCGCCAACACGGCCATCTTCTCGGTCGTCCGCGGCGTGCTGCTCAAACCCCTGCCCCACCGTGACGGCGACAAGCTGCTCTACCTTCGCCACACCGTGGCGGCCAGCGGTGACGACATCGCGTTCTCGGTACCGGAGATCAACGACTTCCGCCGCGAGTCCCGCACGCTGGCGCAGATCGCCGAGTACTCGCCGCTCACGCTCAACTTCGTGGACGAGAACGCGGCCAGCCAGATCGACGTTGGCCTCGTCACTGGCAACTACCTCAGCGTGATGGGCCTGGCGCCCATCATGGGCCGCTCCTTCACGGATGGCGACGACGGCGCCGGCGCCGCGCCCGTCATCATGCTCACGCACGGCTACTGGCAGACGTACTTCGCGGGTGACCCGAATGTCGTCGGCCGTACGCTGCGCATCGGCGGGCGCAACGTGGAAGTCATCGGCGTGCTGCAGCCGGCGCCGTTCTTCCCGGGGCGCTTCGACGCCCTGATGAACATGAGCATCAGCGAGCACCACGTGAGCGCGCTCATGCAGGATGGCCGCACGCATCGCATGACGCAGGTCATCGCGCGGATGAGCCCCGACGCCACCCTCGAGCAGGCGCGACAGGACGTCGCGACGATCACCGCCCGCCAGCACGAGCAGTTCCCGGAGATGTACGACAAGGCCTCCGGCTACGGCGTGACCGTCACGCCCTTCAAGGAAGTGCTTGGCGCCGACGCCCGCCTGACGCTGTTCCTGCTCGTCGGCGTCGCGGCGTTCGTACTGATCATCGCCTGCGCCAACGTCGCCAACCTCGCACTGATGCGTGGCGTGCGTCGCGAGCACGAACTCACGCTGCGCGCCGCGCTCGGCGCCGGCACGGACCGCATCCGCCGCCTGCTGATCGCCGAGAACGTCGTCCTCGCGCTCAGCGGCGCGCTGCTCGGCATCGGTATCGCCTACGCCGGCGTCGGCATGCTGTCCGCCATCACGGCGCGGGTGAGCCCGCGCGCCGACGAAATCGCCGTCGACGGCGTGGTCCTCGCCTTCACGCTGGGCCTTTCGCTGGTAGTCGCCCTGATCCTCTCGTTCGTGCCGCGCATCGGCGACGACAACGCGTTGGCCGCGGGGTTGCAGGCCGGGACGACCAAGTCCACGGGCGGCGTCCGCCGGCGGCGCCTGCAACAGGCGCTGGTCGTCACGCAGGTCGCCGTCACCGTCATCCTCCTCACCGGCACGGGCCTGCTCGTGCGCTCCATGCAGCGGCTCGCCGCCGTGGACCCAGGTCTCGACACGCACAACGTGCTGACCATGGAAGTGCCGTTCGACTTCACCGCCGACGACCCCGTGATCACCCGGCAGCGGCACGCCCAGATGGTGACCGAACTCGACGCGCTGCCGCAGGTGGAAGTCGTCGGCATGGGCAGCACCACCCCGCTGCGCCGCGCCGGCTTCCAGCTCGAACTGAAGGTGGAGGGCCGCCCGCAGAATCCCGGTGAGCCGATCCCGACGGCGGAGTACCGCACCGCCGACCCGACGTACTTCCGCGCGTCAGGTATCCGCATCATCGAGGGGCGTGGCCTGCAGTCCACGGATCGCGCCGGTGCGGAGAACGTGGTCGTCATCAACCAGACGCTCGCCACGCGTCTCTGGCCCGACCAAAGCGCCGTCGGGCGTCGCCTGGCCTGGACCGGCGACGTCCTGCGCTTCATCGGCATGGCGGAGAACGAGTTCCGCACGGTGGTGGGTGTCGTCGCGGATACCAAGGACGGCGGACTCGATGCCGCACCCATCGGCGCGGTGTTCCTGCCCACCGAGCAGTCCATCTTCCCGCCCGGCACCATCGTGCTGCGCGCCAACGTCGATCCGACCACGCTCGCACCCACCGCGCGTGAGATCGTGCGCTCCATCGCGCCGGCGCAGCCGATCGAGAACGTGCTGCCGCTCGACGCCATCCGCGACGAGAGCATCGGCCCGCGGCGCCTGAATGTGCTGCTCGTCGGCAGCTTCGGCTTCCTCGCACTCGTCATCGCCACCATCGGCA
CP130612.1_gap78	2442267	2444772	2505	CGTGTACTTCGCGCGCACGGCGGCGCTCATCGAAGGCATCGGCACACGCTACGACCCGTACTTCAATGCCATCCAGGTCGGCACGCCGCTGGTGATGCGCATGCGCAGCCGCATCTTGAAGTCGCTGGGGCAGGAGGCGGAGCCGAGCGTCGAGGAGTATGCGGCGATGGCGGGCTGGGCGGTGGGGCGCGCGTGGCGTCGCGTGCGCGAGGTGGTCCGGCCCCTGCTGTCTGGGCTCGCGTTGTGCCTTGGGCTGGGCGCGGCTACTGCACTGCAGGCACAGACGAGTGACTCCCTCGAGGCGCGCATCGCCGCTGCGGTGCAGCGGGAAGGCCTCATCGGCGTGTCGTGGAGCCTCCTCCGCGACGACAGCGTTCGCCTCGGTGCGGCCGGCACCCGCGACGTGCGCAGTGGCGCGGTGCTGAGTCCAGAGTCGCGCATGCAAGTGGGATCGGTCGCCAAGACCGTCACCGCACTCGGTGTGCTCCGACTCGTCTCGCAAGGACGCCTCGACCTCGACGCCGAGGTTTCGACGTTGCTTGACGCACCGCGAATCGAGAATCCGTTCGCGGCGTCGAGTCCGCTGCGTGTCCGCCACCTGCTCGATCACAGCGCTGGCTTGGACGATGCGCGGCTCTGGCAGGTATTCACGATGCGCGGAGATGCATCGAGACCATTGGGCGAGGGTCTGCCCGCTCGCCTGACGCTGCGCACGCCGCCGGGGCGGCAGATGTCGTACTCGAACACGGGCTACCTGCTCGCCGGCATGGTCATCGAGCGCGTGACCGGCTCGCCGTACGAGGCCTGGCTCGACAGCGCGGTGCTCGCCCCGCTCGGGATGACACGCAGCACCACGCGGTTCGTCACGCAGGCCGACGACTCGACGTTGGCGATGGGCCACTTCGACCTCAGCACCGTCGCGCCGACCGTCGCGTTTCCCGTACGCCCGGCGATCCAACTGACGACCACCGCCGAGGACATGGCGCGCCTCGCACGATTCCTGGTCTCGGATGGCCGCATCGGCGACTCCGTCTTCGTGGATGCTGCGCTGCTGCAGGCGATGGCACGCGCCAGCACCACGGATGCTGCTCGTGCCGGGCTCGGCGTGGGCTATGCGCTTGGACTCCTGCGCCGTGATCGTTACGGAGCCGTCGGCCATTGCCACCTGGGGAACCAGGGAAACTTCCGCGCGGTCCTCTGCGTGTACCCGCAGCAGCAGCGCGCGATGTTTGCGTCGTACAACAGCGACCCGGAGAGCGGGAACTTCGCCGCCGTTGACTCCCTGCTCGTCGACGCGCTGGACGTCTCGGCATCAGGCTCCCCCGCAGCGGCAGTCACGAACGCGACGCTGCGCGCGCTCGACGGCTGGTATGAGGTCACGCCGGCGCGCTTTCAGCAGTTCGCGTACCTCGACGCGCTGGCGTCCGCGGTGCGGGTTACCGCTATCGGTGACAGCGCGTTGACCTTCGCGCCGCTTGGCGGGACCGCGCGCCACCTTACCGCCGCGGGATCCGACCGCTTCCGCGCCACGGGCCGCAGCGAGGCGTCGCACGTCGTCATCCGCAATGCTGAAGGCAACACCGTGATCTCGGATGGCACCCAGACCTTCGCCCGTGTCTCCGCGGGGCGCCTGTACCTTCGCTGGACGTCTGCCGGACTTGGCATCTTTGCGCTGCTGACCATTCTCGCGCGCGGAACGTGGCGCGGACTGCGCGCGATCCGGCATCGCGCAGCGGGCGCCGACCCGCTGCGATACGCAACCATCGGCATCGCGCTGCTCTTGCTCGCGCCGGTCGCCTATCTCTTCACAGATGCGATGGCCATTGGCGACCCGACCTTCGCCAACCTAGGCGTAGCCGCGGCCACGCTGCTGCTGCCCATCAGCCTGCTCGCGAGTCTCGCCGCCATCATCGGTCGCGGCACGGCAGGTCGGCGCGTGGACCTCGTACTGCTAGTACTCGCCACACAATGGTGCACCGTGCTGGCCGCGAACGGCTTCCTGCCGCTCATGCTGTGGCGCTAGCCGGCGGGCGCCCGCCGGCGGCCCTGATCGCATCGGCGCGCGCCTGAATCGCCGCTCGCCGCTCCGGCGAGAGCCGCGTGAGATTCTTGAGCTGCATCGTCATGCGATTGTTGCCGCGCAGGGCGGACTCGTGCCGCAACAGGTAATCCCAGTACAACGTCGTGAACGGACAGGCATCGTCGCCCACGGCTTCGGCCGGATCGTAGCGACACTCGGAGCAGTAGTTGCTCATCCGCTGGATGTACTTGCCCGTCGCCACATACGGCTTCGACGCCATCACGCCGCCGTCGCCGTACTGCGACATGCCGAGCGTGTTCGGCAACTCCACCCACTCCACGGCATCCACGTACACGGCCAGATACCAGTCGTGCACACGCTGCGGCCGCACGCCAAGCAGCAGCGCGTAGAGACCCGTGACCATCAACCGCTGGATGTGGTGCGCGTAGCCGTAGCGCAGCGTCTGCCCGATCGCGTCCTGCAAG
CP130612.1_gap79	2454298	2456438	2140	TTGCCGCGATGCGCGCCGAAGGCTGCGCGTTCACGGGCTTGCTCTATGCCGGCCTGATGCTCACGAAGGACGGCCCGAAGGTGGTGGAGTTCAATTGCCGCTTCGGCGATCCCGAGACGCAGGCCGTGCTGCCGATGATGGCCTCGTCGTTGCTCGAGCCGATGCAGGCGATTGCCGAGGGACGGTCCATCGCGGCGTTGCCCGCGCTCGCATGGAAGACCGGCGCGGCGATCACGACTGTCGTGGCCGCCGAGGGATATCCCGGCACTGCGCGCAGCGGCGATGTCATCACGTTGCCGAGCGCCGATCCCGGCGTGACGGTCTTTCACGCCGGCACCGCGACCAATGCGAAGGGCGAGCTCGTCACCGCCGGTGGTCGCGTCCTCGCAGTGACGGCCGTCGCGCCGACGCTCGCCGAGGCGCAGGCCAAGAGCCGCGGCTTCGCGGAGCGCGTGCAGTTCACGGGACGCCAACTCCGCCGCGATATCGGCTGGCGCGAACTCGCACGCGCGCGCTGAGCGGCGCGCTACGCGCCCACCCGCGCGATGCCTGAACTCCCCGAAACCGAGACCATCGCCCGCGACCTCGACGCGGCACTGCGAGGGGCGGTCATCCGCACGGTGAATGTCGCGCGCGCGGACGTCGTGCGCGGCACGCCAATCGACCGGCCCGAGACGCCGCACTTCATCGGGAGCCCGCTGACGCGCGTCTTCCGCCGCGCGAAGGCCATCGTGCTCGAGTTCGCGACCGGCGATCGCCTCGTCGTGGTGCCGCGCTTCACGGGCGCGCTGCTGCTCTCGCGCGATCCGCACGCAGACAGGCATCCCTACTGCTGCGTGCAGTTCCTGCTCACTGACGGGCAATCGCTGCAGTATGTGGACGTCCGCCGGCTCGGCACCGTCTCCCTGCTCATGCCGGACGAGTACCGAACGTGGGACGCCAGCCTCGGACCCGAGCCGCTTGACCCAGCCCTTACCGCCGAGCGATTTTCGGGAATCCTTCGGGGGTCGAGCCGCGCCGTGAAATCCGTCTTGATGGACCAGAAGCGACTGGCCGGCGTCGGCAACATCTACGCCAACGAAGCGCTCTGGCATTCGGGCATCCGCCCGGCGCGCCGTGCGAGCGCGGTGACGCGCGCCGAAGCCGCACGGTTGCTCGACGCCCTGCGCGAGATCCTCACCGCGAGCATCGCGCTGCGCGGCACGACGTTTCGCGACTTCCAGGACGCCTACGGCGGCCGCGGCGGCTACGCGCGGGAGCTCAAGGTCTACGGCCGTGGTGGCGCTGCCTGCCTCCGCTGCGGCGAGACGCTGCAGGAGACGCACAGGCTCGAAGGGCGCTCGACGGTGTGGTGCCGGAGCTGCCAGCGATGAGCCCCCGCCGCCGTCGCCGCCGCGGCCCGCTCGCGCCCCCCAAGGACGTCGAGATGCGCATCGACAACATGCTCGCGCTCGTCAAGGACACGGCGCGCGACGTGCCCGGCGTGTATCGCATGACCTCCGCCGAGGGCGAAGTGATCTATGTCGGCAAGTCGAAGGCCCTGCGCACGCGTCTGCTCAGCTACTTCCGCGCGAAGTTCCCCGCCGACAAAGGCGCGCGCATCCTCCGCGAAGCCGCCACGCTCGAGTGGGAGCCATTGCCCAGCGAGTTTGCCGCGCTGCTCCGCGAGTTGCGCCTCATCAAGCAGCTGCGCCCGCGTTACAACGTCGCGATGAAGCGCGACGCGCGGTATCACGCCTTCGTGCGCATCTCGCGCGGCCCGGCGCCGCGCCTCCACGTCGTGCGCGGTGCCGGCAACGACGAGCACGGCACCTACTTCGGGCCCTTCCGCGGTGCCTTCCAGCTCGGCGAGGCCATTCGCGAGCTCAACGATGCGCTCGGCCTCCGCGACTGCGCGCTCGACACGCCGATGTTCTTCGCCGACCAACCCGAACTCCTCGACCTGCCTTCGCGGACGCCGGGCTGCATCCGCCACGAGATCGGCCGCTGCCTCGGCCCGTGCGTGGGCGCCGTGCGCGAAGCCGAGTACGACGCCGCGTTCGCCGCGGCGCGTGGCTTCCTCGAGGGCGCCGAGGACGCGCCGGTGCGCTTGCTGCGCAGCCGCATGGAGCAGGCCAGCGAGACCTTGGACTTCGAGCGT
CP130612.1_gap80	2459025	2460788	1763	ATCGTCGTCACGCCACTCTACGACGGCCAGCGCGGCGCTCCTGTTGCGCAGCCGTTCGGGTTCCCGACCGGATTCCCCGGCGCGACGGTCGCCACGCAGGCGCCGACTACACCCTCGACGCCCTCGCGGCCAGCCGCGAACCCGTCGACACCGCCCGTGACGCGAGGCGGCGCGGCTCCGCCGCGGCCGACGGCCGGGACGCGGCTTTCGCGCGCGCAGATCCTCGCGCTCGAACCCGACTTGTCGCGCGTGATTGCCCCGAACGAGCCCGTCAGCGGCACGCTGGGCAGCCAGAGCCTCCTGCTCGACGACGGCACGCGCGTCGGCGTGTGGTACTACCAGGGCTCGCGTGGCGAGCGCATCACGGTCACGCAGACCGCCGGGGGCTTCGACTCGTTCCTGCTCCTCGGCCGCCAGGGCGCGTCGCGCGTGCTCGCCTCCGACGACGACGGCGGCGGCGGGTTGAACTCCCGCATCCGCCAGACGCTCCCCGCCGATGACATGTACGTCATCATCGCGAACACCATCGGCAGCGACGCGTCGGGCAACTACACGTTGCAGGTCGAATCGGATCGCGTACCGGCGGCGGTCACCCAGGGCGCGGGCTCGAACGCCGACGCCCGCCGCGGCGCGGCACTCGGCGGCCTGCTTGGCGCGGCCGCGGCCAACACCGCGCGCGGCGGCGCATCCGCGGGCAGCGAGCGCGGCGCTGCCGCCGCGACGAGCGCGGCGCCGATGACGGCCGCGCAGATCTTTGCACTTCCGCTCGATGAGTCACGCATCGTGCGCATGGGCGCCACCGTGCAGGGCGCGCTCTCCGCGAGCGATCTCAAGCTCACCGATAACACGTACCTGGACGTCTACTACTTCAACGGCTTCCAGGGCGACAAGGTCTCGATCACGCTGCGCTCCCGCGCGTTCGATGCCTACCTGCACTTCGGCGAGCTGGGCGGCAGTGCGGCGATCGCTACCGACGACGACGGCGGCAGCGGCACCGACGCCCGCGTGAGCGTGACGCTGCCGCGCACCGGCACCTATGTGATCATCGCGAACGCGCTGTCGGCGGGCGGCACGGGTGCGTACACGCTCGAGGTGCGGTCGCCGTGATGTAGCGCCGCGGGCGGCTAGTATGCGAGCTCGACGAGCTCCGCGCTGGCCGCCCCATCGGCGATCGTCAGGATCGCCACGCAGGGCTTGAGGTCGAAGCGCCGCGGCCCGGCCGCGCCGGGGTTGATGACCAACCGCCCGTCGACGCGCTCGATCACCTGCTTGTGCGTGTGGCCGTACACGCACACGTCGGCTTCATAGGCCGCGGCGACTTGGGCTGGCCGCGGCCGGCCCAACTCGTGCCCGTGCTGCACGTGAATGCGCAGGCCGCCGATCTCGACGTCGAGCGCCTCGCGCAGCGAGGGATCCCAGGGGTCATCGCAGTTGCCGTACACGGCCTGCGTCGGCGCGATCAGCCCGAGCTCCACCAGGATCGTGTCGCTGCAGACGTCGCCGGCGTGCAGGATGCGGTCCACCCCGGCGAAGACCTCATGCACCTGCGGGCGGAGCAGGCCGTGCGTGTCGCTGATCAAGCCGACGCGGATCGGGGCGGTCACCATGCGCTCGGCGTGGTCGGCACGGGCACGTCAGTCGTTCGCGGACTCGCCCCAGCGCGGTGCGAGCGTATTCGGCACGCCGAGGTGATCCAACGCCCGCGCGACGATGAAATCCACCATCTCATCGATCGTCGTCGGCCGATTGTAGAACCCGGGCGC
CP130612.1_gap81	2475251	2478720	3469	ATCGACACGAGGTGGCCGAGGATGCCGATGGGGAAGAGCCCCGCGAAGAACGAGGCGAAGAGACCCGTGATGATCGTCGCGAGCCACGGCGTCTGGTACTTCGGGTGCACCTTGCCGAAGATCGGCGGCAGCAGGCCATCGCGCGACATCGCGTAGAAGATGCGCGGCTGGCCCATGAGCATGACGAGCACCACCGACGCGAGGCCGGCGATGGCACCGATGTTCGTGAGGTACTTGAGCCAGGCCAGCGACGGGCCAGCCGCGTCGAGCGCCACGTACACCGGCTCCGCCACGTCCAGCTGCGGATACGGCACCATGCCCGTCATGACCAGCGCCATGAGGATGTAGAGGACGGTGCAGACGGCCAGGGACGCGAGGATGCCGATCGGGAGGTCGCGCTGCGGGTTCTTGGCTTCCTGCGCCGCGGTCGAGACGGCGTCGAAGCCGATGTAGGCGAAGAAGATCACGCCGGCGCCGGCGAAGATGCCGCTCCAGCCGAACTTGCCGTTGATCAGGTTGCCCGCTTCGTCCGTGAGCTGCGCCGGGATGAAGGGGCTCCAGTTGGCCGCATCCACGTAGAAGAAGCCGAAGCCGATCACGAGCAGGACGATGCCGACCTTCACGTAGACGATCGCGTTGTTCAGCTTGGCGGATTCCTTGATGCCGAGCACGAGCAGCGTGGTCATGAGGAGCACGAGCAGCACGGCGGGCAGGTTGATGATCGCGCCCGTCCGCACGATGGTATGCGTGCCCTCGAGCGTGAACGGCGCAGAGGTCAGCGCGGTCGGCAGGTCGATGCCGATGTCGCGCAGCATCTGCGTGAAGTATCCGGACCACCCTACCGCGACGGTGCTCGCCGCGAAGAGATACTCGAGGATCAGGTCCCAGCCGATGATCCAGGCGAGGAGTTCACCGAGCGTGGCGTACCCGTAGGTGTACGCCGAGCCGGCGATCGGGATCATCGAGGCGAACTCGGCGTAGCAGAGGCCCGCGAAGGCGCAGCCCAGCCCGGCGATGAGGAACGAGATCACGATGGCCGGTCCGGCATGCTGCGCCGCGGCGGTGCCCGTGAGCACGAAGATGCCCGCGCCGATGATGGCACCGATGCCGAGCAGCGTGAGGTTCATCGCGGTGAGGGAACGCTTGAGCGTGTGCTCCCCGTCCCCGCCCGCCTCCTGCATCAGGACGGACAGGGGCTTGGTGGTCCACAGTCCCATGGTTACACCGAGTAGTTAGGCGCTTCGCGCGTGATGGTGACGTCATGCGGGTGCGACTCGCGCAGCCCCGCCGGAGTGATGCGCACGAACTCCGCCTGGGTGCGGAGCTCGTCGATCGTGCGGCAGCCGGAGTAGCCCATCCCGCTGCGCAGCCCACCGACCATCTGGTACAGCACTTCGCCGACAGGGCCCTTGTAGGGCACGCGGCCCTCGATGCCCTCGGGCACGAACTTCTTGGCGGACATCTCGCCGTCCTGGAAGTAGCGATCGGCGCTGCCGTCCTGCATGGCGGAGAGCGAGCCCATGCCGCGGATCATCTTGAAGCGGCGGCCTTCGGCGAGAATGCTCTCGCCCGGGGACTCCTCGGTGCCGGCGAGCATGGAGCCCATCATCACGGTGTGCGCACCCGCGGCGATGGCCTTCACGATGTCGCCCGAGTACTTGATGCCGCCGTCGGCGATGACGGGGATGTCGCCGGCGCCGGCGCAGGCGTCGAAGATCGCCGTGAGCTGCGGCACGCCGATGCCGGTGACGACGCGCGTCGTGCAGATGGACCCGGGGCCCACGCCGACCTTGATGCCGTCCACGCCGCGCTCGATCAGCGCCTTGGCCGCGGCTTCGGTGGCGATGTTGCCCGCGACGAGTTGGATCTGGGGAAAGGTCTCGCGGACCTTGGCCGTGGCGTCGAGCACGCCCTGCGAGTGGCCGTGCGCGGTGTCGACGATGAGCGCGTCGACGCCCGCGTCGATGAGCGCCTTGGCGCGCTGCAGGTAGTCGCCGCCGGCACCGATCGCCGCCGCGACCAGCAGACGGCCCTCGCCGTCCTTGGCCGCGTTCGGATACTGGCGGCGCTTGTGGATGTCCTTCACCGTGATGAGGCCGACGAGCTTCCCGTCCTTCTCGACGACGGGCAGCTTCTCGATGCGATGCTTGCCCATGATCTGCTCGGCTTCGTCGAGCGAAGTGCCGACGGGCGCCGTGATCAGGCCGTCCTTGGTCATCGCCTCGCTGAGCGGGCGGTCGAGCTGGCGCTCGAACTGCAGGTCGCGGTTGGTGATGATGCCGACGAGCTTGCCCGCGCCGTCCACCACGGGCACGCCACTGATGCGGAAGCGCGCCATGAGGCCGACGGCTTCGCGGAGCGTGGCGCTGGGCTGCAGCGTGATCGGGTTGCGGATCATGCCGCTCTCGGACCGCTTCACGCGGTCCACTTCGGCCGCCTGGCGGTCGATCGCCATGTTCTTGTGCAGCACGCCGATGCCGCCGGCGCGGGCCATGGCGATGGCCATCTCGGACTCGGTGACCGTGTCCATCGCCGCCGACACCAGCGGCACCTGGAGCGTGATGCCGCGCGTGAAGCGCGTGGCGGTCGTGACGTCCTTGGGGTGGACGAGGGAGTGCCGCGGGACGAGCAGTACGTCGTCGAAGGTCAGCGCGGCGTCGGTGCGGACACGCGTGGGAGCCATAGCGAAAGGTAATCGAAGGCTATGGCTTGGCTCCACCCTGGGAGAGGGGAGACGGGGGTACGGGCGGGGGTGGGAGAGGGGATGGGGGAGAGGTTGGGACCGACGTCTCACGACCCCTCACATCTGCCCCCCGTCTCTCACATTAGCGTATCACCCTCTCCGCCCGTGTCCCCGTCTTTCGCGCCGTGCCCCCGGTTGTTGGGCTACGGTTTGTTCTCCGTCGGGGGCACGACGGACTCAGTCGGCGGCTTCGCCGCCGTCGTCTTCCCCGAGCCGACGATATCGCTGGCGACGCTGGCTCCCGCCGCCGCGACGCCGGACAGCACGTTCATCGCCTTGCTCATGAAGCCCATCGCCTCGGCGACCGTGCTGGCCGAGAGGTTGCCCGCGCGCAGGGTGTCTTCGACGCCCTCGGCGAAGCGCTGGAGCACGTTGGGCGGCGGGGCTTGGCGCTCGGCGTACTTCGACTCGACGAACTCGATGTAGTCGAGGACTTGGTAGAGTCGCTGCTCGGGCAGCGCCTCGAGACGGCGGAGAATCCGGTCGCGCAGGATATCGTGCATGCTGAATACTACGGGCGCGGTGGGCCCGTCGGTTACTGGACGCCCCAGCGGGCGCGCTCCCCACGGGCGTCGACATGCACGAAGGGGCCCGCCGCGCCGGTCGCGCGGTACACGCCGATGCCGCCGATCAGGTCCGGATACGCGGCCTCGACGGCCAGCACGATGCGGACGAGATACCGCGCATCGTTGAGGTCCACGCGGCCGTCCCGATTCAGGTCGTCCA
CP130612.1_gap82	2578658	2580582	1924	TCAGCAGCGAGCCGGTGATGAGCGCCTTGAGGCCCACGGCCGAGAGTGCCTGCCACACCAGCACCTTGAAATGCTTCTGGCGGTACTTGAGGTAGCCGCTCACGTGCTCGTCCATGCGGGCCAGCGCCGGCGTCGCGCGGCCGGCCGCCTTGAACGAGGCCACCGTGCGCGCCAACTCCTCGAGCCAGTGCACGGCGCGGTACTTGAACTTGCTCTCCATGAGGCTCGTCTCGAGCCCCTTGGGATACGTCAGTTTCAGCACGCCCCAGAGCAGCACCACCATGCCGATCCAGAAGAACGTGAAGTAGTAGTGGTAGAACGTGAGCAACAGCAGGCCGAAGAGCACCTGCAGCAGCGCCGTCGTCGCGCCGGTGAGCAGCTTGCCCAACGACTTCTGGATGGTCACCACTTCGAAGAAGCGGTTCATGCGCTCCGGCAAGTCGTCCTTGAGCCACTGCTCCACACTCACGCGCGGCACGCGCAGCGAGAACTCCAGCGCGATGCGGGCGAAGATGCGCTGCTGGATGCGCTCGACCGCGCTCAGCTGCAGCACTTGCAGCACGCCGGTCGCCGCGGTGCCGAGGATGACGAAGGCGATGAGGATGACGATCGGCTGCAGGAACAGGCCGCCCGACACGAGCCCGATGATCGCCTGCACGCCGAGCGGCAGCGTGAGCGAGAACAGGCCGACCAGCGTGGCGTAGGCGTAGACCAGGCCGATGTTCCCCTTCTCGAGGACCAGCAGCTCCCAGAGGCGCTCCATCGGCGTGCGGTCCGCGGCATCGGCGCTGGGGCCCAGCACCGCTTCCGGCAACACCTTGGCGGGGAACAGCACGCCGACAACGCCGCTGCTGCCGGCAAGCCGCTCGAACAGGGCATCCCAGCCGAAGCGCTCCTGCTCACCGATCCCATCGGTCGTGAGGATCCGGGCAATCGCGACGTCACCGTCGACGGCATCGACCACGGCACCGCAGACGCCGCTCGTCGGCTGCTGCGCCACGATGGCCAGCGGCGCGGTGACGTCACGCATCGCGGAGCGGAACTCCGCCGCCGCGTACGATTGGCGGAGGAACGCGACGCCGCAGCGCCGGCCACTCTCCACGATGGCCTCGGCGAGGTCTGCGGCGCTCTCTTCCGGGAGGTGCAGGCGACGGAGATCCTCGCGCCAGGCGGCACCGGGATCGTCGAGCCCAAGACGCTGGGCGATGTGCTGTGTCAGGCGCACAGCGCGCGGAAGGGTCCTCATGACGTCGTCGGCATTTCAGGGACTAAAAATGTCGGTCTTGCAATTTGTTCCCATGGCACGGCTTTCCCAAGAGGGGAAAATCCGTTCCGTCGGGGAGAAATCTGCGCTTGTACCGCCCAGAGGCCGCCCGGGTTCCCCCGGGACCGCCCCCAGCGCTACGGGATGACGGGGAGGCCGGCCTGGATCGCGAGCGCGATGCGCTCGTGATTCGTGAGGCGGCCGCCCGTAATGACGACGACCAGGTTGTTGTTCGTCACCATGAGCATCGGAGGCGCGAACGGCGTGGTCTGCCCCGGAGGCGCGGCCGTGAGCGAATCCAGCCGGTCGGTGATGCGTCGGCGGGCCACGGAGTCCGGGTAGATCCACGCATAGACCGTCCCGCCCCCGGCCAGCAGCCGAATCGGCGGCTGTCCCATCCAGGCGGCGTCCGGCGCGGGGTCGGGGTTCGCGCGTGGCGCGACGCCGGCGCGCAGGAGGCGATCCATCACGTGCGCCTCCGTCCACAGCCCGTCGCTCGGCAGCGCCGCCGCTTGCCGCGCCGTGGTCTCCGCGGCGGCCATCTCCTGGCGCACGGCGCGCTCGGCCGCGGCCTGTTCCGCGGCGGGATCGCCGCAGGCACCCAACCCGAACAGACCCGATACGAGCACGGCACGGCGAACGCCCGCGGCCGTCAGCATT
CP130612.1_gap83	2583495	2586907	3412	CTAGCGCGGCGGCCAGCCGGCGACCGCGACGTCGAGACGCGTCACGAACGCCGCGATCGTGCGGGCGGCGTTGTAGTACCAGCCGGCATTGACCTTCTCGGGATCGTCCGTCGGCTCGTGATAGTCGGCGTGGTCTTCGACGCCGAAGTACACGAAGGGAATGCCCTGCGCGTGGAACGCACCCTGGTCGGAGAGGGAGGTCCAGTTGTCGCGGCCGGTCCCGGTGTCGTAGCCCATCTTCACCGTGACGCCGCTCGCCGGGACGAGGGCCTCGACGATCGGCTTCATCACCGGATGCGGATTGGTCCCGACCGCCCAGAGCGTGCCGTTATCGCCGCGGGCGACCATGTCCATGTTGACGTTCGCGGCGATCTGCGCGAGCGGCACGGGCGGGTTCGCCACGAAGGCGCGGGCCCCGAGCAGGCCCATCTCCTCGGCGTCGAAGAACGCGAAGATCAGCGTGTGCTCCGGCTTGTGGCGCTGGAAGTGCGCGGCGAGTTGCAGCAGCGCGGCGGTGCCGGAGGCGTTGTCGTCCGCCCCGTTGTAGATGTTGCCGTTGCGCGGCGCGACGTGGTCGAAGTGCGCGCTCACGACGATGGCGCGCTCGGGGAAGCGCGTGCCGCGCACCTGCGCGACGACGTTCACGCCCCGCACGCTATCGGGCCGGTTGCGCCGCGGCATCGCGAAGGGCTGCTCGAACGACGCGCCCACCGGCGCGAGCCCGAGCCGACGCATCTCGGAGACGAGGTAGGCCCGCGCCTTCGCGTTCTCCGGCGTCATCGCCGCACGCCCGGCCATCGAGTCGTGCGAAAGCCGGAAGAGGTCGCCGAGCAGCTTGGCCGAATCGAGCGCGGGAATCGCATCGCGCGCGGCAGCCGGCGTGGACGAGGCCTGGGCACCGGCGCAGCCGGCGACGACGAGGGCGAGGAGGACCGAGGGGAGGCGCATTGGAGGAAGCTAAGTGACGGATGACGAAAGGCGGAAGGCGGGGAGGAGCCAAGCTCCCCCCCGCCTTCCGTCGTCCGTCTTCACTCAGAACGCGAGGACCGCTTCGATCATGAAGCCCTTGAACTTGCCGCCGTTGCGGGTGTCCGCGGCGCCGACGAAGCCCTTGTACTCCTGGTTGACCCACTCGGCCTTCATGAGGAGGCTCGGGGTGACGTACCAGCCGCCGCCGAAGTTGATGCGGGTGACGTCGGCGTCCGGCGCGGCCGCGCCGAGGTCGCCCGAGACGTTGTTCCAGCGTGCGGCGAGGTACGTGCTTTCGGTGCGGCCGAAGCGGTACACACCTTCCGCCATCAGCTGCGTCACCTCACGCTCCGTGGTCTCGGCCGCCGAGCGGCCCTGCGCCTGCTCGTACATGCCGAAGAACTCGGCGCCGCGGAACTTCACGAAGGGGTTGATCATGAAGCCGCTCTGCTTGTCCGTGAACCCCGGGTCGACGCGGCCCGACGTGGCCTGGGCCGATTCGGTGGCCGCGGTGTTCTCGAGGACGTAGTAGTAGCGCGAGCCGGCGCGGTCGCCCGAGTAGATCGAGTTGTTGATCGACGAGGCGGTCGTGCGATACGAGCCGCTGAGGCGGACGCGCAGGTCGTCGTTGAGCTGGCGATCGAAGCCACCCTTCACCATGTAGGCGGGGGCACGGTTGTCCGGCAGGTCCACGCGGCCCTTGATCTCACCGCCCGTCGCGGCGACGACGCCGAAGAGGCCGTTCTTCTGCACGATCGCCTCGACGCCGACTTCCGTCGTGAAGGCATCCATCAGGGCGTTGCCGACCAGCGGGTTGTACATCGCGTTGCCGTTGTCCGTACGGCGGAACTGGAAGTCGCCGTAGTTCACCTGGAAGTGACCGATCTTGAGCGTGGTCACCTTCATGATCTCATGGAACAGCGGCACGTCGAGCGGCGAGGCGTCCACCTGCAGGAAGCCGTCCTTGACGTACGTCTCCGGGTGGCGGCGCGACGAGAGGTAGGTCGTCAGCTGCACGCGGATGCCCGGGGCCACCTGGGCGTTCATGTACAGGTTGGCCGTGGCGTTGTTGAAGCCGTTACCAATCGGCTTGAGCGCCGTCGAGCTGGCCGTCTCGTGGCTGAGGCCCTGGAACTGCTGCGTGAAGGCCGCGCCCCACTGCAGCGCGAAGCCCGTGTAGGGCACGTTCTCGACCTTCGGGGTCTCGAACATGTTGATGCCGCGCTTGTCGTAGGGGCGCAGGTACTGGACGACGGTCGGCGGCTGGAACCGCGCTTCGTCGGTGGCCGGGGCCTGCTGCGCGGCGAGCGGCGCGGCAAACGCGAGGGCGGCGAGGGCGGGGAGGAAGTTGCGACGCGAGAGCATTGTGAGAGTCCTCACTGGATGTAAATCGGCAGACCGCCGATCAGGGTTGGAGCAAGAGGTCGAAGTTCACGGTGATGGTGTCACCGACTTTCAGCGTGCCCATCATGAGGCGCGGGGGTTGCACGCCCCACTGCGTCATCGCGAGCGGATAGCGGCCGGTCACGCGCAGCGCCCCGGCGGCGTTGGCGAACTGCACCGGCACGGTGATGGCGCGCGTCTGGCCGTTGATCGTCAACTGGCCCTGGAGTGCACCCGTCGTGTTCGCCGCGCGGGCGAGGGTGTAGTCCGTCAGCTGGAAGCGGATCGTCTGGTGCTGCGTGGCGTTCAGCGCGTTCCGCATGTGGTTGTTCATCGTCCGGTTGCCGTCCTGGCAATCGAGCGACGCCACCGGGAAGACCATCTCCACCGTGCGCACCGCCTTGCGCCCGTCGAGGACGGCGGCGGGAGCCGCAGCCTCGCCATCGATGGTCGCCTGCATCTGCGTCGCCTTGCAGCTCCAGTCGCGAACGGTTGACGTCCCGTCGAACCACAGGCGGCTTTCGGGCTTGAGGCGGAGGCTATCGAGCATGGGCGTCGCCGCCGCCACGAGGACGAGGGCGGCGATCGCGAGGGGCCAGCGAGGGGTCGGGACGCGCATTGGGAAGACTCCAGTCGGGGGACTGCGTGGCGAATCACCGATGCTGCGTGATTCGTGGATGGAGTATCCGCTCGGGACCGACCCCCGGCAGTAAGGCGCTACCGGAACCTTGGTGAGGTCAGAGATTGCCTTACAGTAGGGCAATCCCCTATGTGTCGCATGGCATCGCGCCAGGGTACCGGGGCGGACTCACCCATCCCTTCAGCAGTAGCGTGGTCGTGCCGAGCACGGGCATGCGGCTGACGATGCGCACCGGCACCCGGCAGTCCGCAGTATCGAAGTTCATCCGGATCGTCCCTACCCCGCGGAATCGCTTGGGGTCCCGCACATCCATTTCTACGATTCGGGTCCGGAAGACCCCCACGGGCGTCTCGACCAACTCCTCACCGCGGACGCGGATGACGGTCGGATTCCGGGCCGCGTCGAAGTGTCGCGAGACCT
CP130612.1_gap84	2609367	2611610	2243	ACGTCGCGCCGCCGGCTCCGCGTCCGGCGCCCATGTCGCCGAGCGACGGCCAGCTGCGCAGCGGCCGGCGCCATCAGGGCGGGCTCGGACCCGGCGAGAAGCGCTACGCGGCGTTCATGAGCGAGATCCGCAAGGAGGGCGCGTGGTCGCCGACGCCGGTCATCGTGGCGAACACGATCATGGGCAGCCTCGTGCTCGACTTCCGCGAAGCCCCGATCCCCGCCGAGGGCGTCGACATCTACGTCGACGTCATCATGGGCGAGCTGAAGGTGATCCTGCCCCCCGGACTCCCGGCGGACGTCGACTGCTCGACGTTCATGGGCTCCGTGTCCGACAAATCGAAGGCCGGCGTGCCGGGTGCGCCGACCATCCGCGTGACGGGGAGCACGATGATGGGGGGCATCACCGTGGTGACGAAGGTACCGCGCCGCGAGGGCGAGAGTTCATTCCGCGCGCAGATGCGGCAGTGGCTCGGCAGCGGCGAGTGAGCCGCTGCGGGGGCCGGTCCTACGGTCCCTGCGAGAGGTACGCGTCGGCGTAGCGGACGATGCTCTCGTCGATGATGCGCATGGCCTCATCGCTCTTGCCCCAGCCGACGACCTCGACGCGCTTGCCCTCGAGGTCCTTGTAGATCGCGAAGAAGTGCTCGATCTCGCGGAGATAGTGCCCGGGGAGGTCGGCGATGTCGAAGTACTCACCGTGCATCGGGTCGTCGACGGGCACGGCGAGAATCTTGTCGTCCGGCTCGCCCTTGTCGAGCATCTTGAGCACGCCGACCGGCCGCACGTCGATCAGGCAGCCCGTGAAGGTCGGCTCCTTGATCATCACGAGCACGTCGAGCGGGTCGTTGTCCTCGTGCAGCGTGCGCGGGATGAGCCCGTAGTCGCCAGGATAGTGCACCGCCGAGTAGAGCACGCGGTCGAGCCGGAAGAGTCCCGACTCCTTGTCGAGCTCGTACTTGTTGCGCGCGCCCTGCGGGATCTCGATCACCGCGGTGACGACTTCCGGCGCCTGACGGCCCGGCGGCAGGTCCTTCCAGGGATGGATCACCGTGCGCGCTCCATCGCCTCGCGCTTGCGGGCGACGGCGGCGCGACGGAGGCGGATCGAGAGGGCGTAGCCGACGAACATGGCGATGAGCGCGCCGTACGCCACTTGGTAATAGATCGCGTTCTCTGGCATCAGGACTCCGCGGTGGTAGCGTCGAGCAGCGCGTCGCGTTCCGCGGCGAGCGCCATGCGCTGGCGCACCAGTGCCATGTAGAGCACCGTGAACGCCCCGAGCGCCAGGAAGAGCGTCGTGATCATCACCGCCGGCATCTGGATGCCGGTCGGATTGGCCACGATCGGCGTCGGGTGCTGCGTGCGGAAGAGGTAGACGCTGAGATGGATGAACGGGATCAGCAGCGCGCCGAGGATGCCCACGACGGCGCTGTACCGCGCCCGGGCCTGGCGATCATCGACGGCGCCGCGCAGCACGAGGTAGCCGAGGTAGAGGAACCAGAGAAACAGCGTCAGCGTGAGGCGGGCGTCCCAGACCCACCAGGCGCCCCAGATCGGCTTGCCCCAGAGCGGCCCGGAGACGAGGACGCCGGTGGTGAAGATCACGCCGACTTCGGCCGAGGACTCCGCGAAGCGATCTAGGCGCGGGTCCTTGATGAAGAGCCACACCCCGCCGGCGATCGCCGTCAGGCCGAAGGCGAGGAACGCCACCCACGCCGACGGCAGGTGCACGTAGAAGATCTTCTGCGCCATGCCCTGCAGGCGGTCAGGCGGCGTGAAGTAGATGGCGCGCACGAAGGCCGCGGTCATGAGCGCGACGGCGGCGACCATCAGCCAGTCGATGCCGCGGCGGGGGCGTACGGAAGCGGGAGCAGTCATCAGGTCAGTCTTCGAGCGTGAACGGGAACGTCAGCATGCAGGCGTACAGGAAGACGAGGTCGAAGGCGAGCAGGATACGGAACCAGCCCAGCGACTCGTCCACGGGGCGTCCCGCGAGCAGCTTGGCGGTGACCTGCGCCGCCGGGAGCACGATCGGGACGAAGAACGGCAGCGCGAGCACCGGCAGCAGCAGCTCGGCCATGCGCGTGTTGGACGTAATGCCGGCGAACAGCGTCCCGACGCAGGTGAGTCCGATGGCCGCGAGGAGCATCGCCAGCGCCAGCGGACCGACGACCACCGAGAGCGGCAGGTTGTAGAACAGCGCCAGCGCAGGCAGCGCCACCACTTGAACTCCCAGCACGAA
CP130612.1_gap85	2635215	2638333	3118	GATGCGCTTTCCGTGCGCCATCGCGCGTGTCAGGCCGCGGGCGTAGCGCGCCCGCAGCTCGTCGAGCAGGCGATGCCGCTCCTCATGGTCGTGCTTGAGCACCATCGACGCGACGCTCGGCACGTACGTGAGCGCCAGCAGCAGCGAGCCGAGCACCGCCGTCACGACGGTAAAGGCCATCGGCTTGAACATGCGGCCCTCCATCCCGTCCAGCGTGAAGATCGGGATGTACACGGCGACGATGATCGCGATGCCGAACAGGATGGGCCGACCGACCTCGACGGCTGCCCCAAGGAAGATCGACCGTCGGTCCTCGCTGGTGCCTTCCTCGAGCTTGCGCACGAAGTTCTCGATCATCACCACGGAAGCGTCGACGATGAGGCCGAAGTCCATGGCGCCGAGCGACATGAGGTTCGCGCCGTAGCCGAACAGGTGCATGCCGCCGAAGGCGAAGAGCATCGAGAGCGGAATGACCGACGCGACGATCAGCGAGGCGCGCCAGTTCCGCAGGAACAGGAACAGGACGGCAATGACGAGCAGGCCGCCCTCGATGAGGTTCTTCGTGATCGTCTTGGTGGTGCGCGCGATGAGCTGCGTCTGGTCGTAGAAGGGCGTGACCGCGACGTGCGTCGGCAGGCCGCCGCGGATCTCGTCGAGGCGCGCGCGCACGTCGCGGATGACGCGGCGGGAGTCGGCGCCCTTGAGCTTCATCACCATGCCGGTGACGACCTCGCCCTCGCCGTCCTTCGTGACCGCGCCTTGGCGCGGCAATGCGCCCATCTCCACGCGGGCCACGTCGCGCACGAGCACCGGGGCCCCGCCGCGCGTCGCCACCACCATGCGGCCGATCTCGTCGAGCGACTCGGCTCGACCCACGCCGCGGATCGTGAAGCGCTCGCCCGCCGTCTCCACGTATGCGCCGCCGAAGGTCCGGTTGTTGGCGTCCAGCGCGTCGTGGAGATCCTGCAGGGTGAGGTCACGCGACGCGAGGCGTGCCGGATCCGCGACGACGTGCACCTGCTCGATGAACCCGCCCCAGGAGTTCACCTCGCTGACGCCGGGCACCGTGCGCAGGCGCGGTCGGATCGTGTAGTCATGCAGCGTCTTCAGCTCGGCCAACGACATCGAGTCGCTGGTCACCGTGTACTGGAAGAGCTCGCCCATGGGCGTGCTCACGGGCCCGAGGCCCGGCTCTATGCCGGGCGGAAGCGCGCCCACGGCGTCGGCCACGCGCTGCTGCACCAAGGTGCGCGCGAAGTACACGTCCACCTTGTCAGGGAAGCTCACCGTGATCAGCGAGAGCCCCTGCTTGCTCACCGAGCGCACGTTCTCCGCGCCCTGGATGCCCATGAGCGTGGATTCGAGCGGGTAGGTCACCAAGCGCTCGACGTCCTCGGGCGGCATGCCGGGCGCGCTGGTGATCACCTCGACGCGCGTGCCGGTGAGGTCCGGGTAGGCATCGAAGGGGATGTGCGTCAGCGCATAGAAACCGAAGGCGACGATCGTGAGGACGCCGCCGATGACGAAGAAGCGCTGGTGCAGCGCGAAGTCGACGAGGCGCTTGATCAATGGTCGTGGCCTCCTTCGCCCGCGCCCTGCCGCTTGAGGATCTCCGCCTTGGCGAGCGCGGCTCCGCGCGTCACCACGGAATCGCCGACGGCGAGGCCCGCGAGGATCTCAGCGCGCTGCGAGGTGCGGCGCCCCACGCGCACGGGCACGGCCTCGATCAACATGCCCTCGCCGAGTCGCGTGCCGCGCACGACCACGGTATCGCCCTCGAAGAGTTGCACGGCCTCGGCCGGCACCGAGAGCGTCGGCGCGCCATCGGCGCCGAGCAGCTCGGCGTCGGCAGTCATCTCGGCGCGCAGCAGCGACTGCGCGTCGGCGGCGGCGCGGGCCCAGACCTCGATGGCGCGACTGGTGGAGTCCACCACCGGTGCGATGCGCGTGATGCGGGCATCGAACGTGCGTCCGGGGTACGCCGGCACGCGGAAGCGCACGGCCTCGCCCGTGCGCACGCCGGCGATGGCCTCCTCGGGTAGGCGCATCACGACGCCGAGGCCGGCGCCGCGGGCCACGGTGATCAACTCCTGCCCGACGAGGACCACCTGCCCGGGGAGGGCGGCGCGGCCGGTGACGACACCGTCGAAGGGCGCTCGCACCAGCGCCGCGTGTTCGTCGGCGTTCCCCGTGGGGCCATCGCCGATGAGATGCTTCACGTAGCCCTCGGCGCGTTCGAGTTCCGCATGCGCGGCGTCGCGCGTGGCGACGGCCGCGGTGCGTGCGGCGCGCAGCCGTTCGACCTCCGCCGTCGCGATGGCCTTTGCGGCGAGCAGGCGCTCGCCCCGTCCCACCGCTTGCTGGGCCACGGCGAGGTTGGAATCGGCACTGGTGCTGGCCGCGCGGGCCGCGACGAGGCGCTGGCGGGCATCCATCATCTCGTGCGAATGCACGACGACGAGCACGTCACCCTCGCGCACGCGGTCGCCGGGGTAGGCCCGCACCTCGAGCACGCGGCCCTCGACGAGTGAACCGAGCGGCTGCGCGTCGTTGGGGTCGTACGACACATGCGCCGGCAGCCGCCAGGCCTCGCGCCAGGCCTCGTTGCTCGCCGCCGCGAGGGTGAAGCCGCCGATGCGCAACGCCGCGGCATCGATGAGCGCCGTATCGGCGACGGCGCCGGCCTCAGCCGCAGCCTCGGGCTGGTCGGTGCCGCAGGCCGCAAGCGAGACGAGGGCGAGGGCGAACAGTGCGCGCATCAGGGCATCTCCAGGACCGGCGCGCCCATCGCGCGCCGCAGTTCGAGTCGGATCAAGTGGCGGTCAGCCGTGGCCTGCAGCGCGGCGGCCCGCACATCGGTGACGGCGCGCAACGCTTCCAGCGTTTCGGTGAGTGTGGCGTGGCCTTCGCGGTACGCCGCCTCGGCGGCCGCCGCAAGTTCGTCGGCACGCTGCGCGCTCGTGGCATCGGCACGGATAGCCATCGCGTCCATGGCCCGCACGGCGTCGAAGGCCGCTTGCACCTCGCCGCGCACGCGAATCTCGAGGGCCCGGCGCTCGGCGTCCGCGAGGAGCCATTCGCCGGTCGCGCGCTCGCGGTTGCCGCCGTTGGCGTTGAG
CP130612.1_gap86	2761092	2763076	1984	CGGTCACCTGGGCCATCACCACCGGCGGCGGCTCGCTCGGCGCCACGACGAGCGTGACGGACAGTGACGGCCGCGCCAGCACCACGTGGACGTTGGGCAACGGCGCCGGTGCGCAGTCCGCAACGGCCAGCGTCGCCACGCTCACGGACGTGGTGTTCTCCGCGACGGCTACGGCCGGCGCGCCCGCGCAGCTCGTGCTCTCGGCGATCCCCGCCAGCGACACGGCCGGCTCGCCACTCGCGGTGCTCACGGCGACCCTGCGCGATGCGCTGGGCAATGTCGTCACCACGTTCACCGGCGACGTCAGCGTCTCGCTGGCAACGAACCCCGCGGCGGGCACGCTCGAAGGCACGGTGACGCGCGCGGCCGTGGCCGGCGTGGTCAGCTTCGACGATCTCGTCATCAAGAAGGCCGGCGCGGGCTACACGCTGCGGGCCAGCATCGCTGCGCCGGCCATCAGCAGCGACACCACGGCCGCGTTCGCCATCGCCGCGGCCGCCGCCGCGCAGTTCGCGATCGAAAGCGGCAACAACCAGAGCGTCGTCGCCGGCAGCGCGTTCCCGCAGCCGCTGCGCGTGCGCGTGCTGGACGCGTTCGGCAACCCGAAGGCCGGACATCCCACGCAGTGGAGTAGCGTCGACGTCGTCACGCTCGCAGCCTCGGGAACGGTGCTCACGGATGCCGCGGGCATCGCCGAGAACACGGCGACGGCGGCGACCGTGGCCGGACCGCAGTCACTCGGACCCTCGGTCACGGCGACGGACGTCAGCGGCACGCTCATCTTCGAGCACGTCGTCACCGCCGGCACCGCGACACAGCTCGTGTTCACCTCGCAGCCCGATACGGTCACGGCCGGCGAGCCGTTCCCGCCGACGCTGTTCGTGGAGTTCCGCGACGCGCTCGGCAATCGTGTGACGACGCTCTCGGACTCGGTGACGATGAGCATCGAGAGTGGGCCGCCGACCGGCGCGTTGCTGCCGCCGTCCGTCCTCACGCAGTTCATTCCGAGCGGCGGCGGTCCCGCCGGCCAGTTCGCGGGGCTCGAGATCAATGTCGCGGGCACGTATGTGCTGCGCGGCACGACGAAGGGCGGCCTGACGGGCGTGTCGGCGCCGCTCGTCGTGCGGCCGGATGGGTTCCGGCAGCTCCTGCTCATCAGCGGGGGGAACGACACCGCGACGGTGAACCAGCCGTTCGGGGCTCCGCTGCGCGTGCGCGTGCTTGATTCGCACGGCAATCCGGTGTCCGGCGCGAAGACGACGTGGATCGATCAAGGTGGCGGTGCCGTCCTCGCCGGGGACACGGTGCTGACCGATGCCAGTGGCTACGCCGAGAACACGGCGACGCATCCGGCGGTGCCGGTGGCGGCCAGCGCCGTCACGGCGTTCGTGATCGGCGGGGCGGACTCGCGGGACTTCTTCTACACCACGCTTCCGCTCGCGACGCGAGTGGCCGTGACCGCCGCCCCCGCGTCGACGATCGTGCCTGGGGCGGCGTTCAGCGTCGGCGCAGAGGCGCGTGACGCGCTCGGCAATCTCGCGAACGCGTACGGCGACTCCGCCACCATCAGCATCCGCACGGGCCCAGCCGGTGCGACGCTCGGTGGTACGCTCACGCGCGCGATGGTCGCGGGCGCGGTCACGTTCACAGGGCTCAGCGTCGACCGTGCCGGGACCTATCGCCTGCAGGTGTCCTCGGCGGGCCTCATCGCGGATACGAGCGTCACCTTCACGGCCGAGGCTGGCGCTCCGGACACCGTGGTCGTGGTGTCTGGCGACTTCCAGCTTGCCACGTTGCAGACGTCGCTCGCGAACCCGCTCGTCGTGGAGGTGCGTGACCAGTTCGGGAACCCCGTGCCGAACGTGAGCGTGGACTTCATGGCGACCTCGGGGGCCGCGAGCGTCACCGTCACACCGGTGCTGACCGATGCGGCCGGCCGCGCGGAGAGCAACGTCGTCATCGGGACCACGACGGATACGGTGCG
CP130612.1_gap87	2764143	2768668	4525	TCGATGCCTTCGGCAACCTGGTCACGACGGCTGGCACCGAGGTCACGCTCGCGGTGGATGCGGCGCTCACCGCCGGGACGATCGAAGGCACGACGACGGCGACGGCGGTGGCCGGCGTCGCGTCCTTCCCTGGCCTGCGCCTCACGAAGTCCGGCGAGTACCGCTTCGTCGTCACGGCGGCCGGTCTCACGCCGGACACGACGGCGACGTTCGAAGTCTCGACGGCGGCCGCGACCGAGATGACCATCGTGAGCGGCAACAACCAGCCGACGGCCGTCGGCGCAGCGCTCGCGCAGCCCATGCGCATCCGCGTGCGCGACGCCTTCGGCAACCCGATCGCCGCGATCGGCATCGTCTGGGGCACGTCGGTGGGCGTGTCGCAGGTTGACTCGACGGTCTCGTACACGGATGCCGACGGCTACGCCGAGATGGGCCTGACGATGGCGACGACGCGCGAGGACCCGAGCGTCGAGGCTGCGTATGGCGACTTGCGCGTGACCTTCACGCACACCGGCATCGCCGCGGCGGCTGCGACGATGGAGATCACCGGCATGCCGGGCGACCGCGCGGCGGGCACCACGCTCTCGCCGATCACGGTGACGCTGCGCGACACCTATGGCAACGTGGCGACGGCGGCCACGGGGTCGGTGTCCGTGGCCTTGGCGACATCTCCCGCGTCGTCCACGCTCTCCGGCACGACGAGCGCGTCGCTCACGCTCGGCGTCGCGACCTTCAGCGACCTGGTGCTCACGAAGACGGGCCAGTACGTGCTGCGCTTCTCGACGTCCGGCCTCGCCGACGTCGACACGGATGCGTTCTTCATCACGGCCGCGGCGCCCGATACGATCCTTGTGCTTTATGGTGACCCGCAGACGGTGGCCGTCGGCGGTACGTCAGACAGCATGGTCGTACAGGTGCTGGATGCCTTCGGCAACCCGGTGCCCGACGTCGTGCTCAACTGGTCGAGCACCGTCGGCACCGCGCTGACCTTCGCCAGCACATCGACCGACGCCGACGGCCGCGCCCTCAACTACCTCGGCGTGGGCACGACGGCCGGCAACCTCTCCGCGTCGGTGGCCGGCGAGGGGCTCATCACGCGCAGCTTCGCCATCACCGCCAGCGCCGGCACGGCCGTCGCGCTGCGCAGCGTCTCCGCGCCCACCACGGCGACGTCGGGCGTCGCGGCTGACGCCTTCGTGATCGAGGCGGTCGACGAGTTCGACAATCGCGTGACGACCTTCACGGGCAACGTCACGATCGCGAAGAACGTCGAAGTCAGCCCCAACGGCAGCATCGGCGGAACGTTGACCGTCGCTGCCGTGGCCGGTGTGGCCACCTTCGACGACCTGCTCTTCAGTGAAGCCGGGAGCTACGGACTGGCCATCTCGGCCGACGGGCTCACCGGGTTCAACAGCAGCATCAACGTCCAGGCGGGCGCGGAAGCCCGTGTGGCGCTGATGTCGCAGCCGAGCAGCGGCACGGCGGGCACGGCACTCGACATGTTCCTGGTCCGCGTGACGGACGCGGCCGGCAACGTGGTCGGCGGATCGTCCGCGAACATCAGCGTCGCGGTGGACGCGTCGCTCACGGCAGGCAGCCTCGGCGGCACCACCACCAAACAGATCGCCGAAGGCAGCGCGGACTTCCTCGACCTGGAGCTCACGGCGACGGGTTCGTACCGCCTCGTGTTCTCGGCGCCGGGGCTCGTGCCTGACACCTCGGCGAGCTTCGTCGTCTCGCCGGCGCCTGCATCGGCGGTCGCCGTCGTCGGTGGCAACATGCAGACCGTGACGGTCGGTACGGCCGCGGACTCTGCGCTCGCACTGCGCGTGACGGACGCGTACGGCAATCCGATCGTCGGCTGGAGCGTGGACTGGAGCGTGACGAGCGGGGCGGCCACGCCTGACTCGCTGATCACGACAACCGACGCGGACGGCGTCGCCCGGACGACGTTCCGCGCGGGATCCACCGTGGGCAGCATCCAGATCGAGGCGAACGCCAGCCTCGCCGGATCGGCTACGTTCACGGCCGAAGCGACCGCCGGTGCGGCCGAGGTCCTCGCAATCACGACGGCGCCGCTGGATGCGGTGGCCGGCGCGACGCTCGCGGGCATCGTCGTGCAGGCGGAGGACAGCCTCGGGAACGTGGCGACGGGCTTCACCGGAACGGTGACGGTCAGCATCGAAGCCGGAGGCCCGGCCGGCGCGACCCTCGGCGGCACGCTCTCGGCGAACGCGACGGCGGGTGTCGTCACGTTCAGCGACCTCACGCTCGACAAGATTGGTGCGTACCGGCTGCGGTTCACGGCGGATGGAACCACGCCGATCGTCAGCGACACCTTCAAGATTACCGCCGCCGCGGCGGACAGCTTGGTGTACGTCAGCGGCACCGGGCAGATGTTGGCACCGAACGGACAGGCGGCGGACAGTCTCGTCGTCCGCGTCGCCGACCGATTCGGCAACCCGGTCGCCGAGGTGCCGGTGTCGTGGGGCGTGAGCGTCGGCACGGCGCTGGTCTCGTCGTCGAGCGTGCTCAGCGACTCGTTGGGCTTCTCGAAGATTGCGCTCACGGCGTCGCAGTTCGCCGAGAGCGGTGAGGTGACGGCGGTCAACGCCGGGCTCACGGGCTCGCCGGTCACGTTCACGTACAACACGGGCGCCGGAGCGGCCGCAGCGCTGAACTTCAGCGTAAATCCGACCAACGCAGTGGCCGGCGAGACGCTCAGCAGCCTCGCGGTCGAGGTGGTTGACGCCTTCGGTAATCGCGTCACCGGCTTCACGGACCCCATCACCATCGAGATCTACTCCGATCCGGCACCGGCGATCTTCGGCACGACGTCCTTCGCGCCGACGGCGGGCCTTGCAACCTTCTCGGACCTTCGCATCGAGGCCGCCGGCACCTACCAGCTCCGCGCCTCGGCCGCGGGCCTGCCCGACTCGCTCAGCGCGTCGTTCACGATCGCACCGGCGGCGGCCGCGCAGTTGGCCTTCGTCCAGGCGCCCACGACCGCGACGGCTGGTGAGGCGCTGTCACCCGCCGTCGTCGTGGCGGTGCGCGATGCCTTCGGCAACGCCGTCGTCGCCGGCGGTACGACGGTGACGCTCGACCTCGATTCGACGGCGACGGTCGGACCGATCGGCGGCACGGTGAACCTGGTGTCCGAGGTCGGCTCGGGGCTCGCGCAGTTCACCGGCATCAGCTTGACGCTTGCCGGGGAGTACGCGTTCGTCGTGCGGTCCGGCGCACTGGCGGCAGACACCACCGACGCGTTCACGGTGGCGCCGGGTGAGGGCGCCTCGGTGGAGATTACCTCCGGCGACGGACAGTCCGGTGCGGTCGGCACGGCAATCGCGAATCCGCTCGCGATGACGGTTCGCGATGCCTTCGGCAATCCTGTCCCGAATACTGGGGTCTTCTGGTCCGTCAGCGTGGGCGGCGAGGCCGTCCTCGACTCGGCAGCGGTGTTCACGGATTCGCTCGGCGTGGCGCGCACGACCCTGACCTTCGGTTCGACCGTGCGGTCCTTCACCGTCACGGGCTCGGCGGGCGACGCAGGATCGGTCAACTTCTCGCTGAGCGCCGTGAACGCGCCCGCCGCGACACTGACGACGGCATTCGAGCCGGGGCTGACCCTCGCCGGAGCGACACTCGGGTTGGCGGAGGTCGACGCACGTGACTCATTGGGCAACCAAGCCCTGGACTTCGTAGGCGAGGTCTCGGTGGTCGTGGACAGCGGCCCCAGCGGTGCGACGATCGGCGGCACGACGACCGTCAACGCGGTCGCCGGACGTGCATCGTTCAGCGACCTCTCGCTGAGCGTCGCGGGCGCGTACCGCCTGCGCTTCACGGCGACCGGGCTCGACAGTGCTGTGTCGAACACGTTCACCGTGAGCGCAGCGGCGGCGGTCAACATCGCGATTGCTGACGGCAATGCGCAGACCGGGACGGTGAACACGGCGCTCGGTGCGCCGCTCGTCGCGCGCGTGACCGACGCCTTCGGCAACCCCGTCAGCGGCGTGAGCCTGACGTGGACCGCCTCGCCCGGCGTGACCCTCGGGGAGTCGGCCATCGGTACGGGGCTCAACGGCGAGATGTCGCAGGGCGTGACGTTGGGAACGACGGCGGGCAGCTACTCGGTGGTGGCTGCCATCTCCGACTTGCCGGACTCAAGCGTCACCTTCACGATGACGGCCGAGGCGGGCGCGGCTGCTGCACTGGTCGTGACCAGCGCGCCGACGACGGCAACCGCGGGTGACACGGTCGTCGTCCGGGTCGAGGCCCGGGATGCCTACGGCAACCTCGCGACCTCGTTTACCGGGAACGTGAGCTTCGGGCTAGACGACCAGGTCGCCCAGTACACCGTTACCGCGCCGCTCACCGCGGCGGGTGGTGTGGTTGAGTTCACGGATCTCGTCTTTGGGGACGCAACGACGTTCAATGTGCTCGTCGGTTCGCTTGGGCTCGCAGACGTAGGGTTCTCGGTTGCGGTCTCCGCCGGCGCGGCGGCGCAGCTGCAGCAGGTCTC
CP130612.1_gap88	2781329	2784248	2919	CGCCTACGGTCGCATGGGCGAAGGCGCACTTGGCGAAGTCATGCGTGAAGTCACCGACACGATGTTCAGCCACGCCCCGGGCGCGATCATCTCGTACTCGAATCCGGGATTCTCGATGGCGGGCTACGTCATCGAGCGGGCGGCGGGTGAGCGCTATGCGAGCATCACCGACCGCATGATCCTCCGCCCGGTCGGCATGCCGCATGCGACGTTCCGTCCCCTCGAGGCGATGGTGCGCGATTTCTCGCAGGGCCACATGGGCATGCCCGGCCGCGCCGCGACGATGGTGCGGCCGTTCACGGAGAACACGGCGCAGTGGGCCGCCGGATTCCTGATGGCCAGCGCGACGGACATGGCGCGCTTCGCAGCGATGCTCATGGATGGCGGCGTCATCGACGGGCAGCGCGTGATCAGCGAGGGCGCCGTGCGTCGCATGACGACCCCCGATCCGCGCATTCCCGGCGACTCCACGGCGCGATACGCCTATGGCCTGGTGATCGCCGAGCAGCAGGGACTCCGCATCTGGCAGCATGGCGGCTCTATCAACGGCTTTGACGCCATCGTGAACATGTTTCCGGACGAGAAGCTGGCCGTCGTCGTACTCGACAACCGCAGCGGACCATCCGTGAGTGGCGCACTGCCGATCGTGTTCCGCGGCGTGACGGGCCGCGCGCTGCCGGCATCGCCGGCTCCGCCCAGCGCCGAGCGCCTGCCGACCGCCGACGAGCGCCGCGCCGTTGTGGGTCAGTACAAGTTCGGGCCGATGCGCATCGAGATCGCCGAGCAGGGTGACTCCCTCGTCTTCCGCCAGGCGGGAGCGTCGTTCGGCGTCCGGATGCTGGGCAACGACCGCATGAAGGTCATGGTCCCGCCGATGGCGCAGCAGGCGAACGTGCTGCTCGTGCGGGGTGCTGACGGCCGCGTAGCCTTCCTCCATCAAGGACTGCGGGCTATCCCGCGAGTGGAGCCGTAGATGCCGATGTTGCGCGTCTTGCCATGGGCGCTGTGCGCAGCGCTGGCGCTGTTCAGCTTCGCCACGTACGGCAGCCTGCCGGAGTCGATTCCTCAGCACTTCGACGCGGCGGGAAACATCACGTCGTCCACACCACGTTCGCCGTGGAGCTGGGCGATGGTGCCGATCGTCGCGTTTGCCACCCAAGCACTGCTCGCCGGGCTCGGGGCGCTGCTACCGCGACAGCCGGAGCTCTTCAACTTCTCCGCGAAGGAGCGGTTCCTCCGGCTCCCCGCGGAGTACCGCGGGCCAGTGGTCGAGCGCATGCGTGAGCTGCTCGACGTGACCTCGGCGTTCACCGTTCTCGTATTCGGCATCGTACAGTTCATGATCTGGCGGGCGGCGTTCGGCCATTCCGCCGACGGATTGGTCATCGGGCTGATCGTCGTGTCCGTCTTGTTCACGCCGGGCATCTTCCTGCTCACGGGTCGCGTGAACACGGCGGTCGACGAAGCCGAACAACGCTGGAACGCCAGCCAACGGCACTCCTGAACAGACCGCCGACGCGCGGCGTCTCGGCTTCACGGTCGGAACGGATCCGCAAAGCGTGGATCCGTTCCGATAGCCGCATCGGTCAGCGTGCGCATGAACGCCACCAGCGCCGCCTTGTCCGCCGCCGTGAGGTTCAGACGCTGTGGCCCGTCGCCCACTACGTTGCGCAGACGCGGGTCGAGCTGCGCCCCGAACTGGATGCCGCTGTTGTAGAACTCCACGACCTCTTCGAGCGACGTGAAGCGGCCGTCGTGCATGAAGCGCCGGCTCTGCGCGACGTTCTTGAGCGAGGGCGAGCGAAACAGCGCCGTCTGGTCGGGATCGAGGCCGTTGGTGCCCGACACCGCGGTGAACGCGAAGGTCGGCGCCGAGTGACAGCCTTGGCACCCCGCCCCACCGGCGTTCTTCGGCAGGATGAAGATCTGCTGCCCGCGGAACTCTTCGTCCGTGAACCCCGGCACCCGTGTCTGGAGGTTGAGCCCGCCGCCCGGCCCTGTCGGGGCCCCCGGCGGCGGCGGCGCCAGCGGCAGCGTCGCCACCCCTTGGTCGTAACGGCTGCCGTACGAAACGATGCTCCGCACGTACTGCGCCATCGCGCGCTGCATGCGGTCCTCGGTGATCGCGGCATCGCCGAAGGCCAGCTTGAAGAGGGGCGGATAGTACGGCAGCGCGCTGAGCTTGCCCAGCACCGCGACGAACCCGCCGTGTGCGTCATCGAAGCCGAGCTCGAGCTCGTCGCGGATGGGCTGCGTGGTCTGCGCTTCGAGCGTCGCCGCGCGACGGTCCCAGAAGTAACGACCGCCTGGATTGAAGCGCGCGTTGACCAAGCGCATCGAATGGCGGCCCGTGCGTCGCACGCCATCGAAGCCCAGCGAGAACTGCGCCGTGTCGCCGAAGGCCGCCGACGCGAAATGGCAGCTCGCGCAGGACAGCGTATTGGTGCGACTCAGGTTCTTGTCGAAGAACAACACACGCCCGAGCGTCGCCCCGGCATTCGTGATCGGATTGTTCGCCGGCTGGACCACTTCTCGCGCAATCACGCCTGCGTTGACGTACGCCGGATATGCGATTCCGGCGTAGTTCGGCAGCGCCGCCGGATCGATCGTCAGCGCCTCGCGGACGGCGACGAAGTCGTTCTCAGGCGCGGTTGCCTCGTCCGCGGCACAACCGAGGACGAGTACGAAGAGGGCGGGAGCGAGACGGATGCGCATCGGCGTGGGGCTCGATGGGGAATCCTACGGGTTGCCCCATTGGACGGCCAGCACCCCGCCGGGGTTAAGGCGCCTGCGCTACCCTAGCGCCAGGTCTCGAAGAACCCGTAGCCGTTGCCGCTGACCGGAGCGCCGCGAAGTCGGCCACTCAGCGTGGCTCGCCCCTTCATCTGGATGAACGCCCGCGTCGCCCCTTGGGCCGCG
CP130612.1_gap89	2877662	2880880	3218	TCGCGCCCGCCGGCGGCGAGTCGAGGATCGGCAGCTCCATCACGCCGGCTTGGTTCCGCCAGGACCTCTCCGACCTTCCGCTGCGCAAGTCGCTGATGGATGCCATCCTCGACCAGCGTCCCCTTTGGTCGCGTGGCGCCGTCCAGAACCACCTTGGCGCGTTTGGCTTCAGCGGGGACGAAGTGTTCCGCGAGATCGGCACGCTCTCCGGTGGCGAGCGCGCGCGCATGGCGATGGCGCTGATCACGCTCTCGCACGCCAACCTCCTCGTCTTCGACGAACCGACCAATCACCTCGACGTCGAGAACATCGAAGCCTTGGAAGACGCGCTCGACGAGTACGAGGGCACGGTGCTGCTCGTCAGCCACGACCGCGCGTTCCTCCGCGAGGTGGCGACGCGCGTGTGGGCCTTCGAAGGCAGCCGCCTCGTGGACTTCGACGGCAGCTTCGTCGAGTGGGAGGAATCCAAGCTCAGCAAGGCGCAGCTCGCGGCGAAGCAGGAGGCTGCCGCGAATGAGGCGCGGAAGCAGGCCGAGAAGGAGAAGGCCAAGCAGAACGCGAACAAGCAGGCCGACCAGCACGCGACGCAGCGGGCCAAGAAGCAGGCCGCCGCGTACGCCGAGGCGGCGGTGCAGCGCTGGGAGAAGCGCGTGAACGAGATCGAGGTGCAGCTCGAGGACACCGATCTCTACGACGGCTCGCCGGAGGGTGCGCAGAAAGCCGCGCGCCTCGACCAGGAACTGGCCAAGGCGCGGAAGGAACTGGATGCCGCGATGGCGGCGTGGGCGGAGGCGGCGGACTGAGCGCCGTCGCCGAGCGCCGCGCGGGGATTATGCGGCGCCGTAGTGCTTGATCGCCTGCTTCACCGCCATCCGCGCCGACACCTCGAGCTCATACTCCACGGCGATCTCACTGAACTCGGCCGCCGTGTGCCGCTTCCGCCGCGTCGCGGCGTCCGAACTCGCCGCGTACCGACGCGCGTACTCGCGGCAGGCCATCCACATCGCGTTCGCGCGATGCCACCAGTCTTCCGACTCCGCGCCGCGGCCCGCGGCAGCGATCTCCTCGTAGGCACCGGTGCGCGCCACGAGCTGCGACTCCGCGAGGTCCGCCATCTCCCACGCGGCGGCGAATTCCTGATCGTCTGCGCCGAGCTTGATCAACGCGCCGATCCGCTCATGCTGGTGGCAGCATTCCTGCGCCGCGCGGTACAGCGCGTCCCCGGCATCCTTCACAGGGTGCGCGGACGGTTTGGAGGCGCGAGGTGCAGGCTTGGACGGCATGAGGGATGCACTGAGGAGGGGAGACGGCAAGCGCGGACCTCTTCAAGCTGAACGGGCGACTCGGGCGGGGCAAGCGCACAATCCCGCCCAACCGGTGACGCGGTCCCTCACCCCGCCCGCTTCCGCAGCAACCCCGCCGACGCCAGGCTGAACACGACCACCACCGGCAGCGGCTCCAGCGCCGTGAAGCCCATGCGCGCGAGGGTGTTGTTCTTGTACATCTCCCAGAACTTCAGTTGCTCGGCCTCCTGCGTCGCCAGCTGTTCCGCAGTGGCTCCCGCCTGGCGCGCGCGCTCCAGCATCTCGGCCATGTACCGCTCGCCGAAGTCGGGCACGAAGTTCGTGAAGGCGATTTCCCAGGCCACCACGTAGCAGGCGACCGCAATCAGCGAGATCAGCAGCCCGACCTTGAGCGCCTCGCCAAAGCGGATCTCGCCGCCCCGTTCAGTATCCCGGAATTGCCGGACGCCGAAGTAGATCATCAGTGATGCCAAGACCATCGACGCATACCCGACGGCCATGCCGGCACCACTGCCGAGTTGGTCATGAAACGGCAGCGAGAGGACCATCATGCCGGACATCACGGCGCCGGCGATGAGGCCAAAGGTCAGGACGATCTTCCGCATAGTGGCTCCAGGGGTTGGGTGCGGCGGCATCCTAGCGTGGGTCCCAGCGTCGGCGCGTCACCGGAAAGGGTGATTTTGGCCCGAAATCCGCGATTTCATCCCTTCGGATGACGAAACACGCGCCGAGGCGGCACTCGGAACGCCAGCTCAGGGAACCAGCCGAAGCTCCCGTGCCTTCTGGATCGCCTGCGTCCGCCGCGCCGCCCCGAGCTTGTCGAGTACGCGGCTCGCATGCGTCTTCACCGTGTTCTCGCTCACGAAGGCCCGCTCGGCGATCTCCCGATTGCTCAGCCCTTCGGCCATCAGCGCGAGGATCTCCAGCTCCCGCGGCGTGAGGCCGAGCGCCGCCACCTGTGCGTCATCGCGCACGAAGTCGGGGCCCACGGGCACCAAGACCTCACGGACCTCGACCTGCTTGCGCGTGAGCTTGAGGCCAAGCCAGATGCCGAGCCCGGCGAAGATCGCCGCAACAAGGCCGCCGTAGATCTCGAAGGAATGCTCCATGACGAGCCACTTGTACTCCAGCAGCTGCAACAGCGCGGTGCAGAGACCGGCTACGAGTCCATACACCAGCACCTTGCGCATCATCGCAGCGTTCCCGCTCGCACGAACATCGGCCACACCACGTCTCGCGCGCCGACGGCGCCCCAGGCGTCCCGCACGGCCGCCTCGAACCGGAGCACGTCCGCCTCGCCGCCCGCCTGCAGCAAGCGCTGCGTGGCGCTCCACGAGCGGTGGAACCCGAGATACTGCTCCACCGCCATCGCGCTGCGAATCTCGAACGGCGGCACCTGCACCTCGTCGATCGGCAGGGGCATCGAACGGTAGCCCTCGCGGATGAGGTGATGCTCCGGTGCCCAATGCGCCGCGCAGGTCACGTCGTGGTAGTACATGGTCACCGCGTCGACCTCCGGCGTGACACGACTGTGCACGTAGGCGAACGCCGCGAACACCCCACCCGGCGCCAGCACGCGGCGCACCTCGGTGAAGAACGGCGACAACGCGAACCAATGCAGCGCTTGCCCGACGGTGACGAGGTCCACGGAACCATCGGGCAACGCCGAGTCGTACGTGGTTTCGCGGTAGCTGACGCGCTCGTGCGGCGGCGCCGCGGCGAGCTGCGCGGCGCTCGGGTCGGTGGCCATCACGCGCTCGAAGCGCGCCGCAAGCGCCATCGCCACCTGCCCGTTGCCCGTGCCCACGTCCCAAGCCTGCCGATGCCCACGCACGACACCGGCGAGCCAGTCGTACAGCGCCGTCGGGTACGTCGGGCGAAACGCCGCGTAGGTTGCCGCGTGGCCGCTGAAGA
CP130612.1_gap90	2903633	2907535	3902	GGGAAGATCACCCACGGAAAGGACGGCGACGTGACGGCATTGATCACGGCCAACATGCCGATCGTCACCACGCCGGCGCCGATGCGCCGCCGCACGCCGGCAATGCGCTCCTCCGGCGTCTTCTGCTGCAGCACGAACTCCCCCATGCGCTGCGCGGCGACGCGCAGCTCCTCGCGCTGCGCCCGCGGCTGGTTGCGCACCTGGTCGCGCCAGCGCCGCGCCTCCTCGCGCCACTGCTTGAGCGCCTCGCGTCCCTCCGTGCGCGCCGCAGCGTCCTGCATCCAGTCGCGCGGCAACTTCGGGAAGTCAGGACCCGGCACCGGCGTCCGCGCATGCAGGTCATCGAGCGGATCGGTCGACGGGCTCGGGGGGGGCGGAGCTGCCGGGATCGCCGGCATGCCGCCGCTCGACGGACGCGGCACCGCGGCCGAGGGACGTGCCGTGGCCGCCGACCGGCGCTTCATCGATGGCGACTCGGCATCTTCGGCCAGCGCCGCGCGGAACTCCGCCGCACTCGCCCAGCGCGAGTCGCGCGCCTTCTCGAGGGCGCGGTCGATCGCGTACACGAGGTTCTCCGGCAGGTCGGCGCGCACGTCGCGCAGCGGGCGCGGACGTTCGCTCAGGTGCTTCATGAGCATCGTCGGCGTATTGCTCGCCTGGAACGGCAGCTCGCCCGCCAGCATCTGGTAGCCGACGATGCCCAGCGCGTAGAGGTCGGCGCGGCCGTCCACCTCGCGCTCGCCCATCGCCTGCTCGGGGCTCATGTACGCCGGCGTCCCGACCGCGATGCCCGTCGCCGTCAGGCGCTGATCGCCTTCCGCCGCACGCGCGATGCCGAAGTCCGTGACCAGCGCGCGACCGGTGCCGCGCTCGAGCAGGATGTTGTCCGGCTTGATGTCGCGATGCACCACGCGCTCGCGATGCGCATAGTCGAGGGCGTCGCAGACCTCGCGCAACACCCGTCGCACGACGTCGACAGGCGGGCGCGGCTCGCGGTGCAGGCGTTCCGCGAGCGACTCGCCGTCCACGAGACCCATCGCCATCCAGACGAGTCCGTCCCGCTCGTCCACGGCGTAGATGGGCACGATGTGCGGATGCGAGAGCCCCGCCGCCATCTCGGCCTCCCGCAGGAAGCGCCGCTTCACTTCCTCGCGGAACGCCAGCTCCGGCGGCAGCACCTTGAGCGCGACCTTCCGGCGCAGGCGCACGTCGGTGGCGCGGTACACCACCGCCATGCCGCCGCGTCCGACTTCCGCCTCGATTGCGTAGTGGCCGTCGACGGCGGCCGCGAGTCGCTGCAGCAGCGCGTCGTCAGCCACGGGTCCTGCCGCGATCGATGCGCGCGAGCTGGTCGCCCGCATACACCGACGCGTCCACCTCACGCGCGAGCGCAGCCGCCCGCTCCGCAACCGTGGTCAACTGCTGCCAGCTCTGGTTGCCCGTCTTCAGGCGCAGCACATCGAACTTCAGGTTCTGCAGCGTGAGCGCCACGTTCTCGAGCTTCGCCGCGAGCTCGGCGCGCCGCGCCTCCAGCTCCGCCGCGCCGCGCCGCGAGCGCTTGAGCAACGCCAGTCGCCGCACGCGCGCCTCCGACGCCTGCACGTCGAGCGGATTCGCCTGCGACTCCAGCATCGAGATTTCCTTGTCCATCGCCGCCACGGTCGCGTCGCCGAGCTCGCGCTCGACGGTCGTCAGCGCCGTCGCCAGGCCCATCACGGACTCGGAGAGGCTGCGCGCCGTCGGCACGACGTCCGGGATGCGCGCCTTGTCCGCACTCGGCAGCGAGTCCACCAAGCGCAGCACTTCCTCGCGATCGAGCAAGGCCTGCCGCGCCGTCGCCGCGTGCGGACCCGAACCCAACGCCGCCGCGTCCGCCGACGTGATGCCCGGCAGCCCGCCCGCCGGCGACGCCGACTCCACGCTCAGCCGGCGACGCCGCGCCTTCTCGCGGATCTCCATCCGCTTCTCGCGGTCCCAGATCGCCTTCGCGCTGTCCACCGTATCGGCGGCGACGTCGACGATCATCTTGTCGCGTGGCTGGCGGAACACATCGCGCCAGTCGAAGCCGTCGCTCCAGAGTCGCGCGTACTTGTACGCGATGTTGATGCCCCAGAACGCCGAGACGAACAGGAAGTTCGGCCCGCCGAGGAAGTTCACGAAGAACAGCGCGCCGGTGACGAACAGGAACGGGGCGATCGCCTTGCGGAACGCGACGACCGTGCGGTGCTCCCAGCGCACGAGTTCCTCGGGCGTCGGCGCATCGGGATCGAAGTTCGCCGGCGGCGTCCACGTCGGCTGCGCCTGCGGATAGGCGTTGCCCATGCGCTGCGGCAGCTGCGGCACGTTGCCCGTCTCCAGCGCCTGCACGAACGCGCGGGCGTCGGGGAAACGGTCGTCGGGATTCTTCTCGAGGCAGAGCATCACCGCGCGCGCCAGGTCCGGCGGCACCATCGCGCGCTGGTCGATGGGCACCGGCTTCTCGCTCAGGTGCTTTACCAGCAGCGCCGGTGCGCTTGTCGCGTTGAACGGCAGGTCGCCGCACAGCATCTGGTAGGCGACGATGCCCAGCGCGTAGAGATCCGTGCGCCCGTCGATGTCGCGGTCGCCCGCCGACTGCTCGGGGCTCATGTACGCCGGCGTGCCGATGGCGATGCCCGTCGCCGTCAGCTTGCTGTCGCCGCCCTCGCTGACCGCGCGCGCGATGCCGAAGTCCGTCACCATCGTGCGCCCGGTGGCGCGGTCGATGAGGATGTTGTCCGGCTTGATGTCGCGGTGCACCGTGTTCTGCGAGTGCGCGTAGGCCAGCGCATCACCGACCTCGCGCAGGATGCGCCGCGCCTCCTCGGGCGTTACCGGTCCGCGGTTCGCGATGCGCGTCCCGAGGTTCTCGCCCTCCACCAGCGCCATCACGAAGTACACCAGGCCTTCGCGCTCGTCGACGCTGTAGATCGGGACGATGTGCGGGTGCGAGAGCTGCGCGGCCATCTCCGCCTCGCGCAGGAAGCGCGAACGGATCTCCGAACGGAATGCGAGCTCGGGCGGCAGCAGCTTGATGGCGACCGGTCGCTTCAGGCGCTTGTCCCGCCCGCCATACACGATGCCCATGCCGCCGCGGCCGATTTCCTTCTCGACCTCGTACTGCGATTCCAGCACTCGCATCACATGCGATTGCAGTTCCGCGTCGGATTGGCTGAGGCGCGAGTCGCTCAAGGTGCGTGCGAAGGGCGTGCTGGGTGGGGGAACCGGAGCGGCAAAGATACGACCTGAACGGGTCCGATACCACACCTCGGGCCCTGCGGGATGCCGTGGCAGTCCCTACGTCAGGACGGCGCATCAAAGTTGCAATCCCCGCCAAAAGGTCGTAAGTCAGGGCGGAACGCTTGTTGCGTCAGGGGGATATTCCAATGCACACACCCATCTTCATCATCCCCCAGGATTCGTCGAGATGAGCACCCGCCAGACCCTTCCCGTCCTGCCGTTGCGTGGGACGGTCATTTTCCCGGGGCTGACCGCCCCGATCGCGGCGGGCCGTCCCGGCACACTCCGCGCCATCGAGAGCGCCCTCAAGGGCGATCGCCTCGTCTTCGCCGTCGCGCAGAAGGACAACACCGAGGAGCCCTCGGCCGACATCCTCTACTCGATGGGCGTCATCGCCCGCATCGGCCAGGTGCAGCGCGGCTTGGGCGGCGTGCAGCTGCTGCTGCACGGCGAACAGCGCGCCACCTCCCTGCAGTACACGATGACCGAAGGCTTCCTCTCCGCCGTCGTCACGAACACCGAGGAGATGGCGCCGCTGGATGAGAAGGACGCCGCGTTCGAAGCGCTGCACAAGGAGATCCGCGAGCGCGCCGCCGAGCTCGGTGAGCGCCGCGGCCTGCCCGAGGAAGTCGTGCATCAGGTGC
CP130612.1_gap91	2914102	2917137	3035	CGCGCCCGATGTCCGGATGCCCCGGCAAGCCACACTGGCTCAGGTTCGTGAACGACGCCGGCAGCGCCACGCTCGACAGCGGCCCGACGATGGTCGCGCGAATCGTGTTGCCGGCGACATCGAAGGAATTGCGGACCTGGGCGCTCGGCTCCGTGCCAAGCCAGATCAGCTCGAGCTCGTACGCGGTCGACTGCTCAGGGCGCGTCGAGGTACCGCAGGCCGTGATGATCGCCGCGAGGACCGCGAGTGCGAGGCGACGGGAAATCGAAGGGAAGGTCACGCGGGAAATCTGGCGAGGAGGAGGATGGCAGGCGAAGGACCTGTATCACAGGCTCACATGCCGGGTAACGGCCCGTAGGTCAGGAAGAATCGCCGGGCATCGACGCGGAGGGCACCTGGTTCAGTACCCGCCACGAAGGTCTCGGTGTAACGACGCTCGGCCGGTGTGGTCGGCTCCGCGAGGTCACCCGTGTCGCGGTCCATCTCGGCCCGCACGATGTTCGACGGCTCGGGCCACGCGAGTGGCGACGCCGCGCCCCAGCGCGCAAGCATCGTCCCGAAGATCGGCGCGGCGAGTCCGCCGCCCGCCGCGCCCGGCGTGATCGTGCGCGGGCGGTCGAAGCCCAGCCACACGCCGGCCACGAGGTTCGGCGTCATGCCGACAAACCAGACGTCGGTGTTGTCGTCAGTCGTCCCGGTCTTCCCCGCCACCTGGACCTCGGGCGGCAGGAAGCGCCGCACGGCGTTGCCCGTTCCGCGGTCCACCGCATCGCGCATCATCTGCACGGCCACGAACGCCACGGCGGAGTCCATGGCCGGCGCGCGCAGCTGCGTGCCCTGCCCCCACAGCGTACGGCCCACGGGATCCTGCACGCGCAGCACCACGCGCGGCTCCACCGCGCGACCGTAGTTGGCGAAGGCGGTGAACGCCGCGACCAGTTCGACCGGGCGCACCACCGAGGCACCGATGGCGCTCGCCGGGAACGGCGCGATCGGCGACGCGATGCCCATGCGCTGTGCCAGCGCGATCACGGAGTCCGCGCCTTCCCGCTGCCAGAGCGTGACCGCCACCGGGTTCCGCGAGCGCGTCAACGCCGTGCGCAACGTGATCGGTCCGAGGAACTCCCCGTCCGCGTTCTTGGGCTGGTAGACCTGCGCGTCGTACGCGATGGTGATGGCCGTATCGGGCACGATGGCGGTCGGCGGCATCGAGTCCATCAGCGCCCGCGCATAGACGATCGGCTTGAACGTCGAGCCTGGCTGCCGCTGGCCGTTCGTCGCGCGGTTGAACGGCGCGGTCGCGTAGTCGCGGCCACCGATGAGCGCGCGCACGTCGCCCGTGGCCGGATCCATCGCCACCACCGCGCCTTGCAGCCAGTTGCTTGCGTCGCGCGGCGCCGTCCGCGGCGTGGAGTGGCGATAGCCGCGCTGCGCCTCGATGCCCCGGATGCCTTCGGTCAGCGCCGACTCCGCGGCGCGCTGCAGCACTGGGTCGATTGTCGTCGTGATGCGCAGCCCGCCGGCGTCCACCGGCAGTCCGGCGCGCTCGAGCGTTTGCCGCACGGCATCGACGAAGTACGGTGCCGCCACGCTCATGCCCGCGTTCGGTGCCACGCGCACCGGCTCGCGGCGTGCCGCCTGCGCCTGCTCACGGGTGATGTAGCCCTGTTCGGCCATCAGGCCGAGGATTGCGTCACGCCGGTTCTTGTTGCGGTCGGGATAGCGGATCGGATCGTAGATCGCCGGACCCTTCGGCAACGCGGCCAGCGATGCCGCCTCGGCGATGCTTAGGTCCGCCGCAGCCTTGCCGAAATAGTGCCGCGCCGCACTCTCGATGCCGTACCAGTTGCGCCCGAAGTGGATCTGGTTGAGGTAGGCCTCGAGGATCTGCTGCTTGGTGTAGCGCTTCTCCATCTCGCGGGCCGCCAGTTGCTCGCGCACCTTGCGGGAAATCGAGCGGTCCGACCGGTCGATGATCGTCGGATGCATGTTGCCGACGAGCTGCTGCGTGATCGTACTGGCCCCGCGCGACGCCCCCAGCAGGTTGTCGCGGATTGCGGACGCGATGCCCACGACGTCCACGCCGTCATGCTGGTAGAAGCGCCTGTCCTCGACAGCCACGAAGGCCCCGTGCACATAGCGCGGCAGCGACGCGAGGGAAATTGAGGTACGCCACTCGCGCCCGATCTCTCCGATCAGCGACCCATCCCGCGCCAGCACCAGCGACGATTGCGGCGGCGGGATGATCTGCCACGGCTGCACCGCCGCGGAATCCTGCGCCCGCGCGACACCCGCCCCCGCGAGGAGCAGCAGCGAACCCGTGCAGAAGAATCGGCGCACCGAAAGCATGGCCTGCATTGTACCCCAAAGGACGCCCAGAGGCCCCCACCTGCCACCTCTCCCCCCCACCTCCCCCATTCCCTTCTCCCCGCCTCCGCCCCTACCCCCGTCTCCCCTCTCCCACCGAACGTAGATTTCCAGCGTGTCCACGCTCACCATCGCTCTCCCCCAGTTCCGCCCCGCGAAGGCGAACCTCCCCGCCAACCTCGACCGCATCGCGGGCCTGATCGCCCAGTCCGTCACGCTCGAGCCGCGGCCGCAGCTGGTGGTCTTCGCCGAGACAGTGACGACCGGCTATTTCGTCGAGGGCGGCGTCCGCGAGCTGGCGCTCCCTTCCGAACGGCTGATGGCAGAACTCGCGTCGCGCCTGGCGAGCCTCGCGCCGAAGCTCCCGGCGATGGACGTGGTGCTCGGCTTCTACGAAGTCGCCCCCGACGGGACGCTGCACAACAGCGCCGCCTGCGTGTCCTTCGGTGGGGGTGAACCGGCGCGCCTGCTGCACCTGCACCGGAAGAACTTCCTGCCCACGTACGGGCTCTTCGACGAAGAGCGTTTCGTCGAACGCGGCTACGGCGTCGAGGCCTTCGACACGCGCTGGGGACGCGCGGCAATCCTCATCTGCGAAGATGCCTGGCATTCGTTGACCGGGACCATTGCGGCGCTCGATGGCGCGCAGGTCGTGTGTGTGGTGGCTG
CP130612.1_gap92	2924780	2927143	2363	GACCAGTTCACTGCAGTACCGCTTTGGCGCCGGTCTGCGCGACCTGCCCGGCCTCGCGCGCCCGCACGGCGTCACGGAGCCCGGGCGTGATGAGCCGTTGCGTCTCAACACAGACACCCGCGCCATCGACGCCTTTGCGGGCCTGCGCTACGAGCACGAGCAGGGGCGCTATCTCTCCGGCTTTGCCACCATCACCGATGGCGAGCGCGGAGTGGCGCCCGAGCTGCACATCGACACGCCGCGGCTCTGGCGGAACCCCGACGTGCGCCGCGTGATCGGCGGCCTCTCGGCGGGCACCGGCGCCCTGCGCAATGGACTCGGCATCGGCGACGCCGAAGTCTCCCTGGGGCTCAACGACGGCCGCACGCTGATTCACAGCTACGCGGACCGCAGCTACGCATCCGTGACCGGCACCGAACTCGGCGAAGATCGCACGGCCACCCTGCGCGTCACCTTCGACCAGCAAGTCGGGCAACGGCTCGTGGTGCGCGGGGCGTTCACGGAGTCGTGGGTGCGCTATCTCGAGACCATCAACGCGGCACCTGCGCTCGAGTATCGCCAGCGCCTCTCGAGTGCCGCCACGGAGCTCGATTTCCGCCCGTCAGCAGCGCTGACGCTATCGGCAGGCGTCTCGCAAGATGCCGCGACGACGGACGAGGCCGGCGGACGCCCGCCGCTCGGCCGCAAAGATGGCGTGGGTTGGCGCGCCGGCGGTACCTGGGTGCTCGCCGAGCAGGGGCTGCGGGTGCATGCATCGGCGAGCCAACGCAAGCGATTCCCGGCCCTGCGCGAACTGTACTCGGGGGCCCTAGATCGATTCGAGCCGAATCCCGCGCTCCGTCCGGAGACGGCGCACAGCGCGGAGGTCGGCGCCGGCTTCATTCGCGCGCGCTTCGACGTGCAGACCGTGGTGTTCCGCCAACAGATTGACAACGCCGTCGTGCGCATCACGCTGCCGAGTGCACGCTTCCAGCGCGTCAACCGCGATCGCTTCACCAGCAGCGGCGTTGAGTTGACGGCCGGCACGATGCTCGGCCGTGCGGCACTGCGTGGCGATGTCACGCTGCAGCAGGCGCGCATCGCGGACGCGACGGTGTTCGATCCGGATCTGCGCCGCCCAGAGGATGTGCCGGAAGTGTTCGGTTCCCTGCAGGCCGTGATGCCCGTCGGCCGCGGCGTCGAAGCGCAGGCGCGCATGCGGGCACTCGGGGCGACGCGCTGCACCAACCCCGACTCGAACCGGCCCGAGCGGCAGGGCGGTGCGCGGGCGGTGGATCTCGGCATCGAACGGCGCTGGGGCAGTGCGGCGCGGATATTCGGGCGCATCACCGCGGCGCTGCAGCTCGAGAACGCCTTCGACGCGGCGATCTACGACAAGTGCGGCCTCCCGCAGGCCGGGCGCACGCTGCGCCTGAGTGTACGCCTCGGATGAGCGCGCGGGGTGGCCCGTCGCGCGTGGACGCGACGGTCTAGCGCCGCTCGACCGCGTCCCGGACGTCGAGCAGGATCTCGAAGTACAACTGCTCGCGGCGGTAGGCGAAGTCCAGCGACGCCATCTGCGCCTCGTCGCCCGTCTCCTTCGCGCGGCGGAAGGCCTCGGTGTACATCTCCTCGAGGTTGGCGAGGATGCGGTCGCGGGAGCGGGACATCGGGATCTCCTTCAGGGCGCTGAACGTGAGGCGAGGCGGCACGAAGGGGGCCGGTTCCGGCACCGCCTTCTTGGGCGTCTCGAGCAAGTACTTGGAGGCGGCGTCGAGGAACTTCCGCCGCGCGTCGGGGTTGTTGGCCATCGCGATGGAACCTAGCCGCGGGCGAACTGGCACGGCAGTTGCGTGATTAATCTACATGTGTCCCGGGAGTCCCTGCCGCCGTGGCAGGGTGCCTGTAACCCCTTGTAGGAGTATGAGATGAACAACGTGAAGGTCTTCGCATTGATGGCAGCCATGACCGCCCTTCTCGGTGCGGTGGGTGGAGTCGTCGGAGGCCAGAGCGGGTTGGTGATGGCGCTGCTGTTCGCCGGCGTCATGAACGTCTTCATGTACTGGAACAGCTCGAAGATGGTGCTCAAGATGTACCGGGCGCAGGTCGTGGACCGCGCCCAGGCGCCCGAGCTGTATGAGATGACGGATCGGCTGCGCCAGCGCGCTGGCCTGCCGATGCCGACGCTGGCGATTGCGCCGCACGACCAGCCCAACGCGTTCGCGACGGGTCGCAACGAGGAGAACGCCGTCGTCTGCGTCACGGAAGGGCTGCTCAAGCTCGTGAACCGCGACGAACTGGAGGGCGTGATCGCGCACGAGCTGGCGCACATCAAGAACCGCGACATGCTGCTGCAGACGATCACGGCCACCATGGCGGGCGCA
CP130612.1_gap93	2999816	3004348	4532	CGTCCCGTGCCGGTCGGGCGTGTGCTCGACGAAGGTGTAGAGTCCCAGTTCCATGGTTACCTGCTGCTCTTGTAGATCATGTCCACTAACTCGTCGTACATCGCCTCGGCCTCCGCATCGGAGCCCTTGATTGCCGCCGACGCGCAGTGCTTGAGGTGGTTGCGCATCAACTCGCGCCCGACGGCGCGCAGCGCCTCCTGCACCGAGGAGATCTGCGTGAGGATGTCCGCGCAGTAGCGGTCCTCCTCGATCATCTTCTGCAGGCCGCGCACCTGACCCTCGACGCGCCGCAGGCGCTTGAGGTTGCTGTCCTTGATGCCGGGGTCCACGGCTACGGCCTTGCGGCCATCCTCGTGGACCGCGCAGCTGCAGCTCGCCGTGGGCAGGTGCTTGTGGGTCGTCGCCATCGATGCAGTCTCCGGTTATGCGATGCGCGCCGAACGCAGGCGCAGGGAGTTCGTCACGACGCTGACGGAACTGAACGCCATCGCGGCGCTCGCCATCACGGGTGTCAGCAGCAATCCGAAGGCCGGGAAAAGTACTCCCGCCGCCACGGGGATGCCGATCACGTTGTAGATGAACGCCCAGAACAGGTTTTGCTTCATGGTCGCCATCGTGCGGCGCGACAGCTCCACCGCGTGCGCAGCGGCCCGGAGGTCGCCGCGCATCAACACCACGTCGGCCGCCTCGGCCGCGATGTCCGTGCCCGTGCCGATCGCCATGCCGACATCGGCCTGCGCCAGCGCCGGTGCGTCGTTGATGCCGTCGCCGACCATGGCGACGACCTTGCCCTCGGCCTGCAGCCGCTTCACCTCAGCCACCTTACCCTCGGGCAGGACGCTGGCGACCACGCGCTCGATGCCCGCTTCCTTGGCGATGGCCTTGGCCGTGCGCTCGGTGTCGCCCGTGAGCATCACGACCTCGAGGCCCAACGCATGCATGCGCTGGATCGCCGTGCGCGACGTGTCCTTGATGGGATCGGCCACGGCCAGCAGGCCGGCGAGTGCGCCATCGCGCGCGACGAACATCGGCGTGCGCCCAGCGTCCGCTAGCCGCGCCGCATCGGCCTCGAGCGGCGTCACATCGATGGCATAGTCAGCCATCAGCGCGGCGTTGCCAACGGCCAACGCCGCACCATCGACGACGCCCGTCACGCCTTTGCCCGTGACGGAGGCAAAGCCCTCGGCGGTTCCCATGACCGCGCCACGCTCCTTGGCCGCGCGCACGATGGCATCGGCCAGCGGATGCTCCGACATCGCCTCGAGCGCAGCGACTTGCCCGAGCAACGGCTGCTCGTCGCCGGAGGTCACGGCGATCAAGTCCGTGACCGTGGGCTTGCCCTCGGTCACCGTGCCCGTCTTGTCGAGCACGATCGTCCGCACGTCGCCGGCGCGCTGCAGCGCCTCGCCGCCCTTGATGAGCACGCCAAGCTCGGCGCCCTTGCCCGTCGCGACCATCACGGCCGTCGGCACGGCGAGCCCCATCGCGCAGGGGCAGGCGATGATCAGTACCGTGACCGCCGCGGCGAAGCCCTTCACGAACGACGCGTCGCTCGCGACGATCGCCCACGTGGCGAAGGTCGCGATGGCGATCGAGATGACGATCGGCACGAACACGGACGAGATCCGGTCCGCCAACGCCTGGATCGGCGCCCGCGAGCCCTGCGCGTCGCGCATCAGCTTCACGATCTGCGCGAGCACCGACGCCTCGCCCAGCGTCGTCGCCTTGAGGCGGAACGCGCCCGTGCGGTTGATCGTCCCGCCGATCACCGTGTCGCCCGGCTTCTTCGCCACGGGCAGCGATTCGCCGGTGAGCATGGACTCATCCACCGCGCTTTCACCCTTGTGCACGACACCATCCACCGGGATGCGCTCGCCCGGCCGCACGACCACGAGGTCGCCTGCCACGACGTCCTCGATGGGGATGTCCTGCTCCACCAGGTTGCGCAGCACGCGCGCCGTCTTCGGCTGCAGCTGGACCAGTGCACGCAGCGCCGTAGCCGTGTTGCGCTTGGCGCGCGCCTCGAAGGCGTTTCCCGTGAGGATGAACGCGATGATGAGGATCACCGCCTCGTAGTAGACGTCGGCGCTCACGCCGCGCGAGAGGAAAAACCCCGGCGCGACCGTGGCGATCACGGAGTACAGGAAAGCCGCGCCCGTGCCCAGCGCCACCAGCGTGTTCATGTCCGCCGAGTGGTGCGTAAAGGCCTTCCACGCCCGCACGTAGAAGTGGCGCCCCGCCGTGGCCATCACGAGGGCCGTCACCACGAGCAGCGGCCAGGTGATCCACATCATCTGGTGCATCCATGGCATCACCGCCATCGCAAGCGCACCGACGACGCCGCTGGCAATCGCCTTCCACTTGAGTTCCTGGAACTCCTCGGCGGTCGCCTTGTCGCGCGCCTCCTGCTCCTCGAACGCGCTGCGCTCCGGCTTCGGCAGCTCGGCGCCGTAGCCGGTCTGCTCGATGGCCGACACCAACGCCGCCGGCTGCACCGCGGCTGGGTCGTAGGTGACCGTCGCGGTGCCCATCATCAGGTTCACCGACGCTTCGGTCACGCCCGGTTGCTTCTCGAGCGTCTTCTGTACGCGGGCCTGGCAGGCCGCGCAGGTCATCCCCGTCACGGGGATGCGGGCAATCGTGTGGTTAGCCATCGACGATGATGCTCCCGCGCAGCATCGACATGCCGCAGGTGAAGGGGAAGCGACCAGCCTCCGTCGGCTGGATCTCGATGACCGTGCGCTCGCCCGACGGCAGGAACTGCCGCACGTCGAACGCCGGGATCACGACCTCCTCCGAGCAGGACGACGTGTCCTTGCGGTCGAACACGAGGCGCACGCGTTCGCCCTTGCGGACCTGCACCACCGCCGGGCTGTAGCCGCCGTCGACGGTGATCACGACCTCCGCAGGGCCGCCCGACTCCGCGACCACCGCCGCCGCGGGCGACTGCCCCGCGACGAAGAACCACCAGTTCACCGCGGCGATCGCCAACACCGCCGCGAGTATGACCGTCCAGTCCGTCGCTGACATATCCACCTCCTACTGCGTCGAGCGGACGTCGTACCCAGCGTCACGCACCGCCTCGGCGATCGCGTCGACCGAGACCTGCGTCTCATCGAACGTCACCGTCGCCTTGCCGATGCGCAGGTCGTCGAGCGTCACGCCCGCCAGCCCGTCCATCGCCTGCTTCACCATCCGCAGGCAATGCCCGCAGGTCATCCCACCGATCTCCAGCGTCTTCGTCGTCATCGCCTGCTCCTGATTGAGTGTGAATATACCCCCTACGGGTATCAATTTGATATACCCCCACCCCCTATGTCAAGAGGCCCGGGCGCCCCCACGGCACCCGGACCTCTGGCCGCCGCAACCCGCGCGGCGGACTGACGGGGCTCCCGCGCCCCGATCCTGCGCCTAGCGCGTCAGCTCCTTCACCAGCGTCCGCAGCGCTTCCTGCCAGGCCAACGGCCGTCCCGGCAGATCGTCGCGCCGACCTGCGCGGAGCGCCGCGACGTCCTCGTCCGTAATCAGCGCCGTAAGCCCGAACCCGCTCGCGACAATGCCGGTGCGCTTGGCGACGATGCCCTCGGCGCCGATGCGCAGCGCCTTGCCGTCGCGGCCGACCAGCGCGCCCGTCAGCTGGATGACCTGCACGGGCTGCTCCAGCGACGTGAGCCACGGCAGTTCCTGCACGTGCTGGCTGCCCAGCTCGACGGACTTCTGCGCCGTGAGGCCGCGCTGGCGAATCAGGTACCCGCCCACTTTAATCGTGATCACGAGCGCATGCGAGACGTCGCTGTTCGCGGTCTCCTCGGCGAACCACGACACCCAGTCGGGCGACGGACGTCCGACCTCGAGCTTCATCTGGTTCAAGTTCGGATCCCGTCCCAGCACGCTGTCGCCGCGCGCGGCGCAGTCTTCACCGACGAGGTTCCCCTCGCGCAGGCAGCCGAAGCGCACATCGGGGGGCGTGCCGCGCATCGCCGGTCGCGCACCGGCGGCGCCTGCCTCCAACAGGCGGACGGGCACCGAGCCGTTGGCCGCCGTCAGCGAGTCGAGGTAGGCGTTCATCTCGGCGAGCAACGCGGCCATCGGCGAACCGGGCGCGCCGCTCGGATCGAAGACGTCGCCTTGGCCCTCGCGCTTCTGATACGCGATCGGCGCGACACCCACGCGGGTGCTGGGCGCGGCGACCGGGGTGCTGCGAACGCCCGCATACCACGGCGCACGCGAGAGCATTGCATCGCCGACGCCGCTGCCCAGCGTGGCTCCGGTCGTGGCGCAGGCGGTCGTCAGGGCGGCAAACGCCATCAACGTACACTGGCGCAACATGGGTGACTCCGTCAGAGTGGAAGTGACGGATCCACGATGGCGACGATCGCTTACGGGAGAGCCTGAACGCCCATGCTGAAGCTTCGCTCGTACTTCTCATGAACCCGGACGGCTTCACTACGTCGCTCACCGCGCGCGAGTGTCAGGAGCGGGACGCGCATGGCTGCTTCGTGCAAGGGACCCACCGTCGATCGGGACGCCGA
CP130612.1_gap94	3060135	3061144	1009	GTCGGCGAGCGCCGCGTGCGCCGCCGCGACCTTCGGCGGCTTCAGCGTCACCTTCTCGTTGTAGTACGTCGGCGGCGCGGTGAAGACCTGCACCGCCTCCGCACCCGCCGCGGCCGCCCGACGGATCGCCATCGGCATCCCGCCCTCGTCGGCAGGATGCACGCCGATCAGCGGCCGGTTCACGGCTTGCGCCCCGAGAGATCCACCATGCGCTGCCCGTGCGCGTACTCCACCGACTTGTCCGTCTGGACCTCGCGCAGGCGCTTCAGCACCTCGACGATGCGCTTCGCCTGCGTCTCGATCGTCGCGAGGGCGGCGGGAATTTCCTCGGCCGGGACCATGCCCTGCTTCACGATCTCGGCGGTCGTGAGCAGCGCGGCGAGCGGATTGTTGATCTCGTGCTGCAGCGCGAGCGAGATCTCGCCGACGCCGGCGAGATACCGCGCCTTGCGCAGCTCTTCCTCGGCCCGTCGCCGCGCCGTCGCGACCTCGATGCGCTTCTCGGCGATGCGCAGGCGCGCCGCGATGTCGCTGGGCGTCACGGGCTTCGAGAGGTAGTCGTCGGCGCCGGCCTTCAGCACGTCTTCCAGGTCCGCCGCCTTCGAGCGCGCCGTGATGACGAGCAGGTAGGTGTCCTCGCCTGCGTCGTGGTCCCGGATGCGCCGGCAGACCTCGAGGCCGTCCATGCGCGGCATCTCCCAGTCGAGCACGACCATCGGGGCGGGCGCCTCGTTGAACGCCGCCCACGCCTCGGCGCCGTCATCGAAGACCTCGACCTCATGCCCATAGGCGGCGAACACCGTCTGCAGCAGCTCGCGCATGAGCAAGTCGTCGTCGGCGAGGAGGATGCGCAAAGCCGTGCTCACCAGGTCAGGGTTCCGGCGCGAATGGCCGTGCGCGGCGAGGTCCCCCCGCGCGAGGTCGCCGTCCATGCCACCACCAGCTGCGTCCCACGCAGGGCGACGCGCGGCGTGCGCGCCTCGCCCGTCTCGTCGGACGCCGGAATGCG
CP130612.1_gap95	3172540	3173825	1285	AGGACAGCAGCGGCACACGCCCGGCTCGTCGCACGGGCCTGCCGCTCGAGGCCACCCGTTCGTGGTCGCTCTCGACCACGGAAGCCTCGTGGATGTCGGTCGATGTGTCGCCCGACGGGCAGACCATCGTCTTCGACATGCTCGGCGACCTCTACAGCATGCCGATCGCCGGCGGCGCGGCGCGGGCGCTGACGAGTGGCATGCCCTTCGACGCCCAACCGCGCTTCTCGCCCGACGGCCGACACATCGTGTACGTGAGCGACGAGGACGGCGGCGACAACCTCTGGCTCCTCGAAGTCGCCTCAGGCAAGAAGACGCAGCTCACGCGCGGCAAGACGAATCGCTACGTATCGCCCACCTGGACGCCCGACGGCCAGTACCTCGTCGCGGCGCGGGCGCCGTTCCGCGGCGGCACGACCAAGCTCTGGATCTATCACCGCGATGGCGGCAACGGTACGCAGCTGATCGCGACACCCGGCACGGCCTCCACGCAGGCACACGCGGGTCCCGTCGTCAGCCGCGACGGCCGCTACGTGTGGTTCGCCGAGCGCAACGGCGCCTGGCACTACAACGCGAACTTCCCGCAGTATCAGCTGGTGCGCTATGACCGCGAGACCGGGCGCAGCGTGACGCAGACCTTCGCCTACGGGTCCGCCGCGCGCCCGACGCTCTCGCCCGACAATCGCTATGTGGTCTACGGCTCGCGCTTCGAGGCGCAGACCGGCCTGCGCATCCGCGATCTGAGCACGGGTGACGATCGCTGGCTCGCCTTCCCCACGCAGCGCGATGACATGGAGTCGCGTGCCGCGCTCGATGCCCTGCCGGGCATGGCGTTCACGCCGGACGGGCGGCACCTGCTCGCGTCGTACGGTGGCAAGCTCTGGCGCATCGCCGTAGACGGCTCCGGCCAGGCGGAGATTCCGTTCCGCGTTGAGGCAACGGTCGCGGCGGGTCCGCGCGTGCAGTTCGAGTACGCCGTGTCGGATTCCTCGACCTTCGTCGCGCGGCAGCTGCGCGATCCCGTGCTGTCGCCGGATGGGCGTCGACTTGCCTTCACCGTGCTGGACCGCCTGTACGTGATGGATTGGCCGGCCGGCACGCCGCGTCGCGTCACCAATGCCGATGTGGTCGAAGCGCAGCCGGCGTGGTCGCCCGATGGCCGTCAGCTTGCGTATGTCACTTGGGAAGGAAGCGTCGGTCGCCTGATGCGCATCGCACTCGACCAGCGCACGGCGTCACCCGCTGCACTCACGCCCGAGCCCGCGTTCTACCAGCAGCCAGCGTG
CP130612.1_gap96	3176667	3179495	2828	CTTCTGGCACGGGACCCCAGCGGCTGTTGTCGCCGCTGGCACCACATATGGTGTAGCAAAAGGTGCGACTATCAATGTTGCCCGCGTATCGGACGACTGTAACTCCGGCGCGATGAGCAGCGCAGCTGCCGCCAGTGCCATTTACTTCATTGCGGACTACTCACCGAAGCCAGCCATTATCAATGCTAGCTTCGGTGGCCAGTGTCCTTGGTACTATCCGTGGTGTGCCTCTTCGCTGCAGGACGCGGTAAATTACGCGAAGAGTCGCGGAGTGCCGGTGATCGCTTCGGCCGGCAACGACGGATCTGACGCTTGCGATCACTACCCGGCGAGTTTCGCATCGCTCGCCGTCGGTGCTTCAGACCCAAACGACTCACGAGTGAGTAATTCTTTGTGGGCGAGCAGCTACGGCGGCTGCGTGGACCTCTTTGCGCCTGGCATCTCAATCGGCGTTGGCCAGGATCAGTATTTCGGAGAACAATCCGCCTGGTGACGCCGCAGCGGCGCTCGTCGTCAATGCCACGCCGAATGTACTGACGAACATTGGCGCGGGCTCCCCCAATCGCTTACTGCACTCATTCTTCGTGCCGCGCGTGAGCATTGTTGGGCCTGACCTGGTTCACGAAAACGTCTCTTGCTCATGGAGCCACACTGCATCGGGATGGACTCAGCCGATCTCACTCAACTGGGCGGTCAACGGCATTCCGGTTTCGTCCGGCGCGAACTATTCGACTTTCGATACGGGCACGGCAGGCTTTTCTCTCGAGCTGACACTGACCGATGCGGATGGGCGGGTCGGCTTCGCTGTGCTTCCCGTTACAGTCAGTGGCAGCGGAACATTTAGCTGCTGAACTAGGTGTCCCTCGCTCGTCGACACCAGCATTCTTCCTACCGAGGGGTCAGTCCAATGCGCGCTTCTATCGTTTCCCTCACGGCCTCCCTCGCACTGGCCACGGGATGCTCGCTACTTGAGGTGGGTAACGGCGACTCGCGAGTAGGTATTATCGCGTTCGTGGACAGCCCTTTGCCGATCGCTAGCGTTTCGCACCAGCTACCCGAAGTCGGCACATCGGTTGACGGGTGTTGCGGGAGTTCGCCGGTTCTCGAGGTGCCCGATACCGTCACAGCGGGAGTTGCTTTTGATGCGATCGTCCGAACATTTGGCAACAACGGCTGCTGGCGCGCAGCCGGGTATCGCGAATCAACGAGCGGTATGACAATTGAGATTACACCCTATGATGAGTCGGGTGATGATGGTGGCCGCGTGTGCACTATGGCCATAGTCCGCCTTCCGCGCACCGCACGTGTCTCATTCGCTAATGCTGGGATTGGCACTATTGTCGTTCGAGGCCGCGTCAGCTCAATCGGTGGCAGTGTGGTATCAGCCGATTCGATGACGACGGTGTCGACTACCGTGGTCGTGCGCTAGTACTCAGCTTAGCGCTGATTCGACTTCGCCGCGAATCTCTTCCGGCGTGTCGTTGGGTGCGAAGCGCTTGAGCACGGTGCCGTCCCGCGCAACCAGGAACTTGGTGAAGTTCCACTTGATGGCCTCGGTGCCGAGGACGCCGCGCTTCTCCTTCTTGAGATGCGCCCACAGCGGGTGCGAGTGCAGGCCATTCACCTCGACCTTCGCGTAGAGCGGGAAGGTCACGTCGTAGGTGAGTGAGCAGAACTGCTTGATCTCGTCGGCGTCGCCGGGCTCCTGCGCGCCGAATTGGTTGCAGGGGAATCCCAGCACGGCGAACCCTTTCGGACCGAGCTCGCGGTGCAGCGCTTCCAGTCCCTTGTACTGCGGCGTGAACCCGCACTGGCTCGCCGTGTTCACGATGAGCATCACCTGACCGCGGTAGGCGGCCAGCGTTTCCTCGCGGCCGTCCATGGTCGGGACGGGAATCTCGTAGATCGTGCTCATGTCGAATGCTGTCAGGTTACCCCGCAGTCTGCCAGTGGCAGCTTCACGGCCCGATCGGCGTGAGCGCTGGACGCTTAGCGGTGACGTCGTCGCCGGAGGAACGGCGCGTCAGCCGCCGCCACAGCCAGGGCGTGAGATACGTCGCGATCCAGTGTGCCTCGGTGCGTGCGCGTTCCCACAGCGTCGGTGCCGGCCGCGGCGGCAGTGGCGCAGCCCACGAATCATCGAAACCCGGCAACCCGAGCCGAGACGCCAGCCCCGCCGCGATGCGCCGATGTCCCTCGGCGTTCGCGTGCAGGCGGTCTTCGTGCCACAGGCGCGGGTCGCAGGCCGCCGGAAACTGCGCGACGTCGAGCAACACGCTACCGGTCTCGCGGCAGAGCGCACGCACGGATTCGTTGAATGCGAGCAGGCGCGGCCGTGCGCGTGCGGCAAACGGTGCGACTTCACTCAGGTCGGGCATGGTGATCGTCACGACCGTCGCGCCTGCCGATCGCAAGGCTACGTGCATGGCGCGGAGGTCGTCCATCACCTGCCCCGCGTCGTACTTGCTGCGGATGATGTCGTTGGTGCCGGCAAAGACCGACGCGAGGTCCGGCTGCATGGCGAGAGCTGGCGCGAGCTGCTCCTCGCGGACCTGACGGGTCTTGCGACCGCGAATCGCGAGATTGGCATACAGCAACGGCGCGCCCTGCGCCTGCGCCACGTGCAGCGCCAGCCGATCCGCCCAGCCGCGGTGCCGGCCGCCTTCGCCGGGATCCTCCAGCCCTTCGGTGGATGAGTCGCCGATGGCGACGTACCGCGTGAAGCTCAAGGCAGCTTCGACAGCGAATCGAGCTCGCGGTTGCGCGCGGCCGCCGAGTCGGCGGCCTTCATGGCCCCCTGCACGCCGCGGGCACCAGCGAGCGCGGAC
