gap_id	start	end	length	sequence
CP130613.1_gap1	5038	5616	578	GGCCCGGCATGCGCGCGCTTCCGCCGACGGTTGCGGATCGCCGTCCCGCCGTGCATCGCCGCGCCAGCTAGGCGGCGGGCGGCACCTACATCCGCGCGACGATCTCCGCGGCGGTGACGAGCGCGGCGACCTCGAGGCCGGCCTGCTCGAGCGCCTCGCGTCCGCCCTCCCCGCGATCGACGACGGCCAGCACGCCCAGCACCTCGCCGCCGGCTGCCCGCACGCTCTCGACGGCGCGGAGGGCCGAGCCGCCGGTGGTGATGACGTCCTCGACGACCACCACGCGGTCGCCAGCTTCGAACGCGCCCTCGATCACCTTGCCGGTGCCATGCGATTTCGCTTCCTTCCGCACGGTGAACGCGCGGATGGGCATGTCGGCGAGCTGGCTGGCGTACGCGATGGCGTAGCTCACGGGATCGGCGCCCAGCGTCAGGCCGCCGATCGCCTGCGGCGCCCAGCCGCGCTCGCCGATGGCGTGCAAGCCCAGCGGGCCGATCGTCGCAAGCCCTTCGGGATGCATCGTTGTCGGGCGGCAGTCGATGTAGAGGTCCGACTGGCGACCCGAGGCCAACGTGAAT
CP130613.1_gap2	7665	9838	2173	ACCGCGACTGTTCGCCTCGTTGGAGGCCTGCTCCTGCTGGGAAGCGCCGCCTGCGGCGGCGGCTCGACGCCCAACGCGGGCGCCGGTCCGGCGCCCGCCGTCCAGCGGGACCAGCGCAACCTGTCCTTCGACCCACTGCCGCTCTACCGGCAGATGGGCATGATTGCGCGGGGCCAGCCGTTCCCGGTGGTCGGCCGCATCGGCGCCCTGCCCGCGCGAACCACCGACAGCACGCACGTCGTCGTCGTCCTGGGCTTTGCGCCCACCGCGTTGCGCTTCAACCGCGAGACGGACGATCGCTTCCGGGCGAACTACACCGTCTCCGTCTCCGCGGCCCGCGATGGCGCCGCCCCCGTCAACGCACAGACGACCGAGAGCGTGGTCGTCGGGGCGTTCCGCGAGACGGAGCGCACGGACGAGAGCATCCTCTTCCAGGAAATCCTCGATCTGGTGCCGGGGCGCTATCGCCTCACGATCTCGGTGCGCGACGTGAGCAGCCAGCGTGGCATCGTCGAGGAAGTGGATGTCGACGTGCCAGACTTCGCGCGGCACCCGCTGTCTGCGCCCCTGCCGGTGAATCGCATCATTCCGCGGGAATCCCGCGACACGTTGCCGTTCCTCCTCGCGCGACCGCGCGCCGTGGCGTCCCTCGGGCAGGACAGCACGATTCCCATGTACGTCGAAAGCGCGAATCCGGCGGACACCGTCCTCGCGCTTCTCGCGCGCGGCGAGAGCGGGCGGCTGCTGTGGCGGGATACGGTGCGGCTCGACGGCCACGCGACCATGGCATCGGGCATCGTGCTCGTGCCGGTCACGCGCCTCGGCGTCGGCGTCTCGCAGGTTGCCCTCGTCGGCAGCAATGGCGCCGACACGTCGTCCGCGTACGTGTTCGTCGGGTTCGGTGATGACCTGCCGATCGCGCGGTTCGAGGACATGCTGCAGTTCCTGCGGTTCTTTGCGCGCCCTGCGCGCCTGCAGGCACTGCGGGAAGCGCCGGAAGAGCAACGCCCCGCGGCCTGGGCGGCCTTCATGCGCGACACCGACTCCATTCCGGTGACGGCCGTCAACGAGGATCTCCGGGCTTACTTCGCGCGGCTCGCACGCGCCAATGCGCGCTTCCGCGAAGACGGGGTCGCGGGCTGGCAGTCCGATCGCGGCAGGGTGTTCATCGTCCTCGGCGAACCCGACCAGATCCTCGAGCCCTCGTTCACCGACCTCTCGCGGACGCGCCAGCAGGTGTGGGAGTATCGCGACCGGGCGATCCAGCTGCAGTTCTTCGACCAGACCGGTGCCGGACGCTGGCGCCTCACCCAGGCCAGCGAATCCCGCTTCGAAGTGGAGCTGCGTCGCCAACTGCGGTGACAGTCGCACCGCCCTCGCCGCTGCGCGCCGAGCTCGCGCGCAAGGCGCTGCACCTTCTCACGGCAGCGCTGCCGCTCGCGTGGGTCGCCGGAACCGTGACCACGGCCCAGCTGCGCGCCGTGCTGACATCGGCCGTGCTGGTTGCCCTCACCATCGAGCTGCTGCGGCGTAACTCCGCCGCCATTGGCCGGCAGTTCATGGCGATGGTCGGCCCGCTGCTGCGCGGCCACGAGACGCAGGCGCTCACGGGCGCGACGTGGTTGGCCATCGCGATGACCGCTGTCGTGTGGGTGGCGCCGGAGCGCGCGGCGGTGGCTGCGCTCTGGGCCGCTGCCGTCGGGGACGCGAGCGCGGCCGTCGTCGGGCGGAGCGTTGCCGCGCTCCGCAACGCGCCGCAGGGCAAGAAGTCGTGGGTCGGGTCGCTGGCCGCCGTGGTGTCCACCGCGATCGGCTGTCACCTGCTGGCGCAGGCTCCGTGGCCCGTCGCGTTCGGGCTCGGAGCCGTCGCGGCGATCGCCGAGTACCCGCGCCGTCCGCTCGATGACAACCTCCGCGTCGCCACCGCCGTCGCCGTCGCCGCCGTCCTCGCGGGCCTGCGATAGTTTACGCCCATGAGCACTCCCGGACGTCCGCGCCTCTATCTGATCGATGGCTACGCGCTGATCTACCGCTCGTTCCACGCCCTCGGGGGCGGCGTCCCGCTGCGCAATGCGCGCGGCGAGAACACCGGCATGGCCAAGGGCGTCAGCGAGTTTCTCCGCCGCCTCATCGAGAAGCACAAGCCGGAGTACCTCGGCTGGGTGAACGACGC
CP130613.1_gap3	15543	16636	1093	CCCGTCGAAACACACCACGATACGGCGGGTCAGCGCGAGGATCTCGTCGAGATCCGTCGAATAGACCACCGCGGCACCCTGCCCCGCGCGCGCGAGCTCGCGGATGGTCGCGAGCACGCGCGCCGTTGCCCGAACGTCCAGCCCGCGCGTCGGATTCTCCGCGACCAGCGCCTGCGGCGCGCGATGCCGTTCGCGTCCGACCACAAAGCGTTGCTGGTTGCCGCCCGAGAGGGAGCGCATGGCTGCCTCCGCCCCCGCTGCGCGCACGTCGTACTGCGCGATCACCCGCTCGGCGACACGATGCTCTTGTGCCCAGTCCACGCGGCCGCGCAGTGTGCCGGCATGCGCGAGGGCGAGGTTTTCCGTGAGCGTGAACTCCGGGATCACCGCGTCCTCAAGACGATCCTCGGGCACGAAGCCCACGGTCGCCGGGCGCTGCACGCTGCCGGACGTCGGCGCGATCCGGCCCGCGAGCACCCGCAGGAGCTCGCGCTGACCCGCACCTTCCACGCCCAGCACGCCGAGGACTTCGCCCGCGCGCACCACGAGATCGGTGGCGCGGAGGCGAACGCGTCCCGCGGCGTCGCGCACCGATGCGCCCTGCAGGGCAAAGACGACAGGGCCGTCCGTCGCATCCAACGGCGCGGCACCGTCGGCCGCCAGCGCATCGCCGACGATGGCCGCAACAACCGCATTCTCTTCCAACGCGTCCGCGGCACCGGTGAGCACCGTGCGTCCGCGACGCAGCACGGTGACGTCATCGGCGACGCCCAGCGCCTCGCGCACCCGATGCGTGATCAGGACCACCGTACCACCCGCCGCGGCGAAGCGCCGCATCCAGCGATACAAGTCCTCGCTCTCCGACGGCGTCAGGACCGCCGTCGGTTCGTCGAGTATCAACGTGTCGGCGTTGCGCGCGAGCGCGCGCACGATCTCTGCACGCTGCTGCGCACCGATCGGCAAGTCCGCCACGCGCGCGTGCGGATCGAGGGCGAGACCCGTCGCCTCCCCGACACGCCGCACGGCCGCGACGGCGTCTGACGCCCGGAACCTTCCGTGGCCGCCCAGCGCCACGTTCTCCGCGACGGTGAAG
CP130613.1_gap4	43515	45063	1548	CACGCCATAGCCGACGCGGAGGCCTGCGAGTCCCCAAGCCTTCGAGAACGTGCGCGTCACGAGCACGTTTTCGCGCTGCGCGGCCTCGCGGCGCAGGTCATGCGCATCAGTGAACTCCCCGTAGGCTTCATCGAGCAGCACGATCCCCGGGGCCTCGTCGAACAGCCGCACGAGCTCGCCGCGCGGCGTCACCGTCCCGGTCGGATTGTTCGGCGAGCAGGCATAGATGATCGCCGCGCGCGTCGCCAGCAGCGCGTCCACGTCCATCGCTCCATCGCGGCGCAGCGGCACGGCGATCGGCGTCACGCGGTTCAGCCGCGCGAACGTCGGGATCATCGAGAACGTCGGATCGGCATGCGCAAGCGTTGCGCCGTCGGTGGCGACCGCACGGATGCATGCGTCCAGCACGTCGTCGCTGCCGCAGCCTGCGACCACCTGATCCGCGGCGATGCCGAGCGGCGCGGCCACCGCCTGCGTCAACGCACCCGCGCTGACCCGCGGATACTCGCGGAGCAGCTCGGTCGTCGCCGCCTGCACGGCGCGCAGCGCCGAGGGCGGCGTGCCCCAGAGGTTCACGTTGTCCCGCAGGTCGAGTGACACGTCATCGAGCGGGGACGGCGCGTAGAGCGGAATGCCGCCGAGGTCAGGGCGCAGCGGCATCATGCCCCACCCCACTGCCGCGCAGCCGCGGCGTGCGCCGGCAGGCCTTCGGCGCGCGCGAACGTGTCGACGTCGTCGGCCAATCGGCGCGCCGCCTCGCGATCGATGCGCTGCCACGTGGTCCAGCGGACGAAGTCCAGCGTCGAGAGGCCGGACCAGATGCGCGCCAACCCCCCAGTCGGTAACACGTGATTCGCGCCGCTCATGTAGTCGCCGAACGCCACGCTCGCCGTCTCACCGATGAAGACCGTGCCGGCGCCGCGCAGCTCGGCCAGCACCCTGCCCTCCACGGCCGGCGCGACCGCCAGCAGCAGGTGCTCGGCAGCCCACGCGTTGGCGAACTCCACGGCATCGACGAGCGACTCCACCGTGAGGATCCCACCCCGCGCCGCGAACGCTGCGCGAATCACGTCCGCGCGCGGCTCGGCATCGACGCGCGATTCAAGCTCGCGCCGGACCTCGGTGGCCAGCGCGTCGCTATCCGTGACCAAGACCACGGCGGCGACGGGATCGTGCTCCGCCTGCGCGAGCATCTCGCGCGCCACGACGGCGGGTGTCGCACTCGCGTCGGCGAGCACCAGCAGCTCACTCGGGCCCGCCGGTGAGTCGATGCCGACGCGGCCGGACACCTGCAACTTCGCTTCGGCGACGTAGGCGTTTCCGGGGCCGACGATGCGATCCACGGCGGGAATGCTCGCCGTGCCGTAGGCCATCGCCGCAACGGCACCGGCGCCGCCCACGGCGAACACGCGATCGACGCCGGCGATCGCCGCCGCCGCGAGCAGGACGGCACTCGGCGCGCCCCTCGCGTCGGGAGGCGAACACACGATCACTTCGCGCACGCCGGCGACGCGCGCAGGCACGGCCCCCATGAGCAGCGAGCTCGGG
CP130613.1_gap5	46252	51045	4793	GCGCTCCGAGGAGGCGCGGACCTCAAGTCCGGCGTCAGCGAGCAAGGATCGGGCGTCGTCGTGCAGACGGCCCTTGTTGGGAATGGCGAGGCGGAGCATGGAAGCGGGGAGCGGAGGAAAGGCGAAAAAACAAAACGACCCGTCCGGCAGTTCCGGACGGGTCGAGGGTGTCTGGGCCAGCGTGCGAGCGGCGGTCAGCAGCTCCGGGACACGCGCGATGCCCACCCCCGACCCGCCGGGCCGTGGTGGAGATGCGCGTGATGGTGCTGGATGAACGCCATGCCGAACCCTAGTTGGCCCCCCCAGCCCCGGTCAACCCATTGTCCAACTTATCTGGAAACGGAACTGCGAAGCCATTGCGCGAGTTACAGTTGGCACAGCGCATGGGATTGTGATATTTTTCACAACCTCGGGGAAATCCCCGAAGCTGCAAACCATCACATTTTTTTCTGTTCGGCCTGGAGGCCATTCGAAATGCAGTTCAAGGGTCTGGCGCTCGTCGCGAGCGCGATCATGTTCGCCGCCTGCGGCGGCGGTTCCGAGTCGCAGCCGGCTGCCGAGACGTCGCCGGCCGCCGCACCTGCTGCCGAGGCCGCTCCGGCCGCCGGCGCGGTGACTGCTGCGCCCGCCACGGGCACGACGCACGAGATCAAGATGGTTGGCGACGACAAGGGTTATCGCTTCGAGCCGGCCAACATCACGATCAAGCAGGGCGATGCCATCAAGTTCGTCGCGGTGTCTGGCTTCCCGCACAACGTCGCGTTCGTCGGTACGGGCCTGGCCGACGCGGTCAAGGCGCAGCTGAACGCCAACCTCGGCCCGGCGCGCCTCGCCGACCTCTCGTCGCAGATGTACCTCGCGGCGAACGAGGGCTTCACGATGTCGTTCGCGAACATCCCGGCCGGCACGTACGAGTACAACTGCACGCCGCACCTCGCGATGAACATGAAGGGCGTGATCACGGTGCAGTAAGCAGGACTGCCGCGCCTTCGGGCGAGGGCACGACGGGCGGTGGCGAGCGAGGCTCGCCACCGCCCGTTTGCATTGGTGCATTGAACGCGCTACTAGTCCCGTATGCCCCCTGCGACCGTCCGCTCGCGTCCGCCGCGCGCACCGCTCACCGGAATGCTGTGGTTCGGCGCGCGACTCTCGCTCGCCCTGCGTCGCACGCGCCGCTTCCGTCGCTGGTGGCTCAGCGTCGGTGGCACCGTCACCGTGATCGCGCTGCTGCTGCCGGTCGCGACGCGCACGCCCGACTCGGCATTGGCGGAAACCGCGTCGCGCGCGGTCGCCGACAGCGTGCGGAGCGCCGTGCGGCTGCAGCGCGCCGTGCAGCGCGCCGCCGTCGCCGATTCGCTGGTGACCGCGGCCGAGTCGGTGCTCGCGGCCGCATCGGTTCCGCGCGCCGCGCCGCCGCGCCGCGCGCCGTCCGCCGCATCGCTCGCGGCGGCGATCGCGCGTGCGCAAGACGGACGTGCACGCGAGGCCGTGCTCGCGCTCGCGGCGCATCCCGCGCTCGTCGCGGGCCCACGCATGCGCGCGACTGCCGACTCGCTCCGCAACGCACGCGACCCGGGTGACGCCTACCGCCTCTCGGGCACCATTCTCGCCATGGCCGAATATCGGCTGCGAAGCCTCAGTCCAGACGACGAACCGTCCGTTGCACCACCAAGCGTGACGGTGACGGCGGGCGTCGACACGGCGGCGGCACACGCAATCCTCCGCGCCGAACGCGATACCTTGGATGCCGCGCGCCGCCAGCACGAGGCCGCGCGCGCCGCAGCCATCGAAGCGACGCAGGCGGCGGACGCCGCGCGCTCCACGGTGCCACTCGTCTCCCCCGGCCTCGCGATGCTCGTGCTGGTGCTGCTCGGTCTGGTCGTGCGCGTGGCCGTGACGCTCATGCGGGAGTTGCGGGAGCCGACGCTCGCCCATCCCCTTGAGGCCGAACGCGCGGTCGGCGCCCCTGCGCTCTCCTGGGTGCGCGACGCGCTCCCCGAAGGACCGCTGCGCTTCCGCCCCACAGGCGTCGATCCGTTTCGCGTCCTCTACCTGCACCTGACGTCCACCGGCACGCGCGCTCGTGCGGTGATCGTCACTGGAGACGACGCGCCCGTGGTCGCCGCCGTCGCGGCGCGGCTCGCCATTGCCGCTGCCGCCGATCACCGCACGACGCTCGTGGCGGAATGGGATACGGAGCAGGTGGCGTTGGCGCGCATCTTCCGCGATCACCCGGAGCCCGGGGTGAGCGACGCGATGGCGGGGGCGTTCGCCTGGCGCGAGGTGGCGCGAAACGTAGGATCGAGTGACGGACTCTCGATCGCCATGCTGCCCGCCGGTACGACGCAAGCACCGGTGACGGACGAGCAACGCGCCGCGGCGCTCGCGGAGTTCCAGCAGTTTCGCGCGGCGTTCGAGTTTTCGATCGTTGCGGTGTCGCTCGCCGATCTCGCGCATGGACGCGCCCTCGCGCCGGATGCACCGGTGGTGCTCGCGGCATCGATCGGCGTCACGCCCGTCGACGCGCTGCAACGCTCCGCCGAGCTGGTGGAGCGCGCCTCCGCTCCGTTGCACAGCCTCGTGCTCTGGGACGCGCCGCGCCCGCCCCTGCCCTCACGGGCAGAGCTGGCGGCGTGGTTGTCGAAGCGAAAGGGCCGGACACCCGGTGGCTCGTTCAAGGCCGTTCAAGAGGCCATCAGAAAGCCAGTAGAAGGGCAGTAACGGCACATGAACTACATAATTGGGACGGAACTGATGTCCCTGGAGCGGGCGCACTTGGTACGGCTCGGCGTATGGGCGCTCGCCTCCATCGTCGCGGGCACAGGGCTCATCGTCTGGGCGCGGCGCAGCGGGATCCCCGGCTTCTGGCGGCACGCCGGCATCCAGACTGCCGCATGGGGCGCGGTCGACCTCGCGATTGTGGCGTTCGCGTGGCATGGGCTCGTCTTGCGCGATCTGCCAGAGGCCATCGCGCTCGACCGCTTCTTGTGGCTCAACATCGGACTCGATGTCGGCTACGTCATGGTCGGCATCACGCTGCTCGTCATCGGCCGGCGTGCACCGACGCGCCCCGGTCTCATGGGCGCCGGCGCGGCGATCATCGTGCAGGGGCTCGCACTGGCGGTGCTGGATGCAATCCTGAGCGGCGCCATCGTGCGTGCAGCGTGACCGCCGACTAAGTTCCCGACGGACGATGACTGGGTACTCCGACCGCATCAATCACGCCTTCGCCTTCGCCGCCAAGCACCATGACCGCGAAGTCCGCAAGGGTACGCGCCTGCCCTACCTCACCCAGCCCGCCAACGTCGCGCTGATCCTGACGCGCTACGGGCGAGATGAGGATACGGTCGTCGCAGGCATCCTCCATGACGTGGTCGAGGACTGCCAGCGCGAGGGCTGGACGCGCGAGATGCTCGACGAGCGCATCGCCGCGAAGTTCGGGGACGCCTCGCTCGAGGCCGCGCTCGCCGTGACGCGGCGCAAGCACGACGACGACGGCATCGAGCTCGCGCGCGATGACGTGCGCGCCGACTGTCTCGAGCGGCTCGCGCAGGCGTCGGACGCGGCCCGCTGGGTGTTCGCCGCTGACAAGGTGCATCACGCCGGCTCGCTGCTCGCGGATCTCCGCCGCACCTTCGATCCCGAAGCGGCCTGGGGTCGCCTGCCCGGAGGGCGCGGCGCCGTGCTGCAGTGGTATCGCGATGCGCTCGCGCGCTTGCGCGCGCTGGGATTCTCCGCGCCGATCGTCGACGAGCTCGCCGCGCTCGTCGCCGCGCTCGAGGAGCGCTAGCTGTTGTTGGTGAGGAGGTTGTTCACAGGAGCGTAGCGGATGCAAGCTGGGGTTGCTGAGACGCTCAACCGGCACCCCGCCAGAGGCTCCTGTGAACATCCACAAGAATGCACGTCTGACCGTCGCGGGGCGACTCGCCGTCGCGACCGCCGTTCTGGGCGGGCAGGATCCCGCCGCCGTCGCCCGGGGCGCGGCCTGTTCCGTCCGCACCGTCTGGAAGTGGGTCGCCCGCTTCCGCACCGGCGGCGCGGCGGCGCTCGCGGACCGCTCGTCGCGCCCGCATCGCCTCACCCAGCTCCCGCGGCCGCAGCGCCGCGCGATCCTTCGGGGCCGCACCCGGCGGCGCTGGAGCTCGACGCGCATCGCCCAGGAGACGGGCATCCCGCTCTCAACGGTGATCCACTTCCTGCGCCGCCACGGCCTGCAGCGGCTCCCTCGGCTCGAGCCGCCGCGCGCGGTGCGCCGCTACGAGATGCGGGCACCGGGCGAGCTGCTGCACGTCGACACGAAGAAGCTCGGGCGCATCGGCCGCGTGGGGCACCGCATCCACGGCGACCGCCGGACCCGCGTGCGCGGGATCGGCTGGGAGGCGGTGCACGTCGCGGTGGACGCCTACTCGCGCGTGGCCTACGCCGAGGTCCTGCCCGATGAGCGCGCGGCGACCACGGCGGCCTTCCTCGCACGGGCGATCGCGTGGTACGCGGCGCTCGGCGTGCGGGTGCGCGCCGTGCTCACCGACAACGGGAGCTGCTATCGCAGCCACGCGGTGCGCACGCTCCTCCGCTGCGACGGCATCACGCACAAGCGCACCATGCCCTACACGCCGCGCACGAACGGCAAGGTCGAGCGGCTGATCCAGACGCTCCTGCGGGAATGGGCGTACGCGCGCCCCTACCCCTCCTCGCGGGTGCGCACGGAGTGGCTCGCGCGCTACCTGCGGACGTACAATGAGGCGCGCGGACACTCAGCCCTCAACTACCTCCCCCCCATGCTGCATCTCGCT
CP130613.1_gap6	55839	57124	1285	TCCACGGACCTGCGCATCGGGAATGGTGCGGCGGAAGCCGTGCCGTACGGACTCACCGAGTGGACCCGCGAGGCGGTTCGCAGCGCGCGCGTGGTCGCGAACCCTGGCTGCTATCCGACCTCGGCACTGCTTGCGCTGCTGCCGCTGCTCGAGCGCGACTTGATCGCGTCGGGCGCGACGGTCTCCATCTCCTCCGCCAGCGGTGTCACCGGCGCCGGTCTCTCCCCGCGCCTCGATCTGCTTTTCGGTGAAGTGACGGAGAACTACCGCGCGTACGGCGTGGGCAACTCGCATCGGCACCTGAACGAGATGCGTGCCGCCGTGCAGCTGCTCGCGCGCGACGTCGACCTCCTGTTCACGCCGCACCTGCTGCCCATCGCGCGCGGCATCCTCTCGACGATCACCGTGCCGCTACGCGCGCCCCTGGCGGATCCGCTCGAGCCGTGGCGCACGCGCTACGCCGGCGAGCCGTTCATCGAGGTCGTCGACGCGCTACCGGAACTGCGCCAGGTGCAGCGGCGCAACGTCGCGCGCATTGCCGTGCGCCGCGTCGAACATGTGCGTACACCAACCCTGCAGATCTTCTCGGCCATCGACAACCTCGTGAAGGGAGCCGCCGGCCAGGCGCTGCAGAACGCCAACCTGATGCTGGGCCTCGACGAGACGCTCGGACTGCCGCGATGACCACGCGCGTGTTCAAGTTCGGCGGTCGCGCCCAAGGCGCCGCCGCGTTGCCCGCGGCCATCACGGCGGCGGCCGCGCAGGCGCAGGTCGTGGTCGTGCACGGCGGCGGCGACGAGGTCAGCGCGATGCAGCGTCGCCTGGGGCTGGAGCCGCAGTTCATCGGTGGCCGGCGCGTGACCAGCGAGGCCGACCTCGACGTCGTGCGCATGCTGCTCTCCGGCAGCGTCAACAAGCGGCTCGTCGCACACCTGCTCACGGCCGGTGCGCGTGCGGTCGGCATCAGCGGTGAAGATGGTGGGTTGCTCACGGCGCGCGTGACGGACAGCGCGTTCGGCCGCGTGGGGCGCGACGTCATTGCGGACCCGGCGCTGCTGCGCGACCTACTGGCCGCCGGTTGGCTCCCCGTCGTCTCGCCGCTCGCGCGCGACCGCGACTCTGCCGACGGTCTCGGGCTCAACGTGAACGGCGATGACGCCGCGACGGCGATCGCCGTCGCGCTGCATGCCGACGAGCTGTGTTTCGTGGCCGATGTCGACGGCGTCCTTGAGGCGGGGCAGCGCATTCCGCGTCTCGATCCCGCGGGGATCCATGACCTCGCATC
CP130613.1_gap7	70132	72526	2394	TTCAATCTAAGCCCTTTGGCTGGAGGGAGTTCGACAAAACCTAGCGAAACTATCGGAGATGGATTAGCCTGAATTCTCGCTATTTGAGAAGCGTTCTCAACCTATACTCGTCATGTCCGCCCGCCGAGCCATCCGCACCGTGTTCTTCTGGACTCACCTCAGCATCGGATTGCTGGCGGGTGGGCTCATCCTGTTGATGAGCGTGACGGGTGTGCTGCTTGGATTCGAGCGGCAGATGATCGCGTGGATCGACGGCGCGCCGCGCGTGGAGGCGAATGGTGCCGCGCCGCTTCCCCTCGATACGCTGCTCGCGCGCGCGGGCGTTGCGCGGGCGGACGTCGCCAGTGTGCTGATCAAGCGCGACCCGACGCAGCCCGTGACGATTCGCCAGCGCGAACGCGGTGCGGCTCCGATCCTCGCACACCCCACGACCGGCGCCGTGCTCACGCCCTCGGGAGATGGATCGGGCCAGCGCTTCTTCTCGGCACTGCGCCGGTGGCACCGTTATGTCGGTGCGGAGGCGGGAGCGCTGCGCGCGCAGATGAAAGTGCTGAATGGCGTGGCGAACCTGATCTTCCTCGCGCTCGTGCTCTCAGGGCTGTATCTCTGGTGGCCGCGGCGCTGGAGCGTCGCGCGACTCCGGGCGACGGCGTGGCCGCAGTGGAAGCATCGCGCCGGACAGGCGCGCGACTTCAACTGGCACAACAGCCTTGGCTTCTGGTTCGCGCTGCCGCTGGCGATCATCATCGCGACGGCCGCGTTCTTCTCGTTCCGCTGGCCGGGGCAGTATCTCGATCTCGCACTCGGAAGCGACCAGGAACGCGCGGCGGCCCGAGTGGCGATCGCCGAGGCGCGCGCTGCCCGTCAGGACGCTCCAGCGGCTGCAGAGTCGCGCCGCGACGCGGCGACCGAGGAACCGCCGCCGCATCCCGTCCGAGCGGAGGACGCTGCGTTGGCGACGTACATCGCGGCCGCGGCGAGCGCCCGTCCGGATTGGGCGCAGCTCACCCTCACGCTGCCCGACGCGAAGGCATCCGTCGTCCGGATCGCGGTCGCCGAAGGCAACACGTATCGCCCGGACCTGCGGTGGACGCTCGACGTGGACCGTGCGAGCGCGACGGTCGCGACGTCGTCAGGTTACGACGACCTCAGCACGGCCCGCAAGCTGCGTGCGTGGGTGCGCTTCGGCCACACGGGCGAAGTGTTCGGGATTCCCGGGCAGATCGTCGCGACGCTTGCGAGCGCCGTGGGCGTGCTGCTGGTCTGGACCGGCTTCGCCTTGGCGTGGCGGCGACTGCGCCAGGCACTGCGCCGCCGGAGGCGCTCAGTCCCAGCGGTGGCTGCGCTTCCAGACCCGTCGCTCGAGTCGCCAGCTGCGCTTGGCTGAGAACTCCAGCTCGGCGCTGGGAAACAACTCGGCATCCTCCACCGCCTCGGTGAAATCGTTGCCCTTCGCCGAGGTGTTGTCGGCGAAGTGCAGGATCTCGGCCTCGAGCGTCATCGGGCGCACGGCCGCGCCGAACTCGAGCTGGCCATGATGCGACTGGATGAAGTGATGCAGCTCGAGACGCTGTTCGTCGCTGAGCTGATCCTGCGGAGGTAGCGTGCGCAAGCGCTCTTCGAGCATGAGCGAGCCCAGCACGATGTGCTGGAGCAGCATGCCGGCGCGGGTGTAGTCGAAGCCCGCCAGATCCACCGTGTAGGTCTTGGTCTTGCCGATGTCGTGCAGCAGCGCGCCGGCGGTGACCAGCGTGACGTTGCCACCCATGGTCTGCGCGGAGGCGCGCGCGATGTCGGCGACTTCGCAGGTGTGCAACAGCAGTCCGCCCACGAGCGCATGGTGGCCACGCGTCGCGCCCGGCGTACGGGCGAACTCGGCGCGGAACGATTCGTCGGCGAAGAAGAGATCGACCGCGCGCCGCAGGGGCCCGTGCATCTCGGCGCGCCAGGCGTCGATCTTGGCCCAGAGCCGTTCCTCGGGTACGGTGATCCGCGGCAGGAACTGCTCGATGTCGGCGCCGCCCATCGGGACGACACGCGGCGGCGCGGTGAGCTTGAGCTGCCGCCGCCCCGCGTACTCCTCGACGACGCCGATGACCTGCACGACCTGACCGGGCCGCACGCCCTGCACCTGCGGCACCATCTCCTTCCACACGTTGGCGCCGAGTACGCCGGTGGCGTTGCCGAGCTTGAGGGTCAGGAAGGGATCGCCAGCCTTGGTGACCTTGTCCTCGCGTTCGCGCACGAGCAGTTCGTGCTGCACGCGGTCACCGACCGCCAGCTTGGGAATCTCGAGGGGCGCCATTCAGGAAGCGTACACGATGTCGCCGTCCTCGGCGATACCGATTTCTTCCTTGTAGTCGCAAACCCCGCAGGTCTTGTTCGCGACCCAGA
CP130613.1_gap8	78695	82300	3605	CCTCGTCGTCGTCATCATCATAGGAGGAGGAACGGCCACCGCCATAACCCGCTTCTTCCTCGTCGTCTCCATCCGAGAACAGGCTATCGAAGAGCTCCCTGCCAGGCATCGTTGCCTCCTAAGTCCGAAAATTGGCCCTGCGTGATGACCGCTGAATACACTGGGCAACCCCCTCGCGTCAAGCCGGGTTCCCGGCCTGCGTGGCGGCCAGCGCCGGGGCCTCCGGCGATTCGACGGCGGCCTCCTCCGTCCGGGCCTGCCGGCGGCGCGCCAGGCCCCCGGAAAGGTCATCGAGAATCGTGTACACCGCGGGCACCACGAACAGGGTGAGCAGGGTGGAGGTGATCAGCCCGCCGATGACCGCGTGGGCCATCGGCGCGCGCTGCTCGGCCCCTTCGCCGATGGCGAGGGCGAGGGGCAGCATGCCGAAGATCATCGCGGCGGTGGTCATGACGATCGGCCGCAGGCGGATGCGTCCGGCTTCGAGGATGGCGGTGAGGCGATCCTTGCCCTCGCCGCGGGCCTGGTTCACGAAGTCGATGAGCAGGATGCCGTTCTTGGTCACCAGGCCCATGAGCATGATGATGCCGATCATCGACATGACGTTGATCGTGCCCTTCGTCCACCACAGGGCGAGCGAGACGCCGAGCAGGGAGAGCGGCAGCGAGAACATGATCGCCAGCGGCTGCAGGAAGCTGCCGAAGAGCGACGCGAGGATCAGATAGATGAAGATGACGGCGAGGACGATGGCTTCGAGGACGAAGCCCTTGGTCTCGTTGAGGTTCTGGACGTCGCCCGTGAACACCGTGCGGTAGCCGGCAGGCAGCACGAGCGAATCCAGCGCGGCGAGCGTGGCGTCGGCGACGTCGCCGACGGCATAGCCGGGCAGGACGCCGGCGGAGATGGAGATCTGCCGCTCGAGCTGGCGGCGTTCGATCTGCTGCGGTCCGACGCCGGCGCGCACGTCGGCGACCTGGTTGAGCGGGATGGCGACGGGGAGCCCACGCGCGTCGATGGCGGGTGCGGCGACGGGGATGTTCGCCACATCCTCGGCGGAGGCGCGCAGCGAGTCGGGGTAGACGACGCGCACGTCGTGCGAGTAGCCCTGCTCATCCTGCCAGCGCGTGGCGCGCGTGCCGGTGAAGAGCGGCTGCAGCGTGCCGGCGATGGCGCCGATGCCGAGGCCGGCCGCCCAGGCTTGCTGGCGGTCGACGCGGACGTCGAGCTGCGGGATGTCGCCTTCGTCGGACGAGAACGGCTCGGCCATGCCCGGCACGGCGCGCATGATCTCGTTGACCTCGCCGGCGATGAGCTTGAGGCGCGCCGGTTCGGGACCCTGCACGTTCACGACGATCGGCTGGCGATACCCACCGAAGATGGAGCGCGTGCCGTCGATGCTGGCGCGCGTGCCGCTGACGTTGCGCAGCTGCGGGCGCAGCGCGTTCTGGATCTCGGCCATCGAGCGCTCGCGGTCGTGCACCGGCTTGAGCTTGACGAAGAGCTGGCCGTTGGACACGCCGCCGCGGAAGCCCGAGCCCACCGTGAGGTAGGTGAACTCGACTTCGGGAATGCGGCGGATGATCGTGTCGAGCGACATCCCCTTGCCGACGGTGTACTCGACGCGCGCGCCGGGCGGCACACGGTACGAGACGTTGAACTCGCCGGCGTCGTAATCGGGCATCCAGGTGAAGCCGAGGCGGGCCGCGATGATCACGGCGATGACGACCGACACGCCGCCGCCGGCGAGCACCAGCCAGCGGTGCTTGAGCGAGGCGAGCAGCAGCGGCGGGTAGCGGTCGGCCATGCGCTCGAACCAGCCGTCGAAGGCGAGGGCGAGCCGGCGCACCGGACCGCTGTTGGCGCGGGCGACCGGATCGTGGTGCTCGGCCTCCGGATCGTGCCAGATGGACGAGAGCATCGGGTCGAGCGTGAAGCTCACGAACAGCGACACCGACACGGCGAACGCGACGGTCACGCCGAACTGGAAGAAGATCTTGCCGATCATGCCGCCCATGAAGGCGACGGGAATGAACACGGCGATCACGGCGAGCGTCGTCGCGAACACGGCGAGACCGATCTCGCTGGTGCCCTCGCGGGCGGCCGTGTAGTGGTCTTTGCCCATCGCGACGTGGCGCACGATGTTCTCGCGCACGACGATCGCGTCGTCGATGAGCAGGCCGATCGACAGCGACAGCGCGAGCAGCGTCATCGTGTTGAGCGTGAAGCCGAAGGCCCACATCGCGAAGAAGCTCGAGACGATGGCCACCGGGAGCGTGAGGCCGGTGATGACGGTCGAGCGCCACGACGCGAGGAAGAAGTAGATGATGAGCACCGTGAGGATCGCGCCGAGCACGAGCGTGAGCTCCACGTCCCAGAGCGCCTCGCGGATCTTCGCGGAGTCGTCGCGGATGATGGTGAGCTTGATGTCCTCGGGCAGCTGCCGCTGCAGCTCGGCGACGACGACCTGCACCTGGTCGGCGACGTCCACGGTATTGGCGCCGCTGATCTTGAGCACGTCGAGGGACAGCGCGGGGTCCGTGCCCATGAACGAGGCCGAGCGCGCTTCGGCGACGCCGTCCCGCACGGAGGCGACATCCCGCACGCGCACCGGCGCGCCGTTGCGCACGGCGACGGTGACGTCGCGGAAGGCCATCGGGTCGACGATGCGGCCCGTGACGCGCACGAGCCGTTCGGAGTCGCCGCGCTGGATGCGGCCGGCGGGCACTTCCTGGTTCTCGCGTTCGAGCGCCGCAACGACGTTGGCCGGCGAGAGGCCGTAGGCGCGCAGCGCGTTCGGGTCCAGCTCGACACGGATCTCGCGCGTGGCGCCGCCGACCAAGGTGACGCCGCCGACGCCCGGAATGGCCTCGATGCGCGGCTTGATGACCTCGCGGCCGAGGTCGGTGACCTCGCGCATCGGCCGCGCCTCCGACTGCAGCGCGATGCTCATGATCGGCCGGTCGTTGGGGTCGAAGCGGATGATGACGGGCTCTTCGATGTCGCGCGGCAACTGGCGGCGGATGCGGCCGATCTTGCCCTGCACCTCGGGCTGCATCTTCTGCACGTCGACGCCGAGGTTGAACTGCAGGCGCACCAGCGAGGCGCCTTCCGTACTGGTGGAGCTGATCTCCTTCAGGCCCTCGGTGGTGTTGAGCGCTTCCTCGAGCGGCTTGGAGACTTCGCGTTCGACCACGTCCGGCGAGGCGCCGGGATACACCGTCTGCGCGATGATCACGGGATACGTGACGTCGGGATACTCGTCGACGGAGAGGCGCGCGAACCCCACCGCGCCGATGACGACGAGCGCGACCATCATCATGGTCGCGAAGACCGGACGCTTGATGGAGATGTCGGAGAGGAACATCAGCGCGCTCCCACGGCGGCGGGCTGCTCGCCGCCGATCAGTTGGACCTGCATGCCGGCCCCGAGCATGCCGACGTTGCCGACGACCACCTGGTCACCGGCTGCGAGGCCGTCGAGCACCTGTACGACGCCGCGGCCTTCGTCGACCACGCCGAGCTTCACGACGGCGCGTTCGAGCACGCCGCCCTTGAGGCGCCACACGAAGGGCGCGGCGCCGGCACCCGCGGCGGGCTGGCGGACGG
CP130613.1_gap9	84230	87204	2974	AGCGCCGCGGCCTGCTCGGCGCGAGACGCCGCCTGTGCAGCCGCGAACACGCGACCCCCCTGGAACACGGCCTGCTGGAGATTGAGGTTCGCCGTGTAGACGTAGTTCTGGTTGAACACCGCGCCGACGATGGCCGCGCGGGCGTTCTTGAGGACCTGTTGGTTGGAGCCGCTGAGGCGCAGCTGCGGCAGGCCGGCGGCGCGCGCCGAGAGGACGGCGGCATCGGCGAGCTCGAGCTGCGCGTCGGCAATGCGCGACTCGTCGGAGGCGCGGAGCACGCGCGCGACGGCGTCCTCCACCGTGAGGCGAAGCGTGTCGGAGGCTTGTTGCGCCCCGAGCGGCTGTGCGAAGACGGCAACGGCGGCGACCCAGCGAAGGGCGCCGCGGAAAGTCAGGGATTGCATCGTCTACGATGTACGCGCAGTGCGGCCCGTCCGTTCACGACGGACCGCCGCGCGTCAGGCCGGTTCGGGGTCGAGGAACGAGAGCGTCTTCCGGCGGGTCACGATGGCGCGCAGGGCGGCAAAGACCTTGGGGTCGAGCAAGGTCCCGCTCCGCTCCTCGAGGAAGGCGATGGCGTCGGGCGGGGTCATCGGTTCGCGCCAGGCCCGGACGGACGTCAGCGCATCGTAGGTATCGGCGGCGGCGAGGATGCGTCCGCCGAGGGAGATCCGCTCGCCGGAAAGGCCGGCCGGATACCCGGAGCCGTCGAAGTGCTCGTGATGGTGTCGCACGGGGTCGAGCGTCGCGGCGAGCGGCTTGATCGCGGACAGGATCTCGACCCCGATCGTCACGTGACTCTTCACATGCTCGAACTCGTCGGCGCTGAGGGCGCCGGGCTTGTTGAGCACGGACTCGCGGATGCCGATCTTGCCGACGTCCATGACGCGCGCCGCCATGCGGATCGCATCGACGTCATCGTCGGTAAGGCCGAGCGCGGAGGCGATGGATCCGGCGAGATCGGCGACGCGGTCGGAGTGGCCGCGGAGGAATGGGTCCTTCGCTTCCTGCGCGCGGACCAGCGCCTGCACGGTCTCGATGACCATCGAGTGCAGGCGTTGGCGCTCGTGGCGCAGCTCCTCGGTCTGCGCGGCGACTTCCTCGCGGATCAGGCGCTCGACCTTGCGCTGCTCGATGGCGAGGGCGCGCTTGTGCAGTGCACGCTCGAGCGCCGTCGCGAGATCGCCGAGCTCGACGGGCTTCATGAGGTAGTCCATCGCCCCCATGCCCAACGCCTCGGTGGCGGTGGGCGCGTCGTTCACGGCCGTGAGCATGATGATGGCGAGGTCCGGATCGAGCCCGTGCGCCTTGGGCACCAGCTCGAGTCCCGTCATCTCCGGCATGCGGATGTCGGAGAGCATCGCGACGAATCGTTCCTGCTGCAGGGCCGTGAGCGCGGCGGCGCCGGACTCCGCGGTGGTGACGTCGAATCCGCGCGCGCGCAGGAAGCGCGCGAGCGACGTGCGAATCACCTCTTCGTCGTCGACCACGAGGACGTGCCGCGCGGACGGCTCGACCACGGCGCGCATCGCCGTGGTGAGTCTGCCGGGAGTAGCGGATCGCGGAGCCGTCATGCCACGTGGGAGAAGGGGACGCGCAGAATGTGCGACGATGTGCGAGGGAAATCCACTATGGAACGCATCGACCGCGGTGCGCGCTGCTTGTAGGGCTCGCGTCGCTGCGGCTGACTGCCCGCGTTCGCGCGCGGCTCCGGGCTACACCCGGCTCACGAAGCGACCGCTGAAATGCAGTTAATGGCTCGTTACTGACTTCTAACTGGCGCCATACCGTCTGCTTCTCGCACCGCGGCATCGATATCTACCGCGTGATCCACGTACTCCTGCAACCCCTTCGCGCGCTCGCTGGCCAACGCACGCCGCAGGCGGCCCGCGTAGTCCGCGAAGGCCGCGGTGTCGGTGCGCAGTCCTGCGGCCCGCATGCCGAGAATCAGCCCGAGGAGGTGCGTCGGTTGCGCGGCGAGAATCGTGTCGGACTGTGCGGCCGCCAGCGAGCCATCACCGGTGAACACGCCGAGGAGGCCAAGGTCGTAGCGCCCGTGGGCGTCGAGTGGCTGCAGGGCCTCGAAGGCTTGGATCGCCATCGGGGCGAAGAACTGCACCGAGTCGCCTTCCCCGCGCGACGCGAGGCGCATGACGCGATCGAACAGGCGGTCGGCGCGCTCCTGCGGCGACATCGAGGTGATGTCGACCGCGCGGCTTCCGGTCGCCGCGGCTGGAGGGGCGGCGGTCGCCGCCGCACTCCCCGAGCCGCCGAACTTCTGCCCGGCGATGAACGCCACGAGCGCGAGTACGGAGATGCCGGCGATGGCCCACGGCAGCAGGGCGGCCGGTCGCGCCGCTCCCGCTGCGCCCGCGCCCGTCGCCGTGTCCGCCGCGCCGCCCTCCCGCGGGGCGCCGCAGCGATGACAGAACTTGCCGCGCTCGCCGAGCGCCGCTCCACAGTGTGCGCAGTGCTTTGCCATGCGCAGAAAGCTAAACGCCCCCGTGGCGCAACGATGGCGCGGCAATGGCGCGCGCGCCCTCGGAGGACGGATATTACCCGGATGCCCAAGCCCTCGACCGTCCCCGCCGACCTCAGCGGCGCGACCGCCAAGGACATTCTCGCCCTCGCGGAGTCGCAGGGGGTGCGATTCCTGCGCCTGCAGTTCACCGACATCCTCGGCATCAACAAGAACGTCGAGGTGCCGGCGTCGCAATTCCCGAAGGCGCTGGCGGGCGACATGCTCTTCGACGGCTCGTCGATCGAGGGATTCGTGCGCGTCGAGGAGTCGGATATGCTGCTCAAGCCCGACTTCTCGACCTTCCGCGTGTTTCCCTGGGGCGATCCGCAGCAGCGCGTCGCGCGCGTGATCTGCGACGTGACGATGTTCGACGGCTCGCCGTTCGCCGGCGATCCGCGGCAGGTGCTCAAGCGCCAGGTGGCGCGCGCCGCCGAGATGGGCTTCGTGATGAAC
CP130613.1_gap10	91131	93831	2700	CAATGCGCAGTGCGGGCTGTCGGAAGACGAGCTGTACACCAGCATCGGGGCCATCCTCAAGTTCGCGCGCCGGCCGTACGCGCACGCCGTCGCCGCGATCCTCGCCGCCGCGCGCCAACGGGTCCGCCAGGCCGCTCGCCGCGCCGCGTGAAGATCTGCGTGTTGCAGCCGGACTACTCCACCTCCACGGTGGACTACCGGCACTACGATCCGCCGCGGGACCTCGCCGCGCTCGCGCCCGGCCACACGGTGCACCACGAGTTCCTGCACAAGCTCACGACGTACAAGCAGCTGCAGGCGCTCAAGCCGCAGGGCTTCGACATCTACGTGAACCTCTGCGAGGGCTATCTCGAGTGGGATGTCCCCAGCGTGGACGTGATCCACGCGCTCGAGCAGCTCGGGTTGCCCTACACCGGGCCGACGCCGCAGCTCTACGACCCGTCGAAGCCGCTCATGAAGTACGTCGCGCACTCGGCGGGCATCACCACGCCCCGTCATGTAGTGCTCGCGCCCGGCGACGATGCCGTCGCGGCAGTGGCGCGTGCCAGGCTCCGGTATCCGTTGTTCGTGAAGCCGGCGAAGGCGGGCGATTCGCTCGGCGTCGATGAGTCGGCGCGCATCGCGGACGCGGCGGCGCTTCAGGCGCAGGTGGCGCGTATCCAACCCGAGTACCCTGACCTGCTCGTCGAGGAGTTCATCGAGGGGCGGGAGTTCACGGTGCTCGTGATCGGCGATCCGGAGGGCCATGGGCGCAGCACGGCGCTCACGCCGGTGGAGTATCGCTTTCCCGAGGGGCGGAGCTACAAGAGCTACGCGCTCAAGACCAGCGAGTTGCACCCGGACGCGAACGTGCCGGTGCGCGACGAGCCACTGGCGTCGCAGCTCAAGGACGCCGCGCGCACGGTGTTCCGCAGCTTCGACGCGACGGGCTATGCGCGCATGGACTTCCGCATGGATGCGGCGGGCCGGCTGTACTTCCTCGAGATCAACTTCACCTGCAGCGTGTTCTACCCCGAGGGATGGGAAGGCTCGGCGGACCACATCCTCAGGCTCGACGGATTGGGGCAGGCGGGATTCCTCGAGCGCATCATCGCCGAAGGCCGGGCGCGGCACGCGCGCCGGCGGAAGGCATACGCGATGCGCGGCGACGCCATCGCCGGCTACGGCATCGTCGCGACGCGAGACCTCGCGGCCGGTGAGGTGATCTTCCGCGGGGAGGAGCGTCCGTTCCGGCTGGTGACGCGGCGCCACGTGGAGACGCGCTGGAGCGCCAGCGAGCAGGAGCTGTTCCGCCGCTACGCCTACCCGATGAGCGCCGAGGTGTACGCGATCTGGGACAGCGAACCGTCCGCATGGGCGCCGCAGAACCACTCCTGCGAGCCGAACACGGTGTATCTCGGGTTGGACGTGGTCGCCGCGCGGGCAGTCAGCGCGGGCGAGGAGTTGACGCTCGACTACGCGCAGTTCCTCGACACCGCGGCGGAGCCGTTCGAGTGCGCCTGCGGCGCCGCGCGCTGCCGCGGCCTCGTGACGGGGACCGCCGGCAACTCGGTGACCGCACGCGAGGCCGCCGCGCGCTCACCACTCTCGGCCTAGCGTCCGATGGCGGACGGCGCGCTGGCGAAGTTGCGCGAGATCTGCCTCGCGCTGCCCGGCGCGACGGAAGTGCCCGCGTGGGAGACCTCCACGTTCCGCGTCGGCAAGATCTTCGCGATGTATGCGCAGCCGAGCGACAGCAAGCACAGCGGCGGGCGACCCGGCGTGTGGCTCAAGGTCGCGCCGGGGGTGCAATCGCTGATGCTCGCCGACCGACCGGATCGCTTCTACTTCCCGCCGTATGTGGGCAAGAGTGGGTGGATCGGCGTGTGGCTCGACAAGCGCGTGAGTTGGAAGGAGGTGGCGCTGCTCGTCGAGGAGAGCTGGCGGCTCATGGCACCGGCGAAGCTCCGCAAGGCGTACGACGATCCCACACGCACGAAGGGCCGCGCGAGGTAGCGCGGCCCTTCGTGTCTGCGCCCGACGCGGGCTCAGCGTCCGGCGTCGAGGTCGTTCCAGTGCAGGATGGCGTTGAAGCCGAGGAAGAACGTGCCGTGCGTCTGCCAGCGCCAGAAGGGGCGGATGCCGAACATGACGACGTGGCCGTCGCCGATCGGCGCGTCGACGACCTGCGCGCGATTGGCGAGCGCCTGTCCGCCGGCGAGCGTGCCGGAGAGCAGCATCTCGGCGGGGTTCGCGGGGAAGCTCAGCACGGCGCGCGGCCGCGTGTCGCGCATGGCGGGACGCGGAGCCGCCGCCGTCGCGGCGTTGGCGCCGGCCGCAGCGCCGCCGGCCGCAGCGCCGCTCGCGGCACCACCACGTGCACCGCCCGCGGCCGCGCCTCCACGTCCAGCGGCGGCGGGAGCCGCTGCCGCGTCGGCCGGCGCGATGCCTTCGATGGCGTTCCAGTCCCACGAGGAGACCGTCACGCGCGTAGCCATCGGCGTGGTGTTCTGCTGCTGGCTGTTGCCGGCCGCTCCGCCGAAGCCGCCGCCGCCGCCCGGCGTGGCGCCCTGCACGGCGAGTACCGGCGCTTGGCTGAAGTACACCGGTACCTTCGCGTTGAAGCCGTAGGCGATGGGGCTGCGGCGATCGGTGACGATGCCGCGGTACACCGAGCCACGCGCGAAGAGCGAGTCCGGCTCCTCGACCGTGATGCCCGTG
CP130613.1_gap11	164960	168580	3620	CGGGTGCGCGCCGTGCTCACCGACAACGGGAGCTGCTATCGCAGCCACGCGGTGCGCACGCTCCTCCGCTGCGACGGCATCACGCACAAGCGCACCATGCCCTACACGCCGCGCACGAACGGCAAGGTCGAGCGGCTGATCCAGACGCTCCTGCGGGAATGGGCGTACGCGCGCCCCTACCCCTCCTCGCGGGTGCGCACGGAGTGGCTCGCGCGCTACCTGCGGACGTACAATGAGGCGCGCGGACACTCAGCCCTCAACTACCTCCCCCCCATGCTGCATCTCGCTGCGGCCCTGTGAACAACGTCCTCACTAACAACAGCTAGAGCACACCCTTCACCGGCAGCGCGGTGCCGCAGGCCTTGCAGAACACGGCATCGAGGTCGTGCCCGTCGCGTCCGCAGCGCGGGCAGGTGACCGCCCGCGGCACACGCCCCGCGCGCTGCAGCTCCATGGTGACGATGCCCGTGGGCACGGCGATGATGCCGTAGCCGAGGATCATGAGCGCGCTCGCGAGCAGGCGGCCGAACGGCGTGCCCGGCGAAATGTCGCCGTAGCCGACGGTGGTCATCGTGACGATCGCCCAGTACATCGCGGTGGGGATGCTCGTGAAGCCGTGCTCGGGGCCTTCAATGAGGTACATCAGCGAACCGACCACGCTCACCGCGGTGACGATCGTGAACATGAAGACGACGATCTTGTAGCGCGCCGCCACCAGCGCCTGCGTGAGCATGCTGGCTTCGGCCACATACTGCGTGAGCTTGAGGATGCGGAAGATGCGCAGCACGCGGATGATGCGGATCACGCCGAGGAAGCGGCTCTCGGGCAACACGAGCGCGATCCAGGTGGGCAGCACGGCGAGGAGGTCGATCACGCCGTAGAAGCTCTTCGCGTAGCGCAGGCGGTCGGCGGCGCACCAGAGGCGCGTCACGTACTCGGCGGTGAAGAGCAGCGTGAACAGCCACTCGAACACATAGAGCACGCGGTGGGCGAGCGGCGGCAGCCCGGGCATGCTGTCGAGCAGCATCGTGATGACGCTGCCGAGGATGGCGACGATGAGTGCGACGTCGAAGGCGCGGCCGGCGCGGGTGTCGTGATCGAAGATCACGCGGCGCCAGAAGGTGCGGGGGTCCATCGCGCGCGTTTCGCTCATGGGACGATGACCTGGAAGCCCATGCCGTGGGCGGCGGTGGCGAGGCGGCGGTCGTAGGTGGCGAGGGGCATCCCGTGACCGGTTCGGTGCAGATGCTCGAGTGTCGCCAGGTGAATCGCGTCGAGGGTGCGGACGCCGGCAGGCGGCCGTGTGTAGAGCAGGCTGAGAGACGCGGCACTCATCTCGATAAACTGCATGTGCGCCAGTACCGCGTCGACGTCCTCGACAGACCCGCGAGGCGCTCGCCCAGCGACTCGTACGCGGACCTCGAGGTCAGCGAGCCGACTTGCGAATCGTGGGCCGAGCCAGAATCGGTCATCCGGTCTTCGGGCTTCCGCGAACACCGTGGCGAGCACCACGGAAGAGTCCACGTACATCTAGAAGCGATCCTCGCGGCTCTCGTCGAGGTCACGAAGAATTTCTTCAAGGGGCACGAGTGGATAGTCGCGCTTCAATTCGAGCGGCGTCCCTGGTGGAACCTTCGAGGGCGTGATATGCCCCAACCGCACCTGCTCGGCGAACCAGGGATCGTCCATCAGGGGATGATCGACATGCTTCGGTGCGCGGAGTTCAGCGACCACCTGTCCTCGATCCGTGATGGCGATAACCTCGCCTGCCTTCGCGAGGCGGATGTACTCGCTCAGCTTGTTCTTCAGCTCCTTGATGCCGACAGTCTTCATGCTTTCAAGGTAGCTACTAGTAGCTACCTTGGCAAACCCGTCGCCCTCACCCTCGGCGCGATCAATCATGCGCCACACTACACCCAGCGGCGGCACCAGCCGCAATCATTACATTCTGCCGATGCGCCCAATCGCCCTCCTCGCCGCGCTCCTCCTGCCCGCCGCCCTCACCGCGCAGGCCTCCGTGGAGCCCGCCAGCCCGCCGCGGTTGCTGCCGATGCCGCGCGAGATTGTCCGCTTCGACGGCAGTGCGCTGTTCCGCGCGCCGATCTCGATCGCACCGGGCTCCGAGCGCGCGGACATCGAAGCCGCCGAGGACTTCGCCGCCGCCATGCGCGAACGCGGCTTCCAGGCCGCCCTGCACGCGACCTCCCGCGGCTGGCACGTGACGATGCTGCGCAATGGCTCCGAGCAGGCGCGCCGCGTGCTCGCCCAGCTCTCGCTCCGCTTCGAGGCCCCGATGCGCGAGGAAGGCTACATCCTCGTCACCGACACCACGGGCGCGACGCTCATCGCCGAAACGGCGGCGGGCGCCTTCTATGGATTGCAGACGCTCAAGCAGCTCTTCGTGGGCGCGGGCACGAGCGCGCGCCTGCACCGCGTAACCATCCGGGATTGGCCAGCTATGCGCTGGCGCGGCGCGCAGGACGATATCTCGCGCGGGCCGATGCCCACAATCGAGTACCAGAAGCGTCAGGTGCGGCTGCTCGCGAGCTACAAGGTGAACGCGTTCACGCTGTACTTCGAGCACACGCTGCAGTTCGCCTCGCAGCCGGTGATTGCGCCGCCGGGCGGGTCGATGAGCCGCGAGGACGTAGCCGAGCTGGTGGCTTACGCGAAGCGCTATCACGTGACGGTGATCCCGCAGCAGCAGACCTTCGGGCACCTGCATCACGCGCTCAAGCTGGAGCTCTACGCGGACCTAGCCGAGACGCCGCATGGGCACGTGCTCGCACCGGGCCAGCCGGGCACACTGCAGTTCACGCGCGGGATCTTCGCCGAGATCGATTCGATGTTCCCGTCGCCGTTCGTGCACTTGGGCGCCGACGAGACCTTCGAGCTGGGCGCCGGCCGCACGAAGCCGATGGTCGCGGACTCCGGACTGGGGCGCGTGTACATCAACTATCTGCGCGACATCGTGAACACGGTGCGCAAGCCGGACAAGCGCTACCTGTTCTGGGGCGACATCGCGATGAACTCGCCGGAGCTGGTGAACCGGCTGCCGAAGGATCTCATCGCGGTGGGCTGGGACTACTGGTCACGCAACAACTTCGACCGCTATCTCAAGCCCTTCCGCGACGCGGGCATGGAAACCTGGGTGGCGCCGGGCGTGAGCAACTGGAACGGCGTCTACCCCAACAGCAACACGGCGCTGCCGAACATCCAGGGCTTCATTCGCGACGGGCAGCGTGCCGGTGCGACGGGTGTCATCAACACCACCTGGGACGACTGGGGCGACGCGATCTTCGAGCAGGTGTGGTACGGGCTGGTGTTCGGCGCGGCGGCGTCGTGGCAGAGCGGGGAGTCGAGCATCCCGGCGTTCCAGGCGTCCTACGGTCTCAACTTCCACGGCGATACGCTCGGTGCGATCGACGCGGCGCAGCGGCATCTGATGGCCGCGCACGCAGCGCTGCAGCGCTCAGGCGCCGGCGATGCGGGTTCGTACCTGTTCTTCCTCGATCCGTGGAGTGACGAAGGTGTGATCGAGACGCTCCGCCTGCGTCCGCACATCGCGCAGGTGCGCATCCACGCGGAGAGCGCGCTGGTGCAGATCGCGCAGGCCCGCA
CP130613.1_gap12	170546	174686	4140	GAAGTTCATCAACGACACGACTGGCTTCGTGGATATCGACATCCACCCGACGAACCCGAACGTGCTGTTCGCGACGAGCTATCATCGCCTGCGCGGCCCGTACTTCCTGCAGTCGGGCGGTCGCGGCTCGGCCCTCTGGAAGTCCGAGGACGGCGGCGAGACCTGGACGGAAGTGCGCGGCGGCGGATTCCCGGCGACGATGAAGGGCCGCATGGAGATCGCGATCGCCCCGAGCGATGGCAACGTGATGTACGTGATGGTGGAAGCGGACACGAATCCGAATCCGCGTCCGACGGCTGGCGCTGCGGCGCAGAAGAGCCCGAGCGGCCTGTATCGCTCGGCGGACGGCGGCCGGACCTGGGAGAAGACGGCGGACGACAACGTGCGCCCCTTCTATTACAGCCAGGTGCGCGTGCACCCGACCAACCCGAACCGCGTGTGGTTCAGCTCCACGCCGGTGAAGGTGTCGGATGAGGGCGGCAAGAACGCCCGCAACGCGACGATCGGGCTGCACGTGGACCACCACGCGCAGTGGATCGACCCGAAGGATCCGGACCGCCACATCGTCGGCAACGACGGCGGCATCGGCATCACCTTCGACAACGGCGGCAACTACATCTTCCCGAACACCTTCGCGATCGGGCAGTTCTACAACATCTCGTTCGACATGGCCGTGCCGTACAACGTCTGCGGCGGCCTGCAGGACAACGGCTCGTGGTGCGGCCCGTCGCGCCGCCGCCAGGGGCCGATCACGAACGCGATGTGGTACACGTTCAACGGCGGTGACGGCTTCGTCACCAACCAGGACCCGACGAACCCGGACATCATCTACGGGACCTCGCAGGGCGGCAACATGGCGCGGTTCATCGTCTCGACGGGCACGAGCACGCGCCTGCAGAAGCCGAACTACCGCGAGCGTTACATGAAGTGGGAGGACTCGATCATGGTCGTGCGCGGCGACACGACGCGTCCGGCCTCGGCGGCGCTGCAGCGCACGATCGCCGGCCTGCGCGCGCAGCAGCGCACGGACTCGATCGCCGACAGCCCGCGCTGGAACTGGAACACGCCGTTCTTCCTCTCGCCGCACAACCCGAGCATCGTGTACATGGGCGCGAGCCGCGTGTACAAGTCGCTGCAGCGCGGCGACAACATGTTCCCGATCTCGGCGGACCTCTCGTACGCCGACACGATGAAGATTCGCGTGTCGACGCGCACGACGGGCGGTATCACGATCGACGCGACGGGCGCCGAGACCTTCGGCACGATCGTCTCGCTCAATGAGTCGCCGCTGGTGGCGGGCAAGCTGTACGCCGGCACCGACGACGGCCGCCTGTGGATGACGGAGAACGACGGCGGGACGTGGACGGAGCTCACGTCGCGCGTGCCGGGCGTCCCGGCGGGCACGTATGTGTCGCGCATCGAGCCGTCGCAGTTCGACGCGGGCCGCGTGTACGTGACGTACGACAACCATCGCCGCGGCGACTTCACGCCGTACGTGTTCGTCTCGGACGACAACGGCCGCACGTTCCGGAGCATCGCGAACAACCTGCCGAAGGGCGGACCGGACTTCGTGCACGTGATCCGCGAAGACGTGAAGAACCAGCACCTGCTCTTCGTGGGCACTGACGTCGGCGCGTATGTGTCGGGCGACCGCGGCGCGACGTGGCAGAAGTTCATGACCGGCCTGCCGAACGTGCCGGTGCACGACCTCAGGATCCATCCGCGCGACGCCGAGCTGATCGCCGGCACGCATGGCCGTTCGATCTGGATCGTGGACATCGCGCCGCTGCAGCAGATGGGCGGGGCGCTGTCGCAGACGGCGCATCTGTACGCGCCGCGTCCGGCGTTCCAGTACGGCGAGCGCCGCATGGAAGGCCACTCGACGGGCAACATGCTGTTCCAGGCGCCGAGCCCGCAGTACGGCGCGGACATCTGGTACCGCGTGGGCAAGAACGTGGGACCGGTGCGCATCGCGATCCTCGACGTGAACGGCGACACGCTGCAGACGCTCACGGGTCAGGGTCAGGCCGGCGTGCACAAGGTGACGTGGGGCTTCAACGGCCGCCCGGCGCCGCGTCCGGCGCTGCGCGGTGCGGCGCTGCGCGACTCCGTCCTGCAGGCGCGCCGTGTGGCCTTCGTGCTCGACTCGGTCGAGGCGGAGGGCAAGATCCCGGCGCCGGCGATCGCACAGTTGCGTCGTGCGCTGTCGCAGGGCGCGACGGGCATGCAGGCGATCGCGCGTCAGTTCGGCTTCGGCGGTGGCGGCGGTGGTGGCGGCGCGCAGCCTGGTGTGTGGCAGGATCGTCCGGCCGAGCAGTCGCCGCCGGCGGCGCGTCCGCAGGGTGGGGCGGGCGGACGTCCGGGCGGTGCGCCGGGTGCCGGTGCGCCGGGTGCCGGCGCGCAGGGCATGGGCGGCATCACGCAGGAAGACCTGTTCGCGATCATCCGCGCGGCCGGCATCATGGGCGGCGGCGGTGGCGGCTTCGGTGGCGGCGGTGCGCCGACGGCGGAGCCGGGTGACTACCGTGTGGCGATGACGATCGAGGGCCAGACCTACACGCAGACGCTGCGCGTGGAGCGGATGGCTGGCGGTGGCTCGAGCGGCTTCCCCTTCGAGGTCGAGGAGATGGAGAAGGCCTACACGCGCTGGCTGCGGACGCAGCGCTAAGCGTTACCGCAGGCGCAGGACCACAGGCGGGCCCTCGACAGCAGCATGGTCGAGGGCCCGTACTGCTAGGCGGTCGGTGGTGGCGTTGACGGTGATCTCGCGTGCGGCACCGCGGAGCACGGTGGATTCCCAGGTGCCGTCGCCGCGGCGGGTTTGGATCAACCACCAGCGCGGCGTATCGGGCTGCGGCGTGAGGCGCGCGACGAGCGTGCCGTTCGCGCCGGAGCGCAGCTCGACCTGCGGTTCGCCCTGGCGTACGACGCGCATCCACGGCGAGGCGGGCACGAGGGCGCGCGTGTCGTACACATGGCGCGAGAGGCGCGTGGCGAGCGAGTCGCGGTCCTCGAGGAACACCTTCGCGCTGAAGTGCACGTTGCCGCTGGCGCCGGCCTCGGCGCGCGTCACGCGGATCTGGTGCTCGATCTCGTTGGTGCGCCACGCCGTGCGCGAGGGCTCGCCGACCTTGCTCGTGAAGTTGCCCGGCCAGAGGTGACGGCCGAAGGCGTTCTGCTCGCTCCACCAGCGCAGCAGCACGGGATACTCCTGGCCGCGCTGCTGCACGGGCCAGTAGAGCTGCGGCGAGAAGTAGTCGAGCCAGCCTTCCTGCAGCCACTTGCGTGCGTCGGCGTAGAGCTCGCTGTAGGCATCGAAGCCCACGACCTGCTCGGGGAAGCCCGGGCGCCAGATGCCGAACGGCGAGACGCCGAACTTCACCCAAGGCTTCTCGGCGTGGATGCGCGTGTACAGCTCCTCGACGAGGCCGTTCACGTTCTCACGGCGCCAGTCGTCGTGGTTGAGCGTGCCGCCGCTGCGTTGGTAGCGCTGGAAGCTGCGGTCGTCGGGGAACGGGATCGTGCGGCCGGCGCGATCGCGCTCCTTGTACGGATAGAAGTAGTCGTCGATGTGGACGCCGTCGATGTCGTAGCGCTTCACGACGTCGAGGATGACGCGCACGGTGTGGGCGCGCACGGCGGGCTCGCCGGGATCCATCCACTCCTGCCGCCCGTACTGCCGCACGAGCGAGGGCCGCGCGAGCCGCATGTGGCCGCGTGAGTGCGGACCCTTGGCGCTGGTGTGCCGCGCGCGATACGGATTGAACCACGCATGCAGCTCGAGGCCGCGCTTGTGGGCTTCGTCGACGGCGAAGCGCAGCGGATCCCACCAGGGGCGCGGCGCGACGCCTTCCTGGCCGGTGAGGAACTCCGACCAGGGTTCGATCTCGCTGGCGTAGAGTGCGTCGCCCTGCGGGCGCACCTGGAAGATGACGGCGTTGAGGCCGCTGGCCTGCGCGCGGTCGAGCAGGCGGGTCAGCTCGCGGCGTGCGGAGTCGGGCGGCAGGCCGGGGCGTGAGGGCCAGTCGATGTTGCCGACGGAAGCGATCCATAGCCCGCGGAACTCGCGGGCGACGGGCGGCGGGACGCAGCTCGCATCCTCTTGCTCACAGCGCTCCTGCGCCGCGACGGGCGCGGCGA
CP130613.1_gap13	198677	200439	1762	CCCGACGACGCTCTTCGAGGATCACGTGGACAACGCCGTCGTCGACGCGATGCTCGAAGGCGCCGACCGCGGTGACCGGCTGGGGTATGCTTGGCACGAGCTTCCGGTTGCGCGCGTGCTGAAGGGCTGGAGCTGGCTGCGGGAACGCACGGGCGGTGTGGGCCCGATTCCCGAAGGCATGGCAGCGGCTGCGGCGCTGCGCAACCGCGGCTACAACGCGCGACACGACGCACTCAGCGCGGAGGTCCTGCGCCGCGCCGAGGCGTGGCGCGCGGCGCAGGGATATCCGCCTCCGTACTGGGCGCTGGTGGCGTTGGCGCGCGAGGCGGTGGCTGCCTCGCGCTAGGCGGGCAGCACCTCGAATACGCCCGCGGCTCCCATGCCGCCGCCGATGCACATCGTCACCATGCCGAGCCCGCCGCCGCGGCGACCCAGCTCGTGCACCAACTGCACGGTGAGCTTCGCGCCCGTCGCACCGAGCGGATGCCCGAGCGCGATGGCGCCACCGTTCACGTTGATCCGCGTGGTGTCCATCTCAAGGTCCTTGATGACCGCCAGCGCCTGCGCGGCGAAGGCCTCGTTGAACTCGATGAGCTTGATGTCGCCGAGTGCGAGGCCGGCACGGGCCAGCGCCTTCGGCACGGCCTTCACGGGACCGATGCCCATGACATCGGGATCGACGCCGGCCGTGGCGAAGGTGATGAACTTCGCGAGCGGCTTGAGTCCGAGCGCCTTGGCCTTCTCGGCGCTCATCATGAGCACCGCCGCTGCACCATCGCTGAGCGGGGACGCGTTGCCCGCCGTAACGCTGCCGCCGGGCTTGAAGGCGGGTGGCAACTTGGCGAGGCCTTCGAGCGTGGTGCTGCCGCGCACGAGCTCGTCGGTGGCGAAGGCGACCGTGGTGCGCTCGGCCTTTGCGCCCTTCCACGTCACGCGTTCCACGTCGATCGGCACGATCTCGTTTGCGAAGACGCCGCGCTTCCACGCGTCGGCGGCCTTCTGCTGGGACGAAAGCGCGAACTGATCCTGCATCTCGCGCGTGATGCCCCAGCGCTTGGCCACGCGCTCGGCCGTGAAGCCCATGCCGATGTTCTCTTCCGTCAGTTCCGGATGCAGGCGCGTGTGGAAGCCGCTCATCGGCACGGCGCTCATCATCTCCACGCCGCCGGCGATGATGACGTCGTTCATCCCGCTCAGGATGGCCTGCGCGCCGAGCGCGACGCTCTGCAGGCCGGAGGAGCAGAAGCGGTTGATGGTCATCGCGCTGACATCGACCGGGAACCCCGCGCGCAGCACGGCAAGGCGCGCGACGTTGAGGCCTTGGCCGGCCTCGGGCATGGCGCAGCCCCAGATCACGTCATCGACGTGCTTGGGGTCGAGCTTCACCTTCTCAACGACCGCCTTGAGCACGGCGGAGGAGAGATCGATCGGATGCACGCTGGCCAGCGATCCGTCCTTCTTGCCACGAGCGACGGCCGTACGGACGGCGCTCACGATCACGACTTCGTTCTTCATATGATCTCCGTGTGAGCGCCGCTCAGTTGCGCAGCGGCTTGCCGGTGGTGAGGGTGTGCGCGATGCGGGCCTGCGTCTCCTTGGTGCCGAGGAGGCGGAGGAAGGCGTCGCGCTCGAGGTCGAGCAGGTCCTGCTCGGTGACCTCGCGCGGCGGTCCGTCGCCACCGGCGAGGATCACCGCGACCTCGTGGCCGATGCGGAGGTCGTGGTCGCTGGCCTGGCCTGCTTCCTTGAACGACCAGAGCGC
CP130613.1_gap14	201763	203543	1780	GTGGTCTGCGAGAGCCCGGCGGTGACGTGCACGAGCACATCGAGGCCGGAGAGATCGCCGGTGCGGAAGGTGGCGGTCTTGGCACGGCCGATGAGGGCGCCCGTGAGCGTGTCGACCGCGGGGATCGAGAGCTCGTGCTTCACCATCAAGCGGCCGGCGACGACCATGCCATGCACGCCGAGTCGGTTGGCGACGAAACCGGGCACGTCCTTGGCGAGCACGATGCCCTTGCCGAGGATGCGCTCTTGGAAGTGGCGGATGCTGCTGAGCACCTCGTCATGCGTCTCGGGCGTGGGGATCAGCTCGAGGAGGTGCATGTACCGCGGCGGATTGAAGTAGTGCGTGCCGAGGAAGCGTTCGCGGAAGCGCTTGCTGCGACCCTCGAGCAAGATCGCCATCGGGATCCCCGAGGTATTCGAGGTCACGATGGCGTCGGGGGCGAGCGATTCCAACTTCGCGAAGAGTTCCTGCTTGGGCGCGGGCTTCTCGATGATCGCTTCGCAGATCCAGGAGCAGTCGGCGAGCAGCGCGAGGTGGTCGGCGGTGTTGCCGGTGGTGATGCGAGACGCGGCGCTGGCGTCCATGAAGGCGGCAGGCTTCGCCTTGCGTACCCGATCGAGCCCCTCGCGGGCGGGCTTGGAGCGGTCGGGGTGTGTGGGGTCGTCGTGGCCCGGGATGTCGAGCAGGACGACGGGGAGTCCGGCGGAGGCCGCGAGGGCGGCGATCCCGGCTCCCATGGCGCCGGCGCCGATGACGCCGACCTTGGTGATCCGCATTGCTGCTCCTACAGGAAAGGGTCTGCGGGGTGTGGCGCAGGGCGCCACGGCGGCCGTCGCAGGGCTCGGGCCGCCATACGGAATGTAGTAGTTGTCACTGGCTGGCGTTCGCGTCCGAGCCTACCTTGGGCGGGTGATCAAGTACCTCGGCTCCAAGCGGAAGCTCGTCCCGCGCATCGTGGGATTGGCGCAGGCGATTCCCGGGGCGCGGACGGCGTTGGACCTCTTCACGGGGACGACGCGCGTGGCGCAGGGACTCAAGCGCGCCGGCTTCATGGTGACCGCCAACGACCTCGCCAGCTACAGCGAGGTGTTGGCGCAGGCGTACATCGCGGCGGATGCGCGCGCGGTGGACGTGGCGGCCGTGGAGGCGATGTTGGCCGAGCTGAACGCGCTGCCGGGGGTGCGCGGGTACTTCACGCGCACGTTCTGCGAGGACGCGCGCTACGTGCAGCCGGCGAACGGCATGCGCGTCGATGCCATCCGCGGGCGCATCGAGACGATCACGGCGGATGCGACGGAGCGCGCGATCCTGCTGGCGGCGCTGTTGGAGGCGACGGACCGCGTGGATTCCACGACGGGCCTGCAGATGGCCTACCTGAAGCAGTGGTCGGCGCGGAGTCACCGGCCGCTGCGGCTGCGCCTGCCGATACTCCTGGACGGAGCAGGGCGCGCGTTGCGGCTTGACGCCCGCGAGGCGGTGACCCTGCTCGGCCAGTACGACGTGGCGTACCTGGATCCGCCGTATAACCAGCATTCCTACTATCGGAACTATCACGTGTGGGAAACCTTGGTGCGCGGGGATGCGCCGCCCGCTTACGGCGTGGCGCGCAAGCGCGAGGACTGCCGCACGACGCGCAGCGTGTTCAATGCACGGGCCGGCGCGGCGGAGCGCGCGCTCGGTGAGGTGCTCGCCGCGGTGCCGGCGCGGCATGTGATCCTCTCGTTCTCGGACGAAGGATTCGTGTCGTTGGATGCGCTGCGCGCGATGCTGCAGGCGCGCT
CP130613.1_gap15	208091	209829	1738	CAGCGGCGGCATCACAGACGGCTCGCGCGTGACGCTGGGCATCCCCGTCGGGCCGGTGACGACGACCTGGGAAATGGAACACGTCGGCTACGTGCAGGGCCGCGAGTTCCGCGATGTGCAGCGCTCGGGCCCGTTCGCGCACTGGGAGCACATCCACCGGATGGAGCCGCTCGGCGACTCCACGAGTGTGCTCGATGACCGCATCACGTATGCGCTGCCGTTGCCGCCCTTCGGCGACGTGGTCGCCGGCTGGTTCACGCGCGAGCGCCTCGAGCGCCTGCTGCAGTGGCGGCATGCACTGACCAAGCTCGACCTCGAGCGACACGCGCAGTTCGCCGCGCAGCCGCGGCTGCGCATCGCGGTCACGGGCGCCAGCGGATTCCTCGGCACATCGCTCTGCGCCTTTCTCACGACGGGCGGGCACAGCGTACTGCGCATCGGGCGCGGGCGCGGCAACGACGTGCACTGGGATCCGGCGCGCGGGCAGCTCGATGCGAGCGCCCTGGAGGGCGTGGACGCCGTGATCCACCTCGCGGGGTCGAGCGTGGCCGAGCGCTGGACGTCGGAGCACAAGCGCAGCATCCGCGAGAGCCGCGTGCAGTCGACGCGGTTGATCGCGCAGGCCATCGCGAAGCTCACGCGCAAGCCGCGCGTGCTGCTGAGCGGCTCGGCGATCGGCATCTATGGGTCGCGCGCCGACGAGGTCCTGGACGAGTCGTCGACGCTCGGCGACGACTTCCTGGCCGACGTGGGGCGCGAGTGGGAAGCCGAGACGCGCGCGGCGGAAGACGCGGGCGTGCGGGTGGTGCATCTGCGCACGGGCATCGTGCTCAACCCGGCGGGCGGCGCGCTGGCGAAGATGGTGACGCCGTTCCAGGCGGGCGTGGGCGGCAAGCTCGGCAGCGGTGCGCAGTGGATGAGTTGGATCAGCCGCGAGGATTGGATCGGCGCGGCGCATCACGCGCTGTTCACCGATACCGTGCGCGGTGCGGTGAATCTCGTGGGGCCGGAGCCGGTGACCGCCGCGACCTTCGCCGCGACCTTGGCGCGCGTGCTGGGGCGGCCGAACCTGTTTCCTGTGCCGGCGTTCGCGCTCAAGACGCTGTTCGGCGAGATGGCCGCGGGGACGATCCTCGCGAGCCAGCGCGTAATGCCGAAGGCGCTGCAGACGAGCGGATTCGCGTTCGCGCATCCGTCGCTGGCGACGGCGCTGCGGTTCGAACTGGGGCTGCTCTAGGTGTCGGTTCTAAAGAGGTTGTTCACTGAGGCATAACTGAGGAAGCTGGAGGTGCGAGCCACCCAACCTTCAGCCAGAGGCCTCAGTGAACATCCACAACAATGCGCGATTGACCGCCTGGGGGCGAGCCGAGCTCGTCCGCCGGGTGGTCCTCGACGGCGAGCCGGTGCGCGCCGTCGCCGCGGCCCTCCACATCAGCCCGAGCACGGCTTACAAGTGGCTGCGCCGCTTCGCGGCCGGGGGCTGGGCGGCGCTGGCCGACCGCTCCTCGCGCCCGCATCGCTCGCCGACCGCCACGCGGCCGGCGCTCATCGAGCGGATTCTCCGCCTGCGCGCGACGCGGCTCACCGGGCCGGAGATCGCGGAGCGGCTCGGGCTCGCGGTCTCGACCGTGGGCCGGGTCCTCACGCGCGCGGGCCAGGGCCGGCTGAAGGGCCCGGGGGCGACGGGCGGGCCGCGCTACCAGCGCGAGACGCCCGGCGAGCTCGTGCATGTCGACAC
CP130613.1_gap16	294130	296681	2551	ATGGACCGCCCCCGCCAACGTACGTCGCGAGCATAAACGGGCCTACCCTCGCGCGTAGCGGCAACATCTGTAGCTGGTCAGCGGCCACGAACATCCCGGATGCCGCGTTCCAGTGGAGCGTCGACGGCGCAGTCGTAAGCGCATCGCCGGAGATTCTCCTAAGCGTCCAATCCAGCTTTACTCTCTCGCTGCTCGTCAGCAACGGACAGGGCGCCAGCGCCTCGACTTCCATCTTCGTGAGTGTGGGTACCGAGAACGCAAACTGTGAGAGTCAGTAGCCGGATTCTCTTGCTCACGACGGGGGCAGCGCTCGGCTTTTCGTGCCGGGATCCAATGCCACCCGTTGGCACGGACGGCGACCCGCGCGTGTTATGGCGGGTACCGTCCGGCGCGGATGCAAGACCACACGAGCCTGTCGCGAATGCAGATGGCTCGATGGTCTACTTCCTGAACTCGGCGTATCGTTTGCAGAAGATTCGTGCGACGGACGGCCACGTCGTCTGGGATCGGTCAGGCGGGGTTCCACGACAGAACGGCGCGAGTTGGAATCTCGTGCGCAGCGCCCACGTGGTCGTGGCGCCCCGTGTGGACCTCTATGCGTTCGACACCACGTCCGGTCAACCGGCATGGACATACGTCGACCCAGAATTGGACGAGACCGGCTACAGCACAATTGCCGCCGATAGCCAAACCGTCTACGCTGCCTCCCGGCTCGGAAAAATCCACGCCGTTGCAGCGGGGTCTGGCACGGCGCGTTGGATTGTCGATTTGAAGACGGGGGAGGTCTCAGTCGGCGCACTGCGCCCGACGCTCCACCATAGCCTGCTGCTCGTCTGTTCGCGAACCCTCGACGGTCCGTCACGTGGGACTCTGTGGGCACTCAACACCGCCGATGGAAGCGTGAGGTGGCGTTACGACTTTCAGCCAGAGCTTCCCGGACAGGGCTCTGCATGTTTCGGACACGCGGCGTCGATGGGTGACGTCGCCATCCAGGCCCAGGAGGACGGCCGGGTCTTCGCCTTCGAGCTGTCCACTGGTGTAGTTCGATGGGTCGCACCGCGCGTGCATGACGTGACATCCGGCTTGGGCGACAGCCGGTACGCGGCGGCCGGCAGTGGTGTGTTCGTCGTGACGAGTATCGCTGACCGCGGCCTCGTCGTTGCCTACGATCCCGTGGATGGTCGAGAGATCTGGCGCTACACCGAGAACGGAGGGTCACCATCTCCGGCACTCATCGCCGACGGCAGCGTATGGGTGGACCACGGCTATCGCTACGCATCCTACGACGCGGCAACCGGTCGACTGCTGTGGCAGACGCCGGCGGTGTTCGGCGCCCCACCCACTGTCTATTCGGGTCGTCCGGTCGTTGGCGCGGACCGCATCTTCGTGGCCGGACGCGACGGCTCCTACGCGCTCGTCAAATAGGGGCAGGGTTGCATGAGGCCTCAGCGGCCGCGGTTACTCAGCTCCACCATGAGGCACTTGTCCTGCACCACGTCGATACCATTGCGCGCGAGTTCCTCCGCGACGCCGTCGTGACGAATGCCGAGCTGGAACCACACCGCACGCGGCCGCGCGGCGAGGAGGTCATCGAGGTGCTGCGGGATGTCCTGCGGCCGGCGAAACACGTTCACGAGGTCCACGCGGTCGTCGATGGCCCGCACGCTGCGCACGACGGGCTCGCCGAGGATCTCGGTAACCTCGGGGTAGTAGACGGGCACCGGGTGGATCTTGTAGCCGGCGCGCTGCGCGTACTCCGGCACGTAGAAGGCCGGTGCGCCGGAATCGGCGGTCTTGATGCCGAGCACGGCGATGCTGCGCACGCGGCCGAGGAGGTCGCCGATGGCGGCGTCGGAGGTCAGGAGGTGCTGCTGCCAGTCGGCCATGGTGGGGTGAAAATCAGAGGGGAAATCCGGTAGATTTGGAGGCTGTCCAGAAAGTACCTCCATCCGGGACCCCCACGATGCGGATGCTAGTTCTCGGCGCGGGCCTTCAGGGCTCCGCCTGTGCATACGACCTGCTGCAGAACGACGCGATCACCGAAGTGCGCCTGGCGGACAAATCCGTCGACCACCTGCCGAAGTTCCTCCAGCCCTACGTGGGCGGTGAGCGCCTGAAGCTCATCACGCTGGACGTGAAGGACGCCGCGGCCGTCGCCCAGGCGATGGCCGGCGTGAAGGCGGTGATGTGCGCGCTGCCGTACTACTTCAACAAGCCGATGACGGAGGCCGCGATCGCGGCCGGCGCGCACTTCTGCGACCTCGGCGGCAACACCGAGATCGTGCAGGACCAGAAGACGCTTGACGCGGCGGCGAAGGCGAAGGGCGTGACCGTCGTGCCCGATTGCGGGCTCGCGCCCGGCATGGTCAACATCCTCGCGCAGCTGGGCATCGACCGGCTCGACGAGACGCAGTCGGTGCGCATCTACGTGGGTGGCTTGCCGCAGGATCCCCAGGGTCCGCTCAAGTACCAGATCGTGTATTCCATCGAAGGCGTGCTGGACTACTACACGACGCTCAGCTGGATCGTGCGCGACAAGAAGCGCGTGCAG
CP130613.1_gap17	301881	304456	2575	GGACGGGCACCAGTTCACGGCGGCCGCCTTCTTGTACGCCAGGCCCTGCTTGTAGAGCTGCAGGAAGACCCACTGCGTCCACTTGTAGTAGTTCGGGTCGGTGGTATCCACCGACTTCGACCAATCGACCATCAGTCCGGCACGATCCAACTGGCGGCGGAAGTTCCGGATGTTGCTCGGGATGAGCTCCATCGGATGCCGCCCGACCTTCAGGGCGAAGTTCTCGGAGTGGATGCCGAAGGCGTCGTAGCCCAGCGGCTCGAAGACCGTGTGGCCTTGCAGGCGCTGGAAGCGTGCATAGATATCACAACCAGTGAACGCGAAGAGATTCCCGACGTGCAGGCCTTCGGCCGACGGGTAGGGGAACATCATCAACGCGTAGAACGGGCGCTCGCCGTGCGCGATGTCGGTGCGGTGCGTGCCACGCTCGGCCCACCGTTCGCGCCACCGTGCCTCAATCGCCGTCGGGTCGTACCCGATCGGCTCCGGAACCGATGCAGTCATCGTCTGTTGAAAGGAATCCCTTGAATCTAGCCCCCCCGGGAACGGCCTCCAACTCGCCGCCAGCCGCTCCGGAGCGGGTGCAGACGCACATCATCGACCGCCTGGCCGACTGGAGTGCCATCTTCGGCACGCTGGCGGTGGTGCTGTTGCTCGGGATGGGCTGGGGGAATCTCCGCGACGCAGCGACCGCCGGCTCGCTCTGGTGGCTGATCGCGCTGCTCGTCGCCGTCGCCGTCGCCGCCTCGGCGCTGGTGTTTCGGTTGATCATTTCGCCCATCGTCGGCAACCAGCTGCGTGGCCTGGCGGATGTGGCGGAAGCCATCGCCTCGGGTGACCTCACGCAGGCCCCGGATGCTGCCAACGCCGGCGGCCAGCTCGGCCGCCTCGGCCGCGCGATGGTCGACATGACGGCGACGCTGCGGCAGCTCGCCACCTTGATCCGCGAGAACGCCAGCGCGACGTCGACTCGAGCCGCGGAGATCACGGCCAGCACGGAGCACATGGCGCAGGCGGCGAGTGGCATCGCCGAAACGGCGAGCACGCTGAGCCATGAGTCGGCGCAGATGGCGGAGACGATCCGCGCGCTGAATGCCGACGCGGCCCGGCTCGCGGCGCTGGCGGCGGGCGTGTCCGGCGGCGCCGCCGATGGCTTGGCGCGCAACAATCGGCTGAAGACGCTGGCGACGGAGAACGCCGGCCTGCTTGACGAAAGCGCGCGACGCCTCGACGAGTTGGCGACGGATGTGCAGGAGGGCGCGCGCGCGACGGAAGCGCTGGCGCAGGCGTCGGACGAGATCCGCGCCTTCGTGGCGCTGGTGCAGAAGATCGCGCGGCAGTCGAAGCTGCTCGCCCTCAACGCGGCCATGGAAGCGGCGCGGGCCGGCGAGCACGGCGAGGGCTTCACCGTCGTCGCCAACGAAGTGCGGCGGTTGGCGCAGGGTACCGCCGAGGCCGCGGAGAAGACGGATCAGCTCATGAAGGCGCTGATCGCGCAGATGGAGACGGCAGGGGCCACCGGCCTGCGGGCGCGTGGCGCGGTGGAGGCCGTACGCGGCGCGACGGCGCGCGGGCGGCAGGCGTTCACGCAGGTCGAGCGCGCGGTCGCCGACGGCGAGCAGTGGGTGTCGGCGATGGCGTCCTCAGCCGGAGCCGGGCAGTCGCTCGCGAAGGAGATCACCGAGAAGCTCTCGTCGCTGTCGCAGGGGACGCAGGCATTCGCCGATTCGATGCAGGACGTGGCGGCGGCCAGCGAGGAACAGAGCGCGAGCACCGAGGAGATCGCGGCGGTGGCGAACTCGTTGGTCGCGGCGGCGGAAGGGGTGGCGGGGACGGCGAACCGGTTTAGGACGCAGTCGTAGGGTTTTGCGCTGAACTGCAGTTACGAGTTGGGAGTTGGGAGTTGGGAGAGAACGACTCGACTGATTCCGCTCCCAACTCACCACTCACTACTTCCAACTGCCGTTCATCGCGGCCGCTCACTCCGCCGATACAGGAACGCGCAGTCTTCGGTGCGTGCGCCCCGCTCGTCACACACGGCGAAGTCCGAGCCCTCGTACAGCGACGCGCCGGCATAGCGGCCGTCCTTGTGCACCACATAGAACTGCAGGTCGAACTTCGGCCGGCCGCGGTCGTCGAGCAGGCGGCGTTCCGTCATCGCCACCACGCGCTCCAGCGTGCGCAGCGCCGCGTCGCGCGGCGAGAGGCCGTTGCGCATGAACTCGACGATCTGATACGACGCGCAGGTCTTGATGTTCGCCTCGCCGCGGCCCGTCGAGCCGGCGGCCCCGACCGTGTTGTCGCAATACTGCCCCGCGCCGACGATCGGGGAGTCGCCGATGCGGCCGGGGACCTTCCACGCCATGCCGCTGGTCGTCGTCACGGAGCTGAGGTCGCCGGCGGCGTTCACGGCGTTCATGTTGATCGTGCCGGTCGTGAACTTGATGGCGACGTCGCCATCGTAGTCGAGGAAGCTGTCGTTCGGATTCAGCCGGGCGCGCCAGCGCAGCCACTCCTGCCTCGTCTTCTCGGTGAGCAGGTTCTGCGTCCGGAATCCCATCTCGATGGCAAAACG
CP130613.1_gap18	445125	447027	1902	TGCCGATCGCCACGGCGTCGCCGTGCGGAATGCCGTAGCCCGTGACATGCTCGATCGCGTGCCCGATCGTGTGGCCGAAGTTCAGGATCTTGCGGATGTCGCCCTCGCGTTCGTCCTGCGCGACGACGCCGACCTTGATCTCCACCGAGCGCTGCACGAGTCGCATCGCGGTCGCATCGTCGATCTCGCCGTCGAGGATGTCGCGCAGCGACGCGGCGATCCACGCGAAATAGCTCGCGTCGACGATCACGCCATGCTTGATGGCCTCGGCGAGCCCCTGCCGCAGCTGCAGCGGGGGCAGCGTGCGCAGCAGCCGCGGGTCGATAAGCACCAGTGACGGCTGATGGAACGCACCGACGAGATTCTTGCCTGCGGTGGTGTCCACGCCCGTCTTGCCGCCGATGGCGGCATCGATCATGGCGGTGAGTGACGTGGGCATCTGCACGAACGGCACGCCGCGGAGGTACGTCGCGGCGACGAATCCCACGAGGTCGCCGGTGACGCCGCCGCCCAGCGCGACGAAGACAGAGTCGCGGCGGTGACCGGCGGCGATGAGCTGGTCCGTGAGCTTGGCCCAGGTGTCGCGCGTCTTATGCTGCTCGCCAGCCGGAAACGTGAACACGCCCGGGGCGACGGTGCCGCCGACCGTGGACCCCAGCGCCATGCCCGACGCGACCATGCTGGCCAGCGCCTTCGCGGCGTAGTGCTGCGCGACCTGCGCGTCGGCGACGATCGCCACGCGACGCCCGGGATGCAGGGCCGCCACGCGCTGGCCCAGCGATGCCAGCGCACCCGGGGCGATCTCGATGCTCGAGCCGTGCAGCGCGAGCGTGGTCATGGGCGCAGGCCTACCAGGTCACTTCGCCGGCGCCGGCGCGCTTGTTCGCGACGCGCGCCAACACGAAGAGCAGGTCGCTCAGGCGGTTGAGGTACACGATGACGATCTGCGGCACCTCCGTATCGCGCTGCAGGTGGATCACCGCACGCTCGGCGCGGCGGCACACCGTGCGTGCCACGTGCAGCGCCGAGGCCTTCGCCGTGCCACCCGGCAGGATGAAGGCCTTGAGCGGCTCCAGCTCGCCCTCACCGTCATCGATCGCCTGCTCCAGCTGCGCGACGCGCGCGTCCGAGATGCGCGCCTTCTCGAGCTGCTCCTTCATCTTCTCGAGGTCCGGCGTCGCGAGCATCGCGCCGAGCGCGAAGAGATCGCGCTGCACGGGAGCGAGCACTTCGTCGATGCGCGGCATCATCTCGACCGAGCGCGCCTGGCCGATCACCGCGTTGAGTTCGTCCACTTCACCGTACGCGGTGACCCGCGGGTGATCCTTGGGCACGCGGCCCCCGCCGAACAGGCCGGTATCCCCGTCGTCGCCGGTCTTGGTGTAGATCTTGAGCGTCATGCCCCAAATCTAGCCTTGGCGGGGCTTCGTGTCCGGGATGTCGACGGCGGCGATCGCCCGTGTCGGGCGCGTCGGTGGCGCATAGCTCTCGGGGAACAGCGCGGCGAGGTGCTGCTGCAGCCGTTCGGGGCTGCCCGGCGTGCCCTGCGCCATGTTCCATCGGTCGAGCGAGAGCCCAAGCTTCGCCGCACTCGGACGCTGTTCAGGCTCCTTGGAGATCGCGCCCGAGATGATGCCGCGGATCCCCGTGTCCACCAGCGGCAGTAGCGAGCGCACATCGGGCGTCGGCGAGATCACGACCTCCTCGATCGCCGCCAGCGTCTCGTTTTCGGTGAACAGCGTCTTGAGCGCGAACAGCTCGAAGAGCACGACGCCCATCGAGAAGATGTCGGCCCGCGCATCCACGGGCTTGCCCAGCAGCTGCTCCGGCGCCATGTAGTGCTTCTTGCCAAGGAGGACGGTCTTGTCCTTGGCCGGATCGAACATCGTGCGCGCCTTGGCG
CP130613.1_gap19	481621	483995	2374	AGGATTTTTTCCCGCAGCTGGACCGCTCGCGCGCGCTCATCGCGCAGTTCATCGGCGCCAGCGCGGAGGAGATTGCGCTCACGACCAACACCAGCTGGGGCGTGAACCTCGCCGCCTACGCCCTGCCGCTCGGGCCCGGCGACATCGTGCTCGGCAGCGAAGGCGAGTTTCCCGCGAACGTGTATCCGTGGATGGCGGCGGCCAAGCAGCGCGGCTTCACGTTTGAGCTCGTGCCGATGCGGGGCTTCGCCGTGGATGAGGACGAGATCCTGCGGCGCATTGAGACCGACCCGCGCGTGAAGGGCGTCGCGCTGAGTTGGGTGTCGTTCTGGACCGGGTATCGCATCGATGCCAAGCGCATCGGTACCGCCTGCCGGATGCGCGGCGTCTGCTTCGCGATGGATACGATTCAAGGACTCGGCGCCTGTGCACTCGACGTGCGCGAGGTACCGGTGGACATCGTATCGAACGGCGCGCAGAAGTGGCTCTGCTCGCCCTGGGGCGCCGCGTTCGCCTACGTGCGCAAGGAGTTGATCGCGCGGCTCGAGCCGCCCGCCGCGGGCTGGCTGTCGCAGGCCAGCGCCGGCGACTTCGCGCGGTTCCTCGACTACGATCCCGCCTGGCGCGACGACGCGCAGCGCTTCGAGGTGGGCTCGCTGCCGATCCAGGACTTCGTCGGGATGAATGCGACGCTGGAGCTGTTCCTGGAGCTCGGGCCGGACCGCATCGAGCAGCATGTGCTCGGCATCACCGGCGAGCTCCGGCGTGCGTTGCTCGGCCTGCCGGGTGCCGTGGTGCTCACGCCTGAGCGCAGTGCCACGCGAGCGGGCATCGTCGCCCTGCGCACGCCGGACGTCGCGGGTGACTCCGCGCGGCTGCGCGGCTCAGGCATCGTACACAGCGTGCGCGAGGGAGCCATCAGGCTTGCGCCGCACTTCCACACGCTGCCCAGCGACGTGGCGCGCGTAGTGCGCACGCTCCGGTCATAGCCACCTAGATTGGCGAGCCGCGTCAGGGCGTCTGCCGGCAGGCGGGAATCGGCCTCACGTCGTTCAGCTGCGGCAGACGCAACCAGCGCTGCGTTTCCACGTCGTCAGCGTCGCGGGTCGCGACGAAAGCCCCTTGCGGGCGCACGGCCAGCAACCGGGAGCCGGTCGGCAGCTCGAAGCGCCACGCGCGCACACCGTGCGGGTCGACGATCATCCAATGGTCCCGCTCCATCTCGGCGGATTCGCGATACCGTTGCACCCAGATGGCGCCGTCGTCGCTGACGAGGATGCGGCCAAAAGCCGGGACGCGCTCCGCGAATGTGACGTGTTCGCGCATGGCGCGTTCGAACTGCTCTTTCGGAAACTCACTGTTGCGGGCCGGATAGCGCGCGATCTGCTCCTCGATGTGCCGCGCCTTGCGTTCCGGAGTGACGATCTCGCCGAGCATGCGGGGCGCCCAGAGTGACGCGACGGTCGAGAAGCGTCCGGTCCCGTCGGGAGACTCGATGCGCAGCTCCCAGCGCTCGGGATACCCGTAGATCATGCAGCGGCCGTAGCTGCGCCACTGGGCACTCGGCGAGTATGGTGGGATCATTCCGAATCCCGGTGGCACGATCCCCGGCGCGAAGCGCTGGCTGACGCCGAATTGGCGCGTGTCGCCGATGGCCGCGGCACCGCCCATTACCCAGATGCCGATGCGGTACTCAATCGGAATCACGCCCACGCCGCCCGGCGGATCGGAGAAGTTGAACTCGACGACAGCCGTCGTGTCGCGGTTGAGCACGCCGTACAGCGAGAGCGCGCTCGAGTCGCCGAAACGGGGATACTCGATGCTACGCGCGAACGTGAGGTCAGGACCGAAGCGCGAGATGCGCCGCGTCGACGGATCCACTGCCCAGAGCGAATCGTCGGCGGTCTGCCAGAGGCCCGAGAGCGTGGTGATCTCGCCCGGACCACGTCCCTTCGGCATCGCGATGCGGCTATACGCGCCAGACGAGTCGAAGGACGCCACGACCTGCCCGTCGCCGAGCAGGGTGCGACCATCGCGCAGCGGAATTACGATCTGCGGATTGTTGGCGAACAGATCCTCCGGGGCACCCCGCAGCGTCACCGAGTCACTCGCGGTGATCGCGGTGTACGCTGTCAGCGAGTCCCCAAGCGTGACGATAGTGACGCCTGCCGAGTCGCTGCGCGTGACGGACGCGCTGATCGTGATGGCGGGCTCCCCGCAGGCGACGGCAATGCCGACGAGCGCGACGGCGGCGGCGAGGAACGGACGGTTGCGTGCAGGCATCTAGACTCCTGTGCTGGCAGGTTCGGTGCGGACGCCAGAACCTGTGAGGTGGTACCGGACTCCGCAACGGGGCGGGGGCGGGACCGGATTA
CP130613.1_gap20	485377	489537	4160	AGTCGATGATGGGGCCCGTGCCGATCGTCGGCGCGGTGGGCATGCTGCAGTTCGACGTCATGGTGCACCGCCTCGAGAACGAGTACGGCGCGCCCTGCACGCTAGAGATGATGCCGTATCGCTTCCCGCGGTGGGTCACGGGGCCCGAGGCCGCAATCCGCCGGCTGGGTGAGGCGCAGGATCTCACGCTGCTGCGCGATTCGAAGGAGAACTTCGTGCTCGTGTTCCGCGACGAGTGGCGGCTGCGCTGGGCGACGGACAAGGCGGGAGAGCAGGGCTTAGTGTTTCACACGGAAGCGCCGTAGGAGCCAGCGGGGAGCGAGGTGCACCACGCTGCCGCCCAGTGCGAAGATGGATCCGATCACAATCGGCAGCACGCCACCGAAGGTGTAGCTCAGGGCGAGCACGAAGCCGAGTAGGTATTCGGCGCGATAGATCGGGAGAGCGAGTGCCAGGAGCGGCAGCAAGCGCACCTGTAGTCGCGGCACTTCCGAGTAGCCCAGCGAGTACGAAACCGCCAGCACGGTTCCAAACGCGGCGGCGCCGATCGCGGCCATCACGGCCGACCGGTTGCTGCTGCGCCCGAGTGCCACTCGCCGCTGGGTGTTGCCAACGGCGAACCACGTGAAGAGCGGAAGGCTCAGCGCGCCCCACCAGTTCGAGATGCTCGGCATGTCGTCGCGCGAAAGAAAGCTGTGCGCTGGAACGCCGCCGTGCAGCTGCTGCCACGTGAGAAGTGCACAGGTCACCAGCGCGACGCTCGCCGTGAACCACAGCCGCAGGCGGTCGGTCATCGAAGTATCCGGGGAGAGGGGAGCCACATCGCCCTCTACGGCCGCCGGCCACCGCGGTTTCTGCGTCAGCCGTTCGCGTCGACGATTCCGATCTCTCGAGCGCCCTTCCGCACGAGCATCCAGCGCCCGCGCACGGCGCGGTCGGCGGCCACATGCGTCGCCTCGGCGCCGAGCTTCTCGCCGTTGACGCTCACCGCGCCCTGCTGCACCAACTTGCGCGCGGCGGTCTTCGAGAGTCCGAACGCATCGGCGAGCACCGCGACGATGTCCACGCCCTCCGCCGTCGGCGTCACCGACACGGACGGCATTTCCGCCGCCAGCATCGCGAACACCTCGTCGCTGAGCGCATGCGCATCGGCCTTCTTGTCAAAAACCGTCTTCGAGACCGATTCGGCGAGCTCGGCAGCCGCCACGCCGTGGATCAGCGACGTGACCTCCCGCGCCAACCGCTTCTGCGCCCCACGCTCATGCGGAGCCGCCGCGTGTGCGGCCTCGATGGACGCGATCTCCGCCGCATCGAGCAGCGTAAACGTCCGCAGCAGACGCCCGACATCGGCGTCTTCAGCATTGATCCAGAACTGATAGAACTTGTAGACGCTCGTGAGCTTGGCATCGAGGTACACCGCGCCCGCTTCCGTCTTCCCGAACTTCTTCCCCTGCGCGTCCGTGAGCAGCGGGAACGTCAGCCCATGCGCCTCCCCGCGCTGCGTGCGCCGCACCAATTCGGTGCCCGCCGTGATGTTGCCCCACTGGTCGCTGCCGCCGAGCTGCAGCGTTACGCCGTCCTTGGCGTACAGCCGCGAGAAGTCGTAGGCCTGCAGCAGCATGTAGCTGAACTCGGTGAAGCTGATGCCGGTCTCCATGCGCGTCTTCACGGAGTCCTTCTGCATCATCCAATTCACCGTGAAATGCTTGCCGGTGTCGCGCAGGAACTCGATCAGCCCGATGCCGCCCAGCCACTCGGCGTTGTTGCGCACGGCAAAGCGGGGCAGGGCATCGGCGCCCAGCGCGTTCTGTGCCACCCGCTGGATCTGCTGCCAGATGAGCTCCGCATTGGCGGCGATCTCCTCGGTGGACCGCATCGGGCGCTCCTCGCTCTTGCCCGAGGGGTCGCCGATCATCGCCGTGCCGCCACCCACCAGCGCCACGGCCTTGTGCCCGGCCCGCGCCAGGCGCACCAGGCCCATCAGCGAGACCAAGTTGCCCACGTGCAGGCTCTCGGCCGTGGGATCGAAGCCGCAGTAGCCCGTCACCGGACCCTTCGCGAGGTGGGCCTCGCAGCCTTCGGTCTCTTGATGGAGCAGGCCGCGCCAGCGCAGCTCGTCGTGCAGGGAGGTCGGGGACGTCATCCCAGCAAAATACGGGTCGCGGGAGGGGAAGTCACTTGGCTAGCTTTCCCGAGTGCTGAACAAGTACCCCCGGCTCAAGAAGTTCCTCCTCCGCGCGACCCTCGTCGGCGCCGGCCTCAGCGTCTTCGGACTCCTCGTGTTCGGCGTCTGGTGGGGCTTCTTCCTCTGCTCCGACGAGACCTGCCCGAGCATCGAGCAGTTCGCCGAGTACAAGCCGGCCGAACCAGCGCGCCTCTACGCCGCCGACGGCCGCTTCATCGGTGAGATCGGCCTGGAGCGCCGGTCCGTCGTGGCCCTCGATGACATCCCGCGCCACGTGGTCGACGCCTTCGTCATCACGGAGGACAAGCGCTTCTACCAGCACCACGGCGTGGACTACATCCGCGTCTTCGGCGCGGTGATCGCCAACCTCAAGGCGGGCGGTCTCTCGGAAGGCTTCTCGACCATCACGATGCAGTTGGCGCGCAACATCTTCCCGGCCCAGCTGCCGTCGCGGTCCAAGGCAGGGAGTGCGTACAACAACATCGTCCGCAAGTTCCGCGAGGCGAAGGTGGCGCGGCGCATCGAAGCGCGCTTTCCCAAGGAGCGCGTCCTCGAGCTGTATCTGAACCAGATCGCCCTCGGCGCGGGCGCCTACGGCGTCGAAGCCGCGTCGCAGCGCTACTTCGGGCGGCCGGTCAGCGAGATCACGGTTGCCGAAGGCGCCATGCTGGCCGCGTTGCCGAAGGCGCCCTCACGCTACAACCCGCGGCGTTTCCCCGACCGCGCCATCCAGCGCCGCAACACCATCCTCGAGCTCATGCGCCGCGAAGGCGCGCTGTCGGATGCCGACGCGAGCATCGCCAAGGCCTACCCGTTGCGCCTCAACCGCTCGGCCCGCGGGGCGGGAGATCCCGCGCCGTACTTCGTCGAATGGGTGCGCACGGAGCTCGAGCAGCGCTTCGGGCGGCAAGTCTACGAAAGCGGGCTGCGCGTGCTCACCACGCTGGACCTCGACATGCAGGGCGCGGCGGAGCGTGCCGTTGAACGCCAGTTGCGCGCCATCGAGGCGAACACGTGGGGCCCGTACACGCAGACGACCTACGAGGAGTACCTCGCGCGCGCCGCCGCCGGCGATGCCGCCGGCAGCGGCAACAACTCGCCCTACCTCCAGGCCAGCTTCATCGCGCTCGATCCACGCACCGGCGCGGTGCGCGCCCTCGTCGGCGGCCGCGACTTCGACGATTCCAAGTTCAACCGTGCCACGCAGGCCCTGCGCCAGCCCGGCTCGACCTTCAAGCCGATCGTCTACGCCACGGCCATCCGCTCGGGCCGCACGCCGGCGTACTTCATCGACGACGAACCGATCGAAGTGCCGCAGCTCGACGGTACCGTGTGGTCGCCGAACAACTACGACCTCAAGTTCGAGGGCCGCGTCACGCTGCGTCGCGCCCTCATGTTCTCGCGCAACCTGCCGGCCATCCGCCTCACGATGGAGATCGGAGAAGGCAGCGTCGTCGACATGGCCAAGCAGTTCGGCCTCACGACGCGCGTGCCGCCGTACCCGTCCATCGCGCTCGGCTCGGCCGACGTGTATCCGCTGGAAATGGTCGCCGCGTACTCGACCTTCGCCAACCTCGGCTGGCGCACCGCGCCGAACCCGATCCTGCGCGTCGAGACGCTCGATGGCCGTCGGCTCTATCAGGCCGACCCGGAGCGCATCCAGGTGCTCTCGCGCGAGGAATCGTGGGTGATGGTCGACATGTTGAAGGACGTGATCCGTGCCGGTTCCGGCACGCGCGTCCGCAGCGAAGGCTTCACGCATCCCGCCGGCGGCAAGACGGGCACGACCAACGACTACACCGATGTCTGGTTCGTCGGCTTCACTGCCGATCTCGTCGCTGGCGTGTGGATCGGTTTCGACCAGCCGAAGGAGATCATGGGCCAGGCGCAGGGCGGGCGACTCGCGGCGCCCGCGTGGGCCAGCTTCATGCGCGAGGTCTACGAGCGCAAGCCGGCGCCGCCCGACTGGCCGCGG
CP130613.1_gap21	581164	582273	1109	CAACATCGTCGCGATTCCGCTGGCGGCCGGCGTGCTCTCGGCGTGGGGAGTCGTCTTGACGCCTGCGGTCGGTGCGGTCCTGATGTCCGCGAGCACGATTGTCGTGGCAATCAATGCACAACTCCTCCGGCGTGTGGAGATCTGAGGTGACCAAGCCATCAGCAACCGACGTGCTCGCCGACCTGCGGCTCGCGGCGCTCGTGGCCGCGACCAGTGCTGAGGATCAGGCCAGGGTGCGACGCATCGCGGAGGAGGCGGCTGCCACGTTTGCGGCAATGGCCCGGGTTCGGAAGGGCGTGACGATCTTTGGATCCGCCCGTGCGGCCCCGGTGACTCGCTGGGGCGCGCTGGCGCATCGGGTGTCCTGGGCCCTGGCCGACGCTGGGTTCACCGTGATCACCGGCGGTGGGCCCGGTCTGATGGCCGCCGCGAACCAAGGAGCGCAGGACGCGGGTGCGGCGTCCGTCGGACTCACGATCGAGCTCCCGCACGACGAACCCGCCAACGCGTTCCTCTCACTCCGCGTTCCGTTCCACTACTTCTTCCTGCGTAAGCTCGCGCTTGTACGGTACAGTTGCGCGTTCGTCCTGCTGCCGGGCGGATTCGGGACACTGGATGAACTGTTCGAGGCGCTGAACCTCCGCCACACGAGGCGCCTTGAGTCCTTCCCGGTGATTCTCGTGGGGACCGAGTACTGGCAGGGCCTTGTCGACTGGCTTCGGCGGGTGGCCATTCCCGCTGGCTCCCTGGCGCCCGAGGATGTGGATGGCATCACCATCACTGATGATCCGGGCACGGTCGTGACCGAGGTCACGCGCTGTCACGCGACGTTGTGTCGCACGCTGGGGATAGCGCAGTGAGGGGCCGGCCTTCCCCTCCTCGGCCGTACGCCACGGTCCGAGCGTCAGACTTTACCTTACGTAAACTCAGGGCATCGGCGACGGTGTCCTCGGGCCGCGGCCACGAGATTGCAGGTGCCCGGACTGGTGAGCCGTCTCCGGGTGCGTCGTTCACCCGTGGTCTCGGAGGGCTGGTGCATCACTCGCGTTGGGAGGCACGAGGACTCCGCTTGGCGATGCTGGGGATATGCGTGGTGGCGTTCGGGGCGC
CP130613.1_gap22	583371	585456	2085	CGTCGTACCGCGTCGGCGGCGTGAACCTGATGACGCTGCTCGACAACCAAGCGACGGTGAATCGCTATGCACAGGAGTTGGCGGGGCTGGAAGCGATGGAAGGCATCGCGTTGGCGGAGCTCGAGATGCTGATGGGGCGTGAACTCTTTGACGCGCGACGCGGCGCCGATGGACCGGAGAATCGATGACATTCGAGACTGTGGCGCGTGTGCGCTGGCGTGGCGTCGCCTTGGGCGCCGTGGTGCTGGCGGTGGCGGCTGGCGTGGCGTGGTGGGCAACGCGGAACACGTCTGACCCCGCCGCAGCGGCGGGGCACGCGCACGGCGCGGGGGCCGCGGGCGGTACCTCGGGCCCGGTGATGCTCGATTCCGCACAGGCCGCACGGATCGGCGTGTCGTACGCGCAGGCCGAGCGTGGGGTGATCGAGCAGGAGATTCGCAGCGTCGGGCAAGTGACGTACGACGAGACGCTGGTGCGCACCGTGAGCCTCAAGTTCGACGGCTGGGTCGAGCGGCTCTTCGTGGACTTCACCGGCCGCGCGGTGCGTGCCGGCGAACCGCTGCTCGTCACCTACGCGCCGATGCTGGCCAGCGCGGAGGAGGAACTGGTGTTGGCGCACCAGTTGCTGCGCGATGTGCAGGGCGCCGACAGTGCCACGCGACGCGGCGCCGAGCGGATGCTGATCGGCGCGCGGGAAAGACTGCGCAATTGGGACGTACCCGCCGAGGAAATCGCACGCGCGGAGGAGTCGGGCGAGAGCCGCCGCACGTTGGAGATTCGGGCGCCCTACGACGGCGTGGTCATCGAGAAACTCGTGAACGAAGGCCAGCGCGTGATGGCGGGCGATCCACTGCTGCGCATTGCAGACCTGCGTCGGGTGTGGGTGGAGGCAGAAGTGTTTGAGCAGGATGTCGCACTCGTACGCCTCGGGCAGCGCGTGACGGTGGAACTCGACGCGTTCGCGGGCCGCCCGCGCTCCGGACCGATCGTCTTCCTGCAACCCACGGTGGATCCGGAGACGCGAACGCTGCGCGTGCGCGTGGAACTCGATAACGCCGACGGCCAGCTACGCCCTGGGATGTACGCGACCATCCGCGTGCGGGCGACGGGTTCCGGGGCTGTGGTGCACGTGCCCCGTTCCGCCGTGCTCTCCACTGGACGCCGTGACATCGTATTCGTGCGGATGGACGACGGAATGCTTCAGCCGCGGCCGGTGGTGCTCGGCATTGCCTCCGACGATCGCGTGGAGATTCGGTCGGGCCTTGCAGTGGGCGAGACCGTCGTGTCGTCCGCGACGTTCCTTGTGGACGCGGAGTCGAATCTGGGCGCGGCGCTCGGCGCGATGGCGGGCATGCCGGGAATGGAAGCGCCGACACCGAGCAAGTCGGTGCCGCCGCCTCCGCCCGCTCACGATCACTGAGGCGCCGCGCGATGCTCAAACGAATCATCGAGTGGTCGGTCCGGAACATCTTCCTCGTGACGCTTGCGACGGTGGCTGCCATCGGGGGCGGTGTCATCGCGCTGCAGCGCACGCCGCTCGAGGCCCTGCCCGACTTGAGCGACGTACAGGTCATCATCCAGACCGAATACAGCGAGCAGGCGCCGCAGATTGTCGAGGACCAGATCACCTACCCGATTGCGGCCGAGATGCTGAAGGTGCCGGGGGCGGAGGTGGTGCGCGGGTACTCGTTCTTCGGCGTCTCGTTCGTGTACATCATCTTTGACGACGACACCGACCTCTACTGGGCCCGTAGTCGTGTGCTCGAGTACCTGAATGGTCTCAAGGGTCGTCTCCCGGCGTCCGTGTCGCCGACGCTAGGTCCAGACGCCACCGGACTCGGCTGGGTGTATCAGTACGCGCTCGAGGACACCACCGGCCGCCTCGACCTATCTGAGTTGCGAGCACTGCAGGATTGGTATCTCCGCTATGAGCTCACCGCCGTGCCCGGCGTCTCGGAGGTCGCTACCGTCGGGGGCTACGAAAAGCAGTACCAAGTGGATCTCGACCCCGCGAAGCTTCTCGCGTATGGCATTCCCGTCACTCGGGTGATGCAGGCCATCCAGACATCGAACGCCGACATCGGC
CP130613.1_gap23	589881	592081	2200	ACTGCCGTGCGTGCACCCCGATGCTGGCGAGTTTGCGGGCCGCGCGAATCTCCGCACCCGAGGCATCACGCAGCGGCTGCGTCCAGATGCCGGTCTTCTTCTCCACGCGCTCGGCGACGATGCCGAACTTCGCGACCGCACGGATCAGCACCTCCTCGACCTGCCGCAGGTACCAGTGCAGGTCCTGCTTGTGCTCGGTGAGGTTCACGATCGGATAGCCGACGAGCTGACCCGGCCCGTGGAAGGTGACGTCGCCGCCACGCTCCACCTCAAACAGCTCCACGCCACGCGCCGCCAGGAGCTCCGGCGTGAACAGCAGGTTCTCCTGCTTGGTGGATCGTCCCAGCGTGATCACCGGCGGATGCTCCACGAGCAGCAGCACGTCCTGCGGGATCTCCTTCGAGATCCGCTTGGCCGCCACCTCCCGCTGGAACGACAAGGCCTCCGCATAGCTGCGGAGGCCGAGGTCGTAAACGAGAAACTCCTTCACGGTGCGAGACTACGCGCTTACGCGTGCAGCATCTTCCCCATCGAGTCGAGCACCGCCTCGGCGATCGCCTCGCTGAGCGTCGGATGCGCGTGGATGGCGAGGTCGATCTCCTCCACGGTGAACTCGTTCTCGCGGGCCACGGCGAACTCGTGGATCATCTCGGTCGCGTGCGCGCCGATGATATGCGCGCCGAGGATCTCGCCGTGCTTCTCGTCGCGGATGACCTTCACGAAGCCCTCGGTCTCGCCGCTGGTGCGCGCGCGGCCGTTGGCCGAGAAGGGGAACTTGCCGACCTTGTACTTGAGGCCCTTCTCCTTCACCTGCGCCTCGGTCATGCCGATGCTGGCGACTTCCGGGTGGCAGTAGGTGGCGTTGGGGATGTTGCCGTAGTTCACCGGGTGATGCTTGTGGCCGGCGATGATGTCGGCCACGACATGGCCCTCGCGCGAGCCCTTGTGGGCGAGCATCGGCGGGCCGGCGACGTCGCCGATCGCGTACACGCCCTTGGCAGTCGTCTCGAACTTGTCGTTGATCTTGATGAAGCCGCGTTCGGTGGTCTGCACGCCGGCTTCCTTGAGGCCGATGTTCTCGATGTTCGGCGCGCGGCCCGCGGCGACGAGCACGAGGTCGAAGGTCATCTCCTTCTTCTCGCCGTTGGCCTCGACGGGGATGGTGACGTCCTTCTTGCCCTTCTTCGCGGTGCCGAGCTTGGCGCCGGTGATGACTTCGATGCCGCGCTTCTTGAACGCCTTGTTCAGCTCGACGGAGCAGTCTTCGTCCTCGACCGGCAGGATGCGCGGCATGACCTCGAGCAGCGTCACCTTGGAGCCGAAGGCGTTGAACACGTCGGCGAACTCGCAGCCGACGGCACCGGCGCCAATCACGGCGATCGTGGCGGGCGCCTTCTCGAGCGTGAGCGCCTCGTCCGACGAGAGGATCAGCTGCTTGTCGAGCTCGAGGCCGATCTGCGGCAGTCCCTTCACGCGCGAGCCGGTGGCGATGACGACGCCCTTCGTCGCGGTGTGCGTCTCCGTCTTGCCGTCGGCGCCGGTGACCTTCACCGACTTGTTCGGACCGAGCACACCCGTGCCCTTGAGCCAGGTGATCTTGTTCTTCTTGAAGAGGAACTCGACGCCCTTGGAGTTCTGGGCCGAGACCTGGCGCGAACGCTTCATCGCGACGCCGTAGTCCAGCGTGACCTTCTCGGCGGTGACGCCGAATTCCTTGCCCTTCGCGACCTTCTGCGCGATGGACGCGGCTTCGAGCAGCGCCTTGGCGGGAATGCAGCCCCAGAGCACGCAGGTGCCGCCGAGGCCTTCGCGCTCGACGACGCCGACGTTGAGGCCGAGCTGGGCACCGCGGAGGGCGGCGACGTAGCCGGCGGGGCCGCCGCCGAGGACGAGGATATCGAACTGAGCCATAGTCTCTAACCGCAGATGTGAGATGTAAGATGTAAGACGTAAGTGGAACGACACTTACCTCTTCTTTCTGCTCGACTAGAACAGCAACAGCAACGGGTTTTCGATCAGGCGGCGCAGCGTCTGGAGGAACTTGGCGCCTACCGCTCCATCAATGATACGGTGGTCGCAGCTCATCGTGACGCGGAGCTTCTTCTTGACCTCGAAGCCGCCGTCCGCGCCGACTTGGACCTTGTCCTCGATGGCGCCGATGGCGAGGATCGCGGCCTCGGGCGGATTGATGATCGCGGTG
CP130613.1_gap24	593424	596365	2941	CGACGACGTCGACCTTGATGCCTTCCTTGGCGAGCTCGTCGGCGGCCTTCATCGCGACCAGCACCATCTTGCCGTTCGTGATGATGGAGCAGTCCGACCCTTCTCGCTTGAGGTCGGCCTTGCCGATCGGCACGATGTACTCGTGCTCCGGCACTTCGCCCTTGGTGTTGTACAGCATCTCGCCCTCGAGCACGATGACCGGATTGTCGTCGCGGATGGCGGCCTTGAGCAGGCCCTTCGCGTCGTACGGCGTGCCCGGCGTCACGACCTTGATGCCGGGGATGTGCGCGAGCCAGCTCTCGAAGGCCTGCGAGTGCTGGGCCGAGAGCTGCAGCGCGGCGCCGTTGGGGCCGCGGAACACCATCGGCATCGGATACTGGCCGCCGGACATGTAGAGCATCTTGGCGGCGGAGTTGACGACCTGGTCGAGCGCGAGGATCGCGAAGTTCCAGGTCATGAACTCGATGATCGGCCGCAGGCCGACCATCGCGGCGCCGACGCCGACGCCGGCGAAGCCGAGCTCGGTGATCGGCGTGTCGACGACGCGCATCTCGCCGAACTCATCGAGGAGACCCTTGGAGACCTTGTAGGCGCCGTTGTACTGCGCGACTTCCTCACCCATGAGGAAGACGCGGTCGTCGCGGGACATCTCTTCGCGCAGGGCCTGGTTGAGGGCCTCGCGATACGTGATGACGGCCATCGCTCAGCTCTCCGTGGTGACGAGGACGTCTTCGTAGAGCGACTCGAGCGGCGGCTCCGGCGAGGCGTCGGCGAAATCCCACGAGTCCTGGCAGACGGCCTTGATCTCCTGCTCCATCGCGGCGAAGTCGTCGTCGCTGATGATGCCTTCGTCGAGCATCTTGGCCTTGAGCAGGTTGATCGGGTCGCGCTTGAGGTACTCGTCGAGTTCAGCCTTGGTGCGATACGTGCCGCTCACGGCGTCGGACATCGAGTGGCCCATGTAGCGATAGGTGCGCACCTCGAGGAGGACGGGCTTCTGTTCCTTGCGTGCATACGTGAGGGCGCGGGCCGTCGCGTCGCGGACGGCCATGACGTCCTGGCCATCCACGTGCTCGGCGTACATGCCGTCGTAGGCGTCGGCACGGCGGGAGAGATCCTTGATGGCGGCAGCGCGCTCGACGGCGGTGCCCATGCCGTACTTGTTGTTCTCGATGACGAAGATGCAGGGCAGCTTCCACAGCGCGGCCATGTTCAGCGCCTCGTGGAAGGCCCCGGTGTTCACCACGGACTCGCCCATGAAGCAGACGATGACCTGGTCGCCGCCGCGGTACTTGATGGCGAAGCCGACGCCGGCGGCGATCGGCACATGGCCGCCGACGATGCCGTGGCCGCCGAGGAAGTTCACGTTGCGGTCGAAGAGGTGCATGCTGCCGCCCTTGCCGCGCGAGCAGCCGTCGATGCGGCCGAAGAGCTCGGCCATCACCGAGCGCGGCGTCATGCCGCGGGCCAGCGCCTGGCCGTGGTCGCGGTAGGTGGTGATGACGTAGTCGTCGGGGCGGAGCATCGAGATGATGCCGGTCGAGACGGCTTCCTGGCCGATGTAGAGGTGGCAGAAGCCGCCGATCTTTCCGAGCGCGTAGGCCTCGCCGACCTTCTCCTCGAAGCGGCGCTGGAGGAGCATGCTGTGCAGCAGTTCCTTGAGGGTGGCGCCGTCGGCGCCGAGGGACTGCTCTGATTTCTTCTTGGGGGGCATCAGAACGGCAGATGTGAGATATGAGATGTGAGAAGTGAGAGAACGGCAACGACAGCCGCCATCACACGGAGCTCTGCGCTTGCCTCTGCTTCTTGACCTGCTCTTGCTGCCGCACGGGTGACGTCACCTGTGCGCTCTGTTGCTTCTTAGACGCCCGCGGCCTGGACCTGCTCCCAGGCGTGGTAGCTCGAGCGGACGAGAGGGCCGGACTCGACGTGCTTGAAGCCCATCTTCTTGCCTTCCTCGCGGAACATCGTGAACTCCTCGGGCGTGACGTAGCGGTCGAGGGCGATGTGGTCGTCGGAGGGCTTGAGGTACTGGCCGAGGGTGAGGATGTCGACGTCCACCGTGCGCAGCTCGCGCATGGTCTGGAGCACTTCCTCGTTGGTCTCGCCCATCCCGAGGATGATGCCGGTCTTGGTCGGGATGTCCGGCGCGATGCGCTTGCTCATGCGGAAGATCTCGAGCACGCGCTCGTAGCGGCCGCCGGGGCGCGCCTTCTTGTACAGGCGCGGCACGGTCTCGGTGTTGTGGTTGTAGATCTCGGGGCGCGCCTCGAGGACCAGGCGGATGGAATCCTCGTTGCCCTGGAAGTCGGGGACGAGCACTTCCACCGAGCAGCCGGGCACGGCCTCATGCACCTGGCGTATGGTCTCGGCGAAGGCCCAGGCACCGAAGTCGGGCAGGTCGTCGCGGTCCACCGAGGTGATGACGAGGTGCTGCAGGCTCATGGCCTTGGCGGCCTCGGCGACACGGCTGGGTTCGGCGGGGTCGAACTTAGGCGGGCGGCCGTGGGCAACGGCGCAGTAGGCGCAGTTCCGGGTGCAGACGTCGCCGAGGATCATGAACGTGGCGGTGCCGTGCTCCCAGCACTCGCCGACGTTGGGGCAGTGGGCTTCCTCGCAGACCGTATGGAGGTCGAGGTCGCGCATGAGCTGCTTGAGGCGCAGGTAGTTGGCCCCGCCGGGGGCTTTGACCTTGAGCCAAGACGGCTTGCGAGCGGGGAGGGGCTCGGCGCGGTGGCGGCCCATGATCTGATAGAGGTGCTCGGCCATGACTCGAATGTTATGGCTGGGGTTGGTGGATTGCTATGCTGGGTAACTGTCTAATAGTTCTTTTGAAGGTTATAGCGGGAGAGGGGAGATGGGGGTAGGGGCGGGGGGTGGGAGAGGGGAATGGGGGGAGGTGGGGGGGATGGGGGAGAGGTTTAAGTTGCTCTGAAACCGC
CP130613.1_gap25	788824	791124	2300	TCGCCAACATCGCGCGGTATTCGGCGTTGAAGCGGTCGACATACGCGCCGAGTCCGTCCTTCAGTGGCTCGATGTCGGCGAACAGCGGCCGCAGCGCGTCGGCGAAACGTTCGAGGTTCCACTGCGCGATCGCCGGCTGGTTCGCGTACCGGTACCGTCGCCCGCCCGCGTCCGTCGTGTTCGGCGTCCAGTGCGGGTCGAAGTCGTCGAGGAACCCGTACGGGCCGTAGTCGATCGTCAGCCCCAGCACGCTCATGTTGTCGGTGTTCATCACGCCGTGCACGAAGCCCACGCGCATCCACTGGACGAGCATGCTCGCCGTGCGCGCGCAGACCTCGCGGAACCACTGCGCGTAGCGCGCCGGGGCTGCCGCGTCGATATGCGGGAAGTCCCGCGCAATCGTGAAGTCGGCCAGCTGGCGCAGCAGCGTCTCGTCGCCGCGGGCTGTGGCAATCTCGAAGTTGCCAAAGCGGATGAAGCTCGGCGCCACGCGGCAGACCACCGCGCCAGGCTCCATCTGCGGATTGCCGTCGTAGAACATGTCGCGCATCACGGGCTCGCCGGTGTGCACCACGGAGAGTGCGCGCGTCGTCGGCACGCCGAGGTGGTGCATGGCCTCGGAGCAGAGGAACTCGCGGATGCTCGAACGCAGGACCGCACGGCCGTCGGCCGTGCGCGAGTACGGCGTCGGGCCCGCGCCCTTCAGTTGCAGCTCCCAGCGTTCGCCACGCGCGTTGACCACCTCGCCAAGCGAGATGGCGCGCCCGTCGCCAAGCTGGCCGGCCCAGTGGCCGAACTGATGGCCTCCGTAGCAGGCCGCATAGGGTTGCATGCCGGTGAGCAGCGCGTTGCCGCCGAAGACCTCGGCGAAACGCGGCGATGTGTGGTCGTCCGGACCGAAACCCACGAGCTCGGCGACCTCACGCGCGTGCGCGAGCAACGTCGGTGTTGCGACGGGCGTCGGTGACACGGCGCTCCACGCGGCGCCATGTACCTGGCGCCGCTCGTTGGTGCCGCGCGGGTCGCCGGGAAGCTCGCGGACGAAGCGGTTGTCGAAGGCCAGCGGCGTCTTCACCGCGCTCCGAACCGCAGCACCGTCATGGCGCCTGTCTCTGGATCGCTGCCGATCCCCGCCACCGCAGTGAGCGTTAGCACCGGCGTGATACCGGGCACGAGGTTCGCCGGCAGCTCGACTACTGTCTTGAAGCGCCCATCCGCCTCGAACACGTCGAACACGCTCCTCGCGTGGCCGTTCGGCACCCAGCGCCGCACCCAGACCAAGCCATCGGGCGCGGCGAACACATCGAGGATCGGCGCGTAGGTCTCGGGCAGACGCAGTGCCCACACGTCGTCGGGGATCCCCGAGATCTGCGCGCGCGGAATGTTCGCGATGGAGTCCAGCCGCAGCCGCAGCGCCGCCAGGGAGTCACGCCGCTCGCCAGCCGGAATGCGAAGCGCCGGCGTCGCACGGCGAAACTCCCGCACGAGACGCCCGCTGCGGTCCACTTCGCGGATCACGTACTCGCGCCCGCTCGTGTACAGCACCGTGCCGCGCGGCGTGATGTCCCACGACGGCATGCCGGTGAAGGGCGCGCGGTTCAGCCCCGGCAGGATGCGCCCGCTGCCCGCCGACAGCCGCACGGACGCCCATCCCGACGGCACGTTCTCGATCACGGGCACGGCAATCGAGTCCACGCGCGCCCCAGCGGGGCTGAAGATCCACCATTCGCCCATCTGGCGGCTCTGGTCCATCACGTTGAAGCTCGGATAGTACAGCCGTCCCTGCGCGTCGAACCGGCTCGCCAGCGTGGACGTCCAGTCGTTCATCGCGCCGCCGTTGTACCGCGTCTCGTAGCGACTCAAGCGGCCGGTCGCCCCGTCCGCGGCGAAGCGCGAGACGTGCCCTTGATCGCGCACGTAGAGCTTGCCATCCGGTCCGATGGCGATGCCGGTCGGCGCGAGGAACTCGCCCGGTCCCTGTCCCTGCCGCCCGATCGCACGCTGCGACCGCCCACGCATGTCGAACACCCAGATCTTGTGCTCGGCGAAGTCGGAGACGTACACGTTGCCGCGGGCATCCACCGCGATGCCGGTGAGCTTCCCGAGCGAATCCGCCGTCGGGTGCTCACCTTCGACCACCGACCAGAGCAGCGGTAACCGAAGCGTGTCGCTACGCTGTGCCGCTGCGGGTCGCGGCGCAAACGACAGGCCGATGAGCGCGATGAGCGCGATGAGCGCGATGAGACGCCTGGGCCAACCGAACGCGATTGCCGATGTCATCACGACTCCGAGGTGAGAGC
CP130613.1_gap26	827345	828149	804	GCAAGCAGGAGCAAGTCATGGCCGGCCTGCTCAACTATCCCGTGCTGCAGGCGGCGGACATCCTGCTGTACCTCGCCGACACGGTGCCCGTCGGCGAAGACCAGGTGCAGCATCTCGAACTCTCGCGCGTCGTGGCCCGCAACTGGAACGCCCGCTTCTCGCCCGACGCGCCGTACTTCCCGGAGCCGCAGCCCAAGCTCACGCCGACGCGGCGCATCGTCGGGCTCGACGGCCAGGCAAAGATGAGCAAGTCGCTAGGCAACACCATCGGCCTGCTCGAGACGCCGGACGAGATGTGGAACAAGCTGCGGCCGGCCATCACCGACCCGGCGCGGCAGCGGAAGACCGATCCCGGCACGCCGGAGAACTGCAAGACCGTCTTCGAGCTGCACAAGGCGTTCTCGAGCGCCGAGACGGTGAAGGAAGTGGACGAGAACTGCCGCGGCGCCAAGTGGGGCTGCATCGACTGCAAGAAGGTGCTGCACGCGAACATGGTGGCCGAGCTGACGCCGATCCGCACGCGGGCCGAGGCGCTGCAGGCCAATCCCAAGCAGGTGGACGCGTTGCTCGCCGAGGGCGGTCGCAAGGCACGGGCGGTTGCGCAGGAGACGATCCGCACGGTGAAGGACAAGATGGGGCTCGACGCGCGTGGATGAATTCGCGCAGTGGATCGAGGTGTTTCGCCTCGACCTCGGGGCGAAGCTGCTGATCGCCATCCTCGCGGGCGGCGCCATCGGGCTTGAGCGCGAGCTGCGGCACAAGCCGGCGGGCCTGCGCACCAACATCCTCATCTGCCTCGGATCG
CP130613.1_gap27	832718	834365	1647	GCGGTGCGCGTGAACGGCCTCACCGGGCTGGCGATCACCAAGCTGGACGTGCTGGACGGCTTCGAGAAGATCGCGCTGTGCACGGGCTACAAGGTCGGTGGCGAGGTGATGTCCGAGTTCCCTGGCGACCTCGCGGAGCTGGAGGGAATCGAGCCCGTGTACGAGTGGTTCGACGGCTGGAAGTCGGATACGTCGACGGCGCGCAAGCTCAGCGACCTGCCGCGGGCGGCGCGGGTGTATCTCGACCGGATCGTGGAGCTGGTGGAGTGCCCGGCGCAGTACGTGAGCGTGGGGACGCGGCGGGACCAGATCATCGGGCTGTAGGGCGCACGCCGGCCGGCGTGCGCCAGGCACGGTGTCGGCGTGACGTCTGGCTGACGGTCGGTTGACGCTCAAGCACTTTCGCGACGCCGAGTGCCGCCCCGTGTGAGGCCGCTCACAGCCCAATAGCAGTCCCCTGCGCATCTTGCGCCGCACCACACTGCGGGAAACATTTAGCCTCGGTTGGGACCCCGGCGACGACACCGCGTCGTCGCCGTGGGTGAACGCCCGCCCCACATGTCCTTGGAGGGACTGTATGAAGCGCGCTGTACTCGCTGCCTCGCTCGTGCTCGTGACTGCTGCCTGTGGTGGTGGCGGCGCGACTCCCGGTCCGACGCCGAACCCGGACATCCCGACGTGGTACACGTCGATCCCGACGGACCCGAATATGCTGTATCAGGCGGCGACCTCCGAGTCGCGTGACCTGCAGCTTGCGGTGAACAAGGCGACGGCCGACGGCCGCAACGGCATCGCGCAGCAGATGGAGACGAAGTTCCAGGGTCTCTCCGAGCGCTTCCAGGAAGAGACGGGCCTGGGCGCCGAGTCCGAGTTGCTTGACCAGTTCCGCACGGCCTACCGCGGCGTCGTGAACCAGACGCTGAACGGGTCGCGCGTGAGCCGTCAGGAAATCAAGCAGAACGGCGTGACGTACCGCGCCTTCGTGTTGGTGGAAATGCCGATCGGTGCCGCGAACCAGGCGCTGATGCAGCGCATCCGCTCCAACCAGGCGATGTACACGCGCTTCCGTGCGGCCCAGGCGTTCGAGGAGCTGGATCGTCAGGTGAAGGCCTACGAGGAGTCGCAGCGCAGCGGCAATCCGTAAGCGTTCGGTTGTAGTCGTACCAGTTCTTCAGATGGAGACGCGCTGGTCCCGCCGGTGGCTGCCGCTGACGACAGTGGCTCTGCTGCTGGCGGGACTTGCCTGTGCTGGGGGACCCCGTCAGCCGGCCACGGTGACGCTTCGCGCGGCGCCGGTCAGCTACGCGTACCCCGTCTGGTTCGTGCAGGGGGGTGGGGTGAGCGGGTTGACGGTGGGCTATGCCCCGGCTTATACGACGAAGGCGGCGGCGGAGAGCGTGGCGGTCATCGATGCGCACGCGCGGGCTCGGCTGACGAGCCGGATGCGGCTGGTGGTGGAGAAGGGTTTCGAGGCGGTGGCTGGAGAGACACTGGAAAGTCAGGGCGAGGACAGCCAGGAAACGCCCCTCGCCGACAGCTTCCCGGTGTTCGTGAAAGGCAGCGTGACCGTGGGCGGCATGCACGTGGTCGCGGTGACCCCAGACTCCACGGGCCCGGGGTTGCCGAGCGGGCTGGTGACCTTGGGTT
CP130613.1_gap28	841839	842517	678	AATCGGGTTCTGCTCCGCATCCCGCGCGCCGAGCGCAGCCGCGCGGTGGCAGGCTACGAGATTCGCGCGCGATAGCACGTTGCGCCTGCCCTAGGCATCTCAGTTGACGGGCAGCGTGCGGCCGGAGTTACGTTCGTTCGCGAATGCCGACCTCCGCTGACCTGCCCGTGCACCTGAAGTCGTTCGGGGCACCTCAACTCGAGCGACTCGAGGACGGGGTGGCGCACGCTGTCCTCCGCGGCGGCAAACCCCTCGCCCTGCTGATCTACCTCAGCACCCTCGACGGCCGCCCCGACACCCGCGAACATCTCGCCGACCTCCTCTGGGGCGACGAATCCCCGGACCGCTCCCGCGCCTCGCTCCGCCAAGCCGTCTACGCGCTCAAGCAAGCCCTCGGCGACGAGATCCTCCGTAGCGACCGCGAGTTCCTCTCCGTCGACATCGAGCGGCTGCCCAGCGACCGCCACGCCTTCCTCGCCGCCTCGCGTCGCAGCGACTTCGACGCGATGCTCGCCGCCTACGGCGGTGCCTTCTGCGACGGGCTGCCGATCGGCGGCGCGGTGGAGTTCGAACGCTGGATGCGCGCCGAGCGGCTGCGCCTGGAACGGCTCTTGTTGGATCAAGCCGCTGGTGTCATCCCGGCGCGACTGGCGGCCGGCGAGAGCGAGGCCGCGCTGC
CP130613.1_gap29	955519	957049	1530	GAGATGGGTCGGCCCTTCGTCCACGTGGTGCGTGCCTGGCAGTAATGCGCCGTCCACGATCCTTAGAACGTGATCTGCACGCCCGTCGTGAAGATCCGATCCGTCGTCTGGAATCCGGGTTCCGGCAGGTTGTCGAAGCGGACCACGTACGAGACCTTCACGCCGATGCGCGCCGAGATCGGCGCCACGAGCGACGACTCGGTGTTGACGCGCCAGTCCTCGGTATCCTTGAAGTTCGGGATGCCCTCGACGGCCTGGAGGAAGTACGAGGCGGCGGAGAACATGTGGCGGTACGCCAATGCCGCGCGGCCGGCGGGGAAATCATTGATCACGCCCGTCGTCGACTTCTGCTGCGTGACGCTTCCGCCGGCTTCGATGCGCAGCGTGTCCTTCGGCGCCCCGATGGCGCGCCACGCGATACCGAGGTTCTCCTCGAAGCGGCGCTCGATGCCGGCGAAGGTGTTGCGGTCGTAGGCCACGGTTGCGAAGGCGCTGAACACGCCGCCGAGCTTGTAGTCGCCGCGGAGGCCGGCCCTGAGGAAGTTCGTGTTGACCGTGCCCTGCTGCTCGCCGTAGACGAAGTTGAACGTCTGCTCGAGGCCGAGGCGGCCGCGCGACTGCGTCAGCTTCTGGCCCACGCTGGTCGTCGTGACCTGCGAGTTGCCGGCGGCCTGCACGTAGCCGAAGTCGGCGGTGATCTTGGTGACGACCGGGGTGGCCTCCTGCGCACGGGCAGAGGCCGCGAGGAGCGCGAGCGCCAACGGCGCCAGGCGATGCAGTCGGGACATGGGACCGAGTGTGAAGGGAAGGAGACAATCTAACGCGGGCGCGTCGCTGGCGGCACGATCGGCGGCCGGTTACACTCCGCGCCAATGGCGACGACCATCTACGACGACGCGGCACGACGGGAGTTGCTCCGACGCCTGGACACCCTGCGTCCCGACCTCCCCCCGCGCTGGGGGCGAATGACCGCTCCGCAGATGGTGACGCACATGCTGGAGGCGTTTCGCATGCCGTCCGGCGACCTGCGCATCCGCCGTAGCTTCGTGCCCCTGCGCCCGCTCGTGCGCTGGGTGATGCTGTACGTGTTGCCGTTCCCCAGGGGTGCGCCGACGGCTCCGCAACTGCTCCGGCGCGTCCCGTCCTCGTGGGAGTCCGATGTCGCCGCGTTGCGCAGCGCCATTGCGCGCGCGACGCGCCCCGATCCCGGCGCGCCGATCGGCGATCACCCCATCTTCGGCGACATGAGCATCGACGACTGGGGCGTGCTGATGCACAAGCACACCGACCACCACCTCCGGCAGTTCGGGGTCTAACCGCGCCACGCGGGCAGCTTACCAGCGCCAGTCGCGATAGAGGTCGAGACCGAGCTGGTAGATCTGCGTGAAGGTGCCGATGCGGTTGCAGGGGGCGGACCCCGGCGTGAGCGAGAGCTCCGCACTCAAACGCTCGCGCGGACTGTACTCGGCCGTCACGCCGAACCAGGCCGGCAGCGATTGGGCCGCGCGGTTCTCGCCCCGGCACACGCCG
CP130613.1_gap30	961279	963260	1981	ACGGGGCCGAGCGCGCCCGCTGCCGCGTCGTCCAGGGGCTCCGTGGAACCGGGGGACACGCAGATGGCGCGGCCGAGCGTCGTCGCGCTGGCTCGCTGCAGGTAGAAGGCGGGGCCGGCCTCGCGCGGATGCGGGTTGTAGCCGACGTCCACACGGAACGGCCCGAGCGGCGTGACGAGACGCACGCCCAGGCCAGGCGTGGCCCGCAACCCCGTCACGGCGTAGTTGCCCGAGTTGTTCCACACGCGGCCGGCATCGAGGAACAGCACCCAGCGCAGCAGGTCGCTGGGCCAGCCCACCCGCGAGCGCAACTCGAGGTTGAGCAGTGCCGTCGCCGTGCCGCCCGCGGGTGCCGTGCGATCGAAGCCCGCGCTCGGGTCGGCGTTGCCGACGAGTGCGCCGCCGACGGTCACCGTATCGCTCGGGGCGCGCACGATGTAGACCGTGGGCCCGAGCTGGCCTTGGTTGTAGCCGCGCACGGAGTTCTGGCCGCCGGAGTAGAAGCGCTCCTGCGGCGGGACGAAGGCCTCGAGATCGCGGCGCGTGGCGACGAAGCCCGCGGAGAGGCGCGCCGCACCGACCAGCGTGCGCGTCAGCGGGCGATACAGCGCGTATTCGAGCTGCGTGCGGTTGAAGTTCACGCGCGTGCCGGGGCGCCCGACGTTCACCGTGCCGAGTCGCGACTCGATGGCCCAACGCTCATCGTTGGACGCGAAGGCGGTGATGGCGGGTGCCGAGCGCGAGAACGTCACGCCCGCGGCATGCATCACGCTCGGGCTGTTGAGCAGGAAACGGTCGTTGAAGCGGCAGAGGCCGAAGGTGGCGCAGGAGACCGCGGCATCCGAGGTGGTGCGACCGGCGTCGAAGCGATACGCGAAGGTGGTGTTCACGCGCGGCACCAGCGGGCGATCGAAGCTGCCGATGCCGCCGATGCTCGTCTCGCGCACGTAGCTCTGGAACTCGGTGCGGCGTTCGCTGTACAGCGTGCCCACCGGATGCCAGCGATCGCCGAGCACGCCGCGGAGATTCACCGTCGCGCCGACGTAGTAGTTGAGGCGCAGGCTGAAGGTGTCGGCGCGTACGGCCGGCGCGCAGAGCCCCGGTGCGCCGTCGAAGGGCGTGCCGACGCCGAGCTTGGAGAGCCGGAGGTCGAGCTGCAGGCGATGGCCGCGCCCGAGGAAGTTCTGCTCCACGAAGCGGCTCTGCGTACGGAAGCAGTCGATGGTGCCCCATCCGCCGCCGACGCGCAGCGCGTTGTGCCGGCCTTCGACGAGCCGCACGCGCACCGGCAGCGTGTCGCCGGTGCTGCGGGAGGGCAGCGTATCGATGGCGACCGTGCGGTACAGGTCGTAGGAGTACAGCAGCTGCTGACTCGCTCCCACCGAGCGGGCGCTGTACACGTCGCCGCTCTCGAACCGCAGCAGGGCGCGCACCTCGTCTTCGCGCAGCGCCGGACGCCCGGAATCGTTGGGCGTCATCGCGACCTCGATGGCGCCCACGCGCATCAACGGACCCGGCGTGAACGTGAGCGTGACGCGCGCCCGCCGCGCGGCGGTGTCTACCGTGACGCTGCGGGTCGGCGGCCGCGCGCGCGCGTAGCCCTCGGCGCGCAGGATCTGCTGCACCGAGTCCATCGTCGCGACGAGGACCGAATCATCGAGCGGCGCCCCGCGGAGCGCGCGCACCAAGCGCGCCTGATCCACCAGCCCGCGCGGCACGTTGGCCAAACGCACGGTGTCGATCACCACCGGCGGGGCTTCGCGCACGCGGAAGGTCACGTTGGCCGTGCGCGAGCTGGTGCGCGCGACCTCGGCGCGTGCCGTCGTGCCGGGATAGCCGCGCATGTTGTACCACGCCGCGATGCGTCGTTCGTCGCGGCCGAGCTCCAGCGTGTCCAGGCAGGCGGTGGGGCCCACGTTCCAGCCGAACCAGCGCCGCAGGCGACCCGCGCGCTCCGTGTAGAGGATCTGCGCGAGGTCGA
CP130613.1_gap31	968678	972870	4192	CCGAGAAACCGCGGTGGTGCAGTCCACGCGCCGCCGTCTCGTCGCCCCGCAGCGCCGGCTCGCCTTCGAGCGCAAGGATCGCGTCCGAGCGCAGGCGGAGCATTCGCAACGCGTCGAATGGCGTGAAGGCACCGGAGACCAGCGACCGGAGGCCGGCGACGGGATCGCGCCACGGATCGGCGACGCGCCCGAATCCCCCCTCCCGGCGAATCATCGCGCCGGGTGCGAAGCGGCCGAGCTGCAACGCCGCGAGATCCAACTGACGGCGCGCCTCGGGATACGAATCGAGCAGCACCTGGAAGCCGCGGTCGAGGAGGAACCCGTCGACTTCATCCGTCGCGACGCGGCCGCCGACCTCGTCGGCGGCCTCGAGCACGAGCGGCGTCACCCCCGCGGCGAGGAGGGTGCGTGCCGCCGCGAGTCCCGCGAGGCCGCCGCCGATCACGATCACGTCATGCTGTGCCATGTCCGTACAATGCCCTAGACAGGGTGCTAGTTTCCTGCCGATGCCGAAGACCTACGACCGCGAATACTACGAACAGTGGTACCACGATCCCAGCCGTCGGGTCATCACGCCGGCGGCGGTGGCGCGGAAGGTGCGGCTCGTGCTTGGCATCGCCGAAGCGCTGCTTGAGCGACCGGTGCGCAGCGTGCTCGATGTCGGTTGCGGCGAAGGCGCGTGGCGCGAGCATCTGCGCCGCGAACGGCCGAGCATCCGCTACACGGGCGTCGAGTCCAGCGAATACGTCATCGAGCGTTTCGGCCGCACGCGTGACATCCGGCGCGGCAGCTTCGGCACGCTCGCGTCGCTGCCGCTCGACGGCCCCTACGACATGATTGTGGTCTGCGATGTCTTGCAGTACGTCCCCGATGCGGAGCTTGGACCCGGCCTCGCGGCGGTCGCCGCGTTGCTCGGCGGCGTGGCGTATCTCGAAGCGTATGCCAAGGAAGACGCCATCGAGGGCGACCGGGCCGCCTGGCACGAGCGGAGCGCGGGGGAGTACCTCGCGCGCTTCGGTGCGGCGGGCTTGGTCGGGGTCGGCATGCACTGCTATGTGGGTGAGGCGCTGCGCGAGAACACCGCGGCGCTTGAGCGGCGCGGTTGAGGACGGGGCGCCGCGCGACCGGAGCCAACGATGACACATCTCAAAGTCTGCTGCATCGCGTCGATTGCGGAAGCCGAGCTCGCGGTCGCCCACGGCGCGCACGCGCTGGGCCTCGTGTCGGCCATGCCCAGTGGCCCTGGCGTCGTGGATGACGCGACGATCCGCGAGGTCGCGGCGTGGGCGCATGGCAAGGCACGCACGTTCTTGCTCACGTCGCGCCGCGATCCGCCGGCGATCGCCGAGCAGCTAGCGGCGCTGCGCCCCGAGACCGTGCAGTTGGTCGATGCGCTCGCGGACGGCGCGCACCGCGAGCTGCGGCGCCTCGCGCCCGACGTGCGCATCGTGCAGGTGATCCACGTGCGCAGCGCGGCCGACGTCGACGACGCATTGCGCCTCGCGCCCGAGGTGGACGAGCTCCTGCTCGACTCCGGCAATCCGTCGCTCGCGGTGAAGGAACTCGGCGGCACCGGCCGCACGCACGACTGGGCGCTCAGTGCGCGAATCGTCCGCGAGAGCCCGGTGCCCGTGTGGCTCGCGGGAGGACTCCGCGCCGAGAACGTCGCGCAGGCGATTGCGACCGTACAGCCGCATGGCCTCGACGTCTGCTCCGGGGTGCGCCGCGATGGCAAGCTCGACCGAGTCCGGTTGCAGGCCCTCGCGGGGGCCATGCGGGCCTAGCGCCCGCGGCGGAATTGCCTTAACCTTTCATCCGGATATACGGATGAAGCGACCCGCCCTCTTTGACCGCCTCTCGGCACTGGCCGACCCGATTCGCTCGCGGCTCCTGCTGCTCCTCGAGCGGCACGAGCTGACGGTGTCGGAGCTCTGCAGCGTGCTGCAGCTGCCGCAGTCGACGGTCAGCCGGCACCTGAAGGTGCTGTCCGGGGCAGGGTGGTTGGTCGCGCGTGAAGACGGGACGAGCAATCGGTATCGGCTCGACCCGAAGGCGCTGGATGCCGGTACGCGCAAGTTGTGGACGGCGGTGCGCGATGAAGCCGATGGGATTCCGGCTGCGGCGCGCGACGCCCAGCGCGTGAAGGGCGTGCTCGCCGATCGGCACACGCGCTCGCAGCAGTTCTTCGCGAGCTCCGCGGCGCAGTGGGACAAGGTGCGCGCGGAGCTGTTTGGCACGCGCACGGAATTGTTCGCGTTGGTCGGGCTGCTTGAGCCCACGCAGGTCGTCGGCGATCTCGGCTGCGGCACGGGCCAGCTCGCCGAGGTGATGGCGCCGTTCGTGCGGCAGGTGATCGCGGTGGACGAGTCCAGCGCGATGCTCAAGGCGGCGAAGGCGCGGCTGGCGGCGCTCGACAACGTCGAGTTGCGCGCCGGCAGCATCGAGGAGCTCCCGATCGACGCCGCGACGCTGGATGTCGCCGTGCTCAGTCTGGTATTGCACTACGTGGCGGATCCGGTGGCGGTGCTCACCGGCCTCCGTCGCGCGCTGAAGCCGAAAGGCGGCAAGTTGTTGTTGGTGGACATGCTGCCGCACGACCGCGCCGAGTATCGGCAGACGATGGGCCATGTCTGGCTGGGCTTCGATGCGGAGCAAGTGAAGGAGTGGGGTAGCGCGGCGGGATTCTCCGCGGTCCGCATCAACGCATTGCCCCCGAGTCCGGCCGCAAAGGGCCCGAGCCTGTTCGTCGCCGTGCTCACCGCGTAGTCGCAAGCAAGTGCAGTGAAGTCAGTTGTGCCGTCACCGTCTCACCGTGCAGTTGCAGTTCCTTACCGCTCATAGCTCACAGCTTTCAGCTTCACCGTCTCCCATCTTCCGCTCGAGGTAGGCATGACCGCCGTCGCACCCACTCTCCACCCCTTCGAAGCCTCCGCCAAGCTCGGCCGCCCGGGCTACAAGGTCGCCGACATCAAGCTCGCCGACTGGGGCCGCCAGGAAATCCGCCTCGCCGAGTACGAGATGCCGGGCCTCATGGCCCTGCGCGAGGAGTACAAGGGCAAGAAGCCGCTCGCCGGCGCCAAGATCATGGGCTCGCTGCACATGACCATCCAGACGGCCGTGCTCATCGAGACGCTCACCGACCTCGGCGCCGACGTGCGCTGGGTGTCCTGCAACATCTTCTCGACGCAGGACCACGCCGCCGCCGCCGTCGTCGTCGGCAAGGACGGCTCGGTCGAGCAGCCGCGCGGCACGCCGGTCTTCGCCTGGAAGGGCGAGACCCTCGAGGAGTACTGGTGGTGCACCGAGCAGGCGCTCATGTGGCCCGACGGCACGGGCCCGAACCTCATCCTGGATGACGGCGGCGACGCCACCATGCTCGTGCACAAGGGCACGGAGTTCGAGGCGGCGGGCAAGGTCCCGGCCTTCGACCCGGCCAACGATCCGGAGGAGTGGGGCGTGATCCTCGAGCTGCTGCGCAAGACGCTCAAGGAAGACCCGCAGCGCTGGACGAATGTCGGCAAGGCCATCAAGGGCGTCTCGGAAGAGACGACCACCGGCGTGCACCGCCTCTATGAGATGACGGCGGCGGGCAAGCTCCTCTTCCCGGCGATCAACGTCAACGACTCCGTCACGAAGTCGAAGTTCGACAACCTCTACGGCTGCCGCCACTCGCTCACCGACGGCATCCTCCGTGCGTCGGACGTGATGCTCGCCGGCAAGGTCGCCGTCGTGCTCGGCTACGGCGACGTCGGCAAGGGCTCGGCGCAGTCGCTGCGTGCGCAGGGTGCGCGCGTCGTCATCACCGAGATCGACCCGATCTGCGCGCTGCAGGCGGCGATGGAAGGCTACCAGGTCACGACGCTCGACGAGGTCGTCAGCACGGCAGACGTGTTCATCACGGCGACGGGCAACGCCAACATCATCACCGTCGAGCACATGGCCAAGATGAAGGACAAGGCCATCGTCGGGAACATCGGCCACTTCGACAACGAGATCGACATGGCCGGTCTCAAGAACCTGAAGGGCATCAAGCGCAACAACATCAAGCCGCAGTTCGACGAGTGGGTGTTCCCGGACGGCCACTCGGTGCTCATCCTCGCCGAAGGCCGCCTGCTCAACCTCGGTTGCGCCACCGGCCACCCGAGCTTCGTGATGAGCTGCTCGTTCACCAACCAAGTCGTCGCGCAGATCG
CP130613.1_gap32	987581	991221	3640	GGCATCCTGCGCCAGAGGGCCGCGGCGGCCGCGGTGCCGCTGGCGCATCGCATCCGCACGGGCGAGGGGGCCTCGGAACTCGCCGCGTGGATTGCCCTCGCGGCGTCGCTCGACGACCCGCGCGCCATCGAGGCGGCGTTGAAGCATGCCGCGCATCCCTCCGCGTTCGTGCGCCGGACGGTGGCGCGCGCGCTGGGCCGCTTCGCCGGCCCCGATGCCGCGCGCGTGCTCGCCGACCTAGTCGGCGACAGCGACGCGACGGTGCGGGCCGCCGCGGCCCGCTCGCTCGGGGAACTCGGCGCTACCGGTGCGGTGCCGCTGCTGGCCCCGCTGGTCAGCGATCCCGTGTGGCAAGTGCGCCTGCACGCGGCGCTCTCGCTCGCCCAACTGGGTGAGCGCGGGCGCGCCGCGCTGCGCGCCGCGCGCGAGGGCGGGGACCGTTTCGCGCGCGACATGGCGACGATGGTCAGCGGCCTCAGCGACGGCGCCATCCTCGAGATGGGGCAGGGTTGATGGACCCGGCCTGGGTCGGCATCGCGCGGGCCATCCTGTTCTGGACCGACTGGGCGGCCCTCGTCTACCTGTTGCTGCTCTCGACCGGCTACGCGGTGCTGCTGCTGCTGTCCATCCCGGAGCTGTGGCGGCACTGGCGTCTCGCCGCCGACGAGCACCTACAGCGCCTGCTGGCCTCCGACGCGCTGCCGCCGCTCACGCTGCTCGTGCCGGCCTACAACGAAGAAGTCACCATCGGTGCGAGCTTGCTCTCGTTCCTCACGCTGGAGTATCCGCAGCTCGAGGTCGTGGTCGTCAATGACGGCTCCAAGGACGCCACGATGCAGGCCCTCGTGCGCGAGTTCGACCTCTACGAGGTGCCGCCGGCCTTTCCCGTGACCATCCGCACGAAGCCCGTGCGCGGCTATTATCGCTCACGCCGCTTTGCCCGCCTGCTGGTCATCGACAAGGAGAACGGCGGCAAGGCCGACTCGCTCAACGCCGCGATGAACGCGGCGCGGCATCCCTTCGTCGTGGCGGTGGACGCCGATACGCTCATCGAACCCGACGCGCTCATGCGGCTCGCGCGGCCCTTCCTCCTCGGCGCGAACGTGGCGGCCGTGGGCGGGACCATCCGCGTCGCCAATGACTGCACCGTCGAGCTCGGCCGCGTGACGGACGCGCGCGTGAGCAACCAGTGGATCGTCGGCTGCCAGGTCGTCGAGTACCTGCGCGCGTTCCTCTTCGGGCGCCTCGGCTGGAACTCCCTCGGCGGCAACCTCATCATCTCCGGCGCCTTCGGGCTGTTCCGCAAGGAGTACCTGCTCGCCATCGGCGGGTACAAGACGGGCAACGTGACCGAGGACATGGACCTCGTCGTGCGCCTGCACCGTTATCTCCGCGAGAACGGCATCGCGGCGACGCTGCCCTTCATTCCCGACCCCGTGGCGTGGACCGAGGTCCCGACCTCGACGCAGGTGCTCTCGCGCCAGCGGGAGCGTTGGCATCGCGGACTCATCGGCACGTTGTGGACGCACCGGGCCATGCTGTTCAATCCGCGCTATGGCAGCATCGGGATGCTGGCGGTGCCGTTCTACCTCTTCGGCGAGATGCTGGCGCCGGTGGTCGAACTTGTCGGCTGGCTCGCGCTCTTCCTCGGGCTCGCCCTCGGGGCGGTGGACGCCGGCTTCGCCGCGCTGTTCTTCGCGGTGGCCATCGGGTACGGCACCTTCCTGTCGCTGTGGGCCGTCGTGCTGGAGGAGACCAGCTTCAAGCGCTACCGGCGCCGCGTCGATTTCTGGAAGCTCATCGGCTTCGCGCTCATCGAGGGCCTGGGGTACCGGCAGATGACCGTGTTCTATCGCCTGCAGTCGTTCTGGAAGCACCTGCGCGGCGTGGAGAGCTGGGGCACGATGACGCGGCAGGGGTTCGGGACCAAGCCGCCGGCCCTCAAGCCCTGAGGCGCGCGCTCAGCCGCCCTGCAGCTCGCGCCGGATGCGCTCGAGCAGCGACTGTTCGGAGTCGCGCGTCTTCACGAAGGCATCGCCGATGCGGATGCCGGCATCCTTCAGCGTCGCCTGCGTGAACTCCGTCGCGGAGTAGAGCAGGATCGGGATGGCCTTGAAGCGCGGATCGACGCGGAGGCGGCGGGCGAACGCGATGCCGTCCATGCCGGGCAGTCCGTGGTCGACGATGATGAGGCGGTACGGATGGCGGCCGAGCATGCGCGTCGCCGTCAGCGCGTCGGGCACGGCGACGGCGTGCGCGTACGGCTCGACCAGCGCACACATGACGGTGCGCATCGATTCGTCGTCCTCGACGATCAGCACGCGCGGCCGCTCGTCCTCGCTGGTCGCCGCGGCCGGCGCCAGCGGAAGCACGACGTAGAACACGCTGCCGCTGCCCTCCGCCGGCGCCTCGAAGCCAATGCGCCCGCCATGCAGTTCCGTGATGCCCTTGGCGATGCTCAGGCCGAGGCCCGTGCCGCCTGACCGCCGCGACTCGGCGCCGCCGGCCTGTTGGAAGCGACCGAAGATGCGGGACGCGAACTCCTTGGGGATGCCGGGGCCGTGGTCACGGACGCAGACGCGCACACTCTCGCCCTCGACCTGTGCGCTCACCTCCACGGCCTCGTCCCTCGGCGTGAACTTCACGGCGTTCGAGACGAGGTTCGTGAAGACCTGGATGAGGCGGTCGCTGTCGCCGATCAGCTCGAGGTCCGGGATCTGCTCGAGGCGGAGGTGCACGCCGGCATCGCGGCTGAAGCCGTCAAGGCCGTTCAGCGTCGTTTCAAGGAGGGGGCGCAGCGCGACGCGGTCGTGACGGATCTGCACATGCCCCGCATCCATCTTCTCGATGTCGAGGATGTCGTTGATCAGCCGGATGAGGCGGTCGGTGTTGGTGAGCGCGATGCGCAGCAGCTCGCGGCCCTTGGGGCTGAGCTCGCCGCCGGCGCCGCCGAGGAGCAGGCCGAGCGCGCCGCGCATCGACGTCAGCGGCGTGCGCAGCTCGTGGCTCACCGTCGAGACGAAGTCCGCCTTGAGCCGCTCCAACTCCTTGAGCTTCTCGATGTCGTCCTGGAGCTGACGCTCGCGCGTCGCGATGCTCTGGGCGAGGCGATCGAACGTAAGGCCGAGGCGCGCCATCTCGAGGTTCGGCGCCTTGTGGTAGTTCGGCAGCCGTGCCGCATCGTACCGGCCGGCGTCGAGGGCTTCCGCCGCGCGCACCACCTGCGTGAGCGAGCGCGAGAGCAGGCGCATGATCAGCGTCAGCGCCAGCATGAAGATGGCCACCGCGGCCGCGCGAATGAGGAAACCCTCCCACTCGTAGCGGGCCGCCTCCGTCTCGATTTCGGCCTCCAGCTGCGTCAATCGCTCGCGGACCTCACGCAGCACCCGGGCGTGGTCGGTGCGCATCGAGTCGATGAAATCGATGCCCCGGTCCACGCGGCGACTCCCCGCAGTGCCCGGCGCGAAGGCTGCGTAGCCGTCGCGCCGGCGCACCGCGAAGTTCACGCGGGCCACCTCGTCGTCGTAGAGTGCCACCGAGACGCGCAGGCGCTGCAGGCGGCGGGTGATGGTGAGGTCCGCGTCGAGCTGCTCGGCGATGATGGTGGCGTCGCTGTCGAAGGCCCGACGCGCCGCCTCGT
CP130613.1_gap33	998938	1003817	4879	TTGGCGCTCCTCTGGGCGCCCCAGTCCGGCGACGAGACCCGCGCGCAGATCCGGCGCGGGGCGCGGCGCCTGAAGCGCAAGGCGCGTGACCTCGCCGACTCGGGCCGCGACCTCGTCGATGACTTGCAGCGGCAGGGCAAGTCGGCGGCGCGTGATGCCCGCTCGGCGCTCGAGGAACGGCTCGCCCGCCACCGCGAGGCGGTCGACGGAGAGGACGACGGCGTCTGATCGGGCTCGCCGTTGGCGTCGTCCGCCGGGTCTGGCGTGACGTCCTGCACGACAACGTGAGTTTCCTCGCCGGCGGGGTGGCCTTCAACATCCTCCTCGCCGGCGTGCCGTTCCTGCTCATGCTGGCGGCCGGACTCGGCTACCTGCTTGGCGAATCGCCGGACGGCGCGGCGCACATCGTCGAGGGGGTGCTGCTGCGCGTGCTCCCGGCGCAGGCCGGCGTCAGCGGGTCGATGCTCGATCCCGTCCTCGCCGACGTGACGCGCACGCGCGCCGTGTTCGGCATCTCCGGCGCCGTCGGTTTCCTGTGGTTCTCGACGCGCCTCTTCGGCTCGCTGCGCAACGTCATCACGACGGTCTTCGAGCACGGGCGCGACCGCCCGGTGCTGCGCGGCATCGCGTGGGATCTGGCGCTCTCCGTGCTGACGCTCGCGCTGCTCTGCACCTGGATCGCGCTCACGTCGTTCCTCGCCATCTCCACGGGCCGCGTCGGGTCGGCGCTCATCGAGCTCGGCGTGCGCGAGGATGTGCTCGGCGGCGTCGAGGTGTTGCTCGCGCGGCTCCTCGCCGTGGCGGTCGTTGCGGCGCTGTTCGGCATGCTCTACCGCTGGCTCCCGAAGCGGAAGACCCCGTGGGTCCCCACGATTGCCGGCGGCATCACCGCCGCGCTGCTCTTCGAGTTCGCGCGCTGGCTCTTCGGCCTCGTCGTCAGCAACTTCCCGCCGGCCTCGATCTACTCCGGCACGCTCGGCGCGCTCGTCGTGGTAGTGTTCTGGACCTACTACGCCGCGCTGGTGTTCGTGCTCGGCGCCGAAGTCGCATGCGCGGTGCACGAAGAACTCGGCACCGACCCGACGGCCCTCGAATAGCCGCGCTCCCGTCTCATGTCTCACATCTCACGTCTGTAGTCACATGATCGACCTCCGCTCCGATACCGTCACCAAGCCCTCGGCCGCCATGCGCCAAGCCATGGCCAATGCCGAGGTGGGCGATGACGTCCTCGACGGCGATCCGACGGTGCTGCGGCTGGAACGGCGCGTCGCGGAGCTGCTCGGGAAGGAGCGCGGCCTGTTCTTCCCGACCGGCACGATGGCCAACCAAGCCGCGCTGTGGCTGCTCGGCGAGCGCGGCACGGAAGTGTACTGCCACGAAGACTCCCACATCGTGAACTGGGAGATCGCCGGCACGGCGGGCCTGATCGGCTTGCAGCCGCGGTTGGTGGGTGGCGCGCCGGTGCTCGAGCCGGAGGCCCTGCGGGAGAAGCTGCGCCCCGCATCGCCGCATGCGCCGCGCGCCTCACTGGTGTGCGCCGAGAACACGCACAACGGGGCGGGCGGCATGGTGACGCCGCTGGCGAAGCTGCAGGCCATTCGCGCGGTCGCCGACGCGGCGGGCTTGCCGCTGCATCTCGACGGCGCGCGCCTTTGGAACGCCGCCGTGGCGACCGGCACGTCGCTGGCCGCCTTCGCCGCCTGCGCGGAGACCGTGATGGTCAGCTTCAGCAAGGGCCTCGGGGCGCCCGTCGGCGCCGTGCTCGTCGGCAGCGCGACGGTGATGGCCAAGGCCTGGGAGACGCGCAAGCGCTTCGGTGGGGGCATGCGGCAGTCGGGCATCCTCGCGGCCGCGGCGCTCCATGGCCTGGAGCACAACCTGCCGCGCTTGCACGAGGATCACCGCCGGGCGGCGGCGCTGGCCGCCGTGCTGGCGACGATCGCCGACCTCCGGGTGGTGCCGCCGGACACGAACATCGTGATGGTCGACCTGCCCGAGCGCCATCGCGCGGCGGACGTCGTCGCGCGCGCCAAGGCGGCCGGCGTGGCCATCAGTGCCTGGAACGCGTCCCGGATCCGCGTGGTGCTGCACGGCGACATCGATGACCGGGCGGCGGCCGACGCCACGGCGCGCCTCCAAGAGGTGCTGCGATGACCGAGCAGACGCAGGCGGCCGGGGAAGCCTCACGGCGCCTGCTCGCGGCGGGCGAGCGCGAGCTGCAGCGCATCGTGCTCGACATGCATGATGGTCCGGTGCAGGACATCTTCGCCGCCGTGTCGCACCTGCAGCTGCTGCAGCGCGACCTCACGTACGAGCCGGAGGCGGCGCGCCGCGCGGGGCAGGCGGCCGCGCTGCTCGAGCGCGCGCTCGGCGAGATCCGCACGCTCATTGGCGTGTTCCGTCCGCCGGGCTTCGAGCGCCGCGACCTCGGGGCCATCCTCGAGGGCCTCACCGTGCAGCACGAGGCGATGACGGACCAGCCCGTCGAGTGCTCACTCGACGAGTCGCTCGGCGACTGTTCGCTGCCGGTGAAGATCGCGCTCTACCGCATCCTGCAGGAGGCGCTGGCCAATGGCCATCGCCATGCCGGCGCGACGCGCCAGACCGTCTCGGTCGAGCGCCGCGACGGCGAGCTGCGCATGGTCGTCACCGACAACGGCCGCGGCTTCGATTCTCCCAAGGTGCTCGCGCGCGAGGCCGACGTCGGCGTCGAGGGCGGACACTTCGGACTGCGGGGCATCCAGGACCGCGTCGCGATGCTTGGCGGGCGCTTCGCGATCGATTCGGCGCCCGGCGCCGGCACCGTGCTCACCATCACAGTCCCGGCGGACGCGTGACCAACGACCGGAAGATCCGCATCGTCCTCGCGGACGACCATGGCATCGTGCTGGAGGGGCTGCGCGCCCTGCTCGACAGCGAGGGCGACATGGAAGTCATCGCCGCGACGACGGATGGCGCGCAGGTGCTGCCGCTGGTGCGCAAGCACACGCCGGAGGTCGTCGTCCTCGACTACGAGTTGGGCGGCATGCGCGCGACAGACATCATCGGCGATCTTCGGGCGATGCCCGATGCGCCGCGCGTGCTCGTGCTCACGGCCTACCACGACGGCGAGACGATTCGCTCGGTGCTGGAATCGGGCGCCGAGGGGCTCGCGCTCAAGACGGCGTCGCCGCAGCAGACGCTGAGCGCGATCCGTCAGGTGGTCGACGGCCAGCTGGTGTTTCCGCAGGCGGCGCGGCGCTGGCTAGAAGCGCGTGGCACGCGCGGCGGCATCATGGATCTGACGGCGCGCGAGCGTGAGGTCTGGGCGCTGCTCGCCGAAGGGCTCACCAACGTGCAGATCGCGGCGCGGCTCTCGTTGTCCGAGAACACCGTGAAGTTCCACGTCCAGCATCTGTACCAGAAGCTGGGCGTGAAGAACCGGACCGAGGCCGCGCTCAGGCACCAGGGGCCGGGCGGGCGGAGCGGACCTCCGCGGGGATAGCGGCTGTGCGCGGCGCCGCGCGCCGTACGACGTACTCGGCGACCAAGCGTTCGACGACGGCGCGCCCCTGCTGCTCGTCGCCATCCACGGCGATGACGTCGGGACCGGCGGCACCGCTGCTGACCTGGAGGACGGTAGCGTCGGCGTCGGCGCGCAGCGCGTCGAGGTTCGGCATCGGCACGGGGCGCGCGACACGGAGCTCATAGCGCACGGCCCGTCCCGGCACGGCGCGGCGCAGCACGACGAGGTCGGCGCGGTCGCGCTGGGGGAGAATGAAACGCTGCGCCTCGGCGTCGGCCGTCCCGCTGTCGAGAAACACCGAGACGTCCCAGAGCGCACGCAGTTCCGGCGAGGCGAGGCCGTGCAGGCCGTGCGCCACGATCAGCGCGGTCGGATGCACGAACTCCGGCGCCGAGAAGTCGCCGCTGGTGCGGTCGACCACGGGCTTGAAGACCGTCTCGCCTTGGCGCAGGAGGCGCAGGTGCTGCGCCATGAGCGCGAGGCTGGCATCATGCGGCGTGCGCGCCGCCCGGGCGGGCGGCGGGGCATCGGGCCCGCGCGGCACGGCGTAGTCGTCGAGGGCGAGGGCGGCGCAGTGCGCCGCGCCGAGCTGCGCGACGATCGACTGCGCGAGGCGGCGCTTACCGCTGCCGTGGTCGCCGATGATGGCGCAGAGCGTTGGGCGTGGGGAGCGGCTCGTCACTGGGTGGGATCCCCCGAGGGTGGGGCGCGGGCGGACGGACGCCCCCCGCGTCCGCCGCCGCGCAGCCGTGCCGGATCCGGCGAACCATCGCCGTCACGGATGCGGAGAATCTCTCGGTCTGCGCCATCGGCGAGAACGCCTGTAGGGGCGGGGGGGAGTGGGTGGCGGGCACTACCCGAGCGGGTGGTTTCGCCGGACGGCTTCCGATGCGTTGTCGGGGGCGGTGCGCAGGCGTATATTTCACGTGTTCCAGGTCCCGGGGGGCTTCGGCCCGCCAACCCCGCCAGGGCCGAAAGGCAGCAACGGTACGTGACGTCGTCGTCGCCTCGTCAGACCTGGAACACTCGCGCGAGTGAACTGCCGGTACCCGGTGTGTTCCTCGCGCGATTTCTTTTCACCACGAAGACACGAAGGCACGAAGGAACGGTCGGTCTTCGAAGGCGGCGCTTCCACGTCTCACCGGGCTTGGGGTCGAATCCTTCGGTGCCGTCGAGGGCCTTCGTGTCTTCGTGCCTTCTATGTCGATTCGACGGTATGTTCGTGGGACAAGGGTGCGGGGCGAGCCCGGTCGTGCCTCGGTTCGTGAAGACCGCCACGGAGCAGGGGCCGCGCCCACCCATCACGATTGCCGAGAGCCCGGACGGTTGGGTGGTGCCCACGCCCGACGTGGAGCCCGCATGCGGAAGGCCGGT
CP130613.1_gap34	1120401	1124204	3803	GAGGGCCAGCAGAATCAACGGCTCGTTGCCGTGCGCTGCAACCTCGCGGGCATTGAGCAGGATGTGCCGCCGGCCGACCGCGGGAAACTCGAGGTCAAGACTGTAGTCGTCGACGTGCGAATGCGCTGGCAGCACCCGCTCCAAGAGCGTTCGCAGCTCGGGGATGTCCCACTCGCCGTCGCCGAGCCGGTGCAGGGGACGACCAAGGGTCTCGGACCGATCGCGATGAAAGGTTCGGTAGAAGGCCTCGTTGGCCTCGACGACCGCGAGCGAGCGGTCGAGCACCAGAAGGGGGGTTCGCACCGTGGCTACGACTGCCTCGGCGAGGCCATGCAGGTTCGTTTGTTGCATTTTCCGAGATCCTAGGTGCCAGCGAGCACGTGGGGAGTACGCGGAGACCTAGGGGGTTCCCTGACAGGGTGCGAATTTCTTGCGGGGTTGTCAAGAGTATCGGCGGGAGCTGTGTGACCGATCGTCACCTGACTTCCGCAACGAGATCATCGCGCTACGATTTGTTCCGAGACGCCGGTCCGATGCGCGCGGTTCAGTGGGGCGGAGTGCGAAGTGGATGGTGGGACAGTGATGCCGTGACGACTAGGGCGTTTCTGCCCTAGGCGATTGCACAGGTGGACGAGCGACCGTATGGTGTGGCGCGCATCACCCCACACCTCGGAGCGCTGCATGCCCGCCACGCAGGGTCTTGGGCTCGGACCGTACGGCACCGCATTCGCGCTGGCCGCGTGTATTGGAATCGCGCTCGCGCTGCGGGTCGGCCGCACACGACAGTTCCCGCGCCTCGCGTGGATGACAGTGCTTGGCACGGCGCTGGCTGCCGGCATCGTGGGCTCGAAGCTGGTCTTCCTCGACTTCCAACCCGTCGAGTACGGCGAGAAGACCATTCTCGGTGGGCTCATCGTCGGCATCACCTCGACACTGCTCGTGGCGCGCGCCGTGGGTATCGGGGCGTGGCGGGCGCTCGATGCGATGGCCATCCCCACGCTCAGTGCGATGGCGATCGGCCGCGTAGGGTGCTTTCTCGCGGGTTGCTGCGCCGGGACGCCGACGGAGGTGCCGTGGGCGGTGGCCGCGCGAAACAGCGACGTGCATGTGCATCCGGCACCGCTGTATGAGATGGCGGGCGATCTCCTGCTCATCACGCTGCTGCGGCGTGTGCCGGGCGTGCGGGCCGATGGCGACCGATTCTTGATTGCGACCGTGGCCTACATGGGGTTGCGGATTGCGGTCGAGAGTGTGCGGGACGGACGCACGGCGATTGGGCCGCTCAATGTGGTGCAGTGGACGTTGCTCGTGATTGCGATTCCGCTTGTCGGCGTGCTCGTCGCGCGTCGCGTGCGGGCGCGGAAGCCAGTGCCCGCACTGCGGCCGGCCGTTGCCGTCCCTGCGCCTCAGCACACGCAGGGAGCGGTGCCGCTGCTCGTGCTCGCGGCCATCCTCGCAGCGCTGTTCGTCATCGCGCACGCGTGGTTCGTCCCGATCGAGCGCCTGGCACTCCTCTCGCTCGTACTGGCGTGCGTCGTGATGTGGGCCGCCGCAGTCCTGCCGCGCCGCGTGTGGCGACTCGTCCCGTTCGCGCCGCTCGCGTTCGCGCCGCGCGCCGGGGCGCTGCTGGTGATGCAGCAGGACAGCAGCAATGCCGGCTCCGGCGCACGCACCGAACTGCTGATCGGCGGCGGCTATGCGTCGGGATTGTATGAGCAGATCGTAGGGCACGAACCAGGCGACGGATGCGTCGATGGCCCGCCGACTCTCGCCAAGCGCGAGAGCCGCGTGGTGGCAGGCCGCGCCGGCATCCGGCGCCAAACCGCGAGCGGCGAGCGGCTCACGCTCGAGGGGCGCTACGCTGCGGGTGCCGATCGCCTGCAACGTATCCAGCCGGGACCCGTGACGGCGATACCCGCGCCTCGTAATGACATCGCGGCGGGCGGCCTCGCCATCATGTGGGAGGGACGCCGCGCGATGTGGCGCGCGGACCTCTTGTCAGGCGCGGTCGTACGCGAAGGGCACGAGCTGAATCGGGTGGTGGCGACGGCGGAAGTGAATATCCCGGTGAGCGAGCGATCCTTCGTCGGCGCCGGTATCGCGAATAGCGGCTTTTTCCCGACCACGGGGGAGATGACGCAGTTTGGGATTGGCTTCAAGACCGGCCGCGACCAGCTGCGTGTGTACAGCACGTTGGTCGGCGAAGGGTACAAGGCGGAGCTCTCGTTCCCGCTGTTTCGGACGATGGTGGATCTGTCGTATCGAACGGGAAGGACGTCACACGATGGGGAGGCGCAGGGGTCGATGTTCCGGGTGGGGGTGACGCAGGCGGTCAGGCTGCGGTGAGCCCGCGCTCGATCAGGCGGGGGAGTGGCTAGCCGCTGGAGTCGCAATCCAATGCTCCGCCGGCTCCGCGAGAAACTCTGCGACGGCAATGCCGTCTCCACCGACGAGCAGTGAGCGTGTGGGCGCGAACGCCTTGGTGAACTCGGCGATACCGGCGTGCACACCGCGTGAGCGACCGCTCTTCACCTCGATCGCGGTGAGCGAGCGTCCAGCGGTGACGACGAAGGCCACTTCGTGATTGCCGTCGCGCCAATAGTGGAGTTCGCAGCTGCCACTGAGGGCCGCGTTCGCCAGGTGCGCGCCGACTGCGGATTCCACGAGGCGGCCCCAGAACTCGCGATCGCGCTTGGCCTCGTCGAGGGTGAGGCCGCTCTGGGCCGTCATCAGGGCGGTGTTGAGCACCTGGAGCTTGGGGCTCGAGGCACGGCGGCGCGCGACGTCACCCGCGTACTTCGGCAGCCCGCGAACCATCCCGGCGCCGCCGAGGAGGTCGAGGTAGTGCGCGAGTGTGACGGTGTTGCCCGCGTCCTGCAGTTGTCCCAGCATCTTCGTGTATGAGAGTTCCTGTCCCGAATAGCGGCAGGCGAGCTCGAACAGCCGTCGCATCAGCGCCGGCTTGTGGATGCGCGTCATCATCAGCACGTCGCGCGTGATGCTCGTCTCGATCAGGCTATCGAGCAGGTAACGTTGCCAGCGCGTGGGCTCCCGCGATGAGCGGAGCTGCGCCGGGGTAGCCCCCGTAGAACAGGTATTGCTCCAGCGACCAGCCAAAGGCGTCGCGCATCTCGGCGAAGCTCCAGTGGCCCGCCGTGATGGATTCGAAGCGGCCGGCGAGGCTTTCGCTGAGCCCTTCGGCGATGAGGATTGGCGAAGACCCGAGAAGCACGACCTTGAGCGGGACGCCGCGGCGGCTGTCTTCATCCCAGAGGCGCTTCACGGTTTCGGACCACTGCGGCAGCTTCTGGATCTCGTCGATGACCAGCACTGCGCCTTGCTCGCCCGTGCTGGCGAGGCGAGTGGCGTCCCACTGTTGGGCGATCCACTCGGGTCCGCGCAGCGTGGGTTCGTCGGCGCTGACGTAGCGGACGGGGACATCGAGGGCGGCCACCGCCTGTTGGACGAGCGTGGACTTGCCGACCTGGCGCGGCCCCGTGACCGCTTGGATGAAGCGGCGGGGCTGGCGGAGCCGGTTGAGCAGTGTGGTTTGGTGGTGGCGCTGGAAGTTCATCTGGTGCCTAAAAGTGAGTAAAAATACTCAGTGTATTGAGTAAAAATACTCATTTTATGATCCGAGTCAATACGATTCTCTGTTCGGTTCAATGTGGACGGGAGAGTCCATGTTCGCCGATTTCCGCTGTTTGCTATGCATGTCGGCAACTTCTGTATAGAATCTGCGATTTTCTATGTACGTGCTCGCAGTCGATTGACTTCCCATTTCGCATATCGCGAGGACCGCA
CP130613.1_gap35	1130278	1132665	2387	GATACGGACCAACGGCAGCCCCTTATCGGGAGTGAAGAGGCTGGAGTCAAAAGGGAATCCGTTTACGACTCGCGCGACATCACGTAGGCGGCGCTCGACCCAGTGCTCGGGCACCTCCGCAATGCCGTCGGAGCCCCAGCGGCGAGTGGACGGATACTTAGGAAAGCTCATGAGTCCTTCTGCTTACGCCGACCACCGATGCGCTTCACAATCGCCTTCTCGGCGCTTTCAAGTGCTGCGATACCATCACGCTCTCCGACTGCCTCCAGCTCCTCCCTCCGGCGCTGCGCGAACGCTTCGTACGCGGTCTGCGCCCGCTTGTCCGCATCACCTCGCGAGATACTGCCTCCATCAGCCAGCACTTTGCGATCGTTAAACCTCAAGAAATCATCGAGTCGCTGCTCCCAATCCTGCAGGAAGATCTGCTTCCGCCGCGACGCTTGATCCTCCGCAAAGTCGAGGAACATCGTCACGATTCGGTTCAACTCGGCGATCTCCGGTTCGAGCAGGTAGTTCTTTGCCACGGTGACGTCGGTGCGCGCAACCCGGTCGCCCTTCCACGCGGTGAGACCCATATTCGGCGCGGCGGCATCGGCACGCCGCGCAATGATCTCGGGCGCCGTCAGCCCTGTCGCCGCAAAGTGCAGTTTGTTCTGCACTACACGGAACACACGCTGGGTCTCCTCGGCCTTGGGCGCATAGTCGGCCGCTAGCTGTTGTTAGTGAGGACGTTGTTCACAGGGCCGCAGCGAGATGCAGCATGGGGGGGAGGTAGTTGAGGGCTGAGTGTCCGCGCGCCTCATTGTACGTCCGCAGGTAGCGCGCGAGCCACTCCGTGCGCACCCGCGAGGAGGGGTAGGGGCGCGCGTACGCCCATTCCCGCAGGAGCGTCTGGATCAGCCGCTCGACCTTGCCGTTCGTGCGCGGCGTGTAGGGCATGGTGCGCTTGTGCGTGATGCCGTCGCAGCGGAGGAGCGTGCGCACCGCGTGGCTGCGATAGCAGCTCCCGTTGTCGGTGAGCACGGCGCGCACCCGCACGCCGAGCGCCGCGTACCACGCGATCGCCCGTGCGAGGAAGGCCGCCGTGGTCGCCGCGCGCTCATCGGGCAGGACCTCGGCGTAGGCCACGCGCGAGTAGGCGTCCACCGCGACGTGCACCGCCTCCCAGCCGATCCCGCGCACGCGGGTCCGGCGGTCGCCGTGGATGCGGTGCCCCACGCGGCCGATGCGCCCGAGCTTCTTCGTGTCGACGTGCAGCAGCTCGCCCGGTGCCCGCATCTCGTAGCGGCGCACCGCGCGCGGCGGCTCGAGCCGAGGGAGCCGCTGCAGGCCGTGGCGGCGCAGGAAGTGGATCACCGTTGAGAGCGGGATGCCCGTCTCCTGGGCGATGCGCGTCGAGCTCCAGCGCCGCCGGGTGCGGCCCCGAAGGATCGCGCGGCGCTGCGGCCGCGGGAGCTGGGTGAGGCGATGCGGGCGCGACGAGCGGTCCGCGAGCGCCGCCGCGCCGCCGGTGCGGAAGCGGGCGACCCACTTCCAGACGGTGCGGACGGAACAGGCCGCGCCCCGGGCGACGGCGGCGGGATCCTGCCCGCCCAGAACGGCGGTCGCGACGGCGAGTCGCCCCGCGACGGTCAGACGTGCATTCTTGTGGATGTTCACAGGAGCCTCTGGCGGGGTGCCGGTTGAGCGTCTCAGCAACCCCAGCTTGCATCCGCTACGCTCCTGTGAACAACCTCCTCACCAACAACAGCTAGCGCGAGGATGTCGCGTACGCGCAGATACATTCGCCGCTCGCTGGCGCGGATGTCCCTGATGCGCTCGAGAAGCTCATCGAAATAGTCGGGGACGCCGGCGCCAGACGGGTTCCGCAAGCGCTCGTCGTCCATCACGAAGCCCTTGCGGAGATACTCGTCGAGACGAGTGATGGCCCAGAGCCGGAACTGGGTGCCTCGGGGGCTTCGCACCCGCATTCCGACTGCGAGAATCGCGGGGAGCGAGTAGTGGTTGATTGCTCTGGAAGTCGTTCTCCCGCCTTCACTTCGAACTATTAAGTATTGCTTAATAGTTCGATTCGGGTCGATTTCCCCCTCGGTAGTCAGCGCCCGGAGGTGGGTGGCGATGTTCGCCACCGTGGTCTGGAAGAGCTCCGCCATCTGGGCCTGCGTCAGCCACAGGGTCTCCCCGTCGAACCGGATCTCCATCCGGCTCTGCCCGTCCTCGGTCTGGTAAAGGAGGAACTCCCCAGGGGCAGGCGGCGTGAGGTCGCCGCTCATTGGTGCAGCGCCCCCAGCATCGCCACAATACGCCCCGAGACTTCCTTAAGCTCCGCGTCAATCTCCTCCAACGACCGCGGCGGCTTGAACACATAGAAGTGCCGGTTGAACGGG
CP130613.1_gap36	1136041	1136626	585	CTTCGTGCTGGCCATACGCGCTCCAGTCAAGTGTACGTACAGAAGCTATGAGTTATCCGTACATTCGCAAGCCGACGGCGCGCGGCTAGATTGTGGCCATGGTAACGCTCGGCGACGTCCTCGACGACATCTCCTTATTGCTGGTGCGACCGGGGATCCCCCCCGCCCGCGCCCAAGCCCGCGACCTCATCGCCTGGGTCCTCGACAAGCCCCGCTTCTGGCCCTCCGCCAACCCCGACCACGAGCTCACGCCGGCCGAGGTCCAAGCCATCCAAGAAGCCGCGGAAAAGCTGAAGCAGGGCATGCCCCTGCAGTACGCCGTCGGCAAAGCCCCCTTCCGCCACCTCACGCTCCGCGTCACCCCTGACACCCTGATCCCAAGGCCCGAAACCGAGCTCTTGGTCGAGCTAGTCATCGCCGCCCAGCGAGGCGGCAAAGGCACGGTCGTGGACGTAGGGACAGGATCCGGCGCCATCGCCCTCGCCCTAGCCGCCGAGAGCGCCTTCGAGCACGTCATCGCCACCGACATCTCCGAAAAAGCCCTCGAAGTCGCCAAGGCGAACCTGCAGGCCATCCCCGAAGACC
CP130613.1_gap37	1143786	1145482	1696	GGCGGCCGGCCAGGCGCTCCTGCAGCGCGACGGCGTCGGCGAGCTCGCGCGCCGCACGCTCACGCACGCGGTCGCGCTCCGAGCGCACCTGCGAGGCCTGCGCCAGCGACTGCTGCGCGGCGGCCGCGTTGTCGGCGGCGGTGGCAGCGGCCGCTTCGGCCTGCACGACCTCCGCATGCACGGCCTGCGCGCGCGACTGGACCTCAGCGCGACGCACATCGACGTTGGCCAGCGTCGCGCGCAGCTCCTCGAGCTCGGCGCGGCGCGTGAGCGGGCCAGCGGAGCCGGCATCCTTGGCGGGCAGCCACATCGCACCGCGGGCGTCGATGAAGCCCGTACCGTCCGTTGTCGCCTTCACCTTCCCGAGCAGCGCCCGTACCCAGCCGCCACCGGCGCCCTCGGCGCGCACGCGCGCGGCGAGTTCGTCGGCGTCGAAGCTGCCGTTGCCATCGTGCAGCGCATCGAGCGGCAGGAGCAGCAGGGCACCAGGGTTGGTCTCGCTGTGCCACTGGCGCACGGCGTCGGCGGCGGCGCGGTCCCGCACCACCACGGCGTGCACGGTGGCGCCGAGGAAGCGCTCGATCTGCGCGGCCACTGCGGCGTCGGCACCGATGAAGTCCGAGAGCGGACCGAGCACGGCATCACTGCCAAAGCGCTCACGCTCGCGCAGCAACTTGGCGGCGGCCGGCGCGAGGCCCACACGCTCGCGCTCAAGGCCCTCGAGGGCGGCGAGGCGGCCCTGCACGGCGGTGTGCTCCTCTTCCACCCGGCGCACGTCGGCGCGGGCGGCGGCTTCACGGTCGCGCGCTTCGCGGGCTGCAGCGCGCGACTGCTCCAGCGCGGCCTCGGCCTGTGCAGCAGCCTCGCGGGCCATGACCAACTGTTCGTCGGCGCTGCTGAGCTCACGCTCGGCCAACTGCAGGCGCGCCGTGAGCGCCTCGTGTTCGGCGACGAGCGCAGCGGTGCGCTGCGCGACGTCGGCCAGCTCGCGCTCCGCGTTCTCGCGCTCCAGCTCGAGGCGGCGCGCGGTGTCGCGCAGCTCGCGCACGACGCGATCGGCGGCATCGGCGCTCTGACGTGCGGCGGAAACGGTGCCGCGCGCTTCTTCCTCCGCGGCGACCTTTGTGCGCAGCACTTCCAGTGCCTCGTGCAACTGCTCGGCGCACAGCGTCTCTTCGGCCTGCGCGGCGTCCATCTCGCCCTGCAGGCGATCGCCGAAGGCGGCGCCTTCCTGGCGCTCCTGCTGCGCGCGCTCGCGGCGCGTGAGCGCATTGCGGTGGCGCTCTTCGGCGACGGCGAGTTCCTGCTGCAGCTCGAGCACGCTCTGGCGCGCCTGCGCGGCCACGATGGCGCGCTCCTGCCGCGCCGTCTCGGCGGCGGCGCGGGCGGCCTGTGCGAGGTCGCGCGCGACTTCGGCGGCGCGCACGGCTTCGTGCTTGAGCGGCAGCGCGTCGCGAAGCCCGCCGAGGCGCTCGTCGAGGTCGGCCAGCTCCTGCTGCCACGAGGCCATCTCGCGCGAGGCGAGCGTGAGCTCGACGGCGAAGCGACGCGTGGTGAGGCCGGCGGCCTTCTCCGCCTTGTTGCGCTGGCGGAGCAGCGAACGCACCTGCGTCTGCACTTCGCTGGTGAGGTCGTCGATGCGGACGAGGTCGCCCGAGGTCGCCTCGAGCTGGCGTTCCGTGGTGCGACGGCGATC
CP130613.1_gap38	1192811	1196591	3780	GACCCAATCGGAACGAAATAGCCGGCTGGCGCGCATAATCACCAGAGGTCGCTCGCCCTCTCCACAACGAGGTACCTATCAAGACGATCGGATTCTAAGGCGCCCTGCGCTGCCGACGGGCCCCGCCAATAGCGGGGCCCGTCGGCGTTTCTGGTCGTGCTGAGTAACGACTCCCCGCGCCGGCGGGCCAGATCTTCCTGCGCGCAACCACGGGTCGGCGACCCCAAGTCGTATAAGCTGTTGTAATACAACGACTTGAGGGTTTGGATAACCGACCAATGTTCATGCACTGGTTTGCGGCCCCCCCCAAGTGCGCGGAAACCTAAGTGCGAGGCTTCGTTGCCATGGCAACAGATTGATTGCAGCGGCGGAACCGCTCGGCAGCATGCTGGGGGACCCAGGCAGGAGAACGAGGATGCCGACGCCGGTCCCACCCCAGGAGTTGAAACACGAGACGGCGCCGGTGAGCGTCCGCCGGTTCCATTATCCGCTGACGTCGCGGCCGCGGGACGTCGCACTCTATTCGCTTGTGCGCGACGCCGTCGGCACGACCCGCCTACGCTGGGATGGCGTTCGGCCGCTCCACCGGATCCCGGCCGAGCATGCTGCGACGTTGCGAGGATGAGCACGGATGGAGGAAGTGATGAAGGCTGACTCGAAGGAGGACCTCCGCGCGCCGCGGCGCCCCGCCCTCGGCTACGCGTTCCTCGACAACAGCGCGCTGTGGCAGCTGCGGCGCGCGGAGATTCGTGACCGCCTCTGGGAGCGCCTCGAGTACCGCGGCATGACGTTGATGCTGACCGAACTCAACGTCCTGCAGGCCTTGGCCGCTGGCCCGGTGCGCGGTCGCGAGCTGTTGGAGATCCTCACCGGCGTCGCGCGGAGCCAGTGGGTCCTGCCTGCACCAGACGCATTCCTGCGCGACGCCATCACGCAGGTGACATCGGCGACGATCTCGCTGTCGGCTGAGCTGTTCGAGCTCCGGCGCGCAGACGCTATCGAAGACTTCGAAGCCGAAGCCCGGCGCGCCAAGGCGTGGACGGCGCGCGCCGACGCCGCCTACCGGGATCACCTGCGGCAACACCAGGCAAGCATCCGTCAGGGACTGAGAGCGCGGGGCGTGCGGCCGACGATCGACCTGCTCCCCGCCTTCAACGCGGACTGGCCATCGATGCGCAACTACGGCGAGCTGCGGCAGCACCTCTGGACGCTCCTCGGTTTCGCCGGCGATGCACCCGACGCGCTGGAGCAGCGCCTGCCGCCGCTGCGCATCGAGCTCGCGGCCCAGGGCGTCGGACTCTTCGAGCATGCAATTGCATACGACGCCGGCAAGCCGACCGAGCGCACCGACTTGCTGCAGCTGTGCTATCTCGGCATGTCGCAGTACGCGCTGCTCGTGACGAACGACCACGGCCAACAGCGCGCAGCGAATACGATCCTCCAGTTACCGGGCTTCGAAGGGATGGCGCTCTCGCTCGACCAGCTGCTCGCTCCCACCGGCGACAAGTTACCTAGGCCATCACAGCAAGGCGCCCAAGGTGCGCGTGATGGCGAGCTATAGCACTCCCGGCGCCCCCTACGACGCAGATACTGGTAGCGGCGCCCAGTCGCATTCGTCGAGTTGCAGCTCGAACTTGCGGACCTCGAGCGTCGGCCGTGCGGATGCGCCGACCACGTGGCCGACGCCGGCGATGGTTTCGCCGACGCTGATGAACTGCGGGTTCTCGCTCCAGTCAGTTGGCAGCTCGATGTCCGCGCAGGCACGGCGCGCAGAAAGGTCTACCACGGTAACGTAGGCGTGCATCGTTGCCTCAATCGCAACGCGCGTCGGATCGGAAATCCCTCCAGGCGGTGCGATCCACTCCTTGTGCACGAACGCTAGCCAACCGTTCCGTAGCACTTCGATGGAGATGAGCGCCGGCATCAGCGTCGAGCGCCCAGAGGTATTGGCCACGGGTCGCAGGGCCGCGTCGAGATCCACGGGGATGGCTCGGCGCGTACGACGAGGCACCACGAAAGAGAATTGCGGTGCAAGCGCCGAGTCAAACACGGAGACAACGTCACTCCACAGCACTGCGGTCACGACATGGGTCGCGGAGACGCCGACGACCGATCGAGGGAAGGACGCGATGCCGAGCTGGTGCCGAAGCAATGAATCCGGAAGCGGCAACGCGGGCCGTAGTGTGCGCGAGCCGGGCTCAAGAATGCCGACCGTGGTGAAGGAATCGGGGGATAGCGAGGCCACGATGAGCCTCGACCCGACCGGCCCCAGAGACGAGACAGACCCGAGGCCGTTCGCGTGCCAGAGGAACTGGCCGTCAGATTGCCGGAACACCGAAACGCGCCGGTTCGTCAGGTCCGTGACCACGAGCGAGTCACGGCCCCACACGCTCATTGCAGTTGGCCCGCGGAACTCGCCGGGACCGTCGCCGCTGCGCCCGAACACGCGAAGGAGCGCGCCGTCAGATGCGAACTCCAGCACGCGACGCTGCACTTGGTCGGTAACAAACGTCCGCCCATCCGGTGCCATATACGCTCGTGAGACTCGAGCAACGTAGATCGTGTCGGACTCAAGCAGCGTGTCCACCGCGGCGACCCGCGCAACCGGCCGCGCAGTTTCGGGGTCAACGTCTGTCTGGCTACAGGCCGCTGCTGACAGGACGGCCAGCAGACATTGCGTCGCGGCTCGCAAGGGAATCCACACAGCGGAAGCGGACATTCTCATAGGCTCGCTTGATGAGGGAGTACGTGCTGATAGGGTCTGCGGCTGAGTCCGATGCTGCAATGACCCCGTTCTCGTAGAGCAGCAGCCGCACGCCGCTCGGCGTCTCGCGCGGCCATGGGCGCGGAAGCACGCCGTCGATTGGCAGGCGCATAGGAGCCGCCGCGCGTTCCTCGCGGACGGACGGCAACCGTCTCCATCGGAATGCCATAGCTGCCGGGGCGCAAGCGCGGAGTTCATCGAACTGCGGCGGCGGTGCCCCGCAACCGAAGCACGTGCCCGGTTCAAGGACAACAACAACCAGCGACGGCGGCGCCGGTTCAGGCAAGTGGAGATCGGCGAACGCGGGGAGGTCCGACCCTTTGCTGCATCCGGCAACGAGAACGACGGCGCAGGTACAGCCAAGCGGACCGAGTGCGCGGAGTAGCCGCGTGACCTGAGTCGGGAACAAGGACAACACTTGCATATAACGGATAAGGGGCGCCGTTTGCGACGAGGGTCTTAGGCGACCCTCGTCGCGGCACGGCCTACATCTGGATGATGATGGGTGAGTTGATGACGCAGTTGCAGACGTTCAGAATGCAACCCTCACAAAAGTCGCCCGGAATCACCTGCAGGGCGTTCGGAGGCGGCAACGGGATCTGCGCCTCTGCCTTGCTCGCCGGCGCTGGCAAGAACAGGCTGACTGCGAACAGCATGTAGAGCGACTTCTTCATGTAACCCTCCTGAGAAGATGAAACTCTCGTCGGCGCGAGCGAATCTCCGCCGACGCGACACGATTGGACGCGGAACCGCACCTGTCAAATCGTGCTAGGTCAATACCGCAGACAACCGTCATCGGAGCGTCACCGGGCGGCCTAGGTGTCGGTTCTAAGGACGTTGTTCACGCTGCATGAGGAAGTGGAGCAGCGGGGGGACGCGGCCGAGCGACCGGTGCGGCCGTTCGACGTTGTAGCAATCTAGGAAGTCGGGTAGCGCCGCGTTGCGGTGGCGGGAGCTGCGGTAGGGCTTCTTGTAGGCCCAGCGGCGGAGCGCGGTCTGGATGAAGCGCTCCGCCT
CP130613.1_gap39	1380340	1383822	3482	AACGCTCGACCCTGCGGGTGGAGCCGTGATCTGGCCGGAGCTCGCCGCGCGCGTGGGACTCGTGATGGATCGGCGAGGGATCGCGCGCGTGACGGCCTGGGCGGCAGGGGCCAAGGCGGGCGGTCGGGTCCAGTTGTCGGGTGGCGAGGTGCTCTGCACGGCCAGCACATTCGTCCTTCGGCGTCTATATTGATGTAGATGACGCCTCTTTCGACTTCCGGCGACCCGCGGCTGCGCGGCCGCGCCGTCAAGCGCGTGGCCTTCGACGAGCAGGCCATCGCCACCCGCGTCCGGGAACTGGGCGACCAGATCACCGCTTCCTACCCAGACGGCGAGTTGCTGGTCCTGGGGCTCCTGAAGGGGAGCTTCGTGTTCCTCGCGGACCTGGTGCGTGAGATCAAGCGCCCGCTGCACGTGGACTTCCTGGTGGCGTCGTCCTACGGCGCCGGCACCGTGTCATCCGGGAACGTCCAACTGGTGTATGACCCGAAGACGGAACTGGCAGGGAAGCACATCCTCTTGGTCGAGGACATCGTGGATTCCGGCCGCACGCTGCAGGTGCTCATGGACCTGCTGCGCGAACGGAAGCCCGCCTCGCTCGAGATCTGCGCCCTCCTGCATAAGCATATCGCGGAGCATCTCTCGCACCCGGTGAAGTTCGTCGGGTTCGACGCTCCGCACGAATTCCTTGTCGGCTACGGACTGGACCATGCGGAGGATTTCCGCCACGTCCCGTACGTCGCGAGTCTGGAGTAACTGATGGCCAACGCCCCGCAGCAGCAGAAGCCCGGTGGTTTCAGCAAAGCGTCCCGCACCCTGTCGCTCTGGGTGCTGGCGTTCCTCGTGCCCTTCGTCTTCTTCCAGATGACGACGGGTCGGAACGAGCAGTCGCCGCTGGTGGACTATTCCGTCTACGACACGCAACTCGGCGCGGACAACATCTCGCGCGTGACGATCGTCGGCGGCACGAAGATCAACGGCGAGTTCAAGAACCGCGTCCTCGTCGAAGGCCGCGAGGTGCGGCGCTTCTCCGTGCTGCTTCCGGTGCCGAACAGCGACGCCGAGTTGGAGCGCCTGCGCGCCAAGCAGGTGGCGATCAAGGCGGAACCGCCGCGCGTGTCGATGGGCACGATCCTCCTGCAGATGCTGCCGTGGATCATCATCATCGGCATCTGGGTCTTCCTGCTGCGCCAGATGCAGGCGGGCGGCAACAAGGCGTTCTCGTTCGGCAAGTCGAAGGCCAAGCTGCTCTCGGGTGACACGCCGAAGGTGACCTTCGCCGACGTCGCCGGTGCGGACGAGGCCAAGGTCGAGCTGCGCGAAATCATCGAGTTCCTCAAGGATCCGGCCAAGTTCACGAAGCTCGGCGGTCGCCTGCCGAAGGGCGCGCTGCTCGTGGGCCCGCCGGGCACGGGCAAGACGCTGCTCGCCAAGGCGGTGGCCGGCGAAGCGGGACGTCCGTTCTTCTCGATGTCGGGCTCTGACTTCGTGGAGATGTTCGTGGGCGTCGGCGCGAGCCGCGTGCGCGACCTCTTCGAGCAGGGCAAGGCGAACGCGCCCTGCATCATCTTCATCGACGAGATCGACGCGGTCGGTCGCCATCGCGGCGCCGGCTTGGGCGGCGGGCATGACGAGCGCGAGCAGACGCTGAACCAGCTCCTCGTGGAGATGGACGGCTTCGAGTCGAACGATGGCGTGATCCTCATTGCCGCGACGAATCGTCCGGACGTGCTCGACCCGGCGCTGCTGCGCCCGGGCCGCTTCGACCGACAGATCGTCGTGGATGCGCCGGACCTCAAGGGCCGCATCGGCATCCTCAAGGTGCACGTGCGCAACAAGCCGCTCGCGGCGGACGTGGAGATCGAGCGTCTCGCGCGCGGCACGCCGGGCATGGCGGGCGCCGACCTCGCGAATCTCGTGAACGAGGCTGCGCTGCTGGCCGCGCGTCGCAATCACGACAAGATCTACATGGTGGACTTCGAGGACGCGAAGGACCGCGTCATGCTCGGCGCCGAGCGGAAGTCGTTGGTGATGCGCGAGGAAGAGCGCCGCCTGACGGCCTTCCACGAGGCAGGGCATGCGGTCTGCGCGATCCGCGTGAAGGGCAACGACCCGCTGCACAAGGTGACGATCGTGCCGCGTGGCCGCGCGCTGGGGCTGGCGTTCACGCTGCCGGAAGACGACCGCGTGTCGGTGACGCGCGAGCAGCTGGAGGCGCGCCTCGTGATGTCCTACGGCGGTCGCGTGGCGGAAGAGCTCGTGTTCGGGCGCGATCGCGTGACGACGGGTGCGGCGAGCGACATCCAGCAGGCGACGGGCATCGCCCGGCGCTACGTCTCGCAGTGGGGCCTCTCGGATGCCATCGGTCCGATCCTCGTGGGCGACAACGAGCAGGAAGTCTTCCTCGGCCGCGAGCTCACGAGCCGTCGCCAGGTGTCGGAGCGCACGGCGCAGCAGGTGGATGACGAAGTGTCGCGCGTGATCAACGAGGCGTACAACCGAGCCGTGGACACGCTGACGCAGCACCGTCCGCTGCTCGATGCGATCGCCACCGCGCTGCTTGAGCGCGAAACGCTGACGCGCGAGGACATCGCGATTCTCGAGAAGGGCGAGGCGTTGCCGCCGCGGCAGGAGCCGCCGAGCACGCCGGCGGTGCCCGCTCCGACGATTGTGCCGGCTCCGGAAGCTCGGCGCGTTCCGCCGGTGATCGGTGGGCCGGAGCCTTCGCCGGCGTGAGTAACGGCAGGAGCGAAGAGCGAGGGGAAAGAGCGAGGGGTGAGGGACCGAAGTAGAGGGAACGAAGGGGCGAGTGGAAATCCCACTCGCCCCTCTCCCTTTGTGCCCATCCTCTTCGTTCCCTCATCCCTCGATTCTTTCCCTCGCTCTTCGCTCCTCGCTACTACCACGCCGCCCTAAGCACCAGTATTTTCAATAGGTTATGGAGTTTTTGGGACTCAAGCAGCGGGTGGCGCAGGTTCGCGGCGAAATCGCGGATGCGGTGGCGCGTGGCGGGCATGGGCAAGCGGTGCGCCTGATTGCGGTGACGAAGACGCACGGGCCCGAGGCGGTCTTGGCCGCTGCGGCAGCTGGCATCACTGACGTCGGGGAGAACAAGGTGCAGGAGGCGCTGTCCAAGCAGGAGGCGCTGACGGCGGCGGGGACGATGCCCCACGGCCTGACCTGGCACCTGATCGGGCATCTGCAGACGAACAAGGTGAAGGCGTTGCCGTCGTTCGGGCTGTTCCACGCAATGGACCGCGCGAAGCTGGCCGATGAGGCCGCAGCGATGGCGGCCAAGCGAGGCATCACGCTGGATGTGTTGCTGCAGGTGAACATCGTGGGTGAGGAGACGAAGGGCGGGCATGCGTTGTCGGAGGTGCCGGCCGAGGCGGAACGGTTGCACGGGATGCCCTCGCTGCGGGTGCGGGGCGTGATGACGATGGCGCCGTTCGATGCGCCGGAGGCGGTGTTGCGGCAGGTGT
CP130613.1_gap40	1384989	1387547	2558	GCCGCGGGGCAGGGCACGACGCTGCGCAGCGGCGTCTACGCGGCGGTGATGGGACCGAACCTGGAGACGCGCGCTGAGTACGTGATGCTGCGCACGATGGGCGCGGACGTGGTGGGGATGAGCACGGTGCCGGAAGTGATCGTGGCGCGGCAGCAGGGCATGCGCGTGCTGGGCATCTCGATCATCACGGACGCCTGTGTGCCGGAGACCTTGGAAGAAGCCTCACTGGAGAAGATCCTCGCGGTGGCGGCGGTGGCCGAGCCCAAGCTGACCGCGCTGGTGCGCGGCGTGGTGGAGCGGCTGTGACGAATACTGGGACTGCCATGCGATTTCGCACGATTGCGCCGGAGCTGACCGCCGACGCGCTGGAACAGGAAGTGCAGCAGCGCTGGACGCGCGACGGCGTGTTCGCCGCGGCGCAGGCGCAGCGCGCCGATGCGCCGGCCTGGGTGTTCTACGAGGGCCCGCCGACGGCGAACGGCAAGCCGGGCATCCACCACGTGTTCGCCCGCACGGTAAAGGACCTGTTCTGCCGGCATCGCGCGATGCTCGGGCATCACGTGCCGCGCAAGGCGGGGTGGGATACGCACGGGCTGCCGGTGGAGATCGAGGTCGAGAAGCAGCTCGGCATCAGCGGCAAGCAGGATATCGAGCGGATCGGCGTGGCGGAGTTCAACCGTCGCTGCCGGGAGTCGGTGTGGACGTACAAGGGGGACTGGGAGGAGGTCTCGTCGCGCATGGGGTATTGGTTGGATTACGACCATCCCTATGTCACGTATGAGAACGAGTACGTGGAGAGCGTGTGGTGGGCGTTGAAGACGTTGCACACGCGGGGGCTGCTGTATCAGGGGCATAAGATCCTGCCGTACTGTGCGCGGTGTGGGACGGCGTTGTCGTCGCATGAGTTGGCGCAGGGGTACGAGGATGTTGAGGATCCTTCCGTTTATGTGGCGTTGGACCTGCAGTTGGGAGTTGGGAGTGGGGAGTTGGGAGGCACTGCCACTGGGCTGACGTCTCTTCCAGCTGCCGTTCGGCGTCGCATTGTCGTGTGGACCACGACGCCGTGGACACTCGTTTCGAATGTCGCGTTGGCGGTGCATCCGGAGCTGCACTACGTGGAGCTGCGGAAGAAGAATGTGTCCGATTGGACGATCATTCTCGCCGAGGCGCGCGCGGGGGCGGTGCTCGGGGCGGATTACCGCGAGCGCTGGGACGAAATCGGCTTGTTCAAGGGCGCGTCCCTGGTGGGGCTGTCGTACCAGCGGCCGCTCGACTGGGTGGAGTATCCGGACGAGGGGAAGACGCAGGTCATCGTGGGCGAGGAGTTCGTCTCGGCCGACGATGGCTCGGGCGTGGTGCACATGGCGCCGGCGTTCGGTGCGGATGACTATGCGGCGGGGCAGCGGCATGGGCTCGCGTTCGTGAATCCGGTGAATGCCCGCGGCGAGTTCCCGGCGGAGATGCCGGTGGTGGGCGGGAAGTTCGTGAAGACGGCGGACCCGCTGATCATCGAGGAGCTCGAGAAGCGCGACCAGCTCTGGAAGGCGCAGAAGTTCGTGCACGCGTATCCGCACTGCTGGCGCTGCGGCACGCCGCTGCTGTACTACGCGCGCAGCAGCTGGTTCGTGCGCACGACGGCGTACAAGGACCAGATGATGGCGCGCAACGCGGCCGTGAACTGGAATCCGCCGGAAGTCGGGGCGGGGCGCTTCGGGTCGTGGCTCGAGAACAACATCGACTGGGCGATCTCGCGCGACCGCTACTGGGGCACGCCGCTGCCGGTATGGGTGAATGACACGGACCCGGCCGAGATGGAAGTGATCGGCTCGTACGCGGAGTTGGCGGCGAAGATCGGCAAGCCGCTGCCGGCGGACTTCGATCCGCACAAGCCGCATGTCGATCAATACACGTGGCCGGCCCCCAGCGGGACGGGCACGATGCGGCGCGTCCCCGAGGTGATCGACACCTGGTTCGACTCGGGCTCGATGCCGTTCGCGCAGTGGGGCTATCCGCACCAGGCGGGCAGCGCGGAGCAGGTGGCGCGCTACTTCCCGGCGGACTTCATCGCGGAAGGCGTGGACCAGACGCGCGGCTGGTTCTACTCGCTGCTGGCGATCGCGACGGGGCTCGGCGATGCGCTGCCGAACAACGGCGGCGACGCGACGGCGGCACAGGGGAGCGCGGCGTCACGCGCCGCGCCGTACCGCGCAGTGGTCGTGAACGACCTCGTGCTCGATGCGAACGGCCAGAAGATGTCGAAGTCGCGCGGCAACACGGTGAATCCGCGCGGCGTGATGGAGAAGCACGGTGCGGATGCGGTGCGGCTCTTTCTCATGGCGAGCTCGCAGGTGTGGGTGCCGCGGCGCTTTGACGAAGCCGTGATCCGCGAGACGGCGGGGCGCTTCCTCGTGACGCTGCGCAACGTGTACTCGGGCATCTTTGCCCAGTACGCGAACTTCGGCTGGGAGCCGTCGGCGGCGGATCCGCGCGTGGCGGATCGCCCCGTGCTCGACCGCTGGGTGCTCTCGCGGCTCACGGCGGTGGAAGCCGAGGTGGAC
CP130613.1_gap41	1391380	1394584	3204	ATGGGGCAGCAGTCGCTGGTCGTCGAGGCGATCCAGGCGGGCGCGAAGGACTTCGTGGTGAAGCCCTTCCAGCCGAGCCGCGTGCTGGAGGCGGTGCAGCGGGTCCTGGGCTAACCGCCCGGCCGCGCGTCGCGCCAGGCCCGAGCCGCCGATGGATCCGTCACGCTACGCGGACCTCTTCCGCACCGAGAGTCGCGAACAGCTCTCGGCGCTGAACCGCGCGTTGCTGGCCATCGAGCAGGGGGATGACCCCGCCGAGCCGGTGGCGGCGATCTTCCGCGGCGTGCACACGATCAAGGGCATGAGCGCGACCATGGGATACTCGGCGGTTGCCGAGTTTTCGCACGAGTTGGAGTCGCTGCTGGCCAAGGTGCGCGACGGCGAGCAGTCGGTGAGCGCGGAGCTGATGGACGCGCTGTTCGCGGCGGCCGATGCCTTGGAAGACGGCATCGAGCATGCGCGTGAGGGCACCGCGCTGACGCCAGCCATGCAGTCGGCACTCGAGCGCTTGCACGACATCGCGGGAGGCCGCTCGACGGCGGAGTTCCGCGTGATGCGCGCGAGCGGCGTGGTGAAGCTGCCGGCCGAGGCGCTGGATCCGCTCGATGGCGAGGGTACGCTGGTGCACGTGGTGCAGGAGCCGACGGCGGTGCTGCCGGGCGTGCGTGCCTTCATGGCCGTGCAGCGGCTGCGGGCGCTGGGCGAGGTGCTGGCCTGCGTGCCGTCGGCGGATGCGTTGCAGGCGGCGACGACGCCGCAGGCGTTCAGCGTGCGGATGCAGACGGCCGCCGGCGCGGCCGAGCTCGAGCACGCGGTGCGCGGCGCGGGGGATGTGCTGAGCGTGCGCGTCGAGGAGCGCGCGGCCGCTGCGCGGCCGATCGTGGAGGCGCCGTCGGTGACCGTGGAGTCTCCCTCGGTGACGCTGCACCCGATGCGGCGCGTGAGCGACATCCTCGAGGCCACCGATGCGCTGGGGCCCGCCGAGCGCGGCGCCGCGCCGCGGGCGCGGCACGTGCGCATCGAACTTGCGCGCCTGGACTCGCTGCTCGACTTGGCCGGCGAGTTGGTGATCGTGCGCGGGCGCCTGCAGTCGCTCGTGGCGCGGCAGGGCGACGCGGCGCTGCGCGAGGCGATGGACGACGCGACGCGATTGATCGCCGACCTGCAGAGCGAGATCATGACGAGCCGGCTCGTGCCGGTGGGACAGGTCTTCGACCGCTTCCCGCGCCTGGTGCGCGACGTGGCGCGCGCGCTCGGCAAGGACGTGCTGTTCACGATCGAGGGCAAGGAGATCGAGCTCGACCGCTCGGTGCTCGACGAGATCGGCGAGCCGGTGGTGCACCTGCTGCGCAACGCGGTGGACCACGGGCTCGAGGCGCCGGCGCAGCGTGAGGCGGCGGGCAAGCCGCGCGCCGGTCGCCTGGTGCTGGCGGCCCACCGCGATCGCAACGCCGTGGTGATCACCGTGCGCGACGACGGGCGCGGCATCGACCGCCGCCGCGTGCTGGCCCGCGCGCTGCAGCTCGGCTTGGTGCCGGTGGGCACGGAGCGGCTCGATGACGACGGCCTGCTCAAGTGCATCGCGCATCCCGGCTTCACGACCAGCGATCGCGTGACGGCGGTGAGCGGACGCGGCGTGGGCGTGGATGCGGTGATCAGCCGCGTGCGGGCCTTGGGCGGCTCGGTGGAGCTGCGCAGCAGCGAAGGCGAGGGCACGACGCTCGCGTTGCGGCTGCCGGTGACGCTGGCGATCGTGCGCGCGCTGCTGGCCCGCGTGGGGGCCGAGCGCTACGCGCTGCCGCTCACGCATGTGCGCGAGACGCTGGAGCGTCGCACGGCCGTGGTGCAGCCGGTGCAGGGACGCGACATGCTGCTGCTGCGCGACGAGGTGCTGCCGCTGCTGCGGCTGCGCGAGGTGGTGCAGTTGCCGGGCCAGGCGGCGGAGCTGGATGGTGAGATCGTGGTGATCGAGCGCGGCGAGCGGCGTGCCGCGCTGGTGGTGGACGAACTCACGGCGCAGGAAGACATCGTGGTGAAGGCCTTCGACGGGGCGCGGGACGGATTGGCGCTGTTCAGCGGCGCGACGATCCTCGCGGATGGGGCCCCGGCGCTCATCGTGGACGTGGGGAGCCTCCTGTGACGGACTCAGTGGACGACGTACGGAACCTCTCGCGGGCGGCCTTGGATGCGCTGCGCGAAGTGGCGAACATCGGCGCGGGGCATGCGGCCACGGCGCTGTCGGAGATCACCGGCCAGCGTATCATGATCTCGGTGCCGCAGATCTCGGTGGCGCCGATCGAGGACGTGCCGAACCAGATCGGCGACGCCGAGGAACCCGTCGCGGCGGTGGCCATCCGCGTCGAGGGGGACCTCACCGGCCTCACGCTGCTGGTGTTCCCACAGCCGATCGCGCAGCGCATCGCGTCGTTGATGATGGGCGGCCGCCCGGTGACGCAGATGGGCGCCATCGAGGAGAGCGCCCTCAAGGAGGCCGGCAACATCCTCTCCGCGGCGTACCTCAACGCGCTGGCGGAGTTCCTCGGCATGCGGATCCTGAACTCGCCGCCGCAGCTCGCCGTGGATATGAGCGATGCGGTGCTCTCGACGACGTTCGTCGAGACGTCGGCGGGCGCCTCGCATGTGTTCTGCGTGGAGAGCGAGTTCCAGCTGCAGAACGACGCCGCGCCGCTGCGCGGGTTCTTCCTGCTGCTGCCCGATCCGGCGTCGCTGCGGGCGATGCTCACCGCGATCCGGGTCGCGTGAACCGGCTGTCCACCGCCTCGACGTCGGAGCGGGACCGCGAGGTCCTGCGCGGCTTCGCGCGCCGGATCGACGCGGCGGACGCGGGGGCGCATAACAACCTTGGCGTGCTGTACTACACCAAGGGATTGTTCGAGGAGGCCGTCGACGCCTTCACCAAGGCGCTGGACATCGACCCGAAGATGCAGGTCGCGCAGCGCAACCTGGAGATCGCGTACTTCAACACCGGCTACTACGACCGTCGTGTCGCGGAGCTGCGGGAGCGCCTGCGGCACAAGCCCGACGATCGCGATGCGCGGTGGGAGCTGGGCCGCGCGTTCGCGTTGCTGGGCCAACCCGAGGATGCGATTCCGGAGTTCCAGGCATTGCTTGCCGTGCGGCCGGGCGATGTCGGCGCGATGATCCAGCTCGGGCTCGCCGAGAAGGCCGCGGGCCGCCTCGGCG
CP130613.1_gap42	1397144	1399928	2784	GTGACGTCGCGCGAGATGGAGCGGCAGATGCGGCTGCAGATCGAGGCCGTGGTGTTCGAGCTGATGTCGTGGTCGGAGGGGCACTTCCGCTTCACCGAAGGCATGAGCGAGGACGCGCTGCGCGATGCCTCGGCGCCGCTCGGGACGGAGTCGCTGCTGATGGAGGGCGCGCGCCGCATCGACGAGTGGTCGCGTATCGCGGACCGCGTTCCGAACCTGTCGGTGATCCCGGACCTCGCGCCCGGCGACGCGGATCACCCGGCGCTGCTCGACCTGCTGCCGCAGGAGTGGAAGGTGCTGGCGATGATCGACGGCCAGACGGACCTGCGCAGCATCGCGGCCACGCTGTCGATGAGCGAGTTCGACGTGGCGCGCATCGTCTACGGCATGGTGAGCACCGGCGTCGTGCTGCTGCGGCAGCCGACGCGCGCGTCGGTGCCGGTCGCATTGCCCAGCGAGCCGCGGAAGTCGGTGCACCAGACGCCGATGGGGACGCCGCCGAGCGCGCTGCGGCGCGGGGCGGAGTTCTTCCGTGCGGGCAGGCTCGAGGACGGCATCGCGACGTGGAGCGCATTCGTCGAGAGCACGCCGAAGTATCCGGCGGCGTCGGCGCTGCGCGAGGCTGTGGTCGGCGCCACGAAGTTGGTGGAAGTGCTCGAGCGGGAGGTGCCGCGTGAGCGCTGACATCCGGGCGATGAGCGAGCAGCTGGCGGCGGATCCGTCGAGCCTGATCTTCCTGCCGCTGGCCGAGCAGCTGTTGGCGCGCGGCGACATGGCGCATGCCTCGCGCGTGGCGCGGAAGGGCGCCGAGCGGCATGCGCATCGCGCCGACGTGCACGATCTCGTCGCGCGGATCGCGCTGGCGCAGGGCGACGAGACGACGGCGGAGCGCGCGTGGCGGCAGTCGTTGGCGATCGCGCCGGAGTTCGGGGCCGCGCATCGCGGCTTGGGTTTCCTCTGCTACCGGCAGGGACGCTGGAGCGAGGCGGAGACGCACCTCGCGACGGCGCGGGCGGCGACGCCGGGCGATCCGGCGCTCGAGGCGGCCTGGGAGGCGCTGCACGCGGCACGCGCCGAGGCGGAGTCGACGCCGCCGGCCGCGGCGCTGCACGCCCACGCGCCGGGGCAGATCTTCGACGCGGTGCTGGGCGAGAGCGGCCAAGTCTCGCTGCTGCTCGATCGCGACGGCTTGGTCGTGGCGGGGCAGTACCTGACGGCGGAGGGCGAGGACCTCGGGGCACTGATCGGCGCGCACCTGAGCGGCGTCGGCGACGAAGCCACGCGCGCCATGCGGCACTTCGGGCTCGGCGCGTGGACGCGCATCGCGCTCGAGACCGAGGCCGCGACGGTCGTGATGGCGCCGACCGGCGATGGCGTCACGCTGGTCGCCGCGCCGCGTGAGGTGCCGCTGGGATTGGTGCGCCGCACACTCGACCAGTGCGCGGCATTGGCGCGGCAGTGGCTGGGGCTCGGCGCATGAGCGCCTTCGCAGCGGCCCTCGCGGCGGTCACGCGCCATCGCGGCGTGATGGCCTGTCTCGTCGTCGCCGAAGAGGACGGGATCGTGATCGACGGCACCGCGCAGGTGGGCGTGGACACGGCGGCCTTCGCGGCGCTGACGGCCTCGCTGTACCGCAAGGCGGCGCGGGCCGCGTCGAGCGCGGGGTTCGGCGCGACCGGGTTCTGCGAGCTGGAAGCGGAGCGCGGGCGCGTGCTGGCGGCCGGCCGCGACGGCATCGTGCTGGTCGCGGTGGCCGAGTCGCGGGCGAACCTCGGCTTGCTGCGCGTCGAGATGCTCAAGGCCGCGGGGGCGCTGTGATCCGCCATTCCGTGACCATCGGTTGGGCCGACGCGCCGCTCAAGCGCTTCGTGGACGATGCGCGCCTCGAGCTCGCCGTGCTGATGCATACCAGCGGGCAGGTCTTGGCGCAGGTGGGGTTCCAGCGCAGCATCGACGTGCAGACGGCCTGTGCGCTGTCGGCGGCCATCAACGCCTCGGCCGAGCATCTCGGCGGGATGGTGGACGGCAAACCGTTCACCGGCCTCCACTATGCCGGCAAGGCGCGGCAGATTTATCTCGGGCAGGTGCCGACGAAGGACGGCCGCCTGCTGGTGCTCGCCGTGTTCGATTCGGAGAGCTCGCTGGGCATCGTGCAGCTCTACCTGAAGGAGTTCTACGCGAACGTCGCGGCGGCGGTGCCGGTCGCGGAGGACCTGTCGCCGGCGCTGGCCGAGAACTTCGAGGCGGACCTCAACCGCAACCTCGCGCAGCTCTTCGGGAGGGGCTGATGCGCGCGTCCATCTTCCACCGCGGGATGTCACGTTGAGCCTCGTCAACTACGCCACGCGCGAGATCACCTGCAAGATCGTCTACTACGGCCCGGGTCGGTCCGGGAAGACGACGAACCTGCATTACATCCACGGACAGGTGCCGACGGACCGGAAGGGCCAGATGGTGTCGCTGGCCACGCAGACGGACCGCACGCTGTTCTTCGATTTCCTGCCGATCGACCTCGGGACGATCTCCGGGTTCACGACGCGCTTCCAGCTCTACACGGTGCCGGGCCAGGTGTACTACCAGACGACGCGCAAGCTCGTCCTGCAGGGCGCCGACGGCGTGGTGTTCGTCGCCGACTCGCAGGCGCGCCAGCTGCAGGAGAACATCGAGAGCTTCCAGGACCTGCACGAGAACCTCGCGGAGCAGGGCGTGGACGCGCGCACGATGCCGATGGTGATCCAGTACAACAAGATCGACCTGCCCGACGAGCTGCGCACGCCGGTGCCG
CP130613.1_gap43	1401075	1403003	1928	GAGGAGTTCGTCGAGAAGGCGCTCGCCGGCGAGATGCCGCCGGGGGGCCCGAACCCCGCGTTCACGCGCGAGGGCTTCGACGTGGGGGCGGCGAACCAGCTGGCGGTGCACGCGGCCGATGCGGTCATCGCCACGCCGGGCACGCGCTACAACCCGCTGCTGATCACGGGGCCGAGCGGCGTGGGCAAGACGCACCTGGTGCATGCGATCGGCAACGCAATTGCCGCGCGCAGCGAGGGCAGGGTCGCCGTGGCCTGCGTGCATGCGCAGGCGTTGGTGGACGAACTCATCGCCGCCATCCAGCAGGGCACGGTGGAGCGCTGGCGTTCGCGCTACCGCGCCGCCGGGGCGCTGGTGATCGACGACATCCAATTCCTCGCCGGCAAGGAGCGCACGCAGGACGAGTTCTTCTTCGTCTTCAACGCGCTCATCGAGGAGGGCAAGCAGATCATCCTCTCGAGCGACCGGGCGCCGGGCGAGATCCCCGACCTCGCGGCGCGGCTGCGTTCGCGCTTCGAAGGCGGGTTGATCGCCGAGATCCAGCCGCCGGACCGTCCGCTGCGCGAGAAGCTGGCGGCGCGCTTCCTCGCCGGCTTGGGCCGCGCCGCCCCGCCGGACCTGCTGGACGTGATCTGCGACCCGACGGTGCGCAGCGTGCGCGAGTTGATCGGCGTGGTGAACCGGTTGGCGGCCGCGGCGGATGCCTTGGGCCAGCCGCTCGACGCCGTGCTGGCGCGGCAGGAGCTCGGGCTCGGTGCGGCGGCGAGTGCGACGATCGCGCCGCCAGCCGCCGCGGCCAGTGCCGGCGACCGCACCTTCCTCGACCGCGAGCGCGTGGTCTGGGAATGGGCGGACTTGAGTGGTCGCGTCATCGAGGAGCTGCGCTAAATGGCCATCAAGGGCTCCCTCAAGGAAGCGTCGCTGCCGGACGTGCTGCAGCTGCTGGCGATGGGCAAGAAGACGGGCTGCCTCTCGGTGACGCATCGCTCGAACTTCGGGTCGATCTACTTCGACAAGGGCAAGATCAGCTACGCGAGCATCGTGAACCGTCGCGACCGCCTGGGGGACATCCTCGTGAAGGGCGGCGTGCTCTCGCAGGAGCATCTCGACGAGGCGATCGGGTTGCAGGCGAAGGCGCGCGGCCAGCGCCTCGGCGACCTGCTGGTCAGCCATGGGATGATCACGCGCGAGCAGCTGCACGCGCAGATCCGCATCCAGATCGAGGAGGCGGTGTACTTCCTCTTCACGTGGGCGGAGGGGACGTTCAACTTCGAGGCCGAGATCCGGCCCGACGAGCAGGACTTCCTCGTCTCGATCAATCCCGAGTCGTTGCTGCTCGAGGGCGCGCGGCGCGTGGACGAGTGGTCGCTGATCGAGAAGAAGATCCCGTCGTTCGACGTCGTGTTCGAGGCCGACCGTCGGCGCCTCGCGGAGAGCCAGCCGCAGCTGACGCACGAGCAGCAGGTGCTGCTGCCGTTGATCGACGGGCGGACCGATGTGGCGGGTCTGGTGGACGCGAGCGGTCTGGTGGAGTTCGAGGTGGGCAAGGCGCTGTTCGGCCTCGCCACGGCGGGCTTCCTCCACCGCGTGGGTCGCTCGAAGGCGCCGGACGACGTGGCGATCGACGTGAAGGTCGAGGAGCATCGCAACCTCGGCGTCGCGTTCTTCCGCGCGGGCATGCTGGACGAAGCGGTGCGCGAGTTCCGCCGCGTGACGGAGCTGCGCCCGGAGGATGTGGGCGCGCGCTTCCAGCTGGGCGTGGCGCACCTGCGGCTCGGCAAGTGGGCCGAGGCGATGACGCACCTCGAGGCGGCGGCGCGGCAGCGTGGTGCCAAGGCCTCGGTGTTCCACAACCTGGCGCTGGCGCTCGAGCGCCTGGGGCGCGAGGACGACGCGGTGGCGGCGCTGGAGAGCGCGCTGGAACGGGG
CP130613.1_gap44	1406340	1408237	1897	ACGCGTGGCGGTCGCTACTTTACGGGCAGAATCCCCCGTATGACTTCATCCGCCGCCCCCCGTCGATCGCTGGTCACCTGCCGCGCTGCCGGCGAGCTGCTCGCGCTCGACGTGGGCAGCGTGGAGCGCGTGCTGCGCTACACCGTGCCGCGGACCCTGCCAAACACCGCCGCGTGGATGCGCGGCGTGATTGCGGTGGGCGAGCAGCTGGTGACCGTGCTCGACCTGCGGGAGCGGCTGGGGCTGTCGGCGGCGGCTGCGCATGAGGGCAGCCGCATCGTGGTGCTGGCGTTGTCGGGCGGGCGCATCGGCTTCGTCGTCGACGCGGTCGACGACGTCGTGGCGGTCGATCCCGCGATGATCGAAGCGGCGCCGCCGGTGTACCGCGGACTGGCCCGGGCCTTCGTGCAGGGCATCCTGCGGCGCGATGAGCGGCTCTATCTCGTGCTCGACGCGGACCACCTCGTGACATCACAGGAGCGGCTGGCGCTGGGCGCCGCCGTGGAGGAACTGCAGCATGGCCGATGAGACGCCGGCGTCCTTCCGCGCGCAGTACGCCACGATCGATGCCAAGCTCGACGCCGGCGTCGCCGGCGCCGACCGCGCGCAGGTGAAGGCCGAGATCGTCGGCCTCTTCAAGACGCTCGAGGCGCAGATCGCCGAGCTGTCGCAGCTCAAGGACGACATCAAGCTCCTCGTGGACAAGTGGAAGGCGCAGCAGGCCGCAACTGGTGTGCAGGCGCCGGAGTTCCAAGGCGAGAAGCCGGTCGTGCACGCCGACCACATCGGCGCGAGCACCTTCATCGAGAAGGGCTGGAGCCGCCTCTCGCTCGGGGACTACGAAGGCGCGGAGAAGGCGCTGCTCAAGGCCATCGAGCTCTCGCCGGGCGATCCGCAGAGCGAGGCGCTGCTCGGCTGGGCGCAGATGCTGCAGGAGAAGTACGACGACGCGCTGATGAACTTCCAGAAGGTGCTCATGCGCGAGCCGGCGAACGCGCTGGCGCGCATCAACGTCGGCTACATCTGCCTCAAGAAGCAGATCTTCGGCGAGGCGATCGAGCATCTCTCGAAGGCGATCCGCCTCGATAACGACCGCAAGGCGACGCTCTACGCGCACTTCTACCTCGGGCTCGTGTACCTCGAGCGCGAGATGTACGAGGACGCCCAGACGTTCTTCCAGAAGACGCTGAACCTCGGGCCGAACCTGATCGAGGCGTATTACGAGCTCGGGCGCGCGTTCTGGTTCAATGAAGAGCGCGAGGAGGCCCGCGCGACCTGGGCGAAGGGTCACGCGACGAACAAGTTCAATCCCTGGGGCAAGAAGTGCGCGGAGACGCTCGCGCTGGTCGATAGCGGCGGCGAGCTGACGCGCGGGTGATGATCGCCGCGTTCCTCGCCGCGGCGCTGCTCGGCGGGGCGGCGCAGGACACACTGCCAGCCGACGCGGCCGTGCTCGTATCGGGCCGCTTCAGCGTGGTGCACTTCGCGCGGGACGCGAGGCTGGCGCAGAGTTACCTCGACGCCGCCCGGAGCCGCGATACGTTCCCAGGCCTGCCCCGTCCGACCGCGCCGGTGGTGATCCTCGTGGCGCCCGACGCCGAGACGTTCCGGGCCTGGGTCGGGTCCGGCGCACCGGAGTGGGGGGCCGCCATCGCGTTTCCGGCGTTGCAGCGCATCGTGATGCAGGGCCGCTACGGCGCCGCTGCGGATGGCGATCCGCTCGTGACCCTGCGGCACGAACTGGCCCACCTCGCCCTGCACGAAGCCCTAGGCCCGTCGCCACCGCGGTGGTTCGACGAGGGGTACGCCTCGTACGCCGCGGGAGAGTGGGGGCGGGACGAAGTGTTGGTCACGAGTTTCGGCCTAGTCTGGCGCGGGATTCCGACCCTGGCCGGTC
CP130613.1_gap45	1534906	1537994	3088	GGCCGCGCCGGATGCCCCGCGTCCGCGCCCCGTCCCGCCGGCCCCGCCGCGTCCGCGGCCGGTCAGCGGGCTCAATCTGCCGCCGCGTCCGGTGGCCTCGGCCACGCCGGGCGGTGGCATGGGTGGTGGCCGCCGCGATGAGCGTGGCGGAAGCGGTGGGCGCCCTGGCGCGCCGGCCGGCAGCAACTTCGGGCCCAACGCGACGCCGTCCTCCGGCCCGCGTCGCGGCAAGAAGGGCAAGCGCGTCGACCAGGAGCAGGTGACGGCGAACATCTCGCGCACCATGCGCCAGATGGGCGGCGCCACCGGCAAGCGCCGCGGCGTCCGTGACGACTCGGCCGCCCGCGAAGAGCTCGCCGCCATGCGCGCCGAGATCGCCGCGCGCGAGAAGGTCACCATCCGCGTCAATGAGTTCATCACGGTCAGCGAACTCGCCGAGAGCCTCAAGGTGCCGGCGACGCAGATCGTCGCGTTCGCGTTCAAGCACCTCGGGTTGATGGTCACCATCAACCAGCGCATGGACTTCGACCAGATCGAGCTGATCGCCAGCGAGTTCGGCTACATCGCCGTGCGCGAAGAGGACTACGCGGCGTCGGCCGAGGAAGACGAGGTGAAGGATGCCGCGGAAGACCTCAAGCCGCGGCCGCCGGTCGTCACGATCATGGGTCACGTCGACCACGGCAAGACGTCGTTGCTGGACTACATCCGCAAGGCGACGGTCGTCGCGGGCGAAGCGGGCGGCATCACGCAGCACATCGGTGCGTATCACGTCTCGCTGCCGGACGGACGGCAGATCACGTTCCTCGACACGCCGGGCCACGAGGCCTTCACCGCCATGCGCGCCCGCGGCGCGCAGGTGACGGACATCGTCGTGCTCGTCGTCGCCGCGGACGACGCCGTCATGCCGCAGACGATCGAAGCGATCTCGCATGCCAAGAACGCCGGCGTGCCGATCATCGTCGCCATCAACAAGATCGACCTTCCGACCGCCAACGCCATGAAGGTCCGCCAGGACCTGCTGCAACACGGTGTGGTGCTCGAAGACTTCGGCGGGACCACGCTGGCGTCGGAGATCAGCGCCAAGAAGGGCACGGGCGTCAAGGAACTGCTGGAGCAGATCCTGCTGCAGGCGGAAATCCTCGACCTCAAGGCCAACCCGGACCGTCGCGCGACGGGCTCGGTGGTGGAAGCACAGCTCGACCAAGGCAAGGGCGCCGTCGCCACGATCCTCGTGCAGAACGGCACGCTCAAGGTCGGCGACGACTTCATCTGCGGCCTGCACTCGGGCCGCGTCCGCGCCCTGCTCGACGAGCGCGGTAAGCAGGTGAAGGAAGCCGGGCCGGCCGTGCCGGTGCAGGTGCTCGGCCTCACGGGCGTCCCGATGGCCGGCGACCAGTTCATCGTCGTCGCCGACGCGCAGGAAGCGCGCGAGATCGCACAGCGTCGCGAGCGGCTCGATCGCGAGGCCAAGAGCCGTCGCACGGCGAAGGGGGCCGTGTCGCTCGAGGACTTCATGGCGAGTGCGGCCAGCGGCGAGAAGCGCCAGCTCAAGCTCCTCATCAAGGCCGACCAGGGCGGTCCGGCGGAAGCGCTCGCCGACGCGCTGCAGCAGCTCAGCAACGAGGAAGTGCAGGTCGAGGTGGTCGCGCGTGCGGTCGGCGCCGTCACCGAGAGCGACATCCTCCTCGCCAAGGCGTCGGGCGCGATCATCATCGGCTTCCACGTGCGTCCGGATACCAAGGCGCGCGCCGCGGCCGACCGCGAGGGCGTGGAGATCAAGCTCTACCGCATCATCTACGAGGCGGTGGCCGACGTGAAGGCCGCCCTCGAGGGCCTGCTGCGGCCGGAGGAGAAGGAAGTCGTCTTCGGCGAGGCCGAGGTGCGCGAGACGTTCAAGGTGCCGAAGATCGGCGTCATCGCCGGCTGCTCGGTGCGCTCGGGCGTCATCAACCGCCAGGGCCGCGCCCGCGTCATCCGCGACGGCATCGAGGTCTACGACGGCACGATCGGCTCGCTGCGTCGCTTCAAGGACGACGTGAAGGAAGTGAAGGAAGGGTACGAGTGCGGCATCGGCATCGAGAACTTCAACGACCTCAAGGTCGGCGACGTCATCGAGGTCTACCGCACCGAAGAAGTCGCGCGCACGCTGCAGCCGGCTTCGGCCGGCTGAGCGGCGAGCCGCAGCGGAGGGACGATGCCACCACGGGATCCGCGCCGCGCTGACCGCGTCGGCGAAGCGGTGCGTGAGGAAGTCGCGGCGTTCTTGGCGCGGGATGCCAAGGACCCGCGCCTCACGGGGCTCGTCACGGTGACGGCGGTCGAGATGGCCCGCGACCTCCGGCACGCGACCGTGTACGTGAGCGTCATGGGGGACGAGGCCGCCAAGGCCAGCACCGTCGAGGCGCTCGCCGGCATGGCGCCGCATCTCCGCGGTCGCGTCGGCCGCGCGCTGCGCCTGCAGTTCGCGCCCGAACTCACGTTCCGTCTCGACGAGTCGGTGCAGCGCGCCGCACGCATCGAGACCCTGCTTGCCCAGATCAAGCGTGACGAGCCCGCGCCCGACGGCGACGCCTGACGGCCTGCTGCTCGTGGACAAGCCGGCGGGCGTGTCCTCGCACGATGTCGTGAACGCCGCACGGCGTGCCATCGGCGAGCGCCGCATCGGCCACGCCGGGACGCTCGACCCCTTCGCCACCGGCCTGCTCGTGCTACTCGTTGGCCGCGCCACGCGCCTGTTGCCGCATCTGCCCGACGAACCCAAGGTCTACGAGGCGCGCATCGCCTTCGGGGTCGAAACCGACACTGAAGACCTGCTCGGACAGCCCGTGCGCGAGGCCGCGCTGCCCACACGTGCCGCGCTCCTCGCGGTCCTGCCGCGATTCGTCGGGCGCATCGACCAGGTGCCGCCCGCGTATTCAGCCAAGCGCATCGACGGCCAGCGCGCCTACGCGCTGGCCCGCGCCGGCGCCGCGGTCGAGCTCAAGCCCGTGCCCATCACCGTGCACCGCTGGGAGCTCCTCGCCGTGGACGAGGATGCCGAGGGCCGCGTGCGCAGCGTCGACGCGCGCATCACGTGTGGCGGCGGCAC
CP130613.1_gap46	1574501	1576961	2460	CGCTGTTCATCGACAGCGACCGTCTCGCGCCGTTCAATCCGCGCGGGTCCGACGTCGCGGTGGTGCTGGACCTCATGATCCACGACATCGACCTGGTGCTGACGCTCATCGGCGCGCCGGTGAAGGACGTGTCGGCGGCGGGGCTGCCGGTGCTCACGCCGAGCATCGACATCGCGAACGCGCGCATCACGTTCGCGACCGGCGCGGTCGCGACGATCACGGCCAGCCGCGTCTCGAAGGAGCGGACGCGCAAGTTGCGCATCTTCCAGAAGAACGGCTATCTCTCGCTGGACCTGGCGTCGGGCACGGGGGAGATGTACCGCCTGCGCAAGGATGTGGACCTGGCGACGTTGGCCAAGCAGGCGCAGCCGATCGATGCCTTCGTCGAGCGCGTGGTCATCGATGCGCCGGAGGGCGAGCCGCTGCGGCTGGAGCTCGAGAGCTTCGTGGCGGCGATCAAGGGCGAGCAACCCGTCGCCGTCACCGGTCGCGCGGGTCGCGATGCGTTGGCCGTCGCGCTGCGCATCATCGGCGACATCGAGCAGGCGCTGCCGGCGCTGCGCGGCCAGCTGCCGGTGGGACGCAGTGCGTGAGATCCTGATTCTCGCGGGGGAGGCCTCGGGCGACCTGCACGGGGCCATCCTCGCGGAACGGCTGAAGGCGTTGCGCCCGGGATTGCCCATCACCGGGACTGGTGGCGTGCGCATGCGCACGGCCGGCGTGGAGATGCTCGAGGAGCACGAAGGCGTCGTCGGCTTCGTGGAGGTGCTCCGGCACATCCCGTCGCACTATCGCCTGCTGAAGCGCCTTACGGCGCGCCTGGCGAGCGGACGCGTGGGCCTGGTGATCTGCATCGACTATCCCGGCTTCAACATGCGCGTCGCGGCGGCGGCGGCGAAGGCGGGTGTGCCCGTGCTCTATTACATCACGCCGCAGGTCTGGGCGTGGCGTGCCGGGCGCCTCAAGACGATGGCGAAGATCATCAGCAAGGCCGCGGTCATCCTGCCCTTCGAGGAAGCGATGCTCCGCGGGGCGGGCATCGACGCGACCTTCGTCGGGCATCCGCTGCTCGACCGGGCGCAATCCCTTCCCACGCAGGCCGAGGCGCGTGCGCGGCTGGGATTGCCCGCCGACGCCGAGATCCTCGCGTTGTTCCCGGGCAGTCGCGCCGAGGAGATTCGCCGGCATCTGCGCGATTTTCTCGCCGTCGCGGACGAATTGCGCCGGCGGCGGCCGGCGCTGCAGGTGGTGCTGAGCGTCGCGCCGACCATCGACCTCCGGGACAACGAGCTGCCGGTGCCGCTCATCCGCTCGGCGAGTTTCGACGTGCTGCGCGCGGCAGACGTCGCGCTGTGCAAGAGCGGCACGACGACGCTCGAAGCGGCCGTGGCGGGCACGCCCTGCGCGATTGTGTATCGCACGAGCCCGATTTCGTACGCCATCGCCAAGCGTCTAGTGAAGATCGGCCACATCGGCCTCCTGAACATCGTGGCGGGTCGCACGGTGGCGCCGGAGTTCGTGCAGGACGCGTTCCAGCCGCGACCGGTCGCGGATGCGCTCGAGCCGTTGTTCGACCGCGACGGCGAGGCCCGTGCGCGCATGGTGGCCGGCCTCGCCGAGGTGCGCGCCAAGCTCGGGGAGCCGGGCGCGTCGGAGCGCGTGGCCGTGATGGCGGCCGGGATGCTGCGTGTCGACTGAGGCGAAGGCACGGGCCAAGGCGCGCAAGCTCTGGTGGAGCGTCACCCTCGGGCGGCCGCTGGTGACGCTGCTCGGCGCGACGTGGCGCATCGAAGAGCGGAACGTGGAGGCGTGGCAGCGCCTGCAAGCGGAGGGCAACCCGTGCGTCCTGGCGGTGTGGCACGGCCAACTGCTCGGGGCGGTGTGGGCGAACCGCTTTCGCGGCATCTCGGCGCTGGCGAGTACGCATGGCGACGCCGAGATCATCGCGCGAATGATGCAGCGCTGGGGCTACCGGTTCGTGCGCGGCTCGAGTTCCCAGGGCGGGCGCGAGGCGCTGGTGCAGATCGTAGACGGCCTGAAGCAGGGCGCGACGTTCGCTTTCACTCCCGACGGTCCACGCGGTCCACGAGGCGTGCCGAAGCCGGGATTGCTCGTCGCCTCGATGCGTAGCGGGGCCCCGATCATCGGGATCCGCACCGAGATCTCGCGCGCGTGGCGGATGGGCAGCTGGGATCGCTTCGCGATCCCGAAGCCGTTCGCGCGGTTGCGCCTGACGTACTCGGATCCGTGGGTGGCGCCGGATGCCAGCGAGGCGTCGGTGGCGGAGTTGCAGCGCCGGCTCGGCCCACCAGAGGCCGGCGTGCTTGGGAGCGGCGCGTGAGTCACGCCATCGAGCGCGTCTGGGCCGCGGACGGGTTGGCTGCGCGCGCGCTGACGCCGCTGTCATGGCTCTTTGCCGCCGGTACGGGCGTTCGCAACGCGCTGTATGACCTGGGGATC
CP130613.1_gap47	1578805	1579386	581	CTTGAGCTGCCGGTGGACGTGCTCGTGCCCGCGGCGCTGGAGAACGTCATCACGACGAAGAACGCGAAGAACATCAAGGCGAAGATCATCTGCGAGGGCGCGAACGGCCCGACGACCGCGGCCGCCGACACGATCCTCGACGAGAAGGGCATCTTCGTGGTGCCGGACATCCTCGCGAACGCCGGCGGCGTGACGGTCAGCTACTTCGAGTGGGTGCAGAACCGCGGCGGCTACTACTGGGACGAAGAGACCGTGAACGACCGCCTGCGCAAGATCATGGTGGAGAGCTTCGCCTCGGTGCTGAAGATCTCGCAGCAGCACAAGGTGAACATGCGCACCGCGGCGTACATGGTGGCGATCAGCCGCGTGGCGACGGTGCACCGGCTGCGCGGCATCTATGCGTAGGGCGCGCGCCTCGGCGTTGCCGGGGCGGCGATGAAGCTCGTGGTGGCCGCCGTCGGCAAGCCGCGTGATGCGGCGCTGGCGGCGGCCATTCGCCAGTATGAGGAGCGGGCGGCGCATTACTGGCCGCTCGAGTGCGTGGACGTGAAGGAAGAACCGGCGCGCAGCCTGGCGCCGGC
CP130613.1_gap48	1581074	1584265	3191	GGTCGTGGAGGGGGCGCGGCACCAGATGCTGCATCGCGTCGATCGGCTCGAGCGCCGCTTGCGCGCCGCGTCGCGGTCGCGTGCCACTGAAGCCGTGATGGATCTCGCGACGGTGCGTGCCGCGCTGATGCCGGAGAACCAGCGGCAGGAACGGCGCCTCAATCCGGTGCCGATGCTGGCGCGGCACGGCGACTTGCTGTTGGCGCAGCTGAAGGCCGGCGCCGCGATGCACGCCGGGACGCTGGTCGGCGGGTGATGCGCGCGGGAGGGGCGCGGCTCGTCGCGGCCGGAATCCTCCTCAGCCGCCTCTTTGGCCTCGTCCGCCAACGCGTCACTGCGCAGTATCTCGGCGCGGGCCCGGTGGCGGATGCCCTCGCGGCGGCGTTTCGCATCCCGAACCTGCTGCAGAACCTGTTCGGCGAAGGTTCGCTCTCGGCGTCGTTCATTCCCGTCTACGCGAAGCTGCTCGCCGAGGGGCGCCGCGAGGACGCGGGGCGCGTCGCGGGGACGATTCTCGCGTTGCTTGCGCTGTTCGTGTCGGTGCTCGTGTTACTGGGCATCCTGTTCGCGCCGCAGCTCGTGTGGCTGCTCGCGCCGGGACTGGGGCAGGAGACACAGGCGCTCGCCGCCGGGTTGATCCGCATCATCCTGCCGGGCCTCGGGCTCTTGGTGCTGTCCGCGTGGTGCCTCGGCGTGCTGAACGCGCATCGCCGATTCTTCCTCTCGTATGCATCGCCGGTGCTGTGGAACGCGGCGATCATCGCGGCGCTGGTGTGGCGCGGCGGCTGGCAGGGCGCGGAGAGCGCGGAGCTGGCGGTCGCCGTGGCGTTCGGCAGCGTGGTGGGCAGCGCGCTGCAGTTGGCGGTGCAGGTGCCGAGCGTTGTCCGCTTGGACCGCGCGTTGCGCGTCGGCGCGGGAGCGGCGCGCGACGAAGTGCGCACGGTGCTGCGGAACTTCGGTCCCGCCGTCGCCACGCGTGGCGTGGTGCAGCTGAGCGCGTACGCGGACACGCTCATCGCCTCGTTGCTCGGGGCGGGTGCGCTCGCGACGCTGACCTACGCGCAGGCCATCTCGATGCTCCCGGTGTCGCTGTTCGGCATGTCGATCGCCGCGAGTGAACTGCCGGCGATGTCTGGGGCGACGGGGAGCCGCGAGGAGATCGCCGCGGCCCTCCGCGCGCGGCTCGAGAGTGGGCGGGCCCGCATTGCCTTCTTCGTGATTCCGTCGGTTGTCGGGTTGATCGCCTTCGGTCGCGTGATGGCGTCGGCACTGTATGAAGGGGGCGCGTTCACGCGCGACGATGCCGCCTGGGTGTGGGCCGCGCTGGCCGGCTCCGGGGTCGGCATGTTGGCCGGCACGATGGGGCGACTGTTCTCGTCGGCGAGCTTCGCGTTGCGCGACACGGCGACGCCGATGCGCTTCGCCGCGCTGCGGGTCGGTCTCGCGGCGATCCTCGGCCTCACGCTCGCGATGACGCTGCCCGAGCGCTTCGGCTGGGCGCCACAGCTGGGCGTGGGCCTGCTCACCGCGGCCTCGGGGATCGCGGCTTGGCTGGAGTACCGGCTGTTGCGCGTGCACATCGAGCGACAGCTCGGCGCGCTGCCGCCGATGGGGCGGGTGCCGGTGACGCTCTGGGCCTGTGCCGCACTCGCGGCGGCCGTCGGACTCGGCGTGGCCGCGGTGTTGCCGACGTGGCATCCCGTGCTCGAGGCCGTGGCCATCCTCGGCGCCTATGGAGGCAGCTATCTCGCGATGACGCGCGTTGCCGGAGTCGACGGTGCCCGACGCGCCTGAACGGGTCGCGCAGAAGCTCGCGCACCTGCCCGAGACGCCCGGCGTCTACCTCTGGAAGAGCGCCGAGGGTGAGGTGCTCTACGTCGGCAAGGCGAAGCGCCTCCGGCCGCGCGTCCGCAGCTACTTCGCCAGCGAGCATTGGGACAACCCCAAGACGCGGCGCTTGGTGGAGCGCATCGCCGACCTCGAGACCATCGTCGTGCCCGACGAGGCGCATGCGCTGATCCTCGAGAACAACCTGATCAAGGAGCACCGGCCCAAGTACAACGTGATGCTGCGGGACGACAAGACGTACCCGTACATCAAGGTGACGGTGCAGGAGCCGTATCCGCGGGTCTTCGTGACGCGGCGGCTGCACGATGACGGCGCCCGCTATTTCGGCCCGTACACGGATGTCGCGGCGATGCGCCGCGCATTGGACGTGGTGAAGCGCATCTTCACGGTGCGCTCCTGCCGCTACGACATGCCGCGCGAGATGCCGGAGCGGGCCTGCCTCGACTACCACATCGGCCGCTGCAAGGCGCCGTGCATCGGGCTGCAGTCGCGCGCCGAGTATGCCGCGATGATCGACGAGGTGCTGACCTTCCTCGACGGCAAGACCGACGACGTGGTGCAGCGTGTGCGAGCCCTGATGGAGCAGGCGGCCGAGGCGATGGACTTCGAACGCGCGGCGGAGCTGCGCGACGCCATCGGCAAGCTGCAGCGCATGGAGGAGCCGTCGCTGGTCGCCGAGGTGGAAGGTGGGGACCGCGATGTGATCGGCTACGCCCGCGACGGCGATGATGCCGCGGCCACCTTGTTGCGCATCCGCAACGGCAAGCTGGTGGCGCGCGAGCATCGCTTCCTGGAGGGGGTCGAGGGTGAACCCGACGGCCAGGTGCTCAGCACGTACCTGGTCAGCGCGTACCTCAAGGCGCCGGCGCGGGCGCGCGAGTTGCTGCTCCCATTCGACTTCGAGGATCGTCCGCTGTTCGAGGAGGCGCTGCAGGGCGCCGCCCGCATCCTTGTGCCGCAGCGCGGACCGAAGCGGGAGTTGCTGGACCTCGCCGAGCAGAATGCGCGGCATCTGTTGGAGGAGTTCAAGCTCGCCGAGCAGGAGACGGACGAACGCGCCGCGGATCCCGTGTACGAGCTCGGGCAGGCATTGGGGCTCGAGAAGCTCCCGCGGAGCATCGTGTGCTTCGACAACTCGACGGCGCAGGGCAAGGACAGCGTCGGGGGCATCGTGTGGTTCGAGAACGGCCGCCCGCGCCGCGCCGAATACCGCACGATGAAGGTGAAGACTGTCGATGAGGCGCTGGGCCCGGATGACTTCCAGTCGATGCGCGAGGTCGTGGGGCGCTACTTCCGTCGCCGCGTGGAGGAACAGCGCTCGTTGCCTGACCTGGTGATGGTCG
CP130613.1_gap49	1588482	1589488	1006	TGGATTGCCGATGCGTCTGGTGAGCAGGTGCGTGACGCCGGTGGCGAGGGCGTGTCCGTCCTCGCGGCGGACGTGGACGACATGACCGGTGAAGCTCTCGCGGTGCTGGCGGAGCGGTTGCGCGCGGCGGGTGCGTTGGATGTCGTCCTGTTACAGGTGCTGATGAAGAAGGGGCGGCCTGGAGTGCGGATCGAGGTGTTGGCCGCGTCGACTGACGTGGACGCACTCGAGTCGCTGCTGCTCACGGAGTCCACGACGATCGGCGTGCGCCGCTACGCCGCGAGCCGCCGGGTGCTGCCGCGGGAACGCGTGGTCGTGCGCGTGGAGGGGCAGGAGGTCGCGCTCAAGGTGGTGATGCGTCCCGACGGACGGCGGACGGCGAAGCCGGAGTCGGACGATGTGCAGCGGGTGGCCGCCGCGCTCGGCAGGGCCGCGCGTGAGGTGGCGGAGGCAGCGCTCGCGGAGTGGCGGCTTACGTCGTCCAGATGACGACCACTCCGCACTCACCCGCCGCGCTTGCGAACTCGACGGGAACCAGCAGCGGGCGGCTGTAAACTTCAACGCGCTTCGCGAGCTGCAGGATCTCGTGGAGGTCGAAGCCATCGAAGCGCTGGCGGGGAATACCGTCGACGTAGATGGTCGGCAAGCACAGGAACCCTGCGGACCGCACGTAGATCATGGGGTAGATGTAGCTGACGGGCCCCATGCCGCCGCCGACGGGTCGCGTCGTCATCGGGACGTGAAGCCCCGGCACCGTCGCGAGCGCGGTCGCCCGACGCCCAAGCTTGTCGAGGTCGTCCGAGTTCAGAAAGTGCCCGACGCCTCCGCGGCGGCGCCGCTCGTAGGCTTCGAGCATGACGTCTGGCCGGATGCCGCGCACGACGTACTCTGGTAGCGACGTGGCGACGTCGCCCAGTCGAAACGCGACAAGCGACTCCTGGGACGGCGCAAGGGCAACGGTCTTCCACTCCGGCGCGCGCCCGATGGCTCGCACATCTACCGTTTG
CP130613.1_gap50	1591640	1592349	709	CGGAACGAAAACCGGCCCCGGCGGTCGGTCGTGCTCGAGCCCTCGTAGCCTTGGAGGACCACCTGGGCTTCGGCCATCGGGGCCTTGGTGATGAGCGAGTCGAAGACGACGCCCGAGAGGGTGGCCTGCGCGCCGAGGGGCGTCGCCAAGGTCGCCACCGCGATGAGCGCGAGCAGGACGCAGCCGCGCAAGTCCCTGTCAGTCATTGTGTTCACCGCGCTCGGCTAATACATTTTCTAAGCCGCCACGCGCGGCTTTTTTTGTCCTCGTCTCGCCCGTCGGCCCCATGGTTCGCGTCAGCAAAGTCCAGCCCGAAAGCATCGCCGCCGAACTCGGGATCACCCCGGGGACGGAGCTGCTGGCTGTCGACGGCCGCGCGCTGGATGACTTCCTCGATTGGGAGTTCCTGACGGCGGACGACGCCTTCGAACTCGAGGCCAAGCTCCCGGACGGCGAGCACGTGGTCTTCGAGATCGAGCGCGAGGGCGGCGAGCCGATGGGTCTGGAGTTGGAGCCGCCGAACGTCAGGCGCTGCGCCAACCGCTGCGAGTTCTGCTTCATCGAGGGGCTCCCCAAGGGGCTGCGCAAGCCGCTGTACATCCGCGACGACGATTACCGGCTGAGCTTTGCCTACGGCAACTTCGCGACGCTGTCGAACCTAAAGGAGCGCGACATCCAGCGCATCCTCGAGTACCGGCTGTCGCCGCTG
CP130613.1_gap51	1594798	1596421	1623	TCTGGGCCTTTGAGCGCCAGGAATACACGCTGTGGGCGATCGCCTTCGGCGTGGCCGCGATCTTCGGCCATCTGAAACCGATCTTCCTGCTGTGGAAGGGAGGCGGGAAGGGCGTGGCGACCGCCGCGGGTGTGTTCGGCGCACTGGTGCCGGCGGCGCTCGGCGTCGCGCTCATCGCGTTCATCGTCGTCGCGGCCGGCAGCGGCTACGTGTCGCTGGCGAGCATCGTGGCCGCGTTGACGCTGGCGATCGCCACGCCGATGTTCGCAGCGGGCAACGTGCCGCTCATCGTGACCGCCGCCGTGGTTGGCGTGGCGGTCGTGGCGATGCACGGCAAGAACATCCAGCGGCTCCGTGCGGGCACGGAACCCAAGACCTTCGGCAAGAAGAAGGAGGTCGTATGAAGATCGCAGTCATCGGCGCGGGCGCCTGGGGTACGGCGCTGGCGAACCTGCTCAGCGAGAACGACCACGAGGTGATGCTCTGGGCCTACGAGCCCGACGTCGTCGAGTCGATCAATACGCACGCCGAGAACCGGCGCTTCCTCTCCGGCGTGCCGCTCCATCCGGATCTCCGCGCCTCGGGGCTCGAGGAACAGGTGCTGGCCGGGGCCGAGCTGGCGTTCTTCGTCGCGCCGTCGCATGTGCTGCGGCAGGTGGCGGCCGGCTGCGCCAAGCACGTGCCCGCCGGCATCCCGCTTGTCGTGGCGACGAAGGGCATCGACCGGGAGCGCCTCTCGCTGATGACGGATGTCGTCGCGGAGGAGATCCCGGAGCATCCGATCGTCGCCCTCAGCGGCCCGAGCTTCGCCCTCGAGGTCGCCAACCACCTGCCGACGGCCATCGTCGCGGCGTCAGCCGACCCCGACGCGGCGCAGCTCACCCAGCGCGCGCTCAGCACCTCGGCGTTCCGCGTGTACACGCAGTCGGATGTAATCGGTGTTGAACTGGGCGGTGCGCTCAAGAACGTCATGGCCGTGGCAACGGGTATCGCCGACGGGTTGCAGCTGGGCTTCAACGCGCGCGCGGCGCTGATTACGCGCGGGCTGGCCGAGATGACGCGCCTGGGTGTGAAGCTCGGGGCCGACCCGCAGACCTTTGCGGGGTTGGCTGGCATGGGCGACCTCGTGCTCACTTGCACGGGATCGCTCTCGCGCAACCGCAGCGTGGGCCTGGAGATCGGCCGCGGCGCGGCGCTGAACGAAGTGCTGCAGGGCCGCGAGACGGTGGCTGAGGGTGTGACGACCACGGAGACGGCCAAGCGCCTCGCCGAGCAGCATGGCGTCGAGATGCCGATCGTGAACGCGGTGCACAAGGTGCTCTTCGAGCGGCAGCCGGCGCGCTGGGCCCTCGTGGCGCTGATGACCCGCGACCTCAAGGCGGAGAACGCCTGATGGCTTCCGGCGCCGAACCGGTGCGGGAGTTCTTCTCCATCGGCGACGTGTGCGAGCTGACGGACCTCAAGCCGCACGTGCTGCGCTACTGGGAGAGCCAGTTCCGGTTCCTCTCGCCCTCGAAGAACCGCTCGGGCAACCGCGTGTACACGCGGCGCGAGGTGGAGCTGGTGATGCTGGTGAAGCACCTGCTCTACACCGAGAAGTACACGATCGAAGGGGCGAAGCAG
CP130613.1_gap52	1750567	1754781	4214	GTCGGCGCCTTCGGTCGGCAGCTTGGTGGTGATGCTCTCCCCACCCATCGTACTGTCGGTCATCCTCACTCCTGGACGCAGATGTGCAGTTCGTCGAGATCCTGCGCCGGCACCTGCGAGGGAGCGCCCTCGAACAGCGCACGCGCCGCCGTCGTCTTCGGGAACGCGATGACATCGCGCAGGGACTCGGCGTTCGAGAGGATCATCGCGATGCGGTCGAAGCCGAAGGCGATGCCGCCATGCGGGGGGGCGCCGGCGCGCAGGCCTTCGAGCAGGAAGCCGAAACGGCGCTCCTGCTCGGCGGGCTCGCCGATGCCCAGCAGCTGGAACATGCGGGCCTGTACGGCGGGGTCCGACGTGCGGATCGAGCCGCCGCCGAGCTCGGTGCCGTTGAGCACGCAGTCGTACGCGAACGCGCGCCAGGTCTCGGGCGCGTCCGGCCGCGACGCCATGTCGTCCGTGTTCGGCGAGGTGAACGGATGGTGCACGGCCGCCAACGCACCGGTCTCCGGATCCTTGTCGAACATCGGGAAGTCGAGCACCCAGAGGAACTCGCGACGGTTCGGATCGGCGAGGTTGAGTCGCGCGGCGCACTCCTGACGCACGCGATCCAGCGCCGGGCTCGAGATGCGATCCGCGCCCGCCACGGCGAGCAACAGGTCGCCCTCGGCGAGCCCGAGCGAGCTTGTGGCTTCGGCCGGCAGGAACTTGGCCAGCGGTCCTTCGAGCTTGCCCTCGGCCAGCTTGAGGCGCACCAACCCGCCCGCGCCGGCGCCCTTGGCGATGGCTTCAAGTTCGTCCACCTGCTTGCGGCTCCAGGTTGCCGCGCCGGGCACCACGATGCCGCGCACGCGGCCACCTGCCGCGATCGCCGACTGGATGATGCCCGACTCGCTGCCGCGGAACGCCGCGGTCAGGTCGCGGATCTCCAGGCCGTAGCGCAGGTCCGGCCGATCGCAGCCGTAGCGCTCCATCGCCTCCGCGTAGCTCATGCGCGGGAACGGCGTCTGCACCGCGATGCCCGCCTCGGCCCACAGCGCCTGCATGAGGCCTTCGGCCATCGCGATGATGTCCTCGCGGGTGATGAACGAGGCCTCGATGTCGATCTGCGTGAACTCCAGCTGGCGGTCCGCGCGAAGGTCCTCGTCGCGGAAGCAGCGCGCGATCTGGAAGTAGCGGTCGAAGCCGGCGCACATGAACAGCTGCTTGTAGATCTGCGGTGACTGCGGCAGCGCGAAGAACTCGCCCGCGTGCATGCGGCTCGGCACGAGGAAGTCGCGCGCGCCTTCCGGCGTCGGCTTCGTAAGGATCGGCGTCTCGAGCTCGAGATAGCCCTGCGCGCTCAGGAAGTTGCGCGTCACCTGCATGAGGCGATGCCGCAGCACGAGGTTGCGCTGCAGCTCCGGACGGCGCAGGTCGAGCACGCGATGCCGCAGGCGCAGGTCTTCCGACGGACGCTTGGCTTCCTTGTCGAGCGCGACCGGAATCGCCGGCGTCGTCGCCGGCCCGACCACGCGGATGTCGCTCACGCGCACCTCGATCTCGCCGGTGGCCATCTCCGGGTTCTTCAGGCCGTCCGGGCGCGGGGCGACCACACCGTCGACGAGCACGGCGCACTCGAGTCCGATGCCCACGGCCTTGGCGATGACATCGGCGGCAGTCCAATGCGGATTGAACGCGAGCTGCACCAGCCCCTCGCGGTCACGGAGGTCGATGAACAGCTGCCCCCCGAGGTCGCGGGACTTGTGCACCCAACCACCCAGCGTGACACGCTGGCCGTTGTGCGCGAGGCGCAGGGCTCCGCCAAGGTGCGAGCGAAGCGTAGTAGCGAGCGGATCGACAGCGGTCACGGAAGCGGGCGGCGGCGAGGCGTGAGGAAAGGGACGAAGCGGACGGCGAGAACCCCGAGGCCGGCGCCGGCGGTGTCGGCGACCCAGTCGGCGAAGCTCATGGATCGACCCGGGATGAAGCTTTGATGCCATTCGTCCACGGCACCGAGCAACGAGACGCCCGCGAGCACGGCGACAAGCGTTGTCAGCCGGCGAGGGGTCAGCGTCGCGCGCAGCGAGAGCGCCGCGAGGATGGCGTAGGCGCTGAAGTGGGCGACTTTGTCGAGGCCGAGGCCGTCCGGCCCCAGCACGAGCTTGGGCCAAGAGGTTCCGACGAGGACGATCGCCAACCAGAGGACGGGAGGGGTCCAGCGGGCCGCGGCACGGGGTACCGCGGCAGGGGGACTCGCATCAGGCATTGAAGACGTAAATCTAACTCCCACAGCCACTTGGTGGAAGTCACAGCACATTGCTTCCTGTACCAGAATCCGGTACTCTGCAACATGCTGAATTTGCTCGACTTGGCCCCCGCAGACGCCGAACGCACCCTGCGCGACTTCGCCGTGGCCCACGGCGAGAAGCCGTTCCGCGGCAGCCAGGTGGTCCCGCACCTGTGGCAGAAGCCCGTCGCCAGCTTCGAGCAGATGACGGACCTGCCCAAGGCCTTCCGGGACTTGTTGGCGCAGCACTTCACCCTGCCCCGCCTCGAGCTCCTGACGGAGCAGAAGTCCGTGGACGGCACGTGCAAGTTCCTGTTCAAGCTCGCCGACGGCCAGAGCATCGAGACGGTCGCCATTCCCGACGGCGATCGCATGACGTTCTGCATCTCGTCGCAGGTCGGCTGTGCCCTCAAGTGTGCGTTCTGCGCCACGGGTGTGATGGGCTTCGCCCGGAACCTGACGGTGAGCGAGATCGCCGGGCAGGTGCGCGAACTCGCGCTGCTCGATCCGCCCGTCCGTGCGACCAACATCGTGTTCATGGGCATGGGGGAGCCGCTCATGAACTGGAAGGCGGTGGAGCACGTGCTCACCGTGCTGAACGACCCGAAGGGCTTCGGCATCGGCGCGCGGCACATCACCGTCTCGACGGTCGGCGTGCTGCCCGGCATCATCGCGCTCGGGCAACGCAAGGAGCAGTTCCGCCTCGCGATCTCGATCCACGCGCCGAGCGACGAGCTGCGCGGCGAGCTCATGCCCGTGAACATCAAGTATCCGCTGGCCGACGTCATCAGGGCGGCGGCGGAGTTCGACCGGCGCGTCACCTTCGAGTACGTGATGCTCGGCGGCGTGAACGACAAGCCCGAACATGCCGACCAGCTGGCCAAGCTGGCGCGCGACTGCGGCGCCTTCGTGAACCTGATTCCGCTGCATCCCGGCGGTTCGATGGGGTTCACGCCCACGCCGCCGAATGAGATCGCGAAGTTCGCGCGCCGCATCCGCGACCGCGGCGTCGAGGTGGCGATCCGGAAGAGCCGCGGCATGGACATCGCCGCGGCCTGCGGGCAGCTACGGGTGGAACGTCTCCGCCGGCGGCCGCCAGGCGCGTCCGAGCACGACCGTGAGGTCGAGGTAGCGTGAACTGTCGGGGCGCGCGACGACGCGCGCCCCACCCAGCGCCCGTGCCGCGAGCTCGCCCCAGTCCATGCGGCCGCTGTGCACGTAGACGACGCTCGAGTCCACCTTCTCGCTGCTGTTGCCCGAACCGACCACGTCGAAGCCGAGGTCCCGCAGCGCGAAGGTGCCGCGTCGCGCCAGGCCGCGGACGTCCGTGCCGTTGAGCACTTCGGTGCGGATGCGCAGGCTGTCGGGGACCACACGCGCGACGCGCGACGCCTGCGGGCGCGCCGGGCCCGCTTCGCCATTCGGCCGCGCATAGCGCCACAGCAGCGCGGCCGCCGCGACCACGCCGAGCGCCAGCAGGATCCAGCGTCCGCGGATGCGCCTTACCGGACGAGATTCCATAGCGCCACCGTCTCAGGGAACAACGCCTTCCCCTCCCGCACCGTCCACTCGATCCGCATGCGCACGACCTGGCGGAACACGCCGTCGAAGTCATGCGCCAAGTGGTCCGCGAGGAAGGCGCGATCCGCGCGGGCGAACTGCCGCCCCGGCTCGAGGAAGTCCGCCATGTAGAGCGCCCGCCCCACGCGCGACCAGCCGGCGTAGCCGACGGTGTGCCAGCGAATCGCGTCAAGCACGTCGCGGCGCGCCTCGCCGTCGCGTTCGAGCCGCGCGGCCGCGGCGGGACCGTGCAGCGTCTCCACCGGACGATCCGGCCCGTCGGCCAGCGCCCGCAGCGTCTCGGGGGCGGCGTCGCGCAGCGCATCGTGCCAACGCCCGGCATCGTGCCACGCCTGGGCCTCGTCTGCGGTGAGGCGCAGCTGCG
CP130613.1_gap53	1756735	1757887	1152	GTGCCGCCCACCGCGACCATTCCAAGGACGCCGACGAACGTGAACTTGGTGACGGGCAGGTGGAAGCGGCGCGCCAGCGTCGCCGCGACGATGAGGCCCAGCGTGAGCAGCGGATGCTCCCACCAGCGCGGATCGAGCAGGCACGCGGCGAGCACGGCCGCGGTGCCGAGCGGCGGCGTCGTCGTCCGGTAGACGACGATCGCGTTCGTCATCGCGCGTCCAGGGCGGCGCGGATGTCGCGCACGAGCGCGAGCGCGGCGTCGACGCCCTGTTGCTCGAGCGTCTGCACGAGCGCCGAGCCCACCACCACGCCGTCGGCGAGCGTCGCCACGCTGCGGGCCTGCTCCGGCGTCGAGATGCCGAAGCCGACGCAGATCGGCAGGTCGCAGACGGACCGCAGGCGGGCGATGGTCTCACCGAGATCCGCGGCCACGCCCTGATGCACGCCGGTGACACCGAGGCGGCTGATCAAGTACACGAAGCCGCTGCCGTGCTTGGCGATCTCGGCCATGCGCTCGCGCGGCGTGGTCGGCGCGACCAACCGCACGAACTCGAGTGGACCGCCGCCGAGCCACGCCTCACGCTCGGGATCTGCCGCGACCGGCAAGTCGGTCACCAGCACTCCGCTCACGCCCGCATCATGCGCGCGCTGCAGCACGCCGGGCCCCGCCTTCATGAGCGGATTGAGATACGAGAACAGCACCACCGGTGCCGCAGGCCGCGCTTCGGCGATGATCGCCAGGGCACGTTCGAGCGTGACGCCCTGTGCCAGCGCCCGCTGCGAACTGCCCTGGATGATCGGGCCGTCGGCCAGCGGATCGGAGAATGGAATCCCCACCTCGAGCACGTCGCAGCCGGCGGCCGGCAGCTCACGGATGAGGCGCACGGAATCGGCCGGCGTCGGGTGTCCCGCAGTGACATAGCAGACGAGCGCACGGCGCCCTTCGGCGCGCAGCGCACGCATTCGGTCAGTGAGCACGATCTCAGACGAAGTAGTCGCCGACCTTGATGCCGTAGCGCTCGGGGTCGGCAGTCTTGATGATGGACTTCTTGAAGGTCCCCGCCTCGTCCTTCTCGGCGAGGTCGAAGAGGCGCCCCGGGTGCTCGATGTTGCCGAGGTCGTCGCTGATGATGCGCACGATGGGCCGGGAG
CP130613.1_gap54	1852737	1855245	2508	CCTCCGCCTCGCGCCAGGCCTCGGCCACCGCCTGCACGTCGCGCTCCGCTTCGCCGAAGGCATCGAGGATATGCCGCTGTGCCTCCGGCTCGAGCAGCGCCTGCGCTTCATGTTGCCCGTGCACGTTCACCAGCGTGCGGCCGATCTCGGCCAGCACGCTCGCCGTCACCGGCGAGCCGTTCACCCAGGCCCGCGCACGGCCGCCACCCGACGCAACCTCGCGCTTCAGGACGAGGATGCCGTCCTCGCACTCGATGCCGCGTTCGTCGAGCGCCTTCAGCAGGTCAGGACGGTCGTGGAGGTCGAACACGCCCTCGACCGTCGCCTTGTCGGCGCCCGTGCGCACGAGATCGCTCGAGGCCCGCTCGCCGATCAGCAGGCCCAGCGCGCCGACGATGATGCTCTTGCCGGCGCCGGTCTCGCCCGTGAGCACGTTGAAGCCGGACGCGAGCGGCAGCGTCACGGCGTCGATGATGGCGAGGTTCTTGATCCGGAGTTCGGTGAGCACTCAGCCGTCGCGCGCCGGCGGCCCGCCCCACCCGAGCTTGTGCCGGAGCCGCGTGAAGAACGTGACGTCTGCGAAACGCACCAGCTTCACGGGCCGGGCGCTGCGCTGCACCGTCAGCAGGTGTCCCGGCGGGATCGCGATGCCCACCTGCCCGTCCGCGGTGAGCAGCACTTCGTCCTGCTCGTCATCCATCGTGATGCGCAGCGTCGTCTCGGGCGGGAAGATCGTCGGACGGATGGCCAGCGTGTGCGCGGCCACCGGCGTGACGATCAACGAGTGCAGCGTCGGCACGACCACCGGGCCGCCCGCCGAGAGCGAATACGCCGTGGAGCCGGTCGGCGTCGCCACGACGACGCCGTCGGCCGCGAGGTTCGCGATCGGTTCGTCGCCGGCGGACAACTTCATGCGTAGCACGCGCGCGTAGCCACCCTTGTGCACCACCACGTCGTTGAGCGCGCGCACTTGGATGCCCAGCGCGCCCGACGGCGTCCACGTGCGGGCTTCGAGCGCCATCCGCGCCTGCACGTTGTGCCCGCCCGCGGCGAAGCGCCGGAACGCCTCGGGAAACTCTTCGCCTTGGCAGGTGGTGAGGAAGCCCAGCTTGCCGAGGTTCACGCCGAAGATCGGCACGTCGGCGCCACCGAGGAAACGCGCGGCCCGAATCAGCGTGCCGTCGCCGCCCAAGGTGATGAGCGTGTCGATCTGGCTCGGATGGCCCAGCCGCGTCGCGCCGGATGGCGCGATGGCCGCGAGTTCCCCTTCGTACGCCAGGCTGTAGCCCATCGCCGTGGCTTCGCTGGCGAGGAACCCGAGGATCTCCTCAAGTCCCTCGTAGCCGACGTGCCCGACGACGCCGAGCCGCGTTGTCACCCCGCGAGGGCCTCGGACTCGCGCAGCGCGCGCACCTTGGCCGCGATGCCGGCGGCGTCGAGGCCCACCTGCGCCAGCTGCTTCGCGCGCGACGCCGCGTAGATGATGCGGTCGGGCACGCCGTGCGCCACGACGCGCACGCCCGGATCCATCTGGTTCACGACCGCCGCCATGTACGCGCCGAAGCCGTTCACCACCGTGCCCTCCTCGACCACCAGCAGCTGCTGGTGCGTGGCGAGCAGCGCCGTGAGCGTGGTCGCGTCATGCGGCTTGAGATAGCGGCAGTTCACCACGGTCACGCTCAATCCCTCGGCGGCCAGCGCCTCCGCGGCCTTGAGCGACTCCTGCACCATCGTGCCGACGGCGAGAATGGCGAGACCCTCGCCCTTGCGCAGTACTTCCCAAGTGCCGTGCGGCACCGCGGGAATCTCCTTCGCATGCGCCGGCACGTCCGGCGACAGATCGCGCGGATACCGGACGCAGAACGGCCCGTCCGTGTGCGCGAGGCCGCTGCGCAGCAGGCCGACGAACTCCGTGCCGTCCTTGGGCGCGGTCACGACCATGTGCGGCACGGCGAGCATGTACGCGATGTCATAGAGCCCCGCGTGCGTCTCACCGTCCTCGCCGACCAAGCCGGCGCGGTCCATGCAGAACATCACCGGCAGCGACTGGATCGCCACGTCGTGGATGATGTTGTCGTAGCCGCGCTGCAGGAACGTCGAATAGATCGTCACCACGGGCTTGATGCCCTCGGCGGCCATGCCGGCCGCGAAGGTCACGCCGTGGCCCTCGGCGATGCCGACGTCGAAGAAGCGCGTCGGATGCGCCTTCGCCACCGTGCCCGTGCCCGTGCCGCTGGGCATGGCCGCCGTGATGGCGATTGCCTTCGGGAACTCCTCCATCAACTCGGCCAGCGCCTTCCCGAACACCGCCGTGTAGTTCGGATTGCCCGTCGCGGCCTTCAGCTGCTTGCCCGTCTGCGGATCGTGGCCCGGCGGCAGTGCATGCCACTTTTCGCCGTGCTCGCCGGCCGGGAAGCCCTTGCCCTTCTTGGTGATCACGTGGACCAGGCGCGGGCCCTTGAACTCGCGCACGGCCTTGAACGTCTCGACCAGCTGCGGGATGTCGTG
CP130613.1_gap55	1866434	1869237	2803	TTGAAGCTGAGCTTCGTGTCGGGGACCTTCTCGCTCTGAATAACTTGAGCTACGACAATAGACGCCAGGTCCGCGCGCAGCGCCTCGAGCCCCTCCACCGTCGCGACATGCGCGGTGAGGAGATCGCGGACCTGCTCCGGCGTCTTGCCGTGCGGGACGAAGCGGGAGAGCCAGGCGTGGGAAAGGTTCATGTCAGGGCACTCACTTCCCGAACTGGTCGAGGAAGCGCACGTCGGAATCGTAGAGGATGCGGATGTCGGGGATGCCGTGCCGCGAGATGGCGGTGCGCGCCGGGCCCATGCCGAAGGCCCAGCCCGTGTACTTCTCGCTGTCGAGGCCGGAGTTCTCGAGCACGGCCGGGTGCACCATGCCCGAGCCGAGGATCTCCACCCAACCGCTGTGCTTGCAGACGCCGCAGCCGGAGCCGCCGCAGACGCCGCACTGCACGTCCATCTCGGCGCTCGGCTCCGTGAACGGGAAGAAGCTCGGCCGGAAGCGCGTCTTCGTCTGCGCGCCGAAGTAGCGCCGGGCGAAGTGCGAGAGCGTCGCCTTGAGATCGGCGAAGCTCACGCCCTCGTCCACGACCAGACCCTCGATCTGCGCGAACATCGGCGCGTGCGAGGGATCGAAGAAATCGCGCCGGTACACGTTGCCCGGTGCGAGGATGCGGATGGGCGGCGCATACTGCTGCAGCGTGCGCACCTGCACCGGCGAGGTGTGGGTGCGCAGCAACTGGTCCTGGGCCAGGTACAGCGTGTCGTGCATGTCCATCGCCGGATGGTCGGGCGGGAAGTTGAGCGAGCCGAAGTTGTACCAGCTCTGCTCGGCTTCCGGGCCCAAGGCGATGGTGAAGCCCAACTCGCGGAAGATCTCGACGACCTCGTCGATGACCAGCGACACGGGGTGCACGGTGCCCTGCCACCGCTCGCGGGCGGGCATCGAGAGGTCCAGCGACGGACCGGAGGACGCGGCCTGTGCGGCGAGCTGCGCGCGGCGCAGGTCCAGCGCTTCCTCGAGCGCGACCTTGAGCTTGTTGGCGCGCGCGCCGGCTTCGCGACGGTCGTCCTTGGGCAGCTCGCCGAGCGCGTTCATGAGCGCGGTGAGCGCACCGGCCTGGCGGCCGACGAGCGCGTTGCGCGCCGCGGTGAGCGCGTCCGCCGAGTCGGCGGCGGCGATCTGCGCGGGGGCCTGCGCTTCGAGGGCGCTCAGCTTGTCGAGGTATTCCGAGAGCGTCATTGGAGAAAACTTAACGGGGAGAGCCGAGCGACGAGACGGAAAAACGGGCGGGTGGCACCAGCGCCACCCGCCCGTTCCCGTCACCCGTGGGGGTGCCGATTACTTCGCGGCCAGCGCAGCCTTCGCCTTGTCGGCGAGCAGCGTAAACGCCGCCGCATCGTGCACGGCGAGGTCGGCCATGATCTTGCGGTCCACTTCGATGCCCGCGGCCTGCACGCCGCTGATGAACGTCGAGTAGGACATGCCGTTCAGGCGGGCGGCCGCGTTGATGCGGACGATCCACAGCTTGCGGAAATCGCGCTTCTTCGCCTTGCGGTCCCGGTAGGCATAGACCCACCCGCGCTCGACGGTTTCCTTCGCGGCCTTCCAGAGCTTGGAGCGGCCACCGAAGGCGCCCTTCGCGTGCTTCAGGATCTGCTTCTTGCGCTTCAGGCGCACCGGGTTGGACTTGACGCGTGGCATGGTCTCGTCTCCTTAGGCCTGCAGCAGGCGCTTGAGGTTCTTCGCCTCGCCGTTCGTCGCGACGGTCGTCGGACGACGGAGGTTGCGCTTCCGCTTCGAGGTCTTCTTGGTCAGGATGTGGCTCTTGTAGGCCTTGAGCCGGCGCACCTTGCCCTTCCCCGTGACGGAGAAGCGCTTCTTGGCGCCCTTGTGCGACTTCATCTTCGGCATATATCCGCCTTTCTCACTTCGGCGTGAGGATCATGGTGAGGGCCTTGCCTTCGAGCTTCGCCGCCGTCTCGATCTTCGCGACGTCGACGAGCGCCTGGGCGACCCGTTCAACGACCGCCATTCCCAACTCGGGATGCGCGATCTGCCTGCCACGGAACATCAGCGTCACCTTCACCTTGTTGCCGTCTTCGATGAACCGACGCGCCGCGTTGGTCTTCGTGTCGAAGTCGTGCTTCTCGATGCCGGGACGGTACTTCACTTCCTTCAGCTGGATCACGTGCTGCTTCTTCTTCGCCTGCCGCGCCTGCTTCGCCATCTCGAACTTGTACTTGCCGTAGTCCATGATGCGGACCACCGGCGGGCGGGCCATCGGGGCGACCTCGACCAAGTCGAGTCCGGCCTCGTCGGCCATCTTCAGCGCGACATCCACTTCCAGGACCCCCAACTGCGATCCATCGGCGCCGATCACGCGCACCGGCGAGATGCGGATCTGGCGGTTGATACGGGGGCCACGCGGCTTTGCTGCGGCTGCTTCCTGGATACGACGGCTCCTGACGAAGGGGAAAAACAGAACGCGGACCCCGCACTCGGAGTCCGCGTCAAATGCACAACGCCGCACGAGAGCCCTCGTGCGGGGTGGCTTGTCGGGACTCCTGCAGCACTTCTCCCGTGAATCGTGCACCGGGAAAGGCCAGAGGGTGGCACCGACGCCCGTCGGTGCGCTTGCTGGATTGTCCGGAAAGCTATGGGCGCGCGCGACTTAAGTCAATCGCGCAGCGTGATGACGGCTCCCCAGCCAGCTGGAAGACGGGAGACGGCGGTACGGGCGGAGGGGGGCCGACGGGATACGGGATACGGAAGAGGTGGGGGAGGAGGCACATGTTGGCCAACTTCT
CP130613.1_gap56	1872151	1876643	4492	CATCGCTCATGCGCACCGCTCGCGTCCGAGAGCGAGGACGAGCCTGAGGCCCGTGAGAACCCAAAGACCGAGCTAATGCGTGCAGGGCGGAGGCGGGGCCTGCCCGAAGGGACCGTGCGCGAAGCGGTCAGGTCCCGCAGGGCAGGCCCCGCCTCCGACCCAGCGCGACGAGACCAAAGCGCGACGGGACTTAGAGCGCGACGAACTAGGCGCCCTCAGCCCCGTCCGACGCACCTGGCCAAGCCGTGCGCTTCCGCCGAGCAGTCCCGCGCGAGAGCAGCGCGTCGAGATCGCCCCACGTCTGCACCCCGCGATGCGACGCATCGCGCAGCAAGCCGCGCAGCACCTGCGCCGTCGCCAGCGCGTCTCCACTCGCCCGGTGGCGGTCGGCGATCGTCACGCCGTAGTGCGCGCTCACCACATCGAGATTCCGCCGCGGCAGGTGGCTCAGCAGCCGCCGCGCGAGTCGCACGGTGCAGAGCTGACCCGTCACGAGGCTCCCCAGTGGCGTCGGCGCGACCCGCGAGAACTCGGCGTCCAAGAATCCGAAGTCGAAGCTCGCGTTGTGCGCCACGAACACGCGGCCCACGAGGTGCGCCGCAAACTCGCCGGCGATGTCCTCGAAGCGCGGCGCCTCGCGCACCATGGCGTCGGAGATGCCCGTCAGCCGCGTGATGTGCCACGGAATCGGGCGGCCGGGGTTGATCAGCGACTCAAAGGCGACCTCGACCCGGTCGCCCTCGACGTAGACCGCCGCCACCTCGGTCACGCGATCGACGCCCCAAGGCTGTCCGCCGGTGGTTTCCACGTCGACGACGACGTACGGGAGCGTGTGTAGGTCCACGCGGGCAATCTAGCGCGACCGAACGCGGACCGAAGCGCCCTGGCCGCGCGTCACCCGTCCACGACTCCCCGCCGCCCTCCGCCAAAGACCGCAATCCCGAATGCGGTCCAGCTATTGAACTTCGCGCCGCCGTCGCACTACATTGTGAAAGATTTCACAAAGATATGCACTCACCTACCAAACACATCGCCGAATCCACCGTCCGGCGGCTCTCGCTCTACCTCCGCTTCCTGGAGGAGTTCGAGTCCCGCGGGCAGACGACTGTGTCCAGCGGTGAACTCGCGCGCTCCGGCGGCACGACCTCCGCCCAAGTCCGCAAAGACCTCTCCTTCTTCGGCTCCTTCGGCAAGCGCGGGCTCGGTTACGGCGTCAAGGATCTCATCCACTCCATCCGCGAGATCCTCGGCCTCGAACAACCGTGGCCGGTCATCATCATCGGCGCGGGCAAGATCGGCGCCGCCCTCGCGCAGTACCGCGGCTTCACGTCGCGCGGCTTCCACGTCGTCGGCGTCTACGATCGCGATCCCGCCAAGACCGGCATGAACCTCGGCGCCCTCTCCGTCCGGTCCGACACCGAGCTCGAACGCGACATCGCGCTCCACAAGCCACGCATCGCTGTGCTGGCCGTTCCCGGCGAGGCGGCGCAGGCCATGGTCGACCGCGTCGTCAGCGCGGGCATGCACGCCATCCTGAGCTTCGCGCCGGCGCCGCTGCATGCGCCGCAGGGCGTCACGATTCGCGCGGTGAACATGGCGACCGAACTCGAGATTCTCGCCTACTCGCTCACGCACGGCGTCTGACGCCGCGCGGCACGCGCCGCACGGTTAGCGACGCGCCCGCAGCACGCGCAGGAACTCCAGCACACCGAGGGTCTCCGGCCGCGCCGCTGGGTCCACCCCCGCCGCGCTGAGCAGCGCATCCGCCGCGGCGGCATCGAGGTCGAACAGCGTCCGCACCACGCGCCGCATCTGCTTCCGCCGCAGCCCGAACGCACCCTGCACCAGCAGGCGGAACGGCTCCTCTTCCTCTGGCGCCAGCAACGCCTCGGCGCGCGGCACGATGCGCAGCACGGCGCTCTCCACCTTCGGCGGCGGATTGAAGCTCTTCGCCCCCACCAGGAACAACCGCTCGGCCTGCGCCAGCGCCTGCACGTTCACGCTGAGCGCGCCGTAGTCGTCGCTGTCCGGCGCGGCGACCACACGATCCGCGACTTCCTTCTGCACGAGATACACGGCGCGCGTCGGACGCGGGCGTTGCATCGCGTGGAACAGGATCGGCGTGGTGATGTTGTACGGCACGTTGCCGGCCAACAGATAGGGACCGCCGGCCAGTGCCCCGAGGTCCTGCTCGAGCACATCGCCCTCGATGAGCGTGAAGCGCGGCTCATCCTTCCAGCGCTCACGCAGGATGGGCGCCAGCTCACGATCCAGCTCGATGGCAATCACCCGCCCTGCGCGCTGCAGCAAGTGTTCCGTGAGCGCGCCGCGGCCGGGACCGATCTCGATGACCGTGTCCTCGCGCGTGCACGCCAGCGCGTCGGCGATGCGGCCGAGTAGCCGCGGATCGGTCAGGAAGTGCTGGCCGAGTCGCTTCTTGGGGCGCGGGAGGGCGCTCACGAATGCCGCAACACGACGACGGCCTGGTCGTCGTGCGGCTTTGCGCGGCCCATGTGCCCTTCCACCAGCGCGAACACGCCGTCGACCACGCGCGACGGCACTTCCTTGCGCCGCGCCCGCAACACGTCGAGCACCGCGCGCTCGCCCAGCGCCTCGCCGCGCGCGTTGCGCGCGTCGGTGATGCCGTCCGTGAATAGCGCGAGCACATCATGCTCGGGATCCCAGGCGCGCTCGGCGACGTGCAGGTCTTCCGGCCCCAGCCCGAGCGGCGGATCTGTCGCCTCGAGCCGCTGCGGCACGCCGTCGGCGCCCACCGTGAACGCGTGCGGATGCCCGGTGTTCGTCCAGCGGATCGTGCGCGCCTCGCGGTCCACCACGCAGTAGCACAGCGAGAGGAACATCTCGGTCTCGCGCAGCTCTTCGTCGAGCGTCGCGAAAATGGCCGTCACCGTCTCGGCCGGATCGGCCGTCGTCTGCGCATGGATGGCGCTCGCGCTCATCACCAGCGCCATGATCAACGCGGCGCGATACCCATGGCTCGACACATCGCCGACCAACACGCCGATGCGCCCGTTGCCGAGGTGGAACAGGTTGTAGAAGTCGCCGCCCACCCCCTCGGCGGGCTCGACGCGCACCGCGCACAGCGCTTCCGGCGCGACCACCTCGCCCGACGGCAGCAGCTTCATCTGCAGGTCATGCGCGAGCCGCATCTCGCTCTGCAGCCGCTCCTGGTCGAGACTTGCGCGCACGAGGCGTGCGTTCTGGATCGCCGTCCCGATCTGCGAGCCCACGGCCGACACCAGCTTCTCGTCGCCGGCCGTAAAGTTGTCGCCGCTGCGACGCCCGCTCAGACACACGACGCCGAGCGGAATGCCGCCTTCAGGCGTCGTCCACGTGATCGGCACGGAGAGCATCGCGCCCGAGCGGAACGGCGCCTCCAGCGGCGACTCCAGCACCCCGGCGTTCACGAGCAGCGCATGCCGCGTGCGGAACACGCGCGCCGAGACGGCAATCGGGTCGTCAATCGGAATCGGCACCGCGGGACCCGCCGTGACGCTGCGCAGCGACGTCACCGGCCGCAGCAGGCCCGCCGCCGCATCGTGCACGAGCAGCGCGCCGAAGTCGGCGCCCACCGTATCGGACACCTCGAGCAGGATGGTGCGCGCCGCATCATCGAGCGTCACCGTGCGGCCGAGGATCTCGCTGATCGAGTAGAGGAGATTGATCTCCTCGTAGCGTTCCATGAGCTCGTCGGCGGCGTGGCTGGCTTCCCAGCGCGCCTGCAGCAGTTCGCCGAGCACGGGCACGAGCACGCGCAGCCAGCGGCGCACGTCGCTGTCGTCATCGGGCACCGGCCCGATGCCCAGCCAGGCGCGCGTACGCCCCGGCACACGCACCACGAGCTGCGCGCCGAGCGCCGTCTCGCGCAGGCGGGGCTCCGGCCCGGTGATGTCGGCGAAGCCTTCGGGGGGCGTGACGTCGCCGCCCGAGGTCGCCGCGACTTCGACCGTCGCACCGGGTGCCGCCTGCGTCCACAGCGTCGCCCCGCAGCCATAGGCCTCGGAGAACGCGTGCAGGGCAACGCCGATGTCGCTCATGCGGCGTGGCCCGTGCGGCCGGGGTGACGCACCGTGAGGCGCACGACGTTCCCCTGCGCCGCGCCCACCACGCGGAAGTTCTCGACGCGCTCCACCAGCGCGCGCATCAGGAACAACCCGCGTCCGCTGTCGCGCTCGAGGTTCTCCGGCGTCGTCGGATCCTCCGTGCAGGCCTCGAGGTCGAAGCCCTGCCCTTCGTCCTCGACCTCGACGATCACCACATCATCGCGCACCTCGACGCGGACGCGCACTTCCTTGCGCGCGTCCTCGCCGTTGCCGCAGATGATGGCGTTCGACAGCGCCTCGGTGAGCGCCACCTTGAACTTGTTGCCCAGCGCGCGCACGTCGACCGCGCGCGTCGCGCAGCTGCGCAGCACCTCCTCCACGACGCCCTCGATCTGCTGCAGCTCGCTCGGGATCCGCAGGTCCAGCGT
CP130613.1_gap57	1878160	1882778	4618	CCATGTCGACGCGCGCGTCGCGGCCGAGGGCGGCGGCGCGGTGGGCCATGCCCCAGCCGATCGCCTCGCGCGGGCCGCCGTCGCTCTTTAGCTCGAGCTTCAGGCCGTCGCTGCCGACGCTGCGTGCCCCGCCCTTGAGCTGCACGCCGCGCGAGAGCAGCACGGGGCCGGGATTGCCCATGCCGAAGGGTTCGAGGAATCGCAGGGCCTCGAGCAGCGTCACGTCGGCGTCGTCAATCCGCATCTCCAAGTCCGGACGCAGCTCCGGATGTAGCTGGTCCTCCGTGAGCGCGGCAGCCGCCGCTTGGTCGAAGCGCGCGGCGAACTCCTCGATGCGGTCCGCGGCGATCGTCAGACCTGCGGCCGCGCGGTGGCCGCCGTACTTCTCCAGCAGGTCGCCGCAGGCCGTGAGCGCCGCATGCAGGTCAAAGCCCGGCACCGACCGGCCCGAGCCCTTCCCCACGCGCACGCCGCCGTCGGCGTTGACGGCGATCATGAACGTCGGGCGGTGCGTGATCTCCACGATGCGCGATGCCACGATGCCGATGACGCCGGGCTCCCAGCCCTCACCGTGCAGCACGATGCCTCGCGCGGCGGCGACGTCGAGATCCTCCAGCTTCCGCTGCGCTTGCTCGAGGATGCCGCGGTCCAGCGCCTGCCGCTCGTCGTTCGCGCGATTGCACTGCGCCGCGAGGTCCATCGCCCTGCCGTCATCCTCGGCCAGCAGCAGGTCCACGCCGATGCTCGCGTGCCGGATGCGCCCCACCGCGTTCAACCGCGGCGCGACCACGAAGCCGAGTCGCCCCGCCGTGAGTCGCTTGTCGTCGAGCCCCGCCGAGCGAATGAGGGCGCGCAAGCCACGATTCCGCAGGTCGCGCGCACCAGCCGCCGGTGTGCGCCCCATGCGCTTCAAGCCTTCGGCCACGAAGATCCGATTGTCCCCCACCAGCGCCGCGACGTCCGCCACCGTCGCCAGGGCCACGAGTTCCAACTGCGCCTCCAGCAACTCGCCGAGCGAGGCGCGCTCGGCCTCCGACACATCGGCGCCACGCAGCGCCAGCACCGCGGCCATCAGCTTCCACGCCACACCCACCGCCGCCAACGCCCGATCCCCGCGCAGCTCCAACTCGGACTCCCGCTGCGGATTCACCACCGCAAACGCCGTCGGCAACTCAGGCATCGGGCGATGATGGTCCGTCACGATCAGATCGATGCCCTGCGCCGCGAGCTCACGCGCCGGCCCCAGCGCCGTCGTGCCGCAGTCGCAGGTGAGCACCAGCTTCGCCCGCACCTCGACCGCCCGCCGCACGCCCGCGGCTCCCAAGTCGTAGCCGTCCGTCTTGCGATCGGGAATGAACGGCTCCACCTCTCCGCCCATCGCGCGCAGCATCTTCGTCAGCAGCGCGGTCGAGCAGATGCCGTCCACGTCGTAGTCGCCGTGCACGAGGATGCGCTCCCCCCGCCGTAGCGCCGTCACGAGCCGTTCGGCGGCGCGCGCGAGGTCGGTCAGTGCCTCCGGCGGCGTCAGCTGCGCGAGCGAGGGCGCCAGCAACAGCCGCGCATCGTCGATCCGCCGCACGCCGCGCAGCACCAGCAACCGCGCCACCGCCTCGGGAATCGGCGGCGGGGCCGCGCGCCCCAGCCGTTCCTGTGCGATGCGCTTCTGCTCGTTGCCCGCGCGGAGCTCGGCGTAGAGCGCCGCCACGGCTGCCTCATCCGCGCGCGGCACGTCCCGCCAGCGCGCCGCTGGCCGCGCCCGACTCACCCGGCCCTCAGGCCTGGTAGTACATCATCACGCCGCACACTTCGCAGGGCTCGATCGCCCCCGACGACAGCATCGCGTGACGCCGCTGCATGGGAATCGACGTATCGCAGGCCCCGCAGGCCGTGCCGCTCAGCGCGACCACCACATGCACGCGCTTCTTGTTGCGCAGGCGATCGTAGCGGGTGCGCAGCGCCGTCGGCACGGCCTTCGCCGTCTCGGCACGCTTCGCCGCCGCCGTCGCCAGCTCGCCCTCGAGCGCCGCCCGCTGCTCGGCGACCTCGCCGCGCGCCGTCGCCTGCTCCGCCTCGAGCGCGGTGAGGTCGTCCTTGGCCGCCTTCAGCGCGCCACGCATTTCCTCAAGCCGGCGGTTCAGCGCCAGCAGGTCGCTTTCCTCGCCGGCGACGATCTTCTTCGCCTGCTCCATCTGCGCCGCCGCGGCCGTCGCCTGCCGGATGTTGGTGACCGCGTCGAACTGCGCTTGGTTGCGCTCGATCAGCTGCCGATGCTCGGCGATCTTGTCGCGCAGGAAGGCCTGCTTCTTCTCCTCGGCCGAGACCAGCCCCTGCTGCCGCTCGACGGAGTCGGCGAGACGCTTGCGGCGCGCGTCGAGCTCGGCGATGCGAGGGGCGAGCGCGTCGAGCTTGGTCTCGATCTCGTGGATGATGAGGTCGTCGGACTGGAGGGCGAGGAGCGAAGTGATATCAGACATTATTCGAAGGGCTGGGAGACGGGAGACGAAAGTACGGGCGGAGATGGAGAGACGGGAATGGGGGAGATGGGGGGGGAGATGGGAGACGTGCGTGTCGGTGAGGGCCTGAGGGGCGCACAAGAGCATCCTTTCACCTTCTCACCGCCCCCCAGCGTGGTACACCGAGTGCTCGCTTCTCTTCGGTCAGCTTGTTGATCTTGGCGATGATTACGTCCTTCTCGGCTTCATCCGCCAACGGAAGTATCGACTTCAGCTCCGCGACGCGTGCATCCACAGAACGCCCGCGGAGTTGTCGCATCGCATCGGCAATGCTGCGCTTGGCGTCCACCACCGCGTCCGCCTCGCCGCGCAGCGTTTCGTACACATAGATCTCGCGGGCGTCGAGCCCACTCGTGAACTGCTCCGGATCCGCGTCGGCGCCGTGGTGCATCGCGGCGGCATACAACGCCGCGTACACCGGATCGCGCAGCACGCTGCCTTGGTCCTCGGCGAATGCGTCATCGCCCGCGCCTTCGGGGAGCTCCTCCATCTCGAGCTTACCCAACTCCTCGGCGATGAGGTCCTGCCAGATCGGTTGCGTGAGCAATACGCGCAGCAGCGTCTGCTCGGCGTTCCCCTGCTCCACCGGCGAGCGATACGGGCCGCGGAAAACCGCCGGCGCAGCCTCGTCGCCCGGCGGGGGCGCATCGGCGTCACGGTCGCGGAACTCGCCGCCACTGCCCGCGCCTCGCGGATACTGGCCCGCAACACTCGCGCGCGCCGCCTCCGCCGGACGGCCAGTCGTGCGCGTGCCGCGCCGCACGGCGTGCAGCTCCTGCAGCAACACCTCGCGCGCAATCCCTGCCGCCTCGGCGGCGCGCGCCAAGTAGAGATCTCGCGTAATCGGATCGCTTGCCGCCCGGATCGTCGGCAGCAGGCGGTCCAACGCACGCCGCTTGTGCTGCAGGTCGTTGAACCAGCCGGCCCGCTGTAGCAGTTGCACCTTGCGATCGAACACGTCCATGGCCTGCTCGATCAGCGGCGCGATGCCCGCGATGCCCTTGGCACGCACGAAGGTGTCCGGGTCCTCGCCCTCGGGCAGCGTCACCACGCGCACCTCGAAGCCCTTCGCCAGCAGCACGTCCGACGCCCGGAACGTCGCCTTCTGACCCGGACCGTCCGAGTCGTAGAGCAGCACGGCATGCTTCGTGAAGCGTGAGAGCAACTCGGCTTGGCCTTCGCCCAGCGCCGTGCCCATCGGGGCCACCACATGCTCCACACCGGCATCCACAAGGCGCAGCGCGTCGAAGTAGCCCTCGACGATCACCACGCGATCCTCGCGCCGGATCGCATTGCGTGCGGCACCGAGGTTGTAGAGCACTTTGCCCTTGCTGAAGATCTCGCTCTCAGCGGAGTTGAGATACTTCGGCTCGCCGGGCCCGAGCAGGCGGCCCCCGAAGGCCACGACCTTGCCGCCCTGCTCGAGGATCGGGAACATCAGTCGGTCGCGGAAGCGCGGACGGATCTCGTCGCCTTCCTCGCGATGCACGAGGATGCCGGCAGCGATCGCGCGCTCTTCCGGCACGCCGAGTCCGCGCAGATGCTCGCGCAGCGCGTTGAGGTCGCGCGGCGCGTAGCCTAAGCCGAAGCGCTCGGCCGTCGCGCGGCTCACCTCGCGCGAGGCGAGATACGCCCGCGCCTCGGCGCCCGCCGGCGTGTCCCAGAGCTGTCGCTGGAAGTACTCGGCCACCGTGCCGTGCAGCTCCCACAGCGGCTCGCGCGGATCGGGCCCTTCGCGCTTGCGCTGCACCTCCTGCACCTCGATGCCGCTCTTCGCACCGACGTACTTCACCGCCTCGACGAAGCTCATGCCCAGCCGCTTCTGCACGAAGGTGAACACGCTGCCCTTCTCGCCGCAGACGAAGCAGGTGTAGCCGCCGCGCGGCATCACCGAGAAGTTCGCGTTCGTGCCCTGGTGGAACGGGCAGGGCCCGCGCCACACGCTGCCCGTCTTCTTGAGCTTCACGTGCTCGCCGATGATGGCGACGATGTCCGCCGCCGCGCTCACCTGCTCCACTACCTCGTCGGGGATCACGCGAGCTCCGCGACAGTGACGCCGGCGCCGCCTTCGTTCCAGGCGCCGAGTCGGTAGGCTTTCACGCGCT
CP130613.1_gap58	1886226	1887118	892	CGGCCCGACCGTCTCCAGCGCCCCGCCCTTCCCGTACGCCACAACCGGCGTGCCCGCCGCCAGCGCCTCCACCGGCGCAATGCCGAAATCCTCTTCGGCAGCGAACACGAATCCGTCCGCCCGCTGCAACCAATCCCGCAGTTCGGCCCGCGGCAGATGCCCGAGCAGCCGCACATTCGGCCCCGCCACGGCCTTCGCCTTCTCCCACTCGGGCCCGTCGCCGATCACCACAAGCTCGCGATCAGGCAGAAGCCGAAACGCCTCCACGATGAGCGGAATCCGCTTGTACGGCACGAAGCGACTCGCCGTCACATACAGCCGAGTGCCCGCCTCCCCCTCAGCCTCTGTTCCCTCACCCCTTCCTCTCATCCCCTCGCTCTTCGCTCCTCGCTCCTCGCTCCTCGCAGCAAAGAACTCCGTCTCCACCGGCGGATACAGCACCCCGCTGTCCCGCCCCCACACCCGCTGGATGCGCGCGCGAATGAACTCCGAGATCGCCAAGATCTGCGTCGGCCGCGTCGCCGTGCGCCGGTCCCAGTCGCGGATGTACTTGAGCAACGCCCGCGCCGCCACGCCCTTCACCCCGCGCGAGAGTCCCGACTCCTCCAGGTACTGCTCCTGCAGGTCCCAGGCGTAGCGCACGGGCGAACAGCAGATGTTGAGATGCGGTACGCCCGCCGGCACCCGCACGCCCTTCGCCACCGCGTGGCTCACGCTGATCACGAGATCGTAGCCCGTGAAGTCGAGGCGCTCGATCGCCCAAGGCATCAACGGCAGCAACCTGCGATGCGCGCGCGTCGCGCCGGGAATCCGCTGCAGCGCGGAGGTCACGATGCGTCGCTCGCCGATCAGCGCCCGCAGCGACGGCACCGGATCGGCGACCAGCGTGAAC
CP130613.1_gap59	1889456	1893867	4411	CTGCACCCGCACGTGCAGGTCACCCGCGCCTGACGCGTTCACGCGAGGCAAGCCGCGCCCGCGCAGCACGAACACTTCCCCGCTCTGCGTGCCCTCGGGGATTCGCAGCGTAAGCGGTCCCGTCACGCCTGGCACCTCGAGGTCGGCGCCGAGCACGGCCTGCGGGTAGGTCACCAACACTTCGCAGTAGAGATCCTCGCCGTCGCGCTCGAAACGATCGTCCTCGAGCACCTCGAACACCACGATCACGTCGCCGCGCGGTCCGCTGCGCACGCCTGCGTTGCCCACGCCGCGCAGGTGCATGTACTGGCCCGAGGCCACACCGGCCGGCACCTTGAGCTCGATCGTGTGCTCGCCGCGCTGGCGGCCTTCGCCGCGGCAGCTCTTGCAGGGCGACGCGATCATCACGCCTTCGCCGCGGCAGGTCGGGCATGGCGCCACCGACACGAACTGCCCGAAGAAGCTCTGCTGCGCGCGGCGCACCTCGCCCTGGCCGTTGCAGGTCGTGCAGCGCGTGGGCTTCGTGCCTTCCTCCGCACCCGTGCCGGTGCAGCGCTCGCAGGGGTCGAGCAACTTCAGCTTGAGCGTCTTCGTCACGCCCGTCGCGACCTCGAGCATGGTGAGCTGGAGATCCACCTTTACGTCCGCGCCGGAGCGCGGGCCGCTCTGCTGCCGGCCGCCCCCACCGCCGCCGCCGAAGATGTCGCCGAGGCCGAAGTCGCGCATGAAGATGTTCAGCGCTTCGGAGAGGTCGACGTGGTGGAAGCCCGCCGCGCCGCCCATCCCGCCCTTCAAGCCGGCCTCGCCGTAGCGATCGTAGGCGGCGCGCTTCTGCGGGTCGCGCAGGACGTCGTAGGCTTCGGTGATCGCCTTGAACTGCTCCTCGGCTGCCTTGGAGCCCCCGTTTCTGTCGGGGTGGTACTTCATGGCGAGCTTGCGGTAGGCCTGCTTGATGTCGTCGTCGCTGGCTTGCTTGGCGACGCCTAAAGTCTTGTAGTAATCGGACATAGCTGCCTGCAATCTAGCGGGGAGACGGGAGAGGGCGGTACGGGCGGAGATGGTGATACGGGAATGGGGAAGATGGGGGGCAGACGTATCACGTGGCCTAGTTTCGGTCCATGCAAACATCGGACCGGGGCGGACTGCCTTTCGTGCAGACGCAGGAGGAATGGGAGAGGGGGCAGCCGGGGGCGATAACCCGAGACTTGCTCTGGAAGCTGCACGTGTATCGTGCGGCGCTCTTCCTGTTGCACGGGGCGGTGGCGGACGCGAAGGAGCTGCGACGGAATAGGCGATACGCAATCGCCGATCAGCTCGTGCGGGCGGCGGGCTCGGTGAGCGCCAACATTGCGGAGGGGTATAGCCGCTCCGGCACGGCCGACCGGGTGCGATTGCTCGACTACGCACTCGGCTCCGCGCGGGAGTGCATCACGTGGTACCAAGCCGCGTCAGACATCCTCCCTCTCCCCGTCCTCGAAGCCCGCCACGAGCTCCTAAGCCGCATCAGAGGAATGACACTCCGACTCATCACGTCCCAGCGCGGAAGGCACGCAGCTCCATTCCGACGCAAAATCGCTGACGGATAGCGAGAAAGGGCCGGGATAGGAAACACGGGGGAGAGACGTCCCACGTCTCCCCCCCGTCTCCCCCATTCCCCTCTCCCCATCCCCGCCCGTACCGCCGTCTCCCCTCTCCCACTCTCAACCGAGCAAATCCGTCACCAAGGACGACGTATGCGAAACAAGCGAAATCACTTTCTCATACGGCATCCGCGTCGGCCCAATCACCCCAATCACCCCAGTCAGCGACCCCGCCCGATACTCGGCCGTCACCAGCGTCAGCCCGCCGAGCAGCGACGTCCCATGCTCATCGCCAATGGAAATCGACACGCCTGGCTGCGCCGTACGCTGCCGCAGCACGCCCGCGAGTGCGCTCCGCGTCTCCGTGAGCGCGATCAGCTGCTTCAGCCGATTGCCCGACGCGAACTCCGGCTTCTCGGCGAGCACTGACGCCTGACCGAGCACGACGGCGTCCTCGTCGGCGGGCACCGCGACGTCAAAGAGCTGCTCCCCTTCCTGCACGAAGATGTTGAGCAACTCCGTCGCCCCTCCCGTCGGCGCGGCATCACGCAACCGCTCACCGAGAGAAGTGCGGATCTCCGCGAGCGAGAGTCCCCCGAGCCGCTCGTTGAGCACCTGCTGCACCTCGGCGATGGCGTTGTCGGCGATCTCGCCGGCAATCTCGATGAAGATCGTCCGCACCGCCCCACCCCGCAGCGTGAGCACGAGGATCAAGCGGTCGCTGCTCATGCGCACGAGCTCGAGCTTGGCGAGCACGGTCTGGTCGAGGCGCGGCCCCAGGGCGACGCCCAACTCCTGCGTGAGCACGCCCAGCGACTGTGCCGCGCGGCGGAGAATCGTCTCGATGGCCGAGCCGCGTTCGCCGATCTGCTCCGCGAGGCGATCGCGCTCCGGGACGGCCAGACTCTGCGCGGGCAGCGGCTGGCCCTGGTGCATCAGGCCGTCTACATAGAAGCGGTATGCCTTGTCGGTGGGGATGCGGCCGGCGGAGGTGTGGGGGTGGTAGAGGAAGCCTTTCTCCTCCAGGTCCGCCATGGTGTTGCGGATGGTCGCGGGCGACACGCCGAGTCCGAAGCGGCGGCTGATCGTGCGGGAGCCGGCCGGTTCGGCGGTCTCGACGTACGACTGAATGACGGCCTCGAGTACTTGCCGCTCGCGCGTATTGAGCTCGCCCATAGGCTTAACTTATGCAATATGAACGACTTGCGGCGCAAGTCCGAGATACGGAACTCGTCAGGGCACTAGTATCCTTCTTACATTGTTTTTACCAGTTATTTGGCGCCCGAAGGTGCGCGCCGCGCGGGCGGTGCTCGTGCGAGCGATAGCACGCGCGCGCGCGGCAGCTAGCTTCAGCGCGTGCCGACAATCACGTACTCCGCATGGGAGCAGTTTCCCGGGTGGTCGGGTGCCCCCGACTGGATTGCCGCACTCGTGCGGCGCCATGCCGCACGCCATGTCCTCGAGATCGGCGCGGGCGCGAATCCGACGTTGCCGCTGGACCGGCTCGCCGACCTCGGCATCGCGCAGTACACCACGAACGATGTGTCCGCCGACGAACTCGCCAAGGCGCCGCCGGGCTACGAGACCCTCTGCGCTGACTTCACGGACCCCGCTCTCGTTCTCGCGCGGCAGTACGACTTCATCTGCAGCCGCATGGTCAACGAGCACGTGCGCGATGGCGAGACCTACTTCCGCAACATCTACCGTGCCCTCACGCCCGGCGGCGTGACGGCCCACGCCTTTTCGACGCTCTACGCCCTGCCCTTTCTCGCGAACCGCCTGATGCCCGAGGCGGTATCGAGTGCGCTACTCAATCTGTTCGCCCCGCGCGACCGCCATCAACACGACAAGTTCCGCGCGTACTACAGTTGGTCGCGCGGCCCAACGGTGCGGCAAATCCGGCGTTTCGAGCGGCTCGGCTTCGAGGTCCTGGAGTACCGCGGCTTCTTCGGGCACCGCTACTACGAACACCGACTCGCGCCGCTCCATCGCGCCGAACTCGCGAAAGAGCGCTGGCTGCTACGGCACCCGATTCCGCAGCTGACCGCGTACGCGACCGTCGTCTTGCGCCGGCCGAGGTAGTCGCCTCACCCGGCGTGCCCGCACCGACCGCGCGATGCCAACCGCGCGATGCCAACCGCGCGATGCCAACCGTGCGATGCCGAACGTGCGGGGCCAACCGAGCGGGGCCAACCGATCGGCCGGTCGCGAGCCGCTCAGATCGCCTGCGCCACGAGCGCGTCCAGCCGCAACCACCCTGTTGGCGTCAGCCGCACGCGGCTCCCGACGAGCGTCGCCCAGCCGGCGGCAACCCATGGCGCCACCTTCGCAACCTCGTCCGGCCGCAGCTCCAGGCCGTCCCTCGTGCGCAGCCCGAGATACCAGCGCTCGGCGGCCGACGATTGCTCGGCGACGACCTCCCGCCCCTCCACCGGGTCCTCGCCCGCCATCGCCTGCCGCTGCCAGGCCGCGTAGGCGGTCGTATTCCAGCGCCGCTCGCGCCCGTCGAACCCGTGGGCGGACGGCCCCAATCCGAGGTACGGGACGCCGGTCCAGTACGCCGAGTTGTGTCGGGCGCGCCGGCCCGGCTTGGCATAGTTGGAGACCTCGTAGTGCTCGAACCCCGCCGCCGTCAGGCGCTCGTGGGCCTCCAAGAACTCCCGTTCGTAGCGCTCCTCAGGCGCCTCCGCGACCTCTCCGCGCGCCGTCCAGCGCCCCAACGGGGTGTGCGATTCCACGGTCAGTCCGTACACCGAAACATGGTCCACGTCCAGGGACACCGCCGCCTCAAGATCGCCTGTCCAGCTTCTATTGAGATGCTCGGGGACGGC
CP130613.1_gap60	1900193	1901873	1680	AGCGACCTGCTCCATCACCTTCTCCAACTCCTGCTTCACGCGCTCCATCGAGAGGCGGCCCAGGTGTGGCGCGCTGTCCTTGATCGCCTGCCAGGTGGCGGGATCCACCGCGAAGTCGAAGCGGCCCGCGAAGCGCAACGCGCGCAACGCACGCAGGCGATCCTCCTGCATGCGCTGCTGCGCGTCACCCACGCAGCGCACGATGCGGCGCTCGAGGTCCGCGCGACCGTCGAAGGGATCGCGCAGCGCCAGCGTCTCCGCGTGCACCGCGATGGCATTGATGGTGAAGTCACGGCGCGCGAGGTCTTCGTCGAGCGAGGCGCCGAACTTCACGACGGCGTGGCGGCCGTCAGTCTCGACATCGTGGCGAAACGTCGTGACCTCGTGCAGGACGCCGTCGCGGTCGAGCACGCCGACGGTGCCGAACTGGATGCCGACGGGGATGGTGCGCTTGAACAACTGCTGCACCTGTTCCGGACGGGCGCTGGTGGCGATATCCCAGTCGAGCGTCGCAATGCCGAGAAGGGCGTCACGCACCGCACCGCCGACGCACCAGGCTTCGTGGCCGGCGGCTTCGAGGGTGCGCGTGATGGCGCGGACGGCGGCGGGGGGCTGGAGCATCAATTACAAAGGTAGACGGCGCACGAGGGGTGGGCGATTGTCAGTCCTTGCTCGCCCCTCGAGTGCGGGCGCTGACGGCAAGCCCGACCAGCAGGATTGTGCCGCCGAGGAGCGTGCTCGGCGTGGGCAACTCGCGGATACCGGGAAGCAGGGCCGCAATCAGCGCGGCGCCGACGGGCTCGGCGAGCAGCGCGACGCTCACCACGTAGGCCGGGACGTAGCGCAGGGCCCAGTTGAATCCCGTGTGGCCCGCGAGCATAGGGCCGAGGGCGATCAGGGCGAAGATACCGAGCTCGCGTGGGGCATAGGGCCAAAGCGGCGTCGCCGTGAATGCCGCCGCGATCAACAGGGACACGAGGCAGGCCCCGTACACCAGCGCGACGTAGGGCCAGAGCGACAGCCGCTGCCGGAGCGACCGGCCGGCGAGGTAGTAGAGCCCGACGGTCAGCGCTCCGATCACCGCGAGTGTGTTGCCAAGCATCGCTGCGGAGCCAACGGCCTGCCCGCCATCTGCGGGAGCCGTCTCCGACCCAGGGGCGAGCGCGACCAAAGCGGCGCCAAGCAGGGCAATCGCAATGCCCATCAGCTGTGGCCGCGTCGGCCGTTCGTCGAGCCACAGGGCCGAGCCGGCCACGATGACAATGGGATGCAGATTCACCAGCAGCACGCTGGCCGCGATCGTCGTCAGACCAAGCGAAGCGATCCAGCTCCAGAAGTGCAGCGCGAGCAACGCCCCTGCCCCGCCTGCGATGGCCAAATCGCGAGTGCTGAGCCCGCGCCACTCGCGCCAACTGCCGGTCGCGAGCAGCGGCACAGCGAGGATCAACAGGGAGAGCAGGAGTCGCCACACCGCGATTGCCAGCGGCGGGGCACCCGCCAGCCGCGCGAGGGGCCCCGACACCGAGATTCCCGCAGTCGCCAGCGCGATGACGCCGAGGATGCGAGCAGGAGACGGCCGAGCGTGCACCGCGGGAAGTTGCGCGCGCGGCAACTCGGTTACTAGAGGGGCTGGTCGCCCGCGGCGCCCGAAGGGACCGTGCGCGAAGCGGCCAGGTCCCG
CP130613.1_gap61	1967373	1968297	924	CGGCGTGGCGCTGCCCTGGCCGCGCAGCCCAATACCGCCGAACGACACGTCGGCCATCGCGGCGTTCGCCGGCGCGGGCGTCGGTTCCATCTCGACGTCCGGCGCGTCGAACTCCGGCATCTCGTCGCGCGAGGCAGACGCTGGCTGCGACGCCTGCGCATGCATGCGCTCGAGCTCCGCGAGCTTGCCGCGCAGCGACGTGTCCAACGGCGAGGCCTCGACGAGTTGCTGGTAGACCCCGATCGCCTCGGCGAGCAGGCCTTGCTGCACGTACAGCGCGGCCATCGTCTCGTTCACGAACGTGGGCGTGGCCTTCGAGGCGCGAGACGGCGCCTCGACGGCGGGTGTCGGCACGACCGGCGTCGGCATCGACGAGGCCGGTACGGCAGCCGGCGCCACGGGCTCGGACTTCGAAGCCGGCTCGTCCTCGAGACCGAAATCGGCGAGCAGCGGCAGCGAGGCGAGATCGGCCTTCGTCATGCGCGGCTTCGGACGTGCGCTCGGCTGCTCCTCGACCGGAATGGTTGCGCTGGGGTCTTCGAGCAGCGGCAGGTCGGCGAGCCTCGAGAGCCCGGCGGGTTCTTCTTCGGCCGGCACGGCCATCGCCGTGTCGAGGCCCGTCACGGGCGCGACGTCGTCGAGTGTCACGTCGGGGCGATCGAGGTCCGCCAGCGGCGTGACCGAAGACGCCGACATCGAGACCGAGTCCACCTCGAGCTCCGCCATCGGCGCGACTTGCTCCGTCGTGAACTCGGTAGCCTCGAGGCCTGCCATCGGCGCGACCTCGCCGCTGTAGTCGGCAAGCTCGAAGTCGGCGGCCGGGAGCGCCGGCAGCGGCGCGGACGGGGCTTCGGCGATCGTCGGCTCAAGGCCCAGCGGTGCCACGTCGCCGGTGGTCTCGACGATCAGCGTATTGTCGGTGTC
CP130613.1_gap62	2065580	2067000	1420	GCCCTTGGTGGCTTCCGTGGTGTTCGGAGTCATCGCGGTCTTAGTAGTGGCAGGTGGCGCAATCGTAGTTCGCCTTCTTGCGCGGCATGGCGAGCGTGGCGGAGTCGGGTTCGTACCCGGCGGCGCGCATGCCCTCGGCCGGCGAGTAGCCGTTCACGTGGCACTGGACGCACCAGCCCATGTTCAGCGACTGCGTCTGGAAGACCTGCGGCATGTTGTTCACTTGGCCGTGGCAAGTCTGGCAGGTCACGCCGGCGTTGACGTGACGCATGTGCGGGAAGTGCACGTACTCCGGCACCTTGTGCACGCGGACCCACGGCACCGGTTGGCGCTTGGCCCAGTATTCGGAAAGCTTCTGGATCTCCGGGCGGTCCGTGCCGACGAGCGTGTGGCAGGCCATGCAGGTGCCGACGGCGGGGAGACCCGGGTCCGGCGACTGCCCGGCAGCGTTGTGACAGAACGCGCAGTTCATCTGCAGCGTGTTCACGTGCACCGGGTGCGGGAACTTCACCGGCTGCTCCGGCGAGCGGCCGATGCCACCGCCGACGTAGAACGTGTAGCCGGAGGCGCCGCTGTACGCCCAAGGACCGGGCTGCGCCTTGCCGGCGGCCTCACGATTGGCGGCCTGGGTGGCGGTCTCCGCCGCACCAGCCGGTGCGGCCTCCTGCGCCGTCTGCGACCCCGCGTAGGCGGAGAGCATCGTGGCCGCGATGGCAATCGCGACCGTCCCAGGAATCAGGACCCACTTGCTACGACCCGTCATCGGCACATGACTCGGGAAAGGGGATATCCGAATACTATACTCGGCTTGTGAAAAACTTCACAAGCTTCACGGCAACGCGGAAAAATGACCGCAATACTCAACTATCGCAACCCCGTGACAATCGGGGCTTTACTGCCGTATCGAACACCCGGCTACTCCGGGTCCAACCCGCGCTTCACACGGTCAATCGTACGCAGCACTTCGATGCCGATCGCCCGCACCAACGTCAGCTCGCGACTGTCAGGTCCCGCGCGATTGAGCAGCGAACGCACGGTCCGCATGATGTGTTCCGGGTTCCGCGTCCGGTAGAACGCGATCGCCGCCAGCGCACGGTCGATGTCCCCCAGCGCCCGCTCCCACTCGTCGTGCTTGGGCAGCGCCGCATGATGCTTGTGCCGCGCCACCTCGCGCGTCGCGTCGCCGGCCGCCACGTGGAGCTCGTAGAGCGCGATGTTCACCGCCTGCGCCACGTTCAGCGAGGCATGCTCCGTCGTGGGGATGCGCACCAAGACCTGCCCGCGGTCGATGGCCTCGTTCGGCAGGCCATGATCCTCCTGCCCGAAGAGCAACGCCACCGTACCGTCGGGAACCTTCTCCAGCAGGGTCCCGGCCAGCGCGCGCGGTTCCGTGACGGGCCAGCGGTGTGCGCGGCGCTTG
CP130613.1_gap63	2076630	2078099	1469	GGCGTCGCGCGTGACGAAGATCGAGGCGCCGAGCTCGGACGTGCTGGCGTTCATCGTCTCCGGCGGCGTCACCGATGTGCCCGGCGCCAAGCATGGAAACTGACGCCACGGAGACACGGAGGCCCTGAGGTTGCACGGGGCACAACAAAGACTTGGGGGTCCGCACCAATGCATCGGTGTGGACCCCCTAAGTGCCTACGCGGTTCTCCGTGCAATACTCCGTGTCTCCGTGCCTCTGTGGCAGCGTCGTTCACGGACCCTCGTGCCAACCGAGGCCTCGCCTACGGCCCGAAGCCCGGCGGCGCCTTCTCCTCCTGCGGCGTCTCCAACACCTTCTTGAAGCACCAGAATGTGCCGCCCCACACGAGCAGGAGCGAGAATGTCATGAAGATCCAACCCAGGGTCGTCATTGTGGTTTCTCCTCAGTCCGCAGGGTTGTTGTCGTCGATGTCCACGCCGGCCGCGCGCAGGCGCTTCTCACCGACATAGGTCACGATCACGAGGTACGCGAGGATCGCCGCGATGGTCAGCATCGCGACGCGCGAGCCCGTGTTGGCCCAGGACGCCTCCAGCGAGGCCCTGAAGTTCTGGATCGTGAAGCCCACGAACACGATGATCAGGTACGCCGGCGCGATGTACTTCATGATCACCTTGAAGATCGTCGGCACCTGGATCGACGCGCCTTGGTGCAACTCCTTCCAGCCGCGCTCGATGCCGAACACCCAGCCGAAGTAGATGATCTGCACCATCGCCAGCACGAAGATCAGGTAGGTCCCGACCCAGAAGTCCACCGTGCTCCAGAAGGCGCCGCCCGCCGTGAACCAGAGCGTGAGGATCGCGCCGATGGTGCCGATGATGGCGATCGTCGACGTGGACTTGGTGTGCGACCAGCCCGTCGCCTCCTTCAGGTGCGCCGTCGCCGGGGCGTACATCGAGAGCGAGCTCGTGATCGCCGCCAGCCAGAGCATCAAGAACCAGATCGCGCCGATGATGTTCTCGAACGCACCCATCTGCGCGAATACCACCGGCAGCGTGTTGAAGCCGAGGCCGAACGAGCCCGTCGCGACCGCACCGGCCGTGCCGCTCAAGCCGAGGAACACGAAGGCGGCGGTGAGCGTGATCATCCCGCCGAAGCCCACCTCGAAGAGTTCGTTGGTCGCCGACGCCGTGAGGCCCGACAGTGCGACGTCATCCTTCGCCTTCATATAGGAGGCGTAGTTGATGATGACGCCGAAGCCGACGGACAGCGAGAAGAAGATTTGCCCGGCGGCCGCCAGCCATGTCTGGAAGTTCCCGAGCGCCGAGAAGTCGGGGTTCCACATGTAGCCGAGGCCGTTGATCACGTTCTGCTCGGGAATCGCCGGGTTCGGCGTGCCGAGCGTGAGCACGCGGATCAGGACGATCAACGCGCAGACGGCCATCACGGGCATCGCGTAGGAGACGAATTTCTCGATGCCCTTCGACAGCCC
CP130613.1_gap64	2081278	2084509	3231	ATCGGCGCACCCTGACCCGAGCCCGCGTCTTCACCACGAACGAAGCGCTGCGCAAGGTCTCCGGCATCGTCGTGCGAGACGAGGAGGGCCTCGGGCTGCGCCCGAACATCGGCATTCGCGGGCTCAATCCGACCCGTTCCGCCAAAGTGCTGCTCCTCGAGGACGGCGTTCCCGTTGCGCTCGCCCCCTACGGCGACAATGCCGCGTACTACCACCCGCCCATCGGCCGCATGGAGCGCATCGAAGTGCTCAAGGGCGCGGGCCAGATCCTCTATGGCCCGCAGACCATCGGTGGCGTCATCAACTACATCACGCCCGGGCTCCCCGCCGTCTCCTCGACGTCGTTGCGGGTGGCCGGGGGCTCCAACGCGTTCGGCAGCGCGCAGGCGCGCGTGGCGGCCGTGCAGGGCGATGGCGGTGTGGTGTTCGACGTCGGCCGCTTCCGCTCGCTCGGCGCCCGCGAGAACACGGCTTCCGACGTCTCGGACGCCTCAGCGAAATTCTTCCTGCGCCTGGCCCCGACGCAGCGGCTCACGGCAAAGGCCAACTTCTTCCGCGAAGGGTCGCAGGTCACCTACTCGGGGCTGCGTGAATCCGAGTGGGCGGACAATCCGCGCCAGAATCCCTTCCGCAACGACCGCTTCGACATCCAGCGCCTCGGCGGCGCCATCGCCCACGAGTGGACCGCCGGCCACCGGCGCCTCGTCACCACGCTTTACGGCCACCAGATCCAGCGGGATTGGTGGCGACAGTCGAGCAACTCCTCGCAGCGCCCGAATGACGCGGCCGACCCCGCCTGCGGGTCGATCGCCGCCCTCGAGACGGGGTGCGGCAATGAAGGGCGGTTGCGGCAGTATCGGATCGCCGGCATCGAACCGCGTTACGCGCAGCCACTCGTCCTCGGCGCCCTCGCGGGTGAGCTCGACGCCGGGCTGCGGCTGCATCGCGAGGTCCAGACCCGGGTGCAGCTCAACGGAGCGGCGCACGACAGTCGCAGCGCCGGACCCGCCGGCAATCCGGGCTCCGGGATCCTTGAGGACAACCTTCGCACCACCAGCGCCCTCGCCGGCTTCGTACAGGCGCGCATCGGAGGCTTGACGTGGAGCGTCACGCCAGGCCTGCGGGTGGAACGGATCACGATCACGCGCACCAACCGCCGCCCGCTGGCCGGCGCGCCCTCGGGCGTCGGCGGCGAGACGTCGCTCACCGAGATCATCCCGGGCATCGGCGCCACGCTTGCACCCAGCGCGCGCCTCACCGTGTTCGCCGGCGCGCATCGTGGCTTCGCGCCGCCGCGCAACGAGGACATCATCAGCAACACCACGGGTGGCGTCGTCGAGCTCGACCCGGAGCGCTCGTGGAACTACGAAGTCGGGGCGCGCTGGACCTCCGCGCGGGGATGGAACCTCGACGCGACGGTGTTCCGCCTCGACTTCGAGAACCAGGTGATTCCGGCCTCGGTGGCCGGGGGAGCGGGCGCCACGCTCACAAGCGCCGGCCGTACCCTGCACCAAGGCGTCGAGTTCGACCTGCGCGGAGACCTGCCGGCGCTGGGTGGCCTGACGCCTTTCGTGCAGCTGGCGACGACCTGGATGCCGATCGCCCGATTCGAAGGCGAGCGCTTCGCCTTCATCGGCACCGGCGGTGCCGACGTCGCCGGCCAAGTGTACGCGGAGCAGAACGCGGCCGAGTCGCGGACGGCCCTGCGCGTGACGGGCAATCGCCTGCCGTATGCACCCGAGGTCACGGTCACCGCGACGCTCGGTGTCCGGCACCGGGCAGGCCTCGATCTCTCCGCCGAGGCGGTCCACGTGGGCCGGCAGTTCGGCGACGCCGCAAACACCAGCGTTCTCGTGCCGGACGGCCAGCAGGGCCCGCTCGCGGCCAACACGCTCTGGAACCTGTCGGCGAACTGGACGTCGGCGCCGCTCGGCGTCACGGTGTTCGCCACGGTGAAGAACGTCTTCGATGAACTGGTCGTGGTCGACCGCACGCGCGGGTTGCTCCCCGGGATGCCGAGGCTGCTGCAGCTGGGGCTGGAGCGGAGCTTCTAGGCCCGTCGAATCCGCGCGAGGCGGCCCGGCGCTCAGGCGCCGGGCTGCATCCGACGGAGGACGCGACCGGCGCGCATCGCCGCCTCGGCGATGCGCGCTGGATGCGTGATGAACGAGATGCGGAAGAACCCTTCCCCGCCCGCGCCCAGCGACGATCCGGCGAGCACGATGACGCCTTCTTCCATCATCAGGCGCTCGTGGAACTCCAGCGACGTGATGCCCGCCGGCAGCGGCACCCAGAGGTACATCGAGGCCTTCGGCGCCTCGACGGCGAAGCCGTTCGCGCGGAAGGCGGCCACCGCGGCGTCGCGGCGTTCCTTGAACACCGCAAGGTTGCCGGGCACCCACTCCGCGTGGCTCTCCAGCGCAGCCACGGCCGCCGCCTGCACCGCCATGAACTGGCCGGTGTCGAGAAAGCTCTTGGTCTTCGACAGCGCGCCGACCAACTCCGCGTTGCCGCAGGCCCAGCCGCAGCGCCAGCCGGTCATGTTGTAGGTCTTCGACAGCGAATGGAACTCGATGGCCACGTCGCGCGCGCCGGGCACATCGAAGATGCTCGGCGCGACGTAGCCGTCGAAGGTCATCTCCGAGTATGCGTTGTCGAAGAGCAGGATGATGCCAAGCTCCTTGCAGCGTCGGACGATGCGCGCGAGGTACTCCATGGGCGCAATCGCGGCGGTCGGGTTGTTCGGATAGTTGAGGAACAACACCTTCGTGCGCGCCAACACCTCCGCCGGCACCTCGTCGAGTTCCACGAGGAAGTTGGTGCGCGGCGTGATCGGATACATGTACGGCTCGGCTTCGCTCAGCAGGGTGCCGCCGAGGTAGGCGAGGTAGCCGGGATCGGGGAGAATGGCGACGTCGCCCTTCTGCAGCGTGGCGAGGCAGAAGTGGGCGATGCCTTCCTTGGACCCGATGAGTGGCACGATCTCCTTGAGCGGATCGAAGCGCTGCCCGAAACGCTTCTCCATCCAGGCGCTCACGGCCTCGCGGTACTTGGGCAGCCCGAGTCCGAATCCGTAGCGGCTCATCGCGGGGTCCTGCACGGCGCTGATGAGCGCCTCCACGGCCTTCGGCGGTGCGGCGAGGTCGGCGTCGCCGGCGCCGAGGTCGATGACGTCCACACCCCGGGCGATGAGCTCGCGCTTCTTCTGGGGAATCGTGGCGAGCAGGTAGA
CP130613.1_gap65	2087950	2092102	4152	ATGTGCTTGGATTCGCGCAGTCCCATGTTCGTCCACGTCTTGCCGCCGTCGGTGGACTTCCACACGCCGCTGCCCCAACTGGTGGACTGGCGATTGTTGCTCTCGCCGCCGCCGGCCCAGACCAAGTCCGGGTTCTGCTGCGAGAGCGTCACGTCGCCGATGCTCATCAGACCCTGGTCCTGCAACATCGGCTCCCAGGTGGTGCCGCCGGAGGTCGTCTTCCACACGCCGCCGTGCGCCGTCGCGACGTACCAGAGGGCCGGGTTCTTCTCGGAGACCGCCACGTCCGCGATGCGCCCCGACATCGTCGCCGGGCCGATCGAGCGGAAGTGTAGCCGGTTGAGTTCCTCGGCCACGGGGATCTGCGCCGAGGTCGCGGAGGCCAGTAGGGCAAGGGCGCCACAGGCGCCGAGGACACGGCGGGCGAGGGTCGAGGTCTTCACGGAAGGTGCTCCACGGGGTGAGACAGTTGGGATGGCGCGCGGAGAAGTTACGCGGCGTCAGGGCTCGGCGCTGGCCGCGGCGCCGTCGCCCGCGGACGTATGTAGGTTTCTCGCATGTCCACGACACCCGCCGCCACCGTCCGCCCCGCGGACAGCGTCACGCCGACCGTCATCCCGTCCGGCCGCGACGCCGCGTTCCGCGTCCTCGTCGGCCCGCAGCAGGGCGAGACCACCTTCGTGCTCCGCCGCTTCACCTTCGGGGCCGGCGGCGGCATGCCGCTCCATACCAACCTCGTCGAGCACCAGCAGTACGTGCTGCGCGGCCGCGCGCGCATCCGGATTGCGGACGCGGTGCACGAGGTCGGCGCCGACGACACGCTGTTCATTCCCGCCGGCGTGCCGCATGCCTACGAGGTCGTGGACGGCCCCTTCGAGTTTATTTGCGTCGTGCCGGACAAGCCGGATCAGGTGACGCTGGTCCAGCCGTGACGACGGGCCTCGACCTCACGCAGGGGTCCATCTCGGGTCACCTGGTCCGCATGGCGATCCCGATGGCGCTGGGCATGATCTTCCAGACGCTGTACGTGCTGGTCGACCTCTACTTCGTCGCGCAACTCGGCGATGCGGCGATCGCCGGCGTCAGCGCCGCGGGAAACGTGCAGTTCATCGTGATGGCCCTCACGCAGGTGCTCGGCGTCGGGACCACGGTGCTCATCGCCCACGCGGCCGGGCGCAAGGATCGCGTCGATGGCGCACGCGCCTTCCGGCAGAGCCTGCTCCTCTCCGGCATCACGGGCGTGTTCGTGCTGGTCGCGGGAGGCGTGCTCGCCCCGATGTACCTGCGCGGCGTGGCGGCGGACGCCGAGACGGTGCGGAACGGACTCATCTACCTCAAGTGGTTCCTGCCGGCGCTCGCACTGCAGTTCGCCCTGATCTCGATGGGCGCCGCGCTCCGGGGTGCCGGCATCGCGAAGCCGACGATGATCATCCAGATGGTGACGGTGCTCCTCAACGCGATCCTTGCGCCGGTGCTGATTGCCGGCTGGGGCACCGGGCGACCGATGGGGATCGCCGGTGCCGGACTCGCCTCGACCATCGCCGTTGCGGTCGGCGTCATCGCCGCGGCGGCGTACTTCGTCCGCACGGGCTTCTTTGCCGCGACGGCAGAGGAGGCCCCGTATCGGCCGGACCCGGCGGTGTGGCGCAAGCTGCTGCGCATCGGCGTCCCCGCGGGCGGCGAGTTCGGGCTGATGTTCGTCTCGATGGCGATCATCTACGGCATCATCGGCGGCTTCGGGGCGGCGGCGCAGGCGGGCTTCGGCGTGGGCTCGCGCATCATGCAGTCGCTGTTCCTGCCGGTGATGGCGATCGCGATCTCGGCCGCGCCCATCGCGGGGCAGAACGTGGCGGCGGGCCGGCCGGACCGCGCACGCGAGACGTTCTGGGCGGCCGCGCGGCTGTGCAGCGCGCTCATGGCCCTCATGACATTGTTCGCCCACTGGCGGCCCGCGGTGCTCGTGCAGCCCTTCGCCAGCGACCCGGTCGTCGTCGAGGTCGCGGTGGACTTCCTGCGCACGATTTCGTGGAACTTCGTGGCGAGCGGGCTCGTGTTCACCTGCTCGTCGATGTTCCAAGCGATGGGCAACACGATTCCCAGCGTCGTCTCGAGCGCCGTGCGGCTGACCGTGTTCGCGATCCCCGCTTTCTGGGTCTCCCGGCTGCCGGGCTTCCAGCTGCACTGGGTGTGGCGCGTCTCGGTCGTCGCCACGACGGTGCACGCGCTCTTCGCCCTCTGGCTGCTGCGCCGCGAGGCGGCGCGCCGACTCAGCGCCCTCGCGGCCGGCCCCGCCCCACAGCCGTCGGCGGCGTAACGCCCGCGCCGCGCTGCCGACAGGCATCAGAGCAGTACTTCACCTGCTCCCAGTCCCGCTCCCATTTCTTCCGCCAGGTGAACGGACGGCCGCAGTTCAGGCAGTCCTTCTGCGGGAGGTCGGACTTCTTCCGCATGCGGGCCATGGCGGGTCAGCCCGGCGTCGCGGCGGCGGACGGCGGGTCCCAATCATCGCCGTAGAGCTTGGGGCCACAGCTGTTGCAGATCGAGTGCGAGAACTGCGCCATCGACCGCGATGCCATGTACTCCTCGACGCTGCGCCAATAGCCGGCGTCGTCGCGGACGTTCTTGCAGTTGGCGCAGATCGGGATGAAGCCCGAGAGGGTGCGCACTTCACGCCTCGCGCGCAGCAGCGCCAGCACGAACAGCAGCGTGATGACGAGCAGGAGCACGGCGAGGCCCGTCAGCACGCGCTGTAGGCGCAAGGCCGCGGCCTGCACCTGCTGTTGCTCGCGGAGGTCCCGCGCGGCCGCCCGCTGGCGGGCCGCCTCGGCCTCGAGCTCGATGGCCGCCACACGCTGCGCCGCGCGGGCGTCGAAGACCGAGTCGCGCAGGGCCTCGTGTTGACGCGCATAGCGGAGCGCGGCCGGCGCGTTGCCGAGGCGCTCCGACACGCGCGAGAGCCCGTGCAGCGCCTCCAATCGATACACGCGGTTGCCCGTGCGATCGGCGGCCGCGAGCGCACGGCGATAATCCTCGACGGCCGCTCGCGACCGCCCGAGCGCCTCGTTCGCACGCGCCATCTGCAGCGCCGCGTTGGCCTGCCCGCGCAGGGTGTTGCCCTTGAGCGCCCAGTCGTAGACCTCGCCGAAGCGCCGCAGCGCGTCATCCGGCCGCCCTGACGCGAGATCGATCTCGCCGAGCAACAGGATGTTGATGGACCATGCGCTCAGCGAATCGCGCCGGCTGATCGGCGGGCGGCCGCTGTAGTACGCGGCGAGCGAGCGCTCGACATCCGCGCGGGCGTCGGCGAAGCGGCCGAGGTCGGCGAGGATGTCGGCGCGCGTGTTCAGCGCGTACCCCAAGGTGTGGCCATCGCCCGACGCATCGGCGAACGTGACGCCGCTGTCGGCGCTCTCGAGCGCCCGGTCGAACTGCCGCCAGTCTTGGTACGCCTTGGCAATGTTCGCGTGCAGGTAGGCCTGGCCCCGTGCGTTGCCGTCGGCGGTCCGGATGGCCAACGACCGCATGTAGGCTTGCAGGGCGAGCTCGAAGTTGCCGATCTGGTAATGCGACGAGCCGACGGAATTGGAGACGCGGGCCACCGCCGCGCTGTCGCCGCGTGCCGCCGACAGGTCGCGGCTGGCCATGAGATGCACGAGCGCCGAGTCGAAGCGATCGGCACGCCAGTGCGCGAGTCCCAACTCTTCGAGGAGGCCAGCCCACGCCAGCGTGTCGTGCGCGGAGCGTGCGGCCGCGGCGGCCGCGCGCAGCGCCGGCAGGGTGTCGGCGGGCGATGCGGATTGTGCCGGCACCGGCCCCGGGCTGAACGCAGCGCCAGCGGCGAACACGACGAGGGAGCGAAGGAGGGTGCGCATGGCTCGCCACGAAAAAAGCGCGGGGGCGGGCGGCGGGTCAATCGGGGCTCTTCCGCGGGAACAGGCCCGCGGCGGCGGCTGTTCATCGGGCAACCTTCCCGTGGAGCCCGCCCGCATGTCCGCTGCGTACACCGCCCCTGACCTCGACGCCGTCACCATCCCGCCGTTCTCCGTCTACGACGGCATCGAAGGCCTCTGGCAGGATGATGACCGGACCGTCTCCCTGTGGTCGCACTATCACGCGATCCGCGTGAACACCTGCCTCCGCATCACGCGCGCG
CP130613.1_gap66	2255611	2257681	2070	CAATCTCCGCCGCGCTGTCAGCGTCGACCAGCTGCATGCCGACGAGCTCGTGGGCGAACACCTCGCCGTCATCCGGCTCGGAGAGTTCCTCCACCGGCACGAGCAGGCAGCGCCCGTTCCACTTCTCGGCTTCGGTGCGGTCGGCGATCTCGACCAACGTGAGCAGGAAACCGTCCTTCACGGGGCGCAGCGCCTTCACCTCGAGCGTGCGCGGCTGCCGCGTGCGCGGGTCCAGCCACAGCGCGCCGTCCGGCGTGCCCTGGAAAACGCGACGGCCAGGCGCGAAGATCGCGCCTGGCTCGTCGGTCAGTGCTTCCAGCAAGAGCTCCCCGCGCACGCCGTGCGGCCGACGGATGCGGCCCACCGCAGCGCAGTCGGGAAGCGTCACGCCGTCACTTACTCCTTCACCGGGACAGCCTTCGCGGCGAGCTTCGTCGCGAGGCGGGTCTCGTGGCGGGCCTTGAGCACGCCAGCCTTGCGGAGCAGCGAACGCACGGTGTCGGACGGCTGGGCGCCGTTGTCGAGCCAGTAGTTCGCGCGCGCGACGTCGAGCTGGACGGCCTGCTCACCGGCCCGCGGCGCGTACTGCCCGAGGATCTCGATGAACTTGCCATCGCGCGGGCTGCGGCCATCGGCCACGACGATGCGGTAGGTCGGGGCCTTCTTGCGGCCCTGACGGCGGAGACGGATACGAACTGCCATGGGGAAATCCTCGGTGCTACTGGTTGCGTCCTGCCCACTGGCTCATCGCGCATCCGGCGTTTCCGGTGCGCACCAGGGTCCAACACAGACGGCCTAACGCTTCACGGCCATCCGCTTCATCATCTTCTGCATCTCGCGGAACTGCTCGAGCAGACGATTCACTTCGCTCACCGGTCGTCCCGAGCCCTTCGCGACGCGCGCCCGACGCGAGCCATTCAACAGCTCCGGCTTCTTGCGCTCCTGCGCTGTCATCGAGAGCACGATGGCCTCGAGGTGCTTCATGCGCTTCGGGTCGACCTTGCTGGCCTGCGCCAGCACCTTGGAATTTACACCCGGCAGCATCTTCAGGATGTTCTGCATGCTGCCGAGCTTCTCCATCTGCTTCATGGCGGAGAGGAAGTCCTGGAGGTCCATGCCCTCCTTCTTGATCTTCTTCTCCATCCGCTTGGCTTCGTCGGCGTCGAAGGCGCCTTGCGCCTTCTCGACGAGCGTGAGCACGTCACCCTGCTGGAGGATGCGGCCCGCCATGCGGTCGGGGTGGAACTCTTCCAGGGCGTCCGGCTTCTCGCCGACGCCGATGTACTTGATGGGCTTCTTGGTGACGCCGTAGATCGACAGCGCCGCACCACCGCGGGCATCGCCGTCCATCTTCGTGAGGATCACTCCGGTGACGCCGATCGCGTCGTTGAAGCCCTGCGCGATGCGCACGGCGTCCTGACCGGTCATGCCGTCGGCCACGAGCAGGATCTCATCCGGCTGCACCGCCTCCTTCACGCGGCGCAGCTCCTGCATCATCTCGTCGTCGATCTGTGTGCGGCCCGCGGTGTCGATGATGACCACGCGGTCGCGCTCCTTCTTGCCCTGCTCGATACCAGCCTTGGCGATCTTCACCACGTCCTGCGTGCCGCGGTCCGCATAGACCGGCACCTGCAGGTCGCGGCCCAGCGTCTCGAGCTGGTCGATCGCCGCGGGGCGATACACGTCCGCCGCTACGAGGCGCGTCGCCTTGCCCTCGGCCTTCAGCTTGCGGGCGAGCTTCGCCGACGTCGTCGTCTTACCCGAGCCCTGCAAGCCGACCATGAGCACCACCGTCGGCGGCACCGACGAGAGCTTGAGGCCTTCCTTGCGCTCGCCGAGCATCAGCGTGAGTTCGTCGTAGACGATCTTCACCAGCTGCTGCGCGGGCGACACGCTCTTGAGCTGCGTGACGCCGACGGCGCGCTTCTCGACGCGCGCCAGGAACTCCCCCGTCAACTGGAATGACACGTCGGCTTCAAGCAGGACCCGGCGCACTTCGCGCAGGCCGTCCTTGATGTCGGCGTCGGTCAGGACACCACGGCCGCGCAGACGCGCGAACGTGGCTTCCAG
CP130613.1_gap67	2262300	2263482	1182	GAGCCCGAGCACACCTACCTCCTCACGCTCGACGAGCACCGGGTGATCGACGCCAATGTCGGCGGGAACGCGGCGCGGTTCATCAATCACTCGTGTGAACCGAATTGCGAGCCGATCGCGTATGGCGACCATATGTGGATCGTCGCCGTGCGGGACATCAAGCCGGGCGAGGAACTCGCCTACGACTACGCCATCGAGCTCGACGAGCCGCACACGCCGTCGCGCAAGAAGCGCTTTCCCTGTCGCTGCGGCGCCCGGCGCTGCCGCGGCTCCATCCTGAAGCCCAAGTACCAGCCGCTGCATCCCTTGGTGCGCGCGGCCATCCGGCGCTACGGACCCGAGGCCGAGGCGCGGCGCGCGGCGGGAGCGCGGCGATGAGCCCGTTGCTGCGCGAGTTCCTGCTCAACGTCGCCATCGGCACCATCGCCGGCGGCGTCACGAATGCGGTCGCGGTGTGGATGCTCTTCCACCCCTACGAGCGGAAGTTCGGCCTGCAGGGCGCGATCCCCAAGAACAAGGCGCGGCTCGCCAAGAGCATCGGACGCACGGTCGGCGAGAAGCTGCTCACGCCGAAGGACCTGCTCGACGAGCTGCATCGGGCCGGCTTCCGCGACACGCTCGACGCCAAGCTCACCGCGCTCATCAAGCATCTGCTCGACGTCGAGCGGGGCTCCCTGCGTGAGATCCTCCCGCCGAGCGTGATCGGCGAGGTCGAACGCGCGCTGGCCGGACTCGGCCCCGCGGTCGGCGACAGGGTCGCCACATGGACCGCGACGCCGGCCTTCGAAGTGAAGGTCCGCGAAGCCCTCGCGCGCCTGCGCAAGGAGCTCGGGGATCGACCGGTGAGCGAGGTGCTCACGGAAGCGCGCCGTCAGGAGCTCGCGGCGCAGGCTGCGACTCTGGCCGCCGAGTTGCTCGACGAGAGCCGTCGCGCCGAGCAGCGCTCGGCGGCGGCGCGCATCGGCGATGCCGTCCTGCGCCTTGCCGGCGAGGAACGCACGAAGGCCTTCATCGAGAAGGCCGTGCACGACGCGCTGGGCCGCGCGGGCTCGCGCACCTGGAGCGATGTGCTCGATGCCATCGGCGAGGACGTGGTCGTGCAATGGATGCTCGAGGCGGGCCGCAGCCCGCGGGCGCACGACCTCGCCGCCGAGGGCGCCGGCACGGCCGCGCTCGCCCTGC
CP130613.1_gap68	2355382	2359946	4564	CGACGCGGCCTTGGACGGGACGAAGGCATGGCTCGGCGTTCCGAGGGAAGCCGACTGGAAGGGCGAACTCTACCAGTACGCCAATCGCTTGGCGCACGTCCGCTTCCTTCGCGAGCGTGGTGTGGAGGCTTGGCTCGTGAACCTCTGCTTCGTGGACGACCCCACGAAGAATCCGACGGACGCAGCGACGTGGAAAAGCGCGTTGACGCAGGCCAAGATCGACCTAGGCCTCGGCGATATCAGCCACGTCGCGGTGGACGTGCTCCTGCCCGGTCTCGCGCCAACTGCTTGGGACCTTCCCGCGGCCAGATAACGACGCTTGCTGCCGACGGCCACGCTATGGTAGCGCGGGCTGCGCCCGCGCAGTCTATTGGAGTGTCCGCAGCAGAAGCATACGTTATGCGGAAGGATCCGAGCTCACGGAGCTCCCGATGCTTCGCAATGCGGCAGACCCGGCAGGCGCGGGTCCCCAACCGCTCTCTTGGGTGGTCCGTGTGAGCGGATCGGCGCGCGTCCGCTGCGAACTCTATCGGCCAGCCTGATGGTCCCGACTCGCGACGCGGCCTAGGCCTCCGCATAACGAAGCTTGCTGCTGACGGCCACGTTATTGAAGCGGCCGCTGCGCGGCCGCATCTTATGGAGTGGCCGCAGCAGAAGCCAACGTTAGGCTGACCACCACGAATGGACCCTCACACCACTTACGCGTGGATCCTGCTCGCAGTCCCGACGGCGGGCGCGCCGATCCAGACGGTCCGAGCGCGAGCGGAGATGCTGAACAAGTCGTCGCCCTCGGAGCGTGAGCTGCACGACAGCATTGCGTGGCTATGCGAACACGGCTTCCTGGATGCGAGCGAAGATGGTGTGCGGTACACTGTCGCTGGTGCACAACTGGTAGCTGAAGCGTGGGCGAGCGATTCCATGTATGAGACGTGGAGTCGCGTCGCGCGGCGCCTGGCTCTGGTCTGATAGTCCGCCCATATGACTGCCCGTTGACCTGCGGCGCGCGGCAGCCTAACGACGCTTGCTGCCGACAAGCGCGGGTGCGGTAGCGGTTGTGGGGCCGCTGCTCCACTATATGTAAGGTCTGCAGCGGCCCCACAACCGCATTCTATTGGAGCGCTTGCAGCAGAAGCACACGTTATCGCGACTTGTGCCGGGGGACAGGCGATTCGCAGCATTCGCGTCGCGAGCAGTGCGTGGTGATCCGCGGGTTCAGCGATGGTGCGTTTGGGGTCCGCTCCGAACGGTGCTGCGCGTGGGTGTCCCGCCAGACTTCGCGACCTACGGTCGGATCCTGGCGGACGGCCCAGGCCGCTCGACGGGCATCGCCTACGCATCCCGCGCGGTTTGTGCGCTCCGCCGCGCGCGCCGACGCCGCGCGCGATAACGACGCTTGCTGCCGACAGCTGCGGCTAGGGAAGCAGTTGTGGGGCGGCCACCCTGTAGGGCATGGGACGGCCTAGCGGCCGCCCCACAACTGCATCTTATTGAAGCAGCTGCAGCAGAAGCTCACGTTATACTGACCACGATTACTTGGTGACCCGCCCGGCTAATGTCCCATGATGCACGCGACACCGAGGAGCGCCTCCGTAGTTGGCTGGATGGCAATCAGCCGGCCCGCGAGCGTCTTTGCCTCCACTTGCTTTCGCTCGATCGTCGGTTCACACAGATCAAGCCCGTTCAGCCAAAGGGCGGCCCTGATGGTGGGCGCGACCTCGAAGCGCGTTTCGACAATATCGGCCCCGCTCGCGGTGGGATCGGGTTTCGCAACTCGCCGAGCGATTCTTCGACAGATTTTCGTTGGGTGAAGTCGAAGCTTGCTGACGACCTCTCCAGCGCACTGACGAATGAACCGCGCTTAGTCGCCTTTGCGTTCTTCACGAACGTACGGCTGACGGTCGGTCAGAGACAGAAGCTCGAGGAACTCGCCAGGACGAAGACCACCGCACAGCTTGAGTTATATGACCGCGAGCGTATGCGGGTGCTTCTCGATGGCGTCGAAGGTTTAGCCGCGAGATACCAGTTCCTGCAGATTCCGCTGAGCGCACCCGAGCAGGCTGCATTCTTCTCACGCTGGGGATCAGACCTTGAGGCAATGGTCACGAGGTCGTTCACGAAGGTTGATGAGCGCCTGCGTCGTATTGAGTTCTTGCAGGAGTCACAGCGCCCACTGACGCAGTTGGCGTTCCACATCGTCCTTGCTTCCGCCACGCCCATATCCGACCTGCCACATGTTCGGGCCATGCTGCACATCTCGCGCTTCACTGGCGACCTGCGCCGCAATCGGTGGAACCTCGCGGTGTGCAACAATTCACCAGATCGCTCGCTGCCCAGCTGCGGTCAAGGTCCGTGCGTTGGCGGTGCGTTCTGGCATGAGGACGCCGCCACGCCGCTTGGCACCTTCGCCTCAACGTGGCCAGACCCGTTCCGAATCATCGCATCGCACGGCGGAGTAAGTGCGTGGCTCGACGACAGTCAGCTCTCTCGACTTGCTGATTTGGACGAAGCTTCATTTGCTTTCTTTATGAATCGCAAGCTTTGGGAACGCGTTGGTCGGATTGACATCTTTGCGAACGACTACTTAGTGTGGACGGCATCCGTTAGCGAGCTCAGTGACGATCCTCCGAATGCTCAGCCAGAGCTGCCGTGGCAGTTCAGCGCGGATGAGCTTGCTGACGAGTGGGTGCGCGTTATGCCGCGAGGGTACACCGGCTCGCTAAACTTCACATCATCAACCCCGCTCCGGCTGATTGAAGCCGAGCAGATGAGACGCCGTGACTAGCGCGCGCAGTATAACGACGCTTGCTGCCGATGAACGCGGTGCGGAGTGGGTTTGGCGGGGCCGCCGTGATGCCCTGGGCTGGTTGCGGCGGCCCCGCCAAACCCTTCTTATTGGAGCGTTCACAGCAGAAGCACACGTTATGTTGACCCGCGCGTTCATACGCATCGGAGATTCCTGAATGCGACATGCTCTGGCCGCGCTCTTCGTGCTCGGACTCGTCAACGGCGCCGCGCACGCACAGCAGGCAGCCCGCCCGTACCCTGACTTGCTGCAGGCTGGCACCGACACCCTGTACCAGTACTTGGTGCAGGGCGCCGACACCACCTTCATCGGTACCGTCGTGGATGTCATCGAACGCGTCTCCCTGAATGGGCGCGCGGTGATCCGACGGATCTACTCGAGCGACAGCCGCTTGAGCGGCGGCACCCGCGATACCATCATCGACGACGCGGCAACGCTCCGACCGGTGCGTACCGCGAGCTACTCGACGCGCGCCATCGAGAAGGTCGAGTATGGACCGGATCGCGCGTCAGGGTGGATCCGGCAGCCGAACGGCGACTCGTTGCGCATCGACGTTGCGGTCCCTCCGCAGGTGTACGCCGCTTCGAGCTTCGACGTCGTGATTCGCGCCTCCGAGCTCGACGATGGTTGGAGCGCAACCGTTCCCGCCTTCGTCGCCTCGAGCCGCGTGGTCGTTCCGATGACCGCCCGCGTTGTGCGCGAAGAGCGGATCGACGAGTGGGAGTGCTGGCGCGTAGACGCTGAGTACATGGGAATGCCGGTCACCTTCTGGGTTGAGCGCGAGACCCGAAGGCTTTGTCGGCAGGAAATGCGCCCGCGAGTGGGCCTCTCCCTGCTCTACACTCGCCGTGCCCCTCGCGCGCCACGCCGAGGGGCAACATAACGACGCTTGCTGCCGACAGCCGCGGCTAGTGAGGCAGTTGTGGGGCAGCCGCGTTATGATGCATGGGACAGCCTGCGGCTGCCCCACAACTGCTTTTTATGGAAGCGGCTGCAGCAGAAGCACACGTTATACCGAGCCGTGCAAGCGGACAGCTATTGGGCTATCTTGATTCGACGCCTCGACACCGGACGAGACCTATGGTGCGCTCCCCCGATACCCTAGAACGCGAACTCCTGCACCTGCCGAAGGCCGACCGTGCGCGGCTGGCACAGGTGCTGCTCGCGAGCCTCCACGCGGAAGAGGCCGCGGCCTCGCCTGCCGAGGTCGAGGCCGCTTGGGAAGCAGAGATCGCGCGCCGCGTGGACGAGTTGCGCAGCGGGACCGTGGCCGGCATCCCCGCGGAGCAAGTATTCGCGGAAGTACTCGACCGATAAGCCCGGCCGTGCTGCGGTCGGTCGTTTTCCATCCCGAAGCCCGAATCGAGTTCCGCGCCGCGGTCGCTGAGTACGAGGCAGAGCGCGACGGGCTGGGGCGCGCGATGGCCCGAGAGGTGCGCGAGCTGGTCGAGCTCGCGCGCGCGTTCCCCCAGATGGGATCGCCCTACTCCGTGCCAGGGGTTCGTCGGCTCTTCCCCCGCACGTTCCCGTACGCCCTCGCCTATCTCGTAGTGGACGACACCTTGTTCATCGTGGCCGTCGCGCACGGCCGGCGCGAGCCCGACTACTGGCACAAACGGCTCTCGGCACCGACGGGGCCGGTATAACGACGCTTGCTGCCGACGGCCACTTTTCGGTAGCGCGGGCTGCGCCCGCGCGTTCTATTGGAGTGTCCGCAGCAGAAGCTCACGTTAGCCAGACAATGACCGGCACCGACCCTGA
CP130613.1_gap69	2401642	2403473	1831	TGAATGGGCCTACAACCGGGCGTATGCGCGCTCAGGCTGGCGGACCCGGGCGCTCGCGCACTATCTCTCCTTCTACAACACCGAGCGGCGGCACAGCGCCCTCGGCAACACGACCCCGGCGATGCGGCTCGCCCAGCACCTGTCAACAACGTGCTGAGCCACTACACCTAGGCTTGGTTGCGGACGCCCCGCCCAACCCTCTTATTGGAGCGTCCACAGCAGAAGCACACGTTATCGCGACTTGTGCCGGGGGACAGGCGATCTGCGGCATTCGCGTCGCGGGAAGTGCGTCGTGATCCGCAAGTTCGTCGCCAGTGCTTTGGGGGTCCGCGCCGAACGGTTCTGCGTGTGAGTGTCCCGCGAGACTCCGCGACCTACGGTCGGATCCTGGCGGACGGCCCAGGCCGCTCGACGGGCATCGCCTACGCATCCCGCGCGGTTAGTGCGCTCCGCCGCGCGCGCCGACGACGCGCGCGATAACGACGCTTGCTGCCGACAGCTGCGGCTAGGGAAGCAGTTGTGGGGCGGCCGCCCTGTGGGGCGTGGGACGGCCTAGCGGCCGCCCCACAACTGCGTCTTATTGAAGCAGCTGCAGCAGAAGCACACGTTATGCCAAGACAGACTCAGCAATGATATCAGAGAATGACCTGGCTGCCTTCGAGCTTGCAATCGCGATTGCTTGTGCCCACAAGAGCCCAAGCCCGTTCCGAGGCGCTCCCCCACCGATTGCCGAAGGAACTTCGCTATCGCTCCCCGACCGCTTCCGGGATGCCTCTGGTGCGATTGTAGTGTCCTTCGATGCGCGGTGGGAGCCATTCTTGAACAATGGCATTGGTCACCACATCGGCGACGCCCCCCGGTGGTATGTTCCAAAGAATCCCATTCTGGATGCCGTTTGTAGCGCCCTGAGGAATCCGGACGAGTTGAGACGCGCTGGTGCATCAGGCGGGCGTGTGTTTCTCCATGCCGGTGGTGCTCGGCGGCGCCTCGCGGGAGAGGTGGAGCGCGAGGTCGTGTCGTGGCAGCTTCCCCGTCACTCTGTCCTGCTAAGGTAGATCATGCACCCGTGGACGCGAGACGAGGTTGTCCTAGCGCTCGACCTCTACCTAGCGAATGGCGGCCGGACCCCTCCCACCTCTGACGAGAGAATCCTGCGGCTTTCGCGTGTACTCCGAGCCATGCCCGGAAATCAGGCGGCGTCCAATGATCCCCGATTCCGCAACCCCAACGGGGTATCGCTAAAGCTGCGCAACCTACATGCCGTGGCGACCGGCGGCGGAATGGCCAACGGTTCGCGAGTGGACCTTCAGGTCTGGAGGGAGCTAGGCGCTAGCCCAGCGGCAGCGAGAGCAGAGGCCCAACGCATTCTTGAAGGCATCCCCGGCACCGTCGAGAATCGTGCGCAGATGCGATCGACGGGGTTTGCTGAAGGAAGTCCTGTCCTAGAAGCGCACTACCGCCGGGAGCGCAGCCCTGAGCTTCGAAGCAACTTCATCACCGCGCGTAGAGCCGAAGGTCCCCTTGCGTGCGAGATCTGCTCGCTCGCTGCGATCCCTCAGCATGCTGCACTGAGCGAGGGGCGTTTCGAGGTTCACCATATCGTTCCGCTAGGTTCGGGGGAACGCCGCGAAACCACACTGGCAGACCTCGCGCTCCTCTGTGCCAACTGTCACCGGCTCATTCACAGGGCGATGCAGATGGAACAGCGCTGGCTCTCTATTGCGGAGGCCCGGAACTATCTGCGTCAGCGCGCCTTGGCATAACGACGCTTGCTGCCGACGGCCACGCTTCGGTAGCGCGGGCTGCGCCCGCGCGTTCTATTGGAGTGTCC
CP130613.1_gap70	2404788	2406046	1258	ACGTGTCGCACGAGACGATCTACCGCTCGCTGTACGTCCAGGCGCGCGGCGTGCTCAAGAAGGAACTGCTGAGGCACCTGCGCACGGGACGCGTGGTGCGGCGCGCCCGCGCCTCGACGCGCAAGGGCCAGGGGCGCGGGCAGATCGTCGATGCCATTCCCATCAGCGCGCGCCCGGCCGAGGTCGAGGACCGCGCCGTGCCCGGCCACTGGGAGGGCGACCTCCTCGCCGGCGGCGGCAACACGCACATCGCCACGCTCGTGGAGCGCACGTCGCGCTTCACGATCCTCGTGAAGGTCGAGAGCAAGGAGCCGGGCCGCGTCGTGCCCGCGCTCATCCGCCAGATCCGGCGGCTGCCGGCGCACGTCGCGCGCTCGCTCACCTGGGACCGCGGCAAGGAACTCGCGCACCACCAGCGCTTCACCGTCGCCACCGGCGTGCAGGTCTACTTCTGCGATCCGTACAGTCCGTGGCAGCGCGGCACCAACGAGAACACGAACGGCCTCCTGCGGCAGTACTTCCCCACGGGCACGAGCCTCGCCAACGTTACGCAGCGGCAGCTCGATGCCGTCGCGGCTCAGCTCAATGGACGGCCCCGCAAGACGCTCGACTTCCGCACCCCGGCAGAAGTCTTCGACGAAGCTGTTGCATTGATTGCTTGAATTCATCCGACAGCCACACTCAGTGACCGCACGCGTGCTCGCGGGGTAGGTGGAGTATCCGTCATCCAAGCTCGATTCAACTCATGCGCATTCTCCGCTCTCCGTTACTGGTCGTCGCGAGCCTCGCGCTACTAGCATCCGCATGCGTCTCTCCCACCGAAGCGCTCCCCGGCGTGGTAGTTGAGACAGACGCGACGAGTTACGTTGCAGAGGCTCTGCCCGGTACCCCTCCACGGACGCAGTATGCATTTCGGGTCATTGTGCGCACGACAAACGGCTCCCAAGAGCCGGTCCGCCTCGGCCGCTGCAACCCGGAAAGTGCAGGCCCGATCTTCGGGGTTGAGCTGCACGCAGAGACAGCAGGCACACGCTCCGCCTTCAACCCCGCCTGGGGATGCGTTGGCGGCGTGGAGCCCATCGAGATCCGGCCGGGCGCTGCGAGAGTCGACACCTTGATCATTCACGGGCCCACTGTCTTCAACGGAGCTACCGGGGAGCCCGTTGGCATCGCCGAGGGCACCATGGTGCTACGCCTCGCGAGTGAGAACCGTCGGCTCGTGAGCAATCGCTTCTCGGTCTCCCTCGCTCCGTGAGCG
CP130613.1_gap71	2411815	2415231	3416	GGCTGGCCTCCGCAGTGTGCCCCGTCGCGAGACGGTGAGCACGGTAGATGGTATGGGGCAGAACCTTGCACCCCGCGATGGGCGGAGGTCCAGCCGCCGCTTCATACCAACTATGGGAGCGCTTGCAGCAGAAGCATACGTTATGCGAACACCGCCGACCTTGACGCGTGTCACGTGACGCGTTACATTTCAGCGTGATCAAGACCTTCGCGGACCGGCAAACCGAGGAGCTGTTCCGCACCGGCAAGGCGAAACGCGTGCCCGCCGACGTCGCCCGCCGCGCCCTGCGCAAGCTCGCCGCCGTAGACGCCGCCACCCAGGTCTCCGATCTCAAGGTGCCGCCCGGCAATCGCTTGCACGCCCTCAAGGGTGATCGCGCCGGACAGCACGCCATATCCGTGAACGACCAATGGCGCATCTGCTTCCGGTTCGCGGACGGGGATGCGTTCGACGTGGAGTTCTGCGATTACCACTAGCTGGAGTGTCTCATGAGCATTGCCAACACCAAGCCGCTTGAGCGGCGCCCCATTCATCCGGGGGAGATTCTCCGCGAGGACTTCCTCCCGGAGTATGAGCTCTCGGTCACGGCGCTCGCCGAGGCCCTCGGCGTCTCGCGGCAGTCCGTCAACGAGTTGCTGCGCGAGCGGCGTGCGGTCAGCCCCGAGATGGCGCTGCGGCTCGGCAAGCTCTTCGGGACGTCGCCGGAGTTCTGGCTGAATCTCCAGCGGAACATCGACCTCTGGGACGCGGCGAAGGGGCTCAAGCGCGAAATCGCGCACATTCACCCCCTGCAAGTCGCATAACGCAGCTTGCTGCCGACGAGCGCGGGGGCGGTAGCGGTTGGGGGGCCACGGCTTCACTTTTTCCCGTGGCCCCCCAACCGCATCCTATGGGAGCACTCGAAGCAGAAGCACACGTTAGTGCGAGCAAAGACGAGATCGTGAATGCCGACGCCTTTTGTAATCGAAGTCTCGCTACCTCCTGCCCAGGTCCGCGCGCGAATAGCGGCGGCATTGAAGCCTGTCCCGCTTCTCGCGGCCGTGAGGCCTCCGGCCGACAGCACGCAGTTCTGGGGACGCGTTGACGCTCGTCAATTGGAGGTGCGGCTACCTCATTCAGGTCGCAACTCGTTTCGCGCAACGCTCACGGGATCACTCGCACCCATCGCCGGCGGCACACGTCTCACGATTCGTCCGACTGGGTTCGCGTTTGCGCCCGTGATCTTCGTTGTATGGTTGTCGACTGTGGTGTCGTGGGGCATCGCCGCGTTCCGTCGAGGTGACGGGCAGTCCTTACTCATACTCGGGGGAATGGCTGCCTTCGGCGTCTGGATCCTGAGAATGGGCTGGCGCATTTACGACGAGCAAGCGAAAGAGCTCGAAAGGCGACTCCGCGCGGCGCTCGAAGCACCGTAAGTTCGGAGCGCGCCGCACCACCGACGCTTGCCGCCGATGGCCACCGCTAGGGATGGGTTTGGCGGGGCGTCCGTGATGGCCTGGGTTGGTTGCGCACGCCCCGCCAAACCCTCCTCATTGGAGCGTCCACAGCAGAAGCACACGTCATGTTGATGCACGCGATCGACTAGCTTTCCAGAGCACGGCGCGCTCCTCGCGCCCGCCGCCCGCGAGGACGACCCCGCGGAGTCCATGCCGCCCCGGGACGACCCGGACTGTCGCGAGCATTCTGAACATGAACTGGTTCCTCCTCACCCTGGCGGGCCTTCTCGAGGTCGGCTGGGCCATCGGCTTGAAGAAGTCCGAAGGCTTCGCTCACCTCGGACCCTCACTCGCCACCCTCGGCGCGATGGCGCTGAGCTTCTGGCTCTTGAGCATCGCGATGCGCTCGCTTCCGCTCGGCACTGCCTATCCGGTCTGGGTCGGCATCGGCGCGGTGGGATCGGTGGTCGCCGGGAGCTGGCTCTTCGGCGAGTCACTCACGGTGCTGCGCGTCGTCAGCGTCCTGCTCATCATCGTTGGCATCATCGGTCTCAAGCTCGCCACGCCCGTACCGGGGTGACGGCCCGATGGAGCATTGCACGGCCTAGCGGCCGCCACACAACTGCATCTTATTGGAGCAACCGCAACAGATGCACTCGTTGCTCGGACCCGCAGTGGTAGAAGGCCACGCTCCCACCATGTCGCACGCATTCAGCGCGAACCTCTTCACCCTCTGCGCGGGCACCGTGACGCTCTTCCAGCTCGCGCTCGTCGCCGGCGCGCCGTGGGGACAGCTCACGCAGGGCGGACGCGTCGGTGGTGCCCTGCCACTCGCCGGTCGTCTCGTCGCCTTGGCATCGGCCCTCCTCCTGGTCGCGTTCATCGTCGCCGTGCGCGCCCGTGCCCGCACCGATCGATTCCGCCGCATGGCCTGGGTCGTCGTGGCCTACTGCGCCCTCGGCATCGTCGCCAACGCCGCCACGCCGAGCGCCCCCGAGCGCGCCCTCTGGCTCCCGGTCGTCACCCTGATGTTCGGCGCGAGTCTCCACGTCGCGCGTCGGCGCGCGCCGACGCGCGACGTTCCATGAGAAGCGCCTCACACGAACGGCATCCGTGTAGGATCCGGGAAACCTGTCGGATCTCACGCCAGCCGCCGAAGCATCGCCTCGGCGGGTCTTCACGCTCCGCAGGCGCTACGGCTGCCAGCGCTTGAGCTTTGGGATCTCACGGGCCGCCCAGCGCGCCAGAAAGCGCGGCCAGTGCTGCTTGGTGGTCAGGATGTTCACGACGAAGTCCTTCATCTGTTCAGCCGTGTCATCCGGCCGGAAGAACCTACCGTTGGCGTAGCAGAGCCCGCAGTACATCGGCGACGGCGAGCCGTCAGCCTCGGTCCCCCGCTTCTCGGGACCCTTGCCCATCGGCATTCCGCAGCTCTGGCAGCGTTGGTAGATGGTCCTGTCCATGACAGCAGTTTACGCCCCACCAACCGCCGTAGCAAACCGGGTTGAGGGCGGAAGCGTCGCGTGCTGCCGACGGCCAGCCCACGGTAGCGCGGGCTGCGCCCGCACGGTCCATTGGAGGGCCCGAGCAGACGCATACGTTACGTGGACACACCCAGTCGAACGCCGCGCTGTTCACCGCGCCGCACTTTCTCTCGAAGCGTCCGCTCCAGTTGCAGGCGCTCGACCGAGGCAAGACTCGCAGCCGTGGGGGACAACGCTGCACGACTCCGACCGGTGAGGTGCTGTACACGCTCGTGTAGGCATGCTTCGCCGCGTGCGGCTTCGGCATCCTCATCGCAGCCGCCCGGCACCGGCTCGTCGCCGCCACCGTGATCATCGCCGCGGTCGCACTCGACACGCCGGTCCTGGCGTTCACTCGCTCGCGGTGCCCGCGCACGGATGTCGCCGCTTGCCGCGAGTACACGTGCGAGTGACGACCTAGCGGCCGCCGCACCACTGCTTTCTATTGAGATGTTCA
CP130613.1_gap72	2573804	2575566	1762	AAGTCCGGCGGGCCGGGAGGCCAGCACGTCAACACCAGCTCCACGCGCGTCGAAGTCCAGTGGAACCTGCGCCAGTCCACGGCGCTCGACGACGACCAGCGCCAGCGGCTCGAGGCCCGCCTCGCGACCAAGCTCGATGCCCGGGGCGGTCTGCGCGTCGTCGCGTCCGATACGCGGAGCCAGACCCAGAACCGGGCCCTCGCCCTCGGTCGGCTGGCGGCCCTGGTCCGCAACGGCCTGACGGTGCCCAAGGCGCGGCGGGCCACCAAACCCAGCCGCGGTCAGCGCGAGCAGCGGCTCGACGAAAAGAAGCGGCGCTCGGGCGTGAAGCGCGAGCGCCGCTGGCGAACGGACGACTGATCCGGGACAGCCTCAGCGACGTCGCTGCCCGTCGAAGCGGAAGGTGACGCCGATCGTGATCGTGAGCAGGTCGGCACGCGTGTTCTTCGGCTTGATGAGGATGTTGCCGCCCGCATCCTCGGAGATGCCGCCGGGTGTCAGGTAACGCACCGACTCGCCATTCCACGTGTAGCGACCGCCGATGTCGAAGAGCACTTCACCGCCCTTCAGCGGCAGGTACAGGCCCGCGAGCACATGCTTCGAGAACGCGTTGTCCGAGGAGTTCGTCGTCGACGCGAACGGCTCATCCTCCGAGTTCGAGCCCTCGGCGCGCGTCACCGTATTGAAGTTCGAGAACCCGAGCATCCCGGCCAGATAGGGCTTCGCGCGGCCGCTGGGCATGCCGACTTGCGCGCCGACGCTGCCGCCGACGATCGCGTTCGTGGTGGTCACGTCCACCAGGATCAAGCCGAGCACACCGCCGCCCAACGGCACGCGCCGTGACTCGCTGCCGTAAATCTGGAGGTCGAAGCCCGCCCGGACGCCGAACTCCGACGCGAGCGGAAAGAGACCGGCCACGCCGAAGCCACCGGCGATGCTGACGTTGTTCGCAAACTCCCCTTGTGGGAGACCGACCTGGAGATTGACCGGGAGTCCGCCTTGGGCCGCGGCAGGAACTGACGAGCAGACGAGGGCGGCGAGGGCCGCGAGGGGACGCAGGGCGCGCATGGGCGGAGTTGAGGGGCGGTCGAATCCGTCCTACCGTGGAGTCCGACCCGGTGTTTCACCCAGCGAAAGTTGCGGGGTTCCCGTCGCCACCGCGAGCGTGCCGAGCGCCCGGGCGCGCCGCGCCACCAACGCCGCAAGCCGCAACCGCTCGTCGAGCAGCGCGCGCTCGCGCAGGTTCACGACGAGCAGCGTGCTCTCGCCGGCGGCGAAGCGCTGCTGCTCCGCCGCGAGCAGCCGCTCCTGCAGCGTGACCAAGCTCTCCTGCCGCACCAACTGCGAATCCACCGTGGTGAGCTCGAGCAGGGCGCGGCCCGCCTCGATCTCCACGTCGCGTCGCACGCGATCGCGTTCGAGCTGCAGCACGCGGGTCCGCTCCTCCGCTGCCCGCAGGCGACCGACCTCGCGCCGCGGGAACAGCGGAAGCCGCACGTTGCCGCTGAACTTGCTCTCCTCGCCGCTCAGCGACGGGGGATTGATGTCCCCGAGCGTGCCGCCGGCCGACAGGCCGCTCAGCTCGACGCTGGCGCTCGGCAGGATGCTCACCGCCGCGAGACGACGCGCCGCCTCGGCCTGCCGCCACCGCGCGGTCGCCTGTTGCACGAACGGATGCCGCGCGACCAAGAAGCGCAGGCCATCGCCCGAGACGCGGTCCTGCAGCATCGTTTCCTGCGCGAGCATCGCCCGCGGCGCCGCG
CP130613.1_gap73	2577986	2579403	1417	CAATGAGCAGGCGCACGCGCAGGGTGGACGGCAGCCCGCGCCCGCCGCTCGCCAACGGCGTGCGCAGCCCCAGCGCCAAGGCCTGGACGTCATCGGCCGCGCCGACCGCTTCGAGCGCGCGCATCACATCGGCCGTGCTGATGCCCGCACGCCCCAGCGACACGTTCTCCTCGACCGAACCTTCGAACACCTCGCCCGGGCCGAGCACGAGCCCGATGCGGTCGCGTAGCGTCGCCGGATCGACATCGCGGAGCGTGATGCCACCGACCTGCACGACGCCGCCGTAGTGCGGCAGCAAGCCGGCCACGATGCCGAGGACCGTGGACGATCCCGCACCGTCCGAGCCGGTGATCGCCACCTTGCCACCCGGGCGCACGTCGAGCGAGATGCCCGACAGCGCCGGCCGGTTGGCCGCGGGATAGCTGTACGAGACATCCTGCAGCTTCACGGCGATGCCCGTGCCGTCGTCCGGCAGGGTAAGTCCGCCCACCGGCTCCAGCGGCAGATCCGTCACGCCGCCGAGCTTGTAGACCGCGGTGAGCAGGTCGTAGACCTCGTCGAGCGAGTCGACGAGCTTCTCGACGCCCGCCAGCACCGTCACCACCACCAACTCGGCCGCCACGAACTGGCCCAGCGTGATCTGGCCCTGGATCACCAGCACGCTGCCGATGATCAGCAGCGAGCCGGTGATGAGCGCCTTGAGGCCCACGGCCGAGAGTGCCTGCCACACCAGCACCTTGAAATGCTTCTGGCGGTACTTGAGGTAGCCGCTCACGTGCTCGTCCATGCGGGCCAGCGCCGGCGTCGCGCGGCCGGCCGCCTTGAACGAGGCCACCGTGCGCGCCAACTCCTCGAGCCAGTGCACGGCGCGGTACTTGAACTTGCTCTCCATGAGGCTCGTCTCGAGCCCCTTGGGATACGTCAGTTTCAGCACGCCCCAGAGCAGCACCACCATGCCGATCCAGAAGAACGTGAAGTAGTAGTGGTAGAACGTGAGCAACAGCAGGCCGAAGAGCACCTGCAGCAGCGCCGTCGTCGCGCCGGTGAGCAGCTTGCCCAACGACTTCTGGATGGTCACCACTTCGAAGAAGCGGTTCATGCGCTCCGGCAAGTCGTCCTTGAGCCACTGCTCCACACTCACGCGCGGCACGCGCAGCGAGAACTCCAGCGCGATGCGGGCGAAGATGCGCTGCTGGATGCGCTCGACCGCGCTCAGCTGCAGCACTTGCAGCACGCCGGTCGCCGCGGTGCCGAGGATGACGAAGGCGATGAGGATGACGATCGGCTGCAGGAACAGGCCGCCCGACACGAGCCCGATGATCGCCTGCACGCCGAGCGGCAGCGTGAGCGAGAACAGGCCGACCAGCGTGGCGTAGGCGTAGACCAGGCCGATGTTCCCCTTCTCGAGGACCAGCAG
CP130613.1_gap74	2587084	2588565	1481	TCTTCTCGAAGCGCGTGATGCGGAAGCGCTGCGGCTCCAGCCACGAGACGGTGCGGTCCACCGCGCGGATCGGCCCGCGCCCGGCCTGCATGTCGAAGACGAGCTTCCACGTCACGACATCGCGTTCGACCACGGGGCCCTCGACGCGCATCTGCCCGCTGCCGACCGTGCCGCCCACGGACACGTGGACGCTATAGTCGAGCGCCTCGCCGACGGGAAACGGCGGACGGGTCGACGCGACCTGGGCCGCCGCACCGAGCGGCGCGAGCAGCAACAACGCGCAGGAAAGGACTCTCACAGCCGAAGGTTGGAGTTCGGGCAACGGTTCTGCCAGCGGGCAGGCGCCTGACGGCGCGTAGGGAAATGGAGGAGCGAGGAGCGAAGGAGACGCGCGAGGGAAGAAAAGCGAAGGGTGAAGGTCGGAAGGTCTGAGGGGGTCTCCCTCCTGCCTTCGGACCTTCACCCTTCGCGCTTCGGACTTCGCTCTTCCCTTTCGCTCTTCGCTGTTCTCCGTGCTACTGCACGGCGTTGATCATGTCGAAGATCGGCAGGTACATGGCGACGACCATGCCGCCGACGACGACGCCGAGGAACACGATCATCATCGGCTCCATGAGGGCGAGGAGGCCGCCGACGGCGGCATCCACTTCTTCGTCATAGAAGTCGGCGATCTTGCCGAGCATCTCGTCGAGGCCGCCGGTCTGCTCACCGACGGCGATCATCGAGATCACCATGGGCGGGAACACGCCCGACTTGGCCAGCGGGGCGGAGATCGTGTCACCGCCGGCGATCGAGGCGCGCGAGGCCATGATGGCGTCGGAAATCACGCGGTTGCCGGCCGTCTTCGCCGTGATCTCGAGGCCGTCGAGGATGCTCACGCCCGAGCTGATGAGCGTGCCGAGCGTCCGCGTGAACCGCGACACCGCCGACTTCTTGATGACGTCGCCGAGCACGGGGGCCTTGAGCAGCAGGGCGTCGATGTTGAGCTGGCCGTTGCTGGTGGCGTAGTAGCTCTTGAACGAGCGGAACGCGATGACACCGCCGGCGATGAGCGCCCACCAGTACGACTGCAGGAACTCCGAGAGGTTGATGACGATGCGGGTCGGCAGCGGGAGCGCGAGGCCCACCGACGCGAACATGCGTTGGAAGGTCGGGATCACGAAGAGCAACAGCACCGTGATGGCCGTGCCGGCCACGCCCATGATGACGCCCGGGTAGATCATGGCGCCCTTCACCTTGCGGACGAGGGCGTCGTTCTTTTCCATGAAGGTCGCGAGGCGCAGCAGGATGGTGTCGAGGATACCGCCCGCCTCTCCCGCCGCCACCATGTTCACGTAGAGCTCGGTGAAGGCGTTGGGATGCTTGGCCAGCGCGTCGGCCACCGTGTGACCCGACTCGACGTCGAACACCACCTGTCGCGTGACCGCCTGCAGCACGGGGTTCTCCGACTGCTTCGACAGGATGTCGAGGGCCTGCACGAG
CP130613.1_gap75	2597208	2600927	3719	GCTACGTCGGCGACGTCAGCATGCGCCGGGACGGCTTCCTCGTCGTGGAGATGCGCATCGACAAGGAGTACCAGCTGCCGACGACCACGACGGCCCGCATCGTGCCCAACGGGGTGTTCGGCGACATGATGGTGGCGCTGACCGTGGGCGGGATGACGGAGGACGATTTCGCCGTCGGCGACACGCTCCCCGCAGGCCCGCCGGCCCTCGGCATCGGCGACGTGCTGGCCCGGGTGGACTCGATCGGCCGCGACGTGCAGTCGCTGACCACCGGGCTGAACCAGGAGCTCGTGCAGAACGGCGGCCTCGCCGAGCTGCGCGCGACGGTGCGCAACGCGAATGTCTTCCTCACGGAACTCACGCGGATCGCGCAGGCGCAGAGCGCCGAGCTGTCGCGTACGCAGGCGGCGGTGCGCAAGGTGGTGAGCGCCGTGGACTCGGCGGTCGTGGACAGCACTGTGAAGGCGCTTTCCGGCGCCGCCACGGCCATGGGCGCGCTGGCGACGGACCTGCAGGCGACGACGCAGCAGTTGAACGGCGTGCTGGCCAAGCTCGAGGGTACGGAGGGCTCGGCGGGCCTGCTGCTCAACGACCCGGGGCTTTACCGCGACACGCGGGCGCTGCTCACGCGGCTGGACTCGCTGACGGCGGACTTCCAGCGGAATCCGAAGAAGTACGTGAAGCTGTCGATTTTCTAACGGCAACTGCTTTCACCACGAAGGCACGAACGACACGAAGAGCTGCAACCGCATGTACTGGGGGTCCGCACCGACGTATCGGTGCGGACCCCCTAGTCTTTGTGGTGGTCGTGTACGCGGCAGCTGCTGTGCGCCCTGCGACCTCCGTAACGCCGTGCCTCTGCGGCAAATCCGTGCCGGTCCTTCGTGTGCTTCGTGCCTTCGTGGTGATTGCCGTTGCAGTCGGGGAGCAAAACAGACCGCCCCGGTAGCCAGCGTCGGCTACCGGGGCGGTCTGTGTTACGGTCCTGCAATCGGCCTTAGTTGAACGTGTAGCGGAGGCCGAGCTGCATGCGCCAGACGTCACCCGTGCCGGCGTTCTTCTGGAACGTGCGGTTGAGGAGCTGGCCGTTGACGACGCGCATGGTGTAGATCGCGCGGCCGCTGGCGTCTGCCGGACCGTTGCAAGGCGCCGCCGTCGAGCACGGCACGCCACCGACCGTACCCGTGGTCTGGAACGGACGCGGAATCAGCGGAGACGTGTTGATCACGCTCTGGGAAAGGCCCCAGTCGCTGTTGATCATGTTGGTGAAGTTCAGGATGTCGAGACGGACCTGCAGGGAGTTCTTCTTCCCGGCGAACATCGCGCTCAAGTCCTGGGCGATGCTGAGGTCCATGCGCGTCACCTGCGGCAGGATCAGGCCGCCACGCAGCGCGAACTGGCCGCGGCGCGTGCGGAGATGCGGGTCCTGGTTGATGTAGGCCTCGAAGGCGGCCTGCTGCTGCGCGACGGTGAACGGCGTCGTGCCGGTGATGGGCGCGAAGTTCATTTCGGACGCATCGCGCGGCACGTAGATGAGGTCGTTCGAGGTGCCGCCGTCGCCGTTGAGGTCGCCGCCGAACACGTAGCTGGTCTGGCCCGTCGTGAAGTTCTCGAGGAAGGCCGAGACCGTCGTGTTGCCCCAGCCGAACCAGTCCCGCGTGTAGCTCGAGACGAGGAAGGCACGGCGGCCCTGGTAGCCCGCCGCGTTGCCGATGCCCGGGTTGTTCGGGTCGCCCGGGTGCTGGTTGTTGTTCCACGAGCCAAAGGCGATCGAGCCGGCGTCCACCGTGTTCGAGGCGGTGCCGTAGGCGAGGGCGCCCTTGGTGTAGAAGCCGTTGCGGAACGAGCGCTCGATCGAGACCGAGGCGTTGTATGTCTCGCCGACGTTCTGGTTCTTGAGGACGATGGCGCTCGTGATGTTGCAGTTGAGGCGGTTGGTCTGCGTGCCGGTGAACTGCGGGGGAATCGGACCGGCCCCGTCCGGATCGACGGTCGGGCACTTGTCGCTGACCCAGCGCGGGCGGGCGCCCGGGCCGGTAAAGGCCGCGTCGGCCTCCGGCAGGTTGGCGTTGATGTAGTACACGCCGTTCACGTCACGGCCCCAGAGGAACTCGGTCGTCACGAGCCAGCCGCTCTCGAAGCGGTGGTCGACGGCGAGGTTGGAGCGCCAGACCTGCGGAAACTTGAAGTTCTTGTCCGTGAGCGCGAGTTCATAAGACAGCGCGGGAGATCCATTGACTGTCGCCGGCTTGTACCGCTCGGTGTTCGGGTTGAACGGGAAATTGGTCATCTCCGTACCGCCCGGACCGTCCTCCGAGGTGAAGCCCGTCAGGATGCCGTTGTTACCGATCTGGTTGGAGATCCAGACGTAGGCCGGGCGACCAGTGAAGATGCCGGTACCGCCGCGGACGATGGTCTGGCCGTTGCCGCGCACGTCGTAGTTGAAGCCGAGGCGGGGCGAGATGAGCGGTGTGGCGTCTGGCAGCTTCGCGGTGTTGTACTGCACCGTCCGGCCGTCCTCGTCGCGGAAGTTCAGGCCGTTGACCTGGGTATTCTCTGCTGCCGTGTTGCCGAAGCTCACGACATCGACGCGCACGCCGCCGGTGACCGTGAGGCCACGGCCGACGCGCCACTCATCCTGCACGTAGGCGCCCATGAAGTTCACTTCGAGCGGCTGCACCGGCTTCACCTGGCCCGGGATGTTCGTGTAGCGGACCTGGAAGCGGCGCGGGCCGATGCCGGCCGGCGAGGCCGCATACGCGGTGCAGGGCGTCGTCGGCACGCCGGTGCCGCAGGCGTTCACATAGCCGCGGGCGTCGGCGTAGAAGTCACCCAGCGTGTTGTACACGTACGCCGACTGCTTGCCCGGGAAGAACACGTTCTCGGACTCATACCCCTCGATGTTCACGCCGAAGGTGAGGTCGTGGCGGTTGCCGTAGATCGTGAAGTTGTTCTGCAGCTGCCAGTTGCTGTAGCGCAGCTCGTTGTTCGGCGTGAACGGCTCGGAGCCGAACGAGATGTAGGTCTGGCCGGCGCCGTTCAGGATGTCGACGAAGGGGAACAGGTTGCTGATCGCGCCGCGCGACTCGTCCTGCGCGGTGTACGTGAACAGCAGCTGATTCGACATGCGGTCGGTGATCAGCGAGTTCCACTCCGCCGCGTACGAATCGATGTTCTCGAGGATGGTGTAGTTCGACCCCGTATAGCTCATCGACTGCGCACGGTTGCGACCGAAGCCCAGCGAGCTGGAGGTCGACACCAGCACGTCCGTCTCGGACGCGAGGTTGGTGTAGCGGAACGAGAACTTGTTGCGGTTGCTGAGCGCGTAGTCGACGCGCGCCGTGAGGCGGCTCGACGGCGTCAGGCCCGGGTACCCCTCGAACTCGCCGGGGTTGTAGCCGAACAGCGCCTGCAGCGTGTCGCGCACGGCGACGAGATCCGAGCGCAGCACCGGCGTGATGTTGCCGCCGGCGGCCTGCGTCGCGTCGCGCGGCAGGAAGGTGTTACCCGGCTGCTCGTTCTCGTCCTGCTCGTACGACACGAAGAAGAACAGCTTGTCCTTGAGGATCGGGCCGCCGAGGCGGAAGCCGATCTGGTCGAAGGAGAACGTGCCGGGGTTGAACGTGCGGCGGCCGGCGTTGCGGCCGACGTAGTCCTGGTCGCGGACATTGTAGTAGAGCGAGCCCTGGAACTCGTTGGTGCCCGAGCGCGTGACGGTG
CP130613.1_gap76	2612407	2613002	595	GCGGGCCCGGGCATGGGGGGCCGGGAGCGCGGCGCCGGCGATGGCCGCCGACCCGCTGTTGGGCTTGAGCAGGCCGGCGAGCAGCCGCAGGAGCGTCGTCTTGCCGGCCCCGTTCGGACCGAAGAGCGCGAGGGCCTCACCGGCCGCGATGCCGAAGGAGACGTCGTTGACGGCCTGGCGCGTCCCGAAGGCGCGCACGAGGCGGCGGGCTTCGAGCAGCGGGGTCACGACTTGCGGTCCGAGGCGAGCGGCATCCTCGGAAAGTTACCCGCGGCGCCGTCCCGACGGGACGGCGCCGCCCAATCAGCCCGTGCGCTCGATGTCGAACAGCGGTCCCATCCGTGTCTCATCGAAGAGGCGCTCGACGGCGCTCGGCACGGCATGGAGCCGCACACGCATGCCGCGCTCGCGCGCGCGCTTCTGAAGGAGCACGAGGACACCCAGCCCGCTGGCGTCGATGTCGACGACGGCCGAGAAGTCGAGCTCTACGCTCGCGGCCCCGGCGGCGAACGCCGCGTCGAGCGCCTGCAGCGCTTCGGTGCGGAACTCAACGCGAGTCTCGGTGGTGAGATGGGGCGGACAAGCGAGGGGAGCC
CP130613.1_gap77	2780516	2784998	4482	TGGCGCTGAGCATGCTCAGCGAGAAGCAGATCGTCACGCTCGACAACGAGCGCAAGGCGGCGATGGTCAGCAACCTGCTCGTCGTGCTCTGCTCGGATCACGCGACGCAGCCGGTGGTGAACACAGGCTCGCTGTACACCTGAGCCGATCGTGGCCGAGAAGAAGCCCTTCCTGCTGCGCGTCGACCGCTCATTGCTGGATGCCTACCAGCGATGGGCGGCCGACGAGCTGCGGTCGCTGAACGGGCAACTGGAGTTCGTGCTGCGCGACGCCCTGCGCCGCGCGGGCCGGAAGATCGAGGAGCAACCCTCAGTACCGGATTCTGGAGATCCCTCTGATGATGCATAAGATCGCGGAGCGCGGCGTCGGTGCCCTGCTTACCACCCTCGTCATTCTCGCCGCGCTGATGTTCGGCGGACTCGCCCTGCTCACGCGCGATGCCGCCGCACAGACCGCGCCGACCACGGACTGGCAGCGCCAGCTCGACTCCGCCGTCACGGCGGAGATGGCGCGCACGATGACGCCGGGCGTCCAGGTCGCCGTGGTGCACCAAGGCCGCGTGATCTATGCCAAGGCCTACGGCGCGGCCGACGTCGAGACCTCCCGTCCGCTCACGAACGCCTCGCTGCTGCGCATCGGCTCCGTGACGAAGATGGTCACGGGCGCCGTCGCGGCCGAACTCGCCGAGCAGGGCAAGCTCGACCTGCGCGCGCCGATCAGCCGCTACGTCCCGTCGCTCGAGGGCAAGCGCGTCGGCACGGTCACGACGCATCAACTGCTGACGCACACCGCCGGCTGGCTCGACAACGCCGTCGCCTACGGTCGCATGGGCGAAGGCGCACTTGGCGAAGTCATGCGTGAAGTCACCGACACGATGTTCAGCCACGCCCCGGGCGCGATCATCTCGTACTCGAATCCGGGATTCTCGATGGCGGGCTACGTCATCGAGCGGGCGGCGGGTGAGCGCTATGCGAGCATCACCGACCGCATGATCCTCCGCCCGGTCGGCATGCCGCATGCGACGTTCCGTCCCCTCGAGGCGATGGTGCGCGATTTCTCGCAGGGCCACATGGGCATGCCCGGCCGCGCCGCGACGATGGTGCGGCCGTTCACGGAGAACACGGCGCAGTGGGCCGCCGGATTCCTGATGGCCAGCGCGACGGACATGGCGCGCTTCGCAGCGATGCTCATGGATGGCGGCGTCATCGACGGGCAGCGCGTGATCAGCGAGGGCGCCGTGCGTCGCATGACGACCCCCGATCCGCGCATTCCCGGCGACTCCACGGCGCGATACGCCTATGGCCTGGTGATCGCCGAGCAGCAGGGACTCCGCATCTGGCAGCATGGCGGCTCTATCAACGGCTTTGACGCCATCGTGAACATGTTTCCGGACGAGAAGCTGGCCGTCGTCGTACTCGACAACCGCAGCGGACCATCCGTGAGTGGCGCACTGCCGATCGTGTTCCGCGGCGTGACGGGCCGCGCGCTGCCGGCATCGCCGGCTCCGCCCAGCGCCGAGCGCCTGCCGACCGCCGACGAGCGCCGCGCCGTTGTGGGTCAGTACAAGTTCGGGCCGATGCGCATCGAGATCGCCGAGCAGGGTGACTCCCTCGTCTTCCGCCAGGCGGGAGCGTCGTTCGGCGTCCGGATGCTGGGCAACGACCGCATGAAGGTCATGGTCCCGCCGATGGCGCAGCAGGCGAACGTGCTGCTCGTGCGGGGTGCTGACGGCCGCGTAGCCTTCCTCCATCAAGGACTGCGGGCTATCCCGCGAGTGGAGCCGTAGATGCCGATGTTGCGCGTCTTGCCATGGGCGCTGTGCGCAGCGCTGGCGCTGTTCAGCTTCGCCACGTACGGCAGCCTGCCGGAGTCGATTCCTCAGCACTTCGACGCGGCGGGAAACATCACGTCGTCCACACCACGTTCGCCGTGGAGCTGGGCGATGGTGCCGATCGTCGCGTTTGCCACCCAAGCACTGCTCGCCGGGCTCGGGGCGCTGCTACCGCGACAGCCGGAGCTCTTCAACTTCTCCGCGAAGGAGCGGTTCCTCCGGCTCCCCGCGGAGTACCGCGGGCCAGTGGTCGAGCGCATGCGTGAGCTGCTCGACGTGACCTCGGCGTTCACCGTTCTCGTATTCGGCATCGTACAGTTCATGATCTGGCGGGCGGCGTTCGGCCATTCCGCCGACGGATTGGTCATCGGGCTGATCGTCGTGTCCGTCTTGTTCACGCCGGGCATCTTCCTGCTCACGGGTCGCGTGAACACGGCGGTCGACGAAGCCGAACAACGCTGGAACGCCAGCCAACGGCACTCCTGAACAGACCGCCGACGCGCGGCGTCTCGGCTTCACGGTCGGAACGGATCCGCAAAGCGTGGATCCGTTCCGATAGCCGCATCGGTCAGCGTGCGCATGAACGCCACCAGCGCCGCCTTGTCCGCCGCCGTGAGGTTCAGACGCTGTGGCCCGTCGCCCACTACGTTGCGCAGACGCGGGTCGAGCTGCGCCCCGAACTGGATGCCGCTGTTGTAGAACTCCACGACCTCTTCGAGCGACGTGAAGCGGCCGTCGTGCATGAAGCGCCGGCTCTGCGCGACGTTCTTGAGCGAGGGCGAGCGAAACAGCGCCGTCTGGTCGGGATCGAGGCCGTTGGTGCCCGACACCGCGGTGAACGCGAAGGTCGGCGCCGAGTGACAGCCTTGGCACCCCGCCCCACCGGCGTTCTTCGGCAGGATGAAGATCTGCTGCCCGCGGAACTCTTCGTCCGTGAACCCCGGCACCCGTGTCTGGAGGTTGAGCCCGCCGCCCGGCCCTGTCGGGGCCCCCGGCGGCGGCGGCGCCAGCGGCAGCGTCGCCACCCCTTGGTCGTAACGGCTGCCGTACGAAACGATGCTCCGCACGTACTGCGCCATCGCGCGCTGCATGCGGTCCTCGGTGATCGCGGCATCGCCGAAGGCCAGCTTGAAGAGGGGCGGATAGTACGGCAGCGCGCTGAGCTTGCCCAGCACCGCGACGAACCCGCCGTGTGCGTCATCGAAGCCGAGCTCGAGCTCGTCGCGGATGGGCTGCGTGGTCTGCGCTTCGAGCGTCGCCGCGCGACGGTCCCAGAAGTAACGACCGCCTGGATTGAAGCGCGCGTTGACCAAGCGCATCGAATGGCGGCCCGTGCGTCGCACGCCATCGAAGCCCAGCGAGAACTGCGCCGTGTCGCCGAAGGCCGCCGACGCGAAATGGCAGCTCGCGCAGGACAGCGTATTGGTGCGACTCAGGTTCTTGTCGAAGAACAACACACGCCCGAGCGTCGCCCCGGCATTCGTGATCGGATTGTTCGCCGGCTGGACCACTTCTCGCGCAATCACGCCTGCGTTGACGTACGCCGGATATGCGATTCCGGCGTAGTTCGGCAGCGCCGCCGGATCGATCGTCAGCGCCTCGCGGACGGCGACGAAGTCGTTCTCAGGCGCGGTTGCCTCGTCCGCGGCACAACCGAGGACGAGTACGAAGAGGGCGGGAGCGAGACGGATGCGCATCGGCGTGGGGCTCGATGGGGAATCCTACGGGTTGCCCCATTGGACGGCCAGCACCCCGCCGGGGTTAAGGCGCCTGCGCTACCCTAGCGCCAGGTCTCGAAGAACCCGTAGCCGTTGCCGCTGACCGGAGCGCCGCGAAGTCGGCCACTCAGCGTGGCTCGCCCCTTCATCTGGATGAACGCCCGCGTCGCCCCTTGGGCCGCGCCGCGTCGCACGCCACGCATCGGCGTCGCCACGGCGTCCTCGACCTCCAGCTCGATGCGCAGCGTATCCGCCCCGCGCGCGTCGAAGAGCAGTCCGCGCGCCGGCATCCGAACGCTCCGACCGTCCACCATCACGCGGCGCCCCTCCTCGTAGCGGATCTCCTGCGGCCGGAAGATGCCCGCGAATCCCAGCGAGTCCACCAGGTACACGAAGAGCGGCTCGTTGACGAGATCCGTGCCCTCGCGCTGCACGCGGCCGTAGAGCAACGAATACGCGCCCACGCGCGCCGAGCCCCATTCCCAGGTCACGTCGCGCCACACACCCCAGTTGTGGTCGTGGTACGACTGCGCGCCCTCGAAGCGCTCGCAGCGGCCGGCCACGCAGAGTGTTCCCACCGCCGTGGCGCGCAGCCCCGGCACCGCGTATCCACTCACCAACGACTCACCGCCGATGTTCGCGCCCGGGAAGTACGCAGCCGGTTCTGGTGTCACCAGCAGGTCCACCTCAGCCACCGCGCCTGTCCCCTGCTCTCGCGCACGCGCCCGCACCCGGTAGCGCCCGTCGGCGTCGAGCGTGACCTCGCTGTCGCCGACGCGCAGATCTGCCCGCGCGGTGTCCACGGCGATGCGCGGTGACGGCCACAGCGTCTCGAAGCGCCGCTCGCCGCGACCTTCCTCATGCAGCGTGATGAGCACTTGGCCGCCGTGCTCGCCATTCGGCACGTCGCCGCCCACCGCCAAGGTGATGAAC
CP130613.1_gap78	2787661	2790717	3056	GCCAAGGGCCGCACCCATCGCGGAGCCAATGACGGCAATCAGCGAGGCCTCAAGCACGACGGCGCGAACGATGGTCGTGCGGGACACGCCGAGGAGGCGCAGCGCGCCGACATCGCGGCGACGCTCGTCCACTTTCAGCAGCGTGATGCAGAGCAGGAAGATCGCGCTGGCGACGATCGTGATCACGCCGATGGCGCGATGGAAGCGATTCACCACGCGGAACGTCGCGCTGGTCTCGACCGCGACTTCGGCGGCGGGATAGGCACGGAAACCGAAGGCCAGCGCATTGATGCGCGCCGCGGCGCTGTCCACCGCGCCGGGGACGTCGCGGGTCTGCACGGCGAAGCGGCCAACCCGATCGCCCGCACCCGTGAGGGCCTGCAAGTGGTCGAGATGCAGCCGCACGCGATACTCGCTGCGCGCGATCTCGCTGGGATCCGCCGTGCGCCGCGTGATGCCCGCGATCAGGACGGTGTCGCCCGGCGCTCCGGCTGCGGCGGCAAGGACAGCCGTGTCGCCGACGGCGAGCGACGTGCGCGCCGCCAGCCGCTCATCGATGGTGATGCTGCGCCACGGCGCTTGCGCCTGGGCCCCCCCGGACCCAAGTGCAAGCGCCGTGACCAGCAGCGCCCACCGGCGCCGCGCCATCATGACATCAGTTGCGCGGCTTGTTGAACGCCACGTCGAACTGGACCTTCACTTCGTTCTCGATCGGATTCACCGGCGACTGGAAGCTCACGCCGAACTCCGTGCGGTCGATCGTGAACTCGCCCGTCACGCGGCCCATGTTGTTCTGCGGGTCGAAGAAGTTGAGCCGCGCCGGGATCGTGATGCGCTTGGTCTTGCCGCGCACCGTGAGGTCGCCCGTGATGCGAAGGCGGTTGCCCTCGCCGGCGTTGTTCACGAAGGTCGAGACGAACGTGATCTGCGGGAACGAGTCCGTCGCGAAGAAGTCGTTCGACTTCAGGTGCGCGTCACGGCGCTCGATGCGCGTGTCGATGGACGTCGCGTCGATGGTGATCTTGAGCGAGGTCGCTTCGACGTTCGCGGCGTCGAACATGATCTCCGCGTCCCACTTCTGGAACGTGCCGTGCGCGGACAGCAGGCGCGACTCGGCGACGAAGTTGAGCTGCGAGTGCGCGACGTCGCGCACGAAGCGCTCCGGCGCGGAGGCAGGCGTCGCGGCGACGAGCGCCGGGGCCAGGATGAGGGCGAGGGCAATGCGCTTCATGGGAATGCTCGGTAGGGGTTCACGGTGAGGAACGCCCGCCGCAGGTGTGGAGGTCCCGGCGGCGCGACTCACACTTAACCCGTGAACCTTCGAAAAGGTTCACCACTGAGATGTTTCAGCCCTGTAACAGGGCCGGCCGGCGCTATTTCGACTGACCCTGCGAGGCCGGGATGGGCGTCCCGTGCGGGTCCTCAGTCGGATTGCCGATTGCCGCCGCCATCCGCTCGATCAGCTCATCGCTGGCGGCGTGCTCCAGGCGCTCGGCCTCGTCATGCACGTCGTCGGCCGTGAAGCCGAGCCGCTGCACGAGGTAGCTCTCGATGATACGGTGCCGTCGGATGAGCTGCAGCGCGGCGGCACGGCCGGCGTCCGTGAGCCGAGCGCCCCGATACCGCTCGGTGGTGGCGAGTCCGAGTCGTGCCAGGCGTTGCACCATGCCGGTGACCGATGCGGGGGCGATGCCTAAGCGCGCAGCGATGTCGTTGGTGCCGGCCGCCGCGCCGTTACGCTCCAGTTCATAGATGGCCTTGAGGTAGTCCTCGGCCTGTCCGGTGAGCGCCGGGCGCTCGAGATCGTGGTCAGCCATTGACAGAAAGTTAGCGAAGCCTAACTTATGGTCAATAAGTTAGGAGATACTAAAAATGCGCATCCTTGTCCGGTTGCTGCGCGCGGCCATCCTCATCAGACTCATTACGCTCGCGTTGCCCTCCCCCGTTGGGGCGCAGGGAGCGCCGACAGAGCAGGCGCGCCGCGACTCCACCCTGCGCGCCGAGCAGGCGCGACGCGATTCGGCGCAGCGGATCGGCGCCGTGCAGGTCACCGCGACCTTCACGCCGACACGCGTCCTCGATGCGCCGCAGCCGGTGGCTGTGATCGGCGGTGCAGAACTGCGCCGCGCGCAGGGTGCCGCCGTCGGCGACGCGCTCGAACAGCTTCCGGGCATCCGCTCGCCGTCCATGACCACCGGCATCGGCAAGCCGGTGATCCGCGGCCTCACGCACAATCGCATCGTGACGCTCGACAACGGCCAGCGCTCCGAAACGCAGCAGTGGGGCCACGACCATTCGCCCAACGTGGAGACGTCGAACGCCGAGCAGATCGAAGTCATCAAGGGTCCGGCGAGCGTGCTCTATGGAAGCGACGCCCTTGGCGGCGTGATCAACATCGTCGCGCCGGCGTTGCCGGAGGCGCGGGCCGAGTCGCCGTTCCTGCGCGGGCGCGCGACCATGGCGTACAACACGAACGTGATGGGGCCCGACGGCACGCTACGTCTCGACGCGGCGCGCGGTGGCTTCGGCGCGCGACTCGCGGCGACGGGCCGCCTCACCGGTGACATGCGCGTGCCGCGCGGCGTGCTGCGGAACACGGAGAACGAAACCGGGCATGTCGAGCTCGCGACTGGCTACACCGGCAGCACACGCAAGCTCATGCTGCGCATCTCGGAGCGTCGCGAACGCATCGAGATCTTCGACGACCCCATCACGGCGCCTGGCTACACGGGCTTCCAACGTCTCACGACCAGTCGCGGCACACTCGAGGGCGAGACTGCGCTCGGCGCACGCGACCGACTGCAGCTGCAGCTCGGCGTCGAGCAGAACTTCCGTCGCGAGTTCGCCGACGCCAATGCCTCGGACATCGCGCTTGGCTTGCTCGTCAACAATGCGAGTGGCTTCCTGCACCTGCATCATCGGCCGATCGGCCCGTTCAGCGGAGGCACCGTCGGTGTGTTCGCGCTCGACAGTCGCTTCGAGAACCGCGGCACGGAGACGTTGATCCCCGACTCGCGCTCGCAGAACATCGCGGTCTATGCCCTGGAGCACGCCGA
CP130613.1_gap79	2801364	2804136	2772	TCACGCGCGAGGCACCCGAACGTTGCTGGCTGGTGCTCGCGTGCTTCGAAGCGACGTCCGAGATCGTCATCGCCGCCGCACCACCGGAGCCGCGCGAGGCAGTCCCGCTCTGCGTCATCGACCCGCACGCGCCGCGCGAGAGCGACGCCGAGACGTTGGCGGCCCTCGTGGGCAGTCGCGAGGGTCCAGACCTCCTCGTCCACCTGCGCTGGCGCGAGACGCTCGGCCGCGCCGCGCTCACCCGACGGTTCTATCTCGAACTCGAGCAGCAGGTCACGACGATGGCCCGTCACGCGCAGGGCAACGCCAATGCCGACGCGCGGCGGACCATCGCCCTGCTACACGCGTCGCGGCTGCTGTTCGTCGCGTTCCTTGAGGCGCGCGGTTGGCTCGACGGTGACCGCGAGTTCCTGCGGCGGCATTTCGCCGAACGCGCGCGCGGCGGCACCTCCGCGCATCGGCGCTTCCTCGACCCACTCTGGTTCGGCACGCTGAACACGCCGTGGCGCAATCGCGCGGCGGCGGCGCGGGCGTTCGGGCGCGTCCCGTTCCTCAATGGCGGACTGTTCACGCGCAGCGCGATCGAGCGGCGCCACGCCGACCTGCGTTTCACCGACGAGTCGCTCGATGCAGTCATCGGTGGCTTGCTGTCGCGGTATCGACTCACCCCGCGGGAATCCCGCGACACGTGGAGCGAGGCCGCCGTCGACCCCGAGATGCTCGGGCGCGCCTTCGAGTCGCTCATGCAGGGCGCCCTGCGCCGCACCCGTGGCGCGTTCTACACACCACCGGCGCTGATCACGCAACTCACCCGCGAAGGCCTCGCGGCTGCATTCGAGGCGCGCGGGGTTCCGGCCGAGCAGCTCTGGAGCCTCTGGGACGGCGCGCGCCCCACGCGCAAGGCACAGCTGCGCCTGCAGCAAGCCCTCGCGGGATTCACCGTCCTCGATCCCGCCTGCGGGTCGGGCGCGTTCCTGGTCTATGCACTCGAGGAGCTTGCGGGACTGCATCAGCGCTGCGCCGACGCGCTCCCCCTCGGTACCCGCCGACGCGACGTGCTCACGCGCAGCATCTTCGGCGTCGATATCGATCCGACCGCCGTCTGGCTCTGTCAGCTGCGACTCTGGCTGTCGGTGGTCGTCGAGGAACCGGAGGACGACCCGCTGCGCCTGCCACCGCTTCCGAACCTCGACCAGAACATCCGCGAGGGCGACGCGCTGGCGGGGAACGGATTCGATGACGCGTTCCTTCCGGCGTCTCCGGGGCTCACGGCGCAGCGACTGCGTTACACCCGTGCCGTCGGCATCCGCAAGCGCACCCTGGGCCAGGCGCTGCAGCGTGCAGAGCGGGAGCGGGCCATCGCCGCCGAGGTGGCGCGCGGCGCACGGCTGCAGGGCATCCGCCGCGAGCTGCTGCTTGCCGCCCGCGCCCCCGACCTGTTCCGCGCGCGGCGCGGCGTCGAGCGCGCCACGCAGCAGCGGCTCGACGAACTCCGCACGGCCATCCGGCGGTCGCGGCGGAACGTCGAGTCCCTGCGCGGCGGTGCGGCCTTGCCGTTCAGCTTCGTCACGTACTTTCCCGACGTCGCGGCCGCTGGCGGCTTCTCGCTGACGCTGGGGAATCCCCCGTGGGTACGCACGCACGGCATCGCGGCGGAGCAACGCGCCTCGCTGCGGGAGCGGTTCGCGGTGTTCCGGAGTGCGGCGTGGGACGCGGGTGCGGCGGACGCGGCAGCCGGCAAGGGATTCGCGTCACAAGTGGACCTCGCGGCGCTGTTCACTGAGCGGGCCGTTCGCCTGACGCAGCGGGAGGGGGCGATCGCCCTGCTGCTTCCCGCGAAGCTCTGGGGATCGCTCGCGGGTGGTGGACTCCGTGCGTTGCTACAGATGCAGGCCCCACCGTTGCTGCTCGAGGAGTGGCAGGATTCCTCCGCGGGCTTCGACGCCGTCGTGTATCCCTCCGCGTTCGTGGCGCGGCGGCAGTCGCCGAGCGATGTGCCGCCTCAGCTGCGAGTCGTCGCGCATCGGCGCGACTTGCCGCTGCCGTGGACCATGCATCGCGAACGCTTGGCGCTCGACGACACGCCGGGTGCGCCATGGCTGCTGCTGCCTCCGGACGTGCGGGACGCCTTCGACGCGCTCGGCGCGGCGGGCATCCCGTTGGCGCGCTCGCCACTCGCGCGCCCGCAGCTCGGCGTGAAGTGCGGCTGCAACGAAGCGTTCGTGCTCGATCGCGGTGACGGTTCGGTGAAGGACGTCGAACCGCATCTCGTCCGCCCGCTGCTGCGTGGCGAGCATCTCGCACCGTGGCGTCCCGCGGCGAGTGCGCGCGATGCGGCGATCCTGTGGACGCACGACGCGCGCGGCAAGCCGTTGAGCGATCTGCCGGCCGAGGCGCATCGGCGGCTCTCGCGCTGGCGGCGTCAGCTGGAGCAACGCAGCGATGGGCGCGGCGGCCCGTGGTGGGCGCTGTTCCGGACCGACGCGGCACGCACGGACCGTGCGCGCGTGGTGTGGGGCGATATCGGGCGCAGTCCCCGCGCCCTCGTGCTGCCGCGCGGTGATATGACGGTGCCGCTCAACACCTGCTACGTGGTCCGCGCGCCGTCCGATGACGACGCACACACGCTGGCGGTGCTGCTCAACTCGTCCGTGGGCACCGCGTGGCTCTCGGCACTCGCAGAGCCCGCGCGCGGCGGATACCGACGGTTCCTCGGCTGGACCTGTGCGCGCCTTCCCATCCCCCGCGACTGGACGCGCGCCGTGCGCCTGC
CP130613.1_gap80	2980644	2983365	2721	CGTGCCATTGCGCTGTGTGGCAGCAGCGGCTCGCCCGCATAGACGGACGGCGTGCCGGCGATGTCGCGCGGCAGCTTGTCGCGGCTGACCAAGCCCTTCGACACCAACACCGGCACGACAATCGCATCGCGGCCCGTGATCAAGCGCTGCATCTCGATCAACTCGCGTGTCCGCGTCACGCCCTCGGCCCGCACGGCAACCGGCGCGTCGTCGCGCACGAGCTCCAACCGCACATCGCGGAAGCCGGTCCACGCCTTCACGCTATCGGCCACTGGACGCAGGTTGCCCATCCATGCCGCGTAGTCCTCGGCGGAGTTCGGGCCGTGACCCACGATCATCAGTCCTCGGTTCGCCGGCACATCGCCCTGCCCCTGCACCAAGGCCAGCGCGCGGTCCGCCAGCACGCGCGCCATCTCGTGCGCGTTGTCCAGCGCCGGCGTCAGCACCAACGGCGTGCGCGACGCCGTGCGCTCGATGCCCGCCATGTGCAAATGGTGCTCCATCGTTTCGTCGAGCCGCACGTCCTGGCCCGCGAGGTAGCGAATCTGCTCGTAGTGCCCGCTGTGGCTCGAGACGAGCATCGGAACGATCACGATGCGCGACACGCCCTTCGCGTCGAGCTTCGCCACCGCATCCTGGAAGCGCGTCGTCGCGGCACCAGGCCCCATGAGGAAGCTCACTTCCACGGGACCGCCGGTCTGCGCCTGCGCCGCGATGGCGCGCACGCCGGCATTCCAGGTCGAGTCGCCGCCGTGGGCGATGACGATCGTGCCCGTCGTCGCGGGTGATTGCGCGCCGAGGGAGAGCGCGGTGAGGGCGAGGAGGGAGAGCGTGCGCAGCATCAACGGAGTCCGGGTAGGGTGTAGGTGAGGGTCGTGTACACATGCCGACCGGTGAATCCCGCCCATTCGCGGGGGCGGCGGTCGAAGAGGTTGTCGGCGCCGAGCGCGAACTCGAGGCCGCTCACGGGCAGCGTCCGTGCGACGCGGAGGTCCACACGGGTGAAGGCGTCGCGCCAGCTTCCGACGGCGCCGGTGGAGTCGTCGCGCTGCATCGGCGTGCGGCCGGTGTGGACGAGCGTGACGCTGCTGCGCAGCGCAAGCGGCAGCACGGCTTGCACGCCAATGCGCGCTGAGCGCGACGGCCGGCCGAGCAACTCCAGCCCGCTGCGCTCGTCCCGCGTCTGCAGCAGCGAAGCGCCCAGCTCGCCGCGCAGCCGTCCGCTGGCCACGAGGTTCGCGCCGGTCTCGAACTCCGCGCCGCGCGTCCATCCGCGGTCGCGGTTCTGGTACTCGTACACCGGCGCCTCGTTGGGCGCCGAGACGATCTGCGTCTCGATGAAGTCGGCGAAGGTGTTCTGGAACAGCTGGCCGCGCACGTAGCCGCCGGCCGTCGCCCACTCGATGCCGAGCATGGCGTTGCGTGAATGCTCCGGCTGCAGCAGCGGATTGCCCTGCACAGCATAGCCGGCGTTGGTGTTCTGGAAGAACAGGAACAGCTCCTTGAAGTCCGGTGCGCGGAATCCGTCCCCGTACGAGGCGCGCAGCGTGACGCGCGGCGCCACCTGTGCGCGGGCCGCGACGCGCGGCGTGACGTGTGTACCCCACACGTCGCTGTGCGTCATGCGGACGCCCGGGAGCAACGTGAAGCCGCGCAGCGGCGAGAACTCCAACTGCGCGAACGGCTCGAGCGAGGTATGCGAACGCCGGCCGCCCGGCACGCGCGCCGTCTCGATGGCGTCCGTGCGCAGTTGCACACCCGCGTCCAGCGAGACGCCGCGGCGGAACGCGCCGTTATACAGCAGCTCGCCCAGCAGGATCTGCTGGCGCTGCCGATCGCCGGGATCGCCCGCGACCGGCGCCGTGAAGGCGCTGGTGTACGCGGTGTGATCCCAGTCGGAGACCGCGAGCTTGGGACTGATGCGGTGCGCGCCGCGCGTCCAGCTGCCGCCCACGCGTGCGTTGAGCTGCACGTTGTCGCTGATGCCGTAGAAGGTGCCCGTGCGCCAGCGCTGACGTTCGTCGAGCGCAAGCACCGCGAGCTCGGCTTGCCGCGCGCTGTCCGGCCGCCACTGCATCGTCGCCGCCACGTCGAGTCGGGCCGCCAATGCCCCTTCGTTGCGCGCGATACCCGGCGCCGATTCCTGCGTGCGCCGCGCCACGTCGAGCGACGTCGCGAAGTCGCCGGCGACGAGCTGCACGCGCCCCGCTGCATCCATGCGGCCCTGCGCGCCCATCGTGCCGCTCGCGCTGACACCCACGCGGCGGCCGTCGTCGCTGGGCCGGCGCGTGATGATGTTGATCACGCCGCCCATCGCCTCGCTGCCGTACAGCGTGGACTGCGCGCCCTTCACTACTTCGACGCGCTCCACCATCCCGACGGGGATCCGCGCCAGGTCGAAGTTGCCGGACAGGCGCCCCGCCAACGGCTGCCCGTCGAGCAGGATGAGCACGCGCTCGCTGCCGATGCCCTGCAGCATCGCGCCGCTGCCGGCGGGATGGCCGCCCTGCATCTCGATGCCGAGTTGCTCGGTGAGGACGGCGGCGAGATCGGACGCTCCGCTGCGCTCGAGCTCGCGCCGGCTCACGACTTCGACGGTCGCGACGGCGTCCGCCAGCTTCTGTTCGCGACGCGCGGCACTCACCACCACCTGGTCCAGCGCCAATGCGGCGGGCACCAGCGCGACATCGTGGGTGCCGGTGCTGGGCACCCGCGACTGCG
CP130613.1_gap81	2985446	2987604	2158	GGAACTCCGGCGCACGGATCACCTTGCGGAAGAACGCGTCCGTCGAGAGCAGCACGTCGTAGTCGAAGAACACGTCGTAGATGCGCACCACGCCTTCCTCGCGCAGCACGGTGTCTGACGTCTGCGGATCGCCGCGGTGCATCGAGAGGCCGAGGCCGAAGTGCGTGTCGTGGTAGAGGTTCGCACCCGTGGAGATGATCCAGTCCACGAAGCCCGCCTCGATGAGCGGGATGATGCTGCTCATGCCCAGTCCGGCCGGCGTCAGCGCGCCCGTGAGCGTGAGGCCCACGGTGCACTTCGGGGTCAGCATCTTCTCCGTGAAGAGCTGGCAGGCTTCGCGCAGGCGCCCGGAGTTGTAGCTCTGGAAGCACTGCTCCACGAGCTGCACCACCGTCTCCGTGCCGTCGATCTTGCGCGGATCGATCTTGCGGCCGCGCAGGAACGGGCTCGCCGCCTTCGTGATCACCTTCTTGGCGCCCTTCGCCTCGCGCTGCTCGGCCGCCTTCTTCTGCGAGCTCTTGTTGCCCGCCGCACTCGCGCGCTGCGCCTTGCCGTCTCCATGACGCGACGCCTTGAACCCACCGCGCGCGCGATCCTCACCCTTCGCCATTGGCTTCCCTTGCCCGCTTGCGGGCCGTCTTGAGCTGCAGTTGATACGCCTCTTCCACCACCCGCGCCGCCTCCGCGGGATCGTCCGTCACCACCATCAGGTCCATGTCGCCCGGCGAGATCTTCCGCTCCGCCAACACGCGCGACCGGATCCAACGCACCAAGCCCGCCCAGTAGTGCGTGCCGAACAGCACCACCGGGAATTGCGAGATCTTCCCGGTCTGGATCAGCGTCAGCGCCTCGAACATCTCGTCGAAGGTGCCGAAACCACCCGGGAAGATGATGAACGCACTCGAATACTTGATGAACATCGTCTTGCGCACCGCGAAGTACCGGAAGCTCACCAGGGTATCGACGTACGGATTCGCCCCCTGCTCGAACGGCAACTCGATGTTGCAGCCGAAGCTCGGCGCGCCCGCGAGCTTCGCGCCCTTGTTCGCCGCTTCCATGATGCCCGGGCCCGCACCGGTAAGGATGCTGAAGCCTTGCGTCCCGAGGATCCGCGCCACCTCGACGGCCGCGAGATACTGCGGATCGTCGGGATGCGTGCGCGCCGAGCCGAAGATGCTGACGCCCTTCTCGATGCCGGCGAGCTTGTCGAAGCCTTCGACGAACTCCGCCTGGATGCGCATGACGCGCCACGGATCCGTCGTGCGGAAGTCGCTCTTGGGGCCGCCGTACTGGAGGAGCTTCGCGTCCTCGGTCAGTGCCCAGGAGAAGTCGCCGATCGAATCGTCGGTCGCCGCGCGCGGCAGCACCTCGTCCTTCATGACCGGAAACTGCCCACTCGCCCGCATGCCTTCGTCCATGCGGTCCTTGAGGCCTTGGAGACTCTCGCGCGCCGCGGCGTCCAGGCGCGCGGGGTCGGCCTTCTTGCCCGACGCGGTGCGCGCCGGCTTGGGCTTCGTCGCCTTGGCCGGCGACGTGGACTTGGGAGTTTTCTTGGCTGCCATCGTCCGTGAAGTTTACGTTCCCGCACCCGCTCCTGCGACTGCCGCGCTCCCGTGACCCTCGTCATCCTCGTCGCCGACGGCGCCCGTCCCGACACGCTGTTCGGCGCCATCGACGCCGGCGAGCTCCCCGCGCTCGCTGGCCTGCGCGCGCGCGGCACGGCGCTGACGCTCACGAGCGTCTTTCCCTCGGTCACGGGCAGCGCGTACACGCCCTTCCTCATGGGCCTGCACCCCGGCCGCGCCGGCCTGCCCGGCCTCCGCTGGTACGACCGCGAACGACGCCACACGCTGTGGCCCGCGCATGCCCGCAGCTACGTCGGGCTCGGCGGCATGCGCGCCGACAAGGACCTCACGCGCGAGCACCGCACGCTCTTCGAGCACGAACCGCGCGCGATCGGCGGCTTCACGTACGTCGGGCGCGGCCTCTCCACGCGGCAGCGCATCGGTACGGGGTGGGCCTTCGGCGCGCGCATGGCGTGGACGCACTTCCGCGGCGACCTCGACGGCTGGATGCGCTTCGATCGCTGGCTCGGCGAGGAGTTCGTGCGGCGCATCGTCGCGCAGCGCCCGCGCGTGGCGTTCCTTGCGCATCCGGG
CP130613.1_gap82	3009989	3011804	1815	CCGCGCCGACCCCCGCGCCAGCACCGAGCGGCAGCATCACCGAAGACCAGGTGAAGCTGGCGCTGCGGCGCGTGAAGGATCCCGAGCTCAATCTCAACATCCTCGATCTCGGGCTCATCTACGGCATCGCCGTCGAGGGCAACGACGTGAAGATCGATATGTCGCTCACGTCGCCGGGCTGCCCATCGGGGCCGGAGATCATGACCGACGCCGAGAATCAGCTGAAGGCGATGGAGGGCATCGGCACCGTATCCATGAACCTCGTGTGGTCGCCGCCGTGGACGCCGGATCGCATCGAGCCGCGCGTACGCGCGTATCTCGGGTTCTAGCGCTGCGAACGTAGTAGCGCGCGCCAGTCAGGAATGGCGATGAGCTGGGTGTCACCCTCGCCTTCCCGCACGGCGAACACCATCCGCCCCGCGCGATCGACATCCCAGTTGCCGACGAGCCCTTCCGGCACCGCCACACGGACCGGCGTACCGACCGCGACATTGGCACCCAACGACACCGAGACCCGGAAGAGACTCGGTATCGTGCGGTCTCGGCCCCCGGCAGCGACGTAGTACACGCTGCGTCCATCGCCCGACCAGCGCGGTGCGAAGCCATATCCCGACGACAGCTTCCATTGCGCACCGGAACCGACGGCCGGGAACGGTCGGAGATACACCTCGGTGGGTCCACCTTCGTCGCTGGCGTAGACGATCCAGCGTCCGTCAGGCGAGACCGCCGGCATCAACCCGTTGTAGGCGCCGCGCAGGAAATCGCGCTCGGACCGTTCGCGTCGCGGATCCAGCACCACAATCGCCGAGTGCCCTCGCATCGCGTTGGCCGGGCTCCCGTCGGCGAAGACCAGCGTCGAGTCGTTGACCCAACTGAAGCCGTGCTGGTCACCCGGTCGCCGCGCGAGGCGGCGGACGGGCGACGATCCATCGAGCGGTTGCGCGAAGAGATCCTCGGCGTCGCTCGCGGAATCGGTGGCGGTGAAGGCCAACTCACGCCCATCCGGAGACCACACGGGGGCATGCGGACCGCCGACCGCGGCAAACCGCGTCAGCGTCTTCGAGGCGAAATCATAGATCTGCGTTTCGCGGAGCGAGCCGCGCGCGGAACCGCGCGTAAGGGCAAGCCGGGATCCATCCGGTGAGAAGCGAAGGTAGGACACCGTCTGCGGCGGCAGCGGCAGGGTGTCCAAGCGACCGCCGGCTGACTGCACCACGATGCGCACCGCAGGGTCCGACCCCACCAGATACACCAGCAGGCCGCGCGCCGTGACGGCGAACGGGCTGATGGCGGAACTGACGGCCATGTCGGCGGCGATCGGCACCGGCGCGCCCACCACCTTCCGCGCCCCTTGGTCGAACTCTACCGCGAACAGGCCGCCCTGCGGATGGCCGAAGAGCAGGTAGCCGTCGTCGGTGAGTTCACCTTCACTCGCTTGCGCGAGCACCTGCGTGGTGTCGTCGCGCTCGAGGTCGTAGTACATCAGACGGCTGCCCTGCCGCTCGTCCACGTAGAACAACCCGCGGCCATCGGGCGTGAAGCGCGGCGCCGAGCCATCCGCAGCGGTCACCAGGCGCCGAACCTCGGCGCCATCGGGCGAGACGACCCACAGGCCACCGCGTCCCTCGAATGCCAGTTGCCCTTGCCGTCCGTACCGCACCCGGCTTCCATCGAGTGTGTCCGCCGAGAGGACGGCGATCGGTGCCCCGCCGCGCATCGAGACTTTTCGCAGCGCTCCGCTGGCGGAGTACGCAATCCACGCGCCATCGGGGGAGAACGACGGCGACTCCGCACCATCGGTGCCGGGCAATAGGC
CP130613.1_gap83	3017763	3020976	3213	ACCGAAAGCGCGGTTCGTCACGACCTCGGTCGAAGTCGAAGGCCGCACCGAGCAGCGCGTGGTCGAGTTGCCGGCCTTCGACCTCGAACCTTGGGGCGCCGATGCCGCACTCACGCACGTCGGCGCGCGAGCGATCCGCGTCGACGCAGCACTCAAGGCCACCGGTAGGCCCGGCTATACCACCGACGTCCGTCGCCCGCGCCAAGCGTACGTTGCCATCGTCCGCAGCGGTGTGGCGCGGGGGCGCGTGACGCGCATCGACGCGGACGCGGCGCGTGCCATGCCGGGGGTACTCGACGTGCTGCTCCACGCCGATTGCCCGCCGAAGACGCGGCTGTTCAATCCCGAGATCACTTACCACGGCCAGCCGCTCGCCGCCATCTGCGCGGACTCGCAGGAGGCGGCCGACCGCGCGGCCGTACGCGTGGTCATCGAGGTCGAGAAGGCCCGCCACAGCGTCACCGTCGCGCAGGCCACCGCCGCCGACGCTGCGCCCGTGCGCCCCGGCATTTCCACGAACCTGCTGTTCAACGAACCGCGCGTCCGCGCACGCGGCGACGTCGCGGCGGGATTCGCCCAAGCCGACGTGATCATCGAGCGTGAGGTGCGCACGCCCTGCGTCCTGCACAGCGCGCTCGAACCGCACAGCGCCGTCTGCGAATGGGACGGCGATCGCCTCACCGTGTGGGAAAGCACGCAGGGCATCTTCCGCGTGCGCGATAACGTCGCGAAGGCGCTGGGCATCCCGCTCACGAACGTGCGCGTCATCTGCGAGGCGATGGGCGGCGGCTTCGGCGCCAAGAACTACGCCGGCGCGCACACGTACATCGCGGCGCTGTTCGCGAAGCGCCTCGGCCGCCCCGTGCTCTGCGCCGTCGACCGCATCGGCGAACAGGTCGACACCGGCAATCGCCCGTCGAGCGTGCAGCGCGTGAAGATGGGCGCGACGCGCGATGGAACATTGACCGCCATCGAGATGGTCGCCGACGTGCCGCTCGGCATCGGCGGCTGGGAGGGCGGACCTGGCGAGATCTACCACGAACTCTACGCCTGCCCGAACGTGCGCACGCACGAGACTTTCGCGTTTGTGAATACCGCGGCGATGGCCGCCTTCCGCGCGCCTGGGCACGCGGAGGGCGCGGTGGGGCTCGAGATCGGCATCAATGCGCTCGCCGCGGCACTGGAAATCGATCCGCTCGAGCTGCGCCGGCGCAACATCGCCACGCACGACCAGAAGAAGAACCGTCCGTACACGGGCAATCGCCTCGCCGAGTGCTACGACGAGGGCGCGCGGCGCTTCGGCTGGGCGGAGTGGCAGCGTTCGACGCCACAACGCGACCCTCACCGCGTGCCCGGAAAGCCGCAGCTCCGCCGCGGCGTGGGCGTCAGCGCCCAGATCTGGTCCACCGGTGGCGGTCCGCCGAGCTATGCGACGGTACGGCTGAACAACGACGGAAGCGCCGACGTCCTCGCCGGTTCACAGGACCTCGGCACCGGCACGCGCACGATCCTCGCCCAGGTTGCCGCCGAGGCGCTCGGACATCGCCTCGACCAGGTGCGCGCGATCATCGGCGACACCGGCGCCACGCCGTACGCCGGGAACAGCTGGGGCTCGATGACCGTCGCCTCGCTGACGCCCGCCGTGCGCATGGCGGCGGAAGATGCGCGCAACGCGCTGCTTGATGCGGCGGCCGGCGTGCTCGCCGCGCCGAAGGATGCGCTCGAGACCCGTGACGGCCGCGTGCTCGTGCGCGGCAGCGACCGCGCGATGACCTTCGGTGAGATCACCGCCAAGCTCGGCAACGTGATGATCCAAGGGCATGGATCGCGCGGCCCGAATCCGCAGGACGCCGGTATCGTCACCACGGGCGTGCAGTTCGCCGAAGTCGAGGTCGACACGGTCACCGGCGTCGTGCGCGTCCTGCGTCTCGTCGCGGTGCATGACGCCGGCCGCATTGTGAATCCCACGCTGGCGGAGTCGCAGCTCGAAGGCGGCATCATCCAGGGGCTCGGCTTCGCGCTCTTCGAGGAGCGCGCACTGGACGCGCGCATGGGCTTACCGCTGAACGTGGGACTCCACGACTACAAGATTCCGACGCTCGCCGACATTCCGGTGATCGACGGCGTCTTCCTGCCGGGGGCCGACGTGCAGGCCAACCATGTCGGCGCGCGCGGCATCGCGGAGCCGGCGATCGTGCCGACCGCTCCGGCAATCGCCGGGGCCGTGGCGGATGCGCTGGGGGTCGAGGTCAACGAACTCCCGCTCACGCCGTGGCGCGTGCTCGCCGCGCTCGGCCGTCGCGCATAGGCTGCCGGCCCGCGGGGCTCGGGCGACAGGCGGCGCCGCGGGCGACGCCGCGGCGGCTCAGCGCCAGGGCGGCGCGTCGCCCTTCTTGCGCTTCAGTTCGGGATTGTGGCGGTAGAGCGTGGTCGTGCGGCCGATGACTTGAATCACCTCGGCCTTCACGCGCTTCGCCAGATCGTTCGCCGCGGACTTCGCCGACACCTCGACGCTCTTGTTCAGCTGGATCTTCACCAGCTCGCGCGTACGAAGCGCGTCGTCGAGCGCCGCGAGGACGGGCCCGGTGATGCCTTCGTGGCCGATATGCATCGTCGGCTTCAGCCGGTTGCATTCCGAGCGCAGCTCGGCGCGCTCCTTGCCCGTCATCGTCATCGCTTGTCGCCCCTCAGTACGAGATACGGCACCGGATTCACCGGGTCGCCGGCCCACCACATCCGCGCGTTCGCGTAGCGCAGCAGCTGGTAATGCAGGTGCGGTGCGTTGCGATCCGCATTGCCGGTGCTCCCGACCGTGCCCAGCTGGTCGCCCTTCCGCACACGCTGTCCTTCGCGGAGTCCGCGCGCGTAGCGGTCGAGATGCGCATAGTAATGCACGAAGCGCTGCTGGTGATCCACCACGTACACCGTGCGCCCGCCGAGGGCATTCGTCGAGATGCGGCGCACGACACCGTCGTCCGCCGAGATGACGGGCGTGCCGCGCCGGGCCATGACGTCGAGGGCGTGGTGCCGCCGTCCCCCGCTGCGGGCCGCATTGTACGTGTCGACGAGGTCCCGGGGACGCACGCCATCCACCGGCACCATCAGGCGTCGGTCCCGCAGATACTCGCGGTCCGCCGCCACACGCGGCGAGCCGCCCGGCGCGGGGCCTCCGCCGAAGCAACCAGACCCGGCGAGGACCAGAGCGACCAACGT
CP130613.1_gap84	3030590	3033864	3274	AGGCGTGAACAAGCTGAAGAAGCCGACCAACGCGACGGTCGTCGTGACGCACTACCAGCGCCTGCTCAACTACATCGTGCCGGACTTCGTGCACGTGCTCGCCGGCGGCCGCATCGTGAAGAGCGGCGGCAAGGAGCTGGCCCTCGAACTCGAGGCCAAGGGCTACGACTGGCTGCTCGAGCCGGCGGGAGTCTGAGCGTGACCACTCCGTACGTCGAGCAGTTCGAGGCCGCCGCGGAGGCCGCCGCCAAGGATGCCCCATCCTGGCTGCCGGCGCTGCGCAAGAAGGCCTTCGAGCGCTTCACCACCCTCGGCTTCCCGACCACGCGTGACGAGGACTGGCATTTCACGTCCGTCACGCCGATCGCCGAGCGCACGTTCAAGGCCATCAAGCCGGCCACGACGACGCTGACGCTCTCCGACCTCGAGGCCTACCTCGTGGATCCGGAGTGGCATCGCCTGGTGTTCGTGAATGGCAAGCTCGAGCCGGCGCTCTCGCAGTTCGCCGGCCTCCCGGCCGACGTGCAGCTCGCGCCGCTATCGGAAGTGCTCAAGGAGGAGCCGGACTGGGCCAAGCGGCATCTCGGCTCGCTGGCCGCCTTCGACAAGGCCGCCTTCACGGCGATGAACACGGCCTTCATGCAGGACGGCGTCGTGCTCCGCGTGCCGAAGGGCGAGGTCGTGGACGTGCCGATCCACATCCTGCACGTGACCGATGCGAACGCCGCCGGTGCGGCGATCCATCCGCGCCTGCTGGTCGTCGCCGAGGCGCTCTCGAGCGTGATGCTCGTCGAGCAGTACGTCGGGCTCGGCAGCGTGAGCTACCTGGTGAACGCGGTGGCCGAGATCGTCGTCGGCAACGGGGCGCGCGTGGACCACTACAAGGTGCAGAACGAGAGCACCGAGGCTTTCCACGTCGGCACGGCGCAGGTCACGCAGGGCCGCGACTCAATCTACCACTCGTTCTCGTTTGCCTCGGGCGCGGCGCTGTCGCGCACGAACATCTACACCAAGCTCGCCGACACCAACAGCGAGGCGCGTCTCAACGGCCTCTACCTGCTGGATGGCTCGCAGCATGGCGACCACCAGACCTTCGTCGAGCATCTCGCCGAAGCCTGCGCCAGCCGCGAGCTCTACTGTGGCGTGCTCGACGGCCAGAGCCACGGCGTCTTCAACGGCAAGGTCTACGTGGACCCGATCGCGCAGAAGACGGACGGCAAGCAGACCAACAAGGCGCTGCTGCTCTCGCCGCAGGCGCGGGTGGACACCAAGCCGCAACTCGAGATCTTCGCCGACGACGTGAAGTGCACGCACGGCGCGACGGTCGGCCGCATCGACGAGATGGCGCTGTTCTACCTCAAGAGCCGCGGCATCGGTGGGGAGTCGGCGCGGGCGCTGCTGACCTACGCCTTCGCCGCCGAGGCGCTGGAGACGATCGAGATCGATGCGCTGCGCATCGCGCTGGAGCAGCGCGTGTTCGAGCGCTTCACGCACACCCAGCTGGTGTAAGGCACACGGCCATGGCTGACGCCACGCTCGACGCGCTGTACCAGGAAGTCATCCTCGACCACAATCGCCGGCCGCGGAACTTCCATCCCATGGAGCACGCCTCGTGCTCGGCGGATGGCAAGAACCCGAACTGCGGCGACCAGCTCACCGTGTGGTTGAAGGTCGAGGACGAGCGGGTGTCTGACATCTCCTTCCAGGGCCAGGGCTGTGCGATCTCCAAGGCCTCGGCGTCGATGATGACCGAGGCGCTCAAGGGCAAGAGCCGCGCGGACGCCGTGCAGCTGTACGACAAGGTGCACAAGCTGGTCACTGGCGAGGACCTCACGATCGCGAAGGACAGGGAGCTCGGGTCGCTGCGCGCGCTGGGTGGCGTGAGCAAGTTCCCGATGCGCGTGAAGTGCGCCTCGCTGGCCTGGCATGCGATGAAGGCCGCGCTGGACGGCACGGCGGTGGTGAGCACCGAGGGACCGGAAGACGCCCGGAGCGCATCGTGAGCGACGGTGCTCCGGCATCGGTAGGCAGTGGTGACGCAGCGGCGCCTGAGGGCGCCGTTTTGCTCGGCGGCATCACGGCGGACGAGGTCCAACCGCTGCAGTTGTACCGGGCGACGATGCCGAACGGCACGGCGCTGTGCGTCGGCGTGCACGAGGGACGATTCTTCGCCGTGAAGGATTACTGTCCACACGCGGAATTCCCGCTCAGCGAGGGCACCCTGTACGCGAACGGCGAGCTGGAGTGCTGTTGGCACGGCGCGCGATTCGCCTGCGCGAGCGGCAAGGTGCTGCGCGGACCGGCGGAGTCCGATCTCGTGCGGTTCGAGGTCTTTGCGGTGAATGGCGACCTTTACGTGCGGCGTGGAACGGCGCCGCTGCAGTCAGGAGGGGCAGCATGAGGGCATCGACGCCCGTCAGTCTCGCCAAGCGGACGGATTTCCCGCTCTTGGCCGCGCAGCCTGGGCTCGTGTACCTGGATTCTGCAGCGACGTCGCAGAAGCCGAAGGCCGTCCTCGATGCGATCCAGCGCTACTACGAGACGGAGAATGCGAATCCGCATCGCGGCGCGTATGCGCTGAGCGCGGCGGCGACCGAGGCGTACCATCAGGCGCGCGAGCGCGTCGCGCGCTTCATCGGCGTCGCGGATGCCGACACGTTGATCTTCGTGCGCGGCACCACCGAGGGACTCAACCTCGTGGCGTCGACCTGGGGCCGCGCGAACGTGAAGGCCGGCGACAACGTCGTCGTGACCCGGATGGAGCATCACGCGAACTTCGTGCCGTGGCAGCAGCTGTGCCTCGCCGCGGGCGCGGAGTTCCGGATCGTCGAGCTCGACGCCGCGGGCGGCGTGGACCTCGCGATGATGGCGCGGCTCGTCGATGCGAAGACGAAGGTCGTCGCGTTCGGGCAGGTCTCCAATGCGCTCGGGACGATCAACCCCGTGGCGGAGTTCGTGAAGATCGCGCGCGCGCAGGCGCCGCAGGCGCTGGTCGTGTGTGACGGTGCGCAGGGCGTGCCGCACCTGCGCGTCTCCGTCGATGCCATGGGCGTCGACGTGTACGCATTCAGCGGCCACAAGGTCGGCGGGCCGATGGGCTCGGGCGCGGTCGTGGTGCGTCGGCCGATCCTGGAGAAGATGCCGCCGTATCATTTCGGCGGCGACATGATCGAGTGGGTCAACGACCGTGACTCGACGTGGAACGTGCTGCCGCATCGCTTCGAGGCAGGCACGCCGAACGTCGAGGCGGCGGTCGGGCTCGCGGCGGCCTGCG
CP130613.1_gap85	3035294	3036710	1416	CAACAATGCGCGATTGACCGCCTGGGGGCGAGCCGAGCTCGTCCGCCGGGTGGTCCTCGACGGCGAGCCGGTGCGCGCCGTCGCCGCGGCCCTCCACATCAGCCCGAGCACGGCTTACAAGTGGCTGCGCCGCTTCGCGGCCGGGGGCTGGGCGGCGCTGGCCGACCGCTCCTCGCGCCCGCATCGCTCGCCGACCGCCACGCGGCCGGCGCTCATCGAGCGGATTCTCCGCCTGCGCGCGACGCGGCTCACCGGGCCGGAGATCGCGGAGCGGCTCGGGCTCGCGGTCTCGACCGTGGGCCGGGTCCTCACGCGCGCGGGCCAGGGCCGGCTGAAGGGCCCGGGGGCGACGGGCGGGCCGCGCTACCAGCGCGAGACGCCCGGCGAGCTCGTGCATGTCGACACGAAGGCCCTCGATCGCTTCGTCACGGCGGGCCATCGCGCGCACGGCAACCGCTCGAAGGTCGGCCGCCGTCGGGGGCTCGGGCAGGACCATCTCCACGTCGCGGTCGACGACGCGACGCGGCTCGCGTACGCGGCGCTGCTGCCGACACAGGACGCGGCGGCGTGCACCCGCTTCCTCGAGGCGGCGCGCCGCTGGTTTGCGCAGCTGGGCATCGCCGTCACCGGTGTGATGACCGACAACGCCAAGGCGTACACGAGCCACGCGGTGCAGGCCGCGCTGGCCGCGCACGGGATCCGGCACCTGCGCACCAAGCCCTACCGCCCGCAGACGAACGGCAAGGCGGAGCGCTTCATCCAGACCGCGCTCCGCCGCTGGGCCTACAAGAAGCCATACCGGACCTCGGCGCACCGCAACGCGGCGCTGCCCGACTTCCTAGATTGCTACAACGTCGAACGGCCGCACCGGTCGCTCGGCCGCGTCCCGCCGCTGCTCCACTTCCTCATGCAGCGTGAACAACGTCCTTAGAACCGACACCTAGGGCGTGTGCGATCCGTGCCGCTCAGCGCACGCGGTCACCCGAGCGCAATGCCTCCGGTGGATAGACCACCACCCGCTCGCCCGGCTCGAGCCCCTCGATCGCCGCCGACTCCGGTCCGCGCGCAATCACAGTCACCGATCGCTCCGTCGCCACGCCATCGGCATCGACGGCGAACACGCGCCAGCCGTCGCCGTCACGCGCCAACGCGCCGGTCGGCACGATGCGCGCGCTTTCGAGGCGGCGCAGCACGATGCGGACGTCCACGGCGAAATCATGCCCCACGGTCAGCCGACCCGAATGCAGGTCGCCGATCACCGGCACGCGCTGCTCGTCGACGCCCAAGGTGCTGCGCACGGTCTGCGCGCTGGGCTCGATGCGCGTGACGTGGCCGCGCAGCGTGTCGCCGCCGACGATCGCGTAGAGCGTTGCACCGACTCGCACGCGCGGCGCGTCGGCGCTGAGCACGCGCACG
CP130613.1_gap86	3041563	3043620	2057	ACGCCGATCTGCGCGGCATGGGCTACAACTCGGCGCAGTACATCCACACCGTGTACCAGGCGATGAACCTCGCCTACGCCGACCGCGACTTCTACTACGGCGATCCGGCCTTCGCGCCGGAGGAGCCGATGCGCGGGTTGCTGAGCAAGGAATACGCGCGCAGCCGTTGGGGGCAGATGAGCCTCACGCGCAACGACGCGCGCGTGAAGCCGGGCGACCCGTATCCGTTCCAGGGCGGCACGAATCCGTACACGGCACTGCTCGAACGCTGGAGCACCGAGGGGCCGCGGGCGATGGCGCGCGCGGGTGCCGCGGGTGGCGAGACGCTGCGTTCCGACGACGCCACGTTCGACGACGCCTTCACGCGCGGCACGACGAGCATCCAGGCCGCCGACAAGAACGGCTGGATGGTCAGCATCACGCCGAGCGGCGGTTGGGTGCCGGCGGTGATCGCCGGCCGCACGGGCATCGGGCTCTCGCAGCGCATGCAGAGCTTCGTGACCGATCCGGAAGACGGGCCGTTCAACGTGATCGAGCCGGGCAAGCGCCCGCGCGTCACGCTCACGCCGACGATCGCCATGAAGGACGGCGAGCCGTGGATGGCCTTCTCCGTGCAGGGCGGCGACACACAGGACCAGGACCTGCTGCAGTTCTTCCTCGCGATGGTCGAGTTCAACCAGACGCCGCAGCAGGCGGCGGAGCATCCGGGCTTCCACTCGTACCAGATGCGCTCGAGCTTCGGCGCGCACGAGGCGCGCCCGGGCCGCCTGCAGCTGAACGAGCGCATTCCGAGCTGGGTGCGCGATGAGCTGCGCACCAAGGGCTACTCGCTAGAGTTCGCGACGCATACCTCGGGACCGATCACGGCGATCATGTGGGATCGGCGGAACCGGTCGTTCTGGGGGGCGGCGAGCAACAACGGGGAGGATTACGGAATCGCGTGGTAAGCGCGGCGGCGATGCGTAGCGTCGGCGCGTTGGGCGCGCTGGCGCTGTTCGTGGTGGCCGGGCTGTGGACGGCGCGCGCGGGGGAGGCGGGCAGCCTCTGGAACGATCTGGCCGCGTCTGTCGCCGTGGCGTGGGGCGTCGCATTCGTCGCGTGAGCGTTCGCGAGACGGCTGACAGCCGACCCGGCGCGTGCCTTCCTGATTGCGGTGTTGGCGCTCGGGTGGCTGGCACTCGGCGGCACGTTCGGACTCTTCGTCACGCGCCTCTTCAGCCCCATTCCGGTCGACGGCACCAGCATCGCCATCACGTGGACGCTCGTGCTTGGCCTTCTCGCCGTCGGCATCGTGAAGGCGAGCGGTCCGGCGGCGCGGTTCGCCGACGCCATCGAGGTCGGCGCCGCGCTGCTCGCCGTGCTCACCATCGGGCGCCTCGGCGCCTCGGCGCTGGCAACGCAGCGCGACGCCGGTGCCAGTGCCGAGGCCGCCGAAGCGTGGGAAGACGCGCGGCAACCCGCGCGACCCGACATCTACTTGGTCGTCCTCGACATGCGCGCGTCGGTCGGGTGGATGGCGTCGGAGTACGGCTACGACCAATCGCGATTCCTGGATTCACTGCGTGCGCTCGGATTCTCGATCCCCACCGCGGCATACGCGAACTACACGCACACACAGCTCGCGCTCCCATCGCTGCTGAACGGTCGCCTGCTCGAGGATGACTCGACCACCGCGACGGTGGAAGGCAGCGCCGTGTACGACCTGGTCGGCGAGTCGTCGCTGTGGCCGACGGTGCACGAACGCGGCTATCGCATCGCCTTCTTCCCGACACCGTATCCAGCGACCCGGGAACTGCCCGAATCCGACCTCGACCTGCCCGCTCCGTCCACGCGGCGCATTCCGTGGGCCGAGACCTTAGTCGCGCACTCGCCGTTCGCCCTGAGTCCTGAGCTGCGCTGCCATGTCTTCGAATGCGAGGAGTCCATCCTGGCGCCGTTTCCCTTCGAGTCGGCGTCGGCGCTCGAGTGGAAGTTCAAGATGCTTGCGACGTTGCCCGATAGCGCGGGACCGGTGTTTGCCTTCCTACACGTCTTGAGTCCTCACGAGCCCTACCTCT
CP130613.1_gap87	3071418	3073903	2485	TCGACCACTCATGGCGAGCTCGAGCCCTCGCAGTTGATCTACGGCGGGATGAAGGACGCCGAGGTGACGGCGCTCGAACGATTCGTCGCGCGCGGCGGCAGCGTGGTGGCGGAGTTCAACACACTCGAGGATCCGACGGCGGGCACGGCAGCCGGCGATCGGCTCGGCGCCCTGCTCGGCGTGCGCTTCGACCGTTGGCTCGGACGCTGGTACGGCGACCTCTCGTCGCCCGACGAGATCCCGTCGTGGATGAAGGAGCGCTACGAGCGCGTCTATTGGAAGCCATGGAACTTCCGCGGGCCCGGCGTGGTGATGTTCTCCGACCGCGAGGATCGCATCGTCGTCATCGACTCCAGCGAGTTCACGTCGCGCTGGCCGATCACGCTCGAGGTCGATGACCCCGACGATCCTTTGACGCGCCGGGTCCGCAGCGGCCAGCCGTATTGGTATTGGGTCTCCGGCGTATCACCGACCGACAGCGGCGAGGTGCTCGCGCACTTCCACCTGCACGTCACCGATGCGGCCAAGCAGCGGCTGCGGGCGATGGGCTTCTCGTCGCTGCCGCCGGCCGTCGTGCGGCACCGCGGCGCCGGGGTGCGTGCGTACTTCGCGGGCGACTTTGCGGACGTCGGTGCGACGCCGCCCCCGCTGCGGCGCACCCGCGGCATGGATTGGATGGGTCGGCTGCAGGCGCGCACGAAGAAGCCAGGTCGGCAGCAGCGTTTCTTCTGGAGGGTCACGATGCCGCTGTGGGACGGAATGCTGGACGAAGTCATGGCCACGTCCCGGTGACCTGAATCACGGCTGCCGCAGTCCCATTAACGACCGAGGGTTTGCGGCATCCAACTGGCACACCCCGCGCAGGCTCCCACCCTGCCGCGCTTCACACCGGGTCCCCACGGCCCGAAGGAGATGTTCCGATGTTGCGTCGATTCGCGTTGTTCCCCACCCTGGCTCTCGCGCTCGTGCTCGCCGCCTGCGGCGAGGCGCCGACGGCGACCACGCTGACCGATGACTTCGCGCTCGTGATGTTCGGCGAGCAGGGCGAGGCGTTGGACGGCACCATGGGCCCGCAGCCGGGCGCACCGTTCGACGGTCGCACGCGCCGCCCGATCTTCCCGGATTCGCTGGCGCTCACGGACGCGCAGCGCGCCGAGATGCTCGCCCTGCGCATGGCCTTCCGTGCCGACCACGAGGCGCAGCTCGATTCGCTGCGGGCGATCTTCCAGGAAGCGCGGTTGGCGCGCCTTGAAGGCGCCACGCGCGCCGAGGTCCGCGCGATCCTCGAGACGGGCCGCCCGATCGCCGAGGCGCTGCGTCCTGACGTGCAGGCCCTGCACGCGGCCCTGCGCGCGGTGCTCACCGATGCCCAGCGCGCGTGGCTCGACGCACAGCGCCGGCCGCGACGGTTTGGTCCGCGGCCGTAACGGCAACGGCGTTCACCACGAAGGCACGAAGGGAGTCGCGAAAATCTCTCGGGCCCGCAACGCCAAGGAAGCAATGCTTCTTGGAGTCGCAGGCCCGAAAGTCTGTTGCAGAGCCCTTCGTGCCTTCGTGGTGAAATCCGTTACGAGGTCTTGGTCGGAATCATGAACTCCTCGGTCTTCGGCCGCACCGGGAACTTGAACCACCCCGACACCTTCTCGCGCCACTCGTCCATGATCTCGTAGATCGTCGGGATCACAAGCAGCGTCAGGACCGTGGACGTGATGGTTCCACCGATGACCGCACGCCCCAACGGAGCCCGGAAGTCCGCGCCTTCGCCGAGGCCCAGCGCCACGGGGATCATGCCGGCGATGAGTGCGAAGGTCGTCATCAGGATCGGCCGCAGGCGCACGCGCCCCGCCTCGATGATCGCCGCGCGGCGCTCCATGCCCTGCTCCTGCCCCCACTTCGCGAAGTCGATGAGCAGGATGGCGTTCTTCGCCACGATGCCCATCAGCAGGATCACGCCGATCATCGACATGATGTTCAGCGTGTCGTTCGTGATGATCAGCGCCAGCACCACGCCGATCAGCGACAGCGGCAGCGAGATGAGGATGGCGATCGGCTCGAGGAACGAGCCGAACTGCATCACGAGGATCAGGTACATCAGCAGCAGCGCGATGCCCAGCGCCGCCAGGATGTCGCCGAAGACCTGCGCCTGGTCCTTCGCCTCGCCGCCGAAGCTCCAACGGATGCCGTCCGGCACCTGCATGCGCTGCAGTTCACGCGTGATGTCGCTGGTGACTTCGCCGAGCGAACGGCCGGAGACGTTGCCCTGCACGACGACCACGTTGTCGCGGTCGAGGTGCGAGATCTTCGCCGGTCCCAAGCCCTGCGTGACCGTCGCCAGCTGCCCCAGCGGCATCATGCGCATCGGCGCACCGCCCTGGCCACCCACGGCGATCGGCAGGCGCTCGATGTCGCTCACCTTGGTGCGCGACTCCGGCGCGAGGCGCACGCGCACCTTGCGGTTCTCGCCCGCCGGGTCGACCCAGTCGCC
CP130613.1_gap88	3076783	3080992	4209	CGCGCGGGCGTCGTCGAGCATGGAGCGGGCACCGAGGTCGGCACGGCGGGCGTTCTCGAGATCGCGGTCGGCGAGCGCGCCGGCCGCGTGCAGGCGCTCGGCCCGCGTGAGTTCGCGCGCCGCGAGGTCCGCCGCCTGCTGCGCGGCGGTGAAGCCGCTGCGCGCGCCGAGGTAGGCGTCCTGGATGGCACGGTCATCGATCTTGGCCAGCGACGTGCCTTTGGTGACGACGGCGCCGGGATCCACGTTCACGGCCAGCACCGCGCCCGGCACCTCGGCGCGGATCTGCGCCGTGCGCTCGGCGACGAGCGAGCCCGAGAGGATCGGCCCGATCGAGAGCGAGGTCTGTTCGGCAACGGCGACGCCTTCCGGCCCGACGTTGACGGTGACGGCCTCGGAGACGGGCGCCTCGTTGGCGTCGCCGCGTCCGCAGGCGGAGAGAGACACGAGGAGCGCGAGTGCGGCAACGCCGGCGGCGCGGAACGAACGCGAAGACATCGAAAGCATCCCCCGCAGGGCGGGCGTGTGGGAAATCATGGGAATGGACATCAGCGGGCGCCTCCGATGGCCAGCGGGAGGTCCTTCAGGAGCGCGAGGCGCATGCGCGCGACCTCGAGGTCACGCGCCGTGGTGACGCGCTGCAGGCGGGCCTGCTCGAGTTGCACGCGGGCCTCGGTGAGTTCGACAGGCGTCGAGATGCCCTCGCTGAAGCGCACTTCGGCGATGGCGTAGGCGCGCGCGGCCTGCGCATCGGTGCCGACGGCGGCTTGGTACGCCGCCGCGGCCTGCTCGTAGGCGTTGACGGCGAGCACGGCATCGAGCTCGGCGCCATCGCGCGTCTGCTCGAGCCGCGCGCGGGCTTCGGCGACGTTCGCTTGCGCGACCATCTTCTGGCCGGAGGTCAGCCCGCCGTTGAACACGGGGAAGCTGAGCCCGAGCGTGACGGTCCAGTTCGGGAAGTAGAGATTGAAGTCGCTCGGCAAGAAGGTGCCGTCGGGCGGATACGCGAAGCGCTGATAGGTGGAGCTCAGCTGCAACGCGGGCAGTCGGGCGAGACGCGCGGCGGTGAGGGCCTTCTCGGCAGCGTCGAGCTGCGCGGCGGCCTGGCGCACGGTCGCGCGCGCGGTGGCCGACGTGTCGGGTGCGAGGCTACGCGCGCCAGCGAGCGTGACGGGGGCGAGCGGCGCGGCCATCGCGGCACCTTCGTCGCGGATGGGGGTGGTGAGCGTCAGCGGCTGCGCGAGCGGCAGGCGCAGCAACTGCTTGAGGCGCAGTTGCGCGGCCTGACGGGCGCCGCGGGCCTGGATGGCCGCGGGGCGCTGGTTGTCGCGCGTGACCTGCGCCCGGAGCAGATCGAACTCCGACGCCGTGCCGACCTCGCGCGCGAGGCGCACCTGCGAGAGCGTGCGCTCGGTGAGGGCGAGCGTGGAGTCGGCGATCTCGGCAAAGCGTTCGGCGGCGACGGCGTCGTAGTAGGCCTGCGCGACGTCGAGCAGCGCCTGCGCCTTGGCCGACGAGAGCGCGATGTCCGCGGCGGAGAGTCCGGCCTCGGCGCCGGCGCGCTGCGCGGTCAGGCGGCCTGCGGTCCAGAGGTTCTGCGTCGCGCTGAGCGTGAAGATGAAGGTGTTGGGCGCCGCGAAGATCTGCGCGAGCGGCGAGTTCGCGATGCCATCGTCACCGCCGCCGCTGCCGGAGTCGGGCGCGAACTGCTCGGAGATGGCCTGGAACTGGTTCTGGATGGCGCGCTGGTAGTTGGCGGCGCCGTTGATTTGCGGCAGCAGTTGGCTGTTGGCCTGACGCAGCTGTCCGCGCGCGCGGTCGGCACCGGCCGCAGCGGCACGCACGCCGGCGCTACGCTGCTCCGCCATCTGCAGTGCCTCGGCGAGCGAGAGCGCCGCCGGGGCCGCGTTGGGCGCAGTGCCCTGCGCCTGCAGCGTCGATGACGCGAGGGGCAGCACGAGTAAGAGCAGTGCGACGGCCGTCGCACCGATGGCGCGCAGGACGAGGCGAACGTACGTCGCCGGCGCCTTGTCGCGCGGCGGGAACATGGAGGGCATGAGGTCTCGTCCCATGGCGTCGGCGAAGATGGTGCCGAGCAGCATCGTGGCCGCCGCCTTGAGGTCGGCAGAGGGTGGAATGAAGCGGTGCTCGACCAGCCGTTCGAAGTAGCGCAGGACTTCCGCGCGGGACTCTTCGGGGCGCTCGGCGGTGGTGTCGGCGCACTCCGGATGCTGATGCATCTCGGCGAGCGAGGAGCGGATCATGCCGGCGGACTCGAGCATGAACGCGTGGTCGGCGGCGGCCCACTCGGTGAGTTCGCCCTGCGGATCCACGGGCACCGCGGGCGGCGTCGGGCGGTCGACCGTCGCGGCGCGCGACCGCAGGGCTTCTTCGATGAGTGTCGCCTTGGAGCCAAAGAGCCGGAAGAGCGTGACTTCGTTGACACCGGCTGCTTCGGCGATGCGTCGCGTGGTTGCGCCGCGGAATCCACCCTCGGCGTAGACGCGTAGCGCCGCGTCGATGAGCTGCTGTTTGGTTGGTTCTGTCATACGGAGATCTGGGGAACGAACTGGAGGCAGCAATTAAAGCAAGCGACCACTTGCTTACAACGGGTGAGGTTGTGTTTGGGTTTCAGCCCTGCACAACGTGCTGTGATGTAGAATTTCGTCCATTGATATACGGTATTTGTTCGGTAATGAATCAGCAACTGTGGGATTTCCGTGGTGTGCTTGTCGCCCGCCCGCACTTCAGTATTGAGGAATCGTCGATGCCACCACGCCCCTTCTGGCCCCGCTTGCTGCTCGCCACGCTCTTCACCGTGAGCGGCCTCAACCAGCTGATTCAGGTGCCAGGCGAGTTCCGTGGGGACGACGCGCTACCGATGCTCGGTATACTGCACGTGGTCGCCGGGGTCCCGGGCATCCTCACGGCGATCGGCGCGTGGCGGATGACGCGATGGGCATGGATGGCCGCGCTCGCGTGGGCGGCGGCGACCTCGACGCTGATTCTCTCGCTGGAATCGCTACTGCAACTCTCGCCCGAAGACGCCCAAGGCTTCGTGCCGGCGGTGATCGGCATCGCGCTCGTCGGAACCTGTGCCGCGTGGTATCTCTTCCGCAGCGCGCGGCGAGTCGCGGGGAACGCCGCATCCACCGCCGCGGATTGATGCCGTACGCCTCCCTCCGAGCCTTTCGCCCATGAAGAAGAAGCCTGACGATCCGCAGCTCGCCTCCAAGCTCACACCGTTGCAGTACGAGGTAACGCAGTGCAGCGCGACCGAGCCGCCGTTCCGCAACGAGTTCTGGGACCATCACGAACCCGGCATCTATGTAGATGTCGTCTCCGGTGAGCCCTTGTTCTCGTCCACCGACAAGTTCGACTCCGGCACGGGGTGGCCGTCGTTCACGCAGCCGCTGCTGCGCGAGCGCGTGACGGAGCACACCGACTCGTCGTACGGCATGCGCCGCGTCGAGGTGCGCTCCGCCGACGCGGACTCGCATCTCGGGCATGTGTTTCCCGATGGCCCGGGACCCTCGGGCCTGCGCTACTGCATCAACTCGGCGTCGTTGCGCTTCATCCCGGCGGCGCGCCTGACGGCGGAGGGCTACGCACAGTTCGCGGGGCTGTTTCCGGGCATCGCGCAGGAGTCGGCATGAGCGGCGAAGTCGCGACGCTGGCCGGCGGATGTTTCTGGTGCCTCGAGGCGGTGTACCTCGAACTGCGTGGCGTGGAGCGCGTGAAGAGCGGCTATGCCGGTGGCCATGTGCCCAACCCGACCTACGAGCAGGTCTGCGGCAAGCAGACGGGGCACGCCGAGGTGGTGCAGGTGACCTTCGATCCGGCGGTGATCGGGTATGGAGAGTTGCTGGATGTGTTCTTCACCATCCACGATCCGACGACGTTGAATCGCCAGGGCAACGACGTCGGGCCGCAATATCGCTCGGCGATCTTCACGCACTCGGAGAGCCAGGCGCGCGTGGCGCGCGAGAAGCTCGCGGCGGCGCAGGCGCACTGGGAAGACCCGATCGTGACGGAGCTGCAGCCGCTGGAGACGTTCTGGCCGGCGGAGACCTACCACGACAACTATCTCGCGCGGAATCCACAGAATCCCTACTGCGCCGTGGTGGTCGCGCCGAAGGTGGCAAAGGCGCGCAAGGTGTTCTTCGACAAGCTGAAGAAGTAACGGCGGACGGCCTTCACCACGAAGCA
CP130613.1_gap89	3082948	3087702	4754	CGGGCGCTGCGGGCCCTCGAGGAGGAGACGGACCGCTGGATCCAGGGCTCGCCGCTGTGGCGCGCGCAGGAGGACTTGCTGACGAGCGTGCCGGGCGTCGGGCCGCAGACGGCGCGGCTGCTGATCGCGCGCCTCACGGAGCTCGGCGCGCTGTCCGCGAAGGAGATCGCCGCCCTCGTCGGGCTGGCGCCCTACGCGCAGGAGTCGGGCCGCTGGCGCGGCGTGCGGCGCATCCGCGGCGGCCGCGCCGACGTCCGCACGGGGCTCTACATGGCGACCCTCGCGGCGATCCGCTGCAACGCCGTCGTACGCGCGATGTATCGGCGCCTCGTCGCCGCCGGCAAGCCGAAGAAGCTCGCCCTGACCGCGTGCATGCGCCGCCTCCTCGTCATCCTCAACGCGATGGTCAAACACCAGACGCGGTGGCAGGCGTCACCGACGCCCACCACCGCTTGACTTCCAACACAGCCACTTCGTGGTGAATGTTGTTGGAGTACGTTTCCCGTATGAACGCTCTCAAGACGCTCGTCCTGCTCGCCCTCTCGGCGACGGCCCTCTCCGCGCAATCCGCGCCGGACGATTTCCTCGCAGCGCTGCGCGCGCACTGCGGCAAGGCGTACGAGGGCCGTATCATCGACCCGCAACCGGCGGACACGGCATTCGCGCGGCAGCGGCTCGTGATGCACGTGCGCGGCTGCGGTGACACGCTGCGGGTGCCGTTCCATGTGGGCGACGATCGCTCGCGCACCTGGGTGCTGACGCGAACGGCATCGGGCCTGCGGCTCAAGCACGATCACCGGCATCGGGACGGCAGCGAGGACCGCGTCACGCAGTACGGCGGTGACGCGCGGCCCGGCGGCACGGCGATGCGCATGGAGTTCCCGGCGGACAGCTTCACGGCGGCGCTGCTGCCGGCCTCGCGCACGAACGTCTGGACCGTCGAGATCACGCCGACGCAGTTCGTCTACCAACTCACGCGCGCGGGTTCGGACCGCCGCTTCCGCGTGGAGTTCGATGTCACGCGTCCCGTGCCGGCACCGCCCGCGCCGTGGGGCTTCGAGGGACGCTGACGCGGAGATGAGGGACGGTCGCGGCACATTCGCGGCGCATCGGCGTAAATTCCGGGTATGACGTCCGTGATGCCTTCCCTCCGCCCTCTCCTTCGCGCCCTCGCCGTGGCCGCCGCGGTGCTGTTGCCCGGCGCGCTCCTGCCCAACGCGCTTGCGGCGCAGACGGCCGTCGTGCGCGGCATCGTCACGGACTCGGTCGGCAATCCGATCCGCGGCGTGGAGGTGCTCGCGCTGCAGCAGGAGCGTTCGGTGCGCACCGGGGCCGATGGCCGCTTCGTGCTGCGGAACATGCCGTGGGGCCAGGTGGTGCTGATGGCCCGCCTCCCGGGCTGGCGCGCGCAGGAGCAGGTGGTGCGCATCAACGACGACGGCACGTCCCGCGAGGTGCGCTTCGCGATGGTGCGCGCCGTCCAACTGCTCGACACGCTGCGCATCGTCTCGCAGGACGGCTGCGCGGCCACGCAGATCGAGGGCTTCGAATGCCGACGCCGCGCGGGGATCGGGCAGTTCCGCGGGCCCGAGGAGCTGGAGGCGATCCGGGCGCAGCACATGGCGGACATGTTCGAGGGCATGACCGGTCTCCGCCGCGAGCCGTTCCGCGACGTCGCGCGCGGGCGCCTCGACTGGACGGTGGCGTCGACCACCGGCTGGCGCTGCCTCACCGAGGCGTTCAATGGCCGCTTCCGCACGGCGCGCGAGGAGATCATCTACCCCGAGCAGATCTACGCGATCGAGTACTACGACGTCTACGAGCGCGTGCCGGAGATCTACAAGCGCTTCGCCTGGCCCAACACGACTGACAGGCCCTGTGCCCTCGTGGTGTACTGGACCAAGGCCTACGTCGAGGAGAACGGCGGGCCGCCGCGTCAGCGCCCGTAGCCCTCGCGCTAGATTCCGCGCGTGACGCTGCTTCTCACGCTGCTCTTCATCTGCTCGGGCGCGGCCGGGCTGGTCTACGAATCCCTGTGGAGCCGCTACCTCGGGCTCCTCGTCGGCCACGGGGCGTACGCGCAGATCCTCGTGCTCGTCATCTTCCTCGGGGGGATGGCCGGCGGCGCCGCATGGATCGCGCGCCGCGCGACGCGCATCGGCGATCCGCTGCGCTGGTACGCCATCGTCGAGGCGCTGGTCGGCCTGCTCGGCCTCGCGTTCCATGACGTGTTCGTGGCGACCAGCGCGTTCGCCTACGACACGCTGTTCCCCGCGCTCGGCGGCACGGCGACGGTCACGATCGCCAAGTGGACCATTGCCGCCCTGCTGATCCTGCCGCAATCGCTGCTGCTGGGCGCGACCTTCCCGCTCATGACGGCGGGCGTGCTGCGCCGCCAGGCGGCGGACCGCGCGGGCCGGACCATCGGGCTGCTGTACTTCGCGAACTCGTTGGGCGCGGCGATCGGCGTGCTCGTCGCCGGGTTCTGGTTGCTCGAGATCGCGGGACTGCCGGGCACGCTTATCGTGGCGGCCGTCGTGAACCTGCTCGTCGCCGCTGCGGCGTACCTGCTCTCGGGACGGCAGCCACTCGCCGCGCGCGACGCCGCCGATACGCCGAGCGTCGCTGCGGCACCCGACGCTACGGACGCAGGCGCCGCGCTGCCCAGCGGGGCGTTTGCGCAGCTCCTGCTCAGCGTCGCGTTCGGCACGGCGGTGGCCTCGTTCATCTACGAGATCGCCTGGATCCGCATGCTCTCGCTCGTGCTGGGCAGCGCCACGCACGCATTTGAGTTGATGCTCTCGGCGTTCATCCTCGGCTTGGCGATCGGCGCCTTCGTGATTCGCCGCCGTGCTGATGGCAGCGGCGATCCGCTGCGCCAGCTCGGACTCGTGCAGGTAGCGATGGGCGCGGCGGCGATCCTCTCGCTGGGCTGGTATCTCGATGCGTTCGGGTGGATGGCCACGCTGATGGAAACCGTGCAGCGCAACGAAGCGGGCTACGCGGCATTCCATGTGGGGCGCTACGCGTTGGCGATGGCCATCATGCTGCCCGCGACGATCTGCGCGGGCATGACGCTGCCGCTCATCACGCGTGCGCTGCTGCGCAGCGCCCGCGGCGAACGCGCCATCGGGACGGTGTACGCCTGGAACACCGTCGGGTCGATCATCGGCGCGAGTGCGGCAGGACTCTGGTTACTGCCCGCCATCGGCGTGCGCGGCACGTTGATCCTCGGCGGGACGATCGATCTCGCGTTGGGTTGCTGGCTGCTGTGGGTCGCCGCGCCGTTGCGCGCCGGTGGCCGACGCACCGCCACTCTCGCCCTCGGCGCGACGGCGGCGCTGGTGCTCGTGTCGTCGCTGAGCCCCGGCTTCGACCCCTCGGTGCTCTCGAGCGGCGTGTTCCGCTACGGCACGGTTGCGGAGGCCGGTTCGCGCGACATCCTCTTCTACCGCGACGGACGCACCGCCAGCGTGAGCGTGCAGATGGGCAGCGACAGCGGCTTCACGCTGGCCACCAACGGCAAGCCCGATGCTTCGCTGCAGGCGGTGTGGTTCGAGCCACCGCGCCCGGATTCGCTGCGGCCGGCACTGGCCAGCGACAACGCCACGCAGGCACTGCTCGCGCTCATCACGCTGGCGCATGCGCCGACGGCGCGCGAGGCCGCGGTGATCGGGCACGGCGCGGGCATGACGACGCACTTCCTGCTCGGGTCGCCGACGATGGAGCGCGTAACGACCATCGAGATCGAGCCGGAGATGGTCGAGGCCGCGAAGCAACTCATGCCGGCGAACGCCCGTGCCTTCGAGGACCCGCGATCGGTCACGGTGATTGACGACGCGCGCGCCTTCTTCGCGGCGACGAGCCACCGCTTCGATGTGATCGTGTCGGAACCGTCGAATCCCTGGGTGAGCGGCGTGTCGGCGCTGTTCACCGAGGAGTTCTACGCGCGGGCGGCACGCCAGCTCGCACCGGGCGGCGTGTTCGGGCAGTGGCTGCACTTGTATGAGATCGAGGACGCGCTGGTCTTGGGCATCCTCAAGGCGCTGTCCACGCAGTTCCGGTCGTATGAGCTGTATCTCACGAACGACGTCGACGTGCTGGTCGTCGCCTCGAATGCCGATTCACTGCCCACGCCGGACTGGTCGGTGTTCCGCACGGAGGACGTCGCGCTGGATCTCGCGCGCTTCCGTCCGCTCAGCGACGCCGCGCTACGCGCGACTTGGCTCGTGGGCCATCGCCAGCTCGGGCCGGCACTCGCGCGCGACTCCGCGTCGAACAGCGATTTCTACCCACAGCTCGACCTGCGCGCGGAGCGGGCGCGGTTCCTGGGCGTGGAGGCCGATGCCTTCGCTTCGATGCACAGTGATCGCTTTGCGCTCGCCGATGCAATGGCCGAGCGGGTGATTGCGCCGTTGGGACTGGCCCGCGCGCCGCTTTCGCACGCGCGCTTCGATGCGCAGGCGAAGTCGGTGCAGATGCGGCAGCGTGTCTCCGGCAACGACACCAGCGCGGTGCTGGTCGGCGTGCGCGCCGCGCAGCTGCGCGATGCGCGCCTTTCGCTCGAGCTCGCGAGCGATCGTCCGCCGCCGGACTGGCCGCTCTGGTTCGCCGAGGTGTTGCAGGTGGAGCGCGACCGGCACCAAGGCACGATGGGTGTGGTAGACGCGGCCTGGTATGCGCAAGTCGAGCGCTATCTCACACGGCAGCGCGCCCCAGAGGGTGCGCAGTCGGCGTGGCGCTTCTTGCGCGCG
CP130613.1_gap90	3089719	3091347	1628	TGCCCGCCTGCGCCACGAGCCCCGGCTGGACCAACGCCGAGTGCAGACGACCGCCCGGCGTGCGGGTGAGGACCTGGGCGAGCACGTCGATGGCGGCGAAATCCGGATGCGTGCCCGCCGGGACCTTGTACGCGGCGATCACGGCCTGCTGGTCGCCGACGCGGCGCACGGTGACCTCGCGCTCGCCGTCCTGATCGGGATCGCGCGTGTAGGTCGGGAACAGCAGGTTGCCGCGATCGAGCGAGCGCTGCGGCCGCGGAATGCTGCCGAACTTGGTCGCGATGAGGCGCAACGCCGCCGCTTCGTCGAACTTGCCCGCGACGACGAGGATGGCGTTGTCCGGCTGGTAGTACCGGCGGTAGAAGGCCTGCAGGCGCTCGATCGGCACGTTCTCGATGTCGGCGCGCGCGCCGATCGTGCTCTTGCCGTAGTTGTGCCAGTCGAAGGCCGCGGCCATGGTGCGCTGCAGCGTGACGTTCACGGGGCTGTTCTCGCCCGACTCGAACTCGTTGCGCACCACCGTGAACTCGCTTTCGAGGTCCTTCTTCGCGATGTACGAGTTCACCATGCGGTCGGCCTCGAGGTCGAGCGCCCACTCGAGGTTGGCGTCCGACGCAGGCATCGTCTCGAAGTAGTTGGTGCGATCGTACCAGGTGGTGCCGTTGGGAAACGCGCCACGCTCGGTGAGTTCCTGCGGGATGTTCGGATGCTTCGGCGTGCCCTTGAACACGAGGTGCTCGAGCAGGTGCGCCATGCCCGTCTCACCGTAGCCTTCGTGCCGGGACCCCACGAGGTACGTGATGTTCACCGTGACCGTCGGCTTCGACTGGTCGGGGAAGAGCAGGACCTTGAGTCCGTTGGCGAGCGCGTACTCGGTGATGCCTTCGACGCTGGCGCCACGGGTGATGCCGGCGGGCAGGGCGGCGGGGCGCGCGGCGGCGGCCGGCTGCTGCGCGAGCGCGATGCACGGGACACTGGCAAGCGCGAGCGCCGTCGCGAACAAGCCGACGGCAAGACGGTAGTTCAGAGATGCATGCTGCACAGAATTCCTCACAGGTGATGATCCAAGGATTCAAGACCGTAGGACGCCCACTATGGTAGCGTCGGGGACGGCAATCCGCAGCAGCGGCGGGGCATACGTGCTAGGGCAGGTGACTAGCCGTATTGCACTCGAAGTCGAACGAGTCCTAGCGTAGCGCAGCCCCCTCTCCACCCGGAGCCTCCGTGCGCATCGCCGTCCCGGTCATCGCTGTCCTGCTTGCCCTCACGGCAGCCCGCGCCCCGCTCGCAGCGCAAGAGCCGGGTCGCACGGTCGCCTACCTCGAGTTGCTCGGCAGCGGCGGCCCCTGGTCCATGAACCTCGAGCGCGCTATCGGCTCGTGGCGCATGCGCGGAGGATTCGCGAGCTGGAGCACGAGCGACTTCTGGAGCGACGTGTCGACGAGCTACACCACGGTGCCCGTCACCCTGAGCCGCGTGCTCGGCGACGGCAATCATCGGCTAGAGATCGGCGGCGGGGTCACGCTCGGGGGACGGTCCGGGGGTTCTTCATCGTCTGGCATCTTCGCCTCCGAGGAGAGCTCACGCTTCGTGACCCTGACGGGAATCTTCGGGTACCGGTACCAGAA
CP130613.1_gap91	3103440	3105777	2337	AACCGTATCGCAACGCGAGACTCGCCCCTGACAGCATCGCGCGCACGTTGCGCGTGGGGTTCCTCGTGCGCGGCGAGGTCGAACCGGTCGGCGACCGCGTGCGCGTGAGCGTACGCCTCGACGATGCGAGCGGCGCACGGCTGGAAAGCGGCGGCTTTTCCGTCGCGCGCGACAGCGTGCTCGTGCTGCAGGATTCCATCGGCGCGCTCGCTGCGAACCTGATCCGCGGCCAGTTGGGCGAGGAGCTGCGCGTGCAGGCCCAGCGCATCGCGACGTCGAGCCCAGCGGCGTGGCTGCTCGTGCAGCGCGGCATCCAGGAGCAGCGTAGGGCGCAGGCACTGCCCGGCGCCGAGCGCGAACCCGTGTGGCTGCGGGCCGACTCGCTCTTCGCGGAGGCGCAGGCGCTGGATACGCGCTGGGCCGAGCCGCATGTGCGGCGGGCCAGCGTCGCACTGACGCGGGCGCGCGCGAGGAACCGCAACCAGCAAGACGAGATGCGCGCGCTCAGCGCTGAATCCAACGCGCATGTCGAGGCCGCCCTCGCCCTCGATCCGAACAATGCGGACGCCTTCGAGGTCCGCGGCACGACGGCCTTCTTCGGCTGGAACTTCAACCTCGAGACCGACCCGGCGCGCCGCGACGTCGCCCTCGCCAACGCCCTGCGGGATCTCGAGCGGGCCACGACGATCAACCGCCAGCAGGCGAGCGCGTTCTCGACCCTCGCGGCGGTCTACGCCAACACGCCCGGCAAGACCGCGAACGACATCTACCTCGCCGCGCGACGCGCCCTCGAGGTGGACGAGTTCCTCGCGACCGCCAACATCACGCTCTCGCGCCTGGCCAACGCGACCTACGACCTCGGCAACTCGGACGCGGCGCGGCAGTATTGCGACCAGCTGTATCGCCGGTTTCCCAACGACGTCCGCGCGTGGCGCTGCCAGCTCAACAACCTGAGCCTGCCGGGCGCCCAGCCGGAGATCGCGCGGGCTTGGACCTTGGTCGACTCGGTGGTCGCCCGCACCGCGCCGGCCGACACGGCCCACTGGCGCCGCACGGGGAACATCCTGGCTGCCGGTGCGCTCGCCCGCGTGAGCGGCGGGAGCGGCCCGCTGGCCGACAGCGCCCGTCGCGTGCTGCGCCGCAACGTCGGTGACGCGAGCGTCGACCAATTGCGCGAGCTGGCCTACTACGCGGCCTTCGTCTCGGTCATCCTCGGCGACCGGGAAGACGCCTTCCGGCTCCTGCGGGAGTACATCGCCGCGAACCCGAACAAGGCGCGCATCCTGCGGGACGATCCCGGCTGGTGGTTCCGGGCGATCGCCGACACGCCGGAGTACCGGCAGATCATGGGCAGCGCGCAGTAGCGCTGGACGGGTCGGCCTAGGCCTAAGTGTTGTAATTTACGTCACTTGCGAGGGCTGTCACACAGTGACACTTTAGCGCGGGCTGATTGCCCGCCTCCCCTACAAGGATTTGCAGAATGCGCAGGACCCGGATCGCCGCAGCCTTCCTGCTCGCCATCGTCGCGAGCGCGTGCGCGGACCTCCCCACCGACTCGCGTCAGACGTCGGGCATCATCGCCAACTCCGGCACATGCACGGCGACGCTGAGCTCGCTGCTCGCGCAGGCCGATACCGTGTTCGGCGCAGGTGCACCGAACGTCAACTCGGTGGTCGGGAAGCTCAACAACCTCGATCACCACCTGAACAACAACAACCCCGCCGAGGCGAAGAACCGCGCCTTCGAGATCGTCGCGTTCGTGCTCCAGAAGGAGCGCGAGAACGATCTCGCTGGTACGGCGGAGGAGATCGCGCGTTTCGTGAATGCGATCTATTGCTACGCCGGCCTCGACATCACGATCAGCGATCCGGCCAACAGCTGGCTCATCTATCCGTCGGACTCGGCCCAGATCGTCTACGGCCTCGATTCCACGACGGGCATCTCGTTCCCGGGCACGCCCGTCGGTGAGCCGTCGATGCTGACGGTCGAACCGTTCAACGGCACGTTGAACACGGTGCTCGACCAGTTCCCGGGCTTCATCTACATCCGCCTGCAGAATGCTGGCAACACGGGGCTCACGGGCCGCGTGACGATCAGCGTCTGCGCGACCGGCGTGCCGGAGAGCGTGAACCTCAGCGACCTGCGCCTCGGGCACGGCATCAACGACAACGCCGGGTTCGAGATCACGCCGCTGCCGACGGCCGCCGACCCGGTGGAGCCGACCCTCGATTGCGACACCAGCGCGCCCTCGTTGTCGCTGGCGGCGCGCATGGTCAATCGAGTGGCGTCGTTGCTCTCGCCGCGCAGCGCGCAGGCCTCGGCCACGATGATCCGCCG
CP130613.1_gap92	3147686	3150722	3036	CTGGACGTTCAGCGGGCCGAGGACCGCGATCAACGGCGCGAGCTCGGCCGCCAGCGTCGACCCGAGGGGGAGCGCCGTGAGTCGCTCGACGAAGTTCGCGGCCGTGCTGCTCGGCACGCGCAGGCCGTCGCGGCGCACGAGCGCCTTGGCGAGCGCGATGCACCGCGTGCGCGTGCGGACCAGCGCCTCGCGCACCGCCAGCTCGGCGCGCACGTGGCGGCGCGCGGCCGACACGCGGTGCGCTGGCCGATAGGCGCCGAGCCGGAGCGCGTCGGCGAGGGTGCGCGCATCGCGCCTGTCCGTCTTCACGCGCCGACTCCGCGTGGCGTACATCGGCGCGAAGTTCGGGTCGGCGACAATCACCGCGTGGCCGAGCGCCTCCAGGTGACACGCGACCCATTCGCTCTCGGTCGACGCCTCGACGAGGATCCGCGCGGGCGGACGCGACCCCAGCACCGCCGTGAAGCGGTCACGGCTCGTGACGATGCGCCGCTCCGTCGCGTGCCCCTCCGCGTCGAGGATGCAGAGTTGGCTCTCGCGCTTGTGGAGATCAATCCCTATCATATCCATGGCGGCTGGCCTCCGCAGTGTGCCCCGTCGCGAGACGGTGAGCACGGTAGATGGTATGGGGCAGAACCTTGCACCCCGCGATGGGCGGAGGTCCAGCCGCCGCTTCATACCAACTATGGAAGCGCTCGCAGCAGAAGCATACGTTATGCCGGCACACCAGCCCTCGGGTGTGCCGCTGTGGTTGCGGTCCCTGCTGAATGGACGTAGCATATCCGCTGGGCACTTAAGCTTCCCTCAGCAACCTGGAGCCGATTTCATGCGCACCTCAAAGACTCGATTCCTGTACCTCGTCTTGGCACTATCGCTGGGTGCTGGCGTTTCAGGTTTTCGATTCATCCCGCGCGAAGTGTCCGCCGAAGTAGCCTGCGCTGATGGCAGCTGTGCCGCTTCGTGCCGGTGCACGGCTGAACCCCTCTTGTCCTGCAGAGGGGTCACCGGGAAGAAGTGCGTGTGCCCCAGCGCGGAATGACGCGCGCCTAACGGTCGCGCTGGACTTGCGCACTTCAGTCGCCTCGTACCACACGAAGCACGCGGCGGCTGGCTGGCGCCGCGTGGCGCTACGCGCCGCAGTATGCTTAGCGGTTCCGGCTACGCTCGCCGCAGCGCAGGATATTCCCGCGAGCGTACAGTGGCCCAGCTCGCGAATGCCGGGACCGGGACGTACGATTTCGCTTCTCGGCCCCCCTCGGCTCGTTGTCGGATCGCCCCACGGCCCCGAAGCGCAACTCCTTTCGGGGGTCGTTGGGGCAACCCTCCTGCCAGACGGCGGAGTTGCTGTCGCTGATGGATCACTGCAGCGAGTGCTCTTCTTCGGCGCCGACGGTGACCTTCGGAGAATTGCTGGACGAGACGGCGACGGGCCCGGTGAGTTTCGCTTCCTTCGGTGGCTCGGGCGCTGCGTTCACGGTAGGGCACTCTTGGCATTCGATGGCGGGTCCCCGTCGGTCACATCGCTGTCGCAACGCGCTGAGCCGCCGATAGTCCGGTCACTTTCGTCGCGGCTCAGTTTTCAGCAACCACTGGCATGTATCCATCCGGACACGATGCTATTCGTGCTTGAAGGACCAGCCACTGCACTCCCTCCCGGCCGCTTCGCGAACGAGCCAACTGCGGTGGTGCGCGCAGTCCATGGCCGCGACCTAGACACGCTCGCCTCTGGCCAAGGCCGCATTTTCTATTTCTCTCGGCGAATGCCGGGTGCGTACGCAGATGTTCCTCTCCGGCCAACGACCCTAGCTGCCGTGGGATCTTCACGCATATTCGTCGTCGAGAGTGGATCAGATTCGATTCGAGTTCTCGATCTCGATGGAGTCCCCACCTCTACACTCGTGCTGGGTCTCCGTCGTGTTGAAGCGTCGCGCGCGCACTGGAATAGAAGTGTGAGCGAGCGAAAAGCACGCGAGCCGTTGCAGCGCACAAGGTTGATTCTCGACTCAGTTTTGGCTGAACTTGGGCCGGCGCGCGATTTGCCAATGATTGCTGAAATAGCCGCGGACTCAGAGAATCGCATATGGGTACGGACATTCGACAACTATCTCTCTCCATACGCGACGTGGCTAGTCATCTCGTCCTCAGGCCGCCAAGTAGCGCGGGTAGTAGCGCCGCGTTCACTGAGACCACTGGAGATCGGCCGTGGCTACTTGATTGGCGTCGCCCGCGATGCCGATGATGTAGAGACTGTGGTTCTCTTTCGATTCCAAGCGCTCCCCGAGAGTTGATGCATTTTGGGCGACTAGCGGTCGCGACTTGCGGCATAACGACGCTTGCTGCCGACGAGCGCGGGTGTGGTGGCGGTTGTGGGGCCTCGGCTCCATCTTCTCGAAAGGTTCGCCGAGGCCCCACAACCGCATTTTTCTGTGAAGCGGCGGCCCGCGTCAAGCCCCAGATGTGCTGACGCTGTTGCAACTCTCGATTGTGCCCGCGCGGCTCGAGGTGCTGCTCATCCTTCTGTTCGCGCTCACTCGTGAGGCCCGCGGCCTCGGCGCATTGGGGTCTGCGAAGGAGTGGTGGCGCCAACTATGGGTCGGCTCTCACCAGCGGCCATAAAATGCGTCGCGCTCACCACGCCCGATTCAGTCATCTCGATCCTACGCAGGTCCTGCATGCCCGCGGTGCTTACGCGGCGTGCACCGGCTCGCTCGGCGGCATCCGCAGCTGGCCCGCGTCATACGCCCGCTGATCCCGCCACATCGCATACAGGATGCCCGCGAGCCGCCGCGCCAGCGCGACCGCCGCGATCTTCTTGCCCCGCCGATGCAGGATGCGCTGCGCCCACGCGCGCAGCACCGCGGTGTCGGCCGCCTTCGAGCGGAGGATGCGCCACGCCGCCTCGACCAGGAGATAGCGCGCGCGGCGGTTGCCCGCCTTCGTGATGTGCCCGACCCGGCGCTTCTCGCCTGAGCTCCGCTCCCCGGGCACCAGCCCGAGGAAGGCCTCGAACTGGTGCGCCGACGGGAACCGGCCGAC
CP130613.1_gap93	3174600	3178681	4081	TCAATGCCACGCCGAATGTACTGACGAACATTGGCGCGGGCTCCCCCAATCGCTTACTGCACTCATTCTTCGTGCCGCGCGTGAGCATTGTTGGGCCTGACCTGGTTCACGAAAACGTCTCTTGCTCATGGAGCCACACTGCATCGGGATGGACTCAGCCGATCTCACTCAACTGGGCGGTCAACGGCATTCCGGTTTCGTCCGGCGCGAACTATTCGACTTTCGATACGGGCACGGCAGGCTTTTCTCTCGAGCTGACACTGACCGATGCGGATGGGCGGGTCGGCTTCGCTGTGCTTCCCGTTACAGTCAGTGGCAGCGGAACATTTAGCTGCTGAACTAGGTGTCCCTCGCTCGTCGACACCAGCATTCTTCCTACCGAGGGGTCAGTCCAATGCGCGCTTCTATCGTTTCCCTCACGGCCTCCCTCGCACTGGCCACGGGATGCTCGCTACTTGAGGTGGGTAACGGCGACTCGCGAGTAGGTATTATCGCGTTCGTGGACAGCCCTTTGCCGATCGCTAGCGTTTCGCACCAGCTACCCGAAGTCGGCACATCGGTTGACGGGTGTTGCGGGAGTTCGCCGGTTCTCGAGGTGCCCGATACCGTCACAGCGGGAGTTGCTTTTGATGCGATCGTCCGAACATTTGGCAACAACGGCTGCTGGCGCGCAGCCGGGTATCGCGAATCAACGAGCGGTATGACAATTGAGATTACACCCTATGATGAGTCGGGTGATGATGGTGGCCGCGTGTGCACTATGGCCATAGTCCGCCTTCCGCGCACCGCACGTGTCTCATTCGCTAATGCTGGGATTGGCACTATTGTCGTTCGAGGCCGCGTCAGCTCAATCGGTGGCAGTGTGGTATCAGCCGATTCGATGACGACGGTGTCGACTACCGTGGTCGTGCGCTAGTACTCAGCTTAGCGCTGATTCGACTTCGCCGCGAATCTCTTCCGGCGTGTCGTTGGGTGCGAAGCGCTTGAGCACGGTGCCGTCCCGCGCAACCAGGAACTTGGTGAAGTTCCACTTGATGGCCTCGGTGCCGAGGACGCCGCGCTTCTCCTTCTTGAGATGCGCCCACAGCGGGTGCGAGTGCAGGCCATTCACCTCGACCTTCGCGTAGAGCGGGAAGGTCACGTCGTAGGTGAGTGAGCAGAACTGCTTGATCTCGTCGGCGTCGCCGGGCTCCTGCGCGCCGAATTGGTTGCAGGGGAATCCCAGCACGGCGAACCCTTTCGGACCGAGCTCGCGGTGCAGCGCTTCCAGTCCCTTGTACTGCGGCGTGAACCCGCACTGGCTCGCCGTGTTCACGATGAGCATCACCTGACCGCGGTAGGCGGCCAGCGTTTCCTCGCGGCCGTCCATGGTCGGGACGGGAATCTCGTAGATCGTGCTCATGTCGAATGCTGTCAGGTTACCCCGCAGTCTGCCAGTGGCAGCTTCACGGCCCGATCGGCGTGAGCGCTGGACGCTTAGCGGTGACGTCGTCGCCGGAGGAACGGCGCGTCAGCCGCCGCCACAGCCAGGGCGTGAGATACGTCGCGATCCAGTGTGCCTCGGTGCGTGCGCGTTCCCACAGCGTCGGTGCCGGCCGCGGCGGCAGTGGCGCAGCCCACGAATCATCGAAACCCGGCAACCCGAGCCGAGACGCCAGCCCCGCCGCGATGCGCCGATGTCCCTCGGCGTTCGCGTGCAGGCGGTCTTCGTGCCACAGGCGCGGGTCGCAGGCCGCCGGAAACTGCGCGACGTCGAGCAACACGCTACCGGTCTCGCGGCAGAGCGCACGCACGGATTCGTTGAATGCGAGCAGGCGCGGCCGTGCGCGTGCGGCAAACGGTGCGACTTCACTCAGGTCGGGCATGGTGATCGTCACGACCGTCGCGCCTGCCGATCGCAAGGCTACGTGCATGGCGCGGAGGTCGTCCATCACCTGCCCCGCGTCGTACTTGCTGCGGATGATGTCGTTGGTGCCGGCAAAGACCGACGCGAGGTCCGGCTGCATGGCGAGAGCTGGCGCGAGCTGCTCCTCGCGGACCTGACGGGTCTTGCGACCGCGAATCGCGAGATTGGCATACAGCAACGGCGCGCCCTGCGCCTGCGCCACGTGCAGCGCCAGCCGATCCGCCCAGCCGCGGTGCCGGCCGCCTTCGCCGGGATCCTCCAGCCCTTCGGTGGATGAGTCGCCGATGGCGACGTACCGCGTGAAGCTCAAGGCAGCTTCGACAGCGAATCGAGCTCGCGGTTGCGCGCGGCCGCCGAGTCGGCGGCCTTCATGGCCCCCTGCACGCCGCGGGCACCAGCGAGCGCGGACGCGCCGACGGTGCTATCGACCGCCCGCTGCTGCTCCTTGGTGCGCGTGGGCGCGGGTTCTTCGGATTTGCCGCCGCAGGCGGCGACCAACAGGACACTCGCGATGACGATCAGGCGGCGCACAGGATGGCTCCCCGAGGGTGATATCGCGAAGTTAGTGGCATCGTGTCGCGCTCGCACCCACGTCCACCGGTCGATCCCACCCTGCTCAACGCAGGGGCGACCGATGCGATGTGGACGAACCTTGGCGATTGGCAGGCGTCCCGCGACTACGGCAGCGCGGCACGTGCCCTGGCCACGCACGTTGGCGCCGCGGCGGCCCTGCGCGCCGGCGATGTGGTGGTGGACTATGCCTGCGGCTTCGGGGATTCGCTGCGCCTTTGGGTTGACCACTTCGGCGTGCGGCGGGTAGTCGGCGTCGAACCCGATCCCGCCGTGTGCGAGACTGTCCGCGCGCGCGTTGCCCGCTGGGGTCTGCAGGACCGCGTGTCCGTGGTGAGCTCGCGCGCCGAGGCGCTGCCGCCGCGTGCGGCTGCTGCCGACGTCACCGCCGTGGTCTCCGTGGATGCGGCGTATCACTTCCGCTCGCGCCTTGCATGGTGGCGCATGCTGGGCGCCGACCTGCCACCGGGCGCGCGCATCGCCTGCAGTGACCTCTGCATCGCCAATGGCCGTCATGTGGGAGTGCTTGGCCGTTCGCTCGCGCGGATGATGGGCATTCCAACCGAGAATCTCGTGCCGACGTCTGTGCTGCAGCAGGCGCTGCGTGAGGTGATGCGCTCGGATGTTCGGCTGGAACCGTGCGGCCGGTCCGTCCTCGACGGCTTCGCCGCGCACGCGCCAGCGCGCGGGCTGCAGCTGCGCATCGCCAAGGCAAGCATCAGGGCACTGCGCCGCCGCGGACTGCTCGAGTACGCCATTCTCTCGGCGACCGTCGCCGCTACCTGAAGCTCAGACGGCGACGATCCACCCCATCGCGCCGCGCTCCGCCAGCCGCGGCTGGTGCGGATGGAACATGTACCGCCCCGGCGCATCGAAGCGCATCTCGAGCATCGCGCGCTCGCCAAGCGTGAGCGGCACGACGTCCGAGTGTTCATCCGGAACGCGCCGCGTGCCCGAGCGGAACACATCGAAGGTCTGCGCGTGCAGGTGGAAGGTCGCAACCGGCTCGTCGGGGACGAGATTCAGCACGTGCAGTCGCACGAGCGCTCCGACCGGCACCTTGAGTGGATGGCGCGCGAAGAATCCCGCGACGCCGTTCCATCCATAGAGGTCGGAGCGACCGTCGTCATCAGTGTCGAAGCCGCCGAGGATGAGGACGCGCTCCTCGGCGCTCGGGCGCGGCAGCACGGGATCGACGATCAGCGCTCCGTAGAGCCCGCGCCCGAGATGCTGGGCGCTGGGCAGCAGATCGCAATGATACGGATACAGACCCGCAGGCCGCGGCGCGAACTCGTACGTGCGCGTTTCGCCGGGCGGAATCGGCTCCCAGCCGTCCTGCGTCGGCGCGTGCGCGCCATGCGTGTGCAGGTTGTGCGGATGCGGCGTGAGATTGCGCACGGTGAGCGCGAGGGTGTCGCCCTCTCGCACGCGGAGGATCTGTCCGGGTATGCGCCCGTCGAAGGTCCACGCGTCCATTTCGCGGCCGGCACCCACCTGCACACGCTGCTGCGTGATGGTGATCGTGCGCGCGACGCGGCCGGCGCGCGCGAGCGGCGGAATCGTGAGGTCATCGAGCGCGGTCGGTCCGAGCGTCGCAGGAGGTTC
CP130613.1_gap94	3186137	3190731	4594	GCAAAGACGCGCAGGGGGCGCCTTTGGTTTCCTTGTGCTACCCCACTGCTCGCCCTCTCGGTCACGCTCGGGCTGCCCGCCGGCGCCCAGGCGCGCCAAGACAGTGCAGCGTACCGCTTCCAACCGACGTTGGCTGTGTCCGAGGTCACATCCGCGACGCCGGGCGCGACGGTGGCCCTGGTCGCCGGTGTGCACGGCGGCAAGGTGGCCGCCATCCACGCGCTCGACGTGCTGCGCGGGGAGCTGACCGGCCGCCTCCTCCGCGGCCGCGTGCTGCTGGTCGGCCCGGCGAACATGGCGGGGTACCTCGCGGGCCTCGCGCAGATCTCCCCGCACGACTCGCTGAACCTGAATCGCGTGTTCCCCGGCCGTGCCGACGGCCGCCCGACGGAGGCGCTGGCCGCGAAGATCATGCGCGATATAGTATCGCGAAGCGACTATCTCGTGGACCTGCACGGATCGGACGGCGACGAGGCGGTCGGACGCTTCGCCTATGCGGCGCGGCCAGGCGTGGATCCACGGGTCGACAGCGCGGCCAAGGCGTTGGCCGAGGCCTGGGGCACGCCAGTCATCGTCTGGGACGACGCCGGCCCGCGGACCTTGGCCGAAGCCCGGTTCCTGCAGACCGCGGCACACCTGAGCGGCGTACCGGCCATCACCGTGTTCGAGGCGGGCGCCACGCGCGAAGACAGCGCCGCCACGGCGGCTTTCGTGCGCGGTTCCCTCGCCACCCTCCGCAGCCTCGGCGTCCTCGGCGCCGACAGCGGCGTGGGGGCCGTGGTCGGCCCGCCGGCCCCCGCCACCGCCGCGCCCTCCCGGCTCTTCGCCCGGCGTGCCGTCAGCATCGCGCCCGCGGCCGGGCGCTGGGAACCGGCCGTCGCGCCGGGGGCCGGCGTCGCCGCCGACGAACTCTTGGGCCAGTTCACGAGTTCTACTGGCGAGCGTCAGCCGATCCGTGCCGCCGAGGCCGGGTTAGTGTTACATCAGCGGAAGGCGGGCGACGTGACAGCCGGCACCGCGCTCATCATTGCTGCCGTCGCACCACATCCCGTCCCGCCACCTCGTCCTTGATGGACTTCACCGGCCTCTCCGCCCAGCTGTCCTCGAGCCCGCTCACTGCGGTCGGGCTCGTGTTCCTGGCCGGCGTGTTGACGAGCCTGAATCCCTGCATCTATCCGATGATCCCGATCACGGCGGCGATCGTCGGGGGGCAGACATTGGGCGAGACGAAGCCGCCGCGCTTCCGCACGCTGCTGCTGACGATGGCGTATGTGGTCGGGCTCGCGGCGGTGTACTCCACGCTCGGCATCATCGCGGGCGTGACCGGCACGATGTTCGGCACGATCAGCACGAACCCGTGGCTGTACTTCGCCATGGCCAACGTGCTGATCCTCTCGGCCTTGATGATGTTCGACGTGCTGCCCGTGCCGATTCCCGCATCGCTGCAGGCGCGAGCGGCGACGGCGGGCACGGCGGGCCGCGTGGGAGGCGCGCTCATCATGGGCGCCATGTCGGGCTTGGTGGCGGCACCCTGCGGCGCGCCGGTGATGGCGGCCATTCTCACCTGGGTCGGCAGCCAAGGGAGCCCGGCGCTCGGTTTCGTGTATCTCTTGGTGTTCTCGCTCGGGATGTGCACGCTGCTCGTGGTCGTGGGTCTCTCGAGCGGTGCGCTGGCGCGCCTCCCGCGCGCGGGCAACTGGATGAATTGGATCAAGAAGGGGTTCGGCGTCGTGATGATCGCGGTGGCCGAGTACTATCTCATCGAAATGGGGAAATTGGTGTTCTGATGCGTACGCTCTCGATGTTCCGTCGCGCCCTCGGCGCGCTTCTGCTGCTTGGCGCGTCGTCCGTCGCCGCGCAGGACACCGGCCTTCCGATCGGCACGGTCGGCCCGGCCGCCGCGCTGGAGACGCTGGACGGCACCGCCGCCAACCTCAGCAGCGTGGTCGGCGGCGGCAAGCCGACGCTGATCGAGTTCTGGGCCACGTGGTGCCCGAACTGCCGCCAGCTCGAACCGGCGCTCGATGCCGCGCAGCGGCGCTACGGCAACCAAGTGCGCTTCGTCGGCGTCGCGGTCAGCGTGAACCAGTCGTCGGAGCGCGTGAAGCGCTACGTGACCGAGCATCTGCGCGGCTTCACGCATTTCTACGACCGGCGCGGCCAGGCGGTGACCAACTACGACGTGCCGGCGACGAGCTACGTGGTCATCCTCGACAAGGACGGCAAGGTCGTCTACGGCGGCGTGGGCGGCGATCAGGACATCGCGCGGGCGCTGGCATCGGTGGTTCGGTAAGCCGTCGAACTACCTTGCCACAGAGGCACAGAGGCACAGAGTTCTTCACAGAGAACAGCACCGTAAGAACAGGGGGTCCGCACCGAGCCATCGGCGCGGCCCCCTGAAGCTTTTCAGTCGCGTTTCCTGTCTCCGCGATGAGGAGTAGTTGCCGTTCTCCGTGCAACCTCTGTGTCTCCGTGCCTCTGTGGCAGCCGTTGCCCGTGCCGTCAGCCGCGCAGGAGCAGCTGGAACAGTAGCGTCGGCGGCTGCGGCTCCCGCGTGTGATACACCTTGAGCGTGCGCACCGTGAATGGCTCGTCGATCCGCACGGCCATCATCTTGCGCAACTTCTCCTGCGTCAGCTCGGGATACAGGTTCAGCGTGCAGTGCGGCGTGAACGGCCAGCGCGCCGGTTGGAACGGCAACCCGCACTGCTTGATGGCCTCGTGCAGCGCCCGCAGCGGGCCGTGCGGATCGAGGCGCAGCGACACGATGTTGCGCCCGATGAAGCGCTCCGGCGGCCCGAAGCTCAGCGTGATCGGCGCGGTGCGCGCGGCCACCGGCTCGAGCTTCTCGCGCATCAGCGCCACCGGCGTATCCGGCGGCAACGGCCCGGCTCCTGAGGATCCTGTGAGCGTGATGTGCGGCGGCAACGCCCGCGCCATCTTCGGGTCGAATTCCATTTGCAGCGCGTGCACGCGCTCGGCGAGCGCGCCTTCCAGCTCCGTCGTGATGAAGATCCCGTTCACCGGAAGCTGGCCGAGAACCCCACGCCGACGCCGCCCTGCCGCGACGAGAGCACGGGCTTGAGAAAGAACCCGTCGATGGGATCCGCCGCGCGCGTCGCATGCCAGCGATGGATTGCCGCGGCCGTCACGCTGCCGATGCCGGCCCCCGTGACGACGTCGCTGAGCCAGTGCCGGTCGTCGTGCATGCGGCCGTACGCGGTCGCCACGGCGCCGCTGTAGACCAAGATGCCGACGAGGCGCGCGTGCTGCGGGGCGCGACGCCTCACTTCGAGGTGCACAGCCGTGGCGAACGCGAACGCCGCCGTCGCGTGCCCCGACGGTACGGACTGATAGTCCCCACCCTCCCGCATGCCGCGCAGCCATGCGAAGCTCGCCGGGTCGTCCGGCGAGATCTCCGGACGCTTGCGGCCCGCGAGGCCCTTGATCGTGGCCGTCACGAGGCCGCTCACGCCGATGGCCTCGAGCCCGCGGAAACCGCTCGCCGCGATCACGGGACGCTTTGCCAGCAACCCGCCGCCGTAGAGCGCGGCGCTCAATGCCATCACGCCCGGCGAGCCATAGGGATTCCCGAAGCCGGCGATGCCGTCGAGCACAGCGGACCCCTGCGGTCCGCTGCCGCGCACCGCGTCGCGCGCCGATTGGTCGGCGAAGTACGCCAGCCCGCCCGCGGCGAACGCCACCGCAAAGCCACGGAGCTCCGGCGCCCCGAACGCCGGTGAAGGGCGCGGCGCGGAATCCGCAGGAGCGGCTTGGGCACCGAGGGCAGCGGCACTCAGCGGCCAGACGAGGGCGAGCAGGAGGCGGAGGCGATTCACGTTGCCTAGTTTAGCTATGTGCCATCCCCGTACACCATCCGTCCGTTCGCATCGCACACCGACCGCGCCCAGTGCGTGGCGTTGCAGGAACTCACCTGGGGCCAGGGCTTCACCGAGAAGATTCCCGCCGCCATGCTGCTCGTCGCGCAGAAGACGGGCGGCGTCTGCGCCGGCGCCTTCGACGCCGACGGACGCATGCTCGGCTTCGTGTTCGGCGTCACCGGTGTGCAGGACGGGGAGCTCATGCATTGGTCCGACATGCTGGCGGTGCATCCCGACGCCCGCGGCCAGCACCTCGGCGAGCAGCTTAAGGCCTTCCAGCGCGACCACTGCCGCGCGCTGGGCATCAAGCACATCTATTGGACGTATGATCCGCTCGTCGCACGCAACGCGCACCTGAACCTCGCGCGCATGGGCGCACGCGTGCGCGAGTTCGTGCCGGCCATGTATGGCGAAGGCACGAACTCGCCGCTGCAGGGCGACATGCCGACCGACCGTTTCGTGGTGGCTTGGGCAGTGGATCCCGTCGATGCGGCGGCGCCGCTCCATGGCCTGCCTGCGGAGGCCGTGCAAGCCGTCGATGCCGCCGGCAATCCCGCCGCCGCGTGGCCGGACGCAACGCACGTCGTCGTGCGCGCCCCGCGCGACATCACCGCACTCGCCGCCACCGATCTCGACGCCGCGCGGCGTTGGCGCTTCGGCACGCGCGCTGCCTTTCAGCACTACCTCGGCCACGGCTATCACGTGGCCGGCTT
CP130613.1_gap95	3196935	3199840	2905	GCAGTGAGAACTCGCGGACGCTCTGCGGACGCTTCCCGCCGAGCTCCGGCTGCTCGTGTCCGCCGGAGCCGTCCGGCATCGTGCTGTGGCTGCAACGCTGACGCAAACCCTTCCGTGACATTCCGTGCCCTACGGGGTATCGTCAGCATCTGGAGACTCACGCATGACACTCGGTGAACTGCAGCGCTTGCTGTTCCCTCTCGCGCTCCTCGCGGTCTCGGCCGTCGCCGAGGCGCAGGAGACGCCTGCCCCGCGCGATTCCATACCGCGCGGGGCCATCGCCGGCGTTGTGCGCGACGAACGTGGCCAGCCGATCGCCGACGCCCGCGTCGGCATCGAAGCGCTGGCCATACAGACGCGCACGGACTCGGCCGGACGCTTCGTGCTCGCGGGCCTCCCGGCGCGCAGCGTCGACGTCGTCGTGCGCTTTCTCGGCTACCGCCCCGCCATCGCCACGGTCACGGTACCGGCCGAGCGCACGCTCAACCTCGGCATCGCACTCGTGCCCACGGCGGAGCGCCTGGATGCCGTGGTCATTCGGGAGGCCATCCTGAACCAAGTGGCCGGCCTCGTCACCACCGACGCGGGACAGCCGATTCCCGGCGTGCTCGTGGACGTCCTCGGATTGAATCGCCGCATCACGACGAATGAGGACGGACGTTTCCTGCTCACGGACCTCAATCCGGGTTCGTACATCCTGCAGTTCCGCCTGAGCGGCTACCGCGTCTCGCAGTACGCCCTGCGCATGGTGCCGCAGATCGACCGCGACATCACCATCAAGCTACGTCCTCTCGAACGTGGCGATCGGTTCTCGCCCGAAGTCGCGGCGCAGGTCGCGCTGGAGACGAACCAGCGCATCGGGTTTCGCGGTGCGCTCTCGATGGTCATCGGCCGCGACGAGCTCGAGCGCTGGGATACCGCGCCGCTCGGGGTCGCCTTGGGCGGCAGCCGCGCGGCCCTCATGCTCCAGAACCTACCGACGGCCTGCCTGCTCTTGAACGGCTACGAGCCACTTGTCACGCAGACCGCCGGTTCGGGGTTCGTGAGTGCGCAGTCGATGAGCCGGACGCCGACGTCGATCGAACCAGCGGGCGTTTCCGGGGGAGGGGCCGCCGGCCTGCCAACGTCACGTGCCGGCGGATGGCTGAACCACTTCCGGGCCAACGAGGTCGAGATGGTCGAGCTCTACGAGCCCGGCAGCGAGAACTCCCGCACCATGTGCCAGCGCTTCCCCCCGAGCACGGGCTGCTCCTGCCCGCCGGAACCAGGGGGCATCATCATCTGGCTCAAGCGGTAGTCGAGCGAGCGCCCGTCGATCAGCGCGGCACCTCGCGCGCGCGCAGCGCCTCGATCTCCCGCAGCATGCCAGCCACGCTGGCCTCGACGATCACCCGCCCCTTCTCGACCGTCGCGAGCGTCGCGTCGCCCCACACGCCGCTCGCGGAATAGGTGCCGCGTCCGCTCGGATTGCGCGTCAATCCGCCTTCACCGCGCGGCGAGTCATCCTTCACGGCCTTCCGCATGTCCACCCGTTCCGGCGCCATGTATAGGATCGCCGACGTCTCCGACTCGTCGGCATGCGTCCCGCGCAGCTGCTGGCTCACGCGTGCCTCGGCTTCCCCCGCGACCTCGATGATGTTCGTGTACTCGAACAGGATGCCCTCGGCCCGCAGGATCTCCGCCGAGGCGGCGAGCGGACGCAGCGTCGAGACCCCGGTGTTGAGCACGTAGAACTTGCGCGGGCCGTACGCGGCGAGGCTGCGCACGATATCGACGATGACATCGCGCGCCGTTTCGAAGCGCAGCGTCGTCGATCCCGGATACTCCACGAACGATGGATAGAAGTGGTAGTTCACGGTCGGCGCGACGATCACGTCTGCGGCGGCGAGGACGCGCCGGCGATAGTACTCTGCCAACGTCCGGTCGTTGTCCAGCCGCAGGTGCGGACCGTGCTCCTTGGCCTCGGCGCCAAGCGGGATCACGACGATCGCGTCGCGCGTGAGCACCTGCTCGGCTTCCAGCCACGTGAGGTCGCCAAGCACGAGTCCGCGCTGACCGGCCGCCGGCTGCGGCCGCTGGGCCGCGAGTGCTGTCGAGACGCCCAACACGAGCAGCCACGCAACCACGGACGGACGCAGCATCGGACGACCCCCGCTACGGAGTGACGGTCACCTGCACGGAATCGACGGCCCGGTCGGAGCGGATCACCAGCCACGTGCTGCCCGCGGCGACCGCTGCAAAGGTATACGTGCCCGTCGTGTTCGGCGTGAAGGTGCTGCTCAGCACACCCGGCGTTCGAAGCGTGACTGTGGCGCGGGCCATCGCATGCTGCAGGCCCTGCACGGCGAACCCGCGCGCATCGCGCGACGCGCTCCGCACATTGAGGGTTGCGCCGACCGCCAGCGGCACCGCGCTGCAGGCCACCGGCGCCGCAACACTGCCGCAGGAGAGGCGCAGCGTGTCCACGAGCTGCCCCACCACGATGCTGCGGCCAACGACGACTTCCTCGTTGAAGCGCGCGCCGACGGCGAGGGTCTTGAGCTCCGCCGACATCGCGTTGGTCGCGAGGAACTCGCCGTTGAAGAGGTGTTGGAGCTGCGTGGCGGGCGCGAGAATGTCGTTGGGGTCCGTCACGCGCCATTGGATCGACAGCGTGGATTGGTCGATCGGCGGATCGCGCTCAATGGTGGCCTGGAACCGCTGGCCGATGGCGAAGACGGTGTCCGGGACGCCGACCAGCCGCATCGGGTACGGCGATCCCGGATCGAAGGGATTGCTGCGCTCGAACGGCGGTTCGAGCGTGCAGGCCGAGAGGACGACCAGCAACGCAAGACGTCGCAGCATCGGGCGCATCACCGCGACCTCCGACGCGCGCCGACGTCCTGGACGTCCGCGATGCGACGCT
CP130613.1_gap96	3203899	3206942	3043	CGTACGCGGATCGCGACGCGCGAGCTCCGGCGAGATCATCGTGAAGCTCTGGCCTTCGTTCGTGCTCTTGAAGAGCCGGCTGCCGCCGACGTAGAGCACCGACGGGTCGTGCTGCGAGACCACGATCGGGAAAGTCCACTGGAAGCGGTACTGGATGTCTTCCGAGCTGTGGCCCATCGGATTGAGCGGCCAGGCATTGATGTTTCGCTCGAGGCCCGTGCGCATGTCCTTGCGCGTCAGATAGCCCGAGTACGAGCCCGCGAAGATGATGTCCGGATTCGCCGGGTTCGCCGTCACGTAGCCCGACTCGCCACCGCCCGCATCCTGCCAGTCGGCGATCGTGATGTTGCCTTCCTTCCGGCTCGGTCCGCAGAGCGTCGAGTTGTCCTGCTGCGCGCCGCAGACCCAGTACGGGAAGTGGTTCGTCGTCGACACGTGGTACATCTGCGCCGTGGCGAACTCCTGGTCGGTCCACGTGCGGCCGCCCGTGAAGCTCACGTTCGCGCCGCCGTCGTTCGCCTGCACCATGCGCATCGGATCGTTCGGCGCGATCCACATGTCGTGGTTGTCACCATGCGGCACCTGGATCTGCTGCCGGAACGTGCGGCCACCGTCGGTGCTGCGGAAGAACTGCACGTTCAAGCCGTAGACGACGTTCGTGTCCTTGGGATCCGCGTAGATCTTGCTGTAGTACCACGCGCGCTGCCGCAGCGAGCGGTCGCGGTTCAGCCATTCCCACGTTTGGCCACCGTCGTCGGAGCGGTACACGCCACCCGAGTCGTTCTCGATGATGGCCCACACGCGCCGCGAGTTGGCCGGCGACACCGCGAGCCCGACCTTGCCCCACACGCCGCGCGGCAGGCCGCGGTTCGCCGTGAGCTCGGTCCACGTCGCGCCGCCATCGGTGGTCTTCATGATGCCGCCGCCCGGGCCGCCCGAATTGAGCATCCACGGCCGCCGATACGCGTGCCAGAACGCCGCATACAGCGTGTTCGGGTCATTCGGATCCATGATCAGGTCGCTGATGCCCGTCGAGTCGTTGCGGTAAAGAATGCGCTGCCAGTTCTTGCCGCCGTCCACGCTCTTGTAGACGCCGCGCTCCGGATTGTTGCCGAACGCATGGCCCAGCGCGCCGACGTAGACGATGTCCGGATTGGTCGGATGCACGCGCACGCGGGCGATGTGCCGCGTCTCGCGCAGCCCCATCAGCTGCCAGGTGCGGCCGCCGTCGGTGGTCTTCCAAAGGCCGTCCCCGTGCGAGGTGTTGCCGCGGATGTGCGTCTCGCCGCCGCCTACGTACACGATGTCCGGATTCGACTCCGCCACGGCGATGGCGCCGATCGTCCCGCCGAAGGCGTTGTCGGTCGACGGCTGCCAGTTCATGCCGCCGTCGGTGGTCTTCCACACGCCGCCGCCCGTGGTGCCCATCCAGTACTCGAGGGGCCGAGACGAAGAGCCGGCCACGGCGACGGATCGACCGCCGCGGGCGGGGCCGAGTTCGCGCCAGCGCAGGGCGCGGAAGGCGGTGGAGTCCGCGGACTGCGCGGCCAGCGCATCCGGGAGGGCGAGGGCGACCGCGCCAAGCAGCGCGAGCGAACGGGGCAACCACTTCCGGACTGACACGTGCGAGACCTCCGACAGGGTGGGGAACCTCGGGACCCAGCAGCATGATTGTAGCAGTGCAAGCCGCCGGCGACGAGTAGATTCCGCTCGCAGCGTCGACACCGCCTCCGCCATCTGCCTTCTGTCCCTATGCGCATCACTACGCTCGCCCTCCTCGCTCCGTTCGCGCTCGTCGCCTGTGGCGGCGAGAACGCCTCCCAAGCCGCCGACGCCAACGCCCCGCTGGCGGTCGTCTCCGAAGGGCTCAGCACCCCTGAGTCCGTCCTCTGGGACGCCACGCGCAACGTGTGGTATGTGAGCAACATCAATGGCTCGCCGCTGGGCAAGGACGACAACGGCTACATCGTCCGCCTCTCGGCGGATGGCGCCAAGCTCGACAGTGTGCCGTTCATCAACGGCGCAGATGCCGACATCACGCTGAACGCCCCCAAGGGCATGGCCCTCGTCGGCGACACGCTCTGGGTGGCCGACATCGACGCCGTGCGTGCGTTCGACGTCAACACGGGGAACGCCGTCACCTCGCTCGAGCTCGGCGCGCAGAACGCGACCTTCCTCAACGACGTCGCCGTCGCGGGCGACGGCACGATCTACATCACGGATTCCGGCATCAGCTTCAACGCCGATGGCTCCGTCTCGCACCCGGGCAAGAGCCGGGTGTTCGCGCTCGTCGGGCGCAACGCCCGCGAGGCCGTCGTCCTCCCCGCGCAGTCGGCGGCCAACGGCATCGCGTTCGACGCCGGCAACAACCGCTGGCTCATCGTCGGCTTCAACTCGCCGAGCGTCTTTGGCTGGACCGCCGGCACCGACAGCGTCACCGTGCTCGGCAGCGGCCCCGGCGGCGGCGACGGCATCGTCATCCTCAAGGACGGCCGCGCGCTGTACTCGAGCTGGGCGGATTCGTCGCTGTATGTCTTCGAGAACGGCACCTCGACCAAGCTCCGTGGCGGCCTCAACGCCCCCGCCGACATCGGCTACGACCCGCGCCGCCACATCGTGGCCGTGCCGTTGTTCACCGAGAATCGCGTCGAACTCTGGCAGCTCAAGTAAGCCCCGTGCCGAATCGTCCCTTCACGGCGGCATGGGCGGAGGCATTCCAGTCGGCCATCGAGGCCGATGACGCCTATCGCAGCGCCGCCGCGAAGTGGACCTGGCCCGTCGCGCTGATCCTCAGCCCCGCGCCAGAGCTCGGATTTCCCGACGCCGTCGCCGTCGAGCTGCAGCTCGATCGGGGACGCTGCGGCGGCGCGCAGGTCGTGCCCGCCGACGCCGTGACGGCGCCCATCGCACTCACGGCGCCGTACGCCGTGTGGAAGTCCGTCGTGCGCGGCGAACTCGATCCCATTGTCGGCGTCACGCGCGGCAAGATTGCGGTCCGCGGATCCCTCGCCACATTGATGATGCACGCCCGCGCCGCCACCGC
CP130613.1_gap97	3257281	3257781	500	CCACGCGGTGCGTGGCACCGGCGTGCAAAAGGGAAGCGAGTACCCGAACCTCGAGCAGCGCGGTTCGGACTCGCTTCCCTTCGCGGCGGACCAAGGTGAGGTCAGCCGTGCGCGTCAGCCGATCCGGCGACGCCACGTGCTGGCTCGCCTCAGACGCCTGCGTACTTCGACGGGAGCTTCACCGTCAGCCGCTTGCGCCCCTTCTTGCGGCGCCGGCTGAGCACTTCACGCCCCCACTTGGTCTCCATGCGCGCGCGGAAGCCATGCGTCTTGATTCGACGCTTGTTGCGCGGGCGATACGTCGGCTTTCCCATCGTTGCTCCAGGTAACTGAAATCACTTCGCGGACAGACCGCTAAACGTAGTCCGCTCTGGGGTTTACGTCAACGGGCGCGCTGTGTGTGTGCGCTTGTTCGGACACACGAGCGTTGACTTATCCACAGGCGCGGGGTAGGTTCGCCACCCCACCCGGATTTCCACATTTCGCACCCCCCGAACAGC
