gap_id	start	end	length	sequence
CP130454.1_gap1	111240	113719	2479	TGTCAGGTTGCCTGAGCCTGATGTTCCTGTCAAGCCGTTAACAGAACTGTTTGGGACGGAAAACCTTCGCTCTGACCCTCCTCCCTTGCCCGAACTTGACCAACCTACGGTTGTCCGTCATTTCGTTCGCTTGTCCCAACTCAACTACAGCGTTGACACCCACTTTTACCCGCTCGGTTCATGCACCATGAAGCACAACCCGAAGGTTGATGAGGAAGTAGCAAAGTTGCCAGAGTTTGCGATGCTCCATCCGCTCCAAGACGAGGAAACGGTTCAGGGGATTTTGAGGTTGCTGAAAACATTGGAGCAAATGCTTTGTGAAATCGGCGGCATGGACGCTTGCACCCTCCAAGGTTCTGCTGGTGCTCAAGGTGAATTCATTGGCTTGCTCTTGGTTCGCGCTTGGCATCGTTATCGCGGTGAAGGAGAGAAGCGAACACGCATCATCGTCCCCGATTCCGCTCACGGCACGAACCCAGCAAGTGCTGCAAGGTGTGGTTTCGCCGTTGAAAGTGTCCCAAGTGGTCCAGACGGTTGCATTGACCTTTCAGCGTTGGAAAAAGCGCTTCAACCTGACCCAAATGGTTTCCTACCTGCAGCCGTTATGGTCACCAATCCCAACACTTTGGGCAAGTTCGAGCGAGACATTGTGAAGGTAGCGGAATTGACCCATGAAGCGGGTGCCTTGCTTTACTATGACGGCGCAAACTTGAATGCCATCATGGGCAAAGCGAAACCGGGCGATATGGGATGCGACATCATGCATTTCAACCTCCACAAAACCTTTAGCACCCCGCACGGCGGAGGTGGTCCAGGTTCAGGTCCAGTAGCCGTCAAATCTTTCCTTGAGCCTTTTTTGCCCGTGCCGGTCATTGAGGAGAAAGACGGCAAGTTGGTGCTTTCGGAAGATAGACCTTTGTCTGTCGGGCGAGTTCACAGTTTCTATGGCAATGTCTTGGTGGCTGTTAAAGCATACGCTTACATCCGCAGCCTCGGGGCAGAAGGGTTGACGAAAGTGACCGAGGACGCTGTTTTGAACGCCAACTACCTGATGCACAAACTGGCGAATATCTTTCCTGTCGCCTTCCCAGGTCTGTGCAAGCATGAGTTCGTTTTGAGCCTAAAGCAGTTCAAGCGTGAGACAGGTGTTCGGACTTGGGATGTAGCAAAACGGTTGCTTGATTACGGATTTTACGCCCCAACAGTCTACTTCCCCATCACCGTTGAAGAGGCGATGATGGTTGAGCCGACAGAAACTGAAAGGAAGGAAACGCTGGACGCTTTTGCTGCGGCATTGGAGCAAATTGCCCGCGAGGCTCGCGAGAGACCGGAAGTGGTTCAAACCGCTCCGCACAAAACTCCCGTCGGCAGGTTGGACGAGGCTAAGGCTGCTCGGGAGTTGAAAGTTCGTTGGTAGAAACTTGCAAAGTCTGGAGGTGTCGCCAATGAAATGGGGCTTCGTGGCGTTTCCCAAGCCACCTGAAGATTACCTGAAGTTCGCTGTTGAGCACGGCTTCAGTCACATGGAGATTGACCTGTTTGCACCACAGCAGTGGCTGAGCAGGTTTCATTCAACACGAATCCGCAATTTGAGACGGCAATTTGAAGAATTGGGGTTGACAAGAAGTTTCCACGCCCCTTATCCACTCAACTTGGCTGACTTTGTCCCTGAAGTTCGCGCCGCTGCTGTCAAGTATGTTGAGCGTCTTCTTCAAGTGGCTTGCGAGTTGGAGGCAAAATGGGTAACTGTCCACCCCGGCTATGGACTTGGCATCCCAACACTGGAGTGGGTAAAAACGAAGGCTATGGAAAACCTGAAGCGTTCCCTTGACAGATTATTGCCTCTCGCTGAAAGGTTGCAAGTTCCTATGGCTTTGGAGAACATCAACCCTGTCCCGCACGATAGCGAGATTGTCTTCCTGTTAGACAGCGCTGAAGAGTTGGGACGGCTTTTGAGCGAATTTCCTTCACCTGCACTGAAGGTTTGCATAGATGTTGGTCATGCCGAGGTTGCGGGCGGGTTTTCCGCTTTCTGGAGTGTGGCGCAAAATCGCTGTGTGGCGCTGCATGTCCATGATAATGACACTCGCTCCGACCTTCACCTTGTTCCCGGAACTGGCAACATAAATTGGCAATCAATCCTCTCAACCCTTCGCGATGACGGGTTTGACGGGGCAATCAATGTTGAGTTGTTTTTGGACGAACACAAAGTCGCTGCGAAACAGTATCTGGAAAGGATTTGGGCGGATTTGAAGGGCGGAAAGTGATGCGTCAGAAAAACCCCGATTAAAGCGGGAAGGCGCCCCCCAGTGAGCCTAATCTGAGTGCGAAGGTGCAGGAGCACTGCCATCCAGAAAAAACTTTCGCCAATCGCTAACAATTGACAGTGGGCGTTGAAAGGGCTATCCTCTTTATGGCAGAAGAAGTTGCTTGAGGAAGGCGATGACTATGCGCAGGTTGTTCGTTTTCTCGGCATTGG
CP130454.1_gap2	139803	144182	4379	TCACCATTCACCAGTCGCCAATTGCCATTCGCCGTCGTTTTGGCTCGGCAGGAGCCTCGCCCTCCCATAATTTCGCTGTCAAACTTTGCAAAGGTGAATGTTGATGAGAAGGCGAGAGTTTCTTCACGCATTAGCGGCTGGAGTGGGTGCAGTTTGGGTATCAAAGTTCGCTCAAAGTGGAGGTGTGAGACGAATGGCTGACCGAAGTGTCGTCGTTGACACGAGCAAAAGCCCTCACGCAAAGTTGCGCCCTATCCCGATTAGCGCTGTCAAGTTGCGAGACCGATTTTGGCAGCCGCGACTGATCGCCCTTCAAGAAGTCACCATCCCAACCCAATATGACCTGATGGAGCAAACGGGGCGAATTGACAACTTCCGAAGGGTCGCTGGCAAAGTGGGTGGCGAATTTCGCGGGCTTTATTTCAACGACAGCGATGTCTATAAGTGGCTGGAAGCAGCAGCGTGGTCTCTCGCTGTCCAACCTAACGAGAAAGTTGCTGAGTTGATGGACAAAGTGATTGCCGAAATTGAATCGGCTCAAGACGCTGACGGCTACTTGAACACCTTCTTCTCGCTGGAACGCAAAAATCAACGCTGGACAAACCTTCGCGACATGCACGAACTCTATTGTGCTGGTCACCTGTTTCAAGCAGCCATAGCCCACCATCGGGTCACAGGCAACGACCGGTTGCTTAAAGTTGCTATCCGCTTTGCTGACCATATCGCTCAAGTTTTCGGTTGGGGCAAGAAGGAAGAACCCGACGGGCATCCGGAAATTGAGATGGCGTTGGTTGAACTCTTCCGAGAGACAGGCGAACGCCGTTATTTGGAATTGGCTCAGTTCTTCGTTGATGTTCGCGGTCACAAACGAATCGGGGGCTCGCCCTACCTTCAAGACCACAAACCGTTTCGTGAGTTAGACGAAGTGACTGGTCATGCTGTTCGGGCACTTTACTTGAACGCAGGCGCTACAGACATCTACGCTGAAACGGGCGAAGATGCTTTGATGCAGGCGTTGCAACGAATGTGGCGGAACTTGACAGAGAAGCGGATGTATGTGACGGGAGGATGTGGGGCTCGCTATGAAGGCGAGGCTTTCGGGCGTGATTACGAGTTGCCCAACGAACGCGCTTACGCTGAAACTTGCGCTGCCATCGCCAACATCTTATGGCAGTGGCGAATGTTCTTGATAACGGGCGAAGCGCGCTTCATTGATGTCTTGGAGTTGGCTTTGTTCAACGGTGCGCTTTCGGGCATAGGTTTGGACGGTAAGTCCTACTTTTATGTCAACCCGCTCGCTGACCGAGGTCGCCACCGCCGCCAACCTTACTTTGAATGCGCTTGCTGTCCGCCAAACATCGCTCGCTTGCTCCCGATGATCCCGAGTTTCCTTTACGCTCTCAGCGATGATGGCGTTTTCGTCAACCTCTATGCCAAAAGCGAAGCGGAACTGACAGTCAACGGTGTGCCTGTGCGGTTGCGCCAGCGGACTGATTACCCTTGGGATGGTGAAGTGACACTGCAAATGGAACTGCCAAAACCGACAACCTTTACCCTTCACTTGCGCATCCCGTCTTGGTGCGAACGGGCGTCAGTGACGGTTAACGGGACGGAACGGCACGAAGGAAGGGGTGGCGAGTTTGTGACCGTAAAGCGGGAGTGGAGGAGTGGCGAAACGGTGGGGTTGTCACTGCCGATGTTTCCTGAATTCGCCGTTTGCCATCCCTTTGTGGAGGCGAACGGCGGGCGCGCCGCTCTTCGGCGCGGTCCGTTCGTTTACTGCTTGGAGCAAGTGGACAACCCTGACGCCGATGTCTGGTTCATCACTGTCAAAACGGATGCCGACTTGGTGACGACGCCGATGCAGATTGGCAATTTGCCCATCGTCGCCTTGCAAGGTGCGGGCGTCGCTGCGGAAGAGTTGGCATGGGAGAGAAAATTGTATCAGCCATTGCGACGGATAGCCATCAAGCCCGTTCGTTTTGTCGCCATCCCTTACTTCGCTTGGGCGAACCGAGCAGCGGGAGCGATGACCGTCTGGCTGCCTGCATCATAGTGGGGTTGACAAAACCGAAAGGGGTGATGAGTGATGGCGGTTCGGGTCGGGTTCATCGGTTGCGGACCGCGCGGGACGGCGATGGCACAAGCCTATCAGGCGATAGAGGGCGTAGAACTGGTGGCAGCGTGCGACATTGACGAGGGGCGATTAAAAGCGTTTTGCGAGCGTTTTTCTATTGCCCACCGCTACACCGACTACGCAAAGATGCTTGCCCAAGAGGGGCTGGACATTGTGCACTTAGCGACCCAACCGACGCTGCGGGTTGAACCCATCATCGCTGCTGCTGAGGCAAAAGTCAAGGTCATCTTGAGCGAGAAGCCAATCGCCTTGAGTTTGCCCGAACTGGACGAAATGCTTGCGGCTTGTCGGCGCAACGGCAGTCGTTTGGTCATCAACCACCAGTTGCGTTACCAATCCATTTGGCGTCGGTTGCATTCGGCGCTGACGTATCGGGAGTTGGGTGAAGTCACCTTCCTGCACGCCCATTGTCGCATGAATGCCTTAGAGCAAGGGACGCATCTCGTTGACTTGGTGCTTTGGCTGCGGGGCGAGCAAATGCCTGCGTGGGTGATGGGGGATTCGTGGGGCGAAAGTGATTTCGCCAAAACCCACTCAGCGCCCGACAATTTGGTGGGCGTGTTGGCATTTGCTGACGGGTTGCGGTGCTTGGTGGAGATGGGACCGAGAGCGCCCGCTTTGCCCGATGACGACCGAATGCACATGCATTTCGGCATCCGCGTGATGGGGTCGGAGGGTTGGGCGCAGGCTTGGTTAGCGAGGTGGCAATTAGTCAAGCGGGCAGAGCATCAAACGCAATTGAGGTTGCCTTACGGTGAGGATGACTTTGCAGCGCAAGTCGCTTTCCAACGGGATTTGGTGCGGGCAGCGACGGAACCCGATTTCGTCCATCCCTGCGATGCGCAAAGGGGACGGGCAAGTTTGGAAATCATTGAGGCGCTTTGCCTTTCGGCGTTGGAAGGCAAACGCATCCCTTTGCCCTTGCCGTCAGGCGTTTCGGGTTTGGCGGCGATGCGAAAACGGGTGTTGGGGCATTGAGGCAATCAATTTTACGCCAGACCACAATCCCGCAAAAAAGTCAAGGCTTCCCGCAAATGTGCCTGAAGTTGTTCTATGCTCCAAGGTTCCGTCCCATGCAAGCAAATCACCCGTTGGGCTTGACAACCTGTCACCCGAAGGGCATCGGCGAGGGCGACGAAATCCAAAGCGCCTTTGCCTGGGAACTGCGCTTCAGGGAACTCGTGCCAATGTTTGCGCCACCACGCCAACCCACGATTTTGCGGGGCGACATCCCAAAGATAGACCAAAAGCAGGCGATCGGCGAACCGATGGACAAGTTCGTTGGGTCGCTCGCCGACTACCCAAGCGTGGGGCGGGGCAAAAGCGATGCCTACCAAGTCAGCGGGGAAACGCCGACAAAATTCCGCCATGCGGTCGCTGGCATCCAACAAGGTGTCGGTGTGGTTTTCTATCGCCAATCGGACGCCCGTTTGAGCGGCGGCGTCAAGAGCAGGGCGCAAAAAGGTTGCCAGTTCGTCCCAATCACGCCCGACAGCCCCGTTGACGACCATCGGCGCTCCCAACTTGGCGGCGAATTCCACGCCCATTTGCAACCGCTGCGGGTCGCGAGTGTAAAGGGAGAGGGCACAAGGATGCAAACCCGTTTGCTGCAATTCGGCGGCGATGGCAGCAGGGTCATCGGCGTCCAAGCGAACATGCTCCGCCCAACCTGGGATGCTCCACAAATCCACTGCCGAAACGCCGACCGCCTGCAACGCTTCCAACATCGTCGCCCGACTATGACCTGCAAAGAGCAGGGACGAGACGCCAAGGCTCGCCATCGGCTCACCACGCTCCTTTCGCTCATGGCATTGATTGCCTTCTCGCCCCCACCCTCTTTACTAAAGTGTGTTGGTGGCACGACCCCAAAGCATGTTAAACTCTCACCAAAAAGGTGATACTCATGATCGTGCCACCATCGTTCAAAATTTTGAATTCACAACGAGCCTGTGGCAAGATGTTCCAAAAGGTTCGCTGGTCTCAAGGAACTCACTGCCACCGTTGCCAAAGTATTGTTGTAAGGCATGTTTTCGCACCTTCAACGACAAGACAGGAACTCTTTTTGCCTATCGTCACCCACCAACAAACTTCAGAGCATAAAGCGTCCTACTTTTATGTCAACCCACTTGCTGACCGAGGTCGCCACCGCCGCCAACCTTACTTTGAATGCGCTTGCTGTCCGCCAAACATCGCTCGCTTGCTCCCGATGATCCCAAGTTTCCTTTACGCTCTCAGCGATGAT
CP130454.1_gap3	172303	173869	1566	CAACATCGCGACCTGCTGCCAAAGCAACCACGCGAAGTTTGTCAGGATGGTGGGCGATTATCTCAAGGGTTTGCCGCCCAATTGAGCCTGTTGCCCCAATTATGCTCACGCCTCGCAAAGCATTTTTCACCTCGTGGGTTCATGACAAAACTGCGACAAGGTTTCGGACTTGAGCCAACGCTTCGGCGAACGCTTTCAAGGCTTGGTCAATGTGCTCAGGTTGAACGATCAGCGGCGGCTCCAACCTGATGACTCGCGGGTTGTTGAGGGTATATGCTGTCAAGACTCGCCTTTGCAACAAACCTGCGGCTGTCAGAGCAGCAAAATCCTCGTTAGCAAACTCAACGCCGACGAGCAAACCCTTGCCTCGCACATCGGCAATCAAATCGGGAAACCGTTCTCGCAACGAGTTCAAGCCATCCATGAGCAACTTTCCCATCTCTGCAGCGTGTTCAGCGAGCCGTTCCTCTTGCAAAACCTTCAATGCCGCCAGACCTGCAGCGCATGCCAGTGGGTTGCCTCCTAAAGTTGATGAGTGAAGCAAAGGTCGGTCAAAAAGTGGCTCAAAGACCCTTTGCGTTCCTACAGCAGCACCTAAAGGCACGACCCCGCCACCTAAAGACTTGGCGAGAGCCATGAGGTCAGGTTCAACATTCCAGTGTTCAACAGCGAAGTTTTTGCCTGTCCGTCCCAAACCTGTTTGCACCTCGTCAACGATAAGCAGCGCACCAACCTCGTCACATACTTTGCGGACAAAAGGCAGGAAGTCTTCTGGTGGGACTATGACTCCGCCTTCGCCTTGTATGGGTTCAACGATAACTGCGGCAGTGTCTTCGTCAACGGCTTCGGAGAGGGCTTCCTTGTCGCCAAAGGGAACATGAACGAACCAAGTCAGCAATGGCTCAAAAGGCTGGCGATAGACATCGCGCCCTGACGCACTCAATGCACCCAAAGTTTTGCCGTGATAGGCATTTTTCATTGCGACGATTTTGCGGCGACCTGTTGCCAAGCGAGCGAATTTGATGCAAGCCTCAACCGCTTCCGCACCGCTGTGGCAGAAGAAGCAAAACTGCAATTTGCCGGGAGTTATGGCTGCCAACTTTGAAGCAAGTTCCGCTTGAAGGGCATTGAAAAGCACTCGGCTTGAGAGTGGAATTTTGTCAAGTTGGCTTTTAACGGCTTCAACGATGCGTGGGTGGCGGTGCCCGAAATTTAAGGCACCGAAACCGGCAAGGAAATCCAAATAGCGATTGCCTTTCTCATCGTAAACCCAGACCCCTTCAGCGAAAACCTCAACGCCATCTACACCTGCAAACTTCATGAGCCGAGCCAAGCCAGGGTTAATGTGTTTTGCGTAAAGTTCAGCGATCCGTTCGCTCTCGCTCAAGGGTTCCACCTCCAAAAGCAGGAGTTGCGCAAAAAGATTTTGCCGCAAAAGCGACAGTGAGGGGAAGGGGGCGAGGGGATGGTCGGGGCGCCCGGATTTGAACCGGGGACCTCTGGCCCCCCATGCCAGCGCGCTAACCAAACTGCGCTACGCCCCGACTTTCGGTCGCTTGAAATTAT
CP130454.1_gap4	189156	193048	3892	CGTGAAATTTTCGGCAGGTCGGCAAATCGGCAGGTCGTGAGGTCGGCAAGTCAGGGAGCGAAAAGTCAAGTCTGGGAGAAATTAGTGGGAGGGCGAGGCTCCTGCCAAGCCGAAAACGGCAGCGAATAGCGAATGGTGAACGAATTCGGCGTTCAGAAAAAACTGGCAGTTTTAGAACACGCTTAAGAACGGCTGAAAGCAGCATGCTGAGGTGAGCGAAAATGTCAGAGGTGCGTTTTAAGGGTATCGTCCGTGGCGGAGTTATCGTTCCAGTGGAAGAAGTTTTGCTCCCTGAAGGCGCTGTAGTGGACATCGTGGTCACGGAGGAGGAGGAAGCGTGGTCGCTGTTATCTCACGAGGCGTTCGCTGAAGATTGGGAGAGTGAAGAGGACAGCATCTACGACAACTGGAGGGAGCACTGTAGCGTTTCAGAGAGCAGGTTAACAAGCGAATAAGGTTAGCGTGGGACTTTAGGAGGTGAATGAGATGGCAGAGATGAAGGAAGTGGTGACGACCTATCCAGAGCCGCGAAAGGAACCGCCCGAACCGCTCGTTGTTGAAAAGCCTTGGGGGCGGTTCATCCAATATGTGCTCAACGAACCCGTGACGGTGAAAATCCTTGAGGTCAAAGCAGGCGAGCAACTCAGCCTGCAAGCCCACAGCCATCGCAGCGAACTTTGGGTGCCGTTGGATGAGGGCGCTTGCGTTGAGATTGACGGGCAAATTATCCGTCCAAAACCTTTGCAGCCAGTTTTCATTCCTGTCGGCGCAAAGCACAGGCTTATCGGCGAGGACAAATCCTATCGCGTGCTGGAAATATCCTTCGGCTTCTTTGACGAGGACGATATCGTCCGCTTTGAGGACAAGTATGGGAGGGTGAAAGAAGATGAGGAAGCCAAAAGTCCGTCAGTTTAAAATCGTCGTAGAGAAACACCCTGATGGCTATGTCGCATACCCTTTGGGCTTGAAAGGCGTCGTGGTGGGTGAAGGTGATACCTTTGAGGAAGCGTTGGCAGATGTGATATCCGCCATCCGCTTCCACATTGAAACTTTCGGTGAAGAAGTCCTTGAAGCCGAGGAGCCCATAGAAGTTTTCACGGCGGAGGTTGGGGTGTCCCTGTGAGTGAAAGGAAATGGCCGGTAGATGCACCAAGAGATAAAGTCGTCAAGACACTCCAAATGCTTGGATTCCGAATTGTGCGCATTGGCAATCACATCTCTATGGAGCGAGAAAACCCTGATGGCACGAAAACACCTTTAACGATGCCTAACCACCGGCGTATTAAGGGTTCAACGCTTCGTGCAATTTGCACGCAAGCAGGCATCTCACGCGAGGAATTTCTCAAGGCTTACGAAAAAGCGTGAAGGGAGGTGATGGCGGAAATGCAGGCGTTAGTTCTGGTCGGGGGTTTCGGGACGAGGCTGCGACCGCTCACATACCATGTCCCGAAAGCGATGGTGCCAATCGTCAATGTGCCCTTCATTGAGCGGTTCGTTGACTACTTGGAAGCAAACGGCATAACTCACATCGTCTTCGCTATGGGTTACCTGCCTGACCCAATTGCCAACCATTTGTCAAAGCGCAATGGCAAAGCCAAATACGATTTCGTCGTTGAAGACCAACCTTTGGACACAGGTGGCGCCATCAAGAACGCCGAACCGTTGCTTGGTGAGCGCTTCTTCGTCTTCAACGGAGATGTGCTCACAACTATCCCGTTGAGGGAAATTCTTCGCGTGCATGAGGAGAGAAACGCATTGTTGACCATAGCCTTGACGCCTGTAGATGACCCAAGCAGGTATGGCGTCGTCGTTACCAATTCCGATGGGCGAGTTCAAGCGTTCATTGAAAAGCCGCCGAAGGAGACAGCGCCGAGCAATTTGATCAATGCTGGCATTTACCTGTATGAACGAGAGGTTCTCAACTACATCCCTGCCGGTCAACCCTACTCAGTAGAACGAGGGCTTTACCCGAAGTTGCTGGAAATTGGCGCACCCTTTTACGCCGTAGCGTTCCCGAACGATTACTGGCTTGACATCGGCAAAGTTGAGCACTATCTGCAAGCCAACTTTGATATCTTGAGCCGAAAAGCACCATTGCCAATTCCGGGCAAAGAAATCAGGCAAGGCGTTTGGGTTGGGGAAGGGGTTCAAATCGCTCCGACCGCTAAGTTGCAACCACCCGTCCTGATTGGTGATGGCTGCGTGGTTGAAGATGGAGCAGTCATCGGTCCATTTGCGGTGTTGGGCGAAGGTGTAATTGTCAAGCAAAACGCCGTTGTGCAAGATGCAGTGCTTTGGGATGGATGCGTTATCGGCGAGAACGCGAATGTGAGCAGATGTGTTTTGGGTTCTCGTTGTGAAGTTGGCGAAGGTGTCAAAGTTGAGCCCGACCGCGCTTATGGGTGCAACGAGAGGATAGAAACGGGCGTTGCAGCGTGAACAGGAAGGCAGGGGCTTTGGGCGGTCGCCGAAGTGCGGCGGGGCTTTCAAAAAACCTGTCGGACGGAGGTGATCGCGATGGTTGTGACTGCTCGGCGAAGTGGGACAGTGGTTCGGACGACTCCCAACATCGGTTACATCGGCACATATGTCCCTCGCGAGTGCGGCATTGCAACCTTCACTGCCGATGTCGTCAAGTCCGTCCACGCTTATCCTTTTGTCGGTGAACCTTTCGTTGCAGCGATGGTCAAGCCCGATGAAGAATTGAACCGATACCGTTACCCAGTTCGGTTCTTTGTCCGAGAAAACAGTTATGGTGACCATGTTCGTGTCGCAACCTACTTCAATGAGGCACCCGTCGCTGTGGTTAACCTTCAGCATGAATTCGGCATTTTCGGCGGGCGCGATGGCGAGTTCATTTGCACGACAGCGGATTTGTTGCGTAAACCGTTGATCACAACCCTCCACACTATCATGCCTGAGCCTCATCCTAACTTTCGCGAAATCACCCGCCATTTGGTCGCCCGTTCAACTCGGGTTGTGGTGATGAACCCGATCGCCTTTGAAATTCTGGCTCGTGACTACGGAATCAACACCAGAAAGGTCGTGCTCATCCATCACGGTGCACCCGATGTCCCGTTCGGTGGCAAAGAAGAAGCAAAGCGTGAACTTGGGTTAAGTGGACGCTTCGTGATCAGCACCTTCGGTCTCATAAGCCGAGGGAAAGGACTTGAGTATGCCATCCAAGCATTGCCGCCAGTCGTTGAAAAATACCCACAAGTCCTTTACCTGATTCTGGGCGAAACCCATCCTAATGTCCGGCGACACGAAGGCGAAAGTTACCGCGAAGAACTTCAAGCGTTGGTGAAAGAGTTGGGTTTGGAGCGACATGTCCAATTCGTCAACCGCTACTTGACAAAAAGTGAACTAATCCGCTACCTGCAGGCGACCGACATCTACCTGACGCCGTATCTCAATCCCAAGCAGATTGTCAGTGGGACTTTGGCTTATGCGATGGCGTGCGGTAAAGCCATCGTCTCAACGCCTTACTTGTATGCTAAAGCCCTTTGCAGCGAAGGGCGTGGCATTTTGGTCAACTTCCGCGATTCTCAATCCATCTCTGACGCATTGCTTTTGCTTTTAGACAACCCGCAACTTCGGATGGAAATTGAACGGCGGGCATACGCTTACGGGCGACAAATGACTTGGCAGGCTGTGGGCAAAAAATATGCCGAGTTGTTCGCTGCCATCGCACAAGAATTTCGCCGTCCTTGGGCGTTCATCACTTCGCCCATCGTTCGTCGCCCCACAACAACTCCCCAAATCACCGAGACCGTCACTTCGTCATGAGTGGAAGGGAGCGTCGGGTCTCGTTTGCCCGACGCTTCTCCTTGCTTGCCCTTTAGGGGGTGGAAAAATTGCTGCTGAGGACAGTGAAGACGAAACAGGGCTT
CP130454.1_gap5	195315	199306	3991	GAGCGCAGAGGAGAGCACCCGTTCACAAGCCAACAAGTCAACGAACAAGTTGGTGCTGCTATCAAGAACGAGTTAGGCAACCCCGTCAACCTTGACTTTCCTGACAAAGTCGTTCGGGTAGAAATCATTGACGATTGGTGCGGTATCGGTTACGATTTCGTTCGCTACCACAAGTATCTGGGCAAGTGGGATGCCCGTGAACTTTTGCACAAAGTTTGCATCGTCCAAATGCCCTACACGGGTGAAGGTGCGAGGAGAATGGGAATTGATATTGGTCGGGCAGCGCAAGCCTTTGAAGTGAAGCAATACATTGTCGCTCCAGCCCAGCCCGTTGAATTGGGCGAAATTTTGCCTTTCCTTGAGGGTTTGAGGGAAGGCATCCAATCACGATACAGCATCCAAAAACGGGCTTACCCCTTCCCCGTGAGGGAAACGGAAGTCCTCGTTTACGAGTTGTTTCAAGCCGTCCGGATGAAGCGGGGACAACCCGAAACTGTGCTCATTCACACCGACCCGTTGGGAACCCCATTTCCCAAAGTTCGTGATGAACTGCTCAAGGCAGTCAAGGATGCCAAAGAGGTTGTCATTTTGGCAGGAGCAAGGGAGGGGTTGCCTGTGGGGCTGATGAGGGCTTGCGACTTCGTCGTTGACCTCATGCCCAAAGTAACCTTCGCAACCGAGCATGTCATCCCGGTGACCCTTTCAGCCATTGCCAACTCTTGGGTGAGGTGAAAATTGTTACCTGCCCCGACAACCGAAGTCTAAATCTTTTGGCGGAACAAATGGCTCTGAAAGATTGAAGCGAGGTGAAGGAGATGCTTCGCAGGTTTGTTGCTTTACTTGGCGCATTAGCGGCGCTTTCGTTAACTTTTGCTTTCGGCTCATCACAAAGGGTCGTGCAGGCTTTGGAGCAAGTTTTAAGGCGCGACATAACGAACCCGAAGGACGCAAATGGATTGCACCTTCGCATCGTCCCCGCTTCTCCCGAGGAAACGGAAAAGGGCAAGTTCCAACTCGTTGAAATCGCATCAAAACCTGCAAGGATCAGGAACATCTTCCTGCGAGAGTTGAGGGCGAGGGCTGTTGAACCAGTGATAGATGTCTCCGCTCTCCTTGAGCGTGGGAAACTCCGGACTATCTCCGTCAAGGACTCAATCCTTGAAGGAGTCATGGATGCCGAAAACTTTGAACGAATGTTGGCTGAGTTGAAGGCGACGAAGAACATGCGGATCAAAGTCCAGATAACCGAGGACGGGAAAGTGGTCCTGCGCGGCATCTTAACTTTGCTGCGAATCAACAACCCATTTGAAGCCGTCTGTCGCGCTGAGGCAGTAGATGGCTGTCTCTATCTTCGCATTGAGGAACTTAGGGTCAACAATGTTGCGGCTCCGGCATTTTTGGTGTCGCGGCTTGAAAAGCACATCAACCCTGTCGTTGAGCCCAAGGACTTGCCCTTCAACTCCAAAATCAAGTCAGTGCATGTTCGGGAAGGTCTCATCTATGTCAACATGACTCCGCCCAAATCAGACAGCAAAAGGTGATACTTGCTTACGGATTGGGCAGCGCAGGTTCTAAAAGGAACGAAGCCGATGGAGGCGTTGAAAATGTTCGTTGTGATCCCAGCAATTGACCTGCTTGGGGGTCAGGTCGTTCGGTTAACTCAAGGTCGCTACGATGCTGTGACCGTCTACGGCTCAAGCCCTGCTGAAATCGCCCAACAGTTTGAGCGGGACGGAGCAACTTGGATTCATGTCGTTGACTTGGATGGAGCAAAGTCGGGCGAACCGAAAAACTTGGATGCTTTAAGGGCAATCTGCGATGCAACGAGATGCTCAATCCAGTTTGGCGGTGGTGTGAGGTCACTGCCAGTTATAGAACGGCTCTTTGAACTTGGCGTCAAGCGAGTTGTCTTGGGCACAAGCGCAATTCAAAACCCGTTCCTCGTATACGAAGCCGTCAAGGCTTTCGGACAGGACAAAATTGCCGTCGCCATTGATGTCAGGGAAGGAAAAGTTGCTGTCAAGGGTTGGACTGAAACCGAGGAAGTTCCGCCCACCGAGATCGGTAAGCAACTCCGCGACGCCGGCGTCCGTTGGTTCGTTTACACTGACATCCTTCGCGACGGGATGCTCACTTCACCCAACTTTGAAGCCATCGCTCAATTCGCTCAAGCCATTAAGGTCACACGGGACAAGGGGCATGGGACAGGGGAGGTTAATGTGATTGCTTCGGGTGGAGTCACGGAAATTGAGCACATCAAACGCCTCAAGGTGATGGAACCTTTGGGTGTGGTTGGCTGCATCGTGGGTCGTGCCATTTACGAAGGCAAGTTGAGTTTGAAAGACGCTTTAAGGGTTGCGCGTTGCGAGTTGAGGGTTGAGGGTTGAGTCCCAACAACTTGTGACCCTTCAGCCCATACGCAACGCTTTCAAAAGCCAGCCCAATTCCTCGGATGTTCGTCTTAAAAGGGTAAGTGCGTTTGCAATGGCTTCGTTTTCGCTCATCGGTCTGTTGACAATAGCAAAGCAAGCGTCAACGCCCCAGTCCCTACACTTTTCAGCACCTTCGCCCAATTGACCGACGATTGCGATGACTGGTTTGCCGTGACGCTTGGCGACTTGAGCGACACCGTAAGGGACTTTGCCGAAACCCGTTTGAAAGTCCAGTTTGCCTTCGCCCGTTATGACCAAATCGGCTTTTGCGATTCGTTCGTCCAACTTCACCGCTTCAATGACCAAGTCAATGCCCCTTTGAAGTTTCGCTTTGCAAAAAGCCATCAAACCTGCTCCCAACCCACCGGCAGCGCCTGCTCCTGGGACATGTTCCACATCAACGCCCAAATCCCTGCGGATGATCTCAGCATACTTGCGCAAGTTCTCGTCCAGAACCTTTACCATTTCTGGCGTTGCGCCTTTTTGTGGACCATAAACTGCTGATGCGCCGTTTGGACCTGTCAATGGATTAGTGACATCGCAAGCGACGAGAATTTCCGCTTCCTCAAGCCGCCTATCCAAACCCGTTAAGTCAATTCGCGCCAACTTGCTCAGTTCGCCCCCACCGAACCCGATTTCCTTGCCGTTTTCGTCCAGCAATCTTGCACCAAGGGCTTGTGCCATTCCTGCCCCACCGTCGTTGGTGGCGCTACCACCGATCCCGACGATAAGTTTGCGGCAACCCAAATCCAATGCTGCTTTGATGAGTTCACCGACGCCATAAGTCGTCGTGACGAGGGGGTTGCGTTTTTGAGGCGGGACAAGGTGCAAACCTGCAGCGGCTGCCATCTCAATGACAGCGGTCGTGCCATCACCAAGTATCCCGAAAAAGGATTCAACAGGTTCGCCCAAAGGACCCGTCACCTTCACATTGACAACCCTTCCGTTTGTGGCTGCAACCAAAGCGTCAACAGTCCCTTCGCCGCCGTCAGCCATCGGCACCAAATCAAACTCGGCTTTTGGCAAAGCAACTCTCAAGCCATCCGCAATCGCTTGTGCGACCTCTTTCGCTGAAGCGCTCCCTTTGAAACTGTCAGGCGCAATCACGAACCTCATGCCACACCACCTACGCAAATTTTGCGACAACTGTCAGCGGTGCTAAAATCCTTTTCGGCTTCAAATCGGGTTGAAAGGAGGATGAAGGCATGGAAGCAGTGGTGATTTTTGAGGACGAAAAGTGGGTTAACTTCAAGCCGCTGACTTGGACGCGCCCGGTTTGCCTGCTCAGGACGGGCATCTTCCACTTGTGGGAGAAAGTGGTTCAGGCGTGCAAGCGTGCAGGCATGGAAGGTTTTGAAGTCCACATCCACACCCGAAATTACCTCGCCCCAACCCTTCGCCATTGCTTGAAGGGCAAAGGCGTTTTCGTCAACGAACTTGAACGAGTGGAGGGGAAAAGCATTTTGTTCGTTAACGGGCGGTTGCTCGTCACGCCTGAACTGGCTCAACAAGCAAGCGCCATTGAGAAAGGCGTCGCTTACACAAAGGACGGTGAACTC
CP130454.1_gap6	312719	317223	4504	TGTTCTGCCCAGTTGGGCGTGATGATGGCAACGGTCTCAAAAGTCAAGGGAGGCATATTGGTTTGGGCTCTCTTCGTTTTCGGGGTCTTTCTGCTCGTCGGATTTTTGACAGCGAAATTGCTCCCCGGTGAACCTCCCCGCTTCTTCCTTGAAGTTGTCCCGCTAAGGTTGCCCAGATTGGAAAATGTTTTGGTCAAGACATGGACGAGGCTACAATGGTATCTACTTGAAGTGACGCCACTTTTCGTCTTGGCGAGCATTTTGATTTGGCTCGGTCAATTAACGCACCTGTTTGATCTTGTGATTGCAGCCTTGTCAGTCCCAGTTCAGTGGATTGGTTTGCCAAAGGAGATGGCTACGGTCATCCTTTTTGGCTTCTTTAGGCGCGATTACGGTGCTGCTGGTTTGCTTGACATGGTTGAAAAAGGAACGATCAGCGGGATTGACCTTGTCACGACAGCCATCGTCTTGACTTTGTTCATCCCGTGTATCGCTCAGTTCCTGATGATGGTTCGCGAACAAGGATGGCGCGTAGCCCTCATCATCTTCGGTTTCATCTTGCCCTTTGCTTTCTTCTGCGGTTTCATCGCCAAGCATCTGCTCCTGTGGCTGCATCAACTTGGACTTATGGCTTGACGAGGCACCTTTTCGGTTTTGAACTTTTGGTTACCTTTGCAACGGTTGACTTAAATGCGATACTGCACACTTCGCTGCCGGGCATTTTCGCGGCAAAGGGGGGATTACGGTGTCGGGGCAAGTCTCGTTGCGAATAACGGGAGTTGAGACATTCGTTGTCCACCATCCTGTCCACGGTTACTTCAAGTTTCTGCCAAAGGACGAACAAGGGCGTTCCGTCCGCCCAAGTGTCCTTGTGAAATTGACGACAGACGAAGGTTTAGTCGGTTGGGGTGAGACGGTGCCTATACCAACTTGGTCTTACGAGACAGTTCAAACCGTCGTGACCACCATTGAGCATTACATTGCACCAGCGATCACAGGCATGAACGCTTTTGATATAGCCGAGATTCACCGCGTCATGGACCAGAAAATTGCACCGTCTTTCAGCACTGGTCAGCCGATGGCTAAAGCCGCTATTGACTTGGCGTTGCACGATTTGATCAGCAAAGCCCTCAAGATGCCGCTCCCAAAACTTTGGGGGAGAACCCCTCAACAAAATGTCACGCTCAGTTGGACCGTGAATGTCACAAACCTTGACGATGTTGAGCAAATTGTCGCCGAAGGGATGGAAAGGGGTTATCGGCACTTCAACATCAAAATCGGAAACGACCCAAAGTTTGATGTTGCCTTGGCGAAACGAGTGCGAGATTTGGTTCCCGATTGCTTTCTTTGGGCTGACGCAAACGGTGGCTACGATACAGCCACAGCCCTTTGGGTTGCCCCCAAACTCGCCGATGCGGGTGTTAATGTTCTGGAACAACCACTTCCTGCAAACATGCTTTCGGGCTACAAAGAGTTGAGAAGGCAAGGAGCATTGCCGATTATCATGGACGAAAGCATTGTTTCCGTTCGTGACTTGCTTGAGTTCTGGAAATTAGGGCTTTTAGACGGAGTTGCGATGAAAATCGCTCGCATGGGTGGTTTGTGGGAAGCAAGGCGATGTGTTGAGTTGCTTTTGGACTTAGGTTTGCTGTTCCTCGGCAGCGGCTTGACAGACCCACCTTTGTCCCTCGCTGCCCACCTTCTGCTTTACGGCTCCTACGGGTTAAAGTTTCCCGCAGCGTTAAATGGTCCCCAATTTCTGGAACCCTTGCCTTTCTACTCGCCGTTGAAAATAGAAAACGGTGTTGCCGCTGTGCCAACGGGTTTGGGCTTGGGAATTGAGTTGGACGAAAAAGGGCTTAGAATTCTTCAAGCCAAATGAACTCATGTTTAACCCGACCTTGCCACATCTTGCAAAAATTCCACCAAAAAGCACAAAACTGAAGGTTCTTTTGAGCCACAAAAATTGACGATCGTCAATTACGGACGCAGGGGGGTTATAATGCGGGGCGAGGTCAGCAAAAGGGAGGCGATTGTGATGTGGCGCGGTCTCTACCACGACCATTGGCTTTTGGGCGCTCACAAAGACACAATGCCAAGAAGAAAGTGGCTGAAACTTGTCAGCAGCACCATCGCCGCCTCCGTCCTTGCCCGCCCCTCATCCGGACAGCAACCTGCTCCTGCTGGAAAACAATTTGCTGTTGTCATCATAGATGAAGCAGGAGCGCCTGAAAGTTGGGAAGGCTCTCATCCACTCTCCCCCTTCTCTTCCCTCAACCTTTCACTTGTTCACCTCAATCCCCATCGTCTCTCTCAGGTCGTGGTCTTTCCGTCTCTTTGACCATCTTCCACAACAGCGCTTCATCTTCTTCCCTTCAACCTTTCGGTTACGGTTGGACGCATTCTTACAACTGGAAAATCCAACAAGACAGTCAAACAGGTGACGCCATCGTCATCAGAGGGACGGGAAGAAAGCACCGATACACTTACAACGCCCAATCAGGGACTTTCACACCACCTTCAGGAGTTTACGACGAATTAGTCCGCCATCCCGACGGAACTTGGACGCTTACCTTCAAAGACCAGACCAAGATGAACTTTGACGGTTCAGGCAAACTCGTCTCCATCGTGGACAAAAACGGAAACCAAGTGACCCTTAGTTACGACAATCATGGTCGCCTCACCCAAGTTCAAGAAGCGTCGGGGAAGGTTTTGAGTTTCGGATATGCAAACAGCGGTTCCGAAGGAAGCGGCGGTTCAGGAGGATTTGAAGGTGAGTTTGGAGGCGGAGAATTCGTTGACACCAAAATCCGAACTGTTACTGACCCGAGAGGGAAAGTTTGGCAATTTTCCTATGACGCTTACGACAGACTAACCTCCATCACCGACCCGATGGGTTTCGTCATCTCTTTCTCCTACGACGCCTATCACCGCATCACTTCCATCACCGACAAAAGAGGTTTCGTTTGGCAGTATGGCTACGACAGCAACGGCAAGGTCATCTGGGCAAAGCATCCAGATACTGGAAACACCCAAATCTCCATCAGTTGGGACAACATCGGCGTCACCATCACTGACCAAGATGGGGTGAAAGTCCGATATGAGCACAACGATGTCGGTGAGTTGGTGAAAGTCATCACAGGTTACGGGACTTTGAACTTGACTACCCAATATGCCTACGATGAAAACCACAATCTCATCCAATTGACGACACCGAGGGGCTATGTCTGGCAGTATGGCTACGACAGCAAAGGAAACCTTACTTCAGTCACCGACCCTTTGGGACGGACGACGACCATGACTTACGATGAAAAGAACAACTTGACATCAGTAACGACACCTTCAGGAAAAACGACCCACTATGGCTACGATGATAGGGGCAATTTGGTTGAAGTTCAATATGCTTTGGGAAACATCACGAGTTACACTTATGATGCTTACGGAAATAGGACAAGCCAGACGATAGATGGAAAGACGACCCTGTTTGGCTACGATGCTTCAGGCAACCTGACTTCCATCACCGACCCTGAAGGGAACAAAGTTGAGTTTGGATACAACGAGATGGGATGGAGGGTTTTTAGGAAGGACGCTTTATTACGCATTACGAATTACGCTTATGATGACTTGGGTCGTCTAACTCAAATCACTTACCCTGACGGGAGCGTTATCAGTTTCAGTTACGATGCTATGGGAAACATGGTTGAGATGCAAGATGGGACAGGGGTGACAAGTTGGGTTTACGATGGAAGGGGATTGAAAGTTCAAGAGAGCAAGGATGGTTTTGCCATCGTTTACGCTTACAGTTCAGCAGGAAGGCTTATCAACCGAACTGATTGGACAGGTTCGGGAGCAAGTTTCAGTTACGATGGGGCGGGAAGATTGGTGTCGTTTGTAGAATGCTGTTGGGGAGACGGGTTACACTTACGATGCCGACGGGAACTTGATTCAGCAAGTAAATGTCAACGGGACTGTTGAAGAGATAAGTTACGATGCTGCTGGTCAAGTTGTTGAGATTTGGCACAAGAGGAGTAACGGGCAGGTTTTGGGTTACCTAAGTTACGGATACAACCAAGATGGTTTGGTCAGTGATGTTGTTGAAGGGGATGGTGGTGTTGTGACCTACAACTACGACCCTTTGTTCAGGCTAATCAGCGAACAGAGGGTAGGAAGTTACGCATACACGGTCAGTTACGAATATGATGGTTCAGGTAACAGATTGGCAAGGGTTTGGGATGGGCAGCGGACGGACTATGTCTATGACAACGCGGACAGGTTACAATTTTATGTGAAGCCGGATGGAAGCGTTGTAGCGTATGATTGGGATGCAAATGGGAACATGGTTGCGAGGGCGGATGGGAATCAAACGACGCAGTTTGAATATGATTTTGACAACAGGTTGGTCAAGATAACCTATCCGAGTGGAAGTGAGGTTCGTTTTGGCTATGATGGATTAGGTCGTCGTGTTTTTCGTCAGGAGGGCGCAAGTGTGCGATACTTTTACTAC
CP130454.1_gap7	324860	326495	1635	CGGCGGGAGCAATCTTTTGGTTTGTTACTTTCTGCTTGGCGTTGCGCAAAGCATTGCGGCGAGGAGAAAACGGTTGGCTTTTGGATGACGGCCGAACAAAATCCGAAAAATTGGCGGCAAAATGCGTTCTTTTGGTGGGGTTTAAGGTATTTACAAACGGCTCTGACGTTGTTATCATTTTTAACGCCCATTGAGGATGGCACCTTCAAAAGATACCTCAACGAGAAGGTTGCGCTGTTGACAACGCTTCTTTGAGCGGCTATAATTAAAATGCCGCTTCACGAAAGGCACCTTGACAATGGAACAGTGCTGGGTGTGGGATAGGAGTGACAGGTAAGGCTTCGTACTCCCCAAAGATGAAAGAGCCCGTCACCCATCGCGATGAGCGATGGGTTTTAACTGCTGGAGAGTTTGATGGTGGCTCAGGGCGAACGCTGGCGGCGTGGATAAGGCATGCAAGTCGAGCGCAGGCTTGCCTGCGGGTTCTGCTCGCAGGCAGGTGCTGAGCGGCGAACGGGCGAGTAACGCGTGCCTAACCTACCCTGGGGACCGGGATAACCCTGGGAAACTGGGGCTAATACCGGATACGCTCCCTCGTCGCATGGCGGGGGAGGAAAGGTGCCTGTTCCGAAAGGGCAGGTGCCGCCCTGGGATGGGGGCGCGTCCCATCAGGTAGTTGGTGGGGTAACGGCCCACCAAGCCTATGACGGGTAGCCGGCCTGAGAGGGTGGCCGGCCGCACCGGGACTGAGACACGGCCCGGACCCCTACGGGGGGCAGCAGCCGAGGATCTTGGGCAATGCCCGAAAGGGTGACCCAGTGACGCCGCGTGGGGGAGGAAGCCCTTCGGGGTGTAAACCCCTGTCGGGAGGGGAAGAAGCCGGTCCTTCGGGACCGGTTGACGGTACCCTCCAAGGAAGCCCCGGCTAACTCCGTGCCAGCAGCCGCGGTAAAACGGAGGGGGCGAGCGTTGCCCGGATTTACTGGGCTTAAAGGGTCCGTAGGCGGTGTCCCAAGTCCCCCGTGAAAGCTGCCCGCTCAACGGGCAGAGGTCGGGGGAGACTGGGACACTTGAGGGCGGGAGAGGCCAGCGGAACGGCGGGTGTAGCGGTGAAATGCGTCGATATCCGCCGGAACACCAGTGGCGAAGGCGGCTGGCTGGAACGCCCCTGACGCTGAGGGACGAAGGCCGGGGGAGCGAACCGGATTAGATACCCGGGTAGTCCCGGCAGTAAACGGTGGGCGCTAGGTGTGGGGAGTCTCGACCCTCCCCGTGCCGCAGGGAAACCAATAAGCGCCCCGCCTGGGGAGTACGGGCGCAAGCCTGAAACTCAAACCAATTGACGGGGGCCCGCACAAGCGGCGGAGCATGTGGCTTAATTCGATGCTACCCGAAGAACCTTACCAGGGCTTGACATGCTGGCTTAAGCCTGCCCGAAAGGGCGGGGTGGGGCGGTTTCCGCCGCCCAGCCAGCACAGGTGGTGCACGGCTGTCGTCAGCTCGTGCCGTGAGGTGTCCGGTTAAGTCCGGCAACGAGCGCAACCCCCGCCGCCAGTTGCCAGCGGGTAATGCCGGGCACTCTGGCGGGACTGCCCGCGTAAGCGGGAGGAAGGTGGGGATGACGTCAAGTCCGCG
CP130454.1_gap8	362488	367152	4664	ACTCAAAGAGCGCACCCCAGAAAGTTCTGGCGAAAATCGTAGGGTCTAAGTCCTCCCTCAAAATGCCGGCAGCCTTCTGAGCGTTCAAGTAGTCCGACAGCAATTTCACGCCCATGCGGATGATTTCCCCAACGATTTTCACCACTTCCTGATTTCTTTGCATCTCCCCGTGCATCATCAATGCCAGTTCACGCTTTTCTTCCAGCATCTTCCAAATGGCGTTGCCGAGTTCGGTCAGAGTTTCTTCCACCGTTGCTTTTGGCGGTTGGGCAAGGATTTCCGCCATCTTTGGGAGCAAGGATTTTCGCTCCAAAAGAGCCCTCAAGATTTCCGATTTGCTGTCAAAGTAGTGGTAAATCAGACCAGGCGCCACTCCACAGGCTTCAGCGATATCGTCAATGGATGTGGCGTCAAAGCCCTTTTCAGCGAACAACTTCGCCGCCGTTTCAACGATCTGCTCTATTCGTTCCTCTGGCGTTAGCCTTTTTCTTGTTTTCCTCAACTTCGTCTCACCCTGTTGATTGAACGCTCACTCAATAAGCCGAGACAAAGTATGGCGTGGCTCTGTCCCTTGTAAAGTCCTGATTTACGGCTAATTTCCGCCTTTTGGGCGGAATTTTGCGAATGTGCTAAGGCAAATCGGTTCGCCGTGTTGCTAACGCCAAATTTTCGCACCGCCGTTGTGGGTGACTTAATTCAAATTCGTCTAAGGTCACCCGGGAACAATTCAGAGACTTGATGCTTTCGCCGGTGACAAAATTAACGGTGGCAGGTGTCAGCGGATGAAGGAATCGGATTTTGAGCGACACAACGAAGAGGTCAGGCAAGTATGGCAGGCTTACCGGGCAGGTAAGCCGATAAGGGTGCCCGTCATCTTCGGAATCAATGTCCGCTTCACCATGTGGCTTCCAGAGGCGAACCCACGCAAAATCACTTTTGAGCAATACTTCTCCGACCCACAAGTAATGCTTGAGCGACAAATTGAGCACCTCTACTGGGTTCGCCATAACATCCCACAAGATGCGGAAATGGGCTTGCCGAAAGACGGTTGGCATGTCTGGGTTGACTTTCAGAATGTTTATGAGGCTGCTTGGTTCGGATGCGAAATTCGCTTCTACCCTGACCAAGTCCCCGATGTCGTCCCAATGCTGAACGACGACAACAAGCGAATGCTTTTTGACAAAGGTTTGCCTGACCCGTTTGAGAGTGGTCTGATGAAGCGGAACTGGGAGTTCTACGAGCACTTCAAACGACACCAGGAGAAAGGATTTGAGATGTTTGGGAAGCCGATAGCATCGGTGACACCTTGTGGTTTAGGCACCGACGGACCAATGACCGTTTGTTGCAACATCAGAGGTGCGACTCAATTCGTGACTGACTTGGTTGAAGACACCGAGTATGCCTTGCAACTTCTGGACTTCGTCACAACAGCGATCATTGAGCGCATCAAAACTTACCGAAAACATCTCGGTCTGCCCGAAAAAGCAAAGCCTTGGGGTTTTGCCGATGACAGCATTGAACTCATCAGCACGGAAATGTATCGCGAACTGATTTACCCGTTCCATAAGCGAATGGTTGACGAACTGGCTGAACCTGATGCCCCCATTAGCATCCATTTGTGCGGCGATGTCCAAAGGCACTTGGTTTTCCTTAGGGACAATTTGCGCGTCAGGAGCATAGACACAGGCTTTCCCATTGATTTGGGCAAAGCGAGGCGAGATTTGGGACCTGAAGTTGAACTCCTCGGTGGTCCATCGGTTGTCTTGCTGCGTTATGGGAAGCCAGAACAAGTTCGGGAAGAGACAATCAAAATCCTGCGAAGCGGCGTAATGGAGGGAGGCAAATTCATTTTGCGCGAAGGCAACAACTTAGCGCCCTTCACGCCTTTGGAAAACCTTTGGGCAATGTATGAGACGGCTAAAGAATACGGACGCTATGATTGAGAGCGATGAAGGAGGCGAAGGAAGATGACAAGTAGGGAACGGTTTTTGAAGGCGTTGAGGCATGAAGAGCCTGACCGAGTGCCAATTCACGACAGCCCTTGGGCTGAAACAGTGCGGCGCTGGCAGCGTGAGGGGTTGCCAGCGGAAATTCCCGTTTCCGACTACTTCGGCTACGAACTCGTCGGCATCGGCTTTGACCAATCGCCCATGTTTGAGGTCAAAACTCTTTACAAGGACGACACCTATATCGTGGAGACAACACCCTATGGTGGCATCCGCAAAAATTTCCGAACTTATGCCAGCACCCCTGAAATCATTGAGTGGGCTGTCAAGACGAAAGAGGACTGGCTGAAAATTAAGGAACGACTCAGCCCAGATTTCGCTCCAGACTACACGAGGGTTGATTGGGTCGGATTGAGGACGACTTACCAACGAGCCCGATCCGAAGACAAATGCCTTGCCTTTTGTGCCGTTGTTGGATACGACCACCTGCAAAGTTATGTCAAGAGCGAAGACTTGCTGGTCATGATGATTGAAGACCCAGATTGGTTTAGGGACATGGTTGAGACGACGACGGAATTGGTGCTCAGGGTGGCTAAACTCATCATTGAAGATGCTGGCTACACCTTTGATGTCGCTTTCCTGTTCAACGACATGGGCTACCGCAACGGACCTCTCTTTTCGCCCAAACTTTACCGAGACCTCATCATGCCCTTTGACAGAATGCTCTGCGAATACTTTCACAGCAAAGGGATGCCCGTCATCTACCACACTGACGGCGATGTTCGTTTGCTCATTCCTTACTTGATTGAGGCAGGGATTGACTGCCTGCAACCCCTTGAGGCTAAGGCTAACATGGATGTTCGGGAGTTAAAGAAGCAGTATGGTGACCGATTGGCATTTATGGGCAACATTGATGTCATGAAGATGGCTCATCCCGACCCGAAAGTCATTGAGGAAGAGATTCGCAGCAAGTTTGAGGTCGCAAAAGTCGGTGGCGGATACATCTACCACAGCGACCACTCAGTCCCGCCCACAGTCAGTTTTGAACAATACTGCCGTGTCATGGAACTGGTCCGCAAATATGGCGAATATTGAGCGCCAGAGATGTCGGTGAACACCATAAAACTTCGACTTGCTGGAAGAAGTGCGTTCTAAAAGCCTGAAATTTCCTTCCTATGCTACGGGCTTTAACCCATAGATGGGACACGGGACAAAGGACATGGGACACGAGTTGATAAAATAACGATTGAGCGCCGAATTTAGTCGGCGAAAACATGGGAGGGCGAGGCTCCTGCCGAGCCAAAATAACAGTGAATGGCGAATAGCGATTGGTGAATAACGAGACGGCAACGAAATGATGAAAGTAGCGTCGGGCTTGTCCCCAACGGCAATTAAATAGCCGTCGCCCATAAGGGGCAGCGCTACCAAGTTTGCCATCAACCACTGGCTGAAGCCAGTAGTATGGCAGTTTTAGAACGCACTCCGAGCCTTATAGGGAAGGTTTTTCTGGCGGATTTAATGGGGCTGTAACTTCAATAGTCAAACCTTCCGCTGGCACTCCCGGCTGCGGTGTTTCATTCCCATTCCTGTCCCTCGCCCTCAGCCAAACACGATAAACCAACGATTGCCCATCATTTCTTATGTTGCTCTCAACTTGAAGTGTCCCTTGGTAACTGTCACCACCAGCAGGAAAAAGAGAAACCTGCATTGATGTCCCATCAGGTTTTTGCACCACTGCCCAAACACTTTCAACACCTGATGGGTCTCTTACCACTGCCGAAATTGTCACTTCCCCTCCAACAAACCTTAACTTTTTCGGGTTGACTTGGTAATTAGAGATTTCTGGTGGCGTTCTGTCTGCTCCCCCTCCTCCCCCGCCACAACTATTCACTGCAAACATCACTGCCAACATCACCAAGCAAATTGCCCATCTCATCATCGCTTTTCACCTCAGTTTCGTTTCTCTTTCAAGTCAAGTTAAGCTAAATTCATCGCAACCTAACAACCGTTGCTGCTTGAACTGCCCTCCCCTCTTCATCAACCGCTCTGACACGGACAAGGTAAACTCCAACCCCAACTTTCTGCCCTTCAATCCCAACGCCCCTCCAAACCATCCTGTGCGTCAACCTTCTTTGCTACCTGCATCCAAAACTGCTACTCTCCTTCCTGTCAGCGTCAAAACTTCCGTTTCAACCTTTGCAGGCTTAGTCAAACTGAACTCTATCGCCACTCCTTGCCCCCTCATCGGTGTCGCTTTCAACCCAATAACCCTCAACGGTCTTTCGTTGCCGCGCTCAACTATCACCTTGAACTTCCTCTCAAACTCCCCTTCCTGTGCAACAAAACGATAACTTGTCTGAGTTCTCAAATACAACCTCTTCCCTGTCACAGTGTCAACAAGCCATGCACTAACATCCTTCGGCGCATAACCTATACCATCAAAAGTCAAAGTCACTTCTTTCCTTTCTCCCGTGCCCCTTGTCCCGTGTCCCTTGTCCCACCTAACCCAAACTTCCCATTCTTGCCTCCTTGAACCATCACTTCTAACATCAACAGCCAAAGGAACATTGTTTTTGAGCAAAATGACTTGAACTCCATTGCTTCCTGTTGGTGGGTCAGGTGGAAGCCCAACCGAAAGACCCCTTCCACCTTGAGCGAAACCAATTACTGCTTCTCCAACGCTTCCATCAACCAATGCCTTCAATACACAACGCCAAC
CP130454.1_gap9	399321	402802	3481	GCAGCGGGAAGTTTTCTCTGTGCTGGAGTTACCGAGAGTCGCAGAAACTTTGAGGAACCTCACAGATTCATCAGCACTCACAGTTGAGTAGGTAATGTCACCAGCCTGTCTTTCTCATGCCATGATTTATCTGCGGATGCGTTTTAACTTTCAAGGTGGTGAAAGGCGATGGGCATAAGTGTCGGGATTGTAGGGGTAGGGCAGTTTGGGCAGCATTTCGTCCAACTCTTTCGTGACCATCCCGATGTCAACAGAGTTGCAATTTGCGATTTGAACCCTGACAGGATGGCTGCTTGCGCCCGCAAGTTTGGCATCAACGAAACTTACTCGTCCCTTGACGAAATTTGCCGAAGCGATTTGGATGCCCTCGCAATTTTCACCCAACACTGGCTTCACGCTCAACATGCAATCCAAGCGATGGAAGCAGGGAAACATGTCCTGAGCGCTGTCCCGCCCGCTTACGGCAGGACGCCCGAAGAAGCGTTGGAGTGGTGCGATAGGTTGGTTGAAACTGTCAAAAGGACCGGGCAAATTTACATGCTGGCGGAGACAACCTATTACCGACCTGAAACGATGTTTTGCCGCAAGAAGGCTGCCGAAGGCGCTTTCGGGCAGTTCGTTTACGCCGAAGGCGAATACTTCCACGACATGTCTCACGGTCTTTATGAAGTCCTGCGCAACCGATGGGGTGCTGAATTTGGTCCAGACAAAACTGGTGACCCACCGATGTTCTACCCGACCCACTCAACGAGCGGGATAATCAGCGTGATGAAGGCGCGGATGGTTGAGGTTTCTGCGATGGGCTATGTTCAACCTAATGACGACTGGTTTCGCACCGATACAATTTGGCGCAACCCTTTCTGCAACCAAGTGGCGCTTTTTCGGATGAGTAACGGGGCAGTTGCACGCATCTGTGAGTTCCGACGAATTGGTCATGTCGGTAGGGAAGGATTTCGGATTTACGGGACGGAGGCGAGTTTTGAGTGGGATGTTTCTGGTGCGAAATGGGTGACGAAGGTTGGATGGGAATTCGTTGACCCTACGGTTGCCCGTGACCCTTTGCCTGAACCGCTCGCTTCAAACTTGGGCGGTCATGGCGGTTCTCACGCTTACATCGTTCACGAATTTGTCTCGGCTTGCAACGAAGGCAGGTTGCCAGCAATCAATGTCTGGGAGGCAGTTAGGTATTTCGCCCCCGGTGTCGTTGCTCACCAATCGGCGATGCGAGACGGTGAGTTGCTGAAAATCCCCGACTGGGGCGACCCACCAAGTTGAAAACCGGAGGCTGGGTCAAATGGCAAAACCAAAACTCACCATCGTGATCCCAGTTTACAACGAAAGAGGCACAGTCATGACGGTGTTGGAGAAAGTCAAGTCGCTCCCCGTCAGCAAGGAGATAATCGTGATTGACAATCTGTCAACCGATGGGACGCGGGAATTGCTTGAAACCGTCAGTGACCCGGAAATTCGGGTCGTGCTGCAATCAAAAAACTTGGGCAAAGGGACATCGGTCAAACTCGGTTTCGCAATGGCAAAGGGCGAATGGGTCATCATTCAGGACGCCGACCTTGAATATGAGCCAACCGACATCTTGAGGTTACTTGAACACGCCGAAAAAACGGGTGAGGTTGCAGTTTTCGGGTCAAGGCTTTTGACTGGCAACCCGCAAGGCATGTTGGCTTTTTACATCGGGCGAGTTGTGCTTAACCTGATTTTCAGGCTTCTTTTCGGTGCAAAGACAACCGATGTGGCGACTTGCTACAAACTGGTTCGGTCTGACATCGCTAAGAGATTGAGGCTTCGTTGCAGCGGTTTTGACCTTGACTTTGAGTTGGCTTCGGCGTTACGACGATTGGGTTACAACATAGCGGAAGTCCCAATTACTTACCGTCCACGCACAATCGCTGAAGGCAAAAAAATTCGCCCTATGGACGGGGTTAAGGCAATCGCAACGATGTTGCGCGTTCGTCTCCAGTCCCGTGAAACTTTGATGCGCCCTGTCACAGCATCGTAGCCTAAACTCGGCTACAATTTCCGTTAACAAACCGAACGACGATCCCTGCCTTTAGTAGGGCAGTTGCCGTTGAGGGATTTCGGCATTTTGAGCGAGGTGAGAAGCCAATGAGCAAACCGATTGTAAGCGTTTCAGGTATTCGTGGCGTTATTGGCGAAACTTTGTTGCCTGAGGAAGCATTGCGCTGGGCGCTTGCCTATGGGACTATGGTCAGTGGGGGAACAGTGGTGCTTGGACGAGATACTCGCCCATCGGGGGAGATGTTGCGGGGGGCGGTGCTTGCGGGATTGCTGTCAACAGGTTGCAATGTCATTGACTTAGGCATTGTCCCGACACCGACTTTGCAACTGGCAGTCCAGCACTGGCAAGCCGACGGCGCTGTCGCTATTACAGCATCGCACAACCCAACGGAGTGGAACGCGTTGAAGTTTTTTGAACCGTCAGGCATGTATCTTGATGCTGAAGGGGTGAAGCGGTTGAGAGCGATTTACGAAAGCGGAGAATTCAAGCGAGCCCGTTGGAATGAAGTGGGAAGGATTCAACTTGACACTACCGCAATTGACCGTCACATTGAGCGGATTTTGACATGCGTAGATGTTGAGCGAATTCGTGCAAGGAAGTTCAAAGTTGTCATTGACTGCGTGAATGGGGCTGCTTGTTTCATCTCTCCGCGACTTTTAGAACGGCTTGGTTGCGAAGTAATTCCGATTTTCGCTGAACCGACAGGGATTTTCCAGCGCGACCCTGAACCAATTGCCGAAAACTTGGACGAACTTTGCCGAAAGGTTAAAGAAACAGCCGCTGATGTGGGTTTTGCTCACGACGCCGATGTTGACAGACTTGCCATTGTCGCTGATGGTGGTGAGGCTTTGGGCGAGGAAATGACTCTCGTCATTGCTGTCTACCATGTGCTTGCCAACAAAGAACGAGGTGCAGTCGTGACGAACCTGTCCACAACGATGGCGGTGGACGATGTAGCAAAGCAGTTCGGCGTCCCCGTTTACCGAACTCCCGTCGGTGACATCAATGTCAGCAAGCGGTTGAAAGAAGTCGGCGGGGCAATCGGAGGCGAAGGAAATGGCGGCGTGATTTACCCGCGAATTCAGTATGCTCGCGACGCTGTTGCTGCTTTGGCTCTGATTTTGGAATTTATGGCAATGCACGAAGAATCCCTCAGCGAGTTAGTTAAGCGATTGCCTCGCTATCACATGGTCAAAAAACGACTTCCCGTCGGGACAATACCTGTGCATGAACTTTTGGAGTGCATAAAGAAGCGATACACGGCGGAGGAAATCGTTGAGGAGGACGGAGTCAAGTTGCAATGGGATGACCATTGGGTTCATGTCCGACCATCGGGGACTGAGCCAATTTTGCGTGTCATCGCCGAAGCGAAAACCCCCGATTATGCAGAAAAACTTTGCGACGAGGTCATTACCGAACTGAAGCAGTTTTTGGGTTGAAGCATGC
CP130454.1_gap10	538877	539509	632	GCCCTCAGCGGCAGTGATAAGTTCCTCGTCACCGACACGAACTTTGACTTTCGCTTCGGCAGTTATCGTTCCATTTCGGTGGGTCACGACGACAGTGAAGTTCACGAGTTCAAAGAACTTGCGGCTCAGACCCAAATGCCGACGGATAAGCAACTCCAAAGATGCATCTGCGCTCTCATACTCGTATCCTTCTCGTTCGCGCCTCTTGATTTCGTTGATGATGTGGGCGACTTCAGGGGAGCGTTTGTCAAGGTAAATCCCAAACTCAGCCGCTTTAGCGACCACCGCTGCCCTCCCTGCTAATTCAGAGACGAGGATTCGCCTCTTGTTGCCGACCAGTTCTGGCGGTATGTGCTCATAAGTTTCCGGTCGTTTCATGACAGCATCGCTATGCATTCCACCTTTGTGGGCAAAAACGCTCTTCCCGACGAACGGCTGCTTATCGTTGGGCACCAAATTCGCAACTTCGCTGACGAAGTAACTGAGTTCGGTCAGTTTGCGAAGTCTTTCTTTGCCAACGCAGTGAATGCCTAACTTCAATTCCAAGTTGGCGATGACGGAAATCAGGTTGCAATTTCCCGTCCGCTCCCCAATTCCGTTGATTGTCCCTTGAACCTGAGTTGCTCCTTGAA
CP130454.1_gap11	544078	547175	3097	TTGAAAGATTTGCCGTCAATCGCCCGCTCTAAAAATGTCCGACCACCTGCAGTTCTCGTTGTCGGCGAAGTCGTGAGGTTTCGGGACAAATTGGCTTGGTATGAGCGAAAACCTCTTTTCGGGAAACGAGTCCTTCTCCCTTGCATTGACCCTGAAAACGAGTTGGCGAGCGACTTGGAGGACTTGGGAGCGGAAGTTGTCAGGCTGCCTGTCGCAAAATCTGTTGGCATCAAAAAGTTGAAACGACGGTTTGTTCAACTTGCAACTAAGTTCAACGGAAACGGCAAAGGTGATTTGAGGGAAATTTCCCCTGAAGACGGAAGGTGGCGAAAGTTCCTGTGGCTTGCGCGAAACAACGATGGCAAAGAACTTGCGACGGGGCAAAGCAAGTTAGGGACGAAGGTTAGAGGTGCCAACAAATCTAATCTGCGTCCTTTGCCTGAAAGTTTCCTCAAAGCAGTCCTCAAAGAGCCCATCCACATCGTCGCCTTCGCTTCCCCTTCGTTGGTGCGAGCCTTCTTTGAAGCCGTTGGGCATGAATGGGCAAAGAAAATCCTTGAAAACGCCCAAGTCGTCACCACCAATGCTCAGACGGCAAATTTTTGCCGACAAATCGGGCTTGAGCCATCTTTCATTCTGAAGGCTCATACTTTTGAAAGGCTGGCAATCGTCCCAACGAGGTGAACTGCCCGTTAAAGGCGTGGCTAAGTTGGGCAAGGGGAGTGAAGGCGATGAGGAAGTGGATTTGGGTCTTTGCAATTCAATTTGCTTTCGCCTTTTCAGCACAGGCTCAATTTGTCCGCAACGAATCGGTGCGGGTTTTCCCCGTCGGCGAGAAAGGACGATATGTTGGCTTTGCTGTTCAACCTTTGATGCGCAGCGAACCTATAGCGACCGTCCGTTTCGGAAGCCTTGACAATATCATCGCAAGTTCGGTGCAAGTCCAAAAGCAAGACAATGTTTCAACCTTGAGGTTTTCGGACTTGAAGGGTTTGCCGACACCAGATTTTGACCCTTCGTCCTTCATTGAAGTTCGTTTGCTCCCGAAAGACCCTTATCCTCAAGTTCGGTTCAGGCTTCAACTGACGGGTTTTGACCCAAAGTTATGGGAACAACGGTTTGGGCGAGTTCCCTTTCACTTCTTCGCCTGCTCCTTGCCCGGAGCCGAAATTTTCCACCAACGAGGCTGGATGATTGGAACTCCCGTCATTGACCGTTACATTCTGCTGGACGCAGGTCCAACCAACTTCATTCAAGCAAGTTGGGCGAAAGGATGGAGTTACGCACCACCTTTCGGCGCTTACCCTTTGCCTGTCGTCGGTTTATGGAAGCCGTCAGCAAAAACCTACATCGCTTTTGAGTTTCTGACGGCACGCTTGACTGACCATAGTGAACGGTTCATCGCAAGCGCTTATTGTTGGGACATGGGACATGGGACAAGGGAGACGGAAACGGATAAAGTGCAGGAAAGCGAGGGACGAGAGTTTTTTGCGTTGGTTTTCCCTTACGCCGTCAACGGTTTCCGCGAACTGAGGTATCCGCAAGGCAATGAGACAATTGAAAGCCGCTTCCACATCCTCTGGCACACAAACTTGCCCAGCACCGATGACCCAAATCGTTTCGTTCACCGTTGGCTTTGGAAGAAGTATGCCGACAAGTTACCCAGCGCACCTGCAATGAACGAGTTTGGTTGGTTGCCCAAGAACTTGAGGCTTTCGGTTTTCCCGAAACCTGGTTTAGGAGACCTTTTCGTCGTCACTGACGAAAGCAATCCTTTCCAAAAGCCCGGCAACATCGCAGCCGTCGGGGTTGACTTTTTCACCCCCGTCGTTGATTACCAATTCATCGCTCGGAACGAGTCCACTCTAAAGCGCTTGCGTGCCCAACTTGACCAACTTGTCGGTTACGCAGTCCGATTCAAAGTCAACGGTGACCAGTGCGTTTTTTGGCAGAAGCCCATCAAAGGCGATTGGCGCGAGCATTACGGTAAAGGTGTTCCGACCTTGCGAAATGTCCAAGGCTTTCAAGTAGCCCAAGCCTTTCTGGACGCTGTCCGCAACGGTTGGCGTGAAACTCGTTACCTTGAAATCGTTGACGGCGCGATGCGTTGGGCAAAGCATTTTCTTTACACCCGCAATTGCTACGATGATGTCCCTGATGCCCAGTTCGCTTGGAGTGCAGCGCCAATTGCCCACTTCCTGTTCGCTTACCACTACGCTTTCCGAAACGACCCAGACCCACAAAGGAGGCAATTGGCTCGTCAGGCAAAAGATTTGGCTCATGCCGTCGTTTACCGCTACATGGCTTTGTTTCCCTGCGACAACGACCCCTTTGACGACATTGACGCCAGTTTCTTCATGGAGCCGAACGCTGGTTTCCCTTGGCTTGGCTCTGCCTGCGCCAACGAGATTTGGGCTTATGCTCATGCGCTCCTTGAAGCCTATGTCATCACTGGCGATCCCATCTTGGGTCACTACCTGCGCGGGATGACCGAAAAGTGGCATTTGCTGATGCGGGACGAATGGCATCCAAACATTGCCGACTATGTCAACGCCTTCGCTGAGATGTTCGGGTTGTTTGACGGCGTTGTAGTTGGGCGAGGCAAACGCAGCACTTTCGGTGGCTTGTGGGGAGGGTTTGAGCAACTGGCTTACCCTGTCGGCGAAGCGCAGATGCGCGTCGTTTGTGGTGAAGGTGCAGCAATGGCATTCAACAAATTCGGCATCAAATACGACATCGCCAATTACAAGTGGGCAGAAAAAGGCGCTTCCTTCGGTCTCAGTTTCCAAGTCATCGCACTGTCACCCGAGGCAAAAAATGACGAAATCGCAGTCATGGTTACTGTCCCACACTTCAACCTGCTCAATGTCAAAGCCAGTTTGATGCGAAGTGGTCAAAGATTTTCGCTGGGGCAAGGTCAGATTGTCGCTTTCCAAGAGCGCCCAGACACTTTGCTCGTTCGCGGCGTTCGCGTTGGCGACGAAATTGTTATCGGCGAAGTTCCGCCTAACACACCCGTTCTGCCCTGCCGAATTGCCAAAAAGCGACAAGCACACCCTAATTGGATAGTGGGGCAGTGATGCCGAAAACTTTAGCG
CP130454.1_gap12	617072	621665	4593	TATAATTTTTGCGGTTTTTTTCCACACGCAATTCACCGTGCACGGAGGTGTCATTTTGCGAGATGGGCAAGCGGTATCGTTGGTCGCGTGAGCGAATCATTGAGGAAATCCGAAAGTTGCACGAACAAGGGATTCCGCTGAACATGGCATCGGTGCGAAAAGTCTTCTCCTCTCTGGTCGCAACGGCATGTTCGCGCAGATACTTCGGCAGTTGGCGAGCCGCCGTTGAAGCGGCAGGGTTCAACTACGACGAAGTCATGCAAGTGAAAAAGTGGACGAAGGAACGGGTCATTGAGGAAATCAAACGGCTGCACCAATCAGGTGAGGATTTGAGACCTTCCGCCGTCGCAAGGAGTTGTCAAACCTTGCTGATGGCTGCTCGCAAGTTCTTCGGCGGTTGGCGTGAAGCGGTCATCGCTGCAGGCATTGACTACGATGCCTACATCAAGGAGTTCAAGGAGAGCCGAGTTGAACGCGATAAGCAGTCCATCATTGAGGAAATTCGGCGCTTGTATCGTGAGGGGCGAATTGACGAATTGAGCGGGGCATGGCGGTATCACCTCTCCTTGTTCCGCAAAGCCCGACATCGCTTCGGCAGTTGGCGGAAGGCGATAGAAGCAGCCGGACTCAACTATGACGAAGTTGTCCAAAGGCAAAAGTGGACGCCCGAAAAAATCATCGCCGAAATCAGAAGGCTCTATGCGGAAGGGAAAGATTTGAGCATCACCGCAATGCAACGCTCATACCCGAACTTGGTAGCCATCGCTCAGTCGCCACGATATTTCGGCAGTTGGCGTGCCGCCATTGAAGCGGCTGGTCTTGACTATGAGTTGATTAAGCGGCAAAGGGGTAGAAGGAGAAAAGAGCCGATCCAAGTGAGGGTGTAAAGGACAACCCAAACAACGCTTTGTCACAGAGAGGCGATCGGGTGTGGCTGTGTCTGTAACTGACACTTTGCGGTCTTTTCTCCGTGAAGTCCTTGACACGCCGCTCAAGCAGGAACTTTTGGCATTCTTCGTCACCAACCGAGCGATGGACACCGTTCAAGGGCTTTCCGTTTGGCTCGGTCGCCCAGCAGACGAAATACGGGCAGCAGCAGATTCACTGGTTAAGGCTGGTTTGCTCCGTAAGGAAGGCGAAGGCGAGAGCGCAATTTACAGTTACCAACCGAGACCCGAAATTGCAGATTTGGTAGATGCCTTCCTAAACCTCTACCAAACGGCAAGGGCTCAACTGCAACAGGAACTAAGTCAAGCCCGTCAGCAGGCTGAGCAAGCGTGGGAACAATTGAGGGCTTTGCAATGGGAACAGAGCAGGTTTCGGCTGATTTTGTCCAGCATGACTGATGGCGTAATTGTCTTGCTCCCTGACGGAACTGTCTCTTACTTGAACGAGGCTGGTGCTCAATTGCTCGGTTCCACAACTCAGGGGTTGACTGGCAAAAGGCTTGAGGGAAGCGACACACCTGTGGCTAACTTGCTGGTGCAGGCTGCACGGGAAGTTTCCCAGCCGCCATATCCCGCCATAACCAGAGAATGGAACTTGCCCAACGGAACTGTCCTGAGAGCAAACTTGCTTCCCGTTTTTGACCCGCAAAAGCATTTTATGGGCGTCGTGTGCGTCCTCAGCGACATAACTCGGACGAGGCAAAGGGAACGGGAGCAAAGGGAGATGCTTTCTGTGCTGGCGCATGACATAAAGTCGCCAATCACAGCCATCCGAGGATTCGCCCTGTCAGGGCTGAAAGGATACTTGGGTGAACTCCCGCAACCGGCGACAAGAGCGTTCCAAGTGATTGCCGAACAAACGGACCGACTTCACGAAATGGTGCAGCAGATTGTCCAGTTGCTCACGGGTGGGCAAGGGCTTCCGCCCCTGCAACCAATTCGGTTTGATTTGAGGGAATGTGCCCAAAAGGTGGCTCAAGCATACGAGGGCGAATGCGCAGGAAAGGGCTTAACTTTGTCCGTCCAGTTGGATGAACAACCAGTTTGGGTTCACGCCGATAGAGGGCTGATGGAACGGGTAATTGACAACTTGATGAGCAACGCCGTCAAGTATAACCGCGAGGCTGGGCAAATTTGGCTTCGGGTCTATAAGCGCAACGGTGAAGCGGTTCTTGAAGTTGAGGATACTGGCGTCGGCATTCCCGCATCGGAATTGCCCTTCATCTTCCATCGCTTTTACCGAGCATCAACGGCAAAGGGCGAAGGTTCAGGGCTTGGGCTCTCTTTTGTCCAACAAGTCGTTGAGGCTCATGGTGGACGCATTGAAGTCAACAGTTCCGTTGGGCAAGGAAGCCTCTTTAGAGTCGTGTTGCCGCTCACTTCCGAGCCTAAAATTTTGCGAAAGGGGCGGGAACAACTGGAAGGGCAAGAGGCAAAGCCATAGCGGTGAGCAAGCAGGAACAAAAGGCACATATTCGCTTCTTTCACCTTCAACTCCGTTCAGTGGGGCAAACTTAAGTCTTGGTGCGCCCTATAATTTTCGCAGGTCAGGCAACGGGTTCACGCCCTATCGGCAAAAAACCGACTCAAGCGGAAACTGCTACGGAGGGATCAACCCATGACGACAAAGGAATTGCGTCAAGCCTTTCTGGACTACTTTTGGCAGAAAGATCATCTCATTTTGCCCAGTTTCTCGCTCATCCCCAGCGACCAAAGCACTTTGTTCACTTCCGCTGGGATGCAGCCACTCATCCCCTACTTCCTCGGCATCGCCAAACCGCCTCAGCCACGCATCGCCACTTGCCAAAAATGTTTCCGCGCCGACGATATTGACAAGGTCGGCTACACTTGGCGTCACTTGAGTTTCTTTGAGATGTTGGGCAACTTCAGTTTTGGCGACTACTTCAAGCGCGAAGCCATAAGGTTCGCTTGGGAGTTCATGACGGAAGTCATTGGCTTGCCCAAAGAGCGCCTTTGGGTCTCCGTTTACGAGCAAGACGATGAAGCCTTTGAGATTTGGCACAAAGACATCGGGTTGCCAGCGGAGCGAATTGTTCGGTTAGGCAAAAAGGACAACTGGTGGGGTCCTGTCGGCGATACTGGTCCATGCGGTCCTGACACCGAAATCCACTATGACCGAGGTGAGGAGTTCGGTTGCGGGCGACCCGATTGCAAGCCTGGCTGCGATTGCGACCGATGGGGCGAACTTTGGAACTTGGTCTTCCAGCAATATGACCAGCAAAAGGATGGAACTTTGTTGCCCTTGCCTAAGCCCGGCATTGACACTGGGATGGGCTTGGAGCGACTGGCTGCCGCAGTTCAGGGCAAAGTCACTGTGTTTGAAACTGACATCTTCTTCCCGCTTGTCCAGCACATCTGCGAGATAGCGAACTACGAGTATGGCAGCGACCCTCAAAAGGACATAGCAGTCCGCATCATCGCCGACCACTCAAGAGCCGTTTGCTTCATGGCTGCAGAGGGCGTTGTCCCATCAAATGAAGGGCGAGGTTATGTCATGAGAAGGTTCATCCGAAGGGCGATGAGGTTAGGGCGAAACTTCGGCATTGAAGACCCGTTCGTTCACCAACTCGTCCCAACTGTGGTGCAACTCATGGGCGACCCGTATGACGAACTTGTCAAATCCCAAAGCGTCATCAGTGAGGTTATCAGGCGCGAAGAAGAGCGGTTTGAGCAAACCCTTGAAATCGGCATGGCTCGGCTTGAGGAGATGATTGCCGAAACGAAGGCAAGGGGCGAAACGGTTTTGCGTGGTCGCGACGCTTTCACCCTCTACGACACTTATGGCTTCCCGTTGGAGTTGACGAAAGAGATTTGCGCCGAACATGGCTTAACCGTTGACGAAGAAGGCTTTAACGAGGAACTTGAATTGCAGCGACGAAGGGCGCGGGAGCGGATGCGGTTCACATCGCCCTTTGAGGCGGGCGAATTTGAAGGGCTGCCACCAACCCCCTTCGTCGGGCGAATGCCTGAACCTGACGGAGTTTTGGCATGTGAGGCGTCGGTCATCGCTATCAAGCAGAAAGATGACGAGGTTTGGGTTGTCCTTGACAAAACTCCTTTCTACCCCGAAGGCGGAGGGCAAATCGGCGACACGGGCGTGATTATCTGGGACGGGGGACGGGGGACGAGGGACGAGGAAACAGCGAAGGCGGTTGCGCGGGTTTTAGACACGCAGAAGTTCGGCGATGTCATTGCCCACAAAGTCGTCATGGAGAAAGGGTTCTTGACCGAAGGCGCTATCGTTTGGGCTCAAGTTGACGCTGAGCGGAGGCAAGCCATCCGACGAGCCCACACCGCAACCCATCTGCTTCACGCAGCCCTTCGGAAAATCTTGGGCGAACATGTCTTTCAAGCAGGTTCAGTCGTTGAGCCTGACAGACTTAGGTTTGACTTCACGCACCCGAAACCGTTAACGCCAGAAGAGTTGCAAGCCATTGAGGAAGAAATCAACCGCAACATCTTGGCAGCATATCCCGTTGAGGCTTTTGAGACCACTCTGCAAGAGGCAAAAGCGATGGGTGCGATGGCGTTGTTTGGTGAAAAGTATGGCGAAATCGTGAGGGTCATCCGCATTGATGGCGTTTCAGCGGAACTCTGCGGTGGAACACACTTGAGCAACACCGCT
CP130454.1_gap13	622880	625248	2368	AGGTGCAACGCCGAGGTAACCGAATTGACATCGTTGCTCAGATTGGGGATTTTGTGGTTACGACTCGCTACCAATTGGGTAAAGGCGGGGTCTTGCGGAAGGATGTAGCGCTGAATTATGGAGGCGATGGAAACCCCAAAATTGACGGCGTTTTGTTTCTTCTCCCAGCGATTGGGTTAGGCGAAGACGCCGTTGTGCTGAGCCCTTTTTTTGAATTCCTGCGAGTTCCAGTCAGCCAGCGACCCCGTTTCAGCGTTGACATGGGCACAGGTGCTTGGTGCGCCTTTCATTCTCCCTCCCAAAAACTTGGAATTGCCGCTGCCTTCTACAGCGAAACCGAACACTTCTCCGTCAACACCGAAACCATTGACACTCCCAAGCCCGTGTCCCCTGTCCCTTGTCCCTTGTTCCGCCCTTGGCATCGGCTTGGAGTCCGAGACCGAGCGAGCAAAGGTTGGAGCGCCGAGTTGGGAACTCAGTTTTTCATCGTGGCTGAAGGTGATGAGCGAAAGTTGCTGGAAAGCCTTTGGCACGCTTGGGATTTGCTGGGTTTGAGACCGCTTCAGGACACGCCAAAGGACGCTTTTGACGGCGCTTTTTACGAACCTGCAGTTCAACACACTTACCGAAACATCACTCGCCTGCTCCCGCATTTGAAGCAATTGGGTGTCAAGACAATTTGGTTACCGCCTTACACGCCGGGCGTCTACGCTCCCCTTGACTACTTTGCCATTCGCCCTGAGGTCGGAACTGCCGAAGAGTTGAAAGTTTTGGTCGCAGAAGCGCACAAGTTGGGCATGCGGGTCTTGCTTGACCTAATCCCGCATGGACCAAGACCTGAAAGTGAACTCGGGAAGGAGCAAAGGCGAAAGTTTGATGCGGGCTTGGACAATTGGATTTGCGCTGACGAGCGGGGGCGACCAATTCACTGGTGGGGCTGTTACGCTTTTGACTACGCCCATCCAGGTTGGATTGCTTACATGGCAAAGGTGGCAGAACATTTTGCCCGTGAGTTTGGCATTGACGGTTGGCGCATTGATGTCGCTCCCGGCGGTCCGCCCAACTGGGCTGTTGTCAACCAACCTTACCCGAGACGCCGACCAAGCCAATCTGGGCTTTGGGGAGGCTTGCAAGTTCTCAGGGAAGCCAGAAACGCTGTCAAAAGGGTTCGTGGCGAAGCCTTGTTCTACCCCGAAGCGTCAGGTCCGCCTTTCGTCGTTCACGGCGATTTTGACTACGGCTTTCCGTTCTACTTTGTAGCGATGCGGTTGATGACGATGCTGCCAGAAGAGTTCGTCCCAAGTTTGCGCCGTTGGCTTCAGCATCAACGATACACATTCCCGAAGGGCGGTTCAAAACGCATCGTCCGTTGGCTCGCAAACCACGACAATCCATATGTTCAAGGACGGTTGGGTTTCGGTTACTCCAAAGCCATGTTCGCAGTTTGCGCACTTAGCGAAGGCGTGCCCTTCATCTACGAAGGTCAAGATGTCGGCATGACCGATTTTATCGCTCGGCTGATGAAACTCCGTTCTGCATTGAGGGAACTAAGGGACGGTGAAGCCGATTACTTGTCCGTTTCGGTAAGCGACGATGCGGTTTTCGCTGTCCACCGATTTTGGGGCAACTTTCACACCGTTGCGCTGGTGAATTTGAAAAGCAGCCCAGTGACCGTCAAAATCAGGTTGCCATCACCGATGCAAAATTGGTCTCAAGTCGGTGACGCATGGACAGGAGAGGTTCACAAGGTTCAAAAGGGCACAGTGGAACTGACTTTGCCCGCATTTGAACTTGCGCTCCTTTCCGATCCAGTCCGAACACGGAAACTTGCGCCGAAACCTGAGAGGCTTAAGCCAATCGCCGTTCAGCCCGTGACCATCTCCGACGAAGGGTTTTTCAAAGTCGGCAACTTTGTGGTAGGTCAGTGGCGTGAAGGCGAGTTCAAAATTGCTCCGGGCGAAAGGTTGCCTTTTGAGGTCGCAGAAATCAAGCGCAGCGAAAATGAGGTCATCGGCAAATTGGCGGTCAAAAGGCGAATGGGTGCTGTCGTCAGAACCGTTGCTGAAATCCATTGGCGTTGGACACAACAGGGCAACTCTTGGGATTACGACGCAACGCTGCAATTGAAACTCCCCGTTAAACTTGCCCGACACGACTTTGCTTGGGAGTTCAAATTCGTCAAGCCTAAGCGCTGGCGCATCGCAACGGTTGAGGGCGAAATTGAAGAGGAAACGGTCATTCGCTTTGAGCGACCGCAACTGCTTTGGGACTCTTCACGCATTCCGCCAGCCTTTTCCGATGCTCCCATCAGTGTCCAACTCCCCGACGGAAGTTGGTGGACGCTAACGGATTGGCGAGGTGGCGCCGT
CP130454.1_gap14	728175	732847	4672	ATTTTCCTGCAGGCTTGCAACGAGTTTTCGGCTCTTTGGGCATCGTAAAACTCATAGGGACTGCCTGAGGGGTAAGCGTCTACACAGAGGCTCGGGATGTATTCGCTCTCCAAAATTTTGCCTGCTTTCTGTATGTCCTCAGGCACAGGGACTCCGATTTTTGACAAATCGCTAAGCAACTTCGTAAGTGCGTGACCGAAAGCGGGTTCGCCTAAAGCCCTGAGTAAACCCTTCACGGCGAATTGGGCTGCTTGCTCAGCTTTAAAGCAAACCCAGTTCCAAAAGCCTCCTGCCGCGTCGTTCTCGGCAGACTTCAATGTTTGTTCTGCTTGTTTGAACCATCGCTCAAACTCCGTGTTATCAAACAGCACTCCCATCACCCTTCTCTGCCGCAAAGTTCTAACATTGGCGCTCTCAATCTTAAGCCATTTAACAGCCTTTCGCTAATTTGGCTCAACTTGTTAGCCACTCCCTTTTGTCCCTTCTCAGCAGTTCGTCCGCTTCGTTCGGACCCCAAGTGCCGGCGTTGTAGTTGGGGAATTTTGGTGCAGGAGTTGTTTGCCAGCGGTGCAAGATTGGCGTTACGATTCGCCACGCTGCTTCAACCTCGTCCGCTCGCATGAAAAGGGTTTGGTCGCCACGCATAGCATCAAGCAAAAGCCTCTCGTAAGCGTCGGGAATTTTCGTGCCGAGTTGGGAGTAGTAAAAGTCAAGGGGCGTTGAGCGAACTTGCATCCCCATCCCAATGACTTTCGTCTCAACCCTCAAGATGATACCTTCATCGGGCTGAATCCTCAAGGTGAGCAAATTGGGCTTGAGTTGACCTGTGGTCTCAGGTGGGAAAAGCAGGTAGGGGACAGGACGAAATTGGATTTGGATTTCGGTCACTCGTCTGGGCAAGCGTTTGCCAGTCCTCAAGTAGAACGGGACGCCCTCCCAGCGCCAGTTGTGAACGAAAAGCCTCATCGCCACGAAAGTCTCAGTGGTTGAGTTGGGGTTGACATAAGGTTCGTCTCGGTAAGCAGGGACAAGTTGACCGTCTATTTCGCCAGCGGCATATTGACCTCTCACCACATTCTCGTCAACCTCTTCTGGCTCGTAGGGTTTGATGCTTTTCAGGACTCTCAACTTCTCATCCCGAACGGCATCTGCCTCAAGGGAAATTGGAGGTTCCATCGCCACCAAAGTCAGCAACTGGAAGATGTGGTTGGGGACCATATCTCGCAAAGCGCCGGCGGAATCGTAATAGCGCCCGCGAGTTCCAACCCCGTCGCTTTCAGCCACAGTGATTTGGACATGGTCAACGAACCTGTAATTCCAAAGCGGCTCAAAGATTGTGTTGCCGAAGCGGAGCACCAAAAGGTTTTGAACGGTCTCCTTGCCCAAGTAGTGGTCAATTCGGTAAATTGAACTCTCGTCAAAGGCTGTCCACAAAAGCCTGTTCAAGTTTTGGGCGCTCTCCAAATCGTTGCCGAAAGGCTTCTCAACGACTATTCGCACCCAGCCGTTACTTTTGTTCAATCCGCTTTCGCGGAGACCGATCACCAAGTCGTCAAAAACCTCAGGTGGGGTTGCGAGGTAAAAAAGCCTGTTGCCGTCAAGCCTAAACTTCTCGTCCAACTCGCACACTCGTTCCTTCAAAAGCCGCATTGATTCGGGGTCACCGTATCCGCCTCGGCAGTAAAAAATCCGCTTACAAAGCCAACCCCAAGCGTCGCTTTTTCGGTCAACTTTTAGGGCATCTTCAAGCATCGCTTTGAAACTGTCATCGTCCATTTCGGTTCGGGCGAAACCGAGGACGGCAAATCTCTCGGGAAGCAAACCTTGTTCTGCAAGCCTCAATAGGGCAGGTGCCAATTTCCGCCTCATCAAGTCGCCAGATGAACCAAAGATGACCAAAAGTTGTGGCTGCAAATCCATCCGCTTTTCACCTCGCTCATGACTTCCTTCATTCGCACGCCAAACTGCGTCTTTGAAAATTTGACTGCCGAAGACAGTAGGTGTCTATCAAGCAACGCCTGACAAAAATTTGACCTCTCACTCAGCCCGAATTTAGCAAGTTCGCTTTGCAGTTGTCAACTCAGGTTCGTTAGGGGGAAAAGCAGCATGCAAGTTCAGAACGGCAGCGATTGTCCCAAGTCTTTTTCAACGGCGCGCTCATAGATGACTTTGCCCACCGCCAAGTCCCAGAGGGCGATGCCTTGAGACTCAAAAAGCGTGATTTCATCGTCACGCTCCCGACCTTTGACCTTTCCCGTCACAATTTCGCCCAACTCAACCAACCTGTCCCAAGCCAGATCGCCGCGCTCAACAGCGGAAAGCAAATCGCCACATTCAATTTGAGCCTGCCTTCTGTCGTCCACCACGATGCGGTGGCAACGCCTCACTGCTTCGCTATCCAACTCACGCCTCACCAAAGAGTTTGAACCGACGGCGTTAATGTGCGTTCCGGGCTTCAACCATGCTCCCAAAAGGACAGGCGTTATTGATGTGGTGACGGTGACGATTATGTCAGCGTCCTTCACTGCTTCCTCCGCTGATGCGGCTGGGATGACGGGAACGCCCAACTGTTCGGTCATTTTCGCCGCAAACTGCTCCCTACGCTCTGGCGTTCGGCTGTAAGCGAAGATTTTCTCAACGGGTCGGACTTGACAGATGGCTGAAATTTGGGTTTCAGCCTGAAAGCCAGTTCCGATGATTCCGACGACTTTAGAGTTAGGGCGAGCCATAAATTTTGTCGCCACCCCTGAGGCAGCGCCAGTTCGGATTTGCCCCAATTTCGCTGCTTCCGCCACCATCAAAAGTTCGCCTTCAGCACCGTAAAGGAAAAACAGGACGGAACGGGGCGTGTAGGCTTTGAAGCCTGTCATCCCCCATTCAGGCACCGTCGCACCCATCCAATGCAAAATCACACCTTTCCGCCTCACCCTTTGGCGCGGTTGATTGACAGCCTTTCCTTCCCCGTGCAATTTCATGACCTCCTCAACGGCTTGAATGGCTGTTGGCATGTCAAGCAATTCAGCGACCTGACTTTCCGTCACGAAAATTGCCATAATTTCAAGCCTCCCTTGCTCAAGTTTCCTTGCACGCATCAAAATCAATGCGGCGACCTAACGAGCCTGTCCAACTCGCTGCAAAAATTTTGCTAAAGCCATTAGAGGGGTGACGAGCGATGAGGTCAATTGGGGCAATCCTTCTCGCAGTTGTCGCGCTCATTGTTGCAATTTGGGTGATGAAAGCGATGGAGCCTCGGATGAAGGCTCGGAGGGAAGAGGAATTGATGAAGTTGTGCGAGACGAGGTTGGGGCGATTGGCGGCGGCTTTACAACTTTACTTGGAGCGCTACGATAACTTGCTGCCGCCACCTCAAAATTGGTGCGACGCCCTTGAGGACATGGTTCCGCCAAGTCAAAGAGCATTTGTTTTCCATTGCCCAAAACTTGAGGGCAAAGGTGGCTACGGTTACGCTTTCAACGCCTACGCATGGGACAGCGAGCACAATGTCCCAAGATGGCATCCTGAGATGTATCCGCCAAGCGAGGTCGTGCTGATTTACGAGACAACCCAAACGAAACGCAACGCTGTAGGCACTGGCAAAGACATCCCAAACCCCGGTCGCCATAACGGCTACAACTTGTTCCTTTTCGCCGATGGCTCAACGATGGCTTTGACACCCGAAGAGTTCAAGGAAATGCTGGAAAAGGGCGAATTGAGGTTCAAGCCGTTGAAGCCACCAATCCGTTAGGTGGAGCGAATGAAACATGCAAGTGGCGATGGTGACCAGTTGGCGAGTCCGATGCGGTATCGCCCGCTATACTGCGGAACTCGTGGCAGCATTGCAACATTTGCCCGAGTGTAAAGTCGCCGTCGTGCCCGCAGGCGTTCAGGTTTGGATGGAACAAAGAAGACCGCTTGGTTGGTGGCGTGAGCGGACATATTGGAAGGAAGTGGCGGAAGCAATGAAAGACACCGATTTGGTTCATATCCAGTTCGCACCGCACTTCTTCGGCGGTCTCAAACCCTTCCGAAACTTGCTCCCTTTCTTCCTAAAGCAACTGGACAAACCAACCGTCGTAACTGTCCACGAGGTTGACACAACAGGCTCACCGTTAGTCAGGTTCGTCAAAGTTTGGGTTCAGAAGCGATTGTTTCGGTCAAAACGAATTTCAAGCCTCATCGCTTTGTCAAGTTTCGCTGCCGAGCAATTGAAAGGGTTAGGGCACGAGAAGGTGACGGTCATCCCTATGTGGGTGCCGAAACCGGAGATTAGCCTCTCGCCCGAGGAGGCTAAGCAAAAGTTAGGATTGACAGGACGCTTCGTTGTCACGGCTTTCGGGTTCATCGTTCCCCGTCGCGGATACGAAACTTTGCTTGAAGCCTTGTCCTTGCTACCTGAGGAAACGCTTCTCGTTTTTGCCGGTGGACCGCACCCGCTTGACAGAACCGGCTACTACGCAAAGTTGATGTCCATCATCAGCGAACATCCGTTCCGTTGCCGAATCCATGTCACCGGCTACTTGCCCGAACAAGATGTTGACCTCTGGTTGGCTGCTTCCGATGTTGTCGTTGCGCCGTTCCGCTACTTGAGCGGTTCGGCATCTTTGATGAGGGTTTTGGCTTACTGCAAGCCCATTGTCGCCTCAGACTTGCCACCTTTGAGGGAACTTGCAGA
CP130454.1_gap15	735198	739924	4726	GCAAGTTTGCTGCAACGGGAACTTGAGATCGGCTACCCCCGTGCTGGTAAGTTGATTGACCAGTTGGAAAAGGCTGGGATTATTGGTCCAGCCGAGGGGAACAAACCGAGGAAGGTGCTAATCCCGCTTGTGGATACGCCCCCAAAGGAACTCACGGACGCAAACGATTCAGGTTGAAGAAATTGCCAAGATCGCTTTTTGTCGGCGTGCCCTCAAAAGTTGCTTTCGCTCAATGCGCATGGCATCATTGTAAGGCGCTTGCTGACCCAGCAAAAAAGCGATGGAGGTGCAAGAGGGAAATGGCTCGCCCTGCGACGGATTGGAAGAAAGCGGCTACGGATTTTGCAAGCACTTACCTTCTGCCTGTCTTGGGCATCTTCGTGATGGTGATTGTCGGACTGGGACTGTTGGGCATCGCGGGATTTCTTTTGAGGCATGTGGCGATACCCATCGCTATCGTTTTGGTCCTGTTGGCGTTGGTTGCCCTCTTGACCGTTGAGATGGTTTGGAGGCTTTCAACTTTCAATGCGCTCTTGGGGCTCATTTTCACCTACCCGGCTGTTGTCGCTTTGATGAGAGAGCCACTTCAAGCGATTTTCGGGATCGTTGTAGGAGCCCTTGCTACATTGACCCTTCACCTCTACGGGGACACCTTGAAAGCGGCTGAACAGCAAAAGAAGGTTGTGAACGATCCGACCGGGCAAACCCATCAGGTCGTTATCCTGAGCAAGAATGCCCCCGATGCACCGATGCTGGCAGTGATGGTGGGCAGTTTAATCTTCACCTTGCTTTGTTGGGGATTCCGCGAACACGGAACTTGGAATTTGTTCCTCGGTCTCTTCGCTTCCCTGGCTTTAGGGCGGGCAATTTCGTGGATAAGTGTTGAAGCCGACACTAAAGTCCTTTACTTCTGGCAACCTTTCGCTTTCCTCAGAGAGGTATCAGGCTTCTCCCAATTTTTCCGATGGTGGCGTCAAGTCAGGCACTTATTGGGGATCGGCGTCGCCCATTGGGCGCAGGAGTGAATCGGCATGGGCAGTAACGAAATCAAGGTTCGTGTCCTTTTCCTCGGTCCCGCAAAGGAACTGACTGGACGCAACGAGGTGGTTTTGACTCTGCCTGAAGGGGCATCAGTGGCTACTGCTATCTCCAAATTGCTGCGGGAATTTCCGAAGTTAGAAGATCGCCTCACCCATTACAGGTTCGCCATCAATTCGGATTACGCCGACGAAAACACCTTGCTTAAAGACGGTGACGAACTGGCTTTGATACCTCCAGTTAGCGGTGGGTCGTCAGAAACGAAGGTTTTCGTCAATGTATCTCCCGAACCAATAGACTTGACATCGCTTTTAGACTTTGTCGCTTCGCCTCAAGCAGGCGCGATAGTGAGTTTCGTTGGCACTGTCAGGGAGTTCAGCCATGGCAAAAAAGTCACGGCTCTGACATATGAAGCCTACGAACCGATGGCTAAGAAGGAACTGATGCGGATTGCCGAGGAGATGTTAAATCGGTGGCAGTTGTGCAAAGTCGCTATAGTTCACCGAACAGGCACACTTTCCATCGGAAAAATTTCTGTTGCCATCTTCGTTTCTGCTCCCCACCGTTCCGACGCTTTTGAAGCGGCTCGCTATGCCATTGAGCGCATCAAAGAAATTGTGCCCATTTGGAAGCGGGAGCATTTTGAAGACGGAACAAACGAATGGGTTGAGGGCAAAATTTGAAGTGAACCATCGAAGCCCAAGGAGGTGTTTTCAGCCGTGACTCAAATGCAGGCTGCAAGGCAAGGCATCATAACCGAGGAGATGCGTATCGTCGCCCAAGACGAAGGCGTTGATCCCGAATGGCTTCGGGAGCAAATTGCAAAAGGGCGCGTTGTCATACCACGAAACATCAACCACCCAAACTACTATCCCGTCGGCATCGGTGAGGGGCTTAGGACGAAAGTCAACGCCAACATCGGGACATCACCCGACCACATAGACCTTGAGGAAGAGTTGCTTAAGGTCGAAATTTGCGAGCGATACGGAGCCGACACAATCATGGACTTGAGCACTGGCGGCGATTTGGACTTCATTCGCATGACCATCATCAACCGATGGCATAAGCCTTTGGGAACCGTGCCCATTTATCAGGTGGCGTGGGAGTTGCTGAGGGAAGGTAAGTCCATCACCGAGATGGATCCAGAACACCTGTTTGAAGTCATTGAACGGCAAGCCCAACAAGGCGTGGACTTTATGACACTCCATTGCGGAATTACCCGTGAGGCTGTCCGCATCTTCGTTCAACAAAATCGCGTTTGCGGCATGGTTTCTCGCGGGGGTTCCCTGTTGGCACATTGGATGGCTCACAACCGTGCTGAAAACCCCCTTTACGAGCAGTTTGACCGAGTGCTTGAAATTTGCGCCAAATATGATGTGACCATAAGCCTCGGTGACGGTTTGCGACCCGGCGCCATCGCTGATGCAGGCGATGCTGCTCAGTGGTATGAGACTTCGGTGCTCGGTGAATTGACTTTGAGGGCATGGGAAGCAGGCGTGCAAGTCATGATTGAAGGACCTGGGCATGTCCCTATCCACCACATTGAGGCTCACATCAGGATGATGAAACGACTCTGCTACGGAGCACCGATCTATGTGTTGGGACCGCTTACCTGCGATATCGGCGCAGGCTATGACCACATCACAGGTGCTATCGGTGGCGCTATCGCTGCTGCAGCGGGTGCAGACTTTTTGTGCTACATCACCCCAGCAGAGCATTTGAGGTTGCCTGACCCTGAAGATGTGAGGCAAGGCATTATTGCTACACGCATCGCAGCCCATTCAGGTGACATCGCCAAAGGTGTTAAGGGAGCGTGGGAACGAAACTTGGAAATGTCAAAGGCTCGCTATCGGTTGGACTGGGAGACAATGTTTGCTTTAGCCATTGACCCAGATAAAGCCCGCGAGTATCGGATGATGAGTGAAGATTACGAGAAGGGCGTCTGCACAATGTGCGGCGACTTCTGCGCCTATGTCAGTTCTATGAACACCGAAAGGAAGGCTTTGAAGGCATTAGAGGAAGAGGTAGTAACGGTCGCAAGAGAAAGCGAACGCCGACAGGTAAACCCGAAGGAAAAAGTCCTAAGGCACTTGCGTGAAAAACTGGGTTCGTTGGTTTGAGCATCAAAATTTGGCACTTGACAACTTACCCAAGACTTTGCCCCCGCACTTGGCACTCTATGCCTTTTTGCAAACCATTGTTTGCCCACTTTTGCCTACCCGCACGCACACTCGCACCCCCCAAAATAAAAACACCCAGGCGGCGGGAGGGGAACCGCCTGGGTGCCGGGAGGGAGGTGTGATGATGCGGCGTCGGCTCCACCCTCATTGAGTTGCCGTTATTTTCTGCGTCATGAGTTTCCCATCTACTTTATCGGCTTCATCCCTTCGCCACTTTAGTTTGACGCCATTATCGTCTCTCGGTTGTCAGGGACTTTCCCTAAACTCGCTCTCCCCAACCTCATCGTTTCCACGCTTATTAGACGCAAAGATAAGCAAAAAGTTGCGCCGCCTCCCCACAACAAACCCCTCAACCAAAACAAGCATAATCGCTACTACCCACCCACAGCCTCAAGTTTCAATCCCACAATGGTGCGATTGCTGCGGGGATGTGGAAGCAGGAGCGGAGTTATTAGTCCATGGTTTCAATCCCACAATGGTGCGATTGCTGCTTTTTTTCTCGGGCACTTCTTTTCACTTGGGCAATGGTTTCAATCCCACAATGGTGCGATTGCTGCTCAATGTCGTTGTCGCCATTTGCTGTGATGTTTTTGAGTTTCAATCCCACAATGGTGCGATTGCTGCTTGCTGTCGGATGTGTGAATGCAAGGGTTAGGTGAATGGTTTCAATCCCACAATGGTGCGATTGCTGCGTGGGGTTTTGGGCATATCATCCTCAAACAGGCATCGTTTCAATCCCACAATGGTGCGATTGCTGCTTGGACCAAATTCGTAATGAGTTGTTGGCTATTAGAGGTTTCAATCCCACAATGGTGCGATTGCTGCCGTCTGATGGCAGTAAAGCCACCAGACCTTGCCCTCGTTTCAATCCCACAATGGTGCGATTGCTGCTCTGAACACGCCGCTGAGGCGGCGACTTTGATTGCAGGGTTTCAATCCCACAATGGTGCGATTGCTGCGATGAAGCGCTACCGAGTCGCAAACATGGACGATTTGGTTTCAATCCCACAATGGTGCGATTGCTGCGCAAGCGCTAAGAGTTCGTTGGTCATGTCAATCCGTTTCAATCCCACAATGGTGCGATTGCTGCACTACATAACTTTTTGTTGTGCTCCCCATAATTACGTTTCAATCCCACAATGGTGCGATTGCTGCCAGCGATGTAACAGAGAACAACGACATTCGGAAAATCGTTTCAATCCCACAATGGTGCGATTGCTGCCCAGCATTAGGTTCCTTTCACGCTTGTTGGGGTCTTTGTTTCAATCCCACAATGGTGCGATTGCTGCCAAGAAGGCTCAATCGCAGGGCTCAAATTCATTTATCGTTTCAATCCCACAATGGTGCGATTGCTGCGAAACAGACACATGAGAAGACACACGCAAGTGTATAGTTTCAATCCCACAATGGTGCGATTGCTGCTGCCCGCATTCACCCACAACCAAAGCCAAATTCCTGGTTTCAATCCCACAATGGTGCGATTGCTGCCCACCCAAGCGGTTATCTCA
CP130454.1_gap16	755357	759008	3651	GAGTTCGGCATCGGAAAGGGAACGCTCCCCGTCTCGGGCAAGCCTTTCGCGGGGTCTAACTTCTGGCGGCAAATCTTTGAGAGTCCAACGCCCCTTCATCTCCTCAGTCACGGCTCTCCCACACTCCTATTCTGAGGCGGGTATTTTGCAGGGTTCGTCCCTTTTCAAAAAATTTCAGCGGAGGGGGCGGGATTCGAACCCGCGAACCCCTTTCGGGGCGCCCGGATTTCAAGTCCGGCGGGGTACCTGGCTCCCCAACCCCTCCGACCACTAAGCCATTTAGCATTTTAGCACTCGCTCGGCAATGTGACACAATAGCCACCCTCAAGCGTTTTCCTGCATTCTCAGAGCCATGGTCAATTGTGCCTCAGCCACCAAACGATCGTTAACGAAGGCTTCTGCTTTGACAAAGCAGATGTTGGTTCTGATGGCTGTGACCTCAGCGCAAACGACAAGTTGGTCGCCGGGAACGACAGGTTGACGAAATCTTGCCTTCTCTATCCCGACCAAGTATCCTGTCAGCCCCTTGTTTTCGGGAGCGCTCAATATAGCGATGCCGCCAACTTGTGCCATGCATTCCAAAATCAAAACGCCAGGCATGACAGGTTCGTTGGGGAAGTGCCCTTGGAAGAACCACTCGTTGATTGTCACGCACTTAAGACCAACCGCTCTTTTGCCAGGTTCAAGTTCGGTGATTTTGTCAACCAAAAGGAAAGGGAAGCGATGAGCCAACAACTCTTGGATTTGTCTCACATCCAAACTGCACGGTGCCTCAACCATTCCCTTTCGCCTCCTCTTCCGTCACTCGTTCCATCATTTGCAGCAAAGTCTTGCAAAACTTGTGGTGCAAAGCATGACCACTGGAATTGGCGACGACTTTGCCCCTCAGCCGAACTCCAAGCAGCATCAAATCGCCCATTAAGTCTAACAACTTGTGCCGAGCAAGTTCATTAGGGAAGCGCAAGGGCGATGAGTATCGGTCTGGGAATACGACTATGGCATTGTCCAAACTCCCACCCTTCGCTAAACCTTGTTCCCACAGTTGGCTCACTTCCTCCCAGAAGCCGAAAGTTCGGGCAGGTGCAATCTCTGTCGCAAAGTCGTTCTCCTTTTCGTCAAAACTCGCCTCTTGGATGCCTACCAAAGGGTGTTCGGTTGCAAAGGAAAAATGGGCAATGAAGCGCTCATCAGGCACAACCCCCACAACCCTATTGCCATTACCAACTGCAACGGAGTCAGGGACGCTGAATACAGGCGCAGGTTCGTCCAGTTCCACTATCCCTGCATCTTTGAAAGCCTCAACCCAAATCAAAGCGCTCCCGTCACCGATGGGCAACTCACTCCCGTGCACTTCCACAAGCAAATCGGTAATGCCCATGCCAAAGCAAGTAGCCAGCAAGTGCTCAACGGTTTGAACCGAAACGCTCTCTTTTGACAGGACAACTCGCCGGCGGGTTTCAGCGACAAAAGGGGTCAAGGCTGGGATCAGGGCGTTTCCTTGTTCGTTGTGGACCGAGAAAACAATCCCCTGCCCTCCCTTGCAGGGATGCAAGAACACTTTCGCTCGTTCCCCACTATGAAGTCCAATCCCTTCAACCTTGACACCTTTTCGTATCGTCTTCCTGTTCACCTTTCACCGACCTCTCAGAGCAGTTTCGTAAGCCGCTAATAATTGTTGCAGCGTTCTTTGAGGTGTAAAGGAACGAGCCCGTTCCAATGCCTTTTGGCTCAGTTGGTGCCGAAGCGAAGCGTCTTCCCAGAGGGCGAAAAGGGCTTGAGTTATGGCATCGGTGTCGTAGGGGTTGACAAGTATGCCTGCATCTCCGACGACTTCAGGTTGAGCCCCAGTGTTGCCAGCCAAGACGGGCGCACCACACGCCATCGCTTCCAACAGAGGCAAACCAAAGCCTTCGTTGAGGGAAGGTGAAACCAAAGCAGTGCAAGCGCTGTAAAGGATGGGCAGGTGTTCATCGGGGACATATTGAAACCACTTGACTCCCGGTTCACCTCTCAAAATTCGCTTCGTTTCGTCCCAGAAAGGCAAAACGAACCCAGCGATAACTAACTGGGCATTCGGGTAGCGGGCTCGCAATTGGGAAAAGGCATCCAGCAACCGACCAATGTTTTTGTTGGGCTTCGCCGTTCCAACGAAAAGCAAGAAAGGACCGTCCAAACCACAAAGTCGCTTTACTGCTTCTGAAGCATTTGGATGGGGTTTCATTTGCTCCTCCACGCAGGGAAACACGACGCTTATTCGCTCTGGCTTAATGCCCAGTTTGGAGACCAAATCGTTGCGAGTGGCTTTGGATATGGCAATGAAGTGGTCAGTGCGAAACCTTAATGAAGGCAAAACACCCTTCACAATGAACTTTCGGCTCGGAGGGTCTATGATGGAAAGGTCATCCAGCCACATGACATCGCAAACGGTGACAACGGTTCGGGTTCGGATAAGCCTGACAAGTGGCGGCACATAACTGATGTAGAAGTGAACCAAGTCAATGCGGTCTACAAGCAGCCAAAAAGGCACGACCAACCTCAACCACGCAGGACCGCGATAGAAACGCCAGCGGATGGAAGGCGGGAGTTTCCGCTTGGGAGGGTCTGTGAAGTAGAAGTGCCAAGCATGTCGGTTGGGAACTTGGAGTATCAGTCGGGCAAATTGAGCGCCAACATTTTCAACGCCTGTTCGGTAGGTCTTCTCAAGCGGTCGGGCATCTAAAGCGATGCGTGCCATGTTCGTTCACCTTTGTTAGTGCATCATCCCTTTTGTTGCCCAAGAGTTGGGAGGGTTTGAGCCGATGACGATACTGTTCTATGCGCCTTTGGAAACACTTGCTCAACCAACGGGCACGGGCGTTTACATCAGCAACCTTCTCAATGCTTTGCTTGAAATTGACCGAAGCAACTGCTACATAGTTTGGCATGGCTGTATGGTGAAAATTCCACCTCACCTGCAGCCGTTTCGTCCCCCCACGAATTTGCAAGATCGGGTAGCGGTGCGGATTTCTCGTTTCCCCACCCGCTTGTTTCATCACCATACTACAAGGGCTTTTCTTTGGTGGCTTGGTAGTTTGCCTTTGGCTGACTTGCTTTTCGGCTTCCCACAAATCTTTTTCTCGCCCTTTTACCCTTTCATCCCGCATCGCAAAGGTGCTTTAGTGCTTACGGTCTTTGACCTGACGCCGATTACGCTCCCGAACTGTCACCTGCCCACCACGCAACATGACTCAAGGTTGACATTGCTTTGGGCAAAGCGGGCGAAGCGAGTTTTGACCTTTTCTGAGGCTGTAAAGGGGCAGTTGGTGAACTGGCTTGGCTTTCCGCCCGAACGCATCGTCGTTACGCCATTAGCGCCCAATGAACGGTTTAAACCCCAGCCACCTGAGGAAGTAGAACGGGTGCGCCGAAAATATCGCCTGTTTGCCCCATACATCCTTTTCGTCGGGACTGTTGAGCCTCGCAAGAACTTGGTGACGCTTATAAGAGCATTTGCAGCGATAGCGAAAGATTTTCCGCACCTCCTTGTGCTCTCTGGCGCAAGGGGCTGGATGAGCGAACCTGTTTTCGCCGAAATTGAAAGGCAAGGGCTTAAAGACAGGGTCGTTCACCTCGGTTATGTGCCTGCCAAAGATTTACCTGCTTTGATGAGCG
CP130454.1_gap17	763137	765503	2366	GGTGCAAGTGTCTTCAATGGCGTAAAACTCGTTGTCGCCAACGCGAAAAACAGCGATGGGTGTGTCCTCAACGACAATAACCTTTGCCCCGTTGACAGGAATTTCGTCCTTGTTGCCGACTTTAATCCACTCGCCCATACTTTCACCCTCCATGCCTTTTACGCATTACGCTTTACGCATCACGCATAACCCAACCGTTTCGCTTCAGCCAACATTTTGGCATCCAGCAAAGCCTGCATCTTTTCGCCGAACCACTGGACAGGCACTTTGTCAATGACTGGACGAAGGAAACCGTCAACGATGATTTTTTCCGCTTGCCTGCGGGAGATGCCTCGGCTCATCAGGTAGAAGAGTTGTAACTCGTCAACCCGCCCAATGGTAGCGCCGTGAGTGCAACGAACCTCATTGGCTTCAATCTCAAGCAAAGGCATGGAATCGGCTTTCGCTTTTGGGCTGAGCAGCAAGTTTCGGTTTGCTTGATAGGCGTCCGTGCCTTGTGCGTTTTTGTGAACCTTGATGAGCCCTCGGTAAATGGAACTGGCGCGGTCCATCAGGACGACTTTGAAGAGCAAGTCACTTTTGCATTGCGGTGCCACATGCTCTTGGAAAGTGTGGTGGTCAAATTGCTGGATGCCTGCGCCGACGCTCATGCCCAGCATGTCGGTGCTCGCACCTGGCTCGCTCAATCGGCTGTGGCAATTGATGCGCCAAAGTTTACCCCCAAAGGCAGTCAGAACCCAACGCATGTAAGCGTCTTGACGGATATTGGCTCGGACGAAATGGAAATCGTAAACCCGCTCGCCCCATTCTTGAAGGCTGATGAAGAAAACTCTTGCCTCAGGCTCGGCAAAAATTTCAACAGCGCCGCTGCTTAAGGCGGAGAATTCACCTTGGGGCGAAGCGTAGTGAGTTAGCACGATGACTTCGCTCTCTCTGTCAGCGACGATGAGCACATGGTCAAAGAGTGAACTGCGTTCGGCATCCAGCCAGAAGAAAAGGTGCAACGGAAGTTCCAACTGAACTCGTGGCGGGATGTAAATGACTGCGCCTGCATTCATTAAGGCTGCGTGCAAGGCAACGAATTTCGTTTCGCTGGGAGAGACAAGTTGGTGCAACCGACCCTCCAACAAGTTGGGATGGTGCTTGAGAGCCGTTACCATATCGGTGAAGATGACGCCTTTTTGCTCCGCTTCCTTGCTAAGCCACCGGTAAACAGATTTTGCCCCGTGATGGACAAGCAACCCAGCCACATTGCCTTCTTCAGAGCCGGGTCGCAAAAATTGCTTCATTTCATCAGGCAATGCTTCAACGGAAGAGATGCCATCGTAATTGGGCAGCGAAAGCGGAGCGTAATCGCTCAATCGGAAAGTTTTCAAGTCTGTCCGCCGCCACTCCTCATCTCTGGGAGTGGGCATTGGCAATTGCTCAAAAATCTCCCACGCCTTTCGGCGAATATCGCTAACCCATTTAGGTTCGCCGTTAAGCCCAATCAGAAACTCCAACACCTCACGGCTTATTTGCTTTGGGGCGGTCAAATATGCCATGCGACATCATCCTCCATGATTTGTTTGCTTGTCTTGTTCCATCAAACGCTCGCAATGAGACGATTACTCTTGACGATTACTCTTGCACACATTCGGCGATCCGCAGTGAATGCGTTTCTAACCATTCCGCCAACTCATCGTAAGTCATTTCGCCCGTAACTCCTGTTCCCAACGCAAGCCTCAGCAAAGTGGGATAAGCCTCTTCAAAAGTCGGTTGAAGCAAATAACCGTTGCGCGCCAAAAACAATTTCATGCACGAGTAACCGGTGCGTTTGTTGCCGTCATTAAAGGCATGCTCTTTAACGATGCGACCACCAAAATTAGCGGCTTTTTCAAAAACCGTTCGGTAATAGGGCGAAACTTGAGCCTCAAAAGCATACATCAACACCTCGTGATTGCGTATGCCTGCGATTCCTCCCAGCCGTCTCAGCCATTCCTCATGCAACTCCATCACTTCCTCAAGGTTGACAATTTTGATTTTCGGTTCCGCCATCTGACTTCTCCTTCGCCACTTCAATGATGCGCTTCATAACTGCACTCCACTCAACCGCTTGATCTTCCAAAGCAAGAGTGCGGAGCAAACGACCATCCTCAGGATGCTCCAAAAGGGCGTCACAAAAGGCTTTTATATCTCCCTCTCGTGCAGCCTTGATAATGCGCATTTCAACATCTGTGAGCATCTGTCGCTTCACTTTTGCCATATGCGATCACCCTTATCCGATTTTGCAGCAGGGTGGTGCCGTTGGAACGGACACCACCCTGCCCAGGGCAGGCGCGGCGGTGGCTTCATTTCCGTTAACCAACCGAACCTTCCAATTGCAA
CP130454.1_gap18	780737	782084	1347	TAACCAGCAACAGCCAGTCGGACAGCGTTCATCCCTAATTTGCGGAAGTGGCGGGCATAATGCTCCAATGTGCCCATCTGGCGCATCATCACCGAATTGCCTTTCATCCCTTGATCTCCTGTCAACCAAGCAACGCCCATCAACACATAAGGCTTGCCATCATCGGCAACGATGTATTTCCCTTGCACCTTCAACCAAAGGCTTTTTAACGGGCGAAGTTTCGGCTTCGGCAAACGAGCCGAAGGCAATGAGGCTCTGCCAACAAGGCGTGGCTTCTCTGGGTCACCCACATCCACAATGGCAACTCCCCTCGCACCATTGGCAACAAAGGCTAAATTGCCCTTGACAACTACATCGTAGCAATTCCCTCCCAAATCCAAGTGGCTCACAAACTTGGGTGCCTTTGGGTCAGTCGCATCGTAAACGCGCAAACCTGCCGGGGCAATCCCAACAGCAACAAAATAGCGCTCACCCAAAGGAACTGCCTTGTGTGTCCTTTTAAGAGTGCGAGCATCAGGAATGCCAGGCACAAAGTTCACCGTGGGCAACTCCCCAACAGGATTGGGCTTCTCTGGGTTGGTGATGTCAACAATTCGTGTGGTGTAAGTGTCGCCGACCAAAGCCAGATTTTCGCCCATGGCTGCTACGCCATAAGGTCCAAACCGCTGCCCAAAATCGCACCTGCCCAACAATTTAAACTTCGCCCCATCAATGCAGTAAAGGCGGGCTGGTTCATAACCTGCAACCAAAATCAACCCTCGTTCAGTTGAAGTGATGCCGAAAGTCCAACCGACATTTACTCGCTGCACCAACTTTAGTGCGGAAGGCTTGGAGACATCAACGATGGCAACACCTTTGTCAAAGTTGGCGATGAAAGCGAAAGGACCTGAGAGGGCGACGCCGCAAGCGGGCGAGTCCAAATCTATCCGAGCGATGACTTTGGGTTTGGCTGGGTCAGAAAAGTCAACGACACAAAGACCACGATGGTAAAGGGTGACAAAAGCCAACCTGTCACGAATTGCCACACCGCAAGCACCTTCTTCGGGCAGGAAAGCCAATTGCCTTGGCTTTTGAAGGTTGCTCTTTGCGTCAAAGAAGTAAACGCCCGAACCAGAAGGGGCTACAACAATGCCCCGTTCGTCAACGGCTACCTCCATAACTCCCCCTGGCAGCCAAACTTCGCCCTCCAAAGCCTGACCAACGAGAATTGAATGAACCAACCAAAAGGCGAGAGCGAGCAGGGTTACCGTCACCGCCAATCTCTTCATCATTGCTCACCCCCCTCACAGCGAAATTGTGTTTAGGGCAGGCTTAATGCAGTGGCAGGAAATCAAAAGAGCCCTTTCT
CP130454.1_gap19	791283	793380	2097	TTACCCGAGCAGGAACTTTCAACCGACAAAACTCAACAAGTTGAGACCTGAAACTTCGTCAAAGTCGGTCGTTTTTAACGGCGTCGAGTAATTCGTCCAACTTTGCGATAGCGAGCCCAACGCAGGTATCCGCAGCGCCGTAATACATCCAAACTTCGTCGCCGCGAACCAATGCCCCGCATGTGAAGACGATATTGAGACCGTTCCCAACCCGCTCGTAATCGGCGTTGGGGCTGAAAACAGGGTATCGGCAGCGGGCAATGAGTTTTGAGGGGTCATCCAAATCCAGAAGCGCCAGACCGAGCCTGTAACTTGGCGTCCCAGCAACTTCCTTGACGCCGTGATAGATGATGAGCCAGCCTTCAGGCGTCTCAATAGGGACATTACCTGCTCCGACCCTAACGCCGTCCCACCAAGTTCCGCCACGCTCTCGGAGCACAATTTTGGGGTTGCCCCAGTGGATTAGGTCTGGCGACTCTGCTAACCAAATGTGCTCTGTCCCCCAAGACATCGGACGGTGAAGCATAAACCAGCGACCATCAATTCGTCGGGGGAAGACCGCTGCGTCTTTGTTGGGAGGTGCGAGGACAATCCCAATCCGTTCCGCAGATTTGAAATCCTTCGTCCGAGCCAAAGCAACAGCAGGACCTGCATCCGAGACCGCCACATAAGCGATGAGCCACTCATCCAGTTCTTCAATGTAGGTCAAGCGTGGGTCTTCGCAACCGATGGTCTCATATTCGGCGATGGGGTTGTCTGGGTCGTCAGGGGCAAGCAATGGAGTGGGACTAACTTCCCAATTGTTCACGCCATCCTTGCTCCTCGCCACATAAAGGCTTGACCTGCCATCAGCCAACTCCACCCTCAACAGCAAAATCACTTCCCCGTTCATCTCGGCAACTCCCGGATTGTAAACGGCAATGGCGTGAACTGGCAAATCGTTGACCGTCAAAATTGGGTTGTTCTCATGCCTTCGGAACAGGTCCATGTCGCAATCCCGTCCTTTGCGACAATCTTTTCGTTGGCTTTACCTGACGCTCAAAAATTTTGGACAGCCAAAGTCACCATTTAGTTATCGCCCAAAACGGGCGAGATTTTTAACTTGACCGATCGTTGGGAGGTATCGTGGATGGTTCGGTTTCGCTGGCTCATTGGCATATTGGCTTTTTTGGTTGGGTGCGCAAAGTTCCCAGAACAACCTCCCACTCCGTTCCCACGCGACCGAATGATCGTCACGCTCACTTACGCTGCTGCCGTTAGACCCGACTTCTTCTACTACATCGCCATTGACGGTGACGGTGACATGAGGACGGGTCCGTTGCCTGCATTGACCCGTCCTTGGGGTAACGGATGGGGTGTCCCTTTTGATGCAACCCTCGGATCTCGCATTGACCTCTTCGTTGAAGTTTTTCGTCAGTCAGCCCAAGTTTTTCGCATCCAAGTTTTCCAACCGCCATTCACTACTCAGCCTTTAGGACCGCCCCTTGACCTCTCCTTCCCTCAACCGAACCAAATTCGGGTCACCCTTGACCTTCGGCAATTGTTCCCACCACCAGACCCATTGCCCGAGCGTGTGGAGTTGAACTTCATTAGCGTCAGCGAACTGAAGACGAACCCTTACGACAACACGCCCCGCACGGGTTTTGACGCTTTGGGACCGACGGGCAACGATTTCATTTCAATTCCCCTCACCTCAACCCAAACCTTTCGGAACGGGCAAGGTTGGGTGTTAGAGACATCGGGCGACGCCCAAATTGATGCCTTAGACTTAACTGACTGGGAAGTGCGCATCGTCAGGGGTGAATGAGGTCTTTTGAGCGATGCGATAAACTTCTTAGCACCGAGGTGATGGGAATTGCCTGAAGACAAATCTGTCGTCCGTTTGGGTTTCCTTGGCATGGGAGTTGTCGGCTGTGGCGCTGCTAACATACTGCTGAAGAACACAGCCATGATTGAACATAGGGCACGATGCCGTTTTGAGATTGTCAAGGTCGCCATTCGCGACCCCAAGAAACAACGCCCCGTCAAACTCCCCCCGGAACTTTACACCACCGACCCATACAGCGTCGTCACCGACCCAAGGGTTGACATCGTTGT
CP130454.1_gap20	842125	847108	4983	CTGCTGGCAACTATGGTGAAAGTCAGTCCATCCTTGGCGAGGCGCTCAAAGACCGAAGGAAAGATGTGTGTCTGGTGACCAAAGTTGAGACCACCAAGCCAGAAGAAGTGCGCAAGGCTGTTGAAAAATCGTTGAAGGAACTCCAGACAGACTACCTTGACATCCTTCTGATTCACGGCACGCCTGGATTGGAGCAGATGAGCATAGAGCAGGCAATGAAAATTCACGCCGAGTTGGTCAAACTCCGCGACGAGAAAATCACTCGGTTCATCGGGTTCTCCGCACACGGTTATTTTGACAAGGCTCTGGCTCTGATCAAAACCGGCGAATTTGACATGTGCATGTTAGCCTACGGCTACATACCTTTCGCCTTCAGGTCTTTTCTGGCGCCTCAAATGGTCAAACTGCGCGACGAATGTCTAACTAAAGCCCACGAACTCGGCATGGGCGTTGTTGCAATGAAAGTGCTTAGTGGTGGCTTGATTGGGCGATGGTCAAGTTACCTTGTGCCAGGCTTTGACGAGAAGCGCCTTGAGCAACTTCCCGCAGCAGCGATTCGCTATGTGATGCAGGACAAACGAATCAACCTGTTAGTCATTGGCATGAGGTCAAAAGAGGAAGTTGACGCCAACATCAAAGTCGTCTCTGCCGATAGCAAATTCACGAAAGAAGACCGTGCCCTGCTGGCAGAGTTTACACGAAAACTCTATGAGACCGCCATTGTCAAGAAGATGCGCCGTGAATGACCAGTTGAGGAAACACAGGAGCCGGTGGGGTGAGACTATGAAAACAGTCTTCACAACCATCATATACGGCTACAACTCTGGCGCTGGTCCCTGTCACAACACTGCATGGATTTACAATGGCATGCTGGGGTGAGGGAACCGTGAAGGTGTATGTCACTCCCATCGGCTTGATTGTTCCACTTGCTTGTTTGCTCGTTTGCTCGAGCAACTTTCAAAAACAAGGGTGGCGCATAGAACCGGTTGATCGCGACTTGATTCCTGAAGCCCGACGGGTGCTGGAATATCTCAAATCAGTGCAGGGCAAAAAGATGCTTTCGGGCATCTCAGGTTCACAGGATGCGCAACCTTGGGCAGTCTTGCACATGACAGGGCGAGAGCCAGCAATTGCCGGCGGTGACATGGCAGGTTGGCATCGCAAGGGGAGTCCACTGTATCACCAAGTCTTGCAACGCACCGTTGATAGGGCTATCTACTGGTGGCGGAAAAAGGGCGGCATTGTGGCTCTGCAATGGCACTGGATGAAACCGTGTAACCCAGAGGGCAGAGCATGGGTAGACCCACCGCGCGGGACAGGTCCCCTTGACCTTGCAAAGGCTATCACACCCGGAACTGAGGAACATCACGCGCTCATGGAAGATTTGAAAGTGACTGCTGATTATCTCCAGCAACTTGCTGAGGCTCGCGTGCCAGTCCTTTGGCGTCCACTTCACGAAATTGATGGCGGTTGGTTCTGGTGGACGGACCGTGAAAAGCCTGAAAACACTGCTGCCCTTTGGCGGTTGATGTTCAACTACTTTGTCAAGGAGCGGAAACTTCACAACCTGATTTGGGTCTATAACGCAGCCCATGTCAGCCATACGCGAAAACCTCCAGCAAAAACTTTTGAAGAAGAAGTAGCGCACCGCAAGCGTTATTATCCGGGTGATGAGTATGTGGACATCGCAAGCATTGACACCTATCCAAACCCAAAACTTGGTTGGGGCAATTGCCAAGAGGATGCCCGTAAGCGAGCCTATGAGTTGATGCAGTTAATTGCGCCGGGCAAGATGCTGGCTATCGCCGAAGACGCTGGATTAATCAACCCAGATGTGGCTCAGAGGGAAGGTCCTGCGTGGCTCTACTGTTCGGCATGGTGGGTTGGTGGCAAAAGTAACCCAGTTGATTGGATGCGCAAAACATTCAACCACGAGCACTATCTGACCCTTGACGAGTTACCTGTGTTGACTGGTGGCAATGTGATGCCCAATGTGCGGATTGTGAAGCCAGTGGATGGCGCTTCAATTTTGGACTCAAAGGTCTCACTCTCAGGCTTTGCCTCGGATAGAAACGGTAACCTGCGAAGAGTGACCCTTTATGCGATTCGCGGTGCTTGGCGAAATTGGTTCTTAAGGGATGACAAAGAAGTTTTGGAAGCATTCCAAGAATCAAAGCGGTTGGGCGAATTGAAAGTCCGGTCCGACGGCTCATGGGATTTCATTTGGGATAATGTCGCACCCGGCATTTACAATGTGGTCGCTTTGGCAGAGGACTCAGAAGGTCTTGTAGCATGTTCAAACGCGGTTCGCGTGACAGTTGGTCTGAAGAATCTGGCACTTGGTGCCAAGGCTACTGCTTCATCAACGAGCCGGTGGGGCGAGCCTCCTGAGACTGCCATAGATGGTGACCCGTATACCATGTGGTGGAGCGACAACGACCAACCTGACCCTCAATGGCTGATGGTTGACCTCGGCAAGGAATGCAGTGTTAGCGCTGTGACCGTGCTGTGGTGGAAAGCGTATGCGAAGGACTACACTGTGGAAGTTTCAAGTGATGGGCAATCATGGCACGAAGTAGCCCGTGTTACGGGACGAAACAATTGGCGTGGTGACATGGATATGCTCCATTTCAAGCCAGTGAAGGCTCGCTTCGTGCGTCTGCACTGCACAAAGCGCGCTGTTACATGGCAGGCATACACAGTGTTTGAGTTTGGAGTTTGGGAACACCTCCCTGAACATTGAAATTGCCCAGCATGCACAATGACTATGCAAGAGGCTAAGGAGGCGGGAAGCGATGAAGTCACTAAACTTGGTTGCAGTCTTGGCTTGTGTGGGAGGCACCCTCGTCTTGGGCACAAATTCGGTTCAGAAAAGCCGTTATGATGAGCGTCCTCAAGCCATTAGGGTCTTCTATTTCGGCAACAGTTTGACAGCCAGTTCTATGCCAGGGCTTCATGGGGAACTTGGCAAGAGCGCAGGCAAACAGTGGATTTGCGATGCGTTTCTTGGTCCGGGTTGGCAGTCGTGGCAGCACCGAAATGAGTTGTTTCGGGCACTTGGCTTGCCAATAAACTCTGAAACTCAAAATGCTTTGAGGCGTGGGGAACTGACCGTAGATAAACCAATTTCCGAATCCGCTGCTTACAAAGCACAAGTCTTCCTCAACGGTCAATGGGACGCCATCATTATCCAAATCTTCGGTTCAAGGCTGCATTGTGTCACCGACAACATGTGGGGTCAGAAGTTTGACGGTCCAATTGACATTGGCGATGTGGAAGCAGCCAGCGACATCATTCGCATCTTCCTCAAAAAGAACCCCAATGGTCGGGTTTTCATCTACACTGTCTGGTCACCAATGCCAGCAGGTAAAGTGCCACCAGATGACCAATTGCCACAGTGGGCAATAGCCATGAAGAAACGGTTTGGGCAAATTCGTGAGGATGAGTTTCCTGACCGAGAGCGATTTGATTACGAAAAGGTCTGGTCAAGCCCATACTTGGGCGACCACGAGAAACCTTGGACACTTGCCGATTACCCACACTGGCGCACGCGTGACTACACTGAGAAGGTCTTTGAAGGCATCAAAAAGAACTTCCCTGACCTTTGGGCGAGCGGACGCCTCCATCACTTGCCTGCAGGTGAACTCTTCTCTCGCTTGAACAAGAAGATGGAATCGGGGGAGTTCCCAGGCATCAAAACCATCAAGGATTTTTACACGGATGTTCAGCACATCCGTGCAGGTGCACCAGCCTATACAATTGCTGCTCTCTTTTACGCTGGGCTTTTCAGGGAGCGCCCGGACAGGTTGGATTACAGGATTTACAACGAACAGGCACGCTACGGCGATGACCCACATCACGATTTCGGCGAGGTCATTGAGATAACGCCTGAGCGTGCGAAAGTCATCCACGAGACAATATGGGAATTACTGCGAACCCACCCGCAAGCCAATTTGAGGCTGTAGGTTTGCTGTCAGATTGCTGATTTATTGCGCAAAGTCCCCCTTGATGAGCATGCGCACAAACCTTGACAGTATTAATTCGTCAAAGTTAACGAAGGCAAGTTAGGTTAGTCCGTAGCGAGGTGAGGAAACCATAAAGGTGCGCGTCACCGTCGTTGGTTGGATCATCCTGCTCATTTGCTTACTCGTTTGTTTGGGCAACACTCAATGGCAGCGGTGGCGCGATATTGGCGTTTCAAAAGCAGCGCCCCGACTCACCAAACTCTTCAAAAAACTTGACCGAAACGGCGATGGGAAACTTTCTCGGGAAGAACTGATGCAGATGCCAGGTTTAGTGCGATTGCTGTCGGTGGCAGATGCAGATAAGGACGGAGCGCTAACAGCAGAAGAGATAATCGCATACATGAACCAATTGGCTACCAAACGATTGCAGTCCGCTACACCGCCACCCGATGCACCCTACATTCAAACAGAACATCGGATCACAGTTGATGGTCGTGAGCGCACCTTCATCGTCCAAGAGCCCAAAGTCAAAAAGGGAAAACTGCCTGTAGTTTTCGTCTTTCACGGTGGCGGTGGGCGCGGCATCAACATGGCTGCTGTCGGGTTTCGCGACATGGTCGCGGAAGAGCAATTCCTCGCTGTCTATCCCGACGGATGGAAGGGAAACTGGAACGACGGGCGCAACGCACCTTCTATCGCTTCTCATCGGGAAGGCGTGGATGATGTGAAGTTTGTCCGCGCCATTGTTGAGTATTTGGCATCTCGCTATGACATTGACCGCTCACGAATCTTCGCCACCGGCGCTTCCAACGGTGGCATTTTCTGTCACTACCTTGCAGCCAAAGCATCGGACTTGTTTGCAGGCATTGCACCGATTATTGGAGGCATGGCGGAACCCGTTGCCAAAACCTTCAACCCAAGCCATCCAATCTCGCTGTTGGTCATCCAAGGGGATGCGGATCCACTTGTGCCCATCAACGGCGGTCCTATCGCTGGTTCTGATCGTCGCGGTCGCATC
CP130454.1_gap21	860491	862665	2174	GGTCATCATCGCTGACAAGGTTGGCGATTTTTCGCGCCTGCCGCCTAAGATGGCGAAGGGACTTATCGGCAAGATGATGGAACTCAGGGGCAAAGCCTGAAACTCGCATGAGTTCGCGCCAAAGCCACTTGTCTTCCCGCCATTCTTTGGGTATTGCTCGCGCAACTTTGATGAAGACTTCAAGCAGCTTCACTCGTCGGCTCAGGAATAATCGTAAGGAACTGTCATAGCCAACAAGGCTCGCTTCCAGTTCGTCTAACAAGCCTCTTTGACGCAAGTTGCGTAGGATTTTCACTCTTTCCTCTGCCGCTTTAGAGCGTCGCGTCACGCTTGAAAGCAAAGACGCGAACAAAAAATCGGCAAAGGTCGTAGTCGGCAAGTCTTGTTGCGCTTCGTTTTGCGAAACAGTTGGTTCGCGCACAACAATCACCTCCAGCCTCTCATTTTGAACTTAAGTGGCAACAAATACGAACTTGAGTGGGCTGATTTCACCACGCTGCCGCCGCGCAGCGCTCGCTGCGACTTGCGCAAGGTTTTCCGCACCGAAGCGCCGTTTTCGCCGCAAATTCGTGCGTTTTTGCGCCGCCTGAGCGCAAAAATCGGCGCCGCATCGGCTTTTTGTGCAAGTTTTTGGCAGAAACGAGGGGGGTTGGGAGCAAAATGTGAGGTAGGGGTGATGGCAATGTCAACCTTGTCATCGGAAAACTCAAGCCTGTGGCAGCGCTTGTTGGACACTTTGACGCTTGAGCACATTTTTTCGCCCGAGGAGTTGGCGGAGATGACGCCGCTTGAGAGGCGGTTGCTAAAAATCTACCTGCGCGAAGGCGATTTGGGCTTGCTCGCGGCAACGGGCAACAAGTTCATGCGAGAACACCGCAAGCACCGAAACGAGGTCTTGAGCATCATCCGCAGCCAACGGTTTGCCGCTTGGACCCAAAAGATTGACGCTTTCCTTAAAGCCACCGTGTTTGAGACTTTGCGCTTACACTACTTTCAAGCGCTCAATCGCCTTGCCGAGAAACTCCTGAGAGGCGACCAATTACGGAAAAGCGAGGTCGCTGTCATCCAACTTTTGCGTGACATTTTGGAGGACTACGAGGAACAATTGCAGGGATTACGGCAACACGAGGAAATGCAGCAATTGCTAAGAGAACTTTAATTAGCGCACAGCGCATCCTTGACTTCGCCGCGCAAAACGACTTCGGCGACTTTCGGTGAGACTTGTTCCAACACCTCTAAGGCTTTGCCGAACTGGTGAGCACGCTTAACTGTCGCAGGACTAACACCTGCTATTTGTGCGACTGCCTTCGCAGTTGCAGCACTACCCGAAAACGGGCTCAATTTGAGCCCGTTTTTCTCATCCTTGGTTGGTCTGTGTGGTGCTAACTTCATAGTCCCATAGAGCCGATGTTTTAGTTAAATGTTCTGCCTACACGCGTGCGCCGCGCATAACCGCCACGCTTGCGCAAAGTTTTTCGCTGCAAACGCAAAATTGCAGCAAAAAAGGCGCTTTCGCAACTGCAAACAGCAAAAATGCGTGCACTTTGCGTGCACTAAGCGTTACTGCCAAGGTTAGTCTCGCCATCACGGGTCTTGCTGTAAGCGATAACTTGAAGTCGTGAACGCTTCAAGTTGCGGGTGAGCCGCGCCAGTTCGGGAATGAGGGGCGCAAGTTCAATAGGCAACCAAACATGGATTTGGTAGTTGTTTGCTCTAATGAACGGGCGCATTACCCGCGTTGTGGCACGATAGCGAACGGGTTTGGTCAAAAAGTCATCCCGTTCTGCTACGCGTTCCAACAATTTGATAAGCCAGCCATTGCGCCAGTAAAGCGATTTGACGCGCACTTTAAGCACCTCCTTTAAAGGAACGCCTCAAGTTTTTGCAGACCTGAGATTTCCCAAACGCCGAAAGGCGCTTTTGAGCCTGCAACGACCGTGACGCCCGTTAGGACTTCAACCTCGGGAAATTGCGACTGCAAGACCGTTAAGCCACCTTCGTCCCAAAGGGAAAGTCCGCCTTCGCGGTGGGGCAGCATAACTAATTTCGGTGGCGGCAAGTCTTCAACGGGACAAGCATAAACCGTGCCCGTAGGCAGGTGGGCAACCACTAACAGCGCTTGCCACATAAGTAGCGCTGCAAAGTCTCTCGCTCTCAAGGCGAAAGTCTCGCGG
CP130454.1_gap22	948629	951942	3313	CGGGTTTGACAAAAAGCCTGTGGTCGTGAAGGCTGCGGAACCTGTCGGCATAACCCAGAGGATGAAGCACCGCATCATTGACAACCGTTTCCGAGAATTCAGGGTTGAAGACGACGGTCACATCCTCATCCGATACGAGCACCCTGAGACGAAAGCGTGGGCTACAGCCCATGTTGAAGGTTCGTGGAGCAACCCAGATTCGCCACCAACGGTCATCTTGGGAACGACGGGCAGCATGAGACCCGTGTGGGACGAGGGAAGGCAGTTTGTTGAAATCACCGACCCCTTCGGTAACAGGCGAAGGGTAGAAGCGACAGGACCGACTTGGACTTTCTGGCCGTCAAGTTTCTATGGCGAAATCATCAACATGGTTCGCTGCATTCTGAACAACACGAAGCCACTGTGCGACCACAACATCGGGGCAGAATCGCAAGCCATTGTCGGCGCTGCTTACCTGTCGCAACGGGAAGGGCAAAGGGCAGTCACTTTGGACGAGTTCAAATCTTGGGCGCTTCAAATCCGAAAGAAACACGGCAAGAAAGCCAACGAGGTTCTGATTGAGGAGCAACTGAAAGGCGTGCGAAGGTGATGTCTCGGGCGTGAGTGGACCGCTTTAACGCTCAACGCACAACTCTCAACGCGCAACTCAAAATCGCTCAAAGGGGGCGAAGGAAATGGCGCGGAAGAGCGAAACTATTCGTGTCGCTGTTGTCGGGGCTTGTGGTCGGATGGGAAGGGAAGTCACAAAAGGGATTTTGAGCCGTCCAAACCTCCAACTGGTCGCTGCCGTTGATATCAGAGAGGTCGGTAAGGACATCGGTGAGATTGTTGACGGAAAGCCGATAGGAATTCCCGTGAGCAACGATTTGGTTGCTGCGTTGAAAGGAAGCGGCGCTCAAGTCGCCGTTGACTTCACCCATCCATCTGTGGTCTTTGATAATGTCAAGGCAATGTTGGAATGCGGTGTTGCGCCGGTTGTTGGGACGACGGGTTGGACCCCGGAAAAAGTCAAAGCCGTTGATAGACTGGCGAAGCGAAAAAAACTGCCAGCAATCATTGCACCCAACTTCGCCATCGGAGCAGTGCTCATGATGAAGTTCGCGATGGAAGCGGCGAAGTATTTTGACAAGGTGGAAATCGTTGAACTGCACCACGACGGCAAAGCCGATGCTCCATCGGGAACAGCCTTGCGAACGGCTGAGTTGATTTTGAAGGCTCGCGGTAAACCTTTCCCTGAACCGAAAGTCAAGGAGCCAGAAGTGATGCTTGACGGAGTCCTTGGGGGCGAAATGGATGGCATAAGGATTCACAGTGTCCGATTGCCCGGCTTGGTGGCACACCAAGAGGTCATCTTCGGGACAGTCGGGCAAGTCTTGACGATACGCCATGACTCCATTAGCCGAGAATCGTTCATCCCCGGCGTTTTGTTTGCGATAGAGAAAGTGCTGTCACTGCCGCCCGGAGTTGTCTTTGGGCTTGAGAACCTGCTTTGACAGGCGGGGGATTGTTCCCGGGTGTGAAATTAGGCGATAGGGGCAAAACCACATCTGTCCTGCTCGGCTTTTTCAACGCGGGTTGATGAGTGCCATAATCAACTTCGGAGGCGTTCAAGCATGGAGGAGATGAGATTTTGGGTTCAACGGGTCTACATGCAGGTTGGAAGCCACTGGGAGCCTGCGGTAGATGTTTGCGAGGACGATGAGGCTTACTATGTCATCGTTGATGTGGCGGGAGTAGACAAGGACGATTTGGAAGTTGAGTATCACCCCAACGGTTTGCTCGTCGTTCGCGGTGTCCGTCGCCCACCACTTATGGGTAGCGGTGTCCAATATTTGGTCTTGGAAATCCCCTACGGCTCATTTGAGCGCCGGATTCCTTTGCCGAGTGCGATCAATGCTGACGGCATAACGGCAGAGCATCGTTCTGGGCTCTTGCAAATCCGCATCCCTAAGAAAGCGCCCTCGGAGCGGACAAAGTTGCTGACAGTAAAGCCCTGAGAAAGGAGGCAAAGTGAGCGATGAGATGGGGAGCATTCCTTTCGGTCTGTTGTGTGCTCGTTTTAATTTGGGTTGTTGTCAAGGCTGAGCAGAGGTTGATTCCTCCGTCCAACGAATGGGCGAGCCGAATGGCTGAACATTGCGAAGACCTTGGTGATTCCTTTGAAAGGATGGAGAGGCAAATTAAGGCGCTGGCAAAACAGTATCGCCAAGTGAAGCAAGGAAGGTCGGCAGAGATTTGCGAGCGACTTGCCGACGAACATGACCGAGTTGCTGATCGTCTTGGTGAATTGCGGAAGGCTTATGAAAAATTGGAGAAGGCGCTCAGACGCTGAAGAAAAGGGGGGAAAGATGTGTTTGTCCCAGATGATTTGAGACAACAGTTGCCGCCAGAACTTCCTGTCGTGGCTTTGCGAGACTATGTGATTTTCCCTATGATGGTCACCCCTTTGGATGTTGGGCGACCGAAAAGCGTTAGGGCTGTTGACGCTGTAGCAGCCGATTTGCGAGTGTTCGTAACGGTGATGCAAAAGGACAAAGACATCCAAGACCCACAGCCACCAGATGACCTTTACCAAATTGGGACGCTGGTCAGCATCATAAGGATGATGAGGTCGCCAGAAGGGCATATTCACTTGCTCCTTCGCGGGCTCGCAAGGGTTCGCATTGAGGAATGGACACAGACTGACCCATACCTTAAGGCGCGATACTCAATCATAGACGAAACCGTTGAGCAAACCATTGAGGTGCAAGCGCTCGTTAATAGCGTCTTGGACCTGTTCAGGAGAATGGTTCAACTTTCGCCCCATCTGCCCGATGAGGCAATAAACCTTGTAGCCTCTTTGACTTCACCTGCCCAGATTGCCGATGTGGTTGTCTCAGCCCTCAACTTAACCCCTCAAGACCGCCAACGCTTCCTGGAAATGACCGACCCAATCCAGAGGCTGAAAGAACTCGTCCCCCTGCTATCTCGGGAGATTCAGGTCTTAGAGTTGACCCAGAAGATTCAGGAACAAGCGCGGCAAGAACTTGAAAAGGCTCAAAAGGAGTTCATCCTGAGGCAACAGTTGCGGGAAATCCAAAAGGAATTGGGTGAGACGCCTGAGGCAGAGATAGAGGAGTTGAGGCAGAAAATTGAGGAAGCAGGGATGCCAGAAGAGGTCAAGGAAGTGGCGCTCCGCGAACTTGACAGGTTGTCCAAAATGCACCCTGCCGCGGCTGAATACACCGTCAGCCGAACTTACATTGACTGGCTCATAAGTTTGCCTTGGAACAAGGTTACCGAGGACAACTTGGACATCGCTAACGCAAAGAAA
CP130454.1_gap23	1073883	1076321	2438	TCGCCACTCGCTATTTGTCATTCGCTGCCATTTCGGTTCGGCAGGAGCCTCGCCTTCCATTTTTCCACCGACTGAAGTCGGTGGCTACAAGGACAAAGCCTGCTGAAGCAGGCTAACTGAAAAAGTTGTGAGTTGAGGGTTCAGAGAAAAAAACCTAATTTGCAACTCTCAACCCGCAACCCTCAACTCAATTAGCAGGCTTTAGCCTGCTTTGATTTTGTAGCCACCCACCTCGGGTGGGTGGTCAAAGTCGTTCACCATTCACCATTCGCCAATCGCCATTTGCTGCCGCTTCGGCTCGTCAGGAGCCTCGTCCTCCTGCTTTGCAAATTTTTCTGCACTCAGAACTCCTCACCCAGAGCGCTTATCCGCCCTCTGCACTCAAATTCGGAACTTCAACGGGTTCGCCATTTCTATCTGCGGACTCCAATGCAGCCAATGTGGCAGCGAGGGTTTTAACGGCATCGGCGTAATCGCTGCGGACAAGCGATTGATTTTTGGTCTTGACTGCTTCAACGAAAACGACGCTTTCGTAAAAGTGACCGTTGCGTTGGTGGCGGATTTCCTCCGTTCGGTTGGGCTCAATGAACTTCACGCCACTACCAGAAACTTCGGCGATGAGGTCTGGAGTGATGACATGAACGCCTGTTGTGTAACCCATGCGAAGCATGCAAGTGTTAGCGATGCAACCTATTGCTCCGTTGGCGAACCAAACATTCACGACACCGACATCGGGGACATTGAGGTCAGGGACATCGTGCAGGACCCTCAATGCCGTTGCAGCGCTAACGCGAACGATGTCGCCGACGAGGTAACGAGCGAGGTCAAAAATGTGAGTCGTCTGTTCAACGATTTGCCCTCCCGACATTTCAATCCGACGCCACCAGTAAACTCCGGGGAGACCACCCATCCAATAGCCCATGACCATGCCGATGGTTTTGCCGGCAAGCCGTTCCTTCGCCAAATCGGTGCCGTCAAAGTAGCGGAAATGGTAGCCAACGGAGTTGATGACGCCAGACTTTTTGATGGCTTCCAGAATTTCCAAAGCCTTGTCAAGGGTTCGGGCGACGGGCTTTTCAACGAAAATGGCAACTCCCGCTTGGGCAGCGAGGATTTCTTGGTCGGTGTGGGCGTGTGGTGGGATGCAAATGTAAACAGCGTCAAGTTGTTCCCTTTCAAACATCTGACGGTGGTCAGTGTAGGCGTTGCCTTTGAACCGTTCCGCTGCCGCTTTCGCTCTCCCTTCGTCCACATCGCAAAAAGCCACCAACTCCACGCCTTCAATTCGGCTCAAGTTGTTCATGTGCAAGTTGGCAATGCCGCCACATCCGATAAAGCCTACACGCACCGAACTCACCTCAAACCACCTCCAGCAGATTTGTGCACAGCGAAAATTTCTGAGCCGCATAATTTTTACACGGCGCAGCCTAATTTGCTGTCGGAGGTGATGACCGATGGCTCGCCGACCGAAGCCAGAAGAGGAAATTGAGGTCGTGGAAGAGGAAGTCAGGGAGGAAAAGCGAAAGAAGCCTAAAACCCTCAAACGGCTGGTCACTGAGTTAATTGTCAGGACAATAGGGCGAGATGCCGCCCAACACCTTATCAACGCTGAGATTGAAGTCTTCAAAGCCCTTCGGGCGATGATTGATTACCGAATCCGTTCAGCCGAAAGGGCTGCAGAAAAGTTGCAGGAAATTGAAGTGCAATGACTCAAAGCCACTTCCGCAAAATCTCGCCGTCAAAGCAATTGGGAGCAAAAATCAGCAAGGTGGTCTTTGTTGTGCCCGAAATTGAATGGAGGACACCACAATGCGCAAATGGCTTTCGCTAACAGTGTTGTTAGTCTTCGCCAACTGCATAGTGGCAGCCCAAACTCCATTGCCTCCAGAGGTGACCGAACAGGAAAAGAAGTTGGGCGAGGAAGCAGTTAAAGAGTTTGAGGGCAAAGTGAAAATCGTGAACGACCATCCTGCATTGCCACAACTCAGGCAAATTCTGGCAAGGATAGTGCCTGTCACTGAACGCCCCAAGATGACATACACCATCAAGGTCGTGGAAGACAACGAACCCAACGCTTTCACTTTCCCCGGCGGCTTCATGTATGTCACGACAGGGTTGCTTAGATTGGCAGAAAGCGAACACGAGTTGGCTGCAGTCATCGCTCACGAAATAGCCCACAACACACGCTTGCACGCAATCAGAATGATTCGGAAGGAAAGCCAGTTGAGTATCCCAGTTCTCCTTGCGATGTTGGCTGCGGTTTTCGTTCGCGGCGAAGCGACAATGCAAGCAGTCCAAATCGTCTCTCAGGTCGTCCAAGTTTTGATGCTGGGCTATTCACGGGACATGGAAAGGGAGGCAGATGAAGCCGCATTCAGTTACCTGCAAAAGGCTGGTTACAACCCTATCGGCTTGCTCACTTTCTTTGAGAAACTCGC
CP130454.1_gap24	1077493	1080290	2797	ACCTCTTGACTTTCGGTGCGGAAAGCGTTATAATTTAGGAACGACAAAGGTTACCGTGACAATCCAAATAGCGGGGAAACTGCTAACAAAGAAGGCGAGTGCAATGACAGGTGTCAGACAACAACTTCAGAGGATTCTGAAGCGATTAGAAGGGCGCTCTGAAGCAACTCCTGAAGAGAGCCTGCAACAAATTCTTGCATTGCCTGCCAAACAAGTTATTCCGTTGTTGATTGAAGCGCTAGAGAAGAGCCCTCATTACCTTGTCCGCTTGGTCTCTGCGATGGCTTTGGGTGAATTGAGAGCAGAGAAGGCTGTCCCTGTTTTAGTGGCTACTTTGTCCGACTCCAGTTTAACTGTCCAGAGGGCTGCGGCTGAAGCGCTGACGAAGATTGGTCGCCCCGCTGTCCCTGCACTTCTTGAACTCATTAACCACGAAGAACTTGCCATAAGAAGGTGGGCTATTTATATTTTGGGCAAGATTGGGGCAAAGGAGGCTGCTCCTGCCCTTCTTGAGCGGTTCACGAAAGAAGCCACTGAACTTCAAAGGCTCATCGTTGAAGCGTTGGGAGAGATTGGGAGCAAGAAAGCGTTCAAGTTGCTGACCGAGTTAGTGATGCATGGCGGTGCTGATTTTTCGCGGACGGCGATTGAGGCTCTGGGGAAGTTAAAAGACCCCAAAGCCATTCCTTTCCTGCTGGACATCTTGGCTCGCGACGGTTCAGAGTTGAGACGGCTCGTAAGGGATGCTCTAATGTCCATTGGCAAGGAGTCTGTCCCCGAACTTGTGAAAGCGCTCAAGCACCCTAATCAGACCGTCAGGCAAGTCGCAGCGGAAGTCCTCGGTTCAATGGGGGATAGAAGGGCATTGAAGGAATTGGTCAAAGCCTTGAAAGACCCTGACCCACTTGTCCGACAGTCAGCAGTTCAGGCAATTGCTCGTTTTCCAGATAAGTCGTTGTTTGAACCACTTTGTAGGTTGCTAAACGACCCCGACCAAGAGGTCAGGTTTCAGGCATTGAAAGCGCTCGTTCAAGTGGGCAAGCAGATGGCAAAACCTTACCTCAAGAAGGCGCTTTATGACCCTGACTGGCTTATTCGCCTAACTGCAGTCCAAGGTCTGAGCCAACTTGGCGGGGAAGATGTTTTGGAGAGTTTGTGCGAAGCGCTTAAGGACCCTGAGTGGAGCGTTCGGTATCACGCTGCTTTGGGGCTTGCCAAGTTGAAGAACCGCAGGGCTGTCATGCCACTGATTCAAGCAGTCTTTGACCCCCACCCACAAGCAGCGATACAAATCATCAGGGCACTTGAGGAACTTGGCGATCCAAGAGCCATTGATATCCTCAAGAGGGTCGCAAGCGCCAATATCCCAGAAGTCAGCAGTGCTGCTCAGAAGGCTGCAAGGGCATTGCAAGAAATCGCTCAAGCGGAAGGGTTTTCCGTTCCGACTTCCAAACGCTCCGTGAAGCGTGCCCGTGCGACTTCACAACCTGTCTCCTCTCCGCCAAAGTGATGAACCATGCCGGAACGCGTTATCGCAGTTAACCGAAAAGCCCAACACGACTTTGACATTTTAGAGACTTACGAGGCTGGCATAGTGCTCACCGGTCCCGAAGTGAAATCTCTGAGACAGGGAAAAGTCTCCCTTGCAGAAGCATACGCTAAGGTCAACAAAGGCGAACTTTGGCTTTACAATATGCACATCGCCCCTTACGACCCTGTTCTGCAGCGAAACTATGACCCTCGTCAGCCCCGCAAATTGCTTATGCATCGGCGCGAAATTGATCGCTTAATGGGCTTGACTCAACAGCGAGGGCTGACATTGATACCCCTAAGGGTCTACTTCAACGAACGAGGTTACGCAAAGGTTGAATTAGGTTTGGCTCGTGGTAAACGGAAAGTGGACAGGCGCAGAGAAATCATTGAGCGAGAAATGAAGCGAGAGGTTGAAAGGGCGCTTAGGGGGCGTCGCAGTTCTTAAGTTCTCCTTTCGTCCTTCGTGCCATAATCTTGCCTTCGGCAAATCCGCAAATCCAAAACTTCAACGGAGGTGAGGTTTGCTATGCCGGTTTACGACTACCACTGCGACGCTTGCGGGCACACCTTTGAAGTCTTTCACGGAGTAGATGAACGACCTGAAGTCCAATGCGATAAATGTGGGCGACCCGCTCGCAAATTGTTCAGACCTGTGCCGATCATCTTTAAAGGCAGCGGATGGCATGTGACCGACTACGGGAGAGGCTCTTATCCTAAGAAGCGAGAGGGCGAAAAGTCTGAGACAAGCAAAAAGTCGGAAGAGGGCGAAGAGTGAGCCTCAAGACATCACTGTTCCTTTGGCTGGGTCAAGTAGACCAACAAGACGCTGAGGAAATAGAGCCCAACAATTGGACCTGCGAGCAGGGTCATGTTAACTGGGTCTATCGTCGGGGTTATGATGGCGGAGAGGGTGAAAATGGCAACTATGGCATGACGCCAGTAACGCATTAGACCTCTCGCGCTAACGACGCCCAACTTACCCAAAAACATCATGACCAATGGCATTTGAAACAGCACCCCACAGGCAGCAGCAATTTTTGCAACTGACCAGAGATATTGCCGAGCAAAGTTGAGGACTTGAACTTTTATGCCTGGATTGTCCGTGCTTGGTAGTCCCATTTGAAGCATAAAGAGAGCAGCAATGGGAATGAGATTGTAGGCAAGGAAAACACCTGCTCCAAAAAGGATGAGAGAGGCAGGGATGAGTTTGAGGGCAAAACGCTTCTCGTGAGGGTAAAGGGCTGGCCAAATGAAAGCCATTACC
CP130454.1_gap25	1106205	1108509	2304	AAGAACCGACGAGCAGAACCGAATTCTTCGGCAACAATTGCTCAAGTTCAGCGGTGAAGGTCTCAACTTGTTGACGGATTTTGGGCACAGCAGCGATATGTCGCAAAACTACGCTCGCCTGATAAACCCACCAACCCAAAGCCAAACCCAGCAAAACAATTCTGACCGCTTTTCGTCCCTCGTCCCCCGTCCCTCGTCCCGTGTTGAAGTTTGTTTTCCGCCAAATATGCCAACCAATCGCTGCCAAAAGCAGGTAGCCGAAAGGCACGAACAAAGGCGGATACCAAGCCTCGGCGCCCAAGGTTACGCTTGAGTAAAGGGTGATGATGAAAACCATCAACCAACGAGGCAAAACCCACTTCTCCCGAACGACTATCCAAAAAGCCATCATGAGCACCACAAGCCAAGGCATTGAGTTCAGCGAGACTTTGAGGTAAATCCAGATGCCCCAAAAAGTTATCCCCAGCAGCAGAAGCAATCGGTCAAGGGACATGGAACCTTTGTGAGCCAAGTGGGCTTTCATTTGCCCAACGAAAATGTCCCAATCCAGAGACGCATAACTCAACCATCCAGCAACTCCAACCAAAAACGGGAGAGCGAAAACTAAACCGTTGCGCCATCCATGCCTCTTGACAACTATGGAACCACTGACCAGCCAACAAGGCAGAGCGATGGGGTGAACGAAGACAGCAAGCGCAGCGACCAACCCAACCAGAAAGACTTGAACTGGGGTTTGGAGATTCAGGAACGGTGCTTGGTTCTCCGAATGTGCACCGCAAGCCAAGAGCAAAGCCGTCGCCATCAAAAGACAACATGTCAGGATGTCTGGTCGGACGAAGTTAGAAGCGAACTGGAAAGTCAAATCAGTTGCCGTCCAAAGAAGAACAAGGACAACTGCTAATGGCGGAAGCCTCAACCGAACAGCCAAAACCAACAAGACCAAAAGCGTCAAAGCACCGAGGAGGCGAGAGAACCACCGACCTTTTGTCAGGTCAAATCCCTCGTCCCGTTGCAAGATTTTGCACCAAAGGCTTAACGCAAAAGGGTAAACGGGCATTTGCCAATAAGTTCGCCTGCCCGCACCGACCAAGAGGTCGTCTATGAGGTCGTTGCGAAAACCTTTGCCCTCTGCGATGTTTTGAGCCAATCGCCCAATCACGACTTCATCGTGCCAAGGGACAAGCCAAGCGTCGCCATAAAAGTTCAGCAAAAGCAGGAAAGCAACGATAATCGCACCCGAAGTCAAATTTGCCCAAAAGGGCAAGCAACAACTTTCCCGCATCAATGCCCGTTCACCATTCCTTTTCGGTAAGGGTTAGTTACTGCCAGACTGGATTGACTTGGTTCACATCGCTGCGGGTTTCCGTTTCCCTATCACGGCAGGCTCAGTTACCGCTTCCTTCGGGAAAATCTTGCCGGGGTTCAAAACTTCGTCCGGGTCAAAAACCGACTTGATTTTTCTCATGACGGCGAGTTCCTCATCAGTGAACATGAAAGGCAGAAAGTCCCGCTTCTCCAAGCCGATACCGTGTTCGCCAGTGACTGAGCCTCCAACTTCAACGCACCGCTTCAGAATATCGGCACTTGCCAAAAGAGCCCTCTCCAACTCTTCAGGTTTTCGCTCATCAAACAAGATGCACGGGTGCAAGTTGCCGTCGCCAGCGTGAAAGATGTTGGCGATGCGAAGCCCATACTTTTCGCCGACTTGGTAAATGAACCGCATCATCTCAGGCAACTTGCTTCTCGGCACCATCCCGTCTTGCGTCAAGTAACTTGGCGTCAAGCGTCCTAATGCGCCAAATGCTCTCTTTCGTGCAAACCAAAGTTGAGTTCGCTCCTTCTCCGTTCGGGCGAGCAGGATTTCAATGGCGTTGTTCTTTCGGCAAATCTCCATCACTCGCTCTGCTTGCCTGTCCAGGGCGACTTCAAGCCCGTCAAGTTCAATGACCAGAAGGGCTTGAGTTCCTTCAGGGAGTTGAAGCCCAAAAGCCTCTTTCAACGCACCAAGTGCGACATAATCAACGAACTCGGCAGCAGCAGGGATAATGCCAGCAGCGATTATGTCCGAGACGGCTTGGGCTGCATCTTCAACGCTCGCAAAAGAGACTCTCATGGTTCGGTAACTTTGCGGGTTTCTGGTCAACTTCACCCAAGCCTTAGTGACGATGCCGAAAGTCCCTTCCGAGCCAATGAAAACGCCTCGCAAATCGTAGCCCGGCGTCTCTTCAGTTTTACCTCCAAGCCAAACGACTTCTCCGTCGGGCAAGACAACTTCAATGCCCAAAATGTGGTTGGTCGTGACGC
CP130454.1_gap26	1119607	1120759	1152	TTCCAGCACCGTTGGACATAACCTTGCCTTCCGCTTTCAAACCGTTTCCGACATTCATCCACCAGCACCTTCCACTCGTTCGTCCCTCGTCCCGCGTCCCCCGTCCCAATTACTTCCGCCATTCGTTCCACTGCCTTCAACGCAGCCAGATACAATGTTCCGATGAAGGTGTTGCTGCCGAAGGTGTGAATGTCGTAGGTGTTGGGTTGCTCGCCGTCAATAACACCATCACCGTCAGGGTCAAATTGCTCAAAGATGTGACGCATCAACTTGGCGACATGCGGGAACATTTCAGCGAGCCACTTGACATCACCGCAGAGTTGAAATTCGCGATAAGTTTTCAGCACTGCTCCAAGCATCCCGTCAAGAGCAGGGTTGTGAGGACCGCCGATGCCGCGTTCCCAAAGTCTCGGCAAATCAAGGGGCACTATGACGCGGTGCGGGATATAGCCTTTCTCTGGATGCTGTTGAACCTTCCACTCAACGAACCGCATCGTCCGCTCAAGTTCAGGGAAGACGAAAGCGATGCTTTGAGCGTAGTTGTAGACATGGGTGCAATTCAACGGGCAGCAACTGTCGGCGCCCTCAAAACCGTAAAAGTTGCCGTCCTCAAGCCACATCAAAACGCCGCTCCTCAAAATCGCCAAATTGGATGCGACGGCATCTTTGATGGCTTCAGGCAGCGAATTGTCCCACAGCACATCGGCGAAAGTTTTCGTCTCGCGGTAGAGACGCTCGCAATTGGCGGCAAAGTAGCCAACGACATCGCGGGCATCTTTGAACCAAGCGTTGTAGCGATTGCCCAATCGGTAGCGATACTCGTAAGGCGGCGCCCAACCGTAGCGTTCGGTTCGGTAGCGGTTGGGAAAATGCCAAGCCAAAACGAAAGTGACCGAGCGGCGCTCATTGGGCTTCAATGCGACTTTCGCGCTCACAGCACCGCAGCAAGTTTTGCCAGGTTCTGTTGGTGCAGGGTGCGGTGTGCGAAGTGCAGAGTCAAAGACGCCGTCGTCGGCGAAATCTTCCCACATCGCTTGGACATCTTCGTGCTGTGTCAAGGTTGTGATTTGCCATCCTCTCCTATCGCCTTTGACCGCTAATGCCATTGTCCCGAAAGCGGGTGCTGTCTTGCGCCAACCTGTCATGGGGGTG
CP130454.1_gap27	1123293	1124986	1693	TGCCTTGGAATTTGCTGATGACTTCGTGTGCTTGGTTGACACAGACATTTTGTTCCGCGATGGGTGGGTCAAAGCCCTTAAGGGGTTTTTGTAGTTTTGCTCTCCAAAGGAGCCGATCGTCGCCGCTTTGCCCGAATGGACAGCCGACGGGACTTACGACTTCAACGAAGAGTGGGTGATCCAGCAGCAAATTGATTGGGGTGGTTTGCCCATTAAGCAGCCGAGGTTCTACTTGAACGCAGGGATCGTCGTGATCTCCGTGGGGGCAAAGGAGTTTGTTAGGGACTGGATGGCTTGGACTCTGAAGGCGAGCGCCCTCCACGAGCAAACTGCCCTTTGCTACCTGCTCCATCAGCGGGGCGAACAGGTGAAGGTCATTTTCCTTCCTGAAACCCTGCACTATATCCACCCTTTCTTGCCTGACTTTGAAGCCGTCATCCCTTACCATGTCTTGGCAGTTCACGCCATCGGAAGCCTAAGGGCTTGGCTTTGGAGGCAGTTGGTAGAAGGGCGATTTGAAATTGTCGGTCAGAAAGTGGCTATCGCAGACAGATGGCGGGCAAAAAAGCGCTATGGCGAAGCGTTGGTAGCTTATCGGGAGGCAATAGAAGGTGGAGAGGATTTGTCCCGCGCCTATCTGGGCATCGGCGCATGCCATTTGGCGATAGGACAGATAGATGAGGCAATCGCTGCCTATCGGCAAGCCTTGAGGTTACGCCCTGACTACCCCGAAGCCCTTCGGCAGTTGGGAGAATGCTATGAACGCCAGGGCAATTACATCCAAGCCTTTGATTGCTACCGCCGTGCTTGGAGGGCAGAGCCGAGCAACGAGGGAAACAAGGTCAAAATCGGTGCCCTCCTGAGAAGGCTTTTGAGGGAAACACGGCGGGTTCAGGGTTAAGGTCGGGCGGGTGTTAAGGTTTTCGGGGGATAGATCGTCTTATACAGCGGGAGGCGGATGGGATGGAGCGATGGGACGAACTCGTGGAGAAGATCGCCGAAGCCGTCGTCAGGAAGTTGGACGAACGGCGCAAGATTGACCTTATCGCCGAAGCCGTAATAGAGAAACTTAGGGAGCGAGAAGCCCTTAAGGGGCAGGAGACACCTATGGGAGGTGCCGATGATGATGGAGAAGAAACAAGATCAAATGAAGAGGCGTGAATGGCTCTTCAAAGCCGCCGAAGCAGCCGCGCTGGCATTGTTTGGGACGATGGGGTTGAAAGAAGTGGCGGCAGCCGTCAGCGAAAGGGTCAGGGAAAAGATGGCAGAAAAGGAGATTACAAACCTTGTGGCTCAAGAGTTAACTTCTCTGTCACAGGTGCTTAGAGTTGAAAAATGTATAAATGTGAAATACACCTGCAACGGATATCAGGAAAGGTTGGATTGCAACAAGTTTGACTGCGAAACGGTCTTTACTTGCATTGGAGGGGATTTCGTGTGTGGAGCATTTGATTGCTCGCCATGGAATAGGTTCCGATGTTACGGTTACGCTTAAGGCGGTGGTTGTTCATGCACACTAAAGGTTGGACACTAACTGAGTTACTAACGGTCATCGCAATAATTGGGGTGTTGGCGGGGCTAGTCTTTGTGGGAATCCACAGGGTCAGAGAAAGAGCAAGGCAAATTACTTGTGCCTCTAACTTGAGGCAGTTAGGAAAAGCCTTCTTGATGTATGCCCAAGACAATGATGGTT
CP130454.1_gap28	1163323	1168198	4875	GCAGGGTTGCGAACGAGATGCTTGTAAGGCTTGGTCAAATCACGGGGCATTATAATTCCCTGCGGGAACATTGGCTTTAGGTCAACGGTCAGGTTTGCTTCGTTGGTCAGTTCCCAAAACAGGATTGTAGGGTCGTCTTTGTAGCGGGTGACGATTTCCTCAACCCAAGCATCAAAAAGCCTTCGGCTCTTTGAGCGTGGATGGTTGACAAAATCTTGCAAACTCTCGCTGGCAAGGTCAGGGAAAGCGATGTGCCACATCAAAACGGGAATCAGCCTTAAGCCTCGTTGACGGCAATCGGAGACCATCTCATCAAAGCGCTTCCAGAAAACATTGCGGGCTTCAATGTAAGTGCGCTCAATTTCTGCTGGCCAGAAAGGCAAAGCGTTCACCCTAAGGGCAACCATGCCCGTTTGAGCCAAAGCGTCAAGGGATTTCTTCGCTGATGTGAGTGCTTCGTTACGGTCACGACCAAAAAAGTCAGCGAGGTAAAGGGAGAGCAATTCATGTTTGTTGACGCCCAATGTCCTGAACGGCTGACCATCAAGGAGCAACTGAACGCCTTCACGGCGAAGGAAGGGGGAAGGTTGCTGTGTTGCTTTTGCTTCCACCTTCATCGCAACTGCCGTTCCCAACCCAACTGACGCTTGAAGAAACTGCCTTCTTGTCATCGCTGATCATCCCTCCGTTGGAATTTTTTTGCACTGCATAGCAAAATCAAAATAGCACAGAAGCGGTTGCGCTTAAAGGCTTCGTTGAAGCATTGATGAGTGAAAGTTTGATGGCAACAGAAGGTTGCGGAACAGATAACAATGCTGTTGCCTTTTTCTCACACAAGGAATAAGGAACTGACGATTGATGCTAAAATTGTGAGTGATGAGGCAATGTTGTGGTTTTCCAAAAATGTTGGGTCATCGCTTCATGCCAGTAACGCGGCTTGCCTATTTCAGAAGCCAAATCTGTTAGGTGCGCTTACACCTTCTTCCTTGTCTCAACATGTGCTACTCCGCCATTCTTCAAATCCCTCCGGCGTCAGGTCTAAGTTAGGGACGGGCTCAAAATGAAGCCACTGGAGGTAGTGAATGTGTCACCAAGCATAGTGACCTTTACATTGTTGCCACCTTCAACTGGATGTTTCCCCTCCTTGTGTGCCCACACATCTTCGGCGCGCTTATGGTCACGCGACCTTAGGGTAGTATGGGAGGACCCGAAAGATGCGCACAGGGTATCTGACCCCAATCGTGAAAACCCGTTTGTTCCACATAGCAATCGCTGCCCGCAAGGCTCTGGTAATCCTCGCCCCGAAACTTCGCTTGGCAGGTCTGTATGCCGAAGAATCCTGATCGGTCAAGTTGCGTGCCCTTAACTCGGATTGTGCCCATGCTGTGATGTTCATCAACGCTAAAGAGTTAGGACCTGCGCAGTTGGGATGGGTTCATATGTGGGCTGAGCCAGATAGGCTTGAATAGCATCCCGAATAATCAGTGCCTTCACCTCGCATCAACTGATCCTTCTCCGCAAGCGATAAACCTTTAACCTCAAAAAGCCCCTTCATTCTCCGTCCTCTTGTCCTCTGTCATCTCCAGGTCATTCGTTGTCCAGTATTCTGCGTCTCCGTCTTTGGAGACCGTCCGAAATACCTTCACAAACCCCAAACCCCGAAGATGAACGACCCTTCCTCCCTTTGGAATCTCCACGCTCCTTATGGGCACATTCCACTTCCCACCTAATTGGCGCGATTTACTCGGTTTCGCTCAAGGCGCTGTCAATCTTCAAACCTAACGCCATTTTGTTCCAGCCAGTTGAGCAAGTCATCAAAGGTTATCAGGTCGCACATGGACGCTTTCTCTGTCAAGTTTGGTAGCCCAATGATTCTGCGAATTTCGCCCGGCTCCTCACCTTCATCCATCTCAGCAAGTATGTCCTCAATTTCCTCGTCAGTCAACTCCGATAAAGCCACAAGTGCCAAGTTTTTGAGAACAGGGTAGCGCTCAACCAGTTCTGGTGGCGCAATTTCCTCAAGGGGCAAGATGGCATCAGCCAAATCTTCATCACCTTGCTCCTCAAGGTATCTTCGCAACTCAGCAAAATCTTTCGGTCTTGGCACAACCTTTCACCTCACATCAGACAAATTGGCTCAAGTATTCTTTGCCCTTGACAAAGCCCAACTCTCTCGGGAATGCTGCGTCTTCATGTTCAATTGAGAGAACGCCATCATATCCGACACGACGCAATGTCCCAATGTATCGTCCCCAGTCAATCACGCCGTAGCCGGGAATAACATATCGCCACCAACCCCTTTCGTAGTTTCCTATCCAACGCCTTTTGTGTTCGTAAATTTGCGTGTCCTTAGCGTGGGTGTGGAAAATCCGTGAAGCGAACCTTTCAACGGCAGCAATGTAGTCAATGTCCTGATGGACGAGGTGAGAAGGGTCAAAGTTGAGCCCGAAATTTTCGTTGGGCACAACCTCAAAGAGCCTCTCAAAGTGATGCAGTCCTTGCAAGTTCGTCTCAAACCAGTTTTCAAGGGCAATTTTGATCCCTCGCTTTTCGGCATATTCGCAAAGCGGAACGAAAACCGATGGCGCATCTTGTTCAATGGTTTGCATCTTCGTTTTGCCGGGAAGTGGAAAGCCAGCGAGGGTGCAAACGACTGGAACTTCAAGGACATCAGCAGCGTCAATGACCATTTTGAGTTCGTTCAGGAAAGCCTCCCGCTTTTGCTGGTCAGGGTCTAAGGGGTTGCCGTAACGAGCCAAACTGGTGATTTGTATTCCCGTGCCTTTAAGTATCCTCTTGACGGAGCGACCTTTGTCCTTGAGCACTTGTTCTGCGTCAATGTGACCGTGCCTGAAACCAGCAACAACTTCCATGCCTCCAAACCCGTTTTCTGCTGCGAACTTGACTACATCCTTGAACGCCACATCTTGGAACGGCGCAGTTAAAAAGCCGATCAACACAACAGCCACCCCCTCGCTTCATTTTGCGCTTTTGAACCGCAGGCAATAGTTTAGAACAGAGGTGTTAGGAGGTCAACAAAACCTGTTTATGCGTCATCAACTATGGGCTAAAACCGTAGCACGGAAAGGGAATTTTTGACTTTAGAGATTTTCAAAGATGGCAGCGAGTAGCGAATGAGTAGCAAGGTGAAGTTATAGCGTGAATAATCGCAAGGGAACGAGGCGTCAACTTGGATAGTCCCTCACAAAATCCCTTCCAACACTTTCTTCTGCAAGGTGATTAATTGCCTAATGCCTTTTTGGGCGAGGGCGAGGAGTTGGTCAAATTGTTCTCTCGTGAAGGCTTCGCCTTCGGCTGTTGCCTGAATCTCAACGATTCGCCCATCCTCAAGCATGGCGACATTCATGTCAACGCTGGCGCGTGAATCCTCGTCGTAATTCAGGTCAAGCAAAAGTTGCTTGTTCACGATTCCCACGCTGACTGCAGCGAGACAACCATAGATGGGCAGTTTTTTCAACACACCTTCTTGTTGCAATTTCCACAGTGCTTCAACCAAAGCGACGAACCCGCCGGTGATAGCAGCAACTCTTGTGCCACCATCGCCTTGAAGGACATCGCAGTCAATGACGATGGTTCGTTCACCCAAAGCGGGAAGGTCAACGGCTGCCCTGAGACAGCGACCGATGAGTCGCTGAATTTCAATGGAACGACTGTCCTGCCGTCCAACTCGGGCTTCCCTTTCATTGCGAGTGTGAGTTGCCCTCGGTATCATCCCGTATTCGGCAGTAATCCAGCCGGTATTCGTGCCTTTTAGGAAATTGGGAACGCGGTCTAAAACTGAAGCGGTGCACAAAACACGGGTGTTGCCTATTTCAATCAGGCATGAGCCTTCGGCAAACTTATGCCAGCCGCGAACCAATTTGATGGGTCTCATTTGGTCGGGAGCGCGACCGTCAGGTCTTTGGAACTGCATTTTCGCCACCTCTCCATTTGCAAACTCTTACCGTCGCCTTTTCCGACGAGGTTTGCGTCTGGCTGGTGTCGTAGGGGTTGGGCGAAGGATGCTTCCAGTTGGAGAAGGCGCAGGCTTTTCCGCGACTTCTTCGGCTTCCGAAACTTCTGCTCCCGCTGAAGGGGTTGGAGCACGCAAAATCGGTCGCTGCTCAGCAATGGGGCGACGAACTGGCTCTGTGGCGGGACGCTTTTGAGCCTGCCTTGCCTCCCACCACTTCTGCATCATTAAAACGAACGGGGCAGCGATGAAAATTGACGAGTATGTCCCTGCAGTTATCCCGATGAAAAGGGAAAAGGCAAGGGGCTTCACAGCAACTCCGCCGACTAACAAGACAGCCCATAGAGTCAACGCTGTTGTCAAGGAAGTGTTAATGGACCGGGGCATCGTTTCAATCAAACTGTAGTTGACGACACGGTCTAATGTCCATCCACGCCTGACTTTCAGGTTCTCACGGATTCGGTCGTAAATGACAATCGTGTCCTGAACCGAGTAACCGGCGACCGTCAGGAGGGCAGCGATGAACGAACTGTTGACTTCAATTTGCGACCAAGCAGTGAAGCCGACTAAAACCAAGACATCGTGAGCCAAAGCGACCAAAGCGCCCAGTGAAAATAGCCATCCAGCACCCAAGATTTGGTAGCGAAACCAAATGAACAGCGAGACGAGGAGCAAACCTATGATGGTTGCCTCAATGGCTGCCTTTGTCAATTCGCTTCCTACGACGGAGCCGATGAACTCTGTCCCCGCTTCTTCAATCTTCGGATACTTTCGCTTCAGGACCTGATAGATTTCGCCGCGCCACCGTTCGCTTTCCCTTTCGCTTTGAACTTTCATTCGGATGAGCAAAGTATCGCCTTCCGCGATTTGGATAACAGGCTGTGATGGCAAACTCAATCGTC
CP130454.1_gap29	1317252	1321309	4057	TAGGCACAAGTCGGCTGTCGGTTTTGCGTATGACTCAAGTTGGTTTGCTGGTCAAAATGAACCGTCTTTCCTGACAGGTTGCGCTCACCCTTTCAGACCTTTGGATGCCGAACGGTGGCAAGTGTTGCCGTTAGTGGAGTTGAGTTCCGTTTTAGATGACCGTGTCCTGTTCGGGGAACTGATGGGTGGGCAGAGGAACGGTGACGCCACCCACCTTGGCATCCAAATGTGCGAAACGGTGTTGGCGTTAAACGGAGTTGTCTGCCTAAGTTGGCAGCAACACTCTTTCAATCAAAGGGCAACCGCTTTTGAGCAAATTGTCCGTCACTGCCAGCAATTGACCGCAAACGAAATTTGGTGTCCTGCCCCGAGGGAAATTGCTGAATGGTGGACGATGCGAAACGAAGTCAAAACTTCCTCCCGACAGGTTGGGAAACGATGGTGGGTCGTGGAAATTCTCCCTCCAGATGATCTTAGCGATGCCCTTGCGTTTGTGCTGGCAATTCCATTGCCCAGAAAGGTTCGGGTTCTGAGGGAGGGAAACCTTTTGCCTGTCAAGCAACTTGGTTCATTGGGGAAAATGAGCCTTTGGGGTGTCTCCTTGATTTTGGAACCCAACGAACCCTTTACTTTGAGCGTTGGGGCTACAATTTGAGTGGTAGACAAGGTCTTTAGGGTTGGGGTAAAATCCAAGTGACAGCCCCGAAAAATTGAGGTGATGCCTAATGCCGTTGCAGATAACTTCTCGGGAGTTGGAGAACGGGATCGTGCTGTTGGAACTCAAGGGGAGCATGGATGCCGCATCCCAAAACGAACTCCTTGACGCTTTTAACGACGCAATTCGCAAAGCGGAGAAAGGACTCATCGTCTCTCTTGAGGGCGTGGATTTCATGGACAGTTCGGGCATAGGTGCACTCATGAGGGCTTGGGGCGATGCGGAGAACAATGGGCTAAAGTTCGCCGTTGTCTTGAGGCAGCCGAGGCTGAGGAAACTTTTGGACACCCTTGGCTTACTTGAAACTTTGCCCAATTTCCTGACCGTCAGCGATGCCCTGACCGAGTGGCGAATTCAAGAGGAGAGGGAAAAATGGGAGGTTCAACCTTTGACGCCTGAGCCGAAAGTCTCTGAGCGAGAAGCAATAGCACCACCTCCATTGACAACCGCTGTCCATTGGAGAATGGAATTGCAACTTGCTTGTGAACCAGAGTTAATCGCCGTGGCGAGGTTAGCATGTGCAACCTTCGCGTCTCAAATGGGCTTTGGGCTTGACGAACTTGAAGACATTAAACTCGCTGTCTCAGAAGCCTGCACCAATGTCATCCAACACGCTTACGAAGACCGAACGGGGCAACATTTCACCATCCGATGTTGGGCGGAGCAGAACTCACTCGTTATTGAAGTCAGCGACAAAGGGCGAGGCTTGAAAGCAGGGACAAAAAGTCGCTTCGGAATGAAAATCATCCAAGCGGTCATGGACTATGTGGAGTTCCAGTCCGAGGAAGGGAAAGGCACGGTCGTTCGGATGGTCAAGAGGCGAAAAATTTGACGGAGGCGTCGGGCATGACCGATTGGCAACTCAAGCAAACGGACACTGAGGAACTCTTCAAGTTGTGGCGAAAAACTAAAGACCCGAGGATACGGGATGAACTTATTTTCCGACACTTGGATTTGGCAAAGGCTTTGGCGAAAAGGTTTATGGGGCGTGGTGAACCCCTTGAAGACTTAATCCAAGTCGCCATTTACGGGCTAATCAACGCTATTGACCGCTACGACCCGGAACGGGGAACAAAATTTGAGACCTTCGCCTACCCGACGATTTTGGGCGAACTGAAACGACACTTCAGGGACACTGCTTGGGCGATGCAGTTGCCGAGGGGGCTTCAGGAACTCAACCAGAAGGCATACAAGTTGGTTGACATACTGACCCAGAAATTGGGGCGTCCACCTACAATGGCTGAGTTAGCCCAAGAGTTAGGCGTGAGCGAAGAACAAGTCATTGAAGCCCTTGAGGCTGCAAACGCTTATGAGACCTTGTCGCTGGAACAAGAAGTTTTAGCCGACGAGGATGACAGACCACAACCTCTTGAGGAGTTGGTGACATTGATGGAAGATGAGGCGATGGAACGATGGGAGAAGCGCCAGTTGATTGAAGACGCAATGAAAGTTTTGGACGAACGGGAACGGAAAATCGTTGAGATGCGATTCTTTGATGACTTGTCGCAAACCCAAATAGCCCAACGGCTCGGCATCTCACAAATGCATGTGTCAAGGTTGCTGAGAAGGGCTCTGCAAAAGATGCAGGCTTATTTGAGAGGCGTGAGTGAAAGGAAAGAGGCAGGGAGTTGAAGGGAATGGAGAAGATTCCAACTTTGCCGAGTCCATGGACGCCGGAACAAGTTCAATGGCTCAGGCGGATAGTCTTCGTCCTCTTCGTCCTTCTCGTGATTTTCTTTTTGTGGCAAATTCGTTCCATCATCCCCATCTTTCTCATCGGCTTCTTCATCGCTTACCTCCTTGACCCACTCGTTGACAGGTTAGAGGAACATGGCTTTTCCCGAACGGGTGGCACCATCGTCGTCTTCTCGGTTTTCTTTCTGGTCGCTTTGGGTTTGGCGTTGATGATTGTCCCACCGCTGATTGAGCAACTCATCTCTTTCGTCTCGGCATTCCTGCCGCCAAAAGGGCGATACTATCTGCTGTCACTTCAAGTCATTGACTTCGTTGAGACGAAGGTCTTGAAGGGTGAAGTTCCCGCCTTCTTGGAACAGGCTATCCAACGGGTTTTGGAGCAGTTGGGCAATTTTTTGATGGCGAAATTGCAAGGCGCCATTTCAACATTGACGGGCTTGTTCTCGCTCATCGTTCTCCCCTTCATCGTTTTCTTCGCCCTTCAAGTCGTTGACCCTTTGCGGGAGAGGATAAGTTGGTGGGTGCCGGCAGAGTATCGTGAGCCGCTTTCCGAACTGACCAAAGAGGTCGGGCTACTTGTTGGCAGATATGTTCGCGGCTACATTGTCCTTTGTTTCGCCGTCGGGTTTGTTGAAACGGTCTTCTTGGCTCTCTGCCGTTGGATTTTCGGGATGGACTATGTTTTGGCAGTCGGCATTTTTGGAGGCGCAACTTATGCCATCCCTTACTTTGGGGCTTTATTGACGACTTTGATCGGTGGCTTGGCTGCGTATACAACAGCCCAACACAGTCAAATTCTGTGCACCATCATTGTCATGGTCGGGCTAACGCTCATCAACCAAGGTTTTGATTGGCTCATAATGCCAAGAGTGGTGGGACGACAAGTTGGGTTGCACCCGCTGACAGTTCTGTTTGCTGTGATGGCAGGTGGAACGATGATGGGAATTTGGGGCATGTTGCTTGCAGTCCCAATCGCTGGAGCCGTCAAGTTAACCCTTCAAACTTTATTCCCCAGTCACTTCGCTCCCGTGACAGAAAAGGCAAATGCTGTTAAAATGACGGAAGGCAACCGCCAAGAGAGAGGTGAGGGGCAATGAAGGTTAGACGACGAACGCTGTTGAAGTTGGCAGGAGGCGCTGCCGCTTTGGGTGGCGCTGGGGTTTTGGGTTGGCAACTTGTTCAGGAGCATCAGAAAAGCACAGCCATCGCCGCTGATGACTTGCTTCAAGTAAAAGTTCAAGGCGTTTACAGTGACCCTGTTGGCGCAAGGGTGGTCTTTCTGACACCCGAGAAGGAAGACAAAGTGCTTAGAGTCTGGATTGGCGACGCTGAAGCAATGGCAATTGTCGCTGCCTTGAACGGGATTCCGTTTCCAAGACCAATGACCCACGACTTGCTTCTCAACGCAATCCAAGCACTTGGCGGGAAAGTGGAGCGAGTGGTTATCACTGACTTGCGGGACAACACCTTTTATGCAACGATAGTCCTGCGTGATGAAAAGGGTGTCAAGGAACTTGATGCCAGACCGTCTGACAGCATCGCTCTGGCTTTAAGGGCAAAAGCGCCGATTTTCCTCTCGCCAAAGGTTCAAAAGGCAATGGAGCCTCTGTCAGAAATCCCAACACCAAGTCAACCTGAAAGATCTCG
CP130454.1_gap30	1323758	1326144	2386	TTCTCGCAGAAACGGGACAAGCATTGGGCGCAATTCAAATTGCTGGCACACCTTCAACGCTCCAAATTCCCTTTTTCATCGCTGCTTGCGATTTCACGGTCATCGGTGAAGAATACTACGCTGTCACGGCTTACTTGACCCGCGAACCTATTCTTCTGGGCAGCGTTTGGGGTCAAGATGTTTGCCGCATTCTTTTGGCGTCTCTAATTTTCGCTACCACTGTGGCTCAAAAGTTTCTCCCACCTGTCGTTCTCAAATTCTTGGGGCTGTGAAGGTGATGGACAATGTTTGAGCCGCTTCAAAACCCGACCTTGAACTACATTTTGGTGGTAGGTGCGTTGGTTGTCAGCGTGGTCATATTGATAGCGCTACACTCTTCGCCGCCTTATGTTCGGCGGTGGGTAATCGCAGGGGTAACTCTCCTCGTTGGGCTGTATGTGCCCCTTGAGTTTTACATCCCACGACACAACTTCCTGACTGTCTGGCGCGACCCTTTGAGTGATTTGGTGCGCGTTCTCGCTGGGTTCACCATTGGGTTGGGAATAGTGAACTTGGTCATCGTTCACGGTCGCCACATACTGCAGCGCACCGCAAACTTTCCTTTCAGTTTGGCTTTCTTTGTCGGCTTCATCAGCATGGCTTTCGTCGGCTTCCTTCACCACTACAAACCTGACCTGTGGGCTCAAAAGCCGAGCGAGGGCGAATTGGCATTTTGGTCTGCGGCATACAAGGTCTTCTTTGAAGGGCTATTGCTTCCGCTGACTTCAACGGTTTTCTCCCTTTTGGCTTTCTTCATCGTTAGTGCAGCCTACAGGGCTTTCCGCATAAGGACATTGGAAGCAGGGTTGCTCATGGCGGCTGCCATCATCGTCATGTTGGCAAATGTTCCCGTTGGGACTTGGCTCACTTCTTGGCTACCGCAGGAGGGTTGGTTAAAATGGCTTCGGCTTGAAAACGCTGCCCTTTGGCTTACCACCCAAATCAATGCTCCAGCGATGAGGGGCATTTTGTTTGGAGCAGCGGTCGGCGGGTTGGGTGCAGCACTGAGAATTTTGCTTAGCCTTGAAAGGTCCTTCTCCTTCGGAGGACAAGGATAAGGTGATGGCAGATGGAGAAGTTGAGCAATTGGTTGGCTCAATTTCAAGCCATAGACAGGCGCATCATATACCTGTGCGTCGCAATAGCAATTGCTTTGCCCTTCATCATCCGAATCAGACTGCCAGTCATCCCGACAATGCCTGTGCAGAAATTTTACGAGGCGGTTGATAAGGTCCCTAAAGGCAAAGTCGTCTTGGTCGCTGCGGATTTTGATACTGGCACCGAGGGAGAAAACGGTCCGCAAGTTCAAGCAGTGCTGGAACACCTGATGCGTAGGCGCATACCCTTCATAATCATGGGAACAGCCATCCAAGGTCCTGAGTTGGTGCAAAGTTACGCCGAACGGCTGGCGAAAAAATACGGCTACCGATACGGTGTTGATTTCGTGAACTTGGGCTACTTGCCGGGTGGACAGTTAGCGTTGGAAAGGTTCTGCCGCAGCATATGGCAGACGAAGCCCATTGATTACAAGCAAAGACCACTGACCGAGTTACCTTTGATGAGGAAAGTGCGAACCGCAAAGGACATCGGGTTGGTTGCAGAGTTCACCGGCTCTGGGGTGCTGAGTTGGTATATCCAGACTTTCTGGGGGCAGTTCAAAGTCCCGTTGGCTCAAGGCTGCACGGGCATCATCGGTCCTGAACAGTTCCCTTACTTGGACACAGGGCAATTGTCAGGTTTGATGGTCGGGCTCAAAGGTGCAGCGGAGTATGAGGCTTTGCTGAATGTCAAACGGGAAGGTTTCCGAAGGATGATGCCTCAGTCTTTGGGACATTTGGCTGCGTTGCTTTTGATTTTCTTGGGCAACTTAGGCATGTGGTTGGCAAGGAAGAGAACTCAAAGGCGAGGACTTTAACGAAGGGGTGACGGGGAAAGTGCTGCCATCAATCAGCGAAAACAGTTTCGGGTTGCAATTGTTGATCTATTGGCTCGGCGCTATTTGCACCCTCGGCATTTACACTGTCCTCTACAGGGAAAACAAGGTATACCGCCTCTTTGAGCACTTTTACATCGGCTTGGCTGTCGGGTTCGGGTTGGTGATAACAGTCAACGAAGTCCTTGACAAAGTCTGGTGGAGGGCTATGATGACTGAGCAGCCCACCACCGTCGCTTCCTTTGATAAGCCGTCAGGTATAAAAGGCGTTGAACTTGACAAGGACGAGAAGAAGGAAGGGGAAGGAGCATGGCTTTGGCTGCCGTCAGAAACGCCTCTGCTGAGGCTCACTCAAATCCCGACCGATTGGGGGATGCCTAATTACATGAAACTTTGGCTCTGGATTGAAAAGCC
CP130454.1_gap31	1328979	1333699	4720	GCCTCTCTCATGCTTTTCCACTTACCGACAGCCTTTCCTGCAGCGATTGCTGCCCCGAAACATGCTGCTTCGCTGACATGGAGTGAGGATACAGGAACGCCGAACATGTTGGCTTTAAGTTGCAGCCAGAACTTACTTTTAGCCCCGCCTCCTATGGCTCGGACTTCATGGACGGTCACACCTGCTTCTTTCAGCAGTTCCAAGTTGAGCCTCATTTCGTAGTTCACACCTTCAAGCAGCGCTCTGATTATTTCGCCCCTCGTCGTGCTTATGGTCAGCCCAGCGATGACGCCTTTTGATTGAGTGTCCATCCAAGGCGTTCCTGTTGTCGGGGTGAAGTGAGGTAGGACGAAAATGTTGGTTGGTCTTTTGCTGGCTTGGGCGACAATGAGGTCGTAGACATCAATCCCCATCCGCTCGGCAACTGACTTCTCTTCGGTTGCGAAGTTGTCGCGATACCAACGAAGCAAAATCCCGCCAGTCCAACTCCATGTCACCGTCACATACAAATCTTCAACCACATGCGGGTAGCAACAGAAGTTGTTGCGAAGCATAGTTTCGTTCAAAACCGGTTGAGCCATCGCGACGGTTATACAATCCACTGTGCCGATTGCGTCCATCGCCACACCTCCCTTGACCACACCTGAACCGAGGCAACCACAGGGTTGGTCATGCCCTCCAGTTGCAATGACCGTTTTGGGTGACAGACCTGTTTCCTCCGCCACTTTGGGGTCAACAGTGCCAATTGGCTCTCCCGAAGGCATCGGTCGTGGCAACATGCTCTCGTCAATCCCAGCCGCTTCAAGGACTTCGCGACACCATCGCTTCTGGACAACATCAAATCCCATCGTCCTTGAAGCCATTGACCAGTCAATGGCTGGGTCTTTCGCTCCGAGCTGGAAAGAAACGAAGTCTTGTATGCAGAGGAACTTCCAAGCCTTGGCGAAAATTTCTGGTCGCTCCTCCTTCAGCCACATCAACTTCGGCACGGTATACATCGGGTGGATTGGGTGACCTGTCAGTGAGAAAACACGCCATTGCCCTAAGGTTTCTTCCAGCCGCTTGGATTGAGTTACGGGACGAGAGTCCAAGTTAGCAATTGCGTTCATGAGTGTGAGACCGTTGGCATCAATAGGAACGACGGTTTCGCCCATGCTTGAAACTGCTATCGCTTCCACTGGGTCTTTCTCACCTACTTGAGCAACGGCTTCAGAGATGGCTGCTTTTGTTGCCTCCCAAATTTGTTCGGCATCTAACTCAACCCAGCCAGCAGGTCCTGGGTAAATCAACGGATACTCGTGGTAACTTTGCCCCAGAATTTCCCCTTCGTCATTGAAGACAACAGCCTTGACCCCTGTCGTCCCTGTGTCCACTCCCATCAAACTCATCGCCTTCACCTCCGCGAACTAATTTTGTCGCCCGCATCGCTAAGAAACTTTACAACGCCCAGAAGGGAACGCAACTTTGTCGTGATAGGAAAGGTAAAGCAGCGTAGTTTTATGCCCAGCCATAACCTTAGCAAAGGCGAAAGGAAATTGTGTCACTGAGGACACAGAGGTAACCGGAAAGACCGCCTATAATTGATTTTGCGCGGTCGCTTGATTCTTGTTTGGACGAAAACGGGTGGGAACGAAAAATGTGTCCTGTTTGTGGACACCAAAACGCACCTAACTCGCCTGTTTGCACCCGTTGTGGGACGCAGTTGTCCAACGCAAGCCAGAGCACCCAAATGTGCCCTGAATGCGGTGCTGATTGTCACATTTCTGCCCAGCACTGCCCTCAGTGCAGGCAGCCCTTGCCCCTTCCTGAAAGGCGCCTACTTGGGCGTGGGACAGTTTTGGCTCAAAGATACAAGGTTGAGCGTTTGCTTGGGTGGGGCGGTTTCGGCGCCGTTTACCTCGCTCAAGACCTTCGCTTTAAACAGCGAAAAGTCGCTGTCAAGGAGAACCATGACTTGTCGGTGCTTCAAGCCTTCCTGAAGGAAGCGGAGTTGTTGGCGACTTTGCAACACCCTAACCTGCCTCGTGTCAGTGACTTTTTCCAAGAGCAACCGCCAACTATCCCTTACCCTCGCGCTTACATGGTCATGGACTACATCGCTGGCGAGAGTTTGGACGAGCGGATTCAGCGGAAAGGCAAACTTTCGGAGTCGGAACTTTTGCGCATAATGAGGGGAGTTTTTGACGCTTTGGAATACCTGCACAAGTTGCGACCTCCCATTTACCATCGCGACATTAAACCACAAAACATTCGGGTCACTCCTGAAGGGCGAACCTTTTTGGTTGACTTTGGGATCGCAAAAGTCGGGAGCGGATTGACAACCGTTGGAGCAAGGGCTGCCACACCTCCCTTTTCACCCCCGGAGCAATACAGGATGACGGGGGCAACCGACGATAAAAGTGACCAATACGCCCTCGCAATGACCATGTATGTTGCTTTGACCGGTGAAGTTCCGACTCACGCTGAAGCGCCGGCACGCATCCATGCCCTCGCTACTGGTCAACCCGACCCACTTGTCCCCTTGCATCAAATTCGTCCCGACATATCGCGAAATGTCGCCCGAGCGATCATGAGAGCCTTGAGCGTGGACAAAGACAAAAGGTTTGCTAACATCGTTGAGTTTCGTCGTGCCCTTTACCCGCCAAAAATTGCTGGCTTGTCAAGGAGAAAGTTGGTGTTCGCCATTGTGTCAACATTTTTGGTCTCCGCAATTGGTTTGCTCTTGGGCTATCAAGTCTGGAAATGGCGACAACCTCTGTGGTTAGTTGGGACGCTGAAAGGACACACGGCAGGCGTTACTTGGGTGCTTTTCACCCCTGACGGGAAGAGGCTTATATCCGCAAGCCACGACGGGACAATCAGGGTATGGAACTGGCAAAGGCGGAAAATTGAAAAGGTTTTGCTCGGTCACCCCAAATCGGTCAGGATGATTGCATTGATGGACACAACAAAATTGGTCTCTGTCGGTTGGGATGGAACGGTCAGAATCTGGAACTGGCGAACGGGTAGGCTGTTACAAGTTTTGCCAGCAAACATCGGTCGTTTGCACTCAGTAGCCGTAAGCAGCGACTCTCGTTGGTTAGTTGCTGGTGGGGAAAAAGGCTTATGCGTTTGGAAAGCGAAAGGAAAAATTTGGTTGGTTCGCCGGTATCACCTCGGTCCGGTTCACTCCCTCGCTTTTCACCCCGACGACCAAACTTTAGCAATAGGTGATGCTCGCGGGCGAATTTGGCTTTGGGACATCGTTGAAGGTTGGGGTGAAGAATTTGACGCCCCGTTTTGGGACGCCCACAAAGGGGCTGTGACCTCTTTGGCTTTCAAGCCTGATGGGACTCTTCTCCTCTCTGGCGGCGAAGATGCTACCTTGCTCGTTTGGGAATTGGTTGACAGGTCCCTGTTTTTGATCCGAAGGCTTGATGGCTGGCATCTCAAGGAAATTCGCGCAGTTGCTTTCCGACACGATGGCAAAATCGCTGCATCCTGTAGCATGGACGATACTCTCCGAATCTGGCGAACCGATGACTGGACGGTTGTCTTCACACGCAAAGGCGGTCAGAATTGGTCTTTGGCTTTGGCTTTCTCGCTTTTCGGTGACTTATTGGCTTCAGCCAGCAAAGACGAAACAGTCAAAGTTTGGCGGTTGAGGTTGCCTTAGAGTTTCGCACCTTCGCCCTCGCTGCACGAACCCGCTTCAGTTTCACCAATTGCGTTTGCCCGAACGAAAAACCTTTGAACGACAGAGCAACCAACGATGTCGCCCATGACATTGACAGTCGTGCGGAACATGTCAAGGAAGCGGTCAATGGGCAAGATGATAGCCATGCCTTTTAGCGGCAACCCAACCGATTGAAAGACGAAAGGCATCGTAACCAAACCACCTGCCGGAATTCCAGCAGCACCTATGGCAGCGAGGTTTGCTGTGATGAAGACGAGAAGTTGCTGCGGGATTGAAAGTTGAATGCCGTAAGCCTGAGCGACAAAACAAGCAGCGACAGCCTCGTAAAGGGCTGTCCCGTCCATGTTGATGGTCGCACCCAAAGGCAAAACGAAGTTTCTGACCTCGCTTCGTATGCCTGCCCGCTCGGCGCATTCAATGGTGACGGGCAAAGTCGCCGAACTTGAACTGGTTGAAAAAGCGGTCAAAAGCGCTGGCGCGAAATGGCGAAGGTAAGGGAAAGGCGAAACTTGACCGAAGAGCAAAGCCAAAAGCGGAAGCACCATTAAGCCGTGAATTGCCAAACCTGTTATGACCGTCAAGGCATATTTCGCCAGAGGCAAGAAAACAGATAAGCCAAATTCTGCTGAGAGCCGAACTGCCAAACCGAAAACACCAAACGGCGCTACAGCGAGCAGCCAGTGAACGACGATCATCGTCAACCCCAAAACTGAACGCAAAAGTTGCTGGACAGGTTCTCCTGTCTCCTTCGCCGTCAGCAAAACCGCGCCTGTTAAAAGTGCAAGGAAAATGAGCGCTAACATCTCGCCCTTTGCAAGGGCTTCAATTGGGTTGGCTGGAACGATGTTCAAAATGAGCGTTCTAATCTGCAACGGTGGCAACTCTGGAGGTTTGCCCTCGGCAAGGCTGAAACCAAGCCCCGGCTGAAGCAAGTTGACAAGTGTCAGACCAATCGTGACAGCGATGGCGTTGGTGACGAGATAGTAGGCGACTGTCCACCATCCAAGCCGAGATAATCTCGCAATGTCTCCAAGTTGAGCGACG
CP130454.1_gap32	1337423	1340364	2941	AGGCGGAAGTTTGAAAACTTCCGACGGTTCAGGGTTGACTTTGCCACCTGTAAGTTCAGCAATTCGCTCAAGCAGCGGCATATTCGTCCTCGTGAACCGATACTCGGTCGGGTAAGGGACAGCGAAACCGCTCGTGTGAACTCTTGGCTTACCCGTTTCATCCTGCTCGTGAACCGTAACAAGGTAAACTCCCGTCTCGTTGACGGGAACTCGCCCGCGATATCGCCCTAAACCTTCCTGCTGCAGGACAAGGCTTCTGCTTTCTCCTGAAGGCGTAGCGATGACCACTTTCGGCTGAAGCAAATTGATGGGTTCGCCTTCAGGCGTGAAGGCTTCAAGTTCAACGATTGCCTCGCCTTGACGGACTTGAGTCGTGATGGAGTAGCGGGTTTGTGTCGCCCGCCTCAAAGCGCTCCTGACGACATTTGCCCAGAAGGTTGCAAAATCTGACCATTGAACCCATTGCCGAGCCCATTTCGGTTTTGCGTCGGAAGTGAAGGCAGTTGAAGTGCCCAAACCGAATTGCCATGTTGCAAGCAATGGGTCGTCTTTGTCGGTTCGCATTAATGTGCGAGCGAGTGGCTTGTCAGAGGTCAGGCAGTAAGCCAACAACGGTGGCGTTCTGCGCCAATCAACTCCGCGAAGCATTTCATCGTCGCCGACAACTTTCGGAATGAACGCACCTTCCTCAATTGCCGAGCGCGTCATGATGCTGACATCGGCGGTGAAAAGTTTGGGCAGGTCTTTTGCTGACCTTGCGACATAGTAGTTTCCGCCACCGATGCGAGCCAACTGTTGACAGAAGGGAGCGTGAATTCCGTCAGGGCGACCGAAGCCGACGACTGTCAAGGTCACGCCCAAACGACGCAACTGTGCTGCAATTTCAAAGCAACCTTCTTGCTCGTCGCAGTCGTCGGTATCAGCCAACATGATGATGTGCCTGACCCTTGTCGCCTCGGCTACGATCGCTTTCGCTGCCAGTTCCAAACTCGGTCGGCAATAAATTCCGCCACCACCTGCGTAAATTCGGCTGATTTGCTCAATGATTTGTGGAGCGTTTTTCGCTGGTTGGATTGGCGCAAGCCAATCAGTGCCTGTCCCGCTGACGATGACGCCAAACCTGTCAATGGGTCGGAGCATTTTGAGGGTTTCTATCGCTGCTTGGGCAGCGAGGTGAACTTTTTGGACTCCGCCTTCCATCACTGCCATGCTGCCTGAAGTGTCCATGATAATGACGATGGTTGCTGCTGGGTAGACTTTCCGCTGCCGGACATCCAAATCAACGGGCAAAATTTCGGCAATGGGAGTGCCGTAGTAACCACCGGGCAAAAAGGACTGTTCGCCACCGATCATCAGAAAGCCAATGCCTGTATCTCGGACGATGCTTCGGACAACTCGCATTTGTTGGTCGGACATCGCCCACGCTGGGTAGTCGGACAAGATGACGGCGTCAAATTGCTGCCACTCTTCAGGGCGGGCAGGCAAACCGCCTTCGCTCACCCTGATAACTTCCAAATCGTTCGCCCTCAATGCTTTCAAGAGTGCGCCTGTGGGGTCAGGCTGACCTTCAGCCAGCAAAACTTTCGGTTTACCCTTGACAGAGACTAAACCCATGCCAAGGTTGTTTCGCGGGTCAGTATCGGGAGCAATGTCAAGGACGAACCTAAATCGGCTGATGCCCGGCTTGTCAACCCTTAGATTGGTCGTGATGGAGTTTTTGCCCGGCGATAGGTTAACGGCAACTTCTTTGACGGGGATACCATCTTTGTCAACTCGGAGAACTCCCGATGACGCAGTTGTCGCCTCTGCAATCACTCGGATGGGAAATGGTTGACCGACTTTTGCTTCCGAAGGGAGCAGAACATCGGTGACTATGACCTCTTGACGCTTCTCGGCTGTTTGAAGGGGGACGACATCTATCGGGATGCCTTCAGTTCTGGCTACGGAAGCGACGCTCATCGCATCCCCGTGAGTTTCGTTCCCGTCAGAAAGCAAAACTATCCTTCGGGAGTAGCCTTCCGGGAAGAGAGCCATAGCCAACCTGAGGGCAGCGGCGATGTCTGTCGCCGATTTGTCAGGGGCGGCTGTGAAATTGGGCAAGTTTTGCAGTCTCGTCGGCTGAATTTCAACTATTGGGTCACGACCGAACAAAATTACACCAGCGATGTCGTCGTGACGGGCGTTTTTGATGGCTTGGGCAATGAAATCCCTCGCTTTTTGGCGGGCAGGTTCGGAGACACTATCCGACGCGTCAACCACGAAAATCGTGCAAACTCGGCGGTGAACTTTTACCGCTTGAATCCCTGCAAGGGCGAAGACGAGCAAAGCGATGACAACGCTGCGCATCAAAATGACGAACCTTTTCCTTGCAGGTGTCACGCCCAACAAGAATTTGCCCGACCACCACAACGCTCCCCACAAAATTGGCAACAAAAGCAGCCACAAAGGATTAGCGAATCGCATATCAATCGCCACCGATAGTTTGCCACTTGTCTTCCTTGCCCGACATTGGCTCACAAGAGTTTTTGCAGTCGCTGGTATCGCAGTTGTTCTGGCGTCAAAAAGTGTTCTGGCTTCAAACCAACGATTTGTGCCAACCTTTCAGCCCACCGCAAGTTGCCAACCCCATGCAAACTGTGGGCATCGCTGCCGAAAACGAATTTGACTCCAACGACGGCAAACTCTTCAACAATCCGAGCGTAATCACGGAGCACTTCGTCGGGTGACTGGTTCGGAAACCACCACCAGAGGGTGTTGTTCAACTCAAAGGCTTTGTTTCCTTCCCGGAAAGCGGCGGCGATTTCCCGAACGGCTGAAGTGGCAATTTCTGACAGCCTCAGTGGCGACGGGAAACGACCCAAGTTGAATGGGTGAGCGATGATGTCAACCCAAGGGTTCATAGCCAAGTTGCCATAAGCCGTGACGAGGTTGCGCTGCAAAG
CP130454.1_gap33	1401941	1406150	4209	ATGGTAAGGGAGCGGGTAATAGCGACCTTCGTAAAGCACTGTCCCAATGACGACGCCACAGTAGCCACCCGGTTTAAGCACCCGAAAGACTTCCCGAAAACAGCGAGATAGCCAATCCAGATATTCGTCGTAAGGACTACCTTTACGGGTGCGATACCATGCTTGAGGGTCTGCAGTGTGCTGGTCGTAGTCAATGGAGTTCCAATAAGGCGGGCTAGTGACGACTAAATCCACGGAACCATCCGCCAGTTCCTCCATGCGTTCGCAGGATTTGTTGTAAATCGTCACCACGAATGGATCACCCTGAGACTTAACAGAGTTCTTACCGCGGTCAGCACAAAACCGCATCTCACTCCTTGCTCCGTAGATAAGGATAGTGAACTGCGATGTCGCTGTCAACGACTCACTGAGCAGCTATAAACGCAAAGGAACGCTTTACCGCCAAATGCCTGCTGTGGTCACCCAGTGAGCCAAGAAGCCAGCAAGTGGTGGGACGAAACAAGTGACTGCAAATCGTAGGAGCGTGATGTTTAACCCGACAAAGGCTATCTCCATCGGGTAGCGTGTCAGCGACCAAAGTTGCCATGCTGTCAAGTAAGCGACGACGGTGCCAAGCCCTGCTCCTGACCTCAAAAGGAGCATCGCAATGGGGAAACTTGTGTATGGACCGCCGGGCGTTAACGCACCAGCAACGCAACCGATAGCGATTCCGCGCCATCCTGACTCAGCAGCGAGCCACTTTTGAACCCACGATGGTGGCACGAGGGTTTTGATAAGCCCTTCGCACATGAAAGCGCAAAGAATGATGGGCAACATGGTCAAAAGCGTTTTGCCGCTGCTTTTCAGGGCATCAACAGGAACGCCCTTTGTCTTCCAGACTGCAAGCCCAAACAAAACTGTCGTCACTGCAATCATTAAAGCATTGCTGAGCCACATCCCATCCTCACCCCGTCTCAAATTCGCTATGCCCTTACAAGCCACAAAGCAGCATGGTCGCTGAAGGGTGCTTTGAGGGTTCGTTTAGAGCCACCATTGACCTTCCCGCCATTCACAATCGTCCCGTCAACTGGGTGAATCCATGTGACTTTCAGCGTCCCTTTGACAGGCGATAAATCAACTGTCACCTCGCTTCCTTTCGGCAAATAGGCGACATATTCTCTGCCCGGATCTGCGAGGCAATATCCTGTGGACGCGATGTCGGGCATCGGTTGCATCTCAGCCAAATTGATTTTGTCGGCGATGCTTTTCGTTACTCCCATCGCCTTGCGAATTTTCTCCGACCCGGGAATATCCCCGCGCTTGTCTCCTGTCAAGTGAGCGATTCTGTCCATGAAAATTGGGTTATGCCCGCGTGTGAAACTTTTCCAGACCCACCGTTCGTCTCCGCCTTCTCCCCAAATGTGGTCGGTGTCAAGGATGGAGACCTTTCGCCAACTCGCTTCAACGGGGCGAGGGTCAGACTTCAATTCGCGCCACTCCCGTGAACCGGGAGAAAACCAGTCTGCTGGGCTCGCAAGCATCTCGTCGTTTGCCTCGCGACCGTGACCTGTCAACCCAACTGGATGCTGCTTCGGCTTCGTTGCTTCGTATTCCTTGACGAACCGAACGATGAACCAATCCCACTCCTTTGTCCCGCCCTCGTTTATGACTTCAAACAGAACATTGTCAAGGTCGTTCAGGGTGTCAATGACTCGTTTGATGTAAGCCAGCAACAACTTCCTCGCAGCGACGACCTTTGGGTGGTCGCTCATCGTCACGAGGTCAGTCCCTTTGCCATCGCCGTCTGCGTCCCCGTCTATGCCGTTGATATTGTTGTCGCGATGGAAGGGGGTCTTTTCCCATTCGCTTGGGACATCAAAGTTGCCGTCGACAAAGAACATCACGGAGACATAAATGCCTCTTTTCGCTGCCGCTTCAACTCTCTCGCGAAGCCGCTTGAAGTAAGCGTCGTTGAATTTTGTCAGGTCAAACTTTGGCTTGCCATCGCGAGCCAACCCAGGACCAGTGCGCAGCCAAGGGTGAGGGCGAATTTCGTCAAAAATCCAAGCACTTGTTGACTGCCACGACCACATGCGGATGAAGTTGTGGTTGTGTTGGGCGAGAAAGTCAAGGTAAGCGTTGAAGTCAAAAGTTTTGCCCGCAAAGCCATCTTGCAAGTTCGTCCAAGTGTGAGAACCTGTCAAGTAAATTGCTCGCTTGCCGTCGTCGGTGAAGTAGCGGGGATTTTTCGGGTGAATTCGGAGCGGTCCTTTGAAAGGAGATTTGGGTGCGCGGGCATTTCCAGTCTCACTGCAAGCGATTGTCCAGCCAACCATCCCTGCCAACCCGTTTAAAAACTCCCGTCGCTTCATCTCACTCTCTCACCCTTTTGGCTGAGACCAAACAGCAACGCAGACCTGAGCATTTTTGACGGTTCAGCAACCGTCCCTAAGGAGGCGATTTGGGTTGGGACACTTTCACGGGCTAATCGTCAAAGTGACGACATTTCGGACTTGAGTTCCCAGTTCGTCTTTTGCGACCAACTCGCATAGGTAAGTGCCTGCAGGGAGTGGCAAGCCCTCCTGACCTCGCCCGTCCCAAAGGATTTGCCATCGCCCAGATTGCATCGGTTGGTCTTTAGCAATCACTTTCACAACACGACCTGTCAGCGAGCGGATGGTCACAGTCAAGTTTGCTGGAGCGGTCAAAGTGCCTTGAATGAGCGCACCTCTTGAACCTCTCAGCGGCAACGCACGGACACCGATTATCCGAAGAGGCGAGCGGGATGTCTCAGCAATCAGCCTGAACTTTCTTTGAGGCGTGTCCATCTTGAATCGGTAGGCGCTAACTGAGCGAAGTGAAAGGACTTGCCCTGTAGCCACATCAACCAACCACAACCTGACCGACGACGGGACTGAATGCAGGTTGCCCCATGTCAAAGTCAACTCTTGTCCGTTCGGTTCGTCCACTTCAATGACCAACTCCCACAAAACCCGCTCGCTTGAGGGTCTTATGTCCACAGCGAGAACTTCTGGCGATCTCTTTCGCCAGTTTTCGGTCACAAAGAATGCCCGAACCGAAGCGTTCATCGGCAAGGGCGGCATTGGAATGTCGCTTGCATCCCATCCTTTTTGAGCGTCATTTGCGACTCCGAATTCCAGCAACTCGCTGCCTGCAGCAAGGCTCCTTTCTCCCGTCAGGACTTGAAGGCGAACTGACCAAAGTTTTTGTGGCGATGCCAACCTGCTCGTTGATTGAACACTGACTGGCGGTGGTAGGATCAACTTGACCGCGCTCCCTTGAGTGTCAACCCTAATCCAATAGGCTTCAAAAGGTTGCAACCAAACTTTGTCACCTGTCAGCACATAGTAACTGCCGAACTTGAAGGGTTGTGTCGGATTGGGGATGTAGGCGATGGGTGGCGACAAAATGTAGCCCCTCGCAATCGCCTCCGCCAGACGATATGTCTGGCTGCCGACTTGAACTTGCGCTGAGTTCCAAAGAATTGGGGCAGGGAAAGGATTGGCAATCAAGTTCCAACCATTTTGCAAGGTCACGGCATAGGGGAAATCGGGGTCTAAAGAAATCCCGTCGCCGTCCAGTTTCGTTTCTCTGTCAAACCTGGCGAAGTAGCCCAGACCTGCGGGTGGGGTCGGAACGCCTGAGTTGAGCGGGTAAAAGGAAGCCCTCTGGTCACCTGTGCCGTCTCGGTTGAAAACAGCCCAAACACCTACCCATCGGGCAACTTTTTCTGGCAGAACTTGCCAAGACTGTCGCTGCTCCGCACTTGACAGCCACAACGGGATGCTGAAAGTCCGAACTCCAGCAGTAGCAGTTGGAAAGGCAACTTGGAAGATGAATGTGTAAGTGTCCGAGTTACCCGCCTTATCGGCTACGGTCACGGAAAGGGAATGGCTTCCCTCGCTCAATTGCGGAGCGTTGATTTTCAGCCTTCCCGTCGCTTCATCAAACTCAAAATTCGTCAAGGGTGCACCATTGAGGAAAACTCGCCTGACAGAATTTGAGTCCAGCCCGGCAGCGCCTTGGTCTTCAACCTTCAGTAGCAAAATGGGACGGGCGATTAAAACGGATTGCCCCTGAGCAGGGAAGACCATTTGGACAACTGGCGGACTTGTGTCAACTTGCAGCGCTTTCAGAAACTGTCCCCACTTCGTCGTCCTCGCAAAATCGTTGGCGTTCAAATAACGCTCGTCAAACTGGCTTGGGTCG
CP130454.1_gap34	1415724	1419966	4242	CCCACCGATCCCGCACATTTGCGGGTCAATTACGCCTTGAACCAGTGCTGCCGTCACCGCTGCATCAACAGCATTTCCGCCTTGCCTCAAAACTTTGACCCCTTCCTCAACTGCCAAGACTTGAGGCGCAACGACCAAACCAGCCACAGTTCATCACCCCTTTGCGTGATGCGTGAAGCGTAATAGGTGATTGCGACCAACTTCATTTTTGAGGCTGGTTGTGACTTTCGCTTTTTGCAGCCTCATCTTTCCCGTCGCTCTTTTCACCTTGCTCAGAACCCTCAGTTACAGCCCTCAGCCCTTGTTCAGCCAACATGTCCCTGTATCGCCTCAAATCGGCGAGGAGTTGCTCAAGTCGGGCGATGAGTTGGTCAAGGACGGCGATGCCGTGGGTTGCCTCGTAAACCTCAAATTCGCCTAAAGCGACATATCTGTCGCTGCCGTGATTGCTGAGAATGCGCAGTTTGACGAAACGGGCTTCTGTTGGTAAGAAGTAAAACTCTTGGCGTCGCTTTTCGTTGCGGAGCGTTCCTATCAGGACGAGTTTCCAGTTGGCTTTGTCGGGGTTTTCGTCGGTGGTGACCCAAATTTCAAAGTCTCTTGCAGCCCGACCGATGAAGGTTGGGTCAGGAATGGTTGGGTCAAGGACGACTTTGTTGATGAGTTTGACCTCACGGTTGCGGAAGGCGAAAATTATTTCCTGCGGGAACTTAGCCTCTTTGGAAGCCCAGCCGTTAGTGCCCGTTTGCGGCTCGCGACCATCCCAAACGGTTCCGTCAATGAGGTTTCGGACACTCCAATGCTCGTCGTCCAATTGACTTGTGAACTTGACAATCGTTCCACCGTTTCTTGCCGCCACTAAGTTCACTGTGCCAGAAAGCACCAAAGGTTTGGACGGCTGTTTCGGTTGCGTTTGGGCTAAAAGGGAAGTTGACATTGCTGCCGTGAACAACAGCAACCAGCGCATTGCGACCACCTCCTTCAAGCCAAACTTCAAACAGGGCAACGCTTTTCTCAAGCCAAAGTTTAGGGCAAGTGAAGCCTGAATGATTGAGGCTGCCTTCCTTTAGCGCCAAATTTGTGTCAAGATGAAAGGTGGTAGCGATGCTATTCGGAGGCGATTGAGATGCCAGAAGCGAAGCCTTCTTTGGCGGGTGCGCTTTTGCTGCTCGTCATGATTGCGGGTGGGATAACTGGGCTGATGTGGGAAGTTTTCGCCTTCGCCAGAAAGCGAACTTTCCTTTCACCAGCACGGTTCGCTTGGCGCATCATCGGTTGGGTTCTCATCATCGCTGTCTTCTTCGGCATGTTCGCAGGGCTGTATCTCATTCAATTCTCGGAAATCCGCTCTGCTGTTCGCTACTGGACTTTCTTCCTCGCGTTCGCTTTCCTCGCTGTCGCTTTTCTCGTTGTCATGGCTTTCCGCGATTGGCGCTGGCTTATGAGCGAGCAATTCAGGCGCAAAGTTGAACTCTATCACCAACTCGGTGAGGAACTCAAAAAGTTGGCGGAAGGCAAGCAGCCACCTGAGGGGGACGGTCATGAGGGTTGACGATGCTTTTTGGATGCGAAGGGCTTTGAGGCTCGCGAGGAAAGGGATTGGTTGGACTTCGCCCAACCCACCTGTCGGTGCCGTGATCGTGAAGGACAACTTCCTCATCGCCGAAGGTTATCACGAAGGCGCGGGCAAACCTCACGCTGAAGCCGTCGCCTTAGCGCGAGCCGGCGAAAAAGCGGAAGGGGCGACGCTTTATGTGACCTTAGAACCTTGCGACCACTACGGACGGACTCCTCCTTGCACCCAAGCGATAATCGCTGCGAGAATTCGGCGGGTTGTGGTCGGAACCATTGACCCAAACCCTATCGTCAATGGGAGGGGAGTTGCGAGGCTAAGAGAGGCAGGGATTGAAGTGACGGTCGGAGTGCTTGAGGATGAAGCGAAGGAACTGATTGAACCGTTCGCAAAGTTCATCCGCCAAAAAATTCCGTTTGTGACCTTGAAGTTAGCGATGAGCGCTGACGGCAAGATAGCGACCAAAACGGGGGAGTCAAAGTGGCTGACGGGCGAACTGGCACGCAAATACGCTCACAAGTTGCGACACGAGCACGACGCAGTTGTGGTGGGAGTTGGGACGGTTTTAGCCGATAACCCCCAACTCAATGTCCGACTCCTTCACGGCAAAGTGAAGCAACCCATTCGGGTCGTCGTTGACAGTTATGCCAGAACACCCCCAAACGCAAATGTCATCCGTTCGGCGGAAACTCCGTGTATCATCGCAGTGACGGAAAAAGCACCGAACGAACGCATTGAAGCGTTGAAGAAGGTTGGAGCGGAAGTTTGGAAGTTGCCGGAAGATTCAACGGGGCGCGTTAACTTGCTTGAATTGCTGAAACGCTTGGCTGAGCGAGACATCGTTAGCGTTTTAGTTGAGGGCGGGAGTGAACTTGCTGGAGCGCTGGTTTCGCAAAGGTTGGTTGACCGTGTTATCCTTTTCATTGCACCTTTGCTTATCGGTGGAAAAGAAGCGGTGCCCGCAATTGGGGGTGAGGGGTTTGAAAAGTTGAGCGAAGCCCTTCGCCTAACTAAACTTCGGCTGAAAAGGTTGGGCAACGATTTGGTCCTGATGGCAAGGGTGGAAGCAAGTTGAGATGTTCGTAGAGGGCATGAAAGGAGCGTGAAGGTCATGAAGTTCAAGCGGGTGGTGATGATTGAACCCCGTTCTCCCCGCTTCCATGTCTTCAACTTCGTCAGACTCCCGCGATTGGGGCTCCCGATTTTGGGAGCAATTTTGAAAAAGCGAGGGTGCGATGTGACAATCTTTTGCGAGGACCTTGCGCCAATTGACTGGGATGAGGTTTTCCGAGCCGACATCGTTTTCGTTTCAACGATAACTTGCACTGCCCCACGAGCCTACGAAATCGCCAAAGCATGCAAGGAGCGTAACATTCCCGTCGTCATGGGTGGTCCGCATCCAACCTTTTTGCCCGATGATGCGTTGCAGCACTGCGACTATGTGGTTCGTGGTGAGGGCGAAGAGACGGTTGTTGAACTTTTGGAGGCTTTGAGTGGCGGGAGTAAACCTTATGGTGTCAAGGGCGTTTCTTTCTGGGATGGCGACCAAATCGTCCACAACCTGCCAAGACCCCTTGTTCAGGACTTGGACTCGCTCCCATTCCCCGACCTTGACCTCATCGTCGGCAAGGAAAACATGTCCGTCACGCCAATTTTGACTTCTCGTGGCTGCCCATACAACTGCACATTTTGCTCGGTAACCGAAATGTTCGGGCACAGGTTTAGGAGGCGAAGCGTGGAAAATGTGATGGAGGAACTTCGGTCACTCAAGCCGAGGAGCGTCTTCTTCTACGACGACATCTTCAATGCTGATGCCGAAAGGATGGAGAACTTGCTTGAAGCCATGTTGAAGGAAGGGATTACGCCCGACTGGAGCGCCCAATGTCACACCCATCTCATCCTGAAGCACAAAGACTTGCTACCGCTGATGAAGCGGAGCGGTTGCTTCGCCCTTTACTTGGGCTTTGAGTCCATAAACCCTGCAACTTTGAAGGAATTTCGCAAGCGCCAAACCGTTGAGGAAATCCGCGAGGTAATCAGGTTGCTTCACCGGCATGGCATCATGGTTCACGGCATGTTCGTTTTCGGTGCCGACGCGGACGATTTGGCGACTTTCAAGGAAACAGTTAAGTTTGCCCTCCGCAACCGCATTGACACAGCCCAATTCCTCGTCCTAACACCTGTGCCGGGAACACAACTGTTCAGGCGACTTGAGAGTGAGGGGCGAATCTTGACGAGGAACTGGCGATACTATGACGGTCACCATGTCGTTTTCCGACCAGCGAAAATGTCGCCTGTCGTCCTTCAATTGGCAGCAATGAAAGCAATGCGCGCCTTTTACAGCCTGACAGCCATTGCCCACTACAGCGTCGCTGTCAGGGATTGGGTTCGTGATTTGTCCAAAGCCACACTACCAGTGCTGCAAGGGAAAGTCAGGGAGTTTGTCCGCCGAATCTTCCACACCCGCGAACTCGTCTCAGTGGCGATGCGACTTTACGGTTGGTGGCAACTGAAATTTTTCACCAAGTGGCAAAGGCAATTTGTCAAGTGGCTTGAAGAACAATGGAACAACCTGCAACGACTTGGTGAACCTCAACCGCCAACTTTGGCGGATGAAAAAACTGAGGAATGAGGTGTGAGAGTGAAATGGATGTGCGAGAGTGCTTGAA
CP130454.1_gap35	1516282	1517356	1074	CTGAGCCTCAACTTGAGCGGATGGTTATCGGGCAAAGCACTGCCGACCAAAATGGCTGCTTCAACTTCTCGCTCAACCTGTTCGTTAGGTTCAACGCCTCTTTCCCTTGCCCAACGCTCAACGACTTCCTTGAAAGAAATGGGCTTTTGAAGCCACTCAATTAGCCGATAGGCAAGGGGCGTTCGGGCGTAAAGCGTTCCAGCATCTGCGCCAGCACTAACAGCGCTCACTAACTTCGCCGCCAGACTCTTCACTTGCTCGCCATCTTGCGGGTCAAACTTCTCCAAGTCAGTTTCTTCAATCTTCGGCAAAGTCGGCATTGTCAAGTCATCGGGCATCTTCGGTGGGTCAATAGGTGCATCCAAAATCACTGCATCGGCATCAGTTTTCTGTCCTGTCAGTTTCGTGAAGAAGTCAGCAATAGCCTGTCTTGGGTCTTCGTCTAAGCCACTTTGCAATGTAGCCGATGTGCCAACGAAGATGGGTTCAGGGGCGTCTGGGTTCATCTTCCGCAAAAAGGCTTTAAGACGGCGTATCAAAAAAGCGATGTCCGTTCCCAACTTGCCGTGATATGTGTGAACTTCGTCCAAAACGACGAAGCGGACTTTGTGGTCCTTGAAAATCCTGCGACCGTCGTCACGGATGAGCATGTAGTCCAGCATCTGGTAGTTGGTCAGGAAGATGTCTGGTGGGTTTTGCCAAAACTCCGTCCGCAAGCACCTTTCTTCTTCAGGCGCATCGGCTGGTCTTTGACCTTCAAGTTCCGTCTCGCCCGTGTATCGCCCGAAGGAGATGCCTGTGCCCTTAAGGAGTCTCCTGAGCCTGTCTCTTTGGTTGTTGATGAGGGCGTTCATCGGGTAGAGCAAAATCGCCTTGACTCCTTTTTCGCCCCTGTGCCGATAGCACCAATCAACGATGGGCATTAAAAAGGCTTCCGTCTTCCCTGACCCCGTCCCAGTGGCAATGAGAACGGGTTTGCCTTTAAGCAACCTGCGGGTCGCTTCGGCTTGATGCTTGTAAGGGCTTTCGGCAATTTCTCCAAACCACCGGCGAACTTCAGGTGCAAGTTCGGTG
CP130454.1_gap36	1543473	1545009	1536	ACCAAGCAATGCCGAAAAGTTGTATCCTAAAGCCTGCAATTTCTCCAAGTGCTCTTCCGTGACCAATTCGCCCCTTCTGGCAATTAATTCTCCGACAGTAATCGTTCTCCACACAGGTTCAACACTTGCTTGTGCTTGTTCTCTCGCTTTTTGAGTGGCTATTGGATCAAAGACCATGTTTGGTTGAAGCGCTACCTCTGCCAACTGGCGCAACGCCAATTTCAGATCGTTGTTGAGGGGCAGTTTCTCAAGGTTGCTTTTAACCCTTTGCAGTGCTGCCTCCCGTTCCCCCGGAATTGGTTTAATCCCACGCCGCCACTCATCGTCAAGCGCTCTCAAAAGCATTTCGTGTCCAAATCGCAAGGTTGCAGGAGATGCTCTAAGCAATACTTCCAAAACATGGTCGGGAATGTTCAACCCGATTCGCTTTTTGACTGCCGCTATTTTCGTGTTGAAGGGGATGTTTTCTCTCTGCACTGCCATCACGATGTCAATGAGGTCATTAAGGACCGCTTTCCACATAGATGCCACTGAGGGATCAAGCCTGTATTGACGCGGAATAGCCTGCGCAACTGCTTGCTTCCTTTTCTTGGTGGCTATCTCTGACAGGTATCTGACCGTTCTGTGAGCGCGTATGTCGTAGGGGAAAGTTTGACCGACTACGAAGGGGACAGGGACGAGGAGGGACGGTGGAGTCATTGCGAAGAAAAGGGCAATCAAGACCACACAGAAAAGCACTAACCTCGGAGCGGAAATTTTGAGAGAAGCAAAATGTTCGCCTTTCCAATACCTCGCGACAGTAGCGATTACCTCACTGACGAATCCCCCAATCTTTTGACCTTTAACCCTTTGCCACCTACTAAACCTTTTACTGCTGGGTTCAGTCGCCATGTTTTTCACCTCGCTCCAATTCGGGAGCGCGTCGTTTTTTCTCCCAAGCGTCATAAGCAGCAACGATCTTCTGCACTAACGGGTGACGGACGACATCGCTCTCGGTCAAGTAAACGAAGGCAACACCTTCCACGCCTTTCAAAATCTCCTGCACTTCTACCAAGCCCGACTTGACGCCCTTGGGCAAATCAATTTGAGTTATGTCCCCTGTGACGACCATCTTTGCGTTGAAACCCAGCCTCGTCAGCACCATTTTCATCTGAAGGCTGGTAGCATTTTGTGCCTCGTCCAACACGATGAAGGCATCGTTGAAAGTTCGCCCTCGCATGTAAGCCAGAGGGATAACCTCAATAACGCGCCTCTCTATCAGGCGTTGGACTTTATCGTAGTCAAGCAGGTCGTAAAGCGCGTCGTAAAGTGGGCGCATGTATGGGTCAACTTTCTCGTAAATGTCTCCGGGAAGGAAACCAAGTTTCTCACCAGCCTCAACGGCAGGTCGGGCAAGAATTATTCGGGAGACTTGGCGCTGCTTCAAGGCAGCGAGAGCCATTGCAACTGCCAAAAAGGTTTTCCCCGTTCCAGCGACTCCTATCGCAAAGACCAAGTCGTGTTTTTTGACCGCCTCAACATATCTCAACTGTCCCA
CP130454.1_gap37	1666542	1668584	2042	GCCCAATTTGTCGTCATTGGCATCGTTTGGCTTCTTGACCACCTTTACATGAAATGGCGCTACCCCCAACTAAGTTTCCGCCCCAAATGGTTCGGCTGGAAAGAAGCAAAACCCTTAGCAAAATTCAGCAGTGCTGTGTTCTTGAGTCATATTGCAGGTTTGTTAGCGAACGATACGGATAAGGTAATCGCCGGCATTTTTCTCGGACCAACTGCCGTCGCTATTTATCAAGTTGGCTACAAATTATATGATTTGGCACGAAGTCTAATTGCGAATGCCCCTACCGTTCTCATGCCAACTGTGGCAGCCCTTTACGCTGCCAACGAACACGAGCAACTAAAACGGATGCTTTGCCAAGTTAGTTCTACAATGGTCGCAATCCTTGGAGCCATTTATATTCCTTTCATTCTCTATGGTCATGACTTTATTTTACTTTGGGTTGGACCAAAATTTAAACAATCAGCAATTATTCTGACATGGTTAAGTGCCGCAATGTTGTTAAGTGCTTCTAATCGTGTCTTAGGTTCAGTACTATGGGGAACTAATGATTATCGAGTATTAGTGAATATATCTTTGTTTTATGCAATTGCCAATGCTAGTCTAAGTATTTTGTTCTGTCGCTGGTGGGGTGTCGTTGGTATCGCTGCTGCTACTACTCTAACTGCTGCGCCAGTGCATGTCTTTCTTGCAATATATGCTGTCTATAAGTTTCAAGTCAGTTTGTGGGATTATGCAGGAAGAATGTGGATATCGGTATTCACTGGAACCATGACTGGTTGGGTTCTGGGGAAATGTGCTACGATATTCCTTTTTATAGATGGTTTTAAAAAATTACTATTGCATAGCATAATTTTTGAGACAAGTTTCTGGACTATAGTCATATTTTGCGGATTTACACCATATATGAAGTTATATCTAAAACGAGCGTTTTGTGCTGTTTTCCTTAAAATGATAAGGGGGTGATAAATTATGCCTTGTATTTGGTATCATTATCGTCGTTCAAATTTAGTTAATTGGACTGATTGGTGGGCAGAAGAATTTAAAACAATAACTCTTGAAGTAGATACTGCACGTGTAAAATTTAGTGACATTTACCCTTTTGTATTAAAAAACCTACCTATCAATGGCATTGTGCTTGAAGGTGGATGTGGTAAAGGAGGATGGGTCAAAGCGCTTTGTGAGAAAGGATTCAAAGTTTTGGGCATAGATTTTTCTTTTCCATTGGTTTATTCAATTAAATCTACAGACCCAACATTAGTTGTAGCTCAAGGAGATGTGAAAACCCTTCCTCTCAAAAATGAAAGTCTCACTGCATATTTGTCATTTGGTGTCGTTGAGCACTTTCCAGAAGGTCCTCAACAGGCTCTTAGAGAAGCAAGAAGAGTGCTCAAACCTAACGGGGTTTTATTAGTTTCTGTACCCTACTACAACTTCATTCGCCGATTGTGGATGCCTATAGATAGACTCGTTCAGTATCTAAAAGGAAATACAACTATCCGTAAACTTTTTCGGCGCTCACCTCGTTATGTTGTTTTTTACCAGTATGGGTTCGGCTTTCATGAGTTCAAAGCAATTTTGGAAAGTCTTGGTTTCCAAGTTGTTAGATTTACTTTTTACGGGTTCCATTATGGATTATTCCGAGACAGTAGATGGCTAGCACGAGTATTACCCCGTTCATTACAGGAGAAGTTGGCAGATTTCTTAGCAAAACTCTATCCTGCTTTTTGTGCCCACATGGTTTTATTTGTTGCTAAGAAAATTGACAGAGACTAAGAAATTTGTGTAATTGTTTAGTCCGTGTTGGTAACCATGAAACATTTGCGAAGGTGATTTTTGAAGATGCCAGACATCCCCAATTTTCCAACTGATTGTTAAACCTGCCTTCAGCGAGCCATGAAGTTCTCCATAGACGCTGCTGTAGACAAGTATTTGAAAGTCCTGTTGGACTGACTGGTAGGAGCGGCGCCAGCCCCGAACTGTAGGAGCCACGAACAAAAAATTCGCCCCTTACGGGGCTCTTACCAAAACGACGGCGATTAGCG
CP130454.1_gap38	1687618	1689026	1408	GGGGCGTGAGGCATCAGTGAACCATCACGCATCACGAATCACGCTTCACGCCCTAGGACAAAGGACAACAGGTTGAAAGAGTCTGCTTCAGATGACAAAATCTTCTCAGCAAACTCAATCAAGGGGTGAGTTCAGTGAAGACCAAACAAAAGTTGCCCGTCATCAGGCACCTGTCGCTTGCAGACATAGAAGCCAAATTGAAGGATTATGAGGCTCGCTACTGCATGAGTTCGCAGGAGTTTTACGAAAAGGTTAAGCGCGGTCAATTGGAAGAGACCGACGATTTCGCTGACTGGTTGGGCTACTACGAAGTTTACCTGAGGCTAAAGCAATGACTGTCCAGCGTTATTTCGCCATTGTCGCCAGCCTCTTAGACCGACATTGGGCTATCGCTGACCACCAAACCGAGTTTGAGCAAATTGGTGCATTCTATGGACGAATTCGCTCTCGGGTCACTTTCTTGGACGGCTCATACCTTGACTTCTCAGAATTCGTTGCGGAAGAAAGCGGTAAGGTGAAACGAGTGCGTTATCGCTACCAATACATGAGGGAAGGACAACCTGTTTTCCGATACGATAACTTCCCAAGACATCCGGGAGTCCCGCCACTTTCATTCACCAGACGGTCAAGTTCTGCCAATAAGCGAACCTCCAACGCTCCTTGAAGTGATTGAACAGATAGCGAAGATGCTATTTGAAGTCTAAGTGCCTTGAAAGGGGTGAAATGATGCGACTCTTTTACATCAATTACGCCGACCTATCAGTTGCCTACGGTGCTACTGTTTGCATCGTTGAGTTGGCGAAAGCGCTCGTAAAGCAGGGACATGAAGTCACTGTCATCGTCCCAAAATTTAGGGCTACGGACAACAGGACAACAGACCACAGGACTACAGACTACAGGACAATGGACAACGGGACAACGGACAAAAGGACTGCCGAAAATTCGTTTCCCCAAAACCACGCATCACGCTTTACGCATCACGCAACACGCATCACGCATTACGACTTTGAAGTCGTCTACATCCCCAATTGGGACATTCGCTTTTTGCGCAAGATTTGGTTTTATTTGGCGTCGGCAATTTGGGTAACTGTGTTGGCGCTGCGCAAGCGTCCCGACATCCTTTACTGGGGCGAGATGACCTACACCATCACACCATATTTGGTCAGCAAATTGACGGGCATCCCTTATGCCATCATCGCTCACGGGTTTGCGCCCGATGAACTAAGAGTTTCACGGTGGCGGATGGCGATTGTCAAGTGGTGCCAAAAAGTTTATTTCGGCAACGCCAGTGTCGTCATCACCGTCACGCCCAAAATCGCTGAACGCATCCACGAAGTTTACGGCATCCCAAAGGAGAAACTTGTGCCCATTGAAAACGGCGTCAACTTGGAACGCTTCAAGCCGATGG
CP130454.1_gap39	1782213	1782973	760	TCCGATCACCGCTTTCTGTATCCCAAGTCAAGTGGATGTTGCCCACCAATGAGATTTGTTGCAGGGTAGTATCACCTTCCAACCTGTCAGCGATTGCGCTGAACCGTTCCCCTTCAATTTTGACTTTCCCTCTCCCGATCAGTTGTCCTGTTTCCCAGTGCCATTTCAAAGTCTCCAACCGAACCTTTAACCGAGGCAACATGGCTAAAATTTTGACTCCACCCTTCATCTCCATCTCCCGCTCCTTGAACCGAACGACTATGGTTGGGGCATGGAAGACGGTGATAACTTGGTTGTTGCGAGAGACTTGACAGATGCCATCTTTGGTTATGGCACTCTGCTTTTCAGTGTCGTAGTGGCTGGCTGTAAACCTTAAAGACCATCTCTCTCCTCGCTCAGGAATTTCAGCAACCAGTAGTCCACCCGTGACCCGGATGTTACTTCCCTCATCACCGTGACCAGCAATAGTTGTGTGGTGGGGAGTAACCTGCGTTCCTTCGTTCAATGTGATTGCCATTCGCCACGCTGCTATGAGGAGCAAGAACAAGACTGCAAGCCCGAAGAAAAGCCACTTTCCTTCTCGCAAAGTTTGTCACCTTGCCTTACTGTTTGTCTTCACTTTTCCCACTAACGCTGCTATAATTGTGCAACGGCAGGAAATGGCTGGGGCGTGGTGCAGTTGGTAGCACGCGGGACTCTGGATCCCGAGGTCCCTGGTTCGAAGCCAGGCGCCCCAGCCAAAAATTTTTTTGTCTCCCCC
CP130454.1_gap40	1842489	1843465	976	AACGGGGTTTGGTCGGCGAAGGAGATGGAAGCCATAAAAGCACTCGGTTACCTCAACAGCCGTTACGACAACTACGAAGACCTTTACACTTGCTGTCCCAATCACTTCCCACCTTTCAACATCGGCACCATTGAAGATTGCGTTTTGAGGGCGGATGGCAACCGACAAGTCGGCTGGGTGACTTGGGACAAAAAGCACACCGCACACAAGCGTTGCTCGCTGTTGCAACTTGAAGTCGCCAGAAAATTCATCACCGAGCGACTCAAAAACCACCCACACAACGCTTGGTTTTTGGATGTGACGACGGCGACGGGTTTGCTTGAATGTTACGACACAAAGCACATGCACAACCGAACCGAAGACAGGGAAGCAAAGCGTAGGTTGGCGAAATTTGTCGGCGATGAACTTGGCTTGGTGCTTGGTGGCGAACACGGTCGGTGGTGGGGCGTTGACATTTACGACTACTGGGAAGGCATGATGAGCCACAGCCAATTCGTCACATGGCCAGCAGGTCATTTGCGACCACCGGAGAAGCGCGAAAAGATTGGCGAGCGTTACCTTGAATGGGGTTTAGGACACCGCCGTCGTGTTCCCCTTTGGGAATTGGTCTTCCACGATTGCGTCGTCAGTTACTGGTATTGGGGCGACAGCACCGATTTCCTTCATCGCGTTGCGCCCGATTTGACCGACAAAAAAGATGCCTTCAACATCCTTTACGGCACGCCGCCAATGTTTTGGGTCAACCACTTGGGCTTCACATGGAGCGATTTGAATTTGCGGAAACGGTTGCTTCAAAGTTACCGAGTTGTCTGCAAACTGCACGAGCAAATTGCCTTTGACGAGATGCTTTCTCATGAGTGGCTAACTCCAGACCGAGATGTCCAACGGACAGTTTTCGGTCGCTCAGGCTCTAAAGCCGAGACAACTGAAGTGATTGTCAACTTCGGCGAAAAGCCCTTCACGATAACCCGCAACG
CP130454.1_gap41	1845128	1845950	822	CGCTTATGTTTTGCACGGCGGTCAAAAGGACGCAACTTTCGCCGCTTGGGATTATGAACGGCTAACAAAGCCACCCAAAGTCGTCATCATCGCTCAGAGGTGAAAAGGACATGCTGCTGCTTGCGTTGTTGCTTTTTCAAATTCAAAGCCCGCAGGAAGTTTATTATGCTTGGGGCTGGCATGGCGGTTACTACTTGACCGATGAAGTTGCCACTCGTGAAGCCTTTGACCGACTTTTCAATTTGCTTGATGCGTTGCCGCACCTTAAAGCCGTCTTTGAGATTGAGCCTTACACCCTTGAACGGATGCTTCACGGCGAAAAGTTTGGGGTTGAACGAATGGGCAGAGACCAACCTCAACTCGTCGGATGGCAAAAGGGTGGGGTCGGCAGGTGGGAATTCGCCATCGGCGCTGAATTTGCGAGGAAAGGTAAACTCGGTGTCAGGCTCGTTTTCCACGAAGGCGAATATGCCCATATCTGCCAACCAATGGATGCGACAAAACTGCGTGGCAAAACTCTTGTCTTCAGCGGTCACATCCGCTCGCAAAAAGGAATGGGCGCTCACCTTTACATTGACGCTTGGGACGAACGAGGTTTCATTGCGGGTTCATCTCGGATGTCGGAGCGAATTCCTGCCGATGGTAAATGGCATTTCGTGAGTTTTGAGTGGGTCGTGCCCCAAAATGCCGTCACCATCTTCCCGCAAGCGAAAATCGCTTTTGAGCCGACTGTCGCCGACTTTGATGACCTCTCGCTCAAGGTGAAGGAGACGGGCGAGGAACTTTTGGCAAACGGTGACCTTGAGCGGGTTGAGTTGCCAA
CP130454.1_gap42	1846979	1850453	3474	TCGCAGGAAAACCAACAAAAATTTGGCACGATGCCTTTGCAAATTTTGAACACCGCTTCCCTTATGGTTTGCTCGCTGGGCGACCGCAACGGGCTGACAGGCTCGCTGAAGACGAAGCGTTGAAGGTTGAACGAATTTGCGCTATCGCAAGTTGGGGGAGAAAGTTGGTAGCGCAGGAAAGGCAGAAACTTTCGGAAATGCTTGACAACATCTGGCGGCTCATCCTCATCGGTCAGCACCACGATGCTTGGGTCTGTTCGCCCGTCATTTTCGGGATTTGGGCTCACGGGTTCAAAACTTACGCCGAACTCACATTGGCTGTGTCCGAAGAAGCGAAGAAACTTTGCGAGGCTGCGCTGAAGAGCATCGGGATTGAACGCAACGGCGCACCGAAATCGTCGGAGTTCATCGTGCTGAATGTTTGCGGATTTGAGCGAAGCGAAGTTTTGCCCTACGAATTTGAGTTGCCCAAAGGCTTGGTTCGCAACCCGATGCTGGCGCGAAAAGTCAAAGGCAAGGTTGAGCCAATTCCCGTAACCTGCGAAGTCGTTGAAAGGCACGATGACGGCAGCGCAAAAAGAGTCAAGGGTTGGTTGCTTGCTCAAGTCCCGCCGATAGGCTATGTCAGGTTCACAGTTGTTGAGCAAGATGAGGTGGGGAAAGTGTCCAAATTGCCTGAGGCTAAGGTCACGAAATTTGGCGAAAGCGTCGCCCTTGAAAATCGGTTTGTCCGCGTGCTCGTTGGCAAAGAAGGTCTCCTTGAAGCCTTCTTCCCTGACGGCAGGAAGTTGACTTCCGAACCGATGAGGATTGTTGGGCGGTTTGAGGCTGGAGATGCCGTTGCGAGAGTTGAAAGCGTTGAAGGTTTTCAGGATGGACCAATTGCGGTTGCGAGGGCGAAATGCAGAATCGCTCATGTTCCCTTTGAGATGCGAGTTTCTCTATCGCCCACTTCCCCCATCGTTCGGGTTTCCCTTGACTTTGATTTTGGCGAGAAAACGGTTGTCGGTGTCGGCGAACCAATTCCCGAGGGACCGCACCCCCAGATTCCCGTCTGGGCTCGCGATGACCTGAAATTGAGGCTGATTTTGCCGTTGAACATGAAAGCGCCCAAGTTTTTGGGGCACGGCGCTTTTGAGTTGCGACGACCAACGGAATTGCGCTTGCCAATCTTAAGGTGCGCGATAGCCCACGATGGCGATTGGGGCGTCGCAATTTACCCTGATAGGGCAACTGTTGGGCTGTTTGATGACAAAAGAGGCGAGATAGGCATCGTCTTGGCTTACGGCGGTAGTTTCATTTACGCCCCCAACGAGTTCGCTCCGCTGACGGGCAAGGAGCGATTTGAGATCGGGTTGAACTTTTTCAAGGGCAGCGCTGAGGAAGCAATGGTCGTCCAGCGTGCAGAGGAATTTGCCCAACCGCTGATGCTTCTGCCAGCAACTTCAAAAACTCCGTTTGAAGCCGACGAATTTTCCCTTGTCAAGGTTGAGCCAGAAAGCAGTGTCGCTGTTTCGGCAGTTTACCCATCAAGCGACGGGATTATCGTTCGGCTTTGGCGACCTTACGAGGGCGAAGTGAAAGTGCGCTTGCAAATCAGTGGCGCTAAATCTGTGTGGCTCTCCGACCTATTCGGGAAACCACAAAGGCAACTGGTAAAAGGCGGGACGGCAACAATTGAACTCAAATGCAGCGAAATCGTGACCTTGCTCGCAAGAAACTAATTCAAGGCACTGCGAAACTGCTCACGCCACTGGCTTCAGCCAGTGGTTGATGACAAATTGATGTAAGTGCTGAGTTTGTTTGGCGAAAGAGGTGAAGGGAAATGTGGGCGAAGGTGTGCAACTTGTTGACAATTCTAACGGCGGTGCTTTGCGCAATTGTCGGGAAAGGGGTGATGGGGATGGAGTTGTCTGAACATCCGAGGTTGCTTTTCAGCCGCAAAGGAATTGACGAGTTGAAAGAACGCATCAACCGTTACGATTGGGCGAAAACGCAATGGGAAGCGTTGAAACGCCGTGCCGATGCTGCACTTAGCGAACCCATCAACTTGCCGCCGCGTGGCGGAAATTGGTGGCACTACTACGCTTGCCCCAAACATGGCGCTTCCCTTCGGACAGGTAAGCAAATTGGCGAGTGGCAATGGGAGCACATTTGCCCTGTTGACAACGAAGTCATTCAAAGTGACCCAACTAAGCCCGAACGAGACTACGATGGCGTCGTCATTATGGGCGTCCACAGTCGGTTTGCAAATCTCGTCAGGGACTTGGGCATCGTCTATCAAGTTACGGGTGACCGCCGTTACGCTGAAAAGGCAAAAGCAATTTTGTTGGCTTACGCTGACCGCTACCTGAGTTATCCCTTGCATGACATCAGGGGCAAGCCGAGCGTTGGTGGCGGTCGTGTCGGTCCACAAACCTTAGACGAATCAACTTGGCTCATCCCGATGGCTCAAGGTGTTGACTTGATTTGGGAGATGTTGACGGAAAGTGAGCGGCAAACTTTGGCGCAAAAATTGTTTCTGCCAGCGGCAAGAGAAGTCATCCTGCCTCACAAAATGGGCGTGCACAACATCCAATGCTGGAAGAATAGCGCCGTCGGGCTCGTCGGGTTTTTGCTGGGCGATGAGGAACTCATCAGGGAAGCCATTGAAAACCTAGAACGAGGCTACTGGACGCAAATGCGCAAAGGCGTTTCTGAAGACGGCGTTTGGTGGGAAGGTGCTTGGGGCTATCATTTCTACACGCTTTCAGCGCTCTGGCATCTAACCGAAGCGGCTCGCAACTGTGGCATCAACCTTTACGGTGACGAACTCAAGCGCATGTTTGATGCGCCCTTCAAGTTCATGATGCCCAACTGGCGATTGCCCGCCTTCAACGACAGCACCGAAGTGGCTTTGCTGACCGAAATCGGCTTTGCTCGCTTCGGCATCACTCAGCCGATTTACGAACTGGCATACGCTCGCTATCGTGAACCGTTGTATGCTGCTTTGCTCTCTCGTGGCGAACGGAGAAGCGATTTCGCACTTTGGTTTGGTGTCGGCGAATTGCCCCAACCGCAACCGATTCGCTGGCGGAGCGCCAACTATCCCGCTTCAGGTTATGCGATTTTGGCTCGCGGAGAAGGCGAGCAGGCGACTTGGCTCTGCTTGAAATACGGACCTCATGGTGGCGGGCACGGTCATCCCGACAAACTCAATTTCGTCCTTTACGCTCGCGGGCAAGTCTTGGCACTTGACCCCGGTATGGCTCGCTACGGCGTGCCGATTCACGGTGGTTGGTATCGGACAACCTTAGCCCACAACACCCTCGTCGTGGACGAAACGAACCAGAAACCTGCGGAAGGCAAATGCCTGTCGTTCGGGACAGAAGGCGGCATTGACTTTGTAATTGCCGACGCTGGCGATATTTACGATGGAGTTCGTTTCAGGCGGGCTATCGCTTTGTTCAACGAGAACGCAATTGTCGTGATTGA
CP130454.1_gap43	1866932	1869459	2527	TGAGTTGGCGAACACATCGCTGCCTTTGCCAAATCCGAAACAGTGACCTTTCCATCGGTTGAAGCGAAAAGTTGGAATGCTGGACAAAGCAACTTTATGGCTTTGGCATCTTTCGGTGAAGCAGTTGGGCGAAACCGTTGTGGTTGCTCTTGAACGCATCTCAAGAGAATATCCGTCACCAACGCTGTCCCACGCAACTTCCAACCCTGTGGCTTCAAATGAAAAAGTCTTGACAACTCAAAGGCTGCTCTTGCGAAATTTTCGTCCCCGTCAACTTTAGGCGGGAAGCCGAGCAGGTCAAGGACACATTGGACGCCTAAGAACCTTGCTGTGAAGTGAACAAAGGTGGCGCAGAAAGGATTAGCACCTACCGAGGATGCTGAGTGACGAACCCCTTCAGGGACAAAGATGAGATTTCCTGAGCCAGCGACGAAATTTTCCCCACCGATTGTCCACCTCGCCGTGCCTTCCCAAACAAAAACCATGAGACTGTGGGGCAATTTTTGGGGCGGAAATTGCCAACCCAATGGAAACTCGTGATCCCAAGCACTGATGAACCTGATTTCGGTGTTGTCCCAAACCCACGCCCATTCGGAGAGTGGACCAGCGTCAGGGAAGGGCGTTAACTGAAGTTTTGCCCCGACCTTCATGAGACCATCACCGTCCTCAGTCGCATCAATTATAGGGCATCAGCCTTTGTGCCTGTCCAACGCAAACTGGTTGGTTCGGCTTTGGCAAAAAGATGGTCGGTTTTGACCTTTATGGGAAAGCAATTGCATCACAAACTTTGTCGTGCCCAAAGGGCAAAAACGAAACCAAAGAAGGAGGCGATGAGGATGTATCTGCGGATAGACCGATTGCAAATTGAGTTGCCGATGCCAAAAGAACCTGACCCTAATGCCGCTGCAGCCGTTCAGGAACTTTTGGGCGGTCGCTTCGGTGAGATGTCAACCTTGATGAACTACACCTACCAGTCCTTCAACTTCCGCGCCCACGACAAACTCAAGCCTTTCCGTGACTTGATCGCAAACATCGCAACGGAAGAGTTAGGGCACATTGAATTGGTTGCAGCAACTGTCAATGCTTTGCTGACGGGAGTTACGAAACCTGCTGACCCAGATCAAGCACCGCTTGCTGTGGGCAAAGATGCCCGCAACACTTGGCACTTCATTGCCACCGCTCAAACTTCCCTCGTCGGTGACTCAATGGGTGGATTTTGGCACGGAGGCTATGTGTTCAACAGCGGTAACTTGGTGTTGGACTTGCTGCACAACTTCTTCCTTGAATGTGGTGCTCGCCTTCACAAAATCCGTGTCTACGAGATGACGACAAACCCAGTCGCTCGCGAAATGATTGGCTACTTGCTCGTCCGCGGTAGCGTCCACGCCACTGCTTACGGCAAAGCCATTGAGGTCATAACAGGTGTTGACATGACCAAACTTTTGCCCATTCCCAACATCCCTAACAGCAAGTTCCCAGAAGCCCGAAAATACGAAGAGGCTGGCATACACCGAACTCTCTATCGCTTCAGCCCCGACGATTACAAGGACATCGCCAAAATCTGGCGCGGTCCGTCACCCACAGGCGATGGCGATTTAGTCGTCGTTGATGGTCCGCCAACGGGAGGTCCTGTCCCTGTTTTACCAGAAGTCCCAGAAGAATTTGCACCGGGCTTGACCGCAGAGGAAATCGCTGAACTCGCCAAGAAATTGACAGGTTCGTGAAATTCGGAAAGGAGTTCCAAGACGAGGACGGGGATGCTTTCTCGGCATCCCCGTTTTTTTTTTTTTTTTTTTTTTTTTGTGACCACAAGCGCTCCTGAGTCAGTCCATTACGCTTCAAACTGTTGCCTGCCAAAATTCGTGCTGACGCAAATTGCTTTAAAGCGATTTCAACTTGCGGGAGTGAAGGGCAATGGCTGAGCAAAAGGTGCTTCAACAGGTTGTCGTCCCCAACATCAACCCGAAAGAGTTTGCCCGCAAGGGGGAGGCTGTTTACGAACGGTTGAAGGAACAAATTGAGCGTGAGCATTACGGCAAATTCATCGCCATTGAACCCGAAAGTGGCGATTACGAAATCGCAGACAGATCCATTGATGCTTTCCTTCGCTTGAAAGAACGCCATCCCGACAAATTGCTTTATGGACGCCGCATCGGTTTCTTGGACAGGCGTCGTTGGTGAAGGGAGTGAGGGATGTGGCAATTATTGAGGGTGTCATTGATGAACAGAAGCGAGGGAGACTTAGGCTGAGGGTGAGAGGTCTTTTCGGCAGCATAGAAATAGATGCCTTCGTTGACACTGGCTTTAACGGTGGGATTTTGCTGCCGATTTCCATAGCGGTTCCGTTAGGACTGGTTTTGGTCGGCACTGTGAGAACTCAACTCGCAGATGGCTCAGAAACGGAAGACTTTGTCTTTCACGGTTGGGCTCAAATTGCGGAATTGCCCGAAATGCCGACAGAAGTCATCGTGACCTTAAGCGGTGATCCCTTGATTGGCATGGAATTGCTGGAAAGTTGGGACGCTAC
CP130454.1_gap44	1882716	1884895	2179	AAATCCGACCCTCTCGCTCAAAGGTTTCTCGTTCACTTATAGCGCTCAGTTGAACAACCCTGTCAGCCCAAAGCACCGGCAATTCAAACTTGACAGCATCGCCGTAAAGGTCACCGGGGGCAACTGCTTGAATTTTCAGCAGGAAAATTCCCCCCATCGGAATTTTGGGCTCTTCAAGGTAGACCCTTAAGGTGATGCTTCCTCGCTTCAGGGTGACGCTGCTCCTCAAAGGTTGCGCCTCAACGAGACTTAATGCAGCCAATAGTATCACTGTTGAAGCAAGGGCTTTAAATCTCAAACAACCTACCAGTCCCTTTCCCCATGCCATGGTGCTGTCAACCTCCCCTTCAATTGCTTCACTAAAGGTTTTCGCTCGTTGACGGGAGGAGGTGGCGGAGGCGGAGGTCGCTTTTGTTGTTGCTGATTTGATTGAGGAGGCTTCTTCTGTTGCTGCCGCAAAACCAATTCAAGGTTGAACTTAGCGTCCCAATCGTTAGGTGTCCTTTTGAGGGCAGCAATATATGCCTTTGCTGCTTCCTCCCATCGCTTCTGGGCGAAGTAGAGGTTGCCAAGATTGTAGTAAGCAGCAGCATGTTCGCGTTTTTGAGTCTGCGGGATACCTTTCAAAGCCGAACGAAGTGATTGCTCCGCCTCTCTGAAGCGCCCTACAGCCATCAAAGCGGTTCCTTCATTGAAGTCCAGCACAGGATGGTTGCCCGCGACTTTTTTGGCTTCCTGAAAGGACTTCAAAGCCTTTTCAGGTTCATTCGCCCGATAAGCGTGTTGCCCCTTCTGGTTCAAATGCCAAGCCTTCAGTTGCCTAAAAGGCTGCCACCATGCTGCCGGTCCATCAGAGCCAACGAGTAAAAGCCCCAAAATTCCAAGCACGATGATTGCAACTATGCGAACTACCATCGCTTTCACTCCTTAAGAAAGGCTGCTCGTTTCTAAGTATGCCAACATCCCTGCCACTTTGAAAGGGCGACCGAGGTTGAGATGGTGTGGCTCAACGGACTTCAACAATTGCAATCTCTGGAGCGTTGAACCATCTTGGTATTCGGTTGCCAACAGTCACCCCTTTGGTGACATAAACCCAAGTTGTCCCAATGTCCAGCAAACCATAAGGGTGATGCCATCCGAATTCGGTCTTGGGAATGAACCTAACACCTGTCAAGTGACTGAACAAGCAGTTAAGGGGCAACCAAACATGACCTCCGTGAGTGTGCCCCGACAAGATGAGTCTCACGGAATAGCGCTGTAAGAAATCTCCATAGCGTTGCAAGTCCGCCTTTGAAACTGCGGTTTGTTTCGTCAGAAACTTTTCCTGTTCCGATACCGGCATCCAAAAGAGTGCTGCGTCGGGGTTGTGAGAGAGCAAAACTACGGGCATACCTTCAGGGACATCGGAAAACGCTTTTTGCCAGTCGGGTCTGCCAGACCACAAATCGTCAATACCGACCAAAGCGATGGCAGTTTCACCTTTCCGCAAAATCACGCTTTCGTTAACTAACACTTGAACTCCAATGCTTCGCAAAGCCTTTGAGATTTTACCAGCACCAGCCCAGTGGTCGTGGTTGCCCAAAACAGCGTAAACACCCAATGGCGCATAAATCCTTTGAAGTGCCGATTTCACGAAAGGAACTGCTTCACGATTAACGACAAAGTCGCCAAGCAGCAAGATGGCATCAGGGTGTTGAGCCATTGCAAGTTGAACGAACTTTTGAGCCTTATTCACACCACGACCATCAGGACCAATATGGATGTCGCTCAAGATTGCAAACCGAATTGTTGAGGCAAGGTTGAGAGGAATTTGCAGATGCGTGATTTCCATGCGCTGTCCAGAAATTAGTCCCAGCACAAAGACCAGTAGCAGAAAACCACAGCAGAAGAGAAAAACTCTCATCCCGAATTTCCCCTGTTTTTGCCGATTGAATTGATGCGTCAGGAATGATGGTGCGATTTTGGTGTTCTGTTCGGGGGGAGTGAAAACAAATTTGGCTCCGGGGGCAGGACTCGAACCTGCAACCCGCGGGTTAACAGCCCGCCGCTCTGCCTGTTGAGCTACCCCGGAGCAGTCATAAGGCATTTTTATAATGCCACAAAGTTCCCGGTCTGTCAATATTCTTGCCCAACCATCTCAAGGTGCTACAGTCCTCGCAAGTTGTTCCTTCTGAGCACC
CP130454.1_gap45	1925755	1930240	4485	TGGCAATTAGTTGCTGCGGCGCTCTCGTTTATCTGCTCTTCTGGATTGGGCTAATCGGGGCAGGATTAGCCTTCGGATTTAAGTGAAGTCTGCGACTTGCCCGCTTTATTGTGTGCTGCAGCAATTGCTGCAGCCATAACTTCCTTCAGCGGCACTCTCTGTTCCAAAGCAAGTCGTCGGCAATCTTCGTATTCGGGAGCGATGTTGACAATTTCGTCGCCCAATTTTGCGACTTTGACCTTGACCGTCCCGTAGGGCGTCGTCACTTCCCAAATTTCGCGGGGAAGGCACAGCCTTTCCACTTCTTGAACCCTGACGCCCAAAGTGGTGGTCTCTCGCAAAAGGATTTGCAAAACTGTCGGCAACTTTTCATGGTCGCAAAGGACGGAAAGAACGATGGCTGGTCGGTTCTTTTTCATTTGGGCTGGAACAACCCAGACATCCCTTACCCCTGCTGCCAACAACCTTTCCATCGCGTAACCTGCCATTTCACCCGTCATGTCATCCAAGTTCGTTTCAACGACGACCAATCGCTCTCGTTCAAGGGCGATATTGTCGGGCAAATCTCCGAGAATGACCCGCAAAACATTTGGGAAGGGCAAGTCTCGCTTTCCCGCGCCGTAGCCGACCTTTCGGGGCGTAAAAGGTGGCGGCATGCCGAATCCATTTGCCAACGCTTTCAACAATGCCGCTCCAGTCGGAGTCACGAGTTCAACCTCAATGTCCAACGGGTAAGTTGGCACACCGCAGAGAAGTTCCATCGTCGCAGGCGCAGGAACAGGCAAATCACCGTGAAGAGTTTTCACCCTTCCACGCGTAAACGGTAATGCCGAAGCGTAAACTGCTTGGACTCCAAGCAGATGTAGGGCGTAGACTGACCCAACGATGTCAAGGATGCTGTCAACGGCTCCGACTTCGTGGAAATGGACTTCATTGACACCAATGCCGTGAACTTTTGCTTCCGCTTCCGCAAGCAGTTGGAAGACCTTGAGGCTTTGCTCCTTCACTTTTTCAGGCAGTTGCGATGCGATGATGATGGTTTCAATGTCCGACAGGTGTCGCTCAGGTTGGTTTTCGTGCACGATGACGGAAACAGAAGTCGCAGCAACAGCACCTTTTTGGACTCGCTCAACTTCCAACTCCCAACCCGAAACGGGAAGGGTTTTCAAGCCAAGTAGCAAATCATCAACGGGAGCGCCTGCGTCAATTAAGGCGCCCAGCAACATGTCACCGCTTATGCCAGCAAAGCAATCAACGAAAGCGCAAACCATGCTTTCGCTCCGCCCATTCCAAGATGAATTTGATGATGATTTTCGCATCCGACATTGGCATGCCCTTGCTCAAATTCTCCATTGCGTCGGCGATCTCCCTTGCTGTTGGCAGCCTTTGACGGGCGAGCAAGGTGAAATCAATGAGCGTCCTTGCTGGGACATCGCCTATTTTGTGTCGGATTCGCTCGTAAATTTCCTCGCCCATCTTCTTGAGCCGTTCCAATTCCTCGTCAGGAGTTTCAGGTTTTGCGGTCTGCTGCTCAGCCATTTTCTTTCACCACTCACCTCATGAAGGGCAATATCCGACCGAGCAACTCCCAAACTTTGGGGTTGGTCAAGATTATCACCAGCAACAAAACGACAAACTGCAAGTTCATTCGGGCTTCAAGCCTCAAGACGGCTTCACGGACTTGTGCTACATCTTCCTTGTCGGCTTTCCGCTCTAATGCTTCCCACAACCGAGCCACATCTTCCTTATCGGCTTTCCGTTGTAACTCTGCTCTCAACTGAGCCACATCTTCTTTGTCTGCTTTCCGCTCCAAGATTTCCCAGATGCGGGCTATATCTTCCTTATCGGCTTTCCGCTTCAACTCCTCTTCAATCCTCACGACGGTCTCTTGCAGTGCCCTGCGGTTGATTTCCGCTTCCAGCCGATAAATGTCCTCTTTGTCAGCCTTCCGCTCCAACTCTGCCCGAAGTTGGATGATGTCTTCCTTGTCCGCTTTCCTCTGTAACTCCACCCTCAATTGCGCCACATCTTCCTTATCCGCTTTCCGCCTCAATTCCGCTTCAATTCGCGTGACGGTTTCCTGCAGTGCCCTGCGATTGATCTCGGCTTCCAACCGATGAATGTCCTCTTTGTCAGCCTTCCGCTGCAACTCCGCTTCAATCCTCGCCACATCTTCTTTGTCCGCTTTCCTCTGCAAGACCTCCCAGATACGGGCAACATCTTCCTTGTCCGCTTTCCTTTGCAGTTCCGCTTCAATCCTCGCCACATCTTCTTTGTCTGCTTTGCTTCGCAACTCTGCCTCAATTCGGGCAGCGTCTTCCTTGTCGGTTTTGTATTCCAGCAACTCACGAACTCTGGCGAGGTCAACCTTGTCGGCTTTGCCTACCAGTTCGGTCATCACCCTTTGCTCCAACTGGGCAATGTCGTCCTTCGTGGCAATGCGGACGAGGTTCTGCTGGAAAAAGTCCATAAGCCGTTTGGCGTCTTCGTCCCCGAACTGTTTCTTCAGGATTTCGTAAACTTCCGTGAGCACAGTGACCATTTCGGACACCACCACAAACTTTGGGGCATGTCCATGCCTTTGTCAACGCCATTGGGTTAGGTCAGAAATCATGGCTGCTAACCACTGCTGGATTTTGTGGTCTGAAAAGAACCAGATAAGCGCCCCAATCATCCACAGCACGATGACAACTTGAGCCCAAAGTGGAAGCCCATGCCTTTCCTGCTGAGCCAAAGGCTTTCTGCGACGAGCCATAAACTTTGTCCCCTCACTTGCCTATTGACTATGTGCGCTGTAAACTTTGCCACAGCCTTGCGGAACGAGGTGACCGAAATGCGAATGAAAAGGCGCGAATTTTTGAAAGCCGTCAGTATCGCTTTGGGAGGTGCATCTGCAGTGAGCGCAAGCAACGGGAGCATCCCGCGAAGGGTCTTGGGCAAGACAGGTGTTGAAGTTTCCGCAATCGCTATGGGCGGCATTGTCGTCATGAACATGCCCCAGAAAGACGCTGACGCAATGGTTCGTTGGGCATACGATAATGGCGTCACTTACTTTGATGTCGCCCCAACTTACGGTGACGCCGAGGAACGGCTTGGTCCGGCATTGAAGGGGCTTAGGGACAAAGTTTTCCTTGCCTGCAAGACCGAAAAGCGCGATAAGCAAGGAGCAGCGGAAGCCCTTCGCCAATCGTTGAAGCGACTCCAAACCGACCACTTTGACCTTTACCAACTCCATGCTTTGCGGACGAAGGATGATGTTGAGCAAGCCCTCGGTCCAAACGGTGCGATGGAGGCTATCTTGGAAGCGAAGGAAAAGGGCTTGATAAAGTTCGTCGGCTTCTCGGCTCACTCGGAAGAAGCAGCCTTGATGGCGCTTGAGCGCTACCCATTTGACACGGTGATGCTGCCCATTAACTTCGCTTCGTTGCTCAAAAACGGGTTCGGTCGGAAAGTGCTTGAGAAAGCGAAGGAAACGGGAGCAGCGGTCATCGCTATCAAGGCGATGGCGAAAACTTACTGGAGCGGCGAGCGAAAAGTCCAAAAGTGCTGGTATGAGCCGCTGATGGAACGCCACCAAGCCCAACTGGCTCTGAGGTTCACGCTGTCACAAGAACCAGTTGTAGTTGCTGTCCCGCCCGGCGACGAAGGGCTGTTCCAGATGGCTGTTGAGATTGCGAAAAGTTACCGACCGTTGGAGAAGGAGGAGCGAGAGGAACTGGAACGACTTGCATCGCCACTCACGCCACTTTTCCCGCTGAGGGATTAAATGCCGAGGTGAGTCAATTTGGCTTTGACGGCAAAGGATGTCCTACGGCTGATTGAGTTGTTGCGGCAAAACGATTGGCTGCGTGATGAGTTGCGCCGTGTCCTTTTGCCTCCCGACTTTGAAGGTTGGATGAAAAGCGTGGACGAACGGCTGATGAGGGTTGATAGCACCTTGGGCGAGTTGAGAGGTCTCGCAAAGGAACTGGACTATTGGCGTAAGGCTGGGAGGTTCCTGAGCCGATTGCTGCGAAATGTCAGGGAAGTGGGGCAAGAGATTTTGGAGCAGTTGGAGAAGGCTGAGGCTGAAGGTTCAATTTCGCCCAAGGAGTCTGACGAGTTGCTGCAAGCAGATTTACTTTTGATGGGCGAAGTGCGAAAAGGCAAATTTGCGGGTCAAAGCATCTTGCTGGTTTGCGAACTTTCAGCGACGGTTGCCCGTGAGGATGTTGAGAGAGCAATCAAACGGGCACAAATCGCTCGTCAAGCAGGTTTTTGGGCTTTGCCTTTGGTGAACGGTTCAAGATGGAGCAGCCAAGCCTTAAAGCGATGGGCGATTTCGGAAGCGGTTTTGTGCGGTCAAAATGGAGTGCTTCAACCATCGCCAACGGAAGATTGGGATGCTGTTGAAAATTTGCTCGCACGGTGGAGACCTGAAGCGAAAGGCAAAAAGTGAAACTTGCAAACCAAAACCCAAAGCAGATTGGAACTGCCAGCGATGAA
CP130454.1_gap46	1958396	1961974	3578	GAGGAAACTCTCTTTCCAGTGCAGGGAGTAGTCATAGCCCGCCATCCTGATATGGATAAGGTTTTAATACGGTATGAAAATTCAACAATTCTTTATCGTTTTCCAGATGCAAAGGAATTGGCTCGGGTAACTGTTGATCATGGTATGTTCATAAAGTGGTGTCCTAATAAAAAGCAGTTTTGGGGAAAGATAGCTTATGAATCTGAGAACCATGTTGGATGGAAAGTTCGCATCGTTGTGACTGATATTATGAAAAATCAAGTAAAGACTCTTTTAGCAGATGAGTGGAATAATGAGAGATATAGCATTAGGCTGAAAGGTGTAGGGACAGCATGGGGACTTTTTAATATTGGGAATTTAGAAACTGTAGAAGGGTATGATCCATTTCTGTTAGAGGAGGAAATAGCAATTTTAGTATATAAAACGAAAGCAAAGGAATTAGTATTTATTTATTTTTCTCCTAATGGGATAACAAGAGAGCGGAAATTGACCAAAAAGATGTTATCTAAAGCATTAAAGCGATTAAGAGAATGTTGGCTAATAGATATGTTACCAAACGGGAAGGAATTATTGATAAGACAAGGAAAACATAACATTTGTGGACAAAAATGCTGGTATTGGCTATGGAATATGGATAGTGGTGGAGTGAAAAGAATAGGTTATTTTGATGAATTAAGAGTTATTGGTTGGTTAAGTTCAAAAGAAGCAATTGTTGAAATGATAAGTATAGATAAAGGAAAGATATTTTGTGATTATGGAATACTGCGCTTACCATAAACATTTTCTGTAATCAAAGTAATAGTAGGTAGTTTCAATGTTCAGGGTATGAAGGGTGTGATGGGTTGACGGCGAACCCGAACGGAGAGACACACGGAGTAATCATTCCTGTTCCAGTTAGTTTGATGGAGGAGGCAGGGACATACACCTTTGTCTTGCACTTTTACGATGACTATGCCGACAGTTACAGAAACCATCAGGTCAAAGCAGCATTGGAAGTCAATGCTCCTGCTGAGCCTCTTATTTTTGAAGTCTCCACTGACCCGTCAGGAGATAGCCAAGAAGGTCATCCTGGTCATCAAACAGGACAGAGGGATACAACCAAGTTTTATGTCGTCATCAAAGCGACTTTGATTTGGCGTGGCGAACCCAGTTTTAAAACTATCGGATTTATGTTGAAGCGAACCAAGACAGGGGAAGTTAAGAGGAAAACGGGTTATTTGGTGACCGATCCCAATGATCCTGACGGGCCGAAAGATGTTGGGGGCGGATTAAAGAGATGGACATTCCGAACGCACAAGGTGTTGGCTGATAGAGGGGTAACGGATTGGATAATTACGAAGGAGAAAGGGAGATGGGAAATAAGGGTAGAAGGTCACAAAAGTAATACCGTCAAGTTTAAGATTAACAAACGGGCACAGATTGTCTCCGTCGCTAATAGTTGGGTGGGGGCTATACCCTCTGATCAAGAATTGTGCGATAAATTCGTGGCACGGGTCTATAATCATGTAGGGATTTCTTTGCCTCTCGGCGTAGGCAAGCAATACAGCTCCACAGAGTTTGATATAGGCGCAGGATGTTTGATTTTCTATGATTGGACAGATGAACCCGAATGGGAGCCAGCTCATGTTGGTATTTGGGATGGTGGTTCCTCCGTTATAGACACCAATTGCAAACTCAAGGAGCATTAAGAAGATAATCCTTACCGAGTAATGAAGCATGATCAACAGAAATTGGAAGATAAATATCCAAACGAGAGCAGAAAGAGGGCTCCTAAGGAACTTAAGGACTTGGATGGTGAATAAAAGTGGTGAGAAGGAAGAAATTAATCGCCTATGCTATTGTGTTGGCATTGGCAATCATTGTCATTTACGGTTGCAGTTTCTCCTACTCAGTTGAACCCTTTTTCTCTATCCCTCTATCTCATCCCGAGGCTCCTATTGATGAATTGTGTGGAGTGATATGGCATCCTATTAGATGCATTCACAGCCTGACCCCTGTTGCCTTAGATGATAAGGGACGCATTTATATCTTGGGTCTTAAAAAAGGCAGGTCAAAGGTGTTGGTATTAAACCGAGAAGGTAAAATAGAACGCACCATTACTCCCTACCTTAAAAACAACCATCCTTTAGGTCGTCGGTCTCCTTTCCTTTCCGTCTCTCCTTCTGGTAACTTCATTTGGACAGTTAAAGAAGAGGGAATAGATGTTTACCGTGTCACCGTTCATGATCGCAATGGGGAAGCCAAGATGGAGTGGTTGGTCAGGGATTGTGATGTCGAGCACCACATAGCTTTCAATGCTTACTCTGAAGACGGTGCTTATTTGGTTTCGAATGTCATTGAAATTATTTGTTTCAGGCTGGGGCGGAAGGAACCGCAGAGAATCAAACTCTCAGAAAATTTTCATCCCCCTTACCCAATCTTCTTTCATAAAGGGAAATATTGGGGCATCACTGAGATGAAATGGTTAATCCCCAAAATGGAGCATCTAAAATTCAAGGGGCAAATAGAGATGTCCGAAATTGGGGAAGATTCGCACGGTATCGTCACATGGTCGCCGAAGGAAGGGATGAGATTACTTTCAGTGATTAGATTGCCGATAGCAGGAGCAATTCTTCAATGGATTGATGAGCGAGGTAATTTTTATGACACCCGTTACGGGCATACTTCGTTGTATGACTCTTTGCCATCTTGGGCGAAGGAGGGGATTTGGGGAGAGAGGATAGTCAAAATCCTGAAGGCGTTAAGGCTTTATGATCGCTTCCGTAAACTGAAACAGGGTGTAACCGTTAGGATTTTTTCGCCGAGGGGTGAACTTAAAGAGGTTATCCGACTTTGGCATGTCATTCGTCCCAAAAGGGGTGAGAAATTGGAATATGGCGAATTGGTGAAAGTGGATGATAAAGGCATTTATTGGGAGGTGGGGAAGGTGAATGAGCCAAGGGAGTATCGGATTGTTCGGATAGTGAAGAAGAGGCGATGGCAGATTTGGTGGGATGCTTTGCGCTCTTGGTTCAACCCTGCCCAGATTGAAGGAAAAGAACGATGAAAATCGGTGGTGATACTGACCTGCGTGGTGCGTGGGGAAATAATGGGTTGAGGGCGAACCCGAATGGGGAAGTTCATGGAGTGATCATTCCTGTTCCAGTGAGTTTGATGAAGAGGGAGGGGAAGCATTGTTGCATAATTCCCGAAGGACAACGCACTCAATAGTGCTAAAAGCCAATCAGAACAAGGGTTTTTGAAATCAACTGAAATATTTTTATCTTGACAAGGATTTTGGTTCTAATTTTTACCCATCAAAATCGCTGAAAAGAGGGGGGCATTTTGGGCGCTTTTGAATTGTGCAACAAAGCCGCTAAAGAAATAGGTGAGGTTGCTGCTGTCCGTCGTGATACGAAAAGGATGCCGGGACTTATTCACTTTGCTGGACACGGTGCTTATTGGGAGCCGAAAGCGGTGGGAAACCTAATAGTGAGCGATCGTAATGTTTACATCTATTGACAGGAGGTGGGCTTTTATGAGAATCGCATTCATAACCTTTGTTTTACTCACTTTAGCGACAATGGTTGGCGCTCAAA
CP130454.1_gap47	1963551	1964413	862	GTATGGGGGATTTTTTGACTTTTGGAACGCACTATCCGAACCCAGCAATTCGCACCCAGCGCTAAATCATGCGCTAAGGACGGACTTCAATGCATCTATGAAGCGATCAACGGTTTCTGGCGTTCCGATGTCAACACGCAAGTGAGTTGGTAAACCGAAAGGTTCGCATGGGCGAACGATGATGCCCTTGCGGAGTAAAGCGTCGGCGACTTCCCTTGCGGGTCGTTGGACATCTATCAGCACAAAGTTGGCTTCCGTCGGGACATACCTCAAGCCCAACTGCTCTAACCCACGATACATCAACCTTTTGCCCGTCCAAACCGTCTTCCGAACTCTCTCAAGGAACTCAGTGTCGTCAAGGGCTGCTTCAGCCGCTGCCGCTGCGATGCTGCTGACATTGAAAGGCTCGCGGACTTTGAGCAAGTGCTGGGAAATTTCCGTTCGTGCGAAGCCGTAGCCGACTCTCAAGCCAGCGAGCCCATAGGCTTTTGAGAAAGTTCGCAGGACGATGACGGGGTAACCTTCCCTGACATAGTCCAGCGATTTCGGGTAATCTTGCGATTCAACGAACTCAGCGTAGGCTTCGTCCAAAACGACGATAACGCCTTCAGGGATTTCGTCCAAAAGTGAACGAACCGCCCTGTCCCGCAAAATCGTTCCTGCAGGGTTGTTGGGGTTGTCAATGAAAACGATTTTCGTTCGCTCGGAAATCGCATCAAGCAAGCCTGCGACATCGTGGATGTAATCTCGGAGAGGGACTTTCACGCAAACTGCGTCCATCAAAGTGCTCAAAATGTCATACATGACGAAGGATGGTGTGCTGAAAACGACTTCATCGCCTGGTTCAACGAAAGTTTGGACG
CP130454.1_gap48	1965944	1967323	1379	GTCCCTGATTCCGCCCAAACTCATTCGGACGAATTTACGCCCCATTGCTCTCGCAATGGATTTTCCGATGCTTGTCTTGCCGACGCCCGGCGGACCGATGAAGCACAAAATTGGTCCTTTCGTCTTGTCCGTCAACTTGCGGACAGCCAAAAATTCCAAAATCCGCTCCTTGACATCTTTGAGACCGTAGTGATCTTCGTCCAAAATTTGCTGCGCTCGTTCAATGTCAAGGTTATCCTTGGTGCGTTTGTTCCACGGCAAACTCAACAGCCAATCCAAGTAAGTTCGGATTACGCCTGTCTCTGGCGACATAGGCGGAATTTTCTCAAGCCTTTCAATTTCCTTCAGTGCCCGTTCCCTTGCTTCGTCGGGCAACTTCAACTTCGCCACCTTTTCCCTCAACTCTTCAACTTCGGCGGCGAAGATGTCTCGTTCGCCCAACTCCTCCTGAATCGCTTTCAACCGCTCTCGCAGGATGAACTCTCTTTGGCTTGCGCTGACACCTTCTTTGACCTTGCTTTCAATGCGTCGCTCCAACTCCAAAACCTGCAATTCTCGCTCCAAAATGACAGCGAGTTTCTGCAACCTTTCTTTGGTTGAAAGCGTTTCCAGCAGTTCCTGTTTCTCCGTCGGCTTCAGTTCCATCAAAGAAGCAATCAAATCGGAAAGCCGCATCGCGTCTTCAACGGTGCTGAGTGTCATCAAGACATCTGGCGGGAGCGAGCGGCTTCCTTGGACCAACTGTTCAAACTTCTGCCTGACCACCCGCTCCAGTGCCATAGTTTCGGCATCTTGCTCGTAAGTTTCGGGCAACTCTTCCACAACAGCGAGGTAGAAAGGTTCGGTGCGGGCAATTTCAACTAAGCGTGCCCTGAAGCGCCCTTCCGCCAAAACGCGGACATTTCCGTCTGGCAACCTCATTGGTTGAAGCAAATCGGCAACCGTTCCAATTTCATACAAGTCCGCCTGCTTTGGTTCCATTATTGTCGGGCTTCTTTGCAGGACCATGAACACGGGTGAATCGTTCGCGAAGGCTTCTTCCATTGCCCTAAGGGATTTTTGCCGACCAACGAGGACTGGGGTGATTGCTCCCGGGAAAATGACTAACTCAGGGAGCGGAATCATGGGCAAAGCGTAGGTCGGTCCTTGAGTTTGAGTTGTCGTATTTTCTCGCTCGGTCGCTTCCCTTGTCTCCTTCGCATTTGCTGGTTTTGCTTGCTTCATGACTCAACTCACTCCCTTCAATGGGCGGACATAAACTTCACGCCGTTTCTCGCTTTTCCCATGTCTCACCTTCGCTCAAAAGCAACGGCTTCTTTCTCTGGCGGACCGTTTCCTCAGTTATGATGCATTGTCTCACGCCTTCAAGCGACGGCAAT
CP130454.1_gap49	1985851	1989365	3514	CTTTGGTTGCCAGCGCCAGACCGGGCGGAAAAGGAAAAACAGTTGCGTCGTCAAGGCGAAATCAGGGAATGGGAGAAGAGTTTGAGGCGGAAAGACGGAAGCATTCGCGATGTCCTCACTTCCATCGTCGCCATTGAAATCGGTGGGCAACCGTGCCTGTTGTTCAACCTTTTGGACATCACCGAAAGGAAACAGGCAGAGGCAATTTTGAGGGATGCCAGGGATGCCCTTGAATTTCAGGTGAGGCAGCGAACTGCTGACATGGAAACTTTCGTCTATTGAGAGTGGGCAGTTGAGCCTGCCGCAGATTTTGCTCCGACGCTTTGACGGTTCAACTTTTTGGGCTCGGCTTGAAGCTAATCTGACCAGAGATGTTGGCAGGAATGTCCGTTGGATTGATGGCGTTTTGATGGATGTCACTCCTTTGGTCGCAGCCGAAAGGGAACAAGCACGGACAGCCGCTATACTCAGCACGCTCATTGACCACCTACCCGAAGGAATTGCACTCATTGACGAAGACTGGAATGTAGTGATGTGCAACCCTAAGGCTGAAAGCATGCTGGCATCTTTGGGATACCGCAAAGGTCTTCCGTTGGTTATGCTCGCTGGGAAGCCGATAAGCCAATTCCTTCGCCCATCGCCGCGTGGTTTGTGGCACGAACTGCTCGTTGACGACCGAATCTACGAAATCGCTTTCTACCCAGTCTCCAATCAGCACCGAATTTTGGTTCTAAAGGATGTCACGAGTGAAAGGGACATAAGGCGGAGGTTGGAAATCCAAGAAAGGCTCGCTGCCGTCGGTGAACTTGCTGCTGGGCTCGCTCATGACTTCAACAACATACTGTCAAGCATCGTCGGTGGAGCGGAACTTTTGGCGATGAGGTCGGGCTTGCCCGCCGAAGTCAAAGAGTTCGTGAACACTGTGATCGTCCAAGGCGAGCGCTCGGCATCCTTGATTCGCAAAATCCTTGACTTCAGCCGACGCACTGTCTCGGAACAACGCCCAACCGATGTCGCTTCTTTTTTGCGAGATTGCATCAATTTCCTTCGCCGAACTTTGCCTGAAAACATCAGCGTTCTCACCGACATACCTTCGGGCTCTTACATCGCCAACATTGACATCGTTCAAATGCAGCAAGCCATCACCAACTTGGTTGTTAACGCTCGCGATGCCATGCCCGAAGGCGGTGAGTTGAGGGTTGAGTTGAAACGGCTCACAGTTGCCGATGACGAGAGACCACCAATTCCAACGATGAGACCTGGTGAGTGGATTGCCATCAGTGTGTCCGACACAGGCATTGGGATTCCGCCCGAAAACTTGTCGCGGATTTTTGAACCCTTCTTCACAACGAAGGAGAAAGGGACTGGACTTGGCTTGGCTCAAGTTTACGGGATCGTCACCCAACACGGTGGCTTCATTGATGTCAAGAGTGAGGTCGGGAAAGGGACAACCTTCACGATTTACCTGCCAGCAGTTTCGGAAAGGGTGGAAGAAAGGGTTACCGAAGAAGGTTTGAGTGTCCCGGCAGGAAATGGCGAATTAATCCTCGTTGCCGAGGACGACGAGGATGTTAGGTTGGTCATCCACAGGATGTTAGGGCGACTCAATTACCGCGTCATTGCAGCCCGAGACGGGGTTGAGGCTCTCAGGTTCTACGAACTTCATAGCGACGAAATTGCCCTCGTTCTCACCGATTTGGTGATGCCAGAGTTAGGCGGCGACAGGCTGATCGGTGAACTGAGGCGCCGCAACCCTAAGGTCAAAGTGGTGGTCATGTCAGGGTATTTGCTTGGCGAAGAACAAAAGTTCATTCAAGCCCCAAACATTTTCGGCTGGCTTCAAAAGCCACCTCGCTTTAGGGAGTTGGCTCATGTCATCCATGAGGCATTGAAGGCAGGCTAAGGCAAGCGGTGATTTTAGGGAAAGTCACTTGAACAGGTCGCCCACCTTAATTTGAAAGCCAGGCAAAACATCCCCTCCGTCCAAAACTTCGTCTTCGCAAAGGATGCGGATTTGGTTTGGTGGCGTGTAAACGGCAACTGTTTTGCTTTCAGGGTCAACGACCCAAACCATTTTCGTGCCAGCCTGAAGGTAGTCAAGGGCTTTTCGGGCTAACTCGTGAGCGTTTTGAGTGCGAGAGACAATCTCAACCGCTAAATCAGGTGCTCCCTCCCACCAATCATCGGGCAAACCTTCAGCAGGGATGCGTTCGTTCAAGATAACACTCACATCCGGTCCCCTTAAAGTGCCGATCTGTTGCTCCAAAACGAACCCTGCATCGTTGCAAATGACTTGCCCAATCGGATTCCGCTCTAAGTAGCGCATGAGAAGAAATACGACCTTGGCTGCTACAAACCCATACTTGATCGTTGGTCTGCTCATTGGCACAAACACTCCCCTGACCAGTTCTCCCGGCTGTTCATCTGGGTTGAGTTGCTTGACTTCTTCAAGGGTCATTCGCTTCACTTCAACTTGGGTTTCCGCCATCTTTCAAATCACCCCTGCGGTTGACCTTGTTGCCTCATCATTTCGGCAGCAGCCAAAACAGCCTTGATGATTTTCTGGTAGCCAGTGCAGCGGCACAGGTTGCCAGCGAGCCAATATCGGATTGTCTCAACATCGGGATTTGGGTTCTCGTTCAGGAGAGCATATGCGTTCACTATGAAACCGGGAGTGCAAAAACCGCACTGGACGGCACCGTGCTCAACAAAAGCCTGTTGGACAGGATGGAGTTTACCTTCACGGGCGATCCCTTCAACCGTCACGATGGATTTGCCATTTGCTGAAACTGCCAAGACCAAGCAGGATGTCACAGGTTTTCCGTCCAGCAAAATCGTGCAAGCCCCACAATCGCCAGTGCTGCAACCTTCCTTCACGCCCGTGTAACCGAGTTTGTAGCGAAGGACATCTATTAGTCGCTCTCGCGGCTCAACTTCCAACTCGTGAACGCGCCCGTTAACCGTCAGCGTGATGCGATGCTTCTTTCGCTCCATCGCCAATCCTCCTTCCGCTAAAATTCACGCCCAAACAATTTTGAACGCATCGGCACTGAAAGGAAAGAAGCGTGGCAAAATGGCTTAACGCAATCACAAACCCAAAGCATAGGCTGGAGTGGGGTGAGTTTGTGGTGCCGAAGACTTTGCTTTTGGAAATCGGGACAGAGGAAATGCCTGCAAGGTTCATGCTGCCTGCACTTGAGCAGTTGAAAGAGTTGGTCGTGAAAACTCTGGCGGAACTCAGATTGCAGCATGGACAAATCCGAACAATGGGGACACCGCGCCGACTCGTCGCAATCGTTTCCGAAGTCGCTGAAACTCAAACGCCAATTATCAGGGAAATTCGTGGTCCAGCGAAACACATCGCCTTTGACCCTCAAGGCAACCCCACGAGGGCTGCAGAGGGTTTTGCAAGGGCTCAAGGCGTTTCCGTTCAGGACTTAGTTGTCAAGGCTACTGACAAAGGCGAGTTCGTTTTTGCGGTGAAGCGTGAAGAGGGACGACCTGCACTGGAAGT
CP130454.1_gap50	2013373	2014199	826	ATCCATTGGTCAACCCGTTCCTTTCGCCGTCATCGGGCATCACTCTCGCTCAAATCGTTACTCGTGCTGTTGCTAACATTTTGTCGTTTCGGCTTGTATTCGCCGATGAAGCGAATGAATGGGAAGTGGGCGCTCAAAGCATTAACCAGCCGCTCGTCACCCGTCCAAAGTTCCACGCCTTCCCGCTCAAGTAAGGCGACATGAAGACGATCGTAATATGCAAAGGGCAACCTTATGGTTTTTGACTTCTCAACAGCCTCAAAAATTCTTCAACCGTCAAATTAGCGTTGCGCAGAATTTGCCTCAACAATCCTGGCTTAATGCTTTTGTGGTCAGGCACGGTGACTGGAAGGTGGTTAGGGTTGGTGTCGTCCCTCATGCGGATATGACTTCCTTTTCGGTGCACGACTCGGTAACCAATCTTTTGCAAGACTTTGACGACTTCGCGCCCGGAAACATCACGAGGCAATTTGCCCACTATTGAGTAACCTCCACTTTGCTTACCTTGCCATTACGATTTTAGGGTTTGCGCTCACGCTTACATTGCCCATAAGAACCTTGGATGGATCATGGATTTTCTCACCACGCATTGCCATTTCTTCTAAGCACAACTCAATAGCTTCACGAATGTTTGCCAGAGCCTCTTCAACGGTTTCGCCTTGCGAGAAGCAACCGGGAATGAGTGGGCAAATCACCACAAAGCCGCCCGTCTCATCAGGCTCTAAGATGACTGGAAAGTTCAAGACACGCCGCTTCCGCATTTTTCATCACCACTCCAAAAGTTTAACCCAGCCGTGTTCCCGTCACTTTTACCTGCTTTTGCGTC
CP130454.1_gap51	2019639	2024083	4444	CAACTTTCCGCTAGTGAACAGGGGCATTTTGACCGTCCATGAAAGTTGAGGGTTATCCTTTTCGCCAAACACGATAGTTCCCATGTTTGAGACCGTGAAGGAAGGGTTCTGGTGCAGTTGAGTGTAACTGGCAATCATGTCCAATCGTGGTGCGAGCCTGGCTTTCGCTTGACTCCTTTGAGCGAAGGCTGCATCAACTTGGGCAGCATGAGCCCTCAAACTTGGATGAAACTTGAGGGCTGTCTCAATAGCAGTTGTCAAGTCAACTTTCCTTTCGCTTTGCGCTGAGACCGAACTCAGTGACAGGACAATGACCCAAAAGGTCAAAACCCACCTCATGACTGTTGTGACCCCCTTTTAAACTTGAGCGGTTTTCCCTTGATGTTGAGCCAGTCGGCGTTTGAGCAAAAAGTAAAGGACTGGAACAGCCATTCGCGAGAGCAAAAGACTCGCAACTTCACCTGCCATCAGCGAAATTGCCAGACCTTGAAAAATTGGGTCAAAGAGGATGACAGCGCTGCCGACAATGACTGCAGAAGCAGTCAGCAACATTGGTCTGAACCTAACAGCACCAGCATCAATGACTGCTTCACCGAGAGGCATCCCTTGCCTCAACCTCACTTCAATGAAGTCCACCAAGATGATGGAGTTTCGGACCACGATCCCTGCTCCGGCGATGAAACCGATCATGCTGGTTGCGGTGAAGAAGGCGCCCATCGCTGCGTGGGCGGGCAGGATACCGATGAGGGAGAAAGGAATTGCCGACATGATGACCAAAGGGGTTAGGAAGTCTTTGAACCAACCGACGACAAGGATGTAGATGAGCACCAAGACCATAGCGAAGGAAATTCCCAAGTCACGGAAGACCTCATAGGTGATATGCCACTCTCCGTCCCATTTGACTGCCCATTTGTCAGTTGTAAAGGGTTGGCGTATGTTCCAAATCTCAATGCTCGTCTGTCGGTTGTCAGGCAACTTGAGTTCTTCCTTCAGCCGCTTGTTGAGTTTCAAGATAGCGTAAACAGGGCTCTCTTCGCGACCTGCGACATCTGCAGTCACATAGACCACTGGCAGAAGGTTCTTGTGGTAGATGCTTTTTGGAGATAAATGCTTTTCCACTCTAACGAGTTCGCTGATGGGTATCATTTGCCCTGAAGGGCTCATTAACTTTATGTCCTTCAACGACTCCAAATTTGAGCGTGCATGGCGTGGGAACCGGACGAAGATGATGAGGTCTTCCTTCTCTTGAGGTTGGTGAGCCAATCCCACCTTCATGCCGCTCAAAGCAAGGGTCAAAGCGTTGGTGACATGTTCGGTGCTTATGCCGTGCAAGGCAGCCTTTTCCTTGTCAACCGTGAACCTCCACTCAACTTGGTCAGCCTCCATATACCAATCGGCATCCACGACGCCTTCTGTGGTTTTGAAAATTTGAAGGATTTGCTTGGCGACCTCCCTTTGCTTTTCGTAATCTGGACCGTAGACTTCGGCGACAAGGGTTTGAAGGACTGGAGGACCTGGCGGCACTTCTACTACCTTCACGCGAGCACCATATTTTTCGGCGATTTTTTGAACGGCAGGGCGAATCCGTTTTGCTATGTCATGGCTTTGAGATTTCCGCTCATGTTTGGGCAGCAAGTTCACTTGGATGTCTGCGACATTTGAGCCTCTGCGCAAGTAGTAGTGGCGGACTAATCCGTTGAAGTTAAAGGGCGCCGCAGTCCCGATGTAAAGTTGATAGTCAGTGACTTCAGGGACAGTTGCCAAATAGTCACCAATTTCGCGAGCAACCCTTGCCGTCTCTTCTAAAGTTGTGCCTTCGTCCATGTCAATGATGATTTGGAACTCGCTTTTGTTGTCAAAGGGCAGCATTTTGACTGTGACCCACTTGAGCGGTAGGAACGCGATGGCAAAAAGCAAAAGGGCTACCGTTCCGAAAAGAAAGACGGAACGGATAACAGGACGATAGATCAAAGGGCGCATGACCTTGCGGTAGAACCTTGTGGTCCAACTTTCAGGGGCATGGTGAATTTCGCCCTCTCGCTTGATAAGTTTCAGAGTAGCCCAAGGCGTGACAATAAAGGCGACCAAAAGACTGAAAAGCATCGCTGCCGAAGCGCCGATGGGAATCGGTCGCATGTATGGACCCATTAAGCCCTTGACAAAAGCCATAGGCAAAACAGCCGCTATAACGGTGAAGGTCGCTAATATGGTCGGATTTCCGACCTCGTCAACCGCTTCAGCGACGATTTCCCTGAGGGGTCGTCCCCTGTTCTCAGGTAACCTCAGGTGCCTCGCTATGTTTTCCACGACGACGATGGCATCGTCAACCAAGATGCCGATGGAGAAGATGAGGGCAAATAAGGTCACGCGGTTTAAAGTGAAACCTGTCAACCTGAAGACCAAAAGCGTTAGCGCCAAAGTCACAGGTATCGCTATCAGGACAACCCCACTCTCCCTAATGCCCAAAGCAACGGCAATGAGCAGGGTAACGGAAATGACAGCCAAAGCCATGTGGAACAAAAGTTCGTTGTTCTTCTCAAGGGCTGTCTCACCATAGTTTCGCGTGACCGTCACATTGACATCCCTTGGGATTGTCTTCCCCTTCAGCAATTCAACCTTTTCTAAAACTTGATTTGCCACGACAATGGCGTTAGCACCCTTCCGCTTAGCGACGGTTATTGTGACGGCAGGGTAAAGTTCGCCGGGGCGAGGCGTGAAGTGAGAGACAAGTTCAAATTGGCTGTCTCCACGGTGTTCTCTCTTCCACCAACCTTTGCCCGCTGCGAAAAAGACATAGTCCGAGGGCTCTTCTGGTCCGTCGGAAACGGAAGCGATATCACCCAAGTAAACCGGTCGTCCGTTGAACACGCCGACGACAATTCTTTTTGCATCCTCAGCGTCCTCTATGAACTTGCCGACTTTGAGTCTAAACTCGTAATTGCTTTGAGCGAAATGACCTGCCAGCATTTCGCTGTTAGATTGGGTCAGCGCTTTGATGACCACCATTGGGTCTATGTGGTAGGCACTGAGTTTTTGAGGGTCTAACAGGACTTTAATTTGCCGCCTTAGTCCACCGATTATGGTGGTCTCGGAGACATTGTCAATGGTTTTGATTTCCCGTTCAACTTCAGATGCTATCCTCCTCAAACGGTAATGGTCGTAACCCTCACCCCAGAAGGTCAAAGCCAAAATGGGGACATCGTCTATACTTCTCGGCTTCACCAAAGGCATGGAGACACCGGGAGGAATTTTGTCAAGGTGCATGTAGAGTTTGCTGTAAGTTCGGATCACTGCTGTTTCTTCGTCCGTCCCGACAAAGTATCGGACGACAGCCATAGCCATTCCTTCGCTGGAGGTTGAGTAGATGTATTCAACGCCTGGAATCTCCCAGAGCAACTTCTCCATGGGTGTCGTGACCCGCTCTTCAACTTCTTTAGGGCTCATGCCGGGCGCTTGAACGAAGATGTCAATCATGGGCACCTTGATTTGAGGTTCTTCTTCCCTCGGCAAGGTCAAAACGGCAAACGCTCCCAGCATTATGCTGGCGAAAATAATGAGTGGCGTGAGTTTTGATTCACTGAAGTAGGCTGCAATTCTTCCAGAGAGACCCAACCTTTGCTGGCTCATGGACCGAACACCCCTCAGCAAGGTGAAAGGAGACTGTCAATGCTTGACGACGCGGACTTTGGTTCCGTCCCTCAATTTCCCTGTCCCATTGACGACAACGAGTTCACCTTCTTTTAAGCCGGTAAGCACTTCAACTAAGCCACCGGCTTTCCTGCCAGTGGTGACAATTCGCTTAAAGGCAGTGTCTTTCTCAACGACGAAGACCCCTTCCAAACTGCCTTCACGCCAAATGGCTCTCTCTGGGACAAAGAGACCTTTTGACTTTCCTGTTGAGAAAGTTGCCCGTCCGAATAAGCCAGCCATCAGACCTTTGACTTGAGGCAAGCGGATTTTAACGATGAAGGTCCTACTGGTTGGGTCAGCGCTTGGGACGATTTCGTAAATTCGCCCGTCAACGGTTTTGTTCAGAGCGTCAATGGCTACTGAGACCTTTTCGCCTAACCGAACCGATTTAATGTGGCTTTCGGGGACGGTTACATCCAAGCGGAAAGACGAAGGATCAATTACAGTGACGAGTGGCATACCAGGCGAGGCCATGTCACCTGGGTCAACATGGCGTTTGGCAACTATGCCTGAGAAGGGTGCTTTAATGGTGGCATACGAGAGTTGGACTTGAGCAGTTTCAAGGGCAGCATATGCTTGACGAAGTTGGGCTTGGAGGAGCCTGACTTGTTCGGCTTTAATGTCAACTTCCTTAGCGGCAGCGAGAGCCATTTTTAACCCTTCTCTTGCCTGCTTCACCCGTTCCTCTGCTTGCCTGATTTCCTGTTGGCGAGCACCTTCGTAGACGATTTCTCTTTGCTGTTCCGTTGCCCTC
CP130454.1_gap52	2040810	2041733	923	GACAAAGTGGCGAAAGTTCCGATTCCCGAACCTGCCGACATCGTCATCACCTCCAGCGCTGGCTATCCCCTTGACACAACCTTTTACCAAGCCATTAAAGGCTTAGTGGGCGTGTTGCCAATCCTCAAGCCCGGCAGCACGGTGATTTTGGCTGCGTCATTGAGCGAGGGATTGGGGCTGCCTCGCTTCCGCGAAATCTACTCCGAGTTCCAAACTTGGGACGAATTCAAGCGCCTCATTTTCTCGCCCGACTACTTCCGTGAAGACCAATGGATGGTGCAGGAGCAGATGAAAGTTGCCGAAGTGGCAGACATCTGGGTTTACAGTGACGGTGTGCCCTCAGAAGAACTTGAATTGGCGAAAGTTAAGCCGCTGACATCACTTCAGGAGGGCGTAGACCAAGCCCTAAAGAAGCACGGACCAAACGCGAAAATCGTTGTTGTCCCCGACGGTCCATATGTCATGCCCGCCCTCAGTGATAGACCAACAACCTCATAGCACATCGGTCAAGTTTTCGGGCATAATGGAAGGTGACGACCAGCAAAAGGAGGCGAACCTGAAATGAGGCGTGGGTTCACGCTAACAGAGATGCTGACCGTCATCGCCATAATGGCGATACTGATGGCGCTTCTGTTCCCTGTCTTCTCAACAGCCCGCGAGAAAGCCCGCCAAAACGCTTGCTTGACAAACCTAAAGCAAGTTGGGACAGCCTTAACGGCTTACGCCCAAGATTACGACGATGTGAATGTCCTGTCGCACGATTGTTTGCTTTCTTGGGGTTATGGGTCACCAGTCCTCTATGCCCATTTGCTTTTGCCTTACACCCGTTCAAGCATCGTTTACGCTTGCGGCTCGCACCCGCGAGTCCCGACTTTTCCCCAACCAACACCCCTACAAGTCAGTTACGCCATCAACGCCAACAA
CP130454.1_gap53	2054649	2056847	2198	CGTTCGCCCGTTGAACTCGTTGATGTTGACAAACGACAGTTGAGATTGCTCCACGACGGGACATTGCCTTACGACTACTTGGTCATCGCTACCGGCTCGTGTCCTGTCCCTGACGAAATTCCGGGGCTTGCAGATGGGGGCTATCACTTCTACACCGAGCCATCAGCCTTACGGTTGCGTGAGGCTCTTCACAACTTTCAAGGCGGACGCATAGTTGTCGGAATTGCGGGCTTCCCATACAAATGCCCGCCAGCGCCCATTGAGTTCACCTTTTTGCTTGACGATTGGCTCCGCCAAAGGAAATTGCGGGACAAAACCGAAATCGTTTTCGTGACACCGTTGCCTCAAGTCTTCTCCATCCCCACAGTCGTCCCGCTCATTGAGGAACTTTTCAACCGCAAAGGCATCAAGGTTGAGACTTTCTTCAACACCGAAAGCGTTGACCCAGAAAAGCGCAAGGTGATTTCGCTGGAAGGGACAGAACTGGACTACGATTTGCTCGTCTTGATTCCGCCGCATCGAGGTTCACCTGTCATTGACGCTTCGGGTATCGGCGATAAAGGTGGTTGGGTGCCAACGGACAAATTCACTTTGCAGGTCAAAGGGCACGAACGCTTGTTTGCCATCGGAGACGCTACCGATTTGCCCGTCAGCAAAAGCGGTGCAGCCGCTCACTTTGAAGCGCCTATCGTCGTCCACAACTTGCTTCAACTCATTGAAGGCAAAGAACCTGCCGCCCATTACGATGGAAGCGTCATGTGCTTTGTGGAAGCAGGTGATGGGAAAGCGACGGTGCTGCGCTTCAATTACGAACGACCACCACAGCCGCCAAAACCTTCAGTTTTGTGGCGATGGATGAAGGCTACGATGAACCGTTTCTACCCCATGGCAATTCCGAGGGGCATCGCCCTTGATGTGATGTTTGCGACATTGCAGGGGAAGTTCGCCCCATCGTCACCTTTCTGTGGCTCGGAGTTAATGGAGAAAATGAGGCAGAGCGATTTGAGGGATGCGTGATTCGTGAAGCGTGATTAGCGTTGAAGTTGATGGCGGCTTAATTGGCAAAAACCTGTCCCATAGCACGCAATCCAGTGCCGTGCCGTAACTGCTACACTTTTAGTGCGGTGGGAATTTGAGTGGGGAGGTTTGGGCAAAATGAAGTGGGCGGTTGTTGCTATACTTGTAGCGGCATTTTCTTTTTTGCGAGGTGACAGCGAAATGGCAGTGTGGACGGCAAAGTGGATTTGGATTGAAGGAGCACGGGGCAAGGGACATGGGGCAAGTGAAAACGGTTTGCTGCGCAACTTCTACCTTTGTGCCCGTAAAACTTTTGATGTCCCGAAAGACCTGCAGACAGCAACTCTCCGCATCACCGCCGATGCCCGATATGTGCTCTTTGTCAATGGGCAGCGTATCGGCAACGGACCAATTCGTGGTTGGCAACATTTGTGGTTCTATGACACCTACGACCTCACACCTTACCTTCACCCAGGCGAACGAAACGCCATCGGAGTGCTTGTCATTCAACCGGGCGAAACGAACTTCCAATACCCGCTGGGTCGTGGTGGTTTGTTGGCGCAATTGGACATGACGACAAAACGGGGTCGCAAGATAACTGTAGCCACCGACCGAACTTGGCGAGTTATGCCTCACCCAGCATACGACCGAAGGACTCCGAGAATTTCGTGCCAGCAAGGATTCGTGGAACACTATGATGGGACGCGGGACGAGGGACGCGGGACGGGTGATTGGGCGAAAGCGGATTTTGACGACAGCAAGTGGCAAAGGGCAGTTGAGTTGGGCAAAGTCGGGATTGCGCCATGGAAGAAACTGGTGCCGCGCAACATACCGTTTTTGACGATGGAGCCAGTTTACCTGACCCGCATTTTGCGCGTCCGAACGGTTGAGCCACCAGAAATTGTCCACAGCATTGATTTGCGACCAAACCTCATCCCCGGCGATAGGCTATCAAACCCACATGGCTTGACGGGATTAGCCTTGACAATTGCGCGAGTAAAAAGGGCAACAGAAGTTCGGGTTCGGGCAGTGGGCGGTATTGGCTTTGGTGCACGAAGGGCTCGCGTTAATGGCGAAGATGCTGTCTTTGACGAGCAAGGGGCAATTTTGAAGTTGCGTAAAGGCGATAATCTCGTGGTTTTTGATGTCACCCGTGATTGGTATCACGATTGGTGGTTCAC
CP130454.1_gap54	2094985	2097543	2558	TTGCAGTGCTTGTTGGGCTTTTCGGAAAGCCTCAAAGTCTTCCTTCGTTGCCAACCGATAGTTGCGTCCTTGCCCTTTGCCTCGTGTGGTCACCACTGCCACGAGCCGATGTCCCATTCGTCCCGCCTGCGCTTCGGCTTTGACATACTTGTCCTTGACACTCGTTCCGCAAACCAAACAGACGGCGTTGCCTTTGCTGACAGTGCCTTTTGATGGGTCAAAGTCAATGTCGTTGCCGTGCACGATAGCGAAGTCCACCCGATTCGCCTCACGATTGGGGATGGGTTTGAGCGCTACCTTTTTGTTGTCCTTGCGGGCAAGCCAGAATTGCCTAAAGAGGGGGATTTCGGCACCGCAAGATGGGTTTGGGCATTTGATAGTTCGGCTCCAGATGTAGGCGATGGGGGTTTCGCTGCTGACGGCGGGATAGAACTCAGCGAGTTCCTCTCGTGCTTTCTCCAGCACCCATTCGCCCCAACGCTTCACTTCGTTGACGATTTTCTGCCCAAACCGTTGTGGGAACTCAATGGTCGCCTTCAAGATGATGTAGGCGACGGGGTTGTATTCAAGGGCGTAGGCTTTACAGCCTAAGCGCAAGGCTTCAAGGGGAATACTCCCGCCACCTGCAAAGGAGTCCAAGACTTTCGGAGGTTGGTCACCGAACCGCTTGCGAATTAAGTTTCGTGCCTGCTCAAGCAGGTAGCGACCTGCGGGGTCGCCGTCATGCACTTCCCATTTGCACAAGTTGGCGATAAATCGTTCGTCCACATCATCGTCTTCGGTAAGGAGTGCGCCTAAAACGGCAGCCCGAGCCACAACGAGGGGGCGTCGTGCCCACCAGACATGCAAGGTTGAGATATGTCCGTGACGGATGGCTTTTTCCCGCCGTGCCTCTTCCGACAGCGCCTTAATGGGCAGCGCCCTTTCAATGAGGAACCGTTGCGCCATTCCACCAACCTCCTTGCCCAAAACGAACACTGAAGCCTTGCCATCCCATTGCCTTAATGTCCTTAGCACTCTTCCTTCCGCCTAATTCCGTCCAATCACGCTCAATCGCGGAAAAATCGCACATCGTCGCAAATATATGCACGCGTCGTTACCGCATAACGACGCGTGTTTATTTTTACGCTCTCAGTTGATACCAAGTGCCTTTCTTTCGTCCGTGTTGGACAAGTTTGCCGCTTCTCACCAAGCGTTGCAAAAGTCGGTAGGCTTGAGGTGGAGAGAGATGGCATAATTCTGCTGCTTCGGCGCGGGTGATGCGCCCGTATTTTTGCACATACTGGAGCACCATCTGCTCTTGCTGCAGTGGTTCAAATCCTCGTCGGCGGACATATGCTGATGGAACTCCCAGTCGGCGGTAGGTGGCAGCCGAAAGGTGATAAGTTCGCCCTTTTCGTTCTCCTCGTCCTTCTACCAGCCCTGCTTCCACCAGCCTCTCCAACACAGCTCGGGCATCAGGTTCTGGCTTTTGGATAAGGTGGGACGCTTGAGCCACTGTCAGGCTCCGCTCTTGCCAAAGGGCGTTGAGAAGGAGCAGTTCGTCTAACCTCAATGCTCGTCCAGCCCGATTTTCCTCCACCACTAAGCGAACGAATTCAAGGTTTGCCTTCCCACCTGGGAGCACCAAGACGACATCCGTTGCAGTGCTCCTTTCGTAGGAAGGGGCAGGTCGCCCGTTGCGGAGTTGTTCGGTGAAAATGATGTCAATGCCCCGACCAGTGCGTTCCACTATGCCTGCCCTTTTGAAAGCGTCTGCTAAGAGGGGATTGCGAGGGCGGGGCGGAGTGACAAGGATGTTGCCCAAATGCACCCCTTCAGGGAAGCCACCTGGGTTGGAGATTTCAATGCGGTCATCGTGCCATTGGATGTGAACAGCACCCAAGCGGGTGTAGTCGCGATGGATGAGGGCGTTGGCGACGGCTTCACGGAATGCCCGTTCGGAATATTCGGGCACGCCCACCCGCAGCAGTCCCACCATGACTTCCTCTTCACGATAGCGGGCACGAAAGCGTTGAAGCACCTCTTCCATGACTCTCAGCAAGGGGTAGCGGAAAAACTCGTTCACTTCCACCCGTTGGCCTTGAAGCACTTGAAAGGCAACTTCGTGGGTTGGCAGGAAACGGCGAAGTGACGCTTCCTTGCCGAACAGCAACAAACCTAACACTCGGATGCGAGTGACAGCGTGGTTGGCTTCCACAGCGCCTAAGGCTTTTGCCAGTTCTTGGTCAGAGAGTTCAAGAAGTGTCTCATCGCCTTGTCCTCTGCTCTCCCGAACGAACCGACGGAAGCGCTCAAACTCTAAGGGGTCTAAATCGTCCCAAGTTGCGCCTTCCACGACGACAGCAGAATAATCCAAAAGCCCTCTTGTTGCCTGCAGGGATTGAATGTCGTGGAAATGCATTGGGAGACATTCGGGCTTACCTCTCCCGCCGATGGCTCGCCTTAGGTAGACGCCATCTGTAGTGCCGACAGGGGTGCGAACGGGCGGGACTTCAATGGCAACGATTTCCACACCTTCTGGTTGCATTGGCACGACATGCACTTGAACTGAAAGG
CP130454.1_gap55	2106891	2110600	3709	ATGGGTCGCGACAATCTGTTCTGCAGTTGGGACGGAAACAGCGAGGGTCACTTGCAACGCTGGTCTCATCAACCGCTGAAATTGCTGCAGCGACTTTTTGTCCGTCGGTCGCATGCCTTCAATCACCGAGTTCGCTTGCCCTTTCAGCCATTCAACCAATGCATCCCAAGTGACGGCGTTATGCGGTTTAGGCAAGTCATCTCCCCAAACGCGGAATCTCTGTGCCTCAGGCAGTTGCATTGTAGGTTCTTTAACGGGTTCGCTCAAAGGTTTCCCGTCATTTTTCAACCACCGAACTGCCCACGAGTAGTAGGCTTCGCGGGAACTTTGGGCGAAATCGTGACCTTCGGAAAAGTGAGCGTTAGCGCATCGGTCTTCAGCGCCCAGCAAGCGATAGATGCTCTGGACGAAGGGGAACTCGTAACGAGGCGTTTCTTTCGTCCAATCGCCATCGTCTGAGATCAGGAGCAGAGGTTTTGGTGCAAAAAGTGCGACGATTTCCGGGTTGCAGGTGTCAATTCGCAAAAGAGGTGGGTTTTCGCAAATGCATCCGCCTTGCATGTGCGCTGAGACCATTTTCGTTGGGACAGCGAGGGCAAGTCGGTCTTCAACGGCTGCGAGCAGAAAGGTTTGAGTGCCGCCGCCGGAAGAGCCGCAACAACCGATCCGCTTTTTGTCAACTTCGGGTAGACTCAACAAAAAGTCAAGGGCTCTGATGCTGTTCCAAGTTTGGATGCCGCCTTTGCTGATTGCCCACAAATGTTCCTGCGGTGTTTCGGGTGCCCTGTGGACGACTTGAAATTGGTCACCGTAGCCGACCATGTCGTAAGCGAAGACGACGAAACCCAACTTAGCCATTGCCATCGCCCTAATTCGTTCCCGCTCGTATAGCCGACCTTCAGGTTGAGGGACATGACCGTGAGGGTGCAAAACTGCTGGGAATGGGGGCTTCCCCTTTTTGGGGCAATAAAGGTTGCCAGTCAAGTAAAAGTTCGGCAAAGTTTCCAAAACGACCCGCTCAACCACGACATCTTCGTCCTCGTAGCAAACGATTCGGCGAGGGTTGAGGGGAGGTTTGGGAATTTGCGGAAACAAACCGCAAGCGATTTGGACTTGAAGGCGAAGGAGTTTCGCCCGCTGAAGCCATTCGTCAGCACTTTTGTAAGTTGGCAAATCGTAGCGCAAGTTGAGGTGACGGACATTGCTGAGCCTCGCATCTTGCTCGTTCAAACTCGCTCCAGCCATCGCCATCACTCCCAGCAGTAATCCCAACCACATCGCTTATCACCTGCTCAGGCAAAATTTGCCATTCCCCAAGTCTAACGCGCCTCTCACTTCCTTGCAGGCTAAACTCTATCTGTGGTGATGGGAGATGTTCACAGGCATCATAGAGGAAGTCGGAGAGATCGCTCAAACCCAGCGACGGGGCATGGCTGTCTTCTTCGGCATAAGGGCATCGTTTGCGAAGGAGTTGAGGGAAGGGGATAGCGTTTGCGTTAACGGCGCTTGCTTGACAGTCGTGGCTGTTCAGCCACCGCTTTTTTGGGTTGAAGCCGTAGAGGAAACTCTGGCTCGCACTAATCTCGGTTTTTTGAAACCAGGCGACAAGGTGAACTTGGAGCGAGCCCTTTCAGTTACAGGTAGGTTTGGCGGTCATTTCGTCCAAGGTCATGTTGACGGCACAGGCGTCATCGCTCAAATCGTCCCGCGACTTAGGTCAAAAGTCATGCAAATCCACACACCGAAGGAACTGATGCAATACATCGTCCCCAAAGGCTCAATTGCCGTTGACGGTGTCAGCCTCACCGTCGTTGATGTCGGGGCTGATTGGTTCACGGTCTCCCTCATTCCTTTCACCCTTGAGCACACGACTTTGGGGCTTCGCAAGGTAGGTGATGTCGTTAACTTGGAGGTTGACATTCTCGCCAAATATGTCAGGCATATGCTCCAAGCCTTTGAAGGGCAAAAAAGTCCGGACGAAAGGTTGAGGCAATTGCTGACAGAACTGTGAGGTGTAGGTGGTTTCAGAACACTCTCCAGTCAGGCGGAACACAGGTCATTTGGCGGGTCGTTCAAGGATGATTGTGAAACTTTCGCCGCTGCTTAGCAAATCCTTGTCGCTCAAGAGAGCCGAAATTGTCCGCTCCCAAACTCGCTTCGGTCGTTTGACCCAAGGGAAGTCGTCAATTCTCATCACGACGAAAGCCCGTTCGTAGCCGAAGGAATGAAGGCGAGACAAGATTCGCTCAACTTCACCGGGTTGCAAGTAAGTCGGATGAATTTCAGCGATGATTGTCGGTTTGTCCCGCTTCAAAGTTCCCTCGGCTCCTTGAAGGGCTTTGGCTTCCCAACCTTCAATGTCCATACGGATGATGTCAATGGAGCGTTCAAGTTGGTGGGCAAGAGCGTCAACGGTGGTCGTTGACACTGTGATTGACTGCCCGCTACTCCATTCAGTTAGCAACAGGGAGTGCCAGTTGGAGCCTTGTGAGACAAACATTTGAGCAGTTCCAATCTCATCGCTGATGGCGACAGGCACGACTTTGACATTGCTGACCCTGTTGAGCCTCAAGTTCAGTTCAAGCAAATGGACATTTTCGGGGTGAGGCTCAACAGCGATGACCATTCCCGTCGGACCGACCAACTGCGAGAACAGGAGGGTGTAATATCCAATGTTTGCGCCAATGTCCAAGACAGTATCGCCGAGGCGGACAAAGCCGGGCAAAAGTTTCGTGACCGTTGGTTCGTGGATGCGGTAGAAGGCTAACTCTCGCCCGATGCCTGCATCGGTGCTGCTGACGAGCATTGTGAAGCCGTTGACATTTGAGACCATCACATAGTCGCAGCCTTCAATTTGAACCCACTCCAACTCCTCGCGCCACTTAATCGGTGGTTGGCGTAGTTTGAGCCAAAAAACTTCAAGCAACTTGCGAAGACCACCGTTGCGAAAAACTTTAGCCGCTGTCTTCACCTTGCGCCGAAGGAGAGGGAAGAAAGCGCTTGGGCTGGCAAGCCATTGAACGCTCAACATTCTCTTTCACCGCCTTTCTTCACGGGCTCAAATTGCTGCATCTTTAGACGCATGGGGCAATCTTTAGGTGAACCAAGCAAAGGTTTGTCGCTGTCAAAAAGTCGTTCTGACTGCTACAATTTCCTTTTGCCGAAGCAACCCACTTCCCACCTACAGTCAACGGAGGCGAAAGTTATGGCGAAACTTCTGGCGGAGTTGAATTTGCCTCAGGATTTGAAGCGGTTAGGTCCGGAGGAACGAAGGCAACTGGCTCAAGAAATTCGCGAGACCATCGTCAACACCGTTTGCAAAAACACGGGGCACCTTGCTTCAGGGCTCGGTTCAGTGGAAATTTTCATTGCCGTCCACACCGTCTTTGACAGCCCACGCGATAAGATTGTGCTTGACACAGGGCATCAAGGTTACCCGCACAAGTTGCTGACAGGTCGCTACCATCGTTTCCACACCCTCAGACAACTTGGTGGGATTTCAGGCTTTCCGAAGCGGGACGAAAGCGAACACGATTGTTGGGGCGTTGGGCATGGAGGCACTGGTCTTTCGGCGGCGATGGGTTTTGCGATGGCTCGCAAACATTGGCTCAACTGTGGTGTCCCTGCTGATGACCCCCGTGTTAACTATCGTGTCGTTTGTGTCATTGGCGATGCAGCGTTGGAGGAAGGAATGGCTTGGGAGGCACTT
CP130454.1_gap56	2166604	2170990	4386	TTAGCGGAGATCACTTCTTCCACGATCTGTCTCAACGCTTCCTCATCGGTAATTTGCACCAACCCTCGTTCCTCCACGATTTGACGAGCGGACTTGCCGGTCGCGAACATCTCTTTGAGGACCTCTTTAGCGATGCGGACGCTAATTGTGCCGTTTTTCATCAACGCAACCATTTCGCCCAAATGCTCCGGTCGGACAGGACATTCATCCCAACTCTTTCCCGCATCGTTGAGTAGCCCTTGCAAGTCGCTCAGCATCCAGTTCGCAACGGCTTTAGGGTCACCGCAAATTTTCGTCGCAGTTTCAAAGTAGTCTGCTGTTACCGGCGTTGCTGTCAGTAACCGCGCTTCGTGCTCGCTCAGTTCGTATTCTCGCATGAACCTGTTAAACCTTTGCCTCGGCAACTCCGGCATCTCCGATTTCAACCGGTTGAGCCATTCATCACTGACGACGATGGGAACTAAATCGGGCTCAGGGAAGTAGCGATAATCGTGAGCGGTTTCTTTTGTCCTCATCGGCTCGGTGATTTTCAGCACTTCGTTCCATAGCATCGTTTGTTGTTGGACTTTACCCCCGCTTTTGAGAATTTCCATTTGCCTTCTGATCTCCGCTTCAACTGCCCCCAGCACTGCCCGAAAACTGTTCAGGTTTTTGATTTCAACCCTTGTGCCCAACCGTTCACTCCCTTTCGGTCGCAAGGAGACAGACGCTTCAAACCTCAACTGCCCTTTCTCCATTCGGCACTCGGAAACGCCCAAGTAAAGCAGCAATTGCCGCAGTGAGACCATGAAGGCTTCAAGTTCCTCAAGGGAGTTCATGTCGGGGTAGGTGACAATCTCGCACAAAGGAACTCCGCTTCGGTTAAAGTCAATGAGGCTCGCTGTCGGGTCTCCCGCTTCCTCTCCGTGAATGGACTTAGCCGTGTCCTCTTCAAGGTGGACATCAGCGATGCGAACCTTTTTTGTCCTTCCGTTCACATCAATCTCCAGCCAACCGTCGTAGCCGATGGGCAAATACTTTTGGCTGATTTGATACCCCTTCGGCAAGTCGGGGTAGTAGTAGTTTTTTCGGTCAAACTGGGTGACCCTGTTTATCTTGCAGTTGAGAGCCAATGCGACTTTCAAAACTGCCTCAACGGCTTTTTCGTTCACGACGGGCAAAACGCCGGGAAAACCCAAACAAACAGGGCAAGTTACCGTGTTTGGCGGTGCGCCGTAAGTGATTGGGCAAGAGCAAAAAAGTTTGGAACGCAGAGTGGACAATTCCACATGAATCTCACAGCCAATATCAACGATGAAGTCCGACACCTCTCTTCACCTCTCCGTAGGAAGGGATAGGCGCGTTTCAAGGGATGTCGTTCTCGCTTGCGAATTCCCCTCGCTTTTCACAACGCCAATTATAACTTTGCCACACCGTCACTTTCTACATCCCGCTTCTGGTGCAACCGCGCCCTGAAGGTTGTGTCAACTTCCGAGCAACCTTTGCGACTAAAAATTTTGCTGGGGGTGAGAGCGATGGATTGGCAGGCAAGGTTGACAAAAATTTGTTCCGACCGAAAAAGCGGTGCTGCGGTTTTGACCAGAAAGGCAGTGAGGTTGCTGGCTCAAATGGTTCGTCAAGGGGTGAAACCAACCAAGTTAGTTGAAGCGGCTCAAAAGATTGCAGATGCTCACCCCGCGATGGCACCGCTTTGGCATCTATCTCAACTGACCAGCGAGTTCGCCCAACAACCCCCAAAACTGTTGCCATCGCTCAAACAGTTCCTCGCCGATTTGGAAACTCACACCGAAGCCGCGATCTCTCACGCTGCCGAGTGGCTTCCGGAAGGCAGAATTCTCACCCACTCCTTCAGTTCCCTCGTTTTCCGCGCTTTTGTCCAAGCCAACCGAAAAGGCAAAAAGTTGGAAGTCATTTGCACCGTTTCCCTTCCGGACGGCGAAGGCATCGCTTTGGCGAAGTCACTGGCAAAATCCAAGGTGCCGGTCATGCTCGTCCCTGATCTTCAAGCCTTTTCGTGGTTAATGCGTTGCAAAGTTTTTCTCGTCGGCGCTGACGCTTGGTGCGAAGACGGTTTGGTGCATAAGGTCGGGACAAAACATTTGGCTGTCGTTGCAAATCAAGCAGGCGTGCCGGTTTGGAGCGTTGGGACTTCGGAGAAGCGATTGCCTTTGGGCTGGGACGAGCGAATGAAGGGAGATGCACCGCCCATCTCCCGTCTGCCAATCGCTCAAGACCGAACCCTTTACGACCTGACTGAATGGTCGCTCGTGACTGGTGTCATTGATGAAAACGGGGTCCATTGCTTGGGGGATGGGGGCGTTTAGGGCTCAGCGTTTTGAACCTTAACGATGTCAACTGCACAGGTTTAAATCGCTGCACTGTGTTTTGGGGATGCAACTTTAGGTCAGGAAAGGTGAGGCGAAAATGGTGCGGAGGTTTGACGCCATTGTGATTGGCGCAGGGCACAATGGATTGGTGGCAGCAGCATATCTGGCAAAAGCAGGTTTGAAAGTTTGCGTTTTGGAGCGACGCTCGGTCATCGGCGGTTGTTGCGTGACTGAGAACCTTTGGGGCGGATACAAGGTCTCAACGGCGGCTTATGTTTGCGGTTTGCTTCACCCCAAAATTGTCAACGATTTGCAGTTGCACCGTCACGGTTTTGAGATTTTGAGGCGAGACCCGTCTTCGTTCACCCCTTTGCCCGACGGCGGTTACCTGCTTCTCGGCAGCGACGAGAAATTCAACGCCGAGCAAATCGCTAAGTTCTCCCGAAAAGACGCTGAAGCCTTTGCTCGCTACGAAGCGGCGATGGACAAGTTAGCGGCTTTCTTTGAACCTTTGCTCGTTCAAGTTCCGCCCCGCTTCCCAGAATTCTCGCTCTCGGACTTACCTGCTTATTGGCGCTTGCTGACAAGTTTCATGCGATTGCCAACCTCAGAACGGCTTTTGTTCTCACAATTGTTGACTGCAAGCGCATGGGATGTGCTCAGCGAGTGGTTTGAAAGCGAGCCCTTGAAAATCACTTTAGCAACGGACGGGGTCATTGGGACCGCATTGCCACCGACTGCGCCGACAACAGCGCTCGTGCTCTTTCACCATGTCATGGGAAGCATCACCGGCAAACGAGGAGTTTGGGGATATGTTCGTGGCGGGATGGGAGCGTTGAGCGAAGCAATTGCCAATGTCGCCCGACAAAACGGAGCAACAATTTTGACTGATGCTGAAGTGCAGCAAATCCTTGTTCGCAACGATGCCGTCGTGGGAGTAGTTTTGGCTGATGGCACGGAGATTGAGGGGCGTGTTGTCCTTTCCAATGCCGACCCGAAGCGAACTTTCCTGCAGTTACTGCCTGCCAATGTTTTGCCTGAGGAATTCGTTCGCAAAATCCAATACATCAGGATGAGTGCCGCTTCCTTCAAGGTCAACCTCATCGCTGACGGTTTGCCCGAATTTCGGTGCGTTGGAACAAAAGACGAGCGAGTCCACTTGCGCGGGACTATTCATCTTTGCCCATCTTTGGAGTTCATGGAACGGGCATATGCCGACTACGCTCGCAATGAACCTTCGGAGCGACCGATGGTGGAGATGTGTATCCCGACGGTTTTGGACGAAACTTTATCTCCTAACGGCAAACACATCGTCTCGCTTTTCGTCCAATACGCACCGTATGAACCTGTCGGAGGTTGGGAGCGATGGAAAGACGAATTTGTCAAGCGCATTTTGGCGGTCGTAGACGAATTCGCACCGGGATTTTCCTCTCGTGTGGTGCATTTGCAAGCGATGTCACCGCAGGATTTTGAGGCTGAATTTGCTCTAACCGGTGGCAACATCTTCCACGGTGACATGACCCCTGACCAAATCTTCTCTTTCCGACCCGTGGCAGGTTGGGCTCAATACCGAACACCCTTGCGCGGTCTATATCTCTGCGGTGCGGGAACTCACCCAGGCGGAGGAGTTATCGGCGCAGCAGGTCACAACGCAGCGATGGTAGTGTTGAGTGATTTCAAGCACTCCCGCTCATAACCCCGCCCACTTCACCCAAACGAGGACTGTGAGGAAAGCCAAGACAGCGATGCAAACAATTGAGGCGTGCCATGCCCATCGTTGCGGGACAAAGCGGAAGAACCCGACCGCAAACAGATAAGCCATCGCTGAGTGGGCAGGGTAAAAGTATCGTGCTTGAGCCTGAAAGAAGTGGCGGTTGAATTGAACGAACTCAAGGAAGACAAGCAACAGGACGAGAAAGGGCAAAGCATAGGCGAAAGCAAGGCTGAACCTTCGTTCCTTCAGTGCTTTGATGCACGAACGGCACGAAACGACGCAACCTACACCGATAGCGGCAGCAACGATGATGCCAATGAATGTCGCTGCGAGAACCCAACCCCA
CP130454.1_gap57	2196123	2200291	4168	CAAGCGAGATGAACGCAAGGAAGTTTCGCGAAGAGATTTTTTGAAGGTTGCGGCGGGCGCTTTGGCGTTAGGTGCAGCAAGTGGCTTTAAGTCCAGCCGCGCTTATGCATTGGCAGGAAGCCAACGGGTCATCGGTGCCAATGAACGCATCAACATCGGTGTCATCGGGTGCGGTGGGATGGGACATGCCCACATCGGAACCCTTGTCCGAGCCATTCAAAAGGGAGAAGAGAACGCCGAAATTGTCGCTGTATGCGACATCTATGAACCACGCAAAGAGAGCGCACGAAGACTTGCTGAACGCCAATGGGAAGGCAAGAGCCAAGCAGGCAAGGTTGAGGTCTACCACGATTACCGTAAACTGCTGGAACGCAAAGATGTTGATGTCGTCTGGATTGTCACGCCCGAACACTGGCACGCTAAGATGACGATTGACGCGTTGGAAGCGGGCAAAGACATCTACCTTGAAAAGCCTATGACCCGCTATGTTGACGAGGCGAAGAAGGTCTATGAGACGGCAATGCGGACGAAGCGAGTCATTCAAGTCGGTTCGCAGTGGACTTCCGAACCTAAGTGGAGGCAGGCAGCAGAGTTGATTCAGCAAGGCAAAATCGGGAAAATCGTTTGGTCGCAAGCAAGTTACTGCCGCAACTCCCGCGAGGGCGAATGGAACTACGGCATTGACCCCAACGCTAAGCCTGGCGTCAATTTGGATTGGGATGCCTTCCTCGGACCAGCACCCAAGCGCCCTTGGGACCCTGAGCGTTTCTTCAGGTGGCGCAAGTTCTGGGACTATTCTGGTGGCATCGCAACCGACTTGTTCCCGCATGTCTTGCACGCACTCTTTTTGGCAATTGGCGCTGAATTCCCAACTCGCGTCGTTGCGACGGGCGGCATCTTTGTCCACTACGACCGCGAAGTTCCCGACACCTTCCACATGATGGCTGAGTTCCCCAGCGGGCATGTAGTCGTGGTGGTTGGTTCAACGGCGAACGAACGAGGTCTTGAGACAATCGTTCACGGGCACAAGGCGAACATGTTCTTGGGCGGCACCGAAATCGTGGTGCAACCTGAGCGAGTTTACGCTGACGAAGTTGAACCTTTGCGAGTTCCCGCTCAACCTGTCCCTGATGTCCTTCGCGCCCATCACCGCAACTTCTTTGAGTGTGTGCGCGACCGAACCAAGACGCCCAACTGCCCCATTGACCTCGCTTACAAAGTCATGGTCACCGTTGGCTTGGCTGAACTGTCCTATCGCGAGGGCAAGATGAAAATCTTTGACCCGCAGAAGCAGGAAGTTATTGCGTGACGGCGACAAAGGCGGGGGCGCACAACGATGCGTCTCCGCTTTTTACTTTGGGGCGTGGTCAACGATGAGTCGGTTGACGACAGACATGCAAGACGAAGACAGCCGACCTTATTTCCTCTGGGATGATCCCTTGACCATCCGCCAACTGCGAGAAATTTTGCGGTCGGGCGATGAGCAGGAACGGTTGACTTACATGGCGAAAATTCTCCGTGAAGCCCGTTACGAAGATGTCTGGGAGTTTTTGAGCGTGGACGACTTGGTGCGCTACTGGGAACAACTGGCACCTCGCCTCGGTCGCCGCCGCGCCTTCTGGGAATTCCTGTTGCGCAAGTGGAGGGAGTTAGGGCTTGTTCGGTAAATTACTGACGAATTTGCAGCGAGATTTCTTGTTGGGCTTTTTTCGCCAGACACAGGCGTTTTTCCTAACTGGCGGGACGGCACTCGCCGCCTTTTACCTGTTCCATCGCCGTTCGGAAGACTTAGACTTGTTCACCTTGAAGGAGCAAGAGATGGGAGCCGTTCCCCACCTTGTTGCCCATGTCGCCGAAAGCATTGGGGCAAGCCACACTTCGTTGGTCGTTGCTCCCCATTTTCGGCGCTATCTACTTCAGCGAGGCAATGAAAGCACGGTTGCGGATTTCGTCTATGAAATTGCCCCTCAAATTGTCCCGGAGAAACCGCGCTTCGGTGACTTCCTCGTTGACAGCCTTGAGGACATTGCTGCTAACAAAATTTGCACCTTGCTGGGACGCGGCGAGATAAAGGACTTCCTTGACCTTTACTTCCTGCATCAACACGGTGTGGACATCAAGCAAGCGATAGAATGGGCACGGCGAAAGGATGCAGGTGTCTCGCCCGCGACGCTGGCGTTTGTGCTCAGTGAGGTGACCTTCCATCGCATCCCTGACTATGTGTTGAAGCCCGTGACCGTTGAAGCCCTAACGGAATTTTTCGCTCGCTTGCAAGAGGAGTTGGTGCGTGAAATTTTTCCGAGGCGATAAGGATGGCAGTGGTTTTGCTGGCGACTTATGCAATGCGGACACGGTTTGAGTTGGTTTTGGTCGGCTACGACGAAACTTTCCTGCGGGCAGCAGGCGAAGAAGCCTTGCGAGAAATCACCGATCTGGAAAGGTTGCTTTCCCGCTTCCGCAACGACAGCGACATTGGGCGAATCAATAGCCTCGCCGCCTTCCAGCCTGTCCGCGTAGATGCCCGCACTTTTCGGTTGCTGCAGCAAGCGTTGTTCCTTTCCCACGCAACAGGGGGCGCTTTTGACATCACTCTGGGGACTTGGCGACGATTGGGAAAAGCGAAATCGGTCGCCGATGCCGTCTTGTTGGACGAAGTGACAATGACAGTGCAATTGGCAGATGAAGGCGTGCAGTTGGACTTGGGAGGCATTGGCAAAGGTTATGCACTGGAGAGGGCTGCACAAATTCTGAAGGACGCAGGCGTTGAAAGTGCTTTTTTGCACGGCGGAACAAGCAGCGTTTTCGCTTTCGGTAGCAACGCTGACGGCGAAAGTTGGAAAGTTGCGATTGTTCATCCCATTAGCGGTCAAGCACTTGCCACTATCCCGTTGGATGGCTGCGGGCTGTCAGTCTCTGAAAGCACCCCCGTTGAAGGTCGCAGGACCGTTGACCCGTTGACAGGTGAAACTGTCCAGCGAAATTTGCTTGCAGCCGTTGTCCTTCCTTCACCTACCGATGCTGAAGCATGGTCAACGGCGCTTCTGGTTTTGGGCGAAGAAGGTTTGCCACTTTTTGAGCGACACAATCCCAACGGTTGGGCACTTTTGGTCGGCAATGAAGGCAAGATTTGGCAAGTCGGGAAGCATGAAAGGTAGCGTTGCCCTTTTGACCTGCCAAGAAGGTGGGAGGTGAGAGCGATGTTGAGATTGGCGTTGGCGCTTTTGGTTTGCAGTTTCGCAATGGCTCAAACGAACCTCGTTCCTAACGGCGATTTTGAGCGGGACGAAAACGGTGATGGTGTCCCTGACTTCTGGACGACCGCTGGTGCTCCCCATGTCAAGCAGCAACTCGTTCGCGATGTCGGTCGGGACGGCAAAGGCTTTTCGGGCAAGTTGGTTTGCAGCGAGTTCGGCAACGGCACGCCAGCAAGTCACGCAATGATTTGTCAAGGCAGGACAATCGGAGTCCAACGAGGTCGTTGGTATCGGCTGAGTTTTGGGGCGAAAGGGGAAGGCATCAAAACAGGGATTGTCGGCGTCGCTCTCGTTAACACTCGCATTTGGAACGATGTTGGGCTGCGGGATTTTTTCACACCGACAATCCAATGGCAGCGCCACGAGTTTTTCTTCCAAGCCACAAGCGACCTGCCAGCAAAAGAGAGCCGATTGCAAATTTGGTTCACCAGCACGGGAACTCTCTGGCTTGACGATGTTGAGTTAGTTGAGATGCCCGACTTTAAACCGAGACGGCTCCCACAAATTCCAACCGATGGCGTCGTCAACTTCTTGCCCAACAGCAGTTTTGAGTGCGGGACGGCAGGATGGGGAAGTTACGCACCAGACTTGCGTTGGTGGATGGGTAATGTCTTTCAACTGGTTGGCAAACTGGACGACAAAACTTCTGTTCACGGCAAGTTCAGTTTGAAGGTCTCACTGAGTGAACCTAACCTGCCGACCTTCTACTTTGACTGGTTTGACCCAGTCCGTCAACCCGTCCGTTCGCTCATTACAGCCCATCACGGCTGGATTGCTGTCAATCGCGGTCAACCTTACACATTTTCCGCCTTCATGAAATCCGACCGACCGAATGTCGTTGGCGTCCTTTTCGTCCGCCAATCCGATGGGCGAAGCCTGAGCAGAAACTTTACCTTGACAACCGATTGGCATCG
CP130454.1_gap58	2223443	2227699	4256	CGATCATCAGCAGGGTCGTCAGCAAGTCCATTGAAATCGCCCAGAAGCGCGTTGAAGGGCACAACTTTGAAATCCGGCGACATGTCTTGCAATATGACGATGTCCTCAATATCCAGCGCGAAATTGTTTACGCCACCCGTCGCAAGATTCTGGAAGGCGTTGACATGAGGGCAAACATTCTGGACTTCGCCCGAAAGACCATAGAAAACTACGCCGAAATTTACTTGCCCGACACTCTCCCACCAGACCAATGGGACTACGAAGGCTTGCTTAACACTCTTAACCCATTCCTGCCCGTCGGCTTTTTCTTCCGTCCCGAAGATTTGCAGGGCTTACCAAAGCACGAAATCGTTGAAAGGCTTTACAACGCTTGCGTGAACTACTACGAGGAGAAGGAAGAACGGCTTGGCGAGGAATGGATGAGGGAATGGGAGCGGCGGGTTTTGCTCTGGGTCATTGACCAAAAGTGGATGGAGCAACTCGCGGACATGGACTACTTGCGTGAACACATTCACCTGCGAGCCTACGCCCAACAAGACCCGTTGGTTGAATACAGGCGAGAGGCTTACGAGATGTTCCAAGCGATGCTTCAGAGGGTTCGGGAAGAAACTTTGAGGTGGGTGTTCTACGCTGAACCTTTCGTTGAGGAAACGGCAGCAACTCAACAAGTGCGCGTGCATGTGGTCAGCGAAGTCAGTGGTGGTGACGGCGGCGATAGCGGAGGTGGAACCGCTACGAGGACGAGAAGGGCAACGAAACAAAAACCCGTCAAAACAGCGCGGAAAGTCGGTCCAAATGACCCCTGCCCTTGTGGGAGTGGCAAGAAATACAAAAAGTGCTGCATGCTCAAGGAAAGGCAATGACGAAAAAGGCGCGGTCCGGAGGTTGAAGCGGGATGGAAGTCGTTCCTTTTGAGCCTCAAATGGCGGAGCAGGTCATTGGGTTGTGGAACCGCTGCATTGGCACCCACTACCCCTTGACCGAACGGTTGTTTCGGCAGAATGTCTTGGGTGACCCTTTCCTGCAGCGGGAGGGCAATTTGGTGGCATTGGAAGGCAAAAGGGTTATCGGATGGGTGTTGTCCCGTTACCTCGCTGAAGTCCCGTCCGAATTGGCTTCTTACAAAGGTCACGCTTCCATCGGTGCTCTGTGCGTTGACCCAGAATTCCAAAGGCGCGGAGTAGCAAATGCCCTTTACGAAGCGGCTGAAGCGTTTCTGAGAAGTCAAGGGGCGAAACGAATCAGCGTCGTCCATTACCCCTATCACCTAACTCCCGGCGTCCCCAATGAAGCAGCAGATTTGAAAGCCTTTCTGGAACGAAAGGGCTTTAGCGGTTGGCGTGAAACTTACGACTTGCGGCGCCAATTGGTTGACTATGAGATACCGACTGAAGTTGAGAAGAGGTTGCGAGAACAAAACCCGAAGGTGGTCATAAGACCTGCCCGTGAGGGAGAGCAAAAAGCGATCGTTGAGTTTGTCGGGAGAGAATTTCCCGGCGGTTGGCACTACGATACCAAGCGCTTCTTTGATAAAGGTGGCGACCCATCCGACATCGTGATTGTCGTTGAGAACGACGAAATTATCGGTTTCTGCCACACTTTCACACCAGAAAGCATTGAACTTCGCGGAAGCACCCACTGGTTTCCGCTCCTTCAAGGACGGTGGGGAGGGCTCGGTCCTATCGGGATCGCCGCTGCCCATCGCGGTCGCGGGCTTGGATTGGCGCTCCTTTGCTACAGTGTCTGGCACAACAAGCGAAGAGGCGTAACCGACATGGTCATTGATTGGACGGACTTGGTGGACTTTTACAGCCGCATCGGCTTCAAAATTTGGAAGCGATACTGGCAAGGGCAAAAAACTTTGGAGTGATGCGACAAGGGGTGAGCAGGGATGTCGGAGTGGGAAAGCCTCGTTGACGAAATCTTGCGGTCGCTGTGGGAAGACGACCCAGTGTTTGCGACCGCTTGCGGGATACACGATTACGATAACAAACTCGCTTCATTAGCGCCGGATGCCGTTGAACAGCACATCATCACCCTCAAACGCTTCGCATCACAGTTGGAGCAGTTCAACGGAAGTCTGAGCAAAGACCAAGACGCCGACAGGCAGGCTCTTTTGGCTTGGGTGCGCGGGCAAATAGTTGACTGGGAGGCAATTCAGTGGCACAAAAAGGAGCCAGCCCTTTACCTTGACCATTGCCTCTATGGCGCTTACCTTTTGGTCGCCAGAGATTTCGCTCCTTTGCAGCAACGGATGGAATGCCTCGCAAATCGCTTGAAAGAGTTTCGTCGGGTCTTGGACGAGGCGAAAGTTAACTTGCAACCGAGTCAAGTCCCGCAGGTTTATGTTGAGACGGCAACTGAAACATTGGAAGGGGCAAAGGCTTTCCTTCAAAGCGTCGTCCCACAAGCGGCGGAACAACTCTCCGATGAATCGCTTCGTCGTGAAGTCTTGCGGGCAGTGGATGAAGCAGGAGTTGCGTTGACGGATTTTGAAGCGTGGTTCCGCGAAAAAATTGTGCCGGAAGCGAAAGGGAATTTTGCCATTGGGACTGATTTGTTTGTGCAACTCCTTCGCGACGAGCACTTGATTTCGGAAGCGCCCGATGAACTTGAAGCGATGGGGCGCGAGATTTTGGAGCGAACTAAAGTTGAGTTGGTGGAAGTCGCCAACGCTATTGACCCAAACTCTCCTTGGTTTGAACTGGTGGAACGGTTGAAGGACTACCATCCGCCCCGCGAGCGAATTGTTGAAACTTATGCGGAGGAAGTGGCGAAAGCGAGGCAGTTCATCATTGACAAAAATATCGTCACTGTCCCTGAGGGGGAACGGCTGCGAGTTGTGGAGACACCTGCTTTTGAGCGGGCGACAACGCCCTATGCCGCTTACATGCCACCAGCGCCCTTTGACGAAAACAGCGAAGGGCTTTTCTATGTGACGCCCATTGACCCAAAAGAGCCCGAGGAAGTCCAAAGGGACAGATTGCGGGGTCATTGCATTTACGCCCTGCCCATCACTGTCATCCACGAAGCCTATCCCGGACACCACTTGCAATTGACAGTCGCTTCAAGGTCGCCATCAAAGGTCAGAAAAGTTTTCGGCGACAACTTGTTTGTTGAGGGTTGGGCGCTTTATTGCGAGGAGTTGATGTGGGAGCAAGGCTACACTTCTGACTTGCGGGTTCGGCTGTTCCAACTCAAAGATTTGGTCTGGAGAGCAGTTCGCGTCATCGTTGATGTCGGGCTTCACTGCAAAGGCATGAGTTTCAACGAGGCTGTCAATTGGCTCGTCAATGAGGCTCACCTTGAATATTCCAACGCTGTTGCCGAAGTTAGGCGCTATACAGCCTCACCCACTCAACCCCTTTCCTACCTGACGGGGAAAATGGCGATTCTTAGGTTGCGTCAAGAGTGCCAGAGAAAGGAAGGCTCAAACTTCTCCCTTCAACGCTTCCACGACCGCTTGCTTGCCTGTGGCGGTCTACCAATTCGCTTGGTTGAGCAAATGTTGCAATGAGGGGGGCGGTTAGGTTGATTTTTGTGGCAAGGGGTGTTATAAAAGAATTGGCTGCGTGCGCGTCGGTGCGCTGGGCAGGCGCGGTGGCTGCAGTGCGGCGGGGTCAGACGCGCGCGCAGCCGTTATCTTTTTTGCCACGAAGCACGCCAAGTTTAAACAACTCCTGACATTGACGGTTTTTTTCCGCACGAACGGTTTTCTCGGAAAGGGGGCGATGTTTGAGCGTGGCAAAATTTGGGAAACGGGCAAGTGCTTTCCTTAAGCGAAGGTGGAGGGAAGAGGTGCTGAAGCACCGATGGAGGGCTATGAAAATGGCTCTCCCAAAATGGCGCGAAAGTTTTCGCTTCCCAGCAAGCATTAGGACTTTCCTGTTCGGCTTGAAAATGCCGCCTCAAGAGAGGTTGGCTCAGTTGAAAGCGTATGCGGAAAGGTTGAAACGACTTTACCCCTCATCGCCCTGACGAATTTGCTGATCAAGTTGAACTCAAGGGTGAATGCCATGAGCGTTCTGGAACGGCTTTTGTCTGAGTTGGACGAAATGCAAAGGGAAGCAGTCACTGCTCCCGATGGTCCAATTATGGTCTTCGCAGGTGCAGGCAGTGGCAAGACAAGAGTTTTGACATACCGCATCGCTTATCTGCTTTTGGTGCGCCGAATTCCACCACATCGCATTCTGGCTGTCACCTTCACCAACAAAGCGGCAGATGAAATGAGGCAAAGGTTGGAAACCCTCGTCGGC
CP130454.1_gap59	2362796	2364507	1711	AAGGAAATTGACTTGACGGACAAGTTTGAGGATTTGGGTGCTCGGTTGATGAGGGAAGTTGCCAGCAAGACGAACGATGTCGCCGGTGACGGGACAACGACAGCCGTTGTCTTGGCTGCAGCGATGCTGAAAGAAGGTTTGAAAGTCGTTGCCGCTGGAGTTAACCCAGTCTTCCTAAAGCGCGGGATGGAAAAAGCGTTGAAGCAAGCAGTGGAACACCTGCGCAAACTTGCCATCCCTGTGACCAGCAAAGAAGAGGTTCAACATGTCGCTACCATTGCGGGCAACGACCCTGAAATCGGTGAAATTATCGCTGACGCCATGGACAAGGTCGGTAAGGACGGCGTCATCACAATTGAAGAAGGAAAAGGCACCAAGACGACCGTTGAGGTCGTTGAAGGTATGCAGTTTGACCGAGGCTACATCTCACCCTACTTCATCACCGACCCAGAGACGATGAGATGCGTGCTTGAAGACCCGCTCATCTTCATCCACGAAAAGAAACTGACTTCTGCCCTTGAGTTGGTGCCCTTGCTTGAGAAGGTTGCCCGTGCAGGTCGCCCTCTGCTCATTATCGCTGAGAATGTTGAAGGCGATGCCCTTGCAACCCTTGTCGTCAACAAGTTGAGGGGCGTTTTGCAATGTTGTGCCGTCAAGGCTCCTGCCTTCGGTGAACGCAGGAAGGCTATCTTGCAGGACATAGCCATCCTGACCGGTGGCAAGTTCTTCAGCGAGGATTTGGGCGTCAAGATAGAGAATGTCCAACTTGAAGACCTCGGAACCGCCCGACGAGTAATCGTTGAGAAGGAGAAGACAACCATCGTTGAAGGCGGGGGACGGAAAGAAGAAATCGCTGCTCGCATCCAGCAAATCCGCAAACAAATTGAGGAAACAGAAAGCGACTACGACCGTGAGAAACTTGAAGAGCGACTGGCTAAACTCGCTGGTGGCGTCGCCGTCATTAAAGTAGGTGCGCCAACCGAAACTGAATTGAAAGAGCGAAAGCATCGCTTTGAGGATGCCCTCAACGCCACCAAAGCCGCCGTTGAGGAAGGTATCTTGCCCGGCGGTGGTGCAGCACTCGTTTATGTCGCCAGCAAATTGGAAGAACCAATGGACAGCCATCCAGATGAGAGGATCGGTTTCAGGATTGTCAAGCGCGCTCTGGAAGAGCCCATGAGGCAAATTGCCGAGAACTCCGGCGTTGATGGTTCCATCATCGTTGAACAAGTCCGAGCAAAGCAACAGGAGACCCAAAATGAGCGGTTCGGCTTCAACGCCCTTACCGGCGAGGTTGAAGATTTGGTCAAGGCTGGAATTGTTGACCCTCTCAAGGTCGTCCGCACTGCCTTGGAAAATGCAGTCAGCATCGCCACTCTGTTCCTGACAACCGAGGCTTTGGTTGTGGAGAAGCCTGAGGAGAAGAAAGAGTGAGCCGTTGTTCAATCAAGACGAAACCAAAGCGGTGTGGTGGGCTTCCCTCGCTCGCCACACCGCTTGATTTTTCGGAAACTGCGCGCTATCATTTTGCGCTGAGACTTCCTAACATCTCGGAGGTGCTCCAAAGGTATGGAGCAAGAAAGGGAGTTGTCCGTGCCTGAATCGGTGCTTTTGAACGACTTGCAGTATCAACTCAATCGGTTACCTGAAGGGATGAGGAGCAAGTTTTTGCTTGTTCTGGCAGTATCGGAGCGGGCTCGCCAAATCGTTG
CP130454.1_gap60	2383383	2385789	2406	AGCCTTGAGAGAACAGTTGCTCCAGAAATCTTGCAGTGGTATCGCACTCAATGCCCAAAAGGACATGAAGCGGATGTGATGTATGTTTTCTGGGTGAAGACAGTTGAGTGCTCATCATGCGGTAAAAAGACAAGGTTGTTCAATTCCTTCCGCATCGCAACGAAGGGAGGAAAGGATGCTGTCATCTGTCCTGCATGCTACACAGTGCAATGGGTAGAAAGCGGGGGAGATGAAGTTACCTGCTTTGCCTGCAAGACAAAATTCAAGCCGAAGGAAGGTTTCGCATCAGGTGGGAAGTTTAGGTGTGAACATTGTGGTCGTGAGGATGAGACAGTTGAATGGGTTCGCAGAACAAGGAAAGCGCCAGATTACGAAATGTTCGCCATTGAATACTGGTGTCAACAATGCTACGAACAGACCTACAGGCGGACTCGTAGCAAGCGAAAGGCTCAAGCAGAAGCGAGAGGCTACAAGGGTGCAGAGGAATTTGACCGAAATCTCTACCTGCAAGCATGTAAAGAGTTTGAGAAGCGAAAAACGGAACTGCCTTTGCCTGAGGGTGAAATTCCTGCTGAAGGGCGAAGCGACCCACGCCCAATTTCCTTTGGTATGCGTCGCTGGCAGGATTTGTTCAACCCACGCCAGTTGCTTTGTTTGGGGATGTTGATGAAGGCGATTTTGCAAATTGAGGATAAGGCTGTGAGGGAATTGATGGCAGTAACCATCTCTAACACTGCTGCTGGCAATTGCATGCTAGCAAGATATTGTGCACCTTATGCAAAGAATGAACCATTGTTTGCCTCCATGCCTATTGGGTTCCTGACGAACCTGTTGAAAACAATGCTTGGGGAGCGCAAGTAGGTGCAGCGGCTTTCAACAATTATTGGGATATGACCCATCGTGCGATCAGATGGCTTAGTGCTCCCGAAGAGGTGACTAACGACGGTAAATTCAAAGTGAGTGATAGTCCGATGACGCCATTAACGCAAAATATGGATTCAGTCTTAAATGGCACTTCCCGTTGTGCCCTTTATGCCCGAACTGCAGAAGACCTTTCCTTCCTGCCTGACAGAAGCGTTGATGCCATCATCACTGACCCACCATACTATGGCAATGTGATGTATGGCGAGTTGAGCGATTTCTTCTATGTTTGGCTTCGGTTGGCTCTCAAAGATGACTATCCAGAATTCTCCCCGCCACTGGTCAACAAAGAGCGGGAAATTGTGGTGAACGAGAAGGCGGTTGTCAGAACGGGGCAAGGGACAAGGGTTAAGGATGATGCTTTCTTCCGTGATGGGCTTTTGAGGTGCTTCTGTGAGTGCCATCGTGTGCTGAAAGATGATGGGCTTTTAGTCTTCACCTTCCACCACGAAAAGCCAAAGGCTTGGGCTGCTGTCCTTGATGCCGTCCTTCAAGCAGGTTTTGACATTAAAAGGGTTTGGACTTACCACAGTGAGACCAGAAGTGGCGTTCATGGCGAGGGCATCCGATTTGACACCGTAATTGTTGCACGAAAGCGGGTTGGAGAGCCGACGGAGGCTTCGTGGGCGAGTTTGCAGGATGAGATTGTTGGAGAAGTTCAGGCTGAGTTGAAGCGGTTGCTGGAGAATGGAGCCAATATTTCGCCAGAAGATGTTTTCATCATTGTGATGGGCAAAGCGCTTGCCGTTTACTCACGCCACTATCCGAAGGTGATGAGGGAGGGTAAGCAAGTTAGCCTTGAGGAAGCCATTGAAGACATAGAAGCCCTTGTTGATGAGCAAATTGATGCCTACTACGGGATGATTGTTCCCACATGGCTTGACCCAGTGAGCAGAATTTACTGCCAGACTTTAGCGCACAGACCTGCTGTCACGAGGGATGCTTTGGTGAAAGTTTGCCGAACAAGGAACATAGACTTTTCGGTTTTCATTGACCGCCACTTCATCAAGCAGGAAAAGAGTGGGGTTTTCAAAGTGCTGAAACCATCGGAGCGGAAGGAATACCTTGAGGGCATCTGGGGAGGGAAGGCAAGGGCAAGAGGTGGAGTTGAGCCATTGCCTATAGACCGAGCCCATTGGCTTCACATTGCTTGGGAGAGTGGGAAACCAGTTGATGAGGTTGCCCGTGAGGTTTACATTCGTGGTCTGGAAGAAGTATGTGATGCGCTGGCAAAAATCACCCGTGACCAAACCTACAGCAAGATAGCGGAAAGACTGAGGCGGATGAAGGAGCAAGGAGCACTGATTGGGTAGTGCGTAATTCGTAATGCGTGATGCGTAAAAGGGAGTGGGCAGGAGCCCGACCCTCCGATAACCACGGTTTCAATTAATGGTTGACTCACTGGAGGACAGTGCTCCTGCACTGCCGTCATCTGGCATGTCGTTGGCAACAGATACTGAACACATTACTTGCCCAAGCGCCATA
CP130454.1_gap61	2395792	2398999	3207	ACTTGTTTCCACATCTCAACAAGGTTATCCCAAGTCATCGGGAGCGCCCCTTTCAAGCGGGCATGCCAAGGCATTGCAGGGATGGGTTCTGTCTTGAAAGCGACACCGATGAGCCCAAATTCCTCTTTCTCCAACCGCCCAAAAACTCTTTGAAGCCACCTTTGAATTCCTCGAGCCTGGGGATGAGGTGTGTGGACTATGCGAAAGCCTTCCTTCCGATTGGGCACAACAATGATGGGAAACTCGTAGAAATCCCGCCGAACAAGCAACCGAATGGGCTTTCCCGGGTTATTGGCTATATAGCAACGAAGTTCACGGGCGAAAACAGGCGAGTAAGGGAGATGTTGCCTCAAATACGCAAAACCCACAATGTGATCACCGGGTCTCAGCCCAGATTTTTCCGCTGGACTTCCTTCGCTCACCGAAGCGATTTCCGTCGTGGTTCGGAAACCTGCCCACCATGCGCTGTAAACGAAAATCAGGACGATCGCCATCAAGAAGTTTGCTGCTGGACCGGCAGCGATGACCGCAATGCGCCGGAAGATCTCTCTTGCAGGACGAGCATAAGGGCTTTCAGGCTGCTGAAGTAAGTCATCCTCTATTTCTTTGATGCGAACGAACCCGCCAAAGAAGGCAAGAAGACGAAGGTGGTAAGTAATCCCGTCCTTACCATGCCACCCCAAAAGTTTCGGTCCGAAGCCAATGGAGAATTCTTGGACATTGAACTTGAGTTTCCGAGCGACCCAGAAGTGCCCCCATTCGTGGACCAGAATCAAGACGCCCAACCCGATCAGAGCCGACAACATGAACAATATCTTCTCGCCGAGCATAATTGATCGCCTCCTAAATTGATTGCGAGTCACAAATTGGGTGCGTCGCTTTTAGCGAAGACCCCAAAGCCACCCTGCCCCCACTACAAAAAATGCCACCACGAGACCCGTAAACCTGATCGTGTAAAAGCCAACCCAAGGGACATGGAAAGGGGCGTCTTTAGGTCTTTGGTCTACTAACTCTAACGCCTGTTCACCTTTTACTTCGTCACCGGACCTCAAAAGGGAGAGAAAGGAAAGGACGACGAAATGGGCAATGACAACAGTCAAGCCCAAGAGTCCTGCCAATGCTGCCGTTATGGGGGAACGAGTCAAGCCTCCAGCCAATCCAGCCAAAACCAAGGCAACAGCAAGGGCAATCCCCCAACGACCTGCAGGCAAATTTCGCGCAACGATGCTTCCTTTCGCTGTCGCCCACATGGTCAGCCAAGTAACTAAACCAAAACTCAATCCTTTGTTAGCGACCATCACTGCCCATGCCCCTCCACCCAAACCGATCACCGTGCCAATGAAGAAGGCTACGAGGAGATGAGACAGAGAGTGGGTTATCCACCTTGACAAGGTCATGTTTGCTTCTTTTCCGGAAGGCTGAAACAAGTGGAGCGTGAAAGTGGTTAAAGCCAACAGAACCATCATGGAGGATATTGTCAGCGCTAAGAGTATGCCGTCACTGATGAGCCAAAGGGGCGAGGTAAAGGCATAAGACTGACCTTGTCGTTCTATGAGCAGAGCGATTGTTCGGTCACTTTTTCCTAAGTAGAAACAAGAGAGCACTAAGGTCAAAGCCCAAGAGGCTGATAACTGATCTACTGCATTTCCACGCTTGAACACGAGTCTCGGCAATTCCCAAGCGATGCCGTAAACAAGTGCGCTTGCAATAATCAGTGGCGGCAAACCTGCTCCCCAAAGGAGACCATCCAAAGGTAAAAGAAGCAGACCAGCCAGAAAAATCAGTTCGGTCAAAACTTTATCTCGTTGTGGCATGTGAAATCCCCCCGAAACGGCGTTCCCTCCTTTGAAAGTCTATAAGGGCAAGCAAAAATTCCCTTTTGCTGAAGTCTGGCCAAAGGGTGGGGGTCACATACAACTCGGTGTAGGCAATCTGCCAGAGAAGAAAGTTGCTTATTCTCCACTCATTGCCTGTTCTGATCAGTAAGTCCGGATCGGGCAAACCGTCGGTGTCCAAGTGAGCACTAATGACGCTTTCATCTATGTCCTCAGGCTTTAGTAGTCCGCTTTTGATTTTTTTGGCGATGGAGTGGACTGCCCTGACGAGTTCGTTCCGACCACCGTAGTTGATGGCTACATTTAGCAGCAGGGTTGAATTGTTACGAGTCATTTCTTCTGTCTCCTCTAAAGTCCTCACGAGGGACTCAGGCAAACCCTCTTTTGATCCGATGTGGCGGACTCTCACACCGTTGGCGTTTAGTTCGTCCCGTTCTTTTTTAAGGGTCACTTCAATGAGGTGCAAAAGGGCTTGAACTTCTAAAGAGGGACGGCGCCAATTTTCCGTTGAGAAAGCGTAAAGGGTCAAAATCGGAATGCCCAACTCAACACACGCTTCAACAACTTGGCGAGTAGCCCGAGAACCTGCTCGGTGTCCCTGCAAAACGGGCAAACCCCTCTGTTTCGCCCACCTTCGGTTCCCATCCATGATTATGGCTACATGCTTGGGCAAACGGTCTTTATCCAGCATCGTTTTCAGTTCTTCCTCACTCAAATCCTTCAGTTCCTGCCTGCTTACCAAATTCCTTCGCCTCCGACAAAGTAGGTTCAATTTTACGCACCCTTTGGCAACCAGTCAATCCACTCTGGTGTCACTATCAGTTCAAAGCCCCCCTCAATCTCCCGTTGGACAATGACTCGCCACGAAACAGGTTCCCTTTTCACGCGTGGGCGGGGTGGTTGAGTCGTCTTCACCTGCACACGCAAACCATTCTCATCTAAGATTTTGACGGCGTCTTCTTTCCTCAGCCCAACGACGCAAGGGGCTTTGGGACTCACTCTTCAAGGACCTCCTTCTCCTTCGCTTTCCGTAGTTTCTCAATTTCTTGGACATACTTCTCAGTCAACTTGTCAAGTTCCTCACGGGCGCGACGAAGCATGTCTTCAGAGATTCCTGGCTGCTTGTCCAACTTCCTCAGTTCCTCTTGTGCGTCCTTGCGTATGTTCCTGATGGCGATTTTACCGTGCTCGGCTCTCTGATTGACAACTTTGAGCAACTCCCTCCGCCTCTCCTCGGTCAAAGGAGGCAGGGTAATGCGAAGCACCTTCCCATCGTTCACCGGGTTCAGACTGAGGGGAGAGTTCATGATTGCCTTCCGAATCGGTTCAAGCATCTGTTTGTCCCAAGGGTCAATGATGATTGTCCGCGCGT
CP130454.1_gap62	2403544	2407325	3781	GTGAAAGCAACTGTTCACTCGGAGACCAAATGGCGTTGGGGAACTTGATTTGACTTTCGGCAGCAAACGCCCTTCAAAAGGGGTGATGATTATGCAGTCGGCTGCCGAACTTTGGCAACAAATGAAACCGATCATCCGCAAACGAATGCAATTTTCTCCCGAGGCGTGGAGAAGCGTGGAAGCAGCAGTGCCAATCACCGTGGAAGAAACAACCTTGGTGCTCGGTTTGTCCGAGGAAAACGAACCGCTCAGAAGTTACCTTGAAACCCAAACCATGACGGCATTGATCCGCGAAATCTTGAAAGAATTGACGGGCAAGGAAATGAGCGTCTTGGTCATCCCAGGGACAACCGAAGACGACTGGAAACGATACAAATCGCGGTTGGAGTATGTGAAGAGACTCTCAGTCCAAACCACAGAGACAGTTGTTAAGCAAGCGCGCGAGCGTCGCGACTGGGTGTGGCTCTCAAACCAAATCGCTTATGCCCACGCTCACCTTCCCCACCGCCAATACGATTTCGTTAAAGCGAGGTTCCTTTTGGATTGGGCTGAAAAAATCGCTGAGTTCGTTGAAGAGTTCACTGCATCCCACCAACAAAGTCAAGACGAGGTGACGAGGGAATTGGAAAGGTTGTGCCAGAGGATGGCTGGAATGCTCAACACATCTGCAATTGTCATTGGGCTGGAAATTGAAAGGGCGATGCGAGCGAGGAAGCAAAAGGGCGCAGAAAGCAGTTAAACTTTGATGGCTCTTACTGCTCCGTGCGGAAATCACGGTTTTCGGAAAGGGGGAGTTTCGTTTGGTCGTCTGTGTCCTGTGTCGTCAAAGAAAAGGCAAAAGGTTCTGCCCAGTCGTTTACAATGTCATCTGCCCCACCTGTTGCGGAACTCATCGTCTGAAGAAACTTAACTGCCCGTCATCTTGTCCCTACCTCAGGCAGGCAAAAGCCTTGGAGATGGCTCAAAGGGAAGCAGAATGGGCTCAGAAAAGTTCCGAGCGAGCCGAGATAGAGCAAAGGTTGACAGCCTTCGCTTTAGAGGAAGCAATTTCAACCTTCGCCACTGAACATCCAGACTTGACGGATGCTGAGGCTATCTCCGCTTTGCAGGCAGTTCAGGATGCCATTGAAAGGGAGGTAATGTCAGGCATAACTCACGAACCAAATGTTGACGGACGAGCCAAGGAACTGGCTCTTCGGATTTTGAAGAACGCTCAAACGATGCGCCAAAGGATCGGCATCCCTCACAATGTCTTATTGGCTCGAGTCGCTCGCTTGCTCACCCAAAGGGCTATGCTGCTTTCTCAGCGCACACGCGACGGTCAAGGCTACCTGAGGACAGTTCGCATTGATGTCCCTCCCAACTCGTTAGAACAACTGCTGGAACGCTTGACCTCATCAGCCCGAAGTTGAAAAGCCAAAGTCAATGCCATGATCACTGACCAGTGCCAACAGTGTTAACTTGCAAGTTATCAAACAGCACTCCCCCGACGCATCTTTGCTCGTCTCGGATGACAGCGAGGTAAATTGACTCCAAAGTCAAGGGTTCGGGCAAACCTGTTGGCAAGTTAATTTCAAGGCGCCTCCACTCGTTTTTCCAACTGACCGAGTCGGCAAGGTCTATGAAGATGAGTTTGCCGGTAGCATCGCGCAACCTAACGCGAAGCCAGCACCCGCTTCCATCGCCGTAAACATCAATTCCCAACCGACACGCACCGAGCGGTAGAGGTTTGTTCAAGACGATAGATGCAGTCCTCGTTTTTCCGCCCTTTGAAAAATCGTAGCGGAGCAACAGTGCCCCAGTTCCGCTTCGCTTCTCGGTCGTGACAATTTGCCCCTCAACCTTCACCGTTTCCGGGTAGCCGACCAATTGCAAGCCGCTCATGTCATCAAACTCGTGCAAAGTCAGCCATTGAACTATCCCGACACAAACGGAGGCAGTTGCAGTTACGCCCCTAAGGTTCGCGGTCAAAATGCCTTGCTTGACCTCCGAGGTTTGAGCAGCGACAAATGTCCCGTTGACGACCTTGCCAACCTCACCTTCAACTTGCCATTGAACCTCGTTTGGGTCAAACCTTAGGGGTGAAAGCCTGTTATCTTTCTCCCTGCCTAAAGCGCTAAGTTGCAACCGAACTGAAGTGCCGGGAGGAACGGTGATACTGTCTGGACGAAGGACAAGGACTGATGGTTTCGGGTGGACGCAAAGGGTCAAAGTGGCTGGAGTAGCGTTTCCGTTTTTGGGCGTCACCGTAACGGTCACTTGGATCGGTTCTTCTCCCTCAACCGGTGGCAACCACAAGGTCTGACCGTCCCAGCGCCAACCTTCAATCTCTGGAGTAATTGTCAAGTTGAGTTCGTTAGGGCTTAGTGAAAGGAGGCGATACACGGCGTCTTCACAGACAACTTGGAGTGGAATTGGGGTGCCAGAAAGCCAGTGAGCATCTGGTGACAAAACTGCTAACCTCACGATAGGTTGGGGTGGGAACAGGTTAAGGAGCAGGAGTGCATTCGCAATTGGTCGCTCCCTACCGTCAGAAGGTTGGTTCATAACCCTGCCGCGAACAAACAGCGTTGAAGAACCGCCGCCGTCCAAGTTCAAGGCGTCTTTGCAACCAGCATTGAGCAAAAACTCTGCCAGTTCATCCAAGGTCATCCCTTCGCTGTAACCGGGTTGTCTCCCGTCAACGACCACCCAAAGCAATGCATCGTCTTTCAGCCCGACCGCTGTTCGCGGGTGCTTCGTTTGGCGAAAGGAGAGGGAAAATCCCTCTTGCTCACACTCAATGGAGATTTGCCCCTCCCTCAAAATTCTCGGACCACCACCGATTGTCCACGAAATAGTTTGCGGGTCAAAACTTGCGTCCAAAGGGGTCAAGTTTATTAGGACTTCCAAAGGGTCGTTAGGTTGAAGCGACTTTGCTACTGATGCCGCTTTCCCTGTAGCCACCAAAACGACGCCATCTTGAGGGATAAGGCTGTTGCCCGCTTCACTCACCTGCCGAACGGTCAGGGTCAAAGGGACATTGGGGCGGAGAGGTAAATTCGCACTTGCAATGACTTCCGTTGTCCCCGCAGGCGTTTGTGTTGTTTTGCCAAAAGCAGGCGTGAACAGGCAAAAGCCTTCGCGAGGAGGGGGCTGGTTCAAACCGTCCAGAGGCATCTCACTTCCGTCAGGCAACTTCAGGTTGGCTGAGAACCTGAAACGGGCGATGAGGACGCGACCGTCAATTAAGCCGACTAAGGCTGAGCGGTTGACCCAAGGCAAACTCACCAATTCGCCGTTTTGGATGTGAAGTCCCAACGGGTCTCCCGAATAAGGCGAAAAAGTCATGCTGAAATAATCGCCGTTAATCCCGGCGGTCACATAGCCCCTACTTTGCTGGACAAAGTTGGCAATTTGGGAAAGGGGTTGACGACCGAAGCCGTTATTGCCACCCAAAACAGGCGTTAACACCAATTCCTTCGGAAGTGGCAAAGGAATTCTGACCACTCCAACCCATGTCGGTGGATTGACCCGCTTGAGTGCTTGGTAGAAAACCCCCGGCGCGATGGTTTGGCTGTCAACAACTTGCCAATCCTGAGCGGATGCGACAAAGGAAAGAAGGCAGATCAAAAACGCTAATCGCAAAAATCGCCCCACCTTAACCATCTCAGCACCTCCGTCCAGTCTTCAAATTGCTACCACCAAATCGTCACTCGCCTCCAACGGTAATCCAAGCGCCACAAACCAAATTCGCGAGCAAAAGCCAGCGCTTGTTGGTATTCGTTTTCGGTGATGCGTC
CP130454.1_gap63	2456550	2460732	4182	CGCTGGAACCGATGAGCAGGTGAATGATGGCGAGCAGGTTTTCAACCTGACCGCACACCTGTTCCGGGACGGCACAGTGACCGATTGGACGCAGCCGACAGAGTTTTGCTTGGACTGGTGTCCGCAGTGGCTTTACGAGTTGCCGAACGCATTAATCACCAAGCGGGTTTTCATGCCTCACATGAACAACGCCGTCGTTATCCGATACTTTGTCAATTCACTTCGCCCAGTAAAGTTTTCTGTCCGATTATTTGTCGCTTGGCGTGACCATCACTGGACGATGCAACCCGTTGTCCCTTTTGAAGTCCAAAGTGATGCCCTTCGCTTGACTGTCCGGGCAGGTCAACCACCTCAAACCGTTTGCTATTTCGCTCATAATGGCGATGCGTTTTTGCCCGAATGTCGTTGGTGGCACAACTTTTGGCTCCCGATAGAGACCGAACGAGGCTTGGATGACACTGAATCGCTTTTCTGCGTCGGCGCAATTGTCAAGGATTTTGATGGGTTTGGGCATCTTGACATCATCGCTTCGGTTGAGCCTGTTGATGTAGATGAAGCAGCGGAACTTGAGGCAAGGGAAAGGATGCGGAGAAGCAAACTCGTAGCGAAACTTCAAGGAGACCAACTGTTGTCAACCTTGTTCAAGGCAACCGATACTTTCGTCGCTTTGCGGTCATCAACGGGCACGAGGACAATCGTCGCTGGCTACCCTTGGTTCACCGATTGGGGGCGCGATGCACTCATCTCCTTGCCGGGCTTGACTCTTGTGACCAAAAGGTTTGCCGTTGCCCGCGAAATTTTGCTGACATTCGCCCGTCACATCTCCGAAGGCTTAGTTCCCAACTTTTTCCCTGAAGGCGGCGAACCTCCCGCTTACAACACCGTTGATGCAACTCTTTGGTTTGTCCTCGCTGCTTATCGCTACCTGCGATACACGCGCGATGAGGAGACATTGAGCAGACTTTGGGATGTCTTGAAGGAGATTTTGCTTTTGCACTTGAAGGGCACTCGGTTCAGAATTTGCGCTGCCCCAGAAGATGGTCTACTGACTTGGGGCTCAAATTCTGTCAACGAAGCGCTGACATGGATGGACGCAAAAGTTTGGGACAAACCGATTACGCCGAGGTCAGGCAAACCCGTTGAAGTCAACGCACTTTGGTGCAACGCCTTGGAAATTCTCGCCCGCATCGCCAAACTTCTCGGCGACAGGGAAACTGAAAAATTGGCATCTCAAACCGCAGCGAGAGCAAAACGCCACTTTGAGCCAAGTTTTTGGAACCCAGAGAGAAACTGCTTGTTTGATGTCCTCGCTTTGGACGGAACGCCGGACAGTTCTGTAAGGTGCAACCAATTGTTGGCATTGAGTTTGCCTTTCCATTTGCTTTCGCCCGAAAAAGAGCGTTCGGTGCTGAGGGTGGTTGAGGGCGAACTCTTGACACCTTTCGGCTTACGAACCCTTTCGCCCAAAGACCCAAACTACATTGGTCGCTACATCGGACCACCTAACGAACGGGATGCTGCTTATCATCAAGGGACGGTCTGGGCTTGGTGGTTCGGTCCTTATGCCGATGCGGTCGCTCTCGTGGAAGGAAACAACTCGGTTCAGCGCAAAGTCCGACCGCTGCTTGAAAACTTTTTGCGCCAACATTTGAGGGAGGCGTGTGTCGGGCAAGTTTCTGAGATTTTTGACGGTGATGAACCTCACGAACCGAGAGGGTGTTTCGCACAAGCGTGGAGTGTGGCTGAAATTTTGAGGGCTTGGTGTGAGCGAGTTGAAAGCAAATTGCCACCACCGCTTTGGGATGAAAGGTGAAGGCGATTTGTGCCAAACTTATTTTCCGTAAGCGCACTCCGAAAGGGGGAAAGGAAAGATGAGAGCGTTTGAGTATGTCAAGCCGGCGACAGTGGCTGAGGCTATTCGTGAATTGGGGCGGAGTTGGACGGACGCGAAAATTCTCGCTGGCGGCATTGACCTTTTGGGTGAGTTGAAAGAAGGCATCATCGCACCGCAACGGATTGTCAACATAAAAGGCATCAATGGTCTGCGCTACATTCGGTTCAGCGAAAAAGATGGATTGAGGTTGGGGGCTTTAGCGACTTTGGAAGAAATTGAAACGCATCAGGTCATTCGCCAGCGTTACACTGCCCTCGCCGAAGCAGCCCACTCCGTCGGCACACCTCAAATCCGCAATGTCGGGACAATCGGTGGTAACTTGTGTCAACGACCGAGGTGCTGGTATTACCGTGACGAACACACAAAGTGCCTCAAAAAAGGTGGTCCCATGTGCTTTGCTTACAACGGCGAAAACAAATACCATGCCATCCTCGGCGGCGGTCCTTGTTACATCGTTCACCCATCTGATTGTGCGCCAGCATTGATTGCTTTCAAGGCATCGGTTACAATCGTCTCACCAAGAGGGCAAAGGACCGTTCCCCTTGAGGAATTTTTCGTCCTACCGTCCCGTCGTTTGGACCACGAGACAATCCTTGAGCCTGACGAAATCGTCACTGAGATACGAGTCCCCACACCGCCACCGAACACTCGCAGCACTTACCTGAAGTTCAAAGAGCGTGATTCTCATGACTTTGCAATTGTCGGCGCTGCAGTCGTGATGAGGCTGAAGGGCAAGGTCTGCGAAGATGTGCGAATTGTCCTTTCAGGCGTTGCACCCATCCCTTGGCGCTCGCCCGAGGCTGAAGCAGTTTTGAAAGGCAAAGCAATAACTCCTGAGTTGGCTGAGCAAGCAGGAAAAGCGGCGGTGGCGAAAGCCCAACCTTTGGCTCAAAACGCTTACAAAGTTCCACTCACCCAAGCCATCGTCAAGCAGGCAGTTCTCAAGGCTGCAGGATTGAGCGTTTGAGATGGTCATTGAAAAAGGGCACTTTCAACGAGCGACCAAAAACTGTCCCAGTTGACAGACCGGACAACCCAGCCTGGTCCGGTCGGTTCGGGCTTGACAATGGTGAAGCCTCGGGTGTGGGTCCCTTGCAGTTCAACTTCCACCCTTACCCGTTCAAGGGTTGCGATTTCTGGTCGCACTGCGATGGCAACTGCCAAAGGGTCGTTTAGGATGGGCGCTTTAGCGCCTGTGCTTTGAAGCCAAATTTGGGTCATCTCCCAGAGTAACTTGCATATGGGCGAATCGCTTTTTTGCAACCTTTCAAGCATCGCTTCGGGCATGACCGCATGTTGGGTTATGTCCTTCGGCACCATGACGAAGGGTATGCCGCTGTTGAAAACGATGAAAGCGGCTTCTGGGTCGTTGCGGATGTTAGTTTCGGCGTAATGCAACGCTTCCGTCCCAGCCATCACCACAAGCCTGCGAATGAGCCTGCACAGAGCAGGTTCTGCCCTTAAAGCCAAGGCGAGGTTCGTCATCGCTCCCAAAGTCACGATGACCAACTCGCCGGGGTTCCGGCGGATTGCGTCCCTGAGGAAGTCAATCCCGTTAGCAGGTGGGAAGAAAAGTTTGTCAACCTCGTCCAAAACTGTGGCTTGTTCAGGGAAGTGGCGGGATGGTGGTTCTATCAACCCCTGAGAGCACCCTGCTGAAACGGGGACTCCCCTCTTTCCCAATGTCGCCAAAACTTTCCGAGCCAATTGGGCTCTGACAGCGACCATGCTGCCCACTGTCGTCACGCCCAAAAGTTCAACTTCAGGCAACCTTACAGCAAGGACCAGAGCAAAAGCATCGTCAACATTACTGCCGATGTCCGTGTCAACGAACAACTTAACAGCCATCCCACTCACCACCGCCTCATCGTCAGGTATTTCCGAACCGAAGCGATTAGCCACTCCATTTGCTTCATCGCCATCTCAGCGTCGCACAGTGGCATCCCTTCGCCCAAGACTGCCTTGACGAACTGGCGAATTGACACTTGCATAAAGTCTTCCACAATTCGCTCGCCTTTGTCCCATTTGATGCGGATGCGATAAATTCCGTCCTCGCCCACGAAGGGGACGAACTCGGTTTTGAACTCACCCCAAGATACACTTCTCTCCAACTCGCCTGAGTGCCTTCGCGTGCGAACGGTGACGGGAATTCGCCTATTCTGCCACTGAATTGAGAAATGGGCTGATAGCGAGTCAGCACCCTCTTCAAACTCGGTTTCGTCAAGTTCCAAGTCCGCATCGGGGAATAAAGCGAGCAGGATGCTCAGAGGGTGAGGTGCCAAATCAAC
CP130454.1_gap64	2463748	2464582	834	CGAATTCGTTCAGCCTTTCCATCGCCAAAAGGAATGGAGTAGGGTCTGGCTTGCCTCTTTCGCAATCCTCGTGCCCAACGATGACGGGAAACAAGTCACGAACGCCTTCCCTTGAAAGCACAGCCTCTATTTGGTAACGAAATGAACCCGAGGCAATTGCCAGCACAAATTTTTGAGCGAGCACTTTAACCACATCCGTCATCCCATCAACGGCGGGCAAGCGATCTTTCAACCAGGCATCGTAAATTTCTGTCTTGCGTTGAAGAACCTTTGAAACTTGCTCGTCATCCTCAACACCGTTTCGTTTCAGCGCCCACTTGACGGCATCCCGATCTGGAACACCGATGCATCCGACCTTGAATTCCTCCCAAGTCAAGTCCATGCCCTTCTCCCTCAAAGCGTGGGCTAAAGCCTCGTAGTGAAGCCGTTCACTGTCCACCAACACGCCATCAAAGTCAAAGATCACAGCCCTAACCATACCGTTGCCCCCTTAGCGATGACACAATTGTTTTGCCCTTCAAACTGTAACGCTTTTACCTTCTCGTGGACATTGAAGCAGGGTGAGAGAAGATGGCATCAAAAACAATCGCAACGCCCAAAGTTGAGAAGCGTTGGACTTTGGAAGAGTGGTTGAAGTTGCCTGAGGGTCCGCCTTTCTATGAACTGGAGGATGGCAGGTTGATTGTGATGCCTTCTCCAAGACTGGAGCATCAGGAGGTTGTTGGCATGCTGTATTTCGTTTTAGACAGGTGGATAGAGGAACACGACTTGGGCACAGTTGTCATGGCTGTAGATGTCGCGTTGCCGACGGGCAGAGGCTACATCCCCGACTTG
CP130454.1_gap65	2465612	2469108	3496	CCAACTTCACCCGCGAAGGTTTTGAGGGTATTGTTGAGCGGGCGAAGGAATACATCGCTGCCGGTGACATCATCCAAGTCGTCCTGTCCCAAAGGTTTCAAACCCAAGTGAACGCATCGCCTTTCAACATCTACCGAGCCTTAAGGTCAATCAACCCGTCGCCCTACATGTTCTACCTGAGTTTCGGTGACCTGAAACTCATTGGCAGTTCGCCGGAAATTTTGGTCAGTTGCTTCGGAACTAAAGTCATCACAAGGCCATTGGCTGGGACGAGACCCCGTGGACGGACACCTGAGGAAGACGAAGCCCTTGAAAGGGAACTTTTAGCCGACCCAAAGGAGCGAGCCGAGCACATAATGCTCGTTGACTTGGGGCGAAACGACTTGGGACGAGTCTGCAAAATCGGAACTGTCAAGACGACCGAATTGATGAAGATTGAGCGATACAGCCATGTCATGCACATATACTCAACCGTTGAAGGTGAATTGGACACGAGCCGATACGACATCTTTGACGCTCTCAGGGCTACTTTCCCTGCCGGCACCGTGACCGGCGCGCCGAAGATTCGTGCGATGGAAATCATTGAAGAACTTGAACCGACGAAAAGGGGTCCCTATGCAGGCAGTGTCGGCTATTTCAGTTTCAACGGCAACATGGACATGGCAATCACAATTCGGACAATCGTTTTGAAAGGCAACACGGCTTTCGTTCAAGCAGGTGCGGGCATCGTTGCCGACAGCGTGCCCGAAAGGGAGTATCAAGAGACGGTCAATAAAGCGAAAGCGTTGCTATCGGCAATTGAGATGGCGGCTCAAGGGCTTGAATGAAAAAGTTTTGACTGAACGAGGTCGGCTCAATCTGTCACATACAAGACGACCTTCCTATGCTTTGGTCCGTCAAACTCGTAGAAGTAAATGCGTTGGTCTGGGTCCATGACCAACTTCCCGTCCTTGACAATCAAAACTTCAGTTGGAGCGACGAGAGCCGCTTTCGTGTAGTGAGGCGCTTGAGGGTCTGGGTTGATTTTGTCCAACATCTCGTCCAGTTTCGGTCTGTCAGCGACATTAACCTCCCTGTGGATGCTAACGGCAGCGGAAGTGTGAGGGACATAGACGCAAACGAAACCGTCCTTGATGTTCAGTTCGGTCACCAAATCTTGAACTTTGTCGGTGATGTCAACCAATTGCTCCCGTTGGGTTGTTTCAATGGCAATTTCACGGACGAACCCCACGGCACAAACCCTCCTTTTGGCGGTCTGGGCGTGCGAGTGCGGGAGTTTTATGAATGCTTCACAAGTGCCGATAAATAGTTTAGCACGGGGGTTGACAACTGTTTCGTGCCTAAGTGCGTAAGGGAGTGACTTACATTCTCGGCTGATTGGTGCGATAATTTTAGTGGCGGAAAGATTGGAGTGAATAACATGTCAGAACTGCGCAAAGACCCAATCGTCCAAAGGTGGGTCATCATAGCATCGGAGAGAGGACAGAGACCATCGGACTTTCGGGTGGAGGCATCAACAGTTGAAATTAACCCGAAAGCGTGTCCGTTGTGCCCTAATAACGAGGAACGAACTCCACCCGAAGTCTTCGCCATTCGCTTGGATGGCTCCAAACCCAACACGCCTGGCTGGTTGGTTCGTGTCGTCCCCAATAAGTTCCCTGCATTGAGACTTGACAGCGATTTGAACCGAAGGGGTATGGGCTTGTTTGACATGATGAACGGAATCGGCGCCCACGAGGTCGTGATTGAAACTCCAGAGCACAACCACGATTGGGACACAATGCCGGTGGAACAGTTGCAGCGAGTGTTTCAAGCCTTTCAAGCCAGACTGAACGCGTTGAAGGAAGACACCCGTTTCCGATATTCTTTGGTCTTCCGCAACTATGGGGTGCAAGCGGGAGCATCTTTGTCCCACCCCCACTCCCAAATCATCGCCCTGCCCATCGTGCCTCAATTGCCGAAGGAAAAACTGACATCTGCTCGCCAGTATTACTTGGACAAGGAGCGTTGCATTTTCTGTGACCTGATTTTTCAGGAACGCGAACTTCAAAAGCGAGTTGTAATGGAGAGCGAACACATAATCGTCCTGTCGCCCTTTGCTGCCCGTTTCCCTTACGAACTTCACTTTTTCCCGACCCGCCACAGTCACGATTTCGCCCAAGAGAGCGAAGATGTTCTGAGGGACCTGGCTGTTGTGATGAAGCGAGTGTTGACAGCAGTGAAACGGCTTTTGGGACAACCGGCGTATAATTTCGTCCTTCAAACTGCCCCGAACCCTGTCCCCCGCCCAGGTCGTCCTGATTACTGGGGCACTTTGCCCTACGATTACCATTGGCATTGGGAGTTCATCCCCAGATTGACCCGAGTTGCAGGTTTTGAATGGGGAACGGGCTTTTACATCAACCCTGTTGCTCCAGAGGCTGCCGCTGAGGTTTTGAGGGAAGCATTGAGAGCCTCGCCCGATGAGGTAAGGTGATTGAGATATGGCGGCAATCAGAGTGCCAACGGAAGAGATGGCTAAGCATGTTGTGAACCAGTGGTTTCAGGAACTGCAAGATAGAGGCATTCATCCTTTGCCCTCAATGTCCCTGAGGGAAGTGACGGAAAATGTCGTTGCTTCCTTGCTGGACAGTCTGACCCGACCGGATTGGAAGGATGCAGCGAGACTAAACTTGAGGGTTCTCAGGTTTCTCGCCGACCAACTTAACTTGCCTCTGGAACAGTCCCTTGAAATCTTCCTTAGGCTCAGGCGGCACATCGTTCGGGCTTTGTCCCTTCTCTTGGAAAATGCATCTGAGGCTTACGAACGAATTGAGACTGTCTGGGACGAAGGGGTTTTAAGTTTAACTGCCCACAAGCAAGCAGCAACCCAAACCGCTTTAGAGTTAGCGCACCAAAAGTATCAAGCCCTGTTTGAACAGGCATCCGATGCTTTCCTTTTAATTCGCATGGACGAAATTGGCACTATAGTTGAAGCCAACCCAGCAGCGTCCAACTTGACAGGTTATTCGTCCGAAGAACTGTTGGGCATGTCAGCCCTCAAATTGGCACCTGCGGAGGAATTAGAGAGGTTCCGCGATGCCCTGCGTGAACTGAGACAAAAAGGTCATGTGAGGAAACCGAGCATCGGCGTAAAGCGAAAGGACGGGATGATGGTGATCGTTGATTTGAGCGCCACCCTTCTGGTTCTGGATGGTGACACTTACGCTCTATGCATTGCGCGCGATGTCACCGAGCAACGGAAAATTCAGCAACGCCTTGAAAGTGTCGTCACTCACAGAACGAAGGAATTGGCTCAGGCTTTGGAACGGGAACGGCACCGAGCAGCGCAAATGGCTGTTTTGGCTCAAATCGCAGCAGAAGCCCTTGAGGCAGTGAATGAAGACTCGGTTTACCAAGCAGCCGTGAGGGCGTTGAAGGAGCATTTAGGGCTTTACAATGTCGCCCTCTTCGCTTACGACAAAGACCGACACGAGTTGATTTTGAAGGCATGCTG
CP130454.1_gap66	2599603	2600679	1076	CCCGCGCAGGTCCGAGGTTCTCAGTCTCAAGGGTCGGTCTGATGTTGTCAACAATCCGCAGGTCAAATCGGTCAGCGAGGAGTTTTCGGATTTCCTCGCGGGCATCCTTGTTGCCAGCGAAAATGACAGGCAACCTGAAGCCGATGCCCAGACGAGGTTTGGGGTCGGCAGCAACCAACAACTCGGCAAGTTCAACGACATGGGTGACAGTGCCACCATCAGTTCCACCTGCCAACAAAACCATATCGGGACGCAAACTGCGGATGCGTTGGATGCGCTCATAATCTTTCCGACCGTCGTCAATGGCGATGACATCCATGACTATTGCGCCCGCACCCAAAGCAGCCCTTTGGTCGCTTTCGGCAGTCATCGTCTTGACGACGCCCATGACCATCATTTGCAACCCGCCACCTGCGCTTGATGTGGAGACATACAGGTCAGCACCAGCATCATTGTCAAGGGACGAGGGACGAAGAGCAGAGGACGAACGGAGAAGGACTTTGTTGTCGGTCAGCAAAGTTCGTCCCGTAACTTCTTCAAGTTCGCGCATAGCATTCAAAACGCCGATAGTCACATCATCAAAGGGCGCCTCAACAGTTGTCGGTGCCTCGCCCCTTGCTATGAGCCTATAGCCTTCCTCAGTTCGCTCAATCAAAATCGCTTTCGTCGTCGTGCTGCCGCAGTCGGTCGCCAAAATTCGCCTCACTTCGTTCATAGACCTGCACCTCACGGCAAATCAAGTTGACACTTGTGCTTTCCTGAGGCGAAGGGTTGCCAGAGAAAAATGATAGCCGCGCCTGTTACGGGACGCTAATTAGTCGGCTGTTTTCGTTCCAGTTGTTGGAAGGTCACGGCGCCTCAAGCACCCAAATCTCCATCTCCTTCGGCAGTTTGTCCTTGCTCAGCGTGACGCTATTTCCCTTGATGCGCTTGACATTCTTTTTGCCCTTGATGAAATCGTCCACTGGCGCAAGGACTGTGACTTTGCTTTGCGGGTGGCGGTAGTGCATTGGAATGACGATTTTAGGCTTCGCCATTTGAACCAATTGCCATGCTTGGTTGGCGTCAATGGTGAA
CP130454.1_gap67	2613756	2618709	4953	ACGACCGGACTGGAGAAAATTTCGCGAAGTTTGGTGGCTTGGTCACGCATTGCCCCTCACCTCCGCCGAAGGCGATATGCGAGCAATTTGGGCTTCGCGTCCATCGCCGTTTCGGCTGCTTGTGCTACCCTCAAACTTTTCCTTGATCGGCAAAAGAACCCACTCGGCAAGTCTTTCTGAAGTGGGGACTTCTAAATCCTCGGGGACATTCTGACCCGTCGTGATGTAGGAGACGGGCAAGTTCAAGCGCGTCACCAAGTTGACAATCACGCCTGTTTGTGTAGCCTCGTCCAACTTGGTGATGATTAGGCTTGTGGGACAGAAGATGGAAAACTGGTCGGCAGCAAGAGCGAGGTCTGCTGGATTGCCGTTTGCAGGAAGTGTCAGGAGCACTTCATCAGGGTCCATTGCCGCCACAAGTTCCCAAAGGGAAGCAAGTTGGTCAGTGTGCTTGGGGCTACGACCGATAGTGTCAACCAGAACCAAATCGGCGACTTGTTTTGCTTGGTAAGCACATTTCCTCGCCTCTTCGGGCGTCGTCGCCACGAAGAAGGGCAATCCCATCAAGCGAGCATAAGTTTCCAATTGCTGGACTGCCCCTATCCTGAAAACATCAACGGTCACAAGGGCAACTCGGCGTCGTTGATGCATTAGTTGGTTCGCTGCAATTTTCGCTACAGTTGTCGTCTTGCCGACTCCTGTTGGTCCGACCAAAACGGCTAAACTTGTCGTCGGCGCCAATCCCCCTGTTACGGGAAGATGCCTCACTAAAACGGATTTGAGCCATTCACCTGTAGGGACTTGAGGCTGAGGGTTGGGGACTGAAGAGGAAAAGAGTTGCTGAATAGTCGGCAAGTCAACCCCGCATTGCCACAAAATTCCCAGCGCCCCTGTTTGAGAAGCAATTGCTTCCTGTCCCCAAAGAGAAGTGGCAAGCAATTGCAACTGTCGCTCCACTCGCTGCGCAAGGTCAAGCAGTTCAGAGTGATTGGTGCTTTGCGACCGGCGGGAATTCTTCGCCGACTTTTTACCGGCAGCGGAACTCTCAACGCTTGCCTCATTGAGTTCAGTGCTGTGGGTTGACTTCTTCCGCCCTCGTTTCCGCTGTTTTGAAGGAGCGACTGGCGATTGGGGATTAGCGACTGCCAACATTCCAGTCAGACCCTTCTCGCTTCCGTCACCTTGCTTTGCCCCTTCGCTTTCCCTTCCCCCAGCATCTTTTCCGTCTTCACTCTCCTTTTGGGTGAAGGGTTGAAAGTGTTCGAGTGCGGGGTTGTGTTCAGCATCTTTTTGTGCACCCCATACATCGCACCTCACACCTTCTTTTGAAGTGACGGCAGCCCAAACTCGGATGGTGGGCGTTCGGCGGAACCACCAAAGTAACCCTCGTCGCTGCTGGGTGTGGAGGATGATGGCATCCTCCCCCAACTCCTGTCTGACCCGTTCCATAACTTCAGGCATTGATCGCCCTTCAAAGCACCTGACGATCACGCTCGCTCACCTCCTACTATGGCTTTCGTTTGCAACGCCACTTTTGCAGCGTTGACTTCCTCGTAACTGAGGACAGGAATTCGCGGCATGAAACGGGAGAGAAGCCTTCGGAAGGGCAACCTTATCCCACTGCCGCAAACGATTACCGGTTGAACGCCTTCAGCGGCAATTCGCTCCGCTGCCTGAGCAATTTGCTCCATCAAACGCTGCCAAAGGGAAGGGTCGGGGACAAGCATCCAACCGCTGTCGGTTTCCTGAACCGAGTTGCTTAACCGCTGTTCAATCTCTGGGTCAAGGACGATGGCTGCAAGTGCACCATCGGGGGTAAGGTAAGGCTGGCAAATCAACCGAGCCAACCTGCGCCTAACTCGCTCAGTGAGGTAGTCAATGTCTTTCCTGACTCTGGCAGCATCAGCGAGGGCTTCAAGAATTGCCACCATATCTTTGATGGGCACACCCTCCTCCAGCAAGTTGCAAAGCACTTGGTGAATTTCGCTGCGGGACAGAATTTGGGGCGTGACTTCTTCAACGACGGCAGGGTGAGTGAGCCTTACTTGGTCAAGGAGGGCTTGAACCTCTTGTCGGGACATGATTTCGGGTGCGTGCATTTTGATGACCTCTGAAAGGTGAGTGATTAGGGCTGTCTCGGCATCAACGACGGTGTAACCCATCCGCTCGGCTTCCCGTTTCTTGTCAGGGTCAACCCAAAAAGCGGGCAACCCGAAAGCAGGGTCTTTCGTCGCAATTCCGTCAAGGGGTGGCAGGTGAGGACCTCCGACAGCGAGGAATTTGTGCGGGTAGCAGTCCGCTTCTCCGACCTTCGCTCCCCTCACCTTGACAACATATCGGTTTGGCGGAAGCAGCAAGTTGTCGCGAACTCGTATGGGCGGGACAATCAAACCCAAGTCTTCAGCAAGTTTCCGCCTCAAGTTGGTGATTCGTTGCAAAAGTTTTCCGCCTTCCTGTTCCATCGCCATCGGGACTAAAGCGAAACCCAATTCCAACTCAACAGGGTCAATTCGGACATGGGATGTGAAATCTTGTGGCTGAGAGGCACTGGGCGCAGGTTGTGGCTTCTTTTGTGTCGCTTCTGTTTGCCGCCTCAACAACAAAGCACCGAGACCTAAAGCAGCGCTCAAAGCGAGAAAGGGAATTTTCGGGAGTCCGGGCACTAACGCCAAAAGGGCAGAAACCCCAGCAGCAATCAGCAAAGCGTCAGGTTGACTTTTCGTCTCCTTGACAATCGTTGAACTCAAACTCTCTTCAGATGCCGCACGGGTGACGATGAAGCCTGACGCTGCCGAAACGAGTAGGGCAGGGATTTGAATGAGCAAACCTTGACCGACGGTCAAAAGGGCATAAGTTCTGAGAGCCGTATCCCAACTTTCTCCCCGCTGCCACACGCCGACGAGTAAGCCACCGATGAAGCAAAGGATGGCAACCAATAAAGCCGTGATAGCGTCGCCACGAACGAACTTCGCAGCACCGTCCATTGCCCCGTAAAAGTCCGCTTCCAGTTCAAGCCTCTTTCGCCTCTCCCTCGCTTCCTCTTCGGTAATGAGACCTGCTGACAAGTCGGCATCAATGCTCATCTGCTTACCAGGCAAAGCGTCAAGGGTGAAGCGAGCAGCCACTTCGGCAATTCGGTTGGCGCCTCCCGTCACAACCGCAAACTGGACGATGAACAGGGTCAGGAAAAGCACAACGCCGACGAGGAAGTTGCCTCCCAATACAAACTCGCCCGTTGCCCTGACAAATTGACCAGCATTGCCAGTGGTCAAAATCGCTCTCATCACCGCAACGGAAAGGGCTGTCCGAAAGAGTGCCGAGAACAAAAGCAACGACGGAAAGGATGACATTTCAAGGGCATCTCGCAAAAGCAAGACAGCGAAGAAAAGCGTCAAAGCCGTAACAAAATGCAAAGCCAACATCAAGTCCAGCAAAATCGGCGGCATCGGCACCAAAAGCATCGCCAAAACCAAAGCCACCGCCACCACGGTCCAGACTTCTGTTTGCTTAAGTCCTAACGATTTTTGCACCGACGCCATTGTTCATTCCCCCTTGCTGGCGAGTTGCTATGCTTGTATTGGACACCAACGCTGCCCTACAGCGTTGCTGCTATTTGTGCAACTGATGGGAGGCGATTCATCGTGACTGTTGAAGAGATTTTGCGCGAGATTGAGAAGCAACTGGGCAAGTTGGACGAGAAAGCCAAAGAAGCCGTCAAACTGGCTTTGAAGTTGGTTCAAGGCGAAACTGAAAAAGCCACCGAACCTGTCTGGCAAGGCGAAAACCCTCCCTTTGAGCAAATGGCGAGTTTGGACATTGAGGAACGAAGTCGCATCATGAACGAACTTGAGGAGCGAAACAGGGAGTGGCTTTTGAGGAAGTGTGAGGAGTTGGGGGCGATGTGGCTTTTGGTCGTTGACGGTCAAGTTTACGCTCACGGCAAAAACTTGGCTGACAACCCGCCAACCGATGAGGAAAAACTGGAACTGGCACGCAGGACAGGTAAGTTGCCGTTGATGTTCCTTCACCCAGCTCTGTTCTGGATTGAGGAAACTTCTTGGCACCCGACCGTCTATGCAGGTGATGCTTACCCGACCGTTCGTTGTCGTTTTCGGAATGCGTCCGTAAGTTGGGAAGCAGTGGCAGACTTTGACACGGGCTCGGCAGCGACTTTCGCCGACTTTGATGAATTGGAACGGCGCGGAATCGTTCAACTTCTGCCTTCTGACTTCATTCACTACCGAAGTCACTTGGGGCGAACTTTTCGCTGTGTTGACAAGGTGATGGAAGTGGGTTTGATTGCCGATGACGGAACGGAAAGGAGTGCCCCACATAGCGTCCTTTGCGTCTTTGATTGGCATCTCAGTCCCTTCGTCGCAGTCAACCCCAATAGGGTTGCCCTTGTTGGTCGCGACATTTGCTTGCGGCTTCAACCCAAAATCGCTTTGGACTTTGCAAACCTCACGACTTCCCTTGCCTTCTAACCTCATTGCCTCCTGCGCCAAACTCTTTGCAGGAGGCGATTCATCGTGACTGTTGAAGAGATTTTGCGCGAGATTGAGAAGCAACTGGGCGAACTGGACGAAAGAGCCAAAGAAGCCGTCAAACTGGCTTTGAAGTTGGTTCAAGGCGAAACTGAAAAAGCCACCGAACCTGTCTGGCAAGGCGAAAACCCTCCCTTTGAGCAAATGGCGAGTTTGGACATTGAGGAAAGAAGTCGCATCATGAACAAACTTGAGGAGCGAAACAGAGAGTGGCTTTTGAGGAAGTGTGAGGAGTTGGGGGCGATGTGGCTTTTGGTCGTTGACGGTCAAGTTTACGCTCATGGCAAAAACTTGGCTGACAACCCGCCAACTGAGGAAGAAATCTTGGAGTTGGCAAACCAAACGGGTAAGTTGCCGCTCTTCTTCATTCATCCGTCGTTGCTTTGGGTTGAAGAAACTGCTTGGCATC
CP130454.1_gap68	2619780	2622056	2276	TCAAAGTCACGAACCCGACATACCCGACGAGAGATGCCTTCAACACTGCCCTTGTCCCATCCCACAGAGTCATCAACGAGAACATCCGCTTGAAACCGCTTACTGGGTTGACTTTCTGCCAGTCAAACCGAAGTGGGTAGAAGGTGAACAGGAACTGAGTTTGAATTGCACCTGCGAGGAAAGCAACCAACATCAACCCAGCAATGAAGAGCAACGGCTTCAACATCACATCGCGAACCAAAGGCGACCAATCGCCCCTGACGAGCAAAGCGTTCATGGCGCTGCTTAGAGAGTTGAGCCACGATGGGAAGAGCAAGACACCAAACAATGCTCCAGCGAACAAGACCACCGTCCCTGTTAGTTCAGCGCTCCTCGGCACTATGCCTTGTTTTCTCGCTTCCTCTCTTCTTCTCGGCGTCGGTGCTTCTGTTTTGTCCGACCAGAACATTCGCCATCACCTGCCAAAAGGAAGTGCTAAGTGCGGAGTGCGGAAAGTAGTGTTGGAACAGAAACTGCAATGTGACGCAGCAACTTCTCGCAAAGGTTCGGCAGAGCCGTGAAAGAGAAAGCGATGACCAAAACCGCAAGCCCGATTCGCGCGGGCATGCCCCAAAGGAGAACGGAAAGTTGAGGTGCTGCCCGCCCCATCATCCCAAGCACGAAATCGGTGAGCAAGACAATTCCAATCGCAGGGATAACGAACGGCAAAACGATGAGCAAACCGTTGGCAACTAAAGCCATCCAACTTTCGCCCAAAGTGGTGCGGAGTGCAAGGTGCGGAGTGACAGGTAACAACTTGTAACTGAGAGCAACGGTGCGAATCAGCCAGTGATGTCCGTCCAGTTGGAAGAAAAGCACTCCAGCCAACAATGTCGCTGCCCTCGCAACGATCGCTGCTTTCGTTCCCAGCAGCGGGTCAACGAGAGCCGAAAAACCAAAACCAACTTGCCAGTCAACGATTTCGGCGACCCATTCAACAAGCCAAACGAACGCAGCGAACGAAAAGCCTATCAGCATGCCTATTGCGACCTCACGGAGTAACAGCACCGAAAGCAAAACGAAATTGTCAAGGCTAACATATGGCACAGATGCGATGCCTGATAGGGCTGCACCGAAGGCTACTGTGGCTCGGGCGAGTGGCGGGACTTGCGGTGACGAAAGCCCGGGCATCAAAGCCATCGCACCTCCGAACCTTGCCGCCGCTATGAGCCAACGAACCCATTCGTTGAGCCAGATTTCTGGCACCATGTTCATCGCACCACCTGCGGAATCAGGTTGAGCATCCGAACTGTAAACTCCGTCGCCAATGTCAAGCCCGATGCACCAAACAGAAGCAAGATAGCGAAAATCGCCAAGACTTTCGGGACGAAAGACAAGGTAAATTCCTGAACACCTGTCGCTGCCTGCAAAATGCCTATGACCAAGCCGATCACTAAAGCAGTGACCAACAAAGGCAGCGCCAGCATCAACCCGACCATGAACGCTTGCCTCAAGATGTCAACTGCAATTGTTGCCGTCACCTCTGTTCACCTCTTTCGCGCCTTACGGCGCTCCTACTGTTTGCAGTCTCTAACGAACGCTTAGAGCCAAACCTTTCATGAGCAAGTGCCAACCGTCAGCGAGCACGAAGAGCAAGAGTTTGAGTGGCAAAGAGATGAGCATGGGCGGAACCATCAGCATTCCCATGCCCATCAAAACGCTGGCAATGACCAAGTCCAAAACCAAAAACGGAACGGCAAGCAAAAAACCAATCTCAAAACCTGTCCGAACTTCGCTCAAAACGAACGCAGGGATGAGTATGTAGGCTGGGACATCTTCGGGTCTTTTCGGGTTGGGCAATTTGGCGATGCGCAGGAAAAGAGCGATGTCCTTCTCCCGGACTTGACGAAGCATGAACCTTTGGAAGGGTTTGTAGCCTTCCGCAACGGCTTGTTCAAGTGAAATCTCGTTTCGCAAAAATGGCTGCAAACCTTTTTCGTTTGCCTCTTGCAAAGTCGGCGCCATGACGAAAAGCGTCAGGAACAATGCCATGCCGATGACGACAGGGTTGGGCGGGGTCTGTGGCGTCCCCATAGCGACCCTTAGCAAACTCAAAACGATGACGATGCGGGTGAAGCAGGTCATAACTGCCAGCAAAAAGGGAGCAAGGGCAATTAGCGTCAGAACCATCAAAATCTGCACAGACTCCCGCATCAGGCTGAGTTGGGCTTGGGGATTAGGGACTGGGGACTGGGGACTGGCAAAGGAAACGAAAACGCTGAGCAAAAGAGGCACGA
CP130454.1_gap69	2633213	2636381	3168	TCGGGGCAAGTTGCTCAAAATCTGCACCAAAACTTGCAAACCGTTGAAACGGGCAGTCCTTTGAGTGGCTGGAGCAATGGCATCGTGAAGGGATTTGCGGAGTGTGTCCAAGACCTCTTCCGGCGGAGACTCAGTAATCAGCAACCTTAGGGCAACTTCAGAGCGGAGTTCGGGTGAGAGTTCGTTGAGGATGGCAGCACCGTGCGAGGGTGGCAGCAGCCCGAGCAAAAGCGCGATGGCTTGAGGGTTTTCGTTCCTCACCAACTCAACGAGATGCTGAGGTGGAACAGCGCTGAGTTTTGAGAGCAACTCAACATCTTGTCGGTCAGGTGTAGGCTCCTTCAGCAATGCCTCCAGCCTTGACCACAGAGCAGCACCTTGCTGAGCGCCGAAGGCTTGTATGAGCAATGAACGGACCTTGGTAGCACCACCGGTGGCAACGGGCTGTTGACTCTCTAACCTTTGGAGCCCCTCCTCAACGAGGCGTTGAACGGTATCGTCTGCCACGACTCCCAACCGAGCCATTTCACTGAGCAAAATTTCAACCTCAGTTTCATCCAAGTGTTTGAGCACAATGGCAGCCTCTTCTGGCGGAAGCAGCGACAGCAAGATGGCAGCCTTTCTCCTTCCCGTCAATCCCCTTTGTTGTCTGGCAGTTCGCTCCAATGTCCTTTGCTCCATCATCGCCTTCCTTCCTCCTTTGCTCCGTCTTCAGCCAACCAACTTCGGATTAAGTCAGCGACACGGTCGGGAGAAGAGCGAACAAATTCCCTCAAGCGCTCAAGGGAACGAACTTCCTCAGGAACAGGGGGCGGGGAAACCTCTTTTGCCTCTTCCATTGCTTCTCGTGCTTCGGGAACCTCAGTTGGCAAAGAGGGAGCGACGGGAGCCCCACGGCGCCGACGACGCCATGCCACGAGGAGGGATGCGGCTATTAGCAGCAGGACGGGGACTGCTGCCAGCCAATACCAAGAGAACCTCGGCGCTTTAGGGGCTCGCCGCCGCTCAAGGGGTTGGGGAACGGTCGCCCGTTCAAAGCGGACGGGCACTACGGCAACAGTATCGCCGCGACTCGTGTCCAAGCCGACAGCCGCCATTACCGCTTGCCTCAAAGCGGTTTGCTCCGAAGGCGACAATTCACCCTTGACTAAAACAGCGACCGACACGCGCTTAACTGTCCCCGGTAATTGCTCCACTCGTTCAATTCGCCGCGAAACGCGATACTCCATCTTCCGCTCCGTTCTGGTGTAGTTGCCACCAAGCAAAGTCACCGGCGTTGGTGGGACCAATTGCAAGTTGGAGGCTGTCCCAGCAGGAGCAGCAACTGGAACGCCCTGTGCTTGATATGTCTCCTGCTTCTCCTCGTGAGAGACGGGAACACCTTGCGGTGAATTGCCCGCGGGCATGTAGATTTCGCTTTCGCTCTCCCGCTTGTTAGTGTCAAGTTCAACGCTCACCTGCACTGAAGCGCGACCGTGACCCAAAGTCCTGTCCAAAAGGCTTTGAAGCCTTTGCTCAATTGCCCGCTCAATTTCCCAACGCATTCCGAGAAACTCGCTCGCGCGACCGAAGTGATTGGAAGCCCCATCACCACTCCACAAAAGGTTGCCTTTCGTGTCAACGATGACAACCTTTTCGGGTCTGAGCCCTTCAATGGCTTGAGAAACCAAGAAGGCGATGGCTTTGGTTTGCTCAGGCGAAAGGGTTCGTCCCGGTTTGAGGGAAAGGACAACGGAAGCGCTGGGCTCTTCGCGGTGCTCTTCAAAAACTGTCTGCTCCGGCAAATTCAAATGCACTCTTGCACTGGCTATTGGGTCCAAGGTCATGATGGAACGAGCCAATTCGCCCTGAAGCGCTCTCAAGTAATTGGCTCGTTGGACAAAATCGGAAGCTGCGAAAGAGGTCTTGTCCAACAACTCAAAACCTGCGACGGCAAAAGCACCCGAACGAGGCAAGCCAGCCTGAGCAAGCGCCATCCTCGCTTGGGCAATTTTGTCTGCTGGGACTTTGATTGCACCTTCGCTTTCAACGACCTGATGCTGTATACCAAGCCTGCTGAGTTCAACGGAAGCGGCAGTCAAGTCTTCGGGCGAAAGTCGGCTGTAAAGGGTGACGAAACTCTCCTGTCGCCCCAGCAAAACCATCGCCAAAAGCAAGATGGCTGCTCCAACTGCGGCTGCTACCACCACAACCCTTTTTCTTTCCGGCGTCAAACTCGCCCACCAGGTCGTGAGCCGTTCCACTGGTTCTCACCTTGCCTCGCCGTTACAACGGCATGCGCGTCAGTTCTTGATAGGCTTCAAGCAACTTGTTGCGAACGGCGAGAAGCGTTTGAAACGCTAAATGTGCTTTCTCAGTTGCAAGCAAAACTTCGTGAAGTTCAACGGGTTCGCCAACAAGCAAGCGTCGTTTCAATTTGGAGGCATAGGCATCTGCCCGCTCAACTTCGCGCAACATGCTTTGCAACGCTTCTGCGAAACTTCCGACTACTTTCTCCGTTGGCTTACCTTCCTCAATTTGCGGGGCTATCGTTCGTATCCCTTCAACTTGCACGGACTTTCACCTCCGTTCACCGCAGCAAGTCCAAAACTTGCTGGAGCATTTGCCTCTGAATGGCTAACGCTTGAGCGTTGAACTCGTAGCCCCTCGTCGCTGCCATGAGGTCAACCATCTCTAAGACAGGGTGGACATTGGGCATTCGGACATAGCCGTTCGCATCGGCATCGGGATGAGATGGGTCGTAAACGAGGCGGAAGGGGGAGGGGTCATCAACGATGGCAGCGACTCGGACTCCCAAGCCGTCTTGCATCATCACGACCAATTTTCGGCGGAAAGGTCCACCTGAGGGGGTTCTGGTCGTCTCAGCGTTGGCAATGTTCACTGCAACGACTTCTTGCCAAATCCGATTTGCTGTCATCCCGCTTGCGCTGATGTCAAGACCGCGAAAGGCGCTCATCGTCTCTCACTCCTTTCAGGTCTTATCGGCGTCCTTCAAAGATGGCTGACCTGAGTTGGGCGATTTCTTTCGCCGCAAGTTGCAAAGTTGTCCGATAAAGCAAAGCCACCTTAGAAAGTTCCGAAAGTTCGCGCTCAGGGGATGTGTTGTTCCCATCAGCCCTCGTTGGCGTGGAAAAATCCAACTGGACGACGATGGCGGGTTCGGAGTTT
CP130454.1_gap70	2639296	2644089	4793	CGTTGACGAAGTTGAGGATGGAATTGCGGTGCGACTTAAGCGGCGGTTGGAAGATTGGCTTTCCTCTTTGCCGATGCCTTTCGGCGGCAATTCAGTCCCTTCGGGGGTAGTTGCGCGCCAACCGGCGTTGCTTTCCTTACGCATGCAAGAGGTTGACAAACGCATCAACGAGTTGAACGAGCGCCTCAACCGAGAGGCGGAGCGACTGCGCCGACAATTTCTCGCCCTTGAGCAGCAAATCGCTTACCTACAGCAGCGATTGGGTGGACAAGGCTTGGCAACAGTTATCGGCACAAACTTGCAACGCCTCAGTTGAAGGGGAAAAGTCTGTAGGAGGGGCATCAGCCCCGAACTAAATTTCGCCCCTCACGGGGCTCCTACCAACGCAAACAGTAGGAGGGGCGTCAGCCCCGAACAAAAATTTCGCCCCCAATGGTGCCTTCATTGCCTTCCCATGCTTAACAAAACCTGCGGTCAACGCAATACTCTCTCAAGACCTGCGAAACCTGCTTCAACCGAGGGTGATGGGACATGACCTTTCAGGACTTGCTGATGACGCTGCAACAATTTTGGGCTGAGCAAGGTTGCTTGATTGTGCAGCCTTTTGACATGGAAGTTGGTGCTGGGACGATGCACCCTGCGACGGCTCTCCGTGTCCTCGGACCTGAGCCTTGGAATGTCGCTTATGTTCAACCTTCCCGCCGACCCACTGACGGGCGATACGGCGAGAACCCAAACCGCCTGCAGCATTACTACCAGTTCCAAGTCATCATGAAGCCTGCACCGCCCAACATTCAGGACATCTACCTTGAAAGTTTGCGGAGGCTCGGAATCAACCCTGAAGAGCACGACATTCGCTTCGTTGAAGACGACTGGGAGTCGCCGACTTTGGGCGCTGCTGGTGTCGGCTGGGAAGTTTGGCTTGACGGGATGGAAATCACCCAGTTCACCTACTTCCAGCAAATGGGTGGCATTGAACTCAATCCCATCAGCGTGGAAATCACCTACGGTCCCGAGCGCATCGCCATGTATCTGCAAGGGGTTGACAGCGTCTTTGACCTTGAGTGGGCTCATGGCATCACTTACGGGGAATTGCACAAGCGGACGGAATATGAAGGCAGCGTTTACAACTTTGAACTTGCCGACACCGACATGCTCTTTCGCCTTTTTGAGATGTTTGAGCGGGAAGCGGAGCGAATTTTGGATGCGGGCTTGGTTTTCCCAGCCTTTGAATACACGCTGAAATGTTCCCACACCTTCAACTTGCTGGACAGCAGGGGTGCGTTGAGCGTCATGGAACGAACCCGCTACATCAAACGAGTTCAAAGGTTGGCTCGCCGCTGTGCCGAAGCCTACTTGAAACTCCGCGAGCAGTTGGGCTACCCGCTTTTAAAAGCCAGAGAAACGGTGGCAATTAGTTCATGACAATTCAGCAAAGCAGGATGAAGGAGGCAACGGAGAAGGAGGTGGCAGATCGGGAAGGAGGGCGAGATGTGCGAAGGCGAGATTTTTTGAAGTTTGGGGTTAGGACGACGCTGGCTGTAAATCTGATGCGCCCTTCGTCGGCTAATCAACGCCCCAACATCGTTTTCGTCCTTGCCGACGACTTGGGGTGGCGGGATTTGGGTTGCTACGGGAGCAACTTTTACGAAACGCCCAACATTGACCGATTGGCACAAATGGGCATGCGGTTCACCAACGCTTACGCTGCCAATCCATTATGTTCGCCGACACGGGCAAGCATTTTGACAGGTCAGTATCCGTGCCGATTGCGCATCACTATGCCGAATGGTCACCTTCGTGAAGAACTGCTTGACCCAACTGTCCCAAGTTCAGGACCGCCTTCGCAAAAAGCCGTTACACCGCAAGTTCGTAACAGGTTGCCTTTTGAGACCTACACCCTTGCTGAAGCGCTTAGAGATGTCGGCTACAGGACTGCACACTTTGGCAAGTGGCATTTGGGTTGGTCACCTTACAACCCTGAAAATCACGGCTTTGATTTCTCGTTCCCGCCAAACCAATCGTGGCCAGGTCCGCCAAACTACTTTGCGCCCTTCCGCAAAGATGCTGTGAAGGACATCCCAGAGTTGCGGGATGCGCCTGAAGGGAAGCACATTGACGAAATTGTCGTTGAGCAGGCTCTAAATTTCATCCGCCAAAATCGTTCGCGACCTTTCTTTGTCAACCTGTGGCTTTTCTCCGTCCATGCACCCTTTCAAGGTCGGGAGGATTTGATTGCCAAGTATCGCCAGAAAGCCGAGCAGATGCCGGACAACCCGCAGAGGAATCCCATCATGGGCGCAATGATTGAAGCGATGGACAGTTGCATCGGGATGTTTTTGCGCGGTCTGGAAGAGATGGGTCTGATGGAAAACACCATCATCGTTTTCACTTCCGACAACGGTGGCAACATGTATGACCGAATTGGCTTGGGTCTTCCGCCGACAAACAACGCGCCACTGCGCAACGGTAAAGCGTCGCTTTACGAAGGTGGCACGAGGGTGCCGCTCATCGTCGTTTGGAAAGGACGCATCAAACCAAACAGCATCAGCGACGCCATCGTTTCCAGCATTGACTTTTTCCCGACGCTTGTTGAAGCGGCTGGCGCAAAAGTTCCAAAGGAGCATGTCGTTGATGGTGTGAACCTTCTTCCCGTTTTGCTTGGGCACGGTTCTTTGCAACGGGAAGCCATCTTCTGCCACTTCCCACACTATATTCCAGCGACGGGGACTGTCCCCGGCGTTTGGGTTCGCAAAGGCGATTGGAAACTCATCCGCTTCTTTTGTGACAACGACGACCAAACCGACAGGTTTGAACTTTACAACTTGCAAGAGGACATCGGCGAAACAACCAATTTGGCTGAGAAGTATCCGGAACTTGTGCACGAACTGAATGCTTTGATTGACCGTCACCTTCAGGAAACGCAAGCCCTTGTGCCCACAAAGAACCCGAACTATCGCCCGCCGGTGGCAGGTTGGCAGCCATCTCAAGATGCTCGGCTATCGTTGAAAGGTGGAATGTTAGTCGTTGAGAGCATTGGCGGCGACCCATTCATCTTCACCAACGATGTGCCGAAAGTTCAAGGGACGCTAATTGTCAAGGTGAGGATGGCATCTAAGTCAAAGGGCATCGCCCAAGTCAACTGGGCGACGGAAAAGGAAAGGCAATTTTCACCGCAGCGGAAGGTTGTGTTCAACCCAATCCACGACGGTCATTGGCACGAGTATGAAGTTCGTTTCACATGCGATGCACCGCTGTTGAGTTTACGCCTTGACCCCTGCAGTGCGCCCGGCGTCGTGCAAATTGACTGGATTAGGCTGGTCTCCGAAGATGGCAGACTGCTTAGGACTTGGGAATTTGAGAGGTGACGGAGATGCCAGAGCAAGCGAAAATCGTTCCGCCTGAGCCTGACGGCTTTTTGCCGTTGCTTCTCAAAGACTTTCAAGCGCCTGATGCGCCGTTTCAACCTGATGGCGAATGGGAGAGCGTTTATCGTCTCTTCCTGATTGGCATTTTGGATGCGCCACAATATCGCGAATGGCGATGTCATCCTGCCGGTGCGTTGCGGTTATCCCGCAAGCCAAGACCTGATGGCAATTTCGTCTTGCAAGTTGAATTCATGGCTCACCAATCCCTTGAAGCCCACGCCCGTTCGTTTGACTACATGCAAGCAGAAATCCTTTGTGCCGATGACGATGCTTCTTCCCTGCTTCGTTGGAGACGACTTTCAATGCAACTGACGCCGAAAGGCGAACCCATTGAGGGGACGAAGTTGGAGATAAATGGCGAAGTGACCCCGAATGGGCTTGTCCTTCGCTACGCTGGTCGGGAACGAAGAATCAAAGCGCCGTTGCCCATCACTTGCGATTGGGCAATTTTTGACCTTGTCCAAAGGCTCTCCCAAAAGTTGGGCGAGCAACCCCTTCGCCCATCGGAGCCCAAACCTTTGCTGGAGTTCGCATTGCTTGAAGACTTGGAGTTTCTGCGAACCAACCATCGCATCTTTGCAAGCGAACCTTTAGAAGGGACAGGGGACACGGGACGAGGGACATGGAATGTGGAAGTTGACGGGAAGCGGTTTCGTTGGCGTCGCTTTGTCCAGTTTGGCGATGGCGTTTTGCCTTGGACTTATTGCCTTGATGAGCACCATCGTTTAGTTCTCGCCTACAGTGGCATGCGTGCCTACCTTTACGACCCAACCGCTGAGTCGGCATTCCCGTTCGGAAGGGACAAGGGACACGGGGCAAGGGACATGGGAGGCGAAAGGGTTGGTTGAATTCGCAACCGCGACTGCATTTGGTCGGCAGGAAGTTAAGGGAAGCAATGAGGTGACAAATGAGAGGTGAGGGAGATGAGCCGAAAAATGGGCAGGCGGGAATTTTTGCGGGTAGGCGCTTTTGGGGTAGTGACGGCGATGCAGAGCCATTATGGCTCAGTGAGGGTTCAGCGCCGACGACAACCCAATCTGCTTTTCATCCATGTTGACCAAATGTTTTGCGATGCCATGTCGGCTCACGGATGCAAATACATCCGAACCCCGAACATTGACAGGCTCGTCGCTCAAGGCATTTCTTTCAGGCTTTCCTATTCCGCCAACCCTGTTTGCTGTCCTGCAAGGTCGGCTTGGTATACAGGTCGCATGCCTTCAGAAACGGGCGTGGTTGTTAACGATGTCCCAATCATTGAGGGAATTCCCGACTTGGGTCAATGGTTTAGGGCGCGAGGCTACGAGGCGGTTTATGTCGGCAAGTGGCATGTGCCGAAGCGACCCCTTGCCAAAAGTTTTACTGTCC
CP130454.1_gap71	2653597	2656681	3084	AAACTCCGACCTTAAGACCTGCCGATCGCAAAATTGCCGAAAGGAACGAAACCGTTGAACCTTTCCCGTTCGTGCCTCCAACGAGGACGGAGGGGAAGGTCAGATGGGGGTTGCCAGCAAATTCCATCATTGAACGAATTCGCTCAAGCCCAGGCTTGATCCCGAACCTTTGCAAGGTCTTCAAGTAGCCCTCACTGCTCGTCATCCTTTGTCGTATCACCACCGTCGGGTTGAGCACTCTTTTGACCTTCACTCCCCTCAGCAAGTTCCCAATCTCGTTCCCAAGCATTGGCGAGCCAACGCAATGCAACGCGGACGCCAGAAGGTGCCCTGTCGCCAATCAGTTTGCTGAGCCAGTCACTTCCGAAGTCAACATTTGCCAGCAATTTTTCGGGCTCAACCCTTTTGGCTTTTGCGAAGGCAATTATCAGCGCAGTTGCTCCGATGTCTGGCGTTTTCTCCCTGACCGCAACGACTTTGTCCTCACTGACCCGCAAGTGATATGCGACTACTTTGCGGACGACGGGAGCAGGTGCTTTTCCTTCCGAAGGCAAAGGCGTCTTCATTTCCAGTGCTGACAACCTCGTTTGGTAAGCCGACAGCAGCGCTTTGTCAACTTGCGCCCGCTTCTCTTTCGTGCGAGACAGAAGGGAGTGCAAATCGGCTGTGGCGCTTTGAAGCGCTGAGCGGGCAAGTTGCAACTTTGTCTCAGCCAGCCAAACGAAACTGCTCCTTTGCCTCTGCAGCAAATTGGCGGCTTCAGCCAAAGCGGAGACTGCCCTCGTTATCTGTCGCTCTATGTCGCGAACCGCCATTGCGTCCCTCTCAAAAGCGACGGCGACGCGGAAAAGGATGCGGCTGCTTTCGTCGGAAGCACTAACGACGCCTTGCGGCAAGTTGTGCCCGTGAGCGACAAGGCGCTGCCAATCCCTAAGCGCCCGCAACCACAACCCTGTTGCGTAGCGTGCATCTTCAAACACGCTTTCCACTTCGGACATCGCAATTTGGAAGGCAGCCAATGTCCGAGCACAATCTTCTGCCACTTCATCGCGGGTTCGCATCAGATTGTCAAGTCTCGTCGCATCTCGCCAAGAAAAAACATCATCGCTGTTCCTTTGGTCTCGCCTTTCCGATTGACTGAAGGTGATGGAAATGGGACCGAACCTGAGTGGAATGGAGCGCATTTGAGACCACAAGTTTTTGACCTGAAGGGCAGCGTTACCTGTAGCGCTGAAAGCAGTTTGTTGCCCCTCCGCCCATTGCCTTTCAACTTGCTCCCACTCAGACAAAGCCCTTTCAAGCCATTTCAAAGCAAGGGTTTGCTTGGGTGCTGGGTGCAATGCGCTGGGTGCGGAATTTTGCGAGGCGCTTTTAACCCTCTCCAAACCCTGCCTCGCCATTTCGTTTTGCGGCTCCAGTTCCAGCGCCCGTTCATACCACTTTTTCGCTTCATCCCACTCCTGCAATTCCTCTCTCGCCTGAGCGAGACCGAGCACTGCGGGAACATAAGATGGCTGCAATTTCACCGCTGCTTCGTAGTGAAGGGCTGCGTGGCGATACAACCCCCTTTGGGCATAACCTGCAGCCACCATCGCATGGGCAGCGAAAGCAGGTAGGTCAGGGTAAATTCGCCCCAAATCCTCATTTGCTCGTTTTGCTCGTTCCAATCGCTCTGTTGATGGCGGGTGAGTTGAAAGGTAAATGAGCCATCTGGCAGGCTTGCCTTCGTTCTTGGCAAACTTCTCAAACAAAGCAACTGAACCCTTCGGGTCATAACCTGCCAAGAGAGCAAGCCTGAGGGCGTAATTGTCGGCGTCGCGCTCGTGCTGTCGGCTGTATCCCAGTTCGTAAAGGGATGCAGCGAGACCTGCGAGGGTTTGAATCGTTTCGCCTCGCTTGTTCAGGTTCAACAAATCTGCCAGCAAACTGATGCCCAAAGACAGACGGAATTGCTTAAGGGAGTGACGACCAGCCACATGACCGACCTCGTGAGCCAAAACTGCAGCCAGTTCGTCTTCAGTGTCACTCGCCTCCAACATTCCACGAAAGACATAAATCCGCCCGTTCGGCAGTGCGACAGCGTTGACCTCTCCCGTGTTCAGCACTCGGAACTTTATGGGCATGTCTTTGCGGGGCGAGACTTCGGCGACTTTCCGTCCTGTCGTTTCCGTCAACTCTGCCAAAAGCGGGTCTTCGGAGCGCTCAAATCCCAACTCCCAGAAGGTCTGGGCGATTGCTCCGAGAAGTTTCTCAATTTCACGGTCTAAGTCGCAACCAACTAACGCCAACAAAAACGGCAAAACCATTATGGCGCCTAAGTGTCGCCAACGCATCTCAAATCACCGCCCTTTACGAGACATAGCGGACGGCAAGTTTCACGAACGACCATCTTTGTCAAGTCCACGAAGCCAAGCCTGAACCGTCGTCGCAAAATGCGGAAAGACAACCTCTGGCTCATCCAAATCCGGATGCCATCGCTTCTCCCACTCAAGGGTCAGGAAGCCTTGGTAGCCGATTTTGCGCAACGCCTTGATGGCGTCAACGAGAGGTATGTCGCCTTGACCAACAGGGACATAACGAACTTTCCCGTCCTTAACGACGGAGTCTTTCAAGTGGGTCGCAACGATTCGCTTGCCGAGATAGTTGACAGATTGCTCGGGTGTCTCACCTGCCCGGACGGAGTGGTGAACATCCCAAACGCAACCAGCATTTTCAGCGGGAACTTTCGCCAAGATGGCAGCGACATCTGCTGCCTTGACAAGGGCATCGTGGGTCTCCAAAGCCATCGTCACGCGCAACGGCTTAGCCAACTCAGCCAAAAACTGCAACCTTTCTGCGACGATGGCAAAGTAACTTGCTTTGTCCATTCCCTGTGGGATATTTCCGCCGAAAACCCGAACGACTGGGCAATGCAAATCTGCAGCCAGTTCTGCGTAGGCTTTCGCTTCGTCAAGTTGCTTTTGCCACTCGTTTTCCGGGACACCCAGTCTTGCCGATGAGCCGAGCGCCACAATTTGCAAGCCAGCGTCGTGGAAGCGTCGCCGAGTTGCCTCTCGGTTTTCAGGGGTCAAAGCCTGATGCTTT
