gap_id	start	end	length	sequence
CP133038.1_gap1	29526	30550	1024	AGATGAACGTCGGCTTCCAATAGATGCTCTCCGTAATGCCGACAAGCGCCTGATACGTCGGGATCGGGTAGGTGCTTTTCTCGCCTCCGACCCGCGTCAGGGGATCGCTGAACAGCGCATACTCCCCCAGACTTGATAAGCAACCCTGTTGGCTTTTTGCATGCGTTCGCCTCCTTGTTCTTTTTTGCCGATTCAGCAAATATACTTGGCCGGATCGACGCCGCCCTCAAAAACTATACCATATTCGTCATCATAAGACTCTTCGTCCAGCAAACAATAAATTCCCAAGTTCTCAAAGAAACGCAGTTTGTGGTCTTTTTCCAGTTTCCTCAGGCCGTCCGGATAGACACTGACCGAATACCGCTGCAACTCGCGAAAGAGCGTCTTTTTATCAAGATAATCCGAAGCGGAAAGCAGCTGCCGCTGCAATTCGATCCCTTTGCCGTACGGGACAAGGATCCCCGTCGTGTTCTCGTCGATGACGCGAAACTCCCTGCCAGCTGTGCGAAACGCCTGGTGCAGGATTCCATGGTGCGCCCTTTCGTGCCTGCTTTCATATCCTACCAGCGCTTTTCTGTTCGCCGCGAGGTAATCGAAAAGCGTCCGTCCGGCGTCATGAGGCGCAGGATAGTCCATCGATCCGCGCTGCTCATGGTAATAGTAACGATAATACGCGCGAAGCGTTTCTTCAGAAAAGTAATCCTGCACGGGAAAAAACGACATATCGGAAAGAACGAGGGTCATCGCATCCTGCGCCCTGCGCAGATCGGGCAGCATGGCAAGACCGGTCTCTTGGTAACGGATAAAATAGACATAGCCGCGCTCCACAAACTTGTTCCGGTTGCAGCGGCCGGACGCCTGCGTCAAACTGTCCAGCCCTGTCTTGGAACGGATCACCGCGTCGAAAGAAATATCGACGCCGGCCTCGATCAGATTGGTGCTGACGCAAATCACTGCTTTATGCTGAGCCAGGAGCGAATTCATCTCGGTGATCTTCGCCAGACGGTGAGCGCCGCACATGTTG
CP133038.1_gap2	153468	156501	3033	AGCGTTGACGACGAGGGCGCGAAGATGCCGACCACGATCGTGACGACGATCGGGAAGAGGATCCTGGCACGCTTGCTCACCGTGCGCCCGGCGCGGAGCGTCATGTTCATGCGCCGCTCCTCTTTGGTCGTCAGCGCGCGGACCACCGGCGGCTGGATGACCGGCACCATCGACATGTAGGAATACGCCGCCACGGAGATCGGTCCCAGCAGCTGCGGCGCGAAGCGGCTGGAGACGAAGATCGAGGTGGGGCCGTCGGCGGCGCCGATGATGCCGATCGAAGCCGCTTCCCTGACGCTGAAGCCGAAAACGTAATAGGCCAGCCCCATGGTGAGGAAGATGCCCGCCTGCGCCGTCAGGCCGAAGAGCGCGTAGACGGGGCGTTCCATCACGGGCGAAAAGTCCATCATCGCGCCGATGCCGATGAAGATCAGCAGCGGGAACATCTCGTTGGCGATACCGGCGTCGAACAGCACGCTGATCGCCCCCGGCACCACCGTGCCGTCCATGGCCTGCGTCAGCGCCGCCGTCATGGGAATGTTCACCAGCACGGTGCCGAATCCCATCGGCAGCAGCAGCGAAGGCTCGTATTCCTTGGCCACCGCCAGCCAGACCAGCGTCAGGCCGATGCCGATCATCACCGCCTGCTGCCAGGTCAGGCTCAAAAAACCCTGAAACAACGCTTCCAAAACGATTCTCCTCTCAAAATTCCAGCGATGCCGCGGCAGAGCGCGGCTCAGTCTTCCTCGGGCGGCAGCGGCTCGTCGAGCAAGGCGAGGTTGACGTGGCAGTAGCCGCACGGCTTCTTTTTCAGATAATCCTGATGGTATTCCTCGGCCGCATAAAAGTTGACCAGAGGCTCCACCGTCGTGACGACGGGCTCGTCCCAGTTCTTCTGTTCTTTGGCGAGAAGCTCCTCGGCCAGACGGCGCTCCTCGTCGTCGTTGTAGTAGATGGACGTACGGTACTGCGCGCCGATATCCGGCCCCTGCCGATTCAGCGTCGTCGGGTCGATGATGCGCAGATAGTGGCGCAGCAGCGTGCGCAGGCTGATGATCTGCGGGTCGTATTCGACCTTGCAGGCCTCGGCGTACCCTGTGCCGCCGGCTTTGACCTGTTCGTACGTCGGGTGCGGCATGCGCCCGTTGGCGAATCCCACTTCCGTATCCAATACGCCGGGCAATTCCCTCATGTAGGCCTCGAGGCCCCAAAAACAGCCTCCGGCCAAAACGATCCTCCTCGACATCGGTCTTCCTCCTTATTATTCCCGCGGCTCGGCGGGAACGGGCATACGCTCGGGGATCGCCGCCACCTCCAGCCCCAGATGGCACGTTCCCCGTTCCACATCGACTCGATCACGGGGCGCCGCGGGCTTGCGTCAAAACAGCGGGCGACGGCTCCGGCTGTTTCATATCGAAATTATATTCTGCGCCGTAGCGAAAAGCAAACGCAACGCGGCTTTGCGTCCCAGGGACAAAGCGGCGTCGCCCGGCGCGTGGATCCGAAGCCTTGATACATTGTTTGACGAATAGACAGTGTTCCCCGGCGGGCGGACACGACGACAAACGCCTTCGCGGCGGCGAAATACGGCGATCCGAATTTCCAGACAGGATACTATAAAATACGGGCCGTCAAGCGCCGGAAACGACGCCTGACGGCTCTTTCGCTTTCTTTCGCTTAATCGTTTTTCTCCGATCCCCGCTGCTTCCAGACGCGGAAAACCACGGCAACCAGCGAGAGCGCGGTCAGACCGGCCAGTATCGGCCCGAGAGAAGCGTCTTTCTCCGGGGACTGCTCCGAGTTCAGCATGGCGGCAATATAAAAGAGGCTGTATCCAAAAGACAGCCATTTGACCAAGGAGCCGCGCTTTTTGCCATAGAAAAACGCCAGGTTGCTGACGAACGGCAACACAAAGCCCACAAGACAGAGAAAAAACGTTCCCGCCATGGAGGCTACCGTACTGCCCACCTTTTTCACCTCGGCGACCGCCGCCCTGGAACGGTCGGCGATATAACCGCAGGACGAGCACTCGCCTTTGAACATGCGCGCGCCGCAGCGGGGGCACCTCTGCCCTTCGTCGTCGGCCCGCACGCCGCACTGCGGACAGGCCGCGCCGTCGTACTCGGCGCCGCAGTTTTTGCAGATGTGATCCGCCGCGCGCCCGCCGCAATAGGGACATTCGTGCAGGGCTCCGTCGAATTCGGAGCCGCAGTATGCACACTTCTTCATTGGTGATTCCTCCGTTCGTCGGGATAAAAACCCGAAATCACGTTTTTATTTTCGAATAATATCACAGCGGCCGCCAAAAAAGAAGCGCGCGAAACTTTTTCCATCGCACAGCCGCGGACGAAGCGGCTGCGACGGACTGAAAAAACGCGAACTCTCGCGGCAAATTCTGCGAGAGAAGAAATTGATTAAACCTGACTATAAATTTTCCCCGCTCCGTCTGCGCCGACGCAGGAGATCCCGCGAACGCTTTTCGTCCGCGGGATCTCCTGTGCTCGTTATTCCGTTTTCTTCCAGGTGGCGTCGGTGAACACCGTGCCGAAACGCACGTTGACGCCGAATTCCGGCGCCGTCATCAGGCCGTCGCCGTTGCGTTCCGCCAGTCCGGCGGCGGCCGCCGCGGTCTGGTCGGGGAACTCGGTGACCGGCGTTTCGCCGTCCATATACGCCTTGGGCATGACCTCGCCGGCAAAGCCGTAGCGGCGCAGACACGCTTTGACGTGTTCGGCCAGCAGCTCCACCTTGTCTCCCGCTTCGAAGTAGGCGCGCGCGTAAGCCCAGACGCTGCCGTCGGCCGGTTCGAGGCGCACAGCGTAGGACACGGCCTGCGTCAGCGCCGGATAAGGCAGCTTTTCGTTTCCCGCCAACGAAGCATATCCGACCAGTACCGCGCCGGCGTTCATCAAGTTGCGGCGCAGTTCTTCCCTTAACACTCCCATCGGAAAATCCTCCTCGATCAGCGCTCTGTAAGACGCCGTTTTTTCTTATTATATACCAGTCCCCGATCTCCCATCTGATTCTACGAAT
CP133038.1_gap3	208113	212478	4365	CGCTGGTCCACGACGAAGGGCGCACCACGGTTTATTACGGCGACGGGCACACCGGCGTGACGGGATTCCGTCCGGTGACGCTGAGGCGGCGCTATCGGGAATTGATGAGGGGAGCGCGGCATGTGGAGCTTCCCCGTTCACAGGAGGTCAATGGTTCATGAGCACTCAGTACACAGCCGAAGACATACAGATTCTGGAAGGTCTCGACCCCGTCCGCAAGCGGCCGGGCATGTACATCGGCGACACGACGACGAGGGGCCTTCACCACTGCGTGTACGAGGTGGTCGACAACGCGGTCGACGAAGCGCTGGCCGGCTTCTGCTCGGAGATCGCGGTGACGCTGCACGCCGACCAGAGCGTCAGCGTGTCCGACAACGGCCGCGGCATCCCCGTGGATCCGCATCCTTCCAACGGGCGTCCCGCCCTCGAGGTGGTGCTGACGGTGCTGCACGCGGGCGGCAAGTTCGACAACCACAATTACAAGATTTCCGGCGGGCTGCACGGCGTCGGCGTCTCGGTCGTGAACGCGCTTTCCGAGTGGCTGGAGGTCACGGTCTACCGCGACGGCAGGGAATGGCACGAACGTTTCGAGCGCGGCACGCCCGTTTCCGGCCTGACCGGCGGCACCCCGACGGCGAAGCGCGGCACGACGGTGACGTTCAGGCCCGACGCGGAGATTTTCGACGAGGTGACCTTTTCGGCCGAAACGCTGGGCAACCGCTTCCGCGAAATGGCCTTCCTGATCCCCGGGCTCAAGTTCGTCTTCGTCGACGAGGCCGAAGGCAAGACCTGGACGTATCATTACGAAGGCGGCGTCTCGGAGTTCGTCGCCTACCTCAATCAGGGCAAGCAGACGCTGACGCCCAAACCGATCGTCATCCGCGGCGAAAAGGACGGCGTGGCGGTGGAAGTCGGCTTTCAGTACACCGACGAGTACATCGAGCGGCTTTACTCGTTCGCCAACCTGATCAACACGATCGAGGGCGGAACTCACGTGGCCGGCCTGCGCAGCGCCATCACGCGCGGCATCAACGAGGGGGCCCGCCGCGCCGGCGTGCTCAAGGAAAAGGACGAAAACCTCTCCGGCGACGACCTGCGCGAGGGGCTGACCTGCGTGCTTTCCGTCAAGCTGGGCAATCCCCAGTTCGAAGGACAGACCAAGACCAAGCTGGGCAACGGCAACGTCAAGGGCATCGTCGATTCGATTCTCTACGACGGCATCCTGCAGGAGCTCGAAGAGGATCCGTCGGTGATCAAGCCGATCATCGAAAAAGCCATCAAGGCCCGCCAGGCCCGCGAAGCCGCCAAGAAGGCCCGCGAGCTCGTGCGCAAATCGGCGATGAGCGGCCTTTCGCTGCCGGGCAAGCTGGCCGACTGTTCCAGCCGCACCGCCGAGAACTGCGAGGTCTACATCGTCGAGGGAGACTCGGCCGGCGGCAGCGCCAAGCAGGGGCGCGACCGCAAGTTCCAGGCCATCCTGCCCCTGCGCGGCAAGATCCTCAACGTCGAGAAGGCGCGCATGGACAAGATGCTCGGCAGCAAGGAGATCCGCGTCATCATCCAGGCGCTCGGCTGCGGCATCGGCGAGGACTTCGACATCGGCAAGCTGCGCTACAACAAGATCATCATCATGACCGACGCCGACGTCGACGGCGCCCACATCAGCACGCTGCTGCTGACGTTCTTCTTCCGCCACATGCGCGAGCTGATCGAAAAAGGCCATATCTATCTGGCCGTGCCGCCGCTCTATCGCGTGCAGGTCGGCAAGAAAGTCGACTACCTCTACAGCGACAAGGAGCTGCGCAAAGTCATGGACGGACTTGCGGCCGACGGCAAAAAAGCCGCCGTGCAGCGCTACAAGGGCCTGGGCGAGATGAATCCCGGCCAGCTCTGGGAGACGACGATGGACCCCGCCACGCGCCTGCTCAAGCAGATCGAGCTGGACGACCTGGCCGGCGCCGACCAGTACTTCGACATCCTCATGGGCGACCGCGTCGAGCCGCGCCGCCAGTTCATCGAAGAGCACGCCCATGAAGTGCACAATCTGGACGTGTGATTCCCGCGACAACAAAAAGCTTCAACCGAACGTTCGCGTTCGGTTGAAGCTTTTTTCATTTCCCCGATTCGGTTCACGCTTTCTTTTTCGCGAAGCAGCCCCACATCAGCGCGCCGAACAGCACGCCGCCGACGATGTTGCCCAGCGTCACGGGCAGGAGATTGCCGGCGAGGAAATTTTTCCACGTCAGTCCGCTCAGGTCAAGGCCGGCCTCCGCCGCCTTCTGCGCGTACAGCGGCACGTTCTTTGCGAACAGAGCGGCGGGGACGTAGAACATGTTCGCCACGCTGTGTTCGAAACCGCACATGACGAAAAACGCTATGGGAAAGTACGCGCCCGCGGCGCGCCCGCACAGGTCTTTGCCGGAAAGGGCCAACAGCACGGCCGCACAGACAAGGATATTGCACAGCGCTCCCAGCAGCACGGCCGGGACAAAATCCAGCGCGCACTTCGCGGTCGCGAGTTTCATCGTGAACAGCGCCAGTCCGCCGTCGGAGTAATGCAGCTGTCCTGCATAAACGCCCGCGGCGGCGGTCAGCGCCGCGCCGACGAAGTTCCCGACGTAGGCGCAGCCCCAGTTGCGCACCATGCTGCCGACGGTCGCCGTGCCGTCAAGCACGGCGATGGAGATCAGGCAGTTGCCTGTGAACAACTCCGCGCCCAGCAGGACCACCATGATCAGGCCAAAAGGGAAGACCAGTCCCGACAACAGGCGAACCGATGCGGCTGCGCCGGCGCCGTGCGAAATTACGTTTGCCGCCGCAGCCGCTATGGCGATGCAGAACCCCGCCAGCATGCCCAGCAGCAAGATCTTCCAGACAGGCAGACGCGTTTTCGCAGCTCCCGCCGCGGCGTAATTGGCGACGACTTCCGCCGGGGAAAACAGGTTCATCGTTCCACCTCAGGCGTCGCCGTGCGGTCTTTGAAGATATGTGTCACGTCATACACACTCCGTTTCTTTTCCGAAATAATCGCCGTCGCTTCAAAATCTTCCGCGGCGGCGTGCCCCGGCGCGTCCTGAAGGGGCGATCGCACTGCGGCAAGCCCTTCAGAACGCGCGGTGAAAATCCGGACGCGGCTTTCGCGAACGTCTCTATTTTTCAGTTTCCCACCGCACCGTCGGCAGACGATCGTTTAACTCTCGACGAAACCGACGACTTCGCCGATGTAAATCGTGTGGGGAGCTTCTTCGGCGTAATAAGCTTTGGCCGCGTCGGCGGGGATGTTCGCCAGTTCCATGTCGTGGCGGTAGATTTTTTTGCAGATCAGCGTCAGTTCGGCCTGGGCGAAGGTGACGCCGTGTACGACCGCCCGCGGCGTCAGGCGGGTCAGCGCGATTTTATCGCCGTCGCGCCCCGATTTGGAGCCGAGGATCGTCAGGTCGCGGCGGTATTCTTGGGGATAGAAGCCGACGGTGAAATATTCGTTTGCGTCCATGAAGCCGTGCGTGCAGCGCACGGGCTTGACGAAGACCGTGACGACGTTCTTGTTCCACAGCGTGCCCAGCTGCCCCCAGCCGATGGTCATGGCGTTGTAATTGCCGATCGATCCGGCCGCCAGCAACGCCCAGTCCTTGTTGAAAAGTTCGAAAACGTTCACGTTCAGTTCGTCGATGTTTTTCACGATCGTGACCTCCCATAAATGACGCCGGGCACAGTCGCTCCGGCGCGGAATCCGCTTTTTCGAGCGCGGCGCGGCAGATCGATTGAATCGTGTTTTTGCAACGACTCATGCCATGTTCGGTGAAAAATGTTCCACGTGGAACATTTTCGAAGGCGTCCGTTTCGCCGGCGCGCTACGCCTCGCGGTCGACGAGGCGGCGGATCAGGGCCATGTCGAGATGCTCGCGCAGGGTCTGAGCCAGCGTGTCGTACTGCCGCTCCTTGTACGCCTTCCAGTCGAACGGACGCGCGTCGAGCGTCACCCCCTTGCGACGGGCCAGCGCGCCGAGTACGGCGCGGCGGCAGGCTTCGCTGTCGAAAAAGCCGTGCAGGTAACAGCCGTACACGCTGCCGCGCTGGCAGCCGTCGGGCGCGCCGTCTTCAAGCCGGAGCAGCGGCTCCGCGCCGTCGTCGCGGCAGGTCGTGCCGCAGTGGATCTCGTAGCCTTCGAGTTTGGCACCGCTCAGCGCGGCGAAAACGCCTTTTACGGAGCCCGCGCGGGCTGTCGTGCGCGTGCGGCGCTTTTCGGGCCGAAAGCGCGTGACGACCGGCAACAATCCCATGCCGGCGATCGAACCGCCGCCTTCCACGCCCTCTTCGTCGACGATCTCGCGCCCCAGCATCTGGTAGCCGCCGCAGATGCCGATC
CP133038.1_gap4	214981	217661	2680	AGAGACGGACGGTGAATGGAATGGCTTTGTCGGACACATTGCGCGGTTTGTGGCGTTGGTTTCTGGACGACGCCGGGCTTCTGGAGCCGGAGAATGGCGGCGAAGACGCGATGCCGGTTGGCGACGATACGCTCTTTGCCGCGCTCGTGGCGGCGGCGGAAGCGCAGAATGCCACGCTGCCAGCAGGAGACGAAACGCTTTTCGCCGCGCTGGTCGCAGCTGCGGAGGCGAAAAGAAACGAGCGCCCCGCAAGCGACGATACGTTTTTCGCCGCGCTGAACGCGGCGGCAGAACTGGAGAGACCGCGCCGCGCGCTCTCCGGGGAAGGAGCGGCGGATGGCCTGCCGACTTTGCCTGAAGAGCTGCCGGACGACCTTGACGGCTTCGCGGCGCCAGCCGTGCGTAAAAGAGGTGATGAAGCGGTTCAAGCGACGGTCATGCTGCCCGCGGTGGCGGAAAATATCGCCGCGGGAGTTCCGGGACAAGAAGGTACCGACGAGGATCTCGAGACGGCGGCAGCCGCGCCGCGAACCAAAGCTTCCGTCGCGACCAAGGAAGAGGAAGGCGGCGTTCTCTCCGTCGACGAGCCGCTTCTTTTCCAGTCCGCAGCGGATGATCTCCCGCGGGACGGCGCCGGCTTTTCGAAACCCGACGCGCGGGGCGCGGAAGGGGAGGAGCTTTTTGCCACCGCCGGCAAGGACGAAACGTTACAGGAGACCCGTGGGCGCCATATGTCGCCGCTCGGGCAGCTTGACGGCGAGGAAACGATGAACGAAGAAACCGCTCATGACGGCATTCTGACAGGTATTGGCGAGACACCGTGCGGTCAGGTCGCCGTCAGCGATTCGGCGTGCATCGTCCCCGGAGTCGCGCCGCAAGGCGAAGAAGAGGGCATACCCGCGAATATTTCCGCTTCCAGCGCCGAAGTGCGTGGGGCAAGCGATGGCCTCTGGGCTGCCGAGGCGGCGGAAGAGGCTGACACGCCTCTGGAGCCGCAGCCCGCCGACATTCGCCCGCAGTTGTCCGAGCCGGCGGCATCAACGCCCTTCCGTCAGAAGCGTATCGTCGTTTCGCTGCTCAAAGGGGGCGTCGGCAAGACGACGATCACCTGCTTTCTGGGCACCGCGATCGAGAAAATCTGGGATGAATACGGTTCCGAGCGTCGTCTGCTGGTCGTCGACACCGACCCGCAGGGGTCGAGTACCGATTTCTTCCTGCGCGACAAGAAGCCGGAGGAAGCGCGAACGCTGCGCGCGCTTTTCGAACCGTATCCTTTTCCGGGCGCGGCGAAAACGCTGTTCCACCCGACACGCTACCGCCATATCGACCTGCTGCCGGCGCACATATCCGTTTCCGACGTCATTCCTTCGCCCGAGGGCGATCGGGAGGCCCGTTTGGCGCAGTATCTGGCCGCGGCGGCCGACGATTATTCGCTGATCCTGATCGACACGCCGCCTTCCGATACGCTGGCGTTGAGAAACGCGCTGATGGCCGGATCGGGCGTTTTCGTCCCCATCGATCCCAGCCGTCAGGCCATCGCGACGCTGCCCCAGTTTATCAGCACATTTAGCCGTTACAGCCAGTACAACGCGCAACTGAAACTTTACGGCGTCATCTTCTCGCGCTACGACAGGCGCCGCGCGCTCGACCGCGATATCCGCGACGCCGTTTCCAAACAGCTCGGTCAGAGCGGCATCCGCTGCCGCGAGGCGCCTAACCGCTCGGCGATCTCAAACTGCTATAACAGCTATCTCGGCTTCGAAGGACTCGATCCCGCTAAAGACAAGGACGCTTACGACTTTTTCCGCGATCTGGCGCTTCAGGTCCTGATCGCCTGAGGCAGAGGAGGAGCGATTTTTAATGGCAAAAAGCACGGATGAAAATTTTTTGGGCGCTGAGATCACTGACGCTCTGAATCTTTTGGGAAAAATCGTCCAAGGCGCTCCCGACGCGCCGCACCCTCCCGAGCCGACGCCTGCCCCCGTTCCTGCCGCGGCCGACGACGAGCCGTTGCTCGTATGGTACCGCGCCATGAAGCCGCGCACGATGTGCAAACTGCTGTGGATGGTGCTGCTGCAATGGCAGGCGCGGCGCAGCGGCGGACGGATCCATTTCGAAGAATTCGCGGCGCTGCTTGGAGTGAAGAAGGAGAAGATCGCCCAAGCGCTGCGCGACCTGAGCAAGCTCGGCTGGATCGAGATCACGGCTACGGAAACGGGACCGCGGCGGCGCATCATCAGCCGCACCGTCGCCGTCAAGACGTCGCGGCAGGAGCTCTCGTGAATCACGCGTTTTTGCACGAGCGTTGAATGGCGAAAACGCGAGATTTCGTGAGCTTTCCTGTTTGTGTACAGAGCCTCTCTTTTTTTGCAAGCGCTTACTGCAGCTCCCCTCGTGTTTTTTCAGACCGACAAGGACCCAACGGCAAATTTGCTTTCCACCCCGATTTTTGCGATTGAATCGTCCCTATCCTTTCCTATTCAAGGCTATCGTGTCCTATCGCATTTGAATCTATTCGATTTTCATATATAATGTAATCATGCGCATGAGGAATTCCATGAGGAATTTCCACACTCCACTCGAGAAGGAAAAAGTGAATGTAGACAAAAATTTTGTCCCGCGTTCGTGTCTGAATTCGAAATGAGGTTGATTTATCATGACTCAGACTTCCACGTTGACC
CP133038.1_gap5	220606	222559	1953	GTACTTGTAGCCCACGGGGCCGTCCAGCAGCGCGGCGTCGGCGCGGCCGAAAAGCACCTCGCGCAAGCAGTCGTCGCTCTTTTGGTAGTTCTTGACGACGGCGTTCGGGATCGTGTGCGCGTAAGCGTCCTGGATCGTGCCCAGCTGCGTGGCGATGGTCAGGCCGGCAAAGTCCGCCGCCGCGGCCTTTTCGTGCCCGGGCAGGACGAAAAACGCCGAGTCGGAATGGTTGGTCACGCCGGTGAAGGCGATCTTCTTCTGGCGGGCGGGCGTGGCCGACATGCAGGCGGCGATCAGGTCGATCTTGTGCGTCATCACCGCGGGCAGCAAGCCGTCGAAAGACATGTCCACCCACTCGATCTTTTTGCCCAGCTTCGTGCCGATGCTTTCGATCAGGTCGATGTCGTAGCCCTGCAACGAACCGTCGGGCGCGCGGAACTCGAACGGCGGAAACGTGCTCTCCGTGCCCACCGTCAGAGTCTCCTTCGTCATCGCGCCGGGCGCCGCCTCGGCCGCCGCGGCAAAAGCCAAAGAAGCCGCCAGTCCGATCGCGCCGATATGCCATTTTGTCATGATAAATCCCTCCTGAATAAACTTATTTGTTGATAGTGAAGTAATGGTAAACTTCTGTTTGATGCCGTGAATGATACTCTGGTTCATTATGTTTGTCAAGAACGAAATTAAATGAATAACAGTTTCGTTTCTTGCTCCACTTTTATCCCGAAACTGTTAAAATAAAGGCGCACGCAATTTCGATTCCCGAAGGAGGAATGACGAATGACGAATGACACTTTCCGAACTTTATGTGGGCTGCCGCACGTACCGTCGCTTCGAACAGAGGCCGCTGCCGGACGGGCTGCTTCGTGCCATGCTGGAAAACGCCCGCATCGCCAGTGCGGGCGCCAACGCCCAGACGCTGCGCTTCATTGCGGTGCAGAGCTCCGCGCTGGTGGCTCAAATGCAGCCGCTCGTCAGATGGGCCGCCTATCTGCCCAAAGAGATCGGCACGCCGGCCGAGGGCGAACGTCCCGTAGCCTTTGTCGTCATCGTCAAAAAAGCCGGTTCGGGCGCGTTCGCCGACGTGGACGTGGGCATCGCCGCCAACACGATCGCCACGACGGCATGGGAGGCGGGCGTCGGCAGCTGCCTGATGGCCTCCGTCAACCGCGCCGAAATCGCCGCGCTGCTCGGCGTGCCCGCGGAAGACACTGTGTTTCTCGTCGTCGCGCTGGGCTATCCGGCGCACAAAAGCACGCTTGTTCCCGTCGGCGCCGACGGCAGCGTCAAATACTTCGTGGACGAAAACCGCGACTACTTCGTGCCCAAGCGCGCCTTTGACGACGTGGCGAAGATCGTTTAAGGCCGGCGCGTCCGTCGCGGTCCGCGGCGCCGAGTGTTTCCAAAAGAACGCGAAAGAGCCTCGTAAAGCCCTGCCCTGGGCTTTACGAGGCTCTTTCGCGTTCTTCGTCAGGAGCGCTTCATCGCACCGGGATGACCCGGTTCACGGCAAGGCGGCTTGTCTCGCGCCCCTGCGCATCGAGTTCGACGTAATGGAGCGCGTCGTACTTGAAGCCCCACTCGTCGGCGTAGTAGCCGTCGGCATGGCGGACGAGCAGGCGCTCCTCCTCGCCGACGAACGTGCAGATGTTTCCGCTCCGGTCGCTCGTCACGGAGACGATGGGACGGGACAGACGGTTGAACTGGTCGAGCGTGAAGGACACGCCGTGTTCGGACATGATCACGATCATGAAAATCGCTCCTTTCGGCCGGCGGGATTCGTCAGGGAGCTTTCGCGCCGCCCCGCGCGGCTTCGACGGTATCGGCGCAGTCTTCGAGGATCTGGCGGTCGGCGGCGGAAGGACGCCCTTCGGCGACGCGGCGCAGGAATTCCGAGGCCAGATCGTGCGGCAGGGACCAGAGGTCTTTCGGCGTTTTCAGGCGCATCCCTTCCCG
CP133038.1_gap6	234105	234992	887	AGTACCAGATTGGCCAAAAGGCCGCCGGCCACGTCGTCGAGCATGATTCCCAAACCGCCGGGAGCCTTCTCGCAGGCGTTGACCGGCCACGGCTTGAGGATGTCGAAGAAGCGGAACAGCAGGAAGCTGGGGATGAGAAAATTCACCGCGCCGCCGCCCTGCCCAACCACGGCCGCATGCCCGATCGTGGCGATCAGCTGGCCGACCACCTCGTCGATGATCACTTCGCCGGGGTCGGCTCGGCCGCAGGCCTTTTCATATGCCCCTGCCGCCCAGACGCCTAATGCTGCCAGCGCGGCGATCGCCGCCAGACGGACCGGCTCGGGCAGAAACACCGCCAACACGCAGGCCGCGACGCTTCCCGCCGTGCCCGGCGCTTTCTTGACGATTTTCCCCAACCCGCCGACGGTGGCGATCAGCCCCGCCGGCGTCACCACAGGATCGTTATTCATGGATCGCCACTCCCGACAAATCATATTCCGACGAAGCGGTGATCTTCACCGCGATCACGTCGCCCGGCCGGGCGCGCTCCGCTCCCGTCACCGTGACGACGCCGTCGATCTCGGGCGCGTCGCGGAAGGAGCGGCCGACGCGCTCGCCCGTCTCCTCGTCGACCTCGTCGATCAGCACGTTCAGCTCATGCCCGACGAAATGCGCCTGCCGCGTCAGCGAGACCTGCTGCTGCAGTTCCATCAGTTCGTTGTAGCGCGCCGTCTTCTCCGCCTCGGGGATCTGGTCGGGAAACGCCGCCGCCGGCGTGCCGTCCTCGGGCGAATAGACGAACGCGCCAAGGCGGTCGAAGCCGATCTCCTCGACGAAGTCGAGCAGCTTGTCGAACTGCGCCCGCGTCTCGCCGGGGAATCCCACCATCAGCGTGGTGCGGAAGG
CP133038.1_gap7	252188	254884	2696	CCCTTTCGTCGCTCAGCACGTAAGGATCGGCGCTGTTCCACAGGCCGCTTTCCTTCATGGCGCGGGTGTTGGCGATGTGGCGATGGCCGCAGTAACGGCTCATCACGACGGGATGGTCGAAGTTGAAAGAGTCAAGCCATTCCCGCGTCGGCGGCGTCGTGTCGGCCCAGGCCATCTCGTTGAAGTTAATGGCGCGGATCCATGCGCCGGGCTTGAGCTGCGCCGCTTTTTTGCGAAGCATCTCGCCGGCTTCCGCAAGAGATTTGACCGACAGCAGGTCGACGTAGAGACGTTGACGGGCAAAAGCGGTCAGATGCAGATGCCCGTCGCTCATGCCGGGCATGACCATGTTGGCGCCATAATCCTCCACGTCTGCGCCGGGACAGGCAGCGCGAGCGCTGGCCCAATCGCCCACGTAAACGAAACGACCGTTCTCGACTGCCGTCGCCTCGGCCCAAGGGCGGTCTTTGCATCCCGTCCAGATCTTGCCGCGAATCACAAGGCTTTTCATATTCTGCGCCCCGCCTTTCCTTCGATTTTCTGTTTTGGTCCTGCAGAAAACGCATACGAATTTCAGCCGACATCACATAAGCAATCGACGCAAAATTCTGTCTCGTCGGATATTTATTATAATTCAGTATTGTATACGTCTTTGCGTTTTTTCATCTGCCCAAAATCACTCATTTGTTCCCATCCGATGAGACAAAATTACAGCAATAAAATGCAAAAATCGTATTTTGCAAAAATTTAGCTGCGATATATCTCGAAAAATCCGCACAGAAACGGCTCGCGGCGATGTGGTGTATAATTGTGAAGATCGTTCCGACAGCGACGGGAGTCAACGGCCGACCGTCCATTCAGCCCAGCTTGCAGGAGGCTCTGAAAATGAAAGAACCGGAAGCTTACGCCCCGACTGCCGCGGATTTCGTCTACCGACATCTGCGCGCCCAGATCTTCGCCAAAAAGCGCCAGCCCGGCGACCGGCTCACCGAGGAGGCGATCGCCCAGGAGCTCGACGTCAGCCGCACGCCCGTGCGCGAGGCGATCCGCCGCCTCACCGCCGAGGGATTGGCGACGCTGATCCCCAACGCCGGCGCCCGTCTGGCCAATCCGACCAAGAAAGAAATCATGGATACCTACGAGCTGCGCGAATATTTGGAGTGTCTGGCGGCGCGCAAGGCGGCTCTCAACATCACGGGCGCGCAGGCGAACACGCTTCAGCAGACGATCGACGAAGAAGAGCAGATTTTCGCCGCCCGCAATTTCGAGGCCTATCTCGACGTGAACAACCGTTTTCACCGCACGCTGGCGGAGTGTTCCGGCAACGCCGTGCTGGCGGAGTTCGTCGGCAATCTGCTGGCGCGCACCTGCGTGTACATGATCTTTTACGATTCGTTCTTCGACATGAGCACCAACCCCAGTCTCGACGAGCACCGCGCCCTGCTCAAGGCGCTGCTGGCGCACGACTCCGACAAGGCGGAGCAGCTCATGAAAGTCCATTTGATGCTGTCGGCCACGTCGCTGAAAAGCAACGAAGGACTGCGCGTTCGCAGCGAATAAACGTAGACCGCCATGAAGAGGACGCGCTACCTTGGAAGGATCGCTCAACCGGTTTTATCGTCTCCGTTAACAGAGTTACCGTTATCTAAACATCAAAGATACAGTTCCGTCGAAAATATGCTATGCTGAACGTACGCAGCTGGAGCCGCAAGGAGAAGAGCCGTAGAAATGCTCGTTCAGGATGCGACGCCTGATCCAAATGGAAGGGAGCGATTTTCATGAGACTGACGTTTTTGGGACATGCCTGTTTTGATCTGTGCGACGGAAAATACCACGTGCTCACCGATCCCTATCTGAGTGGCAACGACCTTGCCGCCGCGAGAGCCGGCGAAGTTCCCGCCGACTTCATCCTCGTCAGCCACTGTCACGGCGACCATCTCGGCGACACGCTGGACATCGCCCGGCGCACGGGGGCGACGGTGGTCGGCGTGGCCGAGCTGCGCGGCATGCTGACGGAGGCGGGGCTGAAAAACTGTCTCGGCAACATCGGCGGCTGGGGGCCGATGCCGTTCGGGCGCGTCAAGCTGCTTCAGGCGATCCACGGCAGCGGCCTGCCGGGAGCGCTGGCCTGCGGCTTTCTGATCGAGATGGGCGGCAAAAAAGTTTATTTCGCCGGCGACACGGCTTTTTACGGCGACATGGCGCTGCTGGCCGAGGAAAAACTGGACGCGGCGCTGCTGCCGATCGGCGATTTCTACACGATGGGGCCGGACGACGCGGCCCGCGCGGCCCGCGCCATCGGCGCGAAGATCACCGTGCCCATGCATTACGACACGTTCCCGGCCATCAGGCAGGATCCGCAGGCGTTCAAGGCGCTCTGCGAGCCGGCCAGCAGGGTCGCGGTGCTGCGGCCCGGCGAATCTCTCGAGCTGTAAACTCTTCCGCGAAAACGTTCTGTCGGCCGGATCCGCGGCGCTCTCTTGCGCTTCGCGGAAGATTGTGTTATCATACCCGTCAATCAAACAGCGCAACTTTTATCAAGAGTCAGGGGAGAGAGTCAGCTCGATGATCCTGCACCAACCTGCCCGCACGGGGAAAGGTGGTCCTGCTGACAGCGATGAGGGGAAGCCTCAAAGAGGGATTTGAGCCGCCTTGCCATCGCAGGGCGGCTTTTTCGTTCTTCCCGGCACGACGCG
CP133038.1_gap8	335024	335592	568	ACGGGGAAAATTTTTTTCGAATCGGAGGCGATGGAATGGCGTCATCATACGCGGTGGAGCTGCGCGGGCTGTGGAAGTCCTTCGGCGCGGTGTCGGCGCTGCGCGGCGTCGATCTGGAGCTGAAAAAGGGCGAGATTTTGGCGCTGCTGGGCGACAACGGCGCGGGCAAATCGACGTTGATCAAAATTCTGGCCGGAGTCCATCGTCCGGACCGCGGCGAGATGATCGTGGACGGGCGGCCGGTCGATTTCCGCGCATATTCGGTGTCGCAGGCACGGGCGATGGGGATCGAGACAGTCTATCAGGAACGGTCGCTGGGGGAGCGTCAGCCGCTGTGGCGCAACGTCTTCGCGGGACGGCCGCTGAAGAATCGGCTGGGCTTCATCGACGCGCGGCGCGAGAAGGCGGAGACGATGAAGCTGCTGTCGGACGTTCTTGGCCTGAAGGGCGCGGGGCTGCACGCCGACGCCAGCGTCCTTACGCTTTCCGGCGGCGAGCGGCAGGGGCTGGCCATCGCGCGGGCCATGTACTTCGACGCTTCGATCATCGTTCTCGACGAGCCGACCAC
CP133038.1_gap9	339399	342066	2667	CGTCCACGAGTCGGAACAGGCCATCATCGGCCCGGCGCGCCAGCCCAGCACGCCCGACGGCAGCGGGCTCCACAGGTGCGCGCCGAAGATCGCGTCCACTCCGTCGAGCGCGCGCCCGTCTTCCACTACGGCCCGCGCACCCTGCACGAAATTGGCCGATTCTTCCGAGGGCTGGAAGATCAGCCGCACCGAGCCGCGCAGCTGGGTCCTCGCTTCGCAGAGCATCCGCGCCGCCCCCAGCAGCATGGCCATGTGGCCGTCGTGCCCGCAGGCGTGCATGACGCCGGGGCGCTGCGAGGAAAACGGCAGTCCCGTCTCCTCCGCGACCGGCAGCGCGTCGATGTCGGCGCGCAGGGCAACCCGCCGCCCGGGAAGCGCGCCCGCAATGTCGGCGATCACGCCGGTGGGCCGTCCGCGCGTGCCGACGGCGACGTTCTCGCAGCCCATCTCCGACAGCGCCGCGGCGATGTAATCGCTGGTCTTCACTTCGTCGAAGGAGAGCTCGGGAAAAGCATGAAGATGCCGCCGCCAGGCGACGACGGCACTTTCAAGTTCTTCGGCGCGGGTTTTGAAGTCAGGCGTTTTCATGGTTCAATTCCAGCCGATGGCGATTCCCACGCACATGAAGACCCAGCCGAGCAGCACCACCTTGACGACCAGCGGGAACACGAAACGGAACCAGCGGTCGAAGGGCACGCGGGTCAGAGCCAGCATGGCCAGCATGCCGCCGCCGGTGGGATAGCACAGGTTGGTGACGCCGTCGCCGATCTGGAACGCCATCACGGAGACCTGGCGCGTCATGCCGACGAGGTCGGAGAGCGGGATCATCACCGGCATCGTCGCCAATGCCTGGCCGGAGCCGGAGGGGATCAGGAAGTTGATCAGGCAGTGGGCGACCGACATCAGCACGGCGGAGGCGTAAATGCCGAGCCCCTGCAGCGGCGCGACCAGCCCGTGGATGACGGCGTCGGTGATGTTGCCGTCCTTCATGACGACCTGAATGGCCAGAGCCACGCCGATGGCCAGCGCGCCGCCGGCGACCGACTTGGCCCCCTCGATCATCAGCTCCACCATCCGGTTGGGACGGATACCGCCCACAAAAGCGCCGACGATGCCGATGAGCAGGAACAGCCCCGCCATCTCGTTCAGGTACCATTTCCATCTGAGCACGCCGAAGATCGTGAAGGCCATGCCGGCCACGAACACCGAGAGCACGGCCTTGTCGCGGGCGGTCAGCTCGTATTCCTCGATCGGCTTGGTCAGCGTCAGCCCCGAAGTGTCCGCGTCGGGAACAAGGCTCTTGGAAGGATCGCGTCGGATCCTGTCCATGTAACTGGTGACGTGGAAGCCCGTGAGGATGATGGCGCACAGGCAGTAGAGCGAGCGGAAGGCGATGCCCGAATAGATGGGCAGCTGGGCGATGGCGTGAGCCGTGCCGACCGTGTAGGGATTGATCGGCGACGTGGCGAAGCCGATGCCGATGCCGGCGATGGCCATGCCCGCGCCGACCATCACGTCGCCGCCGAGCGCCAGCGCCACGAACACGGCGATGGGCGTGACGGCGATGTTGTTCTCGAAGCCGACGGTCGCGCCGAGGAAGCCGAAGATCAACATGACGATCCAGATCAGCTTCCTGTAGTTGCCGACGCCGATCCGCTTCACCGCGTAGCCGACGCCGTGCTCGATGGCGCCCGTGCTCTGCAGCACTTTGAACATCGCTCCGGAGATGAACGTGATGACCACGACGATGCCGGCGTTGACGATGCCGCGAGGAATGGCCGTGAGGAACTGCATCAGCGTCACCGGCGTGGGATCGACCGCGTGATACGTGGTGGGATCGACGACTTTGCGTCCGTTCACGACGACGCGGTCGTACACTCCCGGCGGCAGGAAATACGTCAGGATCGCTACCGCGACGACGATCAGGAACAGCAGGATATAAGGATGGGGCAGTTTTTCATACCAGCGCTTCTGTGCAGTTTCCATCATAGAAAATCCCCATACCAGCGCTTCTGTGCAGTTTCCATCATAGAAAATCCCCTTTCTGAAAATAATGACGAACTATGAAACTAAACAATAGAATAGCATCACAAGAAGCCAAAATCAAGAATAAAACTGCACAATGCCCGAAAAGAATCGAGCAAAAACATTTTCAGTCAGCAAAATGCCTGAAGCGAAAAACAATAAACCGCGAAAAAATGCGGGAGCGGATAGCCGGCAGAGGCCGGGCATTCGCTCCCGCATTTTTTCGCGGCGTCCGGCGCGGGATCCCGCGCCGGCAAAACTAACGCCGTGAATTTTCCGAGAAGGGATCGTCGTCCGGGTCGTCGTTCCAGCGGTACTCGATCTGGCGCGCGATCTCCGCCGCCCGTTCGCGGCCGAAGCGGTCGGCGACGAAGCCCAGCGCCATGTCCATGCCCGCGGAAACGCCCGAGGACGTGTAGAATTTGCCGTCTTTCGTCCAGCGCGCGCGGTCGCGCCACAGGACTTTTTCGCCGCACGACGTGGCCCAGGCCAGCGCGCGCTTGTTCGACGTGGCTTCGCGCCCGTCCAGCGCGCCGCACCCGGCCAGCAGCGCCGAGCCGGTGCAGACGGACAGGCAGTAGGTGGAAGCGTCGGCCAGTTCCCGCAGCATGGCGAGAAACTCTCCGTTGCCGGCCAGCGGCC
CP133038.1_gap10	390243	393613	3370	GAGCAACGTCATCGGCGATAAGGCTTACGGTTCGCAAGCCATCAGAGAGTACATTACTTCTCGGGAGGGAAGTTACACTATCCCGCCGAAGAGCGATAATCCCGAACCGTGGTTTATAGATGAGCATGTTTACAAGGAACGACACTTGGTTGAATGTTTCTTTCAGAAAATCAAATGGTTCCGTAGAATTTTCACCCGCTATGACAAACTTGACGCTTCGTTTTTCGCTTTTGTTCTTGTCGCTGCCAGTGTTATTTTATTGAAATAATACAAGCTGAAATGTTTTTTAAACAAGCCCTAATAAAACAGTTTGCTGGCCGATGGCTGAGACGTCCTGAAATCAGCAAGCGAGAAGAGTATGTTGTATACAAATATACAGCGTCAGCGCGACGAAAAGTGGAAAATTTTATCTTGTGGATCAGGAGTTGAAGAATGTGGCGCGAAATTATTTCATCCATAACGCGAAAATCTGCGACGGAACCGGAGCGGCGTGGTATCGGGGCAGCCTGAGGACGGAAGACGGAAAGATCGCCGCCGTCGGCCGCGGCGTCAAAGCCGGGCGCAACGACGAAACGATCGAAGCCGAAGGGCTGATGCTCGCTCCCGGCTTCATCGACATCCACAGCCACGCGGATTTCGGCATGATCTGCAATCCCGAGGCCGCCAACGTCATGCTGCAGGGCGTCACCTCGGTGATCATGGGACAGTGCGGCATCAGCCCCGCGCCGATCTGCCCCGAGCGCAAGGCGGAGTTGGACGAGTACGCCGGCGTGACCAAGAGCGGCCGTCGCGTCGATTGGGATTGGAACAGTTTCGGCGAATGGCTGGTGCGCCTCGACAAACAGCCGCTCGGCGTCAACGCCGGTTCGTTTGTCGGGCAGGGAACGGTGCGCCTCTGCGTGATGGGCTTCGACAGCCGCGACCCTTCGCGCGAGGAACTGGAACGGATGCGGGCGCTCGTCGGACAGAGCATGGAAGAAGGCGCGTTTGGCCTGAGCAGCGGTCTGGCGTACCCTCCCGGAATTTACTCGTCCGACGAAGAGCTCGAGTTCGTCGCCGGCGGCCTGACGAAGCGCCGTGGCCTCTATCTGTCCCACATGAGGAATCAGGCCGACAAATCGCCCGAGTGCGTGCGCGCGACGATCAACGTGGCGCGCGTCAACCATATCCCGGCCCAGGTCGTGCATCTCAAGGCGCGCGAGAGCGATCGCCCCGGCATGGCCGAACATCTTTTTTCCATCATCCGCGCCGCCCGCGCCGAGGGACTGGATATCACCGTGGATCAGTATCCTTACACGGCGGCCAGCTCCAATCTGCGCTCGCTGATGCCCAAGTGGGTGCATTCGGGCGGCGTCGCCGGCATCATGAAACTTCTCTCCGATCCCGAGGCGCGGCGGGCGCTGCACGAGGAAATGGAAGGCTCGGAGCGTTGGCAAAAAACGATGAAGCACGGCGGCGGCGCGAAGGGGATCGTGCTCGGCGAGCTTCCGCTCACGCCCGAATACCGCGGCATGAACCTCGAGGACGCTGCCCGGAAAATGGGGACCGATCCGCTCGAGGCGTTGCTCGAAGTCATCCTTCGCAACCAGGGCGCCGACCGCGGCATCTATTTTACGATGACGGAGCAGGACGTCCGCAACGTGATCGTCGATCCATTGGTGATGATCGGTTCGGACGGCGCGATCGCCGCGCCGGAAGAATTCGTGCATCCCCGCTACAGCGGCACGTTCCCGCGCGTTCTCGGACGCTACGCGCGCGAACTGAAGCTGTTTTCCCTCGAAGAGGCCGTGCGCAAGATGACCTCGCTCCCGGCAGCGCGCCTCGGCCTGAGCGGCAAGGGGATCCTCCGCCCCGGCATGGACGCCGATCTGGTGCTCTTCGACCCGGGAACGGTTCTCGACAGCAGTACCTACGAACGCCCCATGACTCCGCCCGTCGGCGTCGAAGCCGTCTGGGTCGGCGGTTGCCTCGGCGCCTACCGCGGCAAAACGACCGGCGAGCGCGCGGGACGGGTTCTGCGTTACTGGACGCCTGACGACGAATAAAACTTTTTTCGAAAAAAACGAATCGCCGCGGACGGATTCCCTATAGGGATTCTCGCTCGCGGCGATTCATGAATAAATTCTCTTGACCTCTTATGAAACGGCACGTTCCGACGCGGCGGTCGGCTCGGCGTAAAACGTTCCGCGTCCCGTCACGCCGGAACGAATCAGCCGCCGACCTTGTGACCGTCTTTGAAGGCGGTGCCGACGCGTTCGCCGATGACGCGGTACGCGAAAGCGGCGGGATCGTAGCAGAGGAACTCGCCCCTGCCCAGATCGACGTGCCCCTTTTCGTCGAGGATCGACTCGTCGGCGCTCATGTTGACCACCTCCCCGACCACGCGGGTGCCGCCGAACTCCTCGCTGACGCTGACGAGCCGGCACTCCAGCGTCAGCGGAAAGTCGGTGATGACGGGCGCGTCCACGTGAGCGCTCTTTTCCACATGCGCTCCCGATTGGGCGATCTTGTCTTCCTTACGGCCGGAGACGAGGCCGAAATAATCGGCCATGACGAGGTTTTTGCGGTCGGTGAAACTGACCGTGAAGGCTTTTCTCCGTTTGATGTTGTCGGTGGTCAGATGTGAGTTGTCCAGCTCGACGTGGACCATGTTGGTGTCGACCTGTCCGCCCCAGGCGGCGTTCATGGCGTCGGGGCGTCCGTCGTCGCCGTAGGTCGCGACGATAAGCACGGGCAGCGGCGTGACGATCGTTTGTTTGCCGAAATCCTTGCGCATAAAAATCATCCCTTTCATGATGTGACACCTTTCCGAATCTATTATAGGGGAAGCTGTCAAGCTGAAGCGGGCTTGAAACTTGGCCCCGCGCGCCTTTTGACAGCTCCGCCGGTATGGAGTATGGCAGGCGGAAGCGGCGACGCCGCGTTCCGTATGAAAGCCTTTTTGTGAAGGAACTTTGCGGCGAGCCTTTTTTATTTTTGCGCCCATGCATTATAATGTGAACATGAGCATCCATCGATTGGACGGTGAGAACATGACCATTCTGGACAGCATCTTGAAATCCATAGGGCTGATGCGGATCAGAAATCTCCCGCCGCCTCCCGCGCCGCTGCCGCCTCAGCCGCTTTCCGAAGCCGAAGAGGAGATCCCCCTCAGCGATGAAGAGCGCGAGGAAGTGGAGCAGTGGGCGGGCTGGGCCGCGCAGATGGGCGACATCGTCCCGCAGCGGCTGGAAGTGGTCGAATTCGATTACGAGCCGTCCGTTCCCGCCGCGGACAAAGCGACGGGAGCGGAAGAGCCTGTGGCGGCGGAAGACGTTCCCGCCCAGGCGGAAGCGGCTGCGGACGAAAAAAGCGCGGCGGACAGCGGGAC
CP133038.1_gap11	453677	457422	3745	CCCGTGACGGCCGTGATCGCGAACAGGATCGAACCGAGCTTAGCGATTTTTGGCATGGCTCTTCACCTCTCCGAAAATGCGCGGCTTGGTGGCGCGGTCGATCAGCGGCACCAGCAGGTTCATGATCAGGATCGAATAGGAGACGCCCTCGGGATAGCCGCCCCACGTGCGGATCACCGCTGTGAGCAGGCCGCAGCCGGCGGCGAAGACGATCTGCCCCTTGAGCGTGATCGGCGACGTCGTGTAGTCGGTGGCCATGAAAATGGCGCCGAGGAACAGACCGCCGGACAAAATCTCCGCCAGCGGCGCCGCCGGACGGCCGAAAACCGTGCACAGCACGGCGACGACGGCGACGTAGACCGCCGGAACCTGCCATTTGATAATATCTTTCCAGAGCAGCACGGCGAATCCGATCAGCAGCGCCAGCGTGCAGCTCTCGCCGATGCAGCCGCCCGTCCTGCCGAGGAACAGATCGAGATACGAGGGCAGGGCGCTCACGTCGCCGGATTTCATCAGCGCCAGCGGCGTGGCCGCGGAAACGCCGTCCAGCGTCCAGGTCGTCATCGGTACCGGCCAGCTGGCCAGCATCATGGCGCGTCCGGCCAGCGCCGGGTTGACGATGTTGCCGCCGAGGCCGCCGTAAAACTGTTTGACGACGATGATCGCGAACAGCGAACCGCCGACCGCCATCCAGTAGGGGATCGTGGGCGGCAGGTTGTAGGCCAGCAGCAGCCCCGTGACGGCCGCCGAGCCGTCGCTCACCGTGACCGCGCGGCCCGTGCACTTCTGCCAGAAATATTCGCAGAAGACGCAGGCGAGCACGCACACCGCCATCACCGCCGCGGCGCGCGCGCCGTAGCGGACGACGCCCATGACGCCGGCGGGAACCAGCGCCGCCAGCACCCAGGCCATGATCTGCGGCGTCGTCAGACCGGCGTGGGCGTGGGGAGAACTTGAAACGACCAGCTTATGATCCATTATTTCCCCGCCGCCTTTCTCTTTTTGCGCTGCGCCATGACGAAGCTCTTGCCGTCGCGGCAGCTCTGCGTCAGCGGCCGGCAGGCCGGGCACACGTAGGTGCAGCTGCCGCACTCGATGCAGTTCATGCCGCCTTCGGTTTCGAAGCGCTCGTATTCTTTGCCGAGCACCAGCGAATCCAGCGCGCTGGGCACCAGCCCCATCGGGCAGGCGTCGACGCAGCGGCCGCAGTGCAGGCAGGCCGTAGCGCGTCTGAGCATCGTCGATCGCGCCGTCAGCGCCAGAACGCCGGAAGTGCCCTTGACGGCGGGAACGTCGAGCGAGCGCATCGACATGCCCATCATCGGGCCGCCGGCCAACACCTTGACGGGCGCTTCCTTGAAGCCGCCGCAGAAATCCACGAGCTCCCGAATGGAAGTGCCCAGCGGGATGCGCACGTTCTTCGGTTCGGCGATCGCGTCGCCGGTGACGGTGACGACGCGCTCCGTCGACGGTTCGCCGAGGGCGATGGCGCGCCAGCACTGCTGCACGGTGCGCACGTTGGCGACGATGCAGCCCACGTCGGCCGGCAGCGCCGTGACGACGTACTCCTGTCCCGTCAGCGCCTCGATCAGCATCTTTTCGGAACCCTGCGGATATTTGACGGTGAGCGGCTGCACGCGCACGTTCTTCGCCCCCAGGCGCGCGACCGACTCGGACAGCGCTGCGATCGCCTCGGGCTTGTTGTTCTCCACGGCGATCACGCCCTCGGCCTCGGGGAAGAGACGCAGCAACAGCGCCGTGCCTTTGACGATCTCGTCGGTCGCTTCCATCATCAGGCGGAAGTCGCAGTTCAGATACGGTTCGCATTCGGCGCCGTTGACGATGAACCACTTTATTTTGTCCTGAGGCGGCGGCGCGAACTTGACGGCCGCCGGGAACGTGGCGCCGCCGAAGCCGACGATGCCCGCCTCGCGGATGCGCGCGAGATATTCTTTGGGATCGCAGTTCTCGTAATCGGGCAGCGGCGCCCAGCGTCCGTCTTTCTCGTAAAGGCCGTCGTTTTCCACGACCACGCAGGTGTCGAACGTGCCGGGCACGGTTGGGCGAGGTCCCACTTCTTTCACCGTTCCGGAGACGCTCGAGAGCACCGGCGCGGAAACGAACGCATCGGCGCTGCCCAGCGGCGTGCCGACTTTGACTTTGTCCCCCTTGGCGACGACGGGCGCGTTCGGCGCGCCGATGTGCTGCGACATCGGAAACGTCAGATTGCCTGTGGGCAGATACGGTTCGATCTGCTTGTCCCGCGTCAGATCCTTGTTTTGAGGCGGATGCACGCCGCCCCAAAAAGTAGGAAATCCCATAAATCTTTCCCCCTTTTGCCTTTTCCGACAGCCGCTGAGTCTGTCGGATCGACGTATTTTGTATACGCGGATCAATTCGTTTTTAATGATAGCATTTTTTATGGAAAACAAAAGATTGATGAAGCAAGAAACATGTAAATTATACTTGAAAATATAATAATGTGAATGAAGGCGCAAAGATTCTATAAAAAAGCGCCCGTCAGCGCGGCGAAACTCCATCACGCTTCATGCGTCTTCCTGCGGCGCGTGGAGCCCCGCAAAGGGCAGAACAAAAGCCGGGATCCCGAGCGTTGGCGGGATCCCGGCTGATATTCTTCATAAAAGTTTTCCGGACGGATCGCAGGCGCAGGGCGGCATTTTCAGTTTTTCGCCGCCGCGGTGGATCTTTTCCGTGCCGGCTTCGACGGCGGTCCGGTAATAGTGGCATTTATAGTTGATGAAATCGAGCACGGCCTGATCCTCCCTGAGCTGCCGCTCCATGGCCTGACGACGGCGTTCGAACAGTTCGAGGCGCTGCCGCAGCGAGGCGTCGCCCTCTTTCAGCAGCTGGATGAAACGGCCGATCTCCTTCAGCGGCATATGGGCCTTTTTCAGCCAGATCACGGTTTTCAGCGTTTCGATATCGTGTTCCGAGAACACGCGATAGCCCGATCTTTTGCGCTCGAGGGAAGGCAGCAGCCCCTCCTTGTCGTAGTACCGGATCGTGCTGATGGGGATGTTCAGCATTTGCGCCGCCTCTTTGATCGAATACTCCATGGCTCTCACCCTGCTCTCACGTAATATGACAACGATGATAATCTAACATTGAAGTGGGCTTCAATGTCAAGAGCCGTTCAGACGGCGCCGCCCCGCACGGGCAGGTCGACGACGCGGGTGCTGATCTCCGGATTGCCCTCGTCGGGGGTTCTCCTCAAACTGTTCTGGATCTATTAAAATACGGGCGTGAACGCGTAAAAAATTTTTCTCGAAAGCCGTGAGTCTTCGTGAATGAGGGAGTCGATGAAAACAAGGATCTGAAGCGCGCCGCGCTGTCGTTCATCGTGCTGATGGGCGTCGTCAGCCTCTTTTCGGACATGACGCACGAGGGCGGCAAGAGCATTCTCGGCGCTTATCTGAGCCTGACGGGAGCGTCGGCGGCGGTCGTGGGGTTCGTTTCCGGCTTCGGCGAACTGGTCGGGTATTCGCTGCGCTGCGCGACGGGACGTCTGGCCGACCGCACGAAGAGATATTGGCTGCTGACGATCGTCGGCTACGCCGTGGATCTTCTCGCCGTGCCGGCGCTGGCGCTGGTCCCCGAAAACGGCTGGCTCTGGGCGGCGGCGCTGATCGTCGTGGAACGCGCCGGCAAGGCCGTCAAGAAGCCCGCCAAGGACACGCTGCTGTCCTTTGCCGCCGCGCAGAACGGCGTGGGGCGGAGCTTCGCG
CP133038.1_gap12	527504	530016	2512	TTCTTCGTGGCCATGCTGGTGACGTTTATCGTCACGGCGATCACGGCGCGTCTCTGGCCGCTGTGCTCGATCCCCGACACGTATTTCGACGGCGCGGCGGCGCCCGAGCCTCGCCTCGAGGGCGGCCGCCTCGAACGCGCCTGGCAGATCGGCATCCGCACGGCCGCCGCCCAGCCCAACGTGTTCAAACTTTGCGGCGACAATCTGTGGGCCGGTTTGAAAATGGCTTTCGCCGTGATCCCCGCGATCACTTCGGTGGGGCTGCTGGGGCTCTGGCTGGCGGAATTCACGCCGGTGTTCGACTGGTTCGGCTACGTCTTCTACCCGTTCTTCAAGGTCTTCGGCGTGGCGCAGCCCGTGCTCGGCGGCAAGGCGGCGGCGATCTGCCTGCCGGAGATGTTCCTGCCCGCGATCCTGATCAAGGGCTCCGGCACGATGCTGCTCAAGTTCGTCATCGCCGTGGTCAGCATCTCCGAGATCCTGTTCTTCTCGGCCAGCATCCCCTGCATCATGGGCACCGACATCCCGCTGAAGATCCGCGATATCCTTGTGATCTGGTTCGAGCGCGTCGTGCTCTCGATCCTGATCACGGTCCCCATCGGCATGTGGATGGGCTTCAGCGACGCGGTGCAGGCGGCCGCGAAATAGCGCGAAAAAAGGACGACGCCGCAAAAGGCGCGCAGATCCAAAAAGCACAAGGGGACCGCGGCGCGCGGCTCCCTTTTTTTGTTTGGCGTCCGCGGGCAAAATTTTGACCGACGCTGTTCAATGAGATAAAATGAACCCGGAATAACGGCGGTGGCGGGAAAAAAACGAGGCCCCGCCGCTGCCGCGAAGTGGGAACGGACGAAAAGACTGAGTGAAACGAGGCTCTCTGAATGACGAAAAATGCAATGAAAAGGTGGCCGCTCCTGATCCTGGCCGTGTTTTTGTGGAGCGCGGCCGCGTGGGGCGCACCCTCGCCCGCGAGCGGGGATAAAACTCCGGTGGCCCTCGGCGATCAGTCGCCCGAAGCCGGCGAACCGGCGACTTTCAACGAAGGCATCCAGGCGTGGAGCTCCAAGGATTACGAGCTGGCCTACCGCATTTTTCAGGCCAACGCCGAAAAGGGATCGCCCCAGGCCATGACGGCTCTCGGCTATATGTACACGATGGGCAGCGGCGTCGCCGAAGATTTCGCGGTCGGCATGCGCTGGTACCGTATGGCCGCCGCCGCCGGCGAACCGTACGCCATGTACGCCCTCTACGAACTCATGCACGCGCATCCGGAGCGCGAGGCCCATCCCGGCGAGGCCATGGAAATGCTCGAGGCCGCCATCGAGAAGAACATTCCCATGGCCTGTCAGGAATATTATCAGGTGCTTCTTCAGGAAGGGAAGGGCGGAGACGCGCTCGAATACGTGAAAAAATGCGCCGAAGGCGAACAGCTCTGGGCCATGACCGTTTACGGCGCGGCGCTGGGCGAACGCGGATCCGCCGCGGAAGCGGCCGCCGGTCTGGAACTGCTGAAAAAAGCCGCGGCCAAGGGCGATGCGGCCGCCTATTACGTGGCCGCCGACATGGAAAAAAAACGCGGCCGCGTGGATGAAGCCAAAAGACTGCACGGGCTGGCGGCCAAGGCGGATTACGCCCCCTCCATGTACGAGCTGGGACGCCTCGCTCTGGACGAAGGCAAAGGCGCCGAAGCTTCCGAACTGCTGCTGAAGGCGGGCAAAAACGGCTCGTGGGGCGCCTACGTCCTGTTGGGACGCATGAGCGAAAAAGGCAAGACCGTGAAAAAGGATCCGGCGGCCGCAGCGCGCTACTACAAAATGGCCGCCGATGCCGGCGATCCCGCCGGATGCAACGAGCTGGGGCGCTTGACCGAAAAGGGGAACGGCATCGCGCAGTCTTATACGGACGCTTACCGTCTTTACGCGCTCGGCGCCGAAGGCGGCAACGGCGAAGCCCTGTACAATCTGGGACGCATGGAGATCTACGGCCTCGGCACCGAGAAGAACGAACAGGCCGGTTTGGCCAAGCTGAAAAGAGCGGCCGAAATGGGCGAATCGGAAGCGATGACCGCCCTGGCAACGTTTTACATGGAGGGCAAGATCGTCGCCGCCAACCGCGGCGAAGCCCTGCGCCTTTACCGCGAAGCCGCCGAACACGGCAATCCGCGCGCGCAGTTCATCATGGGGGAGCAGCTCAAATCCGACACCGACCGGGAAAAAATGGAGCAGGCTCTGAAATATTACGAGAGAGCCGCCGAGAGCGGCTCCGCCGACGCCCAGTTCGCGCTGGCCCAATGCTACTCCGACGATCGCTGGCACGCGCCCGATCTGGTCCGCGCCGTCAAGTGGTACAACGCCGCCGCCGAACAGGGGCATCCCGCGGCGATGTGCGCCATGGGCCTGTTCCGTCTCGACGCGGCCGAAAAGGACAGCGAGATCCGCGCCGCCGCGGCAATGATCGACCGGGCGGCGGAAGCCGGCTACGTCCCCGCCGAGTATACGCTGGGACTGCTGTACGA
CP133038.1_gap13	570692	575212	4520	GTATCCATTGAAAGTGATCGTCATGATCGTTCCCCCTATCGCCTGCCGCGCTCACAGGACATGTTGTGCGTGTGGATCCATGTGCCGCGGGGCGTGTCGGCCTTCACGCGGCCGATCTCCTCGCCGTACTTGATGACCGGATCGCCGGCGTGCAGGTCTTTGATCAGCACCTTGTGGGCGAATTCCACGTCGTCGAGGAGCGTCAACGGTCCGTCGGGCGTGTCGATCGTATCGCCTCGGAAACTGTCTTCGAGCACTGTTTTCACGTTGTCGGCGGGCGATATCTGCAAACTGCGTCTGAGCATTTTTCAAATTTTCCCCCTCAATTATGCTGTAACGTTTCTTCGGAAAAAAGGTGCGGCATCGCCAACAGAACTTCGAATCGGCCGCATCTGTCCGATCGTCTTGAGCTACGCCGCCTTTTTGCTCTGACGCGCTTTTTTCCAGTTGACATACCAGGGCGTGGACTGGATCAAAGAAAGCAGCGCCAACGCCAGCAGCGCGGCGGAGATCGGGTTGGTGACGAAAATCGACCAGCTGCCGCCGCTGATAAGCAGCGCCTGATGCAGGCTGACGTCGAGCATATGGCCGAGAATCAACCCGACCACGAGGGGCGCGACCGGGATTTTGAGCTTATCCATGAAGTAACCGAGGATGCCGAAACAGAACATCAGCCCCACGTCGAAGAAGTTGTTGTTGATGGCGAAAGCGCCGATGACGCAGAGAATCGTGATCGCCACGGCGAGAATGCGGTTGTGGATCTTCGTCACCGCGATGCACAGGCGCGTGAAGAACAGGCCCTCCACGAACATGGCGAAGCACGAAAACAAGATGGCCCACAGCAGCGTGTAGGTGACGCCGGCGTACTCGGTCATCAGCGTCGGACCGGGCATGATGCCGTGGATCATCAGGCCGCCGAGCAGCACGGCCGTGGCCGAGCTGCCGGGGATCCCCAGCGTGATCGTGGGCACGAGAGCGCCGCCGACCACGGCGTTGTTGGCCGATTCCGGCGCGGCGATGCCGTATTCGTTGCCGTCGCCGAATTCGTGTTTGCTGCGCCCGGGCTTGTAAAAGCGTTTGACCTCGTTGTAAGCGAACCAGCAGGCCGTGTCGCCGCCCGTGCCGGGGATGATGCCGGTGAACACGCCGATGAGGCCGGAACGGACGATTGTCGGCAGCAGCGCCCTCAGCTCGAACCAGGGACGCACGACGCTGTCCTCGATCGTCCCGATGCGCTCGGCATTGTCCTCGTCCTTCTCGATCAGACGGAGCACCTGGGGGATGGAAAACAAGCCGATCAACGCGACCGTGAAGGGAATGCCCGAGAACAGGTTGATATTGTTCATGGTGAAGCGCGGGATCCCCGTGATGGGGTCCATCCCCACCGTGGACAGCGCCAGGCCGAGCGACCCTGAGAGCAGTCCCTTGACGGGCGATCCCTGCGACAGCGAGGCGATGATCGTCATGCCCAGCACGGCCACCGAAGTGAGCTCGACGGGGCCGAACATCACGGCCACACGTCCCAGCAGGGGCGCTACTGTCAACAGCGCGATACTGCTGACCACGCCGCCGACAAAGGAAGCGAACAGCGAAATGCCGAGAGCGTGCCCCGCTTCGCCGCGCGAGGCCATCGGATAGCCGTCCATGACCGTGGCCGCCGCCGAAGGCGTGCCCGGCGTACGGATCAGAATGGCGGCGATCGAGCCGCCGTACATCGAGCCCATATAAAGCGACGCCAGCATGGTGATGCCTGTTTCCGGCGGCATGGCGAACGTCACGGGGACCAGCAGCGCGATCGCCATCGTAGCCGAAAGGCCGGGCATGGCGCCGACGAAAAGTCCCAGCGCCGTGCCGCCGCACATGGCCAGCATGTTGTTCCACTGGAGGATGTTGCTCAGACCGAGAATCATACTGTCAAACATGCGAACACGCTCCTTTTCCCTTAAGCGCCGAGCAGTGGTTCGAGCAGGCCGAGCGGCACGGGAAGATTCAGGAAACGGACGAACAGCAGATAGACGAAAACGCAGAACAGCGCGGCGATCAAGGCTGCCTTGAGGAACCCCGCTGCGCGCAGATAGATATAGCTGACGATCATGAAAAGAGGCGTCGCGACGAAATATCCCGCCTTTTCCGTCACGGCGATGTAAGCGGCGGTCATCAGCGAGTAAACGACCACGCGCACGACGTTGATCCGCGCTTTCTCACCGGATGGAGGGGCCGAGCGCCGCGCATTGAAAGCCATCGCGAAGCTGAGCAGGAAGATCAACGCCGCCACCAGCTGCGGAAACAGTCGAGCGGAATCAGGCATGGACTGGGCTGTAAGGAAAAAGAACAGCCCCACGCCGAAGGAAAACAGCGCAAAAAGGACGTGTTGCATAAAATAGGACATGAAAAAAGACTCCTTCGCACAAACGGACAGCCCCGGTTTTTCGGCGATACCACTTGAAAAAAGGCGGCTTCAGCAAGTGAAACCGCCTCGTGGTTCATTTCGGTGGAAGTTCAGTGTTTCTGAAACTGATCCTTCACTTCGTTCCAAATTTCGGTGAAATCCTTTTCCTGTTTCTTCAGCATGGCCATGTAGTCGTCGCCGTACTTCATGTCGATGATGGAAGCGCGGTCGGCGCACGCTTTCTTGAATTCGGGCATCTCGGCCATCTTTTTGAACGCTTCGATCAGCGTGTGGCGGGCCTCCTCGGGAATGCCGGCGGGAGCGCTGTAGCCGCGCGAAGAGCCGGATACCACGTCGATGCCTTTTTCCTTCATCGTCGGCACGTCGGGGAGCAGCTCGTAACGTTTCTCGGCCATGATCGCCAGCGCGCGCAGGTTGCCGGCTTTGATCTGAGGGAAGACGATGCCGATGTTGTTGAAGCTGACGTCGATCTTCCTGCCCATCGCCGCCTGCCAGGAGGGACCGTCCCCTTCGAAGGGGACCATCTGGACTTTCAGCCCTGAAGCTTTTTCGAAGATCAGCGTCGTGAAGAAATCGTCGCCGCCGACCCCGGAATTGCCGACGGTGACCTTGCCGGGGTTGGCTTTGACCGCCGCGATGAAATCGTCGAAAGTCTTGAAGGGACTGTCGGCCGCCACGACGACGATGCCGGGATCGCTGATGACGTTGGCGATGGGCGTCAGCTCGTCGACCTTGTAGGTGATGGCGGGCGTCATGATGTAGTTGGTCAGAAGCATGGGCGTGTTGGTGATACTCAGCGTGTAACCGTCGTTGCGAGTCGCCTTGGCCAGCTGCGTCCAGGCGATCGCCCCGGTGGCTCCCGGGATGTACTGATTGACGAACGACGTGCCAAGGACCTTCTCCAGGTAAGGCTGAGTCAGCTGAGCGACCGTATCGCTGCCGCCGCCGGCCTTGAATCCCTGCAGAACGGTGATCTGCTTGCTCGGATAAGCGGCAAAAGCAGCGGACGCTGCCAGCGCGCCGATCAAAACTGCTGCACCGAAAACGCGATTTCCACTTCTCATCAAAAGATCTCCCCCTCACGATGTATTAATACTGTTTTCTTGATAAAAAGCGTTCGCACCGTTTGCCGGGCGCTGCGGGGGAGTTCAGCCGCTCAGAACTCCCTCGACTGTGCTGCGCAGCTCGCTGTGTGGCTCTCCCTCGCAGCGCCCTTATGCTCGGCCTTTTAATGGAGAAACAGTATAGGTACCTGAACCGTGGTGCCTTAAACCTCCCCGCGGAGCGACGGGGAATGATTTTTCAGAGGCGAAGCAGTCTTTCGCCGAATAACGATCGAGAGCTTTTCGTTGAAAATCAGCGTCAGTTTTTCTGGTTAACCATGATCTACCTGAGGCAAAAACAGTGTAACATCATGGATATTAAAAATCAAGTCGACAATTTACTTTTTGTCGTTGCTCAGTGATAAAGTCCCCCATAACTGTTCCAAGAAAATGTCACTCTGAGATAATACCGTTCATGAAACAGGAGCGAATGACATTGTCACAAAAGGAACTGGATCGTATCAGGATTATCGGAGCGCTTGTCGACGGACGCATGACGAACAGGGAGGCGGCGGAAAAGCTGGGGCTCTGTCAACGGCAAATCATCAGGATCAAGAAGAGGTTCGTCGCTCAAGGGGCGGCGGGGCTTGTTCACGGCAACCGCGGCAGAACGTCTCGGCGCAGGATCGGAGATGAGGTTCGGGAGTCGGTGCTGAAGGCGTATGAGGAGGTCTATTACGATTTCAACTTCTCTCACTTTGCGGAATGCCTGAACGAACGGGAGGGGATCGGGATCAGTCGTTCGAGTGTCGTCCGCATCCTGAAGGACGAGGGGATCAGGAGCAAGAAGAGTGTGCGGCGGCGGCCGAAGCTTCACCGTTCTCGACCGCGGAAGGTGGCCGCGGGGATGTTGTGGCAGACTGACGCCACGTCGTTTGAATGGTTTGGCAGGGGGAACGGGCGTGCGACGCTGCACGCTTATATTGACGATGCGACGGGGATCGTGACTGGCGCCTGTTTCACTGAGAACGAATGTATGGCGGGCTATGTCGCCGCGCTGGGGATGG
CP133038.1_gap14	706800	708389	1589	GTGTCCGCCGTCGCGGCGCAGGAAATTTCCGTCTTTCGAAAAGCGGGGTGAAGCGAAAATGAATATCCGCAGAACTCTTTTGCTTGCGGCGGCGCTCGCGTTGGCGGCGCTTTCCGCCGCGCGCGCCGAGCCGTTCGGCGACGTGCCCGCCGGCCACTGGGCTTATGACGCCGTGGCCGAACTCGGCGCCAAGGGGATCCTCGAAGGCTATCCCGACGGCGCGTTCAAGGGCGGGCGCGCCATGAGCCGCTACGAGATCGCCGTCATGGTGGCCCGCGCGCTGGTCAACGGCGGCGCGAGCGGCGAAGACCGGGCCCGTCTTAACGATCTCGCGGCCGAATTCCGTCCCGAACTGGAAGCCCTCGGCGTGAGGACCGACCGTCTCGACGGCCGTCTGGGCGCCCTCGAAAAGGGGCTGGGCGGCTGGAAGATCGGCGGGACCCTGCGGTTCGATTACAACGCCTGGGACAACGATCTGCCCGGTTCGGGCGCGCTGAGCGACGGCTTTACGTTCGACGAGGCCCGGCTTTACCTGCACCGCGATCTTGGCGGCGGGGTCGGCTTCGACGCGCGTTGGAGCGACGGCACGTTCGACCGTTTTTGGGTGACGGCGGCCGATTTCCTCGGCTGGGGGCTGACCTTCAAGGCCGGACAATTTGCGCTTGACTGGGAAGACGAGGACCGCCTCTATCATGACCGCCACGGGTTCTTCATGGGCTCCGCCTATCGCGGCGCCAGCCTGAAGAAAGATGCCGGCGCCGTGGAGCTGGCGGCGTTCGCCGCCTCGCAGCGCGCCGACGACGGCGATTCGGTTTACGCCGCCAACGCGAGCGACGAACATTACGGCGCCCGCCTCAAGGTCAATCTGGGCGAGCGCGCCTGGCTGAGCCTGAACGGCCTGTGGCGCAACGAGAACGACGCCGGTTTCAACACGTACTGGGCCGGGTTGGGATACGCGCTTTCCGACGGCATCGCCTTCCGCGGCGCTTATTACCGGCAGGATCTGAACGACGGGCTGGCGGACTATTACGGCGTTCCCACGGCGGCCGACGATCCCAAAGCCTGGAAGGTGATTCTCGACCTCGGCCAGGAAAAACTGCGCTTCACCAGCATCTGGCTGGAATACGCCCAGATCGACGCGGGCTTCCGCCTCGACAACGTTCCTTGGTCGTTCAACGACGACGTCGACTGGCCGCGCCGCGGCGCGAGACGCAATTTCTCGCTCGCGGGCGATACCGGCGTGTGGTTCGTGGGCGCGCGTCAGCAGTGGAACGAGCGCTGGAGCACGTTCGAACGGTATGCCCGTTACGACGTCGACAGCCTGTCGCCGGCGCCGCGCGAGTGGACCGTCGGCGTCGGCTACCAATACAGCCCCGGCCTGTATTTTGAACTGGCCTACAACGATCAGGACGGCGCCGTCAACATGAAGGATTACGACAACAAGCAGGTGCGCTTCCGCACCATGCTGAGCTTTTAACCGGCGCGTCAATTGAAGAGGAAAAAGCCGCCGCCGCGCTGAGGAGCGCGACGGCGGCTTTTTTATACTGTTTCTCAATTAAAAGGGTGAACGCAAGGGCGCTGCGAGGGAG
CP133038.1_gap15	745471	746792	1321	CCGAGTTCCGCAAGCTGGGCTGCCCCGGCGAAGCCGAATACACCGGCAAAGGCGTGAGCTACTGCGCGACCTGCGACGCCGCCTTTACCGAAGGCGTCGACGTGGCCGTGGTCGGCGGCGGCAACACGGCCGTCGAAGAGGGCTGCTACCTGACCCAGTTCGCCAATAAAGTCTACATCATCCATCGCCGCGACCAGTTCCGCGCCGACGAGATGGCCGTCGAGCGCATGCTCAAGAATCCTAAAGTCCAGCCCGTCTACAGCTCGGTCGTCGAGTCGATCGAGGGCGACGGCGACTTCGTGCAGAAGGTCGTGCTCAAGAACGTCAAGACCGGCGAGATCAGCGACCTGCCCGTCGAGTTCGTGTTCATGTTCGTCGGCACCGAGCCCAACAACGAGCTCGTCAAGGATCTCGTCAAGTGCACCGAAAAGGGCGGCTGGGTCGTGGCCAACAGCAACATGGAAACCAGCGTCCCCGGCATCCTCGTCGCCGGCGACGTGCGCGACACGCCCCTGCGCCAGGTCATCACCGCCGCCGCCGATGGCGCCGAAGCCGGCATGTCCGCTTACAAGTACATCGCCGAGAACTTCTAGCTTTTGCGATCCGGACGAAAAAATTCTGCGAACCGTTTTTGCGGTTCGCAGAATTTTTTTATCCACGCCCACGTCATGCAGAAAAGCCGGCCGTATATGCAAAAAGGAGCGGAGAAATATTTTAGACAGGGATATTTTCAGAGGGAAGGAACGCTGTAATTTGTGTTATACTCATTTAGAATAATATTTATTATCGATCCTGAAAGAATGATTTCGGGAATTTTACGGAAAAAGGATGGTCCAGTGATGAAGAAAGCATACGGCATTTTGGCTTTGGCGGCGCTGTTGTGCGGCGCGTTTGTTCTGCCGGGCGGGGCGTTGGCGACGGAATATCGCGAGGAAATGAACATCGCGATCACGGCAAACCCGCCGTCGTTGGAACCGCACAGTGTGAACTCCAATATCGTCGGCGCCATCGGTTCGCATATCTACGAGCCTCTGTTCGCCATGAACGCGCGCCACGAACCGACGGCGGTGCTGGCCGAGTCCTACGATGTCAGTGCCGACGGCAAGGTTTATACGATCAAATTGCGCCGCGGCGTAAAGTTCCACAACGGCCAGGAGATGAAGGCCGCAGACGTGACGGCGTCGATGGTGCACTGGCTCGGCGCTTCCGGCAAGGCCAAAGCGCTTCTGGGCGACACGGTCTTTACGGCCGACGGCGATTACACGGTGACGATGACGATGCCCGAGGCTTACGGCGACGCGCTCTCGGTGCTGGCTGCCCC
CP133038.1_gap16	785736	788347	2611	GTATCGGCAATGCAAAGAGAAAGGACCGGCAATGCAGAGAAAAAGGGCGGAGTCTTATTCGCTCCGCCCTTCTTCTTTGTTCGTTTTTTATCTGTTTCTATTTATTTTCTATCAATTTGCCATTTATTCGAGGAGGTTTTATCAGTGAAACGTTTGATGCAGGCGGCAGTTTTATTTCTGACATTCGCTATGTCCGCGGCGGCGTCCGCCACGGAGATCGCCGTGGTGGACACGGAAAAGCTCCTGGTCCAGTCCGAACCCGGCAAGCTGGGACGGGCCCATCTGGAGGCAGTGCAGAAAGTGCTCCAGAAAGGGTATAACGACCTGCGGGCGCTGTACCGCGGCCAGGAGAACACGGCCGAGGCGCAGAACGCGGTCGCGCAGGGACAGGCGGCGCTGGAACGGCAGATGGAAGTGGAACGCGCGGCGGTGACGTCGGTGCTGCAGTCGGAACTGATGGCGTCCGTGGAAACGTGGCGGAAGAAGAATCCGAAGTTCCACGCGGTGATGGCGCGTCAGCTGCTGCTCGACGCGGCGCCCAGGCTGGACGTCACCGACGCCGTGCTGAAGGAGATGAACAGGCGCAGGCCGAAGTTCGCCGCCCTTCCCACGGTGACGGTGAAGAAGCCGGAAGTCCCCGCCAAGGCGGAACAGGCGTCTGCGGAAGCGAAGTAACGGCCGAAACAGGAAAAACGGAACGACAGGATCCCCGAGCGGGGGAGGCGCAAAAAATGCGTCCCCCGATCGGGGATCTTTTCGTCAGGGCTGGCGGGCGGCCGAAGCGGGCTCATACGTGATACGGAAGCGTGCGCAGGAACGCGTCGAGATGCCGTTCGAAGCGGGCGATCATCTTCGTCCGCCCGCTGCCGGGCGATTTGTGGAGGATGAGGAAGCATTCGCGGTCCGGGGGGTTTTCGGCAAAGGCGTGGATCTCGATTTCCTGAGTGTCTCGATAGGCCGCGACGACGGATTCCGGGCACATGGCCCATGTCCCCGGCGCCAGGTAATTCAGCAGCGCCGCCGGCGTGTCGACGTGGACGACGGGATGGGTCGACGGGTTCCACCAGTAATCGTGCCACTGCTGGATGGTTGGGCTCCAGGCGAGATAAATTTCGTCCTGCTTGCGAAGCTGCTGCGGATGAACGGCGTGTTCGTTCCAGGGGCTGCCGGGGCGGCAGATCATGGAGATGGGTTCGCGCAGGACGGAGCGGGTGACGATGTTGACGTAACGGGCGTCGCGAAAGACGAAGCCGACGTCGGCTTCTTTGTTGTCGACCAGGTCGTATATCTCCAGCGACTGCTGGGTGCGCAGGCGCGGAAAATAGCCGAGGCCCGGGAGCCGCTTCAAGAAAGGTCCCAGCACGAAGTTGATCAAACTGTCCGGACTGGCGATGACCAGCGACTGATCCGGTTCCGTGTCCTTTAAGCGGAGGATTTCCTGATAGCTGTTCTCCCACTTTTCCGCCAGTTCGAGAAAGCGCATGCCCTGTGCCGTGATTTCGACGCGGCGGATTCCCTTCTGCCGATCGATCAGTTTGATGCCCAGCTCCTGTTCGAGGCGCAAAAGTCTCTGGCTGATGGCGGACTGCGAGAGCAGCAGCGCCTGCGACGCCTGGGTGATGCTGCGGCTGCTGATGATGGCGCGGAAAAGTTCGATATCGAAAGAGTCCATTCTCCTGTCTCCCCGGGGAATAAATAGTGATTTTATTGATATTAAACATTAAAATTATTCGTTGGACGTTGTAATTAGCCAATGATACCATAAAAAAATAAAAAGATACATGATAATAATATATGAAGGAGGCGTCGGCTTGAAATTCTTCAAGGTAAATGCAACGCAACATCCGGTACCCCGTTGCATTAAATCTGAATTAAAAGGAGCTTGCATTTAGGGCTTGTTTAAAAAACGTCAAAGTTGCCTAAATCGATCCAATCGCTTAAACTTTTCTCATGGAAGAGAGAAGATATGAACTGACCTCCAGCGAGTGGAATCGAATCAAGAGAATGCTGCCGCCCGAACACCCGAAATCAGGTCAACGTGGACGCCCGGCAAAATACGATAACCGCAGGATCATCAATGGGATTCTGTGGCTTGCCAGAAGTGGAGCGCCATGGAGAGATCTTCCGGAGCGTTACGGCAAATGGCAGGCAGTTTACGCACGTTTCAGGCTGTGGAAACAGCGGGGAATATTCGAGGCGATCTTTGCCGCCCTAAGCGCTGATGCCGACATGGAAAATCTCTCTATCGACTCCACGTCCTGCAAAGTACATCAAAGTGCCAACGGGAGAGGGAAAACCCCGGAAGGGGGAAAAAAGGGGCTCAAGCGATTGGCATGTCCAGAGGCGGCAAGAATACGAAAATTCATGCGATAGTAGATGGTTTAGGCAATCCGCTGGCGCTCCTGCTCAGTCCCGGCAATGACCACGATTCCCGCCATGCCGTGTCCTTGCTCGGGCAAGCGGAAATCAGAGGGAGCAACGTCATCGGCGATAAGGCTTACGGTTCGCAAGCCATCAGAGAGTACATTACTTCTCGGGAGGGAAGTTACACTATCCCGCCGAAGAGCGATAATCCCGAACCGTGGTTTATAGATGAGCATGTTTACAAGGA
CP133038.1_gap17	890276	891073	797	GGTGTTCATCGACGTGCTGCTGATCGTGGCTTTCACGCTCAAAGAGGCCAACGACACGCTGAAGCTGGCCCCGTACATCATCGGCGTCGTCAAACCGATCATGAAGGGCGGATTGCTTCCGGCGGTCACTTTTGTAGTCTGCATCATTTATGCGTACTTTACCAGCTGTTTCTGGAGTATGGCGGCCGTGATGCTTCCCATCGTCATCCCGCTGGCGCAAGGGATCGGCGTCAACGTGTATCTCGTGCTCGGCGCGGTTTTCTCCGCCGCGGCCTTCGGCAGCCAGAGCTGCCTGTTCTCCGACGCGCTGATCATGTGCTCCGCCGCCACGAACATCTCGACGGCCGATCATGGCGTCACGACGCTTCCCTACGCGCTGATCGGCGCGGCCCTTTCTTTCGTTCTCTTCCTGGTCGGAGGGTTCGTGTTATGATCATGGATCTGGTGTTGAAAAGCGACGCCGTCTTCACGGGGCTCAAAGACGGCCCCGAGCGTCTGGCAGTCGGCGTCAGAGGCAACCGGATCGAAAAGGTCTGTCCGCCCGAAGAGATGGCCTCGTATATAGGCTCCGGAACGGACGTGAGGGATTACGGCAGTCAGCTGATCATGCCGGGTTTTTTCGACGGGCACGAGCACGCATTTCTGGGCGGCATTTTCGGCCGGGCCGTCGATCTGAGCGATTGCGCTTCCGAGCAGGAAGCGGCGCGACGCGTCAAGGATTTTGCGGACGCGCACCCCGAGCTGTCCTGGATTATCGGCACGGACTGGTCGAACATCGCTTGGGAGCAGGCGCGGCA
CP133038.1_gap18	1068242	1068823	581	GCCGACGGCGCCGACCGCGCCAAACTGCTCGAAGAGCTGACGGGCGCGGAAATCTACCGGCGGATCTCGCGCGAAGTCTACGACCGAACCAAGCGCGAGAGATTCGAGCTGGAGCAGATCCGTTCCTCGCAGGCCGAACACGCCCCGCTGGCCGAGGAAGTCCGCGCCGCGGCGCAGCGGCGCGCCGCCGTCAGCGAGACGCGCGAGAAGGAACTGCGCGCGCGGGAAAAAACGCTTCGGCAGGCGCTGGATTGGTATGACCGCCGCGACGCCCTCTCGGCGCGCCGGGCGGAATACGAACAGGCGCGTTGCGAACTGAACGGGGAGCAGACGGCTTTTGCGCCGCAGGCCGAGGATCTGGCGCGGGCCGAGCGAGCCGCGCAGGCAGGCGACCTTTACGCCGCTTTGACGCGCGGCCGCTCGCGTCTCGACGCCGCCGCGGGCGATCTGGAACGCCTCGAAAAAGACGCCGCCGCCGGCGCGCAGCGGCGCGAAGACGCGGAACACCGGCGCGTCAGCGCCGCGGAGGATCTGGCGCTTTTGAAGAAAGAACACGGCGAGCAGGCCGAACTATGGGCCAA
CP133038.1_gap19	1074236	1074940	704	ACAAAGAAACACCGAAAACGCCCCAAAACACCGACAGGAGGCACGAGAATGAACCAGACATTTCTGGAACTGCTGGCAGAAATTGAAGATTTCCGCACAGGCAACGCGATCCACTATCGGCTCCAGGATATCCTTCTGGTCAGCGTGCTGGCCGTGATCTGTAACATGGATACCTATACGGAAATGGCCATGTTTGCCGATCATCAGAAGAAATATCTGGCGCCGTTCTGCGACTTCCGCCACGGCACCCCTTCTCACGATACCTTTGGCAAGGTGTTGAGCCGCCTCGATCCCCGTGTGTTGTCCGAACGCTTCAACGCCTGGATGAGCGAGCTGTACGTCCACCTGGGCAAGCTGGCGGAGTCAAGAGGCATGACCGTCGCCATCGACGGCAAGACCATATGCCGCAGCGGCAGTTCCGAACAGAAAGCCAGTCACGTGCTCACCGCTTTTGCCAGTCGGGCGCAGCTGGTCCTCGGTCAGATCAAGACCGACGAGAAGAGCAACGAGATCACGGCTATCCCCGAACTGCTGGATCTCTTTCAGGTCAAAGACACCGTCGTCACCATCGACGCCATGGGGACGCAGAAGGACATCGCCGCCAAGATCATCGAAAAGGGCGGAGATTACGTCCTCGCCGTCAAAGGCAATCAGAAGAAACTGCACGACGACATCATCTGGCACCTGCGCAGCGAAGCGCAGGA
CP133038.1_gap20	1248840	1250791	1951	CGCCTTGTCCGTGGAAATCATCACAAAACGTTTCGTCTCGTATCTGCCGGCCATTCTGCCGAGAATCCACGTGCCGAGCGCGTTGGTACGGATCGCCTCGCGGGCGTTGCATTCCATCAGCGGCACATGTTTGTGGGCCGCCGCGTGAAAAACGATGTCCGGACGCCACCGAGAAAAAACTTCTTCCATCGCCCTTTCATCAGCGACGTCGGCAATCACCGGCACAAGTTCGGTCTGGCACGCCCTTTCCCGCAATTCCTCCAGCAGCGTGTAAATCGAGAACTCGCCGTGGCCGAGCAAAACCAGCGCCGCGGGCGCGTAAGGCAGAATCTGGCGGACGATTTCGCTGCCGATCGAGCCTCCCGCACCGGAAATCAAGACCGTCCGCCCGTGGAGAAGCTGACCGATCTGTTCGGCATCGAGGCTGACGGGCTCCCGGGGCAGCAGATCCTCGAGGCGGACCTTGCGCAATTTGTTCAGAGAGACCGTGCCGTCCGCAAGTTCCTGCAGCGAAGGCAGAATACGCACGGAACTCTTCAGGGACAGAAGTCCGTTCAGGAGATCGCGGACTCTGCAAGCCGGAGCGGAAGGCAGCGCCACCCAAACGTCGCTGATCCGCTCGGCCCCGACAATGCCGATCAGCTCGCGGAGCGTCCCAAGGACGGGAATGCCGGCGATCGTCTTTTTCAATTTGGCCGGATCGTCATCGAGAAAGCCGACGACGTTGAAGTCAGAATCATGTCGTTTCAGGTCGCGAGCCAAAAGCACGCCCGCCTCCCCGGCGCCGACGATCAGCGTTCTCCTCCGCGGATTCCCGTTGTGTTCCTGCAAGGTCAGCCGCCATGAGAGGCGCGACAGCGTCAGGAAGGCAAAACCGCAGAGGAACAGCATTCCCATAACGCTCCGCGGCACCACGAACGGGACGTCGGTCCCAACATACAGCCCGATCAGCACGGCGCAGGCCGGCAGATAGGCTTTCAGCAGGATCAGAAGTTCTTCGATGCTCGTCTGCAGCCAGTAGACCCGATAGACTCCGCCGGCATAAAACGAAAACATGACGGCCGCAACGTAAAGCGGCCCCGCCTCGAAGATCCCATAAGCCGCCGCATGTTCCAAAAAGATCGAGAATCTCAAGGCGTAACTCACGTACACCGCCAGGCTCAGCAGAAGCGCATCGACCAGGGCCACGCAGCCGTTCCGGGCACCCAGGCTGCGCCACGCCCCGACGATCTGAAGGCCAAAATTCTCCACTTCCGTTCCCCTCCTGAGCCGGCTCCTCTTAACGGTTTTTCTTCAAAATCCGGTTCTCGGCCCCATCGTCCTTAAGGAATAATAAGTCCGCTGCCCGACTTTTTGCCGCTCATGCGTTCGAGCCGCTGCAAATCGGCGGCAGAAGCCACGTCGAGACGAGGTTTCTTTTCCTCTTCCTCGATCATCGCCTTCACCTTCGCCTCGTAATCCTTCATGTTCTTCCGAATGGCCTCGGCATCGTTCTTGATCCAGACGATCATGTTGTCCGCGATCGATTTGAGCGCTGCATCGTCAGGCATCTCTTTGATGGCGCCAAGGTCGAGGAGCAGTTTGTGCTCGTCTTTCACCGACTGGACAAGGTCATCGTCCGTCAAAAGCCCCTTTTTATAAAGAGCGCGCGCCAGGATGTTGAACTTGCTCTTCATGTTTTCGTTGGCCACCGCCATGGCGTCCACGCGCGAAAGAAGCATGGACAGCACTTCATCGAGACTGATCTGCATCGCCATTTTTACCACATACCTTTCATGAAATTTATGCGTGTTTAAACGTTGAAACGGAATTCCACCACGTCGCCATCCTGCATGACATACTCTTTCCCTTCAAGACGGAGCAGCCCCTTGGCTTTCGCCTCGGCGATCGAGCCGCAGGCGATCAGATCGTCATAGCCGACGATCTGGGCGCGGATAAAACCGCGCTCGAA
CP133038.1_gap21	1437988	1439184	1196	GTTGGACAACAGGGTCGTCTGTCTCGACGCCAAGGCGCTGTGTTACCTGATGGAGCGGCCGCGCCTCGGCGGGCTTTGGGACGTCAAGACCGCCTGGTACCTGCTCCATCCCGATCTGGAAAGCTACGACATCTCGAAGGAGATCGGCCTCGAACTTTCGCCCGGCCGGGCGCTGCGCCTGTTGGCCATCGCCCGCTCCATGGAAGAAAAAATCGCCGCACAGGACATGACGCGGGTCATGAACGAGATCGACCTGCCTCTGATCCCCTCCTTGGTCGACATGGAGCGCCGCGGCATCCGCCTCGACCGCGAAAAAATGCTGGCGCTTTCGCGGGAGCTGGAACGTCAGCTGAACGCGATCACCGAAAAAGTCTACGAAGCGGCCGGATGCGAGATCAATCTCAACTCGCCCAAACAGATCGGGGAGCTTCTCTTTGAAAAACTGGGGCTTCCCGTCGTCAAGAAAACAAAGACCGGCTACTCCACCGACGTGTCGGTGCTTGAACAGCTGCGGGAGATCTGCGGCGCGCGCTGCGAAATCCCGGGGCAGCTCCTGGAATACCGCGAGCTTCAGAAAATGGCCTCCGGCTTCGTGCAGCCGCTGCTGAGCGCGGCCGGCGAGGACGGTCTGATCCACAGCACCTTCGAATCGCTGACGACCGGCACGGGGCGCCTCAGCAGCCGCGATCCCAACATGCAGAACCTGCCGGCTTACAGCGGCTGGGGACAGAGGATCCGCGAATGTCTGATCCCGTCGCGGCCGGGGCATTGCTTCGCCGCCGCCGATTATTCGCAGATCGAACTGCGCGTGCTGGCCCATCTCTCGGGAGATCCGCAGCTGATCGAGATCTTCAAGTCGGATCGGGATATCCACACCGAAACCGCCGCCATGATCTTCGGCCTCCCCGCCGACGCCGTCACCAAGGAGCTGCGCCGCAGCGCCAAGACCGTCAGCTTCGGCCTGATCTACGGCATGAGCGTTTTCGGCCTCGCCTCCCGGCTGGGGACGGACCGCAACACCGCGTTCCAGATCATGGACGCCTACTTTGCCGCTCTCCCGGGCGTACGGGAATACATGGAAACGAGCAAGAAAAAATCCCTCGAAGTCGGCTACACGTCCACGCTTTTCGGCCGCCGCCGCCCGATGGACGAGATCGCCACCGGGAACCAGACGAAAGACCACCAAAAACGCGTCG
CP133038.1_gap22	1513566	1514834	1268	CGGTAGACACTTGCAAGTATCTCGTACCCCGGCGGTATTCCCTGGAATATTTGTCCCCAAGATGAAGTTTCCAACGCCTTTTTGCGACTTCCAACAGCGTCTGGGTACCCATAATATTGGTAGCAAAAAATACCTCGGGCGTTTCAATACTTCGGTCTACATGGCTCTCGGCGGCAAAATGAACAACCGTGTCAAAGTCATACTCATCGAACAGACGCTCTACCAACACTTTGTCGCAGATATTTCCCCTTACGAAGCGGTAGCGCGGGTCGGACTCCACCTTACTTAAATTTTCCAGATTACCTGCGTAAGTGAGGGCGTCCAAATTTACCAGAACCTCGATATCGGAAGAATAAGAAAGAATATGGCGTACAAAGTTGGACCCGATAAACCCTGCTCCTCCTGTAACAAGCACGGATTTCATCAGACAGCTTCCTCCGCAACGCGCATGATATACTTCCCATACGCCGTTTTCATCATAGGCTGCGCTAAAGCAATCAACTCTTCTTTTGTAATAAATTTGCGCCGGAAAGCGATTTCTTCGATACAAGAGACGTATAGCCCTTGGCGTCGCTGCACGATCGCAACAAAATTCGCCGCCTCCAACAATCCGTCGTGAGTTCCAGTATCCAGCCAGGCCATTCCTCGGCCGAAAAGCTCTACCCGCAATTGTCCCCTCCGCAGGTACTCATTATTGACCGCAGTAATTTCCTTTTCACCGCGAGCCGACGGCTGAATCTCTTTAGCGATTTGCACCACTTGATTATCGTAAAAATAAAGCCCGGGGACCGCATAATTTGATTTTGGATGTTTAGGTTTTTCTTCGATGGAAACAACGCTCCAATCGTTGTCAAATTCTACAATTCCAAACTCGGAAGGATTATTGACTTTATACCCGAATATTGTCGCTCCATTTACCCGCTTCATCGCTTGGGCAAGTATGTCGGAAAAACCTCTGGCATAAAAGATATTATCTCCTAAAATCAGAGCAACTGGACTCTCGCCGATAAACTTTTCGCCAATAATAAACGCTTCGGCAATTCCGTTCGGCTTATCCTGTACGGTATACGATAAGGACAAACCTAGCTGCCTCCCATCTCCCAGAAGCTCTTGAAATGCCGGGATATCCCTCTTCGTCGAGATAATCAAAATTTCGCGGATCCCAGCCAGCATCAAAGTAGAAAGCGGATAATAAATCATCGGTTTGTCGTAAATAGCAAGGATCTGCTTTGATACCGCCCGCGTCAGCGGAAAAAGGCGGGTTCCCG
CP133038.1_gap23	1522343	1526896	4553	TGAACGCGCAGCAGAAACAATCGGGGTTCGGATTGTCCCTGCCGAGATCGCCATGATCCGACGTGCCTGTCAGCGCATATTCAACGGCCATTTTCATATAGTTGATACCGTTAACCGCATCCAGGTAATAGTAATCGCACAGCGCGGGAATGCGATATCCACACTCAAAAATGTAGATCCCCTTCTCGGTGGCAATGCCTTGAAAAAACACAGTCCCGGCGTAGGCGCCGGCGCTCTTCAGCATCTTTTTGATCGCCGGATCAACCTGTTTTTTATATTGCTCATAAAACTGCGACGGGGCAATACTGGCGTCAAACTGCGCCGTTACTCCAGTGTGATCCAGCGAAGGGTACCGATCGCGCAGTATGGACAGGCTCACTTCCCCGCCCTTGATAGTATAAACCGAGGTGATTTCCGTGCCGGTCACATAATCTTCCACGATCACAGAACCGCTTGGGGAATTCTCCCGGGCGCGACGAACCGCCGGTTCCAATTCGCCCTCTCCGCGGCAGATGGTAACGCCGCGGGCGGCGAAACCGTCTACAGGCTTTACAATGACGGGGTAATTCACACGTTTAGCCCACTCTTTGTCGCCGTCCGCGCCGACGGCATATTCCCGCGGTACCGGAACGCCATGTTTTACGCACAGGTCTTTAAAGGTCTTTTTATTCTGAAAGGCATCCCACTGCTTTTTCGTGAAGTAACAAGGCAACCCCAGTTTTTCGCATACTGCCTGAAGGGTTATTAAATTCCCCTCGCTGACGCCGCAAAAAATGCCGTCGATGCTCTTTTCCCGGGCAAAATCACATAGAGCGCCAACATCCCGCGTACTGACCGCAGCACATTCGTCGCAAATCTGCTTTGCCTCCGACCGCTCAGGCGCCAGGTTGTCGGTGACGATCACATACGCGCCTTCCTGCCGCGCATAGCGAACCATGCTAACAGATGCAACGGACGTACCTAAAAGCAACAGCCGTTTTCCATCAAACAGTCCCATTCTGCCCTCACCCTTAGTCAAGATAAAAGAGCCAATAGTATATTTTTTTTACACAGATCATGGGGATGCAGAGGAAAAATTCCCATTTTCTGTTCTCCAGTTCGAGAATCTCCCATGCCAGGCAACGCCAGCCTTTAACTCCCGTCTTCAAGTAATGTAAAACCGCAGAAACAAACAGCTCTTTCCTGTGGGCGCGAAAACCGGCGTCGACCTTTAATACTGAAGCGGCGTAGTTTTCCAGCGTACGAGTATAGGCAAGTTCCCGCCTCATGTTTTCCAGCGAAGAATTGTACATTGCCGCCGTTAAATTTCCGGATTTTTTATATCGGCGGTAGCAACTCATTTTTTCTTTAAAATGATAAAAATCGCCCTTGGCGGCGCAAATCAATATCACCGTTCGATCGCTGATCTGCCGGTGGGCTTTATAGCAGATAGAGTAGTCCTGGGATCTGTCGGCGTAAATATTACGCTTTACAATAGTCGCCGCCTGCCCCGGCAGCATGACGCCCTGAAAATCCTTCAGGGTGTACCGGGATTTGCCGCTGATCCAACGTAAGCGCTGCCGTCTTAACGGCGCCCCGTTTTGATCGACGGCAACGTAGTCATGAGAGCAGCCGATGAAAGAAGGGTTCTTTTCAAGAAAATCAACCTGCGTCTGCAGCTTATCCTTTGACGTCCAATAGTCGTCGCCTTCACAAACGGCGATATAGGCTCCCCCGGCGCGCATGGAGAGTTCATACGCGTTTCTTGTCGCGCCCAGATTATGTTCCCTTAGAAAAAGTCGAATTTTCTCGGGATATTTTCTTTGCAGTGACTTCAATATTTCGGGCGTGCCGTCGATAGACGCGTCATCTCCAACGAGGATCTCATAAGGAAAATTTGTGCGCTGCATTAGGATACTGGAAACCGCCTGCTCAATAAACTGCTCTTGATTATATGACATAACAATCACGCTTACTAATACGCTATCAGACATTGTGACTTAACCTCATTCCTGGGCTGCAACCCTGCCTCGCTCCGGCGCGCGCGGTTCAGTTTTGACCGCCCCTCGGCCCTGGCCCCTGCGTTTCCAAATTCCCAAACGATGAAAATTTTATTCCGTCATTTAACAAAGGTCCTTCCTGCGTATGGTCTTTCTCAGCCAGATATAGAGAGGGGAATTCTTGAGCCACTCCAAATGACGAGGCGATATATGCAGAAAATGCATCGAAAGTAGAATCCGGTATCTCGGCTCGACCAATTTCAGTATTTCCGGGACGATCTGAACGCTCTTCATTTTGACGCGCTGCGCTTCTGCTCTGCCGTGTTTCCTATCCTTGTTCCGAATCAGCATGGTGACACAGTAATTTTGCAGCGTTTCCGCCATTTTATATAAAAAATATCTTTTCGACGCACCCCGCATGTTTTCATGCTTCAGATACGCATCGGATATTTTCCAATAAACCTGTTCAAGCTGCGGCGCGCGCGCAACCTGGTTGCTGTCGGACATGCTCTGGCTTACGTTGCCTATGAGATATTCGTAGAGAAACAAGTCAAAAAACATTATCGTTTTGGCTTTCATAAAAGGCAAGGTGCAGTACTCTTGATCTTCGTATGAAATTCCTTCGCTTAACGTTATTCCGCAGGCACGGTAAAAATCTGTTTTGTAGGTGATACCGTGAAACATGCAGCAGCTTAAGGCGCCTTTGCCTGCGTCCATCAGTTCTTCCAAAGAATAGTTTCTGCCATAACGTATGCCGGACGATTTTATCGCGGTACCCCTGCCGGAGCGCACATTGATCGTATGAAAGTGAGTAATTACGACGTCGGCGCTTGAGGTACTAAGCTGAGAAACATAACTTTCAAGGTTGTCCGTCACTATCCAATCGTCTGAATCGACGACCTTAACATATTTCCCCGACGCAACAGGCACGGCAATGTTTATCGCCGATCCGTGCCCTCCGTTTTTTTTGTTTATCAACTTGAAAATATTCGGGTAACGGCGTACGAATCCCTCGGCAATGTCTTTTGTTTTATCTTTTGAACCGTCGTTGACGATGATCACTTCGATCCTCTTATCCGCGCCGCCCGAAGAGACGAAAGAGGAAAGGCATTTTGTAAGGAAGCCTTCGGAGTTATAGGCAGGGACTATAAATGTAACGATTTTATTTTCCTCGCACATTTTATGACCTTTTGCCTCTCCGAAGAGAAAATATTTTTTCAGCGGTCTGCATTGCGCTGTGTATAACTTCGTCCATATTATAATATCTGTATTCTGCAAGTCGCCCGCCGAATATGACGTTTTTCTCCCTTTCCGCAAGCTGGCGATAGCGCTTATAAAGTTCGTTGTTTGAGGTATCGTTCACAGGGTAGAGTGGCTCTCTGCCCGCTTGCCATTCTCCGGGGTATTCTCTGGTGATTACTGTCGTCGGTTGTTTGCCGAATGCAAAATGCTTATGCTCTACAATCCTTGTATAGGGCGTTTCAGCGTCGGTGTAGTTTACAACGGCATTTCCCTGGAAGTTCTCAGTGTTGATTTCCTCTGTAACAAAGGTTAATGTTCTGTATTCCAGCGCGCCGTATCTGTAATCAAAGTATTCGTCGATCATACCTGTGTAGACAACGCTATCCGCCAGCGATACGAGTTTTTTTGTGGAGAAAAAATCGGTTGAAAGCTGAAGTTCGCACCCTTTCAGCAGTTTTTCAAATATCCCATTATAGCCGCCCGCAGGTATGCCTTGATAAACGTCGTTGAAATAGTTGTTGTCATAGTTAAAGCGCAGTGGGAGTCTGTTTATTATTGCAGGAGGCAGCTCAGAGCAACGGCGTCCCCACTGTTTTTCCGTGTAGTTCTTTATTAGCTTCTCGTATATGTCCGGGCCGACGAGCGAAAGCGCCTTTTCTTCAAGATTCGAAGGCTTTTTTGTTCTGTATGGACGCGTCTGTTCAGCGATCTTTTCTTTTGCTTCTTTTGGAGTAATAACCCCCCACAACTTATTGTACGTATTCATATTGAACGGCAGATTGTAGATTTCATTGCCGTTGCGTGCCAGCGGCGAATTAACGAAATTGTTAAACTTAGCGAAGCGCATAATAAACTGCCAGATCTTTTCTCTGTCTGTATGAAATATGTGCGGTCCGTATTTATGCACCGTTATCGCCGACTGCTTTTCACAGAAAGCAGCGCCGCCGATATGATTCTTCTTATCTATTACAAGACATTTTTTGCCGGCCGACGCTGCATAATGGGCGAAAACTGCCCCATAAAAACCAGCGCCGACAATGAGAAAGTCGTAGACTGCCATTTAAGATAACACGCTCTTTTCGTATATGATATAGCGCCTTTCGTTTGCCGTAAATATTTCCCCCGCCGTTGAGCCGGATGGCGTTTTCACAGTCAGCGTGTAATATCGCCTGAACACTAACGCACTTCCAGCACAATTCTAACACATTTCTTGCGTTAGAACTGCGTTCCCAGAGGGCGCTGAGAAGCGCGAAAAGAATGAGCGCGTTTTACCGATGAAGGGAAGCCCCCATACCACGCCAGCAAAACTGAAGATGCCAAGCCCCCACCCGT
CP133038.1_gap24	1534926	1538037	3111	TACGGAACCATTTGATTTTCTGAAAGAAACATTCAACCAAGTGTCGTTCCTTGTAAACATGCTCATCTATAAACCACGGTTCGGGATTATCGCTCTTCGGCGGGATAGTGTAACTTCCCTCCCGAGAAGTAATGTACTCTCTGATGGCTTGCGAACCGTAAGCCTTATCGCCGATGACGTTGCTCCCTCTGATTTCCGCTTGCCCGAGCAAGGACACGGCATGGCGGGAATCGTGGTCATTGCCGGGACTGAGCAGGAGCGCCAGCGGATTGCCTAAACCATCTACTATCGCATGAATTTTCGTATTCTTGCCGCCTCTGGACATGCCAATCGCTTGAGCCCCTTTTTTCCCCCTTCCGGGGTTTTCCCTCTCCCGTTGGCACTTTGATGTACTTTGCAGGACGTGGAGTCGATAGAGAGATTTTCCATGTCGGCATCAGCGCTTAGGGCGGCAAAGATCGCCTCGAATATTCCCCGCTGTTTCCACAGCCTGAAACGTGCGTAAACTGCCTGCCATTTGCCGTAACGCTCCGGAAGATCTCTCCATGGCGCTCCACTTCTGGCAAGCCACAGAATCCCATTGATGATCCTGCGGTTATCGTATTTTGCCGGGCGTCCACGTTGACCTGATTTCGGGTGTTCGGGCGGCAGCATTCTCTTGATTCGATTCCACTCGCTGGAGGTCAGTTCATATCTTCTCTCTTCCATGAGAAAAGTTTAAGCGATTGGATCGATTTAGGCAACTTTGACGTTTTTTAAACAAGCCCTAAGATAGGCATACCCAGTCATTCCTCCCTCGCAATCTCATCAGCAGAGTTGATCGAAAGGGAAATGATGGATATGCCGCATGCTCGTTTTATCGGATTATTGTCGAGTAGGGAAAAGAGGAGCACCAAGAAGTTTTACGACCGCGGCGAGACCCACTCGATGGATTTTATTATGCCCTGTTCTGAGAACTGCAGCAAACATTTCTCTATTTTTCGATAACTTCCCACGTGCCGTCACGCCTGGAGCCAAGTCTTCGAATATAGCCTTTCTCTCTCAACGAATCCAGCGTACGCTGAACTGTTCTGACTGTTTTTGATATCTTCTCAGCCATCTCGTCCCGGGTTGAATCCGGCTTGTTTTTCAATATAGCCAGCACAGCCACTTCCGTCCCCTTTAAAGTGACATTAAAAGTGACATTCTGAATGTCACTTTGAAACGCTGGTCTGTAAATAATAAACTTAAATCCGCTTTCGCCTGTCTCATACGAATATCGAATAGCCGCATCCTTGCAAAGACTGTTTATTCGCTTAAAGCCGCTTCCGAATTGCTCAATAGACTTATTCAGATACAGAACTTTCGAAATAAGAGGGTTACGTATCTCTGACTCTACATTCCTTTTAATGTAATCCTCCGGTTTATAACGGCTTGCATATCGTCCGGGACTATAGATTGTTATCTTCCCTGGGTGGATGCATATTTCATGATTTGTGGATTCGTTATATACTGCATGTGCAAAACTGTTAGCCAATGCCTCTCTAATGACCGCAACAGGGATCTCCGGGATTTCCTCTCTTTCTGTCCCGATGATTTCGCTTCTCCATCGGACATTCTTCAAAATATAATCTTCAGATATCTTCAGCAAATTATATATATTGTCTTCATAGAGCTTCATATCAATAAAAGTAAGCTTTTCATCCGTAGCAAATACAGCAGTTTTCAATGTGACCGGATGCGTATTTCCGAAAAGGCATTCTCCAGCGTTATTCAAATGATCGTCATCCAGCAAGCCGCACCTCTTCAGAACGATTGGACATGTATATTTTCCCTCCGGTATTCTCCCCGCCGAAACAGCTTTTTGCCAAAAAGCTCTGATTGCCGTTTTGTCAATTTGCTTGGATGTCGCCAAAGACGGTGTTTTCTCCCACTTTTCCTTATATTCATTTGATACAAAGAAGGACTTCAGCGCTTCCGGCACCACCTCACGATCTTCATCAGCAGTTCGGAGGTAATAACGCCCAAACGCAGAATATGGGACATTACTGCCATTAAATTCGATTTTGATTACATGCCTTCCGTCAAGAACCGTTTCGTTTATAGCAGGATATATCTGAGGTCTGATGCTTTCGTATACCATTCTCGAAACATCACGAAGCGACGATTCCGAAACGGCCTGCCCGCTCACATCACCATTCGGTTTGATCCCAAAATAAAGGGTTCCTATCCCGTGTTTATTCAAAATAGACGAAATAGAAATCATCGCCTCTCGGATCTCGGCAGTTGTCTTTTTGAATTCCAACGTTTCCGTTTCTTTTCCCAGATTCATTCCCGCTTCCCTCGCCGTTATAAAGTGACGTCATCATATCATATAGTGACATTTACGTCACTATTAACAAGGCGAGGCACCTCCCTCCTCAATGGAGAATACCCCTACGGCGACCGCCGACGGTCTGATACTATTTCTCAATTAAAATGCCGAATGCAGAGGTGCTACGGGGGAGATTCACAAAGCGAGCTGTGCAGACCGCGCAGCGGTCAAGGGAGTCCTGAGCGACTGAACTCCTCCGTAGCGCCCGGAAACTATGTTAATACTTTCTATTAAGAATTAGTCTGAGCAACATCAGCGCATGTGCCGCGATTCCTGGAACTGGGGGAAGAAGTCGCTGCGATAAAAACATCAAGGGGCTCATTAAGAACATGTCGCGCCCGTCATGTTTTGAAGGAACAGTTCAAAACGCGACGAGCGCGACGTCGTTTATCCCGGACTGCCGTCGGGGTCGCAAAGCCTTCGCCGGCTTTCGTTGCGAGATCTCACCAGTCAAGGTCAAGGTGGTTGCGCGCGAACTGCTCAAATATCCATGTGTCTTCGCAGTCGCACAAAAGGCTGTAAAGCTCCTGCCGAAGCTCTTCCCTGGACAGTCCGTCGATGTAGCGCCGCAGTTTTTCGTCCAGCTCTTCCCGACGCCGCTCTTCTTCCTCTTCGTATTTGACGATGTCGTCGTAGTATTCCCGGGCTTTCTCCGGGTACGCCGCAAAGAACAGCGCGATCATGTGCTTGCAGATCACGCGCCGGCCGGCGGCATGGGGACAGGTGCACGAAGACTTGCGCGGATGCTCCGCGTCGAT
CP133038.1_gap25	1542701	1546462	3761	CCGCTCGGGCTCGACCTGTCGTTGTCCGGCAAACGACGCTGGAGCTACGCGGCCGTCAGCGACGGCGGCAAAAAGGTCTACGAAGAATGCGCGCCCGGCCGCATCGACATAACTATCGACGCCGCGGGGCTGAAGATCGGGCTCGTCAGCACGGGCATGGAAGCCGGCTACGAGTCGTCGATCCGGATCGACGGCGCGGAATATTCCACGCAGTCGCTGGGCATGAACATCGTCGTCTACGACAAAAAGCAAAAACGCGTCGTCGACAGCGTCGCCTTCAACACCTACGCCGACCTGTCCGCTTCGCGCAAAGACCCCGCGTTCAAACGGTAAAAGCAAAGCGGCGAACCTCGCTTCACTCGAGGCTCGCCGCTTTTTATCCGTCTGTGTTTTGAGTGACCCACAACTGGCATTTGTGTTCCAACAAGAGGAAATCGCAGCTGTTGGCCACAAGTCCGGGATTCTTGCCCAACAGCACTCGTTTGTAAGTGCGCTCGGCAAGATACTGGATCCTTTCCTGATTTTTGATACAGAACCTCAATTCCTGCGCAAGCAGGGCACGATAAGCTCGATCGGGTTCGTCGTCTATGGAACGGAGCGAGAGTGCGCTTTTGGGAACAGGAAACATATAATTAAACCGAAGCGAAGCGACAATCTGACCATTGTCAGCCTGAATGAGGAAGTTATCGGGCTTTTGCTGTTTAAAAGAAGTCACAGGCACGTAATAGTTCATTTCACGCACCTGAAGCACAACGCCGCATAAAAATTTTCTCTTTCGACTTACTCCATAATCCATGTTAGGGACGCGGCTTACGCCCCTCTTTTCTATCTCTGCATTTTTCAAATAGTTGGTATAAGCAAAGTCCACGTAGTAAAAATTGAGTTTTTCCATCAATGCGGGCCTCAAAGTCAGAGATAAAAAGAGAGGGGCCACAGCCCCTCCTGTTTTCACTACAGCTGCGCTTCAGGCGGCAGCGCGCCTTTCATGATGATCTGCTCTCAAAGCGGCAGGGCGCTTCTCATCGATGATCTGCTCTCAAAGCGGCAGGGCACTTGCCAAAAGAGCATCGCTCTTTCTACGTGTTATTTTACTCAAGTTATGAATTTTTGTCAAATCATTCTCACGAGGAAGACAAAATATATGAAAACTGAAATTCTTCAAGGTAAATGCAACGCAACATCCGGTACCCCGTTGCATTAAATCTGAATTAAAAGAAGCTTGCATTAGTCTGAATTGATGAAAGACCTTTCTTACGAGACAACAGATCTCGGAAAGGAGTTCATCATCATGAACAAACATTTGACTCTGGCTGAAAGAAAAGCCATTGAAAGCGCCCTCAACCGGCGAGAATCTCTCAGAAGTATTGCCTCAACAGTTCTGAAGTCGCCGAGTACGATCTCCAGAGAGATCAGAAAACATGCAGAGACTGTCTTCAAAGGCTGTTATGGCCGGACAGCAAACTGCTGCCTTCACCGGTATGACTGCTCCGTTACTTCCCTTTGTAACACCTCTCCGAAATGCCGTTCACTGTGTTTCCGGTGCTCAAGATGTAATACGATGTGTCCTGACTTTAAGGAGGAGGTCTGCCCGCAGCTTTCGGTTCCTCCGTATGTCTGTAACGGCTGCCCCAACCGTCACCGCTGCACTTTAAAAAAACGGATCTATTCTGCTAAATCTGCAAATGACTCTTACGAGAAAACTTTGCATGAGGCTCGTGAAGGCTTCAATATCTCCGATGCCGAGCTTGCAGATATTGATTCTTTTTTCTCTCCTCTCATCAAACAGGGGCAGTCTCTCTATCATATTATCCGTAATAATCGAGATACTGTTCCCTGTTCTGAAAGTACCGCCAGACGGCTCCTGCTTTCGGGTATTTTAGAGGCACGGAAAATAGACTTGCCCCGAGCTGTCCGTTTTAAGAAGAGAAAGGGAAAAAGAAATAACATGAAGGTGGATAAAAAATGTCGTGAAGGCCGTACCTACAATGATTTTCTCTCTTTTTCGGAGAAACATCCGGACATGCTTATTACCGAAATCGACAGTGTCGTTGGCACCACAGGAGGAAAAGTTCTTCTGACTGTCATCTTAAGAAACTGCAACTTTATGCTGGCTTTTTGAGAGATAAAAATACTGCTCAATCTGTTGAGCAGATTTTTACAATGCTCTTCACTCTTCTGGGCAGGAAACGCTATAAGTCCATGTTTCAGGTCCTTCTTGCTGACAACGGTACAGAGTTTTCCAATCCGACGGCTATCGAAAAAGGTCTGGACGGAGAAAGAAAATCATATATGTTCTATTGCAATCCACAAGCACCGCAGGAAAAACCGAAGGTTGAAAATAATCATACTCTCATTCGAAGGATCCTTCCCAAGGGAACAACTTTCGACAATTTATCCCAAACTGATATCAACCTGATGATGTCTCATATAAACTCATACGAGAGGAAAAAATTTAACGGAAAATCTCCTGCAGAGATCTTTATCAACCTGTATGGCGAGGACGTATTGCATTTACTCGGACTCGAACTTATTCCGCCACAGGATATCTGTTTAAAGCGGACTCTTCTCGCCGGTAAATAACGGCTCCTTTTTAATTTCTTGATTGCATTAACTCTGAACTGAAAATTTTGCTTTCAGTTGAGGATCACTTTTGTATGCACTTTTTTCGGACAATTTCCTCGTAACAGCTTTTCATCCCCTTGAATTTGTTCCGTTAGCGCAATCTTGATCGTTATTATGTGTTCGTAATGACTGCTTGCTGCTTTTGTCCTGTCAAAGTAAATGCAACCCCGTCGCATTTACTTTGACGAGGTTGCATTTACTCTGAAAATTTACCAATATATGAAAACTCAAAGCCAGCCTCGATTTTTTTCATAATCAGACCTATCGAAAGCCGGCGTTCCGTCTCTTTATTTTCAGCTTGCCAGAGCGCGCCGCACCTTGTCGCGCAGGCGGCTCACGCGCTTGCTGGCTGACGGCGCAGCGGCGGGCCAGTTCCTTCTGCGTCAGGCCGGAAGCCAGACCGCGCGCCAGCTCGCGCTCGGGGGGCGGCAGGCTTTCGAGCAGTTCGAAGACGGCGTAGCCGCCCTCTTCACAAGGGACGTCGAAACCGTCGTCCTCGAATTTCTGCTCCAGCGAATCGTGGGCGCCATCCCGGCGCAGCCTCGCGGCGGCGTCGCGCACCCGGCCGCGCAGGCGGTACCAGATGAACAGGCTCAGCCGCTGGGCCGGTCGTTCCTCGTCGTAGCGCCGCACCAGCTCGAAAAGCGCGATCATGCCCTCCTGCACCAGATCTTCGTATTCGGCGCCGCGGCCTGTATACTGCCAGGCAATTTTTCTCGCCAGCGGCAGAAAACGCAGGGCGATTTCGTTCAGCTGCTCTTTGCTCGCAGCGCATCGTTCGCATTCCACTGACTGTGATCCTTTCTCCTCTTGTGAGGTCTTGAGCGTCGGAAGAAGGAGCCTTCTCCGACTTTATCAAAAAGAGTGCTTAAATCGCGACAAATATACAACCAGACTTCACGAAAGTCAAAAAGGACAGTTTACTTATCGTCATCATGAAGCGCTCCACGGCAAAAAACGCGACGGCAGAGTCGCGCTGATTCGTTCAGGCGTCTCTGCCGTCTTTGCTTTGCGGCGATATTTTTTTCGGCGAAAAAGCTATTCGATCACGCGGCCGTCCACGCCGATGGTCACGACCTGCCAGGGGATGAACTTGCCGCTGTCCATCAGCGCGGCGCGGGCGGCCTTTTCGAGGCCGC
CP133038.1_gap26	1551213	1555931	4718	GACCGCCGCGGAGGAGCCGCCGCTTCCCGTGAAGACGCTGTTTCTCGGCTCGGCCCGCTCGCATCCCCAGCGCCATTATTACGGCACCGTCCAGGGCTCGCAGCGCGTGAACCTGTCGTTCCGCGTGCCGGGGCCGCTGATGGAGTTTCCCGTCGAGATGGGCTCGCGCGTCGCGAAGGGCGATCTGATCGGCCGCATCGACCCGCGCGACTTCCGCACGCGCCTCAGCGACGCCCAAAGCCGGCTTTCTCAAACGCAGGCGCGCTACGGCGAAGCGCTGAACAACTTCAGGCGCTACGACGAACTTTACAAAAAACAGTCCGTCTCTCAGGCCCAGTACGATCGTTACAAGACGGCGCTGGACGTGGCGCGTTCGGCGCTGAAAACGGCGGAAGCGAGCGTCGCCGCCGCGCAGGACGCGCTCGCCGACACGGAGCTGCGCGCCCCGTTTGGCGGCGTGATCGTGGCCCGCATGGCGGAAAACTTTCAGGACGTGCAGGCCAAGCAGCCCGTAGCCAGCCTGCAGAACCTCGACACGGTCGAGATCGTGATCCGCGTCTCCGAAGAAGACATCGCCAACATCGCCGTCGCCGACGAAAAAAACAGGATGTTCCGCCTTTCCGAAAAAGTCAGCCTCGACCTGGAAGCCACGCTCGACGAACTGCCCGGGCAGTCGTTCCGCGTCGCCTTCAAGGAAGTGGGCGCGCAGTCCGACCCGCGCACGCAGACTTATCCGGTCACCGTCACCATGCCGCAGCCGAAGAGCGCCCGCATCCTGCCGGGCATGGCGGTGAACGTCACGGCCAGCCTGATCGGCGGGGAAACGGGCGATCCGAACTTCTACGTTCCGCTCGAGGCGGTCGTGGGCGACGTGTCGGGGCGCACATGGGTCTGGCGCTGCGGGCGCGGCGGCAACATCGCCCGCATTCCCGTGACGCTGGGCGATTTTCGCGGCAGCCGCATCCAGATCACCGGCGAACTCGCGCCCGGCGATCAGATCGTCACCGTCGGCGCGCGCGGCCTGCGCGAAGGGCGAAAAGTCCGCGTCGTCGACTGAGCGGCCGTCCACGGAACGTTTTTCCTCCCCCGCGCCGCGCGGGGGCACTTTTTTCTCCGCCACGGCGGGAAACGACACGAAAGAGCTTGCACAATCTGCCAAAAGGCCCTATATTTATAAAACCGTCTCGCACGGCATATGGAACTCCGCGCGCCCCTCTTCGCGGAGAAAGGAGAAAAGTATGGTTCTCGATAAACTGCCAACTTTGAAGATCGGCCGGTACACGCCGCGCTTCCCCATCATCCAGGGCGGCATGGGCGTCCTCATTTCGGGGCCCAGCCTCAGCGGCGCCGTCGCGGCCGAAGGCGGCATCGGCACGTTGGCCACCGTCGGCATCGGCATGGCGACCATGACCTGCAACGTGGACAATTTTTTCAAGAAGAACGTGGAAGCCCTCAAGGATTTCGTCGCCAAGGCCCGCGAAAAGGCGAAAGGCGGCATCCTCGCCGCCAACTGCATGTGCGCGCTTCAGGATTACGAGCAGCAGGTGCGCGCCGTCTGCGAAGCCGGCATCGACATCATCATCTCCGGCGCCGGGCTGCCCCTCAAGCTGCCCGAGCTGACCAAGGATTTCCCCAACGTGGCGCTCGTACCGATCGTCAGCAGCCTCAAGGCCGCCTCGATCATCGTGCGGCGCTGGGTGAAGAACTACGGGCGCACGCCCGACGCCTTCGTCGTGGAAACGCCCAACGCCGCGGGCGGGCATCTGGGCGCCGCCAAGATCGAACAGGTCGACGACAAGGAGCTTTCGCTCGAGACGGTGATCCCGCAGCTCGTGAACTGGCTGAAAGAGATCAAGCTCAACATTCCCGTCATCGCCGCGGGCGGCATCTTCGACCGCACCGAGATGCTGCACGCTTTCGAACTGGGCGCCAGCGGCGTGCAGATGGGCACGCGCTTTGCCGCCAGCGCCGAGGGCGACGCCTCCGACGTCTTCAAACAGGCTTACGTCGACGCCAAGCCCGAGGACGTGGTGCTGATCAACAGCCCCTGCGGGCTGCCCGGCCGGGCGCTGCGCAGCCCGATGGTGGAGCGCTATCTCCGTCACGAGGACCGCCAGGACCCCTGCATCGCAAACTGCCTGGCGCACTGCGTCTACCGCGCCACGCACAAGACGTTCTGCATCGCCCGCGCCCTGATCCAGGCGCTCCAGGGCAACTGGGAGGAAGGGCTCTTCTTCTGCGGCACCAACGTGTGGCGCGTCAACAAGATCCAGACCGTGAGAGAGATCTTCAGCGATCTCTTCGGCGGCGATGAGCGGGGAAACAAAAGCTGCCGCCAGGATACTGCCCCTGATTCTCGATAGAACGGCTCAACCGTGAGCGCCCGGCGCCCCGAGGGAGTCCGGTCGCTGAGGACGATCTCGCGAACAGCGCCCTTGCGTTCGGCCTTTCAATCAAGAAACAGCGGCAGATGTCTCAAACGGAAAGAGCGCGGACGACCGGAATGAGATCCGGTCGTTCGCGCTCTTTTTATTTTCGTTCCTGTCGTTTTGTTCCAGCGAGCAGTGCCCCGGCACGCCGCGCCGGCTATTCGACGATCGTGATCCGGCCGCTGCCAAGCGGATTGCCGTACTTCTCCATCTTCACCTTGCCATGCAGATCCTCGGTAAAATATTTGACCAGGCACTCGGCGTCGGTGGGCAGGCCCTCGGCCTTCAGGACTTTGACGCCCGCAAGCGCGCCGTTGCCGTCGCCGCCTTCGAGCAGCACGTATTTCGAACTGGCCACGGTGTAGGCCGCCTCGGGGCGCAGCGGCCCGCCGCCCACGCGCACGTTGCGCACGCGGCGCGGCACCGTCTCGTCGACGCCCGCGAAGACGCCCTTGTCGTCAATTTTGACGGGGCTCTTCAGGGACGGCTCGACCTCGAAACTCAAGCCGGAAACCTGCAGAAATCCGCCGTTCTCCTCATCGGGCAGATGGCGGCAGCTGAACTCGAGCAGGTCGAGCAGGGTCTGTCCCGGCATCTCGACGACGCAGGTCGGATTGTTCCAGGGATTGACGTTCATCAGGCCGAGGCGGGTCACGTCGGGGCCGTCGACGGAAGCGCGCACGCCGCCGCCGTTGACGACGGCGATCTGGGCGCCGAGCACGGCGCGGTAGGCGTCGGCCACGAAATCGCCCATGCTGCACTCGCCCAGGCGCACGCGGCGCGTGCCGGTGCGGGGGTCGTCGATCGCCAGCGGCACTTCGGCGACGCCGAGCTTTTCGTTCAGATAGGCCACTTTTTCGTGACACCGGTCGATCAGGGACTGCACGTCGGCGTACGCTTTCTGCGACGCCTCGCTCTTTTTCTCGTCGACGTCGCCGGGATGAAGCAGCTCGGTGCGGATGGAGCCGTCTTTGGCCAACGTCATCTTGCCGAAGAACATGAACTTGCTGCCCGTCTGGCTGTAACGCACGTCCTTGCCGTCGGCATTCTTGTAGACTTCGCCGGCGAAAGCCTCGTGGGAATGGCCGTCGATCACGGCGTCGATGCCGCGGGTCCGGGCGATCACGTCGATGGAGCGCCAGCCTTCGTTGATGCCGTTGATGCCAAGGTGCGCCAGCAGGATCACGATCTCGGCGCCCTCTTTGCGCGCGCGATCCACGGCCGCCTGGACTTTGGCGACGAAGTCCTTTTCGCCGAAGCCGTAGATCTGCCGGCCGTTTTCGTCTTCGAAGTATCTGGGCGTCGACGAGGTATAGGTCGAAGGCGTGCAGACGCCGACGAAGGCGACCTGGCGACCGCCCAGCGTCAGGATCTTGCAGGGCGGCAGCACCGGCTTGTGCGTGCGCAGGTCCTCGAAGTTGGCGCTCAGCACGGGGAACGCGGCCAACTTCTGCACGAGCGCGAGGAAGTTCGCCGTGCCGTAGTCGAATTCATGATTGCCCGGCACCGCCAGATCGTAGGGAACGGCGTTCATCAGCGCAACGATGTCGGCGCCCTTGGTCAGCGAACCGGCCATCTCGCCCTGAATGAAGTCGCCGGCGTCGACGACGGCCGTCTCGTAACCGGCCTCGATCATCTGCCGGCGATAGGCCGCCAGCTTCGCGTAACCGTCGATGCCGCAATGGATGTCGTTCGTGTAAAGCACGACGGCGTCCCGCGGCTCCGCCTTGACCTTGACGTCCTGGCCGCGTCCGGCCACAAGCAACAGCACGAAGGCGGCCGTCAGCGCCGCTAAACCGCCGAACAAATACTTCCGTGACTTTTCCATCGTATCCATTCCTTTCCCCCACCAGAGATTTTTTCAGGCGAAGCCCCGCCGCGCCCTGTTTGAAATTTCGTTCAGATTATAGCAGATGACAACGCAATTTTCTAATTTCTCGCCGCGTCCTTGCCGGACTGGGCGATGATCGAGTCGAGCAGCACGGCGACGGCGTCGAGCAGGGGCTGAGATTCGGCCGCGATCTCGCCGCTGCCGGCCTTTTCGTAGATCTCGCGCATCTGGTCGCTGATGTTTTCGAGGGCTTTCACGGCGCGGCGATTGGCGCGGCGCGCCTTTTTCTCGGCCGTCTTCTTCTGCTCCTTCGTCAGCGTTTTCTCCGCAACGGAGACTGAGGGCGCCGTTTCGACTTTCGCAACGGGCGCGCCTTTTTCCTCGGCGACGGCCGCGCCGCCGGGATCGGCGGGCGTCTCGGTCTCGGCGATCTTCTCGGGAAGCGGCGCGGCCTTGGC
CP133038.1_gap27	1644065	1646010	1945	GATCGGCGTCGGTCAGTATCAGCACGACGTCGATCAGAAACAGCTCAAAAACGCTCTTGACGACACCGTCGTCTCGTGCGTCAACGCCGTCGGCGTCGATCTGAACACCGCCAGCGCCAAACTGCTGTCCTATGTTTCCGGGCTGACGCCGTCGCTGGCCGACAACGTCGTCAAATTCCGCGAAAACGAGGGTCCCTTCAAGCGGCGCCAGGACGTGCTGAAAGTTCCCCGCCTGGGCCCCAAAGCCTATCAACAGGCCGCCGGCTTTTTGCGCATCCGCGACGCGGAGAACCCTCTCGACGCCAGCGCGGTCCATCCCGAGAACTACGGCATCGTCGACGCCATCGCCGCGGACCAGAACTGCGCCGTCGCCGACCTGATCGCCGCCAAAGACCTGCGCGGCAAGATCGACTTGAATCGCTACGTCACCGACGAGGTCGGCCTGCCGACGCTCGAGGACATCCTCTCCGAATTGGAAAAACCCGGACGCGACCCCCGCAGCGCGTTGGAGATCTTTTCTTTCGATCCCAACGTGCGCGAACTGACCGACCTCGAGCCGGGCATGAAACTGCCGGGCATCGTCTCCAACGTCACGGCCTTCGGCGCGTTTGTCAACATCGGCGTGCATCAGGACGGCCTCGTCCACGTCAGCCAGATGGGACGCTACGTGAAGGACATTTCCACCGTGCTTCATCCCGGCATGGCGGTGGAAGTTTACGTTATCGACGTGGACGTCAAACGGCGCAGGATCTCCCTGCGCATGGAACTCGGCAAAAAAGCCGCCCGCGAAAAAAGCGCGGTCAAATAAATCCGGCAAACGAAGAGGCCGTCTCCCCGAACGGGCGAGACGGCCTCTTCGTTATTTGTCATCGAACTTATAAGCGGTGCCGACCGCGACCACTTCGGCGGCGCCGCCGGCGACCTGCGGTGCCATGAACTGGATCGCGTAAACCCCGTCGGCCCCCTTCTCGCGCGCTTTTTTGCCAAGCCGCTCCATGGCTTTTTCGGTGCTCGTCCGCAGCAGTTCGGTGTATTGTTTCAGCTCGCCGCCCACCGACATGTTCCTGAGGGCGGCCAGGGCGTCGCCCAGGATCGAAGTGCTGATCACGCAGCTGCCGGTCACGAGTCCGAGCTCCACGGCGCCCGGCGGCGGAATGGTCCCCGTGGAAAGAGCGATCTCTTTTTTATCCATCGTCCGTCATCTCTCCCCGATAAGCCGACGCGGCGTCAGCGCAGATATTTTTTGTAAAGCCAGGCAGCGGTCAGCAGCGCCAGAACGAGCCCCGCGAAGAGCGCATAGTTTTCCGCCCTGTGCAGCAGATAGGCCAAGCTGCTCTGCCATGGAATGCGCGCCGCCTTGGGCAGGGATTTCATCCGTTCGATCTCCCGAGCGATCTCGCCGGGCGTTTTCCCGTCGGCGAAAAAACGTTCCGCCTGCGCTTGCGGCACTTCGCTCATGAGCCACTGCACGCTGTCGGCGGGAAGCTGCGCCGCCGCCTCCCGCACCGCTCTGGGACGCAGCGCGAACCACCTGAGCGTTTGCAGCGAAGCCGCATTGGGGAGGTATTTGTCCCAGACGAGCCGGGGCAGATTTCGGAAAAGAGAAAAATATTCTTTCCCCGCGACGGCGAACCACTGACGGGCCAGCAACACGTCTCCTTGCGCCAAAATCTCCCTGAAAGCGGCGATGTCCTCCGCTTCGCTTTCGACGAGAATCCGGCCGAAATTCTCCACGATCGAGCTGTAGCTCAGGGAACCGTCGAGCGGCCTGACGCTGATCAGGCGGTCGATAAAATTCTTCTGTTCGGCTTCGGACATGCGCTCGGTCATGCGGCGGAACGTCGAAGAAGCGAGAATGGCCTTCGTGTCTTCGTCGCGGCGGGCCATACGCCCCTGGATCTCGTCGAGTTCGGCGCGGACGCCCTTTCTCAGCGTCTGCCAGTAA
CP133038.1_gap28	1697988	1702125	4137	GGCAGTTCCTCTCCGACCAGCACAGTCTGGCGCAGCGGATGCGTGCTCTCGATGCGGTCGATGCAGAGACGCTTGAAGTTATGGTAAATATACACGGAAACGTTCTCGTTGAATTCCCGGTGCACCTTGACCAGATAAGGATGCGCCGCAAGGCGCAGTTCCTCTTTATCGTCCACAAGTTCGCCAAGCATTTTCACCGTCATGCCGAGAAAATACTTGCGGTTCTCGGGATTCCTGGCCAGGAATCCTTTTTCCGCCAGCGTCTGGATCAGCCGATAGGTGCTTGTCGTGTTGCGCCCGACCGTCCTGGAGATCTCCGTCAGAGAAAGCTCTCGATGATTTTTCAAAAAGCACATGAGCACGTCGAGCCCATGTTCCAAAGTTCTCGACGTCGACTCGCTTTTCGTTGAATCCGCCATTTTCCCCACTCCTTCGAGAATACCATCGCGCCGCACTCATTTCAACAATCACCGGCATTTTTTTCATTATATGAAATCAGGTCGCGAAAAGCAACAATGGAGGGTCTCCCCGACGTTGCTGGATTTATGCACCATTTCCCGGTAATTTCGCAATACGATCTCATACAAATACAAATCCATCCTTGATTCTTCATCAAAAGGGCAATACAATTCTATGCTGTATGGCCTCGTTTTAATTCAGGCCCATGAAGTCAAGGAGGATATGACAGTGAACGAAGCGACGCGGACGGAACGGAAAAAAGTGATCCTCAGCGGCATCCAGCCGACGGGGATTTTCACGCTGGGCAACTATATCGGCGCGGTGCGCAACTGGGGCAAGATGCAGGAGGACTACGACTGCGCCTATTTCATCGCCGACCTGCACTCGCTGACGGTGCGCCAGGAGCCGGCCAAACTGCGCAAGCAGACGCTGGACGCCTTTGCGCTGCTGCTGGCCTGCGGCATCGATCCCGAAAAGAGCCTGGTTTTCATCCAGAGCCACGTCCATGCTCACGCCGAACTGAGCTGGATCCTGTCCTGCTATTCCATGTTCGGCGAGTTGTCGCGCATGACCCAGTTCAAGGACAAGTCGGCCAAGCACGTTGACAATGTCAACGCCGGGCTGTTCACCTATCCCGCGCTGATGGCGGCCGACATTCTGCTGTATCAGGCCGACTACGTCCCCGTCGGGGAAGACCAGCGCCAGCATCTGGAGTTCACCCGCGACGTGGTGACCCGCTTCAACAACATCTACGGCGAGGTGTTCCGCATGCCCGACGCCTACATTCCCGAGGCCGGCGCGCGCATCATGTCGCTGCAGGAGCCGACGAAAAAAATGTCCAAGTCGGACACGAACGTCAACGCGTTCATCTCCATCCTCGACGAGCCGAACGCCATCGTCAACAAGTTCAAGCGCGCCGTCACCGACAGCGAGACCGTCGTCTGTTACCGCGGAGGCAAGGACGGTATCAACAACCTGATGAGCATTTATTCGGTCGTCACCGGCGAAAGCTACGACCGGATCGAACGCGACTTCGCCGGCAAGGGCTACGGCGATTTCAAGCTTGCCGTCGGCGAAGCCGTCGCGGAAGAGCTGCGTCCGATCCGCGAAAAATTCGCCGCGCTGACGGCCGACAAGGCGGCGTTGGAAGCGCTTTACCGCAAGGGGGCGGAAACGGCCGCCCATATCGCCGAGCGGACGCTGGGCAAGGTCAAGAAAAAACTCGGCCTGCTGCCCCGCTGAGCCGCGACCGGCATACAAAAAATCCGCTCTCCCGGCACGTCGGAAAGAGCGGATTTTTTGTATGCCGTTTTTTTACCACCACAGACGCGAAAGGATCAGCGCCGTGCCGACGACCGTGACCAGCAGCGAATGGATCTCGCTTTTCAGCAGGATCGAAGCGTCGTACCCGCCGGCGCGGACATGGGACAGGGCCTCGCGGGAAAAATTCTTCGGCACGAAGCGCCCGACGCGCTTTTTGTAATCCTCGTACTCCCGGCCGAACTTCCGCGCCAGGAACGCCTCCTCGTGAGGCACGATCAGCACGCCATAGAGCACGTAGAACGCCGCCAGGAACACGACCGTGGGGACGTTGCCCGACATCCAGGCCCAGCCCAGCCCCAGCAGACCGTTGGCCACGTACAGCGGATTGCGGACCAGCGCGTAGGGGCCCCACGTCGCCAAGCGCTGCGCCTTGACTTCCTCGCCGCGGTAGAGCGTGATGCACCCCACGCCCCAAAAGCGCAGCAGCTGCCCGAGGATCACCAGGATCAGCCCGGGGACGATGCGCCCGGGCAGCGGGCGCGCCAGGGCGAGGATCACGACGAACAGCGCCGTCCAAATGCCGCCGCGCTGCCTGAACGCCCAGACGCGAAGCTTCTGCAAAGCGTCATTCTCCATTTCTGCGCTCCTCTTCGATCAGTTCGTCACCGGAACCGCTGATGATCTTCTCCGCCGTGCCCCAGCCGATCATGCGGATGGCGACGACGCAGCCCATGAAGATGGCCAGGTATTCCGTGAAGAAACGGCAGATGACGGCCATGATCCCCGCCATGTTCTCGGGCATCAGCAGGCTGAAGATCGCGGCGCCGCCGCCCTCGGCCACGCCGCTGGCGCCGGGCGTGGGGATAAAGTAGAGGATGAACATGAACATGGCCTGCGCCAGCACGGCATGCAGATAATTGACCGTCAGTCTCACCGCGTGCATCAGCAGCGGCAGCACGGAAAAAAGCGCCACCAGATGGCAGACGGAGAGCGCGAACGCGCCGATAAAATACGGCAGCCCCTCCCCCACCATGCGCTTCACGTTTTCTGAATAGCTGTCGATCTCGGAACAGGTGACGCGGTAGGCGCGCAGCACGCGGAGCCGGCTGAACCATCTGAACTTCTTCAGCCAGAGGAACATGGCGCAGCAGAAGCGTTTGATCACGTCGGCCTTGAGGATGCTGAGGATAAAAACGACCCACATGACCACCGACAGGATCCCCACGTAAAAGAACACGCCTTTGACCAGCACGCCGCCGCCCGCCAGCTGAGGCACCGTCAGAAAGGCCACCGGCGCCGCAATGCTCAGCAGAAAGGTGCTGAACAGCGTGCGGATCAGCGTGATGGCGATGCCCGAGCCGACCGGCACGCCCGACTTGTACAGCACGTAGACCTGGAACGGGCCGCCGCCGACCTGCATGGGCGTCAGCGCGCAGCCGAAATAGTGCAGCCAGGTCAGCACCAGACCGCGGACAAAACGGATCTTGTAGCCCATGGCCCGCGCCGTCAGGCAAAAACGCGAAGCGTCGCAGCTCCAGGCCAGAAAGACCATCATCAGCACGTACAGAATGTTGATCTTCCTCATGTGCATAAACGCGTGAAGCGCGTGCTTGTCCACGCTGACACAGATGATCAGCGCGCCGACGCCCAGCGTCAGGAACAGAAAGACCGCCAGCCCTTTTCGCAAGCTCATTCTTTGTCCTCCCCCGGCGTCTCGGAATCTCTGGCGTCCTCCGACTCGAACCAGCCGCGAAGCTGCTTCAAATCGTCCAGGAAGGGCGGCAGGACCTCGCGCTTCCACTCATTCTCATGCCAGGCCTGAGCTTCCGCAAAACGGCCGTCGGCCATAAGAGCATGGAACGTTTCCACGCTCCGGCGCAACGGCGCCGCGTCGGGAAGCGCGCCGCCGTATTCGGGATACGCGTCGCGAAAGCCGTCCGCCACCTCGCCGACCCAGTCCAGAGAAGAATAAATCCCATCCAGCATGGAGGCTGCGAAGACTTCGGCGCCGTCAAGGATCTCCTGCAATCCTTTGAAGACTTCAAGCAGGGAATCTTTGATCTCTTCAAGGAGCTCGACTCCCAGTCCCCAGGGCGTGTTGGTCAGAACGTCCACGTCGATGCCGTCCGGGACCGTCAGCAAATCCCCGTCATCCAGCGATTCGCCGTCCGAAAGCATGTCGACGATCACGCGCCCTTCGGCGGATACCTTTTCCCGCAGCGCTTCGAGCTGTTCCTCCCGCGACAGCGATTCCATATGCGGAAAGGCCCACTCAGTTCCATCGATCAAAAATCTCATAATATCCCCCTACAGGAATGGACTCTACATCGTAGCAATTTTAGCACACATATCAACTCCGACGGGAAAAATCAAAAAATATATGCTAGAATTTTCTGGCCTGCACAAGGGGGAGAG
CP133038.1_gap29	1705222	1707154	1932	CGACTACTGCTGGGCCATCGGACCTTCCATCATGATGAAGTTCGCCTCGCTGAAGGCGAAGGAACTGCAGATCCCCTGCTGGGTCTCGCTCAATCCCATCATGATCGACGGCACCGGCATGTGCGGCTGTTGCCGCGTCACCGTCAACGACAAGATCCGTTTCGCCTGCGTCGACGGTCCCGAGTTCGACGGCTGGGGCGTGAACTGGAACGAGTTCATGACCCGTCTGCGCCAGTACAAGGATGAAGAGAAGATCTCTCTCGACAAGTACAAAAGCGAGGTTGGTGAATAACATGGCCATTTCTCCGAAAAAGACCCCTATTTCCGAGCAGGATCCCAAGGTCCGCGCCCATAACTTCAAAGAAGTCTGCCTCGGTTACACCCCCGAAGAAGCGATGCAGGAAGCCGCCCGCTGCCTGCACTGCAAAAACGCCCCCTGCATCAAGGGCTGCCCCGTCGCCATCCATATCCCCGATTTCATCGCCGCGATCAAGGACGGCGATTTCGAAAAGTCGTTCGACATCCTCAGCCAGTCCACGGCCCTGCCCGCCGTCTGCGGCCGCGTCTGCCCTCAGGAAAAGCAGTGCGAGGGCGTCTGCACCGTGGGACGCATGAAGGACCGCGCCACGGGTATGAACAACGAGCCCGTCGCCATCGGCAAGCTCGAGCGCTTCGCCGCCGACTGGAAAGCGGCGCAACCTGCCGTCAAGCCCGAACCCGTTCCCTATAACGGCAAGGGCAAAGTGGCCGTCATCGGCTCCGGTCCCTCCAGCCTCACCGTGGCCGGCGATCTGGCCAAGCTGGGCTACAAGGTCACCATTTTCGAAGCCCTGCACCTGCCCGGCGGCGTTTTGATGTACGGCATCCCCGAATTCCGTCTGCCCAAGGCGATCGTGCAGCACGAGATCGACAACATCCGGGCGCTCGGCGTCGACGTCGAAGTCAACGTCGTCGCCAGCCGCACCGTCACCGTCGAAGAGATCCAGAAGAACTTCGACGCCGTCTACATCGCCACCGGCGCCGGCACGCCCAAGTTCGCCGGCACGCCCGGCACCAACCTGAACGGCGTCTTCTCCGCCAGCGAATATCTGACCCGCATCAACCTGATGCACGGTTACGAGTTCCCCGCCTACGACACGCCGGCCAAGAAGTCCAAGCACGTGGCCGTCATCGGCGGCGGCAACGTCGCCATGGACGCCGCCCGCTCGGCCCTGCGCCTTGGCGCCGAGAGCGTGACGGTGCTCTACCGCCGCTCCGTGGACGAGCTGCCCGCCCGTATCGAAGAGTATCATCACGCCGTCGAAGAGGGCGTCAAGTTCGAGTTCCTCACCGCTCCGACAGAGTACATCGCCTACAGCGGCGACGACAAGAACGAAATGGGCAAGCTGGTCGGCGTCAAGTGCCAGCGCATGGAGCTGGGCGAACCCGACGCTTCCGGCCGCAGAAGCCCCAAGCCGATCGAAGGCAGCGAGTTCACGCTCGAAATCGACACCGTCATCGAAGCCATCGGACAGAGTTCCAACAAAGTCCTGCTGAACGCCTGGCCCGAGCTGAAGACCAACAAGCGCGGCTATATCGAGGCCGACGAGGCTACCGGCGGCGCCACCTCCATCGAAGGCGTCTACGCCGGCGGCGACATCGTCACCGGCGCGGCCACCGTCATCCTCGCCATGGGCGCCGGCAAGACGGCCGCCCAGGCGATCGACGAATATCTGACCGCCAAAGCCGCCAAGTAGTTCTTTTCCGTTCGTTGCAGCGAGAGCGCTTTTCGCGCCCTCGCTGTTTTTCTGTAAAACGAAAACCACCGGCAGTGCCGGTGGTTCCAAAAGGCTTTAGCTATGGAGAAAAAGGACTCCTCCTTTGGTAAAGTAAGAACGGTCTGTCAGCCGCCAAGCCAAACCAAAGGAGGATCAAGTCCTGATGAAACTTGAC
CP133038.1_gap30	1765847	1769510	3663	TCGCCGTACACATGTACACGTTGTCCAGCGAAGGTTTGTACATGAACCAGACTTATGCCACCGCCGTTATGCTGCTGATCATCACCGCCGGCATCAACGCGTTGTCCTCTTTTGCGGCAAGGAGATTCGCCCATGGCTCGGTTTGACGTCGAAAATCTCAATCTGCATTACGATAAATTCCACGCGCTGAAAAACGTTTCCCTTTCCATTCCCGAACGTCGGATCACGGCGTTCATCGGCCCTTCCGGCTGCGGCAAGAGCACGCTGATGAAAACTTTAAACCGTATGAACGATCTGGTCGAAGGCTGCCGAATCACCGGCAAAGTGCTTCTCGACGGCGAGGATATTTACGATACAATGGAGACGACGACGCTGCGCAAGCGCGTGGGCATGGTCTTTCAAAAGCCCAACCCTTTTCCGCTGAGCGTTTTCGACAACGTCGCCTACGGGCCGCGCACTCACGGCGTTCGCAGCCGCGCCCGCCTCGAAGCCGTGGTCGAGAAATCCCTCCGCGACGCCGCCATCTGGGACGAACTGAAAGACCGTCTCAGATCCAGCGCGCTTGGCCTTTCCGGCGGCCAGCAGCAGCGCCTCTGCATCGCCCGGGCTTTGGCGGTGGAACCGGAGGTGCTGCTGATGGACGAGTCCACCAGCGCCCTCGACCCGCTTTCCACAGCTAGGATCGAAGATCTCGTCACGACGCTGAAGGAAAAATACACGATCGTCATGGTGACGCACAACATGCAGCAGGCGGCGCGCGTCTCGGACACAACGGCGTTTTTCCTGCTCGGAGAGATCGTCGAGTACGACGAGACCGATCGCCTCTTTTCCAATCCTCGGGACAAGCGGACCGAAGATTACATTACGGGAAGGTTTGGTTAAAATGAGAAGCCGATTTGACAAGCAGCTGAACCAGCTCGACAACAATCTGCTGGAAATGGGAGCCCTGACGGAACAGGCGATCGAAAGCGCCGTCCGGGCGCTGTCCGAGCAGGACGAGAACGCCGCCAGACGGGCGATCGAGCTTGAACGGGAAATCGATTCTCAGGAGCGCGCCGTCGAGTCGCTCTGTCTCAAACTCCTGCTCGAACAGCAGCCCGTCGCCGGAGATCTGCGTCTGATCTCCGCGGCGCTGAAAATGATCACCGATCTGGAACGCATCGGCGACCAGGCGGCGGATATCGCGGAAATCATCCTGCGCCTGCGCGGGCAGACTTACATCAAACCGCTGATTCATTTGCCGCAGATGGCCGCCAGAGCCATCGAAATGGTTACCGGCAGCATCGACGCCTTCGTGCAGAAAGATCTCGAAAAAACGAAGAGCATCTTCGAGCTCGACGATCTGGTCGACGAACTTTTCCGCATCGTCAAGAACGAGCTGGTGGAACTGATCCACAAAGACGCCTCCTGCAGCGAGCAGGCCATCGACCAGCTCATGATCGCCAAGTATTTCGAGCGGATCGGCGACCACGCGCAAAACATCGCCGAATGGGTGGAGTTCTCCCTCACGGGCGTCCATAAAAACGGAGAGAAAGAATGATCTATTACGTTGAAGATGATTCGGGCATCCGCGAACTGGTGGTCTACACGCTCAACCAGACGGGGCTCGAAGCCCGCGGCTTTGCGGAAAGTCAGGCGTTCTACGCCGCCTGCGCCGAACGGAAGCCCGATCTGATCCTGCTCGACATCATGCTGCCGCGCGAGGACGGCCTGAGCGTCCTCAAACGCATCCGTCAGGACGCTTCGCTGAAAAGCGTCCCGACGGTCATGGTCACCGCCAAAGGTTCCGAATACGATAAGGTGCGGGGACTCGACCTGGGCGCCGACGATTATATCGCCAAACCTTTCGGCATGATGGAGCTGGTGGCGCGGGCCAAAGCCCGCCTCCGTGCGGCAGGCGGAGAAAAGGACGCATCCGTCCTCAGCTACGGCGCGCTGAAACTGGACAGCCGGCGCCACGAAGTTACAGCCGGCGGCCGCCCGGTCGCGCTGACGTTGAAAGAATTCACCCTGCTGGAACTGCTGATGCGGCATCCCGGCGTGGCCTTCACGCGCGAACAGCTTCTGGAACGCAACTGGGATTACAGTTACGAGGGCGGCACGCGCACCGTGGACGTGCACATCCAGACGCTGCGCGGCAAACTCGGCGACTGCGCTGCGCTGATCCAGACGGTGCGCGGCGTGGGATACAAACTGGGAGGTTGACGAATGCAGCGGCGAATTTTTTGGAGCATTTTTCTCACCGCGCTGGCCGCAGTCTTCATCGTCGGGCTGTTTACGGCCCGGGCCTCCTACAAAAGCATCGACGCGCGCGCGGCCGAAGAGCTCCGCGCCGAAGCCCGATCCGCGGCCGCGACGCTGCCGCTTCTGCGCAACGCCGAAGAATATCTGAGCGCGTTGCCCGACAGCCGCCGCGTCACGCTCATCTCCGCCGACGGGCAGGTCCTTTACGACAATCACGCGCCCAGCGGCGCAATGGAAAATCACCGCGCCCGCCCCGAGGTACAGGAAGCGCTTCGCGACGGCCGCGGCGAAAGTTACCGCTATTCAAACACGCTCACGGAAAAAACGCATTACTGCGCCGTCCGCTTGGACGACGGGCGTATTCTGCGCGTCGCCGTCACCCGCGGCACGATCGCCGGACTGGCGCGCCGTCTCATGCTGCCGCTTTCTCTCGCCGCAGCCCTGACCGCGCTGCTGGCGCTGTTTCTTTCGCGCGCTCTGGCCCGCGGCATCACCGCTCCGATCAGCCGGCTCAACCTCGCCGAACCGCTGGAAAACGACGCTTACGACGAGCTGACGCCGCTTCTGCTCCGCCTCGAAAATCAGAACGAGACGCTGCGCAGCCAGCTTGACGAACTGGAAAACCAACGCCGCGAACTGGCCGCCATCACGGAAAACATGCGCGAAGGGCTGCTCCACATCGACAAAGAAGGAACGGTGCTGGCCATCAATCGTAGCGCCGCGAGAATTTTCGCGGTCGATCCCGCTCAATACGTCGGTCAGAACATCCTCCTCGTCAGCCGCAGCGCCGAACTGCACAGCGTCGTCCAGGCCGCGCAGGCGGGGCGCAGCGGCGAAGCGCTGCTCGAGGTCAACGGCCGCGTTTATCGTCTTCTCTCCACGCCCGTGACCGTCGCCGGTGAACAAAAACAAGCGGGCATGGTCGTGCTGCTGCTCGACGTCACGGCCCGCCAGCAGGCGGAACGACAGCGCCGGGAATTCACCGCCAACGTGTCGCACGAACTGCGCACGCCGCTCACATCCATCGCCGGTTACTCCGAAATCATGGCCTCGGGACTCGCCAAACCGGAAGACCTGCGCGGCTTCGCCGAAAAAATCCACGGCGAAGCCAGCCGCCTGATCGCGCTGGTCAACGACATCATGGAGCTGTCGAAGCTCGACGAGAAAGCGGCTCTGCCGCCCCGAGAAAACGTCGACCTCTTCGAGCTCTGCGAAAAAATTTTGTCGCGACTCGCCCCTTCGGCCGAAGCGCGAAACGTGCTGATCGAACTGACAGGCTGTCATGCCTGCGTTTGGGGCATTCGTCCCCTGCTCGACGAGATGGCGTTCAACCTGATCGAAAACGCCGTCAAGTACAACAGAGAGGGAGGCTCCGTTCTCGTCGACGTTGCCGAAGGGAACGAAAACGTCGCGCTGACC
CP133038.1_gap31	1772236	1773898	1662	TCGTTGATTTCTTTCAACATGAAATGCGGGTAACCGGCTTTGTCGATCATCGCCGCGTCCACGTCTACGGAAACAGTGCGGCGCTGATGCGCCACGCCGTCAAGATCCCAGAACTCGGCGCCCGACGTGCTCAGACGACAGATCTCGCCTTCGTTCAAAAAGATCACTTTGTCCGCATGCTCGACGATCGCCGGCACGTCCGACGCGCAATACGCTTCGCCGTTTCCCAGCGCGACGACCAGCGGCGCGCCTTTTCTCACGCAGTAGAGCTCGTTCGGACGGTCGCCGAAAACAAGCACAAAGGCAAACGCTCCGCGGCACTTCTTGAAAAGCCGGCACAGAGCTTTGACAGGCTCTCCGTCATAGAGCCGGGCAAGAAGCTGCGCCGCAACTTCCGTATCCGTCTCCGAGCTGAAGTGCACGTTCCGGGCGACGAGTTCGTCGCGAAGTTCCTTATAGTTTTCGATGATTCCATTATGGACGAGAACCACCGAATGCTTTTCATCGGTATGAGGATGGGCGTTCGCCGTCGTCACGCCGCCATGAGTGGCCCAACGGGTATGCCCGATGCCCACGTTTCCCTTCAGCCCGTCGGCGCCGACAAGTTCTTTGAGCTTCGCCACCTTGCCCACGGTTTTGACCGTCTTGAAGACGCCCTTCTCGCAGACGGCAATTCCCGCAGAGTCGTAGCCGCGATATTCAAGGCGCTCCAGCCCTTGAACGATAATCTCGCAGGCATTCTTGCCGCCGACATAACCAACAATTCCACACATACTGAGCAACCTCCTCAGCATTGAAGGGCCTCTGCCGTTTGTATCCGGGTCGCCCCGGGGTTTTGTGACAGAGGTTCATGGCTCCCCTTCGCCCGCCACGAAAGCATCCGCCGAATGGTTCGATCGCTTTCGTCCTCGTCGACTGTCGCCGCTGAATGAGAAACGGTTCAGTCCTGGCGCTTCCGCTCGTACGCTCCTCCCGGCGTTTATCTTATCACAAAAACGGGGAGGATTGAACCGTACGGTTCAGTCCTCCCCATGCGACGAGCGCGGCGAACTCTAAAGAGCGCGGATCATCGCGCCGAACTTCTTCGACAGCGACGCGAGCGTACCGCGGTCCTTGCATTCCACCAGCAGACGGATCAGCGGTTCCGTCCCCGAAGAACGCAAAAATACGCGGCCGTTCGTCCCCAACTCGCGATTCGTCTGTTCGATGGCATTTCTCAAGTCCGCGTCCTGCATAACCTTATCCCGGTCCGAGACGGTGATGTTCGTCAATTCCTGCGGGAACGGATCGAAACGTTCCGCCAGCGTTTCAGGCACTTCCCCCAACTCGCGGCACGCGCGCAGGAAAGCGAAGCCCGTGCAGAGTCCGTCGCCCGTCCTCACGTAATGGTCGATGATCACGTGCCCGGATTGTTCGCCGCCCAGTCCGGAAGCCGTGCTTTTCATCATGTCAAGGACATACCGGTCGCCCACGGCACAGCGGAAAACCTGAATTCCCTCCTTGCGCAGGTGATTTTCCAGAATGCCGTTGCTCATCACCGTCGCGACGACGCCGCTGCCGAGAATGCCTTCTCGCTGCAGCCAGCGCGCCAGGACCCAGAGCACGATGTCGCCGTTGATGACCGCGCCCCGCCGGTCGACCAGCAGGACGCGATCGGCGTCT
CP133038.1_gap32	1783328	1787392	4064	CCACCGTCTCCCGCGTCACGCTGCCGGAGCCTAAAGCGATCGCCTGCTCCATCAGGGACAGCGCATCGCGCATGCCGCCTTCCGAATTACGGGCGATCTCCCACAGCGCTTCATCCCGGGCATCGAGATTCTCCGCTTCCGCAACCTGCTGCAAACGATTGACGATCTGTTCCAACGTCATGCCGTGGAACGGAATATGCTGACAGCGGGAACGGATCGTCACGGGCACTTTGTGAGGGGCCGTCGTTGCCAGAACGAATATCACGCGTTCAGGGGGTTCTTCGAGCGTCTTCAGAAGCGCGTTGAAAGCGCTGATCGACAGCATGTGGACTTCGTCGATGATGTAAACTTTATACGGGCAAGTAAACGACGCCAGAGCGACGTGTTCTTTGAGATTGCGAATCTCGTCGACGCTGTTGTTGGAAGCGCCGTCTATCTCAATGACGTCAAGACAGCTCCCCTCGCGGATGGCCCGGCACGTTTCGCATTCATTGCAAGGCTCGGCCCCCGTTCTGTGCGGGCAGTTTGCCGCCTTTGCAAAGAGACGCGCCACGGTGGTTTTTCCACAGCCTCTCGGGCCGGAAAAAAGATAGGCATGACCTATCGCGCCGCTTTCGATAGCGCGTGTGATCACGCCGATTGCCGCGGACTGGCCGACGACGTCGGAGAACTTTTGCGGTCTGTACCGCCGATAGAGGGATATATACACTTTCCTACCTCCAGAATGGGCCACGTTATATGAGTACTTTACAAGACATCTGTACGATCGCTCCCCATTCGCCTTACAGATTGTAATTCGCCATCGGATGCTTCTTTCTCGCTTCCGTCAAGGCCTTTACGAGCTGTAAACGAACGTGCCCCAAAGAATCTGCTCCTTCGGGCAAGGGTTCCCGTAAAACGCAGCTCACCCCGATATAGACCGCCGACGGACGGCCGCCAGCCTCGTCGACGCGAATATCATAGACGGGGGTCTCCATTTGCAGAGCCCGCCGCAGAACCATCCGCGCCTCCTCAAAGAGCTGCCTGGATTCGGAAGAGGCCGGGGCCTGCACGATCACCGTATCGTCGACTCTCAGCACAAGCCTGTTCTCCTCCTCGCTGAGCCGAGGGATCAGCAGTTTGAGGACGTTTTTGCGCTGAATTCTATGCCCTCTGCTTTCGACAGCGCCGGCGATGTAACGGGTACGTTCTGAGATCTTGGGGTGGTCGCGATAAACGCCGGGATCGACCCAGGGCTGCTTCAACTCTTCCGCGGCAAGACTTTCCATGACCGTGACGCCGGCGGACAGGTCATATCCCGCATTTTCGGAGATGGTCACCGCGCCGAGGTCAGCTTCCTGTTCAAGATCCCGGCTGTAAGCGTTCGAAACGGCAACGGCCGCCACATTGGAAAGGACCATCGCGGCGCCCGCCCCCCGCGAAGCGACGGCGATCGCCAGAGCCGCAAGCGAGAGCTTCTGGTTTCGCTCCATTTGGATGATCCCATGTTTCCCGTCGGCATGACTCAACTCATGAGCCATGACGAAAGCGAGCTCTGCATCGGACCTGACGAAATCTATCAGCCCCGTCGTGACATAGATATTGCCGCCGGGGATACAGAACGCATTCGGCGATTTTTCTTTCACGACATGGACGTTGTATGGAAGCGGGCGTTTCACCCAGGGCGTCAAACGATTAAAAATGCCTCTCACGCGAGCCGTCACAAGAGGATCTTCGACAAATTCCATGTTTTTGGCAATCTCTTCGGCAACCCGCGCGCCAATGGCAACTTCCCGCTTCACGGAAGCTTCGATCCCCGACTCCTTTTTCTTGCGCGCAGAGGCCGGCTCCGTGCAGCCGCAGACAAGCAGGCCGCACAGCAAAAAAACGAATATGCAGAAACGTTGGCTTTTTCTGTGGCTGAACACGGATCATCCCTCTTTTCTTTCAGACAGAGTTCTCCATGCCGGTCTCCGCAGGAGCTCCCCACGGGAGGATTTGCTTCGCTTCGAAACCCTGCGCCGCCGATGTCTTTAATCGATGCCGAGCCTTAATCCAGCTTTTCCAGCATCACTTTATCAAGATACGACTCTATCGACACGCGCCCTTTCACGTTTCTGTCCACGTGGGTAGAGCTCTCAATCGCGCAAGCCATGGAGAAGCGAATCGAATCTTCCGTATCCATCCCTTCGGCATCCGCGATCACCATCCCGGTGACGAGAGCATCCCGCGCTGTAAACAGAAAGGCCTGGGTCTTGTCCCGCGTCATCTTCGCGAGATACGTTCCATGAGAAGTGGCAAAGACATCGCCGTAAACCTGATACGAGACCACGCCCCAGGGGATCCCCATCTCATGCACTTTGTGCGCGGCCTCGACGTAAGCCTCAAGAGAGTCCACCGGCCGGCCGGCCAGATGCTCGATCTGCGTATCGGGAACTTTCGCCATGCGGGGCTGCGTCTCCAGAGCCATCAGAAACGGAGAACCATAGGCGTCAATGTACACCGGCAAGCCCGCTTCCTTGGCCATCAGCGAAAGTTCCTTGTAGGTTTCTTTCGGCATTCCCGCCGGGAGGGAGCCGCCGATAACGACCGCTGACGCTCTGTTGATCATGCGCTTGTAATTCATGAGAAACCTTTTGCGCGCCTCGTCGTCGACCAGAGGGCCTTTTTCGTAAATGCTCGTCCCCTCATCGGGATTTTTCAGGGAAAGATAAACATTCGTACGCGTCTCTCCCTGGATATGCACAAAGTTCGTCGTTACATTTGCCCGGCGCAGCGCGTCGCGAATGTATTCGCCGTTGAAACCGGCCAGGAACCCCATTGCCACGGCACTGTAACCCAATTGCGTCAGCATCAGAGCAACGTTGATGCCTCGCCCCCCGGCATCCTGAGGGTAGAATTCGCCCGCGACCAGCTGCCTAAAACAATCTCGTCAAGCAGATATTCTTCATCCACCGAAGGGTTCAGCGTTACAGTCACTATCATCGTAATTCCTCCATTTGAGAAAGCCACGTCAAAAATTTTTATACAGGGGATCCATTCTGATTCTCAGCCAAAAGGTTGAATCGCAGCCGCACAGCAAGCTCTCCAGAGCGCGCAGCAATCGAATACGCTTGGGCGGCCGGATTCTCTCGGGATGTCGTCGGTTCGCCGTGAGTCCGTCCCATTAAGAACCGGCATCAATCACAGACAAGGAGAAACGATCTCTTCGGAAAAACACTCCATGCTAAATCATACCACGTTTTATAGGCACTGAAATAGTTTTACAGTTTTCTTCAACATGACAATTTCTTTCACGAAAAAATCGACACATGACAGGCAAAAGCCTGGCGACAAAAAGGCAAAAGAGCACTGCGAATCGAACAAAAGAGCCTGTCTCTTCTCTCGTTTTTTACGAGTTTCGAGACAGGCTCATATCGTTCCCTTGTTTTCTTTTCTATGCCACTAAGAGTACAATAAAACCAGCTTCAGAAAAAGGAGTTGAAAACAACGGGAAGCGAAGCGGGGAGACATTTAAAGAATGCGCTTCCTCCATGTGGATTGAATGGCAGGCTCGCCGTGACAAACAACGGTATCAACTTATCACAAAGGAGCGGATCGAAGATGCGCGTATATTGTCTTGGAGACAGCATGACCTACGGCTTCGGGGTCTCCCGCCGCGAAGCCTGGCCTGCCCTTGTCGGCGCGGCGACCGGTCATGAGATGATCAACGGAGGGGTCAACGGCGACACTACGTCGGGCATGCTTGCGAGGTTTTGCGTCGACGTTCCCCGGATCAAGCCGGACGTCGCGATCCTTATGGGAGGCTGCAACGACATTTTTCTGACGGGAAGCGACAGTACGGCACGGTGCAATATGGGGTCGTTGGTCCAGCAGGCATTATCCCGCGCGATTACCCCCGTAATCGGCTTTCCTGTTCCTTTCGAGCCCAGCTTGGTACGGGACGACTGGTCTCTTCTGACGGATTTCCGCTCGGCAGCAGAGATCCTGCGCCAGTATGTCGTATGGCTGCGTCGTTATGCCGAAGTTTTTCGGGTCCCGTTCGTGGATTTCTGGGGGTTGTTCGCGCAAATGCCAGATCCTCG
CP133038.1_gap33	1806105	1807997	1892	ACACGTCCTCGTGGAACCGTTCGCTGTGCTCCCAGTTCTCCTCGGAAAGAACCCGCTCCTTCACGTCCTTTTTCAGCCGACTGATGCTCTGGGCCACGATGTAATCAAAACCCTCTTCCGCAAGGTGCTGCAAGTTGAGCTTGCAGTTGAGCCCGCGATCCGCGACGACCGTGACTTTCCCCAGTCCGGAATTTACCTTGTGCTTCCGGACGACCTGCAGCAGGGTCTTGATCTCCGACGTGTTACCGCGGAACAGCTCATAGTCAAGAGGGATGCCGTCGGCGTCAACGAGCAGTCCCATCACCACCTGCACCTCATTCGTGCGGTTCTCCTTGGACATCCCGCGCGCGCGAAGTTCGTCGGAATCAAAACTCTCGAAGTAAAACGTGGTGCAGTCGTAAAGCGCGACAGTCATCGTTCGCTCGTAGATATCCGCGATCCCCTTGTTGACGTTACGTATCAGGACATCCTTGCTCCCGCTCAGGAGCCCGAGAGTTTCGTAAAGGTCCGCCTGGGTGAGGGAAGAGAAATCGAAGACAAAGTTCCCGCGGTATTCGTGCGTCCGTTTTTTCGAACAAGGCGCCAGAATGCGCAGTGCGGCGAGGAAGAATGCGGCAAGGTCGAAGTCGAACTTGAGTCGGTGATTGCGTCGATACTGTTTGAACCAGACGTCCAGCCCAAGGCGTTCCCATAATCTGCGGTAAAGGGCGATGCCGTAGTTATAAATGCCCGCACAGTCCGGTTTATTGTTGGGTGCACATGTTGCGACCTGATCCTTAAGCGTCTGCGCTTTGAGGCGTTCTGCAAGATCTGCGTTTGCCCTCAACTCAGCAAGATCCGCCTGAATTCTTTCGTCGATGTCCGGCTCTGTGAGGCGGCGTTTGTTCAGGTCGCCGTACGTGCGGATCGTTTTTCCGGAACTGCGTTTGATGAGAGGATTGTAAGTCTCCTCGACGATGGCCGCGTAAAGTCTGCCCTTGTTTTTCATCAGTTTGATTCGGAAACTCATGCTGACCTCCGGGAGGACGATTCCTCAAGGAGTATTATAACATATTAAGCGATTCTTAAGCGTATATTCAAAAGTCATAAAAACTCCCTGCCGAAAGAGTTATTGCAAGTCTTTGCGCTTCTTCGATTTCTAAAAGTCGGGAGAGAAAAAAATCCCATCCCCACGATCAAAAGCACCGCGCCGACAAGAAAAAGCATCAGTATCTCCGCAGGCATGGGGACGATCAATGCGCTCAGAGCGACGACCAAGAGAGAAATAGGCGTAACCGACTTGAGCGCCTCGCCGACCTTCCCCTTCAACTTATTCAATGCCTTCAGCCTCCCTGAAACGCTGCCGCACACGGCAGCTTTGTATTTTTGACAAAAGTGTCCCTTTTAAAAACTCGAACCTTGCGGCGTTCCGAGAGAGCCGCAAAGCGACACACACAGTATAACAAAAAAACCTCGCCGCAAGCGAGGTTTCTCGAGAAATTCAATCAACTGACAGTCAAATGGTGGGCCCACCAGGGTTCGAACCTGGAACCTCCCGGTTATGAGCCGGCAGCTCTACCCTTGAGCTATGGGCCCTCTTCAGATCATGCAGCCAGACGACGAACGTTATTCAACCGCAATACACGAAACCGGACAGCTTTTCACAGCCTGTTCCACCGCTGCATTGCCTTCCTGGCGAATGACTTTCGCCACACCGCGCTCCTCGTCGAGAGAAAAAACGTCCGGCGCGATTTGCACGCAGACGCCGCAGCCAATGCACTTCTCCGTATCTAGGGTCACAAACATGAGCCAGTCCCCTTCCCACGACGCACAATTATAACCAGCGCCACGACATGAGTCAACCCATCATCCACCCGGAGTTCAGAAGAGCGAAACGCGCTCTTCGCCATGCA
CP133038.1_gap34	1812317	1814832	2515	TCCCGAAGCGGCAGGGACACGTACCCCGTGATGCGGAAATTCGACGGATGGACTTTGAGCAGCATCGCTGTCTCTTCGCCGATCGCGTTTTCGTAATCCTTCAGATGAGTGCGGTTCGTGCAGCCGACCTCCACCAGGCGGGTCCCCGCGAAACTCATGATGTCGGGGATGCGGAACGAGCCGCCGATCTCCACCAGCTCCCCGCGGGACACGACCGCTTCCTTTTTGCCGGCCAGCGCGGCGAGCACCAGCAGCACCGCGCCCGCGTTGTTGTTCACGACGAGCGCGGCTTCGGCTCCCGTCAGCTGGCAAAGGAGCCATTCCACGTGGAAATTTCTCTGCCCGCGCGCGCCGCTTTCGAGATTGTACTCGAGCGTGCTGTACCCGCAGGCGGCGGCGCGCGCCGCCTCGGCCGCTTCGGCGGAAAGGCAGGAGCGTCCGAGATTCGTGTGCACCACGACGCCGGTGCAATTCAGCACGGGACGCAGACTGGGACGCAGCCGGCGTTTCAACTCCTGACGCAGTTCCGCAAAAAAAACGTCGTCGTCAAAATTCAGCACCTCTCTGTCGAGGATCATGTCGCGCCAGCGTTCCAGAGCGTCGCGGCACAGATGCTTGAGACTGTCGCGGTCGATAATGCCGCCGAATTCGCCCAAGCGGCCGTCGGTGAGGATTTTTTCCATGGAAGGGAGTGAACGCATCAACTCCTGGACGGACTCGACCTTACGCTGCTTCTTAACCAATATGAACACGCTCCCACAGTAAATTTCGAGTAGCATTTTCAACCTTGAATGCTATAATCATTATTGTTGTCATTTATTATCTCACGAATATCGGAATTGGAGGAAAAAAGATGATTCAAATCGATGCCAGAGGCAAAGCCTGCCCCGAACCCGTGATCATGACCAAGAACGCCGTCGCCGACAATCCTGACGCCGTCGCCGTGCGCGTGGACAACGTCCCGGCCACGCAGAACGTCTCGCGCTTCTTCGAAAGCAGGGGCTACAAAGCCGTTGTCAGCGGAGAAGGCACAGATTTCACCGTGACCGGCACCCGCGACGGTTCGCTGCCGGCCCCCGCAGCCTGCGGCGGCAATCTCGTGCCGTCGGCCAAGCTGAAGAACGCCGTTTTCATCGCTCACAGCAGGATCGGCGGCGACGATCCGGAGCTTGGCGAAGTGCTGATGAAAGCCTTCCTCGGCACGCTGGTGCAGTACGACGAAAACGAACGCCCGTCAGTCATCGCCCTGATGAACGAGGGCGTCACGCTTGCGGAGCGGGGCACGTCCAGCGCCGAAACGCTTCGCGATTATGTGGCGCGGGGCGGCACGGTGCTTGTCTGCGGGACCTGCCTGAAGCACTTCGGCCTGATGGAAAAAGTCGGAGTCGGGATCGTCTCCAACATGTTCGAGATCGTTTCCACTTTGCTTGCCTGCAATACTCTTTCTCTATAAATTCCCAACTGCAAATCTAAAAATGATGGAAGCTCTTCTGAGAATGAGGAGCTTCCATATTTTTTATCTACAGGAAAGCGTCAAGACGCCCGCATCGGCCGTCCGGAGCCGCATAACAGACCTCGCAGTGCAGCAGAAATCCCGTTCGCTCCAGGACTTTCCGCCGGACGTGTCTGATCAGCGCGAAAACATCCGCCGAGGACGCCCGTCCGCGGTTGACGATAAAGTTGGCATGGCGCACGCTGAGCTCCGCGTCGCCGATACGAGCGCCTTTCAGCCCCGTCTGCTCGATCACCATGCCCGGCGGCCCGTACGCTTCGTAAAGCCGGGGCTCGTTGCTGAACACCGAACCGCAGTTGGGCAGGTCCAATGGGAACTTTTCCCGGCGTTCCCTCAGAATGTCCAGCATCTTTCGGCGCACTTCACCGGGCGTGCTTTGTTGAAGTTCCAATTCCACGCCGAGAACGATGCTCTTCTTTTCCTGAAAGACCGAATGACGGTAGGAGAAATCACACTCCGCAGCAGAGACGGCGGCGATATTCCCCTGCCCGTCCAAAATGTCCACGCGGACCACGGCGTCTCCGATGCTCTGCCTCAGGCTGCCGCCGTTCATATAAAGCAGTCCGCCGAGATTGCCAGGGATGCCCACGATATGTTCGAGTCCCGTCAGGCCACGCCCGGCGCATGCCCGCGCCAGCATCGGCGCCCAGATCCCGGCTTCCGCCCTGACCCTCGAGCCGGAAAAGCGGCAACGGCTCATCCTGCTGCCCAACTTTATGATGACGCCGCGGTAACCGGCGTCGTCGAAAAGCATGTTGGAACCGTGACCGATGACAAGAAACGGAACGTTTGCTTCTCTGGCGATGCGCTGCGCCGCCGCAGCCTCCTCCGCGCTGCGCGGTTCGATCACATAATCCGCGGGGCCGCCGATCTTCCAGTGGCACAGGTTCCGCAGCGGCACTCCGTTTCTCCAGATCAATCCCGAGTCAGTCAGGGTTTCGGCGAGTGTGTTGGCCATATTTCCTCTTTTCTCCTCCCGAAGCGAATGACGTGCTTAATTTT
CP133038.1_gap35	1821102	1823645	2543	CGCTGCTCAAGAAACTGCCCAAGGAAGGGCAGTACGTCGTCCTCGGTCCGGGGGAAAACGCCGGCATCATCGACGGCGGCGCAGGAATCGGCATCGCCTTCAAGGTCGAGAGCCACAACCATCCCTCGGCGGTCGCACCCTATCAGGGCGCGGCAACCGGCGTGGGCGGCATCATCCGCGACATCATCGCTCTGGGCGCTCGGCCGGTCGCCTCGCTTGACGGATTGTTCTTCGGCTCCGAGCAGTCGCCGGTCCACGACGGCGTCGTCAAGGGCGTCGGCGGCTACGGCAACTGCATCGGCGTGCCCACCATCGGCGGCAAGACCTGTTACGATCCCACCTACGAGGGCAATCCGCTCGTCAACGCCATGAACATCGGCACGGTCCGTCTCGACAAGATCGTCAGCTCACAGACGGCCAGACCCGGCCAGGCGGTCGTCATCCTCGGCTCCAAAACGGGACGCGACGGCATCGCCGGCGCGGCGTTCGCCTCCGCGGAACTGAAGGACAACACCAAGGAAAGCCGTCCGTCGATTCAGATCGGCGATCCGTTCGTCGAAAAGCTGCTCACCGAAGCGTGCCTGGAGATGCGCGACGCCGGATTGTTCGTGTCGATGCAGGACATGGGCGCGGCCGGGATCCTTTCTTCCTCGTCGGAAGTGGCCGCCAAGAGCGGCGTCGGCATGACGATCGACTTCGACAAGGTGCCGCTGCGGGCGGAAGGCATGGAGCCGTGGGAAATCGCCCTGTCGGAGTCCCAGGAGCGCATGCTGCTGATCGTCGAAGACGCGAAGATGCCCGAAATTTACGCGATCGCCGAGAAGTGGGGGCTCGACGCCACGGAGATCGGCCGCACCGAAGAGGGCGACCATTACCGCATTTACTGGAAGGGCGCGCTGGCCGCCGACATTCCCGCGACGACGATCGGCAGCGACTGCCCCACCATCGACTGGCCGCAGCAGCGCCCCGATCTCGAAGCCCGTTGGAACGAGGATCTGAAATTCGACGCGCCCTGCCCGGGACAGGCCCTTGTCGATCTGTTGGGAGATTCCAATCTGCACTGCAAGGAAGACATTTACGTCCAGTACGACTCGATGGTGCAGACGAACACCGTCGTCGGCCCGGGATCGCCGGTCAGCGTCTTCCGCGTCGCCGACTCGGGACGGCTGTGCGCCGTCAGCATGGAAGCCGATCCCTGGGGCTGCGAGCTCGATCCGGAGCGGGCGACCGCCAATCTGGTGGCCCGTTCCTGCCGCGCGCTGGCCGTCGCCGGCGCCGTTCCCGGCGGTTTGACCAACTGCCTCAACTTCCCGTCGCCGGAAAACCCGCAGCATTTCTGGGTGCTCTCGCACAGCGTCGAGGGCATGGCTTCCGCCTGCCGCGAGCTCGACTGTCCCGTCGTCTCCGGCAACGTCAGCCTCTATAACGAAACGTCCGCCACGGCGATCCTGCCGACGCCGCTGCTCGGCGTGGTCGGCATCGTCGAAGCGCCGGCGGTGATGAAATGCGGCCAGTGGAGGGAAGGCGACGTGCTCTTCCTGGCCGGCTGGAACGAAGGCACTTTGGCGGCGAGCGTCTATCAACGCCATTACGCGCGCGACTTCGCCGGCCGTCCCGTTCCCTTCGTGCCCGAGCGCGAGCGGGCCTTCAACGCCGCGGCGCTGGCCACGGCGAAAGCCCAGGCGGCAGACAGCGCCCGCCCGATCATCGGCGGCGGACTGCTCGTCGTCGTCGCCAAAGAGGCGATCGAGAGCGGCGTCGGCGTTGATCTGAAAGAGAAGGATTACAGCGCCGCCGATCTTTTCGGAGAAGGAGCGACCGCGGCGATCTACGCCGTGCCGACCGCGAAGGTCGAAGAATTCCGCCGCTGCTGGAAGGACGTGCCTCTCGAGGAGATCGGCGTTGTCGGCGGTCCATGCCTCGCCGTCGGCGGGAAATGCCTTCGCAGCGTCGAGGAGCTGAACAAGGCGTTCAGAAATCTTTAAAATTCAAGTGCAAGCCGCGTCCTTTCATCGGCAGCGGCTCGTGTGACCACGGCGTTTTTTCGCGCCGCGCCGAAGTTTGGGCTGACGGACGCGGCTGAACCGTCTGCAATCGAAATATCTGGCTTTGACTAATTGGAGGACAGAAGATCATGGGCAATCTGACGTACGAAAAGGCCGGCGTCGACATCAAGGGCGGCGACCATTGGGTTGAAACGATCAAGGGCATTATGAAACGCCGCAAATCCGACCCGCGGGTGGTCGGCGGCATCGGCGGATTCAGCGGGCTGATGCGCCTCGACGGGGACCGGCTGATCGCCGGCTGCTGCGACGGCGTGGGGACAAAAGTCGAGATCGCCCGCGCCTCGGGGATCTACGACGGCCTCGGACAGGACCTCGTGGCCATGAACGTCAACGATCTAGTCACCGGCGGCGCCGTGCCGCTCTTCTTTCTCGATTACATCGCCTGCGGCGCGCTGAACGAAAAGATGATGTCCGCCGTGGTCACGTCGGTCGTCGAGGCCTGCGAATATTGCGGCTGCGTGCTGCTCGGCGGCGAGA
CP133038.1_gap36	1827908	1831857	3949	GAGTCGGGCACGCTGCTCGGCATGGACGCGCTGCTCTCCACGGCGATGATGCCGCCCGGAGTGCCCGTGGCCTCCGTCGGCATCAACGGCGCTGCCAACGCCGCGCTGCTGGCGGCGCGCATCGTCGCCGCCCATGACGGCGCCGTCGCTGAGAAGCTGCAGTCCTACGCCGACGAGAAAGCGGCCAAGGTGCGCTCGTCGCGCCGCGACGCCCAGGTCTTCGCCGACTTGCCCATGGCCCCCGAAGAAGCGTTGCGCTGATCTTCAAAAAACAAAAATGGAATGAGGAAACGAAAATTCGTTTCCTCATTCCATTTTTGTTTTTACGAGTTTTTTACAATCCGCGCAGCACAAGCTGCTCGCGATCCGGGCCGACGCCGATCAGAACGACGGGGATGCCGATGACCTGTTCGATGTGCCGCACATATTCGCGGGCGTTTTCCGGCAGATCTTCGAAAGCACGCGCCGCCGAAATGTCTTCGCTCCAGCCGGGCAGCGAGTAATACACGGGGTCGACTTGAGCCAGCTTGGCGATGGCGGAGGGAAAATCCGCGACGATCTTGTCGCCCACTTTATAAGAATTGCAAACTTTCAGCTCTTTGAAGCCGGTCAGGATATCGAGCTTGGTCAGAGCCAGACAGGTGAAGCCGTTCACCCGCACGGCGTAACGGAGCGCGACGAGATCGAGCCAGCCGCAGCGGCGCGGACGTCCGGTCACGGCGCCGAATTCGCCGCCCTTGCGGCGGATCTCTTCGCCGTCGGGGCCGCAATCCTCCGTCGGGAACGGGCCCGAACCGACGCGGGTCAGATAGGCTTTGGCCACGCCGATGACGCGGTCCACGTACTTCATGCCGATCCCCAGACCGACGCAGCCGCCCGAAGAAACGGGATTGGAACTCGTCACCATGGGATAGGTGCCGTGGTCGACGTCGAGCAACGTGCCCTGCGCGCCTTCGCACAACACCGTCTGTCCGTTCTCGAGCGCGTTGTATACCTCAAGCGAAACGTCCGCCACATAAGGCGAGAGCTCCTTGCCCCATTGGAACGCCTGCTCATAAATGGGGCCGAGAGCCAACGGTTCTTTGCCGTACACGCCGGTAAGGATCCGGTTCTTCTCGGCCAAAGCGACGCCGAGTTTTTCGCGCAGCACATGTTCGTCCAGGAGGTCTTCCACGCGGATGCCAATGCGCGTGTATTTATCGGCATAGCAAGGACCGATGCCGCGCCCGGTCGTGCCGATCTTATGCTCGCTGTCGCGGGATTCCTCCTGGAGCTGGTCGAAAAGCTTATGGTACGGCATCACCACGTGAGCCGCTCCGCTGACGCGAAGGCACGCGCGGTCTTTCCCCCGGGCGCGCAGTTCGCCCAACTCTTTCAGCAGCTGCTCGGGGTCGATGACGACGCCGTTGCCGATCACGCAGGTTTTGCCGGGATAAAGCATTCCCGAAGGCAAAAGGCGAAACACGTATTTCTCCCCGTCGACGTACACGGTATGGCCGGCGTTCGCTCCGCCCTGATAACGGGCGAAAACATCCACTCTCGAGCCGATGGAATCGACAACGCGGCCCTTTCCCTCGTCTCCCCATTGAGCGCCGATAAGCGCCTCGATCTTGCCCTTCATTGTTTTTCCTCCTTAACAGGCTGCTGCGAATTCCAGATCTCGTCTACCGTCACCAGCTCCACCGGATTCGGGTCAAGTGTGCTCAGGTAGGCCAGAAAAGGCAACGTTTTCTCGCGCGCATGGCAAATCGCGACAGCGTTGCCATATTTTCTCGCCAGATGAAGCGCCGCGTTGAAGCGCGCCTTCATCGTGGGCAAATCCGTTGTCCCATCGATAAACACTTTGTTCTGAGCGGTCGGGATATGATAGTTCCGAGCCGTTTTTTCGGCGACTGTCCTGCCGCTGGTGCGGCTGTCCAGAAAGCCCCACCGGGTCGCCGACAGCGCTTTCATAAAGCGGCGCATTGTCGGCGCGTCGGAAGTCGCTTTTGAACCTCTGTGATTGTTGATGCCGATCGCATGCGGAAAATCTTTCTGCAGCGACGCAAGGTACACGGTCATTTTCTCTTCCGGCACATCGACTCCGACAACGTAACTACGCCCGCCGTCCGGATCTCCTATCGCCTGCATCGGCACGTGCAGCAGAAAGGGCTGCCCCTGTCTGACTGCATATTCGGCGATCTTGTGACCGTGCGGCGTACCGGGAATAATCGCCCACGTCGCGCGCAGTCTCAACTGGGCGATGCGCTCGGCCATGCCGTAATTATAGCCGAAATCATCAATAACAAGGGCCAGACGAGGGCGGGACGCCGCGGCGGGCTTCCCTTTCTTTGGCAGCGCCGCCGACTGGAGCCTCGCCACCCAAGAGGCCGCCACGAGAATCGTTTTCTTCGTCGAGGACAGCGTTTTTTCCAGAGAAAGAAACGCCCCTGGACGCCACAGCCGCTCCTCCGCCGACAAGACGACCGCGTTCTCCGCTTTTCTTGCCTCTCGACGCCGTACGCTCTCTCCATTGTGCATCATGTTCGTAAAAACGCAAACGACGGCAAAGGAGATCACCGCCGCCAGAACCCAGAAGGGATTCTTCATTTGCCAAGAACGGGTTTCTTGTCGGGATTCGAACTCTTATCGTCGCGTTCGCTCTTCACTGCAGCGTCATCGCTGCCCTGATCTGCGGAAATGACGGAAACGTCGGAAGACACGGGCTCAGGGATGGGATCCCTCAGCGTTTCCGGTTTTTCTCCCGCAATCAGTTTCAAGAGCGTCTCTTTCGCTTTGTCCAGCTGGGGATCGCGGGGGCTGGCGTCTTTTGTGGATTTTTCTTCTGACGGCCCGTTTTTCGCTTTCCCATTCGGCGTTCCAGTTCCTTCCGCCTCGCCTTTGTCTCCCTGGCTTGAATCCGCCTTGTCGCGATCTTCGTCGCTCCACAGGGATTTCACGTAAATATCGGGAGAAAGGCCGACGTGGTCAATGCGGACTCCTTTCGGAGTGAAATAGCGAGCCGTCGTCACGAACATCCCCGAGCCATCGGAAAGATTGAAGAGGACCTGAACCGATCCCTTGCCAAAACTCTTGGCGCCGATCAGAAGCGTACCGTTGCGGTCGCGCAGAGCGCCGGAGACGATCTCGGAAGCGCTGGCGCTGCCCTCGTTGATCAGCACGACCAGGGGCAATTGAGTCAGGACGCCTTCATGCGCATAGAACTCTTCGTTCGCCGAATCAACGCGCCCCTTCGTCGAAACGACAAGTCCTCCGTCGATAAACAGGTCGCAGATATCGCGCGCTGAGTCGAGCAGACCGCCGCCATTATTCCTGAGATCGAGAATCAATCCCTTCGCTTTTTTGTTTTTGAGATCGATGACGGCCTTGCCCACATCCGGCGCGCTGGTCTTGATGAACTGGCGCAGGCGAATGTAACCGATATCGTCGCTGAGGATCTCCGCGTGCACGGTCTCGATCTTGATCGTGTCCCGCACGATCTTGAAATCGATCAGCCTGGCCGTATCGGCGCGACGGATCCCCACGGAGACTTCCGTGCCGGGATCGCCGCGAAGCAGTTTCACAACCTTGTCGAGGTCCCAGCCGATGACGATATCATCGTTCACTCTGACAATTTCGTCCATGGGACGCAGCCCGGCCTTATCGGCGGGCGTTCCTTCAATGGGATTTATGACGAGGATTTTCCCGTCGCGGCTGGCGATATTGATTCCCAAACCGCCAAAGGATCCCTCCAAGGAAGTTTTCTCGTCTTCCAACTGCTGAGGATCGAGAAAACGCGTATATGGGTCTTTCCACGCGCCCAGCATTCCGCGCATGGCCCCATGGACCATTTCACTCTCATCGATGTCGTTGCTTGCCGCATCGACCTGATACGCCTCGACAATAACGCGCGCCTGTTTCAGGAGCCACAGCGAATCAGTCGAGAAAGGAGCGACCTGCGACAATTCCC
CP133038.1_gap37	1841920	1846470	4550	CGATCTCAGCGTTTTCCGCCTGTTCCGTGCCGTCCTTTTCCATAAGGGTCGGTTTATAGCGCCGCCGGCGCACAGCCAAACCGCCGGGACGCCCAAAGGGATTGCTTAAGTTCTCGTTGCCGATCTTGAACCGGCTGTCGGGGAACGCCGTGATGGCAAAGGATAACGTGATCCAGTCGTTGTTGTTGCTGTCCGTCAGATCGTCGTTCACCGTCAGCTCCCAACGCGTACAGCAGCTGTTGTCGTAAGTCAGGATGTACCCCATGGAAGACAGTTCATTCTTATTGCCGGTCAGATCAAAAACTCCCTGTACCGCAAACGTAAGAGAAGGCCCGATCTTTACGCCCACGCGCTGATAAAAGGTGTCCGTATCATAATTGCGGTCCCAACCGTTGCCAAACGCGGAACGCCCCGACACCCTTTTCTGCTCGAATGCAGAGCCGATCTCAAAGCCGCCGCAAGATGCCCTGACGCCCAATGTCCCGATCGTCACGATCTGGCGGTCGCTGCCGTCGTTCTTATAGCCGTAATTCCAGTAGTCGCCTTTGAAGAAGGGAGAGACGGTCCAGGCGCCGAGCCGAAAGGGATATTCGGTGTAATAATCGATCCCCCAGCCGTAACGCTCGATAAAATCGCCCTGATACCCTTTTCGATCGACTCCCGTTTCCTGAAATCTCCCCCAGTTTCCCTTGAAGCGAGCATATTGAGAGAAGTCGCCAATATGAAGTCCGACCCAGGGGGAGGTCAGTTCCACTTCCGGGTCGCGCCAAAGCGTCGTTTCATATTCTTTCTGACCAGGCTTTCTTATGACCGAACGTTTTTCCCTCTGAGCCCAGCCGATGTCCATGGCCCAGCCGGAACGCGCCAGCACCGCCCCCAGAAGGGACGGGACTTGGTCTCGTCCGTATTGCTGTCGTACTGATGATTGTCTCCCGCATACAGAGACAGCCACGGGGCCACCTGTTGATCGACGCGCGCCTGATACTCGAACATGCCTTCCTGCCAGATCCCCGCCCCGAGGGCAAGCTGTCCGGCGTCCCAGGAAAAGGTCGAACGCGCTTCCAGTCCCAAGTGTTTGTCGCTGTCATAGTTCGGCATGATCGTCACGACGTTTTTCGCTTTTGGCTTTTGATTGACGACCATATTGAACGGCATCGTGAACAGATACGCAGAACCTGCATAAACCCGGGGATGATGAAGCACGATATACTTCCCCGGCACCATGACGATTTTCTTGGAACGAAGCAAATAATGGGGGTGATCCTGCTTGCAGGTCGTATATGAAGCGCTGTTCCAACGCACGACAGCGCTGTCCGGAGCGCTTCCCCGCAGATACTTTCCCCGCAGCCATTTTTTCTCGTGGGCCGTCTGCGGATCCGCAACTTCGACGCGCGCTCCCTTGATGTAAACGGCACCGTAAGGAACTTTCGACGATCCTTCGGCTCCTTCGAGATATCCTGTCGAATCATTCAGATGATACTCGAGAAAGTCGCCCGCCAACGTGTCCGCATTTTGACGCTGGACTTTGATTTTCTTTCCGGCAGAGGCAAACGCTCTGATCACATTCGTCTCCGAATCCAGCGTCACCCGATCCGCGCGGAACACCAGATCGGTATAACGCACCACGGCGTGGCCTCGCGCGGTGGCAAGATGATTGACTTCGTCAAACTCGATGCCGTCCGCCTCGAGGACGACAGGCAGCGTGTCCGTGACCTCAGGCAGCTTCTTCTGCGCCGCCCAAACGTCATTCGTCGGCGCCAGCAGAGAAAAAGCGAGCACGAGCCCCCCGAGACACGTCGAATATTTCGTCATTCACTCCACCACCGTATGCATCCATCTTTGACACATATTTTGCGTTGTCCGTCCATAACCGCATTCTTGCAGACCAACGTATAAACGTCGCCGCTTACGGTCACTCCCCGAGGAAAATTCCACACGTCGTTTTTTTGCTCCCAGCGAGCTTCCGGCGTCTTCCACTCGAAAGGATGCTCAGGGCGCTGCCATATTCCATCGGCATCGCGCAGCGTCAACGTACCGTTTTCATGATCGTAGGTTCCGTTGGGGGCGTTGATCGTGCGCAGACCGGATGGCCCCATGATCTGGCTTGAGATTTTGTTCAAATGTTCCACAGGATGGTCACGCACAACTTTCTCCGCGCTGATCCTCCACTGGTCTTTGCCGACGTTGCGAACCGCGGTAACGCCGCCTATTTCCCAGCTCAATTCCTTGCCGGTATCGACGAGGGCCCCGATCACATCGAGATCGCGTCTCAGAGCTCTTCCCCAGAGGGCCAGTGCAAGCGCAACGAATACGACGACCAGGGCTCTTATACAATTCCGCCGCACATGACCATTCCTTTCCAAAGTCCCTTACGGTTTAGAGGTTGTCAATCTCGGTCGCCTTTTTAGGGGGCTCCGCAGCGTCCTCCACTTTCGTTTTTTCTTCGTTCACTTTCTGCAGATTCACGGTTTTGCCGCTCAGGACATCGACATATTTATCGTTCGCCAACGCTCCCAAAGAGGCAGGGATCGGATATGCAGGTACCGAGACGCTTTTTTCGGTTTCAGAGTACATGATGGCCCCCGCCGGCACTTCTTTGGCGTTGCCGCGGATAAAGAATCCGCCCGCCAGCCCCAACGGCCCCAATGCAAGTGCGCCCACAAGGCTCGTTCCCGCCGCCGCCGCATAACTGGCCTCAAACTCCGTCGCCTTTTTGGAGGCTTCGCCTTCGCTCAGGGGCAAAACCGGATCCCCCAGCGTCTTCAAAGACTTCACCGAGATCCGGATCTCCGACGGGCGGCCAAAACTGCGCGGTTTTTTGACTGACGTGACGATCCCTTCCGCGGGGGCTCCCACAGGCGCGACAAGTCTATGGTTCACGATAAGATTATGCGTGAGTTTCAGCAAAACCCGATCGCCCTTTTTGGTGACGGAAGGTTTCAAGGTTTCCATCAGCTGCAGGCGGACGACCGTTCCTGCGGGAACCTCGACGGGCTCGGAAGCGACGGGATCGGAGACGACCATACCGAGCACTCGTTCCACCCGCATCGCCATGGGTTTGTCTTCCATGGAGCTTCCTTCGAGCCTTTTTTCAACAACGGGAATCCGCTCGATAAGCGGCTTATCGGCATTATTAGAAATCTCGAGGCCCCATTCAGCCACGCTCATCTTGTACAGAAGCGACGGCTGCCCTTCGGTTCCCTTCTCAAGGTAATCGACATGAGCTGACTCGCGCTCCGCCAACGTGCCTTGCAGTTTCGTGCCGTAAAGATCCTTCTCTACGCTGTCGAGCCTCGAAATCAGACCGCCTGAACGCACTGAACCATAAATCGCGTTTTCCAGACGATCGATCTGTTTCGCCGCCGTCGTGTCCGTAGCAGCGCCCGCGGCGCTTCCCAGAAGACTGCACAAAAGTAAAACGATTCCTACTTTTTTCATGTCACTCGCTCCTCTTGTCTTTCACTGTTTTCAGCGCAGATAACTCATCGGATTCGTCGGACTGTCGCTGCGGCGGACTTCGAAATGGACATGCGGCCCCGTAGCGCGCCCGCTCGACCCCACTGTGGCGATCACGGTCCCTTTTTTCACGTTCTGCCCCTTGCGGGTCATCAACGACTGGCAGTGGCCGTACAAAGTCGTATACGTGCTGTCATGACGGATAATGACCGTCCGTCCATAACCGTTCATCCAGCCGGAGAAAATAACCTGGCCTCCCCGCGAAGCGCGTATGGGAGTATGCCGGGGCGCGCGTATGTCTATGCCGGCGTGGAAAAGCCTGGCCCGTCGGATCGGATGCCGGCGCCAGCCGAACGGACTGGAGATTTTTCCCACCACCGGCCAGGAAAAACGGCCTGCCGCCCCGCTGGCGGCTTTGGCAACGGGAGGGGCCGTGCGCGACATGCCGCCGCCGCTCGAACTGCCTCGATACACGGCAATGGACCGGCTTGCACCGGGGATAAATACCTCCTGACCGGCGTTCAATTCCACCTTGTCGGCCAATCCGTTCGCCATGCGGATCGCTCTCTCGGCAACGCCGTACTTTTTTGCAAGCGCGTTCAAAGTCTGCCCTTTGGCAATCTTGACGCTCAATCCGTCCTGATTGGGAATGCGCAGGACAACGCCGGGAGAAAGACGATCCGGCGTGCGGAGGATATTGGTTCCATAAAGAGAATCGATGCTGAGATTATTTGCGCTGGCAATGGTCCACAGAGAGTCGCCCGGCTTTACCGTGTACTTCCGGTATTTTACCGGATCAGCTCTCTGTTTGGAAGCGAGTTTTTCCTCGGTGCGGCTCTTTTGTTCTTCCAAGACGTCTTCCAGCAAGTCTTCCGTGCGCGGAATCAAGAGGACCTGTCCCAACGAAAGCCGGTCAGGATTGCTGATGCTGTTGGCCTTGCTGATCGTCGCGACAAGAATCCCGTACTTCCGCGAGATGTCGACCATCCGCTCGCCCTGGCCGACGGTGTGCTCCAGCCAAGGACGCTCGTCAATATCTTCGTCCATCTCGTCTTTCTCGCCCAGCAGCCGGACAATGACGCTGCCGTCGTCGG
CP133038.1_gap38	1949436	1953230	3794	AGTCGGATCGATCCCGGCAAAGGCGACGAGTTTCTTGGGATTGGAGAAGCGGCTGATATCGCCGATCTCACCGAGGATCACGACGCCCGTCGCCGGCCCCACGCCGGGGACAGTGAGGATGACAGAGCTAAACTTCCTCAGCTGCCGGGCGATCTTCTTGTCGATCTCATCGATCTGCTTCTCCGTGAATTCGATCTGTTCGATGAGAATCCTGATTTGAAAGGCAAAGGCATCCGAACACAGAGTCAGGCCGACCGAACGCGCCGCCAGAGACTTGAGCTCACGGGCTTTGTCAGTACCGTGCCGGCCCCGGCTGGTTTTTCTGAGCAAAGCGGCCAGCGATTTCGTGTTCACGTCGACCACCTGTTCCGGAGTGCCGTACGTCTTGAGAAATGCCTTTGAACTCTCGCCAAAGACGTTGGAGAACAAGGCAGCATACTCCGGAAACACCTGATCCAGAACGGTGACGACCTGTCGCTTGTAGTCGGCGCAGGAGTCCTTGAGCGACTCTCTGAAACGGGCCAGATTGCGCAGCGCCATGATATCTTCATCAGCCAGATGAGTTTCGCTGAACGAGCCGAAACGGATCACCTCAGCCACCAGAAAGCAGTCGACCGCATCCGTTTTCTGCTTCCGGATGTGGAAGTTCCTCAGACTGTCGGATTGGATCGGGTTGATCACATGCAGAGCAAAACCCTGCTCCCGCAGAAAGGAGTAGAGCGCGAGCCAGTAATGACCGGTCGCCTCCATGCCGATACAGAAAGCCTCCCGCTCGGGAAGACTCTGTTCGAGAAAGAGCAGAAGCTGCTGAAAGCCCTCCCGAGCATTGGCGAAACGCAGCGACTTGCCGACGTGGCTGCCGTCCTCCCTGATAAGCCCTGCTTCGTGATTGTTCTTCCCGATGTCAATACCAAGATAGTACATGAGTCACCTCACCACAACGTATTTGCAGGTGAATTCTCACGCTTCCTGCGGCTCACAACCTCCTTGGACAGACGGAGAAGACCTTCGGTCTCAACATCCAGCTCATTCGTGAACTGCCGCAAGAGGTGAGGCGCCACTCTCCTTTACGAGGAAATGTCCCCAAGGAAACAAACGGCGACGCTCACACTGCATGCTGACATTATCGCAGATTGTTCCGTTCAATAATCTGTCAACAAGTGCGACTACATTATTCTAGGAGGTAGTCTCATGAAAAAGTTCCTGTTTATCATCTGCGTGGTATTGGGTTTTGCAGGCACGGCATTTGTTCAAGACACCTACGTCAACGGCTATTACCGCAAGGACGGCACTTACGTCCAGGGGCATTACAAGTCGCCGAGCAACGATTATTTCTATGACAACTACTCCAGCTCCGGGAACCGCAACCCCTACACCGGAGAAAAAGGCTACAAGAAATACCCCAAGAATCCCTACGGGTATTAAAGCCGACTCCCGCGGCTCCGCATTGTAGCTGTTGCCATACGATAGAGGTAAAAGCTTCTCACACAATCTCTTAAGTGCCCTAAACAGTGTCCTAAACGAGGTGGATATAACAATGGTGAATGCGTGGAAATCCAGCGCCGACGCGCCGGAGATGGAGGGGCGGCAGTACCACATCCAGTGCGCGCCCGGCGACGTGGCGTCTTATGTGCTTCTGCCCGGCGATCCCGGCCGCGCCGACGTGATCGCCGCAACGTGGGACGAGCGGCGTTTCGTCGCCGCCAACCGCGAGCACCGCACGTTCACGGGAACGACCGGCGGCGCGCCCGTTTCCGTCACTTCCACGGGCATGGGCGGTCCATCGACTGCCATCGCCGTGGAAGAATTGCTCCGCGTCGGCGCCGACACGTTCATCCGCCTCGGCACCTGCGGCGTCATCCAGGAAGACATCGCCTGCGGCGATCTGATCGTCAACACGGCGGCGGTGCGTCACGACGGGGCCAGCAACCTGTACGTGGAAGACCGTTACCCGGCCGCCGCCGATCACGAGGTGACGCTGGCGCTGATCGAGGCCTGCGAGGAACTCGACCTGACGTATCACGTGGGGCTCACCTGCTCCACCGGCTCGTTCCACTGCGGGCAGGGGCGCCCCGGTTACCGCGGCTACCGGCAGTCGTTTTTCGAAAACGTCGTCGAGGACCTACGCCGCGCCCGCGTGCTCAATTTCGAGATGGAGGCGGCCACGCTTTTCACGATGGGCAATCTGTACGGCTTCCGCAGCGGCTGCCTCTGCGTGGCCGTGGCCAACCGCGTCACCGACGAGATGGTCTCGTCGCCGCTCGAACCGGCCATGGCCGCCTGCAACCGGGCGGTCCAGATCCTCTGCGTCCGCGACGCGAAAAAACGCGCCGCCGGCAAAAAATACTGGACGCCGCGGCTCGGGTAAAAGGCGCGGCGCGAGCGCCGCCCGTCGAATTTTTTCCGCACGTCGCCGCCGGCAAAAGCAATCAAAAAGGGATCTGAACTCATGCCGAGCTCAGATCCCTGTTTTTATTTTTGCGACAGGAACTCTTCCGCCGCGCGCACGGTATCCATGGCGTCGCGGGCGTAACGGTCGGCGCCGACGTGGCGGGCCAGATCGGGCGTGAGCACCGCGCCGCCGACGATGACGCGCACTTCCGGACACTCGCGCCGCAGCGCGGCGATCGCTTCTTTCATGCTGGCGACCGTGGTGGTCATCAGCGCGCTGAGGCCGACCACCGCAGCCCCCGTCTCCTTGACGGCGGCCACGATGGCATCCGCGGACACGTCCTTGCCAAGATCGATCACGTCGAAATTGTAATTTTCCATGATCACCTTGACGATGTTCTTGCCGATGTCGTGCACGTCGCCGTAGACCGTCGCGACGATGACTTTGGGACCGCTGCGGGGGACGCCGCTCTGACCGCCGGCCAGCACGGCCTTCACCACTTCGAGGGCCGCCTTCGCGGCGTCGGCCGATTTTATCAGCTGCGGCAGATAGATTCTCTGCGCCTCGTAATCGCGTCCCACGGCGTCGAGCGCGGGGATCAGCGTTTTCTCGATGATCTCGAGCGGCGGCCGTTCTTTGACGAGCTCGGCAGCGCAGGCGCGGGCTTCGTCTTTCAGACCGCGGGCGACCGCTTCGCCGAGGCCGCCGGAAAACTTTCCCCGATCCGAAACGGCGGCGGCACGCGGAGCGGACGCCGTCTCTTCGGGATTGACGGCGCAGTAATCGATATATTCTTTGGCGTCGCGGTCCTGAGCGCTGAGCACCCGCCAGGCGGCCAGCGTCTCCTGCACGTTCCTCTCGCCGGGATTGACGATGGCGGCGCTGAGTCCGTTCGCCAGCGCCGCGGCCAGCATCGTCCGGTTGATCAGCGGGCGGCGCGGCAGGCCGAAGGAAACGTTGCTCACGCCCAGCGTCGTTTTGACGGCAAGGCGCTCGCCGACCAGGCGCACGGCCTTGATCGTTTCCAGCGCCAGATCCTGCTGCGCGGAGGCGGTCAGCGTCAGACAGTCGATAAAAACGTCGTCTTTGGGGATGCCCAGCGCCGCGGCGCGGCCGACGATTTTCCGCGCCACGGCGAGCCGCGCTTCCGCCGTCTGGGGGATGCCGCCGTCGTCAAGGCAGAGGCCAAGCACGCAGGCGCCGTATTTTTTCGCCACAGGCAGCACGGCGGCGAGACTGGACTCTTTGCCGCTGACGGAATTCAGCAGCGGCTTTCCCGCGTAGCGCCGGGCGGCCGCTTCCAGCGCCGCGGCGTTGGCCGAGTCGAGCTGCAGCGGCAGATCGACGGCGCCCTGAAGCTCCGTGACGACTTCCCGGAGCATGGCCGGCTCGTCGACGTCGG
CP133038.1_gap39	1969126	1972077	2951	CGGCAGACTGTTCAGGATTTTCCAGTCGGGGCGGGTCACGATGCGCCCGTCGAGGATCACCACGCGCCCCCGGTCGGCGCCGGTGCGGATCAGCCGTCCCGCCGCCTGGCGCAGCTGCATTTTGGCGCCGGGCAGCACCACCTTGACGAAATTTTCGCGGCCTTCCAGCTTGGCGCGCGCCTCGCCGACGGGATCGTCGGGATGGGGAAAGGGGATGCGGTCGATGATCACCTGCGTGAGCGCCTCGCCGGGCACGTCGATGCCCTCGCGGAACGACGCCATGCCCACCAGCACGCTGCGCTCGTTTTCCTTGAACAGTTCCAGCAGCTCCGTGCGCGGCAGGTCGCCCTGCACGAGGATGTTCAGCCGGTCCTTTTCAGCGTTCATCTTCAGATACGCGGAAACGGCCGTCAGCAGCCGCCGCGACGAGAGCAGGACCAGCGTCGCGCCGCCGTTTTCGCGCGCGTACTTGCGGCACACCCGCGCCACCGCGTCGGCGTAGCCCGGCGACATCACCTGCAGCCCCAGATCGACGACGTCGATCTCCATCAGCGAAGGCAGATCGAACGGCGAATCGAGCACCGCCGTCTCGTCGGGGGCCAGTCCCGTTTCATTGGCCCAGTATTCGAAAGAACGATCCACCGTCATCGTCGCCGACAGGGCGATGACTTTGATCTCGTCGTCGTCGAAGGCCGGCGGGATCAGGTCGCTGCCGTTCACGCAGGAGCTCTTCAGGCTGCCGCCCTCGCGCCAATAGGCCCATTCGGGATAGTTCTGCGTGTCGCAGCACCAGCGCAGCGAGTCGCGGAACGCCGTCAGTTCGCCGTTCCAGACGGCGATCCTGCCGTCGTCCTGCAGAGCGTTCGCGTCGCGCCCGCCGCCTGCGGCCGCTTCCTGGAGTTCGTCCAGATGGCCGATGATCCGGTCGCATTTGACCAGCAGCTCGGCCGTGTCGTTTTTCAGCTCCGGCGGATAGGCCGTGAAACTTTTCCCGTCGGGCAGCCGCGCGGCGAGCTGATCGAAAACGCTCTCGGAGACCCGGCTCAGATCGGCCACTTCCTCGGCGAAACGATCGGCCGGGCAGTCCACGCTGCGCAGCAAAGACGCCTCCACCTTGTCGAGGCGGGGCGCGCGCCGCAAAAGGCGCTGCCAGTCGCGCACGTCGACGCCCACCTGCGTGACCGCGCGGGCCGCGTCCTCCATCTTGTGCGCCTCGTCGCAGATCAGCAGTCCGAAAGGAGCCGGAAAGGGCTTGCGCTGCCCCAGCACGTAGGAGAAATAGACGTGATAGTTGGCGACGATGACGCGCCAATGCGACAGGCTGCGCATCACCTTGTTGTAGAAACAGCGCTCGTGATGCGGGCAATAAGGACCGAGACAGGTCAGATAGGACGAGGCGATGCGCTCGCGGGCCGGATGGGTGTCGCCCAGGCTCAGCTCGCTCAGGTCGCCCGTTTCGGTGGCGTAAAGCCAGCCGCTGATGTCGCGCGAAGCCTGCCCCTTATCGCCGCCGAAGTCGAGAAAACCTTCCGCGCCGATCTCGCGGGCCTTGCGGATGCAGGCGTAGTTGCCGCGGCCTTTGAGCAGTCCGTAGGGCAGGTCGAGCCCCAGCACGTCCAGCAGCGCGGGAATGTCCTTGTAGATCAGCTGTTCCTGCAGCGTGATGCCCGACGTGAGCACCAGCACGGTGCTGTTGTTCGCCACGGCCCACCGCATGGCGGGGACCAGCATCGCATAGGTTTTGCCGACGCCCGTGGGCGCTTCCGCCGCCAGAAGACGCCGGTCCGACTGCAAAAAATTCTCTATTTTTTCAGCCAGTTCGCGCTGCTGCCGGCGATATTCGAAATTCGGAAGGTGCGCGTTGAGAATCCCTTCGGGACCGAAAAAATCTTCCATGCGATCACCGTGTTTTTCTGATAGAATAGGCGGAGTTTTTCAAAGCGCTCCAGGAAGATATTTTACAAGGTAAATTTTCAGAGTAAATGCAACCTCGTCAAAGTAAATGCGACGGGGTTGCATTTACTTTGACAGGACAAAAGCAGCAAGCAGTCATTACGAACACATAATAACGATCAAGATTGCGCTAACGGAACAAATTCAAGGGGATGAAAAGCTGTTACGAGGAAATTGTCCGAAAAAAGTGCATACAAAAGTGATCCTCAACTGAAAGCAAAATTTTCAGTTCAGAGTTAATGCAATCAAGAAATTAAAAAGGAGCCGTTATTTACCGGCGAGAAGAGTCCGCTTTAAACAGATATCCTGTGGCGGAATAAGTTCGAGTCCGAGTAAATGCAATACATCCTCGCCATACAGGTTGATAAAGATCTCTGCAGGAGATTTTCCGTTAAATTTTTTCCTCCCGTATGAGTTTATATGAGACATCATCAGGTTGATATCAGTTTGGGATAAATTGTCGAAAGTTGTTCCCTTGGGAAGGATCCTTCGAATGAGAGTATGATTATTTTCAACCTTCGTTTTTTCCTGCGGTGCTTGTGGATTGCAATAGAACATATATGATTTTCTTTCTCCGTCCGGACCTTTTTCGATAGCCGTCGGATTGGAAAACTCTGTACCGTTGTCAGCAAGAAGGACCTGAAACATGGACTTATAGCGTTTCCTGCCCAGAAGAGTGAAGAGCATTGTAAAAATCTGCTCAACAGATTGAGCAGTATTTTTATCTCTCAAAAAAGCCAGCATAAAGTTGCAGTTTCTTAAGATGACAGTCAGAAGAACTTTTCCTCCTGTGGTGCCAACGACACTGTCGATTTCGGTAATAAGCATGTCCGGATGTTTCTCCGAAAAAGAGAGAAAATCATTGTAGGTACGGCCTTCACGACATTTTTTATCCACCTTCATGTTATTTCTTTTTCCCTTTCTCTTCTTAAAACGGACAGCTCGGGGCAAGTCTATTTTCCGTGCCTCTAAAATACCCGAAAGCAGGAGCCGTCTGG
CP133038.1_gap40	1975741	1977377	1636	GGCACGCGCTGCTCGTTCAGCGGGTTGACCGCATACGCGCCGGTGAAGACGCCGGTCTTGTCCTTGTTCAGCTCCGTTCGTTCGAGCTCCGATTTGAGCGACGCCTCGCGCACGTATTCCCGCACCGCTTCGCGGCACGCGGAGGTCGTGATCTTCTCCACCAGCGGATGCTCCGGCGACAGCACCATGTAGGTAACGCCGAAAAGCGTGTCGGGGCGGGTCGTGTAAACCTTGAGATCGCCGTGCCCCCCCTCGATCTCGAAGGTCACTTCAGCGCCGACGCTCTTGCCGATCCAGTTGCGCTGCATGATTTTGATCGGCTCGGGCCAGTCGAGCTTGTCCACATCGTTCAACAGGCGCTCGGCGTAATCCGTGATCTTCAGCACCCACTGGCGCAGGTTGCGGCGGTAGACCTGATGTCCGCAGCGCTCGCAATGACCTTCCTTGACTTCCTCGTTCGCCAGTCCCGTCTGGCAGGAAGGACACCAGTTGATGGGGATCTGCGCCTCGTAGGCCAGCCCCTTCTTGAACATCTGCAAGAACAGCCACTGCGTCCACTTATAATATTCGGGATCGCAGGTGGAGACCTCGCGGTCCCAATCGTAGCTGAACCCCAACGATTTGATCTGAGCGCGGAAAATGTCGATGTTCTTCTCCGTCGTCACCTTGGGATGAGTGCCCGTCTTGATGGCGTAGTTCTCAGCCGGCAGTCCGAAAGAGTCGAATCCCATCGGGTGCAGAACGTTGTAGCCGTTCATGCGTAGATAACGGCAGTAGATATCCGTCGCCGTATAGCCTTCGGGATGCCCCACGTGAAGCCCGGCTCCCGAAGGATAGGGGAACATGTCCAGAACGTAACGCCGCTTATCGGCGGGGACCGAAGGGTCTTCCACAGTCTTGAAGGTTTTGTGCTCGTCCCAGTAGTCTTGCCATTTTTTTTCAATCGACTTGAAATCGTATTCCATGCAGAAGCTTCCTCCTCGAAAATTCTTGCGCACAAGAAAAAAATCACTGCGATTATAGCAGTTTTTCGGGATCTGTTCACAAAATTTTGAAAAACTATGGCTCAACCACACTGGCGCGGGTCAGCGCTTCGCTGACCGAAAGCACGCGGATCATCTCGATTTCGGCGTCGAGCTGCGGCTTCTCCTCGCGGGAACTGACCACGGCGCGTTTGAAGCCCAGCCGCGCCGCCTCGCGCAATCTCTGCGCCAGACCGGAAACGGGACGGACCTCGCCGGCCAGTCCGACCTCGCCGATCAGGCAGCACTCGGGCAGGACGTTCCGCCCCGTCAGCGCCGAAGCCATCGACGCCGCCAGCGCCAGATCGGCGCCGGGATCGTGGATCTCCAGCCCGCCGGCGACGTTGCAGTAAATGTCGTCGCGCAGCGAGGGCAAGGCACAGCGGCTCTGCAGCACCGCCAACAGCATGCCGATCTTGTTGGCGCCGAGGCCGATGCCGGCGCGCTTGGGGTAGGCGAAACTGCTTTGGCTCGCCAGCGTTTGAATTTCGGCCACCAGCGGACGCGAGCCTTCCATGATCACGGTCATGACGACGCCCGACACGGCGCCGTCGGAACGGTTCCAATAGAGATAGCTGGGATCGGGCACTTCCGCCAAGCCATCGCTGCGCATC
CP133038.1_gap41	1981492	1983945	2453	TGGTTGGAGGCGCCGACGAACTGGATGTTGGGGGTCTGGTTCTGGGCAAGGGTGACGGTGTGGCTGTGGGGGGTGCTCGCTCCGTCGCTGACGCTGAACTTTGCGGAGATGTTGGTGATGGGCGCGGTGGTGGTGTTGATCAGGGTCTGGAGTTTGGCGGGGTCGAGGCCGACTCTGAGGGTGCGTCCGCTGACGGCGGTGGTGATGACGTCGCCTGTGGGGATGATGTCGAGGCGTTTGTGCGCGCTGTCGAGGAGGATGCCGGGGGCGCTTCCGTGGGGGTCGGCGCCGATGGTGTAGGTGGCGTTCTGTCCCGCGGCGAGGGCGGCGGCTTTCAGCTGGCCTTCGGTGGCGGCCTGTCCGGCGCGGGCGTTTTCGCCCCAGCCGGCGTCGAGGGTGGTGTTGCTCAAACCGGCGATGGTGCCTGTCGCGCCGTTGAGTTTGATTTCGTTCGCGCCACTTTTGACTGTGACGCTGGCGAACTCGGGGGTCTCGCTCATGACGAGGTCGAAGCCGTCGCCGGCGGCGTTCTTTTTCACGCCGAGGTTCTTGCCGGATGCGCCACTCGTCACGCTTGCCAGGCCGCCTTTGAGGTTCAGGGTCTGGCCGAGGGTGCGGTTGACGGCGCCGTCGTTGCCGGCGAAGTTCAATCCGCCGGACAGGGTGCCGGTGATGGTGGTGATGGCGGAGTTGTTGCTGATGTCGATGTTTTGACCGAGGTTGGGGTTGGCCGACACAGTCACTTTCGCGCCGTCGCTTCCGTCGGCCGCTACGGTCACGTCGATCTTGCCGGTTTCGCCTGCGAACTTGATGTTCTTCTTGGTTGCGCCGCCGAGGGTGATGTCCTGTTTCGTTCCGGCTTCGTTGCTGACGGTGAAGCCGGCTTTCAGTTTCGAGATGTCGGCGGTGTGGCCGGTCACGGTGGTGTTGTTGGCGATCTGGTTGTTGATGGCGGTGTTCAGGTTGGCGGCGTTGACTTTGTACTTCACGCCGCTCGTGCCGACTTCGGATTCGATAATGTTGCCGTCGCCGGCGAACGTGATGATTTCCGTTCCGGTCTTGTCCGCGGTGATGGTTTTCGTTCCGGTCCCGGCGTCGGCGATCTTGAATTTCGCTTCGACGTTATTAATCACGGTGGAGCTGTTGTTGATGGTATTGCTCAGTGTCGAACCGTCCAGGCCGATGGTGAGGCCGCCCGCGTCGACTTTCGTGGTGACGCCGCCGGCGCCTGTGACCACCAGCGGAGTGGCGCTGTTGATCAACTTGCTGCCCGGTACGGCTTCCGCGTCCTTGATCGTCCAGTTCGCCGTTCCGCCGATGGCGCCGGTCAGGGCCGCGGTGTCGAGGCTGTACTTCACGCCGTCGGTGGTCATGGCGGACTTGATGTAGGTGCCGTCGCCTTCGAATTTGACGGTCGGTTCGGTGTCCTTGGCCAGCGTTACGGTCTTCTTCGTTCCCGTTTCCGCAGTCACGCCGAATTTGGCGCTGATGTTGGTGATCGGGGTCGTGGTCGCGTTGTTGATGTTGGTGATCACGCTGCCGGTGATGTTCTGGGCGAGTTTGGCCGTGTCGATGCCGTAGGTGACTTTGGTGCCGGTCAGGCCGACGGTCATGGTGTCGTCGGTCGTCGCGAACTCGATCGTCGGTTTGGCGCCGCCGAGGGCGACGTTCGACGTGGTGCTGCCGGCTTTCAGGTCGAAGCCGTCTTTCAACGCGTTGATGGCCGAATTGTTGGCGATGTTGAGGTTGGTTCCGAGGTTGGGGTCGGTCTTCACGGTGACGGTGGCGCCGTCGGAGGCGTTGGCTACTTCGACGAGGATTTTGTTGGCTTCGCCCTTGAACTGGATGTTCTTTTTGGACGCGCCGCCCAAAGTGATGTCCTGCTTCGTTCCGGCTTCGTTGCTGACGGTGAAGCCGCCGGCGAGGTTCTGCACGGTGGTGTTGTTGGTGATGGCGGTGTTCAGCGCCGTGGTGTTGAGGCTGTACTTCACGCCGTTCGCGGTCATCGCGGAGGTGATGTAGGCGCCGTCGCCTTCGAACTTGATGGTTTCCGTTCCGGTCTTGTCCGCGGTGATGGTTTTCGTTCCGGTCCCGGCGTCGGCGATCTTGAACTTTGCCTGTACGTTGGTGATCGGGGTGGAGCCGTTGTTGATGTTGGTGATCAGCTTGCTCTTGTCGATGCCGTAGGTGACTTTCGTCCCGGTCAGGTCGACGGTGACGGTGTCGTCGGCGCCCGCGAATTCCACGGTCGGGGCTGTCGCTCCGCCTAAGGCGACGTTGTTGGTCGTGCTGCCGGCTTTGAGGTCGAAGCCGCCTTGCAGTTTGGTGATGTTGCTGGTGTTGGTGGCGATGTTGGCGGTGTTTCCGCTCACGGTGTTGCTCAGGTTCGTCACGGTCGCGTTGTTGCTGATGTCGAGGTTTGTTCCGAGGTTGGCGTTGGCTGTCACGGTCAC
CP133038.1_gap42	2002205	2006597	4392	CCATGCCGCGGAACTTCAGGCCGGGGAAATCGGCGGGGCTGCGGATCTCGCGCTTGGAGTTGGTGAAGGCGAGGAAGCCGCCTTCCTCCACCGCTTCGATCAGCACGCAGCCCGTGCGCTCGCGGAACAGCTTTTTCAAATTGGCCCAGTATTCGCTCTCGTCGAAGAAAACGTGCGCCGCCTCGTAGCTGTTGAACATGAACGGCACCGACGAGGGATACAGCTCCGGCAGCACCGTGCCCATGGCGGCGAACGAGGAGACGTCGGCCACCGGCTGATTCAACCCGTCCTTCATCATCAGCTCCATGCGCTGCTCTTCGCTGCCCAGCTGCTCGTCGGGGTACAGTTCGAACGTGATGTTCCCCTGCGTGCGCTCCGTGACGCGCGAAACGAATTCCTTGACGAAGTAATGCACCACGTTGTTCTCGACGTTCGCCGGTCCGATGTGCGACATCTTCACGACCGTCGCCGCGCCCGCCGCGCCGCTCAGCCCCAGCGCCAGCGCACAGGCCAGCGCTATTTTCCCGATAACGGTTCTTTTCATTATCCCATACCTCTCAGCTTGAATTTTCCAATCAAATACTTCCGACATTTTATCCCAAAGGACGCAAAAAAGACAGCGCTCCCGCAAGAAACAATCTTTCTCAAGCGCGCGCCAATCCTTCGCGGCGCTATTTCAAGTCCGCCGGGAGCGCGATCTTCTCGATCCGGTAATTTCTCCCGTCGACGCGCATCATCGCGAAGGAAAGTTCCAGGCCGAAACGCCGCCGTCCGCAGCTGCCGGGGTTCAACCACAGCACGCCGCCGCGCAGCGCCTCGCAATAGCGGTGCGAGTGTCCGAAGATCACCGCGTCCACATCGTCCAGGTCCGTCGGCACGTCGGCAAGACGGTGCGCCATGAAAAAATTCAGCCCTTCGATCCGAAAGCGCAGCGACAACGGCAGACGGCGCGCCAGCTCCCAGTCGTTGTTCCCCTGCACCGCGTACAGCGGCGCCAGTTCCCCCAGCCAGTCGAGCGTGTCCTCGTCGTCGAAATCGCCGGCGTGGACGATGCAGTCGCAGCGTTTCAGTCGCTCCAGTACCTGCGGGCGCAGCAGCCCGTGCGTATCGGAAATAATCGCGGCAAGCGCCGCCATGCTCTCACCTTCTCCGAAAAATCTCGTCATATTATAAAGCAAAGCGCCCGCCTTTTCGCGCCCGACCTCATCGCCGAAAGTCCGTCCTTCAGATCGAGGTAAAATTTCTATGTGCTTATCCTTGTCACGAAATTCATTTGCATTATAGCACTTCTTTAAAATTTAAATATATCACTAACACATGTTAGAAAGGAGTCCCCATGGAAATGCAGAGCTGAATTCTTGAAACGGCTCGTCGGCGCGGCCGAGCCCGTCGCAAACCCGGAAAAGGAACTGACGGAGATCGACTCGCGCTTCGGCGACGCCGATGATGAAGATCAACGATGGCGATCTCATCGTCTTTGTTCATGCCGAGACATGGATCCCCGGGAACATCGCCATTGTCCGGCCCGATAGAAAACTGGAGTGTTCAGGAGTAAAAACGGCTGTATTCTAGGTCACAGAACAAAGATCATGCCGATATCGAGGTCAGCGAAGACAATGATTTTTCGGGAGTCAGCCGCACCGTGAGGATCATCGCCGACCGCGATCCGAAACCGGTTTTACAACAAGAAAAAAGAAAGGGCGAGGCCGCATGAAAAAGATATTGATTTTCTTTTCTGTTCTCAGTGTCATCTTCTGGCTAGTGCTTTTGCACGAGAAAAAAACTTCGCAAGAAATCGAAGAAAAATGGACAAGGATCAATAAAAATCCGGTAGTAAAAGTGTTCAATAACATGATCAATAACGCGACTCTTGCAGATCGCGAAAAGGTTGTTAATGCCGATAAACTTCTTTTAACCTATGTCATTACAAAGCAGTTTAAACAAAATTTTAATAATATCTATGAAGTTGAGTTTTTGATAGCTTCTCTCAACGTATCACCTTGAATTTTACTATCAACAATAGTAATATCATTAATAGTAAAAAATGGAGGTGTCGCTATGTCATCAATAGATTTAGTTATACTCGGTATCGTATTGGAAAAACCGCAAAGCGCCTATGATATTCAAAAAGATGTGGAGTACCACCATTTTTCCCGTTGGACGAAAATAAGCGTGCCTTCCATTTATCGAAAGGTACTCCAGTTGAGCGAGAAAGGTTATCTGCAAAGCGATATCGTTAAAGGCGATAAGTTTGCGGATAAGGTAATCTATTCCATCACCGATAAGGGCAGAGCATATTTCAAGGAATTGATGGCTTCTTGCGCCGCGGGCTCGGTGCCCCTGTTATTCGATTTCAATGTAGTCATTACCAATCTGAACAAAATGGATAAAGCTGAAGCAATGGAGCTGCTTTCTACTTTGCGCCAGAGCATACAGTCCTCCACTGAATTAATTGAGGGATATGCTCAGGAATTTTCAGACATTCCTTTGCTGGGAAGAACGATTTTCGAGCAGCAGCGGCTCCTCTATCGCGCCCTTCTGGAATGGCTGGATCACTTTGAAGGGCGGTTTTTACAAGAATGAGCGTAGGCCCTCAAAGCAGCTTAACCATCCTGTTTGAAGCTCCATTTTGGATCGCCATATATGAAAGAACTGATAACGGCAAGTATGAGGTATGCAAAATCACTTTTGGATCAGAACCCAAAGATTATGAGGTCTATGAGTTTCTGCTGAAGTATCGGCACAAGCTGAAATTCAGCCCACCGCTCCAGGCCGAAGCAGCCATAGAACGGAAAATCAATCCCAAACGTATGCAGCGTGAAATTCATAGTCAACTGCAAGATAAGGGCATTGGCACAAAGGCGCAGCAGGCGTTAAAACTCCAGCATGAGCAATGCAAGCTGGAAAGGAAAACAAAGAGCCGAGAGCGGAAAGAAGCAGAGAAAGATCGCCAGTTTGCGACACGGCAGGAAAAGAAGAAAGCCAAACATAGAGGAAGATGACATGAGGATAGAATGGATTTTATGCCCCTTTTGCGGCAATAAAACGCGATTAAAAATCCGTGATGATACAGTCCTTGAAAATTTTCCGCTGTATTGTCCCAAATGTAAACACGAAACCTTGATCGCGGTACAACAACTGAATCTATCAATTATCCAAGAGCCGGACGCACAGACGCGGAGCCGATAACACAAAGGGAAACCTCGGATGTTATCGGCTCTGTTTTCTTGATATTCTCTATGATCTGCCAAGCGGCAGAAAAAAACGCCGCAAGGCAGACGGCTTTCTGCGCTCAAAAATAGTTTCTTCACGGCGGTTCAATTCGAGCCGCCGTTTTTCTTTGCTCCGACAACTTACACGGCGGCATAGAAGGAAGATGCCGCCATGTTGCGCCGGATTCTATCCCAGCCTGATCTGACGAGAGCTAGCTGCTCAAAAAGCCCATCCCCGTCGGCGGACAGTTTTGGCCATGAATATGAACTATACCATGTAAATAAACTTCATATTGCATACCATCGCGCCCGGCGGGGTTGCGACCCGCCGGGCGCTTTTTGTCGTTTCCTATGGCTGAGATGGCTGGCGGTTGCTTTTTCTGGATTTTTTTCAAATCAGCGACCTGACCATGGTCGACCAGCAGGTGCGCAGCGTCACCTACGCCTCGTTCGAGACGTTCATCTTCGTCGCCGTGATCTATCTGGTGCTGACCAGCGTTACCTCGGGCGCGCTGCGGCTGAACGTCATCGACACGCTGATCCTCCCGGCCCCGCTGGCCGTCAAAACGCTGGAACTCGTCGGCTGACGGCCGGACACTTCGACGCAAAATCGCCCTCAAAGCCTTTGCAATAAAGGTTTCGAGGGCGATTTTCAATCGATCTTGAATCAAGCCGAATCGTTATCATTTGGCGGCCCCGGCGCGACTCGAACGCGCGACCTACTGCTTAGGAGTTCGTCCGGAACGATGTTGTAGTGTGATGGGAAATGTCTGGGAATCCGCTCCAGTGCTGACTTTTTCGCAAGTGCGAAGTCCATCTGATACCGTCTTGTGATAACTAGGGCTTGTTTAAAAAACGTCAAAGTTGCCTAAATCGATCCAATCGCTTAAACTTTTCTCATGGAAGAGAGAAGATATGAACTGACCTCCAGCGAGTGGAATCGAATCAAGAGAATGCTGCCGCCCGAACACCCGAAATCAGGTCAACGTGGACGCCCGGCAAAATACGATAACCGCAGGATCATCAATGGGATTCTGTGGCTTGCCAGAAGTGGAGCGCCATGGAGAGATCTTCCGGAGCGTTACGGCAAATGGCAGGCAGTTTACGCACGTTTCAGGCTGTGGAAACAGCGGGGAATATTCGAGGCGATCTTTGCCGCCCTAAGCGCTGATGCCGACAT
CP133038.1_gap43	2012182	2016753	4571	GAGCTGTCTGGATGTCGGCGCTGATAGCAGTCAGATGCGATCCTGTCTTCAAAGCGTTCTACGAAAAGAAGCGCGGTGAGGGGAAAGCGCATGGGACTGCATTGGGGGCTGTGTCGAGAAAACTGCTTTATACGATTTACGCTGTTCTGAAAGCCAACAAACCTTACGAGGTACGCCGCCAGGGCATAGAATGATCCTGTTCCCGCGGGGTTCCCTGCTCGTGTCGCTTCCGTGTGAGCTCGTTCGCGTGCTTGTTTTGTCTGAGTTCTGTCCAATATGCCGTTTTCAGGGGCGCTTTGGCTTTTTCACGCGGGCAACCGGCTAGAAATACTTCGGGCATGAGCTCGAATTTCCTACTTGACTTTTAATAGCTGGTCTCCTTTCTGAATACTCACATCATCTTGACGACAACTTTTCGCTTCTATATGATTCAATATATATAACCCGTCTGCCAGTTGTATCATTGAGGCGTGAAAGGGTAAGTCCTTCGATTATCTTTTCATTCATCACATCCAAGGTTCACTTATCATATTCCTCGAATCAGACAATATTTTTTTATTATGTAAGGAAATTTGTTTCCTTGTTCAATATTCCATTTTTATATCACCGGTTACTGCAGCGATATGTAATCTTTTCTCGCAAAACGCAAAATCATCAAAATATTGTAGTTTTGCGTTCTGGTATCAGGCCATTTCCAATGCCTGTTCATTCAGCAAGAAGTCAAACAAATGCATCATCTGATATCCATCCTCAAGATTCGACAGCGGATTACGGTCCATAGTTATCAGGATCTTCTTGTATCCATCGTCCAGCAGATGAAACGCTGAGACTTCTCTTTCTTTTACCGCTTCATCCTGTATGGTGTAAGAAACCTGCACGTAATATCTCTTGCCACTGAGTTCTTTTGCGATAAAATCTATTTCTTTTTCCCGGTTCTTCCCGATATCAACAATATAACCCCGTCGAAGCAGTTCAAGGTATACCAGATTTTCAATAATATGCGTGATTTCAATCTGCCTGTAATGAATAGCAGCGTTCCGGAGCCCCATGTCAGCAGCATAGTATTTATTCTGAGTCTTTAGGTATTCCTTCCCTTTGATGTCATAACGATCAGATTTATAAAAGAAAAAGGCATCGCAAATATGGCTTAAATATCTGCTGATTGTTTCGTTATCTACTGATTTGAATCCGTTGCTCTTCAGAGTATTAGCAATCTTATTCGTGGAGACATACGCACCGATAGAAGAACAGAGCAGTTCAATTAAAGCAATAAACAGTGCTTCGTTGCGGATATCATAGCGTTCTATCATATCCCTCGTGACCACCGTATTTACCATCATATCCAGATAAGTTCTTTTCTCCTGGTCCTCAGTTTCTCTCACAGCATATGGCAATCCACCAAACTGGATATATTCATCAAAGGCATCCATTTTATCGATCTGTCTGAATGCAAGAAATTCTGCAAACGAAAGTGGGAAAACTTTGATTTCAATGCCCCGGCCACGAAAGATCGTGTTGATATCATGGGACAGCAGTTTGGAATTGGAGCCGATAATATATACATCTGTATTGAATTCCGCCTTGATCGAATTGACTACTTCCTCAAACCCGTCTACAAGCTGAATCTCATCCAAAAATACATAGTACAGCTCCTCATCACAGATGGCCTCGGCTATGTAATGATAAAGCGTATCCCCGTCCCGAAGTGCTTCCCATTTCTTCAGATCAAGCGACACTTTGATGATATGATCCGAAGGAACACCGTCGGACAGAAGATAATCATAGTAAAGTTCATTCAAAAGAACCGACTTCCCACATCTACGGATGCCGGTAATTACCTTTACAATGTCCTTTTTTCGATATCGGACAAGCTTTTCCAAAAGTTGATCTCTCTTGATATACATCTTCCAATCACCTCTCTGCCTGTAATATAAACGCAAAACTTCAAAAAATCAAGAGTTTTGCGTTTTGTGCGTGTATCAAAATATAGAGGACAGAACACTCACAAATTTCTCTGTGAGCTTTCTGCCCTCTGTCGATCAGCATACTGGATCTTTCCCACATACTCTGGCGTATGCACTTCTATAGATTTGCAGCCAAGATCCTCAGAAGTGCTGCTATTTCCGGCTTTCAGAGCCATATCCTCCACCTTCTGATAGGGGATATTTCCCAGCCTGTCTTCATTCCCTTTCTGAGGGATAACCTCCATCATTAGTTTCAGCTTCATGGCTTCATAATCGGACAGCTCTCCAACATTAAACTGGGGAGTGCGATCCACGACCTTCATAAGCTACACTTCCACCTCTCCCAAAATGTCCTTATACGGACGGCCTGCTTCATAGGCCTGAAAAGCACCGGTCATGTTGAGGTTGGCCTCAACCGGGGAATCGCCGCTGCGGAAAGAAAGTCCTCGGTAGGATTCACCCTGAAGCTTCTCCACATCCCGGATCCCGATCCTTACGTCAGCAAGTTCCGGCTGGAGATCTTTGTCAAACCGTGCCGTCAGATCTTCTTTCATTTGTTCCAAAAACTGCTCATAATTCATCTGATGTCCTCCTTTTCGTGAAATAATAAAAGGCCGGTCAGATTTTCTCCGAAGAAGATCCAACTGGCCTATGTAAGGTAAAACAGATGAATAAAAAATATTGCCTGCCACAGCATTGTACTCGTGCAACCGAAGTATTTTGTTAGCAAGTTTTTTTAGGGATTTTTTGCTCTTGTTAGCAAAACGATGATTTTGTTAGCAAAATGGGCGATTTTTGCTAACATATTAGCTGGCTAACAGAAATCGATGGGTTTTATGTTAAAGATGAGAAAAGCGGAAAACCAAGAAATCTTGATTTTCCGCGGAATTTCTGGCGTCCCCGAGAGGATTTGAACCTCCGACCTCACGCTTAGGAGGCGCGCGCTCTATCCAACTGAGCTACGAGGACTTGTATAAAATTGACGTTTCAGCTCTTATTTTATCGGTTTTTTCGAACTCACAGCCGATATGAGTTTTTCGATAGGCAGATGGTCCGCAATCACCTTAGGAGGCAGTCGCTCTATCCATCTGGGCTACGGGGTCGTTCTCAAAAGCGGGTTCATCATAACACAAGCGCTTCAAAGCCGCAAGGAACGAACGCGGGCTTCCTTACTTCCCGACGGTCCACGGCGCGTCGGGATCCGCCACGATCACGGTTTTATTCAGCGCGCGCGTTTCGTTGCAGCGAAAGCAGTCGTACAGATGATCGTTGATCATGCCGCAGGCTTCGAGAAAGGAGAACATGCTCACCGTGCCGACGAATTTGAAGCCGCGCCGGCGCAGGTCGCCGCTGAACGCGTCGGAGAGGGCGCTGCGCGTCAGGCGCTGTTTCTGATAGGCGGGATAGATCACGGTGCGCCCGCCCGTGAAGCTCCAGACGTACGCGGCGAAGCTGCCGAATTCCCGGCGCACGTCGAGAAAGCGCCGGGCGTTGTTCACAACGGCGCGCACTTTGCGTTCGGCGTGGATCATCTCGGGATCGGCCATGATGCGGGCGACCGTTTCGTCGTCGTATCCGGCCACCTGAGCGTAATCGAACCGGCTGAAATTGCGCGCGAAGCACCGGCGCTTGCGCAGCATCAGCAGCCAGCTCAGCCCGCAGCTCATGGATTCCATCAGCAGATGTTCGAAAAGGACTTTGTCGTCATGCTGCGGCACGCCCCATTCCCCGTCGTGATATTTTCTCAGCAGCGGGTCGGCACCGCTCCACGGGCAGCGCTTTTCAGACGTCATAGGCTCCTCCGCTCACTGCGCAATGGTTCGTTCCCCGCAAGGGCTGCGGAATTCGCACGGCACCGCCGTCTGACACTTGCCGCAGCCATAGCGCGGCGCGTATTTTCGCTTCTGCGTTGCCAGATAAGCGGCGCACAACGGATGCTTCTTTCCCTGTCTCAGCGAAATCGCGTGCGCCGGGCAGCGACGCACGCACGCCCCGCACTGGATGCAGCGCTCGTAAACAGCGTCGTATTCTCGCGACGTCGGTTCAATCTGCGCTTCCACCACCACGCTGCCCAAGCGGCCGGCCATGCCCTTTTCCGTGATCAGCCCCTTGCTGAGCCCAAACGTTCCCAAGCCGGCGGCAAAAGCGACATGACGCTCGGACCAGTTGCTCGCGTAGGTATCCGCACTGACGCCGGGGAATCCAGCCAGCGTCCCCTGTCCGCCGCGCGCCACTCGAAAGCGACTATCCCGCGACGGCGCCACAGCGCGGACGCCTTGAGCCTGCAGCCACGCGCAGAGCTCGTCCAACAGAGAGGAGAGGAACTCCTGCCCCTCGATACGGCCGTAAAGCCACTCCAATGAGGTCCGCTCGGGCGCGATGCGGTTGCTCGCTCTCACGCGCTCGGAGAACGGAAAAAAGAAGGACAGCACGCTGCGCGCCTCCGGCAGCCAGTCCCGCGGCGAAAGATGCCATGGCCCCACCACTTCCGCACTCTTGAACTTCTCAAAAAGAGGATCATCCGCCGCGGCGATGCCGATCAGCGGCCTGTCAAAAAAAACCGTTCCCGCCAGTTCAGGGTGTCCGTCCGCCATTGCCGCGGTAAGC
CP133038.1_gap44	2050754	2054719	3965	CCCGGTCCAGCGCTTCGCAGGCCTGGCGGCGGGCTTCGTTGATCTCGCTGATAGGGACCATCAGATCCCCTTCCACAGCCAGTTCCAGTTTGTCCAGCGCGTATTCCGTCGCGCCGAGGCGTTCGAGCTGGCGGCGCAGCGACGCTTCGTCCAGAGGGCGCGTGCGGGCCGCTTCGGCGAGGAAGCGAGTACGTCCCTTTCCCGTATGCCCTTCGCCGTCGCTGAGTCCGACTTCCAGCGGACGCCCGACGGCCGCCGAAACTCTGGCGTTCACGGGCACGCGCCGTTTGTTCTTTTCGCCGTAGAACGTGGCGGCGTACTCCATCAGTTTTGTGTCCAGCGTGCGGAACACGGGCGCGTTCCGGCGCACGCCGGGCGGAACGTCGATCTCGGCCAGAGCGCCGGCCGGCGCCGATTCGACTTTGCGCCCGCCGACGGTCAGAGAAGCCGCGGTCGTGCCGGCGCCGCTTCCGCCTGTGCCCGCGAACTCGAGCCCGTCGCCGCGGCGCAGTTCCTTCTCCAGCCTGATCGCGGCGCGGCCGCGCCGCAGCGATTCGACGCGGCCGACGATCACGCCGCGGTTGTCGGGGCGGGAATCGCTGATCATCTTCCGTCCCGGTCGTCCCGTCAGGTACGCCGTCGTAAAGCCGCGGTTGAAGATCTGTTCGACGGCGGCGCGGTCGCGTTCCGGCACGCGGCAGTTCCCGGCCAGACAGCCGTCGATGGCGCGGCGGTACGCATCGACGACCACGGCCACGTACTCGGGGCGCTTCATGCGCCCCTCGATCTTGAAGGAACAGACGCCGGCCTCGATCATCTGCGGCAGTACGTCGAGCGCGTTCAGGTCGCAGGGGCTGAGCAGATACGCGCCGGCGGAACCGCGCAGGAGATTTTCGCCGCTGCCGCCTGTCAGCGTATACGGCATGCGGCAGGGCTGAGCGCAGCGGCCGCGGTTGCCGCTGCGTCCGCCGATCAGACTGCTCATCAGGCACTGGCCGGAATAGCAGACGCACAGCGCGCCGTGGATGAAGGCTTCGATCTCGAGGCCTTCAGCCGCGGCGGCCCGGAGGTCGGCGAGCGAAAGCTCGCGGGCCGGCACGGCGCGGACCATGCCGCAGGCCGCGGCGAAGCGCACTCCGGCCGAACTGGTGATCGTCATCTGGGTGCTGGCGTGCAGCGGCAGTTCCGGAACGATTTTGCGGGCCAGGCGCAGCACGCCGAGGTCCTGCACGATGACGGCGTCCACGCCGGCGTTGTTCAGAAAAGCCAGGTAATCCGCCAGCTCGCGCATCTCCCGATCCTCCGCGAGCGTGTTCACCGTCACGAACAGGCGCACGCCGTGCATGTGCGCAAAGTATACGGCGCGGCTCAGCTCGTCGCGGTCGAAATTGTCGGCGTAAGCGCGCGCGCCGAAGGCCTTGCCGCCCAGATAGACGGCGTCGGCCCCGGCGTTCACCGCCGCTTCGAGGGCCTGCCACGTTCCGGCGGGGGCCAGCAGTTCAAGGGATTTTTTCATGATGTCCTCGCAGAGTTCTCTTCACGACGTTCTTCGCGGACGGCCGACGTTTTCCGCCCGCGCTTCGGCAGACGGCGGCGCCGTCCCGACGGGATGACGCCGCTGTCTCTGTAATTGTACTCCGTTTCAATGGAAAGTAAATTCGCGCCGGCGGCGCGCGGAAATCTTTTTCGTCCGCGCCGGACGTTTCATGATAAACTGAGTCTGATCACGAAACAGGAAGGAGCCTCGGAGAATGGAACCGGTCGAGTTTCGGGAAATCGCCATGATCCTCGCCGTCGGCGAGGAATTGAGCTTCACGCGCGCCGCGGAGAAAAACTATATCTCCCAGCCGGCGCTCAGCAAGATCGTGCGCAAGGTGGAAAAAAATCTCGGCGCCGCCATCTTCGACCGCGGCTCTTCGCCGCTCCGCATCACCCCCGAAGGGCAGCGCTTCATCGAGTACTTCCGCCGCCTCGAACAGGTGCGGAGCGAGCTCGAGAAATACTGCGAAAGCCTGCGCCGCCAAAAGAAGGCCGATCTCGTCATCGGCGCGCCGTCGTTCTTCTGCACCTACGTGCTGCCGCCGCTCGTGGCGTCGTTTCAGATGGAACATCCCGGCTTCTCCGCCAAGCTCATCGAGACCAACGACGCCGAATTGCGCGAGCTGCTTCGCGCCGGCGTGCTCGACCTCGGCCTGACGGTCGAAGAAAACATGCCGGCCGATCTGAAATCCTTCGTCCTGAAAAGCGAGTCGATCGTCCTTGCGGTGCCGCGCGCCACTCCGATCAACGCCCGGCTGCGGGATCTCGCCCTCGGCGAGAGCGACCTCCGCGGCGGCCTGGTCAACGAGGACGCTCCCTGCGTGCCGATCGGGGCCTTCGCCGGCGAGCGCTTTCTGTTCCTCAAGCCGGGCAACGATATCCGCGCCCGCGGGCTGAAAATCTGTCACGATGCCGGCTTCGAGCCGCAGATCGTGATGGAGCTGGACCAGCTGCTCACGGCGTACCGTCTGGCCGAAGCGGGGCTTGGCGTGGCGTTCATCCGCGCCTCCATCCCCTGCTACGCCGGTTTTTCGCCGGATCTCTGCCTGTACCGCCTCGACCATCCCGACACGCAGCGGCAGATCCGGGTGATCTTCAACGACGGGGCCCTCGCCAGCGAACGGCGGAAGAGCTTTGTCGCCTATCTCAAGAGCTGCCCGGAAGTCCGGTAAACATCAGGCTATTCCATTCCGAACACACTCCCATGCGCGACTGGCTATTGGATTTTTTCCGCCGCGCTGGTTTAGAATGAACTCAAATTGATCCACCATCCTGTCCCATTATGATGAAAGGCGGCATCCCTCATGAATATCGTTGAAAAGTTTGCCATGCTCGGCATCGATAACGCGCCCGGCCAGGAAAGCCTGCAGAAGTCCGAACGGCTCGACCTGCGCGGCGAAAAGCTGGCAGGCCCGCGCGTCGATTTCTCTCACGGCGACGTCGACGCCCACCTGCCTACGCCCGGCAGCTTCGAGGTGTTCTCCCACGGTTTCTTCGAGGGCGGCGCTCAGGCTTACACGCCGTACCGCGGCCGCAAGACCGTGCTCGAACACGTGGCGGAAAAGCTTTCGGCCTTCAACGGCGCGAAGATCGACCCGGCGCAGAATCTGATCCTCACGCCCGGCACGCAGGGCGCCCTGTTCCTCGCCATGGGCGCAAACGTGATGCCCGGCGACAAAGTCGCCATCGTCGAGCCCGACTACTTCGCCAACCGCAAGATGGTCGAGTTCTTCGGCGGCGAGCTGGTCCCCGTGCGGATGGATTATGCGGACGTCTCCGGCAAGGCCGGCCTCGACCTCGCCGCGCTGGAAAAAGCGTTTCGGGACGGCGCGAAGCTGTTCCTTTTCTCCAACCCCAACAATCCCGTGGGCTGCGTCTATTCCTGCGAGGAAATCCGCGCCATCGCCGCGCTGGCGAAAAAATACGGCGCCGCGCTGATCGTCGACGAGCTTTACAGCCGCCAGGTCTACCCGGGCGTAAAGTACACCCACCTGGCCGCTCAAAAGGAAGTCCCCGGCAACCTGATCACCATCATCGGCCCCTCCAAGACCGAGTCGCTCAGCGGCTTCCGCCTCGGCGCCGCGTTCGGCAGCGCCGACGTGATCGAACGCATGGAAAAGCTTCAGGCCATCATGGCCCTGCGCTGCCCCGGCTACAACCAGGCCGTATTCTTCACGTGGTTCGACGAGCCGGCCGGCTGGATGGACGCCCGCGTCGCCGAACACCGGCGCATCCGCGACGACATCATGAAGGTTCTTGCCGCGGCGAAAGGCGTTTCCGCCCGGGCCACCGACGGCGGCAGCTATCTCTTCGTGACCATCCCCGAGCTCGACGTCAGCCTGCACGCTTTCATCCGCATCGTGCGCGAGCTGGCAGACGTGATCGTCACCCCCGGCACCGAGTTCGGCCCCCAGTTCCTGCACCAG
CP133038.1_gap45	2081026	2083852	2826	GATTAAGAGTCAGATGCTCTGCCAGTTGAGCTAACGATCCATATGAATTGGGGTGGGTAAAGAGATTCGAACTCTCGACCTGAGGATCCACAATCCTCCGCTCTAACCAACTGAGCTACACCCACCATATTGCCTTGCGAACTGCGCGGATGAAAATGGCGCGCCGGACAGGATTCGAACCCGTGGCCCACGGCTTAGAAGGCCGTTGCTCTATCCAACTGAGCTACCGGCGCACGGTAATGGAGCGGAAAACGGGACTCGAACCCGCAACCCCCAGCTTGGAAGGCTAGTGCTCTACCAATTGAGCTATTTCCGCACAAACCTCATCCACTGGTCGGGGTGAAAGGATTCGAACCTTCGACCCCCTGCTCCCAAAGCAGGTGCGCTAACCAGACTGCGCTACACCCCGAATTGAGAGAATATGGTGGAGCTGAAGGGATTCGAACCCTCGACCTATTCGTTGCGAACGAATCGCGCTCCCAACTGCGCCACAGCCCCTCAGAACCAACAGGTTGCATTCTAGACTCAAAGGCTGTTCTTGTCAAGGGGGGATTTTTGAGATACTCTACCTGCGGCAGCGAGATTTTATTATTCAAGGAGAACTGAATCATGAACTACGGACCGGAACTTATCAGCGCGCTGGCGCCGGAGCTTCGGCGTTGCGTCGGTTGCCAGCTGCAGCGCATCGAAGCGGGAAGCGACTGGTGCGCTTTGACCTTCAAAAACGCCGGCTCGATTTTTTTCACGTGGAATCCGGAAACTTTCGGCATCTGCCGGATCGGCTCCGACGAGCTGCGCGACCTACGCAGCCAGAGCGTGAAGACGCCGTTCGCGATGGGGCTGCAGCGGCATCTCGGCGGCGGCTCGATGACGGACGTGAAATGCGTCCCCGGCGACCGCGTGCTGACGATGGAATTCCAGCGCTTCGTCGGCGGCGGCGTCAGCAGGGAACTGACGCTGATCCTGGAACTCACGGGCCGCATGAGCAACGCGCTCTTCACCGACGAGAACGGCGTCATCCTCGAAGCGGCCAAACACGTGTACCCGGAAGTGAACCGCTATCGTTCCATCGTCCCCGGCGCGCCCTACGCGCCGCCGCCGCCCATTCCGGGAGAGCTGCCCCGTCCCGGCATGAGCGACGCCGAACTGACGGCGTTCCTGAAAGCGCCGCGCGGCATCGGCCGGCCGCTGGCGAACGAACTGACGCGGCTTTGGCAAAACGGCTGCAAAGACATGGTCCGCGCGGCGCTGTTCGGCGAGCCGAAAATCTTTCAGCGCTTCGGCAAATATCTGACCGCCCTCGGCGCGGCGCTGCCGGGCGCCGAAGTTTACGACGGCGCTGGATTGGATTTCTGCCGCGCCTACATCGCCGGCGAGATCGAGCGCCGCGCGCTGAAAACCCTCGCCGCCAAAGCGCTGAAGATCCTCGAGCGCCAGCGCGGCCGGCGCGCCAAGCACGTCGGCGATCTGCTCAGCCAGATCCAAAAGGCCGAAAACTGCGACGTCTATCGGGCCGCCGGCGAAGTGCTCCTGCAAAATCTCGGCAAGGTCAGAGAACATCAGGACTTTGTCACGCTGAAATACTGGGACGCCGACGGAGAAAAAACCGTCGAGGTCAAGCTGAATCCCGCGCTCGACCTTCAGGGCAACGCAAAACTCTATTTCAAGAGATACCAGAAATTCCGCACCGACGTGGCCGTCGTCAGAGAGCGCGTCGCCGCGTTGCAAACGGAATTGAACGATCTCGCCGCGCTGGAAGCTAATTTGAAGCGCGTCGCCAGCGCGGAAAAACTGACGGAACTGTGCGAACAGATAGCCCAGCAATACGACGACGGCCGCAAAAAAGAAAAGGACGCCCGCGCCCGCAAAGCGAAAAAAACGTTGCCGCCCCATCTGCGCTTCGCTTTGGGCGACAGCCTGATCCTGGTGGGCATGAACGAGCGCGGCAACCGGTATGTCACGTTTCAGGAAGCAGCGCCCGACGACCTGTGGTTCCACGTGCACGAGTTCCCCGGCTCGCATGTGATCCTCAAGAATCCCCCCGCCGACGCGGCGGAGCGGGAACGCGCCGTGCGCGCCGCCGCGTCGTTGGCGCTGCGTTACAGCGAATGCGGCGACCGCAGTTCGGTCGTCGATTACGCCGAAAAGAAGCAGGTCCGCCACATCCAGGGCGGCGGCCCCGCCAACGTCACCTACAAGCGCCCCAGCACCGTCCTCGTCGGTCCCAACGACTGGAAAGAAATCATCGAACGCCGCTGACCGCGTTCAAACAAAAGACGTGCACAAAACGCAAAAGCTCGAAAAAAACGACACGGAAAAAGGCACGGCGATCTTCGGATCGCCGTGCCTTTTTCGCTCTTTTCGAATACGGCCCTATTCCCGCCGCAAACACCCTTACAGGCTCTTCGAGACAAAACTGTCGAAACCGTTGCCAAGGTGGCTGACGTCGCCCAGCAGTCCCACTTGGGGCGTTCCGTTCAAAAATTCGACGTAAGAGACGCTGCAGTTGGGGATCTTCAGCCGCCAGTAATGAGACAGCGGCACGCCGAGAAAATAACAGATCAGCGTCTTGAGCACGGCGTCGTGCGTGGCCAGCAGCGTGTCGCCGCGACAGTTCAGCGCCGTGCGCTTTAGCGCGGCGACGGCGCGATGCTGCACGTCTTCCAGCGATTCGCCGCCGGGGCCGGGCATCTTCACGCCGTCGGGGCTCGTGCGCCACCGCTCCAGCAGCGCCCCGTACCGGACCGACACCTCTTCGAACGTCAGCCCCTCCCACGCGCCGTGATTGATCTCCATAAATCCCGGGTCGCTCACGAGCTGCCCGCA
CP133038.1_gap46	2092735	2097710	4975	GTATCCTCCGGCGGCAAGCGCGATCAGGACAACGATCAGCTCCTGTGCGCCCATGGTCTGAAAACCTCCTCTCTCTGCCGCAGAGTGCCTCAACGAACTACATCTTGGCAGCCTGAACCCAAATCACCGCATCCTGCGAGAGCTCCTTGCCCTTGAATTCCGTATCGGGGCCGACGCCCAGAGCGGCAAATCCCCACCATCCCTCCTTGGGCATGGCGAAAGCGAACGTGCCGTTGGCGTCGGCCTTGATCGTCAGAGTCACAAAGGCGTCGTGGGGAGCGGAGACCGCGCCCTTCCTTTCGAAGGCGTTCTTCTTCAGGTCGGGGCGATGGTTCATGTACTCCACCTCGACCTCGGCGAAGGGGACCGGCTTCCCTTCGCTCTTCACGACGCCGCGGAACATCCCGCCGGCCCAGATCGCATAGGGCTTGTCCAAGGGCACGATCTCCGCCTTGAGCCCCATGTCGGCATCCCACTCCGTGGGGAGACTGCCGTTGTTTACGATCATTTTGGTGATTTGTTGGATATAGATGTCCTCGCTCTTTTCGAAATAAGGAGCCGGGGCCAGACAGAAGACGTAATCGCCCATACCTCTCAGCTTGAAAGAAGTCTCAAAACCCCTGCCCTTGTTCTCCAGGCTCGTCCAGGTGATGGGCTTCAGCGTCTTGAGCAGATCCGTCTTCTTTTGCTTGTTCACGACAAAGAACTCCTGCGGGGTCTCCATGTCCATCGTGTGTCCGGCCTCAAAAGGATGGGTGAACACAAGCTTCAGGGGAATCTCTCCGCCTTTGTCCAGAATCATCTCGGGGTATAGAGCATCTGGAAGTGCGCCGAAGCGGGGAGAACCGCGGCAAACAGCGCGCATATCGACAACAGGGCCGCTTTTTTCACGTACGATACGCTCCTTTTCTTTTTTGAAATCAGTATCCTGGCCTGATTCACTCAGGCCGCCTTACTTGATGTCGCCGCTTTTGACGGTGAGCGTGTGCCCGGGGCCGCCGTCGAAGGTGACGGAAAAGGCTCCCTGCGGCTTGTCGAACGTCAGCTCGCCGCTCTCGTCCAGCTTGCCCTCGAACACAACGGCGTCCTTCTCGTCGGTGACGCGGATGGGGATGTTCGCGGCCGAGGAACCGTCGGAGAAGCCGCCCTCGCACGAGAGCGTGCCGTCGCCGTTGTCCCAGCAGGAGAAAAGCGGGGTATGGGCCAGAGCGGCGCCTGCGAGCGCCGCGATGAAGACGGCCGTTATCACGCCAGTCCATAACTTTCTGTTCATCCTCAAAACCTCCGTTTGAATTTTGTATGTCAGTCCAGCGGCGGGGAATGCCGCAGTCTGCCGCAGTATATGCGCGCCTTTTCGGGACAGGTTAATAGGTCCTCTTGGTCTTGATCAGCCCCAGCAGGATCGTCAGGGTCAGCGGGATCAGGTAGAAGATCCACATCGCCTGAAATCCGGTCAGGCCAAGGGCGGAGCCGCCGGAAAAAACGAGCACGGCGGCGAGCAGCCCGAGAATGAGCGGCACGAAAAAGGCGAAGAACATCCATTTGGTGGAGCCGGTCTGCACGCGGATGGCCATGATCGTGGGCAGACAGGGCGGACAGAGCACCATGAAGAGCATCAGAGCCATCGCGTGCAGCGGCGTGAGGTCTTCCTCCTGCCGTTTCATACGCTGTTCCAGCGTGTCGGCGTTCTTCGCTTCGCCGTCATCCGCTTCCTTGATGTAAAGGGCGCCCAGCGTGGAGACGCTGTTCTCCTTGGCCGCCAGGGTGCTGAGCACGGCGACGTTGACGCGCCAGTTGAAGCCGGCGTAACGTGAAATAGGTTCCAGCGCGCGGCCGGCCTTGCCGAGCAGGCTGTTGTCGATGCGTTCCTTGCGGATGGCCGTCAGCGCGTTCGTTCGGAAAACGATCAGCTTTTTGAGCTCCTTTTCGAGCGCCTTCGCTTCAGGATCCTTCCTGTTCTGGATGATCTCGAAAAAGTCGGGATTCGTGAGTCCGTAGGCCCTTTTCTTCTCGGCGGAGGCCCCGGACTTGAGTAATTCCCGGTAACCCTGCTGGTAGAGGATCAGGTTGAGGACATCGTCTTCGTTCGTGAGATTTCGTCCGAATTTTTTGTTCTTCGCCGCGTCGAGAAAAACTTGGACGGCCCGGTCTTTCTCCGCCTCGTACTGGGCTTCGCGTTCCGGGGACAGGCCGGGGAAGCGCAGCAGGACGAAGAGGACCACGGCGACGGCGGCGACGACGGTGGTGATCTTGCGGACGTACAGCCAGATCCGCTCGACCGCCCGCCCTAAAACGCCGCGAAGCGTGGGGATGTGATAGGGCGGCATCTCCATGATGAACGGCGCCGTTTCCTTGTGCTTCAGCACCGTCATCGAAAGGATCTTGGCGATGGGCAGCACGAAGAGCAGGCTGATCGTCTGAATGAAGACGATGACGATGGCCTGCTGGTTGACGTTCCCCAGCAGGGGCAGGCGCACCGTCTCGTTGAAGTAGATGCCGATGAGCAGGAAGTACAAGGGCAGCTTGGCCTGACAGTTGAGCATGGGGAGCGTCAGGATCGTCGCCAGCTTCGACTTTTCGTCGGGGATTCCCTTGGTGGCCATGACCGCCGGAACGGCGCAGCCGCCCAGGACCACGCCGCCGAGGATCATCGGCAGCGTTGACTGCCCGTGCAGCCCGAAGCGGCTGAGGATGCGGTCCAGGACGAACGCGATGCGCGGCATGTAGCCGCTGTCCTCCAGCACGGCGATGAGCGCGAAGAGGATGAAGAAGATCGGGATGTAGTTGAAGAGCGCGTTCAGGTTATCCACGATCCAGAGCACGAATTCCCGCACGATGGGAACGTCTATGAGCCCGGGCTGGGGAAGGATACGTTCCGCAAAGCTACGGACGCCGGCGAGGACGGGCCATGTGTAGTGGGTGAGATTGTAGCCCTGGATAAAAGAAAGGTAATAGAATCCGTAAATGACGAAAAGCAGAAAGACGGGGCCGAAGAACTTGTTGCAGACGGCCCGGTCGATGCGCTCGGAGAGCGGCGCTTTCGCGGCCTCCTTTTTGGCCGCGAGGCGTTTGGCGATGGCCGCCGCCCGGCGGCTGCGCTGGCCTGAAACGTAGATGTCGGCGCTCACGCCCTTTTCCCGCTCGAACCGCGCGCGCCATTCTTCCGCCCGCGCAAGGACGGACGCGCTCCCTTTCGCTTTGCCGCGCAGCAGCGCGGCGACGGCGGGATCCCCTTCCATCAGTTTGACGGCGAGCCACGAAATGGGGAAGGCGCCCTTCAGACTCTCTTCGCGGTTCAACAGGGCCTCCAGGTCGTCCAGGGCGTCTTTCAGGTCGGGATAGAGCTCGCAAACGGCGAGGCTGGCGCGGACGCCGGACTGCGACATGTCGGCGACGGCCTGCAGCAGATCTTCGCGGCCGCGCCCCTGGGTGATGGCCGTCGTCACGACCGGCGCGCCGAGTTCCCGCGAAAGTCCCGGAACGTCAATGGAGACGCCCAGCTTTTCGGCCACGTCCATCATGTTCAGGTCGAGAATGAGGGGGATCTCCATCTCCAGAAGCTGGAGCGTCAGGTACAGGCTGCGCTTCAGGTTGGCGGCGTCCATGACGTTCACGACGGCGGAAAGCGGCTCGTGGAGGAGCACGTCGCGCGTGACGCGCTCTTCGGGGGAATAGGAGGTCAGGCTGTACGTGCCGGGAAGGTCGATGACTTCCACGTCTTCGCCGTTTCGTTTATACCAGCCCATCATCTTGTCGACGGTGACGCCGGGATAATTGGCCACGAACTGTTTCGCTCCCGTCAGGCTGTTGAAGACGGTCGATTTGCCGCAGTTCGGCTGTCCCGCGAGGGCGATGATCTTCTTTGCCATCAGAGTTTTTTCACTTTCACGAAACGCGCTTCTTCGCGGCGCAGATTGACCAGCGCGCCTTCGGCGTCCACCTCGATCGGGTCGCCGAGGGGCGCGCGGCGGACGACCTTCGCGGCGACGCCGGGATACAGCCCCATGTCCACCAGCCTCTGGGCGAGGATCCCTCTGCCCTCGATCTTCACGATTCGCCCCGATTCTCCCGGAGCCAGTTCCGCCAACGTCGTTTCGTTCATCGTCTGCACCTCTCTCGAAACAGTAAAAGCGTGCGTTCGGAATTTCCGCCGCGCACGCGGTCCATCTTCCCGCCGGCCCCGCGAAAAATTACGAGTCGTTCACGGTCACCATCAGGTGCGCGGCGACGTTTTGGTCCAGCGCCAGGCTGCTCGCGCCTCCCGCCGGCCGGACGATGACGTCGCCGTCCCGTTCCTGCAGAAGGGTGAGGATGCTGCCTTCGCTCAATCCCAGGCTTTCGAGGCGCTTGGACATTCTTGCGTCGCCGCCGGGATTGACGATTTTCAGATCGACGTTCAGCGGCGCCAAAGAGAGAGGGAACATAGGAAACCTCCTGAGACTGCGCGGCATTCGTTTTTCGGAGAGACCTTCCCGTCTCGGATCCTGCACTGGGTCTCCGCATGCGCACATTCGTATTCTTACTGAATTCTTAATGGAACTTATCGACGGCGGATCTCTTGTTCTTTGTCTTTTTCCTGCTTTCTCACGATGCAATGCTTCAGAGCCGATGCATTTTTCTGTTCAAAACAGGCACATCATCGTCACAGAAGCGCGATCCCGTTCCGTGCAGCGAGCCCACGCTCGATGAGTCTTTTTCGTTCCGCGGCAGTCGCTCGCTTGACCGTATCGATGGCAATCAACTGAATTCGGAACAAAGCATCCACTGCTTTCCGGAATCATCAGGAATCCGACATGAGTTAGTTATACACAACTTACCGAGATTCTAACAACTGATTTCTTTCCTGTCAATAAGAACGGGATTTCTTGCGTCGTGTTCAATGACAAATCCGCCGCCCCGCCTTCCAAAAATCTTGTACTCCTTCTTGATTGAAACGCTGGGCAGGGAGAGCGCCTCGAGGGAGATCCGCACCACG
CP133038.1_gap47	2230377	2232215	1838	GAAAACGCCCGACGAGGAGTACATCAAGCGCCTGCGCTTCTCGTATTTCAGCGCGGCGCTGCGGCAGAAACCCTGCGCCGACGTGACGCGCCGCGAGCTGGTCATGGATCTGAAGCGGATCCAGAAAGAGCATTCGTACAAGACCGCCCAGCGCACCGCGACCATCGTCACCGGCCTGTTCGACTACGCGCTCGACGAAGGCGTGCTCGGCAAAAGCCCGGCCGGCAATCTGTCGCGCGCGCTGATCCCCGACTCGCCCGAGGACACGGAGCAGCAGCACTTCGCGGCGGTCACCGATCCTGCCGGCGTCGGGCGCCTGATGCGCGCCATCGACACCGTTTCCACGCCGACGACGCGTCTGGCGCTGCTGTTTGTGATGTACACGTTCGTGCGCCAGAAGGAGATGCGCCAAGCAACGTGGGCGGAAATCGACTTTGAAAAACGTCTCTGGATCATTCCCGCGTCTCACACCAAGCGCCGGCGAGAACAGCGAGATCATGTGGTGCCGCTGTCGCGCCAGGCCATGGCGATTTTGGAAACGCAAAAAATGCGCTCATTCACCAGCAAAGAGGCGCTGATCTTTCCGTCCGATATCAAGGGGGCCCAGCTGCCGAAGACGCTGCTGCTCAACGCCGTGAAAACTCTGCACGCGACGCTGCCGGAAGACCAGCGTCCGCCGGAGACGACGGTGCACGGCTTCCGCGCGACGGCCAGCACGCTGCTGAACGGCATGGGATTCCCCCGCGACGTGATCGAACGCCAGCTGTCGCACAAGGAGCGCGACAAGGTGCGTAATGCGTACAACCGCTTCGAATACATCGAGGAACGCACGGCGATGATGCAGGTCTACGCCGACTATCTGGATGCTTTGCGTGACGGCACCCCGACATATGAGTGAAAAACAAAAAAGAGCGGGCACCGTCAATGACAGACGATGCCCGCTCTTTATTTTGCTATGGCCATACTCGCAGCTCCGACCAGCAACCCCAGCAGGAGCCCCTGTGCCCGTCCACGCCTGATGCGTCTATTATACTCCGCCCGCTCCGCCGCCAGCTCGCGCCGGAGGTCCACGACGAGCCGCCGCGTATCCTCCGCCTGCGCGGCGATCTCCGCCCGCAGATCGTCCAGTCCCTGCCGCAGGACGCGGGCGCTCTCGCGATCCGCCGTCCAGCCGGCGATGGTGTCGCGCATGGCGGCCTCGGAGAGCAGATACCCGTCGGAGACGCGCTGAACATCAGCGGCCTGCGCGATACTCTGCCAGCAGAACGTCGAGAGCAGTAGCGAGACGGTCAGCAGGTAGATCATCAGTCCGCTTTTTGGCTTGAGCACGAACAGTCACCTCCCTTTGTCTGGTGGCGTCCACGATGGCATCCGCCCGGCGCTCGGACGTGGCGGCGCTCTCGCGCAGGCGGGAGATCAGCGCGTCCGTCTCACGCCAGTCCTGATATTGACGCCAATAGATAAACGCCAGCAGTCCGACAACGACAACCGCCGCCAGCCATAACAGCCAAGATTTTTTCGTCATCTCGCATGTCCTCCAATAAAACAAGGCGGCCCCCTGTAGAGGTCGCCTTGTCCGTTATTCAGATGCATTACAGCGCTTCGAAATACTTCTTCATCCACTCGCGGGCGAACTCGCTGTACGCCCACAGCCGGGATTCATTTTTGCCCCTCTGGTCGGCGTACCAATAGCCGAACTCGTTGCGTTCGCCCTTGGGCGCTTTCAGCCGGTAGCGGAGCGCGACTTTACCGATGTATCCCCGGCTCGTCTCGAACTCTTCCGCCAGCTGCGTGGCGGTGTAGTAGCCGCGCGCCGGAGGGACGAAGCGGTAACAGCG
CP133038.1_gap48	2234999	2235507	508	TACAAGGAGGCCGCACGATGAAAAAAGGACTCGGAATGGAAGATATCCGGCGCCGCATAGCGCGCATCGACGCGCAGCCCGCCGAGGAACTGACGCCTGAAGAACGGGCGTCGCTGGACGCCGCGGAGGCCATGGACGACGGGACGACCATTGCCTTGGAGGAACTGAAGCTGCAGCTCGACGAGTACAGCGGGCGCATTGTGCTGCGGATCCCGCGCAGCCTGCATAAGACGTTGAAAGACGCCGCCGCCGTCGAGGGAGTCAGCCTCAACCAGTACATGTTGTATAAACTGGCGCGCTAGACAGCGCCGATCAACAAGGACGCTCCCGCGTGAGGGCGTCCTTGTTGCGTTTTAGTTCTCCTTTACGGCTCCTGCGGCGTAGGCGTATAGGTATATGTCGTGTCGGGGTCGAAGACGGGGGTGTCGTGGGGTGTCCAGATACAAGGTACGGCGTTCACTTCCGCTTCCGTCGTCGCGGCCTGCACGGCGGCTATGTGCAGCGCTTT
CP133038.1_gap49	2241279	2242838	1559	GCTTGGCGGCGTTCGTCTCCTTCGCCCTGGCGCCGCGGAGCACGTTCATGAACGCGTCGGGCGCGCGGTTTTTCATCTGCGGGTCGAGCGCGTAGACTTTCTCGAGCATGGCCCGCGGATGCGCCGCGAAGCGCGCGATCGACGTCATCAGATGCCCGTAGTTGGCGGAGATCAGAAAGCGCGGGATCGACGTGAGCTGTTTCAGTACCGTGCCCAGATTCAGACACAGGTAGGCCACGGCCATGTTTCGCCCGAAGTAGCTGGACACGCCGTTCATCACGGCGTTGGCGGTGACGTTCTGTCCCTGCACGGCGATGTTCGTATACTCGCGCAGATTGGCGACGGCGTCGTGCCCGAAGCGGTCGTTGACCTCGGCCCCCAGCGTGCGGCCTGTGGATTTGTCGCGCTTCATGAGCACGGAGTGGAGATCCCCCGCCAGTTTCGCGTAGGCGGCAGTGTGCTCCTGCGTCTCGACCTGATCGTGCCAGACGCTCATCAGTCCCAGCTCGATGGCTTTCTGGTTCTCCGGCGCGAGGTCTTTGATGCGGTTCTGCATGAATCCCTTTTCCAGATGGGCGCGGGCCGCGCCCGCGGTCTGCTGTTGGCCCTTCATCATGGCGGCTTCGTCGATGTCGAACAAGTTGTTGAGCGACTGCCCGGCGAACTCCAACCGCGACATCGGCGTGTAGTTCTTCTCCTGCTCCATGCCCATGTTGTAGGCCTCGATGCAGGCGTCGTTGATACGGCCGAAGTTCTCGTCGAAGTCCCGCATGACGGCGCGGGCGAGTTTCTTCTCGTTCTCGCTCAATGCCCCCACGCACTCCGCCGCCAGGCGCTGCACGCCCTCTTCGCCTTCTTTCAGCCACGTGGCGCGCATGTTGCCGTAGAGGATCGCGGCGCGGCTGTTTTCGTTCTGAAGACCAGCGTAGACGTGCAGCAGCATGTCTTTGCTGTACGCTTCGCCGCGGATGCGCACCTTTTTGTTCAGGTCGGCCGCGGTGATGCCCAGATCCTTCATCTTCTCTTCCATGGCGAGGTGGCGCTCCTGCACATGCCGCAGCTCCTCGTCGAACGCCGTGTTGACCTCGTCCACGAAGAGCCGCGTCCAGGCAGACTTGTAATTGCCATCCCCGCCGCCCAGCCAGTCGAAGAACCGGTTCGCCCCCAGCGTGTTGGCATAAACCCAGTCTTTCACCTTGGCGGCCTTGCCCCCAGCGCCGTCGTACTGCTTGCCGATGTCGGCGGAGTTGGTGACGATGCCGCCGGCGTCTTTCGCTCGCTTCGTCTTGTCGAGATCGTCGTTCAGAGCGGCGAACCATTTCTCGCGGCGGCTGTTCCGTTCGGCCTCCCAGCGGTCGAATTCCTCGCGCCCCTGGTTGACCAGGTTCTCGATCTCCTGCCGCAGGGCGCGGACGTCGGCCAGCGTCATGTCGCCCAGCGTCGTCGTCTCCAGCATGCGGATATAGCGTTGATCCGCCGGGTTGAACTGCTCCAGCTCGGCGTCGGGCGTCTGCTCGATGTACTCCAGCAGTTCGCGCGCCGCTTCGAGGCGCTTTTTG
CP133038.1_gap50	2280222	2282483	2261	TGCTCAACAGTGAAGCGATGGTCATCAAACTGGACGAGGTTCTGCCCGAATATCCCGAATTCGCGGCGGGGATCCGCCGCGCCCCCGACCGCGGCTGGACGCTTTCGCAGTCCGAGACGGAGCTGGCGCTGCGCAACGCGCTGCGCTACGTGCCCGAGAAGTACCACGAGCAGCTGATCCCCGAGTTCATGGAAGAACTGCGCACGCGCGGCCGCATCTACGCCTACCGCTTCCGCCCCGCCGGCCGCATCTGGGGCCGCCCGATCGACACCTACGAGGGCAAGTGCCTGGCCGGCAAAGCTTTTCAGGTGATGATGGACAACAATCTCGACTTCGAGACGGCGCTCTATCCCTACGAACTCGTCACCTACGGCGAGACGGGGCAGGTCTGCCAGAACTGGCTTCAGTACCGCCTGATCCAGAAGTATCTGCGCGAGCTGACCGACGACACCACGCTGGTGCTCGAGAGCGGCCATCCCGTGGGACTGTTCGCTTCGCATCCCGGCGCGCCGCGCGTGATCCTCACCAACGGGCTGCTCGTCGGCCTGTTCGACAACCAGAAGGACTGGCACCGCGCCATGCAGCTGGGCGTCAGCAACTACGGCCAGATGACCGCCGGCGGCTGGATGTACATCGGGCCGCAGGGCATCGTACACGGCACCTTCAACACCGTGCTCAACGCCGCGCGCCTCAAGTTCGGCGTCGGCATCGTCGCCGAAGTCGATTATTCCCGCATCGAGACCCGCCACCGCCAAGGCTGGGTCGGCGAGATCACCGACAGCGCCGAAAAAGCCTTCCGGATGGCTCAGGAAGCGCTGGACGCCAAAAAGCCTCTTTCGATCGCCTATTACGGCAACGTCGTCACGCTGCTCGAGTACGCCGAGAGCCGCCATATCGCAATCCAGCTGCTTTCGGACCAGACTTCGTGCCATGCCGCTTACGAGGGCGGATACTGCCCGGCGGATCTGACCTTCGAAGAGCGCACGAAAATGCTGCACGAGGATCCCGAAGAGTTCCGCAGGCACGTCGACGCCAGTCTGCGCCGTCATTTCGACGTGATCAAGAAACTGGTGGACCGCGGCTCCTATTTCTTCGATTACGGTAACAGCTTCATGCGCGCCGTCTTCGACGCCGGCGTTACCGAGATCGCCAAGAACGGCAAAGACACCTACGAAGGCTTCATCTGGCCCAGCTACGTCGAAGACATCATGGGCCCCCATCTGTTCGACTACGGCTACGGCCCCTTCCGCTGGTGCTGCCTGAGCGGCAAACACGAAGACCTGCGCGCCACCGACGAGGCCGCCATGGCCTGCATCGACCCCGACCGCCGCAGCCAGGACTACGACAACTGGGTCTGGATCCGCGACGCCGAAAAGAACAACCTCGTCGTCGGCACGCAGTGCCGCATCCTCTATCAGGACGCCGAAGGCCGCACCAACATCGCCCTCGCGTTCAACAAGCTCGTGCGCGAGGGCAAGATCGGCCCCGTCATGCTGGGGCGCGACCACCACGACGTCTCCGGCACCGACGGCCCCTTCCGCGAGACGGCCAACGTCAAGGACGGCAGCAACATCTGCGCCGACATGGCCACCAACACCTTCGCCGGCAACGCCGCCCGCGGCATGACGCTCTGCACGCTGCACAACGGCGGCGGCGTGGGCATCGGCAAGTGCATCAACGGCGGCTTCGGCCTGCTGCTCGACGGACGCCCCGAGACCGACGCGATCATCAGGTCGGCGATGATGTGGGACGTGCTCGGCGGCGTCGCGCGCCGCGCCTGGGCCCGCTGCGAACACGCCGAAGAGGTCAGCCGCGAAGTGAACGCCAAGTATCCCGGCAAGTACCACATCACGCTGCCGTACCACGTCGACGGCGACTCGGTGCGCCGCGCGGCCGAAGCGGCCTGCGCCCAAAGAGAACATCACGAAGCCTAGGCGCTTTTCGAAAAAAAACGGAACGTTAAACGAAAGAGCCGCCGCGAAGCCCGCGGCGGCCCGTCAAACCCAAACAATCAGGAGTGATCGCCATGAACCGCGCCAATCCCGTCGTCCTTACCGGCCGTAACCTGACCCTCGAACAACTGATCAACGTCTCGCGCTGCGGCGCTCCGGTGAAACTTTCCGCAGAGGCCGTCGGCCAGATCAACCGGGCGTCCGCCCTGATCGAGAACTGGGTCGCCGGCAACCGTATCGTCTACGGCGTGACGACGGGATTCGGCGATCTCGCCACCGTAAAAGTCGACGCCGCGCGCACCCGCTTGC
CP133038.1_gap51	2285850	2289183	3333	TATTTTATCATACCTATCCCCGCAGAAAAAGAGAATTCTTGCCCGCCGAAATGCAAAAATCAAATCCCGCCTCTCGGCAACCGGCACAATCATCTCAGACGAAGCCGCATGATGAAGAAAACGGGGACAGCGAACACAACCTTTCTCGGACGGGTCAAGCAAAACATCTTGACACCCTCGTTACGATCGCTTATAATGCTCGCGTCGCGAAGGGAGTGGGGACAGAGTGAGCGAAAACGAAGTGCTGGAACGGCGCATTCAGCTTTCGCGGCTGTACGATCTCTACGGGCCGCTCCTCACGGAACGGCAGCGCCGCGTCTACGAAATGCACGATCTCGACGATCTCTCGCTCTCGGAGATCGCCGACGATCTGGGGATCAGCCGTCAGGGCGTTTCCGACCAGCTGCAGCGGGCACGCGACCGCCTCGACGAGATCGAAACGCTGCTCGGCCACGCCGAGAGCTTTCGCCGTATCGAGGACGAAGCCCGCGCCATCTGCGACGGCGAAAATCCCCAACAGCACGCCGCGGCCATTGTCGAGGCGTGCGCCGGAAGGACGATGAATCATGTTTGACTCGCTCAAAGAACGGCTGGAAAGCATTTTCAGCGGACTGCGCGGCCGCGGCAAGCTGACCGAAGAAGACGTTCAGCAGGCCCTGCGCGAAGTTCGCCGCGCCCTTCTCGAAGCCGACGTCAACTACAAAGTCGTCAAGGACCTGGTCGAAAAGATCCGCGTCCGCGCCGTCGGCGCCGAGGTGCTCGAGTCGATCATGCCCGCCCAGCAGGTCGCCGCCGTCGTCTACGAAGAGATCGCCCGCATCATGGGCGAAGGCAGCCGCGGCATCGACATCGCCTCCCAGCCTCCGACGCTGGTGATGATGGTCGGACTTCAGGGCGGCGGCAAAACGACGAGCAGCGCCAAGCTCGCCAAAAAGCTGAGCAAGAACCACAAGCCCATGCTCGTCGCCTGCGACCTGCGCCGCCCCGCCGCGGTGGATCAGCTGCGCGTGCTGGCCGGCCAGGCCGGAGTCGCCTTCTTCGGCCCCGAAGCCGGCGAGACCGACGTCGTGGCGCTCTCCCAACGGGCTCTCGCCTACGCCGCCTCGCACCTGATCGACGTACTCATCTTCGACACGGCCGGACGTCTCGCCGTCGACGAGGAGATGATGGCCGAGCTCGACCGCATGAAAGCAGTCCTGAACCCGCACGAAATCCTTCTGGTCGTCGACGCCATGTCGGGGCAGGAAGCCCTGAACGTGGCCGAAGCCTTCAACAAACGCCTCGGCGTCACCGGCGTCGTGCTCAGCAAGCTCGACGGCGACGCCCGCGGCGGAGCGGCTCTGGCCGTGCTGGCCGCTACCGGCGTGCCGGTCAAATTCGCCGGCGTCGGCGAAGGACTCGACGCCATCGAGCAGTTCGATCCCCGCCGCATGGCCGAGCGCATCATGGGCATGGGCGACATGGCCGGCCTGGTGGAAAAGATCAAGGAGGCCACGACCGAAACCGACATCCGGCAGATGGCGCAGAGCTTCAAAAAGCAGCGCTTCACGATGGACGACCTGCTCGCGCAGTTCGCTCAGGTCGAGAAGATGGGCCCGCTCGACAAGGTGATGGAGATGCTGCCCGGCGCGATCACCAGCAAAATGAAGGATCTGCCGTCGGAAGCGTTGGACGACAAGCGCCTGCTGCGCATGAAAGCCATCATCCAGTCCATGACGAAGGCCGAGCGCCGCGATCCCTCGATCATCAAGGGCAGCCGCCGGCGCCGCATCGCCGAAGGCTCGGGCACCACGGTGCAGATGGTCAACCAGCTGCTGAAGCAGTTCGAGCAGATGAGCGAGTTGTGGAAGCGCTTCGGCAAGATGGGCAAAAAAAGAGGCCTCATGGGAGGTCTGGGCGGCATGTTCCGCCGCTGAAAAACCGCAGAAAATCCCCAAACGGGATTTTTTATAAACGACAAATTGTTTCAGGAGGTGTTGCAGAAATGGCAGTAAGAATTCGTCTTTCACGTCACGGCCGCAAAAAGGTCCCCTTCTATCGTCTCGTGGTGGCCGACTCCCACAGCCCCCGCGACGGCCGCTTCATCGAGGAGCTCGGCACGTACGATCCCATGAAGGATCCCGCCGAGATCAAGATCAACGAGGAATCCGCCGTGAAGTGGCTCCGCAACGGCGCTCTTCCGTCCGACACGGCCCGCGCTCTTCTCAAGAAGGCCGGCGTCTGGGCCAAGTTCTCCGAGAAAGCCGAGTGACGCCCATGGATTACCAGGCTCTCGTCAAAACCATCGCCGTCTCGCTCGTGACCAAGCCCGAATCGGTTGAAGTCAGCGCCGAGAAGGACGCCGAGGGCGTCCTCCGCGTGCTGATCCACGTCGCCGAAGAAGACACCGGCCGCGTCATCGGCCGCCGCGGCGCCACCATCAACGCCATTCGTCAGATCGTCCGCGTCTCCTCCGTCAAGGGCGGAGACAGCGTCGAAGTCGACGTCGCCGAGACCGGCGACAGGAACGCCGACGCCGAATAACGATGCCTGGCACCGTCAGAGTCGTCATCGGGCAGGTCCAGGGTACTCACGGCCTTCGCGGCGAGCTCAAGATCCGGCCGCTCACCGATTTTCCCGAGCGTTTTTTCGATATGGAGAGCCTCAGCTTCTACCGTGACGGAAAATGCGCGGGGAGCTATCGCGTGGAAGGCATGCGCGACGCGCTGACGCGCGGTTATTTTCTGGCCGCGCTGGAAGGCGTCGACACCATCGAGCAGGCCGAACTTCTGCGCGGCTGCTCCGTGGAGATCGCCTCGGACGAGCGCATGCCGCTGGCGCCTGGCGAGTTCTGGATCAGCGACCTGATCGGCCTTGACGCGTGCGACGACCAGGGGCGCAAGCTCGGCGTCGTCAAAGACATCGTCGACAGCGGAGCCTCTCAGCTCGTCGTCGTTAGAGATCCCGACGGCAAGGATCACCTGATCCCCGCCGCGCCGGAATTCCTCCGCGACGCCGACCTGAAAGCGCGCCGCGTCACGCTCCGTTTGATCGAAGGACTGTGGGAACTGTGAAAGTCACCGTCGTCACCGCGTTTCCCGATTTTCTCGACAGCTTCGCGCGCACCAGCATCGTCGGCCGCGCCGTGGAAAAAGGGCTGATCGACGTGGAGATCGTGAACCTGCGCGACTTTGCGCAGGGCAATTACCGGCAGATCGACGATTACAGCTTCGGCGGCAAAGGCGGCATGACCCTCATGCCCGAAGTGCTGGAGCGGGCGCTGCATTCCGTCCGCGGCGAAAGGACGAAAGTCCTCTTCCCCACGCCCGTCGGCGCCGTGTTGACGCAGGACCT
CP133038.1_gap52	2306817	2310776	3959	CGCCGCGGCGATCTCCTCGCCGTCGATGCTTTCGATCACGTCGAAGAGCTCCACCGCCTTGCGCGCTTTGTTGCGCTGCAGATGGCCGATCAGATGCCAGACGGCGCCGAGCTCCGCGGGAAAGTTTGGGATCTTGGCCTGTCCTTCCTGAACGCGATTTTCGCCAAAATGAGTCACCAGTCCGGTACGGGCCGCCGCGACCACGGTTTCCAGCGGCTTGGTCTTGCTCACCGCCAGCAGCGTCACATCCGACGCCCTGCGGCCGCTCCGCAGCGCCGCCGATTCCATGCGGTCCAGAATCGACCGGATCGACGCGAACATTTCCGACTCTACCATAACCGCACCCTCTTTTCTTCGGCATTTGCCGCTTCAAGTATAACAGGATTTCCGGCGGAAAGCCCCGAGGCGATGAAAAAACGGCCGTCCTCGATGGGCTTTCCGGTGACGCTGCGGAAGACGAGCCGGTCGCCGACCAGCTCGAAAACGCCGTAGGTACCGTGGCGGATCGTCACCGCCGAGTCCGGCACCACCAGCCCCGCATCCTCGTCGGAACAGACGAGGAAGTCCACCTCGCGCGACAGCGCCATGTCCATGGGGAAATAGGGCATGTCGAGCGCCACTTTGGCGCGCTCGTCGCCGTACTTCACGTACACGCGCACGCGCGCCGTCCACTTCGGCCCCTTCGACTCGCGGCGGATGGAGATGGAACCGCGCTCCAGTCCGGCCCGCAGCCGGTCGGTCAGATCAAGGTAAAAGATCGCGCGCGGCTCCTGAGGCAGGTAGATCAGTTTGCCCACCGCGCGGACGGCCGTGTCGAGCGGCTTCAGATCCTCGACCCAGCGCAGCTCCGGCGCTTTGGGGAGCAAGCCGGAACCGAGCCACAGCGTCGGATAATCCCAGTGGTCTTCCGCGCCGTCGATGGCCGGCAAAAAGTACCCCCGCGCCGGCGTGCGGATCGCGATCGTGCGTCCGCGCGTCAATACGGTCGCCACCACTTCGTCGTCGGCCACGGCCGCTGCTTTGCCGCCGTAAGCCAGCTGCACCGTGCCGCCCGACGGAGCGGTGAGCACCTTCTCATGCCAGAGCAGCAGCGCGTGAACCGGCTGCTCTTCTTCGTAGAAATAGGGCTGAGGCGTGAACAGCGGCGGCATGGCCTCTTCCGCGCTCTGTCTGGCCCACAAAAAATAGAATCCGGCGGCCAGCGTGCAGATGCCGGTTGCCAGGACGACGCGCAGGAAACGCACGGGCCACGGCTCTTTCGCGTGGGGCTGATCCTCCGGCATTCGCCGCGAAGGAGGAACGTTCCCGGCTGCAGCGAGTTTCTCCTCCGCGCGTTTCGTCCCGAGAGGAGAGAGAGGCTGCGGGACCGTTTTCCCTGCATCCGCCCTCGCAGAACGGGGCGGTTCCTCCGCGCGCCGCCCGGCAGGCCATGAAACTCCGCCGCGCTCCGGCGCTTCCGTCTCCGCCGGACGGGAAGGGCGACGGCTGATCTGCCCGCTCGCCGCGCCGCTTTCATGCAGGTCCGGCAGCCTCACGGAACGCTGCGAACGCGGACGTATGGGCCATTTGAGCTTGCCGCGCCCGGACGGGGCCGAACCGTCAGAAACGTCCTGCGCCGGCGCCTCCGACGCCATGCTCTTTCCCGGCGCAGCGCCGCTCAGATCGGGCCTCCGCCGCGGACGCCGCGGCCATGTTACGGCGCCTCCCGTCGATGCGGGCGCGGCGGTCCCTTTCCCTTCCGCCGGCACGCGTTCCGTTTTTTCGCGTGTCTGTTTCGTTGATTTTACGTCATGTCGTCCCATTGCCGCGCCTCCGCACTCAACTATCGCTCCGATCAGTTTTTTATTGTAGCGCAAAACGTCAAAAATTTGGAGATGGCAACGAGACGCCGCATCGTTTTGGCCGTGGAAAATTTCTTTTTTCGCGGACATCCCCGCTTCATGGCGGCCGTTCTTATGCTATAGTATGGAAAATTCTCGAGAAGAAAAGGGGACTTCGCCGTGGAACTGCACGATGCTTCGCCGCCGCACGCCGTGCCGGAGACCGCGCCCGACGCCGGGGATTCTTTCCGCAGCGCGCTGTTCTTCCTGCTTTTTGCGGTCAGCCTGACGCTGCCGAACCTGGTGTATTCGGGCACTTCGTTCTTTCAGACGCTGCACCTGATGAAGTGGTGCTTCGCGCTGGTCCCCGTCGGTCTGCTGGCGCTCTGCGCGGGCGGCCCGGCGCTGCTCGACGGCAGGCGCGGGCCGCTGCGCCTCGACGTCATGGGGCTTTACTGGCTGCTCTTCATGGTTTTCGTGACGCTGCAGCCGCGCTGGGTACCGCTTCGCTCCGTGCCCGGCTGGCAGCGCGAGTGGTTCTTTTTCGCCGGCTGCGTCGTCTTCTATCTGGCGGCGTTCTCCTTTTTCAAGGAAGGCTGGCTGCGTCCGATCCTCTGGCTGGCGGCGCTGAACGCCACGATCAACGGGATTTTCGCCGAGCTGCAGGTACGCGGCCTCGTCGCGCCGCTCCGGGGCCTGAAGCTGGTCATGCAGACGCCGGGGCACTACATCGGCAACACGGGACAGCAGAACATGCTCGCGCTGTGGCTGGCGATGGCGCTGTTCTCGTCGTTGTTCCTCTTCGTCAGCTACGGCGGTCTTTTCGCCAAAAATCTCCGGAACAGGATCATGATCGCCGGCAATCTGCTCTTCTACGTGGTCATGTCGTGGTGCCTGATCCGTTCCACAAGCCGCTCGGGGATCCTCGCGTTCTGGGTGGGGGCGCTGGCGATGGCGCTGCTGATCTTCTTCACCTCGCGCGACCGCGGCCAGCTCAAACGCGTCGCCCTCGGCATCGCCCTGTTCTTCGCCGTGCTGGCCGTGTTCATCCTCGCCGACACGGGGCGGGGCTTCGACTTTTTGCTGAAGACGCGCGACATGATCAAAAATATCGCCGACGTCGCCGCCCGCCGGGAAATCTGGCAAACGTCGTGGCAGGTCGGCGCGTTTCGGCCGCTGACCGGCGTCGGCCTGGGGCAGTTCAAATGGTACTATCTTCAGGGGCAGCGCGCCGCCATGACGCTCGATCCCACCATGAAATGGCAGTTCACCTACTGGGCGCACAACGAAATCCTGCAGTGGTTCTGCGAGTTCGGCCTGTGGGGCGTTCTGTCGCTGCTGCTGGCCGCCCTGCTCTGGCTGGCGGCGTTGTGCCGCTGCGTGCGCCGCCGCCGCGGCCGCCGGCTGCCCATGGAGTTCCTCTGGGGAAGTTCGTTCCTGTTCCTGGTCTGGTTCGACGCGCTCTGGACGCGCCCGTTCCACCGCATCGAAAACTCGCTCTGGGTCGCTCTCGCTTTCGCGCTTTGCAGCCGCCACCTTTTCCGGGGCGAAGAGGGCGCGTTCGCGCCGAAGAAATTGCCTTCGCTGTTCTACCGCCTGACGGGCGCCTTCATGCTCGCCGCGGCCGTGGGCGGATTCTGGTTCGGCATCGACGGCATCCGCGCCGACTTGCTGCTGCGCCGCGCCGAGAGCTTCACCGACGACGTGGAGGAAAAAGTCCGGCTCATGAACATCGCCCGTCACAGTCCGATGGTGCGCGACCTGGCGGAGCACGAGCTGGCTATGTTGCGCCTCCGCCTGGGCGAAAAGCTCGGCGACCGCGGGATCATCGCCGACGGCCTCAATCAGCTGATCGCCTGCTTCGTTCAGCAGCCCACGGCGCAGGACTTCGCCACGCTGATGGACTACGCGCGTCGGTCCAATATCGTCCCGCTGCTTGAATTTCTCGAACCGTACGCCCCGCCGGCGCCGTCTGCGGGCGCAGCGGCAGGCTGATTTTCTGCCGTCCACATGGATATATTTCGTACAAAAAAATCCTGAGCCGGAAAATCGGCTCAGGATTTTTTGCAGCGCGGCGGGAAGCCATAGGCGTCGCCGCGGCCGACCGCCAGACGGCGGCCGATGTTTTTCATGCGCAGG
CP133038.1_gap53	2356852	2361608	4756	CGGGCGTGTACTCGCCCTTTTCGTCGTAAATGAACAGCGGCGGCGGCACGGTCACGGCCGTTCCGCCGCTGCGCCGCGCTTCGACGAGGAACACGGAGGCGTTTTTGCCCGGCGCGGGGTGGACCATCAGCAGTTCGCGCGGTTCGAGGCTGCGCGCCCGCAGCAGCGCCAGCGTCTCGGCCAGGCGCAGCGCGCGCATGACCATGTACAGGCGGCCGCCGTTTTTCAGCAGGAAGCGCGCCGCGTCGCACACGTCGGCGAGCGAGCACATCTCGCCCTGGCGGGCCAGCCGGTTCGTCGCCGCCTCGGCGCGGCGGCCGAAGCCGGAATCTTCGTAGGGCGGATTGACGACGACCGCGTCGAAGCTCTGGTGTCCGTAGAGGCGTCGGTGCTCGCGCAGGTCGCCCGTCTGAAAGAGCGCGTTGGCCGTCAGGCCGTTGCGCGCGGCGTTTTCCCGCGCCAGTTCGATCAGCCGCGGCTGAACGTCGAGCCCCTCGAAACGGCTTTGCGGGAAGCGTTTGGCCAGGATCAGCGAAACGCCGCCGTGGGCGCAGCCCAGTTCGAGCACGCGCTCTCCGGCGCGCGGCCGGGCGAAGCCGGCCAGCAGCACCGTGTCCATGTTGACGCGCGGCCCTACGTCGGGCTGGCGCAGGCGCAGAAATCCGTACAGGATCGCCTCGCCGTCCACCGGCGGGATATCTTTTCCGCGCTCTAGTTCCATTGGTCGACCTTGACGGAAACGATCTGCGACAGCCCGGGTTCGGACATGGTGACGCCGTACATCACTTCGGCGTGTTCCATGGTCTGGCGGCGGTGGGTCATGGCGATGACCTGCAGGTTCTTCGAGTAATCGGCCACCATCTGCGCGAAGCGCGTCAGATTGGCCTCGTCGAGCGCCGCGTCAACTTCGTCGAGCACGGCCAGCGGCACCTTGGCCACTTCCATGGAGGCGAACAGCAGCGACAGCGCCGTCAGCGACTGTTCGCCGCCGGAAAGCTGAGCGAGGAACAGCGGCTTCTTTCCGGGAGGGCGGGCGACGATCTCCACGCCGGCTTCCCAGAGATCCATGTCCTCCTGCGCTTTCAGATGGGCTTCGCCGCCGCCGAAAAGGCGCTGGAACAGTTCGTCGAAGCGGCGATCGATCTTCACGAGCGCGCCGTTGAACATCGTCCCCGCCTGTTTGTCGGTATTGGCGATCAGGGCGCGCAGTTCGTCCATGCCGTGCTGCACGTCTTTGAGCTGGCCGTCGAGGAATTCGAGACGCTCGGACAGCGACTGATCTTCCGACAGCGCGCCCATGTTCACGTCGCCGAGATCCTTGAGCGAGCGCTCCACGTAGCGGCAACTGTTTTCGAGCTTGTCGGCGCTCTCGTCGCCGGGGACGAAATCCGCCGGATAGGGATATTTCTCCTCGTTGTCGGCGATCAGGCTGTCGAGGCGCTCGCGAACCTTTTCGATCTCGTTGCGGGCCATCAGCTCGTCGCGGGTCAGCGAGTCGAACGCGGTCTGGGCGCGCTGGCTGCGCAGCAGCTGGCGCTCCATGCGCCGCGCCGCGTCGGCGTTGTGCTTGTCCAGCTCGGAGATCTGGTCCTGCACGGCTCGTTTTTCGGCCTCGCGCGCGCCTTTTTCTTTCAGGACCGCTTCCTGCCGTCCGGCCAGCTCGGCCAGCTTCTGCACGATGCGGCGGGACTCCTCGGTATTGGCGCTGAGCGCGCGGCGCAGGTCGCTCACGGCGCGCACGCTCTTTTCGAGCTCGCCCTTTTTGGCCGTCAGGCGTTCGCCGACCAGCAGTCCCTGCGTGCGCAGCTCGGCGAGGCGGGCGCTTTCGGCGTCGTCGCCGACGGACAGCGGCAGGGCGTCGATCTCGGCGCGGGCCCGGGCGGCGCTCTCGCGCATTTTCTTCGCCTCGGCGCGGCAGTGGTCGATGCGCTGCGCCGAATTGCTGTCTTCCTGAAGCAGGGCGTTCAGCTCTTCGGTCTGCTCGCGCAGGGCGCGGCGCAGCGCTTCGGTCTGCGATTTCTGTTCGGAAGCGGCGGCGCGCTGTTTTTCCAGCGCTTCGCCGGCTTTCGCCTCGGCGCGCTCGGCCGCTTCGAGGGCTTTGGCGATCTCCGCCTGCGCTTTCTTGTCGGCGACGATCCGTTTTTCCGTCTCGTCGATCATGTTGCGCAGCGTGATCGCGCCCGCGGAACGGGCGTTCTTGCCGCCGCTGACGGTGCCGGAGGGCGAAAAGACTTCGCCGTCGACCGTGACGATCGGATAACGGGCCGTCGCCGCCAGGCGCGCGCCGGTGTCGTAATCCTTGACGACCAGCAGGTCGCCGAGCAGATGCTCCATGGCGGGCAGCCAGCGCGGATCGGGCGCGACCAGATCGATAGCCCAGCCCAGCACGCCGCTTCCCGCGGGGGCTTTGCCGGGGCGGGGGCTGCGGCAGCGCTCCAGCGGCAAAAACGTGGCGCGCCCGCCGCTGCGCTCTTTCAGCAGGTCGATGCCGACGCGGGCCTGCGCCATCGTGTCGACGAGCAGCCAGTACTGGCGGCCGCCCAGATAGGCTTCGAGGCAGGGGGCCAGCGAGCCGTCGCAGGAAAAACCTTCGACGGCGGGGATCGTCTCGATCTTCAGGCGCCCGAGCTTGACGGCCGAGAGCACCATCTGCACGGGGCGCGGATAAAGCCCCGCCTCGGCGCGCTGCAGCAGACTGTCGAGTTCGGCCTCGCCCTTGGCGATGGAGCGGCGCACGCTTTGGGCGCGGATCGCCATCTCCTGGCTCCGAGCCGCCGCTTCGCCGCGTTTTTTCTCCAGCTGTTCGAGCGCGTCTTCGAGCGCTTCCAGCGCTTCGTCGGACTCGGTCATCTTCGAGACCATTCCGTCGCGTTTGGCGCGCAGGTCGTCGAGCACGGCGGAGCGCTCGCGGCTTTGCAGGCCGAGCGTTTCGGCGCGGGCGTCCATCTGCCGCGCTTCTTCCAGCAGACCGGCTTCGCGTTCCAAAAGCTCCTGCCGTTTGCGGCGCGTCTCTTCCAGCGCGGCGTCGCGGGAAGAGAGTCGGTCTTCCAGATCGTGGATCTGCACGTCGAGCGACGATGCTTCCTGCGTCAACCGGCCAGCCTGGACGGCCAGCTCGCTGCGCAGAGTTTCTTCTTTTTTCAGCTGTCCTTCAAGACGGTCGCGCTCTTCGCTGGCACGGCGCGCGGCGAATTCGCTCTCGCTCTTTTCCGCGTTCAGCGCCATCTCGCGGCGCAGCGCGTCGTCGAGGCGCGGCGTCAGCTCTTCCAACTCGTCGTTCAGCTCGCCGCGGCGCCGCGCGTACTCGCTGCCCTGCGCGCGGAGGCGTTCGAGGGCGTTTTTCCACAACGACGCCCAGCGTTCCGCCGACTCGAGGCGCGAACCGGTCTCTTCGTGCTTTCGATCGAGCGTTTCAAGACGCGTTTCTTCGCTGCAGCGCCGGTAATGGTACAAAACGCGGCGCAGGTCTTCGAGACGCTCCTGATAGTCTTTGGCCTTGCGCGCGTTCTGGAGATCCGGCGCGATCTCTTCGCGGCGCGCCCGCAGCTCGCCCATCAGCGTGTGCAGACGCAGCAGCTCGTCGCCGGACTGCTTCAGCTCGTCAAGAGCGCCGTCGCGCTTTTTACGATACAGGTCGATGCCGAAAAGCTCTTCCAGCTGCAGGCGGCGCTGGAACGGCTTCTGCAGGACGGCCGCGCCCACTTCGCCCTGGCCGATGAAGGCCGAACGGTCGCCCTCGAGGCGCCACTGCTGTTTGAACTGCGTCAAATCCTGGATGCGCATGCGGGCGCCGTTCACGTAAAGCGTGCCGCCCGAGGCGTCGAGATGGCGGCGCAGGCTGCCATGGGCGCCGCCGTCGTTGAGATCCAGCGTCACGTCGGTCTCGGCCGCCTCGGAAAGGCCGGCCGATCCCTGAAAGATCAGGTCGCTCTGGCGGGTGATGCGCAAACGGGCCGCGCCGCTCTCGCCGAGGACCCAGCGCAGGCCGTCCAAAATATTGCTCTTGCCGCTGCCGTTCGGCCCCACGATGGCCGTGAAGCCCGGCGCGAAAGGAAGCTCGTGCGTGCCGCCAAAGCTCTTGAAATTTTTAAGGGTCAGTCGTTCGATAAACAACGCTGGTATCTCCTCTGCTGCGCATCAGTTCGACGCGCGATTCTACGCTGCTCAGCGAGCCCTGCAGGTCGAGACGGAATTTCTCCAGCGGCATGCCCGGCCGCCCGCGCAGGAAAATTTTCCGGCCGAACGTCTCCTCCCACAGACTCAGATAGACCTGCGCCGCGTAAGCCGCCACCGATTCGTTGACGTCCACGAGCACGGCCTCGGCGCGGCCGGAAAGGAAGACCTTGCGGATGAAGCGCTTCAGCATCAGCGCCAGCGAATCCTCCTTCAGCACCCGCGAGCCGGAGCCGCAGAGCGGGCAGGGACGCGTCAGCACCGATCTCAGATCGGCCCGCGCGCGCTTGCGCGTCATCTCCACCAGGCCAAGCTGCGAGATCCCGTAGACGCGCACGCGGCAGCGATCCGCCGCGAAAACTTCGTCCAGCTTCGCCAGCAGCGCTTTTCTGTCCCCTTCCGGCTCCATGTCGATGAAGTCGACGACGACGATGCCGCCGATGGCGCGCAGCTTCAGCTGCCAGGCGATCTCTTCGGCCGCTTCGAGGTTGGTGGCCAGCACCGTCTCGCGCAAATTGTGCCCGCCGGTGTACTTGCCCGTGTTCACGTCGATCACCGTCAACGCTTCCGTCTGATCGACGAC
CP133038.1_gap54	2404235	2405345	1110	GGAATATTGGGCTTTATGTGTATACGCCAAATATATTCGCTAATAGGGCTATCCCAATTATTAGGATTTGAAAGATATGGCTCAAGTTGCTTTAATTCTGCAAGACGCGCTGCACTTTCGCCATCTGCTGTCAACGTTGCTATTGCAGTCTCAAATTCGGCTTTATTTTTCACACCCGAAAAAGCAGCAGAATACTTCTCTCCGACAATATGTAATTCTTTTAGCTTAGCAGTTACAAATGCCGCTGTATCTAGCATCTTTGTATCTACAGTGGCTTTATTATTGTATTTTTTAGTATACGAAAAAGACTTTTGCTTATATTTTATGCAAATATCCTTTTCTATTTTGGCTTGTAAACTGTCATCCATTTCGTAGAACAAGGTCACTGCATCAATGGCTTGTCCTCTTTTCTCTGCTGCCTTTTTTTGCTTTCTTGGGTAGTCATGAGTCATATCAAAGTGATAATCTGCATCGTCGCTATCAAAATAATTGACTTTCGCCAATGCTTCAAGCAAACTTGTCTTGCCGGACTCGTTCATGCCAACAAGAACAGTGACATCGGGTTCTATTTCAAATGTTTGCTCATTTTCAACACACTTGTACTTGTGAACAGTCGCTTTTTTCAACGTAATCATCATTGTTCCTACCCTCCGAATATTGCAGTAATCTAGATTTTTACATATTGGAAATTAGGGCTTGTTTAAAAAACATTTCAGCTTGTATTATTTCAATAAAATAACACTGGCAGCAACAAGAACAAAAGCGAAAAACGAAGCGTCAAGTTTGTCATAGCGGGTGAAAATTCTACGGAACCATTTGATTTTCTGAAAGAAACATTCAACCAAGTGTCGTTCCTTGTAAACATGCTCATCTATAAACCACGGTTCGGGATTATCGCTCTTCGGCGGGATAGTGTAACTTCCCTCCCGAGAAGTAATGTACTCTCTGATGGCTTGCGAACCGTAAGCCTTATCGCCGATGACGTTGCTCCCTCTGATTTCCGCTTGCCCGAGCAAGGACACGGCATGGCGGGAATCGTGGTCATTGCCGGGACTGAGCAGGAGCGCCAGCGGATTGCCTAAACCATCTACTATCGCATGAATTTTCGTA
CP133038.1_gap55	2584850	2587431	2581	ACGATGCTCTTCAGCATCGGTTCGGTCTGCGCGTCGTTGGTGCAGAAGAAGGCCGTGTCCTTGCCGTACTTGTCGATCCAAGTGGGCATCTTTTCGAGGATGAACTGCTGCGCGCCGGCAACGCCCACGTCGCTGGTGGGATCGGGAGCGGTCTCGAAGTGGAAGCCGAGGCCGATGTCCTTGCAGGTCTGCTCCATGATCATGCGGCGGCGGGAAAGAAGCTCGTAGCTCATGTGGCGGGGGAAGGAGATGTGCACGAAGTGCTTGCACCCCAGGCGCTTGGCCAGGACGATGTTCAGATAGCCGCGCGACAGGTTGTCGTTGCCCACGGTGAGATCGGAGATGCTGTCGATGACGCTGGGATCCTCATGGGCTTCGCCGACGAAGAGCAGCATCTCGGGACGCTTCTCGCGGATACGGCGGAACGCCTCGGTGGTGCCGGGGATGCCCTGGTTGACGATGACCGCCTTCATCAACGGGTCGTCGGCAAAAGCCGCGATCTGGGAAATGGTCGTCTCCTGCTCGGTCATGAAGCTGTCGGGATAGGTTACGTGCTTGATCATGCCGCCGTCGGTGACGTCGCCGTATTTCTGGATCAGCGCTTCGGCGCCGCGAAGGTCGTCCTCCGATTGCGAGACCGTGCCCGTGCAGATGCCGATGTGGAACTTCGCCGGCTCGGCCGCGCAGGCCGCCCCCGCGAACACCGCCGCGCCCAAAAGCAACGCCGCTGCCAGATGGTATTTTTTCATATTTTTTGCCCCCTCTTTCAACTGTTAAAAGATAAATTACGAGCCACGTGGCAATTTTAATCTATTTTAAATTAACGGTCAAGAAGGGCGACATAAACATTTTTACGATAAAATATTTCTGAAATTCTTCAAGGTAAATGCAACGCAACATCCGGTACCCCGTTGCATTAAATCTGAATTAAAAGGAGCTTGCATTTAGTCTGAATTGATGAAAGAACTTTCTTACGAGACAACAGATCTCGGAAAGGAGTTCATCATCATGAACAAACATTTGACTCTGGCTGAAAGAAAAGCCATTGAAAGCGCCCTCAACCGGCGAGAATCTCTCAGAAGTATTGCCTCAACAGTTCTGAAGTCGCCGAGTACGATCTCCAGAGAGATCAGAAAACATGCAGAGACTGTCTTCAAAGGCTGTTATGGCCGGACAGCAAACTGCTGCCTTCACCGGTATGACTGCTCCGTTACTTCCCTTTGTAACACCTCTCCGAAATGCCGTTCACTGTGTTTCCGGTGCTCAAGATGTAATACGATGTGTCCTGACTTTAAGGAGGAGGTCTGCCCGCAGCTTTCGGTTCCTCCGTATGTCTGTAACGGCTGCCCCAACCGTCACCGCTGCACTTTAAAAAAACGGATCTATTCTGCTAAATCTGCAAATGACTCTTACGAGAAAACTTTGCATGAGGCTCGTGAAGGCTTCAATATCTCCGATGCCGAGCTTGCAGATATTGATTCTTTTTTCTCTCCTCTCATCAAACAGGGGCAGTCTCTCTATCATATTATCCGTAATAATCGAGATACTGTTCCCTGTTCTGAAAGTACCGCCAGACGGCTCCTGCTTTCGGGTATTTTAGAGGCACGGAAAATAGACTTGCCCCGAGCTGTCCGTTTTAAGAAGAGAAAGGGAAAAAGAAATAACATGAAGGTGGATAAAAAATGTCGTGAAGGCCGTACCTACAATGATTTTCTCTCTTTTTCGGAGAAACATCCGGACATGCTTATTACCGAAATCGACAGTGTCGTTGGCACCGCAGGAGGAAAAGTTCTTCTGACTGTCATCTTAAGAAACTGCAACTTTATGCTGGCTTTTTTGAGAGATAAAAATACTGCTCAATCTGTTGAGCAGATTTTTACAATGCTCTTCACTCTTCTGGGCAGGAAACGCTATAAGTCCATGTTTCAGGTCCTTCTTGCTGACAACGGTACAGAGTTTTCCAATCCGACGGCTATCGAAAAAGGTCCGGACGGAGAAAGAAAATCATATATGTTCTATTGCAATCCACAAGCACCGCAGGAAAAAACGAAGGTTGAAAATAATCATACTCTCATTCGAAGGATCCTTCCCAAGGGAACAACTTTCGACAATTTATCCCAAACTGATATCAACCTGATGATGTCTCATATAAACTCATTGAAATTCTTCAAGGTAAATGCAACCCAACATCCGGTACCCCGTTGCATTAAATCTGAATTAAAAGGAGCTTGCATTTAGGGCTTGTTTAAAAAACGTCAAAGTTGCCTAAATCGATCCAATCGCTTAAACTTTTCTCATGGAAGAGAGAAGATATGAACTGACCTCCAGCGAGTGGAATCGAATCAAGAGAATGCTGCCGCCCGAACACCCGAAATCAGGTCAACGTGGACGCCCGGCAAAATACGATAACCGCAGGATCATCAATGGGATTCTGTGGCTTGCCAGAAGTGGAGCGCCATGGAGAGATCTTCCGGAGCGTTACGGCAAATGGCAGGCAGTTTACGCACGTTTCAGGCTGTGGAAACAGCGGGGAATATTCGAGGCGATCTTTGCCGCCCTAAGCGCTGATGCCGACATGGAA
CP133038.1_gap56	2588534	2589279	745	TCTCTCTATCATATTATCCGTAATAATCGAGATACTGTTCCCTGTTCTGAAAGTACCGCCAGACGGCTCCTGCTTTCGGGTATTTTAGAGGCACGGAAAATAGACTTGCCCCGAGCTGTCCGTTTTAAGAAGAGAAAGGGAAAAAGAAATAACATGAAGGTGGATAAAAAATGTCGTGAAGGCCGTACCTACAATGATTTTCTCTCTTTTTCGGAGAAACATCCGGACATGCTTATTACCGAAATCGACAGTGTCGTTGGCACCACAGGAGGAAAAGTTCTTCTGACTGTCATCTTAAGAAACTGCAACTTTATGCTGGCTTTTTTGAGAGATAAAAATACTGCTCAATCTGTTGAGCAGATTTTTACAATGCTCTTCACTCTTCTGGGCAGGAAACGCTATAAGTCCATGTTTCAGGTCCTTCTTGCTGACAACGGTACAGAGTTTTCCAATCCGACGGCTATCGAAAAAGGTCCGGACGGAGAAAGAAAATCATATATGTTCTATTGCAATCCACAAGCACCGCAGGAAAAAACGAAGGTTGAAAATAATCATACTCTCATTCGAAGGATCCTTCCCAAGGGAACAACTTTCGACAATTTATCCCAAACTGATATCAACCTGATGATGTCTCATATAAACTCATACGGGAGGAAAAAATTTAACGGAAAATCTCCTGCAGAGATCTTTATCAACCTGTATGGCGAGGATGTATTGCATTTACTCGGACTCGAACTTATTCCGC
CP133038.1_gap57	2723509	2728489	4980	CGTTCCGGCGGCGGACGATTGCCTCGGGATGGCCCAAACGACGGTTGAGGTGCGTGAAACGTCGACCGGGCGGATCTGGGGTGTTTCCAAGGGCAGACGGATCGAGATGAAGGAGGTTGAAAGTCAAAAACGAGTCAACTCCGATGAGGCATCGGCAAAGAAACGGAAAAGCGGGCTTGTGAAAGCGCACACCGCCGGAATCCTCATTCCCAGCGTCAAAGAAAGCGTGGCTTACCCGCAGCATTGTCCAGGGAAAGCGTCCCAATGGCCCGTCCGGTGCCACTGCCGCGACGCCGGGGGTCGTTTGCGAAGGAACTAGGCACGCGAAGCAAGATACAGTTTGTACAGCGCCTGGGTACCGTCGTTTTCGCCGCCTTCGTCAGCCAGGCGGCGGTAAAGTTTGTCGGCCAGCTCCAGCCCGGGCAGGTCGAGCTTCATCTCCCGCGCGCAGTCGAGGGCGATGCCCATGTCCTTGATGAAGTGCTTGACGTAAAACCCGGGCTTGAAATCGCCCTTCAGCATGCGCGGCGCCAAGTTGCTCATCGAAAAGCTGCCCGCCGCGCCGCCGGAGATGCTGGTCAGAACCGACTGCGGATCGAGCCCGGCCGTGCGCGCGTAGGCCAGCGCTTCGCAGACGCCCATCATGTTGGACGCGATGGCGATCTGGTTGGCCATCTTGGTATGCTGCCCCGCGCCCCATGTGCCCTGAAGCCTCCATTCTTTGCCCATGGCGGCGAACAGCGGCTCCGCCAGCTTGAACGCCGCTTCCGGGCCGCCGGCCATGATCGTCAGCTTGGCCTCGCGCGCCCCTACGTCGCCGCCGGAAACGGGCGCGTCGAGCGCCTCGCCGCCCAGCTCCCGCGCTTTGGCGCCGATTTTCGCGGCCAGCAGCGGCGACGAGGTGGTCATATCGATGACCAGCTTGCCCAGAGCAAAGCCCGCGAACAGACCTTTTTCGCCGAAGTAGACCTGCTCCACGTCGCGCGGATAGCCGACGACCGTGATCACCGCCTCGGCCGCGCGCATCACCGCGGCGGGGCTGTCGGCCCATGCCGCGCCGGATGCCAGCAACGTTTCGGCGGAAGCTTTCGTGCGATTATAGACTGTCAGCTCGAAACCGGCTTTCATCAGGTTCGCCGCCATCGCTCTCCCCATCACGCCCAGCCCGACAAAACCGATCTTCTTCAAAGTCATCAGAATCTCTCCTTTTTCATCAGATCCCGCGCGGCGCAAGCCGCGCTCGTCTTCCTTTTTGTTTTATTCTAGCACGGATCGTTCGCATGAAGAGCCACGAGTTTTCTCCGCTGGATATTTATCAAGCCGGTATGAAAATGTTATAATGGCGCAAATTTGAAAAACCCAGTCAGGAGGCCTGACCATGGAATACAGACTCAGTCACCGCGCCCAGAACCTGCGCCGCTGCATGATGGACGCCTTTCATCTGCGCGACGCGAAGGACATGATCTTCTTCAACTCAGGACAGCCCGCGGCGGATCTTTATCCTCGCGCCCTGCTGCGCGCCGTCCTCGACGAGCTGCTCGCCGAGGAGCCGCAGATACTCGCCTACCCCGGTTCGCAGGGCGACGAAGAACTGCGCAAAGCCCTGGCCGAACGCCAGAACCGCCTCGACGGCGGCGCCGGCATCCGGGCGGAACAGATCGTCGTCACCAACGGCGGCACCGGCGGCGCCGATCTGCTCGCCCAGTTATTTATCGATCCCGGCGACACGGTGCTGAGCGAAACGCCCACGTTCCCGGAGACGCTGGACTGCTTCACCAAATCCGGCGCGCGCCTCGCAGGCGTCTCCATGGATGCCGGCGGGCCGCTGCCCGACGAGCTCGAACGCCTGGCGCAAAAGTGCCGGCCGCGCTTCTTTTATGTCATCCCCAACTTTCAGAACCCCACGGGGCGCTGCACCTCGCCCGAACGCCGCCGCGCCGTCGCGGAGATCGCGCGCCGGTACGGCTTCTTCATCGTCGAGGACGATCCCTATCGCGAGCTGAGCTTCGACGCCGCGCCGCCGCCTTCCTATCATTCGCTGGCGCCCGACTGCACGATCTCCATGGGCAGCCTCTCCAAGACCATCGCGCCGGGAATGCGCATCGGCTGGCTGGTGCTGCCGGACGAGCTGGTCGAGCGCGCCGTGATGACGCTCAAGGCCACGGCGCTGTGTTATCCCGCCCTGCTCCACCGCGCCGCCGCGCGCGTGCTCGAACATCCTCAGTTCGACGCTCACGTCGCCGAGTTATGCCGCGATCTGAAGCGACGTTACCAGCTTTTGACTGGATTGATGAGCGCACAGATCCCAACGGGATGGCTGACGTGGGAAACGCCGCTGGGGGAATGTTCCTGTGGTGCCGCCTGCATGACGGCGTCTCGGCCATGGACTTCGCCGTGCGCGCCCGCGATCGTTGGCACGTGGCCTTTTTCCCCGGCGTGTGTTTCACACCCAACTACGAAGGGGAAGACTTCTCGCTGCGCCTTACCTTCGCGCGCCAGACCGACGCCCAGATGGCCGAAGGCGTACGCCGCATCGCCGCGGCGCTGAAGAGCTTCGCCGCGAACTGACGCAGAGTTTCGGCGCCGTGGGGACAGGACTCGCATAAACATGCGTCGCGCGGTTTGCGGCACAGCCCTGTGAAAAGGACGGGACCGTACGGTCTCTATTCAACGGGAAACGATGAAGCGCTGCTTCTTGACATATTCATAAAATATATGTTAGATTCATTGCACCTTGTTTCACAAAACGAAAAGGAGGCAATGCAATGTCGAAGAAATTTTTAAGCGTTCTGCTCCTTCTGATCGGAATCACCTGTGAAGCGGCTCTGGGCTGCACCGTTTTTGGCGTCGGAAAGAATGTGTCCGCGACGGGGCACGCCATGGTTTCGCATTCCTGCGACTCCATGTCGGACACGTTTCAGCTGCACCTGATTCCCGCCGCGTCGCATGAAGCGGGCGCTGAGCGCTTTTTGCTCAAAGAAGGCAAAGGCTGCGACGCCGGCGCCGATCCCGGCGTGATCGGCAAAATCCCCGAAGTTCCGCAGACCAATCAGTATCTGACCAGCCGCTACTCGTTCCTCAACGACAAGGGACTGGCCATGGGCGAATCGACCATGACGATGACCGCCGACGACAAACGCAGCGAAAAAGTGCTGGAAGTCATGGAAACCAACGCTTTCGGCATGACGAACTGCCATATCGTTCAGGACATCGCCCTCGAACGCGCCGGCACCGCCCGCGAGGCCGTAAAGGTCATCGGCGATCTGATCGACGAATACGGCTGGTACGAGGCCGGCGAGACCATGCCGATCACCGACGGCGACGAAGTATGGATCGTCGAAGCCTACGGCAACAAGATGTGGGCCGCCTGGCGCGTGCCCGACGACGAGATTTTCGTGGCCGCGAACCGCGCCCGTCTGCGCGAACTCGACCTGACCGATACGGAAAACGTCGCCTACGCTCCCGGCATGGTCGAGTACGCCGTCGAGCAGGGCTTCATCGACGCCAAAGACGTGAACATGAAGAGCTTCAGCCCCGCCGACGTGTTCTATCCCACGCTGCGCCTTTACTCCGCGCTGCGCGAATGGCGCGCGCTCACCCTCTTCGCACCCTCCCTCAAACTCGATCCCTACGCCCACTATTTCCCCAAGTCGGTCAAGCCCGACAAACCCGTCACCGTCGCCGACCTGTTCCGTATTTACGGCGACTGGTACGAAGGCACCGAGTTCGACCTCAGCAAAGGCCCCGCCGCCGGTCCCTACGGCAATCCCAACCGCTACCGCAAAGAGATCAAACTGGGCTGGAACGACAACGAATTCCCCCGCGCCATCAACGACTACCGCCACACCTACGTGCAGATCTGCGAGGTCGATCCCACCCTGCCCGAAGCCGTGCGCGGCATCGTCTGGTTCGGTTACGGCGCCGCCGACACCACCTATCTGACGCCCTTCTGGGCCAGCATGAAAGCTCTGCCCGAGCCCTTCACCACCGGCACGCGCAAAGGCCCCTTCGACCCCAAGTCCGCCTGGTGGGAGTGCATCCGCGTGCAGCACATCGCCGAACTGCGCTACCAGGACATCCGCAAGGAGATCATCGACTACCGCACGCCCCTCATGGAAGCCGATTACGTCAAGGCGCACGAGATTCAAAAGCAGGCGGCCGAGCTGATCAAAAACGGCCAGAGCGACAAAGCTCTCGACTTGATCACCGACTACGCCTGCGGCAACGCCGTCGCCCGCCACAAGGGCTGGAACGAACTGGGCAACCGTCTCTTCGCCAAATACTGCCTGAACGGCACCAACATGGAGTACAAAACCTATCCCGAAGAGTGGAGCCGTCTGATCTGGAAAGGCCCCTTCCTCCGTCCCGACGGCACCAAGTAACCTAAGAACGCAACGGAGAAACGAAGACACGGAGAAAAGCGAAAACGAAGACGACAACCGACACAAATCCCTGACGGGCGACGACCGTCAGGGGATTCTTTGAGCAATGAAAAGAGCCGATGGTCACGTTGATCATCGACTCTTTTTCTGTAATTGATCATTCAATTTTCGCTTTTCTCCGCTTCGCCGCTTCTCCGCAGTCGGTTCCGTTTAAAACTGACTGCGCCCGGCTCAATAACATTCGGTGAGGATGTCGAAAATCTCGCCGACGGTGAGCTGGCGGCAGCAGCCTTCCTTGATGTTGGTGCTGCGGGCGACGGCGTTGTAGAAGGAGCGGTCGGCGATGCCCATCTTGCGGAAGCTGTTGGGCAGGCCGACGTCAATCACGAACTGTTCCAGCGCGGCGATGCCGGCCAGCGCGGTCTCGCGGTCGTCGCCGCGGTCGGCTACGCCCCAGACGTTTTTCGCCCAGCGCGCGAAACGCTGCGGCGCGGCCTTGTAGAGGTGACGGTAGAGGATCGGCTGGATCACGGCCAGCCCCATGCCGTGGTTGCAGTTGGTGTACGCGCCGACCTGATGCTCGATCTGGTGGGCCTGA
CP133038.1_gap58	2776581	2777081	500	CAAGCCGCGCTCGTCTTCCTTTTTGTTTTATTCTAGCACGGATCGTTCGCATGAAGAGCCACGAGTTTTCTCCGCTGGATATTTATCAAGCCGGTATGAAAATGTTATAATGGCGCAAATTTGAAAAACCCAGTCAGGAGGCCTGACCATGGAATACAGACTCAGTCACCGCGCCCAGAACCTGCGCCGCTGCATGATGGACGCCTTTCATCTGCGCGACGCGAAGGACATGATCTTCTTCAACTCAGGACAGCCCGCGGCGGATCTTTATCCTCGCGCCCTGCTGCGCGCCGTCCTCGACGAGCTGCTCGCCGAGGAGCCGCAGATACTCGCCTACCCCGGTTCGCAGGGCGACGAAGAACTGCGCAAAGCCCTGGCCGAACGCCAGAACCGCCTCGACGGCGGCGCCGGCATCCGGGCGGAACAGATCGTCGTCACCAACGGCGGCACCGGCGGCGCCGATCTGCTCGCCCAGTTATTTATCGATCCCGGCGACACGG
