gap_id	start	end	length	sequence
CP133089.1_gap1	47324	48086	762	TCTATGCCGAGAAGGGTGTTTTGACAATAACATGCAAGGCTCCTTTTAAAGGGGAAGGGGCTGTCAGCGTAGTATCTATAGAGGGAGGAGTGGCTCCTAACGTAGTGGCTGCTACTGCTCGTGTTCTTCTTAAGGCGTCGGCTGAGGATAGAAAACGTCTTGCCTCTATTGTTGATTCATGGAATGGACCCGAAAAGAGCGGATTTAAAATTGTAGAGGATAGCTCTAGCGGAACCCTTGATATTGCAATTCAAGGACTTCCAGCTCATGGGAGCACTCCTGAACTTGGTGTAAACGCTTTACTTTGTCTTATCGATATTTTGTCAAAAGTAAACTTAGGTGGAGAACAAGCATCTTTTGTGAAGGCTCTTCAAAAGGTTGTTGGTTTTGAAACTGATGGGACTTCGCTGGGAGTTGCTATGGAAGACAGCATTTCTGGGCCATTGACTGTCTGTCTTGGAACCATGCATGGCGACGATTCAGGCATTTCATTTACTTTGAACCTACGCTATCCCGTAACGAAAAAGCGGGAAGAAGTGTTGCCCTTTCTTACGGAAACACTGGAAAATGCAGGTATAGAGGTTGCAGATGTTCGACATGCAGCACCCCTTTATGTTGATCCGGAATCGGAATTGATTCAGACTCTCAAAAAGGTCTATGAGGATCAGACAGGGTTGAAAGCAGAATTATTGGCTATTGGCGGTGGAACGTATGCTAAAGCTATGCCAAACGTAGTTGCATTTGGGCCAATTTTCCCCGGAC
CP133089.1_gap2	74617	78481	3864	CTTTTACTCCGGAAGATGGGCACGTTCTAGAATAAAAATAAAAAATATCAAGGGAGGTAGAAACAATGAAAAAAATAGCTATTCTAGCTCTTTTAGTAATGGCTTTAGCTACATTTGTTGGTGGGGCAGCATTTGCTTTTGACCAGGAAATGTATGCTGGAGAAAAGGAACTTTGGGAAATGGCAAAACAGGAAAAAGGTTTGAGCAGTTACGATACAGGGCCTACATGGGCTAACTGGAAGGGCCTTTTCGATGGTTTTGCAGCCCGTTATGGTATCAAACTTGTTTATAACGACCTGGGCAGTGGAGCTACTGTTGTTCGCCTTGAGAAAGAGCTTAATAACCCTCAGGCTGACACAGCGTATTACTTTATGCCTTTCGGTGCCCTTGCAAAGGAACGAGGCGTAACTCAGGCTTACAAACCAGTGAACTTCGATAAAATTCCTGAAATCCTTAGAGATCCCGAAGGAAACTGGTTCTCTATTCACAAAGGGACTGTAGTTTTCGTAGTCAACAAGAGATTGGTAAAAGAGGCCCCTACTTCATGGAAGGCTCTTCTTGATCCCAAATTTAAAAAATCCATCGTATATCTTGATCCTCGAACAGCTGGAATCGGATATGCAATCGTAATTGCTACAGCCTATTCTCATGGTGGATCTATAGAGAATCTTGACCCTGGTATCGACTATCTTGCCGAACTTCAAAAGAGCAATAATGTACGTATGATCGAGAAGACTACGCCCTTTGATAAGTTCATTAAGGGAGAAATTCCAGTATGGATTACCTACGACTGGAACGGATATCGTGCAAAATATATTGCCGGTCTTGGTGATGACGTAGAAATAGTGATTCCAGAAGAAGGAACAATTACATCTCCTTATGCCATAAGCATGGCCAAAGGTGCTCCCAATCCAAACAGTGCTAAATTGTGGCTGAACTACATTCTTTCTGACGAAGGCCAGCAGACCTTTGCCAAAGGATATGTACGTCCTATTCGTGACGACGTAGAGCTTCCTGCAGAAGTTGTAGATAAGTTCCTTCCTGCTTCTGAGTACGAGAAGGCGAAGAATGTAGACTGGGTTGCCGCTCAGAAAGTTCAGAAAGAAGCTGCCCAGAAATGGGGAAGCAAGGTTTTAGGCGAAAACTAGAAATAGCAATAAATAAGGGAGGCGGCTCTCTTTTTTGCCGCTTCCCTCTTTTTGAAGGAGTTGAACGTAGGTGGAACGACGAAGCACAGCTTTTTTATTTCTGATGCCCCTTATTCTTTTGTTGGGGGTGTTTCTTATATATCCGCTTGTCTTGGTTTTTGGAGAAAGTGTGACTGTGGATGGAGGTTTCTCTCTTGCCAATTATCTTTTGATTTTTACGAAAAAACTTTATAGAGAATCTCTGGGAACAAGCCTTATGCTTTCTCTTTCTACTGCTGTGTTAGGTACTGTTATCGGACTACCTCTTTCATACGTTGTTTATAAGAGCAAAGGGAGACTTCATCGTTTTCTTATGGCTCTTACAGCTGTTCCTCTTACCTTCAGTGGCCTCGTTATTGGTTTCATGTTTATTATCCTTTTAGGAACGAGCGGCTTCATTACCATGATATTCAGTCGTCTTTTTGGAATTAATGCTTTAGAATTTTCAGCCTTTCTCTTCACATGGCGAGGTCTTGTTGTTGCGTATCTCTACTTTTTGATCCCTCGAATGATTCTTACCATGACAGCTGCATGGAGTAACGCAAACTGGAGCCTTATTGAAGCTGCGGTGAATTTAGGTGCTTCACGTGCCACTATCCTGTTTAAAGTTCTTCTGCCCATGTTGGGGCCAGCAATATTTGCAGGTTCGTCTCTTCTTTTCGCGGTAAGTATGGGAGCTTTTGGTACAGCTTTTGCTCTTACGGGAACAGGAGTTAAAATACTTCCTCTTGTTATTTATACTCACGTTTCAGAAGTTTCTGTAGATATTGGGCGGGCTGACGCCATAGCCGTTGTTCTTGCCGTGGTAACCACTCTGGTTATCATGCTTTACGAGCGCTTTTTTGCCGCCAAGGAAAGATAGCTCTTCTAAAATCCCCTTCTCATTGTGATAGAATGTTTTGAATACTACCACTAGGGAGGGGAGAGGCATGAAGTTTTTTATAACGGGAGGTGGCGGCCAGTTAGCTTTTGCCTTTCAGCGTCTTTTTAAGGAAGAAGACCTGCCTTTCACCATCTATTCCCGTCAGGAACTAGATATAACGGATATTTCCAGAGTTCGGCGACGAATACATGAAGATCAGCCCAATGTAATCATAAATTGCGCAGCCTGGAACGATATAGATGGGGCAGAACAGAACTGGCGAGATGCGTATCTTGTTAATGCTATTGGCCCTAAAAATTTAGCTATAGCAGCAGAAGAACAGAACATTCCCCTTGTGACATTCAGTTCAGATTATGTTTTTAATGGAAAAAGCGTACGTTCATGGACCATTGCTGACACTCCCGATCCAATTAACGTCTATGGCCGAACAAAGCTTCTGGGTGAAGATTTTGTTAAAAATCACATCCATCGATTTCTTATTGTACGAATAAGCTGGCTTTTTGGTCCTGAGGGAAAAGAAGAGTCGAACTTTTTGAAACAGGTTTTGCGATTGAGTCGGGAACAAAACGAATTGAAAGTTGTATCAGATCAGATATCAAGCCCGACATATGCTCCAGACCTTGCTGAAAGAGTGATGGATCTCTTATCTCTTCGTGCATGGGGAGTCTACCATCTTTCGTGTAGTGGGCGATGCAGCAAATATGATTGGGCTTCTTTTGCGCTGAAAGAGCTTGGTGTGACAAAGAATATATATCAGGTCCAGAGCGATGAGTTCAGACCCATTGCGCAAAGGCCCTCTATGAGCGCTCTTGATCCTTTCCCTCTCGATACATTAGGTATATACATGCCTCGCTGGGAAGATGCAACATTGCGTTTTCTCAAGTCTATTGGACAGAAAAATGGTGATATTGACGATGCTTAAAGGTCATTTTGATGGTGCATCACGGGGCAATCCTGGCGATGCAGGGGCAGGGGCCCTTTTATACGACGAAAATAATCATATTATCTGGCAACAAAAGCTCTATCTTGGCTCCAAAACCAACAATGAAGCCGAATATGAAGCTCTTCTTATGTTGCTTCGGGAAATTGATAATAGGGGATTTCAGCGTGTTACTATCCGAGGGGATAGTCGTCTTGTTGTTTGCCAAATGAATAAGGAATGGAAGATTAATAGCCTTCATCTTAAAGAACTCTGGCAGAGGGCCCAAGAGTTGTCGCGTGGAAAAAATCTTTCTTATGAATGGGTTCCGAGAAATGAAAATAGTGACGCTGACAGACTCTCAAACGAGGCGATAGACGACCACTACGGTGCGAAGAAGATGGAAACAATAGAATTTGTAGAAGTGGTTGATAAGGTAGAAACAGGGCGAAATCGAAGTGTTGAATTTGACCTTTCCCTCCTTGAGCAGATTACTGACACTCTTTTCATCGCTCATGGTACAGAAGATTATGCCGTAGATATTCTTCATAGGGCGTGTACGTGTCCTGCTTTTGTGCATCGCAGACGATGTAAGCATTTGGATGCAGCATTGAAAAAGAAGTCGCAGGAGATGAACATGAAGTGACAACAACCCTTGATCGTAGAACGTTTTGGCTCTGCTGGCTCGTAACCTATCTTGGGCAGGCCTATGTTTCTATGTTTTTTATGTACCCCGTGGCCTTGCAGCAACAAGGTATTTCTCTCGCTTTGACAGGATGGCTTATGAGTATCTTCAGCGTGGCTTCAACTCTGATCCGTCCTGTTGGAAGCCTGATGAGCGAGAGGATTGGTGTTCGCAAAAGCCTTCTTTTTGC
CP133089.1_gap3	83643	86240	2597	AGATCTGTTAACGTCTCTGGATCAATAGCGAGAAGAGAATCATAGATAAAGGCCAATACATTCCAGTCGTAGGCAGAACTCGTATCAAGGGGGTTGAGAGAGCGTGGCTCGTCAAGTAAAACCCATCGGAGAGGTTTCATGGAGCCCTGCGCAGGTTCCAACTGGAAAAGACTCCAAATATTATCAGCTGTCGTATAAGACGTTGTAACATATCCCTTCCACGATGATGTGGCCGCCGTAATAAAATATCTACTATAAATTGGAATAACAGGAACAAGTTCTGAAAGGAGCTTTTGGCTTTCGGAAGCTGCTTCTCGAGCTGCTTCTTCGTCAGGGGCCCATCGAAGTCGAGATACAACATCATCAAGTTGAGGATGGGATATTCCAGAAATGTTATAGCCGCCTTGTACATCCATGGAAGAATGATAAAAAGCGAAAAGAGAATCGGGATCGCGAGTCATTTGCCATGCTAAAACATACGTATCGAACTTCCGTTCGTCAAGACGGGCAATCATGGCTGAAAAGTCCATAGGCTCTACCTCTAGGGGAATTCCAATTGCACGTAGAGACGTTGCTATCCGTTCAGCTATTTCAGCCGTTGTCGGTGAAACTTGAGCTGTGGGAGAGAGCATCTTCATTGGAGGTAGCTCTCGGTGTTCTTCTGGATCTGTAAGAATTCCTTTGTTATTCCACGTCCAACCGGCATCTTTCAACCTTTTTTTAGCCTTCTCCGGATCAGAAAAATAATGAATAACATCTTTTTCATAGTAGGGAGAAGCAGGTGGTAAAAATGTGGAAAGGGGCTCTGCGTAACCTGAGAAGAGATCACGAACTATCTTTTCGCGGGGAATAGCTTCCCATGCAGCTTGTCTGAGTTCTTGCCGATTCCACGGAAACATTCGAAGATTCATTCCGAAGAAAAAACCATGAAAGCCTTTTGCCAATGACATCTGAATTGATGCATTTTGTGATAATCGCTCTATATCAGCGGGACGGGCAATATCTGTAAGCATCTGTATTTCATCTTTTTCGAGGGCCAAAAGCTGAGCGTCAGGATCACGAATAATGACAAGGTACAGATCCTTGATTTTAGGGCCTCTAAACAGAGACATATCAAAACTGTACCCCTCTTGGGGAAAAGACAAACTGAGCAGAAAAGCAACGCTGAATAATATAAAGAAACGCTTCATATTTTCACCCCCGGAGAATGCATATAACATTGTTCATTTATTCTAACAAAAAATGGGAAGATTCTTATGAAGTTTTCAAAAAAGTTTACGTTATGCTTCCTTACTCACGTTCTATATTTTAGTTTTATAATAGGCATACTATTTGTAATGCTTCTTTAGTGAAGGAGGGATGAGATGGCTATTTTAAAGGAGTTTAAAGAATTTGCAGTTAAGGGAAATGCAATGGATATGGCTGTAGGCATCATTATAGGAGGTGCTTTCGGAGGTGTCGTATCGTCTTTAGTGAAGGATGTTATTATGCCTCCTATTGGCATGGCGCTTGGTAATGTGGATTTTAAAGATATCTTTATGGTACTCAGAGAGGGAGCAACTCCAGGCCCATATCTTTCTTTGGCTCAAGCGCAAGAGGCTGGGGCGATTACTATGAATATCGGCGTTTTTGTAAACTCTGTAATCAGCTTTCTCATTGTGGCTTTTGCTGTTTTTATTTTGGTTAAAAATTTAAATCGTCTACGAAGACCGCCAGCACCAGCTCCTAAGCCACCTGTTAAAATATGTCCCTATTGTTTTACTGAAATTCCAGAAAAGGCATTACGGTGTCCTGCTTGTACTTCAACTTTGGAAAAATAATATTTTATGATCTGAACAGGTGAATAGTCTAATGAAGAAACTTTCAAATTTTGCAGTGGTTTTCGTCTCTGCAATTGCTCTTACATTTGCATTTATTGCAACTCCATCTTTGGCGATGACGGCCCTTTCATCTCAGGGTATGGTTGTCGCTATGAATTTTGATGCGGCCAAAGTTGGTGCGGAAATTTTGGAAAAGGGTGGCAATGCCTTCGATGCTGCTATAGCTGTCAGCCTGGCTTTAGGTGTAGTGGAACCCTACGGTTCAGGTTTGGGGGGAGAAGGATATATTGTTGCCCGAACAGCTGATGGCAATCGCTTCGCTTTGGATTTTAGAAGCGTGGCGCCGCGAATGGCAACATATGGAAGCATAGAAAAATCTGGTCTTTCTTTTGCAGAGGCAATGCAGACGTTAAAAGGTGTTGGAGTTTTTAGCTTACCGGCAGCCTTAGAGTACATTCACCAAAAGGCAGCAACTATGCCTATGGAAGCACTTGCTGAACCGGCAATTCATTTGGCGCAAGATGGATTTGCAGTGAATAAACAGTTTGCTCAGGCTGTAACTCTTGAGTATGAAAAGCTTCTTCGTTCAGCTCAGGGCTTTTTGAAAGAGAGCATTTTACCTTGGGAGGAAGGAGATTGGTATTCAAATCCCTCTTTAGCAGAGACACTTCGTATCTTTGGCAGAGAAGGAGCAAAAGCTTTCTATAATGGCTCTATTGCTGATTCCATTGAATTTTTTATGAAAAAAAACGGAGGTTGGCTCAGAAAAGAAGATTT
CP133089.1_gap4	92856	96677	3821	AAGAGTTTGTCGTGATATTGAATCAGTTGAGAGAGTTGTAGATTTGCCTTCACCCGCTATGGGAGGGGAGGATTACGCATATTTCTTGGAAAAGGCTCCTGGAACTTTTTTCAGATTAGGAGTCAGAACTCCTGGTGGGCCCCATTGTCCAACACATTCAATAGATTTTTATATAGATGATCGAGCTATTCCTATTGGCATGGAGGTGATGGCAGCCGCGACACTTGATGCTTTGCGGTAAAATTTGATTTTACTCACTTTTGTTTGGCATTACTTACTACTTTTTAAGGAGTGAAGGGATATGAAGGGAAAGAAATTTTTACACTTGTTCTTTGCTGCAGCTATGTTACTCGTAGTCGCAACCGCTGGTTTCGCTGCTACGATGGATACTTTCACTCTCGGTCTTCCGGGAGACGCGAAAAGCCTCGATCCTCAGAAGGCTATGGACACCATGTCATTTGCTGTTACTAAACATATTAATGAGCCTCTTGTAACAGTAGATGGTAAAACCAAAAAATTGGTTCCGGTGTTGGCTGAGCGTTGGGAAATTCTTGACGATCACACGTACAAGTTTTATCTCAAAAAAGGTGTAAAGTTCCATAACGGAGATGAACTTACAGCAGAAGATGTAGTGTATTCTCTGAAGCGTGTAACGACATCTGAATCTGTTTTCGCCAAGTCAAAGGGCAAATTCATAGATCCTGAGGGATTTGAGATTATCGACAAATATACGGTGATTGTAAGAACCCGCGGTCCTGTTGGTGGCTGGCTTGACTCTATGAAGCACCCCTACGCCAGTATCTTTTGTAAAAGAGCCGTTGAAGAAGGTGGCAAAGAGTATTTCCGTAACCCAGTAGGAACAGGCCCCTTCAAATTTAAGAGCTGGATAAAAGGTGAGCGAATTGAACTCACAGCCTTTGAAGACTATCACGGCAAAAAACCGAACTTCAAGAACTTCAATATTCTCGTTCTTCCTGACGATAGCAGCAGAGTTATTGCTCTTGAGACAGGCACAGTAGATATGATCTACTCTGTACCACCCAATGACTGCCAGAGATTGAAAGAGTCTGAAAAGGTTAAAGTTGTAGAAGCTCCGGGACTTGTTTTGACTTTCCTTGATATGAATACACAGAAGAAACCTCTTAACGATCCTAAGGTTCGCCTTGCTCTTGAGTATGCTGTTAATAAAGAGGCTTATAACGCTGTTGTCTACCAGGGAACCTCTTCTATTCCCAACGGGCCACTGCTTTCTGCCTGTACCTTTAGCCCGGAGAATGTGAAGACATATCCCTACAACCTTGAGAAGGCGAAAGAACTTCTTAAAGAAGCAGGTTATCCAGATGGCATGACATTAGAGCTCTGGGTCAGCAATTTCCAAGATCAGGTAAATGGAGCTACAGTCATTCAGTCTATGCTTGCTCAGATAGGTATTAAAGTTAATATCCAGGTTTTCGAATCAGCTGTATTTGACGATCACGTGAAGAAACATACACACGATCTTCTTATCAGCAGATGGGGAATGCAGACAAACCGCGACGCTGGACAGTATTGGCTTCCTCTTTTCCATTCTTCAAACGTCAACTCTTCAAACTGGACATTATTGAGCGATAAAGAACTTGATACATATATCGATACAGCGAATATAACAATAGATACTGAAAAGAGAACAGAGCTCTTCCAGAAAGCATGGGATAGACTTGATGTTCTTCACCCTGTTGTTGTTCTTGCAGTGCCTCACGAATTGTATGGCGCCAGAAAAGATTTGGTAGGCGTAGAAGACCTTTATGACGGTCGTTTGAATTACTTGGGGAACCTTTCTTTAGCAGATTAATTTTTCTTTCTCCGAGCAATTGATCTTATGAATCCTGCTTCGCCTTGTATTCAAGGCGAAGCAGGTTTTTCGGCTTTATTGGCAACCTCATGATCAGAGGAATAGCAGGAGGAAAAAATGATAGATCATAATCGTTTCCAAACACTAGTGGAACTTCTAAACCAAAAAGAGCTGGACGCTGTTTTTCTTGCCCCCTCTTCTGATTTGAAATATATGACCGGATTAAACTTTCATCCAGATTCACGGCTGAAAGGTGCTCTTGTTACCAGAGAAGGAAAGAGTTTTTTCTTATGCCCCTCTCTTCACAGAACAGATATGAAAAGTATCGAAGACGATATTCCTATTTTGGAATGGAATGACACTGACTGGTTCCAAGGCGCATTTAAAAAGGGACTTCAGCTTGTAGGTCTCTCTTCTTCTTGCCGAATTGCCTTTTCTCGAGGAATAGAGGCCGGCGACATGATTGATGCAGTAAAGGGATTAAATGTGGAGTGTGTTAACGGTTTCTTCCTTCTGGCACCTATGCGTTCCATTAAGAATAAAAAAGAATTAGAACTTATGAGAAAAGCATCTTCCATGAACGATAAAATGATGGAAGCTCTCACTACATATATTCGGCCTGGTATATACGAGAGAGACATCATTAAATTTATTATGAATTTTCATGAATCTCATGGCGGTTCTCCTCGCGTACCTTGCGTTGCTTCGGGTATTAACAGCGGCAGAGCCCATTATGGAAGAGATAACAATCGCCTTATAGAAAAACAAGACATAGTGATGGTAGATTCTGGCGGATGGTACGATGGATATAGCCATGATATGACCAGAACATTCTTTGTTGGGGCTCCTACAGATACACAAAGAAAAGTCTATGAAATTGTCTTGGAAGCTCAACTTGCCGCAGAAGAAAAAGTTCAGATAGGGGCTATCCCCAAGGATATTGATAGCACAGCTCGGGATATTATTACTGAACATGGATACGGAGAAGCTTTTACCCATCGTTTAGGACATGGTATTGGTATGGATGGTCAGGAGAGTCCCTATATTTCTCAGGCAAATGAAACTCCTCTTGTTGAGGGCAACTGTTTCAGCATAGAACCGGGAATTTATCTCGAAGGAAAATTTGGAGTTCGTATAGAGGATTTGGTGATGTTAACAGAATCGGGACGAGAGGTTATCAATCTCTTTCCGAAGGAACTCACTATTCTGTAAGGATATATGAAATAACGAAAGGACGGCGATTGTGATGGCTTCTGAAATTCTTCAGAAAGCTCTTGATATAAAAGAGTATATAGTTGAGGCAAAACGTAAAATTCACAGAGAACCAGAACTGAGCATGAAAGAGTTTGCAACAACAGCCTTTGTTCAGTCCGAACTGAAAAAAATGGGAGTAGAAATGATTCCCCTTGGTTCTAATGTTGGCGTTTTGGGAATTATAAAAGGTGAGAAAAAAGGGGAAGGAAAAGTTATTGCTCTTCGTGCCGATATGGATGCTCTTCCCATTCAGGAGACAACCGATATTCCCGATAAGTCGATTGTTTCAGGTGTAATGCATGCTTGTGGACACGACTGCCATACAGCGATGTTGCTCGGGGCAGCCAAACTGCTCATGTCAATGAAGGATCGTTTCTCTGGAACAGTCAAACTTCTCTTCCAGCCAGCAGAAGAAAATCTTGACGGTTCGAAATATATGATAGATCAGGGTGTTCTTGATAATCCGAAAGTGGATTACATTTTGGGTCTCCATGGACATTCTTCTTACAATGTAGGAGAAATAGCTCTTAGAGAAGGACCTTATATGGCTTCATCAGACTTCTTTACCGCAAAAATTACGGGGAAGAGTGGTCATGGAGCATATCCTCATCGTATAGGCTGCGACCCGATTCTGGCAGCTTCAAATTGTGTTATGGCTATTCAGAGTATTATTACTCGTCAAATCGATGCTCTTGATAACCTTGTTATTTCTATTTGTGAGATACATGGTGGTACT
CP133089.1_gap5	242835	246179	3344	AGAGCCTATCCCAAGAGGTTTTAAAGCTGCATTGTCTTATATCCCAAAAGGAGCGTTTATTTATAAATATGGGAAGCCTGTCGGAGTTGCTACTCAAGATATAGAGGCAGGAAAAGTTGTTCATGTGCACAACATTAGAAGTAACAGAGGCAAGGAGTATAGGGAGGAACACAAATGAACTCGATTTCTCTAAAAGGGTATAGACGGGCAGATGGAACGGTAGGTATCCGCAATCATATACTCGTGCTTCCGACAGTTATTTGTGGTAATTCTGTAGTAGAGGAATTAGGGCGTAGGTACCCTGATATCATTGCTATTTCTCACCCTTATGGCTGTACCTTTGATCCTTTAAGTAATAGGGAAATTACAGATATTTTTGTAGGCTTAGGTAAAAACCCTAACTTTGGAGCTGTTCTGATTGTAAGTTTAGGATGCGAAACAGTTAAACTTCTTGAAGTAAGCCGTGCCATTAAGAGGACGGGAAAACCGGTTGAAATATTATCAATTCAAAAATGTGGAGGAACACGAAAGACGATAGAAGAAGGGGATAAGATTATCCACCGTTTCTCCGAAATTTTAAAAAGGGAAGAGAAAGTAGATGTTGCTTTATCTGACCTTATCATTGGCACAGAATGTGGCGCTTCCGATAGCTATTCTGGGCTTTCCGCAAATCCCGTGGTTGGTAATGCCTGTGATAGATTTGTTGATGAAGGGGCTACTGTCTTTTTAACAGAAGTGACAGAATTTATCGGTGCGGAAGATATTTTAAGGCGACAGTGTAAAAATGAAGAAGTAGGTTCTCAGCTTATGGAATTAGTGGCAATGACTGAACATTTTATGGCACGTGTTGGACATAGTGATATTGCAGACATTTCCCCAGGGAACATTGCTGGGGGGCTGAGTACGATAGAGGAGAAGTCCTTGGGGTGTATTCGTAAGGGAGGTACCAGGCCTATTGTAGAGGTTGTTGGTCATGGCATTCGTCCTCAACAAAAAGGATTGGTTGTTATGGATGCACCGGGACATGACGTTGAATCTATGGTTGCTATGGCAGCTGGCGGGGCAAATTTGATTTTTTTCACTACTGGCAGAGGAACTCCAACGGGCTGTCCAGGGATACCTGTCATTAAAGTTTCAAGTAATTCCCAGGCGTTTGCAAATATGAGAGATAACATTGATTTCAATGCAGGTTTAGTAATTGACGGAGATAAGAGTATTTCTGAGCTGGGAGAAGATCTTTTTAATTATGCCGTTACTGTGGCAAATGGCGAGGAAACTGCTTCCGAGCGATTACGTTGTCGAGAATTTGCTATACGCAGGCGTGGTGTTGATGCTTACATTATTTAGTAAAAAATAGGGCCTTGAGAAAACTCAAGACCCTATTTTTTTACTCTACAAGATGTATGGCGAAACCTGATATTTCAATATCGAGGTAAGCAACTTTTAACCGCCCATCTTTTCTTTTTTCTGTTTCTGGTCTGGTCTTTATTCCCATTTGTTCAAAATAGGCTACGGCACGTTCAACGCTATTCGTATGAATGGCGATATGTCCTTTGCTGCCAAGATAGGGAGATTTCATTATTTCAAAAGATTTGCCGGCAAAAACCGAGCTATTTCCGTTTTTTACTGGCATATTGAAGAGCTTTTCGAAGAGCTGAGCACAGCGTAAAGCTTCTTCTTCCGAACTTTCATTGATCCCTATGTGAACCAGAGAAAAATTATGCATTGTAAAAACAGCTTCGCGTACAAGTTTTGTTATTTGATCGAATGCTTTGGCCGCCACTAAGTCTCCTTTTACCATCCAGCTGCCGCCGCATGCGTGCACTACAGGTAAAGCGAGATAGCTATTCAAGTTCTCGGCATTTATGCCCCCTGTAGGAATAAATTTCACATTTCGATAGGGGCCGGCCAGGGCCTTGAGCATTGCGACACCGCCTGATGCTTCGGCAGGAAAGAATTTTAATATAGAAAGTCCTCGTTCTAATCCCATTTCAATTTGAGATGGAGAGTTAACTCCAGGTGTTATGGGAATATTGTTGTCAATGCAATAATCTACAATCGTAGGATTAAAACCTGGAGAGACAATAAATTGAGCTCCCGCATCAACTGATCGTTTCACCTGATCGATTGTCAGTACAGTTCCAGCACCAACAAGAAGGTTGGGAAGGTGTGTTGATATTTGTCGTATGGATTCTTCTGCTGCATCTGTTCGGAATGTAACCTCAGCTACTGGAAGACCTCCATCAATAAGGGCTTGTCCCAAAGGAAGGGCATCTTCGGCATGGTCAAGTTTTATTACAGGAATAAGACCACATTTCCCAATAGTTTCAAGAACAGCGTTCATATATACCCACTTCTTTCTTTAAGTTTTCTTGTTTTTTAGTTTTCAAAATCCATATAGGCTCCCAACATTGCCGAACTTGCATGGCGACTGTAAAGAGCGAGGATTCCTTTTTTCTTTTTCGTCATTGGAGAGATATATTCTTCTCTGCGTTTTTTGATAACGTTTTTCATTTCTTCTTCAGTATATTTTTCTCCATGGACTCCAACAAGAGAGAGTCGACGTTCAGGAATGTTTATCTCTATAAGGTCTTCCTCTTCAACGAAAGCTATTGGACCTTGCTGCGCCGCTTCAGGCGAAATATGTCCGATTGCTGGTCCTCGAGTAGCACCAGAAAATCTTCCGTCAGTGAGTAACGCAATAGAAGACGCTAATTCAGGATCTGAAGCTACTGCTTCTGTTGTATAGAACATTTCTGGCATTCCAGAGCCACGAGGTCCTTCGTAGCGTATAATGACAATATCTCCAGGCTGTATAACCTTGTCAATAACAGCTTGATATGCCTCTTCTTCGCTGTTGAAAGGACGTGCTCGTCCGATCATGACATTCATTTCTTTAGGAATAGCGGAGTGTTTAACAACAGCTCCCTCTGGAGCCAGGTTTCCTTTTAGAATGGAAATTGAGCCAGAAGCGTTGAGAGGAGCAGTTTTGCTTCTTATAATCTCTTCTTTTTCAAAGCCACGTTCGGCAATAAGTTCTTTATGATGTTCAAAGTATCCTGCCTTTTCCAGCTTTTCAAGGTTTTCTCCCAGTGTTTCTCCAGTTACGGTTTTTACGTCAAGGTTCAGAGAGTCTCTAATTTGTCTCATAACTTCTGGAACTCCGCCTGCTAACCAGAAAAGCTCTGATGGATGCTTCCCACTGGTTTTTATATTAACAAGCCATGGAATATTACGGTTAATACGGTCAAAAATATCTGCATTAAAGGAAATTCCCGCTTCATGAGCAATAGCAGCGATATGCATTACGGCATTCGTAGAACCTGCAATTGCAGCATGAACCA
CP133089.1_gap6	354112	356528	2416	CAGGCTCATTACCTTGATCCGGTAGAAATTATTGGTCCTCTTGAATTTGTAGGTGCACAGGGAATTATTGGGAAAAACGAAGAGGGAGAATTGTCTATTCATCTACATGGAGTAGTGGCGGGTGAAGATATGCACCCCCTGGCGGGGCATATTGTTGATTCTGGACATAATAAGGTTTTAGCTACAGTTGAAGTTGTGATCAATGTTTTTTCCGATGTACAGATGTTGCGTTCTTTCGATGAGGAAACGAGATTTACTCTTTTTAAAGTTACTTCAAAGAACAATAAGTGATTGTTGTACTAGAAACAATAAGGCTAACTAGATATTAGCAGGGGGTGAAATAACCGAAAAAGGGGAAAAATGTGGTAGCGGTACAGGTTACAGAATTGAGGAATACCCATTACATCTCTAACAGGAGGGAAAAGAATGCGTAAACTGATTGCTGTTGTAACCTTGGTGGTTTTGATTTGTGGGCTTTCCATTCCTGCTCTTGCAGCTTATAAAGACGAATACAAAATGAGTGTTAACGTAGCAGCACAGAGTGCCTGGGGAAAGGGCGCAGGAAAATTTGCCGATCTCGTTGCTGAGAAATCAGGTGGAAAGATCAATGTTAAGGTTTACTATTCTGCACAGCTTATGGCTGGGAAACAGACTTCTGAGTTTATGATTGTTCGAAATGGAGCAGCTGATTTTGCTCTCTCTTCTACAATTAACTGGTCGCCTCAGGCAACAGAGTTAAACTTGTTTGCTCTTCCTTTCTTTATTTCAAGTCAGCCCGATCCCTATAAAGCTCTTGATGCAATAGAGGCGGGAAAAGCAGGTAAGATAATTTCTGATGCTCTTCAGAAAAAAGGAGTTACTGTTCTTGGATGGGGAGAAAATGGTTTCCGGGAGCTTACAAATGGCATTAAACCTATCGTAACCCCTGATGATATGGCTGGAATGAAAATACGCGTAGTAGGAAGCCCTCTCTATCTCGATATTTTCAAGGCTCTGGGTGCTAACCCCATCAATATGAACTGGGGAGAAGCAGTAACAGCATTCCAGCAGGGCGTTGTCGATGGTCAGGAGAACCCCGTTAACTCAGTTATCCTTCCTTATAAAGTATTTGAATTTCATAAATACCTTACAGATTGGCACTATGTTGTCGACCCACTTATGTACGCTGTAAACAATAAGATATGGTCATCTTTTAGCCCCGAAGATCAGAAAATGCTTATGGAGTGTGTTGAAGAGGCTTCCAAATATCAAAAGGCCCTTGCTCGGGTTGGTCTTGACGATGGCTCTTCAATAGCTTATCTCAAAGAAACGGGTGAACTTCCAGAGGTTACCGAACCATATAAATACCTTGAAGAGCAAGGTATGACTATAACGAAGTTAAGTGCCGATCAGGTTAATGTCTTTGTTGAGAAGACAAAATCTGTTTTCGATACATGGAAAGATAAGATTGGTAAAGATTTGGTAGAAGCCGCTGAACAGGATATGGCAACTGTAAAGTAACTGCTACGGTTTCAGAGTGAAAATGGCGGAGGAGGAAGACCCTTTTCCTCCTCTTTTTCGAAAAAGGAAGGGATTGTTGGCCTTATGCTGAAAAAAGTATGGAATCACTTTGAAGAGCTCGTTGGAGCGGCAATGTTGATGATTATGGTCAGCATAGCTTTTATCAATGTTGTCACTCGCTATTTTATAAAATACCCCCTCTCTTTTACTGAGGAAATTGAAGTCAACCTCTTTGTATGGCTTGTTATGTTGGGAACGTCTATGGCCTTTAAACAAGGAGCCAATTTAAGCATGACCTTCATATACGAAAGGTTGGCTCCAAAAGCGCGAAAAGTTTGTTTTATATGCTCCACAGCAGCAACCATTATGTTTTTCGCAGTTCTGGCTTATTACGGATATATTGAAGTTTTGGATGAGATTGCACTGGACGTAACCACAGAATCACTGGATATACCAGTCTGGATATATACCATAGCTACACCAATTTTTTCTGTGCTTATTATTGTACGTCTTTTACAGCATTCCATTCAAACATTCAGAAATCATCAGGTTTAAGGGGGACTTATCATGTCTGAAATATTTAAAGACCCCGCATTATGGGCACTTATCATTTTTATAATACCTCTTTTATTGAGATTCCCTATAGCTGTTGCTCTTGGAGGGGCAGCTCTCTTCGTTTCATGGTTCTGGGGATTAGGGCATCAAATGATTTCCTACAATTTTTATGCAGGTATTGCAAAGTTCCCTCTTTTGGCTATTCCCTTCTTTATATTGGCAGGCGTCATTATGGAGAAAGCAGGGATTGCCGGACGAATAATTAATCTCATTAAGGAATTGGTCGGTTCTGTTACAGGCGGACTCGCCATTGCAACGGTTGGCGTTGCTACTTTCTGGGGGGCGGTAAGCGGTTCTGGTC
CP133089.1_gap7	390212	392416	2204	TTCTTGATGCAGTTATGATAATGGGGCTTAATATGGGGCTTGAAGGAGCTGCTTTTGCTACCATTACTGCCCAGCTTATAGCTGCTTTATGGGCAACATCCTTTTACGCGAGGAATAAAGGACGTTTACGTATTCGATTGATAAATTTACGATTGCGCAAAAGAATAGTTAAAAGGATTGTTTCCATAGGAATGGCTCCTTTTTTACTTGAGGCGACCTTTACTTTTATTTTAGGGCTACTGAATCAAGTTTTGAAGGTTTATGGTGGAGAAATAGCTATATCAGCTCTGGGAATATTTTTTAGTCTTGATTCTATGCTTTTCCTTCCTGTTTTGGGGATCGGTGAAGGAGCTCAACCTATCATAGGGTATAACTTCGGTGCTAAACATATCGACAGGGTTAAATCGACGGTGAAGTGGGCACTTGCCGGAGCCTTATCGTTTTTCGGTTTGAGCTTTATTATCGTTTTCTTTTTGGCCCGACCTCTCGTTATGATTTTTAATACGACGAGCCCAGAACTTATTAATCTAGCAGCAAGAGGGCTTGTTATTTCTTACAGCTGCGTAGTTTTTGCTGGGATTACAATCATTGCATCATATACGTTTCAGGCTTTAGGTTTGGGCCGTCAGAGCTTAATACTCAATATTATGAGGCAGGTTATTTTTTTCATTCCGCCGCTTTTAATCCTCCCTCCTCTTCTTGGAACTGATGGAGTTTGGTTGGCATTTCCATTCTCTGATGTGGGAGGAGGCTTATTCGGTGCCTTTTTACTACGGCGCCAATTTCGGGATTTTGAGCGCTTTAGAGTCGAAGAAAAGGATAACGAAAAAATATAATGCAACCGGTTGCATTATATTGAGTGTTGACGTATAATGCTTCCTATGAGGGAGGCGATGTCTATGTGGATGAAAGACATGAACGGAAATTGGTATAATAGTGAGCATGCAGTTTCGAGCAAAAAGATGAACGAGTGCCAGGGATATTGGCAGAAGGATTCTTATGGCAATTGGTATTGTGCAAAAGCGGATTTCTCCCTCATTCGTGCAACGTCTAAAATGTCTTTGTCGTTAGGAAGAGCCTCGTAAATATTTTCTTATTACGTTATAGTATAAGTATTTAATATTGAATTTAAATATTCGTTATGATATGTTGCCCTCATAGGCTTAAAGCTTGTGAGGGTTTTATTTTATGTAAAGGAGGAATAGTCAGAATGTGTAAAATGCAAAAAAAGATTGTAGCTTTTCTTTTCGTAGCGCTCTTTGTTTTTGCTTCTTGTGCCTGGGCTGAAACACCAGTATTACGTATGGCGACTACAACGAGTACAGACAATACCGGATTGCTTGACTACCTTGCTCCTCTTTTCAAAGCCGATACAGGTATTGAATTACAGTGGGTTGCCGTTGGAACTGGAAAGGCCCTGGAATTAGGTAAAAATTGTGATGTAGATATATTGCTTGTTCACGCTCCTGATACAGAAAAGAAGTATGTGGAAGATGGATATGGGGTAAATAGACGACAAACAATGTACAATGATTTTATTATCATCGGTCCTAAAGATGATCCCGCGAGAATTAAAGAGCTGACTGTTGTTGAAGCTTTGAGTAAAATAGCGTCTTCCAATGCTTCTTTTGCAAGTCGAGGAGATAAATCAGGTACACACATTATGGAAATGAACCTTTGGAAAGAAGCTGGTTTAGCGCCTGATAAAGAGGCATGGTATATACAGACTGGTCAAGGAATGATTAATACGATCAATATAGCGGCAGAGCGCTCTGCATATACAATGACTGATCGTGGAACTTTTATCAAATATGAGGATGTAAGCAAAGGGAATTCACCTTTTGCAATAGTAGTAGAGGGAGATCCCGTTCTAAGAAACCAATATAGTGTCATTGCTGTTAACCCTGCCCGCTGTGACAATGTCAAGTATGATCTGGCTCTTAAATTTATAGATTGGATCGTCTCTCCTCAAGTTCAGGAAAAAATAGGAAAGTTTGAATTGCTTGGAAAGACTCTCTTTTTCCCGAATGCTGATGCGCAGTAAAAAGCATATTTTATAGAGAAAGCGCTGCCTTAACAGGGTGGCGCTTTCTTTAACTGGAGGAATATCTTTATGGATTATATTTCTCAAGGAATTTTAAAAGCCTTCAGTCTTCTTTTATCTGGTGATGCACAGACATGGTCTGCTATTGTAACTACATTAA
CP133089.1_gap8	526074	528392	2318	GACTCTACTGAAGTAACCTTTCGGTACTTAAATGAAGAAGCTCTCTTTGCTTACGTTGAAAGCGGAGAGGGACTTGATAAAGCAGGATCATATGCTATACAAGGTCTTGGTTCTCTTCTTGTTGAGTCTATTCGTGGTTGTTATTTTAATGTTGTAGGTTTACCGTTATATTCTTTAAGTTGTCTTTTTGAAAAAGCCGGAATTTCCCTGGCTGATCAATGGAGGATGAGGAGTTAATGAAATTTAAGAAAGGGTATTTTACTCTGTTTATCTTAACGCTAACACTAATCAGTGCTGGCTTGGCCCTTGTTCCTCGCTGGAATGCGGAAAAAGAGCATAGGAATACTGCTATTATCATTGAGTATAGAGATGTACTTTCTTTGGCAAAGAAGAGTAACGAGAAGGCAGATATTGTTTTTGACAGACTCCGCCAAGCGGGGGTTTCAGGCCTTATTGTCTCTGAAACTATTGGTAAAGACCTTTCTTCAGGGTTGCTTCCCATTTATTATGGCACAGTAGCGGATCTTCCAGATGATCTAGGAAAAGGAATTAATGAGCCTTACGGTTCTGCTGCATTGTGGATTCCTTCAAACCTTATGGAATCGGAATGGTATGATACAGCCTTGCAGACTCGTTTCCCGAATAGCCATAGATATGTAAAAGAAGAGGGAGTAGTTTATGTGCTTCCTCATACCTTGGATGAACTATTAGAGACAGGGGTTTTGCCTGATTTTTCAGGACTTCTCTTTGCATTATCTACGGGAACGCCGGTAATGTACCGAGTTGCTCCAGTTACTCCTTCCGATACACAAAGCGAGATGACGTTACTTGAAGCGTTGCTTGACGATTTCTCTTCTGTTATACGTGTTATCTCTCCTTCCGGACTTTTTGCAGCTGGATATCCCAACTTAAAACCTCTATCTCATGTTTTAAAAGAGGCGGGAATTCCTGTAGCGATGGTTGAATTTTCAAGACAATTCGGAGCACCTCAGTTAAATTGGTTGATGTACCCGAATTTGCTTTCACTTCATAGTGTTACAACCGAAGAGATCATAAGTCGTAATATATCTCGACACACACTTTATGAGCGAATGCTTCGAGCGGCAAAAGAGCGAAGCGTGCGCTTATTGCTTATGCGTCCTTCTGTGATTGAAGCGGCAGAAGACCCTCTTTTAGTCTTCGAAAAAGAGATTCAGCGCTTATCACAAGGTTTATCAGATCAGGGGATCACTCTTCAATGGCCTGAACCTCTTTCAGAATGGAAAATGTCTTTCTTCGGGGCAGTGGCATGTTCTTTCATTTTCCTTTTGACCATTGCTCTACTAGCTGATCGTTTTGAACTTCTTAATTTGACATCAGTAAATCTTTCTCAGACGATTGCCTTTATAGTTATTAGCGTTTTTCTTGCTATAGGTGTCTGGAAAGTTTTATTTATAGCCCGTATTGTTGCAGCTTTTACTGCTGGCCTTCTTGCTTCTGAAGCGTGCCTTATGGCGTTGGAGCAGTGGAGAAAGCCTTTACGGGGGCTGATCTTCAGTTTCCTTGTCGCCCTCATTGGTGGGCTTGCCATAGCAGCTCTATTTAGTTATCCCATTTATACGTTGCGGCTTAGAACCTTTTCCGGAGTGAAATTAACACTCTTTTTACCCTTGATAATTGTGCTTATTCATGACTTGCGACGGCGGGTGCATCCAGAATCTCTAGGTCAGGTTCTTGCAAGACCTCCTCTTTGGGGAGAACTCGCTCTTATTGGAGGACTGCTTGCTGCTGCTGCTATTGTTCTATTACGAAGTGGTAATGCTCAATTTGTGCCAGGATGGGAAGTTGCCGTTCGCGATACTCTTGAGAGAATTCTTGTTGCTCGTCCGCGTAATAAAGAGCTTTTCGCAGGGTATCCTGCACTTTTGCTTTGGTTTTATTTTAGAAGAAGTCAGCTTTGGGGACGATACCGTGAAATTTTTAGATTGGCATCGACGTTAGCTTTCTCTTCCCTTGTTAATAGCTTCTGCCATTTCCATACGCCTTTGTATTTCATTCTCTGGAGAGAATTTAATGGCTGGTGGTCTGGTATTTTGCTTGGTGTATTCTTCCTTGTGGTGTTTCATTACGTTCTTCGGCCTCTGTGGAATCGTTGGCGAGGAGTGATTTGGGATTGAGTCGATATCGCCCCTTTAAGGTAGCCATTGCTGGCTATTATGGATTTAAAAACTTAGGCGATGAACTTTTAGCAGCGTCTCTTATTGCGTCACTTGAAAAATCCGGAGTGGCAAAAAGTGAAATGGTTGTATTGTCTAATTCTCCTGAAGAAAGCAGAATGT
CP133089.1_gap9	530119	532808	2689	GCACTTACAGAATTGGCTACTTTATATGACGACATAGTTGTAATAGATGGGGATGTCGGATCTTCAACTCGAAGTGTCGCCTTCCGTAATTTGCACCCTGACCGATATTTTGATCTGGGAATAGCTGAACAGGACATGATTCTCACATCTGCCGGATTAAGTCTCGCCAATTTTCGTGTTTTTGTCTCTTCCTTAGCATCTTTCCTTGTGGGGCGTGCTTATGATGAAATTCGTGAAACCATTGCTATTCCAGGCTTGCCTGTAAAACTTATTGCTACCCATGGAGGAGTAACTGTCGGAGAAGACGGAGCAACTCACCAAATGCTTGAGGACATAGCATTGATGAGAGCTTTACCTGGAATGGGAGTTCTTGTTCCTTCAGATTACAATTCTGCTCTTACGTTGATCAAAATAGCGGCTGAATGTACCAAGCCTGTTTATGTGCGTTTAGGACGGCCGGAACAGCCACTTCTTTATGAAAATAATGATACTGATTTTACGCTTGGTGGCGGCAGAGTTTTAAAAGAAGGAACAGAAGTGACCATATGTGCGTGTGGTATTATGGTTCATGAAGCATTAAAGGCATCAAAAATACTTGCGCAGCAAGACTTATGCGCAGAAGTTATTGATTGTTATAGTGTCAGTCCATTACCAGCTCAGCAAATTCTTGAATCTATTCATCGTACGGGTTGCTGCGTTGTTGCCGAAGAACATTTGCTTCATGGTGGATTAGGAGAAGCTATTGCAAGTCTTGTTTGTCGCAGTTATCCTGTACCAGTTAAATTTGTGGCTGTAGATAATAAATTCGGTCAGAGTGGAACGGCAGAAGAATTACAAGAATATTACGGGCTCACATCGAGCCAGATTGTGAGTGCTGCAGTACAGGTTTGGACGATGCGCAGGAGGTAAAAATGGATATACGCCTGGCAGGAGTCACTAAAATTTTTCAACCAGACATTACAGCTTTAGAAGACGTCTACCTTGATATTAAGCAAGGAGAGTTTCTTTATCTCGTAGGAACGACTGGATCGGGCAAAACAACTCTCATGAGGCTTATTACACGAGAACTCGTTCAAACACGAGGTCAAGTTACTGTAGGAGGACGTAACTTAAGGAAAATCAGACCTTCAGAATTACCGTATTATCGTAGAGATATAGGAGTTGTCTTTCAGGATTTTAAGCTTCTTCCCAATCTAACTGCGTGGGAAAACGTTGCTTTCGTTCTTGAGTCCATGGCGATGCCGCCTCGAATGGTAGAGAAGCGTACCAATGATGTAATAGACCAGGTCGGTTTGTGGCGTCGACGTTTTTTGTATCCCCCGCAACTTTCAGGAGGAGAACAACAGCGAGTAGCTATTGCTCGCGCTATGGCTAATTCCCCATCCATTTTTATTGCTGATGAGCCCACCGGTAACTTGGACGTTCATACTGCAGAAGATATTATGCGTCTTTTGATATCGCTCAATACTGCAGGGGCAACAGTTCTTATGGCGACGCATGATCAATACCTCGTAGACGCTTACAGACAAAGAGTTGTAGAGCTTCATGAGGGACGTATTGTTCGGGATGAAGAAAAGGGGAGGTATCTTATTGATGGCGAGCTTTAGATATGCACTGCGAGATACCTTCAGGTTGGTTTTTCGACACTGGGGATTGAGTGTCCTCACACTTCTTACTGCAGGTGCTGTTATATACCTTCTTGGTATGTCAGCTCTTTTTTCTTTGAATGTTCGGTCTATGGTGTCGAAGGTCGAGAGTGAACTCGTTGTTCAAGCCTATCTCAAAGATGACAGTAAGATTCAGCAAACGGTAAAGGAAATTAAAACTATTCCATATGTAACGCAGGTAAAGGCCGTATCACCAGAAGAAGCTCTTGAACGACTGCGTGCCAAACTGGGAACTAAAGCAAAAGCAGTGACCCTTCTTGGGGAAAATCCACTTCCATGGAGTATTGAGGTTAAAGTAAAGCGAGCTGGAGAAGTTGCTCCGCTTGTGCGAAACCTTACGACAATGCCGGCAATAGAAGAACTTGTTTATGCCGGAAAACTTGCGGAAAAACTATCAAAAATCTCTTTTATGGTCTCAAGAGTTTCCGTTGTAGTTCTTGGATTAGCCCTTATAATTAGTGCTCTTGTTGTGTATAACACTATTCGAATCTCTCTTTATTCTCGTAAAGAAGAGATACAGGTTATGGTCTTAGTTGGGGCGACGAAAACATATATTTCGCTTCCCTTTGTTTTACAGGGGATGATTTTAGGTTCCTTGGGAGCTTTATTTGCCGTTCTCGCTGTCGTGGGTTCCTATACTTCGGCGCAGGAGGCTATACGAACAACTCTGCCTTTTGTGGAACTTATCGGCGATTCGCAATTCTTGTTGAAGTTTTATGTATTACTCTTAGGAATTGGAACAACTTTAGGGTGGATATGCAGCTGGTTTGCGGTGAATCGTTTTGTTCGTGTGGCACAAAAGCCCCTTTGATATGAAAGAGTGGAGGAATAAGAGTCTCTTGAAGAACTTCACAAAAAGACAATTATTCGGTATTCTTCTAACGGTTTTTTCTACTTTTTTTGTCGTTTTGCCTGCTTTTGGATTAACGTCACGAGAACTTGACGAACAAATAGCGGCAGAAGAGCGTCGCATGACGATAATGGAAAGACGGACGGCTTATTATGAACAACTTATAAAGAAA
CP133089.1_gap10	541173	545615	4442	TTGTTACGGCATATCCCATGTCTCCTGCAACGGGAGTTTTAACATTTATGGCTCAAAAGGCTAAAGAGATGGAAATTATTGTTGAACAGGCTGAAGATGAAATTGCTGCAATAAATATGGCGATAGGGGCCTCATATTCAGGAGCCAGATCTATGGTTACGACGTCGGGAGGAGGTTTTGATCTTATGTGTGAAGGCGTCAGTCTGGCTGGAGTAATGGAGACACCTGTAGTTATCCATCTTGCTCAGCGTCCAGGGCCAGCTACTGGTATGGCTACACGTACAGAGCAAGGAGATCTTAATGTCGCTTTATATGGTGGACATGGCGAGTTTCCACGAGCTGTATTAGCGCCGGCTTCTCTTGAGGAAGCCTTCAGACTGTCATCAAAAGCCTTTTATTTGGCTGATACATATCAGATTCCCGTTATTCTCATGACAGATCAATACTTTCTCAACACATATTATGATATGGCTATGCCTGATGTGAAGGGTACGTTGGTCCCCCCTGCAATTGTTGAAGCGAATGACAATTACAGACGGTACGAGATAACTCATGATGGAATTTCACCGCGAGCTGTTCCAGGATATGGAAATGGGTTGGTTGGAGCAGATAGTCATGAACATGATGAGATTGGACATGTGTACGAAGACTTTGATCTTCGTGAACGTATGGTTCAAAAGCGCTTGCGAAAGATTGAGAGCATGCAGAAGGATATCGAAGAGCCGTTACTAATTGGTCCAGAAGATTTTAGAACGCTTATTATTGGATGGGGGTCAAGCTTCCATATTATTGAAGAGACGTTGGAGTTTATAGGACGTTCTGATACAGCTTTAATGCATTTTCAACAGATCTATCCACTTCCTCAAAACATAGGAATGAAGTTGGAACAAGCACAAAAGATTATCGTTATAGAAGGAAATAAAACGGGTCAATTTGCAAGATTATTGACACAACATACAGGGAGGATGATTGATTATGTTCTTCCTTATTATTCTGGGTTGCAATTCTCAGTAGAGCAACTGACGCGAGACCTTGATTCTTGTTTAAACGGGGAGGTGCTGTAGATGACTACGCCGAAAATTTTCGACCTTCCAGAAGCTGATATAGCGTGGTGTCCGGGATGTGGCGATTTTAAAATACTTGAAGCTCTCAAATCTGCTTTTTCACAATTAAACTGGCAACCTAATGATGTAGTTGTTGTATCTGGTATAGGTCAGGCTGCGAAGACACCCCATTTTATAAAATGTCATTTTTTAAATGGTTTACACGGTAGAGCTCTTTCCAACGCGACAGGAATTAAAATAGCTAATCCAAAACTGAATGTTATAGCTATAGGTGGAGATGGAGATATGTATGGGGAGGGCGGAAATCATTTTATCCATACTATTCGTCGGAATCCTGACATTACAAATTTGGTCTATAACAATATGGTTTATGGTTTAACGAAGGGACAAGCCTCTCCTACAAGTTTTACTGGTTTTAAAACACCTGTTCAAGTAGATGGCGTATTTGCCACTCCTTTTAACCCTTTAGCTGTTGCCATTGTTTTGGGGGCTACTTTTGTTGCACGAGCTTTTGCAGGAGATGTGGAACAAACAACCTACCTAATAAAACAGGCTATTGAACATCGTGGCTATGCGCTAATCGATATATTTCAACCGTGTGTTTCCTTTAATAAGATAAATACATATAAATGGTACGAAGAGAATACATATTATATTGATGATACTCATGATCCTGAAAACCAGATCTCTGCGCTTTCTTTAGCGCTAAAGAAAGATAAATTCCCTTTAGGTGTTTTGTATAAGCAGGAAGGAAGAAAAACATTTGAGGAGAATTTTTCTCTGTATAAAGAAAAAAGAACGCCTCTTTTTCAAAGAAGTGCTAAAATCAGAGAAATTGAAACTTGTATTACAGGTATGATGTGAGAACGAAAAGGATGTTTCTTGAAAGGGAGGGAAGAATAAATGGAAGGGTTAATTCCGTTAGGATATGAAGCTCCTGATTTTTCGTCAAGAGACCAAAACGGTAAAAACGTAATTCTTTCCACTTTGATAGGGAAAAATATCTTGCTTTCTTTTCATCCTTTAGCTTGGACAAGTGTTTGTCAAGCGCAAGTCAATACAATAGATACTCATATGAGACTTTTTGATAAATTAAATACTATACCTTTTGCTCTCAGTGTAGACTCATATGCCAGCAAAAAGGCATGGAGTGACGCCCTTGGAATAAAAAAGCTACAATTCCTTTCTGATTTTTGGCCTCATGGTTCTATAGCGAGACAATATGGCGTCTTTAGAGAACAAGATGGAATTTCTTCTCGTGCGAATATACTTCTCAATGAGAAACATGAAGTCATTTTTACTAAAATATACGGACTGGAAGAAACACCTGATCTTCGAGAAATAATCTTCGTACTTAAAGATTACACTCGAACTGAAATCCCTAATATTGAAATTGAAATACAAAGATGCATGAAAGATGCTCTGGGTAGAACTGTCTGTATCAAAGATAGCAGAGCCAAAGGTATCGATGCAACAAACTAGATGAGAAAACCCCCCAGTTCTCGGGGGGTTAATTTTGCCAGTTGAGGCTGAGTATTTTCTTCCAAGAGAAATTAATAATAGCTTCTCGCGATGGAGTTTGCCCTTTTCCCATTTTTTCAAAATCGTCGTAAAGGTTGTTATAGGCGTTTTTTATTACTGGGTCCGTTTCTGCTTGACGCACGAGTTCCGTAATAGGTAGAAGCTGCTTGTAAACTTCAGGGACAAGCACAAAGTTAGGACCATCACGTGTAAGTCCGACTGTGTAGACAAATGTGAGAAGGGAAGAACTTTCTCTTTCTATATTTTCTAACTCAGAATATGACGGAAGTGTTGGAGATACATAGAGAAAAACATCATCAGGCATGGATAATTGCAAAGGTAAAGAGTCCCAACATGAACCCCCTGCTGGTGTAATGGCTAGCCATGCTCGAGGCGTTTCTGTGAGAGAGGTGATCCAAAGAAAGTAAACTTTGGAAGTGTTGCTATCAACAAATGAGAGTCGCCATATAAGGTCAGGGCAAAGATCACTGTCTGCCAGAGGTTGGCGCCACGCACTGCCGGTGATCTTTTTCCCTTGAAGCACATTGAGTGGATGAAGTCCCGCTGGGGAACGAAGCCAAGCTTCTTTGATAACGCCTCTATCACTTTGTATCGTCAAGGCCAGAGGATGTCCTGGCACAGAGTATATTCTAGTTGTAGTTGCTGCTTCCAAGGAAAGAGGTGCTGTTAAAAGAAGACAGACCATATAAAAGATGAAAGAAATTCTGATCTTTTTAAAAGACATAAATGCTAAACACCTCCTGTTTTACAAACTTGAAATTTTAATTAAAGTTTCATCTTGTAGATTGAGTTTTTGCGCAAGCGCATCAATAGTTGTCTTTGAAAGAGGATGAACCCAATCTGGTGCTATTTGTGCCAATGGGACAAGAACGAAAGCTCTTTTATACATTTCAGGATGAGGAATGCATAAGGTGGAGCTTGTATAGGTTTGTCCATTTTCTAAAAGTAAAATATCAATGTCTATTTCTCTCGGTCCCCAGTGAACTCTTTGTACACGACCTATTTCTTGCTCTATGGTCTTTATAGTAGAAAGCAACTCTTCAGGTTTTGCTTCAGTTTCTATAATTACACACGCATTTAAAAAACGAGGCTGTTGTGTCACGCCTACTGGAGCGGTTTCAAAAATATCACTTTTTGCAATAATGGCGATCTTTTTTTCTTTCAACAGCTGCACTGCCTTTCGCAGATTTCCCATTCGATCACCAATGTTGCTGCCTATTCCTAATGCAACGCGCATCACATTTCTGCCTCCCTTACCGCTTCTACCATTTTTATAACATCATGTGTAGCCTCTACGTCGTGAACTCTAACGAGTTCTACTCCTTCTTGTGCGCAATGAGCAGAAACTGCAAGGGTTCCATAAAGGCGAGACTGAAGGTCCTCTTTGGCGAGAATAGTTTTTATAAAACCTTTTCGCGAGTGTCCAATGAGAAGAGGATGGCCTAAACTTCTAAACGATTGTATTGACTTCAAAATACGGAGATTATCTTCTAACCGTTTTCCAAAACCTATGCCTGGGTCAATAATAATACGCTCTGCTGAGACACCCGCATCTTGAAGCCTTTGTAGCTTTTCTTTGAAATAGTCGAGGCTTTCCCCAATAACATCATTATAATACGGGTTTGTTTGCATATTCTTAGGGGCCCCCTGAATATGGGAAAGAACATAGGGTAACGTAGTCTGAGCTACTGCCTCAAGCATTTTATCATCAAGGGAGAAACCGGAGATATCATTAATAATATCTGCACCGTTTTCTACTGCAATTGTTGCAATTTCCCCTTTATAGGTGTCTACTGAAATAATCGCTTCAGGAAACTCTTTTCTTAATGACTGAAG
CP133089.1_gap11	546639	547601	962	CCGAAGGATATTCAAGTGCTATATCCGTTTTGAGCCGGCCTTCCCATGAACTGAAGTTAATATTATTTATCCCTTCTAGAATCTCAACTTTTTCTATTGAGCATGATGTAGCTATTGCTGACGCTGTCTGGCGAGCTCTGAGCAAGGGACTTGTATATGCATATTGAGGAGAGAGAGCAATAAGGGCTTTCCCCAGATCAGAAGCTTGCTCTAGCCCTCTTTCGTTAAGTGGATAGTCGACTCGTCCTCGGAATCGTTCTTCCTTGTTCCCTTGGCACTCACCGTGACGAGCGAGAATAATAGTGGTGTGTTTATATTGAGATGCCATATAAAAGCCTCCTCACACTTTAAAAGGTATTTTTATCTTTATATCAAAAGAAAGTATAACAAAAAAAAGTATAACAAAAAGGCTGACCAGTCTTGACAATACACCCCAGGGTTGATAATCTACCTTTTGTAAACATGAGGGCTAGCACTCATTGGCATAGAGTGCTAATACGTCCTCAAGAGGAGGGAGCTTTGTGCTTACCGAGCGACAACTAGAGATCGTTCTTGCCGTTGTTTATGAGTATATACAGACTGGGGAACCTGCCGGTTCCAGAACAATTGCTCGTAAATACTTAAAAGGTTGCAGTGCTGCCACGGTAAGGAATGAGATGTACGATCTTGAGCAGATGGGGTATTTTTACCAGCCTCATACGTCAGCCGGGCGACTTCCTACGTCTAGAGCATATCGTCTTTATGTCGACTCTATATTGCATCGAAGAAGAATTGCACCTGTGGGGTTTAAAAGTTGGAGAAATGGTATCAAAGACCAAAAGCAAGGTATTGAATCCATTCTTTCGTATGCCTCTCAACTCTTGGGCCGGGTTACAAATTATGTCGGTGTGGCTGCCATATCCTCTCTTCACGAAGTGGAAATACAGAGGGTAGATTTTGTCCGTCTTGGGGGAAATGCCGTT
CP133089.1_gap12	610834	615252	4418	GGATATGTTTATGATCCTGCAGAAGGGGATCCTGATAATGGTATTGCCGCTGGAACATCTTTTGAAGACCTTCCGGAAGATTGGGTTTGCCCAGTTTGTGCCGTTGGAAAGGATATGTTCGAGCCAGAAGAGTAGTCTTTCTTGTGGCTTGTTGTATAAGTCTTTTTAATTTAGTAGAAGGAAGAGGGGATTTTTCCCCTCTTTTTTCTTGACTTCTTCCTTGCCTGAATTATAATAGACCAATCTTAAACTATAGTTCTAAAATTTGACTATATGTAACTAGTGTTTAAATAGGGAGGAATAGGTATGAAGAAGTTAGTCGTGTTGCTTGCTGTTATTTTTGTTTTTACGAGTGCTATTGGTGCGATGGCTGCCCAGTCAGCTCTTGAGAAAGATGTTATTCGAGTAGGAACCGAATCGACGTTTCGCCCCTTTGAATTTAGAAACGTTGATAATGAAGTTGTAGGATTTGATATTGACCTCATTAACATGATAGCAGAAAAACTTGGTAAAAAAGTTGAAATCGTAGACTCATCTTTTGACTCTCTTATCCCTTCTTTGCTGACAAAGAAGATTGATATTATAGCAGCAGGAATGAGTGCAACTGAAGAGCGAGCAAAACGCGTTGCCTTCTCAGATACGTATTATCTTACCCCTTCCGCAGTCGTTGTTAAGGCAGAAGAGTCGGGAATAACAAAGGAAGAGGATTTAAAAGGTGATAAAGTGGCTACCGTTCAGATGGGTACAATTCAGGATGCGTACGTCTCTAAGCTTGGTTTGAAAGAAGTCAAACGTTTCTCGAAGACGGATGACGCTTTCAGAGAGGTTCTTCTTGGACGAGCCGATTTTGCAGTAGTAGATGGAACTGTAACTCAGGAAAACCTTGAAAATAACAAAGATTTTACAGATACGCTTAAGAAAGCTTTCAACCTTTATATCGATAAGGGAATGGCCCTGGCCATGAGTAAAGATGATCCTCAGTTCGTAGAGGCTGTCGATAATGCTCTTCGCGAGCTTAAAGAATCTGGGGCACTTGATGAGCTTGAAAAGAAGTGGATGGGAGAGAAATAGTATTTAAAAGCAAGAGCTAGAAGTTTCGCTACGTTGCTTAACTATACGAGATAAAGCGATGAGAAATTACCGTGTAAGGTAGTTTCTCATCGCTTCTTTTTTATGTAACGTGGCATTAAACGCTTCTTAGTTCTCTTTATTTTCCAGCTGGAAGAGAATCTCTTGTGTTACCCTAAAAAGCTCTTCTTCCTCAAGACTCTTGCTTTCTACAATCAATGTGGTGTGTTCTGGAAGACGGATAGATAAAGCTTTTCCAACTTGCGGGTAGCTTTCGAGTAGCGCTCTGTATTTTCCCAGGGAGAGAGTGCGGTAGGTAGCTCCAAACCCCATGGGGCGGTCATCTGTGTTAACTTCCTTTTCAGGAATGTAAAGATCGCCGCTTCCTGAGCCAGAGAGCACCGTAAGACTGAAATTACGCCCACCTGGGGCAATATAACGTCGTTTACGCCATATGCCATAATTGCCAGAAGGAGCCTCTAGTTGTTGTGAAAAAAGGTCTTCTCCTGTCCATCCTTCAAGATCAGGCAACGTATCTATTGCGGCTGAAGATACTTCTGCAGAGAAGAGCAGAAGCATCAACGAGAAAAATACTATTTTATGAAAAGGTTTCATCTCTATCCCTTCTTTCGAAGACAACTCTTTAGGTGATATTTTAGCATCAAAAAAGGGGCCCGAAGGCCCCTTCCCCTCAAATAGAACTACAGATAGCTTGCAAGCCCGAGTTCTATAAGTTTTTCTTCTGTTGGTATTCCTTCTTCATTCCATCCTCGCAACGAGTAGTATTGAGGAAGCATGGAATCAAGACGATTGACTCGTCCCTTCATAGGTCCATTGGGAATTGGATCTTTCAACAAGCGTGGAGGCAACGTGTCGTCACTTTTTGAGAGACCTGCCTTCATATTGAAAAGACGTTCGAGGTTCCAGATTCTATCTCCAGCCTGCATGAAGCTTTCTTCTGTATAATCGACTCCCGTTACTGCCGCAAGTTGAGGAGCAATATCTGCGGCTCCAAGGGCGAATGTTGTGAAAAGGCACATTCCCGCAGAGTCAAGGGCAGCGGTGAGATCTTGAAAAGCCTTGAGCCAGACGGGTTTAGTTTCGTTATCTTCAGGATCTATTTTTTCGGGAGCGCCCAATACTTCAGGTGAAGTCAAATAACCTCTTACATGGCACCCGCCTCGGTTGGAAGTTGCGTATTCAAGACCCATACCTTGCAAGGCTCGTGGGTCGTAGGCTGGCATTTCCTGCTTTTTAACGGTCATGGAAAGTTCAGGATGGCCCCATTTTTCAGCCAATCTCCACGATCCTTCAGCAAGTTTATCGCCAAATCCACGTCTATAGGCTGTATCTTCTGTTAACTTTACCATAGCGTTAACATTGCCAAAATGCAAGTCATATCCAGTTTCATTTTCGGTAAGAACGCCCATTTCGTAAAGTTCCATGGCGCAGGCTATAGTGGAACCGAGTGTTATTGTGTCCATTCCCAGTTCGTTGCAGATAAAATTGGCTTTGACAATAGCATCAATATCGTCAATGCCGCAATCTGGGCCGAATGACCACGTGCTTTCATATTCTGGCCCTTCACCCTGCCCCACATAGATACCGTTGCTCTTGGCAACTCGTCCACATCCGATTGGGCATCCCATACAGCCCTTATTTTTTATGAGGTTTTTCTCATTGTATGTTTCGGCACTGACTTTATCTGCACCTTCGAAAATAGCTTCTCTGAAGTTTCTTGTGGGAAGAGCTCCCGCTGAGTTGATGATGCCGACAAGTACGTTTGTTCCGAAGGTTGGCAGTCCTCCTGATGTTACTGGATGTTCTTTGAGTTTCTTTCGTGCAGCGGCTACGCTCTGGAAAACGGCATCCCGATCGGCAACTTTGATGCCCTTCGTTCCTCGAACGACGATGGCTTTAAGATTTTTAGAGCCCATAACGGCTCCTACACCGGAACGGCCGGCGGCTCTGTCTTTTTCGTTCATAATGCAGGCGAATTTAACGAGGTTTTCTCCTGCCGGCCCGATACAGGCTACTTTTGCTTCAGAGTCTGTCTCTGTGAGCAGGGAGTCTGTTACGGAGTGAACATCCTTTCCCCAGAGATGACGTGCGTCACGAATTTCTATCATGTCATTGTATATGTAGATATAGACTGGAGCTTTGGCTTTTCCTTCAAGAATGACCATGTCAAAACCGGCATATTTAAGTTCCGGTCCCCAGAACCCCCCCGAGTTGGAAGCCGCAATGGTTCCCGTCAGAGGTCCCTTGGTTATAACATCGTATCGTCCTGATGATGTGGTGAGGGTGCCGGTAAGAGGTCCCGTGGCAAAGATGAGTTTGTTTTCAGGGCTGAGCGGGTCGACTGTTGGGTCAACTTCATCTATATAGTATTTTGTGCCAAGGCCGCGTGCTCCTATAAAGAGACGGGCGTCTTCGCTTCGAATAGGCTCTATTTTCCACGTTTTTTCGCCGAGATTTACACGTAAAACCCGACCTGTCCATCCAAACATTATGCCTCAACCTCCTCAACTATCGCTGCAAATTTAGCGGCATAGGCTCTTTTCTTTTCGAGGTTATCCTTTTCGGCAGGAACATATTGAAGAGCTTCGGTAGGGCAGAAAAGAGCGCATTGAGGATCACCATTGCATTGCGTGCACTTAAAGGCGCTTTTGCCCTCTCTGTTATAGGAAATGTTCCCGAAAGGACAGGCAACTACGCACATACGGCATCCAATGCATTTTTCTGAATGAATATTAATAATGCCCGTTTCCTGATCCTGTTCCAGTGCGCCAGTCTTGCATACTGATGCGCATGGAGCGTTTTCACATTGCAAACATGTCATGGGAACATGTATTCCCAGTTCGAATCTGAACACTTTGATTCGAGCCAGGGAAGGACGACATTCCCCTTCCTGAGACAAAGAACAAGCTACCTCACAACTGCCACATCCAATGCAGCGATCTGGCGAAATGAGTAATACTTTTTCCATGAACTTTTCTCCCCTTTCACATTTTGCAATATAGTTGAATTAGCCTACCCCCGTGTTGCTTTTACTTTTGAAAAAACAAGTGCGTACGCTTCCTCTTTACGACGACATTGCGGGCATATCTCTTCATAAGAGCTAAGATCGTTATCGTCGTCGTAGTTGAGAGCTGCCCGTTCTAGCTGCTCTTTTGTTGCGAAAAAGCGTCCACATCGAGTGCACTGTACAAGTTGGAACTCTCTTCCCCAGAGTATTCGTACGCCATCCTTTTCCAGCTTTTCTATAGCGCCGGTTGGGCATACTTCTGCGCATGCGCCGCATCCGATACACGACGTTGGCGGTTCCTTGAAGGGCGATGTGACCTCTC
CP133089.1_gap13	638535	642678	4143	GATTTTACTCTTGTCGAAGGCAAGGTCGGCTCTCTCGACATAGATATAGATATAGATGCTGTCGGTGAAGGAAGCCGCGTCGAGCTGACATCGAAGGTCTACGGCAAGGCCGATGATTCTGTAAAAATTCAGGATGTCGTGAAGCTTTCAGGGAAGAATAGCTCCGCTCTCATAAAGACGAGAACCGTATTGAAAGATCATAGCGTAGGCAGTTTCATGGGCATGATCGACGGAGCTGCTCCTGGTGCGAAGGGGCACGTCGATTGTACTGAAGTTGTTCAGGGACATGCCATAGCCGATGCCTCGCCTGTGGTGAGGGCATCTCATCCGGAAGCGGAAGTGACTCACGAAGCGGCTATTGGCCGTATTGCTGATGATAAAATTGCCGGGCTCATGGCGAAGGGACTTACTTCCGACGAAGCTATAGACATGATTGTTTCGGGCCTTTTGAAATAGCTTTTTGCCGGCAGAGAACGGGAACATATTGAAACTAAAATTAAGAAGCCTTTCCTCGACGGGAAAGGCCTCTTTTTATACTGGCTTCGTTACAGAATTGACGATGACAATTCCTCTGTTGTGGTCTCCATCTGTATAGACGGAGAAAGATCCCGTATAGATGCGGATGGCAGGGTGAGGCCCCAATGCATATGGAGCTGTCTCAAAGAATTCCTCATCGTAAATATTATTTCTGTCTCCTTTATAGACTGGCATGTAGAGAATGCCATCAATTTCAAGGTCAGTAAAGAAGTGGGTTCCGAAAGAGAGTTCGGGCATATAGCCTTCTTTGGGAATACCGACTTCCACAATGCAGCAACACTTCGTTATTTCATCGTACTGTACAGGCACACCTAGAAGGGGGTTGCTCGATCCCACACGTCCTGGAGCTACGAGAATGAAGTTCTTATCCCCCATGCTCTGATTAACCTCTCCAATGCCTCTGGCAATATCTGAGAAACGACGTTCCCTGGAGTAGAGGTGATGGTCTATAAGCACAATATGAGGTATGTTTTCCCGAGCGCCATTTGTTACCATCCGGTCAGCTTGCAGAATAACCTTCTTGTCTGAAAGATCGGGAATCCTCTTCTCAAAGGTATCGCTTAGCCACAGTGGCCTGGCCTGGACTATCTCTACAATATCTTCTCTTGGGTGGTAGGCAAATTCCACATCTGCCGGAACGCCCATGGCATGGTCGAGAAGTTGAAGAATCTTCTTCATCCTTTCAAAAAAGTGCTTTGAGCGACATGCAAACTCTTCAAAAGTGAAACAGATCTTGTCTCCTTTTTCTACGATGGATCCTATTCGTGATGCCATAGGGGAGAAGTAGCCTCCCTCGTCGTCGGAACGGTATATCTGCGCATAGTCGGGGAAACACTCGTGATAGGGAGCTATGTCTTTCCATATCTGCTTTATATCAACGGTGACAAGCTCTCCTTTCTCTTTATCTACGACCTGAAAATGCTCCTGTGAGTGCCGCATAACGTTAAATGGATTTTGTCCCTCCGGGCGGAGACAGGGCATTGTCAGTGAAAAGGTTCTGGCGTACCCTCGCTTAGTGCTTGTTGTTCCCATACCGAAGACGAGGCGAATAATGCCATCTTCCGACTTAATACGGGTTGTCCACCGTCTGTAGTACCGAGAGAATCCGACGCCGGCCATGGTGGGATAGTAGTAGTTTCCGCGCCACTTTCCGGCAACGCGCATTATAATGATTCCCATTTCATCATTTCCGAGTTTATGCTTGTTTCTGTACGCTGTGGCGATGGGGAAAAAGGTTCGTGCGTAAATTTTCTTAATATCCTCTTCGACACGGGCAAGACGTTCTTCCAACGGGGCATCCCCATTTATTTCAAAGAGAGAGAGGTATTTTCCCGCAAAGGAATATTTGAGGGAATCCTCGAGTATGCTGCTGCTTCTGACAATAATGGGGTCTGTCATTTTGCTCAGAAAAGCAGCCAGATGGCCTCGTACCTCTTCAGGCAGCGTGGTGCGCAAAAAGGCTTCTTCCAATTGGGCAGGATCCCCATTTTGAAGTTCTTCAAGGTTGGGAATCTGGCGAATAACATCACGAAAAGAGCTTACAGCTATAAAGAGTGAGACAGGAATAGTTACATGTTCTTGTAGATCGGGATCAACGTTGTCTCGAATCTTGCGAAAGCCAAAGAGGAGGGAACGACCTTTTCCTCCGATACTTCCTTCCCCTACAATAAGAGAAGAAAAGTCGGGGTCGTTTTGTGGATCCCACGCAAAATACTCACTAATTGTCTTTTCGTTTGCTGTCTTATCGTTCACGGCTTTATCGTCTCTCCTTCTCGCAATCTTCTTGCTCTATGCCCCATACATCCGATGACCGCACTGACGAAAGAGCGTGAATAATATTCATTTTTATGCTCGGATTCTCTTGCTCTAACTGTTCTATAAGCAAACGTGTCTTACTTCGTTGCGTATGGAGCGAAAAGGGACAAATTTCAGGTGTGATAGGTAATTTCAAACGCAACGCTTCTTTTTTAAGTTCCTTTTCCCCAATATATATGAGTGGCCTGATAACCCACAACCCTGTGCGACTTTGCCAAAACTTGGGTCTGAAACTTTTAAAGCGACCTGTCTGAAAGAGGTTCATAAGAACTGTTTCCGATACATCGTCGAGATTGTGTCCCAAGGCAAGTACATTATATCCGTGTTCCACAGCTACGGAACTCAGAATGCCTCGTCTGAGATTGGAACAAAAACTGCAGGGCGATTTCTCATTTCGTCTCTTTATTATCTCCGAAATAGGGTAAATCGTCACGAAATGTTCGACATGAAGTTTATCGCAAAGATCGGAAAGAGGTTGTGTATCCATCTCTCCCCCTGAAATATCGACGGTACAGGCTCCAAGTTCGAAGTGGCGGGGAGATCTTTTGCGGAAAGCGGACAGGGCTGTTAAAAGAACAAGGCTGTCTTTGCCCCCTGAGAGTCCGATGAGGATCTTGTCTCCATCTTTAATCATAGAAAAATTGCCGAGAGCTTTTCCAAAGCGTTTACGGAGCATTGGTTGAAGCTGAAGGTTGACTATTTCTTTTGAATTATCCGTCATGTTCTTTCTTTAAGTGCTCCTTTGATCATTATGGTATATAATTAGGTCTATAGACCTAATCAACCCGAAGATGTAAGTACGGTTCCTTTTTTGTAAAAGTACCTAAACTATATCATAGGTCTATATATCATAGAGACATTTGTCATGGATATGTAAAGACTCGCAGAGTATTTTATGGGGGTGGAGCCATGGATTCCATACGCCTTGTTATAGCTGACGATCATAGGCTTTTTCGAGATGGCGTAAAGAAACTTCTGGAACTTGAGTCTGATATTGATGTAATTGGTGAAGCTGGAGATGGTGAAGAAGCTTTAAAAGTCGTGCGAGAGAAAGAGCCGGATGTTCTTCTTTTTGATATCAATATGCCTAAAATAGACGGAATTCAGCTTGTACGGGAATTGAACAGCTATACACATGCTATTAAATATGTTGCCGTGAGTGCTTACGATGATGAAGATAGTCTTTCAGCTCTTTCTTCAGCGGGTGTTTTAGGATTTGTGCTTAAAGCTTCGGGCAGAGTGGAATTGTTGTCGGCAATTCGTTCTGCCAATCGTAATCAACCGTATGTGGACCCGCGAGTTGCGGGAAAACTATTGACTTCATTTTCAAGACGCAAAGAGGAAAATGATCAGCTTTATGAATTGACGCCCCGGGAAAAGGAAATATTATACTGGCTTGCACAGGGGCTGAGCAATTCCGAAGTGGCAGCTAAGATGGTTCTCTCTGAGAAAACAGTTAAGAATCATGTAAGTCACGTTTTAAAGAAGCTTGATTTGCGTGATAGAACTCAGGCAGCGATTTTGGCGTGGCGCATTGGTTTTGCACAACTGCAACCAGATTCTTTGCGACAGGTTATTAGCGGTTCTTTATCATCGAAGTAAGATTCTGACTGAATCAGTAAACTGAATGATTGGAATGCGTAAACGAAAGGTACAAACACAGAAAAGAGGGCTGAACAACAAGCCCTCTTTTCTGTGTTTGTTATATTGTCCGTTTTATGCGACGCATAACTCCTGTTGAATTACTGGCTTTGTGACGCGAGTTGCGTTGATACGCTGGAAAGCCAGCTT
CP133089.1_gap14	644517	646955	2438	AGATCTATTTTCAACTCAAGGGTATCTTTCTGCTCAAGCCAGACTTCTTCAGGCTTCCGTGCCTTTTCCATCACTTTATCGAGCATACTTCCCCAATCCATACCACTAGCAACACCAGGCATAGTAAAGAGAGGCTCACTAGAATCTGCCATGGCTATTCCTCCTTGAATATATTGGTTTCATAATATGTATCGGGTAGCGCGCTATATTTCTTAATATATGTATATCTTTATAGGAGGAAAAGTTTTTTGTTTCTCTACGTGGTAGAATATCTTGTTGAGAAGATCGTGAAGGGATTGGTTTCATGATTGGTAAAATACAAGACGAACTCAGAGAATCTATAGACGTCAAGAGGGCAGCCTTGCCTTTAGCTGAAAAAGTGGCGTTAGCCTCCCAGTATATAATTCAAACCATATCTCAAGGTGGAACGGTGTTTTTTTGTGGGAACGGCGGGTCTGCTGCCGATGCGCAACATATGGCGGCAGAGCTTCTCGGTCGTTTTGAACGGAACAGAAAGGCGCTGCCTGCAATGGCTTTGACGACGAACTCGAGTACGATAACGGCCCTTGCCAACGATTTCGGGTATGAGAATATTTTTATCAGACAGTTGCAGGGATTGGCCGATTCAAAAGATACAGTTGTAGGAATATCTACGAGTGGAACAAGTGCCAACGTGGTGAAGGCGCTGGAATGGGCCAGAGAAAATGGACTTAAGACAATCGGCATGACGGGCCAGGGTGGCGGAAAATTAGCTGACATTGTCTCTGTTCTTCTTGCGGCTCCTTCCCTTCACACTCCGCGAATACAGGAATTGCATATTACATGGGGACATATAATATGTGGTCTCGTAGAGGAGGCTCTCTGTTCCCATGAAGAGTGAACTTGCCGTTATTCTTGCGGGAGGCCTTGGAACCCGCCTGCGGTCGGTTGTCTCCGACCGTCCAAAAGCGCTTGCGCTTATAGGTGGCAAGCCTTTCTTACATTGGCTTTTTCTCTTCCTTCGTCAAAGAGGCATAGGGAAATGTCTTCTGCTTCTTGGCTATAAGGCCGACCAGATCCGGGAATATTGCCAAAACGGAGAGCCATGGGGATTATCGATAGAATATAGTGTGGAACCTGAGCCTCTCGATAAGGCGGGAGCTCTGCGTTATGCCCTGCCTTCCATTCAGGAAGACGATTTTTTGTTTCTTAACGGCGACACCCTTCTCGATGTGGATATAGAGAGCATGTTTAAAGAGAGCCGGCATCTCGATGCCGACGTGGTCATTGCACTTCGCAAATGGCCTTCAATAGAAAGAACAGATCCTGTTGAGATAGACGAAGATAAAAGAGTCTTGCGATTTGGGGATTCCTCCATAGCAGCTGGGGACGATGGCCAGTGGCTTATCAATGGAGGACTCTATGTTGTTAAACGAAAAGTGGTTGAGGATTTGCCAGAAGGGCGGCTTTCCTGGGAAAAAGATGTATTGCCCGCATTGCTTGAAAGAAATGCCCCCGTGTACGCTCACGAAGCGGAAGGTTTTTTTGTTGACATTGGCGTTCCAGACGATTATCAAAAAAGCCAAAAAAATATTCCTGAATTTATAGTTTCCCTTGATCAATAAAGAAGGTGTTTGTAGAATGTCATTGAAAGTTTTTATTACGGGAATTGGCGGATTTATAGGAAGTCACCTCTCAGAGTTTCTGGCCCGCAAGGGATGCGAAGTGTGGGGGTCGTATTTCCGTCCGACAAACGATATGAGTGTTCCGACACGATATGCCAAAGGTCTTTTTAATATTGACGTTCGTCAGAGATCACATCTTGAAGAAGCTCTTCAACAAGTTCGTCCTCACGTTATTTACCACTTGGCGGCTCAGAGCTACCCTATGGTTTCGTATAAAGAACCTGAATTCACAGTAGAATCGAACGTTATGGGAACGCTCAACGTCTTTGAATCAATGCTTCATCTGGGATTGAAAGATACGAGAGTCTTGCTGGCATCATCTACAGCTGCCTACGGATTTATAGATCCCTCCGAGGCTCCTGTAACAGAAGATCAGCCATTTCGGCCAGCTCACGTCTACGGTATGTCGAAAGCGGCTCAGGATTTGCTTGCCGTGACGTATGGCAACGCTCACTCACTTGATATTATTCGCCTGCGAATAGGCAATTGCGTAGGACGTCGCCGCAGGGGGGAAGTTGTTTCCGACTTTACCCGACGTCGCGCTCAGATAGATTTAGATATTATTCCGCCGGAATTTCATGTGGGAAATTTGCACACGAAGCGGGCCTTCCTTGATGTGCGAGACGCTGTAGAGGGCTTTTGGGCTCTTCAGGAGAAGGGACGTGGCGGAGAAGCTTATAATATTTCTGGATCAGATGTCGTTTCGATGCAGCAGCTTCTCGACATTGTTCTTGAAGGTTGCGAAAAAGATGTAAACGTAGTGCGGGATCCGGC
CP133089.1_gap15	648141	649280	1139	TGGCCGAGAATGTGAATTGTCCATTCATTCTTGTTCGAAGCGGATATGGGGCAGAGTTGGAAGAGAAGAAAAGCATGTTGTCGCTACATGTCGTCGATGGGTTGTACGAGGCAGCATGTCTTATAGAAGAAACCCATAGGAGAAAGTAAGGGGTGCATTACCCTTGTCATTACGAAAAGGACTCGTTGTATTCTTAACTTTGACATTCGGAGTAAGTGCTCTGGTTCTTATTTCAAGTGTGGACGAGAGTACTGTTGAAATGCTTTTTACCGCAAGGAAATCTGCATTAGTAGTTGCTTTACTGCTTGTTTTTGGGGCGTGGTGCTGTGACGCCATGCGTTTTTGTGCCATAGCCAGAGCAGCTTCAGAGCGCGTAACTTTCCGCCTTGGATTGGTTTTAACGTGGCTCCATTACTTTGGATGCGCTGTAACTCCTATGCAAAGTGGCGGCGGACCCTTTCAGGTCTTTGTCTTATATAAACACGATATGCCTATAGGGAAAGGTGTGGCAATTACCTTAACGCGCACCCTTCTCACCCTTTTGCTGCTGGGCGTTGTGGTTCCTATGGCTATTCTTTTTGAACCAGAGCTTTTGGGAACAAGCCTCTTTGTAAAAAGCGTATTTACATATGTTGCAATTTTTGTGGGTATTTCATGGGTTCTTGTCGTTTTGAGTCTCACGAAACCTCAGCTGATGAAAAGATGGGGCCAGATATTGACCCTTATGCTGAAACGTTTCGGGATTGTAAAGCATATAAAGGTGCTCTCTGTAATACGCAGGGTCAATAGGGAAATAGACAATTATAGCGAGAATTTCAGACTCTTCTTCACGTCTGGATTTCCTCACTTTGTAGGCGCCATAATTCTTTCTGGCCTTCATTTGCTCTGTCTTTTCTCGGTTCTTCCCTGCCTTATCTGGGCAGTTGGCCTTCCTGTTCACTACCTTCAGGCTTTTATGGCACAAGCTGTATTCATGTTTGTGCTCTATTTTGTTCCCACTCCTGGCGCAAGTGGCGTTGCAGAAGGGGGAGGAGCCGCCCTTTTCGGACTTCTCGTTCCCTGGCATGTTGCAGGAGTAATGGCCATTCTATGGCGTTTCTTTACGGAATACTTAGCTATAGGAATGGGTGCAGCTGTAG
CP133089.1_gap16	651355	652217	862	AGTAGGGTCAGAAGTTAAAGATTTTAAACCTGGAGACAGAGTTATTGTTCCCGCTATTACCCCCGACTGGGCGTCACTTGCTGTGCAGCGCGGTTTTCCTCAGCATTCCAATGGTCTTTTAGCCGGATGGAAGTTTTCAAACTTTAAAGATGGAGTTTTCGCTGAGTATTTTCACGTTAACGATGCTGATATGAATTTGGCTCTTATACCAGATGGAGTGTCGACGAAATCAGCAGTCATGCTCACCGATATGGTTACTACAGGGTTTCACGGCGTAGAGTTGGCTGAAGTTGGTTTCGGTATGAGTGTGGCCGTTATTGGTATTGGACCTGTGGGACTCATGGCTGTAGCCGGTTCTGCTTTGGCTGGCGCTGGGCGTCTCTTTGCTGTTGGAAGCCGCCCCAAGTGCGTTGAAGTTGCCAAAGCTTACGGTGCTACTGACATTATTAATTACAAAGATGGAGAAATTGTAGATCAGGTTATGGAACTTACCGGCGGTGAGGGTGTAGACAGAGTTATTATCGCTGCACCTGGCATTGATATGATCAAAAAGGGTGTGAAGATGGCCAAACCCGGGTCGGTTATCTCTAATGTCAACTATTATGGCGAAGGTGAAGATTTGCTAATTCCCCGTCTTGAATGGGGGTGCGGCATGGCTCACAAGACTATTCGCGGCGGACTTTGCCCTGGCGGTAGAGTACGTATGGAGCGTTTAGCGAGCCTTGTGAAGTATGGTCGCCTGGATCCGTCAAAATTGGTTACTCATGAATTTAAGACCTTTGACAAGATGGAAGAAGCCTTATTGCTTATGAAAGATAAGCCAAGAGATCTGATTAAACCTGTAGTGATTCTCGAATAGCAC
CP133089.1_gap17	681397	682184	787	ATGGCAAATTGCTCAGGAAGATAGTGTGACGGTAAATTATGGAGGACTTGAAGATGGCTAGCGCCGGGTTGAAAGACCTTATTCCCGCAAGTATTGCAATAGATTCGCAGGTGAAATCCGCAACTTTAGCGTTAGATGACCAACTTGCTGATATTAATTCTCATTTGATTCAAACCATTATTTTGCCACGGGTTGATGAACTGTCTCAAGAAGTATTAGACCTCTTGTTGTGGGAGTTTCATATCACCCTTGATGAGGGTGCGGGGTTGGCCGTTTCGGTTGAAGAAAAAAGAGATCTTGTTAAAAGGGCTGTTGAGATACATCGTCTGAAAGGAACGAAAGCGGCGCTGCTTCGCATTTTCGAAATGCTCTCCATGCGTGGAGTTATTTCCGAATGGTATGAATACGGTGGGGAGCCGTACAAATTCAAGGTAGAGATTCTTGAGCTTAGCGAGCGTGGACTTGATGAGCAGACCTATGTGCTTTTAGAGCGACTAATAGATGAGTACAAGAACGTTCGTTCGTGGCTTGACGAATTGAATGTGTATCTTACCGTGCGGGGTGCGGTTCCTAAAGTTGCAATGGTGAGTTTGTGCGGGGAAGAGATAACAGTCTATCCGTATAACGTTACGGAACTTGAAAACGTTGCTTCTATCCGGTGGGCGCTGGGATATCAAGCAGTTGAAACAGTTACAGTTTATCCACTTTAGGAGGTGTGATATGGCTGAAAATTTTTATACTATTTTAACTAATGTGGGGAAAGCAAAACTTGCCAACGCCCAGGCGT
CP133089.1_gap18	698819	700780	1961	TAAATTAAATCATAACAGTGAAGAATAAATAAAAATATTTATGTGTAAATATTTAAAAAGATCCAAAAAGGATCAGATTAGATTATCATCTTAATCTGATCCTTTTTGGATCTTTGGGGGGCATATTGTAAGCTAATTATCAGTTGTGAGGTATAGCTAAGAAGTAGAAAATGAGATTTTGAAATGTATTTCCGCATATGAATAAAGTGTAGCAGATAGCTCTCTCTATACATGCTACATGCTAATGGAAGAAAGATTGTTTGGGGTTAATTGAGGTACAATATTTGTAAAAATTATGCGTCCTTGAGGTGCCTGTTTCTTTTTCTTTAAATTGTTTTGGGATTAAATTTTTGAAAAGTAATTACATTACGTAGTTTGTTTTTAAAATAATCTAAGAAGGTTATCCTTTTTAGTCAGTTTAAAAGTGTTTTCTACTGCAAACTACTGAAATAGAAGCAATAACTTAGACTGGGAGGCATGCCTAAATGAGTTGGGAAGGAAAACATATTCTTAAAGTGGGTACTAAAAAACAATTTGGAATATCTGATTCTGAATTGGATGAAGAAAAACTAAAAAGAGATATCGAATCTTGGCTTGCGGCTGTTTTCCAAAGTGAACATCTCTCTTTATTGTTAGGCAGTGGATTTACCACTGCGGTTGCAACTAAAGCTGGAGTAAAAGGAGCTGGCATGGACTGCGATTATGCGGAGTTTAGTCATGGTGAAGAGTTAAAATTAGCTGCAGAAAAAGTGGCAAAGGCTACAGGACGTGGTGAGCCAAATATTGAAGATCAAATTCGTGTGGCAAATATATTAGCTCAGGGATTAGAAATTATGAGAAAAGATGAAGAAGCCATGGAGGTAAAAAAGGCGTTATTAGAATTAATAAGAAAATTTATAAATAATATTTCGCGAAGTGAACAAAATATTAGAAAGGCTATTGAGCGAGAAGCTAACGAGGAAGAAAAATTACATCTGGAAACAAATAGCGATGAGGAAAACGTAACATCGAAATCACTGGTCGTGCTTGTCTCATTTTTATTAAGTTTTGCAAGCAGAACTGCGACGCGAGAACGACTTAATATTTTTACGACTAACTACGACCGACTTATTGAATACGGTGCTGATATGGCTGGTTTACATTTAATAGATAGATTTGTTGGAATCCTTGAACCTGTTTTTAGATCATCAAGACTTGATATAGATATGCATTATAATCCACCTGGAATAAGAGGTGAGCCTAGATACCTTGAAGGAGTAGTTCGGTTTACTAAACTTCATGGTTCATTAGATTGGATTTATAGGGATGGTTTTGTCAGAAAAATTGGTTTGCCATTTGGGTTTGAATATGACCACCCGGCATTTGAAAACAGATCTCATACGCAGGTAATGATCTATCCAAATGCTGCAAAAGATAGAGAAACAGCTGAATATCCTTATGTTGAACTGTTTCGTGATTACGCAGCTGCCATATGTCGCCCCAATTCTTCGCTTGTAACTTACGGCTATGGTTTTGGTGATGATCATATAAATAGGAGCATAGCAGATATGCTTACAATCCCTTCGACCCATTTGGTCATTATCTCACACGGAGATAAAAGTGGAAGAATATGTAATTTTTATAATAACGTTGGTCATGATGCGCAAATTTCGTTATTGATAGGGACACATTTAGGGGATATACAGCAACTTGTTAAGTACTATCTTCCCAAACCGGCAATTGATCCAATTACAATGCGTCAAGCTAGTTTGCTTAAAAATAGGGGATGGAGTTCCAATAAAGAAGATGAAGAAAAAATGAAAAATTTCCCCTATAAGGAGGATGTGTTGTAATGACATCTCCTATATCTAATATATCAATGCGGACTGTTGGGACTGTAGAAAGTGTTTCTTCTGACGAAATTAAGGTCTTGTTGGATATAGATGCACCACGAAATATAGCTTTAAATACGGGTGTTCCCA
CP133089.1_gap19	704932	706704	1772	GCAGAGGTTCGGAAGGTTCAGAGCGATGATAGAGCCTCGTTGGAAAAGCTGGAAGGGGAGCTTCCCGGGCTTGAGGGTTCCTTTAAAGAGTGTGAAGAGAGCTTGAAAAAAGCAGAGCAGCAGACCGAAAAAGCCAAAGACGAGCTGAACCAAGAGGTTCCTCTTATTAAAAATGTGCGTTTGCTCGACCAAAATCTCGCCCTGAAAGGGGAAGACGTCGAATCGTGCGCCAAGAAGTGTACAGGGGATGCCGAGGCGATTGAGGCAAAGGAGAAGGAGAGGAGCGTAACACAAGAGGAGCACAACAGAGCTGACGAAAAGTTGAAAGCCGTTCAAGAATACCTTGAGGCTAACTGCGAAGATAAGGGGTTGGTGAGCGGCTTTACGGGAATAGAACAGCAGCTGGCCCATCTCGGTAGTGAGCAGAAGGCCATTATTCAACAAGAGACGAAGGCGCAACAGGCTCAGGCACAGCTTGCCGATTGTTGTGAAAGGCTGAGAGAGTGCGGCAGAAAGAACGACGTTTTCAAGAAGCAGGTTGAAGAAGCTGTCAAGGCTCACGAAGAGGCGCAAAAAGAGCTTGAAACTCTCTTGGCAGGACGATTGCTTCGTGAATATCGCGCCGAAAAAGATGCATTGCTACGTGAAGGTGATCTCCTTAGTAAGATAGCGAAACTTGAAGATTACAGAGCCCAACTCGAAGACGGCAAACCGTGTCCACTCTGTGGAGCTACGGTCCATCCCTATGCTGAGGGGAATGTTCCCCTCCCTGATGGAACGCAGAAGAAGATCGATGAGCTGACGGGGTTCATAGAAGCGGCAGAAGCTTTGGGTGAAGACGTAAAAGAGCGTGAAGCAGCTGAGCGGGAGGCTGTGAGCAAACTAAAAGAGTTGGAAAGCGATGCTCGGCTCGTTACACAAGAGAAGGAAAGGGCGGAAAAAGATCTCTCAGACTTGAATGAGACGCTACAAAAGATGAGAGACGACTATGATCGCTTAAAGGTAACTGTATCAGAGAAACTTCACCCCCTCGGTGTCGACCTCACATCAGAGACAGACGTTTCTTCGTTGCGTGAGGCGTTGCATGAACGGCTCGAAGCATGGCAGATCCATGTCGATGAGAAGGAAAAAATAGAAAGAGAGCGCTTTCAGCTTGAAAAAACGTTGGGGAAGCTCGATGGTGAGATTGAGACGCAGAAGAAGGATTTGGCAGAGAAAAAACAGGCCTTACAGTCGGCTCAAGATGGATATACGAGCGCAAAGACTGAGCGCCAGAAGCTCTACGGAGATAAAGATCCCGACAAAGAAGAAGAGCGCATGAACCAACAGATTGCCAAGGCTGATGAGGTAGAGAGAGAGGCACGAAATCAGCTTAACCTAGCGCAACAGAAGCTGACCGCAACGAAGGCAAGCATAGAGTCGCTCAGTAAGAAGATTGGGGAGAGAGCGTCGCTGCTTGACGAGCTCGAGTCGGCGTTTCATATCTCTTTGCATGCGGGCGGGTTCGGCGATGAGGCGCGGTTCCTTCAGGCTCGCCTTACATCTTCGGAACGGATGGCACTGGCAAACAGGGCAAAGAGCCTCGACAACCGGCAGACGGAACTCAAGGCCAAAGAGGAAGACCGCAAAGAGCGTTTGGCGGCTGAAATTGCCAAAAAGGTGACGGATGAGGGGCGTGAAGAGCTTGAACCCCAATTCAGGGAGTGCGAAGAAAATCTGAAGCTTCTTCGTGACGTTATTGCGGGGTTGAAACAGCAACTTGTCTCGAACAG
CP133089.1_gap20	791624	793532	1908	GGAAATATTCTTTACTGTAATACTGGAGATTGGTTAGAGAGTTGTTCAGCCGTTGTTGAAAATCAGGACGGAAGCCTTCAATCCCTTCTTTGGCAACAAATACAAAAACAGGCGATAGCTAGTCAAAATGGAATCAATGTCTTACCCGCTTTTCCCTTTATAGAAATTCCTGTACCTTTTTTAAGCTGCAAAAGTCGTTAAAATTATGTACAATGCCTCGTAGAGGTATGCGAGGTGTTAAGAAGTGAAAACATCATATTTTGCACATAAAGAAGCAATATCAAACCCTGATTCTGTAGCTATTTGCAGGGGAGTGCCTTCGTGGTTCAAGGGGAGAATCTACTCTCCGCTAGCCCCTTCGTGGGAACTGCTTCAGCAGGGAAAAAGGAGTAAAATCCCTCCCCATGTCTGCGCCTTGGAATATTATAAAGAGGTCCTTTCCCTTTTAAACCCATCGCAAGTCTATAAAGATCTTGGAGAGAATGCTATCCTTTTATGTTGGGAGAAGCCTGGGGATTTCTGCCATCGCCGTATTGTGGCTGTATGGCTTGAAAAAAAATTGAATGTACGAGTTCCCGAATTGGACTATGAAAATCTTTTGTTTGACGATTATGATGTAGATATTGAAACTTTTCTAAAGACAGTTTTGTAAGTTTGCTCAAGAAAGGGTTGAAACTATACTATGACGCCATGGCAGCTTTTTAAAATGTTTTTTAAAATTAGTTCCGTAACCTTTGGTGGCGGAGTCGTTATTCTGGGTATGGCCGAAACGGAAGTTCGTAAAAGGGGAGATATGGCAGAGCAGGATCTGCTCGATATTGTCAGCTTGTCGGCAGCCATGCCAGGGCCTCTTGCAGTCTCTTCATCTTTCCTTATAGGGAAACATTATAGCGGCATTCCCGGAGCTGTTATGGCCGTTCTCGGCGTTTTAGTTCCTCCTTTCACCATTATTTTGTTGCTTTCGAATCTTGTCTTGCGTTATCAGAATTCCCCGGCGTTAAAGGCCTTTTTCCTCGGCGTGATCTGTGCCGTGGCTGCTTTGCTGGTCAATGTCGTTGCTCGTCAGCTGAAAACCATTCTTTTTTCTGATTTGCTGAATCTCATTCCATATGCCGTAGTTATTGCACTCATGCTTTTCTTGAATATTCATCCTCTTTTTGCCATAGCCGTAGGTGTTGCTATTCAGTGGTTCAGAAAGGAGAAAAAATAATGAAACTTCTCTTGCTTGCTTTGGCCTTCGCTCGGATAGGTGTAGGAGCTTTTGGTGGCGGAATTTCCACCATTCCTTTAATAGAGCACGAACTTGTTATAAACTATGGGTGGCTGACGCCACAAGAATTTAACCAGGTCTTGGCTTTGGCGCAAGTTACGCCTGGTCCTATAGCTGTCAATGCAGCAACTTTCGTTGGCTTTCATCAAGGCGGTATCTTGGGGTCTTTTATTGCCACTGCATCAGTAGTTTCGGCTCCTCTTCTTGTATTGCTGTGTGTTCTTCTAGTTATGAAGAAAAGTTCGGATGAAAAAGTTGAACGTTTTAAAAAGTCTTTGCGTCCAGCGGTAGGGGCCCTTCTGACTCTTGCTGTTGTCCCCCTTTTAAAGACAGCTCTTTCTCAGTGGCAGGCTGCACTTCTCTTTGCTCTGGGAGTAGCTTTTTTCCAGCTTCGCATCTTTAAAAATAATCCACCTCTGCTCTTTGTTCTTTTTGGAGTTGTGGGCCTTTTTCTTTTTCAGTAAGTAGTAAACTCTACTATACGTGGCAAGCTTTATTATTCGCATGTGTTTGGCTCCTAGATAAAGAATCTCTTTTGAAGGAGAGATGCATATGGTTTTCAAACAAAAGCATCGTCGCCGATCTGAAAAAGCGGGACTCCCTCCCGGTACTCTTATTCATGTAGGTGAGAAAAGAGA
CP133089.1_gap21	796610	798979	2369	ATAAACAGTACTGGCTTCACACCCGCCGTTTGCGTCTTGCCCTTGAGGGACTTGAAGTCTGTATGGTTATCGGCGAAGGGTGGGGTAAGGACTATGCCCATATTCTTATGCCTGTACCCGTTTACTGTATTCGTATTTTGACTTTCCTTGAACCCTTTATGGTCAAAAGAGCTCTTATGGGACTTGAATACACGGAAGATGGTCAGCGTTTTGTCGACCTGGATCTTTACCACAACAGGAAAAAAATATCGTGGGGCGATGTGCCTGGCGGAGAGATTGTTCCTCGAAGTGAGCGTGAACGGCCTCGCACAACTTTGTCTATGGCATTCCGTAAAGAAGTCATGGCTGCTCTCGATGAGAGAGAATGTGCGGAGATACAGGATATAGAAGAGGCCATACTCGAGAAAATACCTCAGAGAGACGACGATTAATATACCCTACTTAGTATTGAAGCCTGTGGTAGAATACTTCTACTACTAAAGGAACTTTAGAATTGAGGAGAGTTTTTTGACGCATACGTTTCTACCTGTTTCTCGAAAAGATATGAAAGACAGAGGGTGGAAGGATTTTGATTTCCTTTTCATCAGCGGTGACGCTTATGTAGACCACCCCAGCTTTGGACACGCCATAATCAGTCGTGTTTTAGAAAGTGCTGGTTTCAAAGTAGGAATTATCGCTCAGCCCGACTGGCACGATACAAAGGATTTTGCGCGGTTGGGACGTCCTAAGTTGGGCGTTCTCGTTGCCGCTGGAAACCTCGATTCAATGTTGAATAAGCTGACGGCTTCCAAGAAGAGCAGAAGCACTGACAGCTACTCTCCAGGGGGAAAGGCCGGCAGACGTCCAGATCGGGCGACTATTGTCTATTGCAACCGTATTCGTGAACTTTGGAAAGATATTCCCATAGTCATTGGCGGCATCGAAGCAAGTTTGCGCCGTTTCGCCCACTACGATTATTGGTCAGATGCAGTACGACGTTCCATTCTCATAGACAGCCAGGCCGACCTACTTGTCTATGGGATGGGAGAAAAACAGATAGTACATATAGCAGAGCTTTTGCGAGACGGAATTCCAGTTTCAGAAATCAGAGATATTCAGGGGACATGCTACAAAACAGAAAGTCTTGAGAGGCTCTGGGATTATGTGGAATGTCCTTCCTTTGAAAAGGTAAACAAGGATAAGAAGGCCTTTGCAGAGGCATTTCGCCTTCAATATCTGGAGCAAGACCCCATACGGGGAAAGACAGTTATACAGCAACATGAACACTTTTACGTTGTGCAGAATCCCCCGACAATGCCCATGACGGCGGCGGAGCTCGATGCTGTTTACGAACTTCCGTACATGCGAACGTGGCATCCCATGTATGAAAAATACGGTGGGGTTCCAGCCATTAAAGAAGTGGAATTCAGCATTACTACCCATCGAGGGTGCTTTGGCAGTTGTGCTTTTTGTGCCATAGCCTCTCATCAGGGACGAATGATACAGAGTCGCTCTGAAGAATCAGTGCTGAAAGAGGCGAAACTTCTCACGAAGCGTCCCGGTTTTAAGGGGTACATTCATGACGTGGGAGGTCCGACAGCCAATTTCAATAGACCATCGTGTGATGATCAGTTGAGACGAGGAACGTGTAAAAACAAGCAATGTCTGGCTCCTGCGCCGTGTAAGAACTTACATGTCGACCATGAATCTTACATTGACTTGTTGCGTAAGATACGGGCCATTCCAGGCATCAAGAAGGTCTTTATACGGTCGGGCATTCGATTCGACTACCTCTTGGCAGACAAAAAAAGCGGTTTCCTTGAAGAATTATGCCGATATCATATCAGCGGTCAGCTTAAAGTTGCTCCGGAACACGTTTCAAATACGGTGCTCGAGTTGATGGGCAAATCGGGACGGCGCGTTTACGAGCGCTTCATGAGAGAGTACGAAGAGATGAATAAGAAAATTGGAAAGAAACAATATCTCGTGCCGTATTTTATATCGAGCCATCCGGGAGCTGGTCTGAAAGAGGCGATAGAGCTTGCGGAATTTGTTCGTGATCTGAACTTTATGCCCGAGCAGGTGCAGGATTTTATTCCGACGCCGGGAAGCCTTTCGACGTGCATGTATTACACAGAGCTGAACCCTCTAACTGGAGAACCGGTCTATGTGCCCAAAAGCAACCAAGAAAGAAAAATGCAACGTGCTCTCTTGCAATATCGCAACCCTTCGAATCACAAATTGGTACGAGAAGCCTTACGAATTGCAGGTCGTGAAGATCTCATTGGTTGTGATGAAAAATGTCTTGTTCCTCCAGAAAAGGGGGAGGAAAAACAAGGTGGCGTAAAACAAAGTGGTGGAAAGCAGAAGGTGAGGCGGAGTTCCAGACA
CP133089.1_gap22	852679	853296	617	GGGGAACATCGATTTTTCTATCCCGCAGAAAAATCTTCTGGGGATTATCGATAGCGAACCAATCGAAAGTATCGGTTCTGAAGAGGAAATCATCGTTCAGGCTCTTGAAAATCCTATTGGATCTCCAAAACTTGGCGAACTCGTAAAACCTGGAGAGACAGTATGTATTATTGTTTCTGACATTACACGGGCTTGGCAGCGAATGTGGGTATATTTGCCCTTTATAGTCAAAGAACTTCGTAATGCAGGCATTCGCGACGAAGACATACTTTTTTTGAGCTCTACGGGAACTCATCGGGAACAAACTCAGGAGGAACACGCTCTTTTACTTGGCGAGGAACTTTCGAAAACGTTCGAGGTTGTCGATCATAAATGTCTAGATCATGACGATATGGTTCATATTGGAACGACTTCCTACGGGACTCCTGTAAAGGTGAATAAAAGGGCTCTAGAATGCGATCATATCATTGTTACTGGTGCCATTATTTATCACTTTATGGCTGGATGGGGAGGCGGTCGAAAAGGAATTTTACCCGGAATTTCTTCTTATGAAACCGTTATGGCCAATCACGCTTTGGCGTTAGATCCTGTTCCTGGTAATGGCCGAAATATGAACA
CP133089.1_gap23	867516	871714	4198	ACCAAAACTGAAAGAAGCAATTAGAAGTCTTCGTTTGGCGACTCTTTGTCCTACGAAATTTCCAAGTAAATACATTATGAAAAAAAACCAGTCGAAGAGTATTTACAAAGAAGCTATAAATGAAAATGATAATTTAACTAAAATAGATGATCCTCGTCAAGAATTTGATGTTACTTTATTGCCGAAGCAAATTGAAGAAGAATGTGTTTGGCCTAATGGTAATAACGATTCTGAGAAGTGGGGGAAAGAAGATAATAGTTTTGGATATTGTTTGTCTTTAATCAGTAGGATTAATTTAATATTAACGTCTCCAGCATTTAGTTGTATCTTTAAAGACAAAGAAAATCCTCTCAATGAAGAGATAGAAAATTTTATAACTAAAGATGATCTTTGTTTATTCAGAATAGACCTTAGCTCTGTCCCTTTTGAGTATAAAGCAAGAGAAATTATATCTAACGTTATTGGACGTTTTTTGCTTGCTAAGGCGAGAAAGGGAGAATTTATAAAATGTCCTCTTTTAATTTTTTTAGATGAAGCACATAATTTTTTAGGGAAAAATATTGGAGGGGAAGATTCTTATGCTAAATTGGATGCATTTGAACTCATTGCTAAAGAGGGACGAAAATTTGGGTTAAATATATGTTTAAGTAGCCAGAGGCCCAGAGATATTACTGAAGGGGTCTTAAGCCAAATAGGGACATTGATTGTTCACCGTCTTACAAATGATCGAGATAGGGATATCGTTGAAAGGGCTTGTGGAGAAATTGACAAGATGGCTTCTTCTTTTCTACCTAGTTTGGAGCAAGGAGAAGTTGCTATTATCGGTAGTGATTTCCCTATTCCACTGACAGTAAATGTAATGCGTCCTGAAATAGCTCCTGATTCTTCAGGGCCAGATTATCAGAACTGTTGGCGCTAAAAAGTTTTACATTTAATAACACCACTATACAATATATTAGTGGTGTTATTTTTTATTCTATGGAGTGAAAAAGAAGCAGGAATATCTTGTATGTTTCCAATTTTATATCGCTAAATAATAGTAAGGTTGCCCCTTTGTATGTATTCAGATAAATAGAATAATTTTCTGCCTACATTTACTTCCAAAAATGTACTAAAATATACTAGAGTTGCTTAATTTTAACGAACGTACCCATCTATGGATAATGAACGGACTTTGGGAGGTAATGTGAAATGTATCAGGTAGGAGATTTAATTTTTTATGGCAACACAGGAGTATGTGAAGTTAAGGGTATTACAACACGAGATGCAGGAAAAGCAAACGATAAAGAACTCTATTATGTCTTAGAACCCGTGTATCAGAACTGTAAAATATTTATTCCTGTTAATACAACTGAAGTATTTATGCGTCCTGTTATTTCTAAAGACGAAGCTAAACAGCTTATTGATACGATTCCTACTCTTCAGGTAGAAACATATGAAGACTATACTTCAAGTCAACTTACAGAATGTTATGAGTCTTTAATTAAAACACACGATTGTGCTGACTTAATAGAATTGACGATGTCTATTTATACGAAGAAGCAGCTTGCTGACCAAAAGAAACATAAATTTGGGGCTATTGACGATAAATTTATGAAACGTGCAGAAGATCTGCTTTTTGGAGAACTAGCAATAGCTCTTGATATTCCAAAAGAGAAGGTGCCTGAATATATAGCCAAAAGAGTTGGCAGAAAAAATAGAGCTAATAAAAATGAATATAATTAATTTTCTCTAGTTTTACCATGCTATTTTATTTTTCCCTGCATTTTTAGCGTCGTAAAGCAGCATGTCTGCTCTGTGAATAAGAGATTGTAACGTATCTCCTTTTTGGAGGAATGTTATTCCTCCACTAATGGAGATGGTTTTATCTTTTTCAGCTATATTCTGTAATATTTTTTCTCTAAATCGCTCTGCTGCCTTTACGGCGTTGCCTAACGGTGTTTCCGGAAAAATAACTAAAAATTCATCGCCTCCATATCTTCCCAAGAGGTCAGTTTCCCTGAATGTTTGTTTCATTGTTTCCGTCGCTTTTATGATTATTCGGTCTCCTTCCTGGTGTCCGAATGTGTCGTTTATATTTTTGAAGCCATCCATGTCAAATATTCCCACAGATAAAGGTGTTTTATAGCGATTAGCTCGTCGTATTTCTTCTTCCAACCTTCTACAAATATGTTTATGGTTAAAAAGATCTGTCATTCCATCTTTAATAGACAGATTTTTGAGTGTCTGAATTTGTTTGTCGATAATTTTCTTATTCATAAAGGTTTTGGTTTTCATTTGATAGGTCAACCTGGAAATGACAAGAGCCAAAACCAACGCAGCGAAAGAATTAAAAATATGATTTCGCGCAATAACGGGGTTATGCTGAAATTTAGGAAGAAAAGTGACGAAAATCCATTGAGCTGCACTAAAGATAGCAATCATATGAGGAAATGGGATATAAAAAAAGGACGCAATGCAGAAAAGAACAATTACATATACTGTAATGGTTCCAGTATAAATTTGATTGGCAAAACTTAGCATTACTGCAAAGGTAAGAAGTCCTAAGAAATAAAAAAATAAGAACCAGGAAGAATATCGAGGTAATTTTTCATTTTTTTTATTATTGAAATAGATTATTACGGGTAGAAAAACAATATAGATAAGAAAAAGAGTCACATACAAAGGGATATAACAAGAGAGACCAGCCTTATAGACATAGCCAAATGCCATGCTTTCAATAAGCAGTCCTAAAAGGCTGAATATAAGAATGTGGTGTATGTTTTGTTGCCAAAGAAAAAAGCGTAGTTCCTCACGATAATCATTTGTTGAATTTTGCCGCAGATTTTTCATTAAGTAATCTCCATTAAAAAGACATTCTAACTCTGCTAATTCCATTTTACACAAAAGATTGTTAATTATAAACGCCTATTTAAGAATTTAATGATTTTCCCCTAAATGTAACAATTTCCTTCAAGTCAGTAGATTCCACCTTGACGAGTATATATAAAACTTTATAATACCTACCGTTGAATATGACTATTAAGTCATATTTTTGGCCTTATAGTCAAAACGACAGGAGGATGTGGATGTCTCAGCTTCAGAAAAAAAAGAAACAGATGTTAAATGACCTTATGCGTGAGACGCTATATAAGTCAGCTCGCACCGTTATAGAGGAATATGGTTGGAAGGGTACAACTATGGAAAGAGTTGCACTTGAGGCAGGAATTGCAAAGGGCACGGTTTATAACTATTTCAAAAATAAAAGAGAATTAATGCGTTTTGTTATGGAGAAGCATGTTGAACCTCTTAACAAAGAGATTGAATTTATTGTAAATCAAAAAATATCTTCTATGGCTAAAACATTAGCTCTCATAATAGAAACAGTAACAGTAGGGATGGTGAGAAACAAAAGAATAATTTCATCAATGATACTTGCTTTCCATGAAGATGTAGATCTACGCCGTGATTTTGATCCTAAGATTCATCCTTTAGAGCAAACGCAATTGGCTATAGTAAAAATTATTGAAAAAGGCATTCAAAATGGAGAGTTTCGTTCCACTATGGATGCTATGTTAGCTGGGGCAATGATACATGCCCTTTTTACAGGTCTTTCGCGTCAAATCGCTTTAGGCTTGATCGATGTTACAGAAGAAAAAATAGCACAGGATGTTACATCATTTGTGCTACGTGGTTTATTAGCTTCGCCTGAAGGAGGAACACTATGAAGATAACAGACTTCTCTTTACGCAGACCTGTTACTGTATTAATAGGAACATTTGCTCTTATCTTTTTCGGTTTATTGGCGATGAAAAACATGGGAATGGAGCGAGTTCCTGACGTTGACTTCCCCCTTGTTGCCGTTTCGACGACAATGCAGGGAGCAAGCCCGACTGTTATGGATAATGACGTAACAGACGTTTTGGAAGAACAGTTAAATACTATTTCAGGAATAGAGAATATCAGGTCAAATACATATGAAGGTCGCTCTATCATTTTAGTCGAGTTTGAGTTGGGGCGAGATATAGATGCGGCGGCGGCAGATGTTCGAGACAAGGTTAATCTGGCTGTTTCCGATTTGCCGGAAGAAGCAGAAACACCCATTGTCCAAAAATTCAATGCTGGTGACAGTCCGATTATTACGTTAGGTATTACAGGGGCAGCTTCGTATAAAGAGCAGTCGCATTTTGCAGACAAAGTAGTGAAAGAGCGTTTGCAG
CP133089.1_gap24	990421	994577	4156	ACACCTGCATTAAAAAGATCACTTTATTATCTTGCTGATTATCTGGGCAGGGTAGTTGATCGTTCATGAAGGGGTATTGTGTTAAACCTATTGGTATTGTGAAATCTTCTATAGGCGAACCTGTTTCTCCTGATTCATTTAAGGAACATCATTCTAGCATTCTTCTTGATCCTTTTTATCTTCCTGCTTTTGAAGACATAAAGGAGGGCACCGAAATTTTAGTGATTTTTCGCTTTCACAGGTCTTCTGCCTTTCCTTTTCAGGTTCATCCAAGGGGAGATTTGCGTCGGCCGTTGCAGAGTGTTTGTTCAACATGTTCTCCCCGTCGTCCAAACTTTTTGGGAACGACTCGTTGTCGACTTTTGAAAAAAGAGGGGAACACTCTTTTTGTTGTTGGTCTTGATGCCATAGACGGTACTCCAATTCTTGATATCAAACCCTTTGTAATGGAGTCTTTCAAATGAAGGACGTACGTCCTACATCATCTAAAGTTCTTCAGGCGTTATTTAATATACTGGGGTCTCTTCAAGAGGTGGCTTTTCTTGATCTCTTTGCTGGTACCGGAAAGGTTGGTGCTTTTGCTTATGAGCGGGGAGCAAGGCCAGTTGTAGAGGTTGAGCTTGTGCGTAAGAGGGCTGAAGCTATTCGCAAAAATTTTAAAAAAGAGATAGATAGCGATTCTTATATTGTGCTATCAATGGATATACGAAGGGCTTTGCAGTGGTTACAGAAAAAAAATCATTCTTTTGATATTATTTTTGCAGATCCCCCTTATGAAGAAGGGTGGCCCAATAGAATTCTGGATCTTCTGAAAGAAGCACCTGTTATTTTGAAAGATAATGGTTTAATTATAATAGAGCATTCAATACGAGAGCCTATTATAATTCAAGGTGACGATTTTATTGTGACAGACTCACGTACTTATGGAGATACGAACCTCACCTTTTTAAAGAAGAAGGAGGTCTTTGAATGAAACGCCCTATACGTGCTGTTTACCCGGGGTCTTTCGATCCTATTACGAACGGTCATATTTATATAGCGGAAAGGGCAGCTGCTTTGTTTGACGAACTTGTTGTCAGCGTGTTGCTTAATCCTCAGAAAAAAGCAACTTTTAGTGTAGAAGAGAGAAAAGCAATGGCTAGAGAAGCATTAAGTCATCTTCCTAATGTAAAGGTGAATTCGTTTACCGGACTTCTTGTCGATTTTTTACGCCAAGAGCGAAGTCGTATTATCATTCGTGGTCTCCGTGCTTTATCGGATTTCGAATACGAATTTCAACTAGCTCTCATGAACAGGCAATTAGCGCCGGACATAGAAACATTATTTATCGTTACGGAGGCTAAATACTCGTATCTTTCAAGCCACGCAGTGAAAGAGATTTTCCATTTTGGAGGCCCTGTTCAGGAAATGGTTCCTCCAGGGGTATATCGTCGGCTGCGAGAACGTTACCCTAAGCCGTTTTCCAATTGATAAGGGATTGCTCGTAATTCATGTTCTGTGTACGGAGTATCTACGAGATATTCCCATAATGTCGATGCAATATTCTCAAGTTGGAGTAACCGACGAGATGGTCCTCTGAAAGAAGGAATATATCCTCTGGTAATAATGGGTAACGTTGTTTTGCTACGCATCTCTTTTAGCAATTTTTTCCCGCGGGAAGAAAAACCGAGAACACGTATATATTGAGGTCCCAGCCGTTGAAAGGCTCTGTTTTCCCAATGTTTGATGCCTAAAAGCCAATCAATGGCGAAGCGTTGAATTGTCCCCTTTGTGTAACGCTTAGATGTTGCTTGTGATACGAAATCATCCCAGGAAAGAGAGGTTCCGGCCAATTTATAAAATAGGTTTTCGAGACCTTCTTTCATCTCTGCTGTTTTTGCAATTTCTTGAGGTGTGCTTCGTAAAAGACTTGTTTGGAGAAAGGGCCATAATTTTTGGGCAGAGTATGCAATCCGACCACTCTTGCAGGCTTCTTCTATGAGAGATCGGGAAAAGGATGGAAGAGCATCAAGTATGTTTTCCTGTTTTCCTCCTCTATATGCTTTTCGTATCGCTGAGGCACTTGCCCATGTTCCTTGAAAAGTTTCGTCGTGGTAGCCAGCTCCCTTTCTCTCTATAGGAACACAATGTAATGGGTATTTGTTTTTTTCGATGTGAAGAAGATACGCCAATGCAAGGGAGTTATTAGGTTGAGAGAGTATTGAACCTGAATCTGGAATTAATGCTTCCAGAGCCGAAGCACGCGCTTTCACATATGAAAAGCCTTTTTCAAGATATCTTCTGAGTTCTCTCTTGAAAGGTTCAGGTTCGTGAATTAGAATGTCAAGGATTGTGGATAAATCGCAATTATGGTTTTCCATACCAAAAGAAAGATGGGTTACACTGTGACATGCTGCCAGAATATCTACCGCTCCTGCGGCAAAAACTCCGGCATTATGGCATGAAAAAAATACAGGTAGTTCTAATACTACGTCTGCGCCGGCTTCTAAGGCGAGAGCTGTGCGTTGCCATTTATCTAAAAAAGCAGGTTCTCCTCTTTGTGTAAAATGGGAAGAAAGAACGACGACGATTTCTGAAGCATCTGTTTTCCGTGTTGCTTCATTTAACTGAAAAACATGCCCGTTATGTAAAGGGTTATACTCAGCGATGATGCCAACAACATTTTTTGACATAGGTAATCACGCTTTCTATAAATATATAATAATACAGATACTCTTAAAGATACCCTGTAGAATTCTATCAGGTCAAGGAGAGGGAGGAATCCAAAAGCAATGAAAGTATTGGTTATTAACTGTGGAAGTTCATCTTTGAAGTATCAGCTTTTCGACATGGAGACAGAAGCTGTTCTCGCTAAGGGATTGGTTGAGCGTATTGGTATTGAAGGTTCTCGAATTAAGCACACGAAGGTTGGAATGGATGCTGTCATTCGTAATACAGAAATTTCTAACCATAAAGTGGCTATTAAATATGTTCTTGAGGCCCTTCTTGATCCTCAGCATGGGGTACTTAAGAGTCTTGATGAGCTCAATGCCGTAGGGCACAGAGTCGTTCACGGTGGAGAGAAATTTGCACGTTCAGTTATGATCGATAAAGATGTTATCGAAGCTCTTCAGGAGTGCGTGCCTCTTGCACCTCTTCATAACCCAGCAAACCTTATGGGCATTGAAGCTATGCAGGAAGTTCTTCCCAATGTTCCTCAGGTTGGAGTTTTTGACACAGCTTTCCACCAGACAATGCCTGGACAGGCTTATATGTACGGTGTTCCTTATCACTATTATGAAAAGTACAGAGTTCGCCGTTATGGCTTCCACGGAACAAGCCATTTCTATGTTTCTCATAGAGCAGCTGACTTCCTTGGTAAAAAAGTTGAAGATCTTAAGATTGTCACATGCCATTTAGGAAACGGAAGCTCCATAACAGCTGTTGATGGCGGAAAATCTGTTGATACTAGCATGGGATTCAGCCCCCTCCCCGGAGTTATCATGGGAACACGTGCTGGTGATGTTGACCCTCAGCTTCTTACATTCCTTGCTGAGCAAGAAGATCTTGATCCCAAAGCCATGAGTCACATTTTGAATAAAGAAAGTGGACTCCTTGGTATCTCTGGTGTAAGCAGCGACCTTCGCGATGTAGAGGAAGAGGCAGAAAAGGGTAACAAACGCGCAGAATTGGCAGAGTCTATGCTTTATTACGGTATTAAAAAGTATATTGGTGCTTATGCTGCTGCTATGGGTGGCATAGACGTGCTTGTTTTTACTGCTGGTATCGGAGAAAATAGTGCTAAAGCTAGAGAAAAAGTATGTAGCGGTCTTGAGTTCCTTGGTGTTAAACTTGATGCAGAGAAAAACAACATCCGAGGAAAAGAAGCTGTTATCAGCACAGACGATTCTAAAGTAACGGTACTTGTAATCCCGACAAACGAAGAACTTGTAATTGCTCGAGATACTAGAGATATCGTCTCAAAGTAAGACAGAAAGAAGGAGGAAATCTCATGGCAATTACTGATCTGCCGTCTGACTGGTCATTTTGGGTGCATTTGCCAGACAGGGAGGAAGGGCCGGATGTGGTAGATGCTTCTTGGCAAATAGAGATGAAACAATCTATTGTTTTTGCCCAAGAAGAATTTTCTTTTCTTTCTCCGTTGCAGGTTGTCGCT
CP133089.1_gap25	1008019	1011451	3432	GATTTTTTTGTATAAGCGGCCGCTTTCGCATATTTTTTTTGTTTGTCTGATACTTACGCTTTTAGTGACGACTCATGTGAGTTGGGCTTCTCAATCGTCATTTAAACCAACAGTTCCTGTTCTTCCTCTGGAAGATTTGAAACCAGGAATGAAAGGATACGCTTTAACGGTTATACAGGGTCAGAAAGTCGTCTCCTTTCCCGTGGAAATAATAAGCATTGTTCCGCAATTGGAGAGTCGTCCCCGTCATCTTATTATGATTCGCGTGAGCGGTGATGTTATTGATAAAACTGGTGGAATAGCTGCAGGAATGAGTGGTAGCCCTGTCTATATTGGTCAGAAGCTTATTGGGGCTATAGGCTATGGTTTTAATTTTAGTGAACATAATATTGGCTATGTTACTCCAATAGAGGACATGGCTACTGTTTGGAATTGGCCGGAAGTGAAAAAATCCTTGCCAAAATTTACATTACCTCTTGAAAAAGAAGACGAAAAGGAATCTCATAAAGAAGAAACTCAACCCGAAGAAGATAAGGGTGAAAACGAAGAAATTGGTACAAACGATACAACCTCTCCAGAATCTCCTTCAGACCAAATGACACCGAAAGCCTTACCGTTACAGATTAGTGGTGTCAGTCAAAGGACAGTAAACAAACTTGAAAACGTGTTAGGTGAGAAAGCTGTTCTTGCTGGAGGTATAAGTAGTGATGAACACATAGTTGATTATAAAGCGGCATTTTCCCCGGGAGATGGGGTAGGTGTTCTTCTTGCATGGGGTGATGTTACAGTAGGAGCAATTGGAACAGTAACATCGGTTGATAAGGACGGACGTTTCTTAGCTTTTGGACATCCTTTTTTAGAAAGGGGCGCTGTGGCTTTTCCTGCTGCCAAGGTTAACATTCACAATGTTATTCCTAACTTAGCCAGCCCTTTTAAAATAGGCAGTTTCTCTCAGATTGTAGGAACAATAACCCAAGATCGAGCCGAAGCCATAGGTGGACAGGTCGGTTATTTTACTCCATCTATTGATGCCTCTCTCCGTTTCAAGGATGTTGATAGAAACGTACGAGCTTTAAAAAGATTTCATGTTGTTCCTGATCCTTTTATGAGCTCAGAAATGACATCTATTCTTTATACAGGATTAATAGATCGGTTATGGGGCAGAATAGGCGAGGGAACGGCGAGAGTCTCTCTTCAAATTGAAGGCTATGGGCTTCCCAAGGGCTGGACTCGGAGCAATATGTTCTTTTCTGAATCAAATATTGGAGGAGATTCTCTTCGTGAGATTCAAGAAATAATAAAGGCGATAACGCTCAATCCGTATAAGGACATTTACCCCTTAGGAATACACCTTTCTGTGGAAATGACTCAAAAACCTAATCTTATTTTCATTGAAGGTCTCAAAGTTGAAGGGGAGACCTTCCGTCCTGGAGATAAAATTCCGGTGGAAATAACATTACGTCCTTATAGAGGTGAACAGAGTAAAAAGAAATTCGAACTTATTGTCCCTCAAAATGCAGCTGGTCCAGTTGAAATTGCTGTAAGAGGTGGCGGTATTATGCCTTTAGAAGAAGATGCTATTATTCAAGGATGGAAGACTATAGAAAATTTTGATCAAATGCTCAAGGAAATTAGTGCCTTGGAAACCAATAATGAGGTTATTCTTGAGCTTAATTATGCTAAAGTTCCTGATGAAACGTCTCAACCTGGCCCTACGAAAGAAGATCTTGAACTATTAAGTCAAATTAAAGAGAGAAGACTAAATGAAGGAAGCATGCGTATTTTCAGAACAGATTATGTAGTTGAAGGACTCCTTCGTAAAATTGTACAGATTGTGCCAGAAACCAATAACAGACAAGAAAGGGAATAATAATGTTCATAACTCTTGAAGGGATCGATGGATGTGGTAAAAGTACTCAAGCGGCCCTTTTAAAAGATAAACTGCAAAAAGAGAAACATGCTTCTGTAGTGTGGACCAGAGAACCTGGAGGCTGGAGCCATGGAGATCTTGTACGTACACTTCTTTTGGACAAGGATCTTCACCATGAGTTAAGTGAATTGCTGCTTTTTGTATTTGATCGCTGTGAACACGTTTCTCAAGTTGTCGCTCCTGCCCTTGAAAAGAAGCAGATTGTTCTCTGTGAACGATATACTGATTCAACACGTGCCTATCAAATATGGGGAAGAGGTTTAGAAGAAAGAAAGGTAGAAGATCTTTTTTCATGGTGTCACTTCCCAGATCCAGATTTGACCTTGTGGATCGATACCCCTTTATCTTTGGCAATGGATAGAATTAAAAGATCTAGAGGGCACTTGGATCGTATAGAGTCAGAAACGCAAAAATTTTTATCAAATGTTTGTTCTGGTTATAAGGAGCTATCAGCACGATATCCAGAACGTATAATTCGTATTGATGGGGCGCAACCGATAGAAGACGTTTCACTCCAGATTTGGAAGGCTGTGGAGGTGTACTTTCTCGGTGAAAGTAAAAAAGAGTTCTGATAGAAAATTAGGTACTGATTTTGGAACCTTTTCTTCATCACGTCATCGAGTATCTCAAAGAGAAGACGTTAATTATCCTAAGTTCGACGATTCTTTGGAAGCGGCAGAAATACACGAGCTTCTGAACCGTCTCGATTCTCTTGGCGATAAATTATCACGTTTCCCTTCAGAAACCATATTGCGAGATTATCGCAATGTTGTTGGAGAACTTCTTAAAAGGGCGACTGGTCGTTTACGTTTAAAAAAAGATCTTCGTTGGAGACGGTATGATAAAAATATATTTGTACTTATGGAAAAAACAGAGTTTGCCCTTCAAGAATTATCTGTTGTTTTTTTAAGGGAAGGAGAACGAACACGTTCTCTCCGATTAATGGAGGAAATTAAGGGATGCCTGCTCTCCCTACTTTTATAACATCAAGCCTGATGTGGCTTGAACTGAAAAAAGCTTTAGAAAAAGATAGCTTTCCTCAAAGTTTATCTTTGATGGCGCCTAAACAGTACCAAAATGATATTGTTTTGGCAGTCGCTCGTTATATTTTGTGCGAAAATAAGAATGCATGCGGCGAATGTCTATCATGCCGATCTTGGCATGAAGAATTGCATCCTGATCTCATACAACTTGGCTCACTGGAGAAAGCGCCTGGTATAGAAGAATGTAGAGAGGGTGTAATGGAACTTTCCTTATCGCCAGTTGTGTCTTCTCGACGACTTATCGTTATTTACTCAGCGCATGCGCTCTCTCTTCCTGCAGCGAATAGTCTGTTGAAGATCGTTGAGGAGCCGCCAGAACGCGGAGCAATCATTTTTATGCGAGAGGCCGAAAACTTTTTGCCAACATTAAAAAGCCGATGCTGGAATCTTTCTGTTGTTGAGGAAGAAAGTGTAAAACAGGAAAAAATCCCAACTTCAGAAAATGAGTGGAAGAAATGG
CP133089.1_gap26	1026406	1029101	2695	AAAAAGCTGCAAAACTTAAGAAAAAATATGGTGTGTCTTCTGAAAATGAGCAAAATGCAAAAAAAGAATAACGTTGAAACTTTGTCGAGAAAAGACATCTGTGACTCTCTTCCAAACGCATCACATGTTGCGGAGGTACTAGATCGTCTTGAAGAGTGTTGGAATATGGAGAAGGACCCTCCAAACCTTTGGCATGAGGAACCTCTTGACGGGTTGATCCTTACTCTTTTATCGCAGAATACAAATGATAAGAACAGAGATCGGGCGTATAACAATCTGAAAAGGATTTACCCTACATGGGAGGGTGTTGCTCAGGCAGCAACAGAGGATATAAAAGAATCCATTCGTGTAGCGGGATTATCTGACATCAAATCTAAACGAATGAAAGACATTCTTGAGGCTGTAAAGGCTTCTTTTGGCTCATATTCAATAAAGGCATTACGAGATAAAAGCTCTGAGGAGGCCAGATATTTTCTTTCTAGACTGCCTGGAGTGGGAGCTAAAACAATTGCATGTGTCTTACTCTTTGATTTGAGTTTTCCCGCTTTTCCTGTTGATACGCACATACAGCGCTTTTCAAAAAGAATTGGCTGGGCCCATGAACGATGTAAGCCAGAAGAAATTGAGACAATGCTTGAAAAAGTAGTTCCAGAAAGCCGGTTTTTAGGTGGGCATGTCAACATTATTACTCATGGCCGAAATATATGTCTTGCGAGACAACCTCAATGTTCTCATTGTGCTGTTCGTGATTTGTGCATGTTTGCTAAAAATATGGAATGAAGAAAAAGGAGGCAGCTTCTAAAGGCTGCCTCCTTCGTTTTTAGTATCAAAATTTATTGCAAAAATTAATCTTCCTGTGCTTTGTCGTCTTCTAATTTCTTGAGGTTGGCTAAAACGATTCTATACCCGTCAGCACCGTATTCAAGGAATTTCTTAACCCTGCTTATTGTTGCAGTACTAGCACCTGTTTGTTGCGCAATCTGAGGATATGTGTACCCTCCATCAAGCAATCTTGCAACTTCTAGGCGCTGTGCCAGAGCTCGTATTTCCCCAATAGTCGCTACGTCTTCAAGAAAACCGTACATTTCTTCCACTGAATTCAACGACAATAAAGCTTTGCAAAGCTGATCAGTTAATTGATCCTTCCATTTTTCTACCATAAACGCCATACCTCCTCGTTATTCGAAACGTTTTGATAGTTGAGAAAGGCAACTATAAACCTTGTCCATCTCACCTGAGAGACCAATTGAAACTCTGATCCAACTGCCTCCCATATCCGGTATTTTAAAAAATTTGATTGCAATGTCATTTTCTTCAAATAATGATTGAATAATTTTTTTCTCTTCATGAATATGTACTAATACAAAATTTGCATCACTTGAATACGCATGTATTGAGGGGAGCATATTACATTGGCGTATAAATGATTCACGATTGTCTTGAATTGATTTCTTACGTTCTTGAATCAAACCTGGGTATTTCAATACTATATTAACTATAGCTGCTGTAAGCTGATTGATATTAAAGGGACTTTTTATTGTATTGAGAGTATGTGCTACATCAGAGTTACAAATCCCATATCCAAAACGAATTCCTGCTAGTCCCCACGCTTTAGAAAGTGTTTTGAGGATAACTGTGCGGGCAGGAATATTATTTGCTTGAAGAGATTCTAAGAACGTCTCATTAGCAAACTCTCCATAGGCTTCATCTATAACTGTAATCCCTATGTTTTGTTCGATAACCTCTTGTAAGAACAAGCAAGGCAATGTCTGTCCAGTAGGGTTGTTGGGCGTGTCTATAAGAACTAAAACAGGTTTTTCTCTTCTTAAAGTATCTAGAAAGAGTTCTGTGTTGAAAAAACAATCCTTTTCAGTAAATGTTATGGGCACAGTAATGTGTTCAGCTCCATAAACACGGCATAAATGGGCGTATTCCGAAAAAGATGGCGAGAAAGTGAGTACTTTTGCCCCTGGTTTAACATATGCAGCAAAAAGCAACCATAAAACTTCATCTCCTCCGTTACCTAAAATGTAACTCTTTGTAGGGAAACCGGTAAAGTAGCTGAGTTGTTTTTTAATGTCACTATACCCTGGGTCTGGATATCTATTCAACTCCACATCTGTAAGAACAGAAAAAATTTCTTCTTTCAGAGATTGAGGAAGCTGAAAGGGATTTTCATTTTTATCAAGGCGTATTTTGGGGTTAATGTGTGTTAACATTTGTATGCCTCACTTCTTCTTAACTTCAACTAATTAGAGTGTAAAACTTATCGATTTATAATGCAGTCTAACATGGCTAGAAATACCTGTCAACAGATAGGATTTAGTGTAATATATAAGAAAGTGAATAATTATTAAAGAAGAGAAAAGGATAATGGGGGCCTATGAAGAAAATAAGAAAAGTACCCATATCAGAACTTAAAGATACAGAAGGAATTATTATAGAAGATGTTTTGGCGAAAGACATGGTTCTTGTTTCTAAAGGAACGGAGTTAAAGCGTCTTTTTGAGTTGAAGCCTGGAATAGAAGAAGATTTAAAACGTCATGGAATTGAATGGGTCAGAGTAAAGAGTATTACGCCCTCACTGGAGTCTTTTTCTCATGTACTTCCTGAACTTTTGCCTCCAATTCGTATTATCAATTCTCGTTTTGCCGAAGTTGTCTTTTACCAATTCGCTGCTTTTGCACAAAACATA
CP133089.1_gap27	1030744	1032068	1324	AAGTCTGTTACTGAAGCTTTAGAGGCTCTTGCAGAAGAAGTAGAGGAACAGGCTGATATCATAGAAGAGCAGCAGGACCTTTATGAGGAGCTTGCTGATGATTTTTCCCTTCTAGACGAAGATCTCGATTCTCTCGAGAGATCCTTTGCTGAATATGTAGGCGAAGATTTTGACGAAACAGACGAGGATGAAGAAGCTGATTTTGATGAAACATACGAGTCAGTTGCTTGCCCAAAATGCGGACACATTTTTTATTATCAGCCAGAAGTATACGGTGAAGACGAATCTCTTCAGTGTCCCGATTGTGGGGAAACCTTCGCTCAACCTACAGAAGAGTAATTAGAAAAGGAGGTCTAGTGATGGATGACGTTCGTGAAGACCTGAACCTTGAATCTCAAGATCAGGATTTTGAGATGGGGGAGCCTGTGAGGGACGAACAGGAAGTAACAGAAGAGCGTTCTGTTCAGGGGAATGTTCACATAGCAGAAGATGTCATCACAGAGCTGGCCCGAAAAACATTGACTCTTGTCCCAGGAGTACAGCCGGCAAGTCCGGGACTTGTTTCTAAGTTAGGGTTGGTAGGCCGTAAGGCTATTGATGGGATCAAAGTTTCTGTAGAAGAAAATATTAATCCACCTCAAATTACTGTTGATGTTTTCGTTTTAGTGAAATATGGTTTGCGTATTCCAGATATAGCTTGGGATCTTCAAGAAGCTGTGAAGAATAATCTTGAGCAATATACCGGATATACAGTTAAAGCAGTAAATGTTAATGTGCAAGGAGTATTTTTTCATGAACGTTCTGTGCAGTCAGTAAACGCTGATACAGATAAGAATGTTGTGAAAGAACAGGTTGTGAGTGTAACTGAAACAGGATCTGAAACTGAAGCCGACGCAGAGTCTAAATAGCGTTTGGTTATATTGTGTGATAGGGAAGGCCGGCCTCATTTGTGCCGGCCTGTCTTAATCCCGGGGGTGGTTTGCGATGTATCTGTTTTGGAAAAATACAACCCTTGGCAGTATTCGTTTATCTCGGGAAGGGTTGACAGAATTTATTGATTCATTGCTTTTGCCTTCATATTCTTGCAAAGAAGTTGCCCTTTCCAGAATGGAAAATTCGTTGTATATTGTTTTATCTCTGCCTCAACCCCATAATGCTCTTGAAGTGAAGATGGTTGAGGAAAAACTCCAATCGTCCTTTGCTGATTTGGGATTAGGCGTTCATATTTCTTGGACAGAAGAGAAAATTACAAAAGATAAGAAGAAGATTCCAGAAATACTGCAAAATCCTTTATCTTGGGTGGCTTGTACCGCAGGAATAACCG
CP133089.1_gap28	1033259	1035605	2346	GATGCTGTAATGCTTGTTCGCGGAGGGGGAAGTCGCGATGATCTCACTCCTTTCGATGATGAGCGAGTCGTGAGAGCCATTCGTATGTGTCCCTTCCCGGTTGTAACTGGTGTAGGTCACGAAATTGATGTTACGCTAAGCGATTATGCAGCAGATGTTTCTGCTTCAACGCCCTCTGCTGCAGCAGAACGTCTCTTTCCTGATTATCGTGATTTATCTAGGCAAGTTAACCACTATTCGCAATCTATTATAAAAGCTTGTTTTCAAAGCATAGACAAAAAAAATGAACATTTGATCCAAATTGAACAACTTCTTAAAACGTTCTCTTTTAAAAATATAGAAATAACCGCCAAAAGTCTGACCGAAAGAAGACGACATATGAATCTTTTGATGAAGTCAAGATTTGAAGAAAAGAAAAGTGCTCTTTCCTCTGTCGCAGGAGCACTTAATGCACTTTCCCCTCTCTCAATTCTCTCTCGAGGATTTATTAGCTGTACCAAAGAAGGTGGGGAAGTAGTCACTTCTGTTGACCAACTAGAGTTAAATGAAAGGCTTACACTCTCTTTCATAGACGGACAGTCAAAAGTACGTGTTGAAAAAATTACAAAAACAGGGGAAAGTGAGTGAAATCAATGTTGCCTAATCCAGTAAGTTGGGATGAAGAGAAAAAGAAAGTTCGCATTTTAGACCAAAGATGTCTTCCTTGGGATGTAACTTTTGTCTCCTGTTCTACTTTTGAGGATGTTGCTAAAGCTATAGAGAGTATGGTTGTTCGTGGAGCTCCGGCTATCGGAGTAGCTGCTGCTTTTGGTGTAGCTCTAGCGTCTAAAAATGGCAAGCAAGAAGCTGATAAGGCTATTAGGCGGTTGGCCCAAACAAGGCCTACTGCTGTAAATCTTTTTTGGGCACTTAAGCGTATGGAAAATATAGTAAATCTATCGGAAGGCCAATCTCTTTATTCTGAAATGATAAAAGAGGCCTATTCTATTCTTGAAGAAGATATTGAAATAAATCGTCATATAGGGCATTGGGGACAAAGTTTACTTCCTGAGAATTCTATAGTTTTGACCCATTGTAATGCTGGAGCGTTGGCTACAGCAGGATATGGAACAGCTCTCGGTGTTGTTCGTGCGGCAAGAGAAGAAGGTAAAAATATTAAAATTTATGCGGATGAAACACGCCCTGTTTTTCAAGGAGCGCGTCTTACTGCATGGGAACTTATTGAAGATGGTTTTGATGTAACTGTCATATGTGACAATATGGCAGGAGCTCTCATGAAAAAAGAACATATCTCTGCCGTTTTGGTCGGAGCGGATAGAATAGCTCTTAATGGTGATACTGCCAATAAGATTGGAACCTATTCTCTTGCGGTTTTAGCGAAGTTTCATTTAGTGCCCTTTTATGTGGTGGCCCCAATATCTACGATAGATAAAGAAGCTAAAGATGGTTCTTATATTGAGATAGAGCAGCGAAATGGCAAAGAGGTCAGAGAACCTACTGGTCATCCTTTGATTCCTGAATCCTTTCCGGTATGGAACCCTGCCTTTGACGTTACTCCGCACTCATTAATAACGGCAATAATAACGGAAAAGGGAGTGCTTTACCCACCTTTTCTTAAAAAAATAAAGACTATCTAGATATGTAAAGGGAGGAATTTTCGTGGAAAATCGAATTGCTGATATACATCTTTCCTCGGAAGGAATGAAAAAAATTACATGGGCGTGGCAATTTATGCCAGTTCTTCGAAGTTTGTCTGAGGAATATACGTCTAAAGCTCCGTTGAAAGGATTAAAACTTGCTGCATGCCTTCATCTCGAGGCAAAAACGGCTTGTCTTCTCATTACACTCCATAAACTTGGAGCTGAAGTTTGGGCAGCAGGAAGCAATCCTCTTTCCACGCAAGATGATATTTGTGCAGCACTGGTTGATAATGGAGTTCACGTCTACAGTCATCACGGTATGACAACAGAAGAATACCATGAAAATCTACGTTTTGTTCTAAGCATTGCTCCCGATGTCATTGTTGATGATGGAGCAGATCTTATTGCTACTTTACATACCGAATTTCCTCAACTGATACCAAATGTACGAGGTGGATCTGAAGAAACCACAACAGGAATTAAGCGTCTCAAAGCTATGGAAGCAGATGGAACGTTACAATTCCCTATGATTGCTGTAAACGATGCGTATAGTAAATACCTTTTTGATAATCGTTATGGTACCGGACAGTCAGTTATGGACGGTCTTATGCGAACGACAAATATGCTTATAGCGGGTAAGAAAGTTGTTGTAGTCGGATACGGATGGTGTGGCCGTGGAGTAGCTATGCGTGCTAAAAGCCTTGGT
CP133089.1_gap29	1037630	1039869	2239	ATACAGCAGCCCGAGTTTACAAGAGCTGTAACGTCACAAAAATGTGTACGAACTAATGATATAGAAAATGTTGGCCGAACAGCACGTCATCATACCTTCTTCGAAATGCTGGGCAATTTTAGCTGGGGAGATTATTTTAAGAAGGAGGCCATAACATGGGGTTGGGAGTTTTTAACAGAAGTTATTGGTCTTGAACCTGATCGCTTATACGCTACGATTTATAAAGATGACGAAGAAGCTTATTCTGTATGGAAAAATCAAGTAGGACTTTCTGACGATAAAATCTATCGTTTCGATAAAGATGAAAACTTCTGGTTTATGGGAAATATGGGACCTTGTGGCCCTTGTTCAGAAATTATATACGATCAGGGACCAGATTTTTCCTGTGGAAAACCTACGTGTGGAGTTGGCTGTAATTGCGATCGTTATTTGGAAATATGGAATTTAGTTTTTACTCAATTCGACCTTCAGGAAGATGGATCGCTTATCCCCTTGCCGAAGAAAAATATAGACACAGGCATGGGATTAGAACGCTTAACATCCATTGCACAGCGAGTTCGCACTGATTTTGAAACGGATCTTTTCAGGCCACTTATAGATCATGTTTGTCAGATGGCTGGAATATCGTACGGCTCTTCTGCAGCAAATACTTTAGCGGTTCGTGTCATTGCTGACCATATTCGTTCAGTGGCGTTTATGATCGCTGACGGCATCTTACCTGCAAACGACGGTCGAGGATATGTCTTGCGTCGTCTTATCAGGCGAGCTGCTCGTTATGGAAAACTTCTAGGGTTTGACCAGCCATTCCTTTTGGAACTTTTCCCTGATGTTCTTGAACTTATGGCAGATCCTTATAGAGAATTGATCGATAACAGACCAATGATTGAGCAAATTGTAAGTATGGAAGAAAAACGTTTTGGTAAAACTCTTCAGCAGGGAACAGAATTAATCGATCAGGAAATAGCAACTTTGAAAAAACGTCAGGAAAAAACAGTTTCTGGCGCAGTAGCCTTCGAATTATATGATACTTTTGGCTTTCCACTTGAGCTAACAACTGAAATCTGCGCAGAAAACGATATAGAGGTTGACGAGGCTGGCTTTAAAGTTGAAATGGAAAAACAAAGAGAACGCGCACGGGCGTCCAGTAAACAGTTGAGTAGTGAGATGAAAGGTGATGTCTATTCTGATATTGCTTCAGAAGTAGGGAAAACCTCTTTCGAAGGATATGCATTGCCGGAACTGGATACTGAAATAGTTGCACTTATACAAGAAGGCGAGCGTATAGACTCTTTGTCTGCTGGTGAAAAAGGTGAAATCGTACTCAATAAAACCCCTTTCTATGCTGAACGTGGCGGACAAATTGGGGATCATGGTTTTCTCATGGCTCCAGGAGTAAAGGTTCACGTATGCGATACAAAAGCCCAAACCGCAGATTTGATTGTACATGTTGTAACCGTTCTTGAAGGCACTGTATCAAAAGGACTTTCTGTTCATGCTTCCGTTGATGTGGACAAGAGGAATGCCATACGAAGGAACCATACAGCAACTCATTTGCTTCATGAAGCCTTAGGTAGAGTTCTTGGAAATCATGTTCGCCAAGCTGGGTCTCTTGTAAATGAGAAACTGCTTCGATTTGATTTCACTCATTTTGAGCCCCTTACACGAGAGCAAATACATAGCGTTGAAGAAATTGTTAATACACAGATTCTTGAGAATATCCCTCTCGAAATAATCGAAAGTGACCTTGAACAGGCGCGAGCAATGGGGGCAAAGGCTCTTTTTGATGAAAAGTATGGTGATATAGTTCGCGTTGTGCGTATAGAAGATTTTTCTACTGAGCTATGCGGCGGACTCCATGTCGATGCAACAGGAGATATCGGAGCTTTTAAAATTATCAAAGAAGAAGGCATCGGCTCTGGAACTCGAAGGATTACAGCTCTGACGGGAATGAATGCATATGAATCATATCAACGTTCATTTAAAATAGTGGAAGAGCTATCAAATCTTTTAGCTACAGATTCCGAAGAACTCATTTCTCATGTAGAAGATATGCAAGCTGAGATACGGCAGCTATCTAGAAAAATAGAAGAGCTTAAATTAAATAATTTAGCGGCTAATCTCGATGAATCTGTTACAAAAGAAGAATTGCCTGACGGGTTTGCACTTTTCTTGGGCCAATTCAAGGGCGTAAATGCAGATATGCTAAGAGAACTTGGTGATCGCATAAAAGCTAAAAATG
CP133089.1_gap30	1041179	1042730	1551	TCCTGTTATGACTGTCTTCGGTTTAGAAGATAACACGTCAGAAATCGGAGTGGCTGCAGCCGTTCTTCACTATCTTGAAGAAACTCAATTTGGTGCAATTCAACACATTACGCGAATTTATCCCTTGCGAGAAAAGTCTTTTTTACACTTAGATATGGCATCACAGTACAATCTTGAACTTATTCATGGAGATGGGCCTACTCTTTATTCAGTTTTGAATAAGTGTAAAAACCCTATGGGAAGACGTCTGTTAAAAGAATGGATACTCCGTCCATTGCTCCAGGTAGAGGAAATATCGAAAAGACAAAATGCCGTAGAATATCTTATCAACGACCCAGTTATACGACAAAAATTACAGAATTTGCTCGCACAATGCAAAGATATAGAGAGAGCATCTTCACGATTAAGTCTGGGAACGGGCAACCCCAGGGATTTAGCTGCAATACGCGATACTTTATTATTGCTTCCCGACTTACTTGTGTATTGTAAAGATAATCCTCTTTTCCAGTTTGTCTCGCAGGAAGAGACTTTAGACTCTTTTGCAAGACTCTTGGCGTCGGCTCTTTGCGATGAGGTTCCTCGAAATCTTCATAGTGGTGATGTTATTCGTTCTGGATATAGTCAAGAACTCGATTCTTGGAGAGATTTGCGAGAACATGGCGATCAATGGTTAGATCAGTATCTTGAGAAAGAAAAAGAAAAAACCGGCATTTCTAAGCTTAAAGTGGGAAGTAATAAAGTTTTTGGTTACTATTTAGAGATAAGCAAGGGGAATTTGGATAAAGTTCCTGAAAATTATATTCGCAAACAGACATTGGTTTCAGCAGAACGCTTTATAACGCCAGAGCTTAAGGAATTTGAGGAAAAAATGTCAGTTTCTGAACAGGAGATTACAAAATTAGAATCGAAATATTATGCAGATCTCGTTAGCAAAACATTAGAAAATATTCGTGGGATTCAAGACGCCGCAATCATGTTGAGTTGTATTGACGTCATTGCTGGATTAGCCCAGGTCGCGTGGGAAAGAGGCTATATTCGACCACAGTTAAATGATGGACTAAGTCTTTTTATCGAAGGTGGACGTCATCCTGTTATAGAAGCTACCTTTTTGGACCAACCTTTTGTCCCTAATGATATTACGCTTGATAACGACGATAAAAGAATAGCACTGATAACTGGTCCTAACATGGCCGGAAAATCTACCTACCTTCGGATGGCAGCATTACTTGTTATTATGGCGCAAATGGGTTCTTTTATTCCTGCATCTCAGGCCTCAATGGGAATTATGGACCGTGTTTTCACTCGTATTGGAGCAAGAGACGAGCTTGCACGTGGTAATAGCACTTTTATGGTAGAAATGATAGAAACAGCTAACATTCTGCATAATGTTACAGATAGAAGTATTGTTATACTTGACGAGGTTGGACGCGGAACATCGACCTATGATGGCATGAGCATTGCATGGGCAGTACTAGAATATCTGGATAGTGGTTGCGGAACAAAACCAAAGGTACTTTTCGCAACGCATTACCATGAACTTGTGGCATTAGA
CP133089.1_gap31	1060641	1062125	1484	TCGATATCCGTTCAGTAGAACAAGGAAATATAGAAGATGTAGTGAAAGAAATGAAAGAGACTCTTGAGTATGTTTCTCATCAGATGGGTGTTTCTGTCCATATGGAGCAAAAACTTGCTATTCCTCCTGTACATCTTGCAGATGAAATACGAGGTATTTTTGAAGAGGAAGCCGTTGGAAGAAATATTCGTTATAGACATATGGTTAGCGGAGCAGGGCACGATGCAATGATTATGGCTTCTCTTACAAATGTTGGACTTATATTCGTGCCAAGTAAAGATGGACGAAGTCATTGTCCAGAAGAATGGACAGATTATGAACAACTCAAAAAGGGAATAGACATAGCTTTAGGAGCTATCTTAAGATTATCAGAGGCAAATATATAGCTTTAAGGAGATTTAGTTTAATGAATAAAAAGATAGAAGAATTTTTGACAGTGAAAAATATAGTTATTGCATCTCTCATCGCTGCAATCTATGCCACAACAACAATACTTTTGGCCCCTATCTCCTATGGCCCCATACAGGTGCGAGTTGCTGAGGCCTTGACTTTGCTACCATATCTTTGGCCTCAGGCGATTCCAGGGCTCTTCATTGGCTGTCTGATTTCAAATTTTGCAGGAGGGTTTGGGCTTATCGATGTCGTTTTTGGAAGTTTAGCGACGTTGCTTGCCGCTTTGGTAACAAGTCGTATGCCTAATCCTTACTTGGCGGCTCTTCCCCCGGTCATTTTTAATGCGCTCATTGTCGGTGGATACCTTTCAGTACTTGCAAAAATGCCTTTTCTTTACACTGCAATGTATGTAGGATTGGGAGAAATCATCGCTTGTGGTTTCCTGGGAATTCCACTTATTATTTTCTTGGAGAAAAAATTTATAAAAGAAAAGCGAGAACGTTAAACGCTCCCGCTTTTCTTAATTTTATATTTATAGTTGTTTTTTCCACTTCGTTCCTTCTGGGGTGTCTTCCAGTATTATTCCTTTTTTTGCAAGTTCATCTCTGATAGCATCTGATTTTGCGAAGTCTTTCGATTTTCTGGCTGCTGTTCTTTCTTCTATCATGGCTTCTATTTCAGAAACATTCAATGTTTCTTCTTGCGCTTCAAAACCTAAAATCCCCATGATATTATCAATTTTTCTAAAGAATTGTTCCGCCGCTTTGCATGCCTCTTCATCGAGAGTTGTATTTTCTTTAAGATACGTATTAACTGAGCGAACAACTTCAAATACAGCTCCTAAGGCTCCTGCTGTATTGAAATCGTCATTCATCTCTTCATAAAACTTATTCTCAGCCTGTTTGATTTCATCAACAAAAACTTGAGTTCCCTCTTTTTTTGTCATCTCTCGATTTTGAAGAGCATATTGGAGGTCTGTCCAGCAGTTCCTTAAACGCTCTACTGCTCCAGTTGCCTGGCTTAATCCTTCTTCAGAGAAGTTAATGGGTGAGCGATAGTGCGCACTAAGCATAAAATATCTAATCGCAAGG
CP133089.1_gap32	1064825	1068328	3503	CGCGCCTCAACTTGTAGAAGCAGGTGTAAAACGTGTTGTTATAGGAATGGTTGATCCTCATGCTGTAGTAAATGGGAAAGGGATTGATATTCTTAAGTTGCACAATGTTGAAGTAAAAACAGGAATAATAGAGGAAGAATGTAAATGGTTAAATAGAGGGTTCATAAGAAGAATAAAAAATAATAGACCATGGTTTACACTTAAAACTGCCTCTACAATAGATGGGAAAATTGCCCTTCCCAATGGTGAAAGCCAATGGATTACGTCAGATGAAGCTAGAAACAGAGCCCATTTGCTTAGAGCAGAACATGATGCCATTCTTGTTGGCATCCAGACCGTACTTTGTGACGATCCATCGTTAACAGTTCGACACACTTGCGGAAAATCGCCACTTCGTGTTGTTGTTGATACACACTTAAGAACTCCTCAAAACGCTTCCATACTTAAAAATGAAGCAGCAGTTATTTTAGCCGGAGAGTCAGCTCGAAATACAAAAGAACATTATATTTTAGAAAAAGCAGGAGCTGAGTTGTTTTTTATTCCTGAAAGAGATAATCATGTTGATTTATTACACGCTGTAAAGGTTTTGGGGAATAGAGGCATTAATTCAGTTCTTGTAGAAGGTGGAGCTACAATAGCCTCTGCCTTTTTTAAAGAAAATTTAGTTGATGGAGTTTCTCTTTTTATCGCACCAACCATAATGGGGCAAGGCATTTCTCTTTTTGAAAGAATTGTAGTACCATCACTAGATAAACTCATTCGTATAACTGTCCGTAATGTTTCTAAAGCAGGACAGGACATATGGATAGAGGGGGTGCCTGAATGTTCACTGGACTTGTAGAGAGTATAGGCAAGCTTGTTTCTATAACGCCTTCAAAAGATGTTTATCATCTTAAGATTGAGGCTCCAGATATTGCTAGTGAACTTATTTTTGGTCAGTCGGTAGCTGTTTCTGGTGCTTGCGTGACTGTGACTTCTCACGATAATCGCTTTTTCAGCGCTGACATTATGCCGGAAACACAGAAACGAACTAAATTCCGTCTTTCAAAGCCAGGCAGCCTTGTTAATCTCGAGCGAGCGTTAACGGCTTCAGGGCGTTTTGATGGTCACATAGTAAGTGGGCACATTGATGGCATCGGAAGAGTTGCAGAAATTATTTCAATGGGAATAACTCACGTTATGAGAGTCGAGACAGATGAGTCTATTGCACAAATGATTGTAGAAAAAGGATCTATAGCTATTGACGGAGTCAGTTTGACGGTTATAGATGCGATGTCAAATTCTTTCTCTGTCGGTCTTATTCCTACAACATTACAAGAATGTACATTGGGTACTATTCAAGAAGGAGAAATTTTAAATATAGAAACAGACATTTTGGGCAAATATGTTTTAAAATTTATGAATCTACAAAGAAGTAATAAGCCCGTATCATCAAACTTGACAATGGAACAATTAAGAGAAATGGGTTGGTAGCAATTTATTATAGAGAGAGGAAAGGATCGAGGCTCTAATGAATAAAAGATGTGAACATGATTTTAGCTTAATAGAGGAAGCCATTGAAGATGTTAAAAATGGCAAGATGGTTATTGTTGTTGATGACGATAACAGAGAGAATGAGGGAGATATCGTTGTAGCTGCAGAAAAAGCTACAACGGAAATTATAAACTTCATGACCAAAGAGGCCAGAGGATTGGTCTGTGTTCCTATTACTGCTGATAGAGCACAATGTCTCCATTTGGAGCCAATGTCAAAAGATAATACTGATCGTCATGGAACAGCTTTCCTTATTAGCGTAGATGCAAAAGAAGGAACTACGACAGGTATCTCAGCTTCGGAAAGAGCCATAACTGCTCGGCTCCTTGCAAATCCCGAAGCCAAGCCAGACGATTTTTTACGTCCAGGACATATGTTTCCTCTCGCTGCAAAAAAAGGTGGCGTTCTGAAACGTGCAGGACATACAGAAGCTGCTGTTGATTTAGCTTGGATGGCAGGATTAACACCTGCTGGCGTTATTTGTGAGATTATGAACTCAGATGGAAGCATGGCACGTTTACCTGAACTCAAAGAGTTTGCTAAAGCTCATGGAATTCGTATTATATCAATCGAAGACTTGATTCGTTATAGAAGTTGCCGCGAAAAACTTGTAGAAAAAGTGGCGGAAGTTAAACTTCCTACGGCTTATGGTGATTTTACTGCCTATGCCTACCACAACATTCTCGATGAAGATCAGGATCGTGTTCATATAGCCTTAGTAAAAGGCGATGTTCGAGATGTAGAAGATGTTCTTGTTCGAGTACACTCTGAATGTTTAACTGGCGATGTCTTCGGATCACTTCGCTGTGATTGTGGCCCTCAACTTCATGCAGCTATGCAAAGAGTCGAAGAAGAAGGACGAGGAGTTGTCTTATATATGAGACAAGAGGGACGGGGAATAGGTATTGTCAATAAATTGAAGGCCTACCAACTACAAGAGAAGGGGCTAGATACTGTAGAGGCTAATGAAGCCTTGGGATACGCCGCAGATTTACGAGATTACGGTGTAGGTGCTCAGATTTTACAAGATCTTGGATTGAGTTCTATTCGATTAATGACAAATAATCCCAGAAAAGTTGTTGGCTTGCAAGGGTATGGATTAAAAATTACGGCACGTGTTCCTCTCGTAATTGAACCTAACAAATTTAATCAGCGTTACTTGAATACGAAAGAAGAAAAACTTGGTCACGTGCTTCATCTTAAGGATATACTCCGCTAGAGAAGGAAAGGGGGAACATGTATGAAGATTTCAGAGGGAAAGCTTATAGGTACTGGTTTAAGGTTTTGTATTGTAGCGTCACGTTTTAATGAATTAATTACTTCAAAACTCATTGACGGCGCAAAGGACATTTTGTTGCGCCATGGTGTTTCACATCAAAATATTGAAATTATGTGGATTCCGGGAGCTTGGGAAATTCCTTTAATAGCACAAGAGGCAGCTTTATCAGGTAAGTATGACGGAATTATCGCTTTGGGTGCTGTTATTCGAGGGGATACTCCACATTTCGAATATGTATCATCAGAAATGGCAAAGGGACTTGCTCATGTAGGGCTGACGCAAAGAATCCCCGTTGCCTTTGGAGTGTTGACATGTGACACCTTGGAACAAGCTCTTTTGCGTGCTGGAAGCAAAGCTGGGAATAAAGGAGCGGAGTCGGCTCTAGCTGTTATCGAAACCGCCAATCTATTAAAGGTTCTTCGAACGGGAAAGGAGCAAGAAGCATAATGCTTGAAATTAAATGGATACGTAACAATATAGAAGAAGTAAAGACCTTTTTAAAAAACAGAAATAACGATTTTGATGTTGAGAAAATTGTCACATTAGATGAAGAGAAAAGATCGTTGCTTGCAGAAACAGAAACACTAAAAGCACAGCGAAATGAAGGTTCTCGCAAAGTGGCCGAGGCCAAAGCGTCTGGAACTGATGCTGCTGCGCTTATGGAGGAAATGAAAACTTTAGGTCAGAAAGT
CP133089.1_gap33	1077917	1079964	2047	TAGTTTGGTGGTGGTTCCTGAATGAAGCTCTTTTTAGAAGGTTATCGTTCCATTTCAGAAATAGCAGGACCGCTTATTTTTGTCTCTGGCATACGTGAAGCAGGTTATGCTGAACTTGTTCGTATAGAAACACCAACAGGTGTTCGATCTGGCCAAATATTACAAATACAAGATGATATTTGTGTTGTTCAGGTTTTTGATGGGACAATGGGACTCAATGCAGGACAAACTACAGTATGGCTTGATCGTAATGTTGTTAAAATGCCAGTGGGACTATCGCTTATCGGGCAAGTCCTTAACGGGAGAGGTCGTCCTATGGATGGCACATCTCTTACATTCGTCGACAAAGAACTCCCCATAACAGGTATGCCTATTAATCCCGTTCGCAGAACAAGTCCGAATGCTTATGTTGAAACAGGCATATCGACAATAGATATTATGAACACGTTAGTGAGAGGACAAAAGTTGCCAATTTTCTCTGGTTCGGGACTTCCTGCCAATGAGATTGCTGCTCAAATTGTGCAACAAGCACGTGTTCCCGGACGCGAATCTGAATTTCTTGTTATCTTTGCAGCAATGGGAATCACAAGAAGAGAAGCACGTTACTTTATAGATACTTTTGAAGCAACTGGCGCCATAAATAATGGTATTTTCTTTATGAACCTTGCAAGTGACTCAGCTGTTGAAAGATTATTGACGCCTCGTATGGCCTTAACAGCCGCTGAATATTTTGCTTTTGAAAAAGGCTACGATGTTCTCGTTGTTATGACAGATATGCTGTATTATTGCGAATCTCTTCGAGAAATAAGTGCTGCGCGAGAAGAAGTTCCTGGACGACGCGGTTACCCAGGATATATGTACTCAGATTTGGCTGAAATTTATGAAAGAGCCGGCTGTGTTGAAAATTGTTCGGGAAGTGTTACGCAAATTCCTATTATTACGATGCCTGATGATGATATGACCCATCCTGTTGTTGACCTGTCAGGCTATATAACAGAAGGACAGATTGTTCTTGATAGAGGACTTCATGACAGAGGTGCATATCCTCCCATCAATGTTCTTCCCAGTTTGAGTCGATTAATGAATAAAGGGATTGGTAAGGGAAAGACATTCGATTATCATAGATCTCTTGCAGATCAGTTATACGCTTCATATGCCAAGGCACAAGAGCTTTCGCGCCTTCGATTAATAGTAGGCGACGACGGACTTACTGAAACAGAACACCTCTATTTGAAATTTGGAGAAAAATTTGAGAAAAGTTTTGTCGATCAGAGGGTGACCCATCGGACAATAGCAGAATCAGTTGAAATAGCTTGGCAATGTCTTGCTGAACTGCCTCCAAGGGAACTCTATCGACTTCCAGAACACTATATAACAGAAAAGCTGGGAACCCATGAGTAAGGGGATTCGACCACCAACAAGAGAACAGTTGCTGGATATTCGTCGTCAAATGACTACGGTTCAATATGGGAAGCAGCTTTTAGAGAAAAAAAGAGATGCATTGCTACGTGCTTTAGAAGAAGATCGTCGAAATTTTAAAAAGCTTGATGCCCTTTTCAGAGAACATATAAAGCGTATTTCCTTTGTTTATACTTTAGTCCGAATGTACGAGGGGCAATCTGTTATGCAACTGTTGAAACCTGATGTTGGAAGTTTGAGAGTAACTTCAGAGCGGCATACTCTCATGGGATGCCGTTTTGCTCAATTTAAGCGAATTGAAGACCGTCGTTTTTCCTTATCAGGCTTAACATATGATCCGGCGATGACATCTCTCTATCTTGACGAACTTCTCGACGAAATGAAAAAAGTAGAAAATAAAATATGGACATACATTAATTTAAAGGCTAAACTAACTTCTTTAGAAAAAGAACTATCTAAAACTATGATGAAGATAAATACTCTTCAATACAATCTGCTTCCTGAACTGCAAGAAGAAGAGAGCAGAATTCGTGATATTTTGTCAGAAAGAGAACGCCAAGAGCGTTATGCAATAAAAAAATTATCTAAAAAGAAAAAAAATAAAGTTTATTCTCTTCCACAGAAGTGA
CP133089.1_gap34	1088159	1090619	2460	GTTTCACGAACACACCCGGGGTTGCTCAGAACATTACTCGAACTTGAAGTGCCTGAAATACAGGAAGGCATTATTGAAATTAAGGGTATTGTACGGGAAGCAGGTACGAGAGCTAAAGTGGCAGTTCAAACGCTTGATAGCAATGTTGATCCTGTGGGCGCATGTGTCGGGAGCAATGGTGCTCGAATCAAGTCTATCAGTCAGGAGCTTTCAGGTGAAAAGATTGATGTTATTATATGGAACAGCGATCCGTTAATCTTCATACGTAATTCGCTTTCACCTGCAAAAATAGTCAAGATTGAGCCTGTTCTTGAGCAGGATAAGGCAGTTACAGTCTATGCTCGACCTGATCAACTCTCTCTTGCTATTGGAAAAGCTGGCCAAAATGTTCGGTTAGCAGCACGATTAACAAGCTGGAAAATCGATATTAAGGCACTTGAACCGGAACGTATGCCTACGCTTCAAGATATTTTTCAGGATATTATAGATTAAGAGGTGTTGCCCTTAATGACTGAAGCGAAGCGCAAGAGACCGAGAACTTGTATTGGATGTCACTCTGAAAGTCCTAAGAGAACTCTTGTTCGTGTTGTCCGTTCTCCAGATGGTATAGTTACTATCGATCAAAGTGGGAAAAAACCTGGCCGAGGGGCCTACCTCTGTTTAAACAGAGAGTGTATAGAACTAGCTCGAAAAAAGAAGGCACTATCGAGAGCTTTACGGTGTGAAGTGGATGAAAAAATCTACGATGAACTGCTCTCGTTGATTTTGGAGCAAGAACTATGATAGAGGAGAAGATCTCTTCTTTTTTAGGCCTAGCTCGTCGGTCAGGGCAGCTTGTAATAGGAGCAGACGAGATTAACAAAAAACTAAAAGGAAATAAAGAGGGGCTACTCGTTCTTTTGGCGTCAGATGCTTCCGTTGCAGTAAGGCGAAGCGTCATAGCGAAAGCTAAGCGGGGGCAATGTGATTTGAGAGACATACCCCTCACTTGCGGAGAGGTATCAAGGGCCATAGGAACCACAAGTACGCAAGTTGTGGCTTTGCCACTACATAGCGGCCTTGGGGAGAAAATACAAGCCCTGCTAGCGGAAGGGGGAAATGTGCTTGAGTAAAATAAGAGTATATGAATTAGCCAAGATGTTAGGAATAAGTAATAAAGATTTGTTGACAATGCTAGAGGATCTTGGCATTGAAGCTAAAACACATATGAGCTCTATTGATAACGATGTTGCTCAACTTATTGAAGAAGCGATTCACGACAAAAAAACTCAACAACCACCTATAGCAGAGAAAGAGGAAACAAAGGTGAAGGAAAAACTGATCATAAGCGTTCGAGAGACCGCAACAGTAAAAGATGTAGCAACACAGATGGGTATTCCTGTAGCAGAAGCTGTCAAAGCTTTAGTAGATGAAGGTATTATGGCTCCCGCAGGGACTCAAGTTAACGAGTCTATTCTCGTTGTACTCGGCGAAGCTTACGATGTAGATTTTGAGTTTGAGGAAAGCACTTCAACATCGAAAGAAACAGCGGCTGAAGAAGGTCAGAGTGTTTCTCGTGGTAAGCCAATTTTCCATGGTGATCACATGGAGCTTCGCCCGCCTATCGTAACTGTTATGGGACATGTTGACCATGGGAAAACAACGTTACTCGACTATATACGTAAAACGAATATTACTGCACGTGAGGCAGGCGGTATTACTCAGCATATCGGTGCTTCCACTGTTATGTATGAAGATAAGAAAATAGTGTTTCTTGACACTCCTGGACACGAAGCTTTTACAGCAATGAGAGCTCGTGGGGCTCAGGCTACTGATATCGCGATCCTTGTAGTCGCTGCTGACGACGGTCTTATGCCACAAACCAGAGAGGCTATTAACCACGCTCAAGCAGCGGGTGTTCCTATTGTTGTCGCCGTAAATAAAATTGATAAACCCGCAGCACGCCCAGACCGCGTAAGACAGCAGTTGTCAGATGTTGGGCTGGTTCCGGAAGAGTGGGGCGGAGATACAATTATGGTCGATGTTTCGGCTAAGTCAGGAGAGGGTGTTCCCCAACTCTTAGAGATGGTTCTTCTTGTTGCAGAAATGGGCGAACTTAAAGCTGATCCTACAGTTACTCCTGAGGGCATTGTCATAGAAGCGAATCTTGATAAAGGTAAAGGACCTGTTGCAACAGTAATTGTGCAGCAAGGAACGCTTCGTAAAGGAGATATCATCCTTCTTGATACGACATGGGGAAAAATAAGAGCTATGCTTGATGCTCGTGGTCGGCAGCTAGCAAAAGCTGGTCCTAGCACCCCAGTAGAAGTCTTGGGCCTTACATCTGTTCCGCAACCTGGTGAGCATTTCATTCTTGTGGATAGTGAAAAAACAGCCCGAGATGAAATATCGAAACGCGAGCAGGAAAAACGTGATTCCGAAGGCACAGCCGCAAAACGTCTTACCCTTGAAGAACTCTAT
CP133089.1_gap35	1103571	1106097	2526	TACCCTCCATACGGGGCGTACCCATCAAATTCGCGTACATCTCAAACATATTGGATGCCCACTTGTTGGTGATGAACTCTATGGAACTAAAGAGTGTCTTCAAAAGACGCCAGGCAGAATTTTTCTTCATGCCTGGAAACTTACGTTTACACATCCGATAACTGGCCGAGAAATGAAATTCAGGGCCGAACTTCCCCAAGAGCTATCTCTTTTTCTGAAAAATATTCTTTCCAGCGATCGGGCTCGATAAGAATTGTTTCCGGATGAGTATAAGTAACGTGAGCTATGCCGCTTCCGGGAATATGTCGCACATGTTTCCGTTCCGTATAATCTACTTGTACTTTGGTAGAATGGCGAGCTTTACTGAAAAAGGCGGCCAATGAAGCAGCTAGTACCAATAAATCGGTCCCTTCAAGATTTTCCTTTCGTGCTTCTGGATGTTTAATAATGACATGCGAACCTGGAATTTCATGCACATGAAGCCATATATCTCCAGCAGTTGCTTCTTGAAAAGTAACATGTCGGTTTCCTCGAGCATTCAGACCAACAAGAATAAGAGCTTCCTCATAAGAGAGACGAAGATGAGGTGGAGTTGAAGACTCTTTTTTCGAACGTTTCCTCTTTTTATTTTTATTAGGAACAAGCCACTCTTTTATATCCCGGCACACGGAATCAATCATTGATGGAACCTCAAGTTCTTCAATAATATCTATCTGATCTTGAAGCTCCGATATTTTATCTGTCAGTTCAGAGATTTCACGCTCGATTTTTTCAAGATCTCCCTTTGCTTTTTTGTACTTTTTAAAGTAAACAGCAGCATTATCAGAAGCGTTTTTTTTGGGATCTAAAGGGATCTGTAGTGTAATTTCCCCATCTTCTGTCCAACCTGTAAGAGAAATGTTTTCTGTTCGAGGTGGAATTTTATATAGATTGGCTAGCAGCAATTCACCACAATTTTTATACCACGGTGCTTTTTCTGATTCTGAACGTTGCTTCTCTATGCCCTTACGATGTCGCTCAAGAGATTTTATCTCTTTCTTTATAACCTTCAGCGTATCTTTCTTAAGCCTGTTGCTTTTATCCCAAAGTAAAGGATCGACCACAAAGTCTTTAGACACAATAAGGGCCTTATTTTCGCTCACAGGTATCATATCTTCCAATAAAAGGGGAAAGATCGTAACATAGTTCTTCCACGTCTGTATAAGGCTATTTTTGAGGGTCTCTTCGTTGTAAAGTTTTGCAATATTGCCTATCCATTCGCCTGATGTAAAAAGAGATTGATGAGCTTTTATAAATTGTCTAAGCCCTTTACCAATTCCCTTCATCATAGCGATATCTTCATAAGCAGAGTCTTCCGGTTGAATATCAAAAGGAGATGGCCCTTGAAGTGGAGGAGGAGTAATGTAGGGATGAGAGGGCACAACCGTTCTGTACCTGTTAATTTCTGGATGGATATGTTTAACACAATCAATGATAGTGTTATTTTCGTCAAGAAGAATAAGATTACTATTCCTTTCCATGCATTCAAAAACAAGAGAATTTTCTACATCAAAACCTGCTCCTACCTTGCGAGAAAATTTTAATATTAAAAGTCTGTCAAAATCTATTTGTTCAACAGCAGTTAGCTCGCCTTTTACAAGATGGCTTTTAAGGGCATCTGCAAAGCGAAGTTTCCCCGATGAAAAACGCTTCATTAAATCAAGATCTTCTTCATCGATAAGACAACATCCGAAATGCTGAGGATGCCAACTTATCAAAAGAGAAAGAGTCTGAGAAGAGAAGCGAAGTGCTAACCATGTATCTCCGCTCTCCACACGAAAAAGCCGTTGCCCAAGAAACATTTCTTTCATTTCTATAATCCATTTAGAGACAAATTCTGCACCATATATCATTTTAAAATTCCTTTCTTACGCTTTATGTATTAGAATATATAGATAAACACTCTAAGGGAAAGAAGTCAATGAGAGACAACTTCTCATAATATCCAGAAATAAGCTTGACAACTTCCCTTTCGATTATTACAATATTCGCCGTTGATTGCTTGGGGCTGTAGCGCAGGGGGAGCGCGCTTCCTTCGCACGGAAGAGGCCGGGGGTTCAAATCCCCCCAGCTCCACCAGTGCTTATCACGGGGCGTAGCGCAGTCTGGTTAGCGCACCTGCTTTGGGAGCAGGGGGTCGAAGGTTCGAATCCTTTCGCCCCGACCATTTTAGATAAAGAGGAAATTGCAAAAAGCAATTTCCTCTTTTTTTGACTTTTTTATCTTTCTTTCCAGTGAGGGGAACGTTTTTCAAAAAAAGCAGAAATTCCTTCTAGAGCGTCTTCTGTAGTGCAGAGTCTCGCAAAAACCTCATTAGCGTAGGCAAATTGTTTTTCATATTCCATATCTTGTAATGTATAAAAGCCTTGCTTAGCCATTTGTATTGCGAGTGGACTTTTCTGAGCCAGTTCAGAAGCCCAACTTCTCGTTTCATCTTCTAGTCTATCGAAAGGTACAACCTTATTAATCAAACCAAGAGAAAGAGCT
CP133089.1_gap36	1111138	1114142	3004	TAATCTAGGATATATATTTATGGGATGGACAAGGTTCTTACATTCAAATCAACGAAACGGACCATGAACTCCGAGATATTCTGGATGACGAAGATATAGAAAAGATTCTCAGGTTTCTTGCATATACGATTGATGCCGATGTCACCCGTCCCATTTCTGGGTTCTCCTGATAGTCCTCTTTTCGGCGACAAGACTTGAAGAAATCTCATGTTTAGAGGTGAATGATTGGTGTATTGAAGATGACGATGACATACCATGCTTTAATATACATCGTAAAGGGGATAGCAAAAACACAAACAGCATATTTACGGAAACAACAATATGCTTTAACATATATAATAAAGGAAATAGATGACTTAAGATACGCTGGATCAATAGGCTCGTACCAATTCATCCATTACTTTTCATTGAACTAAATATCATGGCTTGTGTCTCGAGTATTAAAAATAGAGAAAAAGTTTTACAATTATTTGCTATACAGTCATATACAAACTACAGTTTCTTAAAGTTGGTAAATCTTTGGTATGTCAGCTTGTCAGACACAAGAACCCGTGGTCAGACTTGCAGCCGATTTGGAATATGTCGAAACCGTATCATCCAAGAGATATCTATGAAGTGGTTAAGAAGATTTCTTACAATGTGGACTTCTCTCCAATAAAGAATTCGCATTTCATCGTCCATTGAGCATGGAGCAAATAGAACTCAAAAAGAGATCCACAAGAAGGATCAGCACAGGATGAAAAGAAAATCTATACTCTTTGTTTCAAGAACTTCTCTTTAGAGTTTTATCACATATATAGTTCTAATTTGCTCTTTGATATTTATTTAGTCATCTCTAAAATCCTCCGGATATACATGGATAAAATCAGATTTTTGATAATAAGCCGGAAAACCCATAAAATTATTATGGATTGGGGGTAATTTTGTCAAGACATTCGACATGGATGATCTATAAATTATCCCGTACTACATGTAGTGAGAGTTTTCGGTTGATCTCTACACTTAATCCGCTGGTATAAATCTTAGATTTCAAAGCTCCTGACAACAATCTTACGACCTGAAAGAAGCAAAACAAACACGAGGATGTATATGAACGTTCTTTGGCGTTCAAGGGCGTTTTTAGGGTAGTCATCTGAAGATTCTTTAGGAGCTTATATCTATTTTCTGCTAAAACTATTGTTTGAGAAGCGAGAGAGGAATTCTTTTCACAAAATACCTTAAGGAATAATTGAGTGTCAGAGCTGCTTCATGTTAACGGGGCAACTTTGCTTTTTTGTGAAAACTACTTGTTTTAAAACTATTTCTTTGGCCTTTACTTCCGCGAAAAAATAAATCAGAGGTGCCTATAACAGTGACTCTTATTTACATCGGGGAAACGGAGGGGGATTAGTTTTGTTCTTCATAGGTTTCTTATCATTTGTGATAGCCGGTGGTATTGCAACGGCAGTAATCATTCATAAGGTCAACAGCAATTCTAACGCAATTTCAGAAATCACTTTTCAAACAGAGAAAAGAATCTATCATGCTATTTCAAAGATTGAAAAAGATCTTAGAGATAATATTCAGTCTATCCATGAAGGAAAAGTACAGCTCATACAATCCTTAGAAAAAAGCAGAAACGACAATTACCAAAAACTTGCTGAAGAATTTGTTGATAAATGGGATGAATCGCGCCTTCAGTTTATCCAGGATAACAAAAATTTAGTTCGAAAGTCGTTAGAGGGAATATCGACACTAGAAGGACAGATAAAGGAACTGGAGACATCTATATCAAATGATGTTGATAATCTAAGTGAAGAAGCTCAAAAAATGTTGGCAGAGCAACAAGAATTCAAAGAATTACTCAAAGGATATCCTCCCCAACTATTGAATTCCATTTCCACCATTGGTGACTACATCAAGGCACAAAAACAACAGCTGGGGAATATTATCGCCGAAAAACTTGAAACAATAACTGAAAGATTAGAAGCAATAAAGCGAATCTCTCAATCTGACAAACAAGAGATCACAGAATTATTAAGGTCTAGTGTAGACCCAGTAATTGACTGTCTTAAACGAATAACCAGAGATACAACACAGTCCAGAGAAGATCACGAAAGTTTTGCAGCTCTGATCAACAAGGATTACAATACCCTCCTGAATTTCAGTGAATACTCTCAGGAAAAGACATTGGCCATAAAAAAATTATTCCAGGAACTTCAAGACAATTCATTAAAGACAACCGAACTTAATAAGTATCTTGAAAATGGAAAGGAAGGCATTCAGCGTATCATTGAAACCTCTCTAAGTACAATACAGAAAGATATTTATGCTTCGGTTTGCGGGATAAAACATATAGAAGACAAAATATCCGAACTAGAGAAAAATCTTCAAAGTATTTCATCTATCATGGCCAACACTTCGACTCCAGAAATACTGGTGGAGCCACGACCCGGAACAGAGAATCCATCTAAGGAAAAGGAACCCGAACCGGAAAGCAGGAAAGCCGACACAGTTAAAGAAGGAATAGATCCTATTCCTTCTACAGGATTTTCCGGATCTCAACAACCCTTTCTTCTTGAAAAACCTGTTCCAATTCAGGGACCTTCAACACCTAGCGAAGAACAGCCCCTCCATATCCCTTCATATGGAAGGGACCCTTTGCCGAATATTGGGGAAATAATTAACGGAGAAAAAGTCAAACCAGATCCCCGGAAAAGAGGGGGAAGGCGTCCCGGATCGAAGGGAACACCCAATAACGAAGAAGCCAAAAGAGTATTTCCTGAAATGTACTGTATTAAAAGGGCTGGCCGTTGGGAAGTGATTCTAAAACTCCCGAAGCAAATTCTTAAACTAACTCAGAGGAATCTAGCTGATATCACTATTAACAAGGAACCTGTCAGATTTGATCCCCGAAGGGGTGAATGTCTCATAAATAAACTGGAAACTGAATGCGCCGTGACTTCTGACGTATATCATTCGTCTCATAAACAGTTCGGAAACGGAGAATATCTTCTGTTCAAGC
CP133089.1_gap37	1121180	1122561	1381	AACCTTAAGCTCGTCCGAGGAATAGGCCCCCACTATGAAATGAAGCTTAAAAAAAGGGATATAACACACTTTCAAATCTCATTGAACATTCCCGTTATGGCAATTGCGCTCAAGAGATTATGTCACTCTTTGATGAAGATCCATGCGAACTGGTAGATTGTGTCAGTGGCCTGTTCGGATCCTTCTCTCTTGGCCCTATCCGGACTGTTTGAAGAAGAAGATCTCTTTTTCATGGACATCGAGACTCTTGAACTGTCCGGAGTTCCCCTGATACTTATCGGTGTAGGCGAGATGTCCGAGGGGATCATAACTGTAAATCAGTATCTCCTGAGAGACATCAAGGAAGAATACGCAGCCCTTCAGTCGTACCTGGTTCACCTTAGATCAAAAAAGGCACTTTTCACATATAATGGTAACCTTCATAGACGGACGTTTTACCTATAATGGAATCCCTGAGGCTCATGACATAACCCATTTCGACCTCATGCATTTCTGCAGGCGAAGATGGAAGAACTTCCTTCCCAACTGCAAGCTTAAGACCATCGAAACGCACCTGGTGGGTGCTGAAAGGGACGATGATGTTCCCGGAGCCTATGTTCCTCACTTCTACGATACCTATTTGAGGGAGGGCAATCCTGGGCCCCTGGTACCCATTATTAAGCATAATCGACTTGATGTTGTACATCTTGCCAATATATATTCCTACCTATGCGGAGAGTGGTTCGATGCCAAAAATTAAAGCTATGCTGAAATCCCTAAAAATAAACAAACATTTCTCCCAAAGGATCTGTCATGTCTGGCAGAACAGTCCTATAGATGCGGAGTATGGGCCCGTTCCTCAGGATCTCGACCCCAAGATAGTATCCTATCTCCAGAAAAACAGCATAAGCCTCTACTCACATCAGGCGGAAGGAATAAAGAGATGCCTGGCTGGCGAAAACGTAATCGTCACCACTCCGACTGCAAGCGGAAAAACCATGATCTTCAACCTTTCAGTTCTAAATAGTATGATCAAGAACAAGAAATCCCGGGCCATGTACATCTATCCGAGAAAAGCCCTTGCTAACGATCAGATGAAGTCTCTCCTTGTCCTGGAGAGGGATCTGGCAATAAGGATCAACCCAGCTATATACGACGGAGATACGCCCCAGTCTCAGAAGGGGACCATAAGAACCAGATCAAGGCTCATAATGACAAACCCGCACGAGCTTCATTATTGTCTGGGAAACCATTATAAATGGAAGAAAGAATTCTGGGAGAACCTTGAATATATAATCATTGACGAAGCCCATATGTACAGGGGGATCTTCGGATCTCACATCGCACTTCTTTTGCGAAGGATAAAGAGGATATGCAACTGGTACGGGTGTAACCCAAAGTT
CP133089.1_gap38	1288733	1292768	4035	TCGCGACGTTTCTATCTTCATCCGTTGCACCCAAAGATGATGTATATGCTGTAAAAGCAGCATTAACAGATGCGCAAATATTTGTCATTCCTCGAATCCATCGAGCCGCTGGTGCTGCTTCCATAAGCTGTTCCAAACGTAGGCCAGCTGCCATGGAAAAACAAAGTTTATTCGATAAATTCGTAGCTAAAGAGGCAATTACTGGTAATTGAATATGAGGTTTTAAGGCAAAAACGACAACATCTGCCCTATTAATCGCTTCCTCACTATCAGCAATGTAATGAACGCCCTCTTTCTCTAAGGCTTCCACTTTCTGTCTATCTTTGTCATAGGCAAAAACAGTGCATTTCTTATGGGCCCAACCCTGTGCCACAGAACCGCCCAACATTCCAGCACCAATGACGGCTATTGACTCTACATTTTTATTCACCATGACCATCTACTCCTTTTCCCCTGGCCCACTCAAACATTCCCAGTGCCGCAGCAACACTGGCATTGAGAGAGCCGGTTTTGCCCGTTATAGGAATACGAACTAACATATCACATCGTTCAGCAACAAGACGGGACAATCCCTCTCCTTCCGCCCCAACGACAAAAACAGCCTTATCAGGATAAGTTGCTTCCCAAAGTGTCTGTTTTGCATTATGGTCAAGACCTACAACCCAAAACCCTTCGCCTTGAAGCTGCACAATCGTCTGCGCTATATTTGTCACAGAAATCATGGGGAGACGCAAGGCTGCCCCCGCACTTACTTTGACAACAGTTCCTCCTGGCAAAGCAGAACGTCTTTTAGGATAAATAACAGCTGTTGCTCCAGCAGCTTCCGCAGATCGAATAATAGCACCTAAATTATGAGGATCAAGGATATGATCAAGAACGACAAGAAGAACTGGTGTCTTATTGGATGCAATCGTTGGTAAAAAATCATCCAATTCTAATTGATCTACAGCAGTAATCTTAGCTACGACACCTTGATGATTCTCTCCAATACACATAGTATCAAGAACCATCGGTGCAACCTTTTGAAACGTTACTTTTGCAGAACGGGCAAGAGTTGTCACTTCTCCAGAAAAAGATGGGTGAACTCTCTCAGAAATCCATAATTTCAGACACTTTTGAGGAGAATAACGCAATAAATCAAGAATGGGTTGACGCCCCCACATAAGGTCATCTAGTTGCTGCTCTCCTTGTTCTTTATTTTTTTCTTTGCTTTTGTCTTTGTTTTTATATATATCACGATGTCTCGTATCGCGATCTTTAGAATTCTTAAAACTTTTCGTGTTACGATGCTGTTTTGCGCTCATAATGTTCATCCCTTTCAAGCTGTCTGGCATATTCATGAAGATATGCAGACGTGTATCCCTCTCTGCTCTTTATTATTTCTTCAGGAGTTCCTTGGCAGACTATTTTTCCTCCCTCCATACCACCCTCGGGCCCCAAGTCGATAATGTAGTCAGACGATAACAAAACATCCAAGTTATGTTCTATCGTTACAACTGTATTCCCCTGATCGACTATTCGATGCAAAATCTGGAGCAATTTCTTTACATCGGTATAAAAAAGCCCTGTTGTTGGTTCGTCAAGAAGATATAATGTCGGCCCAGTAAAACGTTTACTTAGTTCTTTTGCTAATTTTACCCTTTGCGCTTCTCCCCCACTCAACGTTAATGCTGACTGGCCCAAACGGATATACCCCAAGCCCGCATCTTGTATGAGGGCTAGTTTTGAAGCTATTCGAGGTATATCTTTAAAAAACTCTGATGCCTCATCCACTGTCATATTAAGAACATCTGATATATTCTTCCCTTTATAACGAACTTCGAGCGTTTCTCTATTGTACCGTGTACCTCCGCAAACCTCACAATCTACATAGACATCGGGCAAAAATAGCATGGAGACCTTGACAGAACCAGCACCGCCGCAAGCTTCACATCGTCCCCCACGAACATTAAAACTAAACCGCCCAGGAGCATAACCTCGTATTTTAGACTCTGGAAGCTCAGCAAAGAGTTCCCGAATAAGAGTAAAAAGCCCTGTATACGTTGCGGGGTTCGACCGCGGAGTCCGCCCAATAGGACTTTGATCTACAAGCACAACATTTTTAAAGACTTCGGCGCCTTCTATTTTAAGGTGTTTTCCTGCCCTCTCTCTAAAATCTCTGTCAAGAATACGCTTCATTCCTTTATATAAAACATCGTAAAGGAGGCTGCTCTTTCCCGATCCCGAAACCCCGCTAATGCATGTAAAAACACCAACTGGTATAGGAACATCAATATTTTTCAGATTATGATGGGCAACTTTTTTTAGCGTGAGCCAATTGGAAGGTCGCCTGAGATTCTCTCTCCGAACACATCCCGACACCTCTCCTCGAAGATATGGACCTGTCAAAGCCTTGCTGCTTTTAACCTCTTCTGCCGTTCCAGAATTAATAATTTCTCCACCTAATTCACCAGCCCCAGGCCCCATTTCCACAATAGCATCAGCTGCAAGCATTGTTTCCCTATCATGCTCTACAACAACAACAGTGTTGCCCAAATCCCGAATAGATCTGAGAGTGCGCAAAAGACGATCTGTATCTCTAGAATGAAGACCTATCGTCGGCTCGTCAAGAACATAAAGAACGCCGCTAAGCTTCGAACCTATCTGCGTAGCCAGACGAATACGTTGACTCTCTCCTCCACTTAGAGTATCGGCTCGTCGTAAAAGGGAGAGATAACCCACTCCCACATCAATAAGAAAAGAAAGCCTCTTTTCGAGTTCAATCATGACTTGCCCCATGATTTTCTTTTCATTATCAGTAAACTCCATCTCTTTCAAAACGGGCAAAAGCCGGTCAACTGGCATTTCAACGAGCTCTCCAATAGTGTAATTTTTGAGCTTTACCATCAAAGCTTCTGGACGAAGACGAAGTCCGTGACATGTTTGACATACATCTTCTATACGATATCCCGCTAACTCGTCCATGACACTTTCAGATTCAGTCTCTTTCCAACGATTTTCAAGCCAAGAAAGCAACCCTTCGTATTTTCCCATATATTGACGACGTTCTCCTCGATCCGAAAAAAACATTGGAAGCCGCTCGTCACTACCGTACAGGATAAAATGCCGAACTTCTTCGGGAAGCTTTTCATAAGGCAAAGACATATCCCATCCTTTCGTCTGGGAGAAGGTGTAGAGTTTACTCAACATATAGTGTTTTTTCTTCCAAGGAAGAAGTGCGCCTTCTTCAACCGAACGGACTGGGTCTACGGCATGTTCCTCACAAAAATGCTCATGGCTGCCTAGTCCAGAACACTCTGGGCAGGCTCCGAAGGGGCTATTGAAGGAAAAAAGTCGTGGCTCTATTTCTGGAAGAGAAATGCCACAATCAGGGCACGCATAATTTTCTGTAAGAAGCTGCTCCTCTCCCCCCTCTGTAACGAGCAGAACATAGCCGCCAGAGAGAGAAAGAGCAGATTCGACAGCTTCGCTGATGCGGCCTTTACGATCTTCCAGAACCTTTAAACGATCTATAACAACTTCAATAGTGTGTCTCTTATTTTTATCAAGAGGAATTTCTTCTTCAAGCCAAAAAGTAGTGCCATCCACTCGAACTCGCATAAACCCTTTTTCTCTATTTTGTGCAAAGAGATTTTTAAACTCGCCTTTTTTCCCTCGAACCTGAGGGGCAAGTATTTCTAAACGCTTTTCTGGATAGTTGCGGAAAATAATATCGACAATTTCATCTAAGGAATGCCTGACCACAGCCTTTCCACACGATGGACAATAAGGAATTCCTAAACGGCCATAAATCAATCGCAAATAGTCGTAAACCTCGGTAACTGTTCCCACTGTTGAACGAGGATTATGTGAAGTTCCTTTTTGTTCAATGGATATAGCTGGGGATAGACCTGATATATCGTCTACATCTGGTTTCTTTTGTACACCAAGAAATTGTCTTGCATATGCAGAAAGAGATTCAACGTAACGTCGTTGCCCTTCCGCATATAACGTATCAAAAGCTAAAGATGATTTTCCTGACCCCGAAGGCCCGGT
CP133089.1_gap39	1305155	1309558	4403	CCCTGTCCCAATGTATATTGAATCATCTTCCGTACAAATTACATATTGATTTTCATCAATACGAGAATCTAAATATGGTTCAAGAAGAGTCAAATCAGAAAGTAACGCTTCGTGGTCTCCAAAATCCACTGAATACATAAGATAGGCTAATTTCAATGTATTTAAATCGGAAGTAATTCGCACAGCCTTTGCCGAAACAACAGCTTTTCTCGCTGCTACAATAATTCCACCAGACAAAAGCCCGACCACTAAAAGAACGACAAGTAGTTCTATTAACGAAAAGCCCAATCTTTTTGCGGATAAGGACTTCATCACATATCTCCCCTTTCTAAAAGGATATATTTTGAAAAGTTTTAAACAATGGTAAGAATAATGCACTGATAAAAATAAGAAGAAAAACTCCTAGGCATGTTATCAAAATAGGCTCTATAAGAACCTCCAAACGTTTCATGTTTTGTTGTGAATCTTCATTGAGTTGAACAGATATCTGAATTAAAGATTCTATTAATGTTCCTGAACGTTCAGAAAGAGCTAAAATAGGGACAATAAGAGGGGGTAAATACTCTTTTTGAGTTAGTAGTGCTTGAGACAAAGAATGCCCCAAAGAAATATGTTCTGCAACAATAGAAAAGCTCTCTCTTATTTTTTTATTGCCAGAAATTTCTCCCGCAAGTTTTAATGCCTTTAAAAGAGGAATTCCCGATTTTAAAAGCACAGCTAACATCTGAAAGCTTCTGGCAAGGGATATGTTTCTGCATATTCTGCTTTTTGATAGCAACCAATGCCATGCACCTTTTCCTATAGATACATTGCATATATGATTGATACAATATATTGTTGCAATAATAGCGCCCCCACCAATAACACCAACGCTGCATATAATTTTTATCACTTTAAGAGAGATAGAAAATAATGGCGAAAATACTATTCCCAAATCATTTAGTGTTGATTCTAATTGCGGCAAGACTTTAAAAAAAAGGATATTAATTACAACAAGAGATACTAATGCAACAAAAGCAGGGTAAAAAAAGGCACTGAATAACCTCTTTTGAAAGGTTCTTTTCCACCTAAAATGGGAAGTTAAGTGTTGAAGTACCGTCAGCAATTCTCCACTTTCTTCACCGGCACGGATAATAGAGATAACCCCTATTGGCCATTTCCCTGAAAGGTGAAGGGATTCACTAAGGGAGTGCCCGTGCAATAATTTCTCATTTACACGCTTTACTAATCGGCTAACTAAAGGTTCTTCCATCTCTTTCTCTAAGAGGCAAAGAGCTTGAGAAAGAGTTCCTCCCATGGAAAGCATTGCAGAAAGATGATTAAAAAAAAGAGATAAATGAGTCAGAGAAAGGGTAACGCGCTTCTCTTTTTTAATCACTAAACGAATTCGCTTTTTGAGAGAAATAACAAAGAGGCCACTCTCGTGAAGGATGGCTAAAGCCTGTTCCTCAGAATCAGCCTTTAATGAACCTTCTGTCTTTTGCCCAGTTGAGGTGCGTGCAGTATATGAAAAGGTCAATTTAATACCTCATTAGGCATAGGCATATCCGAAGAAAGTGACGCAATTTCTTTCATCGTAGTCAAACCTTTTCTGACCTTCTGTATTCCATCTTCTAATAAAGATTCCATTCCTTCTTTATGTGCTTGCTCTCGAATAAATTGGACAGGAGTTTCTTGAAAGAGCAGTTTTCTAATTGCATTGGAAACATATAAACATTCAAAAACTCCTATTCTGCCTGAAAAACCTGTTCCACCACAAGAAGGACATCCAATTAGAGATTTATTGCTTTCCACGTTATTTTTGCAATGGGGACAAACTCTTCTTACAAGGCGTTGAGATATAACTGCTTTAAGTGCCGATACGACAAGAAAGGGAGGCACGCCCATTTCCATAAGGCGCAAGGGGGCACTTGCAGCATCTTCCGTATGCAAGGTTGATAAAACCAAATGTCCAGTAAGTGCCGCTCGCACAGCAAGGTGAGCCGTTTCTGTATCTCTTATCTCGCCGACAAGTATCACATCAGGATCTTGTCGAAGAAGAGCACGCAAAACTACGTTGAAGCTACGCCCTGCTTTTTCATCAACTTGTATTTGATTTACTCCCCAATGAGTTCTTTCAATAGGATCCTCTATAGTAGTTACATTTAATGAATCGGCATCAATTTCATCTATTAAGGCATGTAGTGTTGTTGTTTTGCCACTACCAGTTGGTCCCGTGACAAGAAGGAGTCCTTCACGTTTTGAAAGCAGTTTAAAAATAAGGGTCATAACTTCTTCCTTTAGTCCGAGTTGGTCTATATTTGTAGGAATATATGAAGACCCCAAAAGGCGTAAAACTACCTTTTCGCCATAAAGAGTTGGAATAGAAGCGACTCTTACATCAAGGGGGGATTGTTTTTTTTGAAGACAAAATCGACCATCTTGAGGTCGCCTTTTATCAGATATATCCATTGACGACATGACTTTTATTCGTGAAATCACCGTTGAGTGAAAAGAGGAAGAAAAAACGTATTCTGTGTGACAGAAACCATCTACACGAAATCTAACGCGACTCCAATCGGAAAGTTGTTCGATATGAATATCAGAAGCTTGTTTTTCCACAGCTTCATGTAATATGCAATCAACAAACTTTACTGCGTCATTTGAAGAGAGAGAGGAACTCTCTTTAAGTTTCAGAGAAAAACGTAATCGTTCAATGGAAGTACGGATTCTGGTTAATGGTGCTAAAAAAGCAACAATATCAAACTTATGAAGATCAAGTTTCGTAATAATATTTTTAGGTAAAAAGGGATCAAAAAGGGCTATAACCAATTTATTTTCCTCAGAGGAAAATAATAACGGCACTATATCCATATCTATCATGCTTTTATAAGGAAACAACTCTTTAAATTCACTTATCGGTGGAAATAAAGGAAGGTATGCTTCGGGCATATGAGTAGCTGCCTTTATGCAAGAAAAAATATCTTCTTCTTTGTGGGGAAAGTACTGTAAAAGAAGTCTAGCAAGTAAAAAAGGAGCTTTCTTATTGTAAAAAGAAACTTTTTGTTGAAGAAAATCATGAAATTCTTCTATGTGAGAAAGAAATATGCAAAATCTATTCCACGATAAATCAGAAACGATCACAAACACCACCCGCATCCAATCGATGCTAAAACCATACCATATGTAATCATTTCTTTCAGAATGGAAAAGTCGGGAAGTCTGTAAATAAGAGGGAAGATGAATATTTAATCCTATTTCTTCGCAGCGCCGATGTAAAAACACGTTTTTTCGAAGAAGATCACAATGAAAGGATAAAAAAAGATCTCTGGCGGCGACCTACTCTCCCACAGATAGCCTCTGCAGTACCATCGGCGCTGGAGGGCTTAACTTCCGGGTTCGGCATGGAACCGGGTGTGACCCCTCCGCTATTACCACCAGAGATCTCAAACTTTTATTCTTTCGTACTCTAAACACAGAAATCGAGGAAAGAAAACCAAGAGAAAGTGAGAATAAGGCCTCGATGTATTAGTACCGGTCAGCTAAGAGCCTCACAACTCGTACACTCCCGGCCTATCTATCCTGTCGTCTTCAGGACACCTTACTTCCCTATCGGAATGGGGTATCTCATCTTGGAGGCGGCTTCCCGCTTAGATGCCTTCAGCGGTTATCCGACCCGAACATAGCTACCCGGCTTATGCAGCTGGCGCTACAACCGGTACACCAGAGGTTCGTCCACTTCGGTCCTCTCGTACTAGAAGCAGATCTCCTCAAATACCCTACGCCTATGGTGGATAGGGACCGAACTGTCTCACGACGTTCTAAACCCAGCTCACGTACCGCTTTAATGGGCGAACAGACCAACCCTTGGGACCTGCTTCAGCCCCAGGATGCGACGAGCCGACATCGAGGTGCCAAACCCTGCCGTCGATAGGAACTCTCGGGCAGGATCAGCCTGTTATCCCCGGGGTAGCTTTTATCCGTTGAGCGACGGCCCTTCCACTCGGAACCGCCGGATCACTAAGACCAACTTTCGTTCCTGCTCGAAACGTCTCTCTCACAGTCAAGCCACCTTATACCTTTGCGCTCTCTATGGGCGATTTCCATGCGCCCTGAGGTGACCATTGCGCGCCTCCGTTACTCTTTAGGAGGCGACCGCCCCAGTCAAACTGCCCACCTGACACTGTCCTCTGTGTCGTTTCAGACCTCAAAGTTAGAACTTCGGCATGTCAAGGGTGGTATCCCAACAACGGCTCCTGCAAAACTGACGTCCTGCATTCACAGCCTCCCACCTATCCTGTACATAACAGACCAAAATCCAATATCAGGCTACAGTAAAGCTCCACGGGGTCTTTCCGTCCCACCACAGGTAACTGGCGTCTTTACCAGTACCACAATTTCACCGGGTCCCTCGTTGAGACAGT
CP133089.1_gap40	1344250	1349004	4754	CAACAATATAACCATCGTAAATGGCTACATCCTTTTTCTCAAATTCAAGAGAAAAGACATTTGCTACTTTCGCATTCTTGATAACTACGTCAGCTGCTAATTCTCCCCTTGCTACTGCTAACATCTTTTTTATATTCACAATATAATCCTCCCAAAGGCCAAGAAAGACCCTTATAATAAGAACCTATAACGATCAAGAAAGAAGGGATACAGATGCAATCTTCCCATAGAATTCAAAATTTAATTATAATTCTTTTATTAGGGATTATGTTTCCTTTTACAGCACAAGCATCTTCCATATACAGCATTTATATTCCATGCGAAATTGGAGCTTCTGCCTATGCATTGCTTCCTGATGGATCTCGCTACGATCTCGGCACAATTTTATCTTTACCTCAAACAAGCCGTTGGCCTAGTTATACTGCAAGCCAATGGGGACAAGCAGGTTCAGTTTGCGCATCCGCAGTTAATGCCGTACATTTACTTTGTTCTGTAGAAAAAGGTAAAGGTCGTACTATCAGTATTTTACCAGAAAAGACTATCGCCCCAGCCGCTGGAAAAAAGACATACTTTTCTATTCAAAAAGATGCAGGAACTGGACTTTTTGGGGGATGGGCACCTCCTGTAGGCACACCTGTTTATATTATTAAAAAAGGTAGTTCACAAAGTCGCCTCTCTTCTGAGAACTTTCCAGAAGAAGGTGATGTTCTTTTTATGCCTGTAGAAGAAAAAGAACATCCCTTCCTAATAGATATCGAAAACAGACCTGGTGGCCGTGTTATAGCATGGAATTCTCGGGGAGTTAACGTTATTGCTAGAGTTATTCGACCTGTTTATGGAGTCGGGCGTTTTGGTGGCACTCTTTTTCAAACAGATAGTCGAATACGTGCCAATCACACTGGAGTTATCGATATAAGCACATCTCCAGTGGGAGAAATAGGGGGATTTCAAATACTGCCACTTTTTCATGCCGGATCTAAAGAAATGGCTTCTGCATGGACATTAACACAATGGATGATTATAGGAACTGAAAATGGTCATCGACTTATAGGCTCAACTCCTCTATTCTCTGATGGTCTTGTACCAGGAGGACAACTCTCAGATCACTTATGGGATATATGGTCTACGTATGGACGAAGACCTCTCGTTTTATGCCGAATAGACGGGGGATCGTGGCAGGCTTTACCTAAACATTCAGGCAAAGATGACAAGGCTTTGTTCAATGTTACTCATATTCGTTTATATTATCCTTTCACCGCAGAACCCAATAGATAGAAAGAAAAAGGGCTTGCGAGGTTTATAAGCTTTAAACCTGCAAGCCCTTTATTTACTCTACTGTAACGCTTTTAGCTAAATTTCGCGGTTGATCGATATCGCACCCTCTGATTCGTGCAACATAGTAGGCAAAAATTTGCAATGGAAGAACCGCTAAAAACGGATAGAGTTCTGCCTCTGTTGGGGGAACATAAAAAACATCTTCCGAAACATCTTCTATATCTCTATCTCCACGAGTGGCTATAGCAAATATTGGAGATTTTCGAGCTTTTGCCTCTAAAATGTTTGAGTATAGTTTTTCATATAGACCATCTTGCGGTGCTATAACAACAACGGGGACCTCACTTTCCAGTAAAGCAATAGGACCGTGCTTCATTTCCCCAGCTGCATAAGCCTCTGCATGGACATAAGATATTTCCTTTAGTTTGAGTGCCCCTTCCAATGCAATTGGGAAAGAACGCCCTCGTCCAAGGTACAAGAAATCTCGTAAAGAGGCGTATTTCTCCGCAATGTGATGTAATGATTCCTGCCGCTCAAGAATTTCTTCCAGCTGATAAGGTAAATTTAGAAGTCCCTTGATTATTCTCTCTTCTTCACTAGATGAAAGAGTTCCCCATAATTTGGCGATATAAAGGCCTAAAAGATAAAGAACTCCCAGCTGTCCTGTAAAGGTTTTTGTCGCAGCCACACCTATTTCCGGGCCTGCTTTCAGAAGAAGAACGTGATCCACTTCTCGAGCGAGTGTTGATCCCTGCCCATTTGTAATGGCAACGCACATTGCCCCTTTTCCCCTAGCCAATCGCTCTGCAGCAAGAGTATCAGCCGTTTCTCCAGACTGAGAAACAAAAATTGATAATGTGTCCTCACCTAAAGGCATGGGCCTATAACGATACTCAGATGCAACATCAACACGAATGTCAACAGGCAAAAGTTCTTCCATTAATCGCTCTGCGACTAAGGCTGCGTAGTAAGAAGTGCCACAAGCTACAATATGAATCCTTTTAATATGAGCAAGTGTATCTTTCGTCCAAGCAAGCTCTTTAGATAGATCTACTGAATTTTCAGATATTCTGTCTTTCAGAGTATTTCGTAGCACTGCACCTTGCTCGTTAATTTCCTTCATCATGAAGTGAGAATATCCGCCTTTATCGACCATGGATATATCCCAGTCAATCGTCTGAGCTTTTTTAGTAAGGGATTGCCCCGACTCGTCCCAAAATTTAATCCCTTGAGGAGATAGGAATGCAATATCACCGTCGTTCATATAGAAAACACTTTGGGTGTAAGGGAGCAAAGCCGGAACGTCAGAGGCACAAAAAGACTCTTTTTCTCCCTGGCCTACAACAAGAGGAGATCCTTTTCTTACACAGTAAATTGAATCTGGCTGATTCTTCACAAGAATGGCAAGGGCAAAGGAACCTCGAAGCCTTTTATAAAGAGAAACAAGAGAAGGGATAATATCCTTCTTCACTCCGTATAATTGAGAAAGAAGCTTGGCCACTACTTCCGTATCTGTTTCTGTCGTAAATTCTATTCCCTGATGTAAGAGTTCGTCTCTAATTTCTCTATAATTTTCAATTATCCCATTATGAACAAGAACAATCTGTTTATCACCATCCCAATGAGGGTGAGCGTTAACCACTGTTACTCCTCCATGAGTGGCCCATCTGGTATGCCCAATACCTAAATGTCCCAGCACATTTTGAGAAGACATTAATTTTTCTAGTTGCTGGACTTTCCCAACTTCTTTAATAACACGAATATCATCGCCATCATTTACGGCTATACCTGCAGAATCGTAACCGCGGTATTCGAGGCGCTTCATTCCATCTAGCAAAACATCAGTAGCATTTCGCCATCCTACATAGCCAACAATTCCGCACACGAGAATATTACACCGCCTTTCACTAAGGCACACGAAAATCTATTGCTCTTTTTGTCTCAGAAATTGCTTTCTGGTTTTGTAGAGCAAATTCAGGGTTTGATTTTCAAAACCCCGGGGGTATCCGCCGAAAATTTCGATATTCCCCCGACCTCGTCAACTGACATTCGTCAGTTCAGGCGCTTACACTCTTTCCGCTATAAGTTTTTATAGAAGCGATATTAGCTGTTCTTCATTTATCATCCTCCCTAAAGGCACTCACAGTTTGCAGTACTATATCACGTAAAGAAGAATCTTTCAGAGCCAATTCAATATTTGCATGCAGCCAACCCTTTTGAGTTCCACAATCGAGGCGTTGCCCCTTATAAACAACTCCCCACAATGGCTCCTCTCTTAACAATTGTTTCAAAGCGTCCGTCAACTGTATCTCTCCGCCAGCACCTGGCTGAACATCTTTCAAAATAGCAAAAATTCTTGGTGAAAGAACGTAGCGCCCCATTACCGCTAAATTACTCGGTGCTGTTCCTTTTGCCGGTTTTTCAACTAAATTTTCTATTCTGAAGATACCTTCCTGAACCATATCAGCTTCAACAATCCCATAACGAGAAGTTTCTTCTTCCGGCACTTCTTCGAGAGCAATAACACTTCCTCCTAATTGCTCTTGAACAGAAATAAGTTGCGCAAGAACAGAAGGACGAGCAATCATTACATCGTCAGGTAGAATAACACCAAAATATTGGCCCTCACAAAAAGCCTCTCCACAAAGGACAGCATGACCCAGCCCTAAAGGCTCCGCTTGTCGTGTATAGGCAAAACGCGCCACTTGAGGAATTTTTTGCACAAGTTCAAGATATTCCTTTTTTCCACGTTCTGCGAGAATTTTCTCTAATTCCCATGTCCGATCAAAATAATCTTCAATGCAACGTTTTGATCGGCTTGTAACAATGACCATATCGGTACAACCTGCCGCTATGGCTTCCTCTACTCCGTAGGAGATAATCGGTCTATCCACGAGAGGAAGCATCTCTTTAGGAATATCTTTGGTTGCAGGTAGAAAACGAGTGCCTAGCCCCGCTGCAGGGAATAGGCACTTTGTTATTATCTTTTTTGACATAATTTTCGACATCCTTTCGGCATCACATACAAATAACTAACAACACTTCATCTGTATCTGACCGACCAGATCCTTTGAAATATCTTCCATCAACTTATGATCTTTTGCCTCTACAAGAACCCTCATAAGGGGTTCTGTTCCAGATGCACGAATAAGAACTCTCCCCTGGCCCATCAGTTTTCTATTCGCCTCTTGAGAGATATCGGTAATAAAAGCCGGATCAACATCTTTACCTTTACAAATTTCAACATTTCTTAAAAGCTGAGGGTAACGATCAAAACGATCAACAAGAGTATTAATATCTTCTCCTAAATCGGAACAAGCCCTCAGGAAGGTGAATCCTGTACAGATACCATCGCCTGTAGATGTAAATTCCTTAATAATAATATGTCCCGATTGCTCTCCACCCAAAGAAGCTCCACGGAATTTCATCATCTCTAAAACATAACGGTCGCCAACAGGGCATCTAAATACGTCAATATT
CP133089.1_gap41	1353633	1358310	4677	CTGGATGAACAACAATTTCATCAATACCAAGCATATCGCAACGTTCTACCTCTTCAGTAAGAGCAACTATACTTTTTTCTCGAGTTTCATCTGGTGATGCAAGGTTGATAAGATATGAAGCATGAACAACAACTTGTTGTATACCACTCCGCCGCCATGCATGTAAAAAACGTTCTGCCCGAGACATAGAGATAGGAGTACTATGCCATTGTAACTGATTTTTGGTAAACATCTGTATAGCTTCACATTCAAGATCCTCGCCACGTTCTATTGCTCGTTCAAGACCACCTGCAATGGAAACGTGAGCGCCGATTAAAGGCATAAATTAATTTCTCCCTTACGTAACATAGTTATAAATCGATACAATATGAAGGCAGTGACACCCCATATTATCCTTCCATCAGGAAGATCATAGCGCGGGGTCTCAAACTGTATTCCTTCATGTTCAATCTTATATATTTCAGGAATAACTGGGATAGAATCCAGTTGCATAAATGCTATGCCGGCAACCTCTTCATGAGAAAGCTTAAGTCTCGACATGAGAGTCTCATCTGAAATCACACCTACAACAGGATAGACGGCAAAACCGCTTGTCACTGCTTTTTGGGGTTCCATAAGATATATAGGCTCTATATACTCTCGTTCTAAACCAATCTCTTCCTCTGTTTCCCGCAACGCTGTTTCAAGAGGGCCTCTGTCAAAATCATCCCGTTCTCCTCCTGGGAAACACATTTCGCCGCCATGACGCTTCATAAAGTAGGGACGTTCTAAAAAAAGAACTTTATACCCCTTTTCTGATCGGAAAAGAGGTACAAGGACAGCACTAAGCCGTTTCCCATCTAATGTAAGTAAGTAATTCCATGGAGGAAAAGAGGTTTGCATATTGCATCTTTTCCCTGAAAAATCATCTATTGCCATCTACATCGTCAGCTCCTCATGCTCTAAGACGAACGCTTCCTGCATAGACAACACCACGGAATCCATCGACCGTAACCATCATCCCGTCTTCAAGAACTGAAAGTGCATTGCTTGCACTAACAACACATGGTATTCCCAATTCTAAAGCAACTATAGCCGCGTGACACGTCAATCCACCATGTTCTGTAATAATAGCTGCAGCTTTTCTCATAGCAGGAACAAAATCTTTATCTGTCTGGGAAACGACTAAAATGTTGCCTCTTTCCATTTTCTCAAGAGCCTCTTCTGGCGTATTCGCCTTTTTCACTACACCAAAAGCTTCTTTTTTCAAAAGAGAAAGGCCTTTGACTAAAATTCGACCCACTGTATGAACTTGCAACATATTAGTTGTTCCTGGAATACCCATAGGGACACCTGCCGTAACAACAACTATATCCCCTTCCTTCAAAAGCTTGTTTTCCAAACATAATGAAAAGACATTATCAATGGCCTGTTCCTGATTGGAAATATTTTCAACTCTAAGAGGTTCTACTCCCCAATATAAAGCCAATTCTCGCCATGTTCTCAAGACAGGAGTGGCTCCAATAATCTTACATGGGGGACGATGCTTGCTAATCATTTGGGCTGTACTGCCACTTCGAGTAAGGGAGATAATTGCAGCAGCACCCATTTCTCGCGCGACTTCAACAGAAGCTCCGCTTACTGCATCTGGCACTCCCGTACTTAACTGCTTTCTATGAAGGGGATGTTGCCAAAGCTCTATATCCTTCTCAACTCTCTCCACTATGCGGCGCATCGTTTCTACAGACCTGAGAGGATACGTTCCTTTCGCCGTTTCTCCCGAAAGCATTACGGCATCAGCTCCATCAAGAACAGCATTTGCAACGTCACTTGCTTCTGCTCGTGTAGGACGGGGATTTCTAATCATAGAGTCTAGCATCTGGGTCGCAACTATAACAGCTTTCCCCTTAGAACGACAAAGATCTATAATCTCTTTTTGTACTAGAGGAACCTCCTCCGTGGGAATTTCGACACCCAAGTCTCCACGGGCAATCATCACCCCATCAACTACATCTAGAATTTCATCTATACCATCGACAGCTTGTCGTGTCTCTATTTTCGCTATAATTTTCATAGTTCCGCCAGCTTCTTCGATTACTTTTCTAACATCCATGATGTCTTTTTGATTTTTGACAAAAGAAACGGCGATATACTCCATGTCATTTTTCAAACCCCAACAGATATCAGAACGATCTTTTTCCGAAAGAGCTGGAAGGGAAATGGAAGCTCCCGGTATATTGACTCCTTTTCGCTCTCCTAGTTCTCCACCAACGATAACTGTGCAATGTACATCATTCTCACTAATTTCTGTAACTTTGAGGTGAAGAGTTCCATCGTCAATATAAATATCTTGATCCACGCTGCTTTCTATTGGTAAGTTAGCATAATTAACAAAAACTTCTTTATCATTACCAACAACATCTCGTGTTGTTAAAACGAAATCTTGTCCTTTTTTCAAAAAAACAGCGCCTTCCTGTAACGTTCCAGTTCTAATTTCTGGCCCCTTTGTATCAAGAAGAGTGGCAATAGGAGATCCCATTTTTCTTTCGACTTCTCGAACGAGGTCAAGACGAGCCTTATGTTCCTCATAAGAACCATGACTAAAATTAAAACGAGCTACATTCATTCCTTCCTCTGCCATAGAACAGAGCATCTCAAAAGTTGAACATGCCGGGCCAATCGTGCAAACTATTTTCACTTTCTTCATTATTTCTGACCCCTTCCGTCTATCAAATATGGATTACGTTTATTCATTACATCAACAGCAGATTTCGTAAGATTCCTCTGGAATCACAGAGGATAGTCCTTTCATCTTTATAGTAGGACCATCTACTTTTATGCCTGCCAGAAGAATAGTAACACTGCCTATCCCGTTTCGAATCTCTAATAACACCTGAGATCGGCCAGGAAAATCTTTGAGAGAACGAATAAAGTTTTTCACACATTCTTGCGGTAATAAAGTTCCGTCAAGTACAATTTTCACATACGGAAAATTTCTCTCTTGAAGAGACTGAAAAGAGACAATCTCCCTGGCAATAATATTTCCAGAGCCTCTATCATCTAAAGTGCCCCTGACTACACAAATTTGCCCAGGTTCTACTTGTTCCTTTACAGATGACCATGTTTTCGGGAAACAAATAACCTCCACTTTTGACTCTGCATCTTCAACCTCAAGAATCCCCATTGGGTCTCCTCGTTTCGTGTATTTCTCCTTTGCAGAAAGCACCATACCTCCAATTTGCGGAGGCATATTTTTACTCTTCCAATATTTGAGGTCTGAAATACGACACGTACAATAACGACCAACTTCATCTTCATGTTGAGCAAAGGGATGACCGCTGATATACAAACCTACAACATCTTTTTCGAAATCAAGACGTTCATAAATATTATAATCATCGATATCAGGAAGTTCTGGTTCAAGATCCCCCTCTTCCCCATCTCCATCAAGAAGCGACAAAAGAGAACATTGGTTTTTTTCCTCGCTTTTCTTCTGAGCCAGGGCTATAAAATCAGGAAGCGCTGTTACTAGTTGACATCTATTTGTCGTTAAGCCATCAAAAGCCCCTGCTTTTATAAGATTTTCGATAACTGATTTATTTACAACCCTTAAATCTACACGGCACAAGAAATTCCAAAGGGAGATGAAGGGCCCCCCGCATTCTCTAGCTTTTATAATGGCTTCCACAGCACCATGCCCAGCCTTGGACACTGCACCTAAACCAAAACGTACAACATCTTTTACAGCTGTGAAAGACTCCATGGAAGAATTAACATCTGGAGGAAGCACTTCAATACCAGAATTTCTGACTTCTCGCACATATCGTGCCATTACATCTTTTTTTGAACCTATCTGACTTGTTAAATATGCGGCCATAAATTCCGACTGGAAATTAGCCTTAAGATAAGCCGTCTGATAACTAATCAGAGCATATGCAGCACTATGTGATTTATTAAAACCATACCCTGCAAATTCCTGAATAATATCAAAAATCTCTTCAGCTTTCTGAGCTGGAACATTATGCTGTGCACAGCCCTCAGCAAACTTCTTTCGCTGTTGTTGCATAACTTCCACTTTTTTCTTACCCATAGCTCGTCTCAGCAAATCGGCTTCTCCAAGAGAATATCCAGCAAGACGCGCAGCGCATTGCATAACCTGCTCCTGATAGAGAATAACTCCATAGGTTTCTTTTAGCACTTCAGACAATTCTGGATGGAGATATACGACAGGTTCACGCCCATGCTTACGTTCAATATACTGATCTACCATTCCACTTCCTAACGGCCCGGGACGATAAAGAGCCAGAATGGCGATTAAGTCTTCAAAACAATCTGGTCTAATTTTTCTAAGTAATTGCCTCATTCCAGTAGATTCAAGCTGGAATACACCAAGAGTATCCCCTTTCTGCAACATTGTATATGTTGCCTCATCATCCAAAGGAATACTATTAAGGTCAGGAGCTTTTTCCCCATTGATTTCAATATTAGAAAGAGCTTCCTCAAGTACTGAAAGTGTTTTAAGCCCCAGGAAGTCCATCTTGACAAGACCAAGTTTTTCAACAGGTTCCATAGGATACTGTGTAACAATCTGATTTTCTCCGATTCTGCGAACAGGCACCAGATCTGTTATGGGCATTGGTGTGATAACAACTCCAGCCGCATGTTGAGAACAATGGCGAGCAATTCCTTCTATCTTCG
CP133089.1_gap42	1391877	1393138	1261	CTCCGATCTCAATTGAAAACATTTTTTTCATACAATGTTCCTCCTCTAATTTTCAACCTCTTCTTTAGTGTACTGGATAAGAATAACACATCACACAAAAAAAGTGCGAGAGCGAATAGCCGCCCCCGCACATAAATTCAAGAAAAAACTTGTCTGCTTAAAATTAGTGACGAAGTCCAAGACGTTCAATCAAGTTTTTATATCTATTGAAGTCTTTCTCTCTTAAGTAACGAAGAAGCTTACGTCTTCTTCCAACCATTTTAAGAAGTCCTCTTCTGGAGTGGAAGTCTTTTGTGTGCTCTTTCATATGCTCCGTCAATTCTCGAATTCTCACCGTAAGCATTGCTATCTGAACCTCGGGAGATCCTGTATCTGCAGCATGGGTACGATATTCCTCAATAATCTGATGTTTTGTCTCTTTCTCGAGCATTCTGTTCACCTCATATGCGTAAAATCCCGAAAACCAAGAAATACATCTTAGTGTATATCCTAGTAATGGGTCATGAACATAGTACCATGGAGTCGTTTATATGACAATTTTTTCTTCAATTTTTACCGTAAGTAAAATTACACAATTTTACGAAATATCTAATTCTGCACTCGACATGGGTTCAAGTATATGGTTAAATAATAAAGAATTAACAATAGTACCTAAACATTTTGGTGCGGGAGGGGATAGGTATGTCTTTACTTATTGTTGAAGACAACAAGGATCTTGTCCAAGTTCTCGCCGAGGGCTTTGCAGAGAATGGATATTCAGTAGAACGCGCTTATACAGGAGAAGAAGGTCTAGAAAAAGCGAAAAATCCAGAATGCGAGTGTATTATTTTAGATCTTATGCTTCCTGGAATAAGTGGACTCGAAGTTTTGGAAAAACTTCGAGCAAGTGGTGCGACTCTTCCTATTATCATTCTCACGGCGAAAGATAGCGTGGACGACAAGGTAGAAGGCCTCAATAAAGGGGCTGATGATTTTCTGGTAAAACCGTTTGACTTCAGAGAACTTCTTGCAAGGGTTCGTACGTTGTTAAGAAGAACTTCTGATCAGCAGCACAATCTTCTTCACTGCGGTGATATGATTTTAGACCCAGTTGCAAGGGAATGCCGAGTCGATAACGTAGTTCTGCCTTTACGAAGACGTGAATTTGACATTCTTGAATTGCTTATGAGACATGAAAATCAGGTTTTCACTCGGGAGAAGATTATTTCTCAAGTATGGCAAAAAGAATATGACGGTACAAGTAATGTGGTTGACGTCCATA
CP133089.1_gap43	1396085	1397795	1710	ACTCGTAATTTTCTTTCGCCTCTACCTATTCTTTTTTCCACTTCTTGCAACATAATTAAAATAAGAAGAGCCCCAAAAGAATAATAAAGTTGGGTTGGGTGACGAGTCAGTTGCTGCGGATCTATGGGAAAACGAGTACCCCATGGAAGAGTGGTCTCTATTCCAGCGCAACATCCGTTCATAAAACAGCCCCATCGGCCTATGGCAATCAATGCTGCTGAAGGGAGAGATGCAGACTCAGCAACACGCCATAATGATAATTTAAAAAAGAATATATACGCGAGAGCAAAAAAACTGCCGCCAAAAAAGCTATAAAAAGACGACATACCCCCCTCCCAAAATCGAAAAACACGAAGAGAATCGTTACGAATAACTGTTGGGCCTACATGAACGATCATACCGACACATGCTCCTATAACGATACCTATAGCAACAACAAACAATAGAACATGCATCTTAGATGATTCTACACCATATTGATTGACAGCTCTTTTCTGCGTCCAAAGAAAAGCTGTAACTAACGCAACGGTCCACAGTACATAATAACTGTGGACCGTTATTTTATATATAGAAAAAAGAATTGGATACATACTACTTAATGCCGTCTGTTCCTCGACGATGCAACAGGACAAACAACTACTTTACGGGAGGGTTCTTCTCCCACTGAACGAGTTGTTACGTTGTTATAATCCTTTAATGTTAAATGAATGATACGACGCTCCCAACTCGACATTGGCTCAAGATATGCAGGCCGTCCCCTTTTTTCTACCTTTCTGGCAGCTGCAAGAGCAAGTCGCTGAAGGCTTGCTTCTCGTCTTTGACGATAGCCATCACTATCAAGTTTAACGCGACCCTCTCGACTCTCTTCTCGCAACATAAGATTAATAAGATACTCCATGGCCTTTAAGGTTTCTCCATATTTCCCGATAACGATACCAGCATCATCGCCAGAAAGATTCAGAAAATCATCGTCACCACTTTGGACTGTTACAGAAAGTCCCATATGCTGAATCAGATTTCTGGCCAACTCCTGCCCTTTCAACACTAACAAAGGAAATTCCGGCCATACTTCAACACGCAATTTTTTTCCAAGAAGACCAAAAAAACTTTTCTCTTCTTCAATAATTTTTACAAGAAAATCCTCTGGATGTAGCCCTAATTTAGCTGCTGCCAGCCTTTTTGCTTCATCTACAGAGCCGACTTCCAAAATCATTTTGTCTTGCTCAGTCATATATAATCCCCCTTCGACACACTGCCTGTCTGGGATGCCCTTGAATTTTCTATTCTTTCCCTGTAGGTTTAGTTTTGTGCAACACTGGCTTTTCTTGCATTTCCTCGCTGGTTTTTTTCGTAATCCACCACTGCTGAGCTACACCTAGGAAAGACGAAACTCCCCAATATAACAAAACTCCGCCGGGCAAGCTAAGACATATAAACGTAAGGAAAAGGGGCATAAACCAACTCATCATTGCCATTTGAGGGTTCCCCGAAGAACTCATCTGCTGCTGTGCCCATGTAAGGAAACCGACAACAATGAGAAGTAAAAAGTTACCACCGTAAACTGTAAAATGAACTAACCCGGAAGGATTGGCAAGAACTCCAGACAAGACAGACATTACGCCAATCTTTGCCGTTTCCGGAAGGGCAACGGCTTGGGCCAACGTAGAAAGCACTGACCCCTCGAGACTAATAAATCCAAGAAAAGGAATG
CP133089.1_gap44	1466461	1468315	1854	AGCCCTTCGTCGACAAACATTTTGTGATCGCTGCTGTCAGCGTCGTCTTTCCGTGGTCTATGTGTCCTATCGTTCCCACGTTAAGATGGGGCTTCGCTCTTTCAAACTTCTCTTTTGCCATTTTAGTCTCCCTCCCTGAAAAGGCTAGTTATTAACCCTTCAAAACTTTTTCAGCAACTTCTGCGGGAACCTGCTCGTAGTGATCAAACTGCATGGAATATGTAGCACGTCCAGAAGTTTTACTCCGCAAATCTGTTGCATATCCAAACATCTCAGCTAATGGCACAAAGGAGCGCACTATTCTTGCGTTTGCCTTTGTTTCCATACCTTCAATTCGTCCGCGACGAGATGAAATATCCCCTATGACATCTCCGACATAATCTTCCGGAGTTACAACTTCAACGGACACTATCGGCTCCATAAGAACGGGACTCGCTTTTCTCATAGCTTCCTTGAATCCCATGGATGCCGCGATTTTAAAGGCCATTTCCGAGCTATCAACTTCGTGATAACTTCCGTCAACAAGAGAGACCTTGACACCTATCACAGGGAACCCGCCAAGTATACCATTATTGATGGCCTCATCAAGTCCCTTTTGAACGGCTGGAATATAGTCTTTAGGGACAGCACCACCAACAATTTTGTCTTCAAAAACAAAGCCCTTTCCTTCTTCCAAAGGCTCCATTTCAAAAACAACATGTCCATACTGGCCACGGCCACCAGACTGTCTGACAAAACGTCCCTCGGCACGTGATGGCTTGCGTATTGCTTCTCTGTAAGAGACCTGTGGACGTCCAACTTTAACATCCACACCAAATTCTCTCTTAAGACGATCTACTATAATTTCAAGATGAAGTTCTCCCATACCAGAAATGATAGTCTGCCCCGTCTCTTCATCTGTTCTGACTCTGAATGTGGGGTCTTCTTCTGCAAGAGCAACAAGGCCCTTTGTCAGCTTGATTTTATCGTTCTTCGTTGCAGGCTCAACTGCAAGCGAAATAACTGGTTCTGGGAACTGAAGAGATTCAAGAACTACAGGTTTGGATTCATCACACAGAGTATCGCCTGTTCTCGTAGCTTTCAATCCAGGTAAAGCGACAATCATTCCTGCGCCTGCTTCATCCAACTCTTCTCTCTTATTAGCATGCATTCGTAAAATTCTGCCGATTCTTTCTCTGGCCTTTGTTGAAGGATTGTAAACTGTTTCTCCTTTAACAAGCTTACCGGAGTAGATTCTTGTAAAGACTAGACGACCAACAAAAGGATCGACCATAATCTTGAAGCCAAGAGCAGTAAGAGGCTCGTTCATATCACTATGACGCTCTACTACTTCTTCAGTTCTGGGATCAGTTCCTTTAATTGGAGGTAAATCCAAGGGACTCGGCAAATAATCTACTACAGCATCAAGTAAAAGCTGTACTCCCTTGTTTTTAAAAGCACTCCCACATAAAACTGGAACGATTCGCAGAGCAATCGTATTTTCTCGAATAGCTTTACGAATAGTTTCTTCCGGCACATCCCGTCCATCAAGGTAGGCTTCCATAATTGCTTCGTCAAAATCAGCCAAACTCTCAATCATCTGATCATGAGCTGCCTGCGCTTCTTCTGAGAGTTCTTCGGGAATATCAGCCATGACAGGCGTAGTTCCAAGCTCATCCTGATAAAGAAAAGCTTTCATACGCACAATGTCAATGATTCCAGAAAACTGATCTTCCGCACCTATAGGCAACTGAAGTGCCACTGATTTTGCACCAAGACGTTTGCGTATTCCTGTAACGACCTGGCTAAAATCAGCACCTACACGGTCCATTTTGTTGACAAAAGCGATACGTGGAACGTGATACTTATCGGCTT
CP133089.1_gap45	1507529	1509017	1488	TTTTTTCGAAAAGGCGAATTTTTTTCATTTTAATAGAGTATTTGCATTAAGTAAAGCAAATATAAAACATGTTAAAAAAACAGGGGGCAAGAAAGAAAGTTCTTTCGCCCCCTGGGATCCTCTATTACAAATAAGAGAAAATTACATTATTTTTTGTTAGTATCTTTTAAATACCATTCCGTTAATAGAGAGCCTGCCACATAAATCGAACTATATGTTCCTACGACGATACCAACAAGCAAAGCTAAAGAGAAATTAGCTATAACCGGTCCACCCCAAATGAAAAGGGCAAGTACAGGTAGGAACGTTGTCAAAGATGTATTGATCGTTCTTGACAGAGTTTGATTGATAGACATATCAAGCAAGTTGGCAATTCCCTCTTGTCTCAAATACTTCCAATTTTCACGTACTCTATCAAGTACGACTATTGTATCATTAAGAGAATAACCGACAATAGTTAAAATAGCAGCGATGAAAGGCAAACTAATCTCTCGACCAGTAAGACTGAATACACCCAATGTAATAATAGAGTCATGAATTAGTGCAGCAACGCTAACTACGGCAAATCTAAACCGGAAGCGAACTGTTATATACGCTAAAATTCCCAAAAGGGCAAGTCCCACAGCAATTAACGCTTCGCGGCGCAATTTTTCGCCAACAACTGGTCCTACCTTCTCGAATCGAAGCACTTCCATGTCCTGATATTTATCTTTAAGTGACTGGATAACTTCTTTGCGAGATTCCTCTGTATCGGCATTAACTCGAATAATAACTCCGCGATCGCTATAAGCCTGAATAACAGCCTGTTTTTGGCCGACTCCTGCCAAAACATTACGAACATCCCCTACTGGGACAGGAGAACTAAACTCTACTTGAACAACGTTACCTCCTGTGAAGTCTATACCCAGATTAAGTCCCTTCACTAAAAGGAGTCCAAGGCTCACTACAATAAGTACCAGGCTAAGAAGGAGCGCTTGTCGCCGATGCTTCATAAGTTGAAAAGAAAACTTTTTATTGAACATGTGCAAACCCCCCTCGCCTATGAACGGTGACTAGAAAAAGAAGCTTTAGAACCACTCATGAGAGCCTGGAGCAAAACACGGGTGACAATAACTGCGCTGAAAACGCTCGCTAAAATCCCTATGCTTAACGTAACAGCAAACCCTCGAACAGGACCACTTCCAAAATAATAGAGAACTCCTGCCGCTATAAGAGTAGTAACGTTGGCATCAAGAATGGTTGTTAACGCTTTTTTAAATCCTGCATCAATTGCAGCACTAGGCGTTTTACCCATTTCAGACTCTTCTTTTACTCTTTCATAAATCAAGATGTTTCCATCTACTGCCATTCCGATAGTCAAAATAATACCGGCTATTCCTGGCAAAGTCAGAGTTGCCTTCAAGCTGATAAGGCCAGCAAAGACAAGAAGGATACATACACCAAGCGCAACATCGGCTGCTAAACCAAGACTTCTATAGTAAAGCAACA
CP133089.1_gap46	1517526	1521974	4448	TTCTATAGCTATCAAGCAAAAAGACAAAAAGGCTTATGATCAAAGGCCCCAAGAACAATCCGAGAAAACCCCAAGATGCTAAACCCCCGACAACACCTATAAAAATAATAAGTACGTGAGCTTTTCCTCCGCCAGAAATAAATATGGGACGAATAAAATTATCGACCATACTCACAATGGTAAGTCCCCAGATTGAAAGAATAAGAGCTTCTTTTATCTGCCCATTGTAAAAAAGATATATAGCTCCCGGCCCCCAAATAAGTGGTGTACCAATAAAGGGTATCATTGCCAGCAATGCCATAATTGCGCCAAAAAGTGCAGGGCTAGGGAGTCCTACATACCACCATCCCAGAGCTCCGAGAACACCCTGAATACCGGCGGTAAGGGTGATGCCATAAATAACCGCTTGTAGAATTTGCTTTGCCCTATTGAAAAAAGCTTCTTTTTCTTTTAAAGGAAGAGGCACAATATCATTTACATAGTCTAGAATAACGTGTCCGTCTCTAATCATGAAGAAAGAAGCCACAACAATAACTATAAGTTGATAAAGGATACGTATAGAATCTCCCAAAAAAGATCTGGAGGTATCTGCTAACGTGGAGGCAATCCATGACCCAATCTGTTCTATGACATTGACTAAGAAGGGATAATCCTCTAAGAAAGGACGTATTCTATTGGCAATTATTTCAGGGAAGAAAAGATTCATCAGTCCTTTGCCTTGTTCAATGTTCACCTTTGACAAAATCGAGGCGAGATGTCCATATATTCGTATTCCTTCCCTAGCCAGTGTAACGCCTACAAAGATGGCTGGTACAACTATAAGAAGAATGAGAATCGCTGTGGATAGGACAGCTGCAACGTTAGGGTATTTCCCCTTAAATAATTTTCCGTGAATAATTTTATAAAAAGGATAAACAAAAAACGACAATATGGCTGACCATGCCAACGGACGAAGCAGATTAAAGGACACCAGATATGCAAGAGCACCCAATGCTAAAAAAACAATTGTAAACGGAAGGAAAAAATTTCGAATCCGTTTATAAGGCCGCCGACTCTGGTATGTCAAAACAATCTCTCCCATCCCACACTTCAATTATAAACATTTATTTTTCATGAACTATTAATTCTGTAACATCTGGCCTCGAATAGTGGCCGCAGACATCAAATTCCATTCTAGCCCTTGCAGACTCATCGGGATTAATGTCGGCATAAATGATGCATTCTTTATCCCAAACAGGTTCAGTAACATAGTGACCGTAAGGATCGATAATGGCAGAGCCTCCATTACAGGGTGTATCAGGCAGCTTTTCAATTTCAGCAGCAGGGCCATGGTATCCAACAGGATACATTTCTTTTGTAAAATACTGATTAACATGAAAAACATAACATTTGCCCTCAATAGCAATGTGCTTAATAGTACTATGCCATTCAGGATTATTGTTAGTATTGGGGCATAGATATAATGAAACCCCCTTCTGATAAAGTGCTACACGAGCGAGAGGCATATAGTTTTCCCAGCAAATCAAAGCTCCCATTTTCCCCCATGGCGTATCAACTACAGGAAAATAATCCTTGTTGGCATCTGCCCAAATCACTCGTTCTGTACCTGTAGGCTTCAACTTCCGATGATTACACAGCAGGTCTCCTTCCGGGGAGAAAATCATATTGGAACAGTACAATGAACCATTATTATAGTCCCGCTCGGTATAGCCTATGCTAACATAGGCACGTGCCTCTTTTGCTGCAGCACCTATCTTATCAGTATCTCCACTAGGGCAGAGGAGTGCATTGTCATAATAGATTTTCCAGTCATCTCGACAAGCTTCCGTTCGTGAACCGACGGTAAATCCATATGTCAATCCATACGGATAACAAGGAATAATAGACTCAGGAAATATAATCAATTCTGCTCCATTCGCGCCAGCTTCTCTAATTTGTCCACAAACCTTTTCGATAGTGGAATTCTTATCAAACATAACTGGGGAAGCCTGGACCAAGGCAACTTTTAAATATTTTGATAAGTCTTTCATAGCAACCTCCAAGCAAAATACAACTTATATTGTCCAACAGTAAAAGTATACCAGTTCCATAGACAAAGAGTATATAGATTTATTGTTGATTATAAAATCACCTTGATTTATAATATCGAATTCGTATTCAATATATACCGCAAGTTGACGGTGTATTTTTTTACTCTCATTATTGAATATAAATTCATTTTTAAGGAGATACTCGAATGAACAAAGAAGAAAGAGTTCAACTTATGTTACATGGAGATTTAAAGAAAACCTTATTAAAAATGGGTATTCCAACCGTGTTTGGAATGCTTATCAATGCTCTGTATATCGTTGTTGATGGCTATTTTGTTACTGGACTTGGTACATCGGCTTTTGCCGCAGTCTCTGTAGTATTTCCATTGGTTCAGATTGTTATTGGGATCGGTCTCGTTTTCGGTACAGGAGGTTCTTCCTATATAGCTCGATTGCTGGGAGCTGGGGAAAAAGAGCGTGCTAATCGCACTGCATCTACGACCCTGTTCGGCGGGTTGATAGGAAGTATTTTTTTCATAGTCCTTTTTCTCCTGTTTATCAAACCTCTGCTCTTTACGTTGGGAGCTACTGAACAAAGCTATGGTTTTGCCCACAAATACGCCACTATTATCCTATCTGGATCAATATTCAATATTCTGTCTATCATAATGGGCAATTTAACGATAGCGGAAGGACGCGTAAAACTTACTATGATAGGAATGACAACAGGAGCTGTTCTCAATATTATTCTTGATCCAATTTTTATATATACTCTGTCCATGGGTGTTTCTGGTGCTGCCATTGCCACTGTCTTAGCAGAATTCATTGCTAATATATTTTATTTCCAGTTTATTTTACGGAAGAAGAGCTATCTTCATTATTCTCTCAAAAACTTTCGACCAGATAAAATTATGTTGCAAGAAATTTTCAAGATTGGTCTCCCTAGCTTTTTTGTTCAACTGCTTACTAGTCTTTCTATGGGGTATACCAATCAACAAGCCAGAATGCTTGGCGGAGATGACATGGTGGCAGCAATGGGCGTCATGTTACGCTTGATGGCATTGGGATCTTTTGTGGTTTTTGGTTATACTAAAGGTTATCAACCCGTTGTTGGAGCAAATTATGGAGCAAAACAGTATCATCGAGTACGCTTGGCTATCCGCACTACTCTTCTTTGGCTCACTAGTTTCTGCGCTATTTTTGGAATATCGATTGCTCTTTTCAGTCATCCCATCGCTATGGCATTTTCAAACGACTCTTTAGAAGTTTCAAAGCTCGCCTCAAAAGCACTTTTATTAAATGGGCTTATCTTCATTGGTTTCGGATTTCAATGTACCTATTCGCAGGCGTTTCTGGCGCTAGGGAGAGGTAAGGAAAGTTTTATACTGAATATATCTCGACAAGGAATATTTTTCTTCCCAGCAATGTATTTTTTATCTAAATACTTTGGGATCAAAGGTATTTTTTGGGCTCAACCTATAGCTGATATTTGCACGATTATCCAAACGTTATTTTTAGTTCTTCGAGCAAATAAAACACTGCACTTTTGACAATAAGGGGGAGGAAGTTTATGCCGCAAGTTTTAAAAGAAGAAATTCGTGAACGAATTTTTTACGCAGCAGAGGAAGTTTTTTATGAAAAAGACTTTCGAAGTGCAAAAATGCAAGACATTGCGAATCGTGCAGGGATTCCGGTAGGACTTATCTACTCCTATTATAAAAACAAAGAAGACCTGTTCAATGATGTAGTTGAACCTGTATATTTTGCTTTTCATCAAGCAATTAAAGAAGAAGAATCGTCTCTACATGGATTTACTTCGAAAAGTTCTCAAGATGCTGGAGTAATATATATGAACAACCTTTTTGCAAATCATAAAAAACTTGTAATTTTAGTGGACAAGGGCTCTGGGACAAAGCACGCACACGCAAAAGATGAGCTTGTTCATATTCTTGAACTTCATATTCGGAAAGCGCTAGATTCAAAAACAATCAGACACTATGACAACATGCTTATTCACATTCTAGCATCCAATTTTACGGAAAGTTTGCTGGAAATTGCACGCCATTACAAAAATGATCAATGGGCTCAAGAGATGTTTGCTTTAGTTAATCAGTGTTATTTCAAGGGAGTTGACTCTTTGTGAAAAAGCAGAGCGGCTTCAAAAGAAGCCGCTCTGAATATTTATAGAATTATTTGTAAGCGCTTACTCCCACTCTATAGTGGAGGGTGGCTTACTGGTAACATCAAGGACAACCCTGTTAATTCCCTTAACAGCATTACAAATTCTCCGAGACGTTCTATCTAATACATCGTAAGGAACACGCACCCAATCAGCAGTCATTCCATCTGCAGATTCAACTGCACGAAGAGCAACCACTTCAGCGTAGGTTCTTGAATCTCCCATAACTCCTACGGTCT
CP133089.1_gap47	1523096	1526769	3673	AAACAGTTGGGCTGCCTTCTTCCATAACGCTCTGAGGTCCACCAGATATAATAACGCCACGAGGCTGACGTTGACGAATATCGTCAACAGAGGTATCCCAAGGCAATATTTCGCTATGCACCTTCAGTTCCCTTATTCTTCTAGCTATCAGCTGTGTGAACTGAGAGCCACAATCAAGAATCACTATATTATCCATTTACATTCCTCCGAAAAAGAGCAAAATTCTCAAGGTAAATTCGTACTTCAATTATATTACCAGAAAGAGAAAAGAGGGAAAAGAAAAGCCTCCACTTTCGTGGAGGCTTTTCTTCATATTTATATTTTGTCGATTGCTGATATTCCTAATACATGCCTTCCATTCCGCCCATGCCACCCGGGCCACCCGGCATTGGAGTAGCACTCTTAGGTTCTGGTTTGTCAGCAACAATAGCTTCAGTGGTCAGAACCATAGCTGCAATGGAACCAGCATTCTGCAATGCGCTGCGTGTAACCTTTACAGGATCAATAATTCCGGCCTCAATCATGTCAACATATTCGCCGGTAGCAGCATTTAGACCATTACCAGTCTTCAAGCCGCGAACTTTCTCAACAATGACATCGCCCTGATATCCAGCATTCTGAGCAATAAGATGCAACGGAGCTGTAAGGGAACTCAACACAATTGTACCGCCAGTTTTCACATCGCCGGCAAAATCCTCAAGATATGTCTCAAGGGAAGCAAGGCAGTTGATTATAGCAACACCGCCACCTGCAACGATTCCTTCCTCAACAGCAGCTCTTGTAGCGTTAAGAGCATCTTCAATACGATGTTTGAGCTCTTTCTGCTCTGTCTCAGTAGCAGAACCAACCTGAATGACAGCTACGCCGCCAACAAGCTTAGCAAGGCGCTCCTGAAGTTTCTCTTTGTCATAATCGGAAGTAGAATCTTCAAGCTCTCGTTTGATCTGAGCAGCTCTCTTACGAATTTCGTCTGGGTTGCCTGCACCCTCAACGATAGTTGTCTCTTCTTTTGTAATGCGAACTTTTTTGGCTTTTCCGAGCATGGAGATATCTGCACTATCAAGTTTGATGCCGATATCTTCACTAACAACCTGACCGCCGGTTACAATGGCGATATCGTTAAGCATTGCCTTACGACGCTCACCAAATCCTGGGGCTTTAACGGCTGCAACCTGCATTACGCCTCTCAGTTTGTTAACTACGAGAGTTGCCAAAGCTTCTCCCTCGATGTCCTCAGCAATGATCAAGAGAGGTTTACCTGTCTGAACAACTTTTTCGAGAATAGGAAGAAGGTCTTTGATATTGCTGATCTTGCCATCGTGAATAAGAATATAGGCATCATCAAATGCTGTTTCCATTCTCTCAGGATCAGTTACCATATAAGGGCTGATATATCCTTTATCAAACTGAAGTCCTTCGACCATTTCGAGAGTGGTTCCTACGGTCTGGCTATCTTCTACTGTGATAACTCCATCCTGCCCCACTTTATCCATAGCTTCAGCGATAAGCTGACCAATAGCAGAATCATTGGCGGAAATAGAAGCTACCTGAGCAATTTTGTCTTTATTTTTAACGGGAATAGCCATCTTTTTCAGCTCATCCACGACGAAATCGATAGCTTTGTCAATTCCCTGGCGCATAAGCATACCGTTAGCACCAGCCGCAACGTTTTTCATACCTTCACGGATAATTGCGCGAGCCAAAACTGTAGCTGTTGTGGTACCATCTCCAGCTACATCATTTGTCTTGGAAGCAACTTCTTTTACAAGCTGAGCTCCTGTATTTTCAAAAGGATCTTCCAATTCGATTTCTTTCGCAATGGTAACACCGTCGTTGGTAATTGTGGGAGATCCAAATTTTTTCTCAAGAACAACATTACGTCCTTTAGGACCAAGTGTTACACCAACAGTATCAGCTACTTTATCAATACCACGCAGCATTGCATGGCGTGCTTCTTCACTAAAAGTAAGGATCTTCGGCATTTTTATTTTCCCCCTTAATAGAGATCTCGTTCTCGACTCTTACTTCTCAACGATAGCGAGTACATCGCGCTCGCTGAAAATGACAAATTCGTCTCCGTCAAGCTTTACTTCAGTTCCAGCATATTTACTAAAAATAATGCGATCGCCGACTTTAACTTCAAGAGGAAGCTTCTGTCCGTTTTCAAGAACCTTACCGGTTCCCACTGCAATAACTTCTCCCTCCTGGGGTTTTTCTTTTGCAGTGTCTGGAAGAACAATGCCTCCCTTTGTTTTCTCTTCCTGATTGATGACCTTAACGACAAGACGATCACCAAGTGGCTTTAAATTCATTCGAGAATCCCTCCCTAAAAGATAAATATCTCTTTTAACATATTAGCACTCAATGTCATCGAGTGCTAACCGAACGGCTTAGATATTAATTGTCCTGCTTTTGAATCTCAAGGATGGTTAAATGTAATTAGCTGAATTTATTCTTGATAATCCATCATTTCCTCGTTATTTCTCCTATATTCTTACTTTTAAATTCTTTTAAAATACTAAACCAGTGTCCATGAGGGGTTAGGCGCTAACAAAAGATCTGATATATCCCCTTTTTGATATCTATTGAAGGCAGCTGCTGCAATCATTACAGCATTGTCAGTGCAACGAATTGCTGGAGGAATAAAAACCATCCAATCCTTTTTTTTCATCAGAGCCTCTCTCAATCCTCTATTAGCTGCAACGCCACCAGAGATAGCAACTTTCCGAATACCTGTAACTTCGACCGCCCTTTCTAGCTTGGTCATAAGGGCTTCCACTGCAGCTTTTTGAAATGAAGCGCATAAATTTGCCACTGGGAGTTCGACTTTCTTCTCTTTCAAATCATTCACAGCCCACAACACCGCTGTTTTCAAACCACTAAAACTAAAAGCAATTTCATTACTGGATTTTAACGGGACAGGAAAAGAAAAGGCTTTAGGATCGCCTTCGTGAGCGAGTGAATCGATCACTGGCCCCCCAGGATATCCCAAATCCAATAGTTTGGCCACCTTGTCGTAAGCTTCCCCCGCAGCATCATCACGAGTAGCACCTAAAAGACTGTATCTGCCAAAATCTTCTACCAAAACTATCTCTGTATGTCCTCCTGAAACAATAAGACAGATAAAAGGTGGAACTAGGTCAGGAGATGCTACAACGTTTGCAAAAAGATGTCCCTCAAGATGGTTAACGCCAAGAAGGGGCAACTTCCATGTCTGAGCCATAGCCTTTGCAGTCATAACCCCTACCATCAAAGACCCCATCAAGCCGGGACCTGCTGTGACTGCAACAAGAGAAAGCTCTTGAGCCGGTTTAGTTATGCCGGCATCGCCTAATGCTTTATGAACAAGAGGCAAAATAGCCTCCAGGTGCTTTCTCGACGCAAATTCAGGCACAACCCCCCCAAAAGGGGCATGATCTTTAATCTGGCTCGATATTAAATCAGCCTTTACGTTCCGCTGTCCTTCCAATATAGCAACAGCAGTATCATCACAACTACTTTCTATTCCTAATGTTAAAAAGCTTTTTTTCACCTATTGTCACCTCTTTGGTACATTGAAAACCCCGGTGTATTGCTCATATGAGAGTTCTACATTTCGTCCTTTAATCACATATTTAGATGGAACCGAAAAAGCTAACGTTCCAATTGTGTCGGGAGGCAAATCACCCATAGC
CP133089.1_gap48	1529142	1533283	4141	CATAGGAATACAACCATCAAACCAAGATCTAGGGGCTCCTATATCAAACGAAGTAAAAAAGGCCGCTCAAGAGCTTCTCGTAATACTTGGAAAAGAAGATTTTGAAAGTATACCCCTACTTCACCATGAAAACCTGTCACCCAAATAAAATTTTCTTGCAACATCACTCTGGGCAACTTCATCGGGGGAGCCTTCTATTACTATTTCTCCCTGATGTATAAGATAGGTTCGATCTGTAATAGCCAAGGTGTCACGAACATTATGATCCGTAAGCAAAATACCGTATCCCTTAGCTCGAAGACTCAATATAATCTGCTGAATATCGTAAACAGCAATAGGATCTATGCCGCTAAAGGGCTCATCAAGCAATATAAAATCCGGCATTATGGAAAGGCACCTGGCTATTTCGACTCGACGCCGTTCTCCACCACTGAGAGCATACCCAGGAATATTAGCTAAATTAGTCAGGCCAAATTCTTCCAGTATGTGGGAAACCATCATATCCATTTCTTTCTTACTCTTTCCCTGTTCTTGGAAAATAACTTCTATATTTTCTTTTACTGTAAGATTTCTGAAAACAGAGGCCTCTTGAGGAAGATATCCCACACCTATACGCGCTCGTCTGAACATGGGGAAGGGTGTAATGTCTCTTGAATCAATCATCACTCGACCTGAGTCAGGTTTAATAAGACCTACAATCATATAAAAAGTGGTCGTCTTTCCTGCACCATTAGGACCAAGGAGCCCCACAATTTCACCCATATGAACATCAATATTCACAGATGAAACTACAGTGCGCCCTTTATAGGCCTTACAAACATTACGGGCCTTAAGAATCTTTGCGCTCATCTTCTGAGTTTCCTTTCTTATCCTGCATCTGAATTGTAACTTGGGGTTTTCCTGATGCAGACATCTTTCCTGACTTCGGAGAGTAAAGTATTTCTTCTGCTCTTAGCGTACGTTCCGGCTGTACCGCGAGAGCATTGCCTCGCACTTTTACCAGATCCTGAGCTTGGGAATAAACAGCGTTAGAACCTGTAATACGAGTTTTTTGTCCATCAGTTCCAGTTATGATAATTACAACATTTCCAGAAGCTTGAATATCCGATGTTTCCCCATTCTTGATTTTTCCTTTTATTGAAGAAGCTGAAAGAAACATTTTCTGCTGACTGTCCTCAAATTTTTTTACTTTTTCTGCTTCAAAAGCAGTTTTACTCACTTTCAGCTCCTGAGCCTCTACAGAACGCGGCCCAATATACCCAGATACGCCTCCTAACAAGGAATACCAACCATTTTCAGAAAGGTCGCCTTCCAAAGTCGTACTCTTAAGATCTACAGGTTCTTGTTCCCATTTTCCAGTAATATGAACTCCACCTAATAGAGTCACGTGGCGATTATCAAGATTTCCCTTTCCAGTAGGAGCCATAATAAGCAAATCAACTCTCTGTATGCGAACGTTGCCATCAGCAGTAAAATCACCTGTTCTAGAGTGATACACCATGCTATCTGCCGTTACATGGGCCTCTACCGCCCATAAAGTACCTGCACAGATACAAAGCAAGGCCAAAATAGTTAAAATTTTTACATGCCTGAGGCTTTTTTTCATATACCTTACACCGTCCCCGTAAAAGATACGACGTAAAAACGCCGCAGTTATTCTACATTATATCTGCTATTGGAAGAAGCTCTCTATTAGGACTTCTTCTTTTCTTGAAATTTCCACTCTAAAGCCTCTATGGCATCGTCAACAGTAGAAGATGAAACAACGCATGTCACAGCACTTTCCGTTGCTAAAATCATATCAATATTTATGCCTTTATGAGCGAGAGCAGAAAAAACCTTTGAAGGAAGTTTTATATCAGTTCCATCAATCAAAACAGATACCTTCGCGATCTCAGAATCAAAGGTTACCCCCTGCGCTCCAATTTCCATAGACACAGCTCGGCAAACACGTATTGCTCCCTCTATTCCACTCTTTTGAACTAGAAAAGCAATATCATTAACTTGTCCTCTCATAACGCTCTGAACAATCATTTCCACTCTGATTTCAGCATCGGCAAGGGCAGAAAACAAAGAAGCAGCTATACCTGGAATATCTGGAACCCCCAACAGGGCAACTTTGGCCACATCTAAGCTTTTCTGAATCTGACTGTTAGTTTTCTTTTTGGCAGTTATTTTAAAAACCTCCCCTCAAAAGTGTAGATTTAAAGCACGCTTAAGCCTTCACGCTCTTCACTAAGAACAAAAAAACGGGAGCGAATACCGTATCGTGAAAAGATGGAGCACATATGTCTGGCAACGTCTCCTGCAACTTCTTCTGTAAAGGCTATCATACTTGGGCCAGATCCGCTAATGGCAACTCCGAGACAACCGGGAGCATTAGAAAGTTCGTTAAGTATATCTTCTCCACCAGGAAAAAGGCGAGCTCGAAAAGGCTGATGTAACCGATCCCCCATAGCCCAAGGTAAATTGTTCCAATTGCCGGTACTCCACGAAGCAGCAAGAAGGGCTGCTCGGCTTATATTATAAACAGCATCTTTCAAAAATACTTTTTCGGGAAGGGCATCTCTGGCACTTTGTGTACTTACGCGCACATCAGGAACAGCGACAACAGCAAATATGTTTTCAGGTAAGGGGGGCAATTTAACAAACCTGACATTTTCTTCATCAATGCCGCTCACAACCATACCTCCCATACAACAAGGAACGACATTATCCGGATGTCCTTCAAGCTGAACCATTAACGGCAATAATTCTTCTTTAGGAAGAGGAGCTTCTCTCAACACATTAGCAATAGCTATACCAGCGACAATCGCTGTGGAAGAACTTCCCAATCCTCTAGCCATAGGAATAGCATTTAAAGAACACAGGTCAAGGCCAGGTGGATCTATTCCCCATTTTTTACAGGCATACTCATAACTCTGGACAAGGGCATTGTTATCTTGGCATAACTCTCCGCTACCTTCCCCTATTACTTCAATGTTATATGAGCCTGATTTTAAAAAACCTTTAACATCGAAAAAGTTGTATAGCGTTAATGCCAACCCTAACGTATCAAATCCAGATCCTAAATTAGCACTTGAAGCCGGAACTTTTACTCTAAAAAGCCTCATAGTCCTAAAACTCCCCCCAACGCTTCAATTGTGCCATCGACAGCAATAGGATCAGGCAATCCCTTGAGAGGAGCATCGGGGTCCTTTAAACCATTTCCAGTGAGGATAAGAACAATGCGCAATCCCTGCGGTAGTTTTCCACTCCTCTTCAATTTGAGAAGAAACGCAAGAGGAGCACACGAAGCGGGTTCTGCAAAGACACCATCATGAGAAGCAAGTTCACGTTGAGCCTCAAGAATTTCTTCGTCAGAAACAGAAGCAAATTGGCCACAACTCATTTGAATGGCCTTAATAGCTTTTTCAGCATTTACGGGGTTACCGATTCGAATAGCAGTAGCAACTGTCTCTGGATTCTCCACAGTATATCCACGAACAAGAGGTGCAGCTCCCTCTGCCTGCACCCCCATCAAACGAGGCATAGTATTTATTTTTCCTATCTCTTTGTAGTATTCCAACCCTGCAGCGTAAGCACTAATATTTCCAGCATTTCCAACAGGTAAAACGATCCAATCGGGAGCCACCGACAATTCGTCGCAGATTTCCCAAGCGGCAGAACGTTGCCCCCAAAGGCGATAAGGGTTAAGAGAATTGACAAGGGTAACTTTTTTAGATGAGGCAAGTTCTCTCGCCAAACGTAGAGCTTCATCGAAATTTCCTCGTACAGCAACAACCTTTGCACCGTAAATCAGAGCCTGCGTTAGCTTCCCTAAAGCTACTTTTCCCTCTGGCAATAAGACAAAACATGAGAGTCCCGCAGATGCTGCGTAAGCAGCTGCAGAAGCAGAAGTATTTCCAGTAGAGGCACATATAACGGCATTCGACTTTTCTTCAAGAGCTTTAGCCACAGCCATAACCATACCTCTATCTTTAAAGGAACCACTTGGATTAAGGCCATCAAACTTAGCCCAAAGAGTGACGTCCAACTCACGACTCAAGTTTTTTAAAGGAATAAGAGGAGTATCCCCTTCAAGCAACGTTATACGTGGTGTTACCTGAGTTAGAGGTAGATCCTTCTCGTATCTATATAG
CP133089.1_gap49	1543504	1546233	2729	GCTGATGCCATAATCCTCAGCCATTTAGGAAGAGCAAAAGAAGACTCTAAATTTTGTGTTTTCATAACTTACCCCCGTTAAGGAATACGTATTTCATCAAGAGCTTCACTCTCGTTTGATATTTCTACCCCTTTTTTAAGGTTAAGCAATTCTTCATTGATATATTCTGCCTCTAGGTCTTTTTGAACTTGTTCCTTGACTTGCTCATATGGCAAAAGAGCTCCGCCTTTTTCCTCAAGCAATTGAATGATGTGAAATCCGTACTCCGCTTTTATCGGCTCACTAAAATCCGTTACTTTCATCCTCTTAACAACATTAAAGACTTCAGGAAGTTCGCTTTCTTTAATCCATCCCATATCACCGCCATCACGCGCCGTAGAAAAATCCAAGCTAAGCTGAGTGGCAAGTTTTTCGAAGGGAATTCCTGTTAAAAGACGAAGCAAGACAGAGTGAGCTTCAGCCATATTTCCGACAAGTATATGGCGAATATGGTATTGTTTTTCTTGCGTGTATAATTCCGAGTGGTTTTTATAAAAAAGTTTGGACGTTTTCTCGCTAAGATCCCAATTTTTAGAAAGAGATTCAACGTATGCATCTGCTAATACGTTTAAACGTGTCCATCTTAGACGAGCTGCGACATCAGCGTTGAACTGTAACCCTTTAAGTTGGGCTCCTCGCGCTAAAAGCAGCATATTCGTAACGCCATCAAGAAGCTCATTTTGTTCATCATTGCTCATCCGCTGAACTATCAATGCAGCTAAAGCTCTGTCAACTCCTGTGTGCTCTTGTATCAGAAAGAGAATGTCATCATTGCTAACTGTTTCAATTCCAACACGAACTGGTTCTTTAAACTCTTTGGCTTCAATCACTGATGGAAAAGTTATAGCTGTTACAATGCAACAAAGAATAGGAATAATAACTTTTTTAATACTTGTGGGCATTACAAAGTGCCTCCTTTACCGCCTTGCGTCTGAATGATTACCATCTGGAGCTGAAGGATAAGGAATAGGAACATACTGAACAGAAGGACGTCCTAGCCCTGATTGAGGATACAGCTTCATAATATTACAAATTTGAGAAGAAAGATCTGTATTCACCGGCAATCCTAGAGACACCGCTTCTTCCGCAGTTATAGGGTAATCGTGTGTCCATCGACCTTCAGTTAATACTGTAGCCAGTTCTATTGCCTTTTCTTCTCCCATTTTATCTTTTAAAAGGTTATATACAAAAGAACGTGTTTGTTTCACGGCTTTCCTGCTCACGTCAGCAAGTATTAGAGTTGTATCATCAATTTCAGAGACTGGTTTCTCTTCAACAGCTCTTAATATAGAAGCTGCGGGATATTGCCCTATTTGAGGATCCACCGGGCCGAGTACTGCATGTTTATCCATAAGAATTTCATCAGCTGCAAGAGCAATGAGAGTTCCCCCAGACATTGCATAGTGAGGAACAACAACTGTAACTTTTGCCGGATGTTTGTTCAATGCATAAGCTATTTGTTCTGCAGCAAGCAATAAACCTCCCGGAGTATGAATAATGAGATCTATGGGTGTCCCCTCTGAAGTAAGACGAATGGCTCGAAGCACTTCTTCAGAATCCTCTATGTTTATGAAGTTCCGAGAAAACATTCCAAAAAAACCGATGCTCTCTTGTCGATGAATAAGCGTAATGATTCTACTTTTACGACGTTTTTCGCACGTTCTAAGTGCCGTAATTCTTCTCCAATGTAACAATTGCTGCTTGAGTTGGGGATAGATGAAAAAGAAGACAAAGAATAGAAACCATATATTAGATCCTTCCATGAGGCACCTCCTTCATTAAATTCAGGGGGATAGTGCCTTTTATTGTACATGGCAGAACTCTCTCTGTCATCATAAAAAAAGGCGGCTTTAAACTGCCGCCTTTTTTTCTTTCTTTTGTTTTTTGGGAGTCTTTCTACTTTTGACCGTAATCTCTCCGTTACTCAAACCGATAAAAACCTGACTCCCCCGTTTAACTTTTCCTTCAAGAAGAAGATCAGCTAATCGGTCCTCAATAAGCTGTTGTATTTTACGGCGCAAAGGTCTGGCTCCAAACTTAGGGTTGTAACCCTTTTCAAGAATAAACCCCTTCGCCTCTTCACTTACATTGATATCGATATCGTGGACTAACAGTCTCTTTTTAATCTCATTTAACATAATATCGACTATAGACAACATTTCTTTTTTGTTCAAAGGTCTGAAGACAACCATTTCATCAATACGATTTATAAATTCTGGTCTAAATGTTTTCTGAACAGCATCTAAAATATATGATTTTGTTTTGCTCCAATCAAAATAGCCGTCTGTCTCTTCAGTTACAGAAAAGCCCAGAGACGTACCTTTTGCTAGTTCCTTAGCTCCAACATTACTTGTCATAATAATGACAGCATTTCTGAAATCTACTGTATGTCCCTGACCATCTGTAAGTCGCCCATCTTCAAGAATCTGAAGTAAGGTATTAAAAATGTCTTCATGAGCTTTTTCTATTTCGTCGAAAAGGACAACTGAGTATGGACGACGCCTTATCGCTTCTGTTAGTTTTCCACCTTCATCGTAGCCCACATAGCCAGGAGGAGCTCCTATAAGTTTACCAACCTCATGGCGTTCCATAAATTCACTCATGTCCAAGCGAATCATGGCTTCTTCACTTCCAAAAAGAAACTCGGCCAATCTTCTGGCTAACTCCGTCTTTCCGACACCAGTGGGACC
CP133089.1_gap50	1713122	1715912	2790	GCAAGCAATATTTGCGATGATTTCAATGCAATAGGGGAGGTATGAGTATCTGTTATAGAAATTACATTACAACCTTTGGAAAAGAAATGATTTACCACTTTATATGTAGTTTTCGTATAGCGAGTATAGCTCACGGCAATAAGACAGTCCGTCTTTTCAACATAGAGTAAATGATTAGAAAGATCGCCTACTCCATTAATAAGACAAACATTATCGAGAAATCTTTGAAGCATAAAATAGAGGTAGTACCCAACAGAATATGAAGAACGGGAAGCGATAATATATATTTTTCGCGCTTTCTGTATTTTTTGAATTGCAATTTCGAAGCTCTTCTCTAAATTTTCGTTGTATAGCGTATCAAGAGCATACGCATTATTTTTTATAGTCTGCATTAGAAAACTTCCGTTGGAATCTTCCTGTATTAAACTTTTCAAAGAATGAAAGGGCGTTATATCCTTCTGCACTAATTGACTTAAACTTCTTTGGAAATCAGCATACCCTGCAAAAGATATTTCTCGTGTAAAACGAGTGATACTGGCAATACTGACACCAGCTCGATCTCCTAGTTCGTTTATAGAAAGAAAGGGTAAGTCATGAATGTTCGCTTGAATGTAATTTGCAAGTTTTTTATGGGTTTTTGAAAGTGATTCATAACGTTCTTCTATGAGCTTTAGTACATTTTTATTCATTTCTTAACATCCCTTTCTTTGTTGGATAGAGAGATTTTCTGAACTTGAAGGAACTAAAGTTTTTAAAAATGAAAATAAATTATCGTTTTTTGATGTAAAAAATAATTTCTTTTCATTTTAGCACCTATTGTATGACAGTCAATATATTCAATGAATAAATAATCTTTAATCAAAAAGAAAGGAACCTGCTTTCACAGGTTCCTTTAACGGCAACAATATTCATATATTCGTTATTTTATTCAACAAACACTATTCCGACGCCCGTAGCTTCTCTTTAAATATAAGGAAATAAAAAACAGCGACAAAAAGAACACCACCAACGATATTTCCTAATGTTACGGGAATAAGGTTTTTAAAATAGCCGCCTAGAGAAATAGCATGTAACTGAGCTTCCGTAAGATGTGCAGCTGCCACTAAAGACGGCATTCCTTTTAAAAGAAGCCCCATTCCCATAAAGTACATATTTGCAATAGAGTGTTCAAAACCTGAGGCTACAAAAGCCATTATAGGAAAGAAAATAGCCCATATTTTGCCAGTGACATCCGTTGCTGCCATGCTTAACCATACAGCAAGCACAACAAGCCAATTACAAAGTACTCCCCTGAAAAAAGCCTGTCCGAAAGGCAAACTCATCTTCCCAGCTGCAATAGAAAGTGTTTTGGCCCCAATGGGGCCATTCCATAAGCCTGTGCTATAGATAAGAAAAGCTACAAGTGTGCCCCCTATAAAATTCGCAACGTAAACCCAAAACCAAGCGCGCAGAATACTCTTCATAGGTGTACATCCAACCATGGCACCCAGAGGCATCATACAGTTCCCGGTAAAAAGTTCTCCTCCGCCAATAACTACCAGAATAAGGCCGACTGAAAAGACAAATCCTGCCATAAATTTCCCCATCCCACCAGGGATATCATAGGTTACACATGTCATGAGCCAACCGCCAAAGCCAATATATGCTCCGGCTAGTATTCCAAGTAAGAGCATTTGCCTGATGCTCCATGATATTTTTGTTTGTGATGTCGAACAAGCCATTTTCGCCAATTCAAAGGGCGACTTGTAGTTCATACTGTATCACTCCTCCAGAAAACCTAAAGATCAATGCTGACGTAAGGTTTCTATACTCTCTTTAAAATACTCTTGAAGCCAGCGCGCTATTGATGGATTCTGTACCTCTCTTATATCCCCCAAGACATTATTTAGTTCAAAACTATCAAAAGTAAAATTTCTACCATTGAGATTGTGGCGATAGATCAGCTGTACTTCGGGATATGCAATGAGGAGGGAGATCAAAGATGCTGGAATATTGCCGAGCGGTGGAAGATCTATATGGTCATAGCGAAAACTGGCCCGCACCCAGGTGCCCTTTCCGGGAGCAGACTCTATAACCAATTTTCCATCACATAATTCGGCTAATTGTTTTAAAAAAGGTAGACCCAGCCCAACCCTGCGCGTTGTGCGGCTTGTATAAAAAGGATCTGTTACAACACGCAAAACCTCTTGATTCATTCCTCTTCCATTATCTTTTACCTCGAAAAGAAACCATCCCCCCTTACGATCTTCTGTTATGCGTATATCAACCCATGTAGCTCCCGCATTAATGCTGTTTTCCGCTATGTCTAATACGTGTTGAGAAAAATCTTCTAACACGGCGCCACCCCTCCATTTTTTATTTTAGGGGAAGGTAGACGTTTGACCTCAGCATATCTAAAACAGTTGTGTCAAAGGATTCAGCGTCAAGAGCATCGACGTCATACCCCATGTCCTGCGTTGCCTTCTCATAGAAAGAAGTGATTCCAAGGGAATCCATAAGTACAAGGAAATTTTCTTTATCTTCTTCAAGGAAGCGGCCTGTAAGCATTCCAAAAAGAATAGTCGCAGAAGCAAGCCAATTGGCAAGTTCTTGTGAAATTGTCCAGGCGTCTTCGAAGAGTATAGAAAAATTGTAATCTTCTTCCTGCTGTTCATCAATAGAATCAAGGTCAGGCTCAGGAACGTAACCCAATATATAAAGAGGAATATCTGGTCCGACTTTAAATGCATCCCAAAGAGCTTTATACGAAGCGTTATCTGCACCTGAAAGCATAAAAGTAGCTATGGCAAT
CP133089.1_gap51	1864456	1865172	716	CATAAAAAATATATTATTTTGGGGCTTTCTTGTTAGTTTTATACAGAGAGAGTAACCCATTTTCCAAATGAAACTTTTTTATAATATTTACTGAGATAAATGAAACTTTCTACTAACATATTAGGAAAGCTAGCAAGACCAAAGAGTGATGGAGCATGATCAATAATAACAACCACTCCATATGGTGATATCTGGTAAGTCAAATCCATGATTTCCTCCTAAAACAGTTACCACATTACTCAACGCTCTCTTCCTTGCTTGCCTTTCTACAAAATTTAAATATTTTCTATTCGTATCAACTGCATACACTCTGCCATCTTCACCAACATTTGACTAGATTTGTATACTTGACTCTATTATCGATAATCTATAATATGATTAAATCAGAATATTTAAACAGGAGGTGTCTCTATGAGCAACGTATGGAATTCACAAGTAAGGTTTCGGCTAGTTCAATTCTATCTATTGGTATTGTTTGCTCTTCCTCTCTTATTCTGCAGTAAAACGGCTTATGCCACCTACCCAACGACAGAAAATCCAACACCTAATCTCAATCGAATAATAAAATCTGGCGTTCTTAAAGTAGGTACAATTCCAGACTACATCCCTTTTCAAATGGTACACAAAGATGGAGAGCTTTTTGGTTACAATATTGAACTCATGAAAAACATTGCTCAAGAACTAGGCGTAAAGTTAGAAATAAAGCAACCTGCATT
CP133089.1_gap52	1981955	1985248	3293	GAAAAAAGGAATTGCCATAAGAGAAAAGATATCCATTCCTCCATAAAACTGCTGCGCTATTACTCGCAATAATGAATAATCACCAAGCAAGACTATTCCTAAAAACGAGGTCGTTAAAAGGGATAGATAAAGAGGAATGCCAAAAATCATCATGGCAAAAAAAACAATAAGCATAATAAAAACCATTACAACCGCTCCTCCTGCTTAAAGAAAGATCGAACAAATAGAAGAATGACTTCCGATAACAACAATGCAAAACCCACAGGAACAGAGAGAAGAGGAATTGTCTTAGGTATATTGAGAGCCAGAGTCTTCATCTTCCACATATTCAAGGCATTGACAGTTCCCAAATAGGTAACAAGAGAAAGAATCCCAACGGTGATAAAGAATTTTATCCAGAGAATACACCTTTGGATATGTCGAGAAAGCTTTGGCGTTACAAAGTCTATAACCATATGATCGCCATGACAAAGGGCTCCAGTCGCTCCCAACATTACAAGCCATACAAGGGAAAAACGAGCTACTTCTTCAGTCCATACAATAGAGCTTTTCAAGACATAACGCATAAAAATTCCTAACAAAATATCGGCGACATTAATAACGAGAAGCGCCCCAGCACTCCAGGCGCTGAGACGCTCAAAGAAATATATTAACTGATTCAGAGAAACAGCGGCTTTCGACCTTTCTCTCATATCATCAACCTTCAATTCCATTCATTATTTACTTGCTGCTGCATTGGCATTCTTGGCACATTCTAAAGCCAGGTCAAGCCACTCCTTGCTTACTTTAGTTTTCAACCACTCATGATAAGCTGGTAAAGCTTTTTCACGAAATGCGTTCATCTCTTCCTCATTTGGCGTATAAACCTGCATTCCATGATCTGAAAGGAATTGAACATCCTTTGAATCTTGTGCCTCAACAGCCTCTCTATTCATGGCATTTGCCTTTTTTGCAGCTTCTAGAACAATATGCTGATTTTCTTCTGACAAAGAATCAAAAAGATCACCATTAATAACAAGGAATTGATCAGAATACTGAATATTAGCTAATGTAAGGTGCTTCTGCACTTCGTACAAACTTCCCATTTTTATGTACATGGCGGGGTTCATCTGACCATCAACAACTCCTGTTTTTAAAGCCATATAGAGCTCCGTCCATGGGATGGGCGTTCCACTGGCACCGAAAGCTTTGTAGAGAGTGATCTGGCCTTCGTCCATTCCCCGAAACTTCAATCCTTCAAAATCCTGAGGAGAGCGAATTCCTCTCTTTGAATTAGTAAAAGCTAGGAATCCCCCTTCTTCTATAGCTTCAAGCAAAACAGCACCTGTTCTTTTTTTGAATTCCTCTTGTGCCTGTTTCCAAAAGCGACTCTGATCAAAAAAGATATGGGCAGCTTTATAAGAATTGAACATAAAGGGAACAGCGGTGGCATATATTTCGGGGAAGAGGGGTGCTATCCCTCCAAAAGAAGCGATATTGATGATTGGCTGGTTCATTCCCTCTCGAGCAAGAAGCTCCATTCGCTCTTCTTCGTTACCTAACTGGCTATCAGGATAAAGAGAAATCTTAAGTGATCCAGCGCTCTCTTCTTCAACCATTTTTTTAAAGTTTGTGGCAAATAAGTGTACTGCATTATTCTCTATGTCTGCAGGGCCGTTGTATGACATTTTTATTTCCTGAGCCCATGCCGGCAAAGAAAGACAAAGAATCAAAAGACAAACAGCAATAACGTGAAGAAATTTCACCTTCCCACGCAACATTCTTATCACTCTCCCCATAAATTGTCGTTTCTTTTCCAAATAATTGTACATTTAAAAGATAGGTCCTTCAACTATTCGCGAATCTGTCCATCACCATAGATAATAAATTTCGTTGAGGTTAGTTGCTCTACGCCCATAGGACCTCTCGCATGAAGTTTTTGTGTGCTAATGCCAATTTCTGCTCCGAAACCAAAAACTCCGCCATCAGTAAAGCGCGTCGAGGCATTGACATACACGGCAGCAGAATCAACTGCTCCCAGAAATTTCTGCGCATTGCTATAACTTTCGGTCAAAATGGCATCGCTATGTCCAGTACCATATGTTGCAATATGCTCAATAGCTTCATCAATACTTTCCACAACCTTTACAGCAAGAATAAGGTCGTTATACTCTGTCGCCCAATCCTCCTCTGTTGCGGAAATTGCACGCGAGTCTAGTTTGCATATAGCCTCATCCCCCCGTATTTCCACATTCTTCTCGTGGAGAGCTGCCGCAACTAGGGGAACAAAACGAGATGCAACATTGGCATGGATCAGCAAGGTTTCTACTGTATTACATGTAGATGGACGCTGGGTCTTCGCATTTATAACAATGGGGATAGCTTTCTCAAAATCAGCTGTTTCATCAATAAAAATATGACAATTGCCCATACCCGTCATAATAAAGGGGACCGTCGCATTTTCCTGCACAACTTTCTTTAAGCCTTTTCCACCACGTGGGATAAGCACGTCAAGATATTCATTCAATCGCATCAATTCCATTGTCGCTTCTCGATCAGGACTATCTATAAGATTAATAGCTCCTTGCGGAATTCCAGCCTTTACGGCAGCATCAGATATTATCTGAGCAATAATTCTGTTCGAATGAAGAGCCTCTTTTCCCCCGCGAAGAATCACACTGTTGCCAGCCTTAAGACAAAGCCCTGCAGCATCCGCCGTTACATTGGGACGAGATTCATAGATTATGCCTATCACCCCCAAAGGAACACGAACCCGACCTACACGAATTCCACTCTGTGCTGTCCACATCCCCAAGACTTCACCTATCGGGTCATGGAAGGCCGCTATTTCTTCAAGCCCCACAGCCATGGCTTCCACGCGCTTTTCATTGAGTGTTAGACGTTCGAGAAGAGCATAAGAAAGCCCAGCTTGACGCCCCTCTTCCAAATCCTTCTTATTTGCACATAATATCTCGCTGCAATGATCTCGAAGGGCTCCAGCCATGGCACATAATGCTTTATTTTTTTCTTCAGATGAAGCTGTTGCCAAAAAACGGGATGCTTTTTTAGCCTTTTTACCCATATCCCGAACATATTCAGACATCTTCTTCAATACTATTCCTCCTCCACTCTAGATCAAAGCTAAATTATTACGATGAACAATCTCGTCATAATCGGTATTTCCAAGAAGAGCTTCTATTTCATCAGTATGATGGCCGGCAATAATAGCAATTTCATCGGAGGAAAAATTAACCATTCCCCGAGCTATTTCCACTTTGCTACCATCAAAAATTGATACGACTTCACCTCGCGAA
CP133089.1_gap53	2016638	2020504	3866	ACAACTGGTTATAGCAACTGTGACTTTAGCTATGACATTCCCTTGTATTGCTACATTCATTGTTTTATGGAAAGAGCTCGGCGGCAAAAAACTCGCTGCAAGTTTAGCTATTATGATTCTCTCGGCCTTAACTGCAGGAACACTTTTACGACTTGCCCTTAATGTTGCCATAATTTCTTAAGGGAGAAGAGACTCATTGCTACAAGTAAAAAAACGATGAAGTATGTAACGGCATAACCTTCTTTGTCAATAAGAGTGCCAGTTCCCCATTGGAAGAAGATAACTGATACGTAAATAAGGGAATTAACTATTCCCATTACAGCTCCGCGCAGATGTTGCGGAGCTTCTTCGTTAATGCGAGCTGCATAACACACCGCTCCCGATCCGAAACTTACACCCAGAACAAAACTAGCACCTCCGGCAATAAATACAGGAAGACGTAAAAACAAAAATATGTTGAGAAGAAAAAGAGCAATAACAAACAAGGCAGTAGAAGAAAAAAGCAACTTCTCACGACTCGATTTTGAAGTCCCCAAAGAGCCAGCTGCAAGAGTTCCAACCATAACACCTATTCCAATGGACGTTGCCCAAATGCGACATTCTGCAAAGGGGCGGTCGTACACATGGGCAAACCACGATACAGCCCAAAGAGCCTGTAAAGAGAGAAGAGCTCCCATTAACATGCTCCAAATAAGAGCAATAGAACGAACGACGGGTGACGTAAAGACAAAAACACCTGTTTCCTTGAGATTTTGCAGCAAACTCTTCTGCGCCTTTCCCTTTTTACAAAAGATAGGATCCTCTTTTCTCTTTAAAAAGAGAGACAAAGCAAGAACAACACATAAGAAACTCAGAAAAGCAAAGACAAACGATATCCCCCATGAATCTATGGCCCAGCCAAGAGGCGCAACCCCAACAACGGCTCCGAAATTTCCCACTGCTAACGTCAATCCTGAATAAAAGGCATATCGTTCAAGAGGAAAAGCCGCTGATTGATAGACTAAAGCGCCTAAAAACATAGGAGCTAACCCCAAGCCTGTTAAAAGACGCCAGAGTGCAATAGAAAAAGGCGTCTGAGTAAATAAAATCAAGGCCGTGCCAGACGCCGTAATCAAAAGACCTAAAGCTACGACCCGCAAAGGCCCCAAACGATCAAGAAGAAGGCCGCAAACAGGTTGCATAGCAGCATAGGCATAAAAATAAAAACTTGCGACAAAACCTGTTAAAGAAGCACTCATTCCCAAACGTGTTGAGAAAATAGGCATAACTACAGAGGGGGATATTCTAAAGAAATACGACATAAAATATGCCAATAACAAAATAGAAAAAATAACATGAGTGTTGCGACTTACCCTTTGATCAACTCTTTGAGAATGTAACGTTTTAATCCCCTCATCCTGACTTATAAGTATTTTTCGACACGTATTAAGAACGTATAATCTGTGTTCCCGCTTCTCCTTTCAATGCTGCTATAACCTGATCAAGTCTGGCTATTATAGCTCGCTCCCCGCCATTCTTGACAAAACGCAGCGCTGCCTCAACCTTAGGCCCCATGGAACCAGCTCTGAAATGTCCCTCTTCCACGTATCTTTCCATATCTTCTACAGAAACTTTCCCCAAAGGTTTCTGATCGGGCGTATTGTAATAAAGAATAGCGTTGGGAACATCTGTTAATATAACAAAAATATCGGCCCGTACATCATGAGCTAGGCATTCACCTGCTAAATCTTTATCAATAACAGCTTCTACTCCATATAAAAGCCCCTGCTGATCGCGGCACACAGGAATTCCCCCGCCGCCTGACGCCACTACCAGTGTTCCTTGTTCAACGAGGGCAAGGATAACGTCTTTTTCAACAATCTTCTTCGGATTGGGAGAAGGAACAACCTTACGCCATCCTCGTCCCGCATCTTCAATCCACCGTTCTCCACGCTCCGCCATACGAAGTTCCGCTTCTGACTGCGCATAAAATGGCCCCACAGGTTTTGTGGGATTACGGAAGGCTTTATCTTGAGGATCTACTTCCACTTGAGTTACAAGGCATACTGCATCTTTTTTCAATCCTCGACCAGCACATTCATTTCTAATGCTTTGGCACAACATATACCCAATAAGCCCTTGACTTTCGGCCCCACAGAGATCAAGAGTCATAGGCGGAATTTTATCTTTCGCCATTTCATGTTGAATGAGAATAGCACCAACCTGGGGACCGTTCCCATGAGTCAATACCAATTCATATCCTTCTTCAACGACATCCAAAAGTTGTTTTACAGTATGATCGATATTTGCCATCTGTTCGACAGCTGTTCCTCTTTGTCCCGGCTGTAGAATAGCGTTACCACCTAAAGCCACAAGAACTCTCTTATTCATCCCCTCACGCTCCAGTCTCTCTATATTGAAGAAAGTGACCTCTTCGTTGTAAATCAACATATTCTCCATTTTCAACGATAACGGTGCCTCGCGAAAGAGTACACCACGTTTTTCCAATAACGGGTACATTTTCATAGGGAGAAAAGTCTACTGCCATATGAAGTGTACCAGCAGAAAGTGTCCATTTCTTTTCCTGATCAAAAATAACGATATCAGCATCAGAACCAGGGGCAAGAACCCCTTTTTGGGGATACATTCCCATCAATCTTGCAGGAGATCCCGCCGTCAAACGGACAAAATTCGAAAGAGAAATCCTCTTTTTCCGAACCCCCTCCGAAAAGAGCAGAACGCGTGACGTCTCTACGCCTGGTAATCCATAGGGTAATTTTTTAAAAGACCCCTTCCACTCCTTTTGCTTCTTCGTAAAAGGACAGTGATCAGTTGCAATTATATCTATATCTCCGTTCAGAAGTCCCATCCAAAGTCTCTCGTTGTCCTGCTTTGTTTTTAAACTCGGACTCGCTGAAAAAAGGTACCCTTCAGGAGAATCATATACACTTTCAGTCAAAAACAAATATTGAGGACATGTCTCTGTTGAAATACATGTTCCCAATCTCCTGGCCTGAATAACTTCTTGCAGGCCCAAAGCCGAACTTAAATGAACGATATGAACATGAGCTCTACTCTGCCTGGCAAGCCAAGAGACAGTCGAAATAGCGGAAGCTTCGCATACATCTGGCCGTGTTCTGGCGAGGCTCGACATTTTTCCCCATTCTTTTTCTGAAAGATTTCTCTCAAGCTGCCTTATTATATCGTCATCTTCTGCATGAATAAGCGCCACGCCATTTAAAGAAGCAATGGCGTTAAATGCTTCAAGAAGAGCCCCATTATCCGTTCTCCGGCCTGAATCTCCGTAAGCCGTAAAAAACTTGAAGCTCCGCAATCCCTTATTGTAACTTTCATATATTTCACGAAGGCGCTGATCATTCCAGCCAACAATTTCGCAGTGGAAAGTATAATCGATGACTGCTTCACGAGCCATATTTATTCTTTCTTCTATATTTTGTATTAGCGATGTATCGGAACTACCTACCGTAAAGTCAACAATTGTGGTTATCCCCCCGCAGGCAGCAGCCACAGTACCAGTATAAAAGCTATCGCTAGAAGCCGTTCCTGCCACGGGCAAAGCCATATGAGTATGTATATCTATTCCTCCGGGAAGTACAAGCTTTCCTTCCGCTAATATCTCACGTTTTCCCGTCAAACCCTCGCCGATAGCTGCTATTTTTTCTCCCTCTACCGCTATATCCGTGTCAAGAATTTTCTCTTCAGTAACAACTCTTCCCTTCTTTATTACAAGATCATACATTCCTATCTCCTCTCTTTTATATACGGAATACCCAGAAAAGCCGGCACATTAAATTGTTTTCGAGAGATAGTTGCAATAATCGTTAATATGTAAGGAATAGCTATAAGAAATTCATTCGGGATCAATC
CP133089.1_gap54	2102679	2106205	3526	GAAGAGACTGAACGGATTTCGATACTTCCTATAAGGGATGGAAACTCTTTTGTCTGCTCCGTATTCTGGAGGGTGGACTGAATTTCGATACTTCCTATAAGGGATGGAAACTCACTTTTGATCAACTTAATAACGATACTATCCGTTATTTCGATACTTCCTATAAGGGATGGAAACATGCTAGCGCACCTACACGAGGACCAAATTCCTCAAAATTTCGATACTTCCTATAAGGGATGGAAACCATCTATTTATGCTGGCGGTACACAACCGGATTTAAATTTCGATACTTCCTATAAGGGATGGAAACAATTCGAAGCCAATCGAAATTGTCGACGCGTATCCGATTTCGATACTTCCTATAAGGGATGGAAACGCACAGCGTGCCCAACGTGCAGCGAGTGCGACAGTCCATTTCGATACTTCCTATAAGGGATGGAAACTAAAAAGATAGAGGAGGAATAAAAAATGGAAGGATAATTTCGATACTTCCTATAAGGGATGGAAACAACCTATTTTAAATGAAGCAGGCGAACAGCTTTCAGATTTCGATACTTCCTATAAGGGATGGAAACACTGCATCGAACAAGCAGGGCTAACGCCAAACGATGCATTTCGATACTTCCTATAAGGGATGGAAACAAAGAATCATAGCCGCTGACACGATTTCTTCGTCTGATTTCGATACTTCCTATAAGGGATGGAAACATGTAGGCACTCAAACTATCATTGAGCATATTGCACATTTCGATACTTCCTATAAGGGATGGAAACTAGTTCAGGCTACAGAAGCCGTAACATCTTCTGGAGCCATTTCGATACTTCCTATAAGGGATGGAAACGAAGGTTCCGCGAATGCTTCAGAAAATATCGGCACCGATTTCGATACTTCCTATAAGGGATGGAAACTAAATTCGTGAACCCCCTCCCCCATAAGGGTGGCTGATTTCGATACTTCCTATAAGGGATGGAAACAAACGATAAGTTCTGTATCCACGCCTTACCAGAGCCCAGATTTCGATACTTCCTATAAGGGATGGAAACGCAAGACACGGAGGAGGAACGACAATGAATGAAGTGATTTCGATACTTCCTATAAGGGATGGAAACCCACCTTTACGCTACTCACGGATGGGGCGGCGGGCGATTTCGATACTTCCTATAAGGGATGGAAACTCGGCTTTAATAAGGTCGATTATGGCTACGAGATGGATTTCGATACTTCCTATAAGGGATGGAAACCCCACACCGTGCAACGCCATGTGGCAGGCGTGGCACAAATTTCGATACTTCCTATAAGGGATGGAAACTATACAAAATTGAAAGGGGGAGAAGGGCATAAGAGAATTTCGATACTTCCTATAAGGGATGGAAACCACCCACAGGCTGGGCAATCCCACCCGTTCCGATCTATTTCGATACTTCCTATAAGGGATGGAAACTTGAAAGTAGGAGGTAGGGCGGGAAATGACCAGAAAATTTCGATACTTCCTATAAGGGATGGAAACGGAAATCTAACAGAGCTTGAATGGCCATATCGCTTAATTTCGATACTTCCTATAAGGGATGGAAACATTACAAATGGGCGAGGGGCGAAGAAGACATAGAGAATTTCGATACTTCCTATAAGGGATGGAAACTGTTACTCATTTTTATTCCTCCTTAATTTGGTCTCATATTTCGATACTTCCTATAAGGGATGGAAACGGGGAATCCCGTTGATTTCCCCTACTTGCTGCTCCACATTTCGATACTTCCTATAAGGGATGGAAACCAGGATTCTAGGGGGTGCAAACATGAGACAAGATGAATTTCGATACTTCCTATAAGGGATGGAAACTAAAAAACACGGTAAGCGGAGATATCCCAAGGAGGGATTTCGATACTTCCTATAAGGGATGGAAACATACTTTTTCGCGGTCAATCTGGATGACAACGAATCATTTCGATACTTCCTATAAGGGATGGAAACGGGGGGTAATCGAATGGCACAGCCCTCTGAATCTGCCATTTCGATACTTCCTATAAGGGATGGAAACAACCAAATGGGAGGGATTCCTGGTAGCAAAGCTGAAATTTCGATACTTCCTATAAGGGATGGAAACTTATACATCACACGTGTAATAATGCAATGGGCATAAAATTTCGATACTTCCTATAAGGGATGGAAACTTCGCTCAAGGCGAAGATCTATACATAGAAATAACAGATTTCGATACTTCCTATAAGGGATGGAAACATAAAATAACGTTCCCGGAAGAGACGGTGTCTAGCCCATTTCGATACTTCCTATAAGGGATGGAAACTTCTCGAGGCGGGATGAATTGAGAGGAAGCGATGACATTTCGATACTTCCTATAAGGGATGGAAACGGGAGTTTATGCTCGTTTGTAACATTCAAAAAATCGATTTCGATACTTCCTATAAGGGATGGAAACTAGGAAATATAGGCTGATTATTTGGTGCTTTAGCTAATTTCGATACTTCCTATAAGGGATGGAAACTGTTTCTCCTTGTATAGACTTCATAAATGCTATCTTATTTCGATACTTCCTATAAGGGATGGAAACCACATGAAGATTCACCTGGTACTTGTTCAACATTGATTTCGATACTTCCTATAAGGGATGGAAACTTACATCAGCTATATCTTCTATCCATTGCATCAACTATTTCGATACTTCCTATAAGGGATGGAAACAATCTTAAAGCTGGTAATTCATATTTGCTAATAGCATTTCGATACTTCCTATAAGGGATGGAAACTCCCCAGACCAACATAATATCCTCGAAAAAAGTGTACATTTCGATACTTCCTATAAGGGATGGAAACTAAAAAAAGCAGCAGATGTAGGAGATGCTGTAGCTAATTTCGATACTTCCTATAAGGGATGGAAACAATCGTTAAGATCGCTTTCTACGTAGGGGGTATCTAATTTCGATACTTCCTATAAGGGATGGAAACAGTATCGCAAAATAGAGGTCAGTAGCACTCTTTGACATTTCGATACTTCCTATAAGGGATGGAAACAATCGTTAAGATCGCTTTCTACGTAGGGGGTATCTAATTTCGATACTTCCTATAAGGGATGGAAACAGTATCGCAAAATAGAGGTCAGTAGCACTCTTTGACATTTCGATACTTCCTATAAGGGATGGAAACACATAAATCCAGGGAAAAGTGCTTCTTTTGTAGCAAATTTCGATACTTCCTATAAGGGATGGAAACTCAATATCAAACTTGGGGATCTCCTTTTCTAGAGGTAATTTCGATACTTCCTATAAGGGATGGAAACCGAAGCTCATGATAGAAGCCTCTGAAATTATGGAAATTTCGATACTTCCTATAAGGGATGGAAACAGAAAAGGAGCGGATTACATCCGCTCCTCGTAAGTTATTTCGATACTTCCTATAAGGGATGGAAACTTCGTCTTGTCGCAGCGATAAGGCTAATTGAATCATCATTTCGATACTTCCTATAAGGGATGGAAACGGAAACTAACTGATATTACTCGTGTGACGCAG
CP133089.1_gap55	2135662	2140627	4965	TGATAAGTTCACCTAAGCCACAACGAGGACCTGATGCGAGCCAACGAACATCGTTAGCTATCTTCATAAGATCAGCAGCCAAGGCTTTGAGAGCACCATGTGCGTACACTAATTCATCTTTACTCGTTAAAGAATGGAATTTATTCGGTGCGGTTTTAAAAGGAAAACCTGTCAAAGTCGCTATTTCCTCAGCCACAAGGCGAGCAAAATCGGGATGTGCATTTAACCCCGTACCGACAGCCGTTCCCCCTAACGCAAGTTCTTTGAGACTGTCACTTCCTTGCTTAATCATCATTTCACAGCGATCAAGCATGTTCACCCAGCCACTAAATTCCTGTCCAAGGGTAAGTGGCGTTGCGTCTTGCAGGTGAGTCCGGCCAATTTTTACTATATCCATAAAAGCTTCAGACTTCTTTTGAAGAGAGGCCCGCAATGTTTTTAACGCAGGCAAAACACTTTCTTCCAAAGCAAGAACTGCCGCTATATGCATAGCTGTCGGGAAAGTATCATTGGAACTTTGCGACATATTGACATGGTCGTTGGGATGAACAGAAGCTTTTTCGTTTATTTGATTAGCTCTATGCGCAAGCACTTCATTCACGTTCATATTTGATTGGGTGCCACTTCCCGTTTGCCAAACAACAAGCGGGAAATTTTCTGAAAGTTTATTATCTAGAGCTTCATCAGCGGCCTGTATAATCGCTTCGGCCTTATCTTTATTCAATTTATTAAGTTTAACGTTAGCAAGAGCTGCGGCCTTCTTCAAAATAAAAAAGGCATGAAGTACTTCTGCAGGCATCTTTTCCGTTCCAATTTCGAAATTCTGGAAGCTTCTTTGAGTTTGGGCACCCCACAACTTATCGCTGGGGACACGCACCTCTCCCAAAGAATCTTTTTCTATTCTAAAATCCATGGTCAGCCTCCTAAGAGTTTTATACTCGAGCTACACCTGTTTTTCTGGCTGCCTCTGCGACAGCTTTGGCAACAGCCGGAGCAACGCGAGGATCGAGAGCTTCGGGAATAATTCTTTCAGCTGTGAGTTCATCCTCAGAAATAAGCTCAGCGATAGCCTTACTGGCAGCAAGTTTCATCTCTTCGTTGATTGTGCTTGCGCGAACATCAAGAGCGCCTCTGAAAATGCCAGGGAAACCAAGACAGTTGTTGATCTGGTTCGGGAAATCGCTTCTCCCTGTAGCAATAACAGCAGCACCGCCAGCCTGAGCTTCATCAGGATAAATTTCAGGCGTAGGATTGGCCATAGCAAAGATAATGGCATCTTTGCCCATTGTCTTTACCATGTCAGTGGTGAGAACTCCAGGCGCGGATATGCCGAGAAATACGTCGGCTCCTTTCAAAACATCTGCAAGAGAACCTTTCTCTTTGTTGGGGTTGGTCTCTTTGGCGATCTCTTCCTTGGCCCAGTTCATATGCTCCGGACGGCCATCATAAATGGCGCCGCTACGGTCACACAAAATAACATTCACAGCCCCGGCAGAAAGAAGGAAACGACAAATAGCCATTCCCGCCGCTCCGGCACCACTCATAACAATTTTCACATCTTCTATCTTTTTCTTCACCAATCTGAAGGCATTGAGGAGACCGGCGAGAACGATAACGGCTGTTCCATGCTGATCATCGTGAAAAACAGGGATATCGCAAATCTCTTTTAAGCGTCGCTCAATCTCGAAACACCGAGGAGCAGAGATATCTTCAAGGTTGATGCCACCGAATGCTGGTGTAATAAGAGCTGTAGTCCGAACAATTTCGTCAGGGTCCTGTGATTTGATGCAGATAGGAAAGGCATCGACTCCGGCAAAACGTTTGAAAAGAACAGCTTTCCCCTCCATAACGGGCAATGCTGCTTCAGGTCCTATATCGCCGAGTCCGAGAACGGCAGAACCATCGGTAACGACGGCAACCATATTCCCTTTTGACGTAACGTCATAGACGGCTTCAGGATTCCTTTCTATTTCACGGCAAGGTTCGGCAACTCCTGGAGTATAGGCAATAGCCAGATCGGCCATGCTCTCTACGGGAAGCTTGCTCGTAATGGCAACTTTCCCTTTGGATTCCTGATGGGCAGATAGTGCTTTAGCGTAAATTTCCTCTTTGCGCATAATTTAAGAAACCTCTTTCCTTATAAATATTTTCTTAAAATTTCATTAATTTATTGAAGCACTCTTCATCTGTTTAATCTTTTTAAGAATAGGAGCAATAGCAAAAAGCGTTGCAACAATCAACATGACAAGACTGATAGGCCGCTGTAAAAAGATCATGTATGACCCTTTTGAAAGAACGAGACTCTGATAGAGCCCTCTTTCCATCATGGCGCCTAAAATCACGGCTAAAATTAACGGTGAATGTGGCAACTTAAGTTTGTTAAAAACAAATCCTAAAATTCCGAAGAAAAGCATTACCCAAATATTAAAGACGCTATTTCCCACAGCAAAAGCACCGGTAATGCATAACATCGCAATAACACTCGCGAGAACTTCTTTAGGAATTTTGAAAATAACTCCTGATAAAAATTTCCCCAGCATAATTCCCAGTGGCCCCATAAGGATATTTGCTACAAAGAAACCAACAATGATAAGGTAAGCCACTTCTGGGAAATCTTGGAATAGAGAAGGACCAGGTCGAAGTCCTTGTATCATCAATGCGCCTAAGAAAAGAGCTGATGTGGAATTTCCAGGAACTCCGAGAGCCATCAAAGGAACCATTGAACTTGCAACTACAGCGTTGTTGGCTGCTTCTGGCGCAGCTACTCCTTCAGGAACACCAGTTCCAAACTCTTTATCTTTATTACTTCGAATAGCTTGGTCGTATGCTAAATAAATGGCCATTAACATTCCTGCTCCTGGAATAACTCCAATTACGTTTCCAATAGCGGAAGAGGTAAGCCATGTAGGTAAAAGGCGCTTTACCATCTTCTTATCAGGCAATACTTTTCCAATTTTAGGAATATCCAAAGAGACATTCCCCTTGCTCCTTTGTCCAATTTCTTCAGCTACTTCCAATACTGACGTTACTCCAAAAAGACCGATCAACATTGGGACAAATGGAATCCCCTCTAGTAAATATGGGTTTCCGAAGTCAAAACGGGGAAAACCTGTTTGTGGGCTCATGCCAATAGTAGCGATAAGCAGTCCTATTGCACACACGATAAGGCTTTTAAGAACATTCTTTCCTGACATACCTGCAACTGTACTTAAGCCTAAAATTGCAAGAGCAAAGTATTCAGGAGGGCCAAAACGCAAGGCATATTTTGCAAGAACCGGCGCTAAAAACATAAGAACAAGGGAACTGACTAATCCGCCAAAAACTGAACTTGTTGTTGAAATACCAAGAGCTTGGCCAGCCTTTCCCTTTAAAGTCATCTGATATCCGTCAAGAGACGTCACCACAGAAGAAGCTGTTCCTGGAATTTTTAAAAGGATCGCCGGAATAGAGCCACCATAGCAAGCCGACGTATAAACACCGACAAGAAGCATAAACGCGTAACTTGGATCCATAGAGAACGTAACAGGAACAAGTACTGCTAACGTAATAGTGTCATTCAGGCCTGGCAAAGAGCCAACGACAAGACCTATACAAACACCAATGAAAAGGAAAAGAAATACGCCTGGCGTAAAAATTTCAACAAATGCAGACAAAATATGTTCCATTTATATCGATAGACCTCCTTAACCTCTGGTTTATTTATCCTTCTACAAAAACGCCAAGAGGTAAGGGAACCCCTAAAAGGAACCTAAACACGGCAAAAATCACAAATACTGATAAAATAGCCGTTATAAGGGCTCTCTTTTTATTGGCATAACCAAGGTTGCACATTATAAAGAGCATTAAAGCTAATGAAGAAACAAGGTAACCTGCTTTAGGAAGAATAAGAATATATACAGCAATGGAGATAATAACGGAATAAACGCTCTTATACCGTTTTTTTTCGCTCTCGGATTCTACTTCTTTCTTGCGTTCATTAAGGCTACGTCCAAGCAAAGGTGCTGCTAATAGAAAAATGACAACAGCAACGCGCTTGGGAAAATGTGCAGCAATATCAGGAAAATTTCCAGCTTCGATAAATACAAATACGCTTATAACCAAGAGAACTATTGCCAATAAGAAATCTTTTTTCCAATTTTTCATGGGCCCACCTCATATGATTCGGGGGCAAAATTTCGTTTGCCAGACGATGCCCCCGAATTTTAATCGTTAAAATAAAATTACTATTGATTCAAAGTTGGAACTATTTTTTCGAGCTCAGTTGCAACTTCCTCTACATAAGATCCGAAATCAGGTGCATTTCTATAAACCAGTGGGTAACCAGCTTTAGCCATACGAGCTGCAAAATCCTCATCGTTTATTATTTTTCCGAAGAGTTCATCAAGTGCTTTGACGGTTTCATCTGAAGTTCCTTCTGGAACAGCTAATCCTCTAAAAGCACCCCATACAAGGTCAGTTCCTTCCTCTTTGAAGGTAGGAATAAAAGAAAAATCTTTTGGTCTCTCGTTTGTCATAACACCGAGGGCACGCATTGTTCCATCTTTAATGAAGCCGGATGCTTCTCCAAGAGCCATCATTCCCGCTTCTACGTGACCGCCCAAAAGCTGCTGTACTTGCATAGCTGCGCTTTCATTATGTACATATCCAAATTTAACGCCCAAACGATTTTCGAGAATAAGGCAAGCAATATGGTGAGAGGTAGAGTAGCCGGGAGTAGCAAGGCTAATTTCTTTTGTTTTAGCAGCTCCGATAAATTCTTTTAAAGTCTTATACGGAGAATTTTCTGGAACCATGACAATTTCAGGGTCAAAACAATACATTGCTATTGGTTTAAATGACTTATGTGTATATGTAGTTTTTTTAGTCATTGGATTGGTAACAACAGAGGATGTATAAGCCAAAATTGTGTATCCATCAGCTTTAGCCTTTGATACAAAAGTCTGGCCGATAACAGCACCGCCACCT
CP133089.1_gap56	2151734	2155918	4184	TTTAGGGGCAACTTTGATATTGTATCCAACAATGTTTCCATTGTTATATCCTTCGTTAACTTCGCGAATAATGCCGCTGGAAGTAAGATCCGCATTCAACAATTTAAATTCCTGCGCTACAGGAAGAGTTGCTTTCATAGCTTCAATCTTCTCTTTTTCAAGAAGACGGGCAATAGGTTCCTCGGTAACAGCATGAACCCAGCCAAGAAGAAGTCCCGCTACCGCCGTTATGAGAAAGAGAGTGGCTCCAAGCTTGTAAATTTTCTTCACCTATCTCACCTCTCCGAAAATCCGCGGAACTGTTACTCTATCAATAAGCGGAACAAAAAGATTCATAATAAGAATGGAGTACGATACGCCTTCCGCGTACCCTCCATATAAACGTATCAATGTTGTTAAAACCCCACACCCTAAAGCAAAGATGACTTGTCCCTGTTTAGTCATAGGTGACGTCGTATAATCGGTAGCCATAAAAAAGGCACCCAACATAAGTCCGCCAAGAAAAATTTCGTACAATGGATTTGCAGACATAAAACCATCGCGTCCCAAAATGGCTGTAAGAACAAATACAGTAGCAATATAGACTACGGGAATATGCCAGCTTATTACCTTTCTGAAGAGAAGATAGGCGCCTCCCAAAAGCAGGGCCAAAGCCGATGTTTCCCCTATGCATCCTCCAACATGGCCGATAAAAACATCGGTCAAAGAGGGAAGAGATGACAGCGTCCCCTCTTTTAGAAGAGCAAGAGGCGTAGCCGTAGAAACCCCATCAATGGTCCACGTTGTCATAGAAACTGGCCATGACGCCAAAAGAACAGCCCGAGCAGCAAGAGCTGGGTTCACTATATTCTGTCCAATTCCTCCAAAAAACTGCTTCACCACTATTATGGCAAAGACTCCCCCAACAGCCGCAAGCCAAAGGGGCACTGTAGGAGGAAGGTTAAAAGCTAAAAGCAAGCCGGTAACAACTGCACTAAGATCTTTTATCGTCGACGTACGGTTCATAGCTTTTTGGCAAAGAGCCTCAGAAAGAACACAAGAAAGAACGCATACAGCAACAACCATTACCGCCTGAAGACCAAAAAAATAAAAGGCCGCTATCATAGCAGGCACAAGAGCGATAAGCACATCTCCCATAACTGTCTGTACAGTTGTGTGCGAGCGGAGATGGGGAGATGATGATACAATCAATTTCTTTTCAGACATCCTTTACGTTACCCCTTTCTCTTCATCGCTGCGATGACGGATCGTTTCGCCTCTCGGCACGATTGCACCAAATGCCTCTTAGAGGGGCACATAAAAGAGCATGATCCACACTCTATACAGTTCATTCCGCCATTTTCCTTAAATCCCATGTAATCATTCTTGAGAGAGAGAGCATTGAGTTTAAAGGGAAGAAGCCCCATGGGACAAGCTTCTACACATCGTCCACAACGAATACATGGATATTCATCATACAGATGAACAGCTTTATCAGAGAGAGCAATAATGCCAGACGTACCCTTAATAACTGGAACATCAAGGCTATTTACCGACATGCCCATCATAGGGCCACCGGCTAAGACCTTAACGGGCGGAGTTACAAAACCACCTGCAGCCTCTATAAGTTCACGGAAAGATGTTCCTAAACGTACTTTCATATTTTTAGGTGTAGCAACTGCATCTCCTGAAACCGTTACGATTCGAGAAAGAGAGGTTCTCCCTGTTACAACGGCATTACGGATCTCGTAGACAGTGTACGCATTGCTGACCACACACCCCGCATCAGCAGGAAGTTTCCCAGAGGGAACTTCTCGCCCTGTAACCGCAAATATGAGCTGTTTCTCTCCACCTTGGGGATATTTGGTCTTCAGAACATTCACCGTTACATTTTCTATGCCCTGAACAGCCTTTTTCATCTTCTCTATAGCCAGTGGTTTGTTATCTTCTATTGCTATATGAAGATGAGCTTTCGGGAAAATCTGAAGTAAGATCTTGGCTCCCTCTGCAATAGCCTCTGCTTCCTCAAGCATAAGACGATAGTCAGAAGTGAGATATGGTTCACACTCGGCTGCATTCACAATAACATGATCAATAACACATTCGGCAGGCGGTGTAAGCTTAATACAGGCAGGGAAACAAGCGCCTCCCATACCGACAATACCAGCATCACGTATGATATCTCGCAACTCCGAAGCCGTTAAATTCTCAAAAGACCGACAGTTCAACGGCTCTATCTCTTCGTAAAGACCGTCATTCTCAACAATAACTGAGAGCATATCAATTCCAGAAGGAGTAGGCATAGCCGTTACGTTTTTAACAGTTCCAGAAACACTGGCGTAAATAGCTGCTGATACGGGCCCCTGCGGCTCTCCTATTTTTTGCCCAACGAGAACTCTGTCTCCTTTTTTCACAGCAGGAACACACGGAGCTCCTATATGTTGCCCCATAGGGTAGACAAGGTCTCCCTTTGGTAATACTATTTCTACCGGTTGATCCGATGTCCAATGTTTGTTATCGGGAGGATGGACCCCACCTCTAAATGTTAAAAGCTTCATTGTAAGTACTGCCTCCTAATACCCTTTCATCTGCAAAATGCTACGTGCTCGCACAAAGTGTATAAATTATACTACATACGTTATACTTTTATAATTTGTACTTTTTTTCTTTAAAGTCTGGTTTTCCCCTCTAGACTTTGTTCTTTTTTTCTCTATATATTTTACACCATTTGACCGTTTTTTTCAGACTAATTTTAGTATTCTCCCAAAACAAAACTCTTTATTTTTACGATAATCTATTTTCTTTTCTTAATAAAGCGCTACAAAAGTTGCACATCTCTTCCCTATCGATATAATTTCTTATTGCCTTTCATAGCTAGTCTGTGAAAGGCTTTTAATTTTTTCTGCACTTTGAAAGGAGGGAAACAGTATGAGGAAAGGTATTCGACGTAGTATCCTCACTGTTTTACTACTCTCCATGGCCGGGCTATTAGCCTTTACTGCAGGAAGTCGCTATATTCATGCCTCTCCACGAAACAGGAGAGGAACGATACAGTCTCAGAAAATTCAACTTCACGATTGGAGTTCAGAGCCTGCTGTCGCTTCGTTTTACCAGATAGGTCGTTTTGTAACGAATCGTTTTTCAGATGTTACATTAACGTATACAAATCCACTTTTTACCCTTTCAGAAACCATTCAGGATTCTGTAGAAACAATGAGCATGCTTACCCGTTTCATTCAGAAACAAAATCCGGCCATTTCGAGAGATATTGCAGCACGACAAGCCGCTGCCTTTTTGAGGTATTCCATCAAATATGGAGCTCCTCTTGATCTTGTAGTAGCGGTAGCAAATACGGAAAGTCATTTCAATCCCAACGCGCGAAGTTCCCACGGTGCTGCTGGTGTTATGCAAGTCACATGGAGAGTTCATGAGAATTTATTGCGGGCCAATGGCATTCGCAGTGAAGAGGAACTCTACACGCCTGAAAAGGGGATCGCTGCTGGCTGTCTTTTGATTTCAAGATATCTGAGAGCCTATGGATCACCAGAAAAAGCTTTGGGACGTTATTATGGCGGCCCGTCTTCTGTTTATTGGGCAAGAGTTTCTAGAAATTTATCGAAACTTCAACGGTATCGCCCAGGAAATCGTCTATAATTTAAAATGTAAAAAACGTAAAGATTTAGCGGGGGTTATCATCTGATACCCCCGCTTAAGTTGGTGAATATGTATGAGTAAAATTAAAGGCGCTATTCTTAATCGCAAAGGCCTTGACCGTCTGCACAAAAGGCACCCATGGATTTTTAAAGGTCATCTTGCAACTTTTCCACAAGCCGAACCTGGCGATTTTATTTCTCTTTATAATAACCGCGGGAAAATTGAAGGATGGGGGTTCTGGGGGGCTGGAGCACTTTGTATTCGCGTTCTTTCTTTTGACACAGAGAAACCAGAACTTCACGCATTGCTTCGAGAACGCTTGGTCACGAGTCTCGCATCTAGAAAACGCTGGCTTCCTCAAGCTAGTGCTTTCCGTCTTGTTCACAGTGAATCTGATGGTTTACCGGGCTTAATTATAGATATATACGGTTCGGTAGCCTGCATGCAACTTCTATCTGCAGGATGGTATAGAAATCGAGAGATGATCATCGGCACGCTTCTTGAACTTCTTCCCCTTAACGCTATTGTGCTTCGCAATGATGTTCGTTATC
CP133089.1_gap57	2208811	2211452	2641	CCATTACAGCATCTTCCTACAATTCTTTCAGCTATCCTCATGACACTTGTTCATAGCGTAATCAACTTCTTCATTCCTTCTGGAAGTGGTCAGGCTATGGCGACAATGCCTATTATGATTCCTCTCAGCGATCTCATTGGTATGACTCGTCAGACAGCTATTATGGCCTTCCAGGTTGGAGATGGAATTATGAATCTTATCTTCCCAACAGTCGGTGGTCTCCTTGCTATGCTTGCATTAGCTCGGGTTCCTTTTGATAGATGGTTCCGATTCTGCTTCCCTCTCATTATCAAAATCTTGTTGGCAAGCTGGATATTCTTGACCATTGCTGTTCTCATTAATTGGGGGCCAGCGTAAAGAAATGAAAGAAAAATTGATATATCGGGCCAAGGAAATAGAAAAAAATATTATTGAATGGCGTCGTCACCTTCACGCCTGGCCTGAACTTTCCTTCAAAGAGGAAGAGACAAGTAAGTATATTGCTTCTTTACTCACGTCTATGGGATATGAGCATATTCACATTGGCACTGCCGGTAGACCCACCGGAGTCGTAGCTGAACTTAACAGTGATCATTCCGGACTCTGTGTTGCACTGCGAGCTGACATAGACGCGTTGCCTATAACTGAAAAGACAGGGCTCTCCTTCGCTTCAAAAAACGAAGGCGTTATGCATGCCTGCGGTCATGATGCACATATAGCTATCCTTTTAGGAGCTGCTCAGCTACTTTCCGAAATTCGAGAAGAACTTCCTGGTAAAGTAAAGCTCATCTTTCAGCCTTCAGAAGAATCGGCCGATTACATTCAAGGAGCACGAGCCGTTATTGATGAACATGCTTTAGACGGAGTAGACGCAATTTTCGGTTTACATGTATGGCAACCTACCCCCAGCGGCGTTCTTGCATGGAAGGAAGGTTCTATTATGGCCTGTTCCGATCGTTGGAAACTAACCATACGAGGAAAAGGCGGACACGGGGCTTCTCCTCATCAAACAAATGACCCTACGATTGCAGCTGCTCATTTTATCGCAATGGCCCAGTCATTTGTAAGCAGAGAACTGGATCCTCTTAAAACAGCCGTTGTTTCTGTCGGAGAAATGAAAGCCGGGAATGCCTTTAATGTCATTCCAGATTATGTATCTCTTATAGGAACAGCTCGAGCCTTCGAACCTGAAGTCAGAGAAGCCATGGCTGGTAGTCTTGAACGAGTAGCAGAACATTGTTGCGCCGCGTTACGCTGCAAAGCAGAATTCATATATGAGAGGAATCTGCCTCCAACAGTTAACGATCCTGAGATGACACGTTTTGGGGTAAAGGCTGCTACGCTGGTTTTCGGAGAAAAGAATGTGATGGAAACTCAACCTACCATGGGGGGAGAGGACTTTAGCTACTATCTGGACAAAGTTCCGGGAGCGTTTTTCTTTCTCGGTATTGGGAATAAAGAAAAAGGCTTTACGTACCCTCATCATCATCCTCGTTTTATGGTAGATGAAGATGTTCTTTCCGCAGGATCTGCTTTTGAAGCCATTCTGGCATTCAATTATCTCAATTCCTGTTCGAAAAAGTTATAAAAAATAGAGGAACGAAGCTCCTTATTCAATTTAAAAGCGTCGTTCCTCTATTCATATTTTGCTCTTTGAACACAAGCAACCCCGCCAATAGCCAATGCTCCTCCAACAAGAGAAAGAACGGAAGGATTTTCTCCTAACCAAAACCATCCTAAGGAAATTGCTATGACAGGCGAAAGATAAAGCAAGCTTGCAACCCTGGAAACAGGAAATTTGCATAAATCATAGGCCCATAATACATAGGCAATAGCTGTTGGGAAAATTCCTAAATACAAAACTGCACATGAAGAAGAGATTGAAGCAGAAATAACACTCTCAAACAAGTTTCCACTAAACGGAAGCATCATCAATGCTCCAAACCATATAACATATGTAGTTAAAGGAAGGGCTCCGTATTTGGAAAGAAGTTTTTTCTGATATATGAAATAAAAGCTTTCTGAAAAAGCAGCAAAGAGTATCCAGAGAGCACCAAATGAGAAAGAAATACCTCCCCCAATATTGAAAGCAAGAATTCCAGCTCCTAAAAAACTGATGGAAATACCTACCCAACCCTTTCCCCTCATCTTTTCCCTTACAATAAAAAAAGAAAGAATGGCTGTAAATACAGGTGCAGTGGCATTTAATAGGCTTATTGTCCCTGCAGTAACAGTCTTTGCTCCTGTATTGAGAGGAAGATGATAGAGCACCACACCCGTCAGTGAAAAGAATAAAATCATCGGCAGGTCTCGTATTTCAGGAAGACCGAATTTCTTTATCTTAGAGTAAATAACAAGTAACAGCGAGGCAATAATAAAGCGTAATGTTGCTATCTCCATGGGAGTATATCCAGAAAGAGCATATCGTATACTAGGAAAGGCTGATCCCCAGAAGAGAATTGGTAATGCTAAAGCAATAAAGGCCAAGAAATTCTGCTTCTTCACAGACAAAACTCCTCTACTTATAAAAAATAAAAGGAACTCTTTTTATCAACAATTGAAAATGTTGATAAAAAGAGTTCCTCTCAGATTGCTATGATATTAGCTTTATAATCTCATCAATTGACAGATTTGCTACTCCAAGGGATTCGGGAGTCGTTCC
CP133089.1_gap58	2230948	2234639	3691	AATGGAATTATTCGCTTCGACCTACTCGCACGATTTGGTGTCGTTATGAAAAGAGCCCAATATTTCATTACATGTAATGGTGTCTTTCATGGAGATCGCTCTATGAATGAAAATCACCTTCGCGCACACTTTGAAGCGCCGTCAAAGAGTGATTTTGTGAAGAGGCAGCTTTTCTTATTTCAGCTATGACAACGTATATTTATGACGGCTCATTTAATGGCATGCTTTGCCTTATATTCGAAGCTGCATTACGGCAAAAAAGACCTCAAAATATTATTGCTCGGTCAAAAGAGGGACAACAAAAAAACCTTTTTGAAGGAGTTGAAGTTGAGACACGATCAAAAATTGCTCAAGCGGTCTATCACGTTCTAGAAGAACACACAAACGGGGAGACATTAATCACCGTTTTTTACGCACTTCATGCTCACCTTTCCCATATCGATTTAAGCGTCTTCAATTATCTAGAGCTTGCGTGGCAAAAAAGGAAAAACATTAACGGTCTTCTCTCTGACGAACGCGTTCTTTATATACTTGACGCACGTCGAAAAGTTTCACGTGAACGCCACATGTTCTGTGGGGTTCTTCGCTTTCGTGATGTAGGCGGTATTTACTACGCAACGATAGAACCAGAACACTATATCCTTCCCCTGCTTGGAGGGCACTTCGAAAAGCGCTTCCCTCACCAGAATTGGATTATTCATGATGTAAAACGAAGCAAAGCTCTCATATATGACCAAAGGGAATGGTATGAAACTGAATTTTCACCACGATCCATTCCTCAAAATACAAGTGACGAACAAACATACCAAGAGCTATGGAAAACCTTTTTCCATAGCGTCACTATTACCTCGCGGACTAATCGTGGCCTTCAAAAAAGAAATATGCCATTGAAATATTGGAAATATCTGACTGAAATGGAAGAAAAAATCCCGGAAACTTCACAAGAAGTCCCCGGGCAAGAAAATCTACCTAATGATGAGTTTTAGCAATATCCAACGCTATAAAAGACAAATTGTGAGCATGATCTCCTATTCGTTCGAGATTGCTCAGTATATCAATAAAGATAACACCTGCAGAAGGATTGCATTCCCCCCTGTTTAGCCGTCGAATATGGCTCTTTCGAAGGGTTTTTTCCTTTCTGTCCACTTCGACCTCTAAAACATCAATAACTTCGTGAGCTTTCTTTACATCTTCATCAGCAACCGATTCCAAACTCAATGTCACCGAAGTAAAGACGGTATTGAACATATCTTCGAATTCCGCCATAGCGACAGGAGAGAAATCGAGTCGATGTTCCTTCTTGTAATCATAGAGCTCTATCAAGTTCTGACAATGGTCTCCCACGCGTTCTATGTCACTAATGCCATTTACATAAGCAGAAAGGACAACTGATAGCTCGCTTGACAGCCCTTCTTGCCATATTTCTGCGGAATATCTGGCTATGGCATGAGTTAGTTCATTCAATATTTTTTCAGACTCATTCACTTGCTCAATCATTTTGGGATCGTCGTTCATAAAAGCTCTTTTTACATCCTGCAGCATTGAGAGCGCGATAGCTCCCATATGGGCAATTTCTTTTTTTATGGCGTCTATTGCTGCTGCTGGGGAGGCTGAAACAAGTTTGGGATCGAGAAACTGGGGACCGACACTGAGCGCGCTGCTTTTCCCTGGAACAAGTTTTTGAATGAGTTTTACAAAAGGAGAAGTAAACGGAAGGAACAAACATGTATTTGTCACATTAAAAAGAGTATGAGCATTGGCTAATTGCCTTGCAATATCTGGTGATGTTAGTGAAACTACTGTTTTAAAAAGAGGTAAGGCCATCATAAAAACGCTAACACCTATAAGGTTGAACATTACGTGAGCGGCAGCCGCTTGTTTCGCAGATCTGTTTGACCCCAAAGAAGCAATGACTGCAGTGATTGTCGTTCCTATATTATCGCCAAGAAGAATCGGAATAGCAGCGTCTAATGATAAGAGACCTTGGCTCGCCATGGCTATTGTAAGGCCGATGGTAGCGGAACTTGCCTGAACAACCATAGTTACAATTGTTCCGACTAGAACTCCAAGAAGAGGATTATGACTAAACATCATGAAAAGGTCTTGTCTCCCCCTCAAGAAATCCATTGCCCCTTCCATTGTTTGCATGCCAAGGAACAAAAGACCAAAACCAACTAAACCATTGCCTATGTACTTCTGCTTTCTGGATTTGCCAAAAACAGCCAAAATCATTCCAATACCGATAACAGGAAGGGCGAAATTTTTAATCTTAAACGCTATAATCTGAGCGATAACCGTCGTTCCTATGTTGGCTCCCATAATAACGCCTACAGCTTGCTTCAGGGTCATGAGACCCGCATGTACAAAGCTTACAGTCATTATGGTTGTTCCGCTACTGCTTTGAATAAGAACTGTTACCAATGTCCCAATAAGAACCCCACGAACAGGGGTGCTCGTGAGAGAACCTACTAACTGGCGCATTCTGTCTCCTGCCAGATCTTGCAAAGCATCGCTCATAAGCTTGATGCCAAACAAGAACAGACCAACGCCCCCTAAAACCTGAAATGCATTTGAGAGTGGCACCGCACAAATCCCTCCGAAAATAAAATTATAAAAACATCGCTTAGTGAACGTATAGTAAAAATCCACGCTAACTCTAACATACTCTACTCTAAGAATGCTAGTTTTTTCTGCTAAAAGCTACAAATCAAAAAAATTTCTACTTTAAAAATCTGCTGATAAAACTCTGCAATTCTGTATGTATCAATTTATTTGTGCAAAGAATATGCTGGTTATCGAGATCTTGTATGGGTAATCCTTTCCAATTAGACGCTTTTCCGCCAGCTTCTTCCATAAGCAAAAGTCCCGCATAAAAATCCCACGGTTTCAAATCCATTTCGAGATAGCCGTCCAAACGTCCACAAGCCACATAAGCCATGTCAAGGGAAGCAGCCCCTCGCCGCCGTACATCGTGGCACTTCTCGTAAATTTTTGTCACAATGGAAATTTCTTCTTTGCCCAATTTTTTATCGTAGGCAGTACCAAAGCCAATAAGACTTTCTGAAAGAGAGCCAGTTTGAGATACGCAAATGGGATCCCCATTTAAATAAGCCCCCTTATCTTTTACTGCAGAAAAAAACTCTTCGTTTATGGGGTCATAAATATACCCTTGTTGGATTGTGTAATTTTCAATATAGGCAAGAGAAATGGCAAAAGCCGGATACCCGTGGTAAAAATTTACTGTTCCGTCAATAGGATCAAGAACAAAAGCTTCTCTCTCCAATTGAAAGGAACTTCGAGACGAAGAAGACTCCTCTGCAATAATCATACTTCCAGGGAAAAATTTTCTTAGCTGTTCTGTGATAAAAGATTCAACCTTCATATCTGTAAACGTAGTGTAATCAGACTGAGAGCGGCGAGAAGCAATATGAGTGTCTCTCTCTTTCGTTATGATTTCTCCTGCTTCATATAAAAGAGACGTTATTATTTTTACAGTAGAATTTTCCACTCCTATTTTCTCCTTTAAAGTTACTTTTCCGTCAAAATAATAGAAACATGCTTATTTCTATGTTTTTCTGCTTTTTTTAAAAATTCAGTAACAATCTCAAAAGGCAAATTATATTCTACCGCTATCTCCGTTATATCATCCCCTATTTTTTGCCAAAAAAGGTGAGGTTTCATGGCTCTTTTT
CP133089.1_gap59	2236816	2240382	3566	CGTTCTAAAATTTCACTTGAACGCGTCGGCCTTAAAGGATGGGAAAATTACTATCCTGGTTCGCTGAGCGGAGGGATGAGGCAGCGTGTCGGTATCGCAAGGGCTCTTGTTATGGATACACCTATCCTTCTTATGGACGAGCCTTTCAGTGGTCTTGATCCTTTGATCCGCCGAGAAATGCAAGATGAATTAATTCGATTACAAAAAGAGCTTAAGAAAACTATTTTCTTTGTAACTCATGATCTTGATGAAGCAATGCGAATGGGAGACCGTATGGCTGTAATGAAGAATGGATCTATCGTACAAATGGGAGCTCCTGCTCAAATTCTCGCAAATCCTGCAGATGAATACGTGGCCCGTTTTGTTCAGGATAAACGGCGCCAAATACAGATGGCTGATGAAGGAGCCTTTATATCTGATGATGAAAGCATTGATGAAATACCTGATGAAGGAGTGATGAATCATATTTCCAGAAACGTTTGAATTTCATGTTGCAAGTCATGTTAATAACGGCGTAGACTGGCTTCTTCAAGCCTTAGCCCCAACTTTTGATAGTATTTCCAGCGGAATTCTTACTATACTTTTAGGAATTGAGAATTTCTTGCACATCATCCCCTGGTGGATATATATAGTTGTAATTGCTCTCCTCGCATGGAAAGCAACACAGCGTCTCAGTACGACAATTACATTGCCGATAAGCATATTGTTCATAGGGATATTCGGCCTTTGGGATTTAGCAATAGGAACACTTGCCGTTGTCATTGCCGCAGTGTTTATTTCCTTACTTATTGGCATTCCCCTTGGTATCCTCATGGCAGAAACCAAGGGAGTGGAACCCGTTATGAGACCAATTCTAGACGCCATGCAGACAATGCCAAGCTTTGTCTATCTTATTCCGGCCATGATGTTTTTCGGTCTCGGGAAAGTCCCAGCTGTTCTTGCAACCTTAATTTACTCTCTTCCTCCTGTTATACGCTTAACGAATCTTGGGTTGCGGCAAGTACCTAAGCCGGCTCAAGAAGCAGCGATCGCATATGGAGCAACAAAATGGCAATTGCTAAAAGAAGTGCGAGTTCCTTTAGCTATGCCTACGATTATGGCAGGAGTCAACCAAACAACAATGATGGCTCTATCAATGGTTGTCGTAGCATCTATGATCGGAGCCAGAGGACTGGGACAGGAAGTTTTACTTTCTATTAACCGTATTGATGTGGGACGTGGTTTTGAAGCCGGAATCTCTATCGTTATTATGGCAATTACCATTGACCGTATAACACAAGGTTTCGCCAAAAAATGGGACCCCATCAAAAGATAAATATATGGCTCAGAAACCTATATTTAAGCCGTCTTCTCCTAAAAGAGGACGGCTTATCCTATATAATAAGCATGTAAAAATTATGTACCTTTGAAAACGAGGATAAGAATGGAACAAATATTTTATGATTGGCAATTTAAAGCATATACAAAAATAGAAGGGCAAAATGCTGTTCTTTCTGCTCCGACAGGGGCAGGTAAAACTCTTGTTGCATATCTTTGGGCAGGACTTTTAACAACAGAAGGAAAAATTCAAATGCCCAAAGATACTTCGCGTATTATATTTACCGCTCCTATTAAAGCCTTAAGTAACGAACGATATATGGACCTTCGGCGCATGGGGTTTGATGTAGGAATAGAAACTGGCGATTTCAAACGAAATGAAGAAGCTCCGATTATTTGCTGCACACAAGAAATCTATACGTTGAAATATACGAAAGATCCCGATCAAAAACTTATTATTGATGAATTTCATTATATTTTTGAAGATCCGGACCGTGCCAGAACCTATATTGACGGCATTCGAGAAACAGCACCAACAACGTCTATTCTTGTTATGTCTGCGACCTTCAGCCAACCAAACGTTATAGGTCATTACCTCGAATCAATTACCGAGCGCAATTTTATTGTGTATGAAAGTCAAGAGCGAGCAACTGAGCTTGTTTTTACCCCTAAGAAACCTGCTCAACTCTTTTCTATTCATGATGCTCTCGTTTTTGTTTTCTCCCAACGTGGAACTATGGATTTGGCCTACAACATTGCTAGAACTAGGCGACGCCTTCCCAAAGAACAACGAAGTCGTCTCTATGAATTAGCAACTATTCTTGACGTTCCTAAAGTTCAAATGCCCCTTCTGTGTGGCGTAGGAATTTATCATGGAGGAATGTTACCTAAAGAAAAGCTACTTGTAGAATCAGCTTTTCGTGAACGCATTCTTGATGTTGTTGTAGGAACAAACGCTCTGGCATTAGGTGTCAATCTACCTGCTGAAACAGCTATTTTTGCTCAACTAGTTCAATTTCACGATAACGCTCCCATAAGCAAAAATGAATTTCTCCAAATGTCGGGACGAGCCGGAAGAAAAGGCCTTTTCGATACAGGCTATGTTACATGGTTAGCGAATTCCCCCTGCGAACATCGCGGATATAACACAGGGGAAGAATTTAAAAATTTGCTTCATATGTCTCCAGAGGCAGCTTCTGTATCTCTTCGGCCAGCTTGGGGAGCCTTGTTACGACATGAAGTTCATATTGACGACGAAGCCGATTATATAAGCCGTTTTTCCTTACCTGAGATTGATCCTTATATTTTACGCAACGAACTGAGACAAGGATTAAAGCGCATAGATAGAGCATTACGCCGTATGGTAAAACCTCATCAAAGAAAACAGTTTAGGATTCTTTTAGCCAATATTTGGTATGAAGAGATGAGTGCTGATGAAAATCTTGAAATGGCTCGTCTTTTCTTTGCCGAAGAACGGCCAGAAGCTCTTTTCGCAGCCCAACTTGTTGCCCCTTATGAGCGGAATTATCTTCAAGCTCTACTCAAGATCAAAAGGTATGCTAATCACCTTCCAAATGGGTATTTCTTTAGGGGGATGCGCTTTCTTAATCAAACTGTTGATGACATAGACCCAACTATTTATGGTTTTGAAGAAAAAATTAATGAAATAGAAGGATCTTCGAAAAAAGCCTAAGCAGAGAAGGATTTGCCAATATCGCTGAGGCAACGACGTATAAAAAGATCTTTTTGACATGCTAAATCTACAATCACAAGATCTCGTACAGCATCTCCATGAGTATTGATTCGAAGCATGAGCTTAGGGCGCAATATATCTCGGCCTGCAGAGGCAATAACAATTCCGATGCTGTAATCTGAAAGTTCGACAATCGTTCCAGGCGGATAAAGCCCTAGGGAGCATAGAAGGACCCCAACGATTTTTTTATCAAAATGAGTATCAGCGTTTTGTATAATCATTGAGAGGGCCTGGCGAGTTTCTAGAGAATCACGATATATACGCTTTGTGGTAAGAGCATCGAAAACATCGGCAACAGCCGCAATACGGGCTTCAAAAGGAATCTGTTCTCCTCTTAACTTATCAGGGTAACCATTTCCTTTCCATCGTTCATGATGATGGCGTACTATAGCAAGAACACGTTTATCAGAGACCCCAGACTCTCGGAGCAACCTTTCTCCTTCTTCTGGGTGTCTGTTTATAATACTGAATTCACGCGGAGTGAGAGGGCCAGGCT
CP133089.1_gap60	2250654	2253662	3008	AAAGAGATTGTGGCGAATAGGGAGGAGAGGTCGTGGCAGAAAAGAAAGGAGCTAGCGACAGAGCTTTTCAAAAAATAATTAATCTTGTTTTATCCCATGAACTTAAACCGGGAGATCGAATATATGAAACAAACCTGGTGGATGAACTACACATGAGCCGAACGCCCATACGTGAAGCACTTTCACGCTTAGTTTCTACAGGATTTTTAGAAAAAACCTCCGGGCAAAAAGGTTACGTTGTCCCTCTTTTATCTCCAGACGATATGGAACAAGTTTACTATTCAAGAATTGTTATTGAAGGGAAAGCTGCACGTAGAGCGGCCCAAAACGCCGATCAAAAAGCAACAGAGGATTTAGTTCGCCTTAATGAGGAAGAAAAAAGGAAATACCAGGCGAATGCGAAAGACGAATATGCAGCTCTTAATGAAAAATTTCATATGGCTATCGCCGAAATGTCTGGGAATACATATCTTTATCGATATATTCAACAGCTCTTTTGGCGTTCTAATCTCTATGTTTTCTTTTTCATGAGCTTCTACAATTTAAAACAACCAGAAAGTAATGGGACAGAGACAGATATTCGATTAAGCTATAAAGAACATGAAAAAATAATAGAAGCTATTCTGGCAAAGGATGGATTTGCCGCAGAAAAAGCAATGCAAGAGCACTTGATCACAGCATATAATTCAATGCTCAACCCTCAGAGCAAGCCTTTATTGACATTTGAAGAATTTAAAGACTAAGATGAAACTCAAGAAAAAAGGAAGGATTAGTTAATCCTTCCTTTTTTCTTGAACTAAACACTTTATATCTTCCATTAAATCTCTTCAAAAATTCCTTTTTTAACAATTTTTCCTTCACTCATCATAACTTCACCCTTAGCTATGACATATTCTAACCTAAAAGATGTAGGTGAAATAACAAGAACGTCACCGTCAACGCCAGGAGCAATGTGCCCCTTATTCAATAGTTTCAATCGTTCCGCTACATTTTGTGTCACTAGCTTTAAAGCAACCTCAAGACTTATTTTTTCTTCGCAGACACAATCTTTTAGCTCTCTAAACAACGAAAAAGGTTCTCCTATACCCATTTTTACAAGCTCTCCCGAAGAATCAAACTCTGGCATACTTCCGTTGCCATCAGTACTCATCGTGAGATGAGAGATAGGAACTTGTTCTTTCATAGCTCTTGCTATTCCCTCACTTGGTTTTACTGAGTTACCATCATTTCCCATACTCGTAGTGAGATCTATAACGCCACCATTATTACAATAATTCAACGCCTGAGTATAAAGTTTTCCATTCCGGTTAACGTGGGTAGGAATAATTTGGCCCAGAGGGATATCGGTTCCTTCAAGAGCTTGTTCTATTATATGTAACCCTATGGATTCTCCTCCCATATGAGCCTCAACAACGCCTGCCTTTCCAGATAGCATTCCGCCTACTCGAGCATCTGAAATAATGCGTCGTAATTCTTCTACAGTTGGATGTGACGAACGATGATCTGAAAGAGCTATTTTAGTCCCAATGATCTTGTCTATAAGAACAATATCAGACATTACGCTCTCTGTAATAGTTACGGAAGGAACACCGTACGCCCCCGTATACATGTATGTAGAAATGCCTTCGTTTTCAAGAGAACGAGCCTTTGCCAATAATTCTTTCAGCGATCGTGATATTCCGTCAGTACCTAAAGGTGCTACCGCAGTTGTAATACCTGCACTAATAAAACGACTCAGTTGCAAAGGAGGTGTTCTGAAATGGGGACCCCCTTCTCCTCCTGCTCCATTAAAGTGAACATGGCTATCAATGAGCCCAGGAACAACAAAAGCACTTTGAACGTCAATTATGATTGCTTCAGGATCAATAGCTAAAACAGCCTCTTTTGAAATTGTTGTTTCAAGTGCAAGAATAGATTTGCCCGCTATTAAAATATCGTGCTTCCCTAAATGAACAGGGGTATATATTTCTGCGTTTTGAATTAATAAGAGTCTCATTATAACCAACCTACTTTATCTAAAATTACACATTGGTATTCTTAAATTTAATACGTAAGGGAAATATTGAAAAACTTTTTTACTTCGTAGAGGGCAACAATACACGTGCATTTTATATTTCCTCCTCATTCAAATCGATAATATGTACATTTAAACGTATACGCAAAATATCGATAAATTTTAAAACAGATATATTGTATCAAAAAAATACAGATATAAGAAAGTGTCAAATGAAGCTTGTTTTAAAGGTTTTACTTGCAATAAAAAAAGAATAGCGATAAAATATTTTTGTTCTTGGATATTTTTATGTATCCATAAAAACATGGGGATGTAAAAAAACATATATACTCTTTTTATGTACTTTTTCTTTTTTTTCATCGCTCTTTATATTTCTTTTTACGTTCCAACGAATGACGCTTACACGTCCCCATTTTTCCCTTAAAAATCAGAAGGGAGTGGTGCCTGCTGAAGAAACGACAAACTAAAAACATTGACGCTCATTACTAGTATTGCAACAAATAGAAAAGGAGGTCGTTTTTTATGGATGTCTTCAGCAACGCCTTTGAAAAAAAGTGGTTTTTTATTTTTATGTTTATGTACGTACTTATTATGCTCCCGCTTCCCTTTTTCTTTTCTACAACATATATTCCCTCTTTGGGCGGTCTTCCGTCTTTTATTATTGGTTGGACAGTTCACACCGCAGCAACAATGGCGCTCATCTTTATTTTCTATAAACAGGCCATGAGTCGCCCTGAATATCACGAATTCGACGAAGATTAGGGGGGAAAGTTTATGGATGCCGTATCAAGTTTGATTCATCCCATTCCAGGTATTTTTTACACAGTTTTAGGTGGTTACTTTGTAATTATGGCACTTATTGGTTACTACTCAGCAAAAAATACATCTACATTAAGTGACTTCTTTGTTATGAGTGGTAAAGCCGGTGCTATCGTCAGTGGTCTTGCTTATTTTTCCACACAATATAGCATGAGTACTTTTATGGGATGTCCAG
CP133089.1_gap61	2258226	2260568	2342	CGCCAACTTCTTCATTGCCGGAACAGACGCTCTCTTGGCAGGTATTACAGAATCAGCAGCTAAGGGAATGAACATTGTTGGTCCTACCCACCCCCTTATTAATTGGTATTTTCTTATAGTAGCAACCGTTACTGTCACCTTTGTTACAACCTTTGTTACAGAACGATTTACCGTGAAAATTCTTGGAGATACAGGTGGACATAAAGACGAATCTGAACTCTTAAAACACGTCGTAACTCCTGAAGAAAATAGAGGACTTCGATGGGCTCTTATTGCCGCAGTTTTATGTATCGGATTTTTGCTCTATTTGACAATTCCGCAAGGTTCTTTCTTCAGATCTGACAATGGAACAATTGTTCCAAGCTCTCCCTTACTTTCAAGCGTTGTTGCTATTTTGTTTTTCATCTTCTTCTTTGTCGGAATCGCTTACGGATACGGCTCTGGTACCATAAAAGAAGCTTCAGATGTGCCCAAACTCATGCAGAAAGGGCTTCAAGGCAGTCTTAGCTTCCTTGTCGTAGCTCTGCCAGCAGCCTTATTCATTAATCTCTTTAATTCAAGTAACCTAACAACAATCCTTGCCGTTAAAGGTGCAGAGGGTCTTAAAGCGCTCAATTTAGGCGGCATTCCACTCATTTTGATGTTTATTCTTCTTTGCACGTTTATCAACCTATTCATTACAAGCGGATCTGCAAAATGGCTAATTCTGGCTCCTATTTTTGTTCCCATGTTCTCAATCATTGGTTTTTCACCGGCACTCACACAGATCGCTTATCGAATCGGAGACTCGTCATCGAATATTATCTCACCTCTCTCATACTACATTCCTGTCATGATAGGTCTTTTGGAGCAATATAAACCTGAAGGTGATACAAAACCTGTAGGAATAGGAACTGTCATCTCCCTGGAGATGCCTTACACTATTGCTTATCTTATCTGTTTCTCAATCCAGCTCATTATTTGGTATTTGCTCAAACTGCCACTTGGCCCAGGAGCAGGATTATTTATGTAAAAAAGTAAAAAAGCAAGATCATCGTTAAAACATAAAGATAAACGGGGGGAAACAACAATCCTAGCCATGTGTTTGATGGCTAGGATTGTTTATGTGCCTATTTATATTCATAAAAAATAATATAAATCAATAATTTAAAATTTATTTGAAAAATAAAATATAAAAATCTTTTAATTACAATAAAAAACACTAATATAGTATTAAATCTAATTTTTAATCCCTTACAAATACTCTGACTGACATTCTCTTTCTTATCCGTTGCATATATTCCTCAACTTTAACGCTATATCACACATATCAAAGGAGGTACATTATACATGGCAAAAAAACAAAAACGATCAGAAACAACGCACAGTCCCGGGCTATTTGAACGTTTCATCAAAGGTATCGAAATTATAGGCAACAAGTTACCTCACCCTTTCTGGCTTTTCGTTACTCTCGCTCTCATTGTTATTGCTCTTTCGTACATACTATCGAAAGCTGGAGTATCCGTTACCTATCTTGCCGCCGCCCGCGGCGGTGGGGAAGCAAAACAAACCACAGTTGAAGTCGCAAACCTGTTAAGTTTTGAAGCTCTGCGTCCCTTTATGGCCAATTTTGTCAAAACCTACGTTGGTTTTGCACCTCTCGGCCTTATTATGACCATGATGCTGGGTATCGGACTCGTAGAACAGACTGGTCTTATTTCAGCTCTCATGCGAAAAACCATAATGGGAGCTCCATCTTATTTAGTAACAGCCGTCCTTGCCATTGTTGGTATTAACGCCAACCTCGCTTCTGACGCAGGTATTATTTTCACCCCTGCCATAGGAGCTGCCGTATTCAAAGCCCTGGGGCGAAATCCATGGGTCGGCATTATTGCAGGCTTTGCAGCTGCTTCTGGAGGATTCACCGCCAACTTCTTCATTGCCGGAACAGACGCTCTCTTGGCAGGTATTACAGAATCAGTAACTAAAGGAATGAATATTGCAGGACCTACGCATCCCCTTATAAACTGGTACTTTCTTATTATGGCAACTCTAACTGTTACTTTTGTTACAACCTTTGTCACAGAACGATTTACCGTGAAAATTCTTGGAGATACAGGTGGACATAAAGATGAATCTGAACTCTTAAAACACGTCGTAACTCCTGAGGAAAATAGAGGACTTCGATGGGCTCTTATCGCAACAATTCTATGCATCGCGTTCTTACTCGTTCTAACAATTCCCGAAGGTTCATTCTTCAGGGCTAATGACGGAAGCATCGTTCCTAAATCTCCATTACTTTCAAGCGTTGTCGCTATTTTGTTTTTCATCTTCTTCTTTGTCGGAATCGCCTATGGATACGG
CP133089.1_gap62	2348667	2349364	697	CTGTTTAGAAGATAAATTTCCCTCTCAAGGTCATCGTCAGTGATAGCAACGTGAAAAGTCTCTTCGATTTTTCTCTTAAGAAGATACATTTCCTTTCGCCAATACTCGAAATCTTCTGGGCGACTATTGGTTTGTGGTAATTGCATAACGTGCGTAGGTTTTATTTTATTTAATAATTCGTACATCTTCTTTTTGCCGTCACACGTTGTTTCTCCTACTACAAAATCACAGAAGTGAAGGTATGGACACGTATCCGTTAATGCGTATCCGTAACTAGATTTAACAAGAGGACACAGATTGCGGGGAAGATGTTGTTCTGCAGGAGCAATACTTTTTTCTCCAGTACCACAAAGTCCGACAGGTATAGCTTTTCCTGCATAAATAAGCTCTTTAGGGGAAAAGGCGCAATAGTAACCGACAACCTTTCTTCCCGCTTCACTTGCTTCTTTTATATATACAGTACCATCACGCAAATGTTCTCGAAGTTCGTCAAAAATCTGATCAGTTGATTGGGTCATCAGTATTCCTCCTTATCTGCCACGTTAAGAGCTTTGACTGCTGCACCTATCGCTCCTATAAGTTGTGGAAAGGGCAATGTCACGAGAGAGCATGGAAGAGATTCAGAAAGAAGAGATGCGGTTCCTTCAAGAGAGGCAATTCCGCCACTGAAAGCGATCTTTTCTGTTGATGGAAGAGC
CP133089.1_gap63	2350736	2352696	1960	CAAGCCGTATAATAAGCTGTAACACCAGTATCGTCCGTGAGTTCTTCAACTGCACGACGTAATTTTTCTTCGTTGCGGCTGGCCATCATTGTAACAACACCCTCCATTAAAAAACGTCGGGCCATTGCCTTACCCAGTCCACTACTTGATGCCATGATGAGGGCGACCTTTCCTTTTATACCAAGATCCATTTCTTTTCCCCTCCCTTTCAAAAAACTTTATAATAGTATTCTGTAAATTCTGTTTTTATTCAAGAGGCAAGATTACTTTTTCGGCATTTTATCGGATAAAGGAAGATATTCTTCATGATAAAATTAACTGGATTTATAAATAAAGAATACATTTCTCAAAGGAGAGATTTCTATGTCTAAACATTTATTTTTTCCCGTTCTTGTCGCAAGTTTGGCCGTTGTGATTTTGTTATGGAATGCAGGAAGTGCTTCCGCAGCTTTGCCTCCCCTTGTTTCTCTTGAAGATTTTTTCAAAAATCCTGAAAAAATATCTTTTTCTCTTTCTCCAAATGGAGAATATTTAGCATATATGAAACCATGGCAACGAAGGATGAATGTATATGTTCAAAAAGTAGGTTCCAATGGTGAACCGAAGCGCCTTACAGAGGCTATATCTCGAGATATAGCCGGATATTTCTGGAAGGGAAACAATCAGATTATTTATGTTCAAGATTCAGGAGGAGATGAAAATTACCATCTCTTCTCTGTTGATATAACTGCTCAGACAAGAAAAGAGCTAACGCCTTTTTCTAATGTACGGGTTTCTGTTGTTGATGACTTGGAAGATGTGGAAAACGAGATGCTTATTGCTATGAATCGCCGCGATCCACGTCTTTACGATGTGTATAGAATTAATATTTTGACTGGAGAACTTACTCTTGTTGCTGAAAATCCTGGAGATATTGCAGGATGGCTCACAGATAATGACGGGAAATTAAGGGTTGCCGTTCGGAGCGATGGTGTACAAACGAGTCTTCTATATAGAAAAACCGAAACGGAGCCTTTTAGAACTGTTGTAACGACGAATTTCAAGGACTCTATAGATCCGCTATTTTTTACCTTTGACAATAACTATCTTTACGTGGCGTCGAATCTCCACCGCGATAAGAGCGCTATTTATCGTTATGACCCGGAGACTGGGGCTTTTCTTGATATGATATATGAACATCCTGATGTTGATGTTTACGGGCTTCTTCGCTCAAAAAAACGTAAAGTTATTACAGGTGTTCGATATATAACAGATAAGGGGCACTATCAGTTTTTTGATTCAGAAAGGGAAGAAATACAAAACACAATTGAAAAGAAGCTTCCAGGTTATGATGTTGTTGTGGCAAGTATGACCCGAGATGAAAATCGGATGCTTGTTTATGTAGGTAGTGACAGGACATTAGGAGCTTATTATTTCTACGATCGTAAGACGGGGGACTTTAAAAAACTTGCAGATTTAAGCCCGTGGCTTAAAGAAGAAGAGATGGCTTCCACAAGGCCTATTTCATATACCGCAAGGGATGGCCTTACTATTCATGGATACTTAACTCTTCCAGTGGGAGTTGAGCCTAAAAATCTTCCTGTAATAGTTCATCCTCATGGTGGGCCATGGGTTCGAGATACATGGGGATTTAGTCCCGAAGTACAATTTTTGGCCAATAGAGGATACGCTGTTTTGGAGATGAATTACAGAGGCTCAACTGGTTACGGTAAGAGTTTTTGGGTCGCTGGCTTCAAAGAATGGGGCCGCAAAATGCAAGATGACATTACCGATGGAGTGCAGTGGCTTATCGAAACGGGAGTAGCCGATTCGGAGAAAATAGGCATCTATGGTGCTTCTTATGGAGGATACGCGGTTTTGGCTGGATTGGCATTTACTCCCGATCTTTATGCATGTGGAGTTGATTATGTCGGACCGTCTAACATCTTTACTCTTTTAGAAACTCTCCCCCCCTATTGGG
CP133089.1_gap64	2362621	2364282	1661	GTTTCTCTAAAATGAAGCGGGCAACTTTCTTTTGCCCCGGGGATAATTCATTCATTTTTGCTGTAATGAGTTCTTTTAACATAGCTAGTGTCTCCCCTTTTGAGTTTCTTTGTCAATTAAAAGGTCGATATTGCCCTCAAGTTGAAAAAAAATATCCTTTGAGATATCATGAGAATATTCTAACATATTTGCATATTTTAATTTTATTTTTCATGTTTTAACTCTTGTATCTTTAGCTTCACTCTTCACGCAATAGAACAGCGTTGTTGGTGAAAGAAAGGAAAGAATGAGAAGACTTTCTGTGGAGTGAGCAAAAGATGAGAAAAGGAGAATGGGGAGAGAATTTTAAAACCAACCCCCCTAGGCAAATTGCTCTTCCCCTTGAAAATGAATTAGAGTATCTGGAACAACAAGATGACAATATGTTCCAGAACCCTTCTCTTTGGTTTTCTGCCTCTCTCCATCACCCCGATCTTCTTGTATGTTTTATTGATGAAGACGGGCGCCTTCGTTTTTGGAATAAAACAGCGGAACGTGTTACAGGGTATAGTTTTGAATTTCTTTCAGGCTCAAGAAAGTGGCTTTCTTTACTCTATGCGAATGTCGAGAATTGGCAACGTATGCTTTCTTCCCTTCGGACCTTGGCTTTGATGCAGGGGGCTTCTGCAAGTATTGAGACAAAGATAAAAAAGAAAGATGGCAAGCCATGCACGATTCTATGGGCGTGCAATAATGTAATGCCCTCAGATGACTTCCCTTTTTCCGGTGTTGCTTGTTTGGGAATAGATATAACTGCTCGTGTCAATAGAGAAAAACGTTTAACGGAACGTATAACGACGTTATCTGCTCTTTTCGATAATATGGCTGATGCTGTTTTTCTTCACGAGATAGATGAAGATGGAGTGCCGGGAATATTTGTTGAAGTTAATGAGGGAGCCTCTCAAATGTTGGGATATTCCCGAAATGAATTGCTCGGTAGTTCTCCAAATTCAATCGATATTTTTTTAAAGAAACAGGACATACTGATACTTGTGAGGCAACTTTTTCTAAATGGACATCTTACTTTCCAATCTTTTCTTAAAAAAAGAGATGGATCAGCTGTTCCCGTTGAAATTCACGCACACCTTTTTTCGTTTCAAGGAAAGCCTATGGTTCTTTCTATTGCTCGTGACGATTCAGAACGAAGAAAAAACGAAGCCTTGCTTATGGAAAATGAGGAATTTTCTTCATCAATCCTTGATCAAAGTCCTAACGCTATTTTTGTCGTTGGTTCTGATACACGAATTCAGTATGCCAATAAATCTTTTGTGAAACAGTTTGGATATTCCTCAGAAGAAATTTTGAAACGTCCTGCTCCCTATCCATGGTGGAGAGAGGATTATTGGCTCAATATGGGAGAACTGCGTATTGCTATGCATGAAGGTGTCATAGGTAAGGAAAAACGCTTTGTAAGAAAAGATGGCGAAGAAATATGGGGGGAAATAACAGCGGTTCCTATTCGAGACAGCGATGGGCGGCTTCAGTATTGTGTGGTGACTTGGAAAGATTTGACTTCATATAGAAAACTTGAAGAACAAATAAGTTTACATCAGCATCAATTACAATATTTGTCCTCTGAATTATATGTGGCTGAAGAACGGGAGAGGCGACGTATTTCCACA
CP133089.1_gap65	2427330	2427830	500	TGCGGCAAAGGGCTGGATGAGATAGAGAATGGTTACTACGCCCAATATTGGGATCAAATAAAACGAGAGCCCCAGGGGCGTTTCAAATCAAAGTTGCGTGGAGATATTATTTGCTGTTTCTTACGCAAATCCCTTCCCAATCTCGGAATGGTTTTTAGGTACTCAGGCTTCTGGCATCAGAAGCCCTTTGCTCCAGTAGCTGCTTTAAAGAAGGCTACCCCTTCTTATTGCGGCGGTTGTTGTTTTATTCGTGGCGATTTTTCATCATAACGTGTCATGGGTTATCAGAAAAATGACAAAGCCTCTGCAGGATAACTGGCCAAAAAGGCTCTATATATTACAGAGAATAGCGATCTTTCTGTTCGACTAGGAGACAGACTCGAAAATAGTAGAAATAAGGGCAATAGTAGACGCGCTCAACGCTATGGTCGTAGGCATATCTGGCATAGTTTCTGCAATTGTGAGAAGCTCGAAAACAGTTTTGAACAAGGCTGAAGATA
