gap_id	start	end	length	sequence
CP132910.1_gap1	13044	16611	3567	CTGCTCCTGCTCACCAACGACGGGGCCCTGGCGCAGCGGCTCATGGCGCCCGAGTTCCATGTGCCCAAGGTCTACCTGGTGAAGATCCACCGCATGCCCAAGCCCGAGACCCTGGACGAGTTCCGGGAGGGGTTCCGCCTGGACGGGCGGCGGCTCAAGCCCTGCGGCATCGAGATCGCCGAGAAGGCGGACAACCCCTGGCTGCGCGTCACCCTCATCGAAGGCAAGAACCAGCAGATCCGCAAGATGTTTGCCGCAGTGGGGCACCCGGTGTCCAAGCTGCGCCGCATCCAGTTCGGTCCCCTGGACGATCCCGCGATCAAGCCCGGCGAGTGGAAGTTCTTGAATCCCCAGGAACTCGCGGCGCTGAAGGCCCTCTAGTTCGACTGTGGCGTCTGGAAGCCGGGTGGGCCGGGTCCCCCCATCGCGCCCCGATTCGTTGTCGCCGGCAAGCCGGCGCCAACGGAAAGCCATCGACCAGGTTGGAGGCCTGTGTTGGCACCTGCCAACTCCGATGGATTGCCGAAGCAGCCCTGCCGGCACAGGCTCCCCGGGCCGGCCTATGGCTCGGAGGGCCTGCTGCGAGTTGAGTCTGGCGAATGCCAAAGGGGCCGATGCTGATTAGGCCATGGCCATGCCGAACTAAGCGACGGTCCAGGATCGAGGTGGTGAACGGGGTGTGCCGGTGCGGCCGCAGAAAGGGCATCGGGGTAACCGCAGGATCAGCATTCGGATGAGGTGCGCCAGCCTTGCGGCATCGGGAGGGATCTCGCGTCCAGGCCTCAGGCAGGTAGAGTCGATAGGCCACGGGCAGCGCCGCGACGTGATTGGTCAGCGAAACGTTTTCGCCACTTGGCAGTTCTGATGGTTGCCCCGGCAGCCGCAGTTTGGGTGGGCCACACCCACGGAATGTCGGCCTTGCCTGGGAAAGGACGTGTCATCGACAATCCACGCCTCGATTCGGCCCCTGGAGGAGATGAATGGCAGGGCATAAGCCCGGCTAAAATCCAGCACGACCTGGGCATCCCACTCGGAGTCGGTGATGAGCCGCTGGATGGAGGCATAGCAGGCTTCAGGGCGCCCCGGATCCAGTCTGGCCGCGATGGGCTCCATGCTTTTGCGCTCCCCGGGAAGCAGGAGCCCACTGCAATACCCGCACAAAGCTCCTTGCGAACCGGACCATCCGGACAAGCGCAAGGCTTCGGCCACTTGGTTCGAAAAGGCGTCGAACCGGGCCTCGCTTTCAGGGTCCAGTGCCTCCATCATCCCCTCCGTGGTGGACCTTCTGTGTGAACCCAACCCCATGGGTTCCCCATGGGGCCGGCTCAGCGACAGGAGAGAGACCGGGCGCCCAAATCCAAATCAGCGTCGGCGCGACCCGGACTGAACCCTGCTCCACTGGCAGCTGGCCTTCAAAACCATAGGCCAGCCCGGGGAGCCAACGCTCATGCAGCGGCCAGAGGCACCCATCGGAGTTGGTGGGTGTGAACATGCTCCTCGCGTCCCAGGTCGGGATCTCTCCGTTGGCGCCGGCTTGCCGGCGACAACGAAACCGGGCGAAATGGGGGGACCCGGCCCACCCGGCTTCCAGACGCCACAGTCGAACTAGCCAGGCCACACGAAGCCGGGCTCCGAGCTGGTCACGTCCATCAGGCCCTTTGACGCGGCCCAGCCCACATCCCAGGTCTTCATGCCCTCCAGGAGCGAGACATCGCCGTCGGGGGGCATGAGGGCCCCCACCCAGCGGTCGCGGCCGGTGTTCTTGGCGGCGTAGAGGCACTGGTCGGCCAGCTTCAGGGCCTGCTGCCAGTCGGCGAGCTCGGGGTGGTGGGGGTGGACGGGGAGGGCGGTGAAGCCGATGGACCAGCTCTTCTGGAATTCCACCCCGCCGGGGAGCACGAAGGTGCAGGCACGGATGGCCTCCAGCAGTCCGTTGGCGATGGCGGGGGCGCCGCTGCGCCGGGTGCGCCGGGCCACCAGCAGGAATTCCTCGCCGCCCCAGCGCACCAGGGAATCGGTGGCCCGGGTGTTGGCCCTGAGGATCTCGGAGAGCTGCTTGAGCACCAGGTCGCCGGCCAGATGGCCGTGGGTGTCGTTGACGGACTTGAAGTGATCGATGTCCATCAGGAACAGGAGGATGTCCTCCTTGTTGAGGAGGGGGTCCTGGCCGGTGTCAAGGTGTTCCCGGAAGGCCCGCTGGGCCTGGAGGGCGTCGGTGGGCAGGGAGAGGTCCAGGAAGCGGCGGTTGTGGAGGCCGGTGAGGGGGTCCACCAGGGACGCCTCCTCCAGGGCCCGGTTGGCTTTTTCCAGCTGCTTCTTGGAGGCCTCCAGGGCCTCGGTGCGGGTGGCGACCATGGCCTCCAGGGCGGCGTTGCGCCGGTGGAGCTGGGCGGTGCGCCGGCGGAAGCCCAGGAGGACCACGCCTCCGGCCGCGAGGGCCGAGAGGGTGCGGAACCACCAGGTTCCCCACCAGGGCGGGAGGATCCGGAAGGAGAACCCGGCCACCGGCCCGGGGGGGCCGTCATTGAAGCGGCTGCGCACCTCGAACCGGTAGTTGCCGGCCGGCAGGGCGGGATAGCGCGCCTCGTAGATCCGCGTCTCGCGCCACTCGTTCTCCAGGCCGACCAGACGCACCTCGTGGCTGATGCGGCTCTCGTTCTGGAAGGAGAGGCCGGAGAAGTGGAAGGAGAGCGTGCGGTTCGCGTAGGGGATCCGGGGGCTGGCTTCGTCCACGGCGTGCTCGCGGCGCAGGTCGGTGATCTCCTGGATCTTGGCCACGGGGGGCGGGGGCGGGCCCTGGTAGGCCCGGGGCTGGAAGTAGGAGATGCCGTTGGCGAATCCCTGCCAGAGGCCTCCGTCGGGGTCGATGGTGAGGCCGTTGGCCATGGGGTCCTGGCTGATGAGGCCGTCGCTCTTGCTGAAGACATCGAGGTCCTTGCCGTCCCAGCGTTTCATGCCCCCGCCGGTGCCGAGCCAGAGGATGCCCTTGGGGTCGAAGCCCATGCTCAGGATGCTGTCCCTGAAAAGGCCTTCGGGCTGGGTGCGGGACTCCGCCACCTGCCAGGCGCCGTTCACGCGGGCCAGGCGGCTGATGCCCTTGGCGTCGAGGTACGAGACCCACATGAAGCCCCGGGGGTCCCGGGCCAGGCTGGCGCAGTTGGTGCCGAGCAGGCCCTGCTCCCGGCCCAGGCGGGTCCATTTGCGGTTCTCCAGGAAATACAGGCCGTGCTCGCCGGCGGCCCAGAGGCCCCCGCCCAGGTCCTTGCGGAGGGAATTCACCCTCTCCTCGGCCTGGTGGCCTGGGAAGGGCAGGTGCTCCGTCTTCCAGCCCCCCCTGTCCCGGGAGACCTGGTAGACGCCGTCGGTGCGCGAACCCAGGTAGGCCCCGCCCTCCGGGGCGCTGGCGATGGTGAGGATCAGGTTGCTGGTCTTGCAGGGTTTGATCGAGATCTTCTCCACGCGGTCCGTCTTGAGGTCCAGGCGGAAGACGGTGTTGAAGTCCTCGTTCTTTCCGGATCCGCCGAACCAGAGGGCTTCGCGGCCGTTGCCGCCCCCGGACAGGAGGGT
CP132910.1_gap2	37650	40755	3105	ACAAGCTGGGCTTCCCCGAGCACTCCCTCCTGGGCCTGTGCTACGGCGTGGGCTACGAGAGCGGCTTCGGCGGCGGCGGGCTGGTGAAGTCCACCTACGCCCCCGTGGGCTTCAATTTCACCAACGCGACCATGGCCAACCCCGCGGGCGCCGCGATGCAGGTCAACCGGATCGGCAACCTCAAGGACAGCACCGTCCTGGGCGCGATGCTCGACATCCCCCTCCTCTTCGAGGGCCTGGGCACCGTGCACAGCGCGAACTTCTACCTGGGCTTCAACCGGTTCGGGAACATGACGGACATCCCCTTCGGCGAGCTCAACAACTTCCCGGTGCCCGCCCAGCCCGGCATGGGCGGCATGCCCAGCATCCAGTACGTGACGGCCACCAACAACCTGGGCGACATGGACCAGGTCACCGCCACCTGGAAGCACAAGATCGGCGACAGCTTCACCTACTTCGCCAGCTTCGGCAGCATCAAGAGCAACCCCAACGGCAGGACCAGCCAGTACGGCGCCTACTGGGACATGCCCGCGGCCATGGGCGGCGCCAACTACCAGCTCACCGGCTTCGGCGGCCTCCTGGGCGACGCGAACAAGAGCCAGACCGCCACCGCCTACTACGTGGGCGCCCGCTGGGACGTGAAGGACAACCTGGGCTTCGGCCTGGAGTTCAACCACGGCTCGCCCAAATGGTTCACCTACAGCCCCGCCACCGGCGAGGCCACGGAGAAGCTCTCCACCCGCGGCGACGTGATCGAGGCCTACGTCCACTGGGAATTCGTGAAGAACGTGGCCCTGCGCGTGGGCTACCTGGACTACAAGTACACCCATGCCTTCAGCGGCTGGCACATCGCCCCCGCCCCCATGTCCGGCACCTGGGAGAACGCGTACGACCTGAACAACAACCCGATGCTCCAGTACGCGGCGCCTTCGGGCATCAAGAACACCTACGTCTCCCTTGAAGTGAAGTTCTGATCTTCCTCCCGGCGATCCTCCTTCGAGGATCGCCGGGAAAGGCATTCCCTGAGGAGGTCCCATGGATCGCCGTCTGTTCCTGCAGATCGTCGGCGCCGGCGGTTTCGCCGCCACCAGCATCGCCTGCCCGAAATTCTTCGGGAAGGGCAGGCGCGCCGCGGAACCCCCGGTCCCCCTGGGGATCCCGACCACCTGCGAGCTGTGCCCCAACAAGTGCTCGGTCCTGGCCTCCGTCCGCAAGGGCCGCATCCACAAGCTGAACCCCAATCCCGAGAACCCCAAGTCCCGCAACATGCTCTGCGCGAGGGGCAACGCGGCCATCCAGCAGGTGTACGACCCCGACAGGCTCAAGCAGCCCCTGATCCGCGCCGGAGCGCGGGGCGAAGGCAAGTGGAAGCCCGTGTCCTGGGACGAGGCCTTCGACTTCGCAGCGAAAAAGCTCGCCGAGACCAAGGCGAAGCACGGCCCCGAGGGGACCCTCTGGTCAAGCACCGAGGGCTTCCAGGAAGTGTTCTTCAAGAACCTGGGCCTGGCTTTCGGCAGCCCCAACATCCTGCGGCACCCCTCGCTCTGCCTGGCCTCGGTGAACCTGGCCTACTCCATGACCTTCGGGACGGTGCCCAGCTTCGACCTGCAGAACGCCAAGTACGTGATCATGGCCGGGGCCAACCGCTTCGAGAGCATCATCACCCCCGACACCATGGACCTCATCGGCGGCGTCATGGAGCGCAAGGCGAAGTTCGTCTACCTCGACCCGCGCTTCACCGTCACCGCCTCCAAGGCCGACGAGTGGTACCCCATCAAGCCCGGCACCGACATGGCCTTCATCCTGGCCATGATCCACGTGATCATCCGCGAGGACCGCTGCGACAAGGCCTTCCTGGACCAGTGGACCCTGGGCTTCGACCGGCTGGTGGAGCACGTGTTGCCCTACACGCCCGAATTCGCCGAGGCCGAGACCGGCATCCCCGCCCGGGAGATCACCCGCATCGCCCGGGAGTTCGCCGACGCCGGCCACCGGGCCGTGTTCTACGCGGGGCGCCGCTCCAGCTGGTACCAGAACGATTTCCAGATGCGGCGCGCCCAGGCCATCCTCAACACCATCGTGGGCAACTGGGACCGGGAAGGGGGCATGGTGCCCAACCGGAAGGTCGCCAAGGGCGAGTTCATGTTCCTGCCCTGGGACGATCCCAAGGCCGGCCGAGTGGACGAGGTGGAGAAGAACTTCCCCCTGGCCTCCGCGAAGGACGGCGTCTACCTCCAGACCCGGGAGAACGTCCTCAAGGGCGCGCCCTACCCGGTGAAGGCCTGGATGATCTACAAGCAGGACCCGCTCAACGCCGTGCCGGACCAGGGGAAGACGCTGAAGATGATGGAGGGCATGGACTTCATCGGCGTGGTGGACATCGCCATGAGCGACACCGCCTGGTACGCCGACGTGGTCTTCCCCGAGAGCCACTACCTGGAGCGCACCGATCCCATCGAGGTGATGCCCGGCATCTGGCCCGCCGCCGTGCTGCGCCAGCAGGTCATCAAGCCGATCCACGACACGTTGCCCATGCTGGACATCGCCCAGGGCCTCGCCAGGCGCCTGGGGCTCGCGGACTACTTCGACTACACCATCGACCAGTGGATCGAGGCCGAGGCCAGGGAACTCCCCGTGGAGAACGGCCTCGAGTACATGAAGAAGCACGGAGTGGTGGCCTTCAGCGAGCCCAAGTACGGCACGACCCGGAACGCCGCCTACCGCTTCGTCACCAAGAGCGGGAAGATCGAGATCTTCTCGGAGCGGCTGGCGGAAGCGGGCCACGACCCCCTGCCGGTCTACGCCTCCCCCGCCCAGCCCCCCTCCGGTAAGTTCCGCATGATCCTGGGCCGCAAGGCGACGATCACCCACGCCGCCCTGGCCGGCCTGCCGTGGCTCCACGAGCAGGTCCCCGAGAACGACCTCTGGATCAACCAGGACCAGGCCACCCGCCTGGGAATCCGCACCGGGGACCTGGTCCAGGTGACCAGCACCGCAGGCACCGTGCGCATCAAGGCCCGGGCCACCGAGGAGATCCGCCCGGACTGCGTGTTCATGCTCCACGGGTTCGGGAAGAGGTCCCCCTGGCTCAAGCTGGTGCACAAC
CP132910.1_gap3	42733	44424	1691	CTCCTGCGCCGGGCCGAGGAGCCGGAGCTGCCCACGGGCCGACTCTTCACCTGCCACCTCCAGCCCCTTGCGGGCAGCGTCGCCCTGGAACTGGGCAGGCCCGGCGTTCACCCCTTCTACGCAGCGGCCGGAGAGGTCCTCGCCGGCGCGACGGATCTCTGCGCCGATCTCCTCGGGTGACCCCATGCATTCCTTCTCCCATTCGGTGAACTACGCCTTCCGGTCCATGGCTCTCCTGGAGGGACCGCCGGGGGACCTGCGGCTGGTAGGGGACCTCTCCGCCCGCACCGGCGCGCCCCGTCCCTTCCTGGGCAAGGTGCTCCAGGTCCTCCAGAAGGCCGGCCTGGTGCAGTCCGTTCGCGGACGCAACGGCGGGTTCCGGCTGACGCGCCCCGCCGGCGAGATCCACCTGGCCGAGGTGGTGGATGTGCTGGACGGACCGGAATGGCGGAGCTCCTGCCTCCTGGGCATCGGCGAATGCACGGGCCGGGTGGACTGCGCCGCATGGACCTGCTGCCGGGAGGTGCGGGAGCGGATGACTTCGGAACTTACCCGGCTGACGGTGGGGGACCTGGGGCGGTTCCTGCCGGAAAGCGCCTCCCGTTGACACCGCGGCGCCTTCCACCCCTCATGGGAGGATGCGGCCTCTGTGGGAGATGAGTGCATTGCAGTTCGGGCAATGCCATCTGCCCATGATCCAGTTCCGGAAGCTGCGGAATCCGTGCAGGACAGGTTTCCTTCTCCCGCAACGCGGGCAGGTGGGTCGGGGCAGGAACATGGATGCTGCAGCAACACCAACCAGTGCCCAAATGAGGCCATGGAGGTGATTCGGATTTGTCATCACATGAACTGCGGGTGGGAATTCCAGCGGCCCTGAACCATCCAGGAATTGATGTTCGAAGAAGGCATGGAAGCCATTCCTCCGTGGTGGGTGGCGCTGTAGCCGATTCCGGACGCAAGGCCTCCACTGACAGCACCACCAAGGACTCCGGGACCTCCAGATAGGGCTCCCTTCGCGGCCCCGCCAATGGCTCCCTGACCCATTGCTGTCCCCAGGCCACGCGAGGTGAACGTGGGAGGGCAGGCCGGAGATACCAGCGGCCTGCCGTATCCCATGGAACTTGCGAACATTCCGCCGTGAACGGCTCCCAATTCGGCGTCACTTCGTTTATGGAGGCTGATTCCAGCGTACATCTTGGTTCTCCTCGGAAGAGGCGGGCACAATCCATGCCGCCCCTGTTTGAGGAATCCCATGTCACCAGGCCGCCCTTGGTTCCTGAATAAGAAACGCCTCAGCCCAGCGCGTGGTACGCGGCCTTCACCCGCTCCGCCACATGCCCGCACACCAGGTCGCACACGTCCCCCACCAGGGGCATCACCGGCGTGAAGAACACCACGTTCCCCTGCGGCTCCCGGTTCGCCAGGCCCACCCGCACCAGGAACGCGAGGTGCTTGCTGGCGTTGGCCTGGGAGAGCGACGTGGCCTCGGCGATGGCGCCCTGGCTCATGGGGTCCTTGGCTTCCAGGAGGCACCGGAGGATCTTGAGCCGGGACGGATCCCCCAGGGCCAGGAAGAGACGGCTCACTTCCTCGATCATGGGGTCGCTCAAGGGGGGATGGTCCATTCAATCTCCAGTTTACGCATACAAGCATACTGTCGGGATCCCGGCCTGTCCAGGCGAAGGGCCTTG
CP132910.1_gap4	66756	70471	3715	GGGCGTAGCAGAGCTCGGAATCCTCCAGATCGTAGACCGTCAGCCCCCCGCGCATGGCGGTGGCGATGACGTCGATGCGCTTGTCGACGCCCGCGGCCCCCACGGCCTGGGCGCCCAGGATGTGGCCCTCGGCGTCGAACAGGAGCTTGAGGGACATGCTCTGCGCGCCGGGGTAGTAGGTGGCGTGGTCGGCGGGGTGGATGTAGACCTTGTGGTGGGCCACGCCCTTGCGCCGGAGCACCTTCTCGGACTGGCCCGTGATGGCGAAAGCCAGGCCGAAGACCTTGCAGATGGCCGTGCCCTGGGTGCCCTTGTAGACGCTGGGCCGCCCGAGGATGTTGTCGGCGGCGATGCGGCCCTGGCGGTTGGCGGGGCCGGCCAGGGGGATGAGGGCGGGCCCGTCCAGGACGGTGTCCTTCACCTCCACGGCGTCGCCCACGGCCCAGATGGCGGGGTCGCTGGTTCGCATGTATTCGTCCACCAGGATCCCCCCGGTGGAGCCCAGGGCCAGCCCGGCGGCGCGGGCCAGGGCGGTCTCCGGGCGCACGCCGATGGCCAGCACGGCCAGCCCGCAGGCCACCTCGGAACCGTCGGAGAGCTTCGCCACCAGGCCGTCCGGGCCCGGCTCGAAGCCTTCCACCGACGTGCCCAGGCGCAGGTCCACGCCGTTGCGCCGGATTTCCCCGTGCAAAGGCGTGACCATGTCGGCGTCAGCGATGGCCATGACCTGGTCCAGCCTCTCCACCAGGACCACGTCCAGGCCCCGCTCCCGGAACGCCTCGGCCATCTCCAGGCCGATGTACCCCGCGCCCACCACCAGGGCCCGGGTGGCGCCCGACATGGCGGCCAGGATGCGGTCCATGTCGTCCAGGTTGCGAAGGGAGAGGATCCGCGGGTCCCCGATGCCCGGCAGGGGCGGCCGGATCGGCTCGGCGCCGGGGCTCAGGACCAGGGCGTCGTAGGGCTGCTCCCGCACCTTGCCGGTCTTCAGGTTGCGCACGGTCACCGTGCGGGCCCCGGGGTCGATGGACTGGACCTCGGTGTCCACCCGCACGTCCAGGTTGAACCGGGCCATGAGGCTCTGGGGTGTCTGGACCAGGAGTTTGCCCCGCTCGGGGATGACCCCGCCGATGTGGTAGGGCAGGCCGCAGTTGGCGAAGGAGACGTGGGGCCCCCGCTCGAAGAGGACGATGTCCGCTCCCTCGGACAGCCGGCGTGCCCGGACGGCCGCCGAGGCGCCTCCCGCGACTCCACCAACGATGACGATGCGCTTGGGCTGGTCCATGGTTTCCTCGCCTTCAAAGTGCCGGGCCTTGGCATTTTCCCACAAAAGCACTGAATGCCCAAATAGGAATATGGAACGGGCCGTTCCATCGTTTGGTGCTGCTTTTCCCAACAAATCCATCACACTTGATGGATGCGCAAGGTGCTTCCCTCCTCCATCGGCTTCCGGCTGGTCCCCGGCAATTTCTCCCCCATGAAAGGGGCGGACCGGCATGGGAGGGCCCAGGAGGGCGGCTGTGGCCACGCCATGGACCTATGGCTGAAGCTGGAGGACGGCCGGGTCGCCGCCGGGAGCTTCACCACGGACGGCTGCGAGTCCTTCGTCATCTGCGGCAGCCTGGTGGCCCACCTGGTACAAGGCCGTACCCTGGCGGAGGCCGCCGCCCTGGACGTCGAGGACGTCCTGGAAGCCCTGGGCGACAGCGACGACGCCTCCTACCATTCGGCGGAGCTGGCGCTGGGCGCGCTCAAGGCGGCGCTGGGTTAGCGCAGTCCTTCAAGGCCTGCGAAAAGGATGGGTCCCGGGCCGATCGGCCGGTGCCGAACGCGGGTCCCAGGCTAGCATGGGGTCATGAACCGTCATCTCCTGCTCGTGATGCTCGCCCTGGCTGGCACCGGGTGCACCCATACCACCCTGGCCCGGCGGTTGGTCCGGGCACCGAATCTTCAATCGGCGCCGTCCCTCCAATCGACCGCCTTGGCCAGTGCCTTCACGGACGTGTCGGTGCCCAGCCGAACGCCCGGGGTTCTCCTGAATGCGCAGGTCGTCGAGCCCGGAGACTGGCATCTCTCCTACAGCTGTTCCGTGGAGAAGACGAAGAAGGCGTTCGAAGCCAACCTCCAGATGTCCTTCGACAAACCCGACTTCTTCATGGCCCGGCCCAAGGGGACCGTGATCCTTCTGCACGGGTACCGGCAGCAGAAGGAGCAGATGCTCCCTTGGGCCCTCTCGCTGGCCCAGCAGGGTTTTCGATGCGTGATGGTGGATCTCAGGGGGCATGGAGGGTCGTCGGGGGAATGGATCGGCTTCGGCGCCTTCGAGGTGGAGGACATGCGGTCCGTCCTGGAAGCCCTGGTCGCGCGCCGGCTGGTGGCGGGGAGAACAGGCGTGATCGGGGTGTCGCTGGGAGCCAGCGTGGCGCTCCAGTGGGCCGGGGCCGATCCCAGGATCGCCACGGTTGTCGCCATCGAGCCCTTTGCGGACCCCCAATCCGCGATCGGGACCATGGTCCACGCCTTCCCTCCTTTCAGGCGGCTGCTCTGGTGGGCGTCGGAGAGTACGATCCGGAAGGCCATCCAGGAGGCACCCGGGAAGGCCGGATTCACCTGGGCCGAGGTGGATGTGCCGAAGGCCGCGGCGGCCGTCAACGGCCCCATCCTGTTCATTCACGGGGCGGACGATGCGATGGTTCCGCCGGACCACAGCCGCCGGTTGAGTGCGGGTGCCCCGGCCGGAAGCCGACTGCTCATCGTTCCGGGGGAGGACCACATCTCGTTGGCCCTTCGGCTTCAACCCCTGGATGGGATTGTTCACGCCTGGTTCAATCAGAACCTGGCGGAAAGCGCGCCGGCCCCGGACGGGGAGGCTACTTCGGGGCGGCCGGTTCCCCCGCCTGCACCTGGTCCCCGTCCGCCAGGGTGACGGAAGGGTTCAGCACCACCTTCTCACCCGCCTTGAGGCCGGCCAGGACGCGCACCCGGGAGCCCGAGTCCTCGCCCAGCACCACGGGACGCAGGACCACCCGGGAATCCGGGCCCACCACGGCCGCGTAGGTCCGTTCCGCCTTCAGGAGCACGGCTTCGGAAGGGATCTCCAGCCTCCCGGACTCCCTGGCGAGACCCAGGCTGAGCCGCACGGCGCCGCCGGCCACGAAGGCGCCGTCCCGGTTGTCCAGGTCGGCCTCGGCCAGCAGCGTGCGGGTGCGGGGATCCAGGGCGCCCGAGAAGCGCGCCACCTTGACGGCGCGGGCCAGGTCGGGGCGGTCCGCGGGGCGCACGGTGAGCTCCTGGCCCACCCGGATCCGGGAGGCCACCTGCTGGTCCAGGTAGAATGCCACCCGCAGGTGGTCCACCTGGGCCAGGGAGACCAGGGGCTGGGAGGACGTGCTGTTGCTGGCGTTCTGGATGAGGGCGCCGGGGTCGGCGAAGCGCTGGGTCACCACGCCGGCGAAGGGGGCCGTGACGTTGCGGTAGCCCTGCAGCACGCCCTGGCTGGCCAGCTTCTCCTCGGCGATGCGGGCCGCGGCCTCCGCGTCGTCCTGGTCCCGGGCGCTGACGATGCCCTGGGCGCCCAGCTGGCGCAGGCGCCCGGCATAGCTCCGCTTGTTCCGGGCGTCGGCCTTGAGGGCCTGGAAGTCGCTGTCCACCTCGGTGGACTCGATCACCGCGATCACCTGGCCCTTCTTCACCGGGGAGCCCTTGTCCACCCGGA
CP132910.1_gap5	218458	219043	585	TTGACGGTGAATGCCTTGGCTGATGGCTGCGATGAAGGACGTGGTAAGCTGCGAAAAGTCCCGGGGAGTTGCACGCGAACATTGATCCGGGAATGTCCGAATGGGGAAACCCTGTCAGGTGAAAGCCTGGCAATCCCTTAGCTGAATTCATAGGCTTTGGGAGGCGAACGTGGGGAAGTGAACCATCTCAGTACCCACAGGAAAAGAAAACAACAGTGATACCGGAAGTAGCGGCGAGCGAACCCGGTAGAGCCCAAACCTCCTACGTGTAAGCATGCGAGCGTTGCGTAGGGGGGGTCGAGGGACCCACATGCCAGTCACGCATGACTGGTGCAGAGTTACAAAGTGCACGGATAGTGGAACGGTTTGGAAAAGCCGGCCATAGAGGGTGATAGCCCCTTACGCGAAATCCGATGCGCCTCTGGTTGGTGTTCCCAAGTACAGCGGGGCACGAGAAACCTTGCTGGAATTTGCGGCGACCATGCCGTAAGGCTAAATAGGTCCATCAGACCGATAGTGAACCAGTACCGTGAGGGAAAGGCGAAAAGAACCCCGATGAGGGGAGTGAAATAGAACCTGAAACCG
CP132910.1_gap6	224978	227342	2364	GGTCTGGTTCGGCGAGGGGGACCTGCTGCGCACGAGCCCCGAGGCCCTGCTGCGCTGGCTCGCGGATCCCGCCCAGGAGGAGGCGGTGCGGCTGTACCGCAGGCTCCTGCTCAGCTTCATGGACGAGACCTTCAAGGAGAACGCCTGGTGGTTCATGTCCACGGCGCCCGCCGTGGCCCGGGACTCCGCCACGACCCAGGCCTGGGCCGTGGGCGGCAACGGCCTGGTGCTGGCCGTGCTGCGCCTGCCTCCAGGGACCACCCGGCAGGAGGCCCTCACCCGCTTCAAGACCGTGATGGTGGGGACCGGCAGGAAGAAGTGATCAGCGCTCGAGGATGAAGGTCGCCGGGCCGTCGTTCACCAGCTCCACCTCCATGTGCTCCTGGAAGAACCCGCGCTTCACCCGCGGCCATCCGGCCTCCAGGAGGCCCGCGAAGATGCCGAACAGGTCCCGGGCCGGGCCGGGGGCCATGGCCCCGTCGAAGGAGGGCCGCCGGCCCCGCTCCAGGCTCCCTGCCAGCGTGAACTGGGAGATCACCAGGATTTCCCCGCCCGTTTCCTGGAGTGAAAGATTCATCCGGCCTTCGGCATCCTCGAAGATCCTCAGGGCGGTTATCTTGGCTGCGACCCAGCGGCACTGCTCTTCCGTGTCGTCCTTGGTCAGGCCGGCCAGCACCAGGAGGCCGGGGCCGATGGCCGCCACCTGGTCCCCGGATCGAACTTCCGCTCGCTTCACCCGCTGGATCACCGCCCGCATCGACCCTCCAGCCACAACCCTACCGGCAATCCGGCACCGGTCACAAGTTACCGGAAGGGTCCCCTTTGGGCGGGGTCCCTGCCTATACTGGCCATAGCCAAGGAGGCCCCCATGTCCGAGACCCCCATCCAAGCGGATCTGAGTCCTGCGGAATGGAAGCTGATCCAGGCCCTGCGCGGCCTGCCCGAGCATGCCCAGCGGGAGCGTGTGCACGAGGTCCTCGGCGAGCTGCTGTTCTTCGTCCAGAACCCCCGGTGCCAGGGCATGGGGGCCGAGGGCTTCCCCTGCGGCGAACCGCGGAGCAGCTGCGACGAATGCCACCAGACGTGGGACCTCCTGGAAGGACTCACGGTGCGGGTGGAGGCCGGCGCCGGGGCTCGCTGAGGACGCATCCGTCCGGGTGTGCGGATTGCCGCATTTTGCATGCGGGATCCCGCATGGGCGACGCCCTCCGGGGGCGGGCTTGGAGTCTTTCGTATACTCCTGGGCCACTCTTCTCGTCATGACGATCCTGGCACTTGAATTGCCAATTTAATCTTTGGCAATTCGACCGTAGGTCTTTTCGTCATGTTCCCTCCTTCCAATGCGGTGGGAGGGCAGGGTGTGTCCACCTTCCCAGGAGAAACCATGAAACAACGTCCCTTCACGTCCCCGGCCGGGCAGTTCGGCGCAGCGGTGGCCGCCCTGATCCTGGGGGTTTCCTGCAGCAGCAGCACCTCCGTCGCGGACAGCGACCGCACCGCGGCCGACGCGAGCGTCATCGAGATCGCCTACGCCTCGGGGGACACCGCCTCCGCCGTGACCAAGGACGTCACCCTGCCCACCAAGGGCGCCGCGGCCGGGTCCGCCATCACCTGGACGTCGAGCAATCCGGCGACCCTCAGCCCCGCGGGGAAGGTCGTCAGGCCGCCGGTGGGGGCGGACGGCACGGTGACGCTCACGGCGCAGGTGGCGCTGGGGACCGCGCTGAACACCCGGACGTTCACCGTGGTGGTGAAGCCGGTGGACACGGTGCAGTTCATCTTCACGTCGGACTGCCATTTCGGGGACGTGACCACCGCCGCCGCCGCGTTCCAGGGGGCCACGGCCTCCGTGGACGCCGTCGAGGTGAATACCCGGGCGCGGGACGTCATGAACCTGCTGCCCGGCCTGACGGCGCCCGGCGACTACGGCGTCAATGCCGGTGCGGCCTTCGGCAACTTCGACTTCATGGCGAACACGGGCGACATCGGCAGCAAGAGCGTCATCCCGCCCCTGTCCAACGGCAACTCATCCACCACCAGCTTCAACCAGTGGAAGGCCATCTACGCCGACGGGCTCACCCTGAAGGACCGCACGGGCGCGGCCCTGCCGATCTTCCTCACGCCCGGGAACCACGATGTCTCCAACGCGCTGGGCGGCCCGGATGTCATGAATCCCGCCAGCGACCCCACCGCCTTCGTCAACGTCTACAACTGGACCATGAAGCCCGCGGCGCCCCTGCTGACCACGGAATTCAACTACAACATGCACAAGGTCTTCAGCGTCAAGGTGTTCGGCGGGATGCACTTCGTGTTCCTGAACATGTGGCTGGACGCCGAGATGCGGGAGAAGCTGGAGCCGTACCT
CP132910.1_gap7	290545	294586	4041	GCCGCGGAAAGGGCCTTGCGGGAGGCGGAGGCCTGACCATTTACATCCCAACCGCCTGGGTTTGCCTGCTCTAGCGGCGAATGCGGAACCAGAGGTGGGCCACGAAATGGAAAGGCGCCGGCTTCCCCGCGACGGTGACCGGCTTGAATTTCAGGCCGGCACCGTGGGCCAGGGCCGTGGGTCCCAGGAAGGCCAGAGGATAGCCGGGCAGGGGGCGCACCCACAGCACCTCGCCCCGCGTGCCGACGAGGAACTCCACGGCGACGTATCCCGTGATCAGTCGTGCGGCTGCCTCCCGCGGGTACGGCACGTCCGCGGCCTTCTGGGCCAGGTGGGCGGGGGAGCCTGACCAGTCGGGCTCGAGCTCCACCACATCCTGCCTCGGGATCCCGAACGCGGCCTGGAAGGCGGGGGGATCCTCGAGAACGCCCAGGGGAGCCTTTCCCGTTTCGGGAACCGCCTGTACCGCTTTCCTCAACTCCTTGAGCGTCGCCTGCCATGCGGAATGGGCGGGCGCCAGGAAGGCGTCCCAGTCCGGCGCCATGCCGTAGGACAGGAGCCAATTCGCGGCCATCTGATAGACGACGGATTCCGAAGCCGGGCGTTCACGCATCTGGGGCACGAACAGGGTCCACTGGCGGAGGATCCAGTCCCGGTCCTCCTGGCGCAGGTTCTTGGCCATGATTGCGAACATTCCCCGGCCCAGCACGGGTTTGTCGGCGGAGCGGAGCTGTTGCCGGATGACGGGCAGGACGGGCGCAAGGGCCGGCAGGTTCCCCGTCTCTCCCAGGGAGGGGGAGGGGGGAGGGGCCGGTCGTTGATTCTTCCGGTAGAGCGGAATCATCTGAAGGGTGTAGTCCTCGGCGGCCAGTTCGAGGAAAAGAGGGAAGGGCGCGGGTTCGAAGGCCTTCATGGGCGCGTCGGCCTCCACCAGCCTCGTTGCCGCCCAGCCCTTGAGCGGCTCGGGGCCATTGGAGAGGAGGCCCGCGAGGAAGGTCCGGTGAGGTTCCAGGGCTCCGGCGCCCAGGTTCCCGGACCTGGCCTTGGCGAAGGCCAGGAAGGGGTCCGGCTTCTGCCCAGGTCCGATCCAGGCCTGCACCGCCTCCCCCGGGAGGAGGCGCGCAAACGGGGGCTGGGCAGCCTGGAATGCGGAAGCAAGGGGTTCGCATTCCTCCCCACGCCTCACCCACAGGGGCCTGGCTCCCCGCTCATCCAGCACCACCAGCCCTGGCCGGGACCTGATCTGCAGGCGGTCAAGCATTTCGGCAGCCGCAGGGTCCTCCGGCATGGGAAGCCAGATCGTCATGGACGCGCGGACCTTGGCCCCTTCGCCGGTGTCCAGGAAGGCAACCACCGCTTCCCGTTGGGCGGCGTCCTTGGCGAAGAAGGCCAGGAGGGGCTTGCGATCACGAAGGGAGGCCTCGGTCGCCTGGCTTCGTTCCACCCAAGGCCCGGTGGAGGCCAAAGGGGCAGGTTGTTCCAGGACAGGCGGCAGAAACAGCATGGGGGTGAACTCCGGGACGACCAGCTGGGGAATGACCCCAGTCTCCACCATGTCGGGGATTGTCGCCACCCACCCCGGCATCGCCGGGAGTATCCTGCAGGGATGCTCCCCCTCATCGCTGGCTGCCTCCTCCTGGCCCCGGCTTCCGTGCCGGACCTCTTCCCCCGGGAGATCCCGCTCCCCGCCGACGCGCGCGTGGTCCTGGCCCAGGACCATTCCCGGGCCCGGGCCGGGAGCCAGTCCATCCTCCTCCAGTTCACCACGTCGCTGGCCACGCCCGCCGTCCTGGACCTCTACCGGGGCTTCTTCCGCGAGAAGGGGAAGGTCCTGGTGGACCTGGGGGCCTCGGGCGTCCCCCTCTGCTCGGGGCAGCTGGGCGGCTACCAGTGCATCGTCTCGGTCATCGGGGACTCCCGGACCGTCAACGTCGTCGTGGAGCCGGAGGGCAAAACCTTCACGGCCTTCCACGAGCGGGAGGCCGCGGCGCGCGGGACCTCGGCGCCCATCGACGCGCGGCCCCCGGACACCTCCCGCTGGCGCCTTTCCGGCGCGCTCTTCCCGGGCGACCACTACCCGGGCGCGCTGGTCATGAGGCGCCGGGACGGCACCCTCCAGGGCCTCGGCCTGGCCCTGGTCCACCCCCGGCCCGCCCTTGACGCCAACGGCAAGCGATACTGCGACAACGACACGCCCCCCAAGGGGCCCGTGCACCTCCGGGACGGCGCGCGCTTCGCGGTTGCGGCCCCGGGCGCGCCCCTGGGGGCCTTCTTCGTCATCGACGCGGCCGGCATCCTCTCCAGCTTCGGCGCCGACAGCGGCGGCCGCCTGGGCCAGGGGATCGGCGACGCCACCTTCCGCTGGTTCGACCCGGCGCCCATCCTGCGCAACGTCCGGCACGTGGTCGCCGAGCGCGCCAACACCGCGGCCATCACGGACCGGAACGAGCTGTACGTGTGGGGCTCCAACCTGTCGGGCCAGGTTCCCGGCCACCCGGACACGTTCGCGCGGTCCCCGGTGAAGGTGATGGAGAACGTGGTGTCCGTGGCCCTGGCCCGGGACGCGGCCTACGCCGTGAAGACCGACGGGAGCCTGTGGGGATGGGGCGAGGCCTGCGAGGACGGCTTCCTCGACGGCGGGGTGCTGCGCCGGCGCAAGGTCCCCTACTTCATCATGGACGGGGTGCGCGCCGTCTTCACCGCCGACATTGGTCCGGTGGCCGTCGTCAAGGCCGACGGCAGCCTCTGGACCTGGGGCGCCAACAACATGGGCCAGTGCGGCCACGGCACCAAGGGCCAGGCCGCCCGGCCCCAGCGCATCGCCCCGGACGTGGAGCGCCTGGCCATGGACGGCCACCACGCCGCGCTCCTGCGCAAGGACGGAAGCGTCTGGACCTGGGGCTGGAACCTGTCCTCCCAGACCGGCTTCCCGAAGGCTGAGGGGGCCGTGACCCGCCCCCGCAAGCTCGCCGAGGGCGCCGTGGACGTGGCCGTCACCAGCGGGGAGACCTACGTGCTCAAGGCGGACGGGTCGCTGTGGGGCTGCGGCCGGAACAGCGGCGGCGTCGCCCTCCAGGGCAGAGGCGAGCTGAGGCAGGCCGGACTGGTGGATACTGGACTGAACATCGATTGAAGGAGGACCCCATGAAATTCGGCATCCTGGCTCTGGCTCTCGCACTCCCCGCGGCATGCGGCCCCCAGGACACGGCCACGGTCCCGGCGCAGGACGCGGCCAGGGCCTGGCTCGCCCTCACCGACGGCGGCCGGTACGCCGAGAGCTGGGACGAGGGCGCGGCCTCCTTGCGCCTCGCCATCCCCAGGGCCTCCTGGGAAGCCGCCCTCCGCCCGGTGCGGGCCCCCCTGGGCCGGACCCTCTCGCGCAAGCTGAAATCCGCCACCGCCACGAAGACCCTGCCCGGCGCCCCCGACGGCGACTACGTGGTGATCCAGTTCGAGACCAGCTTCGAGAACAAGGCGGCCGCCGTGGAGACCATCACCCCCATGAAGGAGAAGGACGGCGCCTGGAGGGTGTCCGGCTACTTCATAAGGTAGCGCTCCGGAACGGCCCCTCCCGGCCGGTGGACGTGACGGCACCTCCGCCTTGCACGTAATTCGTAATTCATTGAATATTGGCGGTTGTGTCTCAATCGCAGAAGGGGTATCGTCGATCGCCTGGGATCCCAAGGGAATCTGCCCAGCCTCCGGAGGTGCCTGTGTCCCAGGAAGCCAAGACCCTCTCCCCGTGGTGGAGGATCGCCGTCCTGCTGGTGATGATCGCGGGCTTCAGCCTGCTGAGCCTCGTCACCGTCAAGACCTACGCGGGGGCTCCGCCCATTCCGGACCGGGTGGTGGACGCCACGGGACGCGTGCTCTTCACGGGCGACGACATCCGGGCGGGGCAGGGGGTGTTCTTCAAGTACGGCCTCATGGAGCACGGGACGCTGTGGGGCCACGGGGCCTACCTGGGGCCGGACTACTCGGCGGAGTACCTCCACCGCCTTGCCGAGATCGGCCGGGACACCCTGGCCCAGGAGCGTTTCG
CP132910.1_gap8	301739	303370	1631	CACCGCGGGGCCGGCGACCCGGACCTCCTCGGTGCAGTCGGGGAGCTTGCGGGTGGCCGTGAGCACCCCGTCCGCCCAGGTCATCTTCTGGACGAAGGTGACGCAGGGCAGGCCGAGCAGGGCCGCGAGGCGGGCCGGAGTCTGCTGGAAGAACATGTCGGAGCTGCCCTCGCCGCAGAGGATCAGGTCGTAGGGCCCGGTCCTGCGGATGGCGGCGGCCAGGACGTTGGCGACCACGAAGGCGTCGGCGCCCTCCGCCGAGGCGTCCCCGATCCAGTTGAGCTTGTTGGGCCCGCGGGAGAGGACGTCCTTCACGGACAGCTTGAGGGCCTGGGTGCCGTAGGACAGGGCGTCCACGTTGCCCCCCTGGGCCTCCACCAGGAGGCTGGCGGCCTCGATGGCGTTGCGGTCGAAATCGCTGATCTTGCCCTTGGCGCGGGAGGTGTCGAGGCTGAGGTCGTCGGGCCGGACCTTGATGTCCTGCTCGTCGAGGACCCACTTGTAGCAGACGAGAATGTTCGGCATGGCGTTGTCCTCAGGCCAGCAGGGCTGCGGCGATGGTCCCGTCGGGGAACTGGGCGGGGGCTTCCAGCAGGGTGGTGCCGGCGATGTCGCGGAAGAGGCGGGGCAGGGGCATGAACTCGGAGTACCCGAAGCCGCCTTCCACCTGGACGGTGTCGATCAGGAACCTGTTGCCGAAGCGCGCCAGGAAGGCCTTGACCATGGCGGCCTCGACCAGGAAGGGCTCGCCGGACTCGATGAGCCCGGCGGCGACCCGCAGGCCCAGGCGGGCCAGGTGGCAATCGGTGGCGGTCTCGGCCAGGAGGGTCTGGATGGCCTGGAGGGCCGCGATGGGCCGGCCGAACTGGACGCGGGTCTTGGCGTAGGCGGCGGCGTGCTCGACGGCGGCCTGGCCGATGCCCACGGTCTGGGCGGCCTCGGCCACGGAGGCCACGGCCAGCGTCTCTTCGACCAGGGCCTTGCCGTCGCTGAGCTTGCCCAGCAGGTCGGCGTCCTGGAGGATGACGTTGTCGAAGATCAGGTCGGCCACGGGGCAGCCCTTCAGGCCCATGGTCTCGGCCGGGACGCCCACGGCCAGGCCGGAGACGCCGGCGGGGACGATGAAGGCGGCCAGGCCCTTGGCTCCCGCGGCGGGATCGACGCAGGCCACGACCACGTGGACCTTGGCCACGCCCGCGTTGCGCACGAAGGCCTTGGTGCCCTTGAGCACCCATCCCTCGGGCTGGCGCGTGGCCATGAGGGCGTCGGGGCCCACGCCGGGGGTGGGGCCGTGCTCGTAGACGGCGAAGGCGCCCAGGGTCTCGCCCGAGGCCAGGGCGGGGAGGTAGGCGCGCTTCTGCGCGGCGTCGCCCCAGCGGTTGATGGCGTAGGCGGCCACCGCGTGGTTCACGAGGATGGAGGCCGTGGCCGCGCTGGTGCGCGACAGGGTCTCCACCACCTCCACGAAGCTCACGAAGCCGGCTTCGGCGCCGCCGTGCTCCCCCGGGAGGAAGAGGCCCAGGAAGTCATGGGCGGCCAGCTGCTTCACCGCGTCCGCGGGGAAGGCGCCGGTGTGGTCCATGTCGACGACGATGGGCTCGAGGTACTCCTTGGCGAACTCGCGGGCGCTC
CP132910.1_gap9	318819	323686	4867	TGCCCGGCCGGGTGCGGTGGGCCATGCTGACGGCCCTGGCCAAATCCTTGGCGAACGGCCAGGGAAGCACGGATCTGGGACGCCTCGCGGACAAGGCCCTTGACTTGATTAATAATTAATTAATATTATCCGGAACCGGACGGCAGGTCCGGCCCGGAGTCTTCATGACCATGCCCATCCTGGCCCTGGCCCTCCTCCTGGGATTCGAGCCGGAACCCGCGGATCCGGGCCCCATCTGGGAGGCCGCGGGCCGGGACCCCTACCTCCTGGGGAAACGGGGCTTCCCGAAGGTGTCCCGGGCCGTAGGGCACGCGGTGGCCGAGTTCCACGCCGCCGTGCGCCAGCGGCGGATCGATCCTTCCCGGGACGAGTTCTTCTCGTACGTCTACACCTTCCAGCCTCCGGGGGGCGGCCGGCGGCTCTTTTTCCACTCCCAGTGGTGGCAGGCCATGTACGAGAAGACCGAGGCCGGCAGCATGCGCCACCGGGTCGGGCGGCCCTATGCGGAAAACGGCAGCGTGCGGGTCTACACCTTCATCCACACCCATCCCACCGGGCTGGGCGGCAGCGAGGGACCCTCCCGGGTGGACGTGGCCACGGCATCCCGGTACCGGCGTCCCGACGGCAGCTTCCGCTACCTGTATCTCATCAACAACCGGGGCACCCTCGTGCGGTTCAAGGCCCGCAGGGACATCGATCCCCACAACGCCGCCGCGCTGGCGAGGATGCCCGTGCGGCCCCGCGCGGGGGTGGACTGGGTGGACTGATCACTGGTACCCCACGTCCCGCAGCATGGCCTTGAGCGCCGCCGCGGACGCCTGAAGCCCGGCCTTCTCCTCCGGGTCGAGGGGCAGTGGCAGGATCTCCCGGATGCCGTCCCGGCCGACGATGGCCGGCAGGCTGAGGCAGACGTCCTCCACGCCGTGCATGTTCTCGATGAAGGAGGACACGCACAGCAGGCGGTTCTCGTCGTCGGCCACGGCCCGGATGATCCGGGCGACGCTCATGGAGATGGCGTAGAAGGTGGCGCCCTTGCGCTTGATGACCTCCTGCCCGGCCTGCACCACGTCCGCGCTGATGCGCGCGCGGTCCTCCGCCGAAAGCCGCGGGTGCTCGGGGGAGGGATAGGCGGAGAGGGGAAGGGGCCCGATGCTGGCCGCGCTCCAGAACGGCACGGCCGAGTCCCCGTGCTCCCCGATGACCATGGCGTGCAGGTTCCGGGGACTGACCTTGAAGTGGCTGCTCAGCAGGAACTTGAACCGCGAGGAATCCAGCACGGTCCCCGACCCGAAGATCCGCGCCCGGTCGATGCCCATGCGCTTGTAGCAGACGTACGTGAGGATATCCATCGGGTTCGTCACGACCAGCAGCAGGGACCGGCCGTTGTAGTGCTTCATCACCCCGCCGATGATGGCCTCGGTGATCCGGATGTTGCCCTTGGCCAGGTCCAGCCGGGATTCCCCGGGCTTGCGGCCCCGGCCCGCCGCGTGGACGATGAGGTCCGCGTCCGCGAGGCCCTCGTAGCCCTCGGCCCGCAGGTTCACCTGCTCGGAGACGGCGCCCCCGTGGGCGATGTCGAGAACCTCGCCGTACGCCTTGTCGGTGTTCAGGTCAATGAGGCTCACATCGGAGGCGATGCCCTGGGTGGCCAGGGTGTAGGCGATGGTGGCGCCGACGTTCCCTGCGCCGATGATCGCAATTTTCATGGTGACCCCCAGGTCCATCATGGCAGCGGGGCCCCGCGCTTTCAAACGTGGCGCGACGGCGCCGGCACCCTCCGCGCGGCGGACTGCTACCCTTGGGAATGGCCGAATTGAAATGCTTCCATCTCCTTGCCCTTTCGGCGTGCCTGACCACGGCGGCCGCCCAGGAGCCCTTCGCCGCCTTCCCCCCGCTCCCCCGGGGCGTCGGCCCCATCAGCGTCGTGGACAGCCAGGGCCGCTACGTGGGCCGGATCCTGCCCCAGAAGCGCTACTGGGTCACCCTCGACCGGATCCCCTGGTTCCTGCAGAAGGCGCTGCTGGCGGTGGAGGACGCGCGGTTCTACGAGCACGGCGGCATCGACGTGCGCAGCATCGCGCGGGCCTTCGTGAAGGACGTGGCCAAGGGGAGGGCCGCCGAAGGGGGTTCCACCATCACCCAGCAGCTCATCAAGAACAAGTTCCTCACCGCCGAGCCGACCCTGGACCGCAAGGTCAAGGAGGCCCGCATGGCCATGGACTTCGAGACGAAGTACACCAAGAACCAGATCCTGGAGATGTACTTCAACGAGATCTACTACGGCAACGGCGCCCAGGGCCTCGCCCAGGCCTCCCGCCTCTACTTCGGCAAGAGCCCCGAGGAGCTCAGCGAGGGCGAGTGCGTCACCCTCGCCGGCGTGCCCAAGAACCCCGGCAAGTACAACCCCCTCGGCAAGGTCGAGGACATCGCGATGCGGCGGGAGGTGGTCCTCAAGCGCATGGAGGAGCTGAAGGTGATCTCGGCCCAGCAGAGGGCGGCCCTGCGCTCCCAGTGGGGCGCGGTGCAGGGGCCCGGCAAGGCCCCCCACTACCTGGCCCAGATCCGCGCCGCGCTGGTGCGGCTGTACGGGGCGGACGCGGTGGAGCTGGGCGGGCTGGACATCACGGCGCCACTGGACCTGGACCTCCAGAAGGCCGCGGAGGACGCGCTGAAGGCAGGGGTCCGGCGCGTGTCGCCGGACCTGCAGGGGGCCCTGGTGTGCCAGGATCCGGCCACGGGCGACGTGCTCGCGGCCGTGGGGGGCCTGGACGGCGGCCAGAACTCCCTCAACCGCGCCTTCAATTCCATGCGCCAGCCCGGGTCGGCCATCAAGCCCCTGATCTACGCCGCGGCCCTGGAGGAGGGTCTCACGGCGTCCAGCATCTGGAGCGACGAGCCCGTGGCCTACGACCGGGGCGGGGGCGCCACGTGGAAGCCCCTGAACTACGGCCGGGAGCGCCTGGGGGACATCTCCCTGCGCGAGGCCCTGGCCCACTCCAGCAACGTCGTCACGGTGAAGGTGCTCGAGCAGGTTGGGGTCCCCGATTTCGTGGACTTCGCCGGGCGCATGGGGCTGCCCCTCAGGGCCCAGAACGGGCTGAGCCTGGCCCTGGGCACGGACGAGGTGACCCTCAAGGACCTGGTGCAGGCCTACACGCCCCTGGCGGCGGCCGGGGTCCGGGCCGAGGCCCGCGTGATCACCCGCATCCATGACCGCAGGCGCGACGCCTGGACCGAGTTCCCCCCGGCGCTGACCCCGGTGCTCTCCCCCGAGGCCGCCTTCGTCACCACCAGCATGCTGCGCGACGTGCTGACCTACGGCACCGCCAAGTCGCTCGCGGCCTTCAGCCGGGAGCACCCGTCCGCGGGCAAGACCGGCACCACCGACAACTACCAGGACGCGTGGTTCGTGGGCTACACCCCCGGCGTGATCACCGGCGTCTGGGTGGGCTACGACCGGCCGCGGACCCTGGGCCGCGGGTTCACGGGCGGGGCCGTCGCGGCCCCCATCTGGGCGAAGTTCATGGCCAGGGCCCTGGAGCCCAGGCCCGTCGTGGACTTCCCGAGGCCCGACGACATCGTCACCGCCACCGTCGACCCCGCCACCGGGTACCTGGCGACGGAGGCCTGCCCGAAGAAGGTGGACGAGGTCTACCTCCCGGGCACGGAGCCCGACCGGCCCTGTCCCCTCCATGCGCCTGCTCCGGAAAGCCCGAGCCAGGTCCCTGAACAACCTTGAATCCTTGGCGAGAGTAAACAATCCTTCGGTTTCCTGGGCCTCTCAGGCTTCCAGGCGAACGCCCTGGGTGCGCATGAGCGCCACGGCGATGAGGAAGGCGATGAGGTCCGCCACCGGCTCGGCGATCCAGACCCCGTCCAGGCCGAAATGCGCCGGGAGGATCATGAGGAACGGGATCAGGAAGATCACCTGCCGGGAGAAGGCGAGGAACAGGGAGATGCGGGCCCGGCCGATGGACTGGAAGAAGCTGGAGGTCACCATCTGGAAGCCCACGAAGGGGAAGACGATGAAGGTCAGGCGCAGGCCACGGACGGCCATCGCGGTCAGGCGGGGATCCCGGGTGAAGGTGCCGGCCACGGCCTGGGGCGCGAGCTCGCACAGCAGGAAGCCCAGGGTCGTGACCCCGGTGGCCAGGACCACGGCCCAACGGAAAACCTCGCGCACCCGACCGAAGCGGCGGGCTCCGAAATTGAATCCCGCGATGGGCTGCATGCCCATGTTCACGCCGATGACGATCATGACGAAGAGGCTCGTCATGGCGTTGATGATGCCGAAGGCCCCGATGGCGTAGTCGCCGCCGTAGCGCTCCAGCCGGATGTTGACCAGGAGGATGACGATGCTCGAGCAGAAGAGCATCACGAAACTGGACATGCCGATGGCGAAGATGTCGCGGATGACCGCCGGCCGGGGCCGGAGGCGGGCCAGGGCGAAGCGCAGGGGGCTCGGGCCGGAGGTGAAGTGGCTGAAGGAGACCCCTGTGCCGGCGATCTGCGCGGCCACCGTGGCCAGGGCGGCGCCCCGGATCCCCCAGCCGAATCCGAAGATGAACAGGGGCGCCAGGACCAGGTTCACGCCCACGGTCAGCAGCGTGGTGGCCATGGCCCGGCGGGGGTGCCCGGAGGCCCGCATGATGCCGTTCAGCCCCAGGTAGAGGTGCTGGAACACGTTGCCCAGGAGGATGATCCGCATGAATTGCCGGGCGAAGGGCAGGGTCTCCGGGCTGGCGCCCATGGTGGCCAGGACGCGGTCCAGGAAGACCAGGCCGAGCACGGTGAAGCAGAGTCCAAGCAGCAGGTTCAGGAAGATGGCGTTGCCCAGGACGGCGTCCGCTTCGAGGCGGCGTCCTTC
CP132910.1_gap10	331497	335341	3844	TGAGGCCGTTGTCCAGGGCGCCGGCCTTGTACCCGGTGCGGTCGGTGCGGTGGATGTAGGAGATGTCCCAGCCGAGGTTGCGGTACTTCTCGCACACGGCCTGGGCCACCTTGACGGTGTCGTCCGTGGAGTCGTCCAGCATCTGGATCTCGAGCTTCTCCTTGGGCCAGTCCATTCTCACGACATGGTCCATGAGGCGCTCTACCACATTGATTTCATTGAAAATGGCCAGCTGCACGGTGACCATGGGCTCGAAGTCCCGGCCGCCCTTGGGCTGCGGGGGATTGCTCTTGTGCCGGAAGTACAGAAGGAGCATCCAGAGCCGATGAGCACCATAGATGCTCAGGATGCTGAGGATCGTGAAGTAGGTGACGAGCACCACCGTCTTGAGGACGTCCATCGTTCTGCTCTCCAAGCGTGCTTGCCCTTCAGGCGAGCGTTACTATATCCTCCAAGCTTGTCAGGAATCCTTCGTTTTTCCACATGTTTTTCACCCTTTTTTCGTCACAACCATGCAACATTAAACGAGAAGGCTGGGCATATCCGCATGGAAGAAGCCGGGAATTTCCCCAAGAACATCGGTCGATACGAGATAAAGGGGCTCCTCGGGGCCGGAGCCATGGGGTCCGTCTATCTCGCCGAGGATCCCCGCATCAAGCGCAAGCTGGCGGTGAAGGTGGTCCGGCTCAACGCCATCAACAGCGAGCAGGAGCGCAAGGAGTTCCTGGCGCGGTTCCAGCGCGAGGCCGAGGTCTCCGGCGTCCTGAACGACCCGGGCATCGTCACCATCTACGACGTGGGCGACAGCGAGATCGGTCCCTACCTGGCCATGGAGTTCGTCCCGGGCAGGCCCCTGGACGACCTGATCAAGGAGGGCGGCAACCTCACCCTCAAGGAGAAGCTGGTCATAGCCGCCGGCATCGCCACCGCGCTGGACCACGCCCACGACAAGGGGATCGTCCACCGGGACGTCAAGCCCGGCAACGTCATGATCACGCAGGACCGCAGGCCCAAGCTGATGGATTTCGGCATCGCCAAGCGCGAGGACGCCTCCCTCACCCAGACCGGCACCTTCCTGGGCACGCCCAGCTACGCCAGCCCGGAGCAGATCCGCGAGGGCATCGCCCTGGCCGCCTCCGACCTGTTCAGCCTTGCCGTGCTCACCTTTGAACTTCTCAGTGGAAGCCTCCCCTTCCCAGGTACTTCCATCAACACCATCCTGTACCGGATCGTCAACGAGCCCCCCGTCGAGATCAAGCCCCCCGTGGAGGGGCTCCTGCCCGACGCCTGGCAGCGGATCTTCGCCAAGGCCCTCGCCAAGGACCCCGCGGACCGCCACCCCACGTGCTCGGCCTTCGTGAAGGACCTCCTGGACGGCGCCAAGGACCTGGGCCGCACGGATCGCATGCAGCTCCTGGGCAACCTGAGGTCCGAGCACGTGGGGGGCACCCATCACGGCCACCACGTGGAGGAACCCGCCCCGGAGATCCGGTCCATGTCCGGCCCCGCGCGGGGCGGGGGAGGCCGGGGCGCGCTGTACGGCACCGTGGCGGCGCTGGTGATCGCCGCCGGCGCCGGCGGGGTCCTCCTCTTCCGCGGCGGGTCCGCCCCGGTGCTGCTGGACACCGTGCCCCCCGGGGCCCGGGCCCTCAAGGGCGGCCAGGAGGTGGGCACCACCCCGCTGCCCCTGGCCCTGAAGGCCGGGGAGGTGCTCCGGTTCGAGAAGAAGGGCTTCAAGCCCCTGGACTTCCGCTTCCAGGGCGGGTCCGCGCCCCCCAGGCTGACGCTGGAGGCCGTGAAGTCCCTGGAGACCATCCGCACCTTCCCCGACGGGGCCACGGTGGTGCTGGATTCCGTCAAGCTCGACGGCGTCACCCCCCTGGAGGTCAAGGACTGGGACCAGTCCGTGAAGCACGACCTGACCTGCACCCGGGGAGACCTGCTGGTGGCCACCCGGTTCAACGAGGGGGAGACCCCCGGGACCCAGGTGTTCACCCTCGTCACCGCCTCCCAGACCCGGGCGGGCGCCGAACCCAGGGCCGTGGACGTCCACGCCCCCGGCACCCTGAAGTTCACCGCGCCCTATTCCGTCCGCGTGAAGCTGGACGGCAGGGACGCCGGCGAAGTGCGGGAGGGCGGCACGCTGAGCGCCCCCCCCGGCAGCCACCGGCTCGAGGTGGCCAATCCCAGGGTCTTCCTGCGGGAGACCCTGACGGTGACCGTGGCCCCGGGCCAGGCGGCGGCGGTGCCGCTGCCGGGCCTCTGCAGCCTCACCGTCAACACCTTCCCCAATTCCGGGACGGTGGTGGTGGACGGGATCGCCACCCAGGTGGAGAGCGACGGCAACACGCCCATCCAGATGGTCAAGGGCCGCCACGCCGTGAACGTGCACGGGCGCGCGGGTGCCGCCCAGCCCGTGGACCTCGCCGGAGATTTCAAGTTGAATATGCGCTTCTGAGTGATAGCGTCTTTGGATGCCCATGCTTGACGAAGCCTCCCACCTGACAGCGCCCGAACAGGAAACTCCAGCCCCCCGGGGTCCGTGGTCCTTCCTCCGCGCCGCCCTGGCCGGGGGCGGCGGCCGCTGGGGACTCCAGCTCCTGGGGGGCTGGCTCTGCTTCCATGGGCTCACCAGCACCCTCTGGGCCGTCCACCTCAAGGCCCTCGCCGGGTGGAGCGCCCTGCCTTCCTACTGGGGCGAGCTGGTCACCGTGCGGGATCTCTGGGACCTGGGGGCCAACGGCGGCCTCAAGGACCACTGGACCGGGCCCTGGGCCCCGCTGGCGGCCCTGGGGGCCATGGTGTGGTTCCTCTGGGCGGGCTGGAAGGTCCAGGCCCGGGCCGCGGGCGTTCCCGCGAGGCTCGGCGCCTGGCTCTGGGGCTTCGCCGACGCCCTCCTGCTCGCGGCCCTGCCGCTGGCGGTCCTGGGCACCGCCCTTCTCTGGATCCTCTCGTCCCTGGCGGGCACGGGCATCCAGGGCCTCGGCTGGCTGAACTGGGTGGGCGGGGTCCTGCTCCGGCTCTCGCTCGTCTCGGTGTTATTCCTCCAGGCCTGGCTCTGCCGCCTGGGCCGGGCCGGCGCCCCCGGCTGGAACCTGGGCGGCTCCCGGGCCCTGGGACGCCACCTCCGCGCGAGCTTCCTGCGGCTCTGGAGCCATCCCGTCCAGTGGACGGCCCTGGTGGCCGGCGGGGTGGTGGTCCGGGCCGGCCTGCCGTTCCTGGTGCTCCTCCTGGGCTGGCGCCTGGGGGGGGGCACGCCCCTGCGGGTGGTGTCCCTCCTGGGCCTCCAGGCCCTGGCCGTCCTGGCCAACGCCTGGCTCATCGGGTGGTTCCTCAGGCTCACGGCCCTGTTCTGGAGGAACGACTCGGCCGTCGAGGCTGTCATCATGGACCTGGAAGCCCAGGCTTCCGGAAAGTGAGCCATGCCCCACACGACCCTCGAATACACCTCAACCATCGCCGAACAGCCTGATTTCCAGGCCTTCTGGGAGCAGCTCCACCAGTTCCTCTCCGAGGAGTGCCCCTTCAACCTCAAGGACATCAAGAGCCGCGCCTACCGTTGCGAGGAGTTCCGCATGGCCGGCGGCGGCCGGGACCTGGCCTTCGTCCACCTCACCATCCTCGTGCTGGAGGGCCGGGACCCGGCCGTCCTCGCCAAGGTGGGCAACGGCGCCCTCGATCTCCTCAAGGTCCACTTCGCCCGGACCCTGGAGACGCAGCAGGCCGATCTCACCGTCGAGGTGCGGGACATGCGCAGGGACGGCTACTTCAAGGCCTCGAGCGTAAAGGCACCGTGACGTTCCCCGATTCCTCCTTCAGCATCGGCCCCATCCGGGTCCAGCCC
CP132910.1_gap11	377182	378364	1182	GAACCGGCAGATGGAGGCCCTGACCGGATGCACCCGGGACGAGCTGATCGGCGCGCCCTTCCGGAAGTTCTTCACCGACCCCGACAGCGCCCAGGCCTCCCTCGTCCAGGTCCTGGCCGCGGGGAAGGTCACCAACTGCCCGCTCACCGTCCTGGCCCTCGACGGCCACGAGACGGAGGTCTCCTGCAACGCCACCACCTTCCATGACCGGGACCGCAGCCTGGAGGGCGTGTTCGTGGCCGCCCGGGACATCACCGAGGCCCGGCGCATGGAGGCGGTGCTCCAGGCCAAGAACGCCGAGCTGGAGCACGCCAAGGTCGTGGCGGAGAAGGCCAACCTCGCCAAGTCCGAGTTCCTGTCCGGCATGAGCCACGAGCTGCGCTCGCCCCTCAACGCCATCCTCGGCTTCGCCCAGCTGATGGATTCCGCCCAGCCGCCGCCCTCGGATTCGCAGAAGGCGAGCCTCAAGCAGATCCTGAACGCGGGCTGGTACCTGTTGCGCCTGATCAACGAGATCCTGGACCTGGCGGTGGTGGAGTCCGGCAAGCTGTCCATTTCGGTGGAGCCGGTGTCCCTCTCCGAGGTGCTGGCCGAGTGCCAGGCCATGATCGCCCCCCAGGCCGGGAAGCGGGACCTGCGGCTGGAATTCGAGGAACTGGACACGCCGCGCTTCGTGCTGGCCGACCGGGTGCGGCTCAAGCAGGTCGTCCTGAATTTCCTTTCCAACGCCATCAAGTACAACCGCCCCGGCGGGACGGTCACGGTGGCCAGCTCCGTCCTGCCCTCCGGACGCGTGCGGATCGGCATCCAGGACACCGGGGCGGGGCTCCCTCCCGCCATGGTGGAGCAGCTCTTCCAGGCCTTCAACCGGCTCGGCCACGAGGACGGCGCGGAGGAGGGCACGGGCATCGGCCTGGTCATGAGCAAGGTGCTGGTGGAGCTCATGGGCGGCGAGGTCGGCGTGGACAGCGTGGAGGGGGTCGGAAGCACCTTCTGGTTCGAGCTGAAGGGGACGCCCGCGCCCCGGATGCCCGCGGAAGGGGCCCGCCAGCGCCCGGCGGCCCGGCCCCGGGCGCCACGGGGCTCGGCCCTGCGCACGGTGCTCTACGTCGAGGACAACGCGGCCAACCTGGAGCTGGTCCAGGAACTGGTCGCCCGCCGTCCGGACCTCCACTTGCTCAC
CP132910.1_gap12	386439	390415	3976	ATGAGCTCTTCGACACCCAGGGACGGCTCCTGCCGGAGCTGCAGGCCCTTGCGCCCAGGGGGGAGCGGCGCATGGGCGCCAATCCCCACGCCAACGGCGGGCTCCTGCTCCGGGACCTGGACATGCCCGACTTCCGGGCCTACGCCCTGGCGGTGGAGCGGCCCGGAACGCCCGGGCCCGGGGATACCCGCGTCCTGGGCGCCTTCCTGCGCGACGTGGTGGGGCTGAACGACGAGGCGAAGAATTTCCGGATCTTCGGCCCGGACGAGACGCTGTCCAACGGGCTGGAGGCGGTCTTCCAGGCGACGCAGCGGCAGTGGATCGCGGCCGTGGAGCCGAACGATGAATTCCTGGACACCAGAGGGCGGGTGATGGAGCAGCTCAGCGAACACCAGTGCGAGGGGTGGCTGGAAGGCTACCTGCTTACGGGTCGCCACGGGCTGTTCAACTGCTACGAGGCCTTCATCCATATCGTGGATTCCATGTTCAACCAGCACGCCAAGTGGCTGAAGGTCGCCGCGCGGCTGCCCTGGCGGCCCCGCATCGCCTCCCTGAACTACCTCCTGGCCTCCCACGTGTGGCGCCAGGACCACAACGGCTTCTCGCACCAGGACCCGGGGTTCATCGACCACGTGATGAACAAGAAGGCCGAGATCGTGCGGGTCTATCTGCCCCCCGACGCCAACTGCCTGCTGTCGGTCATGGACCACTGCCTGCGCAGCCGCCACTACGTCAACGTCGTGGTGGCGGGCAAGCATCCCGCGCCCCAGTGGCTGACCATGGAGGAGGCGGTGCGGCACTGCGCGGAGGGGATCGGCATCTGGTCCTGGGCCGGCTGCGGCCCTGAGACCGAACCCGACGTCGTCATGGCCTGCTGCGGGGACGTGCCGACCCTGGAGACCCTGGCGGCCGTGTCCATCCTGCGCGAGCACCTGCCCGAGGTGCGGGTCCGGGTCGTCAACGTCGTGGATCTCATGAAGCTGCAGCCCCGGACGGAACATCCCCACGGCCTGGACGACGACGCCTTCGACGCGCTGTTTACCCGGGACCGGCCCGTCATCTTCGCCTACCACGCCTATCCCTGGCTGATCCACCGCCTCACGTACCGGCGCGCGAACCACGGGAACATCCACGTGCGTGGCTACCAGGAGGAAGGCACGATCACGACGCCCTTCGACATGACGGTGCTGAACGACATGGACCGGTACCACCTGGTGATGGACGCCATCGACCGGCTGCCGGGAACGGGGGACAAGGGGCTGCAGGTGAAGCGGATGCTCCAGGGGAAGCTGGTGGAGCATCGGGCTTATATTGAAGAAATCGGGGAGGATATGCCTGAAATCAAGAACTGGGTCTGGACCGCGGATTAAGGTTCCTTTTCCTTTCTCGGCGACCCTCGGCTCCTTGGCCCCCTCGGCGATGCGTTCTGTTTTCTTCCCCCTGCGGCGCTTGAAATCCATGCGCCGCCAGGGTCGAGGAAAGAATGCATCGCCGAGGGGGCCGAGGAGCCGAGGATCGCCGAGAAAAGATTAAAATAATTAGGTTACGGTGCTGCCGATGAGGCGTCCGATGCCGGCGGTGACGGGCATGGACGTCGCCCCGGCCCCCAGGCCCGCGACGCCCGCCACCAGGATCGCACCCCGGGAGGCGGAGACTCGAATCATGAGGCTCGCGGTGGAGACGATGGCGTCGTCGGAGCCCAGGATGGCGGCGCGCAGCCAGCCGGAGCGGCCGCTTCGATGGCGCTCCGGCTGGGTGCGGGGGCGGTGGCCCGTCACAGGATCTCGTCCCGCGGATCGGCCGGGATGCTGGGGGAATCCCAGTACACCGGGCGTCCGTAGTAGTCGAAGAGCCGTTTCTCATAGGACCGGTTGACGGGAGCGCCGGGGTCCCACTCGGGGCAGTCCTTGATCTCCTGGCGGGTCAGGCACAGATCGATCGTGTTTTCCTCCCAGCTGACCTGGGTGGCCCAGAGCGGCGAGACGAGGACCTGCCTGCCGGTGAACCAGCTGCCGGTGCTGACCACGAGGTAGCGGATCTGCCAGGTCTCGTCGTCCACGATGAAGTCGTCCACGTGGCCAACGTCCCCGTCCGTGGCATGGAGGTGGTAGCCGCGGATGAACTTGACGCTGCGCAGGTGGGGATCGTCGTCGAAGGTGTCGATGTCCAGGGGGATCTCCGCCACCGGAAGGTCGGTGAGGATGGGCAGCGGGGCGGCGTTCGTGCCCCAGACGCCCGTGCTGCCCCAGTAGTTCGGGTAGCCGAAATAGCGGTAGTAGTCGCGCTCGTGCTGGCGGGAGACGGGCAGGTCCGCGTTGGCGCCGGGGCTCTCCCGGATCTGCTTGCGCGTAAGGGCGAGGTGGAAGGTCCGGTTGCCCCACTCGACCTGCCGGAAGAACATGGGAGATATGAGGACCTCGCGTTCGTCGAAGAAGGTGCCGGTGCTCACCACCAGGTAGCGGCAGGTCCAGCCCGCGTCCTCCACAAGGAAATTGGCCACGGTCCCGAGGGCGCCGTCGGTGGCGGCGACCGCGTAACCTTCAAGGTCCTTCAGGCTTCTCAACATGGGTGGTACCTCCCGCCTCACGGCTGCCGTTTCTTCGGAAGCCACGACAAACATGCACAATCCGGGCCAGGGCCCTCTGCTCCTGCCTTCAAGGGAAAGAGCCTGGGGCGGCCCGCCGGTCCGGGTTATTCCCATCATTCTGACCATCGCCGGGCCTCACTTTGATGCCGCTTACCGGCGGGCTTTCGGCGCGCTCAGGCCGACAGGGTTGCTATCAGTGGCTCGGGCAGGTGGCCTGGGAGTTGCAACGGTTCCCGGGCCGGACCACAGCGGGGCTGGGACAATGCCCGATGTGCGCCAGCGAAACGGAGGCGGTGCGCCATGGTCAAGAAGCCCGAGGGAACCCCGGAGCCCCCGCGCGCTGGAGCTGAGTCGCCGCCCAGCCTCGACCGGCGGGATCTGGCCACGCTGTCCTCCGCCGAAGTGCGGACCCTGATCCATGAGTTGCGGGTGCGCCAGCTGGAACTGGAATTCCAGAACGGCGGGCTCCGCCTCAATCAGGAGCGGCTGCGCGCCTCCCGGGCCAGGTGCTCCACCGGGCTGAAGCGGGTGGAACTGGACACGACGGTCCTCGCCACCCAATTGCACCGGGCCCGGAAGCTGGCGACGCTGGGCGTGCTGGCCGCAGGGACGGCCCACGACGTGGACAACCAGCTCGAGGCCATCCTGGGCAGCGCACGCGCCGGGAGCCTCCTGGCCAAGGGGAACGCACCCGTGGCCCGGTTCTTCGGGACCATCGAGGCCGCGGCGATGCGGGCCAAGGAGCCGACCCGCCAGCTGCTCGCCTACGCGGGCAAGGCCAAGGGAACGATGGAGGACGTGGACCTGGATCGCGTGGTCCGGGAGCTCGGCCAGACCCTGGCCACCTGCCTGCCGGAGCATCTGACCTTCCGGATGGATCTGGCCGACGACCTGCCCCACTGGCAGGGCGACGCGGCCCAGGCCTACCAGATCCTCGTGAACCTCGCCCTCAACGCCTACGAGGCCTTCCCGGAAGGGGTCCCGGGCGAGATCACCCTCCGCACCCGCGCCGAGGAGACCAGCCCCTGTGCGGGCGGGCCCGGCACCTGGGTGCTGTCCATGGCACCCGGCCGCTACGTGATGCTGGAGGTGGTGGACTCAGGCCACGGCATGACGCCCGACCACCTCACCCACGCCTTCGAGCCCTTCTTCACGACCAAGGCCGCCGGGCGCGGTCTGGGCCTGGCGGCGGTCCACGGGCTCCTGGACGGCGACGGCGGCGGCATCTGGATCCGGAGCGGACCCGCCCAGGGCACCTCGGTCAAGGTGTACCTCCCCGCCATGACCGGGCCGGCGCACGTGACCGGAAGGAAGTCCTAGTTCGCCGAGGAAGGAAGGGTCTGATTTCCTCCCCGACGGAATGGGCCCTCAGCCCGCCAGCGCGCCCAT
CP132910.1_gap13	398053	402726	4673	TCAGCCTGCCCTTCACGGACAAATTCTCCGCCTTCGGCCGCCTCGGCGTGAACTACGCTTCGGTGAAGGATTCCTTCGACGGCACCGGCGCCGTGGCCATCACCCGCCCCCGGCTGGGCAAGGACCGGGCGAACTATACGTTCGGCGGCGGACTCCAGTACGATTTCACCCGGAGCGTCAGCCTGCGGGCCGAATTGGAACGCTATCGAATCTCGGATCCCGTCGGCACCAAGGGCGACCTGGACCTGGCCTCCCTGGGCCTGCTGGTCCGGTTCGGACGCCATGCGGCCGTTCCCGCGCCCGCCTACGTCCCCCCCAGGGCCGAAGTCCCCGCGGCGGTGCCGGCTCCGGCTCCGCCGCCGCCCCCTCCCGTCCGCACGCAGGTGTACTGCAGCCTCCTGGATCTCCAGTTCGACATCGACAGCGATGACATCCTGCGCGAGGACAAGGAGAAGCTGGCGGTCGTGGGCAGGTTCATGACCACGTATCCGGCCACCACGGCCGTGATCGAAGGCCACACCGACAACGTGGGCACCTCCGAGCACAACCTGAAGCTGAGCAAGGGCAGGGCGGACGCGGTGGTCGCCTACCTGGTGGACTCCCTGCACATCGCGCCGGCCCGGCTCACGGCCGTGGGCCTCGGCGAGGCGAACCCCCTCGCGAGCAACGACACCGAGGAGGGCAAGCGCCAGAACCGGCGCATCGACGCCGTCATCGTCTGCGCCACGGACATCGAGGGCCTCACGGTGGTTCCGGCCCGCATCACCATGGCCATGGTCATGGAGTTCGACGAGGATCGCGCCGAGGTGCGGCCCGAATACGACAGCGAGCTGCTCAAGGTGGCCACGTTCCTCAAGGCCAACCCCCGCGTGACCGCCACCGTCGAGGGGCACACCGCCAACCTCAAGGGCGACTCCGCCCGCATGGCCGAGCTCTCCAAGCTCAGGGCCCTGAACGTCGTGGATCGCCTCTCCACCCAATTCGGCATCGCCCGGGACCGCCTCACCGCCGAAGGCTTCAGCGACGAACGCCGCTACGCCTACAACTCCACCTTCGCGGGCCAGCAGGAGAACCGCAGGGTCAACATCATCTTCAATTACCCCAAATAGGGGATGCAGCAACCCTCCACCCAACCACCCAAGGAGCGCATCATGACCAACGAATCCACCGCCACCGGCTACGCCGGCATCCTGCTGGCCTTCCTCGGGGGCGCCGCCATCGGCGCCGCCGTCGTGGCCCTCACCACCCGCAAGACCGGCCCCGAGCGCCTCGCCGAGCTCAAGACGCTCGCCGAGATGGCCCAGGCCAAGGCCACCGCCCTCGCCCAGGGCGCCAGCGACGCCTGGGACACGACCCGGGAACGCACCGCCCTCGCCAGCAACGACATCAAGCGCGGCTTCTCGGATGCCGCCACCGACCTGCGCGGCTGAACCCGCCCACCTGCCAAGAAAGGCAACCCAATGAATCTCTGGAAGACAGTCCCCTTCGCCACGGCGGTCCTGATCATGCAGGCCCAGACCCCCGTGATCCTCTCCACCCCGGCCCAGCGGCCCGGGGCCGAAACGCCCTCCACCGCCCAGCCCCTCTACCGCATCTCCATCGTCCAGGGCTCGGCCAAGGCCATCAACTACAGCAAACTCAAGGGCTCCACAGAAGTGGAACTCAAGGGCACCGCCCTGGCCCCCATGGCCGAGGGCGAGGCCAAGGTCAAGCACGAGGACGGCGGCCTCCAGGTCACCCTCAAGGTCAAGAACCTGCCCACGGCCTCCGGGTTCGGCGGCGAGTACCTCACCTACGTGCTCTGGGGCATCTCCCCCGAAGGCCGGCCCACCAACCTGGGCGAACTGGTCGTCAAGAAGGGCAAAGCCAAGGTCAAGGCCACGGAACCCATGCAGTCCTTCGGGCTGATCGTGACCGCCGAGCCCTACTTCGCCGTGACCCGGCCCAGCGACGCCGTGATCATGGAGAACGTCATGGGCAAGGAGACCAAGGGCCAGGTCGAGGTCATCGACGCCAAGTACGAGCTGCTCAAGCGCGGCCAGTACGCGTTGAACCTGCAGAACGCCGAACCCGTCCAGATGGACGGCAAGACGCCCTTCGAGGTCTACCAGGCCCGCAACGCCGTGAAGATTGCCAAGGGCGCCGGTGCCAACGCCTTCGCCCCGGAGGCCTACCTCAAGGCCGAGTCCTACCTCAAGCTGGCCGAGACGGACGAGGGCGGCAGGAAGGGCAGGGTCCTTAACGCCCGGGAAGCCGTGCAGCGCGCCGAGGACGCCCGGGCCATCGCGGCCACGCGCCAGGACGAGGAGCGGATCGCCATGGACAAGAGCCTGGCCCAGGGCCGGCTGGATGAGGCCAACCGCGCCACCCAGGTGGCCAACGCCAACGCCGCCACCGCCGCCCTGGATGCGGCCAGCGCCGCGGCCCAGGCCAAGGACGCCTCCAACCGCCAGGCCGAGGCCATGGCGAGCGAGAACGAGGGCCTCCGGACCCGGCTGATGGATCAGCTGAGCGCTGTCCTCAAGACCCGCTCCACTGCCCGCGGGCTCATCGTCAACATGTCGGGGATGCTCTTCCACACCGGCAAGTCGACCCTGGTTCCCGAAGCCCGGGAGAAGCTGGCCAAGGTCGCGGGCATCCTCTCGACCCACAAGGGCCTGCGGATCGAAGTGGACGGCTTCACGGACAGCACGGGCGGCGAGGCCTTCAACCAGAAGCTCTCCGAAGCCCGCGCCCAGACCACCCGCGAGTACCTCGTGAGCCAGGGCGTGGCGCCCGATGCCATCACCTCCAAGGGGTACGGCGAGGCGGACCCCATCGCCCCCAACACCACGGATACCGGCCGCAAGGAGAACCGGCGCGTGGAGCTGGTGGTCACCGGGGCTGGCATGGCGGAAGCCAAGTCCTAACCTTCCACTACACCGATGCGGGGCGCCGGGTCCTTCGGGACGCGGCGCCCTTCATCTTTCGCGAGGAGTCGACCATGAAAGTGGGTGTGGTGGGAACCGGATCGGTGGGCAGCTGCGCGGCCTACGCGATGATCATGAGCGGAGTCGCGAGCGAGCTGGTGCTCATCGACCCGGACGAGGCCCTGGCGCGGGCCCAGGCGGAGGACCTGGCCGACGCGACCCCCTTCGCCAGCCCCGTGCGAATCGCGGCGGCGGGGTATGCCCAGCTCGAGGGGGCGCGGGCCGTCGCCCTCTGCTGCGGGGTCCGCCAGCGCCCCGGCGAGTCCCGCACGGAGCTCCTCACCCGCAACGCGGTCATCTTCGGGCTGGTCGTGCCCCAGATCATGGAGCGGGCCCCCGGCGCCCTCCTGCTGGTGGTCTCCAACCCCGTGGACGCGCTCACCGACCTGGTCTGGAAGGCCTCCGGGAAGGCCGCGGGCAGGGTCCTTGGGACGGGGACCGTGCTGGACACCGCCCGGTTCCGCTGCAGCCTCGGCCGGCATCTCGGGGTCGCGCCCGGGTCGGTCCACGGATACGTCCTGGGCGAGCACGGGGATTCGGAAGTGCTGGCCTGGTCCTCGGTGGCGGTCGGGGGGATTCCCCTGGAGGCGTTCGCCGACCAGGTGGGCCGCCCCCTGACGCCCGAGGCCAGGACCCGCATCGACGGCGAGGTCCGCCACGCCGCGGCCCGCATCATCGACGGCAAGGGTTGCACGAGCTACGGCATCGGTGGCGCCATCACCCAGATCCTGCGGGCCGTGAGGGACGACGAGCGCACCCTGCTCACCGTGTCCGCCCCCCAGGGCGGAAGCTGCTATTCGCTGCCAAGGATCGTGGGCGCGGCCGGGATCGAACGGACGCTGATCCCTTCTCTTTCCATGGATGAACGGAAGGCCCTGGACGCCAGCGCGGTGCTCATTGCCGAAGCCATCGGGAGCATGGGGCAGCCCAGGGATCCCTGAATTCCGATCGTCGGGTGCCGAAGTTCGCCGAATGCGGATTGAATGAATTCCGGGGAGGAGGCCGGTAGGTATTGGGGGTTCATCAGGGCCTGGAGGCGGCCCCGCCCATCCCGGTGCTCCCGTTTGGTGCCATACTTTGGGATTCCTTCTGCCCCAGCCTTCGCTCCGCCTGGTCCGGCCAGGCGCTGTCCATTGGACCCGCATCCGAGGACTGCCATGATTCCTGACGCCACCACCGACCTGTCCTTCCGCCCCCCGGCGTTCCTGGGCGCCGCGATCGTGGCGCTCATGCTGTCGTGCGGCGGCGGTGGCGGTTCCTCCGCGCCAAACCCCGTCTTTCCGAGTGTTCCCGCCCCCTCGAACGTGACGGTGGCCTATTCCCCCTCGAACTACCAGGTGACGGTGTCCTGGACGCCCCCGGCCGCCACGGTGGACGGCTACGACCTGGAGGGGTGCCTCCAGGGCCAGGCCTTCACGAAGCTCAACACCACCCTCATTCCCGCCGCCTACACGTCGGCCCTCCTCACGACCTCGACCGTTCCCCGGGAACTCGACACCTTCACCTTCCGGATGCGGTCCTTTGCGGGCACGACGTACGGCGGCTACTCGAACACGGCCTCCTTCACGACACCCCTGAATCCCCTGTCGTACGTCTTCGCGACGGCCTCGCCCGACAAGCTGGAGATCGCGGTCACCCTGGGCCAGTCCTCCTACATGGCCACCGGCATCATCCTGGAACGCGCCACGGTGGACGCCAATGGCG
CP132910.1_gap14	410991	413497	2506	CCCGCCCATGTCGGCACGGCAGGACGAGATCCGCCGGGAGCTGGAGATCCACGGCCACGCGGTCTTCGAGGCCACCAACCTGCGCAGGGACGGCAGCGCCTTCCCGGTCCTCGTGGACGCGACCCTGGTGCGCGATCCCGACGGCACGCCGCGCTCCCGCATCGTCTACGCCCGGGACCTCACCGAGATCAAGAAGGCCGAGGCCGCGCGCCAGAAGGACGCCGCCTTCCTGCGGACCCTCCTGGACACCCTCCCCGACCTGGTCTGGCTCAAGGACCCCGACGGCGTCTACCTGGAGTGCAACCACCGCTTCGAGCGGTTCTTCGGGGCGCCCAAGGCGGAGATCCTGGGCCGCACCGACTACGACTTCGTGGACCGGGACCAGGCGGACTGCTTCCGGGCGCAGGACCGCCTGGCCCTGGCCACCGGCGCCCCCACGGCCAACGAAGAGGAGATCACCTTCCGGGACGACGGCCACCGGGAATCCCTGGAGACCATCAAGACCCCCATCTTCGGCGCGGATGGACGCCCCATGGGCGTGCTGGGCATCGGCCGGGACATCACGGCCCGCAAGCGGGCCGAGGACCGGATGCGGGTCAGCGAGGAGAAGTACCACCAGGCCTTCCACAACTCCCCCCTCCTGGCCTCCCTGAGCCGCAAGGAGGACGGCCGCCTCCTGGAGGTCAACGACCGCTACTGCCAGGCCCTCGGGTTCTCCCGGGAGGAGGTCCTGGGGCGGACCTCCGTGGAGCTGGGGATCCTTTCGCCGGAGGTGCGGGCCCGGATGATCGAGGCCCTGGGAACCCGCGGGAGCGTGCAGAACCTGGAACTGCCCGTGGGCACGCGGGACGGCCACACCTTCCCCTGCCTGTTCTTCGCCGAGGCCTTCCGGGTGGGTTCCGACCAGCTCCTCCTGGTCATGGCCCTGGATATCCGGGAGCGCCACGCGGCCGAGGACCTGCAGCGCAAGCTGGACGCCGAGCTCCACCAGATGCAGAAGCTGGACAGCCTGGGCAGCCTGGCCAGCGGCGTGGCCCACGACATGAACAACGTCCTGGGGGCCATCCAGGCCCTGACCGAGACGGTGGCCGGGCGCGTCGAAGGCGACGCCTTCCTGGACGGGCGGCTGGGCCTCATCGTCCGGGCCTGCCACCGGGGCCGCGACCTGGTGAAGGGCCTGACCCACTTCGCCCGCAAGGACCTGCGCGAGCCCGAATCCCTGGACCTGAACGCCATGGTGGCCGAGGAGATGGAACTCCTGGCCCGCACCACCCTGCAGAAGGTGCATCTGGTCATGGACCTGGAGCAGAACCTGCCCCGGGTGATGGGCGAAGGGGGCACGCTGTCCAGCGCGCTCATGAACCTGTGCGTGAACGCCGTGGACGCCATGCCCGGGGGCGGCACCCTGACCCTGCGCACGCGGGTGGTGCCGCCGGACACGGTCGAGGTGCAGGTGGAGGATTCGGGGGAAGGCATGAACGAGGCCGTGCTGGCCCGCGCGCTGGAGCCGTTCTACACCACCAAGCCCATCGGCAAGGGCACCGGCATGGGGCTGTCCATGGCCTATGCCACCCTCAAGGCCCACGGCGGCAACCTGTCCATCCGGAGCGCGCCGGGGCAGGGCACGCAGGTGACCCTCAGCCTGCCCGCGGGGCCCGCCCAGGCCGAGGCCGCGCCGGTCCCCGAACCCGAGCCGCTCCCCTCCGGTCCCCTGCGGATCCTCCTGGTGGACGACGACGCCCTGATCCTGTCGACGATCCCCGACCTCATCGAGGTCCTGGGCCACGCCGTGGCCACCGCCGCCTCGGGCCAGGCCGCCCTGGACCGCATCGCCTCGGCCGACGACCTGGACCTGGTGATCCTCGACCTGAACATGCCCGGCATGAACGGCGTCGACACCCTCAAGGGCCTCCGTCAGCTTCGTCCGCGTCTGCCGGTGCTCATGGCCACGGGCTTCCTGGACGAGGAGACGGGGGAGATCCTGCTTCGGGACGGCCGCGCCCTGAGCATCCTCAAGCCCTTCTCCAAGGCCCACCTGGGACGGAAGATCACCGAGATCGGGGAGTTGGGGCGGCGCTGAGGGCCTCTTCAAGAACCCTGATGGGTAACGGCTTGGGCGGCAGCGCCACCCCAGGGTGGCCCGGCGGGAAGCGCAGGGATCAGGGCTTGGGAAGAGCTGTCGGGGGCTGCTTTTCCCAGTCTGCAAGTTTCAGCCCCCTGATACGCCCGAAGTGTTTCGTGTTGCCGGTGACCACAACCTTGGCTTGAGCCATAGCCGTGGCAGCGATGATGGCATCTTCCGTTTCGATGCGGTTTCCCTGCTTGCGGAGGCTGGCATCCAACTTGGCCCATTGAATCGCTTCGTCTCTGCCGAAGGACAGAACCGGGATCGGTCTTAAAAAGGCCTCGAGCCTTGCCCGTTCAACATCCGGCTTGTCGGCCAGGTGCGCGCCCAGGACTAATTCACCCAACGTCATTGAGGACACGGCAACGGAGTTCAAGGGAA
CP132910.1_gap15	472319	475362	3043	CCACGGGAAGCGGCTTGAGCCTCCCGCCCCCATGACGAAGCACTCCGGATCGCGTTGGATGACACCCTTCCGATCCGGATGCGGGTTGAAGACCGGGAGACGACTGTCGATCCGGAACCGGGCGCCACGGTGGTTGCCCTCGCGCCATCCCGCCACCCTTTCCGTACGTGTGTTCAGGATTCCGTTCGTCTGGCACTGGGTGGGTCAAGAATCCAGTCGCCAGGGGATCACTTTTCCGAGCCGCCATTTCAATCCCCTCCTTTGCGGGTCCGGATACCTCGGAGGGATTCAGCCGCGCGACGACGGTGGCGTCCTTTCACCCTGACGCCGATCGAGGGCCCCCTGTGAAATTCCCGGCCCGTCCCGTGGAGGGCAATTGCTGGGATCCCAACCATTTGATTTTAAGTTATTGATGATAAATATCATAGCGTCTATTGATATTGTCAACCATTCCCCTACATTGGCCTAGGTAAGGGCGGTCGGGCCGATCCTGGCTCCTTCCGGGTTTTCCCTCCTCCTGCCCGGGAATTTCCACAAGCCTCGTCTGTTCTCGGGCCACCAGGGCTTTTCGAAAGGCGGCGCCATGTCATTCCTGTCGGATCTCAACCTGTCCTCCCGTCTCTCCTTGGCTTTCGGGCTGGTGCTCTCCCTGATGATCGGGGTGGTGGTCGTTGACAACCGGCAGATGGCAAGCATGAAAGCCCGGACGATGGAGATGTTCCAGGTCAACCAGGCTGCCTCGACGGCCGCCCAGGAGATGATCGTGGCGGCTGACCGGATGCGCGTGGGGTATCGGGACATGGTCCTTTCCGGGGATGCGGGAACCTACGAGCGGGCGAAGGACCTGTACCAGAGGAGCCGGGCCGCTTACGGGGATGCCGAGTCAAAACTTGCCCGGATAAATGAAAAGCGGAGGGAAACCATGGGCCGTGCGGAGGTGGCTTTGCTGGACCGGATCCGGGTGAACCAGGAGAAGGCCTTCCCCGCCATCGACCATGTGCTGGACCTTCTTGGCCAGGGCAGGAAAGCCGAAGCCGGCGAGGTCATCCTGGGCACCCTTCGGCCCATCTATGTGGCCTGGGGCGGGTCGCTGGACGACCTCGGGGCCTTCTTCCTGCGGGAGAACGGCGAGAAGGCCGTGGCCATCCAGGACACCGTGGCCTCCGCCCAGCGTCTCCAGGTCCTGCTGGTGGTCCTTGCCTTGGCGGCGGGGATTGCCGCCTCCTACTTCGTGACGAGGAGCATCACCCGGGGCCTTGGCGGCGAGCCTTCCGAGGCGACGGCCATTGCCCGCCGGGTGGCAGGGGGCGACCTTTCGGTGGAGGTCCAACTTGAGGAGGGCGACACCACAAGCATGATGGCCGCCATGAAGGTCATGGTCGCCTCCCTTTCAGGCGTGCTCACGGAGACCCAGCGGGTGGTGGAGGCCGCGGGCCAAGGTGATTTCAGCCAGCGGGTGGCCGTGGCGGGAACCCGGGGGTACATCCTGGAGCTGGGAACGGCCATGAACCGGTTTTCCGAAACCTGCCAGCGAGGCCTCGGGGATATCGTCAGGGTCCTCGAGGCCATGGCCCGGGGCGATCTTACGGAGTCGATCACGGTCGCCTACGCCGGGGAATTCGGGCGGCTCAAGGATGCGTCCAATTCGACGGTGCAGAAGTTGGCCTCCACCATCGGGGAGGTTCTCGAGGCCTCCGCGAACCTCGTGGGAGCCTCGGACCAGCTCAGCGCGACGGCACAATCCCTAAGCATGGGAGCGAGTGAACAGGCTGCAAGCGTGGAAGAGACCAGCGCATCGTTGGAAGAGACCAGCGCATCCATGGAAGAGATGAGTGCATCCATCGCCCAGAACAATGAGAACGCCAAAGTGACGGGAGATATCGCCACCCGAACGGCCACCGAGGCGGTTGAAGGGGGGCAGGCCGTGAAGGAGACTGTCGGCGCCATGAAGCAGATCGCGAAAAAAATCGCGATCATCGACGATATCGCGTACCAGACCAACCTGCTGGCCTTGAACGCGGCCATCGAGGCCGGCCGGGCCGGGGAACACGGCAAGGGCTTCGCCGTGGTGGCGGCGGAGGTGCGGAAGCTCGCCGAACGAAGCCAGGTGGCCGCGGAGGAGATCAGCGATCTGGCCTCAGGAAGTGTGGACCTGGCGGAAAAGGCCGGGAAACGCCTGGGAATCATCGTCCCTTCCATTCAGAAGACCTCGGATCTGGTCCTCGAGATTGCCGCGGCTTCCTCCGAACAGAATTCAGGGGTGGCCCAAATCAATGGCGCCATCAACCAGATCAGTCAGGCGGTTGGCCAGATCAGCAGGTCCGTGGCCCAGAGCGCGGCCGCTTCCGAGGAGCTGGCCTCCACATCGGAGGAGGTGAGCGCCCAGGCTCTGGAACTTCAGGCCACCATGGCCTTTTTCCACCTGGGGGACACCAGGGTTCACCCGGGGAGGACCTCGCCAGGGCGGCCCCTCCCCCAGGTCCGGAAGTCGGCGGCAACCACGGTGGACGCGGGGGCCGGCGAGTTCAGGCGATTCTGAGCCGGAGGGGCCGGCCCTGGCAAGTCCTCCAGCCGATGGCCGGCGGATCGAGTCCTCGGGTCAGGGAGGGCCGGCCATCCCGGTCATCCTGCCCATCCAGGGCGGGCGGCTGCGAAGGTACAGGACCACCAGGGCAATGATGACGAAACGGAAGCAGATTCCGATCAAACCTGCTTCGGGACCGTAGGCGCCGCCGGTCAGCCAAGCCGGACCGAGGTCCGCAAGCCGCTGCAGTCCGCCCGCCGGCAGGCCACTGACTGGAAATCCGATGAGCGGGCCCTGCGCGAAATTCCATCCGAAATGCAGGCCGAACGACAGCCACAGTTGCCGGCTTGACACGAACGCCATGCCGTAGATCAGGCCACCCAGGGCATTGCCGAACACAGACATCGCAGAAGCACCCGGGTTGCACAGGTGGATCAGTCCAAACGATGCCGCGCTCAGCGCCACGGCCCATGCGAGGCGCCCCCTCAATGCCAGCACGAGCCCCGACAGGAGCAGGCC
CP132910.1_gap16	558189	559939	1750	CTCGCCCGGGGCGAGCTTCCTCCCGAAGGCCCGCAGGGTCCTGGCGCGGTGGATGCGCAATGTCTCCGAGCCCAGGACGAAGGCGTAGCGGTGGAGGAAGGCCACCTGCTGCGCGAAGGCCCGCGGCGCCCCCAGGCGCTCCAGGCCCAGGCATACGCCGTCCATGCTGGTGGTGGCCACCAGCACCAGCGCCGCGCCCACGGTGAGGGCGAAGCGCAGGAGGATCGAGGCGAAGGACACCCAGCCCCCCGACACCGCCACGGGACCCAGGGTGATCAGGGGCGCGCGGTCCAGCACGGGGTTGAGGGCCCCCAGGAGCAGCACGAAGGGCAGGGCCGCCAGCATCCGCCTCCCGATGAAGCCGGCCGGGATGCCGCCCAGGGCCATGAGCGCGGCGGGAAAGAGGGCGAAGGGCACCAGGGCCGCCACCTCGTACCGCCCGAAGGAGGCCACCGTGACGATGAACAGGCCCGTGGCCAAGAGCTTGGCCCGGGGGTCCAGGCGGTGCACGGCACTGTCGCCCTGGGCGAGGTCGTCGAGGGTGCCGAAGTGGAGGAGGGACGCGAGGCCGGTCACGCGGGCTTCCGCAGGGCCTTGAGGCCCAGGGCGGCCAGCGCCACCAGCGCGAGGGTCGCCGCGCCGCCCAGGAGCCCCGCCAGGGACGTCTGGGCCCGGGAGGGCTCCCCCCGTCCCTTGAGGGCGTAGTCGGGCATGGGGGCCGCTTCCCGGGCCCGGGCGGAGGCCCGGTGCAGAGGATCCTGCGCGGCGCGGGGCTCGCCCCCGGCCACCCGGGCCACGGCCCGCTCCAGGCCGTCGGGGTAGCGCGAGGCGGCCCAGGAGAGGCAACCGCCCGTGAACAGGGCCAGGAGGCCCACCAGGGCCGCGGCCTTCCAGCCTCCCCCAGGCTCGCCTTCCACCAGTTCCGGCCGCGCGTGGCGGAGGAACCGCACCACCGCCACCGTGGCGGCGCCCTCCACCAGGCCGATGACCAGGTGGATGGGCACCAAGGCCGCCAGGAAGGTACGGAAGGGAAGGGACGAGATGCCGGAGAGGCGCGTCTCCAGCGCCACCGCCCCGGCGCCCAGCCCCAGGGCCGCCAGGGCCGCCAGGAAGGTGGCGGCCCCACGGGCCCGACCCGCGAGCGGACGGTAGAGCAGGGGGTAGGCGATGAAGGCCGGGATGAAACCCATGTTGAACAGGTTGCACCCCAGCGCCAGGAGGCCGCCGTCCGCGAAGAAGAGCGCCTGGACCAGGAGCACCGAGGCGAGCGTCAGGAAGGCGGCCTGGGGCCCCAGGAGGATGGCCAGCAGGAGTCCCCCGCCCAGGTGCCCGCTGGAGCCGGTGCCCGGGATGGAGAAGTTGACCATCTGGATGGCGAAGGTGAAGGCGCCCAGCACCCCGGTGAGGGGGACCGAGACGGCCGTCCCCCGGGACGTCCCCTGGCCGCTGCGATAGAGGGCCGTACCCGATACCGCCCAGAACGCCGCGCCCACGAACGGGGAGACGAGGGCATCGGACATGTGCATCGGGACTCCAACCAGGCCGGCGGCGACGCGAACCGGAGTCCTTCATTCTGCCTCAACCGCGGGCGGCCGTGTTGGGTGGTCAGGCCAGGGCCGCGTTCACGATCTTCGCCCGGATGGAGGGGCTCTTGAGGTGGTCCGTGAGGGTGCACTCGAAGGCGAGCCATTCGCCGTTTCTGTGCCGCAGCCGGAAGTTCCGGGAGGTCGCCGACCCGGGGCCCTCGCCC
CP132910.1_gap17	705559	707222	1663	CGGGCTGCCCTCGGCCTCGGTGGGCAAGCTCCTGGCGTGCCCCGGCGGCGGCATCTGGGTGGGCACCCTCCGTGGACTGGTGCGCTTCAGGAACGGGCGCTTCGAGAAGATCACCCTCGATGGCCAGCCCTACGCCCACTCCGTCGCGGAACTGGCCCTGGACCGCCGGGGGCGCCTCTGGGCCTACACCTTCAAGGGCCTGATCCGGCAGAAGGAGGGGCTGGCCTTCGAGACCGTGCCCTGGGCGACGCCGGACAACGTCTATGGGCTGATGGCGGGCCCGCGCTCGGGAGCGGTCTACGTGGCGGGCCAGCACGGCATCCAGGTGTTCGGGGAGGACGGCTCCATGGCGAACTGGGGCCCCGCCCAAGGGCTGCCGCCCAAGGGGCCCCTGCTGGTGGCCGAGGACGGCAAGGGGCGGGTCTGGGCCGGCGGCGGCGCGTCGCTGATGATGAAAGGGCCGGAGGACCCGCGGTTCCATGACGAGTCCAGCCGCCTGAAGGCGAGCATCTCCCCCAACGGGCAACCCTTCCTCGACCGGGACGGCTCGGTGTGGATCCCCACCCAGAACGGGGCCCAGCAGCTCGACGGCGAGCTCCTGGACACCGCGCGGGGCCTGCCCTTCCGCTGGGTCAGGGGCCTGTTCCGGGACCGGGAGGGGGCCCTCTGGGTGATGGGGCCGGGCCTGGCCCACATGCTGGGCCGGGGGCGGGTCCTGAACCATCCCCTCACGCGGGGGGATTCGGGCGAAGTGGTGTGGTTCCTCGTGCGGGACAGCCAGGGGCGCATGATCGCCGCCACCGACAACGGGGCGGTGCGCATGGAGGCCTCCGGCCCGGCCGCGATCCCCGGCACGGAGGGCACGCGCATCAAAGGCATGGCGATCGACCGCGCCGGCACGCTCTGGATGGTCAACACCCGGGGACCCACGCTCTGGCTGCGGTCCGGGCGGACCCGTGCCGAAGTGGCGCCCCTGGGCGACCTGGGCATCGGCGCCAACAGCGTCTTCGAGGACAGCCGCGGCATCGTGTGGGTCGGCGGGGTGCGCCAGGGCCTGCTCCGCTACGACGCCAGGGCCGGCAGGCTCGTGGAGGACGTGCCCCGGGCCTTCACGGGGAGCGATCAGCTGGGGGTCTACGAGATCCATGAGGACGACCGGGGCGGGCTCTGGGCCGGCTGCGACGGGGGGCTGCTGCAAAGGCCGAACGGCGGCGCCTGGACCTTCCATGCCGGCAACGCCGGCTCCCGGGTGCGGGGCATGGCCCTGCTTCCCGACGGCACCGCATGGATCCACTACGAGGAGCCCATGGGAATCGCCCGCGTGCGTCCCGCGGACGGCGCCATCCAGGTGCTGGAGCGGCGCACGAAGGGTTGGGGCCTGCCCAGCAACATGGTCTACGGGGTGCGCCGGGACGAGCGCGGGCGGATCTGGGTGTCCACCGACAAGGGCCTGGACCGGGTGGAACCGGCCCTGCACGTGGGCCGACGGGACGGGATGGTCAATGAGGACTGTTCGATCAGCGCGCTCCTGGTGGAAAAGGGCGTCGTGTGGGTGGGCACGTCGGGCGGCCTCATGCGCTTCGACAGCACCGGGGCCTCGGCCCCCATGGAGGCGCCCCGGGCCTTCGTGATGCAGCTGGCCTACGGCAACCGCGTCCTGGAG
CP132910.1_gap18	754404	755046	642	GCCGCTGCCCCTGAACGTGGTGGCGGTGCCCCCCATCGGGATCACCCTCATTCCGGTCCAGCAGGGCGGAACCGTGGGCCGGGTGAGCGACGCGGCCCGGCCCCTGGAATCCTGGCTGACCCTGGCCCGGCAGATCTGGCCCCTCAAGGACATCGATCTGGTGAAGGCGCCGGTCATGACCTGGAGCGAGCCCATCACGGAGGACATCATGACCTGGGTCCGGCTTCGCACCGCCATCGAGGCCAACCGGTTGACCGCCGATCCCCGAAGCCGCCGGTACCATTACGGCGTGATCAACCGCGGCCCCTCCCCCATGATCTCCGGACTGGCCGACATCAGCGGGCGTCCCGACAACCTCGCCAGGTCCGCGGTGGGCTTCGACGCCGAGGGCAGTCCCTTCGACCGGTCCTATTACGGAACCTTCGCCCATGAACTGGGGCACAACCTGCGGAGGTACCACAGCCCCTGCGGCGGAGCGGCAGTGCCTGACCCGAGGTATCCGTACCCGGACGCCGAACTCGGCGCCACCGGCTTCAACATGGCCACGGGCAAGGTGATCGCCCCCCGGGCCCAGTCGGACATCATGAGCTACTGCTACCCGCGTTGGATCAGCGACTACGTCTACAAGGACGTGCTGGCCAA
CP132910.1_gap19	760992	763871	2879	CCGTCCGGGGCCCACTCCAGGGAGGTGAGGAAGACCGACAGGCCCGAGGTGAGGGCCACGGGTTTGCCCTTGCCGTCCTGGTCCATGACGTAGACCTGCTCCTCGCCGCTCATGTCCGAGATGAAGGCGATGCTCTTCCCGTCCGGGGACCACTGGGCGCGCTTGTCATGGTGCCGGGAGGAGTTCGTCAGGTTGCGCGTGGGTCCCTTCTCGACCGGCGCGGTGAACACGTCGCCCCGGGCCACGAAGAGGGCCCGCTCCCCCTTCGGGGACAGGCCGAAGCCCTCGATGAACTTCTCCACGGCCAGATGGGTGGGCCGCGAGGCGCCGCCGTCGGTGGGGACGCGGACCAGGATGGCCTTGTCCGAGCCGTCGCGGGTGTCGAGCACGTGGAGCTCGCCGTTGAGCTCGTACACGATGCGGGCCTGGTCGGAGGAGGGCCAGCGCACGTCCCAGGTCCTGCTGAAGGTGTGCTGCTTCACCTGGTCCGTGGCGGGGTCGGCGCTGTAGAGGTTGAGGGTGCCGTCCCGGTCCGAGGCGAACCAGACCCGGTCCCGGATCCACATGGGGTCGCGCTCCGTGCGCCGGGTGTGGGCGATGGGCCTGCGCTCCAGCGTCGCGGGGTCGATGACGTAGAGGTGCTCCGCCCAGCCGCCCTGGTAGCGCTTCCAGTGGCGGAAGTCGCGGAACTGGGGCGTGTAGACGATCCGCTTGCCGTCGGGGGAGAAGCAGCCCGCGCCGGATTCCTGCATGGGGAGCACCGCGGGCAGGCCGCCCTCGCGGGGCACCGTGTAGAGCCGGCCGTGGACGGAGACGCCGTTGGCGTCCCGCATGGACCGGAAGAGGATGGACGTCCCGTCCGGGGTCCAGCCCATCACCTGGTTGTCGTAGCCGCCCCGGGGCTTCAGGGGCCCGCGGGCGGGGTAGAACGTCAGCTGCCGGGGCACGCCGCCCTCGGCGGGGATCACGTAGACCTGCTCGTCCCCGTCGTACTGGCCCGTGAAGGCGATCCACCGCCCGTCGGGGCTGTACTTCGCGAAGAGCTCCAGGCCCGGGTGCGCGGTGAGCCGGGTGGCCGTGCCTCCCGTGGCGCCGGCGGTCCACAGGTCGCCGCCGTAGGTGAAGACCACCCGGTCGCCGGAGATGTCCGGGAAGCGCAGGAGCCGGGTCTGGGCGCCGAGACCGGCCGCCAGGGCGAGGGACAGGACCGGGGTGAGGAACCGGGTAGCCGGACAGGACATGGGGCCTCCAGGGGATCGTGAGGCTATTGTATTGCGAGGTATCTTCCCGGGGCGGCAAAAATCACCAGAGCGGGCCGACCTTCCCTTCCCGGAGGACCACGCCGGGACCTTCGGGCAGATGGATCGCGCCCAGGTAGGGCTTCACCGCCGGATCGAAGACGACGGTGACGGGCCCGTCGGCCCCCGGCGCCCCGTCCCAGCCGTCCCGCCCGCCCAGGCCGTCGCCGCCGCTGCTGCCGCCGGGGCTGCCCATGCCGCCGTTGCCTCCCCGGCCTCCCCTGCCGCCCTTTCCGCCCGAGCCCCCCGCGCCGCCCCGGGAGGCGACGGTCAGGCTCCCGCCGACGGGATCCACCAGGTAGAAGAAGGTGTCGCCTCCCGCTTCGCAGCTGGCCATGACCAGGGGCCCGGGCCGCAGGGCCAGGCGCACCTCCACCGCGGGACCATCCCCGCCGCGGCTCCCGTCCTGCCCGTCGCCGCCGTTGTCGCCACTGCCGCCGTTGCCTCCGGGCGAGGGGTGGTCCGGGTCGGTGGAGCCCATGCTCCCGTCCGAGCCGTCCAGGCCCGCCGAACCGTCCGTTCCGGAGATGCCCGGCCGGCCCCGGAATTCGCACGTGAAGGGATGGTCATACCGCACCGGCACCGCCAGCTCCGTGCGCAGGCCCGGCTGGCTTGGAAGGGTTATCACGAGGCGCCCCGCCAGGCCGTCACTGGCCCGGGGGTCGCGCGGCAGGGACACCCGCCCCTTCGCGTCCACGGTCACCACCGTCGCGGCGACCTGGAGGTCCTCCCAAAGGACCTTCCCCTTTCCGGCACCCTCGGTCAGGTAGGGGGTCCCGTCCCTTCCCTGCAGCTTCACCACCAGGGGGACCCGCTCCCCCGGCGCGAGCCCATGCGGCAGGCTCGCCTCCAGGGAGGCGATGGGCGTCTTCTCGAGACGGACCCGGTAGCCGAGGAGGACCTTCACCGACGAGCATCCCGCCAGCAGGAGCAGGGAGGCCGCACCCAGGGAAACGCGCCATCCGGACATACGCATGCTCCACCTCCCAGGATCCAGGACTGTCCATGGCTTTCAGGGGAATGGACGCGCCGGGCGCCTTCGAGGTTGAGTCCCCCGGCCGGAGTGCGTCAGGCCGCGGAGCGCAGGAATTCCGAGAAGCGCCGGTCCGCGTCGCCGAGGTGGTCCGCCAGCCAGAAGTTGAAGAAGGCCACCAGGTCGCGGAGGATCTCGGGGGCGCCGTTCCGCCACTTCTCAAGGAGGGCCTCGATGCGCCGGGTGCATTCCCGGTGCTGTTCCACGTGGGCCTGCTTGAACGGGTACCCGGACCGCTCCATGGCCTCCTCCTCCTCCCGGAAGTGAAGCTCCACGTAGACCATCAGGAAGGTGATGGACCGGTTCACGCCCTCCCTGCTCCGGCCCTCCTCCAGGCGCACCGCCAGATGGTTGATGGCGCGGATCATGGCCTTGTGCTGGGAGTCGAGCTTGGCGTCCCCCATTTCCCAGCCCTTCTGCCAGACCATCGATTCCATATGCATCTCCCGGATTGCCCGATTCTCCCAGGAGAACCCGGGGACGGTGAATACAGTAGATTACTTAGATTCTGCGGGCAAAATCCAGGATATGAATAATTACGTCAGCCG
CP132910.1_gap20	788025	788619	594	GGCCTGGGCGCGATCGGCTTCACCCGGATCGTGATCTGGCAGCGCATGGGCCTCGCGAACTACGGCCACAACTACATCCTGGTGGCCCTCACCGTCTGGATGAGCCTGACCGGGGTGGTGCTCTTCGGCACCCTGGCCGGGAGCATGCTGCCCTTCCTGCTGCGCCGCTTCGGCTTCGACCCGGCGACGAGCTCGGCCCCCTTCGTCGCGACGCTGGTGGACGTCACGGGGCTGGTGATCTACTTCCAGGTGGCCTCCATGATCCTCAAGGGGACCATCCTCTGAGCATGGATTCTGCAGTTGAAGTCCCAGGGCTTGCTGAAATCTCGACAGCCACGCCTCCGTTGTGGACAGGCGGAGCACCGCCTGTCGCCCACGCCGGCCCAAAACGGCCGCGCAGGTGAAAATCGAATAAGTCTTGATCCAGATCAAGGCGCCGTTCCCGCGCGCCCGTCATGCTTGGTCCCCGGGAGACGCCATGGAACGCCAGATCATCCGCATCGACGAGGACCTGTGTGACGGCTGCGGCCTTTGCGCCGACGGCTGCCCCGAAGGGGCCCTGCAGATCATCGACGGCAAGGCCCGCCTGGTGAG
CP132910.1_gap21	805144	809121	3977	CGAAGCCCTGGGTGGCGTTGAGCATGCCCCGCAGGCGCGGGGCGCCCAGGAGCGTGGGGTTGAGCTTGACCCAGGTGTGGACCCCCACCTCGGTGAGCAGGAAGGTGGCGATGCGCTGGATCTCGTCGGGGGGGCACCCGTGCATGGTGGAAAGGGTGATGTGGTTGGACAGCTCGTCGGGGATGTCCAGGTCCTTCACGGCGGGGTAGACCGTGGCGACCCGGGCGACGGCGTCGGCGAGGGCGGCGCCCCCGTGGCGCATGGCGGCGATGTAGGCCTGCACGCGGGGCGTCTGGATGCCCTTGAGGTCGTAGCCCACGCTCATGTTGAAGTGGGTGCCGGGGCCCGGCAGGCCCAACCTGTGGGCGAGCGCATGCAGGAGCACCCAGGCGTTGAGGTACTCGGTGAAGGACTCCTCCAGCTTGAGCTCCTGGCTCCACTCGCAGTTGTAGCCCTCGTCCTCCACGTCGATGCAGGGCCGGCTCACCTCGATCTCGTCGAGGATCTGGACGGTCTTCAGCTCGATGAAGCGCGCGCCGCAGAGCCAGCTGGAGACGATGTTCTGGGCCAGCTGGCTGTGGGGGCCCGCGGCCACGCCCAGGGGCGCGGCGACGGCGTGGCCGAACATCTCGCGGGCCATGGCCGCGGTGGGCACCTGGAAATTCGCCTTGGGGATGCCCATGACGGTGTCCCGCGCGTCGAGCTCGCGGAAAATCCAGCCGGCGAGCATCTCGAGCGGCGCTGTGCGGAAGGGCTTGCCCATCGGATTCCTTTCAGGCCTTGTTCTTCTTGCCCAGGAGCCGCATCTCCCGGAGGGGGAGGGAGGTGCGCCGCACGCCGTCGAACTGCCGCAGGGCGTTGGCCACGGCCGGGGCCGTGGGCACCAGGCCGATCTCGCCCACGCCCTTGGCGCCGTAGGGGCCGTGGGCGTCCGCCACCTCCACGCCGATCACGTCCAGCTCGGGCATGTCCCGGGTGCGGAGGATGCCCAGGTCCGCCATCTTCCAGGACACGGGCCAGCCGTCCCGGTAGGGGAAGTCCTCGGTGACCGCGTAGCCCAGGCCCATGTGCAGGGAGCCCTCGATCTGCCCCTCGAAGAGGGTGGGGTTCATGATCCTGCCCGCGTCGTGGGCGGCGGTGACGCGGGTGATGCGCCCCGTGTCGTCCAGTTCGACCATCTGGGCGGCGTAGCCGTAGGAGTAGTGGGTGACGATCGGCCTGCCCTCCGGGGGCTGCGCGCCCACCTTGGTGGTCCAGTCGCAGACCCACTCGCCCCGGTACTCCCGGCCCGCCAGGTCGGCCAGGGTCCTGCCCGCGGCCAGGTCCGCCTTCAGGCCCCGGGCGGCCTCCCGCACGGAGTTGCCCACCAGGGACGTGCCCCGGCTGGCGGTGGTCATGCCGCACCAGGTCTCGGCGTCCGTCTCCACCCGCACCTCGATGCAGCCCGGGTCGATGCCCGTCTCGGTGACCAGGGTCTGAAGGGCCATGTTGTGGGCCCCCTGCCCCATCTCGCACCAGCCGTGATGGAGGACGACCCTGCCCCCGGCCAGGACCTCGAGCTTGGCCTTGCCGGAATCCGGCATGCCGCAGCCGATGCCCGTGTTCTTGATGCCGGCGGCGATGCCGGCGAATTTCGCGGCCTGGAAGCGGTCCTTGAGGGCCTCCAGGCAGGCCCGCACCCCCACGCCGCTGGTGAGCACCTGCCCGGTGGCGGTGGCCTTGCCCTCGGTCAGCGCGTTGTCCCAGCGGAACTGCCAGCGGTCGAAACCCCCCAGGGCGCACAGCTCGTCCACGCTGGACTCGATGCCGAAAGCCGCCTGGTTGGCGCCGAAGCCCCGCATGGCGCCGCAGGAGGCGTTGTTGGTGATGACCGCCGTGCCCTTCACGTGGACGTTGGGGATGGCGTACGCCCCGGCGGAATGGGCCACGGCCCGTTCGATGACCTTCATGCCCACGCTGGCGTAGGCCCCGGAATCCGAGTGCATGTGGGCCACCAGGGCCACCAGATGGCCGCCGGCGTCGCAGCCCACCTCGTAGTCCATGACGATGGGGTGGCGCTTGGCGTGGGTGCGCAGGGAGGTCTTCCGGTCGAAGCGGACCATGACGGGGCGGCCCGTGGCCAGGCAGAGCATGGCCGCGTGGTGTTGGCCCATGAGGTCCTCCTTGCCGCCGAAGGCGCCGCCGTTCTGGACGAGCACCACGTTCACCAGCCGCTCCGGGAGGTCCAGGAGCTCGGCGATCTGCCGGCGGTCCTCGTAGCCGCCCTGGCCCCCATCGAAGATCTTCACGCCCGCCTCGCCGTCCTTGGTCCAGGGCACGGCCAGGGCCGCCTCGGGCTCCAGGAACGCGTGCTCGATGCGCTGGGTGGTGTAGCGCTGGCGGGTGACGTGGGCGGCCGTCCTCATCGCCCCCTCCGCGTCGCCCAGGCGCACCTCGGTGACCGAGAGGACGTTGCCGTGGTCGGTGAGCTGGGGAGCCCCGGGCTCCAGGGCCTCGAAGATGTCCGTGACCGGCTCCAGCACCTCGTACTCCACCCGCACCAGGGCCGCGGCGGCGTGGGCGGCCTCCTCGGTCACGGCCGCCACGGTGGCCAGCACGTCGCCGATGCAGCGGGTCTCCTCGCCCTCCAGCACCATCACGGGCCAGTCGCGGTAGATCATGCCGTTGACGCGCTTGCCCTTGATGTCCCCGGCCGTGAGGACCGCCAGGACGCCGTCCACCTGGAGCGCCTCCGAGATGTCCACCTTCAGCACCCTGGCGCGGGGGTGGTCCGAGAAGCGCAGGGCGCCGAAGACCATGCCGGGCTCCACCATGTCGCCCACGAAGACCCGCTCGCCGAGCACCGCCTCCCGGGCCGTGTACTTGGGATGGCGGGTGCCCACGGCGCCCGTGCCCTCGGGGAACGCCACGGGCCGGTGCAGGCGCAGGGCCTCGGCCGCGCATTCCACCGAGTCGAGGACCTTCTTGTAGCCGGTGCACCGGCAGAGGTTCCCGTTGAGGCCGTCGCAGATCTCCTGGCGCGTGGGATCCGGGTTCTTCTGGAGGATGGAGGCCGCCTTCATGACGATGCCGGGGGTGCAGAAACCGCACTGCACGCCGCCCTTGAGGACGAAGGCATCGGCAAAGGCGTCGCGCTCCTCGGGGGACAGGCCCTCCACCGTGGTGACCGATCTGCCCGCCACGTCCTTGACCGCCATGCGGCAGCTGAGCCGGGCCCTGCCGTCCACCAGGACCGTGCAGCAGCCGCAGATCCCCTCGCCGGAGCAGCCGTCCTTGGGACTCTTGAGCCCGGCCTCGTCCCTGAGCCAGGCCAGGAGCTCCCGGGAGGGATCCCCATCGAACGTCCGGTCCTGGCCGTTGAGCGTGAACTCCATGGGATCCCCTTCCAGCTATGTCCCTTGGACTCCGGCCGGGTGGGTTTGGTGACAGGCGCGGTGAACGATATCTACCGCGGCGGCGCGCCGTGCTCCAGTTCGTAGCTGCTCACCTCCCGCATGGTCTCGGAGGCGTGCCGGGGATTGCGGCCCTCGAAGTGCGTGTAGGTGTACCCGCCGCCCTCGTAGTAGTCGCCGGTGACGGTGTCGCGGGTGCCCGAGGGGTCGGCGTGGTAGACCTTGCCGCCCTCCAGGTCGGAGACCCAGTAGCTGTTGCCCCGGCGGTAGTCGTCCCACCTTGAGTCCATGTAGTCCTTGCGGGCCTGGCGGTCCTCCCAGGCCTTCTGCAGGTCGGCGCGGGCGTAGTTCAGGCTGCGGATGGAGGCGGCGGTCTCGGCCTCCATCCGCCTGAGCCTGGCGAGGCCGTCCTGGATGTAGCGCCTGGCGAAGGCGTCATTGAGCCCGAAGGAGTCGGCCACCTGTGCCAGCATGGGCAGGTGGCGGCCGAAATCCCCCCGCGGACCCCAGACGCCGGCGATGAGGCAGCGCCACTGGCCCAGCACCACGGGCAGGCCGTTGATCACCTTGAAGGCCCCCATGCAC
CP132910.1_gap22	871070	872975	1905	CTCGGTGATCCGGTTGTAGGCCAGCAGGTACTGGCCGAGGTACTCCCGCGGGTCGGAGGACCACACGCTGGTGATGCGCCCGTCGGAGAAGGCCACGCGCTTGGTGTGGAGGAAGCCCTTGAGTTCGAGGATGCCGGTCTTCTTGCCCACCGACAGCCACTGGAGGATGTCCTCCAGGCCCATGGTGGAAAGATCGCCTTTTATGCCCATTCCTCGACTCCGGTACCCAATGTTATCTGTATTCGGGCCTGCGGCTACAAAGTTGCGATGACGTCCCGCAGGGCCCGGTTGAGGAGGATGGGATGGTGCCGGACCATCTCCGCCTCCGGGTCCAGGAGGGCATAGGCAAAAACCGGCACGCCGCAGATGACGCGGGCGTCGGCGACCAGGGGCGTCCCGCCCTCCTGCTGGTAGCGGCGCATGAGGTTGGGCGGCAGGGGCGCGGTGTTGGCGATGACGGCGGCCACGGCCAGGTGGGCATGGGACTGGATGGCGGCGAGGTGGGCCTCCAGGTCCAGTCCGGCGCTCTCCCCGGGCTCGGTCATGAGGTTGGCGATGTACACCACCGGGTGGCCGGTGCGGAAGACCGCCTCCCGGAGCTCGGTGACCAGGAGGGAGGCGATGGTTGAGGTGTAGAGGCTGCCCGGGGCCAGGAGGATGAGGTCGGCCTGGAGGATGGCCAGGATGGCTTCGGGCAGGGGCTCGGCGTCCAGGGGCTCCGCCCAGAACCGCGCCAGGGGCGGCGTGCAGGAGTTCACGTTGGTCTCGCCGGTGTAGCGGCGGCCCTCCATGTCCTCGGCCTTGAGCACCACCGGCACCACCGTGGAGGGGTAGAGGCGGCCCACCGTCACCAGGACGTTGGAGAGCGCCCGGATCGCCCGCACCCAGTCGCCGGTGAGGTCGGCCATGGCATGGAGCATCAGGTTGCCCAGGGAGTGCCCGGCCAGGGACCCGTCCCCCGAGAACCGGTAGTTGAGGAGCTCGGAGAGCACCGACTCCTCGCGGGTGAGGGCCGACAGGCAGTTGCGCAGATCCCCGGGGGGGATGCCGCCCAGTTCGTCCCGGAGGCGCCCGCTGGAGCCGCCGTCGTCGGAGACCGTCACGATCCCCGTGAGCCGCCAGGGGTCCCGGGTGCGGCCGGCCTCGGGCTTCAGGGCCCGGAGCAGGGCGGCCAGACCCGTACCGCCCCCGATGGCGACGACCTTCAGGGGCTGGTCGGCGTGGAGGCCCCTCCCGCCTTCCACGGGCGCATCAGCCGCGGTTGAAGGCGGCGAAGGGGGCGCTGTGCCGGAGGCCGTCGAAGTCCGCTTCCAGCCGGAACTGGTAGATGAGGCCCGGCTCCAGGGTGGTGGCCTGGGTCAGGGCGTCGGCGGCGGGCTGGGCCTGGTCCAGCTGGGCCAGGGCGAGGGCCTTGAGGTAGTGGAGGCCGGCGTGGCCGGGGTGGGCCTTGAGGCCCTCCTCGACCAGGGTCAGGGCCGCTTCCGGCTCGCGCCGGTTGAGCTCCACCTGGACGGACAGCTCGGCCGTCTGGGGGAGGCTGGCGTCCAGGTTCTCAAGGCGCGCCTGGATGGCCTTGAGGTAGCCCTGGGCGGTGCGGCCGAGCCGCAGCTCCTCCCGCTTGATCGCCTCTTCCAGGAGGGTCCCGAAGGCCGCGGAGGCCTCCTTCAGCGAGCCGGCGTTGAACTGCTCCAGCGCCTTGGCGAGCAACACGTCAAGCGATGCGTCCTTCACGGGAGCCTGGCTTTCGGATGTCTTGGGCTTTGTTGCCATGCTTGATACCTCGGAATGATCGACGGAATTCAACTATACCCTAAACCTTGAATATAGCGGATTCGCGCTTGAGCAGGCGGGTGGATAGCCAGGTCATGAGGCAGGCCAGACCGATGGTCATGAGGAGCGCAACCG
CP132910.1_gap23	934985	938152	3167	GCGGCGGGCTGGGCATCCCCTACAAGGACGGCCAGGAGGTCATGTCCCCCGGGGAGCTGGCCAAGGTCCTGGAGCCCATCTGGAAGGAAGGCGTGGCCGCGGCGGGCTACGAGCCCACCCTGTGGCTCGAGCCGGGGCGCTTCTTCGTGGGCGGCGCCGGCTTCGTCCTGGTGCGCGTCAACACGGTCAAGCAGACCCCGGTCAAGACCTTCGTGAACGTGGACGCGGGCTTCAACACCCTCATGCGCCCCATCCTCTACCAGGCCTACCACCGCGTGCGCGTCCTGGGGAAGACCGCGGACCCGGTCACCGTGGACATCGCCGGCGACGTGTGCGAGACCGGCGACATCCTCGCGGAGGCCCGCACCCTGCCCCGGGCATCGGCGGGCGACCTCCTGGCCATCCTGGACGCCGGCGCCTACGGCTTCTCCATGGCCAGCGAGTACAACTCCCGGCCGATGCCCGCCGAGCTCCTGGTCGACGGCGCCAAGGTGCGCGTCATCCGCCGCCGCGCGGGCTTCGCCGACATCTTCCGGAACACCGGCAAGTGAGGGCCCCGGGCATCGCGCTCGGCGCGCTCCTGCTCCTCTGCGCCGGCTGCCACCATGCGCCCCGCAATCCGCTGGCCCAGTGGTCCCCGTCGCCCAACTTCAACGCCCGCCGGCCCCAGATGGTCATCATCCACCACACAGCCTGCAACACCTTCGACGAGGCGCTGAAGGTCCTCCAGACCGCGAATTCCGGCGGGCCCGTGAGCAGCCACTACCTCATCGGCCGGGACGGGCGCCTGGCCCAGCTGGTCTCGGACGACCACCGCGCCTGGCACGCCGGGGGGGGCGGCACCTGGGGGGCCTCCCGGGACATCAATTCCCTCTCCATCGGCATCGAGCTGGACAACAACGGGTTCGAGCCCTTCGCCCAGCCCCAGATCGACAAGCTGCTGGTGCTGCTGGACGACCTGGTGCGCCGCTACGACATCCCCCGCACCCAGATCATCGCCCACGCCGACGTGGACCCGGTGCGCAAGCACGACCCCAACGCGGCCTTCCCCTGGAAGCTCCTGGCCGAGAAGGGCTTCGGCCTGTGGCCCGACGCCGAGCTGCCGGAACCCCCGGCGGACTTCAACCCCTGGGCCGCCCTGCGGATCCTGGGCTACTCCCTGAAGAACCCCGCCGCCACCCTGGGCGCCTTCCACCTCCACTACCGCGCCACCGAGGCCGGGGAGCTGGACGGCCTGGACCGGAGGATCCTCTTCAACCTGCAGTCAAGGCAGCTTGGGACCGCGGGTCTTCCGCATCAGGATCTCGGACTGCCCGGCAACCAGGTAATCCGGTAGCTCCCCCACCACCCGGTAGCCCAGCCGTTCGTAGAAGCGGCGGGCGCCGTGGTTGAAGGCGGAGACGCAGAGGAAGACATTGGGGTAGTCCCGGAAGATCCGCTCCTCCGCGAAGCCGATGAGCGAGGCGCCCAGGCCCAGGTTCCTGAAGCCGGGCGCCACGCAGATCGCCTGGATGTAGCCCACGAAGGCGCCCTGCAGGTTGAGCATCAGGAATCCGGCGAGGCGGTCGCCCGCGCGCGCCACGTAGCGCTCCCGGCTCGGGTCCCGGATCTGGGCCAGGAGGGAGGGCCGGCCTATGCCCAGGGTCCGCCAGGGGTCCGAGGACGCCAGGAGGTCCGCGCACAGCTCCGGCTCGAGGTCGGTGTGGAGCGGCCGGATCGAGAGCGCGTCCATCAGGGGTAGAGGAGGAAGGGCGCGCGCCGCTTCAGGAAGGCGTCCCGGGCCTCCTCCCAGCCCCGCACGACGGCCTGGAAGGGCTTGTCCGCGGCCAGCAGCGCGATGGAGGCGTCGTCCCGCAGCAGGCGGTTGAGCTTGGCCAGGTCGAAGGCCTTGCCGTACAGCCGGCGCAGGGTGTGGGCGACCGCCAGGCCCAGTTCCACGGGCCGCAGGGCGTCCCGGTCCGTGAGGAGGATGCGGACGCCGCCGCAGTCCTGGTCCTTGAAGACGCTGGCCGCGGGGCGGAACCGCACGGCGACGAAGCGCACGCCGGGCAGCCCCAGCTTGTTGAGCTCGAAGGCCAGGGCACGGTCGTTGACGTACGGGGCGCCCAGCACCTGGAAGGGCGTATCCGTGCCCCGGCCCACGCTGATGGCCGATTCCAGCAGGCCGGTGCCGGGATACAGCGCCGCGGCGTCGAGGTTGCGCATGTTGGGCGAGGGGTCCGTCCACGGCAGGCCCGTGGCGTCGAGCCACTGCCCGCGCTGCCAGCCCTGCACCTGGACCACCTGGAGCCTGGCGCCCAGCTTGAGTTCGCCGTTGAACATCCCGGCGAGCTCGCCCACGGTCATGCCGTGGCGGATGGCGACGGGATGGCAGGCCGTGAACCCGAACTCGGACGGGACCACGGGCCCTTCGACCCGGTCGCCCCGCACGGGGTTGACCCGGTCCAGGACGATCAGGGGGATGCCGGCGGCGGCGGCGGCCTCGAGGCAGCCCTTCAGGGTGGCGATGTAGGTGTAGAAGCGGCAGCCGATGTCCTGGACGTCGAAGACCAGGGCGTCGAGGCCGGCCAGATCCGCGGGCGACGGCGCGCGCTGGCCGGCCTTGTAGAGGCTGACCACCGGCAGGCCGGTGCGGGCGTCCACGGAATCCGGGATGCCCTCCTGGTCCAGCTGGCCGCGGATGCCGTGCTCGGGGCTGAAGAGCCGCACCAGTCGCACGCCGGGCGCGGCCTTGAGGACATCGGCCGTGGCGTGGCGCTCGTTGTCGATGCCCGTGTGGTTCGTGCACAGGCCGATGCGCAGGCCCTTCAGGGCGGCGAAGCCGGTGCGCTCGAGCACGTCGATGCCGTTGAGCGCGGTGGGCACCTCGTCCTTGGCGCGGGGGAACAGCGTCCCGTCCCGGCGCTCCGTGAGCCCCGACGCGCGGGCCGCGAGCGTGGCCACCTCGTAGTACAACTCGCGCGTCACGCCCTTGCCGTCGGGGTGGAGGCGGGTGGTGAGCAGCACGTAGAAGGTCTCCGAGGCCGGGTCCATCCACAGGGCCGTGCCCGTCCAGCCCGTGTGGCCGAAGGAGCCCAGCCCGAAGAGGGCGCCCCGGGGCCGGCTGAACGCGGAGTCCAGGTCCCAGCCGAGGCCCCGGCGCTCGTACACCGAGGCCGGGGTCTGGA
CP132910.1_gap24	940713	943955	3242	AGGCCCGCGCCGGGTAGGTGCAGGTGGTGACCACGCCCCGCCCCCGGTAGTCCCTCAGGCGCTGGAACCCTTCCTCCGCGGGGCGCCGGCGGCCGCCGATGACCACGGGCAGGCCCTTGAGCTCCGGGAATTTGAGGAGCTCCACCGAGGCGAAGTACGCGTCCATGTCCAGGTGCGCGATGCGCCGGGGAGGGCCGGAATCCACTGTGTCTGTCGGCTGCATAGGCGTCGCCCCGGGCGGGATGACGAAATTATAGCGAACCGGCGTCCTCGCCGCGAGCCAAGGATTGAACCCGCGCGTCTTTCGCCGCATCTTTGACGGTGGACTCAACCCCCACCGGACCGCGGGGGTCCAACATCACGAAAGGAGCGGACCATGGCCATTTCAAGCAGGTTCCCCACCATCCTCCGTTTCGCGGCCCTTTCCCTCATCGCCTGCTCCGCCTTCGCCGGCCAGCCCTGGTTCCGGGGCGGCGGATCGGCCGGGCGCGGCGGCGGCTTCCACTCCGGTGGCGGTTTCCACTCCGGCGGCGGCTTCCGGGTCCACCCCGGCGGCTTCCATGGCAGCCCCGGCCTGCGCGTCTACGGTTCCGTGGGCATCCTGCCGCGGGGCTACGCCACCTACCGCTGGGGCGGGTCCCCCTACTACATGCACGGCGGACTCTGGTACCGCCCCTGGCGGGGCGCCTACCTGGGCTGCTACCCCCCCATCGGCCTCTACCTGGACGTCCTGCCCTTCGGGTTCGCCACGGCCTACTACGGCGGCCTGCGCTACTACACCTACGAGGACGTCTATTACACCGACTCTCCTTCGGGCGGCTACGTGGTGGCCGATCCCCCGGAGCGGGAGGAGGCCCGCCGCGCCGCGCCGGCCGCACCGGAGCACGACGCTCTCCTGGTCAGTCCCAGGGAAGGCCAGAGCGCCGAGAAGATGAAGGCGGACCGCGCCGACGCCCAGCGCCACGCCCGCAAGGTCAGCGGCTACGACCCGGCGTTCAGCGATCCCTCCGACCCGGGGACGCCCCGGGCCCGCAGGGCCTACCAGAAGGCCCTGAGGTCGTACCTGGAGGACCGCGGCTACTCGGTGGACTGACCCGGGACCGAAACGAAGTTTTTTCTGTAATCGCCATTGACTTGGTAAACAGTGTTTCCTAAATTGGTGGGGTAGCCTGGAGGCGCCCCGTGGGTCCCACCGATCGACGCGAACGAGAAAAGCAGCTTTTGCGCAGGAAGATCCTGGACGTCTCCCGGGAGCTCTTCGCCGAGCGCGGCTACGACGCCGTCACCATGCGCACCATCGCCGAGGCCATCGAGTACAGCCCCCGCACCATCTACCTCCACTTCAAGGACAAGGAAGACCTCATCCGGGAGCTGTGCCAGGAGGATTTCCGGGCCTTCGGCGAGGAGCTGGCGCGGGGCATCGCCATTCCCGACCCCCTGGACCGGGTGCGCGCCATCGGCCTCAGCTACGCCGCCTTCGCCCTGGCGTACCCCCACCACTACCGGCTGATGTTCATGAACCCGCCCCAGGCCAAGCCCGAGCACGGCGGCGACGGCAAGGGGAATCCGGAAGTGGACGCCTACGCCCTGCTGCGCTCCACCCTCGAGGAGGCCATCGCCGCCGGCCTCCTCCGCCCCGACTGGACCGATCCCGACCTGGCCGCCCAGGTGGTCTGGTCGGGCATGCATGGCCTCATGTCGCTGGCCATCACCCACAAGGACGACGCGTGGGTGGCCTGGACCCCCGTCCAGGCGCGCATCGAGGCCATGACCGACGTCCTGATCCGGGGCATCCGCCGGTAGGACCTTCCATCTCCCCCCTGCCCCGCGGCGCCCGCCGCGCGGCGCGAGCTGCACATCCAACCCTTCCCGCAAGGAGTCCCCCCATGGTGGACCTCGCCCTGCGCATGCTCCTGCACGACCGCATGCGGTTCCTCATCACCGTCGCCGGCGTGGCCTTCGCCGTGCAGCTCATCCTCTCGCAGGTGGGGCTGTTCCTGGGCCTCGTCCGGAACTCCTCGGTGATCGTTCGCCACATCCCCGCCGACATCTGGGTGACGTCCCGCAACACCCCCAACGTGGACTTCGCCCAGACCTTCCCGGAGACCTATGTGAACCGCGTGCGGTCCATCCCGGGGGTGGCGCGGGCCGACAACCTCATCGTCACCTTCGTGAACGCCACCCTCCCCACCGGCGCCACGGAAGGCACGGTCACCTATGCCCTGGAGGACTTCCGCGCCTGGAACCTGCCCTGGGACATGGAGAGCGGGAGCGTCGAGGACCTCCGCCGGGGCAACTACATCGTCACCGACGCCTCGGCCGCGCGGCGCATCGGCGCGTTCGCCGCGGGCGACTACCGCCAGGTGCAGGGCGTGCGCATGCGCTATGCGGGGCGCTCCCGCGGCGCCGTGTCGTTCACCACCACGCCGGTGTCCTTCATGGACTACCGCCTGGTCCAGCAGCTCAATCCGGACCTCCTGTCGGGCAGCACCACCTACATCCTCGTGAAGGCCGCGCCCGGCGCGGACCTGAAGGCGCTCCGCGCGGAGATCGGGCGGCGCCTGCCCCACAACGACGTCTACACCGCCCGGGACTGGGCTGACCGCTCCGACGCCTACTGGATCAACAACACCGGCATCGGCATGAACGCCTTCACCGCGGTGTTCCTGGGGGTGCTGGTGGGCGTGGTGGTGGTGGCCCAGACCCTCTACACCTCCACCATGGACCACCTCAAGGAGTTCGGCACCGTCAAGGCCATCGGCGGCTCCAACGCCGACATCTACCTGCTCCTGGGCCGCCAGGCCGCGGTGGCCGCGGTGCTGGGCTTCACCCTGGGCGGCCTCATGGTCCTGGGCCTCAGGCCCGCGGTGGCCGCCCTCGGCCTCCAGCTCATCCTGCCAATGCGGGTGTGGGCGCTGGTGGGCGGCGGAACCCTCCTCATGTGCGTGCTTTCCGCCGGCCTCAGCTTCCGCAAGGTGGCCGGCATCGACCCCGGCCTCGTCTTCAGGAGCTGAACCATGCCCGTCCTCTCCGCCACCGGCATCATCAAGGACTACCAGGAGGGGCGCGAGCCCGTACGCATCCTCCACGGCCTCTCCCTGGACCTGGAGCCCGGGGAGGTCGTCGCCCTGGAGGGCCCCTCGGGGTCCGGCAAGACCACCCTGCTGCAGATCCTCGGCTGCATCCTGAGCCCGACCGGGGGGGAGGTGCGGGTCGCGGGCGAGGCCGCCCGGCCCGGGCGC
CP132910.1_gap25	947221	948235	1014	CGTTCCAGATGCCGGCGTACGCGTCCATGGGCATGTCGGGGGAAAGGTCCTGCACCCGCAGGTTCGCCAGTTCCTCCCGGGAATACCCGGTGAGCCTCGAGGCTTCCAGGTTGGCCAGGAGGATGCGGCCCTCCGGATCGAAGAGGAAGATGGGATCCACCGCGTTCTCCACCAGGTTCCGGAAGCGGGCCTCGCTCTCCCGCAGGTTCTCCAGGGCCCGCATGTGGCCGGTGATGTCCTCCACGAGGGCCAGGTGATGGGGCACCCCTCCCAGATCCAAGGGCAGGCGGACCACCCTCAGGCGCCCCCAGACCACGTGGCCGTCGCTGTGGAGGTAGCGCTTCTCCTTGGCGAACTCCTCGACCTTCCCGGAGATCACGTCCCCAAGGGAGGCCAGATCCGCCGCCACGTGGTCGGAGTGGGTCAGGTCCTGGAAGGTGCGCTCCAGGAGCTCGCCCGGGGTATAGCCCAGGATCTGCCCCAGACGCGGGTTCACCGCCACGAAGCCTCCCGTGACACTGTTCACGATGGCCATGCCCACGGGCGCCTTCTCGAACAGCGTCCCGAAGCGGGCCCCGGTCATGCGGAGCTCCTCGGCCATGCTCAGCGCCATGCGATGTGCGCGGTGCGCCGCTCCCTGGCCCAGGAACAGGACCGTGGCGAATCCCAGGCTCAGGGCCAGGCCCGCCACCAGGATCTCCCAGTGGCCCCTGCTGCCCGCCCCGGCGAAGAAGGAGGCATTGGAGCGCACCTGCAGCGTCCACACCCGGCCGCCCACGGGGAACGAGCGCTCCAGCGCGGGCCCGCCACGGGCGAAGTCAGGGACGGATTCGAAGAGCAGGGGCCCCCCGCCCTGCGCGGGCCCGTCCACCAGGGCCACGTCGGCCGAAACCCGTTCCTGGGCCAACGTTCCGCGGACCAGGTCCCCCATGCGGAAGGGGAGGTAGGTCCAGCCCCGGAAGGCCACCCTGCGCTGGGCCACGGTGTCCCGGGGCAGGCGCCGGTCGTACACGG
CP132910.1_gap26	951761	954085	2324	GTTGGCTTGTAGACACTCCACCTACCAGCCTATTAAGCTCGTCACATCTCCAGCCGGAATTGATGTGTATTGGCGTATTCAGTGCCTCTCTGATTGGTTCAAAGAGAAATTCGGCAAGGATCTTGGCTCTTGGAATCAAATCATCTGGAAGCGAATTATCAATTCCATTCTTAACAGCAATATCAGAATGTTCCAATTCTTCTTTTGAAAGGTGTTTCGACAATTGCATACTATCTACCAGACATTAACCTATCAAGCTTTTCATTAATATTTCGTAGCTCAATTGAAATCTGAATCTCAAGCTTTGCAATTCTTACATCATGGTCTGACATCTTTGTATTGGCACCTTCTGAATGATTTTCTAGCATGTCCAATCGTGCTGTAATAGCCTCAAGTGCAATTTCAACATCAGTATTGGCCTGTTCAACCATTGTCTTTGAATGGGTTGCACACTTTGAAGCCTGCTTATCTTCCTGAGTAGATTGTCTATCTTCTATAGCCTTCTTAAAGAGCGGTCTGATTTCTGGGCTATTGGAGATGGACGGAGCGAGTCTGTCATCTGCGAATTTCTTCATAAGGGTATCTTTTGGGAAATAGATACCATTTGGACGAGGTTTGTAGTGTGTGTAGTAGAGAATATAGGCAGTAATTACCTGGGATTTGCCTGTCTGACTTGCCAGCATAAATGTAATTCTTTGGTATCTCTTATCATTTCCTACGGCCAACATTTCATACTGATATGGCATTAGTGTTGTATTGTATCTGCCAGCAAACCTCGACTCACCACCCGCAACATACAGGAATATATTTGCCCAATCAGCAGGGTTAATATCTGGCTTTGGCTTGATAATAGTCAATACACGCCTAAGCGTGTCCTTAATTCTGATATCCACTTAAATACTACTTTCTTCTATATCTTCATCTTCAATAAACACATTTTTGATAAATGTTGCCTCATTCATTTTCTCGAAAATTGCATCAATCTGCGCCTGGAGAATTGACGCTTTCTCGTCTTCTGTCTGTCCATCGTGGATGAGCTTTGAGGCTAGATCGCCAAAGCTTTCACGCATGGTATTAGCGGCTGAAATGGTTCTTGACCAGCCATCTTCAATATCACGAGCAGGCAGAAGAGCCTCTTTCTCTCGTTCGTATTTCAGCTTCTCTCTATCAGCTTCAATCTTGAGCTTCACCAATCGAGCTTGGTCTAATGGTCCCAAGTCTTCATCTTTCAAACCTGATCGATACTTAACATACCAAGCAAGAACATCTTCAAGAACATAGTAATTTTTTGTTCTACCCACCTTTTCTGGATCAATACGAAATGGAAGACCCTTATCTTTAACCAAATTTGATATATGTTGTGGTGATAAACCTAATATATCATGAACATTATCAAGGGTCATATTATCTGTGTTAAGGTTTTTAATTATTGCCATTATATATTCTCGCTATACCATATTGCGCTACTATCTTAGGGTCCAATATACTTAATCTACTATTATATCTATATCAAATCGGTTCAAATCGAGTAAGAGTAGTGGAAAAGCGGGCGTTGCGAACCTCCGATTTGCAGGCCATTTATGAAGGACCCATCGAAATCATGAGGGCGCATGAGTGATTGACCTTTCGTGCCCAACATCTCTGATCACTCACCTTGCTACTTCTTTGGCCTCATGCTCTTGAATACCTGTTCGATAGCCTGCGTGAAGACCTCTTGGTATTCGCTTGAGACAATCTGGTTTGCCGTGTCTATGAAGTGGGGCTTCACAGGTCGAGTGATGCGGCTGGTCATGCGATAGATTGGCTTGATGGTCCTCTTCCCTGTTCTCTGGAAGATCATGAGAGAGCCTGTGTCGCTCTTCAGTGAGAAGGTTCTATTGCCGCCTGTCTGGTGGGGCTGGATCGTGCCAGAGCCAAAGGTCAGGTTCCGCATAGCCAGAGCATTGGAGCCTCTTACGATCTTGTTTGTGAGCTTTCCAGCTTGAGCAGCCAAGAGAGATCGACCATTAGCCGGTGTGTGCGCCTGCCCTTCTTCAAAGGATGCCAATTGGGCATACTCAACAGAGATGGTGACATTCCACTTTGTCTTTGTTGCCCTATTCACCTTAGATATCTTGATTGAATTGAATATGAATTTCTTGCGTGAGTCTTTGATCTTGAATGAGGATTCGATACGCTCTCTCATTCTCTGTTGGAATCTATCAGCCAACATATTGAGACCTCGCTTAATAGCCTCTGGAATCTGGTCTTCTCTCTGGATATTTTTGAAGTATTCAATTACTGGCTGGACTTGCATATCAACATTAACAATCATCATCTTCAAT
CP132910.1_gap27	955317	956745	1428	TTATTTTCAAAAATATCTGATATGCTCTGCCCATTCCGGGAGTCAGAGCATGTTTCTTCAAACGGTTCAGCAGGCATGCTCTAATTGCCATCCGGTTCATGGTGCGATTCAGCAGGCCTCCACTTCAAGCAATACCTTGGCCTGGATAGGTGCAATTGGGGCAATCACCGGAGGCATAGGAGCCTGTGTGGCAGCAATAATTTCCGGGTTTGCAGCCAGCATCAGCCGAGAATCAGCAAAGGCAAGCGAAGATGCTTTAGTCGTCAGCCGTGAAGCCGTTCAATCAAGCAAAGATGCGGCAGAAGCCAGCCGGATATCTGCCGATATCATGCAAAAACAGTATCAAGATGAATCGGACCAAAAGAGGCCCTTGCTCGAATTCGGAAAGATTGAATTGACGAATAAAGATAGAGATAATTACTCTCAATACCATGACCCAACACGGTGCGTATTGCACAGATTCACAATACCCGTCAAGAACAAGCGTCAAGAATATCTTGAAGATATTTCATATATATATGCATTTTATAGCGACAACGAAATTATCGATATTGGCTTCAATTTTCACTCAATAGCCTATTCTTGCAGGGATCATTACATTATAGACGAGATAATTCAAAATCCAAAAAAATACCCCAACAAAGATGTTTATTTGTTTTTGTTTGTAAATGTTCACGACATTAACGGAAAGAGCAAATTTGCAATATATGGCGAAAAATTTGATAAATCATGCTGCAATAATTTTAATATTACCATTAGCAAAAAGCTTGAACCAATCCAGCATGAATTGACAGCCGCTATTGGTGAAATATATGCAGAAATCATAAATATGAGCAAAGCACATCTAAGGTATAACAAAAGAGATAAAATGATTAGACTATTAGAACAAGACGCTTTATTCATAAAAAGCCTTGAACAGTGTAGAAAAATAAATCCAGATTTATAGCCAAGGAGCCAGAGCATGTTACTTGAGCCAATTAAACAGGCTTGTTCTAATTGCCATCTGGTTCATGTGGCAATTCAGCAAATCCAACAGGTCCAGGCACCTCCCATGCCAACACCGGGTTTTCTTTCATTGAATTGGGGCAACCTGGCCTCTCTTGCTGGTGCCATTGTCGCTGGTGTGGCGGCCTATCAAGCAAAGATTGCAGCAAGGGCCAGCCGGGAATCAGCAGATGTGATGAAGAAGGAATACAAACAGCAGCTAAATCAGCAGAAACCAGTAATGGATTTTGAAAGCATCATATTTCATAGTGACACAAAGAATGGCCAGATATTAGGCTCAAAAATATATCCAAGATTTATTACCGTCAAAATCAGTAACATCAAGGGTGAAAATATTAATTACGTTGACTATGTTTATGCGGTTACAGACGATTCAAAGGTGCTATCTATTGGTTATGAAAACATGCCTCTTCAATACAGTCA
CP132910.1_gap28	1042799	1047326	4527	TGTTCGGGTACGAGGACGGCGCCTTCACCGGCGCCCGGCACAAGGGCAACCCCGGCAAGATCAAGGAGGCCGATGGCGGCATCCTCTTCCTGGACGAGATCGGCGACATGCCGCTGGCCATGCAGGCGCGCCTCCTGCGGGTGCTGCAGGACAAGGAGGTGGCGCCCCTGGGCGGGAGCCGGTCCACCCTGGTGGATTTCGTGCCCGTCTGCGCCACGCACCGGGATCTGGAGGCGGAAGTGGCCGCCGGCCGCATGCGCCCGGACCTGTTCTACCGCCTCCATCACTTCTGCGTGCGGTTGACGCCCCTGAGGGAACGCGCGGACTTCCCCGCCCTGCTCGACACCCTGCTCCAGGGCAGCGGCGCCAGCGAGCGCGGCATCGCGCTCACGGCCGAGGCCCGGGCGGCGCTCCAGGCGCATTCCTGGCCGGGGAACCTGCGCGAACTGGCGAACCTCCTGCGGACCCTGGTCGCCCTGGCGGACGATGGAGAGGTCATCTCCCTGGAGGGCTTGCCGCCCGAGTACCGCCGCGGGCGGACGGTTCCCAAGGCCCCCGCCCCGGCCGCACCGGCCGAGGCTCCCCTGCATCTGGACGCGCTCACCCGCCAGGCCGTAGAGCAGGCGATCGCCGCGAACAGGGGCAACATGACGGCTGCGGCGAAGGCCCTGGGCCTTCACCGCAGCACGCTCTACCGGATGCTGGGACGACCCAGGCCCTGATCTCAGAACGTGTAGTGCATGCTCACGACGAACCCGCCGCCGAAACCGAGCTTGTCGCCCGACTCCCCGCCGTTCCAGGTGTTCTTCCCGGCATTGGTGTAGGCGCCGGCGAAGGTGAGCTGCTTGGTGGCGAAGTAGGCGGCGTGGAGGTTGTAGTAGCTGGCGTCCTTGTAGTTGCCGCCGGCCTTCCCGTAGTCCGGGCCCGTGCGGTACTCCACGCCGAGGCAGAGCCAGCTGGCGGGGATGATATCCACGTTGCCGTAGACGATGGTCGCCCGTTCCTTGTTGAAGCCGATGAGGCCGGTCACCTGTTCCTGGGTGGACTGCACGCCCGCCGATACCAGCACCGGCTTGGGCAGCTGGGTGATGAGCTTGGTGGCCACCAGGTAGTAGTCCATGCCGTCGGACTTGGTGGCGCCGCTCACATGGAAGGTGGTGTTCTTGTGCTTGGCGCCGATGGAGACGGCGGGGACCCAGGCGGTCCCGCCGGCGTTCTCGTTCAGGACGAGGACCTTGGCGGCGAAGGTGTTCTTGTGGATCCCCTCGAGCTTCTCCACGGCGGCGGCCTCGAAGCCGTAGGACACTTCCACGCGCTTGCCCAGGGAGGTGGCCACCCCGAAGGTGGTCCAGTCGATGGCGGCCTTTCCCAGACTGATGTACCACATGCCCACGACGGGCTTGCCCACGAAGGAATCCGCGACGGGAGTGCCGGTGACGTAGGCCAGGGGATTGAAGGCGATGCCGCCGACCCCGTCGAGGCCCACCAGGGGCGCGCCGGCCTGGGCCGCGCCGCACGCGAGGAAGGCCGCGGCCGCGAGCCACCGCGGGCGCCTGGGGAGGGAGGTGGGGATGGCGAAGTTCATGGAGCTCTCCTTTGGAGGATGGGTAATAGTGGGGGAGTGGAGCGGGTTCCTGCGCCTTGGCCAGGAAAAGTGGCGAAGCTTGATTTTGACTTTAAATGCTTTTATTTATAGATTTAGACTTCGACTTGACCCTTCGGCCCGGACATTGGAACAGGGCGATGCCCGCCGGATTTCAGTTCTGTCCGCCGAAATCAATAGTTTGGGTTGGGTGTTGCAAAAACGCTCAATTTACAGGTGATCTCTCTAATCTTGCAGCAACTGTGCCACTGCGGGGGCGCGGACGGGCCACAGCCCCGCTTCAGGCACATCTAAAACTTTCAAAACATAGACTTAATTCGCTTCAATGCGGTCGCGGGGCACCCGCTCCGGGCCCACCTTCCTTCGGCCAGGCCGGACGAGGTGCCCCAGTTCCCGCGAATCGTCGCAATCGGCAACAGTTGCGGCGACACCGCCGCGACACTTGTGCGACACGCTCCAGAGGCCCACGGGATCTGGTTCTCTTTCGATTCCCGGAACGAAAAAAGGCTTGGCTTCGATATATCCTTGGGGATATAACGTACCCATCCAAAATCCATCCGGTCGATCCCTTTCGACGAAGCCCTAAGGAGTCAAAATGCCCCGTTGTCTTCCAACACGCCTGATGATCGCACTGGTCTGCATGGGCGGATCCATCCTGCCCGCCGAGACCCCGGCCAAGGAGGCCCCCAAACCTGCCCCCAAGGACGGCGCGTTCAAGCTCGGGGAGGTCACGGTGGTCGTCACCGACAAGCAGGAGGCCCTGGAGACGGTCAACACCCGCCTGGACGCCGAGCAGATCCGCGCGCTCAACCTCGACACCGTGGGCGCGGCCCTCACGGCCCTGCCCGGGGTGAACCTCACCGTCAATTCGCGCAACGAGCAGATGCTCTACGTGCGCGGCAACGATTCGCGCCAGGTGCCCGTGTTCGTGGACGGGATCCCCGTGTACGTGCCCTACGACGGCGAGATGGACTACGGCCGGTTCACCACCTTCGATCTCGCCGAGATCCAGGTGGCCAAGGGCTACAGCTCGATCCTGTACGGGCCCAACACCCTGGGCGGCGCCATCAACATGGTGACCCGGCGGCCCACCCGGGCCCTCGAAGGCGACGTGGCGGCGGGGGTCGCGGAGGGCGGCGGGCAGCGCGCGGCCTTCAATGCGGGCACGCGCCAGGCGTCGTACTACCTGCAGGCCGGCGCCTCCTACCTCAGCAGCGACCACTGGCGCCTTCCCTCCGGCTTCGCGCCCACGGTGCGCGAGGACGGCGGGTGGCGGGACAATTCCTTCACCCGCGACAAGAAGGCCTCCCTGAAGGCGGGCTGGACCCCCAACGCCACGGACGAGTACGTGGTGGCCTACCAGAATCAGCAGGGCCGCAAGGGGAATCCGGTGGGCACCAACCCGCAGATCACGGCGAACTACTGGCAGTGGCCCACCTGGAACAAGGAGAGCGCCTCGCTGTCGACCCGCACGGCCCTGGGCGCGCAGAGCGACCTCAAGCTGCGGGCCTACTACGACACCTACGAGAACACCATCGTCGGCTACACCGACGCCACCTACACGACCATCAACACCACCGGCAACCTGAAGCCCACGGGCAGGAGCTTCTACCGCGACTTCACCCACGGCGCCCTGGCGGAATTCCAGACCACCCTCGTCCCTTCCCACAGCCTCCGGGCGGTGCTGCAGACGAAGACCGACGTCCACCGGGACGGCACCGGAGCCATCGCGTCCACGGCGGGGTGGACGCACTTCGAGGACCACTACCTGTCCGCCGGGCTCGAGGACAGCGTCTCCCTGGCCCCGGCCTGGGACCTGTCCCTGGGCGCGGGGTGGGACCAGCTTCGTCCCGTGGCCTCGGGCAACTGGACCCGGCCGCAGCCCCGGGCCTACTGGCACGGCCAGGCCGGACTGTTCTGGAGGGCCGCGCCCTCCCTGCAGGTCTACGCCACCGTGGCCCAGAAGGAGCACTTCCCCACCCTCAAGGACCGCTACTCGCTGCGCCTGGGCACCTACATCGACAACCCGGGCCTGGCCCCGGAGCGCTCCCTCAACCTGGAGACCGGCGCCAAGCTGGCCCTGGGAACCCGGTTCCAGCTGGAGGCGGCCCTCTTCTCCAGCACGATCCGGGATCTCATCCAGGGCATGCCGGTGCCCGGAGGGATGATGCAGATGCAGAACATCGGGGAAGTGCGTCACACGGGCGGCGAGGTCTCGGCGGCCTTCAAGCCCTCGGAGGCCTTCCAGGCGGGCCTCGGGTACACCTACCTGGACCGGAGGAACGTCACCTACCCCGCCGTCAAGCTCACGGGCACCCCCAGGAACCGCCTGTCGGGCTTCGTGAAGGCGCAGGTCCTGCCGTCCCTCCACGTCCTGGCCTCCGTGCAGAGCCAGGACGCCCTGTGGGACAGCTACGCCAACCTCGCCAAGCAGTCCGTGACCGCCCGGCTGGGCGGCTTCACCACCGCCAACCTGAGCCTGGGCTGGAAGCCCGTGGCCGCCGTGCAACTGGACGCGGGCTTCACCAATGTCCTCGACCGCAACTACCAGCTCTCCACCGGCTACCCGCTGCCCGGGCGCATGTGGTTCGCCAATGTCCGCTACCACTTCTGAACCGGGAGGTTCCATGTTCAAGCCCCTCATCCCCCTGCTCTGCGCCGCCCTCGGCGCCGCCGCCCCCCACCCCGTCCAGGTCCGGGGCTGCGTGCCCAGGGAGGGCCTCCTCCGCGCCGCCGCGACCCGGAACCTGCCCCGGTACCGGCGCCTGGTGAAGCTCGCCCACGCGGACGGCTCCTACCGCTGCTCCCTGGAGATCGACGGCTGGTCCCTGCGGGACGTCCTGGCGTCCTTCAAGCCCGCCAAGAGCACCGACGACGGCTTCGACCGCCCCCTGGACACCTTCATCGTGGTCACGGGCCGGGAC
CP132910.1_gap29	1049660	1052688	3028	TCACGGGATTGATGTAGCTTTCGTAGGAAACGCCCTGGGCGATGCCCGTGGAGCGGTTGAGGGATTCCTCTCCCACCTGGTAGCCCGCCTTGAAGGTGTGGCTGCCCGCGGCCTTGAAGAGCCAGGTCAGGTCGGCCCTGAATTCCGTGCGCTCGTCCTCCCGGATGTCCTGGGAGGCGCTGTTGCCCAGGTTTTTCTGGGTTCCCGTGATGGGGGTGGCGGAGAGGAGGGTGTTCAGGGGGCCCAGGTCGGAGTACAGGGCCACGGTGCTGTTCTCCTCCTTGTTGCGGGAGGCCCGCAGGTCCAGGACCACGTTCTCGAACTGGTGGGAGTAGGTGATCAGGTAGCGGGTGCCGCCCTGCTGGGACTGGTCTCCCCGGTTCGTCCGGGTGTTGGGGTTGGACAGGTTGTCGAACTTCAGGGGATCCCGGTTGAAACTTGCGCTGGCCTGGTCATGATCGGCGATCTGCCAGGTGACCTTGGCGAAGAATTTCGAGGCGTCGGCCAGGGTCCCGGTGCGGCTTTCGCCCGCGAAAAGGGCGTTGCTGGCCGGGGGATGGACCTCCACCGTGTCGGTGATCTTCTGGGCGTCCACGACGAACCAGAGACGGTCCTTGACGAGGGGACCCAGGACCCAGGCGTTCAGGTCCTTGGTGGTCCGCTTGCTCACGTCGAAGCGCCCGGGCGCGGGCTTGTTCTGCAGGGAGGGGGAGCGGTACTGCACGCTGAGCCCGCCCGAGAATTCGTTGCCGCCGCTGCGGGTGACCACGTTCGAGAACAGGCCGGCCCGGGCGGTGTACTCCGCGGTGATCCCGCCCGTCTTGATGTCCTGCACCTGGATCAGCTCGGGGGGCAGCTGGGTCCGGCCGGTGCCCGTCTCGGGGTTCGTGACGTCCACCCCGTCGATGAGATAGGTGTTGTTGCGGGCCCCGTTGGCGCCCCCGGAGGCGCTGCCTCCGCTAGTCCGGTTGAGCCCGAAGATCAGGCCGGGGTTGGCCGAACTCCCGGTGGAATTGGTGGGCAGGCCCAGGACGCCCGGGGCCAGGGCGATGGTGGAGAGCTGATCCCGGCCCACCGGCAGCTCGGTGAGGTCGGCCTGGGTGAACTGGGTGCCCGTGGTGACGGTGGTGACGTCCAGCCGGTGGATGGTGTCCGAGACGACGACCGTTGCGCCCGCCGTCTCGGGCAGGACCACATCGGCGCTGGTCGTCTGGTCGACTTTCACCAGCACGCCTTTGAGGCCGCCCGCCTGAAGCCCGGCCGCTTCCACCTGGACGCTGAACCCGCCGGGGCTGAGCCGGATGAAGCGCACCTGCCCCCGGGCGTCGGTCGTGAGGCGGCGGGCGCCGCCGATCTGGGTGGGGCTGGAGGCCACGACCGTTGCGCCCGCCACCGGCGCGCCCTTGGAATTCAGGACCCGGATGGCGAGGGTTCCCTCGCCAGCCAGCGCGGCCGGCAGGATGGCACCGGCGGAGAGGATCAGCAGGGCGACCCGGCTGCGGGAGGAGAGGGGAAGCGGCATCGGGGCCTCCTGTCGTGCTTGTTGATAAGAAAGGGCGGAATAGTAAGAAATGTAAGAATTGAACAATAACAATACTTCATCTCGCCCGTCAAGGGTCTCATTCGGGGTCCGCCGGGTTTCCCCGGGTGTGGAGATTCCGGTTATCTGCGCCCCGGCGAAAGCTCTGCGCCCCGGCGTCCGGCTTTCCTTCAGGAGAATCCGGGCGAATGGGCAATGGACCATCCTGCCGGATTCCCAAGGAAAAGGCATGAACGCTGGGGGGCCGGGAACGCATTGCGAAGGAATGACGTGTCTGAAGTCAGAACGGGATGCGGCTCCCGCTGAAGGCAGCGTTTAGGGAGCCTTGCTTATGAATCCTTCATCGTGCTACCGGCCTCGCCTGGGCGATCGGGTTCACTTCCCCAGGATCCGCTCCAGGGTCCGCTCCAGCTTCTCGCCGTGCAGGTCGCCGCCGGTGGCGATGACCCGCCCGTCCGGCCCGACGAGCACGGGCTTGGGGATGCTGCGCACGCCGTAGGCCTCGCTGATGGGGTTCTTGAACCCCTGGGGCAGGAAGGCGTGGCTCCAGGGCATGGAGGTGGCGGGGTTGGCCCGGTAGGGGGCGATGTGCTCCACCTTCCGGTCGAAGGAGAGGCTCAGGATGTTCAGGCCCTTGTCCTTGAAGCGGCCGTAGGCCTTCATCATGAAGGGCATGCCGGCGCGGCAGTCGGGGCACCAGGTGGCCCAGAAGTCGATGAGCACGAACTTGCCCTTGAAGGTGTCCAGGGTGATGGGCAGGCCTTCCAGGGAGGTCGCGCTGAAGGCCGGAGCCTGGACGCCCACGGCGGTCTTGAGCTCGGCGGTGAGCCGGTCCTGGGCCTTGAGGGCCTCGGCGGAGCCGGGGAAGTCCTTCTGCAGGGCCTCGAAGGACGGCTTCCAGTCGGCCTCGGTACCCGTGTCCACCATCTCGGTGAAGTGCTCGAAGAGGAGGCTCCGGCGGGTGGGGCCGTCGGGCTGGTGGGCCCGGGCTTCGGCGAGGTAGGCGGCGGAGGCCTTGGGGGCCCAGGTCCCCAGGGCGGGCAGGAGGCCCTTGTCCAGCGCCCACGCGGGAGCGGTGGGGGGAACCTCCTTGAGGGTCAAGGCGACCTGTTCGGCGGAGGGCGTCTGGCGGGCCAGGCGCAGATAGTACAGCTGGGCCACCAGGAGGGCCTGGCGCGCGGGGGCCTGGGTTTCGGTGGCCAGCCGGGCGGAGATTCCGGCCAGTTCCCGGGTCACGTCGGCCTTGAAATCGATGGAGTTCCGCCCGGCCTCGATGTGGGCGGCCCGGGCCTTCGCCACGGCCTGGCCCTTGGCCGCCGCCGCCTGGAGGACCGCGGCCGCTTCGGCGCTTTCGCCGGGTGCCGTCGCGGCCAGGACCGGCACGCAGAGGCCAAGCATGAGGAAGGTGCGGGCGGAGAAGGTCATGGGGGCTCCAGGGGGATCACCGGGTCATTGTATAGCTTATCCATGGATAAACTAAACTATAAA
CP132910.1_gap30	1068456	1072402	3946	GCAGACCTTGACCTTGGAGCCGCGGAGCAGGTCCCGGCAGCGGGACACCCAGGAGGTGTTCACGCACACGGACCAGAAGCCGTACTGCCGCGCCTCGGCGCAGAGGGTCTCCACTTCCGCGGCGGTGGCCTCGGGCTTGAGCAGGGTGTGGTCGATCATCGCGGCCAGGGCCGTGTCGATGGCGCCCGGGGCCTTCGACGCCTCCGGAGCCTTGCCGTCCAGCGCCTTCAGGACTTCCTTGGTGATCAGGTCTACCAGCTTCTTTTCATCCATCTCGACTCCACGTTCATCGTTCGATCTTGTCCACGCGCTTCTGGTGGCGTCCGCCCTCGAAGGGGGTCGCGAGCCAGGTGAGGACCATCTGCTCGACCGCCTCGGGCGGGTTGGCCCCCGCGCCCAGGGTGAGGACATTGGCGTTGTTGTGCTGGCGGGAGTTCAGGATGGTCTTCATGTCGTAGCAGAGCGCGGCCCGGATCCCCGGGAAGCGGTTGCAGGCCATGGAGGAGCCGATGCCCGCCCCGTCGATCATGATCCCCATCTCGCAGGCGCCCCCCAGCACCGCCTGGGCCACCGCCTTGGCGAAGTCCGGGTAGTCGCAGGCCGTCTTGTCCGGGCAGCCCACGTCCACCACCGCGAAGCCCCGCGCCTCCAGCACGCCCGCAAGGCGCTTCTTCAGGTCGAAGCCGCCATGGTCGGAGCCCACGGCCACCCGCCGCTGGGTTCCGCGCCGGGAGAGGACCTCCCGCACCACTTCAGAGACAAGTTGTTCGACCCGCTGGGGATCCATGGAAGTCCGTACGGAAAGGTTCAGAGCGGCGGACAGCTTCGGTCCGCGGGAGGCCCGGTGCAGGGAAAAAATTTTACCTGTCGGGGGAAAAACAAGCCTAGCACTACCTCCTGGAGGAGACAACCCGTAAACGGGCGCGGCGGTGGCGGCGCGGGCGTTCGGGCTCGGGTCCCTCCATCCACTGGCGGATCCGGTTGGCGTCGTCGAAGCGGGAGTGCCTTCCCGTGGCGTCCAGGAGCACGATGAGCACGGGGCGCTGCGCAAGCTGCGCCTGCATGACCAGGCACTGCCCCGATTCCTCGATGAAGCCGGTCTTGGAAAGCCCGATGCGCCAGCGGGAGCTCGCCAGGAGCATGTTGCTGTTGTGGAACTCGATGGAGCGGTTCTTGTAGGCCACGGTGGCGCTCGTGCGGGTGGAGAAGGCCCGCACCTGGGGGTGCCGGTAGGCCTCGTCCACGATGCGGGCCATGTCCCAGGCCGAAGCCCGGTTGCCCGAGGAGAGCCCCGTGGGGTCCTCGAAGCGGGCGGTGGCCAGGCCCATGGCCCGGGCCTTGGCGTTCATCTCGGCCACGAAGGCCTGCACGCCGCCCGGGAAGGTGCGGCCCAGGGCGTGGGCGGCCCGGTTCTCGGAGGCCATCAGAGCCAGCTGGAGCGCCTCGGAGCGCGTGAGCACGGTGCCCACCGGCAGCCGGGAGTGGCTGTGGCGGAGCATGTCCTTGTCCTCCTCCAGGATGGTCAGGCGCTCGTCCATGCCCACCTTGCTGTCCAGGATGACCATGGCCGTCATGAGCTTGGTGAGGGAGGCCACGGGCAGGACGTCGTCGCAGTGCTTCTGGAGGATGGGCTCCCCCGTCTTCTGGTCCTGCACCAGCACCGAGGCGCTGTGGAGGGCGAGGCGCTGGTCGGCCTTGGCGCCGAGGGAGGTGCAGGTCACCACGGCTAAAGCGGCCAGACAAGCGAGGTTCCCTGATCTGAACAAGGTCATATCGGCTCTCGAAGGGGCGGTTGGGGGGGACAGGAGGGAAGGGTCGGACCCTTGAACAGGGAATTACCTGGTAGCAATTAAGATACCATTCGGTCAGGGCAACCCGGCCGGCAATTTCCCAACCTATCGGCCGAAAGGGCCGAGGCCATGATCACAACTGGGAATGCGGAGTCTATTGGATTTCCCGGACGATCATCCTTCCCGTGAGCGCCGGCGTGTCCGCGCCGGTCTGGGTCATGGAAAGGAGGATGTTCGTGGGGACGGTGGTCGTGATCATGGCCAGGATCGTCTGGGTCGTGCCGGCCGGTACCGGCACGGGACTGGCGGCGGTGGTGCCGAAAAAGACCTGGTTGCTGATCAGGGTGGGACCGGTGGTCATGTCGAAAAGGCCGTAGGTGAGTCCGTTCGCCGGCGAAAAGCCCGACGCCGAGAGGGTGACGCTGATCTCGTAGGTCTTGTTGGCGCCCAGGACCACCTGGCCGCCCGAGACCGAGAGGCCTCGGAGGGTGGTGCCCACCACGCTGAAGGCGGGGGTCGCGCCGGAGACGAAGAAGAAGCCGTAGTCCGCCAGGGCGGTCACGCTGGAGAAGAGGGGCGTCATAGGGGTAACCCGCGTCCAGACGCCGCCGACGACCGCAAGGATGTCACCGTCCTGCTCCGGCCCCGACACTGACGAGGTCGTTATCGCTCCGGCGCCGTTGCTGACCAGGACGGCATTCGGGGGCAGGCTGGTGAGTCCGGTGCCGCCATGCGCCACGTCAACGATGCCGGAGACGTTCCCGGCGGTCGTGGCGGTGGCCGCGTTACCGGTGGTGCTTTGATTGAGCGTGGGAACATCCAGGACCTGGATGGGCGCCATGGTGACATTGGTGCCGTCCCCGCGGAGGAACGATCTGGCCGTGGCCCCGCCGGCCAGGGCATTGAGGGCGGCCTGTTGGGTGGCGGCGCCGGTGCCCCCGTTGGCCAGGGCCACGATGCCGGTGACGTTGGCGGCCGTGCCCGTCATCACGGTTGGGAGGTCACCGGCCTGGATCGCCGCCAGGACGACACCAGTGCCGTCGCCCCGAAGGAACTGGCCGGACGTGTGGCCGCCGGCCAGGGCGGCCAGGGCGGCCGCGGCGGTGGTGGCGCCGGTGCCGCCGTTGGCGATGCCCACGGTGCCCGAGACGCTGGTGGCCGTGGTGGCGGTGGTCGCGAGGGTGGCGGTGGCGGCGTTGCCGGTCGTGCTCTGGTTCAGGAGGGGCACGTCTGCCGCCTGGATGGCCGACAGGGTGACGTTGGTGCCGTTGCCCCGGAGGTACTGACCGGAGGCGGTGGACCCGGCGAGGGCGTTGAGGGCCAGCTGCGCGGTGGCGGCGCCGGTGCCGCCGTTGGCAACCGGGAGGGTCCCGGCGACGTCGGTGGCCAGGTTCACGGCGGCGCCGTTGCTGGCGGCGGTGAGGCGGCCCTGCTGGTCGACGGTGACGTTGGCGCGGGTGTAGGAGCCCGGGGTCACGGCGGTGTTGGCCAGGGCCAGGGAGCCGCTGACGGTGATGGGGCCGCCGGTGAGGCCGGTGCCCGCGGCGACGCTGGTCACGGTGCCTCCGCCGCCGGCCGCGCCCACCTGGGCCCAGGCCGCGCCATTGTACTGATAGATGCCGGAGGTGCCGTCGGTCTGGTAGACCATCAGGCCCGCTGCGGGCGTGGCGATGGCGAGGCGCTGGGCCTGGGTCTGGCGGGGCATCAGGAAGCCCTTGGTGGTGCTGGAGAGGTCCAGGAGGGCGCTGGCGTTGGGGGGATTGACCCCCAGGCCCAGGGAGCCGGTGGTGAACACCACGTTGGAGCCGGCGAGGGTCATCGGGCTGGCCCCGGCGGGGCCTGCGGGTCCGGTTGCGCCGGTCAGGCCCGTGGCGCCCGGCAGGCCCTGGGGGCCCATGGGCCCGGTCGCGCCCGTGGGACCGATCGGGCCCGCGGGCCCGGCGGTGCCGGCCACGGACGAGGCGGTCCAGGAGGTCCCGTTGTACACCAGGGCCTGCCCGGCGGTGGGCGCGGCGGTGGTGAGGTCGATGGGGAAGCCCTGCAGCTTGCCCACCTTCGTCAGGCTCTGGGTGCCGGTGAGGTCGCCGCTGAAGGCGCCCACGAGGTCCCAGGCGCTCCGGGCCTGGAAGGCCGGCAGGAGGTCCACGTCGGGCGAG
CP132910.1_gap31	1145716	1147382	1666	CCCCGTCGCCGGACCGTCCATCCAGGTCCGGAAGGACCTGGACCCCGAGTCGCCCGTCATGTTCGGCGAGCCCCAGAAGATCCAGCAGGTCCTGGTGAACCTGGGAATGAACGCCCGGGACGCCATGCCGGAAGGCGGCCTGCTCACGTTCCGCACCTTCCGCTCGGAGGGCAACGTCTGCCTGGAAGTCCGGGACACCGGCTGCGGCATGACCCGGGAGGTGATGGAGCGGGTCTTCGAACCGTTCTTCTCCACCAAGGCGCGCGGGAAGGGCACCGGGCTCGGACTGGCCATGGTCGCCAACATCGTGGCCGCCCACGGCGGGAGCATCCGGGTGGATTCCGTACCTGGCGAGGGCACCGCGTTCCGGATCGAATTCCCCTGTTCCCTCCGCAAGCGCGGGGAGACGCGGGCCGCCGCCAAAGCAGAAGAAGGTCTGGCATCCCCATACACAAAGTGAGACCCTGGTGCCAGCAGCCCGGGGCCTCCAGGCCTTTTGTAATCGACCTGGGAACTTCGCGGCTTATCACCACCCCTTTTCCCGAGGACGTGAAGTGCTCACTCCACGCTTATCTGATCCCCAGGAGGGACAGGCCCGCTCTGCACATGCGGGCTGGACGCCCCTCATGGACGCCCTGAGCCAGGGCGTGCTGCTCCTGGATCCCGAGGGCCGGTATCTGGAAGCCAACCGGGCCGCTTCCCGGATCCTGGGGCTGGACCGGGAAACCCTCCTGGCCGAGGGCCTTGAAGGAAGCCAGACGGGCCTCTTCGAACACGGCGGGGCGATCCTGGCCCTGGATGAGGCTCCCGGCCGGGTCGCCCTCAGGACGGGACGGCCCGTGCGGGGCCGGGAACTCGTCTGGGCCGGGAAGGACGGCCGCAGGCAATGGCTGGAGGTCACGGCGGAACCCCTCGACGGCGGCGGGGTCCTGGTCAATTTCATCGACATCACCCGGCGCAAGCTCGCCACCGAGACCCTCAGGGCCTCGGAGGAGAAGTTCAGCCGGAGCTTCCACGGGAACCCGGACAGCGTGACCATCACCCGGCTTTCGGACGGGGTCTACCTGACGGTGAACGAAGGGTTCATGCAGACCACGGGCTATGGCACGGAGGAAATCCTGGGCCGGTCCTCCCAGCCCGGCGGGGTCGGCATCTGGGTGGACAGCCGGGACCGGGCGCGCTTCCGGGAGCTCCTGCACCGGGACGGGAAGGTCCTGGGTTTCGAGGCCCAGTTCCGGCGCAAGGACGGCGGCGTGCTCACGGGCCTGGTTTCCGCCAGCACGATCGAGGTGGAGGGGGTTCCCTGCGCCTTGACGATGACCCGGGACATCACGGACCTCCGTTCCCAGGCGCGCCAGCTCGAGCGCATGACCCAGCTCTACGCCGCCCTGAGCCACGTCAACCAGGCCATCGTCTGGGCCCGCACCCCGGAAGCCCTGATGGACCGGATCAGCGATGCCCTGGTCAGGGAGGGCCGTTTCGCCTTCGCCTGGATCGGCTGGGCCGCGAACGGGGAGATCCGGATCGCCAGCCGCTGCGGCGACGCGCAGGGCTGCCTCGACGGCCCCGGGGGCGGGGAATCGGGCCCGGCGGCCCTGGCCCTCCGGGAAGGCCGTCCCGTGATCGAGAACGATTTCGCCCCGGACGGGACCGGGTTCAAGGCCGC
CP132910.1_gap32	1220902	1224853	3951	GAGGGTCGCCACGGTCCACACCCCCTGCCAGGCGTTCGGGAACGGGAAGCCCTGCGGGGGCCGGTCGATGCGGAACGAGACCATGCGCCCCGGCTCGAAGGAGAGGATGCGGTTCTGGATCGTGGACGGGTCGCCCAGGGTGGCGGTGGCGCTGTAGCAGGAGCGGATGAGGCCGCCCACGCGGAAGTCCATGTCGCACTGGGCCGGGCCCAGGAGCTTGTAGCCTTCGGGGGTGGAGAAGACCTTCCACACCTCGGACACCGGTGCTTCGATGATCCCCTCGACGACCAGGGGGGAGACGTCGGCGGCGGCAAGGTGGAGGATGAGGGTGAAGGCGGGGAGGAGGGCGCGCAGCATGGTGCCAGTCTACAGGAATGGATCCGCCACCGTCCGCCCCGCCGCCGCGTGGTTCAGCGCCCGCAGCCCGATGTCGCGCCGCCTCTGCATGCCGGGCCAGTGCACGTCGGCCACGGCCCCCTCCACCTTGGCCCGTGCGGCCTCCAGGTCGGCGGCGGTCGTCACCAGGTTCAGCACGCGCCCGCCGCTGGTCACCCAGCCTTCCTGGGTCTTCCGGGTGCCGGCGTGGACCACCTTGACGCCCTCGGGGGCGCCCAGGGCGATGGGGACGTCCTTCTCGGCGCCCTCGGGGTAGCCGCCGGCGGCCAGGACCACGGCGATGGCGCAGCCGGGGCGGAGCTTCACGGAATCGCGGCGCAGGCGGCCCTCGGCCACCTCCAGCAGGAGGGACGCGAGGTCCTCGTCGAGGAGTTCCATGAGCACCTGGGTCTCGGGGTCGCCGAAGCGGACGTTGTATTCCAGGAGCTCGGGTCCCCGGGCCGTCCACATGACGCCCAGGAAGAGCACGCCCCGGGCCCGCAGGCCGTCCTTGCGCAGGCCGGCCACGGTGGGTTCCACCAGGTCCCGGCGCAGCCGCTCCAGGTCGGCGGGGGAGAGGAAGGGGATGGGTCCGAAGGCGCCCATGCCGCCGGTGTTGGGGCCCTGGTCCCCGTCGAAGATGCGCTTGTGGTCCTGGCAGGGGGGGAGGACGGCGTAGGCGGCGTGATCGGCGTCCACGTCCACCAGCACGTGGAGGGAGAGTTCCATGCCCACCAGCGGCGCCTCCAGCACGACCTTGCGCGAGGCCTCGCCGAACTGGCCGGCCATGAAGGCGCGCACGGTGGCCAGGGCCTCCTCGCGGCTCCCGGCCAGCACCACGCCCTTGCCCGCGGCGAGGCCGTCGGCCTTCAGGACGATGGGCAGGCCCAGGCTCCACGCGCGGATGGCCGCCTCGGCGGGTTCCAGGGCCGTGAACGTCATGCTCGCCGCGCAGGGGATGCCGTGGCGGACCATGAAGTCCTTGGCGAAGGCCTTGCTCCCCTCCAGGCGCGCGGTGGCCGCGTCATGGCCGAAGACGGGCACGCCCTCCCCGCGCACCGCATCGGCCAGCCCCGCCACCAGCGGGACTTCCGGTCCCACCACCACCAGCCCGGGGCGGTTGAGGGCGCACCAGGCGGCGATGCCGGAGACGTCCTCCACCGCGAAGGGGAGGCAGGTGCCGAGCCCGGCCAGGGCATCGCTGCCCGGCGCGGCGTAGAGCTCCACGGGATCAGGACCGGACTTCAGCTTCATGGCCATGGCATGTTCCCGGCCGCCGGAGCCGATGAGCAGGATCTTCATACTTCACCCCTTTCAAGAATCCTACTTCGACTGGGCTATCCTAGGTGCATGATCGGACGACTGCGCGGCCTGCTTATCCATAAGAGCCTCAACTCCGCCATGGTGGAATGCGGGGGCGTCGGCTACCTCTGCTCCATTTCCCTGGGCACCTTCGGCCTGCTGCCGGAGGAGGGCCAGGAGGCCATCCTCCACGTGGAGACCCTGCTCCGGGAGAACGACCTGAGCCTCCTGGGCTTCGCCACCAGGGAGGAGAAGCAGCTGTACCGCCTGCTGGTCAAGGTGGACGGCGTGGGCCCCAAGCTCGCCCTGGCGGCCCTGGGGGCCCTGCCCCTGGCGGACCTGGTGCAGGCCATCCGGGCCCGGGACGTCAGGGCCCTCACCCGCATCCCGGGCGTCGGCAAGAAGACCGCCGAGAAGCTCTGCTTCGAGCTGTCGGAGAAGCTGGGCGGCATGGGAGGGCTGGACGGGCTGGCCGGGGGCGGAGCCCCCCGGGACGCCTGGGAGGCCGACCTGGCTTCGGCCCTCACGAACCTCGGGTTCCGGGAGGACGCCGTCCTCCCCATCGTCAAGGGCCTCGCCGCGGACCGCCCCCCCCTGCCCGAAGCCCTGCGCCTCGCCCTCAAGGGACTCCAGCGATGAGCGTCCGGATCCTCTCCACCTCGGCGCTGGCGGGTCCGTCCCTCCAGGGCCTGGGCGCGAGGTTTCCGGAGCTGTCCATCGCCCCCTTCCGCTCCATCGCCTGGAAGATGAGCCTGGCCAACGCCGAGGCCCTGGTGGTGCTGCTCACCGAGGCCCTGTCGGAGGCCGACCTGGACTACGCCCCCAAGCTGAAGGTCATCGGCACCTGCTCGGCGGGCGTGAGCCACCTGCCCGTCGAGGCCTGCGCCCGCCGGGGCATCGCCATCGTGAATACCGCGGGCGTCCTCGCGGACCCCACCGCCGACCTGGCCCTGGCCCTGCTCCTGGCCCTGACCCGGCGGCTCAAGGACGGCGAGGCCCTGGTCCGTTCCGGCACCTGGAAGGGCTGGGCCATGGACCAGGTCCTGGGAACGGGGGTGGCCGGGAAGGTCTGCGCCATCCTGGGCACCGGGCCCGTGGGCAAGGCCTTCGCCCGCAGGGTCTTCGCCCTGGGCATGAAGCCCGTGTTCTGGGACCGCGAGAGCAAGGGGACCCCTGTGGACTTCGGCGCGGGCATCGCCCGGCGCCTTCCGCTCTCGGACCTCCTGCCCCGGGCCTCGGTCCTGAGCATCCACTGCCCCCTCACGGCCGACACCCGGGGGCTGCTCACCCGCCCCATCCTGCAGCTCCTGCCCAAGGGGGCCTTCATCATCAACACGGCCCGGGGCGGCATCCTGGACGAGGACGCCGCCATCCAGATGCTCCACCAGGGGTTCCTGGGCGGGGTCGGCATGGATGTGTACGAGGATGAACCGAATATTAATCCCGCATGGCTGAAGGCTCCCCGCGCGGTCCTCCTACCACATCTGGGAAGTGCCACCCTGGACACACGGGAGGCCATGTCCCGGGTTCTTTGCGATGGCATCGCCGAGACCCTGGAGGGTAAGCTTGGGTGATTCTGCTGGAGGTTCTCTATGCCCCGTCAATGGCTCCGGCTGCTGGACCCTGAAATCCACGAACTGCGACAGGCCGACGGCAAGTCCCTTGCCGGAAGCCTGACCTATGGCCGCGCCCTCAACGGGCGCAGCCTCCACGAGGAGGCCCAGGCGGTCCTCGACAAGGCGCTGGCCCTGGACCGGGGCGACGGTGACCTGTGGTTCGAGCGCATCATGGCCCAGGGCGACCACGGCACGCTCGAGGACCTGGAGGAGCTCCACTCCCAGCTGGCCAGCATCCGCGCCGAGCATCCCCAGGACGCGGCCGTGCTGCGCAACATGGGCTTCGTGCGGATCCTGCAGCAGCGCTCCGACGAGGCCGAGAAGCTCCTGCGCCAAGCCCTCTCGGCCAACGGCGCCGACCCCAAGGCCCTGGAGCTCATGGGCCTGCTGTGCATCCAGCGGGAGAACCCCCAGGAGGCCAAGACCTGGCTCCTGAAGGCCCTCAGCCTCCAGCCCCGGGACCCCCGCTCCCTTCGCCTCCTGGGCATCACCTGCATGGACCTGGGGGATTCCAAGTCCGCCGAGGTCCAGTTCATGGCCGCCCTGGAGCACGATCCCGACTACTTCTGGGGCTGGCACAGCCTGGGCGAGCTGCTCCTAAAGCGGGGCGAGCTGGAGGAGGGCCTGCGGTGCATCCACCGGGCCCGCTGCATCCAGC
CP132910.1_gap33	1225963	1226969	1006	ACCGGTCCGTCCTGGACCGCGCCGCGGCCGTGAAGACCGCGCCCGTCAAGCCCGCGCCCGCGATTCCCGTGCCCGCGCTTCCGGCGGCGCCCGCCAAAAAGTGAGGATTGACGGGTGCCGCAACCCGTGGCATCCTTAGTGTTCTGCCCGCGTGGTGAAATTGGTAGACACGCCATCTTGAGGGGGTGGTGGCCACAAGCCGTAGCGGTTCGAGTCCGCTCGCGGGCACCAGTAAATTAAGCGCTCCCCCCGGAGCGCTTTTTTTTTATGCTGGGGGATGCCCTTCGCCGACGCCGCCACGCTCCTGGCTCCCCTCGCACCCTGGTTCGACGCGGTGCGCCGGCCCATGCCCTGGCGGGCCGGGGACCTGGACGCACCCCATCCCGACCCCTACGCCGTGCTGGTCTCGGAGATCATGCTGCAGCAGACCCAGGTGGCCACGGTGATCCCGTACTTCCTGCGGTGGATGGGGAGGTTCCCGGATGCCGCATCCCTGGCGGCGGGGACCGAGGACGAGATCCACGGGCTGTGGGCGGGCCTGGGGTACTACCGCCGGGCCCGCAGCCTCCAGGGCGCGGCCCGGGCCATCGCCGAAGGCGGATTCCCCCGCACCCTGGAAGGCCTCCTGGATCTTCCGGGCCTGGGCCCCTACACCGCGGCCGCCGTGGCGGCCCAGGCCTTCCAGCTGCCCACCCCCGCCCTGGACGGCAACGCCTTCCGGGTGGCGGCGCGGGTGCTGGCCCTGGAGGACGACCCCCGCCGCCACGCAGGAGCCCTGCGGGACTGGCTGGCCCCGGCCCTGGCCGCCCACGGCCCCTCGCGGCTCACCCAGGCCGTGATGGAGCTGGGGGCGACCGTGTGCACCCCGGCCCCGCGCTGCGCGTCCTGCCCCCTCCAGGGGGCCTGCGCGGCCCGCGTCCTGGGCATCCAGGACCGCATCCCCCCCGCGCAGCCCCGCACGAAGGTCACGGAGGTCGAGATCCATCTCGCCGCCATCGCGTCGGGC
CP132910.1_gap34	1228165	1228691	526	GCCAGACCAGGCAAGGTCCGGCTGCTCATGATGGACGAGTTCGCCCTCCATAATAGTCAGTAAATCGGGTTCGCGGAACCCAGGCCTTCGGCTGGGTCGGTGCGATGACGCGCAACCCGATTTACGGTCTTGAACAAGCCCGGAGCGGCAGGGGCCGGCGCGACTGGGCTGCTATGGGCAAATCGAGCTTGGCAGGCCGCCTGAGGATGGTGGAAACGCCTTGGCCATCGTCTCCCTGACCTTCGATTTCACGCTCTGTTCTGGCCGCGATGGTTCCGCTCCTGTCCATGAGCAGACCCTCTCCAGCCCACCGTGGTGGCAGGTTGCGGCGCGAGAAAGCCTGGTCGTTGTGGGGACGGTCAGCATGGGGCGTCAACTTCGGGAGGTGCCCGGGGGGCGGTGGGATCCAGGCGGACCCGGTGGAGCATGCCGCCGCAGACAGGGCAGGCGCGCATCTCTTGCTCCAGCCATGTCACCGGGGATGGAGTTGCCTTGACCTTGGTCTCGCCCAGGGCCTGCCGGGCCT
CP132910.1_gap35	1232077	1234055	1978	ACCATGCAGTTGTGCTTCTCGGGCAGCTGCAGGTCTCTCAGGGGCCGGCCGATGAGGTCGTGATTGCTCACGAAGACGCGGGTGGAGTCGTACTCGCTGATGTCGTGCTGGAGCGCGATGTCCGACTTGCGGCCCAGGAAGGCCTGCGCCCGCTCCACATCCTCGGGCGTGCCCACCACGACGAGCAGATCGCCCGCCTCCAGGGCCACGTCCAGGGGGGCCATGATGAAGTCCCCGCCCCGCTTGAGGCGGTTGAACACCACCTTGCAGTTGGCCTGCTCGCGCAGGTCCACGTGGGTCCGGCCGGCGGCCCGGGCCTCCACCTCGATGGTGCGGGCCTTCAGGTGGCTGGAGCCGGAGCTGGAGCCGTGGAGAGCCGCGGCCTCCCGCTCCAGGTCCACCTTGAAGATCCGCCTGCTCAGCGGAATGCTGAGCATGGGCACCAGGACGCCGATGGGGTAGGCGATGGCGCTGGCCACGGTGGGCTGCGCGATGACCAGGGCGTCGGAGGTGGTGCGCTTGAGGGCCTCGATGACGCCCGCGAGGGCGGGCATGTTGGTGAAGGAGCCCGCCAGGAGGCCCGCGGCGTAGCGGCTGTCGAAGCGGAGGACCTTCGCCAGGACCACCACCACCGCGGTGCTGAAGACCATGACCACGGCCACCACGGCGTTCCTCTTGAGGCCCTCCTTGCTGAAGGAAGCCCAGAAGCTGTGGGCGATGGCCAGGCCCATGGCGTAGACGAAGATGGCCAGGCCCAGCTCGTAGATCAGCTTCATCTCCCGGGAAAGGTCCTTCTTCACGAGGGGGTCGAGGCCGGGGGTGACCACCACGGCGCCCAGGGCGATGCCCGCGAAGAGGATGCTGGCGATGCCGAAGGAGGCCCCGGCCACCCGCAGCTTGGAGATGGGATAGCCCAGGGCCACCACCGCGAAGAGCATCAGCAGGGGGTTGTGGGCGAGCAGATGGGTCAGGAAGGCCATGGCTACTCCTGCGGGGTCCGGGTGGACGCCGTGGAAGGGAGGGCGGCTGGCTGGGGGAGGAACACCCGTGGGCCATTCCGCAATTTCTTATCCATCCATCCTATCGCCGCTCCATTGGTCGTTCGTCACACCTGACGAGCGGGATGGCAGTCAGCTATGCTTGATGGTTCATCCCGAGGATTCCCATGACGGTCCGGCGTGTGGCCCGCTTCCGCCCTTTCCGCGAACAGGACAACCGGCATTCCGACGCCTGGACCTTCCTGCGCAAGGGCGTGCTCCGGATCCTGGACCTTCTGGCCGTGTCCATGGCCATCCTGCTGGTACTCGCCCCCTTCGTCTGGCGCAAGTGGAAGGCCGACAAGGTGGTTGACGCGTGGTCCCAGCCCAGGATGAGCGAGATCTCCCGCGTGGAGACGGACTGGATGACCCTGCCCCGCCTGCCGGATTTCACCCGCGGGGACGAGCCGGTGGTGAAGGAGTTCCTCAACGCCGAACCCCTGGTCCTGGCCGTTCGGGCCCGGTCGGCCCCCCGGAGCCTATGGATCCGCAGGGGGGACGCGCTCGTGCGGGCGGAAGGGGCCGCCGAGGCGGCCACCCTGAACGCCTGGTTCGCCAAGGCCGAGAAGGACCAGGTATTCATCTCCTTCCCCACGGATGTGTTGCCAGGGGAACAACGCAGCGGCCCCAAGGTCGTCCTGCAGGGGGACCGGTGGGCCGTGGCCAAGGCCTGGCGCGAAGGCAGCCCCGAAGTCGAGCAGTTCCTGCGCAACCATTTCGGGCCCACCCGGAGCTTCCGGGTAGTGCTGCTGAAGGACGGCGACGAGTCCCGCAAGGACCTGTCGCCCCAGGCCTGGGGCGCGGAGCCCCACCTGCAGGGCGACCCCTACTGGGGGGTCCATTCCGCCTTCTCGGTGCAGCTCATCAGCAACGAATTCCCGGGCTGGACCTTCACCGTCATCCCCTTCCGGGCCGAGGGCCGGGCCATCCAGCTCAACCTG
CP132910.1_gap36	1235713	1237724	2011	GCGAAGCAGCCCCGCCAGCGTGCGCGCATACTGATGCTCGGATTCCAGGAGGAGCCGGTGGACATGCTCCGGAAGGGGCGTCTCCTCCAGGAGGATGTGCTGGAGGCGGGGGCGCCGGACATGGACGTCCAGCATTCCGGAGACATAGTCCTCCAGCGATGCGTGCAGGGTATGGTTCTCGGCCAGCATGTGGCCCACCCACTCCCGCATGCGGCGCCGGGTCTCCTCGATGTGGCGTTCCAGCAACGCCACGGCCAGGGCCTCCTTGCTGGGGAAGTACTGGTAGAGGGTCCCGATCGAGACGCCCGCGGCCTCCGCAATGCGGTTGGTGGTTCCCTCCGCGTAGCCCCGCTCCTCGAAAACCTGAGCAGCGGCCGTCAGGACAGCGTCCACGGTGGCCTTCGACCGTCGCTGGACGGGCGACCTCCTTGGTTCCAGGCGGGACTTTGACTTCGCGGTTCGGGAAGCTGCAACGCGAGTATTCATAACCTGAATGTTGACTCAGGATTGGTGAATGGCAAGCAGGACTGCAATGGTGACGCTATGACTTCCCCTCCCCGCCCCCACCGCCCTTCCAGCCTGGACCTCGGCGGCTTCCCTGGCCTCTCGGAGCAGGAGTCGACGCTCCGCATGGAACGCCACGGGCCCAATGAGCTGCCTTCACCGGAAAGGCGGGGGCTCCCGGCCATCGCCTGGGAGGTGGTCCGCGAACCGATGTTCATCATGCTTGTGGCCGCAGGGTCCCTGTACCTGCTGATGGGGGAGCCGGGGGATGCCCTTATGCTCCTCGGCTTCGTCTTCGTGGTCATGGGCATCACCATCGTCCAGGAGAGGCGCACCGAACACGCCCTGGAGGCCCTCCGGGACCTCTCCAGCCCGCGGGCGCTGGTCATCCGGGATGGCGCGCAGCGGCGCATCCCCGGCCGCGAAGTGGTTCCCGGAGATGTCCTGGTGGTGGCCGAAGGGGACCGGATCCCGGCGGACGCCCTCCTTCGCGCCGGGATCAACCTGTCGGTGGACGAGTCCCTGCTGACGGGAGAATCCGTTCCCGTACGCAAGAGGGCCTCGACGGAGGGCAAGGCGCTCGACGTCCCCGGCGGGGACGATCTGCCCTCCCTTTTTTCGGGAACCCTGGTCACCGCGGGTCAGGGCGTGGCGGAAGTGGTGGGAACGGGCCTCCATACGGAACTCGGGAAGCTGGGCAGGGCCCTGCAGCAGGTGGACGTCGAACCCACCTTCCTTCAGAAGGAAACAGGCCGCCTGGTGCGCACGTTCGCCCTGGCCGGCCTGAGCGCCTGCGTCGTGGTCGTGGTCCTCTTCGCCCTCACCCGGGGCGGAGGAGGGCAAGCATGGAGGGAGGGCCTGCTGGCCGGCATCGCGCTGGCGATGGCCATCCTTCCCGAGGAATTCCCGGTCGTCCTTACGGTTTTCATGGCCCTCGGGGCCTGGCGCATCTCCCGGAGCCGGGTCCTCACCCGGCGCATGCCGGCCATCGAGAGCCTCGGAGCGGCCACCGTCCTCTGCGTCGACAAGACGGGCACCCTGACCCTCAATCAGATGACCCTCAAGCGGCTGGATGTGCAGGGTTGCTCCCCGGACCTGACCGGGGACGTTCTACCGGAGCCGGCCCACGAGCTGATGGAATACGCCATCCTCGCCAGCAAGCGGGACCCTTTCGACCCCATGGAGCGCGCCCTCCACGCCGCCGGGAAGAGGTGGCTGATGGAAACGGAGCACCTTCATCCGGACTGGTCCCTGGCGAAGGAATACCCGCTGGCCCCGGACCTGCTGGCCGTAACCCATGCCTGGGACTGCGGCGGGGGCCAGTTCATGGTGGCGACCAAGGGCGCGCCCGAAGCCGTGGTGGACCTCTGTCACCTGCCCGCGGACCAGAAGGCCGGGATCGAGGCCCGCGTGGCGGACCTGGCCTCCAAGGGTCTGCGCGTCCTCGGGGTGGCCCGGGGCCGTTTCAGCTCGGCCGCCCTTCCGGAGGAGCACCACGACCTCACCT
CP132910.1_gap37	1242954	1246043	3089	CGGGGTCGCCTTCAGGTCGGCCGTGATGTGGACGACGCGCTGGGGATTCTCGGCCAGGGTCAGGAGGTAGGTCTCCACGCGGCCGCGCTCCGCGGCCAGGATCCGCACCTGGTCGCCGGGGCCGGCGTCGCCCAGGCGGCCCTGAACCTCCTGGGCCGAAGCCGTGCGCCAGCCGTCCACCGCGAGGATCTCCATGCCGTAGCCCAGGCCCCCCTTGGCCGCGGGGGAGCCGGGGACGACGTTCTGCACGACGGGGGCGCCGGGCTGGAACGTGAGTCCGGCCCAGACGCGGGCCCGGCGCAGGGCGTCGGGATCCTCGGCCTCGGCGCCCGGCAGGGCCTCCCAGGGAGCGCGGGCGTTCAGCCTGATGCCGTACGCCTTCTCGATGCCGGCCGCGTCGAGCGGCGCCCGGCCCTGGATATGGGCGCTCCAGAAGGCCTGGGGATCCTTCCCCGTGAGGTCCTGGAAGGCCCTGCGCACGTCGGGGTCGGTGACGTGGCCGTCGCCGTGGCGCTCCCAGAGGAGCGCGAACAGCCCGTCCAGCCCCTTGGCGCCCCCGGTGGCCAGGCGAAGCTCGGCGTCCATCATCCAGCCGACCATCGCGCCCATGTCGTAGTAGCTCACGGTGCTGTTGGGGGAGAACTCCGTGGGCTTGTAGTGGCGGATCCAGGCGTCGAAGCTGGCCTCCTCGAGGCTCTGCTCCAGGCGCCCGGGCCGGGTGGTGTTGTCGGTCCAGGATGCGGCGAGCTTCCGGGAGACCCAGGACCAGGGCGCCACGCCAGCCTTCAGCACCAGGTCGTACTGGATGAAGCTGGTGAACCCCTCGTGGAACCACAGGAGGCGCGTGGGGTTCTCCGCCAGGTAGTCGAAGGGGCCCAGCGCCGCGTCCCGCATCCGCTTGACGTTCCATACGTGGAAGAACTCGTGGGCGATGAGGGTGTAGAGGTCGTAGTACCCGTCGGCCCTCTCCAGCTGCTGGGGGTCGGCCAGGAGGGAGGTGCAGTCCCGGTGCTCCAGCCCGCCCCGGATCCTGGGGCAGAACGTGAGGAGGAAGAGGTAGCGCCGGAAGGGGAACCCCCCGAAGATGCGCGCCGCGGCGCCCACGATGGCCTCGGTGCCCTCCACGATGCGGGCCTCGTCCCCGGGGTGCTGGCCGGTGATGGCCACCTGGAACTCGCAGCCCCGGGAGCGGAAGGTGTGCATGCGGAAGGTGCCCAGCTCGAAGGGCGAGTCCACCAGGGTGTCGTGGTCCTCGGCGAGGTAGCTCCCCTCCCGCCGGGGCAGGATGGTGGCCACGCGCCATCCCTTGGGCCAGCCTTCGAAGCGCACCTCGCAGGGCCGCGAAGGCTGCCCCTCGAGATAGAGGAAGGTGGCCGCGCCCACCAGGTGGGCATGGAGCGCGTCCACGTGGTTGGTGCGCACGGTCAGGTCGTTGCAGAACAGGCGGTAGGTCACCTTCAGGCCGCGCGGGGAGCCCTCCACGCTCCAGCGCTGCTTGTCCAGCTTGCGGAAGGGGCTGGGCTGGCCCGCGCCGTCCACCACCTCGAGCCGGTCCAGGAACCGCGCGTAGTCGCGCACCAGGTAGGAACCCGGCGTCCAGGCCGGGAGGGCCAGGACGGCGCCGCCCTCCACCGCCTCCGCGGGAAAGTTGAGCTCCACTTCGATCTCGTGCATGGAGAGGCTGATGGGACGGATGGTGGCCAGCACCGGCTCCGGGAGGATCTGTTTCACGGCCATGCTCGCTCCAGTCAAAGATCGCCAAGTTCCAGGAAGACATCCTTCCAGCCCTGGGGCAGGGCCGCGGCGTCCCGCTCGATGGTCGCGGCGTCGCCCCGGACGAAGGGGCCGGTGCGGCCCGCGGCGCCGTGGGCCTCCACGTTGCGCAGCGTGGCCTCGGCCAGGGGGGCCAGGCCCCGTCCCGGCAGCGCCACGCCCTGGCGCGCCAGCAGTTCCCGGGCGCCGAGCCACAGGGTGGCGGCGTGACCCGAGGCCAGGACCGCGCACGCGTGGTACAGGGGCTTGAGGTCCGCGGGCAGGACGAAGGGCGAGAAGCCCAGGTCCGTGAAGGCCGCCACGAGGCCTACCGGGACGTCGCCGGTGAGGGCCAGGGGGGTGCCCCGCCAGTCGGCGGCGGCGCCGCCGAAGCTGGTGAGGGGGTGCGCGCTGGGGACGCCGTCCAGGTGCAGGCTCCCCGAAAGATGGACGCAGCGGCCGGGGAACTGCCGGGCCAGGGCTTCCACGGCCCCGTCGGGGACCGCCAGCAGCACCGGGCCCTCGGGCCTCGCGGTGCCCGGCAGCAGCGCCACCCGGTCCCCCCAGGCCTCCGCCAGGGCCCGACCCGCGCGCCCCCGGCCGAGGATGGTGAAGGATGTCCAGGCTTCCATGCCCCTAGAGTATCCCAATGGCCGCCAATGGCAGAGAATGGTCCGGTGACCTGGCCCCTTCCCCCCGACATGCCCTGGCCCCAGTTCCTCCGGCGCCTTCGGCACCCCGCCCCTCCCCCCGGGTGGCTCGAGGCGGCCGCGGAGCTGGACGAGGTGCGCCGGCGGCCCCTCCTGCTGCGGTGGATCGCCCAGCACCCCCGCATCGGCGCCCACCTGCGGGCGCGCCTGCTGCCCACCCTCCCCTGGCGGGCGCTGGCCAGCATCGCCCAGGACGCCTCGGCCCACCCCCAGGCCCGCCAGCATGCCACGGAGCGCCTCAACGCCCTGTGGCCCGGCCTCACCATGGGCGAGCGCCGCAGCCTGGCCATGGCCGCGCCCCGGCAACTGTGGCCGCAGATCTGGCGTAACCGCGACCGCCGCGTGCTGGAGGCCTTCCTGCAGCACCCGCGGCTGGGCGCGGAGAACCTGGAGGCCCTGATCCAGCCTCCCCTCACCGCCCCCCAGGCCGAGGCGCTGCAGGCCTCACGGTGGCTGGAGATGGTGCCGGTGGCCCATCAGGTGCTGGTGGCCCTGGACCGGGGGCTGGAGAACCCGGACTCGGGGCTGGTCCTCGGCATGGCGTCGCCCTGGATCAAGGCCTTGCCGGAGGAGGAGCGGCTGCTGGTCGCCGCGCGCATGGTCAATCCGGCCCTTCGCCGCATGGTG
CP132910.1_gap38	1356819	1360153	3334	CTCGCGCAGGGGGGCGTAGCTGGTCCCCTTGTCCTGGCCCCCCAGGAGGAGCACGAGGGGCCCCGGCAGCGCCCGCACGGCGATGAGGGTGGCGTCCACGTTGGTGCCCTTGGAGTCGTTGTAGGCCTTGATGCCGCAGTGCTCCCCGCAGAGGGCGATGCGGTGGGCGAGGCCGGGGTAGGTGCGCAGCCCCTCCCGGATGGCGTCCAGGTCCGCGCCGCCGTGGCCCGCCAGCACCGACGCGGCCAGGGCGTTCTCCACGTTGTGGTCGCCGGGGATCAGCAGGCGCGTCCGGTGCACCAGGGGGTGCTCGCCGTGGTCGTCGATGAGCCAGAGGGTGCCGTGCTCGTCGCACCAGGCGCCGGGGCCTTCCGGGGCCTCCCAGCCGAACCGCGCGGCCTGCCCCCGGCCCGGGGCCAGCGCCTCGAAGGCCGGGTCGGCCAGGGGCGTCAGGCGCAGGTCCAGGGGGGTCTGGTGGGAGAAGATCCGCACCTTGGCCGCGCGGTAGGCCTCCATGGTGCCGTGGCGCGCCAGGTGGTCCGGGGTCAGGTTGAGGGCGGCGGCGGCCTCGGCGTGGAAGTCCCGGACGGTCTCCAGCTGGTAGCTGGAGCACTCCAGGGCGAAGCGGGTGCCCTCCTCGGCGCCCTCCAGCGCCTCCACCAGGGGCGTGCCCAGGTTGCCGCAGGCCCGGGAGGGGAGGCCGGCCTGCCGCAGGAGGTGGGCCGTGAGGTCGGTGGTGGTGCTCTTGCCGTTGGTGCCGGTGACGGCCAGGATCATGGAACCGTCGCCGCGGGCCCGCAGGGCCCGGTGGGCCAGTTCCAGCTCGCCGATGACCGGGATCCCGCGCCGGGCGGCCTCGGCGGCGAAGGGGATGGCCGGGCTGACCCCCGGGCTCAGCACCACCTCCTCGCAGTCGTCCAGCAGCGTCAGGGGATGGGAGCCCCAGACGGCGGGAATCCCCTGGGCCGACAGCCTCGCGGCCGCGGCCGCGTCGGGCCCGGGCCTCCCTTCGGTCACCACGACGTCCCTGCCCGCCTTCGCCAGGTGCTCAGCCGCCCCCATCCCCGAACGTCCCGCGCCCACCACCACGACCCTTCCCATGCCCGCTCCTTTCTTCCAGTTTGGCACCAGCGGCAAAAGAAGTGAAAATGGAGGTTGGCAAGGCGGAGCTGGATGAACCAATCCCTACTCGAGAGCATTCTGGATTTCCGTCGCCCCGCGGTCACCTATACGCATTCCATCGTCAACCTCAAGGACGGGACGACGGTGGCGCGGGAAGTGCTCACCCGTTTCGAGACCCAGCCCGGCCTGATGCGCACGGTGGGCGATCTCCTGGTGGACGTGTCCCTCTCCGCCGAATCCCGGGTGCGCCTGGATCTCCTCTGCCTCGGGGCCATCTTCACCACCCTGGAGATGCACCCCATCACCGAGCACCTCCTGTTCGTGAACCTGGACCCCCTGACGCTGGAGCACCCCGAGTTCTGGTACCAGATCGAGCCCTGGCTCTGGAACCTCTCCATCCCGCCCCACCGCATCGTCTTCGAGATCACCGAAAGCTATTCCCGCCACAGCCTCGACCAGCTCGAGTTCTTCTCCAAGCGGCTCCGGGCCCTGGGGGTGCGCATCGCCGTGGACGACCTGGGCTCGGGCATCGCCTCCCTGGCCCACATGGGCCGGCTCTCCCCGGACTTCTTCAAGGTGGACAAGAGCCTCGTCCGCGGCGTCCAGCGGCGCCCCTACCAGGCCGCCCTGCTCAACGCCCTGTCCGTGTTCGCCGAACGCATGCGCGTGGGCTACATCGTCGAGGGCATCGAGACCACCGAGGAGCTCCAGGCCGTCATCGATGCCGATGTGCCGTGGGGACAAGGATTCATCTTCGGGGAGCCGGAACCCCTGGTCTTCTAGATTCCAATCAAAATGCAATCTTTTCTCGGCGAACCTCGGCCCCTCGGCCGCCTCGGCGATGCCATTCTGTTTCAAGACGCTGCGGCGCGTTGAATCCATGCGCCGAAAGGTTCAAGAACAGAAAGGCATCGCCGAGGGGCCGAGGTTCGCCGGGAAGAGATCAAGGAGAGGCTTTCCACTCTCCCTGTCGGGATCACCGCCTGGCCGCCAGCACCCGCACCTCGGCCGTCCCGGGGAACCGCAGGCCGCTGGTCCTGCGCCCCCAGACGACTCCGTTCGGCAGGCTGACGCCCACGGTCCCGATGAGGGTATCCGTGACCAGCAGCTGCCCGCCGGTGCCTTCGCCCATGGCGAAGGCGGCGCCCTGCACCAGGGCCGCGCGGGTGGTGCCCAGGCTGGGAACGCCCTCGAACGCGACCCTGCGCACCACCTGCGTGCCCGTCACGCCGCCGTCGCGCACCAGGGGGTCGTGCAGGAGCAGCACCAGGCAGTCCACCTTCAGGTCCCGCACGTTCCTCGCGGTGGCCAGCGCCTCGCCCGGATTACGGACGTCCACCACCGTGATCGTCCGGTCGGCCCCCGCGGAGGCGGCCAGCACCGCCACCTCCCCGGCGCTGAAGCGGTAGTCGCAGATCACGCCCAGGTGGTTCCTGTCGGGCCAGGCCGACCTCGTCGCCTCCATGAGGCCGGCGTAATCCTCCCCGTGCAGGGCGGCGGCGAGGAGCAGCGCGATCGTGGTTGCGATTCCTTTGTGCATGGGATTCTCCGGGGAAGCTGAGGCACGGGAACCCCCCGCCGTCCAAAACGGACGACCCAAGAGACGGGTGGCTTGGAGACCCACCTGCATCCGAGGAAAACCCCGCAGGGCAGACGGAAGGGTGACGGTCGAAAAGTTACGCATTCAGTTTCGATTGTCAACATTGACAAACGAAAACGATCCCCTATCGTGCCGCTTTTCCCCGGGCTACCGCAGCTTCAGCGAGCTCAGCGCCAGCATGCAGCAGACGATGGCCGTGATCCAGAGCCGGATCACCACCTTGGTCTCCTTCAGCCCGCCCAGCTCCATGTGGTGGTGGAAGGGGGCCATGCGGAAGATGCGCTTGCCGCCGCGCAACTTGAAGCTGCCCACCTGGAGGATCACGCTGAAGGCCTCCAGCACGAACAGGCCGCCGGCGATGACCAGGAGCAGCTCCTGCTTGATCATGATCGCCACGGTGCCCAGCGCCCCGCCCAGGGCCAGGGAGCCGGTGTCGCCCATGAAGACCTCGGCCGGGTGCGCGTTGAACCACAGGAAGCCCAGGGAGGCGCCGCTCATGGCCCCCAGGAACACCGCCAGCTCGCCGCCGCCGGGGACGAAGGGGACGATGAGGTACTGGGCCATCTTCGCGTTTCCGGCCACGTAGGCGAGGATCGCGAAGGTCGCGGCGAC
CP132910.1_gap39	1426934	1427897	963	GGCATGGACAGTCCTTTCAAAGGTGGAAGGAATGTCTACTGACCCTCCCGGATCAGGAAGGTTGAAACCTGATGCTTCAGACGGGCGCGCCCCCCGCCCGGAGACGGTCCCCCAGGCCCCGCGCGTGAAGGGCCGACACCACCTCGGGGTATCGGCCCAGGAGTTCACGCGAAGCCTTGCGGAATGCGTGCGTTCCGGCTTCCTCGACCGATTCGAGGGTCCGGATGTCATCCAGCATCCGGAGGACCTTCGCCGCCAGGACCGGCGGGAATCCCGTCCGGGCGGAAGAACGCTGGAGACTGTTCATACAATTCCCGGTTGAGGGCTCGAGGCCCTCGAAGTGCAAGAGCATGACCCGCCCTTTCAGGAACGGAGATCCGCCATTCGCCCCATGGGACGCGACAGCCAATCGCTTTTGGATAAAGGTCTAATTAGGAATGTTCTAAGGTTCTTGCCGACGCGGAGTCAATCTAGGCCTCGGGTTCGCGCATGTCAACCCTCGCCCGACGACCGGCCGGGGGGAGGTATGCTGGTCCCAGGCCCTTCCAAAAACCGCGGACCCCCTGGAGTTCCCATGCTCATCCACCCCCGGCTTCTTCCGGCCCTCGCCTGGACCGTTCTCGCCTCCGCCCAGACGGTCCCGCCGGTCCGGGCGGACCTCGAGGGGATGCTGCCCCGGCTGGAGACCCTCTACCAGGATCTGCACCGCCATCCCGAGCTGTCCGGCCACGAGACCCGCACCGCGGCGCGCATGGGCGAACTCCTCCGGCAGGAGGGCTACGAGGTCGCGGCGGTGGGCGGCGGGGTCGTGGGCGTCCTGCGCAACGGCACGGGCCCCGTGGTGCTGCTGCGCACGGAGCTGGACGCGCTGCCGGTGGTGGAGAATACGGGCCTCCCCTACGCCAGCGAGGCCAAGGGCGTCATGCACGCCTGCGGCCACGACGCGCACATGGCGGTGTGGGC
CP132910.1_gap40	1585494	1590482	4988	GCCACGGGACAGACCGTTAAATTCGGGCCGCAGCAGGGGGTTCGAGCCGATGGCCGCATCTTCCGCCTGGTGTTCGACCGCTCGGGCACGCTGTGGGTGGCGACGGATTCAGGCGGCCTTTTGCGGGGAACCGGCCATGGGAGCCTGTGGGGCTTCACCCCTGAACCGCTGCCTGGCGGCACACCCAGGGAATCCATCGGGGACCTCCACGAGGATGCCGAAGGCCGGCTCTGGGCCGCGGGCGAACATGGCCTGGCCCTCCGCGAAGGCGGCCGATGGCGCCGCTTCACCCGCCAGGACGGCCTGCGCGAGGACGCCCTGGACTTCACGCGGTCCCTTCGCAACGGCGACCTGCTCCTGGCCTACTCCAGCAACCTCGGGGTGGCGCGGGCCCGCTACGACAAGGGGCGGTTCCGCATCCTGAAGCATTTCGACGCGGAGATCGATCCGGCCCTGACGATCTTCCTCCTGGGTGAGGATGTCCACGGCAACCTGTGGGTCGGCTCCGGCGCGGGCGTGCACCTCGTGCATGCCGGTGGAGGCGTGGAGGTGTTCACCTACCGCGACGGACTCGTCAGCGACGGCACCAACAACATGGCCTTCCTCCCGGACCCCAACGGCGACGTGTGGATCGGGACCGTCGACGGCATCGCACGTTTCGTGGCGCGGGCCTACGATGGCCTTCCGCCCCCGCCCGTGCTGCGGACCTATGCCTTCACCCTGGGCCAGGCGTCCTTCCATGAGGTCCCGGACAAGCCCCTCGACGTGCCCTTCCGGAGCAACACGTTCGAGGCCCGTTTCGCCGCCCTCAGCATCCACCACCAGGACGACCTCCATCTGGGGGCCCGGCTCGAGGGGCTGGAGCCGGAATGGCATGCGGCCAAAGGCCGGGAGGCGAGGTACACGGGTTTGGCCCCCGGCCTCTATGCCTTCCAGGTCCGCAGCCAGGCCGGCGGCGGGCCGTGGGTGTATTCAACGCCCATCCGCTTCCGGGTGCTCCCCCCCTGGTGGGGGTCCTGGACGTTCCGGGTGCTGGCGGGCCTCGGCGTGGTGGCGGGCGCCATCGCCTATGCCCGGTGGAGGACCTGGGCGCTGGCCCGGCGGAACGCCCACCTCGAGGAGCGCGTGGAGGAGCGCACCCGGGAGCTGACGGAAGCCAAGGCCACCCTGGAAGAGCGGGTGAAGGAGCGCACCGCGGAACTGCAGGCCTCCCACAGCCAGCTTGTGCAGTCCCAGAAGATGGAAAGTCTCGGCTTCCTGGCCGGGGGCGTCGCCCACGACATGAACAACGTGCTGGGCGCCATCCTGACCCTGGCCTCGGTGAACCTGGAAGTCCATGAAGCGGACAGCGCCACGCACCGGGCCTTCGAGACCATCGTCAAGGCGGCGGAGCGGGGCACCAACGTGGTCAAGGGGCTGCTGAGCTTCGCCCGGGCGGGCGTGGTGGAGAACCGCCTGCTGAACCTGAACGACGTGGTGCGCGAGGAGATCAAGCTGCTGGAGCGCACGACCCTGGTGAAGGTGCGCTTCGAGCTGGACCTGGATCCGGCGCTGCGGCCCATGAAGGGCGACGCCGGCTCCTTCGCCCAGGTGTTCATGAACCTGTGTATCAACGCCATGGACGCCATGCCGGAGAACGGCACCCTGGTGCTTCGGACCCGGAACCTGCCTGAGCAGAGGATCGAGGCCGTGGTGGAGGACAACGGGAGCGGGATGACCCGCGAGGTGCTGGACCGCGCCCTGGATCCCTTCTTCACCACGAAGGGCGTGGGCAAGGGCACCGGCCTGGGCCTGTCCATGGTCTACAGCACGGTCAAGGCCCACCACGGCCAACTGGAACTCCAGAGCGAACCCGGCAGGGGCACCCGGGTGAGGATGACCTTCCCGGCCTGCGCCCCGGCGGCCTCGGCCCCGGTGGACGGGGCGGAACCCCGCGCGGCGGCCGCCGGTCCGGTCCTGGACGTGCTCCTGGTGGAAGACGACGAATTCATGATGAGCACCCTCCAGAATGTCCTGGAGTACCTGGGCCACACGTTCACCGCGGCCGCCTGCGGGGAGGAGGCCCTGGCCCGGCTCGGCGAGGGCTACCGGCCCGACGTGGTGATCCTCGACATGAACATGCCCGGCCTGGGCGGGGCCGGAACCCTGCCCCGCCTGCGCGCCCTCTGCCCGGGGATTCCGGTGCTGCTCGCCACGGGGCGGACCGACCAGGACGCGCTGGATCTCGTCGCCGCCTACGACCAGGTCACGCTTATGGCTAAGCCTTTCGGGATAGAGGAATTGCGATACAACCTGGGGTCGTGCGGAAAGGCGTGAAGGCGCCGGGCCGGCCTCCCCGGGGAGATGGGTCGCGGAGAATGGCCGTCAACCGGGTCGTCCAAGAAGGCACCCCCTGGACGAAGGTCGGCAGGACAGCCGCACGCTTGCGCGAAGAGCCGCTATAGTCGGGTCTGAACAACCGGGAACGGCCTGTCAGGAGGGATGATGTCCTTCAATTTCCGTTTCGATCGAGGGCTGCGGGCATGGGCTTGCGTCCTTCTGAACGTCTTGGCCTTAGCGTTCTCCCACGTTTCCGATGCGGGCCAGCCCGGCCATGCTCCCTACCTGAACCAGCCCGCTCCGGGAAGGACGCCAAAACTGTTCGCGCCCGGCCTCGTGAACACAGGGATGACGACCCGGGACATCACCTTCTCTCCCGACGGAAATGAAGCCTATTTCCGGGTCTCGTCCGAGGGTTTCGTCCACAGCGCCATCGTGGAGGTCCGGCGGACGGCCTCCGGATGGACCGCACCCGAAGTGCCTGAGTTCGCAGCCGATCCACGGTGGAAGACCCTGGAGCCGCACATCAGTCCGGACGGCAAGCGATTCTGGTTCGTGTCGGACCGCCCGGAGGATCCGGAGGCCCAGGCGCCCGCCCCCATGGGGATCTGGGTGATGGAGCGCGGACCCGCAGGGTGGGGAGCGCCCCGGCGCCTCGGGTCCGACATCAACGGTCCCGATGGCAGCTTCTTCCCCACCGCCACCCGCGAGGGCACCTTGTACTTCTGCCGGGATGGAGCGGACGGCAGGGGAAGCATCTGGCGGGCTCGCCGGAGGGGCGGTGGCCTCGAGGCCGCAGAAAGGTTGCCGGACCGTGTCCAGGTCGGCAAGGCCCGCTTCAATCCTTTCATCGCGCCGGACGAGAGTCTGATGATCGTGGCTGCGATGGGCCTCCAGGATTCCGTGGGGGGTCTGGACTACTATGTGCTCTTCCGCAACGCCAAGGACCAGTGGAGCCTGCCCCGGAATCTGGGCCCGATGATCAATCACCCCGGGAACGGCGAGGAAAGCGCCAGCCTCAGCCAGGATGGCACGTACCTCTTCTTCGCCTCGGCCCGGGGCGGGAAGGAGTCGTTCGCCCGGGGCGAGAAGATCACCCTCCGGCGCCTGCAGGACCTGGACCGCCGTCCGGGCGAGAACGGAAGGATGGCCATCTACTGGGTGGAAGCGAGCTTCCTTGACGAACTGAAGAAGGCGGCGGTGTTCCCGATCGGGACAGGAGCAGGGCAACAACAGTAAGGCCCACCTTGTGGGTGGGCCTAAGTGCTGTTCCGACTGGTGGTCCCTCAGGGACTCGAACCCTGGACCCTCTGATTAAGAGTCAGATGCTCTAACCAGCTGAGCTAAGGAACCGACTCGGAAGTTCTAGTTTACCCGCCATGGTGCGGAACGCAAGGAAAATTCAAACGGGAAAAGCGCCCTGGCAGTGCGGGCGGGCGAGGATCCGGAGGCAACCGGGGGCGGGACCCGCTAAGCTTTTTCCATGCGCGTCGCTCTGGTTTCTGACATCCATGGGAACCTGCCGGCCCTCGAGGCGGTGGTCCGGGACCTGGAAGGACGCGGGGTGGACCGGGTGGTGAACCTGGGGGACTCCGTTTCGGGGCCGCTGTTGCCGCTGGAGACGGCGCGGTTCCTCATGGGGACGGGGTGGCTGCACCTGGCGGGGAACCACGAGCGGCAGGTGCTCGAAGGGGGGGCGATGGGCGCGTCCGACGCCTATGCCCACGGCAGGCTGGGCGAGGCCGAGTTCGCCTGGCTGCGGAGCCTGCCGGGCACCGGGCGGCTGGGGGAGGCGGTGTTCCTCTGCCACGGGACCCCGGCGTCGGACCTGGTGTACTTCCTGGAGACCGTGGACGGCGGCGGGATCCGGCCGGCGACGGCGGAGGAGGTGGAAGGGAGGCTGGGCTCCGTCGCGGCCCCGGTCATCGCCTGCGGGCATTCCCACACGCCGCGGGTGGCGCGAACGGCGCGGGGGCAGCTCATCGTGAACCCCGGCAGCGTGGGGCTGCAGGCCTTCCACGTGGACGAACCCTACCGCCACTCGGTGGTCAACGGGAGCCCGGAGGCGCGGTACGCGCTGCTGGAGCCGGCCGGGGACGTCTGGGAGGCGCGGCTGCTGAAGGTGGAATACGACGCGGCGCCCATGGCGAGGCTGGCGGCGCTCCGGGGGCGCCCGGACTGGGAGAGGGCCCTGCTGACGGGGTATTAGGGCTTCCCGCAGCAGCGCTTGTATTTCTTCCCGCTGCCGCAGGGGCACGGGGCGTTGAGCGCGGGGGTCGCGGCGTCGCGCGGGTAGCCCTGGCGGGCGATGATCGACTGCAGGGCCTCGGGCGCGAAGGTGGGCAGGTCCTCCACGGGCTCGTCCTCGAATGCGTTGCCGTCGCCGGGCCAGTGGAGTTCCTCCAGGGAGAGCAGGGCGTCCTCGACCAGGTGGTGGGTCAGCAGGAAGCGGCGGCGCTGGTGGGCGTTGTGCTTCGTGAGCGCCTCCTCCAGCTCGCCTTCGTCCACCAGTTCCCGGTCCACCCGCCCCCGGGCGCAGGCGTCCTGGAGGCGCGGGAGGAAGGGGGCGAAGCCCGCGGTCTCCAGGGCGATGACGAGGAAGGCCCAGGCGGTGGGATCCTCGGCGGGGCCCCGGGCCTCGAAGGCGCTGAGAAGGGCGTCGAAGCTCC
CP132910.1_gap41	1606209	1611150	4941	CCGGCGCCAGGCCAGAGGAAGGGCGGCACCCGGAGGATCTCCAGGTCCTCCCAGGCGTCCAGGATGTCCCGGGCCAGGGCGGGCGCCGCCGGGACGGGGCCGGTGGCCAGGTCCCGGAGGCAGGCGGGGGGGATCCTCCGGCCGGGGATGTCGGGGGCCTGCTCCAGGTTGATGCCCAGGCCCAGGAGGACCCGGTCCCCCTTGGCCTGGCCGATGATGCCGCCCACCTTCACCAGGCGGCCCTCCTTGCGCGCCACGAGGTCGTTGGGCCACTTGAGGCCCAGAGGGGCCCCGGAGGGCTCCAGGACCTCCACGACGGCCGCCATGGCCCGCTGGAGGAGGAGGCCGGGGGGCACCCGGGGCGCGGGCAGGCATGCGGATAGCCAGAGCCCGGCGCCGGGGCGGCTCACCCAGGTGTTGCCGGCCTGGCCCCGGCCCAGGCGCTGTTCGCCGGCGAGGACGCCGCAGCAGCCCAGCTCCGGGTGGCGCTCCAGGAAGGCCTGGGTGGAATCCACCACCCCCAGGCGGATCAGCGGGAGGGGCATGGCTTGCGGTTCTTAAGCCAGAGGATGCGCAGGCCGTCCAGGGTGAGGTCGGGGGCCACCTCCTGGATGAAGCGGCTGGCGGGGGCGATGACCTTGGCCAGGCCGCCGGTGGCCACCACCTTGGAGCCCGGGAACTCGGCCAGCAGGCGTTCCAGGATGCCGTCCACCTGGCCCACGTAGCCGTAGAAGAGGCCGGACTGCATGGCCTGGATGGTGGAGCGCCCCACGAGGCGCTCGGGCTCGGCGATCTCCACCCGGGGCAGCCGGGAGGCGCGCTGGAACAAGGCCTCGGCGCTGATCTTCAGGCCGGGGCAGATGATGCCGCCCAGGTACTCGCGCTTGTCGTTGACCACGTCGAAGGTCGTGGCGGTGCCGAAGTCCACGGCGATCAGCGGGGCGCCGTAGGCCTCCAGGCCCGCCACGGCGTTGACGATGCGGTCCGCGCCCAGTTCGGCGGGGTTGTCCAGCAGGACCTTGAGGCCCGTCCTGATGCCGGGCTCGATCCAGAGGGGCTCGGCCTTGAAGTAGACCCGGAGCCAGGCGTCCAGGACCGGATGCAGGGGCGGCACGACGCTGGAGATGACCACGTGCCGGATCGCCGCGGGATCGATCCCAGCGTGCTTGAGCAGGGCGAGGCTGGACAGGCCGTACTCGTCCACGGTGCGCTCCCGGCTCGTGGCCAGGCGCCAGGAATGCAGGATGGGGCCCGCGTCCCCCGCGGCGAGGTCGAAGATGCCCAGGACGATGTTGGTGTTGCCGACGTCCACGGCCAGCAGAAGGCTCATAGGTGCTCCAACCTCCAAGAATGGCCTACGTCGCGATGCCGATCAATCCATTAGGCCTGTAATGGGGAGGGCGGCGCGCTGATGCCTTCCTTCCAGTGCTTGCGGCACAGCGCGGTGTAGCTCTCGTTGCCGCCGATGAGCACCTGGGGGCCCTCCAGGGCCACCTTCCCGTCCACGATCCGGGCGTTCATGGTGGCCTTCTTGCCGCACCAGCAGATGGTCTTCAGCTCCTCGATGCGGTCCGCCAGGGCCAGCAGCGCGGCCGAGCCCGGGAAGAGCTCCCCGCGGAAGTCCGAGCGCAGGCCGAAGGCCATGACGGGGATGCCGGTGCGGTCGGAGAGGTCGCAGAACTGGACCACCTGCTCGCGGGTGAGGAACTGGGCCTCGTCGATGAGGATGCAGTTGGGCGCGCCCTTCCCGGCCACCGTGGCGGCGTGGAGCTCGAAGATGTCGGTGTCGGGCTTGATCATGGCGTCCACGGGGGCCTCGAGGCCGATGCGGGCGCGGATGAGGTTGGCCCCCTCGCGGGTGTCCACGCTGGGCTTGTAGAGGTGCACGCTCTGGTGGCGCTCGTGGTAGTTGTAGCGGACGGTGAGCACCTGGATGCTCTTGCCGGCGTTCATCGCGCCGTATCGGAAGAAGACAGTCACCCTGGTACCCCCATCGAATGGATACGCCAGTATAGCGGCTACTTCTGGGCTTCCTCCAGCGCGGTCTGGGCCTCCTCCCAGGCGCTCATGGCGTAGGCGAGCTCGGTCTCGAGGGCCTTCTGGGCGCCCAGCCTGGCGCCGAAGACCTCCCAGTCCGCGGGGTCCGCCGCGGCCAGTTCCCTGGCGAGCCCGGCGAGACGGCCTTCCAGGTCCGCCACCGCGGCCTCGGCCTCCTGCACCTTGCGCTCCCAGCGCTTGACGGTCTTCTGGCGCTCGCGGTCGATGGGCTGCGGCTTCTGGGGCTGGGACTTCTGGGGCTGGGGTTTGGGGGGCTCGGGCTTGCGCCGGGGCTTCTCCTCCTCCACCTCGGCCTCCGCGGGCTCCTGGCCGATGTCCAGGTCGACCCAGGCCTGGTTGTCCTCGTAGCCGCCCTCGCGGAACTCGGTCCGGTTCTCGTGCACGCGCAGGATGCTGTCGGCCACACGCCCCAGGAGGTAGCGGTCGTGGGTCACCACCACCACCGCGCCCGTGAAGCTGAGGATGGTGTCCTCCATGGCCTCCATGGAGTGGATGTCCATGTGGTTGGTGGGCTCGTCCAGCAGCAGGAGGTTGACGCCCTCGCGGATCAGTGTGGCCACGGAGAGCCGCGCGCGCTCGCCGCCGGAGAGCACGGTGACGGGCTTGTCCACCTCGTCGCCGCGGAAGGAGAACTTGGCCAGGAAGCCCAGCACGTCCTGCTTGGGCGCCATGGGGATCACGGCCTGGATCTGCTGGAAGACCGTGTTGCGGGGATCCAGGTTCTTGTGGTGCTGGTCGAAGTAGCCCAGCTTCACCTGGCTGCCCAGGCGCGAGCCGCCCGTGATGAACTCGATCTCCCCGGCGATGGCCTTCAGGAGCGTGGACTTCCCGGTGCCGTTGAGGCCGACGATGGCGAGCTTCTGCCCGCGCTTGACCTGGAAGTGGTCCAGGGGCTCGAACAGCGGGACCCCGTCCCAGCCCACCGAGGCCTTGTCCAGCACCAGGGCGGTGTCGCCGCTGCGCTGGGTCTCGGGGAAGCTGAACTTGATGCGGCGGCGGTCCTTGAGGGGCTTCTCCAGGCGCTGCATCTTGGAGAGCTGCGTGCGGCGGCCCCGGGCGATCTTGGTGTCCTGGCCGGCGATGTTGCGGCGGATGTAGTCCTCCTGCCGCTTGATGTACTCCTGCTGGCGCTCGAAATGGCGCTCGGCGATCTCGATCTCCGCTTCCTTCTTCTCGATGAACTCGGTGTAGTTCCCCTCGTAGGCGCGGCTGCGGCCCAGCTCGATCTCGAGGATGCTGGTGGCGATGCGGTCGAGGAAGTAGCGGTCGTGGCTGATGACGGCCACGGTGGCGTTCGTGCCGTTGATGAAGCTCTCCAGCCAGCGCAGGCTGGGCAGGTCCAGGTGGTTGGTGGGCTCGTCCAGCAGCAGGAGGTCCTGGCCCTGGAGGATGGCCTTGGCGAGCATCACCCGGCTCTTCTGCCCGCCGCTGAGCTCCAGCACGTTCTTCTCCATCAGCTCGGGCGCGAAGCCCAGCGCGAACAGGATGCTCTCGGCCCGGCTGCGGATGGTGAACCCGTCGAGGCGCTCGAAGGCCTCCTGCACCTTCTGGTAGCGCTCCATCACGGCGTCCAGGTCCACGCCCGGCTCGGCCATGCGGTGTTCGAGGTCGCGCATCTCGTGCTGCAGGGATTCCACGTCCCCGAAGGCGGCCATGGCCTCCTCGAGGATGGTGCCGCCGGTGGCCGGCACCAGGTCCTGCGCGTAGTGGCCCACGCGGATGCCCCGCTCGGCGGTGGGCCGCACCACGGTGCCGTTGTCCAGCTCCAGTTCGCCCAGCAGCACCTTGAAGACCGTGCTCTTGCCGGCGCCGTTGCGGCCGATGACGCCCCAGCACTCGTCCTCCTGGATGGCCCAGGTGACGTCCTTCAGCACCTCGTGGGGGCCGAAGCTGAGGAAGGCGTGGTTGAGGCTGGCGAGCATATCTGTTTTTTTAAGAAAAGAGGCCACCGGGTTGGTGGCCTCTGTTTTGGTGGAGCTAAGCGGGATCGAACCGCTGACCTCTTGCATGCCATGCAAGCGCTCTCCCAGCTGAGCTATAGCCCCGGGGGAAGTAATAATCATGCCACCGGATGGAGAAAACCGCAAGCGGAAATTCACGGGCCAAGGCGGAGCCTCTGCCCATTCTGGATACGGTTCCCTTTGATCTTGTTCCACTTCCGGAGATGCTCCACATCCACGCCGTACCGGGTGGCGATGGCGTAGAGCGTCTCGCCCTTCTTGACCAGGTGCGTCTTGGGGCGGGCCTCCAGGGCCGGCCTGGGCGCGGGCGTCTTGACGGCCTGGGGCACCGGCGGCAGGTCCGCGGCCGGCGCGGCCTGCGCAGGGGCCTCCGGGGCCGGGGAGGGGATGGCGGGCAGCGCCTCCAGGGGGTGGTCCTCGATGACCTGGCTCCGCTCCACGGGCGTGAGGAGGTCGCGGGTGTCGATGGGGGCGGGGGGCGGGGGCGGCACCTTGATGACCTTCCCGGCCCTGAACTGGGCCTTCTTGAGGTCGTTGGCCTCCAGCAGGTCCTCGGGGCTGAGCTTGAACTTGGCGGCCACCTTGGCCAGGGTGTCGCCCTTGCGGATCCTGTAGCTCTGGAAGTCCAGCCTCTGGCCGGCGGGGATCCTGGCCAGGGCACGGGCCGTGGCGCCGCTGAGGCCCGGCGGCACCCGCAGGCTGTAGCGTCCCGGGGGCGTGCTGGAACGCAGGAGCTCGGGGTTCAGCTCCTTGAGGGACTCCACGTCGGTGCCGGCGTAGCGGGCCAGGACGGCGAGGCTCGTCATCCTGTCCACCTCCACCGTCTCGTAGGCGTAGGGCTGGAGCTGCTCCACCTTGAAGCCGTACCGCTGGGGGTCGTGGCCGATGAGGATGGCCGCGCACAGCTCGGGCACGTAGTTCT
CP132910.1_gap42	1652548	1654861	2313	CTTGCGGAGCTGGAGGTCCCGGAGCAGGGTCAGGCCCTCCCCGCCGATGGCCTGGGGATCGAACAGGACCACGTCCGGGGGGGTGGAGGCCGCGCCCTGGAAGCCGCTGGCGGCCCCCTGCACCCAGACGACGTCCCAGCCTTCGTTCCGCATGACCGCCGACAGGTCGGGGGTCCGGAAGGATTCGCCGTCCACGATGAGCAGGTGAGCCAGGGCCATAAATTCTCGAGAAAATGCAATTATAGACCGCAGGAGCGGGCGCGGCCAACTGGTCATCTTCAACAACGAATGCTGGCAATACCTGCATACGGCTGGTAACCTGATGGACGGCCCTTGAACCGGAGTTCTGGTTTTCGGGCGAATTCAAGGCGGAAGGAGGTGTCCCCACATGCCACTGGTCAAAATCAAGGAAGATGAAACTTTCGAGAACGCGCTTCGCCGCTTCAAGCGGAAGTGCGAGAAGTCTGGAATTCTCAGCGAGCTGAAGAAGCGTCAGCACTACGAGAAGCCCAGCGCCAAGCGCAAGCGGAAGATGCTCGCCGCACGCAAGAAGACGCTGAAGCGCCTCGCCCAGGAGCGGAGGCTGATGGGCTGATGCCCTCGTTTCCGATAGGATAGAGAGGCCCGCCCACGGCGGGCCTTTTTCGTGCCCAGATGACAAGACCACCCCTCGCCTCCGAACTCCAAGCCGTCGAGTTCCCCACCCTGGCCGCCCTGGTGGCGGGGGGGGCCCGCACGCGCCTGGGCCGGGCGGCCCTCCGGGAGCTCCATCCCTGGGACGGCCTCTGCGGATTGCGGCGCCTGAAGCAGATGGAGCTGGGGCCCACCTGGTCCCTGGATCCGGGCGCCCTGCCCATCGTGCCCTTCGACGAGGCCCTGGACGAGGTGCTGAACCCCGCCGGCTGGCCCCAGCCCGAGCATTGGCGCCAGCTCCGGGAAGGGCTGCGCTCCCTGGCCACCCTGCTGCGCACGGCCAGGGGCCTGGAATGGCCGGCTGACCAGCCCGGTCCCGAAGGCACGGAGCTGGGCATCGACCGGCTCCAGGTCACCGCCGACCTCCTGCCCGACCCCGGCCCCGTGGCCGACCAGCTCGCGCGCAGCTTCACCGAGGACGGGCAGCTGGACCCCATGCGGGTGCCGGGCCTGGCCGACCTGCACCGGGTCCGGTCCCGGTGCTTCCAGGCCGTCAGCAACCGCCTGCAGAGGATCCTGAGGGACTTCCCCGACGCCTTCCAGGAGTTCAACGTCGTCGAGCGCAACGGGCGGTTCTGCCTGCCGGTGCGAACCGAGCGCCGGGGCATGGTTCCCGGGCTCGTCCTGGACCGCTCCAGCAGCGGCGCGACGGTCTTCGTGGAGCCCTTCGAGGCCGTCTCCCTGAACAACGACCACGTGGAGGCGGACCGCGAGTACCTCCAGGCCGTGCAGGCCTTCCTGCGGGACCTGCTGGAGGGGCTCCGGGCCCGGCGCTTCGATTTCGAGCGGTGGCACCGCTTCCAGGCCGACGCGGACGAGGGCCTCGCCCTGCTGCGCTGGAGCGTCCTGTGCGACGGCGCCCTGCCCGACCTGGGCCGGGACCGGCTCCATCTGCTGGAGGCCCGCCACCCCCTGCTCCTGCCCAACGTGCGGGCCGCGCTGGACCTGGACCCCCTGGACCACGACGCCGTGCCCCTGACCCTGGAGCTGGACCGGGAGCGGCCGGGGGTCATCATCTCCGGCTCCAACACCGGCGGCAAGACCGTGGTGCTCAAGACCGTGGGCCTGCTCACGGCCCTGGCCCGGTCCGGCTGCGCCATCCCCGCCCGGCCCGGCACCGAGGTGCCGGAGCTGGCCACCCTCCACGCCGACATCGGGGACCACCAGACCCTCATCGGCAGCCTGTCCACGTTCTCCAGCCACATCCTCCACCTCAAGCGCATCGTGGGCCAGGCCCGCACCGGCGGGCTGGTCCTGCTGGACGAGCTGGGCACCGGCACCGATCCCAAGGAGGGGGCGGCGCTGGGCATCGCCCTCCTGCAGGCCCTCTCCCGGCGCCAGTGCTGGGTGCTCTGCTCCACCCACCTGGGGGAGATCAGCCAGTGGGCCCTGCGCCACCCCCGCTTCCAGAACGCCTCGGTGCAGTTCGACGAGGAGCGGCTGGCCCCCACCTACCGCCTCATGGTGGGCATGCCCGGCCAGAGCCGGGCACTGACCATCGCCGCCAAGCTGGGCCTGCCCCGGTCCATCCTCGACCACGCCGAGAAGGTGCTGGGACGGCGCGAGCAGGACTGGCGCGAATTCCTCCGGCAGCTGGAGGCCGACCGCCTGCGCCTGGCC
CP132910.1_gap43	1655929	1657952	2023	CCGAGGCAGCCGAGGATCGCCGAAAAAGCAAATGCAGGTTCCGGTGTCACTTCAGGACGGCGGCCATCCGGGTGGCTTCCAGCGGTTTTCGTGCCCGTGCGACCTTTGCCACGACGTGCCCCCCTCCTCTCCGAATACAGGATCATGGCTCACTTTGAACCCAACCGGGCGGTGTGGCTTGAGGCCCTTCCTGCGCCAACTTCGCTCCACCGTGCTTTGGCTCACTCCTGTCGCCTGCGCCATAGAGGCCTAGGTAATCTCCCGTATGGCCTGTTCCTGAGAATCAATCACACTTGCATGGAAGAGGCAGGTTCCCGAACCCCCCACACGGGAGGGCCGGCATCGCCCTGCCCAGGAGACTCCCATGACGTGGTTCCGCAACCTCAGGCTGGCATCCCAGCTCATCCTCTCATTCTTCCTCGTGGCCCTGGTGGCCGTCCTGGTCGGACTCCGGGGCATGTCCAACACCCGCACCGTGAGCGGGATGATGACCGATCTGTACGAGAACAACCTGACCTCGGTCGCCCTGGTGGGCAAGGCCCGGAGCGCGGGGATCATGTATGCCCGGCTCACGAACAACTACTTCGTGGCGCCGGACGCCGAACACCGGCGCGAAGTGGGCCAATCGCTTGCCGCCACCCGGTCGAACCTGTTCGATCACATCGCCAAGGAGCGCTCCACGCGCATGGCGCCCGAGGAAGTGGCCCTCTGGGCCGCCTTCGACAAGGCGTGGGGGCCCTACGAGGAGGCCTGCAAGCAGTTCACCGGGCTGGTGGACGCCAACAAGCACGCCCAGGCCAGCACGTTCCTCTTCACCGAGGTGCGCCCGAAGACCCTGGAGCTGGACAAGACCTTCAAGGCCATCGAGGAGGTCAACCTCCAGGACGCGGCCACCACCCAGAAGAAGAGCCTCGAGGCCGTCGCCTCCCTCCAGAACCAGACCATCGGGTTCATCGCCGCGGCCTTCGCGGTGGCCATCGCCCTGGGCCTCGGGGTCTCCCGGATCCTCCGGAGCCAGGTGGGCGGGGAGCTCGCGGAGGCCTCCGAAGTGGCGCGGCGCGTGGCCTCCGGCGACCTGTCGGTGGACGTGCGCACCGCCCAGGGCGACACCACCAGCATGATGGCCTCCATCAAGGACATGGTCGAGCGGCTGGCGGACGTGGTGGGCAAGGTGCAGGACTCCTCGGGCTCCCTTTCCGGCGCCGCAGAGCAGCTCAGCTCCACGGCCCAGTCCCTGAGCCAGGGCGCCAGCGAGCAGGCTGCAAGCGTGGAGGAGACCAGCGCCTCCATGGAGGAGATGAGCGCCTCCATCGCCCAGAACAATGAAAATGCGAAGATGACCGGGGACCTGGCCACCGGCACCGCGAAGGACACGGTGGAAGGCGGCGAGGCCGTGAAACAGACCGTCGGCGCCATGAAGGAGATCGCCCAGAAGATCGGGATCATCGACGACATCGCCTACCAGACCAACCTCCTGGCCCTGAACGCGGCCATCGAGGCGGGGCGGGCCGGGGAGCACGGCCGGGGCTTCGCGGTGGTCGCCGCCGAAGTGCGCAAGCTGGCCGAGCGGAGCCAGGTGGCGGCGGAGGAGATCAGCCGGCTGGCCTCGGGAAGCGTGGACCTGGCCGAACGCGCCGGCAGGCTGCTGGACACCATCGTCCCCTCCATCCAGAAGACCTCGGACCTGGTGACCGAGATCGCCGCCGCCAGCGCCGAGCAGAACTCGGGCGTGGGCCAGATCAACGGCGCCATCGCCCAGATCAGCCAGGCCGTGGCCCAGAACGCCGCGGCTTCTGAGGAGCTGGCCAGCACGGCCGAGGAGGTCACGGGCCATGCCCTCGAGCTCCAGACCGCCATGGCCTTCTTCAGCCTCAAGGGCGGCGCCGCCGCGCCCAGGCGTCCGGCTCCCGCCGCCCGCCCCGTCCGCGAGGCCCGCGCGGGGGCCCGCTTCAACGAACCCGGCTTCGCGCGGTTCTGAAAGGAGATGGCCCCCATGTCCGAACTCATGACCATCCAACGCCGC
CP132910.1_gap44	1660914	1663821	2907	AGGACTTCTACTCCCTCTACGGCGACATCCACTTCTTCAACCACCAGAACCGCATCGCCATGCGCAACAGCGGCATCGTGGACCCCGAGAACCTGGAGGAGTACGTCCGGTTCGGCGGGTTCAAGGCCCTGGCCACGGTCCTCGGCAAGAACGACCCCCTCTGGGTGATCAACGAGGTGCTCAAGGCCCGCCTGCGGGGCCGGGGCGGCGGCGGCTTCCCCACCGGCCAGAAGTGGAAGATCGCCCATGACCAGGCCGAGACGACCCGCTACCTCATCTGCAACGGCGACGAGGGCGATCCGGGCGCGTTCATGGACCGCGGCATGCTGGAGTCCGACCCCTTCAACATCGTCGAGGGCATGATCATCGCGGCCTTCGCCATCGGCGCCGGCCACGGGTTCTACTACATCCGCGCCGAGTATCCGCTGGCCATCAAGCGCATCCAGAACGCCCTGGCCAGGTGCCGCAAGGCCGGCCTCCTGGGCAAGAACATCATGGGCTCGGGCTGGGACTTCGACATGGAAGTGCGCCTGGGCGCCGGCGCCTTCGTGTGCGGCGAGGAGACCGCCCTCATCCGCTCCATCGAAGGCGAGCGCGGCCAGCCCAAGGTCCGCCCCCCCTACCCCACCGTGCGCGGCCTCTGGGGCAAGCCCACCTGCATCAACAACGTCGAGACCTTCGCCAACGTCAGCGCCATCATCAACTACGGCGGCGAGTGGTTCGCCAACCAGGGCACCGCGGAAAGCGGGGGCACCAAGGTCTTCGCGCTGGCCGGCAACGTCAAGCACACGGGCCTCGTGGAAGTTCCCCTGGGCACGCCGCTGTCCAAGGTGGTGTTCAACATCGGCGGCGGCGTCAAGGACGACAAGGCCCTGAAGGCCATCCAGACCGGCGGTCCCGCGGGCGGCTTCATCCCCGCCTCGCAGGCCGACATGGAGGTGGATTTCGGCCCCCTCTCCCGGGCCGGCTCCATCATGGGCTCCGGCGGCATGATCGTCCTCAGCGAGGACGACTGCATGGTGGACCTCTCCAAGTTCTACCTGAGCTTCACCCAGGAGGAGTCCTGCGGGAAGTGCACACCGTGCCGCGAAGGCACGACCCGCATGCTCGAGATCCTCGAGAAGATCACCTCGGGCCGGGCCGTCCTCTCCGACCTGGACAAGCTCGAGCGCCTCGCCAGGCTCTGCCAGCAGACCGCCCTGTGCGGCCTGGGGCGCGCCGCGCCCAACCCCGTGCTCAGCTCCCTCAAGAACTTCAAGGAGGAGTACCGCGAGCACATCGTGGACAAGAAGTGCAAGGCGAAGAAGTGCGTCGCCCTCATCCGCTACCAGATCGATCCCGAGACGTGCATCGGCTGCACCGTCTGCGCCAGGAACTGCCCGGTGGAGTGCATCTCCGGCCAGCGCAAGACCGCCCACCTGATCGACCAGGAACGCTGCGTGAAGTGCGGGCAGTGCTTCGAAGTCTGCCGGTTCGACGCGGTCGAACGCGTCTAATCCATCGCACCCCTGACACAGGAACCCACGATGACCGAGACCATGATCAACCTCACCATCGACAGCGAGCACATCCAGGTGCCCAAGGGGACCACCGTCCTCAAGGCCGCCGAGAAGCTGGGGATCCACATCCCCAGGCTCTGCTACCACCCCAAGCTGAGCCTCGAAGGCGCCTGCCGCATCTGCGTGGTGCAGGTGGAGGGCTTCAGCAGCTTCCTCACCGCCTGCAGCCACGAGGTGTGGGAGGGGATGAACGTGCAGACCAACTCCCCCGAGATCCGCCTCGCCCGGCGCGACATCGTGGAGCTGCTGCTCGACAACCACCCAATGGATTGCCAGACCTGCGACCGCGACGGCCAGTGCGAGCTCCAGAAGCAGGCCTACCGCCTGGGCGTCCGGGAGCGCCACTTCGAGGGCAAGCGCAAGCGCTTCCCCATCGACGACGCCAGCGAGTCCGTGGTGCGCACCCCCGAGAAGTGCATCCTCTGCGGCCGGTGCATCCGCGTCTGCGAGGAGGTCCAGGGCGTGCACAACCTCAGCCAGCACGGCCGCGGCTTCGAGACCGTGGTGGGCCCGGCCAACCTCGGCCCCATGGACGAGAGCGCCTGCATCCAGTGCGGCCAGTGCATCAACGTCTGCCCCACCGCCGCCTTCCTGGAGAAGGACCACACCGAGCGCGTGTGGGAGGCCCTGGCCATGCCCCGCGACAAGAAGCACATCGTCGTGCAGCCCGCCCCCTCCATCCGCGCCGCCATCGGCGAGTGCTTCGGCCTGCCCATCGGCACCCCGGTGACGGGCAAGCTCATCACGGCCCTGCGCCGCCTGGGCTTCGACGCGGTCTTCGACACCAACTTCGGCGCCGACCTGACCATCATCGAGGAGGCCCACGAGTTCCTCCGCCGCATGGGCGGCGACGGCCCCCTGCCGCTGCTCACCTCCTGCTCCCCGGGCTGGGTCAGCTTCATGGAGAAGTTCTACCCGGAGATGATCCCCCACACCTCCACCTGCAAGTCCCCCATGTCGATGCTCAGCACGCTCTCCAAGACCCACTACGCGGACAAGAAGGGCCTCACCGCCGACCAGGTCTACATGGTGGCCATCATGCCCTGCGTGGCCAAGAAGTTCGAGGCCTCCCGCCCCGAGCACGCCATGGAGGACGGCACCCCCTACACCGACGCCGTGCTCACCACCCGCGAGCTGGCCTGGATGATCAAGTCCTACGGCATCGACTTCGTGAACCTTCCCGACGGCGAGTTCGACCGGCCCCTGGGGATCTCCTCGGGCGCCGCCGACATCTTCGGCGCCACGGGCGGCGTGATGGAGGCGGCCCTGCGCACCGCGGCCGTGAAGCTCACGGGCGACGAGCTGGGCCCCCTGGTCTTCGAGGACGTCCGCGGCGTGACCGGCCTGA
CP132910.1_gap45	1753988	1755350	1362	GCCTGCCGGAGATCCTCCACCAGGTCCCCGGGATCCTCGATGCCCACCGAGAGGCGGATGAGGCCGTCGCCGATGCCGGCGTTCCTGCGGGCCTCCGGGGTCATGGACGCGTGGGTCATGCTGGCGGGGTGGGCCACGAGGCTCTCCACGCCGCCCAGGCTCTCGGCCAGGGTGAACCAGTGCAGGGCCAGGAGGACCCGGTTCACCGCGGCCGGGGTGGCGTCCTTCAGCTCGAAGCTGAGCATGGCGCCGAAGCCCTTCTGCTGGGCCCGGGCCAGGGCGTGCTGGGGGTGGGTGGGCAGGCCGGGGTAGTTCACGGAGGCCACGGCGGGGTGGGCGGCCAGCGCCTGGGCCACGGCCAGGGCCCCCGCCTCGTGGGCCAGCATGCGCACCCGGAGGGTCTTGAGGCCGCGCAGCACCAGGTAGCAGTCGTGGGGGCTCTGGCTGGTGCCCAGGAGGTTGTTCATGGCGGCGATGCGCTGGGCCAGGGCCTCGCGGCCGGGGCCCGCCACCACGGCGCCGCCCACCACGTCGCTGTGGCCGTTGAGGTACTTGGTGGTGCTGTGCACCACCAGGTCCGCCCCGAAGTCGAAGGGCCGCTGGAGGACGGGGGAGAGGAAGGTGTTGTCCACCACCAGCAGCGCGCCCGCACCCGCGGCGATTCCGGCCAGGGCGCCCAGGTCCGAGAGGCGCAGGAGGGGGTTGGAGGGGGTCTCGACCCAGATCATCCGGGTGTTGGGGCGCAGCGCCGCCCGCACCGCCGCGGCGTCGGCCAGGTCCAGGTAGGTGACCTCCAGGCCGTAGACCTTGCGGGCGTGCTCCAGGGTGCGGAAGGTGCCGCCGTAGCAGTCCACGGTGCAGAGCACGTGGCTGCCGTGCTCCAGGAGGTTCAGGGCCACGAGGACCGCGCTCATGCCCGAGCTGGTGCAGGTGGCTCCCGAGCCCCCCTCCAGGGTGGCGATGGCCGTCTCCAGGCGCTCCCGGGTGGGGTTGCCGCTGCGGGTGTAGTCGAAGCCGCCGTTGCTGCCGATGTCCGAGAAGGCGAAGGTGCTGGTGAGGTAGAGGGGAGGCGTCACGGCCCCGTAGGCGGGGTCCGGCTGGGAGCCGGCGTGGATGCACTGGGTGCCGGGTCCGGCCCCGGCCAGGAGGTCCGCCCTCCGGGCCCAGCCCGCCACGGGCTCCGTGCCCGGGGGCACGACCGTGAAATGGTAGGCCGGGTTGCCGGGCACGTTGCTGTCGAGGTGGTTGTCGCTCATGGGGTCCTCCGGGTGGGAGGATCGCCGCCGTTCCGGCCCGATCGTGGGGAATCCCTGATTCGTCAGCTCGCTGCAGCTCGCCATCTTCCCCCGGCTTGCGCCGCAG
CP132910.1_gap46	1803535	1808317	4782	ATCACGGGGCACTTCCACTCCCATGAGGTCGAGGGCAACGGCACGGCGCTGCCCTGGGCCCACGATGGTAATTTCATGGTCTGGGAGCAGGGAATCCTTAAACCTCTGACTCCCTTGGCGCATCTATAGTCCAGTCCGGAGGTTCCCATGAACTTGAAAAGCGCCCTGTTCCCCCTGACCCTGGCCGTACTGGCCGGTTGCACGCCCTACACGGTCAGGTACGACTACGATGCCCATGCCTCCTATGCGTCCTTCAAGACCTGGGACTGGTATGCCGCCAGCAAGAAGGCCCAGGGCAAGTCCGACGGCGTGAACAACCCCATCATGGACCGCCGGGTCCGGGCCGCCGTGGAGCGGGAACTGGCGGCCAAGGGACTGAAGGTGGAGAAATCCGCCGAGCCCGACGTGCTGGTGACCTACTACCCGGCCTACCGCCAGGGCACGGTGTACACCACCACCACCGTGGGCACCCACTTCGGCTACTGGCGGCCCTGGGGCTACGGGGTGGGCACCCAGTTCACCGAGGCCCGGCGCTACCGGGAGGGCAGCATCATCCTGGAGATCGTCGACAACAAGACCAACCAGCTCATCTGGCAGGCGGTTGCCGAAGGGGCCCTCACGGGCCTCACCGACCCCGAGGATGCCGAACAGCAGGTCTCCCAGGCGGTAAACACGATGCTTTCCCGCTTCCCTCCCCCCCGGAAATGAAGCTTGGGGTAGGATAGGGGTCCAGGACCCCTATGGACACCTATAACATCCTGATCGTGGACGATGAATCGGACTTCCGGACGCTTCTTGTGGAAGCGCTGGAGAGCATGGGCTACCTGTGCGAAGGCGCGGAGACGGCCGAGCTCGCCCTGGACATGGCGCGCACCCGCCACTTCGCCATCATCTTCACGGACCTGAACATGCCCGGGGGCCTCTCGGGCCTGGACCTGCTGCAGGCCATCCAGGAGATCGACCCCAAGACCTTCTGCATCCTCATGACGGGCTACGCCACCACCGACAGCGCCATCCAGGCGCTCAAGAACGGGGCCTACGACTTCATCCAGAAGCCCTTCAAGCTCGCAGAGCTGGACGCCAGCCTCCAGCGGGCCCTGAACCACTACAAGGCCCTGCGCCAGAACGAGGCCTACCAGTCGGGCCTGGAAGAGCGGGTGGCCGAGCGCACACGCGAAGTGGTGAAGCTCAAGGACGACATCGAGAAGCTCTTCGAGGGCTTCGTGCAGGCGGCCGTGTTCGCCATTGAAGCGCGGGACCCCTCCACCTCGGGCCATTCCAACCGCGTCGCCACCCTCACCGTGGGCCTGGCGGAGGCCGTGAACCGCACGCCGTCCGGCGCCTACGGGCCCCTCCACTTCAACGAGCACCAGGTGAAGGAGCTGCGCTACGCCAGCCTCCTGCACGACTTCGGCAAGGTCGGCGTGCGCGAGCAGGTGCTGGTCAAGGCCCGCAAGCTCGAGCCCGAGCGCCTGGAGCGCATCCTCCAGCGCCTCTACCAGCGGGACCTGGAAGCCGCGGCCCGGCGCCTTCAGGAGGCCTGGAAGCGCAACGAGGCCTTCGAGGAGGGCTACTTCGAGATCCTCATGGCCGCCCACCGCGCCGAGAGCCAGCGCATCGCGGACCTGGTGCTGCGCTGCAACGAGCCCAAGCTCCTCACCCAGGAGGTGGTGGACTCAATGGACGAGCTTGAGGACCTGGCCTTCCTGCACTGGGAGGGCGCTCCCGCCAAGGTCCTCGAGCCCACCGACATCGCCGCCCTGCGGATCCCCCGCGGCAGCCTCTCCAAGGCCGAGCGGGACGAGATCAACAGCCACGTGGACAAGACCTACCGTTTCCTCAAGCAGATCCCCTGGACCGGCACCCTGGCCGACGTGCCCGGCATCGCCTACGCCCACCACGAGAGGCTCAACGGCATGGGCTACCCCCGCGCCCTGAAGTCCGAGGCCATCCCGCCGCAATCCAAGCTCATGGCCATCTGCGACGTGTACGACGCCCTGGTGGCGGCGGACCGCCCCTACAAGGTGGCCGTCACCGTGCCCCGGAGCCTGGAGATCCTCGAGGACGAGGCCAAGGCCGGGCTCCTGGACGGGGACGCCCTGGGCATCTTCCTGGAGGCCCGGATCTTCGACCTGACCATGACGCAGATCAAGGCCGAGCCGGAGCGGGCATGATCCGCGAACCGATCCTTCTGGTGGACGACGAGGAGGATCTCAGGACCTTCCTGAAGGATGCCCTCACCCACGACGGCTACCTGGTGGACGACGCCCCCGACGCCAACACGGCCCTGGCGATCCTCGCCCGCAGGCACTACCCCGTGGTGCTCACGGACCTCAACATGCCCGGCGGCCCCACGGGCTTCGACCTCATCTCGGCGGTGCACGCCCGGGACCCCCGCACCCTCTGCGTGGTCATCACCGGCTACGCCTCCCTGGAGACCGCCATCCGGGCCGTGAAGTTCGGAGCCTACGACTTCGTGCAGAAGCCCTTCCGCCTGGCCGAGATCGAGGCGGTGCTGGACCGCGCCCTGGACCACGCCGTGGTGGTGGGCCAGCTCCAGGACTACCAGCGGGACCTGGAGGGCCGCGTCCTGGCGCGGGTGCGGGAGAACCGGGAACTCGTCGAGGAGATGGAGCGGCTCAACGCGCTGCTGCTGGCCTCCCAGGCCGAGGCCTCCGAGGCCCCCATCCTCCGGGCCTTCCTGGACCACCTCCAGCAACGCTGGCACACGGGCGGCCACATGGCCCTCCTGCCCGCCCCCGACGACGCCTGGGAGCTGGTGGCCGAAGGCGGTCCCCGCGGACCCCGCACCCACGGCCTGCCTCCCCCCTCGAAGCTGGACGAGGGGCGGGAGTGGGCCTGGGAGGGCGGCTACCCCGATGGCCACCTGATCCCCCTGCGGGCCAACGGCATCCTGCTGGGCGCGCTCTTCATCGGCTTCGAGGAGCGGAGCTCCTTCCACCCCGAGGCCCCGGCCTTCCTGCTCTGGCGGCGCCAGCTCGAGGCCGCGCTCCACGGCCTCCGCCGCGCCCGCGCCCTGGTGGACGCGGCCCGGGTGCGCTGAGGTGGACCGGTCCCCCGCCCACCGCCTGCTCTGGACCGGTTTCACGGGCCTGGACGCCGTCCAGGTCCAGCCCGGGTTCCAGCCCGGGGGCATCGTGCTCTTCGCCCGCAACCTCGACCCGCACCCCGTGGCGGGCCCCGCCCGCTGCCACGCCCTGATCGGGGCCCTCCAGGAGCGCTGGGGACCCCTGGCGGTGGCCGTGGACCAGGAGGGCGGCGCCGTGAGCCGCCTGCGCGAATGGGTGGGCCTCACGCCCGGCCTGCGCGCGGTCTTCGAGGCGGGAGGCCCCGAAGGCTGCCGCCGGTGGGGGGGCCTGTGGGGCCGGGGCCTGCGGATGCTGGGCTTCAACGTGGACTTCGCGCCGGTGGCCGACCTCTACGACCCGGCGCCGGATTCGGCCCTGGGCGGGCGCTGCGCCAGCCCCGACCCGCAGGAGACCATCGCCGCCGCCGGCGCCTTCCTGGAAGGCCTCGAAGCCGAAGGCGTAAGGGGCTGCCTCAAGCACTTCCCCGGCCTGGGCGGCACCCGCCTGGACAGCCACGTGGGCCTGCCCGAAACCAGCGACCCCGCCCGGCTGGAAGCCAACCTGGCGCCCTTCCGGGCCCTGGCCCACGCCGACCGCCTGGTGATGGTGGCCCACCTCAAGGTGCCCCAGAGCCAGGGCCTCCCCGCGAGCCTCTCCGCGCGCTGCGTGGCCGGCAATCCCTGGGGCGTGAAGGCCCGGTGGATCCCCGACGACCTGCAGATGGGCGGTGCCGACGGGTGGAGCTGGGAGGACAAGGTGCGCCACTGCCTCCTGGCGGGCCACGAGGCCCTCCTGGTGTGCCAGACGCCCGAAGCCTCCCTGGCCTGCGCCGAAGCCGCGGCCCGCATGCCCGAGGCCCTCTGGGCCCCCGCCGCGGCCCGGTTCCGCAGCCTGCGCCGGCTCCTGCACTGCCACGCCGGCCCCTTCCAACCCGCCCTTTGGAAGGCCTGGCTGGAGGAGGTCCGGGAGGAAACTGATGTATAAATTAGCAATAAGACTATCCAGCCCGAAGCCAACGCAAGTATCCTAAGCCCGAAGGAGCACCCATGGAACGCGCCTACTATCCGCCCATCGTCATCGAGGAAACCCCCCGGGGCGAGCGGAGCTACGACATCTACTCCCGCCTGCTCAAGGACAACATCATCTTCCTCGGCACCGCCATCGACGATTCCGTCGCCAACGCGGTGGTGGCCCAGATGCTCTTCCTGGAGAGCGAGGACCCGGACAAGGACATCCAGATCTACATCAACAGCCCCGGCGGCAGCGTCACCGCCGGCCTGGCCATCTACGACACCATGCAGTTCGTGAAGAACGACATCGTCACCTACTGCATCGGCCAGGCCGCCTCCATGGGCGCCCACCTGCTGGCCGCCGGCACCAAGGGCAAGCGCTTCGCCCTGCCCAGCGCCCGCATCATGATCCACCAGCCCTCCGGCGGCGCCCAGGGCCAGGCGTCGGACATCGAGATCACCTTCAAGGAGATCCAGCGCCTGAAGGACAACCTCGCCGCCGCCCTGGCCAAGCACACGGGCCAGAACCTCAAGAAAGTCATGAAGGACATGGATCGTGACTATTTCATGAGTGCGGACGAGGCCCAGGATTATGGGCTCATCGACCGCGTCCTGTCCGAACGCCCGGCCTGAAAATCTTCCGGGTTGTGACGCATTACGCCGTTGCGTAGAGGCATGGTAGT
CP132910.1_gap47	1825298	1828557	3259	GGATTCCCCCACGCGCCTGCCCATCAACGCGGGAGCCGCCCTCAGTGGCGCCTGTGGAGCCCCACGATCCACTGGACCACCTCCTCCAGGCTCATTCCCCCGGAGTCCAGCTCCACCGCGTCCCCGGCCTTCCTGAGGGGAGCGACGGCCCGGGTGGAGTCCGCCAGGTCCCGGCGCTGGATGTCCGCCGCCACCTCCGCCAGGGGCTGGGGCGTCCCCTTGGCCTCCAGCTCCAGCGCCCGGCGGCGGGCCCGCACCTCCACGCTGGCCGTGAGGAACACCTTGCAGCACGCGTCCGGGAACACCACCGTCCCGATGTCCCGCCCGTCCACCACCCAGCCCCCCGAGCCCGCGATGGCCCGCTGCTGGTCCACCAGCACCTCCCGCACCCGTCCGTCCGCGGACACCGGCGTGACCATGCGGCTCACCTCCGGCGAGCGGATCGCGTCGCTGACGTCCTCGTCCCCCAGGAACTCCCGGGTTCCCCGCTGCTGGATGCGAAGCCCCGCCAGGGCCCGCTCCAGCCCCTCCCGGTCCTCCAGCCCCACCCCCGCGCGCCGCAGCGCCAGGGCCGTGGCCCGGTACATGGCCCCGGTATCCAGGTACTGCCACCCCAGGGCCTGGGCCACGGCCTTGGCCGTGGTGGACTTGCCGACCCCTGAGGGGCCGTCGAGGGCGATGACGGGGAGCTTGGCCATGGAGTCCTTCCGGGTGAGTCAAGATGTCCAGTTTGACTCACTTCCCGGGGTTTGGCTCGGGGGCGTTGTTGCCGGCCCCGCTCCGGTCCAACCCTTGGGCGACCTGAAGTCCCAGATACGTCACGAATGGTTCGAAATCCCTGTCGCGGTGCCTGGAGCGGATCCGGGTGCGAACTCTGGCATGTTGCCCAACCCATGGAAGAGCAAAATCCGCATAGGAACGCGGATTATCAAACAGGCAGTCTTTATCCTGCCTTTTCCCTAAAATCCAATTTATCCCTGTTCCGGCAGGGCCAGCGCCAGGATGGGTCGGCGTTGACATGCAACGTGACTCGACCCATGCCATCGCTGGCCCTACTGGAACGGGGCTGAATAGGATGGCCAGGAAAAACAAGGATCAAAAGGAGCAAAAGCCATTGCCTTGTCTGATATTTAAGGACACAGTAGTGCTAGTTCAAACGTATCCCATCAGCCGGGTATCCAACGCTGATGATAATTGGGTTAATGCAATTTTTGCTTTTCCTCGGCGATCCTCGGTTTCCTCGGCGCCTCGGCGTTAAAATTTTCCTAGGTTATGCCGACGCAAAGATTACTCGCGCCGCGGCAACCGGCAAAAAACCTAACGCCGAGGCGCCGAGGGGACCGAGGATCGCCGAGGAAAAGCCCAAAATCCTTTTGCAGATCAGCACTTTCGGATGGACGGGGGTGGCTGAGGGGATACGTTCAAACATTCAGGGGACCCATCCCTGGAGCGCTAGAGAGCATGGGTCTCACCGACCAATATAGGTGTATAAAAATCGAATCAAGACCCGTGCCCCCTAAAAATTCCGGCCGCCCAGGGCATGGGCGGCCGGAACTTCTGAAGGGTGCCTCCCCCTTCCATTACCCGCCTACTCGATGACGCAGAGCACCTGCCGCATCTCCACGTTGTCGCCCTGCTTGACGTTCATCTGGCGGATGACGCCGGCGGCTTTGGCCTGGAGCTCGTTCTGCATCTTCATGGCCTCCAGGACGAGGATGACCTCGCCGGCCTCCACCCGGTCCCCTTCCTTCTTGAGGATCTTGATGATGAGGCCGGGCATGATGGCCACCAGGGCCCCGGCTTCGGCGGCGGCGTTGGAGCTGGCGGCGCGCCGTCCCCGGGCCTGGGGGGGTTCCTCCAGGCCCTCGGCGGAGACCGTGTAGGAGATGCCGTCCACCTCGGCCACCCCGGCGCCGAGCTTGACGGTGTGGGGGGTGCCGGCGATGAGTATCTGGTTCTCCTTGGTGGCCAGGGAAAATTCCACGCCGTTGACCACCATGAGTCCTTCGCGGCGCTCCACGTCGTAGGCGTTGCCTTCCAGGGTCAGCTTGAATTTGGTCGGCATCGGATCACCATCCCCTCTGAGCGCCGGTCCTGCCGGCCATCTTCCACATGGAGCCGGCCCGCACGGGCCCGGCGGCGGGCTTGGCGGCCTTGGCGTCGGTCTGCGCGAACAGCGCGGCGGCGATGGCCGCGGCCACCTCCTCCTTGCCGCCCAGGCCCTGGCGGCGGCGCGCCAGGAAGGGCTTGGCGATCTGGGGGAAGAGGGCGTAGGAGCAGATGTCCTCGTCGCTCTCCGCCAGGTCCCCGATCTCCTTCTTCGCCGCCTCCCAGCCGGGCTCGAGCAGCTCCGCGGGCCGGCAGGTGATGGGCTTCTCGCTGCCGATGGCCAGCTTCTGGATGTCGGGGTCCATGGGCGCGGGGGGCTTGCCGTAGCAGCCGCGGAAGTACTGCTTCACCTCCTCGGGGATCACCTTGTAGCGCTCGCCCAGGACCACGTTGAGGGTGGCCTGGGTGCCCACGATCTGGCTGGAGGGGGTCACCAGGGGCGGATAGCCCATCTCCTTGCGCACCTTGGGGATCTCGTCCAGGACCTCGTAGTACTTGTCCATGGCGCCCTGGGAGCGGAGCTGGCCCACCAGGTTGCTGAGCATGCCGCCCGGCACCTGGAACTGCAGGACGTTGACGTCCACCGCGGCCACGCCGGCCTCGAAGCTCGCGTACTTCTTGCGGATCTTCTCCATGCGGCGGGAGATGTCGGCGAGCCTGGCCAGGTCCAGCCCCGTGTCCCGCGGCTGGCCCTTGAGGGCGGCGACGATGGTCTCCGTGGGGGGCTGGGAGGTGGACATGGACATCGACGAGATGGCGGTGTCCACCACGTCCACGCCGGCTTCCGCCGCCTTGATGAGCGCGGCCGTGCCGAAGCCGGAGGTGTAGTGGGTGTGCAGCTGCACCGGAAGGCCCACCTCCTCCTTGAGCGCCTTGACGAGGTCATAGGCGATGTAGGGGGTGATCAGGCCGGCCATGTCCTTGAGGGCGATGGAATCGGCGCCCATGGACTTGAGGTCCCGGCCCATCTGCACGAAGGCCTTGTCCGTGTGGAAGGGGCTGATGGTGTATGAGATGGTCCCCTGCACGTGGCCCCCGGCGGCCTTGGCGAACCGCATGGCGGGTTCCATGTTGCGCAGGTCGTTCAGGGCGTCGAAGATGCGGAAGACGTCGATGCCGTTCTTCCTCGCCAGCCGGATGAAGTGCTCGA
CP132910.1_gap48	2006365	2009008	2643	CCAGGAACTTGCCGCCCTTGAGGGTGTCCTCCCGCATGAGTTCGACGCTGTCCTTGATCCCCTTGCGGGCCTGGGCCTTCGTGCCGGCGGCGTTCATGCCGCCCTCGGCCAGCATGGAGTTGCCGCCGGTGAGGGGCTGCTTCTCCAGGACGATGACCCGGGCCCCGGCGTCGTGGGCGGTGATGGCCGCCACCATGCCCGCTGCGCCGCTGCCCACCACCACGACGTCCGCGCGGTCCACGCGCCTGTCCCTGCGGGCCGGATCGGGCCGGGGCTTCCAGGCCGCGTCGGTCCCGCCGGGCATCTTCATGTCGAAATCGTGGCAGCTCAGGCAGTAGGACCGGGAGGCCTCGTGGCCCCGGTGGCAGATGGTGCAGCTGGTCGCGCCCAGGTGGGAGGCGTGGGGGTTGAGGGGATCGGCGGCGCCCTTGGCCATGGCCTTGAGGTCGCCGTGGCAGCGCACGCAGGCGAGGTTCGGGGCCTGCTCGTTGTCGTCCACCCGCGCCTTGCCCTTGCCGTGGCAGTCCGCGCAGGCCACGCCCTTGTCCGCGTGGAGCCGGGCCAGGGGGGCCGGCGCCGCCAGGGCCGCCGCGGCCACGGCCATGCCGGCCAGGAATTTCCGGATCTCTCGGTGCATGCTGCCTCCAACCCTTAAATCGATATTTTTTTATCGATCTCAACCCCATGATTGCGGGGCGCCCCTCCGGGTGGAAGCTATTGAAAGTATTTTCAAGTTTTATAACTAAAGAAAGGGGCGGACGGCCTCTCCGCCCCCGGCCTGCAGCTGGTAGAGGTGCAGGGGCCGCCCGATGGCGCCGTAGGCCGAGCCCCGGCGCAGCACCTGGATCGTGCAGAGGAACTCCAGGTACTTCCGCACGGAGACCCGGCTGAGCCCCACCCGCCGGGCCAGGTCCTCGCACGTGAAGCTCCGCTCCCCCTGCGCAAGGGGCCCCAGGGCCTCCCACACGCTGCCGAGGGTTCCGCGGTCCAGGCCCTTGGGCAGGTCCGGGGCCGCCGCGGACCGCGCGAAGACCCGGTCCAGCTCGTCCTGGCTGGCGGGGCGGTCCAGGCTCATCATCCGGTGCGTCTGGGCGTAGTGCTCCAGGGCCTGCCGCATGCGCTCGAACTCGAAGGGCTTGATGAGGTAGTCCATGGCCCCCAGTTTCAGGGCCCGGGAGATGGTGCGGGTGTCCCTCGCGGCCGTGACGAAGATGACGTCCACCGCCAGGTCCGAGGCCCGGATGGCGGCCAGCAGGTCCAGCCCGTCCGGGCCCGGCATGCCGATGTCCAGGAGCACCAGGTCGATCCGGCGGGTCCGCAGCGCCTCCAGGGCGGCCGCGCCGTCCCGGGCGCTGGCCGCGGTGCGGAAGCCCGGCACCCGGTCCACGTAGAGGCGGTTGACCTCGGCCACCATGGGATCGTCCTCGACCAGCAGCACCTGGATCATGGCTGAACCTCCTCGGGGAAGGGGATCACGGCCCGGAAACGGGCGCCGCCCCCTTCGCGGCCGGACGCGGCGAGGGTGCCCCCGAGGGCCTCCACCCGCTGGCGGACATGGTGCAGGCCGTAGCCCCGGTCGGCGCCCTTGGTGGAGAAGCCCTTGGCGAACACGGGCCCCGGGGGCAGCCCCGGTCCGCGGTCCTCCACCTGGATGGCCAGGCTGCCCTCCTCCGACCGCAGGGAGACGTCGATGTCGCCTCCCGCGCCCATGGCCTCCACCGCGTTCTCCAGGAAATTGCCCAGGATCGTGATGACGTCGTGGACGCTAGCGGGCGCCCCCGGCGACGGCACGCTGGAGTCCGGCGACAGGACCACCCGCAGGCCCTTCTCCCGGGCCGAGGCGGTCCGGGCCAGGAGGAAGCCCGCGATCACCGGGTCCTTCACGGCCCTCACGACGCCGCCCACGTCGCCGTCCGCGGTACGGGCGAGGTCCGCGAGGTAGTCCGCGAGGCGCTCCATCTCCCCCAGGCGCGCCAGCCCCAGGATCACGTGGAGCCTGTTCATGAACTCGTGGGTCTGGCCCCGCAGCGCGTCGGCGTAGAGCTTCACGCCCGCCAGTTGCTCCTGGAGGGCGGCGGCGATCTCCACCGGCTCCATGCCCAGGAGGTTGCGCTTGATGCGGGAGGCCACCGCGAACGCCCCCAGGACCCCCGTGGCCAGGCCCAGGAGCAGGCCTCCCAGGACCATCCGGCGCACCACCAGGAGGTGGTGGTCGATGCCGGTCATGAGCACGCCCACCGCCACCGCCCCTACCTGCCCACCGTCCCGGCCGTAGACCGGCATGAACACCCGCAGGGCCGTCCCCAGGGTGCCCCGGGCCACCGAGGTGTAGGTGCGGCCCAGGAACACCTCCCGGTCGTCCCCGCCCTGGAAGCGGTCCCCGATGAGGGAAGGGTTGGGGTGGGTGATGCGCTTGCCGGCCAGGTCCAGGACCACCACGTAGTCCACGCCCGAGGCCAGGCGCAGCCGCTCCGCCGAGGCCTGGGCCCCGGAACGCCTCCCGGACAGGGTCTCCACCACCTCCTCGTCCCGGGCCGCCAGGCTCGCCACCACCGCGGCCTTGTCCGCCAGCAGGGCACGGGTGTGCCGCTCCATCTGCCAGCTCACCAGGAGCCCGGTGACCAGGAGGGCCGGGACGAGGGT
CP132910.1_gap49	2173497	2174142	645	TCCTCGCCGGGGCACGCTTGTACCAGGAGGCAGCCACCCTCCTGTCCGCCGGGGCGGACGGAGCCGCCAATGCGCCTGCCATCCGGGGCCGGGCCTCCGTGCTGGCCAGGACCCGCATCTTCGACGTCCGCAAGCTGGATCCCGCCGATCCCGCCACGCCGGTGTGGCGCCTGTTGCAGACCGCGGTTGACTCCGCCGCCACGGACGCCGACCTCTTAAAGCTCTTCACGCCGGCCCTCCGGGCCAGCGTGGGCAAGGAAGGGGGCGTGAAGGACCTTCGCAAGGGCCTGGGATTCAACACCATGAAGCGCAACGGGACAGGCGTCGCCCCCGCGGTCACGCTGGACGTGATCCACGCCCTGAGCCAGGTTGTGGTAACCGGAGACCCCGCGTCCGCCTTCAAGGTCTCCCTGAAGACTCCTGGAGCGGAAGATTCCAACGCACTCTCCTGGTTCGTGGTCCAGGAAAAGGGCCAGTTCCTCCTGGCGGCCACCGACAGCATCCTATCCACCCTCGGGATCGAGGCCATCCGGCGCCTGGACAAGGGCGATGAGGCCGGGGCCCGGGCCATGCTGGACCATGCCCTGGATGAGGTGAGGCCGGGAAGCAAGGACGACCCCCTGTCCGGCCACCCCTTCCGCCTGT
CP132910.1_gap50	2185162	2187771	2609	CCCAGGCCTCCCGCCGCTGCGCCCCCGCGCCCGGGTCGGGCCGGAAGGTCTCCACATCGAAGCCGTTGGGCACGACCCCCATGCGCGGTGCCCGCATTCCGAACTGCGCGTGGTTGCGAAGTCCGGCCTCGGAGTTGAAGATGACCAGATCCGTGAAGGGCGAGAGGTAGACCATGACCTCCTGGAGGATACGGGAGATCCGGTCCATCTTGGACAGGTCGGCGCTGGTTCGGCGGATGCCCCAGACGACCCGCTTCCGGGAAAGGCTCCCAATGAGCAGGACGGGCAGATTCCCTTCCATGTATCCGTGGAGGATATGGGGGTCGAACCGCTGTACCAGCCGATGGAGGCGAAGCAGGGAGGACCCGTAGCCCAGGGGGCCCCTCCGCTTGTGCAGGCTTAGCAGGGTGACCCCGGGGATTGCGCTCATCTCCCGGTAGAACCCGGCTTTCGACTCGTCCGTTTGATCGTACGTCACCACCACCTGGACTTCGAAATGGTCCCGGTCGAGTGAGCGAACCAGCTCCAGGAGCTGCCTTTCGGCTCCCCCGGGGTTCAACGAATTGATGAGGAAAAGCAGCCGGGGCCGTTCCCGACTCATGTGCTTCGCCTGGATTTGAAGATAAGGCGCCTCAACCGGCCCATCGCCGGCAGGACACGATGGTTCCAGATCAGGTCCTGCATCGCGATGAAACGGTCACCGAAGGTGAGCGGCCGGTCCCGGTAGAGCTTGGTGAGCGTGGCCACATCGGTCATTCGGGGCGCATAGGTGGCAAGGTCCCTCTTGAATACGGCCATGTACTCGGGCGACCACCGGTTGTGGTGGTTGCAGACCGTCCAGACCCCCGAAGACTTCGCACTGAACCGCCAAAGCTGCTGGGGCACCCAGAAGATCGAGTCCGCGTCCGTGTGGGGCCAGGGCCAGAGGCCGTCGCAGACGACCTTCAACCCGAGTTCCACGAGGATCTTGAGGGTGGTCGCATCAAAGGAGTGGGAGGGCGCCACGAACGCGTCGGCCACCACGCCTTGTTCCGAGAAGATGGCCAGCCCCCTGACAAGCTTTTCCTTCTGGACCTCGTAGGGTAGGCCGGTGAATTCACTGTTGGGCGTCAGCCTCATCAGGCCCTTGTTGTGGTTGACGTACACATGCTGGAAGCCGTGGATGGCGATCGTGAAGCCCATCGACTGCCACTTCCGGACCCGATCCCAGAAGTCGGGGGCGGGGGGGTCGGTCATGAGCGAGGGGTCCCGGTTGTCGGGAACGACAGCGAGGATGGGGCGCACGTTGTGTTTCACAAGCTCTTGCTCGATCAATTCCCAGTTCGCCCAGTTCATGGTTGGGCAGATGTCATCGAAACGAAGCAGATACTGATTTTCAGGCATGAACTCGAGCTCCTTCAACGCATGCGTGAGGCCTGACGGACGCGTTCGGGCTGCCCATCAGGCCGAGCCGCCTCTCCTCGTCGATTGCCACGGTGACAAAAGAACATGATCGAAAACCCTTGAACTGAGTCTGACAGGGAGGGCGGTTCATGACGCACTCCTAATACCGCGGGCCCGAATCGCAGCCTGGATGGCTGACTCCCACATCTCCATCACCCTGTCCTCGCTGAACCGCTCCAGCACATCCCTGGCAGCGGCGCCCATCCGGGTCCGCTCCTCGGGGGAGGCCATGAGCCTCGCCATGGACCGGGAGAAGGCCGGCACATCCTGGGGCGGCACCAGCAGGCCATTCGAGCCATCCCGGATCAATTCCGAAGGGCCGCTCTCGCAGTCGAAACTCACGACGGGAAGGCCGCATGCCATCGCCTCCGCCAGGGCGTTGGGAAAGCCCTCCGTCCGCGAGGGGAATACGAACAGATCGGCGGCCCGCAGGCAGCCACCGACCTGTTCCGTCGCACCTTTCAGCAGGATCCGGTCCCCCAGTCCGTACGACTGGATCTCCCCTTCCAAGGCCCTGCGCTCCGGACCCTCCCCATAGATCGCCAGGTCCCAGTCCGGGAAGTCGCCCGCGATCGCAGCGAAGGCCTGGATGAGCATGTCATGGCCCTTGACCTTGCTGAGCCGGCCAAGGGTGATCGCGACCCGCCTCGGCCCCCGCGGTCCAGGCTCCGGATCCGCCGGAGGCAGCACCACCGGGTTGGGGATCACCCTGCCTTTGGACCTCACGGCACGGGAGAAGAAATTCAGCGCGTGGGTCGTCTGGACCACGACGCAGTCGGCCCAGGGGTAGGCCAGACGGCGCAAGCCATTCCATGCACGTCCGATGGATCGTCCACTTGGGTCCGTGCGCTCTGAGACGATGACAGGCAGGCCGGACATCCCCCGCGAAGCGAGCAGGCTTAGGACATTGTTGCGGTCCAGGAAGGACACCAGGATGTCCGGCCGGATGGCCTTCAAGGCCCTCCGGAGGCGGATCAACCGCCAGATATTCGACCAGGATGCGTCCAGGATATTGCTGGAATCGGATCGAAGGCCAAGCGGCAGGTGCGCAACCCGGGGATCGAGTTCGTAGAAGGGGGGATGCTCGCCCGAATCGGAGGTCAGGATCGTCACCCGCCTTCCCTGCTCCGACCAGGCCCGGGCCAGATTCACCGCGACCCTGGCCG
CP132910.1_gap51	2188800	2193691	4891	TCGTGCCCAGCCTGACCTTCTGCGCGACGGCGAACGTCTGCGAGCACGTGGGCGCCAAACCGGTCCTGGTGGATGTCCTGCCCGGAACCCTCTGCATCGATCCCCAGGCCGCGGCCCGGGCCATCACCCCCCGCACCCGGGCCATCATGCCCGTGCACTACGCAGGGCACCCCGCCCAGCTGGACGAGCTGTTCGCACTGGCGGACCTTCACGGGCTCCAGATCCTGGAGGACGCGGCCCATGCGCTCCCCGCCAGCTACAAGGGGAGACGGGTGGGCTCCCGGGGCAACCTGGCCTCCTTCAGTTTCTACGCCACCAAGAACCTCACCACGGCCGAGGGCGGGTGCCTCACCGGCGCCGAGGAGCTGATGGGCAGGGCCCGCATGATCGGCCACCACGGCATGGACAAGGAGGCCTGGAAGCGCTTCGACCGGTCCGGATCCTGGTACTACGAGGTCCTGATGCCGGGTTTCAAGTACAACATGACCGATATCCAGGCGGCCCTCGGCCTGGCCCAGCTCGCGCGCCTGGAAGGGTTCCAGGCCCGCCGCCGCCAGGTTTGGAACGCCTACAATGCCAGGCTCGGCAAGCTGGAGGAGCTGCAACTCCCCGTGGAGGACGCGGACGTGGAGTCCAGCCTGCACCTCTATGTGCTCCGCTTGCGCCCGGAAAAGCTAACCATCGAACGCAACGCGTTCATCGAGGAATTGAAGGCCCGCCAGATCGGCACGTCGGTCCATTACCTCCCGGTGCACATGCAACCCTTCTACCGGGACAAGTACCATTACCGTCCCGAGGACTGCCCCGTGGCCTTCGACGCGTTCTCCAGGATGCTCTCCCTGCCCCTGCACCCGGGCCTCACGGATCAGGATGTTGATGATGTCTGCTCCGCCATCGAAGAGATCGTCGCGACCCACCTGCGCTGACCATGATCCGGCTCTTCGACTTCTTCTCCTCCCTGCTCGGTCTGGTTGTCCTTTCGCCTTTTCTCCTGCTGGTCGGGCTGCTCGTCAAGCTGGAGGACGGCGGGGCCGTCTTCTATCGCCAGGTGCGGGTGGGCCGGCATGGCAGGCCATTCCGGATATTGAAGTTCCGGACCATGGCCGTGGACGCCGACCGCAAGGGGCCGCTCCTCACCGTGGGCCGGGACGTGCGCATCACGCGGCTGGGGGCCATGCTGCGCGCCTGGAAGATCGACGAGCTGCCCCAGCTGGTGAACGTCCTCACCGGGGACATGGGCCTGGTCGGACCGCGGCCCGAAGTCCCCAGGTACGTCTCGATCTATTCCAAGGACCAGGCCCGGGTGCTTGAGCTGAGGCCAGGGATCACGGACGCCGCGTCCATCGCCTACCGCTACGAGAACGACCTCCTCCGGGACTGTGAGGATCCGGAAACGTTCTACAAGGAGAATATCCTTCCCAACAAGATCCGCATCAACCTGGAGTACGCGGCGCAGGCCACCTTCAGCTCCAATATCAAGGTCATCCTGGCCACCCTGGGGCTCCTCCCTCCCCCCGTGAAGCCCATCCGGCCCGGTGAACGCCGCGCGTTCGACCGAACCACGCTGGAACGGCCGGTTCTGGTAACCCATCCAGGAGCAGCTTCGGCCGTTTTGCAGGCCCACAATATCAGCAGGGGGGGGATGCTGGTGGAACCCCATCCGGGGTTGCCCGAGGGCAGCCCCTGCACCCTGGCCCTGCCCGAGGAGGGGGCAACGGATCCGGGGCTCATTGCGGAAGGCGTCGTCACCAGGAACAATGGACAAGGAACGGCGGTCCGTTTTGCCGGGCCACTGGGTGGCGAGGCTCTCAAGAGCCTGGACCCCCCGCAATGAACGGCCCGGCGGATGCCTGTCGCATGACTTCGGAGGAGGCCTGGATGTCAGGGTTCGCGGAGAGCACCGGAGCTGGAGACGAGGGAGCGGGTGGGTCGTCCTGGCGGATCCGCGCCCTTTCCATCCTGGTGATGATGGTCCTGGCCGGCATGCTGCCCTTCCTCTCCCACTACCTGCGGGTATCGACCTGGCTTCTCTGGGGCCTGATGATCCTGATCATCGCCTCCTTCGGGAGCAGGCTTTCCCTGGGGCGCCTGATGTGGCCGCTGGCCGCCTACCTCTGCTGGCTCTGCTTCTACTTCGCCTGGGGAAGCATCGTGGCCGGCCGCTTGGACACCTACTTCATCATCAAGACCCTGGGCATCACGGCGCTCCTCGGGGCCACCATGGCGATCCTCTCCGCGAGTCCCCGGAACCTGCGGACCTTCGCCACCACGATCCAGTTCGCCGTCATCATCAATATCCTGGTGCTCCTCCTGTCCAGCCTGAGCTCGCAGGTGGATGCGGTGGTACGGACCGTCACCATGCGCTCGGCCGCGATGGAAGGCGGCTTCCAGCGCTATGGCGGCCTCTGGGGCAACCCGAACCTGGGCGCCTACATCTGCCTGGTGGTCCTGATCTTCTCGGCCTTCGCCGTCCCCTGGGCAGGCCTGCTGGGCCGATTGAGCTGCCTGCCCATCTTCTACCTGTCGGCCAGCCGCAAGGGAGCCATCCTCCTCGTTGTCATCACCCTCCTCTACATGGCCATCGTCCACCGGAGGAACGTCAAGGCCTGGATGGTGGCCCTTGCGCTGATCCTCGCCGGGGTCCTGGCCTTCACCTTCGGCGGCGCCCTCCGCAAGGAGTCCAGGTCCTCGTCCCCGAACGCCTATTTCGCCCGGATGATGGACGTCAAGGAGAGCAACACGGCGGAACGCGGCGAGGCCACCCGGATCGACCTGTTCAATGACTGGATGGCCGTCGTGGCCGTGGAACCCTGGTACGGGTACGGCCTCAATGCCATGATCGGAACCCAGTTCGACGAGGAGCATCCGACGGTCATGACCCAGAAGGGACTCGTGGACAACGGGACCCACAACACCTACCTGGGCGTATGGGTGGATGTGGGGCCCTTCGGGTTCTGCCTCTTCATGCTGATGATCGCCTACTACCTGCGGAAATGCCTCACCGCCCCGGCGACGCCCAGGGTCCGGTGGGTGCTCGTCTCCTTCGCCCTGGTCAACCTGGTTTTCCTGTTCGTCAGCCACTCGCAGCTCACCTCCTTTGAGGGCGAGATCATCTACACCCTGCTCTTCCTGCTGCCCACCAGCCCGGCTGTGCGGGCGCAAATGCGCTTGCCGGGGCCCGATTCCGCGTCCCAGGGCCGACTCCACTTTCTGCCTCAGTCCTAGGAGGGCCCCATGAACGTCGGTCTATGCAACCTCATGAAACCGGATTGGCAGGCGGAATTCGCCAAGGCCTGCTCGGCCCTGGGACTCGGGGTCAGGCCGATCAGGATTGGCGCGGACGACTGGATGGACCAGGTCAAGGGGTTGGACCTGTTCGTCTGGCGCCTGGTCATGGGCGAGACCAGCGGCATGGCCGAGGCCCGGACGAAGATCCCCATGCTCGAATCCATGGGCATCCCGTGCTTCCCCAATTCCCGGATGCTGTGGCTCTACGACGACAAGATCCGCGAGACCTTCTTTCTCCGCCAGCATGGATACCCCACCCCCCGCACCTGGGTCTTCTTCGGCGAGGAGGAGGCCCGGAGCTTCGTGGCCCAGGCTGCCTACCCCCTGGTGGCCAAGTCCCACTGCGGCGCCTCGGCCGGGGGCGTCCAGCTCATCGCCGCCCCCCGGGACGCCGAGCGTCTCCTGGACCGGGTCTTCCGGAAGCCGGGGATCTGGGGCGATATCGTCGAGAACTATTACATCCTCCCGCGTCTGCGCAAGGGCGACCTCATCGTCCAGCTCAAGGCCCGCTACCGGGACTCCTGGCCTCGTTACGCCTATTTCCAGGAATACATCCACATCGACCGGGACTGGCGGATCACCACGCTGGGACCCGATCTGGTGTCGGCCTTCGCCCGGAAGAACCGGCCCGGTGATTTCCGGGCGAGCGGCAGCGGCATCTGGGAGAAGGCCGAGCTCGGGGACCTGCCCGCCGATGCGTGCGATCTGGCCCTGGAGATCAGCAACTCGAATGGTTTCACCAGTATGACCTACGATTTCATGCGGAGCGGGGACCGCTGGGTCATCGGCGAGCTGTCCTATGCGTTCCTCCTCAACAACGTCTACTGCGACACGCTCTTCCGGCGGGAAAACGGAACCTACGTGAACTCCGGCCCCATCCCCATCGGGGAGATGCACCTCAGGGCGGCCCTGGGCACCCTCACGGGAGGGGCAGATGGCCGGAACCGCTGACGCCCCGGTCCAGGGGGAGGCTCCCCAGCCGGAGGAAGAGTCCATCTTCCATCGGGTGCTTTCGCGCTGGCGCCGGCTTACGACCGGTTCCGTGAACCGGCGGGTCCTGGGCGCCACCCTGGTGGTGGGATCCATGACCATCATCATCAAGGCCATCTCCCTCCTGAAGGAATCCTTCGTGGCCGCCTCCTTCGGGACGGGCGGGGACTACGACGCCTTCATCGTCGCCCTGCTGCTCCCGAGCACCATCGTGGGCATCCTTTCCGGATCCCTCAACGCGGCCCTCATTCCCACCTACATCGAAATCCGGGACAAGGAGAACAAGGAGGCCGCCCAGCGCCTCTACACGACGATCCTCCTGTGGAACACCATCCTCCTCGGGGGACTGACGCTCCTCATGGCCTGGACCGTGCGGCTCTGGCTTCCCTTCATCGCCTGGGGATTCGATCCGGCCAAGCTGGAATTGACCCGGACCATCGCCCTCTGGTCCCTTCCCCTGGTGCTCCTGACCGGGTTCGCCACGACCTGGGGAGCCATCCTCAATGCCGGGGAACGGTTCGCCCTGGTGGCCATCGCACCCGCCCTCCAGCCCCTGGCCATCATCCTCGGGCTGAGCTTCTTCTGCCGTGCCTGGGGCATCTATGCCCTCCTG
CP132910.1_gap52	2206655	2210781	4126	ATCGTGACATTCTGGACCATGCTGACCGTCAGCACCACGTAGTTGGAGGTCGTCGTCGGCATGGCCTTCAGGATGGCGCCCGGGTGGAAGCGCAGGGTCGCGTTGCTTACCGCGCGCAGTCCGGCGTTCATGGAGGCGACGGGGTCCACCAGGTAGGTCCCGGCTGGAAACACGACCGTTCCGCCCGTCCCGGCCACCGCATCGATCGCCCGCTGAATGGAGCGGGTGTCGTCCCGGACCCCGTTCCCCAGGGCGCCGTAGGCCCGATCCTTCACGTTCACGACCCGGCTGGACGAGGGCGCCGGCGGCACGCAGGGATCCTGCTCGGCGGCCAGGGCCCCCATGCTTGTCAGAAGGATCAGACCGGCGATGAAGGCCCTTCCGGGCTGGGAGGGACCGCCCTCAGGCCGGGCAAGCCACGAAATGGAAGTCATGGAGGCTCCTCGAACCGGGAATCACCGCGAACGAATTCCAAAGGGTGCCTTCACCTGGGGGTAGGGTCCGGAGGCGCGGCTCCCGCGGAATCCCCCGCGGGCTGGCCCGGGGGTGCGGTTCTCCGCGCGGAACCCCGCATGGTCATCTTCAGCAGGGCCCCCCTCTTGTTGCGGCGATATTCTTCAGGGTCATACGCAGGGTTGGCCGCGAGGGCCCATTCCGCGTACTGGTGAAGGGTCAGGAAGGGCTTGGCGGGATTTCCGGCGGCAAGCACCGAGGGGGGGATGTTCCGGGAAACCACTGAACCCGCGGCAACCACCGAATTCGGGCCGATGGTCACACCCGGCAGGATGATGGCCCGCTCCCCGATGACACAGTGGTCCTTGATGGTGATCCTGCCATATTTGATGACCTTCTGGTACCGCTCCAGGTGCCGGAAGGCGAAGGTGCCTCCATCGTGGGTGATGAAAACCACGTCAGAGGCAATGGCCACATGGTTGCCCAGGGTGATCAGGTAGGGTTCCGTGCCGAAGCTCGGCAGGCCGGAGAACCGGCAGCCTTCGCCGAAGGTGAGACCCGCCCTGCGCAGGCGCCAAAGGTGGAACCTTTTATACAGGTCCTTGAGTTGCCTAAGTAGACCCATCGTTCACACCTTTAGGTTGGCCTTTGAATCATGGAATCGGACTTGAGGGTAAATCAAGTCTAATTTTTTCCAGTCTATACCCAGGAATGGAATGGCTCCCGGGATCCTTGGCCCCTCCTGACCCGGCCTGGACGTTCCGGCCCCTCCAGGGGATTGAGGACAGGACTCTTGGGTTCGGAAACCACCCGACCCTCCGCTGAAGCCCATGCGCGCCCTCACCGGCAGATCTGCGGGAACCCCCAGGGAGACAGCGCTTTCAATTGGAAGGGCCCCGGGTTCAGGACCTGCCCGCCCCGGGACCATGGCTGCGGTTGAAAAAATGATCCGATTTTTCTTTCATCTAAAGGTATTCTCTCGATTGGACGATAGAGCGGACGTTAGGGCGGAGGAGCCCATGAACGGTATTGGCATTCAAATTCGTATCCTGGGAATCCTCGCCATTGGGGGGATCAGTTCGTACATCGCCTGCGGCGGGGCGGGGTCGCCCAACCCGGCCCTGTCGGTCACCCCCTCCAGCCTCACCCTGAACCTGGAATACCTGGACAGCAACGGCAATGACACCGTCGGGGTCTCCATCACGGCCCCGGGAACCGTCATCCCCAACCTGAATTGGAGCGTCGACAACATCCCGGGCGGCAACGAGGAGGTCGGCGTGCTCTCCGGCACGGGCGCTTCCGTCACCTACATCGCACCCACCCTGCCGGGCACCCACACCATTACCGCCACGAGCACGGCGGATGCCAAGACGACCGCCTCCGCCAACGTCCGGGTCTTCGCCCCGGCCATGAAGGTGGCCCTGAGTCCGCAAACGGCCACCCTCGCACCCGGCGCCACCGCAGCCCTCACCGCCGCGGTGACGGGAACCCGGCATACCTCCGTCAAGTGGCAGGTGGATGGGGTCCAGGGCGGGAACGCCACAACTGGAACCATCTCCGGTTCCGGGACCACGGTCACGTACTCGGCCCCCGCCTCTCCGGGCACCCACACCGTCTCGGCCATCAGTTCCGTCAATCCCTCGGTCAGCGATGATGCGGTCGTGACGGTCCAGGCCACCCCCGGCATCGTCGTGGGCCTGGTCCCGGCCTCGGCCAGCCTGGCCGTCTCCGACACCCTCACCCTCACCTCCACGGTGACCGGTTCCACCAATGCCGCCGTCACCTGGTCCGTGGACGGCACGGCGGGCGGCAGCGCCACCGCCGGGACCATCGCGGGCACCGGAAACACCGCGGTCTATACCGCCCCGGCCGCCGCGGGCATCCACACCATCACGGCCACCAGCGTCGCGGACCCCAAGAGTTCCGGGACCTCCGCGATCACGGTTCAGGCGCCCGTCTCCGTCTCCCTCACGCCCTCGTCCTCATCCGTCCCTGCCTCGGCCACCGCCTCCATCACCGCCACCGTTCTCAACGCGACGAACACGGCGGTGACGTGGTCCGTCGATGCCGTCGCGGGCGGAAACGCCACCGTGGGAACCCTCACGGGCACCGGCAACACCGTCACCTATACCGCCCCGGCGACCGCGGGATCCCACACGGTGATGGCCACGAGCGCGGCCGATCCCACCAAGAACGCCGCCACGGTGATCTCCGTGCAGGCCCCGGTGCAGGTGACCCTGAGCCCCTCCACCGCTAGCGTCAGCAGCGGGGCCACCGCCTCCATGACGGCCACCGTGACCGGATCCACCACTACCACCGTCACCTGGGCCGTTGATGGGATCGCCGGCGGCAACACGACCGTCGGAACGATTTCAGGCACCGGAAACACCGTCACCTACTCGGCTCCCACCGCCGCCGGAACCCACACCGTCACGGCCAAGAGCACGGTTGACCCCACCAAGGCGGCCACCTCCGTGGTGACCGTCAAGGCCGGAGTGGCCCTGACGTTGGCCCCCGGGGCCACCACCATGGCCACCTCCGCCACGCTCTCCTTCACCGCCACCGTGACCGGGACGACATCCACGGGTGTCACCTGGACGGTCGACTCGATCGCGGGCGGCAACGCCACGGTCGGAACCATCACCGGCACCGGGAACACCGTTACCTACACGGCTCCCGGCTCGGGGGGAACCCACACGGTCACCGCCACCAGCACGGCCGACACCACGCGGAGCGCCTCCACCCCAGTGACGGTCCAGTCCTCCGTCGTGGTCGCCTTGACCCCCGCCAGCGCCAGCGTCTCCAGCGGGGCCACGCAGCTCTTCACCTCAACGGTCACCGGAACCACCAACACCGGTGTCGTCTGGGCCGTGGACGGGATTTCGGGCGGCAACGCGACCGTGGGCACCGTTTCCGGAACGGGGGCCACCGCGACCTATACCGCTCCCGCCGCCGCCGGCACCCATACGCTCAAGGCCACCAGTTCGGCCGATCCGGCCAAGAGCTCCACCTCGTCCATCACGGTTCTCGGGCCGGTCACCGTGGTCGTGAACCCGACTTCCGCCACGGTGGCCACGGGCGCCACCGCCTCCATCACCGCCACGGCCACCGGTGGATCCACCCAGACCGTCACCTGGAAGGTGGATGGCGTTGCCGGAGGCAATTCGACGGTGGGGACCCTCACGGGGACCGGCGCCACCGTCACCTACACCGCCCCGGCCCTGGCGGGCTCCCATACCGTCACGGCGACCAGCGTCGCCAACACGGCCGTCAGCGCCTCCACCACCATCACCGTCCAGGCGCCCGTCATCACGGTCACCCTGAACCCGAGCGGATCCGCCACGATGAGCCCCTCCGGTTCCCAGTCCTTCACCGCCACGGTGGGCGGCACCACCAATTCCGGCGTCTCCTGGGACGTGGACGGGATCGCGGGCGGTTCCGCCGCCGTAGGGACCATCTCCGGCTCCGGAACGACCGTCTCCTACATCGCCCCGGCCACCACGGGCACCCACACCATAACGGCCACCAGCGCTGCGAACACCTCCGTATCGGCGAGCACGACGGTGACCGTACAGAGCTCCTCGGCGGTGACCGTCTCCCTGGCCAAGATCGGCACGTCCTATGTCAGGGCCTCGGGGGCGACCATCTTCACGGCCACCGTCTCGGGCTCAAG
CP132910.1_gap53	2269941	2271058	1117	GGACCAGGCCGCGTCGGAAATCGGGATAAGATGGACGGTCGACTCGCCCCGTGAACCCAAACCTTGGCCCTTCAAGGATTCCGCGTCTTCTTCCAAGGGAGGATCCCTGTTCCGCGCTGCACTGATCGCCCTCCTCCTGCTCCTGTGCCCCTGGCGCCTGGCGGCAGGGCCTTCCCGCAAGCCGCTGGTGGCGGGCATTTCCAAGGACTTCCCGCCCTTCGAGTTCCTGAACGGCAAGGGCGAGCCGGACGGTTATGACGTGGAAGTCCTGAAGGCCGCCGCGGCCGTCATGGACGTGCCCCTGACCTTCAAGGCCGCGCCCTGGGAGACCATCCTCCAGGACCTCGCCGCGGGCAGGGTCGACGTGGCGCCGGGAGTTCTCTGGTCCCGGGAGCGGGCCGGGTATCTCGCGTTCAGCCAGGCCCATCTGGTGGTCCACTATTCCATTTTCCAGAGGCGCGATTCCCCGCCGGTCCAGGACCTGGCCGGACTGCGGGGGCGGCGCATCCTCGTGGAGAAGGGCGGCGAGATGGCCGAATTCTTGGCCTCCCAGGGGATGGCGGACTGCGTGGAGCCCGTCGCCTCCGAGCCCGAGGCCCTTCGCCTGCTGGCATCCGGCGCCCAGGATGCCGCCATCGTCGCCCGCATCACGGGCCTGTGCCTGATCGAGGAGTTCCGCCTGACCAACCTGAAGGCCTCCGGTGGCTCCGTCCATGCCCGTGACCTCTGCTTCGCCGTTCCCCGGGGAAGGGAGGACCTGAAGGCGACCCTCGAGACGGGTCTCGCCATCGTCAACCGGACCAAGGGCTACGACGCCATCTACGGCAGGTGGTTCGGGCACCTGGATCCGGCGCCCCGGACGCGGCTGCTCCGGCTGGCGGGATGGGTCGGGCTGGGCGGGCTCGTCCTTCTCCTGGGGGCGCTGGCATGGACCGCCGCCCTGCGGCGCCAGGTGAAGGACCGCACCCGGGATCTGGCCCAGGCCAACGAGGCCATCCGGGAGAACGAGAGGCTCCTGGCCGCCATCGTGGACACCCTGCCCCTGGGTCTGTTCGCCAAGGACCCCAGGAACGGCTTTCGCTACGTGCTCTGGAACACCGAGGCCGAGGAGATCTTC
CP132910.1_gap54	2317131	2318393	1262	CCGGGCCACTTCCGCTTCCAGTGCCACGGCGAGAAGGTGCTCCACCTGGAGATCGTCCTGGGCTACCAGCACCGCGGCGTCGAGCGCGCCCTGCTCGGGGGCCCGCACCCCCTCAGCCTGAAGCACGCGGAGACCGCCGCCGGGGATTCCTCCATCGCCCACGGGTGGGCGCACTGCCGGATCCTGGAGGCCCTTTCGGGCGCCCAGGTGCCGCCCCGCTCGGACCTGGTGCGCGGCGTGGCCCTGGAACTGGAGCGGGCTGCGAACCACACCGGAGACCTGGGCGCCCTGGCCGGGGACGTCGGGTTCCAGCCCACCTCCGCCCTCTGCGGGCTGGTGCGGGGCGACTGGCTGAACCTTACCGCGGCCGTGTGCGGCAGCCGCCTGGGCCGGGACTGGCTGCGGCCCGGGGGCCTGCGCATGGACCTGGAGCCCGGCCGCGCCCGGGCCCTGGCCCCGCGCCTGGCCGGGGTGTGGGCCGAGACGCGGCAGGCCGTCCAGCTCCTGTGGGACGCCGCCTCGGCCATGAACCGCTTCGAGGCCGCCGGAGCGCTGGATCCCATCGCGGCCCGGGAGATCGGCCTCGTGGGGGTCCCCGCCCGGGCCTGCGGCCTGGACCTGGACGTGCGCCGGGACCACCCCTTCGGGCCCTACGGGCTCCGCCCCGTCGTCCCCGCCCTGGCGCAGAGCGGCAACGTCTTCTCCCGCGCCTGGGTGCGGTGGCTGGAACTGGCTGAAAGCCACCGCTTCATCGACGAGGGCCTGGCGGCCCTCGCGGAGCTCCCCTGCGATCCGGCCCCGGCCCCCCCGCCGGCCCTGGAGCCCGAGAGCTTCTGCGTGTCCCTGGTGGAGGGCTGGCGCGGCGAGGTGCTCCACCTGGCCATCACCGACGCCCGGGGCCGGTTCCGCCTCTACAAGCTCGTCGACCCCTCCTTCCACAACTGGATGGGCCTGGCCCTGGCCATGCGGGAGGGCCAGATCTCGGACTTCCCGCTGTGCAACAAGAGCTTCAACCTCTCCTATTGCGGGCATGATCTCTGAAACGGACATTGACCCCCAGGAGGCAGACCATGCTGCTCGCAGGACGCACCATCCTCGTCACCGGCGGAAGCCGGGGCATCGGCGCCGCCACCGCGCGCCGTCTCGCCGGCCACGGCGCCGCCGTCGCGGTGAACTACGCTTCCAACGAGGCAGCGGCCCGCGGCGTCGTTGAAGCCATCACGGCCGCGGGCGGCCGGGCCGTCGCCATCCAGGCCGACGCC
CP132910.1_gap55	2373697	2377454	3757	TAGCGGTTCTCGAGGCACTGGAAGCCGGTGCGTTCCAGGATCTGCCAGATGGGGCGGGGGTCGGTGAAGTAGTCGTGGTTGCCCAGGATGGCGTAGCAGCCCAGGGGGGCGGGGAAGTTGCGGAAGGCCTCCTCCACGATGCCGGCCTCCGCGGGGACGCTGTCGGTGACGTCCCCGGTGAGGAGGAGGAGCTCGGGGCGCTCGGCCTGCACGAGGGTCCGCCACCGGGCCACCAGGGGGGCCTTCACCAGGGGGCCGGCGTGGAGGTCGCTGATCTGGGCGATGCGCAGGCCGTCCATGCCGGGGGGCAGGTCGTGGAAGTAGAGCTGCAGGTGGACGATGTCCGGGTCGCCCAGGGCCTCGCGGCGGCCGGTCAGGACGCCGTAGGAGGCGAGGCCCACGCCCGCGGCCGTGGTCTGGCGGAGGAAGTTCCGCCGGCCGGGGTCCTCGGGGGGCTGGCCCGGCTGGGGCCGCCACAGGTGGCGCAGGCGCCACAGGCCTTCGGAGAGCAGCCACATGGTCAGGTTGAAGGCGCAAAGCATCTGGAAGTACAGGCCCGCCCGGGAGAACGGGCGGAGCCAGGGCAGCCAGGTGGCGTTGCCGGTGAACCGCATGGCCATGTAGAGGGCCAGGGGGATGTGGATGAGGACCAGGATGGGCGTCACCCACCGGTCATAGCCCTCCGGCAGCAGCCGGTGGATGAGTTGCCGGTGGCAGTACTGCAGGCCGATGATGAGGGTGACGAAGATCAGGACGAGCAATGGCGAGGTCCCCTGGGCTGCCTTGAGGTTGGAAGGGGCATCCTCACTTCCCGGCGGCCCGGGTCCTATCGTAGAGGGTCTCCATGCGTCCCACCAGCGCGTCGAAGGCCTTGAGGGCGGCGTCCACGGGCTGGGGCGAGGCGAGGTCCACGCCGGCGGTCTTGAGGGTATCCAGGGGGAAGCGGCTTCCGCCCGACCGCAGGAAGGCCAGGTAGCGGTCCCGGGCGGCGGGATCCTTCAGGGCGGCCTCGGAGAGTGCCATGGAGCTCACGATGCCGGTGGCGTACTGGAAGACGTAGTAGTTGTAGTAGAAGTGCGGAATGGCGCTCCACTCGGACTTGATGTAGTCCTCCACCTTCATGACGCCCTTGTCGTGGCCGTAGTAGAGGCGGGTGAGCTCCAGGTACTTCGCGTCGAGCCAGTCGGGGGTGAGGGACTGGCCCTGCTCCACCCGCTCGTGCATGGCCAGCTCGAAGTCCGCGAAGAGGGTCTGGCGGAAGAGGGTGCCGCGGATGGTCTCCAGGTAGCTGTCCAGGAGGTAGAGCTTGAGGGTGTCGTCGGCCACCGTGTCCAGCAGGTGGTGCATGAGCAGGTTCTCGTTGAACGTGCTGGCGATCTCCGCGAGGAAGATGGGGTAGTCGGCCATGGGGAAGGGCTGGGCGGCGTCCGAGAGGTAGGAGTGCATGGCGTGGCCCAGCTCGTGGGCCAGGGTGGACACTTCGTGGAAGGAGCCGTCGAAGTTCATCTTCACGAAGGGGTGCACGCCGTAGACGCCGTCGGAGTAGGCCCCGGACTGCTTGCCCTTGTTCGGGTAGATGTCGATCCAGCCGTTCGTGAAGGCCTGCTCGAGGCCCTTGCGGTAGTCGGGGCCCAGGGGGGCGGTGGCCTTGAGAACCAGGTCGCGGGCCTCCTCGAAGGTGTACTTCTTGTCCACCGACTGCACGGCGGAGGCGTACACGTCGCCGTAGTTCATGTCGGTCAGGCCCAGCATCCGCGCCCGAAGGCGCATGAGGCGGTGGAGGGGCGCGAGGTTGGCCTTCACGGAGGCCACCAGGTTCTTGTAGACGGCCGTGTCGATGGCCTCGGGGTAGAGGGCGGCGTCCAGGCAGGTGGGGTACTTCCGGATCTTCGCCTGGAAGAGGTCCTTCTTGGTGTTGGCGTCCAGGAGGGTGGCGAAGGTGTTCTGGTACTGGGCCTGTTCCTTGAAGTGGGTCTCCATGACCAGGCGCCGGTCCGCAGGGACCTTGGAGGCGCGTAGCTTGTTGTAGTTCGCGGTGTTGAGGACCACCTTCTCGCCGGTGGAGAGGGTCACGCTGGTGTGGGGCATGTCCACGTTGTTGAGCATGCCGGCGGCGCCGGAGGGCGCGTCGGAGAAGAGGCCGGCGGTGGCGGCGACCCGCTCCTCGCCCTCGGGGAGGATGTGGGCCTTCATGCGCAGGGTCTTGAGGAAGCCCACCCGGTGGGAGGCGAGGCGGGGCTCGGCCTTGATGTAGGCCTCCACCTTCTCCTGGCCCAGGGCCATGAGATCGGCGTCCATGAAGGCGAGCTTGGCGCCCAGGCCCACCAGCACGGTCTGGATCTCGCCCTTCATCTTCTGGTAGTTGGTGTCGCCCAGGTCCATGTCGCCCTGGTGGCTGGCGTAGCGGTACAGGCGGCCCCCGCGGAGGTTCACCTCGTCCAGGCGCTCCATGAAGTCGCCCATGGCCTTGGGGGCGGTGGTCCAGGCCTTGCCCAGGGGATCCAGGGCGGCGATGAGGGCCTTGACGGCGTCGAGCTCGGCGCGCCAGGCGGCGTCGCTCTTGTACATGTCCGTGGCGCGCCACTTGTACACGTCGGGCACCTTGGCGCGCTCGGTCTGGGAGAAGTCGGGTATGGGCTGTCCTGCGATCATCACGGCTCCGGCAAGCAGGGGAAGGGTACTTCGGAACATGGTGGACTCCTTGTCAGTAGGTCCAGCTCAGGGCGCATCCGGCTTCCTTGGCGACCTTTTCGGAAAGGTCGGGATCGAAGCGGACATTGAGGTCGCCGCTGGCCCTCACGCGGGCGAGGATGCCCTGGGGGCCGCGGTATTCCAGGTGCAGGGGAAGGTTGCCGTGGTAGAGGCGCAGGAGGGGCACCAGGCGGTTGGGGTACTCCCCCCTGGGCAGGCGGATCAGGGCGCCGGAGAAGCCCTTGCCCTGGAAGTCCTCCAGGGGCTCCAGGGAGGTCACGAAGAGCTTGATGGTGGTCTGCTCCTCCTCGTCCTCGTCGCCGTTGTTGCCGGTGGTCTCGATCTTCAGCTCGCCGGTGACGCGCAGGAGGGCGTCGGGCAGGGCCAGGTGCCGGTACAGGTCGAAGGGGCGGCCCCTCTTCCGGGTCACGGGGTTGTAGCTGCCGGCCATGAGCAGGGCCTCCACCTTGTCGGTGAGGTCCTCCAGGTAGAGGATCGCCCAGGGTTCGCCCTTCTGGTTCGTCTTGAACTGGACGTTGCTCACCATGACGCCGATGGCCACCTCGTCCCGGTCCCGGTGCCTGCCGGCGGCGGCGGCCTCCTTCAGGGAGGCGATGGTGCCCACGGTGTGCACCTTGATGGCGTCCTTGAACTCCTCCAGGGGGTGGCCCGACACGTAGAGGCCCAGGGACTCCCGCTCGTAGCGCAGGCGGTCCTTGCGGCTCCAGAACTCCACGTCCTCGGGCACGGCCCAGTTGTCGGCGAGGCTGGCCATCTCGGCCTCGTCGAAGAGCGATACCAGCCCCAGGTCCTGGCCCCCCTTCCCCGCGTTCTCCATGGCCGAGGGCAGGCCCTCCATGAGGGCGGCGCGGTTGGGTTCCATGGAATCGAAGGCCCCTGCCTTGATGAGGGCCTCCCACACGCGGCGGTTGGCCTTCTGGAGGTCGGTGGCCTTGAGGGCGTGGAAGAAGTCCTTGAAGCCCCCCTCCTCCGCGCGCGCGGCGAGGATGGCCTCCAGCGCGGCCTCGCCCAGGCCCTTGACCGCGGCGAAGCCGAAGCGGATCTG
CP132910.1_gap56	2379859	2382458	2599	AGAGCTTCATCATGCCGAACATGTTGCCGTGGTCGGTGACGGCCACCGAGTTCATGCCGGTCGCCCTGCATTTCTTGACGAGGTCGGGGATGCGGGTCAGGCCGTCGAGGAGGGAGTACTCGGTGTGGAGGTGGAGATGCGCGAAGGTCATAGGGGGCCATTGTCGCAAGCCTGGGGCGGGTTGGGGAAAGTTGCTGGGGTGTTGCAGTTGTGAACGAGCGGGCGCGGGGCTTGCCGCGATGAATTAATAACTCATATTGTGGCTCACGCCAGTAGCCGGAGGGTCGTGATCCATGTTGAAAAGCCTCACCTGGGGCCTGGCGGCCCTCTGCCTGGGCATGCCCTGCCGGGCCGCGGACCCCTGGTCCAAGTCCGACACCGCCTGGGAACTCTCCTACGTGGCCATGGTGGCCATGGACTGCAGCCAGAGCCGCCAGATCGAGGACGGGAACCGCTACGAGCGCAACCCCCTCCTGCCCCGCCACCCCAGCGCCAGGACCATCACCCGGCTCTGCATCCTCAACGTCGCGGCCCACGCCACGATCAGCTACGTCCTGCCCCGCCCCTGGCGGCGCCGCTTCCAGGTGGTCTCGGTGGTGGTGGAGGCCGGGGTGGTGGCGGACAACTACTACCGGGCCGGGATCAAGGTCAAGTTCTGACCAGGGCCAGGGGGATCACCTCGTCCATGCTCTTCACCAGGTGGATGACCAGCTCCCGGCGCACCTCCTCGGGGAGCTCCTCCAGGTGCCGGGCGTTCTCCGCCGGGATGATGACGGTGCGGCATCCCATTCGGTGGGCGGCCAGGAGCTTCTCCTTGAGGCCGCCGATGGGCAGGACCGCGCCCCGCAGGGTCAGTTCCCCGGTCATGGCCAGGTCGGCGCGCACGGGGATGCCCGTGAGGGCCGAGATGAGGGCCGTGGCCAGGGTGATGCCGGCGCTGGGCCCGTCCTTGGGGATGGCGCCCTCGGGCAGGTGCACGTGGAGGTCGGTCTTCTCCAGGAAGTCGGGGGCCAGGCCCAGGCTGTCGGCGCGCATGCGCACGAAGCTGAGCGCGAGGTTGGCGCTCTCCTGCATCACTTCGCCCAGCTTGCCGGTGAGCTTGAGGACGCCCTTGCCCGGAAGCCGCGCGGCCTCGATGGTAAGGAGGTCCCCGCCGGTGGGGGTCCAGGCCAGGCCGTTGACCACGCCCGCGGCGGGCTGGGCCGACAGGGGGGATTCCAGGAAGCGCTCGGGGCCCAGCAGGCCCGCGAGGCGGTCCGCGGTGACCCTGGCGTCGAAGGGCCCGGGCTGGAGGCTCTGGCGGGCCAGCTTGCGCAGCACGGCGGAGATCTCCCGCTCCAGCTGGCGCACGCCGGCCTCCTTGGTGTAGGCCTGCACGAGCTTTTCCAGGGCCGCGTCCTCGAACGTGATGCCCAGGTCGGCCATGCCGTGGCGGTCCAGGGCCTTGGGCACCAGGTGGGCGTGGGCGATCGCCTTCTTCTCGCCCAGGGTGTAGCTGCTCAGCTCGAGCACCTCGAGGCGGTCCTCCAGGGGCTGGGGAATCTGGTGGCGCACGTTGGCGGTGGTGAGGAAGAGCACCTGGCTGAGGTCGAAGCCCACGTCCAGGTAGTGGTCCTGGAAGGTCTGGTTCTGCTCGGGGTCCAGCACCTCCAGCAGGGCGGAGCTGGGGTCGCCCCGCCAGTCGGAGCCCATCTTGTCGATCTCGTCCAGGAGCATGAGGGGGTTGCGCACGCCGCCCTTCTTCAGGAGGGAGATGATGCGCCCGGGCATGGAGCCGATGTAGGTGCGCCGGTGCCCCCGGATCTCGGCCTCGTCCCGCACGCCGCCCAGCGAGAAGCGCAGGAAGGGCCGGTTCAGGGCCCGGGCGATGGACCGCGCCAGGCTCGTCTTGCCCACGCCGGGAGGGCCCACGAGGCAGAGGATGGGCCCGCGCAGGGGGGCCCCCGCGTTCCGGTCCCGCAGGCGGCGCATGACGGCGAGGTACTCCAGGATCCGGGCCTTGACCTTCTCCAGGCCCGCGTGGTCCTCGTCCAGGATGCGCTCGGCCTCCTCCAGGTCCAGGTGGTCGTCGGCGAGCTTGGACCAGGGCAGGGCCAGGAGCCAGTCGATGTAGGTGCGGCTCACGGTGGCCTCGGCGCTCTGGGGGGGCATGCCCTCCAGGCGGTCCACCTCCTCCAGGGCCTTGCCCTCGGCCTCCTCGCCCATCCCGGCCTTGAGGATGCGCTCCCGCAGCTGGGCGAGCTCGTCCTTCCTGCCTTCGGGCAGGACGCCGCGCATCTTCTCGCCCAGCACGAAGGCCTTGTGGTCCTTCTCGAGGTTCTGGGCCTCCTCCCTGCCCTCGGCCTGGTGGGTGGCGGCGTCGGCTTCCAGGAGCTTGAGGAGGGTGTGGAGGCGCGGTTCGATGTCCAGCTGGTCCAGCACCCCCTGCTTGTCCCGCACGTCCGCGGGCAGCACCGCGGCCACCGCGTCGATGGCCTGGCCCAGGGGCATGGCCGGGTCCAGGCTGAGGGTCCGGGCCAGTTCCGGGTTGCGCTGGAGGAAGCCCTCCACCGCCGAGCCGAAGGCATCCTGCAGGGCCGGTCCGCCGGGGGCCTCGGGC
CP132910.1_gap57	2422523	2423187	664	CACCGCGCTCCATTTCCCCGGCGGTCCCGGCATCCGCATGGACACCGCCATGCACCAGGACGCGGTCATCCCGCCCTACTACGACTCCATGGTCGCCAAGCTCATCGCCTACGGCAACGACCGCACCGAGGCCCTGGCCCGCATGCGCCGCGCCCTGGACACCATCGTCGTGGAGGGCATCAAGACCACCAGCCCCCTCCACCGCCGCATCATGGACCACCCGGACTTCATCAAGGGCGAGTTCTCCACCAAGTGGCTGGAAGTGTTCCTGGCCCAGCTGGAGAAGGAACGGGCCGAAGAAGCCTGATTTTTAATTTATACAGAACCTTGGAGGTTCTCCTTGCATTCATGGATTGGCGCGCCATAACGTCCATTTTTTATCCATAAAGGAGTACCTCCATGCATCGCATCCTCCTCGGGGCTGCCCTGGCCGCAGGCTTGGCCACCGCCCACGCCACCACCCCCCTCACCCATTGCCTCGTCCACGGCATCTTCAAGCCCGCCCCCGACGCCGTCGGGGAGGGGGCGATCCACCCGCTGCAGCCCCTCCAGCGCCTCGCGTCCCTGGACAAGGGCGCCTTCCGCATCGTGGCCCAGGACTCGGCCGAAGCCTTTGCATTCCCCATGCTGGCCGCCCCCGGCGCCTCCGGCCCCGCGGACCTGG
CP132910.1_gap58	2425809	2427429	1620	GGACGCGCAAGGCTTCATCCAGTGGCGGGAACTGACGGAGGCCGCGGCCTGCCTCCTGGCGCGGGCCCGGGGCGCCTCCCTGGCGGCCGTGGCGGAGGAGCTCGGGCTGGCGGACCTGCCCGGGCTCCTGTCCTTCCTGGCCGGCCTGCGGGAGGCGGGGGCCGTGCTGGGCTTCAGGGAAGCCTGACCGGGTTCAGAGCTCCTCGTCCTCGGCGCCCTTCGCCATGGGGCGCATCAGCGGGAAGAGCAGGACGTCCCGGATGCTGGAGCTGTCGGTCATCAGCATGACCAGGCGGTCCATGCCCACGCCCAGGCCGCCGCAGGGGGGGAACCCGTGCTCCAGGGCCTCGATGAAGTCCTCGTCCAGGAGCATGGCCTCGTCGTTGCCGGCCTCGCGCTCGGCGAGCTGGGCCTCGAAGCGCTCCAGCTGCACGACGGGATCGTTGAGCTCGGAGTAGGCGTTGGCCAGTTCCATGCCGCCGATGAAGAGCTCGAAGCGGTCCACGAACCGGTCGTCCCCGGGGAGGTTCTTGGTCAGGGGGCTCAGCTCCACGGGGTAGTCCGTGATGAAGGTGGGCTGGATGAGCTCCTTCTCGGCGTGGTGCTCGAAGAGCGCGCCCAGCAGGGCGCCGGGGGTCTGCTTCTCCGCGTCCTCCACGTGGGCCTCCCGGGCCAGGCGCAGGATCTGGGCGTCGTCCTCCAGGAGGGCCCGGTCGAAGCCGCCGTAGTGGGCGGTGGCGTCCTTGAGGGTCATGCGGCGGAAGGGGGTGCGGTAGCTGATGAGCCGGGGATTGCCCTCGGCGTCCACGCCGTAGGGGCGCTCCACGGCGCCCAGGTGGCCCGCCACGGTCTCGAAGAGGTTCTCGGTGAGCACCATCACGTCCCGCAGGTCCTCGCCGGCCGCGTAGCTCTCCATCATGGTGAACTCGGGGTTGTGGCGCATGGAGACGCCCTCGTTGCGGAAGCTCCGGTTGATCTCGAACACCCGCTCGAAGCCGCCGACGATCAGGCGCTTGAGGTAGAGCTCGGGGGCGATGCGCAGGTAGAGGGGGATGTCGAGCGCGTTGTGGTGCGTGACGAAGGGCCGGGCCGTGGCGCCGCCCGGGATGGGCTGCATCATGGGGGTCTCCACCTCCAGGAAGCGCTGGCCCTCCATGTAGCTGCGCACCTTGGCGATGATTCGGCTGCGGGTCTGGAACGTGAGAAGGACGTCGGGGTTGGCCACCAGGTCCAGGTAGCGCCGGCGGTAGCGCACCTCCTTGTCCTGCAGCCCGTGCCACTTCTCGGGCAGGGGCTTGTGGGCCTTGGTGAGGAACTGGATCCGCTGGGCCCGGACCGACAGTTCGCCCATCCTGGTGCGCATGACCGGGCCGGTGACCGAGATGAAGTCGCCCAGGTCCAGCAGCTTGACCACCTCCCAGCCGGGCTCGGCCAGGTCGTTCATGCGGAAGTACACCTGGAGCTTCACCCCCATCTCGGTGATGGTCGCGAACACGCTCTTGCCCATCTCCCGGATGGCGATCACCCGGCCCATGACGCTGACGACCTTGCCCAGGGCCTCCAGCTCCTCATTGGTGGTCTTGGCCCCCTCCCGGTCGTGGGCCTCCAGGAGGTCCCCGA
CP132910.1_gap59	2459116	2463873	4757	GCTGGCGAAGGCGGCCCGCAGGCTCGAGGACCTCCGGGACCCCGAGAAGAACTACAACAAGATGACCCCGGCGGAGCTGACCGCCTCGCGCACCCCCTCCATCGTCTGGGCGGACCGCTTCCGGGAATGGGACCTCCGCCCGGCCACCGTCATCGTCGGCCAGCCCGAGTTCTTCGGGGCGCTGGAGACCCTGCTGGCCGCCACCCCCGTGGAGGTGCTCCAGGACTACCTGCGCCTGCGCCTGGCGGACACCTACGCCGACTACCTGGGCAAGGCCTTCCAGGACGAGGACTTCAAGTTCCACGGCCAGGCCCTCTCCGGCCAGCGCCAGCCCCGGGACCGCTGGAAGCGCGTCCTGGACGCCCAGGAACAGGCCATGGGCATGCTGCTGGGCAAGCTCTTCGTGAAGGAATACTTCACGCCGGCCGCCAAGCTCCGCTACGAGGCCATGGTCGAGGGGATCCGCGGCGCCTACAAGGAGCGCATCGAGCGCCTGGACTGGATGAGCCCGGCCACCAAGGCCAAGGCCCAGGCCAAGCTCGCCGGCATCACCCCGAAGGTGGGCTATCCGGACCGGTGGAAGGACTTCTCGGCCCTGGTGGTCGCCCGGGACTCCTACTGCGCGAACATGATGAACGCCTCCCGCTGGCGCTTCGCCGACATGCTCGCCAAGTACGGCAAGCCCGTGGACCGCACCGAGTGGCACATGACCCCCCAGACCTACAACGCCTACTACAACCCCTCCAACAACGAGATCGTGCTCCCCGCCGCCCAGATGATGGTCCCGGGCGTGGCCGACGCGGACCTGGACGACGCCCTGGTGTACGGCTACACCGGCGGCTCCACCATCGGCCACGAGATCACCCACGGGTTCGACGACGAGGGCCGCCAGTTCGACGCCAAGGGCAACCTCACCGACTGGTGGACGAAGGAGGACGGCGAGAAGTTCAACGCGCGGGCCGAGGGCATGATCCGCCAGTTCGACGCCTACGAGCCCCTGCCGGGCCTCCACATCAACGGCAAGGCCAGCCTGGGCGAGAACATCGCCGACTTCGGCGGGATCCTGCTGGGCATCGACGCCTTCAAGAAGACCGAACAGTACCGCAAGGGCGAGAAGATCGGCGGCCTGACCCCCATGCAGCGCTACTTCCTGGGCTATGCCCTGGGCTGGATGACCCAGCAGAACGACGAGGTGCTGCGCACCCGCCTGCTCAGCGACGTGCACGCCCCCGCCAAGTGGCGCGTCCTCGGCCCCCTCTCCAACATCCCCGAGTTCCACCAGGCCTTCGGCGTCAAGGAAGGCCAGCCCATGTGGCGCTCCAAGGCCGACTGCCTCCGCATCTGGTAGTCACAGCTCCCGGAAGGCCCGCTCCAGCTGCTCCCGCGTGATGAGGGAGCCGGTGCTGGCCTTCTGGGCGCAGGTCCACCGCGCCGCGATCTGGCCCCGGAGCACCGACTCCTCCAGCGGCCGCCCCTCGAGCACATGGCTCGCCAGGAACCCCACCGCCAGCCCGTCCCCGGCGCCGTTGGTGTCCACGACGGGCAGGTCCGAGGCCACGGGGGGGAAGTACCGCACCTTGCCCGCCGCGCCCAGGGCGCAGCCCTTGGCCCCCATGCCCGAGATGACGATCTGCCGCGGGTTCCGGGCCAGCAGGGCGCGGATGAGGGGCCCGGGGCTTCGATGGTTGGCCGCGGAGAGGAAGAGGATGTCGGACCCGTTGATGAAGTCCTGGCGGTAGGGGTCGTCCAGGCCCACCACGTCCTGCAGGTCGCAGGCCACCACCAGGCCCTCCTGCCGGGCCGCGGGCAGGAGCCCGCGGGCCCAGTTGGGCAGGTGGAAGTGGGCGAGGCGCGCCCCCTTGAGGATCCGCCGGCAGAGCTCCAGGTCCGGCCGCAGGTCCATGTGGCCCTTGCCGTCGTAGAAGTTCTTGCGCCGGCCGTCGAGGCTCATGAGGTTGACGCTGCGGCTGGTGCCCTCGGGGTCCAGGAAGAGCCCGCGCAGGTCGATGCCGTCCCCGGCGAGTTCCTCGCGGATGAAGCGCCCGCTGAAGTCGTCCCCCACGCACCCGATGAAGGCCGTGGCCAGGCCCAGCCGCGCGTAGCCGCGGGAGGTGTAGCCCCCCGCCTGCCCCACGTAGTCCAGGTCCAGGGTGAAGTTGGCCTCGACCTTGAAGTCGATGTCCCTGCCGGGAAGATAGACGTTCGTGTCGATGCCGACGTTGCCAACGACGACCACATCCGCTGCCATGGCCTGCCTCCAGGCCCCCAGTCTATTCCTGCAGGCGCGTCAGACCATAGTCCTGGGTGATCTCGCCGATGAGGTCCCGCACGTGGACAAGCTCGTTGAGCTTCCAGCCGTTGCTCCCGGTGAAGAAGAGCCCGGACTCCGTGTCCCCGCCCCAGGCGTCCCCGAGGCTGTCGGCGATGCAGTAGCCCACGCGCTCGGCGCCCTTGCCGTGCTCGCACGGGGAGACGCAGTTGCTGATGCACTTGATGCGGGGGGCGACGCCCTCGGCGATGCGGCGGTGGAGGGCGGTCTTGACGCCCCGGGCCGGCATGCCCACGGGGGACCCGTGCAGCGCGATGGTGTCCTTGTCGGCCTTGAGGATCACGCCCTTGAAGTTGAGGTGGGCGTCGCACTCGAAGGTGCCGATGAACCGCGTGGCCATCTGGACTCCGCCGGCGCCCTTCGCCATGAGGCGGTCGATGTCCTCCCGGTCCCACACGCCGCCGGCGGCGATGACGGGGAAGTCGCCCCACTGGTCCCGCTCCTGGATGACCGAGGCCAGGAGCGCGTCGAGGCTGAAGGCCGGGTCCGCGCACTGCTCCAGGGAGAATCCCTGGTGGCCGCCGGATTCGGGACCTTCCAGCACCACGGCGTCCGGGAGGCGGTTGAACTTGCGCTGCCAGGTCTTGCAGATGAGCTTCAGGGCCCGGGCCGACGAGACGATGGGCACCAGGGCCACGTCGGCGTCGCCCACGTACTCGGGCAGGGACAGGGGCAGGCCGGCCCCGGAGATGATGAGCTGGGCCCCGGCTTCCACCGAGTCCCGTACCACGCGTTCATATTCGTTGATGGCGCACAGGATGTTCACGCCAACCGCGCCGTGGCCGCCGGCGATTTCCAGGGCGCTGCGCAGGATCCGCTTGAGGGCCGGGGTGCTGTTGAGGTTCTCGGCCTGGAGGGGCCGGCCCTGCACGGAGTTGGAGACCTCCGGGTACCGGTACCCGGTGCCGATGGCCGAGACGATGCCGATGCAGCCGCAGCGGGCCACGTTGCCCGCCAGGCGGTCCCAGCTCACGCCGATGCCCATGCCGCCCTGGATGACCGGGTAGGGGATGTCCAGGTTCCGGATGCGAAGGCGCGGAAGTTCGGGGGCGGGGTGGTCCACCAGGTTCTCGAGGGCGGGCTCGCCCATGACCTCGGCCAGGCGCTTGCGGAAGGAGGCCAGGAAATCGGCCGCCCCTTCCCGCAGGAGCGCGGGGGTCCTCAGCTGGAGGCCGGCGGCGCCCTCGGAGAGCAGGACCCGGCCCTCCCCCTCGGCGCCCACGGGCGCGAAGCAGGGAAGGTTCGTGGAGCGGATCATGCGGCGGAGCCGGTCGGAAAGCCCTTCGCCTTCGGCCGCGAGGAGGGCGGACGCACCCTGGGCCTCGGCCAGCACGGCCTCGTCCTCGTCCCGCACCTCCACCACCCTCGGCAGGCCCCAGGCCCGCAGGGCCTCCAGGCGCTCGGGGAGGATTTCCGATCCGTGCATGACGAAGGCGGCCAGGTTCTGGGCGGCGGTTTCCATCCGGGTGGAGAAGTCCCCCAGGACGCCCCGGAAGTCCAGGCCCAGTTCCCCGCCCTGGCGCAATTCGGCCAGGCGCTTGAGCAGGGCCTCGGTGTCGGGGAAGGCGGGCATGCGGATCACCCCCACCCCTCCGGCGCCCGCGAAGGCGGCCGCCAGGGCATCGGTGGAGAAGGGATGCCACCCCTGGAAGAACACTGGAGTATCCGCCCCGAAGGACTGGAAAGTTCTGCGTCTGGTCATGTTGGGATGCTCCGTCGGGCCTTGGGAGTTCCGCAGGGCCAGATATTATGTATTTCATCTTGGCAGAGAGGGGAACTTTCTAAGCTAGATTTAAGAAGACGGCTGGAGTTTCCGAAACACGAAGTGGGAGCTTTGTACATGTTTTTCATAATCGGTCTGGTTGTGGTTATCGGGGCCGTCATGGCCGGTTATCTCATGGAGGGAGGTAAGATCCACGTCCTCCTCGAGCCGCTGCCCGCCGAAGGCACCATCCTGTTCGGGGCGGCCATCGGCGCCTTCCTGGCCGGCAACACCATGAACACCATCAAGTCCGTGGTCGCCAACATCGCCAAACCTCTCAAAGGCAGCAAATACACCAAGGCCGTGTACATGGAGTCCCTGATGCTCCAGTACGAGGTCTACGTGAACATCAAGAAGGGCGGCCTGCTCGCCCTGGAGCAGGACGTCAACGACCCCCACAGCTCCAACATCTTCAAGAAGTACCCGGCCGTGATGCACGACCACCACGCCATGGATTTCTTCTGCGACTCCATGAAGCTCCTTATTAATGGTTCAGCCAAGATCGACGAGATCGATCAGGTCATGGATATGGATCTTGACGTGCATCACGCCGAATCCGCCGCCCCGGGCGCAGCGGTCGGGGTCATGGCCGACGGGTTTCCCGCCTTCGGCATCTGCGCCTGCGTCATGGGCGTGGTGATCACCATGGGCTTCCTGGACCAGCCC
CP132910.1_gap60	2470933	2473883	2950	ATCTGCCGCGGCGATGTATGAGATAACAGACATCGACCCTGGAGTCCGCTTGGAAGGCCCCGCCCCGCAGTCCGCCATCCCCGGAAGACCCTGACATGGACTGGGAGGCCATCCGTCTGAGCCTGCGGCTCGCAGGCTGCTCCGTGGCCCTGCTGCTGCCCATCGGCATCCTGCTGGCCTGGCCTCTGTCCCTGGGACGGTTCCGGGGCAAGGTGCTCCTGGAAGCCCTCACGTCCCTGCCCCTCATCCTCCCCCCGACGGTGCTGGGCTTCTACATCATCGTCGCCCTGGGACCCCGCAGCCCCATCGGGGCGGCCTGGGAGCACCTCACGGGCGCGCGGCTCGTCTTCAGCTTCCAGGGCCTGCTCCTGGCGCAGGTCGCCACCAACCTGCCGTTCTTCCTCCAGCCCCTGGTGGCCTCCCTGGGGGGCGTGGACCGGCGCCTCCTGGAGGTGGCCGCGACCCTGGGCTCGAGCCCCCTGGGCGTCTACCTCCGGGTGGCCCTGCCCCTGGCCTGGCGCGGCCTGCTCTCGGCCATGATCCTCAGCTTCGCCCACGCCATCGGGGAATTCGGGGTCGTGCTGATGGTGGGCGGGAATCTGCCCGGGACCACCCGCACCGCCTCCATCGCCCTCTTCGACCAGGTGCAGGCCTTCGACATGGCCGGCGCCAACCGCACCGCCCTCCTGCTCCTGGCCTTCGCCCTGGCGGTGCTCTCGGGCACCGCCTGGCTCCGTTCCCGGGAGCGCCCATGGGCCTGAGGGCGTCGTTCACCAGGACCTTCCCCCAGGGCCCCACCATCCGCGGCGAACTGGAACTGGAGCTGGGCAGGTTCAGCCTCACCGTGCTCTTCGGCCCCTCGGGCTGCGGCAAGACCACCCTCCTGCGGTGCCTGGCCGGGCTGGAGACCCCCGACCACGGCTCCATCCGGGCCGCGGACGCGACCTGGTTCGGGCCGGGCCCCTTCGTCTCCCCTTCCCGGCGGGGCATCGGGTACGTCTTCCAGGACTCGGCGCTCTTCCCCCACCTCACGGTGGCGGGAAACATCGCCTACGGACTCCTGGGCCGCCCCCGGGAGGAACGGCAGCGGCGCGTGGAGGAGCTGGTGGAACTCATGGGCCTCCGGGGCCTGGAAGGCCGGCGCTCCCGGGAGCTCTCCGGCGGCCAGAAGCAGCGCGTGGCCCTGGCGCGGGCCCTGGCGCCCCGGCCCCGCCTGGTCCTGCTGGACGAGCCCTTCGCCTCCCTGGACCGCTCCGCCGCCGACCTCCTCCGCCACAACCTCCGGCAGATCCTTCGCGCCCTGGACGTCCCGGCCGTCCTGGTGACCCACGACCCGGTGGAGGCCCTGGCCCTGGGCGACCGCATGCTGCTCATGGACCAGGGCCGCATCGTGCGGGACGGCGCCCCCGCCGCCGTCCTCGCCGGCGCCGGCGGCGCCCCCGGCGACCAGGTGGGGGCCGTGGTGCGGACCCGGGTGACCGGCACCCAGGAGGGCCTCCTGCGCCTGGCGGCGGGGTCCGCGGAACTGTTCGCCCCGGACCCCGGCGGCGCCGGCCGGGAGGCCTACGCCTGCATCCGGGGCGAGGGCGTGTCCCTGGAGCGCGGCCCCCACGGCCTGATGACCCAGCGCAACCGCCTTCCCGCCACCATCACCGGCCTGGAGCCCCTGGGCGCCCTCACGCGGGTGGTCCTGGACGCGGGCTTCCCCCTCCACGCCCTCATCACCACCTGGGCCGCCCAGGATCTCGAACTGGCCGCCGGCCAGGAGGTGCATGCCCTCATCAAGGCCAGCGCCATCCAGGTGGTGCCCATCGAGGAGCCTCCGGGTGCATAATCAGCCCCTCGGGGCGGCCGCCCCGCGGAGGTGGACATGAAACTCAGCGCCCGCAACGTCCTGAAAGGCCGCATCACGAAGGTGAACCACGGCGCCGTGGAATCCGAGATCGTCATCGAGCTCAGCCCGGGCGTGGAGATCGTCTCCACCATCACCAAGGCCTCCGCGGAGGGCATGGGCCTCAAGCCCGGCATCACCGCCCACGCCATCATCAAGGCCTCGAACGTGATCGTCGGCGTCGACTGAGGGGCGGCGGAACCGGTCACACCGCCTTGCGGTGGTAGTGCCGCCTGGCCTTGGCCCGGTTTCCGCAGCTGCTCATGGAGCACCAGCGCCGGGTGCCCGCCCGGCTTCGGTCCAGGAACAGCCAGGTGCACTGGGGCCCCGCGCATTCCCGGATCCGGCCCCGGTCCTCCGAGGCCAGCAGGTCCGCCGCCGAGCGCAGGATGGGCCACAGCGGAGCGTCCAGGGAGGACCCTTCCCAGCCCCACCGGAATCCGCCCTCCCCCGGTTCGAGACGGAGGTGGCCCAGGGCGTCCGCCAGGGCCCGGTTGAAGATCCGGAGGTCGCCCGGCCGCGCCGGCCGTCCCGCCGCGCTGTCCGAACAGAGCCCGAAGATGGCTTCCCGCGCCTCCCGCGCCCGGACCAGCGCCGCCCGGGCGGCCGCGGGCTCCTCCCGGACCCGCCGGGCCAGGACCTCCTCCAACGCTTCGTCCACCAGGCCGGCCTGCCGCGCGAAGGCGGCCACGTGGACCACCGACTGGAGCTGATCACTCTCCTCCCGCTCCCGGTCCGGCCAGGTGTTGGCGAAATCCAGGCAGAGGCTGCCGCCGGACCGATCAAAGGAGGGCGTTGCGAGGAGGGCGTCCATGCCCTCAATATAACCCATAAACGACCCTTGACAGGTTATTGGCCGGGAATTATCTTAACCGCCACGAATGCGTGAGGAGGTTATCCATGACGCCCACCGAGACCCTGCTGCTGGACCGTCTCACCGCCGGCCGGGACCACCTGGCCCACCTGGCCTCCGCGGCCCACGAGGAGCGCCTGGCGGACCTCCTGCGCCGGGTGGACGGCGCCATCGGCGCCCTGGAGACCGGCCGCTGGGGCACCTGC
CP132910.1_gap61	2526492	2530214	3722	TCCGCTTCGCCTGCCGCAGCGGGTTCGAGCTCTTCACCGTGCCGGCCGCGGAGGGGTCCTGGATCTGGGAGCTGGAGTGGCAGACCCTTCGCCAGGGCGACTGCGGCCTGGTCTTCGGGCTGGACGACCTGCTCAACGGCTACTTCATCTCCCTGGACACGGAGCGGGGCAAGGCCCAGATCCGCGCCTGGGGCAACCGGCTGGAGCGGGTGTTCCAGAACTACATCTACGAGAGCCTGCAGGTGGGGGAGTTCACGCCCATCGCCGACCGGCGCTACTCCCTCCGGCTCATCCGGTGGGCGGGCTACATCGAGCTCTCGGTCAACGGGGTGGTGCGCCTGTCCCTGGTGGACACCCGGTTCTCGGGGCGCAGCCTGGGCATCTACCTGGAGAGCGCCGAGGTCAGCCTATCCATGCCAGCCCTTCGGATTCTCGAACCTCCAGGGCGGGACCTGAACTGAAGACGAAGGGGAGGGGGAACCGGAGGCTGTAGTGGCGGATCCCCTCGAGGATCCCCGCGGCGCAGGGCTGGTTGGCGAAGTACACCCGGGCCCGCCCGCGCAGCTCGCCCAGTTCGGGGCTGTGGTTGCCCACCACGATGCCCAGCATGTCGCCCAGGAGCATGTCCCGGTCGTTGCCGGAATCCCCGGCCACCAGGAAGCGGTCCGGGGGGATGCCCCACTTGAAGGCGAGGTAGCGCACCGCGTGGCCCTTGGAGGCGCAGCGGGGCAGCACGTCCAGGTTCCGGGACTCGGAGTACACGAGGTTGGCCTGGAGGCCGGCGCGGTGGAGGTTGGCCACCAGGGTCTCCAGGGGCGGCATGCGGCTGGGCTTGACGTTGTAGCTGAGCTTGTAGGGCCCCTGCTTGCGGTGGTTCTGGAGCCGGAGCCCCGGCACGTCCTTGAGCGCGGACGCCAGGTCCTCCCGCCTCCAGCCCTGGCGGATGTGGTTCTCCCAGGCCTGGTCGTGGGCGCGGTTGAAGCCGTAGCGGATCTCGGTGCCGATGCCGCTGATGATCACGTCGGGCTCGGGCACGCCCCAGGTCTTGAGGGCCCACAGGGCGTTGTCCAGCTTGCGGCCCGTGGCCACCCCGAAGGCCAGGGCGCCGCGCTGCTCCCGGATCCAGGCCAGGAGCTGGTCCAGGGACTCCCGGTCGCCCAGCAGGGTGCCGTCCAGGTCGCAGATGAGCGCGGCCCTCGCGTGGAGGAAGGGGGAGGTGCCCGGGGCCGGGTCCAGGTCGGCCCGCTCCCTACGGGCCTGCTTCCGGCCGCGCTTGAGGAGCCGCTGGAGCACCTTCAGGTACTTCCCGACGTGGGCGTCCCAGCTGTAGGTGTCGCGCACCCGCCGCAGGCCGTTGCGGGCCCATGCCGCCCACCGCGACGGATCCTCCAGGGCGTCCCGGATGGCCGCGGAAAGCGCCGCGGGCTCGCGGGATTCCACCACGGTGCCGTTGCGGCAGTTGGCCACGATGTCCCGGGGGCCGCCGCAGTCGGTGGTCACCACGGGAAGCCCCGTGGCGGCGGCCTCGATGAGGGTGAGCCCGAAGCTCTCCTGGACCGAGGGGTTCACGTAGACGCCCCGGCGCTGCACCGCCAGCCGGTAGAAGCCGGGGACGTCCTCCGCGCGGTGGGTGCGGGGGAAGGCCACGGACCCGAAGAGGTCGAAGCGGTCCAGGGCGAGCAGCAGCTCCTCCCAGGTGCGGCGGCCCTCCTCGTCCATGTCCCGGATGTCCTCGTGGTGGCCGGCCACCAGGAGCAGGTTGGCCTGGGCCCGCAGGCGCGCGTCGAGACCGTAGGCCTCCACCAGGCCCAGGATGTTCTTGGAGGGCACGGGGCGGCCGATGCACAGCACCAGGGGCTTGCGGGGGCGCGCCAGGAAGCGGTCCACGAGGGCCGCCATGGCGGGTTCGGGGTGCCGGGAGGCCGGCGGCGTGAAGCGCCCCAGGTCCGTGCCCGGAGGGATCACCACGGCCCTGCGCGGGTCGAAGTGGGGGTAGAGGCCGTACTGCTCGGCCACCTCCTGCCGGGTGCTGGCCACCACCCGCGCGGCGTGGCGCAGCACCTCGTCCTCGGCCCGGATGCGGCGCTCGAAATGGAACGTCCGCTCGAGAGCGGCCTCCTTGCCTCCGGCCTGCAGGAGGCGGTCCCGCTTGCACCGGCCCAGGGAATGCCCGGTGTGCAGGAAGGGGATGCCCAGAAGCGCGGAAAGGCGCTGGGCCACCAGGCCCGCGTCCCCGTAGTGGCTGTGGAGCACGTCCGGCAGGCGGGGGAGCTCACGGGCGTACACGAGGAAGCGGTCGACCAGCTGGTCGAGGTGGTCCCAGAGCAGCTCCTTGCGCACGTAGCGCCGCGGGCCGAAGGGCAGCCGGATGATCCGGGCGTGGGGCCCCAGGGCCTCCTCCGGCTGGGCATAGTCCGCGGGCAGCGCGGGGTCCTGCACCAGGCGCGTGAGCAGGTCCACCTGGGCCACGTCCGGCTGGCGGCCCAGGGCCTTGGCCAACTCCAGCACGTAGAGCACCTGCCCGCCCGTATCCGGGTCCCGGCCCAGTTCCGGCGCGGTGCCCCGGATCAGTCCGTGGACGCTGATCATCAGGATGTAGATGCCGCTTTCCCTCACTTGGTTCTCCGGAACAGGACGTTCCGTTGAGATGCCGGCCGGGGGCCGCAGGTTCCAGGTACGCGAAAAGGCCCCGGAATCCGGGGCCTTTTCGCGTATGAGGCGCTGCTACTTGACGCGTTCCATGAAGGAGCGGTCCACGGTGTTCACGCGGATCTTCTCGCCCGCTTCCATGTAGGGGGGGACGTTCACGATGACGCCGTTCTCCATTTTCGCGGGCTTGTAGGAGCCGGTGGCGTTGGCGTTCTTCATGACGGGCTCGGTCTCGACGATCTCGAGCACGACGCTGGGAGGAAGGGTGATGCTCAGCGCCTTCTCTTCGTAGAACTCCACTTCCACGACCATGTTGGGCTGGAGGAAGACGGCGTCGTCGCCCATGAACTCCTTGGGGATCTCCAGCTGCTCGTAGGTCTCGCCGTTCATGAGCACGATGTTGTCGCCGTCCTCGTAGAGGAACTCCATCATGTGCTGCTCGAGGCTCGCCTTGTCCACCTTCTCGGCGGAACCGAAGCGGTTCTCGCGGTTGAGGCCGTCCTTGAGACGCTTCATCTTGGTGGCGATGCGGGCCGGGAGGTTGCCGGGGGTCTGGTGCTCGACGAAGGTCACCCGGCAGAGTTCGTTCTCGAAATTGACGATCATCCCGACGCGGAGCTGGACGGCGTTGATGAAGGGCATGGAATCACCTCGTGGAGTCCCGGTTGCTGATTTTGTGACTTCCAATCAGATGGCCCCCGGTTTCACCCAGGGGCCATTTGTCGGTGGTGGGCATATCAGGATTCGAACCTGAGACTTCTACCGTGTGAAGGTAGCACTCTACCGCTGAGTTATACGCCCGCGGTCCATCAGAGTAGCACCTCGGAGGGATTTGTCCAGATCAGAATCGCCTGCGCACCTCCACCCGGATGGCCTGGGGGTCGGCGGCCTTCAGATGCCGGTCCGCCACCGCCTCCCCGTCCGGGAAGCGGGAGGCGTAGTGGTACTGGTAGTTGTATTTCTTCCAATTGAAGGCATTGATTACCTCCACCCCGAAGGACCAGCGGTCCAGGTCGACCTGGGCCTTCAGCTCCAGGGCGTCCTGGCGCCCGGCGGTGACCGCCCCGTCCCCG
CP132910.1_gap62	2534259	2537286	3027	CACACATGGCGATTTCCCAGAACTACGGAACCGGCCGGCGCAAGTCCTGCACCGCTCGCGTCTTCATGCGCCCCGGCACCGGCAAGGTCACCGTGAACGGCCGCACCGAGGAGAACTACTTCCCCAACGCCGTGCTCCGCATGGTGGTGCACCAGCCGCTCGTGCTGGCCGAGATGGACGGCAAGTTCGACCTGATCGTCTCCGTCTCCGGCGGCGGCCCCGCCGGCCAGGCTTCGGCCATCCGCATGGGCCTCTCCCGCGCCCTGCTCGGCTACAACGACCAGCTCAAGGGCATGCTCCGGCAGGCCGGCCTGCTGACCCGCGATCCTCGCATGAAGGAGCGCAAGAAGCCCGGTCAGATGGGCGCCCGCCGCCGCTTCCAGTTCTCGAAGCGCTAGTCTTTGGCAATGCGTATCAAGGACGGGGAGATTCGATCTCCCCGTTCGTGTGTCTGACGGATTCCTCTCCGGAGGAATCGATTCGGGCGGAGATTTCCCCTTCGCCCTCCATCCCCCGCGGCATCCGCCGCTCTCCCAGGGAGGCCTTCCATGGCTGCCATTCAAATGAAGGAACTGCTTGAAGCCGGTGTGCACTTCGGCCACCAGACCAAGCGCTGGAACCCCAAGATGAAGAAGTACATCTTCGGCGCCCGGAACAGCATCTACATCATCGACCTGCAGAAGACGCTCCGCCTCTGGAACACGGCCGCCAACTTCCTCACCAAGGCCGCCAGCGAAGGCAAGAACTTCCTCTTCGTCGCCACCAAGCCCCAGGCCCAGGAGCTCATCGCCGAGCAGGCCCAGCGCTGCGGCGCCTACTACGTGAACAACCGCTGGCTGGGCGGCATGCTCACCAACTTCGCGACCATCAAGAAGTCCCTGGACAAGCTCAAGGAGATCGAGGCCACCCTCAACGATCCCGCGCGCACGGCCATGCTGACCAAGAAGGAGATCCTGACCCTGACCCGCTCCAAGGAGAAGCTCGAAGCCTCCTTCGCCGGAATCCGGGACATGCGTTCGGTTCCCGACGTCATCTTCGTCATCGATCCGCACCGCGAGGACATCGCCATCACCGAGGCCGCCAAGCTGGGCCTGAAGATCGTCGGCCTGGTCGACACCAACTGCGACCCCGACAAGATCAACTACGTCATCCCCGCCAACGACGACGCGATCCGCTCCATCCTCCTCTTCTCCGAGCGCGTGGCCGACTCCATCCTCGAAGGCCGCCAGTCCTTCCAGGACAAGGGCGACAACGACAACATGAAGGCCATGATGGCCGAGAAGATGAACGAAGGCGGCGAGGCCTAGGCTTGGCTTTGAAGCGGTCGGTTGCCGGCTTCGAGCCCGGCGGCTGACCGCTCAGTTCTTACCACCGAATTTTCACAGGAGTTCGCAATGGCATACACGGCCCTAGATGTGAAGGCCCTCCGGGACAAGACCGGCCTGGGCATGATGGACTGCAAGAAGGCCCTGGAAGAGAACGGCGGGGACATGGAAAAGGCCATGGACTACCTCCGCAAGAAGGGCCTGGCCTCCTCCGCCGCCAAGGCCGGCCGCATCGCCGCCGAGGGCATCGTCGAGTCCTACATCCACCCCGGCGGCCGCGTCGGCGTGCTCATCGAGCTGAACTGCGAGACCGATTTCGTGGCCCGCACCGAGAACTTCACCCGCCTCGTGCGCGAAGTGGCCATGCACATCGCGGCCCACGATCCCGCGCCCCAGTTCGTGACGAAGGAGGAGGTCACCCAGTCCTTCCTGGACAAGGAGAAGGAGATCGCCACCTCCCAGGCCCTGGCCACCGGCAAGCCCGCCGCCGTCGTCGAGAAGATCGTCGAAGGCAAGATGAACAAGATCTACGAGGAAGTCTGCCTCCTGGAGCAGAAGTTCATCATGAACGGCGACCTCACCGTCGCCCAGCACCTCTCCGCCAAGACCGCCGAGATCGGCGAGAAGCTCAGCATCCGCCGCTTCACGAAGTACGTGATGGGCGAAGGTCTCGAGAAGCGCAACGACGACTTCGCGGCGGAAGTCGCCGCCCAGGCCGCCGCCGCCAAGTAGGATTCCACCCTGTCCCATTGAGCGAGAAGGCGGCCCCTGTGCCGCCTTCTCCATTTACGGAGGTACTTATGAGCAAGACCGCGTGGCTGTTCCCGGGCCAGGGTTCCCAGGCCGTGGGCATGGGCGTTGCGCTGGCCGAGGCGGAACCCGCCGCCAGGGCCGTCCTCCAGGAGGCCGACAGCGCGCTCGGCTTCGACCTCTCCTCCCTCATGGCCCAGGGCCCCGAGGAGCAGCTCAAGCTCACCGAGCACACCCAGCCCGCCATCCTCACCCACAGCACCATGGTGGTCCGCGCCTACGGCGCGCGCCTGCCCAAGCCCGACTTCGTGGCCGGGCACTCCCTGGGCGAGTACAGCGCCCTGGTGGCCAACGGCTCGCTGCGCTTCGGCGACGCCGTGCGCACCGTGCGCGAGCGCGGCCGCGCCATGCAGGTGGCCGTGCCCGTGGGCGTGGGCGCCATGGCCGCCATCCTCGGCTCCACGGTGGCCGATGTGGAGGCCGCCTGCGCCGAGGCCCAGGCCCAGACCGGCCTGGTGGCCGTCCCCGCCAACTTCAACGGCCCCGGCCAGATCGTCATCGCCGGCCACGTCGAGGGCGTGGAGGCCGCCATGGAGATCCTCAAGGCCAAGGGCGTGCGCAAGATGATGAAGCTCCCCGTGAGCGCGCCCTTCCACAGCCCCCTCATGGAGCCCGCCAAGGTGCACATGCAGCAGCTCCTGGGCGCCACGGTCTTCGCCATGCCCAGCTGCCCCCTGGCCAACAACGTGGACGCCGCCCTGGTGACCGACCCCGCGGCCCTGCGGGACGGCCTGGTGCGCCAGATCCCGGGCGCCGTGCGCTGGGAGGCCCTCACCGCCCTGCTGCTCCAGGAGGGGGTCACCTCCTTCTTCGAGCTGGGCCCCGGCAAGGTGCTCAGCGGCCTCGTGAAGCGCCAGGCCAAGGAGGCCGGCATCGAGGTGACCGCCATCTC
CP132910.1_gap63	2547059	2550697	3638	CTGCGGGAGGCCCTCCTGGCCAGGGGCCACGAAGTGGCCTTCGCCACCACCCCGGCCCGCTCCCCCTTCCTGGCGGAACTGGGCGTGCCCCACCACCTGCTGCCCGACCTGCAGGAGGCCGACCAGGGGTCGGCCCCGGCCTACGCCTGGTTCCGCCAACCCGAGCGGTTCCTCCGGGTGGTCCAGGCGGAGCGGGCGCTCATGGCCGAGGTGCGGGCCCAGCGGGTCGTGGGCGTCTTCCGGTTCACGGCCACCACCTCCGCGGCCCTGGCGGGCCTGCCCTGCGACACCCTGGCCTGCGGCTGCATGATCCCGGCCTTCCGGGGCGTCCTGGGGTTCGGGGAGGGCGAGCCGGGGGCGGCCGAACAGGGGGTGTTCCTGGAGGCCTTCTTCCGCGGGGCGGCCCGCCGGGTGTCCATGGCCCTGGGGGCCCTGGGCCGGCCGGCCGTGCAGGATGCGCGCGCCCTCCTGCTGGGCGGCCGCACCTTCCTGTGGGACACCCCCGGCTTCCAGCCCCTGGCCGCCTCGGAAGGCCTGGAACACGTGGGCCCCCTGGCCTGGAATCGCTGGCCCCGGGCGGGCGGGGCGGTTCCCGGCGCGCCCCTGGCCGTCCTCTCCATGGGCACGGCCCTGCCCCCGGGCGCGGGACCCGCCCGACTCCTTGATAGGCTGCTGGCCCTGGGCTACCGGGTCGCCCTGGCCGGCGGGGGCCACCCGGCTCCGGACCGGAACGACCCGCGCATCACCGCCTACACCTACGCCCCCATGAACGGCCTGCTGGAGCGGGCCGCCCTCCTCGTCTGCCACGGAGGCCAGCAGACCGTCTTCGAGGCCCTGGCCCACGGCGTGCCCGTGGGCGTCTTTCCCTTCCACCCGGAACAGGCCCAGAACGGGCTCTGCCTGGAGCGGCTGGGGGCTGGCGCCCGGCTGGTTCCCCCCACGGTCTTCTGGGGGTCCAGCGACGTCTATGCCCGGGCCCTGGAGGCCATGGACGATGCGGAGCTGGACGCCCGCATCCTCGCCCTGCGGGACCTGACCGCCCGCACCCCGGACCCGGGCCTGGACCGGGGAGCCGAACGTCTGGCGGAACGGCTGGAGACCTGATGCGCATCCTCCTGGTGCACGGCTACACCGGATCCCCCGCGGATCTCGCGCCCCTGGCCGAGGCGCTGGACGCGGTCCTCGGGCCCGGGCACACCCGGCTGGCGGCCCTCCATCCCCGGTGGCGGGGCGGCCCGCCGCCGCCCTTCGACCGGGAGGCCTTCCTGGCGCTCCTGAGAGCCGAAGCCGAAGGCGGCCGTCCCCTGGTGGTGATCGGCCACTCCACCGGTGGCACCCTGGCCCTCCTGGCCCGCCTCGAACCCGACCTCCTGGTCCTCCTGGGCACCCCGCCCCGGGTGGGCCTGGACCACCTGGCGCGCCTCCAGGCCGCCACCCGCCCCGGAAACGAGGCGCCCGGGCTCCTGGATCTCGCCCGGCTGGTAAAGGCCGTCAACGAGGCCGGCGCCGCGGGTCTTCCGCCCGGGACCCTGGTGGTGCATGGGGAGGCCGATCCCCTGGTGCCCCCCGAGGACCTGGCGCACTGGGGCCCGGCGGCGCGGCCGGTAGGGGTGCCGGGGGCCGGGCACCACCTGCCGGCGGCCCCGGTCCTGGCCGCGATCCTCGAAGCCCTGCCCCCCGCCCTCACCGGCCCCGACCAGGAACGGCTCCGGCTCCTGGAACCCCAGGTGGCCCGCTTTGCCGATCGGGTGCCCGGGGGCTGGCAGGTCCTGGGCCGGAGTCCTTCGGCCCGGCGGGCCCTGAGGCCCGGGACGGGCCTGCCGCCGGACCTGGGACCGTTGGCCCCGCCCCCGGTGCTGGCCAACCTCGAGGTCACCACCCGGTGCCCCCACGCCTGCCCCTCCTGCGCCCGGGCCACGGGCGCCCCCCACCGGGGCGACCTGAACCGGTTCCAGGAGGTCCTGGACCGCCTGCCCCACGCCTCCCGCCTGACCCTGGTGGGCCTGGGGGAGCCCACGCTCCATCCGCGCCTGGCGGAACTGGTGGCCCTGGCCGCCGGGGAGGGCCGCGGCGTGGGCCTGGTGACCAGCGGCGCGGCCCTGACCCCGGACCTGGCCCGGAGCCTGGTCCAGGCCGGACTCGGGGGGGCCACCTTCAGCCTGGACGCGGGCGAGGCCGACCTGGCCGGGCGGCTGCGCCCCGGCGTGCCCTTCGCGCGGACCCTCGCCCACCTGACGGAGGCCGCCCGGATCTTCGGCGACCGGGTGCCCCGGGCGGTGTTCACCGCCGTGGGCACGGCCAACGCCCGGCACCTCGCTCCCGTGGCGGACCTGGCCCTCGCCCTGGGCGCCCGGGCCTGGATGCTGTCGGACCTGAACTTCGACGCCAACCGGGACCGTTCCCTGGCCGGGGCCGCCACCGGGGAAGACCGGACGGCCATCCGGGAGGCCGTGGACGGGGCCATGGCCGCTGGTCTGCCCGTTCTGCACGTGCGCGGACTGGAGGAACTGGGCAAGCCCTTCCGTCTGCGGGAGCTGCTCCTGCGCCCGGTGGACGCGCTTTGGAGCCGAAGCCCCGGCCACGCCAACTGCCTGTCCCCCTGGCAGACCCTCGCCCTGGGCGCCGACGGCACGGTCACGGCCTGCGATTGCCAACCCGGTGAGGAGGTGGGCAACCTCTTCGAAACGCCGTTCCAGGCCCTGTGGAACGGCCCGGGCATGGTCCGCCTGCGGCAGGAGCTGCTCGCCGGGACGCCGCGGGCGGCGTGCCGCCACTGCCCCCGGCTCTGATGTATACTGGGCATTCCCCTGCCCGGGGCCTTAACGTCTGCCGGAGCGCGCGTTAGCTACCACAACCGCCGGGCGTCCCCCCAGAGCCGGAGCCCGCCATGCCCCCCAAGACCCAGGAAGAGATTCTCCAGTGGGTCCGCTCCGCCCTGAAGACGAACTTCCATCTGGACCCGCGCTCCGTGCGCATGGACTCGAACCTCTTCACCGACCTGGGCCTGGACAGCATCGACGAGGTCGAGCTGGCCCAGCACATGCAGGAGTACACCGGGCGCCGCCTGGCGCCGGAGGAGTTCCGGGTGCTGTGCACCGTGGAGGACGTGGTGGTCTCCGTGCAGAAGATGCTGGAAGCCTGAGCGCCATGGGGCGCCTTGCGGGCCTTTTCGCGGAGGACCGGCCGCAGGCCTCGGTGGTGGCCCTCACGGGCCAGGGACCCCGCACCTTCGGGGAGCTGGCCCGGGGCGCCGCGACGGCGGCCGGGAAGGCCGCGGCGGGGGGCCGCTGGCTGCTGGCCTGCGAGGACCCCTTCGCCTTCGCGGCGGGCTTCCTGGGCCTGGTCCAGGCCGGGTGCGTGCCCGTTCTTCCCCCCAACCTGCTGCCGGGAACCCTGGAGGCCCTGAAGGCCGACGGCCTCCTCCGGGACGCGGACCTGGCCGCGCCCGCGGACGCCCTGCCGCCGCCCCGCGTCCTGGCGGACGTGCCGGTGGAGTTCTGGACGTCCGGGAGCACCGGCGCCCCCAAGCAGGTCCTGCGGCGCTTCCAGGATCTGGACCGGGAGGTGGAGATCCTGGAAGGGCTCTTCGGCCCGCTCCCGGGAACGGTGGCCGGCACGGTGCCCCACCTGCACATCTA
CP132910.1_gap64	2557513	2559783	2270	GATGATGCGACCCGCCGAGGACCTCCTGGTCCACCGCCCCCCCATGCTCCTCCTGGACGCCGTCCTGGACCACGGGCACGACTGGATCCTGGCCCGGGCCCGGGTGGACCCCGGCGCCTGGTACGCCGACGGGGAGGGCGCCATGCCGGCCTGGTTCGGACTGGAGCTCATGGCCCAGGCCATCGGGGCCTACGGCGGCCTGGAGAAGCGGGCGCTGGGAGGGGAGCCCCGCCTGGGCTACCTCCTGGGGACCCGGGCCTACGCGTGCACCCGTCCCTCGTTCCCCGCGGGCTGCGAGCTGAGGATCCATGCGAAACTGAAGTACCTTGACGATGCGGGCCTGTCGGCCTTCCAGTGCGGCATCACGCTGGAAGGCGAGGAAGTCGCGACGGCCATCCTGAAGACCTTCGAGGGGGAGCGACCGTGATCCAGACCCCACCCCAGCGCGTGCTCGTCACCGGCGCCAGCGGCCGCATCGGCCGGGCCATCGCCCTGCGCCTGGCGCGGGACGGCTTCCACGTCACCGCCCACGCCCGCAGCCGGGGCGCGGAGGCCGAGGCCCTGGCCGCCGAGATCATCCGGGCCGGAGGCTCGGCCGACGTGACGGTCTTCGACGTCACGGACCGCGAAGGCGCGCGCAGCGCCCTGGAGGCCAAGGTGGAGGCCTTCGGCCCCTACTACGGCATCGTCTGCAACGCGGGGATCACCCGGGACAACGCCTTCCCGGCCCTGTCGGAGGAGGACTGGGACCTGGTGCTGCGCACCAGCCTGGACGGGTTCTTCAACGTGGTGCACCCGCTGACCATGCCCATGATCCGTCTGCGCGCGGGGGGCCGCATCGTCTGCATCGCCTCGGTGTCGGGCGTCATCGGGAACCGCGGGCAGGTGAACTACAGCGCCGCCAAGGCCGGCCTCATCGGCGCCGCCAAGGCCCTGGCCGTGGAGCTGGCCGGCAGGGCCATCACCGTGAACTGCATCGCCCCGGGCCTCATCGCCTCCGAGATGCTCGCCGAGGTGGACATGAGCTACGCCATGGCGGCGGTGCCCATGAAGCGCGTGGGCCAGCCCGAGGACGTGGCGGACCTGGCGGGGTTCCTGTTCTCGCCCTCGGCGGGCTACATCACCCGGCAGGTCATCGGCGTCAACGGCGGGATGATCTGAGCCTGGCCGCCGCGGCGGCCAGGGCGAAGGCGGGGGCGCCGGGCTGGGCGCCCCAGGGCCAGGGGCCGGCCGCGGCCCCGGCCTCCTCCAGGGTGCAGCAGCCCGGGCCGTCCTCCTCCCGGGCCGAGAGCAGGAGGAAGGCCGCGCCCTCCCCGGCCACGGGGCCCGGCCCGCTCCGCGCCCAGAGGTAGGCCATGAGCTCGGAGAACTCGTCCACCGCGCCCACCAGCACGCGCTCCGCCCGTCCCTCCTGGAGGAGGAGCCGCGCCGCCATGAGCGCCGAGGGCACCATGCCCTCGAAGCCGCTGAGGGTGAGGCAGGGGCCGGTGATCCCCATGAGGATGCCGATGTGGGCCGCGGGCGTGTTGTGCAGGGAGGCCGCGAAGTGGATGGGGGAGGTGCACGGGTCCCCGTCCTGGATCATGGAGTCGATGAGGCTGAAGGTGGTGGCGGTGGGGCCGTACCCGCTGGCCACCACCAGGGCCAGGCCCTCCGGGGTGCGGCCCGCGTCCTCCAGGGCCAGGTAGGCGCCCAGGAGCGCCATGCGGGAGAAGTGGTCCACCCGGCGCAGGGCGCGCCGAGGCACGAAGCGCTCCAGGGGATCGGTGGCGGCCAGGAAGGCCGGGATCTCGCGTGTTCCCTCCCCCCAGGGGATGGCCAGCGCGCCCGGCGCGCCGGGGGCCAGGGCCAGGTTCTCCGCGCCGCAGCCGAAGCCGCCCACCGCGCCGATGCCCTGCACCGTGACGTTCACCTCGGGCCTCCGAACGCCAGCACCGCGTTGTTCCCGCCGAAGGCCAGGGACGAGGACAGGGCCACCCCGCCCGTGAAGGACGTGGCCTCCCGCACGGGCTCGGCGCCGCCCAGGGCGGGGTCGGGGGTGCGAAAGCCCGCGCTGGCCGGGATCCGGCCCGCCTCCAGGCAGGCCACGGTGAAGGCCGCCTCGATGGCGCCCGCGGCGCCCAGGGTGTGGCCGGTGCAGCCCTTGGTGGAGAGGAAGGGGACGCCGGGAAGGACGTCCCGCAGCACCAGGGCCTCCACGCGGTCGTTGTCGGGGGTGGCCGTGCCGTGCGCGTTGACGAAGGCCACTTCGGCGGGGGCGATCCCCCCCA
CP132910.1_gap65	2580116	2582025	1909	TACTTGTCCAGCTCTTCCTTGACCAGGACGTTGAACGCCTTGGAGAACTCCGCCATCTCCTCCTTGGTGAGCTTGGGGAATTCGTCCTTCTTGACCTTGGCCAGCCAGTCCTTGTTGAACTGCTTGATGACCTCGGTGTTGACGGGACGCTGCCGCATGGCCTCGCCCAGGTAGTAGTACGCCCGCTCCCGGTCCACGTATTCGGGGTAGGTCTCCATCAGCGTCTTGAGGCGCATCTCGGCGGGGGCGAACTGGTAGTTCTTCACCATGAAGATCCCCACCATGAGCTCGGATTCCGCCAGGCGGCGCCAGCACTGGGTGATCTTGGCCTTGGCGTCCACGGCGTAGGCGGAGCCCGGGGCCTCCTTCAGGAGGGTCTGGAAGGCGTCCAGGGCCTTGCGGGTCTCGGACTGGTCCCTCTCGGCGTTCTCGATCACCGCGTAGTGGCAGAGCGCGATGCGGTACAGGGCGTAGTCCCTGCGCTCGTGCCGGGGGAAGTAGTTCAGGAAGCTCTGGTACTCCACCAGGGCCTCGGGGTAGGTGGTGGTGGACCCGAAGAAGAAGCTGTCGGCGACCATGAGCTTGGACAGGGGGAATTCCTTGGACGAGGGCAGGCGCTCCTCGATCACCCGCAGCACCTTGCGGCCTTCCTCCCACTTGCCGTTCTGCAGGTAGATCTCGCCTTCGGCCAGGATCTGGGCCGCGGTCTGGCCCAGGGCCTCCTCGGCCTTGGCCTTGGGCTTTTTGCAGGCCGTCGCCCCGACCATCAGCAGGAGGCCGCAGGCGAGAATGGGAAGCGTTCGGGTGAGGTTCATGGATTTCCTTTGGTTTCTCAATTCAACATGGCGGCAGGAAGGGCATTGGTTCCTGCCTTGGCAGGAAAAACCTTGGCCAGCCATTCCTCGGTGATGCGTTCCGCGTCGATCCGGCGCAGGTCATGGAAGACTTCGTGGAGGAAGCCCGGGAGCCGGTGCCGCTCCAGCCGGCCCTGGGGGACGGCCTTCCACAGCTCCTCGGCCCCGTCGGGATCGGCGATGGTGTCCTGGCCGGCCTCCAGGAGGAGGATGGGGCGCTCCAGCTCGGCGCCCATGGGCAGGAGCTCCCGGCGCCCCTCCTCCATGGCGTCCAGGAAGGCGGCGGTGATGAGGTGGTGGCAGAGGGGGTCGTCCCAGTAGCGCTGGACAAGCACGGGGTCCGAGCACACCTGGGTCTTGTCCCCCTTGATGTCCAAGGGCCGGTGGGGGGCGGCGTACAGCAGGACCTTCTGCAGGAGCCGCAGGGGCAGCGGGATCTCCCGCAGGGCCACCGCGGGGCTGGAGGCGATGAGCGCGTCCAGGGTGTCCGGGTGCCAGAGCAGGACCAGGAGCCCCACCAGGCCCCCGAAGCTGTGCCCGAGCAGCACCTGGGGCCACACGGGCCGGAGGGAGCCCCGGCTCAGGGTGTCGTTGAGGCGCTCCTGGCGCAGCACCAGGGCCAGGTCCTCCACCGGGGCCTTGATGCCCCTGGCGTCGCCCCGGACCCCGCCGCTGCGGCCGAAACCCTGGTGGTCCATGGCCGTGACGGACCACCCGGTGCGGTGCAGCCACTTGGCGGTGTGCCGGTAGCGTTCCCCGTGCTCCCCGTAGCCCGGGGAGATCACCACCCGGCCCCGGGGGCTGGGGTGGTCCCACCGGGCCCAGGCCAGCGGGGTGCCCCCATGCCCGGTCAGGAACCCCCTCGCGGTGGGCTCCATGTCCTCGGGAAGGATGGAAAGGGTTTCCGGCATCCCCTGAGGATACCTTGGGATTCGCGGAACTTCCCCCCCCAGGTTTCGGAAGGGGCCCCGGAACGGCTACGATGGGGGATGGACTTTGATAGCCTCGTCAGAGCAAAAAACGAACTGGAACCCCGGGTCGGCCAGCTGCGCCGG
CP132910.1_gap66	2608209	2612325	4116	GCCGTGACCCTTGCCCCGGACGGCTCGACCCTCTACTACGTGTCCATCCAGGCGGCCCCGGGCAGGGCCCTGCGCAGCGTGTCCGACGCAGCCCTGCTGGCGGTGCGCAAAGGCCCGGAGGGGTGGGGCAGGCCGGAATGGCTCGGCAACCTCCTGGACGACAGCCTCGAATCCTTCATCGATTCCCCGTCCGTCACGGCCGACGGGACCCTTTATTTCACGGGCAGCAAGGGCAACCTCGCGCCGAATTCCCTGCTGTACGCCGCGAAGCCCTCCGGGAAGGGGTTCGCCCCGGGCATCCCGCTGGCCACCTTGAACCTGCCGGACCAGGACCAGGCGGAACTGGCCGTCAGCCCCGACGGCAACACCCTGGTCTTCTCCAGCAACCGCCCGGGAGGAGAGGGAGGGAGCGATCTCTACCTCAGCCGCCGTTCCGCGGACGGATCCTGGTCAAACCCAAGGAATCTCGGCCCCGGCATCAACACCAAGGGCACCGAAGCCAGCCCGGTGCTAGGGCCGAACGGGCGCACCCTCTACTTCTTCAGCACCCGCGACGGGAAGCCGGGGATCTACCGGACCCTGCTGCCCTAGCGGCGGGTCTTCTCCAGCGTGTTGTTGTGCTTGAAGGACCCGATCAGGAGGTTGGCGTCCTCCTCCACCTGCCCCGTGTCCAGCGCCTCGCTGCCGTTCCAGAACTTCTTGTTCAGGTAGTTGACCTGGTACCCGGCCAGCTCCGGGAAGCTCCGCAGCACCGCGAAGACCAGGTGCACCAGGGGGTCGCTGGTGGCGTTCTGGATGGCCGTGGCCTTGTTCAGCAGCAGGTTGTTCTCGTACCGGTTCAGCATCCGGGAGTAGAAGAGGACCTTGCCGTTGACGGTGATGTGCGAGCCGTCCGTGGCGATGGTGATGACCTTGCCGGCGGAGGTGACGTCGAACTTGAACTCGGCGCCCCGCTTGAAGGCGGTCATGAGGCTCTGGAACTTGGGGTGCTTGATGTAGGAGATCCCGTAGTCGATCTTCTTGGGGGCCAGCTTCAGCTCGCCTTCGGTGGGGCCGTACATCATGTGGTTGTAGCGCATGGCCTCCAGGCGCTCCTCGGGCGTCTGGCGCTTTTCCTTTTCCTTCTTGGGAGCCTTGGGTGCTGCGGTCATCGTGTTCCTTTGCTCAGTGGTGGGCGGGGGCCGGGGCGCCGGGGGCGGGGGCGTAGTCGACCTTGCGCCCGAAGACCAGCCAGAGCCCGAACAGGACCTCGATGGCCACGCCGAAGCCCCTCAGGAGCCCCAGGGAGCCCTGGAACCATTCGTAGGGGTGGCTGAGGATCCCGGCGAGGATCATGGCGGCGCCGTAGGTGACCAGGAAGCCGCCCCAGCGGGCTGCCCAGGAGGGACCCGGACGCACTTCGGAGGGGAGGGCCTCCCGGGGCTCCGACAGCTCGCCCAGGAGCTGGGTGCCCTGGAAGAGCAGGATGGCCGCCAAAACGTACAGGGAGATGTAGAACAGCATCACGTGCTCCTCATTCCTTACAGAAATAGCATGGAACGGGCCCTCCCGGAGAAAGTCCTTGACCCAATCAATCGATTGATTAAGATGAAGAGAGCTTGATCATCCGTTTGATTAAGCCTTTCCGAGGTCCCGATGACCCACCCCGAAACCGAACAGTCCTCCCGGATCCGCCTTCTGGAAGCCGCCATCCTGTGCTTCGCGGAGAAGGGCTTCGACGCAACGGGCATCCGGGAGATCGCCCGCCGCGCCCAGGCCAACTCGGCCCTGGTCCAGTACCATTTCGGCGGCAAGACCGGCCTCTACGCCGAGGCCCTGCGCCACATCTTCAATTCTCGTCCCGTGATGCCGCCCCTGCCCCCGGCCGACACCGAAGGGCCCGAGGCCAGGCGCCTGGCCATCCTGGCGGTGGGGGAGATGATCGAGTCGCTCATGAACGAGCTCATGGCCTGCTCCGGCGGCACGGAACTGGACCAGGCCAGCCTCCTGCTGGTGACCCGGGAGCTGCAGTCGCCCCGCCAGGACGTGGCCGACCTGATCCTGGAGCACCTGCGGCCCACCCAGGAGCACCTCATGGCCTGCATCCGGATCCTCCGCCCGGACCTGGAGCGGCTCCGGGCCCTGGAATTCCTGAACAGCATCTTCGGCCAGGTGGTCCACCTCCACAACAACCTCAAGCTGATCCGCCTGGTCCGGGGGGAGCCCGACTATCCCCGGGACCTCAAGGCCGTCGCCCGCCACATCACCGAATTCAGCCTCCGGGGCCTCGCCATCCCCGAAGCGTTCCCAGGAGCATGACCATGGTGTTCTTCCCCCCCGCGGCCGAAGTGGCCCAGCTTCCCCCCACCCCGCCCCAGGCGCCCCCCCTGGCCTTCGACCTGGGCGGGGCCCTGGCCCGCGCCCGCACCGAGAACCCCATGCTGCAGGCCTCCAAGGCCCGCGTGGAGGAGCGGCGCGGCCTCATCACCAGCACCCGCGCCGACGCCCTGCCCCAGGTTTCGCTCAACGGCGACTTCACCCGGGTGCGCGACGTGTCCCTCCTCAACAGCAACCTGGGCAGCGTGGTCGGGGCCTTCGGAATGGAGCCCTCCAGCCTCGTGTCGCCCACCACGCTCTACACCACCTCGGCCACCGTCTCCCAGCCCCTCTTCTACTGGGGCAAGCTGGGCACGGCGGTGAAGATCGCGAAGATGGGCGAGAAGGAGGCCGCCTTCGCCTACACCACCGCCGAGCTGGACACCCTCCACGGCGTGGCCAAGGCCTACATCGGGGTGCTGGCGGCCCAGGCCGAGCTGGAGGTGGTGCAGACCCGCCTTCGGACCGCCGAGCAGTTCCTCAGCGACGTGAAGGCCAAGCTGGACGCCCAGAGCGCCACGGAGCTGGACCGGCTGCGGGCCGAGAGCGAGTACCTGGGCGTGGTGCCGGAGAACCTCCAGGCCGAGGCCGCCTACAAGCGCGCCATGGAGCTCCTCAACGGCCAGCTGGGGCTGGATCCCCGGACCCCCCTGAAGCTGACCGACCCGGGGGTGCCCGACACGAGCCTGTCGATCACCGCCGCCGAGCGCAGCGAGATCTCCCAGTTCAAGACCCAGGAGGCGATGTACCGCGCCAACGACCAGATCATCAAGTCCGACCTTCGGCCCAAGTTCGACTTCAACGCCTCGTACGGCTACCAGGCCAACCGGACGCCCAACCTCTTCAAGGAGCCCTACGACACCTGGCGCGTGAACGTCACCATGAAGTTCCCGGTCTTCGACGGCCTGCGCTCCTCCGGCAAGCGCGCCCAGAACCGCGCCCAGCTCGAGCAGGTCTCCCAGGCCCGCATCGACAAGGAGCGCGCCATCGCGGTGGAGCGCAGCAGCGCCGAGCGCGAGATGCAGAAGGCCCTGGCCTTCCACGACGCGGCCCGGTCGGCCTACAAGGCCGCCCTGGAGGCCCTGCGCAACAGCCGGGAGTCCTACGACCAGGGCCTGATCACGTCCCTGGACCTCCTCCAGGCCGAGCGCGCCGAACGCCAGCAGGAGAGCCAGCGCCGCCGCGCCCAGCTGGGCGTGTGGACCGCGCTCTTCGACTACCGCCGCTCCTGCGGCCTCCCTCCCCTTTGATCGTCCCGGACCCCACGAGGTAACCCATGAGCTTCCCCAAAACCATCGTCTACGCGGCCCTTCCCGCCGTCCTCATCGCCGGGACCATCAGCGTCCACCAGTACCGCAAGCACGCGGAGATCGTCCGCCAGCGCGGAACGAAGCTGGAGGGCTTCGTACCCGTCACCCTCGCCCCCGTGGAGAACCACGCCTTCCGCGGCGCCATCGCCTTCACCGGCACCCTCCTGGCCGTGAACCGCGCCGAGCTCAAGGCCGAGGTCTCCGGCCGGGTGACCCGCGTCATCGTCCAGGAGGGCGACCGCGTCGCCGCCGGCGCCGTGCTCTCCGCCCAGGACGAGGACGACCTCCTCCTGTCGGTGCAGGCCGCCGAGGCCCAGCTGGCCCAGGCCCAGGCCCAGGCCCAGCAGGCCAGGCGCGACAACGAGCGCGCCCAGAGCCTCCTGGAAAAGCGCAGCGTCACCCGCCAGTCCGCGCAGCAGGCCGAGACCAACTTCAACGCGGCCATGGCCAT
CP132910.1_gap67	2616021	2618382	2361	GATGCTCACCCTCATCGTGATCCCGGTGTTCTTCGACCTTCTGGACGCGTTCACGTGGAAGAAGGCCTGGGGCAAACTCAGGGACCGCCTCCCGCGGTAGGACGGAGAAAGGGCCCGGTTCGCCGGGCCCTTCCTCTTCAGGGAATGGATCAGGCTTCGATGCGCGTCCCCAGCACCTTCAGGAACTTCGCGATCCAGTCCGGATGGGCGGGCCACGCGGGGGCGGTGACGAGGTTGCCGTCCACGTGGGCCTTGTCCACGGGGATGTCCACGAAGACCCCGCGGGCCTCGGTCACTTCGGGGCCCACGGCGGGGTACGCCGAGCAGGGCCGGCCTTCCAGGACGCCGGCCGCGGCGAGAATCTGGGGCCCGTGGCAGATGGCGGCGATGGGCTTGCCGGCCTTGGCCATGGCCCGCACCAGGTCCAGGACCTTGGGATTCAGGCGCAGATACTCGGGGGCGCGGCCGCCGGGGATGACCAGGGCGTCGTAGTCCTCGGCCCGGGTCTCGGCGAAGGCGGCGTTCAGGGTGAAGCGGTGGCCGGGCTTCTCGGAGTAGGTCTGGTCCCCCTCGAAGTCGTGGATGGCGGTGCGCACGAAGTCGCCGGCCTTCTTGTCCGGGCACACGGCGTGGACGGTGTGGCCGACCATGAGGAGCATCTGGAAAGGGACCATCACTTCGTAGTCCTCGACGAAATCGCCGACGAGCATCAGGATCTTCTTCGCTGCCATGGGAGCCTCCGGGGTGGGGTGGGGGATAGCTGCCGAATTCTAGCTCCGCTTGGGTAAAATCCGCCATGAAAAAGGCCGGCTCCAGGGAGCCGGCCTCTGGGGTGCCAGGCCGCGCTAGGGCAGCACGGTGAAGGTGTCGGTGCTCGCGGCCGCGGTTCCGAAGGCCGTGAAGGTCACGACGCCCGTGGTGGCCCCGGCGGGAACGGTGGCCGTGATGGTGTTGGGGCCGACCACGATGAAGCTGGCGTTCGGACCGCTGCCGAAGACCAGGGTGGAATTGCCCGAGGAGGTGGGGTCGGAGAAGCCGGTCCCGGTGATGGTGATGGTGGCGCCGACCTTGCCGCTGAGGGCGGACAGGGAGGTGATGGAGGGATTCACGGTGAACAGGGAGGGGGAGGAGTCCGATCCCAGCGCATTGGTGACGGAGATGAAGCCCGCGGCGGCGGCGGCGGGCACCTTCACGGTGAGGGTGGTGTCGCTGGCCACGGTGAAGTCCGGCGCGTCCGCGCCGCCCACGGTCACCTTGGTGACCCCGGTGAACCCGGTGCCGGTGAGGGTCACCGTCTCGCCGACGGCGGCCTTCTGGGGGGCGATGCCCGTCACGGCGGGCTTGTTGACGGCGTCGGGCACGAAGGTGAAGTTCGAGGAGCTCGAGCAGGTCAGGCCGTTGGTGGCCACGGTGATGACCCCGGTGGCCGAGCCCGCCTTCACGTTGGCCTTGATCGTGTTCGAGTCGATGACGATGAAGCTGGAGGCCACGGCGTTGCCGAAGGTGACCTGGGTGGCGCCCGAGAACCCGGTCCCGGTGAGGGTGACCAGGGTGCCGGAGGGCCCGGTGGCGGGGGTGAAGGCGGAGAGGGTCGGGGTCACCAGGAAGCGCGCCGCCGAGGTGGCCGTCCCCAGGACGCCGGTGAGCTGGATGAAGCCCGAGGCCGCGGCCGAAGGCACCTGGACGCTCATCACCGTGTCGCTGGTGACGGAGAAGTAGGAGCTGATCCCGCCGATGGTGGCGCCGGAGACGCCCGTGAAGCCCGATCCCGCGAGGACCACGTAGTCCCCGGTCCCGGCCTGGCTGGGCGCGAAGGAGGTGAGCACGGGAGCCTCGACGCCGCCCCCGGAATAGGTGAAGGTGGGCGAGGTGGCGGTGAGCTGGACGCCGGCGGTGTTCGTGGTGACGGTGATGGGGCCGGTGCTGGAACCCAGGGGCACCACCGCCTGGAGCTGGGTGGAGCTGTTGACGTAGAAGTTGGCTGCCGGCCCCGTGCCGAATTTGACGATCTGGGCCCCGGTGAAGCCGGTGCCCGTGAGGGTCACGGTGGTTCCCGGGGAGCCGCTGGTGGGGCTGATGGCGGTGACGGTGGGGATGACGTTGAAGTTGGAGGTGCTCCCGCCGCTGCCCAGGGAGTTCACCACGGCGATGACGCCCGACATGGCCTGGTCGGGCACCGTCACGGTCATGGAGGTGTTGCTGTGCCGCTTCCAGTCCGCCGTGGCGCCGCCGACGCTCACGGTCGTGGTCCCGTCGAAGCCCGAGCCGGTCAGCTCGATGGCGGAGCCGGTGAGGCCCTGCGAGGGCGTGAAGGAGGTGATGACGGGGATCGACGAGGCTGCGGGGTTACTACTCTTGTGG
CP132910.1_gap68	2678569	2680620	2051	CTCCCGGCGCCGGACCAGGCCCTGGGCCTCCAGGCGGATCGCCAGGCGCGACACGTCCGCGAACCGGTAGAGCATCCGGCGCCGGATGTCCTGCACAAGGTAGCCGCCCTCGGGTCCGCCCCGGAGGATCCGCAGGAGGTTGTACTGGGGGTCCGAAAGCTGGAACTCCGCGAAGACCCGGTTCTCCAGGAACCGGCCCAGGAACTCCCGGGTGAGGAGCACGGCGAGGATCACGTCCTCCCCCTCGGCCGGGGGACGGGACATCCGCAACTCCTCCCGCAGGTCCATGGGCGCCTCCGGGGAGCAGTGTAGCAAAAAATTCCAAAATACGGGTTGCAACTCATGAGTTTCAACTCATATTGTATTGCGCGTTGAAACGCGTAAAAAGGAGACGCCCATGACCAACCTCAGCCATCCCACCCTGAGCTCCGTGCTCGGCACCGCTTTGTTGCTCGCCTCCCCGGACCCGGCGTTTGCCAGGGACCTCTACCGGATCGACCCCACCCACTCCCAGGTGGGCTTCCGCGTGCGCCACCTGGTGACCCGGGTGCCGGGGGAGTTCCGGGTCTTCGAGGGGACCCTGGAGGTGGACGGCCAGGACCTCTCCCGGTCCTCGGTGGCCGTAACGATCCAGGCCGCCAGCGTGGACACCCGGCTGGAGGCCCGGGACAACCACTTGCGCAGCGCGGATTTCTTCGATGCCGAGCGCCACCCCCTCATCACCTTCCGCAGCACCCGGGTGGTGGACCGCGGCCAGGGGCGCCTGGAGGTCACCGGGGACCTCACGATCAAGGGCATCACCCGGCCCGTCACCCTCGCGGCGATGAGCCTGGGGGCGGTGCGTACGCCCTTCAAGGACACCCGGGCGGGGTTCGAGGGCACCGTGAAAGTGAACCGCAAGGACTTCGGCATGAACTGGAACCTCCCCCTCGACCTGGGCGGAACGGTGCTGGGCGAGGAGGTGGAGATCTCCCTGGCGGTGGAAGCGATCAAGCAGGAGGCGCCGTGAGCGCCGGACCTGCACCGGACGGGGGGCTCGCGCGCTAAAGTTAGGCCTTCCCCCCCGCTCCGGAGGCACGCCCATGGACCCCACGTTCTATTGGCACGACTACGAGACCTTCGGAGTCGATCCCCGGGCGGATCGGCCGGCGCAATTCGCCGGACTGCGCACCGACCTGGACCTCAGGGAGGTGGGGGAACCGCTGGAGATCTGGTGCCGCCTCTCGCCGGACTACCTGCCCCAGCCCGAGGCCTGCCTGCTCACGGGGATCGGACCCGGGGCCGTGGGGCGCCTGGGGCTGCGGGAGGCGGACTTCATCACCGCCATCCACACGGAGATGGCCCGGCCCGGGACCTGCACCGTCGGCTACAACAGCCTGCGCTTCGACGACGAGGTCACCCGCTCCACCCTGTTCAGGAACCTGCTGGATCCCTACGCCCGGGAGTGGAAGAACGGCAACAGCCGCTGGGATCTCCTGGACGTCCTCCGCCTGGCCCGGGCCTTCCGCCCCGAAGGGATCGTCTGGCCGGACCAGGAGGACGGCACGCCGTCCTTCCGGCTGGGGGACCTCACCCGTGCCAACGGGATTCCCCACGGGGAGGCCCACACCGCCCTGGCCGATGTGCGGGCCACGCTCGCCCTGGCCCGCAGGCTGAAGGCGGCCCAGCCCAGGCTCTGGGACTTCGCCCTCAAGGCGCGCGGCAAGCAGTGGGTGCGCGCCCAGGCCGATCCCGCCCATCCCCAGGCCCTCATCCACGTCTCGGGCATGTTCAAGGCGGCCCAGGGGTCCTTCTCCCTCGTCTGGCCCGTGGGGGACCAGCCGGACCGTCCCAACGAGATCGTGCTCTGGGACCTGCGGGTCCCCTTCGAGCCGTTCCTGGACCTGGACGTGCCGGCCCTCCGGGAGCGGATGTTCGCGAAGGCGGAGGACCTGGCCTCGCGCGGCTGGGAGCGCCCGGGCGTGAAGACCCTGCACACCAACAAGTGCCCGGTCATCGTGCGGGACCTGCGCCTGCTGACGCCGGCGGTGGCCGAACGCCATGGCCTCGAC
CP132910.1_gap69	2686266	2687311	1045	CATCCGGGAAGCGGCCACGGACAGCCTCCGGCTCTACCCCGACCCCACCTCCGCCCGCCTCCGGCAGGTCATCGCCGCCCGCCACGGCCTCGATGCCCGGCAGGTGTTCGTGGGCAACGGCTCCGACGAGGTCCTGGCCCTGGCCTTCCTGGCCCTGCTCAAGCACGACCGCCCCCTGCTGTTCCCTGACATCACCTACAGCTTCTATCCCGTCTACTGCGCCCTCTACGGCATCGATCACGAGCAGGTTCCCCTGGACGGTGAATACCGCATCCGGGTGGACGACTACCGGCGCCCCAACGGCGGCATCATCTTCCCCAACCCCAACGCGCCCACCGGCCGCTGGCTGGACCTGGACGAGCTGCGCACCCTCCTGGCCGCCAACCCCGAATCCCCCGTGGTGGTGGACGAGGCCTACGTGGACTTCGGCTGCGACTCCGCCGTGACCCTCATCCAGGAGCACCCCAACCTGCTGGTGATCCACACCCTCTCCAAGGGCCGCTCCCTGGCCGGCCTTCGCCTGGGCTTCGCCATGGGACACCCCGGCCTCATCGAGGCCCTGGTGCGGGTCAAGGACAGCTTCAACTCCTACCCCGTGGACCGCCTGGCCATGGCCGGCGCCATCGCCGCCCTGGAGGACGTCCCCTGGTTCGAACGGACCCGCCAGGCCGTCATGCGCAGCCGGGAGGCCCTCACGGCCAGCCTGGGAGCCCTGGGCTTCGAGGTGCTCCCCTCGGCCGCCAATTTCATCTTCGCCAGGCACCCCCGGTGGGCCGGCGCCGACCTGACCGCGAAACTCCGGGAACGGGCCATCATCGTCCGGCACTTCAACCTGCCCCGCATCGATGCCTTCCTGAGGATCTCGATCGGGACGGACGAGCAGTGCGGGGTGCTGGTGGACGCGTTGCGGGAAATCGTGGGAAAGGGACAAACCACCTAGAAGATGATCAGATGCAGCACGCCCCGCAGCAGGATCCCCACCACGGCCCCGGCGACGGCCGGGCGAACCACGGAGGCGCAGCGGACCCCGGCTGAAATGAGGACG
CP132910.1_gap70	2877486	2879315	1829	GGAGCTGGGCCGGACCCTCAGCATGGACCTGCGCAACCTCGACCCCGACGTGCCGCCCATCTCGCGCATGGACGGCTTCGACCTGGTCACCGAGGGCGCCATCACCCTGGCCCGCATGGTGCGCCTCCTGGAGGACGAGGAGTCCCCCGACCTCCTCAAACCCAACGCCGCGACCCAGTTGGCCGGCATCCTCCTGGACAGCGACATCATCCACATCGTCGCCGGCACCAAGATCAACGAGGCCCTCCAGGATCCCAGCCTTCCCGAGGACCTGGACATCCGCAGGAACATCCTCCGGGGGCTAAAGAAGGTGCTGACCGAGAAGTTCCTCAAGGAAGTGCGGATCCGGTTCATCTGAATTTATCCTTGTCAGAAGGAGAATCTTGGCCTAAATTCCCCTTCTGAAAAGGAGAATTTCGGTCATGGTTGATGCCCGCCTCAAGGACGTCCTGCTCGAGAAGCTGGCCGATTCCCTGGCTTCCCCGATCCCGGAGGGAACGCCCCGCGAGGTCCACGGCCTGAAGGCGTTTGCCGGAAAAGCTACGGTGGTGGTGGGCATGCGCCGGTCCGGCAAGACCACCCTCATCCACCAGATGAGGCTGGAACGACTGGCGAGGGGGGTTGGACGCGACCGCCTTCCCTACGTGAACTTCGAGGATGAGCGCCTGGCTGGGCTGGAGGGTGCCCAGCTGGGCTTCCTCGTGGAGGAATATGGCCGCCGGGTTCCCGGGGCCCGGCCCGGGGAACCGGTCACCTGGAGCTTCGACGAGATCCAGGTGGTCCCCGGCTGGGAACGGTTCGTGCGCCGCCTCCTGGATGGCGGGGAGGCAGAGGTCCTCCTCACGGGGTCCTCGGCGGCCCTGCTGTCGCACGAGATCGCTACGGCCCTCAGGGGGCGGGCCTGGGAGGTCCCGCTCTACCCGTTCAGCTTCCCGGAGGCGCTCCGTCACCAGGGCCGGGCCGTTCCGGAAAGGCCAGGCTTCGCCACCGCCGCTGGGCGCGTGGAAATGGAGAAGGCCTTCCTTGCCTGGCTCACGGTGGGCGGCTTCCCTGAAGTCCAGGGGCTGGACCCCGCCGCACGGGGCCAGCTGCTGAAGGACTACGTGGACGTGGCCATGCTGAGGGATGTCATGGAGCGCCACGGGGTCACCAACCTGACCGGCCTGAGGTGGCTGGTGCGCCATCTCCTGGGAAATGCGGGAGGCCTTTTCAGCGTCGAGAAGTTCCATGGAGCCCTGAAGAGCCAGGGCGTGGCCATCGCGCGTGACACCGTCCACGACCTGCTGGCCCACCTCGAGGACTGTTTCCTGGTGCGCACGGTCTGGATGGAATCGAACTCGGAGCGCCAGCGCATGGTGAATCCGCGCAAGGCCTACCCGGCGGACCCCGGCCTGATCCCGATCTACGACCGCAGCGGCCGGAGCAACCTTGGACATGCCCTGGAAGCGGCTGTGCTCATCGAACTGCAGCGGCGGCGGGCCGAGGTGACCTACGTGCGCACGCCGGAGGACCACGAGGTCGACTTCCTTGCCCGCACCCCGGAGGGCGGGATGGAACTGGTCCAGGTCTGCGCCGACGCATCCGACCCGGCCGTGGCGGACCGGGAACTCAGGGCCCTGGCCGAAGCGGCAATACGCTTCCCCGGCGCAGGGCAGCGCCTTCTGACACTGACCCGGGACGGCGCCCCCTCCGCGGTGCCCCCGGGAATCGCCGTTCAGCCGGCCTATGAGTGGATGCTCTCCCGAAATGCCCCTTGACCCAGGAGCCGGATCCTTAGGATTCTGGATCCGGCCGGCCTCCCGCCGGCAGCCTGTGCCCATAGCTCAGCC
CP132910.1_gap71	2898351	2900982	2631	GGATCTTCAGGATGAAGCTGTCGATCTGCAGGTGGCCCGTGGGCGTCTTGTAGTACTGCCGCAGGCCGATCCAGACCAGGGCGATGAAGATCAGCACCACGTAGAAGTAGTTGATCAGCACGTTGGAGATGGCGATGCAGATGAGGGTCGGGAAGGGCAGGCTGCTGCCCATGCCCTCATACATCTGGGAGAACACCGGGATGACCTTCACCATGATGATGGCCACCACCACGATGGCGATGATGATGACGGTGATGGGGTAGGTCATGGCCCCCTTCACCTTGGCGGTGAGCTTCACGGCCTTCTCGATGTAGCCGGAAAGGCGCTGCAGGATGATGTCCAGGATGCCGCCGGCCTCGCCCGCGCCCACCATGTTCACGTACAGGTCGTTGAAGGCCTTGGGGTGCTTGCTGAGGGCGGTCTGCAGGGTGGCGCCCTGTTCCACGTCCCTGCGCACGGCGGCGATGATCTTCTGGAAGCCCTTGTCGGCCTGCTGGGCCCCGAGGATCTCGAGGCACTGCACCAGGGGCAGGCCGGCGTCGATCATCACGCTGAACTGCCGGGTGAAGATGGCCAGTTCCTTCGCCTTGACGCCGCCCAGGGACTTGCCGCCCGCGGCGCCCTGGGGCTTGATGGAAATGACCTGGATGCCGTTGCGCTTGAGCGTGGCGGCGCCCCCGTCCCGGGTTTCGGCGACGATGACCCCTTCCTGAATCTCCCCGAGCCGATTCTTGCCTTTCCATGCATATGCGGGCATCAGAACCTCTTCAAGATTTGGGACGTGTCAGTGGGACCAGGATAAGGCCAATGTTTAGCCATGGGAAGCCATGATGTCCTTATTCTAGGTGTATTTAATATTGGGATTCCGGCCTCCCAGCACGCTGTTCGGCTGGCTCGTTGGCTTGCCCTGGTTCATGGGCACCATGTTCTGGGTGCCGACGCCCCGGTTGATGAGCTCGCGCAGCTCGTCCTGGTTGGAGGAGTAGGACATGGCCATGTCCTGCGTGATGTCGCCCTTCAGCACCAGCTCGGAGAGGCTCTGGTTGAAGGTCTGCATGCCGAACTTCAGCTGGCCGGTCTGCATGGAACTGTAGATCTGGTGGATCTTGTCCTCGCGGATCAGGTTGCGGATGGCGGGATTGGGGATCATCACCTCCAGGGCCAGGCACCGGCCCTTGCCCGACGACTTGGGGATGAGGGACTGGCAGATGACCCCTTCCAGCACCAGGGAGAGCTGGGCGCGGATCTGGGGCTGCTGGTGGGCGGGGAACACGTCGATGATGCGGTTCATGGTCTGCACGCACGAACTGGTGTGCAGGGTGCCGAACGTGAGGTGGCCGGTCTCGGCGATGGTCAGGGCGGCCTCGATGGTCTCCAGGTCGCGCAGTTCGCCCACCAGAACCACGTCGGGATCCTGGCGCAGCGCCGAGCGAAGGGCCTTCTTGAAGCTGTGCGTATCGGCGTGGATCTCGCGCTGGTTCACCAGGCAGCGCTTGTGGTGGTGCACGTATTCCACGGGATCCTCGATGGTGAGGATGTGGAGGGGCTCCACCTCGTTGATCCGGTCGATCATGGCGGCCAGGGTGGTGGACTTGCCCGAGCCGGTGACGCCGGTGACCAGGATCAGGCCGCGGGGCTTGTCGCAGAGCGTCTGGGCGATGGGGGGCAGGCCCAGCTGCTCGAAGCTGCGGATGGTCTCGGGAATGGCCCGGAACACGCCGGCGGTGGCGCCCTTCTGGTTGAAGACGTTGGCCCGGAAGCGCGACACCCCCTGCAGGCCGAAGGAGAAGTCCACCTCCAGGTCCTCCTCCAGGCGGTGCTTCTGCTGGTCGGTCATGACGCCGTAGCAGAGCCACCGGGTCTGGGAGGCCTCCAGGGGCGGCAGCTTCAGGGGGACCATGCGCCCGTCGATGCGCACCTGCGGGGCGGTGTCGGTGGTGACGTGGAGGTCGGTCCCCCCATATTCGACCATCGTCTTCAGGAGCTGCTGGAGGGGCACTACGTACTGGGCACTGGGTTCGACCATGATTGCTACCCCTTTATGGGACTAGAGGACCGTCTCGCGGACGATTTCCTCGATGGTGGTGACGCCGTCCAGGACCTTGCGGCAACCCGAACGCCTCAGGGTGATCATCCCTTCCTTCTGGGCCTGCTCCCTCAGCTCGATGGCGCTCGCCCCGGTGAGGATCATGTCCTTGAGAGTCTCGGACATCTCCAGTACTTCGTAAAGCCCCACGCGGCCCTTGTAGCCCCGGCCCCCGCAGATCTCGCAGCCGGCGCCCTTCTTCAGGATGACGCCGCGCTTGACCTCCTCCTCCGTGAAGCCCACCTTGAGCAGGGCCTCCGGGGGCGGCTGGTGCGGATCGGGCTGCTTGCAGTTGGCGCAGATGCGCCGGACCAGGCGCTGGGCGCAGATGATGTTGACGGAGGTGGCCACCAGGAACGGCTCCACGCCCATGTTCATGAGGCGGTTGATGGTGGAGGGGGCGTCGTTGGTGTGGAGGGTGGAGAGCACCAGGTGGCCCGTGAGGGAGGCCTTGATGGCGATCTCGGCCGTCTCGAAGTCCCGGATCTCGCCCACCAGGATGATGTTGGGATCCTGGCGCAGGAAGCTGCGCAGGGCCGCCGCGA
CP132910.1_gap72	2955011	2956852	1841	CACGTCGGGCGGCTGGATGATCTGGGCGGCGCAGGCCGCGCCCAGGAGGGCCAGGAGGAACGGTCTCGGGTCGAACATGACTCCAGATTAGCGGACCGTGATCCCGCCGTTGGTGGTTTCCAGCGTGATCTTCTGCTCCCGGCCCGGAACCTTCACCCGTGCCGAGTGCTTGGCCGATTCCACCACCGTGGCGCCCGCGACCTTGATGTCGATGCCGCCGTTGGAGTTCTCGGCCCGGATATCGCCGGTGGCCTTGCCCAGCACCACCTCGATGCCGCCGTTGGTGCTTTCCAGGCGGATCCCCTCGCCCCAGCCGTCCAGGTTCCTGGCGACGATGCCGCCGTTGGTGGTCTCCAGCTGGATGCCTCCCTCCACGTCCTCGAGGCGGATCCGGCCGTTGGTGGTGCCGCCCTTGATGCGGGCCTTGAGGTTGTAGGCCTCCAGGGCGCCGTTGGTGGTCTCGGCCAGGCATTCGCCCTTGAGGTCCCGGATCACCACGTCGCCGTTGGTGGTCTCGCACCGGGCGTAGCCCTCCAGGCTGGCCACGGAGACCGGGCCGTTGGTGGTGCGGAAGTGCCCCATGACCCTGCGGGGCACGCTGAGGGTCATCTCGCAGCGCGGGCTGGGGGCGAAGCCGAAGCTGAACACCACCACCGGCTGCTGGAACTGGGCTTCGATGTCCAGGTCGGCGCCCACGTGCTGGACCACCAGGTCGATCTTGCGCTTGGAGGTGTCCCGGATCTGGGCGACGAGGGAAACCTCCTCCTTGTCCCAGCCCACGACCCGGATGGCCCCGTTGCGGTTCTTCACCCAGAGCTTGGACCCGAAGGCCAGCTTCTCGGAGCGGGTCTCGGTGCGGTTGCCGGAGCCGGGCCCTTCCGCCGCCACCAGGCCGGCGCAAACCGTCAACGTCGCCAAAGCGATCCCGATCCTCATGGTGACCTCCGCATTCATGAAAGGTAACGCAGAAGAGGTCCCGCCGGGTTAGGGTCGCGTTAAGGTGGAGGGCACGGCGGAGTGTCCATGATCCAGGTCCCCATCAGCTTCCTGCCCCACGGCGAGGGCCTTCCCCTGCCCGAAAGGGCCACGCCCCACGCGGCCGGCCTCGATCTGCGGGCCGCCATCGCCGAGGGGGAGACGTGGACCCTGGCCCCCGGCGAGCGCCGCCTGGTGCCCACCGGCCTGGTGATGGCCATCCCCGAGGGCTTCGAGGGCCAGGTCCGGCCCCGGTCCGGCCTCGCCTTCAAGCACGGCGTCACCGTGCTCAACGCCCCCGGCACCATCGACGCGGACTACCGGGGCGAAGTGGCCGTGGTGCTGGTCAACCACGGGACGGCCCCCTTCTCCCTGGCCCGGGGCGAGCGCATCGCCCAGTTCCTCCTGGCCCCCGTGCCGGCCTGGGAATGGCGCCCCGAACGCGACGCCGCCGCCCTGGGGGACACCCAGCGCGGCGGGGGCGGCTACGGCTCTACGGGCCGGGACTAGCTACTTCTTGGGGGTGGCGGGCTTGGCGGCAGGCTTGGCGGCGGGGGCGGAAGCGGCCGGCTTGGCAGGCTGACCGGTGGCGGGCGTCTTGGCGTCGAAGCGCTTGGCCACCTCGTTGGTGAACGCCAGCATCCAGCTCTCCTCGCCGTAGGCGATGAGGCCCTGCTGGTACTGCAGCACCAGCTGGATCTTCTGTTCCTTGGCCACCGCGTCGACGATGGGGCCGACCTCCTGCTGGAACTGGCCGAAGACCTTCTGCTGGGTCTTCTGGAACTCGGCCTGGCTGTCCTCCTGGAGCTTCTTGAACTCGTAGTCGGCATCGCGCAGCTGCTTGGTGATCTGCTCCTTGCCGGCGT
CP132910.1_gap73	2959028	2962393	3365	TGGCCTTGTTGCCGCGGAAGGCGACCTTGTAGATCTTGACCTTGCCGCCTTCCTTGATGTCGAAGACCAGCCGCGAGACGGTCGGCCCCATGCTCTCCAGGGACACCTCGATGACCGGGTTCCGGAAGCCCTTCTCGGCGCACTGGTCGACGATGAGGTCCTTGACCTTGCGGGCCGCCTCCGGATCGTAGACGGTATCGGGGTTGATGGTGAGCTTCTTCTCCTTGATCTTGTCCTTCAGGGAGCTGAGGCCCACTTCCGTGCCGCCGCGGAAATCCACTTCCTTGATGAGGGGCCGCTCCTTGACGATGATGATGAGCTTCTTGCCGTTCTCCTCGTCATCGGCCTGGAACTTGATGTCGTCGAAGGCATTGGTGGCCCAGAGCTTGTCCAGGATCGCGGTGAGGTCCACGTTGCGCAGGTCGTCGCCCGGCTTCAGGCCGGTCTTGAAGATGATGGTCTCCGCCGTCTGCTTCTGCGCCCCGATGACCTCGATCTTCGTGATGACCTCGGAGTCCTGGGCCAGGGCCGGCAGGGCCTGGAGGCTGGCCGCCAGCACCAGGGGGGACAGGCCCCGTGCCCACTGGCTAAGAAGCGGGCGACGAGGGGTCTGGCGCTGGGGTTCGGCGAGCAATCTCATTCATGATCCATTACATAAGGTCGAGCATTGAATTCCCAAGGCCGAAAGGGCCGTCGGTCTCTCTGGAAGGTCCCCCGGCGAACCGGGCCGCCCGCAAGGCGGATTTCTAAATCATCCCTGGACCTCGGTGAGCTGGGGTTCGGTAACGGCGGGTGTCTCGGTGAACAAAGGTACGAGCTTCTCATCAACCAGATCGAAGTGGACCATGCCCGCGGGCACCTCCTCCTGGGCGACCATGAGCTCGGCGAGGGGGTCCTCCACCATCTTCTGGATGGCCCTGCGGAGCGGCCGGGCGCCGTAGGCGCGGTCGCGGACCGTGGTGCGCACCAGGAAGTCGCAGGCATCGTCCGAGAGGGTGACGACCAGGCTGTGCTTCTGGAGGGTGACGTTGAGGTCGTTGATGAGCAGGCGCACGATCTTGCGGAGCTCCGCGTCCCCGAGGCGGTTGAACACCACGATCTCGTCGATGCGGTTGAGGAACTCGGGCGGGAAGGTCCGCTTGAGCACCTTGAGCGCTTCGCCAGCTTTCGAATCCGGACGGTCATCCTTTATCCCGAAGCCAAGGTTCTTGTCCGGGAGGAGTTCCCGGCTGCCCACATTGGAGGTCATGATGATAATTGTGTTCTTGAAGTCCACTTGGTTCCCGAAGGCGTCCGTGGCCTGACCGTCGTCGAAGATCTGCAGGAGGACGTTCATCAGGTCCGGGTGGGCCTTTTCCATTTCATCGAAAAGGATGACGCAATAGGGGTTGCGCCGGATCCTGTCCGTGAGCATGCCGCCTTCTTCATAGCCCACGTACCCCGGAGGGGCCCCGAGCAGCTTGGAAACTTCGTGCTTTTCCATGAATTCGGACATGTCGAACCGGATCATCTTCTTGGGATCGCCGAAGAGGAACCCGGCCAGGGTCTTGGCCAGCTCGGTCTTGCCCACGCCCGTGGGGCCCAGGAAGAGGAAGGAGCCCATGGGCCGGGCGGGGTTCTTGAGGCCGGTGCGGGCCCGGCGCACGGCCCGGCTCACGGCGCTCACGGCCTCCTCCTGGCCGATGACGCGCTCGTTGATGTGCTCTTCCATGTGGGAGAGGTTGGCCTTCTCCTCGTTCTTGAGGGCCCGCACGGGGATGCCCGTCCAGGAGGCCACCACGTCCTCGATGTCCCGTTCGGTCACCTCGGCGAAGCTCTCGTAGTCCTCCTCCGACAGCTCCCCTTCGGTCCCGGTGATCTGCTCCCGCAGCTGCACTTCCTTCTGGCGGAGCAGCACGGCCTTCTCGAAGTCGCGGTTGAGCACCGCCTCGTTCATCTCCGTGATGACCCGGTGCAGCTCCTCCTCGGCCTTGTGGCTCTCCCCCACGGTCACGCCGCCGCGGAGCTTCACCCGGGCGCCGGCCTCGTCCAGGAGGTCGATGGCCTTGTCGGGGAGCGACCGGTCGGTGATGTAGCGGTTGGAGAGGTACACCGAGGCCAGCAGGGTGGCCGGGGTGTAGCGCACCCGGTGGAACAATTCGTAGCGGCTGCGGATGCCTTCCAGGATGCGCAGGCTCTCGGGCTCGTCCGGGGGGTTCACGTTCACCGGCTGGAAACGCCGCACGAGGCTGCGGTCCTTGTCGATGTACTTGGCGAACTCCTTGTGGGTGGTGGCGCCGATGCACTGGATCTCGCCGCGGGAAAGGGCCGGCTTCAGGATGTTGGCGGCGTCCAGGCTGCCTTCGGCGGCGCCCGTGCCGATGATGCTGTGGATCTCGTCGATGAAGAGCACCACGCTGGGGTCCTTGGACGCCTCGGCGATGATGGACTTCAGCCGCTCCTCGAACTGGCCGCGGTACTTGGTGCCCGCCACCACCAGGCTCAGGTCCAGCGCGTAGATGCGCTTCTCCTGCAGGCTCGGCGGCACGAGGCCCTCGTGGATCTTCTGGGCCAGGCCCTCCACGATGGCGGTCTTCCCGACCCCCGCCTCGCCCAGGAGGATGGGGTTGTTCTTGCGGCGGCGGGAGAGGATCTGGATGATGCGGTCCACCTCGGTCTCGCGGCCGATGAGGTTGTCGAAGATGCCGCGCTCGGCCAGCTCCGAGAGGTTCCTCGCGAACTCGGCCAGGAGCGGGTGCTCCTTCTTCTTCTTGGCGATCTTCTCCTCCTTGGTGGCTTCCAGGAGGATCTCCTTGGCGGCGATGAGGTCGGCGCCGGCCTCCTTCAGGAGGCGGCCCGCGAGGCCCTGCTCCTCCTTCAGCATGCCCAGGAGCAGGTGCTCGGCGCCCACGTGCTTGTGGTTGAGCTTGGCGCTCTCCTGGGTGGCGTGCTGGAGGATGCGCTTGACCTCCTCCTCCATGGGGATGTCGATGCTGGTCGAGCTGGGCGTGAGCCGTTTGTCGCGCGGGCTCAGGGCGGAAATGAGACGCTCCCGCAGCAGGTTGGTCTGGACGCCCATGCGATCCAGCAGCTGGATGGAGGTCTTCTCGGCCTCGCGCAGGAGACCGAGCAGGAGATGCCCGCTCTGGATGCTCTCCGAGCCGAACTGGCTGGCTTCGTAGCGAGCGAAGAACATGACGCGGCGTGCTTTTTCGGTGAATTTCTCGAACATGCGGCCCCCCCGGAATATTCTGAACCCCGCCTCCCCACTGAAGACAGGACCGGACACTAAAGGGTAGCCTCATCCGGTCCTGGTGTCCCCATTTGCTTCCGGTACCTAGGAGACCGGACCCCGGCGCGGTAATCTGGAGGATGGGGGTAAATGC
CP132910.1_gap74	2965686	2967047	1361	CGACCGTGCCGTTGGTCCACACCTGGAGGGTCAGCTTCTCGTAGTCCGTGCTGTGGCCCACGCGGGCGGGCTCGACGATGTAGTTCACGCGGATGATGGGGCTGTGGTTGGAATCCAGGGGGATGAACCCGAGGCCCAGCTTCTCGTCCAGGTTCCGGTCGGCCGTGACGAAACCGCGGCCCATGGAGACCTGGATCTCCATCTCAAGTTCCCCGTCCTCGCCCAGGGTGGCGATGTGCACATCGGGGTTCATCACTTCCACATTCTGGTTGCAGCGGATGGACCCGGAGGTCACCACGCCTTCGCCCTTGTGGCTGATGGTCACGATCTGGGGCTGGGAGGAATGGAGCTTGAAAGGGATTTCCTTGAGGTTCAGGAGGATGTGGGTGATGTCCTCCCACACGCCGGGCATGGCCGTGAACTCGTGCTGCACGCCCTTGATCCGTACGTTGGTGACGGCCGCGCCCTGGATGCTGCTGAGCAGCACCCGGCGAAGGGAGTGGCCGCAGGTGGTGGCGAAACCGCGTTCGAAGGGATAGGCGACAAACTCGCCGTACGAGCCGGTCTTCGAGCTCGCACTGACCTCCGCGAAACGCGGCCTCTGGAAATCGCTGATGTTCAGCATTCCTGTCCCCTTACTTGCTGTAGAGTTCGACGATCAGCTGCTCGTTGATGTCTAGAGGAACATCTTCCCGCTTGGGAACCGCGATGACGGAGCCCTTGAAGGCGCCGGCGTCGAGGGTGAGCCACTGGGGAATTCCGCGGCCAGCCGCGGTTTCCAGGGAGGACTTAACGAAGTCGTTGGCCTGGGCCTTGACCGAGATCTCGATGCTCTGGCCGCTCTTGGTCTGGTAGCTGGGAATGTCGCAGCGCTTGCCGTTGACCAGGATGTGGCCGTGCATCACCATCTGGCGGGCTGCGGCGCGGCTGGGGGCGAACCCGAGCCGGAAAACGACGTTGTCGAGACGGCTTTCCAGGAAGGAGAGCAGGTTGTGACCCGTCACGCCCTTCTTGGAGTCGGCGCGCTCGAAGTAGAGGCGGAACTGCTTTTCCAGCACGCCATAGATGCGCTTGACCTTCTGCTTCTCGCGAAGCTGGAGGGCGTAGCCGGTGGGCTTCTTCGCCTTGGCGGCCCCGTGCTGTCCGGGGATCTTGCCCTTGCGGGTCTCGAAGGAGCACTTCTCCTTGAAACAGCGCTCACCCTTGAGGTAGAGCTTCATGCCCTCGCGTCGGCAGAGGCGGCAAACGGCGTCTTGATATCGAGCCATGGTTCTCCTCCTCTCTTAAACCCGGCGCCGCTTGGGAGGGCGGCAGCCATTGTGGGGGATGGGGGTGACGTCGCGGATGCTGGTCACGGAAAT
CP132910.1_gap75	2975821	2978908	3087	ACGGAATCCGTACGGATGAACTTTCTGACCCATGGTTTATTCCTCCCGGCCGAGTTGGAGCGTGATGTGGCAGGTGCGCTTCTGCACGCGGTAGGCCCGGCCCATGGGGGCGGGGCGGACACGCTTCATGCGGAAGCCCTCGTCCACGAAGGCGCTCTTGACGAAGAGCTCGTCGGGGTTGACGGCGGCATCCTTGTCGATGGCGTTGGCCACCGCGGAGTCCAGGATCTTCTTGATGTGGCCGGCGGCGTACTTCTTGGTGGAGGCCAGGATCCACTGGGCCTCGCCCACCTTCTTGCCGCGGATGAGATCGATCACGAGCCGGGCCTTCTGGGCGGAGCCGCGAAGGTGCCGGAGCGTGGCGGTGCTTACGATGGTCGTCATCTTACTTCCCCTTGGCCTTGGCGTCGGACTTGCCGGCGTGGCCCCTGAAGGTGCGGGTCAGGGAGAACTCCCCCAGCTTGTGGCCCACCATGTTGTCGGTGACGTAGACAGGGATGAACTTGTTGCCGTTGTGCACGGCGATGGTGAGGCCGATCATCGTGGGGACCACCGTGGAGCGCCGCGACCAGGTCTTGATGACCCGCTTGTCGTTGAGCTGCTGGGCGGTGTCCACCTTCTTCTGGAGGTGGGCATCGATGAACGGACCTTTTTTAAGCGAACGAGCCATTGACTACCCCTCCTAGTTGATCCGCTTGACGATGAATTTGGTGGTGCGCTTGTTGGAGCGCGTCTTGTAGCCGCGAGTCGGCTGGCCCCAGGGCGTCACGGGGTGACGGCCGCCGGAGGTGCGGCCTTCGCCGCCGCCGTGGGGGTGATCCACCGGGTTCATGACCACGCCGCGGACCGTCGGGCGAACGCCCAGCCAGATGCGACGGCCGGCCTTGCCCAGGGCGACGTTCTCGTGCTGCAGGTTGCCGACCTTGCCGATGGTGGCGTAGCACTCGAGGTGGATCTTGCGGATCTCGCCGGAGGGCATGCGCAGCTGGGCGTAGTCGACGTCCTTGGCCACCACCTGGGCGAAGGTGCCGGCGGCGCGGGCGATCTGCCCGCCCTTGCCGGGCTTCAGCTCGATGTTGTGGACTTCGGTGCCGAGCGGGATGTTCTTGATGGGCAGGGAATTGCCAACCAGGATGTCCGCGTTCTTGCCGGACAGGACGGTGCGGCCCACTTCCAGGCCGTCGGGGGCCAGGATGTAGCGCTTCTCGCCGTCGGCGTAGATCAGGAGCGCGATGCGGGCGGAGCGGTTGGGGTCGTACTCGATGGTGGCGACCCGGGCCGGAACGTCAGCCTTGTTGCGCTTGAAGTCGATGATGCGGTAGCGGCGCTTGTGGCCGCCGCCGATGTGGCGGGTGGTGATGCGGCCCGTGTTGGACCGGCCACCCGAACGGGTGCGGGTGCCGAGGAGGGTGCGCTCGGGGCGATCGGTGGTGATCTCCTCGAAGCCCTGCTTGGACATGCCCCGCTGACCGGGGGTCGTGGGTTTGAGCAGCTTGATGCTCATGATTATCCTCATGCCTCAAAGTGGCCGGGCGATAGTGGCATTTCTTGTCCGCCCGGCGAATGGATGAACGGTCGCTACTGCGCGGCCTCGGTGGCCTCGACCAGTTCGATATAGGCCTTCTTCTTGTTTCCGGTCGTGCCCATCCAACGGCCGAGACGCTTGCTCTTGCTGGGCATCTTGACGGTGCGGATGGACTTGACCTTCGCCTGGAGAAGGAGTTCGGCGGCTTCCTTGATCTGGTGCTTGGAGGCCCAGACGGCGACCTCGAAGACCTGGATGTTGGCCTCGCGCAGGAGCTGTCCCTTCTCGGTGAGGAGGGGCTTGCGGATCACTTCGAAAATCTTGGTCATGGCTTCACCACTTCCTGGAGGGCCAGAATGGCTTCCTTGGAGAAGACAACCTGGTCGAACTTCAGAAGGTCATAGACGTTGACGCCCAGGCTCTCGATGGTGTGGAGCTTGGGGTTGTTGCCCGCGGCAAGGGTCGCCTTGTCGGAGGTGCCGACCAGGAGGGCCGAACCGTCCACGCCCAGCTTGGTCAGGGTCGCGATGAGGGACTTGGTCTTGTGGGAATCCACAGCCCAGTTCTCGACGACCACCACCTGCCCGGAGGCGAACTTGGCGGAGAGGGCGTTCCGCAGGGCGGAACGGCGGGCCCGCTTGGGGAACGCGTAGTCGAAGCAGCGGGGGTTCGGACCGTGGGCCGTGCCGCCGCCCTTCCAGATGATGGAGCGGATGGAACCGACGCGGGCGCGACCGGTGCCCTTCTGCTTCCAAAGCTTGCGACCCGAACCGGAGACCTCGGACTTGTCCTTGGTCTTGGCGGTGCCGGCCCGGCGCCTGGCCAGGTGGTGCCGCACGGATTCCCAGATCAGGTGGTTGTTGATCTCTTCAAGCTTGAACACCTCGGCCATGAGCTCGACGGTGTCGACCTGCTTGTTTTCCAGGTTCAGAACGGGATGAGAGAAGACCGCCATGTTACGCCTCCTGCTTGATCACGACGTAGCCGCCCTTGGGGCCGGGAACGGCGCCTTTGATGAGCAGCAGGTTGTTCTCGGCGTCGACGCGGGCCACTTCCAGATTGCGGACGGTGACCTGCTCGGCGCCCATGTGGCCGCCCATGCGCATACCGGGCCACACACGGGAGGGGTAGGACGAGCCGCCGATGGAGCCGGGGGCGCGGTGGAACATGGAGCCGTGGGTCGCGCGGCCGCCCTTGAAGTGGTGGCGCTTCATGACGCCGGCGAAGCCCTTGCCCTTGCTGATGCCGGTGACGTGCACCTTCGCGCCGCCCTCGAACTCGCCAGCCAGGATGGAGTCGCCTTCCTTGAGCGTGTCGGTGGCGTCCACCTTCAGCTCGCGGAGCACCCGGACGGGGGCCACGCCGTGCTTCTCGCAGTGGCCCTTCTCGGGCTTGGAGGCGCGCTTGCCGCCGGCGGGATCCACAAACCCCACCTGCACGGCCTCGTAGCCGTCGCGGGCCACGGTCTTGCGCATCACGACCACGCACGGGCCGGCCTGGATTACGGTTACCGGGACAACCTGTCCCTTTTCATTGAAGATCTGGGTCATGCCCAGCTTCTT
CP132910.1_gap76	2980467	2984046	3579	CCCGGTGAGGACGTCCTTGAAGCCCACGGCGGCGCCGATGTCGCCCGTGCGGACCTCGTCGATGTCCTCGCGCTTGTTGGCGTGCATCTGGAGGAGGCGCCCGATGCGCTCGCGGCGGCCCTTGTTGGCGTTGTAGACGCCCGAGCCCGCGGCGAGGACGCCGGAGTAGACGCGGATGAAGGCGAGGCTGCCCACGAAGGGGTCGGCCATGATCTTGAAGATCAGGGCGCTGAAGGGCTCACTGTCCTTGGCCTGGCGCTCGATCGGGTTGCCGTCGAGGTCGTGGCCCTGGATGGCGGGCACGTCCAGGGGGCTGGGCATGTAGCTGACGACGCAGTCGAGCAGGGGCTGGACGCCCTTGTTCTTGAACGCCGAGCCGCAGCACATGGGGGTGAAGGCGAGGCTCAGGCAGCCCTTGCGGATGCCGGTGCGGATCTCGTCCTCGGTGAGGGTCTCGCCGCTGAGGTACTTGTCCATCAGGACGTCGTCGGTCTCGGCGACCATCTCGACCATCTTCTCGTGCCACTCGTTGGCGGTGTCGACCAGATCCTCGGGGATCTCGCCGTACTCCACCTCGAAGCCCTTGTCGCCCTCGCTGAAGGTCAGGCCCTTCATGAGGACCAGGTCGACCACGCCCTTGAAGTGCTCCTCGGCCCCGATGGGGATCTGGATGGGCATGGGCCGGGCCTTGATGCGGGTGCGCATCATCTCGCAGACGCGGAAGAAGTCGGCGCCGGGGCGGTCCATCTTGTTCACGAAGCCCAGGCGGGGCACGCCGTACTTGTCGGCCTGGCGCCACACGGTCTCGCTCTGGGGCTCGACGCCGCCGACGGCGCAGAACACCGCCACGGAACCGTCCAGCACGCGCAGGCTGCGCTCCACCTCGGCGGTGAAGTCCACGTGCCCGGGGGTGTCGATGATGTTGACGCGGTGCTCGATGTCCTTGAGGAAGCCCGTCTGGGCCGTCCAGGAGGCCGTGATGGCCGCGGAGGTGATGGTGATGCCGCGCTCCTGTTCCTGGACCATCCAGTCGGTGGTGGCCGCGCCCTCATGCACCTCGCCGATCTTGTGGATCTTGCCGGTGTAATAGAGGATACGCTCCGTCGTCGTGGTCTTGCCGGCATCGATGTGGGCCATGATGCCGATGTTTCGGTAGCGCTCGAGGGGAGTCGTGCGGGCCACGGGGGCCTCCTTCAGAGTTCAGAAATCAAATATCAGACGCGGGATCAACGTTCACTGTGCAAAAACGGGGGCCGATCCGTCATGATCGGCCCCGGTCATGCAGGTCCTGTACCTACCAGCGGAAGTGGGCGAAGGCCTTGTTGGCCTCGGCCATCTTGTGGACGTCGTCCTTCTTCTTCACGGAGGAACCGCGGAAGTTCATGGCGTCCAGGATCTCGCCGGCGAGCTTGTCGCGCATGGTGCGCTCGCCGCGGCCGGCGGAATAGGTCTTCAGCCAGCGCATCGCCAGGGACTGGCGGCGGCCCTGGGGGACCTCCACGGGAACCTGGTAGGTGGCGCCGCCGACGCGGCGGGACTTCACCTCGACGGAGGGCTTGATGTTGTTGAGGGCCTTCTGGAAGGCCTCGAGGGCCTCCTCGCCGGACTTCTTGGCCACGATCTCAAGCGCACCGTAGAGGATGCGCTCGGCGGTGGACTTCTTCCCGCGCTCCATCAGGACGTTGATGAACTTGGAGACGGTGAGGCTGTTGTAGACGGGATCCGGCAGGATTTCGCGCTTGGCGGGGCTGGAACGGCGGCTCATGTCTACCTCACTTCTTCTTGGCGGCGACGGCACCCGCCTTGGGGCGCTTGGCGCCGTACTTGGAACGGGACTGGTTGCGGCCGGCGACGCCGGTGGCATCCAGGGTGCCGCGGACCACGTGGTAGCGCACGCCCGGGAGATCCTTCACGCGACCGCCGCGGATGAGCACGATGCTGTGCTCCTGCAGGTTGTGGCCCACGCCGGGGATGTAGGTGGTGCACTCGATGCCGTTGGTGAGGCGCACGCGGGCCACCTTGCGGAGGGCCGAGTTCGGCTTCTTGGGCGTCGTGGTGAAGACCCGGGTGCACACGCCGCGCTTCTGCGGGCAGGCGTCCAGCGCCGGGCTCTTGGTCTTGTTCTCAAAGGTGCTCCGCCCCTGGCGGATCAGCTGATTGATGGTTGGCACACCATCCTCCTATGTTTTGGGCATGCAGCAAGGTATTCGCCGCTTGCCGGCGCCGAAGAGGTCATGCGGGATGACGTCGGGCGAAAATTCCACGGGCCCATGGGACCCGGGAATCTGAAATGTTACCGAAATTCAGGGAAATGTCCAGCCACAATCCCGATTTTCAGTTGTCCTTGGCCGGGGAATGGCAGGCGCAGCCTCCGGAGCAGCCCCCCTTGGGGGCGGCCGGGGCCTCCGAAGCGGCCTCCTTCTTCTCGGGGGCGGACCCGGAATAGCCCTGGGCATGCCACCCTCCGCCGGACAGGTTGAAGGCCGTCCGGGAGATCTGGCGCTTCATGCCCATGCCGGCCCCGCAGTGCTCGCAGGCGTGCTCGGTGGGGGCGGAAAACCCCTCCAGTTTTTCTTCCTTTTCGCCGCAGGTTTCGCAGCGGTATTCATACAGCGGCATGGCATCCTCTTGAAACCGGCCGTCGGCCGGAACTACCAGCTTACCCCAGGAATCCCATGACTTCACCCGCCCGCTACTTCACCGACGCCCAGTCCTTCCTCAGCGCCCACCCCAACCGGAACGGGAAACTCTGTTTTACCAACGGTTGCTTCGACCTGATCCACCCCGGCCACGTGCAGTACCTGGAGGACGCCCGGGCCCTGGGGGACTTCCTGGTGGTCGGCCTGAACTCCGACGCCTCCGTGGCCCGGCTCAAGGGGCCCTCCCGCCCCCTCCAGGACGAGGCCGCCCGGGCCCGGGTCCTCCTGGGCCTGCGCAGCGTGGACGCGGTGGTGCGCTTCGAGGAGGACACCCCCCTCGAGCTCATCACGGCCCTGCAGCCCGACATCCTCACCAAGGGCGGGGACTACACGCCCGAGACCGTGGTGGGGCGGGACGTGGTGGAGGCGCGGGGGGGGACCCTGGTCCTCATCCCGTTCCTGCCGGGGCACAGCACCAGCACCATCGTGGAGCGGATCAAGTCGGGGCGTGGGGTCCTGGCCTAGCTGAAGCGGCGGGCCGGAAGTGGCGGCACCGTCCCGTCCGGAGGGCATACCCCCAGGGCGTAGTGCCAGTAATGCCAGGACCGCTCGTTGAACCAGCCGGGTTCAGCGATTTCAAGCACCACCCGGAAGGAAGCTTCACCGATGGCTGCGAGGAGGGCCCGGGAATCGTCAAAATCTCCCATGTTCATGACCTGCGCGATAACCCGGTCGGGGCGGAGCATCGCCTCGGCGGGTGTCTCCCACCAGATGTAGCGACGGGCATCCTCGAAGAGCATTCGGCTCGCGGTCTGGTCCATCAGGCTTCTCCAGGTCCGAGCCGGGACGAGAGGATGGTCAGCGCCGGGATATCGATGACGGAGGCGGACTTCCTGACCAGGGATTCGCGCACATCAGCTGGCAGTCCACCCAGGTCCCC
CP132910.1_gap77	3001160	3002624	1464	TGGAGGAGCTGGCCGCCCGCGGAGCGACTCTGCTGGCTCCCACCGAGAAGGAACTGGACCTATTGGACCCTGGCGCCGCCCGGAAGTACCTCAAGGCCCACAAGCCCGACGGGGTGATCCATCTGGCCGCCCTGGTCGGCGGCATCGGGGCCAACCGCGAACATCCCGGCTCCTTCTTCTACGCGAACATGATGATGGGTCTGCATCTGATCGAGGCCTGCCGTCTGGAGCAGGTCGCCAAGACCCTCGTTCTCGGCACCGTCTGCGCCTATCCCAAGTTCTGCCCGACGCCATTCCGGGAGGACGACATCTGGAACGGCTACCCGGAGGAGACCAATGCCCCTTACGGTCTGGCCAAGAAGGCCCTGCTGGTGCAACTCCAGGCCTACCGCCAGGAATACGGAACCCGCGGGATCTACCTGATTCCCGTGAATCTCTACGGACCCGGAGACCACCTGGACCTGGCAAACAACCACGTCATCCCAGCCCTCATCCGAAAATTTCTGGAGGCCAAGGCCGCCCTTTCGCCGACCGTGGGCCTCTGGGGCACGGGATCCGCCAGCCGCGAGTTCCTGTACGTGAAGGATGCCGCCACGGCCATCTGTGAAGCCATGACCAGGTACGAGGACGCCGATCCCGTCAATCTCGGCACCGGGGAGGAGATCACCATCCGGGACCTGGCCCTTAAGATCAAGGGCGCAACAGGCTTTCAGGGCGAACTGGTCTTCGACCCGAGCTACCCCGATGGGCAACCCAAGCGCAAGCTGGATACATCGAGGGCCACCGAGCGCTTCGGCTGGCAGGCCAGGACGACCCTGGATGAAGGGTTGGCTGAGACCATCGCATGGATGAAAAAGGTTCTATGAAGATTTCCATAGTCACGGTGGTCTACAACAACCCCCAGGTACACGAGGCGCTGGACTCGATCCTCAACCAGAAGTTCGAAGGCGACCTGGAGAGCATCGTGGTGGATGGCGGCTCCCGGGCCGAGACCCTCGATGCCCTCAAGCCCTACCTTCCCAGGCTAGGCCACTTCGTCAGCGAACGGGACAAGGGCATCTACGATGCCATGAACAAGGGAATCGCCCTGGCTACGGGCGACATCGTGGGGACCCTCAACTCCGATGACCTCTATGCGGACGATCAGGTCCTCCAGAAGGTTCTGGAGGCCTTCCGGGATCCTTCGATCGACATCGTGTATGGCGATCTCGAGTACGTGTCCGCGTCGGACACCAGCCGGGTCATCCGTTACTGGCGATCCAAGCCGTACCGGCCTGGCCTGTTTGAAAAGGGATGGATGCCTCCGCACCCGACCTTCTTCGTGCGCCGGCAGGTCTTCGAACGATGCGGCAGCTTCAACCTGGACTACCGGATCGCTGCGGACTTCGAACTCATGCTGAGGTTCATGGCCCGCCATAACACACCTTCTGTCCACCTCCCCGAGGTGCTGGTCAAGTTCAGGAT
CP132910.1_gap78	3047917	3051793	3876	GCCGTACAGGAGCGTCGGGTTGTTCCCGTCCAGGGCCAGGCCCTTCTTGTGCACCAGGAACATGGGCACCTTCGTGCCGTCCTTGCTGGGATAGAAGACCTGGGTCACCACGTAGGCGGCCGGGTCGAAGGCCACCTTGGGGGCATGGAGGACCTTGGAGGTCCCGGTGGCGAAGTCGTAGCGGTAGATGGCCGGGGGGGTGTTGAAGGAGGTGTAGGTATAGAAGGCCTCCCGGTCCCCGATCCTGCCGTGGAAGCCGCCTACCGAACCGACGCCGGGGAGCGCCAGCTCGGACAGGAGGGCGCCCTTGAGGCTGTGGAAGGTGACGGCCGTGTGGGCATCCCGCATCCAGTTGGCCACGAAGCGGCCGCCCACCAGGGACACGCCCTGCAGGACGTCCGTTCCGGCAGCCTGGGGGATGAGCTCGGTCCAGTCCTTGGGATCCGCGTGGTTGACGCGGATGGCCACCAGGCGTCCGCGGGGGGCGCCCTTGTCGGTCTTGAAGAAGAAGGTGTCGCCCTTGGAACCCACCGGGGCATAGCGGGCGTCGAACCGGTCCAGGAAGGGCACCACCGGGGCGCCGGGTTTGCGCAGGTCCTTGAGGAGGACCGAATGCTCGGGGGCGTCGCCCTTGGAGACGTGGATGGTCAGCCAGCGTCCGTCGTCGGTGACGTCCGGCGCCAGGTACCACTCGGGCTGGTCGGGCCGCTCGTACACCAAGGCGTCGTCGGCCTGGGGGGTGCCCATGGCGTGGAAGCGCACCTTGGGGCTCTTCGTCACGCCCTTGAGCGCCTCGCCCTGCCCGGGGGCGGCGTAGGCCACATAGAAGAACCCGGTGCCTTTGCGGTTCCAGGCCACGTTGGCGAACTTGGTCCACTGGAGCTCGTCGGGCAGGTCCCGGCCCGTGGCGACGTCCCGCACCTTCCAGGTCTTCCAGTCGCTGCCCGCGGCGGCCACGGCGTAGGCCACGAGCCGGCCGTCGGGGCTGGGGCTCATGCCCGAGAGGGCCATGGTGCCCTCCTTGCTGAGGCCGTTGGGGTCCAGGAGGACCCGGCCTTCCTTGGCGGGGTCGGCGGTCACGAATACCACGGCCTGGTTCTGGAGGCCCGTGTTGTGGGAATAGAAGTAGTTCCGGCCCTCCTTCCGGGGCGCCGTGAACTTCTCGTAGTCCTGCAGGGCCCGCAGCCGCTCCAGGATGGCCTGCCGCTGGGGGATGGCCGCCAGGTGGGCGGAGGTGGCCTGGTTCTGGGCCGCGACCCAGGCCTTGGTCTCGGGGGCGTTGTCGTCCTCCAGCCACCGGTAGGGGTCGGCGATCTTCGTGCCGAAGTAGTCGTCGACCTGGTCGACCTTGCGCGTGGCGGGCGCCGGCGCGGCTGCGACCAGGGTCGTCGCGACGAGACAGGAAAGGAGCGTTCGCATCGGGCCTCCGGGAATCGGCTTTAGCCTATCATTACGAGGCATGTTTGGGTACCCGTCAGATGCGCCGGGCCGAAGGAAAAGGACCAGCCGCGGGAGCACCCCTGCGGCTGGTCCTCTTCTATACTGTTTTCAGCACTTGTCTAGCGGACCGACTCCATCAGCCGCTTGCGGGTGTAGGGCACCAGCCCGCCCGCGTCGATGATGGCCTGCCGGGCCTCAGGGAGCCTGACCGTCTCGAAGGTCTTCCCGGTGGTGAGGTTGGTGACCTTGTCCACCTGGATGTCCAGGTCGTGGCCCTCTTCGGCCTCGATTCCGGGGCAGAGCACGACGTTCAGCCCCAGGTTGATGGAGTTCTGCAGGAAGATCCGGCTCATGCTCTTGGCGACGATGTTGAGCTCGAAGCCCTTGAGGGCGGAGGCGGCCTGCTCGCGGGAGGAGCCGCAGCCGAAGTTGTGGTCGGCGACGATGGCCGAGCCCTTGGGGAACTGGCCGCCCCTCAGCTTCTCGTTCAGTTCGATGCGGTTGGCGAAGCAGAACTGGGGGGTCTCGGTGGGCAGGACCGTGGCCATGTAGCGGCCGGGGTAGATGTCGTCGGTGGAGATGTCGGCTTCCAGCTTGATGATGACTTTGCTCATGGGCTTCTCCTCAGGCTTCGCGGGGATCGGTGATGACGCCGGTGATGGCCGAGGCCGCGGCCACGGCGGGGCTGCAGAGGTAGACCTCCGACTTGGGGTTGCCCATGCGGCCCTTGAAGTTCCGGTTGGTGGTGGAGAGCGCGGTCTCGTCGTCGCCCAGGGCGCCTTCGTGCACGCCCAGGCAGGGGCCGCAGCCCGAGTTCATGACCACGGCGCCGGCCTTCATGAAGTCCTGGATGTAGCCCTTGTCCATGGCCTGCCCGAAGATCTTGCCGGATGCCGGGAACACCAGCATGCGGGTGCCCGCGGCCACCTTCTTGCCGCGCAGGATGCCGGCGGCGATGGCCAGGTCGTCGAGGCGGCCGTTGGTGCAGGAGCCGATGACGATCTGCTGCACGGGCTTGCCGGCCACGAGGCCGATGTCCTTGACGTTGTCCACGGTGTGGGGGCAGGCGATCTGGGGCGCCAGGGCGCTCACGTCGATCTCCACCACGCGCTCGTAGACCGCGTCGGCGTCGGGGGCGACGGGGGTGATGGCGTCTGTGACGCCGGCCTCCTCGCGCAGGTAGCGCATGGTCTCGGCGTCGGCGGGGACGATGCCGCTGGTGGCGCCGGCTTCCACGCTCATGTTGCAGATGGCGAGGCGCCCGGAGGTGCTCATCTTCCGGATGGTCTCCCCGTGGAATTCCAGCACGCGGAAGTTGGCGCCCTGGGCGGTGAGCACGCCGATGAGGTGGAGGATCAGGTCCTTGGGGCTCACCATGGGGGCGAACTCGCCCTTGACCACGACCTTGATGGTGGCGGGCACTTCGATGTTGACGGCGTAGCCCAGGGTCCAGGCGGAGGCCATCTCGGTTGCGCCCACGCCGAAGGAGAAGGCTCCCAGGGCGCCGTGGCTGGTGGTGTGGCTGTCGGTGCCCACCACCACGAAGCCGGGGCGCACGTAGCCGTACTCCGGCAGGATCTGGTGGCAGATGCCGCCCACGTCGCCGCGCACGTCATGGAACTTGGCGATGCCGTGCTTGCCCACGAAGCCGCGGATCTTCTTGTGGTTGGTGGCGGTCTTCGGGCTCTCCGCGGGGATGCGGTGGTCGAAGATGATGGCGATGCGGCTGGGATCCCAGGGCTTCGCCTCGATGCCGGTGCCCTCGTGGATGGCCTCGAACTGGTTGATCACCAGGGCGGCGTTCTCGTGGGACATGGCCAGGTCCACCCGGGGCTCCAGCACGTCACCGGCCTTGACCGCCTCGCGCCCGGCGGCGCGGGCGAGGATCTTCTCAACAACTGTCATACCCATGGGGGTTCCTCCGTTTCGGTTCTAGATGACGCCCTTGGACTTGAGCTCAGCGCGGGCGGCCTCGTCCAGGCCGGCGCGTTCGTAGATCTCGGCGTTGTGCTGGCCCAGGGTGGGCGGCGGGGCCGCCACGTCCCCGGAGCAGGTGTCGAACAGGGCGGTGAGGCCGAACACCTCGATCTCGCCCACGCCGGGCACCTCGGTCTTCTGGAGCACGCCCCGGTGCTGGACCTGGGGCTGGCGCAGGGCCTCCTTGAGGCTGAGGATGGCGCCGCTGGGGACGTCGTTGGCGTTGAGCGCCTCCACCCAGACGTCCGTCTCCTTCTCCAGGAGCCTGGCTTCCAGGAGGGGCGTCAGGTCCTTGCGGTTCTTCTTGCGGGTGTCGCGCTCCTGGAAGCGGGGGTCGGCCTTGAGTTCGGCCACGCCCAGCACGTCGCACACGGCTTCCCACTGCTCCTGCTTGTTGGCGGCGATGTTGATGAAGCCGTCCTTCGTACGGAAGGTTCCGCTGGGCGCCGCGGTGAAGTT
CP132910.1_gap79	3159103	3160219	1116	GCGTCCGGAGTCGCGTGGAGCGCACGCCGTCGGGAAGAACCCCGGACCCACGCGTTCCCGCACCTGAGCAACATGGACCGGGGTGGTCTCCCGAATGATACCCATGATCGCCAGACTCTTTAGGGGGCCAGCACCGCCGGGTTGCTGGCAGACCGGAGCACGACGTTATGGTTCGGATTATTGGCGCTGTGGAATTGGCCCCATTGCAAGCACACCGCCGGGTCGGTGGTGATCGCGGAACCCAGCCTGCACGTCAGGCAGACAGCTAGATAATAAAGACCATTACTTGGTGTTCCCTGCATGTTCCCCACTTCAACACGCCTCTTCGGAATAGCGTCAAGCGCGGAATTCGAAGCGTCCGCCGCCGATCGGGTCATGTCGGCGAGTGGGCAGGAAACCCCATCCCCGCATGCGCCGAGTGTTTGAGTGACGGCGAGGAGCATCGCTCCTTGCAAGGCTATGCTTCTTATGTTCATAACATTCCTCCAAGCGGGCCGAGTTGCTCGGCGTTTATGGGGCCATTCAGCCCCGTCACTAGGACCTGACGGGCAAAAATCAAAGGTTTCATTCGAATATCAAACAGCAGCATTAAAAGTCTTATAATTCTGACTGACGGAATGTTGAGGGCCTGCCGCTGCGCGAGCGGTTGGGCATCCGGCTGAGCCCGAACCTTCAGGGGCCGTCCCACACTGTGGGAGAGAGGGTGGCAAAGGGAGGTCAGATGACGCAATCATGGCGAACCCACATCATCTTCGCCCTGCTGATGCCCCTTTGGGCGCATCCTGCGCCCGTCAGGGCAGGCGGGTTGCAGGATGTCCACTTTTTCGCATCTACCGAGGGAGCTGCCGCGGTCAAGGCGGCCATGGCCGAAACGGGAGCCACTTCCGTGGCCCTTGCCCTGGTCAACGGCCGCAAGTTCGTCTGGGAAGAGGCCTTCGGGTTCGCCGACGCCGCCGGGGAGGGTCCCGGTGCCAGGCTCATCGCCGCCAATTCGGATACACGGTTCGGCGTCGGAGAGGTAGGGAGGATCCTGGCCACCGTAGCCGTCCTGAAGCTAGCGGAAGAGGGCCGGTTCAGCCTGGATACCCCCGTGGCGGCACACCTCCCGGCCTTCCG
CP132910.1_gap80	3163108	3164572	1464	ATCCCGCAAACGAGGTAGACGAAAATCTTCTGATTCGTCTCAACTGCCCGGAATGGCGCCAGTCCTATGACCTGATTATTGGCCTCGTGGGCCTCGGCATTTATGCTCTCGAACGCCTGGAGACCGGGAGAGGACGGCAGATTCTTGGCAGCGTCATTAGGCACCTGGGCCAGACGGCGGTGATCCGGAGCGATGGCATCGCTTGGTTCACTCCATCCTGGCAACTTCCTGAATGGCAGCTCCAATTCGCACCTGAAGGCTGTTGGGACTTGGGATTAGCCCATGGCATCCCTGGCGTGATTGCATTACTGGGAAGGGCGGTTCTTGCAGATGTTGAAAAGGCAATGGCTGCGCCTCTCCTGGAAGGCTGTGTCAGGTGGCTCTTGTCTCGGCGCAACCCCGACGGTGGCCATGGCTCCTTTGCCAACATCCTTCCAAAGGGAAAGGAGGACATACCCTCTTGCAGCAGGATTGCTTGGTGCTACGGAGACCTTGGCCTGGCGATGGCCCTGCTTATGGCAGCGAAGGACGCATCCCGGCCCGACTGGGAAGCAGCGGCCCTTTCCATCGCCCAAAATGCGGCCAGACGACCTCTCGAAGCCTCTGGAGTCCGCGATGCGTGCTTGTGCCATGGCGCATCAGGAAATTCCCTACTTTTTTTGCGCCTTTATTTTGCTACGGGTGACCCTTGTTTCCACGAAGCAGCGATGGATTATCTTGGTGAAACAATAGCCTTTCATTGTCCAGGCAAACCCTTTGGCGGCTTCCCAACTTTCATGCTGGATGAAAGGCGTGTCCATGGAATCCATCATCTACCAGGCGTCCTGGAGGGAAACGCAGGTGTAGGACTGGTATTGCTTGCTGCAGCATCCGACCTGGAGCCCACGTGGGATAGGCATCTCTTCTTGTCTGCCAGCCCGTGCAGGCGATAACGTCCGCTTTGTTGTTGAGCTAGCCCCACTGTTCACGTGCGGCATCCCGCTCTCCTTCCTTCCACATAAAGATTGAATGTGGAACGAAACTCGGTTTCCAGAAGTGTTCAAACGGTGAACGAAATCGCATATTAATTAATTTATATGATTGGAGACTGTTATGGCATATGCGAATTTTAGTAATTCGGAATGTTGCGCATTCTGATTGTGCCACAATGTTGCATCAACTTTTTAAATCACTACTAGATCCAGGATATTCATTATTATCTTATGTCATTAAATCAATAATTATCATGGAATTTCCAGGATGGATTTTTAGCTGTGTCTTATTCTTATGTCAGACCGCTGGCTGGTACGCCCCTGACATGAGGCCCTCACCCTTTACCGAGTGGCCCTTTTTCGTGATGGTGCTGGTTGGCCCTGTGCTGGAATCCTTCCTTTTGGCTGGGCTTGTATGGGTTATTGGCAAGGCGTTGGTCGATCCAGTGCTCATTTCCGTTATTTCAGGAATTGCGTGGGGTGTTTTGCACGC
CP132910.1_gap81	3180228	3182523	2295	CAACGGGGTGCCCACCCTGGCCCGCATCCAGGAACTGGGCCTGGACGTCTTCCCCGAAGTGGTCGAGATCGTCAAGAACCACGGCGGCTGACCGTGATCACCGTCAACGGCGACACGGCGGCGTGGACCCCCGGCATGACCGTCAAGGACGTGCTGACGCTGAAGAACTTCAAGTTCCCGCTCCTGGTCATCAAGCTGGACGACGCCCTGATCCAACCCAAGGACTACCCCACCACCCCCGTCCCCGACGGGGCGGTGGTGCAGGTGATCCACCTCATGAGCGGCGGCTAGCCTCCGCCTCTCTGCGTGTGGGCCCGGAACCGGTCCATGAAGGCCGCCTCCTCCGCCGGGGCGTACCCGACGAAATCCAGCTCCACCCGCACCCGCTCCAGGGCCAGGACCCCGAGCGCCAGGGGCGGCAGGGCCGTGACCCGGACTACCCACGTCCGCGCCCCCTCGCCGCCCCGGTAGACGTCCCCATCCTGGACGAAGGCCCCGCCCACCGCAGCCGGCAGGCAGCGTCGGAACTCGGCCGGCGACAGGGTCATTTCCAGGAGGACCATGGGGGATTATCTCCCGGAAGGAAAGGCGCTCCGCCCCGTTGGCGAGCCCGTCCGCCCGGATCGAGTAGGGTTTTTCTCCCGGGGGCCTTGCGAAGGGATGGGCGCGGGATTAAATTTCGTTTTGAATTCTTTTTTGTTTCTTAATTTTTTCGCTTAACTATTCTCCGTCCATTTACCCCGCCGGTAACGGCTACCGGAATGGGGCGTTTCTCCCAGTTCAGATTAAAAATTATAGGAAATCATCATGAATATCGACCCTCTTGGGTACAACGACGTTCAGGCCGGAATCACCGCCCTGGTCGAATCCGCACGATCCACAGCCGCTCGGAGCGTCAACGCATTGATGACCGCCACCTACTGGGAGATTGGCAGGCGGATCGTCCATTTTGAACAGGGCGGAAGAGAGCAAGCCGCCTATGGCGAAACCCTTATTAAACGTCTCGCAGCCGACCTGACCAAGCGGTTCACACTCCCCTGGTCGGCCTATGTCCGGCTCTTGTCTGTCAACGATTTATCAGAACGAATGTTTTATGAATCGGAGGCTCTCCGGGGAGGGTGGTCCGTTCGCCAACTGGATCGCCAAATAGAGAGCCGATTCTACGAACGCACCTCCCGTGCAGACAGCAAGGCCATCCCGTTGGACAGTGGGATTCCAGGAACCGGTAACCCCTCGCCCCACGAGGCCATAAAGGACCCCTTTGTTCTCGAATTCCTGAATCTGAAGGACGAATACTCCAAATCCGAACTCGAGGAAGCCCTCATCCAGCATCTCGCCGAATTCCTTCTGGAAATGGGGGATGATTTCGCGTTCGTGGGGCGCCAGCGGAGGCTTCGCCTCGATGACACCTGGTTCCGGGTGGACCTGCTCTTCTTCCATCGCAAGCTGAAGGCCCTGGTGGTGATCGACATCAAGGACAGCCGGTTCAGCCATGCCGATGCGGGCCAGATGCACATGTATTTGAACTATGTCCGTGGGCATGGGATGCGCGAGGGGGAGAACCCCCCGGTGGGCCTCATCCTATGCACCGGGAAGGGCGCGGAGGAGGCCCATTACGCTCTCGACAACCTGCCCAGCACGATTCTGGCGGCAAGGTACCCGGCCGAGTTGCCGGATGAGGGGCGGCTCGTGAAGGAACTCGAACCGACGAGGCTCGCCCTGGAAACTCGGCCCAGGCCCCCGCCTCCCCGAGGCTCCGGGCGACGCTCCGCCCTACTCCCTGGAGATTCGCATCAGCCCTGACTGGACCAGGACGTACAGTGCCCCGTCCTGCCCAAAGGCCAGGTCCCTCATCTCCTGCTCGAAGCCGCTGGCGAAAAGGCTCACGTTCCCGCTGGCCAGATGGAGGCGGGCCACCCATCCTCCGACGAGATCGCCAAAGTAGTAGCTCCCCTTGTAGGCCGCGGGCCAGGTGGAGGATGGAGGGTCGAAGGCGGCGCCCAGGATGGCCTGCCCCACCAGGAAGGTGCCCGTGCTGGCCGGCTGGCCCGGAGGGATGCCTGAATGGCCATAGGCGAACAGGGGGGTCGTGAAACCCGGCGTGGTCGTGGGACCCTCGGTGGAAGGCCACCCGTAGTTGGCGCCCGCGGCGCCCAGATCCACCTCCTCCCAGGTGGACTGGCCCACATCGTTGATGTGCATGCGGGAGGTCCCGGGCTGGAAGGCGAAGGTGAAGGGATTGCGCAGGCCCAGGGCCCAGATGGCCCGGTTGCCTTCCGTGGCGGTGCCGTAGAA
CP132910.1_gap82	3183938	3188709	4771	TGGCGAAGAGCTTGAGGGTGATGTTCATGCCTTCTGCGCGCAGGCCAGGTAGGCCTCCATGAGCTGGGTTGGGTTCTTTCGCAGGCGTTCCTTCCAGGGGCCGAGGCGCACCCTCCCCTCGATGAGGCCCCGGACCACGCCGATGTGATCCGTGTGGCCCACCGCGTTGGCGCCCACCAGGCGGTCCCCCAGGAATTCCAGCTTCAGGTAGCGGTAGCGGTCCGGGTCGGACACCTCCACGGAATCGCCGCCGGGCAGCCCCTGCCACGCCCCGAAGGAGGAGGACTTGAGACCCAGGGTGTCCAGGACGTTGAACGGGAAGGTGCCCCGGCTCGCGGCCCGCCGGCCGGCCATGTTCAGGGCCGCGATGCGCCCCTGCTCCACGGCGTTGGGCTGGATGGCGTTCACGGAGCGCTCCCCGGTGACGACGTCCACGAACTCCGCGGCGTCGCCGGCTGCGTAGATCCCGGGCACCGAGGTGGCCATGCCCGCGTCCACGAGGATCCCCGAGTCCACCTGGACCCCGGTGCCCGCCAGGAACTCGACGGCGGGCTTGACGCCCACAAGGCAGAGATACAGATCGGCCGGGAGGACCTCCCCGCCCGGCAGGTGGACGCCGAGGTGGCCGTTCTCCGCCGTGATCGCCCCGGGCAGGGTCTCTACGCGGATCTTCACGCCCTTCGACTCGCACCAGCGCCGGATCAGGGCGCTGGAGGGAGGGTTCATCATGCGCGACACCATGCGCCCGCTGCGCACGAGGATCGTGAGGTCCACCCGCAGGGACACGAGGCCCTGCATGATGATGCACCCCACGAACCCCGCGCCCATCTGCACCACGCGGGTGCCGGGCCCGGCCTTGCGCAGGAGGTCCCGGGCGTCCTCCAGGGTCCAGCAGGTGTGGACCCCGGGGAGGTCGATACCGGGGATCCTCTGCAGGGTTGGCCTCGAGCCGGTGGCCACCAGGAGGCGGTCGTAGGCGAGGGCGCGGCCGCCCTCCAGGAGCACCTGCGAGGCGCCCGGGTCCACGCTTCGGACCCGGCCCCCCACAACGTCGATGCCCAGGTTCCGGTAGTGGTCCTCCCCGGGGCGGATGCGCAGCCCCGTCTCCCGGATCTTCCCGGCCAGCAGGTAGGGGATCGCCATGCGGGCATAGGGGATCTCCCCCTCGCCCTCGATGAGGGTGACCGAACCCGCGGGATCGGCCCTGCGGAGGGTCTCGGCGGCGGTGACGCCGGCGGGGCCGGCGCCGATGATGACGTGGCGCATGCTACAGCCCCAGGCGCGCGACGGTCTCGGGAGTGGGCACTCCCTCGGGGGTCCAGCCCCGCACCTGGTAGTACTCGGGCAGCATCTTCCCGAGCTCGGCGACCCTGCCCTTCATGGGACCGGTCTTGGCGGGCTCGGTGAGCAGGCGCGGCGGCAGGGTGTCGTCCTTGCCGGTCAGACCCGCTGCCAGGTTGAAGGTGCGTTCGAGGTTCCACACCCGCTCGCCCAGGAGCATGAGGTTCTCCAGGGAGTAGTCCCCGCCCAGCGCGGGCTGGATCATGGACTGGATGTCCGGACCGCCCCACGCGAAGGTGGTGAACAGGCAGATGCCCGCGGAGTCCACCACGGCCGTCAGATCCTGGAAGGCCTTGAGCATGGGGGCCTTGCCCTCGGTGGCGCCGGGATCCATCTTCACGGGGATGCCCAGCACTTCGGGGGAGACCATGTAGCCGCGCACGTGGCAGGCGCCGCGGTTGCTGGTGGCGTACTCCAGGGCCATGCCCTGCAGGCCGCGGCCGTCGTAGGCGGGGAATTCCTGCCCCTTGACCGACATGGACAGGTCGGGGCGGCCGTAGGTGGAGCACAGCACCCGGGAACCCAGGCCGATGATCTTGCCGAAGCCCACGCCCTGCGCCGTCATCTCGGAGAGTTTCACCAGGGCCTCGGCGCTGCCCCAGGTCAGTTCGAGGCCCACCTCCTCCTTCTTCAGGAGGCCCAGCTCGTACAGCTCCATGGCCGCGCCGATGGTGGTGCCCAGCGTGATGGGGTCGAAGCCGTCCTCGTTGCACAGGAAGTTGGCGTAGGTGAGGGCCTCCAGGTCCGACACGCCGCAGGCGGCGCCCAGGGCCCAGGCGGCCTCGTACTCCACGCCCCCGGAGGCGCCGTGATAGGTGGGCTTGTCCTTCACCGAGAAGTGGCTCGTGTCCATCTTCGAGATGCGGCCGCAGCCGATGGTGCACGCGAAGCACGCGTTGCGGTTGATGAGGTTGGGCTTGCCATCGGTGTCGCGGGGAGCGTGCATCGCCTCGCCTGAGATGGCGTGGGCGCCTTCGAACTGGATGTCCCGGTGGTTGCGGGTGGGCAGTGCGCCCACTTCATTGATGACGTTCATGAGCACCTGGGTGCCGTATGTCGGCAGTCCCTGGCCCGTGACGCCGTTGCCCGCGAGCACGGCCTTGGCGGCGGCCACGGCCTTGAAGAAGCCCTCGGGATCGGCGGGCGCGTAGGCGTCGGTGCGGGTGCCCCGGATCGCGACGGCCTTGAGGTTCTTGGAGCCCATGACGGCCCCCACCCCGGAGCGGCCCGCGGCGCGGTGCAGGTCATTGACGATGCCCGCGAAGAGGACGCCGTTCTCGCCGGCCCGGCCGATACTGGCCACGCGCAGCTGCGGGTCCTGGTGGGTGTGCTTGATCAGCTCCTCCGTGTCCCAGCACGTGCGGCCCCACAGGTGGGCGGCATCCAGGAGCCGGGCGTCGTCGTTCTCCAGGAGGAGGTACACGGGCTTTTCGGATTTGCCCTCGAAGATGATCATGTCGTAGCCCGCGAACTTCATCTCGGCGCCGAAGTAGCCGCCGGAGTTCGAGCAGGCGATGGCGCCCGTGAGGGGCCCCTTGGTGACCACCGAGTAGCGCCCCCCGGTGCTGGCGGAGGTTCCCGTCAGGGGTCCCGTGGCGAAGATGAGCTTGTTGCCCTCGGCCAGGGGGAGGACCTTGGGGTCCGTCTCCTCCACCAGGTACTTGGTGGCCAGGCCGCGCTGGCCCAGGTACTGCCGGGCCCACTCGAGGTTCAGGGGCTCGGCCTGGCAGGTGCCGGCCGTGAGGTTCACGCGAAGGATCTTCTTGGTCCAGGTCATGGTCGCCTCCTCACACCGCTGCCGGGTTGTTGTCGGTCTTGCCGGCCCACTGGCGCATCCGGTCCAGCCCCGTCCAGTCGGCGTCCACGTACGTGATGGCCCCGGTGGGGCAGGCCCCCGCGCAGGCGGGTTCGCCGCCGTCGCACAGGTCGCACTTCTGCACCTTGCCGGTGGCGGCGACGTAGTTCACGGTTCCGAAGGGGCAGGCGATGGTGCAGACCTTGCAGCCCACGCACAGGTCCTCCAGCACCTTCTTGGCGCCCGTCTTCGGATCCAGGACGATGGCCTCCACCGGGCAGGCGTGAAGGCACCAGGCCTCGTCGCACTGCGTGCAGGTGTAGGGCACCTTGCGCCCCTCCGCCTCGAAGCTGAACACCTTGATCCTCGAACGGGAGATGGTGAAGGTGCGGTGGTGTTCGAAGGCGCAGGCCATCTCGCACTGGAGACAACCGGTGCACTTGTTGGGATCCATCTTCAAGGATTTCTGCATGGAGGTGCCTCCTGACGGGATTTGGCGGGAAGTATGCACCGCATCCGCGTCGTGCCACACGCAGAGACACCGTATCAATGGCAACTATATAAATATTAATGCATGCGAAAAATCGATATGTCTGCAAGGAAACAGCGAACAAAAAAACGGCCACCCGGAGGTGGCCGTTTTCCTGGTCCAGTTCGACTTACATCTGGTCCTTGAGGCCCTTGGCGGCCTTGAAGACGACCTTGCGGCCGGCGGGGATCTGGATCTTCTCGCCGGTCTTGGGATTGCGGCCCATCTTCTCGCGGGTGGCGCGGACTTCGAAGGTGCCCAGACCGAAGACGTTCACGCGCTTGCCGCCGAGGAGGGACTGCACGATTTCGTCACGGAGGCCGTCGAGCATGGCCTTGGCACGGGCCTTGGTGAGGTCGTGGGCCTCGGCGAGGGAGGCGGAGAGTTCGGGAATGCCGATGGTTTCGGGCTTGGAAGTGGTCTTGGTCATGCTGTTCCTCTCTGGAGGCGGTATTGAGGATCTGAAGCCAGGAAGGCTCGGTCTGGCTCCGTGGAACGGGAAGGACTACTCGGCCGAAAGGGCCGTGACTTCGAGGGCGATCTTCGCGTGGACGCCGGCGTAGATGCGGACGTCCGCTTCATAGGCACCCACGGACTTGACGTGGGGCACGGTGATGCTCTGCTTCTCGATCTCGAAGCCCTTGGCCTTGAGCAGTTCGGCCACGTCGCCATTGGTGACGGAACCGAAGAGGTGGCCGTTGTCGCCGACCTTCTTGGCCACGGTGAGGGCCAGGGCGGAAAGCTTCTCGGCCAGGGACTGGGCATCGGCCAGCTCCTTGGCGCGCAGCTTGATGTTGCGTTCCTTCTCGAGCTCGATCTGGCGCTTGTTGCCGGCGGTGACGGGCAGGGCCTTCTTGCGGGGAAGCAGGAAGTTCCGGGCATAGCCGTCCTTGACGTTGACGACGTCGCCGCGCACGCCCAGATTGGGCACATTCTCGATCAGCAGAATCTCCATTGGGTATATCTCCAGTGCATGGCCAGCGCTAAGGCGTTGTCCCCTCATAGGTTAGGCTGGGAAACATTTCCCGGCCAGGGTTCTCCAAAGGTCTGGAGCCCGTTCCCTCGGTGGGTTGAGGCCACTTTTTCTGTCATATTACTTTAACCCG
CP132910.1_gap83	3332554	3334693	2139	CAGCGTGGTGGGCTTCCTCTTCGCCATGCTCTCCATCGCGGGCTGCTACCTCTGCATGAGCGCCGAGTTCCTGGCGGTGGCCCAGCTCCTGGTCTACGCGGGGGGCATCGTTGTGCTGTTCCTCTTCGTGGTCATGCTGGTGGAGATGACCAAGTACAAGGAAAAGGGCCTGTTCCAGTCCCAGACGCCCTACGCGCTGGTGGCGGTGGCCGTCGGCGCCGCAGCCATCGTCGGCGTTTTCGTGAGCACCTTCTTCACCAAGGGCGCGGAGGTTGCGCTTACGCTCGACCCGGACCTCGCCCGGGGCCTGGACGTGGCCAAGGAGAACTCCCAGGCCGTGAGCCGAGGGCTCTTCGCGGGCTACCTGCTGCCCTTCGAGATCCTCTCGGTGATCCTGCTGGTGGCCCTGATCGGCGCCGTGACGCTGGCCAAGAAGGAAAGGGTGTAGACCAATGGCATCCATGAATACCGTCCTCTTCATCTCCTTCCTGCTGTTCTCGGTGGGCGTGGCCGGGGTGCTCGTGCGCCGCAACGCCCTGGTGATCCTCATGTGCGTGGAGCTCATGCTCAACGCCGCCAACCTGAACCTCGTGGCCTTCGCGCGCCACGCTGGCACCGTGGCGGGACAGGCCTTCGCCCTTCTGGTGATGGGCCTGGCCGCGGCGGAGGTGGCCATCGGCCTCGCGCTGGTGGTGGCCCTCTACCGCAAGAAGGACACCATCCAGGTGGACCAGATCAACCTTCTCAAGGGCTGAGCATGACCCCTCCTTTGACGACTTTGACCCAGGTGAACGCATGATCATGGAACACGCAGTCCTGAGCACGCCACTCCACAGTTCCGTGCTCTGGCTCATCCCCTTCCTGCCGCTGTTCGGCGCCATCCTGAACGGCGCCACGGGGCGCACCCTGAAGAACAACAAGCTGGTGGACCTCATCGCCCTGGGTTCCGTGGCGGCGTCCTTCCTGCTGGTGTGCTGGACCTTCATCCAGCTCATGGGCATGGAGCCGGCGAACCGGTCCGTGACCCAGACGGTGTGGACCTGGCTGAGCCTGGGCGACGCCCAGGTGCTGGGCGGGCTGACCCACAACACCATGGCCTGGGCCTACAAGGTGGATCCCCTCTCGGCCTGCATGGGCCTGCTGGTGACCGGGGTGGGCTTCCTCATCCACCTGTTCTCCACGGGGTACATGGCCGATGAGCGCAAGAACGGCGAGTACTACCGGTTCATGGCCTACCTGAACCTCTTCATCTTCTCCATGCTCAACCTGGTGCTGGGCGCGAACATGATCATCATGTTCCTGGGCTGGGAAGGGGTGGGGCTTTGCAGCTACCTGCTGATCGGCTTCTACTTCGACCGCGAGTACGCGGCGGTGGCGGGCAAGAAGGCCTTCGTCACCAATCGCATCGGCGACTTCGGGTTCCTCATCGGGTTCTTCCTGATCTTCATGATCTACGGCTCGGTGGACTTCGACACGCTCATGGGCATGACCCGGGACATCCTGGCCCGGCCCGAGATCACCCTCTTCGGCGTCTCCCATGCCCCCACCTGGTGGTTCAACCTCATCGGCTGCTGCCTGTTCCTGGGCGCCTGCGGCAAGAGCGCCCAGATTCCCCTCTACGTCTGGCTTCCGGACGCCATGGCGGGCCCGACCCCGGTCAGCGCCCTGATCCACGCGGCCACCATGGTCACCTCGGGCCTCTACATGATCGCCCGGCTGAACTTCATCTACGTCAACGCGCCGGCGGCCCTCTCCCTGGTGCTGTTCATCGGCGCCCTCACGGCGCTGGTCGCGGCCAGCATGGGCCTGGCGCAGTACGACATCAAGAAGGTGCTGGCCTACTCCACGGTGAGCCAGCTGGGCTTCATGTTCATGGGCATGGGCGCGGGGGCCTTCTCCGCCGGCATGTTCCATGTCTTCACCCACGCCTTCTTCAAGGCCGCCCTCTTCCTCGGGTCCGGCTCCGTGATCATGGCCTGCCACCACGAGCAGGACATGCGCAACATGGGCGGTTTGAGAAAATACATGCCGTGGACCTTCGCGTCCATGGGCATCGCGACCATTGCCATCGCCGGCATCTTCCCCTTCTCGGGCTTCTTCTCCAAGGACGAGATCCTCTGGAAGGTGTTCGAGGGCTGG
CP132910.1_gap84	3339290	3340684	1394	CCTTCGGTGAGGCGGAGGTGGCTCTTCGGGTTCCTGGTACTGGCCAAACTGGCGTTGATCGTGCTTCTCCTGCGTGGGATGATGGTCTGCTTCCCTTCGGAAGTCCTACCCTTCGTCACCGGGATTCTCCTTTTCAGCGTTTCCATCGTGCTGGAAGCGTTATGGTTGATCTTCCGGCCTGACTGAGCACCCGAGGTCCCCACCATGGAACACCATGCGTCCTTTCTCGCGGTCCTGCTGACCAACCTCCTGGGGCTGGCCAGGCACCCGTGGGGCGCCTTCGCCCACGGCGAGGCCCTCTCGGTCCTGGAGCGCTACGACCACCTCCTCATCTCGGTCCTGGCGGCCCTGGTGACGGTCATCCTGGTGCTGATGGTGCGGGCGAAGCTGGTGCGCGTCCCGGGCCCCCTGCAGCAGACCATGGAATACCTGGTGAGCTTCGTGCGCACCCTGGTGTCGGACAACGTGGCGCACCATCCGGACCGCTACGTGCCCCTCATCGGCACCCTGGGCGTCTTCGTCCTGCTGAACAACCTCTTCGGCCTGATCCCCGGCCTGGGCTCGGGCACGGCCAACTACAACGTGACCCTGGGCTGCGCCCTGGTGGTGTTCCTCTACTACAACTTCCACGGCATGCGCGAGCACGGCGTCGGGAAGTACCTGGGCCACTTCGCGGGCCCGGTGTGGTTCCTGTGGATCCTCATGTGGCCGCTCGAGGTCCTGGGCCTGTTCTCCCGGATTCTCAGCCACAGCCTGCGCCTGTTCGGCAACATCGCCGGCGAGCACGTGGTGACCGGCATCTTCTTCGGCCTGGCCCCCCTGGTGGTGCCGGTGCCCCTGGCGATCATGGGCCTGTTCTTCGGCCTGATCCAGACCTTCGTGTTCATCATGCTCGCCACGATCTACGTGTCCGGAGCCGTCGCGCACGAGCACTAGCCCCGTTTCCAACCGGACGTCGGGATTCCGAACCCCGCGCCCCCCTTTTCCGAGGTTTCCCATGAAGAAGTTCTTCGTCACCGCCTTCCTGTTCACCCTGGCCGTCGCCGCCTTCGCCCAGGTCCCCGGCGCCGCCGCCCCCGGCATCTTCGAAGGCAAGTTCCTGGCCCACATCGCTCTCGCCATCGCGGCCGCCGGCTGCGGCATGGCCCAGGGCAAGGCCGTGGTCGCCGCCTGCGAGGGCATCGCGCGCAACCCCCAGGCCGCCGGCAACATCCGCACGACCATGATCATCGGCCTGGCCCTCATCGAGGCCCTGGTGATCTACGTGCTCGTGGCCGCCTTCGCCGTCAAGTAGACCGGAGTCCACCGGGACGGGGCCCGCGCCCCGTCCCGGTTTTTATTCAAAGAAATCCTTAGCTTTCGTCGTTTTTTTCGCAGTACAATCCTCCACGGCA
CP132910.1_gap85	3354166	3356434	2268	TCAATCCCGGAAAGGTGGTCCTGCCATGACCCTCATCCTCGGCCACCGCGGCCTCTCCTCCACGCACCTGGAGAACTCCATGACGGCCTTCCGGGCCGCCCTGCAGGCCGGCATGGACGGCTTCGAGCTGGACGTGCAGCCCACCACCGACGGCGTGTGCTGCGTCCTGCACGACGACGACCTGGGGCGCACCGCCAAGGCCGGCGGGGTGCTCCGCAAGCTGCGCGCATCGGAGCTGCCGCCGCTGCGAAACGGCGAACCGGTGCCCCGCCTCTCGGACGTTCTTGAGCTGGATGCGAAGCTGGTGAACGTGGAGCTGAAGGGCGAACCGGGGTGGAAGCAGGCGCTGGCGGCGGTGGAGGCGGCCGAGGCTTTGGACCGGGTCCTCTTCAGCAGCTTCGAGCATAGCGAGGTGCTGCAGCTTTGGGCGGCCTGCCAGGAGGCCCGCTGTGGGTTCCTGTGGGAGACGGACGAGGCGGACGACCTGGACGCGGAGTCCCTGGACGATCTGCCGGAGAAGCTCACCTTCCATGTGCCGCTGGCGTCGGTGAGGAAGCGGCCGGAGTTCTGGAAGGCTTACGCGAAACGATTGGCGCTGTGGGGAATGAAGACCCCTGGCGAGGCCGCGGGGCTGGGGTTCGAGCCGGGCATCCTGATCACGGACGGGGTCTGAACAAGGATGGAATGGATTCAGGCTGAGAGGTTCCGCTGCAGGCGGCCCAGGGCCACGCCGCCCCAGAGCCAGGCTCCGGACACGGCCAGGGCGGCGCCGGCCAGGGGGAGGGAGACGGCGGCCATCAGGGTCGGGGTCCAGGTGCCCAGGAGATCGCCGGCGCGGTAGATGAAGGTGTCGATGAAGGGCTTGGCCTTGTACTTCTCTCCGGGGCCCAGGGGGATGTAGAGGATCTCCCGGGCGGGGCGGTCCACGGCGTAATGGAGGCCCCGGCGCAGCACCTGGAAGAGGGCCAGGGTGCCGAAGGTGGGCAGGGCCCACAGGGCGCCGAAGCCGACGAGGGTGAGGACGGGCATGATGCAGAGCACGACGCGCATGCCGGCGGCCTTGATGAGGCGGCTGGAGAGGAAGACCTGGGTGAAGAGGGTGAGGACGTTCACCCACACGTCCAGGCGGGCGAAGGCGGCGGTGCGGGCGGCGGAGCCGGTGAAGGCCCGGGCCACGATCTGGCCCTGCTGCATGTAGAGGAAGGTGGAGGTGATGGTATAGAGCAGGATGTAGAGGCCGATGAGGGCCAGGTAGGGGGAGCCGGCCAGGAGCCGCAGGCCCTGGAAGAGGCCCGGGCCCGGTTCCCGGGTGGATGGGGCGCCGGCGCCCATGCCGAACCGGGTGGCCAGGGTTCGTACGCACAGGATGGCCAGCTCCAGGCAGAGGATGGTGACCAGGAGCAGGGTGCCGGCATCCACCTTCAGGGTCGTGAGGGCCGCGGTGGCCGAGGCGCCGGCGATGGCCCCCAGGGTGCCGCCCATGGCGATGAAGCCGAAGAGGCGCTTGCCCTGGTCCTGGTCCAGCCCGTCGGTCATGAAGGCCCAGAATACGGACACGGCGAAGAGGTTGAACACGCTGAGCCAGATGTAGAAGGCGTAGCCCAGGCCGGCGCCGCCGTGGCCGGGCAGGAACCGGAACAGGACGTAGAACACGGCCAGCGTGGCGCCGCAGAACCGGTAGGCCATGGGAATGGACCGGCGCCGGGGGAAGCGCGAAACCAGGGCCGAGAAGGCGGGGTTGGCCAGGAACATGAAGGCCATGGTCCCGGTCATGAGCCAGGGCAGCTTGTCGGCGCCCCGGGCGATGCCGAAGGCCTCCCGCATGGGACGGAGGAGGTAGTACCCGAAGAGCAGGAGGAAGAAGTAGGCGGTGGAGAAGAAGAGGACCGCGCCTTCGCCGGGGCGTACCAGGACGAGGCGGGCCAGGATGCGCTGGGGAAGGGAGGGTGCCATGGGGCCTCGAAAGCGGGATTCGCTACTATATAGCTAAACGAGGTATAGTCTTGGACGTTTATTGATCATCACGGGGGCCTCCATGGTTTTGACTCGCCGCACCTTCCTTCAGACCACCGCCGCCGCCGCGGCCGCCGCCGCCCTGGGAACGGACGCCCTCGCGGCACCCGCGCCCGCCAAGGCCGACAAGAAGCTGCCCAAGCCCCTCCGGATCCTCATCCTGGGCGGCACGGGCTTCCTGGGCCCCGCCACCATCGAGGCGGCCCTGGGCCGGGGGCACCAGGTCACCATGTTCAACCGCGGCAAGACGCGGCC
CP132910.1_gap86	3375748	3376630	882	TGTACCAGGAGCCTCATGAGAATGTTCTTACTACAAACCACTAAACCAGCGTTCCTAAAGAGGTCAACAGAATTGTGAATTCTTTTCGCGATTGCGCCCGAGATTTTTTCATCGAAGGACCATTTTCGGAATCGCTCCGGATGCCCCAAACTAGGGGCATACAGGAGCGCGCCCATGGAAGCCACCGTTCTCGACCACCCACTTTGCGACCACAAGATCTCTCTGCTGAGGGACCGGAAGACGCCTGGAATCCTGTTCCGGCGGGTTCTCGAAGAGCTCGGCCTCATCCTCGCGGTGGAGTGCACGCGCCATCTGCCGACCGAGCCCGTCGCCGTAGAGACGCCGCTGGAGCGGACCCAGGGGCGCCGCCTCACGTCCCTCGATCCCGTGGTGGTACCCGTCCTCCGCGCCGGACTCGGGCTGCTGCCCCCGTTCCTCCAGCTCCTGCCCACGGCGAAGGTCGGGCACCTCGGCCTCTACCGCGACCACGATTCGCTGGTGCCCGTGCCCTACTACCGCAACTTCCCGCCCCTCCTCGACCAGAGGTACGTCTTCATCCTCGACCCGATGCTCGCCACCGGCGGCAGCGCCTCGGAGGCCGTGAGGCAGCTGAAGGTCGCCGGCGCCCAGCGCATCACCCTCGCCTCGGTGCTCGCGGCGCCCGAGGGCGTCGCCCGCCTCCAGCAGGACCACCCCGACATCCGCATCTTCGTCGCCGCGCTGGATCGCGAGCTCAACGACAAGGCGTACATCCTCCCGGGCCTCGGCGACGCCGGGGACCGCCTCTTCGGGACGCTCTAGGAAGCCCGGGGGGGGGCTTCCGGGCACCGATGCCATGGCAGCCTCCCCGGAGGGCTCCTGGGGGCCTTCCAGGGTGAGGGC
CP132910.1_gap87	3380498	3385168	4670	CAGGCCGGCGGCGTCGTCGGAAGCCTTGTTGATGCGCTTGCCGGTGGTGAGACGCTCGATGGTCTGCTGCAGGTTGCCACCGGTGATGCCCAGCTGACGGCTGGCGTTCAGGGCTGCAACGTTATTCAGAATGGAAGTCATGGCATCCTCCGTGATGCTGATGGCGGCATCCGTGCCGCCGGGTTTTAGGGCTCGGGGGTATCCCCGCAAGGTTCTATTCGGCCTGAAAACCTCCGGCCTTTAGTAATTTATTCCATCTCCCGGGACGAATTTCCCTTCGGCCATAGATATATGATGGCGGTCAGGATTTTTCCGGCCGCCCGAGGATGGAGCGGAAACGGCCGAGGAGCCCCTTGGGCTGGGGCGGGGCGACGGGGTCGGATTCCCGGGCGTCCAGGTCCACGTCGGGCGGCACCTGGGTGGAGGGGTCCAGTTCCAGGGCCTTCCGGTAGCAGGCCGCGGCGTTGGCCTCGAAGCCCTTGCGGTGGTAGAGCTCGCCCATGGAAGCCCAGGGCGCGGCGGCCCGGGGGCGGAGCTTGGAGGCGGTCTGGAGCGCGTCGATGGACCGGGTCGACCAGGCGGGGTTGGCCAGCCTCAGCTGGCCGAGCATGAGCCAGGCGTCGTAGGCCACGTCCAGGTCGGGCTCCAGCTGCACGGCCTGCTCCAGGGTGCGGATGGCCTCCACGGTGCGGTCCATGAGGACCTGCTGGCGCGCCTTGCGCACGAGGCTCTTGGCCCGGGCCGAGCCCTCCAGGGGCTGGGGCGGCGGGGGGGGCGGCACGTAGGCGGGGACCTCCTGCTGGAACGGGGACTCGGGCGGCTGCAACGGGAGCGGCTGCTGGAAGGGGGAGGAGGGCTGGAACCCGTGGGGCTGGGGGGGCGGCGCCTGCGCCGCGAAGGGATCCGGGCGCGCGAAGGGATCCGGCCGGGGGCCGGAAGGCGGCGCCTGGAAGGGATCGAGCCGGGGCATGGGCGCCGGGGGCTGGGGCGGCGTGCGCGGCGCGGCCTCGTCGGAGTAAGGCTCGGAGAGGCCGTAGGGATCCTCGGCCCTGGGCAGCGGGTGGCTGGGCTCAGGTTCAAGGTCCAGGAACTCGGGGTGCAGGGCGGCCTGGTCCAGCTGGATCGGGGGCTCGAGGGGGGGCGGAACGTGGATCCGGGCGCGGCCTCCGCCCGGCGGGAAGATCAGGGGGAACTCCTTGGGTCCCTTCAGGGGCAGGGGCGGCATGGCAAGGTGGGGCGTGACCGGCGTCTGCGCCGGGGGTTCGGGCGGCTCGCCGCTGACGCTGGGCAGCGTCCCGCCACACAACACCAGGGCCCCCAGGGCCCACAGGGTGATGATGAAGCGGCCCGCGGCCTCCTCCTCCAGGTTGCTGAGGGAACGGAAGGTCTCGAAGCTGATGGGGTCGGCGCCCAGGAAGGAGAGCGCATAGGCGGTTCCGGGGGTGAGGGGCAGGTCGCTGAGGCTCTCCACCAGGTCCCGGCGGCCCTCCCAGCGCCACTCCGTCTCCCGGTCCAGGACCGTCAGGAGGTCCATGAGGTAGTGGGACTCCTGGAAGGTGTTCCAGATGAAGTGGCGGTGCTGGAGCTTGAAGTGCAGGTCCTGCTCCAGCCGCTTCTCCATGGGACCGGCGTGCCACGTCCACGCAAGCACCGGGTGCTCGAGGGCGTGGATCATGATCTGTTCCTGCAGGGCCTGCAGGTGGAGGTCCCGCTCCTCGAGGTTCATCATGCCCCACTGGATGACCTTCTCCCCGATGCGGTAGCGCTCGTCGTTGGCCAGCAGCTCGTTGAGGGAGGCGAGGTCGAGGATCCCCTGGCGGAGCAGGTAGTTCCCGAACTGCTCTCCGGCCACGTCGCTCTTGAGGTGGATCAGCTCCCCCCGGCTGATGAAGAGGGTGCGCACCCCGTCGTTGTGTTCGAGGATGAGTTCGCCGCTCACGGCCTCCTGGCGCATGGCGCCCATGAGGACGGGCAGGTTCTTGATGGCCTCGGTCACGGGTTCTCCGGTGGTGAAATTACGTCATTATAGGCAAGGTCCGCCGCCGGGCGCGTCCAGAATCGAGCACAACAGTTATTATTGATGACGATGGTGGCAGCCTCCCGGTGGGCCATCCAGGAAAAGGTTGGGAATATCCCTTGGAAGGTGGCCATTGAAACGGACGGGCAGGTCCCCATCCCCGCTGGAGGCGGGGCTCGCCTACACCTTCCGGGACGAGGCGCTGCTGCGCACGGCCCTGACCCCGCCCTCCTCCGGGCTGTCCCCGGACAACCAGCGGCTGGAGTTCATGGGGGACTCCATCCTGGACCTGTGCGTGTCCCTCCTGGCGTACCGCGAGCACCCCTCCTGGCCCGAGGGCTCCCTCTCCAAGCTGCGCGGGCTCATGGTCTGCACCGACGCCCTCCATGCCTGGGCGCTGGATCTCGGCGTGACGCTGGTCGCCGGTCCCCGGTCGCCGAAGAAGGGCGGAGCCAGCCTGCGCAACGCCCTGGCCGACGCCATGGAGGCCCTCCTGGCGGCCGTGTTCCTGGACCTCCAGGCCGCGGGGGGGAACCCCCTGGACGGCGTCCTCGCCATCGTCGAGGGCCGCTTCCTGGAGCAGATCCGGGCGGCCTACGTGGGGATCTGGGAGGCCAAGGACCACAAGACGACGCTGCAGGAGCGGGGGGCGGCGCTCGGACTGCCCCCGCCCGTCTACGAGCTGCTGGACCGGCAGGGCCCCGACCACGCCCCCTCCTTCACGGTGCGGACCGTGGTGGGCGGCTTCGAGGCCGTGGGCCGGGCGGGGAACCTGAAGGGGGCGCAGATGGAGGCGGCGCGCCTCCTGCTGGCTGCGCTGCCCAAGCCTCCTTCTTGAAGTGGTCCGCATCGGTTACCATCACCACCATGGACTGAGGATTGAAGACCCCTTGAAGATCCTGCCGACAGTGAACATCCAGAATGGACGCGCGGTCCCCATCGTGGGGGAGGGCGAGGGCGTCGACCTCCTGCCCCTGGTGGCCTTCCTCCTGGACCAGGGCTGCCACCGCCTGGCGCTGGTGGACGTGGACGCGGCGCGGGGCCAGGGCAACAACCGCGAGCTCATCTCCCGGGCGATCCAGAAGTTCCACGCGGGCCGCCCGAAGGTTTGCATCCAGGTGGGCGGGGGCATCCGCAGCTCCGACCAGGCCCAGTACTTCCTGGACCAGGGGGCCACCTGGCTCGCCGTGGGGACCATCCTCCAGCGCTCTCCCGTGATGGTGGAGCAGCTTCTGGCGCGGTTCCGCGAGCACCTCACCGCCGCGGTGGACGCCCGCGGCGGCGAGATCCTCCCGTCGGGCTGGGGCGGGATCAGCGGCGAGACCGCCGAGGCCGCGGGCCGCCGCATCGGGGACTTCGGCTTCAAGCGGCTCCTCTTCCTGGACCTTCCCGCCACCCGGCCCGCCGTTCCGGACTTCGCCACCGCCCGCACCCTGTCCCTGAGCTCGCGCCTCTCCATCTGGATGGGCGGCAGCATCCAGACCGCCTCCCACCTGGCCCAGGCCCGCGAAGTCTCCGGCATCCAGGGCCTGGCGGTCGATGGGCTCCTCCTCCGCGGCGACGCGGCCCTCACGGCATCCCTGACCCTTCCCGGCTGCTGAGGAGGGGGTGTGGCTGAGCCCGAGGCGCCCTTCGTCCTGAGCCTTCCGGAGCCGGACCGGCTCCACTTCAGGAACCTGGCCCTCATACGCCCCCAGATGCCCTCGGAGCGCCAGATCGAGCTCATCGAGAGCCTCGGGCGCAACCTCTCCTCCCCGAGGCTGCTCACCCTCATCGCCCGGACCCCCCACTGGCTCGTGCACGCTCCGGTGCTCCACGCCCTGGCCGGCAACGAGAGCACGCCCGAGCCCATCCGGCGGGACCTGGAGATGGCGGTTTCGCTGTTCGACCTCATGCGGGAGATGGAGCGCGCCCCGGAGGGCGAGAAGGCCGAGCGTTCCGAATCCATTAAGGCCATCTACCAGGACCTGCCCCCGGATCTGAAGCCCATCGTCAAGCAGCTCGCCAAGCAGCTCGCCAGACCCGTGAACGCCTCGGGCACGACGATGGAGATGCCGCCCCTGCCGCCGGCTGAGGCCGACTGGGAGGCCCTGACCCTGCCCCCCCAGGGCCGGGGGCCCTCGCCGCTGCCCTACCGGATCCCCAAGCAGGACCGGGCCACGGCCGCGGAGGCCACCCTGATCCAGGAGGACCTCCAGAAGTACCTCGCGGACGAGGAGCCCGAGGTTCGCACTGCGGCCTTGCGCAACCCGGCACTTTCCGAGGAGATCCTCCTGGCCTGCCTGCCCGGGGCCGGACGGGAGCTGTTCGAGGAGATCTACCAGGAGGCGCGCTGGTACTTCAAGGACCCCGTGCGGGAAGCCCTGGCCGAGGCCCCCCGCTGCCCGGCGGCCATGGGCCGGAAGATGGACAGCACCCGGGATCTGGTGGCCCTCCTGGAGCGGGGCGGCCAGAACCGGCGCCATCTGCACCGCATCGTGAGCCTGTTCACCCAGTTGGAGGAGTCGGAGTACCAGTACCTGACCTTCTGGGCCAAACGCAGGGCACCCAACATGCTGCGGGTCATCAAGATCTTTTTCGACCGCCTCCAGCGGCGCCGGACGAACCAGGCCAGCGGTCTTTCCCCGGTGCAGTCCGAGGGACGGTGGGTCTC
CP132910.1_gap88	3393928	3395861	1933	CGCCGCGAGGCCGATGCCCAGGCCGGGCAGGACCATCTCCCGCGCCGTGGGGACCCGCGTCTCCCGTCCGGGCGCCAGGGGCTTCTGGAGCCAGGTGCGCACGGCCAGGATGGCCAGGAAGACGCCGAACACGGTGCGCAGGGGGCCGTCGGGGATATGGGAGGCGAGCCGGGCCCCGCTCCAGACCCCGGGGAGGAAGGCTGCGGTGAGGCAGCCCACCAGGGGCCAGTGGATGCGGATGCCCCGCTGGCGGAAGTGGAGCACCGCGGGCAGGCCGTTGGGCAGGAGCATGGCCGCCAGGGTCACCCCCTGGGCCTGGTGCTGGGACAGGCCCAGCAGGAGCCCCAGCATGGGGATGAGGATGATGCCCCCGCCGATGCCGAAGAGGCCGGAGAGGATTCCGCCGCAGAGGCCCGCGGCCATGGATCCCGCGGCAAGTACCAGGGGTGCCGTCATGCGAATGCCTCCTTCACCACTCTAAATGGGGGCCGGTCATGTTCCAATGGAATGGATTGGAATGACAGCCCCATGCAGATCAAGTTCTCCGAAGATGTGATCCTCGACAGCCGCCGCGCCATCCTGATGCCCCGCCAGGAGACCCTGGTCATCGCCGACCTGTTCCTGGGCCTGGGCGCCGGGCGGAGGAAACGTCCGGATGCCCTGCCCAACGGCCAGCAGCACGAGATCTGGGAACGTCTCCTGGGCCTGCTGGAGGACTTCAAGCCCAAGCGGGTGGCCATCCTGGGCGACATCAAGCCCAACCAGGGCCATCTGGAGGAGGACGAGGCCGAGGAGCTGCGCCTCCTCTTCCGCAAGCTGGGCAACCACGGGCGGGAGGTCATCCAGGTGGTGGGCCACCCCGAGCGCAGCTGGGGCCCCTCCCTGGAGGGCACCGGGATCCAGCCCATGGACACCTACCGGGTGGGCATCAACACCCTCATGCACCGCCGGCGCATCTTCGTGTATCCCCGCCACGATCCCCCCACGGGCTTCTGGATCAACGGCGGCCTCCACCCCCTTTTCGCCGTGCCCATGGCCGGGCCCGACCAGCAGGAGGAGTGGCTGCGCTACCCCGCCTTCCTCTACACCGGCTTCGCGCTGGTGATGCCGAGCTTCGTGTCCTACGCCCAGGGCTGGGAAGTGATGCAGCCCGAGCGGCTCCCCAAGCAGGCCCGGGCCTGGAAGGTTGTGGGGGACAACCTGCTGTCGCCGCTGTCCCTGCCGGACCTGCCGTCGCCGCCGGACAGCCAGAAGCTGATCACCAGGCCCCCGGCACGGGGAAAGCACCGGGAGAACCGGGGCGAGGAGAGCTAGCGGCCCAAGGCTGGGAGGGGTGGATGCGTTCCAGGAAGATCAGGGCGTCCAGTTCTTCGGGGGCGTTGATGGCAAGGGCGTGCGGGCGGGAAGGGTCGAAGCACAGGGGTATGAAACGGACGCCTTGGGGCGAATCCAGCCAGCGTCGAGTCTCTCCCTGGGGCCGGCCAGGGCGCAGGTCGAGGAGGAGCCGCGGCAGGCCGGTGGATCCCAGGGCTTCGTCCAGGGTGGCCCGGGGGTCCGGACCCACCTCGAAGGGGACCCAGGCCGGATCTTCCCGGCCGGCCTCCAGGGCCATGAACCCGCCGCGCCGGAAGGTCATCGCGACGGGTACGTAGTCGGCCCCGAGTTCCTGCGCGAGATGCCAGCCCATGGTGGGCCATCCCATCGAGTTCCGGAGGGATCTGGCGACGTGGCCGCAGTGGGCGAAAACCAGCACGCGGCCTCGAACGCCTTCCTGCCGCAGGACCCACCGGACATTTTCGGCCATGGCCAGCTCCCGGGCCCGGGACCCGCCCGTCAGATCCACAGCCAGTGGAATGAATTGGCCCAGCGCCACCAGCGACCGCCGCTGCCTTTCCAGGGACCGGGAGTCCAGGGCCGTGGTCAGCGCGTCGAG
CP132910.1_gap89	3517180	3521185	4005	GGTCACGCCGTGGGCTGACCGGATTAGGGAGAAATGGCCCTTCTTCCTGGCGGCGGGGTGCATGGCGGCCATCACCGTGGTGGCGCAGCGGGCCGGAGGAAGCCTGTCCAGCCTCCAGGCCCATCCGCTGCCGGTGAGGCTGGCCAATGCGGGACTCGCCGGGGTGGGGTACCTCCGGATGATGGTGTGGCCCTCCGGACTCGCCGCCTTCCATCCCTTTCCGCCCCTGGGTGGGCTGGCGGTGAAGGGCGCCCTGGCTCTTTCCGCCCTGGGTGCGGTGACGGCCACGGCTTTCCGGGCGCGCGTGGCGCGGCCCTACCTTTGGATGGGCTGGGCCTGGTTCCTGATCACCCTCCTGCCGGTCATCGGACTGGTCCAGGTTGGGATCCAGGCCATGGCCGACCGCTACACCTACCTCCCCCTGGTCGGCCCGTTCTGCATGGCGGCCTGGGCCGGGGAGGAGGTGGCCCGGACCCGGCCGCGCGTGATGATGGCGGCCTCCACGGCGGTGGTGGCCGTCCTCTCCTGCCTGGCCTGGGCCCAGGCGTCCACGTGGCGGAGCAGCGTCGCGCTCTTCCGGCATGCGGTGGACTCGGGCAATGACGGTGCGCTTGTGCGAAAGAACCTTGGCCTGGGCTATTTGCTGGAAGGGGATGCCGAAAATGCAGTCCGGGAGTACGGGCGGGCTCTGGCGATGTCGCCGGGCGATGCCCAGGCGTACGCGGGGCTGGGCAAGGCCCAGTGGAGCGCCGGGCGCCGCGAGGAGGCCCTGGCTTCCTTCCGCGAGGCCCACCGGCTCCGCCCGGGAGGCGAGGCCCTCTACCGCCTTGGCCGCGCCCTGGCGGCCCTTGGGCGACGGGAGGAGGCCCTCGCGAGGTTCCAGGAATTCCTGGGCCTGGCTGGAGTGGACCCGGCTTCGGGGATGGTCGAAGATGCCCACATGATCGCCGGCCTGCTGCTGGCGGGCCTTCACCGGCCCCAGGAGGCCCGTGGCCATTTCGAGGCGGTCCTGCTGGCCGATCCCGGAAACCGGACGGCCCGGGTCAACTTCGGCCTTGCGGACGGGGCCGCTCTGGAGCGGGCGGGACGCTGGCCGGAAGCCTGGGAGGCCTATCGAGGCGTCCTGGCGGCCGATCCCGGCAACGCCGAGGCCCGATCCGGCCTGGAGCGGCTGGGAAACGTAGCGGTTGGCGGTTCAACGCTGGACGGAAAGCCCTGAGGGCCCCATTATTCATAGCTGGCCGGGACCCCCTTTTCGGGCCTGGACCGGAGGAAGCCATGCTCAGGAATTTCATGCTCGGGAAGATCCACCGCTGCGTAGTAACCCGGGCCGATCTCGACTATGTCGGCTCAATCACCCTCGATCCGGTCCTGATCCGGGCCGCCGGGTTCCTGGAGAACGAGAAGATCGACATCTACGACGTCACCAACGGTTCCCGGATCAGCACCTATGTGATCCCTGGAACGGAGGGGTCCGGCGAGGTCGGCATCAACGGCGCTGCCGCGCACCATGTGAGGGCCGGTGACCTGGTCATCCTGGCCGCCTACGGCTGGATGACGGAGGAGGAGGCCGCCGCCCGGAAACCCAGGGTGGTCTTCGTGGACGCGCACAACCGCATCCTTGAGACCGTGGACCGGGAACGGACCCCGGATCGCCTGGCGTTCGCCGGCCACACGAGCGCCTGAGTGGAGGCCGGCCCGGGACCCAGGCGGAACGGGTTGGCCTGCGCCTTCCTCCTGCTTGTGGTTCTCGCGACCTTCGGCCGCCTCCTTGGGGCCGGCTTCCTGTCCTACGACGATCCGCAGTATGTCCTCAACGCCCACGTCCTCCACGGGCTCACCTGGGACAACCTCCGGTGGGCCTTCACGGAGGCCCATTACGCCAACTGGCACCCCGTTACCTGGCTCTCCCACATGGCCGATGTGGCCCTGTTCGGTGCCGCGCCGGGATGGCATCACCTGACCAGCGTCGTCCTGCATGGACTCAACGCCATGCTGCTCCTGCTCCTGCTGGAGGACACCACGAAGGCCTTCTGGCCGAGCCTTGCGACCGCGATGCTCTTCGCCATCCACCCCCTCCACGTGGAGAGCGTGGCCTGGATCGCGGAGCGGAAGGACGTCCTGAGCATGTTCTTCGCCCTGCTGACCCTCATGGCCTACGTCCGGTACACGCGCTCCAGGTCCCGGGTGTGGCTGGCCGGCACGCTTCTCCTCTATGCCCTGGGGCTTATGGCCAAACCCATGCTGGTGAGTCTCCCGATCCTGATGATCTGCCTGGATCATTGGCCGCTGGGGCGGACCTGCAGGCCGTGGGGACGATCCATGGCCCGCCTGGTCTGGGAGAAAGGACCGTTCCTGCTCATGGCTGCGGCGGTCTGCGTCATCACGGTGGTCTCCCAGGCCGGGAGCCGCGTAACCTCCACGGAGTCGCCCTTCGGGCACAACCTTCTCAACGCCCTTGCGTCCTATGGCCGATACCTGGGCATGACGCTCCTGCCCATGGATCTGGCCGCCTTCTACCCCGCGCTTCCCCCGGGGAGGCTGGCGTGGCTGGCTGCGGTCTCCCTGGCGGCGCTGGTGGTCCTCACCTGGGCCGCCCTTCGCCAGGCCTGGGAGCGGCCCTACCTGCTCGCGGGCTGGGCCTGGTTCCTCGTCGCCCTGGTTCCGGTCGCAGGTTTCTTGCCGGTGGGCGCCCAGAGCATCGCGGACCGGTACACCTACCTGCCCCTGGTGGGCGTTTTCGCGGCCCTGTCCTGGCTCGGGTCCGATGTGCTCCGCCGGTGGCGGGTGCCGCGGGGCCTGGCGGCCGCGCTGCTGGGCCTCCTGGCCGCGGCCGGGATGGCCAGGAGCTGGGTGGAGGCCGGCTACTGGAAGGATGACCGGACGCTCTTCACCCGGGATCTGGCCGTGGTGGGGAACAACGCGGTCGCCCACCTCTGCCTGGGCCTAGGCTGGTACCGGGACGGGGCCAGGGAGGAGGCCGTGCGGGAATTCCGGGAGACCGTGGCCCTGGTCCCGGGCCATGGCCTGGCCTGGTACTGGATGGGGGAGGCCCTGCTGGGGCTGGGGCGGGAAGATGAGGCGCGGCAGGCCTTCGGCGCCGTCTGGAGCCTTGAACCGGAAAACTACCGGGCCATCCTGCGCCTGGGCCCGATCCTGATGCGACAGGGACGCTACGGGGAGGCGATCGCGCCCCTCCGGGCCTACATCGCACTGGAACCCCGGCGCCTGGAGCAGGAACCCGACGCCAGGGCCCAGAAGGTGGGAACCCGGGAAGCGAGGCGGATGCTGGGCCTGATCCTGCGCCAGTTGGCCAGGCCAGAGGAGGCCTGTGCCGAACTCCAGGCGGCGGTCCAGGCCGATCCCCAGGAGCCGGGCCTGCTCCTCAATCTCGGCCTGGCCCTACGGGAAGCAGGCCGACGGCAGGATGCCCTCGAGCAGTTCCGTCGCTGCGTGGCCCTGGCTCCCGCTTCGTCCGCCGCGCACCTGGAGTTCGGCAGGGAGCTTGGACTTGCCGGCCGGGTCCAGGAGGCCGCCCGGGAGATCCAGGTCGCACGATCCCTCGGCGCCCGCGAATGAGGACGCCTCCGGCACCCCGGGACGCGTATTTTTCTAATCGAGCTTCCCATTATTCCTTAGACTTGCTAAAAGAGTGTCAGCCCCTGGCCAGGCAGGACCAGGAGCAACTGGGGAACCGCGCGAGGCGTTTCCGCCGAATTCTTGAGAGGTGTAAGCCATGGAAGTCCGACGGTCCCTCGTGGTCAATGCGACCCCGCTGGAGATGCGCATTGCCCTACTGGAAAACGGCCAGCTCTGCGAATTGTTCATCGAGAGAACCACCCAGGTCAGCCAGGTGGGGGACGTGTACAAGGGGAGGGTGGCCAAGCTCCTGCAGGGCATGCAGAGTGCGTTCGTGGCCATCGGGGGCGCCAAGGACGGGTTCCTTTACCTGGACGAGCCCGAGACCCACCGCCTGCCTTCGGAGGAGGTGGTCGAGGAGGAGGA
CP132910.1_gap90	3632139	3632931	792	ACCGCCCAGACCCCGCCCATCCCCCTGGACGACAGCGCGGAGGCCAACGAGGACCTGCGCCTGAAGTGGCGCTTCCTGGACCTGCGCCGGGAGAGCCTCCAGCGCAGCCTGATCCTGCGCAGCGAGGTCACCCAGATCGTCCGGTCCTACTTCCGCAGGAACGACTTCGTGGAAGTCGAGACCCCCATCCTGGGCAAGTCCTCTCCGGAAGGGGCCCGGGACTACCTGGTCCCCTCGCGGGTGCACCCGGGCGAGTTCTTCGCCCTCCCGCAGTCCCCCCAGCTCTACAAGCAGCTCCTGCAGGTGGCCGGCTTCGAGCGCTACGTGCAGATCTGCCGCTGCTTCCGGGACGAGGACCTGCGGGCGGACCGCCAGCCCGAGTTCACCCAGGTGGACGTGGAGATGAGCTTCGTGCGGGCCCAGGACATCCAGGACATCATGGAGCCGCTCCTGGTGGAGCTGGCCGCCCTGGTGGGCCGCAAGGTGGAGGCCCCCTTCCCCCGGCTGCCCTACAAGGACGCCATGGAGTGGTACGGCTCCGACAAGCCCGACACCCGCTGCAAGGTGCGCATCCAGGACGTGACGGCGCTCTTCGCGGAGAGCGGCTTCAACCTCTTCCGGGCGGCCTCCGAAAGCAATGGGCAGCGCCGCGTGCGGGCCCTCTTCTTCGAGGGGCCCCAGGCGGGCGCCTACAGCCGCAAGCAGCTGGACGAACTGCAGGACGTGGCCAAGCACCTGGGCGCCGGCGGCCTCCCCTACGCCAAGTGGGGCAAGGACGGCTTCGGCTCCAGC
CP132910.1_gap91	3639569	3643908	4339	AGGTGCGCACCCGCATCAGGGAGACGTCCAGGATGGGGTGGGAGGCTCCGGCCGCGTGGCGCAGGTAGGCCGCCCCCGCGAGCACGCCCGCGGCCAGCGCGGCGGCCGTTCCGGGCAGGGCCGTGCCGCCGCCGCGGCTCCCCGCCTCCAGGCCGAACATGAGGCAGGAGAGGGCGACGCAGGAGAGCAGGAACCCGCCCAGGTCGAAGGGCCCCGGGGGTTCGTCGCGCACGTCCCGGATGTAGCGCGTGACCAGGGAGATGCCGAGGATCCCGATGGGCACGTTGAGGTAGAAGATCCAGCGCCAGGACGCGAAGGTGACGAGGAACCCCCCCAGGGGCGGGCCCACCACGGGCCCCAGCAGGGCCGGGACCGTGAACCAGGCCATGGCCGCCACCAGGTCCTCCCGGGCCACGGTGCGCAGCAGCACGAGCCGGCCCACCGGGACCATCATGGCCCCCCCGAGGCCCTGGAGGAGCCGCGCGGCCACCAGGAACGGGAGGTTCGGGGCCTGGCCGCAGAGCATCGAGCCCAGGGTGAAGACGGCGATGGCCGCCCGGAACATCCGCCGCGCCCCGAAGCGGTCCGCGAACCAGCCGCTGGCGGGGATGAACATGGCCAGGGCCAGCAGGTACGATGTGAGGGCCGCGCTCATGTGCAGGGGCGGCACGCCGAAGCTCCGCGCCATGGCCGGAAGGGCCGTGGTGAGCACCGTGGCGTCCAGCTGCTCCATGAAGAGCGCGCTGGCGATGATGACCGCGGTGACCCGGAAGCCGGGAGCGGGCCGAACCGACGACATGGAGACTCCTTCCGCACCATTAGGCCCCGGTCGGGAGTATCTTGGAATTGCATAATTCCTATGGATCAATGCATGAAACAGATCAATTTCGAACTCGGCGAGCTCCAGGCCTTCCTGGCGGTGGCGGAGACGCTGAACTTCATGTCCGCCGCGGAGGGCCTGTTCCTCTCCCAGCCGGCGCTGAGCCGGCGGATCGGGAAGCTGGAGGGGGCCCTGAAGGCCCGGTTGTTCGAGCGCACCACCCGCCGGGTGGCGCTCACCGAGGCCGGCGCCCACTTTCTCGTCCACGCCAAAACCGTAGTGGAGGAACTTGAGACCGCGATGCGGGGACTGAAGGAACAGCAGGCTCAGCGAAACGCCCGGGTGACGGTGGCCTGCGTCCACTCCGCGATCCGTCCGCTTTCCCGGATCCTGGCGGCCTTCGCGGCGGACCACCCGGAGGTGCGCATCCGGGTCCTGGACGAGGGCGCCCGGGAGGTGCTGGCCCAGGTGGTATCCGGCGCCGCGGAGTTCGGCATCAATTTCCTGGGGGCCCAGGAGCCGGAAATCCAGTTCAAGGCCATCTCCGAGGCGCCCTTCGTCCTCGTCATGCGCCGGGACCATCCGCTGGCCTCCCGCGGGGCCGTGGCGTGGGGCGACATCGCCGGAGAGCGCCTGATCGGGGTGGCCTCAGGCAGCGGCAACCGGGCCCTCCTGGACAATGCCCTGGCCCGGGTGCCCCTGCGTCCGGCGGTCTTCCACGAGGCCAGCCACGTGGCCGGGGCCCTGGCCCTGGTGGAGGCCGGGCTGGGCATCGCGGCCCTGCCGGAACCGGCCCTGTCGCAGACCGGCCTGGTGGGCGTGCCCCTGGTGAAACCGTCCGTCACGCGCACCCTGGGCCTGATCAGCCGCAAAGGCAGGCGGCTGCAGCCCGCCGCGGACGTTCTCCACCGGATGGTCGAGACGGGTCTAAAGATCTAGCGGGAACGGCCGAAACCAGGAGAGCCGGATCTTCCCAGGGGGTGCCATGTTCCGCTTTGCCCTGCTCGCCTTGTTGTCCCTCCAGCTCGGCGCCCAGGCGCTGCGCATCGACGGCGGTGCCGCCCCCATGGAGAACATCTTCAAGCCCGTGCGCGCGGCCTTCGAAGCCCGCGCCGGCCTGCGCCTGGAGCTGCAGGAGAACGGCCCCGAAGTGGCCCTGCTGGCCCTGGACAAGGGCGAGGTGGACGCCGCGGCCGCCGGCCTCAGCCCGGCGTCCTGGTTCGAACTGATGGCCTCCCGGGGCCACAAGGGGATCCGGCAGGAGGCCTTCGTGGCCCGGCGCATCGGCTTCGACAAGATCAACGTCTTCCTCCATGGGGATCTGGTCCTCTTCGAACTGGACAAGGCCCAGCTCAAGGCGCTCTTCACCGGGAAGGCAACCAACTGGAAGGACGTGGGCGGGCCGGACCTCAAGGTGGTGGTGATCCTGGGGGAGAAGATGCCGGGGACCAACAAGATCTTCCAGGAGCAGGTGATGGATGGCGCTGCCTATGCATCTGCCGTCCGGTGGTCCGGCTCTACGCCCGAAGTCATCCAGGCCCTGGCCGCCACCCCGGGCTCCATCGGCCTGGGCCCCCTTTCGGCCCTCAAGGCCGAGAAGCTCACCAGCCCTTCCACGCCGGAGGTGGGGCGCCCCATCACCCTGCTCACCAAGGGCGCTCCCGGGCCGGGCCTCGCGAAGCTGCTGGCCTTCGTGGAAGGGGAGGGGAAGGCCCTCACCTCCCGGTAGCGGCGCCTTCAGGGCCTGTGGCGATCAACTGGATCGAGAACCCGTTGTCCACGGGAGGTGGCGTAAAGGCCTCCCATGGCCTCAGACTGGAGAGGTGACGCGACCCCCCCGCCCGAATCCGCTCCCCGAGGAAAGGCCCCGATGAAAGGCGGTCTGGGCACCCCCATGGACGCGGAAGGCTTCGCGGAACCGGTCCAACGGCCGGAACCGCCGCGGGTCTCCACCCTCCGCCAGCAGGCGGAGCTCATCCTCCGGCAGGCCGGCTGGGACCTGGCGCCCTGTCCCATCGTGTGGTCCCCGCGCATGAGCCGCTGCGCCGGCCTTTTCGTCATCGAGAAGGACCGGCGGGGCGTCTGGCGTCCGGAGATCCGCCTGTCCACGCCCCTGCTGCGCCGCCGGGACTGGCCCTGGCCCGTCCAGGTCTGCGGCTGCAACTGCCGGAACCCCGAGGATGTGGTGCGCCGCATCCTGGAACACGAGCTCATCCACTACAAGCTCTGGAAGGACGGCGTGGACTGGGGCCACACGGAGCGCTTCCGGGACCTGGCCTGGGCCGCGTTCAACCACCAGAGCATCACCCACGGGATCGGGACGGAGGCCTGAGGCTCCGGACTTCCGCCCTGATCGGGTGGCCGGCCCGCATATATTGGAAGTTAATAACCAAATGCCAAGGATCGCGACCCGGGGGAAGGACCATGCATCATCCGTTCTGGCTGCTCGCGCTGTCCATGGCGCCGCATTGCGCTCCGCCCGTCCGGGCGAATGACAAGGACGGCCTGTTGCACCGCACCGACACGCTCCACATGCGCGTCCACGGACAGGAGAACCTCCTCCTGAAGCCCTTCGGGGCCATACCCCAGGATGACGTAGCCGACTGACAGAACTCATGGCGGACGCAAGGACCTTCATCGATGGAGACACCCCGGCCCCGGACCTCCGCGTGGCCATGGCGGCCATGGACAGAGTGGGCGCCTCATCAAGGTGCGGCAGCGCAACTGGAATGACACCGTCCTCCGGTGCACCGACCTGCCCAATCCTGACCTGGACCTCCCCCGCCTCGACAGGGCCATGCTGAAGCAAGGGAACGATGTGGACGCCCTCAGGCGGGCCTTGCAGGAAAACCGGAATCTGCCGCACGTAGCTGGCGTCCGTCGCGGGTCCAGCATGTCCAGGATCTGCCCCCAGGCATACGCCGTCTGAAATGCTCATGGGCACGAGGCCGGGAACAGGACCGCCCGTCCGCCGGAAAGGCGCGAGGCCTGCAGCGCATCCGGGAGTTGAGTGCGGCCCCCGAAAAGGAGCATAGTGGAAGGATCCCGATAACCCATCGCCCGTGAATGCAAGGAGCTCCCTTGGTCATCCCCTTTCCGCTCACCTACCTGTGGCTGGCTGCCGGCGGCCTGGTCCTGCTCCTGATCCTCCTGAAGTCCTTCACCATCGCCCGGGGCGATCAGATCGTCGTGCTGGAGCGCCGCTGGTTCGGGCGGCAAATGCCGGACGGGCGCTCCGTGGCCCTGCGCCACGAGGTGGGCGTCCAGGCTCGGGTGCTGGGGCCGGGCTTCCACCTCCTCATCCCCTTCCTGTACAAGACCAGCAAGCGCGATTTCTGCGTGATCCAGACGAACAAGGTGGGCGTCGTGCGGGCCGTGGCGGGCGCCGCCATCCCTTCGGGCCAGTTCATGGCCAAGTCGGTGGAGTGCAGCCTCTTCCAGGACGGGGAGGCCTTCCTTTCCAATGGCGGCCAGAAGGGCCCCCAGCTGGCGATCCTGCCCGAGGGCCAGTACAAGATC
CP132910.1_gap92	3645805	3648613	2808	AGCGGTAGCCTTCCCGGTCGAGGGTCTGGATGAACGGGGACCGGTCCGTGTCCCCGAGCTTCTTGCGCAGGGTGCCGATGTGCACGTCCACGGTCTTGGGCATGGGCTTGCCGTCCGGGTCCCAGGCCATGTTGAGCAGTTCCTGGCGGCTGTTCACCCGGCCGGGGTTGGACACGAGCACTTCCAGCAGCCGGAATTCCCGCAGCGTCAGGTTCAGGTTGGTGCGCCCGCGGTGCACGTCCAGCTGGAGGAAGTTGATGCGGAAGGGGCCGCTGCGGAGCACCCGGGGCAGGCTCTCCTGGTTGCGCGTCCTGCGCAGGATGGCCCGGATCCGGGCGATGAGCTCGAGGATGGAGAACGGCTTGCCCAGGTAGTCGTCGGCGCCCTGGGACAGGCCCTGGATGCGGTCGGCGTCCCCGGTGCGCGCCGTGAGGATGAGGATGGGCACCGGGTCGCGGCGCCGCCGGAGGACGTGGAGCACCTCGAAGCCGCCGACCTTGGGCAGCATGAGGTCGAGCACGATCAGATCGGCGGGCTGGCGCTCCTGGATCGCCAGGCCGGCGGCGCCGTCGCCCGCGGCCTCCACCTGGAAGCCGGCGGCCTCCAGGTTGAGGGTGAGCATCTCGGCGATCTCGGGTTCGTCCTCGATCACCAGGATGCGGTCCGGGGGTGGGGGTTTGGCGGCCATGATCCCTGATGGTAGACGCATTGCGGCTGGGTCGCGCGCTTCTTCCGCCCGGAAAAGTTCGCCGCCGGAAGGCCGGCCCCGGGCCTCCAACTGTTCGGTTCGACTGCAGGCATGATCGTTCCATAACCCATCTATATATAATAAATGCATACGTCGCGCCGCTTCGTTAAAATTGAAGAATTCCTTTGTCCGCCTTTACTGGACGTGGTCCTCCCGGAAAGCAAGGATCAGACAAGCCAATTAACCAATCCACAATTCATCCGGGAGCCTTCACATGACCATACGTCATACAACCTGGGGCACGATGCGCATCGCCGCCCTGATCGTGGCCTCGTCGGGGCTGCTCTTCAGCCAGAGCAGCGCGGTCGGCAACATCACCGGGACCGTCAAGGGACCCGACGGCAAGGCCGCCAGCGGCGCCCTGGTCCAGGCCCACACGTCCCGGGGCGTGCAGGAAGCGAAGACCGGCGCCCAGGGCGAATTCACCTTCCGGCAGATGGTTCCGGGCACCGTCCGGATCAAGGTTTCCAGCAAGGGGGCCGCGGCCTTCGAGGGGGCCCTCACCGTGGTGGCCAACCAGACCAACCGCATGGACATCAAGCTGGGCGCCCAGGGCATCACCGTGGAAGTGGTGGACAGCCAGGGCCTGGAAGCCATCGACACCGCCCAGGCCACCACCGGCATCGTGATGACCATGAGCGAGATCAGCGAGCTGCCCATCTACTACATGGGCACCAACCGCCTCACCGCCACCACCTTCCGCGCGCCGGGCTCGGTGATGGACACCATCCACGGCACCGACAGCCAGCACAACACCTACGTGGTGGACGGCGTGGCGGCCTCGGACGCCAACTACGGCGGCCAGAACGTCTCCCTGAACAACGATTTCATCGACCAGGTGCAGGTGCTGACCAGCGGCATCTCCGCGAAGTACGGCCGCTTCACCGGCGGCGTCCTCAACGTCACCACCAAGAGCGGCACCAACGAGTTCACGGGCACCAGCCGTTTCGAGATCACCAACGAGAAGTGGAATTCCAAGTACCGCATGCCCGGCGTGGCGTACTACTACTCCAACCTCTACCACTTCCCCCTCACCTGGTCCCCCGTTCCCGACCACCACCAGACGGTGCAGAGCTACACCCTCACGGGCCCGATCATCAAGGACAAGCTCTTCTTCGCGGTGGCCTACCAGACCAACAGCCCCGAGACCCGCCTCGTCTCCAAGACCCAGCCCTCCATGGGCGCGGAAGTGCCCTATACCATCGTCCGGGACTCCTACCTGCTGGACGCCAAGGTGGACTGGCAGATGACCCTCGGACAGCGGCTGTCCGTGGAGCTGAACGAATCCAATTCCAAGGACCTCAACGGCATCTCCAACGGCACCGTCTCGACCCTGGAGACGCTCAGCGGCCTGACCAAGTCCAAGAAGGGCTACCATTCCCTGGGCTACCTGGCCCAGATCTCCTCGTCCCTGGCCCTGGACATCAAGCTCAACGACGCCTATTCCAGGAGCGGCGGTCCCGGCACCGGTCCCACCGGCGGCAAGATCCTGCCCACCTGGAAGGAAATGGAATCCAGCGACGTCCTGGACAACGGCTACGGCTCTGACAGCCAGGCCGACAGCCACACCAAGACGGGCGGGATCAACCTGACCTGGGTGACGGAAGCCATGGGCACCCACGACGTGGAAGGCGGGTTCCAGTTCTACCACTACAACCGCACCGGAGCCGCTTCGCCCACGCCCTCGAACTACGAGATCCTCTTCCGGAACTACGCCGACGGCGCGACGACGCCCAGCCTGGTCAACCGCGTCCTCACGCCCCTGAACGCCACGGACACGGTGCTCTACCAGTACTTCCCCACCCAGGGCGAAGCCGACACCAAGGTGAACAGCCTCTACGTGAACGACACATGGAAGGTGGATTCGCACTGGTCGTTCAACCTGGGCCTGCGCTTCGACCAGTACAAGAGCGCGAACAATCCCGAGAACATCACCTACTCGTTCCAGACCTTCGCGCCCAGGCTGGGCGCGAGCTACGACCTCAAGGGCGACAAGCGCCACGTGTTCCATGTGGGCGCGGCCCAGTACTCCGGGATGATCAACCAGGGCAACCTCGCCG
CP132910.1_gap93	3685069	3688091	3022	CGCCGCCGCCACCCCGGGGGGCAACCGCGCCTTCATGGACCTGGCCGGGGTCTACGAACTGGGCCTGGCGGGCAGGCATGAAGCGGCCCTGGAGGAGCTGCGCAGGCTCTGGGCGGAACGCATCCCCATCCGCATCCCCGACGGCGAGTTCACCTTCAAGCTCGCCGAGGCCTTCGGCTTCCTGGGCAGCCCCGCCGAGGCCCAGGACGTGGCGAACCGCGCCTTCGCCCAGGGTTTCGGGTGCCTGCGGTGGTACGAGCAGAGCCCCTTCCTGGCCGGCGCCCGCGGCACCCTCCGGTGGGCGGCCCTGGAGCAGCACCTGTCCGAGCGCCTGGCCCTCATGGAGGCGACCTACCCCAGGAGCCGGTTCGAGTTTTGAACTCCGAAAGGAACCTGAGGCGGGCGCGCGGCACCTTGACTGCACCGATCCCGCGGCCTGCCCGGAGGTATGGATATGAATGCTCTGTTAGGCGTAGTGCTGATTCTCAGCTTGTTGATCATCATCTTCTTGGGACCCGAGTATTTACAGACGGTCCGCCGGAAAACCCGTTCATATAAAAAAATAGGCCCTCAGCGAACCCTTCAAGGCCGCGACGCCCAGGCGTAAGCTGAATTCCCTTTTCCCGGAAAGGACCTGCCCATGACTTCACGAACCCCGCTCCCCTATGACAAGCTGCTGCTGACGCTCCTCGGCGGCGCCGCCCTCGGCGCCCTCGCGGTGGCCTTCACCACGCCCCGCACGGGCCGGGAGGTCCGCCGGAAATTCCGGGCCATCGGCGACCTGTTCCGGGGCCACACCCGGACGGCCGAGGACGACCTGATCGAGGCGATGTTCATCTAGAGCGGCGGCCCGCGGGCGGAACGCCCGTGGGCCGCTGGACGGGCGCGTTCCTCAGTTCGCCGGCGCGGGAGGCGCTGGCGGCGCGGCGGGCGCCGGGGGTGCGGGAGGCGCGGGAGGCGCCGCAGGGCCGCCCTGGTCCAGGCGGTCGAGGCGGGCCTTGAGGCGGGCGATCTCGGCCTTGAGTTCGTCCACCTCGGCGCTGCGGGGACCCACGCGCATGGTGATCACCCGGTTCTCGCCGGGCTTGCCTTCGCCTTCGGGCCCATCGACGCGCTTGCGGATGACGATGTGCCGCTCGCCGGGGCCGCCTTCCAGTTCATGGAGGGTTTCCAGCTCGGCGAGGTCGATCTCCTTGTCGTTGAGGACGCGGAGGTGGGGCAGGCGGAGGCCGATGAGCGCGACCTTCCGGGCCTCGGCGGCCAGTTCCTTGGCCTTCTCCTGCATCTCCTTCTGGAGGCGGTCCAGCTCGGGATCGGCCTTGGCGGACTTGCGGGAGCTCTCGAACTTCTTCGCAAAGGCTTCGGCCTTGGCCTCGAAGGCCTTGGTCTTGGCGTCCAGGTCGCCCCGCTTCTCGATGCGGACGATCTTCTTCTCCACCTTCGGGGCGCCCTCGGGGGCCTTGGGGGCGGCCTCCTGGTGGAGCCCCAGGCCCGAGGCGGCGCCCAGGGCGGTGACGGCCAGAACGGCCAGCAGGCCCGCGCGCCCCAGGGGGGAGGGCGGCAGATTGGGCAGGATGAGACGTTTGATGCGGTTCATGAGAATTCCTCCGTTGGCCGCCAGGGCGAGGCCAGGGTTGGGTTCGAGGGACTGGCGCAGATCCTCCAGGCGCTCAAGGGCGCGGGCATAGAGGATCGGATCGCCGCAGACTTCCACCGCCGCGTCGTCGCAGCAGTTCTCGCGTTCGGTGCGGATCTGGCGGGAGACCCACCAGGCCGCGGGGTGGTAGAAGAAGAGGGCTTCCACCATGGACTGCATGAGGTTGACCAGGTAGTCGTGGCGCCGCACGTGGGCCAGCTCGTGGGCGAGGACGGCCTCGAGGGCCGCGGGATCCATGCCCGCCAGGGCCGCCGCCGGCACCAGGATCACCGGCCTTATCCAGCCGATGACCATGGGCGCGTCCACGGTCCAGGACCGCAGCAGGCCCACGGGGAAGGTGATCCCCATGCGCTCCGCCAGGGCACCGGCCCGTTCGATCCACTCGCCGGGCGCGGGCTCGGCGCCGACCCGGCGCAGGCGCTGGATCCAGTACCACCCGCCCAGGAGCCGCAGGCCCATGACCGAGACCCCCAGCATCCAGAAGGCGCAGGCCTGGGGCAGGTAGGGCCCCAGCAGTTCCCGCCAGCCCGGGGGCCGCAGCGCATCGGCCACCAGCACCACCCCCGGGGGGAGCGGCGCCGGCCAGCACAGCGCGAAGGTCGCCAGGGCCGCCAGGGGCATGGCCGCCAGGGCCGCGCAGGCCAGGACATACCGGGACCCCGGCGTCCGGCTCCGCAACAGCCGGGTCCCGGCCCAGGCCAGCAGGCCCAGGCCCGCGCCCTGCCACAGGGAATGGACGAGGGTCCATCCCAGGGCCTGGAAGAGGGGAGATGCCCAGAGATGCGTCATGACTGCCTCCCTTCGGCCGCATCCAGGAGCGCCCGGATCTCATCCAGCTCCGCCCGGGACGTCTTCCGGGAGGAAAGGGCCTGGATGACGAGCTTCGCGGCGGATCCGCCGAAGGCCCGGTCCAGCAGATCGCCCACCAGGTGTTCCCGGGTGCGCTCCGCGCTCTGGGCCGCCTGGTACACATGGGACCGCTCGCGCTCGTCCCGGGTGACCAGGTTCTTCTCCGTCATGACCTGGAGAAGCTTCAGCACCGACGTGTAGCCCAGATCCTTCTCCCCCGCCAGCACCTCGTGGATCTGCCGGACCGTCGACGGTCCGCGATCCCAGAGCACCCGGAGAATGGCCAGTTCACCGTCGGTGGGCCGGGGCAGGGGATGGTTCATGGAGGGGACTCCTTGGTCTACGAAGATATGTGTACGTTCTTTTTCGTAGAGGGCAAGGGAAAACTTCAGGACCCTGTCATGGTGCTTAAAGAAAACGAATTCTAATTCTGCGATCCGCCGGTCAGGAGGGGGTGTCAGGTCAAGGCATCGAGGTTTTCATTGCAGCCGTGGACCCCGAGCCCGTTCCCTGACG
CP132910.1_gap94	3693896	3697452	3556	CCCCTGAAATCCGCGAACCCGAGCTCGGCCGGGCCCAGCACCTTCAGGAAGCCGCGGGGACCCCCCCGGTGCTGGATGTAGGGCCATCCCTCCGGGTTCACCGTGGCCAGGTAGAAACTGTCCCGGTCCTCGATGAAGGCGATCTCATCCGCGCCGAGGGTGTCCCCGGCGGCCGATCCGGGCCGGGGGAGGCTGCGGCCGTAGTAGCGCTCCTGCGCGGCCTTCACGGCGGGGGTGAGGGTCCTGTGGAAAAATGCCTTGGTCATGGGTCCTCCACGGGAAGGGCTGCAGTGTCTCCAGGCGGCCCTTGACCCGGCCGGGACCGGCGGAGCCCGTTCAGCTACCAGGCCACATCTTCCGGGCCCGCCTCCCTCATGTCCAGCACCAGGTGCAGGCTGGCCATGCGCAGCACGAGCACGACGCGCGGCCTGAGGCCGCACAGGATCAGCCGCCCTCCCCTGTTCCGCGTGGACACGAAACTCGCAACGATCTGGCCCACGCCCAGGCTGTCGATGAATTCCACCGAGGAGCAATCGAGCAGGATCTTCAGCACGCCGGCGTCGAGGGCCTCATGGACGGCCCTGGACAGGTCCTCCTTGCCCTCCGAGGCCGTCAGCTTCTGGCCGGGGACCAGGACGAGGACATCCCGGTCCATGTGCTGGGTAAGGTGCATGCGGCCTCCCTCGGCGCTGGAACGACTCATTGGACCAGAACGTTGTAACAACCCGGTAACATTCAAACCCGCGGCCGGGCGGCCCGTAAAGATTCCGTTGCGGCAGCCGTTCCGCGGGCGGTTCGCCCTTTATGGAACTTTGACGGACGACCCTGGATTCCCAACCTTTTCTTAATGAACTTCAGGCCATATTCATTGGCGGCCTGGATCAGGCGATCCGGCAACTTCTGGAGCCCAAATGCGCATCCTTCTCACCGCCTTCCTGGCGGCCGGGGCCGTCGTGCCCGGCCTTGCCCAGGCTCCCAAGCCCCCGGCGCCCAGGGTCGCCGAGCCCTTCGCCTTCGCCGATTTCACATGGCTGAACGGCAACCCCCGGACGAACGACGCGATCCTGGACTCGAAGTACTTCACCGGCGAATTCCGGGCGGACGTGAACGCGGTCTACGACTTCAACCACCCCAAGGACCACACCCTCGGCGGCTCCAGCGAGCTGGGGCGGACCGGAGAGGTCCAGGTCCAGCAGCTGGGCATCGGCGGCGACTTCCACTGGGATCACGTCCGGGGCCGGATCCTCACCCAGTTCGGGATGTACGCCACGATGACCCCGCGCAACGACGCCAGCACGGCCAAGGGCCAGTGGGCCACGGACAACGCGTACCGCTACGTCTCGGAAGCCTACGGCGGCTACCACTGGGATGCCCTGAACGGCGTCAACCTCGACGCGGGCATCTTCATGTCCTATATCGGGCTCTTCAGCTTCTACAACTTCGACAACTGGGCCTACCAGCCGTCGTACGTCTCCTCGAACACGCCCTGGTTCTTCAACGGCATCCGCCTCCAGGTGTTTCCCACCGACAAGCTCAAGGTCGAGTTCTGGCTCACGAACGGTTGGCAGTCCTACAACATGTTCAACAACACACCGGGCGTGGGAGCCTCCATCTGGTGGCGGCCCACCGGCGACCTGGCGTTCATCTCCAACAACTACATCCTGGGCGCCGACACCCCGGGCAACCCGAAGCGCACGCGGAGGCACACGGACAACAGCGTCGAGTACAAATACTACGACCGCCCCGGCGCGGGCCTGAACCGCATGGCCCTGTCGTTCACCTTCGATCTGGGGGATGAGCAGGGCGGCGGCGTCAGCCGGAGCGGCACGGCCTCCGACCCCAAGCAGTACTTCGCCGGCTGGATGCTCTACAACCGCTTCTGGTTCGGCCACGACCGCCACGCCGTCACCCTGGGCGGCGGCGCCATCACCAACCCGGGCCGCTACCTGGTGCTGATGCCCCCCATCAACGGCGCAACGGCCGCCTCGGGCACCCCCTACTTCACCCAGAACCCAGGCGATCCCTTCCATGCCTGGGACGGTTCCGTCACCTACGACTACATGCCCAGCCCGTTCATCACCCTGCGCGCCGAGTTCAACCGCCGGGGCGCCAGTGTGCCCTACTTCACCGGCCCGGGCGGACTGACGCCTCCCGGAGGGAACCAGGGCCCCCTGGGGTCTGCGGTCGAGGGGTGGTCCCCCGACCTCAGGAAGACGGAAAGCAGGATCACCCTGGCCTTGATGGTCAAGTTCTAGGAATGACCCCCATGTTCAGCCTCCTCCTCGCCATCGCCCTCGCTGCCGCTCCCAACGCCACCTGCCCCGTCACGGGCCGCCAGGTCACGAACCATCTGCTCTACCACCACGTGACGGTGCGTGGCCGGGCCTACTACGTGTTCGACCGGGAGGCGGCGATCCGGCTGAAGAACTGCCCTGACTGCTACCTGGCCAAGGACGGCACACCTTTTCTAGAGCTCGGCCTTCAGTTCCCGGTCCAGCCGCCCCGGGCTGAAGCCCATCCAGGCCCGCTTCACCTTGCCGTCCCGGCCCACGATCAGCGTCGTGGGGATGGCCCGGATCTCCCCCACCTCCTTGGCCAGCCGCGCCGGGTCCGCCGGGACCATGGCGGCCAGCGCCATGGACGGGTTGGCCGCGAAGAAGGGGGTCACCGCTCCGAAGCCCGTGCGGTCCAGGGAGACCGGAACCACCGCGTAGGCCGGCCCCTGGGCGGCCTGGAGTGCGGCGAGTTCGGGGAGGCTCATGCGGCAGGGGGGGCACCAGGTGGCCCAGAAATCCACCACGACCACCTGGCCCCGGAACTCGCCCAGGGTGCGGGTGCGGCCTTCGGCGTCCCTGAGGACGAGGGCCGACACGTTGCGGCCGACGAACGCGGAACCGGAGTCCCCGCCGCCCGAGAAGGCGCGCACGGCCATCCAGCCCAGGCCGAGTACGCCCACGGCGATCAGGAGGAGCGAGAGTCCGGTGCCCAGCCCCTCGGTGCGCTTCTCCTCGAGCCATTCGCCAAATGAAGCCATGGGTGCCTCCCCTGGACCATTCTGACCCGGATCGGGCCGGCCGGGGTCCTTCCGCGCCGGGGAGGCCTTCTGCGCAGGCGGGCCGATCCGGGGCACCCGGGCCGGGCAGGCAGACGTGGTCCGGACCTTCTCCTGCGAGGGGCGGGCCGTCCGCACCCGGGCCGGAATCCGGAGAATCAGGCTAAAACTCCGGATCTTTGGGCAATCAATTGCGGCCGCCGGTTCCTAAACTCAGAGGTGCAGCACCTTCCGGAGGAACCCATGCCCACCCCAGTCCGCGCCTATGCCGCCACGTCTCCCACGTCCAGCCTGACGCCCTACCGCTTCGACCGCCGCGACCCCCGTCCCGACGACGTGGTCATCGAGATCCTCTATTGCGGCGTCTGCCACTCGGACCTGCACACCGCCCGTAACGACTGGGGGTGGTCCACCTACCCCATCGTCCCGGGTCACGAGATCATCGGCCGGGTGACGGAGGTGGGGGCGGAGGTGACGAAATTCAAGGCGGGAGACGCCGTGGGC
CP132910.1_gap95	3743299	3744654	1355	GGTGAATCCGTGAACCTCAACCAGATCAGCATGCGGCAGATCGACTACTTCCTGGCCGTGGCCCGCCACCTGAACTTCACCGAGGCGGCCAAGAGCCTCTACGTGTCCCAGCCCGCCATCAGCAAGCAGGTGGCGCAGCTCGAGCACGACATCGGCGTGCCGCTTTTCCTGCGCACGAAGCGCTCGGTGCGCATGACCCCTGCGGGAATCGTGCTCCTGAAGGAGCTCTCCTCCATCCAGGAGCGCATCGAGGCGGCCGTGGCCAAGGCCCAGCACCCGGACCTGGGCCAGGACGCCAGCATCACCATCGGCTGCCTGGAGGCCATGGAGATCGGCGTTTTCATGCGCCGGGCCATCAACGACTTCAAGAGCAGCTATCCGGGCGTCAAGGTGGTGCTGGAGCGCCACTCCTTCAAGACCCTGCGCCAGAAGCTGATCCACGGGGATCTGGACCTGGTGTTCACCCTCTCCTTCGAGATCGCGGACTGCCTGGGGATCCTCTCCGACTTCATCCAGCAGGCCAGGCCCGTGGTGCTGATGGCGGCCTCCCACCCCATGGCCTCCCGGGAACGGCTCACCCTGGCGGACCTCAAGGACGAGAACTTCGTCACCATCTCCCGGGAGGAATCGCCCAGGGCCTTCGACGGGACCATCGACATGTGCCGGCGCCACGGCTTCACCCCCAACATCGTCAAGCAGCTGCCCAACGTGGAATCCATGCTGATGTGCGTGGAATCCGGCCTGGGGGTGTGCCTTTTCGACTCCACGATCCGGATCTACAACAGCGAGGACTTCCGGGTCTGCGAGCTGGACGAGAGGCCCATCGACGTGGTCATGGCCTGGAAGCGGGAGAACCTGAACCACGTGGTGCCGCTGTTCACCAACAGGGTCTCGGGCGTCCCGGGTGATAACCGGAACGAATGATTCTGATGTCCAGACGGTATTTCCGCCCTGGGGAGCGGGGACCGAGACTTGAGGCATAAGACCGCGCGATGACCACGCGGTTCCACTTCGAGGGACTCGTCATGGACGTTAGAGACAAAGCACTGGCCGTGATCATCAAGCGCGCCGCCGACGTATTCAAGGTCGATCCGGCCACCCTTTCCGCCGGCACGTCGTTCGAGACCGACCTGCAGGCCAAATCCGCCAACTACGTCCAGATCACCACCGTGCTCGAGGACGAATTCGACGTGGAGATCCCCTACATGGAATTCAAGCGCAAGAAGACGTTTGGCGAGGCCGCCGGCTACGTCGAACAGCTCGTCGAAGGCTGATTCAAACCCCCACCCAACCAGGAGCATTCCGCATGCACGAACAGCGTCCGGCACCGCAGTTGTTCTCCAAGAAGATCGTCT
CP132910.1_gap96	3894590	3898919	4329	AGCCAGATGCGCGTGGTGGGCTCGCCCAGGGCCAGGGCCTGGTGGAGGATGGTGGTCAGCCCCTGCACCGCGTCCACCAGCATGTTCATGGCCCGCAGCCCCACGAGCCAGGACCCCGCGCAAAGGAGCACGGCCAGGGCGCGCTGGGCGACGCTGGGACGGAAGACCAGGGGGGAGGTGGTGGACATGGACTAGGCGCCGGCCATGTCGAGCAGGATCCCCTGGGCCGCGGCGGCCGGGTCCGGGGCCTGGGTGATGGGCCGGCCCACCACCAGCCACGTGGCGCCCGCGCGAAGGGCCTGGGCGGGCGTGACCACGCGGGCCTGGTCCTGGGTGGCGACCCCCCCGGGGCGGATGCCCGGGGTCAGGCGATGGAAGTCGGCGCCGCAGGCGTCGCGCACCTGGGCGGCCTCGTGGGCCGAGCACACCACGCCGTCGCAGCCGCACTCCTTGGCCAGCCGGGCCAGGTGCAGGGCGAGGTCGCCGGGCTCGGCGGTGGAGCCCAGGCGGGCCAGGGCCTCCCGGTCCAGGCTCGTCAGCACGGTCACGCCCAGGAGCCTCGTACGCCCTCCGCGCTGGCGGTGGGCCTTCACGGCCTGGGCCGCCGCCTCGATCATGGCCGGGCCGCCCTGGGTGTGGATGGTCACCAGGGACGGATCCAGGGGCAGCAGGGCCTCCATGGCCCGGTGGACGGTGTTGGGGATGTCGTGGAGCTTCAGGTCCAGGAACACCGGGCCGGCCTTCTGCACCTCCCGCACGAAGCCCGGGCCCTCGGCGCAGAACAGCTCGAGCCCCACCTTGAACATTCCGGCCCTGCCCGAGAGGGCCCGGGCCAGGGCCAGCGCCTCCGCGCCCGTGGGGACGTCCAGGGCCACGACGAGCCGGTCGATGATGGATTGGGCCACGTTCATGCACTCACCCCCGCTAGGAGCATTCTGTCAGATCCCGCGGCGCCCGCATCAACCGATCCCCGCCCCCTGCAGCAGCCCGGTGATGGCGCCCACCACCATCTGGGCCCAGTAGTGGAAGCCCCGGCGCAGCGGTTTGGCCGAATAGCTGGCATGGAGCCGGTCCTTGAGCATGGGGTAGTTCCCGTCCGGGTCCAGGACGGCGGCGGTCACGGGGCTTTCGAACTCGAAGGTCGCCCAGCGGTCCTGGCCGTCCCAGGTGAGGCGCCGCTCGGAGCGGTCCTCCAGCCGCACCCAGAGGGTGACGGGGACGCGGATCCCGCCCCGGCGCTCAAGCGTGATCACGCCGCGCCTTCCGGGCGCCGCGGGCTGGGGCGCGGCGAACACCGCCCCCTTGGGGGAATCCATCCAGCCGCCCTCCAGGACCTCGCGCACGTCGACCTTGGCGATGGCGATGTCCAGCACCTCCGTGCCGTCCAGCCAGTCCCTCCAGAAGGAGGTGAGATCCCGCCCCGTGACGCGTTCGGCCACGCGCCGGAAATCCCGGCCCGTGGGGTGGCGGAAGGCGAACTCCCGCGCGTAGGTCTGCATCACCTGCTCCATCTGGGGCCGGCCGATCATGGCCTCGAGCTGGGCCAGCACCATGGCGGGCTTGGCATAGGAGGCCACCGCGTAGGACATGAAGCTCCGGGTCAGGAAGCTCGGCCGGGTGACGGGGTCCATGGACGGCTCCAGCCAGTATTCGAGATGCTCGACGGCGTCGGTGCCCACCTGGAATCTGCGGCTGCTGTGGATGCTCTGGTAGCCGCGCTCCATGGCCCGCTGGGTGAACCAGGTGGTGAACCCCTCGTCCAGCCAGGCCTCCTCCACCTCGTTGGAGGCCACCATGCCGTAGAACCACTGGTGGCCGATCTCGTGGACGGTGGTCATCTCCGGGTCGAACCGGACCGAGAGGGGGTCGAAACGCTTCGAGGAGGCCGTCACCAGGGTGGGGTATTCCATGCCGTTGGCGCCCCTGGCCTCCTTCGGCACGTCCACCACCGTGAGCACGGGGTAGGGGTAGGGGAAGAACCACTCGGCGCCGTGGCGCAGGGCGACCCGCGCGGCGAACATCTGCCGCTCGAGGTTGGTCTTGTTCTCGGGCTGGTAGTAGCAGAAGACCTGGACGCCCCGGTACTCGAAGCTCTTGAAGCTCCAGCTGCGCGAGGGCATCACCGCCCAGGCGAAGTCGTGCACGTCCTCCGCGTGGAGCTTCCAGATGACGTTGAGCTTGCGCTTGGGGTCCGGGGTGACGTCGTCCTGGGTCCTGAAGTTCGTCTGGGCGCCCACGTGCGCCAGCAGGAGCGCGTTGGGCAGGGACAGCTCCACGTCGTAGGTGCCGAAGTCGGCGTAGAACTCGGTACGGGCGTGATAGGCCGAGCAGGTCCACCGGTCGCCCTCGTAGACGCCGGCCTTGGGGAACCACTGGGCCCCCATGAGGAAGTTCCCCGTGCCGTCCCCGCTCCACCCCGTGCGCGCCAGGGCCCTGGGGAACCGGCTCTCCCAGGCCACCTCCAGGCGGATCGTCTCCCCCGGCGCCACGGGGCGGCCCAGGCGCACCCAGTAGACGGTCTCGTCCTCCCCGAAGTGCCCGTCCAGGGCCCTGCCGTCCATGGCCACCGACCGCAGCCGGCAGTATCCGTAGTTCCTGGGGTCCCGGGCGTCGAACCCCCGGAATTCCGGATCGCCCAGGGCCTCCTTGGCGAAGATCGTCTGCGGCCCCTTGAAGGCGTTGAGGTACAGGTGCAGCGGGAACTCCGCCGTGGGCGCCGTGCCGGTGTTGCGCCAGGATATGGTCTCCCGCCCCTCCAGCGCCTTCCCAGGCCAGTCCAGCGCAGCCTCGATGCGATAATTTGCGATTCTGGACGACTTGGGCTTATCGAACCAGTGCCCCGGATCGAAGGCCCCCAGGCTCCAGCACCCCAACGCCACCACCGCCATTTTCACCAGTCGCTGCATGTGTTCCCTCGGATCGGCCTTGAGATTAGCGCAATCCGTCTTTGCATTGGTGCCCCGCCGGTGATATGCTAACTATTCCGGCGCGGGGTGGAGCAGTCCGGTAGCTCGTTGGGCTCATAACCCAAAGGTCGCAGGTTCAAATCCTGCCCCCGCTACCAATAGAGGCCCGAAACCATTAGGTTTCGGGCTTCAGTGTTTTGCGGGTGCCCGAAAATACTGGGTTCCCAGGTGCTCATTCGCGAAGAATGGCACTGGGAGTGGGTCCATGAAGTTTTTAATTTTTACATAATTAATTAATTTGACTTAAAACGTACTTAAAACATACCTGTAACGGACCAACGCCTCTCCGGGGGGGTACCCAAAAGGGAACTGGCCCTGGTCCCACTCTCCTCCAAATGGAGACGTTTGGGGCAGGTGGGCGAAGTCCAAAGGGCCATGGATGATGGGATGGCCAAGACGCCTTGAAACCCATGCCTAGCCTGCCTTTTGGAGCGTGTCAATCCCCAAGGTGGATCAGATCTTCTGACCAGCAGGCCGTCCTTTAGCTTCAATCCCTCGGCCTTCGGTTGAACGTTGTGTCGAAGGACAGCGCGATAAGCCCCTCGGCGAGGATTGTGACTCCACCGTAAGTGACATCCTCATATTGGATGGAAGAACACTATCCTCAGCCCTTCACGAACTACTTTCATCGTCAGAATTTTTGTATTGCCAGCCTAAGGCCTTCGCCAGCTTCCGGCCCTGGCATACCTTCCCTGGACCCAGACCTTGGAACCATGCCCGAACTTCCTCCGTGTTGCGCACTGCATAGCTGAGCACCGGGCTCTCATTCGGTCCAGGGCCGGCTTTCCATTCCAGGCACATCCAATGGGCCGGGCCGAAAGGCAAGACAGCCCAAGCACCACCCTGGGTTAACCTGACCACCGCTGGCGAATCCCCGGTTGATGCAGCCTTGATGCCGTCTATGCGTTCCACCTGGTCCAGGAACGCCTCCCAGGCCCGCAGGGGATGCTTCTTGTCTCGGCCATGGAACGCCAGGCGTGTGGCCACCGATTCCTCGCGCCCGTAGCGCAATTCGAAGGTGGCCGGAGGCGAGGCCAGGCTGGCCTTGGCCCGGAATTCAAGGGCCTTCCTGGCTGCGGTCGCCACCTTCTTGCTGGGATCCCGCATCAGGTGCACCAGCAGCGCCTCTGCTTCGGCGCCCGGCACGTCTATGAGGGCCTTGGCCGTGGCCCACCGGGTCAGGGCATGGGCCTCATCGTCGGCCAGGCGTTCCAGAATCGGCAGCATCTCAAAGGTTGCCCGTCCTTCCATGGCGCGGGCCACATAGTTACGCACGTCAGTATCGCTGTCGTTCGCGTGCGCCAGCAGCCTGGCCAGCACTTCCGGCGCGGGATGTCGGTGGAGCAGGCTCGCCGCAATGGTC
CP132910.1_gap97	3905566	3906993	1427	TTGTTATACCAATAAATCAATGGAGCCACGGAGAGTGTCGTCGATCCGTGGCTACGATCGGTAAAATGCGAGATCGACGTTTCGATTCGTGTCAACAGGGAATCCGTCTCTGCGATGAGCTCACCAACGTCGTCGGTAATGCTCCTTTCCATCATTTGGACGTACTTTTCCTCGTCGACGGGATGCCGCTCTGAAAGCAATGGCACGATCTCGATGAGATTCTGATGTCTGCGTGAATCGGCGGAGGTCACGACCAACGGAACGTTGATGTCGACGATCTTGGCATCGAAGGGTGGGATGAAAAGCGCCTTGCTGATGTCTCCGCACCGTTTGGAGAATTTGCTAAGTTTTGACGACGCCTCGCCGGCCAGGTTCAACGAAGGCGCCGGCATCGGCCAGTAGTGCCCTGCCGCACCGTCGTTGGCGATCGACATGATCGTGCGGCAAATGCCCCCCTTGCGGTATTCAATCAACAACTGTTCGGTGGGATCGAGAGGAGCCCCCTGCCGGTTGATGTCCAGGAATGAGGCCTCCGCAGCCGCGTAATCCCCTTCCTCCCATTGGGCGTGAAGGGTACGGTTAGCCCTGGTCATCGCCCGCAGAAATTGGGCTCTTGCCGCTAGGGTTTCTGGCAGATCCACTTTGGGCGCGCCTCCGCGGTCGGCGACCTCGTCCCATTCCTTCAACGCCGCGCAGAATTCCTGGAAATGGCCGATCCTCTCGCCGACGCAGCGCCGGGTCGTCTGGGCCGTCGTGATGATCTCCTCGTAGTTCTCACAGTGTGCGTAGAAGTCGTTAGCCGCCCTGTCCCCCCAGTCGTCGACCATCCAGGCCCGCAGAACAGACAACCGGTGTGCCCCATCGAGGACGTACACCTGCCCGGTTTCTTTGCTTCTCCAGAGGATGATCGACGGGATGATCCGTCTATGGACGACCGAATCGAGGAACTTCACGCAATCCTCGGTATCCCAAGCGCAGGTCGCACGCTGGAAGTCCGGTTTGCGCAAGCTCGTGAACCAACCTTCCTTTATGTCGTCGAACCGGATGCTCGGATCTGGTCGGCCGTCGAATGGGTCGATGGGAGAGTCCTCCGCAACCAACGCCTGATACCGCAGGCTCTGCCGGCGGATGAAGTGGTCGAGATGAACGCGCGGACCCTTGGCGGCAAATTTGGCCATTGGCTTGACCTCCGACTCGTCGAGGAACTGGGTACACCGAAGATACCACCGGTCGGGAAAGCCCACAGCTACACAGGCCCCCCCGGGAGCCTGGCTGAAGGGGGGCCGAGGAATTCTACCAGTCGGTGGCCAACAGCCTCCGGTTGTTTAAGTTCGCACTCCCAGACGACCATGAACTCCCACCCCAAGGCCACGAGGTTTCGCTCGGCCAGGAGATCCCTTTCCTGGTTCCGACGTCGCTTCTCCTCC
CP132910.1_gap98	3925094	3928223	3129	GAGCCCTTGGCTTGGCCTTTCCCCAAATTGAGAACCAAGTGGAAGGTTAGTCCTCGGTTAAATTGGGGGCAAAAAGACCGCCAAGCCGCAGGCTTGGTCGGGTTCATGATACCTTCTCCGCTGCCTGGGTGGAGGATAGAGCGCCGGAGGGATCCGACTCGAGCGCCATCCCAGGGGCCTGCACTGCAGGAGCAAGGGGGCCGCGTGCGGTCCTCTTGCTGACCGCGGGTAGGCCCCAAGGCGGTAAATCCCGGGGGTCCGGGGGCAGAGCCCCCGACTTGGAAAGCCGGGCAAACTCCCTGGGCGTATAGAATCCGAGGCTGGAATGCGGGTGGCACTCGTTGTATCGCTTGCTGAAGGCCTTGATGATGACGGCGGCCTCCCGCACGCCGTGGAAGGTTTCCTGGTTAAGGCATTCGTCCCGGAACCTGGCGTTGAAGCTCTCGGCGTAGCCGTTCTGCCAGGGCTTGCCGGGGTCGATGAGGTGAGTGTCGATGCCCAGGTCCCCGATCCATAATTTCAGGTCGATGGCGATGAACTCTGAGCCGTTGTCGCTGCGCAAGAACTTGGGTACGCCGCGCTCCTGGAAGACCCGGGCCAGCACGCCACGGACCTGAAGGGAATTGAAGGTGTGCCCAACCTCGATGGCCAGCGACTCCCGAGTGAACTCGTCTTCCAAGGTCAGGAACTTCAAGGAGACGCCATTGAACGACCAGTCGAAGACGAAGTCGTAGGTCCAGACATGGTTGATGAACTCGGCCTTCCGAGGAACGCTGTCCCCGGTCCTGATTTTCTTCCGCCTTGGCCGCCGAGAAACCTGAAGGCCGTACTTCTGCCAGATGCGGTTCACGGCTTTGATGTTGATGACGACGCCGCTGCGCCGGAGCAGGGCCCAGACGCGGTTCTGCCCGTAGCGAGGGTGTTCGGCGCTCAGGGCCTTGATCAGGTCAGCCTGGTGGTCCTGGGGCTTGGGCCGGGCTTGGTAGCGCTGCCCAGTCCTTGTGATGCCCAGAAGCACAGCGATCCTGCGCTCCGAAATCCCTTCAGCCTTCAAGAGCCTTACCCCCTCGCGTTTCTGAGGAGCGCTCACCATTTTTTTGCGAGCAGTTCCTTCATGGCGTCGATCTCGACGTCCCGCTGCCCAAGGAGCCGCAGGAGGCGAGCGTTGTCCTTCTCCAACTGCTTGAGCTTCCGGACGTCCTGCACGGTGTTCCCGGAGAACTTGTTCCGCCACCGGTAGAAGGTCACCTCGGAGACGCCGGCCTTTTTGCAAAGCTCGGTGATGGTGTTTTCGCCTCGTTCTGCCTCACGCAGAAGGGCGACGATCTGCTCGTCGGTGAGCTTGGGCTTGCGCATTCAGGGTTCTCCTCGTTCAGGATGAGCCCTAACGTTTCATTTGGTACTCAGATTTGGGGAAAGGCCAGGCACCCTTACCTATCAGTGGACGAAGGACGGTTCGACTATCGTTGGAGCCACCTCAACCACCTATTCAATCGCCAGTGGCCAGGTTTCCGATGCAGGCATCTACGCCTGCGTGGTGACGAACACCCTGGGGGGGACCGCGGCCAGCACCAACAGCGTCAGCGCTGTTCTCTCCGTCAATGCCGGACCGGCCCTCACGTCTCAGCCCGCCAGCCGTACCTTGGCGGTGGGTGGCGCCGCAACCTTCACGGTGGAAGCAACCGGTTCAGGCACCCTCTCCTTCCAGTGGCTGAAGAATGGAACGGATATCCGTGGAGGCACCTCGGCCACCTTCTCCATCCCCAGTGTCCAGGTCCCGGATGCAGGCATCTACACATGCGTAGTGACGAACTCCCTGAACGGGACCACGACCAGCGCCACCAGCGGCAGCGCCACCCTCACCGTCAATGCCGGACCGACCCTCACGACCCAGCCCGTCAGCCAGACCCTTGCGGTGGGCGGAGCAGTGACGTTCACGGTGGCGGCTACCGGGTCGGGCACCCTTTCCTACCAATGGACGAAGGACGGGAGCAGCATCGGTGGAGCCTTTTCCGCGACCTTCACCATCTCCAGTGTCCAGCCCACGGACGCAGGCGACTACGCCTGCCGGGTGACGAATAGCCTGAGTGGGACCTCGGCCGCCACCAGCAGCAGCAGCGCCACCCTGACCGTGCTTGCCGCCCCGGTGATAACCGTGACCGTAGAACCCAAGACCGCGACCGTGGTTACAAACGGCCAGGTCATCCTCAGGGCAGGTGTGACCGGCACGGCCAACACAGGCGTCACCTGGTCCATCACCTCCGGCGAAGGCACCCTGTCTGCGGGCGCTCCCGGTTCCATCACCTATGCGGCAACCGGCTCGCCTGGCACGACCACGATCACGGCCGTTAGCCAGGCCGACGGCACCAAGAGCGACAGCGCAACGGTAACCGTCAGGACCCGTGATCTCACCGGAGATGGCCTTATCGATGTCCTGGACTTGGCCATCTTCGCGCGCGCCTGGGGTTCGACGCCTGCCAGTCCGAACTGGAACGCTGCCGCGGACCTCAATGGCGATGGCAACGTGGACGAAACCGAGCTTGCCCTGTTCCTGGCCGGCCTTTGAGGGTAGACCCATGACGCGTCCATTCAAGATCACCTTGCCCCTTCTCTCGGCCCTCGGCCTCGGCGTCATTCTCGCCTGCGGCGGCGGTGGCGGGGGCAGCAGCGCGCCCGCGCCACCCGCCAAGACCATCGCTGACACCCTCACCTACACCAATCCCGCCTCCGGCGCCTACATGCTGGTGAGAAACGGGTCCAAATCCACTCCCAGCCATCTCGTCCTGGATCTCCTCGGTCCCTCCGGAGAGGTCAGCGGTGTGGGTTTCTACCTCACTGCCGACGAGACCAAGGTGACCTGGACCCTGGTCGATCCTGAAGATCCTGAAAGGGTCAAGAGCGGCATCTTCAGCAACACCATCGTCAAGAGCCTGGTCAGCGGCGGTACCCTCCAGGCTGGGGTCTATCAAAAGGGGACCACGCCCGCTGCCAGTGTCCTCGCCAGCACCGTACTGGCAAGCGTGGCCCTCGACCTCAAGAGCAAGGTGCCGCTTCTCAACCCCCCCAATGTCACCCTGACCTCGGGCAAGGCCATCATCCTCAACGCACCCGCCAACGCCATCGCCACCA
CP132910.1_gap99	3930612	3934784	4172	CTGTTCGGCCTCCTCGCCCTCTGGCGCTTCCCCTTTGAGGAGGGCTGAAGGTCCCGGGGTCAGGGGCCGGCAGGCGCGCTCCTGGACCACGCCCCCCGCGGACTGGACGCGAAGGTGAGCGTCTCCGCCTCCGCCGCGCGCAGGCCTTCGTCGTCGAGCGCTCCGGTGGTGTGGAGCTTGGCGAGGAGGTCGGCCACCCGCGCCTCCCAGGCGGGCGTGAGCGCGCCCCGCCTTCGGTACATCTCATAACGCACGGGGTTCGGGATCACGGTCGCGAGCATGGCGGCCTCCTTGGGGCTCAGGGCGCGGGCATCCTTGCCGAACCAGTGCCGGGCCGCCTCGCCGATGCCGTTCACGCCCTCGCCCCACTCCGCAAGGTTGAGATAGATCTCGAGGATCCGGCGCTTTCCCACCGCCACCTCAAGGGCGACGGTGGCGAGCGCCTCGCGGACCTTGCGCGAGAAGGTGCGGTCCCGCGACAGGAAGAGGTTCTTGGCGAGCTGCTGGGTGAGGGTGGATGCGCCGCGCAGCCGGCCTCCATTGGACAGGGCCTCCTGGATTTCGGAAAGGTCGAACCCCTTGTGCCCGTAGAAGCCGGCGTCCTCGCTCTCAAGCACGGCGCGCACGAGGAGGCTGGGAAGCTCGCCCAGCGGCACGAACGCGGGGTTCTCGGGGCCGATGGTCACCTGACGCCTGCCGCCCCGCGCGAGGATCGCATCGTAGACGAAGGGGCGCGTCAGGTCGGGCCCGCCGTTGGCCGGTGCCGGGGCGAGGCGGCTCGGATCCACCTCGCCGTCGATCCGCCATTCGGACGGTTGGTGAAGCGGTCCTGCGATCGTGAGCGCGCCGGCGAGCGCTCCCGTGAGACCTGGAGCCCCGCGCGGGGGTGCGAGCGCCGGGGGCAGGGACGCGGCGAGGGCCGTCCAGTCCACCGAGGTCGCGCGAAGCGCGAGCTCGAAGCGGGGCTCGGGGCGCGCGGCGACCGAAAGCGCGACCTTCAGGGCGGCCCGTCCCGCGTCGTCCAGGGCCAGGGTCGCGTCCACCAGGGCCCCGGTCCCCGCGGCGGCGTCCCAGCGCAGGCGTCCCTCAAGGCGGACCGAAACCGGGCCCACGGGCTCGGGGGCGAGGCGTTCCGCGAACACCGCGAGGTTGCGCGTGGAAATCGTGAGCCTGCCCTCGCCAAGGGTCAGCGTCTCGAGGTGCGGCGCCTCGAAGGAGAGGTCGACCGCCCCGGCCCGGATCCCGAACGGAAGCTCGGCGCGCAGGCCTTCCGGGAGCGCCTCGGCGCCCAGCCCCTGGAGGCGGAGGTGCAGCGCGCCGGGTCCGCCGCCCCATGCGGCCTCCATGGCGCCCCTGGATCGCCCTGGCCCCTCGGCCGCAAGGGAGGCCTGGGTGCGCTCCCCGAGACGATCCAGCCGGATGCGTCCGCCCAGCGGGCCCAGGACCACGGGCCGCTGCCCGGACGGCGAACCCTCGAAACCCACCTCCAGCCCGGAGAAGGCGATCTCGGGCAGGGCTGGCGCATCGTGTCCCGGCCCGGAGCCGGCCGCTCGCGCCCTGCCCGGGTGGAGGGCGCGCGTGAGGTCGGCGAGTCGCTCCCCATGGCGGCCCGCGTGGACATGCATGCCGTGCAGGGTGACCGACCCGGCTTCCAGGTGACCGATGACGAGGCGCCACAGCCGGGGCCGGACGGTGATTCGGTCGACCACGAGGAGCGCTGTCCCTTCGCCGGGTGGACCGACCACGACCGGTCCCATCACGAGCCGGAACGCTGCATCGACGTAGACCCTTCCCTCCAGGCGGGCGCCTGGGAGCCGGGCGGCGAGTGCTGCGACGACCCGTTCGCGGAGGGCAAGCCGGACGGGTGCCGAGCGGAGCAGCGTCAGGACGGAGAGGTAGAGGAAGGCTCCGAGGACCAGCGCCACGGCGAGCTGGATCCTCGGCCTCGGGGCGCCTGCCGATCGCAGCTTCCACCTGCGTTCAGGTCGAGGTCGCGGCGACTGGATGGAAGGGGTGTGAGGCACGGGATTCTGCGGATGAGGGACCCGAAGCGGGGAGAGGCCGGCACGGGGGCGGGGTCGCTTCCAATGCTGACGACCATAGCACGCAAACCGGCGGGCCGAATCGAACTAAGGCGGCCTCCGGGCCCACGCGTAACCCTGTACATGAAACGCCTCCTCCTTGCGTTCGGCATCTCGGTCCCCGCGGGGGTCATCCTCCTGAACCTGGTGGTGGGTTGGGCCCTCCTGCCGCCGATGCTCCTGGATGCCCCGATGCCGGCCCGGACCGAAGCCGAGCGGAGCACGATCCGGGCTGGGCTGTGCCCGCCGGGTTGCGCCTGGACCTCGGAAGTCGTGTCCGGGGGCGAAGGCCGGGCCCTCGTCGTCTGGCGCCTGCACCGCCCTGGAGCCACGGGTGTCGCCGTCCTCCTGCACGGGTTCGGGGACGACGCCTGGGGCGGGGCCTCCCGGCTCCGGGACCTGCCGGAGCTGGACGCGGTGACCTTCACGTTTCGCAACCGGGACCTGGAGCCGGGCACGCCCTCCACGCTGGGGGGGTGGGAACGGGAGGACGCCGCGGCGGTGGTTCGCCACCTCGCGTCCCAGGGGATGCAGCGGAACCGGATCGTCCTGGTCGGAACCAGCCAGGGCGCGGGGGTGGGGCTCATGGCCCTGGAACGGCTGGAAGCGGAAGGCCCCCTGGGAGGCGCCCTGCTGGAATCCCCGTTCGAGTCCCTCCAGGAGGCCGGCCGGAACCATCTGCGGGGCACCCTGGGGGCGGCCGAATGGCTCATGCGGCCCGGGGAGGGCCTTGCCCTCGCGAAGGCGGGGAGGCTGGCGCATTTCCGCCCCGCCGACGTTTCGCCCCTGAACGCCTCCCGGCACCTCAGGACCCCCATCGCGCTGCTGGCCGGAGACGCGGATGACATCACGCCCCTGGAGGGCGTGCGGGCCATCGCCTCCAGCATCCCGGACCTCACGGTCGTCCATGGCGCACGGCACACGGAGGCCGGGGCGGGGGTTCCGGGCGGGTGGAGCGCCTGGGCCCGGTCCCGCCTGGAGACGTGGGGCGTCCTGGCGCTCCCGTCGCGCATGGATGAGCCGCGGCCCGGGGGCAGGTGAAGCCCCGGGGCCTCCGGGGCAGCCATGACCCGATCTTCACAGGATCGCGACAGAACCATGACATGGGACCGGGTTGCGGGCCTGTCTTGAGGGCAACCCCGCCCCACCACGGTCCGCCTGGACGGGGCGAACCGGATGGTGGATTTCGGGGCGTTCGTCTTTTCCGGGCGCTGAAGGCCGGCGCCGCCTAGGACGCGGCTTCCCCCTTCTCCTTCGGCCCGCCCACCCAGGCATAGAAGCTGGGCAGCGCCAGCAGCGTGAACAGCGTGCTCGTGACGAGCCCGCCCACCATGACGATGGCCAGGGGACGCTCCAGTTCGCTGCCGCCGATGCCGAGCAACATGGGCATGAGGCCGAGGATGGCGCTCCCGGCCGTCATGAGCTTGGGGCGCACGCGGCCGACGCTGGCTTCCCTGAGGGCCTCCTGGAAGGGCATCCCGGCGTCCACCAGGTGCCTGGCCTGCGAGATCAGCACGAGGCTGTTCTGCACGGCGACGCCGAAGAGCCCGATCACGCCCACGATGGAACTGATGTTCCAGGTCTCTCCCGCGAGCCAGAGCGCGAGGAGGCCGCCGGCGAAGGCGTTGGGCAGGGTGACCACGACCACGAGGACTTCCCGCCACCGCCCGAGGGCGAGGTAGAGGAGGCCGACCACCAGCGCCAGGGCGGCCCCGATGGCGGTCAGGAGGCGCTTCTGGGTCTCGCGGGCGTCCTCGATCTTGCCGCCGAGCTTGACGACGGTGCCCTTGGGCAGGTCGACGGCCCGGATGGCCTTCTCGAGGCGGTCCGCGGTGCCGCCCAGGTCGCCCGTGGTGCGGACGTTCAAGGCGAGGCGCCGCTGCGCCGCCTCCCGGCGGATCAGGCTGGGCGTGCTGGCCTCCTCGAAACGGGCGACCTGGCCCAGCTCCACCACGCGGCCGTCCTCGAGCACCAGGGGCAGGCGCTTGAGGGTCTCGGGGCTGGTGCGGCCGTCGTCCGGGAAGCGGACGATGCGCTCGATGCGCTGGGGGCCGTCGAAGCGGGGCGCGGTGTCGAGCCCTTGCAGGGCGG
CP132910.1_gap100	3936932	3940746	3814	ACCCCTTGCGGGGAAGCATCCAATCGAACCAGCGCCGGATCAGGGTCCGGTGCTGGGGGGTATAGACGTTTGCGGAATCGCCGGGCTCAGTGGTCATGGTCCTCCCCTCCGCTCTTGCGCTTGATCTGGAGGGACTTCAGAAGGTAGGCGCCTTCGCCCACCACGGTCTCGCCGGGTTTCACCCCGTCGAGCACCATCACGTCGGTGCCCAGTTCGGCGCCCCGGCGCACGGGGCGGAACTCCGCCTCCTCCCCCACCTTGACGAAGACGCCCCAGGTGCCTTCCACCTGCTGCAATGCGCTCTGGGGCAGAACGACCGTCCTGGCCAGGGGCACGTGGACCTCCAGCGGCGTGCCGGGGATCGGGAGCGGGCCGCCCTGCAGGCGCAGGCGGTAGCTGAGGCGGCGGGTGTCGGCCGTGAGGGTCATGGGCATGCCCTCCAGGCGCGCCTTCCAGCGCTGGCCGTCGCCCTTGCGGGCCTCGGTCACGGCGCCGGTCCGCCAGTTCTCGGGAGCCGGGAGGGGCAGCTCCAGGCGGACGATGGCCGCCGCGGCGGCCTGGAAGCTGCCCAGTTCCTGGCCGGCCTCCACGCCCTGGCCGGGCTGGATCTTGTAGGCGGTGACCGCGCCCGCCTGCGGCGCCTTCACGAGCATCACGGCGCCGGCGCTTTCCGGGCTCAAGCCCCTGGCCTCCAGGGCCAGGCGGGCGGCTTCCTCGTCGGCCCTGGCGGTGGCCGCCTCGCTACCGGCGGCTTCCAGCTCGCGCCGGGAGCCGGCCTGGGCATCGTAGAGGCGCTGTTCCCGGGCCCGTTCGCTTTCGGCCCGGTCGCGCCTGGCCCGGGCGGACAGCCAGTCCGCTTTCAGGCGGGCCAGTTCCGGGCTCTGGAGGGTGAACAGCCCGGCGCCCGCGGCCACGCGCTGGCCGGGGGGGACCTGGATGGCCGCGACGATGCCCTTCACCGGGCTGCTGAGGATGGCCTGGGCGGACTCGTCGCCGATGGCCTCCGCGGGATACCACGCCCCCTCGGCCTTGGGTTCGGGAACGACGAGGAAGCGCAGGCCCCGGACGTCCTTCAGCGGGAGGTGCCGGTGCTCTTCGCCCGGGGCGGCCTCCGGGCCGTGGGCCTCCGCCGGCCCCGCGGCCTTTCGGCCGCAGGCGGCTGCGGCCACCAGGGCGAGGGACAGCATGGAAAAGCGAAAAACCTGGTTCATGGGTTCACCCCGTCGGTGAGGGCCTGGACTTCGGCAGTCAGCAGGTGGGCGGCATGGAGCCGGCGGAAGGAGGCGGCCTTCGCCTCCAGCAGCTGCCGGCGGATGGGAAGGGCCTCGGAAGGCCGTTCCCTGCCTTCGCTGAGCCGGAGGCTGACGGCGTCGAGGGAGGCCTCGAAGGCCGTGAAGGGCAGGGGCGGCGCGGCGGTCTGGAGCCGGGCCAGGGCGGACTGGAAACGCGCATCCAGCTCCAGGAGGGCCAGGGTCAGCTCCTGCCGGGTTGCCTGGAAGGCGGCCTCCGTCTCCCGCCGCACGGCGCGGGTTTCGCCGGGGCGGGGGAACCGGTAGGCGAAGCCCACCTTGCCGACGCGTTCCTCGCCCTCCCTGCCGTAGCTGCCGCGGAGGCTCCACCGGCTGGTGGCGATGGCCTCCTGGAGCCTCAGGGCCTGCTCCTCCAGGTCCAGGCGGGCCTGGAGGGCCCGGCGCAGGGCGCTGGCCTCGAACCGGGCCTGCAGGCCGTCCGCGGAGGGCGCGAGCACCTCCCCGGGAGCCGCGAGCACGGCGGGCACGGGGGGCACCTCGGCCAGGGACCGGAGCACGGCCCACGCGTTCAGCCGCTGGCGTCCGGCCTCGTCCAGCTCGGCCTGGGCGCGGAGCGCCTCGCCTTCGACCAGGTTCACCTGGAACGCCGGGTCCGCGCCGGCCTCCAGGCGGGCCCGGGCGGCCTTGGACCACGCCCGCACGGTGGCGAGGTCCGCTTCCCGGAGCCGCTGGACCTCCTGGGCCAGCCACGCGTCCAGGTAGGCCTGGCGCAGCTGGAACCGCGCCTCGGCGCGGGCGGCGCCGCGGAGGGCGGGATCGGCCTGCCCGAGGGACGCCTCCAGGCGGCTCCGGAGGCCGGGCGAAAGGAAGAGCGGCAGGTCCAGGTCCACGGTCCGGTCGGTGGTGGACGGGACCCCGGGACCCGTGCGGGGCCCGGCGGAGAGGCCGAGGACCGGCCCTTCGCGCAGGAAGCCGCGGGTGCCGGCCAGGGCCCGGCCCCGCTCGGCGAGGAGGGCTTCGGTCCGGAGCTGGCCGGGACTGGTCCGGGCCCGCGGGAGGATGTCGTGGTAGGAGAGGGGCGGCGCCTGCGCCAGGAGCAGGCAGGGCATCACCCCGAAGATCAGCTTTCGCATGGAGACCTCGGTCGGTTCGATGGGACGGCGCGGCCAGGGCGAAGCCCTGCCGCAGGTTCAGGCGTCGGATCGTTCAGGACCGGGGCGGCGTCTTCTCGGGTTCGACGACCTGGCTCACCAGGTCCAGGGCCCGCTCGGCCTCGTAGCTGGGACGGGGCAGGGGATCGGGGACCTGCGGAGCGGGGATTTCCGGCCCCGGGACGGAGGCGCAGCCGTCGGGACAGGAGATGTGGCACACCGGGGCGCAGTCGTCGCCGCTCCCCCCGGCGCAGGGGTCCAGGCTCGTGGCGCCCAGGTAGAAGGACGCCAGGCACAGGAGGAGGATCGCCGCCCAGCGTCTCATGGCGCGTTCACCTGCGCAGGGTGCCGGGGCGTTCCAAAGGGCGTGACCATCCCCACCAGGATACACGGAGGCCGGCCGGCGTCCCTTCCGGGCGGGGAGGTTCCCATCACAGGCTCCGGCGGCCCTGCTTCTTCCCGCAGGCGCAGGCTTCCCCGCAGCATCCCCTGCGCCTGGCCTTCCTGGCGAGCAGCAGGACAGCCAGCGCGGTGACGAGGAGCACCCCCAGGGCCTGCGCGCTCATGCGAACCCCAGGGCCCGGCCCGCCACCACGGTGCCCCAGCTCAGCAGCCAGGCCAGGACCAGCCCGTAGCCGACGCTGAACCCGGTCCAGCGCCAGCTGCGGGTCTCCTTGAGGATCATGCCCACGGTTCCCAGGCAGGGCGTGTAGACGAGGGTGAAGATCATGAAGGCCAGGGCGGTCAGGGGGGTCAGGCCGGAGCGCTCCCGCAGGGTCTGCTGCAGGGGGCTGCCCTCCTGGCCCTCGGGGGCCTCGGCCTTGGCCTGGTGGACGACGGCCATGGTGCCCACGACGATCTCCTTGGCCACGAACCCGGCGGTGAGGGCCACGCCGTCCTTCCAGGCTTCGGGGCGCCTGCGGTCGGGGTCGAGGATGGGGCGGAACACGGGCTGCAGGGCGTGGCCGAAGCGGGCGGCGAGGCTGGAGTTCATGATCCGGCCATGGTGGGCGAAGGCCAGGTCCTCGAGCTGTTCCTTCTCCTGGGCTTCGGGCAGGTGCAGGGCCTGGACGGCCTGCTCCTGGGCGCGCAGCTCGGCGGCCCAGGTCCGGTTGGTGATGCCGGGGTAGTTGCTGAGGAACCACACCAGGGTGGCTCCGGCGAAGATCAAGGTGCCGGCCTTCTTGAGGAACACCGAGCCCTTCTCCCACATGTGCAGGAGGGTCGTGCGCAGCACCGGCAGGCGGTAGGGGGGCAGCTCCATGACGAAGGGCGTGTTCTCGTTGCGGAACAGGCTCATGCGCAGGGCCTTGCCCGCCACGATCGCCAGCACGAAGCCCAGCAGGTGCATGGCCACCACGGCCAGGGCTCCGTGGAAGGGACTGAAGAAGGCCCCGGCCAGGAGGATGTAGA
CP132910.1_gap101	3949826	3953856	4030	CCTGCCCCTGGTCCCGGCCCGCAAGCCGGACCTGGTGGTGCGGCCCCGCACCGTGCAGGAGGTCTCCAGGGTCATGGCCCTGGCGCACGCCGCCGGCATCCCGGTCACCCCCCGGGGCGCCGCCAGCGGGCGCACCGGGGGCTCCGTGCCCCTGGAGGGCGGCATCTCCCTCGCCCTGGACCGCATGACCGACATCCTCGAAGTGGACGAGGCCAACATGATGGTCACGGTGGAGCCGGGCGTGCGCACCATGGACCTGCACGACGCCTGCGCCGCCCGGGGGCTCTTCTATCCCCCGGACCCCGCCAGCTGGAAGTTCAGCACCATCGGCGGCAACGTGGCCGAGAACGCCGGGGGCATGCGGGCCGTGAAGTACGGCGTCACCCGGGACTACGTCATGGGCCTCCAGGTGGTCCTGGCCGACGGCGCCATCCTCGAGACCGGCGGGAAGGCCATCAAGAACGTCACCGGCTACGACCTCACGAGCCTCTTCACGGGCTCGGAGGGGACCCTCGGGGTGATCACGAAGGTGCTGCTGCGGCTCATCCCCCTGCCCAAGCAGCGGGGGGTGCTGCGGCTCATGTTCGCCGACATGGAGGACGGCTGCGCCACGGTCCACCGGATGCTGAAGGAGGACATCGTCCCCTCGGCCGCGGAGATCATGGACGACGTCAGCCTCGAGGCCGTGGCCAGGCACCGCAAGATGACCCTGCCGGCGGGCGCCGGCTGCTGCGTGATCATCGAAGTGGACGGCGAGGATGCCGCCTCGCTGGACGGCCAGTACGAGCGCATCCGCCACGTGGCCGCCGCCTGCGGCTGCCTCGAATTCAAGGTGGCCAAGGACAAGGCCGAGAGCGACGAGCTCTGGGCGGTGCGGCGCGGCCTCAGTTCGGCCGTGGCCTCCCTGGCCCCCAACCGCCTGGGCGAGGACATCTCCGTGCCCCGGGACGCCTTCCCCGAGGTGGTCCGCCGCATCGGCGCCATCGCGAAGAAGTTCGACCTCCTCATCCCGGTCTTCGGCCACGCCGGGGACGGGAACCTGCACCCGTCCGTGCTCTGCGACATGGCCGACGCCGGGCAGGCCGAAAGGGTCCACCATGCGGTCGACGCCATCTTCGAGGCGGCCCTGGCCGTGGGGGGAACCCTGACCGGGGAGCACGGCATCGGCATCACCAAGCGCCCCTACCTGGCCCAGGCCCTGGGCGAAACGGGCGTGCGCACCCTCAAGGCCATCAAGGCCGGCCTCGATCCCAAGGGGATCCTCAACCCGGGGAAGATCTGGTGAACGACCTCCTCAAGGAAGCCAAGGACCTGGTGGCGGGCTGCGACCGGTGCGGCACCTGCCTCACCGTGTGCCCCCTGTTCAAGGTGCGCGACGTGGAGCGCTCCAGCGCCCGCGGCAAGAACGCCATCGCCCGGGGCCTGGCCGAGGGCGGCCTCGAGCCCGGCGCGGGCGTGCGCGGGGCGGTGGAGTTCTGCCTGCTCTGCCGGGCCTGCGCCGACAGCTGCCCCAACAAGGTGGCCACCGACGAGGCCATGATCCGGGTACGCCAGGTCCTCACGGACCGCGCGGGCGGTCCCACCGCGAAGTACCGCCTGGTGGGCGCCGTGCTGCGCAGCCGCGCCCTGGTGGGCCTGGGCGCCCTGTCCCTGGGGGCGCTGCGGCGCCTCGGGCTCCTGCGCTTCCTCCCCTCGGCCCTGGTCCCGAAGGAATTCCCCCGCAAGGCCTTCCTGGCCGCCTTCGCCGGTCCCGCGGCCCTGGGCGGGGAGGCTCCGGTGTCCCCGGCGCAGCTGGGCACCCACGCCCGGGTGGCCTATTTCCAGGGCTGCGGCATGAAGCTCATGTTCCCGGACGCCGCCGAGGCCACCCTGAAGCTCCTGGGCGGCCTGGGCGAGGTGACCTCCCCGGACAACCCCTGCTGCGGCCTTCCCCACCTGGCCCACGGCATGGGCGCCACCTTCCTGGACCTGGCCAAGGAGAACATCGCCCTCTTCGAGGACGCCGACCTGGTGGTGACCGACTGCGCCAGCTGCGGCGGGGCCCTCAAGCACCTGGCCTCCCACTTCCGGGAGGATCCGCTCTGGCGGGACCGGGCCGCGGCCTTCAGCGCCAAGGTGCTGGACCTCACCGAGTACCTCGTGCGCATGGGCTACCAGTCCCCGGAACGCCGGGACCGCACGTACACGTTCCACGACCCCTGCCACCTGGTGCGGGGCCAGGGGATCCGCCGCCAGCCGCGCCAGCTCCTGGAGGCCGCGGGCACCTTCGTGGACATGCGCGAGTCCGACGCCTGCTGCGGCGGCGCCGGCACCTTCCACATGGACCACCCCGAAGCCGCCGCCCAGGTGCTGGCCCGCAAGACCTCGAACATCGAGGCCACCGGGGCCGACGTGGTGGTCACGGCCTGCCCCGGCTGCCTCATCCAGCTCACCCGGGCCGCGGAGGCCAGCGGCGGCAGGTTCAAGGCCATGCATATCAGCCAGGTGATCTGAACAGGAATTATTCCCGGATTGCTGGCCTAATGTACCCATGGAAAAGCTTTTCGAGCCGGATCTCGATCTGGAGCTGGCCCTCTCCGGCGTCGGGGAGAGCCGGAGGGGGCTGAGCCTGGCCCTCGCGGCAGGCCTGACCCTGGCCCTGGTGTGGGCGCTCGGCGCGGCGCGCCTGCGCGCCGCCGGCGTGGAACGGACCCGGGTCCTGGGCGTCCGGCTCGCGGTGGATCAGGTCCTGGACCCCGCCCCCCGGGAGGCCCCGCCCTCCGCCCACCCCGGGGATCCCGCCGGGACGGGGACGGTGGACCCGGACCTGCTGAAATACCAGAAGCTGCAGGCGAGCCTCCCCAGGGCAGCCAGCTTCACGCCGGATCTGGACCTGGAGCCTCGCGGCCTGCCGGCGGAAGCCGCCGCCCCGGAGGTGCCCCAGGGCCTGCCCGTGGCCCGGGGCGGCAACGGCATGGCGCGGGGGGACGGCGGTTCCAGGCCCGCCGCGGCGGCCCCGGTGCGGCGCATCCTGGCCGCGCCCGTGGACGACGACGAGTTCCGCATCGTCCTGCAGCCCATCCCGGTGGTGAAGGGGACGGTCCGGGGCCTCAAGGGCTCGGTCCTCGTGCGCCTCTCCATCGGCGCCGACGGCGTGCCGCTGTCCGCCACGCCCCTGGGGGGCCCCCCGGAGACCTGGCCGAGGATCGTGGAGACCGTGCTCCTCTGGCGCTTCCACGTGCCCGAGCGCATGAGGGTCCAGGCCCCCATCCGCCTGGACGTGACCTTCTCCCTCCAGACGCTGTAGACGAGAGGCCACCGTGCGATTCCAGACCGACCTCCCCGCGCCGCCCGCCGCCCTCCGCCATGCCCGCGGCGGCCTCTGGCGGTGGCTCGGAAAGCTCTACCTGGCCTGGGGAGGCTGGCGGGTGGAGGGCGGGTTCCCCGAGGACCCCCGGGCCGTGGTCATCGTGGCGCCCCACACCTCCAACTGGGACTTCACCCTGGGCCTGGCGGTGGTGCTGGCCCTGGAACTGCGCTCCTCCTGGCTGGGCAAGCACACGATCTTCAAGCCCCCCTTCCGCGGGCTCCTGCGCTGGCTGGGCGGCATCCCCGTGGACCGCAGGGCCGCCAGCGGCGTGGTGGGGGCCTGCGTGTCGGCCTTCGAGGCGGCCCCCGCCCTCTACATCGCGCTGTCCCCCGAGGGCACCCGCAAGCAGGTGGGCCAGTGGAAGTCCGGGTTCTACCACATCGCCTCCAGGGCCGGCGTCCCCATCCTGCCGGTGGCCCTGGACTACCCGGAGCACGTGGTGCGCTTCCTGCCCCCCTTCCACCCCAGCGGGGACCTGGAGCGGGACCTTCCCCTGCTCCGGGCGCCCTTCGAGGACGTCAAGGGCCACTCGGCCCGGTGAGTGGCGCGAGGCGACGCGGCGGGGTATCGTAAGACCGTGCGAATCCAGGAATCCCCGATCCATGCCACGCCCCGGGCGGCGGAGGGCTGAATGTCCACCGGCGCCCAGATCCGGGAACCCGCCCTCGTCGCCGAGGCCCT
CP132910.1_gap102	4101475	4102640	1165	CACGTCCGCCGCGCTGCGCAGGCGCACGGCCATGGATGAGTCATTGCCGTAGCGGCGGAAGGCCTGGCGCAGGTCGCCCACCTCGGTCCAGATCTCCGAGTCGAAGACGCTGCCGTCCCCGTCGAAGACCCCCACGACCTTCCAGCTCCTCCCGGCCATGTCGATGCTCCGGCCCCATTCCACCCCGGTGTACCGGTTCAGCATCTTCTGGGGGACCACGGCCTCGGAAAGGCCGGGGTTGAACCAGCGGCCCCTGAGCATCCGCACCTGGCTGCGCATGCGGATCCCGGCCGGGGTGGTGCCCCGCACCGTCACGCTCATGGCCCCGGACCCGTCGGCCAGGGCCACCTGCTTGCTGACGATGATGTCCTCGGTGGCCAGGGGCCCCACCTCGTCATGGGCGATGAGGGGGTGGGTGAGGATGAGCCGGGCCTGGGCCAGGCTCACCGAGCTCATCATCTCCACCCGCGCGTTCTGGCGCATGATGATCACCTGGTCCTCGCGGCCGCTGCGCACGTAGGCCTTCGAGACGCCCTGGGCCATGGACAGCACCACCACGAAGACCATCACGACGATGGCGATGGCCCCGACCGTGGAGAGCGTGCCCGCCCACCGCTGCCAGATGGAGCGCCAGTTGTAGGTCAAGGGCAGCGGGTGGAAGGCCGCGGCCCACAGCAGCCACAGCAGGTACGGGGCGAGGGGGACGAAGAGGTACCAGATCACAGGGCCCTCAGCCCTTCGGTGATGGGCCTGCGGCTGGCGCGGTAGGCGGGGATGAAGGTGGAGAGCAGCCCCAGGGCGAGCGTGATCAGCACGCAAAGGAGAAGCGTCTCGGGCGTGATGATGAAGTCGGCCATCCACGGGAGTATCTGGCCCGCCACCTTCGCCGCGGCCGAAGCCACCCCCATGGCCATGGCGATGCCCAGGGCGCTGCCCAGGAGGGAGAGGAGGAGGCCTTCGGCCATGAGCAGCGAAAGGATCTGCCCGGACCGGAAGCCCAGGGCCCGCATGGTCGAGATCTGGGTGGTGCGCTCCCGGATGGCCATGGCCATGGTGTTGGCGGTGACGATGAGGATGGCCACCAGCACCGCCGCGGAGATGGAGTGGACCATGGTGGAGTAGTCCCCGAGCATCTTCATCATGTTCAGGTTGAACGCGTTCTCGG
CP132910.1_gap103	4107936	4108899	963	GGTGGGCATCTGCATGAGGCCCTCCTCCTCCATGCGGCTCTGGGGGCGGCACTGCAGGAGGTAGAGGTTGGCGCCGTCGTGGGCGAACTCCATGTCCACGGCCGTGCCCAGGGCCTCCTGGAGGATGGCGAGGATGGCCCGGATCTGGGGCACGAAGTCCGTGCGCTCCACCAGGCCCGCGAAGGTCACGACCAGGTCGTCCTTGGCGGCGCTGACCATGCCCTTCATGGGTTTCTTCAGGAATCCGTCCTCCAGCACGGAGACGATCTGCTCCAGGAGCGGGTAGTCGTCCCCGGCCTCCTTCAGCAGGTCCTCCACCGCATGGGTCTCGAAGCGGCCCGTCTCGAGGTTGATGACGTCCATGTGGCTCTGGGCGTAGTGGGTGACCTGCTCGGGGGTGACGTTCACGCGGATCTTGGGCTGGCCGGGGCTCAGCATGAAGGGGAAGTCGTTGCCCAGGCGGTCCACGGCGCGCGTGCCCAGGCCCGCGACCATGCGCACGATGCCGTCCTCGCGCTTCAGGCGCGGGGACCAGCGGTACTCGTTGTGGCTGAAGGCCACGCCGGCAAAGGCCGGGAAGAAGTACGTGCCCACCTGGCGCCCCACCACCTTCTGGATGATGATGCCCATCTCCTCCACGAAGTCCAGGAGGCCGCGCTCGGCGCGGTACTGGATGGGGTCGGGCCCGAAGACCGAGGCGTACACCTCGCACACCGCGTCCATGAGCGCCTCCAGGCGGTCCTCGCGGCTGCCCACGTTGGCCAGGAAGAGGCTGCGGTACTTCCCGGAGAAGGCCATGCCCTCGCTGTCCTCCAGGAGGCTCGAGGAGCGCACGATCACGGGCCCCTCGCCCAGGTCGTCCATGGCGAACTGGATCTGCTGGTACATCTCGGGCGAGAAGAAGGAGTTCTTGAAGGCCTGCTCCAGGTAGGGGAAGGTCTGGCGCACCTCCTCCACGGGGCT
CP132910.1_gap104	4112983	4117957	4974	CGGTATGCCTGTTGATGCATGTAGTATTTATTGGAATTAGGATTCCACGACCCTTTAATAAATAGACCGCTATAAGCCGTCATATGCAGGCCACCACTGCATCTAGCTTGCAAATCAAAATGCAAGCCAAACAATCGGAAAAAAAAATTTTGTGAGCAAGGGAACTTTTCCAGATCTAGGTTTCCGGCCAAATCCGACCAGATCGACGCCTGTTTTTTACTATTAAAGACCATAAAATCTGTTTTCAAATCAGGGAACATGGGGAATTGAACCCCAATAATATCGAGGAAAAATCGCCTCTATTTCAAATAACAGAGTGACTTTGTCAGGTTTTTCTTTCCTTGCGGGCCCCCTGGGGACTCCGTAGCATTTCTCAAAACAGATCTTCGGACCCAGCCATCTGGTTTTCCGATTCCCAATCAGATGCTTCGAAACATGTCATTCCATCTTCAGTGGAGGAGGTCCTCAATGCGCACGCGATCCATGGTCAAAGCGACCGCACCGTTGCGCGGGATTGTGGATGGAGGTCGGTCATGAGACACCGCACCCACATGGCCCTGCTCGCCACCCTGATGACGGCCACGGCCTTCGCGCAGGACATCAACGTCTACAGCACAACCATGGCCCAGAGCTGGAAGCAGGACACTCCCGGCTTCGACAAGACCACCCTCATGCCGGTCACGGAATTCCTGGGCATCGACGCCAACCACCTCGGCACGGACGCCCTGTCCCTGCACCTCTACGGCTGGGGCCGGACGGACCTGAAGGACCAGTCGGCCATCGGCGGCAAGAACGCCGGCGACCTCACCTACGGCTACCTCCAGTACAGCTTCGACCGCGCCAACGCCGAGATCAAGGCGGGCCGGATCGTGGTGAACCAGGGGATCGGCAACGAGATGGTCGACGGCGTCTCGATGCGCACCGACCTGCGCAACGGGTTCACCTTCTCCGCCTTTGGCGGCCAGCCGGTCATCTTCAAGAACCACAGCGGGCTGCCCCAACTGGACCAGTCCTTCCAGCGCGATTTCATCGTCGGGACCCGCCTGGGCTGGCGCATGGCCAAGCTCGGCGAGATCGGCGTCTCCTACCTGCAGGACGGCACCACCGCGGCCAAGGATCTCCCGGTCCCCAACCCCATCGACTACACCCGCCGCCAGGTGGGCGCCGACATCACCCTGGCCCCCGCGGCCTTCCTGGACTTCAGCGGCCGCACGGTCTTCGACGTGGCCAAGCACCCCGACGCGCTGCCAGGCCAGGACCGCTCCTCTATCGCCGAGCACGACTACAAGGCCACCGGCAAGATCCTGGACAACCTCTCCGTCACCGGCAACTTCGTCCAGCGCAACTTCTACGCCTACTACGCCGGCACCAACCTGCCCAGCCTCTTCAACCAGAACGAGAAGGGCAAGTTCAGCTCCAACGGCATCTCGGCCAGCTGGAGCCCCCTGGCCTTCCTGAACCTGGTCGCCGACCTGCGCACCACCAAGCGCGAGACCTACGGCAACACCACCCGGGCCGGTCTGGATGGGCGCCTCACCTTCGCGGCCCAGCACCTCGTCCTGGGCGGCGGCTACCACAAGGTGAACGCCTTCAAGGTCAAGCTCGTGGATTCCCTGACCCCCGCCTACAGCGTCTCCCACAGCGAGATGCGCGGCTGGGCGATGTATGAGAAGGGCAACTTCTCGGCCAGCCTGGACGCCATCCGCCTCCACTACAGCGGCGCCGAGGTGAACCCGAACCTCAACCACAAGGCCATCGAATCCGAGATCGTGGGCTCCCTGGGCTACCAGGCCACGAAGAACTTCAAGATCTCCGGCGACATGAGCTTCGCGGACACCCCCCTCTACAAGAAGCAGGTGATGGGGCTCCTCCGGGCCGACTTCCGCTTCGGCTTCGCCGGTAAAGGAGGCAAGTGATGTTCAAGAAATTCGCCCTCATCGCGGCGGGCCTGGGTCTCGGCCTCCTCACCGCCTGCGCCCTGGTCTCGCCTGAAGCCAGCTTCGCGCGCACCCACCCCCAGGAGCTGAGCGCCGGCCGCCCCAGCTGCACCGAGTGCCACGGCACCGAGCGGGTCAAGAGCACCCAGAAGACCTTCGCCTCGCTGGACCACACCACCACGTTCGTGAAGGACCACAAGGTCCAGGCCACCCAGGACGGCGCCACCTGCGCCTCCTGCCACGCCCAGTCCTTCTGCTCCGACTGCCACGGCGGCAAGACCGCCATGCTGCCTTCGGCCAAGCTGGGCAACCGGCCCGACCGCCTGTCGCCGCACCGGACCGGCTACCTGACCATGCACCGCATCGACGGGAAGGTTGATCCCACGGGCTGCTTCAAGTGCCATGGCCGCGCCAACAACGAAAAGTGCACCGCTTGCCACAAGTAGGGGTCTGATCATGAACAAAACCTTGATTGCAAAGACCTTCTTCGCGGCAATGGCGGCGTTGGCCATCATCGGTTGCTCCAGCACCGCGGCCGACAAGGCGGCGACGCTGAACCCGGCCACGGGCGCCCATCCGGCCACCTGGCAGGCCACCCACTGGTCCGAGTACCTGAAGAATCCCGACGGCTGCAAGCCCTGCCATGGCTCCACCACGGACACCGCGGCGGCGGGCGGCACCTCCGGCGTCAGCTGCTTCGGCTGCCACCACCCCAACGGCCCCCACCACCCCGCCGGTTGGGCGAACCCCTCCCAGCATGGGCGGCTGGGCGCCCAGGGCGCCCCCAACGGCGCCACGTTCCTCCAAGGCAAGGGTTTCGCCTCCTGCACGCCTTGCCACGGCTCGGACTACACCAACCCTGTCGGCATCGCTCCTTCCTGCAAGGCCTGCCACACCAAGGCGCCGCACCCCAGCAAACCCTGGCAGAGCGGCCTTTCCCCGTTGAACCCCAACCACGACAAGACCGATTACGCGAACGCTTCCGAGTGCGTGAAATGCCATGCCCTCGGCGCCAATTCCGATATCACGCCCCAGCCCCCCGCACCCGCGGGAACGACACCCGGCTGCTTCAACGGAACGCTCTGCCACACCACCAAGTTTTAATTTCCAGACGGCCACCGCGTCGTTTTGAAGCAACTGATCTGTCAGACCACCACGGGAGGTGCACGACTTGACACATAAGCGACGTCAACCCAATCACTGCCAGCTCCAAGCAAGGCAATTTTGCGCAAATGCTAATAAAAGGAGGAAGTAGCATGGAAATGAAACCTCTCAAGAGGTTGGGCACCCTGGTCGCCACTGCGGCCATCGCCCTCGCCCTCATCGGCTGTCGCGGTGCGACAGGCGCCGCCGGCGCCAATGGCGTCAACGGCACCAATGGTACCAATGGCACCAACGGCACCAACGGCTCCAACGGCACCAACGGCACCAACGGCACCGGCCCCCAGGTGCTCGCCGCCAACCTGACGCCCACTGAATGGAGCGACCTGGCCCTCCAGGGCACCATCACCAGCGCGACCGTCACCAACGGCAAGCCCGTCATCAACTTCAAGGTGACCGACAACAACGGTACCCCCGTGGTCGGCCTCGGCTTCACCTCGAAGGCCTCCAACGCCCTCGCCGCCAGCTATCCCAACTTCGGCTTCACCATCGCCAAGCTGGTGCCCGGCACCGCCGGTTCCCCCAGCACCTGGGTGAACTACGTCGTCACCACGATGCCCACCACCACCACGGCTTCGGTCCCCGGCAAGCCTTCCACCGACAGCACCGGCACCCTCGTTGACAACGGCGACGGCAGCTACGTCTACACCTTCTACCGCGACATCACCAAGGTGCAGGCTGCCTTGGACGCCTTCACGTACACCGGCAACAACAGCCGCGCCGACCTGGGCGACGTGACCTACGTTCCCACCCTGACCCACCGCGTCGCCATCCAGATCGGCGGCAACGCCCGCGGCACCAGCACCAACACTGCCACCGGCGCCGACAGCGGCGTTCCCGCAGCCCCCATCCAGGTGGCCGCGAACATGGTCTACGATTTCGTTCCCGCCACCGGCAAGGCCGTCGCGGCCACGGACCAGCAGCGGGTCGTGACCTCCCTCGGCGCCTGCAACGCCTGCCACACGCGCCTCACGGTGCACGGCGGCAACCGCTTCGACCCCAACTACTGCGTGATCTGCCACACGGACCAGCGCAAGTACACCTACGGTGAGGCCTCCTCCACCGTCGTGGGCGCCACCGCGACCGTGCCCGCCCACCTCAAGTTCACGGGCAGCACGATGAAGGTCCGCGGCCTGGCCGTGGCCGACTTCCCCGCGTTCATCCACCGCCTCCACATGGGCGAGGGCCTTGTCAACGAGGGCTACAACTACGCCAACGTCCTGTTCAACGAAGTCGCCTACCCCATGGACCAGCGGAACTGTGTGCAGTGCCACAGCGCGTCCACCGGCGCGGCCCAGGGCGACAACTGGAACACCGTCCCCAGCCGCACCGCCTGCGGTGCCTGCCATGACGCAGTCGACTTCGCCAACGGCGTCAACCACGCCGCGCTCGCCGACGATTCCCAGTGCACCCAGTGCCACACCCCCGGCGGCATCAAGATCAACCACACCCCGGTCGTGGCTCCCAACGCCAACAACGGCTATCTGGCCGCGCCTCCTGCCGGCTCCCAGCCCCGCAACAACAACACCAACGCCTCCTACGTGGCCGGCTACACGGGCAACCTGCCCGCCGGTGCCTGGATCCCCACCTGGGAACTCAAGTCGGTCATTCTGAACGCCTCCAGCCAGCCCGTGTTCACCTTCCGCTTCATGGTTGACAAGCAGGACGGCCAGGGTCCCAAGGCCCAGACCATGCAGACCTATGCGGCGGGCACTGTCACGGAGATGTTCGCCGGCTATGTCGGCAGCCCCAGCATCTACCTGGCCTTCGCGATTCCCCAGGACGGCATCGCCGCCCCCGCGGACTACAACGCCACGATCAGCACCTACCTGAAGCGCGTCTGGAACGGCACCGCCACCGGCAACGCCGTGGGCAC
CP132910.1_gap105	4120841	4122797	1956	CGGGAGGCCTCGGTCATGGGCTGGCCCCAGAGCTCCCAGGAGCCGTCCGCCCGGAAGAGGCCGGACTTGCCCGTGAGGGTGGCGCGCAGGAGCGGCAGGCCCGCCTCCACGGCCCGCAGCCGGATCTGCACGGCGTGGAGGTCGGTGGCGACGCTGCGGTCGAACCAGCCGTCGTTGGTGTGGTTGGTGAGCAGCTGGCCCCCGGCCAGCGCGACGCCCTTGGCCACGCGCTGCTCCAGCAGGGCCTCGCTGCAGATGAGGGGATGGACCGCCAGGGGGCCCTGGGGGGTGGGGAAGCGGAAGCTGGAGTCGGGTCCCAGGGTGCCGGCCTCGGCGGAGTAGAAGCCCAGCTGGCGGTCCAGGAAGTCCCGCACCGCGGGGGGCCCGGGCATGCGCTCCCCGAAGGGCATGGGCAGCACCTTGGCCTGGATGAAGCTGGGCTGGCCCGCGGCCTCGCCGCGCACCAGGTTGAAGCGCCCGCCCTCGGTGCCGTAGAGCCAGGCCACGCCGCGGCTCCGGGCCTCCTGGGGGAGGCGGCCTCCGGGGGCCCGGTCGTCGCGGCCCAGGACGGAACTCTCGGGCCAGAGGACCAGGGTGGCGAAGGCGGGGCGGGGCAGGCCGGCCCGGCGCAGCTCGGCGTCGGTGCGCCGCCACATGTCCGCTTCCATGCCCGGCATGCGTTCGCCGGGGGGGTAGTTGGGCTGGATCATCACCACGTCCAGGGCCAGCTGGGGGCCCCGGGGCAGGTAGTGCCAGGCGGCGTTCAAGGCGCCCAGGAGGAGCAGCAGGGCGGCGGGGGCCGCAAGGACCCTGCGGGGACCGGCGCCCTTGGCGGACTGGAACCCCGTCCAGGCCCCCAGTCCCCACAGGAGGGCCACCAGGCCCTGGGCGCCCAGGAAGGCGGCGCTGCGGGCCATCCAGGGCACGGCGCCCAGGGGGGAGGCGAAGCTCAGGTCATAGATGTGGAAGGCGTAGGTCTGCCACACGGCGATGCCCAGGCCCGCGGCCAGGGCCCCCGCCAGGGGGCTGCGCCGCCGGGCCCAGCGGGCCAGGGCGGCCACGGCCAGGAGGCCCGCGGCTTCGTAGGCGTAGAAGAGGCCCGCCACGCCCAGGGCCGCGGCCATGGGCATGGGGGCCTTGGAGTGCATGACCTCGGGCACCCAGTGGAAGCCGCCGATGGTGCCGGCCAGGAGGCCCAGGTACACCCAGCCCAGGCGCCGCCCGCGGCCCACGGCGGCAAATACGAGCGCGGGCAGGAGGAAGGCGGCGCAGGCCTCCAGGTAGCCCCGGCCCGAGGCCATGGGGAAGCGGTTGGCGGCCAGGTAGGCCAGGGCGATGAGGAGGGCGTCCTTCATCGGCCCAGGCCCGCCCGGCGGGCGGTTTCAAAGCAGGCGATGCCGGCGGCCACGGCGGCGTTCAGGCTTTCCACCCCGAGGATGGGGATGGCCACGCGGGTGATGCCGTCGGGCAGCTCCGCTCCGGTGAACCCGTGGCCCTCGTTGCCCACGAGGATGCGCACCCGCCCCGCCAGGGGGGCCCGGTCCAGGGGCAGGGCCCCGGGGGCGCCGTCCAGGGCGAGCCAGGCGCCCTCGTCCAGGTCCAGGGTCTCGCGCCGGCGCAGGGGCATCAGGAAGGCGGCGCCCATGCCGCCCCGCAGGGCCCGGGGGGCGAAGGGATCGGCGCAGCCGGGGCCGAGGATGGCCTCCTGGAAGCCGAAGGCCGCGGCGCTGCGGAGGATGGCGCCCAGGTTGCCGGGATCCTGGATGCCCCAGGGCACGATGACCCGGGCGGGCAGGGGGCCTTCCGGGGCGGGTTCCAGGGCGGCCAGGAGGGCGTGCTCGGGGGGGCTGCCGGCGTCGGCCAGGTCCCGCATGAGCTGCTCGCCCAGGACGCAGACCTCCACCTTCAGGGCCCGCTCCAGGGGGTGCGGCCGGGCGCCCTCCAGGCGGAGCCAGG
CP132910.1_gap106	4161629	4164074	2445	GGCCCCCCTGGGGGCCGTCGAGGGTGGTCTGGGGGGTGGGCCCTTGCCCCACCGCCCGGCAAGCCGGAAAGCAGGCCAGGGATAGCGCGAGGATCACGGAAGACCGCCTGAATCCAATATCCGCCATGGGAACCCTCCCTTTCCGGGAGCAGGGCCGCTCCCACCGAAGCCTGCGGAGGACCGGGGCCGGGTGCCTCACCGGATCGGGGAGGAGCCTGCCGCGCGGGCGCCCCCGCGGTCAGGAGAGCCGGGCCCGCACCGCCAGGGCCGCCAGGGCCGCGGACGTGTGGAGGTCGAGCTTGCGCATGATGTTGGAGCGGTGGACGCCGACCGTGTGCGGACTGAGGTCCAGCCGTTCCGCGATCTCCTTGGTCACCAGGCCCTTGCCGATCAGGGCGAGCACGTCGCGTTCCCGCTCGGTGAGCGGGGCCAGGGAAGGCCCCGGGGGGACTTCCTGGGCGGCCTGGGGCGGCCTCAGGCGCTGGAGCCGGATCTCGATGGCCTGGATGAGTTCCCTGCCCGAGAAGGGCTTGACGAGGTAGTCGTCGGCTCCGGAGCACATGCCCTCCCGGACCTGGCCCCATTCGTTGCGGCCCGAGGCCAGGATGACCGGAAGGCCGGCGAGGCGCGGATCCGCCCGCAGGTTCTGCAGCAGGGCGATGCCGTCCATGGAGGGCATCTGGATGTCGGACACCAGCAGGTCGATGGCCTCCGCCCGCAGGATCTCCAGGGCGGCGGCTCCGTCCAGGGCCACCCGGACCTCCCAGTCCGGGCGCTGGAGGGTCAGGGAATCGGCAAGGATTCCGGCCAAGCTGGCATCGTCGTCCACCAGGAGAATCCGCATGGGCCCCAGACAATCGTGTTGTTGGACCCGATTATACGCAGGCGCCGGGCGGAACGGCCGCGCTTGATTCCTTCCGTTCGTGCCGGGGCGAACCCCAGTCAGCCCGCCTGAGCGAGGGTGCCCTTCGGGGCAGGGAAGTGGCGGCGCAGGACGGCCGAGATCTGGCTGGTCAGCCGGGCCTTCTCCGTCTGCAGCGCGTTCCAGGCCTTCAAGGATTCGGCCAGGTTCTGGAGGGCCGACAGGGCGGTGACGTCACGCTTTTCCATGAGACCTCCAGGGGGGGAAGGGAGCTTCGATCCGTGCGTCCAGGGGTAACCCTGGCGGGCGCCTGGATGATGCCGGGTGAACCGCCGGGTCCGGGTCCTCCGCCTGGCGGGATGGGCGAAGGTGTGTTCAAGTGCAAGCATCGCCCGGAATCATGATCGGAACCATAACCGTGATAGGTTAGGTCGGGAATTCGGCCGAACGGCTGGAACCCGGCCCGGACGCCGGAGCGCCGGGCCCGGGTTCTGGACCCTGCCGTTCCAGGCGCTCTGGGCTGCCGGGGGGTGACCCGCCCCGGGGTGGAAGGAATGTGGGGGCTACTTCTTCTCGTCCGCGGCCTTTTCGTCGGCCTTCGCCTTGGTCGTCTTCGCGGTCGCCTTGGCCTTGACGTCAGCCTTGGCGGCCTTCTTGTCGGCCTCGGCCTGGACCTTGGCAGCCTTCTTGTCCGCGGCGACCGCGGCGGCGGTTGCCTTCTCCTCGGCCGCGGCCTTGGCGGCGTCGGCCTTCTTCTCGGCCTTGGCCTTCTTCTCGATGGCGTCGGCCTTCCTGTCGTCGGCCACGAGGGCCTTCTTGGTCTCCTCCTTCACTTCCTTCTTGACGACCTTGGTCTTGCCCTTGGTTTCGGACTTCACTTCCTTGGATTCGGTCGTGGTGGTCCTGGCAGGGACCGCGTCCTTGGCGCCGGTCTTCACGACCTTCTTCTCGGTCTTGGTCGTCTTGGTCTCTGCCGGGACCTCGCCTTTGGCCGCCGTCTTCTCCTCCTTCACCACGGTCTTGACGGATTTGATCTTGTTGGGAGTTTTGGTAACGGTTTCACTCTTGGTGACCGTCTCCTTCTTGGGTTCGTCCGCCAGGGCGGGGGTGAGAAGGGATGCGGCAACGATGAGCAGGGCGATCTTGTTCATGGGAACCTCCGGGGCCCCTTCACCATGAAGGGGGGCAGGAGGACTAGGCATGTATCGGGCCAATGACGCAGGGCGAAACGCCAGGCCGGTTGAATGCATCGAACAGGCCCGGTTGCAGTGAAATGGCTACGGTTGAAAGGAACTGTCCAAGGGGCCCGGTATCCAATCGGCTCGCGGAGGATCTCCGCCGGTAACGGCGCAGTGGAAAATGATCGAGAAGCCCATCCAATTTGATTGATGTATGTCCCGGCGTGGGCAGGCGCCAATGTAACTGTAAAAAATGTTCGTGTTACTCGATGGTCCGGGAATTGCACAAGTGCCGGGTCGCATTCCTGGGCTGTTGGAGTCCCGGAGGCGATACCCAACGGAGCCGATAAATGAGAAACACTCGAAACACCCTGGTGGCCTTGGCCTTCGCGCTTTCGCCCATCA
CP132910.1_gap107	4182462	4183802	1340	CCTCCGCCGAGGAGCAGTCCACCGCCAGCGCCGAGGTGGCCGCCCAGGTGGAGCGCAGCGCCGCCAAGGCCACCGAGAACGCCAGCGCCAGCGTCCAGCTGTCCAGCACGGTGGAGACGATCAGCACCCATTCGGACGAGCTGGCCCACACCGCCGAAGGCCTCGCGGCGCTGGCGCGGCAGTTCAGGACCTAGCGGATTCCCGTGAAGCCCACCTCGACCTTGCAAAGGCCCGGGAAGCCCGGCAGGGGCGAGATCCGCCTCTCCCCGGCCTTCCCGGTGAAGAAGTAGGGGTCCACCTGGGCCTTGGGGTCCGGGAGGGCGAAGTACAGGGTCGCGGGCTTGTCCTCCAGGGCGCGGCAGGTGACGTAGCCCACCAGGGCGTGCTCGGCGGAGTGGTAGCCGTTCTTCCATTGGTGGATCTTCGGGGAATCCTCGTAGGTCTCGCCCTTGGGCCCCGCCCAGCCCCACACCTCGTGGCGCTTGTGGTCGACCATCGAGGTGAGCCAGAACGCGGCGGTCGAGTCCAGGCTCTTGGCCCAGGTCCGGTCCGTCAGGGCCAGGGTCCCGGCCAGCTGGTCCAGCTCCGCGTAGATCCACCACTCCTTGGAGGCCTCGACGGTGCCGTCCCGCCGGAGCTTGGAGCCCCAGGTGCCGTCCGGGAGGAGGGCCATGCCCAGGACGGCGGCGCCCTCGGTGTCGGCGAAGCGCACCAGGGCCTCGTCCCCGGCGAGCCGGCCGATGCGGCCGATCATCCACAGGGCCTTGGCGGTGTGCCCGAAGTCGGTGTGGCGGGTGCCCAGGGCCTTGGGTTCGTGGAGCGTGCCCCAGAAGAGGTGCCGCCCGGGGGCGTGGTACTTGTCCACCATCACCCGGGCCAGCTTGACCAGGTCGCCCTTCCACTGGGTGCGCAGGGGTTCGGGCAGGATGGGGGTCAGGAGCAGCATGTAGGCGTTCACCTGGTCCAGCTGCGCCACCAGCTCCTGGCGGTCCGTCTCCTCCCTGGGGCCCTTGGCGGCCCAGCGGAGCATCCCCCAGTCCTTGTCCCAGTACTGGCCGAAGATGTGGTCCTTGAGGCGCACGATGTCGGCCAGCACCTCGGGGTCGCGGGTGAGGTAGTAGTACATCGCCATGCCCAGCTCCGCATAGGCCAGGTCCTGGGTGGTGCGCTCCAGCGTCGCGGGGCCCGGAACGCCCTTCTCCCAGTACGTCACCGCGCTGCCCGTGGCCCTGTCCAGGGCCTTCGTCCGCAGGAACCGCACCCCGTCCCGGGCCAGCGCCAGCATGGCCGGGTCCCCCGTGAGGTGATAGGCGGCCCCGTAGAAGTAGGTCTGCCGGGAC
CP132910.1_gap108	4200538	4205448	4910	CACGTGCTGCTCTGCCTGGAGGGGGAGCTGCACACGGAACTGGAGGACGGACGGAGGTTCGTCCTGCGGCCCGGGATGAGCTACCAGGTGGCGGACCAGGCCGAGGCCCACCGGTCCGCGGCGCCTTCCGGGGCGAGGCTCTTCATCGTGGATTGAGGTGCTCCAGGAGCATCCGAACGGGCTTGGCGGCGGCGCGCACATCCCTCAGGCCCAGGAGGAGGTGGCGCTCAGCCCAGGGCTCGGCCAGGGTGACGAGGCGCAGGTCCAGGGACGCCACCATGGCCTTGACGGCGTTGCGGGGCAGCACGGCCACGCCCATGCCGGCGGCCACCATCAGGCACACCGCGTCGAAGCTGCGCACCTGGATGCGCAGCTTCAGGGTGCGGCCCATGGCCTCGGACTCGGTCTTCATGCGCTTGGCCAGGGACGTGGCCCGGGGCAGGCTGACGAAATCGTAGTCCACCAGGTCCTCGAGGCGCACGGAGCGCCTGCGGGCGAGGGGGTGGCCGCGGGGCACCACCACGGCCAGGCGGTCCTCCCGGTAGGGCAGCACCTGCAGCCCCAGGGCGGGGGTGCGGTCGGCGAAGATGCCCAGGTCGGCCCGGCCGTCCAGCAGGGCCAGGACGATCTCGGAGCTGTTCTGCTCCTCCAGCTCGATGCGGATGCCGGGGTTGGCGGCGGCGAAGGAAGCCAGGTCGCCCGGGAGGAACTGCGTGACCGCGGAGATGTTGGCCCAGAGCCGCACCACGCCCAGGCTGCCCGAGGCGTAGTCGGAAAGGTCGGCCACCAGCAGGTCCACGTCGCTGAGGACGCGGTGGGCGTGCTGGAGCAGGGACTGGCCGGCGGGCGTGAGGGCCACGCCCCGGGAGGACCGTTTCAGCAGCTCGGCGCCCAGGGTCGCTTCCAGGTCGGACAGCCGCTTGCTGGCGGCCCCCACCGCCAGGTTGGCCAGCCCGGCCCCCTTGCTGATGCTGCCCGTGCGCGCCACCAGGGTGAACAGCGACAGGGAGGCCAGGTCAACGCGGGGGACGTTCATGGCGGGCACCCTCCTAGAGCACGGCCGGGTTGACGCAGGTCTGGGGGGGCTTGCCCGCCAGCACGCTCAGGACGTTGTCCACCGCGGTCATGCCCATGGCCAGCCGGGTCCGGAAGGTGGCCGAGGCCGTGTGGGGCACGATGACCACGTTCTCCAGGCCGGCCAGACCGGGCGTCAGGCGGGGCTCGTTCTCGAAGACGTCCAGGCCCGCGCCCCAGATGACCTTGTCCCTCAGGGCGGCGACGAGCGCCTCCTCGTCCACCAGCGGGCCGCGTCCGGTGTTGACGAGGACGGCGGTGGGCTTCATGGCGGCCAGTTCGGCGGCGCCGATGAAGTGGCGGGTGGCGGGCAGCAGGGGCAGGTGGAGGGAGAGGAAGTCCGATTCGCGCAGCAGGGTGGCCTTGTCCACGAAGATGGCCCCGCACGTCCGCTCCAGTTCGGGCGACGGCTGGAGGTCGTGGTAGATCACCCGCATGTCGAAGGCGGCCGCCTTGGCCGCGAACTTCGAGCCGATGCGGCCCGCGCCGGCCACGCCCAGGGTCATGTGGTCCACGTCCCGGCCCAGGAACTGCAGGGGCCCCCAGCCGGCCCACTGGCCCGAGCGCAGGAAGCGCTCGGTCTCGGGGATGCGGCGGGCGGCGGCCAGCAGCAGGGCCCAGGCGTGGGTGGCGGTGGCCTCGTCCAGCACCTTGGGCGTGTTGGTGAGGATCACCCCGCGCGCCGTGGCGGCGTCCACGTCGAAGTTGTTGTAGCCGACCGCGTAGTTCGCGAAGATCCGGCACCGGGGCCCCGCGGCGTCCAGCACCTCGCCGTCGATGGTGTCGGTGAGCAGGGTGATGACGGCGTCCCGGCCGCGCACCTCCCGCAGCAGCTCCTCCCGGGTCAGCGGCCGGTCGTGGGGGTTGATGTCCACGTCATGGCAGCGGCGCAGGGCGTCGAGGGGTTCCTGGGGGAGCATGCGGGTGACGTAGACGTTGGCCATCGTGGCGCTCCTCGCTTCGGACCTAGCGGGCGAGGGCCCGCTGGCGGATGGTTTCGAAATCGGCGGGGACCGGGTGCAGGTCCAGCCTGCGGCCGGCCTTGACGATCTGGCTGGGGACCTCGTGGCCCAGCATACCCGGAAGCCGGCGGGCCGCGGCGATGAGCCGGGGGAGATCGAGGCCGGTCTGGAAGCCCATGAGTTCCAGGGCGTGGGCCAGTTCCTCCGTGCAGACGTTGCCGGTGGCGCCGGGGGCGTAGGGGCAGCCGCCGATGCCGCCCAGGGAGGCGTCGAAGCGGTCCGCCCCGGCGTCCAGCCCGGCCAGGGTGTTGGCCAGGCCCAGGCCCCGGGTGTTGTGCAGGTGCAGGGTCAGCTCGGCCTGGGGCCACCTCTGGCGGAAGGCGCCGGCGAGGCCGGCCACCTGCCCGGGGAAGGCCATGCCGGTGGTGTCGCAGAGGGTGATGTGGTCCACGCCCAGCTCCCCGATGTAGCGGGCGCACCAGTCCAGCACGGAGGACGGGGGCACCTCCCCCTCCATGGGGCAGCCGAAGGCGCAGGACAGCGAGATGTTCACCGCGGTCCCGGACGGGCGGGCCAGGGCCGCCACCTCGGCCAAGGCGGCGAAGGACTGGTCCCGGGTCATGCGCAGGTTGGTGAGGTTGTGGGTCCCGCTGGCGGACATGACCAGGTTCAGTTCGTCCGTGCGGGCCAGGATGGCCCTCTCGGCGCCGCGCACGTTGGGCACCAGGGCGCTGTACACGACCCCTGGCTCTCGCCGGATGCCCTGCATCACGGCGTCGGCGTCGGCCAGGGCGGGGATGGCCTTGGGCGAGGTGAAGGAGGAGACCTCGATCTTGGTGAGGCCGGTCAGGGACAGCTCGTCGATGAGGGCGATCTTGGCTTCGGTGGGGACGAAGGCCTTCTCGGCCTGGAGGCCGTCGCGGGTGCCCACTTCCTGCAGGTGGACGCGCCTTCCGGCGCCTTCCCAGGCGCTCATGCGATCACCCCCTTGGCGCGCAGCTCGGCCAGGGCCGCCTCGGAGACGCCCGCCTCGCGCAGCACGGACTCGGTGTGCTCGCCCAGGGCCGGCGCCGGGGTGCGCAGGGTGCCCGGGGTCAGGGAGAGCTTGGGCACCACGCCGGGCACCTCCAGGGGGGTGCCGTCGGGCAGCGCGGTGGTGAGGATCATGTCGCGGCTGCGGTAGTGCGGGTCGGCGCAGATGTCCTTGGCGGTGTAGATCCGGCCCGAGGGCACCCGGGCGTCGTCCAGGGCCTGGAGCACCTCGTCCAGGCTGCGCTCCCGGCTCCACGCGCCGATGGCGGCGTCCAGCTCCGCGGCGCGGGCGGCGCGGCCGGCGTTGCCCGCCAGGCCCGGATCCTCGCCCAGGTCCCGGCGCCCGATCTTCTCCATCAGGCGCTTGAAGATCCCGTCCCCGTTGCCGGCGATGAGGGCGTAGCCGTCGGCGCAGGCGTAGGCGTTGGTGGGCGCGATGCCGGGCAGGGCGCTGCCCGTGGCCTCCCGCACGGCGCCGAAGGCGCTGTACTCCGGCACCAGGCTCTCCATGACGTTGAACACGGCCTCGTAGAGCGCCACGTCGATCACCTGGCCCTCGCCGGCGGCGTCCCGGTGGCGCAGGGCCAGCAGCACGCCGATGACCCCGTGCAGGGCCGCCAGGGTGTCCCCGATGGAGACGCCGCAGCGCACCGGCACCCGTCCCGGCTCGCCGGTGAGGTACCTCAGGCCGCCCATGGCCTCGCCGATGACGCCGAAGCCCGGCCGGTCCCGGTAGGGCCCGGTCTGGCCGTAGCCCGACAGGCGCAGCATGACGAGCCTGGGATTGAGGGCGTGCAGCTCCTCCCACCCCAGCCCCCAGCCCTCGAGGGTGCCGGGCCGGAAGTTCTCGATGACGACGTCGGCCTCCTTCACCAGGTCGCGCACGATCCGCTGCGCCTCGGCCTTGCGCAGGTCCAGCGCAACGGAGCGCTTGTTGCGGGACTGCACCTGCCACCAGAGGGAGGTGCCGTCCTTGATCATGCGCCAGGCGCGCAGCGGGTCGCCCCCCTCGGGGGGCTCCACCTTGATCACGTCGGCCCCGAACTCGGCCAGCATCTTGGCGGCGAAGGGGCCGGCGATGAGCTGGCCCAGCTCGATCACGCGCAGGCCGGAAAGGGCGCTGGGGGTTGCGGTCATGGGGTTCTCCTGGATGCGGAGAAGTATGGGGGCCTCCCTTCTGCGAAAGAAGAACAAATGGGGAAACCCAGCCTTCTCGTTTAGAGAAAGCTAAGTCTCCATCCCCAGCGGAGCCTCGTCCCCGTCCGAATGCCCGCTCATGGCGTGCCCGGCGTTGCGGGGCAGGCGGGCGCTCACCGGGGAGGCCATGAAGGAGATGGCCGTCACCACAAGGAACGCGGCGGAGAAGTCGGACAGCTGGGGGCTGGCGTGGCCGGAGACCGCCATGGCCAGGGCCAGGATGGCCGAGGAGATGCAGATGCCCATGGAGAGCATCAGCTGCTGGAAGGTGGAGTAGAAGCTGGTGGCCGAGCTCATGCGGGGCTGGGAGATGTCGGCGTAGGCGACGGTGTTGAGGGCGGTGAACTGCAGGGACTGGAAGAACCCCCCCAGAAGCAGCACGCCGTGGATGAGGAGGACCGGCCACCCGGGGCGGAACAGGGCGCACGCGGCCAGGAAGGCCGAGGAGATCAGGCTGTTCCACATCAGCGTGTTGCGGAAGCCGAAGCGGCGCAGGATGGGCGGCGCGGCGATCTTCATGAGGAAGGAGCCGGCGGCGGTGCTGAAGGTGATGAGGCCGCTCCGGGCCGCCGACATGCCGAAGCCCAGCTGCATCATCATGGGCAGCAGGAAGGGCAGGGCGCCCGCGGTGATGCGGGTGAGGGA
CP132910.1_gap109	4206814	4207542	728	TGGATCATCCTCACCGCCGTGTTCCTCTTCAACCTGACCGTGGAGAGCGGCCAGTTCGAGATCATCAAGAGCTCCATCTCCTCCCTGTCCCCTGACCGGCGGATCCAGGCGCTGCTCATCGCCTTCTCCTTCTCCGCCTTCATGGAGGGCGTGGCGGGCCAGGGCGCTCCCGTCGCGGTCGCCGCGGCCATGCTCATCGGCCTGGGCTTCCCGGCCCTGCCGGCGGCCGTCATCTGCCTCGTGGCCAACACCCCGCCCGTGCCCTTCGGGCCCGTGGGCGTGCCGACCATGATGATGTCCACGGTGACCGGCATCCCCGCCACCACCATGGCCCGCGCCGTCGGCATCGACATGGCCTTCATGGCCCTGATCATCCCCTTCTTCATGGTGGTGGTCATGGTGGGCTTCAAGCGCGCCAAGGAAGTCATCCCCGCCTGCCTCGTGGCCGGCGTCAGCTACGCCGCGGCCTCCTTCGCGATCTCCACCTGGTTCGGGCCCGAGCTGCCCGCCATCGTGGCCTCCGTCGTGTCGCTGCTCTGCCTCGTGATCTTCCTGCGCTTCTGGCAGCCCGCGACCACCTGGACCTTCGAGGAGGACACCGCCGCCTCGCACGCCGCGGCCTCCGGCACCTATTCCGCCGGCCAGATCTTCAAGGCCTGGTCCCCCTTCCTCATCCTCATGGTGGTCATGGGCCTCTGGGGCACCCCCGCCTTCAAGGCGTACTGCAC
CP132910.1_gap110	4212202	4216684	4482	CGGGGTGCAGCCCCGGTATTAAATGAACCTGTTATTAAATAGGTTCCCCGCTGGAATCCCATGGGATGGGGAGCCGCTCGGCATGGCCTGGCGCGGCGTAGGTGCCCTACCGCTTGTAGATGCCGCAGCCGAAGAGGAGCCCGTCGTGCATCTCGATATAGGAAGTCTTCGCCAGCACCTTGCCGCTGACCGGGTCGGGATACTTGTAGTCCACCCAGCCCTTGCCCTTGGCCTTGCCCAGGGCGAGCATCTCCTTGACGATCATCTTGCCGTCCGGGTCCTTCAGGCCGCTCCGGTCCTTGCCGACCAGTTCCACCGAGTTGAAGCCGATGGCCTTGCACAGGCCGGCCTGGTCGTAGACGAAGAGGTACATCTCCCCGCCCGAGCCCACGTGGAAGACCCCGTTGGACTGGTTGGTCTGCTGGATGAGCTTCTCGATGCCGTTGGCCTTCGCGTAGGTCACCGCGCGCTTCACCAGGGATTCCGCCTGGGCCGGGGTGGGCGACTGGGCGGAAGCCATGATGCAGGGGAGGACGGCGGCGATGAGCGGGAACTTCCTCATGGGAACCTCCAAAAAAGTGCGATGGGCTGGGGACAAGGAAGACTCTACACGCCTTCCGGGGGAAAGCAAATTCCATCCTCGAGGGCCCCGGACCGGGTCTCAGTCCCGCCGCCTCCGCTCCCCGAGCTTGACCCCCAGCACCCGCATCTCGCCCGTCGCGTCCCGCTCCTCCAGGCGCACCGTGAACCCCCACAGGTAGGCCATGTGCTCCAGCACGGCCTCGAAATCCGTGGCCAGGGGCAGGCCCCGGGGGTTGGTGTAGCACAGGGTGAGGGTGCGGTCGCCGCGCAGGTCCACGCTCCACACCTGGATGTTGGGCTCGCGGCTGCCGAGGTTGTACTGGTCCGCCAGGGATCTCCGCAAGTCCTCGTACCCGGGTTCGTCGTGGATGGAGCCGATGCGCAGGCGCGGGGCCTTGTCGTCGTCCACCACCGTGAAGAACCGGAACTCCCGCATGAGGCGGGGGGAGAGGAACTGCGCGATGAAGCTCTCGTCCTTGAAGTTTTGCATGGCGAAGGGCAGGGTCTCCCGCCAGTCCGAGCCCGCCGCGTCGGGGAACCAGTGGCGGTCCTCCTCCGTGGGGGCCTCGCAGATGCGCCGGAGGTCCCGCCACATGGCGAAGCCCAGGGCGTAGGGGTTGACGCCGGAATACCAGGAGCTGTTGTAGGGGGGCTGGTGGATGACGCTGGTGTGGGAGTGGAGGAACTCGAACATGAACCCGTCGCCCACGCTGCCCTCGTCGTACAGCGCGTTGAGCAGGGTGAAGTGCCAGAAGGAGGCCCAGCCCTCGTTCATGAGCTGGGTCTGGCGCTGGGGGTGGAAGTACTGGGCCACCTTGCGCACGATGCGCACCACCTCCCGCTGCCAGGGCTCCAGGAGGGGGGCGTTCTTCTCGATGAAGTAGAGGAGGTTCTCCTCGGGCTCCTTCGGAAAGCGGGGCTCCTCGGCGGGCTTCTCCTTCTCGGGGCGCGCCGGGAGGGTGCGCCAGAGCTCGTTCACCTGGGCCTGGAGGTAGGCCTCGCGCTCCTTCTGGCGCAGGCGCTCCTTGGTGAGGGAGAGCCGCGGGGAGCGGCGGTACCGGTCCACGCCCAGGTTCATGAGGGCGTGGCACGCGTCCAGGAGGCGCTCCACGGCCTCCTGGCCGTGGCGCTCCTCGCACTGGGCGATGTAGTCCCGGGCGAACACCAGGTAGTCGATGATGGTGCCGGCGCTGGTCCACTGGCGGAACAGGTGGTTGCCCTTGAAGAAGGAATTGTGGCCGTAGGCCGCGTGGGCGATCACCAGGGCCTGCATGGTCAGGGTGTTCTCCTCCATGAGGTAGGCGATGCAGGGGTCGGAGTTGATGACGATCTCGTAGGCCAGGCCCATCTGACCGCGGCGGTAGCGGTTCTCCGTGGCCAGGAAGTGCTTGCCGAAGGACCAGTGGTGGTAGTTGACCGGCATGCCCGCCGAGGCGTACGCGTCCATCATCTGCTGGGAGCTGATGATCTCCAGCTGGTGGGGGTAGGTGTCCAGGCCGAAGTCCCGGGCGATCCTGCCGATGGCCTCGTCGTAGGCCGTGATGGACTCGAAGGTCCACTCCGATCCCCCCGGCAGCATGGCTACACCCGCTTCCGGAACAGGTCGTGGAAGACCGGGTAGATGTCGGTCACCTCACGGATGCGCCGCATGGCGAAGGAGTCGGGGTGCCCGGGCAGCAGGGTCTCGTATTCCCGCCAGAGCACCTGGGGGGTGTCGGCGATCTCGATGTAGGCGAAGTGCTGGACCTGGGGCAGGATCGAATCGGCCAGCAGGTCGCGGCTGGGCTCCGAGTCGTCGGACCAGTTGTCGCCGTCCGAGGCCTGGGCCCCGTAGATGTTCCAGAGGCCCGGCGGATAGCGCTCGGCGGCGATGTCGCGCATGAGCCTGAGGGCGCTGGAGACGATGGTCCCTCCGGTCTCCCGGGAGTGGAAGAAGCGCTCCTCGTCCACCTCCTCGGCGGAGGTGTGGTGCCGGATGAAGACCACCTCGATGCGCTCGTAGTTCCGCTTCAGGAACAGGTAGAGCAGGGTGAAGAACCGCTTGGAGATGTTCTTCTTGGGCTCGTCCATGGAGCCCGAGACGTCCATGAGGCAGAACATCACGGCCTGGGTGGTGGGCTGGGCCACGCGCACCCGGTTGTTGTAGCGCAGGTCGTAGGTGTCGATGAAGGGCACCGCGGAGAGCCGGCGGCCCAGGCGCTCCAGTTCCAGCAGGAGGTCCCGGGCCTCGGCGCTGTCCTCCCCGTGGAGGCGCCGGGCCTCGGCCAGGGCCGCCTCCAGCTCCCTGCGCCGGTCCGTGAAGGGGCCCCGGGTGGCGATGCGCCGGCCCGTGGCGCCCCGCATGGTGCGCACGAGGTTGAGGTTGGTGGGCACCCCCGTGTGGGTGTGGCCGGCGCGCACGTTCCTGAACTCGGTGAGGCTGGCCAGGTGGCGCTTGACGAGGTTGGGCAGGGCCAGCTCGTCGAAGAAGAAGTCCAGGAACTCGTCCCGGGAGATGGCGAACTCGAAGGCGTCCTCGCCCTCGCCGTCGGGGCTGGCGCGCCCCCCCTGGCCGCCCTGGCCCCCGGAGGGGGGGCGGTCCACCTGGTCGCCGGTGCCGTACCGGTCGTTGCCCGCGTGCACCCGCTCGCGCCTGCCTCCCGGACCGTGGCCGAACTGGGGCTCGGCGATGTCCTTGCCGGGGATGCGGACCTTCTTGCCGGAATCCATGTCCTTGATCCCGCCCCGGTCGATGACGTCCGAGACGGCCTGCTTGATCTGCCCCCGGAAGCGCCGCAGGAACCGCGTCCGGTTCACGGAACTGCGGTTCTTGCTGTCGAAGCGCCGGTCGATGATCTGGATCATGACGACTTCCGGACCCGCAGGTACCAGTCGCACAGGAGCCGCACCTGCTTCTCCGTGTAGCCCTTGGCCACCATGCGGTCCACGAAGTCCCGGTGCTTCTTCTGGTCGTCGGTGTTGGCCTTGGTGTTGAAGGAGATGACCGGGAGCAGCTCCTCGGTGTTGGAGAACATCTTCTTCTCGATGACGGCCCGCAGCTTCTCGTACGAGGTCCAGGAGGGGTTCTTCCCGTCATGCTTGGCCCGGGCGCGCAGGACGAAGTTCACCACCTCGTTGCGGAAGTCCTTGGGGTTGGAGATGCCCGCGGGCTTCTCGATCTTCTCCAGCTCGTTGTTGAGCGCCGCCCGGTCAAGCATTTCCCCGGTGTTCGGATCCCGGAATTCCTGATCCTGGATCCAGAAGTCCGCATAGTTGACGTAGCGGTCGAAGATGTTCTGGCCGTACTCCGAATAGCTCTCGAGGTAGGCGGTCTGGATCTCCTTCCCGATGAATTCTGCATACCGCGGTGAGATGAATTCCTTGATGGTGCGCAGATACTGTTCCTCGATCGCCCCGGGGTACTGCTCCTGCTCGATCTGCTGCTCCAGCACGTACATGAGGTGGACGGGATTGGCCGCCACCTCCCGGTGGTCGAAGTTGAAGACCTTGGAGAGGATCTTGAAGGCGAAGCGGGTCGAGAGGCCCGTCATGCCCTCGTCCACGCCCGCGAAGTCCCGGTATTCCTGGTAGCTCTTGGCCTTGGGATCGGTGTCCTTGAGGTTCTCCCCGTCGTAGACCCGCATCTTGGAGTAGATGCTGGAGTTCTCCGGCTCCTTGAGCCGGCTGAGCACGGAGAACTGGGCCAGCATGCGCAGCGTGTCGGGGGCGCAGGGGGCCTGGGCCAGGGAGGAGTTGTCCAGGAGCTTCTGGTAGATGCGCATCTCGTCCGTGACCCGCAGGGTGTAGGGCACCTTCACGATGTAGATGCGGTCCAGGAAGGCCTCGTTGTTGCGGTTGTTCTTGAAGGTCAGCCACTCGGCCTCGTTGGAGTGGGCCAGGATCAGCCCGTCGAAGGGGATG
CP132910.1_gap111	4230722	4233996	3274	AAGTCCCCCTTCGGCGAGGGCGACACGTCCCGCGTGGCCCTCGCGAACATCCTGCTGGCCCACACGATGGACCACTACGGGCAGATCGTGGTGTACCTCCGCATGAACGGAATCGTGCCGCCGGCCAGCCGTTGAGGGGCCGCCCGCTTGCCACCGGCGGGTTGACAAAACCGGGGGCCAGCCCAAGAATGGCAGTGCATGTAGAGTGCCCTGAAAGGGGTCGGCAACCGAGCAGGAAGCTGCGGTGCCCTGGACCTACGGGTTCCATGCGCAGGAGACCAACCTGAAACCCCTGGAGCGCATGATGTCGAGCAACTACCTTTTCACCTCGGAGTCCGTCTCCGAAGGCCATCCCGACAAGGTCTCCGACCAGATCTCGGACGCGGTCCTGGATGCCTGCCTCGCCCAGGACCCCAAGTCCCGGGTCGCGGCGGAGACCCTGTGCAACACGGGCCTGGTCGTCATGGCCGGCGAGATCACCACCAACGCGGTGGTGGACTACATCCAGATCGCCCGCGGCGTCCTGAAGGACATCGGCTACGACAGCACCGACTACGGCATCGACTACCGCGGCTGCGCCGTCATGGTCTGCTACGACAAGCAGTCCCAGAACATCAGCCAGGGCGTCACCGAGGGCGAAGGGCTCCACAAGGAGCAGGGCGCCGGCGACCAGGGCCTCATGTTCGGCTACGCCTGCGACGAGACCGACGCGCTCATGCCCGCTCCCATCCACTACGCGCACCGCATCATGGAGCGCCAGGCGAAGCTCCGCAAGGAGGGCCGCTTCGCGTGGCTCCGCCCCGACGCCAAGTCGCAGGTCACCCTGCGCTACGTCGACGGCCGCCCCGTGGGGGCCGAGAGCATCGTGGTCTCCACCCAGCATGCCGAGGACGTCCCCTACGAGGTGCTCCGGGACGCGGTGATCGAGGAGATCATCAAGCCCGTCATGCCCGCGGCCTGGCTCAAGGGCACCGAGTACCTCGTCAACCCCACCGGCAAGTTCGTCGTGGGCGGCCCCCAGGGCGACTGCGGCCTCACGGGCCGCAAGATCATCGTGGACACCTACGGCGGCTCCGCCCCCCACGGCGGCGGCGCCTTCTCCGGCAAGGACCCCTCGAAGGTGGACCGCTCCGCGGCCTACGCCGCGCGGTACGTGGCCAAGAACATCGTCGCCGCGGGCCTGGCCTCCCGCTGCCAGCTGCAGGTGGCCTACGCCATCGGCGTGGCCAAGCCCGTGAGCGTGATGGTCACCACCTTCGGCACGGGCGTCATTTCCGACGCCCAGCTGGAGAAGCTCGTGGCCGAGCACTTCGACCTGAGCCCCAAGGGCATCATCACCACCCTCGACCTCCTGCGCCCCATCTACCGGGACACCGCCAGCTACGGCCACTTCGGCCGGGACGGGTTCCCCTGGGAGCGCACGGACAAGGCCGAGGCCCTCGCCGCGGCGGTCAAGGGGCTGGAAGTCCGGGTCTGACGGCATTCCCCAGTCAAGCCGGGCCCCGTCGGGGCCCGGCTTTTTCGTGGGCCAGGGCCTGTCGGCAAACCCCGGCAAAGGCGTAAATGGGCTTCATCCTGCCTTTTCCCCTCAATTCATCCCTGTCCTGGCAGGGCAAGCCTGCAGGGAAACGGCGCGCAGGCCACCCGCCATCACGGACCCATCCCGGCACTTGCCCTGCTGGAACGGGGATAAATTGGATTGATGGGATGAAAGGGATTTAATCCTCTGCGCCTGTGGGTTCAGTCTTTTCGAGGTGCAAGCCGCCCGCTTATCGGATGCCGCGGATGGGCCGGGAAAGCGATCACACTCGCAGAGAAGGGTTTTCAGCCGGGTCGATTCCCAAACGTCCGCTACCCGAAGAAGGTCCGCATGCGCTCCAGCGCCTTGTCCAGCGCCTCCAGGGACGCGGCGATGGAGATGCGAAGGTACCCGGGCGCGCCGAAGGCGGTGCCGGGCAGCACCTTAACCCCGGCCTCGTCCCGGAGGCGCGCCGTGAGTTCCGGGTCCGAGGCGACGCCGTGGGCCTCCATCCATCCGGCCACGTGGGGGAAGAGGTAGATCGCCCCCTCGGGGCGGCCGCAGCGGATGCCCCGGATGGCGTTCAGGCCCTCCTGGAGCCGGTCCCGGCGGACCCGGAGGCCCTCGGCCATCTCCCGCTCGAAGGCGCCGTCCAGGCCCAGCGCGGCGATGCCGGCGTGCTGGCTGATCATGCTGGGGTGGGTGACGCTGGTGGAGCCCAGGCTGGTCATGGCGCGGATGAGGCCCAGGGGGCCGGCGGCGGCGCCCAGGCGGTAGCCGGTCATGGCGAAGCGCTTGGAGAAGCTCTCCACCAGGAGGGTGCGGTCGGCCAGGTCGGGGCAGGTGCGCAGGAAGGGGAGCTCGGGGCCGTCCAGGGTGAGGGTGCCGTACACCTGGTCCAGCACCAGCCAGAGGTCGCGCTCCAGGATGACGTCGGCCAGGTCGTGGAGGCGCGGGAGGTCCCACACCCTCCCGGTGGGGTTGGAGGGCTGGTTGAGGATGACGGCGCGGGTGCGCGGGCCCAGCGCCCGGTCCAGGGCGCCCTCCGCGGGCAGGAGGTCCGGGCCCGGCGGCACGATGACCGGAGTGCCTCCGGCCCAGGCCACCTGGTCCTTGAAGGTGGGCCAGTAGGGGGCGAAGATCAGCACCTCGTCCCCGGGCTCCAGGACGCACCGGAGGGCGTCGAGGATGGCGGGCTTGCCGCCGGCGGTGACGAGGAGGTTGTCGGCGGTGCGGGGGACCCCGTCCCGCCGGGTCAGGTCGGCGGCCAGGAGCTCGCGCAGGGCGGGCAGGCCCTGGGCGGGGCCGTAGCGGGTTCGGCCCTCCAGGGCGGCCCGGGCCGCGGCTTCGCGCACGGCCACGGGGGGCAGGCCCTCGGGCTCGCCCACCGTGAGGTCCACGGGGTCCGGGTGGAGGCAGGGCGCCGAGGCCCCGGCCATGGTGGGCGAGAGGCCGGCGCTGCCGGCGCGGGTGTTGAGGGTCACCATTTCTTCCCCTGGGAATCCACGATGGGTCGCAGACCAGCATACAGCGCCGCCATGTCCTCGCGGGTGAGGGCCTGGTCCTTGTCGCACAGGGCCTCGGAGGGGTTTGGGTGGGCCTCGACGATGAGGCCGTCGGCGCCGGCGGCCGCGGCCGCCAGGGCCAGGGGCACCACCAGCTCGCGCACGCCCGCGGCGTGGGACGGGTCCACGATGACGGGCAGGTGGGTGAGACGCTTCAGGACGGGCACCGCGGCGATGTCCAGGGTGGCCC
CP132910.1_gap112	4248874	4250048	1174	CCATCCAGGTGTCGGCGGGCCTGCCCGGCGCCAGCCCCGAGACCATGGCCTCCTCGGTGGCCACGCCCCTGGAGCGGCAGTTCGGGCGCATCGCGGGCATCACGGAGATGACCTCCAACAGCTCCCTGGGATCCACCAGCATCACCCTGCAGTTCGACCTGAACCGCAACATCGACGCGGCCGCGCGCGACGTGCAGGCCGCCATCAACGCCGCCCGGGGCCAGCTGCCCGCCAACCTCCCCAACAACCCCCGCTACCGCAAGGTCAACCCCGCGGACGCCCCGGTGATGCTCTTCGCGCTCACCTCGGACATCGTTCCGCGGCAGAACATGTACGACATCGCCTCCAAGGTCCTGCAGCAGCGCCTTTCCCAGGTGCCCGGGGTCGGCCAGGTCTTCGTGTGGGGCGGCGCCCTGCCCGCGGTGCGGGTGGAGGTGGATCCCGACGCCCTCCACGCCCGGGGCCTCGGCCTCGAGGACGTGCGCCGGGTCCTGGTGGCGGCCAACGTCAACCAGCCCAAGGGCTCGCTGACCACCGAAGGCACCACCAGCATCATCAACACCACCGACCAGCTGCTCAAGGCCAAGGACTACGGGGACCTGGTCATCGCCTTCAAGGGCGGCACCGCCCTGAGGGTGGCGGACGTGGCCAAGGTCACCGACTCCGTGGAGGACCTGCGCAACGACGGCCTCACCAACGGCAAGCCCTCGGTGAGCATGGCCGTCTTCCGGCAGCCCGGGGCCAACATCATCGACACCGTGGACGCGGTGCGGGCCCTGGAGCCCCAGCTCAAGGCCTCCCTCCCGCCCTCCGTGACCTTCGAAGAGGTGCTCGACGCCACCCAGACCATCCGGGCCTCGGTCAAGGACGTGGAACGGACCCTGCTGATTTCCATCGGGCTGGTGATCCTGGTGGTCTTCATCTTCCTGCGGGACTGGCGCTCGACGCTGATTCCCAGTGTCGCCGTGCCGGTGTCCCTGGTGGGCACCTTCGGCGTGATGTACCTGCTGGGCTACAGCGTGGACAACCTCTCCCTCATGGCGCTGACGGTCGCCACCGGCTTCGTGGTGGACGACGCCATCGTGGTCGTGGAGAACATCACCCGGCACCTGGAGGGGGGCCTGGCCCCCTACGAGGCGGCCATGGAGGGGGCGCGGGAGATCGGGTTCACCGT
CP132910.1_gap113	4343662	4347584	3922	GCCCTCAACGGGCAGTTCAACCGGACCTTCGGGTACAGCCTGGACGAGATCGGATCCCTGTCCCGGTGGCTGGAGCGCGCCTACCCCGACCCGGTGCGCCGGGAGGAGGCCCGGGCCTGGTGGGAGATCCGGTCCGCCCCGGGCGGCGGGGCGCCGCCCGTGGAGACCACCCTGGCCTGCCTGGACGGGCAGGAGCGGACGGTGCTCCTTTCGGCCACCGCCATCGGCGGGGAGTTCCTCCTCACGCTGTCCGACATCACGGAGCGGGTGAAGGCGGAGCGGGACCGCCAGGCGCTTCAGGCCGAGATGCAGCATTCCCAAAAGATGGAATCCATCGGGCGCCTCGCCGGGGGTGTGGCCCACGACTTCAACAACATGCTCGGCGTGATCGTGGCGAACGCGGAGGTGGGCCTCCTGCACACGCCGCCCGGCAAGAGCCAGGACCGCTTCGAGGAGATCAAGAAGGCAGCCATGAGGTCGGCGGACCTCACCCGCCAGCTCCTGGCCTTCGCCCGCAAGCAGGCCGTGTCGCCGTCGGTCATCGACCTCAACGAGGCCATCCCCGGCATGCTCCAGATGCTCTCGCGCCTGATCGGGGAGAACATCACCCTGGACTACACCCAGCGCGACGGCCTCTGGGCGATCCGCATGGACCCCACCCAGGTGGACCAGATCCTTGCGAACCTGGCCGTGAACGCCCGGGACGCCATCGCGGGGGTGGGCTGCATGGCCATCCGCACGGAAAACCGCGTGCTGCGGGAGGGCGATCCAATGCCCGGCCACAACGCCCGCCCCGGCGAGTACGTGGTCCTGGAGGTGAGCGACACCGGCTGCGGCATGGACGCGGAGGTCCTGGGCCACATCTTCGAGCCCTTCTTCACCACCAAGGCCATCGGGAAGGGCACGGGCCTCGGACTGGCGACGGTGTACGGGATCGTGAAGCAGAACGACGGCTTCATCGAGGTGCGCAGCGCCCCCGGCCAGGGGACCACCTTCCGGGTGCACCTGCCGCGCCACGCGGGCGCCGCGGAGAAGGCCGCCGCCCCGGGGGCGGACCGCCTGTCCGCTGGCGGCCGCGAGTGCGTCCTGGTGGTGGAGGACGAGCCCATGCATCTGGATGTCACCGTCATGCTCCTGGGCAGCCTGGGGTACCGGACCCTGGCCGCGGCCTCGCCCAGCGAGGCCCTGGCCTTCCTTCGAAATCCCAGCCTCGACATCGGCCTCCTGCTCACCGACGTGATCATGCCGGAGATGAACGGCCGGGAGCTGGCGGAGCGCGCGCGGAGGCTGCGTCCGGAACTGAAGTGCCTGCTCATGTCCGGCTACACCGCCGACGTCATGGAGCACCACGGCGTGGTGGAAGGCGACCTGAAGGTCATGGGCAAGCCCTTCACCCTGGAGGTCCTGGCCGAGCGCGTGCGGACGGCCCTGGACGCCTAGGATTTCAGAGGGTACGGATCAGTTCCCTGAGTCCGTTCCACACGATCTGAACCCCGATGGCCAGCAGCACGAAGGCCGAGATCTGGCTCACCGTGGCCGCCCCGGTGGGTCCCATCTTCCGGATCACCGCGCCGGAGAAGCGGTAGAAGATGTAGACGGCCAGCGCGGCCAGGGCGATGCCGCCGGCCACGGCGGCGTAGCGGAGCAGCACCGGCGGGTCCAGGAGGTTGCCGGCGGGCACGAGGCTGAGGGTGACGGCCATGGTGCCCGGCCCGGCGGTGACCGGCAGGGTCAGGGGGAAGAAGGCCTTGTCCTTCATGCTGACCTGGATCTCGGCCTTCTCCGACTCCGTCATCCGGGGATCCCGGTTGAGCATGTGCCAGGCGGAGTGGAAGAGCAGCAGGCCCCCGGCCACGCTGATGACGGGGATGGAGATGCCCAGGAGCTTGAGCATCCAGCCCCCGATGAAGAGCAGGGAGGTGAGGAGGGCGAAGGTGTAGATGCCGATGAGGCGGGCCAGCCGGTTCCGCTCCGGTTCCTGCACGTGACCCGTGAGCTGCAGGAACACCGGCGCCATGGCCGGCGGGTTCAGGATGGGGAACAGGGCGAGGAAGGTGAAGAACGTGAGGTACAGCGTTCCAGGCATGGGTCGTCCGGTGCGCGGAACCCCCACCGGCGCGGCCGGGGGGGTCCGGAAGTTCAGGCGGGCGCTACTTGCCGCGGTTGGAGGAGCGGGTGTGGCCCTGGACGGTGCCCTTCTCGGCGGAACGGGCGTTGGGCTTGGTGCCCTTGGGGCCCATGCCGGTGGCCTTCTTCAGGGCCGGCACATGGGATTCGGTGTGGGTCTCGGCCTTTTTGGCGGGGAGCTTGCTCAGGAGGTCGGCGGTGATGGAAGGATCGGGTTTGGACACGGCGGAACCTCGCTTTTGAAGGATCGGGTTGGGGGGCTGGAGCCCGGATTCCAGTGTAACACCCCTGTCCCGCCCCTATTTCACGCCCAGGTGCAGGGCCACGATGCCGCCCGTGAGGTCGGTCCACCCCACCTCCCGGAACCCGGCCTCCGCGAGCTCCCGGGCCAGGCTGGGCTGGTCGGGGAAGGAGCGGATGCTCTCGGGCAGGTAGGTGTAGGCTCCGGGGTCTCCGCTGATCCAGCCTCCCACCTTCGGGAGGATCCTGCGGCTGTAGAGGTCGTAGAAGGCCCGAAGCCACGCGAAGCGGGGCCGGCTGAACTCCAGGATGGTGAGCCGGCCCCCGGGCCGCAGGACCCGCCGGAACTCCCCGTAGGCCAGGGCGCGGTCCTCGACGTTGCGGATGCCGTAGCAGATGGTGATGCCGTCGAAGGTCTCCGCCCGGAAGGGCAGGTGCTGGGCGTCGGCGCCCACGGAGGCCCAGATGAGGCGTTCCCGCCCCTTCCTGCGGAACTTGCCCGGGCCCAGGCGCAGCATCTCCTGGGTGAAATCCGTGGAGATCACCTCCGCTCCGCGCCGGGCCAGGGCCAGGGAGGAGTCCCCCGTGCCCGCGGCCACGTCCAGGTAGCGCCGGCCCGGGGCGGCCCCGGAGGCCCTGGCCATGCGGCGCCACCAGTAGAAATCCGTGCCGAGGGAGAGAACATGATTGAGCAGGTCATATTTGCCGGCTATGCCGGAGAACATGGCCTGGACTTTACTTCCCTCTGGCATGCGTGTCACCTCCATCACATGATCCACGGTCCGGGACCCTTGTGTCAGCCCATCCGGTTAAACTGTGAACTTCACAAGTCCGGGTTATGCCCATCCCCCCCTTGGAGGATTCATGGAAGTCAGTGCCAGCGAGAAGCTCTTCGGAGGCAGTTTCCTCCTTTCGGCCATCGGTTCCCAGCCCCAGTTCACCCCCGAGGAGCTGAGCGACGAGACCAAGGCCATCGGGGAAGCCGCCCGGGACTTCATGGAAGGGGAGGTCCTGCCCCAGGACGCGGCCCTGGACCAGGTGGACCTGGAGCTGAGCCGGGACCTGCTCCGCAAGGCCGGCGAGCTGGGCCTGCTGAGCCTGGAGATCCCCGAAGCCTACGACGGCATGGACCTGGACAAGAAGACCGGCCTGGTGCTCCTGGAGGAGGTCGGCAAGCAGGCTTCCTTCTCCGTGAGCTACGGCGCCCACACCGGCATCGGCACCCTGCCCATCGTCTACTTCGGGTCCCCTGAGCAGAAGGCCAAGTACCTCCCGCTCCTGGCCTCCGGCGAGAAGCTGGCCGCCTACGCCCTCACCGAGGCCGGCTCGGGCTCGGACGCCATGAACGCCAAGACCACCGCCGTCCTGGACGGCGACCACTGGGTGCTCAACGGCGGCAAGATGTGGATCACCAACGCCGGTTTCGCCGACGTCTTCGTGGTCTTCGCCAAGGTCGACGGCCGCAAGTTCAGCGCGTTCATCGTCGAGAAGGAGGACCCCGGGTTCTCCACCGGCCTCGAGGAGCACAAGCTGGGCATCAAGGGCTCCTCCACCC
CP132910.1_gap114	4411111	4413439	2328	CCGGTCCAGGCCCGGCTGCTGGAGGCGAGGCGCCAGGTGGAATCGGTGAGGAGCCATTACAAGGTCACGACGGCGCTGCAGGACCGGAGCCACGCCGAACAGCTCCGGAGGCTCGAGGGGCGCATGGCCATGCTGAAGGAGCAGAGCCGGAGCCAGCGCCAGTCCCTCGCCATCATGGAACTGAACCTCCAGCGCAGCCTGAACCTGGAACGGGAAGGCGTCCTGAGCCCCGCCAAGGTGGACGAGGCCCGGGAGGCCCTGGCCCAGTCCCAGCGCCAGCTCAGCCAGTCCGGCCAGGCCCTGGAGATGGCGTCGCAGGAATGGGCCGCGCTGGAGAACGGTCGCCAGGACAGCCTCTGGCAGCGCCGCCAGACCATCCAGGGCGCGGAGGTCCGGGCCGAGGCGCTGGCCTTCCTGGCCGGCCAGACCCTCATCCAGGCGCCCGAAGGCGGAAGGGTGGAGGCGATGCTGGTCAAACCCGGCGAAGCGGTCAGGGCGGGCCAGGCGTTGTGCAAGCTCATTCCCCGGAACGCCTCCCTGGAGGTGGTCGCCTTTCTGGAAGAGAAGGACCGCGCCTTCGTGCGCCCGGGCGATGCCGTCCGGCTGGAACTGGATCAGCTGCCCTACGCCGAATACGGGACCGTCGCGGCCCGGGTCGAGCGCATCAGCGATGATCTGGCCTCGGCCTTCGAGATCCGCGAGGCCCTGGGCGACAACCCGTTTCCCCATGTCCCGGCCTTCCGGGTGGAGCTGGGCCTCACCGACACCCGGGCCGTGCAGAAGGCCGGGATCCCCCTGCGCTCCGGCATGCTGTTGAACGTCCGGTTCACCTTGAGGCGCCAGCGCCTGATCACCCTGGTGCTGGATCCGCTTCGCAAGTGGCTGCGCTGATGGCGTGGAACGGGTGGCGCCGGAGGCGGGTGGACCAGATCGCCCAGATGGAGTCCACCGAATGCGGAGCCGCCGCCCTGGCCATGATCCTGGCCTACCATGGCCACCACGCGCCGCTGGCCGAGGTCCGCCAGGCCTGCGGCATTTCCCGGGACGGGGCCAGCGCGCTGGCGATCGTCAAGGCGGCCCGGACCTATGGGCTGCAGGCGCAGGGCGTGGCCCTGGAACTGGAGCAGCTGCCCGACCTGGCGCTGCCCGCCATCCTCCACTGGGACTTCGACCACTTCGTGGTGGTGGAACGGGTGGACAGGACCGGCGCCACCCTGGTGGATCCGGCTTCCGGGCGGCGGCGGGCGGACCTGCGCGAGCTGGGGCGCAGCTTCACCGGCGCCGCGCTGGCGTTCGCGCCCACGCAGGCCCTGGTCCCGAGGCCCCGGGTCAGGCCCAGCCTGGCCAAGTACCGGGACGTCTTCCGCCGCAACCTGCCCGGTCTGGTCCAGATCCTTCTCGCCACCCTGGCGCTGCAGGTCGTCGGCCTGGCCTTTCCCGTGGCCAATCAGCTGCTGCTGGACCGCGTCGTCGGGCCCAGGCAGGAACCCTGGCTGTGGGGCCTGGGCCTCGGCCTGGGCTCGGCGGCGGTCACCACGGTCGTCCTGGGGCTGGTGCGCAGCTGGGTGGTCCTGAACCTCCAGACGGAATTGAACCTGGCGCTCATGAGCCGGTTTCTCGGCCACCTGCTGAAGCTGCCGCTGGGCTTCTTCCTGCAGCGCGATCCGGGCGATCTGGTCCAGCGGGCCAGGAGCAATGCCGATCTGCAGGACCTGTTGAGCACCCGGGCCGTCAATGCCCTGCTGGACGGGGTCCTGCTGGTGGGGTTCGCGGCGTTGATGATCGCCTACCACCCCAGGCTGGCGGGGCTGGTCATCGCCATCAGCCTGCTGGACGCCGCCGTGATGGGGGTGCTCTGGGACCGCAATCGCCAGCTGCTGGCTTCCGGGCTGGCGGCGGAGGGGCGCGAGGGCGCGGCCATGCTCGAGGCCCTGTCCGGCCTGGAGGCCACCAAGGCCGGCGGGGCGGAAGGGCGCATGGTGAACCGCTGGGCCCACCGAATGACCGAACGCGTCAACCAGGGGCTGGAAGCCCAGCGCCTGGCCCGGATTTCGGGCCTGTTCCTGGGCCTGTTCCAGGGCGTCGCCGGCCTGCTGGTGTTCGCGGTGGGGGGCCAGGAGGTCCTGGCCCAGCGCATGACCCTCGGCACCTTCGTGGCCTTCCTGACGCTCCAGGGCCTGTTCCTGGGGCCCATGGGCTCCCTCCTGGGCGCCGTCCTCCGGCTCCAGTCCCTGGGCACCCACCTGAGGCGCCTGGACGACGTGCTTGAAACGCCCGCTGAACCCGCCGGGACCGGGGATCCAGGCCGGCTCAAGGGCGCCGTCGAGC
CP132910.1_gap115	4458744	4461976	3232	GGTGGACGTGCTCATGTGCTCGGTGAACCTCTGCGACCAGGTCAACCTGGAAGGGGCGGTTCCCGCCGCCGCCAGGGCCGGCACGGGCGTCATCGCCAAGCGCCCCGTGGCCAACGGGGCCTGGAAGCCCGCCGAGGCCCAGCAGGGCATCTACCGGGACTACGTGAAGCCCTACGCGGAGCGGTTCGCAGCCATGGCGCTGGACCCGCGGGAGCTGGGCTTCGAGGGGGAGGACCCCTGGATGGAGATCGCCCTGCGCTTCACCCTGGCCCAGCCCGGGGTCGACGTCGTCTCCATCGGCACCACCCGCCCGGCCAACGCCGAGGCCAATCTCCGCCTCCTGGAGAAGGGCCCGCTGGACCCGGCCGCGGCGGAGCGCATCCGCGCCGCGTTCCGGAAGGCCCGGGGCCGCGCCTCCACGCCCTGGCCGGGCCTGACCTGATAAGGCCGCCCTGGAACGGAGACCGACCACGTGGACCTCCGGCAGCTGCATGCCATGGCCACGCCCCCCAGAACCCCTAGATCCAGCGCCTCACGCGCCGGGTGTAGCCGGTGTAGACCTCCCCGAAGATCCTCTGGAGCCGCGCCTCCTCGCCGGGAATGATCAGCCGGTCCAGGAGCCCCGCCAGCACCGGCACCAGGACAAGCACCCACAGGGAATCCAGCAGGAGGGCGAAGCCCGTGAGCAGGATCACCAGGCTCAAATACATCGGGTTGCGGGTGAAGCGGTAGGGACCGTCCTCCACCATGGCGGTGGGGGTCCCGTGGGGTTCGGGCGTCGTGCGGTGGCGGCGGAAGGTGAGCAGGGCCCAGGCGGCCAGGACCAGGGGCAGGACCAGGAGCAGGATCGTGAGCGGAGTCCGGAAAGGGAAGGGGCCCAGGTTCAGGGGGTGGAACCTCCCGGCAGCCCAGCCAGCCAACAGGCATGTGGAGAAGAGGATCGGCGGCAGCGGCGGTCTCATGGCGGTCCCCCTTGAAGGTTCGACAGTCTAACGGAGGAAGGGCCACCACCGGGAACTTCCCGGCGGCGGCCCTTCCCGCGATGTTCGCTGGCTTATTCCTGGACCGGGGCGGTGTCCTGCCCCTCTTCCGGAACCTGGGCCTCGCCTTCGGCGGGGGCCAGATCCTTTTGCAGCTTCTTGGCACGCTTCTCTTCCTGCTTGCGCTGCCTGTCCAGGTCCTTGAGCCGCTTGTCGCGCTGGTAGTTCACTCTGGCCATGGGGACTCCTGAAAAAAACAGGCCCGCCACCTGTAGCAGGGGCGGGCCGGAACCGGATTACGCCGGACTAGAGCTTGGTGACGTTGATCGCCTGGGGGCCCTTCTGGCCCTGTCCGCTCTCGAAGCTCACGCGCTGGTTCTCGTCCAGCGTCTTGAAGCCCGAACCCTGGATGGCGGTGTGATGGACGAACAGGTCAGCGCCACCACCATCGGGGGTGATGAAGCCGAAACCCTTTTCAGCGTTGAACCACTTAACAGTACCTTGAGCCATTGGAGATCCTGAAGTTGTCTCGAATTTAAGCGCTGTGTGCGAGTCGAGACAGTGGCCGGCCCAGCGTAGATTACCCACGACGTATGGATTCTCTAGGATCATCATGACGTACTTCCACCGCGAAACCAGAAATTCGTACCGGATTTTGCAATTATTTTTAACCACTACATCTGAAGAAGGTTAGATGTCCCTGGTTTTTTGCGGGGATATCCGGATGCGGGGGACTATCCTTCCAGCAAAGGAAGCCCCCATGACCGATCTCCGGGAAATCTCCCTTCCAAGGCCCACCGTGCCCGCCTGGAACCTCAAGCGCGTGGAGCACTACGCGCTGATCATGCTGAACAGCATGGCGGCCGGCGGCAGCTCGGGCCTCAGCGACGGCGACATCGACTTCGCCATCGACGTGGCCGAGCGCCTGGCCCGCAAGCTTGCCGAACGCGGACACATCCAGGAACACGAATAGGCTTCAGAAGCCCCAGGCGACGATCCGGCTGCGCTTCTGCCCCTGGCTCATCTCCACGACCCGCACCCGGCCCGCCCCGGCCCGGCGCAGGGCGGCCTGCACCGGGGGGAGGCTGGCGGACTTGGACAGGAGGCTGGTGAACCAGCGGCAGCAGTCCGGCCGCTCGGCGCTCTCCTCCACCATCCGGCCCACGAAGGCCACCTCCCCGCCCTCGCACCAGAGCTCGGCGCCCTGGCCCCCGAAGTTCAGCACCGGCGCGGAGGACCGTCCCAGGTTGCGCCACTTGCGCTGGGTCCCCTCCCTTGCCTCGGCCGGGGAGCCGTGGAAGGGCGGATTGCACATGCAGGCCTCGAACGTCTCGCCCGGCAGCACGACCCCGGCCAGGATCCGCCGCGGGTCCTTCTGGAGGCGGAGCTCGATCGCGTCCTCCAGGCCCGGGTTGGCCGCGAGGATGGCGCGGGCGCTGGCCAGGGCCGCGGGGTCGATGTCCGTGCCCAGGAAGGTCCAGCCGTACTCCCGGTGGCCCACCAGGGGATAGATGGCGTTGGCCCCAACCCCCACGTCCAGGATCCGGACCCCGGGACCCCGGGGGGGGGACCCGCCCGTGGCCAGGAGGTCGGCCAGGTGGTGCAGGTAGTCGGCCCGCCCCGGGACGGGGGGGCACAGGAAGCCTCCGGGTAGATCCCAGCCCCGGATCCCGTAGGCCGAAGCCAGGAGGGCCCGGTTCAGGGTGCGCACGGCCGCGGGGTCCGCGAAGTCGATGGTGGGTTCCCCCAGGGGATTGGGCCGGAGGAAGGGGGACAGCTCCGGGCAGGCCTCCACCAGGGCCGGGATGTCGTAGCGTTCACGGTGGCGGTTTCGGGGATGGAGCCCCGGTTTGGCACCGGTTCCAGGGACGGTCTTTCGAATCATGGGCGGGGTCTCGAGGTGGGCGGTCCGGAGGGACCCTGGTGGGGGATCACCTCCGCCCAACCTTAACCAGATAAATGGGCTGGTTGGGAATTCCCTGCATCGGGCATGTTGCAAGGGACCGAAGTTCGGATAAACTGTGAACGAGATAATACCAGCAGTTCATATGCAAGTTGGCCCGTCAATCACCCGCCCTGCTGAGGGGATCACGAATGGCTTTGGACACGACCTCTGTTGCTCCGAAGATCCGCGAGTACATCGCGAGAAACTTCCTCTTCAGCGACCAGGGCTACGGCTACGGCGACGAGTCCTCCTTCCTCGAGGAGGGGATCATCGATTCCCTGGGGATCATCGAACTGGTCTCCTTCGT
CP132910.1_gap116	4464935	4468110	3175	CACCACTTCCCGGGCCAAGCGCTTCTTCAGCGCCGGCTTCCTGGAGCGTGCGGGAGGGACACGCGGCCCCGCCTACCCGGACGGCTTCGACGGGTGGGACCCGCTCCACCAGGCCCAGTACCTGGAGATATCCATCTTCCTGTCCCAGTACCTCCTGTCGTCCCAGAGCGACCGCATGGCCATGGGCCATTCCGTCGAGGGGCGGTTCCCGTTCCTCGACTACCGCATGGTGGAGTTCTGCAACCGCCTCCCCCCCGCCCTCAAGCTCCAGGGGCTGACCGAGAAGTTCCTGCTCAAGGAGGTGAGCCGCGAGTGGCTGCCCCCGGAGATCACGGACCGGCCCAAGCAGCCCTTCCGGGCCCCCATCCAGCGGGCCTTTTTCGGCGATTCGGCGCCGGACTACATGGAGGAGCTCCTCTCCCCCGCCGCCGTCGCCGATACGGGGTACTTCAACCCGCGGGCCGTGGAGCACCTGGTCACCAAGCTCAAGCAGGGCCACGCCCACAGCGAGACCGACGACATGGCCCTGGCCGGCATCATCTCCACCCAGCTTCTTCACCGCCAGTTCCTTTCGGGCTTCAAGCCCTCCCCCCCCCTGGACGCCTCCGACGACGTCAAGCTCGTCGCCGGGCCCGGGGCATCGCAGCAGGACTGACCATGGCAATGAACAGGCACATCCTCGACATCGATCCCGCCGCGGAGACGGACCGCATCGTGACGTGGCTCAGGGAGAACATGCGGGGCCTCCACAAGACCGGCGCCGTCATGGGGATCAGCGGCGGCATCGACTCCTCCGTTTGCCTTGCGCTCTGCGTCAAGGCCTTCGGCCCCGAGCGCGTGGTGCCCCTCATCCTTCCCGAGAAGGACTCGGAGCCGGCGTCGGAGGACCTGGCCCGCATGCTGGCGGCCCACTACGGCCTCACCCCCATCAAGGAGGTCATCACCCCCGCCCTGGACGGCTTCGACTGCTACGGGCGCCGCGACGAGGCGATCGCGCGGGTGTTCCCAGAGTTCGACGCCCGCAAGGGCTACCTGGCCAAGATCGTGCTTCCGCCGGGCCTGCTGGACAACGGCACCCTGAACGTCTATTCCCTCACCATCATCACCCCGGACGGCATCGAGAAGACGGCGCGCCTTGGCCCGGCGGAGTTCGCCCAGATCGTGGCCGCATCCAACTTCAAGCAGCGCACCCGCACCGCCATGCTCTACTACCACGCCGAACTGCGGAACCACGCGGTGGTGGGCACGCCCAACAAGAACGAGCACGACCAGGGGTTCTTCGTGAAGTTCGGCGACGGGGGCGTGGACCTCAAGCCCATCGTGCACCTCTACAAGACCCAGGTGTACCAGCTGGCGGCCCACCTGGACGTGCCGCGCATCATCCAGGAGCGCACCCCCACCTCGGACACCTACAGCGCCCCCGCCACCCAGGAGGAGTTCTTCTTCCGCATGCCCTTCGCCACCATGGACCTGCTCTGGTACGCCCAGGAGAACGGCATCAGCCTGGAGGAGACCGCCCAGGCCCTGGACCTCTCCCCCGCGCAGGTGCGCAACGCCTTCGACGACTTCAACCGGAAGACCCGGGCCACCCACTACCTGCGCACGCCCCCTCTGGACATGGCGGGCATGGAGCGGCCCGCCCCGGCCAGGAGCTGAGGCTTCCCATGGCCTTCCCGCGGAACCTGCGCATTGCCGCCATCGGGCTGGTGGCGGGCCTCTGCGTTTCCTGCCCCGGTACCCGACCCAAGGAGACCACCATGGCCCACCCTCCGGTCCGCATCGTGCTCCTCCACCACAGCACGGGGGAGGAGATCTGGAAGGGCGGCGTGGCCGCCTTCGTGGAGGCCTGGAATGCCGAGCACGGCACCGCCTACAGCATCACCGAGCAGAACTACCCCCTCGCCAAGGGGAACCACCCCCGCCTGGGCCGGCTGCTGCCCTCGCGGGTCTTCAACCTGTTCTTCCGGGACCACTACCCGTGGGAGAACTACCCCTACGACTACTGGAACCTCTGGGTGGCCCACCGCGGCGCGGCCCGGGACCGGTCCGAGGCCAACCTGGACGACCTGGCCGGGGCCTACGACGTGATCGTGTTCAAGCACTGCTTCCCCGTGAGCTCCATCCGGGAGGACGACGGCGCCCCCTCGGCCTCGTCCCGGAAGAAGACCCTGGCCAACTACAAGCTCCAGTACGAGGCGCTCAAGGCCCGAATGCGCGAGTACCCGGGCAAGACCTTCATCGTCTGGACCGGCGCGGCCCTCACCGAGGCCGCCACCCGCCCGGAGGACGCCGAGCGCGCGCGCCAGTTCGCCGCCTGGGTGAAGGACACCTGGGACGAGAAGGGCGACAACATCTTCGTGTGGGACTTCCGGGACCTGGAGACCGACGGCGGCCTGTACCTGAAGCCCGGCCGTTCCGTCACGGCGGGGGATTCGCATCCGTCGGCCGAATTCGCCAGAAGGGCCGCGCCCCTCCTGGGCAAACGAATCGTGGACGTCATCGAGGGCCGGGGCGACGACTCGAGCCTCACGGGCCTCTGAGGAGGAAACATGTCTGACGTGGATCTGGACGGGCTCAAGGCGAAGGTGGAAGCGCTCCTGGTCCCGGTCGCGGGGAGCGAGGCCGGCGCGGAGGCCGCGCGGATCATCGCCGCCGCCCGCGGCATGGCTCCGGCGGACGCCGAGGCCCAGGTGCTGGCCTGGTCCGGGAAGCGCGCGGAAGGCGCGCCCCTGGGCCTGGTGCTCGGCAGGCAGCCCTTCCTCGGGGTCGAACTGCTCACGGGCAGCGACGTCCTGGCCGCCCGGGAGGAGACGGAGATCCTGGGGCGCGAGGTCCTGGCCGCGCTCGAGGCGGCCGGGGAGGGCGGGCTCCGCATGATCGACATGGGCTGCGGCTCGGGAAACCTGGGCTGCGCGGTGGCCGTGCTCCAGCCCCGGGTGCGGGTCTGGGCCTCCGACCTCACCGAGAGCTGCGCGGCCCTCACCCGCGAGAACGTCGGCCTGCACGGCCTGGAGGACCGCGTCCAGGTGTCGCGGGGGGACCTCTTCGAGCCTCTCAAGGGCCGGGGCCTGGAGGGCACCATGGACGTGGTAGCCATGAACCCGCCCTACATCCCTTCCACGTCCCTGGAGAAGACGCACGCCGGCCTCCTGCGCCACGAGCCCCGGGAGGCCTT
CP132910.1_gap117	4486655	4488421	1766	GGTGTAGGACCGCAGGAAGTTGCGGGCCAGGAGCCTCGCGGCGTCCTTCTCCTGGAGGGGGACGGCGTCCTCCAGGTCGATCATGACGACGTCGGCCTCGAAGACCGGGATGTTCTGCAGCATCCCGGGCATGTTGCCGGGGACGTACAGCAGGGAACGGCGGAGCTTCATGGATCCCCTACCTTTCTTCGAAGAAGAGGGTGTCGACGCCGCTCGAGGTGGAGTGGTAGCGCTCGATGCCCGTCACCAGGTACTCGGCCAGGACGATTTCGCAGGTGGCGAACACCTCGGCGTCCACCAGCTGGCCCCCCACCACCTCGCCGCCGGCCTTGGAGGCCAGGATGTAGAACTGGGCGCCCAGCTTCTTGCCGGCGCCCGGGGCGATGTTGCCCGAGAGCCCCAGCATCTCCAGGGGGCCTTCCACCCGGTGCTTGCGGGTGCGGGGTTCGGTCAGGGGCAGGTGGGCCCCGGTCTGGATGTCCCTGAACTCCACGTCACGCACCGAACCGATGGCCGAGACCATGGACGCGAAGGTGATGTTCTGGGAACTGCAGAACTCCAGGAGGGTGGGGACGATGCGCGCACCCGGCTGGATCTTGATGATGAAGCGCCGGCCTGTGACGCACTCGCGGGACCATACCTTGTCCATGACTACTCCTGGGAAGCTCTGTGAATGGCGGTTTCCACCCGGGCGGCGATGGCGTAGTCCAGGGCGCCGCGGTCCGAGACGCGGACGTGGCCGGCGGCCACGCCCAGCTCCTGCAGGGTCGCCTCGATGCGGGCCCGGATCAGGTGCTCGAACTGCTTCTTCACGGTGGATTCGATGTCGATCTGGAGGGTTTCGGCGGGCTCGACCACGACCATGAGGTCGCTGGACTGCATGGTGCCCGCGGTGGACTTGCGTCGGATCTGCATGGACTAGGCTCCCTGGAGGCGCCCGGCGATGGGCCGGGCTTCGTCGGATCGGAGGAACTGGAGGGTGGAAGGGGGCACCAGGGACGCCAGGGTCCCGAAGTCCCCGGCGGCGAAGGCGGCGCGCACCCGGGTCGCGCTGACCGGGGCGCCGGCGGCCTCGAGGCGGGCCACTTCCGTGACGGCGACGCCGGCGGGGGGCAGGATCTCGGCCATGGCGGCGTTGTAGGCCCGGGTCGCGGGGCAGAGGGGCTCGGTCCCGGCGAAGCGGCGGACGACGTGGAAAGCCGGGGCGATGCGCCGGGCGAAGAGATCCAGGTCCAGGCGCATCTGGGCCTGGGCGGCCTCGTCCTCGCGCTTGAGGAAGTAGGCGGGGAAGGTCCCGGCGGACACCGCGTAGCGGGAGGTCTCCAGGACGGTGACGTTGGGCAGGTGGGCCGTGGCCTCCCGGGCCAGGCGCAGGCGCGCCGCGAAGGGGAAGACGGAGCAGTCCTCGCTCACCACGAAGAGGAGGAGCCGGTCCACCTCCTTCGCGGCCCGTTCCGCCAGGTGGAGGTGGCCCAGGGTGAAGGGGTTGCCGTTGAGGACGATGGCGCCGTTGCGGCCCGGCGCGGCGGGATGGGAGGCCAGGTAGGCCTCCAGGCCCGGCCCGTGCTCCAGGAGCGCCGCCGTGCCGTGGGTGGCCAGGAGCCGGAAGTTCAGGGCCTCGAAGGTCCCGGTGTTCTGGGGCCGGGTGAAGAGGAAGAGGGTCCCGTGGCCCGCCTCCATGCCCGAGAGGACGAGCCGGGTCACCAGGGCGCCCAGGGTGTCCGTGCCCTGGAACTCGGGAGCTATGGCCAGCATCTTGAGGACAT
CP132910.1_gap118	4495560	4496364	804	TCCCCGAGAAGGTGGAGTCCTACAGCGTCAACGAAGGCATGTGGGGCACGAGCATCGGCGGCAAGGAGACCCTGGACCCCTGGCAGAACCTGCCCGAGGCCGCCTATCCCGGCGGCGAGGTGGACCCGCTCACCCCGGCCCGCACCCTGGTCCTGGGGTTCTCCAACGGCGTCCCCGTTTCGCTGGACGGCGCGGAACGGGGCCCCGTCGGCGTGATCCAGGCCCTCAACGAGGTGGGGAGCACCTACGGCATCGGCCGCGGCATCCACCTGGGCGACACCATCCTGGGCATCAAGGGCCGCGTGGCCTTCGAGGCCCCCGGCGCCCACCTGGTCATCACCGCCCACCGGGAGCTGGAGAAGCTCGTCCTCACCGGCAAGCAGCTCTTCTGGAAGGAGTCCCTGGGCAACCTCTACGGCAGCCTCCTGCACGAGGGGCACTTCTTCGACCCCATCTGCCGGGACCTGGAGGCCTTCCTGGCCTCCACCCAGGACGCGGTCACCGGCGACGTGCGCCTGGAGCTGCGCCCCCGGGCCTTCGCCGTCCAGGGCGTCAAGTCCCCGCGCAGCCTCGTGCGCCCGGACATGGCCAGCTACGGCGAGAGCACCCGCCTCTGGACGGGCGCCGAGGCCGCGGGCTTCGCGCACATCTTCGGCGTGCCCCAGATGATCGCCCTCAAGGCCAAGGGATGAAGGGAGCTTCGATGCGCATCCACCTGGACAAGATCGCCTCGGTGACGAGGAACCTGGGCCTGGGCCGCTGGGTCACCCTGGGCGAGGCCGTCGAGGCCCGGGAGGGCTCGGT
CP132910.1_gap119	4502343	4504550	2207	CCTGTGCACCGTGTTCCGCAGCAGCGACGCCGAGGCCGACCAGATGCGCCTTAGGGCGCTGAACGCCTGCCAGGCCCGGTTCGCGCCGGACGTGGTGCTGCCAAGGTTCCGGAAATGGGTGACGGGCTAGAATTCCTGGTGCTCAGTCCGGTGGATGATCTCGTTCTGCAGTTCCCGTGACAGGTCGCAGAAGTAGTCCGAGTATCCCGCCACCCGCACGATGAGGTCCCGGTGGCCGCCCGGGTCGGCCTGGGCCTCCTTCAGGGTGGCGGCGGTGACCACGTTGAACTGGACGTGGTGGCCGTCCATCTTGAAGTAGCCGCGCACCAGATGGAGGAGGCGGTCGATGCCGTCCTCCCCGGCCAGGAGGCCCGGCGTGAACTTCATGTTGAGGAGGGTGCCGCCGGTCTTCACGTGGTCCATCTTCCCGGCGGAGCGCAGGACGGCGGTGGGGCCGGACCGGTCCGCGCCCTGCACGGGGGAGATGCCCTCGGAGACGGGCTTCCCGGCCTTCCTGCCGTCGGCCGACGCCTGGCACACCTGGCCGAAGTACACGTGGCAGGTGGTGGGCAGCATCTCCAGGCGGTAGGCGCCGCCCTTGCCGTTGGGGCGGCCGTCCACGGCGTGGAAGAGGAACCGGAAGACCCGCACCATGACGTCGTCCGCCGCCGGGTCGTCGTTGCCGTACTTCGGGGCCTTGTGGAGGAGGCGCTGGCGCAGGACCTCGCTGCCGGCGAAATCCGCGTCCAGGGCCGCGACGAGTTCCGGCAGCGCGGACGGGCCCAGGGCCTTGATGGCGGCAAGGCTGTCGGTGACGGTGCCGATGCCCACGGCCTGGATGAAGGTGTTGTTGTACCGGGCGCCGCCCGCGTTGTAGTCCTGGCCCCGCTTGATGCAGTCGTCGGTGAGCACGGACAGGAAGGGCGCGGGCATGCGCGTGGCGTAGAGGCGCTCGATGAGCTGGTTGCCGCGGATCTTGATGTCCAGGAAATGGCGGGTCTGGGCCTCGAAGGCGGCCATGGCCTCCTCGAAGGTGGCGGGCGTTCCCGTGCGCGGCCCCAGGGGCTTTCCGGTGCGGGCGTCCACGCCGTCGTGGAGGGCCAGCTCGAGCATCTTGGGCAGGTTGAAGTAGCCGGTGAGGATGTAGGCCTCCTTGCCGAAGGCGCCCACCTCCACGCACCCGGAGCACCCGCCCTCCCGGGCGTCCTCCAGGGACTTGCCCTGGCGCAGCTGCTCCTCCACCACCGCGTCCGCGTTGAACAGCGAAGGGAATCCGTAGCCGTTGCGGATCACCCGCAGCGCGCGCCTGAGCACGGCGTCGGGGGTCTTGCGGGAGACCTGCACGTTGCTGCTGGGCTGGAGGAGGTGCATCTCCTCGACGATCTCCAGCAGGAGCTCCGTGAGCTCGTTGCTGCCGTCGCTGCCGTCCGGCAGGAGCCCGGCAAGGTTCAGGTTGGCGAAATCGGTGTAGGTGCCGCTCTCGGCCGCCGTGACGCCCACCTTGGGGGGCGCGGTGTGGTTGTTGAACTTCACGAAGAAGCACTCCAGCAGCTCCCGCGCCGCCTCCCGGGTGAGGGTGGCGTCCTTCAGTCCGGCCCGGTAGAAGGGCAGGAGGTGCTGGTCCAGGTGCCCGGGGCTGAAGGCGTCCCAGCCGTTGAGCTCGGTGATGACGCCCTGGTGGCAGAACCAGTAGTACTGCAGCGCCTCCTGGAAATCCCGCGGCGCCTGGGCCGGCACCCGCCGGCACACCGCGGCGATGCGCAGCAGCTCCTCCCGTCGAGCCGGGCCGCACGCCAGGGCCTGGCGTTCCGCTTCCTGCGCGTGACGCTCCGCAAGGAGGATCAGGGCGTCGCAGGAGATGCGCATGGCCTCCAGCTCGGCGCGCTTGTCGCCGGCCTCGGGGTCCCTTTCGAAATCCAGGGCCGCGTCGCTGCGCCGGATGTCCTCCTGGAAATCCCGCAGGCCCCGGGTGTAGATCTTGCCGTCCAGGACGGTGTGCCCCGGCGCCCGCTGCTCCATGAACTCCGTGAAGACCCCCGCGTCGTAGGCCTCGAGCCACTCCGGCGGCAGCAGGGCCCAGATCTGGTCCCGCAGGCTCCGGTCCCGCCAGTAGGGGATGACGTCCCGCTCGTAGGCCTCGACCATGGCCGCGTCCACGCGGTAGCGGGTCATGGGCCGGGAGTCCAGGATTCGCAGGTCCTCCACGG
CP132910.1_gap120	4527406	4529595	2189	ATCGGCACCTCGGGCCAGCGCTGCACCTCCACCCGGCGCGTGATCGTCCACGAGTCCATCTACGACGGGTTCGTGGCCAGGCTCAAGGACATGTACGCCAAGACCCGCATCGGCGACCCGAGGGACGCCAACAACCTCATGGGCCCCCTGGTGGACGGCGGCGCGGTGGCCACCATGCTGGAGGCCATCGGGACCATCAAGGCCCAGGGCGGCACCATCCTGGCCGGCGGCGAGCGCCTGCCCCTCCCCGGCGGGTGCTACATCACCCCCTGCCTCGCCGAGGTGCCCGCGGAACTGCCCATGACCCGGGAGGAGACCTTCGCCCCGGTGCTCTACCTCACCCGGTACTCGACCATCGAGGAGGCCATCGCCATCCAGAACGACGTCCCCCAGGGCCTGTCCAGCGCCATCATCACCAACGACATGCGGGAGTCCGAGCTCTTCCTGTCCGCCGCCGGCAGCGACTGCGGCATCGCCAACGTGAACACCGGCACCAGCGGCGCCGAGATCGGGGGCGCCTTCGGCGGGGAGAAGGAGACCGGCGGTGGGCGCGAAAGCGGCTCCGACGCGTGGAAGGCCTACATGCGCAGGCAGACGAGCGCGATCAACTTCAGCGGGAAGGTCGAGTTGGCCCAGGGCATCACCCTCGAACTCTGAATCCCTGGTGAGTGACGAAGGTTCGGGCGTATCATTGGGTTATTCAATTCTCCCCTGAGCCCCATGCGAATCCTGATTGTCGATGATGAGCCCATCCTCCTCCTGGCCCTCCAGCGCTCCTTCAGGCTGGAGCAGCCGGAGTGGGAAGTGGTCATGGCCCGGTCGGCTTCGGAGGCCCTCGAGCAGCTGAGGCTCCAGGCCTTCGACGTGCTGGTCACGGATATCCGCATGCCGGGCATGGACGGGATGGCCCTGCTGGGCGAGGTGCGGGCCGACCCCCTCCTGACGGACACGACGGTGATCTTCATGACCTCCCTGGACGACCGGGAGAGCATGCGGGCAGGAATGATTGCCGGGGCCGATGACTACCTCACCAAGCCCTTCACGCCGTCCGAGCTTTTGGCGGCCATCGGCGGGCGGCTCCGCCGGAAGGAGATGGTTCCCCTCCTGACGCGGGAGGCCCAGGTTTCCCGGGAGCAGCTGGCGGGGCTCCTGACCGAGCGCGAGACCGAGGTGCTCGTCAACATCGGCCGCGGCCTGGTCACCAAGGAGATCGCCGCCGAGCTGGGCATCAGCCCCCGCACCGTGGATGTCCACCGCACCAACCTGATGCGCAAGCTGGACCTGCACAACGCCACCGCCCTGGCGCGGCTCGCGATCAAGGCCCAGCTGGTGTAGGTAATCTACCCTATGGTCATCATTCGGCCGTGGGCGTAGGTTTTCTCCAGGGACGGGACCCGAAGGGTCCGGAACCCGGAGGCACATGGCCGAGCAGGAACGAACGACCCCCCCGGACACCAGCGAGGCCGACTCCCAGCTGGGGGAGTTCCTCCACGAGATGAACACGCCCATCCAGTACCTGGCCCTCAATCTGAGCTTCCTTCAACACGGGTGCCGCCGGCTCTCCCGGATCCTGGAGGCCCACCATGCGGCCATGGGGGCCTATCCCCGGGAGGTCGCCGAGCACCTGCTCCGGGTGGAGGGCGAACTGGACCTGCCCTTCCTGCATGACGAGCTCCCGAAGGTCCTGGCCGAGTCCATGGAGGGCCTGGCCACGGTCTCCCGCATCCTTGCGGCCATGCACCACGCGAATGCCGAAAAAGGGGAATCCCATGCCAGCTAGGGTCCTGTTCGTGGACGACAACCTTCTCCACCTGAAGGCCATGGAAAGGACCTTCCGGGACCTGTACGAGGTGACCGTGGCCGGGTCCGGCCACGAGGCCCTGGACCTCATCATGGATTCCCCCCCCTTCGCGGCCATCGTCTGCGACATGCGGATGCCCGGGATGGACGGCGTCGAGCTTCTGCAGGAGGTCCAGTCCCTGTCCCCCGACTCCACCCGGATCATGCTCACGGGCCAGGAGGACCAGCTGACCGCCGTGGAGGCCCTGAACAGCGGCAACGTCTTCCGCTTCCTCACCAAGCCCTGCGACAACCGGGCCGTGGCCGCGGTGCTGGAGGCCGGCGTGCGCCAGTACGACCTGCTCTGCTCCAGCCGGGTCCTCCTCGAGGAGACCCTCGCCGGCAGCGTG
CP132910.1_gap121	4574851	4578091	3240	AGGAAGGCCGGCGGCGCCTGGACGGAGGAGGGCCTGGTCCCGGGCACGCAGGAGGACATCTTCGCCATGGCGGAGCCCGAGCCGGGCGTCGTCTGGGCCTCGAGCCGGTCCCGGGGGCTGCTCCGGATGACGTTCCCGCCCGGCGGGGGCCCCCCGGCACTGGCCCGGTTCGGCACCGCCCAGGGGCTTCCGGTGGACCGGTTCCTCTGGCTTTCGGACGTGGGGGGACGGCTCCTGGTGGGCACCTCCGCGGGCGTCTTCGCCCTCGACGGGGCCCAGGCGCGGTTCGTGCCGGAACCCGCCCTGGGCGCCCTCTTCCCCGAAGGGCCCCGTTCCGTCGAATTCCTGCGCCCCGGACCCGGCGGCCGCATCTGGATGCAGACCACGGACCGGGAGCGCAACGTCAAGGAGGCCGGCGCCGCCGTTCCGGACGGCCGCGGCGGCTACTCCTGGGAGGCGGCCCCCTTCCGGCGCTTCGCGGGGACCGACCTGGCCGAGATCCACCCCGGCGCCGACGGCGTGGTGTGGTTCTCGGGGCCCGACGGCCTCCTCCGGTACGACCCCGGCGTGGCCACCGGTTCCCGTGAGGGCCTGCGGGTGCGCCTGCGCCAGGTGCAGGGGGGCGACGGCGGGACCCTGGCCGGAACCGCCCCCCGGGTCCCCTACCGGAACCGGTCCCTTCGCTTCACCTTCGCCCTGCCCAGCTTCGACCGGGAGTCCGCCAACCGCTACCAGGTGCGCCTGGAGGGCTACGACCGGGACTGGTCCCCCTGGAGCGCGGCCCCGTTCAAGGAGTACACGAATCTCGCCGAGGGCGGCTACCGGTTCCGGGTGCGGGCCCGGGACGTCTACGGGATGGTGGGCCCCGAGGAGACCTTCCGGTTCCAGGTGCTGCCCCCGTGGTTCCGGACCTGGTGGGCCTACGCCGGCTTCCTGGGCTCCGCGTCCCTGGCGTTGTACCTGGCGTTGCGCGCACGCACCCGTTTCCTGCTCCGGCAGAACCAGGCCCTGTCCCTGCGCGTGGACGCCGCCACGGCGGAGCTGGTGCTGCGCAACCAGGAGCTCCACGGCCTGAACGCCCAGCTGAGCGATCTGAACGAGCAGAAGAACCAGCTCTTCGGCATCGCCTCCCACGACCTGCGCAATCCGCTCAATTCCATCGTGCTCTCCTCGGAGCTCCTGGAGGAGGAGATGGACCCGGGCCAGGTGAGGGAGATCTCGCGCCGGATCCGGGCCGAGGGCATGCGCATGAGCGAACTCCTGGGCCGGTTCCTGGACTACGCGGCCATCGAGGCCGGCACCGTGAGGCCCGAGCCCGAGAGGTTCCCCCTGGCCCTGCTCTCGGCGCACGTGGCCGCGCGGTTCGGTCCGGTGGCGGGCCGCAAGGGCATCGTCCTCCGGGTGGATCCGCCCGCCGACCATGAAGCCCATGCGGACCTGCGGTTCACCAAGGGGATCCTGGACAACCTCCTGTCCAATGCCATCAAGTTCTCCCGGCCCGGCACCACCGTGACCATGCGGGCCGAGGCCGACGGCGAGGGCGCGCTGCTGACCGTGGGCGACCAGGGCCCTGGATTCACCCCGGAGGACCTGGAGAAGGCCTTCCACCGCTTCACCCGGCTCAGCGCGCGCCCCACCGGAGGGGAGCACTCCTCGGGCCTGGGGCTCTCCATCGTCAAGCACATGGCCGACGCCATGGGGGCCCGGCTGGAGCTCGAGACCGCCCCGGGCCAGGGGGCGACCTTCAGGGTGTACCTGGCCGGTCCAGCCGGTCCATCAGGGCCGTGAGGTCGTCCCGCGTGGTGAGCGGGTTGATGAGGGTCGTGCGCAGCCAGGTGCGGCCCCGCAGCTGGGTCTTCACCAGATGGAAGGAGCCCTCGCGGACGATGGCCTCCCGTGCGGCGGACTGGAAGGCGTCGCCTCCGCCCCCGGCCCGGAAGCAGACGATGTTGCCCTCGGGGCGCACCGCAAGTTCCCAGCCGGGCCGCGCCTCGATGGCATCGGCGAACCAGGAGGCCAGGTCCACCCGGGATTCGAGGTACCGGGCGAAGTAGTCGGTGCCGAGCACCTGCAGGGCCACGTAGAGGTCCAGGCTCAGGAAGCGCTTGGTGCACTCGAGGGTGCGGTGGGCGAGGTTGTACCACTCCTGGCGGGCGCTGCGGTCGAAGAGGTACGAGGCCTGCTGGCTGAAGGTCTCGAACGAGTGGCCCTCGTCCCGGAACAGCACGGCCGTGGCCAGGGAAGGCATCATCAGCATCTTGTGGGCGTCGATGACCAGGCTGTGGGCGCGCCCGATGCCCGCGAGCCGCGGACGAAGGCGGTCCGATACCAGGAAGGCGCCGCTGTGGGCGCCGTCCACATGGAACCAGACGCCCCGCGCCTCGCAGATGGCCGCGATGTCCTCCAGCGGGTCGATGGCCCCGGTGGCGGTGGATCCCGCGCTGCCCACGACCGCCAGCACCCTCCGGCCCCGGGCTTCGGCCTCGTCCAGGGCCGCCTCCAGGGCTTCGGGGCGCATGCGGAAGCGTTCGTCGGTGGGCACCGCGATGACGTTCCTCCCGCCCAGGCCCAGCACCTGGGCCGAGCGGCGCACGGAATAGTGGGTCTGGTCCGAGGCCAGCAGGCACAGGTCCATGGGGGCCCGGTAGCCCTCCTCCCACACGTCGTAGGGCGTGGAGGCCTGGCGCGCCGCGAGCAGCGCCGTGAGGTTGCCCGCGCTGCCGCCGTGGGTGAGGACGCCCCCGGCCCGGGCCGGATCGTAGCCCGCGAGGCCCGAGAACCACTGGACGAGGCTCCGCTCCATGGCGGTCGAGACCGGTCCCATTTCGTACACCGCGGTGCCGTTGTTCAGGAGGTCCGCGACCATGCCCAGGAGGGCGGTGAGGGGCAGGGGGGCCGAGCACTGATGGCCCACGTAGCGAGGATGCTGCAGATGGTGGGAGCCCTCCAGCACCCGGGCGATGAGGTGCATGGGATCGGCCCCGCCTCCGCGGGTGAAGTCCGCGGGCCAGGCCCGGAGGGACTCCGGGGGCTCCCGCCAGGGCAGCACCGGCGGCGTCCCTCCCTGGACCTGGGCGAGGTGGTCGGCCAGGGCATCCACGGCGCGGTGGCCGAGCGCGCGAAAGGTTTCCGGATCGTAGGCGTTGTCGGGCATGGGTCCATCCTGCCACCTCCAGGATCGAACCGACAGGCCCCTCGGGCCACTCAGGGCGGAGGGGGTGCGCTTGAACCTGCGGATGG
CP132910.1_gap122	4615099	4619633	4534	GAGGCCGAGGGCCGGCCGGCCTTCCCGGGCCTCTCCTACGACGTGACCCGGGAACGCGCGGCCGAGGCCAAGGTGGGCATCAGCCAGATGGACTGGGCCCTGGCCGACACCGGCACGCTGGTCGTGGACGCCACGGGGGTGGAGGGGCGCCTGGTGTCGACCCTGCCTCAGATCCACGTGGCCCTCATCGGGGCGGACCGGCTCCTGCCCGACATGGCTTCCGTCCTGGGGCGCATCAAGCCGTCCAAGGCCGGCTACCTGTCCATGATCACGGGCCCCAGCCGCACCGCGGACATCGAGCGGGTACTGACCATCGGCGTCCACGGGCCTGAGCGCCTCGTGATCGTCTTCGTCGAAGGGAGCGCGGCATGACCACCACGTTCAAGGAATCCATCCAGGACGCCCTGGCCAACCCCAATCTGAGGGGCGCCCTGGGGCGCTTCTCCGAAGCCTACAAGATCAGCCGGGAAAAGGCGTACGCGGGCATGGACTTCGAGGCCGTGCGGGACGCCGTGCGCGACGTGAAGGCGTACGGCGCCTCGCATCTCGAGGAGCTGGCCGAGGCCTTCAAGGCCAAGGCCGAGGCCGCGGGCGCCAAGGTCTACCGCGCCTCCGACCCCGCCGAGGTGAAGGCCTACATCCTGGCCCTGGCCAAGGAGAACGGCGTGCGGTCCATCGTCAAATCCAAGTCCATGGCCACGGAGGAGATCCACCTCAACAAGCACCTGGAGGCCGAGGGCATCGAGGTCTATGAGACCGACCTGGGCGAGTGGATCATCCAGCTGTGCCACCAGACTCCCTCCCACATGGTGATGCCCGCCATCCACATGACCAAGGAGGAGGTGGCCGAGGTCTTCTCCACCAAGGTGGAGGAGGGCCAGCAGCCCGACATCCCCAAGCTCGTGAAGTTCGCCCGCGGCAAGCTGCGGAACCGGTTCCTGGGCGCGGACATGGGCATCTCCGGCGCCAACATCGCGGTGGCCGAGACCGGCAGTCTCGTGCTGATCACCAACGAGGGCAACGCCCGGCTCGTGACCACGCTGCCGCGAATCCACGTGGCGGTCGTCGGCATCGAGAAGCTGGTGGCCACCTTCCAGGACGTCCAGCCCATCCTCCAGGCCCTGCCGCGCAACGCCACCAGCCAGCTGCTCACCAGCTACGTGTCGGTCATCACCGGCCAGGTGCCCAACACCGACGGCAGCCCCAAGCAGCTGCACATCATCCTCATGGACAACAAGCGCTCGGAGATGGCGGCGGACCCCAAGTTCCGCCAGGCCCTCCAGTGCATCCGCTGCGCCTCCTGCCTCAACGTGTGCCCCGTGTTCCGGCTCGTGGGCGGGCACGTCTTCGGAAAGGTGTACACGGGCGGCATCGGGACGATCCTCACCGCCTGGTTCGACGAGCTCAAGCAGTCCGACGACATCCAGGGCCTGTGCATCCAGTGCGGGGCCTGCAAGGACGTGTGCCCCGGCCGCATCGACATCCCCGAGCTCATCCTCGAGCTGCGCAGGCGCCTGGCGGTGGAGAAGGGCATGCCCCTGGTCCAGAAGGCCATCTTCGCGGTGGTCAACAACCGGCGGCTCTTCCACTCCCTGCTGAGGGCGGCCTCCGTGGCCCAGAAGCCCTTCGCCAAGGGCGGGTTCATCCGCCACCTTCCGCTGTTCCTGTCGGACCTCACGGACTTCCGGAGCCTGCCGGCCATCGCGCCCCGGCCCTTCCGGGACACCTTCAAGGAGATCGTGCAGCCGGAGTGCAAGGAGAAGGCCGCCATCTACGCGGGCTGCCTCATCGACTTCTCCTACCCGGAGATGGGCGAGTCCGTGGTGCGCGTGCTGAACAAGGCCGGCATCCAGGTCGTCTTCCCCGAGGGCCAGACGTGCTGCGGGGCCCCCGCGCGCTACAACGGCGCCTACGAGACCGCCGCGGGCAACGCCAAGGACAACATCAAGGCCCTGCTGGAGGAGGACGTGACCTACGTGGTCTCCGCCTGCCCCACCTGCACGGTGGCCCTCAAGGACGACTTCATCGCCACCTTCGAGAGCCTGGGGATGGAGGACGCCATCGGGGACGCGCGCAAGCTCGCCGCCAAGACCCTGGACTTCGCCACCCTGGTGAAGAAGCTTGTGGACGAAGGCCGGCTGGAGTTCAAGGACGGCCAGCAGGCCGAGACCGTCACCTACCACGACTCCTGCCACCTGAAGCGGACCCTCCACGCCCAGCAGGCCCCCCGGGACCTCCTGAAGAAGGCCGGCTTCACGGTCACCGAGATGAAGGAGTGCGACATCTGCTGCGGCATGGCGGGGTCCTACTCCCTCAAGCTGCCCGAGCTGAGCGCCCCCATCCTCGAGCGCAAGCTCGAGAACATCAAGGACACCGGGGCCACCTCCGTGGCCATGGACTGTCCGGGGTGCGTGATGCAGATCCGGGGCGGACTGGATAAGCTGGGGTCCGGCATCAAGGTCGAGCACACCGCCGTGAGGCTCGCGAAACGTCTGAAGTGACCTGAGCAGGGGGCCCGTGCGATCTCTGGTGACGCTCTTCCAGACCATCTCGGCCTTCCTGGTTCTGTTCTACCTCTACTGCGAATCCCCCGCGTTCCAGCCCCTGTCCTCGGACTGGGCCCGGCCGCGGGGGAGGGTGCGCCTGTTCCTGGTGTTCACCGGCATCACCATCCTGGGGAACTACCTGGGCACGCCGGTGCTGAAAGGCGGGGCGATCATCAACGCCCGGGCGGTGGGCTCGGTCCTTGCGGGCCTCCTCGGGGGACCCGTCCTGGGGGGCCTCGTGGGCGCCACCGCGGGCGTCCACCGCATGAGCCTGGGGGGCATCGCCGCCCTGTCCGGCGCCGTGGCCACCACCCTGGAGGGCGTGCTGGCCGGATTCCTGAACCGCAGGCTGCGGGACCGGCCCGAAGTGCTCATCACCATGCGGACCGCGCTCCTGGCCACCTTCGCCGGGGAGGTGCTGCACATGGGCATCGTGCTGCTCCTGACCCGGCCCTTCCCGGCGGCGGTGGAGATCGTCAAGGTCATCGCCCCGCCCATGGTCTTCCTGAATCCCGTGGGGGCCGCCCTGCTCATGGCGGTGCTGATGCACCGGCAGCGGGACCTCGACCGGGTGGCCGCGGCCTCCTCCGCCGCCGCCCTGAGGGTGGCGGAGCGCGCGCTGGGCCTCCTGGGTCGCGGCTTCGGTCCGGACACGGCTGGGGAGATGGCAGCCATCGTCAAGGAGGAAACGGGCGTCGGGGCCGTGGCGGTGACCGACAACGAGAAGGTGCTGGGCTTCGTGGGGCTGGGTTCGGACCACCACCGTCCCGGGAGCGCGATCTCCTCGGCCATCACGCGGCAGGCCATCCAGGACCGGGCCGTGGTCTTCGCCGACGGCATCCACCAGGTCTTCGAGTGCGGGGTCTCGGGCGACTGCCCCCTCCACTCCGCCCTGGTGGTGCCCCTGGAAGTGGACGGGACGGTGCTGGGCACCGTGCAGCTCTTCGAGCCCAAGAACCGCCGGTTCCTCCACATGAACCGCCGCCTCGGGGAGGGCATCGGGGCCCTCCTCTCCAGTCAGCTGCTCATCGCCAAGTACGAGGAGCAGAAGAACCTCCTGGTTCTCAGCGAACTCAGGCTCCTGCGGGCCCAGGTGAACCCCCACTTCCTCTTCAACTCCCTGAACACCATCATGGCCATCCTCCGCAACGACGCGGTCCGCGGCCGGGAGCTGGTGGGCCACCTCTCGGGCTACTTCCGCAAGAACCTCCAGCGCCACGGGGAGCTCAGCACCCTGGAGGAGGAATTGGAGCACATCCGGGCCTACCTGGAGATCGAGAAGGCCCGCTTCGAGGGGCTCCGGGTGGAGATCGACGTGGCCCCGGCCTTCCGGGCCGTGAAGGTCCCGACCTTCACCCTGCAGCCCCTCCTGGAGAACGCCATCCGCCACGGCGTCTCCCGCGTGCCGGGGCAGGGCACGGTGCGTATCCTCGCCTTCGCCGAGGGGGGAGCCCTGAGGATCGACGTGGAGGACGACGCCGGCGCCTTCGACGAGGGCCGGCGCTCCAGGGAGGGCCTGGGCCTGCGCATCGTCCAGAAGCGTCTGGCGAGCCTCTTCGGCCCCGGGGCCGGCCCCGAGATCCACTGCGAACCCGGCAGCCTCACCCGCATGACCATCCGGGTGCCCCTGGAGGGCGCCATGGTGGAATGATGGAGGCGGAGGCTCGACCATGGGCAACCCCGAGAACGCCATCTTCTACCTCGAATTCCCCGCCACGGACCTGGCCGCGACCAAGGCCTTCTACAGCTCCGTGTTCGGGTGGACCTTCACGGACTACGGCCCCGACTACGCATCCTTCGAGGACGGCCACATGTCCGGGGGCTTCACCCGGGACGAACCGGGCCCGGGCGGCGCCCCCCTCGCGGTGATCTTCAACAAGGACCTGGAGGCCGCAAGGGAGCGGGTGGCCAAGGGAGGGGGGCGGATCGTGAAGGAGATCTTCGGCTTCCCGGGCGGCAGGCGCTTCCACTTCGCCGACCCCAGCGGG
CP132910.1_gap123	4702958	4707933	4975	TCGACCACCTGGCTTCGGCGGGGGCCTTCACGCGGCTCCTGGGGCACGAGATGATGCGGGCCCGGTCGGGCCAGGCCACCCGGATCTCGCGCATCGTCGACATCGCCTTCCGGCCCCTGCACGCCGCCCTGGCCGCGGTGCTGGACGAGGGCGCCCGCAGCGGCGAGCTGCGGCCCCTGGACCCGGAGCCCGTCCTCGTCTCCCTCACGGGGGCGAACACGTTCTACTTCATTTCCGCGCCCATCTACCGGGAGATCACCGGGGAGGACCCGCGGGACCCGGCGCGGCTGGCCCGGCAGCGGGAAGCGCTGCTGGACTTCGCCGCGAGCATCCTCTTCTCCGAACCCTCCCAGGGCCGCCTCGCGGCCGCCCGGATCCTGTCCGAACCTCGAGGTGAACAGCCGTGAATCCCCGCTACCGCATCTTCGCGCTCCTGGGAGCGCTCCTCCTGGTGGCCCTGGGCTACTTCTACGCCACCACCGACCACTCCCCGGACCTGGCGCTCATGGGCACCGTGGACGCCAACCAGGTGGTGGTCAGCGCCCAGATCCTGGGCCGCATCGAGAAGCTGGCCGTCACCGAGGGCCAGGACGTCAAGGCCGGCGACCTCGTCGCCCTCCTCGACCCGGGCGAGCTGGCAGCGGCCAAGGGCGCCTCCGAGGCCCAGTACGGCGCCATGAAGGCCACGGCCGAGAGCACCCGGGGGGATACGGACCAGGCTGTGGCCAGCGCCCGCGCCTCGCGCAGCGCCGCCGCCGCCAGCCTCGCCGAGGCTGCGGCCAACCGCGAGAACCAGGAGAACCTGACCCGGCGCACCGTGGCCCTGGCCGGCCAGGGGATCCTCAGCGCGCAGGACCGGGACTCGGCCGTGCAGGCCCTCAAGGCCGCCCTGGCCCGGGAGCATGCGGCCCGCGAACAGGCCGCGGCCGCCGAGGCCGCCCTCGGGGCCGCCCAGGCCCGCACCCGCCAGGCGGTGGCGGCCGCGGAGAACGCGGCCTCCGCCCGTGCCCAGGATTCCCTGGCCGGGGCGCGCCTGGGCTACACCCGCATCGTGGCCCCCGTGTCCGGGAAGGTGGGGATCTGGGCGGCCCGGCAGGGCGAAGTGGTCGCCGCGGGCGCGCCCATCGTGACCATCGTGGACCTGGGTCAGACCTGGGTCTACGCGGCCGTGGCCGAGACCGAGGCCGACGCCGTGCAGCTGGGGGACGCCCTGAAGGTGCGCATGCCGGGCGGGGCCCTGGTGCAGGGGACCGTGCTCCTGAAGGCCGCCGAGGGCGACTTCGCCACCCAGCGGGACGTGAGCCGGCGCAAGCGCGACATCAAGACCATCCGCATCAAGCTCCTCATTCCCAACCCCGGGGAGCGCTACGTGCCCGGCATGACCGCCGAGGTGCTGGTTCCCAAGGCCAGGCTGGTGCGCCGGTGAAGCCGAATCCCGACAAGGACCTGTCCGGGGCGGCCATCCGGGTGGAGAACGTCGTCAAGCGCTTCGGCGACTTCGAGGCCGTCAGGGGCATCAGCCTGGACGTGCGCCCCGGCGAGACCTTCGGGCTCCTGGGCCCCAACGGGGCCGGGAAGAGCACCCTCATCCGCATGATGACGACCCTCATCCCCATCACCTCGGGCCGCGCCTGGATCGAGGGCCACGACGTGGCCGGGGAGGCCGACGCCGCGCGGCACTGCATGGGCGTCATCCCCCAGGCCCTCACCAGCGACATCAACCTGACCGTGGAGGAGAACCTCTCCATCTACGCCAAGCTCTACAACGTGCCCCGGGCCGAGCGGCGCGCCAACATCGAGGAGCTCCTGGAGGCGGTGGACCTGGTGAAGTGGCGGGACGCCGAGACCAAGACGCTTTCCGGAGGCATGCGCCGGCGCCTGGAGATCGCCCGCGGCCTGGTGCACAACCCCCGCATCTTCTTCCTCGACGAGCCCACCACCGGCCTCGACCCCGTGTCCCGGGTGGCGGTGTGGGAGATGCTCAACAAGCTCAAGGCCCGCAAGCAGCTCACCATCCTCATCACCACCCACTACATGGACGAGGCGGACCGCCTCTGCGACCGCATCGCCATCGTGGACCACGGAAGGCTCGTGGCCCTGGACACGCCGGCGAAGCTCAAGCAGAGCGTGCCCGGGAACAACGTGATCGAGGCCCAGTTCCAGGAGCCGCCGGAGGACTGGGAGGCCCGGCTGGGCGCCCTCGGGGAGGTCACCAGCGTCCAGGCCGAGGGCGCCGGGATGTTCCGGGTGCTCACCACCAACGGCTCCCGCACCACCACCGAACTGGTGGAGCTGGCCGTGCGCAACGGCATCGCCATCCGCACCCTCACGGTGCAGAACACCACCCTGGACGACGTCTTCGTGCACTACACGGGCCGCCAGCTGCGGGACACCCAGGTCAAGACCTACACGGCCTTCCTGCCGCCCAGGCCGGGGATGCAGCCATGACGCGCCTGCTCGCAATCGTCGAACGGGAGCTGCGCAAGTTCTTCCGCTCCCCCTCGCTCATGCTCACCGCCATGGTGTTCCCCCTCATCCAGCTGGTGATCCTCGGCAACGCCTTCGGCGGCAAGATCACCGACGCCCGGGTGGGCGTGGTGGACTACGACGGCGGCCCCCAGGCCCTGCGGGTCCACGAGGCCTTCGATTCCGTGGCCGCCAACATCCGCACCTTCCGCACCATCCCCTACGACAGCGACAAGCGGGCCCAGGAGGACGTGCGCTCCGGGCGCCTGGACGCGGCCGTGGTCATCCCCCCGCAGTACTCGCGCAGGGTGCTCAACGGGGAGAACCCCGCCATCGGGTTCGTGGTGGACAACTCAGACCAGTTCCTCAGCGGGAGCCTCACCGCGGAGATGCAGGCCCTGACCGAATCGCTGAACCGTCCCAGGGTGGACCAGCGGGTGGTGAACTCCGTGGCGCTTCGCATCGTGGAGCTGTATCCCTTCGTCGAGTACATGAAATACCTGCTCCCGGGCTCGATCACCCTGGCCATGTTCGTCTCCGTCATGATCGGCGGCGGCATGCTCTACATCGACGACAAGGCCCGGGGCGTGCACGAGGGCTTCCTGGTCACGCCGATCACCAAGCTGGAACTGGTCCTGGGCCTGGTGGCCTCGGGGGCGATCAAGGCGATCCTGGCGGGGTTCGTGCTGACCATCCTGGGCAGCCTCATCGCGGGGATGGACGTCATCTTCCACCCCGCGCTCCTGCTGCAGCTGCTGCTGATGATCGTGGCGACGTCCTTCGCCTTCAACGCCCTGATGTTCCTCCTGATGGTGCGGGTGGAGGACCCCCTGGTGCCCCGGGCGATGTTCGGCATCCTGAACACGCTCCTCTACTTCCCCAGCGGCGCCATCTACCCCATCGCGGCCTTCCCCGCCTGGCTGCGGGCCATCGCCAGGGTGGATCCCTTCACCTACGCGGTGCACGGGTTCAAGGCCGTGCTCCTGAAGGACGCGGGCTTCGCGGCGCTGGCGCCGGACCTGGCCTACCTGGGCCTCATCGGAACGCTGGCGCTGGTGCTCGCGACCCGGCTCTTCAAGCGGACCCTCTAGCCGGTTCCTCACGGATCAGTGTGAAGACCTCGAACCACCCTCACGATGACACCGCCAACGCCCCTGCCCGGAGTCCCCATGCCGAACTGGCGTACCCTCACGTGCCTGGCCGCCCTCGCGGCCCCCTCCCTCTCCGGCCAGGCGCCTCCCCCGGACCCCGCCGACACCCTGGCCACGGCGAGACGCCACCTCCAGGAATGGCGCAGGTCCATCCAGGCCGAGCTGATGGATGACTGGGGCCAGCTGGCGCGCTACCGGGACGCCAACGCCAGGCTCAAGGCGCCCCGCCCCGGGGAGGACCGCGTGGTGTTCCTGGGCGACTCCATCACGGACATATGGGACCTGGCGGCGAGCTTTCCAGGGCGGCCCTACGTGAACCGCGGCATCAGCGGACAGACCACGGGCCAGATGCTCCTGCGCTTTCGCCAGGACGTGGTGGCCCTGCACCCCCGTGCGGTCGTCATCCTCGCGGGGACCAACGACATCGCCGGAAACACGGGTCCCATCGCCCTCGAGGACATCGAGGCCAATCTCGCCTCCATGGCCGACCTGGCCGTGGCCAACGGGATCCGCCCCGTCCTTTGCACCGTCCTGCCCGTCCACAACGACACCGAGGCCTCCCGGGACTACTTCGTCACGCGGCCCCTGGACCGCATCCAGGCCCTGGACCGGTGGATCCGGTCCCACTGCGAGCACAAGCACCTGGAGCTGGCGGATCTCCATGCGGCCACCGTGGACGGCCGCGGCCAGCTCAAGCGCGCCCTGGCCGACGACGGGCTCCACCCGAACGCCGCGGGCTACGCCGTCGTGGCGCCCCTGGTGGAAGCCGCCCTGCGCAGGGCCCTGGCCCGCTGAGGGGACAGGGCGCCGGCGGCCGGTGCATCCGCGCGCCGGCGAAGTCACTCTCCCCACGCGAGGGCAAGGATCAGCCCTTCCGCCAGCCCCCCTCCGTCCGACACGTGCACGTGCCAGCCCTCCGGCGGGGATGGGCACCCCAGGACGCGGGACGGCCTGAGGCCCTCCCCGTCGGGCTCCAGCTCCACCGCCCCGGGATCCAGGGAGAGGCCCATGCCCAGGGCCTTCAGGAGCGCCTCCCGGCAGGCCCACACCTGGAAGAGCCGCCGGCGCCTGGACGCCTCGGGCACGCTTTCCAGCCAGGCCCGCTCCCCGGGGGACGCGAGATCCAGGAGGCCCCGGGTGGGGATCCCGGAGCGGGGATCCACCAGGTCCACCCCCACCCGCCCCGTGAGCCGCAGGGCCACGGCGGCCACCGCGCCGCAGCGGCCGAGGCTGACCTGCACCGGGACCCCGCCGGCCTCGGCCCGGGGCCGGCCGTGGGCGTCGTGGCCGGAGAAGGCCGCGGGGACGGCCAGACCCAGCTCCCGGGCGAGCCCGGGCAGGGCGGCGGCCTCGGAAAA
CP132910.1_gap124	4753036	4754354	1318	CCCGAGGGTCGCGGCGCTGGAGGCGGCCGTCCCCGGCAGCCCCGCCGCGGCGAGGTCGGCCAGGGTGCCCGAAAACAGAGGGTCGTCCTCGATGATCAGGAGGGTTCGGGGCTGGGGCGCTTCCAGGGGGGTTTCGGGCATCTTGGGCGGGACCTGCTAGATGGTATCGTCCACTTCCGCCCGGGAATGAAATTCAGGGCCAAGGAAATCCGCACGATAAGGTAGAGAGGATCGCGAAGCAGCCATGGCCGTCAGGACCCGGATACTGTTTGTTGATGATGAACCGCTCGTATTGCAGGGGCTCCAGCGGCTCCTGCGGAACATGCGGGCCGAGTGGGACATGGTCTTCGTCACCAGCGGCGCCGAGGGCCTGGAGGAACTGGCCCGGTCCCCCTTCGACGTGGTGGTCGCGGACATGCGCATGCCGGGCATGAATGGAGCCGAATTCCTCAACCGCGTCATGCGGCTCCATCCGGGCACGATCCGGCTGGTGCTCTCGGGCCAGGCGGATTCCGACCTGATCCTCCAGGTGGAAGGCGCGGCCCACCAGTTCATCTCCAAGCCCTGCGACCCCGGCATCCTGCGCACCGTGATCCAGGCCGCCAGCGAGATCGGAGGCCGCCTGCGCAGCGAGGAGATCCGCCGGGTCCTCGGCGGGATCGCCCACCTCCCGGTCCTGCCTGCCGCCTACCAGGAGATCCTGGCCCTCCTGGCCATCGAGGCCACGACCGTGGAGGACCTGGGCAGGGTGGTGCAGAAGGACCCGGGGATGACCGGCAACATCCTCAAGCTGGTCAATTCCGCCTATTTCGGCCTGCGCCAGCGGGTCTCGGACCCGGCCGAGGCGGTGTCCTTCCTGGGGGTCGACACCCTCAAGTCGCTGGCCCTGGTCCACGGAATCTTCAGTCAGGTGCGCGCGCTGCCGCAGGCCTTCAACGGCGCCCACCTCTGGCAGCACAGCCTCCAGCTGGCCGCGGCCTCCCGGGAGATCGCCAGGCTGGAGGGCCTGGGCCGTGAACTGGAGGCGGACTGCTTCACGGGGGGCCTCCTCCACGACGTCGGCCTGCTCCTGCTGGCTTCGGGGTTCCCCTCCGAGTACCACCGGATCGCCGGGCTCCTCGCCACGAGCTCCATGGAGATCCTCGATGCGGAAATGGAGGTGCTGGGAGTCCACCACGGCGAAGCGGGGGCGCACCTCCTGGGTCTATGGGGCCTGCCCGGCGCCGTCGTGGAGGCGGTGGCCCACCATCACTGCCCGCGCCCGTCCATCGGGATGACGCCCGAACGCGTCGTCCACGCGGCCGAGACGCTCTCCACG
CP132910.1_gap125	4761035	4763706	2671	AGAAGAGGGCGGTGACGGGCACGTCGAGCTTGCCGAGCACGACGCCCACCAGCTCCTTCACGTCCGTGTTCCCCTTGGCGTAGGCCACCAGCATGCGGGCCAGGGGACCCACTTCCATGGGGTGCTCCTTCCACCGCGGGGTCTTCAGCCAGGAGTACTTCCCTTCGACGTTGAGCTGGTCGTAGGGCGGCTTGGGCCCGGTGTAGTTGAACTCGGTCTCGCCCCTGAAGGGATGCAGGCCGACCTCGTCGCCGCCGCCGTACTTGTACCAGGAGTGGGAGATGTATTCCCTGATCTCCTTCTCGTCCTTGCCGTTGACCTCATGGACCTCGTTGAGGTTGCGGCCCAGGATGGCGCCGCGGGGCAGCAGGTAGGAGCCCACGTCCCGGATGCCCCGGGTGGGCAGGTCGCCGTAGGCCAGGTAGTTCTCCAGCCCTCCGCCGATGGCGGCCCAGTCCTTGTAGAAGCCGGCGATGGCCAGGAGGTCGGGCACGTACACCTGTTCCACGAAGGTGATGGCGTCCTTGATGAGGCTGGCCACGTGATTGAGGCGTTCGGTGTTGATGGCGTTGACCTCGTCGATGTTGAACGAGCAGGGGACGCCGCCCACCAGGTAGTTGGGGTGGGGGTTCTTGCCGCCGAAGATGGCGTGGATCTTGACGATCTCCTTCTGCCATTCGAGGGCGTCCAGGTAGTGGGACACGGCGATGAGGTTCACTTCCGGCGGGAGCTTGTAGGCCTTGTGGCCCCAGTAGCCGTTGGCGAAGATCCCCAGCTGGCCGCTCTCCACGTACTTCTTCAGGCGCGTCTGCACCGCGGCGAAGTGGCCGGGGTTGGACCTGGGCCAGGCGGACAGGGACTGGGCGATCTTCGAGGCCGCGACGGGATCGGCCTTGAGCATGCTCACCACGTCCACCCAGTCCAGTGCGTGCAGGTGGTAGAAGTGGACCACGTGGTCCTGGACGAACTGGGCGCAGAACATGAGGTTGCGCACCAGCTCGGCGTTCCTGGGAACCTCGATGCCCAGGGCGTCCTCGACGCTCCGGCAGCTGGCCAGGGCGTGGACCGTGGTGCATACGCCGCAGACCCGCTCGGTGAAGGCCCAGGCGTCGCGGGGATCGCGGCCCTTGAGGATCTTCTCGATGCCCCGGACCATGGTGCCGGCGCTGAAGGCGTCCTTGACGACGCCGTTCTCCACCACCGCCTCGATGCGGAGATGGCCCTCGATGCGGGTGACAGGATCGATGACGATGCGCTTGCTCATCACTTGGCCCCTTCGTCTTCAGTCTGGCCCGCGGGAGAGGATTCCTTCACCGTCTCGGCGATGAGGGGGCGCTTCCGGATGTTGGTGGTGACGGCGTGGGCCGCGACCCCCACCGCGACTCCGATGCCCAGCCCCAGGCCGATGGTGTCGGCGGTGGATTCGATGCCGAAGCCCGGCGTGCTGGGCAGGTGCCGGTAGAAGGGGCCGTTGTCCCAGAACCCGTTCTCCGAGCAGCCGATGCAGCCGTGGCCGGACTGGATCGGGTAGCTGACGCCCCCGTTCCACCTGGTCACCGAGCACGCGTTGTAGGTCACCGGACCCCGGCAGCCCATGCGGAACAGGCAGTAGCCCTTGCGCGCGCCCTCGTCGTCCCAGGCGTCCACGAAGAGTCCGGCGTCGTAGTAGGGGCGGCGGTAGCAGGTGTCGTGCACCCGGCGCCCGTAGAACTCCTTGGGGCGGCCCAGGGCGTCCAGCTCGGGCCCGCGCCCGAACATGAGGATGTGGGTCACCACCGCGGCCATGACGTCGGCGATCGGGGGGCATCCCGGTACGTTGATCACGGGCTTTCCTACCAGCCTGGAGATGGCCGTGGCGTTCGTGGGGTTGGGCTTTGCGGCCTGGACGCAGCCGAAGGAGGCGCAGTTGCCCCAGGCGATGATGGCCGCGGCGTCCCGGGCGGCCTTCCTGAGGATCTCCTCGGCGCTCTCGCCGGCGATGCAGCAGTAGGCCCCGTCCGCGCCGGTGGGCACCGAGCCCTCCACCAGAAGGATGTACTTGCCCGCATAGTTCTTCATGGTGTCGTGCAGGCACTTCTCGGCCGCGGTGCCCGCGGCGGCCTGGAGGGTCTGGGTGTAGTCGAGGGAGATGGCGTCCAGGAGCACGTCGGCCACCACCGGGTGGGAGCCGCGGATGAAGGACTCGCTGCAGCAGGTGCACTCCTGGAAGTGGAGCCACACCACCGGAGGCCGGCCCTTCTTCTCGAAGGTGGCCGCCACCGCCGCGGTGGCCTGCGTGCCCAGTCCCGCCGCCACGGCCGCGAATCCGCAGAACTCCATGAACTCCCGGCGGCTATAGCCCTTCTCCTTCATGGTCTCCCACAGGGATTCCCGTGAAACAGACATGCAGCCTCCTCTGGTGTTGAGATTGAGACCCGGTCTTATAAATCATTCAATTAGAAGTGGAAACTCGAGGAATGGTAGTGCGACCTGTGGCGAAGTCAACACAAAGAGCACGCATTTGGTGTGAATTAGTTAACACAAATATTTTGTTATATTTAATTCAAATCTGGCCCTGTGCCGGCGGAAGGTCCCGGGGAATTGGGCGCCCTCGCCCCTTCCCCTCCGCGCAGGGAGAAGATCAAGATTGGGCATATAAACCCAATCAAGATCCGACAGCCGGAAAGGCGTC
CP132910.1_gap126	4782593	4785157	2564	GGGTCGTCGGCGGGCGCCGTGGCGGCGTCCCTGACGGCCCGGATGCGCGCGAGGGCGCTCCGGGTGTCGTGGAGCGGCTGCTCCTGCTCGTAGCGGAGGCCGGCCATGAGATTGCTCGCTTCCTGGGCCGCGCGGTTAAACCGCTCCGCCGAGCGTTCCTGGGCGGCGGCCCGGTGCCAGGCAAGGCCTCCCAGCCCCGCCACCAGCCCCAGGGCCGCGGCGGTGGCGGCCAGGCTCCGCCATTTCCCGGCGGCGCGCCGCGGGGCCCGGCCCAGGAACCCCCACAGGTCGGCGGCCAGGGCCTCCATGGTCGGGTACCGCTCCGCCGGGGCCGGGGCGAGGCAGCGCAAGAGGATGGCCTCCAGCGCCTCGGGGATGGACGGCTCCAGGGCCCGGGGGGTGGGGAACCGCCGCTCCTTCTTCACCTTCAGCATTTCCTGGGTGACGGTGCTGACGCAGGGGGGCCGGCCCACCAGAAGGAAGTAGAGGGTGCCGCCCAGGGCGTAGACGTCCGTCGCGGGCCCGATGTGCCGGCGGTCCCCCCGCACCTGCTCGGGAGCCATGTAGGCGGGCGTCCCGGTGAGGGCGTTGGGCAGGGTGAGCACGGAGGCGTCGACCTGCAGGGCCAGGCCGAAGTCGCAGAGGATGGGCTTCCAGCCCCCGGCCGGCAGGGGCTCCAGGAGGACGTTGCCGGGCTTGATGTCCCGGTGGATGAGCCCGTGGCGGTGGGCATCCTCCAGGGTCTCGGCCACCTGGGCGATGAGGGCCACGATCTCCTCAAGCTCCAGGTCGTTGGTGGCGTCCTCCAGCGTGGGGCCCCGCACCAGCTGCATGGCGATGCGGGGCACGCCCTCGTGGGCCTCGATGTCATAGATCCGGCAGATGTTGGGGTGCTCGAGCTTGGCCTGGAGCTGGGCTTCGTGCATGAAGCGCACCATGGCCGCGGGCTCGGCGTGGTTGAGGATCTTGAGGGCCACCACGCGCCCCAGGATGGTGTCCCAGGCCTCGACCACGTCCCCCATGCCGCCGTGGCCCAGGAGGGGACCCAGCACGTAGCGTCCGTCCTTCTTCCCCTTCTCGAACCAGTCGGGCCTTGAACTGGGTTGGGCCATGGCCGACTCCCGGGTCGGCCTTTAGATGACCAAATGGATCATGTATCGGCCGCCGGATCAAAAATAAGGATGGTTCATTAGTTTGTCAACACGCCCGCGAGGCTATCGGCCAGGCGGTCCGGATCCGTGAGCGGGGCCTCGCAGACGCCGCCCCGGCAGAGAAATACGGACGGCTCGGCGACCCGGCGGTCCTGGTGGAGGGGCAGGGCGGGGTCGGCCTCCACCAGGGAGAGGACCCCTCCCACCCGCAGGGCCCGGTGGGCCCGGTCCACCAGGGCCCGGACGCGCGGGTCCCCCGGATCCCCGGCGATGACGACCTCCGGTCCCGGAGCCAGGGCCGAGGCCAGGACGCCCGCCATGCCCGTCACGGCCGACGGGGCCCGCTCCAGCAGGGGCGCCGCGGCCCGCAGGGCGCCCTCGGCGGCGACGGTGAAGGGGGCGTGCCCGAAGTGCCGGCCCAGGGCCAGGAGGGCCCGCGCGGCCAGGGTGTTCCCCGAGGGCACGGCGCCGTCCTGGAAGGGTTTCTGGCGCACCAGGAGGTCCGGACGGGCGATGCTCGCGTAGAACCCCCCTTCCGGGTCCTGGAACCGCTCCAGGAGGATCTCCCCCAGGTCGAAGGCCCACCGCAGGTGCCGGGCGTCGAACCCGGCCTCGTACAGGTCCACCAGCCCGCAGGCCACGGCCCCGTAGTCCTCCAGGAAGGCCGGCGTGTGCCCCCGGCCGCGGCGCCAGGTGCGCAGGAGGCTCCCGTCCCGCCACAGCTCGGTCCGCAGGAAATCCGCCAGGGCGCCGGCCGCTTCCAGGTACCTCGCCTCGCCCAGCACCTGGAAGCCCCGGGCGAAGGCGCCGAGGGCCAGGCCGTTCCAGGCCGCAAGCACCTTGTCGTCCTTGCCGGGGCGCACCCGGGCGTTCCGGAAGGCCAGGACCCGGGCCCGAAGCCCCTCCTCGACGGCCGCGCCCCGGGCCTCGAAGCGGTGGAGGACGCTGGTTCCGTGTTCGAAGCAGCCCTGGGCGGTGACGCCGTAGGCCTCGCAGAAACGTCCGGCGTCCGCGCCCAGGACGCCTTCGATCTCGGCGGGGGTGAACACGTAGAAGCGGCCCTCCTCCCCTTCGCTGTCGGCGTCCTCGCTGGAGTGGAAGCCGCCCGCGGGGTCCCGCAGGTCCCGGAGCAGGTAGTCCAGGGTGGCCCTGGCGGTCTCGCGGTGGCGGGGCTCGCCGGTGAGCTGGAAGGCCTCCAGGTAGCACGGCGCCAGCAGCGCGTTGTCGTAGAGCATCTTCTCGAAGTGGGGCACCAGCCACTTCTCGTCCACGCTGTAGCGGGCGAAGCCGCCCCCCAGGTGGTCGAAGATCCCGCCTTCGGCCATGGCGTCCAGGGTCTTGAGGGCCCGGGCCCGGTCCGCCGCGGACCCGTGGCGCAGGAGCAGCTCCAGGCCGGTGGGCTGGGGGAACTTG
CP132910.1_gap127	4870811	4874780	3969	TATCCGGTTTCCTGGATCCTGGGGCTCTCCCTGGCCGCCGCGGTCGGCGCCCGTGCGGAGGAGCCTCCCAAACCCATCCAGGACAACTCGTTCCTGGTGGAGGAGGCCTACAACCAGGAAGCCGGCGTGGTCCAGCACATCAGCACCTTCAGCCGGAACCGGGTGACGAAGGACTGGCTCTACACCTTCACCCAGGAGTGGCCGGTCCCGGAGATCACCCACCAGCTGAGCTACACCCTGCCGTACCAGCGGATCCAGGACTCCCCCGACGGGCGCAGCGCCCTGGGGGACGTGCTCCTCAACTACCGGTACCAGCTCCTCGGGGACGGGGACGCGCCGGTGGCCGTGGCCCCGCGCTTCTCCCTGGTGCTGCCCACCGGCGACCAGCGGCAGCTGCGCGGCAACGGGGCCATCGGCTACCAGGTCCTCCTGCCCGTGAGCGTGGTGCTCGCCAGGTCCCTGGTCACCCACTGGAACCTGGGCGCCACCTGGACTCCCGGCGCGAAGAACGCCGCGGGTGACAAGGCCGACATCACCACCTGGACCATGGGCCAGAGCTTCATCTGGCTCGCCCACCCCAACGCCAACGCCATGCTGGAATTCGCGTTCTCCAGCGGGGAGACCGTGGCCGGACCCGGACTCAAGGGCAGGACGGACGCCTTTTTCATCAGTCCCGGCGTGCGCTTCGCCCTCAATTTCAAGAGCGGCCTCCAGATCGTGCCGGGGCTGGCCTTCCCCATCGGCGTGGGGCCCAGCAAGGGGGACAAGTCCGTGTTCTTCTACCTGAGCTTCGAGGCCCCCATGTGGACCCCCCGCAAGTAGGACCCCATTCGTTGCTAGACTCGTGGGATGCCCGAGTATCCCCCCGACCATCCCCTGCTCCGCAACCTCAACGACCCCCAGAAGGAGGCCGTCACCCACGTGGACGGCCCCCTCCTGATCCTGGCCGGGGCCGGTTCGGGGAAGACCACCGTGATCACGCGGCGCATCGCCTGGCTCATCGAGGAGGTGGGGGTGCGCCCCGCCTCCATCCTGGCCATGACGTTCACCAACAAGGCCGCGGGCGAGATGGCCGAGCGCGTGCAGCGCATGGTCCACGTGCCCGCCGAGCAGCTCTGGGTGAGCACCTTCCACAGCTTCTGCACCCGCATCCTCCGCCGCGAGGGGGACCGCACGCCCGTGGGCCGCGACTTCGTGATCTTCGACCCCTCCGACCAGCGGAGCCTCGTCAAGCAGGTGCTGGCGGACCTGAAGCTCCCCGAGAAGCAGTTCCACCCCAAGAAGGTCCTGGAGGTGATCTCCGACTTCAAGAACCGGTGCCTGCTCCCCGAGGAGGCCATGGACGAGGCGATGGACCCGTGGACCCGGAAGGTGCTGGAGGCCTACCGGGGCTACCAGAACGGCCTGAAGAGCCACAAGGCCTGCGATTTCGACGATCTCCTGCTGCACACGGAACGGTTCCTGCGGGACCCGGCCGTCCAGACGATTTATGCCGAGCGGTTCCGCTACATCCTGGTGGACGAGTACCAGGACACGAACAGGGCCCAGTACCTGATGGTCCAGCACCTGGCGAGGCAGCACCGGAACCTCTGCGTCGTCGGGGACGAAGACCAGAGCATCTATAAATGGCGCGGGGCCGACATCAAGAACATCCTCGATTTCCAGGCCGACTTCCCCAACGCCGTGCAGATCAAGCTGGAGCAGAACTACCGGTCCACCCAGCTGATCCTGGACGCCGCCAGCACCGTCATCGCCAACAACACCCAGCGCCTGGGCAAGACCCTCTGGACGGACCTGGGCCTGGGGGAGCGCATCACCTTCAAGCTCCTGGACGAGGGGCGGCTGGAGGCCGAGTACGTGGTGGACCGCATCCGGCAGGAGCGCCACCGCTTCCCCAACGCCCGCATGGCGGTGCTCTACCGCGCCAACTGGCAGTCCCGGCAGCTGGAGGAGGCCCTGCGGGCCCAGAACATGCCTTACAAGCTCGTGGGCGGCGTGAAGTTCTACGAGCGCCAGGAGGTCAAGGACCTGCTGGCCTACCTGCGGCTGGTCTGCAATCCCTTCGACCTCGTGAGCTTCCGGCGCTCGGTGAATTCCCCCACCCGGGGCGTGGGCGCCACGACCCTGGCCCGCATCGAGGCCGCCATTCCCGACGGCGGCACCGCGCTCCAGGCCACCGTGGCCCTCCTGCGCTCCGGGGAGCTCAAGGGCCGCGCCCAGCGGGAGCTGGGGCGGTACGTGGACCTCTTCCGGCGGGCCGCGGACGAGGCGAATTCCCTGAGCCTCTCGGGCCTCGTGCGCTGGGTCCTGGTGGAATCAGGCTACGTGCAGATGCTGGAGGAGGAGGCCACCCTGGAGGCCGAGACCCGCCTGCGCAACCTGGAGGAATTCGTCTCCGCCGCGGCCGAGGCCGAGACCCTGGGGCTGCGCCTGGCGGAGTTCCTGGACCGGGTGACCCTGGCGTCGGATTCCGACGAGCTGGAGGAGGCCTCGCTGCTGTCCCTCATGACCATCCACTGCGCCAAGGGGCTGGAATTCCCGGTCGTGTTCCTCGTGGGCCTCGAGGAGGACGTCTTTCCCAACCGCAACGCCCGCGAGGCCGAGGACGGCCTGGAGGAGGAGCGCCGGCTCTTCTACGTGGCCATCACCCGCGCCCAGACCAAGCTCTACCTCACCGCCGCGCGCCGGCGCCGGGCCATGGGCCAGGAGATGCTGGGCATGCCCAGCCGCTTCCTGCGCGAACTGCCCGAGGAGGGCCTGGAGACGCCCATCCGGTGGGGCACGGAGCTGTACCGGTCCGGCCAGGGCAACTTCCCGTCCCAGCGCCCCGCCTCGGGCGGCGGCAGCAGCGTGGCCTCGGAGCTGGGGCGCATCCGCAGCTTCTTCAGCCAGGCGCGTCTTCCGGAGCCGCCCGCGCCGGAGGCCGAAGACGGGGCCCCGCCCGAGGAGCCGCCCCACCCTCCCGCGGGGAGCTGGCCCAAGGGCACCCGGGTGCTGAGCCCCCGGTTCGGCCGGGGGGTCATCACCGCAGCCTCGGGCAGCGGCGACATGCTGACCTACACCATCCGGTTCCAGGAGGGCGAGAAGCGCATCGTCGCGCGGTTCGGGATGCTGGAAAGGGAGCCGTAGATGTTCAAGCCGCTGATTCTTGCGGTCCTGGCGACCTTCGCCCTCATGGGGCAGGACACCGTCGTGGTGCTGATCCACCATGCCGAAAAGGGCGCCAGGTCCTCCAACGCGCACCTGTCCTCCCGGGGGCTCCGCCGCGCCGGGGACCTGGTGGACGAACTCGCCGCCTTCAAGCCCGCGGCGATCTTCGCCACGGAGGTTTGGCGCACCCAGCAGACCGTGGCGCCCCTTGCCGACAGGCTCGGGCTCAAGGCGGAGATCCGCGCCCGGGGCGAGGAGGCCGCGGTGGGCCAGGAGGTCCTGGAGAACTGGAAGGGCCGGACCGTGGTCATCTGCGGCCATTCCGATACCCTGGCCACCCTGGCGGGGGCCCTGGGGTTCCGTGGCTTCTTCCCCGAAGTGCGGGCCTATGACCGCCTCTGGGTCCTCACCGTTCCAGGCGGGCCCGGTCCGGTGACCCTCGAGGAGCGCACGCAGAAGTCGGTCGCACGGCCCTGGTCCCGTGGGTTATAGTTGGACGGATTCCCTTCCCCGTCCACTTCCAGAGGACCTTCGCGTGCCCGACCTCCTTCCGGCGTCCGTGTCTTCCCCCTTCGCTGGGCGACGGGTCATGGTCGTGGAGGACAGCGCCACCCAGCGGGTCCACCTGGCCGGCCTGATCCGGGAGCTCGGGGGAGCCGCCCCCCTCGAGGCCGCCAACGGGCTGGAGGCCCTGGCCCAGCTGGAGCGGGAGCCGCTCATCGACCTGATCCTCACCGACCTGGAGATGCCGGTCATGGACGGCGTGGCCTTCATCGGGGAAATGGCCTCCCGGGGCTACCGTCCCGAGCTGGTCATCGT
CP132910.1_gap128	4878734	4882534	3800	CGGGGACGATTCGCAGGGCCACCTCGCCCCCGCCCTGGATGGGCCCCCCGCCCGCGAGGTCCAGGACGTCGCTGAGCCCGGCGCGTCCCCCCGCGAGCCCATGGACGCCCAGGGGCAGGCCCCGCACGCCCATGCGCAGCCGCGGCAGCACCACGAAGAACCCGGCCGCCATGACGACGACCGCCGCCAGCCAGGCAGGAGCCTTTCGGAAGGGCGCCGGGTGGACGGGTCCGTGGCGCAGGAGGGCGGACTTCTCCCAGTTGAGCTGCATGAGGAACAGCGCGCTGCCCGAGACCCACACCAGGGCCCACACCAGGAAATCCAGCTCGGAGGTGGAGACGGCGGTGGTGAGGAACACGAGGAAGCCCATGAGCAGGAGCTGGCGCCGCTGCGCATCCTCCCGGGGCAGGCACAGCCGTACGCCGCAGAGGGCGAAGAGGGTGTTCACGACGGTGGGCAGCACCCCGGTGCGCGCCGCCACGTGGACGAGGAACACGGCCAGGGCAGCGATCTCCAGCAGGCGCCGGAAGCGGTACAGGGAGCCGCCGCGCCATTCCACGAGGGCCGCTCCCGCCAGGGGCACGGCCATGGCGGTGATCTCCGCGGGGCTGTAGGCGCCGGTGCTGGCGACGGCCCCCCAGGCCATCCATGGGGGGAGGTGGTCCAGCCAGCTCCCCGTCTTCACCCGGGCACCCAGCTGCCCAGGATCGCGGGCCGGGAGGCCCCCGTGACCTCGGCGAGGTTCCCCGGGACGCCCGCGGCGCTGGCGGCGCCCAGAAGGGCCCAGCTCACCGCCTCCCTGGCGCCGGAGGGGAACTGCAGGTCGTCCTGGATGCGGAAGCCCGGAAGCCGTCCGGCGAGTTCCCGGCGCACGCGGCCGTGGAGGGCGCCGCCCCCGGACAGCAGGATCGGGGTGCCCGCGGGCATGGGGGGCGCCCAGGCCCGCAACTCCCGGGCGCAGGCCTCGGCGGTGAAGGCCGCCAGGGTGCCCATGCGGGAAGGGAGGGGGAGGTGCTCCAGGGAGCGCCGCTCCGAGTCCAGCCAGGCCGCGCCGAAGACCTCGCGCCCCGTGGACTTGGGCGGGGGGATGCGGAAGTGGGGATGGGCCAGCCAGGCTTCCAGGAGCGAGTCCTCCACGAAGCCCGAGGCCGAGGCCCCGGCGGGGTCGTAGGGCTTCCCGAGCCAGAGCGTGGCCGCCAGGTCCAGGAGCGTCATGGCGGGCCCCAGGTCCCAGGCCCGCACCTTCGCGCCGTCCCACACCGTGGCGTTGGCGATGCCGCCCAGGTTGAGCGCGATCCAGGGTTCCCTGCGCCCGTGGAGCCAGAGCTCGGTGAGGGGCACCAGGGGCGCTCCCTGGCCGCCCAGGGCCATGTCCCGCCGGCGCAGGTCCCAGACGACCGGACACTGGAGCTTCTCCGCCAGCACGTAGGGATCCGCCAGCTGGAGGGTCGCCCCGCGCACCGGGTGGTGCTGCACCGTCTGGCCGTGGAGCGAGGCCAGGTGGGGCTTCACGCCCAGGGACCGGGACAGCTGGAAGGCCGCGCGCGCGTGATGGTCGCCCAGGTCCCGCTGGAGGATGCAGAGCGCGCCCGGCCTGAGATTGTCGTTGGCGGCGGCCATGACGGTCTCCCGCAGGGCGGGCGGGTAGGGCTCGTGCAGGTGCCCCACGAGGTCGAGGAAGGGGCTGCCGTCCTTGAATCCGGCCGGGTCCACCCGCGCCACCACCGCGTCCACGCCGTCCGCGCTGGTGCCGGACATGAGGCCGAGGACCATCCAGGGGCCCGGCGGGAGGGAGGAGGCGCTGATCATCTCCCGGACAGTATGCCAGTGGAGTTAAGCTGTAGGGCGAGAGGTACGCCATGCAGACGCTCATGCTCACGGAACAGGCCGCCTTCCTTCGCAGGAGGGACGAATCGTCCGGCGGGGGGGGGATGGGCTGTTTCGTAATGCTCCTGGTCATCGGCATCGTCGTGTGGCTCGTGATGCGCGGCCGGCGCGACCGCCAGGAGCAGCTGGGCGCGGCGCACCGCCCCATGGGCTCCGGGCCCGTGGAGGGCTTCACCTTCGCCAATCCCTACCCCAAGTGCCCCACCTGCGGCGCCGCGGGCGACAAGATGAAGCAGCATTACGACGGCCTGCGCAAGGTGACCTGGACCTGCGGCTACTGCGGAGGCACCGCCGGCGTGCAGGAGCTCAAGGACGAGGAGCTGCCCCCCGGCGCCCGCCAGCGGCTGGGCCTGGACGCGCCCCAGGGCCTGGCGCCGGGCCAGCCGGGCTACTACCCCAACCAGGGCGGCGGCGGCATGGGCGGCCTGCTCACCGGGATGATGATCGGCAGCATGATGGGCGGCGGCCACCACGACCGCGACCGGGACGGCTGGAGCGGGGACGGCGGCTCCTCCTCGGGCGGCGACTGGGGCGATTCGGGGGGTTCCTCCTCCTCGGGGGGCGACTGGGGCGACTCGGGCGGCTCCTCGGATTCCGGCGGCGACTGGGGCGATTCGGGCGGCGGGGACTCCGGCGGGAGCGACTTCTGAACCCATAGCAAGGGTTCGTACGGGCAGGCGTCTGCGAAGGCGCTCGTCCCCGGTTTGTACGAAATCTCAACAACCCCGCAGCTCTGCCTGTAAAATGTATTATGTGGATTTAATGGAGTTGCGGTGTTCGGAATCCTTTCAAGGTACAAGGTCGGGTTCTGGGCCTCCCTCTGCCTCCTCACCGCGCTGGCGTCCCTGGCGGGGCACTATGCCGGGCTTCCCGCCCTGGCCGGCTTCGGCCGGGACCTGCGTCCGATGGCCCCCGCCGCCGGGTGGCTCGCGGCGCTCATTGGCGGCGGCGTGTTCCTTGCCGGCAGCGGGCGCCGCCGGCTGATCCTGCGCGGGCTCATGATCGCGGCGGGCCTGGCGGTGGGGGCGCCGCTCCTCTACGGCGTCCTCGTCCTTCGCGCGCCCGGCAACACCCTCCTGGCCCGGATCGGGTACCTTGCCGCGTGCTTCTCGCTGGCGGCGGCCGCAGGCCACCGGTCCGCGCGCTGGAGGCACCGGCAGGCAGCGGCCCTGGCGGCCCTGGTGCCCCTGGTGGCGGGGTCCCTGCTCCTGTTCGGCTATGCCGCGGGGATGCCGCTGCTGTTCGAGACGGAGGCTTCGGCCACCTCCCTGCCCGCGGCGCTCACGCTCTTCTTCCTCGGCCACGCCCTCCTGGCCCTGGCCGGGAACGACACCTTCCCCATGACCCTCTTCCACCTGGACCGGGTGGAACTGGCCGCCTCCACCAGCCTCTGGCTGAAGCGCCTGCCCGTGCTGAGCTTCATGGTCCTGGCCAGCCTGGGCGGGGCGGGGGGGGCCCTGTGGATGCGGGGGCAGGTGACGGCCCACCGGCGCTCCGCCAAGGACCAGCTGGCGGCGGCGGCGGACCTGAAGGCCGCGGCCCTGGACCGCTGGATGGAGGAGCGCCTCGCGGACGCGGAGGTGATCCGGAAGGGCGGCATCCTCCAGGAGAGCCTGGCCCAGAGGCTCCAGCGGGGCCCCGGGCCCGGGGACGGCGCCATCCGGACCTGGATGGCCACCCTGCGCGCGCAGTGCGGCTACCGCTGCGTGGCGCTGTGCGATCCCGCGGGGCGCGTGGTGACCGGGGACGGTCCGTTCCGGCCGGCGCCCGGCACGCTGCAGAAGGCCCTGGACACCGGCGAAGTGTGCCTGGAGGACCTGCACCAGGACGAAGGCGGCGGCGAGTGGCGCTTCGGCCTCTGGATCCCGGTGCTGGACGCCGGCGGCACCCCGGCCGGGGCCGTGAACCTGGCC
CP132910.1_gap129	4934411	4939298	4887	CCAGTCGTAGATGAACCGGCTGATGTAGATGCTGGTGAACAGGGAGGCCGTGACGCCCACCGTCAGGGTCACGGCGAAGCCCTTGACGGGGCCCGTGCCGAAGATGAACAGGAGGATGGCCGACACCAGCTGGGTGACGTGGCTGTCCACGATGGTCCAGAACACCCGGTCGAAGCCGGTCTGGATCGCGCCCGCCACGGACTTGCCGTTGCCCAGTTCCTCGCGGATGCGCTCGAAGATCAGGATGTTCGCGTCCACCGCCATGCCGACGGTGAGGGCGAAGCCGGCGATGCCGGGCAGGGTGATGACCGCGTGGAAGGAGCCCATGAGGCCCAGCATCACGATGATGTTCACCGTGAGGGCCACCACGGCGTTCACGCCCGACCACCTGTAGTAGAAGACCATGAAGCCGATGACCGTGAGGAAGCCGATGAGCGCGCCCCGCACGCCCGAGGCGATGGAGTCGGCGCCCAGGCTCGGGCCCATGGCCCGCTCCTCGAGGAACTTCATGCTGGCGCGCATGGCGCCGCTCTTGAGCTTGAGGGCGAAGTCGTCGGCCTCCTCCTTGGAGAACTGGCCGGTGATGCGCACGGCGCCGCCGGGGATCTTCTCCTTGCACCAGAGCACGCTCACGACCTTGCGGTCCAGCACCACGGCGATGCGGCGGTTCTCCTCCGAGGCGATGCCCGAGAGGTTGTAGAAGTCGTCGGCGCCCTTCTTGTTCAGGACGTAGCTGATCTCGTACTGGTCGGTCTGGGAGTTGACGGTGGGGTCGGCCTTGGTGATGTCGGCGCCGTCCACGTAGACCTTCTCCTCCACCAGGACCCAGGAGCGGATGGGGTCGGGCTGGCCGGCGGCGGGGGCCTGGAAGGCCTTGCCTTCGCGGCGGGCCTCGCGCTCGGAGAGGGGCAGGGGCAGGAGCTCGGTGCCGGGGGGGAGGTGGCCGGCGAAGTGGCCCATGGCCTCCTCGCGGGTGCGCCAGCCGATGCCGTTGGTGGTGTCCTGCTTGGCCACCAGGCGCTGCTCGAGCCGGCCCGGGGTGGTGAGCAGGCCCTTGATGCGCTCGCGTTCCGCGTCGCCCACGCCCGGGAGCTCGACGACGATGCGGTTGCCCTCGGCGCCGGTGGGGGTGATCTCCGGCTCGGCCACGCCGAACTGGTTGATGCGGTTCTCGATGATCTGCTGGGCGCGCTTGTTGGCGTCGTCCTTGAGGCTCTTCTGGTATCCGGCCTTCTGGCTCAGGGTCAGGGTGTCGCCGGAGAAGGCGGCGTCGTAGCCGCTGAAGCCGTTGAGGATCTTCTGGGCCTCGGCCTGGCGGTCCGCGGGGACGCCCTCGGCCTTGACGGTCATGCCCTCCAGGTGGGCCACGGCCTCGGGGAAGCCCTTCTCGTGGAGCCGGTCCAGAAGGCGGTCCCGGGTGTCACGCAGGTCGGCCTCGAGGGCCTCGTGCCCCTGGACCTCGAGTTCGAAGTGCACGCCGCCCTTCAGGTCAAGGCCCAGTCGGACCTTGGAGAGGGGGACGAAGAAGTACGCGCAGGCGCCGCAGATCAGGGTGGTGAAGATCAGGCGCCAGAGGCTCCGCTTGGTCACGAATGGGCTCCGACGAAGGGAGAGCGGGAACGCGAATCCCCGCCCTCGGCAAGACAAAGATCAGGGATCAGTTCTGTTCGGGAGCAGGTTCCGCCGCCAGGGACGCCACCGCGGTGCGGCGGGCCTTGACGATGGAGCTGCCCAGCTTGAGGTAGATGTTCTTGTCCTCGACGCGGTCGATGACGGCGTAGAAGCCCGAGGTCAGCAGGACCTCGTCGCCGGCCTTGAGCTTGGAGAGGCGTTCCTCCATCTGCTTGCGGGCCTTGCTCTGGGGGCGGATGAGGAGGAAGTAGAAGAGCAGGGCCATGCCCCCGAAGAGGATGATGGGACCGAATGGGGATCCCTGCTGGGCTTGCTGGAGAAGGGCGAAATTCATTCAAGGCTCCTCTTGGTTCCAATTTTCCCTGGTGCGGCTGGCGAATTCCGGGAACCGTTCCTCCTGGAGGGCCTGCCGCGCGGCTCGAGTCAGCCCAACAGTGTAGCTCAGGTTGTGGATACTGTTGAGGGTGGATGCCAGCATCTCCCCGGCCCGGAAGAGGTGGTGCAGATAGGCGCGGCTAAAAGTCCTGCATGTGTAGCAGTTGCAATCGGGGTCCAGGGGCCGGTCGCTTTCGCGGTGGCGGGCGTTCTTGATCTTCACACGCCCCCGCGACGTCAGGAGGGTGCCGTGGCGCGCCTCCCGGGTGGGCAGGACGCAGTCGAAGAGGTCGACGCCGTGCTCGATGCCGAAGAGGAGATCCTCGGGCGTGCCCACGCCCATGAGGTAGCGGGGGCGGTCGGCGGGCATGAGGCGGACGAAGCCGGCCAGCAGCGCGTTCATCTCCTCCTTGGGCTCGCCCACGCTGAGCCCGCCCACGGCGAAGCCCTGGAAGGGGGTGGCGGCGTCGATGTCCAGGAGCTCCTCCAGGTGGCGGGAGCGCAGGTCCAGGTGCACGCCACCCTGGTTGATGGCGAACAGGCCCTGGCGCTCGCCCAGCGGGAAGTCCCGGCAGCGCTTCAGCCAGCGGGTGGTGCGGGCCATGGACAGCTCCAGGCCGGGCCTGTCCAGGCGCCCCGGCGGGCACTCGTCCAGGGCCATGACGATGTCCGAGCCGAGGTTGCGCTGGATCTCCATGCTGCGCTCGGGCGAGAGGAAGTGGGTGGAGCCGTCGATGTGGCTCTGGAAGGTCACGCCCTCCTCCTTGATCTTGCGCAGGGAGGCCAGGGAAAAGACCTGGAAGCCGCCGGAGTCCGTGAGGATGGGGCCGGGCCAGGCCATGAAACGGTGCAGCCCGCCCAGGTCGCGCACCAGCGCGTCCCCGGGCCGGAGCCCCAGATGATAGGTGTTGCCCAGGATCACCTGGGGGCCGATCTCGGCCAGCTGCGCGGGGGTGATCCCCTTCACGGTGCCCTGCGTGCCCACGGGCATGAAGGCCGGTGTGAGGACGGAGCCCCGGGTGGTTTCGAAGCGGCCGGACCGGGCGACGCCAGACGATGAATCTTGAATGAACCTGGAAAATGCGTGTGACATGACTGTGACAAACCCCTATGAACTGTCACGTGATTATCACGGAAAAGCCCCAGGACGGGGGTCCGTGTCACGATGTTGGAAAAAGTGTGGCAATCGTCCTAAATCCTCTGCCAATGCGGATTTCAGCTCTTGACGCCGATCGGGCAGCTTGTAATCTTAACCGCTGGGCCTGCCCCGGATCATTCGACCTTTGGTTTAGAGCCGTTTCTGTCGTCAAACGCAGATCCGGCTCCATTTTTTTCTCATTTCAGCTTTTTTCGGGAGTCGCATGAGCCAAGACCCCAAGACCAACCCTCCTCCCAACGGCGCTTCCAAGGAGACCCTGGAGGACCTCGTATACAGGTCCAGCCTGGCTACCGGGAACTCCGCCGTGCACGGCGCGAGTCCCCTGGTCACCATCCCCATGACCATCGTGTCCTACGCCATCTTCGGCGCGTGCGGATACCTGCTGGCGACCCACACGGACGCCGGCAAGAAGGTCATCAAGACCATGGGCGTGGACCTGACTGAGCAGGCCGACGCGCCGCCGCCCCCGCCGCCGCCGCCTCCGCCGGCCCCCGCGGCCCCCGCGGCCCCCGCTCCCAAGATCCAGATGAAGGAGGCGCCTCCGCCGCCCCCCATCAACCCCAATCAGGACCAGGTGCCTGAGATCGCTCCCCGGGAACTCCCCAAGCAGGACCTCACCCTGCGCTACGCCTCGAGCCAGAGCTCCGGTTCCGGCGTCCCCGGCGGCGGCGTGAGCGGCTCCGCGGGCCCCGCCACCGGCATGGCCGTGGCCGGCGCCGGCACGTCGCACGTGGTGGACTTCGACTTCAGCCAGATGAAGATCAAGTTCCAGCCCCCCGCGCCCCCCTATCCCGCCCTCGCCAAGATCGCCCGCATCCAGGGCACCGTGGTGGTGGAGATCACCGTGGGTCCCGATGGCATCCCCATCGCCGCCCACGCCGTGGAAGGCCCGGCCCAGCTCCGGCAGACCGCCGAGAACTACGCCATGGGCTGGAAGTTCGAGCCCGCCATGCTCAACGGCGTGGCGCAGACGGCGCGGTTCAAGCTGACCATGCCCTTCAGGCTGAAGTAGGGACGTGCCGAACATGTCCCGTCCCGCATGGTTGGGTGCTGGTTTCGCCATCGCCCTCGCAGCAACGCTCGTCGCCTTCGGCGGCGGCGCTTCGAAGCCCAGGGCTTCGAACCCGGCCCCAGCATCTTCACAGGCCCCCGCGCCCACGTTGGATCCCGTGATCCAGGACTCCAGAACGCACCCTTCCGCCTCTCCCGAGGCCCCCTCTCAAGCCACCTCATCCCATAAGGAATCCAAATGAGCCTGCTTGCCTCCCCCTTCGTTCTCGCCATCGCAGAAGCCGCCGAAAACGCCTTCGGTCCCAAGCAGATCTGGGAAGCCGCTTCTCCGGTGAACAAGGTCATCATCGGCATCCTGATCCTCCTCATCCTCCTCCAGATCTACACGGCCATCGAGCGCGGCATCGTCTATGCCCAGTCCAACGCCGCCTCCCGCAAGTTCCTCAAGCTCTTCATGGACACCCTGCGCCGCGGTGACTTCGAGGCCGCCAAGCGCGCCGCCACCACCCACAACAAGAGCCACATCGCCCTCGTCCTCAAGCACGGCCTGGACATCTTCCAGTACGAGAAGCAGCTCAAGGCCCTCCACGAGTCCCACGACGTGATCCAGCCCGTTGAGCGCGCCATCGCCCGCGGCACCGCCGAAGTCACCGACCTGCTCAAGAAGGGCATGCTCGGGCTGGCCACCATCGGCGCCCTGGCCCCCTTCA
CP132910.1_gap130	4940581	4941792	1211	GGTGGTGGCTGCGGTCAAGAAGCGCACCCCCACCAGCTAGACGATCCCCAGGGATCGGAGGAAACGGGCCGGAATCTCCGGCCCGTTTTCATTTTTTGGAACGGAGGAGGTGGATCCGCCAGGCCAGGTAGGGGCCGATGGACTTCTGGCGCCTGGGCTTCTTGCGGCGTTCGATGGGCGCGAACAGGCGCCTGCGCCGCCGGTCCCTGCGCCGGCGGTTGCTGCCGAACACCACGGCAAGCACCAGGATCATGGCGGCCAGGGAGGCCACAATGATGAGGGCGAGGAGGGCGTCGGAGGTCATGGATCGGCCTTCATGGGGCCGTTCGGGTACGGCCCATGGGGATACGAACTGCCAAGGGGGCGGTAGCGTATTTTTTCGCCGATTCCTGCCGGGATCAAGCGGATTCGAACGAATTCAGGGGTTGTAGGCTCCCTGGGGCAGGTTCATGCCCTCGGTGTGGAACCGGTCGCTGGCGTGGAGGTGGTCCAGGAGCTGGGACAGGTTGGCGCCGCTGGGCACCACCGGGACGCCCACCTCCCGCTCCAGCTCGGCCAGGGTCATGTCGTCCAGGAACTGGTTGGAGGGGGTGGGTTCGCTGCCGTCGTCCAGGGCGTACTGGTCGGTGGGGCCGGTGTGGACCCGCAGGGAGGCGCTGGGGATCACCACGGCGTCCACCCAGCGCAGGTTGCCGCCGTGGGCGTCCCGGTCGGCATGGGCGGCATAGGCCAGGTCCCGTCCGCACAGGAGCCCGGCCACCGTGACGCTCGAGCCGAAGGCGTTGTTGGGCGCCGCCACGGCCCGCAGCTCGCTGCCGCACTGGCGGTTCACCTGGGCCAGGGTGCGGTTGAGCACCGGGGCGAAGCTGCTGCCGGTGAGCACCAGCACCTTGCGGCCCTGGAAGTCCATGGCCTTGGGGGTCCGCACGAAGCGGCGGGTGTGCTCCAGGAACTTCCGGACCAGGCCCACCCCGTTTTCCAGCTGGGCCCAGGACTGGGAATAGAAGGCCCGGCCCGGCACCGGGATGTCCGCCCGGGTGAACCACTCGTCGGCCAGCAGCAGCCAGGGCTCGCCGTGGTTGGCCGCCGTATGGCGGCGCACCTCGGGAATCCAGCGCCGGGCCCACGCGGCCGCGAAGGCCGGGTCCACGTCGGGGATGGAGGGCAGGCCGTCCCGGTGGGACGTGAGCCCCACGGGGACGCAGGAGAGG
CP132910.1_gap131	4944298	4948056	3758	CCTGGTTTTCGGGCCTGGTTCGGTATCGAATGACGTCGCAAGGTCTTTTGTCCTGCGTCGGCAAGGGTGCGCAACGTTCCAGACCCGGCTGAGGGGATTCGCGACGAATTCACTCAACGCGGTTGATACTTGGCGCATTACGTAATACAATAACTTACATGAGACGAGATAGCCGATTATCCGGAGTCCTCCACGTCCTACTCCACATGGCGCAGCAGGGTGCCCCTCTGACTTCGGAAGTCCTGGCGAAAGCACTGAACACCAATCCCGTGGTGATCCGCCAGATCATGGCTGGCCTTCGGAACGCGGGGTACGTCCGATCGGAAAAGGGACATGGCGGTGGCTGGACGCTGGCCTGCGGCCTATCGAAGGTGACTCTGCGCGATGTGTACAATGCGCTTGGCTGCCCTTCGCTACTCGCCATCGGCAACCGCACGGATGCGCCCGGCTGCCTTGTCGAACAGACCGTAAATGCCGTACTAAATAAGTCATTTCAGGATGCGGAGGCGCTGCTGCTTTCGCGCCTTGGCGAGGTGACACTCGCGGCGCTGAGCGCCGACGTTTGCAAACGCCTTGCTGCCCGTGGCGGATCACCTCATCTGGAGACGAGCCATGCCTAGACCCATTCACCACCGAAGCAAGGGCCGGGATTGATATGACTGAATTCTGGGAAACGGCTTTTACTGAGAAGCAACTGATATGGGGAAACGAGCCGACCGCCTCCGCCAACCTCGCGAGCGATTACTTCGCTCGAATGGGCATCAAGGATGTCCTTATCCCCGGGGTAGGGTACGGCAGGAACGCCAAGGGGTTCCTGGATCGCGGGATGTCCGTCACCGGGATCGAGATCTCTGACACGGCGATCTCTCTCGCCCGTTCCCAGCTCGGCCTTCAGATCCCCATCCACCACGGCTCGGTAGCGGACATGCCGTACGACAGCAGGCCGTACGATGGCATCTTCTGCTATGGACTCATCCATCTCCTGGATCCAGCGGGACGTGCAAAGCTCATCCAGGACTGCTACCGACAGCTCGCGCCAGGCGGGCACATGATTTTCACCGTCATCTCGAAGAAAGCGCCGATGTATGGGCAAGGAGAAAGGCTGGGCGAGGATTGGTACGAGAGAGGACCCGGCCTGCAGATGTTTTTTTACGACACCGGTTCGGTTGAGCGGGAGTTCGGTCCGCACGGGTTGGTCGCGCTCTCCGAGATCGATGAGCTGATGCCGGGCGGTGGCTCTTTCCCGTTCATCAACGTGTTTTGCATGAAGGGCGAAATGACGTGAACATCGTGAGGCATCGGCACGTTTTCGCGAAAATCAGCGCCGGCGCTAGGTTCTTCTCCCGAACCTGACGAATCGCTGGGATGAAGGGTCGGCCCCAGATGAATTCAGTCCTCCCGGGTCTGTCGGAAATCCATGAAGACCCGTTTACTTTGGTATCCTTGGCGGCATCCCCCGGAGATGCCCCATGCGCCTTGGATCCCTGCTCACCGCCTGCGTCGCCGGCCTGGCCCTCCAGGCCGCCCCGGCCAAGGACGCCACCTTCCAGTCCCTCGCCAGGATCATCGTCGAGGACACCCTGCGGTTCTCCCCGGAGGGCGCCACCCAGTTGGGCGATCACCGCTGGGACGACCGTCTCCAGGACCTCAGCGCCCGGGGCGTCGCCGAGCAGCTCGCCTGGGCGCGGCATATGTCGGGCCTCCTCCGGGGCATCCGGCCGGAGCAGCTCTCGCCTGCCAACCGCGTGGACCGGGAGGTCCTCCTGGACACCCTCGGCGCCACGCTCCAGGACCTCGCGGAGCTGGAGGTCTGGCGCCGGAACCCGCTGATGTACAACCCCGGCGGCGCCCTGGACGGCCTTCTTTCCAGGGACTTCGCCTCCCCGGGCCGGCGGCTGGCCTCCGTGAAGGGGCGGCTGCAGGGGATCCCGGCCCTCCTGGCCGCGGCCCGGGCCAACCTGGACAATCCGCCGCGGATCTTCACCGAGACCGCCATCCAGCAGTTCCAGGGCACCCTGGGCCTGGTGCGGGACGGCGTGACCGAGGCCGCGGCCCAGGCCGGGCTGAAGGAGGACCTGGCGCCGGCCCAGGCCCAGGCGGCCCGGGCGCTGGAGGACTTCATCGCCTGGCTGAAGGCCGATCTCCTGCCGCGGTCCAACGGCGACTTCCGCATCGGCAAGGCTGCGTTCCGCAAGCGCCTTGGCACGACGCTGAGCTCCGGCCTCACGCCCGAGGCCATCCTGGTCCGGGCCGAGGCGAGCCTGAAGGCCATCCACGCCGAGATGGCGGAGGTGGCGCGGCCCCTCCACCGGGCCTGGTTCCCGGACCGGGCCGGAGCCGGCGACCGCGACGCCGTCAAGGCCGTGCTGGACCGCATCGCCGAGCGCCACCCCGACAACGCGACCATCGTCGCCCAGGCCACGCGGGACCTGGCCGAGGCCACCGACTTCGTGCGCGCCCGCGGCATCGTGACCCTCCCCACCAGCCCCGTGCGGGTCAAGGTCACCCCCGAGTACGCCCGGGGTGTCGCCGGGGCCTACTGCGAGACCCCGGGCCCCCTCGAGAAGAACGGCACCACCTTCTACTGCATCGATCCCACCCCCGCCGACTGGAGCCCCGCGCGGGCCGCTTCCTACTTCCGGGAATACAACGACGCCATGCTCAAGGACCTGACGGTCCACGAGGCCATGCCCGGGCACTACCTCCAGGGCGCCATCGCCAACCTCTACCAGGGCCCGACCCTGGTGCGCGCGGTCTTCTCCAGCGGCCTGTTCGCCGAGGGCTGGGCGGTGTACGGGGAGCAGGTCATGGCCCGGATGGGCTTCGGGGGCCCGGAGGTGCGCCTCCAGCAGCTGAAGATGCGCCTGCGGGTGACCATCAACGCCATCCTGGACCAGAAGATCCACACCGCCGGCATGACCGAGGCCCAGGCCCTGAAGCTCATGATGGACGAGGGCTTCCAGGAGGAGGGGGAGGCCGTGGGCAAGTGGAAGCGGGCCTGCCTGACCTCCACCCAGCTCAGCACCTACTTCGTGGGCGCGGCGGAGATGGACGACCTCCGCGCCGCGGCGGAGGCCCGGGCGAAGCGGGAGCGCAAGCCCTTCGATCAGAAGCTCTATCATGATCAGGTACTTGGCTTCGGGACCCTGGCCCCCAAGTTCGTGCGCCGGCTGATGGGGCTGTAGGATTTTCGGGCCGGGGATGTCAGCATAGGAAGTGCCCCCGGAGAAGCCATGAAGTTCCACCCGACCGCCCTCCCCACGGCCCTGCTTCTGGTCCTCGCCTGCTCCCGGCAGCCGCAGGACCTGAAGAAGGGGATGGAGGCCTTCCAGCGCCAGGACTACGCCGCGGCCATGGCCCTCTGGCAGCCGCTGGCGGAAAAGGGCGTCGCCCAGGCCCAGCTGTCGCTGGCGGAGATGTTCGCCCGGGGGGACGGCGTGCCCCGGAACATGGCCGAGGCCGCAAGGTGGTACCGCCTCGCCGCCGAGCAGGGCGTCCTGAAGGCCCAGGTCCAGATGGCCTGGATGTGCACCCAGGGCGAGGCCGTGAAGAAGGACCCGGCCGAGGCCGCGAGGTTCTACCGCCTCGCCGCGGACCAGGGCAGCGCCCTGGCCCAGTACAATCTGGCCGTGATGCTCGACAAGGGCGAAGGCGTGGCCCGCAACCCCGCCGATGCCCTGAAGTACTACCGCATGGCCGCGGACCAGGGGGATCCCAACGCCCAGTACCTCGCGGGCTATTTCTACGCCCGGGGCGAC
CP132910.1_gap132	4975037	4977855	2818	ACGAGTTCCAGGACACCGACGCCCGGCAGTGGAAGATCTTCAGCCGCGTCTTCCTGGCGTCGCCCGGGCACCGCCTCTTCCTCGTGGGGGATCCCAAGCAGGCCATCTACGGCTTCCGGGGCGGGGACCTGCCCACCTACGTGGAGGCCCTGGCCGAGCTCGGGCGAAAGGGCGCCCAGGTCCTGCACCTGGCCACCAACTACCGCTCCACCCGGGGCGTCATCGGCGGCTACAACGCCATCTTCCGGAATACCGGGGGCGTCCCCTTCTTCACCGGCGGCAACGAGGGCCACTACGAGCACCCCGTGGACTGCGGCAAGCCCGCGCTGGCCCTGACCGGGGCCCCGTCCATCAAGGTGGTGGACGTGAAGGTGGCCGACGCCCGCACCACCAAGCTCCAGGCCGCGGCGGCCCTGGCCCGGGCCCTGGAGGCGACCCTCGGGGAGGGCCGGTTCAACGGCGAGCCGCTGGGGCCGGGGGATGTCTACGTGCTGACCCGCACCCTCGGCGAGGGCCGGATCATGGCCGACGCCCTGCGCGCCCGGGGCATCCCCGCCGCGCTCTACCGCCAGGACGGGCTCTTCGACGGTCCCGAGGCCGAAGCCTGCCGCGACCTGATGCTGGCCATCGAAGCGCCCTTCGACGAGTGCCGCCGCGCCAAGGTTCTGCTGGGGCCCTTCTTCGGGCTGAACCTCGCGGAGGCGGAGAAGGCCCGCAACCTGCCGGAAGGCCACCCCATCCTCACCCGGCTCTTCGCCTGGCGGGAGCTGGCCGCCCGCGGCCGTTATGGCGAAATGTTCAACCGCGTGGTGTCCGAAAGCGGCCTGAGCCAGCGGCTCCTCTTCCTGGACGAGAGCCAGCGCGCCCTCACCAACCTCCTGCACATCCTGGAGCTCCTCCAGCAGCAGGCCCTGGGCGGCCACTGCACCCTGGCGGGCCTGGCCGTGCAGGTGCAGCGCTGGATCGACGGCGAGGACCGCCCGGCGGTGGAGGAAGGGGAGACCCAGCGCCTGGAGCGCGACGGCGGCACCGTGCAGGTGCTCACCATGCACAAGGCCAAGGGCCTCCAGGCCCCCGTGGTGGTCCTGTTCGGCGGCCTGTCCCAGGGCAGCACCAAGGCCAACCTCCACCGCTACCACCTCCACGGGGAGCGCCACGCCTGGGTGGGCTCCACCAAGGCCGCCACCGCCGCCGTCCAGGCCCTCATCGAGACGGAGGAGTCCGAGGAGGGCGAGCGCCTGGCCTACGTGGCCCTCACCCGGGCCGAAGCCCAGCTCATCCTCCCCTGCTACGTGCCGGGAGACGAGCCTCCCGCCCCCGGCGGCAGCTTCGACCCCGCCGGCGACCCGAAGAAGGGCCTCTACCGCAACGTGAACCGCCGCCTGAAGACCCTGCTGGGCCCGGCGCCCCGCGATGACTTCGAGCGCCTTCCGGCCAGCGTGGCGGTCCCGGCCACCCGGACCCCCAACCCCGGCCCCTGGACCCTGGAGCTCCCCGCACCCCTGGACTTGCCCGCCTTCCCGTCCCTGCGCAAACTCGGGCGCCCCCTGTGGATGTTCAGCTATTCCAGCCTCCAGAAGGGCCTCAAGCCCGGCTGGGGGGAAGGGGCCCACCTGGAGGAGGTGAAGGAGTTCACCCCCGCCGACGGCCCCCGCGGCGGCAAGAAGCTCGGCACGAAGGTCCATGCCGCCCTCGAGCATGTGGACCTGGCCTCCTTCGCCGGCGTGGACCAGGACACGTGGCTCGCGCTGCCGTCCACCAAGGCCCTGGCCGCCGCGTGGCTCCCCGAGGAGGGCCGCAGGGAGGCCCTGCGCTGGATCCACCACGCCATGACGATGCCCTGTCCGCTGCCCGACGGCGGCACCGCCGTGCTCCACGAGGCCGACGAGCTGCTCCGGGAGCTGGACTTCCTCACGCCCTACGCCGATCGTCCGGATTTCCTGCACGGCTCCATGGACGTGCTCTTCCGGACCGGGGGAAAGGCCTATGTGCTGGACTGGAAGACCAACCGCCTGCCCGGCTACGACCCCGCGTCCCTGGACCAGACCGTCCGGGACCACTACTGGCTGCAGGTGCAGATCTACGCCAGCACCGCCTGCCGCTTCCTGGGCATCACGGACGAGGCGCAATACGACGCCTTCGGCGGCGTGGTGTACGTGTTCCTGCGCGGCCTCCCCGAGGGTGGCCTCTGGACCTGCCGTCCGTCCTGGGCCGAACTCCAGGCCTGGGAGGCCGAGCTCAAGGCCCTCCCCGTCGACCAGATGGTCCCCCCCCACGCCGGAGGCGAGCCCCGTGACCGATGACTTCCTGCAGACCCTCGACCTCCACCGGGACCGGGCGTCCTTCCCCCGGCGCGTGGTCGAGCACCTGAAGACCCTGAACCAGGAACCCTCCGCGCTCATCTTCGCGTGGGAGCTGAGCGGCCTCGCCCCCGGCCTGGACGCCGACCGGCGCAAGCGCCTGTTCGCCATAGTCCTGGCCCTCCTGTCCGCCCAGGCCCAGGGCCACACCCGCATGCCCCTGGTCCCCGAGCCCGGCGGCCCCGCCGACCTCCTGTTCCAGGCCTTCAACCTGGAGTCCTTCGACCTGGAAGCCTTCCTGCGCAGGTCGGCCCCGTCCCTGGCCGGGGACCCCGGGGAGGCCAAGCCCCTGATCCTGGAGCACGGCTGGCTCTACTCCCAGCGCCTCCTGGGCCACGAGCTGGACCTGGCCGCGCTGGCCGGCGCCCTGAAGACCGTGACCGCCGCCCCCATCGTGGACCCCCCCGAAGCCATCTTCCACCTGCGCGCCGGCCGCGCCCTGAACCCCGAGCAGCGCC
CP132910.1_gap133	5091150	5093563	2413	CCGGGGGGAGGGCCTCCTGGCCGCCACCCGGTACGGCGTATACGCCTTCCAGGACGGCGTCTACCGGCCCGCGCTGCGCGGCACGCCCCTGGGCACCCGATCCATCTCGAGCCTCTACGTGGGCCCCGCGGGCGACCTCTGGGTGGGGACCGGCAGCGACGGGGTCTTCAGCTTTCCCCAGGGCGAGGACGGCCCGTGCGACACCTACACCGAGGCCAACGCCCGGATCCACGGGCGCGTGGGCTGGATCTCCCGCCTGGGCAACGGCGACCTGGTGGTGGGCCACGCCCGGGGCCTCTCCGTCCTGCGCGCGGGCCGCACCGGGCCGAGGGTCATGCAGATCACCCGGAACCTCGGGCTGCTCTCCAACGAGACCTCGGATTCCGCGGTGTGCCGGGACCACCTGGGCCGGCTCTGGATCGGCATGGCGGGGGGCCTGTGCATCCTGGACCCCGCCGCGGACCTGCCCGAGCCGCGCCTGCCCAAGCCGCGGATCCTGGACGCCACGGTGGGAACCCTGGCCTTCGGGCTGCCCGTGAACATCGTCCTGCCCCCCACGCCGGGCACCCTCACCCTGCGGTTCGACGCCGCCAAGCCGCTCCCGCCCGAGAACCCCTCCTACCAGGTGTGGATCGACGGCGCCTGGCGCCAGGTGGAGCAGTCCAGCAACCTCTTCCAGATCGCCCGGCTGGGCCCGGGCGTCCTCTCCGTGCGGGTGCGGGCCAGCGACGGCCTGTCCTGGACGGAGTCGGACACGGTGCGCATCCGGGTCCGGGCGGCCTGGTACCAGACGGCCTGGGCGCGCACGGCCTTCGTGCTGGCCGGGGTGCTGGCGTTCCTCCTGCTGGTGGACGTCCGGATCAGGCAGGTCCGGAGGCGATCCCGCATGCTGGAGATCAAGGTGCAGGAACGCACCGAGGAGCTCACCCTGCGCAACCGCTCCCTGGAGCGGCTCCACCACCAGCTCAAGCGCAGCCTGGAGGGCCGCGTCCAGCTCATGAACACCATCACCCACGACCTGCGGTCGCCCCTGACCAGCATCCTGATCTCCGTGGAGCGGCTGGAGGAGAACCAGGACCTCGGCGGTTCCGGCAAGTCCGCCCTCAAGGTGGTGGCCCGGGAGGCCCAGCGCGTGGAGCGCCTGCTCAAGCACCTCCTGGACAGCAGCAGGGCCGAGAGCCTCACCGACGGCCTCAACTTCCGCGTGTGCCACCCGGGCGAGATCATGGAGGGCCTCTCCGAGACGCTGCGCATGAAGGCCGAGTCCCGGGACCTCACGGCCCGCATCGCCCTGGACCCCATGGGGGACCGCACCTGGATCCTGGCCGACGCCGAGTCCATGCAGCAGGTTCTCTTCAACCTCATCGAGAACGCCCTGAAGTTCACCTCCGCCCCCGGCGAGATCGGCATCCGCTCGCGCCTTGAGCCCCCATGCTGGGTGCTGGAGGTGTGGGACACGGGCCGCGGCATCGACCCCGCCCAGGCCGCGGACCTCTTCAAGCCCTTCAGCCAGGCCCGGGAGGCCGACGCGACCCTGGGCTGGGGTCTGGGCCTGAGCATCTGCAGGACGCTGGTGGAGGCCCACCAGGGCACCATCGAGGTGGCCAGCGCCATCGGGAAGGGCTCCACGTTCAAGGTGTCGCTGCCGCTCGTGACGGCGAACCCGGAACAGGCGCAGGCGGCCGAAGGGCCTACCCGCGTTCCCTGAGCCAGGCTCCGGCGAGGGCCTCGAGTTTTTCCGGCAGGTTCAGGGTGGGGTCGTCCATGACCTTTTCCAGGAGGAACCCCTGAAGTTCCCCCAGCCAGGGCCCGCCCTTGCGGTTCGCCCTGGCCATGAGGGCGCGGCCGTCCAGGGCCAGGGCCTTCACGTGCAGGGGCGGATCGGCCTGGGCCAGGGCCTCCAGGCGCGCCATCACGGCCCGGTGCTCCTCGAAGCACGTCTCGTCCCCGACGCCCTTGCCGGACTGGTCCGCCAGGCGGAAGACGCCCCAGCGCTCCAGGGACAGGCCGTCCTCCCGGAGGCGCTTGAGGAACCGGCGGCAGGCGGGATCGCCCCAGTCGGGGCCGGGATGGGTGCCATGGTGGGCCACCAGGGCGGTCACGTCCCGGGCGAGGGCGCCCGATGCCCGCAGGCGGGTCAGGATCTCCCCGGCGATGCGCACCGACACGGGCTCGTGGCCGTAGAAGTGGATGTGGCCCTGGGCGTCCTCGGTCTTGCGCGCGGGCTTGCCGCAGTCGTGGAGGAGCGCGGCCCATCGCAGGCCCGGGTCGGGGGGGGTGCGGCGCACCACTTCCAGGGTGTGCTCCCAGACGGGATAGGCGTGGTAGCGGTTCTGGGGGCACCCGATCATGGGGAGGAGCTCGGCCAGCCACAGGCCCAGGAGGCCCGTGGAGGCCAGGGCCGAGAGGCCCT
CP132910.1_gap134	5101896	5103538	1642	AGACCGACCTAATATACTGTTCCTGATTGATTTGGTCAAGTTTTTCGACAAGTGGCCGAATGTCACGAAGAAGGAAATTCGTCAGAGGGTGTAAACCCTGGGCGTCCTGGACGCACTCATGGTGCAGAACACCTTCGAAAAGGGGGCACCGATGCCCAGAGGCGACTCACGACATATGGGAATCATGCAGCGTTCACTGGGGATGGCCTTCCCGCCTGTCGGGCTGAACGCTTCCGAGGATCCGTCTCCGGCCATCCGCCGGGCCGTGCAGGAGTTCGCCCAGGCCTGGTATTGGGGGGACACCGACGAGATGCTTCGGACCCTGCACCCCGACTACGTCAACCGCCTCGTGACCCTGGGCACGCAGTCGCGTCCCCTGGGCGTGCAGGGCAGCCTGGGCAGCCAGACCCCCCCGGACCGCCGCACGGTGGAGGTGCGGATCCTGGAGGTGCGCAAGGCCTCCGCAAGCGCGGTGGCCGAGCTGTGCGGATGGGTCATCCACCTGCACCTGGCCCGGTCCGCGGGACCCTGGAAGATCGTGAACGCGATGTGGGAGTCCCGGACCGCCTGAGCTACTGGAGGGTGGGCGAGAACAGCTTCAGGTCCTTGCGGCCCGTCTCCACCTTGATGGCGGCGGGGCGGGAGATGCCGGCGGGGACGGCGACCTTGAGTTCGTACCGGGTGGCCCAGAGGTTGAGGGCCTGGGTGAGGCGGGCGGGAAGCTCGTTCTCGAGGCGGAACGTGTTGCCGCCCGAGGCGGTGGCGGCCTCCCCGAAGGGGCCGGTATTGGATTCGCCGATGCCGCCCACGCTGTGGAGGGTGAGGCCGAGGCCGGCGAAGGTGTTCTTCACGGCCGTCCTGGCCAGGGTGACGTCCCGGATCATCAGCTCGGTCTGCAGGCGGCTGTTCATGACGTCGCGTCCGCCCAGGACCTCGTTGCGCCCCAGGGCCTTCATGCCCCCCGCGCTCATGCGGGCGACCTTCTGGGCCCAGATGGGGTTGGCCAGGTCGTCGATCTCGTTGCGGCTGACGACCACCACCTGCGTGCCGGGGGCGTCCTTCGCCAGGGTCCGGGCCATCTTCTCCATTTCCTCCATGGCGGCCGTCACGGTCTTGGTCATGCTCCCCAGCTCCTCGGCGGCATAGTCGCCGATCACGCTCTTGCGGCGGGAGTTGGAGTCCTGGGCCTCGCGGGCCATGGCCCGGCCCAGGCCGCCGGCGAGGAGCGCGTTGACGGCCTCCATGCCTTCCTGGGGCTCGTTGGCGGGGGTCGGCGGGAGGCTGAAGTCGGCGTTCGGGTTCCCCTCGAGCTTGCCGGACCAGGTGCCGGCGGCCAGCGTCAGCGCCTTGCCCCACAGGGAGGGGCGCGTGGTGAAGCCGGGGGTGAGGCACTCCAGGCCCTTGGCGGTGCGCATGACCACCAGCGCGGAATCGGAGGGGGGCAGGGAGGCCATGAAGGTGGCGATGGACTGGAGCACCACCTGGCGGAAGTCCGGGTCGCGCACGGGCAGGAGGACGATGGCCCACCTCTGGCCTTCCTTGCCCACGTCCGCGGGGGTTCGCAGGCTGACGACGTCCGCGCCCTTGCCGGCGATCTGGACCTTCCAGTCGGCGGGCTTCAGGCCCTCGGCGATGCCCCGGG
CP132910.1_gap135	5106089	5108106	2017	ATCCGCGCCATCCTCCGCCAGGGCTTCGAGAACGCCGGCTTCAAGGTCATCGAGGGCGTGGACGGGGTGGACGGCTTCGCCTCCTTCGTCCGCCACCGGTCCTCCATCAACGCCGTGCTCCTGGACCTCACCATGCCCCGCATGGGCGGCGACGAGGTGTTCGAGGAGATCCACAAGCTGGCCCCGGAAGTGCCCGTCGTGCTCATGAGCGGCTACAGCCAGGAGGAGGCCACGACCGCCCTCGCCGGCCGAGGCCTCGCGGGCTTCCTGTCCAAGCCCTGCAGCATCAAGGAGGCCCTGGCGGTGGTGAGCCGGGCCCTGGCCGCGGCCCGCGCCGGGGCCTGATTTGGACACCTTCCGCCTCACGGGCCGGATGACCCGGCTCTGCTCCCGCCACTGGCTCCTGCACCGGTTCCTGGATCCCCTCTACCGGCACGCGGAGCGCCGCGGCTACGAGCCCCTGGTGCGGGAGAACGCCCTGCGCCTCCTGGAACGGGCCCACGTCGAGCGCCTCACGGGAGGCGGAGAGGCCCCGGAGGCGGCCGTGGAGGCCCTGGACCGCTTCGCGGTCCTCGCGGACCGGGGCGACCCGGACGCCGCCTACCAGGTGGCCGAGGCCCACAGGACCGGCTTCGGCCGGCCCCGGAACCACTGGAAGGCCCTCGAGCACTACCGGATGGCCGCGGACCTGGGCCACCCGGAGGCCGCGGCGCGGCTCCGCAAGCTCCAGGACGGGGAGCCGGTGGAGGACGCGTCCTTCGAGGCTTTCGGCCGCCAGGCCCTGCTCAAGGCCACCTACGCCCCGGACCGGGGCCGGCGGCGCGCCCGGTCCCTGACGGAAGGCGCCCGGGAGCTGCGCCGGGAAGGGGTGGGGCACCGCGGCGCGGTGGCCGTGCTGGGCATCGCCCTGGCCCTCCTCGGCTACCTCGCCCTGGACATCTACTTCTTCGGCATGGGCGCCTGGAGGCCGGATCCCGGCCGCGTGGTGTGGGGCCTCTTCGGCAAGATCCACCCGCCCAGGAGCAGCGGCGTGGGCCGGGTGCTGCCGGGCTGGCTCCGGCCCGACGCGCGCAGCGTCACCTTCGACGTGGCCGACGTCATCCACGAGCGGTCCGGCTCCTACCGGCTGGGCGACTTCCGGGGCAAGGTCGTGTACCTCCACGTGGTGGACGGCCACCACCCCACGGTGCACGAGGCCGTGCCCTGCCTGCGCGCGCTGGACGGGCGCCGCAGTCCCGATTTCGAGTCCTTCATCCTCTACATCCCCGCCCTGGAGCGGGTCAAGGATGTCCACTTCGCCATCCAGTGGGCCCTGGAGATCGCCCCCGCCGTGGCCCCCAACGCCAAGGCGGTGCGGCCCCTGGGCACGGTGTCGACCTTCCCGGCCAACTTCGTCATCGACCGCCAGGGGCGGATCCGCCAGCGCTGGACGGGCTTCAGCGAAGCCATCACGGAGGAGGCCATCAAGGGGGCCCTGGCTGAAAAATGAAAGGCAGGGTAGCGTCTTCCCATGACCTTCACCTTCGACCCTGAATCCGCGGACTGCTCGGGCGCCCTGGCGCGGCTGGGCGCCATCGGGTTCACCGAGGCCGCCGTGGCGGAGCGGCTCGGCCTGGAGGACCTGAACGACCTCCAGTGGAAGGCGGCGCCCATCTATCGGCAGGCGCGCCTGGCGGAGCGGGATCCCCTGGCCTCGGCCATCGACCTCTTCGTCCTCCAGGGCGCCCTGGAGGCCCGGGAACTGGGCCGGCTCTTCGACCCGGAGGCGCAGGGCGCCCTGGTGCGCGCGGGGCTCCTGGCGCGCGCCGGAGCCCAGGTGCGGGCCCGGGCCTCCGTGTACCCCGTGGGGTCCCGCCTCGTCGTCTCGGACCACGCGTGGGTCGACGGCGGCGCCGTCCCCCGCGACCAGGTCATGTACGTGGGCACCGACAGCCGCTGGCTGGCGCGCGCCACGGTGCGCCGGCCCGTGGCGGCGTCCCTGGACCTCTGCTGCGGGTCGGGCATCCACGCCCTCCTG
CP132910.1_gap136	5109494	5110402	908	GGGAGGGAAGGGGTCCAGATGGGGGAATTCCCGGATGGGGCCGGGGGAGCCGCCGGTGATCGAGAGGGCTTCGGATTCGCGGAGGGGACGCATGGGGCCTCCATGGAGGGCTCTGGACCTCAGGATGGGCCGGGCCGCTTTCCAGGCCAGGGCGGCGGCGACTTCCGTCCGGGTTCCGCCGGGTTTCAGCACGGACCTCAGCCTGAGATCCACTGAGACGGATTTGTCCGCGGTTTCCATTTTGGGTTCTGCACGGAGTACTTGTTCTCGACGAACCCAAGATGCCACGAGTTCACGGGTGCCGACCTGTTTCCCGATGAATCCGGAGAACCCCAACGAAGAGCCTATCGCCGAGTCGCCGAGGCAGCCGAGGATCGCCGAAGAATAAAAAAAGATCTTTTCCCGGCGAACCTCGCCCCTCGGCGATGGGCTTTTCGTTTCAAGTAGTCTGAATGAAGGGGGTCAGGACGGCCTTCCTTCCGCGGATGCCGAGACCCGGCAGGTGCTCTGGGGCGGACGCACCCAAACCTCGGGCCACACGGGCAGGAGGCCAGGCGCGTCAGTTCCCCTTCCCGGTGCCCAGCAGCTTCCCCACCGCGCTCACCAGGTGCTCCGCCTCGGCTTCCGGCGGCAGGACCGGATGATCGCCCGGCACCAGGTCCCCGACCCCCAGGAACGGGATGCCCGCCAGTTCGGCGGCATGGCGGTCATGGGGACGGTCGCCCACGTAGAGGTGCGGGCCCTTGCAGCCGGCCATGGCCATGCGGATGAGGCCGGCGCGGTCCAGCCGGGGCAGGCTCCCCAGGCGGGGGATGCGCGGATCCACGCCCAGGAGGCCGGCCTTGAAGGCGAGGACCCTCGGGACGTTCCCGGAAACCAGCCAGACGGCGCGGCCGGCGTCCACCAGG
CP132910.1_gap137	5112285	5116435	4150	TCGGCGGCCCTGGGCTACTCCGAGGAATCCGGGATCCCCTTCGACTTCGGCCTCATCCGCAACCACTACGTGGGACGCACCTTCATCGAGCCCAAGCAGAGCATCCGCTCCTTCGGGGTGAAGGTGAAGCTCAACCCCGTGCGCGAACTCCTCCGGGGCAAGCGCGTGGTGCTGGTGGACGACAGCGTGGTGCGGGGCACCACCAGCCGCAAGATCGTCTCCATGGTGCGCGCCGCGGGGGCCGCGGAGGTGCACATGCGCATCTCCAGCCCGCCCACCACCCACCCCTGCTTCTACGGCATCGACACGCCGGACCGGGAGCACCTGCTCGCGGCCACCCGGAACCTGGAGGAGATCCGGACCTTCATCGGCGCGGACACCATCGGCTACCTGACCCTGGAGGACCTCCAGTCCACCGTCCAGGACCTCGACGGGGGCCACTTCTGCTACGCGTGCTTCACGGGGGACTACCCCGTGCTCCCCCTGGGCGCCGCGAGCCGCTGCGGATGACCGGCCCGGCCGGGCCGGGCGGGCCCCTCCCATCCCAGTTCGAGGACGGCCTGCGCCTTCTGGCCGCGGCCCTGGCCCTCAAGGGCGACAGCCGCAGCGCCCCCGCCGCCACCACCGCCGCGTGCTCGGCCATCCAGCGCTTCCTGAAGATCCTCGAGGCCGGCGCCGCGCGCCGCCTCCCGGACCCCGGCGGCAACGTCGAGCGGCTCAGGGCCCAGTGCGGCGCCCTCCTCACCCTGCGCCAGGACCCCGCCTCCGCGCTGGACCACACCCTGGAGGCCGCGCGGCTCGCCCGGGACGAGGCGGCCCGCGTCATCGCGCTGCTGGCGGTGAGCCATGACTAGGATCGCGGTGCTCGGCCCCACGGCCTCGGGCAAGTCGGCCCTGGCCATCGCCCTGGCCCGGCGCATCGGCGGCGAGGTGGTCAACGGCGACCCCTTCCAGGCCTACCGGGACCTGCCCGTGGGCACGGGCCAGCCCAGCGAGGCCGAGCGGGAGGGCATCCCCCACCACGGCTACGGCGTCCTGCCCCTGGAGACCGCCGTGAATCCGGCCTCCTTCGGGGAGCTGGCCCGGGGCTGGATCGGCGCCTGCGCCAACCCGGTGCTCGTCACCGGGTCCGGCCTCTACCTCCGGGGCGTCTGGGACCAGCTCACGCAGCTGCCCGACGTGCCCGAGGCGATCACCGCCAAGCTGCGCCGGTGGGTGGACCTGCTGGGCTCCCCGGCCCTGCACCGCTACCTGGCCGCGGTGGACCCCGCGCGCGCCGCCCAGCTCCATCCCAACGACCGCTCCCGGGTGCAGCGGGCCCTGGGCCTCCACCTGGCCACCGGGAGCCGCGCCTCGCTCTTCCTGGACGGCGTGGACCGGGGCGTGCCCGAGGGCTGGCTGGCCATCCTCGTGCTGCCTTCCCGGGAGCGCCAGCGGGAACGGGTGGCCGCCCGGGTTCGCCAGATGATCCGCGCCGGCTGGCAGAAGGAGGTGGCCGCCCTCCAGGGCACCCCGGCGGAGGCCGCGCTGCGCCGCCTGCGCCCCCTGGGCTACGACGTCTGGATGGACGAGCCCCGGGGCGCGGGCGCCCGCATCATCCTGGACACCCGCGCCTACGCCAAGCGGCAGGGGACCTACTTCCGCAACCAGTGGCCGGACGTGCCGGTCTGGGATCCCGACGCCGAACCGGTGGAGGCCGCGTTCGCCAAGCTGGGCCTCTGAGCCCGGGCCTTCCGGAGCTCCGGGTCAGCATTAAATTATTCCAGGCGCCTCCTGGCGTCGCTGGAATCCATGGCTATAGTTCCTGAGGTATTGTGCCATCGGAACCCTTTGCGCCTGGAGGCCCCATGACGTGGTTCAAGTCCCTCCGGCTGGCCACCCAGCTCATCACGGCCTTCGTGGCCGTGGCCCTCATCACCGTCGTCGTGGGGATCTTCGGCATCCGCGCGTCCTTCGACCTCCACCGGATGATGGAGGACGCCTACTCCAACTGCACCCTGGCGGTGATCAACACCAGCAACGCCACCTTGGCCCTGGCCAACTGCCAGAGGGCCCTGGGCAACATCGTCCTGGCCCAGGACACCGCCTACCGCACGGGCCAGATCGATCACATGGGCAAGTACCGCTCCTCCGTCGCCGACTGGGTCGCCCGGGAGCGGAAGACCATGATGGGCGAGGCCGAGGTGGCCCAGTGGAAGCTCTACGACCAGTTGTGGGAGCCCTACGTCACATCCACCCGCAAGCTCGTCGCCCTGGCCGAGGCCGGCAAGCGCGCCGAGGCGGAGAAGTGGCTGGTCGGGGACGTGCGCCCCACGTACGGCGCCGTGGAGAAGCTCCTGGCCGAGGTGGTGGAGATCAACCGGCTGAACGCCGAGGCCGCCAACAAGGCCGGCCAGGCCGTGTACGAAAAGGTCCGCTGGCAGGCCGGGACGCTCGTCGCCGCCTGCTTCGTGCTCTCCATCCTGCTGGGGGGCCTGGTGACCCGGATTATCAAGGGCCAGGTGGGGGGCGAACCCGCCCTTGCCGCCTCCATCGCCCAGCGCGTGGCCCAGGGCGACATCACCATGGAGGTCCCGGTCGCCGAGGGCGACGCCACCAGCATGATGGCCGCCATGAGGACCATGGTCGCCACCCTCTCGCGGGTCCTGGCCGAGACCCAGAAGGTCGTGGAGGCCGCGGGCCGGGGCGACTTCCACCAGCGCATCGCCGTGGAGGGAAGCCGGGGCTACATCCTGGCCCTGGGCACGTCCCTCAACACGCTCTCCGAGACCTGCCAGAAGGGGCTCAGCGACGTGCGGCGGGTCATGGAGGCCGCGGCCAAGGGCGACCTGTCGGAGCGGATCACGGTGGCCTACGAGGGGGAGTTCCTGCGCCTCAAGGATGCCTCCAACGCCACCGTCGAGAAGCTGTCCGAGACCATCGGCGGCGTGCTGGAAGCCTGCAGCAGCCTCGTGGAGGCGTCCGAACAGCTCAGCTCCACGGCCCAGGCCCTGAGCCAGGGCGCCTCGGAACAGGCCGCCAGCGTGGAGGAGACCAGCGCGTCCATGGAGGAGATGAGCGCCTCCATCGCCCAGAACAACGAGAACGCCAAGGTCACCGGGGACCTCGCCATCAAGACCGCCCGCGAGACCGTGGAGGGCGGCGCGGCCGTGCGGGAGACCGTGGACGCCATGAAGCAGATCGCCCGGAAGATCGCCATCATCGACGACATCGCCTACCAGACCAACCTGCTGGCACTGAACGCCGCCATCGAGGCGGGGCGGGCCGGGGAGCACGGCAAAGGCTTCGCCGTGGTGGCCGCCGAGGTGCGCAAGCTGGCCGAGCGCAGCCAGATCGCGGCCGAGGAGATCAGCGCCCTGGCCTCGGGCAGCGTGGAGCTGGCCGGGAAGGCCGGGAACCTCCTGGAGACCATCGTGCCCTCCATCCAGAAGACCGCCGACCTGGTGCAGGAGATCGCCGCGGCATCCAGCGAACAGAACTCAGGCGTGGGCCAGATCAACGCCGCCATCGGCCAGATCAGCCAGGCCGTGGCCCAGAACGCCGCAGCCTCCGAGGAACTGGCCTCCACCTCGGAGGAGGTCAACGCCCAGGCCCTGGAACTCCAGGCCGCCATGGACTTCTTCAGCCTGGGCGAAGAGGCCCGTCCCTCCCGGGGGCGCCGCGGGGTGCGGCCCCCGCCCAGGAAGGGCGGCGCGCCGGCGCGGATGGGCTCCAAGGAGGCCCACGCCGAGCAGGACTTCACGAGGTTCTGACCCGGGCCGTACGGCCGTATCCGCCGCCCCGTCTCACCCTTCCCTGGCGGGAGCAGGCGATGCCGCGGGGACCTTGGCCCGTTCCCTCAGGTCCACGATGCGGGCCCGCACCTCGGCCATGAGGTCCTCCTTCGTCTCGAAGTCCCTGGGGTGGATGGGCTGGCCCACGGTGATGACGTACTTCCACGGCCGCACCAGGAGCTTGCCGGGGGGCAGCATGTGGTAGGCGCCGCCGATGCCCAGGGGGAGGATGGGGGTGTCGGCGTCCACGGCCAGGGCGAAGCCGCCCTTCTTGAAGGGGAGCAGCTCCCCGGTGCGGGTGCGGGTGCCCTCGGGGAAGAGGACGACGCTCTTGCCGCCCCGTATCTGGCGGGCGGCCTCGGCGATGCTGGCCACGG
CP132910.1_gap138	5118857	5122078	3221	CACGTCCCGGGTGTCGGTCTTGGTCATGCTCTGCACGGTGATCGGGGCATCCCCTCCCACGGGCACGCCACCCACCAGGATCTGGCGGGTCTTGCGCCGGGGCGCGAGGGATCGGGAAGCAAGTTCGGACATAGGTGGACCTCGGCCAGCTCCGCGCTGGATCTCCCCAGTCTAATCCTGATCCGCCGGGTCGGTAATGGGGGACTGGAACGGTTGCCGGCTGCTGAGGGCCAGATCCAGGATCCGCCCCGATGCGTAAGGCTTTGTGATGTACGTGTGCAGGTTCTGGATCTGGTTCAGCACCTTGTTGGTGCTTTCGAGGCAGTCCCTCAGGTCCCGGAGCTCGGAGGGGGTGGGGGGCGTGCTGGACTTGATGAAGCGGTCCAGCAGGATCTGGGCGGAAGCCAGGGGCTGGGCCAGCTCGTGGGCCGTGCCGCCGGCGACCTCCAGGAGGGCCCGGTTGCGCTCCCCGGCCAGGGCCGCGTCCCGCTGGCGGGAAAGGCGCACCATCATGCGCAGCTTCACCAGGAGTTCGCTGAACACGTAGGGCTTGACCAGGTAGTCGATGCCCCCGGAATCGATGCCCTCCTTCACCCAGTCCTCCCCGATGCGCACCGCGCTGATGAAGATGAGCGGGGTGGTGGCGTTGAGCTGGGACCTGCGGATCTGCCGGCAGGCCTCGATGCCGTCCATGCCGGGCAGGCTGACGTCCATGAGGATGCCCTCGAACACCAGCCGGGAGCAGACCTCCAGGGCCTCGTCCCCGCTCTGCACCAGGGTCAGGTTGAAGGGGAGGTTGCGCAGCTCCCGTTCGTGGACTTTGAGGTTCCCGATGAGGTCGTCGACGATGAGGATGCGTCCGGGGTTCGCAGGCGTCGGAATATAGGAATCGATCATGGGGCTCCCGGATAGCAGATTAACTCCGGAAGCCCCATGTTGTCAGAGGTAAAAAATCAGCGCACGAGGTTGAGGACTTCCTGGAGCAGGTTGTTGGCGGTGGTGACGACCCGGCTGTTCGCCTGATATCCGTTCTGGTTGATGATCATCCGGGTGAGCTCGGTGGCCACGTCCACGTTGGACAGCTCGAGGTTGGAACCCAGCACGCCGCCCCGGCCGCCCTGGTTCGCCGCGCCCACCGCGGCCGAGCCGCTGGCCACCGTGGCGATGTAATTGTTGCCGCCCTGCTTGGAGAGGCCGTTCTCGTTGAGGAAGGTGCTGATGGCCACCTGGCCCATGGCGATGGTCTGGCCGTTGGTGTAGTTGCCGATGATCATGCCGTCCTGGTCCACGGTCAGGCTGCTCACGGTGCCGGCCCCGAAGCCGTCCTGGCTGCTGCCGGAGGTGGTCGACGCCGCCGCGTAGCTGGTGAGGAACTTGGTGAGGCCGCCGGAACTGGTGGGCGTGGTGAGGAGCCAGTTGGTGGTGTTGGCCGCGGCGCCGTTGGTCCAGCCGCTGATGGTCAGCACCGGGTTGTTGGGGGCGGCCGCCGTGGGCGTGATGACGACGCCGCCCAGCGTGTAGCTGGTGAGGACGCCGCTGCTGTTGAACTGGACGGAAGTGGGCATGCCGGCGACGGTGCCGCCGTCGGTGGCCGTGGCGGCCACGTTCCACTGGCCGACCGTGGCGGTGGGCGTGAACGTGAAGGTCACGCTGTGGGTGGCGCCCAGGCTGTCGTAGACCTGCACGGTGGAGGTGAAGGGCGTGGAGCCCACCGCCGCCGTGGAATCCAGGTTGGCGATGATCTCCAGGTTGGAGGTGGGCACGCCGCCCGACGTGCCGGCCATGTTCAGCAGGATGGGCGCGGGCAGGCCGCCCGGGTTCACCACGCCGGCGTTGGCGTTCCAGCCCATGACCTTGTCGCCCTGGGAATCGACCAGGTAGCCGGTCTTGTCGATGGTGAAGTTGCCGTTGCGGGTGTAGACCGCGCTGCCGGTCTTGTTCTGCAGGGTGAAGAAGCCGTTGCCCTGCATGGCCATGTCGGTGACGCTGCCGGTCTGCTGGAAGGAGCCCTGGGCGAAGTCCTGGGCCACCGAGCCCAGCGAGGCGCCGAGGCCCACCTGCATCGGGTTGCCGTTGCCCTGGGTGCCCTGGTTGGCGATGGCGGCGTTGAAGAGGTCCTGGAACTGGGAGCTGGACCCCTTGAACCCGGCCGTGTTGAGGTTGGCCAGGTTGTTGCCGATCACGCTCAAGGCGGAGGCGTTGGTGGAGAGCCCGGAGAGGCTGGCGTAGAAGGAAGAGTAGAGGCCCATGGTTCGCTCCTAGCTGGAAATCCGGGTGATGTTGGACAGGGAATACTGGCTGCCGCCGGCGGTGACCTTCACTTCGTTGTTCACGAAGGAGACCGCGGAGACCACGGCGCTGGTGGTGGTGGAGGCGGTGACGGGGGCCCCGTTGGCGGTCTTGGCGGAGACGGCGACCGTGTAGTTCCCGTCGGGCAGCTGGACGCCGTTGTCGTCCTTGCCGTTCCAGTTCAGGGTGCTGTCGCCCGCGCCCAGGGCGCCGGGGCCCAGGGTCCTGACGATCTTGCCGTTGGCGTCCTTGATGGTCAGCGTGGCGTTGCCGTCGGCGCCCATGCTCACCCCGATCGCGGCGGCGCCGCCCGAGAGGGCGACGTTGCTCGAGGTGATCTGGATCTTCTTGCCGATGAGGTCGGCGCTCTGGGCCTGGTACAGCGCGGCGTTCTGGGTCTGGATGCTGGCCAGCAGGGTGTTGGTGTTCTGCTGGGCCTCCAGCGAGGAGAACGTGGCCATCTGGGCCACCATCTGGTTGGGGTCCTGGGTGTTGGTGGGGTCCTGGTGCTGGAGCTGGGCGACCAGGAGCTTCAGGAACGCATCCTTGGACAGGGTGTTCGAGGCCTTGGTCGTGGCGGCGGTGTTGGCCGTCGTGGAGCTGGTCGTGGAGACGGTCGGGGATTGCATGCTGGATTCCTCCGGGAGGCTATAGGCAGGAGTCGTGCCGTCAGGCGACGATCTCGATCCGGTGCGGGTTCAGGGGGACTGGGCCCGCGGGAATGGGCGTTTCCTGCCCGATTTCCGGGCCGCCCCGGAAGGCGGCGGCGGCCTGGGAGGGCTCGGTGGGCAAAGGCGTCTCACCGCCCTGCCGGCCCTGGTGGAGATCGAAGCTGCCGAGGTTGAGGCCCTGCTCGCGCAGGGAGGCTTCCAGGAAGGCGCGGTGCTCCTGGAGGACGGGCAGGGCCGAGGCGTCCGAGGCCCAGACGCGGG
CP132910.1_gap139	5199893	5203656	3763	TGGTTGGCCGAGCCCATGATCTGGTTGAAGGTCTCGGCCAGGGCGTCGCGGCTGTCGCCGGCGAGCTCGGTGGAAGGGGTGCCGTCGCCGCCCAGCATGAGGTCCACCAGCATGGTGCCCTCCTTGAGGGGGAGGGCGAAGAGCAGGGTGCCGGTCATGCCCTTGGTGTAGTGGGCCTTCACGTACACCACGGTGGCCGAGTGGAGCACCGAGACGCCCACGTGGTCCAGGGTGTTGCCGTCCTGCGGCTTGATGGCGAACTCCCGGCCCGTGAGCATGGAGAACACGCTCGACATGCTTTCGGAGAAGCACCCGCCGATCTTCTGGTCGAGGTCGGACATCACGGGATCCATGTCATCCCTCCTTGCTTGCGGTCACTTGGAACACCCGCTTCTGGTTTGAGTTCAGGGCCACGTAGCCGTGGAAGCGGGGAATGCCGTCCACGGTGAGGTCGAGCATGGCGTCGAAGCGCTTGGTCAGGGGGATGAGGTCGCCCTCCTGCAGGGCGAGGATCTCCGAGAGGCGCAGGTTGGTGCCGCGGATCTCGGCGGCCACGGCCATGTCGCACTTCTTCATGCTCTCCATGAGGAGGCGGGCCTCCTCGAAGGTGCCGGACTTCTTGTAGCCCGTGTACATCTCCTGGTCGAACTTGTTGGCCACGGGCTCCAGGATGATGGAGGGGATGGCCAGGTTGATCATGCCCACCACCGTACCCATCTTCACCTCGAAGACCACCAGCAGCACGACCTCGTTGGGGGCCACGATCTGGATGAGCTGGGGGCTGGTCTCCCGGGCCTGGATCTTGAAGTCCAGGTCGATGATGCCCCGCCAGGCCTCGCGCAGGTCGTCCAGGGCCAGCTTGAGCACGCCGTCGAAGATGGACTGCTCGATGTCGGTCATGGTGCGCAGGTTCTTCAGGGGGTCGCCGGGGCCGCCCAGCATCTTGTCGATGATGGGGAAGACCAGCTGGGGGTTTACCTCCAGCGCGAAGGCGCCCTCCAGGGGGCGGATGGAGATGGCGTTGAAGCAGGTGGGGTCGGGCACCGAGAGGAGGAACTCCTGGTAGCTCAGCTGCTCCACGGAGACCAGGTTCACTTCGGTGATGGTGCGCAGGTAGGCGGAAAGGGAGCTGGAGAAGTTCCGGGCGAACCGGTCGTGCATGAAGTGCAGGCTGCGCATCTGCTCCCGGCTCACCCGGTCGGGGCGGCGGAAGTTGTAGAGGCTGACCTTCTTCTGGGGCTGGGCTTTTTTTGCCTTCTGGGGGGCGGGTCCGGCCGAGGGACGCTCCGCGGACGCGGCAGCGGGTGCAGGCGCCTTGGCCCCCTTGGCGTGGGACTTCAGGAGGGCATCTACCTCTTCCTGGCTTAGAATCTTGGCCATTTGTCAGTCCATTCAACCATCGATGCGCCGTTCTTTCAGCTTGCCCCGCAGCCGGAGCATGGACTTGGTATGCAATTGCGATACCCGACTCTCGGTGATGTTGAGGAGCGTGCCGATTTCCTTCATCGTCAGTTCCTCGAAGTAGTACAGCTGCACCACGAACCGCTCCTTGGTGGGAAGGCGGTCCACGGCGGACTTGAGAAGCAGTCTCACCTCCCGGGCCTGCAGGAGGATGTGGGGGTTCTCCCCGTCCGGGTCGGGCACGAAGCTGATGAGGTTCTCGCCCTCGCCGTTCTCGCCGGCGTCCACGAAGGCGCCCAGGGTCACGCCCTTGAGCTCGTCCAGGCTGTGGTGGAGATCCTCCAGGGCCAGGCCCAGGTGCGCGGCCACCTCCTCGTCGGTGGCGGCCCTGCCGTGCTGCTGCTCCAGGAGGTGGTAGGCGGTCTCGATGTCCTTCTTCTTCCGGCGCAGGCTGCGCGGAACCCAGTCCAGGTCTCGCAGGCCGTCCAGGATGGCGCCGCGGATGCGCTGCTCGGCGTAGGTCTTGAACTTGACGTTGCGGTCGGGCTCGAACTTGCGCACGGCGTCCATGAGCCCCAGGATGCCGGAGTGGATGAGGTCGTCCATCTCCACGTGGGAGGGCAGGCGGCTGGAGATGCGGTGGGCCACGAACTTCACCAGGGGCAGGCATTCCGTGATGAGGAACTCGCGGTCCTGGAAGTCCGGCTCGGCGTCGGGGAGCTCGGGCTTGGGCGGCGGCGGGGGGGTGTTGCGGCCATAGGCGTTCATGGCCGCCCGGGCTACGGGCGATGGGGGCTTTCTGGCCTCGGGGCCCTTTCCTCCCTGGCTTCCCTCCGTCATGGCTCCTCTGCGCTAAGGCCTTTCCAGAATGCAGCAAATCCCTCTTTTTGTAAGGGGATCTTCTGTTGCAACTGCTGTGCCGCGCCGAGGAAGGCCTGGGAAGAGGGGGCCTGGGGGTAGAGGTCGGCCACGCAGCGCTGCTGGCGCACGGACTGGAGCATGAAGGGATCGGTGGGCACCATGCCCAGGACCTGCAGGTCCCGGCTCAGGAAACGGCGGGTGGCGGCCTGGAGCTGCTCGATCGTTTCCTCGGCCTCCTCGGCGTTCTGGGCGTTGTTCACCAGGAGCCAGAGGGGCTTGTGGGGGTCGCGCAGGTGGACGGTCTTGACCATGGCGTAGGCGTCCACCAGGGCGGTGGGTTCGGGGGTGGTCACCAGGAGCACCTCCTGGGCGGCCATGAGGAGCTTTATCACTGAATCATGAATGCCGGCGGCGGTGTCGATGAGCAGCCAGTCGATGCCCTGGGACACCCGCTGGAGGCCCTGCACCAGGCGCAGCTCAGCCGCCGCGTCCAGGCGGGTGAGTTCCTGGATGCCGCTGGAGGCCGGGATGATGCGGATGCCGAAGGGGCCGTCCAGGAGGATCTCCTCCAGGATCTTTTCGCCGCGGAGCACGTGCTCCAGGGTCCACTGGGGGCTGAGCCCCAGCAGGATGTCCAGGTTGGCCAGGCCGAAGTCGGCGTCCAGCACCACCACGCGCTGGCCCATCTGGGCCAGGGACATGGCGAGGCCGGCGACCACGTTGGTCTTGCCCACGCCGCCCTTGCCGGAGGCGATGGCCATCACCCTTGAGCCGAAGAGGGTGCCGGCTGCGGGCTGGTTGCGGGAGAGGGCGCGAAGTCGGTTGGCTTGATCGTTCATTTTACCGCCAGGATTTCGAACATGATTAGCAGGCCGGCTGGGGCAGGGGGAGGATCAGGTCCGCCAGGCGGCGGCTGGTGGCCATCTCGAGGTCCTGGGGGACCTCCTGGCCCGTGCCCAGGTAGCTCAGGGGGCGCTTGACCCGCACCAGGGTGCTGAGCAGCGGCCCCAGGGTGCTCGTCTCGTCCAGCTTGGTGAACACGAGGCGCGTGGGCTTGAGGGATTCGAAGCGCTGGGCGATGTCGGCCAGGTCCCGGGGCTTGGTGGTGGCCGACAGGACCAGGTGCACCTCCACGTCGGGGAGCTCGTCCAGGAAGCGGCGCAGCTGGGCCATCATCTCGGCGTCCTTGGGGCTGTGGCCGGGGGTGTCGATGAGCACCAGGGTGCGGTCCTGGTAGAAGCGCAGGGCGCTCTTGAGGTCCTCCACCGTGAGCGCCACGTGGAGCGGCACCTGGAGGATCTCGGCGTACTGGTGGAGCTGGTCGACGGCGGCGATGCGGAAGGTGTCCAGGGTGAGCAGGGCCACCTTCTGCTTGAGCTCGAGCTTGGCGTAGGCGGCGAGCTTGGCGATGGTGGTGGTCTTGCCCACGCCGGTGGGCCCCACCAGGGCCACCACGCGGGTCTTGCCGGATTCCAGCTGGATGGGCGGGGCCACCGGGATG
CP132910.1_gap140	5205199	5208590	3391	GGCACGACGATGCCCAGCTCCTGGGCCATCTGGCGGCGCAGGGCCTTGATGCGCTCGAGCACCGTGCCGCCCTGGTTCACGTCCAGGAGGCTGATGAGGCCGTAGCCCACCTCCAGGCCCAGGGGGTCCACCTTGAGGAGGGACTCCACGCGCTCGGGGGCCTCGGCCTTGGCCTTCTCCTTGGGTTCGGCCTTGGCCTCCAGGCGCTGGGCGGCGAACTTCCGGGTGGCGTAGGCCATGATGCCGAAGATGATCCCCATGATCCAGAAGGGGACCAGGGGCAGGCCCGGCACCGCCCCGAACAGGAACAGCACCGACGCCGCGATGGCCAGGGGCCGGTAGTCCATGCCCAGCTGGCCCATGACCTCGGTGCCGAGGTTGGGGGACTGGGAGCCGCTGCGGGTGGTGAGGATGGCGCCGCCCACGGAGATGAGGAGGCTGGGCACCGCCGTCACCAGGCCGTCGCCCACGGTCAGGAGGGTGAAGGTCTCCATGGACTGCAGGACGGGCAGGTTGTACTTGAGGATGCCGATGAGGATGCCGGCGATGATGTTCACCGCCAGGATGAGCAGGGCCGCCACGGCGTCCCGCTGGGTGAACTTCACGGCGCCGTCCATGGCCCCGTAGAAGTTGGCCTCCTCGCCCAGTTCCCTGCGGCGCTTGCGGGCCTCCACCTCGTCGATGTAGCCGGCGTTCAGGTCGGCGTCGATGGCCATCTGCTTGCCGGGCATGGCGTCCAGGGTGAACCGGGCGGTGACTTCGGCGATGCGGCCGGAGCCGTGGTTGATGACCAGGAACTGGATGGCCAGGAGGATGAGGAACACCACCAGGCCGATGATGTAGCTGCCGCCCACCACGAACTGGCCGAAGGCCTGCACCATGTGCCCGGCCGCTTCGGGCCCCTGCTCGCCACCGTAGAGGAGGATCCGCCGCGTGGTGGCCACGTTCAGGGCCAGCCGGAACAGGGTGATGATCAGCAGGATGGAGGGGTAGGCGTTGAATTCCTGGGGCTTGGCCACATACATGCCCACCATGAGGATCAGGAGGGACATGGTGATGTTGAAGACGATCAGGATGTCGATCACGAACGCCGGCAGGGGCAGGATCATGACGACCATGACGATGAGGACGAAAACGGGCGTGGCCAGGTCCGCCCGCTTCGAGAGGCGGGTGATATACGGAAGGAGCCTGTCCAGGAAGGTCAGCATGTTGACACCGGGATACCGGGGAGCGAAAGGGATGCCAACCGTTCAAGTGTTGGAAAATGAAGGTGTTGACCTTCAGGGGCGGCCCGGGGCCCCCCGGGGGCCGGTGCGGAACCTTGGCTTTGGTAGACTGGAGGCATTCCTGGGGAGACGCACATGGCTCATTCCACCCTTCTGATCCCGGCCTGCCTCCTCCTGGTCCTGGGCTGCGTCGAGCCCAAGGCCATCGCGCCCGTGTCCCCCATGGCCCCCTCGCCCCTGGTGGTGGAACCGGCCTCCGTGGCGGTGACCGCGGGTCAGGGGACGGACTTCAAGGCCCGGGCCCAGGACGGTTCCAGGCCCGCGGTGGCCTGGGAGGCCCAGGGCGGCTCCGTGGACGCCTCCGGGCACTTCACGGCGCCTGCCGAGCCGGGCACGGCCACGGTGGTGGCCAGGGCCTACGGGGGCCGCACGGCCTCGGCCACGGTCAAGGTGGTGCCTCCCCCCCGGGGCCCCGTGACGGCCCCCGCGAGGGTGATGGCCGGCGCCCGCGACGTGCGCGCCTCGGTGCCGGCGCAGGAGGGGGCCACCTACGAATGGAAGGTGGAGGGCGGGGTCCTCAAGGGCGGCGCCCGCGGCGCCACGGTGGCCTTCGACGCCGGCTCCGGGCCCAGGGCCGTCCTTTCCTGCCGGGTGGTCAACGCCGCCGGCCAGGGGCTCACGGCCTCCCTGGAACTGCCCCTGTCGCCCGGGGTGGACCTGTCGGTCACGCCCGCCTCCGTCACCGTGACCGCCGGGGCCAGCACGAAGCTCGGGTTCACCCTGGAGGGCGGCGCCACCGGGGAGGTGCAGTGGTCGGTGCTGGAAGCCGGCGGCGGCACGGTGGACGCCTCGGGCAGGTACCGCGCCCCCGGCAAGCCCGGCGCCTACACGGTCCAGGTGCGCTCCAAGGACGATCCCGCCATCAAGGCCACCGTGCCCGTGAAGGTCGTGGCCGCCCCCGCAGGCGCCGTGAAGGGCCCCGGCAAGGTCGCTCCGGGCGCCAAGGCCCTTCGGGCCAGCGTCGTGGAGCAGGCCGGGTGCCGCTATGCGTGGAAGGTCACGGGCGGAACCATCACCTCGGGAGCCGACGCGCCCCTGGTGGTCTTCGAGGCCGGGGACGGGCCGAAGCTGGAGCTGGTGTGCGAGATCACCAACGAGGCGGGGGATTCCTTCCAGGCCAGGCTCACGGTGCCGGTCAGCTAGACGGGGCCCGCCGCGACCGCCTCCTCCGTCGTGATGGGCAGGGTCCGCTCCTGGCTGTGCTGCCGGATGGGGCAGGGCTCCACGGAGCAGTGGTCGCACAGGGCCCGCTGGCAAGGGTCCACGTGGGTGTGGAGCTCGCCCTCGATGCCCGCCTCGCGCACCACGGACTTCGCGAAGGCGTCGGCCAGGTCGTGGCTCTGGGCGATGCCGTAGAACTCGGGCACCACCATGTGGATGTCCACGTGGATGTAGCGGCCCGAGCGCATGGTGCGCAGCTCGTGGATGGCCAGGATGTCGTCGGGGCGGATCCGGTTGATGGCGGCCACCAGCTTGTCCAGGAGGTCGGGGTCCTCGGTGTCCAGGAGGGCGGCGCTGGAGGAACGCACCAGCTTGAAGCCGGTCCAGGCCAGGAGCCCGCCCACGCCCAGGGCGATGATCGCGTCCAGCCACTGCCAGCCCGTGAGGGCCACCAGGAACAGGCCGATGCCCAGGCCCACGGTGGTGTAGAAGTCGGACAGGACATGGTGGCCGTCGGCCTCCAGGGCGAGGGAGCGCTGCTTCCTGCCGCAGTGGATGAGGTACAGCCCCAGCGCGCCGTTGAGCACGCCGGCGGCGAAGTTGATGGCCATGCCCTTGCCCAGGTGCTCCAGGGGGGGGCGGTCCACCAGGGAGTGCACGGCCTCGTACCCGATGAGCACCGCCGCGAGGCTGATCATGCCGCCTTCGAAGGCCGCGGAGAAGTGCTCGATCTTGCCGTGGCCGTAGGGGTGCTCCCTGTCCGCCGGCTTGCCCGCGAAGATGATGGCGCCCAGGGCGAACACGGCGGCCACCACGTTGACCACGTTCTCGATGGCATCGGACTTCAGGGCGGCGGAATGGGAGATGTGGAAGGCGTAGTATTTCAGGCCGAGGATGAAGAGACCCGCGGTGATGGACAGCGTCGAGACGCGGATCCGGGCTCT
CP132910.1_gap141	5209791	5212420	2629	CGGGCCGGCCTGAAGCTCCATGTCACCCTCTCCGGCCTGGCCCTCACCCCCGACGTGGACATCATCCCCGGCTTCCAGGCGCGCAGCGCCTGGGAAGTCACCGGCGCCTTTGCCGGGGACCTCACGGGAACCCAGGGGCAGACGCAGGTGACGGGCCTCCAGGGCTACCCCCTGGACCTGACCACGGCGGCCCCCGTCCCCGGCCAGTCGCTTGTGTTCGACGGCACCCGTTGGGCTCCGTCGAGCCTTGCGGGCATCGCCGGCCCCTCCGGAGCCCAGGGGCCCGAGGGCCCCGCGGGCACGGCGGGTCCCACCGGCCTCCAGGGGCCCATCGGCCTGACGGGCGTCGCCGGTCCCACCGGCGCGCAGGGGCCCATCGGTCCGACGGGCGCCACCGGCCCCGCCGGCACGCAGGGGCCCATCGGTCTGACGGGCGCCACCGGTCCCGTCGGCCCACAGGGTTCCATTGGCCTGCCGGGCGCCACCGGTTCCGTCGGCCCACAGGGACCCATCGGTCTGACGGGCGCCACCGGTTCCGTCGGCGCACAGGGGCCCGTCGGTCTGACGGGTCCGGCCGGGCCCGCGGGCGCAACCGGTGCCGCCGGTCCTCAGGGCGCAGCGGGTCTGACGGGGGCGATGGGACCCCAGGGACCCATCGGCCTGACAGGCTCGGCCGGACCCGCGGGCCCAGCCGGCGCGACCGGACTCCAGGGACCTGCCGGACCTGCCGGTGCGACCGGAGCGCCTGGCAGCATCGGACCCCAGGGGCTTACCGGGCCGGCCGGCGCAACGGGCGCGACCGGGCCCCAGGGCATTCAGGGGCCTGCGGGGCCGGCGGGCAGTTCCGGTGGCGGTAGCTCGGCCACGCGGTCGCCGCTGCAGATCGCCACGCTCGCCTGGTACGGCGCCAACACCACCTTTCCCGCGATCGCGGTGGGCTCCCATCCCGTGGCGCTGGCGTTCGATGGCCGGAGCATGTGGGTCGGGAACTACTCCAGCAACAACGTGACCCGGATCCTGACGGCCACCGGGGCGGTGCTCGGCACCTATGCGATTCCGGGCAACTGCCCCACCGGCGTGGCCTTCGACGGCGTCAACGTCTGGGTCTGCAGCCTGCTGGGGAGCGCCACCACCAACCTGACGAAATTCAGCGGCGTCGACGGCACCGTGCTCGGCTCCTACAAGATCGGGACCGACAACGCCTTCGCGGTGGCCTTCGACGGGACGGTCCTTTGGGTCGCCAGCATCGACGGGTACGTCTACCGGGTCGATGTGTCCAACGGCAGCCAGCTTGGAGCCTACCTGGTGGGGCAGGGGCCCATCTCCATGGCCTTCGACGGCACCAGCATCTGGACCGCCAACTCGAACGACATAACCGTCACGCGGATCAACGTGGCCAATCCGGCCATCGTGGCGACCTACACGGTGGGCTCCATGGACCAGGACTGGGAGAACGGCGCCTTCCCGGTCGCTGTGGCCTTCGACGGCTCCAACATCTGGGTTTCGCTCCTGGGCTCGGGCTCCGTGCCGAGTTCGGTGAAGAAGCTCAACGTCGCCGACGGCACCGTCGCCGCCACCTGCACCGGGATCAACACTCCCACCTCGATGGCCTTCGACGGCGTCCACCTCTGGGTGGCAAGCGGCAACACCATGGGCAAGATCAAGGTCGCCGACGCCAGTCTGGCGGCCACCGTCCCGGCGGGCCTGGGCGTGTCGGGCATCGCGTTCGATGGCGTCAACATCTGGTGCGCCAACAACACCGCGTCGGGAACCGTCTCCAGGCGCTAAACGGCCCTGCGGCCTCCGGGGCCCTTGCCCATGACCCCCTCAATCTGTCATCACGGGGCGATGGGCGGAACGAAGACAAACTGTGAACAAAGGGCATAGGCGAGGGTGCCCACGGAAATACTCAGGAGACTGTTCCTACCCAGGCCATGGACGGCCAGCACGACTCCCGACGCCAGGATTTCGGGCAGCCCATGGGGATACCTCAAATAGTCCACTTCGCTGAGGCTTTGCAGGCTCAACAGCACCATGATGGCCGCCGGGAGTTTTCGGCCCAGGTTTCTGAGCCGAGGCCTCGCTCCCAGGCGCGCAGCGAGGAGGAAAGGCAGGGTCCGGGTCAGCGCCGTTGTGAGGAACATGACACCTAGGCCGCCGATCAGGTAGCGCATGGTTCTTCCCTTTCCATAAGCAGGAGGATTGTCGCGATGAGCAGGGAAAGAAGAAGCAGCTGCTTTCTGCACATGGCCAAGGCGAGGCCCCCCGCCAGGAGGGCGGCCAGGAAGGGATACCGGGATCTGCTTGCCTGCCACTGCTCCAGGGTAAGAACCAGGAAGAGGGCGGTCAGCACAAACCGGAGGGCAGGGATCTCCACCTTCACCAGCGTCCCGAACAGCGCGCCCAGGGTCGTGCCGCCGATCCAGTAGAGGTGGTTGAGGAGGGTAAGGAACAGGCAATACTCCGCATCGTTTTCGGGCAGAGGCGGACGGGAGGTAAGAATGGAATAGGTCTCGTCGGTGAGGCCATGGGTGAGATACCACTTTCTGCGCCACCGGACAGGAAAGCGTTCCGCCACTGAGAGGGAATAGAAGATATGGCGGAGGTCGATGATGGCGATGGCCGAGAA
CP132910.1_gap142	5222831	5224988	2157	CGGCGCCTTCCAGACCCTGGTGAACCGGGACATGGTCAAGCCATCGGACCGGCTCTTCGTCATCGGCGGCGGCAACGTGGGCCTGATCGCGGCCTACCATGCGCTGCAGGCCGGCATCGAGGTGGTGGGGCTCTGCGAGGCCCTGCCGGAGTGCGGCGGCTACAAGGTGCACCGGGACAAGCTGGTGCGCATGGGCGTGCCCATCCACAACAGCCACACCGTCATCTCCGCCAACGGCGAGGGCGAGGTGGAGTCGGTGACCATCGCCAAATTGGACGCGGCCTGGAAGGTGGTGCCGGGCACCGAGAAGACGTTCAAGTGCGACACCGTGCTGGTGGCCGTGGGCCTGGAGCCGGTGAACGAGTTCTTCGGCAAGGCCAAGGAGTTCGGCCTGCCGGTCTACTCCGCGGGCGACGCCGAGGAGATCGCCGAGGCATCCGCGGCCATGTTCACCGGCAAGATCCGGGGCCTGGAGATCGCCCGGGCCCTGGGCCGGGACACGGGCGAAGTGCCCACGGAGTGGCACCGCACCGCCGCCGTGCTCAAGTCCCGTCCGGGCGCCACCATCACCGAGGAGATCCCCGAGGACGAGAAGGGGGTCTTCCCCGTCTTCCACTGCAGCCAGGAGATCCCCTGCAACCCCTGCACCAGCATCTGCCCGCAGGGTTCGATCATGATCGAGGGCAACGACATCCTGGGGGTGCCGACCTTCAACGAGAAGGACTGCATCGCCTGCGAGCAGTGCGTCGCGGTGTGCCCGGGCCTGGCCATCACGCTCCTGGACTACCGCCGGGGCGGGGACGAGGTCCTGGTGTCGATCCCCTACGAGTTCCCCGGGTCCACCATCAAGGCCGGCGACACGGTCACGGTGCTGGACACGCTGGGACGGATCCTGGGCAACGTGAAGGTGGACCGGGTGCGCTCGCCCAAGTTCGCCGACCACGCGGTGCTGGTGAAGGTGCGGGCGCCCTTCGAGATCGCCAAGCAGATCGCGGGCATCCGGGTGCAGCAGCCCTGGGTTTCCGAGCCGATGCCCGAGAAGGTGGAACGCCTGGCCGACGACGAGATCGTCTGCCGCTGCGAGCGGGTCACCGCCGGGGACGTGCGGGCCCAGATCCGGGCCGGGGTGCGGGACATGAACGAGCTGAAGGCCTCGACCCGGGCCGGCATGGGCGCCTGCGGCGGCAAGACCTGCCCCAGCCTCATCCGGCGCATCTTCCGGGAGGAGGGCGTCAAGGATTCCGAGATCACCGAGCTCACCCAGCGCCCCATCTTCATGGAGGTGCCCCTGGGGGCCTTCGCGGGCGTGGTGACGGGGGAGGGTCCCGTGCAGGACGTGGCGCGCGCGCACGCGGTAGGCGCCTTCCAGGGAGGTCTGTGATGAGCACCGCCGTCTACGACGTCATCGTCATCGGTGCGGGCAGCGTCGGCATGCCCACCGCCATGCACCTGGCGGAAAAGGGCCTGAAGGTGCTCTGCCTCGACCAGTTCGCCTCCCCCGGCCAGGGCAGCAACAAGTGCGCCATCGGCGGCATCCGCGCCACGCACTCGTCCCCCGCCAAGATCAAGCTCTGCCTGGACAGCCTGCGCACCTTCGGCCACTGGAAGGAGGAGCACGGGTGGGACATCGAGTGGGCGCGGGGCGGCTACGCCTTCGTGGCCTACCGCCCCCACGAGGAGCGGCTCCTGAAGAACCTCCTGGTCGTGCAGAAGCAGGCCGGCCTGAACATCGAGTGGAAGGACCGCAAGGAGCTGCTTCAGGTGGCTCCGGGCCTGCGGGAGGAAGGGCTGCTGGGCGGCACCTTCTCCCCCGAGGACGGTTCGGCCTCCCCCATGCGCAGCTGCCTGGGCTTCCACCGCCGCGCCGTGGAACTGGGCGTGGACTGCCGCTTCAACGAGAAGGTCACCAGCATCATGCGGCGCAAGGGCAAGGTGGTGGGCGTGCGCACCGACAAGGGCGGCTACGCCACCGGGTGCATCGTCAACGCCGCCGGTCCCTGGGCCCGGGCCGTGGCCCAGGCCGGGGGCCTCGACGCCCCGGTGGTGCCGGACTGCCACGAGGCGGGCATCAGCGAGGCCGTGGCCCCCTTCCTGGACCCGATGGTCGTGGACATCCGCCCCGCCCCCGGTTCCGAGAACTTCTACTTCTACCAGCAC
CP132910.1_gap143	5226963	5229561	2598	CCTTCTTGGAAATGGAGATGGTGAGCAGGTGGGTCATCTCCTCCACCAGGGCGTTGAGCTGGAGGGGCTTGATCTCGAAGGTGCCCCGGCCCGAGTAGGCCAGCATCTGCCGGGTGAGGTTGGTGGCCTTGACCACGAGGCTCTCGATGGTCTTGAGGCGGGTGGAGGCGGAGGCGGCGGGGTTGATCTCCATCTGGGCCAGGCCCAGGTTGCCCAGGATGGCGCCCAGCAGGTTGTTGAAGTCGTGGGCGATCCCGCCGGAGAGGACGCCCAGGGACTCCAGCTTCTGGCTCTGGAGGCGGGCCTGCTCGGCCAGCTTGCGGTCGGTGATGTCCGTGCTGATGATCCCGATGCCCCAGTTCCGGCCCTCGCCGTCCACCAGGGGGAATTTCTGGGACAGGTAGTCGTGGCCGGACCCGTCGGCGTGGGTCCAGCGCTCCTCCACCTCCACGGCCTGGGCCGCCCCCAGGATCTTGCGGTCCAGGAGCGTCACCTCCTCGCCCCGGGGGGGCGGCAGGATGTCCAGGTCGGTCCTGCCCAGGATCTGCTCCGCGGGCAGGCCCAGGAGGGCCTCCATGGCCGGGTTGAGGAGCAGGTAGCGGCCGTCGGCGCCCTTGAAGGCGATGGCCGCGGTGGCGTGGCGCACGAAGCCCTGGAGGCGGATCTCGCTTTCCTGGAGCCCGCGGGTGGTCGCCGCGACGGTCTCCTCCAGTTCCTTGGCGAAGGACGCCATGCGGGCCTCGGCGTCCTTCTGCATCGTGACGTCCCGGGTGACCTTGACGAAGCCCTTCAGGTCCCCCCCGGAGCCGCGCAGGGCGGTGATCACCACGTTGGCCATGAAGCGGGAGCCGTCCTTGCGGACCCTCCAGCCCTCCTGCTGGCAGGTGCCGTACTCCCCCGCCAGGGCGAGTTCCTGGGCCGGGAGGCCCGCGGCCACGTCCTCGGGCTCATAGAAAATGGAGAAGTGCCGCCCCAGGACCTCGCCGGCCTCGTAGCCCTTGAGGCGCTGGGCGCCCTGGTTCCAGGAGGCCACCCTCCCCTGGGGGTCCAGCATGAAGATGGCGTAGTCCTTGACCTGCTCGATGAAGAGCTGGAACCGCTCCTGGAGGTACTCCCGGTCTTCGGCTTCGGCCCTGGGGGGCGCAGGGTCGGCGAAGAGCTTCTGGAGGGGTTTCCACATGGGCGCGTCCGGAGGGCGTTGCCAGGAGTATGGCCCTCCGCGACCCGGATTCAATGTCAAAAAACCGGTCATCCGAAATGGAATCAATTGTTAATTACCTGTCGGGTGCTCCGCCGCGAACCCTTCGACCCGCCTGAACAGGGCGAGCACCGTGGCGCTGGTCCAGAGGTTCAGCAGGGTCCCCAGGAAATTCCCCACCCACATGCCGGGATGGGTGAGGCGCACCCAGGGCGTCGGGGCCTCGCCCAGGGGCGTGAGGGCCAGGGCGAGCACGCCCATGTAGACCAGGTAGAGGGTCGCCAGGGCCAGGACCACCAGCATCACCCGGCGCCAGGCCTGCACCATCATCCGGAGGCTGGCCCGCGCCGCCACGGGCAGCGGCTCGCCCCGCAGGAGGACCCGCAGGGGCGCCCACCCGAAGGCGAACAGGATCATGAGGCCGGGCACGACGAGGAGGACCATCCCCAGGAAGACCCCCGCGTAGAGGAGGATCCGGGCGGCCATCGCCGGCACCCAGCGCTCCTCGAAGAGCCGTTCCCACCCCGCCACGGGGTTCAGGGTCCGGTCCCCTGCGCTGGCGTCGGCCTCGGCCAGGAACCGGGGGATGAAATACATTTCCAGGGGTACCAGGCATGCGAAGGTGAGGACGAACCGGACCAGGTCGTCGTCCGGCAGGCCCACCTTGATCTGGAGCAGCGGCGGGAGGGCGGCGAGGACCATGCCCAGGGCGGCCAGGGCCAGGGCGGCGAGGGGGCGGCGGGTGAGGAAGGCCATCCCTTCGGAGAAGCTGGCGAGATCGGATTTGGGTGACTTGATCATTCTCTGAGAGTAGCGCGTTATGATCTTGGGCATGAGTCAACTGGCCCCATGTCTGCTTGTGGCGAGTCCAATGCTCCTGGACCCGAATTTTCTCCACTCCGTGGTGCTCCTCGTGGAGCACGACGAGGCCGGCGGCATGGGCGTGATCCTCAACCGCCCGCTGCCCGTGACGCTGCGCCAGATCTGCCAGGAGAGCCGGCTGGCCTTCACGGGGGACGAGGATGCAACCGCCTGGCGCGGCGGCCCCGTGGATCCCCAGCGGGGCATCATCCTGGTGCGCGGCGGGCTTCCCGAGGCCGACGACACGGTCCTGGACTTCACCGACTTCATCAGCTACCGCAAGGACCTGCTGGAGTCCCTGCTGGTCGAGCCGAGATCCACCTTCCGCCTCTTCCTCGGCTATGCGGGCTGGGGCGCCGGGCAGCTGGACCAGGAGATCCAGGACGGGGCCTGGGTCCGCGTGCCGTTGAATCCCGAATGGCTCATGCCAGAGGACCCCCAGGAGCTCTGGTCCCTGGCGATCCAGTCCATCACGGGCTAGCCGTGGGGCGGCCCTGGGGCATCCATCCCGGCGTCGCCCACGGGGCGGCCATTCTCGC
CP132910.1_gap144	5247635	5248135	500	GGCCCGGGAGCTGGGCCTCACGCCCAGGGCCCTCGCCAAGGCCCTGCGCGAGCACGGCATTCCCCTGGAGGACGACTGATGAGCGGACCTGACGACGTGAGGGAGCTCGTGAGGGCGGGCCTGCGGGGCCTCTCCCGGGTGGTGGTGGGCAAGGACGGGCCGGTGCGCCGGTCCGTGGCCGTGCTGCTCTCGGGCGGCCACCTCCTGCTGGAGGACCTCCCCGGCGTGGGCAAGACCACCCTGGCCAAGGGCCTCAGCCGGCTCCTGGGCGGGTCCTACCAGCGGGTGCAGGGAACCAACGACCTCCTGCCCTCGGACCTCCTGGGGATCCACCTGTGGGAGGCCGCGGGCCAGACGTTCCGGTTCCAGCAGGGCCCGATCTTCGCGAACGTCGTCCTCCTGGACGAGCTGAACCGCATCGGGCCCAAGACCCAGAGCGCCCTGCTGGAGGTGATGGTGGAGGGCCAGGTGACCCTCGACCGCACCACGTACCGGCTCCC
