gap_id	start	end	length	sequence
CP138927.1_gap1	19023	23800	4777	TAAGTGAAACTACATTTGTTTTGCAAACTTCCATAGCATTAGTTACTGGATCAATGTTGGTGATGTGGTTCAGTGAAATTATTACAGAGAAAGGAATAGGACAAGGCGCTTCATTGGTAATTTTTTTGAATATCGTCTCGACTTTACCAAAGGCTTTAAGCTCAACTATTGAAAAAGCCCAAACTGGTGATAGAGGAGATGTATTAGGTATAGCAGTATTACTTGGAGTATTTTTATTGACAATTGTTGGGATAATTTTTGTTCAAGAAGGAGCAAGACGTATTCCAATTGTTAGTGCAAAAAGACAAATAGGAAATGCAACATTACTTCCTACAAGACAAAGTTATTTACCCTTAAAATTAAATGCAGGGGGTGTTATGCCTATTATCTTTGCATCCGCTTTAATTTTTTTACCAATAACTATTGCAAATGTTACGGGCAATCCAGTTTTAATAAAATTAGCTAGCAGTTTAAATCCTGGATCTTCAAATCCATGGCCATATGCGCTGACATTTTTCTCTTTGATTTTGGGATTTTCTTATTTTTATGCATCCCTCACGATTAATCCAGTTGATGTGGCATCAAATCTCAAAAAAGGAGGAGTTGCAATACCAGGAGTTAGACCAGGAACTAATACAGCAAAATACCTTTCAGGAATACAAAATAGGTTGACATTATTAGGAGGTTTATTTCTGGGTTCAGTAGCTATCATCCCAGCTGCGGTAGAAAGAGCGACAAATGTACAGACCTTTCAAGGTTTAGGAGCAACTTCATTACTTATTCTTGTGGGTGTGGCTATTGATACTTCTAAACAAATTCAAACTTATGTTATTTCTCAAAGGTATGAGGGACTAATTAATAATTAATGAAAAAACATCTATTATTTTTAGGGGCACCGGGAGCAGGGAAAGGGACTCAGGCAGAATTACTAAGTCAAACAAATTCTTACTTGCACCTTTCCACAGGGGAATTATTAAGAAAAGAAATCGAAATGAATACTATCCTCGGTCAAGAAGTAAAGGATATCATTAATCGTGGAGAACTTGTTAGTGACGAACTTGTATTGAAAATAGTAAGGCAAAATTTAGACAAGGATAATAAAGGTTGGATTTTAGATGGTTACCCAAGAAATTTATCTCAAGCAAATTCATTGAATGATGTCTTAATTGAAATAAACCAGCCTTTAGAACTTGTTTTTTACTTAGATATTCCCGAAGAAGTTCTTATAAAGCGTTTGCTTTTGAGAGGAAGGAAAGATGATACTGAAGAGACTATCAGAAAAAGGGTTGAAATTTATAAAAAAACTACAGAACCATTGATTCAATATTTCAAAGATCTTTCATTACTTGAGTATATTGATGCAGATAGAGATTTAAAAACTATTTCCTCAGAAATCAAACAAAAAATGGCTTGATGATGATGTAGAATATAAAATTAACGTTTATTTGCAAAAACCCTTATGAAGGTAAGATCTTCAGTCAAAAAAATTAGTCCTGACGATCAGATCGTGAGGCGAAGAGGTAAAATCTATGTTATTAACAAGAAAAGACCTCGCAATAAACAACGTCAGGGTTAAATTTCAACCCTTTAATTAAAACTTTTACTTACTCAAAACACGTGGCCAGGATTGCAGGAATCGACATACCTCGCGAAAAGCGAGTTGAAATTGGACTTACATACGTTTATGGAATTGGTTTAACTAGATCAAAGCTAATTCTTGCAAGTACAGGTGTAAACCCAGATATTCGTGTCAAAGATCTTTCAGATTCTGATGTACAAAAGCTCAGAGTTGCTACAGAGGAATTCACTTTAGAGGGAGATTTGAGGAGAAAAGAGGGAATGGCCTTAAAACGTTTACAAGATATAGGATGTGTTAGAGGAAGAAGGCATAGAATGAGCCTACCAGTGAGAGGTCAAAGAACTAGAACCAATGCAAGGACAAGAAGGGGTTCAAGGAAAACAGTTGCTGGAAGAAAAAAATAACAAATTAAATCTACACACAAATTTCAGTATTAAATTAACAACACTATGGCAGCTACAGTAAAAAAAACAGGTTCAAAAAAATCTAAACGTAATATACCTAACGGTGTAGTACACATTCAAAGTACATTTAATAACACTATTGTCTCAATTACTGACACTTCTGGGCATGTAATTTCTTGGTCTTCTGCAGGTGCAAGTGGATTTAAAGGCGCTCGTAAAGGGACACCTTTTGCCGCTCAAACAGCAGCTGAAGCTGCAGCTAGGAGAGCACTTGATCAGGGTATGAGACAAATTGAAGTATTAGTAAGAGGTCCAGGATCAGGTAGGGAAACGGCCATAAGAGCTTTACAAGTGGCCGGATTAGAAATAACTCTAATAAGAGATGTGACTCCATTACCGCATAATGGATGTAGAAGACCTAAACGAAGACGCGTTTAGTTCTTTATTATCTCCCCCCCCCCAACAAAACAAAACTTTCAACCCTATTTTTTCCGTGTTGCAATACCAGATTGACAGAATCGACCATCAAATATCAGATGATCGCTCCCAAAAAGGAACTTTTTTAATTGGCCCTTTAGAAAGGGGACAAGCTACAACTTTGGGTAATTCACTCAGAAGAGTTCTAATGGGAGGACTAGAAGGAAGTGCAGTGACCGCCGTCAGAATTGCAGGAATTAACCACGAATATGCAACAATTCCTGGAGTTAGGGAAGATGTCTTAGATATTCTTCTCAACTGTAAGCAATTATCAATCAATAGTTCTAATCCAGAACTCGAAATCGGCAGGCTAGTTGCAAGTGGTCCAATGGATGTTAAGGCAAATGATATTCAATTCTCATCTCAAGTTGAAATTGTTGATGGAGAAAAACCGATCGCGACTATTCAGGCTGGACATAGCTTAGAGTTAGAAATTCATGTTGAAAGAGGTGTGGGATATAGACCGGTTGATCGCAAGAATGAAGAGACAACCTCTATTGATTTACTTCAAATAGATGCTGTTTTTATGCCGGTTAAAAGAGTCAATTTTACGATTGACGAAACGGCAGTAGCAGAGGGTGGAACAGGTAGAGAAAGATTGAAAATGGAAGTAGTAACAGATGGCTCAACAAGCCCTGATGATGCTATTGCTGAAGCTGCAAATCAATTAATAGAACTTTTTCAACCTCTTGCAACTGTTACAATGGTCGAGGAAATTCCTGAAGAACCTGAACCATCTCCTGAAGCTCAAATTCCTCTTGAGGAACTAAACTTGTCCGTTAGAGCATATAATTGTTTAAAACGAGCGCAAGTTAATTCAGTTTCCGATTTAATGGGCTTTAGCTATGAAGATCTTCTTGAAATTAAGAACTTTGGCTCTAAATCTGCAGATGAGGTTATTGAAGCTCTTGAACGCATTGGAATTTCTATTCCACAAAGCAGAACTTCTGTTTAACAATTTTTAAGATTATGAGACACCAACTTAGAATTCCTTTATTAAGTAAACCTGCTGACCAGAGGAAAGCACTTTTAAGAGGTTTGACTACTCAATTAATTAGGGAAGGTAGAGTAACGACAACAAAAGCTAGGGCAAAAGCTTTGAGAAACGAGGCTGAAAGAATGATTTCTCTAGCTAAAGAAGGTAGTTTAGCTTCAAGAAGAAGGGCTATTGGGTATATCTATGATAAAAAATTAGTTCATTCATTATTTGAAAAAGCAAAAGAAAGATATGGAGATAGAAAAGGGGGTTATACCCGCATAGTCAGAACGGTCTCTAGGAAAGGTGATAACGCTCAGATGGCTATAATTGAGCTTGTTTAAGTTTTTCCAATAAAGGGTTTTACCAGAATATAACTTTTGAAAAGGGTAGCTTTACTAATCCAATATGATGGATCAAGTTATTCAGGCTGGCAAAGACAAAAAAATGCAACTACAGTTCAGGAAATTCTAGAGCAAGCTCTTTTCAAAATTACACATCATGCCGTAAAGACTTTTGCCGCGGGTCGAACTGATGCAGGGGTTCATGCTTCTGGACAAGTTGTACACTTTGATACTGATTGTGTGATTCCAGGAAATTGCTTTGAAGCATTACTAAATAGTTTTTTACCATCAACTATTAGAATCTTGGAATCGGTTGAGGTTGAAATTGATAGCTGGCATGCATGCTATTCAGCAAAATATAGGCATTATCGATATGTAATTAATAATAGTAAATTCCCTAACTTATTTATAAATAGTTGGTCATGGCATAGATACCAAAAATTATTAGATGAGACATTAATGTCTAATGCTTCAAAGAGTATGGAAGGTGAACATGATTTTTTTGCTTTTCAGAAAAGTGGAAGCACGAGGAGTAATTCAATTACAAATATAAAAACTATAAAAATTAATAGAGTAGGAGATTTGATTTTTATTGATATCAAAGCTACTGGTTTTCTTTATGGAATGGTTCGTTTAATAGTGGGTCAACTAGTGTTAGTCGGAGAAAAAAAAATATCTCCAAAAATTTTTACAGATATATGGGTAAATAAAAAGAAAAATGATGTTAAAGAATCTGCTCCAGCAAAGGGTTTATGTTTTATAAATGCTGTGTATGAAGAAAATGTTTTTAAAAAGATCAACAAAAATGATTTTTTCCCAATTTTTTTAATTTATGGTTTTTCTTAGTTAAATTTGATTAAGAAAGAGCTAATTGTGTAAATAATCCAAAATTATTGTTTAATTCTCCTGCAATAAGGTAGAATTGAGAACTGAATTTAAATTTATTTGCATAAATTTGGTCAATGAATAAAACAATTACTCCGTCTATAGAAACTAT
CP138927.1_gap2	174581	175469	888	TTATTGTGTCATTTTTTACTTCAAAATCTCACATATCGACCTAATCGATGTTAAAAATGTATTTATTAGGTATTAATTACCAACAATTTTTTATTTAAATGGCTTCTTACAAAGTTACACTCATCAACGAAGGTGAAGGTCTCAATTCCACAATTGAAGTACCTGATGATCAGTACATCCTAGATGCGGCTGAAGAGCAAGGTATCGACCTTCCTTACTCCTGCAGAGCTGGTGCATGTTCAACATGTGCTGGAAAAGTTACTTCAGGTAGTGTTGATCAGTCTGATCAAAGTTTCTTGGATGACGACCAATTAGAAGCTGGTTTTGTTCTTACTTGTGTGGCTTATCCAACATCTGACGTAACAATTACAACTCATGCTGAGGAAGAATTGTACTAATTATAAAAATTTAACTTTTCTAAGTTGATTATTAATTATTTATCTGCCACCCTCTATGAAGGTGGCTTTTTTTTGTAAATGGATAAATTTCAATTTTTCAAGACTGGTAGTGTTCAATCAAGTTATGGAGGTCAGTACAGTTATAAGGTAATTGGCCCTTGTTGCAGACTATATGATAGGGAAGAGTTACCTTGGCCCTGCTCAAGGCTTGCTTGGAGAAGTAAGGAGCCTAGTTGGAGAAGAATAGGGTCTAGGTTCGTTGCTGATATGGCTTCAAGAAAATGCCCATCTTACTCAGTTCTGATTTTGGAGCCTGGATCAAAACCTGTTGAGACTGTTATAACTCTTTTTTCAAAGAGATTTTCTTCTGATATACAAGAATGGTGGTATAGCAAAAAACCAGGCTCAAAAGAGCCTGGTAATATCTTCCCTTATGAAATTGGTTAGCTTTAAATATTATGCTTTTGGCTTTGGAGGCATGTAACCTTTT
CP138927.1_gap3	247591	249029	1438	CAAGGATGGAGAAACTGCATTAAATAGTATGTTGTCTAGTTGTTCTCCAGGTATTGCAGTTATGAATATAGATAACGGTTATGGAGGAGCAATGGCAGCCATAAGAATTATTAAAAGTATTTCCTAGATATTTACTTCTTTTCTATTTCTAATAGGTTTTCTATCCATAAATTCAGTTGTTTTGATAATATCCCTTCTTCTCGCATTTTGATTGCCTTAATTACAACTTCTGTGTTTACCCACTCTGGAAATCTTTTAGGCATTTATTATTTAGCTCAGTATTTATAATTTGGTACAAAATTTTATAAAAACAAGTTTTAAGTAACAAATTTAATCTTTTATGTTTGATTTAGTACCTAACCTAGAAAGTTCAGAAGAGGTATGTTCACTTTCCACATTTTTTAATCTCTCAATTAACTCGGATAAATCCTTAGAAGCAAGCTCCCCATTTTGTTCCCATTTTAAGGATCTTGAATTATTATTTATCTTTTCTTTCATTGGTTTATTTATGTATTAAGAATATATAACGAAAAAAGAAAAAATTTGGTAATTGTTTCAAGCTTAAAATTAAAAAAATATGAAGATTTTAAATGTATAAAAATCTTATCTTTTATCCACCGCCAACTATTGAAACGATTTCTAAATTATCTCCATCTTTAATTTTTAAATTTCCCCATTGTATTGAATTAATAATCACATTATTAAGTTCGACAACAACTGTGTTAGGTTTATATCCCATTGAATTAAGTGCTTTAGAGAGCAGGGCATTTTCTTGATCAAGTTCTATTTTTTTTTCTTCTCCGTTTACTTTAATTTTCATTGGTTAATTCTTTTAAAATCATAATAGCGTCTTCTTTAGGATCTTCAGAATTCATTAATTGCGAAACTAAAGCAACTTTTTTAAAACCATTTCTTTTTAGATATGAAATATTATTTGTCTTAATTCCTCCAATAGCGAACCAAGGAATGTTTAAATCTTTTGTTAATGTTTTGATCTTTTCAATACCTATTGGTTTTTTGTCCTTTTTTGTTACAGTTTCAAATACTGGTCCTATTCCAATATAATTACAACCATTTTTAAGGGCATTAGAAATATCAATTTCATTATTTGCACTTATACCAATAATTTTTGAATATCCTAATAATTTTCTTGCGTTTTTTAAGTCTAAATCATCTTGTCCGAGATGAATTCCATCCGCATTTGAAGCTAAAGCTATATCAACCCTATCGTTAATGATAAACAATGAATCATATCTTTTACATAAATTTTTAATTTGAATTGCTTCTTCAAGGTGATCTTTATCAGTCCCCGTTTTAAATCTATGCTGAATAATTCTTACGCCAGCAATAAGTAGATTCTCTATAATTTCTATTAAGTTTTCCTTTTGGTCCGTTATTACATATAAGTCATTTTCTTTTAATATTTCCTCCGACTTCA
CP138927.1_gap4	258258	258975	717	GCACAGGCTACAAGTGGTTTCGCAGGAGCCGACTTGGCTAATATGGTTAATGAGGCTGCTTTACTTGCTGCAAGAGCTAAAAGAAAGAGTGTGGAACAACAGGATTTGAGTGAGGCTATTGAAAGGGTAGTTGCTGGTCTTGAAAAGAAAAGTAGAGTTCTACAAGATGATGAGAAGAAAGTTGTAGCCTATCATGAAGTTGGCCACGCCATTGTTGGTCACCTTATGCCCGGAGGGTCAAAAGTTGCAAAAATTTCCATTGTGCCAAGAGGTATGAGTGCGCTTGGATATACTCTTCAACTGCCAACGGAAGAAAGGTTCTTGAATTCAAAAGATGAATTAAAAGGACAGATAGCTACACTGCTTGGAGGTAGGTCTGCAGAAGAAGTTGTTTTTGGGAAGATTACTACTGGTGCTTCAAACGATCTACAAAGAGCAACAGATATAGCAGAACAAATGGTTGGCACATTTGGAATGAGCGATATTCTTGGACCTCTTGCTTACGACAAACAAGGCGGAGGTCAGTTTTTAGGTAATGGAAATAATCCTAGAAGATCTGTTAGTGACGCCACCGCTCAGGCAATTGATAAAGAGGTCAGAGAGCTAGTTGATGATGCACATGAGACTGCACTCAAAATTTTAAGGAACAATTTATCTCTTTTGGAATCAATTTCTCAAAAAATTCTCCAAGAGGAAGTTATTGAAGGTGATGATCTC
CP138927.1_gap5	274793	275622	829	ATCTCCATCTATTAGCATTACTCTTTTATTTAGAGAATTTAAAGTTTTTGCTAAATCAATAGATGTTTGCGTTTTACCTTCACCCTGGATAGTACTTGTTATATTGATTATTTTAAAATTTTTTCTTTCTTTAATCAATTCTAAATTATTAACAAGATATCTATATGACTCACGATGAAAGTAAAAGGATTTATTAATTTTACTAATTTTCAAAAGATCTCTCTTATTCATATTTGCAATAGAATCAGATGAAATTTTATTTATAGAAGAATAAAAATCCTCATTTTCAATATTCTCCAAATATGGAATTGATCCATAAACATTTAAATTTAATTTCTCTTTTATCTCATTTGGTGAATGATAAAAATTCTCTATTCTATCTTTGAAAATAGCAGCAATTGCTCCAACAAAAAAAGATAAAAAAAGTAACTGAATAAATCTTTTATTTAAATCTGGTTTAACTGGTTTTTCTTCAACTGATGGGGGATTAATAATTTGCCAAGGAAAGTTATTTTGGGCGATTCCCAACCTAAATTTTTCCTTGGTTTTTGTAAATGAAATATAATTTTCTTCTGCTAATTCTAAATCTTGATTTAGTTTATTGAATTCGTTAATAAAGTCAGGTAGTTTTTTGTTTTGAGTCAAAACTTTTTTTTGTTTTTTATTTAATTCATCAATTTTTATTTTAATATCATTAACAGCATTCAATTGGCTTTGTTTTGCTATTTTTGATACGGCATTAATTCTTTTTTCTAGTGAAATAATTTTTTGAGAATCAGGTTTAAAAATTGTTCTAGATGAAGCTAATTTTTTTTTAAGTGCATCTAGC
CP138927.1_gap6	299148	301217	2069	AATTAAAAATATAAAGAAATGATGACACTAATGAAATAGGTGAGATTAAAATCAATTAATCAAAAGAAAAAGTAGTTGCTTTTTAGGAATTCTTAATATTGTTAGCCCTGCGACCAACTTAGCTAAAACAGTTGCAAAAACTAGTTATAGCTTACTTGAGTACCTACAGGGCATGCAGGGGGGCAGCGATTCGAGTCCGCTTGGCTCCATAAGATTTCTAAAGATTTTAAGGATAAAAATTTTACTCAATTATTTCAGAATACAATTACTCTTTTTTTTGTGATTTAATTTTGTGAAGCATGCAGTGTGGGGCATTTGTTCAAATCCACATGGCTTAAGTTTATTAAGAAGAATTTTTAAAAGAAATTTCTTGTGCCAATCAGGTAAAAATTTGAATTTCTCAAAATTTTAATGAGGAATTGGCTTTTAATTATATATCTGATCTGAAATTCTCATAAATATTTTCTGCCATCATATAATTCCCAATTTGAGCAAAATGACAATTATCGATATATATAGGTAAATTTGTTTTTTTAAAAGTAAAAGTTAAATCAATCATCTGGTTACAGTTAATATATTCTTTATTGGAACAAATTTCATTCCACTGATTTTTAAGTTCTTTATAAAAAGATGTATAAAAATTCAAATGCTTTAATGGTTTTTTTCTCTCATGATTATTTATAATGATAAGCCTATAGGTTTTCTTAAAATCATATCTAATTTAATTTTTAATTCTTATTTTTTGAAGCATGATTGAATATTTTTTAAAAAAGGTTCCAAAGAAACTTGATTATTACAATAGTCTACTTTCAAATTCATATAAAGATATACTAAAACTTTCTTCAGGAGCTGCGACAAGTCAGCTAATAGCAATAACTACATTGCCTATAGTAACAAGGTTATATGGTCCGGAAAATTTTGGTATTTTAGGGGTTTTCATCTCTCTAATATCTGTCCTCTCAATATTTAGTACCTTAAGTCTCGAATTAGCTGTTGTCGTTCCTAAAAAGAAGTCAGAATCATTAAATTTAGTTTTTTTAGTGATTATCTTATCATTAATAAGTTGCGTAATTTATTTCATAATAGGTCTTATTTTTAAAGAAAATTTATTCACTGATTCAGGAATTTCTATAGTTAAACCGTTTATGTTATATTTGCCCGTTGCTATTTTTATTTTGGGCATTCATGAAGCATTTCAGGCTTTGCTCATAAAAAAACAACAATTTGGATTCATCTCAAAGATAATTGTTCAACAAAGATTAATAGCAGTTACTGTAAATTTGTTATTCTATCAATTTGGAGCTTTAGGTTTTATTCTTGGATATTTGATTAGCCAGGTTTTAGGACTTCTAAGAATGATAATAAAATCAAGTAATGATTTTATGAATTATGGAAAAATAAGTCTTAATAAATTAACAACGACTTTTCTCAAATATAAGAATTTTGCACTTTTCACTACTCCTGCATGCCTAATTAATTCTTTAAGCAAACAGTTGCCAAATTTAATTTTTGCATCTTATTTTGGCCCTAAAACTTTTGGTTTATTAATTCTATCTGAAAAACTATTACAACTACCTCTTAACTTAATAAGTGATCCTGTGGGAAAAGTTTTTCAAAGTAAAGCTCCAATAAAATTTAGAGAAGGTAATTTGTTTGATTTTATTACAAGAATAGTTCTTAGATTATTTATATATGGATTGATTATTTCAACAATTTTAATTTTTGTAATTTCTCCTCTGATGCCTCTTGTCTTTGGAGATGAATGGTCTGAGATTAAAAAAATATTACCTATCATGATTCCAATTTTTATTTCTACATTCGTAGTTACTCCTTTGAGTACAACATTTATTTCTATTAAAAAAAATAATTTTGGTTTATTTTCTCAGATTTTGCAACTCTTTACAAGGTTAACTCCTCTTTTAATTGGTTTGAAATTCTTTGATTTATCTTTTATTCAATCATTATCTATATACTCAACTTCATTTTTTATAGGTCAAAGTTTTTATATATTAATAATATATTTTGCAATAAATAAAAAAAAATTTATGAGTTTTTTTAAAGAAGATATT
CP138927.1_gap7	304658	308012	3354	TTATTGGATTTTGATAATACTTAAACCTTCTATATTAAATAACTTAATCTATTCAATTAACTTACCTTTTGTTTTCTTTGTTGGCTTTGGATTAATTACATTTTCATTTAATGAAAATGCATCATTTGAATCTAATATTTCTAGTTTTCCTGATTGGGCCATATTAAAAGCTTACATAGGCTTTTCTTTGTATGTTTTTTTAATTTTATTTTGCTCAATATTTATTAAACAATTTAAAAAATTTTTGTTACCAGATTTGAATTTATATTTATTTCCTAAAGATTTAATTAAAAGGTTTTCAAATTTTAACTTTTTTTTAATTACTATTTTTTGCTTTCCTTATTGGCTGGAAATAGGCTTCGTTAATACAGGATTATATAATTTTTTTATTGATCCTAATAATTATTATTTTTTTAGAGAGTCTTCCCTCAAATTGGCTGAAAGCTCATTTCAATTAAAATTTTATCTTTTTGGCAGTAACCTAAAGTACATATTATTACCTTTTTTAATAGTAATTTTTACTTTTAAAAAAAAATATATTGATAAATTATTCACTTTTCTAAAGATAGTTATTTTAATCCTAATAACAAATATAAACGGCAGCAAAGCAGGATTTATAACTCCTTTCTTGGTATCTCTTATTTTTTTCTATTTTACAAATACATATGACCTTAGGATTAAAATATATTCTTTAATAAAGAAATTTACTACTGAATTTAAATTAAATATTAATTTTTTAAATTTATTTCTTTTAATGTTTTTTTCGGGTTTTTTCTTTTTCTTATTAGTTTTTGTCCTTATAGCCTGGGAAACAGATAATTTTGGAATAGAGGCTTTTTATAAGATTTATACTTCAAGTATAGGCAGAATATTTGGTGCAAAGTTTTTAACAGGTGTTTTTAATATTTTTGCTATAGAAAAATTAGAAATTCCAATTACAGGATTTATAGGAGGATTCCCTGGTGCATCTTATTTATTTAACTTAACGGAACATGCATTTTCAATTGCAGGAAAATATTATAATTCATATTTTTACTTTGAAGAATCTAGCACTTGGATTAACACTAGCGGATTGTTTTTAAATATTGGATTTTTTGGGGTTTTATTAGGTACATTAATTTTTTATTTTAATGTTATTTTTAATATTTTAATAACAAAGTTGCTTAAATTTAAAATTTTTTATTTAGAAAAATATTATTACTATATATTAGTTTCTGTTTTCTTTTCCGTTTTAAGCATACTTTCATTTTATATTAGTTCATCTGTTATAGGAGTTTTCCCCTTCACATGGTTGGTTTACATTACTATTACATATATATTTGTTTTTTTAGATAAGTATAAGATCTTTAAATTATTCTTTAACTGTTTTTAAAATTTATTTTTTAATGTTTAATTAACAATAAGTTTTTGTAAATTTGAGTATAAATAATTTAGTTTTTCTGCTTGATATTCCCAGCTAATTTTATAAAGGTTAGACTTTTCAGATTTCTTAAAAGATTCAATTTTATAGATAGCTTTTTCTAGGGAGGAAGAATTTGCTTCACAAATAATCCCTAGTTGAAATTCTTTTATGACCTTTTTGATCTCAGGTAAATTTGTAGAAATTATTTTTAAACCTGAAAATGCATATTCAAATAATTTATTTGGTAAAGAATAGTAATCACTCAAAGATTTTGAATCTATTAAACATATCCCTACATCTGCGCTCCTAATAACTTTTATTAATTGATCTATACTTATCACTTCATGTAAATGAATATTATTATTTTTAACTGATTCGTTTTTTAAATAATGTTCTAACTCGCCATATCCAATAAAAATAATATGCTTAGATTTATCTTCAATTTTTTTAAATGTATCTATTAAAGTTCCAATACCTCTACCATTTATTAGTTCTCCCACATAAATAAATATCTTATCTTTGTTTGGGATTGAAAAAAATTTATGGAAGTAATTATCACTTTTTGAATCTTCAAAATTATTTTTTATCTCAGGGGAATTAAGAATTAATGTTGAATTTTTTGGACCGAAATTTCTCTGATACCATTCATTGATAGACTCAGATACAGTTATAAATTCATCAATATAATTCCAAGTAAATCTCTCAAAAGTTTTAATCAAAAAGGATGTTATTTTATCCTGTCCTGAAGTATGAGATTCTAATTCATGAGCATCGTAAATTAATTTTGAGCCCATAAATAATTTTATTATTAATGCTGCAGGTAAAGACATAATGTCATGACAATGAACTATTTGAGCTTTTATATTTAAACCATTTAATAATAATCTTTTATTTATATCTAAAATTAATATTAATTTCTTAAATATTCTAATTTTTATGTAATCATAAGAACTTATCTTAATTATTTTAATTGAAGCTTTTATAGTAGAAATACTTTTCTTAGGAGCATTTTTATCTCTTAGTAAATTAGATATGCCAATCGCATGACATTTTATATTCTTATTTTTTGATAAAGCATTTATTTCCTTGATTATCCTGTTATCTCTTTTTATATTAGTATTACTTAAATGCAGTACATGGAGACATCCCATATTTGTAAAAATATTAATTTTCTATTAGTTTAAAACTTTATCATCTCTTGTAATTAAATTTTTGCTTATATTTACTAATTAATTAAAATTTATACTAATTTAAATAATTTTAATCAAAACAAAATATAATTTTAGAATATAAATTTCAAAATATATTTATGAAAGTCCTTTACTTAGGTTGTTATGATCAGCCGGAAGGGCAATCATCTAGATCATATAATTATGTGGAAGGATTATCTAAGTTAGGAGCCGAAGTTACTTATTTATCAAATTCTTACGATCATTATAAATTTAGTACAGTAAAAGTTTCATTTTGGAAGTTATGGACAGAAGATAAATACAATCATAAATATAAAGGGAAATATATAAGACTCAAAACACCTTCTTATAAAGGTAAAAAAGGAAGACTTTTAAATATGCTCATTAATGCTGCATTAGTATTACTTTATGGAATTTATTCTTTTCTTAAAAGAGAAAAATTTGATGTAATTATTGGTCCTTCTGTTCCAACTTTTACTTCATTTTCAGGAATATTGATTTCAAAGATATTGAAAGTACCTTTTTGTTTTGAATTAAGAGATATTTGGCCAGATGCCTTAGTTGAAATTGGGTTGATTAAAAAAAATACTTTTATTTTTGCAATCATGAAAAGAATGGAGTTATTTATTCTTAATAACCTAGATTCAGTTTTTAGTACATTGCCTTATGCAAAAAGATATGTTGATAATTATATTTCTAAATTTTCTTTTTATTATTTACCTAATGGGGTGGATTTTGAATCTCATGAGCATTCAATTAATA
CP138927.1_gap8	345634	347667	2033	CTTTTAGTCATTTTTTTTTATATCCCTAATTAATTTATCATTTAATCGATCAAAATAGTCCAGCTTCCTAAATAACTTGAAACTGATTGCCCTTTAGGTTGTCCATATGAATGGAATTGATATAGTCCAGATCTCTTTGGATTAGTAATTCTTTTAAAAACAATTGCATAACTCTCTTTGCTTGAGGGGATTGGTTGATAAGGGAAAATATTAATTTTACGAAGGGAAGATTCATCAGTCGTAATTTCAATATCAGCTGGAATATCTTCTAGACATTTTGTTCGCTCTTCAAACCCACCTATTCTTACCTTGCAAAGAGTTATTTTTTCTTGATTAAGAGTTACTTTAAAAGTTTCAGGAATGGCTAAATTAATTTTTAAAAGATCATTTTTTCTATCACTTGGCCTTAAGAAAAAATAAATTGTATTTCTAAATCTTTTTTTTTCTTCTTTTTGAAACCACTTTAATCTTCGGTAATTAGAGTTCTGATCCCATTGGAATTCTAAACCCGCTTTAGCATTTTGTATGTTACTAAATAATGGAGTTGAAAATAAAATTAAAGGAATTAAAAAAAATCTAAAATTTATAAATTTTAAAGTAACCTTTTTTGTTTTTTTTAACATTGATTAAATAAATTTCTAGAGGATTAATTAGGTTTATCCAAGTTTGAAGTGGAAAATTGTTTTACTAAGATTAACATCTATCAGGTCTTAATTTTGAAGCCCCTCTTAAATAGGGATGATTTACGGGATTATTTGAATGTAATAAAACTTGTGCCATTATTCTTATACAAAAATTTACATCATTAGACACGAACATTTGTTGACAGTCTAAAAATGCTACTGAATCAAGTCCATTACATCTTCTAGCAATTGAAGCAGGGAAGCATGCGTCCAAATCTTTTGTCGCTGTGAAAGTAATGGATAATAAGTTTCTTTTAGTGAGATTGTTGCGTGAAATTAATTCATCTATTAATTCTACGACTGCATCTTCTATTTCATTGACAGAATTCCCAGATGCCGTTGTTGCCCCTCGAATAAATGTAATTTTATAATCATTATTCATTTTTTCTTCCATTTTTATCTATGGCTTATAAAACCAAAGGATTTTATTAGATGCCTCAATCTCGAAAAAGAGACTATTAATAATTTTTTCAACCACTTTACTACCAGGAATTAGTCCAAGTATTTTCTTTTTTTTCTTCCCGAATGTGAGGGGGTGAATTTTAGGATCTATATTTACCATTTTTGCAGCAAGTTCCCTCGCAACAAATTCATCTCCAATCTCATCAACGAGACCTAAATCTTTTGCTTGCGATCCAGTAAAAATTCTTCCATCGGCAAATTTTTTTACTTCATCAACTGGTAAATTTCTTCCTTCAGCGACAGCTTCAGTAAATTGTTTGTAGCTTTCATCTATTAAGCCTTGAAGCAATGTTCTTCCTTCCTCACTTAAAGGTTTATCTGGCGATAGTATATCTTTGAATACGCCGCTTTTAACAGTCTCAAATTTTATACCAACTTTATCTAATAATTCAGAAAGATTATTTCCTCTTATAATCACTCCAATAGATCCTGTAATTGTGCCTGGATTCGCAACTATTTTGTCAGATGCAACACCAATGTAAACCCCCCCAGATGCTGATATGTTCCCAAAACTAGCAATGACTTTACATCCTTTATCTTTTAATCTTTTAATAGCAGAGTATATTTCTTGGCTATCACCAACAGTGCCTCCTGGTGAATCAATTCTCACAATTAAAGCGGGAAATTCTCTATCCTCAATTTGTTTAAGAGCTTTAAGGATAGAAACTCTTGTTGAACTTGTAATTGGCTCATCAATTACAATACGAGCCATTCTTTTTTTCGACTTTCGTCTAAAAGGCCAAATCATACTTTTAAGGTAAATACATAAAACTACTTTAAAAAGACTATCAGCAGACCTAATGAATTCAATCTTAAATTGGTTTTTAATGATACTCCCATTTGCACTTTGGGGTACCTCAATGGCGGCTATGACTCCATTAGTATCTA
CP138927.1_gap9	349049	349987	938	GCCAACAATTATTGGTAATGGTTTTAATTTAGGTAATTATATTTTTCAAGATTCAACAGAAGGACCTTTGGCATGGGTTGGTAGAGTTGCACCCGAAAAAGGTTTAGAGGATGCAGTTTATGTGGCAAATGAACTTGGCGAAAAACTAAATGTTTGGGGTTTTATGGAAGATGAGAGTTATGCTTTAAAGATAGAACAATCTTTTCCCCAAAGAACTATAAATTGGATGGGTTTTTTAGCAACTGAAAAATTACAAAAAGAACTTGGTAAATGTAGAGCGTTGTTAAATACTCCGAAATGGAATGAGGCATATGGAAATGTTGTTGTTGAAGCTTTGGCTTGTGGAGTTCCTGTTGTGGCCTATAAAAGAGGAGGACCAAGTGAAATAATTATGCATGGGGAAACAGGATATCTTGTAGAGCCTGATGATAAAAAAGCTCTAATTTCTTATTTGGAGATTATTTCAAAAATAAAACGTAAAAATTGTAGAGCTTGGGTAGAAAAAAATGCCTCTACAAATATATTTGCTAAGAAGGTTGTGAACTGGCTTAATGAGGTAATAAACGAATATAAGAAAAATTGATATTTAGTAGATGATTCTTTTAAATTCTAAAAATAGGCTAATTACCTTATTGATAGTATTAGTTTCTGGAATCATTATATTTACTCTAGGTTTAGGGACAACTGGACTAGTTGATGAAACTCCTCCTCTATTTGCCGCTGCAGCGCGATCAATGAGTGAATCTGGCGATTGGATAACTCCGAAAGTAAATGGAATATTTCGTTTTGATAAGCCTCCACTCATATATTGGCTAATGGGCTTTTTTTACTCACTACCAAAAAATGAGATTTGGGATAGTTTGGGGACAATATCAGCGAGGCTTCCATCAGCTTTGGGATCATTATTTTTAATGATGATGATTGCAGACACTTTGTTT
CP138927.1_gap10	355001	357461	2460	CATGCTGCTCATGCAGGTCTAATGATGTTCTGGGCAGGAGCTTTTGGATTATTTGAATTGGCTCGTTATGACGCCAGTATTCCAATGGGTGCACAGAAAGCAATTGTTTTGCCTCACCTAGCAGGTATTGGAATTGGTGGTATTGAAAATGGTGTTATTACAGAACCATATGGAATTGTTGTAATTTGTACATTACATCTAATTTTCTCAGCAGTATTAGGTGCTGGAGGATTATTACATTCCAACAAATTTGCAGGTGATCTTGGAGACTACCCAGAAAATAGTAAGCCACAAAAATTTGATTTTGAATGGGATGACCCAGATAAATTAACTTTTATTCTTGGCCATCATTTAATCTTTCTTGGGCTTGGAGCAATTATGTTCGTTGAATGGGCTCGTATTCATGGAATTTATGACCCAGCAATAGGATCTACAAGACAAGTTATTTACAATTTAGATATTGCCGCTATTTGGAATCATCAATTTGATTTTTTAAAAATAGATAGTCTAGAAGATGTTATGGGAGGACATGCCTTTCTAGCTTTCCTCGAAATAATTGGGGGGGTTTTCCATATTTGTACTAAGCAATTTGGAGAATATACAGAATTTAAAGGCAAAGGATTACTTGGAGCTGAGGCAATTCTGTCATACTCAGTTGTAGGTGTTTCTTATATGGCTTTTGTTGCTGCTTTTTGGTGTGCTTCAAATACAACCATATATCCAGTTGATCTATATGGAGAACCCTTAAAGCTTCAATTTGAATTTGCTCCTTATTTTACTGATACAGTAGATTTAGGCTCAGGAGCATACAGCTCAAGAGCTTGGCTTGCAAATACACATTTCTACTTGGGTTTCTTTTTCTTACAAGGTCATCTTTGGCACGCACTAAGAGCAATGGGATTTGACTTTAAGAAAATTGGTCAAGCTTTTGACAACATTGAAAATACAAAAATTACCCAAAACTAGTTTAATCTAATAAAAAACCTCTCCTTTAACAGGGAGGTTTTTTTTTGTAGAATTATTTCAAATATTCACAAAATTAATGGATAATTTAAAAGAAATTAATTGTAAGGAGATTTTCAGAAAGGCTTATGAAAATCGGTACACCTGGAAAAATGATTTTCATGGTTACCGAGGAAGATGTATTTTTTTGACTGATAATAATATTCATAAAGGTAACTTTGTATTGGGTAAGGACTTTAAACCAAATATCCAAAAAATAGAAGATGAGAAAGTTGTTAAAAGTATTGCTTCTCAGTTATTTGAAGTGTGTATACATAGGGTAAAAAGAGACTTCGAATTAGTGCACTCAGAAAATAACTTTAATTTACTGAAAAATTCTGAAAATGGGATTGAAATGAGTGTTTCAGGTAAGAATCACGGCGATAAATATAGAGTTAAAAATAACTGTATTAATATGGTCTACAGAAAAATTCATGGAATTATAATTGAAATTTTTGTTGAAGAATTTTTAGATACTGGAACCGGTTCCCTTAGCAAAAAATACAGTAGTCAACAAATTAATCCAGATACATTTGAGGTAAATTCTCAAAAATTGGAATATGAGGATGAATTTCTAAATATTGGTAAAGACGATTATTGGATATTAAATTCGAGGACAATAAAATATATAAACCAAAATCAAGAAGAAGAAACACAAAAGTTTGTTTTCGAGGATCTATGCTTATTAAATTAGGGTTTTTTATTCAACCAATCTAAAACCTTTATCAAGTAGTTTTTGATAAAGGAGTCTTGCTCTAAAAGCAAGAATTTGCTCCTCATTTTCATTACTAATTACATGAAAATAATTATTATCTAATTTGTTTTTGCTAAAGCATACATTTGCTTCCCCTAATCTTAAAGTCCAGTTCTCTTCTTTGGCTAAATGTTGATTAGGCCCAAGATCCCAAGGACATTTTTCAGGATATTTTTCTCTTTTAGAACCCATATAGATAATTTTAACTACCCAATATTAGTAAAAATTTAAAAGTATGGCTATGGAGACTTTTTTCTAAATTTGTTAGCAAATGTGTAAAGGAATAATTTACTCTTTAGTCGCAATTAAGCAATAAAAAGGATCTTTTTTAAAAAAATTTAAGATATTAAGAGGTGGTTGATTAAACTTTTTAATTATTTTAGGTTCACTAAATCCGTTCGTGATTAAAACTTTTCTCACATATTTGACTCTCTCTTCCTCAGTAGAAGAAATCCATATATTAGGAGCTTTATGCCAAAACGCTCTATTAGAAAAAGCGATTAAAAACTTTCCTTGATTACTTAAAATCCTTGCTATTTCTCTAGTTAACTTTTCTGGATATTGTAAATATTGCCATGCTGCAACCATTAAACAATAATCAACACTTTTACTTGCAAGAGGAATTACTTGATTTGAATTGAAATTTTGTATCCAATAAGTATTAAAAATTTTGTTTTTTTCAAGTTCTTGTTTGTTCAATCCAT
CP138927.1_gap11	376989	380822	3833	AAGTTTTTAATTCAAAGGGATGTGAATCGGTATTAATTGAGACTACATCACTTTCGTATAAATTAGTGCCCCATCTTTCTGCTTGAGCCTTCATTAGATCCATCAATTCAGGACCCAGTACACCATCTGGGAACCCTGGATAATTTTCAACAAATGTTGTAGTCATTAATTGCCCACCAGGAATTCCACCAGAATTAAATCCTGTTACAAGTAATGGTTGAAGATTTGCTCGTGCGGCATATATAGCAGCGGTGTATCCTGCAGGTCCCGAACCTATAATTACAACATTTTCTACGTTTGAAATCTTCTCTTTATTTTCCATTTATTTGCTAATTTCTTTATTAATGATAATAAACTAACCCAAATAATGTAGGGCGGATTTCACTCGATAGATTTATTACTCAATCGTTGACTTTTTGGTCTAATAACTTTTTTAATTCCTTTGGGAAATTTAAAACAGAATCTTTTAAATTTTCCTTCTTTTCTCCAATATGTAATATCCACTCTCTAAATTCTTCTGCGATTGCATAACTATCTTCATACCTTTCTAAAGTGTCCATTGCAGAAATTCTATTGGTTGCCCAACAGGTGGCTATGTCGATCCTTTTTCTTATGAAATTGTCCATCGAAAGATTTAAGTTGTATATAGATAAACACATTAGAGAACCAATGTATTGTCTAATAAGTTACAACTTTGTATTTCCAAACAATAATTTAATCTTTAATTTATATTTGAGCCAATATTTGAGTGAATTAAAAAGAAAATATAAAGAAATAGGTTTAAACTGCCTCGCTGTGATTTGCGAGTAATCTTTCAACTTCCTCAAAACCCTCTTTAGCTGAATTTATTGCAAGTTCCTCACTAACTTTTTCTTCTGAAATTAATTTTGCGGATATTTTTTTTAAAAGAGATTCTTTCTTTTCTCTTAATGAAATGACAATTTCCTCTTCAATGATAGATTTTATTGCTTTAGAAATTATTTTTTTGTCATTTGCTTCCTCAAATGTGCCCTGGACTAATTCCTGAATAAATAATCGATGCACCTCACTACTTCTTAGAAAGCTTTCAGTGGCATTAATAATTCCTTCAACAAGAGCTTCATCAGGTTCAGAATCATTTTCTGCGAGCTTAAATTCCCAATCTAAATGTCTTCTTTGCCAACCTGCTGAGTGGAGACTAGGCATGACTGTCTGTGAATAAGTATCAACCGACATTTCATAAATTCTCTCTGCTAATTTTTCGCACCAGTCCTTACCATGCTTTTCTAGATTTTTCTGCATAGCTTGTCTTGGAACAGCATGACCACCATGATGACTGTGACATACTCCATCTGGACATTCGATTGCTTTTATACTCATTGGAATGTTTAGTACCTATATATTCTAGATAGCTATTTTTTATAGAAAAGAAAATATATTTTTAACAAAAATCCAAGACTTTTGACTTTCTTCAATTTATATTTAGTATGTTAAAAAAAATAAATAAATTGACAAAGATACTTATTCCTTCCGAAAAAAGCTCTGGTGAAAAGAGAGTTTCAGCTACTCCAGAAGCGGTAAAGAAATTAAAAAGCCTTGGATGTGATGTTTATATTGAAAGTTCAGCGGGAAAATTATCAGGATTTAGTGACTTGTCATATGAAGAATCGGGTGGAACAATAATAAGTAACTTAGATCAAAAAATTTGGGGTGAAGCTGACCTAATATTTTGTGTTCAAACTCCATCAGAGGATAATTTAACTAAATTAAAGAAAGGTGCGGTTCTTCTTGGTCTTCTTAACCCATATGGTAATAAGGAGCTTCTCAAGATTATAAATAGTAATAAGATTTCAGCTTTATCACTAGAATTGCTTCCGAGGATTAGTAGAGCGCAATCTTCTGATGTTCTTTCTTCACAGGCCAATATCGCTGGATATAAAGCAGTTCTTTTAGCTGCAAGTGAGTTAGATAGATATTTCCCAATGCTTATGACTGCAGCAGGCACAGTACAACCTGCTAAAGTAGTGGTTCTTGGTGGTGGCGTTGCAGGATTGCAGGCAGTCGCTACAGCAAAAAGACTTGGTGCAATAGTATTTGTATCTGATATTAGACCTGCTGTTAAAGAACAAGTTGAGTCCCTCGGAGCAAGATTTATAGAACTTCCTGAAGTGGATGAAAAACCTGGAGAAGCTGGAGGTTATGCAAAAGCTGTAACACCCGAATTCCTTTCAAAACAGAAGGCTACTTTAACTAAATATTTATCTGAAGCTGATGTTGCTATATGTACTGCACAAGTTCTAGGTAAAAAGGCCCCTGTTTTAATAGACGCTCCCATGATTGAAAAAATGAGACCTGGTGCAGTAATTATTGATTTAGCAGTTTCTCAGGGAGGTAACTGCGTAGGAACAAAATCAAATGAAACTATTATCAAAGATGGGGTAAAACTGATAGGAGCGGGCGAATTACCCTCTTCAGTTCCTTATGATGCAAGTTCACTTTATGCTAAGAACTTAACATCTTTGATTACACCATTTATAAAAGATGGTGTAATTAAATTAGATAAAGAGGATGAACTCATTTCTGGATGTTTATTAAGCGATGAAGGAGTTGTTCTTCAAAATAAAGTTTTTGAAAATTGAGGTTTTAAAATTATGTCTTTTATAAGTCTTCTTTGGGTTCTTTTGCTTGGTAGTTTATTAGGCCTTGAGTTAATTGGAAAAGTTCCTCCTACTCTTCACACACCTCTAATGAGTGGAGCAAATGCCATTTCGGGAATAACAATGCTTGCAGCCTTGACTTTAATTGTAAAAGCAGAAGGTAACTTACCACTTTTAATCATTGGTTCAGTTTCTCTTGGATTTGCTCTTTTCAACGTTGTAGGCGGTTTCTTTGTAACTGATCGAATGCTCGCGATGTTTAGTCGTAAACCATCAAATAAGAAGTAATTTTTAAAATGAATCTACCTGTAATCATTAAATTCGTTATTGACCTTCTAGCAGTACTTTTACTGGCTTTAGGGATAAAAGGATTGTCAAAAGTAAAATCAGCAAGGGATGCCAATAGATTAGCTGCATTTGCAATGTCGCTATCAGTAGTAGGACTACTTTCTTATTATTTAGGCACTTCTGGAATTGCTGTACAGTCTTGGATTTGGATAATAATTGGATCAATCATAGGTAGTTTATTCGGAGCAATTCTTGCAAAAAAAGTACCTATGACCTCCATGCCTGAAACAGTGGCATTATTCAATGGCTGTGGAGGAATGTCATCACTTTTGGTGGCCTTAGGAGTAGCTATTTTCCCTATTTCTAATAGTTTAGAAAATCTTGATTTTTTTAAGTCACTGATTAACGAAGTTTCAATATCTATTTCTATATTTGTTGGTGCCATAACTTTCACAGGTTCAATTGTGGCGATGGCAAAGTTACAGGGTTGGTTGTCAACTCCAGGATGGACTCAGAGCAAAGTTAGACATTTTGTAAATATTGTTTTTGCAGTTGCTTCCTTGATAGCCTTTTTTGATTTGATAAACGGCAATACAATTTCTATTTGGCTTTTAATTATAGTTTCTTCTTTATTAGGTATTGGAGTTACTTTGCCAATTGGTGGAGCTGATATGCCAGTCGTTATATCTTTATTAAATAGTTATTCAGGGATTGCAGCAGCAGCAGCAGGTTTCGTTGTAGATAGTCAGCTTTTGATAGTAGCAGGCGCAATGGTTGGAGCGGCAGGTCTAATACTTACTCAAGTAATGTGCAAGGGTATGAATAGATCATTGGTCTCAGTTCTTTTTGGAGGATCTTTATCGGCACAAAGTACAGCCTCTTCTGGTTCAGGAGAATATACAAATATAA
CP138927.1_gap12	478384	482625	4241	TAACAATTCAAGAATTGGCAAGTATTTCAAAAATCCCAGAACAAACGATAATTTCTATTGAAAATAATAAAAAAAATACTAGACCAAAGTATCCATTTATAAGATCAATATTAATAAAATTAGAGGAATGCTTAGGATTAAAAAAAAATTCATTAGAAAAATTAGCAATTAGAGAAGGAGAAACTTCCAAGAAAGAAAACAATGATTTTCTTATTAACAAATTCGATCTTATTAATACTTGGCAAGGTAGTCTTTTGTATTTTTTTATATTGGTTTTAACAATATTTATTCTGAAAAGATACTTTATTTTAAATGTAAATATTATTGAGGTTCAAAATATTGAAAATAAAATCATTGACAAATAATCTTAAATTAGCCTTATTTTAATGTTCTCCCAAAATTTTTTCCTAGCTCACTAAATATTTTAATATCGTCTTCAATTTCTTCTAAAGGTTTATTTAACTTCCATTTCCAGTTATTTTTTGTAGTACCAGGTCTATTTAATCTACTGGAGTCATCTAGAGATAATACATCTTGTATTGGAACGATAAATAAATTAGCGTTTGAAGCCATTCCAATTTCTATTAGCCCCCAAGAAGGGTTCTCTGAAAAATTATATTCATCTAATATTCTTGTTTTTGAGTCATTGTCTAAACATTCCCACCATGAAATAGAAGTAGAGTTGTCATGGGTCCCTGTATAAACAACCCAATTTTCTCCATCAATATTCTTAGGTAAATAAGGGTTATCCTCATTGCCATCAAAGGCAAATTGTAAAATTTTCATGCCAGGAAGTTCAAAATTCTTCCTTAATTTGTCTACATCTGGTGTTATTACTCCTAGATCCTCAGCGATAATTGGTAGATAGTAAGCCCCTAAATCTTTTTTTAGATTATTCAGTAGATTTCTACCTGGAGAATTTATCCATTTGCCGTGAATTGCCGAATCAGAATTGCCATTAACTCTCCAGTATCCCGCTAAACCCCTAAAATGATCTAATCTCAAAAGATCTACTAGTTCAAATTGCCTTTTAAATCTTTTTCTCCACCAATCGAAATTAGTTCTTTTATGTTTTGACCAATAATAAGTTGGGGTCCCCCATAATTGTCCTGTTGATGAAAAATAATCAGGTGGCACGCCGCTTTGAAAGATTAAATCTCCATTTTTAAGAATTGAAAATAATGATTTATTGCTCCATACGTCGGCACTGTCCCTAGAAACATAAAAGGGCAAATCTCCTATCAGCTTAACTTTATTTAATTTTGCAAAATTTTTAATGGATTTCCATTGCTTATCTAGATGCCACTGTATGAGTTTTTTAATTAGTATCTCTTTACTTTTCTTTTTGATCCATGATTTTAAAAACTTGTCATTTTTTACTTTGAATTCTTGCGGCCATCGCCACCAAGGCAACATATTAAATTCCTCCCTTATCACAACAAATGTTGCATAATCTTCAACCCAAGAGTTCATATTAGTCCATTTATAAAAATCAAGTTTTCGCTCTTCAGGCTGGGAGTTCCAACTCTGCAGAAGGTGGCGACCTATTTTTTTTGTTGAAATATCAGCAACATCAAAATCAAAATGATTCTTGTTTTGATTTATAGGTCCTAATTCATCTTTGTTTGAAATGAAGATAAAACCTTTCTCGACTAAATCATCTATGTCCAAAAACCATGGGTTCAGCGCAAAACTAGAGGGTGAACTATAAGGTGACCCCGTAGAGTCAGTAGGTGTTAGAGGTAAAAATTGCCAATATTCAATACCATACTTATGAAGCTTTTTTATCCACTCTTTAGCTCCTCTTCCAAAAGTTCCACAGACTGTTCCTCCGGGTATACATGAAGGATGCATAAGTATGCCTAATGATTTTTTTGGAAGAACTTTTTCTATTTGCATGGGTTGTTAATATGAAAATCCTCTGCAGTTAAAAGCTTTTGTGCCTCTAAATTCAACGATATACAAATTTTTTTTAATTGACAAATGACTTGCCTAGAGTTTTTAGTCTAAATAAGAAATTCGTTTGTTAATCCGCATTATTCTATATTTTGCTTAAGAGATGTGACTTTTGAAAGGATCTAGTAATTTTTCTTTTGCTAAATTCCGATAAACGACTACGATAATAATATATTTAATTAGGTGCTAGTTTCGTGACAAGTTTTATCACGGCAGTGCAAAATAAAGAATCTAAATTTAATCTATCTAATAGTAGATTAAGGCTAGTTAGCGGAACATCAAATCCTAAATTATCCGAAGAAATTGCATCATATTTAGGGATAGAAAATGTACCTTTAATATCCAAAAAATTTGCTGATGGAGAACTTTATGTTCAGATCCAGCAATCTATTAGAGGTTGTGATGTATTTCTCATACAGCCTACATGTGCTCCCGTAAACGATAGTTTAATTGAACTTATGATTATGGTTGATGCTTGCAAAAGGGCATCTGCTAGGCAAATAACTGCTGTAATCCCTTATTTTGGATATGCAAGGGCAGATAGAAAGACTTCAGGAAGAGAATCTATTACTGCAAAACTGACAGCTAACTTACTTGAGAAATCAGGAGTAGATAGAGTTCTCGCTATGGATTTACATTCTGCTCAAATACAAGGTTATTTTGATATACCTTGCGATCATATTTACGGTTCACCTGTATTAATTGATTATTTAGATACTTTAAATTTAAATGAAGTTGTAGTTGTCTCTCCTGATGTAGGTGGGGTAGCGAGAGCAAGAGCATTTGCAAAATTAATGAAAGATGCTCCGTTGGCTATAATTGATAAAAGGAGATCAGCTCATAATATAGCTGAGAGTTTAACAGTTATTGGTGAAGTTAAAGGTAAAACAGCTATTCTCATCGACGATATGATAGATACTGGTGGGACAATTTGTTCTGGAGCTCATCTATTAAAAAAAGAGGGAGCTAATAGGATTTTCGCATGTGCTTCACATGCTGTGTTTTCTCCTCCTTCTTATGAAAGATTAAGTACCAAGGATTTATTCGAGCAAGTTATTGTTACCAACAGCATCCCAACTCTTGTTAAAAATAATTTCCCTCAATTAAAAGTCCTTTCTGTCGCAAATATGCTTGGTGAAGCTATTTGGAGAATACATGAAGAAAGTTCTGTAAGTTCAATGTTCAGGTAATCAATAAAATTATTTCTTGCTTCCTTTTACAAGTTGCTTTAACCTTTTTTCATAATCATTTTTTATATTCTTAGGAATACTTTCAGGACAAATATCAAGAGCACTTCCAACAATTTGAAATGTGCCTGCGTTATATAATTTTTTTTGGTCAAGTTTTTCATTCCCTAATTCCTTAATAGCTCCACCATGCTTACCAGTAATGACATTTGCAAAAGTAGCACTAGCAATTCCTAAACCTTTGTTAAAATCTACGTCAGCTTTTGAAGCGATACAAAGGTAAGAAGCTCCCATTTGTCTATAAAGGAAAAGATCTTTTTCAGAGGCAGCGACTAATTTTTTTTCAGCTTTAATTTGATTATTTACTGTATTAATCTCAAAAAGCGAGAAAGATATGAAAAGGCCTATACCAAGCAATTTAGAAATTCTTTTTAAATAATTAATACTCATTAAATAATAATATTTACTACAAGATAACATTTATGATTTTAATGTTTATAGCTAAATAGCACTTATTTAATAATTTTTATCTCGTGGTGATTCTCTACTATTTTCAGCTTATTTTTGTTCCATGAATATATAACCCTAAATCTATAATTATCTGAATCAACTAATCTTGTATGCTCTAGTATATACCAATCTTTATAAGAGGATTCAAAAATCATTTCGTGTTCATCCACTTGCTTAATATTTGAAATCCCCTCATTATCACTTAAATAAAAATTTTCTCTCATAAGCTGGTGCCCCTTTAAGAATGCACTCATTTCTCCTCTCTCTTTATATTGGGGATTTTCTTCAAAGAAATTGTATTTTTTTTCTGGATACCAGGTGAATTTATAGTGTGACTCCCATTCCTTTTTATTCTCAACAGCTTCTATATTTATGTTCATACATAAATTATAAGTTTTTTGTGTTTCATCAAGAAAATATGTTCTATTAGATTTCCACAATCCTATATTTCTTGAAAACCATCTTTTTAAATTGCTATTTAAACTAATTTCTGGAGAGTTGTTTTCGCCAAAATTTAAATTTTTCTTTTGATTAATAACAACCATTTATAAATAAGACTCATCTATTTAATAGCTTATTTGTAGAATA
CP138927.1_gap13	538416	540516	2100	GTCCTTTTTTAAAATATTCTCCTTTTATTGATAACCTTCAAATTCTTGATCCCATAAATTTAAATGGTCTTAATTTACTTAAACCTAGAGGAATAAAATCAATTATTGGTACTGGTATTTTAATAAGACTCAATTACATCAATGAAAAAAAAATTGGGGTCAAATTTACACATGCTGGTGTTATAGGTCCTAAATTTGGAAGAAAAAATATAAAGGCTATGAAAGAAATAAATAATGAACAATTAGGGTGGTTAGAGATAACTTATTTAAGTAATAAACTTAGAATCTGTAGAGGTGATAAAGGAACTTTATTTGTTCTAAGAAAAAAAAATTCACCGATTTTATTCAAGAATTTCAAGGAATTTATTAAAATCTATTAAAAATATAAATTAATTCTTTATCCAAATAGACTTTAATACGAAATAAATCGGAAAATATTTAAATGATTCTTTAGGTATTTCATAACTTAAGAATTTTAGTGCTTCTTCTAACCAGTAACCAATATCAAATCCTAAAAGAATTTTTTCTACAACAAACCAAAATTCTTTATCAAATATAATTCTGAAGTTTAAGTAAATATATTCCCAATGAAAGGTATTCCAATATTGGGTTAAAAATGAGGATAAAATAAGCCAAAGAGATATAAATAGAAAACTTTTAAGAAATTTATAAAATTTTTTCATATACCAGCAACTGTCTTATTTAATTTCAAATATCCCTTATTATTATTTCGATCAAATTTTATTTCCATGAAATATATTCAAAAAAATATAAAGATATTGAGAAAATAGTAAATTTTCGTGGAATTAATAATCTATTCCTCTTTTTTTAGCTTCTGTGCCTCTAGATTTTTATTTTTGAGAAAAAATCCTAAAAACAGAAAAGCAAAATATATTAGTAAACTTATGCCAAAAATTAAAACTATTTTTGAAATATCCATAAATGTTTTTTTATAAATTACAGCATTTTTTGCAAAGTTTTATCTATAGTAATGATTTTTCATTTATCACGATAACGAGCTTCAATTATTAAGCTAATAATATTATTTAAATCATATGCAAGTAGTTTTTGCCTGGAGCCTTTGTCTCTCAGTAGGTGTTGTTTTAATATCAATTATTCCATTAACTATTGGGAGGATTAAAGCAGGTTATTCTGTTGAAAATATGTCTGCTCCAAGGGCTTTATTCGATGAATTACCTTCATTTGGGAAAAGAGCAGTTTGGTGTCATCAGAATTGTTGGGAAAGTATTTCCCTACATGCACCAGCATGTCTTCTTTGTTTGATTACTTTAACTGACTCAAATATTTCAATAATTGCAGCATTGATTCATCCTATTTTTCGTGTTTTATATATTGGTGCTTATGTATTTAATATCCCAACAGCTAGAGGTTTAATGTGGGCCTCAGGAATTCTTACAACACTTTTACTTTACAAAGAGGGCTTAACACAATTGATATAAACTATTTAAACAATAAGTTTTTTAAGTCTTTTAACTGATATTCATTAATTAATCTAACTTTGTTTGATTTTGCTAGTTGTTGCGCTGACTTTGTAAACCCAGATTTTGAAACTAATATTGCATGAGTACCTTTCCAAAATAATTTACCAGCTGAAATTTCCTGCACTGCTTTATTTCCAATAGCTTTTTCATGATTTTTGCATTGTATACATATTCTCAAATCATTTATTGATGCAATTAAGTCAACCCCTTGATCTCCAGTATTAGGGGTTTCTTTAACTTCCCAGCCATTCTGTTTGAGAATTTGCATACAATAATTTTCAAATCTAATACCTTTTTTATAGCTTTCGTTAATTGTTTTTGAGTAATCATTTTCTATTAGGTTTAGGCATGATTTCTCTATTTGACTTGCTATGAATACAAACCAATCTTCAGTCTCGAGCTTCCTAGTAGATCCAACTATCTCATCATCAATAGTAGGATTTTCATTACAATAAGATCGCCACTTTTCGAAAAATAATTCTATACTTCCAAATTTTTTTAAAATTACTTTTTCCCAGAAGTATGGTATCCCCTCTTTAAATCGCTTAGATCCATTAAATATATTTTTCACAATGGCTTTTTCATCAAGAGGTGGATT
CP138927.1_gap14	702700	704445	1745	GAAATTTTCCAAAATTTTAAAATTTTTTCAATATCATTTTTAATTTCAATTTCACCGGGGAAATTAGCATAACGATTAATTAATCTAGCTATATTAATAAAGTCATAATCTTCTGGTTTTTCTTTAGTTATTAGAGAATCTATGATATTTTTGTCTATTGCATGTAAAGGATGAGTTTGTTCGTTACTCATAGATAAAAACTGAATCACTATAAAATTAGCTCACATATTTAAAAATGAAACATTATCTTAATCATATTGGAAAAATTAAATGAAAAATTTAAAATTTAAAGTTATATCAAAATACCTTAAACCTTACAAAAAAGAATTTTTTATAGGAGCTCTAGCTCTACTGATAGTTAATATTTTAAGCGTTGTAATCCCTTTAGAAGTAAAAAATATAATAGACCAATTACAAAAAGGTTTCTCTTCTGAATTTGTAATTTCTAAATCTTTTCTTTTAATTTTTTTAGCAACTTGTATGGGTTTAATAAGATTATTTTCAAGGCAAATTGTATTCGGAATAGGTAGAAAGGTTGAGGTAAATCTTCGACAGAAACTTTTCGATCATTTGCTTATTCAAGATCCAGAATGGATACAAAAAAAAGGAAGTGGAGACATTATTAGTAGAGCTACAAGCGATGTTGAAAATATAAGAAGACTTCTTGGCTGTACAGTTTTAAGTTTATGCAACATTGTTTTAGCTTACTCATTCACTATCCCCTCGATGTTTGCAATAAACAAAACACTAACAATTTCAGCCTTAATTATATTTCCAGTAATACTTGGAATTGTAAGTTTATTCGGCGGAAGAATGGTGAGTCAAAGAAAATCTCAACAAGAATCATTATCCAAACTTAGTGATTTAATACAAGAAGATCTTTCTGGAATAAGCGCTATCAAAATATATTCACAAGAAAATTCTGAGAAGAAAGAGTTTAATATCTACAATAATGCCTATCGGAATTCGGCTATAAAACTTGCCAGAACAGCTAGTACGTTATTCCCGTTGCTGCAAGGTATTTCCTCAATTTCATTATTAATCTTATTAGGATTAGGAACCTTTCAACTGGATAGTGGATTTATTTCAATAGGTGGTTTAGTAGCCTTAATACTTTATGTTGAAAGACTAGTTTTTCCTACAGCTCTCTTGGGTTTTAAATTGAATACTTTTCAACTGGGTCAAGTGAGTTTAGATCGTGTTGAAGAAATCTTTCAAAACCATCCAAATATAGTTGATGGAGCGAATTCCAAATTTTTAAAAAGAAAGATAAAAGGTTCCTTAGAAGCTAGAGATTTAACTATAAAATATCCAGGATCATTATTTAATTCGTTAAATGGTCTGAATTTTAAAATTCATCCTGGAGAACTTATTGCAATAGTTGGACCTGTAGGTTGTGGTAAAACTACGTTAGCAAGGGCACTAGGGCGAACAATAGAAATCCCACAAGATCAATTGTTCTTAGATGAAATTGATGTAAAAAATATTAAATTAGGAGATCTTAGAAAAAATATTTCGATTGTCCCACAAGAAGCATTTTTATTTACATCTACAATCTCAGAAAACCTACGTTTTGGAGAACCAAAAGCATCTAATGGACTAGTTAAAAAAAGCGCTAAAAAAGCTGGTTTGATTGATGATGTAAATAATTTTCCTCAAAAATTTCAAACGATTGTTGGTGAAAGAGGTATTACCCTAAGTGGTGGACAAAGACAAAGAACAGCCCTCGGGAGAGCATTACTTGT
CP138927.1_gap15	726376	731068	4692	ATATACATAAATACAGCAGGGTCCCAATATATTTAAAGAACTATATAAATATTGCTACAAATAATAGAGAATTTTCTTTTTATAAGTAATTGATTATTTACTTGAGTTATAGTTCCGAAAGATAAACAGTCAATTAAAAAAGAAATTAATTTATGGAAAACAGACAAATTAATTTTTTTAAATCAAAAGACTTTAATACCGTTCTCAAGCCTTTTAAAAAAGGAACGGTAGTAAAAATTGACTCGATAGATATTAGAGAAAATAAAAATGAATTAAAAATAGGTTTATTTGGTTGGTATGCAATTTGTCCTTCAAAAGAACTTAAAAAAAATAAGCTACATTATTTTTCACTATATGATGAGCCTCTAGTTCTTTATAGAGATGAGAATAAAAATGTTAGATGCATTAAAAATATTTGTCCGCATAGGGGAGCTTCCTTTTTTGGAGGCACCATATCAGATGGAGTAATAACCTGTCCATATCATGGTGCTAAATTCTCCTCTGGTGGAAGTTGCCAAAATCTTGATAGAATAACATGCAGTCACATAATTGATAATAACTACGATAACTACGCCAAAAGAATTCACTTATCCCAATACAAAGCTTTAGAAAAGAATGGATATATATTTGTACATTTTTCCAAAAAATCTGACACTGATTTAAAAAATATAAGTGAAGATTCACCTATAAGTAACTACGAATTATCTGAAAATGGATTTTTACATGCGGATTATGTATATGAAGAGGTTCTAGTTGACTTTAAATGTGATTGGTCAAGGATAATTGAAAATCACTTAGATATCCTTCATCTTTTTTGGGTTCACGGTGATACAATCCCTGATAAAGATGTTAATAAAAATGTATTAGTAAGTTTTAACCAGAAAATTAATGTCACTCCAAAATATATTGAAAGTATTTATTACTATAAGAATGATCCTACAAAAGAATTTATACGAATAAAATACATTCCACCTGGAAGGATTTTAATTTATAAAGGGAATCCTTCTGAAGCTAGATATTTACAAGTTTTAGACCATATTCCACTAGGAAATAACAAAGCAAGAGTAATAGTAAGACACTACAGGAAATTCTTAAAAAATAAATTAATTAATAACCTTATGTTATTTCAAGAGAATCAAAGAAAGATTTTTTATAAGATATTTGATGAGGATTATATGATTTTAAAAACACAAACATTTAATCACAATATGGGATTTATAAGTAAAGATGAAATAAAATTATTGGGAGAAGACAGAATAATAAATTACTTCTGGAAATGGTACAAGAAATCTGAAGATAAGGATGAACCATGGAAAAATACTAATGAAACTCAAAATATCAACGTATACGACGAAGTAATATTGAAATATCCTCCGGAGATAAAAAACTTAGAAATTATCAATAATATTGATATTATTAGAAAAACATTTTTAAGATTTGCAGCTCCACTTATATTTTTTATGTTGATTATATAACTTATGAAGAAAGTAAATAGACCTTCATGGTTGAATTGGCTTTATCTTTTAATATTTATTTTAAGCACAATCCAATTAATTATATTTTGGAGCAATAAGTTTTAGTGGTTAATAAGTTATGGTTTGAAGCGAAAAACATAAATTGTTTTAAGGGTGGTTTTAGAGTAATTAAAGATTTAAATTTAAAAATTGCGAATTCAGAGAATGTAATATTAATTGGACCAAATGGTTCAGGTAAATCTTCTTTAATAGAAGTAATTAATAGAAATATATACCCAGTAGTAACTAATCAATCAAAACTGAAAATATTTAACGAAGAACTTATAAATTTATGGGAACTGAGAAAAAGAATAAGTACCGTAAATAATGATATTAAAAATAGAATAAATCCTAATATAAAAGTTTTTGATTTAATTTTAAGTGGATTATATGGAAAATATTGTTACATACCAAATAAATCTGAAAGAGATCATTATCAGGTGGATAATATCTTGAAAAATATGAATATATTTAATTTATCTAAAAAATATTTTTCCTATTTATCAGATGGAGAAAAGCAAATTTCTCTCATTGCAAGAGCGTTAATAAAAAAACCTGAAATTTTAATACTTGATGAGCCAACTGCAAATTTAGATTATAGATCAAAGTTTTTAGTGATTGATAAAATTAATGAATTATCAAAATTAAACAGCAAAATTTTTTGTGTTACCCATGATATTTCGATGATTACAAATATTTTTGATCGAGTCATAATGATGAAAGATGGCGAAATTATCGCTGATGGATATCAAAATGAGGTTATTAATAGCGAAAATCTTAATAGGTTATATGGTATTGATGTTGAAGTAACTAAAAATAATAGTTTTTGGTCTATTAAGAGATTATCTAAATAAGAATTATTAAAATAGCTATTCCAATAACAAGAAAAATTAATTTTCCACTTTTTAAAAATGAAGAAGATTTATTTTTAAATGAAGAAGATCCACATTTAGAGCAAATTATCTTGCCTCCTAAAGATCGATCTGAAACTAATGCAGAACTCCCACAATTAAGACAGACTCTATTTGTGTTCATCTAAAAAATTTTTTTTAGGAATACAACTTAATTATATTCTTAAAAACATATATTAAGAAAAGCAAAAATTTATTTATGATAATGAGAATCTATTGCAATAAGTTATTAAATAGTGCATAATTGATAATAATTCTCATTATCAAAACCTTTCAGATGAATTTCCATAGTTATGGGGAACCACCTTCTAAGTTAGTAAGAATAATAACTGGTCAATCCGTTTTAATAGATCCTTCATCAAGGCCAAAAGGAACATGTCTAGAAATTGAGAGTGGGATTGCAAGAGTCTATTGCCCTTGCGAAGAAACGGAAGGGATGACACTAGCCTTCCTACAGTCAGGGGACCAGTTAAGAACTGACCTTTTATGTAGTGAGGGTGTATGCGTTGAAGCATTAACAGATTTATCGTTCCATAGCAGTGGAATTATTAATGAAAATGTAGGTTTTGATGCAGTAAATGAGTGGACATTGCAACTCCTCAGAATTAGACACTTGGGAAATGCTGAACAAAGGTTACAGGCTTTATTTTCTATATTAGTAAACCGATTAGGAAGAAGATGTGGTCAATGGTGTGAATTACCTTTTAGGTTAACTCATGAAAGGATAGGTGAATTAATTGGTTCAACACGAGTAACATCAACCAGGTTAATTTCTAAATTAAGGTCCTCTGAGTTAATGATAGCTCCAGTTGGCACTCAAACTGTCAGTGTTGCACCTTCTTTTATTGAATCATCATTACTATAGAAAATGGAAGAATCACAATCAATTACTAATACCCTATTAATAGAAATAGATGTATTGACTAATCGAATCAGAAATATAAGAGAATCCCTTAAAACTACTCAAAATAAGGGGTTAAAGGAAAGACTATATTATGAAAATAAAAATATATTTCAAAGGGTTAATGAGATCTATAGAATAGCTGAATTCTTGAATAAAACAAATAGTGAGAAAATAAATTTTTCAAATTTACTTATTGAAAAAACAAAAAGGACAATAATTGAAAATATATATGAAAGTAATTTATTTTTGTTTTAATTCACTGTCTATCAATAAGATTGCAGAAGGTTGATTAGAAGCAAACTTAACTTTTCCCAGTATATTTGCGAATTCATCTTCAGATTTCGTTTGAGCTTCTACAATTGGATCTAAAAATACGTTGGATCTTGTATCTGAAATTCTTTCTGAAATTGAATAAAGTTGTTGTAAAGATGAAGTTAAATCAGCCTCCATATTGAAAGAAAAAGAAATCAATTCTTCTATTGAGTCCCAAGTCTGAACTGGTGCTGGAATTTCATTCAATTTCACGTTTTGTCCCCTTGCAATGAGATAATCAGCAAATTTTTGAGCGTGTTCCATTTCACCTTGTGATTCACCCAGAAAAAAAGAGGCAAATCCATTTAAATCACGTTCTTGGAACCATAGATATATCGAAAAATATTGAACATTCGCATATCTTTCCATTGTAAGATGTTCAAAAAAATTATCTAACAAACTATTATCCATAGGTTGGGCAATAGCTCTTCCAGATGGACCAAAATTAATTAATTTCTTTAATTTTAAATTATTTTCATTCATAACTTAAGAAGAAACTAAGTAAATAATACAACATTTTGTATAAATAAGTAATTACTTAAACCTTTAAAATAAATTAAATTATATGATAATGAATATCAATAGCAATATCATAAATGAATTTCGAGTATAATTTTTCTGAACTGTTATTAATTAATAAAATATATTTAAATAAAAAAAAGAAATGTAAAAAGAAAAAATGCTCTAATTGGAAGGGAGGAAAGTGTAATTGCCTATAAAAAAGATTAAATATTTACCTTTATTGCTCCAGGATATAAAAAATAATAACTATTTTTATTTATAGAAAGAAAACATTTATCACCACTATTTAACAGATTATTTATATTAGCTCTAACCCTCAAAATTTCATTATTAATAGATACTTTATAAATAAAATATTCACCAATAAATTCTTTAGAAATTACAACAGCATTACCAGATTCTGATCTTTTAATTGATATAAATTTAGGTGAAATAGACATATTTTTAGTTTTTATTTTGCTTGATAACCCTAAACTATTTATTTCACCTAAACAAGACATGTATGAATTGCCATATTGTTTAAGATTAA
CP138927.1_gap16	748827	752136	3309	AAGTCTCTGGCAAATTAGCAACATCAATAAAAAAAAGACCTTTACCCAATTCATCTGATTTAAATGATGTTACTAGTGAAGATGTATGTTTAGCCAATATAGAAATATCAAACTACAGCTCGAATCTTATTCCATGTCAAGTATCTTTATCATCGATTTCTAAAAATGGTAGAGGATTTAGTTTAGAAATATATGGAAGCGAAGGATCACTTATTCTTAAAAGCGAAAACCAAAAAGATTATGTACATGGTTTTAATTTGAAATATTCAAACAACGAAAATAAAATACAAAATCTAACTGCAGATTCAAGTTTTAATTTTGAAAAAACATGGACTGATGGGAGGATAGCCCCAGTTTTGAGAATTCAAAATTTATGGGCTGAGAGTATTTTTAATAACACACCTGTAATCCCAGGCTTATGTGAGGGACTTGCTAGTCATAAAGTTTGCGAAGCCATAAGAGAATCTTCGAAAAGTGGATTAAGTATCAAAATTTAAGGCTATACATTTATAAGTAGCAATTATCACCCGATAAAGTATTGGATTGATTTTATTTTTTTTTCATATTCTGGAAAAATCAATTGAACTGAATTATTCAAGAATGGCTTTAAATTATTACAAAAATGAGCTTAAAGAAAATGCTCAATTACTTGCTTCTAAAGGAAAAGGGATATTAGCTGTAGATGAATCCACTAAAACAGTAGGCAAAAGACTTGCTGGAATTGGCGTTGAGAATACTGAAGAAAATAGAAAGGCATATAGAGGAATGCTTTTTACTACAGAAGGTCTTGGTAAATATATAAGTGGAGCAATCCTCTTCGAAGAAACTCTTTATCAGAATCACCGAGATGGTGAGTCAATGGTTAAGAAACTAAATGATTTAGGTATTATTCCAGGTATAAAGGTTGATAAAGGCCTAAATCCACTTCCAGGAGGAGGAGATGTAGAAACTTTTTGCTCTGGCCTAGATGGATTAGTTGAAAGAGCAGCAAAATATTATGAACAAGGTGCCAGATTTGCAAAGTGGAGAGCAGTTCTGCAAATTACAAATGATGGTTGTCCTTCAAAATTATCAATTCAAGAGAATGCTTGGGGATTAGCAAGGTATGCAAGATCAGTGCAAGAATCTGGGTTGGTACCAATTATTGAACCTGAAATCTTAATGGATGGTGACCATACTATTGAAAAAACTGCTGAAGTTCAAGAAGAGGTAATAAAGCAGGTTTATATTGCCTGTCAAGCAAATGGGGTTTTTCTAGAAGGCACTTTATTAAAACCTTCTATGACTGTTAATGGAGCAGATTGTCCAACAAAGGCTGATCCTATGAAAGTTGCTGAAATGACAATAAGAACTATGGAAAGATGTGTCCCCGCATCTGTTCCTGGAATAGTTTTCTTATCAGGAGGGTTAAGCGAAGAAGCTGCTTCTGTTTATTTAAATAATATGAACACTCTTTACAGGAAAGCTTTATGGAATGTTTCATTCTCCTATGGAAGAGCATTACAACACTCATGCTTAAAGGCCTGGAAGGGAAGCGACGTTGAAGGAGGTCAAAAAGCATTAATATCAAGAGCGCAAGCAAACTCTGAAGCTTCAAAAGGTGCTTATGTAGCAGGATCTCAACCTTCATCCGATGAGCAATTGTTTGTAGCAGGCTACACTTACTAACTAAAAAATTCTAAAAATATACTCTGGGTCATAAAATTAGTTTCTTTAATTTAGTATTTTGTATATCTAATGACGTGACATTTGATACCTCTTTATACTAAACTCGCGGAAACATATGCTTTATATAGCATTTAACTTATTTTAATTATGGCCCTCGTCCCACTAAGACTACTTTTAGATCACGCTGCTGAGAATGGTTACGGTATTCCAGCTTTCAATGTAAATAATCTTGAGCAAGTTCAAGCAATCATGGAAGCAGCTTATGAAACTGATAGTCCTGTAATCCTCCAGGCTTCAAGAGGGGCAAGAAATTATGCAGGAGAGATTTTCCTACGTCATCTAATACTTGCCGCTACAGAAACATATCCTAATATTCCAGTTGTAATGCACCAAGACCATGGAAATGAACCATCAACATGCTATTCAGCAGCAATAAATGGTTTCACATCAGTAATGATGGATGGTTCTCTAGAAGCAGATGCAAAAACACCCGCTAGTTACGAATATAATGTTGCAGTTACTAAAAAAGTAGTAGATTTTGCTCATTCAGTTGGAGTTAGTGTTGAAGGAGAATTAGGTTGCTTAGGTTCATTAGAAACAGGGAAAGGTGAAGCAGAAGATGGTCATGGATTTGAAGGTGAACTTTCGACCGATATGCTTTTGACTGATCCTGAAGAAGCTGCAGATTTTGTTGCAAAAACAAAAGTTGATGCATTAGCTATTGCTATAGGTACAAGTCATGGTGCTTATAAATTCACAAGGAAACCTACAGGAGAAGTTCTTGCAATAAGCAGAATTGCTGAAATTCATAAAGCACTTCCAAATACTCATCTTGTAATGCATGGATCTAGTTCAGTTCCTCAAGAATGGTTGGATATCATTAACAAATATGGTGGTGAAATTCCTCAAACATATGGTGTTCCTGTTGAAGAGATTCAAGAGGGAATAAGAAATGGAGTCAGAAAAGTCAACATCGATACCGATAACAGACTAGCTTTCACTGCCGCGGTTAGAGAGGCAGCATTTGCTGATAAAGCAAACTTTGACCCAAGACATTTCAACAAGCCTGCTAGAAAATACATGAAGCAAGTTTGTCTTGATAGATACAAGCAGTTCTGGTGCGAAGGTCAAGCAAGTAAGATCAAACAAAACAGCACTAATTATTTTGCTGATCTTTACGCAAAAGGTGATTTAGATCCAAAAGTAAAAGCTACTGTTTAATTTCATCCCAAATAAAATAAAAAAGACCTCCAAATTGGGGGTCTTTTTTTATTTCAATATTAATGATTTTAATGTAAAGAGACCATCAGTCCCACCAATTGTCTCGTCACATGCTCGCTCTGGATGAGGCATTAAACCTAGAACATTACCCTTATCATTAGTTATGCCTGCGATATCGAATGAGGATCCATTAGGATTATTTTTATATCTCAAAGCGATCAATTCATTATCTACAAGTTTTTTTAAAGTATCAGAATCACAATGATATCTTCCTTCCCCATGAGCTATGGGTAACTTAATAGTTTGTTTTTCACCACCAACATTAAACCAACCTCCTTTTGAAGATACAATATCCAGTTCAACATCATCACAGATGAAATTAAGATTTTTATTTGCAGTAAGGGCGCCAGGCAAAAAGCC
CP138927.1_gap17	801770	805351	3581	ATCGAATCATGGAGAGCATTTTTAAATGGAGAGAATGGAATAATACAAGTTCCCACTGGATGCGGCAAAACTTATGCTGCATTAATGGGGCCTCTATCACAGATAGAAGATCCAAAAAATCAAAAAAGTGTGAATATATTGGTAATAACGCCTTTAAAAGCCCTAAGTAGAGATTTAAAAAATTCCATACAGTTAGCAGCTTTGCATTTTAACAAAGAAATCACTGTTCAGATTAGGAATGGGGACACCACACCATATGAAAAGAAAAAGCAGTTAGCTAAACCACCTAATATTCTTATTACAACTCCAGAGTCTTTATCTCTTTTACTTTCTAATAAAGAATCAAATAATCTTTTTAAGGATTTGTCTTCAATAATTATTGACGAATGGCATGAATTGATGGGTAGTAAAAGAGGAAACCAGTGCGAATTATCATTAAGTTGGCTAAGAGGCAATATAAAAAATTTACAAATTTGGGCAATGTCTGCAACTATAGGGAATATCGAAGAAGCGGCAAGAGCAATAGTTGGTATGAGCGCTATTAAACCCAAAATTATAAGTACAAATATTCAAAAAGAGATTGAAATTATAAGTGTTTTACCAGAGGAGGAAACGACATTTCCATGGAGTGGTCATCTAGGGATTAGAAGTCATTCTTCACTTTTAAAAATATTGGATAAAAATAAAAGTACCTTATTATTCACCAATACAAGGAATCAATCTGAAAGATGGTATCAATGTCTTAAATTTTTTCTCCCAGAGATGAAAGACAAAATCGCACTTCATCATGGCTCCCTTGATAAAGAAGATAGGGAAAGAGTTGAAGAAGGGGTTAAAGACGGATTAATAAAATGGGTAGTTTGCACCAGCTCTTTAGATTTGGGAGTTGACTTCCAACCTGTAGACCAAATAGTTCAAATTGGTAGTGCAAAAAATATCGCTAGACTTATTCAAAGAGCAGGAAGAAGTGCGCATAGACCGGGTGGAAAATCGAAAATAATTTTTATGCCTACTAATTCTTTAGAGTTATTTGAGATTAGTTCAATGAGAAGAATTATAAAAAGGGGAATATATGAAAAAATAAGACTTCCTGAATTATCTTATGATGTTTTGCTTCAACATCTAATAAGTTTGGCATGCGGGAATGGCTTTGATCCGAAAATTGAGAAAGAAAGAATTAAAAGTTGTTGGAGTTATAGAAACTTAAAGGATCAAGATTGGAATTGGTGTATTGACTTTTTAGAATATGGAGGAAAATGTCTTAAAGCATACCCAAAATATAAAAAGATAGTTAAACAAGAATCACAAAATAATAATGAAAACTTTAAATATTTTGTAAAAGACAAATCTTTAATAAGAATGCATAAGTTCAATATTGGGACAATTACAAGTGACAAATTTGTGAATGTCAAATATACGAAAGGTAAATCCTTAGGTAATTTGGAGGAGAATTTTGCTTCAAAATTAAATCCCGGAGATACATTTTACTTTGCCGGCAAAATGCTTCAATTTGTAAGAATAAGAGATATGATTTTGTACGTTAAAAAATCAACAAAAAAAAGTTCTCTAATTCCTGCATGGGTTGGAGGTCAAATGGCAATTTCTGATCTACTTTGTGAGAGTTTGAGAAAAGAAATAGATATATGCAACGGACTAGAAAATTATGATTGCTTAAATCCAGAACTCAATTCATTACGCCCAATATTGAAGAAACAAAAAGTTCTTTCAAATATTCCAAAGAATGATGAATTCCTCATAGAAATATATAAAACCAAGGGTTTATCAAATCTTTTTGTTTTTACACTTGATGGCAAATTTGTAAATGAAGGAATTGCATTTTTATGGGCTTTGAGATTAGCAAAATTAAAACAATCTACATTTAGTATTACTGCCAATGATTTTGGATTCAGCTTAACCACCTCAGAAGATTATGATTTTTCCATAATAAAAACAGAAGCTGATTACTTTTTGAATAACAAAAAATTAGAAGAAGATCTAGAAAATGCAATTAATTTTTCAGAATTAACAAAACGTAGATTTAAAAATATTGCCCAAATAAGTGGACTTGTGAATCAAAATAATCCAACTAAAACAAAAACCTCCTCTCAACTTCAAATAAGTTCAAGTCTTTTCTACGATGTCTTTACTAAATATGAAGAAGGCCATCTTTTGATAAAACAATCGCATCAAGAAGTTAAAGAATATCAATTAGAAAATAAAAGAATATCTAGATCATTAGAAAGATTAAAAAATTTAAAAATGCTATTAAACGAGATAAAAACGCCAACTCCTTTTGCTTTCCCTTTATTAGTTGAAAGACTTAAAAATACTTTAAGCAATGAACCAATAGAAAAAAGAGTAGAAAAACTTATAAAAAAATATAGTGATTAAATGAAAAAAAGTTCTTTTAAATTTTATTGGGAAGATATATTGCTTGAGATGCTTCCTTCAAGATCCTTATTTCTACCTGAAACAAAAGAATTGTTGATATGCGATATTCATCTTGGGAAAGCTGATTATTTTCAGCAAAATGGTATCCCTCTTACTAATAATTCAGATGAAAACAACTTTACAAGAATAAAAAAAATAGTAAAAAAACATAGTCCTGAAAAGTTAATAGTTTTGGGGGATTTATTTCACAGTAAATTTTCAATAGATAAAACTCTTCAAAAAAAAGTTGAAAATCTTCCTAAACTACTACAAATTAATGTTGAACTTGTCCTTGGAAATCATGATGCAGGTTGTGATATTAAAAATATAAAAATTTTTGATATTAAAAAAACAAAAAATATTATTTTCAGTCATGAGCCAGTTGATTTAGCTGATAATAGAATTTTGAATATTTGTGGACATTATCATCCAAAACTCTATTTGAGAAACAAAGGGGATAGTTTATCTTTTAGGTGTTTTGCCATGGATAAGAATAAAAATACTTTATTTTTGCCAGCATTTGGAGACTTAACGGGAGGCTATCCCTGTAAAAAGTCATTTAGAAAATGGGCAATTGTTTCTGAAGAAGAAATAATTGAATTATGATTGTTAGCTCAAAAGCCTATTAATCTGTATTAAATTTTGCATTTAAATATACTTATTAATACTTAGAAGTCTCAATTAACATTTTCACCAATTAATTTAAATATATTTGTTTTTAATAAGTAAACATAGACAATTTTAAAATATATACATCTAATGACCCTTTCTTTACCTCAGAATCCACGTTATAAAAAAATTAGACGCATTTTATAGAAATGAATAAATTTATAGCTTTGATTTTTTTTTCATTAATTATTTTTCCATTAAAGACAAATGCTAATGAGAATTTTTCAGTTGAGATAGAGGCCCTAAAACTTGTAATGGAAAAATATAAAGAAGATACTAAATCTAATATTGAATTAGATGTAAGCAATAAAAAACCAATTTACATGGCTCTTAAACAAGACGAATGTAATGCGACCGTTGAGGTTACAGAAAAAACAGGCTTAGAAATTGTAAGCACTGAATTCTTCGATGTAAATGTCTGCAAGAAAGAAATATATAAAGTTATCAACTAAACAAGCAAATAATATTTCTAAAAACACAAA
CP138927.1_gap18	810318	814947	4629	ACTAATTTAGCTATTAATTCTTAATCTCGATCTATCTATTTTAATAGTTCTACTGCTACGACAAGATTTCCTAATAATCCGTTCAAAATATTTAGTTGTTCTTTACTACCAAATGCTATTAATACCTGACCTGGCTGAAGTATAAAGTTACCACCAGGATTAGTGAACAACTTTTCATTTTCTTTAATAGCTAAAATTTTTGCACCGCTTTTTTTTCCTATTCCAAGTTCAGAAAGTGATCTTTTCTCTGCTGTTTCAAAAAGACTAATATCATTACTTAATTCAAATTCTTCAATTTCACATTCACTTCCTGCGAGCAGATCAAGGAAGTCGATAGCTATTGGTCTTAAAGCCATTGATGCCATTGCTCTTCCTGCAGCTATATAAGGACTTACAACTATACTTGCCCCGGCTAATCTCAACTTACTTGCGGCTTCTTCAGTCCCAGCTCTTGCAATTACTCTTATAGAACTTCTTATCCCTTTAGCGCTTAAAACCACATATAAATTAGCAGCATCATTGGGCAAAGTAACAACCAAACTTTTGCATTTTTCTAATCCTGCCAGTTTTAAAGTCTCATCAAGAGTTGCATCAGCACAAAGAACTTCTAAACCTTTTTCTTCAGCAATCTTTTTTCTATCTTCATCGCTCTCAACCACAATAATTGGAATATTTTGCGTTTTTATTTGGTTAGAAATTTCCTGACCTACCCTCCCATATCCGCACAAAATTACATGATTTTCCATTTTTCTAAGAAGTCTTTTAAAACGTAATTCGTTTACTCTTTGAAAATAGCCAGATTCGAATAATCTTACAGCTTTTTGAAAGGTAAATTGAATAAAGATCAATCCGCCAACGATTACTAAAACAGTTACTATCCTGCCTTCAGGACTTAAAGGTTGAACTTCTCCAAAACCAATAGTAGTTATTGTGATCAGAACCATCCATAAGCAATCACTCCATTCCCATCCCTCTGTTATTCGATAGCCAATTGCACCTAAAAAAAACAGAAAGAATAAAGAATAAATAAGACCAAACCAAGGCCTTAAATAGTCTTTAATAAAATAGAACTCAAATAATCTAAGCTTCATATCACTTATTATCGTTAACTATTCAAAAATTTCAAAAAAATTTTCTATTATGTTTCTAAAACTTTTTATTTGTTTAAGTGAAATACATATTAAGCAGGATAATAATATTTATTTTCGTAGCTGTATGCATTAAACAAATGATTACCGTCTCAGGTCTTTTTTAATGTTTCATTAAAATTTATTCAAGGTTTTACTTGTACTGATTCAATAAGAAAATCAGAAGCTGCTCTTAACCAATCAGCGACTGTAAGACGAAGGTCAGGTTGAGAATACACAAGAGCTACAATTATTCCAACTAAGATTATCTTAACCATGTCAGTTCAATATTCTTATGAATTAAAGCACAACTATTTAGTAAAAAGAACCTTAAATTTATAAAAAACAGATTAATTAAAATTTCTCTAATTGATTAAACAAGTATTCCGCTCGTCTTAGATTAACGCCTAAATCTGATTGACCTAATCTTGCTGCAGATCTTATTTGAATGATTCCTTTTGATCTGTCTACATAACTTCTTACATCAAGCTTTAAAATTTCAAGGTCATCAGGAAATCTAAAAATCAAGCTTCTACAAACACCTCTCCAATAATTCCTTCCACTTTCAATGACTTCTGTACGAGGTAATCCTTCTGCCAGAGAAACAAGTTGAATAAACTTTTGATCAACATTTATGAGTTTCTTTTCTATTAAGACACTATTTAATGGATTGGTTATTGGAGCAAGACCTTGAATGGAAGAAACCATATTTTTTAAGAACGATTTAATTGTTCTAACCGATTTCACACACAAAGTGAGAGAAAAAAGTAAAGAATTTTCCCATAAATTTGATCTCTTTATAAAAATTCCTTATTTTGTGATCAAAATTCTAAAATTTGAGATTTTTTATTGTTTTTTTTGATAGAGATGGTTGCCTGGATTGTTTTCTATTTATTTTCCTAACCCATAAAAAAACTACAACAAACAAAAATATTTCAACAACAATTCCAACCTTTATTAGAATCATTTTTTATCCTCTTTCTTCTTGTTGGTACCCTCAATGTATGGCACAAGAATATTTAATAACCACTTTTTAAATGAATTTAACGGTTTCATAATCTTTTTACTTGCCTTTTCTCCACAAACTCCTCCCTTTAATGAGATCCTCTATATTTGGCCAAGCTGCTATTAATTCTTTAATTGCCTTCCTGTTAGGAGTATAGAAAACACATGACAATGCACTTATTACATAAAGTATGAACCATAACTTACTTTCTGAATAAGCTAAAAACAAAGAGAAAAGAAAACTTCCAATAAAGAAAAAGAAAAATGACCTATTTAGTATTTCTAATGGAGTTCTTTTAAGTCTGTAAAATTTAATCTTTTTAATATCTTCTTCAGTATCTTTCTGAAATTTACTTTCGTACGAATTAATTATTTCTTCTTCTAGAACTTTTTCATACTCTAAATTATCAATTGGATCGCTTTGATCCTTTTTATTTTTCATTGGTATCTAAACAGTACAAATATGGTAACTAATTTAAGGTATTTTAAAAAGTATCAAATTTTATCTCTTAACTGGAGCTATACGAACAGATCATGGTTATGAAAATACTTCAAGATTGTCCTATTTATAAAAGATAAATTAGTCAAAATATTCTTTTTGATTTTCCCAAATCTTTCAGACATTTAAAACAATCGCTTCTATAAACTTGATAGCATTAATTAAATTAGGAGGCAATATCTAAATCTATAGTTAAAATAGTTTAAAGATTTTAATAATAATCTATATGCAAAGGTATTTGATTTCCTACGAATTTACAGATGGCGAGGATCAAGAAGAAGGAGCAGAAATGCTAATTAATTGGTACGAATCAGGTGGTCCCCAAAATAGACCTGAGAACTATGAGGTTCATTCTTGGATTTTTATGGTTCAAAATGGGATTGGACATTCTGTAGTAAGTGCAGATTCTCTTGAGACAATTTGGAAGCAATGGCATCCCTGGAGAAGGTTAATGGATATAAGTATTCAGCCGTGTATGGATCTTGATGAGACAGTCGGATTATTCAAAAAACAAAAAATGAATACACGGATAGTCTAAAAGTATTTCTAACTTCTAAATAAAAATTTCTTTTTAGTAGCACCTAATACTACATACATATTTCACTGCGTTAAAAAGGATAAGATTAATTTTCCATGATGAATGATTCTTATCACATTTACTTCAAAGGAGAAATTCTTTTCAAGAATTTAAGTAAGGATGAATTTGAATTTGTTTGGGGAAAACTTTATACATCTTATATAAATGCCCTAAATAAAGAGCTAACCTACGAATTAATAAGCGAAAACAATATTATAGAGCCGGCGCTAAACCTTGAGCCATCCTACTAGATTAAGAACTAAATCCTAGATTATGAATAAAACAAGAAAAGCTGTTTCTCTTTTATTTTTAAGTACTCTTTCACTTCTTTAGTTATATCCAAAGCAATTTTATTTGCCTCATTTTCGACACTCGAACTATAAGTTTCAAAGTCTTCCTCTCTTTTAAATAGGGCAACAATGCCAATATCTGTTATGAACCAAATAAAATGATCAGTTTCTCCAATTGGCAACTCTTTTAAAGAGTCAATAATCAAATCACAGGTTGGATCCATTTAATTGTTCTTTAGGGCTTTTAATTGCCCCCATTGCAATACCTTACGGCCTCAGAATTGGTACCACCATCTTCAATAATTTCTACAACACATTTATTGAAAAGTTTAGACTCTTTTTTTACAGAACAGAATCCAAAAGCGATTGCAACTAAAGCTATTGCAGATACGAAACTAGAGCCCAGTTGTATAAACCCGTAGGCAAACATGATGTTTTTCTTTCCAGAACATTTTTTTGAATCTTTTTTTTCTTCTGTCATTTAAAATTTTTCAATTATCTCAAATGTATTTGATTAATTTTTGTTTTGAAAAATCTTTGAATAGAGAAAACCGAATTAAAACATTTTTTGATCAGCTATGGCAAAAATTAAAAATTTCAAGTTTAGTTTGATTTTTCTTCACTTTAATTTTCAAATTGATACATATAAAGAAAAAACTTTTTAAATTTTTTATCAACATGTGCTTCTGGAAGAGAATTTTTATCTTTAAAAAAAAGGAATGATCCCACTGTTATAACAAGTGATTATGATGCTTTTTAAACTATATTTTATTTTTTTTGATGAAATATTAATACTTAAAAATTTTTCCAGAAAAGCTTGTTTTGATAATGCTCCCGAAGAGTTATCCACTATTTAAGCATTTTTCAACAGGGTTTTCCACAATATGTTGATTAAATTTGAATTTCTATGTGCAAAATAAAATATTATCTTCTTTTAAGAAAAACTATCCACAAATTTTTTTAGAGATCTCTATGATTTCATTTGTCTTTTAATAATTTTTAATTTCCAATTCTATGAATATAAATGAGACAAAAAAGGATTTAAATTCCGAGACTATTAAAGAGTTGGAAAAATCTAAGCTTAAAGTTTTAACTAAAGAAAATGATTTTTTAGTCAAAAACCTTAAAAAG
CP138927.1_gap19	816543	819886	3343	TTTTTCTTAATTAAAGAAAAAGAGACCGATGAATGTGATGAAGATACTGAATTCACGGCCCCTTTGGTAACCGCATTTTTCGGTAGATACGACAATGAATCACCTCCTTTACTAATGTTTTTTTAAAGATAACTAAAAGAATTAAACAAGGAAAGAAATTCGCTAAAAATTTAAAAGTTTTTTAACAAATTAACAATATAAATCTCTCCAATCAAAGGTTAAGACATTACCAGGGCAAAACTTGTCCGTTGGCATGCCAAAAAGTACCCGAATTATTTTTATTTAAAGAATCAATACGTTTTAAAAGGCCATTTGCTGATTCTTCAGGGCTAATTCCATTTCTTGTAAAGCCAGTCATTCTTGTACTCACTAAACCAGGATGCAAAATAGCTACATGAATATCTTCTCTAGATAAATCTACAGAAAGTGATTTTGCTGCCATGGACAAGGCGACTTTAGACATTCTGTAACCATAAGAACTTCCAGAAGTATTATCTTCAATAGATCCCATTCTACTTGTGATAAAAACAACTTTAGAAGATCTTTTTAAAAGATGTTTAAGAGATTGAGTCATACATATTGGGCTCAGTGCATTGACTTCAAATTGACGCAAAATACTTTTTTTATCTAAGCTTTCGAAAGAATTATATTCATAAATTCCTGCATTATGAATTAAACAATCTAAATTAACTCCAGATAATTTTTTACACAAATTTGTTATGGACTCATTAGAAGAAATTTCTATATTTTCTTCAATTCTGACTCCTAAATCTCTAAGTTCTTTTGAAGATTTCCTACACGTTGCAATTACATTATCTCCCCTCTTATGAATTTGCCTACATAATTCTAATCCAATGCCCCTATTTGATCCTGTAATTAGATAATTCGGCATCTTTAAACTAAAAGTAAAAAATTAATCTAAATCCAAATATAAAAAAAAACAAACTAGAAAAAGAAAAAATTTATAAAATTACTTATAAGATTTTTTAAGGTTATGATAGGTTGTGATGTTTAAAAGATTTTTAAAAGAAAGTCAAGATATTTTTATCATCGAAATTTAATGTATGGAAATTTCCAATCAAGAATTAATACAAGAGATTATTAGGTTAACGTGGAGAAATCCTGCTTTCATGGCTGTAGCTATTGCATTAGTTTGGCTTATCCCACAATTATTTATCAGAAAAATAATGGCAAAAAAATATGAACAAAGAAAAATAGAAATTCAGAAAAATAAAATTCAAAAGCTTTACCCAACCAATACTCCTAAATAAGATTTTTATTTATAAGATAGTTTAATGAATCAAAAAAATACTTTTGGCATTTAAGTAAGATATGACCTACAAAATAGTTAGAATTGATGGAAAAGATGATGAATTAACCGCTCAAAGTTTTGATAAGTATTCAGATGCGTACGAATTGTTAGAGGATTTATATGGAGATTTATGTTGTTCGGATGCTGATTATGGAGATATAACCTATTACGATATTGTGGAAAATAATTTAAACAATATTAATGGATAATAAAGAATGGGCTCCCAGCCAAGAAGAAAATTTAGGGGTAATAAGCGTATATGAATTCATTAAAGAAGAACTTTCAGAACTTTAAAAAGAAACTGGATGTCCCGATTCATTTATTTATGATTTTATTGGCAAAATTCAGAATGAATGGCATCCTGAATCTTGCCACTCCATAGTTAGAAATAAAAAAAGTAAAAATTAGAAAATATTAAATCTTCAACTCAAATTTATAAAACCATTTTAATGTAATTTTAATTTAAAAATATTAAAGCATGATTATTAGAATACTAGGTATCGTACTTATCCTCGGTACGATTGCTTATTATGGTTTAGTTTTGACTGGGCAAAGCAACCTTTAGTTTTTTCAACTTTTAAAATTTCTCATGAAATGGCCTCCTACTCTTTGTTGGACAGCACCAAAGACTATTAATGGTAATAGGCATTTTCAAGTTAAAGCTTATGGTGGTAAAAATGAAGATAGATGGGTTGATATTTTTCCTACCAAAAATAAAAAAGATATTAAAAGGATCCTATGGGCAAAACTAAAATCAGAATGGACTTCTGGATGGATAAGGCTCCCACAAGATAAAGATTAATTTGTCTATGTAAACAAATATTATTAACAAGAAAACTGTAAAAAATAATACCTAATACAAGAATAATAACTTCTAAAATTTTTAAAAATATATTTAATATGAATCCAGAACAGAAGAAAAAATTGCCCAATAAAAAAGTTATAAGTTCAGCAAAATTTGAGGCTAAAGAACAATTCACAAAATCTGCATTAGAAAATTTAAAAACAGAAAATGAAAGGCTTGTTAATTCGTTAAAAAAATCTGGGGAAATTAAAGAATCAAAAAGAAAATAGACTTACAGTATTAAAAAATTTTTATTATTATAGAAATTTATAGATTGAGAAATGATTGAAAAAATCTCTCTAGCAAATTCTCATTTACCTCAACTTGTTGGGTTCGTACTGATGTCAATTGGTTATACATTAGGCAATAAATTTTACCTTCCGGAAATCAAACAGAAGTAATAAATTTAGTTATAAATATATATTAAATTAACGTTCATAGTAAAAATTCTTCTGAACTTTATATGATTAGAAGAATAAAACTTTAAGTACAATTCTGCAATTAAATTAAGACTACTCTTAGGATATAATTGATACATAAATGTGACATTTTAGTCTTTAATAATGTGAAATCCAAAGAAAAAGTAAGAATTCATACTATTTTTTTTTAAATATGTTACATTTGTTAATAATTCAAGTTAAGGTTTCCTCTTTCAACAACACAGAAATAAGGAAATGTTTGATACAAACAACTGTCATTTATTCTTTGGCTTACTAATCGATCTCATAGGGAATATAAAAATGGATGCTCTTACTAGTTTTATAGTTGTTATCATAGCAATTACAATTCAATTTTCCTTATACGCCTTAAAAAGGCTACAGGAACCTTTAGAACCAAATTATTTGATAGATAAAAATTCTAAAAAAATAAAAAATTATATGGGTAAATTTTGGAAAAATGCAGAAATAACAAATGGGAGATTAGCTATGATTGGTTTTTTAGCTTTAATAGTGAACTACGGTTTTTTTGGGTGGATAATACCTGGTTTTATTTAAATTATCAATTTATTAAAGTTTAAAAGAAAATAAATCTCTCGTTCAAAACAAACTCGCCTTTTAAAAAAAAAATTTTTATTATAAGAAAAAAAACAATTGAGTAACTCTGATTTTGATAAAAATGGATTAGACAGCTTTGGTATACATTGGCTCCAATATGCTGCTTTCGCGGTCTCTGGTTTTGCTATATTT
CP138927.1_gap20	847779	852207	4428	TGATTCAGATAAGTGTCTTCTTCCTCTGGCCAAACCAAAAGATTAATATTAGATTATTTGTAAATAAAAAATATAAATTAGTTTTTAAAAATTGGATTTACGGCTACCTCTTTAATAGGTACATAAACTATTTATGACATTAAGCTTAAATATTGGGAACCTATTTAATGATTCCTCAAGCCATGCCTTAGTTGATGAGCTTAAAAAGAGAACGCTAGAAGCGGATATATTAGAATTTGAAGAAAAATTTAATTCCAAAAACGAAAAAAATCTACATATTTATATATGTAGATTTTTAAAAAATAGATCAATATCTAGAGGGGTTGCCTCTAAATGGTTAATAACCATAATTAAAAATAAAGAATCAAAAATTGAAGCTTTGCAAAAATTAAAGAATTAGGTCAGCGCTGAGAGTTTCCATAAAGCAATTCCAAAAATTGAGAATCCCATAATAAAAGTAAAAGCCAAAGCATTTACTAATTGAACCTTATCATTCATTCTATTTGCGAATGGTAGTAATTGAGCAAATAATGGAGTTTCTTCAACTATTGCAGATTTTTTTACTGTAGGTTTTTTGCTTTTAGAAAACATAAAACAAATTTTATAATCCTAAGAATTTTACATTTAAAAGTTCATTAAATAAAAAATACTTCTGAAAAACGAACAAAATGTAACCTGCAAGAAACTTCATAAAAATAAACATATATATTTTTAGTAGGAGCCTAATTTCATAATAAAAATATTAAGTTTATTTATTAAAGACCTAGACAAATAATTTTCTCAGATGTTAGTATAAATTTGTAGCAACCGCTACCAAAAACGTTCAACTTGCGTTTAGCAAGCCGCAAATCGACTTAGGCCATGGAACGGGGACTTAAGCGAAACCGGAGCTTAAAAAATGACTCTTATTTACAGAGGACAAAAGTACACTCAAAACAAGGAAGCTGTAAAAAAACAGCATAATGAACTTACTTATAGAGGTAAATCTTACACTAGTTAGATCTTACAACTTTTAAAAAACTCCCTATAACTTAGGGAGTTTTTTTTTGCAGTTACATTTATAAAAGATAATTATGATGGGTATAACATAGAAACTTTACTTTCAATTATGAAAGAAAAAATTAATTCACTTTTAGATGAACTAAATAAAGTAATTCTTGGTAATGAAAAACAAATTAAATTGGCAGTTATATGTCTTTTGGCTAAAGGTCACTTACTCATAGAAGATCTCCCTGGGACAGGGAAATCGACCTTATCTAAAACTCTTGCTAAATGCTTTGGTCTAAATTCAAAATCTGTACACTTTACAAGTGACCTTTTACCTTCAGATATTATCGGTATAAATGTATTCAATTCAGAAAAGTCATCTTTCCAGTTTGAGCCTGGCCCAATCTTCAGTAATTTCTTTTTAGCAGATGAAATAAATAGAGCCAGTCCAAGAACACAAAGCGCCTTACTGGAAGCAATGAATGACAATGAAATTAATATAGAAGGTGTAACGATGAAACTACCTTCTCAATTTTTCGTAATCGCAACTCAAAACCCTTTAGATCAAGTCGGTACATCACCTCTCCCCGAATCTCAATTAGATCGATTTTTAATGAGGATATCTCTAGGGAAACCAAATAGAGAAGCTGAAAAAGAGATTTTAAAGGGAGAGAATAAAACTCCCAGTGCAATCAAACAAATAATGTCTAAAGATGATCTCATATTTATTCAAAAAGAGTTAATTAATAAAAAATTATCAAATGAAATTTATGAATACATATTAGATTTACTTTCAGAAAGTAGAAGACTCAGGGAAGGGGGATTAAGCACAAGAGCCGCGATTGCAGTTATAAATGCATCAAAAGCATGTGCTTATGTAAATGGTGCCACTGACGTTACACCGGATCACGTTCAATACATTTTTAAATCAGTCGCTGAACATAGATTGGATAATGGATATATTGATTCTTCTTCACTATCTGAAAAAATAATTCAAGAAGTGGATGCAATTCGTTAATCAAAATAAATGGTTTTATAGAAAATTTTATAAAAAGTCTGGGAAAATAGTACTAGGTTTTAAAAATCTTTATATCTTTCCAAATCTTTTTGGACTTTATTGGATCCTTACCTTAATTACTATATATATTTTAGGAATTAACTTAGAGAATAATCTAACTGTTTTTATATCATATTTAATGATTATAGTTTTTGTAATAAGCTTATTTCTTACGCATTTCAATATTCATGGCCTAGAACTTATATCAATAAATCAAAAAATTAATTTTGCTAATTCTGAAATTAAATATCGAATTATCCTGGATACAAAAAAAATTAGAAACAATATTAAACTAAAATTTCTTAATGAAGAAAATAAATTTATTTTCATAGAAAAAATTGTAGAAAGAAAAATTGAATCTCTACCAATAAAAGGTAAGAAAAGAGGTATATATAATCCAGACATAATTTATGGTGAATCATCTTCACCTTTTTCTCTTTTTAATTGTTGGTTCTATTGGCTACCAATTGAAAATTTCGTAGTTGCACCACAGAAAAAAAAAGGAAAGATAAATAAACAAAACTTTAAAGGTAACAAAAATAAAAATAAAAATTTCAACAATAAAAATGGAGATCAATTTATAAATATAAAGCCTTACAGAGAAGGGGAAAGAAAATCATCCATTCATTGGAAATCCATGGCAAGATCAAGAATTCTTTTATCAAAAAACTTTGCTAATGAAAATACTAATGATAAATGGTTGTTATTAAACAAAAACTTACCAATTGAAAAAGCACTTGAGCATTTATGTTTTGAAATTTATAATCATTATCAAAATAATAAAGTTTTTGGAATATTACTTAGCAAAAATGAATTCATCACCCCAAATAAAAGTGAAAAGCATTATCAAAAATGCCTCACAATGCTAGCTTACTTCAATCATGAAAAGATTTAATATAACTATTTTATGTATTTATATATTTTTATTTGCAAATTTATTTATTAATAAAAATTTTTTAATTTCAGTAATTATTTTTTTAGGGCCAAATTTATATTTTTCAATTTTTTCTAAATTAAGCCAAAAAGCTATAAATAAAATTTTTATAGTTGAATTTATTATTTGGATATTCAATTGTTATTTTATCGTTATCAGTAACTCTGAAGATTGGTTTCTTGCATTAAATAATTTGTTATGGTTACTTACATCAATAAAAATGATTGAAGTAAGGAATAATCTCAATAACAAAAATATAATTTTATTATTATTTCTCTGTATTGGAACTAGTTCGCTCTTCAATATAGGTTTTATTTCTAATCTAATTCATATATTTTCTTTAATTTTACTGATAAATAGTTTATTAGTTCTTAATAAATATAAAAGTGAAAACATATTTAAACAACTTTTAATTTTAATTTCATTTTTACCTCTAACATTAATTTCTTTTATTAATATTCCATCTCCTAAACCATGGTTAAGGCAGAATTTCAAAACAACAGCAAAAACAGGCCTAAATGATGAATTAAGACCTGGCGATATAAATTCACTAGCTCAAAATGGAGAATTAGTAGCTCGTGTCTTTTTTAGTGATCAATTACCAAAACCAGAAAATAGATATTGGAGAGTATATGTCTTAGATAGATTCAAAAATAATACTTGGACATCAACTTCAAAATTCAACAAACAAAATATTATCCAGAAAAACATTGTAGAAGAAAATTTTAATAGAGAAATGTTAAAAAGTGAAAGATGGATATTAGAGCCTAACTACATTATGCAAAGGCCATGGAGTGGTAAAGGAAATTCTAAAAGTGAAAATTTATCAATAACTAAAAAAGGTGTTCTTCTTGGAAGCAAAAAATTAAATAAAAGAGACCAATATGAAATTATTCATGAAAAAAACGCATGGAGAGAAATTGCTCCCCAAAAAATAAGCCTAAATAGTGAGATAAAAAATAAATTACTTTTTCAATTATCAAAAAAATGGTTAAATGAATCATCTACTCCAGAGGAAATATTAGGAAAATCAAGAGAATGGTTTTTGAAAGGGGGTTTTACTTATTCAATAAACCCAGGAAATATGAGTAAAAAATCACCTTATGATGACTTTCTTTTTCAAAAAAAAAGAGGATTTTGTGAACATTTTGCAGCAAGTTTTGCATTGTTAATGCGATATGCAAATATTCCAGCGAGAGTAGTAATTGGTTTTCAAGGAGGTGAAATATTTAAAGATGCAAAAAATAAAAACTATCTTCTGATTGATAATACTTACGCACATGCATGGAACGAAATATGGATTGAAAATAAAGGTTGGATAAGAGTTGATCCCACTTCGTGGGTATTCCCTGAACGAATTAAGGCATCAACATTACTGATAAATAAAGATGAATCAAGATTAAGAAAATTTGCAAAAAATATTAATCTAAAATATATCTTTAATTTAACC
CP138927.1_gap21	868502	871692	3190	GTCGATATATTTCACCATATGGCCAGTAACCTACAAATAAATCACCACAATAAATTGCCATGGATTGTGCTTCGTAATGTTTTGAATTTTTATTAAATTCTGGAGGCGAAATATTAGATGGTTTTAGTACATTTCCATCAAATTCATATAATCTTCCAGTTGGGAAATGCCCAATAAGTTTAGTACCAAAATAGTCAACAGCACTATAGAATTGAATTCCTCTTCCTTTTTCTAAAGTCTTTGCGTCTTTATCGCACATAAAAATTTCATTATTTAATGACATCCTGCACCATTCATTAGCTTTGAAAATCAATGCATCACCATAATTAGTAATTGCAAGTACTGAATCATTATGGCTAGTTATAACGTAGGGATAAGTATTTTCTTTTATAGTTATTGATTTACAATTATCAATATCGTTTAATTTACATGCTTTTATTTTATTTGAAGATGTCTCAATAACATAATCTTCATGAATTGCTTTAGGACAAACTATTGATCTCTCCAATGGGTAATATGAGCCATCTAAATATTCATAATATTTTTTATTAGCAGTGTCTCTTATTATGAGTTTTTCTCCAGTTGAAAAAGCATAGCCAGATCTAAAATTTTCTGCAATATTTGATAATCTTTTGATCGAATATTTTTTAGGTTGTTCAATCCAAGTATGTTTGTAATTTTTTGGAGAAGAACATATAGTTTGCCAATAATCTAATTTTATTGAATTCAGCCTCTTATTCTCTAAAGCAATTGCATTAAATGGAAATAATAAAAAGATAAGTGAAATTAATAACTTTTTTGAAATTAATAAATAAAAAATAATTTGAGAGAACCTTTCCTTATGGTTCATGTCACGAAAAGATTGATGATAGCCCTTAATAATAGTACAAAAAAAATATATTTTACATAGAGAGCTTCTTTTTATTCTCGTCGTGAATCCCTTTGCTATACTACTTAGGTGTTTAAAACTGAATAACCCATTTGGAGGGGTGGTCGAGTGGTTTAAGGCTCTAGTCTTGAAAACTAGCGTGTCTGCAAGGGCACCGTGGGTTCGAATCCCACCCCCTCCGTTTTTAGAAAGCAGTCTTATGTTGTCATAAGTCTTCATAAGCTTTCAAAATTATTGTAATAGTAGACATAAAACCAAATATGCAAAAATCAACAATCTTGGCTACTTCATAAATCATCACCAGTTTTCATACATCCTCAAATTTTTGTTGGTGGATTTGTTGGTGGTTTTTTAAATAATGTTGGTGGATTAAAATTTATTATTTTTATTTTATTTAGGAAATAAATTAAAGCTTTATTTTCAAAAAGGTTAAAATTAAGAAAGTAAAACTTTTTGATGAAAAATATAATTGTACCTCCATTAAAAATACAAGGTATTAAAACAAAATTGATTGATTTTATTAGAGATAATATCCAAATCAATAATAATATTACCTGGATAGAACCTTTTTTAGGATCAGGCTCAGTAGCTTTTAATCTTGCGCCCAAAAAAGCGTTATTATCTGACAGTAATCCACATATAATCAATTTATATAAATCAATTCAAAATAATAAATTAACGCCTGAAGAAATTGCTGATCATTTAAAGATAGAGGGTAATGAATTGGCTCAAAAAGGAGAATCCCACTATTATCAAATTAGAAAAAGATTTAATCAAGATAAAAATGCAAAGGATTTTGTCTTTTTAAATAGGTGCTGTTTTAATGGTTTGATTCGTTTCAATAAGAAAGGTGAATTTAATGTCCCTTTTTGCAAAAAAAATGACCGATTTAGAAAAGCTTTAATTACTAAAATTTATAATCAATTTGTTGCAGTTCGAGAGCGAATCCTTTTATCCGAATGGGACTTTGTATGCCAGAGTTGGGAAGAAACCTTAATAAATACAAACTCTAATTCTTTTACATATTTAGACCCACCTTACGTTGGAAGGCATACAGATTATTATTCATCCTGGGATGAAAAAGATGCACATAAGATGATCTCTGCTATTGAAAAATTAAAAGGAGGATATGCTCTGTCAATGTGGTTTGAGAATAGATATAGGAAAAATCTATATTTACAAAATTTTGAAAAATTTGCATCATTTAGATACTTTTCTCATTTTTATCATCTCGGGGGTTCAGAACAAAACAGAAATAAAATGATTGAAGCTCTAGTGATACATCCTGATTATGTAAAACAAAATTTATTAAAAAATGATCTTAATTCTTTAGTAGATATAGAATTTAATAATCATATTTCTGCCTAAATTCTTTTATGTTGCGATAATTTGTTTCTCTTTCTAGTGCAGTTCTTTTGTAGCTCCTCCAGTAAGCTTCGAATTCTTTCTCCGATTTAAATAAAGGCAATTTATTTTTAAAGTCACTTATTTCTCCATAAATACTTCCAATATTTGCAGTGTTGCCGGAGCCTGCTGAGTCTGATGCTATCTCCCACTTTTGTCTAAAAAATAGATCAACATTTGAATAGGCTGGCTTTATTCTTTCCCTTTTTTCATAAGGATGCCAAATATGAGAAGCACTTATTTTACTAGTGTCTCTCTGATAGACAAAACCAAGAACCCAATGTTCTTTATATTCTTTGTAATTATATTCTATGTTTTTTGTCGGATTCCTGAGAAAAGATGTGTAGCTTCCTAGAGTAAATTTAAATTTTTGATTCCTTTTAGTAATGTATGTTGTTTTTATATCAAGAGCTATTTTTTCAAGGTCCGTCTCAGAACGCATAATAGTGAAATCAGGATAGAAGTTCTGCCTTGATGCTTCCTTTATCAAAAGTTTTTCCTTATTAGCTACCTCATAAACCTCTTTTCTTGAGAGTAATTCAAAAACTGTTCCAAGTACTTTAGTATCTGAGCCTAATGGGAAAATAATATCTTCAAATTTAGAACTAGCAATGAAACCCTTAACTGGTAAATTTTTAATGCGATCTTCAATAATCGGTAGAAGAGATTGAAAACTATCTGAAAAAGACCCCACTTAATTTCTCTCAATAATATATATATAGCTGTTTTTGAAATTAAGAAGTTTTATTGTGTATTTTTTAAATAAAAAAAATTACCTAATGGTGTTGTATGAGACGAAGAAAGAATTAATAATTTAAATAGTATATTTGCTTTCCAATACCTTACTTTGTTTGAAGAATGCAAAGTGGTAATTAATTTGAGAATATTAATAGATTA
CP138927.1_gap22	876073	880890	4817	ATCCTTATGAATTCCCCAAAAAAAAGCCCTTCCTTTGGACTCAAGGTAAACATTATGGGGGTAGATCACTAACTTGGGGAGGCATAACATTAAGACTTTCATCAGAAGATTTTCATCCAGCTAAACAAGACGGATTCGGACCAAACTGGCCTATTTCATACGATGAACTATCCCCTCACTATGATTTCATCGAAAGTTTCTGTGGAATTTATGGACGAAAAGATGATATCAAGGAAGTTCCAAACGGTACTTATATTGGTGAAATCCCTCTTACAGAAAACGAAACAATTTTTGGAAGTAAAGTTAAATCAAAATTAAACTATCCATTTATCCAATCAAGAGGATTTGACCGTAATTCATCCGTAAAAGATAAAAAATGGCCCAATTCCTCTAGTGTAGGAACCACCTTAAAAAAAGCTTTAGAGACTGGAAATGTACAAATAATCTCTAATCACTTAGTGGAATCTTTTGAAATTAACAAGTTAACAGAGCTTGCTTCAAAACTAACGATCGTAAACTTAGATAATGGCTGCAAAAAAGAATTAAATTGTGATTTAATCCTTCTTTGCGCATCAACAATTTCAACGCTCAGAATATTGCTGAACTCAGAATACAAATCAAATTCCTCAGGTTTTAAAGATAATTCTGGGAAATTAGGTAAATACCTCATGGACCATATATCTATCTGCAGATTTTTTTCAGTCCCAAAAACAAAAAACTCAGGAAAAATATTAGATAATCCTCCCGATCTTTCTGGAGCAGGCAGTTTCTTTATTCCATTTGGTTCAAATTTACCAAAAATTGACGGCATAAATTTCCATAGAGGTTATGGAATCTGGGGGGCAATTGATAGATTAGGAATACCTAAATTTTTGCAAAAAGACACAAACTCATCCATTGGCTTTCTTATCGCCCATGGTGAAGTCCTTCCTCGAGAGAAAAACTTAGTTTCCCTCTCGAGAAAAACAGATGAATGGGGCATTCCAATTCCCCATATTGAATTCGAATGGAGCGAGAATGAGTTAAATATGTCAAAACATATGGAAAACACAATACGAAAATCAATAAAAGCTGCAAATGGAGAAATAAAAAATATTAATGAACTCATAAATATCCCATTAGGGAGTTTTTTTACAAAAAATTTGATTGCACTCTCAGATAGTCCCCCTCCTCCAGGATATTACATTCATGAAGTAGGGGGCGCACCGATGGGAACGAATGAAGAAAATAGCGTAGTTGATAAATTCAATAGGTTATGGAGTTGTAAGAATGTACTTGTACTAGATGGAGCATGCTGGCCCACTTCATCTTGGCAAAGCCCCACACTTACAATGATGGCTTTGAGTAGAAGAGCCTGTTTAAATATTAAAAAGACTTAGAAGGTGTAAATAATTGATTTAAATAAATTTCTGATACAGAATTATCTTTACATCCGTTTTGAACGAGAAAAGTAGCTAACGCTGAATTTATAAGCTTATATTGATCCCAAGTTGGGTTACTTAATACGAAATCTTTCATAGTGTTATAAAGAGTTTCTGATAGCTCTGTTTCCAAAGAGACTTTATTTGAATAGCACTCGACAAATTTCTTATCAATTAAATTTGATTGGCTGGGTTGATCCATAAATCTTTAATTTCTTCATAACTATAATGATATTTTTTTCTAAAAAAATCAAAAATTATCTGCTAGAAAACTTTTCAAATTATCAAATGAGACTCATGTTATAAGCGTGTTTTTAAAAAACTTCCTTTTCAAATAAGAAAATTGAATAGATCTTAAAGAAAAGTCAACAATAATGTTGAAGTCCTGTTTTTTTTGAAAAATACTGGCAGTTCTAATCCAATGTGGATTTGGACGTGGAAAACAACCTATAAATTGTGGAAAATCTAGTACAAAATACTTTCAAGATTTTATATTAAGAATACTTATATGTACTGAGTCTATTAAGACTAAGTCGAGAAAGAGACAGGTGATTCATTAATTTTCAACGGATTTTCTTAAGATTTAGTCTTTATTAGGCAAGCGAAGCGTAACAGGTCCTAAAGGGTGTTTTGAGTTTGGATAAATACTATGGTGATGGTGAATATGTTCATGTTGATGAGCCTCTTCATGTTCATGTTCTAAGTAATCTCCTCCTGCTGAGTTTGATTTTTCTTGGGTATGAGTTGGTATTTGATTTTGCATTTCACAAGCACCATTACATTCAGGATCACATAAATCACAACTTATACCCAGGCCCTGTACGTGGTCATGATGACTTTCTTGTACCATTCCAACTTCTTTTTCAAAGCCAAATAAATTTGATCTATATTTACAAGTTGAGCAATTCATAAAATTATTCCCTTCGTTATTAAGAATCTCTTCAATCCTTTCTACAAATGTGTCGACCACATAAGATTGTGACGAAAGATATTTTGCATGTATAAATGAAATATTTGGATTATTAATCGCAACTAAATCACTTTGCCTTTTTATTCTTGTGACAAGAACACCTGAGAAAAGGAAATAAGGGAAAATAATGATATTTTTATAACCAAGTCTCACAACATTTTTCAAACCAGGTTCAACAAGAGGGAAAGTTACTCCAGAAAAAACTGTTTCCCCCCACCCTAAACCAATACCCTCTACGATCATTCTTGTAATTTTGGAAACATTGGAATTCGCATCTGGGTCAGAAGAACCTCTACCAACAACAACTAATAATGATTCTTCAGGTTTGAGAGTATTATTTTGTTTAAATACATCTTTAACTCTTTCACAAGCTGCACTAATCATTAAATTATTAATACCTAATTCTCTTCCATAAATTATTTCAATACCTGTTTTACTTGAATAATTCATAAGCAAGCTAGGTATATCATTTTTCACATGGCCAGCAGCGAAAAGCATTGCTGGTATTGCAATTACTTTTTTTATAGAAAGATCTTTTAACTTGTCTAGAGCATCAACAAGTGAAGGTTTAGCGAATTCCAAGAAACCAAATTCAACCAAAAAGTTTGGATATCTTTTTTGTATGAACTTAGTTAATTCTTGAAATTCAGTAATGGCTAGTTTATTTCTACTCCCATGCCCACAGATAAGTATCGCGACTTGATTATTTAACTTCGAATCTAAATTATCCAAAATCAAGATATTACTTATACCATAATAGTAAAGAACAATATCATGTAGTGAAAAATAATATTTTGCTTGAAGTTCCAAATATCAACTCAAAGGATGCAAAATTAAAGAAATTAATTTATGAAGTTGATGATTCCTTATTTAATGAAAATAAATATTCTGATGAAGAATTCGAGCACCTTTGCATATGTAGTGGAGGTACAACCTCTAGCTGTGCAAAAAATGGTTTTACAACTCTTGATCTAAGAAAAAATTACAGCAAAATTCACCTAGATAGAAAAACCAATTTAGTAACAATTGGTGGTGGAGTAATAATGGGGGATCTAGTAAATCATTTACAAAAACATAATCGAAGTTTTCCAATCGGACTTTCTAAACTTCCCGGAGCAGGCTATATACTTACTGGTGGAGTAAGCCCGCTCAGTAGAGCCTACGGATTAGCCATTGATAATATTGAATCAATAAAAGGTTTCTTGGGAAATGGCAAATTTATCTCTTTAAAAAAAAATCAAATAAATCCAGAAGAACAATTGATTTGGGAAGCAATTAAAGGCGCAGCACCCTTCTTCTCAATTATTACCGAAATAGAACTTAAGACTATCCAATCTAATCCAATAAAGGTTATTGAAGGATTTGTAAATCTAAATGAACTTTCAGAAATAATAAAACTATCAGAGGAATTTCCAGAAAATATTAGTCTTCAGTGGATTTATGCCCAAAAAATTTATATATATATTTTTGCTGAACTCAATAATTTAGAGGATAAAAGAACAGAAGAATACTTAATGCTTCTAGACAAATTTCCCGCTCTAGAAAAACAATTTTATGAGAACTTTAACAAAATTAATTTTTTTCCAAAGGAATTGAATTTATATGACCTGAATGCAAATAACCATTCTGAGGTAATTAGTCTTCTTGGAGAAGATTTAAAAAATGATATCCCAATTTTCATAAAATGTTTGAGTGAAATAATGGATAATAAACCCAATAATTCCTGTTATGTTGCTTCTCAACAATTAGGTGGCAAAACTAAAAAGTTAAATCATGGCTCAAGCTTTTTTGTTCATAGAAAAAGTACTTGGAAACCATGGATATACGCATCATGGAAAAAAAATGATCTTCAAGAAAAAGAAGTTGCTCTGGAATGGATTTATAAATCATGGAGCAAGCTAAAAAGGTTTTATCCAAATATTCACTTAGCACAATTGCATAATCATTTGAATTCTCATGAAGAAGAAATTGCATTAGCCTTTGGAAATAGAATGAATGAATTAAAAACTTTAAAGAATATTTTTGACCCACAAGGTATTTTGCCTCCTTTATGAGGTAACTTCTTAATTATAAAGAAACTTAAAATGTCAAATTTCTCAAGATATTTATCTAAAAATTGGTTAGATGATCCAAAGTCAAATATTCTCTCTGGCTTAGTTGTTGCATTTGCAATGATCCCTGAAGCAATTGCTTTTTCAGGTATAGCTGGTGTAGATCCTAAAGTTGGCCTTTTTGGTGCATTTTGCTTATCTATAACAATTGCGATTGTGGGAGGAAGAAGAGGGATGATCTCTTCAGCCACAGGTTCAACAGCTCTTTTAATGACTGGACTTGTTGCTTATGGAGAATCACAAGCTCCTGGATTAGGAGTCCCATATCTTATTGCAGCTGGAATATTAACTGGAATATTCCAAATTCTTTGGGGA
CP138927.1_gap23	1007850	1012370	4520	AATGGGCTAATGCAAAGATAAAAGCTGAAACTATGATGCCCGAAATTACTCCAAAATCTCTTGAAAGAGTTGGTAGTAAAATACCGCGAAATATAATCTCTTCAAATAGAGGAGCTACTAAAGTTGTTGTTACAAATAAAAGAAAAAATGATAAGTAATTATTATTATTAAGAACAATTTCTAGCAATGGGTTACTACCATTCTGATTATCGATCAGACTATTCATAATAAGAGAGGTTAATAAAACAAAAGGAATTATTGTTAACCATCCTTTAATTCCCTGAATAATTGCATATTTTATTGGCAAGAAATTGAACTGTAAATAATCCTCTTTAAAATTAAATTCACCATTCAAAGATTTAATTTGATAATAAACTATCCATAATGGAGGAATAGCCATAAAAAGATATCCAAAGAAAATTTTTAAAGATTGAGACAATTCATTAGAGATATTTTTAGAAAAAAGTTCAACCAAACTGATAGAAAACAAAGGTGATACCACTTCTCCCAAAACAACAAATCCACCTGAAATTAATAAAATCATATCTATTAATTCTAAATCTAAGGACTTAATTTCTTTCCAACCAAATTTTTTCAACGATATGGTTCTCCATAATATTTTTAAAGCCAGAATAGAGCCAATAAGTATTGTTAAAAGTGGTATTAGTCTTATTGCTAATATTTTAAAAAACATTTTCCTTGAAAATGATTTTGTTATTAATACACTATCGTCAAAATCAAATTTCTTGCTTAAAAGGTGATATAAAAATCTATCCCCTTTAAATAAATCAAATTTTTCAGAATTTGCTTTATATGAATTATTATTAGATTTTTTTTCTATCTCATCAATAAGAAATTTAAAGTTTTTATTTTCAAAATCTTTGGATATATTTTTATAGATTATGGGATCATTTGATTCTGAAGTAATTATTCGAATTAATTTATTTCTTTCCGTTAATTCTTCAAATGAGACATCAGAAAGTGATTTATTTAGTTGAACAACAGGATCATTAATAATAAAAAATTTTTTAAGATTTACAGGTATTGATTGGACAGATAATTCGGCAATTTCTTGCTCTTTTTGACTAATATCAAATGAGACAGATGGTCTATTTAAACTATCTCGTAAGCCTTGTTGCCATACAAAAAAAGTTATGACGATGGAAATAAAAGCTAAAGCGAGTTTTGACTTAGAAATATTTTTAAAGATCATACCTTATTATATTCTTGAAAATTATAGTTAGTTATCATTGAATTTTCTTATACTTATGTATCTATTTTAATCACGCCATGAGATGATTAAATTATCTTAATTTTCAAATTTATATAATGGCTATAAGATTAGTTTTAGTAAGGCATGGACTAAGTAGTTTCAATGCAAAAGGATTAATTCAAGGAAGAACAGATGATTCATTATTAACTGATGAAGGATACGAACAAGCCCGAAAAGCAGGCAAAGCATTATCAAAAATAAAATTCGATAAAATCTATTCCTCCCCACTTGTGAGAGCGGCAGAGACTGCAAAAACAATTAAAAAGAACTTCAATAAAGAACAAAATATTGTATTCGACGATAATTTGCTAGAGGTGGATCTTAGTGAATGGTCTGGTCTGAAAATTGATGAAATAAAAAAGAATTTTCCAGAAATTTACTCTATATGGAAAAATGATCCAGAAAATCTTATCTTAAAAAGAAATGACAATAAAACTTACAAGCCAATTCAAGAGTTATTTTTTCAAGCAACAAATTTTGTAGAAGATATTTTAAAAATTTATCTAGACAAAGATGATGTAAATATTTTAGTTGTTGGACATAATGCAATTCTTAGATGTTTAATACTCTTATTATTGGGAAAGCCTAAGCAAGGTTTTAGAAAAATAAGATTAGAAAATGCTTCTTTCTCGATACTTAATATTTCAAGGAAAGATAACTCTTTTAAGACTCAAATTGAATGCTTAAATCAAACTTCCCATCTTAATAAAAATATTCCCAATAAAATTGGAGATTCAAGAATATTTCTAATAAGGCATGGTGAAACCAACTGGAACAAAGAAGGTAGATTTCAAGGCCAAATTGATATTCCTTTAAATGAGAAAGGAAAAGATCAAGCTAGAAAGACTTTTGAATATTTGAAAAATATTTCTTTCAATAAGGCATTTTCAAGTTCAATGCATAGGCCTTATGAGACTGCACAAATCATCCTTCAAAATAGCCAAAATTTAAAAATAGAAAGAATAGATTCACTTGTAGAAATCAGTCACGGATTATGGGAGGGTAAACTGGAAGTAGAAATAAGAGAACAGTGGCCTGCTTTGCTAAAAAAATGGCATGATAAACCTGAAGAAGTAATAATGCCAGAAGGTGAATCTATAAAAGATGTATCAGAAAGATCCGTAGATGCTTTTAACAAAATTTGTGCATCTCAAAAAGATAATGATCTAAGTCTTCTAGTTGCTCATGATGCAGTCAACAAAACTCTAATTTGCAACATCCTGGGCATTAATTATTCAAATATATGGATGATTAAACAAGGTAATGGTGGCATAACGATAATTGACCTTTTTAATGATCCCAATAAGCCCCCTGTGATTAGCGCTCTAAATATTACAACCCACCTAGGAGGAATAATTGATTCAACTGCTTCAGGAGCACTTTGAATTAAAACTTTTTTTAAAATTTTATTGAAGTCAGATCCAGGAAAATGGGGTTATTTATTGAAAAAGCCAACTTGACTAAGAGGCCAGAATCTGAAATATGCTTTACCAATTATCTCCTTTTTATGAAGAAATTTACTTCCAGGCCAATATCTACCATCCCAGCTATTTGACCTATTATCACCTAAAACTAAAAAATGATCTTCAGGAACTTTTATATTTTCAAATTTACCACATTCATTAAAAAGTGATGAAGAGCACTTATAAGAGACATAAGGTTCAGAAATTAATTTATTATTTATTATTAATTCTCCCTTCGTGTTTACACTCACAATTTCTCCTGGAAGTGCCACCACTCTTTTAATATATGCATCGCAAGCTTGATCCCTCAAACCAGGAATAAAAGATATTGGAGGGAAACTCATAAAAAAACAATATCTTTTTTGTGGTAGAGGCTTTGATCTTAATGAAATTAATTTTTCGTCAAAGGAGTAAGGTGAATTAAAAACAACAATATCACCTCTTTTAGGTAAAGAGTTTCTTAGCGAAAATTTTTCAATAATTAACCTATCATTTATTTGTAATTCTGGAAGCATTGAACCAGAAGGGATATAGCGTGGTTCTGCGAGAAAAGATCTACAAGAAGAAACAAAAAAAGTTAATAGAATTAGCAGACCCCATTCTTTTAAAAAACTTTTAATAGAAGCATGCATAAAATTAATAAATTTTTGATTTTTTAACCTTATATAATTTGTTTAGCATATTCAATTTCGTTAAAACCTAATATTACTTTTTTCCCTTCGTAAATCAAAAATGGTCTTTTTATTAATTTGCCATCACCTAAAAGAAGTTGAATAATTTCTTCCCTTGATAAGTCATAAATATCAAGATTGAGAGTTTTAAAAGCTTTACCTCTTGTATTAAAAATCCTTTTCTTATCATCAGAGTATTGTTCTAAAGCTAGATTTAAATAATTAACAAGTGGTGGTTCTTTTACAATATCAATTAATTGGAATTCGAAATCTTTGCTTTTAAGCCACTTTGCAGCTTTTCTACAAGTGGAGCATTTTAAATAACTATAAAAAATTATTTTTTTCAATTTAATTGACCACTTCTTGATTTCTTAAGTACTTTAAAGTTTTTCTTTTTTAGGGGTATACAACTTTTCAATAAATTTTCAACCACATCAAAATCCCTCCAACCATCAATTTTAACTGTTCTTCCATCAAGTCCTTTACTTGTCCTAAAAAATTCAGCTACATCCTCAAGCTGATTAGGAGCAATTTGATTAATACTCACTATGTTAGCCTGTCTAGGATTAGCCATAGGCACACATAAAATTTTCCCATCATATGCACCACAATCATGCATATCCAAAACTCCAATAGGTCTAGCTTTTATTAAACAACCAGCAAAAGTAGGCTCATCCATTATCACCATTGCATCAAGAGGAGCTCCATCATCAGCGAGAGTATTTGGAATAAAGCCATAATCAAAAGGGTACCTCACTGAAGAATGCAATACTCTATCTAAGGCCATTATTCCTGCATCAGAGCAATATTCATATTTATTCCTACTACCTGCCGGTATTTCAACAACAATATTTACTATTCCCTTCATTGGAGATGGAGGTATTGAACTAAGGTCCATCTTTTTTAAAACCGTAATTATGAATTATCTCTTTTCCTTGAGGTAAAGGTCTTCCAATTAAAATGCTTATTGAAGGTAAAAGAATTGTCAAAAGTGCAAAAATAATACCTAAAGATGTTATAGATAAACTCCTTATACTTAAGGGGTCATCATCATCTCTTTCAAAATCACTTTGAGCAGAACCATGGAAAGATTCTTCGCTTGATTTACTTTGA
CP138927.1_gap24	1037113	1039362	2249	AATAGATATATTGACTACATAGGCAGTTGGGGGCCGGCTATATGTGGACATGCTCACCCTGAAGTTATTACGGCGTTACAAGAAGCAATTGAAAAAGGTACCAGCTTTGGTGCTCCATGCGTTTTAGAGAATAAACTTGCTGAGATGGTTATAAATGCTGTCCCATCTGTAGAAATGGTTAGATTTGTTAACAGTGGTACTGAAGCATGTATGGCTGTTTTAAGGCTCATGAGAGCATTCACTGGAAGAGATAAAGTTATTAAATTTGACGGTTGCTATCACGGCCATGCAGATATGTTCTTGGTAAAAGCAGGTTCAGGTGTGGCAACACTAGGTTTGCCAGATTCTCCAGGAGTTCCGCGAACAACAACTGCGAATACGCTTACTGCCCCTTACAACGATCTTGAAGCAGTAAAAAAATTATTTTCAGAAAATCCTGACGCAATTTCAGGAGTAATCCTTGAGCCAATAGTTGGTAATGCTGGTTTCATTACCCCTGAACCAGGATTCTTAGAAGGATTAAGAGAATTAACCATAGATAATGGTTCCTTATTGGTTTTTGATGAAGTAATGACCGGATTCAGAATAAGTTATGGAGGCGCTCAAGAAAAATTCGGAGTAACTCCTGATTTAACAACGTTGGGAAAAGTTATTGGTGGAGGCCTACCTGTTGGAGCTTATGGAGGCAAGAAAGAAATAATGTCAATGGTAGCTCCTTCAGGACCTGTCTACCAGGCAGGCACTTTGAGCGGAAACCCCCTAGCAATGACTGCAGGAATAAAAACTCTTGAACTTCTCAAGCAAGAAGGTACATACGATAAACTTGAAGCAACAACTACTAGATTAATTGAAGGGATAATTCAGTCTGCAGAAAATAATGGTATCGCTATTAACGGTGGAAGTGTTAGTGCTATGTTTGGATTTTTCTTATGTGATGGGCCTGTTAGAAACTTTGATGAAGCAAAGACAAATGATGCTGAACTTTTTGGTAAGCTGCATAGAGAGATGCTTAAAAGAGGAGTTTACCTTGCACCAAGTCCTTTTGAGGCTGGTTTCACATCACTAGCTCATAGCGAAGAAGAAATTGATAAAACTATCGAAGCTTTTGATCAATCTTTTAATGCAATAAAAAACTAAACATCTATTTGCATTTCTTTAAAGAAATGCAAATAGATGATTAGATTAATACAAAATTGGATTAGAAGAATTATCTCCTACCACCAACTATTACCGGAGGGGTTCCTCCTTCTGAACCTGGCAGGCCTGGAACAACTTGTGTACTACCATCCCATTTATCAAGAAATAATTTAAAAAGCACTTGATCGTCGAGGCTTCTATTTAGCGTCTCATATCTAAGTGCTTCTTGCTCAGCAATTTCTACTTCTGTTTTTGCCCTTAATAGTTGCTGACCAGCTATTTGCTTTTGTTCAATAGCAGCTCTATATTCTTCAGCAATCTCTAATCCAGTAAGATCTAAACTTTTAACATCTACATAATCGAATGAATTTAGTTCTTGAGCGACAGTATCACCTACTTTTTCAGAAATTACGGCGAATTCAGTAGCGATTGTCTCTAACTCATATTGAGAAAAGACTGATTTTAGGGCTTTAAGTAAAGATGGCTGAACAATTTTTTGATAAACATCACTATTTCTACTTGCAATTGTTGCGAAAATTCTTCCTGCTTCGTTAGGTTTTACCGAATATTTAACAGTAGCGGTAGCCCTAATAACCTGAAGATCTTTAGTTAAAGTTTCAAATTTTTCTGGTTGAACCTGAGTTTTAATATCAAATGGATATACAGACTGAACAAATGGAAGTTTAAAGTTTAAACCAGCTCTCCTGGAAGGGCCACTTACTTTCCCCAATGTTGTGACAACTGCAACTTGTCCTGAGGGAACAACAAAAAGTGATTGGGTTAGCAAAAGAAACCCAGTAAAAGAAAGCACAATTAATAAAGTTGCTGTCCCACCAGGACCTGTTGGTGTGACATTTTTAAAGGATGTTGACATTAAATTTTTTCTTTTAGGTCATCATATTTAACTTGACTAATTAGTGCATTAATAAGGCATTTAATTAAAATATTTTTTTAATATTTCTAAAAAAAGAATACAAATATTATTGCTTATTTATTGGATTTAAATGCTTGTAAAAGTTGCAAATAAAGGTCCTCATCTATCTCCCTAATATCATATTCAGAAGGTAACACGCCATGCTTATGTTCATGAACTGCCATCCAACAAAATTTCT
CP138927.1_gap25	1041639	1044416	2777	CCACTAAATGGCTCACATGAACCAATTAATAATATATCGCTCATAATTAGTAAAGTTTTTATTAATAGATTCAAGATAATATTTTTTTATGAACTAAACAAATATTTATTTATGAGTTTTAATCAAATAAATATAAAAAAAATTTTTCAAGTCAATTTTTTTTTAATTCCTTTGTATTTCATCAAAATCAAATAAAATGATAAATTCAACAAAAAAAGAAAGAACTGTTGGAATTACTGGAGCATCAGGCGCGCTAGGTAAAGAGCTTACAAAATTGTTTCGTCAGAAAGGATATAAAGTAATTGGATTTACCCATAGTAACGCCCGTTCTGAAATAAATCATGAATCTCCTAACGAATTGATTAAATGGGAATGTGGTAAAGAATCGAAATTAAAAAAGCATTTAAAAAAGATAGATATTTTGATATTGAATCATGGTATCTATAATTTGAGTCGAGAAAATTCTAATTATGAAAACTCTATACAAATAAATGCATTAAGTAAGTTTAAATTTTTAAATTTATTTGAGGATATCGCATTAGCAAATCAGTCATCAATTAAAAAAGAGGTTTGGATAAACACATCTGAGGCAGAAATTTTACCAGCTTTAAATCCATCATATGAGATAAGTAAATCTCTAATTGGGCAATTAGTTTCCTTTAAAAAAAATCTTTTAAACAAAGATACTAAGCAAAAATTAGTTATCAAAAAAATCATTTTAGGGCCTTTTAAATCAGAACTAAATCCCATCGGAATAATGAGTCCCAAATTTGTCTCTAGGAAAGTTTATGATCTAGCCAATTCGAGAAGGTATCTAGTAATTATCAGTCCAAACCCTCTGAGCTACCTACTTTTTCCTTTAAAAGAATTTTTTAACTTTTTGTATTGCAAAATTATTTATAAATACAAATCTTTATAACTAGAAATCTCTTTCAGTCAATATTTCAATACCATCTTTTAATACTACTATTGTATGTTCCCATTGCGCTGATAGTTTTCCATCTTTTGTTATTACGGTCCATTTATCATTTAATGTTTTACAAAATTTACTACCTTCGTTAACTATTGGTTCCACAGCTAAGGTCATTCCTTCACGAAGAACAACATTAGGTAATTCTTTGGTCCTAAAATTAAATACAGAGGGTTCTTCATGCAAATTTCGTCCGACTCCATGACCTGTATAGTCTTCAACAACACTAAATCCATTTTTTAGGACAACATCTTCAATTTCCCCAGCAATATCAAGAAGTGTATTCCCTGCCTTGATTTTAGAAAGCCCCGCATACAAAGCTTTAAATGCGACATCACTAAGTTTTCGCACCTTTGAACTAACTTCTCCTACACATATTGATATACAACTATCTCCGTGGAAGCCATCTAGATATGCCCCTGTATCAATTTTCACTAAGTCACCATTTTTTATTATTTTATTTTTACTGGGTATTCCGTGAACAACTTCATTATTAATACTAGAGCAAATACTAGAGGGGAAACCATGATAGCCTTTAAAACTTGGCACAGCTCCAAAACTTTTTATCCTTTTTTCTGCGAAATCATCTAAATCTTTTGTGCTCATTCCAGGTTTGATTAATTCATTAATTTCTCTCAAAACTGTTGCCACTATTTTACTGGATTTTTTCATCAGATTTATTTCACGCGCAGACTTTATTTCAATTCCTCTTCTTCTCTGAATAAATGGCACTTGATCATTAGTTTTGGAATTATTTTTATTTAATAAGAGATCTGCAAAATGTTTCATTGGAATAAATAATAGTAATAGACAAATATCATCAAAATAGCCAATATTGATTCGGCTACCTTAAATCTACCAACAACAATTGGAAACAGGAATGAATTTTTTTTCTAATTCTAGACAATTTCATAAAGCTTTGGCGCCTTGGATTTTTCTTCCATTATTTTTATCTTCAATAACTGGCTTATTTTACAGGGTTTCAAAAGATTTATTAGGTTACTCAAGAGACCAAGTTCATTGGTTAATGGCTATCCACGAGGGCGAATGGCTAGGAGATAATGGCGAGTTGATATACGTGTTATTAAATTCCTTAGGAGTTTTATGGATGCTAATAACAGGATTTCAAATGTTTTCAAAAACAATTTCATTTACCAAAAAGGTTACTAAAGGTGAGTCAAAGGGTTAAGATATAGAACTTGTAGGATAACAAAGGTCAAAATGGCTAAAGAGAAACAAGAAAATGAAATAGAAACCAACGTCAAAACTGATGTAGCAGTTGAGAATAAAGAAAAAAACTTGGTTTCTGAAACTACAAAAAAGATAAGCGTTAGCAATCTAATTGAGGAATTTGAAAATGAACAATTAAAAAAAGAATTACCTGAAATTTATGTTGGTGACACTGTTAAAGTTGGTGTAAGAATTACAGAGGGTAATAAAGAAAGAGTTCAACCCTATGAAGGTGTTGTCATAGCTAAAAGGCATGGAGGACTGCATCAGACAATCACAGTAAGAAGAATTTTCCAAGGAATAGGTGTTGAAAGAGTATTTATGCTACATAGTCCACAAGTTGCCTCTCTAAAAGTTGAACGTAGAGGTAAAGTAAGGAGGGCTAAGTTATTCTATCTAAGAGATAGAGTAGGTAAAGCTACTCGCGTAAAACAACGCTTTGATCGATAAAGTTGTAAAGTAACAAACTTATTGGTCACAAAGGCGCTTATAATCATTTAAATGCGTCGTTAGTTCAGTTGGTAGAACGCAGGTCTCCAAAACCTGATGTCGGGGGTTCAAGTCCTCCACGACGCGT
CP138927.1_gap26	1061767	1064647	2880	GAGAGGATTCTGTCAGTTCAGCTTTTGAAGAAATCATAAAAATTAATGGCTCCATTGATATTCTTATTAACAATGCTGGTATTACTAGAGATGGACTATTGATGAGAATGAAATCGGAACAATGGGATGATGTATTAAATACAAACTTAAAAGGGGTTTTTCTTTGTACAAAATATGCTTCAAAATTTATGATGAAAAAAAGAAGTGGTAGTATCGTAAATATTTCATCTGTTGTTGGAATAATTGGTAATCCCGGTCAAGCAAATTATTCTGCAGCTAAAGCTGGAGTTATTGGATTCACCAAAACTTGTGCTAAAGAATTTGCTTCAAGAGGTATAAACGTAAATGCAATAGCTCCAGGCTTTATAGAAACAGAAATGACTGAAAAACTTAATACTGAAGAGATACTTAAAGTTATCCCTTTAGGGAAATTAGGAAGTTGTACTCAAATTGCAAACTTAGTGTCATTCTTAGTTTCAAGTAATGCTGGAAGTTATATCACAGGGCAAACAATAAGTATAGACGGAGGTATGAGTATTTAATTATGTACTTTCATAAGGCTGTCCTAATTCATCTCTTAACCTTCTAATTTTCTGTAAAAGTTTAAGTCTTCGACTTCTAGCCGTTAATGTCAAGAAAAATCTTAAAGGAAAATATATTAATGTCATAGCAATCGCGAGGATTGCGGTAAGAGTAAAAATAAGATTATTTGTTTCTTCCATAACTTAAAGATACTCTTATTTGAGTGAATTTGTATGTCTCATCAAAAGAAATTCGGCTTTCCCCACTTAATTAAATATCCCTTAAAAATGATTCTATGGGAGATTAGAATAAGACTAAAGATTGAGTAAACATGGCTAAACAGTTAAGTTTTTCTAATGAATCAAGAGAAGCGTTAGAAAAAGGTGTGAATTTTGTAGCTAATGCAGTAAAGGTTACTATTGGGCCAAAAGCAAAAAACGTTGTAATAGAAAAGAAATTTGGTACGCCGGATATAGTAAGAGATGGATCTACAGTTGCTAAAGAGATCGAGATTGAAAACCCTATTTCTAATTTAGGTGCGAAATTAATAGAACAAGTTGCATCAAAGACAAAAGAGAGTGCTGGTGATGGGACAACAACAGCAACCATTTTGACTCAGAAGATGGTTCAGGAGGGATTAAAAAATATTGCTTCTGGTGCCAACCCTATGGAGTTAAAAAAAGGTATGGAGGCAGGCCTAGCTTTTGTCTTAGAAAAATTAAGTTCCAAAAGTATTTCATTAAGTGGTTCTGATATACAAAAAGTTGCAACAGTTAGTGCTGGAGGTGATGAAGAAATTGGATCTATAATTTCGAAAGCAATGGATATTGTTACTTCAGATGGAGTAATAACTGTTGAAGAATCTCAATCATTAGAAACAGAATTAGATATTACTGAAGGAATGTCTTTTGATAGAGGTTATAGTTCTCCATATTTCGTAACAGACCAAGAAAGACAAGTTTGTGAACTTGAAAACCCTAAAATATTAATAACTGATCAAAAAATCTCAACTTTAGTTGATCTAGTTCCAATACTTGAAGAAATTCAAAAGGCAAGCTCACCTTTTCTAATTCTTGCTGAAGATATTGAAGGAGAGGCTTTAACCACTCTAGTTTTGAATAAGAATAGTGGGGTTTTAAATGTAGCTTCCGTGAGAGCTCCGTTATTTGGTGAGAGAAGAAAAGCTGCCCTTGAAGATATTGCAATTCTTACAGGGGCTAAGTTAATTAGCGAAGATAAATCGATGACACTTGATAAAGTATCGATTAATGATTTAGGAAAAGCAAAAAAAATAACTATCACAAAGGATAAAACTACAATTGTTGCCTTTGAAGACACTAAAGATTTAGTTAAAGCGAGAGTAGAGAAATTAAAGAGGGAAGTTAATATAACTGAAACAGAGTATGATCAAGATAAAATCAATGAAAGGATAGCTAAACTAGCTGGAGGGGTAGCTCTTATTAAAGTAGGAGCTGCTACAGAAACAGAAATGAAGTATAAAAAATTGAGAATAGAAGATTCCCTTAATGCTACGAAAGCTGCTATTGAAGAGGGTGTTGTTTCTGGAGGAGGACAAACTTTAATTGAAATATCAAATGAGCTATTAAATTTAAGTCAAACATCTTCCGATGATTTAAGAACAGGGGTAAATATAATTAAAGAAGCTCTTTTGGAACCCACCAAACAAATAGCAAAAAATGCTGGTTTTAATGGTGATGTAGTTGTCGCTGAAATAAAAAGACTTAACAAAGGCTTTAATGTTAATTCAGGAAAATATGAGGATTTAAAAGATTCAGGAATATTAGATCCAACCAAAGTAATAAGATTAGCACTTCAAGATTCGGTATCTATTTCAGCTATGCTTCTCACAACAGAAGTTGCCATGGCAGATATTCCAGAGCCTGAAGCCACAGCCCCTGTAGGGCCAGGTGGGGATCCAATGGGAGGAATGGGTGGCATGGGTATGCCAGGAATGGGCGGCATGGGTATGCCGGGAATGGGTGGCATGGGTATGCCAGGAATGGGTGGCATGGGTATGCCGGGAATGGGTGGCATGGGTATGCCAGGAATGATGTAAAAATTTAACTTGCTTTTTTATCTTTATTAATCCACTTTCTTAAATTTTTAATATTAGGAAGTGGTAATTTCTGGTTATCAATAGGTTTTTTTATATTATTAGAAGTTCGATCTTTGCTAAATATTATATTACTGCTAGGAGTTTCTAAACCTATTGATTCCGATTTTGTTTCTTCTATATTTTCAACAGTTTTTGATAATTCAAGTTTAAATTGTTCTTGATTTTCTTCTTCATCTACTTCATCCATTAAAGTAGTTTGTTTTTGATTTTCTTCTTCATCT
CP138927.1_gap27	1065961	1070753	4792	TTATGATAATCTGACTAATTCCATCTATTGAAGATAAAATTTGACATATATTTTTTGCTTCTTCCTGATTACTAAATTCTCTTACTTTCAAAGTTACTCTATCTCCTCCTAATTTATTTTTGAGCTCTGCAGGAGTCCCTTGAGCTATAACTCTTCCATCATCAATTATCACTAATTTGTCTGCCAATTTATCTATTTCATCAAGATAGTGACTGCTTAAAATAATTGTCATTCCATTATTCCTCAAATCTTTCAAAAGTTGCCATATGATATTTCTACTTTCAATATCTAAACCAACTGTAGGTTCATCCAATATTAATACTTGGGGCAAATGTAATAGTCCAGCTGCAAGATCTATTCTTCTTTTCATTCCCCCTGAATAAGTTCCGCACTTACGATCAATCCAATCATTCATTTCCAATTGATCTATTAATTTCTTTATCCTTTCAAATTTTTTGTTTTTGTTGATGTGATATAAATCTGATTGAAAATCCAAAAGCTCTCTTCCAGTTAATATTTTATCAAGTGCAATGTCCTGGGCAACATAACCAATTAATTCTCTAATTTTCCTTGAATTTTTAATCAGATTAATATTATTTATAAAAACTTCTCCACTATCAGGCTCTATTAAAGTAGCGAGTATTTTTATAAGTGTTGATTTGCCAGCACCATTGGGACCAAGTATTCCGAATAATGTTCCAGCTTTAATTTCCATTGATAAATTTCTTAAAGCCTTGATTTCTGAATAAGATTTTGAGAGACCTTTAACTTTTATATAATTCATCAAACTTACTATCTCTTAAAAAACATTTTACATCTAATTTAATTACTAAGGAGGGATACTATAGATAAAAATATTTGCATAGATTGCTGCTCAAATTCTACGGATAGTTGGGTTCTGGAGATTAATAACAAAAGACAAATACCAAACATATATAGAATAGACCACCTAAAAAGAGACTTTGCTCTTGAAAGATCATCAGGATATTTCTTTAATTCATTTATTAATTGCAAAAGTCTTCCATTAAATGGCAATAACATAATTCCGTATAAGAGACCCCCTTCAGGTAAAGCGAAGACTCCCATAATACTCATTAAAACTGTTGCCCATCCGTAACGAGAAATCGCTTTAGCAGTAAAAACAGCTCCCTTAACAGAAGGGAGCATAGGAATGCCAACAGATGCGTAATCGTCCTTCAATAAAATTGCAAGTGCCCAAAAATGTGCTGGAGTCCATAACATTACTAAACCAAACAACCACCAGCCACTTAGGCCTACATGCCCTGTGGCAGCAGATGCACCAACTAGAGGTGGTATCGCGCCAGCAACTCCTCCGAAAACAATATTTTTTGTTGTACGAGGTTTCAAAATAACTGTATATAAAATTACATAGCTAAATAAACCAAGAAGAGTTAATCCCGCAGCTAAATAATTTACACCACTTACTAAAAGCATCGAAGCTGCCAAAGTACATGATACTGCAGCTAAAAATACAGTCTCAGATGACAATTTTCCTGCTGGCAAGGCTCTTTTGCTAGTTCTTGTCATCCTTTTATCTAATTCCATTTCCCACAAGCAATTAAGAGCTCCTGCTGCCGCCGCTGCCAAAGCGCCGCCTCCTAAAGTGCAGATAAGCTTCGGGGAAGACAAAGGCCATTCCTCTGTTAAAGCCATTCCTCCTAAAGTTGTTGCCAGTAAAAGTGGGATTAATCTAGGTTTTGCCACTTCAAGCCAAGGTGGCAAAGTTAATCTTTTTCTTGAAGGTACAACTTCATCCCTAATTGAAGATTTATAGTTCAAGTTTTCTAAGTTACTACTGTTCATGAATTGATACCAACCATTTGGGAATTAAGGGAGTGGTTTAGACCTTTTTTGGTAAAAGGATTTCTAAAAATTAATGTAGTTAATATCGCAATAAATAAAGAGGCGTTAAGTTGATGACCGATAATAAAAATAGGTTCATTTAAATTTGTTTTGAGACTTAAAACACCCAAAGCAATTTGGGAAAACAAGAGAAAAATAAGTGCTGAGAGATATTTCCAATTTTCATTAAGCAAATCTCTCTTATAAATTGCAGTAGCAATTATTAATAGAATTGAAAAAGCAATTGGAAAAGCAAATAATTTATGAGTATTTAAAATTAGACATTGTTTATTAAAAGATAAGCAAATATGTGCTGACCAAGTTGATGAAAGCCTTACTCCAATAAAAGATTGAATCAGGGTAAGTAAAAGAGGAACAAACAATAATAATCTCCACCAAATTAATGGCTCTTCTATGTCATCATTTTCTAAATTTTGATTTATTGAAATTGTTGTGATGAGAAGTAGAAAAGCTATTAAAAGATGGCCAGTAACAGTATATGAATCAAGGAGGTTTATGACTGTTAAAGCTCCAAAAGATCCTTGGACAATAACGAGAAAAAGTAATAATGAATAAGTTTTAGGTAACCAATTAGGAATTTCATTTTTCCAAATAATTGAAAGAGCAAATTGAAAAAGAATTAATATTCCAACCAGAAAAGCATCTAGACGATGAAACCACTCTAGAAATACTCTTAGGTTCATATGATTAAAAGGCAAAAAAGATCCATAACACAATGGCCAATCTGGGCAGGCAAGACCCGCCTCCATAACTCTCGTAGCACCTCCAATTACAATTAGTGCGATAAGTGCGAGTACACTATGGCTTCCCAACCTTTTAAAAACTGTTAGATATTTTGATTTATATAATTGGTTATTAATCAAATGGATAGAACCTATTATTTTGCATAATAAATTAGATTCAAAAACTAAACATTAATTAAAAATTAATATGTTTAATTTAAAAAATAATTTACTAATTTAATCTTTTTTCCCTGACAATTAACTCTAAAAAGTTATTAATAATACCCCTTTTATTTCATAAATCTTAAGAAGTTGTGAATTTAAATGTTTTTCTTTTAACAAAGGATGCAGGATTAAAAAAATTGAATATCTTGAGGATATAAATCCAATTTTTCAAGGGATCAATTGTTAAATAAAAACATTTATTTAATTCTAATTATTTCGCTCGTTTTTGCTATATCTTTTTGGATTGGTTTTAATGTAAATTTGCTCCCAGCGGAAGCAAGTATTAATGCACCAATTTACGATGAACTTTTTAAAATTCTTTTCATAATTGGATTAATTATTTTTATAGGAATGACAATAGCAGTTATTTATAGCTTATTTAAATTTAGGAAAAGAAATGATCAGATAGGCGATGGTATAGCTTTAGAGGGAAATTTAAGCTTAGAAATTGTATGGACAATTATCCCTTCAATAATTGTTTTATTAATAGGTCTCTATAGCTACAACATCTACGATCGAATGGGAGGGATGAAAGAACTAAATCATAACCATGAAATGATGAGTTCTAACACTGAAAAAATATGGGCTGGAATAAGTCAAACTTCTGATAATGAAATAGCAATAAATAATTTATCAATTGAAGTTTCAGCTATGCAATTTGCATTTCTATTCAATTATCCCAAGGGCAATTTCATATCAGGAGAACTACACGTTCCTGTTGATCAAAAAGTATCAATGAAAATGGAATCCAAAGATGTCATTCATGCTTTTTGGGTACCAGAGTTTAGAATTAAACAGGATATTATTCCTGGACAACCGACGATCCTAAATTTCACTCCCACAAAAGTAGGAAAATATCCGATAATTTGTGCAGAATTATGTGGACCATATCATGGAGGAATGAGAGCCTCGATAATTGTTGAAGAAGAATCTGATTACAACGAATGGTTTAACAAAAATAAAAAACCAGAGGTAAATTTATGACAATATCAATTGATCCAAAAAAAACTAATAATGAAAGTCTTCAACCCAAAGGGTGGCTTAGATACTTTAGTTTTAGCCTTGATCATAAAGTAATTGGGATTCAATACTTGGTTTGCGGTTTTCTCTTCTATTTAATAGGAGGAACTTTAGCGAGTGCTATAAGAATTGAATTGGCCAGCCCAATGTCTGATTTTATGCCAAGAGATGTTTATAACCAAGTTTTAACTTTACACGGAACAATAATGATATTCCTTTGGATAGTTCCTGTAGTTAACGGTGCTTTTGGAAATTATTTAATTCCATTTTATGTAGGTGCGAGAGATATGGCATTCCCAAGATTAAATGCAGTAGCTTTTTGGTTAATTCCTCCTTCAGGTTTTATGCTGGTAGCAAGCTATTTTGTTGATGGTGCTGCTCAGGCTGGATGGACTGCTTATCCACCTTTGAGCATAACTACTCCCCAATCGGGACAAATTATTTGGATTCTGAGCGTTCTATTACTTGGAGGCAGTTCTATATTTGGTGGAATCAACTTTATCGCGACCATTATCAAATTAAGAAGGCCAGGATTAAAACTTATGCAATTGCCAATGTACTGTTGGGCAATGCTTGGAACAAGTCTATTAGTTGTTTTATCAACTCCTGTATTAGCTGGCACTTTAATTCTACTTAGCTTCGATATCATCGCTAATACAGGGTTTTTCAATCCTGTCTTGGGTGGCAATGTCGTAGTTTATCAGCATTTATTTTGGTTTTATTCTCATCCAGCTGTATACATTATGGTCCTTCCTGCATTTGGTTTAGTTAGTGAAATACTTCCTGTTCATGCTAGAAAACCACTTTTTGGATATACAACAATGGTTTTTTCAATAATGGGGATAGTAGTTTTAGGTTTAGTTGTTTGGGCTCATCACATGTTTACTAGTGGAACGCCCCCTTGGATGAGATTGTTCTTTACTATTGCCACAGCATTTATT
CP138927.1_gap28	1137270	1140528	3258	ATTTCATTAAAGCTAGCTGCCTATTTAATAATTGATTTCTATGTTCTTGAACTACTAAACGTAAGCTATTATTTACTAATTTGTTTTTCAAGTTTCTCTTAAGAATTTCTTTCTGATAATCATTTAATACTTTGGAATCTTCTAAATCAAAAATAATCTCTACTCTGCTTTCAATTTTATTTACATTTTGCCCTCCAGGACCGGAGGATCTGGAAAAGCGCCACTTAATTTCGTTGGAGGGGATTACTAATGTTTTAGAAATTTTTAAATCCATTTTTAGTTCTTTTTGATTTAAATTTTATAATCATCTCCTTAATACTTTAAAACATACCTTAAAATTCGATCGGTAAATACTGGGCGGTTGTGTTAGGTAAACCGAAGTTCGGTGTATTTGCCGTATCAATATCTACGGTATTTATCCTTTAATATTTCAAAGAATTATCAGATATTGAACTTGTACTAATTCAAAGGTCACTTATGTATTCAATGTTTGATCTTCTTTTTGAAACACCTTCATATCGCCCTGTATATGTTATTTCCGATAGTGAAATGAAGGAGTTAAAGAAAAACCAACATCAAGAAGAGCTTGATGAAATTACAACACAAAAAGTAAGACTTGAAGATGCTTTTAAAGCTCAACTAAAACATCTTGAAGAGAGAGAAAAAGAAGTAAAAAAAGAACTTAAAGTACTCTCAGCCTCAAAAGATAAATAATTTATTTTTAGAGAAATTACTTTTTTAAAAGACGGTTAAAAACCGTCTTTTTTTAATTCTTATAGTTTTCAGGGATATATTAAATCCACAGATTTTAAAAATATTTTCCATAATTAAAAAATGAATAACAATAAAGAAAAAATAAGAATGTTCTTACCCTTTAGTTGGGTAATTTGTGCAGCAATATCCTTTGCTTATATAAATTCGCATTTAATAAATACCTAAAATAAATGTCTTATCCCTCAAGAGACGAAATACTTGCATCTTCAAAAGGGTGGGTAGCATCTTTTTTAAATTTTCTTCCTGGTTTAGGATCGGGTTACTTATATCAAAGAAGATGGAAACCCTATTTTTTTACCATCACTGCTAGTACTGCATGGTTCGCTTTAGGTATTTTTTTACAAGGAGATTCAGAACCCTCTCAAAATGAACAAATAATTGGCATTTCTGGTCTTTTTTTCATATCAATAGTTACCGTTATAGAAGCTAACTTGGCTTTCAAAAAATCAAGTAATAAAACAAAAGCTGAAAAAGAGAAAATAATTTCCTCTGAAAAAAAAGGATGGTTTAAATAATTCAATAAATTAGATCTAAAAAAATATTTAATTAATTCTCAGTTTCTTAATTTAAAAAATAATTACCATAAATTATTTTAAAGATAATTAAAAGATTTTTTTTAGTTATAAAAAAATAAAATTTCCTTTTCTTTAAGACCTTCCCATCCCGAGTCTATTAATAATTGATTCAAAGTTTCTTTATCAAAATGCTTAGAACCCGTTTTGACGCATCTATTTCTCATTGATTTTTTAACACCACTCCTTTGTCTTTTATTCTCCTCATCCATAATTCTATTATATAGATTTAGCATTTTTTGAGGTATTGGAGTACCGTCAAGATCCACTCCATTTTCAATAGCAAGATCAACAGCCTGCATTCCCATTTTCTTCATATATTAAAAAAAAGCTGAAACAATAATAAAACAAAAGTTATTAATCTAAAATTCTTTAAATAATAATTTATTGATTTTGAATTTCCTTAAGTACTCTAATAGCCTCTTTAATGTGTTCAGGACCATTCAATAAATCTCTAAAAATATGCCTAACTGTCCCTTTGCGATCAATAACGTAAGTTACCCTACCATCCATAAAACCTAATACTTTAGGAACTTTAAAAGTTTTTCTAAGAGAGTCATTTATGTCGCAAAGTAATGGATATTGTAATTTATTTTTATTAGCAAATGCCAAATGACTTGAGGTACTTCCATTACTTACTCCCCAAACTTGCGCACCTAATACTTTAAATAAGTCATATTTATCTCTAAATCCGCAAACTTCTATAGTGCAACCCGGCGTATCATCTTTAGGATAAAAAAACAAAACAAGGGGATTTTTTAATCCCTTATTTGATCTTTGAACTCCATTTTGATCCAGTAAAGAAAATTCTGGAATTTTATCTCCAATCTGCACAATTATTGTTTATAAAATTCCATATTAAAGGTTAATATGTTTTTTTTGTGGCCTTAAATTAAATAACTGATATTAAAGTCAGTTTTTTTGTTTTAAAAGATACTAAAAAATTATTGAAATAAACTAGGCTGAATTTATTGATTCAGTGTTATGGAATTAATAGTTTATATTTTTTTGTTTCTTATTCTTTTTTTGGGAGTTATTTTTAATTTAAAAATAACTAATTTTAAAAAAGTTAAAGAAATACGAAACAAAGTTAAAGATTGTTCAACAAAGAATAATTAGATTATGTATTACTAAGATTAAAATTCAATTTTTTCATTTGGAGTAAATACTGAGCAGTATTCTCTTACTAAGTCCTTTGGCTGATTAATGGAAGAATTCGTTAATTTTAATTTTAGTTTTTCTATGGCCTCATTAGTATCAATCTCACCAAGTCGATATCTTGCGCAGGTATCCAATACTTTAAACATTTTTGTGGTAACGGCTTCAGCTGGATAAATCAGAAAATTTAGGTAAAAAACAACAAATAAATACTTCATTTTTTTTAAAAGAAATTAGATATTTAGCTAATAGTTTCAATAATTTAGAAAAAGAATAAAATTTAATAGAATAATTCAATTTGAATTAACTCTAGGAATTATATAAAACAATAATAAAAGAAATTAAAATAAAATATGTGATAATGATAAATAATCTTGGTAAAAATGAGAAAATTAATAGATAAACATAAAACTCTTATAAATTGGTACCAAAAAAAATTCAAATTGAGTGATTATCAATTACTTTGGTTAGTTTTCTTTAAAGGAGTATTAATAACAATAATATTTTTCAAAATTTTTTAATATTAATAAAGCTATTTCAAGAATGAAATTTTTACGTGTTTTGACTATATTTAATAATAGATTTTCTCATAAGTTAAATAGTTATCAGCTATGAATATTTTTGGTGTAGGTTTGCCTGAAGTTACTGTAATACTGATCTTAGCTCTTTTAATCTTTGGTCCAAAAAAGCTTCCAGAATTAGGAAAACAGCTTGGCAAAACTTTAAAAAGTCTTAAAAAAGCATCGAACGAATT
CP138927.1_gap29	1167344	1172263	4919	AGTTTTTTTTTAAATATAAATTTCCCTCAGGATTAATATTTAAAATATTTTGATCGCAAGCAGATAATCCCCCCAAACAATCAAGTAATAAAATAAAGGATTGTTGGTCTCCACCTTTAGAAAGTTGCTTTTTTTTCCAAAATAAAAATTCTTTTATAGGAATGCAAAGCATTTATTAAACTTTAGCGTTTTGGGCCAAGCCTACCTTTACTGGAGTCAGAATAGAAGCTTGATTTTTCGCCATCTTGAGTAGAAATAAATAAGCCAATAAGGAAAATTGTTGGCACCCCTACAAATAAAAGACTAGCTACGAATCCAAAATTAGTTGTTTCCATTTAGTTGGCAATTCTGTTAAGTACTAAGACTATAGACATATAACTTTAAATTAAGTGGAAAAATCAACAAATTTTATTAACAGATTAACAGTCTTAAACAATTTAGCGAGGTAATTTTTTATTTTCGCTAATTTTTTTGAGTTCTTCCAAATTTGAAGGAGGAGATTGAGGTTTTGTTAAAATTACTGCAGACGATTTTATCAAAGTTTGACAGGCAAGTCGCCAATTCTCTGGTCTATTTTGAAGTTTTTCTTCTTCAACTGATGTAAGTGGGCTAAGAGAATTTTTATTTCCTCCTTCAACGGAAATAAAACAAGTACTACATTGTCCAGCCCCTCCACAATTTCCTAAAATACCTTTTAATCCATAAAGCTGTAAATTCTCTTTAAGTACAAGTTCCCTTAAATTTTCACCAGGATTGCATTGAACCTCAATATCCTCACGGATGAATCTGATAGTTGCCATTTTTTTTGTTATTTTTCTTATTTTGGCGTTTTACTTTGAGAATTGTGACCAAAATATTAACAATTTTCAGCCATAATTTCCTTATAAACAAGCTCATAGCAATTGATTTACCCAGTTTTAGCAATAAAGTTAATTTATTTACAAAAATCCCTCAAAGACTAAAAAACCCTTACTATCATGTTGTTTAGCTGTTTATTCAGCATAGTTACTAGAAATTAACCGATGGGATTGCCTTGGTATCGAGTTCACACAGTAGTTATTAACGACCCAGGTCGACTACTTGCTGTGCATCTTATGCATACTGCATTATTAGCCGGCTGGGCCGGTTCTATGGCTCTTTATGAATTAGCCATTTTTGATCCTTCTGATGCTGTTCTCAATCCAATGTGGAGACAGGGAATGTACGTTATGCCTTTTATGGCTAGATTAGGAATCACAAGTAGTTGGAATGGATGGGATATTACGGGTGCTACGGGTGTTGATCCTGGATTCTGGAGTTTTGAGGGAGTTGCTGCAGCACACATAGTATTTAGTGGACTATTAATGTTGGCCTCAATCTGGCACTGGACATACTGGGACTTAGAGTTATGGGAAGATTCAAGAACAGGAGAACCCGCTCTCGATCTTCCAAGAATTTTTGGAATTCATCTTCTTCTAGCTGGAATTACATGCTTTGGCTTTGGAGCATTTCATTGCGCGAACGTGGGTATTTGGGTTTCTGACCCCTATGGTTTAAATGGCCATGTAGAAGCAGTTGCTCCTTCATGGGGAGTGGATGGATTTAATCCTTTTAATCCGGGTGGGATAGTTGCAAATCATATAGCAGCCGGACTTTTGGGAATAATTGGAGGAATCTTTCACATTACTAATAGGCCGGGAGAAAGACTTTATAGAGCATTAAAACTTGGTAGTCTTGAAGGAGTTTTAGCTAGTGCTTTAGCTGCTGTGCTTTTTGTATCTTTTGTTGTATCAGGAACAATGTGGTACGGTTCAGCCACAACTCCAATTGAGTTATTTGGTCCAACTAGATATCAGTGGGATTCAGGTTATTTCAAAACTGAAATCAATAGAAGGGTTCAAGCTGCCATTGATAATGGTGCTACAAAAGAAGAAGCATATGCTTCTATTCCAGAGAAATTAGCTTTCTACGACTACGTTGGAAACAGTCCTGCTAAAGGTGGATTATTTAGAGTTGGAGCTCTCGTTAATGGCGATGGATTACCAACTGGGTGGCAAGGTCACATTGCTTTTCAGGACAAAGAAGGTAATGAATTAGAAGTTAGAAGAATACCTAATTTCTTTGAAAACTTCCCAGTCATACTTGAAGATAAAGATGGCAACGTTAGGGCAGACATACCCTTTAGAAGAGCCGAAGCTAAGTATTCATTTGAACAAACAGGCATAACTGCAACTATCTATGGAGGAGATTTAAATGGACAAACATTTACAGACCCTGCTGTAGTTAAAAGATTAGCTAGAAAAGCGCAGCTTGGAGAAGCATTTAAGTTTGACAGAGAAACTTATAAATCTGACGGAGTATTCCGAAGTTCTCCAAGAGCATGGTTTACGTATGCTCATCTATGCTTCGGTCTGTTATTCTTGTTTGGCCACTGGTGGCATGCTTCAAGAACTCTTTACAGAAATTCCTTTGCTGGTATTGACGCTGAGATTGGTGACCAAGTTGAATTTGGTCTATTTAAGAAACTTGGTGACGAAACCACAAGAAGAATCCCAGGAAGGGTTTAAATTAAACTTTATTACTTAATCTTATGGAAGCCTTTGCTTACGTTCTTATTTTAACTCTCGCAGTTGTTACATTATTCTTTGCTGTCGCCTTTAGAGATCCCCCTAAATTTGATAGAAAATGAACTTTTCAAAAACCTCTTTAATTTAAGAGGTTTTTTTTTACTTTCCATTATTTACATATTAATCTACTATTAGAGTTAAAGTTCACTTTATTTCACCACATGCAGTGTCCAACCTGTCAAAATACAGATAGCAGAGTTTTGGAATCAAGATCTGCTGATAGTGGTAAAAGTGTTCGAAGAAGAAGAGAGTGCTTAAATTGCAGCTTTAGATTTACAACTTATGAGAGAGTCGAATCTATGCCAGTTTCAGTTATTAAAAAAGATGGTAGCAGAGAATTATTTGATAAACAAAAATTATTTACTGGTATATCAAGAGCTTGCGAAAAGACTAACTTCAGTAGTGAAGCAATTATTAATTTCGTAGATGGAATTGAATCACAAATTGTTCAAGATTCTAATAAAGATATAAAATCTTCACAAATCGGGGAATTAATACTTAAAAATCTTAGAAAAGAAAACGAAGTCGCTTATATAAGATATGCTTCAGTTTATAGAAAATTCAATGGGGTAAAAGATTTTATTTCTACTCTTGAATCTCTAAAAGGAAGTTCAAAAAACCAATTAGCTTCAATTTTTTAAAATTCAGCATCTTAAAGTGTAGAATACATAACACCAATCTTTTTGCTATTGGTTTGCAGGTCAATAGCATTCCTTTCTAACTACCTTAGGTAGTCTGCGATACAACAAATGAACGAAAATTCTTCCCCAACCATTAAAGAACTTTCTGAGGATCAAGAAATAAAAAATTCTTCTGAGTTAGATAATGATTCAGCATCCCAAAATGAGGAAGATTTATCATTCGAGAAGAGCGATATCCCTTCAGCAGATTCTTCCTCAAGCAGAACAAATACGGATTTTGACAACGCAGGATTCACACAAGAAGAATTTGCATCGCTTTTGGGTAAGTATGACTATAACTTTAAGCCTGGCGATCTAGTTAAAGGTACTGTTTTTGCTTTAGAGCCCAAAGGGGCAATGATAGATATAGGGGCAAAAACAGCTGCTTTTATGCCTGTTCAGGAGGTTTCAATAAATCGAGTTGAAGGACTTAATGATGTTTTACAACCTTCAGAAAGTAGAGAATTTTTCATAATGAGTGAAGAAAATGAAGATGGCCAGTTAGCCCTCTCCATTAGAAGAATTGAATATCAAAGAGCATGGGAAAGAGTTAGACAACTCCAAAAAGAAGATGCCACTATATACTCTGAAGTTTTTGCGACAAACAGAGGCGGAGCTCTTGTGAGGGTAGAAGGCTTGAGAGGGTTTATTCCAGGCTCTCATATAAGCGCTCGAAAAATTAAAGATGACTTAGAAGGTGAATATTTACCTTTAAAATTTCTTGAAGTTGATGAAGAGAGAAATAGATTAGTACTAAGTCATAGAAGAGCTTTGGTTGAGAAAAAAATGAATAGACTTGAGGTAGGTGAGGTTGTTGTTGGTTCTGTAAAAGGTATTAAGCCTTATGGCGCCTTTATTGATATTGGTGGAGTTAGTGGTTTATTACATATATCCGAGATCAGTCACGAACATATTGAGACGCCCCATAATATTTTAAATGTAAATGACCAAATGAAAGTAATGATAATTGACCTTGATTCGGAAAGAGGACGAATTTCACTTTCCACTAAAGCACTTGAACCTGAACCAGGCGATATGCTCACTGATCCTCAAAAAGTTTTTAGTAAAGCTGAAGAAATGGCTGCGAAATACAAGCAAATGTTATTTGAGCAAACTGACGACAATGAAGAAATTCCTTTAGCTTCCTCTTAAACAGTCTAAATTTACTTTTTTGATAAACAGACTTTATGGCAACCAATAAGTCTATTAATTCTTAAACAATTTTTTGTAAATTTACAATCAATTGATTAGTAACTATAGTCTAATTTAGGATAATTCTTATAATTCAAAATTCCATTTAAATGAGTGATTTCATCTTCACTTCTGAATCCGTAACTGAAGGTCATCCTGACAAAATATGTGATCAAATAAGTGACGCTGTTTTAGATGCTTTACTAACAGAAGATCCAGAAAGCAGAGTTGCATGTGAAACTGTTGTAAATACTGGTCTTTGCTTACTTACTGGAGAAATAACTTCAAAAGCAAAAGTCGATTATATAAAACTTGTAAGAAATATAATTAAAGAAATTGGATATGTAGGCCATAAAGCAGGTGGTTTTGACGCAAATAGTTGTGCTGTTTTAGTAGCACTTGACGAGCAATCACCAGATATTTCACAAGGAGTAAACGAAGC
CP138927.1_gap30	1178191	1182617	4426	AAAGCAGATAATAATTTTGATAAAACAGTTGCAGAAGCATACAAGAGATATAGAATTTCTCTTTCAAAAAATAATTCTTTAGACTTTGATGATCTCTTACTTTTGCCTGTTTTCTTATTGAGGCAAAATGATATGGTCAGAGATTACTGGCACAAAAGATTTAAACATATTTTAGTTGACGAATATCAAGATACAAATAAAACACAATATGAACTTATAAAATTAATTGCGGCTGGAAATACTGAACCAAAAAAATTCTTCAATTGGGAAGATCGGTCAATTTTTGTAGTTGGGGATGCTGATCAAAGTATTTATAGTTTCAGAGCAGCTGACTTCAGAATTTTAATTGGTTTTCAAGAAGATTTTAAAACTTCAATCAACGACGATACAAAATCATCTTTAATTAAATTAGAAGAAAATTATAGGTCATCTTCCAATATCCTTGATGCTGCAAACTCATTAATTGAAAACAACTCTGAAAGAATTGACAAAGTTTTAAAGGCTACTAAAGAAAAAGGGGAACTTTTAACGTTACTCAGTTGTGATGATGAAATTTCCGAGGCAGAAGCAATTACCAATAAAATAAAATCACTCAATAACTTTAATCAAACCCCAATTTGGAAAAATTTTGCAATTTTATATCGAACCAGAGCTCAGTCGAGAGTATTAGAAGAATCTCTTGTAAGGTGGCGCATTCCTTATACAATTTTTGGAGGATTGCGTTTTTATGATAGAAGAGAAATTAAAGATGCATTAGCATATTTGAAAGTTCTAGTTAATTCTTCAGATAACGTTAGTCTTTTACGAATCATAAATGTTCCTAGAAGAGGGATTGGTAAGACTACTATTCAAAAACTTAATGAACTATCTAATAGGTTAAATATCCCATTATGGGAGGTTCTTAATGATAAGCAAAGTCTTGAAGAAACAATAGGCCGATCATCAAAAGGAATTAATAAATTTACTGAAATTATGAATGATCTACTGTGTTACCTAGAAAACTCAGGTCCCGCTCAACTACTACAACTTATATTAGAAAAAAGTGGTTATTTAGGTGACTTGCTGTCTAGCGGGACTGAAGAATCTGAAGATAGAAGAAATAACTTACAAGAACTAATCAATGCAGCTACTCAATATGAAGAAGAAACAGAAAGTGGAGATGTAGAGGGATTTCTTTCTACAGCAGCCTTAACAACTGATAATGATACGAAGAAAAATAATCCTAACTCTGTAACTCTCATGACTCTGCATAATAGTAAAGGTTTAGAATTTCAAAATGTTTTTATCACTGGGCTAGAACAAGGTCTCTTCCCTAGCCATAGATCAATAGATACTCCCTCACTTCTTGAAGAGGAGAGAAGATTATGCTATGTAGGTATTACTAGAGCTAAAGAAAGAGTTTTCTTAAGTCATGCTAGAGAAAGAAGATTATGGGGTGGAATGCGTGAAGCAACAATTCCTTCAATATTTCTTTCAGAAATACCTGAAGATTTAATGGATGGCGAATTACCACAAACTGGTGGTGCTTCAATTAGAAGAGATTGGCATCTTGATCGTTTAACTAGAGTTGATCGAAACAATTCAAATGAATTTGTTAACAAACCAATAAATGCAGTAAGAAAATTATATTCAGGTCCCAGTAAAGGGAAAAGCTGGATAGTTGGAGATATGCTAATTCACTCAAAGTTTGGGAAAGGTGAAATCATACATATTTTTGGGAGTGGGGAAAAAATATCTTTAGCAGTAAAATTTGGTGATAAAGGAAGTAAAATTCTAGATCCCAGATTAGCTCCAATTCGTTATGTAAATTAAAACTTATGAATGATATCTCTGATTACATCGAAGGGGAATTAATCAAAACTCCATTTAATCTATATAACCTAATTGCTAAATACATAGAATCTAATAACAATACTAAAGTAGCTTTTGTTGGCGGTTATTTAAGAGATTTATTAATTAGTAAATTCCACAAAAAATCGTTTTCTAAACCTGTAGATATTGATCTTGTTATTGAAGGATCCTCTATTTCTCTAGCAAAATTTATAAAAAAAAATATTGTAAATGTAGATTTATGTTTAATCAAGGAATTTAATTTATATAACACTGTAGAAATAAATATTAATGACTATAAAATTGATATTGCTTCTGCAAGAAAAGAAATTTATTCTGCTCCAGGCTTAAATCCCACAGTAAATAAAAGTACTATTGAGGAGGATCTTAAGAGGAGAGATTTCACTATAAATTCAATAGCCTTCGAGGTCTCGACAAGGAAAATCTATGATCTTTATGGAGGAATTTCTGATATAAAAAGTAAAAGATTGAACTTACTTCACAGTAATAGCATTGCAGATGATCCAAGTAGATTAATTAGATGTGCAAAATATGCTTCAAGATTAGATTTCAATATTTCAAATAATTCCCTTAAACAATCTCAAGAAACAGTTAGACAATGGCCATGGAAAAGTTCAGAAACTCATCAGAAAATGATTTACCCTCCTGCACTAGGCATACGAATAAGGATGGAACTAGCTGAAATATGCAAACACGATAATTTGACTAATGTGATTTCGATAATTCATAAATGGGAAATTATCTCAATCTTAAATGAAAATATTAAAGTAGATAAAAGATTTTTAAGAGGACTAAATTGGATTAAGAAGTTAAAGGGAAATCATATGCTTTACTTATTAAAAGATTCAGAAGATTTAGAAAAAGCATGTCAGAGATTTTTAGTCAATAATAGGGAGATAAAAATATTAGAAGATTATATAAATATCAAAAAGATATTTAATACAAACCAAAAAAATTTCAATCATTTTTCTCCATCAAGTTGGACAGAATTTATTGAGGACAGAAACCTTAATGATGAGACAGTAAAACTATTAATTTGTGATGGAGGACGATACTGGCGTAAATTGTTTAAGTGGTTATTTATTTACAAATTCATAAAATCAAAAAAAGATGGAGAAACATTAAAAAAAGAAGGATGGAATCCAGGGAAGGAGATGGGAAAGGAAATCAAAAGATTAAGATATTTGGAAATTGACAAATTAAATAGAAATTAATTACATTTTTACAACCTCTCCAACCTTGTACCATTTATCCTTTAGAACATTTTCATATTTACGATTGCAACTAATCAACAAGGGGCCACATGTTTGAGGATCTAATAGTAATGATATTCTCTCGTTAAAAGTCTCTTGATCTAATGAATTTGCGTTTAAAAAATTAATTATTCTTTTTTGCTTGTTTACTTTATAAATTTTGTCAAAAATTTCTTTATTAGATTCAAAGAAAGTACTTTTAACATCTTTTCTTATTAAATCAAATACTCCAGGATAAGCTTTAAATGCAAATAAATCTAATAAAACTTTTAGTGGCTCAAGATTATTGCTTTGCCTATATAAATTAGATGATTCAACCATTTCTTTAAGGTGTCCAATAAATCCATATCCAGTAATATCAGTAGCAGCATTGACTAATGATTCTTTAAATTGATTTTGAAAAAGATAAATTTCATCAAGCAAATATTGCTGACTCTCTACTAAATTATTAATTACTTCAGAAGAACTACTTAGCATATTAATATTTTGCGTTTGACCAGCAAAGTAAATCCCAACGCCAAGAGGTCTAGACATCATGAGAATATCTCCAATATTCATTCCAGATTTAAGCCATGGTTTTGCTCCATTTTTTAAAATACCTTGAACTGTTAAAGAAATATCTATTCCTAATGAATAAGGTTTATTAACTAAACTTCTTGCCTCGAAAGTATGGCCTCCAAGTAATTCACTTCCATGATCCTCAACTGTTGATTTAATACCTTGAAGTGATTGAGAAAAGAGGTAAATCTGAAATTCCCTTTCAACTTTTGGTAATGAAATTAAAGCCTGCGCGGATGAAAGTTTTGCTCCGCTTGCCCACAAATCTGAGCAAGCATGCAAAGTAGTAATTTTTGCATTTAGCCAAGGATCACTTACCAAAGCAGGAAATCCATCTACACTTTGCAAGATAATATCTTGACCATTTTGATATATCTCAACTGAATCTTCAGGTGATGAGGCAAAAGAATTTAAATTAGAATTTATTAATGATTTATTCAAAACAAACTGAGGAATTTTAGCTGCACATCCTCTGCAATCATTCAATGAAATATTTTTTTCACTACTTTTCATAATTAGCCTTTTTGATCTGAACTTTTTCATAAAGTTGAGATCAATTTTATGCTTTAAAATCCAAAAAATAAAAGAAGGGCCAAAAACAAAATTGCGATAAATAGCAAAAGCCTTTGGTTGATGGCTTGGAAATATATTTACTATTTGCAATCCGATCTTTTGAGGAAACCACTTTTTTAATGATCTCCCTTCTATATCTTTTTTTAGATTTTGTACTAATGTGTTTACAACTTTTACGGCAAAAACTCCCG
CP138927.1_gap31	1186851	1190954	4103	TAGTTACTAATCTTATCGTTGCCCCAAAAGGCAGAAGTGGGGAAAGAAAACTCACATATGAATCTGGAATGGAGCCTATAGGAGGAGCATGGATTCAATTTAATATTCGCTATTACATGTTTGCCTTGGTTTTCGTTATATTTGATGTTGAGACAGTATTCCTTTATCCTTGGGCTGTTGCCTTCAATAGATTAGGCTTATTAGCTTTTATTGAGGCTTTAATTTTCATTGCAATTCTTGTTATTGCTCTGGCATACGCATGGAGAAAAGGTGCTTTAGAATGGAGTTAAAAAATTGAATCCACAATTATCGCCAAAAGCAATAAGAGAAATCCGAGAAGGAACTTGCAATCCTCTTGGTGCACCCCAAGTTACTACAGATTTAAGCGAAAATATTATATTGACAAGCTTAGACGATCTTCATAATTGGGCTAGATTAAGCAGCCTATGGCCCCTCTTATATGGAACAGCTTGTTGTTTTATAGAATTTGCTGCCTTAATCGGATCTAGATTTGATTTTGATAGATTCGGATTAGTACCAAGGAGCTCGCCAAGGCAAGCCGATTTACTAATAGTTGCAGGAACAGTAACAATGAAAATGGCTCCAGCCCTAGTAAGACTTTATGAACAAATGCCTGAACCAAAATATGTGATTGCCATGGGTGCCTGTACAATCACAGGGGGAATGTTCAGTGCAGATTCTACTACTGCTGTAAGAGGAGTTGATAAATTGATTCCAGTTGATTTATACCTTCCAGGATGTCCACCAAGACCAGAAGCAATTTTTGATGCTGTAATTAAATTGAGAAAAAAAGTTGGGAATGAATCAATTTTAGAGCGCACAAAAACAGAGCAAACTCATAGATACATAACATATGATCATGAAATGAATCTTGTTTTCTCAGAAAATACAGGTGAATATCTAAACAAAACTTCAGCTAACGTAATATCCCCCTCCAAGAAAGAAAAAATAACTGAATTACCTCAAAATACCAAAAAAAATGAAGTTATTTATTCTGAAGAAGATTAATGGAAAAAGACGGTATAGCCACACCCTCAGATAGTGCAATAGAAAAAGAAGGGTTTATAAGCCAGTCTTTGTCTAAAGATGGAATTCCAAATCAATCTTTACCTGATGATCACATAGGAATTGAAAACATTTCTGTTGAACCTAAAAAATTATATGAAGCAGTATCAGCCTTGAGAAATTACGGTTTCAACTATCTCCAATGTCAAGGAGGATATGACGAGGGACCAGGCAAAAATCTTGTAAGTTTTTACCATTTTATAACTGTCGATGATTTACAAAAAATCGAAAAAATTAAAGAAGTCAGATTAAAAGTTTTCTTAAAAAGAGATTCTGATTTATCAATACCTAGTTTGTATAAAATTTTCAAAGGAAGTGATTGGCAAGAAAGAGAAACTTTTGATATGTATGGAATAAATTTTATTGATCATCCCAATCCCAAAAGACTATTAATGCCTGAAGATTGGAGAGGATGGCCATTAAGAAAAGATTATATTCAGCCAGATTTCTATGAACTTCAAGATGCTTATTAGTTTAATTTTTTTAATTTGCGGTAAATAAACATAACTGCTCTTGCTAGTCTCCTTGGGTCATGTCTAAGAGTTGGAGTTATTCTTTTTGAATACAATGGTGCTTGCAAAACATAGTAACCTTCCGATAATAATTTTTCTTTATTACATTGGACAGGCTCTGCCCCTCTACTCTCGTAATAGTCTACTAATGGAGACTTTTCAAATGCAATCTGAGATAAGATTGAGTTAAAAATTCGAGTATTAACTCCAAAATTTGATAATTGTTTTTCTATCGCTTTGATATGTTGATAGACATCAAGTCCATCTGTTTCTCCAGGTTGAGTCATCAAATTACTTATGTAAATTTTAGGAGCATTACTCTGCAACAAGGCATCTACTATCTCTGGTACTAAAAGATTAGGCAATAAAGAAGTGTATAGACTACCTGGGCCAAGAACAATTAAATCAGCTTCTTTTATAGATTCAATAGCACTTGGAAGAGCTGAAGGATTTTCTGGTAGGTAACCAATCCTCGAAATAATTTTTTTAGATTTACTGATCTTGGTTTCACCAAAAATTTTTTCACCATCTTCTAATTCGGCCCATAACATCACATCAATATTTGTTGCAGGTAAAACTTGACCTTGGACCGCCAAAACCTTACTAGAGGCTTGAACTGCTTTTTCTAAACTGCCTGTAATTGTTGTTAAAGCAGACAAGAAGAGATTTCCAAAACTATGACCTTCCAGCCCACTTCCCCCTGAAAATCTGTACTGAAATAATCTAGTTAAAGTAGGTTCTTCGTTTGATAAGGCTGCCAAACAATTTCTAATATCTCCTGGAGGTTGTACACCTAATTGTTTTCTGAGAATTCCACTACTTCCACCATCATCGGATACAGTTACGATTGCTGTAATATTACTACTGTAATTTTTTAAGCCTTTCAATAAAGTAGATAAGCCTGTACCGCCCCCAATTGCAACAATATTTGGGCCTCTGTTTAATTTACTTTTAACTCTTAATGCATCAACTAAAAATGTATCTTTTTCTGGAACAAGCGCTTTTTGAATAGAATTAATACTTCTATTTTGTCCAATCCCTATTAATAATATTCCAATAACAAAAATTAATGGTCCTATGAATGAAACAGGAAAAATATTAGTTAAACCGGTGATTACAGAAAAAAAGATTTCAATAAGCCAATAGAGCGGTCTTAAATTTGTCCAAATTGCCAAGCCTAATAATGTTGTCAAAAAACCTAAAGCAGATGTAAACATCCATCTTTTTATTACCAATCCTGGCAAAAGCCAACTCAAAATTCTTAAGATTTTGTTTAACAAGGCAAAATTAGTCTTTTTAAAATTTTTATAGTACCTTCTTACCCTTTTTTTACGATTATTCATCAAAAAACCTCTTAAATTATTTTTCTCTAATTTAAAGATTATATAAAATCATTATAAATCAAATTCATACATGCTTTTTTTATTTCTAAAAATAGGCAAAATAAAATATATAGATGTTTTAATATAAGTTTTGAAAAAATCAAAGCATGCAGTTGAAACGAAAAACCTCTCAATAAGCTGGGGGGAAGTTAATGTGCTTAATCAAATAAATTTTGAACTTAATGATGGAGAGAAATTGGCGATTGTTGGGCCCTCAGGTTCTGGTAAATCAACCATATTAAAAATTTTAGCAGGACTAATTTTACCTACCAAAGGAGAATTAAGAATATTTGGTGAGAAGCAAAAATATTTGAGATTAGATCAAAATAATCCTCCTGATGTAAGACTAGTTTTTCAAAACCCTGCATTATTGGGATCTTTAACTATTGAGGAAAATGTAGGTTTCCTTCTTAAAAAAAATAAAAACTTATCTAAAGAGTTAATTCATGAAATCGTATCTGAATGTTTAGCTGAAGTAGGATTATTTGATGTTGAAAATAAGCTCCCAAATGAATTAAGCGGAGGAATGCAAAAAAGAGTAAGTTTTGCTAGAGCTTTAATTACAGATCAAACTCTTAATACGAAGACAAATCCTTTATTACTTTTTGATGAACCAACTGCAGGTCTTGACCCAATAGCCTCATCAAGAATTGAAGACTTAATTAATAAGACAAACGATAAAGCAAATGGATCATCTATTGTGGTTAGTCATGTTCTTAGTACTATAGAGAGGACATCAGATAAAGTATTAATGCTTTACGGAGGCAAATTTAGATGGTCAGGTACTATTGAAGAATTTAAAAAGAGTAAAGATCCCTATGTATATCAATTTAGACATGGGAAACTTGATGGCCCAATGCAACCCCAAGACATTTAAAAATTATGCGTAGAAGCTTACGAGATTCAATAGTTGGATTTTCCTTATTAGGAGGGATTTTAATATTCACATTTTTTTCTTTTTGGCTAAGAGGATTAAAATTATCTTCAAAAAATTGGCATCTATTTGCTGAATTTAATAACGCAAGCGGTTTATCAAAAAAATCTCCAGTTACTTACAGAGGAATTTTAGTTGGATCCATAGAAGATATTTTATTCACTAATGAATCAATTCAAGCAAAAATAG
CP138927.1_gap32	1204386	1207783	3397	TTTCTAATAAATTAATTTCAATTAATGCCCTTAGAACTCCATTTGGAGTTAGCCAACAAGTTTTGATAACTTTATTTTCTGAATTAAGAATATTACTAGTTGTTATGCCATTCAAAAATTTCCTGGCATCTAATCCAGTAACAGAAAAACAATCAAATTTTTCAAGCCAAAACTTTTTTTTTATTTCTTGCATTTTAAAATAATCATAAAAAGTCTTTTATTGTAAAAAGACTTTTTAATTTGACATTTTCATCTTCAAGGGCTTCTAATCCCCCTTCTTGCCTATCAACTATAGACAAAACTTCCTCAACAACATAATTATTTTCGCGTAACTTTTTTATAGCTTTTATCACTGAACCAGCAGTAGTAACAACATCCTCTAAAACAGTTACCAAAGTTCCTTCTTCTAATGAGGGGCCCTCTATTCCAGCTTTGGTACCATATTTTTTGACTTCTTTACGAATTATTAACCCATCAAGGTCTAGCCCATGCAAAGCGGCTTTTAGAATTAATCCACTTACTATAGGGTCTGCACCTAATGTCAATCCTGCTACAGCTTTTGATCTTGAGTCCTTTAACTCTAAAAATAAATCACTTATTAAGTTTAAGCCTTCGCCATTTAATGAAACTGGTTTACAGTTCAAGTAATGAATGCTTTTTTTTCCTGAAGATAAAGTGAAGTTTCCTTTCTTATAAGATTTTTCAATTAACTGTTTTAACAATTTTGCTTTTTTTAAATCATACTTATCTGAAAATTTGCCCATTAGTAAAAGTTAAATTTATATCTAAAGATTAGAAGAAAAAAAGAAATCTCACAAAAACTTCCTAATGAGGTTTTTTTTGAAATATTATTTTTATATTGTATATTGAAATTCAATGTAATTTAAAATTACATAAATCCCATTGGGGGTGTAGCAATCTGGTGAATGCACCAAACTCATAATTTGGCTAAGGCGAGTTCGATCCTCGCCACCCCCATTATTCATTTGTCATTGAATGAAAATAACTCTTCTTTTAATAATATTATTTTTCCCAGCTTTTTTCGCAGCTAGTGAACTATCTTTTTTACTAATAAGGCCAAGCCAAGTTTTAAGGCTAATAGAAGAAAAAAAGAAAGGAGCATTTTCTATTCTAAAAATTCAAAAAAGATTTAGATCCTCCTTAATTGCATCTCAATTTGGAGTAACAATTTCATTGATTGCTATTGGGTGGCTCAGTAATAGCATGGCAAATGATTATTGGAAAAGAAATATTTTACAAAATAGATTTTATGATCTTATGCTTTTTTTATTTGTGGTTTTAGTAGTTACTCTGGTCTCTGGACTAATTCCTAAGGCCTTAGTAATTAATAATCCAGAATCTGCTGCACTAAGGTTAACCACCATATTCGATGCAGTAAGAAAAGGCATGCAACCAATAATTACAATAATCGAATTCTTTGTAAGCGCTTGTTTAGGCTTATTCAATTTAAATAACAAATGGGATTCTTTAAATTCGGCTTTATCCGCAAGCGAATTAGAAACTCTTATAGAGACAGATAACGTTACTGGTTTAAAACCAGATGAAAAGAATATTCTTGAAGGAGTTTTTGCTCTAAAAGATACGCAGGTAAAAGAAGTAATGATTCCAAGATCTGAAATGGTAACTTTGCCAAAAAACATAACCTTTTCAGAACTTATGAAACAAGTAGATAAAACTCGCCATGCACGCTTCTTTGTGATTGGTGAGTCTTTAGATGATGTATTAGGTGTATTAGATTTACGTTATTTAGCTAAGCCAATATCAAAGAGTGAAATGGAAGCTGATACATTGTTGGAGCCCTTCCTTTTACCAGTGACAAAAATAATAGAAACATGTTCATTAGCAGAAATATTTCCGATAGTAAGAGACTACAATCCTTTCTTACTTGTAGTTGATGAACACGGTGGAACAGAGGGGCTCATAACTGCAGCTGATTTAAATGGAGAAATAGTTGGAGAGGAAATGCTTAACAATAGAGTTTATTCAGATATGAGAATGTTAGATAATTTTTCTAAAAAATGGTCAATAGCTGGAAAATCAGAAATTATAGATATCAATAAAAAGTTAGGATGTTCTATTCCAGAGGGTGCAGACTATCATACCCTTGCTGGATTTCTTTTAGAAAAATTTCAAATGGTTCCAAAAATTGGCGACGTTTTAGAGTTTAATAAAACTAAATTTGAAGTTATTTCTATGTCAGGTCCGAAAATTGATCGTGTTAAAATAATTCTTCCCAAAAGCTAAATGTGGCGCCCCATAGAGGATAATAATAAATAATATTTAAATTTGGAATTATGCAACCAACCTCATCACCCGTAAAGGTTGGAGTCATAGGGATAGGGAATATGGGCTGGCATCATGCTCGTGTACTCAGTTTACTGAAAGATGCAAATCTCATTGGAGTCGCAGATCCAAATGAAGAGAGAGGAAAATTAGCTATTGAGCAGTTTAATTGCGAATGGTTCGAGGATTATAAGGACCTAATTCCAAAAGTTGATGCTATCTGTATCGCTGTACCTACACTACTTCATCAAAAAGTAGGACTAGATTGTCTAAAGGGAGGTACTAACGTTCTCATTGAAAAACCAATTGCAGCAAACGAGTTGGAAGCAAAATCTTTAATAGAGGCCGCTAATGCAAGTAATTGTCTATTACAAGTTGGGCATATTGAAAGATTTAATCCTGCTTTTAGAGAATTAAATAAAATAGTAAATAATGAAGAAATTGTTGTTTTGGAAGCAAGGAGGCACAGTCCTCATGCAGATAGAGCAAATGATGTTTCTGTAGTAATGGATTTAATGATTCATGACATTGATCTTATTTTAGAGCTTGCAAACTCAAAAATACAAAAATTAGCTGCTGTTGGAGGAAGAAATAGCGAAGGATTGATAGATTATGTCAATGCTACTTTAGTTTTTAAAAATAATGTAATTGCAAGCTTAACTGCCAGCAAAATGAGTCACAAAAAAATTAGAACTTTAAGTGCTCACTGCCAAAATGGTCTAGTAGAGACTGATTTCTTAAATCACTCTTTACAAATCCATCGAAAGTCTCATGAATCATACACAGCAGAGCATGGAGAATTAGTTTATAGAAATGATGGATATGTCGAAGAAGTTAGCACAACTTCCATTGAACCTCTTTATGCAGAACTGGAGCATTTTCTTAAATGCGTTCAGGGCAAAGAAAAGCCTGAGGTAGATGGGGAGCAAGCCTCAAGAGCATTAAAAATTGCTGATTTTATAGAGAGTGCTGTAGATAATTCTGGAGATGCGATTTTACTTGAAAATCCCTTCTAATAAAAACAATTTAAACTAAAAGAATTTTTATTTAAATCCAACTGCAGCTTGCCAAACAAATACCAATAAAAAGAAGA
CP138927.1_gap33	1211610	1213786	2176	CTTATATTTGAACTAATAAGATTAATTAAATTGGAATCGATTTGATGAAATCCATGGAATTCTAATAATTCACATAATTCAGAAGACTTACTTTTTACCTTTTCATAAATAATCCTAGAAGCATCTATGGGCACGACGTCATCGAATAAACCATGACTAATGATTAATGGTGAGCATTTTTCTCCTGGGAACCAGTTGGGGTGAGGATAACCACTACAAGCAACAATTAATCCAAAATTTAATTTCAATCCTGCATCAATCGCCATTGCCGCCCCCTGAGAGAAACCCAACAAAATTGTTTTTTTTAATGGAATCTGATCAGTATCAAATTTTTTTAATGTAACTAAAAGTCTATTTACTTCCACCTCAGCTCCGTTCCAATCATGTGGGTATAATCCATACCACTGTCTTCCCTGACCACTTGGATGTAATCCAGGAGCCCTCAAAGAAATTACCTCAAAATCAAGATTTATTTTTTCTCTCAACTCCTTACCAAATATTAAAAGGTCATCTGAATCAGCTCCCCAACCATGCATCAAAATAATTCTATGAGTTGCAGTTTGAGAGCTAATCGAGACAAATTCATGATCGATGTCATATTTCATGTTTATATTCTTAAGTAAGTTAACTTTCCCATAATGTCACCATTAGCTTTAGTAAGTGTCTCTGATAAAAAAAATATAATCCAATTTTGTATGGAGTTGGTTGAAAAATTTGATTATAAAATTCTATCAAGTGGAGGAACTGCTAAACATCTAATAGAGGCAAAAGTTCCAGTTATTAAAGTTACAGAGTTCACTAATTCTCCTGAAATTCTTGGAGGAAGAGTAAAAACTTTGCACCCAAAAATACACGGAGGAATATTAGCCAAAAGAACTGATGAGGAACATAAAAGAGATATAGAAGCTAATGATCTTGAATTAATTGATTTAGTAGTTGTAAATTTATATCCTTTTAAAAAAACTGTAGAAAGCGGATCTAAATGGGAGGAAGCTATTGAAAACATCGATATCGGAGGACCATCAATGATTCGTTCAGCAGCTAAAAATCATAAAGACGTTTCAGTTTTAGTCGATCCAAGTCAGTATCAAAATTTTCTTGAAGAAAGTAAAAAAGGTAATTTAAAGGAGTCATACAAAGCAAAATTAGCCCTTGAAGCTTTCCAACATACAGCAGACTATGACACTGCAATATCTAATTGGATAAGAAAAGAAAAAGGTTTTGAATCCTCCAAATATATTGAATCTTATCCACTTATCAAAACCTTAAGATACGGGGAAAATCCTCATCAAAAGGCTTTTTGGTATGGTCTCAGTAATATTGGATGGAACTCAGCAGAACAATTACAAGGTAAAGAGTTAAGTTATAACAATTTATTGGATCTTGAATCTGCCGTCTCAACAGTTCTAGAATTCGGCTATGAAGAAAAAGTTAATCCCAAAGAAAACACTATTGCATCTGTTATTTTAAAGCACAACAATCCTTGTGGAGCATCTATAAGCGATTCTACCTCTAAAGCATTTTTGAACGCTTTAGAGTGTGATTCAGTTAGTGCATTTGGAGGAATAGTTGCTTTTAATTCAAATGTCGATACTGAAACCGCAATTAAACTTAAAGATATTTTCTTAGAGTGTGTAGTAGCTCCATCTTTTGATAAAGAAGCTCTAGAAATTTTAAAAATCAAAAAGAATTTAAGAATTCTAAAGTTATCAAAAAATATGCTTCCTAAAAAGAATCAAACTTCTAATAAATCCATTATGGGAGGATTACTTGTTCAGGATACTGATGATAGTGAAGACAAAAATGAAAATTGGATTTCAGTAACTAGAAATATTCCGAGTAATCAAATAAACTTTGATCTAAATTTTGCATGGAAAATTTGTAAACACGTGAAATCAAATGCAATTGTTATTGCAAAAGGCCAAAAAACCATTGGTATTGGAGCTGGACAAATGAATAGAGTTGGAGCCGCAAGAATTGCATTAAAAGCGGCGGGAAGTTTATGTTCTGATGCAGTCTTGGCGAGCGATGGATTTTTACCTTTTGCTGATACTGTCGAACTTGCACATGAGTATGGTATCAAAGCTATTATCCAACCTGGAGGTAGTCTCAGAGACCAAGAAAGTATTGATATGTGCGATTCGAAAGGAATTTCAATGGTATTTACGCAAAAAAG
CP138927.1_gap34	1214856	1219030	4174	TTAACATCGTTCTTTCAAAAACTTTTCCAATTTCTTCAGTCTCACTTTTAAGCATAGTTGTCTGGTTAGCAACTCCCACTCTATCTAAATCTTGATCAGGATCGAATCCATTAGAACAAGCTTTAGCAAATTTGTTCATAAATTCTTTTCTATTACCTCTACCCATAATGTATTCAGATACATAATTTGCTTCTTCTAGATCAAGTACAACTAAATATTTATCTGCAAATGAACTAGTAGCAAGAGTCTCCTCATGCTTAAATTTTCCATGGATTATGGATGTGAAAACATGTTTTTTATGTTTCTCCACAGTATGCCAAACCTTAGAAACCCATGGACAAGTTGTATCTATGATATGACAACCTTTCTCATGAAGGAGTTTCATCTCTTGAACAGTAGCTCCGAAAGCAGGCAGAATAACTACATCACCATTAGAAACTAACGAAAAATCTTTAATTCCATTTTTAGCTGAAATGAATTTTACATTCATTTTCCTTAAATGATCGTTAACTGAGGGATTATGAATTATTTCGTTTGTTATCCAAATATTCTCATTAGGGTAATGTCTTCTAGTCTCATAAGCCATTGCTACAGCTCTTTCAACACCCCAACAAAACCCGAAGGCTTGAGCCAACTTAATGTTTAACCTGCCTTTAGTATAAGTAAAACCATTATCTCTTATAGAACTTATCAGATCACTTTGATAAGCTTCTTCTAAAGCTTGAGCTCTTTTTGTTGGAGAATCAAAGCCTCTTCTATTATATCTATCAGAATGATGAAGGGACCTTCTAAAAGCTTGTGTATCCATCTTTTGATATTACAACATTTCAAATAATTTTCGTAAAAAAAAAGAAACCTGACATAAGTCAGGTTTCTAAAGTAAATTTTAAATTTGATTATTTAGCAGATGCAAAGTCTGGATATGCTTCCATTCCGTGCTCTCCTATATCTAGGCCTTGAGTCTCTTCCTCTTCAGATACTCGGATTCCACCGAATAATCCTCCAATTACAGACCAAGCAATCCAACAAGTAACTAGTGTCCAAATAGCATATGCTGCTGCACCAAGAGCTTGAACAAGAAGAAGGTTAATACCTCCACCATTGAACAATCCCATACCAGCACCATCTCCTTGAACAGCTGTACCCCATAGACCGATAACTACAGTACCCCATACACCACAAACTCCGTGAACAGAGAATGCACCAACAGGGTCGTCTATCTCAGCAGCATCAAGAGCTGCAACAGAGAATACAACGATAATTCCACCAACTAGTCCTGCAAACCAGGCTCCAGCAAGTGTCATATCGCCACAACCAGCAGTGATACTAACTAAACCAGCAAGGATTCCGTTAATAATCATTGTAAGGTCAGGCTTACCAGAAGTTAATGTTGAAACAATAGTTGCTCCAATAGCTCCAGCTGCTGCTGCCAAAGTAGTTGTTACAGCAACATATGGAACCCATTGGTCCATAGCAAGTTGAGAACCGGGGTTAAATCCATACCAACCTATCCATAGAACTAATGCACCCAAAGTAGCTATGGCCATGTTGTGACCTGGCATAGCCTGTGGTTTTCCATCAGAGTATTTGCCAATTCTTGGTCCAAGAAGCATAGCTCCTACAAGACCTGCCCATGCTCCAACTGAGTGAACAATTGAAGAACCAGCAAAATCAACAAAACCTAAAGAATCAAGCCAACCACCATTCCATTTCCAGCTACCAGCAATTGGATATATAAATGCAGTTAATACAATAGCAAAAACAACAAATTCTCCAAATTTAACTCTTTCAGCAACAAGACCGGAAACGATAGTTGCCGCAGTTCCTGCAAATGCAGACTGGAACAAGAAATCAACAGTTGGAACTAACCCAGCATCAGTTACCATATCTGCAGTAACTGTTGGATCAAAAAATAGGCCTCCAAAATAAAGCCATCCGTCAGCAACACTTCCTCCGTACATTAATGAATAGCCGATAAACCAATAAGAAGTTACAGCTAGAGCGAATACAAAGAGGTTTTTAGCAAGGATGTTAACAGCGTTCTTAGAACGGCACATACCTGCCTCAACCATAGCGAAACCGGCGTTCATAAAGATCACTAGAATAGTAGCGATCAAAAGCCATAAATTGTTAGCAAGAAAAGCTGCATTCAACTCAGGTAAATCAGCTGCGTGAGCTGAAAGATTAAAAATACCTAAACCAAACAAAGCTAGGGGAACAGTTGCAAGCCACAACATAGAGCGGTTTGAACTAAATCCTCGAATACTCCTCAAAAGGAGCATAGGTCCATTAACAAGACTTGCATCTTGAAGTTTGGACCTAGAGCGCCTTTGAGGCGTTTGCAAAGCAGTGGTCATAAAAAAAAATTAGATCTGCAAAAAAACAGTTTGTGCTGTTTCCTTTCAAATTTAAATTTATTCAAAAAACTTATCCGTGTCTAGTAGTTGTTTATACCATTTTTATAGTTGCACCCTAAAAAATTATTTGTTAAATTGAAAAATTATTTTTTTTGGATTTCAAAATATCAAGTTTTTTATTTATTTCAAAGGTTTAATTCCATTCCATGATACGTGGTCTTTATGAAATTCAAAAGAACATGGGATTGTTATCATTCCTACACTTAAAGATTCTCTAAAAAGATTGCCATATAAGGGATCTGCTTCATCTCCAGGGGCAAAGAAACAAGCGTCTTTTCTCGTCATACATAGTATTAAAACACTTTTACTTTCAGGTATTAATTCCTTTAATTCCATAAGGTGTTTTTGCCCTCTTTTCGTTACTGTATCTGGGAAAAGAGCTATATTTTCTTTAATCCAAGTCGTATTTTTAACCTCGATGTAAATGTTACGTTTATCAGGATTTGAAGATTTTGGAGTTAAAAAAAAGTCAATTCTGCTTTTTTTATCTTTTCCATAGGGAACTTCAGATTTAATTGTCTCTATTTCTCCAATGAATTCTTTTAGAAAATTTTTCTCAATAACCTTTTTGATTAATTTATTTGCGAATAAAGTATTAATTCCCACCCAAACCTCATCATTTTTAGAATTGGAAACACATATCTGTTCCCAAGTAAAAGGTAATTTTCTTTTTGGAGAAGGGGAATAACTTATTCTTACTTTAGCTCCCTCACTCAAAAGTCCCTTCATTGGGCCTGTATTAGCACAATGAGCAGTTACTATATCTCCACTCTCTAATTTTATATCTGCAAGAAACCTTTTATACCTCTTAATTAAAACCCCTTCGATTAATGGATCAAATTCAATTATCCGATCATTCATAAATATGTCGTTAGTTAAAAATCAAATATAATTGAAACTTAAACTTCTTGAAAAATTTAGACAAATCCAAATGCATTCGTTTTTAAAAAATAATGTTTTTTCTATTTCGTTTGGTACTAGTCTTAGTAAATTAGCTGGATGCATAAGACAAATATCTATAGCCGCTGCTTTTGGAGTTGGGGTAACATACGACGCATTTAATTATGCCTATATAATTCCTGGTTTTTTGCTAATAATCGTTGGAGGGATTAATGGTCCCCTACATAACGCAGTCGTTGCAGTTCTAACTCCTCTTAACAAAAAAAATGGAGGGATTGTTTTAACTCAAGTAAGTATAAAACTTTCAATATTATTATTTGGTTTAGCTATATTGATTTATTTTAATTCCAGATTATTAATTGAATTACTAGCCCCCAATTTAAGTTATGAAGCTAAATCTATTGCAACTTATCAATTAAAAATACTTACGCCTTGTATTCCATTATCTGGCTTCATAGGTTTAAGCTTTGGCGCCTTAAATTCCCAAAAAAAATTCTTTTTATCAAGTATAAGTCCAGCAATAACTAGTCTAACCACTATTTTTTTTATTTTATTAAGTTGGATTTTCAACCAAGAAAATGAATATTCTCATTTCTTTACTTATACGGGATTACTTGCTTTTGCAACTTTGACAGGAACTTTAATTCAGTTTGTTATTCAAATTGCGGAAATAAATAAAATCGGTCTTTTGATACTAGAGTCAAACTTCCAATTATTTAATGATGAAGAAAAGAGGATTTTTAAACTAATTATTCCAGCATCTATCTCATCAGGTCTCAGTCAAATTAATGTTTTTATCGATATGTTTTTCGCTTCAAGTTTTCAAGGAGCAGCATCGGGACTAGCATACGGAAACT
CP138927.1_gap35	1246254	1248574	2320	GTAGTAGATGTTCTAAGACGCTCTTAATATTGTTTTATTATTAGTATTATAGATTTATTAAGGATTTTTTATCGTGAACAAACGTTGGAGAAACGTAGGACTTTATGTCCTAGCCGTTATAACTGTAATTTTCATTGGTACTTCAGTTTTTGATAAACCTAGTACTGAAAGTTCTACAAAGACCTTGAGATATAGTGATTTTATAGAGGCAGTACAAGATAAAGAAATCAGTAGAGTCCTAATATCTCCAGATAACGCCACAGCTCAAGTTGTTGAAAATGATGGGAGCAGGTCCGAGGTCAATTTAGCCCCTGACAAAGATTTATTAAAAATACTGACTGAGAATAATGTAGATATAGCTGTAACCCCTACAAAATTAGCCAACCCATGGCAGCAGGCTGTAAGTAGCTTAATTTTTCCAGTACTTTTGATTGGAGGCCTATTTTTTCTTTTCAGAAGATCCCAAAGTGGTAATGCTGGAGGTGGTAACCCTGCCATGAGTTTTGGCAAAAGCAAAGCTAGACTACAAATGGAACCATCTACACAAGTAACTTTTTCAGATGTTGCTGGTGTAGAAGGTGCAAAATTAGAACTCACAGAGGTTGTAGATTTTCTTAAGAGCCCAGATAGATTTACTGCAGTCGGAGCAAAAATTCCAAAAGGAGTTCTTCTTGTTGGTCCTCCTGGTACTGGAAAAACATTGTTAGCTAAAGCAGTAGCTGGAGAAGCAGGTGTACCTTTTTTCTCAATATCTGGTTCAGAATTTGTAGAGATGTTTGTTGGGGTTGGAGCTAGTAGAGTTAGAGATCTTTTTGAACAAGCTAAAAAGAATGCTCCTTGTATCGTGTTTATAGACGAAATAGATGCAGTTGGAAGACAAAGGGGAGCTGGTATGGGCGGAGGAAATGATGAAAGAGAACAAACATTAAATCAACTCTTAACCGAAATGGATGGTTTTGAAGGTAATTCAGGAATAATAATAGTTGCTGCAACCAATAGACCTGATGTCTTAGATTCAGCTTTAATGCGTCCTGGTAGATTTGATAGACAAGTAACAGTAGACCGCCCAGATTATGCTGGAAGATTGCAGATATTAAATGTTCATGCGAAAGATAAAACTCTTTCAAAAGACGTTGACTTAGATAAAGTTGCCAGAAGAACACCAGGATTTACTGGTGCAGATTTAGCTAATCTTTTAAATGAAGCAGCAATACTAGCAGCTAGAAAAGATTTAGATAAAGTAAGTAATGATGAAGTCGGTGATGCCATTGAAAGAGTTATGGCTGGGCCAGAAAAGAAAGATAGAGTCATCAGTGATAAGAAGAAAGAATTAGTTGCTTATCACGAAGCTGGTCATGCACTCGTTGGAGCATTAATGCCTGATTATGATCCAGTTGCAAAAGTTTCAATCATTCCAAGAGGTCAAGCCGGGGGCCTAACCTTCTTTACACCAAGTGAAGAAAGAATGGAATCTGGTCTTTACTCTCGTTCTTACCTACAAAATCAAATGGCTGTTGCTCTTGGTGGAAGAGTTGCTGAAGAAATAGTCTATGGCGAAGAAGAGGTAACAACCGGAGCTTCGAATGATTTACAACAAGTTGCCAATGTAGCAAGACAAATGATCACTAAATTCGGTATGAGTGACAAAATAGGTCCAGTCGCTCTAGGTCAATCTCAAGGTGGAATGTTTCTAGGAAGAGATATGAGTTCTACAAGAGATTTCTCTGAAGACACAGCCGCAACTATTGATGTAGAGGTTTCAGACCTTGTTGATGTTGCCTACAAGAGAGCTACAAAAGTCTTAACAGACAACAGAACTGTTCTTGACGAAATGGCTCAAATGCTAATCGAAAGAGAAACTATAGATACTGAAGATATCCAAGACTTGCTCAACCGCTCAGAAGTAAAATCCGCAAACTATATTTAACGCGGAATTTTAAATTTTTAATGAATAATAAAGAAGATTCTCTTTCGGATTTCCTGAAAATTGAGTCTTTTTTTTTACTTATAAAACCTGAAGATAATATTTACTCAAATACCTCTATAAGAAATTTATTTTTTGAAGAATTAGAAAACTTAGTAAAATTAGGGTTAAAGAATATTGAAATAAGTTGGTCTAACAACGAAAATTGGTTCGATTTTGTATCCGATATCAAAATTAAATATCCAAGAATTAATTTAGGCTCTGCCTCCATAGTTAATAAGCAATCAATAGAAGATTCTTTAAAAATTGGATTAAATTTTTCAATGATGAAATTTTGGGATAAAGATCTTTTCAATTATGCGCAGTCAAAAAATTATTTATTAATTCCAGGAATTA
CP138927.1_gap36	1355539	1356141	602	TCATACTTTTCTTAATAAAGACATCGAATTTTTCCATAATTGTGTTCCAACTGCTGAAAATATAGCTTTATATATTTCTGATATTCTTAAAAAACCAATACATCAACTTGGTGCAACATTACACAAAATAAGACTCCAAGAGAGCCCAAATAATGCTGCAGAAATTTATGTTGATCAAAAGTTAACCAATTCATTAAAATTGAAATTTGAAAATAATTTAGTAACACAAACTTGAGTATCCCAAGAGTAATAATTGTTATAGCATCAAGTCTTGATGGTAGAATTGCATTTCCTGAAGGTGGAGAATCTCATCTTGGAAGCGATGAAGATAAAAAAATATTAAATCAAAACTTATCAATGGTTGACGCCACCATTTTTGGTTTAGGTACTTTAATAGCTCATCAATCAACTTACCTAGTTAAAAATCTCAATGATAATGACGAAGTAAATATATCAAAAAGACAACCAATTTCTATAGTTGCTTCAAATAGCAAAAAATTTAACAGTAATTGGAAATACTTTCGTCAACCAATTAGAAGATGGCTAATAAGCTCAAGTAAAGTTGATAATTCGTCGAATAATGAATTCGAAAAAGAACTCTT
CP138927.1_gap37	1358490	1360991	2501	CCTCTGGAGATACTTTATTTGGCAAATGAAAAGCTGCAGTTCCTTCCTCAGGTGAAAAAATAAAAACTCCAACATGATCAAATTTGTGCCTATCCAAAAATTCGAGAAGATGTTCAAAATGTTCTTTTTTTTCTCCCGGGAAACCAACAATGAGACTAGTTCTTAATACAGCAGATGGAATTTCTTCTCTAATTTTTTCCAAAATTGATTTATTCAAAGAAGCTTGCCAAGGTCTATTCATACTCTTCAAAACATCTGGATGACTATGCTGAAGCGGCAAATCAAAGTAAGGCACAATATTCTTTGAATCTTTGAAAGCTCTAATAACTTCATCAGTTAAACCTGTTGGATAAGCATAATGTATCCTTATCCAAGGAATTGAAACTTTAGAAAGCTCATTCAAAAGTTTGGCTAATGATGGTTTTCCATAAATATCCTGACCATAATTAGTTGTTATTTGACTAATTAAAATGATTTCTTGAATACCCTTTTTTGCAAGACTTTTGGCTTCTGAAACTATAGATTCTATTGTTCTACTTCTTTGAGGTCCTCTCAACTTAGGAATAATACAAAAAGCGCAATTATAGTTGCAGCCTTCAGCAATACGAAGATAAGCAACAAATTTGTTTTTATCTACAAAACGAGGCATTTCCTCATCTGCAATAAATTCAGGTATTCTTGAAACTTCATTAACGATTTCCCCTTTTTCTACTCTGTCTAAAACCTTGGCTATCTTTTGATAATCTCCTGTTCCAACCAAACCTTTTATTTCAGGAATTTCTTTTATAAGCTCATCTTTAAAATGCTGAGCCATACAGCCTGCAACTATTACTTTCTTTCCTTGATTTGTATATTCTAGAATTTTTCTAATAGATTCTTCTCTAGCTGTTTCAATAAAACTGCAAGTATTTACAACAACGACATTTGCATCATGTATATTGCTGTCAACTTTATAACCCTCTTTATCTAATAAGCCTTGCATATGTTCAGTATCAACAAGATTTTTCTCACATCCAACATGACTGAATGCAATCTTAGATAGTTTTTTTTCTTTTAAATTGAGACTATTTTGCTTCACAACTTGAAAAATAAAAATTAAAAGATTTAAACAGCATTTCGTATATAACTCTCATGCCAAGATAATATTAGGATAGATAATGTAAATATCAAACTTTGATTTTATATGGCGCTTAAGACTTTAAACAGAAGAAATAAAAAAGATTTGAAATGGCCAAAAATCATAATCGCAATTCTTAGCACTATAGGCTTAGTTGACACTGGTTCGATTACTTTAAAAAACTGGGGATTATTTACTTCGCTTTCATGCCCAGGGATAAAAAATGGTTGTGAAACAGTTTTAAATAGTCCTTGGGGAACTTTATTTGAAAATAATCAAGTTAATATACCTCTCTCATTAGCTGGATTCATAACATATTTATCAATAATAATTATCACAATAATACTCTCGCTTAATTTAATTTCCCCAAAAGAAAAACTAAATAAGTTTTTATGGTGGTTAGTATTTCTAATTTCTTGTGCGTCATCAACATTTAGCTTTTTATTGATAAATATAATGTTTTTTAAGATTCAAGCATATTGCTTTTTTTGTATACTTTCAGCAATTTTATCGTTTTCTATCTTTATAATTTCTATGATTGGAGCAAAGTTCGAAAGTAGAGAACCTATGATTTTTAGAGGTTTCATTGTAGCCATTAGTGTTCTACTGGGAGGACTAATTTGGTCAACAAACGTTGACCCCTCAAATGCTATTGATGTTGCAAACCCCATTGAAAATGTATCGCCAATAATTACCACTTCAAGCTCGCCCCAGAAGGTAAAGTTTGCAAAATTTCTAAATGAAAGCAATATTGTTATGTATAGTGCATACTGGTGCCCGCATTGCCACGATCAGAAACAATTATTTGGTAGGGAAGCAGTTAAAGAATTAAAAGTAGTTGAATGTGCTAAAGATGGTAAAGATAATGAGTATGAGCTATGCCAAACGAAAGGAATCAGTGGATTTCCTTCTTGGGAAATAAATGGAGAAATTATTAGTGGTACTCGTGACTTAAATGAATTAGCAACAAAAACTAACTATCCTGGAGATCTTAATTTTTAATAAATCTTTTTTGAATTTTTTGATCTAACTGTTGTCTAGTATGGCATTCCCAATTTTTATCTTTTTCAGGGAAATCATCTCTATAATGACCTCCTCTACTTTCTTCTCTATATAGACAAGCTTTTAATAAAGTTATGGTGGTTATTTGTCTATTCTTTAAATCAAGTAAAAGATTTAATGCCCTCCTATTGCGTTCACTAAGTTTTATTTTTTGATCAAATTTTATTTTTTCAAGACTATTTAGTAAATCATTTTTATTTAATTTATCTATATCATTTTGAATGTAATTTAAAAATTTCCTCATATTTACCTTATTTCGAGATACACCTAAATTTAACCAACATAGTCTTCTTAGTTCATCAATTTTTTCAGCGATTATAGA
CP138927.1_gap38	1417548	1419695	2147	TAAAAAAATAAATTTATCTCAAATTATTGAACTATGGAATGATGCAAAAAAGTTTAAAGAAGATTGCTTAGTCGCTTTTAGATTAGGATTTTTAAGTTTGGCAGAAAGAGCTTATGCCGAAGAACTTACTTGGGCTTGCGCAAAAGAAATTTCCAATAACCTGAATAATGATGAAATCAATCACCCTGATTTATCTGAAATTACAGAAACTTTAGCATCGACTTATTATGCAAATTTATCTATCTTTAAATCTATTCCCGATAGCTGGGCAATAAATCAGATTTTTCCAATAGTACCAATACATAGGCACTTAGAGGAGCCGTTCTGCAAAGGCAACTTTGCAGATTTAACTTGTGATTCAGATGGGAAACTAAATAATTTTATTGATAATGGAGAAATTAAATCATTACTAAATTTACATAAGCCAGAGGAAGATAAAGATTATCTAATTGGAATTTTTATGACTGGAGCCTATCAAGAAGCACTAGGAAACTTGCACAATTTATTTGGCAGTACAAACGTTGTTCATATAGATATAAATCAAGATGATTCATATAAGGTCAAAAATATTATTAAAGAGGACAGTAAATCTGAAATTTTACAATTATTAGATTATAGTTCAGCTTCTTTGGTCGAATCTATAAGGATTAATACTGAATCAGCAATTGATCAAAAAAAATTAACTATTGAAGAAGCAAGGAAATTAATGGATCAAATCGAAATTAGTCTCAGAAAAAGTAGTTATTTATCAGAATGACTATCTAATGTTTTTTGCAAATAATTTTTAGCATAATCTAAAGCATCACTTAACTTATCAATATCTTTAGCACCTGCTTGAGCAAAGTTAGGCTTTCCTCCTCCACCTCCCGAACAAATTCTTGCAATCTCATTAATTAATTTACCTGCATGCAATCCTTTTTTTACTGCATCATCACCTAAAGAAACCACAAATAACAACTTTCTATTTTCTGGATTTGGTATTCCCCCAAGAATAACTATTGCTTTATTTCCCAAATGAGAAATTAAATTAAGTGCTGTAGATTGCAAAGAATTCCCATCTAAGCCATCAATCTGATTTACTAAAATTGAAAAAGAATTTACTATTTCTGCGGATGATTTTATGGAAGAGTATTTAAAATATGCAATTTCATCTTTCATTTTTTGTATCTCTTTATTCTTATTAATAAGCTCTGCTTGCAAATTATTAACCCTTTCAAAAAGTTGATTAGGATTTGCTTTTAACAAATCACTTAGTTGATTTACTAAAGCATTTCTATCACTGAAATAGTCTAATGCTGATTGACCTGATAATGCTTCGATCCTTCTTACTCCGGCTGAGATTCCTTCCTCACTAATTATTTTGAAAGAACCTAATTCGGATGTAGTTTTAACATGTGTGCCACCACAAAGTTCCATTGAAACTCCTGGTACATTAACAACGCGCACTTCATCATCATATTTTTCTCCAAACATGGCGACTGCACCCATTTCAAGAGCCTCACTCTTAGACATATTTTTTATTTCTAAGGCATGATTTTCCATAATCCAAGAGTTAACTAAAGTCTCAATCTTAGAAATTTGATCTTTAGAAATAGGATTAGAGGAATTAAAGTCAAATCGTAATTTATTAAAGGCAACTAATGAACCTTTTTGTCCGACACCTTCGTTAACAACTGATTTGAGCGCAGATTGTAATAAATGAGTAGCTGTATGGTTTGCAGCAGCCTTAGCTCTATTAGAGGAGTTAACGTTAGTCTTAACTTTTTGTCCAATAGTTAATATTCCTTTTTTGATAGTTCCGTAATGTAAGAAAACATTTTTCTTTCGCATAACATTATCAACCACAACCTCTACATCTTCTGAAAATATCGTTCCAATATCACCAACTTGCCCGCCAGATTCTCCATAAAAAGTTGTCTGATCAAGAACAATTAAAACTTTCTGCCCCTTAGTTGCTTTCTTAACTAATGTTGAATCCAAGAATATACCCTTTATTTCAGCTTCCGAAAGGAGTGAATTGTAACCATTAAAAACAGTTTTTTTAAAAAGATCTATTTCTCGTTCTAATGATCCCTCTAATGTCAAATCAATATTGCTTGAAGCAGCTTTAGCTCTCTCTTTTTGTGCATTCATTTCTTCTTCAAAAC
CP138927.1_gap39	1420964	1422389	1425	AAGAATAAAAATAAAGAAAAGCGTAATTTCGGTTATTTCGCAAAAATAATCACGCGGATTTATATTCTACATAACTAAAGTTATTCTATAAAGCGATTTGTCCTATGATAGCCTCTGCCCAGACAACTAATTCTAAAGTGGCACAAATAAATAATAAGTTGACAGTTCAATCTCAAAATTTTGCTGATGATTCATTTGCCATAAGATCTTTGGATTGGGATCGTAGTAGATTTGATATTGAATTTGGATTAAGAAATGGAACTACATACAATAGTTTCATAATTAAAGGAAAAAAATTAGCAATTATTGATACTAGTCACGCAAAGTTTGAAGAATTATGGTTTAAAGAATTACTGAAAAATGTAAATCCACAAGAAGTGGATTATCTAATTACAAGCCATACAGAACCTGATCATTCTGGCTTAATAGGTAATCTTTTAGAATTAAACCAAAACATCACAGTAGTAGGATCAAAATTAGCACTTAAATTTATTGAAGACCAAATACATATTCCCTTTAAGCGTCTAGAGGTTAAGAGTGGAGAGTTTTTAAATCTCGGAACTAATCCTAATAGCGGTTTAGAACATAATATTGAATTTATAAGCGCACCAAATTTACATTGGCCAGATACAATTTTTTCATATGACCACAGCACTCATGTTCTCTATACTTGCGATGCATTTGGACTCCATTATTGTTCTGATGAATTTTTTGACATCGATCAAAAAGAAATATATGATGATTTCCGTTTTTATTACGATTGCCTAATGGGTCCAAACGCTAGAAGCGTTTTGCAAGCAATTAAAAGAATAGATAAGTTACCTGAATTAAAAACAATAGCGGTAGGTCACGGACCTTTGCTGCATAATCAAGTAAATTATTGGAAAGGAAAATATCTAGAATGGAGTAGCAATAAAAGCAAAGGTAATGATTTTGTATCAGTCTGCTATATAAGCGACTATGGTTATTGTGACCGACTAAGTCAAGCTATATCACATGGAATAAGTAAAGCAGATGCACAAGTTCAATTAATAGATTTAAGATCCTCTGATCCGCAAGAATTAACAAGTTTAATTTCTGAATCAAAAGCAGTAGTCATACCGACATGGCCAGTAGATTCAGATAATGAATTAAAAAAATCTCTTGGGACATTGTTTGCCGCATTAAAGGCTAAACAATTTACGGCTGTTTATGATGCATTTGGTGGAAATGATGAACCAATAGATTCCTTAGCGAATAAACTAAGAGAACTTGGCCAAAAAGAAGCTTTCTCTCCTTTAAGAGTGAAAAATATTCCAGATCCTATTGTCTATCAACAATTCGAAGAAGCCGGAACTGACTTAGGCCAATTGATCAATAAAAAGAAAAATATTGCCTCAATGAAGAGCTTAGATTCTAATTTAGATAAAGCGTTAGGAAGATTAA
CP138927.1_gap40	1425910	1430362	4452	TTACTCCAAAGCCTAAATCATTATGTTCTCTAAAACATTGGCTGCCATAAGTAATACATGATTTTGTTTCAAGCATTGTATCAATGGGAAATTTTCCACTTTCCAAGCCAGCTAAAGCCGTTACAATTTTCCATACACTTCCTGGGTCATAAGCATTTAGTGCTCTATTAAATAAAGGTTTCTCAGAAGAATTAAATAGATTATTATATTCCCTCTCAGGCTTAAAATCCTTTGAAAAAAAATTTAGATCAAAAGTTGGGCTACTTGCCATCGCTCTTATTGCACCATCTCTTGGATCCATAACTATTATCGCTCCCGCTTTTTTGTCTTTTAAAACTTCCTCTGCAACTAGTTGCAAGTCTATATCAATTGTCAATTCAATATCATTACCTTGTTTAGACGGTTTGATACCTAACGATTTTTGAAATTCACCTAAAGAGTTAACTTCAATCATCTCTCCGCCCCATTCACCCCTTATAAAGTCTTCATACACATATTCAATTCCAGTTCTTCCAATTAAGTCATTAAATTTATAACCTTTCTTAGATAAGAATTTATATTCTGAATCATTGATTGGCTGAGTATAACCAATCACATGAGCAGCTACAGATTTATAAGGATAATTTCTAATTAATTTCGTAGCTATTTCAAAACTAAATAAATTATCTTCATTTTCCCTAAATCTTATTAATTGCTCGATATTTAAATCATCAAGAATAGTGACTGAGAGTTTTTGATTTTGTAAACCATTAAGAAATTTTTTTTCTATTGAATTACTATCTATATCTAACAAATTAGAGATGCGTAATTTTTGTTTTTCCCAATATCTTTGATTTATAGATTGAGGTTTTATTATCAAAGAATATCTAACTCTACTATCTGCCAAAACATAGCCATTTTTATCAAGTATTCTTCCACGTACTGGTTGCGAAGCAATCAGTCTAATCCTATTCTCATCAGACATTATTTTAAAAGATTCATAATTTAATAGTTGTAAAAAAATCAACCTTAATAAAATCAAAAAAAACGAAATAGAAGAAAAAATAAGTAAGACTACAGGTTGTCTCCTTGGTGAAATAAGTTTTTTATTAGAATTACTTTTGATCAAAGAATTTAAATTTATCTAGATATTGTTTTTTCTAATAAGGCAATGGTTTCGCGTATCTCTTTTAGTACAGTAAGTAATTTTTTATATTCACTTTCTTCATTATTCAAAGTATTATCGTAATTTTTTATCTTACTAGAATTAAAATTATCATTCATAAAATTTTAAATTCATTATTCTATATATACAATTTTAAATAAAAAAATTTATTTTATCAAAATAATATTAAGTTCAGTACTAAAAAATATCACAATAAATTAATTTAATTTATCAAAATTTTGTTCAAAATAGGGATTGCAACTGTTTTTAGATATTCCTAAAGACCAACCAATAAATGATGATATAAATATTGTGACTATCAATGGCAAAATAGCCTGTTGAGTATTTTGAAGAATAAACCATTCCCTCCAACTGCTTAAAAACCTTTCTCTCTGAAATTTTCGTTTTTCATTTTCTAATAATCTTGCTTTTTTTGCGAAAGATTTTGTGACCCACTTTTCAAAAGGTATTTTTTTTATAATCGCCATTTTTCTCTCAATTTCTAATAATTGTCCTGAACTAAGATTAGGGTGAAATGTACTAATCAATTCAAGAGTTTTTAAAAACATCTCAACTGTCGCATCTTTTATAAGTTTTTGCTCATGACTTAAATCAGCCCACTCTATTTCTGGATAAAAACGATTCCTATTAGGTTGAATCTGATCCTCTGACATTTGACCAGGTTCTCTAAGCCATCTATTTGTATTTTCGTCAAATCTCCGCCAATACAAAAAAGGATTAATAAATATTGTTTTCCCAGAAATTTTTACTACATCTTGTTGGAGATGATTAGTTATCTTTCTTTCAGAGTTTTTCGATTTTATCAAAAGTCCAAAATTTTATAATCTAATTAAAGATTATCTTTTATTTAATTTTTTTCCAGAAATATCAAATAATTATTTTATTTGTATTAATTTTTTGATAAATCCCAGCGCTTTTTTAGATAATTACAATATTCGCAATTTATTGAAGGTTTGGGGAAAATATCAGAACGAAGTAAATTAACCGTTTCAATTATCTTATTTTCTACCCATGAAGTATAACAATCTAACCTAATTAGATGTACATCAAAATTTAATTGATTATTAAATACCTCTTCATTTTTCTTGCCATTAAAATATAAAAGGTAAGCTTCTTTAGCAACTTGAAAACCGTTTTTTTTAAATAACCATTGATACATTTCCAATTGTCTTTTATAAGCTTTTGCATATTCGTATTTATTAAAAGTTTTAGTCCAATCAAAATTATTTCTAGAAGTTGCTTTAACATCAACGATAATAAGATCACCATTTTTTTTCTGCCAAATATCATCTACAGCTCCACCAAAATCATAATTATGTTCAATTGACTTATATCTTATCCCTTGAAAATTACTTCTCCAGAGTTCTAAATCTTTGTGTTTGAAAGGAATAGCATCTATACCTTTTTCAATAAATAAAGGATGTGGTTCCTGAATTCTTCGGTAGTGATCAAATTCATTTTTACATAAATTATCAACAGCTATATTTAGTGTAAATGGTAGTGATGGCGGTTTTATTTTATATTTCTTATCCAGTACACAACATCTTGGACAACTAAGATATTTTTCAACAGTAGATCGACTTAATTTAATAATCTCACTCATTACGTTTTAATTCTCATTTGGAAGATGTCTATTTTTAAGAAGTAACCTTACTAATTTTAAAGAAAATTATTTCTTTGTAAGAAATTTATAAAATCTGGATATATATAATTTTTATTTGCATAGTCAGTTATGTGGTTTTGATCAATATATAAAGGTTTTCCAGAGGTATCGGTTACAGAACAATTATTATTTTTACAGAGGACATTTAATGGATCATATATGAAAACATCCTTTTTCAGATTATTTATTATTTTTATTTCTTGTGCTCTTCTTTTTAAGATTTGACTTTTAGGAATCATACAATTTTTTTTGTTTTGTTTTGAAAACCAATTTTCATAGCAATTTTGTACTGGGTATTCAAAATTAGGAGAAATTGAAAATAATATTACTTTAGCTCCTTTAGATAATACAAATTCAATAAAAACATTTAATTCTAGAATATTATCGCCAATACCATCATTGGAAATAACAATTACATCATCTTTTTTGATTAATGATTTTACTCTTTCTAAAATAACAAACTGACTTTGACATTTTTTCCTTTTAAATTCTGCTGATGGAAATAAACATTCGCTAACAGAAATACCTTCTATTGAAACTTTATTTTTTTTGGCTAGAAGATAATGCGTTTCACGATAGTGATCAGAATGAGAATTTCCTAAAAAGTAAAATGTTTTATTATTATTATTTTTAATACTACATCTTTCAAAATTAAAATTATTAATTGAACTATTTCCCTTATTTATATGACAAAAGTTCCCAGAGTAATCACCATATTCAGATACGATATTTTTATTTGAATTATTTCTAGATCTTGTAATTAAATTTATATATTTATAATTACCTAGATAAAGTTTACCTTTTAAGGGTTTACCAAGTATTAAAAGACTAAATATTGAAATTAATGAGATTATGATACCGAGTGCAAAAGTTTGAAATCTTGAAAAATTAAAAATATTTGTTCTAAATGGTTTTTCTATAAATTCATAAGAAAGAATTGCCATTAAAAACATTATTATTATTTGTATCAATATAGAATATTTTGTTATACCAATTGTCCATCTACTAGTTACTAAAATTGACCAATGCCATAAGTATAAAGAGTAAGAAATTAAACCAATATAACGAATTTTATCAATGGTTAAAATTTTATATAAAAAATGTTTAGTCCTTATTTTTAAGAGAAATAATGATGTGATACATATTGTTGTCAAAGTATTAAGTCTTGCAATTTCATTTGGAGAGATAAATATAAAAATTATTAATAAGAAAAGAATTATTGTCAGAAAATTACTTGAGTTTTCTCCTTTCTTATTTTGATTTTTATAAAATAAAAAAGATAAACAACCTGCTCCTATCTCCCAAAACCTTAATGGCATTAAAAAATATGCTGCTGGTTGATTATTTTGATAAAGGTATAGAAATCCTATAAGAGAAGGAACAGAAAGTATTACCATGACTAAAAACAGATTACGAACTCCATGCTTGGTCTGCTTGGCAAAACCAGAAAACCAAATTAGAAATGGGAACAAAAAATAAAATTGCTCCTCTACTCCTAGCGACCAAGTATGCGTAAACATATTTAAATCTGCAGAGAGACCAAAATAATCTAATGACTTTGAATATAAAAATATATTTGATAATCCGAGCAAAGATGCTATCCCCGTTTGTAAACTAACTCCTG
CP138927.1_gap41	1449069	1450059	990	TCGACTATTTTATCTTCAACAGATAAAGTATCCTCAGGAACACTATCCTGATTAGGAACATCATTTTCTTTAATATCAATATTGTCTGATTGATTTTCAATCATTTTTCTAAAAATTTAATAAAACTATTTTCCAATAAAGTGATGCACAAAACAAGTTGCGGAAGGCCGCACAATTTTTTTAATCTGGAACAAACCTTAATGCTAAGCCGTTATTGCAGTATCTTTTTCCTGTAGGGCGTGGTCCATCATTAAAGACATGCCCTTGATGACCTCCACATCTAGAGCAATGATATTCAGTTCTTGGGACAATCAACTTAAAATCAATCTTGGTTTCAACTGATCCTTGAATCGAATCCCAAAAACTTGGCCATCCTGTGCCACTGTCATACTTTTTATCTGAGAGAAAAAGCGGCAAATCACATCCTGCACAATGAAAAACACCTTTTCTTTTCTCATTATTTAATTGACTACTGAAGGCTCTTTCAGTTCCTTCTTCCCTTAAAACATAATAAGATTCTGGACTAAGCCTAGATTTCCATTCATCTTTTGATAAATTCCACTCTTCTTTAGAAACGAGTGAAGAAGCTAATACTTGCATAGGCTTAAATAATATTTTTAAGATTGACATAGTAGGAATTAGAATAAAAGTTCTTCTTGATAGAAATTGATGCATATATTTAAATCACATAAAAAATAATGAGCTTAACCCAATCTAATTCTATTAAAAATATTCATAAATTAAGTATCGCTCCAATGATGGATTGTACTGATAAACATTTCAGAATGATAATGAGAAAAATTAGTACCGAGGCTCTCTTATATACAGAAATGATTGTAGCCCAAAGTTTAGTTTATTCGAACAAAAAAGAAAAATTTTTAGATTTCAATAATGAAGAACATCCGATATCAATTCAATTTGGTGGAGATGATCCTGAAATCCTTAAAGAGGCTGCCCGAATGGCGGAGGATTGGGGTTATGACGAAATAA
CP138927.1_gap42	1478558	1481632	3074	TCGTTTCTAATGTTTTGAAATAAATGAAATTTTTTGATTATTTTTAAACCATTTTTTGTCGTGAACAAAGAAATACAATAAAATAGGAGATAAACTCCTAAAAAAATAAAATTATTAAAAAGATAAGAAGTAACTGTTAGAGCAAATGTATTAAATATTAATAATGATTTAAAGTTAAACTGTTTAATCTTCCCAATCATCTTCGGAAGATACTTCTTCAATTTTATAATCTTCTTTTTCTCCCATGAGTGCTGAAAGTTCTTCTTCTTCTATAGTACTTATTTCTTGAGAATCCCCGTCTTTTTCAGCAATTAGCCTTCCTGAATTTTCAAGCCATGATAGTAGATCGGGTTCATCTCTTAATGGTAAAACAGGGGCTGGATCCTCTCTGTGGTAGCAAGTTAAGGCAGGATTAACTTCAGAAATATCTTTTAATCTAATTTTTAATTTATTTGAGTCCATTAAAGATTATGTACTATATATAAGATAATACATAATCATGCGCACGAAAAACTTTGTTTGATAAAGGAAATTTAAAATACTTTTTTATTTGGGCAATTTCATTCTTATTTGCAGGTTTATTTAAACTGATTGGATACTTGAATCCAAATGTTTTATTAATTAATAACTTTCTTCTATTAGCACTAGTTTTTGGTCCAGGTCTTTTAGTTACAATAATAATAGTTTTTAAAAAGTTTTCAAATTCTTAATTTCATCAAAATTTAAATTTATGGAGCAAATTTAAATGGAGCAGGTAAAAAAAGTTGTGCTAGCTTATTCTGGTGGTGTTGATACCAGCGTTTGTATTCCATATCTAAAAAATGAATATGGAATTTCAGAAGTTGTTACTTTTGTCGCAGATCTTGGACAAGGCGAAGATTTGGATCTTATTAGACAAAAAGCTTTAAAATCTGGAGCATCAAAATCAATTATTGGTGATTTAGTTAATAGTTTTATTGAAAAATATGCTTTTCCAGCTATCAGAGCGAATGCATTATATTTAGATAAATATCCTCTATCTACTGCTCTTGCAAGGCCTTTAATTGCAGAAAATCTTGTAAAAATTGCTAGAGAGATTAATGCTAAGGCAGTAGCTCATGGCTGTACTGGCAAGGGAAATGATCAAGTTCGATTTGATTTAGCTATTAATGCTTTAGGTCCTGATTTGGAAATAATTACTCCTGCAAGGGAATGGAATATGAGTAGGGAAGAGGCAATAGTGTATGGAGAAAAATTTGGTATTCCTGCACCAGTATCAAAAAAATCACCATATTCAATTGATGTTAATTTACTTGGTAGGAGTATTGAAGCAGGTATATTAGAAGATCCAATGAAAGAAGCTCCTGAAGATATTTTTGCAATGACATCATCTATTGATAATTCACCTAATTCTCCTCAAGATATAGAAATTATTTTTAAAAATGGCTATCCCGTTGGAATTAATGACGAATTTTTAACCCCTTTAGAGATTATTAAAAAAGCTAATGTTCTTGCAGGTGAGCATGGTTTTGGAAGAATCGATATGATTGAAGACCGAGTAGTAGGAATTAAAAGTAGAGAGATTTACGAAACACCTGGCCTCTTACTTTTAATAAAAGCTCACAAGGAATTAGAGAGCATCACATTAAACCCAGATGTTATTGACTTTAAGGGAATGGTAGAAAAAAAATGGGGACAATTGGTCTATCAAGGTTTTTGGTTTGGACCTCTTAAAGATAGTTTGGATGCATTTATTGCATCGACTCAAACTTCGGTCAATGGAAGAGTAAAGATTAGACTCTATAAGGGGAACGCAATAGTAATTGGACGAAATTCAGAAAATAATTCCCTTTACAGGGAGGATTTGGCGACTTATAGCCGAGACGATGTGTTTAAGCATTCTTTAGCAGAGGGTTTTATTTATATGTGGGGTATGTCTAATAAAATTTGGGCCGAGTTAAATTCAAAAACAAATGATTAGCATTTAAGATTCTGTACTTTCGTTGGTTGTAGAAATATCTCGTCCTGAAGTTGAAGCTTCAGGAGTTGTTATTGGTTGACTTTCTTTAGATTCTACTTTGACTTCTTGATTATCTTTGGTTTCTGGATTATCTTTGGTTTCTGGATTATCTTTGGTCTCTGTCTGAGATGTATTCTTGTTGGAAGGTTTTGGTGTTGGTAAAGGCCCTTCTTGTTTAACGGTCATGTATCTAATAACATCTTCACCAAGTCTCATTGCTTTTTCAATTTTAAAAATATGTTGTCCATCACCTTGATGACTCAATTGAACATAAACTCCTTCCCTATGCTTTGCTATTGGATAAGCTAATCTTCTTTTACCCCTCATTTGACTATCTAGGATGGTGCCGCCAAATTCTTCTAAAAGTTTATTGTATTTATTAATGTGAGTAGTGACTTCATCTTCCGCAATATCAGGGCGGAGAATGTACATAGTTTCGTAATAAGATTGTTGATCTTTCATAGTTTCAGACAAGGTCTTTGGCTCATGAATTCATGTTATGAGCGTCTGTTCATTACTTACCATACATTATGATGGGCAAATTCTTAAAAATTACCATTATTTTTTTTAAGGTATTGCTTTAGGGCGTCATTCATAACATGAAAAGGTACTTCTAAACCATCAGTCCAAAAGGATAATGATTGTATCCCTTGAGCAATAAGCATTTGCAAACCATCTATAGTCATGCAACCTCTATTGGAGCTAAATTTTAATAATTCAGTTGGAGCTGGGTTGTAGATTAAATCATAAACAATTGTTTTCTCATTAAGAGATTTCCAAAAAATTTCCCCATATGGTAATTCATTCGTTTCATTTGTAGCTGTTTTCATTCCTACTGGTGTTGTATTTACAATTAAATCTGCTTCTTTAATAACATTCTGAGTCCGATCGTCATTATTTAATAAACCCTGAATTTTAATTTGATTTTCAAAATTTTTTATTAATCCATCTAATGATGTTTTGTTTCGTGACACTACTGAAATTGTTGAAAAATTCAAATTTATTAATCCTTGTATCACTGATCTCGCTGCGCCACCAGAGCCTATTACAATCGAATTCTTGTTTGTTAAAAATA
CP138927.1_gap43	1502636	1503764	1128	AAGTTCGCTTCATGAATACGTAAAGAGCCACCCCCTAACTCCAATCCATTAAGAACTAAGTCATAAGCATTTGCTGTAGAGCTCTCAATTTCTTTTTTCAAGTTTTCATAATCTTTAAATTTTATATTTTTTGGAGAACAAAAAGGATGATGTAAAGCTTCATATCTATTTTCCTCTTCATTTCTCTCAAACATAGGGAAGTCTGTTACCCATAAGAAATTCCATTTACTTTTATCAATGAGATTTAAGTCCTTTGCGATATATTGTCTAACCCTATCTAATGACTGATTGACAATTTGTTTATCTCCAGCTCCTAAGAGGATTAAGTCTCCATCTTTTGCTTCCGTGATTTTTAAAATATCAGCTATATGCTTTTCACTTAAATTATTTTTAATTGCCCCAATAGTCTCAAGCTCATCTCCTTTGACCCTTATAAAGGCCAAACCACCAGCTCCGGCATCTTGAGCCACTTGGAAGATATCGCCTCCTGGTTTAATTCTTACGTTGCTAATACTTGAATTACCTCCTTTGACTGTTATGGATTTTATATAACCTCCAGACTTAATTGCCTTGGTGAAAATATTAAATCCAATATCACCTAATACTCCTCCTAAATCTTTTAATAACATTTGATATCTTGTATCTGGTCTATCAGTTCCGTAATTATCCATTGCTGTCTGCCATGACATTCTTGGAAAAGCATTATTAAAATTAATATTTAACACTTCTTTCCATATTTTTTTTATGAGACTTTCATTAAAAGAAATTATTTCTTCTTCATTAATAAAGCTCATCTCTATATCTAATTGTGTAAACTCTGGCTGTCTATCTGCCCTTAAGTCTTCATCACGGAAGCATTTTGCGATTTGATAATACTTATCTAAGCCCCCAACCATTAAAAGTTGTTTAAATAACTGTGGAGATTGGGGTAGAGCAAAAAATGCTCCATTTGAAAGACGCGCAGGAACAAGAAAATCGCGAGCGCCTTCTGGTGTTGATTTTGTAAGTAGTGGGGTCTCTACTTCAGTAAATCCAAAATTATCAAGAAATTCTCTAGCAACTTTAATAATCTTGTGTCTTGTTTTTAAATTTTCTAGTAATTTACCCCTTCTTAAATCAAGGTATCTA
CP138927.1_gap44	1521639	1524484	2845	GATATATCTAGAGAAAAAATTGATGCGGTTTTTGCAAGATTATTTCTTGCTGAAAAGGCAGCTGTGAGGATGCAATTTGTGAGTGGAACGCATGCAATAAGTTCTGTCTTATTTGGAATTCTTAGACCTGGAGATGTAATGTTATCTCTTACAGGACAACCATATGACACGTTAGAAGAAGTCATAGGAATAAGAGGAGGAGGAAAAGGCTCACTTAAAAATTTTGAGATTGAATATAAGCAAATAAATATCTGCGAGAATTTTGATTCTTTTGAAGAAAAAATTGTTCATTCTTTTAAAGAAAATTCATATAAATTAGTATTCATACAAAAAAGTTGTGGATATAGTTGGAGAAAATCCCTGACGAATCATCAGATAGAGAAAATTTTTAGTCTCATTCATTCTCTTGATCCTAAATGTATATGTTTTGTTGATAACTGTTATGGAGAGCTTGTTGAAGATAGTGAACCAATTTCTAAAGGGGCAAATATAATTGCTGGATCATTGATTAAAAATTTGGGAGGAACAATTGTTCCTACTGGTGGGTACGTTGCGGGAGATGAAGAGTTGGTTGAGATGGCATGTTCTAGATTAACCTCACCAGGTATTGGTTCTTCTGCAGGAATAAATTTTGGACTAGGAAGATTAATTTTGCAGGGTTTGTTTTTAGCACCACAAATTGTTCATGAATCACTAAAAGGTGCTGATATGGTTGCAGCAGTATTTAAAAATTTGGGATTCAAGGTTTTACCAGAGCCAGCAACTTATAGATCTGATCTTATTCAGTCAGTAAGATTGAATAATCCTTATTTGGTACAAAAAGTTTGTCAATCTTTTCAAAATTCTTCACCAGTAGATTCTTTTCTGAATGTTGTTCCATCGTCAATGGATGGATATGATTCAAAATTATTAATGGCAGGAGGTACATTTATTGAGGGCAGTACAAGTGAATTTTCTGCTGATGCTCCTCTAAGAGATCCTTACAATATTTTTGTTCAAGGTGGTTCTCATATAGCTCACATCAAAATTGCATTAATTCGATTATTATCTGAATTATTAGATGAAAAATTAATTTCAAAGGATTCTCTATCTCCTTTATCTCCTTAATCATGTCTTACCAGTTTCCAGACAACCTAAACTATGCTGATACTCATGAATATGTTTTGGAAGAAAACGGATTATTAAAAATTGGAGTTAGTGAATTTGCTATAGATCAATTAGGTGATATCGTTTTTGTTGAGTTAGCTGATCAAGGGGCGACTTTAGAGAAAGGTGAGACTTTTGGAACAATAGAATCAGTTAAGGCCGTTGAGGAAGTCTATTTACCTTTTTCAGGGGAAATAGTTTCTGTAAATGAAAGTGTTATTGAGAATCCTGAGCTTTTACAGAATGATCCGATTGGAGAAGGTTGGTTAGTCATTTTAAAACCAGAATTAAAAGCATCAATTGCTGATTTGATGACTTCTGAGGAATATCAATCAAAGGTTGTACCAAAATAAGGCAAATTTTTTAAAACGAGCTATTTTAAAGAAAAATATTTTAATATGACATCCAAATTTGGGTCCGATTTGTTTATAGATAGACATCTCGGGTTAGGAGATAATGATGAAAGAATTATGCTGAACAAGCTTGGTTTTAATAATATTGACCAATTTATAAATCAAGTTATTCCTGAAGATATTCGGTTTAAAGATAAATCTTCAGAAATATTGCCCCAAGGTTGTTCAGAAATTGAGGCTTTAAATGAATTAGAAGAGATTGCGAAGAAGAATACCAAAATGAGATCACTAATAGGCCTTGGTTACTATGGCAATCACATGCCTAAAGTAATTCAAAGACATGTTCTTGAAAATCCTAGGTGGTACACATCTTATACTCCATATCAAGCAGAAATTGCGCAAGGAAGATTAGAAGCTTTATTTAATTTTCAAACTATTGTTTGTGAACTAACAGGATTCCCTGTCGCCAATGCATCTTTGTTAGATGAGGGGACTGCTGCTGCAGAAGCTATGGCCATGAGTTTTGCTGCAAGAAAAAATAAATCTTCAAAAGTGTACTTAGTAGAATCAAATGTTTTTGATCATACTTTTAATGTTTTACAAACCAGAGCAAAACCTTTGGGAATATTCTTAAAACGCTTTACTCAAAGTAACCTTCCTAATCATGATGATGTCTTTGGAATTTTGTTGCAATTACCCGGTAAAAATGGCGAATTATTTGACCCCACATTCTTAATATCCCAAGCACATAGATCAGAAATTATTGTATCGGCTTGTATTGATCCATTGGCACAAGTCTTAATTAAACCAATTTCTGAATTTGGTGTTGATGTAGCAGTGGGTAGTATGCAAAGATTTGGTGTTCCAATGGGTTTTGGTGGCCCTCATGCCGCATATTTTGCATGTAGCGAAAAATATAAAAGGCTGATACCTGGAAGAATTGTTGGGCAAACTCTCTCTAAAAATGGAGAAAAGTCTTTAAGACTAGCATTGCAAACAAGAGAGCAACATATTAGAAGGGAGAAGGCCACAAGTAATATTTGTACTGCTCAATCTTTATTAGCCATAATTTCTTCTTTTTATGCTATTTATCATGGCCCCTCTGGATTAACGCAAATTGCTAAGAGATTAGTGGAGTTGAGAATAAACTTAGAATCATGTTTGGTTGATTTAGGTTTTGATATACCTGATGGGATTAGATTTGATAGTGTAGATGTTTATTCTGAGCATTCCCAAAAGATCCATAATGAAGCGTTAAAAAACGGCTTTAACTTTAGAATTTTGCCCTTGGGATCAACTATTGAAGATTCAACTGGCTTTGGGATCTCTTTAGATGAGCTTAGTAA
CP138927.1_gap45	1575109	1577362	2253	ATGTTATATTTTTAATTGTTAGAATATATGTTCAATGCAATGATTCTTTGCTTTGAAATATCTGGAAATCTTTTTTAACTATGTCAAAAGCAAGAATTTTAGTTGTTGATGATGAACCAGCAGTTTTGAAGGTATTAGTCACAAGACTTCAACTGGCAGGATATCAAGTTTATTCAGCCACTAATGGAGAAGAGGCTCTCGAATCTTTTCACAGAGATTCCCCAGACTTGATAGTTCTTGATGTTATGCTTCCAAAAATGGACGGATTCGCAGTATGCCGAAGAATTAGAGCCGAATCAGTAGTCCCAATAATATTTTTGACTGCTCTTGAGGCGATTTCAGAGAGAGTGGCAGGTTTAGATTTAGGAGCTGATGATTACTTATCTAAACCATTCAGCCCAAAAGAGTTAGAAGCGAGAATAGCTACTATTTTGAGAAGAATGGGCCCTGCAGTGTCAGTTACTGAAACTAAGGAAGTTCCATCTGGTAAAGGAGTTATGAAATTTGGTAGTTTAGTTGTGGATACTAATCGCAGACAAGTTTCAAGAGCTGGGGAAAGAATTAGTTTAACTTATACTGAATTTAGTCTTCTAGAATTATTATTTGACGAGCCTGGTAAAGTTGTTCCACGAGCTGAAATTTTAGAACAACTTTGGGGTTATCCTCCTCGTAGGGCGGCAGATTTAAGAGTTGTAGATGTTTATGTCGCTAGATTAAGAGGAAAATTAGAACCAGACCCAAGAAATCCGGAACTAATATTAACTGTTCGGGGAATTGGTTATGCATCCCAGAGAGTTGGCGAAACAGCAACATCTTTGGCAAGTTAAGCCTTAGTCTGATACTTTAATGAAATAAAACAAATATATTCCAGTAAATTTTGTCTGAAATAAGAGAAGCTCGTTTACAGAAAGCTGATTCACTAGTTAGAAAAGGATTTTCTTCTTATGCAGAAAGTTTTAAAATTTCTCATACTACAAAATTTCTTTCTCAAAAATTTGATTATTTAGAAAATGGTCAAGAAGAAGATTACAGCATCTCTATTGCCGGTAGAGTAATGTCAAAAAGAGTGATGGGTAAAATTGCCTTTTTCACAATAAGTGATCAAGAAGGTCAGATTCAACTTTATTTAGATCAAAGGATTATTAACTTAGATTTAGAACACAAAAAATTACTTTCTTTTGAAGATCTTAAGGAAATAGTAGATATTGGTGATTGGATAGGCGTCTATGGAACTATTAAAAAAACTAATAAAGGTGAGCTTTCAATTAAAGTAGAAAAATGGGAAATGTTATCCAAATCATTACAACCTCTCCCAGATAAATGGCATGGATTGACTGATATTGAAAAAAGATATAGACAACGTTATTTAGATTTAATAGTAAATCCTCACTCTAAAAATGTATTTAAAACCAGAGCGAAATGTATAAGTTTTATAAGAAAATGGCTAGATAATAGAAATTTTTTAGAGATAGAGACTCCAATTCTGCAATCTGAAGCTGGTGGTGCTGATGCAAGACCATTTATAACTCATCACAATACATTAGATATTCCGTTGTATTTAAGAATAGCTACAGAATTACATTTAAAGAGAATGGTTGTTGGAGGTTTTGAGAAAGTATATGAATTGGGAAGAATCTTTCGTAATGAGGGGATAAGTACAAGACATAATCCAGAATTCACCTCAGTTGAAATTTATGAAGCTTATTCTGATTATATAGATATGATGAATTTAACTGAAGAATTGATTAAAGATATCTTAGCTGATGCATGTGGGTCTTTAATCATAAATTATCAAAATAAAGAAATTGATTTTTCTAAGCCTTGGACAAGAATTTCCATGAAAGCTATTGTCAAAAAGTATACAGGGATTGATTTTGATTCTTTCAGTGGAGACTTTCTAGCAGCAAAACAAGCCGTTAAAAATATCAATGTTGATTGTTCTAATAAAGTAAATACTATGGGAAGACTTTTAAATGAGGTCTTCGAACAAAAAGTAGAATCAAAACTTATAGAACCCACTTTTGTTATTGATTATCCTGTTGAAATTTCGCCTTTAGCTAGGCCTCATCATGATAATAAAGAAATAGTTCAGAGATTTGAATTATTCATTGTTGGTCGAGAACTGGCAAATGCGTTTAGTGAGTTGATAGATCCAGTAGATCAAAGAGAAAGAATGCAATTACAGCAATCCCTTAGAGATGAAGGAGATCTTGAGGCTCACTGCATAGATGAAGATTTTTTGAATGCTTTAGA
CP138927.1_gap46	1578554	1579528	974	CTATAGATGCTTCAATTATTAGAAAAGAACCTTTGGAGCATACTCTTTTTTATGGACAGCCTGGTTTAGGGAAGACTACTCTTGCTTTTTTGATAGCCCACGAATTGAATACAAAATGTAAGATTGCGACTGCACCAGCCATTGAAAGACCAAGAGATATTGTAGGTTTACTTCTTGGATTAAAAGAAGGTGAAGTTTTATTTATCGATGAGATACATCGCTTAAATAGGTTAACTGAAGAGTTGTTATATTCTGCAATGGAGGATTTTAGAATTGACTTAACTGTAGGAGCTAACAGAGGAGCCCGTTGTAGAACAATTAATCTTCCTAGGTTTACCCTGATTGGCGCGACAACTAAATTAGCTTCAATAAGTGCACCTCTAAGAGATAGATTTGGGATATCTCAGAAAGTTGAATTTTATACATGTGATGAATTAAAACAAATTATTGTTAATTTCTCCCGATTAATAAACCTCAATTTAGAAGATGAAGCATCTTATGATTTAGCAAAGATATCTCGAGGGACTCCAAGAATTGCTTTAAGATTATTAAGAAGAGTTAGAGATTATGCTCAAGTTGTTATGAAAACTAATACTATCTCAGTGGATTTAATAAAAAAAGCTTTAAATTCTTACCAAATAGACGAAAAAGGATTGGATTCTTTAGATAGACACTATTTATCTTTTCTTAACCAAAACAATAATATTCCAATTGGCCTTGATTCAATTGCATCTGGGTTGGGCGATGATTCTTCAATGTTAGAATTTGTAGTTGAGCCATATCTCATTAAAATTGGTTTTCTGACGAGAACTCCTCGAGGAAGATTGCTTACTGCTTTAGGAAAAAAGTACATTGATTCAAAAGATGATAACTTTTAAAAAAGTTAAGGTTTGTTTTTTATTAATTTTTATTTTTTTCAATATTTTTTATATTGCACCATGCTATTCATTATCTTTGAGAGAGGATTTGTTTAA
CP138927.1_gap47	1581432	1582523	1091	TTTAATGATCCTTATATCTATTAATGGATTGATATTTAGGGATAGTCCAAGAAAGATTTTTTATTTACCTATTGGCTTAATGGGGATTCTAATTATTTTGGAAAGGGATATAAAAAGACAATTAGATAGAAAAAATATTCTAAAAAAGATAAAATCTTATAAAAAAATTAAATAAAATCATTTTATTGATTTTCACGTAATATGAGATGACTTATTTTTAGAAAAGAGCTATTAATAAGATACATACTAGGGGTGCTAAGAAATTTAACTTAGCTGAGATCATACCCTTTGAACCTGAATCATTAATTTCGATGCAGGGAAGTGGAGATTTGATCAAACTTTAGTAATAACACTTTTAAAAATTAAGAAATTATGAGAAGTTCTTGGATTAAGCCTCGCCTTGGCAAAGACAATGTAACTCAGATGAACTTTGCGAGAAATGGATATATCACTGAAGAAATGGATTTTGTTGCTAAAAAAGAGAATTTACCTTCTTCTTTAATAATGGAGGAAGTGGCAAGGGGAAGATTAATTATTCCAGCTAATATTAATCATTTGAATCTTGAGCCAATGTCTATAGGTATTGCTTCTAGATGCAAAGTTAATGCCAATATTGGTGCTTCCCCTAATGCAAGTGATATCAATGAAGAAGTAGAAAAGCTGAAACTTGCTGTTAAATATGGTGCTGATACGGTTATGGATCTATCTACGGGAGGAGTAAATTTAGATGAAGTCCGACAAGCAATTATTCAAGAATCTCCTATTCCAATAGGAACTGTTCCTGTTTATCAAGCTTTAGAAAGTGTTCATGGTTCAATAGATAGACTAACAGAAGACGATTTTCTCCATATTATTGAAAAACATTGTCAGCAGGGTGTAGATTATCAAACTATTCATGCTGGTCTATTAATAGAGCATTTGCCAAAAGTTAAAGGAAGAATTACAGGAATTGTAAGTAGAGGGGGAGGTATTTTAGCCCAATGGATGTTACATCATTTTAAACAAAATCCTCTCTATACGCGGTTTGATGATATCTGTGAGATTTTCAAGAAATATGATTGTACTTTTTCTCTAGGAGATTCACTGAGACC
CP138927.1_gap48	1594271	1596127	1856	GACCTATTAAAAATTCTGCTGATAAGTAAGCGACTGTTTTTTGTGGTTTTTTTCTTATTACTTCTTGGCTGGCTAAATATCTTGTCATTAGCCTATCTTTAACCGCATAACTTAAAGCCATGTACAAGTCGTGGGGACTTGCGGAAGTAGCTAACTTCCCGAGAGTATAAAAAAGATGGGCTGTCATTCCTTGGAAAACAGCATCTGAATCCATGCCAGCTTTCTCAGGATCTAAGTAGCAGCCTGGGGTAGGCAAACGTAGATCAAAGGGTTCGTTGGTGTTCATTGGATTAGCCATATAACAGACAATAGCCATTTTTAGGAAAATTTCTTTGTTGTAACTTCAGATCCACACTTGTTGAGTATTTTTGCTTTTTTCTTACATATTTCTTAAAGTGGGCCCTCAATAAACTATCTTCCAGTTAGGTAGTTTATTTTTTACACTTAAATGTACTCTTTAATTGCTGAATTAAGTGCACATGATTTGGAAGTTGCTGAAACGTTAATAGGAGTTATAAGATTTTTATTGATCTTTTTAGCAGCAAGAGCATTAGCAGAAGTATTGGTAAGACTAAGTTTACCAACGATTGTAGGTGAGCTTCTTGCAGGGGTTGTAATAGGAGCATCAGGATTCCATTTATTGATACCGCCTTCGGCTGGCACTGAACTAAATGAGGGACTCGTAAATGTTATTAGTTCATTAGCTTCAATACCTCCGGAAGCAGTACCTGATGTTTATTTCGAAAGCTTTCCCTCACTCCAAGCAGTAGCAACCCTTGGTTTATATGCACTTTTATTTTTAACAGGATTAGAAAGTGAGTTAGAGGAACTGGTAGCGGTCGGTGCACAGGCTTTTACTGTTGCTATGGCTGGGGTAATTTTACCGTTTGCTTTTGGAACTCTTGGATTAATGTTTATTTTCCAAGTAGATTTAATTCCAGCAGTTTTTGCTGGAGCATCTATGACAGCAACAAGTATAGGAATTACTGCAAGTGTTTTCGGTGAATTAGGATATTTGAAAACTAGAGAAGGACAGATTGTTATTGGTGCAGCAGTCTTAGATGATATTTTAGGAATTGTTATTCTGGCAGTTGTTGTGGCGCTTGCTGCAGGAGGTTCTTTAGAAATTGCTCCTATTGTTAAATTAGTTGCGGCAGCGGTGGTATTTGTTATTGCTGCTATCGCGCTAAGTCGAACAGCAGCACCAGGATTTGATTGGTTGTTAGATAGATTGAAAGCTCCTGGTGCTGTGGTCGTGGCATCTTTTGTGATACTTGTACTGTGTTGTTTTGTTGCAACAGCAATTGGATTGGAAGCAGCTTTGGGTGCTTTTGCAGCTGGTTTAATTCTTAGTAGTTCTAAAAATAATCACGCAATTCAACAATCTGTTTTACCCCTTGTATCCTTATTTGCAACAATTTTCTTCGTCTTAGTGGGAGCTGGAATGGATTTATCAGTTATCAATCCACTTGATCCAACAAGTAGGTCAGCTTTGGTAGTCGCAGGATTTTTATTAGTTGTAGCAATTATTGGAAAAATTGCGGCAGGATGGGTATTTTCAAGTGATAAACCTACAAATAGATTAGTTGTAGGCTTGGGTATGATGCCTAGAGGAGAGGTTGGTTTAATTTTTCTTGGACTAGGAACAAGCGCTAAGTTGTTAACTCCTTCTCTTGAAGCAGCTATTTTATTAATGGTTATAGGAACTACATTTCTTGCACCTGTTCTCTTGAGAATTGTTCTAAAAGATAAGCCACCAAATGATGGCAATAAAATTTCAGATGATGTTGCAGCTGATCCTGTAGGTCTTCTTTAAGAAATAATTTTATTAGTATTAATTAATATAGTATTTTCAT
CP138927.1_gap49	1609393	1614162	4769	GAAAACTATTCAAGAAAAAATACAAGTTGCTCAAAGTGTCTTAAAAATTTGTGAAAAAAATGATGGAGATAAACTTAGTTCATCAAGAATACTTGATAAGCTTATGGAAACTCTTGATGGTGAAGATAATTTTTTAACTGAAGATTGAATCTTAATGTTCAAATATATTTGAGAATTTTAGTATGTCTAAATCTGCATGTACAGAAACTGTTTCGAAACATTTTTTTGCTAATTCATATCTATTCTCTCTTTCCAAGATAACTTTTAATTTATGCATAGCTTCAATTAAATATCTAACATCATTTGCTGCATAATCTAATTGATCTTTTGTTAAATCTTCGTTGCTACCCCAATCACTACTTTGAGAGCTTTTGTCCAGTTCTATACCTAACAATTCATTAATTAAGTCCTTTAAACCGTGTTTATTTGTATAAGTTCTCGCTAACTTACTAGCAATTTTTGTACAAAAAATATTTTTTGTTTTAATCTCAAGATTGCATTTTAGAGCTGCTACATCAAATCTCGCATAGTGAAATATTTTCGTAATTTTGTCATCTTCAAGAAGTGATTTTAAATGAGGTGAAGAAGATGTATTAAGTTCGATTTTTATACAGGATGTTCTTTTAAATTCATTGCATATTTGTACTAAACATAGTCTATCTCTACCATGAATTAAACCCATTGCTTCAGTGTCAATAGCCAGGTAGGATGATTTTTTGTAAAGATTGTATAAATCTGGTGTTAAATCGTTATAAAGAAGATCAATATTTTTATTTTCAGTAGTCATTTTTAAAAATTATTTAAAGATTAAGAATATTAATTAAGATTTTTTAATTAAGAGTTTTTATTTAATAGGAATATTTTACAGAATAAATCTAAAAATTTATAATATGATGTAACTTTAATTTTTATTCTCGAGTTACTAAAAAAAATTATTTAATGTCCTATTCTTTAAATTCAACATTATTGCTGACAATTCTCTTGGCCATAGGATTATTTTTTTTTCTTAGGGCTTCCAGTAAAGATAGGACAACCATCGTTGAGATTTCATCTTCTCAACAGCCAGTAAAGGTTTTAAATGGTTTATGTGAATGGCTTAATTTGAGGGGATGGAAGCAAACAGGAGGAGATTTTGAACAAAGAATTTTAATATTCAAAGGTCAAGTTGTTTCTAGTAAATTTTTAGCAATTTTTTTAGGTTTTCTTGGAGGTTTTGGTTCTTGTGCTTTGGGATTAGTAATTATACAAATATATCCTGAATTAGGTTGGTGGCCTATTCTTTTGGGATTAATTGGTGGCCCTTTGTCTGGAATTGTTTATTTTAAAAAATCAGCAAGAGAGGAGAAATTTGAATTAAGGTTGATCAACGAAAATGAAAATGATTCAACTTTCATGAGACTTAGAGCGCATAGGGATGAATTAATCTCTTTAGAAAATGAACTTGGAGAAAAACTTCAATTGAAAAGTGACGGCTCTTTATTTAAAACTCCTATTTAAGATAAGTAAAAGATAAAATTTATAATTTCTAATCAAAAATATCATTATCCTTACAGAATTTTTCTAATTCCTTATCTTTTAACCAATCTTGTGGCTTTGTAAAAATTGATGTAAGAAATTCTTCTCTAGAACCCTTTATAGCTTTATATCCATACTCCCATCTGGCTAAAGGAGGTAATGACATTAATATTGATTCAGTTCTTCCGTTTGTTTGTAATCCAAAAATTGTACCTCTATCCCACACTAAATTAAATTCGACATATCTACCTCTTCGATATAGCTGGAATTCTCTCTCCTTCGATGTATATGTTTTCGAAGCTCTTTTTTCAATAATGGGTAAATATGAAGGGAGAAATGCCTGCCCGCAGTTTTCTGCTAAGGAAAATAAATTATCCCAATCAAGATTAGATTTTCCAATATTTTGTGAATTTTTTGATGCCTCTCCGTTTTGATTATTTCCTCTATAAATATTGCCTGAACCATCTTGATAATCATAAAAAATACCTCCTATACCTCTAGATTCATTTCTGTGCTTCAAGAAGAAATATTCATCACACCATGGTTTGAAAACTTTATGCAAATTTTTATCAACTTTCTCACAAGCTTTTTTATGCTCTCTATGAAAATTTCTCACATCTGAAAGATAAGGATAAAAAGGAGTTAAGTCTGCACCTCCACCGAACCACCAAACAGGTCCAGCTTCGAAATAACGATAATTCAGATGAACAGTAGGAATATATGGATTCTTAGGATGCAATACCATAGAAGTTCCTGTCGCAAACCATTCATGACCTTTTGCTTCGGGCCTCTGAGAGATGATTGATTGAGGTAATTCTTTCCCCTGTACTTCAGAAAAATTTACTCCTGCTTGCTCAAAAATAGAACCGTTTTTCAATACTCTTGATCTTCCACCACCACCTTCGTCTCTTAGCCAGGATTCTTCAACGAATTTCCCTTTACCATCTACATTCTCAAGGCCTGAACAAATTTTGTCTTGTAGACCTAATAAGAGATTTTTAGTTTTTTCTCTCGAGTTTTTAGGAGGTTCTTTGAACATGTATTTAGAAAATCTTAAAGAAAAAATTTTTGGTTAATTATAAGTTTCCCTTTATAATTTCTCTTAGGGGGTCCTTATTTCCTATTATTTGATAGTTCGACATAGTTCTTAATCTTTCTAACAGTCGACTACCTTGTCAAAATATTTAAAAATTTAATGACCACAATAGAAGATGCGAATTATGCTTTACAAAAGGTTCTAGATACTGGATCAAAGAAAAATGTAATTGAATTAGCTTGGATTAAAAACGTAAGAGTAACTATTCCAAGAGTAATCGTAACACTATCATTGCCATCATTTGCAAATTCTCAGAGAGATAGAATTGTGAATGAGGTTCGTAAAGTACTACTAGATTTTAAAGATATTGATGATGTTCAAATAGAGATAGATAATAATCCTTCAGTAAAAGAATCTAAAACTGAAAGTAATGGTCCTGAGTTACAGCAGATTGATGGTATTCGTCATATCATCGCTGTTAGTAGTGGTAAAGGTGGAGTAGGGAAAAGTACTATTGCAGTGAATCTAGCTTGTTCTTTAGCTAAATTAGGTTTAAAAACTGGGTTGCTGGATGCGGATATTTATGGACCTAATACACCCTCAATGATGGGAGTTGCAGAGCAGAATCCAAAGGTTACTGAAGGTAGTGGTAATGATCAAAGGTTAATCCCAATCAATAAATATGGAATTTCATTAGTTTCTATGGGTTTCTTAATAGAAGAAGGTCAGCCAGTTATCTGGAGGGGACCAATGTTAAATAGTATTATCCGTCAATTTCTTTACCAAGTTGAATGGAATAATCTTGATTTTTTGGTTATTGACTTGCCCCCAGGAACAGGAGATGCTCAAATCTCTCTCTCCCAATCTGTTCCTATTTCTGGAGCTATTATCGTCACAACTCCACAACAAGTGTCCTTGCAAGATGCAAGGAGGGGATTAGCAATGTTTAAACAACTTGGTGTGCCGCTATTGGGAGTTGTAGAAAATATGTCAGTATTTATTCCGCCAGATATGCCAAGTAAAAAATATGAAATTTTTGGTAAAGGTGGTGGACAAACATTAGCTAAAGAAAATGATTTACCTTTGTTGGCACAAATCCCTATTGAAATTCCTATTGTTGATGACAGCAATAAAGGAGTACCAATCTCAATAAGCCAACCAAATAAGGAAAGTTCTGTTGAATTTGTTAATTTAGCTAAATTAATTAAAAATCAATTTGTTTGTAGTTAATTGATGTTAAGGAGAATTTCTTTATTAAATAAAAGAGGTTTTTTACAAAAAAAAGACAACTTTAGTAGAAAATTTTTATTTTCTCCACTCCTTTTAATTCCTCTTTTTCTAGTTATTATTTCGGGGTTTTTAATAAAAAGTATTCAGGATGGTTTTTTAGCATCTAATTTTTTTAGCCATGTCTTAACAGGTTTTTTAGGCTATTTTTTGGCATTTTTTATTTCTTACATACCCTTAGAGAGAATTAGAAAGTATCTGATTCCATTCTATTTGTGTACTTTAATCTCATTATTTCTAATTTATTTTTTTGGGATCTCAGTTTCTGGAGCTCAAAGATGGCTAAACTTAGGAATATTTTCTTTTCAGCCCTCAGAAGTCGCCAAATTAAGTACTGTATTAGCTCTTGCTTTAGTACTCGAAAAAAAAATAATTTCAACAATAAGAGATTTAGTATTGCCCTTATTAGTAGTTATTGTTCCTTGGTTATTAATTTTTTTTCAACCAGACCTTGGCACCTCTTTAGTTTTATTGGTTCTGACAGGTGTAATGCTCTATTGGTCGCAAATGGCTATAGAGTGGATTTTGATATTAGTTTTTTGTCTTGTAACATCAATATTATATTTATCCATACCAAATCTTCTTATTTTCTGGATCCTATTTATAGGATATCTTGCTTATAGATCTTCGAAAAGGAAAATTATTTTTTCTTCTCTCGCAATGTCGTTGCACTTATTGGTGGCAAAATTGACACCAATTTTGTGGCAATATGGGCTCAAAGACTATCAAAAAGATAGATTAGTTTTATTTTTAGATCCAAATAGAGATCCCTTAGGTGGTGGATATCATTTAATACAGAGTCAAATTGCAATTGGTTCTGGCGGACTTTTTGGGACTGGTTTGTTAAAAGGTAAGCTCACTAATTTGCAATTTATACCAGAACAACATACTGATTTTATTTTTAGCGCTCTAGGCGAAGAGTTGGGTTTTA
CP138927.1_gap50	1615905	1619594	3689	TTATTATAAATAACTATAAATTAGGATGACTGAAACATTAGTTGGTCAATTTCCAAAGCATATAGGAAGTACTGGGGGGTTATTGAACTCAGCAGAAACCGAAGAAAAATATGCAATTGTATGGAAAAGTTCAAAGGAACAAGCATTTGAATTGCCCACCGGTGGTGCAGCTATTATGCATGAGGGTGATAATTTAATGTACTTTGCAAGAAAAGAACAATGTCTTGCACTAGGTACACAACTAAGAGCTTTCAAACCAAGAATTGAGGACTTCAAAATCTACCGAATTTTCCCAGGTGGAGATATTGAATTTTTACATCCAAAAGATGGCGTTTTCTCTGAAAAAGTTAATGAGGGCAGGGAGAAAGTTGGTCATAATCCAAGGAGAATTGGTGAGAATCCTAATCCAGCTGGGTTGAAATTTACTACAAAGAATACTTTTGATTAACTTCCTCAAAGTTGATATAAAAGAAGAATATAATTATAATTTGGGTTGACATTATTAATATGATCAGCTCACAAAAAGAAAGTTTTTTAAAGGCTCACAAAGAAGGTAAAAACTTTATACCTATCATTCAAACTTGGCCAGCAGATTTAGAGACTCCATTATCAACTTGGTTAAAATTATCTTCAAAAGATTCCCATGGCGTTTTTCTTGAATCTGTAGAAGGTGGCGAAAGTTTGGGTAGATGGAGTATTGTTGCTACTAGACCTCTTTGGGAAGCCGTTTGTTATGGAGAAGAAATAGTTAAAACTTGGAATAATGGAAAAACTGAAATATATAAAGGGAATCCCTTTGATCTTTTAAAAACTTGGACTAAGGAATATAAGTCATATATGGTTGATGAATTACCATCAATTGGACAGTTATATGGTTGCTGGGGATATGAATTAATTAATCGAATAGAGCCAAGCGTTTTAATAAATAAAAATGAAGGAAGCAGTATCCCAGATGGCACGTGGATGTTTTTTGATCAATTAGTTATTTTTGATCAAATTAAAAGATGTATAACCGCAGTAGTTTATGCAGATACAACTTCTTCAAAAGATGCTTGTATTGAAGAAGTTTTTCTAAACTCAATTTCTAAAATAAAGAAAACTAGAGAATTAATGAAAATTCCCTTAACAGAAAATGAGTTTTTAGAGTGGAATGAAAATGAGAATTTGAACTTAAATATTAAAAGTAATTGGAAGAAAAAAGATTTTGAGGACGCAGTTCTCTCTGCAAAAGAATACATAAGGAAAGGTGATATCTTTCAAATAGTCATAAGTCAGAGATTTCATACTCAAGTCAACCATAATCCTTTTAATTTATATAGAAGTTTAAGGATGGTTAATCCTTCTCCATATATGTCATTTTTTGATTTTGGCTCATGGTATCTGATAGGTTCCAGTCCTGAAGTTATGGTAAAAGCGGAAAAAAATACAAAAAATCAGATTATTGCAAGCTTAAGACCAATAGCTGGCACGAGACCTAGAGGTAATGATCCTCAACAAGATCTCAAATTAGAAAAGGACTTATTAAAAGATCCAAAAGAGATAGCTGAGCATGTAATGCTAATAGATCTTGGAAGAAATGATCTCGGAAGAGTTTGTGAAGTTGGTACTGTAGAGGTTAAAGACTTAATGGTTATTGAGAAATATTCACACGTTATGCATATAGTCAGTGAAGTTGAGGGGATCTTAAAAAACAATACTGACGTGTGGGATTTGCTAAAGGCATGTTTTCCAGCGGGGACAGTAACTGGGGCTCCAAAAATCAGAGCTATGCAATTGATTCAAAATTTTGAAAAGGATGCGAGAGGACCTTATGCTGGTGTTTACGGATCTATTGATATAAATGGCGCATTAAATACGGCAATTACAATAAGAACTATGATAGTTAAACCTTATGAAGATGGAAAATATGATGTTTTCGTGCAAGCAGGGGCTGGAATAGTTGCTGATTCTTCGCCTGAAAATGAATATCAAGAGACAATAAATAAAGCAAAGGGGATACTAAAAGCATTAGCCTGTTTGGATAAATAAATGAGTGTAGATAATCTTTATAAGGGTTTTGAAGTTGAACTTTTCACAGGTTCTTTAAATTCTCATATTGGAATTTCAGCGGATATTGAAAAAAATTTTTCTAATTTTGTGAAAGAGCCTGATAATAGAAATGTTGAATACATAACAACACCAGAAAAAGACTATAAGTTTTTATACGGTAAATTGCTTACTCCAAGAAAAAATTTAAGAAAATGGCTTAAAAATAAAGGTTTAACAATCATTCCTTCCTCCACTCTTTGTTTTAAACATGATATTAGATTCCAAAGATCTGATGTTGACAATATTTATCATCAGTTTATACAAGATAATTATGGAACCTCAATTGCAACTTCAAGTGTTCATATAAATATAGGAATAAACGATTTAGATAGGCTTTTTGCAGCTATTAGACTAATAAGGTCTGAGGCTGCTTTGTATCTATCCATAAGTGCCAGCTCACCTTTTTTAAATAATAAAATTACTGAAAACCATTCTCAGAGATGGATTCAGTTTCCTAAAACACCTAATAAAATTCCTTTTTTTTCAAGTCATAAGAGCTATGTCACTTGGATCGAGGAAAATATAGCTAATAAAAATATGCAAAATATCAGGCATTTTTGGTCTTCAATCCGACCCAATGGTCCAGATAGGCCTTTAATTCTTGATCGTTTGGAATTAAGAATTTGTGATTTTGTTCATGATATTAATTTGTTATTGGCGATAACAGCCATGTTGGAAATAAGGATTTTACATCTTTTTGAAAATATAAATACTTTAGATCCTTTGACTTCTAGTATTTTTTCAATTGATGAATTATCGGGAATATGCGATCAGAACGAAATTTCGGCTGCTAAAAATAGTCTTAATTCAGATTTAATTCACTGGCAAGACGGCAAAAAAATTAATTGTAGAGAATGGATTCAAAACTTGTTATCAGAATTATCATTAACCGCAGAAAAACTTAATATGAAACATCTTTTGAAGCCTATTTACTTAGTGCTTGAAGAAGGTAATCAATCCATGAAATGGATAAATCAATATGAGAAAGGCCTTTCTATTGAGCAAATAATGAAAATTTCCATCGATGATATGATCAAGAATGAAGAGTAGAGTGTTTGATTATTTAAACAAATATTTGATAAGAACATTTTCACTTATGACATAATGATTATATGGAATCTTTTAAACAGATTGAAAATAATAACGTGGATCTGATAAGTAACAATGATCCACTTGATAAAAATCGTCTTTTGATAGAGGATTTATGGGAATCTGTTTTAAGAGAAGAATGTCCTGAAGATCAAGCAGAGAGATTGATACAGCTTAAAGAACTAAGTTACTCAAAACAAATTGATAGTGATAGCTCAAAAACTTTTAAGAATGAAATAGTTGATATTGTAAATTCTATGGATTTGGCTGAATCTATTGCAGCAGCGAGGGCTTTTTCATTATATTTTCAACTAGTCAATATCTTGGAACAAAGAGTTGAGGAAGATAGATATATTCAAAGCTTTACGAATAAGAATGTTCAAAAATCTCCTGATAATCTTGATCCTTTCGCTCCAGCATTGGCAAGGCAAAATGCTCCAGTAACTTTTAGGGAATTATTTTATAGACTTAGAAAATTAAATGTACCTCCAGGAAAATTAGAGGCGTTATTA
CP138927.1_gap51	1626781	1627281	500	GGGTCACTTTTTAGATGTAATTTTTTCATATTTATATCCAATAAATTAAAAACTAAAATTTTTCCATTTAAAGTTTCACCTTTTTTTAAAATGATTTTTATGATTTCGTTCACCTGAAGAATACCTATTAAACCTGTTGAAACACCCATAACTCCATATTCTGCACAACTAGGGATAGCATTTTGTACAGGAGATTCTGGCAGAAGGTCTCTCAAATTAGGACTATTTTCATATAAATTGAAAACACTTACTTGGCCTTCAAAGCCTTGAACGCTACCAAAGACTAGAGGTTTATTTAATATCAGGCACGCATCATTTATTAAATATCTAGTGCCAAAGTTATCTGAACAGTCACAAACTATATCAAATTCTTTAATTATTTCTATGACATTTTTTGAGGTAATTCTTTTGTTAAAAGTAATTACTTCAATATTAGGATTAAGTCTTTTAATTCTTTTTTTAGCAGAATCAATTTTCAAATTACCAATTGTATTGGTTTC
