gap_id	start	end	length	sequence
CP133659.1_gap1	1079	5502	4423	GTCGGCTGTGCATAGCCCACGTGGATGATGCGGGCGTGCGGCGCGACTACACCTTCGCCTGGATGGCCGAGGCCTCTGCCAAGCTGGCCAACGCGCTGCGCCTGCAGGGCATTCGCAAGGGCGACCGGGTGATGCTGGTGCTGTACCGGCGCATCGAGTTCTGGGTGTCCATGCTGGCCTTGCACCGTCTTGGCGCGGTGGCTATTCCTGCCCCGTCGCAGCTCACCCCCAAGGACATCGTGTTCCGCGTGGAGCGCGCCAGGACCCGGTGTGTCATCGTGGACCATACCATCACCGACCGCGTGGAGGCCGCCCGGCCCGACTGTCCCGGCCTTGCCGTGTGCGTGCAGGTGGGCGGCGACGCCCTGCCGCGCGGCTGGGTGGACTACGACACCATCTTCACCCCGGCGGAGGCCAGATTCCCCCGTCCGGAAAGCCCGCTGGAGTTCGCGGGCGGCGAAGACCCGCTGCTGATCTTCTTTTCGTCCGGCACCACGGGCATGCCCAAGATGGTGGAGCACGTGCACACCTACCCGCTGGGGCACCTGCTGACCGGCATGTACTGGCACGACCTGGTGCCCGGCGATCTGCACCTGACCCTGGCCGACACCGGCTGGGGCAAGGCGGTGTGGGGCAAGTTCTACGGCCAGTGGATGGCCGGGGCCTCGGTGTTCGTGTACGACTTCCGGGGCAAGTTCGAACCGGCGGCCCTGCTGGGCGTGCTGGCCGACCACGCCGTGACCACCTTCTGCGCGCCGCCCACCGTGTACCGCTTCCTTGTCCGGCAGGATCTGTCCGCGTACGACCTGTCGAAGCTGCGCCACTGCACCACGGCGGGCGAACTGCTGAACGACAGCGTGTTTCATGACTGGAAGGCCGCCACCGGCCTTGAAATCCACGAAGGCTACGGCCAGACGGAAACCACCCTGCAAATCGCAACGCTGCCGTGCATGGCGCCCAAGGCAGGGTCCATCGGTCGGCCCATGCCCGGCTGGGACGTGGTGCTGCAGGATGCGGCGGGTAACGTCTGCCCCCCCGGCGAGGAAGGCGAAATCTGCGTGCGCGTGGCCGATGGCCTGCCCGTGGGGCTGTTCCGCGGCTATCTGGAAGAGCCGGAAAAGACCGCCTCGGTCATGTTCGGCGGCTACTACCACACCGGCGACAAGGCTTGGATGGACGAAGACGGCTATTACTGGTTCTTGGGCCGCGTGGATGACCTGATCAAGAGCTCCGGCTACCGCATCGGACCGTTCGAGGTGGAAAGCGCGCTGGTGGCCCATCCCGCCGTGGTGGAGGCCGCCGTGACCGGCGTGCCCGACCCTCTGCGTGGGCAGGCCGTGAAGGCCACCGTGGTGCTGGCCACCGGCTACACAGCCTCGGACGCGCTGACCAAGGAGCTTCAGGACCACGTGAAGAAGGTGACCGCGCCGTACAAGTATCCGCGCATCATCGACTACGTGGCCGAACTGCCCAAGACCATCAGCGGCAAGATCAAGCGCGCCGAAATCCGCGAACGCGACCAGCAGGCCAGTGGGACTTCGGCGTAGGGGAGAGGTTTTTTATACGCCTCCGGCGGGCGGGGGGCTACCGCCCCCTGCACCCCCTTCAAGGTAAAAAAAGGGAACGGGGAGAAGGCGCATCGCCTTCTCCCCGCTTTGCTTTCGTGTAAAGTTTTTTGTGAGTCTCATGGCTGATAGCCATGAGCCAATTTTCTACCCCAATTAAAAAGTTTGGGAGGTAGGGGGTCCGGGGGAAGGAACCTTTTTCAAAAGGTTCCTTCCCCCGATTACTTCTTTGTATTTTCTTCTCTTCCCTACCCCGCCTGGGCCTGCAACTCCGCAAGATGGGTGCGGGCAAAGTCGAGGGAGGGATCGATTTCCAGGGCGGCTTCCAGCAGGTGCGCGGCGGTGTCGGCATCGCCGAGGAACTTGTGGCACAGGCCCAGGTTGGCGAGGTCGATGACGGACCCCTTGTCCAGGTGCAGCACGCTTTCGAAGTTGGCGGCGGCCTTGGCGTAGTCGCCCAGCTTGAAGTGGCACACGCCGCGCAAGTTGAAGTATTCCTTCATTTCCGGGCAGGCGGCCACGGCGCGGTCAAGGCCGGGCAGGGCGGCGGCCCAGTCCTGGGCCAGGGTGTGCACGTAGGCGCCGTAGAAGGCGGCAAGGCCGCGCGCGTCGGCGTCGGGCTGCAGGGGCTCGCTGGTTTCGAACCAGTGGCGCGCCTCGTCCAGGGCTTCGGCGCGCAGGGCCAGCATGCCCCGGAAGAACGGCACGAAGTGCGCGCCGGGGTATATCCCTGCCAGCACCTCCAGGCCGCGCAGGGCGGTTTCGGCGTCGGCTTCCTCGCTCAGGATGCGGCCCACGAACAGGCCGATGGAGGCGTTCTTGTCCCGTTCGCGAAAGCGGAACCCCGGCACGATGTTGTAGTGGGTGGACACGTCCGCGTCGGGGTTGCGGGTGGAGATGGACAACAGGGTGTAGCCCTGTTGCGCGAGGCCGTCGGAAAGGGCGGTGAGCTCGCGCAGGATGTCGTCCGATTCCACGGTGGGCAGCGAGGACAGCGGCACCATGGGGCCGCGCCGCAGCCATTCGATGTCTTCCAGCCGTTCGTACTTGGGCAGGCCGGAGGCCTCGTAGCAGGCGCTGGTGATGAAGTCGCCCGCAAGCTGGGCGATTTCGGTCAGGGCGCGCACGGCGGCCTTGACCGGGGTGGCGGCTGTGCCGGCGGTGTAGACGATTTCGGAGCGGACCGGGAAGGTGGCCGGGTCCCAGGCCACGGCGCCCACGGTGGGCACGGGCAGGCCAAGGGAAAAGTCCTTCAGCACCACCTGCACGCCGTGCCGGGCAAAGCGGTCCAGCAGGTCGCGCAGCACGGCATCGTCACCGGAACCATCGGGCGAGATGTCGATGGTGGGCAGCTCAGGCATGGTTTCGTCGATGATGCAGCACACATGGCGTTCCACCAGTTCGCAGGCGCCCTGGAGGATGGATTCCTCTTCGGTGTTGCCCGCCGACGAGCCGTTGAACTCGCCCAGCTTCTTGAACCAGTCCAGTGGCAGCCACACCTCGCGGCCTTCGCTGCCGTCGCGCGGGATGATGGTGGCGGGGAAGAACTTCCAGCGGATCAGGTCCAGGGCGCGCACGGCGTCGTGCGGGGCGATGGGGTCGTGCACGGATTTGGCGATTTCTTCCACGGGCAGCAGCGCATCGCCGAAGCGGGCCTGCGCCTCGCTCCAAGTAGCCTCGACCATGTCGGGCATGTCGCGCCAGAAGGTGAAGAAGCTGTAGCGCTCCATCAGTTCCATCAGGGCCGATGCCTCGGCCTGCTCCACGGACGCGCCCTTGCCCATCTGCTTGCGGGTGGGCATGACGCGCTTGGCGTCGGCCCCGCACATGCTGAGAAACACGGGAATGCCCAGCCGGTCCACGTCCACGCGGCGGGTTTCGGCAAGGATGTCCACGTCGAGGCTGGCAAGGCGCTGGCGCACGCGGCGCACGGTTTCCACGGGCGAGGTGGCCTTGTCCTGGTCCTTGGTATAGCCCTTGGGGCAGGGAGAGAGCTTGATCATGCGGATGGTCCGTGAGGGGTCGAGGTTGCGGATGCGGGCCGTTTGGTGATCCGGCTGGCTACGCCGACTGGTGCCGTGATCGGCTGGGCCGACTAGGCCGGAGCGGCGGGCGTGGCGCCCGTGCGCTTGGGGGTAAGCCGGTGCACCAGGAACAGGCGGCGTTCTTCCTGCCCGTCGTCGCCGGTGGACTTGATGCCCACGGGCTGCTCGGCCACGTCGAAGTCGCGCCCGGCCAGCTTCAGAAAGTGTGCGGCCTTGCGGCGCTTGTCGGTGCACAGCATGGCCTGCCCGCCGGGGGCAACGTGGCGGGTCAGGAACTTGGCCAGCGGGCGGTGCAGGTCTTCCAGGTACAGGATTTCGGCCCCGGCGATGACGTCGTAGCGGGTATCGAATCGCGCGGTGGTGATGTCGCAGCGGCGCACCTCCACCCGGTCGGCCAGGCCGTTGCGCAGCACGTTGATGCGCGCAAAGAGCAGGGCGTCGTCGTTCACGTCGGTGATGGTCACGCGGGCAAAGCCGTAGCGGGCGGCGATGAGCCCGGTGACGCCGCAGCCCGCGCCCACTTCCAGCAGGCTCTTGCCCGCCGGGTCCAGCTTGCGCAGAAAGCGTCCCAGCAGGAACGAGGCGGGCCATATCTTGGCCCACAGGGGCAGGTCGCGCAGCGGGTCCTTGATGGCGTTGGTGGCGATGAGCCGGTCGAGGTGTCCGGTCATGTTGCGGATCTGCAGGATTTCCAGCGGGGCGTCATCCACGGTGAGGGTTTCGAAACCCACCTCGTAGCGTTCGCGGGCCTTGGCCAGCAGGCGTTCCAGTTCGGCGGCGTTCGCTTCCGCCGTGGGTGCGGATTCGGGGCTA
CP133659.1_gap2	14410	16067	1657	TGGTCTGGTCCGGGTGCGACTGGCCGCGCCGCAGGCTGGCCCTGCGCATGGCGCCGCCAGCCGGGCAGCCAAATGAGGCGGCAGACGGGCAGTGCGCGCTGGTGCTGCTGGACCTGCGCGAGGGCGTGCACCTTGTGGATGCCCTTCCCCCTGACTTCGGCGTAGACCCTGTCTGGCCGCAACTGCCCCCCGCTTCGCAATCCGTTGCGCTGCAGACCGCCCTGCGTGCGCTGTGCGACGGCGCCGCCACCGGGGCCGATCCGGTGCTCACTCCGGCCCTGCGGCGCACCCTGGCCGCCCTTGTGGGCGTTGGGCAGTGCGCCCCTCCATCCGGCAGCACCCCCGGCGGCAATTCGGACACCCCCTTCGGCATTTCCGGCGACGCCCCGGAAGACGGTGTGCTCGACGCCTGCGCCCTGCTGGTGGACCTGGACTCCGGAGAGGGCGACGTGTTCCTGTACCGTCAGCCCAACGAGAGCGGGGCAGGGTCCGGCGAGCCCGACGAGCTTTCCGCGTGGCCCCTGCCCGCATCCCTGCGCGGCAACCGGACCGAGGAAGTGCACGAATCCGCGCTGGATGCTGCCGCCATTCTGGGCGAGGCCGCCGCGTTCACCGGTCTTGCCGATACCGCACGCACGGAGGCCGCCGCCCCGTTCAAGGCCGAAGCCGGGCGGTTGCGCCGCCTGCTGGTCAAGCTGGACGACGAGGAGCGCCGCCTGCGCGACCTGCTGGACCAGCGTGCCGATGGCGTGGCTCTGCAGGCGGTGCTCTATCAATACGCACCGGATGCCCGCCTGCCGGAGGTGACGGTGCCCGACGAAACCTTGTCCGAACCGGCATGGCCGGAAGGCGCGGGGGATGAGGCATCGCCCCCGGCTGGCACCGTCGACGCAGGCCCAGCCCGCACCACCCGCACCATCCGTCTCGACCCGCTGCTGACCGTGCGCGAGAACATGGCCGCCATGTTCCACCGGTCGGACCGGGGCGCGCGCGGGCTCGCCATCCTCGAACGTCGCCGGGCAGAGGTTGCCCGCGACCTGGCCTCCGCGGAGCAAGGCGCAGCCAGGCCCCCGGTGGCGGGTTGCCACCGGTCCAGGCCCGGTTTGCGCCCGCGTCTGGCCTTCCTGCCCCCCGCGGCAAGAAAGGCAAAGGCGGTGCCGATTCCCGCAAACAGCCGGGCAATGCCGGAACCGGCAGCGACGTGCAGCGCTTTCGCAGTTCCGACGGCTTCCTGCTGCTGCGGGGGCGGTGCGCCGAAGGCAACGCGGAACTGCTGCGCACCGCCTCGCCCTTTGACTGGTGGCTGCACGCGGAGGACGGCCCCAGCGCGCACCTGATCATCCGGCGCGACCACCCGGCGCATCAGGTGCCGGAACGCACCCTGGCCGAGGCCGCCGCGCTGGTGGCGGTGAAAAGCTGGCAGCGCAACGCCGCCCGCGCCCGTATCATGGTGGCCCTGGTGCGTGACGTGCGCGCCGTGAAGGGCGCCGCCCCCGGTGCCGTGCGGGTCGATGCGGTGGCCCGGTCCCTTTCCGTGGCGCCGGATGCCGCCCTGGAAGGCTCCCTGCGCCTTGATCATGGCGCGGACGCAGCCGCGCCGCTCTCCGCCGCAAGCCCTTCCCGTGCCACCCCCGGCAAGGGGCGCGGCGGGCGGCAC
CP133659.1_gap3	144745	148391	3646	GGCGTTCGGGTTCAACTACATTGGCCCGGTGAACGGGCATGACGTCAAGGCGCTGACCCGCACCTTCGACATGGCCCGCACCCTGGACGAGCCGGTGCTGCTGCACGTGCTGACCCGCAAGGGCAAGGGATACGCCCCGGCGGAAACCAATCCCACCCATTTCCACGGTGTGGGCCGCTTCGAGCCGGAAACGGGCAAGGCCGCCAAGCTGGCCGACGCCCCTGCGCTGCCCAGCTTCACCGACGTGTTCGGCGAAACCCTGTGCATGCTGGCCGACGAGGACAAGCGCGTCATGGCCATCACCGCCGCCATGCCCGAGGGCACCGGCACCAGCTGTTTCTGTACGCGCCACCCGGAGCGGTTCGTGGACGTGGGCATCTGCGAGCAGCACGCGGTGACCTTTGCCGCGGGCCTTGCCACGCAGGGGCTGCGCCCGTTCGTGGCCATCTATTCCACCTTCCTGCAACGCTCGTACGACCAGGTGGTGCACGACGTGTGCATCCAGAACCTGCCGGTGGTCTTCTGCGTGGACCGCGCCGGTCTGGTGGGCGAGGACGGCCCCACCCACCACGGGGTGTTCGATATTTCCTACCTGCGCCACATTCCCAACATGCACATCCTGGCCCCGCGCGACGAGGCGCAACTGCGCCACGCCATGCGCACCGCCCCGGCTCTGGACGCGCCGGTGGCCGTGCGCTACCCGCGCGGCGTGGGTACGGGGGCCGCGCTGCCCCCGCGCGGCGAGGTGCTGCCCCTTGGCCGGGGCGAGGTGCTGAAGCAGGGCGAAGGGCTGGCCATCATCGCCTGCGGCAGCCGGGTGGCCCCGGCGCTGGAGGCGGCGGAACGGGTGGCCGAGGAATCGGGCCGCCAGGTCACCGTGTTTGACGCGGTGTGGGTGAAGCCGTTGCCGGAAGCGCAATTGCTGGAACTGACCACCACCCACGATGCCCTGCTGCTGATAGAGGAAAACGCCCTCGCGGGCGGTTTCACCTCTGCCGTGCTGGAATGTCTGGCCGACCACGGCGCGCTGCGCGGGCAGGCCATTCGCAGGCTGGGCGTGCCCGACCACTTCGTGGAGCACGGCAGCCAGAAGGAACTGCGGGGCAAGCTGGGCCTGTGCGTGGACGGCATCGAGGAGACGTTGCGGTCCATGCTGGGACTGGGGTAGGGCGGGCTGCCGACTCAGCCTGGAACATCATGCAATGAACGCGGCGGCGGGAGGTCACTCCCGCCGCCGTTGGTTTGCGCAATGTGCCCGGTCCGCAACCCGGCGCGCACCGGGCTGCGCGGGCTGGCTGCTCCCTACTCCCGCATTTCCGCGATGATGGACTTCAACTCCACGGCCAGCCGGGCCAGTTCGGTCACGGCCTGCGACGATTGGCCCATGGCTTCCGCCGTTTCCGAGGCAATGCGGTTGATGTCTTCCGTGCCCCGTCCCACCTGTTCGCTGGCGGCGGACTGCTGTTCGCTGGCGGCGGCGATGGCGCGCACGTTGTCCGAGGTCCGTTCCACCAGCCCCACGATGCTGCGCAACGAATCGCCGGAAAGGTTGGCGGTGCGCGTGCAGTCAACGATGGCGGCGGTGGTGTTTTCCGTGCTCTGGATGTTGGCCCGCGCACTCTGCTGCACCGAGCGGATGTACCCGCCCACCTGACTGGTGGCGGTCATGGTCTTTTCGGCCAGCTTGCGCACCTCGTCGGCAACCACGGCAAAGCCGCGCCCGGCGTCGCCAGCCCGGGCCGCCTCGATGGCGGCGTTCAGCGCCAGCAGGTTGGTCTGGTCGGCGATGTCGGCGATGACCGTCATGATCTGGCCGATGCCGTCGGCCTGACGGCCCAGTTCGGTCATGTCGGCTTTCAGGGTTTCGGCCTGCCCGTTGATGGCGTTGATGGTGTTCACAACCGATTCCACAAGCCGCGCGCCCTCCTGGGCTTGCGAGCGGGCGGAATCGGCCAGGTCGGCGGTTTCGGCGGCGTTGCGCGCAACGCTGATGGAGGCGGCGTTCATTTCCTCCACGGCGGCGGCAGCCTCTGCCGTGCGGCCACGCTGTTCGTCGCTGCCACGGGAAGACTGTTCGATCTGCGCGGCCAGTTGCTCGGAGGCCGAGGCCAGCATGTTGGCCACTTCATCGGCCTTTACCGCGGCATGGGCGATGCGTTCGTTCTGCTGCTCTATGCGGGCGTGCTGGGTCTTGATGTCCGTCTGGTCCGAAATCAGGGCAAACCCGGCAATGAGCGTGCCGTCCAGGTCGTACATGGGGGCGGCGTCAACACTGGCATGCAGCCGCGCGCCCTTGCGGCCCGTCAGTTCCGTCTGCACGCCGCGCTGGGGGGTGCGCTCACGCATGCAGGTGCCGATGACCGTGGGGTGGTTGTCGTCGCCGTGGAAAATGCGTCCCACCGGCACGCCCATGAAGGCCTGCGGGTCGCCGTCGATCTGCATGTAGTCGAGGGTTGCGCGGTTGACGAACAGCACCCGCTGGTCTGGCCCGGCCACCACGCAGGGCAGGGTAATGCCGTCCAGCAGGCCCTGGGCAAAACCCAGCTTGTGCTTGAGTTCGCCCACCATGGTCCGCACGTTGTCGCCAAGGCTGCGAAATTCATACTTGAAGTTCTGTTGCAGGGTGGCGTGCAGGTTGCCACCGGCCACGGCGTGGGTGAATGCCTCCATGTCCGACACAGGGCGGGCCACCAGGCGGCGCACCAGCAGCGATACCACGCCCGCCAGCACCAGCAGTGCCGCCGCGCCGATGCCCAGCAGGGTGTTGCGCTGGGCAACGGCCGTACCGGCCAGTTCGTCGGTGTAGGCGCTCATGCACACCAGCCAGCCGGTGGTGGGGTCCGTGGTGACGGTGAGGTATTTGCGCTCGCCCTTCCAGTCGTAGAAGGCGTTGCCGTTCTTCATGGACAGGGCGGTGCGCACGAATTCGTGCTCGGTCACGTCCTTGAGCATCATGTCCTTGTCGGGGTGGGCGATGATGTGGCCGCTGCCGTCCAGCATGAAGCCGTAGCCGCGCTGGCCGAAGTGCAGACCGCTGACGAAGACCGAGGTGAAGTTTTCCCAACGGGGGAAGATGCCCACTCCGCCGATGACGCGGCCACCGGCATCGCGGATGGCCTTGACCGCCACGAAGATGAACATGCTGCCGCCGCCGCTCTTGGCGGTGATGATGGACTTGCCGATGAAGGTGTCCTGCCCGGCCATGACCGCCCTGAAGTAGTCGCGGTCGCCGCGCTTGCCGCCGGTCAGGTCTTCCATGTCGGCGTTGATGCCCGCGCGGATGGTGCCCTTGTCGTCGAACACGATGACCGACCAGATGTTGGCGTCGCCGCGAACCACATCCTTCAGGCGGTTCTGCGCGGTGGCGGCGTCGCCGGTCAGGGCTTCCAGCACCAGGCGCTGCCTGGCAAGCTGATTGATGGTGCCGGTGAAGTTCTGCACGTACAGCGCAAGCGCATCGCGCGCTCTCTCGCCTGCCTGTTCCATGGCGTGCTGTTCCAGTTCCAGCGCCATGCGGTACGAGGAACCCGTCACGTAGTATATGATGCCGCCGAATGCTGCGATGACGGCCAACATGACGGAAACGATGAATACCGGTGCGACGCTCTTTACGCTCATGGTCCCCCCAAAGAATGCAATGTTTCTA
CP133659.1_gap4	149981	154263	4282	ACGCGGGGCAGGGGCATGTCGATGGTCACGGGCTGGTCGCTGGCGCCGCAGGCGCGGGCCAGCGGAATGACCTTGTCGCCCAGCAGCTTGATTTCGCGCGGGGTGTCGTCGTCTTCCTCGGACATGGGCATGGACCCGTCACCGCCCCCGCCGTTCCTGCCGCCGTCGTCGTTCTGCTGCTTGCTGATGGTGGCCTCCAGCAAGAGCGGCTGGTCGGACTTCAGCAGTTCGCGGAACTCCGCGTACGGCTCGGGAAAGAACACGCATTCGCCGGACGCGGTAAGGTCTTCCACTTGCAAAAAGGCCATGCGCGCGCCCTTCTTGGTCATGTGCTCCTTGATGCCGGTGACCAGCACGGCGGTCTTCAGCGACATGCCGGGGGCCATGTCCCGCGTTTCTTCCAGCGGGGTAAGGCGCAGGCGGAACAATTCCTTGCGGTAGGGCTGGAGCGGGTGGCTGGTCAGGAAGAAGCCCAGCGCCTCCTTTTCGAAGCGCAGCTTCTGGTCGTCGTCCCACTCCTGGGCCTGCTGCTCTTCGCAGTCAAAGCCGATGCCGGGGCACACGGCGGGTTCTTCCGGCACCATGGTGAACAGCGAAACCTGGTTGGATTCCTTGTCCTTCAGGCGCTTCTGGGCCTTGCTGACCACGTTGTCCAGCGCGGCCAGCATGCCCGCGCGGGTGCAGCCCAGGCAATCGCACGCGCCGCCCTTGATCAGGCTTTCCAGCACGCGCTTGGTCACCTTGCGCAGGTTCACGCGCATGCACAGGTCCAGCAGCGAGGCGAACACCCCGCCTTCCTCGCGGGCATCCACGATTTCGCGGATGGCTTCGTCGCCCACGTTCTTGATGCCGCCAAGGCCGAAGACGATGGCCCCCTCGTGCACGGTGAATTCGCGGCGGCTGGCCTGCACGTTGGGCTGCAACACGGCGATGCCCATGTCCTTGCACGCGGCCACGTACTTCAGCAGCTTGTCCTGGTTGCCCATTTCCGACGTGAGCAGGGCGGCCATGAATTCGGTGGGAAAGTGCACCTTCAGGTACGCGGTATAGTACGAGATGAGCGCATAGGCCGCGCTGTGCGACTTGTTGAAGCCGTACTCCGCGAACTTTTCCATCAGGTCGAAGATTTCGTCGGCCGTGGCTTTGGGAACCCCGTTCTTCTGCGCTCCCTCCACGAACTTGATGCGCTGCTGGCCCATTTCCTCGGCGTTCTTCTTGCCCATGGCGCGGCGCAGAAGGTCCGCGCCGCCCAGGGTGTAGCCCGCCGCGATCTGGGCGATCTGCATCACCTGTTCCTGGTACACGATGACGCCGTAGGTATCGCGCAGGCAGTCTTCCAGCGAGGGCAGGGGGTAGGTGACGGGCACCTCGCCGTGCTTGCGCTTGATGAATTCGTCCACCATGCCCGAACCCAGCGGGCCGGGCCGGTACAGGGCCAGCATGGCGATGACGTCGTCGAAGCAGGACGGCTTGAGCATGCGCAGGTACTGGCGCATGCCCGAACTTTCCACCTGGAAGATGCCGTCGGTGTCCCCGCGCGAGTAAAGTTCGTAGGTTTCCGCGTCGTCCAGGGCCAGGGTGTCGAGGTCGGGCGGGGTCTTGCCCTGCCGGGCGATCTCGTCCAGCGAATCCTGCACCAGGGTCATGGTGCGCAGGCCGAGGAAGTCGAACTTCACCAGCCCGACCTTCTCGACCATCTTCATGTCGAACTGGGTGACTATTTCACCCTTTTTTCCCCGGTACAGCGGCAGGTAGTCGCGCATGGGCCTGTCGGAAACCACGACGCCCGCAGCGTGGGTGGAGGCGTGGCGCGAAAGCCCTTCAAGCCGCATGGAAACGTCCAGCAGCTTGCGGATCTGCGGATCGGTCTTGTACAGCGCGGCCAGGTCCGGTTCCGCGTCGATGGCCTTCTTGACCGTCATCTTCAGGTCTTCGGGCACCAGCTTGGCGATGCGGTCGGTCTCGGCAAAGGTCATGCCCAGGGCGCGGCCCACGTCGCGCACCACCGCTTTCGCCTTCATCTTCCCGAAGGTGGTGATCTGCGCCACCATGTCTTCGCCGTACTTCTCGCCCACGTACCGGATGACCTCTGTACGGCGGCGTTCGCAGAAGTCCACGTCGATATCGGGCATGGACACGCGTTCGATGTTCAGGAAGCGTTCGAACAGCAGGTTGTACGGGATGGGATCGAGGTTGGTGATGCGCAGCGACCACGCCACCAGCGAACCGGCGGCGGAACCGCGCCCCGGACCCACGGGAATGCCGTTGTCCTTGGCCCAGTTGATGAAGTCCTGCACGATGAGGAAGTAGCCGGGAAAGCCCATCTGGCCGATGACGTCAAGTTCCAGCTCAAGGCGCTTCCAGTACAGGTCATGGTCGATGGTGTCGCGGTTGGGGTGGCGTTCCAGGCGGCGCTTCAGCCCTTCGCGCGAGAGGCGGCGAAACTCGTCCTCCAGGGTCATGCCCTCTGGCAGGGCATACACGGGAAAGACGTACTTGCCGAATTCGAACTTCACCGCGCACTGCTCGGCGATGCGCCCGGTGTTGGCCACGGCGTCGGGCACGTGGGCGAACGCCTTTTCCATTTCCTCCGGCGACTTGTAGTACAGCTCCTTGGTCTCGAAGCGCATGCGGCGCTCGTCGTCCACCTTGGCCTGGGTCTGGATGCACAGCAGCACGTCGTGGGCTTCCACGTCGCTGGCTTCCAGGTAGTGGCAGTCGTTGGTGGCCACCAGGGGCAGCCCGGTGTGGTCGGCGAGCTCGATGAGCTTCTCGTTCAGCTCGTCCTGTTCCTTCAGGCCGTTGGACTGCAATTCGAGATAGAAGTTGCCGGGGTAGATGGCTTCGTATTCGCGGGCGATGCGGATGGCGTCGTCCATGCCGCTGCGCAGGAGCGCGCGCGGCACCTGCCCGGCCAGGCAGGCGGAAAGGGCGGTGATGCCGCCCGAGTACTGGCGCAGCAGGTCCATGTCCACGCGCGGCTTGTAGTGAAAGCCGTGCAGAAAGCCGTGGGATACCAGCTTGACCAGGTTGTGGTAGCCTTCGTTGTCACGCGCCAGAAGCACCAGGTGGTGGCGCACGCGGGCCAGCTCCGAGGTCTTGTCCGTGTGGTCGTTGGCCACGTAGACTTCGCAGCCGATGATGGGCTTTATGCCGAACTGCTTGCAGGTATTGTAGAAATAGACCGCGCCGTAAAGGTTGCCGTGGTCGGTGATGGCGGCGGCGGGCATGCCGAAGTCCACCGCCTTGGCGCACAGGTCCTTCAGGCGGATGGCCCCGTCGAGCAGGCTGTATTCGGTGTGGCAATGCAGATGAACGAAATCGGACATGGACGTTGGACGTGTTCCCGACAGGGCGGCGCAGGCCGGGCCGCGTGGGCGCGGTGCCTGGTCGTCTGTCTGTTCGCGTGTGAATACGGATGGTTGCCGCTTCGGGTGCCGCCCAGCAGGGCGGCGGCGGTGCCGTGACGGGGATGACACACCCTAGCAGAAGGGGGGCGCACCCACAACGCCGGAGTGGGGGCAGTGCGGGGCGGGATGGGCATGTGGCGTCGGAATCATCGGTCGGGTGCAGGGGCCTTGCGCGCGGCTTGCCCGGCAGATGGGGAATGCGTACAACCACGGCTGCCGCCGCAGCCAGCGGACGGCACAGGAGCCAGCGGACGGCACAGGAGGTTGACGTGTTCGATGTGACCATGGCCCATGCGGCCACCGCAGCCACCGTGGCAACGGACGCGGGACTGGGGGGGCTGATTCTGGAAAAGGCGGGACAGTACGTCCTGATCATCGCCTTTTTCGGGTCCATCATCTGGTTTCTGCGTTTTCTGTACGGGCCCAAGGGCATTTTTCGCGATCCGGCCTGGGACCGCTGGAACGATCAGGCCCGGCGCGAGGCAGAACTTGCGGCGCGCGACGCTGATGCACAGCCGCAGGCGGCCTCCCATGCGCAGCAGCCCGCCGGGGCGGCAGCGCCTTCCGACGGGGAACGGCGGTGAGCATGGACTCCCAGCGCGACATTTCCCGGCACGAGGCGTGGTTCGGCCAGTACGTGGATCGCTTTCTGACCGGCGATGCGGCGCATGACGCGCACATCGAACTCAAGCGCGAACACTCCCTGCTGGTGCTGGGCAATGCCCGGGTCATCGTGGCCGAGGCCTTGGCGGCGGGGACCATGGACGTGGTCAGCGCCCGCGCGGCCTTGCTGGGCGCGCTGTATCACGATGTCGGGCGGTTCTTGCAGTATCGGCGCTGGCAGACCTTCAGCGATGCGCGTTCCACCAATC
CP133659.1_gap5	155871	157718	1847	GCACGGCGGTCACCAGGTCGAGCGTTGGCTGGGTCACCCGGCCCTCGGCCAGAAGGCGCTGGCGGGCGTCGGCCACGCGCAGGATGGACAGCGGAGTTGCCAGCAGCGGCACCAGGCCGGATGTCAGGGCATCGCGGTAGTAGGCGGTGTCCTCGTGCTTGCCCAGGAATTCGCGCAGGGTGGCGTCGAGGGAATAGCCCTCTTCCTTGAAGGCGTCGTCAAAGGCGCGGTACATGTCCAGCCGCAGGCCCTCGCCGGTGAATTTCGGCGCGGTGGCCGTGCCGGTCAGCACGCCCAGCAGCCCCTGTACCACGGCCTGCTGCCCGGCGTTGACGGCCTTGTTCTGCACCCGTTCGAACACCGGTTTGGTACAGCTTTCGCGCGGGGGGCAGACCCGCCCGGCGCAGGCGGCGCACAATGCGACGGCAAGCAGCAGCACGAGGACGGCGGTTTTCGGAAGGGCGGCACGGGCGGGGGGGGGCGCTGCGGGGCGTGAAGGGCATGGCACGGTCTCCTGCGGGACGTTGATGACCAGGGGCGTATCTTTCAATAGGCCGGGGGGCGTGCCGATGCAACCGGTTGGAGCGGGGGCGGATGGCGATTGCGGCGGCGGGGGCTAGCCCGGCGCGTCGGTATTCGCCCAGGTCAGCCCCAGTTGGACCATCAGCGCCGCACAGTCGTCGGCCACCATGTGCGCCCCGGCCTCGTGCAACGCATGGGCGGGGCTTTCGCCGCTGGCCACCCCGGCGGTCAGGGTGCCCGCGCGGTGCCCGGTCACGATGTCCATGGGGTGGTCGCCCACCATCAGCGCCTCTGCGGGGGGGCGCCCCAGCATGCCCAGCGCGCGCAGCAGGTGGTCCGGGTCTGGCTTTACGCTGGGGACGTCGTCGCGGGTGAGCAGGCAGGGGCACAGGGCGTCCACATCGGGAAACACGGCCCGCACCGCCTCCGGGCAGTTGCGGGTCACGATGGCCACGGATACGTCCAGTGCGGCCAGTTTGGCCAGCATGGGGCGGGTGAAGGGGAACAGGCTGCCCCGCGCGGCGGCTTCCACCTCCACGCGGCGGATGGCGGCGTGGGCATCGGCGTACAGGGCGGCGGCGTCGGCGGGGCGGCCATGCGCTTCCAGCAGGGCGGTCACGTGGGCGATCCATTCCATCACCGGCAGGTCCGGTCGGCCGGGCCGGTCGGGGGCGTGCGACGGATCTGGGGGATGGAGCGGATATGGGCGATGCGTTGCATCCCGTTGCGGGTGCGGCTGCGGTGCCGGATGCGGGTCCAGATGTGGTCGCATGGCCTCTGCCACGGCCCGGCGCATGACGCCGAAGTCCAGCGTGGGCGCGGCAAGGGTGCCGTCGAAGTCGAAGACCACGGCGCGCACGGTCACCCCGGCGCAAAGCAGCGTGCGGCGTGTCATCACTGGAACGGGGCCAGGCCCGGCAGGTTCAGCTGGGGCTGGGGCTGGGACTGGGGCGGCGCGGGCCAGGCGTCATTGACCGGCACCACCAGCGTTGCCGGGTGAAAGCTGGACCAGGCGAACCACATGGCGTTGACGGGTATCAGTTCGTTCAGCACCGCGCCCTTCATGGGGCCCACCTCTGCCTTGCCGTCAATGGACCATTCGCTGCCGCTTTCGGTGTCCACCAGTCGGTTGGGGCTGTTTTTCTTCAGCGCGAAAGTGGCGGGCTTGCCCCACACCGTGCGGTCGTATACCCGGATCACGTTCAGCCGTTTGTCCACCACGGCCACCAGCGGCATGGGGCCCTGGTCGATGTTGACCACGCCGTCCTTGCGCACGGTGGCCACGTCGATGGCCAGTTGCTGCCCCTGCACGTCCAGGCCGAGGA
CP133659.1_gap6	357580	361933	4353	CGCCGAACAGCGTCTTCATGGCGGCCAGCACTTCGGGCGACAGCCGCAGGCCCTTGGCCATGGCCTCCAGTTCCGCCACATTGACGTCGATGGCGTCGCCGTCGGTCTTGCTGGTCAGCTTGCTGCTGACGGCCTTCCACACCGTGTCGGTGTTGCCCGCGTCCATCTGGGCCAGCATGCCATCCGCTTCTTCGGGCAGCATGCCGATCTTTTGCAGGAACTGCTTTGCATCCAGGCGCTGGTTGCCGCTCAGGGAGGTGGTTGCCGTGCCTTCTGCGTCCAGGTTGGCGTAGGGGCCATCCTTGCGCAGGGCCGAAATGACCTGCCCCAGCGAGTAGTTGCCGGGGGTGGAGGCCATCTGGGTGAGGCGTTCCAGCCGGTCGGGCGAGACGCCGCTCTTTTCCAACTGGTTCCGCAGCGCGATGACGTCCTGCAAGGAAAGGCTGATCTGCCCCGGCGCGGTGAGCACCCCGCCGTCTTCGCCCCTGCGCACCTTGCCCTTGGCTTCCGTGGCCGCAGTGGCGGCGGTGCGGAGGGCGGTGGTGCCCGCGCCTGAGATGGAGCGCGGGCTCGCCTTGTCCGCGAGCACGGAAGCGAAGTCGAGAGTGCTGGCAGTGACCTTGGGGCGCCGCGTCACATCGGACGGCGCCTTTTCGGTCTCGGGAAGAAAGGGAAAAATATGCATGCCGGGGCTCCTTGCAGCCATTGGATTACAAGGACCGTTCCAAAACTTTACGCAACATGATTTCAGGTGGTTACATGCGTGATTGGGCGGCTGGCCCGGCAAGGGCTGCCGTGCGGGTGTTGAGGGTGTGCCAGGTGCGTTTGCAATTCTTGACCATTCTTGATGGTCGGGTGGGGCGGGGCGAAAGGCGATGGGCAGGCGTTGAAGGCAGAGAACGGAGCGGGTGCGCGACGGCGGACAGGGCGGCAGACAACGCGCCGCAATGGCGCGGCATGCGGATGGGCCCCGATGGGCCAGCTTGAACCGGCCAGGGTAGTCAGGACGGGAGAGGATGGGCGAAGGGGGGCGAATCAGGTCGTAAGGGTGGCCGGGGCCTCCACCATGGTCAGGGCCTCGGCCCAGGCGGCGGGAGTGGCGTCGGCGTTCTGCACGGACATGTGCAGATAGCCGGTGAGGGGGCGCAGCATGGGCGGGTGGCGGTGCCAGAAGTCGGACGGCAGCGTGGCCTGCCCGGTCCCCAGGCCGCGCAGGGCTTGGGCCAGATCGCGCCCAAGGCCCGACAGGGCGCGGCGCAGGGCTTCGGCCAGACGGGGCGAGGCGGTGGCAAGGTCGGCCCAGGCCCGGCGGGCGGCGGCCTCGCCGTGCAGGCCGAGTCGCCATGCCCAGAAGGCCTTCCAGAATTGACCGAACAGGCGGCGGGGCATTGCCTGCTGCCCGTTGCCGTTGTCGCCCACGGGAACGAGGTCGAAGAGGCCCAGTGTGTCACGCCCGGTGCGCAGCAGTTCCAGACCCGGCAGGCGCAGCCGGGCAACGCGTGAGGCGGCGATGGCACCATTCGTGCCATTGGCCGATTGGGCCGGGACGGCGTCCTGTTCGCGCAGCAGCGCCTGCACCAGCGAAGACACCCGCGCTGGGTCGAACCTGTCGCGGCACAGCACGGAAGGCTGGGTGCACCGCCAGCAGCCCACGCAACTGATGGTGGCGCGCAGCACGTGGTGGCCGGGGGGAAAGGGGGCGGTTTCCCGGGCGTTCACCGGTCCCATGGACAGGTTGAGGGTGGGGGTCTGGGTCCAGGCGGCCACGTGCATGGGGCCGGTATCCGGCGTGACCAGCAGGCGCAGCGAACGGGTGAAGGCCACCAGTTCCGGCAGGGTGAAGCGGCCACACAGGTTCAGGGCCGGGGTATTGGCGCGGCGGGCCACGTCGGCCCCCAGCGCCGCCTCCGCCGGGCCGCCCAGCAGGACGGGCTTCAGCCCGCGCCGCAACAGGTCACGCGCCAGCGCGGCCCAGAACGGGGCGCTGGGGCGTTTTTCCGGCTCGCTGGCCCCCAGGAACAGCCCCACTCGTTGCGGGTCGCGCCCGTGATGCTGCGGCGCGGGCCAGTCGGTGCCACGTATCCGGCGAGCTGGCACGCAGTCCAGCGCGTTCAGGTCGGCCCAGTGGAACAGGTTGTGCCGGTTGTTGTGCACCAGCGAGGTCCGGTACAACTGCCAGCGCCCGTGCACGTAGGTGGTCCGTCCGGCGTCTTTCCCCGTGCCGACATCTGCCAGACGGGGGCCGAAATGCGCGTCGGCATGCAGTTGCCCCGCCAGCGCGGCGGCCTCTGGCCGGTGGCTGAGGTTGATCACCTGATGGTAGCGGTTCTGGCGCAGCCGGTTCGCCGCATCGTACGGAAAGAACACCGCCTCCGGCCCGATGGGCATGAGCCCCTTGAAGAACTTTTCCTCTCCCACCACCCACAACGGGCGGCGCGGGTGTTCCGCCCGCAGCCACGCCAGCAGCGGAAAGGTCAGCACCAGGTCGCCCATGCGCTGCATCTGCAACACCAGAATGGGGGCATCGGGCGCCTTGTCCCCGGGTGTGTTGCCGGTGTCGGGCGCGGTGGGGGGGGGGCGGGGACGTGGGGGCGGTGGTCATGGCCGTGGTGTGTGCCTTGGTATGGGCGTCGATTCGGGCGTTGGCGGGGCTTGGTGCGGCTATCTGGCGCGGGCCGGGCCGAAAATGCGGCGCATGTGGTCCAGCAGCGAACGCAGCCGGTGCTCGTAGGTGTGTTCGGCTAGGATGCGCCTGCGCGCGGCGGCCACCACGCGGGCACGTTCTTCCGGATGATCCAGGTAGCGGCGCAGCAGGGCGTCCGCCTCTTTCGGCTCCGCGTAGCAGACCACTTCGCTCCCCGGTTCGAACAGGTTTTCGATCTGGTCGCGCCAGTCGGTGAGCACGAACGACCCGGTGGCGGGCACGTCGAACACCCTTTGGTTCACCGCGCCCTTCATCTGCTTGCTGGTGCAGTTGAAGTTGATCTCCGACAGGGGGTAGAACGCGGGCAGCTCCGTGTAATAGTTGATTTCCGGGTGCAGCCGCCATCCCGCGGGCGCGGTGCGGAACACCTTGTGCCAGCCCTTGTCGCCCACGATCAGCGGGGCAAAGGGCAGGGTGCGCGCCACGCAGGCGGCGCGGTACTGGCGGGTGGCCTCCCGGGTGAGCATGGTCTCGTAGCACAGCCGCCGCTCTGCATCGCCCATTCCGTCATGTCCGTTTTTAGCGTCCAGCCCCCCCCAGGCCGTCGTACACGGTGGCAAGGTCCGGCTGGTGCATCCGCAGATAGGACTCCACGGAGCGTTCGCCGTGCGCGCCGAAGCCCGCCGCCACTTCGCGGTACGAGCGCAGCAGCGCGGCGGGCAGCTTGCCCGCCTTCATGCGGTGGGCCACCTTGTAGACCATGGAATTGCCCACGAACGACACCCGCGCCCGCCACGGATGGCTGGCGGGCGGCGGCGACGCGGGCGGGGCGAAGCGCACCGGGTCGGTGCCCAGGGGCAGGTAGGCCACATGCTCGAAGCCCAGTTCGCGCAGCGAGGGCAGGTTGTCCGCATCCCAGGTGAAGATGGCCGTCCACGGGCTGACGATGCGCCGGTACAGGTAGAGGATGAGGTGCGGGTTGTCCACGAACCACGAGGCCAGGGGCAGGCGCAGCTTTTCCAGCAGGTCGGTCAGCACGCCTTCGCGGTCCACGCCCAGATGGTTGATGGTGAAGGCGAAGTCGGGCCGGAATTCCACCACGGCGCGCAGCAGCTTTTCCACGAACTCGCCGCGGCCCACCTCGTCGTCGTCCAGGGTCAGCAGGTGGTAGGGCACGCCCAGGCGCTGGCAGGCGGTGACGATTTCGCCCATCAGGAAATACTGGCTGGTGATCAGCAGCATGCGCGGCAGAGCGGCGGGGTCCGCGAATTTTGGATAGGCGGCCCGTTCCCAGAAATTGTAGCGGGCGCTGGCGGACAGCACGTCGCGCAGGCGGGCGTAATGGGCGCGGTCCAGCCGCAGGTAGAAGGGGTGCGGCAGGGGCAGCAGTTGCAGCCCGCCGTGCTCGTACTGCCAGCGGGTAAGGGTGCGCAGGGCCGCGTCCGCGTCGTCGTCGGTCACCCACAGGATGCGTCCGGCGGCGGTGTCTCTGGCGTGGCGTTCACGCAGGCGGGTGGCGGCAAGGATTTCCGTGGAACGGTCCACCACGGCCACGGGGCCGGGGTGCAATTCCAGCAGGCGAGCCAAGGCCGCGCCGCTGCCCGCGCCCAATAGGACGGGCAGGACGGGCGGAACGGGCGGGACGGGAACGCCCGCCGGGCCTGTGGCGTCGGACGGGTCAGCCCGGGACGCCGCATCCGCGCGCAGCT
CP133659.1_gap7	392210	395870	3660	CGATGACGTCGTGGGTTTCCAGTTCCTTGCGCAGGCGGGATGCGTCGATGTCCATGATCCGCGCCCGCCCGAAGGCGTCGCTGGTGGTGATGGGCACTCGGAACCCGGTCATGGAGCGGGCCTTGATGCCCGAATCCTTGAGCAGCATGGAGAAGAGCGCCACCGAAACCTGTTCGCCGGTGGCGATGAGGGCGTCCACCTCTGCCGGGTCGGGGTCCGTGGACCATTCATCGGCCAAGGCCAGCAGGCGGTTGGTTTCGCCCGAGCGGGCGGAAAGCACCACCACCGGCTTGTAGCCGTCGCGCAGCGCCCGCCGCACCTTCTCGCGCACCTGCTTCATGCACTCGAGGTTGGCGACGGACGTGCCACCGAACTTCTGCACCAGAATACGCATACCGCTTCCTTATCGTGCGTTGTGTCGAGCGTTGTGCCCAGTGTTGTGCCCGTGCTGTGGGTGTCGTGCGCCGGGCCGAGGCCCGGCAGCGTCGCTACGTATTCTCAGTGTCGGCAAGGGCGGTGGGGACCTGCGTGGCCGTGACCTCCGCCCTGTCGGGCGCCGTAACGGGCGCCGTTTCCGGCACGACGAGGTCCGCGACCTCGCGCGCTGTTGCAGCCAGTACGCTGCGTGCCGCCTCTCCCCGGGCAATGGCCGTGATGAGCCTGCCGTGCGCGGCCGGAAGCCAGGTGAGCTCCAGTCTGTCGGGGGGCAGCACGTCGGTCGGAAGGCGTTCTGCCCATTCGACAATGACCAGCGCCCGCCGGGGGCCTTCCGTTTCCAGAAGGTCCAGCAGGGCGTCGTCAGCTACCGCAAGAGCGGCGCCGGGCGCCTGCTCCAGTCGGTAGAGGTCGTAATGGGCCGTTTCCGGCCGGGTGGGGTACATGTTGCAAATATTGAAGCTGGGGCTGCTGACCTCGGCGTCGTCGCCGCCGGGCAGCGCCTCTACCAGGCCGCGCACGAGCGTGGTCTTGCCCGCGCCAAGCCCGCCGGACAGCAGCAGCGTGCGCGCCTCGGGTCGAGCCGCAAGGGCCAGCGCCAAGACGCGGCCCAGGCGCAAGGTGTCGCCGGGGCCGGGCAGCCGCAGGGTCAGGGCCGTGTCATGCCTGATGGGCTGTGCAGTCCTGACAGGACTGGCAGGCTCGATGGGCCGGTCGGAAGACGCTGGGGCCATGCGCCCGACGGCTACGCTCCCGCAAGGGTGCGCAGCACGTCCTCCTTGCCGATGACGCCCACCAGCCCGCCCGCGTCCACCACGGGCAGGGTGTGGTACTTGGAGTCCACCATCAGGCTGGCCACTTCGTCGATGGGCGTTTCAGGCCCCACGGTGACCGGGTCCGGCGTCATGGCCTGGCCCACGTTGGTGGCGGAGATCTTGCGCATCTCCTCGTCCAGGTCGCTCATGGAACGCAGGGGAATGAAGCCGTCAAGCACGGTGAACAGCGTCGGCAGGTTCAGCTTCTTGTGCTGGGCGATAAGGTCGCTCTGGCAGATGACGCCGACGAGGGTTCCCTTTCCGTCCACCACGGGCAGGCCGTTGAACTTGCGCTGGATCATGATGCGGGCCGCTTCGGCGATGCCGGTTTCCGGGGTGACGGTGACGGGGGCGGCGGTCATGATGTCTTTGGCTAGCAGCATGGAAGGTGCTCCTTTCGCGCGTGGGGGATGGCGTCGGCGATTTCGCGCGGGGTGTTGCCCCGTGCGGGGTAGTCGTGCAGCAGCAGTTGTCCGGCCTTGGCATGCAGGTATGCGGCAAGGCAGGCGGCCACCTCGGACGGGGCGCCCTGCGCCAGCAGGGCACCGGCAAGGCCGGAAAGCACGTCGCCGGAACCGGCGACGGCCAGCGTGGGTGCGGCAAGGGGAATGATGGTGATGGGCCGGTCGCGCCGGGTGACGAGGCTGCCCGCGCCCTTGAGCACGAGCACCCCCGCGCAGCGCGCCGCGAAGGCCCGTGCCGTGGCTGCCCTGCCGCGTTGCACGTCCGCCGTGGTAAGGTCCGCAAGGCGGGCCATTTCGCCGGGGTGGGGGGTAACAATATCCGTTTCACGCACCAAATCAAGAGAAACAAGGCCTTCCGCCAGTGGGAACAGGCCGTCGGCATCGATGACAGCCGGGGGTCTGCCGGGCAGTGCCAGCAGGGCGGACAACACCTCGGCTGCCTCGGGCGAGCGGCCCATGCCGGGGCCGATCACCAGTGCGTTGCAGCGTGCCGCAAGTGCCAGCAGGCCGGGCAGGGCAGTGGGGTCCCGGGCGCGGCGTTCGCCAAGGGGCAGGGTCATCACGTCGGGTGTGGCGGCCTTTACCTCTGCGGCAAGACCGCCGGGGCAGGCCATCGTGACCAGGCCCGCGCCGCCGCGCAGTGCGCCCAGCCCGGCCAGCAGCGGCGCGCCGGTGAGCCCTTCCGATCCACCCACCACCAGCACGTGCCCGGCGGTGCCCTTGTGCATGCAGGGCGTGGTGGCGGGCAGGGCGGCAAGGCAGGTGTCGTCCAGCATACGGTACGAGGCGGGGTGGCGCGCGCGCACGGCCTGCGGAATGCCGATGGGCCGCACATGCAGGCGGCCCGTGTAGGGGGCGGCTTCCGGCAGGACCAGGCCGGGCTTGGCCGCTTCGAAGGTGACGGTGGCATGGGCGCGCACGGCGTCGGGCCGGGGGCGCCCCGTCAACCCCCCGAGGCCGGAGGGGATGTCCAGCGCCAGCACGAAGGCCCGCTCGGCACATTCGTTGATGGCGGCCACCAGTGTTGCTTCCCGTTCACGGAGCGCCCCGCTGAAGCCGGTGCCAAGCAGGCCGTCCACTACCACATGGGGTGCCAGCCAGCGCGGGTCGGGCAGGCTGCGCGGCCACGCCCCGGCGGGGCGGAAGGGCACGCCGCAGCGTTTGGCAAGGCGCACATGGTAGCCCGCCGCGCCGCGATAGCCACCCAACGGTCGGGTGTGCAGCACCAGTACCTCGGCCCCGGCGTCGTGCAGGTGGCGGGCCGGGGCTGCCGCATCGCCGCCGTTGTTGCCGCCGCCCATGAACAGCAGCACCCGCAGGCCGGTGAAGGAGAAAGGGAGAGAGGTGGGGAGAGGCGTCTTGGGGGGCGTGACGGATGCGTCCAACTCCGCGCGCAGCACGTGCAGCGCCTCGCGGCTGGCGTTCTCCATCAGGATTTCCTCGCGCAGGCCGTAGTTTGCGCTGGCGGCGCGATCCCATGCGGCCATTTCTTCCGGGGCGGGCAGGTCCGTGTGGGGCAGATGCCAGCGGGCGGCGTTGTCGGTCGGGGTCATGGAAGGCTCCTGTGCAGGATGATGGATGCCGTCAGCCCCTTGGGGGAGTGGGTGAGGTGGGGGCGTGCCCTTCGCAAGATCCTTCGGTGCCGTTCATGGGCCTGCGCATTCAGCGCTCCAGCACCACCACGGCGGCTGCGGTATCGCGGCCATGGGTCAGCGAAACGTGGGTTGCGGTGGCCCCCAGCGCGGCACAACGCGCTGCGGCCTTGCCGTGCAACACCAGTTGGGGCTGGCCGGTAGGCAGGGGGCGCACCTCGATGTCGCGCGGGCCGATGCCCTGTGAAAAGCCGGTGCCCAGCGCCTTGACGGCGGCCTCCTTGGCGGCGAAACGCGCGGCCAGAAAGGCCACGGGCATGGCGGGCAGGCAGGCCAGTTCCGACGGGTGCAGCA
CP133659.1_gap8	400885	402303	1418	CATATCGGTGGACAACCTGCTGCCCAAGCTGCCGCCGGTGGACATCTTCGAGCGTCACGAACTGCGGCTGGCCCGTGGCGAGGACATGTCGCCCGAACTGGTGCTGGACCAGGCCATCGACTGGGGCTTCGAGCGCGCCCAGATGGTCAGCCGCCCCGGCGAGGCGGCCCGGCGCGGCGACATCCTGGACATCTTTCCCCCCGGCTACGAAAAGCCGCTGCGCCTCGAATTCTTTGGCGATACGCTGGAAGACATCCGCCTGTTCGACGCCACCAGCCAGCGTTCTCTGGCCAGCCTCGAGGAGTTCCGCCTGCTGCCCGTGGCGCCGGTGGTGGGCTGCCGTGAATACCGAGAGGCCGCCGCCCGCCGCTGGAAGCAGTTGCGCAAGGATGGCGTCATCGACGGCGAGCAGGCCGCCGCTCTTGCCCGCATGGCCGAGGGCGAGGTGACTGGCCTGCTGCCCGGCGCCTGGTACGAGAACGCCACCTGGATGGAAGACTGGCTGCCGCGCGATGCCGTGTGGCTGCTGCCCGACCGGGCCGATTTGTCCACCGCGCTGGAGGCCGCCCGCACCAACTGGGAAGCCCTGCTGGACCGCCAGTACGACGAACACCGCCTGCGCCAGCCGCGCGCCCTCGTGCTGCGTGACGCGGACGAGGCGCAGGCCGCCTGGCGTGGCCGGTCCGTGGCCCATTTCGAACGGCTGGTCATGGGCGTGGAGCGCACCGGCGTGGACCTGCCGGAACGGCGGCTGCACGCCTTCCGCGACCTGTTCGCCGCCACCCCCTCCGTACCCGTGGACGAAGACCGCCCCCGGCAGCGGCTGGTGACGGCCCTGCGCCAGTGGTCCTCGGAACGGCGCCAGGTGGTGCTCAGCTTTGCCAGCGAGCGTAGCCGCCGCAAGTTCCTGAAGCTGGCGGAGCAGGACGGCGTGCGCCCGAACCTGCGCTATTCCCCGGCGGACCGGGGCCTGTACGCGCTGGTGGCGCCATTCCGCGCGGGCATCGACCTTGCGTGGGACAACGTGCTGGTCATCGGCGAGGACGTGCTGCAACCCAAGGCCGACCGCCAGCCCCGCGTGCCCACCGGGGCCTTCCTGGGGCTGGACAAGTATGACGACCTTTCGCCCGGCGATCTGCTGGTGCACCGCGACTACGGCGTGGGGCGCTTTGGCGGGCTGCACCGCATGGACCTTGGCGGGGTGGCCAACGACTTTCTGCTGCTGGAGTACGCGGGCGAGGACCGGCTGTACCTGCCCGTGGACCGCCTGTCGCTCATCCAGCGGTTCAAGGGAGGGGACGATTCCGTCCCGTCGCTGGACAAACTGGGCGGATCCGGCTGGCGGGCCAGCAAGGACAAGGCCCGCAAGGCCATCGAAAAGATCGCCGCCGACCTTGTCCAGATGTACGCCTACCGCA
CP133659.1_gap9	408124	410473	2349	TGGCCGCGATTTGGCGCGGCGGTGAACTGTCTGAAATTTCTCGAAGCCTTGGGCTGCGGCCCGGAAGGGGCTGCGGCCACCCATCAGTTGGTCGAGGATGTGCTGGAACTGCTGGAGGGCGGCGGCCCCGTGCCCGACATGCTGCCGGTGCTGTTCCGGCTGCGCCTGGCGGCGGAGCAGGGCTATGCGCCCCGTCTGGACAGTTGCGCCACCTGCGGCGCGGACCTGACCCACGTGGCGGGGGCGGCCTTTCTGGTGCAGGAGGGTGCGGCCCAGTGCGATGCCTGCCCGCCGTTGCCGGGGCCGCGTGTGCGGGTGGAGCGTGAAGCGCTTGACGTGTTGCGCTTTGTGCAGGACAATTCGCCGCTTCTGTGGCCGGGCGTGTTGCCCCCGGCACCGGGGATGGGCGGCGTGATGCCGGAGCAGGGGAATGCTCCCCCAATGTCTCCCCCGACGCCGGGTGGAAATGTGCCGGACGGCAATGCACCCATGACCGCTGCCTCTGGCGCGGACGGGGCGGAGTACGATCTGCCCCCGCCGGACATGACACCCCGTGCCGATTCCGCCCGCAACGGCTTTGCGGGCGGGGCGTCGCCCCGGTTCATGGACGGGCGTTTTCTGGGCAGTTTGTCGGGCCTCGCCTTTGGCGACGGCGGGCACGGTTCGCTGGACGACTGCCTGTGCCGTTTGCCGGACAGCGTCCTGCCGGGCGGTGTCCTGCCGGGCGGTGTCCTGCCGGGCGGTGTCCTGCCGGGCGGTGTCCTGCCGGGCGGTGTTCAGGCAGTCGGGGCCGTACCCGCAGCCGGAGATGGGCGGGATGGCGCCGCACCCGCGCAGCCGACGCCCGGGGATGCTCCACGCCCCCTGTGGAACGGCAGTGCGGTGTTCGAGAGCGATCCGTTCGGGCCGGTGCTCGGCAGCGAGGACATGGCCGGCACGGACATGGCTAGCGGTGGCCGGGCCGGTGGACCCGTGGCACGGCAGCAGGAAATTTCGGGGGCGGGGCGCGACGCCGATGTGTCGGTGCCGCTGTGGCCTGTTGCGTCGGCAGCGTTGGTGGCTGGCCCGTCAGCCGGTCAGCCAAGTCAATCCGGCCAGCCAAGTCAGTCCGGCCAGTCCAGCCAACCCGATCTGGCGGACAGGCCTGATGCAGACGGCATGCCGAACCTCGCCGACGCCGGGAACAGGGCCGCCGTGCGGCGGCAGTGCACCCGGGCGGTGGAAGGCTTCATACAGTTTCACATCGGCCTTGCGTGGGACAACGGGCGGTTCCGCCGCCTGTAGCGCGGGGCCGCATGCCGGGCCAACCGGACGAGGCGGACCATCAGACGAGGCGGACCATCAGATGAGGTGGACCAGCCAGACGAGGCGAGGCAGCCGAACCAGCCAGTCCTGTTGGTCCGCCACCAGCGTCAACAGTCAGGTCAAGTCAGGATAATCAGGGGTACAGCATGCATTTTCAGGACGTCATCCTCACCTTGCAGAATTTCTGGGCCAAGCGGGGCTGCGTGATCATGCAGCCCATCGACGTGGAATGCGGGGCCGGTACCTTCAACCCCTCGACCTTCCTGCGCGTCATCGGGCCGGAGCCGTGGAACGTGGCCTACGTGGAGCCTTCGCGCCGTCCCACCGATGGCCGCTACGGCGAAAACCCCAACCGGCTCCAACACTACTTCCAGTTTCAGGTCATCCTGAAGCCTTCGCCCGACAACGTGCAGGAAATCTATCTGGACAGCCTGCGCGCCCTCGGCATCGACCCGGCCGCCCACGACATCCGCTTCGTGGAGGACGACTGGGAATCGCCCACCCTGGGCGCCTGGGGCCTTGGCTGGGAAGTGTGGCTGAACGGCATGGAAGTGACCCAGTTCACCTACTTCCAGCAGGTGGGCGGCATAGACCTTGCCCCCACCAGCGTGGAAATCACCTACGGGCTTGAACGGCTGTGCATGTACCTGCAGGGCAAGGAGTCGGTCTACGACCTTTCGTGGAACGACCGGGTAACCTACGGGAACATCTACCACCAGAACGAGGTGGAGCAGTCGAAGTACAACTTCGAGGCCAGCAACCCGAAGATGCTGCTGGACCAGTTCAATGCCTGCGAGGCCGAGTGCAAGCGGCTGTGCGACGAAGGGTTGTTGTGGCCTGCCTACGACTACTGCCTGAAGTGCTCGCACACCTTCAACCTGCTTGACGCGCGCGGGGCCATCTCCATCACCGAACGCACCGGCTACATTGGCCGCGTGCGTGCCCCGGCCTCTGCCGTGGCGCGGCTGTATGCCGCCCAGCGCGAGGAGCTTGGCTATCCCATGTTGGCCGCCCGCTAGCCCGGAACAAGAAGGAAGGACGTGA
CP133659.1_gap10	423708	427835	4127	GAGGAACTGGCGGACCACGATCTGGCCCGGCTGCTGTACCACGAGGCAGACTGGATGCTGCCCGGCCCGGAAGGCGCGGCGTTCGCCGCATTCGACCCGTTTGCGGACGAACCGTAGCGCGGTGCATGAAGGGTTGCGTCGGTTGAAGGTTGAAGTTCAACTTTAAAGTTTCGAACTGAAATCAGCCCCCGTCTCCTCAGGTTTTTGTTTCCACGCTTTGCCGGGGTACCGGCACGAGGTTCGCGCATGACCCAGTCTTTCGACACCCCTTCGTTTCCCGCCTCTGCCGTGCCCGGCGCGTCTGTCGCACCGGGCAGCATCATGCCCCGCCTGCGCGTGCTGGTGGTGTTGCCCATGTACGGCGGTTCCCTGCCCATCGGGCGGTATTGCGTGGATGCCCTGCGCGACCTGGGCCATGTGGTGGAAACCTTCGAGGCGCCGTCGTTCCTGGGGGCGTTTACGGCGCTGAAGGATCTGAAGGTTACGGCGGACCGGCTGGAGTTTCTGGAAAACTCGTTCCTTCAGGTGGTGTCGCAGGCGGTGCTGGCCAAGGTGGAAACCTTCGGGCCGGACCTGGTGCTGTGCCTGGCGCAGGCCCCGCTGAACCATCAGGCTCTCAAGCGGTTGCGGCGCGACAATGTGGCCACGGCCATGTGGTTTGTGGAAGACCACAAGGTATTCACCTACTGGCGCGCCTTTGCGCCGTTCTACGACGTGTTCGCGGTGATCCAGCGCGCGCCCCTGCTGGACGAACTGGCCGCCATGGGCGTGCGCGATGCGCTGTACCTGCCCATGGCCGCGCTGCCGACCTTTCACAAACCACTTGAACTTTCGCCGGTGGACCAGCGCCGCTACGGGGCCGACGTGGCCTTTCTGGGCGCGGGGTATCCCAACCGGCGCGTGGCCTTCCGCCAGCTGGTGCATCTGGATTTCAAGATATGGGGCACGGAATGGGACGGCGAGCCCCTGCTGGCGCGGCACGTGCAGCAGGGCGGGGCGCGGGTGTCCGCCGAGGATTCGGTGAAGATCTACAACGCCAGCCGCATCAACCTGAACCTGCACTCCAGCATCCAGTCGCGCACCCTGGTCACCGGCGGGGACTTCGTGAACCCGCGCACCTTCGAGTTGGCCAGCATCGGGGCCTTCCAACTGGTGGACCGGCGCACCCTGATGAACGAACTGTTCGCCGAGGATGAACTGGCCACCTTCGATTCCATGGACGGGCTGACGGCGGCCATCGCCCATTACCTGGCCCACCCGGAAGAACGGCAGGCCATGGCGGCCCGCGCGCAGGCACGGGTGCTGGCGGAGCATACCTACCAGCACCGCATGCGCACGCTGCTGGAGTTCATCGCCCAGCGCCGCCCCGGCTGGCCCGCCCCGCGTCCCGCTGATGCTGGCCTGCCCGCCGATTTGCCCGAGGACATGCGCCGCGATCTTGCCGCGCTGCTGGACCGGCTGGGCCTGCCCGCCGACGCCGCCTTTGCGGACGTGATTACGGCCTTGCGCCAGCACAGCGGCCAATTGACCCCGCTGGAAACGTCATTGCTGTTTCTGGATGAGTGGCGCAGGCAGTACGCCTGACACGCGGGGCGCCCCCGCCGCGCAGCATGATCGTTTGCGTCGGGGGAGGGGCTGCCGATGGATCGCCCGCGAGGCGATATCGGGAACGGACGCTTCCCGCGCCCAATGCGGCTGTGCTGCGTAACCGTGGCGTGGCCTTGCCAATGTGTACAGGATGGACTATGCGCCGGGCCATGAGCGTTCGCACAACCCACCACATTCCGGGTGCCCGGCGCGCTTGGCGTGTCTGGCGCGACCTTTGTGCGCTGTGCATGGCATGCGCAGTGGTGTCGTGCGCAGTGCTTCTGGCATGTGGGGTGCGCCCGGCGCTGGCTGGTGATCCGTCGCCGCGAACGCTGGTGGCCGTGTCCGACGAGTGGGCGCCGCGCATCATGGCCGGGCCGGACGGTGCCGCCGACGGCATCTGCCCCATGGTGCTACGCAAGGTGGCCGAGGACCTGGGGCTGGAGCTGGAGTTTGGCTTCATGCCCAAGCCGCGCCGCCAGATGGCCTTCCGCCGGGGCGAGATCAACGTGGTGCCGTGCGTTTCTCCCGTGTGGGAAGGCGTGCTTTCCGACGTGGCCGTGCATTCCGAGCCGTTCATGATGGCCACGGAGATGGTGCTGGTGCCCTCCGGGACCAAGGGCGTGTTCCGTTCCGTACGCGATTTCGTGGGGATGCGCCTAGGCACCATCGGCGGGTACGTTTACCACGACGGTTTCGGCGAGGCCTTCGAGAAGGGGATGCTGCGCCGCGAGGATGCCTACACCGTGACCCAGAACCTGCAGAAGCTGCGGGCCGGGCGCATCGACGCCATGATCGTGGACGATTACGAGGCCGCCTACTGGATGCACAAGTCCGGGTGGTCCGAGTCCGATTTTCGCGTGGCCTACGTGTTTGCCGACCCCGCGCCCATCACGGTGATGCTGCATGCCTCGCTGCGCGAGTTTCTGCCCGGGGTCAACGCCTCGCTGGCCCGCATGCGGGCCAACGGTACCCTGCGTGCCCTGTTCGCGGAATACGGGCCGCAGAAACTTGCCGCGCACCTTACCCGCTGACACGGGCCGGGACTTTCCGTCCCGGGTTCAACCGTCCGCGCCCGGCTTCATCCACTTTTTCCAACGGGCCACTCCGCTCCGTGCTCCAACCGCCTGCCAAGGAACCCGCCATGAAACTCTACCGCTACCTGACCGGCCCCGACGATTCCGCCTTCTGCCACCGCGTCACCGAAGCCCTGAACAAGGGCTGGCAACTGCATGGCGGGCCTACCCCGGCCTACGACGCCGAGCGCAAGCAGGTGATCGCCGGGCAGGCCATCGTCAAGGACGTGGAAGGCAAGGACTACGTGCCGGGCATGGACCTTTCCGCCTGCTGACACCTGTCCGCGCGCCTGACGTTTTCAACTGCCGCTATCTGTCGGCCCGACACCCACTGGCTGGCTTCTCTCCATACAGTGCACCAAGAACTAGGGGGCTGGCCGCCACGCTGGGGCCTGTGATTTTCCTGTCGCTCGCGCACGAACGACCGTGCGGGCGTCCATACTCGCAACCTCCAGCCGTGCCGGATGGCCCAACGAAGATGCGCCGCGCCTTCGCCGGACGTTGATCCGGCGGCGGCGCGGCGCTGCGGCGAAGGGGCAGGGCAGGATGCGGAGGCAGGGTGGGTCAGGCTGGTATGCGGGAAATCAGGGATGGTTCTTGAACTTGTCCGCCGTATGCGGGCTGCCGGAATGGCAGGGGGTACAGTCCATCTTGCCCTTCAGCAGGGGCGATTGCTTGCCGGGGTTGTGGCATTCGCCGCAGTAGGTGACCGAGGCCGGGTCGCCGTGGGCCACGGCAAAGGTGCCCGCCTGTTTGGCGTTCATGATGGCGATGGCCTGCGTGGCCACGTCGGCGGTGATGCGCGCGCAACGCTCGCCGCGCTCTGTGCTTTTTTCCGCAAAGCCCGATGCCTGGCACCACCGGCCCACGGACACGTGGCACAGCGGGGAATGGCTGACGCTGGTGGGCAGCGCACCGGCCACGCCCTTGAACGCCGCACCCGGATCATGCATGGGGAAGGCGGTCTGCTCGTACCAGCGGAACAGCTCCGCCACCATGGGGTCGCGTTCCTTGCGGCCCCAGAACAGCGCAAAGGCGCTGGCCGCGCCCAGCAGCGCGCCGCAGATGGTGCCCCAGTCGGAAATGCCGCTCTTGCCCACCTCCAGCATCGTGAAAGGGAACTGGTTGTACGGCGCGCCGTGCTGTTCGCCCATCATGCCCACGATGGCGTAGAACACCCCGTACGCGCAGCCGTAGCCCTGGTGCCAGTAGCCGTCATAGGCCACGTGAGCGCAGACCTTGGCGTCCAGAACGTGGGGCTTCCACGAGAAGGGGGCGTCCTTCTGTGCAAAGCGTCCGCTGGTGGTGCCTGCGACGGCATTTCCCGGTCCTGACAACGGTCCCGTAAAAGGAACCGCACCCGGCAACAGGCCGCTGGCCAGGCAGCCCGTTGCGCATCCCACCATCCCCATGGTTTTCAGCATCGTTCTTCTGTTCATCCGTTTCATGCTGTTCCTCCGATGA
CP133659.1_gap11	467387	469350	1963	CCGGTCCGGAAGGCACGCCGCGCCCCGAAGGGGCATCGGTTCAGCGCCGCCAGCCACTGCCGCGAAAAGGGAGAACAGCGATGCCCACCACCAGCAGCGAACGCATCTTCACCCCCCAACGGCTTGCCGCCATGTTTCCGCCAGAGCGGGCGGACGCCTTTTTCGACGCCCTGTATGGCGACGCGGAAGACGGCGCCTACGATATCGCCCTGGCCTTCGAGGGCGAGCAGGCCAACGGGCTGGAATTTTCGTTCCAACTCACCCAGCGTCCCGGCCACTGTCTGGCCTGCAATCTTACCTACGGTCTGCCGCAGGTTTTCGAGCGGCACCCCGTAATCGACCTGCCCGGCGTGGTGGCCAAGATTGCCGACGCCCTGAACAAGGCCGAAGGCGCGCTGCAATGGCGCCTGCTGCCCACCCGCGAGATGTCGCGCACGCTGCACGTCATTCCGCTGCTGGTCACCTTCGGCTGATTTCGTCCTTGCGTTTTTTCCGGCGGGGTGGCGCCCGCGCTGAACCATCCGCTCACCATATCGCTAGCGGGCCGAACCCATGCGGGTTTCGGCCCTTTTTCGTGCCACGAAAAACCGCCCCTTGCGGGGCGGCTCTGTTTCGATGCGGGGAATGGCGGAGCCCTACGGGGCGATGCTGCGCGAAATGAAGCGGATGGCTTCTTCGTACAGGTTCGGCGGGGCATAGGGGGTCAGCAGGCGGGTACGGTTGGCGCCGACCATCATCGAAATGATCACCTGCGCCGTTTCGTGCACCGGCAACTGGCGGATGGAGCCATCCTCGATACCGCGGCGCAGTTGGTTTTCCAATTCGCGGGGGACCTGGTTGAACTTTTCGTACATCAGGTCGCGGTCGGTCTTGGTCTTCATGTCGCTGTAGGGCGAACACCGCACAAGCACCAGCCAGTTGGAGGTCTTGTCGATGGAGAAGTCGAGGTAGGCAGTGCAGAAGTTGATGACCGACTCGTACCCGTTCTTGCCCCGGGCGGACGCATCGCGCAGCACGCCAAGGAACTGTTCAAGTACGTCGATGCCTGCGGCAAGGAACAGTTTTTCCTTGTTGCCGTAATGGTGCGTCAGCAGCCCCAGGGCCACTCCGGCACGTTCGGAAATCTTCTTGAAGGTGGTGTCGGCATAGCCGTACTCACCGAAAAGCTCTTTTGCCGCATGAAGCAACGCTTCTTTCTTCGAGATGCTCATATCAACGGCCCGTGGTAGTGCTTGAGGTGTGTATACAGGGGCTCCGCATCCGATCGTGCGGATGCTCGTCGTGGAGCCGCATAAGAACCGTCGGACCCGCACCCGACGGAACACCGGGAACACTTGAGCCTTCGCTGTTGGCCCGGCGAGGGGCCACGAAGGGCTGCACCTGTGTAGCTCACATGCATGGGGCAGTCAACGCCGCCTGTGCGCACAGTGAAAATGTTGACGCGGGTTTTGTCAACTAGATTCCTCGGAAATGTTGCATTGCCATGCGCTGTAGTAACACGTGCATTTGAATGGTTGATCAATCCAATACGGATTGTCGTGCTCTGACGGCGAGGTGGCGCAAAAACGAAGACGGCCCCACAATGGGGCCGTCTCGTGAGGAGTGTTCCGTTGCTCACCTTGCGCACCGAGGGAACCGACGAACCTGTCCAGGAAAGCGTGAAGGAGGCAGGCGGAGTGCGTCGGACCGGTTTGTTTGGCCAAGCAATCAACAAGTAGCATCGCAACGATGACACGTCAAGGATGTTGGGGTGAGCCAACCGGAGGCAGCGGCAGCGCCCCGCCTGAAGATAGCGGCGCTAAGATTGACGCCTTGCGTGAACCCGAAGGGATGTGCGGACACTGGAAGCAGATATTGACTGGTTAAACAAACAAGGCGGCTCCCGTAAAAGGGAGCCGCCTCGGAGAGGAGTGTACTGATGCCAGGAAAGCTTGGCCGGTAGGTGCATACCGGAGGGTGGATG
CP133659.1_gap12	477121	481135	4014	GGCCCCAGCGGCATTGCCGCAGTGCGGCAACGCACGCGGCGCCCCGGTCCGGCACCAGTCCGGCTGTCACGTGTCCGGCTGCATCTGGCGGGCTTGGCCTTTGGCTTGGCTCATGGCTGGCTGTAAACGTGGGCTGCAAGCGGACCGTGCTGGAATAGGGTGGGCTACAATAGGGGGAATCTGCCGCCTCGCGGTCCGGCCGTCCGGCTGGCTGAGTGCATGCGGTGGCAAGGTGTCTCCTTCCCGTTCGTCAGACGCCGTCCGCCTCTTGCGGGCGGCACCGCACGGGGATAGGCTGTTGTCCGCCTTCGTTCTTCCAACGGCGGCTTCCCTGCGTACAACGGCAGGGCCGCGCGCCATACGCCATGAACTCCGGCCACCGCACGGGGCCGGAGAGGAATCGGATATGAACAGCCAACGTTGCCACGAACGTATTCTTGCCATCATTTGCAGCGTATTCGACGCGTATTCCGCCGTGCTCTTTCTGCCGGACGGAACCAGCGCCGAAGGCGCCGACCTTTCGGCAGGCGCCGCCACGGCGGCGGCCACCGCCGCGCTGGACCGCGACAGCCAGTTGCACCGCCTTGCCGCCAGCTTCAGCCTGGGCGACATGGTGGACGCCGGCACGGCCATCGCGCCGGGGCGCGGTCTGGTGGGCTGGATCATCCGCAACCGCGAGCCGCTGCTGGTCAACAACTTCGACCAGCGCCAGAGCCACCTTGGTTACTACCGCAGCAACGAAGAGGCCACCATCAAGGCCTTCATGGGCTGCCCCGTGCCGGGCGGCGGCGCGCTGTGCATCGACAGCAAGCGGCAATATTCCTTTTCCGACAAGGACCAGAAGATCCTGCAACTGTTCGCCGACCTCATCTCCGGGGTCGAGGGGGTGGTCTGCCAGGGGGCCGGACAGGCCAGCCTGACCCGCTACTACGCGGCCTTGCAGGTGATCAGTGAACTGCGCGGGCGCATCAGCCGCTGGCAGCAATTCCTGGCCGAATTCCTGCGCCTGATGGCCGAGGCCACCGGCTTCGACCATGCGCTGTTCGCCGCCCGAGACGGCGACGGGCAGAACTACATCCTGGAAGGCGAAAGCCACCAACTGCTGCTGGGCAAGGGCGACGCGCCCATGTACCCCATCGGCAACGGCATCGTGGGCTGGGTGTTCCGCAACGATGCCCCGGTGTACACCGAAGGCACCGACGGCGCGCCCATGGCGCCGCTGTTCGGCAAGGGGGCGCACATGCCCGCCTTCCGCTCGGTCATGTGCCTGCCGCTGATGATCAACAAGGTCACGCGCGGGGTGCTGTGCCCGGGCCACGGCGAACCGCGGGTCATCCCCGACGATCTGCGCGCCTTCACCCGCATGTCGGTGGACCATCTGGCCCTGTTCCTTGAGAACCTGTACCTGAAGAGCAGGCTGCGCGAACTGCTGCCCAAGGCCCGGCTGGAACGCCGCGTGCCCGCGCCCACCCCGCACGACCGCCCCGATAGCGACACAGACGACTGACACCGCCGCAGGGCATCGTCGACCGACACCGCAACCGCGAGAGCCACTAGATGCTGCGCAGACTGTTCGGCTTCCTGGGCAAGGACCTTGCCATGGATCTGGGTACGGCCAACACGCTGCTGTACACCCGTGCCGAGGGCATCGTGCTGAACGAGCCTTCGGTGGTCGCCCCGGAAACCGACCGCAACACCGTGCTCGCGGTGGGGCGCGAGGCCAAGGAATTCCTTGGCCGTACCCCCAAGCGCATCCGCGCCATCCGCCCCATGAAGGACGGCGTCATCGCCGACTTCGAGGTGACGCGGCAGATGATCGCCTTCTTTATCCGCAAGGTCATCAGCGGTTTTTCGCTGGTCAAGCCGGGCATCGTCATTTGCGTGCCCACGGGCATCACCCAGGTGGAAAAGCGCGCGGTCATCGAATCGGCCCACCAGGCCGGTGCGCGCGACGTGCGCCTGGTGGAGGAGCCCATGGCCGCGGCCATCGGAGCCAATCTGCCCATCCACGAGCCGCTGGGCAACATGGTGGTCGACATCGGCGGCGGCACCACCGAGGTGGCGGTGATCACCCTGTCCGCCATCGCCTACGCCGAATCGGTGCGGGTGGCGGGCGACGCCATGAACCAGGCGGTGCAGCGCTACTTCAAGGAAGAATTCCAGCTGCTCATCGGCGAGAACACCGCCGAGCGCATCAAGATGGCCATCGGTTCCGCCTTTCCCCTGCCGGAACAGCTGATGGTAGAGGTGTCCGGCAAGGACATGGTGAGTGGCACCCCCAAGGTGGTGCGCGTTACCGACGGCCACGTGCGCGAGGCTTTGCAGGAGCCGGTGCGCATCATCGTCATGGCCATCCGCAAGGCACTGGAAAAGACCCCGCCGGAACTTTCCGCCGACATCGCCAGCAACGGGGTGTTGCTGGCTGGCGGCGGCGCGCTGCTGAAGGGCCTTGGCGCGCTGGTCTCGCGCGAGACGCGCCTGAAGGTCATCATCGACGACGACCCGCTGACCACCGTGGTGCGCGGCACGGGCCGCACGCTGGACGACGGGAAGTTCTACCGCCGCGTGTACATCAACTAGGCGCCGCCCCGTGGCGGGCAGCGGGCCGGATCACCTTTCGCCAAGGTGCGGCCCCGCACGCCCGTAGACGTGCTGGCGCGCCGCAATTCCGGGCCAGGTTCCCTCCGCCCGCAACGAGCCATCATGCCCTCCACGTTTTCCCCGGTTCCTTCCGGCCTTGCCGCTTCCCCCTTTGCAGCCCCCTTTGCAGCGCAGTTGCCGCGCATTCTGGAGATCATCCGCGAAAGCGGCGCGCTGGTCATGGACCACTGGCGCAAGCCGCGCAACATCCGGCTCAAGGGGCGCATCGACCTGGTGACCGAAACCGACCTTGCGGTGGAGGCATTTCTCAAGGACCGCTTGAAGGATGTGGTGCCCGGCGCCACCTTCATGGCCGAGGAAAGCGCCACCTCGCGCACGCCGCAGGGCACCTGCTGGATCATCGACCCCATCGACGGCACCACCAACTTCGCCCATTCGCTGCCCTTCGTGGCCACCTCCGTGGGGCTGTGGCACGAGGGACGGGTGGTGCTGGGCGTCGTCAATGCGCCCGTGCTGGGCGAGTGTTTCTGGGCGGTGCGGGGCGGCGGGGCGTTCTGCAACGGCGAACCGTTGCGCGTTTCCGACCGCGAGCCGCTGGAACAGGCGGTTGTGGCCACCGGCTTTCCCTACACCATCAGCGAGGACGTGGACACGGTGCTTGCGCGGCTGCGCAAGGCGCTGGTGACCACGCGCGGGGTGCGCCGCTGCGGTGCGGCGGCCATCGATCTTGCCTTCGTCGCATCCGGTCGGTTCGATGCCTTCTACGAGGCGGACCTGAAGCCGTGGGACACGGCGGCGGGCTGGCTGCTGGTGGAAGAGGCGGGCGGGTGCGTGACCGGATTTGACGGTGCGCCGTACGATTTCACCAACGAGGGCATTCTGGCCAGCAATGGCCGGGTGCACGAGGCCATGCGCGCGGTGCTGGCGCTGTAGGCCATCTCAGGCCAACTCAGGTCGGCTCAGGCCGGTAGGGTCTGGCGCAGGTCGATTCAGGCCGATACAGGCCAGTTCTGGGCTTCAGGACTGTTCGGACAGTTCCGGCGCATCGGGTCGGACGGGGCAGGGAATGTCGCGGAACACGTCGCCGCGTTCCGTGGCCCAGACCAGTGCGGGCGTCAGCATCTCCCGGAAGTGTTCAAGCAGTGCACCAAGTTCGTCGGCATCCACGAACATGCCGTCAGCCACCTCGTCCGGATTGGGTTGCGGCGCTTCGCCCACGGGCCCGGCCGCAAACAGTGTGATGTGCGCGTAGCCCGTTGCCTCCGTGGCGGGAATTTCGGCCCGGCGTATCAGGCGGCCCGCGGCGATGCCCAGTTCTTCGCGCAGTTCGCGCAGGGCGGCGTCCTCGCGCGATTCTCCGGCTAGCACGTGCCCGGTGGCAGAAAGGTCCCAGCGACCAGGGTACAGGTGCTT
CP133659.1_gap13	484984	486597	1613	CGCAGCAGGAGGCGCAACGGACCGACCTAGTTCAGGCGGTTGATGTCGAGGGGGGCGCCGCAGCAGGGGCAGATGTCAACGCGCTTGCCGCTGAAACAGGTACCGGCAAAGAACATGGTGCGGAACTTGCGCTCGATGGAACTGTACAGAACCCAGAGCTGATGGCCACAGGTGCAGAAACGCTGTTGCATGACGGTCTCCTTGTGACGGTGGCGAGGCATGTCGCCGGTTGTTGTGTTTATAAAAGTGAACATGTCGGATAAAAAAAGGGGGCTAGCCCAGTTCTCGGCACAGCCAGACCACCCGGCCAATGACGCGGAACTGTTCCAGTTCGTCGCCACGCACCCGGATGGGCGAGTACGCGGGGTTGTCGCTGACAAGGGCAAGGCCGTCCGGGGTGCGCATGACGCGCTTTACCAGCACGGCGTCTTCCAGCCCCACGGCGTAGACCTGGCCGTAGCGCAGGTCTTCGGTGGCGCGGTCCACCAACACGGTGTCCCCGTCGCGGATTTCCGGTTCCATGCTGTCGCCCACCACGTCCATGAGTACCATGGCCGAAGGGGTGCCCTTGCGGGCCAGCCAGGCATGCGCGAAGGGCTGGCCGCCCACGGGCATGGCCTGCACTTCGAACGAGCCGCCGCCAGCACTCAGCCGGGCGCGGACCTTGGGCACCATGTGCACGGCGGGGGGCAGATCGGCAAGGGGCATGGCAGGCATGGCCGGGCGCAATGCTGCCGCACGACCGGGAGCAACTCCGACGGGCCGGGCCTGCACTGCGGCATGCTCCGTTCCGTGTGGCGCTGCCGCAAAGGTCTGCGCCAAAGGCGCAGGGCGGGGGGTGCCGCGTCCGTATTCCAGCCAGTCGGGCGCCAGTCCGTATACCCGCGAGAGCCGCAGAATCCATTTTTGCGGGATGGCATCGCGGTTCTTGGCCTGGGTGATGGCGCTGCGGTTCACCCCCAGCACGCGGGCAAGAGCCTGCTGCGTGGTGATGTCCGTGCTCTGCATGACCCGGGCGAAGAAGGTGTCGAAGGCATCCGGCATGGTGGTGTCCTGTGCTGGCGGTTGTGCCGCCTGTGCTGCGATGGCCGCGTGAGGCTGTTCCGGCCGTTGTGTTCACTTTTATAAACAAGTTTCCGTGCCGGCTGCAAGCAAAAATTTGCCGGGAGCAAGCAAGAATTTGATTGGCGAGAACTATTTCAATTTATCCTTTAAAATTAGCATGATGACCTGTACGGTGTGTGCGCGGCGCCCGTCTTGGCAATGCGAAAGGGGTCCCGCGGGACCCCTTGATGGCGTTTGCATGCCCGGGTGGGCGCGCTGACGCAAGGCTGTGCGCCCGGGTGGTCACTCTTCCGCATGCAGTTCGGGGGCTACCAGATCGGCCAGGGTTTCGCGCTTGCGGATGCACCGCGCCGATGCGCCGTCCACCAGCACCTCGGCCGCGCGGGGGCGCGAGTTGTAGTTGGAGCTCATGGAAAAGCCGTATGCCCCGGCGGAGAACACCGCCAGCAGATCGCCCTGCTGCATGCCCGGCAGGATGCGGTCGCGCGCCAGAAAATCGCCCGATTCGCAAATGGGACCCACCACGTCGGCGGTGATTTCGTCGCGCC
CP133659.1_gap14	495937	497259	1322	GCGGCGGTCTGCTGCTCCAGGTAGCCCACGCACCGCCGGGTGCCCGTGGCGAACACGGGCACGGCCTTCAGGCCGTAGCGGGTCATGGTTTCCTCGGCATCGGCGATGGAGCGGTCGTCGTCCACGCCCACCACGGGCGAGGACATCAGGTCGCGCACCCGCATCTGCGGATTGACGGCGGAAAAGAGCAGGGCGAACAGTTCGTCGCGCACCTGTTGCAGGGTCTTGTCCTTGACCGAGGCTGAGGCCGCGTACGGATGCCCCCCGCCGCCGAGCGAGGTGCACACTTGGGCCACGTCCACCTCGGCCAGGCGGCTGCGGGCCACCACCTGCACCCTGTCGCCCATGCGGCACAAGGCGAACAGCACCTTGATGTTCTCCATGTCCATCATCTTGTGCGCCAGCAGCGCGAAGTCGCCCATGTAGGTTTCCATGGACGCCTCGGCGATGGTCACCAGGGTGCCGTTGATGTCGTGGGTGGTGGCCGATTCCAGCAGGGCGTTGAGGATGCCCACCTGCTCGCTGGTCAGGTCGCGGGCGATGAGTTCCGCGATGGCGTTCAGGTCCATGCCTTGCGTCTTCAGCCAGCCCGCGGCGGAAAAGTCGTGCTCGGTGGTGGAGGCAAAGGTGAACGAACCGGTATCCTCGAAGATGCCGAGGCCGAGCATGGTGGCCTCGTCGCCGGAAAGGGTCAGCCCGTGCTCGCGGATCTCGGCCACGATGATGGCCGTGGTGGAACCCCATGGCAGCACGCGGCTGAACGCAGCGGGAAGGTCCTCGCCGGTGTCCGGGTGGTGATCCCAGAGGTGCACGGTGACGCCGTCGCGGGCCAGCACGTTGTGCACGTGGGGCACCCGCGAGTGCTGGCGGGTATCCACGATGACCAGCGTTTCCACGCTGTCCGGATCGATGTCGCGCGCCTGCCGGAAGTTGAACATGTAGGTGGCACTTTCGATGAAGAAATTGCGCAGGGTGCGTTCCTGGCTGCCGGGAAACACCAGCACGGCGCCGGGGTACAGCTTGCCCGCCGCAACCATGGCGGCCAGTGCGTCGAAGTCTGCGTTGGCGTGGGCGGTGATCAGCACCGGCGCGGCGATCTTTGGGGTCTGCTGCATGCGTGGGTGTCCGTGTGGTCCTTGAGATAGGGCGCGGCGTCGGGTCAGGAGCGCGAACGGGGATGATGGGAGCGGTGCACCTGGCGCAGCCGGTCGGCCTGCACGTGGGTGTAGATTTCCGTGGCGGCTATGTCGGCGTGGCCCAGCAGCATCTGCACCGTGCGCAGGTCGGCCCCGCCGTCCAGCAGGTGGGTGGCGAAGGAATGG
CP133659.1_gap15	511683	513931	2248	TGGCGGGATGGGTTTGGCGGTCAGCCCTGCGGCGTGCCGTGCGGGATGTCAGGGGGGCGACAGGGGCGGGCATTACATGATGTCACGTGGTGCCCTGCCCTGCGCGTTCCTGCCCGTTTTGTCGGACACGACCGGACGCGTGCCGTGCTGGGGCTGCGCTAGCAGGACTGGGCCAGCGCGTCAACTCGCGCGGCGGGTGCGGGGGCACGGGGTGGCGGCGAAACACCACCCCACCCCGCACCCTGTCCCGCCATTGCTATCTGATGACCATGCGCGGCTTGCTGCCGTCGGAGGGGCCGATGATGCCGTCGTGCTCCATCTGTTCCACGTAGCGTGCCGCCCGGTTGAACCCGATGCGAAAACGCCGCTGGATTTGCGAGATGGAGGCCTTGCCCTGGCCGATTACGAATTCCACGGCCTCGGCGTACATGGGGTCGTCGGAAAGGTCGCCCCCGCCGTTGCCGTTGGCGCCGTCGCCCGTGCCGTCGTTGCCCCAGTCGGCAAAGTCCACCGTGTAGTTGGGGGCTTGCTGGCGCTTCCAGAATTCCACCACGGCGGCCACGTCGTCGTCGCCCACGAAGGCGCCGTGCAGCCGCTGCAGCTTGCCGCCGCTGGGTTTGAAGAGCATGTCGCCCTTGCCCAGCAGATGTTCCGCGCCAACGGTGTCGAGAATGGTGCGCGAATCGTGCTTGGAGGTGACCTGGAACGAGATGCGGCACGGGAAGTTGGCCTTGATGAGGCCGGTGACCACGTCCACGCTGGGCCGCTGGGTGGCCAGGATCATGTGGATGCCCGCCGCGCGCGCCAGCTGGGCCAGCCGCACGATGCTGGTTTCCACTTCCTTGGCGGCGGTCAGCATGAGGTCGGCCAGTTCGTCGATGACGATGACCAGGTACGGCATACGTTCCAGGTCCGCCAGTTCCGTCGGCAGATCTGCGCCAAGGTCGGCCAGTTTCTGGTTGTACCCGGCGATGTTGCGCACGGCCAGGCGCGCCATGGCCTGATAGCGGCGGTCCATCTCCTGCACGGCCCAGTCCAGGGCGTTCTTGGCCAGGGACATTTCCGTCACCACGGGGTGCACCAGGTGCGGCAGGTCGGCGTACACGGCAAGCTCGATGCGCTTGGGGTCCACCAGCAGCATCTGCACGTCCTCAGGACGTGCCTTGTATAAAAAGCTGAGCAGGATGGAGTTCAGGCACACGCTCTTGCCCGCGCCGGTGGCGCCCGCCACCAGCAGGTGGGGCATGCGGGCCAGATCCGCCACGGTGGCGTTGCCCGCGATGTCCTTGCCGATGGCCATGGTGAGCATGGACGGGGCCGAGCGGAAGGTGTCCGAGCCCAGCAGTTCCTTGAAGCACACGTTTTCGCGCGCCTCGTTGGGAATCTCTATGCCCACGGTGTCCGTGCCGGGAATGGGGGCCTGGATGCGCACGGCAATGGCCTTCAGCGCCAGGGCCAGGTCGTCGCTGAGGTTGGCGATGCGGCTCACCTTCACGCCGGGGGCCGGGCGCACCTCGAACATGGTGACCACCGGGCCGGGAGTGATGCGGGTCAGTTCGCCCTGCACGCCGAAGTCGGCCAGGCAGGTGATGACGCTCTGCCCCTTGGCCTCCAGTATTTGGCGGGCGGGCTTGGTGTCGCCGCCTGCCACGGAGTGCAGCAGGTCAAGGCCGGGCAGCTTGCTGCGCGCCTTGCGGGGGCGGGCAGGCTTGGCGGGCGCTGTCCCCTGCCCTTCGCGGGCAGGGTCGTCGCCGAAGGCGCCTTCCAGCCAGGTGGGCCCGGCTTCGCCTGCGGCGTAGTCCACGAGGTCGTCGGCTGCATCGTCCACAAGGTCGTCTTCCAGCCCCATGGCTCCGGGGCCGAATTCGTTCCCGGCAAAGGGATCGCCGCCGCTGGCCGCCGCGTCCGCGCCGTCAGGCCCACCGGGGGCCGCACGGCTCGCCCGCACCGCGGCACGGCCGTTTGCCCGGCCATCCGGTCGGGCGGCATCGTGCACGGCGTGGGCGTAGGCGTCGTCGTCTTCCGGGTACTGCGGCACGTAGGGTGCGTGGGAAGGCGCGCTTGGCCCCTCATCACCGGGGCGGTACGGGCGTGGGGTGCCCTGCACGCCGCGCCCGGCGGGCAGCGGCGCGGGGGTCACATCGACCACCTGGCCCTGCTTTGCCCCGCGCTTGCGGTTCCACAGGAACTGGAACACGCCCATGCCCGGCAGCTTCAGCCAGCGGGAAGCGCGCGCGGTGCTGGCCGC
CP133659.1_gap16	561452	563042	1590	TAGTTCTCTATTTCGGCGGTCATGAGCACCTGGCCGCCGGGAGACAGCTTTTCGACAAAGGCGACGCTCACGCCGGAACGCAAAAGATAGAGGGCGGCCGTCATGCCGGCCGGCCCTCCTCCAATGACGATGGCGTCGTATGTCTTCATGTTAGCCAAGGGCCTTCTGCGCGATCATGTCCTTGATGCTGCTCTTGGACACGGCACCGGTGATCTGCTCGACCACTTCGCCGCCCTTGAACAGGATCAGGGTGGGGATGGCGCGGATGCCGTACTTGGAGGGGGTGGCGGGGTTTTCGTCCACGTTCATCTTGGCGATGAGCACCTTGCCGTCGTATTCGGCGGCCAGTTCGTCGATGACGGGGCCCATCGCGCGACACGGACCGCACCAGGGAGCCCAGAAGTCGATCAGCACGGGAAGGGAGGATTTGAGGACGTTGGCTTCGAAGTTGGCGTCGGTGATCTGAACGGCCATGGTGCACTCCTTTTGGTCGTATATGCGATGCGGCGACCGCACCCGAGACGGTCTGCGCCCGATCTCGATACGGACAGAACCCCCGGAAACGGCATGGGCAGAAGCGTCATGCGGGGGCTGCGCGGCGAACCGCACATGGCGATGCCCCGGCAGGTGACCCGCCTCCTGCCAACCTATGAAGAAATAGTAGGGCGCTGCTGGCGTGTCAAGCACGACGGCGCGGTCAGCCCGCTTCTACACACTGCGGAACATGGTGAAATCATCGGGAATCGAACGCCCGCGCGGGATGGCCTCCAGCGCAAGGTCGTGCCCCAGTCCAAGGGAAGCCAGCCGCCAGCCCGCGTGAGCCACCATGATGCCATTGTCGGTGCACAGGGCGGGCGTGGGCAGCAAGAGCGGCAGACCAGCGCGCCCGGCAAGGTCGCCAAGGGCTTCACGTACATACGAGTTTGCGGCCACGCCGCCAGCGGCCACCAGCGCCCGCACGGGGACCCGGTGAGTATCGGGGACCTGGCCGCCCTGCCCTGCATGAGCGGCGAGGGCAGCGTGTTCGGGCACAGTGGGCGGACATGGTGATGCGGCCTGACTGGCATCCGCAGCTACCGCACCGCTCTTTTTACGTTTTTTCCTGGCCGCTACGGTGGGCGTGCCGGGAAGCGGACCGTTTTCGCGCGCCAGGGCGCGCTCCAGCTTGATGCGCAGGGTGTCGGCCACGGCGTGGTTGAACGAGGCGCACATGTCGCAAAGGCTGGATACATCGGGCTGGGCCTGATCCGGCGCACCGTTGGCTGAGCCAACCATATCGACAGAACCATCGGCCACGGCGCGCGCGGCCTCGATCAGCGCGGGATTGGCCTGCACCACCAGGCCGGCGGCGGTCTTCAGGCCGCTGAAGCTGAAATCGAGGTTGTCGTTATCGACGTAGGGCCGGGGAAACATGGTGGGGTTCACCCTGCCCTTGCGGCCCAGTTCGTCGATGGTGCGCCCGCCGGGATAGGCAAGGCCGAGCTGCTTGGCCACCTTGTCGAAGGCCTCGCCCGCCGCGTCGTCCAGGGTGCGCCCCAGCAGGAACATGCGGCGGGGCGATTCCATGCGGTAGATGTGGGTATGCCCGCC
CP133659.1_gap17	727517	728452	935	TGGCAGGGGCGTTGTGCACGGCGGCGATCTTCACGGCCACGGGCACCCGGTAGCGGGTGGACTCCTTGATGGCGTAGATGAGCTGGAGCAGGTCTTCTATGGAATAGATGTCGTGGTGCGGCGCGGGCGAGATGGCGTCGGAGCCTTGCGGCACCATGCGGGTGCGCGAGACTTCCTCGTCGATCTTCTCGCCCGGCAGGTGCCCGCCTATGCCCGGCTTGGCGCCCTGCCCCACCTTGATTTCCACGGCGGCCCCGGCGTTCAGGTAGTCCTTGTGCACGCCGAACCGACCGGATGCCACCTGCACGATGGTGTTGGCCCCGTACTGGTACAGGTCCGGGTGCAGGCCGCCTTCACCGGTGTTGTAGCAGATGCCGAGCTGCGTGGCGGCGCGGGCCATGGCCACGTGCAGGTTGAAGTTGATGGCCCCGAACGACATGGCCGCGAACATGATGGGGTATTCCAGTTGCAGTTGCGGCGGCAGGGGCTGCTTCAGGCGCGGGCCTTCGGGGGTGTGGCTGAAGTCCACTGCGTCGGGCTTGGCCCCCAGAAAGGTGCGCAGTTCCATGGGTTCGCGCAGCGGGTCAATGGAGGGGTTGGTCACCTGGCTGGCGTCCAGCAGCATGTTGTCCCAGTAGATGGGCTTGGGCTGCGGGTTGCCCATGCCGGACAGCAGCACCCCGCCGGTGTCGGCCTGCTTGAAGATGTGCTTGATGTAGGTGGACGTCCACAGCGAGTTGTCACGGAAATCCGAAGGCTTCTTGCGGATGGTCAGGCAACTGGTGGGACACATGGCCGCGCAGCGGTGGCAGCCCACGCAGCGGGCGCTGTCGTGCACCACGAACTGACGCGCCTCGTCCCAGAAGTGGGCCTCGTACGAACACTGGCGCACGCAGACTTCACAGTTGATGCACCGGGCGCGCTCGCGCTCGATG
CP133659.1_gap18	832065	832734	669	GCGGATCGCCTTCCTGCACGAGCGCGCGATGGGCACCAAATACTTCATCGAAGAAGTGACGCCCATCGGCAACCACGCCTTCCGCCTGATGGTGGAAGAATTGCAGGACGTGCACGGTCGCGTGCATCTCGACGACATCTTCGAGCTGCTGCGCCGTGGGCTGCGTAGCGTCCCCAACCTGAACTACTGCCTCGACCAGCTGGAAAACCTCATCGACCTGTGGCGCACCATGCACCCGGCGGTGGCCCCCACCTGGCCCCACATCATCGAGGGGCTGGGCAAGTGGGAGCAGGACGGCGTGTTCGCCAAGCTGTCGGCCCTGAAGGGCGCGGGCGGCAAGGTGCTGGACGCCAACACCCCGGAAGGCATCGAGAAGATGGGCGACGCGCTCGCCTTCATGACCGTGCTGCTGCAAAAACTGGCCGATCCCAACGTGCAGGTCTTCCTGGCCCGCGCGGTGGACATGCTGGCCAAGCTGGACCTGTCGCAGGCCAAGCCTGTGGGCATGTTCGGCATGGTCGGCGCCCTCGGTTCCAAGGAAGCCAAGGAAGGTCTTGGCGTTGCCATGGAAGTGCTGAAGGCTCTCGGCGCGCTGAAGGGCGACGGCTGCTGCGCCTGCGGCTGCGCCGCGCACGCCCCGGCCAAGAACGACTAACGACATCGAACGGA
CP133659.1_gap19	858779	862738	3959	AGGCATTTTTAGTCGATACAACCCGATGCACGGCATGTCGCGGCTGTCAGCTGGCCTGCAAGGAATGGCATGACCTGCCCGCCAACGTGACCAAGCAGCGCGGTTCGCACCAGAACCCGCCGGACCTCAACCCCAACAACCTCAAGATCGTCCGCTTCAACGAGCGGATGACCAAGGAAGGCGTTGTGGTCTGGAACTTCTTCCCCGACCAGTGCCGCCACTGCATGACCCCGGTGTGCGTGGACGTGGCGGACATGGCCGTGCCCGGCGCCATGATCAAGGACAAGAAGACCGGCGCCGTGCTGGCCACCGAAAAGTCGGCCAAGCTCAGCCCGGCCGACGCCAAGGCGGTTGCCGAGGCCTGTCCGTACAACATCCCCCGCATCGATCCCAAGACCGGGCACATTACCAAGTGCGACATGTGCTTCGACCGCGTGTCGGCGGGCATGCAGCCCATCTGCGTGAAGACCTGCCCCACCGGCACCATGGTCTTCGGCGAGCGCGATGAAGTGCTGGCCGTGGCGCAGAAGCGCCTTGCGGCGGCCAAGGAACGCTTCCCCAAGGCGCATCTGGTGGACATGGAGGACGTGAGCGTCATCTACCTGCTGGCGGAAGAGAAAGAGCATTACTACGAGTACGCCGGTTTCATGTAGCAGGCTTGCGGGCGCCTTGCGCGCCGCGTTCACCCTCTGAAGGAGGCCCCGGCCTCCGGTTCTCGTGGAGCATTCATGGCCACCAAACGCCAAAGTGTCGCGGATACGCTGGCAGATGTCACTACCCGCCGTCCTGTCCTTGAACCCGTGCTGCGGGTCTTCGAACCCCTGCTTTCCGCCGGTGACGCACTGGCCGGAAAGCTGGCGGAGTCCGTGCGCGATGCGGGCCTGCGCCTGCCGGAACTCCAGTGGGATCGTGCCCAGCAGGGGGTATCCCTGCTGGCGGGCGTTTCCCCGGCCGGTGCATCCGGCCCCATGCGCCAGGCGGCAGAAGAACTGCTGCCGCTTCTGACCACCATAGAAGCGGTGGCTCCGCACGCGGAAGCGCTGCGGGCGTTCTTCCTGCGTCCTGTGGAAGCCCCGGCGGAAGCCCCAGTGGCCTCCAATGACACCCGCGATGCCCTGGCCGAGGCCGTGGTGGCGGGCCGGTCCATCGAATCCATCGCCGGGGATGGCGGCGTGGAGCCGGAGGTGCTTGCGTTCGTCACCGGCTTCGTGCTGTCCCCGGTGCTGCATGCCATGGTTGCCAACGCCCTGCCCGAAGACGGGGAAGCCCCCTGGGACAGGGACGGTGCATGGCAGCAGGGCTACTGTCCGGTGTGCGGCGCCTTTCCCACCATCGCATGGCTGGACAAGCCCATGCTGGACGAGAAGAACGCCTACCTGGCCGGTGGCGGCGGCAAGAAGCATCTGCACTGCTCACAGTGCGCCGCTGGCTGGAAGTTCCTGCGGGGGGCCTGCCCCTCGTGCGGAAAGGAGGCCAGCGGCACCATGGAAATGCTGCGCGAAACAGAGGCATCCCGAGGCGAACGGCTGGACTGGTGCACCAAGTGCAACAGCTATTGTCCCACCGTGGACCTGCGGGAACGCGAGGCCGTCCCCAATCTGGACGCCCTGGCCCTGGGCATGATGCACTTGGACATGGTGGCGGCGCGCAAGAAGTTGCGCCCGCTCAGACCTTCCTTCTGGAATATGTATTGAACAGGAGCAGTTTGATGAAATACCTGGTCATCTCCCTGTTTGCACTGACCTTGCTCGTGGCCGGCACGGCCCTGGCGGCCGACGCCGGGGACGCCGCCAAGGCCCCGAAAAAGGCCATAGAACTGAAGCACGGCACCTCCAAGCGGATGCACGTGATGTTCAACCACACCACCCACAAGGACGTGGCGTGCGAGCAGTGTCACCACGACACGCCCGACCCCGCGAAGCCCTTTGCTTCGTGCACGAACAACGACTGCCATGCCACGCCCGGCCCGCGCGAGCGTGACACCATGAGCATGTTCGTGGCGTACCACGCCAAGGACACCGACCGCTCCTGCTATGGCTGCCACAAGCAGATGGCCAAGGACCACCCCGAATTCTCGGGTTGCCGCCCCTGCCACATGAGCGCGCAGGCCAAGAAGGAAGCCGCCGCCAAGAAGAAGTAGCCTTCACGGCGGATTCGTACCGTACGGCCCGCACCGTATGGTCACCACTGCCCACCAGCGCCGACCGGCCATCCGGTCGGCGCTTTCATTGGTGACGGGGGCGCCGCCTGGCAGCAAATGGTCCTGCATCCCCCGATACACGGCAAGGCGGGGCGGCAGCGGGACAGCAGCGAACATCTGGGGGATCGACGCACGGTACAGTGGGAGGAACCGGCAAACCGGACCGACCGGATGCGGTTTTCATTGCCCCTCGATTATGCCAGTATAAGCACGTATGCTTGGACAGGCACATACCCTTGCCAGTCACGCAAACCACGCAGGGCGTGGCCCACGCAATACACTCACCGGATTTGCCGCAACGGCGGCGGTTTCAACACTTACACGGAACACACGCATGAGCATCCCCCCCTCCGCCCCGGCACAGGCGCCGCCCCGGTCGCGGGCCCGGCCCCCGTCACCCGCCCCACCGTCCGCCTGCACCTGTGGCTGGAAGAGGACGGCGAAATGGTTTTCGGCATGGGGCGGGCCATGCTGCTGCTGGCCATCGACGAGCACGGATCGCTGAAGAAGGCCGCAGAGGCGCTGGGCATGTCGTACCGTGCCGCATGGGGCAAGCTGAAGCAGACCGAAACCGCACTTGGCTTTCGCCTTGTGGAGAAGGCGGGCAGCAACCGCGAAGGGTATCGGCTGACGCCCGCCGGGCGCGAGGCCATGGATCGCTTTCGCGCGTGGTTCGCCACCGTGGAGCGGTGCGCCACGGAAAGCGCGGCCACGGTGCTGCCGTGGGCCGTCCGCCAGTTCGAAGACAAGGCAGCGGACGACAAGTAGCCCGCCGGGCCGCCATACCGGCCCTGTCACTGCAACCATCCCCATCCGGCCCGATCTGCCTGCGGCCCTGCCGCCGGGCTTGACGATGCCCCCTTGCTGTCGCACCTGACAGGGACGGCCTGACATTTTCGGTCATGGCCCGCTCGCGGTCCGCCCATGGTCCGAGAGCGGACCGAGCGGGGCCGACTCATGACCGGTTGGGGCGCATCGCGTCCGCTCCATTCCCCGGCACCTCGCAGCAAGGAGTCCCATGCACACGTTCCTTCCCCGTGCCCTGTTCCTGTTCGCAGCGATTTTGTGCGCCAGCCTGTTCGTGTTCATCGGTGGGCAGGTGTTGACCCTGTCCGACATGGCCGCGCGCATCCATCCGCTGCTGGGCCAGGCTGTTTTCTGGGGCGGCATGGCTGCCTATTTCGGTGCGTTGGGCTGGCTGGGGGCCACCTGGCTCCTGCGGCCCCGTCCCTTGGTCCTGCCGCAAAACCCCACGCCGGATGAACTGCACGACTACCTGCGCCGCCTGACGGCACGCCTGCGGGCCAACCCGCACCTGCGCGAAGGCGGCGTTGCCCACATGGCGGGCACTTCCGCCTCCACGGCGACGCACGCCAGCCCTGCTCCGGGGCTTGCCCCGGTAGCGGCGGAAGCTGCGGAAGCCTCCGCCCTGCTGCGCGCGCTGGATGCCGCCGCCCTGCGCGAAACCAAGCGCACGGCATCGCGCATCTTCCTGTCCACGGCGGTGGCCCGCAACGGCAGGCTGGACACCCTCATCGTGCTGGTATTGCTGGCGCGGCTGGTGTGGCGCGTGTCGTCCATCTACGATCAGCGGCCCCACCCGCGCGACATGGTGCGGCTGTACATCAACGTGGCGGGCACGGCGCTGGCGGCGGGCGCGCTGGAAGAAGCCGGGCTGGAGGAACACGTCCACGCCCTGCTGGGCCCGCTGCTCACGGCATCGCCACTGGCCTCGGTGCCGGGGGCCTCGCACGTGGGC
CP133659.1_gap20	866101	869594	3493	CCTGCTGGTCAACGCCCGCTTCCGCGACCCCATGGCGCCCGCCGGAATCCATGGCGAGGCCCTGCCCGACGCCATGGCCGTGGAAGGCGGGCGCATCGTGGCCATGGGCCGCGCGGCGGAACTGGCCCCCTTTGCCGACCGTGGCTTCGTTCGCACCGACATGGGCGGGGCCACGGTGCTGCCCGGCTTCATCGACTGCCATTCGCACCTGCTGCTTACCGGCATCATGGACCTGGGCATGGACCTTTCCGCAGCAGAAAACCTGGGCGACGTGCTGGACATGGTGGCCGACGCCGTCCGCAACGCGCCCTTCGGCGCCATGGTCTACGGGTTCCGGCTGGAGGAACTGGACCTTGCGGAGCGGCGCATGCCCACCAAGGCGGAACTGGATGCCGTGGCGCCGGGCCGGGCCGTGCTGCTGATGCACGCCACCTGCCACCGCTGCATCATGAATACGCCTGCACTGCGGCAACTGGCGGTGCCGCGCGGGCTGCCCGGCGCGGATACCGAGGGCGGACGCGGCACCGCGCCCTTCACCGGCGTGGTGCGCGACCCCGGCATTCTCACCTGGGTCTTTCCGGCCATCCTGCGCTCCATGGACCGGGCCCATCTGGACGCCGCCGCCCTGGTGGCCGCCCGGTCTGCCCTGCGGGTGGGCATCACCACCGTGCATTCCATGGAAGGTGGCGAACTGACCCCCGGCGGCTCGCCCGTGCTACTGGACAACGCCACGCGTCTGCCGCTGCGCGTGGTGTGCTGGAACCAGAGCATGGACCTGGCCGAAGTGGAGCAACTGGCCCTGCCCCGCGTGGGGGGGTGCATCTGCGCCGACGGCGAACTGGACGCCCGCACCGCCGCGCTGTTCGAACCCTACAGCGACGACCCCGGCAACGACGGCACCCTGCTGTACTCCCAGCAGGAAATGGACGACTTCGTGCTGACCGCCCATGCGCGCGGGTTGCAGGTTGCGGTGCACTGCGAGTCGGAACGGGCCATCGACCAGGTGCTGCGAGCCATGGAGCGCGCCCAGCGGCTGGAGCCGCGCGGCGACTGCCGCCACCGCATCGAGCACTTTGAACTGCCCACCTGGGACCAGATCGACCGCATGGCCCGCGCCGGGGTGGTGGCCTCCATGCAGCCCGCCTTCGTGGAGTCCTATTTCGGCGATGACCGCATGGCCCATCTCGCATCGCTGTTCGGACCGCACCGCATGCGCCGCCTGCACCCCTACCGCGCCATCCTCGACGCCGGGGTGCGCGTGTGCGGCGGCTCGGACAGTCCGGTGACCAACTACACTCCGCTGCGCGGCATGGCCGCCGCCGTGCACCACCCCTTTGCCGAACAGTCGGTGAGCATGGCCGAGGCCTTGCGCATGTTCACCACCGAGGCGGCGTTCTCGGCCTTCGAAGAAGCGGACAAGGGCCGCCTGCTGCCCGGCATGCTGGCCGACCTGGTGATGCTGGGGCAGGATCCGCTGGATGGTCGAGATGGCCCGACGGAGATGGCTTCCGTTGCCGACATCCCCGTGCTGGGCACCTGGGTGGACGGCCAGCCGGTAACCCCGGAACCATAACGCGGGCTGCCCACGGCGGCACGACAGTGCGACGGGGCGACGGGACGACGGGGCGACGAGGCGACGGGGCGGCTGCCCATCACCCATGGGCGCATGCGCTGCCGTGCGTCAGCCATCGGGCACGAAACCGCACACGGCCCGCACCAACGCTGCCCCTCAGGCCATCGTGCCTGCAGATCCACGTGTTCCCTGCCGCCACTGCCCCATGCCACGGGTGTACAGATTCCACCGGCCGCTGCCGACGGCATGTCCTGCCGCAGCGGGCGACGGCCCGTGCCCCGGACACGCAGCCCCCGGAATCCAGGCGTCCGAGGACTGCACCGTTTCTTCACGGTGCCAGGCCTAGCCAGGCCCGCTCCATCCGCGATGCAGCCACCCTGCCCGCCACGGCCCACGCCACCGATACGGCACACCATTGTCACCATATCGGACTGCATGACTGATTAATCATACAATTTCGGAATGTTGACGCAAAACCGTAACTATGTGAAACATATCTTGTCCATAACAGTGCCATTTTTCCGGCAGCCCATGTGGCTGCATGTAACAGTGAGCATATTCCCGGCATCCACCGCGCCGGTCCGCACCGTGCCCCACCCAACCCCAAGCGACAGGGGGTCGCATTGTCCGCCATTCAACTTCTGAACGTCAGCAGGCACTGGGGCGACGTCCGCGCCGTGGACGACGTTTCCTTCGAGGTGGAACAGGGCACCATGCTGGTGCTGCTGGGGCCTTCGGGCTGCGGCAAGTCCACCACCCTGCGGCTCATCGCGGGCCTGGAATCCGTCACCTCGGGCCGGATCATGATCGGCGAGCGCGACGTCACCCACCTGCCCCCTGCCCAGCGCCAGCTGGCCATGGTCTTCCAGTCGTACGCGCTGTTCCCGCACCTGACGGTGCGCGAGAACATCCTGTTCGGGCTCACCGTGCGCAAGGTGCCGGAGGCGGAGCGCGAAAAACGCCTGACCCGCGCCGTGGACATCCTGGGCCTTTCCGCCCTGCTGCAACGCAAGCCCGGCGAGCTTTCCGGCGGGCAGCAGCAGCGCGTGGCCCTGGGCCGCGCCCTGGTGGCAGAGGCCGCCGTGTGTCTGATGGACGAGCCGCTCTCCAACCTGGACGCCAAGCTGCGCCATGAAATGCGCCGCGAAATCCGCGCCTTGCAGCAGACCCTGGGCATGACCATGGTGTACGTCACCCATGACCAGACCGAGGCCATGAGCATGGCCGACCGCATCATCCTGATGCAGGGCGGGCGCATCGTGCAAAACGCCACGCCGTCCGAACTGTATTCCCGCCCGGCCACCACCTTTGCGGGCAACTTCATCGGCACCCCGCCCATGAACCTGGTGCGGCTGGACGATGCGCGCGGCAGCGTGTGCGTGGCGGGCAGCCGGTCCGGCAAGGTGGGCGTGGTGGACAGCGCGAACTACGTGCTGGGCATCCGCCCGGAGCATGTCCGCATCGTGCCCGATGGCTGGCGCGCCGTGGTGGAAAGCGTGGAATACCTGGGGTCCAGTTCCGTTCTCGGCTGCCGCGTGGGAGGCGAGGAACTTTCGGTGGTGGTGGACGGCGTGTCGGACATTGCCGTGGGAGCCGAGATATATCTGCACTGCCCGGACGAGCACATCCACATCTTTGACGCACAAACCGGCGAGCGGCGCGGCACCTGTCGCTGACACACCCTCGCGGCGCAACGGACACATTCGCCCCGTATTGGTGATTTCGGCGGGTTACGCCCTACATCCCAACGCAACATCGCAGGAGGCATCACAATGACCGGTTTCAGGAAAGCGTGCACTCTGGCGGCGGCGGCCCTGCTGTCGCTGACCCTGCTGGCGGGCACCGCACTGGCGGAAAAGGTGAATCTTACCTTCTACTTCCCCGTTTCCGTCGGCGGCCCCATCACCAAGATCGTGGAAG
CP133659.1_gap21	966027	966864	837	TCCCGAGGCGATCAGCCGCGCTTCAAACAAAACCGGTTGATTTTCCTAGCTGCAGACGGTGACAGCGTTAGTCGCTTGAAAGACCATGTTCGCTCGGCCTTGGCTTGGCAGTCCATCGTGGACGACATTAAAGAGTTGAAGCTCAACCTTGATCAGTTTCAAGCAAGACAAGCCAGCCAAAGCTTGGACAACGCCAATGCAACGCTGAAGAGGATGATCCGCGAGACGTACAAGTGGCTGATGGCCCCCATGCAGGAGGCCCAGCCCGGCAGAGGATTGTCTGACATTACGTGGGAGCAGTTCCAGATAAACCCCGGGGCGCAGCATCTGACGCAGGAAATCGAACGTGTGCTCAAGGAGAACGAACTCCTGATCACCGAGTGGGCTCCGATCCACTTGGCCAAGATGGTTCGTGATTGGTTCTGGAAAGATGACATCAAGGACGTCAAAGCACTCGAGGTTTGGCAGCAGTCCTGCAAGCAGTTGTATTTGCCCCGCCTGAAGGATGAGGCCGTCTTCAAGAATACCATGAGCGCTGGCGCGGTGAGCCAGGACTTTTTCGGTTTTGCGCAAGGCAAGGAAGCCGACCGTTATGTAGGCTTTTCATTTGGCACCTGCCCGATGCTTTTTCTCGATGATGCACTGCTCTTGATAGAGCCCAGCACCGCCGCTGCATATCAGCAGAAGCTCGAAGCCGAACGTGCTGCCGAGCAAGCTGTTCGCCAAGCCCAACAAGGAGTCACCCAGCCGTCCGAAGGCGGGGGCCTGGTGCCTCCTGCTGGCGGCGATGCTCCCAAGCCGACGCCTGCTACTGAGAGCGTAACGCCCCCTAAAGTC
CP133659.1_gap22	968008	969759	1751	TTCCTGCCGGGATGCGCTGCTGACCAACGGCATCTGGGTGACCCAGTACCCGGTTCCGGCAGAGGTCGGCCACCTCGGCCTTGTCACCAAGCTCACGCATGCCGAATCCGGCCAGTGGCAGTCGTCGCTGCTGGTCATGCCCCTGCCCAAGGCAGACCCTCAGGGGTACGGCAGCGCCATGACCTATGCTCGCCGGTACGCGCTTTCGGCCATGCTCGGCATGGTGACGGAAGACGATGACGACGGCGAGGCAGCATCCCGAGACAGGCCCGCACGACAGAGAACGCCTCGCCAGCCACGGCCCCAGCAGCCTTCAGCAGCCTCTGCCCAACAATCCACGTCCGCAGCCCCTCCACCTCAGCCCAAGCCTGCTGAAACAGCACATCCAGCCCTGGCGTCACTGCCACGGCTGGATGGAGTCAGCTACACGACGGCCACCGCCCAGGATGGCCGTCTTTGCATTCTAGCGTCGGGCAACACGTCTGCCCGCAAGCAACTGCTCTCGGCTGCCGGGTTCAAATGGAACGCCGAGCGCAAGGTCTGGTGGCGGTACGCCGAGACCGCCTGATCCACACACCACGCCAGGGGCGGGGATTCCCCCGCCGTGGGGGAACCTCGTCCACTCGATGGAGTCCCCCATGACAGACACCCCGCGATCCCCCATGCCTCCGGCACTGCCGGACCCTCTCTCCCTCCTCGCCGAATCCCTGCTCGCACACGAAATCCACACCACGCAGGCCCAACTGGGCGACCGCAGCACCTACACCGGCATGTCCGACATCGGCGCCGCAACGGAATGCCTGCGCTCGGCGATTGCCCGCAAGTTGGCGTCGCCGGGCACGCAGCCCCGCACCATTCCGCCTCAACATGTCGGTTCCATCCTGAAGCGCCACCTCCCCCTGCATCGAGGCCACTGGCAGGAGGCCGGGATCACCGACGCCCTTACCAGAAGCGGCCACCGACTCATTCCGCAACTGGAAATCAGCGCCTCCTTCCACGGCGTGCCCATCAAGGCGCACCTCGACATCACCCTCATCCACGAAGCCCCGACACCCGTCATCCGGGTGCTGGAGCTGAAAAGCAACGGGCACCTGCCCGAAACCCTCTACACCTCCAACGAGGTGCAACTCTACGGGCAGATCGGCCTGCTGGAGAGCACCGGCATCGCCCGTGCTGTTCGCTTCGGGACGAGGACGGCCAGCCGGTCTTCACCCGCAAGACCTTCCCGGAGGCGGCTCGGTTCCTCTTCGGCATCGACCTGCCAAGCACACCGGAAGGCGTGACCATCGAAGGCTGGGTGCTCTCCATCTCCATGTCCGACGCCAAGGTCTTCGGGCCGTATACGCCCAACCGGACCATGCTCGGCATCTGCTGCAACACTGCCGCGGACCTGTGGCAGGCCGTCAACGCCGTCAAGGCGGGGCAGTTGGCGCTTGACGACCTCCCGTACTGCCGGGGGTTTCACCCCCTGTGCGACTGGTGCGACGCCAACGCCACCTGTCCCAAGTTCCGGCCCATGCGGGTTGACGGCATGCCCGTGGACCTTGGCCCCGCCCATTCGGCGGACCTCGACCATCTCGAGGGCCTGAAGGAACGCAAACTCGCCATCGAAGGCGATATCGCAGCCATTGAAGGACGCATCCGCACCGCCTTCCAGCGCATCGCGGCGGTAAGCGACAGCATGGCCCGGGACTGGATAACCGCGGGCAGACACCGCTTCCGGGTGGCATCCATGCCCGGCAGACAGACCA
CP133659.1_gap23	1129174	1130562	1388	TTGCCGGGCGCGAACACCAGCGGTCGCAGCCCGCTCCACACCGCACGCACGTCGCCGCGCGTGACGGGCCGCGACAGGTACTTGCTGGCGTAGCGCAGCAGGTAGTCTATGTCGGCCACGTCGGGCACGGGGTCGTGCTCGGGGTTGGCGTGCTCGTCGGTGGTGCCGAAGACCACGTGATTCTGCCACGGTATCATGAACAGCACGCGGCCGTCTTCGGTCTTGGGAATCATCAGCGACAGGTCCGGCGGGGTGAAGCCCGCCTCGAGCACGATGTGGATGCCCGAGCTGACCTTGAGGATTTCATCCGCGCCGGGGTCGTCCATGCGGCGCACGGTGTCGGCCATGGGACCGGTGGCGTTGATGATGCCCCCGGCGCGCAGGGTCCACGTTTCGCCGGTCAGCATGTCGCGCAGTTCCGCGCCGCGCAGCCGCCCGCCCTCCTTGATCAGGTGGGTGACTTCCACGTGGTTGCAGCAGGTGGCGCCGTGGGCGTTGGCGGTGCGCGCCAGGGCCACGGCCATGCGCGCGTCGTTGAACTGGCCGTCCCAGTAGGTGACGGCGGCCTTGTAGTCGCCCATGCGCAGGGTGGGGAACATGCGTTCCGCCGCCCGCTTGCCCACGAACCTGCTGTGGCCAAGGCCAAGGCGCCCGGCCAGCAGATCGTACAGGGTAAGCCCCGCGAACATGTAGCCCGCGTCCTTCCAAGTGGGCACGGGCGTCAGCAGGCGCACCGCGTGGGCCAGATGGGGGGCGTTGGCCAGCAGAAAGCCGCGCTCGCGCAGGCCTTCGCGCACCAGGCCGAACTGTTCGCGGTCGCATTGCAGCACCGCCTTTTCCAGGTAGCGCACCCCGCCGTGCACCAGTTTGGTGCTGCGGCTGCTGGTGCCCTGCGCGAAATCGGCCCGATCGACCAGCGCGACGTCCAGCCCGCGCGTTGCCGCATCCACGGCCACGCCGCAACCGGTAGCCCCGCCGCCGATCACCAGAAGATCGAATTCGCGACCGGACTTCAGTCGTTCCAGCAACCCTGACCTGTTCATGCATCTCCTCCATGTTCCCGATCGAGCAGGCGCAGCGCGGTGCTTTCATCCGTGACCAGCACGTTGACGAAACCGCCGGTAAGCGCCGCCCTTATGATCGCAGTCTTGTTCTCGCCGCCCGCGGCGGCGATGGTCATCGGTATGGAGCGCACCTCGTCGAGGCTTGGCCCCATGAAACAGGCGTTCATGGGGTGTTCGACGGGCACGCCCGAAGCATCGACGAAGGTGCCGAACACCTCGCCGACGGCCGTGGTGCGCTGCAACGAGCGCACGTCATCCTGGGTTATGGCGCCGAGCACCACGTTGGTGGCGTCGGTGGCAAGCTGGCCTATGCCGATGAGCGCC
CP133659.1_gap24	1133321	1134137	816	TTGGCAACCGACGCAGCCTGCAAAAGGAAGGCGCACGCATCATCGAAATGTGCAAACGCAGCGGGACCCAGTGTTCCTGCCTTGTTCTCGACCTGGACCACTTCAAGCGCGTCAACGATGCCTACGGGCACCCCACGGGCGATGTGGCCTTGCAGACTGCCAGTGCCATCATCATGCGCAACATCCGCAAGGCGGACTTCGCCGCTCGCTTGGGCGGAGAGGAATTCACGGTCATCGCTTCGCACACCCCTACCGATCAGGCCCTGGTGCTTGCCGAACGAATCCGGGCCGACGTGGAAAGAACGTCCATTACCCACGATGGCCACACATTCACCATGACCATCAGCGTCGGCGTTGCCCCTGTCAGCGCCAGTTGCGACAGCAGCGCCACCCCGCTTGATGACGTGATAAGCAAGGCCGACTGCGCCCTGTACAAGGCCAAGAACAACGGCAGGAACCGTGTGGAACAATGGCATGCCGAAGACGCTACGATGAGTTGCAAGCACCACCAGTAGCAAGCGCGACTTCAGAAGGGCTACCGCAGAAGGATGTGCCCGACATCCTCCCTACTTTCCGCCCGGCGTATGCGGTGTGAGCCCCCTCACACCACAACGCGACACACTGTTACAAAGACCTTCTCCTCACCTCTCCGTTTTTGCCCATCCACTCAATCACATGTTTTCAGAATGTTAGCGCATGCCTGCTCCGGAGTGAGGCGGAGATATGCAGCGGTTAGGACTAACCGTCTCGAAAACCGGGGGATGAACTGCGACCAGGAAGTTACGCACAGTATTTTAAGCAGTTATATTAAAAACT
CP133659.1_gap25	1187331	1189529	2198	GCTGACGGCCCTCAACGACGTCAGCCTTGACGTGATGCCCGGTGAAAAGGTGGTCATCTGCGGGCCGTCCGGCTCCGGCAAGTCCACCCTGCTGCGCTCCATCAACCGGCTGGAAACGGTGGACAAGGGCAGCATCATCGTGGACGGGCAGGACGTGAACTCGCCCGACAACGACATCAACAAGATCCGCCAGGAACTGGGCATGGTCTTCCAGAGCTTCAACCTCTTTCCGCACAAGACCGTGCTGCAGAACCTGACCATGGCCCCCATGCGGCTGCGCAAGATCCCGCGCGCCGAGGCGGAAAACCGGGCGCTGGAACTGCTGAAGAAGGTGGGCATCAGCGACAAGGCCAACGTCTTCCCGGCCATGCTTTCGGGCGGGCAGCAGCAGCGCGTGGCCATTGCCCGCGCCCCGGCCATGAACCCCAAGATCATGCTGTTCGACGAACCCACCAGCGCGCTTGACCCGGAAATGATCGGCGAAGTGCTGGATGTCATGGTCACCCTGGCCCGCGAAGGCATGACCATGGTCTGCGTGACCCACGAAATGGGCTTTGCCCGGGAAGTGGCCGACCGCATCATCTTCATGGACCACGGCCAGGTGCTGGAAGAAAACGCGCCCCAGGAGTTCTTCGGCGCGCCCAAGCACCCGCGCCTCCAGAAGTTCCTGAACCAGATACTGTAGCGCGCTCGCCGCGACGCAGGCCACGGGACGAATGCAAACGGGCCGCTCCGCAAGGGGCGGCCCGTTTTTGCGTTCCTGCCGCGCTGTCCATCAGTTCGTGAATGCCCGGCAATCCGTGGATGCCCTGCCAGACGGCTAGCCGCCACACAGGGCTGCGCAATTCACCGGAGCGGAAAGGCCACCGGGCCGGAGCATGGCCCCGGCCCGGTGATAGTCACGTAGAAAGTGGACGCCTTGGAATGCGAGGCGACGCCCTGCCTCAACGACCGGCGACGCGCAAGGCCTCGGCGCGGGCCAGCGCAAAGTCCACTTCCAGCGGCAGCAGGCAAAACCGCTCGCGCAGGGCGTGGGCGTCGAGCAGAAAGCGCCGGTAGTCGGCCTGCGTGCGCGGGCCGGAGCCATCACGCACCGCCTGCCCCTTCAGGAAGGCCAGTCCGCGCCACAGGGCCGGGGTGCACGGCAGAAAGAAATCCGCATCGTCGGTCTCGCTGTCCGTGCCCATATCCGCGCCCGACTTCAGGTACAGCAACAGCGACAACGCAAAGATGCCCGCGCCCGCCACCTTGCGCACTTCATGCAGGCGAAAGATATCGGCCAGCACCGCGTCCGCGCCCCCGGCAATGGGCAGCGCCCACAGCTCGGACAGCCATGGGCCAAGCTCGCCCATGCGCGGGGCCAGTCGCAACAGGCTGGCAACCCCCGCCCCAAACCGAGTACAGGTGATACGCTTGGGCACGCTGCCCTCGATGCATTCACGGTTCACGGCCATGCACAGGGTCCGAAAATCGTCGGCGGACATGGTCCCGCTGCCGCCCGGCCCGAAGGCCGCATCCAGCAGCGCGCGCGCCTCTGCCTCGCCCTGCTTGCGGCTGTTGATGAAGTCCACCCCGGAATGAATGTCGCGCCACTCGTCCACCTCCGCGGCATACCGCTCGAACATGCTGCCTCCGTGTGCCGTGAAAAAACCTGCCGGGCCGACGGGTCGGCCTTCCCTGCCGTACCCGATACGCCCGCCATTGCCGTGCCCCGATCGCGCCACGCGCGCCTGACCATCGCCACGCAATGGGATGACCTCTGCTCCCTGCCCCGCAGCATCGCGACGCCCAAAGTGGATAGCAAAAAAAACGTGCGTTCCCAAGGGACGCACCGGCATCCCGAATGCACAGATGAATACCCCCGGCATGTTCAAAACAGCATTTTCCCTCGCCTTCCTGTCCGTGATGACATGCCTTTCTTCCTCACACTCCGCGCCGGGCTTCCGGCGCGGATGGCTGGTGCGGACGCGATGTAAGGAATTACGAGTTTTGCCCGCCGGGCAAGGCAGCGCGCGCCTTTTGCGCGGAACGTACTTATGTACGTGAGCACAAAAGGCGCGCGCTAACGCCGCCCGGCGGCAAAAGACGGATTTCGCAGGCAGCGTGCCCGCGTCAATGACAATGCAGAGAATCTTCCCCCTTCACTCCCGCTACTGCGACACCACATGCAACAGGGCCGCGCGCACCTCGTCCATCTG
CP133659.1_gap26	1331966	1335306	3340	ACGCCATCGTCCCACTTGACAATACTGCCGCAAGAGGGATTTTTGCCTGTGCCAAGGAAGAACGCCTTTTTATGGAGGGAGCGTACTCTTATCGTACGTGACCGGAATAAAAAGGCGTTCGACCGCTCTGCGCTCGATGCCCGTAGGACTCGCACGCTCGCCCAACGGGCACGCTTCGCGCCCTTCGGGTCGGTCAGGCAGAGGCAAAAAGCCCCTTGTGGAGTCCTTAGATAAGAGACTCCACCGCTTCAATGACCTTCTCGGTGGTAATGCCGAAGTACTCGAACAGCACCTTGCCGGGGGCGGATTCGCCAAAGCCGGTCATGCCCACGGCCTTGCCGTCCAGGCCCAGGTACTTCCACCAGCCGTCCACGGTGGCGGCTTCCACGGCCACGCGCGCGCGCACGGCGGACGGCAGCACCGATTCACGGTACGCGGCGTCCTGGCGGTCGAACTGGGTAGACGACGGCATGGACACCACGCGCACCTTGCGGCCCTTGGCGGCCAGTACATCGGCGGCGGCAAGGGCCAGTTGCACTTCCGAGCCCGTGGCCATGATGATGGCTTCCGGCGTGCCCGCGCAGTCGCGCAGCACGTAGCCGCCGCGCATGATGTTGGCGCGCTGCTCGGCGGTGCGTTCCACAAAGGGCACGTCCTGCCGGGTCAGCGAGATGCAGGTGGGGCCGGTGGCGCATTCGGCGGCGGCCTTCCACGCGGACAGGGTTTCCACGGTGTCGCAGGGGCGCCACACCTGCACGTTGGGGGTCAGGCGCAGACCGGCCAGCTGTTCCACCGGCTGGTGGGTGGGGCCGTCTTCGCCCACGCCGATGGAGTCGTGCGTCAGCACCCAGACCACCCGCGCGCCCATGAGGGCGGACAGGCGGATGGCGTTCTTGGCGTAATCCGAGAAGATCAGGAAGGTGCCCGCGTAGGGCAGGAACCCGCCGTGCAGGGCCATGCCGTTCATGATGGCGCCCATGGCGAATTCGCGCACGCCGTAGGAGATGTAGTTGCCGGACCAGTCACCGGGGGTGACCAGCTTGGACGTCTTGTGCCAGGTGCCCACGGAGCCGGTAAGGTCCGCCGAGCCGCCGATCATTTCGGGCAGCAGCGGGGCCACGGCGTTCAGGGCGTTGCGCGAGGCGATGCGGGTGGCCAGCGTTTCCTTTGCCCCATCGGTGGCGGCAAGCGCGGCGGCCACGCCAGCCTGCCAGTCGGCGGGCAGGTCGCCCGCCATGCGGCGTTCGAACTCGGCGGCCAGTTCGGGATGGGCGGCACGGTAACGGGCGAACAGATCGTTCCAGGCGGCCTCGGCGGCGGTGCCGCGCGGGCGGGCGTCCCACCCGGCATAGATGTCCGCCGGAATCTCGAAGGGCGGATGCGGCCAGTTCATGCCTTCGCGCGCGGCGGCGATTTCGGCGGCGCCCGGGGGCGAGCCGTGGCAGTTGTGGCTGCCCGCCTTGGTGGGCGCGCCCTGGCCGATGCGGGTCTTGCAGCAGATCAGGCTGGGCTTGCCGGGCACCGCACGGGCGGCCTTGAACGCTGCGGCGATGGCTTCGCCGTCGTGGCCGTCCACGTTGCGCACCACGTGCCAGCCGTAAGCCTCGAAGCGGGCCGGGGTATCGTCGGCGAACCACCCGGCGATCTCGCCGTCGATGGAGATGCCGTTGTCGTCATAAAAGGCGGTCAGCTTGCCGAGGCCCAGAGTGCCCGCCAGCGAGCACGCCTCGTGCGAGATGCCTTCCATCATGCAGCCGTCGCCCAGGAACACGTACGTGGCATGGTCCACCACGTCGTAGCCGGGACGGTTGAACTGCTGGGCCATGAGCCTTTCGGCCATGGCCATGCCCACGGCGGTGGCGATGCCCTGCCCCAGCGGACCGGTGGTGGTCTCCACGCCGGGGGTGATGCCGTATTCGGGGTGGCCGGGGGTCTTGGAATGCAGCTGACGGAAGTTGCGGATGTCGTCCATGCTGATATCGTAGCCGGAAAGATGCAGCAGCGCGTAGATGAGCATGGAGCCGTGCCCGTTGGAAAGCACGAAGCGGTCGCGGTCGGCCCATTTGGGGTTGGCGGGGTTGTGCTTCAGGCTATCGTTCCAGAGCACTTCGGCGATGTCCGCCATGCCCATGGGCGCACCGGGGTGCCCGGACTTGGCCTTTTCCACGGCGTCCATGCTGAGCACGCGGATGGCGTTGGCGAGTTCCTTGCGAGACGGCATTGCAACCTCCAGCGGGGTTCTATGCGGCGGCGGGCGGACGCCCTGCGCCGTTGGCTATGCAGCGGTACGGCGCGGTGCGCCGGGAAATACACGGATGGACGGGCGCGCGCGCCCTGCCGAAACGGTCATGCACGCGGCGGGGTATGCCTGCGCATGCGAGAGGTGGGCACTGCCTTGCGGCGGCGCCCACACCCGACTAGTCCGTTCCGCGCCATCTGGCAACGGGAAAATCACGCAGACGGATGCGCCATGGTGTTTCCGGCCATGGAAGCACCGGCCCATCACGCACCAACCCTAGAGGACGGAATTGGCGGCTGCCTCGAAGGCCTTCAACCGCTCGGCATAGGGCGGAAACTTGAAGAAGGCCGAGCCGGAAACCAGCACGTCCGCCCCGCTCTGCACCAGTTGCGCGGTGTTGGACGGGTCCACCCCGCCGTCCACCTGAATGAGCGTGGACAGGCCGCGCGCATTGATCATGGCGCGCAACTCGCTGATCTTGCGGTAGCTGGCGGGCAGGAACGACTGGCCGCCGAAGCCGGGGTTGACGGTCATGACCAGCACCATGTCAGCGTCGTCCAGCACGTAGTCCAGCACTGAAAGCGGAGTATGCGGGTTCAGCGCCACGCCGGACTTGACGCCCAGGCGGCGGATTTCGGCCAGGGCGCGCTGCACATGGGGGGTGGCCTCTGCGTGGACCACCAGCATGTCGGCCCCGGCATCCACGAATTCGTGCAGGTAGCGTTCCGGGCGTTCCACCATCAGGTGCACGTCGAAGAACAGGCGGCTCTGCTTGCGCAAATGGGCGATGACCGGCTGGCCGTAGGTGATGTTGGGCACGAAGGTGCCGTCCATGACGTCCCAGTGCACCCAGGACAGCCCGGCGGTTTCCAGGGCAGCCAGTTCGTCGGCCAGACGGCCGAAGTCGGAGGACAGCAACGAAGGGGAAAGGATCATGCGATGCTCGTGGCGCGGATGCGCGGTTGCGGGAAACACCCCGTTGCATGGAGGCGCGCAGCACTGGGCCGATTGTGCCCCATTGCGCGGCATGCGGACGGGAATGGCAAAAGCGGCGACGGGGCAACGAAAAGCAGAGCAGGCACCCCGACCGGAAAGATGGCG
CP133659.1_gap27	1353449	1354653	1204	CGCAACGCTACCGCCGCGTGGCAGAGGCACTGGGCGTGGCGGATGCACTTGCCGCCCCGGACGACGAGGTGCGCGAGGCCCTGTTCGCCCGGCTGGGCGACATGCGCCGCAGGGCCGGGTTCGACAAGGGCCTTGCCCAGTACGGGGTTACCCGTGACCAGTTGGCGGAACTGGCGCGCCTGGCACTGGAGGACCCCTGCCTTTCCACCAACCCCGCCCCGCTCGACGCGCGCGAACTGGAAGATCTGTATGCCGAAGCGTTCTGACGACCTGCGGGCAAAGCTCATCGGGCTCGGGCAGACCTCCACGCGCAAGAGCTACTACCCGGAGCTGAAAGAACGTCTTCAGCAACTGGAGCTGTTCCGCGCCCTGCTGGAAAGCGCGGGCGACGGCGTTCTGCTGCTGGCCGCGGAAACCCTGATGGTGCTGGACGCCAACGGCGCTGCCTGCCGCTTCGCCGGGCTGCCATGGGAAGCCCTGACCGGACGCCCGCTGGCGGTGGCATTTCCCGAACTGGCCGGGTGGAAGCCGCATCTCGCAAGCAATGCCGAAGACGCCGCGCCGCAGGACACCCCGCGTCCCGGCGCCTGGCACATGGCCGATGCCGCGCACCCCGGGGGGGGCGAAGAACGGCGTCTGATCCGCCAGCCCTCGCACGGGGCCGACCTGTGGCTGGAACTGGCCCTGAAACGCCATGACATCGGCGGCGTGCCCTATGTCTCGTGCATCGCGCGCGATGTTTCGGAACGGCTGCGCGCCGAAGAGGAACTGCGCGAGAGCGAACGAAAGTACCGCGCGCTGTTCGAAGCGGCCAACGATGCCATCTTCCTGATCCGCGACGGCCTTGTGCGCGACGCCAACCGCAGGGCCTGCGAACTGTTCGGCAGGCCCCTGGACCAGTTGACCTCCATGGCTCCGCGCGACCTTTCGCCGCCCGAGCAGCCCCGTACAGGGGCCACCCACCTGGCCGAAGACATGCACCTGGCTGGCGCCCTGGCCGGGGAGCCGCAATTCTTCGAATGGACGCATCTGCGCGCGGACGGCACCCCCTTCGACTGCGAGATTTCCCTCAGCCGCTTCACCCTGCGCGGCGAACCGTGGCTCATCGCCATCATCCGCGACGTGACCGAACAGAAGAAGCTGCGCGAAATCATGGTCCAGACGGAAAAGATGATGTCCGTGGGGGGCGTTGCGGCAGGCATGG
CP133659.1_gap28	1385167	1389984	4817	CGCTCCGCTGGCCCTGCTGGTGCACTTCGACGTGGTGGACAGCGCGGACGCCATGTTCACCCCGCGCCTGGACGCTGCGGCGGGGGTGCTGCACGGGCGCGGCAGCATCGACGACAAGTACGCCGTGGCCCTGGCCCTGGTGCTGTGCCGCCGCTGCCTGCGCGAGCTTGCGGCACGGGGCCTTGGCCCGGACGCCCTGCCCCCGGTGCTGGTGATCACCGGCGACGAGGAAACCGGTGGGCGCAATGGCGCCTTCCGCGTGCTGCCGCACGTCCACGCCGACTTCTGCGTGGCCCTGGACGGAGGAACACCGGGCTCGATCATCATCAAGGAAAAGGGCGTCATCGACCTTGTGCTCACCGCGCGGGGCAAAAGCGCCCACGGCGCCCGACCCTGGCTGGGCGAAAACGCCGTGGATGCGCTGGTGCGTGACTACGAGGCGCTGAAGCCGCTCTTTCCCGGCCTGTACCCGCAGTTGGCGGGGCTGACGGAACCGGGCACGCCTTCGTCCACCGCCGCTTCCGCGCAAACGGAAGCCCACTGGCACCGCACCCTGAACCTGGGGCTGCTGCACGCGGGCACGGCGGTGAATCAGGTGCCCGGCGAAGCCGTGGCGCAGCTGGACGTGCGCTACACGGAGCACGACGATCCGCATCAACTGGTGGCCGACATGCGCGCCGCCGTGCAAGGGCAACTGGACGTCACCCGCATGGAACCGTTGTTCGTCACCGGTGACACCCCGTGGCTGGGCAAGCTGTTGCGTCACGCCCCCGGCGCGGCCACCGGTTGCGCCCACGGGGCCAGCGATGCCCGGTTCCTGACCGATCTTTCCATGGCCGGGGTGGTCTGGGGCGCGGAAGGCGAAACCAGCCAGCACACCGATCACGAACACCTGCTGATCCCCAGCCTGGTGCCGGTGTACCAGGCCCTGCTGGCACTGGCGCGCGAGGCTGGCAGCGCATAGCCTTGCCCGTACTTATCTGCACGGACGGCCCTTTGCGGCACTGGCACCATCACCCGGAAACAGCTACAGGCCAGACATGACCGACGACAACAGAACAGCCCGGATGGCGACCGACGCGGCACACCTGCTGGAAGTGCGGGATCTGAGCGTGGAATTTCCCGGGCGGCCCGACGCGGACGGCACGCCGTCCGCCCCCTTGCGCGCCGTGGCGGGGATATCCTTTTCCATAGCGCCGGGGGGCACCCTGTGTCTGGTGGGTGAATCGGGCTGCGGCAAGAGCATGACCGCGCTGGCCCTGCTGCGCCTGGTGCCCGAGCCGGGGCGCATCGCCTCCGGCTCGGTGCGGCTGGAAGGGCGGGAGTTGCTGCCCCTGCCCGAACAGGACATGCGCGGGGTGCGCGGGCGCAGCATCTCGATGATCTTTCAGGAGCCCATGACCTCGCTGAACCCGGTGTTCCGGGTGAGCGAGCAGATCGCCGAAGGGTTGCGGCTGCATCTGGGACTTTCCCGGTCCGATGCCGCAACGCGCGCCGTGGACCTGCTGCGGCAGGTTGGCATTCCCTCGCCGGAACTGCGCGCCCGCGACTTTCCGCACCAGATGAGCGGCGGCATGCGCCAGCGGGTGATGATCGCCATGGCGCTGGCCTGCGACCCACGCCTCCTCATCGCCGACGAACCCACCACCGCGCTGGACGTTACCATCCAGCGCCAGATACTGCGCCTGATGCGCGACCTTGCGGCCCGCAGGGGGGCATCGGTGCTGCTGATCACCCACGACCTGGGGGTGGTGGCGGAAACCGCCGACCAGGTGGCCGTGATGTACGCCGGGCGGATCATGGAGCATGCGCCGGTGGGCGACTTTTTCGCGCGCCCGCTGCACCCGTACGCCCAGGGGCTGATGCGTTCGGTGCCGCAGGCGGTTTCCGGCCCGCGCGCCGAACGGCTTTCAGCCATTCCGGGCACGGTGCCGCCGCTGTGGGCGCTACCATCCGGCTGCACCTTCCGCGACCGCTGCCCGCACGCCTTTGCCCGCTGCGCGGAGCAGGAACCGCCCCTGCTGGGCATGCCACCGCTGGTGGCCCCTGCTGGCTCCGCTGCCCCTGCCGTCGCTGACGATGCGGCGCAGGTGCACGGCGTGCGCTGCTGGCTGCATGCCCCCAAGGAATGACGGGCGGCTGCCGATCTGGCGGGCATCGCCCCGCCATGCCTGCACAAAGCGCCCCGCAGTGCACCGCCCGCGCCTCCGCATCGCCCCGGAACACGCCATGCACATGGCCCGCGCCGCATGCGCCAGCACAGCAGCGCACAGGCGTGCCGCATCATCACCGCCCGCGTTACGATGGCACTGCCATGCATGCCCGTCCCCACACCCCACCCTACGTTATAATGGGGAATAACCCTACTGCGGCGAAAGCAGGTTTACAATTCCACCGGGGGCACATATAACGTACCGTGTTATTTTCAGACCAGCCACATCATAGTCAAAGGCTGCCGACATGTCGAAAACCGTTGTGCTCGTCGAAGACCTCGATATCGTCCGTGAGGGGCTGAAGGCCCTGCTCGGGGCATATCCCGCGTTCACCATCGTGGGAGAAGCCCCGGACGGCATCCAGGCCCTTAAAATCGTTGAAAAGCACATGCCGGATATAGTGCTCATGGACCTGACGCTGCCGCTCATGGACGGCACGGAAGCCATCCGCGAAATCAAGCGGCGCTGCGAGCGCACCAAGGTGCTGGCGCTGACCGCCCACAAGAAGGACAGCCTGATCTACCGCACCCTCAGCGCGGGTGCCGACGGCTACGTGCTGAAGAACGTTTCCAGCGACATCCTGGTGCAGGCCATGGAAACGGTGCTTTCAGGGCGCCGGTACATCAGCCCCGAAATATCCGAACTGCTCATCGAAGACTTTCTGCGCCACGGCCGCCGCGAAAGCGGGTCGCTGCTGGACCTTTTGAGCGACCGCGAAAAGCAGGTGCTGAAGCTGGTGGCCGAAGGCCATGGCAACAAGATGATCGCCGACAAGCTGTGCATCAGCCACAAGACCGTGGAAAAGCACAAGGCCAATCTGAAGCGTAAGCTGGGTGCCGACAGCACGGCGGAACTGGTCAGCTTCGCCATCGAACACGGGTTGACCGTCACGCCGTAACCGGAGGGCGCTCCGCCGCACGATACTGACTGACGGACAAGCGCTGAACAGCCGCAAAACGACGGGCCGGACTCCACTGCGAGTCCGGCCCGTCGATGCATTTCACGGCGGAAAGGATGTTGCGGGACGGCTAGCCCCGACACGCGAGTCCTGCGCGCCCGTCAGAGGGGGACAGAAAGTGCGGGTCGTTCTGCGTGCCCCCAGTGGACAGTCCCGGCTGGCAGACTGGCCCGGCTGGCAGACTGGCCGACTAGCCCGGCTGACCTGACTGGACGGATTGGCCCGGCTGGTTTGGTTGGCCAGATTGTCCCAACAGGACGGACAAGGCAGACAGGGCGGCCCGCAGCCACGCAAGGGCGTCGGAGGCTGTGTCCCTGTCGGCGTACCGGGCGGAGCATTCCAGCGCCGCCGCACAGGCGGCCCATTCCGGCATGGCGTAGTTGGCGGCCATGCCGCGCACGGTGTGCGCCACGCGGGCCAGCTGTGCCATGTCTCCCGCAAGCAGAGCATCGCCAGCCTGGCCGGTGAGCGCCTCTGCCGTGCGCCACACGCCGGGCAGCAGCGGGCGCAGCATTTCCGGCATGGCCGCAATCAGTGCCGCCCCGGAAAGCCTCTGTCCGGGCGGCATGCCGGGCTCGGCCACACGGCGCAACTGGCCGCACCGGGCCAGCGCCAGCGCCACGTCGGCAAGGTCCACATATCCGGATGCGTGGGCGGGGCCGGAAGTTTCGGTGCCGTGGGGCTGGACAGCCGCCGGAACGTCCTCTTCATCCACGTCGCGGGGGCGCACCTCCACGACTTGGGCATTCTCCCAGCCGGAAGGCACGGCGGCGCCCACCCCGACAAGCCGCACCACCAGGAGCGGGACCGGTACGGGCATGCCAGAGGTATCCGGGACGGGCGCGCCAGACAATACAGACGCACCTGGCGCGTTCTGCGGAGTTCCGGCGTGCACACGCGCCCCCGGCAGCAGCAGGACCACCTGCGCCGCCAAGGCCTCGCGCACGGATGGACGCATGTCACATATCAGCACGAGGGGATGCCCCGTGTCCGTTCCCGGCGTGGTCGCATCGGCATGCGCCATATCCGGTTGTTTCCGTCGATCCGAGGACGGCGTGGTGCCGTCCCGCCTGGACTTGGGCATCGTGTCTCCTCTCCCCCGGTGGACGGAACGACGCTGCGTCACCGCCCGATGTCTGCTCCGGTGCTATCGGCAAGCATGGGCCTTTGCCTTAGCCCCGACCCGACACGCAAGTATTTTTCCTCGTCCGCCAACAGGATTCGGGGTAGGGAAGGGCCATGCGATCAGGATTCGCAAGGTTTTTGAAAAAAACGCTTGCCAACCGAACAGCGTTTGGCTAGAAGACCCTCCTGCGCCGAAGTGGTGGAATTGGTAGACACGCTAGGTTCAGGGTCTAGTGGGGGTTCCCCCGTGGGAGTTCGACTCTCCCCTTCGGCACCATCGACGGTAAAGGTCCCGGCATTCGCCGGGACCTTTCTGCGTTTAAAGCCCTCCCCGGCTCCCCTCCCCCCGCAGCCAGTCCCGTGCGATCACCCCGGCTGCATCCCCGATGTGCACCGCAGGATAGTTCTGCAACCGGGATATAGACGGATGGGCGTGGATATAGCGGGATGGCGTGACGCCAACGCCTAGTGGGAGTTGGGCTTGGGCGCGTGGCCCGCGTGACCAGGCGCGTTGATGTGCG
CP133659.1_gap29	1397830	1399773	1943	CAGCTACGCCCCCATCCCGCTGGACATGGCGGCCTTGTAGGAGCGCGGCCATGACGATGCACGACGGCATAGATGTGACGGCCCACGGGCGGCTGTTCGCGCGGGAGGTGCTGCGCCGCCCCACCCTGACCCCCGACGAAATGCCCGATCTGGCGCGCGACAAGGTGTTTACCAGCCGCGATGCGGTGGGCAGGGCGGCGGTGGTGGCGGCGATCCGGCGCGAGGCCGGGAGCATACTGGTAGCAAGTGGTCACCCCGAGCCGCTGGTGCGCAAGGTGCTGAAGCTGGAAGGCTGGTGGCAGCCGGGGAAGGCGAAAACGGACCAGGACAAGGGGAGGGCACGGCGGTGAACCAACGGACGCTGATCAACACGATATGGGACGATCTGCCCATACAGGACGGGGTGTTGACCCCTGCCGAGATTGAACGGGTGCTGCGGGCCTTCGGACGGGTGGCTGCGGCGGAACTGTTGGCCGGGTTCGAAGTGCCGCTGCCTGGGTTGGGACGGTTGGTGACGGTGCAGCGCAAGGCCAGGTCGGGCCGTAATCCCCGTACCGGCCATCCCGTCCGCATCGCCGCCCGGATGGCCGTGGTGTTCCGTGCCCGCAAAGACCTGAAAGACGCACTGAAGGACCAGGAGTAAGCCATGACCCCGATCATCATGCCCTGCCCCATGCCGAGCACTCCGGAACAACTGCGCACCCTGCTGAAGCACGCCCTGGACAAGTCCCTGGCCATCGCCCCGAAGGAGGCCAAGGGGTTCACGTTCCTGCTGTTGGTAGAGGGCGAAGGAGGGGCGCAGGGCTATGCCATCCACGGCGGCGAGGTCCACCCCTCCATGCTGGTCCGCACGTACGTCCAGTCCCTGTCGGTAAACGGAGCCGCCGGTGCGCTGGTGCACGATGCGGCGCTGACGGATGCGGCAACCCGAGAAGATGAACCGCACACGGTGCATTAACCCTGCGAAACCGCCCTGCGGGGCGGTCGTCGGGGCGTGGCGACCCCGGCCTGATGAGCAGCCACGGAATCAACGCATGGACTGGAAACAGATACCCGCCGCTCCGGCCTACGAGATCAACCAGCGCGCCCAGGTGCGGAACAAGCACACCCTCCGCCCCGTTGTGCTCTGTGGGCGTCGCGTGGTCATGGCCGTGGACCCATTCGCGCTGGCTGAAATGTTGTTCACCGCGCCGGAGCCGGGTCAGCCCGCCGAGCGTGGCGATGCTCACCCCCATGTTGCCCCGGAAGACACGGAACGGACCATCACCGAATTGCGGCGTCAGGTCCGCGAACTGTCCGACGAACTGGAGCAATACACCGCCGGGACGGCGTTCTAGGAGTCACCATGCCCATGATGTCCTGTAAACACTGTGGCCGCCAGTTCGAGGTGCCCCCAGCAAGGTTGGCGGCTGGACGGGGACTGTACTGCTGCAAGGCATGCGCCGACGCGGCGAAGACAAAGCCCCGCCGCGCGCGGTGCGCTTGGTGTGGCGAGTTGATGCCCGCAGGGCAGCGCGCAGGGCAAGTGTGTTGCGGCCGCGAATGCGGACGCGCGTTGATGACGAATACGCTGGCGCAACGAGCGCGCCTGAACCGCAACCGCCAGGCGGATGGCACGCCCTGGTTCGCGGACCCGTGGGCCTCGGGGGGCATATCCCCTGACCCGTACACGGATGAACCAACACGGACGCCTGATCCGGTTCTGGGGTTCTGACATGGCCGACACCCGTAAATTTTGCGCCACTGTTTGTGTCAAATCAGGCACCACGCGCGCCCGCCTGGAACTGGCGGACGCTGCCCGGCATGGCGGCCCGGCGGGGCGCTACCGGGTGCGGATTGACCGGCGCTGGCACGACCAGCCCGACGGCGCGGATGCCTGGTTGGACCCGACCGACGTGGGCACGCTGGTAGCGGCGCTGCTGGCCGGGTCCAGCGTGCCGGAT
CP133659.1_gap30	1419705	1421373	1668	GGATAGGCGGCCGCATCAAGTTGGACAATGCCAGCGTGCTGCGGGCGAAGACGGACCTGAAGGCCAGCGCGCTGTTGCCGCCCAGCCTGGACCACGACGGCATCTACCGCATTCTGACTGTCGATTTCCGGGGCGATACGCGCGGCAACGACTGGTACGCGGACATGGTGTGCATCGGCATCGATGATACGTCGCGCCTGCCACTGGACATGATGAAGGGACGGTAAACATGGACCGCAGGGAGAGACAGGACGACCCCGTGGAAGCGCAGCGCGCTGCCATGGACGGACAACAGGCACAGATGTGGACGGCCCTGCCGGGCATCGTCCAGGCGTTCGACGCAGTGGCCATGACGGTATCCGTGCAGCCCGCCGTGGCTGGCCAGATATTGAACGAGACCGGGCAGGCCCGCGACGTGAATCTGCCCCTGCTGGTTGATGTGCCCGTGGTTTTTCCCGCCGGAGGCGGGTTCACCCTGACGTTTCCCGTTGTCGCTGGCGACGAGTGTCTGGTGGTGTTCGCGTCGCGGTGCATTGATGGCTGGTGGCAGTCCGGAGGCATCGGCGCGCAGCTGGACAAGCGAATGCACGACCTGTCCGACGGCTTTGCCCTGGTCGGCCCCCGGTCGCAGGCGCGCAAGCTGGACCCGGCAGTGGACACTGCCAACGTACAGTTGCGCTCCGACGACGGGCAGGCCCATGTCACCATCATGCCGGACCTGACCGTCCGCATGATGAATCCCACATGCCGGGTGGAACTGACGCCCGACGGGGAAGTGGCCGCCGAAGCCGAGATGCGGATTCTGCTGAAGGCGCCGAATGTCAAATTCGAAACGGACAGCCTGGACATGTCTGCCCTGAATGGTGGCGGGGCCAGGTTCAACCTGACCGGCGACATCGTGCAGGAGGGGTCGCACACCAGCACCGGCGACCAGGTGGCTGGTGGCATCAGCCAAATCGAGCACGTGCACGGTGGTGTTCAGCCCGGTAGCGGCAACACGGGAGTCCCCGCATGAGATACCGCCGTCTGGATGAGGCCCGAGACTACGCCTTCGGGCACGGTGGCGCCGACTACCTGACGGACAGTCCGGAGTGCGTTGCGCAGGCCGTGGGGACACGACTGCGCCTGTTGGCCGGGGAGTGGTTCCTGGACTTGCAGGAAGGCACCCCCTACGCCCCCGCCGTGCTGGGGCGGCACACCAAGGAAAGCTACGACCCGGTGATCCGCGCACGCATCCTGGAGACGGAAGGCGTGACGGGGATTGCGGAGTACGAATCCGAATACGATGGCGAGACCCGGCGTCTGGTGGTTTCCGTCACCATCGACACTGTTTACGGCACCGCCACGGTGCAGGAGGTCATGTGATGGCCACGCTGGCCTACATAGACGAAACAGGCATCCACATCCCCTCGTATCCGGAGGTGCTGGATGACCTGCAGGCAGCGTTCCGGGCCATCTACGGCGACGACGTGTACCTGGAGCCGGACAGCCAAGAGGGCCAGTTGCTGGCGGTGTTCGCCCTGCGCATCCATGACTGCAACACCTTGGCAGCCGCCGTGTACAACTCGTTTTCTCCGGCGACGGCACAGGGCACAGGGCTGTCCGGGATGGTCAAGGTCAACGGGTTGCGCCGGGCATCGGCTGGGTACAGCAGCGTGGATCTGCGTC
CP133659.1_gap31	1470758	1473862	3104	GTGCTGGCCCTGTGCCTGCTGCGCGGAGTCTTCGAACGGGGAGAATGGCGACTGTGGACCAGCCTGTTCGTCGCCGCAGTGCTGGCCCAGGCCGTGGCAGGGCAGCCGCCCACGCCCGCCGGATACGTGCCGCTGCGCGGCCTGCCCGGCGTGCTGGCCCCCGGCCTTGCCCTGATGCTGCTGCCCCACGTGGGGCGCCATCTGCTGCGCACCCGCGAGCACGCGGCCAGCGCGGACATGCAGTTGCGCATAGTCTCGCTGGTCGGGGCCGTTCTGGCACTGCTGCCGCTGGTGCCGGGCATGGCCTGGTCCTCGCGCCTGTTGGCGCTGTGGCCGCTGCTGCTGGTGTTGCTGCTGCCCGCCGCCGTGTCCTGCAAATTTCGCAAATTGCCGGGGTCGCGCCGCTTTCTGACCGGATGCCTTGCCGCACTGGCCGGGGCCGGGGTGGGTATTGCGGGGCTGGCATCGCCGATGCCCGCCGTGTGGATTTCCACAGCCCCGCTGTGGGGGCTGGCACTGCTGGCACTGCTGGTGGCGGGCACCAGCGCGCCGCGCCCGACCGAGGCCGAGGGCACCCTGACCGGCGGGCGGGGCTACCGCGTGCGCAAGAGCCCGGCGGCGGAACGTCCCGATCTGGACGACCCGCTGGCCGACGAGCCCACCCTGCGCATGATCTCGCCCGAAGAACTGCGCGGCGGGCTGGCCCCGTCCCCGCGCACGCCCGCCACAATGGGCGCGCTTTCCCCTGACGACACCGCCTCCTCCGGAAGCATCACCGCCCCCGAAGGCGCCACCGTTGACGGCAACATGGCCGACGAGCCGCTGGAACTTTCCTTGGGCGACGTGCTGCCCGAACTGGACGGCATGCCCACGCCACGCGGCTCGCGCCGCCTTGCCCGCGCTGCGGCCATGGCCGGGCGGGCCGACTTCGCCACGGGTTTCGCCACTGGCGGTGACAACGGAAACGCCGGTGACGACTTGCCCGGCGCCGCGACCTCGCCCGCGCCTTCCACCGGCCTGGACCCGCTGGCCCTGGCCCGCATGGAGGAAGCCCTGCTGGCCCCCATCGACGCCATGCTGCAGGAGTTGGACGGCCCGGAGAACTGCGCGCTGCCCCCCGCCGCCCGCAGCCACGCCGAAGCCGTGGGTGCCGCCGGGCGCCAGTTGGCCGCCATTGCAGAGGACCTTGGCCGGGTGGCCGCGCCGCAGCGCACCGCCCCGCGCCGGGTCGTGTTCGACCTGCAACGCATGCTGCGCGATGCCCACGACGCCGTGGCCGACCGGGCGGAGCGCAAGGGCCTGGCCATCTCGTGGTTCATGGCGCCGCATCTTTCGCAACTGTACGAAGGGGACGCGGGCCAACTGGGCGAACTGCTGCGTCTGCTGGCCGAAAGTTCGGTGCGTTCCACGGACAAGGGTTCGGTGCACATGTCGGTGCGCCGCGTGCCCGACAGCACGGACCCCGGGCATCTGCTGTTCACCGTCAGCGATTCCGGCGCGGGCTCGCCGCCGCACAAGCGCAGCGTCAGCGCGCTGGCCCGGGCGTGGGAAATGGCCGACGCCGCCGGGGGCACCCTGACCGTGGAAAGCGGACGGGGACAGGGCACCACCATTTCGTTCACCGCGCGGCTGGTGGCCCTTTCCGGCGATGCCACCGCGCCGCGCCCCTTCGTGGGCGTGGATCTGATCGACGACGTGCGCGTGATCCGGCCCATGCCCGATGCCGTCACGGCGGCGGACCATCTGCATCTGGGGCCGGTGGCCCCGCGCCGCCCGTTGCAGGTCATCGTGGCCGACGACGTGCCCAGCAACCGCCAGTTGCTGGCCTTTTTCCTGGAAGGGCTGCCCCATGCACCGCTGGAGGCGCGTGGCGCCACGGAGGCGGGCATCCTGTACCGACGCGCGCCCTCGGGCCTGGTCATCATGGACGGGGACATGCCGGAGGACGACATCGTGGCGGCCACTGGCTTCCATCCGCGCCTTCGAGCAGGAACACGGCCTGCCCCCGGTGCCGGTGCTGGCCCTTGTGTCGCACGAGGCGCAGGCCGAGCGCATGCTGGCCGCCGGGTGCACCGAAACGCTGGAAAAGCCCCTGACCCGCAGCGGCCTGCGCGCCGCCGTGCAGCGGCTGGCCCCGCCCCATGCGGAGCCGGAGCCGCAGCCCGAATACGCCGGATATGCCGGATACGGGGCCAGCGCAGCGGAACTGCCGTACGGAGAGGAAGGCGACGACGCCCACGCCGCGCCGCCGGATTTCGCGGAACTGCCGGACCTTTTCCCGGCCGCTGCCGGGAACGGTGCCGATGGCGGTCTGGCCGGTACTGCCGGGACGGGCGCGCTTTCGCTGGCCGAAGATGCGGCCCCGGACTGGAATACGACCCCGGACTGGAATGCCGCCCCGGCGTGGGATGCCCCCGAGGCCACGTGGGATGGTGCGCATGCCGACGACACCCCTGCCCGCCCCCATGATTCGGTCATGGATCCACTGCCGGAATTGCCGGACGGAGAGTCCAGTGCCTGACGGAGACGCGCTTGCCGAGCCCGCGGCTGACGAGCCCACGGCGTGGCACCCCCGGGATCGCCCCGTGTCCGGTTCCGCGCTGCCTGGCGCACTGGGTGCGCAGGAACTGGCGCCGCTCAGCCCCGAAGCCGCCCATGCCATGGCCGATGCGACAAGCCCAGACGAGGACCACGCCGAGGCCGAGGAACTGCCCGACCTGTTCGGCGCGGACATCTTTGCCTTGGGGCATGCCGATCCCGCCGTGGCACCGCAAGCGCCTGCATCCGGCGCCACCCCGGCAACCGGCGCATCGCACGATGGCAGCTTGCTGCCCGAAGGCGGATCGTTGCTGGACCTCATCGTCACCGACGCCGAGGATGCCGAACCCGTTGACGAAGCCACGACCACGCCGAGCCAGCCCCCGGCAACTCCGCCCTCGGCAGCTCCGGTCCCTGCACGCCTGACCCCGTCTATCATGGCGGAGGAACCTGCTGCCACGGTCGCGGCTGCTGCCACGACCGCCGCTGCTTCCACTATGGTCTGGGGTGACGATTTCGAGGAATCCGTGGGCGAACCCATGCCCGTGACGACTGCCCCTGCCCAG
CP133659.1_gap32	1491334	1494822	3488	CAGCCGCTCGATGTACCGCCGCTGCGCGCCGTTAACGTCGCGGCGCACCACCAGCCACAGTTCGTCGCCCCCGGCGGGGTCGGACGGCGGGCCGGGCACCACGCACAGCGCCTCCACCGCGCCGCCGGTGTCGTGGCGGTGCCAGCCCGCCACCTGATGCTCGGCGATGAGGGTAAGCCCGGCCATGGTGCCGTCATCCATGGCGCACCACACCACCGAATGGGGCGACTGCTGGTAGGCCCAGTCCACGATGTTGCGGCCCCGCAGCATGTGTTCGGCCAGAATGGTCTGGTCCGCGCCGGAATAGCCGTCCACGTCCAGACTGTAGCGAAAGTTGCGCACCGCCCGTCCGCCGCGCTGCACGGCCAGCACCCCGTCGCCCACGGCCAGCGGCGGCAGTTCCGCCGAGCCGCGCGCCGACTGGAATTCCAGCAGGCACGACAGGGGCGAGAACGGCTCGCTGCCCTGACCGGACAGGGTCCATTCGCCGCCGCCGGTGCCCACCAGCAGCTTGCGGGCGGGCATCATCCAGCGCACGGCGCTGACCGTTTCCGAGGCGATGGTGACGGTGACCGCGTCGTCGGTCTGGAGCGGGCGCGAGACGTCCATGTTCTCGTAGCAGCCGGTGCGGCTGGCCCAGATGGTCTGCGGATGGCTGCGCGACCCGGCGAAGCACAGCCGCTGTTGCCAGAACTGCACCGACGAAGGGTAGTCGTCCGTCCCTTCGAAGGGGTTGCGGTGCTCGGGCGGGCCTTCGGCAAAGTCCGGCGTGCGGCCCGTATCGGCATAGGTTTCACCCGTGGCGGCGGTGCCCAGCAGACCGTAGACCGACGCCCCGCCGCCCGCCTTGTACACCCGGTATTCGCTGGCCCCCTCCACGGCGGTCCAGGCCAGATTCACGGCGCTGCCTTCCGCAGGCGTGCCCGCCGTTACGGACAGTTCCGCCGTGGGCAGGCTTTCCTCGCCGGTGTCCACGGATACGGCGGTGATCACGTAGCGGTGCTGGCGCGTGCCTGACGGTGCCCCCGTGGAGCGCAGCCCCGTGGGCGTGGCCACGCGCGGGCCGAAGTTCACCGCCACCAGCCGCCAGTCGGCATGGCCGTGGCGTTCCAGCTTGCGCGGGGCGGCATGCGGCGTGACCAGATAGAGCACGTCGGCAGACTGGCACCAGCGCAGCGTGGGCAGATGGTCCGCCGCGTAGGGGGTAGGCACCGCCAGCGGCGCACCGTCGCCCCCCAGCACCAGCCCGCCGCGCCACCACACCCGCAGCCGCTCGGGGGCGAATTCCAGCACGTAGGCCTGTTCTTCGTTGAACACGAAGGGCACCAGCCGGGGCGGTGCCGTTTCGTCGGCGCACGGCCCCATGAAGCGCAGGCCGGGCCGCCGGAAGGCCGGGCCGTGCGGATGCAGCAGCATGTTGCGCAGCACGCGGCAGCCGCTGGCGTAGCGGGCCTGGTCGCCCCGCGCGGCCATGAGGGGCGACAGTTCACCCGCGTTGAAGCTGTTCTGGATCAGGGTGGTGCGCGCCATGGGTTACCTCGCCATGAGCCAGGGGTTGATTTCCACGGGGTCGGACGCGCCCTCGGCGGCGTCGGCCACGCGAGCAGCCTCCAGGGCGTCGCCGAACCGCTGGAGCATGGCCTGCTCGGTGCGCGAGCTGTTCATGAGCGGCACGGCCAGCGCGGCGGCCAAGCGGCGGGCCAGCGCCTCGACGAACAGCGCGGGAAAGCGGGCAGGATCGGTGACGCGCACGGTCAGCACCGCCTCTGCCGGGGCCGCGTCGGTGTACAGGGTACGCGCCTCCACCACCTCGAAGGGCGGCTCTCCGCGCAGGCGGCGCACCCGCAGGCAGTCGCCGGGCAGGCGGTAGGCGCAGGCAAAGCCGAAGGGCGGCACCGCCGCCAGCGGGGCCAGCGAGGTGTAGCGGGTGGCAAAGTTCCAGTGGTGGTGTTCCAGCAGTTCGTCGCGGGCTTCCGCGTAGTAGCGGGAGCACAGGTCCGCCTCGCGCGATGGCTGGTCCAGGGCCACGATTTCCGGCGCGCCAAGGTAGCGCAGGGCCTTGTTGCAGATGGACACCTCGCTGGTCTGGACGGCACTGGTGATGACGTTCGGGCCAAATCCCGCACTCATGACCGCCCCCTGCCGCGCGGGCGGCCACCACCTGTTCTGGGGGATCCGGTTACTCCGCTGACTCCGGTATCCTCCGCCGCCACGCGCTGCCGTTCGCGCAGGTGGCGAGCCGTGGCCCGGCGCATGACGGCGCTGGGCGGCAGGTCCGGCTCGTCCGCCGGGGGGAGATCGGCGGCATGCCCGGTGGTGTCGGCCGTATCGATCATGCCGGCGACACCCGTTGCGCCAGCCGTGTCCGGCGTGTCCGGCGTGTCTGGCGTACCCGATTCGCCTGGCGCACCCTTCACATCCCTCGGGCCGGGCCGGGCAGCCCCGCCCCCCTGCCCCTCTGCGGCGCGCAGCATGCGCCGCAGGGTGGCCTCGTCGGTGGACGGGTCGAAGGCCACCCCCAGCAGGGCCAGCCGGGCACGCAGGGTCGCCAGGCGGAAACGGCGCACGTCCTCGCGGGTGGGCGGTTCGGGTGTTTCCTCCACGTCGGGCAATGCGGGCGAAGGGGGCAAGGCAGGGTCCGCCGCTGCACCGGGGGCGCATGCCGCCCGGTTCCTCGTGTACCGCCGGGGTCTGGCCCGGCCCTCCATCCTTGGTCATGTCATTGCGTACGTCGTCGGTCATGTGGGGCACCTCCGTGCCGTGTCCCCGCCCGCCCCGTTACGGATGGGGGCGGGCGGGGGTTGCGATCCGTGGCCGCGCTAGCGCGGCAGGTAGTCGAAGACGACGTCCACGGTGCCGGAGGCCCCGGCGTCGTCGGTGCCGATCACCACGCGCACGTGGCGGCGGCAGTCGGAAGGCAGGGGCAGGCGGCCCAGCACCTCGCCCCCGGCCCAGGTACGCCCGCCGGGGGCGCTACGCCGGAACGACACCGGCAGCGCGGCGAAGGCGGCGCCGTCGTCGCTGTCTTCCAGCATCAAGGTAAGGCTCTTGCCGTCGCCCGGGGTGACCGGCGTGGCGGCCACGGCGGCAACCTCGGCTGCGCCCATCATCGAGCCCGCGCGCTGCGGGCCGCCGTTACCCACGGCCTGGGCGTTTCTGGGCAGTTCCTGCCCCTTGGCCAGATGTTCGCCATGCACACGCAGCATGTGTCCGTACATGCGTTTCTCCTTGTTCATCGGCACCGCCGGGCAGTTGCCGTCATGATGTTGCGGAAGTGGAAGGGGTGCGGCGCGGGGCCGCTACAGGGCAAGCACCTGCTCGGTGCCGTCCTTGAAGTTGTAGGACGTGACGATCTCGATGCCGTTCCAGTGGGTGATCTGGCGGTCCATGTCCTTGCCGCCCGGCACGATCTGAAGGGCACCGGCCTTGTAGCGGTACAGCAGGTTGCGGGCGCGCTCGTGCATGAACAGGTAGGTGGAGCCGGAGGT
CP133659.1_gap33	1512674	1513521	847	AAGAAGCGGGACTGCGCATCGCCACGGCGGCCAGAGTGCCGGTGTACTGCGTCATGGGCTTCAACCTCGGCGGCAGCGTGGTGGGCGGCAAGCTGGTCACCGGCCAGTCGCAGGGGCACATCATGGCCGAAATGGGGCGGCGCATCCTGGCGGGCGAAGATCCCGCGTCCATCACCGTGCGGCGCGGGCCGGGGGAATTCCTCTTCGACTACGCCCAGTTGCGGCGCTGGCGCATCAGCGAAGCCTCGCTGCCACCCGGCAGCGAGGTGGTGGAACGCCCCTTTTCCGTCTACAGCGCCCATGCGCGGGAAATCCACGTGATCGCGGCTTTCGTGGCCGCCATGATCGTCACCATCGCCGCTCTGGCGGTGGTCATGCGGCGCAGGGCGCGCACCGAAGCGGAACTGCGCAAGCTGCGCAACCTGCTCGGCAACATCCTGGACTCCATGCCCTCTGTGGTGGTGGGCGTCTCGCCCGAAGGGCGCATCATCCAGTGGAACCGCCAGGCGGTCCTGATGACCGGCGTGTCCCCCTCGGCGGCCCTGGGGCGCAACCTCGAAGAGGTCTTTCCGCGCCTTGCCCCCCAACTGCCACGCGTGCGCGAGGCCCTGGACAGGCAGACCCCCGTGCACGGTGAACGGTTGACCCGCACCGACAACGGCGCCCCCCACTACGAGGACGTCACCGTGTTTCCCCTGGCCGCCAACGGCATGGAAGGGGCGGTGATCCGTCTGGACGACGTGACCGAGCGCGAGCGGGTGCGTGAAATGATGATCCAGACGGAACGCATGCTGTCCGTGGGCGGGCTGGCGGCGGGCATGGCCCACGAGATCAACAACCCCCTCGG
CP133659.1_gap34	1515997	1516612	615	TTGCGGCGGGCATGGCGCACGAGATCAACAACCCGCTCGGCGGCATCCTGCAGGCGGTACAGAACATGCGCCGCCGGGTGGAGGCGGGGCGCCCTGACAATGAATCCGCCGCCCACGAGGCCGGTCTGACCATGGACCAGGTGCGCGGTTATCTGGAGCGGCGCGAAATACTGCGCATGCTCGACGACATCGCCGCCTCCGGCGCGCGGGCCGCGCATATCGTGGCCAACATGCTCGACTTCAGCCGCCGCGCCGACGGCGCTTTCGTTGCGCAGGACCTGCACCGGCTCATCGAGAACACCCTGGAACTGGCCGCCAACGACTACGACCTGAAGAAACTCTACGACTTCCGCACTCTGCGCATCGTGCGCCACTATTCCCCCATGCTGCCGCCGGTGCCCTGCCTGCCCACAGAGGTGGAACAGGTGCTGCTGAACCTGTTCAAGAACGCCGCCCAGGCCCTGGCCACCACGCCGCCGCCCGACGGCGCGCCGCCCACCCTGACCATCCGCACCGAGCGTCACCACGACCTGGTGGCGGTTACCGTGAGCGACAACGGGCCGGGCATGACGCCCGAGGTGCGCGCCCGGGTCTTCGACCCCTTCTACACCACCA
CP133659.1_gap35	1536078	1536591	513	TTCCAGCAGACGCCGCGCGTCCTCGGCCCGGCGGCGCGCCGTAAGGTCGGTGAGCACCCCGATGATGCCGCCTTCTCCCGCCGTACCTCCTGCGAACACGGTCTTGACCACGCTGAAGTGGCGCACCGCCCCATCGGCGCAGCGCAGGCTCTGCTCGCCAAAACGCGTGCCGCCAACATGGCGCAGTTCGTCGTCGTCGCGCAGCACGGCACCGGCCACGTCCGCCGGATACACGTCGGGAAAGTCACCCGGCGGGCGGCCGCGCACGTCCTCTCGCGCGCAGCCCAGCACCACCCGCGCGAAGCTGTCGTTGCAGTCCACGAAGCGGCCCGTGAAATCGCGGTAGTAGAGGGGGTTGGGAATGGCGTTCATCAGCGCCTGCAGGAAGGCCAGGCGGCTGCGGGCTTCTTCTTCGGTGACGGCGCGGCGTTCCAGTTCCACCAGATAGTCGGCGTTGAGGCGGGTCAGTTCCGTCGTGCGCGCCTCCACCAGTTGTCCCATGCGCAGGCTGTG
CP133659.1_gap36	1538887	1540015	1128	CATCAGGTCGGCCACGGAACCGTCGTACCAGCGGCTGGAAAGCCCCAGGGTGCGCGGGTACAGGGCAAGGTCCAGCGAAAGCGTGCCGTGCATTCCCGGGCGAAAGATGGCCTCGGCGATGCCGTCCGGCGTGGCCTGGGCGCCCGTCAACCCCAGGTGGCGCAGCACCCCGGCCAGCGAGGCGGGGCCGCATTGGTACTGTTCCTGCGCAAAGAACGGCACATCGTGGATGATCCGCTCGGCAGCGGGGCGGGTGGGGTCCGGCGCAAGGCTGCCGGGCCCGCGCACGCAGCCCGCGCAGGCCAGCGCCGCGCAAAGCAGCAACAGGCCCGGCAATGCCCGCGCGCGCAGATGGCGGAACAACAACCGGATGGCGCCGGGAGGCGCAAGGGGCGGGCCTGCGGCCCGGCATGATGGCGAAACGTCCATGGGCATGGCGAAAATGGTACCCCCGCCGCCCTGACAAACCGGGGCCTGTCCGGACGGCGGGGGTAAAGCGGGACGCGCGGTTACTGGACGACCACGCGGCGGTCGGCGAAGTGCAGGATCAGCACCACCAGCAGGATGACGACAAGGATGGCGATGACGAAGCCGAAGCCGTCGCCGCCGTGGGTCAGGTTGTCGATCTTCTTGGCCAGGTCGTGCAGTTCGGCGTCGGACAGCATGGACAGGCGCTGTTCCACTTCGGCGGAAGAGTAGCCAAGGGCTTGCAGGCGCTCGGAAACCATCTTGTTTTCCGGGGCCTTCTGCACGGTGCCGATGTCGCTGGAGCGCTGTTCCCCGGCCACGATGCCGGCGTTGGGAACAAAGGCGGCTTCCACACGGGGCACGAAGCTGAGCAGGCCCATGACGGCCACCATGACCATGGCGATGTGACGCAGGGCGCGCCAGTTCAGAAGCATGTACATGTGTTCCTCCTTCTTGGGGTCGCCGTCGCCGTCACCCCGGAACAGCACCGTTCCGGGTCCGGCTTGCGCGGCGCGCACACGGCGTTCGTGAAATTTTCTAGATTTGCCTAGCAGACTTGCATGGCGATTACAAGGCGCTCCGCCGCGCCGATGTGGCGGCAGCCATTCCCTGGTGTGTCCGGACGCTCCACGGAAGCGGGACGGGCACGACGCGGGCGGA
CP133659.1_gap37	1575364	1579454	4090	AACACCGGCTCTGCGTTGCCCGTGCCGAAGGGTTGGAGCATTTCCAGTTCCTTCAGCAGGGTGAAATCGCCCGCCAAGGCAAAGCCCAGTTCGCCATCCAGCTTCAGGCGCGGGGCAAGCGGGGTGTCGCCCAGTTCCGCCCGCACCACGGCATCGAACCGTTCGCGCAGGGTATCCACGTGGCTGGCGGCCATGCTCATGCCCGCCGCCTGATGGTGCCCCCCGAACGAGGTGAACAGGTCGGCGCAGCGGGTCAGCCCGGCATGCAGGTCGAATTCCGCCACCGAACGGCCCGAGCCCTTCATGGATTCGCCGTCGCGGCTCAATATCAGCGTGGGCCGGTAGAATTCATCCACGATGCGCGAGGCCACGATGCCGATGACGCCGGGGTGCCAGTCCTCGCCGTGCAGCACAAGGCCCATGCGGTCCAGTTGCCCTTCGGCCTGCTTTTTCGCGGCGTCCAGGATGCGGTCTTCCTCTGCCCGGCGGCGGGCGTTTTCCGCGTCCAGTTCCTGGGCCAGGCTGGCCGCCTCGGCGTGGTCGTCGGTCAGCAGCAGTTTCAGGGCCAGTTCCGCCTTGCCCATGCGCCCCGCCGCGTTGATGCGCGGCGCAAGGCCGAACACCACCTGCCCCGCGCCGATGGCCGCCGACGGGTTGTACCCGCTCACGGTCTTCAGCGCGGCCATGCCGGGTCGGCGGGCCTCCGCTATCTTCAGCAGGCCGTTCTTGACCAGGATGCGGTTCTGCCCGTGCAGGTTCACCACGTCGGCCAAGGTGCCCAGCGCCACCAGATCAAGATAGTCGCGCATGTCGGCCTTCTTGCCGGTGCGCTCGGACAGGGCCGCGTTCACCGCCGCCATGACCAGAAAGCTTACCCCCACCCCGGCCAGAGCCGGGCACGGACATTCCGCCAGGCGCGGGTTGCAGATGGCGTGGGCATCGGGCAGGCCTTCGGGCGGCATGTGGTGGTCGGACACCACCACCGTCATGCCCAGTTCGCGCGCCCGGCGCACCGGCTCCACGTCCGATATGCCGCAGTCCACGGTCAGCAGCAGGCGCACGCCCTGCTCTGCCAGGCGCTCAATCCACGCAACGTTCAGGCCGTAGCCTTCCTCGCGCCGGTCCGGAATGTGGTGCGCCGCCTCGATGCCGTGATGGGCAAGCACTCCTTTGACCAGAGCCGAAGATGTCACCCCGTCCACGTCATAGTCACCCCACACGGCAAAGGGCAGCCCGGCCAGCAGGCCCTCGGTCAGGGTGCTGGCCGCCTGTTCCAACCCCGGCCATTCAGCCAGCGGGGCCAGGTGCCGCAGGTTGGGCGAAAGGTACAGGGCCATGTCGTCCACAGACCCCACCCCGCGCCGCCACAGCAGCCGCACGATGAGTTCCGATACTTCCAACCGCTCTGCCCATGCGGCAAAAGGAGGAGAGGCCGCCACGGGTTCCGGGCGGAATATCCAATCACGGGTCACAAATACTCCTAGCGGGAAATGCGAAAAGAATCCTCGCGGGTGTACGCCCAAAGGCTAGGCGCAATAGCATTGCCCAGCACTGTTCAAGGCAGCATGCCAAGTTCAGTAAAAACATCGGAGATCAAGAGACGTTTACTAGGCGGGCACGGATACTTGCGAGGCTCTTCCGACAGTCGGGGGCGCTTCGGAAGATTATGCTCTTCCAACGCATGGGCGATATGGCAAGTCTTTACCCCCGGCCCACGACCTCCGCCATACCGTTCGGGATTCTTGAAAAAAAGATCAGCGCACTTCTCCAAAATAACTTTATACGTCGGTCTGGAACGCATTCAAATCTCCTATTCCAAAAGGAGGAGACGGGACATCGGCAGTCTTTCACGCCAGTTGCGACACGAACTGCCCTATCCGCTCGCCTTCGAGCAGGGTTTCGATTTCCGCCATGAAGGCGGCCACGTCAACCCCCAGCGAGCGGGCCGCGTCGTCCAGCCCCTGCGGAATCAGCAAATCGTCGGGCAATCCGCCCGGCAGGCTGCCGGGCAGGCCGTCCGCGCCCAGTCCCGCCAGCCGTTCGCGCAGGCGCAGCGCGGCATCGGCCACGTGCACCACCAACGCGGCGCGTTGATGCTCGCCCGCCAGGTGCGGGGCATGGTGCCAGTTGATGGGTTCCGTCAGGGCCATGGGCAAATCCCAGAACGACAGCAGGCGCGCCCCCACCACCCCGTGGTCCAGCCCCAGCAGCAACTCCTCGGCCTCGGAATCCATCAGCTTCTCGTCACTGGCCAGTTGGCGGATGGCAGCCCAGTCGTCCGGTCGGTAGGCGGCGATGAGCAGCTTGCCAAGGTCGTGCAGCAACCCGGCGGTATAGCAGGTTTCCGCATCGCAGCCCGGCACCCGGCGGGCCAGCAGGCGACACCCGGCGGCCACGGAAAGCTGATGCCCCCAGTATTCGCGCAGGTTGAACGCGGCAGGCAGGCGCGAACGGTCGATCATGCGCGAAACGCCCAGCGCCAGCACCAGCGCACGGATTTCGGCCATACCCAGAACGGCAACGGCCCGCTGGACGGAGGTCACCTCCGATTGCAGGCCGTAATAGGCGGAATTGGCAAGGGACAGCACGCGGGTGGCAAGCCCCTGCGCCTTGTTGACCACCCCGGCCACGGCGGACAGGGGGGCCATGGAATCGTCGCGGGTGGAATCGAAAAGTTCGCGCAGCAGGCCGGGGTCGTAGGGCAGTTCCGGCGGGCGGCGCAGCAGTTCGTCCAGCAGCGCCTGGGCCGCGTCCAGACCGCCAGAGCCGCCAGCTCCACCGGTTCCGGAGGGTCGGGCGGGGTCGGGGGGTACGCCGCCCCCTGCGCCGCTGGCGGGGCTCACGACCCGCCTCCGCCCGTGTCGTCGGCTGCCGGAGCCTTGTCACCCCCGGCAATGCGGGCCAGCACCTCGCGCACGGTGTCCTGCTGTTCGGCGGGCACCAGCTTCTTGGCCTGCATCCATTGCAGGAACTTGATCCCTGCATCGATGGCGGGGTTGATTTCCAGCGCCTTCAGCACATGTTCCACCGTGCCGGTGAAGTTCTTCTTCTCCAGCATGGCGCGTGCCATGTTCAGGTGCAGGTTCTCGTCCTTGCGGGTCAGTTCCAGGGCGCGCGTGTAGTAGGCCACGGCCTGGTCGAACATCTGGTTCTTGCGCAGGTTGATGCCGAATTCGTTGAAGAGGTGCTTGTGCTCTTCGTCAAAGGCGGCCTCCAGCTTCACCAGCCGTTCGAAGATGTCATCGGCCTTGCCCGTTTCGCCACGCGAAAGATAGGTCAGCCCCAGCCCGAAGTTGGCGCGCACGTTCTCGTCGTCCACTTGCAGGGCGTTGCCGTACTCGTATTCGGCGCTGAAGGTCTCGCCCTTCTGGCGGTGGCGGTCGGCGCGGGCCACGGTCTTGTTCAGTTCGCGCATGCGCGGAAAGACGGTCTGGACGTAGAATTCAGGCTCCGGCGCGAACTTTTCCAGCAGTTCGTCCATGCTGATGAGTCGCTTGGGACCCGAGGGAACATAGTTGTTGTTCAGGGGCTGGACTTCCACATCCCCCTTCTCGGTTTCTTCGGCGTACCAGAAGCCTTTCTGGATGGTCTTGCGGGTGGTGGTGCCGGTGCCCACCTTCTTCACGTCCTGCGTCGAGAACACACCCTTGATGCGTTCCCTGCCGCGCTGGCTACCCTGCGGGGCATGCGCCGCCGGAGCGGTGGGGATGGGGTCGTCGCGGGTCACGTCGGTCATTTGAAGCCTCCGTAAGGGGGCGCATGTCTGGCATTCGTCCGGGTATCCGGACCAGGTTCATGCCGGGCGCGGCAGGCCGACCGCGCCACGCGCGACCGTACCAGCTGTCATTATCCCCCTTTTCTCACATATCGGCAACAACCGCCACGCCTTGAGGTCGCGCCCCCCTGCGGCGCAGGCCCACGCCCGCGCCATGCGCCGTTCGCCGTGGCGCCCCAACGGGATCAGGCCTCGCGTATCTCCGCCAGAATGCGCCGCGCCGCTTCCGCCGGGCCGTCTGGCCCTGCCGCGCCGGTCACCGGGCGGCCCACCACCAGATAGTCGGAACCGGCCCGTACGGCCTCCGCCGGGGTC
CP133659.1_gap38	1695130	1696934	1804	GGACAACGCCCGCCCCACCCCCGCCTGCACCATGGCCGACGGGGTGGACTACGTGAAGATGCCCGCCAAAAGCGTCTTTCTCATCCAATTGCTGAACATCGCGGGCATCGGCCCGGTGTACGGTCCCATCCTGGGCGCGCTGTACGGGCCGTGGGCGCTGGTGTGGATCGTGCTGGGGTCCATCTTCGCGGGGGGCGTGCACGACTATTTTTCAGGCATGCTTTCGGTGCGGCGGGGCGGCCTTTCATTGCCCGACGTGGTGGGCGACCATCTGGGCACCTCCATGCGCCGCTTCATGCAGGTCTTCTCGCTGGTGGTGGTGCTGCTGGTGGGGGTGGTGTTCGTCACCGGTCCGGCGCGCCTGCTGTCGGACATGACCACCATCCCCGTGATGACGTGGGTGGTGGTCATCTTCGCCTACTACTTCCTGGCCACCATCCTGCCCATCGACGTGGTCATCGGGCGGGTCTACCCCATCTTCGCGGGTTCCTTGCTGGTCATGGCCGTGGGCCTTACCGCCGCGCTGTTCGTCGAAGGACACGCCACCGGCGCCCCCCCGGCCTGGACCGCGCCCCCCGCCGACCTGCCCATGTGGCCGCTGCTGTTCATCACCATTGCCTGCGGGGCCATTTCCGGCTTTCACGCCACCCAGTCGCCCCTGATGGCCCGCTGCCTGCCCGACGAACGCAGCGGGTTGCCCGTGTTCTACGGGGCCATGATCGCCGAAGGCGCGCTGGCGCTGATCTGGGCCACCCTGGGCATGGCTCTGTACCCCGACCCAGCGAAGTTGCAGGCCGCCATCGCCGCCGGGGGACCGGGCAAGGTGGTCAACGACGTGTCCCCGGAACTGATGGGCCCGGTGGGAGGCATCCTGGCCATCCTGGGGGTCATCGTGCTGCCCATCACCTCCGGCGACACGGCCTTCCGTTCCGCCCGCCTGACCATCGCCGACGTGCTCGGCATAGCGCAGCGGGAACGGCACCGCCGCCTGCTCATCGCGGTGCCGCTGTTCGCGCTGGGGGCCACCCTGTCGCAGGTCAACTTCGAGGTGATCTGGCGCTACTTCGGCTGGGCCAACCAGGTGCTGGCAACACTGGTGCTGTGGACCGCCGCGGCCTTTCTGGCGCGGGGGGGCATGTTCCACTGGCCCGCCAGCCTGCCCGCCAGCTTCATGACCGCCGTGTGCGCCACCTACATCTGCCATGCCCGCATCGGCCTGAACCTGTCGCTGGCCGTTTCTTCATGGATGGGGGGTGCCGTCGCCGTGCTGACGCTGGCCCTGTTCCTGTCCCGCTGCCGCCGCAAGGCCTGAATTGCCCCTGTCCTGCACGCCAGTCGCGCCAGTCGTATCAGTCGTATCAGTCGCACCAGTCGCGTCTGGCGTACCTGGCGTGTAACGGGCGCGCGTCTGTGTCTGGCGCGCCTGACACGCCTGGCGTGCCGGAAGCGCACGAACGCAACGCCATGAACACGGCGACCGGTCCTTCCGGCGCCCTCCGCGTGGCAACGCGACCTCTCCCCCCCCCCCTCGCCTCGCACATCGTCTCCTTGTCCTGCCTGCCTGCAAGGCGGACACGTTTGCTCACGCCTGCCCTGCCCCAGCCAGGCGAAGCACCCCACCCTAGAAAGATTACTATCTTATCAGTATATTAGCTAATGCTTTAGACAAGAAGCATGCTGAAGGCACGCATATTTTCATGCCGAAGAAAATCGTTCGCCGCTCCCCCAGGCATTTCGGGGCTTCTTTCCTGCATTCCACACGTGAAAAAGTGCACATCGCAACAAGGTGCATTGCCATGAAGCG
CP133659.1_gap39	1707697	1710783	3086	AACACCGAGGTCGATTCCTTGAACACGTTTTCCTTGGCGGGCAGCTTGTCCGGAATGGTGATGGGGCCGGTCTGGCTGCACGAGACGGAGAAGTTGGACGGGTCCTCCGCCAGGCCCAGGCTGCCGCTGATGCCGCCGGTCTTGGCCTGGCTGATGAAGCAGGACACGCCGGGAATGCGCGGATCCTGGAAGGCGAAGACACACACCTGATGGTTGGCGCCCAGCAGTTTCCATTCGGTGGTCACGCAGCCCACCTCGCTGTCGTCGGCGCGTGCGGGCGCTGCCAATGCCAGCATGCCCAACAGCAGAAGCAGGACGACGGAGGCCAACAGGACGGCGGAAAAATTCTCGTCCCGGGCGGCGGCAAGGGCCACGGCGCGGGGGCGGGCGATGCGGGTACGGGGATGCATGATGAGGCTCCTAGGGCTTCGTGACGTCGGGTGAACGCAACCAGCTTTCAGGATAACGCATCGCGCGGACGATGCAAGGCCGTAATGGCGGCGGGTAATTGGCATGCTCCACGCAATGACGGGGCACGAGGCGAGATTGGCCGGTACGTGCAGCACTGGCGGGATGTGAAAACGGTCCGATCACCAGGGGTGGCTTCGGGACCGGGACTCCCCCTACCGCCAGCGCACCAGCCCCAACGCATACCGCTCCACCGGGGCGTATTCGTCGGTCAGCGGGGGCACGTCGTCGCTGGCGGGCAGTTCCAGCCGCCGGGCCAGCATTTCGCGCACGTCCGGCGGCAGCGCATCGGCGGGCGTTTCCGGCAGCCCCGCCACCGGGCGGGCCACCAGCATCAGGTTCTGCACGTAGTTCGCGGAATCGGCGGTGGCCACGGCGTACACCCGCACATCCGCGAACGAGGCGGCGAACGCCGCGCGGATGGCCCGGAACAGCCGTCCGTCCTCGCCCCCGGCGGCGGAGATGATGTTCATGACCACGGCCCCGTTGTCGGCCAGCAACGCACGCATGCGCCGGGCCGCCTCCACGGTGCCCACGTGGAAGGGCACGGAATAGTACGAATTGAAAATGTCGGCGAAGAGCAGGTCGTAGCGGGCCGCTCCCTCCCCATTCCCGGCGGCGCCGCCATGGCCCGCCGCAACCACCCCGGCTCCGGCATCCGCAATCCCGGCATCCGGCCCTGTCTGCGCCCTCCGGTTCAGGAAGGCCCGCGCATCCTCGTGAAAGATGCGCAGCCGCGCATCGTCCGCCAGGCCGAAGTGACGGCGGGCCACCCCGGTCATGCCGGGATCCAGTTCCACCACGTCCACCCGCAGCGCCTCCGCGTTCAGCCCGGCCCGCCCGGAAAGCAGCCACTTGGGCACGGAATACCCGCCGCCGCCCAGCATGAGCACCCGGCGCGCACCGGGCACCAGCGCCGGTCCCAAGGCGTAGAAGCGGGTGTATGGCAGGGCCAGTTCGGCCATGTCGTCGGGGTAGGCGGCGGACTGGTAGCGGCCCGGATCCGTGGCCAGCAGGCGCAGGGGCCGCCCGGCTTGAGTGGCGTCGTAGACCCGGATGTGGCTGTACGGCGTCTCGGTCACCCGCACCCCGTAGTAGCGCTCCGCAAAGGCGGCATACGCGTGCGAGGCCCAAGCCAGCGCCCCCACCCCGGCCAGCAGGGCCAGCCGGGCCAGCGGCGCGCGGGGGTGCGCCAGCAGCGAGGCCACCAGCAGGCAAGCCGCCACTCCGTGCAGGATCAGCGTGCTGCCGAACCACGAAACCAGCACCATGCCGCCCAGAAAGGTACCCAGGATGCTGCCCGCCGTGGACACGGCGTACAGCCGCCCCACCACCGCGCCGGAGGTGTCCATGTCCGACAGGGCCAGGCGCACCACGTAGGGCGACACCATGCCGCACAGCACGCCCGGCACGGCGAACAGCAGCACGGCGGCCACCACGGCGGCGAGGTACAGCGAATCGAGCCCCCCGGCCACCCAACCCACCACCCGGCCATGCCCCAGGGCCACGGCCAGCACGGACAACGCGGCCCCGGCCAGGATGCGCGACAGGGTGCGCCGCGACAAGGTTCGGTCGGCCAGACGCCCGCCCAGCCAGTAGCCCGCGCTCAGGCTGGCCAGCACCACGCCGATGAGGCTGGTCCAGACGATGACCGAGGTACCCAGATGCGGGGCCAGCAGGCGCGCCCCCACCATTTCGAGCACCATGACCATGGTGCCGGACAGGAACATGATCGCGTCGAGCATGGGGCCTCCTGCGGGAGCGAGGAACGGGGGAAGGGGGAAGATGCGCGGGGATGCCGTGTTTCCGCTGTATCAGGGGGTGGAGCGACGAGGCAACGGGGCGGCGGCGGAAAGAGCGGGGACTGGCGGGTAAACAGGACGGTCGCGCACGGTTGCGCGAGGCGTTGCCCCGCACATGAAAGGGAAGGTCGCCGTGCCCGGCAGGGGTACGCCACGCCCCTTTCGCGTCTCCGCAGCGAGGGCGGAGCATGGCGGACCGAAGCGATTTCGCGGTCGGCACCGGGCACGACGGCCTTCGCATCGGGACATAAAGCAACGCACCTTCCGCCGCAAGTGCGGGCACGGCCGGGCACGCAAAAGGGGCTCCGCCAATGCGGAGCCCCCTTGTCAAAATACCATGGGCCGAGCCTGCGCCCCGCGCTCTTCGCGCGCGGACATGCAGTGCACGCAGCGGGTGGTGGTGGGCACGGCCAACAGCCGCGCGGCGGGAATCTCGTTACCGCAGTCGTCGCAGTAGCCGAAATCCTCGTCGTCCAGCCTCTCCAGCGTGGCGCGCAGCACCTGCAAGCGCGTCTCGGTGCGCTGCTTCCACGAGCGGTAGGTCATGCCTTCCACGTCGGGCATCCGTTCAGGATCGCCCGCGTCCTCCACGCCCTGCAGGCCGCGCCAGCGGTCCAGGGCTTCGCGCAGGTCGCGGATTTCCTGCTTCAGTCTGCGCCGTACCACGGCAATGGTTTCTTCGCGCATGTCGCTCCTCCTTCGGCGCGGCCTTGGCCCTGCCCGCGCGGTGCGCGGGGGGCGGCCAGACGCCGGGTGCCCCTTGGGGCAAGTTTGTCGGGTGGGTAAAAAAAAGCCCCGTCTACCAGGATGGTGGAC
CP133659.1_gap40	1714025	1718292	4267	GTTCCTTCGTCCTTCAGCCGCGCCCACACCGCTTGCCGCACGGCATCGTCGGGCAAAATGCCCAGGTCACCCACCGTACGGCCCGCCACGGCCTGGCGAGTCAGGCCGAACGCAGTGGCAGCGGCATCGTTGACGTCTTCCACCACGCCGCTCTCCGGCGCCACCAGCAGCACACTGTCCGGCGAAAGGAGAAACAGGCTGGAAAAACGGTCCTCGGACCGGCGCAACCGGGCCATGGCCCGCTGCAGGGCGCCCAGCGCCAAGGCCACGCAGGCCAGCGTGACCAACGATATGCCCCCACTGGCAGCGGCCAGACGGCGCGCCGGGGCCAGGATGTCCCCTTCGTCCGCCTCGACCACCAGGAGCCAGTCGGTGGGCGCGTTGCGCCGGAACGTAATCAGGCGTTGCCGTCCCGCCCTTTGCACCGCCTGGGGTGTCAGGCTGACGCCCTGCCCCGCGCCGTCGACCTTGCGCAGCATTTCCAGCAGCCGCGCATCGGGCGAAAAATCGTCCGGCCCGGCCCACGCGGGGCGCGCCAGCAACTGCCCCGTGCCGCTCAGGATATACGCACCGCCCGCCGCCCCCAGATGCACGCTGTCCAGAATGTCCCGCGCAAAGACATCCATGGCGGTGACGGCCGCCACCATGCCTGCCACCCCGCCATCGGAACCACGCACGGGTTCCGCGGTGACCAGCACCGGCCCCCCGGTAAGCCGCGACCTCTCCACCAGTTCCAAGGTAGAGACACCCCGCATGGCCGACCGGAACGTATCGCGGTCGGAAATATTCAGCCGGGTCTCGCCCAGCGGCAGGGTGGACAACACCACGGTTCCTGTCCGATCGGCCAGCAACAGATGACTGAACCCGCCAACCTGCACGAAGGCATCCAGCCTGCGCTGGGCCGACACCCGCGCAGAGCGCCCCAGGTACGAATCCTCCAGCGCCAGCGGCAGCACCTCTTCCTGGCTGACCAGAACAGTGCGCCGCGCGATGTCGCGTACCCGCCCGGACACGTCGCGGTCCAGCAGTTCCAGCGCCTGCACCATCTGCGCGCCAGCCATTTCCTCTGCCGCGCCACGGGTATAGCGATAGGCCACGCCGGAAATGACCAGCACCCCGATGAACACCGCCGTGAGCGCCGTGGCGATGAACCGTTCGGGCATGGCCCATATCCGGGTGCTGCCCGACGCGTGCGGGGCTGCCCCGCCTGGCCGACCGGACCGACTGGTCCGATCTGGCGTGGCGGGCGTGGCGGGCTGCCCTGGCTGACCGGAAGGATTCATGGAATAACCAACTCCGCCGCCTTGATGATTTCGTAGGGAATGACCAGCCCCAGACGCTCCGCCGTCTTCAGGTTGACGAACACCAGCCCCTGCTGGTTGACGGTCACGGGCAGATCGCCCGCCCGCCCCCCGCGCAGCACCAGATGGCGCGCCATGCGGCCCGCCAGCAGGCCCTGCTCGTGGGCAGACTCCAGAATGCCGCACAGGTGGCCGTCGTCGCGCGTGGCATCGCTGAAGCCCAGTGTGGGCTTGCGCAACACGGAAAGGTTCCAGTCGCGCACGGTTTCGGCGGGCACCACCTTGCCGGTGGTGGCATCCACCAGCGAATGATACAGGCCTAGCGCTATGGCGTCGGCATGCTCCTGAGCGGAAAGCACCGCCCGTTTCCATTCCTGAAAGGTATGCAGCATGGCCACGTCGGACAGCTGCAGGACAAAGGGGCCGTTGCGGGCCATGTCGTCGCGCATGTCGGCCAGCACGTACCCGGCCGATTCCGAGTCATCCAGCAGCACCGCCACGTTCCTGATGCGGGGGTCTATCTTTCGCAGCAGGTCGAACCCCTCGCGAAAGTGCCAGCGTTCGCGCACGCCGGTAACGTCGGGTGCGGGATACCCGTAGCTGCCGAGCGGGGCGTTGACCCCGCAGAACACCACCTGCGGGCTGCCCGTGCCCGCATCGCCCCCTTTGCCCACCAGGTATGGCACGGCCAGATACAATTGCGCCGCATCGTCCACGGTTATCACCACCTGCGGTTCCAGTTCCGCGATGCGAGCGGCAATGCCCCGCGCGGCGGCGCGCAGGCTTTCCGGCGAGGGAGAACGCTTGGCGTCCAGGTAGAACACGTCGATGACGGCTCCCGCGCCCCGCAGCGCGGCGCGGATGCCCTCGTTGATGTTCTGGCACCAGACGTATTCGGGGTGGTAGCTCTGCACCACGCACACCCGCGTCAACGTGGTGCGCGCCGGGGCGGCATGCGGAAACGCCGCGCACCAAGCAAGCATGGTCAGCAGCACCGGCCCCAGCAGGCTGAAATGAAAACGGCTAGCCATGGCACCCCCGTGGTGTGACAGCGACCGAAGGCCGGAATCGCATCCGGGCCTTCGCCATTTTGCACCATGAAACAAAGCGGGCGGCATGTCCATTATTGCCGCCGGGCAAGGGCCAGCCACCCCGCCGCCACCTTGCGGCAGAACGCCCCGGAGGCTTCCGCCAGCAGGGGCATGTCGCGGGCAAGGGCATCGAAGTACACGTCGTCGAACTTTTCGCGGCAGCTCGCGTATTCGCTCATGCGCCCCTTGCGGAACATGTCCACCCAGCCCTGCACGATGGCGGCATCCACTTCCAGGTGGAACTGGAACCCGTACGAGGCGTTGCCCACGCGGAAGCCCTGGTTGCGGCACTGGGTGCCCTGTACCAGCAGGGTGGCCCCCTGCGGCAGGTCGAAGGTGTCCTCGTGGTAGGACATCAGGCGCGGCAGGGGCAGCGCGCCGGACAGAGCCGGACCCAGCACGGGATCGGCCAGGCCCGCCTCGGTGGGCGTGCAGGACAGGAAGCCGAACTCCAGCGCATCCATGGTCCACGGCCTGCCGCCATGGGCGCGGGCCAGCAGTTGCGCCCCCAGGCAGATGCCCGCCACCGGCCTGCCCGCCGCGTCGAAGGCGCGCAGCAGGTCCATCAGATGCGGGAAATGGGGCGAACCCGCATCGTCCCAGCAGTGCTGCGGCCCGCCCAGCACCACCAGCGCGTCGTACCCGGCCAGTGCCTCGTCACGGGGCGGCAGGGCATCCCCCTTGCCGGGGTGCAGAGTGGCAAGCGTTGCGCCGCAGCGCGCCAGTTCCTTGCAGAAGTTGCCACCGGGGGCGTCGGTGCTGTGCTGCACCACCAGCACGCGCAGGCCCGTGACGCCGTCTTCCGGCCACGGGAGCACCCGCACGCAGGTTTCGTAGTACGGCGTGCCGCGCCCCACCTGGCTGGACAGGGCGCGGGTAAGCAGGTTCAGCCCGTGCCCGGCCTTGTTCCAGCCGCCCCGCTCGGCCACCAGAATATCCGCCCGCTGGCCGTCTGCGGTGCGCAGGATGGCCTTCACCGCGCCCACGCGGCTCTCCACCCGCACCACCGCACCGTCGGCCAAGCCCAGTCGGGCGGCTTCGTCCGTGGTCAGCACCACCTCGGCCAGGGCGTCGTGCTCGGCCATGGTGCGTTCGGAGCAGATGTACCCGTGCGGGGCGATGGTCAGCAGGCGGTAGGGATAGTCCGGCTCCACCGTGCCCAGCCCGGCGGGGTCGAAGTCGGTCATGAACCGGAACCTGCCGGACGGCGTGGGAAAGGTCTTGTCCGCGTAGGGCACCATGGGCGCGTCCAGCCGAAAGGCCCCGGCGCGCAACCGCTCCGGCGTGCAGCCCTGCTGCCACACGGGCGTGCACAGGTCGCGCAGCCACTCGTCCACGCCGCGCCGAAAGCGGTCCGCAAAGGGAAAGCGCGCCGCAAGGTCGTGGAACATCATGAATTCCGAACGACACTCGCCCACCGGCGCGATGGCCCTGTTCACCGGGCCCACGTAATTGTGGCCGTAGCTGGCCATGGCATCGTCTTCTTCCAGAAAGGTGGTGGCGGGCAGAAAGGCGTGGCCGAGATCCGCCGTGTCGTCCATGAACTGGCCGGAATAAACCACGAATTCCGCCTTGCGGAAGGCGCGGGCAACGGCCCCGGCATCCGCCGCCATGCAGGCCGGGTTGCCCGCCGTGACCATGATCATGCGGATTTCCGGGTTGCGCGCGTCCAGTATCTCGCGGCCTATTTCCGGCAGCAGCAGGGTGCGCCGGGGCGGGTTCAGCCCGTCGCCCCAGTACTGCTGGTCGTAGGGGCCGTATTCCTCGAAGCCCTGGCTCACGCCGCCGCCCGGCACGCCGATGTTGCCGCTGATGGCCCCCAGCGCGTCCACGGCGCGGATGGACAGGTGCGCCGCCTCGTGCCGATGCATGCCC
CP133659.1_gap41	1721454	1725160	3706	CATCGCCCCTCAAATCATATGGGCGCACGGCTGGATGCACACCCACGCCAACCTGTTGCCGCTGGCCAACACCTGCACCCACGGGCGCGACAACTACCTGCTGGACATGCCCGGCTTCGGTCGCTCCGGCATGCCGCCCGCCACCTGGGGCACGCAGGACTACGCCGACCACGCCGCCGCCTGGCTGCGCACCCTGCCGCGCGGCAAACGGATATGGGTGGGGCATTCCTTCGGCTGCCGGGTGGGCCTGCAACTGGCGGCCCGCCACCCGGACCTGCTGGACGGCCTGTTCCTGATGGCAGCCGCCGGGCTGCCCCGCCGCCGCACCCCCATGGAAAAATTCACGCGCGGGTGCCGCATCGCCGCGTTCAAGACGCTGAAGCACCTCAACTGGCTGGGCTTTGGCGCGGAACGGGTGCGCCGCTTCTTCGGCAGCGCGGACTACGCCAACGCCGGGCCGCTGCGCCCCGTGTTCGTCAGCGTGGTCAACGAGAACCTGTCCGACGTGGCCGCCCGCGTGGCCTGCCCCGTGCACCTGCTATACGGAGAAAACGACACGGAAACCCCGCCCTCCATGGGGCAGGACTTTGCCCGGCTGCTGGCGCACGTGCACCTGCTGGTGCTGCCGCGCTTCGGGCATCTGGACATTCTGACGGCGGGCGGCCATCAGGCCGCGTACGCCCTGGACACCTTCTGCGAGGAAATCTTCGGTGGCTAGCTCTCTGTTTCTGGGCGCGGCGTTTCTTGTGTTCGCCGTGCGGCGCGGCCTGACCTGGCTGCACATCTTCCAGCAGGAAGAATACGACGGCCCGCGCTTTTTCCGCTGGATGGCCGCCGCCCGCGCCTTCGACAAGCGCGCCACCCTGCCCCTGCTGGCCTGCTGGGGCGCGGCACTGGCCGCGCCGGAGGCCGCACCGTACGCCAAATGGGCGGCGGGCCTGGTGCTGCTGGCCGTGGCCGCCGTGGAAGACAATCCGCTGAAGGCCGCCAAGAAAAAGCTGGTGCTTACCGCGCGGGTCAAGCGCATCCTGTCCGTGGCGCTGGGGCTGACGGCGGTGTACGCCGTGGCGCTGGCCCTGTGCCCCGCCGCCCCCGCTGCGCTGCTGCCGTTCTGGATACTCGGGGTGCAGGCGCTGCCGCTGGCGCTGGTGGCGGCCAACGCCTCGCTGGCCCCGGTGGAGGCGCGCATCCAGCAGGGCTTCTGGAACGAGGCCCATCAAAAGCTGTTGCGCCTTGCGCCCACGGTCATCGCGGTCACCGGCTCGTACGGCAAGACCAGCGTGAAGCACATCCTGGCCCACGTGCTGGGCTGCTACCACCCCACACTGATGACGCCGGGCAGCATCAACACGCCCATGGGCATCTCGCGGATCATCCGGGAACGGCTGACCGACGCGCACCGCTTCTTCATCGCGGAAATGGGCGCCTACGGCATCGGCTCCATCGAACGGCTGTGCAGGCTGGCCCCGCCCGATTTCGCCATCATCACCAACGTTGGCCCGGCGCACTACGAACGCTTCAAGGATCTGGCCACCGTGGTGCGGGCCAAGTTCGAACTGGCGCACGCCACCGTGGCCCGTGGTGGCCGGGTGGTGCTGCCATCCGCCCTGCTGGGTTACGACCACGCGCGCGACTTTGCCGCCGCCAACGCGGGCGCGGTGCTGCTGTGCGCGGGTGCGGATGCGGCGGCCGCTGCGGGCACGACAGAACCGTCCGTGCGCGTGCTGGAGGCCGGGCAGGACCTTTCCGGCATCCATGCCCGCCTGCTGTACCAGGGGCAGGAATACGCGGTGCGCGCGCCCATCCACGGCATGCACCACGTGGACAACGTGGCCCTGGCCTTTGCCGCCGCGTGCGGGGTGGGCGTGGAGCCGCAGCGGGTGGTCAGCGCCCTGCGCAGCCTGCCGCAGATCACCCACCGGCTGGAGGTGAAGCCCCAGCCCGACGGCTCCGTGCTCATTGACGACGCCTACAATTCCAACCCTTCCGGCTTCGCCTCTGCCCTCGCCCTGCTGGACCTGTACCGCAAGTCAGGGCGGCGCGGCGTGCTGGTGACCCCCGGCATGGTGGAACTGGGCACCCTGCACGACAGCGCCCACGCCGAACTGGGCGCCCGCGCGGCAGCCTGCGCCGACGTGCTGCTGGCCGTGGCCCCCGCCCGCATCCCCACGCTGGTGGAGGCCTTCCGCGCCGCCGCCGGGCCGGATCAACTGGTGGTGGAATGCCCGGACTTCGCCTCTGCCCGCGCCTGGCTGGCCGCCAACATCGGCCCCGGCGACGCCGTGCTGCTGGAAAACGATCTGCCCGACCTGTACGAGAAGAAGGTGCGGGTGTAGGGGCGCACATGCCGGAAAAAGCCGACGCTCACGCCCCCCAGAGCTTGCAAGGCGACCAGCGCCAGCACGGTTGCCCCTTCTGCGACGAAGGCTTGGCCGCGCGGGCTCCGCACGTGCACGGCACCTGCCTTGCCGTGGCGGACAGGCACCCCGTCGCGCCGGGTCACATGCTGATCATCCCCCGGCGGCACGTGGTCGACTGGTTTGGTCTCACGGAGCAGGAGCGGAGCGACGCGGACGCCCTGCTCCACCTGTTGCGGGCACACATTACGGCGGCGGACCCCGCCGTCACCGGCTTCAATATCGGCGTCAACTGCGGCGCGGACGCCGGGCAGACAATCTTCCACGCGCACATCCATCTCATCCCGCGCCGCCAGGGCGACTGCCCGGACCCGCGCGGCGGCGTGCGCGGCGTCATTCCCGACCGCATGGGCTATCCGGCCGACTGACCCGCCGCCACCCGCATGCGGCGCCCCGCTTGGCCGAGTGCCCCTGCTGACCCTCGTTTTTCCTATTCCCCCCCACCGCCGCCCCCTTCAAGGCATCGCGCATTTCCCGTCATCCCGACCTCTTGACGGAACAGTTCCAGTGCGCTCTACTGTCACGGACACGGTGACGGAGACGACACGACAGCGACACGGGCCCACTTCCGCAAACGTGCTCCGCCATACGCCCCCGCGATGTGCAACTGCAACAGCATGTGACCCCGTACGCACAACAGGCACACTTCCCATGACGTATCTGCCCACGATCCACGTCGATATACTCATGTGTCTCGCGTTGCTTCCCGCCATTGTCGTGGCGGCCGTAAAGCTGGACAAGAGCATTCCCGCCCATCGGCACCTTGTTGCCGTCATGCTGTGCGTATTCGTGTTGCTGGTACTTGAAGCATGCAGCGTGGCACTGGATTCCAATTTCAACGCCACGGTCCACGACGACGCACAACTTGTCCCCCTTGGCAAGCTGGTCAACAGCATCGGCTTTCTGCTGGTGCCCGTGCCCGCCTTCCTGACGTGGACCTTCCTGCATCACTGGACCGGGGTGCGCCTTACCGCATCGTCCACCCTGCCCTGGGCGCTGCCCCTCGCGTGCAACGCGGTGCTGGCAATGCTCAGTTACAACGAGGGACTGCTGTTCTCCATCGCGCCCGACAACACCTATTCGCGCGGGCCGTGGTTCGTCGTATCCCCTATCGTTTTCTACGGCTACCAAGCCCTGGCGGCGGGTTTCCTGATACGCCGACGCAACCGGCTGAGGACGGAAGAAACAGCCATGTTCGCCACGGCCCTGGCCCTGCCCGCCCTTACGGCGGCCTTTCAGCTCCAGTATTTCATATTTCTTACCATGTGGAGCAGTTGGGCCATCTCATG
CP133659.1_gap42	1843838	1846403	2565	CGGCGGTGGCTTCCGGCAGTCCGCTGCGCGACACCGCCGCGATCAGGTCGCGGATGCGGCCATCCTCGCGCAGCCAGGCCCGGGCCACGCTTTCGGCATCGCGCTGACGCGCAAGCGGGGCCAGCCAGCCCGCTCCCTCTGCGTAAACGATGCGCGATGCCGTGTGCGCCGCCACAAGCGCGTACTGGTGGCGCAGCGGAATGCGTTCGAAGATGCGCTCGGGAAAGCGCTCCACCAGCACCGGGGGCAGGTAGCCCAGCAGCACCTGCCGCAGGGCGGGGTCCGCCTCCACCGGTTCGCCGCGCGCCACCAGCGCCGCGTACAGTGCATCGGCCACGGCGTTCATTTCCAGCGAGACGTCCACGGAAATCTCGTGCAGGGCCTTGCAGCCGTCGCAGCGGCGTATTTCGGCCAGCAGCAGGCGCGCCTCGTCGCGGGCGCGCACCCGCAGGATGTCCAGCACCTCGGCCACGAAGCGGTCCTTGTGGGCGATGAACTCCTCGTCGGTCATGACCAGGCCACCCAGCACCTCGTACGAGGAGCAGATGACTCCGGTCTTGTTGGCCGACGAGCCGTGCACCACCAGCACTCCGCGCTCGGCCAGGCGCTTGCGCGCCTCCGGCGCCACGAACAGGTTGGCCCCCTCGATGATGGCGCGCGCCGTGGGCACCCCGCCCCGGTCGAAGAAGTCGTGCCAGTTGCGGGTGTTGATGGTGTCGGGCCGCCCCCCGGCGGGGATGAAGATGTCCGCATGGGCGGTGTTGTGCAGGGTGTTGCGGCGGCGCACCCCTTCCGGGGTATCGGACGTGGCCACCCACGCCCCCTCGCCGCGCAGCCGGGCCGGGTCGAAGGCGCTGATGCTGCGCTGCGCATCCACCAGGCGCAGCAATTCGGCCCGGTCCAGCCCGTCCGGGTCCCAGGCCCCGCCGTGCCCGTCGCTGACAGCCACGATGCGGGCGTTGTCGCCGTAGGTCTCGAACATCAACCGCATCAGGTTGCCCGCCACGTCGCCCTTGGGGCCGCCGGTGATCTTCACCGTGAACGGCTGAGTGAAGGGATCGATGCCCAGATGCCGCAGCATTTCCTCTGCAAAGACCATCACCCCGATGCTGGTGACGCCGTACTGCTTGTGGTTGATGCCAGCCCCGGCCTTGGAACTCATGAACGCCGAGGGCCAGCGGTAGCCGCGCTGACGGGCGCGCTCCACCATCCAAGCGATGTGCGCGGGCTGGATGTTCTCGTCCGGGCCGCAGTAGATGATTTCCTCGCGGCCCAGGTAATCCACCACGCCGGGCAGGGCCGGGGTGTCCTGGCCGGGCAGCACCACGTCCAGCAGCGAGTTGATGACCGACGACACGGCCAGTCCCACGTCGCCCAGCGGACCCAGCAGGATGACCGCCTTGGCCCCGCCTTCCGGAATGTCCTTGTTCTTGACCTGCTGGGCGTAGGCCAGCCCCTTCACCTCGTCGTACAGGCGGTTCGATTCCAGTTCGAACTGCTCCTGAGTGCGGGTGGGCACCACGCGCACGCCGCCGCGCGCCATGTCGCGGTAGCGGATGTGAAAGCCAAGCCCCCCCGGCGCGTGGAAGAAGAAGATGCCGAAGGGCAGTTCCTCGCCCTCATAGCGGTAGGCGGGCGGCAGGAATTCCGGGTCCAGCCGGAAGGACAGGCCGTAAATGGTGTCGAGGAAGTAGTTGGTGCGCAGCACATGGCGGAAGAAGCGCTGGATCATCAGCAGCACGGCGCGCTCGCGCTCGTCGGCCACCGCGTTCACGGCGTCGGTCGCATCGGCCTCCAGCCTGCGGGCAGCCGCCTCGCGGTCGCCGAGGGTGGGGTCGAAGCGGGCCTCGAACCAGTCCACCAGCGCGGCGGTTTCCGCCCGGCGGGCCAGCACGATGCGCACCACGTTCTGGGTGCTGAAGGCCCACTGGTTGTCCTTGGCCAGGAACACGTGGGCAAAGCCGCAGGCCGCCTGCAGCAGCATGATGCGCTTGATGGGCCAGGCTTCCTCGTCGGCCAGGATTTCCAGTTCGTGCGGGGCGAACCACTTCACCAGGCGCAGCTTCTTGCGCAGGTTCTGCCACAGGGCCGAATCGTCCAGAATCAGGTCGCCCTTGTGCGACACGTAGAAGCTCATGATGGCCGTCTCGCCCGACTCGTCGGCGAAGGTGTCCGCGTAGGAGCGGTGCACGGTGATGTCCAGGCGGCGCATGATCCGGGCGATCTGCAGCAGCAGGCCCGTGGCCGGGGGATGTCGCATGGCCACCACGATGCGCGTTTCGCGCCGGATGTCGCAGGGTTCCGCGGGCAGCGCGGTTCCGGCCCCATCCGGTACGGCGGGCGCGGCGGGTACGGTCGGGGCCGTGCACTGCTCGATGAGCAGCCCGGTGTCGTCGCCGCCGCCTATCTCGCGCAGCAGCCGGAAGTGGCGGGCCGCCCGCACCGGGTCGAACTTTTCCACGTATTCCGCATTGGCGGCGGCCAGAAACGCGGCAAAGGCGGTCATGTCCGTTTCCGGCAGTTCGCCGCTGGCGCGCATGGTGTCCAGGGCAGTGCTGAACAGGT
CP133659.1_gap43	1908353	1912543	4190	TTGCCGCATCGCTGGTCGAAGTGCGCGGCGAACGGCGCCTGCCCCTGCCCGGGGGCTTGCATCTTTCGGCGGGCGACATAGAAGAAGTGCTGAAGGTGAAGGCCGCCTTCTCCCCGGCCTACGAACGGCTGCTGGCGGAAGCCGGCATGCCAGGAACGGCGCTGGACGCCGTGTATCTTGCCGGGGCACTGGGCGAGCACGCCCGCCCCGATGACCTCGAAACACTGGGATTTTTGCCCGCAGGGGTGGCCGGACGCACGCGGGCCGTGGGCAACGCCTCGTTGCGCGGGGCAGAACTGCTGTTGCTGCGGCCAGAACTGCGCGGCCGCATCAATGCTTGGCGCACCGGTTGCCGCGTGGTGGACCTGACCACCGCCAGCGATTTTTCCGCCGTGTTCCTGCGCCACATGCGCTTTCGCTGACACGACGCAACGGTACGGCACTGACAGCCTGGCACCGCCGCTGCCGCCACGGCAGGCAGAATCATTCGCAAACAGGCCCCAGCCGCATTCCCAACGTGCGGGCGGGATGCCGCAACAGCCAGACAGGCAGCACCGCAAGGGTGCTTCCAGCCGCCCCGGTCCCCCGTATCCGCAGGACCACCAGCGGCCCCCCGAACACCGGAAAGCCCGGCTGGTCATGTGCCCGCCCGCTTCCACCGATTCCGAGTACTCACGATCCGGGCGGCGCATTGCCGCAAACCGCCCGCGCCAGCGCCCCATGCCGGGCGCCACGACACCGGCCCCGCGCTCCGGCCCATCCGGATGTGGCGAATGCCGCCCGCCGTGCGTCCTTGCGCACGGCAGCCCATGCATCGCCGGTCACACCGACACCCAACCAACGGACTTCGCATGCACCATCTTTTCGCCGCCCTGTCCCCGGAATACCGGCAGCGCCTGGAATCCCTGCCCACGGCGCTGGACACCGTGGCCCCGCTGCGCACCGCGCACCGCCGCGACCTGCCCATGGCCATCCACGACCTGTCGCTGGTGCTGACCAGCGAGCGCGGATCGCTTTCCGATCCGTACTGGGCGGCCCCGCGCCTGCTTTCCGCCTACCTGCGCTACTTCATGCCATGGAACCTGGTGCGCCTTGGCCGCCTGCTGCCATCCCTGGACCTGGTGGACCGCGATGCCCTGCTGGAACGCCCGCTGATCCTGGATTTGGGCAGCGGCCCGCTGACCCTGCCGCTGGCACTGTGGCTGGCCCGGCCAGACCTGCGCTCCCTGCCGCTGACCTTCCTGTGCGCGGACATCGCCCCCCACCCGCTGGAAGTGGGCCGCGAGCTGCTGCAAGTCATCGCGGGAGAGGAATCGCCCCGGGCTCTGCGCACCTTGCGCGCCCCCATGGAGGCGGCCCTGAAGGAGGCGCGCGGCGACGCGGCGCTGATCCTGGCGGGCAACGTGCTGAACGAACTGAAGCCGCGCCGCGACGAGCCGCTGGAATTCCGCATGGAAGACCTGGCTGAAAAGATCGGCTCGGCGCTGTCGCACGGCGGGCGCGTGCTGGTCATCGAACCGGGTACCCGGCTGGGCGCGCGCTATGTCACCCTGTTCCGCCGCGCGGCCATGGAGGTGGGGCTTGCCCCGCTGGCCCCCTGCCCCCACCACGACGAATGCCCCCTGCTGGAGCAGGGCGGAGCGGGCGGCTGGTGCCACTTCACCTTCCCCATCCAGGGCGCGCCCACGTGGCTGGAAGAACTGAGCCGCCGGGCCAAGCTGGAAAAGGGCACGGCCAGCCTGTCCTTCGTGCTGCTGGGCGAGGCGGACAAGGTGACGGCGCCGCGCAACACCATCCGCATCATTTCCGACGCCTTCCCGCTGCCCGGCCGACGCGAACCGGCGCGCTACGCCTGCTCCGAACGGGGGCTGGCCCTGCTGCACGACGCGCGGCATGTGCATTCCGGCACGGCCATCGACATCACCTGGCCGGAAGTGGAACACCGCGACCGCAAGTCCGGCGCGCTGGAACTGGAATGGACCCCTCCCAGCCGGGACAGCAAGACGGCTGGCACAGCGGGTGCTGCGGGCAAGGGTCCCAGAGGCAAGGCAAGCCCGGTTGACCGGGGTGAAAAGCCCGTGCGCGGCAAGGCTGCCGGACGCGCGGCGCAAATACCCGACGACGAGGACGACACGCAGCCAGCATTCCTGATGGAAGGCGCGGCGCGGTGGGATACGCCCGTTGCCGCCGGAGCAGGTACCGAAGGCGATGATTTCGATGCGGACCACGAACTTGAAGGGCACGACCCGTCCGAACCCGACGGCAACCGCGCCGATGGTCCCGACCACGGCGCGACGTACAGCCAGATGTTCGCCAATCAACCACACGGGGGCAGGGCCGCGCAACGGCGCGGAGTCCCGCGCTTTGGTGCGCGGCGTGGCCGCACCCTTGACGGCGGGTACGGCGACGGCTTTGCGGGCGATGCTGGCGCGGGGTATGGCGCCCGCCGCCACGGGGTGCAGTCCGATGATTTCGGCAACCGCGCGGAGTCGGGTGGACGCCGGAGCAACCGCACGGGACGGACTGATCGCACGGAACGCGACGGGGGCACCGGCATGCGCAAGACCGGGCGGGGTGCCGGGCAGCCCGACGGTCAGCGTGCTGACCGGAGAGAACGTCACCCTGACGGTCAGCGCGCTGACCGGAGAGAGCGTCACCCCGACGGGCAGCAGGGCAACCAGCGCGGCCAGTGGGCCAACCGCCGCCCCCGGCATGGCGAAAAGGGCGAACAGACCAATGCAGCGCAGGACCGGAACGCCCCCAACGCCACGGCCCAGCGCGCCCTGAACGCGTGGGACGACGCTGGCGGCGAGGCGCCCTCCGCACGGCGGGGACAGCATCAGGGCCGGGGGCAACGCCCAGCCCATGGCGACCGCGACGGCCAGCAGCGCGCGCAGGGCCGCCCGCAACGTCCCTTCGGCAATGCCCGCCGCCAGCGGCCCGACGGTCCGCAGGAAGGACGGCGCGAAGGCCGGGGCGATCATGACCGGCAGCAGCGCGCCCCGCGGCAGGACGGCAATCAGGAGCGCGGACGGGAACGTCGGCCAGATCAAACGGACAGGATGGAGCGTGGGGACCGGCACGAGCGGAGCGGCGAACGCCACGAACACCGCCCCCAGCGCCACCCCGGCGCCCGTTCCGAGGCCCCGCGTGACCGCAGGCCGGATCACCGGCAGGACCGCCCCGCCGATGCCCGTCCGGACGCTCGACCAGACGCCCCGCGCGATTTCGGGGGCCAGCAACGCCCCGACGAAAGCCGCAAGGGCAAGCCGCGCCGCCACTTCGACCGGGAAGGCAGGCCCGGCGGCCAGCAGGACCGCGATGGCCGCGCCCCGCGCCGCGCCGAAGAACGTCGGCCTGAGGAACGTCGGCCAGACGAACGCCGTCCGACAGACCGTCGGCCCGAAGGACGTGGCCCCGCAACCCGGCGTGATGACGGACAGCAGCGTTCGCCACAGGGCCGTCCGGGCAGCCAGCCCGAACGCGCTGGGCGGGGAGAACGCGGGGAGCGTGGCGGCGACCAGCGCAACGCCCCCCGCAACGACCGCCGCCCCGGCGGGCAGCCCGAACAGCGCACGGACCGCCGCCCAGAGCGCCCGGAACAGCGCAGAGATGACCGGCGGGATGATCGCCGTGCACCGCGTGATGACGACCGTCGCAATGATCGCCGCGATGATCGGCCCGACAACGGCCAGCATCAGACGCGGCGGCGCAGGCCCCGGCGCGACGACTAGCGGGCACGCCCGGGGCAACCGCCCCGCGCCAGCCTCCGCGACGCCGGGACAGGCCCATCGAAAACTCCAGGGCCGGGGACGCCACCGCCCCCGGCCCTTCGCAACCGGAACACCACGCGCATGAACATCATCGACCTGGGCCTCATCCGCTACGCAGAGGCCGACGCCCTGCAACGGGCACGCCTGGAGGAAGTGGCGGCAGGGGCGGAAGAAACCCTGTACCTACTGGAGCACCACCCGGTGATCACCCTTGGCCGCAACGGCGGGGGCGAAAACCTGCACGTGGGCCGCGAATGGCTGGCAACGCAGGGCATAGACCTTGTGCAGTCCTCGCGCGGGGGCAACATCACCTGCCATTTCCCCGGCCAGTTGGTGGCCTACCCGGTGTTCCGGGTGGCCAAGCGACCCGGCGGCCTGCGGCAGATGTTCCACGACCTCGAAGAAGTGGTCATTGCC
CP133659.1_gap44	1962305	1962908	603	TCGTGCTGTCCATCTCCATCATCCTGCACGCGGTGTTGGTGCCGTTGCTGCTGCTGGTATGGACGCCCGACGGCGCGGTGACCAAACACGCCGGGACGGTGCTGTTCAAATTTCTGCTGATGGTCCCCATCAGCGCACTTGCCTACGAGGCCATCCGCTACGCCGCCCGCCTTGGCGACGGCCTGCTGGGTGCGGCGCTGCGCGCCCCCGGCATGCTGCTGCAGATGCTGACCACCCATGAACCCGACCGAGACCAACTCGAGGTCGCCATAGTGGCCCTGCGCGAGGCCACTGGGAGACGCCGCCCCGGCAACGGTGCGCGCGCCCGCCTACCGCCATCAGGCCCCCGCAACGGAGTAACGGATGTTCGCCAAGCTCGAGAACCTGGAACGCCGCTTCGAAGACCTGGAGCAGCAGCTTGCCTCGTCCGAGGTCTTCAACGACCAGGACCGCTACCGCAAGCTCACCAAGGCCCACGCAGACCTCAAGGAAGTGGTGGACGTGTTCCGCCGCTACAAGGAACTGCGCCAGAACCTTGCCGACAACAAGGAACTGCTGAACGACGGGGATCCGGAAATCCGGTCCATGGCGCAGGAAGAAGCC
CP133659.1_gap45	2051555	2054375	2820	GGCGACGCCCCCTCATCGTCCCCGCTTGCTGCTGTCCGTGACCCTGCTCCTGCTGGCCGCACTGGTCATAAGCCTTACTGCGCCCGCAGTGGCCCGTGCCGGGCAGACTACCGGGCTGGCGGGCGGGCAACCTGACCGGCGGATGCCCGGGCCGGTCTCCATCACCGACGATACAGGGCGCAAGGTGCACCTGCCCCACCCCGCCCGGCGCATCGTGGCCCTGTACGGGGCGTTCAACGAACTGCTGGCGGCCATGGACCTGACCGAGCGCATAGCAGCGCGCACCGCCGCCGACGAGGAACCTGCCGCCATCCGCCGGTTGCCGGTCATCGGCACGCACATGCGCCCCAGCCCGGAAATGGTGGCCGCCGTGGCCCCGGACCTGGTGTTGCAGATGGAAGGCCGCCGCGAGGCGGGCGAGGCCGTGGAAGGCCTGCGCGCCTTGGGCATTCCCGTGGCGGTGTTCCGGGTGGGCTCGTTCGATGAACTGTTCGGCGTGCTGCGCCGGGTGGGCACCCTGACCGGCGAGCCGCAACGCGCCGCCGCGCTGGAGGCGGCCCTGCTCGCCCGGCTGGACGCCGTGGCCGCCCGGGTGGCGGATCGCCCCCGGCCCGCCGTATTCTTCGAGGTGCGTCACCCCAACCTGCTGGCCGCCGGGGCCGATTCCATCGTCACCGACATCATCGCCCACGCGGGCGGCCGCAACTGTGTCACCGCCGAAGGCCGGGTGGCCCGCCTGAGTGAGGAAGAATTGCTGCGGCTCGACCCCGCTGTCTATCTGCTGCAACGCGGCCCCATGAACCCGGAGCCGGAGCCACCCGCCACGCGGCCCCACTACGCGACCCTGTCTGCCGTCCGTAATGGCCGCGTGCGTGAAGTGGACGAGGCCCGGTACTCACGCCCCGGCCCCCGCGCCGTGGACGCCGTGGAAGAGCTTGCCCGCTACCTGCACCTCGATGTATGGGGCACCACCCCGGCCACGTCTGCACCCGAGACAGGGCAGGTCGTCCCCGAACAGGCCGCACACGGCCAGACCTCCCCCTGAACCCAATGGTTGTCCTGGCCCGCGGCTGCCCAACCAAACGACGGCGCGATTCCGCGGCTGCTCCCTAACGGACGACCACGCCATAGCCCCAAGAGGTTTTTCATGTCCGCCTGCAACGATACTTCCCGGCCCGCCTGCGGCACCCTGTTCGGCATCGGCGTCGGCCCCGGCGAGCCGGATCTGCTGACCCTGCGCGCCGCCAATGCCCTTTCGCGGGTGCACGTGGTGTTTGCCGCCTCGTCCACGCGCAACGACTACTCGGTGGCGCTGGACATCGCCCGCCCCCACCTGCCCGCCGACGTGCGCATCGAGACGCTGGGCTTTCCCATGACCCGCGACAAGGCCGTTCTGGCCGCCGCGTGGGAAGCCAACGCCCGCGCGGTGGCCGACACCCTGCGCAAGGGCGAGGATGCCGCCTTCCTGACCCTGGGCGATCCGCTGATCTATTCCACCTTCGGCTACCTGCTGCGCACCCTGCGCCGGGTGGCCCCGGACCTGCCCGACGACGCGGTGCAGGTGGTGCCGGGCGTCACCTCGTACCAGGCGGCGGCCGCCCGCACCCGCACCATCCTGTGCGAGGCGGACGAAACCCTGCTGCTGGTGCCCGGCGTGAACGGCACGGACAAGCTGGCCGCCGACGTGGCGGGCGCGGACAACGCGGTGATCCTGAAGGCGTACCGCAAGTTTCCGGAAATCCGCCAGGTGCTTGCCGATCAGGGGTCGGCGGAACAGGCGGTGTTCGTCTCCCGCCTGGGGCTGCCGGGCGAAGTCATCGCCCCCACCCTGGCCGATGCCCCGGACGCGCCGCACTACCTGACCCTGCTGCTGGTGCCCAAGGCCCGTACCGGTGACGATTCCGGCGAGGCATAACCCCTCCCGACTCCCATCCCCTTTCCGACAACGCCGAAGGGCCGCAAAGCCACGGGCGTCCCGGCATTTCTGCCTTCTTTTCTCCTTTCCCGATCGGCTTCCACCGCTATCCCGCCGTGGCCTTGCACGGCGGGGGGCTGTGCGATGGAGACGGAGCGCGAAATAAGATGCTGCGGCCCTGGCAAGGAAGCGGATTGGGGGGCGAAGGGAGTGTACTCACGTACATGACCGAGCCACTCAACCCACTGACGCCGCCAGCGTCGCAGCAGCTGTTTCCGCTCCGGATGCATCGCCATCACTCCCACCCCATCCCTTTTCCATCCCCCCTGCTTTTTCCTTCCATCCCCGCACGCCACAAACACCAACGGGCCGCCCGGCATCGCCGGACGGCCCGTCCCCTTGCATCCATATATATGAGGGCTGCGCGTTCCTAGGGGCTGTTTACAAATTAGGATTTTCGTTCGTTGGCAAGGAAAACAAGCCTGCCATGAGGGAGTATACTCTTACCGTATTCGACCGTCATGGCAGACGAAGTTTGACGCAGCCAACGAGCAAAAGGATAATTTGGATACAGCCCTTACCCCCGCTTCAACTGCTCCACCAACTGCCGCAACTCCTGGCCCATGCGGGCCAACTCGGACACGGCCTGGGACGACTGCTCCATGACCTCCGCCGTCTCCGCCGCGATGCGGTTCACCTCGTCCGTGCCCCGGTTGATTTCCTCGCTGGCCGCGGACTGCTCTTCCGCCGCAGTGGCAATGGCCCGCACCCGGTCGGCGGTTTCCTGCACCACATCCACGATCACCCGCAGGGAATCCCCGGCCATGGTGGCAAGTTCGGTGCTGCGGCCCACGGACATGGACGCCTCTTCCATGCCCCGCACGTTCTCGCGCGACGATCCCCGG
CP133659.1_gap46	2061215	2063740	2525	GGCGGCCCCGGCAACCACCATCAGCGGCAGCAGATGGTCCTCGCGGGGGTGCGCGTCTCGGGCGGCCGGGGCAGCCTGCCAGCGGGCCAGGGCGTGGTCGCGCCGCCTTGGGTCCGCGTCGGTGACCGTGGCCGTGAGCCAGGCGTCGAACACGTCGGAGTCCGGCAGGGGCTGGTTGTCGGCCCGACGGAAGGCCCGCATGTTATGGTAGCTCATGCCGCTGCCAACCAGCAGCACGCCTTCGTCACGCAGGGGGGCCAGGGCGCGGCCCAACGCAATGTGCGCGGCCGGGTCCAGGTCGTGGCGCATGGATATCTGCAACGTGGGAATGGCGGCCCGCGGCCACGGCAGCAGCAACGGCACGAACACCCCGTGGTCGAAGTCGCGCTCCGGGTCCTCGCCCAGGGGAATGCCCGCACCGGCCAGCAGTTGGCGCACGTGCGGAAACAGGTGCGGCGCGGGCGGCGCGGGCCATTGCAGTTCGTAGGTATGCGGCGGAAAACCGTAATAGTCGAACAGCAGCCCCGGATCGGGCGTGGTGGCCAGGGTGAAGTCGCGTTCTTCCCAGTGGGCGGAGATGACCAGCAGGGCGGTCGGCGGTTCCGGCAAGGAGCCGGGCAGCGCGCGCAACCATGCTGCCAGGGCGTTCCAGGTGTCGGGCGGGGTCCAGTCCATGAAAAAGCAGGGGCCGCCACCGTGCGGAATGTAGAAAACGGGCTGTCGGGCCATGGATTCACCTCGTCGCCATCCGACAGGCAGCGCCTGCCCTGAAAATGGCGCCTGAAAAATGCCTCCCCAAAAATGCCAACGGACACGCCACGCCGCACCCAAGGGCGCGGCGCCGTGTCCGTCCAATGCCCCGCGCGTGACGCGCCAGGCAATCCCGAACCGCCGGTGCCGTCTAGATCCTGCGCCCCAGTTCCGCGGTATCCACGCCGTACAGGTGCGAGGCCTGCGGCGCGGATTCCCCGTTATCCTCGTCCACCACCGAATACCCGGTCACATCAAGGGTGAAGTAGCCATCCTCGATCTGGCTGGCAACGCCCGTCACCACCACTTCCAAGCCGTCCAGCTCCAGGTCGGTGACGCCCCGCAGCAGAAAGATGCGGTCGTCCATGGTTTCCAGCAGCGGGCCGTCGTCGGTCACCACCACCACGCCGGTCACCACCACCTCGGGGGTTTCCGGCCCCATGGTCATGCCCGTGGCGCGGGCCGCCGTACCCGCAAGCATCCAGCTTGCCAGCAGCACCAGCACCAGCGCCGTCACCACCGTCCGCAGCCCGCGCCGCGCAGACACCGCCGCGCCGCGCATTCCTTCCTGTATCCGCGCCTTCATGATCCTGCCCTCTTCCTTGCGCACTGTCCTTGCCCCAGCCCTTGCGCATCAGCCTTGCGCCCCGACAATCCGTGCCCGGCACCCCTGTTCGGCAATCCTAGCCCGCCCCGTCCAGCACCGTGAAATCGCGTACCGTGAACAGCAACCGCCCGTCGCGCGCCGCCAGCCAGCCAGAGGCCGTCACCTTGCGGCGGCACAGGTTCAGCAGTTCCGGATGCTCCGCCATGTTGCCCACCACCAACTCGCGCTCGCGGTCATCGGCAATGAGTACCCCGGCAACCTCGAAATCCTTGCCCCAGGCATCCGGCAGCACATACCCGGTGACGGACACCAGCGCATCCGCTTCCCGCCCCTGCGCCGCCTGGGCCGGAACGTCCGCACCGTCCATGGCGTCGGCGGGCCTCCCGGAGCCCTCGGGAAGCCCGCCGCGCGGGTCGGAAGCCAGTTGCCGGGGCGTGGCAGCCACAGAAACCGTGACCTTCGCGCCCTTGTGCGGGTATTGCCGGGAATCCATGCCCGAAGATGAGCATTTTCCGCGCCATAACGGCAAGTTGGCGCTCTTTCTAGATTTTTTGTATATGCACTACTAAAAAGAGAACTATAAATTCTCATATTTGCAGGTTGTGCGATCATCGTGCAGCAGAACATGCCCTAACCTGCCATTTCCCACTGGAAAAACACACACCAACATGTTGTATATAAAAATTATATCCAATAACAAGAACTCAAAGTTCCTTAAAAAGATAAAAGGAACTAAAAATTCTCTTTTTTTTTGCCACAACCCTCCCCCAAAAAACAGCGCGCCGGTGGCGGACGCTCCCCCACCACCGGCGCGCTGCATGCCGAACATCACTGCCCCCCCCTGAAAATCTCCAGGTGGGGCCAAACCGGGTGGCTCTAGGTGCGCAGTTTGTAGTCTTCCTTGCGCAGCCCGTGCCGGGTCATCAGCTTGTGCAGTTGCCGGGTGGTCACCCCGGCCAGCGCGGCGGTGCGCTGCACGCTGCCCCCGCACTGGGCCAGCGCCCGCTCCAGATAGGCCCGCTCGAACACGTCCACCGAGCGGCGGCGCGCCTCGGCCAGGGGCAGGGTGGTGTCCACCGTGGCCAGCCGCCCACCGCCGCCGGGGCCGAAGAACTCCGCCGGAAAGCTGTCCGGCGTGAGCACGGTTCCGCTTTCCAGAATGCAGGCG
CP133659.1_gap47	2070440	2074407	3967	GCATGGTCATGAACAGCCACACCGTCAGCCCCAGCACGCCCAGCGACACGAGAAAGGTCATGAAATGATGGCGGGTGGTGAAGCGCAGGGTGCGCTCGTAGATGTGCAGCAGCCCGTCGAAGAACGCCTCCAGCGCGTTGTAGACGCGCCCGTGGCGCTCGGCGCCGTGCGGCTTCAGGAAGCGGCTGCACAGCATGGGGGTGAGCGTCAGCGAGACCACGCCCGAAAGGCCGATGGCCACCATGATGACCACCGAGAATTCGCGGAACAGCCGCCCCACCACCCCGCCCATGAACAGCACGGGGATGAACACCGCCGCCAGCGAGATGGTCATGGAGATGATGGTGAAGCCGATCTCCTTGGACCCGTCCAGGGCCGCCTGCATGACCGGCTTGCCCATTTCCTTGTGGCGCACGATGTTCTCGAGCATGACGATGGCGTCGTCCACCACGAAGCCCACTGCCAGCGTCAGGGCCATCAGCGACAGGTTGTCCAGGCTGTGCCCGAACACGTACATCAGGGCAAAGGTGCCCACCACCGACATGGGCAGGGCCAGACTGGGAATGACCGTGGCCGACAGGCTGCGCAGGAACAGGAAGATCACCAGCACCACCAGGACCACGGTGAGCACCAGGGTGAACTTCACGTCGTCCACCGATTCGCGGATGGTCTGCGAACGGTCGTACATCACGTTCAGTTGCACGGACGCGGGCAGCTGCCGCTCGAACGAGGGCAGCAGTTCCTTCACCGCGTTGACCACGGCCACGGTGTTGGAGCCGGGCTGGCGCTGCACGGCCAGCACGATGCCGCGCGTGTCGTTGAACCAGGTGAACTGCCTGTCCTGCTCCACGCTGTCGATGACCCGGCCAAGCTCGCCCAGGCGCACCGGCGCGCCATCGCGCCAGGCCACCACCATGGGCCGGTACGAGGCGGCATCGAACAGCTGGCCGCTGGCCTGGATATTGCGCGAGGTATGGTCGCCCTGCAGGGTGCCGGTGGGCAGGTTGACGTTGGAATCGGAAATGGCCTTGGCCACCTCGTCCAGGCCAATGCCGCGCGTGGCCAGGGCGCGCGGGTCCACCTGGGCGCGCACCGCGTACTTCTGCGAACCGTACACCTGCACCTGGGCCACCCCGGCCACCATGGAGATGCGCTGGGCCAGCATGGTGTCGGCGTATTCGTTCACCTGCGACAGGGGCAGCGTGGGCGAGGTGAGCGCAATGTACAGGATGGGCTGGTCGGCGGGGTTGACCTTGCGGAAGTAGGGCGGCGTGGTCATGTCGTCGGGCAGGCGGCGCGCCGCCTGCGAGATGGCCGACTGCACGTCCAGCGCCGCCGCGTCGATGTCGCGGTCGAGGGCGAACTGGATGGTGATGCGGGTGCGCCCGAGGGTGCTCGACGAGGTCATGGAGTCGATGCCCGCGATGGTGGCGAACTGCCGCTCCAGCGGGGTGGCCACGGCGCTGGCCATGGTTTCCGGGTCGGCCCCGGAAAGCTCGGCCGTGACCTGGATGGTGGGAAAGTCCACGTTGGGCAGGTCGCTTACCGGCAGGTTGCGGTAGCCCACCACCCCGAACAGGAACATGGCCAGCATGACCAGACAGGTGGTCACCGGCCTGCGGATGAAGAACGCCGCGATGTTCACTGGCGCGCCTCCGCCGGGGCCGCGCCCTCGGCGCCCGCTTCGCCGGGTTTCGCGGCAGGTTCGCCCGGTTTTTCCGCCTGCCCGCCGGAAGCCGCCCCGGCAGAGGCCCTTTCCTCCACCACGGCGCCGGGGGTCAGGCGCAGGTGGCCGTCGATGACCACCCGCTCGCCCGCGGCCACGCCCTCCTCGATCACCACATGGCCGTCATGGGCAAGGCCGGTGCGCACCTTGCGCAACTGCACGGTGTTGTCCTGGGCCACCACGTAGGCGAACAGCCCCTGGCTGCCGGTCTGCACCGCCTGCGCGGGCACCACCACGGCGCCGGGCACCTCGCCCAGTTCCACGTACACGTCCACGAACTGGCCGGGCCACAGCACGCGCGCCTCGTTGGCAAAGGTGCCGCGCATGCGGATGGTGCCGGTTGCGGTGTTCACCGTGTTGTCCACGAAGCTCACCGTGCCGCGCGCCGACACCCCTCCCACGCCGTTGGCGGAACCGGGCACCCGCGCCTGCACCGGAACGCCCCCGGCGGCCATGCGGGCGCGGGCGGTGGCCAGGTGCATTTCCGGCAGGGCAAAGCCCACGTAGATGGGCTCTATCTGGTCGATGACCACCAGCACCGTATCCGCCCCGGCACGCACCATGTTGCCCTGATCCACCTTGACCTGCCCGGCGCGGCCCGACATGGGCGCGGTGATGGTGGTGTACGAAAGCTGCACCCTTGCCGTCTCCACCGAGGCCTCGTCGGCACGCACGGTGGCGCGCAGCGAATCGGCGGAGGAGCGGTACTGCTCGTACTGGTCGCGGCTGACGTAGCCGTCTGCCACCAGCTTTTCGAAGCGGCGCACGTCCTCGTCGGCCTTGGCCAGCAGCACGCGGTCGCGTTGCAGCACGGCCTGGGCCTCGCTCAGCGCCGCCTCCAGCGCGCGTCGGTCCACCGAAAACAGCAGGTCGCCCTTGCGCACATCCTGCCCTTCCTTGAAATGCACCCCCACGACCTGGCCGTCCACGCGCGACTTCACGGACACCGTGGCGTACGGCTCCACGTTGCCCACGGTGCGCACCACCACTGGCAGATCGCGCTTTTCGGCAAGGGCAGTGGCCACGGGCACGGGCCGCTTCTGGGGTTTGGCCTTGGCGGCGTCGTCGCCGCCGGAACACCCGGCCAGCATCGCCAGCAGGACGGCCAGGACGGCCATGGTCGACAGGATGGGCAGGATGGGCAGGCCGGGCAGGAGGGACGCCGCCCACCGGACTGGCGCAACTGGCGCAACTGGCGCAACGGAAGAAGGGCCGACGAAGGACGGGGCGGCGGGGCAGGGCCGGAAATGGGGCCTGGATTGGGCGTCGATGTTCATGCGGTGTTCCGTTGGCGGCTGGGAGTGGGGGGAATGGATGCGGTGTTCGGCGTGGCGCTGCCAGTTCTGCCGGGGCTGCCGGGGCTGCCGGTAGCGCCCGGGTTCTCTGGGCTGGCCGGATTCTCTGGAGTGGCCGGGCACTGGGGGCATTCACGCGGGGCGGAGCGTGCGGCGCGCAGCCGCTCGCGCAGGGCGGCGATGCCCGCCAGCGAAAAGGCGGTGATGTGTTCCTCCAGTTCGTCAAGGCTGGCGGCATCGTACGAAATTTCCGGGTACAGCAGCGGAATGATGTTCCGCGCGAAATGGTGGTGCAGGCTCTGCCCCACCACGCTCAGCGCGCACAAGGCCACGGTGCGGGTGCGGTCCGGCTCGTCCAGCAGTTCGCGCACCGTTTCGGCCAGGTAGCCCGCGCGCGTGCCGATGACCTTGCCCACGATGTCGCCGATGACCCCGGTGGGGTCGGTCATCTCGCGGATGAGCAGGCGGTTGTACCATTCCGGGCGGCGCGAACCGCGCGTGCGGTGCAGCTGCGAACGGATGAACGCGCGCAGGCGCACTTCCGGCTCGGCAGGCCCGGCAGTATCGCAGGGAACCTCGCCGGGTACCCGGACGGACAGGCCGGACGGGGGCAGCGACGGCTCCGGAAAGGATTGCAGCAGTACCGCGCGGTACAGGCCCTGCTTGTCGCCGAAATGGTACTTCACCAGGGCCACGTTGACGCCAGCGCGACGGCATATTTCGCGCAGTGACGCACGGTGAAAGCCCAGTTCCGCAAAGGTCTCTCCCGCGGCGGCCATGATGCGCACCCGGCTGTCCGGCATCTGGTCGCCCTGATTCCCGGCGGCGGCAAGTGGGGCGGTGGCCATGGCACCGGCTGGCTCGGCACAAACCGGCCCGCTCTGGAGAGGGGTCTGTACCGGGGCCTGTGTCGGCACCTTGTCCAACGCCCGTTCCTGCGCAGGCA
CP133659.1_gap48	2077594	2081498	3904	GCTGCAAATGCTGGCCTACGAGCCGCTGATCATCGTGGTGTTCGTGGGCATTTCCATGGCCACCGGCAGCTTCAAGATCGCCGACGTGTACGCCATGGACAAGCCGCTGCTGCTCAGCATGCCCTTCCTGTTCATTGCGCTGGGCTACGCGCTGACCATCAAGCTGCGCAAGTCGCCCTTCGACATCTCGGCCTGCCATCACGCCCACCAGGAACTGGTGCGCGGCGTGCTGACCGAATACTCCGGCCCGCACCTGGCGCTGCTGGAAATCGGCCACTGGTTCGACGTGGTGCTCATCCTGGGTCTGTGCTCGCTGTTCTGGCACACCAGCATCGTGGGCATGCTCGCCCTGCTGGTGGTGACCTACGCGGCGGAAATCCTGATCGACAACATCTGCGCGCGCATGACCTGGCCGTGGATGCTCAAGAACGTACTGGGCGTGGGTCTTGTGCTGTCGGTGTTCAACCTGCTCTGGCTCTACGTCAGCTAAGGGGAGGAGGCGATAATGGGTCTGCTTGAAAACTGGATCAATAAAGGCCGTCTGAAGTCCCCGTGGGTCGTCCATTTCGACTGCGGGTCGTGCAACGGCTGCGATATCGAGGTGCTGGCCTGCCTTACCCCCGTCTTCGACGTGGAGCGTTTCGGCATCATCAACGTGGGCAACCCCAAGCATGCCGACGTGCTGCTGGTTACCGGCACGGTGAACCACCGCAACAAGAAAGTGCTGAAGAACATCTACGACCAGATGCCCGACCCCAAGGCCGTCATCGCCATCGGCGCGTGCGGCACCTCGGGCGGGGTGTTCCGCGAGTGCTACAACGTGGTGGGCGGCGTTGACCAGGTCATCCCGGTTGACGTGTACGTACCCGGCTGCCCGGCCAAGCCCGACGCCATCATCGACGGCGTCGTCACCGCCCTTGACGTGGTGAAGGCCAAGCTTGGCCTTGGCGAAATGCCCAAGGTGACCGTGATCGACTAGGCCGCACGGCGGGGTGCCCCGCCGATGTCCGCGCCGTTTCGCCGCATGTTCGCGGACGAAACGGGCGCGAACCCTCAAGCGCCGGAACGACCGGCGAGCCCCGGCACGGGGCAACGAGGACAACAATGCCCACGCACAGCGAGATACTGAACGCAACACCCATCGCCGCGGATGCCGTGGTCGCGCAGGCCAAGAGCATGTTCGACCAGGGCTACCGCCTGGTCACCATGTCCGTGGTGGACCTGGGCGACGGCAATGTGGATATCTTCTACCACTACGACCTGAACAACGAGATGACCCACTTCCGGCTGACCCATCCCAAGGACAAGCCGGTTCCCAGCATCTCGCCCGTCTACTTCGCCGCGCTGCTGGTCGAGAATGAATCGCGCGACCACTTCAACCTGCAGTTCGACGGTCTGGTGCTGGACTTCAACCGCACCCTGTACCTGGACGAGGAAATCACCTCGACCATCTCGGCGCCGTTCTGCAAGATCTCCACCATCCAGAAAAAGGATTAAGAGGTAGGTCTCATGTCCCGCACCATCATTCCTTTCGGTCCGCAGCATCCGGTCCTGCCGGAACCCCTGCACCTGAAACTGGTCGTCGAGGACGAGACCGTCGTTGAAGCCGTGCCCGCGCTGGGCTACGTGCATCGCGGCCTCGAAACCCTCGCCAGCATTCGCGACTACAACCAGATGGTCTACATCGTGGAGCGGGTGTGCGGCATCTGCTCGTGCATCCACGCCATGTGCTACTGCCAGGGCCTTGAAACCATGATGAACGTGGAAGTGCCGAGCCGCGCCAAGTACCTGCGGGTGATCTGGTCGGAACTGCATCGTATCCACAGCCACCTCCTGTGGCTGGGCCTGTTCGCCGACGGCTTCGGCTTCGAAAGCCTGTTCATGCAGTTCTGGAAGATCCGCGAACGCGTCATGGACATCAACGAAGCCACGGCGGGCAACCGCGTGGTCATCTCGGTCAACGTGGTGGGCGGCGTGCGCCGCGACCTGGACAAAACCCAGCAGCGCTGGATCCTGGAAGAGCTGGACAAGCTGGAGAAGGAACTGCGCCAGCTGATGAAGACCATGCTCGACGACTACACCGTAAAGAAGCGCACCGTGGGCGTTGGCGTGCTGACGGCCGAACAGGCCATTCAGCTCGGCGCTGTCGGCCCCACCCTGCGCGGCAGCGGCGTTGCCCAGGACGCCCGCCAGCTTGGCTATGCGGCCTTCGACGAACTGGACTTCGAGCCCGTCACCTCGCCCGAGGGCGACAGCTGGGCCCGTTCCAAGGTCCGGTTCATGGAAACGCTGCAATCCATGGATATCGTGCGTCAGGCCATTTCGCGCCTGCCCGATACGGAACTGGCCGCCAAGGTTCCCGGCAAGCCCACCGGCGAGGTGGTCTGCCGTGTGGAACAGCCGCGCGGCGAGTTGCTGTACTACCTGAAGGGCAATGGTTCGAAGAACATGGAGCGGGTACGCATCCGCACCCCCACCTTCGCCAACATCCCGCCGCTTCTGGCCATGCTGCCCGGCGCGCAGCTTGCCGACGTGCCCATCGCGGCCCTGACCATCGACCCGTGCATCAGCTGCACCGAGCGGTAAGCAAGGAGACCAGACCATGTACATGCTCAGCAACGTGCTGCGGAACATCATGGGGAAATACTCCACCCGGCTCTACCCGTTCGAAACGCGGCCGGCGTTCGAGGGTTTCCGCGGCAAACTCGTAAACAACATCCACGACTGCATCTTCTGCAAGAGCTGCCAGATCAAGTGCCCTTCGCAGTGCATCACCGTGGATCCCAAGGAAGGCAAGTGGGACTGCGATCCCTTTGCCTGCGTGTACTGCTCGGTGTGCGTCGATGCATGCCCCACGCACTGCCTGTCGATGGAAAACCAGCACCGCAAGCCCGCGCCCAGCAAGTTCGTGGTGAGCTTGCAGGGCACGCCCAGAAAGTCCAAGAAGGCCGACAAGAGCGCCGAAAAGCCTGCCGAGGCAGCCGCTCCCGAAGCCTAGCCGAATACCCCGCGCGTCCGGCACGGCGAATGCCGGTCGCGCGGCTGCCTTGAGAGCTGACCGGGAAGCGGGGAGAAACGACCCGGAACAGAAGGGGCGCGGTGAAAACCGCGCCCCGCTCTGTTTCGAAGTGTGGAGAGATCAAGAAGGGGTGCGGCCAAACCGCGCCCGCTCTGTTCCGAAATGCGGAAAGAGCAAGAAGGGACGCGGCCAAACCGCGCCCCGCTCTGTTTTGGCAACATGAAACACGGCAAGGGGCGCGATGCATACCGCGCCCCTTGTTTCGTCTCTTGCCGTGGCCTGCGCCCTTGCGGCGCGGGCTACCCTGCTTCGCTGCCGTCCGCCTTGCCTCGCAGGGCCTTGCCGTCGTGCCACGCCCTGCCCACCACGTCGCCCATGGACCAGTAGCGGTTGTCCGGCATGGTCAGCAGTATGGGCCGCAGCAGCCTGGGATCGGGAGCGCCGGCACCGTCCAGACAGTCCTCGGCGCACCAGGCCCCGACTATCTCGCCGATGAAAAAGGTGTTGCTGGGCAGTTCCACGGCGGTATGCACCCGACACTCGATGCCCAGCGGGCATTCCCGTATCAGCGGTGCCGCGTCCAGATGACCGTGGAACACCTCGAACAGGCCGGACTTGTCCACGCGGGCGCCGGAGGCCAGGCCCGTGTAGTCCGTCACCGCCGTCATGTCCACGGTGGGGAAGTTCACGCTGAACTGCCCGCTGGCGGCGATGGCGCCATGGCTGAAATTGCGCCGGTTGATGGCCACGCCCAGCATGGGCGGCTGGTAGTTGACCCGGGTCAGCCAGGCCACCGCCATGAAGTTGGGCCTGCCGTCGGCCATGCAGCCCACGATGGTCTGGGCCATGGGCACCACGAAGGCCTGGGGGGCGATGTCCACCCGG
CP133659.1_gap49	2089105	2090485	1380	CCGACGACGGCGACGACCCGGACACCCTGGTGCGCAACGCCGACATCGCCATGTCGCGCGCCAAGGAACAGGGCAAGCGCCGCTATCACCTGTTCACCCCGGCCATGAACGAGCGCGCCATGCGCCGCCTGCTGCTGGAAGGCGACCTGCACCGCGCCCTGGCCGCCGGAGACATCACCGCCCACTACCAGCCGCGCGTGGACCTGAACACCGGCCTGATCACCGGCATGGAAGCCCTGGCCCGCTGGACCCGGGCCGACGGCACCCAGGAACATCCGGCGGAGTTCATACCCTCGGCCGAAGCCACGGGCCTCATCGTGCCCCTGGGCGAGCACATGCTGCGCCTGGCCTGCGCCCGGACCCGCGCCCTGCTCGACGCCGGGCACGCCGACCTGCACGTGGCCGTCAACCTTTCCGTTCACCAGTTCCGCCATCCCAACCTTGTGGGCATGGTGGCCGACGTGCTGGCCGCCACCGGCCTGCCGCCGTCCCTGCTGGAACTGGAGATCACCGAATCCACCATCGTCACCGACACGGACCACACCATCCGCAAGCTGAACCAACTGGCCGAAATGGGCATTGCCCTTTCGGTGGACGATTTCGGCACCGGGTATTCGTCGCTGTATCAGCTCAAGAACCTGCCGCTGACCTCGCTGAAGATCGACCGTTCGTTCATCAGCGACATCCCCGACGATCCCAACGACGCGGCCATCGCCGCCACCATCATCACCATGGCCGATCGGCTGGGGCTGCGCGTGGTGGCCGAAGGGGTGGAAACGCCGGAGCAGCTCAACTTCCTGCTGCTGGAAGGCTGCCACGAGGTACAGGGGTTCCTGTTCAGCCGCCCCCTGCCCCCGGACGACTTCACCGCGCTGCTGGCACGGGGCAGACGGCTGACCGTTCCCCGCGACGAGGGCGGCGGCATCTGACCGGGGGGCCGGGACGGTGCGTCCGGCCAGCAATGATCGGCGAAGCCATGCACTGTACGCGGGGTGTCATTCCCCGAAATCACGAGCGGTTAACCCCGGCGGATATTCTCCGCTCGTACCCATTCCCACCGCGCATCCGCAACAAACGCCCCGGCCCGGAAACATCCGGAAGCCGGGGCGCTTTCGTGTGCGGCGCATGCGGGTTCGGCCAGTAGCGACCAAGTGCGGCCAGCCCCTGCGGCATGCGGAAAAACGAGCCGGACCGCGCACGGGGAAAGAGGGCGGGAAAAAGGGACGAACTGCCGCCCGCCATCCGCAGCCAGCCCTACAGCGCCGACTTCTCCGCCGCGATGATGTCCAGATACGGCCACAGCCACAGCAGGCGGCGCAGCCGCACCACTACGCTGCCAGCGGTACGCTCTGGCCGCAAGTCCGGATCGGACCAGATGGT
CP133659.1_gap50	2141693	2145016	3323	GCCGTTTCACGCCCCTGGATCACCGGCTTGTCGTCGATGGCGCAGGAGCAGATGGCGGTCACCTCGCTCATGCGGCGCATGAACAGCAGCGACGCCAGCATCACCCCCACGTACACCGCCACGGTCAGGTCGATGACCACGGTGAGCACGAAGGTCAGGCACATCACCGTTATGTCGGACTTGGGCGCGCGTAAGAGGCGCAGGAACTTGTGCAGTTCGCTCATGTCCCACGAAACCATGATCAGCACGGCGGCCAGGCTGGCCAGCGGAATGAACGAGGCCAGCGGCGCAAGGAACAGCACGAAGGCCACCAGTACCGCCGCGTGCACCATGCCCGCCACCGGGGTCTGCCCGCCGGACCGAATGTTGGTGACCGTGCGCGCGATGGCCCCGGTGGCCGGAATGCCCCCGAACAGCACCGAGGCGATGTTGGCCGCGCCCTGCGCGGTCAGCTCGACGTTGGAGTTGTGCTTGTCGCCGGTCATGCCGTCGGCCACCACGCACGAGAGCAGCGATTCGATGCCCGCCAGCAGGGCGATGGTCATGGCGTCGGGCAACAGTTCGCGCACCCGGGCAAAGGTGAACGTGGGCCAGACGAAGCTGGGCAGTTCACGCGGGATGCCGCCGAAACGGCTGCCTATGGTTTCCACCTGCAACCCCAGCGCCCACACGGCAAGGGAGGCCACGGCCACCCCCACCACGGGCGCGGGAACGCGCGGGATGAACCGCCGCGTGGCCAGAATGCACGCCAAGGCCAGCCCGGCCACGCACAGCGTGGGCGTGTTGATGGTGCCCAGGTGCTCGGCATAGGCCATCCACTTGTCGAAGAATTCCGGCGGCACCGCATCCATCTGCAAGCCGAAGAAGTCCTTCATCTGCGACGAGAAGATCAAGACGGCGATGCCCGCCGTGAACCCGGTGGTGACCGGATAGGGAATGTACTTGATCAGCACGCCGATGCGGCACAGGCCGAAGATGAGCAGCATGGCCCCGGCCAGCAGGGTGGTGATGACCAGGCCGTCATACCCGTGCCGGTAGATGACATTGTAGATGATGACCACGAAGGCGCCAGTGGGCCCGCCGATCTGGTAGCGACTGCCGCCCAGCAGCGAAATGAGAAATCCGGCCACGATGGCGGTGAACAGCCCGCGTTCGGGCGTGGTGCCCGAGGCAATGGCGAAGGCCATGGCCAACGGCAGGGCCACCACGCCAACGGTAAGGCCCGCCAGCAGGTCGCGAATGAATTTCTGCGTCGAATACCCGGCGCGCAGTTCCGTGATGGTGCGCGGCAGAAAGGATGTCGCCTCGTCGCCCATGTTGTCTGTACCAGCCATTGCCGCTCCCTTGCTTGCGCGCGCCGGGGTGGTGCATGCGCCCCAGGCACCGGTGGCGCCGTCGTTCACGAACCGGATGCGGCAGCCCACCGCGTCCGGCCCCAATCAAGAGTGCGCCACGCCCCGATTGACGCGCGTACTCACTCGCAAAAATTGCCTACGTTCCGCCGGACATGCCGCACGATGCCTTGTCCCGACGGGACCGCAGGTCAGCGGGGGTGCGCGCCGCGAACTGCGGCGACGCTGCTGTTTTCAGCAGTAAGTAAAACACGCACCCCAAAGCCCGGTCCATTACGCCCGGTGCGCGGCATTGGCAAGTGGACAGTTATAATTTACTATTTCAGTATGTTAAAGCGTATTATACAAGACATCGGGCCCGCATGTTGCACATCTTCGCCCTCTTGGCGGCACGGGGAAGACCCCGGTGTCTGGCAACCGGCATCACACGAGTGGCCGGGGTTGCCGCCGGTCGGGACGCACATGGCGAAGATATCCGAAAACACGGATGCCCGAGTGCGCGAAAAACCGAGGCGCACGCAATCTGGCGGCGTGCGGCCCCCCTCCCCTACATGTCCACCACGCGGACCGGAAACAGAAGAACCGACCACAGGCCATCGGCCCATGCTCGGTTCCTTTGAAAATACAGAAGGGATGCGTACGGGCGCGTCAGCCACACCGCCCGATGCATGACCGACGCCCACCCGATGGAGGGCAGCCTTCCGAAAGGTGGGAAGCGGGGCAGGCGGCCCGGGCGGCGCAGCCCACGTGGCTACAGCGGCCGCACCGCCACGCAGATACCCACGTCCCACGGGCCTTCCGGAGGGCAGCCCAGCATGTCGTGGTACAGTTCGTAGCCGGGGCGGTCATCGCACTGCCAGCCGCTGGCGGGCAGCCACTGGGTGTACATGTCGTTCCAGGCCCGGAAGAATCCGTCGCAGGGAATCATGCTGCGATATTCCGCGTACAGTCCGCCGGGCAGGGTCTGCACGCTGATGCCCGCCTCGGCCAGTTCCAGCGCGTCCACCTCCGGCCCGATGGCGATGCAGGCGTCATAGCGGCAGTTTTCCGGCGGGGTCACTTCCGGGTTGTCCCAACTCACGCCAAATCCCGGCACGCCGGGCCGCATCAGGCCGCGCTGCCCGACCCAGGCCATCAGGCGGCCCCACACCGGGCCAATGGTTTCGCTGGCATAAGGGCCAATGTGCCGTAGGTACGCCACGCGATAGGCGGGCTTTTCCGAAACTTCCACGTTCATGGCGTCGCTCCTTGCGCTGTCCGGGTCCAGCCGGACATGTGGCGGACCGTCCGGAAACCACGGCATGTCCCCGTGCGGGGGCACCGCGCCGGACAGTGCCTGGGTACTGGATGATTCCGAATGCTGCGCCACGGTACCGGTCGCCCCATCGCGCCCGGCTGCCTCGTTGTACAGGGACGATTCGTACACCGTGCCGCCGGGCGGGGCGTTTCGCGCCTTGCCATTCCCGGCGTGCGCGCGAAAGGGATCGGCCAGCAGGCAGTGCGCCCCTTCCCGGTCCGCGCCGGTCTGGTAATGGCGGCGGCGCCGGTATTCGCTGGGCGTCATGTCGAACCGTTCGCGAAAGGCGCGGGCGAAGTTCTGCGACGAGGAAAACCCGCAGTACATGGCCACGTCGGTCACGCTCAAGGCGGGGGCAAAGGCCAGCATGTTGGCCGCGCGGTCCATGCGCAGGCGGCGGATGAACGCATGCAGCGTTTCGCCCACTAGCCCGGCAAAGATGCGGTGGAAATGAAAGGGCGAAAAGGGCGCGGCCCCGGCCAGTTCATCCAGGGTGAAGTCGCGCGCAGGGTCCGCCACGATGTAGTCGATGACCCGGTTGATGCGCGCCTCGTAGCGGCGCAGGGTGTCTTCGCGCAGGGGCAGACACTCCGGGCGGGGCTGGCCGAAGGCCGTTTCCGCGCCGGAAGGGGTGTAGTCCGTGAAGACGCCCGTGGACGGCGGCGCGGATGCGC
CP133659.1_gap51	2242698	2247064	4366	CGCCCGCATCGCGCATCTGGTCGGAAGCGCCGGGGCAGCCGCCACAGGGCGAGGCCAGCCGCGACGCGGCACGGCGCAGCACGGGCCGACCAGAGTGATGGAGGGGGCGGCGCGGGGAACGGACAGGAGTACTCATGCTGCGGTGCTAGCATGCGGTGGACGCCGAAGCAACAGCGGCTCCGCAACGTTGCTGCGTCTTCGGGCACGGCGGGCGGCAAAAGTCGGAAAAGGGTCGGTACCCTCTACAACTCCGCGCGCTCCAGCAGGCGCAACGGATGCAGCACCACCACCTCGCGGCGGGTCACGCGCACCAGCCCCTCGTCCTGCATCTCGCGCAGAAAGTCGCTGACGGTCTGCTGACACGATCCGGTCATGGCGGCCATCTGCTCCTGGGTCAGGCGCACGGGAATCACGGCGGGCTCGTGCCATGCCGCCTCGTCGCCCAGCACCTCGTAGGCCATGTACACCAGCAGCTTGGCCAGCCGGGTGCCCACGTCGCAGGTCATCAGGTTGCCCACCTGCTCGCCCAGGTAGCGCACCCGCCCCCCCAGCGTGGCAATGACCTTGCGCGCCGCGCCGAAGTTGTCGGACAGGAACTTCTCGAACTCGTCCCGCCCCGCCTCGCGCAGCACACAGGGGGTAAGGGCCCGGGCATTGGCCTTGCGCGGCACTGAATCCAGCACCTCGGCCAGCCCGAACATCTCGCCCCGCCTGCGCAGAAAGAAGATGGGCTCCTTGCCCGACGGCGCGATGCGAAAGATGCGCACGATGCCTTGCTCCACGTAGAAGCACGAATCGCCGGAGTCCTCCTCGAAGAACACCATGTCGTTCTTCGCAAAGTCCCTCCGGCGCGACAACGCCAGAAACGCCGCCCGCTCGTCCGGCAGGTCGGCGAAAAAATCCTCGGTCCAGAGATGCCAGTTGCGTTCCATGGGCCCCCCCTGTCGGAGAGCGTAGTGCTCCTGCGGCATATTGCAAGGGGGCAAAGGCGGTATCGGACACCGGATGTCCGTGCCGCCCCCGCCCCCCGGAGTGTGATTACGCGTCCTTGTCGGTCCGCATGGCCGGGGCCATGGCCAGACGGTTGCGGTACTTGTACGTGGTTTCCACGCCGTGGATGTCCACGCACTTCCAAGTGATGTGGTCCTTGCCCATGATGGGCCGCAGGGACGCCTTGTGGTACCCCAACTGGTAGGGAATGCGCGTCTCAATGGCGGCGCGGGGACAGGCCTTGGTGCAGGACATGCAGTCCCAGCAGTCGCGCGTGCAGCGGCAGCGGGCCTTGCCCGTGGCTGCGTCCACCACCATCAGGTTGCCGGGGCAGGCTTCTTCGCAGCGCGATTCGGGCAGCCCTTGGCAACCGTTGCATTTTTCGGTCAGTATTCTCGGCGGCATGTGTTCCTCCGTCCGGATGAAATGCGGTTAAGCCTTGAACCGGTCGCCGGGGACCAGCTGTTCGTAGGGCCGGGTGAAGGCGGTCACCTCGCCGGTGGCCGGGTCGCGCCGGGTTTCCACGAAGCAGTCGAAGTTGGCGTCGTCGCGGCCGGGGTAGTCGCTGCGGGTCTGCCACCCGGCCCAGCGGGTTTCGCGGCGGGCCTTCAGGTGGTGCACCACGGCCTCGGCCACGTCCACGCGGTCCATGGTCTCGTTGGCCTGCATCAGGTCGTGCAGGTCGGCGGCCTTCAGGTAGGCGAACTGCGATTGCAGCATCTTGATGTGGCGCAGGGCGTAGTCCAGGCGTTCCTCGTTGGTGCGGTAGAACTGCGAACTTCCGCCCGCGTACTCGTCCATCAGGCGCTGGAGGCGTTCCTTCATTTCGGTGGGGGTCACGCCGTCGTAGTCCTTGCCGCGCAACAGCGGGGCGAACACGCGGGCCTTTTCCGACTCCACCTGCGCGCTGACGGCGGATTCGTCGGGCGTTTCAAGGCCCGCCGCCATGTAGGCAATGGCGCCGCGCGCGGCCAGCTTGCCTTCCGCCGCGCAGCCGCCCACGAACTTGTTGGGGTTGCCGCCCGCCGTCTCGCCCGCCGCGAACAGGCCGGGCACGGTGGTCATGCGCTGCATGTCCACCCAGAAGCCGCCCATGGTGTGGCCGCCCATGATGTACGGGTCGGACCCGTAGATCTCGATGGGTTCCTTGGTCACGTCCTGCCCCCGGCTGGCCAGGAACAGCACAAACGACGGACGCTCGTTGAGGTAGTCGGTCATCATGGCCTGCACCAGCTCGGGGGCCATGTTGCGGGTGTCGCAGTAGCAGGGGCCGCGCCCGGCCAGCCACTCTTCCATGGGGGCGTTGGCCCGGATGAAGCGCGGGGCCGCGTCGCCGCCGAGGTGGGCGTAGCGGCTCATGACCCGCTCGTCCTTGCAGTTGATGATGGGCGCCTTGTAGCCCACCGAAATGGTGTCCACGGGGCCGCAGAAGTCCTTGGTGCGGGTGGCCACCCAGCGCTGCTCCAGCGACGACAGCTCCGCGCCCTGGCGGAAGCCCATGGCGTAGCCGGAACCCACGCAGTAGGGGCACATCCAGATCTGCGCGCCGCTGTCGGTGGAATCGGCGGTGTACGACTTGTACAGGGTGCCCGCGCCGCCGGTGGAAACCACCACGGACTTGGCGCGGAACACGTAGAACGCACCGTCGCGCACGCCAAGGCCCGTGGCCCCCACGCAGCGGTCGCCGTCCATGAGCAGGCCGGTGCCCACCACGCGGTTGTACACTTCGGCCCCGGCCTCGATGGCCTTTTCGGCCATGATGGGCTTCAGCTGTTCACCGTGGATGGAGATGTCCCACTTGCCGCGGTAACGGATCTTGCCGTTCTCGTCGCGCAGGATGGGCAGGCCCCAACGCTCCAGGTCGTCGATGGCCTCGTTGAGTTCCTCGGCGTTGCTGAGGGCCAGGTCTTCGCGCAGGGGGCCTCCGCCCACCTGGGCGCGGCTCCAGCGCACCAGGTCTTCGGGGGTCTTGCCTTCGGGGATGTAGGTGTTCAGGGCGTCCATGCCCGCCGAACACGCGCCGGAACGCATGATCTCGGCCTTTTCCATGATCACCACGCGCAGCGACGGATCAAGCCGCTTGGCCTCGGTGGCCACGAAACACCCGGCGTTGCCGCCGCCGATGATCAACAGGTCGCACTCCACCGTTTCCGTGCGCACCTCCGCAAGGCTGCGCGGCGCGATGTCCACGGCCCTGCTGGCCTTTCTGTTCGCCATGTCGTTTCTCCCGACGTTGATTGGATACGTTACGGATGCGCCGCAGGGGCCACCGCATCGCCATGCTATTTTCCTGGACACCCCGTGCGACCACTAATTGCTGCGGCGCAGGGATTCATGAATCTTCTCTGCTTTGAAGCCCCGCGCCACCCTGCGGCGCAGGGGTTTTGTCCGCTGGCAAGGCGAGCAAGCCTGCCATGAGGGTGCATACTTTTGTCGTATTCACCCGAAATGGCAGGCGCAGCTCAACGCCGCCAGCGGGCAAAAGACCAAGCCGCAGCCACACTAGGCGCTGCCAAGGCCGAGCTTAATGCCCATGTACTGCAACCCCACGAAGATCAGCAGGATGCCGAACAAGAGGCGCAGGTAGCGGGTGTCCACCACGCAGCCCAGACGACGCCCGAAGTTGGCCCCGCAATAGCCGCCCATCATGGCGAACACGGCCAACTGGTAGATGACGGTGTCGGCCACGCCGCGCACGATGAACTGCGAGCCGATGTTGGCCACCTTGACGAAGTTGCCGGTGCCCACGGCCACCATCATGGGCAGGCCAAAGGCCGCGTGCAGCATGGGGGTGAACAGGAAGCCGCCGCCCACGCCGATGATGCCGGTGACGGCGGCGATGAAGAAGTTGCCGAAGGCCGGGAACAGGATGTTGGTGCGGTAGGGCACGCCGCCCCATTCACCACCCGCGTACAGCAGGCCCTGCTTTTCGGTGGCCACAAATCCGCCGCTCTTGGCCGGGGCGGGGCGAATGCCGCGCCACAGCATCCAGAACGCCGCGCCGAACACCAGCACGGAGAAGTACATCTTCAGCTGTTCCGGGGTCATGCCCAGCGAAAGGTACGCACCCGCGCCCGCGCCCAGAAAGCCGGTGGCCATCATGGGGAAGGCGATCTTCATGTTGGGGGTCTTCTTGGACAGGTGCACCATGGCCGCCATCAGGCCGATGACGGCAGAGGCAAGGCTGTTGGTGCCCAGGGCCACCTTGACCGGCAGACCCAGCCACAGGGTGTAGAGGGGCACGGAAAACAGGCTGATGAACGCCCCCACCATGCCGCCCAGGAACCCGGCCACCATGCCCACGCCGATGCCCAGCACCGGCACTACGTTGACGGTGCCCCAGTTGGGGTGGCTCCAGGCCACGGACCACGAGGGC
CP133659.1_gap52	2251747	2253661	1914	CCGTGCCCGATACCACGGAAATTTCCGAGAACGGCTGCACCTTCACCGTGCCGCTCACCGCCGGGCAGAAGACCGGGTGGTTCTACGACCAGCGCGACAACCGCGCCTTTGCCGCCCGCTTCGCCAAGGGGCAGGACGTGCTGGACGTGTTCTGCTACGTGGGCAGCTTTGGCGCCACGGCGGCGCGCGCGGGCGCGGCCTCGGTAACGCTGGTGGATGCGTCCCTGCCTGCCGTCGAACTGGCGGTGGAAAACGTGAAGGCCAATGGACGCGCGTATGGGCCGGGCGGTGTGGACGATGCCGACGGACTGGAGGGCGACGCCTTCGAGGCCATGGCGGAACTGCGGCGCGAGGGCCGCAAGTTCGGCCTGGTCTGCCTGGACCCGCCCGCGTTCATCAAGCGCAGGAAGGACGCCAAGCAGGGCCTGACGGCCTACCAGCGGGCCAACGAACTGGCACTCGACCTGGTGGCCGATGGGGGTGTATTCGTCACCTGTTCCTGCTCGCAACACCTCGACAGGGAAGAATTGCGCCGCGTGCTTACCCATGCTGCGGCAAAACGGAAGATGCAGGCCCAGATCATCGCACAGGGGCATCAGGGCGCGGACCATCCGGTACACCCGGCCATGGCCGAGACCGACTACCTGAAATCCTTCACCGCGCGGATATTCCGCGCCTGAACCGGAGACATTGCGGCATGCTCGACAAGCCCCGCCTGCTCACCCCCGGCCCCACGCCCACGCCCGAACGGGTGCGGCTGGCCATGGCCCATGACATGATCCACCACCGCAAGCCCGCCTTCAAGGCCATCATGGCGGCGGTGCAGCCCAAGCTGCGCGAACTGTTCGGCACGGCCCAGCCAGTGCTGCCCATGGCCTGTTCCGGCTCGGGCGTCATGACTGCCGCCGTGCACGGCCTGTTCAAGCCGGGCGAGAAGGTCATCGTGGTCGAAGGCGGCAAGTTCGGCCAGCGCTGGCGCGAAATCGCCGCCGTGCGCGGCCTGTCCGTGGTCTCCGTGGTGGTGGACTGGGGCCGCCCGGTCACCCCGGCGGAAGTGGAAGCCGCCCTGAACGAACACCCGGACGCTGCGGGCGTGCTGGTGCAACTGTCGGAAACCTCCACCGGCACCCTGCACCCGGTGCGCGAGATCGCCGGGCTCACCGCCGGGCGCGACACCCTGCTGGTGGCCGACGGCATCTCTGCCGTGAGCATCTCGCCCTGCCCCATGGACGAATGGGGCATCGACTGCCTGCTTACCGGTTCGCAAAAGGGGCTGATGCTGCCGCCGGGCCTCGGCCTCATCGCGCTGTCCGAGCGGGCCTGGCGCAAGGCGGACACCGTGCCCCCCTCGTGCTTCTATTTCAACTTCCGGGGTGAGCTGACCAACCTGGAAAAGCAGCAAACCCTGTTCACCACGCCGGTCAGCCTTATCATAGGGCTGAACGAAAGCCTGGACATGTTCCGCGAGGTGGGGCTGGAGACCGTGTACCGCAAGCAGTGGGCGCTGACGCAGATGGCCCGGCGCGGGGTGACGGCCATGGGCCTTGAGCCGCTGGTGAAGGAAGGCTACACATGGGGCCTGACCAGCGTGCTGCTGCCGGAAGGCGTGCCCGCCACCGGCGTGCTGCGCGTGGCGGCGGAACGCTTTGGCGTCATCATGGCCGCCGGGCAGGACCACCTGAAGGAACGCATCATCCGCATCGGCCACATGGGCTGGCTGGACTGGGCCGACCTGGCCGCCGGGCTGCACGCCCTGGCCGAGGGCTTCCGGGCCTGCGGCGGGTACATCGGCGCGCGCGACGTGCTGGAACAGGCGCTGGCCGCGTACCAGGCCGGGTTGGCGGTTATGCCGGGAACAGAGATCTAGGGCCTGCTTCAAAATTGTCCTTTCGCCCGTTGGCTGCGTCAAACTTC
CP133659.1_gap53	2273298	2277682	4384	GGGATACCCCTGTTCGTGCAGGCCCGTTCCACCGCCGTGGCCTCGCCCGACCTTGCGCGCGGCATGCCGGGCCGCATCGAAGGGGTGCTGATCGACCTTTCGCGCCGGGTGTTTCTGGAACGACTGCTGGTGCAGCGCGAAAAGCTGAACACCCTGGGCGCGCTGGTGGACGAGATAGCCCACGAATTCCGCAACCCGGTCTTCGCGCTGGCGGGCTTTGCCCGCACCCTGCACCGCAAGTTTCCGGACGCCCAAGAGGCGGAAGTGGTGCTGGAAGAAGCCACCCGGCTGGAAGCCCTGATCAACCGGGTGCAGCAGTACCTGGCCCCCGTGGACATCGTGCCCCGCCCGTGCAGCCTTGCCGCCGTGCTGGACTTTGCGGCGGACTTGCTGCACGCCCCCTTGCAGCGCAAGGGGGTGGAACTGCGGGTGGAGGCCCCCGCCAACCTGCCGCCCGTGCAGTCCGACCCGGACCTGCTGGCCCAGATCGTGGTGGGCATGGCGGGGCTGGCCGTGGAACACGGCGTGCCCGGCAGCGAAGCCGTACTGCGCTGCCGGGACGCGGGCCGTGGCCAGTTGGTGGAGGTGCTGCTGCGCACCGAATCGCCCCCGGCCCACGACACGGAACTTTCGCTGATGCCCTTCGGCGACCAGCAGGGACCGCAGCCGCTGGCCGTCAGCTACAAGCTGGCCCGCGACCTGAGCTGCCTGCTGCACGTGCGGCGCGAACCGGACGGCCTGCTGCTGATGCTGGCCGTGCCCGTGGACCCCGACGACGTGGCCAACCTGCTGGGCGAGGAATAGCGCGCACCGTCCCCCGCTCCCCTATTCGCCCCGTTTCCCGCATCCTGCCACCCCCCAGGGCCCGGCCTTCACGGCGCCGGGCCTTTCCTTGCGTCCGCGTACCGCGATATCCCCTGACGTCTCCGGGCAGCCCGCCTCGCCCGCACCATGCCGCCCGCACCCGCCTCCCTGCCCGTCCCCACACCCTCCCCGCCTTCGTCCCCGCCTCTGCCCGGGCTGCATCCGGTGACACGTCCGTCCCGTTCGTGCCGCCCGATGATTATCATTCGCCGCCCATGCCGCCCCACCTACGGTCGAACATCCACAACCCCCATCAGGGAGGCGAACCCGATGCACCGTATCCGATGTCTTGCGGCGGCTTTCCTCCTGCTCCTGCTGCCCACGGCGCTGCTGGCGTACGAGGTGCCCAAGGAGATCATCATCAAGCGGCCGGAAAAGAACCAGCCCATGGCCGCATGGGTGAAGCCGGTCACCTTTCCCCACGGCAAGCACGCCGTGCTGAATTCCTGCGATTCGTGCCACCACGAAGAGTCGGACAGGACACTCGGCCAGTTCCTGCCCTGCACCCAGTGCCACAACAAGCCCACGGTCACGGAAACCTCGTCGTTCTACATGGCCTGGCACAACGACAGCACCCACAGTTGCCTTGGCTGCCACCGCAAGATGCGCGAGGCCGGAAAGATGCCCCCCCTCTCGTGCACCCGTGGCTGCCACAAGAAGACGGAGGCCCAATGAACGCTCTCGCCCAACTCGTGGCGCGCCGTGCAGAGGCCGAGGAACGCGGCGTCTCGCGGCGCGACTTTCTGAAATTCTGCGGCATGGTGGCCGTGGCCATGGGGCTGGAGGCCTCCATGGGCGCGCAGATCGCCCGCGCGCTGGAAGGAAAGAAAAAACCGTCGGTCGTGTACATGCACGGCGCGGAATGCACCGGCTGCACCGAGGCGCTGCTGCGCCTGGTGGACCCGTACTTCGACGTGCTGATCATGGAGGTTGTCTCGCTGGACTACTGCGAGACGGTCATGGCCGCCGCCGGGCACGCCGCCCACGCGGCGCTGCAAAAGGCCATCAGGAACCCGGACGGCTATTTCTGCGTCATCGAAGGGGCCATCCCCACCCGCGACGGCGGAGTGTACGGCCAAGTGGGCGGACAGACCATGCTGTCACTGTTCACCGAGGTGGCAGGCAAGGCCAAGGGCGTCATCGCCATGGGCAGTTGCGCCAGCTACGGGGGCATCCAGGCGGCGGCACCCAACCCTTCCGGGGCCATCGGGGTAGGCGCCGCGCTGAAACCGCTGGGCATCGCGCCCATCAACCTGCCGGGCTGCCCGCCCAACCCCGTGAACTTCGTGGGCACGGTGGTGCACCTGCTGACCAAGGGCCTGCCCGACCTCGACACCTCGGGCCGCCCCGGGCTGTTCTACGGCAAGACCGTGCACGACATGTGCGAACGGCGGCCCCACTTCGACAAGGGCGAATTCGCCCCCGCGTTCTCGTCGCAGCAGGCGCGCGACGGCTGGTGCCTGCACAAGCTGGGGTGCCGTGGCCCGTGGACGTACAACAACTGTCCCACCGCGCTGTTCAACCAGACCACCTGGCCGGTGCGCTCGGGCGCGCCCTGCATCGGATGCAGCGAACCCGGATTCTGGGACCAGCTTGCCCCCTTCAACCGCGACGTGCGCGAAAAGGGCGATGACGCCTGAGGAGGCATTTCATGGCTGACAAAGCCTATACCGGCCGCATCGTGGTGGACCCGGTCACCCGCATCGAGGGACACCTGAAGATCGACGTCTCGGTCAGGAACGGGGTGGTGGACAACGCGTGGTCCAGCACCCAGCTGTTCCGGGGCCCGGAAATCATCGTCAAGGGCCGCCCGCCGGAAGACGTGCACAACTACGTGCAGCGCGCCTGCGGCGTGTGCACCACCACCCACTCGCTCACCAGCATTCGCGCCGTGGAAAACGCCATGGGCTTCAAGGCCCCCCCGGCGGCGGAACTGGTGCGCCACCTGATTCTGGCCACGCTCATCGTGCATGACCATCTGGTGCACTTCTACCACCTGCATTCGCTGGACTTCTGCGACGTGGCCAACGCCCTGAAGGCCGACCCGGTGGCGGCGGCCAAGCTGGCGTCAGAGGTTTCCGGGCGCGACGTACCCCCCGGCGACCTGTTCGTGGTGCACGGCAGGCTGAAGAAGTTCGTGGATGCCGGGCAGCTGGGCTGGCTGGACAACGCCTACTTCCTGGGCGGGCACCCGGCCTACCACCTGTCGCCGGAAGAAAACCTGGTGGTGGCCGCCAACTACATCGAAGCCTTGCGCGTGCAGATGAAGATCGCCAAGGCCATGGCCATCTTTGCGGGCAAGAACCCCCATTCGCAGACCATGCGCGTGGGCGGGGTGACCTGCTACGAGGCCCTGCGCCCCGAACGGCTGGCGGAATTCCGCGCCCTGTACGAGGAGTGCCGCACCTTCATCAACCACAACTACCTGGGCGACCTGACCATTCTGGGCCGCCGCTACCCGGAGGTGGCATCTTACGGACGCACCACCAATTACATGGACTTTTCCGACTTCCACGACCCGGAAACCGGCAAGGATCCGTTCTTCCGGGGCGGGGTGCTGTGGGGGCACGCCATCGGCAAGGCCGAGGACCTGGACCCCGCGCAGATTCAGGAACACCTGTCGCGCGGCTGGTACAAGCCGGGGCCGCCCGCCCATCCCTATGACGGCGTGACCGACCCGGACTACACCGGCTACGACCCGAACGGCCACTACTCGTGGTCCAAGGCCCCGCGCTACAAGGGCGAAGCCGTGGAAACCGGGGCGCTGGCCCGCCGCCTGATCGCCTATTCACGCGGCGAGCAGGAAACCGTCACCCGCATGGACGCCTGGCTTGCCGCCTGCAAGCTGAAGCAGGAGAACCTGTTCTCCACCATGGGCCGCACGGCGGCGCGCATGGTGGAAAGCGTCATCCTGATGAACCGTGTGCAGGGCTGGCTGAACGACCTGGAAGACCGCGCCAAGGCCGGTCCCGTGGAAATCTACAGGGAATGGACCATGCCCGACGAGGCCAAGGGCGTGGGCTTCTGCGCGGTGACGCGCGGGGGGCTTTCGCACTGGATACGCATAGAAAAGGGCAAGACCGCCAACTACCAGATGGTGGTGCCCAGCACGTGGAACCTTGGCCCGCGCTGCGACAAGGGCAAGCCGTCCGCAGTAGAGCAATCGCTGATGGGCAACCCGGTGCTGGACCCCGACCGCCCGGTGGAACTGCTGCGCACGGTGCATTCGTTCGACCCGTGCATTGCCTGTTCCGTGCATGTGTTGCACGCCGGGGGCAAGCGGTCGTTCCGCATCCTGTAGCGATAGTGGCAACCGGAACGACCGGGACAGGGGCGACAGCGGACGGCCCGACAACTAAGCGGGCAGACCGGCGGCGCGCCGCCTGAAAAGAACACGACAAACGCACAACGGGGCGGACCGCGCACATCGCGCAGTCCGCCCCGTTTCGCTGTCTTCTTTTTTTTGGGGGGACTATCCGCCCTTACGCTTCCGGGCTCAGGTACGGATCATCGGTGGCCA
CP133659.1_gap54	2420934	2424363	3429	ACCGGCTGGACCGGCTGGCCGAAAGCGGCGCCACCCGCGCCGCCCTTCTCGCGGGCCCTCCCGGCGCGTGGCTGCTGCCCGCATGCAGGCTGCTGCGCAAGCACGACGTGCGCACCGTGCTGCTGCCCTCCATCAGCGCAGCCGACCTTGCGACGGTCCGGCAGGGCGGCGACCTGCCCTACCTGCGCTTTGCGCTGGCCTGCGCGGACGAGGTGGTCCGGAGTTCCGAATCGGGCTGCGACGCAGAGGTGCTGCACCTCATGGGTGCAACCAGCCATTTCGTACCGCGCGCCGTTCTGCCCGCGCCCGCGCCCGGCGACTTCCGGCGGCAGCACGGCCTTGCGCCGGACATCCCGCTGCTGGTCGCCGTGTTCGAATCCCTGCCGGAGAGCGGCCTGCCCGATCTGCCGAATATACCCAAACGGCTCGATGTGCTGCACGGGCTGGCCCACGGCGACGGACAGTGGCAACTGGCCATCATCGGCGGCCCAACCGGCGATGGCCCCGGTGACGACCCCGACGACGAACCCGGCGGCGGCGTGCCCAGCCGCGCCAATGCCGACCCGCGCGTGCGCCTGCTGGGGCCGCTGCCCCGCCCGCAGGTGCAGTCCGCCCTGCGCGACGCCGACCTCCTGCTGCTGCCCGGCGGCGAGGAATCAGCCCTGCCGTATGCCGCCCTCGAGGCCATGGCCACGGGCACGCCGTGGATCGCCCCCCCCGCTGCACCGCCCTGACGGACGCGGCGGGCGGCCTGATCGCGGAGCCGGAACATTTCCCCCGGGCCATCCGAGCCCTGCTGCACGATGCCGGCGCGGCCACGGCTCTGGGCGAGCTGGGCGCAGCCCACTGGGATGCCTGCTTCCGCCCGGAACGGTGCGCGCGGGCATTGGCGGCGCTTCTGGAGGGCGCGGGCGGCCTGCCCGACCTGCGCATGCCCGCCAGCCTGCGCCGTGCCAACGCCGCCGTGCAGGCCCGCCTGCTGGGAACCGAAAAACCACAGGCCTGATGCGGCAAATCCGGCCCGAATAGCGCAGGATCACACTAGGTCGGTCAAAGCAGGCCCGCAGGGCCAGACTGAAGCAGACTGGAGCAGGCTGGGGGAGGCTGGGGGAGGGGGGCGGACCGGGCAAGCTCCACACGGCTTTCCCCCCTCCATTATCCCGCACGCAGACGCCACAACGGACAGGCCCGCCATCACGCGATTCGTGATGGCGGGCCTGTCCGTTGGTGCCCCTTGGGCCGCCCTGTTTCGGGATCAGGAAGGAAAATCCGTCAGCGTGCCCCCCGTCCTGCGGCGGCGGCACGGGCAAGGTGAACCAGGCCCATGCCGAAGCGCAGCAGACGCTCCGCGCCCTGTTCGCGGGCCTGCGCCTCGCGCTCCGTACCCGCCGTGGGGCCGAAGCCGGACCGCGATTGCAGCAGCGCACGGGCAAGGTCCACGGGATCCCCGGCCCGGAACGGCACCCCGTGCGGCGGGTTCTGTTCCAGATGCACGTCGATGTCGGAATACACGATGGTCTTTCCCAGTGCCCGGGCATCCTCCACCACGGTGCTCCACCCCTCGAACAACGAGGGATGCACCACGGCATCGGCGCCGCGCAGCAGCTGGATCTGGTCGCCCCGGTCGATCAGCCCCAGAATGCGCACCTGCCCGGCAATGCCAAGCCGCTGCACCTCGCGCTGCAACATGGGAAAATGGCCGGGCGCCCGGTAGTCGTGCACGCTGCCGGTGCACACCAGCGGCAGTTCCACCCCGCCGTCGCGCAGCCGCGCCAGCGCGCGGAACAGCGTCAGGTGGTCCTTGTGCGCCCAGAACTGGTTGCAGCACATCAGGTAGCCGCCGGGCACGCCGTGCTTCGCCATGGCCCCGGCCACGTCGCCGGTATACCAGTCCGCCTCGCCCACCGTGCAGAACGGCAGGACGAAGGAACGGTCGGCCTGCACGCCGTAGAATTCCGACAGGTCGCGCCGGGCGGCCTCGCTGCTCAGCACCACCATGTCGGCCTGACCGGCGATCTCCGCGAACAGCGCGTCCCGGTTGGCCAGTTCCTGTCCGGAAAAGAACCGGGGCAGCCGCTTGTGCTGGAAATCGGGAATCCAGAACACGCGCGGCAGATGGGACGGGGGATTCCAGAACCCGTGCGGTAGGGGGTAGGCCAGGTCCAGCCCGGCAAAGGCCGTTTCCGGGTCCTGCACGCGGAACACGCCGTCGGCGTCGCGCCCGCCAGACACCACGCGCACCTCGTCCACCAGCGGCAGGATGCCCTCGTAGCAATGCAGGGCCGGGGCCTGGGCAGCGTCGAACAGCAGCACGATGTGCGGGCGCAGGCGCGGCGGCAGGGCGGCGGCCCCCATCACCAGATGGCGGACGTAGTTGATGCCGCCGGTCCAGCCTTCCACTCCCCACTGCACGTAGATGCCGATGCGCATGCGCTGCCACCCTTTGCCCGAATAATGCCGTGCCCCGAATCCGCCCAGCAACTGTGCCACCGGCGCCAATTGCACCAGACACGGGGCGTCTGCCAAGACGCAACGCGTCCGGCTACTGCCGGGCCGTGCCCTTCACCTGCTCCAGAAACCAGCGCGCATACTCGTGCACGCCGTCTTCCAGCGGCACCGTGAGCTCCAGCCCCAATTGCCGCGCCCGTCCGATGTCCGCCCGCCAGTTCTGCGGGTCGCCCTTGCGGGCGGCCCCCGAAAATTCCGGGGTCACGTGGTCCAGGCCGCAGCCCGCCGCCATGTGTTCCACCATGGCGCGCACGCTGGTTTCCTGCCCGCTGCCCACGTTGCAGACGTGCACGCCGGGTCCGGGCCACGCTTTGGCAAGGTGCACGATGAACCGGGCAAGATCGCGCACGTGGACATAGTCGCGCGTTTCCTCTCCCGTTCCCGAAAATACCGCGTCGCCCGCGCGCAGCTTGTGCCCCACGTCCCACAGCAGTTGCTTGCGCAGCCCCGCCCCGTAGCACGAAAACACGCGCAGCACCGCGCTGGAAATGCCGTACAGTCCGCAAAACTCGTGCGCGATGTCCTCGCACATGCGCTTGTGCCAGCCATAGGGCGATATGGGGCCAAGGGGGGCATGCTCCGCCACGGGCAACATGCCGGGGTTGCCGTACACCGCCGCGCTGGAAAGCTGCACCACGCGGGTGCCGGTGCCCGCCTTGCGGATGGCGTCGTACAGCTGGAACACCACGGGCGGGCCGGACTGAAAGTCCACGCCGGGGCTGGTCATGGACAGCCCCACAGAGGCCACCCCCGCGCAATGCACCACCACGGCGGGGCGCAGCCGCGCGATCAGCTCGTCCAGGTCGGGATGCGGCAGGGTCATGCGCACCAGGCGCACGGCATCGCGCGACGACGGATAGACGGACGATGCCAGGCCCACCGCGTCGCAGCCGGATGGCAGCGCCCGCAGCACATGGCTGC
CP133659.1_gap55	2483066	2484166	1100	CCGCTGGCCCTGCTGCACTGCGTGCTGAACTACCCCACGGACGACGTGAACGCCGCGCTGGGCATGATTCCCGCGTTGCGCCAGCACTTTCCGCAGCACGTCATCGGCTATTCGGACCACACCCTGCCCCGCGACATGAAGGTGCTGGAAGTGGCTACCCTGCTGGGCGCGCGCATTTTGGAAAAGCACTTCACCCACGACAAGACGCTGCCCGGCAACGACCACTACCACGCCATGGACAAGGACGATCTGGCGCACTTCAACGCCTCGCTCGACCGCATCCTGCCCATGGTGGGTCCGTTCACCATCTCCGCGCTGGAATCCGAGGCCCCGGCCCGGCGCAACGCCCGGCGCAGCCTGGTGGCGGCGCGGCCCATTGCGGCAGGCGCGGTGATCACCCGCGACGACCTGACCTGGAAGCGCCCGGCCCATGGTGTGAGCCCGCGCGAAATCGACGCGGTGCTCGGCAAACGCGCCCGCGCCGACATCGCGGAAGACACCGTGCTTCAGTGGAGCCATCTGGAATAACCGGTTGGCGAAGCATCAGCTGACGAACCGCGCGCGCCGGGCATCCCCCGGCGCGTCACGGACGCGCAACGGACGCCCAACCGGAGCCTTTCCGAACACTGACCAGACGCCTTCCGCGTACCGCACAACGCACTGACCGCCCGGCGGGCCATCATCCGGCCCACTCGCCGCCCCGCCGGGCCTTCATGAAACACCGCGCCCGCGCGCAGCCGCACATGACCCAACGCCGCACCCTTGTCCTTGCCGTTGCCCCCGACGACGCCACCCCCGACACCCATCTGATGGCCGGGCCGTGGTGTTTTCACGGGCGCGAGGACGCCATTCCCGACTGGGACACCCGCTTCACCTTCGGCCCGGACCCGTACGCCAGCGGGGACGAGGTGGCCGCCGCCATCGACGAGGCCAACAGCTACGCCATTTCGCGCATTCCCGATCTGGCCCTGCGCCTTGGCGCGCACCACGGCGCCGACCTGCCGCGCGATTTCTGGGACCTGACCCTGTACCCGTGGCTGACCCTGTGCTGCCAGATGCTGCACGAGCGCCAGCGCCGCGTGCAGGACATGATCCGCCTG
CP133659.1_gap56	2499237	2500517	1280	CATGCCGCAGGGCGGTGACGAACTGGACAGGCTGGCCCTGGTCACCTCGTGGGCGTTCCAGTCCATCCGCGAGAACGAGCAATTCCTGTCCGAGATGCTCGATGCCCTCAAGGTGGGCGTCATGCTGGTGGACCGCGAAACCCGCACCATCGTCAGCATCAACAGCCACGCCTGCGCGCTGCTGGGGCGCGATGCCGCCGCAGTGACGGGCAGGCGCTGCCACCAGTTCGTATGCCCGGCGGAAGAAGGCGCATGCCCGGTGTGCGACCTGGGCCAGCCCATGGATCATGCCAAGCGCACCCTGCTGACGGCCACCGGCAACCTGGACATCCTGAAGTCCGTGGTGCCCATATCGCGCGAGGGCAAGGAATATCTGCTCGAAACCTTCATCGACATCAGCGACCTGGAACACACCCGGCGCATGCTGGAAGAATCGGAAGAGCAGTACCGGGCCATGTTCCTGAACACGGGCACGCCCGCCATCCTCATCAACGAAGACACCACCATCGCGCTGGCCAACCCGGAATTCCTGCGGCTGGTCCGCATGGTCCGAGCAGACCTGGACCACCGCCCGTCGTGGTCCGGCTTCTTTCACGAGCACGATCTGCCCCGCATGCTGGGGTACCATGCCGACCGGCGCAACGGCGTGGCCGCCCCGCGCGAGTACGAAACCCGGCTGATCGACGCCGCCGGGGGGCTGCACCACGTGGCCATGACCGTGACCATGATTCCCCACACCCGCCAGTCGGTGGCCTTCATCCGCGACATCACGGACATGAAGCTGGCCGAGGCGCGCCTGCAGGAACTGGCCTTCACCGACTCGCTCACCGGTCTCGCCAACCGGCTGCGCGGGCTGGAAACCCTTGACGACATGCTGGCCGATGCCCGCCGCAAGGAGCAGCCGCTGGGCGTGCTGCTGCTGGACCTGGATGACTTCAAGCTGGTCAACGACTCCATGGGGCACGCCACGGGCGACGTGGTGCTGATGGAGGTGGGCAGGCGGCTGTCGGAAGTGCTGGGCCCCGACGAGGCCGTGGCGCGCCTTGGCGGCGACGAATTCATCATCGTCACGGCGGCGCGCGGCGGGTCCAAGGCCCATGCCGAACTGGCGCAACGGCTCATTGCGGAATTTTCCACCCCCTTCCGCGTGGCGCACTCCGAAGTATACCTTGGCGTCAGCATCGGCATTGCCGCCTTCCCCGCCGACGGAGACACCGGCGGCCATCTGGTGCGCTGCGCAGACCTTGCCATGTACCGGGCCAAGGCGTCCGGCAAGAACA
CP133659.1_gap57	2512914	2517529	4615	AAACCTCCGCCGCGCGCATCGCGGCAGAGGCGGGCATAGATTACTGGCGCGCCGGGCTGAAGCCCGCCGACAAGCTGTCCGCCATCCGCACCCAGCAGCAGTCCGGGGCCACGGTGATCTTCGTGGGCGACGGCATCAACGACGCCCCCGCCCTGACCGGGGCCGACGTGGGCGTGGCCATGGGCGGCGCGGGCACCGACGTGGCGCTGGAAACCGCCGACGTGGCCCTTACCCACGACGACATAGGCCGCCTGCCCTTTCTGGTGCGCCTTTCGCGCCGGGCCATCTCGCTCATCAAGATCAACATCGGCCTTGGCGTACTGTTCAACGCGCTGTCCATCCTGGGCAGCGGCTATGGCCTGCTCTCGCCGGTGATGGCGTCGGTGTTCCATAACGTGGGGTCGGTGATCGTGGTCATTTCGTCCGCCAGCCTGGCCTTTTTCGACGACGGCGAACCGGGCCAGCCTGCCTGCCCGGCGCCTGCCGCAGGGGGCAAGGCAGCGTAACCGCCGTACGAGAAGATGCGGAATCACTGCCTGCGTTTCGCGGCAATCCACGGGCCGGAAAGGACACCCCTTCCGGCCCGTTTTTCGCGCAGCAGCATCTGCCCACCGCCCCTCTACCCAGGCGCCCACGCCACCGTGCACCAGCCGCTCACGCGGCCTGGCACCCTTGATTTCCCGTCCGGATTCTGCAATGCCTATCCGGTTCGCGCGCACGCCGCGCGACGCACCACGGGCCGTGCGCGCACCAGCGCACCAGCCGTAACAGACCGGAGGAACCACATGAAGCGTCTTATCCAGATCGCCCTCGGCCTTGCCCTGGTGGCCGCGCTGTGCGCCCCCGCCATGGCCAAGAAGCTCGTCGTCGCGCACGACACCAACTTCAAGCCCTTCGAGTTCAAGGGCGAAGACGGCAAGTACACCGGCTTCGACATCGAACTGTGGCAGGCTGTCGCCAAGACCGTGGGCGTGGAGTACGAACTGCAGCCCATGGACTTCAACGGCATCATCCCCGGCCTGCAAACCGGCAACATCGACGTGGGCATTGCGGGCATCACCATCAAGGCCGAGCGCCAGCAGGTCATCGACTTTTCCGACCCGTACTACGATTCCGGCCTGATGATCCTGGTGCGCGAAGGCGACACCGCCATCAAGTCGGTGGAAGACCTGAAGGGCAAGATCGTGGCCACCAAGACCGCCACGTCGTCCGTGGACTTCGTGAAGGCCAGTGCCAATGCCAAGGAAGTGAAGCTGTTCCCCAACAACGACGGCATGTTCTTTGAACTGATGAGCGGCGGCGCCGACGCCGTGGTGTTCGACATGCCCGTGGTGAAGGAATTCGCCATGACCGCCGGCAAGGGCAAGGTGAAGACCGTTGGCCCGCTGTACCGGGGCCAGTCGTACGGCATCGGCTTCCCCAAGGGCAGCCCGCTGGTGACCAAGGTGAACGAGGCCCTCAAGAAGGCCAAGGCCGACGGCACCTACGAAAAGCTGTACATGAAGTGGTTCGGCTACGCCCCCGGCAAGTAGCCCTGCCCCATTGCTGATGACGGTCACGGCGGCGGGCATTCCGTCCCCTGCGACCGCCTGAACGGACACGACGGGGATGGCCGCAGGGCCATCCCCTTGCCCGTTCCCGCACCCCGCGAGAATCACCCAAAGGCATTCCATGGCACTGGACTTCAAAGCAAGCGTCATGTGGGAAAGCGTGCCCCTGCTGCTCGGCGGGGTGCACCTGACCATCATCATTACCCTGGGCGGGCTGGCCATCGGCTTTCTGCTGGGCACCGTCACCGGTCTGGCCAAGACCGCGCGCGGCAAACTTCCCCGCTCCCTGGCCGACATCTACGTGGAGGCCATACGCGGCACCCCGCTCATCGTGCAGGTGATGTTCCTGTATTTCGGCGTGCCGCTGGCCACGGGCATGCGCATTCCGCCGGTAACGGCGGGCATCATCGCCATTGCCGTCAATTCCGGGGCGTACATCGCCGAAATCGTGCGCGGCGCCGTGGAATCCATCGATGTGGGCCAGACCGAGGCGGGCCGCTCCATCGGGCTTACCCGCATGCAGACCCTGCTGTACGTGGTGTGGCCGCAGGCCTTTCGCCGCATGATCCCGCCGCTGGGCAACCAGTTCATCATCTCGCTGAAGGACACCTCGCTGCTGGTGGTCATCGGGGTGGGCGAGCTGACCCGGCAGGGGCAGGAAATCATCGCCGTGAACTTCCGCGCCTTCGAGGTGTGGCTGACCGTGGCCGTGATGTACCTGGTGATGACGCTGAGCATCGCCCGCGCGCTGCGCGTCTACGAACGCAAGCTGAACGCCCGCTCCGGCAGATAGGGGGATGACACGATGAAGACCTGCGAATCCCCCATGATCGAGATCCGCAACCTGCACAAGCGGTTCGGCCAGAACGAGGTGCTGCGCGGCATAGACCTTACCGTCTGCCCCGGCGAGGTGGTGGTGATCATCGGGCCGTCCGGCTCGGGCAAGTCCACGGCGCTGCGCTGCATCAACCGGCTGGAGGAAATCACCTCCGGCAAGGTCATCGTGGACGGGCACGACCTGTACGACCCCGCCACCGACATCAACTACGTGCGCACCGAAGCGGGCATGGTGTTCCAGCAGTTCAACCTGTTTCCGCACATGAGCGTGCTGGACAACGTGACCCTTGGCCCCATCCGGGTGCGCCGCACCCCCCGCGCCGAGGCCGACCGGCTGGGCCTGGCCCTGCTGGCAAAGGTGGGCCTGGCCGACAAGGCCACCGCCTACCCCGACCAGCTTTCCGGCGGGCAGAAGCAACGCGTGGCCATTGCCCGTTCGCTGGCCATGCAGCCCAAGGTGCTGCTGTTCGACGAACCCACCAGCGCGCTTGACCCCGAACTGGTGGGCGAAGTGCTGGAAGTCATGCGCGCCCTTGCGCTGGAAGGCATGACCATGGTTATCGTCACCCACGAAATGGGCTTTGCGCGCGAAGTGGCCGACCGCGTCATCTTCATCGACCAGGGCCGGATACAGGAAGAAGGTCCGCCGGACGAATTCTTTGGCGCGCCGAAAAACCCGCGCCTGCGCGAGTTTCTGGGCCGCGTGCGCCACGCATAGACGGACCTGACGCAGGACGGGCCTGACGCGGGACGGGTGTGCGGCCAGCACCGCGCGCCGTGTCGATCTGATGTTTCCAGAGGGGGAGTCGGAACATATCCGGTTCCCCCTTGCCCGTTAATGGGGCAAGCCAACCGCACGCCCCCGAGCGGTTCCGCGCCTTGCCAGCCGCGCCGTGCGTGCGGTACATCCCCGCCCATGCCCGCCCGCGACACCTTCCCCCATTCCGCATGCGCCAGTGCCGCCCCCAGCCTGCCGGACACGCAGACGGACACCCAACCGAACCAGACCCCGCCCGACGCCGCACCCGCTCTTCCGGCTTCCCCCTCCCCCACGGCCCGCCGCGCCCGCACCGCCGCCACCGCCGATACCGGCCAGCCCCGCGAACTGCCCACCGCCGCCTTTGCGGAAGCCTTTGCCACGGCCCTGCTGGACTGGTTTGCCGTGCACAAGCGCCCGCTGCCGTGGCGGTTCGGGTACGAGCCGTATTCGGTGTGGATTTCCGAGGTGATGCTGCAACAGACGCAGATGGACCGGGGGGTGGACTACTTTCTGCGCTGGATGACCCAATTCCCCGACGTGGCCAGCGTGGCCGCCGCCAGCGAGGATGAACTGCTGAAGGCATGGGAGGGGCTGGGCTACTATTCGCGGGTGCGCAATCTGCACAAGGCGGCGAAAGCCCTGGTGGAGCGGCACGATGGCGAACTGCCCGACGACCCGGAGGCCATCCGCGCCCTGCCGGGCATCGGCCCGTACACGGCGGGGGCCATCGCGGGCATTGCCTTCAACCGCGACGTGACCTGCATCGACGCCAACGTGGAACGGGTGCTGTCCCGGGTGTTCGACATCGACACCCCCGTGCGCGCCCGGCCCGCCGCCGCGCGCATCCGGGCGCTGGCCGCCGCGCTGCTGCCTGCGGGGCGCGCCCGCGACTTCAACCAGGCGCTCATGGAACTGGGCGCGCTGGTCTGCCGCAAGAAACCGCAATGCGCCTCATGCCCGCTGTCCGGCCTGTGCGAAAGCCTGCGCCTGGGCATTCCGCACGAGCGGCCCGTGCCGGGGCGCAAGCAGCCCATCGTCCCGCTGGACGTGGCCACAGGCGTGCTGGTACACGGCAACCGCATCTTCATTCAGAAGCGGCCCGACGAAGGCGTATGGGCAGGGTTCTGGGAATTTCCCGGTGGCCGCGTGGAAAGGAACGAGGCCCCGGACGCGACCATCGTGCGCGAGTACGCCGAGGAAACCGCTTTCCGCATTGCGGTGCGTGACAAACTGGCGGTAATCCGCCACGGGTATACCACCTACCGGGTCGCCCTGCACTGCTACCTGTGCGAACTGGACGGGAACATGGGCGGGGAACCGCCCGTGCCACCGATTCTGGACGCAGCCACCGAGTACCGCTGGGTGGAATTCGCGGACTTGCCGCGCTTCACCTTTCCCGCCGGGCACCGCAAGCTCATCGACCAGCTGACCACGGACCTGCGCTTCGCGCCGTATCGGTAGCGTACGC
CP133659.1_gap58	2607226	2611424	4198	GCGTTGGCGTCAATGCGCTGCCGCATGGCGATGGCCTCGTTCTGCGAGTTCACCAATTGGGCGAAGGCGGTCTTGAAGTTCTCCAGGTTTTCCAGCAGCCCCTTGCCGTCGGCCTGCATCCAGTCCTGCGTCAGTCCCGCGCCCGCCGCCTCGATGGTGGCGCGTGCGTCGTCCAGGTGCTTGTCCGTGGCGGCTGCGTGGGTCTGCTCGCCGCGCAGCATGAAGCGCCCCATGGAGGCTTCTGCCCCCGAAAGATGGCGCATGGCCGTTTCGATGGACGTGGAATACTTGCCGTACACGACCATTTCGTGCATTCCCCGCCAGCCGATGCCGCCCACGATGGCCGTCAGCAAAAGCACGGCCATGAATCCGAGATACAGTTTGGTCTTCAGGAGCATGCCGCCCTCCGGAGCGTGTCTGGTGTTCTGCCTTGCGGACAGAGGAGCACGCCCGCCCGTTCCGGCGCGGCCAGCTCCTGCTGCGGACCCGTCCCCCCTTGGTCTTGCCGCCGCCCCTCCCCGGGCACGGCATCAGATTTCCTACCCCGCCAGGCTGCCGCGTTTCCCCCAGTGGCAGTTTGCGCGTCTTTCCCTGTCGCCCCGGGCGGATGCAGTCTGGCCTCATGCCCCCCGGCAATCGGCCCTGCCTGCGCTGCCCGCGGGCTCCGCACACCCGATCTTGCGATTGGCGGGGGGGCTGCTCTGTGCGCGGCCCATTCCAGGACGAAACCGCACCGGTTCCCCGCCCGCCGTTCCAGGAGGAAACGGGTAATCGTCGCAGACTATTTTTTGTAGAAAAACGACGAGTTGGCGTTCTTCACCACGGCCACGCGGGGATTCTGCATCCCCGCCAGCCAGGTGTTCACGGTTTCCTGCATGTCGCCGGGCGTCAGCAGACATTCGCGCAGCCGGGCCGGGTCGAGGTCGGAATGCACCACCACGTCGAAACTGGTGGTGGCCCGCGCGAACAGAAAGCCCTTGTGCGCGCCCATGCGGAACGCCCCGGACTCGAAATCCTTCTTCAACGCATGCGCGCACGGAAAACGCCGCACGTAGTCGTGGTACACCTCGTCGCCGATGCCCTGGCCGCATTCGGCCACGAGCAGCACCTTTGCCCCCGGCGCGGCGCACTGCACCGCCGTGTTCAGTCCCTTCTGGGCCTGGTACAGGCAGAGGTCCTTGGGGGTACCCCCGCACGAGGCGACGACTATGTCGTACGGCGCGTCATAGGCCAGCCCGTACACCTGCGCCGTGACCTTGGCGGCACTGCGCATGACCAGCGGCGGCCAGCCCGCCAGCACGGCCACCGGACGCTTGGCCGCGTCCAGCACCACGTTGATGGCCATGGCCACCCCGGCCAGTTCACCGGCCTCGTCCAGGTCCAGCCGCACGGGGTTGGTATCTATGGCCCCCACGGTGGCCGCCGGGTCGCGCATCAGGCGGTGGTTGGCCTCGATCATGGCGGCAGAGGCGCAGCCGATGGCCACGCCCTTTGCCCCGCCGGTAAAGCCCACGAACTGGTGCGCGTCCACCATGCCGATGACCAGCCGCAGTTCCGCCGCGCCATAGGCGGCGTTGACCTCCACCGGGGTGCCGCGCGTGGTGGCGCCAAAACGCGCCAACTGCGAGTGCTCGGCGTCATGGGCAACCACCCGGCAGCCGCGCAGGTCCTCCGGCAGCACGCGGCCCAGTTGGGCCTCGCCCGCCGGGGGGTGCAGGCCGCCGCCCACCACGACCACCACGTCTTGCGGCTTCAGCGTCGGGTAGGCGGCAAACAGTCGGTCCAGCAGCGGCGGCAGCAGCAGCCGCACCGGCACGGGGCGCGTTTCGTCGGGCACGGCGATGGCCACGGAACGCGGGGCCGGACGATCTTCCAGCCGCAGGCAGCCCAGCGGCTCGTCCAGGGCGGCGTGCAGTGCCGCCAAGGGGTCGGCCAGCGGCTCGACGGGGTTCGGCTCGAAGATGTCCACGTGGACGGAATCCGGCAGTTCCAGGGGCACGTAGCCGTGCCCGTACTTCAGGTCGATGCGCATGAAACGAAACCTCTTGCAAAAAATACCGGCAGTGGAAGGGATTCCCCCCGCCGCGTGCTGCCCTTCCGGCAATGCACACGGCGGAGGGACGGAACGAACGCGCGGTACGGCTGACGCTAGAAGAGCATGCCTTCCGGAGTGGGGACGCCCAACAGCATCGCGAACCCTATCCAGACGAACAGGCACAACACCACCGTGAACACGGCGGAGGCCACGGCCTTCTTGCGCGTGCCGACACCGGCGTCACTCAGCACCATGGACATGCCGAACAGGTACAGGGCAGAGGCAAGGTAGAAGCCCAGCACGGGAATGATGGCCACATAGGCGATGGCCCCGGCGGAGATCATGACCACACGATTCACGGCCACGGGTTCGTCGTCCTGCGGGGCGTTGTCGCCCTTGCGGCCCTTCAGCAGGCCAAGGCCGCACAGGTAGATGCCGCCAAGTGCCATGAAGATGATGAGCATCCCGGGGAACAGCAGGCTGACCCCTTCAAGGTCGCCACTCTGGGCATGGAACACACCGGCCATGACCAGCACGGCGAGACCGGAGGCGATGTCTGCAACGCTGCTACGCATGGGTGGAGTCCTCCTTGGGCTGCTCGGTGTCGCAGCCGCAGTCGCGGCGCTTGCGCTTCCAATCCAGCAGGAAGGGCGTGGCCAGCGAAAGCAGGGTGAACAGGAAGAGCAGGATGGCGATGGGGCTTTCAAGGAACACGTTGATCACCGAACCGCCGGAGGCCTTGGACAGGTGCACGCACTTGCCCAGGTTTTCCTCGATCATGGGGCCAAGGATGATGCCGAGGGCCATGGCCCCGGTATCCAGGCCCACCCGGCCCGAAAAGTAGCCCAGAAAGCCGAAGACAATGACGATCCACACATCCAGCACGCTGTTGCGGATGGCGTATGAGCCGATGACCGACAGCACCACGATGGCGATGGCAACGAAGGTCAGGCGGATGCTGAGCAGCTTGGTCATGACGCGGGCCAGCAAGAGCCCCACGGGGATCATCAGCAGGTTCACCGCGAACTGCGACATGATGAAAGTGTAGGCCAGGTCGCCGGTGGTGGTGAACACCTTGAAGCCGGGCTGGATGCCCTTGGCCAGCAGTGCGCCCAGGATGACCGCAGCCACCGCGCTGCCCGGAATGCCCAGGGTCAGCATGGGAATCAGCGAGCCGCCAATGACCGCGTTGTTGGCGCTTTCACTGGATGCAAGCCCTTCCACGGCACCCTTGCCGTATTTGGAAGGATCCTTGTCCCAGCGCTTGGACTCGTTGTAGGCGATGATGGAGGCGATCTCGCCGCCCGCACCGGGCAGCATGCCTACCAGACCGCCGATGAGCGACGAACGCAGCAGGATGACCTTGCAGCGGCGGACCAGGGCGTTCAGAACCTCCCGGAAGGCGCCGGGCGTGGGCTGATATTCGGCGATGAACGGCTTGTAGCTGCCGATCAGGTACAGCACCTGCGAGAAGGAAAACAGGCCGATCATGGCGGGAATGACCTCGATGCCCTGCACCAGCGGGTAGTACCCGAAGGTGAAGCGCGGCACCCCGGCGTTGGGGTCGATGCCCACGGTGGACACCAGCAGGCCCATGGCCCCGGACAGCAGGCCCTTGACCATGTTGCCCGACGACATGACCGCGATGGTGGACAGGCCGAAGATGCACAGCCAGAAATTCTCGGGGCCGCCGAACTGCAAGGCGAACCGGGCAAGCGGCGCGGCCAGGAACAGCAGCAGCACTGTGCCGACGATACCGCCAAAGGCCGAAGACAGCAGGGAGGTTACCAGACCGATGTCGGCCCGGCCGGCCTGACACAGCGGCCAGCCGTCAAAGGTGGTGGCCACGGACGAGGGGGTGCCCGGCGTGCAGATGAGGCAGGCGGAGTTGGCCCCCCCGTAAATGGCACCGGCATAGATGGCGCCCAGCATGATCAGGCCGCTGGTGGCATCCATGGCAAAGGTGGCCGGCACCATGAGGGCAACGCCCATGGTGGCGGTAAGGCCCGGCAGGGCGCCCACGATGATGCCGCCCGTCAGGCCGACAACCATCAGCAGGATGTTCAGCGGTTCGAACAGATGCCCTATGGCCGGTCCGATAAATTCCATCATTGCAAAGCTCCTTGGTACAGGGCGGAGAGGGGTGGTACCCCGCTCCGGCGG
CP133659.1_gap59	2626663	2629314	2651	GATGACCTGGCCCGCCGCGTCGGTGCCTTCGTCGCCGTGCAGCAGGATGAGGCGGGTGGAGGCCACGTTGAGCGCGAGGCGCAGCAGGGTGGTGACCAGCAGCAGGGAGGGGAAGATGGAAAATTCCAGCGGCGAGAGCATGAACATGGAGGTGACCAGGATCACCAGCGAGAGCGAGATGCTGAGCGAAAGCAGCATGTCCAGGAAGAACGTGGGCAGCGGCACCAGCATCACGAACAGGATCGTGACGACGCCGCCCGCCAGCAGCAGGTCGCCCTGCTTGGCGAAGCGCTGGTAGTCGATCTTGGGGGCGTATCCTGGTTTGGCAGCCATGTTCTTGACACCTTCCGGAGTTGTCCGGGTTTCGCTTCAGGTTCGCTGCGCGGGGGCTACGATGCGCGCCCCGCCTTGAATTTCCACAGGCTGGCCAGCACGGTGGCCACGGCCTGGAACAGTTCGGCGGGAATCATGTCGCCGACTTCCACCGCTTTATACAAAGCCTGTGCCAGCGGCTTGTTCTCGCGGATGGGCACGCCGTGCTCGCGGGCCACTTCCTTGATCTTCTGGGCCAGGTTGTCCGCGCCCTTGGCCAGCACGATGGGCGCCGGGGCCTCGGTGGCGTCGTAGCGCAGGGCGATGGCGAAGTGGGTGGGGTTGGTGATGACCACGTCGGCCTTGGGCACGTCCTGGAGCATGCGCTTGGCCATCATCTGCATCATCTTGCGGCGCTGCTGGGCGCGCACCACCGGGTCGCCCTCGGCCTGCTTGCGTTCGTCCTTGGTTTCGTCCTTGGTCATCTTCAGATTTTCCTCATAGCTCCAGCGGGTATACCAGAAGTCCGCTATGGCTATGATGAACATGGGCACCAGGGCGTAGCGCACCATGTCCCACCCCGTTTTCAGCATGTACGCGCCAATGCTCTGGGCGTCGGAATAGTACAGGGGCAGAAAGTTGTGCATCTCGCGCCGGATGATGATGTACGGCGCAACACCGATGAACAGGGCCTGCAACAGGCTCTTGCCCAGGCGCACGAACGTTTCGGGCGAGGCGAACATGCGCTTCAGCGCCGCAAGGATGTTGAAGCGCGACCAGTTGAATTTGAAGACCTCGGTGGTCCACAGCTTGCCCACCTGCAACCGCAGCACCAGCCACGCCGTGAAACCGATGAACAGCATGATGGGCAGCAGCATGGCCGCCAGTTCTCCGGCCAGCCACATGAGCAGCTTGATGACGTTCTGCTGGTTGGGATTGAAGCCGAAGGCGTTGCCCAGGAAATGCCGGAACAGGGTCTGCATGTCCTTGGCCAGGAAGTCGATGTAGAACAAAAGGCCCACCGAGCCCGCCAGAATGGTCAGAGCCTTGGTGAGTTCCTGCGATTTAGGGACATTGCCCTTGTTGCGGGCCTTTTTGCGACGTTTTGGCGTCGCTTTTTCGGTCTTGCTCGGATCGCGCTGCGCCATGGCAGCCCTCCGTCAGGGTTCCGTCCGCGCCGCCCCGACGTACGGGGAGCGGCGCGGTGCCCGGTCAGCGGTTCAGCGGTTCAGCAGGGGGCTGGCCGCCTGCAGCAGATGCAGCATCATGGGGTCCATGCCCACGATGAATTCGCGGATCTTGTCGGCCATGATGGTGAACAGCATGCCGATGAAGAAAAAGCCCACGGCGATCTTGAGCGGAAAGCCGATCATCAGCAGGTTCATCTGCGGTGCGGCGCGGGCCATGAGCGCCAGGGCCAGTTCCACCAGAAACAGCGAGACCAGCACCGGCGCGGCGATCTTGGCGGCCAGCACGAACATGGAACCGGACAGGGCCAGGACTTCCTTCACCAGCGGGGGGGTAAGCAACAGGCCGCCCGCTGGCACCAGTTCGAAGGTGCGCACGAAAGCCCGCAGCATGTACAGGTGCCCGTCCAGCACCAGAAAGCTGAGCATGGCCACCATGTACAGCAGATGCGAGGTGATGCTGACGCTGGCCCCGGTCAGCGGGTCGGCCAGGGTGATCATGGTGAAGCCCATCTGGGTGGCCAGCAACTGGCCACCGGTCTGGATGCCCGCGAACAGGAAGTGCACGGTCATGCCCAGCATCAGCCCCATGATCAGTTCGCCCGCCAGCAGCACGACGAGCGAAAAGGGATGGGTGGGCATCTGCCCGCCCGGCAGGGACACGTGCGGCCACAGCGCCAGGGTGAACACCATGCACAGCGCCACCTTGACCTGCATGGGGGCCGCCTCTCCCCCGAAGAAGGGCAGCAGGAACAGCACCAGGCTCACCCGCATGAAGGTGAGCACGAAGCTGAGCATGGCGGCGGTGTCGAACGCGAAGATATCCATGCGCGCGGCACAGCAAGATGCGGGCCATGCCGCCGGACCGGACCACGGACAGTCTTAGGCCGCAAGGCCACGGCGGCGGCGGAAGGGGCCGGAAGGGAACGCGGCTACGCCCACGGCACGATCACGGGACGGCTTTGGAGCGGACCATGGCCAAAAATCCGTCGCGGCAGCCCCCACCGCGCCCCGCCCCGTTTCGGGCAACCATGCTGGACACAAGGCCCCTTCGGATGCATCCTGTGGGCATGCTCGGCACCCCCATGCATTCCGGCGGGGGTGCGCCCAAGCCCTACGGTGAGACCATGCCCGACACACCAGATACCGATA
CP133659.1_gap60	2643124	2646994	3870	GCGCCCGCGCATCCTGCACAGCAGACCGCCGCCACCGCGCCCCACAGGAACATGGCGCCGCACGCCATGCATTCCCAAAAGAAAACGGCCGCACCCCGAAGGATGCGGCCGTTCGCGTCCGGACCCGTGAATGCTACTTGTTCAGGCCATCGACAAGGGTCTTGGCGGCCATGAACTTCACGGCCTTGCGGGCCGGAATGGAAATGCTCTGACCGGTCTGGGGGTTCCGGCCCGTGCGGGCGGCCCGCTCGGTGACCGAAAACGCGCCCACGCCGGGCAGACGCACGCCAGCGCCGTTGGCAACGCCATCGGCGAGCACGCGGCAGAACGCGTCATACGCCTTTTCGGCGCTCACCTTGGTCACGAACACGTCGGGCAGCGCCTCTTTGAGGGCGGCAACAAATTCAGCCTTGGTCAACATCAGGATGTCCTCCTTGCGCTATGCGGATTTCCCCCCGTAACCAAACCACGGTCAGCATGTCCCACCCTATGCAGTGCCCCCGTTTTCTTGTCAATCGTTTCACGGCCCGCAAACCAAGGAAGCACGCGGTTTTCCTCCGCCGATTCCCGTTCTGTTGCGCTTGGTTCGCATTGCGTATAGGAGAAATGATGCACACGGCCCCAGAGCAACAGGCATTGCGCACGCCAAGGGCAGCGCATCCGCCACAACGCCACGGGAGCACACCATGCCAAGCCCCCTGTCGCGCGATTCCGCACAGTCCGCGCCGCTCTCCGACGACGGCCTGCTGACCATAGCCGACATCGCCCGCCGCCTTGCCCTGCCGGAATCCACCGCGCGCTACTACTGCAAGCGGTTTGCGGCGTTCATGCCCACCGTGGGCGACGGGCGCCGCCGCCGCTACCGTGCGGATACCCTGACCATCATCGAAGCCATCATCGAGGCCATGCACACCGCGCGCACCGCAAGCGCGGTGGAGGGCATCCTGGCCAGGCGCTTTCCCCGCAATGCCGCCGCCCAGCCTGCCCCGTCCCATGGCAACACTGCGGACGGTGCTTCCGCAACAATCCCCACCGCAAGTGCCGCGCCCCAGCCCGTACAACCGGTACCCGTACCGGACGGCGCCCCCGTTGTTCCACCACTGCCCATGGGCGGCGTGGAACCAGGGCATGCGTTGTACGCGCTCATCGAACACCAGACCCGCGCCCTGGACACCATTGCCGCCGCCCTGTCCACCCTGGCGGCCCGGCAGTCGGCCATCGACCTGCTGGCCGACCTTGCCCGCACCGCCGAAGGCGAGGTGGGCGCCATCCGCAAGGATGTGGAAACCCTGCGCCTGTTGCTGAATTCCTCCGAAAAGATTCACCAGCAGGACCTGGACCAGTTGCGAGACTGGCTGGGCCGGGTCATTGCCGACCGGCGGCAGCGCGTGCGCGAACAGGCGTAGCCGGGGGCGGCCTGCCCGCCCCGATGCCCCAATCAACATTGCCGTGCGGTGCCGCACGAAACTCGGGCACGCGGTGCTGGCGACATGGTTGCGCCAGACCCCATGCGCCCATCCTGCGTGTCCCTACGCCATGTACTGTGGAGCGCAATGCATCGCCTGCGGGCCGATCGCCGGGGCTTGGCACCACCTCTCATTCCCCTCCCTCGGACCGGCACCCGGATCGCGCGCCCGGACACGCCCTTCGTTTTCCCCACCCGGCCATTTCGCCATCTTTTTTTCCGCCCGTGATTCCGGCGCATTATGCCGTATTACAAAGCGACATCATATCGTCATGTCATGCGTCCGCCCTGTGCCCGCGCCACCTTGCCGACCCCGCGCAGTGACTGTGGAAAAAATCTAGACTCTGGATTTTCCCGCCATGCCGGGTTACACCACGGTTTGGTCACAACTGCATCCGCGGAAAAATTTTCCGTTCAATTTCATAATACTATAAATTTATCACTGGAAATCAGCCACATGACAGCGCCAGCGAACCAGCCCCTGCCCACCCCGCCCGCCATGCCCGATGCCCTGCCCGACGTGGCCCTGAACCCCAATGCCAAGATCGTGCTGGCCAAGCGGTACTACCGCAAGGGCCCCGACGGCACCCCGCAGGAAGACGCCCGCGCGCTGTTCTGGCGCATTGCCGGGGCCATTGCGGCGGAAGAAGGCAAGTACAAGAAATCGCCCTACAAGGCCGACGCGCTGGCCCGCGAATTCTACGACCTGATGACCGGCTGGAAGTTCCTGCCCAACTCGCCCACCCTGATGAACGCGGGCACCGACCTTGGCCAGCTTTCCGCCTGCTTCGTGCTGCCCGTGGGCGATTCCATCGAGGAAATCTTCGACGCCGTGAAGCACGCCGCCATGATCCACAAGTCCGGCGGCGGCACGGGCTTTTCCTTTTCGCGCCTGCGGCCCAAGGAAGCCCGCGTGGGCTCCACCGGCGGCGTGGCATCCGGTCCGGTGTCCTTCCTGCGCATCTTCAATACCGCCACAGAGCAGATCAAGCAGGGCGGCACCCGGCGCGGTGCCAACATGGGCATCCTGCGCATCGACCACCCGGACATCATCGAGTTCATCCGCGCGAAAGAGCGCGACGGCGAATTCAACAACTTCAACCTGTCCGTGGGGCTGACCGAGGCCTTCATGAAGGCCGTGGAGGCCGACGAGGAATACGACCTCGTCGCCCCGCACACCGGCCAGGTGCGCGAGCGGCTGAAGGCCCGCAAGGTCTTCGAGATGCTGGTGCAGAAGGCGTGGGAAAGCGGCGATCCGGGCATCGTGTTCCTGGACCGCATCAACCGCGACAACCCCACCCCGAAGCAGGGCGAGATCGAATCCACCAATCCCTGCGGCGAACAGCCGCTGCTGCCTTACGAAGCCTGCAACCTCGGGTCCATCAACCTTTCCGCGTTCTTCGTGCCCGGCACCGCCACGGTACCCACGACAAAGGACGGCGGCCTGCCCCATCCCTCGCCGGAAAAGGCCATCGACTGGGCGGAACTGAAGCGGGTCATCCACCTTGGCGTGCGCTTTCTGGACAACGTCATCGACGCCTCGCGCTTTCCGCTGGAGCGCATTACCGAAACCGTGCACCGCAACCGCAAGATCGGCCTTGGCGTCATGGGCTGGGCCGACCTCTTGTACCAGCTCGGCATTCCCTACGACAGCCAGGAGGCCATCGGCCTTGGCGAACGGATGATGCAGTTCGTGCAGGACGAGGGCCGCGCCGCCTCCAAGGTGCTGGCCAAGGAGCGCGGGCCCTTCCCGGCCTTCGCGGAATCGACCTTTGCCGAACGCGACATGGGCCCCTACCGCAACGCCACGGTGACCACCATCGCGCCCACCGGCACCCTGTCCATCATCGCCGGGTGCTCGTCGGGCATCGAGCCGCTGTTCGCGCTGTGCTTCTCGCGCAACGTCATGGACGGCGAGCGTCTGGTGGAGGTGAACCCCCACTTCGAGGCGGCCCTGCGCGACACCGGCAGCCACAGCAAGAAGCTGATGGAGGCCGTGGCCGAAAAGGGTTCCATCCAGGCCATGGACCACCTGCCCGAAGACCTGCGCCGGGTATACGTGACCGCCATGGACATCGCCCCGGTGTGGCACCTGCGCATGCAGGCCGCCTTCCAGAAGTACACCGACAACGCCGTGTCCAAGACCGTGAACCTGCCCAACTCGGCCAGCATCGACGACATCCGGGCCATCTACTGGATGGCCTACGAGCAGGGCTGCAAGGGCGTCACCGTGTACCGCGACGGCTGCAAGGCCGTGCAGGTGCTGTGCACCGGCGAGGGCGAAAAGAAGGACGAGGGCAAGGACGACGGCGACCACAAGAGCGCCGTGCGCCAGCGACCGGACATTGTCTACGGCTTCACCCAGAAGGTGCCCACGGGCCTAGGGGCCATGTACCTGACCGTCA
CP133659.1_gap61	2702004	2705665	3661	CAGCGCCCAGCACCACCATGTCGGTTTCCACCACGTCCAGCCCCTCGGGGTCCATGCCATGGGCGCCATGGGCATGATCATGCCCTTCGTGGCCGGGCTCCATGCCGTGCTCGCGCATCAGCTCTTCCGCGTTCTTCAGGGTGACCAGTTCCAGCACAAAGCGTTCTTCCGGCATCAGGCCAATGGCCTTGTGGGCGTCGTCGTATTGGGTGTGCGGCACGGAACCCACGCCGAACTTCTTGGACAGGTCCGGAAATTCATCAGAATTGACGCATTCCGCCTCCACCAAGCCGGGCCGCTCTATGGCGCACTTGGCCGCGTGCATGAACTGGCCGGGGCAGTACGGGCACCCCGGAGACGAAAACACCCGGGGCCTGCGCGGCTCCTTCAGCTCGGACAGGATGCGGCGCGAGGTTTCCGTAAGCCCCGACTGGCGCAGCGACACCAGAAAGATGGATTCCACCAGCGCCCGGCCTTCCTCGCCCAGCGGCGCACCGGTGAAGCGGATGCGGTAATCCAGCTTCGGGTCCGCTTCGCCCGTGCCCACGAACAGGGTGGGCGACAGGGTCACGTCGCGCCGTTTGGCTTCCTCGGAATCCAGCGCGTGGTGGTGCATGGAAATCTTGTCGATGATCAGCGCCAGGTCTTCGGCAAAGCGGCGGGTGTAGCCGTTGAAGGCGTTCTTTTCGTCGCCGTCGGTGAACACGTCGAGCACCACGGGGTTTGGCAGCTTGGCGAACAGCTGGGTCAGCTGCTTGCGCCCGTCTTCCGGGATGAACCAGTCGCGGTCGGCGGCATCCTTGCCGCGAGAGTTGGATACGCTGAGCTTCATGGTGTGGCTCCTTGGGTGCTGCGTTGGGGTGCGCGGGGTTCCGGCTGACATCCGGCTGGCGTCAGGAATTGGCCACGATAGAACCGGGATTACACCGGGGCGCATGCTGCATGCCGGATGCTGCCGGTACCATAGCATGGTGTAGCCATGCGAAACAACACAGGCAAGCGGCAAGAAGACGCGCAGGCGGTTCTTTTCGCCCCCCCCCCCAGCGCCCAAGGCACCGGGCAGGACCGGATGCGGCCCTTGCGTTTCGCGCGGGTTGACGGCAAAGAGGGGGCAACATTCCCCGTCAGGAGACACCCATGAGCAATCCCGTCATTCTGCTGGAAACCTCTTCCGGCGATATCCTCATCGAACTGGATGCGGAAAAGGCCCCCGCCACCGTGGCCAACTTTTTGAGCTACGTGGATTCGGGCTTCTACAAGAACACGATCTTCCACCGGGTCATCAAGGACTTCATGATCCAGGGCGGCGGGCTTTCCGTGCGCATGGAAGAAAAGCCCACCAACGCCCCGGTGCGCAACGAGGCGAACAACGGCCTCAAGAACCTGCGCGGCACCATCGCCATGGCCCGCACGGCGGACCCGCACAGCGCGGCGGCCCAGTTCTTCATCAACACCGTGGACAACGCCGACCTCGACCACACCGAGGAAACGGATGAAGGCTGGGGCTACTGCGTGTTCGGCCAGGTCATCGAAGGCATGGACACCGTGGACAAGATCCAGAAGCTGAAAATCAAGCCCCAGGGCATTCACACCGACGCCCCGGCGGACATGGTGGTCATCACCGGCGTGAGCCGCTTCGAATAGCCGCGCCAAGCCCGCATGGGCGCACCACACGCACCGCAGGGAGGGAATGCCGCAAGGCGTTCCCTCCCTTTTTCATTGCCGCAGGGCACGGGGAAAGAGGGACAAGCCCGGCGGGACGGGCGAGGCAAGGTTGGCGGCAGCGGCCACGCGCCAGATGCCACAGACCCGCACGACCCGCACGACGTGACTGGCGCGGCAGGTGCGACAGGTGCGCGCTGGCACGGCTTTGACAGTCCTGCCCGACTGCGGCACCATGCGGGCAGACTGGGAAAACTCCGTCCGACCACCAGCCGACCACCAGCCGCAAGGATGCCCCATGCCCGCAAGCACCGCCCCCCCGAAGGGTACGTCCACTCCCGATTCTTTGACCGACACCGCCCCGCCCCTCCCCGTCCCCCCTGCCGCCTCGATCATGCCAGCCGCCCCGGGCCAATTCCCAGTGCCGGAGCATGCCGGGGCCGCTGGTACCGGCGCAGTGCACGCCCCCCACGCATCCCAAAAACGGGGCACCGTGCTCATCACCGGGGCCACGGGCTACGTGGGCGGTCGTCTGGCCCCCCTGCTGCTGGAGCGCGGCTGGAACGTCCGCGCGCTGGCCCGCAACCCGGCCAAGCTGGCGGGGCGTCCATGGGCGGCCCACCCCGACTGCACCATCATGCGCGGCGACATGCTGGACGAGCCGTCCCTGCGCGAGGCCCTGCGCGGCTGCGATGCGGCGTTCTACCTGGTGCATTCCATGAACCCCGCCGTGGCCGCCTTTGCCGATGCCGACCGCAAGGCCGCCTACTGCATGGTGCGCGCCCTGCAAGCCCTGCGCGGCACGCAGAGCGCCCTGCCCGGGGTCATCTACCTCAGCGGCCTGCTGCCCCCGGAAACGGACACGCACGGGCACGGGGCCAGCCGCGTGTCCGAGCACCTGCGCTCCCGTGCCGAGGTGGGCGAAATACTGGCCCTGGCAGACGCGCCGCTCACCGTGCTGCGCGCGGCGCAGATCATCGGCTCTGGCAGCGCCTCGTTCGAGATCATCCGCTATCTGGTGGACCGCCTGCCGGTCATGATCACCCCGCGCTGGGTCCACATGCAGTGCCAGCCCATAGCCATCAGCAACGTGCTGGAATACCTGGCGGGCTGCCTGGACCACCCCGAAACGGCAGGGCAGGCCTACGACATCGGCGGGCCGGACGTGCTGAGCTACCGGGAACTGTTCGACATATACGCCCGCGAGGCGGGCCTGCGCCGACGGCTGATCATCCCCGTGCCCTTCCTGACGCCGGAGCTTTCCGCCCACTGGCTGCACCTGGTCACCCCTGTGCCGGTGGCCCTGGCCCGGCCGCTCATCCACGGGTTGCGGCAGCGGGTGGTGTGCGGCGAAACGCGCATTCGCGACATCATCCCGCAAGACCTGCTGCCCTGCAACGAGGCCATCCGCCGTGCCCTGGACCGGCTGCGCACCCACGCCGTGCCCACCCGCTGGGCCGACGCGGGCAGCCCCGCCGTGCCGGAATGGGTGGCTTGCGGCGATGCGGAGTACGCGGGCGGGCATCTGCTGGGGGATGGCTGGGGAGTGCGGCTGGCGGCCACGCCCGAAGCCGTGTGGGAGCCCGTGGAACGCATCGGCGGCGATACCGGCTGGTATCAGGATGACGCCCTGTGGCGGCTGCGGGGCCTGCTGGACACCCTGGCCGGGGGGCCGGGCCTGCGGCGCGGCAGGCGCGACCCGGAAACCCTGCGCACGGGCGATGCCCTGGACTTCTGGCGGGTGCTGGACGTGCAGCCCGGCAAGCGGTTGCTGCTGCTGGCGGAAATGAAGGTGCCGGGCGATGCCCTGCTGGAATTCGTGGTGCGACCGGTACCCGACGCGGAACATGGCGGCGATGCCGTGGCAACGGCCACGGGTGCCGCAGCCACGGAGTTGTGGATGCAGTCCTGGTTCCTGCCGCGCGGACTGGCCGGACTGGCCTACTGGTATGCCTTGCTTCCGGTGCATGGGCGCATCTTTCGGGGCATGCTGGCGGCC
CP133659.1_gap62	2721413	2724972	3559	CGCCGTGGATTCCAAGGACGTTTCCAAGGCCATCGACGCCCTGAAGAAGGCCGGCAAGATCCACTCGCCCAAGCGCTGCTTTTACGAGCCGGTGGCGTAACGCCCAGGGGAGGGCACCATGAACGGATGGTAATCGCACCGAGATGATGCGGCAGCCCGGACAGCGTCCGGCACATCTGACCCACCCGTTTCAAAACCCCCGTCGCGTCCGCAAGGGCAGGCGGGGGTTTTCCCTTTGGGGCGGCCAAGAAGTCGATGGTGGTGGTGTGCCCTGCGGGACGCCGCAGCCAAGATGTACCCCACCGCGCGATTTTCCACCCTGATTGTTGACAAACCCGGTGCGCTGGGGCAATGTCTGCTCCGCGCCCGGCCAAGCCGGTGCGTCCCAACACGCCTGGGGCTGTAGCTCAGTTGGGAGAGCGCTTGAATGGCATTCAAGAGGTCAGGAGTTCAATTCTCCTCAGCTCCACCAGAAAGGATAAGGGTTCCACATCACTGTGGAACCCTTTTTCCGTTCCGGGCTCGGCGTCCAGCCCTTGCCGCGTCTGCCGCTGGCGTATTTCCGCACGGCAGGTGCGCGGCCCGCATCCCCCTTCAATTCTTCCGGCCTCGGCTCAGTACGCCGTAAAGGTGTCCTTGGGGCGGAAGCAGATGGGGCACTTCTCGAAGTCCTCGCCCTTGTGGATGTATCCGCAGATGGGACACAGGTGGAACTTGTCGTCGTCCGGCGCATCAAGGTCGTTGTAGGCGGCCAGGTAGCGCTCGGCGTGCACGGATTCGGCCAGCTTTGCCCGCGTGAACACGTGGACGGCCTTGCTGTTTCCTTCTTCCTGGGCCTTCCTGATGAAGGCAGGGTACATGTCCGACGTCTCGTAAATCTCGCCGTTGGCCCCGGAAATCAGATTGAGGTCGCACGCCCTGGCGGCGGGCGCGGCCACCGTGGGCTTCACGTAGCCGGGTTCCATTTCGGCCACCAGGGTATACTCAAGATCGATGTGGATCAGCTCGGCCGCCGCCGTGGCCTCGAAAAGCCGGGCGATCTGCGTGTAGCCCTGCTCGCGGGCGGCCTTGGCAAAGGCCGTGTACTTGGCGTGGGCTCCGGTTTCTCCGGCAATGGCGGCCTTGAGGTTCTCGAGGGTGCTGCCCACAACGGTTTTGCTGTCCGCCACTGTATTGAAATTTGTTGCGTTCTTGACCGTGGGTATCTGCGCGCGAACTTTCATGGATGCCGACTCCTTCTTGGTTGGGGTGAAGTGGCCCTGTGCGTCTTGCAGGATAATGATAATCAAAAACGTTTATTCAGCGCACTCTCATATGCCACAGTATCTGCCCCCGATCGCCGAGCGCGTCAAGTTTTGAGGCGTTTCCAAAGTGGCATGTCACAGCCGCAATGTGCCTCGCGGCACATCGGCGCATGTGCTCCGGCATTCACGCCTGACCAAACGCGGCATGGCATGATGTCCGGCTACCTGTACCCCCTCGCGGATGGACCGGGCCAAGGCCTTGATGGGCTGGGCATGGTGCGGTGTGGGTGGGCCGTGCATGGTGCCCGTTTACATTGCTTTACGTTCGGACCAAGGAATGCGAAGGCTGGCAGACAACACCGGCAGGCTGTCGGCGGGCGGATTCCCGTGGCGAATTCCACTGGACGCTCACCGACGGGTGCCGGAATGCCATCGGGGCGACCCGCCCCCGTACGCACACCCCGACGCGCCAAGGTTCCCGCATGCAACTGAACGCCATCCTGTGCCTGTGGAACGAGGAAGACATCATCGCCTCCACCGTGCGGCACGCCTTTGCCCAGGGGTGCGACAACGTCTGCTTCGTGGACAACGGCAGCACGGACGACACGGTACGCGTGGCGCAGGAGGCCGGGGCACGGCTGGTGGCCTCCTTCCGTACCGACGTCTTCGATGAATCCAAGAAGGTGCACTACCTCAACGCCGCCGTGGAGGCCCTGAACAGGGCTTCGTCCCATGACGTCAACTGGTGGCTGTATATCGACGCCGACGAGTTTCCGGACCTTGGCCCCGGCCCCGGTCATGGTGCCGACACTGGTCCTGACGCTGTCATGGGCACGGCGATGACCCTGCGCGACTTCGTGGCCGGGCTTCCGCCATCCGTGGGCGCGGTGCACGGGTACATGCACGACCACCTGCCCACGCATCGGCCCTATTTTGCCTCCGGCTATCATCCGGCGGACTTCATGCCCCTGTGCGTGAACACCGGCGTGGAAAAGGTGCCGCTGCTCCGCTACGTGCGGGGTGCGCCGCACGTAGCCTCCCCGGGCGGTGCGCACACCTTCGGCCCCAACGGCAACACCTTCGACGTGGCGCACGGCGCCCTGACTATCCACCATTTCAACCACCGCGACCTGGACCGCACGCTGGAACGGCTGGGTCGGCTCGTCAGCCGCAACGCGGACGGCACCAGCCGCATCGACTGGATGGATGCCTATACCCGCAGGGTGCACGGCAAGGACAGGTCCATGTACCACGAACGGTACGCCACCCTGCGCGAAACCTATGCCCGCAACGCCGGGCGGGCGTTGAAGACGCGGGACCCCGGCTATGCCTACGGCAACCTGGCGCGCTGGTACGACGTGCACGCCGACAAGGACATCCCCTCGGCCACGCGGCTGGAAAACTGCATCTCCAACGGGTTGCACCATCTTTTCTGCGGTCACCACGACCTTGCCCTGTGCCGGTTCAACGACGCGCTGGAGCAACCCTGCCCCGACACGACCCGGTTGTGGCTGCTGATCCGGATGGCGGAATGCTTCGCTCATTCCGACAGGCAGGCCAGCCGCGAGATCGTTGCCGCCATCCGCCCTGCCTGCGATGCGGAAATGGCCGCCTACCTGCACACGCTGCCGATCTGACGGGATGCCGCCGGGCGCGCGTGATCGTGCACGCAGCCCCCCGGTACCGGACACCCTGCCTTCGTGTGTTTTGTTCCCCGAAATAATGGCGGTACGCGGGCAAGGGTGTATTCTGAAAAGTACACAGCCCGTTTCGGGCGCATGGCGGCACCGTTTCCGCTTCATATCCCCTCTCCCCGCTCTCCCCGTTCCCGTGTCATGCCCGCGTGCATCTCCGTTCTGCCGCCACCCGAGCCTCGTGGTACGGAACAGCTTCGCTTCGAGGTACCGCAACCTGTCACGCAAGGGGACATCGGCATGGCACGTACCACTGAAACGGCGGAACACGCCCGCCTGCGCTCCTGCGGCGAAAGCACGCACGCCTGCACGACCAACGGCCATCCATGGAAGAAATGGGGTCCCTACCTCAGCGAGCGGCAATGGGGCACCGTACGCGAGGATTACAGCACCGACGGCGACGCCTGGAACCACTTCACCCACGACCAGGCACGCTCGCGGGCCTACCGCTGGGGAGAGGACGGCATTGGCGGCATCAGCGATGACCGGCAGGTGCTGTGTCTGGCCGTGGCCCTGTGGAACGGGCGTGACCCGATCCTGAAGGAGCGGTTGTTCGGCCTCACCAACAGCGAGGGCAACCACGGCGAGGACGTGAAGGAATACTACTTCTACCTCGACAGC
CP133659.1_gap63	2815905	2816716	811	CGTCGCCGGCCAGGTGTCGGGCCTCGACACCATGCACATCAGCCAGATCGTCGGCCGTCAGCTGCCGTTCCTGTCGATCCTGGTGCCCCTGTGGCTGTGCGTGACCATGTGCGGCTTCAAGCGCGCCCTGGAAGTGCTGCCCGCCGTTCTCGTGGCCGGCGTGTGCTTTGCTGGTTCGCAGTACGCCTTCTCGAACTTCCACGGCCCGACCCTGCCTGACATCATGTCGGCCATCATCACCATCATCGGCCTCGTGCTGCTGCTGCGCGTGTGGAAGCCCGCCACCACCTGGCACTTCCCCGACGAAACCCCCTCGGCCGTCACCGGCCCCTCGCCCTACTCCTTCGGTGAAATCATCCGCGCCTGGATGCCCTACATCATCCTGGCCATCATGGTGTTCTTCTGGGGCCTGCCGGAAATCAAGCCCTACCTCGACGGTGCCCTGGGCGCCGGCTTCGCCCCGCTGGCCGCCAAGGGCTTTGCCTGGCCGGGCCTGCACAACGCCATCGACAAGACTGCGCCCATCGTGGCCGCCAATGCTCCGTACGGCGCCATGTTCAAGCTGAACATCATCTCCGCCGCCGGTACCGCGATCCTGTTCACCGGCCTTGCCGCGGTGCCCATGATGCCCAAGTACGGCTACGGCCAGGCCATCCCCTGCCTGTTCCGCACCATGCATCAGCTGCGCTTCCCCATCCTGACCATCGCCATGATCCTGGGCCTTGCCCAGATCATGAACTACTCCGGCATGAGCTCGACCATGGGCCTCGCCTTCACCAAGACCGGCTGGCTGTTCCCGTTCTTCTCGCCG
CP133659.1_gap64	2832550	2837415	4865	CCGCCGCGCTGGCCAAGGGGCTGACCATGCCCGCCGGGCTGGAGCCCATGCTGGCCGTGCAGCGGCTGTACGCCGGGGCCGATTCCTTTCCCCTGCTGGCCGTGCCGCTGTTCATGCTGGCGGGCGAACTGATGTCCGCCGGGGGCATTTCGCGGCGCATCGTGGCCCTGGCCGATGCCCTGGTGGGGCACCTGCCGGGCGGGCTGGCGGCGGTATCGGTGGTGTCTGCCATGTTCTTCGCCGGGGTTTCCGGTTCCGCCGCCGCCGACACGGCGGCGGTGGGGTCCATCCTCATCCCGGCCATGATCCGGCGCGGCTACCCGGCCCCGCTGGCGGGTGCCGTGCAGGCCGCCGGGGGGTGCATCGGGGTGATCATTCCGCCCAGCATCCCCATGATCGTGTTCGGCGCGCTGACCGGGGCCTCCATCGGGCGGCTGTTCGCGGGCGGGGTGCTGCCGGGGCTGCTTATGGGGGCCTCGCTGGTGGCGCTGTGCGTGGTGGAGGCGCGGCGCACGGGCCGGGTGCCGGAACGGCGCTTCGACGCGCGTGCCCTGTGGCCCGCCATCCGCTCCGGGGCGTGGGCGCTGGGCGCGCCCGCCATCATCCTGGGGACCATCATCGGCGGAGTGGCCACCGCCACCGAATCGGCGGCCATGGCCGTGGCTTATGCCCTGCCCGTGGGGCTGTATGCCCACCGCGAACTGCGCTGGCGGGACCTGCCGCGCCTGGCCCTGTGCGCCGGGGTGACCTCCGCCGTGGTCATGCTGATCATCGCCGCCGCCTCGCTGTTCGGGTGGGTGATGGCGCTGGAGCGCCTGCCGCAGGCCATCGCGGCGTGGATGCTGTCCCTGTCCGGGGACCGCATCGTGCTGCTGCTGCTGGTGAACCTGCTGCTGCTGGTGGTGGGCGCCTTTCTGGAAACCACCGCCGCCATCCTGCTGTTCGTGCCGGTGCTGGTGCCGCTGCTGCCCGCGCTGGGCATCGACCTGGTACACCTGGGGGTCATCGTGGTGGTGAACCTGGCCATCGGCATGCTGACCCCGCCGCTGGGGGTGTGCCTGGTGGTGTCGTGCTCCATCGCGCGCATCCCGCTTTCCGCCATCAGCCGGGCCATCGTGCCCATGCTGGTGGTGTTGCTCGTGGATCTGCTGCTGGTGACCTTCTGCCCGTGGCTGGTGCTCTGGCTGGGCGGGTAGGCCGTACCGTCACCCCGGGGGGGAGAGGCCGCGCGTGGTGCCGCGCATCTTCTAGTCCGCTGCGTCCTCTCCTTCCGCGTCTTCACCTTCCGCACGGTCGGTATCCGCATTGAGGGGCGGAAGGGGTGCGTTCCCGGACGCGTCCCCGTCATCCTCCCCGCTGAAGCCGCCCACAACTTCCAGAAAGCCGCGCAGCAGGGCGTCGTCACGCCCGGCGCGCCACACCAGGTCCAGACGGATTTCCGGCAGGCCCGGCGCGCCTCCCGGAGCATCGTTGCCTGCCGCCACGTCGCGGTACACCACGCCCTCGCGCGGTTCGCTACGGGCGGATGCGGGCACGATGGCCGCACCCACCCCCGCCGCCACAAGGGCGCGCTGGGTGTTCAAGCCCACCGCCTCCTGCGGCACTTCCGGAGAAAAGCCTGCCCCGCGACACGCCGCGATGATGGCGTCGTACGCCGCCGGAAACACCCGGCGCGGGTAGAGGATCAGCGGCACCCCGGCCAGCGCGGCAAGGGGCACCACCCGCAGCCGTGCCAGCGGGTGCTGCGCGGGCAGGGCCACCACCTGCGGCTCGTGCAGGAACGGCGCATGGTCGAAGCCATCCGGCAGGCCGTCGAGATTGCGCAAGAGGCCCACGTCCAACTCGCCGGACTCGATGCGGCGCAGTTGCAGCAGGGTGCCCATTTCGCGCAGTTCCAGCCGCACGCCGGGGCAGCGCGCCCGGTAGGCGGCCACCGCCCGTGGAAAGCGCGTGGCCGCCGCGCTGACCACAAAGCCCAGCCGCAGTCGCCCCCGCTCGCCCCGCGCCGTGCCGCGCGCCCGTTCCACCGCCGCGTCCAGCCCGGCCAGCAGATCGCGCACGTCGTCGCGCAGGGCCTCGCCCGCCGGGGTGGTCCGCACCGTGCGGCTGGTGCGGTCGAACAGGCGTACCCCCAGTTCCTCTTCCAGCGCCTGAATCTGCTGGCTGAGCGGCGGCTGCGAAATGTGCATGCGCCGGGCGGCCCGCCCGAAGTGCAGTTCTTCCGCCACGGCCAGAAAGTAGCGCAGTTGGCGCAGCTCCATTATTGATACCTTTTGTGTATTGATTGGCTAGAAAATTCGAATTGGACATATCATTAGGTGCGCCGTAGCGTCCAGACCATGCACTCGGCCCCTGTGGCCGGTTGGTGCGTACGGACAGGTGGAGCATGACGGCGGTTCGGGATGGTCCCGACCGCCCGCTCCATCCCTCCGCAACCTGACGGAGCATGCCATGTTCGCCCTTGCCCTCATCCAGCCCCGCCCCGACCGCCGTCCGCCCGTGCTGGTGCGTCTGGCCCTGGCCGTGCTGATGGGCGTGGTGCTGGGGGTGGCCATGGGGCTTGGCCCCACGCTGGCTCCGTAACGTTCACCCCATTCGACCGCCACGCGCCAACGGGTCCGCCTGAAGCCCGGACGCGCGAAACAGGACGCCCCCTACCTGCCGGAGGGGGCGTCTTTTGTCGTGATGCGAAGCGGAGCGAAACGGACGGGGCGGGCTGTGCTGTGGGTTGAACCGTCCCGGATGGTGGCATCTGTTCGGATGGCTGCACCTGGTGGGCAGTCTTCACACGCACCAAAAAGTGCCTGCTTGACCACGACATCTGGCGGGGTATGTAGGGAAAAGTGACCAAACCGCGCCCGGCGTCCGGCAGCATGTTTCTGCGTGGCGGGCGCACAGCCCCGCGAGGTTGCCATGAACGTCCTGATCATCAACGGGCACGAGCCCTATCCCTTTTCGCCCGGCACACTGAACCGCCACCTGGTCGAACTGGCCCGCACCACGCTGGAAGGGCTGGGGCACACCGTGCAGGTTACCGAAACCAGCAAGCCCTATGATGTGGCGGCGGAAATAGACCGCCACCTGTGGGCGGACAGGATCATCGTGCAGTCGCCGGTGAACTGGATGGGCTTTGCGTGGAGCTGCAAGAAGTACATGGATCAGGTGTATTCCGCCGGTACCGACGGCAGGCTGTGCCAGGGCGACGGCCGCAGCCGCTCCGCGCCGGAGCGGCAGTACGGCTCCGGCGGGGCACTGCACGGCAGGCAGTACATGCTCTCGCTGACCTTCAACGCGCCCGCCGAGGCCTTTGGCGATGCGGGGCAGTACCTGTTCGGCGGCAAGACCGTGGACGACCTGTTCTTTCCCGCGCACATGAACTTCCGGTTTTTCGGCATGACCCCGCTGCAAACCTTCTGCAGCCATGACGTGGTCAAGAACCCGCGCATAGAGGAAGACTGCGAACGGTACAAGGCGCACCTGGCGCGACTGTTCGGGTAGGGCAGTCCTGACCGGAACGCGTGTGCGCATGAAAAAGACGCCCCATGTTGGGGGCAGGCTGTTGACGTAATAATAAAAGTTTTGGGGGGAGGGGGTTCGGGGGAGGAGACCCTTTTCCAAAAGGGTCCCTCCCCCGCAAGAATTTCGGGTTGTCGAAAACGCAAAGACGCCCCCTGCGCACAGGGGGCGTCTTTGCATTTCGGTCGGTCGGAAGCTTCGATGTGGCTACAGCAGCGGAATGTCCCAGTTGAAGGGACTGGTCCGCCGCGGTTCGGGCACGGTCAGGGGCGGGTGCTCGTCGATGCGCACGAACAGGGTGTACCCGGCGGCTTCCAGTTGGCCCCGGCGGTCCTCGATGTCCAGCGGCCAGCCGGGGTATATCCAGGTATTCTGGCCGTAGCGGCGCGCCCAGAACACCTCGTTCTTGGGGCTGTTGAACGGCTCGCCCGGCTTCAGCCCCTCCAGGTGGTGGCGGGTGACGCCCATGGGCCAGTAGCCGGACAGCACCACGCCCAGCGGCAGGCAGCTTTGGCGCGGCAGGGCCAGGATGTCTTCGCCCGGCAGTTCGGGGCTGACGATGGCGGCGGCAAAGCCCAGCTTGCGCAGCACGGCCAGCGCCGCCGGGTTGGAGGTGTTGCAGAAGGGACCGGCGGTCAGCACCAGGTCGCGCCGGGCGTGCCCGTCGCCGAACAGGCCCACCTGCCACGGGGCGTTCAGCACGAAGTGGCGCGCGCCGTCGCGGGTGGCTTCGCGGACCATGCGCAGCCACTGGGCTTCCTCGTCCGGCCAGATCACCGGCGGCAGCCACCACGAGATGCGCGGGTACAGCGTGCGCGACACCTCGCGCAGGGCTTTCGGCGACAGCCACAGGCCCATCACCGTGCCGGGGCGCACCCCGGCCTTGCCCTCGCGGCCATGCGGCAGCGAGCCGCGCAGGATCACGTCCAGCGGGCGGGCGGGCTTGCCGGGGGCGGGATAGCTGGGGGTGAAGTCCACCGCGCCGCCTTCGCCGCCCCCCCTGCGGTGGCGTTCCAGCTTGGCCTGCCAGCTGCGCACCTCGCGCGTCAGTTCCGGCTCGCGGCGGTCGATGAGGAACACCGGGGTGCCCAGCTTGGGCGTCTTGTGGCGCGGCAGGCGCAGGTTGAAGGTGCCTGCCTTGGGGATGTGACGGGCCACCGGCAGGGTGGTGTGCCACGATTCATCCTCGTAGCCGATGCGCAGCAGGTCCTGCGGCAGCAGCTGGAAGCGCGGCTTGAAGAAGATGCCCCCTTCCGGGGTCTGGCCCACCTTGCCCGCCAGCAGGCCGGAACTGGTCTGCTCGCCGGGGGCGGTGGGGTCGTCGCCGCGCTGGGGCAGAAAGCGCGAAT
CP133659.1_gap65	2841474	2843273	1799	CAGGTATTGCTGTACCTCTTCCATCCGTAGCAGCAGCGTCAGCGGGCTTACGGAAGAGGGGTGAAATCCGCAGCCCGTATAGAATGCCGCCGCGCGTTCGTGCAGCGCATGCACCAGAATGGCCCGGATGCCCGCGATGCCTGCCGCCTGGACGGTGCGCAGCAGGGCGTCTCGCACCAGCGCCTTGCCAATTCCCCGCCCTTGCATGCTTTGGTCTACGGCAAGACGGGCCAGAATCATCACCGGCACCGGGTCGGGCATGTTGCGCCGGATGCTGCCCGGGGCAATTTCGTGGGCTACGCTGCCTACCGCCAGCGAGTAGAAACCGACCACCCGCGTGCTCTGTTCCACCTGCCCGCCTTTTTCATGCAGGCAGGCCACGTAGGTGCGGGTGGCCTTGCCCTCGTTCCCGGCGGCGCGCATGCGCAGCCAGTCGTCCAGCACGGGCTCGCCGCTGCGGAACGCGGTCAGGTCATGTCGCGGGGTCAGAGTTTCCGGGGCGGCAACGCGCCCGCTCATTCGCCGTCATCCCACGGAGCGGGCGTGGCAAGCAGGCGCTTCAGGGCCGGGTTGTCGCGGACCGGGGCGTCCAGTGCGGCCTGAAAGGCGTTCCATTGCGCCGTGGAAAGCTGGAAGTGGGATTTTTCCAGCAGCAGTTCCTCGGCGGAGCGAACGGCATGCTCAAGGATGAAGGCCGTGCGGTTCTTGCCCGTCAGCGCAGCGGCCAGATCAATGATGGCCTTTTGCTCCGGGGGAACGCGCAGGTTGATGATGTCGGTGCTTGCCATGGTGGTCTCCTGTGCGGAAAGGCTATAGCCGGGCTGCGCGATTGTCAATACAATGTGTATACGGATATGTGGTTGGGGCATGCCCCCTTTGAAAGGTTTTGGGGAAGGTGGGTGGGGGTGCGGGGGAGGGGGAAAACCCTTTTGCGCACTGCGGACGCCATCCGTAAGGCTCGCAGACTCGCCTACGGCTGCCGCAAAAAGGGGTTCCCCCTCCCCCGGTGCCTCTTCCGACCCCATGCAGACAAAACGGGCCGCGCACCATGCAGTGCGCGGCCCTTGTCTTTTGGTTCGTCCTGGCACGTCGGCGCGACCGCCAGCGGCAGCCTACCCGATCCAGTCGTCGTCTTCCTCGATGGGGGCAAAGCCCCGGCGCATGGTGTTTTCGGTCACGCAGCGCGGGTCCATGAACTGCAACAGGTAGTCGGGGCCGCCGGTCTTCGATCCGACGCCGGACATCTTGAACCCGCCGAAGGGCTGGCGTTCCACCATGGCCCCGGTGGAGCCGCGGTTCAGGTACAGGTTGCCCACCCGGAAGTCGCGGCGGGCCTTGGCCAGGTTTTCGGGGCTGCGCGAGAACACGCCGCCGGTCAGGGCAAAGCGGGTGCCGTTGGCGATGGCCAGCGCCTCGTCAAAGCTGCCCGCGCGCATCACGGCCAGCACCGGGCCGAAGATTTCTTCCTGCGCAATCCGATGATGCGGCTTGATGCCTTCCACGATGGTCAGCGGCACGTAGCAGCCCTCTGCGGGAATGTCGGTGCGCTTCACCAGCACCTTGCCTTCCTGCTCGGCCACCTTCACGTATTCCAGAATGTTCTTTTGCAGGGACGCATCGGCCACCGGCCCCATGTAGTTGGCCGGGTCTTCCGACGGGCCGATCTTGATGGCCTGTGCCGCCTTGACGAGGCGCTCCACGAAGCGGTCGTAGATGGGGTCCAGCACGATGACCCGCGAGCAGGCCGAGCACTTCTGGCCCTGGAAGCCGAAGGCGGAGTTCAGCACCTGCAACACGGC
CP133659.1_gap66	2848022	2850768	2746	CCGCCCCGTCCTTCGGGGCGGAGGTGACCCTCGGACTGCCCCGTGGCGGGCGGCCCGCCCGTGCCCATGAGCGTGCGCGGCGTGCGCATTGCCGCCGGAGCCGCCGGAGACGCCGCCGACGCCGGGGCCATCCTGATCCTGCGCGACCTGCGCGAGGTGCGCCGCCTGCAAGACGAAGTGCGCCGCCGCGAAAAGCTGGCCGCCATCGGCAGCCTGGCCGCCGGGGTGGCCCACGAACTGCGCAACCCGCTCAGCTCCATCAAGGGCTACGCCACCTATTTCGGCAGCCGCTTCGCCGAGGGCAGTGAAGACCGTGAAGCCGCGCGGGTGATGGTGCAGGAGGTGGAACGGCTGAATCGGGTCATCTCCGACCTCATCGGGCTGGCCCGGCCCTCGGACATCGCGCCCCGCCCGGTGGACGCCGGATTTCTGGTGAACCACGTGCTGCGGCTGGTACGGCAGGACGCCGCCCACCGGGGCGTGGCCGTGCGGGTGGAGACGCCGGACGGTACACCGGACAAGGCACCGGACGAGGCACAGGACCGGGGCGGGGTGAAGGGCGGTGCGACCCCGCACGGCCTTGCGCAGAATGCCTTGCCTCGCGCGCTTCTGGACCCGGACCGCTTCTCGCAGGCGCTGCTCAACGTGTTCCTGAACGCGCTGGAGGCCATGCCGAGCGGCGGCGAGCTGGCCGTGCGCCTTGCCCCCGCGCCGGGCAACCGCATTGCGGTATCGGTGCGCGATACGGGCACCGGCATCGCGCCGGAGCATCTGGCCACCATCTTCGACCCCTATTTCACCACCAAAAGCCAGGGCACGGGCCTCGGCCTCGCCATCGTGCACAAGATCGTGGAGGCCCACGGCGGCGAAGTGTCGTTGCGTTCAACCCCCGGCCAGGGCACGGAGGTCACCTTCCTGCTGCCCGCCGAACAGGTGACGGGGCAGGAGCACGAGCACGCCACGGCGAACCCCGGGGCGGATGCTGCCGTTCCGGCTGCGCCTTCCGGCTCCGCCCCGGCGGTATCCCCCGCCGCATCCTCCACATCCGTCGCACCCGTCGCCACCATCGGGTCTGCCCATACCGCAAAGGACGACACGCCATGAGCAACGCCACCATCCTCATCGTGGACGACGACGCGGCGCACCGCTCCATGCTGCGCACCATGCTGCGCGGCTGGGGCTACGCCACCGAAGAAGCCGACGACGGCGAATCCGCCGTGGAAAAGGTGCGCCAGCGCGCCCGGGACGCTGTGCTCATGGACGTGCGCATGGCCCGCATGGACGGCATTGCGGCGTTGCATCACATTCTGGACTGGAACCCGGCCACGCCCGTGCTGATCATGACCGCGCATTCCTCGGTGGACACCGCCGTGGAGGCGCTGCGCACCGGGGCTTACGACTATCTGACCAAGCCGCTGGACTTCGACGTGCTGCGCCACACTCTGGAGCGCGCGCTGGATCACACCCGGCTGGCCAGCGAAAACCGCGAATTGCGCGAGCGCCTGACCTCACAGGGGGGCGCGCCGGGTGCGCCGCACGGCATCATCGGCCGCAGCGCGCCCATGCACGAACTGGTGGAGATGATCGCCACGGTGGCCCCGTCCGAGGCCACTGTGCTGATTACCGGCGAATCGGGCACCGGCAAGGAACTGGTGGCCCGCGCCCTGCACACCGCCAGTCACCGCTCAGCGAGGCCGCTGGTGACCGTGAACTGCGCCGCGCTGACCGAAACCCTGCTGGAATCGGAACTGTTCGGCCACGAGCGCGGGGCCTTCACCGGGGCCGACCGGCGGCGCGAGGGGCGCTTCGTGCAGGCCGACGGCGGCACCCTGTTTCTGGACGAGATAGGCGAGATGCCCCTGACGTTGCAGGCAAAGCTGCTGCGCGCCTTGCAACAGGGCGAGGTGCAGCGGGTGGGCAGCGACACCCCGCTCACCGTGGACGTGCGGGTCATCGCCGCCACCAACCGCGACCTGCGCGAAGAGGCGGCGGCGGGGCGGTTCCGGGAAGACCTGTACTACCGGCTCAACGTCATCGCCGTGCACGTGCCTGCCCTGCGCGAACGCGGGGGCGACGTGCCCCTGCTGGCCGCGTTCTTCCCGGACCGGTACACGGAAAAGAACCGCAAGCACCTCAAGGGGTTCACCCCGCAGGCCATGGACCTGCTGCTGCGCCATGACTGGCCGGGCAACGTGCGCGAACTGGAAAACGCCATCGAGCGCGCGGTGATCCTCGCCACAGGCGACTACGTGACCGAGCGCGAGCTGCCGTTGCATTTCGGCAGCGGGGGAAGCGGGGCGTCCGGCGGCGGCAACGCCGGAGCGGGCGCGGAGAATGCGCCCGCCGAGGGCGACGGGCTGGCCCCCTACGCCGGGCTGTCGCTGGAAGACCTGGAGCGCCGGGCCATCATCGCCACCCTGCGCGAAACCGGCGACAACAAGAGCGAGGCCGCGCGCCGCCCGGGCATCACCCGCGCCACCCTGCACAACAAGCTGAAGAAGTACGATCTGGAGTAGGCGTCCGGGGCGCGGACGCAAGATGGCGGGCGGAACACGGCAGGTGCCGGTTCCGCCCGTCGTATTTTCAGGGGGTGGGTGGGCGTCGTGGACGTTTTTACGGGGCTGCCCGCTACAATCCCGCGCGGGAGAATATCTCCCCCGCCCGAGCCGCGCCCATACGGGCCACGAACAGTTCGCGCAGGGCACGGATGTCGGCGGCGCGGGGAATGACCCCCCGCGTGAAGGGG
CP133659.1_gap67	2852606	2853189	583	GAATGAGCAGTCATGGAATCCTCCGGGCAGGCCCCCTGTCTCCGAGGGCAAGAAGTGTCGCGGCGTAAAGCAGCGGTGGGTCGGGCGGCTGGGGAAATCCGCCAGCGCGCATTCCCGCCAGGAGCGTCCGCCGACGCGTTTCTACATTTATGGATGCAGCGGCACGGGGGGCGCAGTGCCGGTGCGTTTGCCGCCGGATGCCCGTCCTGCATAGCCCCGCGCGGTGCGGCAGGCAAGTGGTGCGGGGTGGGGCGGCCCCGCCGACGTTCCGTTGCCCCTCGACAAGGTGGGGGTCCTGCCGCTACGGTGCGCCTTGCCGTCTGACCGTTTCACGCTTTCGTGAACCGGCCCGATCCGCTCATGCCTGTATTCGCTCATGCGTGTCCCGGCCACAGTCGCTCCGTTCACGCTGTTGCGCGCACCCCGCGCGGAGACGCCATGTCAGCTACGCCGCCCGCCACCACTTCCGCCGGTTCGCCCGTTCCTGATGACGACATGGAACACGTCCGCCGGTTCATCGCCGAGCGTGACATGTTCGCCAGTGCATCTGGGCATCGAGATCACCGAGGCTGCGCGCGGCTAT
CP133659.1_gap68	2856946	2859079	2133	GCATTCCCGGCCCCCGCGCATGTTCGTCGCATTCGCGGTAAAGGCCCGCCCTACGGGGGGCGGGCCTTTTTTCATTGCGGTGCCCGTCGTGTGCCTGGTTGCCCAGAGAGTCTGGGGCAAGGGACGGCAAGAACGCCGAGGCAGGAGGGGCAGGTGAACGCTGCCGGGGAGCCGCTTTGTAGTGTTGCAGGCCGAACCGGCGGAGCACATCCGGCATTGCAGCTCTTTTGTGGACGACGCAAAACCGCCCGGACTGATCGGATCGATCGGTCCGGGCGGTGTCGCTTGCGTTCAGGCTGGCGGAGCAGGTCTGCCGCCGGGGGTGCACCCGGCCAGCGCGGTGCTAGGCCACCGGGTTGCCGGTACGGATGCGCAGCCCCTTGGCCACGTCCATCACGAAGACCACGCCGTCGCCTTCCTTGCCGGTGCGGGCACCTTCGGTCACCGCTTCTAGGGCGGCAGCTTCCAGCTCGTCCTTGATGCCGATCTCAATGCGCACCTTCTTCAGCAGGTTCACTTCGCTGACCACGCCGCGGTAGGTTTCGGTGTAGCCCTTCTGGCGACCGGCCCCCAGGATGTTGGTGACCGACATGCTGTAGATCTGCCGGGCGTACAGGGCCTGCTTCACGGCGGTCAGGCGCTCGGGCCGGACGTATGCGATGATGAGTTTCATGGTGGTTATCCCCCTGCCCTTACTCGTTGGAAAAGATCTGGAAGCCGCTGTAAGCTTCGGAGCCGTGTTCGGTGATGTCGAGGCCCTTCAGTTCCTCTTCGGCGGGCACGCGCACGCCCATGATCACCTTGAGCACGTTGAACAGGATGAGCCCGGTGCCGAAGGCCCACGCAAAGGCCGCGCCCACGCCGATGGCCTGGGTGATCAGCTGGTCGGCGCCGCCGCCGTAGAACAGGCCGGTGATGGTGCCGTAGCCGGGGGCGGCGAACAGGCCCACCATCAGGGTGCCGTACGCGCCGCACACGCCGTGCACCGAAATGGCGCCAACGGGATCGTCGATCTTCAGCACCTGGTCGATGAACAGGACGGACAGCACCACCAGCACCCCGGCGCCAAAGCCGATGATCAGCGAGCCGACGGGCGACACTTCGAAGCACCCGGCGGTGATGGCCACAAGGCCCGCCAGCGCGCCGTTCATGCTCATGGAAACGTCGGGCTTGCCGTACTTCAGCCAGATGGTGATCATGGCGCCCAGCATACCCGTGCAGCCCGCAAGGCAGGTGTTGACCGCGATGTAGCCGATGGTGCCGTTGGCCACGGTTGTGGAGCCGGGGTTGAACCCGAACCAGCCGAACCACAGGATGAACACGCCAAGGGCGGCCAGGGGCAGGCTGTGACCCTGGATGGAGCGGGCCTTGCCGTCGGAGGAATACTTGCCAAGGCGCGGGCCAACCACGATGGCGCCAGCCGGGGCAACCCAACCGCCCACCGAGTGGACCACGGTGGACCCGGCGAAGTCGGAGAAACCCATGGCCGCCAGCCAGCCGCCTTCGTTGCCGAACAGGTTGCCCCACGCCCAGTGCCCGGTGACCGGGTAGATCAGGCCGGTCACCACCATGCTCATGATGATGTACGAACCGAACTTGGTGCGCTCGGCGATGGCGCCGGACACGATGGTGGCGGCGGTGGCCGCGAACACGGTCTGGAAGAACAGGAAGGTCATGGCCCACTGGCCTTCCGGACTGGCGCCGTCGAACGATGTCAGCGCGAAGTCCGAGCCGCCGATGAAGCCGCTGACGGACTTGCCGAACATCAGGCCGAAGCCGAACAGGAAAAAGAGGGGCGCCCCGGCGGCGAAGTCCAGAAAGTTCTTCATGATGATGTTGCCGGCGTTCTTGGCGCGGGTAAGGCCCGCTTCAACGAACGCGAAGCCCGCCTGCATGAACATGACGAGGATGGCGGCGATCAGTGTCCAGAGCGTGTTGGCGTCGGCCTGCGACAGGAACTGCGGTGCGTCCTCGGCGTGGGCGGGCAGCGGTGCGAGCGCGGCCAGCCCCAGCACGGAGCACCCGATGGCCAGAGACAGCAGGGAGCGTTTGCCCGTGAACGATGCGGTGATCATGGTTCCTCCTTCGACCCCGTGATCGAAAACCCCTCGAAGGGTGCGGTGATGTTGTACA
CP133659.1_gap69	2893312	2894262	950	CTGTGGTCCGGCTCGCCGTGGTTGGCCACCACGTAGTCGATGGACGAAAGATCCACCACCCGCGCCAGGTTGTCCACGAATTCGCGGGCGTACGGTCCCCACACCGTTTCGATGAGCGCGGTGCGGCCACCGGGGTCGCGCACCAGATAGGCGTTGTAGCTGGAGCCCTTGTGGGTGGAATATTCCTGCCCGTGAAAGGTGCGCAGTTCCCAGTCTATCTTGCCCACCCAGTGGACGCGGTTGGTGAGTTGCATGGCCTGCCCTCCGTGCGGCGCGCGTGGCGCACCCCTCGGGCCGCGCCGCGTGGGCCGAGGGGTGGAAAGGACGGGTGAAAAGAGGAGTGTCTACCTTGCCACGCTGGCAGGTTGCGCGGCTGGTGTCAACAGGCCGGAATGCACGCCGGGCCGGGATTCCCCGGCGGGCACGGAATGTGGGGGAAAGGTGCGGGTTCCGGCCATTCGGTGCCGGGCGTGGCGCGGCTGGCGTGGCGTTGTGCCGCCGGAGCGGGAACGGGCGCGGGATGCGGAAAACGGCGGAGGGGGAACCCTCCGCCGTCGGCTGTGGCGAGTGCGTCGATGCCCCGAGCCGGAACCCGGAACGGCTTCCGTGAATACGGGGCGATGCGGTACGCGGTGCCGCCGGGGTGCCAGTGCGTCCCGGCGGGCGGTGCCCGGCGTCGTTCGGGGTTGCTGTGTCAGGTGACTGCCTTCCTGACGTCAGGTGACTGCCTTGCTTGCGCCAGGTGGAGGCATTCTTCCTGACGTGGGGCGGCGGCTGGTTCAGGCGTGGCATCCGGCGCGGGGCGCCTCACCGGGCACCCACACGCATTCCTCGGACGAGGCGCGGGGGATGCTGACGGTCAGCACGCCGTCGTTGACCGAGGCGGAAAGGGCCTCGGGCACCGCGTCGTCCGGCAGCACCAGAATGCGCCGGAAGCTGCCGGGCTGCCG
CP133659.1_gap70	2917355	2920199	2844	CGCTTCCGCGTCCGGGTTGATGATCACGCCGGGGTTCAGCAGGCCGTACGGGTCGAACAGGGTTTTCAGTTCGCGCATCAGCAGGAAGGCGTCGCGCCCCCATTCCAGTTCCACGAACGGGGCCATGTTGCGCCCGGTGCCGTGCTCCGCCTTGAGCGAGCCGGAGTAGGTGCCGACGACCATGGCCGCCACGTCGTCCATGAAGGCGCGGTAGCGGTCCACTTCCGTCTGGGTGTTGAAGTCCTGCGTGAACACGAAGTGCAGGTTTCCTTCCAGGGCGTGGCCGAAGATGATGGCTTCGCTGTAGCCGTGCTTGGCGAACAGGGTTTGCAGCTCCAGCGTTGCGTCGGCCAGCGAGGCGATGGGGAAGGCCACGTCCTCGATGATGACCGTGGTGCCCACCTTGCGTACCGCGCCCACGGCGGGGAACAGGCCCTTGCGCACGTTCCACAGGGTGCCGAACTCGGCGGGCACGTCGGTGAAGGCCACCGGGCGGATCTTGGGGATGGCGTCTATGGACGCGGTGATGCGGGCGATCTGGTCGTCCAGCGTAGCCTTGTCGGCGGCGCGGGTTTCCACCAGCAGGGCGGCGGCGTCAGCAGGCAGGCCTTGCAGCCCGTCGGGCATGCCGGGCTTGTCCTCCACCGAGCGCAGGGAGGCGCGGTCCATCATTTCCACGGCGGACACGGGCTGCTGGCGCAGGATGATCGTTGCCTCGCACGCATCGCGGATGGTGGGAAAGATGACCAGCGCCGAGGCCTTGTGGGCGTGCTCCGTCACCGTGTGGTAGGTCACCTCGCTGATGAAGCCGAGGGTGCCTTCCGAGCCAACCATGAGGTGCTGGATGATGTCGAACGGATCGGCAAAGTCCACCAGCGCGTTCAGGCTGTAACCGGTGGTGTTCTTGATCTTGAACTTGCGGGTGATCAGGTCGGCCAGTTCCGGCTTGTTCATGATCTGCGCCCGCATGGCGGCCACGCCGTTGACTATTTCCGGGTGGGTACGCTGGAAGGCGGCGCGGCTTTTGGTGTCGGACGTGTCCAGCACCGTGCCGTCATGGAACACGACGCGCATGTGGCTGAGCGTCTTGTAGCTGTTCTCGGCCACGCCGCAGCACATGCCGCTGGCGTTGTTGGCCACGATGCCGCCGATCTTGCAAGTGTCGATGGAGGCCGGGTCCGGCCCGATCTTTTTCCCGAACTCGGCCAGCAGCCGGTTGGCGTGGCTGCCGATGATGCCGGGTTGCAGGCGGATTTTGGTGGCGTTGTCGAAGATGGCGTACTTGCGCCAGCCGTCGCCCAGGCGCACCAGGATGGAATCGGTCACGGCCTGGCCGGAAAGGCTGGTGCCCGCCGCGCGGAAGGTCATGGGCAGCCGGTGCCTGTTGGCCAGCTTGATGACGCCCACCACTTCGTCCTCGTTGTGGGTGTCCACGACGATCTTGGGGATGAGCCGGTAGAAGCTGGCGTCGGTGCCGTAGGCCAAGGTGCGCAAGGGATCGGTGAACACGTTGCGCCGGGGGATGAATTCCAGAAGTTCCTTCAGAAATGCCTGGTACGCAGCGGGGAGCATGCATGCCTCCTGTTGGGCGGTTGGCGGGCAGCCTTTGGGGCGGAAGTGTGTCTGTGGCCGTTTCGCGCGTCATGTCCGAATGGCGCGCCACGCGACCGTCATGCCGCGCTTCCGGGTCGGACAGACGCGGCGGGGCCGGAACGGGCCGTGCATATGTCATGAGGTATTGGTGGGATGGCGGACAAGTATAACGTTCCGCCATGCCCGGTGCGTGACGGTGCGCGGGACTCCGGGAATTTCCACCCTAGCACGGGGGCACGGACGTGGGAAGGGGCACGGTGCGAAAGGGGTGGGCGCTCACGCGGTGGGGCGGGGAGGAACGGAACGGTGCAGGCTTGGCGCAACATCAGCTACATGCTGAAAGGTATGGCATGATGCGGTGGCGCTGGTATGGGTAGGTTTGAGCAACCATGCTAAAAAGTGAGGTAAATATATTAGAAATAAAATATTAAATAGACATTTGACATTGTGGTTTATTGACCCTACAAAAATAGAAAAGGCCCGGCGTATCTTGAAGGCCCAAGTTCCACTTGGGAGATTTTTAGAGAGCGCGGGGCCTTTGTTATTTTGTTTTTGTTGGGTCGAACGTGTGATTGGTCGGTACGAATTTCCAATGGCGAAAAGGCATGCTCCACGCGCTGTAATCGCCGTGCAACATTCCTGTGCTGTCCCCTATGTTGAAATTGTATCCGCCATATAATTTTTTTATTTCGTGGAGAATATGCTTGTAAAGAGATTCTTTAGCGATTGTCCTGCGTCCTCTTCTGCGTTGTCCTTCTGGAATCGCTCTGTGTAGGTTGTTCAGTCTAAAAAACATTGCCCCAAGTACTATGTCGAGGCATTGAAGTATATCATGTTTTTTTGAATCTACTTCGCCGATGCCGTCGCGAAGTATTGTCAGGTTGTGAGGTTCAGTGAATGTTTTTATATTGTAAACGAAATTTTTGAATGCTTCATTCTTTTCTTTTTTATCAGGAAGCCAGTCAAAAAGAATTTTTAATTTAGAATTTTCTGGATGCTGTACTTTTGTGAATCCAAATGCGAATTTAAGAAAATGGTAATATAAAATGAAAAATGTTTGCTCACGCTGCTCCTTTGTAAGGCCATTCGGTACAAGAGCATTTTGAGTGAACATAATGCGTATTTTTATCATATCTTGTTCCATGAATGAGAAAAATACGGAAATCAAATCTTTATATTTTTCAAGATAGTTTTCGGTAACGCGATTCCACTTCACTTCATTGTGAAAATTTAGAGAATTCTTTTTGTCGC
CP133659.1_gap71	2952532	2954631	2099	GTTGCATGCAAGCCAATCCTTTCGGAAAGACCGTCTGGCGAGGCACGTGCCGGGCCGCAGGCACGCAAGCCAGAAACACCCCGCTTGCGCGGTTGCAACGTGGTCAGCCTGCATGGAATGGCATATTCGTGGATGGGGGCGGGAAGGGCGAAAAGCTGAAGCAATGAACAGGCGTGTGCGGTGCTGTGCGTGTGTGCCTGAAGGCGGGAAGCCCGGAAAGAGCCGGGTGTCTACCGGTTCTTCCTCCGCCATTCCCACGGCGGGGTGGGATTGCGGGTCTTCCACAGCCCGATGTTGGTCTCACGTGCCTTGCCGGCAGCGAAATACCAGGGCAGGCAAGGGTAGGGCAGGCGGCAGTATTCGCCGTAGAACCAGGCCTGCCCGGCGTGCAGCATGTCGCCGTTCACATCGCCGGTGAGCTCGCCCGGCAGGCCATCAGCGGCGGAACTCACGGCGGCGCGTGCATCCTGCCGCCGTGGCGGCGTGGCTGCGGCTTGCGGTGCCTCGCCTGAAGGTACGATGGCTGTCGCCCAGGGGAACGGCTTGGTGCGCACATGCGCCACGTCGCGGCCATAGCCGTCGCGGTCGATGGTCACCAGGTACACCTTGCGGTCCATGACCATGCGCAGCAGCAGATCGCGGGACTGCTCGCCCCCGCGCTGGCGCAATTCCGGCGCGTCGATGCCGTACAGACGCACCCGCACGTCATGGCCGCGCTCATCGCGCACAACGATGGTGTCGCCGTCGGGCACGCCAACCACCAGACCCTGCCACGATTCAAGCCCCGCCACTGTCCACAGGGCCAGCACCAGCAGCAGTCCCATCAGCGAGCCGGGGCGGCCCAGCATGCGCCACGGGATGCGGCGCGACAAATGCGGCTGGCGCGGCCACCTGATCGGAAAGGATACGGGCAGGCGCATGCCGGTCAGTTACCAGCCTTCAGTGCGCCCAGTTCGCGCTCGACCACGGGCAGCATGCGCTCCACGATGACCTGCACACCCTGTGGATTGGGGTGCATGCCGTCCGGCAGGTTCAGCGCACGGTCCAGCGCCACGCCGTCCAGAAAGAAGGGATACAGCGTCAGGCCGTACTGCTTCGCCAGTTCCGGGTACACGGCGTCGAAGCTGCGGGCATACTCGGCCCCCATGTTCTTCGGAGCGCGCATGCCCGCCAGCAGCACACGTACGCCATTCTTGCGGCAGATTTCGATGATGGCGGACAGGTTGCGGCGCAGGTCGTCCACCGGCAGGCCGCGCAAGCCGTCGTTGGCGCCCAGCTCGAGGATCAGCAGATCCGGCTTGTCGGCCAGCGACCATTCTACCCGGGCAAGCCCCCCGGCGGAGGTATCGCCCGAAACCCCGGCGTTGGTGATGCGCACCGGGCGTCCCTTTGCGTTCAGCGCGGCCCCCAGCCGTTCCGGGAAGGCCTCGTCCGGCCCGAGGCCGTACCCCGCCACCAGACTGTCGCCCAGCACGAGGATATGCGGTATGGAGGAATTGCCGCCGCTGGCGGCAAAGGCCGTGGACGACGGCAGCAGCGCCAGGCCAAGGCCCGTGAGGGCCGAGAGCATGCATAGCGTCGTCGACAGCACGCCCAGCGCCGCCGTCAGCAGCGACCGGCACATGCCAGCATTGCGTGGGCATATCGACGGGCACACACCCTGGCCGCGGCCTCTCGCCTGCATCAGCCGTCCCGCCGGGGCCACCGCCCGGCATCTACCCCATCCGCCAAAGGTGATTTGCGTGACAGATACGATCATTGCACTCTCCGGTATACATCTCAACCTAGTGGGCGGTTCCGGCCAGGTCAACATCCTGCGCGGGGTGAACCTTTCCGTGCAGACCGGGGAAACCGTGGCCATCGTGGGGCCTTCCGGCTCGGGCAAGACCACCACCCTGATGATCATGGCCGGGCTGGAGCGCCCGAGCAGCGGCACGGTGAGCGTGGCCGGGCATGATCTTGGCGGCATGGATGAGGATGCGCTGGCCCGGTTCCGGCGGGCGCATCTGGGCATCGTGTTCCAGTCGTTCCATCTGGTGCCTACCATGACCGCGCTGGAAAACGCGGCCCTGCCGCTGGAATTTTCGCATGCGCCGGAT
CP133659.1_gap72	2968566	2971706	3140	TGCATTTCAAGCTGATGAGATGGAGAAATCCTTGCTGAAAATTCAGCAGGATTTCTTCGCGCTAGCCAACGAGCACGTCCCAGACCCCAAGAGGCAGCAAGCCTTGAAGGACAAGGTCGATTCGTTCAAGAAGCAGCTTGGGGTTTTCCAGGGCATGTTCGCGGAAATGAAAAACCAGGAATATCTGAAGAAGACGCAGGATATTTCCCGTTCGTTCGAGGAGTTCCATTCCGCCGGCTTGTCCATGACCGAGGCGTTCCACACCCAGGGCATGGAGAAGGGCCATGCCTTGAGCAAGCAGTTCGACGCCCTGGCCGTAAGCCTGGAGCAGCAAGTGGACGTACTCCGGGAGAGGCAGGCTCAGGTGGTCAAGGAAGCTTCCCTGGGCGTGACCCAGTCCATAGATGCGATCAAGATCGGCATGGTCATTACCGGAGTCATCGCCGTAGTCTGCGGCGTGGGCATGGCGCTCCTGCTGAACAAGGGCATCGCCCGCCCGCTCATGGATATCTCAGCCCTGGCCAGGAGGGTGGCGGCCGGAGAAATGTCCTTGCGCATCGGGTCCTCCGGCAAGGACGAGGTCGGCGAGCTCGGACAGGCGTTCAACTTCCTCCTGGAGAAAATCGAATCCGCCATGGTTCTGAATCGCGCCGTCCTGGACGCGATCCCCGATCCGGTCTACCTAGTGGATAAGGCTGGCAAGGTGTTTCTCGCCAACCAGGCCACAGCCAAGTTTGCTGGGAAAGCCATGAAAGACGTTCATGGCGCGGATTGCGCGGACCTTTTTCGCGCCGAAGGCTGCCAGGGGGGCGCCTGCCCGCCTTCGGGGTCTCCCAAGGCGCGCGCCGAGGGGGAAATCATGGTGTGCAACCTTGCCGGTGGCGCCGTGTGCTTCCAGCCCTTCGCCGACACCGTTCGGGACAAGCAGGGGCGCGAGATGGGAGTCATCGAGGTGCTGCGGGACGTGACCTCCCTGGTGCGCAAGGAAGAGGAGATCAAGGCCGGCTTCGAGCAGCTGAGCGCGGTTCATTCCGAACTCAGGGATGCGGCAACCCGCATAGCCGAGACCTCCGGAGAGATCACCAGCCAGGTTGACCAGGTCGCCCGAGGAGCAAAGGTTCAGACGGACCGCGTGGGTGAGACCGTTCTTTCCATGGGGCAGTTGCGGGAGACGATCCTGGAGGTTTCCCGGAACGCGGCCTCAGCCGCCGGTCAGGCCGAGCTGGCCAAAAACAAGGCCCAGGAAGGGGCGTCCGTGGTGGGTGAATCCGTCGAGGCCATCGGCGTCGTGCACACCCTGGCCGGGCAGCTCAAATCCGATGTTTCCGCCTTGGGGCACCAGGCTTCGGCCATAGGACAGATTATCGATGTGATCACGGACATCGCCGACCAGACCAACCTGCTGGCCCTTAACGCGGCCATCGAGGCCGCGCGCGCAGGCGAGGCCGGCCGGGGGTTCGCGGTGGTGGCCGACGAGGTGAGAAAGCTCGCCGAAAAGACCATGAAGGCGACCACGGAGGTGAGCACGGCCATCGCGTCCATCCAGCAGGGTGTCGAGGGCAACATCCGGGGGATGGATCAGGCGGTCGAGGCGGTTGAGGCCGCGACAAGGCTGGCCAACCGTTCCGGACAGGCGCTGGCGGAGATAGTCCCGCTCGTGGACGCCACTTCCGACCAGGTTCGATCCATCGCCACGGCCGCTGAGGAGCAATCCGCCACGTGCGAGGAGATCGGGCGCAATGTGGACAACGTCAACGACATCTCCGTGAAGACGGCGGAGGACATGGACCTTGCCGCGGATTCCATCGGCAGGCTTTCGGAGTTTGCCCAAAACCTGCGCCGCCTGGCGGAATCCGAGAGCGGCGTATGACCCTGCAGGGGACAGTTCCCCCGGATGAAATGGGGAAGGCGGCCCATGGGGAGACCTCTCCGTTTTTGCGCGGCGACCTGCGCGCCTACGGTCCGCTTCTGACGTCGCTGGCGCTTTCCCTCATGATCGTTTGGCTTGTGGTCAAGATACTTCTCTTTGGCGAATCGGTGATCTCCTATTATACGCCGACGATCCTCGCATTCGAAGATCTCATGGTGGCAAGCGAGCACTTGCGGCGTGCGGCGGATACCTCTCAGGGCGATTTTGGCGCGGAAAATATCGCTGCCCAACATTTCCTGCACGCTGAGGCAACATTGCGGGAATTGGTCTACGAGCAGTGGCCGAAAGACAACATCCACCATGTCATGGATTTGTTCGGGGAGGTTCAGCAGGTCGCCGAGTCCTTGTCGAATCGGCAATATGGGGAAATGCAGCGCCATTTGTCGTTGATGATGCCGCTGCTGGAGGAGCATGTCAGGCAGCACAAGGAAGAACTCATGGTGGGCAAGCGCAACATCAAGCTGCTGGCCACAGGGATCGGGCTGGCATGCCTCCTGGTGATCGCCATGGGACTTGCGGCGACCGTGCGCGAGCGCAAGGCTGCCCGTCTGTACCGCCGGGAAAGCGAGATCAAGTCGGCGCTTACCGCCCTGATCTCCGCCCTGGATGCGCGGGAGCCGTACACCAAGGGCCATTCAGGCCGGGTGGCGGAGTACGCGGCCGCGCTGGCGAAGCACTTCGGAATCCGCTCGGAGGAATGCCGGAAGCTTTACATGGGGGCGCTTCTACATGATATCGGCAAGATAGGCGTTCCGGACAGCGTGCTCCTGAAAGAGGGAAAGCTCACCGATGAGGAGTTCGCCGTCATGAAGCAGCATCCCGTGATCGGAGAACGCCTTCTTGCGCCAGTTGAGTTTCTCGCCGAACTTCTTCCGGCAATCAGAAACCATCATGAGCGCCATGATGGCAGGGGCTACCCTGACAAGTTGGCCGGGGAGGGGATCCCCTTTTTCGCGCGGTGCATCGCCGTGGCCGACGCTTACGACGCCATGACCACGGACCGGCCCTACCGCAAGGCGTTGACCTCTCAAGAGGCGAGGGCCGAGTTGCTCAGGCTGCGCAACGTGCAGTGGGATGCTGCAATTGTCGACGCATTCTTGATCATTCTTGATGGTGACGTTGAAAGAGAAGAAGCATCATGAAAACGCTCAAAATCAAAGCGGCCGTATTTCTGGTCGTCGCGGTCAGCACATTCATTCTCACGCAGGGA
CP133659.1_gap73	2990014	2994668	4654	CCAAGACCTCGATACCAACCGAATGAGAGGCCGGGATGGCATCGACGGTGGCTGCGGTCCGGGTAATGACGATCTTGTCCTGTTCCAGGGCGATGGGGCCGCCGACAGAGTCGAACACAAACACCTTGAAGGTGTTGTCGCCGGTTTTTGTCAGAGTGACGTCGATGGTTGCGCCATGCTTGAGCGGAAGGCGACCGGAGGTCCAGCCAGTATCGACGCTGTCGACCTGGAATTCGGAGCCAGCCGCAGCCTGGCCTGCCAACTGAACGGCAATCTTGGCTTTCACATCCGGGGTGCGGGCAATGTAGTTGAACGAGAGTGCCAGCCCACCGCCAGATGAAATCTGTCCACGGGTGTTTTTGCGTGACCGGTTCTGCGAACTCCAGTCGATGGACTCCGCAAAAAGGCTTGCCCCTTCGGCAACGGCCGTCATGGGATTTACATCGGTGTTCCCTGGAATCCCCAGCTCAAAGGCAACTTTGTCGCGCAGAGGTTTGTAATTGGTCGGTCCGCCGACGAACACAATACGCTCCAGGTCATGCGGAGAGAGACCGGCCTTGTTGAGCGTCTCCCGGGCAGAGTCTATTGATTCGCCGACGCGCTCGGCAATGAGTTTGTCGTAGGTGTCACGCTGTAGGGGAATATCGAGATAGATTTCATTGCCGTTGAGATCCCTTACCCGGGCTTCGGTTTCCGAGAGGCTGATAACCGAATCCTCGCGGGCCGAGAGTTCGATCTTGGCGCGTTCGGTGGCCCAAGTGGCCAGCCGGATGAGCGACTTGAAGCTTGGATTCACGGAAAAGTCTTCTGGCAGGTCGAAGTTTTCCAGCAGCCAGGGGCGGACAACGTTATCGACAAGCACGCGGTCGAAATCCCGGCCGCCACACATTGCGATACCGCCGTGGGCAAGCAGGTTGACCCGCCCACCAAGACTTTCGGCAATGGCGATATCCAAGGTGCCGCCACCCAAGTCGTAGATCAGGAACATGCCGTCGGTGTTGCGAGCACGCATGACGCTCATGACCGCTGCGACCGGCTCCTGCATAAGCGCAACCTTGCCGAGACCTGCCATGCTGGCGGCCTGCATAGTGGCTTCCTTCTGCATCTGGTTAAACGCCGCAGGTACGGTGATGACGGTTCCGGTATCGGGATCGTTTCGGATTTCTTCCGGCATGTAGCCGAACAGGACCTTCAACACCTCTGCGGAGCATTCTTCGGGAGTCTTGGTGAGTTTCACCGCAGAAAGTTGAACAGGAGTGCTCGTTCCCATAAGCCGCTTAAACAGCATCGCGGAGTTATCAGGGCTGTGCGGAGCCGAATCGTAGGCCCGCTTTCCCACGTATTTATTGCCGCGTCGGTCGATATAGATCGCCGATGGCGTCACATCATTCTGTTCAGGACTCTTCCAGATGCGGGTTTCGGAACCGTCATAGGAACAGATTGCGCTGTTTGTTGTACCCAGGTCAATGCCGACGAAATTTTTCATGGTTCCACCTTCCTCAACGTGACGGTTCCGGCCTTAATCAAACCTTCTTTCCCCATAATGATCGGCTCGAGCATCTGATCGACCATCAAAGCATCCTTCGCATCGAACTCTTCGATGTTCAGCGGAGTGGCGGCCATGCCAGGATCGAAGGGATGCCCCTCGACGTTGACGATCCGCAGATCCGCATGCTCAAGGGCCTCTTCGACCTTTTTGATGAACCAGCGGAACTGGCTCTTGTACCGGTTCTGTTCCCCGGCATCGAGTTTCATCAGCATACGGTCAAACACCCGACCAAAGCGCCAGGACTCAACCGCCATACTGATCACCGCATCCCGCATAGCCTCGGGGGTCGTTGTGGTTTGCTCAGAGTCCGCCATATTTTTCTCCGTATCCTGTGAAAATTCTCAATAGTACTGCCGGATATATCCGAAAGCTTTGTCAAACAGATCCTGGTCTTTGACCTGGTACTTCACGTAAATCACTTTGCGCAGGACCTTCTGGACCTCGCGTTCTCCGGCCTTAGTGTTTTGCCAGCCAGGGAACCGGACCAGCCTCACGATCTCGTCGATGTCGGTCACGATCCGCTCGACCACCATCGGCGTCTTGCCGTTCTTCATCTCGGCGAACAGCTCGGTCAGGGCCGCTTTGGCCTTGGCCTGTTCATCGACCGGGTCCACTTGCTTCTCGGCCTGGACGACCTCTTTGGCCAGAGTCAGCAGTTCTTTGAGGAAGTCGAGGCTATGAAGTAGGCCCTGTTCGTGCCGTTCCTTGAGCTTTTCGAGGCGCTCGCCCAGGGCGACAAACTTCCGATTGTTTTTATGCTTGCGCAGGCGAGCGATGAGCTTGATCTCTATTTCCCTGGATTTCTTGTCCGGGTCCTTGGCATCGAGTAGCCCTTCGAGGACCTCAGCGTCCATCACTAGGGTGTCCAGATCGTCGCGCACCGTCTCCAGATGCACGTTTTCATGGACCAGTTCGATGGTCTTGGCCCCTAGGGCGTACCAGAGCAGCTTGCCGTTGCCGCTCGGCGGCTTCACCGATTCATAGACCTGGGTCAGCCACTTGTAGTCCTTTTTATAAGGGCCGAGACAGGGATCGGGAGACAACGCCTCCCACAGTCGGGAGAGCACCGAATATTCCGCCGCGAACTTGTCCCGGGTCTCGTTATCCGGCAGGCAATCCTGCGCCGCGATCAGCCCCTCGTAGCCACCTACGGTGCGATCCACCCCGGGGAAGAACGCCAGGCATCTCGCCACCACGCCGGGTAGCTCTTTCTTGAGGTCATCCAGATTGGTAATGACCTTCTGCACCGCCTTTTCATCGAAATCGAGGGCCGTGGCCACGTCATCGAAAATGCCCAGGTAATCCACGATCAGGCCGTGGGTCTTGCCGGGATAAACACGGTTGGTGCGGCAGATGGCCTGTAACAGGTTGTGGTCCTTCATCGGCTTGTCGAGGTACATCACCTGCAGAATGGGGGCATCGAAGCCGGTCAGGAGCTTGGATGTGACAATCAGGAACTTGAGCGGGTCAATCGGATCACGGAACCGGTCGAGGAGCTTTTCCTCCTCGTCCTTGGCCAATTTCCATTCCGCGTACTCGTCGGACTTTCCGCCCTGGGTGTGCATGACAATGGCGCTGGCCTCCGGGCCGACCAACTCGTCCATGACCTTCTTGTAGAGAACGCAGCATTCCCGGTCGAAGGTCACGACCTGAGCCTTGAAGCCGTTCGGCTCCACCTTCTCCTGGAAGTGCTTGACTATGTGCTGGCAAATGGCGTTCACACGGGCCGGGGCCTTGATCAGCACCGCCATCTTGGCGGCCCGCTTGGCTAGGTCGTCACGATCCAACTCGCTCAGTTCATCGGTCATCTGTGAGTAGGCTTCGTCGATGGCGTCTTTATTGATGCGCAGCTTCACGTCCACTGCCTCAAAATGCAGCGGCAGCGTGGCCTTGTCCCGGATTGAATCTTGGAACGAGTAACGGCTCATATAGCCCTGCTCATCCTCGTCCGCGCCGAAGGCCCAGAAGGTGTTGCGGTCCCGCTTGTTGATCGGCGTACCGGTCAGACCAAAGAGAAAGGCATTGGGCAGCGCGTCGCGCATCTTGCGACCCAAGTCGCCTTCCTGGGTGCGATGCGCCTCGTCCACCATCACGATGATATTCGAGCGCTCGTTCAGACGGCCGTCCGCCTCGCCGAACTTGTGAATGGTGGTGATGATGATCTTACGGGTATCGGCCGCCAGCAGGCTTTGCAACTCCTGCCGGGTAGCGGCTCCGACCATGTTCGGAATATCGGCGGCGTTGAAGGTGGCGGTGATCTGGGTGTCCAGATCGATGCGGTCCACCACGATCATCACCGTGGGGTTGCCGAGTTTGCGATGCATCCGCAGCTTCTGCGCCGCGAACACCATCAGCAGCGACTTGCCCGAGCCCTGGAAATGCCAGATCAGGCCCTTCTTGGGATAGCCTTTGACCACGCGGGCCACCATCAGGTTCGCGCCTTCGTACTGCTGATAGCGGCAGATGATCTTGATGCGCCGGTGCTTCTTGTCGGTGGCGAACAGGGTGAAATTCTGCAGGTTGTCCAGCACCACATGGGGGCGCAGCATGGAACGGATGGAGCGCTGCACGTCCACCAGAGTCCCCTCGGCCTTGTTCTCGCCCTCGTGCCACGGCCCCCAGATATCGATGGGCATGCGCACCGAGCCGTAGCGGTAGCACTTGCCCTCGGTGGCAAAGGAGAGGACGTTGGGCACGAACATCTGCGGCACGCTTTGTTCATAGCCGTTGTGGATGTCGCTGGCCCCATCCACCCAGGTCACCGCCGGGCGCACCGGCGTTTTGGCCTCGCCGACCACCAGCGGGATGCCGTTGACCAGCATGATGATGTCGAAGCGGCGGCCGCCTTCCTTGACCGGATAGACCCACTGGTTGGTAACCACGTAATCGTTGTTGCTGAGATTCTCGAAGTCGATCAGCCGTACCGGCGTGTGTTCGCCGCGCTCGCCGAAGGGCATGGACTTCTCGCCCCGCAGCCATTCGGCAAACAGTTCGTTGGCCCGCACAAGGCCTTCGCTCTGAACCGAAAGCGGAATGGTCCGCAGGCGGTAGAGCACCTCGTCGACGCGGTCGGGCTGTGCCTTGATTTCCGGATTCAGGCGGATG
CP133659.1_gap74	3046323	3050776	4453	CATGGCCACCGCCACCACGATGCCGCCCTTGGCCGTGCCGTCCAGCTTGGTCAGCACTATTTCGTCCACCCCGCAGGCCTCGTTGAACAGCTTGGTCTGCGAAAGGGCGTTCTGGCCGGTGGTGGCGTCGATGACCAGGATGGAACGGTGCGGCGCGCCGGGGTGCTTGCGTTCCAGAATCCGGCGGATCTTGTGCAGTTCTTCCATCAGGTTGACCTTGGTGTGCAGGCGGCCCGCCGTGTCCACGAACACGATGTCGTAGCCGCCCTCCAGCGCCACGTCCATGGCCTCGAAGGCCACGGCAGCCGGGTCGGATCCGGCGGACTTGGCGTGAAAGTCCGCGCCTACGCGTTTGGCCCACACTTCCAACTGTTCGATGGCCGCCGCGCGGAAGGTGTCCGCCGCGGCGATGAGCACCTTCTTGCCCTGCATGCGGGCGCGGTGGGCCAGCTTGGCGATGGTGGTGGTCTTGCCCACGCCGTTGACGCCGATCATCAGCACCACCTCGGGCGGGGTCACGGCGGCGATGCGGCGCGGCGCGCGGAAGATGTCCTGCAGTTCCTCGCGCAGCAGGTCGCGGAAGGCGGCGGGGTCGTCGGTGCCTGCCTTGCGGGCGCGTTCCTTCAGGCGTCCCGTCAACTGCATGGCCGGCTCGAAGCCGACGTCGGCCATGATCAGGATTTCTTCCAGCTCTTCCCAGAACTGCGCGTCGATGCGGCCATGCGAGGCCAGCAGGGCGTCGATGCGGCCGGTGATCTGCTCGCGCGTGCGGGCCAGGCCCTCGGTCAGTTTCAGGAACAGGCGGTTGCGTTCGTCTTCCTCGTCCTCCAGGTCAAGGGCGAGGGCGAGGCGGTATTGCAGTTCGGAGCGGAAGTCGCTCACATAACGGTAGTCCATGGCGGCAAGCCAGCGGCGGAAGTCGGCGATGAAGGCTTCGGCCTCGGCCTCCGGGGTTTCCAGCGCGGCGAACAGGAAGCGCAGCCGTTCCCACAGCGTGTCGTCCGCCTGCTCCACGCCGGTCAGCACGTGCCCCAGCCACACGGAAAGGCGCGGCTCGGACTGGCGCAGGGCGCGGGCCAGTTCCGCACGCCAGGGGGCGTCCTGTGCGCCGGGTGCCGTAGGCGCGCCGGTGGTGGTGTCCTGAGGTGCGGCGTCTTGGGTGGCGGCGTCCTGAAGAGCGGCGTCTTGAGGTGCGGCTGCCGGTGCCGTGGGCGCATCCGCCTCGCGGGGCGTCCACAATTTCTTGATGGCGCTGAAGAAACCCATATGTCGTCCTCCAGATGTGGGGGAAGTGGCGGTGGGGAGCGTCGTTGCGGACCGTCGTTGCGAGGGGCGGTGTCCGCCCCACCGGACCGGCGGCGGCAGCCTGCCGGTCACGGGGCCGCCACAACTTTGCCCAGAACCCCCGGCGAGTCAAGGTTGCCGGGAACCGGACCGCATCTGACCAGTGGCATCGCCTGCGGCCCGGCCTAATCCACGGTCCTGGCTGCCAGCCCAGCCCGCAAACCCGCCCCGCCCTTCTCCTATCCGCCTCCCCGGTCCGCTGACCTGCCGACTGCCAGCCGGAAGGACGTGCCCCCTCCGGGGATTGGCATTTCCGTCGGGCCATTGCCCTGCCGCTCTTTCCATCGCATGGCGCATCGTGTAGGCTGTCGGAAACCGGAAGGCCGATGCGCCGCCGTCCGCCCCGTGCGCCCCGCGCGGGCGCCACGTGCGGGGCGCGCCCCTCCGAGACAGGCGACGGGGACATGACGCGCGCATGAGCAATACCACCGCCAGCAAAGGACTCTCCGTCCCGGACATCATCAAGGGGCGCTCGCTGTCGCGCGACCTCACCGTGAGCCTTGTGGTGATGGTGCTTGTGGTGGTGGCGGCGCTGTTTTCGTTCGTCTACGTGCAGATTTCGCGCGACATGCTGCACGAGGTGGACCGCAAGGCCGACGAATACATCACCCGCCTGGCCGACATCCTGTCCATTCCCATGTGGAACTTCGATGCACGCACCATGGACCAGATCGGTTCGGTGTTCGCGCAGTACGAACTGATCAACGAAATCCATATCGAGGACGCCCAGGGCAACACCCTGTTCCGGGTGCGCAAGGGCGCGGACCCTGACGCCACCGTGTTCCGCGAGCGGGCCGTGCGCTTCGAGTCGGAGACCATCGGCCGGGTGTCCATGGTGGTCACCCTGCAGGACTACCGGCGCAGCCTGGAGCGGCTGCTGAAGGCCAGCGCCCTGATCATGGGCAGCGTGCTGGTGGTGCTGCTGGCCTCCACCGGGGTGCTGCTGCGCGTGTTTCTGCGCCGCCCGCTGGAGGCGCTGCAATCGGGCATGGACCAGATTGCCCGGGGCGATTTTGCCTACGACATGGGATCCATCGCCCATGCCGAGCTGGCCCAGATCGCCGAGAATTTTTCGCGCATGTGCAGCCAGGTGGAGCAGCGCGAGAATGAACTGCACGCCATCAACACCAAGCTGCAGGAAGAGATACAAAGCCGCCGCCAGACCGAACAGGCCCTGCGCGCCAGCGAGGAACGCTACGCCCTGGTGGTGGGCGGCACCAGCGACGGCATCTGGGACTGGGATCTCGTCGCCAACACCGTCTATTTTTCGCCGCGTTGGAAATCCATCATCGGCTACGAAGACCACGAAGTGCCCAACCGTCTGGACCAGTGGAAGGTGCGGGTGCATCCCGACGACCTGGATACCGTGCTGCACGCCCACGACGACTACCTTGCCCGCCGCGTGCCCGAGTTTCAGGTGGAATACCGCATGCGCCACAAGGACGACAGCTACCGCTGGATTCTGGGGCGCGGCGCGGCCCTGTGGGATTCCAACGGGGTGCCCGTGCGCATGGCCGGGGCCCACACCGACATTACCACCCGCAAGGAAGTGGAACAGGAACTGCGCGAGGCAAAGAACAACCTCGACAACATCCTGAACGCCATGCCCTCGATCATCGTGGGGGTGGACCAGTCCGGCAGCATCACCCTGTGGAACCGCACGGCGGAACGCGTCACCAGCCTGTCGCGCGACGCCGTGCTTGGCCGTCCCGTGGGCGAGGCCCTGCCGGACTTCGGCTTTCTGCTGGACGAAATCCGCCGTTCCATCGCGGAGGGCGGCACCATCTCTCTGGACAAGACGCCCGTGCCCGGTCCCGGGGTCACCCGTTACTTCGACATCGTCATCTACCCCGTGGTTTCGCGGGGCAGCTTTGGCGCCGTGGTGCGCCTGGACGACATCACCGGCCGCATCCGCATCGAGGAGATGATGGTGCAGACCGAAAAGATGTTGTCGGTGGGCGGGCTTGCGGCGGGCATGGCGCACGAGATCAACAACCCGCTCGGCGGCATCCTGCAGGGGGCACAGAACATCCAGCGCAGGCTGGACCCGGATTTCGCTCCCAACGTGGTGGCGGCGGAAGAGTCGGGCTGCTCCATGGATTCCATCCGGGGCTATCTGGACCGCCGGGGCATCCTGCGTTTTCTGGAGGGCATCCGCGAATCGGGCAACCGCGCGGCCAACATCGTGTCCAACATGCTGGAATTCAGCCGCCGCAGCGAATCGCGCTGGCAGCGGGTGTCGCTGCCCTATCTGGTGGACCGCACCCTGGAACTGGCGGCCAACGACTACGACCTGAAGAAGAAGTACGACTTCCGGCACATCGACATCGTGCGCGACTTTGCGGCGGATCTGCCCGACCTGCCGTGCATGCCCACCGAAATCGAGCAGGTGCTGCTGAACCTGTTCAAGAACGCGGCCCAGGCCATGCACCTGCGCGGCGACAGGCCCGACCCGCCGCGCATCTCGGTAAGCCTGCGCCACGAGGGCGGCATGCTGCGCATCGACGTGGCCGACAACGGCCCCGGCATGGAAGAGGACGTGCGGCGCAGGGTGTTCGAACCGTTCTTCACCACCAAGAGCGTGGGCGAGGGGACGGGCCCGGGGCTTTCGGTGTCCTACTTCATCATCACCACCAACCATGGCGGCACCTTTACCGTGGAATCCGAGCCGGGCCGGGGCACCGTGTTCACCCTGAGGTTGCCGGTGGATCAGCGCCACATACCCACCTAGGGCGTATCGCCCTGAGAGCCACCTCCTCCCGCCTCTTTTGACGCCGCGCCGCACGCGCGGCGTTTTTGCGCGATGCCCACCCGCCACCAGCCTGTCCCTGCCCGGCGCGTTCCCCCGCCTCCCGGTCGCCCCTGCGGCCAAAGGGCCGTCGCGCCGCGCCCCCCAACGCGTTTGTCCTTGCCATGCCCTGCAAATGTTTCTACATGTCTCCGCTCGGCACTGCACGATGTGGACAAGGACGGCCAACAGCCGCCCGCCTTTGGCGCGCGAGGGAACGCGGCCCGGTAACGGGCGGCGTGCGCGCCGGGTTGTCGCACGGCCATTTCGGGCCGCATGCATATCGGAGGCACTGTGTTCCGTGTTCTTCTGGCCGCGCTG
CP133659.1_gap75	3123972	3125977	2005	CGGCCCCGAAATGCGGTCCACGGGCGAGGTGATGGGTATTGCCTCCAGCTTCGAGGAAGCCTATCTGAAGGGCCAGCTTGCCGGCGGGCAGCGTCTGCCCGAAAGCGGCAAGATATTCATCTCCGTCAACGACCGGGACAAGCTGCTGATTACGGAAGTGGCCAGCATGTTTGCCGACCTTGGCTTTGAGGTGCTGGCCACCAGCGGCACCGCCAAGCTGCTGCGTGAAGGCGGCGTGCCCGCCACCGCAGTGCACAAGGTGTACGAGGGGCGGCCCAACATTGTGGACTTCATCAAGAACGGCGATATCGCCCTGGTGCTCAACACCGCCTCGGGCAAGCGCACCGTGCAGGACTCCAAGTCCATCCGGCAGGCCACGCTGATGTACGGGGTGCCCTACAGCACCACCGTATCCGGGGCCAAGGCCATCGCGCAGGCCATACGGGCCAGCCGCTGCTGCGGGGTGAACGTGAAGAGCTTGCAGGAATACTACGGAACCAACTAACGACCGACAACGGGACCGGGCCTCAGGCCCGGTCCTGCGCTTTGGGGCCACGCGCACTGTGGCGAACGCCTGGCGAACGCCAGGCGAGGCCAGACGAACGCTGACGAACGGCTGGCGCATGACTGGCGCACGACATGACCACAATGGGCGCGTAACGGACCGTCTGCATCGAGGTAGAGCATGATCAAGCATTACTGCGGCATCTTCGGCATCTACAACCACGTCGAAGCGGCGCGCATGGCATACTTCGGCCTGTACGCCCTGCAACATCGCGGGCAGGAAAGCGCGGGCATCGTCACCTGGGACGGCCAGAAGCTGCGCGAGCACCGGGGCATGGGCTTGGTGCCCGACGTGTTCAACGAACGGCACCTGGGCAAGGAGCTGAAGGGCAACATTGCCGTCGGCCACATCCGCTATTCCACCACCGGTGCCTCGCTCATCCGCAATGCCCAGCCGTTTCTGGTGCGCTTCAAGGGCATGGAAATCGCCATCGCCCACAACGGCAACCTGACCAACACGGTGGAACTGCGCGACGAGCTGGAGCGGAAGGGGTCCATCTTCCAGACCTCCATCGACAGCGAAGTGTTCGTGCACCTCATCGCGCACAACATGAACGGCAAGACCGTCGAGGAAGCCGTCATGGCCGCGTGCAAGCGGGTGAAGGGCGCGTATTCGCTGATCATTCTCGCCAACGACAAGCTCATCGCCATGCGCGACCCGCACGGCATGCGCCCGCTGGCCCTGGGCCGTCTGGCCGGTTCGCCGGTGCTGGCATCCGAAACCTGCGCCTTCGACCTGATGGAGGCGGAATTCATCCGCCCGCTGGACCCCGGCGAAATGCTGGTCATCGAAGGCAACAGCGTGAAAAGCTACAGCCTGCTCGACGAGGGCAAGAAGCCGCCCACGCGCCAGTGCATTTTCGAACTGGTCTACTTTGCCCGGCCCGACTCCATCGTGTTCGGCGAAGACGTGTACCAGTGCCGCAAGGAGATGGGCCGTCAGCTGGCCATCGAATCGGCCCCGGACGTGGACTTCATCATGCCGTTCCCCGATTCGGGCATCTACTGTGCGGTGGGCTTTGCCCAGCAGTCGGGCCTGCCGTACGAGCATGCCATGATCCGCAACCACTACGTGGGCCGCACGTTCATCCAGCCCTCGCAGGACATGCGCGACTTCGGCGTGCAGGTGAAGATCAACCCGGTCAAGAGCATGATCCGGGGCAAGCGGATCTGCATCGTGGACGATTCCATCGTGCGCGGCACCACCATTCGCACCCGCGTGAAGAAGCTGCGCGAACTGGGCGCCAAGGAAGTGCACTTCCGCGTCAGCTGCCCGCCCATCAAGCACCCGTGCTTTTACGGCATCGACTTTTCGTCCAAGGGCGAACTGATCGCGGCCAATCATTCCATTTCCGAGATCGAGCGCTTCATCGGGCTGGATTCGCTGCACTACCTGTCCATCGACGGGCTGCTGCGTTCCGTGTCCCACCCGGAAAAGTAC
CP133659.1_gap76	3146392	3148685	2293	TTTTTGGGGATTATTCACTGTCTGTTTGTGTAGCTTGCACTGGTAGATAATTAACACGTTGCTTTTTTATGGAATGAATTTTCACTAATATTGCTATAAATGCTACTATTATGGCGAAAAAATTATTTATATTAAACATATTACTTTAATTTTTTAATGAATTAATCTTCATTTGCTTAATTTTTTATATGAGGAGAACAAGATGAGTGAGATTGTGAACTCTGTGCAGTTGGGCTTGCCGTTGATTTTTCCGCGATCAAGCATTGGTGAACTTACGGAAGGCATTATCAATCCCAAGACCTTGGCCAACCTAGACAGCCTTGGCTTAGGCCCCACAAAGCGTTGGCGAGTGGGACGAAGAGTCTTCTATGAGCGAGATTCGTTCATGGAGTGGTTTGCTCGCCGGGTGAAGGAGCCTGAACCTAAAACCATCCGGGGCGGCGCACCTGCCCCACAAAGCCGGAGTGCTGAAGTACTTGGCTATCTTACTGATGGTTTTGGGGCACGCTAGGCGTGCCCTGTGATTGGCCGCGTTGTTTCTGTGTAGCGCGGCCAATAGACATAGCCTACTTCATGCAGGCGAACAGAATTGACTTTTCGTAGGCCGGTTGACCGCGTTGTCCGCCAACGCGGCAGACTGCTGGCTACCCAACCGTCAACTCATGAGAAGTACATATGCATCCGAAAGAAGAGTTTTACGTTCCCATGGTGTCGCAGGATGATGTCAGTGCTCTTGCCGAGCGAATCAGGGAAGCTCTCCACACCTCGCCAGAGGATCTTGCGCAGGTCGAAGCTATCCAGATATCGCTCGTCCCTGTCATCGCAACGCGCATGGATATCACGATTATCCCGAAGCGGTAATTGACATGGGCAGGGAGGCATCCCTCCCTGCCCATGCAAAGGATTTCTTATGAAAGAGTTGCGCATTGAAAAAATGATAGAAACTGCGTGCAAAACGAGGCAACCGGTAACCAGTTCCTGCATGCTTGGGGAGCCAGTTTCACATGTCGAGTCTTCTGCCGTTGACATCGCTCCTGTACAGGCCACTTCGTTACCCCAGTCAAGTTTATCCCCTAGCTGGCAACGGGAGGCCTCATGGGCGCGGGACCAAGCATCACCAGTCCCGCATCAGCCATATACTCAGGCGAACTACTCGGCAAATACGACTCAATATTTCCCTGAAATATCACCCAATGTAAGACAGGTGCTGGCCGGGATTGACGGCTCGAATCTGCCGTCGGACCTTACGGCGGATTCAAATGCGGAAGTATTCAGCGCGCTGGTCGAGTGGGAATTTGCAAGGCTCGCCGCTGACCGTCGCGAGCGCCTGCTTATGGCGCTTGGCATTGACGTTGACAGGCATTTGTGGCTTCGCCGAGGCGGGAATCCCAAGAGTAACAAGGGGGATGAGAGTATCATTTCCCTGGCGTCTTCAAGCCTGAATAGAGGCCCACTCGAAGCGGCTCAGGTCGTGGGAGGGCTGCTCGGCTTGAAGCCGGAATACTGCTTCCATACGTTTCCGGCTGGGAGCAATACCCCTCCCCCCTGCCAACGCGCACCAGCATCATTGGGGAGTATATCCCGAAGCAACTCATCGTTCGAGGGCGCTCCTACCAACTCGAAGATGTGGACTATCTGCATGACTTCAGCGGATTCAAGGAGCAGGCTGTCTGCCGCTATGCCAACGGCAATGACGATTTTTTTGTGCTCGCGAGCCGAGTCGAGAGAGACGGCGAACCTGCACTGCGTATCGGTGCGGCTCCGGCCTCTGCCTGGCTCTATTCGCGCACGAGGATGGCAAGATATCGGAAGGCTCCCGTGCTGCTCTGCCTCGATATGCGGGTGGCCATGCACTTCCGGGAAAAGGCACGGGAGGGTAGGCTGCTTGAGCGGGCAGGCATCATTGCCTCTGGATGCTTTGGGGGGGGAAACGCATTTGACGCCCTGCACTACAAAGACCTGGTCGGGCATCCTGTCGTGATTATCCCCGACTCCACTCGCGAGGGGTTGAAGGGTGCTGAAGACTGGGCGAAGCGTTGCGCAAGGGAAGGCGCAGAGAGTGTGGGTGTCTACCCGTGGCCCATCATTGCCCCCGGTATGCCGGTCCTTGATGACTCTTGCCCCCATGGACCGTGGCAAAAGGAGCTGTGGGGGAGGGCGGTGTACCTTGACCGCATTGAATTGCCCTCAAAGCTTGCCCAGGACGTGTGCCATCAGTCTATTCCGACAGCGGCCTATAGGGGGTGGATGGCGTCCGTGGCCCTTGTGTCCGAGCCTGTGGAGGCGGTTCGGG
CP133659.1_gap77	3173602	3176400	2798	CCGCAGGCTATGCGGCGCTGTTTATGGTCGGACTGTTCATCGCCCTCATCAGGGTGGCCTGTGCCCTGCTCGGCCACATGCTTGGCGACATGGGGCTATCCTGGACCATTCCAGTGGGGGCGCTGCTGTTGTGGGTGGCCTTCGGCATGTCCGGCAACGGCCTGATGGCGAGGCTGCTAAGGGGTTCCATTGCTCTGAAAATATTGGCTCGAAGCGTTTGGTTATTTGCCATCCAGTGGCAGTCCTTGTTCAGTGAGATAGAAAGATATTGTTAATCCCACGGTTACTACGGAGGGCGTTGGGTGCTAAGGCTTTTTCCGGTCAAAGTAAGGCAGTCCAGTATTTCGATGGGCAAGTGCGCTTTGGGGTAATGTTTACTATTGCCTCTGTTTTTCTAGTTTTCAAACGTGGGTGCTGTTTTGCTTAGCATTTTCGTGGTATTGTTTTCCACGGCATGGCGCCAAGTGAGCGCTAAGAAATTATAATGATGGCCAGGTAATTAGGGTAATGCACTCGCTCCCCATTCCCTCACATTCAAGGGTGCGTAGCCCTTGGTTCTCGTTTTAGCCAAGTAGCTGGCCCACTCGACGCATCTTTCGATATCTCGTTCATAGCAGGCATCGTGACGGTCCAGGTGGATGAAATCTGGGTGGTGGCTGCCGTTTCTGGAGGTTTCGCATCGATGCAGTAATCCTTCCTGTTTTATCCCAAGGGCTTTTTGCCAGAGTTGGTCTGCCTTCTCCATGTGATTCCAGCTGCTTTTTGTTAGGTTGCCGTTTAGAAGCAGCATTACGTGGTAGTGTTGATGTTTTTCTCGTGATTGTTCTCGGGCCCAGACGTACTGGTAGGCGATGTCCTTGCGTCGCAGGTGTTGTCCGAAGCTATTGAGAAAGGTGATGAGTGGGTTTTTTGTGATAGGGCATGCATACCACCTAGGGAGGCGTAAATCGAATCGGATGAAGAGTACTCTGCTGAAGCGTTGGGTCATGTGCTCAATGCGGTCGATGATGGCATCAAGGATATCGATGCGACATGGCATGGTTGGGTGCGCTTGTATCTGATAATTTCTGTAGATGTTTTCTTCAATGTGCATGATGTTCTTTCCTGTTGTGGTTGGTTGCTGCTCAAAAAATAAGCCAACACTGTGTGTGATGGCTTGGGAAGGGGTGATGTATAACGTTGCTTTTAGTGTGTTTCGTTTTGTTGGTGTGCGTTGTGTTGTATTGTGTGTGGCTTTGGAGAGCAGTTTTTTTTGGTGAGAGCAGGGTGTATTGTTGAAGTTGGTTTGTTTGTTGTGTTTTGATTTCTTGTCAGTCTACTGGTTTGATTTTATATTTTTGATTGATTTGATATTACTATTTTAGCATGTGTCGATTGGTTGTGTGTTTTGTGATTTTTTTTGTGTTCAAATGTGATGTTCTTGAACTGTTGCGCATAATATTATGTCATACTTATTTCGACAGTGTGCACAGAAATAGTATTCACTTGACACTGCCGTGCTTAGCGTGCCCCACCACACACGCCGGTCAGCCGATAACTATTTTGGGTTTGCTACTCGTCCGGTGCCGGAAGCGCTTCCCTTGACTTCGGGCTAAGCTCTAGCTAAGGCTGAATAGGAAAGGAGTGGCATATGGAGGTGGCTATGAATATCGTCCCCATGCACCAGGCCAAGAGCTCTCTGTCGCAGCTGGTAAAACGTGCGGCAGGTGGTGAAACCATTTTCATCGGCAGCTATGGTCGAGCAGAGGCCGTCCTTAAGTCGGCCGCAAGTGCTAAGCCGAAAAAGCGTCTTGGTCTTCTGAAGGGCAAACTGAAGGTTCCCGACGATTTCGACGCTCCTCTGCCGCCGGAACTTCTTGCGGCGTTTGAAGGGAGCGAGGAATGAGACTGCTGCTGGACACCAACGCGCTTCTCTGGGCGCTGACCGATTCCCCGCGCATTGCGCCTGTTCGGGAACTGCTGCTTGCTGATGAGAACGAGGTCTTTGTCAGTTCCGTGTCTTGGTGGGAGATCGCCATCAAGACACGCATCGGCAAGCTTGATGCCGAGTTGTCCGTGCTTCGTGCTGCAGCGCAGGAGAGTGGTTTTCTTGAGCTTCCCCTTCTTGGTGCGCATGCAGAGATGCTCGCGACCCTTCCGAGGCACCACAATGACCCCTTTGACCATATGCTGGTCTCCCAGGCCATGGCCGAACCCATGCGGCTGATTACTGGCGACTCGGTGCTCTCCAGTTATACTCCGCTGGTGCTCCAAATTTGACGGCGTGAAGGGGGCTCTCGCTGTACGAGCGGGGGGCTCACTTGCCCCTGTCGTACCCAGCGAGGTGCCGGACAGCCGATTGGGTGAGCAAAGGGGCATGGCGAGTACAGACTGCGGGTAGTGTCGTGTTGCCAGGTTTAACCGACGAGTTGACGGTGTCGAGGCTTGACAGACAGGCTTGACGAGTCGTGTGTGATGTTGGCTGTATAAGTAATTTTAGTGTGTTAGGCGTCTTGGCGGTGCTTGGCGTTATGGGGTTGAGTGCTTCTTTCTGTTTTTAATGAAAACAATGTCTTGGGAGTTTTTGGTGTGTCTAGCTAGAGCCTTCCCCTTTAGGGGAAGGCTCTAGTGTTTGGCAGGTAGATGCACGGGAAAATCGAGGAGGGGGGCTATTGGCTGAGTCTGCCCTGCAGGCTCATCGCTGCGGCCCTGACAGTGTCGGGGCTGAGGTGCGAGTAACGCTTGGTCATCTCAAGCGTGGTATGCCCCATGAGCTCGGCGACGGTATACAGCGGTGTGCCGCTTTGCACGAGCCAACT
CP133659.1_gap78	3215302	3218009	2707	TACGGATTTGCCGTCGATGACCGGTTGGGTGAAGGGCCGTGCGGCCTCCAGTTCGTCGGGGTGCTGCCGGGCCAACAGGGTTACCGTGGGGCCGGAAAGGGCCAGGCCGTCCACGCGCCCCTTGCGTACGGCGGTCATGCCCGCGTGCGCGTCGGCCACGGGAAACAGCCGCTCGGCGGGCATGCCCAGCAACAGCAATTGGCGGTGCTCCACCGCGCCGTCCAGCACGGCCAGGGTAACCTCGTTGCGCTCGGCAAGGGATGCGTAGTCGTGCAGGCCGCGCGGGTTGCCGCGCCGTACCAGCAGCCCCTGTCCCACGGAACTGGTGGGCAGCGAAAAGGCCACGCGGGCGGCCCTGTCGGGCGTGACGAACATGCCCGCCGCGATCATGTCGATATGCCCGGCCAGCAGGTCGGGGATCAGGGCGTTGAAATCGCCGAGCACCCAGCGCACCCGGGTGATGCCCGCGCGGGTCAGCGCGGCGCGGGCCACTTCCGGGGCCTCTCCTGTCACGGTGCCTTCAGGGGTGCGATAGGCATATGGGGGTTCCAGGGCGTAGCCCACCCGGATGGTGCCCCCACTCCATGCGGTATCGTCCGGGTCCGGCAGTTCCATCAGCGCGTAGATCAGGGTCGTCACCGCGCAGGCCAGGGCGATGACGCCGAGCAACGAGGGGGCGGGTCGGGGAAGTCTGGGCATGGGTATGCGTGTCCTGTGGCGCGGCGCGCAGGGCGCCGACCGGAGCCGGTATTGCCGTCGCTGTGCCATATGTCAGCGTAGCGGAACATTATTCTTTGCCGCGAGATGGCGTGGCGTCAATTGGGGGTTGCCGCGCCATTGCCGGTGCTTTCCCATGGGGCAGGTAGGGTTAGCCCGCCATGTTCGGCACGGAACCCCGCAATGGTGTGCAACGGCCTTGACACGGCGGGTAAGGCAATGAAGTATGCGACAATCCACTGCCCGGGGAGGGCAGGACACCGGACGCGCCATGGCGCGCAGCAGGGGAGCACCCGTGCACGACGAACAGTATCCGATCATCCTCGGCGTCTACTCATTGCAGCAGGATGCCATGGTTGGCATAGGCGGCACCGCGTCGCAACAGCGCCAGGTCACCTATTGGTATGCGCGCAAACTGGATGCGGCCACCTGTGAAGTACAGCCGCTCAACGTGCATCATGTGCCGTCGGGTATCCGCAAGAATATGGAAGAACTTGAATTTCTTCGTAATTACATGCCTGAGCCGATGTATTACAAGAATCACACGGTGCCCGCGCTGGCCTCGCTGCATCGCAAGCTTGTCGAGGGCGAGGCCTGTCTGGCAGAGCTGCGCCTGGACGATGCGGAAAAGGCCTTCATCAAGGCATTGATGATCGATGACCTGAATGTGCCCGCCAATTTCGGGCTGGGCGAGGTATATGCGGAAAAGAAGGACGCGGCCCGGCTGCGCAAGGTGCTGAACGTGCTCATGGGCAGCGACGAGGCGTTCCTGATGGAGCATCGGGTGCGCTTCAACAAGTTCGGCATCAGCCTGCGCAAGAACGGGCACTTCGACGATTCGCTGCGCTTCTACCACAAGGCGCTGGAATGCCGCGAGGACGAGCACCTGCACTTCAACATCGCGCGGGTGCACTTCGACAAGGGCGACACCGGCGCCTGCGTGCAGCATCTGACCAAGGCCCTGGCCATGCGGCCCGATTTTACCGAGGCACAGCGCTTCCTGACCTTTTGCGGCGGCCAGGCCTGCCCCGGCGTGTAGACGGGTCGGGCGCGGCAGCTCGCAATTTTTTGCAGGGAACGGCGAAGGCTGCCACATGATGTGGCGGCCTTCGTTGCGTTGCGGGGGGCTTTGTTGCCGTGCTCATGTGCCCGTACGAGGACATGCCGTTGTCCGGCACCAGGGCGTGGCCGTGGCGCCAGACCCGCTCAGGCCCGCTCAGGCCCGCTCAGGCCAGATCAGACCAGATCAGGCCGGTTCATCCCACGGGCATTCACCGAGGCGGGCGCCTCCGGGCGGCAGATGGCCCCGCATGAACCGGGTGTCGATGGCCCGCTTGAGCAGGAAGGCCAGGCGGCCACCGAAGCACAGCGCGCCGCTGCCCACCGGACGGTGCAGCACCCCCGTGCCCGCGCCGGTATCCAGCACCAGCAGGTGGCCTGGCCGGGGGATGTAGGGGGCAAGGGACGGCTGGCCGGTCGTCCGGGCGGCGCTGGCGCCGCCGCGCGCATGCTCGTCCAGCCGGGCCGCCAGATTGGCGGCCAGCACCGGCCCCTGGCGTACGGCGTGCACTCCCACGCGGGGCAACGGCGCCGGGGTGAAATGGATGCAGTCGCCCCCACCGAACAGGTCCGGATGGACGATGGATTGAAGGTGCGCGTTCACCGCCAGCCCGCCGCCCGATCCGTCGCCCGATCCGTCTCCTGTCCCGCCGTCCGGCCCGCCATTCGTCCCGTTGCCCGTTCGGGTGGACAGGCCCGATGCCGCGAACAGCGGCGGCGGGGCCACGCCAGTGGCCAGCAGCACCACCCGTGCGGGCAGGCTGCGCCCATCGTTCAGCAGCACGCCGTCCGCATTGGCACGCACGGCCCGCGCGCCCTCAATGATGCGCACCCGGCGCGCGGCGGCCAATGCGCGGCACAGGGTGCGTGCCCGCTCCGGCAGGCCGGGCAGCAGCCCGTGCCCGGCCACCAGGGTGACCGAATCGTCGCC
CP133659.1_gap79	3230622	3231864	1242	CTGGAAAGCCTGCCGGAACTGCACGCGGGCCAGACGTTTCAATTCGCCTGCCATCCCGGCGTGCGCTGCTTCAACGCCTGCTGTTCCGACCTGAACATGCCGCTCACGCCGTATGACGTGCTGCGGCTGCGCCGCAATCTGGGCATGGGCAGCGAGGAATTCATCAATACCCATGCCCGCGTGGGCCAGTATCCGGACACCGGCTTTCCTGCCCTGTTCCTGCGCATGAGCGACCACCCGCTGAAGCTGTGCCCGTTCGTCAGCGATGCCGGGTGCACCGTGTATCCCGACCGTTCCGGGGCCTGCCGTACCTATCCGTTGGGCCGCGCCACCAAGGAAGACGAGGCGGGCAACGTGGTGGAACAGTTCTTCGTGGTGCGCGAAGAGCACTGTCGCGGGTTCGATGAATCCGGCCAGTGGTCCAGCAATACCTGGCTGGCCGATCAGGGGCTGGAACCGTACAATGCTTCCAACGACCGCTACATGCGCCTCATGGCGCGTTGCAAGCGGCAGGGTGCGGCCATCAGCCCCAAGCAGGCCACCATGGTGTTGCTGGCGTGCTATCAGCTTGACCGTTTTGTCGATTTCATCCGGGGCGTGAAGCTGTTCGACCGGCTGGATATGGACGCGGCCCGCCAGCAGCAGGTGCTGGACGACGAGGAAGCCCGGCTGGATTTCGCGTACGACTGGGCGGAACTGGTGCTGTTCGGCGATTGCGCGGCCCTGCGCATGAAAGGGTAGCGGGGCGTAAACGCCATTCCGCCGAGGGGCATCCTGCGTTGCTCCGCCTTGTGCGGTACGCCGCTTCGTGCTGCCGACCGGCATCCGTTCCCGTTCCGTGTGCAACCATTGCCCAATTCCCGCCCGGCCATGCCCACCGCGTGCCGGACAGCCTCCGGAGTCATCGATGAACGCACCGCACCCCGACCTGAGCCATCCCGCCGTGGTGGACCGCGCCGTGCTGCCCGGCCTGCTGGCACCCCGTCGCACCGCCGGGCAAAGGGTGGTGTTCACCAACGGCTGCTATGACATTCTGCACCCCGGCCATGTGGACCTGCTGGCCCGCGCCCGTGCCGAGGGCGATCTGCTGGTGCTGGGGTTGAATTCCGACGCCTCGGTGCGCCGCCAGGGCAAGGGCGCCGATCGTCCGGTGAACCCCTTTGCTGTGCGGGCCTATGTGCTGGCCCATCTGGCCAGCGTGGATTACGTGGTGGAGTTCGACGAGGACACCCCCCACGCCCT
CP133659.1_gap80	3233259	3236383	3124	GCCACGATGGCCTGGGCGCGCTGCATGACCAGCACGTAGGATGGCGAGGAATGCGTGGCCACCAGTATGCCGCCCTCCGGGAACAGGGCCAGTTCCTCCGCGTTGGCGGGGTGCACCACAGGGCCGCTGCCCACGCCGGGGCAGGCGGGCTCGCCGCCGTGCAGCAGCACCGGGTAGCCTTCGATGAGCGGGGTGGTGCGCGCTTCACCGCGCGGGGTGGTGGTCAGCGGGCGGGCCTGGAGCAGCAACAGCCGCCCGGCAGGGTCCAGCGCCCATTCCACGTCCTGTGGCACGCCGTAGTGCGCCTCCACCTGCATGCCGATGCGGGCCAGTTCTTCGGCCTGGGCGTCGGTCAGGCAGGGGGTGTCGCGCTGGGCAACGGGCACATCTTCTTCGCGCAGGCGTCCATCGTCGCCGGGTGTCAGGCGATGTGCCTTGCAGGCCACGTTGCGCGACAGCGGGCGTGGGGCCTTCTCGCGGCTGAACAGCCAGGTATCCGGCTCCATTTCGCCGTCCACAACGGCTGCGCCCAGCCCCCATGCGGCGTTGATGACCATGGAGTCGGACAGCAGGTCCACCGGGTGGCGGGTGAACAGCACCCCGGCGGCCACGGAATCCACCATTTCCATGCAGGCCACGGCCATGGCGCTGGCGTCCAGGGTGATGCCCTGATGCAGGCGGTACACGATGGCCTGGGGCATGAACAGGCTGGCGACAACCCGCTTCCACGCATCCACCACGCCGTCGCGGCTGACGTTGAGCACCGAAAGATACTGCCCGGCAAAGGACACGTGGCTGTCCTCGCTGAGCGCGCTGGAACGCACGGCCAGCCGCAGCGGGGTGCCACCGTGACCGGCATCCGCGTCTGTCCCGAAGGCCGCGTCGCAGGCGTCGTGCAGGGCGTCCGCCACATCGGGTGGCACGCTGGCGGCTGCGAACAGTGCCTGGATGTCCTCGGCCACGTCCAGCACGCTTTCCGGGTCCTGGGGATCCACATCGCGCAAACGTTTGCGTATTTCGCCCATCAGCCCGTCATGTTCCATGAAGGCGTAGTAGGCGCGGGTGGTTATGGCAAAGCCGCGCGGCACCGGCACCCCCACCCGCGAGGTCAGTTCGCCAAGGTTGGCGCACTTGCCCCCCACCCAGTCCACCATGTCGCCGTTGATGGCGGCAAAGGGCAGGGCGTAGACCTCCACCGTGGCTTGGGGGCGGCTTTCCAGCAGTTCGGTGATGTCTGCGTTTATGCGCTCCACCACACCGGGCAGGGCCGGGTAGGCGTCGCCCGAGATGGCATTGAGCGCGGTGGCCATGCGCATGGCGTGGAACACCGCCCGCGTGGCCTGCGAGCGCAGCCAGGTGGCCCCGAACAGGGTACACCCCGCGATCTTCTCGTCCATGTCCGCCAGAATGCGCGCCAACTCGGCGTTGGAGTCCAGCAGGTCCTTGAAGTGGGCGTAGCGGGCGCGGAACACCCGCATGACCCGCTCGCGCGATTCGGCATCCACGGCGCGCCTGTGGCCGAACAGCCAGCGCAGGCGCTCCAGCAGTGATACGGGCGGCGGCGCGACCAGCATGGGTTACCTCCGTGGCGGTAGCGGCACGCCGCCATCCGTCAGTACGTACCGGGTGGCGGGCCCCTTGCCCACCTTGCGGATGAAGCCCTTGCGCACCATGTCCTGCAGGTCGTACTGCGCCGTGCGCACGGGTATCTCGTTGCCCACGATGTCCTGATACTGGGTGCGGGTGATGCCGCCGTTGCGGCTGATGAATTCCCAGGCGGCGCGCTGGCGCGGGTTCAGCGTGGAGAGCGGCGGGGTGCCCGCGCCGTCCTGCCCGTTGCGTGCCTGGCGCCCGTTGCCGGGTGCGCCCGTGCGGTCACCGCGTCCCTGCGTGCCGTTCATGGCGGCGGCGTCCGACCAGTCCTGCCCGCCGTTGCCGGCCCCGGTGGCCACGATGCGCCCGCTGACCGGGTCGTACACGGTACCCCCCGTCTGCGCGGACATGGGCGCGCCAGCGGATGGGCCGGGCATGCCTTGCGGTGTCTGGGCGCCGTATGGGGCGGCATGGGCGGCACCGTCGCCGGGGTAAGGCGCGACGGGCTGGCCGTGCCCTTGGGGCATGGCGCCCTGCGGGTGGGGGGGCTGCCCGGTATGCGCGGTGGCGGGACTGGGCGGCAGCAGCGCCCCGTGCGACAGGGTGGGGTCCAGTTCCGCGCCAAAGCGCAGGTCTTCGGCGTACAGGGTGTCCCCTTCGGCAAAGGCCACGGCGCGGGTGATGCAGTTCTTCACCTCGCGCACGTTGCCCGGCCAGGCGTAGGCCAGCAGCTTTTCCAGGGCGCCGCGCGAAAGACCCATGGCCGGGCGTTTCAGGGTTTGCGCGGCCTGCTTCAGGAAGTAGTCGGACAGGGCGGGGATGTCCTCGCGCCGGTCGCGCAGGGGTGGCGTGTTGATGGTGATCACCGCCAGCCGGTAGTACAGGTCTTCGCGGAAGGTACCCTGACGGGCGCATTCCTTCAGGTCCACGTTGGTGGCGGCTATGATGCGCGCGTCGAAGGGCAATTCGTCGTCACTGCCCGGGGGCCGGATGCGCCGCACCGACAGGGCGCGCAGCAGGGCCTGCTGCACCTTGGGCGAGGCGTTGCCGATTTCGTCGAGGTGCAGCGTGCCGCCGTCGGCGGCCACGAAGGCGCCCTTGCGCTCTCCACGCGCCTCGGAAAAGGCCCCCTTCACGTGCCCGAACAGGGCGTCCAGCAACAGGTTTTCGTCCAACGCGCCGCAATTGATGGAGATGAACGGCCCTTCCGCGCGGTTGCTGGTCATGTGGATGGCCTCGGCGGCCAGTTCCTTGCCTGTGCCCGTCTCGCCGATGATCAGCACATCGGCCTCCACTCCGGCGGCCTTGCGGATCATGCCGCGCAGGTTGCGCACCGCTTCGCTGGTGCCCACGATGCCGGGCATGGTGTCCTGTGGCGAAAGCTGGCTTTGCGGCTGCTGCTGCGCGATTTCCGTGTCCAGGCATACCCGCTGCCGCCGCCGGTTGGACTGGATGTGCTCTTCGCGCAGGCGCAATTCTTCATTGCGCGCTTGCAGGGCGGCCAGCATTTCGTTGGTGATCTGGAGCAGGG
CP133659.1_gap81	3242148	3243412	1264	TGCGGCCGGATGCGGGGCGGACGGGGAAGTGGCGGGGCGAAGAATGGTGCCTGGCGGCGGGCGGAAGGAACGTGCGGCGGGCCCCTGCGGCGTCTTGCGGGCAAATCGGCGTGGCGGGTACGGCAGCAGGCAGCGACTTCAGTCGCGCAGCAACACCCAGGTCAGCTCGTGCTTGTTGTGGGCCAGGTGCAGCAGGCGCGAGCCCGGCACCGCCGCAAAGGCGCGCGCCGTGGCGTGGTCCGTTTCGGCCTGAAACTTCAGGGTGCACACGAAGTTGCGGCACTGGCCCAGTTCCAGCCAGCGGCCCACGGTGGCCAGCAGCCTGTCCGGGTAGCAGATAACGTCCGAGAACAGCCAGTCCACGGCCCCGGCGTGGCGCGGGTCCAGCCCGAAGGCGCTGCCTGTGCAGAAGTTCACGTTGGGGTGCGCGGCGATGTGCGGGGCAATGTCCGCCTTGTCCACGCTGAACACCCCGGCACCCAGTTCCGCCAGCACCCAGGTCCATCCGCCGGGGCAACTGCCCAGGTCCAGGCACAGTTCGCCGGGGCCGGGGCGTTTGCCGATGAGGGTGAACAGTTCCCACAGCTTCAGGTAGGCACGGGTGGGCGGCACGGTGCGGTTTTCCTCGAAGCGCGGTTCGCCGTCGGGAAAGGGGCTGGTGCAGCGGGCGGATGCCAGTACCAGGTCCGGCTCCCACAGGGTCCAGGAACCCAGCGGCGCCGTGGGCGGGGCATCGCCGAACGCCACGGGCCGGGCTGCCACGCGGGGCAGTTGTTCCTGTATCAGCGCGGCCCGGCGGTGGTGGCCGGTGGCGTGCAGGTGCCAGTTGCGCTGGATGGCCTTCAGTTTGCGGGCCGCATCGCCGATGGAGGCCACGGGGATGGCCACGGGCTCCAGCCAGACGTTCTGCGCCCATGCCGCCGGACGGGCCGGACCCTCGGCCATCACCAGCCGCCCGCGTATGTCCAGCACGCGCGCGCCGTGCAGGTCTTCGAGCTCGTGGACGAGATCGTCGGTGAACCCGGCGGCGGCGATGTAGATGGTGCGGTCAGCGAGGTGGGGGGCGGTCATGTTCGTGTGTCCGAAGGGTCCGAGGAAAAGGGGCGGATGCCCGGCGCAGGGCACGTACGGCGGCGTGGGCGTGCCTGTAGCGCGGCGCGGCATGAATGGCAAGCCGCGTGGCGGATGTCAGCCCACCCACCGCGCGCGGATGCCCTCGATGGCGTCAAGATTGCCCAGGAAGGCCCGGACCACGTCCGGATCG
CP133659.1_gap82	3326297	3329338	3041	CCATCATCACCAAGCGTTCGGTGGAAGACATGGGCCTCAAGAAGGGCTCGGCCGTGAAGGCCATGGTCAAGGCCTCCAACGTCATGATCGTCACCGACTAGCAGGTTCGGGGGAACGGGGAGCAGGCAAGCTTGCCCCTCGCCCGGTGCTTACAGACGACGAAGCCCCCGCACCACAAGGTGCGGGGGCTTTTGCATGCGTCGTGAGGGGGGAATTCGGTTTGTTACAGGCGGCGAGCCCTTCGAGGATTATGGCCTGTTCGGCAAAGATTCTTCAGATGCCTGCCGGCCCCCGGTGCAGGGCAACAGCGCCCCGGGCTTGCCCGGCGGACAAACGCAAAAAAGGGTTGGAACGTGTGTTCCAACCCTTTGCTGTCTGCGTGGTGCCGAGGGAGAGAATTGAACTCCCGACACGGGGATTTTCAGTCCCCTGCTCTACCAACTGAGCTACCTCGGCGTCGCGGAGAACCTGAATAGGCAAAATGGATGGCCTTGGCAAGCACTTTTTGGTGCGAGGATGATTTTTCTGCCGGAGGGGACGCAGGGGGGGCTTTTCTGGGTCCGGCAGACAGGTGGCGGCGCGTCGGGCCGTCACGGCGAGCCCAGACTTTTCGGGTCGTCACTGGTGCTCAGCCGCTGCCGGTGTTTGCCCTTTCACTACAGCAGCATGCGTTTGGCTTGGCGCATGGCGTTGCGGCAGTCACACACGAAGCGGAAGGCCGCCCGGTGCCGGGGGGTGGCGTCGCGCGGCAGCACGCCCGTTTCGGCCCACGCGAACAGTTCGTCCATGGGCGCTGCCACGCTGAACCAGAAGCCCTGTTCCATGGGCACCGGGCTGTGCGCGTAGTGGCCGAACAGGATGCGGTCGTCCACGATGATGCACGGCGCGCAGGGCAGGGCGTGGGTTTCGTACACCTCCACCAGGCCTTCGTGCCGGGCGGCCAGCCGTACGATGAAATCGCGCGAGGCGGCGAATTCATGCTCCATCTGCACCGCCGTCAGGTCCGGGCGCAGGGCGTGCAGGAATTCGTCCACCCAGCCCCGGCGCGACGCAAGCGGCACGGTAATCATCTGCAAGCGGCGGAAGGTGGGCTGGGCCAGCGCGGTGCGCAGCGCCTCTGCCAGCGCGGGCATGCGCCCGAATTCGGCGTACAGGGCCATGTGCAGCACGATGCGCTGGCGGGCCTCCGCCAGTACCTGCGGCAGGCTTGCGGTATGCAGGCCAACGTACATGCGGGGTTACTCCTCGTAGATCATCCGGCGGGTCATGCCGCCGTCCACCAGCCAGTTTTGCCCGGTGACGAACCCGGCGTCATCCCCGGCCAGAAAGGCCACCAGCGCGGCCACGTCGCGCACGGTGCCCACGCGGCCCACGGGGTGCTGGGCGCGGTCGGCATCCGTATGCATTGGCGTTTCGCGGTGGGCCGCCTTGCGCAGGTGGCGCACCTCTATCCAGCCCGGCGAGATGCAGTTCACCCGCACCTCCGGGCCAAGGCTGACGGCCAGGGCGTGCGTCAGGGCCACCAGCCCTCCCTTGGACGCGGCGTAGGCCTCTGTGTGCGGTTCCGACTGCACGGCGCGGGTGGAGGCGATGTTCACCACCGCCCCGCGCGCGGCGCGCAGGTGGGGCACGGCGGCGCGCACCATGCGCATGGGGCCGGTCAGGTTCACGTCCAGCATGCGCTGCCAGCGGTCCATGTCCATGACTGCCACGTCGGCGGGGCCGGAATGGGGATTGGCGATGCCCGCGTTGTTCACCAGCAGGTGCAGCCCGCCGAAACGGGCCACCGTGGCGGCCACGCAGTGGTCGGCATCGGCCTGATCGGCCACGCTGCCGTTCAGGGCCAGCAGGGAAGGGGCAAGGGGGTGTGGGGATGCCGGGGTTTCCGGACGTGCGGGACAAGGCGCGCCGTTGTCGGCGGCCAATTCGGGGGCCAATCCGGCGACCAGTTCGGCCAGCGCCTCGGCGTCGGCATCCATGGCGGCCACGCGCATGCCGCAGGCCAGCAGATGTTCCACGATGCCCCGGCCAATGCCCTGCGCGCCGCCGGTGACCAGCGCCACGCGGCCCGACAGCGGATGGGCAAATGGATGGGCGGGGGCAGGGACGTGGGCGTTGGAGGACGGGGCGTGGTGTTCCATGGGACTCCTGCGGCGGAGGGGGCTGGCGTGGTCACGGAACATGTTTTCATGTCGGCCCGCGATGCGCCACCGGCGCTCGGCCAGTCTAGCCCGCCCTCACCGCCGTGGCAACCGTGCGGCCCTTTGCCGCCAGTCGCCGCCAGTCGCCGCCAGTCGCCATCAGCCGCCAACAGTCACGCTTGTTCCCCGCCTCCAGTCTCTCAATCCCGACCCGTCACCACCAGTGCCGGGGGTAGCGCCGCCCGCGCGGAATGTTGTTCACCAGCAGGGCCACCACCAGCAGGGCGGCGGCCCCGGCAGCCACGGGCACCACGGCGTACTTGTAGCCCAGCGCCTGGATCTGCGGGCTGCCGGTGACGGCGATGAGCGCCGTGGCACCGCCCGGCGGGTGCAGGGTGTCGGTAAGGTGCATCAGGGCGATGGCGGCGGCCACGGCCACGGCAGGGGCCAGCCACGCGGTGGAGAGGACCTGCGCATCCGCGCCCGACATTCCGGCCAGGCCCGGCACCCCCAGATTGCGCGCCACGAACACACCCACCAGCGCGGACAGCACATGCCCGCCCAGCAGGTTGCGCGGTTGCGAAAAGGGCGCGCCCGGCGCGCCGTAGGCCAACACCGCCGATGCCCCGAACGAGCCGATGAGCACGAAGCCGTCGCCCGGAGAAGCCACCCGGTCGCACAGCCACGCCACCACGCCGATGCCGCACAATGCGCCGATGAACGACCACAGGGTTTCGGAAACATCAGGTTTGGGCAGCAGGCCCAGCAGGCCGGGGCGGCAGTTGTCGCGGCCGCAGCCGCACATCTTGCGGAAATAGTCCATGGTGTGGTGGCGGGGCAGAAGGGTGTGGGAAAAGGGGTGGCGGCGGACAGGCCGGAATGTTGCGTCCGGAAGTGTGC
CP133659.1_gap83	3331452	3333491	2039	ACGAATTTTCGCGGGGGGCCACCCCGCTGGACAAGCTTTCCGATGCCCTGGACTGGCCGAAGACCTGGGGCTACGACTTCGAACTGTACAGGCCCGTGTTTGCCGTGGCCGACTGGGCGCGCCTGCCCGTGCATGGCCTGAACGTGCCGCAGCGCGTGGTGCGCCAGGTGAGCCGTGGCGGGCTGGAATCCGTGCCCGAGGCCGACCGGGCCTGGCTGCCGCCGTCCATCATCGCGCCTGCGCCGGAACAGCGCGCCACGCTGACCGCCATTTTCCGCGAGCACGCGGCCATGCGGGCGGGGCGGGCCGAGGGTGCGAAGGGCGTGACAAAGGATGCCGCGCCGCAGGGCGGAACCCTCGCCGCGCCGCAGGGTGCGCCAGCCGCCACTCCGGCACAGGCCGTGCCCGCCGCGCCGTCTGCCGCGCCGTCTGCCCCTGCCGCGGCTGCCCCCGTCCCGGCAACGGACAACGACGCCGCAGCCCTCGAACGGTTCCTGCTGGTGCAGTCGCTGTGGGATTCGGCCATGGCCCATCAGGCCGTGCGGGTGCGCGTGGCCCACGGCGGCCCGGTGGTCATTCTGGCGGGCGGCGGGCATGTGGAGTTCGGCTGGGGCATTGCCCGGCGCATCCGCCTGCTGGACCCGGACGCCCGCGTGCTGCTGGTGATGCCGTGGCGCATCGCGCCGGATGCGGTTGCCGGGCCCCCGGTGACCGACGCCAAGGGCACGCCCGCTGGTGCGTCCGCGAATGTTTCCTCCCCTTCCTCCGCTTCTGTCGGCCCTGCCGCACCCGTCCCTCCCGCTTCCGGACAGGGCGACACCCTGCCAGACGCGGCGCAGGCCGATATCTTCTGGGTGTGCCGGGCCGAGCCGGAACCGCCGCGCCCCATGCCCGGCATGCCCGGAACCGCCATGCCCGCTGCGGGCGGCCCCGCGCGGCCCCGGCTGGGACTGCTGTTGCAACAGGAAGCGGGCGGCGCGCGCGTGCAGCAGGTGGAGCCCGGTTCCGTGGCCGAGCGCGCCGGGTTCCGCCCCGGCGACCTCATCCTGCGCGTGGGCGACCGCCCGGTGAACTCCATGCGCGTGCTGCACGAGGCGGGCGCGGCAGCCGTGGCCGCCGGACAGGACGTGCGCTTTACCGTGCGCGGCCCCGGCGATGCCGACGCGGAACGGGTGCTCACCGTACCCGGCCTGAAGTAGGAATTTTCCGCAGCCGCCCGCGCTGCCCGCGTCCCATGGCGTTTCGGCCACGGATGGCGGCTGCGCAGGGGAGGGTTGCGTTGCGGAATCGGACGAATTGGAATTTGATTGCGACGCCCCGATTGGCATGCGTCAACGGGGTGCGTCCCGCCGGAGTACGCCCCTGTAGGCATGGGAATCCGGCGTATCCGCGCCAACATGAGCAAACGCACAATCCGCGAACATGCGCGGATATCCCTGTCGGAGGATGGAATGTTGTATTGCGCCGTGCTGACTCCCCTCGGCGATGACGGATTCGCCGTGGACTTTCCCGATTTTCCCGACGCCGCCCCCGGCGACGTGGGGGCCGACACCCTGTGCGAGGCCTACGGCATGGCCGAGGAAGCCCTGGCCGAACATGTGCGCGGCCTGCTGGCCCGTGGCGAAACCCTGCCCGAACCCACCCCGCCGGACCAATTGTCCGCGGCCCCGCCCGCCGGAGCCGCCCTGTTCATGGTGCCCGTGCGTCTGGAGCCGCGCCGCGTGGTCAAGGTGACCCTGACCATGACCGAGCAGGAAAAGGACAAGCTGGATGCCGTGGCCGCCGACTGGAGCATGAGCCGGTCGCAGGTGGTGGTGGCGGCTATCCGGGATCTTTGCGACCGGATGGGCTGCCCCTGAGGGCGTTTGTCCGGGCGCGCACTCCGTGGGCAATGACGGCGTCAAACCGCTTTTTTGCTCCGGTCGAGTACGAGAAGAGTACACTCCCTCCGCAAAAAAGCGGTTTTTCTTGTCCTTGCCGCACGTGTTGCGCGCCGGGACAAACGCCCTCGCGCGCGGTTGTCGCCTTTTCGCCGCCTG
CP133659.1_gap84	3374052	3375662	1610	ACGGCCACCTTCCTTGCCTGGTTCGGCGCGGCGTCCACGCCGGTGCAGCGCCGTTCGCGCGGGAGGCTGTGGGTGGCCTTCCTGATGATGCGCCACGGCGCCCTGCGGCTTGGCGAGGTGCTGGCCCTAGACGACACCGCCGACCTCGACCCGGTGCGCCAGCAGGTCATCGTGCGCGGGCACGGCGGGCGTGAAATACAGTTGCCCGGCCCGGTCATGCGCGAGGTGCAGCGGGTGCTGGACGACCCCATGATGTTCGGCCTGCGCGGGCGCGTCTTTCGCATGGACCAGGGCTATGTGCGCCGCAAATTCTACGAGCGCGCGGCGGAATGCTCCATCCCCAAGGAATACTTGAACCCGCGCGTCATCCGGCATTCGCGGGCCGTGGAATTGCTGCGCGGCGGCGTGCCGCTGAAGATCGTGCAGGGCATCCTGGGTCACCAGAGCATGAACCAGACGGCCAATTACCTGCGCTTTTCGGACGATGACGTACGGCGCATCGTGCATCATTACCTGAACAAGGAGACCCGGATGAAGACCAGCGCACGCAACGCGTTTACCGGCAGGGTTACGTCCGTCGTCAAGGACGGGCTGCTGGTGGAGGTGGAACTGACCACCAACAGCGGGCTGAAGGTGGTTTCGGTCATTACCGAGGAAAGCGCCCAGAACCTGGGCGTGAGCACCGGCAAGGTGATGACCGCCACGGTGAAGGCCCCGTGGGTTATCCTGGCCCGCGAGGAAAACCGGCTGAAGACCAGCGCCCGCAACCGCTACGCGGGCAAGGTGGCGCGGGTGAACCTTTCCGAGATAGCCGCCGAGGTGGTGGTGGACCTGCCGGAGGGCACCACCGTGTGCGCCCTGCTGACCGTGGAAAGCGTGAAGGCGCTGGACCTTGCGCCGGGCACGGACATTCTGGTGATGTTCAAGGCGTTCTCGGTGATCCTGAACGTGGAATAGCGTGGCGGAAGGCGCCCAGCCGTGTGCGCATGGCGTGCGGGCATGACCTGCGGGCGGCATGCCGCCCGCCTGCGGAAAGCGCCGCCGTCCTTGCGGGGACGGCGGCGCTTTCACATGGAGGGGCGGACGGGCGGGCAGAGGAGGTCCGATGGCCCGTGGGAAACCAGGCGCGCGAGGCGGCGCACCGGGCGTGAAACCCGCCGGACCATGTTGACGCGCATGGCCCGGCGGGAAAGATGGCGGAACAGTGAGTGTGGGCTACCCCATCAACGCCATGAGCAATCCCAGCGCAGGCTTTCCTTCCGCCCGCAATTCGCGGAAGTTCAGGCGGTGGCGGATGCGTCCGTCCTCGTACAGCACCAGGGTGTCGGCAAAGGCGTCCACGTCGTCCGGGTCGTGGGTGATGATGATGGCCGGTATGTCGAAGTGCGCGAACAGCCGGGTGAATTCCTTGCGCATGCGCACCCGCAGCAGCGGATCCAGGGCAGAGAACGGTTCGTCCAGCAGCAATACGCGCGGGTTGGTGGCCAGGGCGCGGGCCAGTGCGGTGCGCTGGCGTTGCCCCCCGGAAATGTTGCCCGGCAGGTTGTGGGCCACGTGGTCTATCTCGAACAGTTCCAGCAGTTCGTCCACGCGCCGTTTGCCGCCTGCGC
CP133659.1_gap85	3434650	3439036	4386	GCCCGTGAACAAGGACGACGTGCTGACCCCCGACAAGATCACCCGCGTGCGCAAGAATCTGGCTTACCTGCGCGAACCCGCCTGGGACGGCCTGGGGGGCCCGTGGCGCCTGACCCGCCCCGTGGGCGCCGACCAGGTGATCTACCAGAGCGACCTTTCCGGCGTGCCCACCGTGCGGCGCGGCAGCGTGGTGACCGTGTTGTACGAATCCGGTTCCGTGCGCCTGCAGGTACAGGGCGAGGCCATGGCCGACGGCGGCCCTGGCGAGACCATTCCCGTGCGCAACATGCAAAGCAAGCGGCAGATCTATGCCGCGGTTAAGGATGGGGGGACGGTGGTGGCCCGGTAAGGGGCCTCCCGGCAGAAGTTCGCCTTATCCGTAATTTCAAGGAGAACCGTCATGAAACGCAGACTGCTCGCCGCCGGGTGCGCCATGCTGCTGCTTTCCGGGTGCAATGCCGCCCGCCAGCAGCCTTCGCCGGTGCCGCCGGTCACGCAGCCACAGGCCTATACCGAACCCGAGGACGCCGCCGCCAACCCCGGATCGCTGTACAGCGAATCGGACTCGGAGTTCCTGTTCTCCGACAACCGCGCCCGCCGGGTGGGCGACATCGTGCTGGTCAAGGTGGTGGAAACCGACAAGGCCAAGAACAAGGCCGACACCACCGCCGACAAGACCTCCACCAACGAACTGGGCGTCAGCGCCTTCTTCGGGCAGTCCAGCGCGTCCATCAACCCCATGAATCCCACGGGTCCGTTCAGCGGCTTGGTAGGAACGAACCCCATCCTGGGCACCAGTTCCACCTCAAAGCATTCCGCCACCGGCGAAACCAAGCGTGAAAGCACCGTCACCACCACCATCGCCGCCCGCGTGCTGCGCGTGCTGCCCGGTGGCCTGATGGAAGTGGAAGGCGCCCGCGAAACCCGCGTCAACGATGAGACGCAGTATATCGTGGTCAGCGGTCTGGTGCGCGCCCGCGACGTGGCCTCGGACAACTCCGTGACTTCGTCGCAGATGGCCAATGCCCGCATCGAGTACTACGGAAAGGGCACCCTGGCGGACAAGCAGAAGCCGGGGTGGTTCACGCGCCTGATGGACAACGTCTGGCCTTTTTAAGCAATGCACCGGGCTGGCCCGGATGCTGCGTCAAACGGGGCCGCCGTCGAGGTCATGTACCGAAGAGTACACTCCCTCGCCGTCGGCCCCGTTTTCCTTGCCTGCGGGCCAGCCGGGCGCATTGCTTTTGCAGTGTTGAACGCGGCGATTCCGCCCGCATGCATCGTCAAACATCGCCGCCGCCGGGGTCGAGTACCAAAGAGTACACTCCCTGGGCGGCGGCTTCGTTTTCCTTGCCTGCGAACGCGGCGATTCCGCTCGCATGCATCGTCAAACGGGATTTTCGCTCCGGTCATGTACCACCCCGCATATTCCCGTTGCGAAAATCCCTTTTTCCTTGCCTGCGAGCGGACTTGCCGCGTTCGCGCCGTACAGTGAGAGCGGGGGGCTTCTCTACTTCCGGTCCCCGCATATTTCCATTCCCTCTGACCGCCTTCGCACTGGCACGGTGTTGGCAATAGCCATGGGCAGCGCCGGAATACCGTCGGATACCCGTCGGTGCCGCGCCCTGCGGAATGCTTATTTCTTGACCGTCAGCAATCCGCGCGCCCATCCCTTCGTGCACGTCCGGCCCATGTCCGGCGCACATTCGGGGGGGGCGCCGCGTAACGGGCTGCCCCGTGCAGCCGTATTTTCGGAGAAACGCCATGTCGCCCAGCCTTCGTTCCCTCACCGCCCGCCTTCTCGTCGTTCCGCTGCTTGCGGCCCTGTGGTTGCTGGCCCTGCCGGGCGGCGCCGGGGCCGTGCGCATCAAGGATATCGCCAGCTTCGGCGGTGTGCGCGACAACCAGCTCGTGGGCTACGGCCTGGTGGTGGGCCTGGGCGGCACGGGCGACAAGAAGGACTCCACCTTCACCATGAGTTCCATGGTCAACCTGTTGGAACGCATGGGCGTGGCCGTTGACCAGGCCAAGTTGAAGCCCAAGAACGTGGCCGCTGTCATGGTCACCACCCGTATGCCCATTTCCGCCAAGCCCGGCACCCGTCTGGACGTCACCGTATCGTCCATGGGCGACGCCACCAGCCTTCAGGGCGGGGTACTGCTGATCACTCCGCTGAAGGGCGTGGACGGCAAGGTGTACAGTCTGGCGCAAGGTCCGCTGGCTCTCGGCGGCTTTTCCGTTGAAGGGCAGGCCGCCCGTGCCCAGAAGAACGTGACCACCGTGGGCACCATCCCCGGCGGGGCCATCGTGGAGCGGGGCATTCCCTTCCAGTTCAACAGTCAGGATACGCTGACCCTGCACATGTCCAGCGCCGACTTTTCCACCACCATGCAGGTGGTGGAGCGGCTGAATCGGGTCATGGGCGGCAGCTACGCCAAGGCCCAGGACGCCTCCACCGTGGCCCTGGACGTGCCGCCCGCCTACCGGGGCAATCTGGTGCCGCTGATGGCCTCCATCGAAAACATCGAGGTCACCCCCGACGGCCCCGCCAAGGTGGTGGTGGACGAAAAGACCGGCACCGTGGTGCTGGGGCGCGACGTGCGCATCTCGCGCGTGGCCGTGGCCCACGGCAGTTTGCAGGTCACCGTGCAGGAAGGCATGGACGTCTCGCAGCCCGGCCCGTTCAGCCAGGGGCAGACGGTGGCCACGCCGCGCACCGACATCAACGTGCGTGAGGAAAATCGCCGCCTGATGCTCATGGAAGGGGCCACCTTGCAGGAACTGGTGGATGGCCTGAACGCCATCGGCGCCACCCCGCGCGATCTGGTTTCGATCCTGCGGGCCATGAAGACGGCGGGGGCGTTGCATGCCGACCTCGAAGTCATCTAGCTGCGGCACAAGGGCCTTTTTGCCTCTGCCGTCGTCAGAACGCTTTTTTGTTCCGGTCGAGTACCACAAAAGTACGCTCCCTCCACAAAAAGAGCGTTCTTCCTCGGCAGAGACAAAAAATCCTCTTGTGCCGGGGACTCGCGCCGCCAGCCGGATTGCCCGGTTGCCGAAGCGTGAAGTGTCGGCCCAGCCGGAAGGACAGCAACCATGACCGCTCCCGTCGATCCCAAACTCGCCACTGCAACAGCGGCCCAGCACGAGCTTACCCAGCGCAAGCTCGAGATGGATGCCCTGCGCAAGCGCTTGCGCACCGATCCGTCCAAGGAACAGAAGCTGCGCGAGGCGTGCGAAGGGTTCGAATCCATCTTCGTGCAGAAGATGTGGGAGCAGATGCGCGCCACCCTGCCCAAGGAAGGCTACCTGCACAGCAAGGAAGAAGAATTCTGGCAGTCCATGTTCGATCAGGAAGCTTGCCAAAAAGATGACCTCCGCCGGGGGCATCGGGTTGGCCGACATGATCTACGAACAGCTTTCCACCAAGCTTACCGACGCCAGCCGCACCACGGCGCCCAGTTCGGTGCGTGAACCGGTGCCGGTGAAGCCGGTGTCGCTGGTGCCGCGCATGATCACGCCCGCGTCCGAGGGCGCGAGCGGGGCCAGCGGGACCAGCGGGAAGGCCGGTGTCACTTCGTCCATGTACGAGCCCGCCAGTCCGGAAGCCCCCGTGGCGAGTGACGCCCAGGCTCCAGGCGCGGTCAGGACGGACGCGAAGAGCGTATCGGCAAATCAGGCCGAACCGGCAAATCAGGCAGGACAGGCCATCGTCCAGCAGCATCTGGCCGAACTGGAGCGTCAGGTTGCCGCCGCATCCCCGGCTGACGCAGCCAGCTCGGCGGCATCAGGTGTAGCGGCGGCAGCAACGGGAATTACTCCCCCGGGCACCGTTGCCGCCACTGGCGTAGTTGCCACCCAACCCGGCACGGTACCGGCTGCCGCAGCCGAGGACGGGCAGGCCGCAGCCGTTACCGGGGCCCAGCGCCGCGCCGCGCGGGACAAGGACGGCGCCATGCACGGTCTGCCCTCCGCGTCCGTGGCGGACGGGAACACGCGCAAGGTGCGCAGCCCCATGCGTGATGCCCAGATGGGGCCGCCCATCGTGCACCGCACCGGAGCCATGAAGCGGGTGGCCTCGCCCGCTGCCACGCGCACGCTCAGCGTGCCCACGGGTGCTCCTTCGGCTGCCGAATTGCAGGCCGGGCAGGCCGCGCAGGACGTGCAGGCTGCCGTATCCGGCGCCGGGCCTGTCGGCGCAACGTCCCCGGCGGCAGGCGAAATTTCTTCGGCAACCGGAACAACGCCATCGGTGTCCGGCATGGTCTTTCCTGCATCGGGGGCGGCATCAGGCTCGGCATCTCCGGCAGCCGCCACATCCGCCACATCGGGCACATCCGCCCCATCGGGCACCCCGGCTGCTCCGGCTGCCAAGGCTTCGCCCAC
CP133659.1_gap86	3513716	3517032	3316	GGGAAGGAGGTCGGCGGGGGGCGGAGAAATGGTTGGCGCGGGCGGCGTCTGGCGTTGCCACAAGGCGCGCACGGAGCGGTTTGGCGCTGTATGCGCCATAGCGGATACTTGCAAATCAAGTTTTCTTGATGTATAAATATCAAGGCATCCGGAAACGATGCCCGGCGCGGGGAGAACCACACGCCATACTTCAAGAAATCTTGCGCGGGAATTCCATGTCGGCAGCACTCGACTACTTCAAGGCCCTTTCCGACGACACCCGAATGCGGCTCATGCACGTGCTGAACAAGCACGAGCTGAACGTGAACGAACTTGTTTCCATCCTCGAGATGGGGCAGTCGCGGGTGTCGCGCCATCTCAAGATACTGACCGGGGCGGGGCTGCTGGTCTCGCGCCGCGACGGGCTGTGGGTGTTCTATGCCGCCCCGGCGGAAGGCGAAGGCCGCGACTTTCTGGACGCGGTGGCCCCGTTCATCGCAGAGGACATGACCCTGCAGGGCGACATGGCCATGGCCGAGAAGATCATCGAGGAACGGGCGCTGAAGACCCGCCAGTTCTTCAACGCCATTGCCGAGGACTGGGACGAACTGAACCGCGAAGTGCTGGGCGGGTTCGACCTGGCGGGCGCGGTGGCGGAGGCCATGCCTGCCGCCAGCGTGGATGGCGCGCCTGCCTGTCGCGTGGCCGTGGACCTGGGCTGCGGCACGGGCACCGTGCTGGAGCGCATGCTGCCCCGCGCGCAAGAGGTCATCGGCGTGGACGGTTCGCCGCGCATGCTGGAAATGGCCCGTCGCCGCCTGGCCGACGCCGGGGCGCGCGTATCCCTGCGCATCGGCGAACTGGACCACCTGCCCCTGCGCGACGGCGAGGCGGATTTCGCCTCCATCAACATGGTGCTGCACCACCTGTCGGAGCCGGTGGCGGCCCTGCGCGAGATTGGCCGCACCCTGCGCACCGGCGGGCTGCTGTTCCTCAGCGATTTCGACCACCACGACAACGAACGCATGCGCACCGACTATGGCGACCGCTGGCTGGGCTTCGACCGGGCCGCGCTGACGGCCCGCCTTTCCGAGGCGGGCTTTGTGGTGCGCCGGGCGGACCTGCGCGAGGTGAGCAAGGGATTGTCGCTGCACCTGATCGTGGCGGAGAAGTCGTAGTCGGCGGGGCTTCCCCCGGCTTGATGGAACAGGGCAGTTCCGGCTGGAGCCGGGCGGCACAAATACTCTGCCGATCGACAACTATACTCCCGCAACACGCCGTTCCCCGTTACAGTGGACGGTGCAGATTTCCGGGGCGTGCGTCGTGCCGCCGCCCCGTACCTTAAGGGTTTCACAAGGTTTTCATGTCTTGACGTTTCCCATGTTTCCCGGTGGACGGGCCGCCCGGGCGGCACGCGACGACCCGCCCCGCTCCGCCGGACCCGCGCGCTCTGGAAAACACCGGACCGCCGGGCGTCACCGAATGCTCCCCGGGCCGCATCCCGCATGCCGCGCCCGGCACACCGCAACAGCAACCAAATCCTTCCCTACGGAGGCACACATGACCGATGCCAAGCGGGCGCAAGCCCTGGACCTTTCCCTTGCCAACAAGGTGGCCGACATGGCCCTGGCCGACTTCGGCCACAAGGAAATGCAGCTTTCCGAGCGCGAAGTGCCGGGGCTGATGGAACTCATCCGCATGTACGGCGTCAGCAAGCCGCTGAAGGGCCTGCGCGTCACCGGTTCCCTGCACATGACCATCCAGACGGCCATGCTCATCAAGACGCTGTACGAACTGGGCGCGGACATCCGCTGGGCCTCGTGCAACATCTTCTCCACCCAGGACCACGCGGCGGCGGCCATTGCCGATTCCGGCATGGCCAAGGTGTTCGCCTGGAAGGGCGAAACGCTGGAAGACTACTGGTGGTGCACCGAAATGGCGCTGACCTGGCCCGACGGCAGCGGTCCCGACCTGCTGGTTGACGACGGCGGCGACGCCACCCTGATGATCCACAAGGGCGTCGAGGTGGAAGGTAACCCCGAACTGCTCAAGCAGGCCTATGACAACAAGGAATTCCAGATCATCATGGATCGCCTTGCCTTGGCCTACCAGAACGACCCGGGCCGCTGGCAGCGCGTGGCCGCCCGCGTGCGAGGCGTTTCGGAAGAAACCACCACCGGCGTCCACCGCCTGTACCAGCTGGAGCAGGAAGGCAAGCTGCTGTTCCCGGCCATCAACGTCAACGATTCCGTGACCAAGTCGAAGTTCGACAACCTGTACGGCTGCCGCGAATCGCTGGCCGACGGCATCAAGCGCGCCACCGACGTGATGGTGGCGGGCAAGGTGGTGGTGGTTGCGGGCTACGGCGACGTGGGCAAGGGCTGCGCCCAGTCCATGCGCGGCTTTGGCGCGCGCGTGCTGGTGACCGAAATCGACCCCATCTGCGCCCTGCAGGCCGCCATGGAAGGCTACGAAGTGACCACCATGGAAAAGGCCGTGGAAGAAGGCGACATCTTCGTCACCGCCACCGGCAACTACAAGGTCATCACCGGCGCGCACATGGAGGCCATGAAGGACGAGGCCATCGTCTGCAACATCGGCCACTTCGACAACGAAATCGACATGCACTACCTGGAAACCACCCCCGGCTGCTCCTGCCTGAACATCAAACCGCAGGTGGACAAGTGGACCCTGAAGTCGGGCCGCTCCATCATCGTGCTGGCCGAAGGGCGCCTGGTGAACCTGGGCTGCGCCACCGGCCACCCCAGCTTCGTCATGTCCAACAGCTTCACCAACCAGACCCTGGCCCAGATCGAACTGGCCACCAACCCCGATCTGGAGCGCAAGGTGTACATCCTGCCCAAGAAGCTGGATGAACAGGTGGCCCGCCTGCACCTGGCGCGCCTTGGCGTTACCCTGACCACCCTGACCAAGGAGCAGGCCGACTACATCGGCGTGCCCGTGGACGGGCCGTACAAGCCGGGGCATTACCGCTACTAGACGGAGCCGGACGAATGACCGGAACGCCCCCGGGCCATGGGCCCGGGGGCGTTCCTTTCGTTGTTGCCCTGAGCGTGCCGGGCGGTCTAGGCGCGGCGGCTGTCTTCCTGCCTTGTGGCTGCGGAAGGGGATTCCGTGTGTCCATGTCGGCATCGCGCTGCATGACGGCAGGCGCGGCATGACGCGTCATTGCAGATTTCCAGCTTCAGGTGCACCCCTGCCACGTCCGGGTTGTCCCGGCGCAGCATCTTTTCCAGCTTCGCCGTGCATTGCTGGGCCTCGGCAAGGGACAGCCCGCGCGGCAACACCACATGCATGTCCACGTAAACGTCACGGC
CP133659.1_gap87	3519922	3521762	1840	TTAAATATTTCTTCAAGTAGTTCAGATTTATATAATATGCACTCCTTGTGCGATGGGGAAAACAGAATGTCCATGGCTCCGGTGTCGCCGGATGGTAGCAAGTTCAAAAGCCAATGTTGTATAGACCATAGGTCTATATCAAGATCGTTTGTGTTGTTTGGTGTTTTCCCTGTTCCCGTGGAGTACCGCAGGCTTTTAGGGGACTTGTTCAATGCAAGAGATTCTGCGGATGGCAGGAAAATGCCTCGGGCATCGACATCCGATTTTCCTGGTGTTTCCGTTCCATAGAGTGTGGATCCAAAAAGAGTGAGGAAAAGCAGTGTTGCATCATGCTCACGGCAAAGTTGCTCTGCTTTTTCGCGTATGGCGTACTGAATATCGAGGGTTGCTGGCATGGATGTTTCCGTGTGAAGGCTGTGGCTCAGTGTCAGGGCGAGTGCCCATGGTTGCGTTTGTGTGACCATGCTGCACAAATATAGAGATGCGTTCCTTTCTGTTTTTTTAGCCAATATTGTATTTCCGGACAAGGCGAGCCCGCACGTGATCTGGTGCGCAGGGGCTGTTGGCATCAAGGCCGCCTGAAGTGACCAACGTCCACGCCCTGACGCTACACCGCGCCCCCACCTTCTTCCCTCTGCCCCGTTCCCACCGCTTAGGAAATCGCGTATTGTCCAGCGTGACTGTCCCTAACGAGCAAAACCCACGAGGCATGACCATGAAGAAATTGATCAATGCAGTGGAAAACGTGGTACGCGAACAGTTGCAGGGCATGGCGGCGGCGCATCCGGAACTGCGGGTGAGCATCGACCCGCACTTCGTCTGCCGCAAGGAAATACCGCAAGGCAAGGTGGCCATCGTCTCTGGCGGCGGCAGCGGGCACGAACCCATGCACGGCGGCTTCGTCGGCCACGGCATGCTGGACGGCGCGTGCCCCGGCGAGGTGTTCACCTCGCCCACGCCCGACCAGATGTACGAGTGCGCAAAGGCCGTTGATCGCGGCGCGGGCGTGCTGTTCATCGTCAAGAACTACACTGGCGACGTGATGAACTTCGAAACCGCCGCCGAACTGTGCCACGCCGACGGCGTGAAGGTGCAGAACATCCTCATCGACGACGACGTGGCCGTGAAGGACAGCCTGTACACGGCTGGTCGGCGCGGCGTGGGCACCACCGTGCTGGCGGAAAAGATCGTGGGCGCGGCGGCGGAAGCCGGGTACGACCTCGGACAAGTGCGCCGACCTGTGCCGCAAGGTGAACCAGTATGGCCGCTCCATGGGCATGGCGCTGACCCCGTGCACCGTGCCCGCCGCAGGCAAGCCCACCTTCGAACTGGCCGAGAACGAGATAGAAATCGGCATCGGCATCCACGGCGAACCGGGCACCCAGCGCGCCCCCATGAAGCCCGTGGATGAACTGGTGGATATCATGGCCACCACCATCATCGACGACCCGGCCTACACCCGCACCGTGCGCGAGCTGGACCGCGCCAGCGGCCAGTGGGTGGACAAGACCCTGACCGATGCCCCCTTCGCCAAAGGCGACAAGGTCATCGCCTTCGTCAACAGCATGGGCGGCACCCCGGTCAGCGAACTGTACGCCGTGTACCGCAAGCTGGCCGAAATCTGCGGGGCGCGCGGCATCTCCATCGTGCGCAACCTGATCGGGCCGTACATCACCTCTCTGGAAATGCAGGGCTTCTCCATCACCCTGCTGAAGGTGGACGACGAGCTCCTGAAGTTCTGGGATGCCAAGGCCGTCACCCCCGGCCTGCGCACGGGCTAGGGTGCGCTGCGGTCCTTTTGTCCTTTGCCGTCGTCGGAACGCGCGTTCATTCCGGTCAC
CP133659.1_gap88	3537799	3541132	3333	CCGCCAGCCGGTTCCCTGCGGCTTGCGCGGCGGCACGTTCGGACAGAGCCCTGCCACGAAACGGAACCGCGCCAGTGCCCCCCATGCCGGGGCACCCGCGTATGGTCCGAACCGTGGTTCCTCCCTGTGGCGTTCGCGCTATCCTGATGTGTGTCCTGTGATGCCGCGTGGTTACGCGGTAGGCGCAGGCGCATGCACCGGGGTTTTTCCGACCGTTGGCGTCGGTCGGAAGGCACGCGAATACCCTACTTCTAGGGTATGGAATAATTCCTACCGGAGGGGTATGCGATTATCAAGGGTGCGTCAAGCACATTCTGCGGAAAATCTGGGTTGCTCGAAGCGTTTGGATGACTGTCATTATTTGCTGAAATAATTCATTAAAATTTGGTATGTAAGCGGTTGCAAGCCGGCCTTTTTTAGTCCGGATTAAGGCGGTACGCGGGGTGGCGGCGGCGTGGTTTTGGTGAGGGTGCGTAAAAAAAAGGGGGGATGCGCGTGAAAAGGGGGCGGATGCCTCGATACGGGTGCAGGATGACCCAAATGCGAGGTGCGGTGTGCCAAAGGCGGGGGGTGGGCTGCGCAAAACGGGGTGAGGTCGTTTTGAAGGGCGCGCCGCCGCACGTCGGGCATCACCTGGCTGACCATTCCGTGCAGGCTTGTCCCCAGTTGCGTGGTTGGCCCCGTGCGGGCGCTGTGCTACACGGCCCTCATGCATACCTTCGTGAATCTTCCCCTCAGCTGGGTCGCGCGCGACCCGGCATGGCTCGACCGTTTCGTGGCCGATGGGCTGGCTCCGGAACTGGGCCTGGACACCTTTGCCGTGCAGGAACTGACGCCGGACTGGCACCGCGACACCGCGCGCCGCCTGGCCGAAGCCGGGTTGCCGTGCGCCGTGCACCTGCCGTTTTTCGACCTGCACCCCGGCAGCCTCAACAACTCTGTCCTGACCGCCAGCCGCGACACCCTGCGCCGCGCGGCGGAACTGGCAGCCCTGTACGCGCCGCGCCACATGGTGGGGCACGCCGCCTTCGACCACAGCCAGCATGGCGGTGACTTCGACGCGTGGTTGGAGCGGGCCTGCGGCACATGGGCGGCGGTGCTGGAAGTGTGCGATGCGCTCGTGCACATCGAAAATACCCATGAGCGCGACCCCGAACCGGTGGCCGCGCTGGTCGATGCCCTGACCGGCCGTTTCGGCGTCCGCGCGGGCATCTGCTTCGACGCCGGGCACTGGCACAGCTTCGCGCGCGGCGCACAGCGGCGCGACCTGCGGCGCTGGCTGGATGCCTTCGCCCCGCGCCTTGCCCACCTGCACCTGCACGACAACGACGGCAGCGACGACCAGCACCTGGGCCTGGGCACCGGGTCCATTCCGCTGGACGACCTGTTCGGCGGGCTCATCGCGCGGGGGCTGCACCCCACCGCCACCCTGGAGCCGCACGACGAGGCATCCTTTGCCGTGTCCCGCGCCTGGCTGGCCGCGCGCAAGCACTACGTGGACGTGCTGACGCCTCCGAATGCCCCCGCCGCCGCGCCAGGCGACGCCTCCACTGCCGCCCCCGGCGCGTGACCGAGCGTTCGCCGCGTCAGCCTTCACTCTTCGCCTTTCACACAGGAAACGCGCCGCCCGGTATCTGCCGGACGGCGCGTCGTTCATTGCGGAACCTGGCGATGCGATGTGACGGCAACGGCCGCCCTCCGGCTACAGCCCGTCGGCGTAGTGCACGGGCAGCCAGGCGTAGCCGCCCTTGCCGCCATTTCTGGCCCGCACCCGGCCCAGACCGGGGAAGGGCAGGTGCGACCCGGCCACCCAGCAGCCCTCGGCGGCCACCTGGGGCAGCAGGCGCAGGCGGGTGCCCACGGCGGCCTTTTGGTCCACGTCGAAGTCGATGGACACCTCCGGCCGGGCGAACTGCACCGGGGTGCTGTGGATGATGTCCGCCCAGAACAGCAGCGCCGCGCCGCCAGAGGCCACGCGAAAGCCGCAGTGCCCCGGAGTGTGGCCGGGCAGATCCACCGAGGTCACCTGCGGAACGTCGGGCAGGGGCGCGGCCCCCGGTGCGAAGGTGTGCAGCCGCCCGGAATCCTTGTAGGGGGCCAGCGCCTTGCGCAGAGCCAGCAACCCGGCCCTGCGGCCCTCCGGCGCGGCGGCGAAGGTGGCGTCGCTGGTCCAGTAGTCCAGTTCCGGGGCGCTCACATGCACGCCGGCATTGGGGAACACCCGTGCCCCGGCGGCGTCCACCAGGCCCAGCGCGTGATCCGGGTGCAGGTGCGAGAGCAGGACATGGCCGATGCGCTCCGGGGGGTGCCCGGCCGCGCGCAGGTTGCCGGGCAGGTGCCCGCCCCGCGCGCCGAAGAAGGCGCCCGCGCCGGTATCCATGAGCACCCTGCGTGCCCCGGCATCCAGCAGGAAGCAGTTCACGTTGCTGGTGTGGGGCTGTCCGGCGGGGATGCCCGCATCCTCCAGCAGGGCGTCGATGTCCTTGCGGTCCGCGCCGTGCAGGATGGCCGGATCGAGTTTGCCGTGGGCGTCGAACAGGGCGAACACGGTCACTTCGCCCACCGGCAGGCGGAAGAAGCCGGGTACCTGCGTGCCGGTGGGTGCGGGGGGCGCGGTGGCTGCGTCTGTTCCGGTTCCCCCCGCGGCGGCGTTGGCCGTTGCGGCGGGCAGGGAGGCCAGTGAGGCGACAGCCAGCAACGATTGCATGAAGCGTCTGCGGTCAAGCATGCGAGCCTCCGAATGGTTGGGGCGACGGATGGCGGGAGCGTCTGCTGACGACGGGTGCGCCTGGTGGCAGCTGTGCCGGGCGACAAGATGTTGTGGCGGCACGTCGCGGGGAGGCGGGGTGGCAGGGACGGGAAACGGGTTGCCCGTTGGTACAGGATAGCACGCGGCAGCGCACAGGCAAGCAGGCACCGGCAGGATACCGGTGTGCGCACGCGGGGCAGGCCGCCCGCGCCGCCTGGCCCTGCCCGCGTCGCCTATTCCCTGCCCGCACCGCCGATGCCCAGTCGGCGCAATATCTTCTGCAACGACACCCGCTCCAGCCCGGAGATGCGCGCCGCCTCGGAGATGTTGCCCTCGGTGCGTTCCAGCAGGCGTTCCACGTAGCGCCGGGTGAATTCGTCCACCACGTGGGCCTTGGCGTCCTTGTACGGGGTAAGCGTTGGCTCGGTCACGGGCGCGGCGCAGTCGGCGGGGCCGTCCACCAGCCGCAGGTGGGACATTTCCACCGTGGGGCCGGGACAGAACACCGCCAGCCGCCGCACGAAGTTCTGCAACTCCCGCACGTTGCCCGGCCATTCGCGCCCGCACAGGCAGGCCATGGCCTC
CP133659.1_gap89	3570882	3572534	1652	ATTCTGGCCATAAATCCCGGCTCCACCTCCACCAAGGTGGCCCTGTACGAGGGCGAGACCGAGGTGTTTTCCGAAACCGTGGAGCACCCGCGCGACGAGCTTGCGGCCTTTCCCACGGTCATCGCCCAGTACGCCTACCGCCGCGCCGCCGTGGACGCGCTGCTGGCCCAACACGGCATGGCCGACATGCCCCTCGGCCGCCGTGGCCGGGCGCGGCGGGCTGCTGCCGCCCATGCCCGGCGGCGCGTGGCGCATCACCCCGGCCATGCTGGAAACGCTGGCGCAGGCCCGCTACGGCGAGCACCCCTGCAACCTGGGCGCGCCGCTGGCGCACGATTACGCCGCCCGCTGGGGCGTGGCCGCGTACATCGTGGACCCGCCCGTCACCGACGAGATGGACGAGGTGGCCCGCATTTCCGGCCTGCCTGCCCTGCCGCGCCGCAGCGTGTTTCATGCCCTCAGCCAGCGTTCCGCCGCGCGGCGGGCTGCGGAACTGCTGGGCGTGGACTATGCGGCCAACCGCTGGCTGGTGGCGCACATGGGTGGCGGCATTTCCGTGGCGGCGCACCGCTGCGGGCGCATCGTGGACGTCGTCAACGCCCTGGACGGCGACGGGCCCATCGCGCCGGAACGCACCGGCCGCCTGCCTTCGCTGGGCGTGCTGTCGCTGGTGCAGGACGGCACGTACACCTTCGAGCAACTCCGGCGCATCATCCTGCGCGAAGGCGGCATGTGGGCGCACTGCGGCACCAACGACCTGCGCGTGCTGGAGCGGCGCATGGACGGAACGGCCTGCTGCGATAAAGACGGAACGACCGGCTGCGGCAAAGACGGTACTACCGGGAGCGGTAAAGACGGTTCAGCCGCAAGCGGTACGGATGGCGACGGATGCACCCCGCCCGACGCCCATGCCGCGCTGGTGTTCGAGGCCGTGGCCTACACCATCGCCAAGGAAATCGCCTCGCTGGCGCCCGCCCTGCTGGACGGCGGCACCGGCACCGGCTGCGGCGAGCCCTTGGCGGACGCCGCGTGCCCGGCCCGCATCGCCGGGGTGGTGCTGACCGGCGGCATGGCCCGCAGCGTCCGGCTGACGGAACGGTTGCGCCAGCGGCTGCAGTGGCTGGCCCCGGTGGTGGTGCTGCCCGAGGTGGAAGAGATGCACGCCCTGGCATCGGGCGTGCTGCGGGTGCTGCGCGGCCAGGAGACACCCGGCGACTATGCCTGAAGGGCGCTGAAGGTGCCGGGCGCCGAGGGGGGGGGCTGACGTGCCCCTGCGCGGCACGCGGCCTTGCCCGGCGGATTCGCATTGGCGCGATTGGTTCTTTGGCCCGTCGCCGTCAGGCCCGTCGCCCGACAGGCATGCTAGGCGGGCACGCCGGGATCGGCGGCGTGAGACGGAGCGCGGCGGGACGTGCCCTGTCGTGTGGGTGCCGCATTGTGGCCCCCGGTCCGATGCATTCCTGCAGGGGAGCCCCGGACCGTTCTTTGGCATGCACGAGGACTCCGCGCAAATCCCCGTGCTTGACGCCGCCTGTGGGAACGTGTCTATGATGCTCTGCGCAACGCGCGTTCCGCACCTTTCGCTCCCTTTGCGGCGGACGCACCCAGAAAAGAGGCACGCATGGCATCTTCCAAGGACCTGATACTGGAGA
CP133659.1_gap90	3574029	3576727	2698	AGTCGCGCAGGGGCGGTGGTTGCAGGGCCGTGCCCGGTTCCACCGTGGCCACGGACAGGCGCGCGCCGTTCCAGTCCACGGAGCCGCCCTGGCGGATTTCCGCCTCGAAGGTGAAGCCCACGCTGCCTTTGTCCGGGAAGGCTTCCAGCCGGTAGGCGGGCCGCCAGCCCGCATCGCGCAGGGTGTAGGCATAGGACACCGCCGGGGGCCGCGCGCCGGGCTTGCCAGCAGCACCGTGGCCATGGGCGCGGTGCGCGCCGCGCCGCCCGCGTCGTTCAATTCCTGCTCCAGCCTGTCGATGCGCGCGGCCAGCGCGGCTTCCTTGTCACGCAGGTCGGGCAGGGTGGCGTTCAGTTCCGCCAGCCGCCCGGCCATCTGGGCGTCCAGCCGCTCCAGGTCGGCGGTGGGCGCGTTGGTTACCGGGGGCTTGGACCACAGGGTCATGCGCGCTTCCGTGGCGGCGATGGACCCGGCCACGGACGCGGCTTCGCGCCGCAGCCCGGCCAGTTCGGCGCGCAGGCGCACCACGCGGGGAGATTCGGTTGCGTCGGCTTCACGAACGCTTATCGATGCCACGCCGTTGCCGGGGATGGTCACGGACAGGGTGGCCGGGTCCGCCCCGGCGGGCAGGGCCACGCGGAATGCCTGACCGCCGCCGGGCGCGGCCTCCACGGACACCCGGTCTTCCACCATGACCCGCGCGGAACGGGGGTAGAGCACCACGGACACGGGTGCGGCGGGCACCGGGTCGACCGTGCCCGCCGACGGGGCGGACACGGAGGATTGCGCGGGCACGGCCGGAGCGGGCTGGGCCTGCGGGGCGGCTTGCGCGGCAAGCGGGGCCAGCAGCAGCGCGGCGGCCAGAGTGGCCGACGCAATCCCGCAGGCGGGGGACGAAAGGAAGGAAACGGTCGGTCGGCGCAGGGCGCCTTTGGTGATGAATCTACACATGCTTGCCATATAGCATGTTTCGCGCGGCAGGGCGAGTGGGCAGGGCGGCATGTGCTGCCGGAAGGCGCCGTGGCGGGGCTGGCTGACCGGTCGGGGGGAAAGGCCCGGGGAACAGATCCGGAGGGGGAATCGCCTGCGGCAAGTGTCCGGTCGCCTGCCGGAAGAACGGGGAGAATAGGGCGCGAATCCGCCGGGGACCGTCCCCCCTCTTTCCGGATGCGGCAACTTTCCGGTGGGTGCCGCGCCCGTTGCCGTCCGCTGCGGGCATGGCGTGCCGGACCCTACCCGGCGGCGGTGTCCAGCAGGTCGGTGTCGTCGTGGGCGTAGGGCGGGGCGCAGCAGCACAGCACCAGCAGCGGCACGTCGCCGGTGTTGGCGATGCGGTGCGGCGTGCCGGGGGGGATGTGCACGGTGTCGCCCGGCCCCACGGCAAAGCTGGCATCGCCAAGGGTCATCAGGCCCTTCCCGGCGGTGACGTGGTACAGTTCCTCGCTCTGCGGGTGGCGGTGCAGCAGGGTGACGCAGCCGGGTGGCACTTCCGCCTCGGCCAGCGACTGGTTGCGGTTGCCGTGCACGGCGGGGTGCATCAGTTCGCGGATGATGGACCCGTCGCGGGTGACGTAGGGCGCGGCGTCGGCGCGGGAGGTGACGGTGACTGCGGGGGCGTCGGTGACTGCGGAGGCGTTGGGGCGGGTCATGCGGCTCCTTGGGCTGTGCCCGTGGGTGCGTTCATGGTGCATGCGGGGGCAGAGGCGTTACGGTAGCGGACAGACGGTCGCCCCGCAGCCGAAGCAAGGCGCCCCGGTCCACGGTCCTCGAAAGTCCTCATGGAGCCGGGGCGCATGCATCCGGTCGTGCCATCGCCATGCCCCAGTGGGGCACTGCGCGTCAGTACAGCTGCTTCAGCAGGTCTTCCGCGCTCTTGGTGTCGTCGTCGCCCCGGTGTACCGGGTCGCCCGCCGTGGAGGTGGGCTGGGTGCCCAACTGGAACGGCAGCAGGTAGCTGGTCTCGGAGCCCGGCCCGGCAATCTGCCCGGTCTTGCCGTCCACGCGCACCATGACGATGCCGGGGGGCATGGGGAAGTCGTCCGGCGGATACTTTGGCTCCACCACCTTGCGGTAGTCCACGAAGATGGGCAGCGCGGCGCGCCCGCCGGTTTCAAACTTGCCCATGGGGGCCACCTGGTCGAAGCCCACGTAGACGACGCTGACCAGGTGCGGGGTAAAGCCGATGAACCAGGCATCGCGTTCGTCGTTGGAGGTGCCGGTCTTGCCCGCCAGGGGCCTGCCCAGCACCTTGGCCTTGGTGGCCGTGCCGTCCTGCACCACTTCCTTCATCAGCGAGGCCATGATGAAGGCGTTTTGCGGGCTGAGCACCTCGCGCACGTCGGGCCTGGACTCGAACAGCGTCTCGCCCCAGGCGTCCTTGATGGAATGGATGAACCGGCGCTTGGCCACGCGCCCTTCGGCGGCAAAGGCGGTGTACGCCTCGGCCATGTTGATGGGCGAAACCGCCACCGCGCCAAGGCTGACGGAAAGCTCGTTGGGGAACGGCCCTTCCAGCCCCAGCGCCGTGGCCCGCTCGATGACGGCGGGAATGCCGATCTTCTGGGCCACGCGGATGGTGCACAGGTTGCGCGACTTGGCCAGCGCCGTGCGCAGCAGGGTGGGGCCGTAGAACACGCCTTCGAAGTTCTCGGGCCGCCATATCTTGTCGGTGTACTCGTTCAGATACACGAAGGGCGCA
CP133659.1_gap91	3601255	3602870	1615	AGCGGCGGATGGCCGTGCTGACCCCCACGATGGAATGCTTGAGCCGCGACGAGGGCCGCTGGGCGGGCAGGCGGGCGCGATAGTCCAGCGCGCGCAGCAGCGGCAGCACCACCCGGTCGGCAGGCAGGGGCTTGCGCAGCCATTCCCACGCCCCGTGGCGGATGGCCCGCTCCGCGCCGTCCGGGTCGCCTCCTTCGGCGGTGACGATGATTTCCGGCTGGCCGGGCAGGGCGCGCAAGCCGGGCATGGCCCCCACCCCGTTGCCGTCGGGCAGGGTGGCTGCCAGAAAGATCACGTCGGCGTCATCGGCCAGCAGACGCCCTTCCACCAGGCCCGCCGCGCGCGATGCCCGATGCCCCAGCCCCTCTGCAATGCCCGCCACCAGTTGGGCGAAGGCGGCGTCGGCGTCGATGATCAGCACGTGGGCCATGGGTGTTCCGTGGGGTTGCGGGACGGTGTGCGACTATGTGTGTCGGTGTGCAACGGTCATCGGTGGGTGCGGGGCGTTCTCAGGCCCGCACGAACAGGCCGGGCGCAAGGCCGTCGTGGGCGCAGTGCAGCACTCCCGCCATGCCGGGGTGCAGCCGGTCCACGTTTTCGCCCTTGTGGTTTTCCAGCCGGAAGTCGCCGGGTTGCAGTTCCGGCCTGCGCAGGCCGGGCAGCAGCAGTTCCAGGGGCTTTTCGGCGCGCCAGGGGGCGCGCACGGAAACGTGCCATGCGCCGTCGCCCGCGGGCTGCTCGATGCGCGCCACCACCGGGCGGCGCATGGCGTCATGCGGCAGGCCCCGATTCAGCCGTTTGCCGCCGGGCAGGAAAAAGCCGGTGGAAAGCGGCCTGCTGGCGGTGTTCAGCAGTTCATACAGATAATCTTCGTGCCGGAAGGTGCGCCGGGTCAGGTCGTCCAGCGCGGTGCGGTAGGCGTCGGTAACCTGGGCCACGTACCCCGCGCTTTTCACCCGGCCCTCGATCTTCAGCGCAGCCACGCCCACGGCGGCGAACCAGCGCACGTACTTCACCAGGCACAGGTCGTTGGGGGCCCAGAAGCTGGAGTGGAACGGGCCGTCCTGCACCGCCTCCCACGCGATTTCGCCGGGGCGGGTCTTTTCTTCCACGGCCAGGGCCATGCCCAGATATTCGAAGCGGCAGGGGTGGGTGCACTTGCCGAGGTTGGCAGGGCGGTTGTTCATCCAGGCGGAAAGCAGGCAGTGGCCGGACACGGCAAGGCACATGGCCCCATGCACGAAAGCCTCGAATTCCACGCCGGGGCAAGCCCGGACCAGGTCGCGGATGCCGTTCAGGTCCAGTTCGCGGGCCATGTTCACGCGGGTGGCGCCCATGTCCTGCCAGAACAGGGCGGCTTCCGCGTTGGCGGTGTTGGCCTGGGTGGACACGTGCAGCGGCAGGCCCGGCACGCGGCGGCGGGCCATGCGGGCAACGCCGGGGTCGGCCACGATCAGGGCGTCCACGCCCGCCGCGTGGGCCTCGTCCATGGCGGCTTCCACGTCGCGCAGGTGGCGCTGGTGGGGCAGGCTGTTCAGGCAATAGTAGACGCGCGCGTCCACGGCATCGGCACGCCGTACCGCTTCCGGCAGTTCATCGGGCGAAAAGCCTTGCG
CP133659.1_gap92	3615718	3619541	3823	CAGGCGATGGCGCGGCGTGAACTGCTCGCCTTCGTGGGCGTAAAGGACAAACCCCTTCTCCTGCCTGATGTACACGCCGAAAGAGCCTGACATGTCAGGCAAAAGCATCGTGGTGGGCACCGCGAAGAATTCGGAGGGGTCCTGTTGCGCAGCCGATGCCTGTGTCATTTCCAAGAATTTCCTGGATGTTGCAGTGGTGCCGGGCCGTTATGGGCGCACCTCTCCCCTCGCAAAGGCATGACGGAAAGCACAGGCATTGTCAACTTTTTCTAGACTTTCTCTGCAGCGTGTGGAGATAGCAGGGCTGAAAGGGCATCGCGTCGGTCGGCGGGGGCGTGGAGCGTGCGCAAACGCGCGCATGCGGGCGGCCCATTCCGGTCAGTCTCATCGTCTGGACCGGATCAGTCCATCTCGGCGGCAAAGCCGCCGTCCAGCATGGCCCCGGACAGCACCAGCACGAAACGTCTGAACATTTCCATGTCCAGGGTCGATGCCATTTCCGAACGCATGCGGTTCAGCACCTCGAAGGCGGACGTGGCCGATGGCGGCCCCCCGCGCGTGGAGGTAAGCGTGTCGAAGGTGTCGGCCACGGCAAGGGCGCGCACCACGGGGGGGATCTGGTCGCCCGAAAGCCCCGTGGGGTAACCGGAACCGTCCATGCGCTCGTGGTGGAACAGGATGCAGTTGATGGCCTCTTGCGTCAGGGGCACCTGGGCGATGGTGGCCACGCCCTGTGCGGGGTGGGTGCGGTACACGGCCTCTTCGTCCGGCAGCAGGCGTCCCGCGCGCTCGATGATGCTTTTCGGCACGCGGGTCATGCCCACGTCGTGCAGCAGGGTGCCTATGCCCACGCGGATCAGCGCCGCATCGTCCAGGCCCAGAGTTTGCGCCAGGGGCATGGTGTAGATGAGCACGTTGATGGAATGGGTGTAGGTCTTGTAGTCGTGCGCGATGAATTCGCCGAGGGCCCGCAACGAATCGGCACTGGTCAGAAAGCGGATGGACTGGGTGACGAAGTAGTGCAGCCTGCGGAATGTCTCGCTGTCCAGCGGCACGGGCATGCGCGCCTCGAAGGCGTCGCGCAGGATTTCGGTGGAGGCCCGGTAGAAGGTGCCCGCCCGTTCCGGCAGCGGAATGGACTCGTCCTGCAATATGGCGCCCAGGTTCTCTTCCACGTAACGGGTGTAGTTTTCGCGCTGTTCAAGGCGCACGTACACTTCACGCACGCCGTTCTCGAACAGGTTGGTGCGATGTCGTTCGGTAAAGGCCTCGCCCGCAGCGGCATACAACACCAGGGTGTTGCCCTGCCGCAGGTACACGCTGAACGACCCAACGGCCTTGGGAAAGATCATCAGGGGCGATACGGGGAAGAAGCGCGGATCGCCCGCCGGAGTATGTGAAGGAATGGTTTCTTTCATGGGATGTTGCGCAATGGACATGGAAGTTGTCCGGAAAGGAGTGTGTTGTCGCGCAGCGAGCATACCGTTGTCGCGCGGCGAAGGAAAGGGCCTTGTGCGTGCGGTCGGACATGGCTGGAAACTGCGGGGATTTTCTTGAAAGGCCACGTCCGCTCGGCTAACGTTTATTCCGGTTGCGCCGATAGGCAGTAACGTGATGCATGCCGCCAAATGCATCCGTTGCGGGCGCACGCAGCAAATGCTCCCGGCGCGGGGCGGCGCCGCCAGACATGAACCGCCATTTTGCCGTGTCCTGTGACATAAGGAGATGCCTCGATGATGCAAGGGTTGCGCATCCGGACACTTATCTTCCTGCTCGCTCTCGTTCCCCTGGCCTGTCTGGGCGGCTTCGCCTGGCTCGGTTCCGTCGGCGCGGGCTCCATCACCCCCGGCACCATCTGGCTGGCCGGGGGCATCACCGTGGGGTGTGCGGTGATGCTGGCCGTTGCCCTGGCCTTTCTGCTGCACGCCAAGGTGGTCAAGCCGCTGGGCGAGATCACCTGGCGGCTCGACCGGCTGAAGTCCGGTGACCATTCCGTCTGTTTCACCTGCGACGGTGGCGACGAGCTTGTCGAGATGCGCATCGCTCTTGACGGGCTTATCGGCCAGTTGCGCAGAAACCTTTCCTTTGCGCAGGGCGTGCTGAAGGGTATCGATACTCCCTTCGTGGTGGTGGACCCCAAGGAGGTGCTTACCTACACCAACGCCAACCTGCTGCACATTCTGGAACACGACGGCAAGCCGGAAAGCTTCTACGGCCAGAACGTGGCCCAGTTCTTCTACGGCGACGCCACCCGCCGCACGGTGCTGCGCGACTGCATCGAAAACGGCACCATCGCCCGGCGCGAGGTGGACCTGGTGGGGCGCAAGGGCGGCAAGCGGCGCATCTTCATCAATGCTTCGCCACTGTACGACATAGAGGGCAAGCTGATGGGCGCGCTGTGCATCTATCAGGACCTCACCGACCTGCGCGCCCGCGAGGCCGAGCTGGAGGCCACCAACAAGCGCATTGCCGAAGCGGCCCACCAGTCGGAGGAAATATCCGGCGAGGTGGCCCGCACGTCCGCTACCCTGGCCGGACAGATGCGCAACGCGGGCACCCTGACCGACAGGCAGGCCAACCGCATAGGCGAGACGGCAGCCGCCATGGATGAAATGAACAGCGCGGTGCTGGCGGTGGCCCGTAACGCCTCCGACGCCGCCCGTCAGGCCACCGACGCCCGCGCCAAGGCCGAAGCCGGGGCAGGCGTGGTGGAAAAGGCCATGGCCGCCATTGACGAGGTGAGCACCATGGCCGCCCGGCTGAAGGCCGACCTTGGCGCGCTGGGCACCCGGGCCGAGGGCATTGGCCGGGTCATGGAGGTCATCAGCGACATTGCCGACCAGACCAACCTGCTGGCCCTGAACGCGGCCATCGAGGCGGCCCGCGCCGGTGACGCCGGGCGCGGCTTTGCCGTGGTGGCCGACGAGGTGCGCAAACTGGCCGAAAAGACCATGAACGCCACCCGAGAAGTGGGCGAGGCCATCCGGGCCATTCAGGAAGGCACCCGCGATTCGGTGGCGGGCATGGAGGCGGCGGTGCACGCCGTGGAACGCTCGCGCGGGTTGTCCGCCGAATCGGGCGCGGCCCTGGCGGAAATCGTCAACCTGGTTGTGGCCACCAATGACCAAGTACACGCCATTGCCACGGCGGCGGAACAGCAGTCGTCCACCAGCGAGCACATCAGCAGTTCCGTGGCCGAGGTGCGCGACATTTCGGGCAAGGTGACTGCCGAGGTGGAGCAGGCCGGGCGGGCGGTGAGCGCGCTGGCCGACATGGCCGGGCAGTTGCGGGGCATCATTCACAACATGACCGCATAGGCGCAACCCGGCCTTTTGCCTGCTGGCTTCCGACCCGAAGGGCGCGAAGCGTGCCCGTTAGGCGAGTCTGCGAGCCGTACGGGCATCGTGCGCAACGAGCGACCCGAAGGGCGCGAAGCGTGCCCGTCAGGCGGGCTTGTTTTCCTTGCCAATGAACGAAAAACCTCATTTGGGCAGAGCCCTTGAGGCGTCGCAGGTCAACGCTTGGATTCGAAATGAAAAGGCCGCCCGTCGGAATGTTCCGGCGGGCGGCCTTCGTATCTGCGTCAGGCTGAGGCGGGGCTACTTGCCGCCGGGCTTGGGCGCGTCCTTGGGGGCGGGCTTGGTGTCTTCGGGTTTGGTCGGGCCAGCGGGCTTGGCGGGTTCGGCCTTGCCGTAGTTCACCGTGGACGCCGGGGCCGTGGGGGCGGGTTTGGTTTCGGCAGGCTTGGCCGCTTCCGCCGGGGCGGGGGTGGGGCAGCCCTTGTCGCAGGGCTTCGTGGCGTCGGTCTTGGGCAGGTCGGCAG
CP133659.1_gap93	3801312	3805026	3714	GCGCACTTCCATGTGGCTTGTGTCTCCCTGTTTCTCTCTTGCCTGTGGGGCTTCTATAGCGCAAGCGGTGCCGAAATCAAAGGGTTGCGGCGCGCGTTTTGCCGTTGTTCCGGCTTGTTCCGGCCCTGCGGCGGCAAAGGAGAGGCAGGGCCGGGACATGCCCCGGAAGGGGGCTTTTTGGTGACGAATCAAGCAACGACGCGCCTTCGTGGGCGCAAACTGTTGACAAGGGGGCCAACCTCTGTAAAAGCTGCGCCCTTGCACCACGTGCATGCAATACCGCGTCGCCGGAGCGCGCGCGGACCGAAACCCCCCATATGGAGATACCGATGACCAAAGCTGAACTGGTTGAAAAGATCCGCGCCAAGGCCGGTCTTGCCTCCAAGGTCCGAGGCCGAAGGCGCCCTTGACGCCACCATCGCCGTGCTCGCCGACGCCCTGGCCGCTGGCGAATCCGTGACCTTCACCGGCTTCGGCAGCTTCAAGGTGACCGAACGCGCCGCGCGCAAGGGTCGCAACCCCCGCACCGGCGAAGAAATCACCATTCCTTCCGGCAAGGTGGTGAAGTTCACCCCCGGCAAGCTGCTGAAGGATTCCGTGAAGTAGGCAGCCCACGGGCCGCAGATTTCCGCGCCCCGCGTCTCCGGCAAGGAGACGCGGGGCGTTTCGCGTTTTCGGGGGGCGGGTGGGGGAAGGAATGCACCGACATGCGCTGGGAATAGGGGGCGGGACATTCAGGGGCTCTGCCCCGCCCGCCTTCTCTCCGGCCTTCTATTTCGTGCGCCCGTCGGGGCGAGGGGGCAGGGTCGCGTGCAGGGTTCCGGCCTTGCGGTGGGGCGTCCAGGCGAACCAGTCGCGCAGGCCGTCAGGCAGGTGCGGGTCGCGGGCCTGGGCCACGGCGCAGGCGAACACATCGAGCACGCACGGATCGTGGCGTTGCCCGGTGAGTGTACACAACCGGTCATACAGTTCCTGCGAATCCGCCGCCGCAAGTTCGGCTAGGGTACGCACCCCCAGCAGATCGAGGTCGCGCCGGGTTGCCGGCCCCACGGAACGCAACCCGGCAAAAGGATGCACGGGGCGCGATGCGGGGCGGTTGCCGACCTTGCCCGTTCCTTTCGGCCTTTTGGCCTTGAGGTCGTCCTGCACGGCTTCCTTCCTGCGTGCGCTGTCGCTCATGCGGCGGGCTTGCCCTTGGGCGCGTCCACCAGCAGCACGGCCAGGTCCATGACGTTGGTCAGGGTGGGGCCGGTGCGCAGCAGGTGCCCGGTGCGGTCGAGGAAGTTGTAGGCGTCGTTGTCGGCAAGGTGGACGTGGGCGTCCACGCCGCAGTCGCGGGCCACGCACAGGGTGCTGCCCGAGGCGTAGCCCCCGGCGGCGTCGGTGGGGCCATCGGTGCCGTCGGTGCCCGCGCAAAGCATGGCGATGTGCTGGCAGTCGGCCAGTTCGTCCATGCGGATGGCGGCGGCCAGAGCCATTTCCTGGTTGCGTCCCCCAAGTCCCCCGCCGGTGATGGTGACGGTGGTCTCGCCGCCCGCCAGCAGGCAGAACGGCCCCTCGGGGTGGGGCAGGCCTTCGGCGGCGCTGGCGGCTTCTTCCACCAGTTCGCGGGCGCGCACGCGGGCCTCGCCGGTCATGGTGTCGGTAAGGATGCGCGGGCGGTAGCCGTGCGCGGCGGCCGCTTCCGCCGCCGCTTCCAGCGCCAGCCGGTTGCTGGCCACGATGCAGTTCTGCACCGCGTCGAACACCGGGTCGCCGGGCTTGGGCGTTTCCGCCGCCATGCCGCGCATGCCCGCCGTCAGCCGTTCGACGACCGGCGCGGGCAGCCTGTGCAGGATGCCGAACCTGTCGGCGATGGATTGGCAGTCGGCATAGGTGGATACGTCGGGCGAGGTGGGACCGGAGGCGATGACGTCCAGGTCGTCGCCCACCACGTCGGAGATGATCAGCGAAACCACCCGCGCCGGGGCCGCCGCGCGGGCCAGGTTGCCGCCGCCGAAGGCGGACAGGTGTTTGCGCAGGGCGTTGATTTCGTGGATGGTGGCCCCGCATTCCAGCAGCAGGGTGGTGGCGGCGCGCATGTCGTCCAGGGTGATGCCCGGTTGCAGCGCGGGGGTCAGCGCGCTGGCCCCGCCGGTAAGGGCGCACAGCACGAGGTCGCGCGGGCCTGCGGTGCGCACCAGGTCCAGGATTTCGTTGGCGGCGCGTTCACCGGCGGCGTCGGGCACGGGGTGGGCGGCCTCGCGCAGGGCGATGCGCTTCAGCGGGGCGGTGTGCCCGTACTTCACCACCACCACGCCGTCGTGCACCCGGTCGCCCAGGATGTCTTCCAGAGCGGCGGCCATGGGGGCCGCGCCCTTGCCCGCGCCCACCACGTAAACGCGTTCGTGGGCGGAAAGGTCGTAGTCGCGCCCGGCGATGTGCAGGGTGTTGCCGTTGCGGCGCACATGGCGGTGCACGGCGCGGTCGGGGGCCACGGCATCAAGGGCGCGGGACAGGATATGGTCGAGGACGGCGCGCTGTTCGGGGGTCATGCGGCGATCTCCTTGGCGTCGTTAGGGGACATCGTTGCGGGGACGTGTTGGGGGTGTGCGGGGCGCGGCGCCCGGTCATGCGCTATCGGTTCTGCTGCATGGCGGTCTGGCGCATGGCGGTACCGCCCGCGTGGCGTTTCCGGTCCCGCCGGTTTGCGGCGGGCACGGACGGGGCGGAGGGGCCGCGTGGCGCATGGTAGGTGGGCGCAATGGCCGAGGTCAAGAGGAACGCTCCGTCCGGCGGCAGTCCCCCCGCAAGGCGTACCAACGATGCAGGGCACGGTGACAGCGCGCCCGTCGCATGTTATATTTCACCATGAATCCCCGCGCCCGCGCCCGCGCCGCGCCTTTCCGGCATTGGGGCAGCGCGGCGGGGGGCAACCAACCGCAGAACACAACGCAGGAGACAGCCATGAAACGCCGCATCCTTTCCGTCGTCATGCCGGTGCTGCTGCTGGCGGCCTCGGTGCTTGCGCTTTCCGGCCTTGGCGGCTGTGCCGTCTATTCCGTGCCGCAGGACGAGCGCACCGTGGGCACCATGGTGGACGACAGCACCATTCGCACCTCCATCAAGACCGACCTCTTGCAGCGCGACGCCTCCGACGGCTACGCCGTGAAGGTGTACAGCTACGCCGGGCGGGTCTTTCTGGTGGGCGAGGTGCCCTCGTCGTTCCGCGACCCGGCGGTGACCATCGCCCGCAAGGTCAAGGGCGTGCGCTCGGTGACCACGCACTGGTTCGACCCGGGCACCGGCCACACCGCCGACGACCTGGCCGTGGCCACCAAGGTGCGCACCAACCTCATTGCCGAAAAGGCCCTGAGTTCCACCCAGATCGACCTTGAAGTGTACGGCGGCCAGGTGGTGCTGCTGGGCATGGTGCGCGCGCAGGCCGACGTGGACCGCGCCGTCATGGTGGCGCGCGCCGTGGGCGGCGTGCGTTCGGTGAAGTCGTACCTGATTCCGTAGCGATTTCGGCGTGCCCGTCACATTCGGGCGCGGCCCCCGTACCCCTTATGTTTGACGTGGCCGGGCGTGTCCGCCCACATTTTTCCACATTCTCCCGTAGTCGCGCGCGGGCCGTGCGCGGCCCCTGCGGGGAAGGTCAAAACGGCGCCGACAGGGCGCAAGGAGACACCGATGCAGAAGTACAAGTGCCCCTGCGGTTATGTGTACGACCCC
CP133659.1_gap94	3806119	3809397	3278	AGCCCAGCAGCCCCGCGCCGAAGACCACCGCCGGAAAGGGCACGCCGAAGACGAACAGCGCCGCGAAGGCGCCGCCCGCGAGCGCCAGCGAAAAACCGTCACGTAGCGACCTGCGCCCCACGCGCAGCAGTGCTTCCAGCACCACGGCCAGCACGGCGGGCTTCAGCCCCCAGAACAATGCATCGATGGCGGGAATCTGTCTGTATGCCGCATAGATGAACGACAGTGCCATGACCACGCAAAAGCCGGGCAGCACAAACAGCGTGCCCGCCGCAATGCCCCCGGCGGTGCGGTGCAGCAGCCAGCCCACGTAGGTGGCAAGCTGCTGTGCCTCTGGCCCCGGCAGCAGGGTGCAGTAGTTCAGGGCATGCAGGAAGCGCGCGTCGTCCACCCAGCGTTTTTCGTCCACCACGGTGCGGTGCATCAGGGCGATCTGCCCGGCTGGCCCGCCGAAGCCCAGACAACCGATGCGCAGCCAGGTGCGCAGGGCCTCGCCAAAGGTGGGGTGGGGCGTGGCGGGGGACGAGGGCACGGACGGAGTATCGGCGGACGGGAGGTCCGCGTCAGGCGAAGACGTTTTTGGGGACGAAGCGTTCGGGGGCGGGGCGTCAGCGCCGGGATGCGGGGCGGCGTCCATGGTTGCCTCCTATGCGGGGCGGGCGGGCGCGCTGCGCCGGAAGTATTCCAGCAGGTCGTCCAGAACGCGGAAGCCGCGTTCCAGCCGTTCGTCGTCGTCATTGGTGCGCAGGGTGATGCCCGCGATGAGCGCCCCCACCCCCGGCGACTCGGGCCGGGCGGGGTGGCGCTCGTCGAGGTCGATGTCGTGAATCACCGCGCCCACGGCGGCCAGGGCCGGGTCCGCGTCCAGCCCGAAGCGGCGCAACAGCACCTCGAAGGTGCACAGTTCGCCCTCGTGGGTGAATTCCGCCTCGGCCATGTCGAAGCGCACGCACCGCCCGGAGCCCGCCGCGCCAGCCTTGCCTGTAGCGCCAGCGCTGCCTGCTCTGCCAGCTTTGCCAAATCTGTCGGACACGCCCGCGCCCCCTTCGGACGGCGGGCCGAAGCGGAACGCGGCCTCGGCATCGATGAACCTGCGCACCAGCCATGCGCTGGCGATGCGGTCCACGTGCACCCCGGGCCGGGTCACCCACACGAGGCCCTTGTAGTCTTCCGCGCGCAGGTACGTCTCGGTCTGCACGGTGCGGGCGGTTCCGGACGCGCCAAGGCGCAGCCAGCGTTCGGCCCCGGCCAGCAATCCTTCCACCATCTCGCGCGCGGGCGCGCCAAAGAAGTCCACCGCGGCAACGGCCTCGAACCGGGCGCGCAGTTGCGCGGCCCACGCGGCCACGGCGTCGCGCCGGGGGGCGTCGGCCTCGCGCGGGTCGCCCAGGGTTTCGAATTCCGGTTGCGCTTCGGCGGCCAGTTCCCGGTACTGCGCGTCGCGCGCGTCCACGAACAGCGCCTTGACCTGGGCGTCGGTCAGGCCGCCCGCTTCCACGTCGAAGCTGGCCCCGCACACGAAGGCCCGGCCTCCGCCTTCCTCTATTTCGCGGGCCAGCCAGAGCAGGCCCTCGCGTTGAGGCTCGCCGTCGGGCAGCACGTACACGGCGTTCTTCAGGGCCACGGCCCCCAGCGCCGCAAGACGGCGGGCGGCCTTGGCCCGCAGGTAGGGCGGCTTGGGGGGGATGTTGTGGATGCACAGCATCCACGACAGGTCGCGGGTCTGGTCTGGGGGCATGGCAGTCTCCTTGATGTGTCAATTGTCATATAATCAACTTTTTCATTGATGGCAATTGACATATCGTGATGCGCTCAATATATGTCAATTGCGCTACCGAATGAAGCGGTTGTTTTTTGCTTGCGCGGGCGGTGGATGTTCCTTCAACACCCTGAAATCAAATAAAATGGAATCAGCCATGAAAGACGTTTCCGTTCTGGCCGCCGGACTGATGGCCGCCGCCATGCGTACCGCCCCCAAGGCGGGCGGCAAGGACTTTCTGGAAATCGCCGTGATTTCCGACGAGGCGGATCTGGCCCGCATCGCCAATGCCATGCGCGACTTCGCCCCGCGCAGCACCAACGAGGCCTACTGGCTGCGCGACGCGGACAACATCGCCCAGTGCCACGCCGTGGTGCTGGTGGGCCTGCGTTCATCCCCCGCCGCCGGGTACGACTGCGGGGCCTGCGGCCACGCATCGTGCAAGGCCTTTCTGGCGGCACGCGGGCAGCAGCCTGCCGTAGCCAAGGAAATGGGCTACGGCGGCCCGCACTGCGTCATGCGCATCATCGACATCGGCTGCGCGCTGTCGTCCGCCGCCAAGGCGGCCAGCCTGCTCAGCATCGACAACCGCGTGCAGCAGCGCGTGGGCGCGGCGGCGCGGGCGCTGGGCATCATCGAGGCCGACGTGGTCATGGGCGTGCCCGTGGGCATCTACGGCAAGTCCATCTTCCACGACCGCCCCAGCAAGAAATAGAAGCGGGGCGCGCGCCCCGACCAAGGGATACGATCATGCACGCATCGGCCATGTTCCGGGCCTTGTGCTCGGTGGGCTTTCTGGCCCGCTTTTCCTACGCGCTGGCGCGCAACCCGGTGCTGCCGCTGTTCGCGGTGTTCCTGGGCGCGGGGCCGGAGGCCGTGGGCCTTGCCGTGGGCATCTCCACGGTGACGGGCATCCTTTTCAAGCTGCCCGCCGGGGCGCTGTCCGACGTCATCGGGCGGCGGCGCACCATGCTGGCGGGGCTGTGCTTCTTTGCGCTGGCGCCTTTCGCCTACCTTGTGGTGGACGACTATGCCCAACTGGTGGCCGTGCGCTTCGTGCACGGCTTTGCCACGGCGGTGTACGGCCCGGTGGTCATGGCCGTGGTGGCCGATATGGCCGGCGCGCGCAAGGGCGAAATGCTGGGCTGGTTCTCGTCCGTGGGAATCATCGGCACGCTGGCGGGCGCGCCCGTGGGGGGGCTTGCCCTGTCGCTGCTGGGGGCCGAGGCGGGCGGATCGCCCGTGGCCTTCCGGGTGGTGTACGGGGTGGTGGCGGTGACCGGCCTTGCCGCGCTGGCGCTGGGCTGGCGGGTGCTGCGCAACGGGGGGAGAGCACCCCCCCGGCAACATCCGGCGGGTTTCGCGCCCGGCTCGGACAGTTCGCCTCCGGCATCCGCGAGGTGGCGTCCGACCGGCGGGTGGTGGCCGTATCGGCCATGGAGGGCGTGCAGAACATGAGCATGGGCGCGCTGGAGGCGTTCCTGCCGGTGTACGCCGTGACCGTGGCCGGGCTGGCCCC
CP133659.1_gap95	3817555	3818170	615	GCCATCGTGGTGGTGCCCGACATGGCCACCGGCGTCGGCATCACCAACAAAGTGGCGCCGGAGCACCCGGAAGTGCTGACCAAGGACCCGTGGGCGCTGCTGGGCACCATCCGGCATGCCGGGGCCGTGTTTCTGGGCGGCTGGTCGCCGGAGCCGGTGGGCGACTATTACGCCGGTCCCAACCATGTGCTGCCCACCATGGGCACCGCGCGTTTTTCGTCGGCCCTTTCGGTGCAGACCTTCTGCAAGCGCACCAGCGTCATTTCGGCCACCGCCGCGTTCACGCGCGGGCATGCCGCCTCCATTGCGCGGCTGGCCCGGCTGGAAGGGCTGGAAGCGCACGCCCGCTCGGCGGAATCGCGCAACAGGTAGCAACGGGCCGGGGGCATCTTGTCCCCGGCGCCCGTCCCGCGTTATCATACCCGAAGGCTCGGCGGCCCCACCCGCACACGCGCGGCAGGGCGCCCGGGCCTGTGGGCATCAGCAGCTGTGGCGCCGCAAGGCATCGCGCCGCATCGGCCTCATAACAGAAGACAACCCCAGCCATAGGGAAGACAAGGGAAGATACATGCAGGTCGTCACGCAAACCGACATCAAGGAATACCCGCTGCTTTC
CP133659.1_gap96	3830742	3832061	1319	CTCACAAAGGAGGCGACACACATGGCAAGGGACGAGATAAACGCCTTCCTCGGCGCGGGCACCGTATACCAGGGCCAGCTGAGTTTTCAGGGCGCGGTGCGCATTGACGGCAACTTCGTGGGCGAGGTGCATTCCGAAGGCACGCTCATCGTGGGCAAGGACGCCAATGTGGAGGGACAGGTGCGCGTGGGGCAGCTGATCCTGTCGGGCCGCGTCACCGGAGAGGTGGTGGCCCAGCGCAAGGTGATCCTGCACCGCACCGGCAACCTGAACGGCAATCTTTCCACCCCCGTGCTGGTCATGGAGGAGGGCGCCGTCATCGAGGGACGCATCACCATGCAGCCTTCGGAAAAGACGGAGTAACCCCCCTTCGTTCACATGCCTTTTCCGGCCGCCTTCGGGCGGCTTTTTCATTTGTATCGGAATGACGGCGGGTTGGCTTGCAGGAGACTGTTTGGAAAGGAAAAAAGACTTTGACACCCCCGTGGTAATCAGCTAAATCCTACCCGACTTTGAGCTTAAATTCACAACCTCACCAAGGGAGCAGGCATGATCGATCTGAACATCACCTTCTTCTTCCAGTTGGTGAACTTCCTTGTGACGCTGGTTGTCCTGAATGCCATCCTCATCCGGCCGGTGCGGGATATCATCAGACAGCGGCGTGACAAGATGTCCGGTCTTCTCGGCGAATCGGAGCAGTTCGCCGGTCAGGCCGACACCAAGCTGAAGAATTACGAGGCCACCCTTGTCAAGGCCCGCGCCGAAGCCACGGCCGAGCGCGACAAGGCCCGCGCCGAGGGTGTGGCCCGGGAGCAGGTGATCCTGGCCGACGCCGGCAGGCAGGCTCAGGATTACCTCGAAAAGTCCCGTCAGGAGGTGGCCGCGCAGGTGAAGACCGCCATGGACACCCTGAAGGGGCAGGTCGACGCGCTGGCCGCCAAGGCTACCGCCAAGGTGCTGGGCTAAGACTCCACGTCAGTGCGCAACAGCAAGGAGGGATCGGCGTTGAAAGGGCTGAAACACAGTGCAGCGGCGCTCGGACTGGTGCTTGTCACCGCCGGCGTGGCGCTGGCCTCCGAAGGCGGGGGCGAGCATCATGCCGACTGGGGCAACTTCGCCTTCCGTGTCGCCAACTTCGTCATCTTCATCGGCATCATCTACTGGGCCGCGGGCAAGAAGATTGTGGGCTTCTTCTCCGGTCGCAGGAAGGGCATCGAGCAGGAACTGAACGACCTTGAAAGCCGCAAGGCCGAGGCCGCCAAGAACCTGGCCGATGTCGAGCGCCGCATCGCCAACCTTGAGCAGGAGCGGCAGTCCAT
CP133659.1_gap97	3844634	3848426	3792	GGTGGCTCCATCCGTCAGCCCGCCTCCCTGTGCGGCTGCGTGGGCCTGAAGCCCACCTACGGTCGCGTGTCGCGCTTCGGGCTGGTGGCCTACGGCTCTTCGCTGGACCAGATCGGCCCGCTGACCCGCACCGTGGAGGACGCGGCCCTGCTGCTGTCGGTTATCGCCGGGCACGACCCGCGCGATGCCACCAGCGCCACCCTGCCCGTGGACGACTACATGGGCGCGCTTGCCGCCCGCAAGGACCTGTCCGGGGTGCGCATCGGCGTGCCGCGCGAATTCCGGGGCGAGGGCATCGACCCCGAGGTGTCCGCCGCCTGCGAGGCCGCACTGGATACGGCCGAGGGCCTCGGCGCCACCATCGTGGACGTGGAACTGCCGCATACCCCCTACAGCATCGCGGCGTACTATATCATCGCCCCGGCAGAGGCCAGTTCCAACCTGGCCCGCTTCGACGGGGTGCGTTATGGCCGCCGGGCGGAAAGCCCGCGCGACCTGGCCGACCTGTACGTGCGCTCGCGCGCCGAAGGGTTCGGCGACGAGGTGCAGCGGCGCATCATGCTGGGCACCTACGTGCTGTCGTCCGGCTACTACGATGCCTACTACCGCAAGGCCGCCCAGGTACGCCGCCTGATTCGCGAGGACTACGAGAAGGCCCTTGCCCAGTGCGACGTGCTGTGCGGCCCGGCATCGCCGGTGACGGCGTGGGGCCTTGGCGAACTGACCAGCGACCCGCTGAAGATGTACATGATGGACGTGTTCACCCTGTCGCTGAACCTGGCGGGCCTGCCGGGTCTGTGCATTCCCGTGGGCATGGGCAGCCGTTCCGGCATGCCCGTGGGCCTGCAGATGCTGGGCCGGGCCTTTGGCGAGGGCGACCTGCTGGCGGCGGCCAACGTGCTGTCCGGCGCGCTGGGCGTGCCGGGGGTGGCGCCCGCCATTTCAGCCGCCGCAGTTGGGGCAGGCGCGTAAGCGCGTCCGGATGACCGTACCCCGTACCACGGCAGCGCACGCAGCATGAAGATCGCCGTCGCACTCAGCGGAGGCACCGACAGCCTGTTCGCGCTCCTGCTCCTGCTGGAACAGGGGCAGGACGTGTTCGGCCTGCATGCGCGCTTTCTGCCCCCCCAGCCCGGCAAGCCAGACCCCACCGAGGCCATCGGCGCCATGTGCGCCCGCCTTGGCGTGGATTTCCATGCCGTGGACCTGGCCGACGCCTTCGAAGACGCGGTGGTGATCCCGTTCATCGAGGAATACGTGGTGGGGCGCACGCCCAACCCGTGTGCCCGATGCAACGCCGACATGAAGTTCGGCCTGCTGCTGGATGCCGCGCATGCCCTTGGCGCGGCCCGCCTGGCCACGGGGCATTACGTGCGCCAACTGCGCCACCCGGAATGGGGCATGACCCTGCAACGCGGGACGGACCCGGCCAAGGACCAGAGCTACTTCCTGTCGCTGGTGGAACGCGCCCGGCTGGAACAGGCCGTGTTTCCGCTGGGCAACTGGCGCAAGGAGCAGGTGAAGGCAGAACTGGCGAAGCGGAACATCGTGCCGCCGCTACCGTCGGAAAGCCAGGAAATCTGCTTCGTGCCCGGCGACGACTACCGCGCCTTCCTGCGCGACCGGCAGGTGCGCCTGCCCGGCCCCGGTCCCATCGTGACCATGCGCGGTCGCAAGATCGGCAGCCACAAGGGGTTGTGGCAGTACACCGAAGGCCAGCGGCGCGGCCTGGGCATTGCCTGGGACGAGCCGTTGTACGTGGTGGCCAAGGACATGGAGAACAATGTGCTGCTGGTGGGCGGGCGCGAACACCTGGCCGCGCGCGGCTGCCTGACCGAGGACGTGAATCTGCTGGTGGACCCGGCAGACTGGCCCGCCGAGATCAGCGTGCGCACCCGTTACCGCCAGGCCCCCCAGTCCGCCCGGGTGACCGTGGGCGACACAGGCATGGCCGTGCGCTTCCGCGAGCCGCAAACCCCGCCCGCCCGGGGGCAGGTGGCGGCGGTGTACGATGCCGAAGGGCACGTGCTGGCGGGGGGCGTCATTCTGGGGCCTGTGTAGGTACTGGCCGCGCCGCCGCATGGCGATAGTGACGCAAGGGCCATCAGCCCGCATTGGCATCGCCGCGTTCTTCCGGACGCGGCGTTTTTGCGTTGGGGGCATGGGGGAGAGTGGACAAGTGCGCCAACGCACTGCGCCGTCCGGTCTGCCCTGATGGGAGGAGACGAGGCGGCGAAGTGCGCAGAAAATATGGTCCGGTTCAGCAGAGCTTGGGCAGGGGAATGGATGGCTGATGGGCATCCGGGTGGCTGGCGGTGGCTGCCAGCACGCGCGGCGCGGATACGGCGCGGAGTGCACCGCGCAGCACGTCGGTATCCAGCGGTTTGGGCAGCACTGCGTCCGCGCCCATGAGGTGGGCGGTGCGGATGGCCGATTCCATGTCCATGACCGGGGTGCCGCCGGACATGGCGATGACCTTCACCCCCGGAAATTCGCGCCGCAGTTGCGCGATGGTGGCCAAGCCGTCCTGTTCGGGCATGATGATGTCGGTGATCACCACGTCGGCCGGAGTGGTGCGCTGGCAGGTCATGCACGTGCGACCGTTGTCCGCCGTGGCCACCTCGTGCCCCCAACTGCACAGCAGGGCTTCGAGAAAGCACAGCGTAACGGCATCGTCGTCCACGACCAGTATCCGCACCTTGGCCTCCGATGGGCTGCGGGGTGGCCCGCAGGGTGATGGTGCGCCTGGTGGTCTGTGGCCGGGCGGCTTGCGCCCGTCACCACGTGTCACCACATGCACTCGATTCCGCAACTACCAATGTCTGGCCGGTAACCAGCCCGTAACCGGCCAGAGCCTGGCCGGTGCATGCCATTGCGCTTCCGGGCTGTTTCCCCGGTGGATGCCGGGCTAGCGCTCGGCGGACATGCGCAGGGGCAGCAGGGGGCGATGGATTTCCGCGCCGCCCGCATCGGGTTCCAGACGGTAACCCAGTTGCCGCGCCATGTATTCCAGCGGTCTGATATTGCCGGTATGCTTCATGATTTCAAGAAGCGTTTCCACACCCAGCTTGGCCCCGGTGTCGTACGGATTGATCTCGCGCAGCAGGGTGGAGTAGGGCTTGCCTATTTCCTTGGCCAGCGCCTTGGCCGGGGTGGGGCTGTCCAGCACGATACCGTGGACGATCTTGGTCAGTTCGGAAAGCATGAGCGGTCTCCTGGTTGGTGATCTGGAGCTTCACACTCACGCCTTATCAAAAGCCATACCACAATGTTATTTTGATGATTAACCAATAAAAAGTGATTGTTGCGTTGTGGTGCAATTGGGCGTTGAGAAGATGGTGTAAGTTTTTTTGATACTTTTTCTTGTAAAAGTTTACAGTGTCACTTTTTGCTGAACGCGGCATCGTCCACCCATTGCCGCATCACCCCATGTTTGCGCAACAATGCGTACAGCCGCTGGCGCGACAGCCCGGCCATGCGGGCCGCCCTGGTGATGTTGCCCCCGCTGGCCAGCAGCAGATGGTGCAGGTAGCCCTTTTCCACGCTGCCAAGGGCGGTGTTGCGGTAGTCCTTCCAGGCCGGGGGCGGGACATGACTTGCGCGGGGCGTACCGCGCGGGGCCGGGAACGCGGGGGAAATGTCTGCGGAACAGGGCAGGTCCGGTATTTCCCCGGCGACACCGGGGCAGATGTCGGGGGGCAGGCAGCAATCCGGTGCCGTTGGGTGCGCCGCGCAGGGCTTGTCCGGCGCAAATCCGCCCAGCCCCCATTGCCCGGCCTGCCGGGCACCGTC
CP133659.1_gap98	3868244	3873038	4794	GGGACACGGCATGAACATGGAGCGCCCCGAGGCCTTCGGCGTGGTGCGCGTGGACGGCGACAAGACCGAGCGTACCGACCTGCTGTCCTCGCTGAAGGAAACCAAGGTCATGGGCAAGGCCGCCTGGAAGACCGATTTCACCTTCCCCAAGCCCGGCGTGTACATGTTCACCATGGAACCCAAGCTGTACTGGGAGCCGGAAGAAGACTGCTACATCCAGCACCTGACCAAGGTGGTGGTGCCCGCCTTCGGTAACGAGGACGGCTGGGACACCCCGGCGGGGCTGAAGTTCGAGATCATTCCCCTTACCCGCCCCTTCGGCAACTACGCGGGCGGCGTGTTCACCGGCGTGGCCATGCTGGACGGCAAGCCCGCCCCCGGCGTGGATGTGGAAGTGGAATACTACAATGCCCAGGGCAAGTACGCCGCCCCCACCGAGTTCCACGTGACCCAGGTGGTCAAGACCGACGCCAACGGCGTGTTCACCGTGGCCTGCCCGCTGGCTGGCTGGTGGGGCTTTGCCGCGCTGACCACCGCGCCCGAACAGGTCAAGGGGCCCGACGGCAACCTGAAAGACGTGGAAATCGGCGCGGTGCTCTGGGCCCGCTTCGACGCCTTCAAGTCTGCCAAGTAGCGCACGGCGGGCAAAACCGCCGACTGCGCGCCGCACTATCCGCCCGGTTCCGGCTTGTGCCGGGGCCGGGCGTTGCGCATCCTCAGGTTGGCGCAACCGCGCGGCAAACAGGCATTACGCAGTCCATGCAGTGGGTAGGGCGCATGATTGGTTGCCCTCTGACGGCTTGCATTCCACGGGCGAAGCCTTATGATTGCCCGAACGCCACCGGCGCGGCCTTCACGGCACACCGGGCCCGGCGTCAGAACCGGTCCGGAGGCCTTCCATGCGCGTGCTCATCGTCGAGGACGACTTCACCAGCCGCAAGTACCTGCAAACAATTCTGTCACCTTACGGAGCCTGCGACATCGCCGTCAGTGGTGTCGAGGCGGTGGAGGCCTTCGCGGCGGCGCTGAACGCGCAACAGCCGTATGACCTGGTCTGTCTGGACATCATGCTGCCCGAGATGGACGGACAGGAGGCCCTGCGGCGCATCCGCGCCCTGGAGCGCGAGCGCGGGGTGGCACCGGCGGACGAGGTGCCCGTGGTCATGACCACCGCCCTCGACGACCCGCGCAACGTGGTGGAGGCCTACTACAAGGGCGGGGCCACGTCGTACGTGCCCAAACCCATCGACCGCCAGCTGTTTGTGCAGATGTTGAAGGGGCTTGGCGTCATCCGTTGATCCCCAATCGTCCTTTCGCTGCTGGCGTCGCGTGACGTTGCAGTGAAGGAGCGTGCTGATCGGGTCTGTCTCCGGCCTTGCCGCAGCCATTCTCCTCACGCATCTGCCCGGCGCTCCCGGCCCGCAGCCGGAGCGCCGCCCCCGTCGCATGCCGCCGTTTCGATGGTGGACCGACGCCGCACCGACACCCCCGTCGTTGCACCGGCCCGATATCTTGAGGGCCGCAACTGATGCGGTATGCCGGTGGGCACAGCCCGCCTGTCTACCCCGACTTCGACCAACCGCACGCAACCATCGGGAGTACCCATGACCCGTACCCGGATTATTGCCTGTTGCCTGGCCGTGGCCGTGGCCTTTTGCCTTGGCATGACCGACCTTGCCGACGCCAAGCGCCTCGGCGGGGGCAAATCGTTCGGCAGCAGCCCCAGTTACCAGCGCAGCTTTACCCCCACCCAGCCTTCGCCTTCCTCGCCCGCAGGGCCCAACCTTAACCGGCAGCAGCAGACCCAGCAGCCCGGCCCCGCCACGCCGCAGCAGGCCCCGCGTTCCCGCTTCGGCGGGTTCGGCGGCATCCTGGGCGGCATGCTGGCGGGCAGTCTGATAGGCTCGCTGCTGTTCGGCGGCGGCTTCGGCGGCGTGGGCATGATGGACATGCTGCTGCTGGCGCTGGTGGCCTTCATGGCGCTGAAGTTCTTTGCCGCCCGTCGCGGCAGCGCTCCGGCCCCGGCCTCTGCCTCTGGTCAGCCCGGCGGCATGCGCCGCGAGGCCGACTACGGCGTCCAATCCGGCTCCAGTGCCGGGTGGGATGCCCTGCGCAATGCCCCGGCAGCCTCCGCCGATGCGCAGCCCGCGTCCCCCGGCATACCCGAGGGCTTTGACACGGAAGACTTCCTGCGCGGGGCCAAGCTGGCCTACAACCGTCTGCAGGCCTCGTGGGACCGGCGCGACCTGGACGACATCGCCCAGTTCACCACCCCCGAGATACTCAAGGAAATCACCCAGCAGGCCCAGGACGATCCCGGCCCCTCGCGTACCGAGGTGCTGTACTGCAACGCCAGCGTACTGTCCGTCACCGAAGAAAAGGACCGCAGCGTGGCCACCGTGTTCTTCGACGTGCTGATGCGCGAGGATGCCCAGGCAGATGCGCCCAGCCAGGTGCGCGAGGTGTGGCACTTCGTGCGTACCGGTAACGAGATGTGGCGGCTGGACGGCATCCAGCAGGTGGAAATGTAGCATCGCACCTGATGTCTGGCGGCTGGGATGCTGCCGGGCACCGGGTGCGCCGAGTGACGTTGAAGGGGCGGTTTCCCGTGGATGCACCCACGGGAAACCGCCCCATTCCGTTTGTTATGTGCCGTCCTGTGTCATCCGCGCGTTGCGTCCGCCGCATCGGACGGTTACCGGACGCCGACCGCGTTTACCCCGCCGTCAGCTGCCGCAGTTCGTCCAGCACCGCCTGGGCATGCCCGTCCACCTTCACCGGCGACCACACGGTCCGCACCGTGCCTTCCGGCCCGATGAGAAAGGTGGAACGCACGATGCCGGTCACCGCCTTGCCGTATAGCATCTTGGTGCCGAAGGCACCGTAGGCCTTGGCCACCGCCCGGTCCGGGTCGCTCAGCAGCACCACGCCCAGATCCTGCTTCAGCGTGAAGTTGCCGATGGCTTTCGGTGAATCGGGGCTTACCCCCACCACTGCCGCGCCCGCCGCCGCAAAGTCGGGCAGCATGCAGGTGAAGTCGCGCGCCTCGCGGGTGCAGCCGGGGGTGCTGGCCTTGGGGTAGAAGTAGAGCACCAGCCATGTTCCGGCAAAGTCGGCAAGGGCGCGCGGCGCGCCGGATGCGTCCGCCAGCCGGAAGTGGGGAGCCGCCTTGCCCGACAGCGAGGCGGCGGTGATCAGTTCGCTCATGGATGCGCTCCGTCTTCTGTGGTCTGGTGTTCGTGGGGGATGCGAGGGCCGTTGAGCCGCCCGGCGTTTCGGGAGTATCCGCGCCCTGGCATCGGCAGTTCGCCGGTGCCTTTCCGTGGCGCGGAACCCCTCCTCGCGGCTTCCATCGCGTACCCCGGCCTTGCTTCCGGTCACGATGCCGCCCGGCATGCGTTCCCGTTTGGGCGGATACGCATGCCGGGCGGCTGTTGGTTCGTTGCTATTGCTTCTGGCCCGGCAACAGGCCCTTGATGGCCCCGCCGATGCCCTTCACCGCCTCGCCGCCCTTTTCCACCGGTGCCTGGATGGCGCCGCCCGCGCCCTCCGGGGTGTTCATCAACATCTTGGCCGGATCCACCCCGTAGCTGGGCGAATCCAGCGCGCCGCTGATCTTGATGGGGATCTTGGGCAGGCCGGTGACATCGAGCGTGGCGGCGTAATCCACCACGTTGCGGCCAAGGTCGGCCGTGCCCGCGCCCGTGGCGCCGATGCCCGGCGAGACGAACTTGAGGTCCTTGTTGCTGACCACGCCCTTGTCGGCGCGGATGGACGCGGTGAGGCTGTCGAACTTCTGGCCCGAAGCCCCGGCCCGCTTGGATTCCGCGCCCTTGATGCCTTCAGGGATGATCTGGAAGCCGTGGATGGTGCCCTGGGTCATGGCCAGCGAAGCCGTACCGGCCAGGGTGTGCTTTGCGGCGTTCCAGTCGTCTCCGGTGGCGGTGAGGTCGGTCTTCACGTCGGTGCGGGCGGAGACGTGCCGCTTGCCCAGCGCGGCCTGTTGCAGTTCGCCCACCTCCACCCCCTTCACGGTGGTGACGATGCGCGACTTGGTCGCCTCGGCGCGGGTATCGGCGGTGATGTCGCCGTTCACCGCGCCGCCGCCCAGGTTCAGCTGCAGCGGGTTGATGCGCACCAGCCCCTTGTCGGCCACCAGGCGTACCAGCACGTTGGTCATGGGCACCTTGGATGCCACCAGACGCCCGGCCTTGAAGGTGACATCCGCATCAATGCCGCGCAGGGACTTCTTGGCCTCTGCCGTGCCGTCCTGCGGGGCCGCCTTGCCGTCCTTGCCGGCAGCCGGTGCGGCGCCCTTTTCGGGTGCCTTGCCCTTATCCCCTTCCGGCGGCAGGTAGCGGTCCACGTCGATGGCGTCCAGCCCCAGTTCCGCCCGGATCACCTGCACCGCGCCCGGCACGGCGGATGCCTTGCCCTGAATGGCGGTGTCGTCAAGCTTGCCGGTGATGGACCGCACGTCCACCTTGGTGGGCGCGGCCAGCACGTCCAGCTTCAGGTCCAGCACGTCCAGCGCCTTGGGGTCGGCGGTGCGCACCGGGGTGCCCAGCGATTCCAGCGCCTTGCGCGGTGAACCGGCCAGAGTGACCAGCCCATCGAACGATTGCGTCCCCAACGCGGCAGTGCCGTTGGCGCCGACCTTGATGGTGGGGGTGGACAGCGACAACCGGGCGATGTCCACCCGCTGCGGCACGGTGTGCACGGTCAGGTCGCCCGCCAGTTCCACCTTGCCGAGCCCGGCGGGCACCACGCCGCCCTTGGGGGTTAGGGTTACGG
CP133659.1_gap99	3874454	3878616	4162	TACAAGCCGCAGGCGCGCGACGCGGCCTTTGCCACCTACGACAGCCTGGCGGCGGAGCACGACGTGATGGTCATCGAGGGGGCGGGCAGCCCGGCGGAAATCAACCTGAAGGCCCACGACATCGTGAACATGGCCATGGCCCGCCATGCCGGGGCGCGGGTGCTGCTGGTGGGCGACATCGACCGGGGCGGGGTGTTCGCCGCGCTGGTGGGCACCATGGAACTGCTGGAGGGCTGGGAGCGCGACCACGTGGCGGGCTACCTGCTGAACAAGTTCAGGGGCGATGCCAGCCTGCTGGACCCGGCGCTGGACTTCATGCAGCAACGCACCGGGCGGCCCGTGCTGGGCGTGGTGCCGTACCTGCGCGACCTGGGCCTGCCGGAAGAGGATTCCGTGACCTTCAAGGAAGGGCTGCCGGGCCTGCGAGACGGGGTGGCGGCGGAAGGTGGGTCGGAGGAGCCGGGCACGGGGCCGGGCAGCTTGCCGGACATATTGTTGGACATCGTGCTGGTGGACCTGCCGCACATCAGCAATTTTACGGATGTGGACGCCCTGCGCGGCGAACCGGACGTGCGGCTGCGCGTGGCCCGCACACCGGCGGACCTGCCAGCCCCGGACGGCAGGATGCCCGACGCGGTGATCCTGCCCGGCAGCAAGAATACCACCGGCGACCTGCGGACGTTGCGTGCTTCCGGAATGGCCGATGCGCTGGCGCGCCTTGCGAGCGACCCGGACGGGCCGGTGGTGGCGGGCATCTGCGCCGGGTTGCAGATGCTGGGCCTGTGCGTGGCCGATCCGTTGGGGCTGGAAGGCGGCGGTAGCGAGCAGGGGCTGGGCCTGTTGCCGGTGCGCACCGAGCTGGCGGCGGAAAAGACCCTGCGCCGCACAACGGGGGTGCACCCGCGCAGCGGCCTGCCGGTGGCAGGGTACGAGATTCGCCACGGCATCACCGTGGCGGCGGAAGGGGGCGAAGGCGGCGGCACCGGGCCGGGCCGGGGGGGCGCGGCTTTCCCCTTCCTGCTGCGCGAGGACGGCGGCCCGCTGGGCTGGGGCACCCACGGGGGGCGGGTGTGGGGCACCTCGCTGCACGGGGTGTTCGACGCCGACGGCTTTCGCAGGCATTTTCTGGACGGGCTGCGCACGCGCCGGGGGCTGGCCCCGCTGGGGCGCGTGGTGGCCTCGTATTCGCTGGACCCGGCGCTGGACCGGCTGGCCGACGCCGTGCGCGCCGCCGTGGACATGGACGCCATTTACGATATGCTGCACCTGCGGCCGGGCCGGGTGTAAACCTGCACCGAGTACACGCAAGGCGGCACTGCCGCCAGAGCCGCCGGGGAGGGGACACGTGATGCAGACTGACGGGAAAAGACGGGGTGTGTCGGTGCATCTCTTGTTGTTGCTGGCCTGCCTGCTGACGGTGTTGCCTGCCCGTTTCGCGGCGGCTGCCGGTGACGATGTGCCGCAGGCGGCAGCTTCGGTTTCCGAGGCCCTGCCCGCGTCCGTGCCCGGCGTGGCTGTGCCAGCTGATTCCACGTCAGCTGATTTCACTGCAGGTGATTTCGCCCCCTCCAATTCCGTGCCAGCCGACCCGGCTGCTTCAGATTCCTCGCCGTCCGGTTCCGTTCCCTCCGCTTCCGTCACCCCCGTGGCCCCAGCCACGGAGCACATGCCGAACTTCGGCGACCAGCCCGTCACCGAAGGCGCCGGGGGGCTGTACGCAGAGGCGGTGCGCGTGCTTTCGCAGGTGCGCAGTACCCGCTACACCGGCAGCTATGTGGTGGACGAGGAGACGGGCCGCTTCGAACTGAACTGTTCCGGCTTCCTGTCCCTGTTGCTGTACGAGGTGAATCCTTCGGCGCTGGCTACCGTGGACCGCAGCGGCAAACATTACCGACCGAGGGCGGAGGATTTTCATCGCAGCATCCTGCGCGCCGGACCCAAGGGCGACGGCACAGGCTGGCTGCGGCTGGAGCGGGTTTCCGACCTGCGCCCCGGCGACGTGGTGGCCTGGCTGCGCCCCGCAGAACGCAGCGCCAGTTCCGCCACCGGGCATGTGATGGTGGCGCTGGCCAGTCCACGACTGAACCCGGCCCGGCCCGGCGAGGTGTTGCTGCCCGTGGCCGACTGTACTCTGAGCCCGCACGGCGACCTTGCCGCCATGCACGGGGTGGGCAGCCCCGAATCGGAAGCGGCACGGGCCGCGCCACCGGTTGGTGAACCGGCTGCCGCGTCGTCGTCGGAACTCGTTGCGGGACAGGCAGTGGAACAGGCTTCGGGCCACGCATCGGAACAGGCCCCGGCCCCCGTGCCCGGTTCCTCTCTGGGGCAGCCCCGGCCACCGCAGGTGGAGGTGCCCCCGGCCATCGCTCCCGGCCTGGAGCGGGGCAGCGCCGCATGGCTGGCCGCACTGCCCCGGGACACGCGCGAGCCGGGCATCGGCGGCGTGGGCAGCGGGGTCATCGGCCTTGCCACCGACGCCACCGGCCATCCTGTGGCCTACTGGTGGCGGGGCGGAGTTTCACGCCACCGGCTGGTGACCTCCATCATGCTGGGGCGGCTGGAATAGCCCGATATGCGGGTTGGCGCGGAACGGACGTTGTGGAAGGTGCGCGTGTCGCGATCCTGAGTCCCGACGGCACCGGTCGTCGCCTGACGGCACCGGTCGTCCCCTGACGGTACCGGTCGTCCCCTCGTCCCCTGACGGTACCGGTCGGTTCCGGCACTGTTCGGGGCGCCTACCTTCCACCAGTCTTTCCTCGGGCACGAACTGACCCGGCAGGGCGGGATTTGTCCCGTACCCCCTGCCGGGCCGTCTGCGTTCGTCCGGTCTGCGCCCGGCGTTTCACCGGGCGTATCCACCACTACCTGGGTGACTTGGCCTACCGGGCCAGTTCGTCGGCCTTCTTGCGCAGGTAGTCGCCAAGGTCGTTCATGGCCGCCTTGGCCTTGAACAGATTGAGGTGCAGCGCATCGGTAAAGCCCAGCACGTTGGCCCCTTCCTTCAGCGGGGTGCCCGACTGGCCCAGGGTGGCGTGCTTCAGGCGGCCGCCCTCCACCACGAACACCGTGGTATCCACCATGTTGCCCAGAAATTCCTTTTTCACGTCCACGGTGAGCACCACGTTGTTGCCCTTCAGTTCGCGTTTGGTGATGTTGCCCATCACCGATTCGCCAAGGTAGATATTTTCGTCCTTGATGTCGGGCACGGCGTCGAACACCACCCGGTAGTTGTTCTCGAACAGGCCGAGCACGGCATGGGCACTGGTGGCCGCGCCCGGCAACAGCAGCAGGGCAAGGAGAAGAACGAGGATGCGCATGGAAACCTCCCGTACTGGCGGATGAGGGCAAGGGATGCCGGTGAAGCCGGCGATGCTGGATGACGGCGGATGCCTGCGGGCGCCGGGCATGTCGTGAGTGCCGGGGACGCGGCGCGGCATGCGCAGCGTCGTGCGTGGTTGCTGCGCGCAGCAACAGGCCCCGGCCCGGCGGGTAGCCCACAGCATACACCCCGGCGCGCCTTGTGGGCAACCGTGCATGCGTCGGGACTGCGCCCTCTCGCCTGCCCGCGCATGTGGCCCGGCGGCCCGCCGTTACCGACTTCCGCGAAATTTCCAACGGGGTATTCGCGCCGTGTGCGGTCTGCTATGCACGGGGGTGATCAGGCGGTGCGCGAAGAGGCACCCCGCATGGCGCGGGGCTGCCTTTGTCCGGGCCGGTTCCGACTGGCGGGAACCGACCGCGCCTGCGCGCCGCCAAGCCTTGCGCGAGGAGGTGCGCCATGGCGAATTTTGCACCGGAACTGGCGAAGCTTGATGGCGTCGAAGGCGTGTACGACAACGATCCTGATGACGCGGGCGGGGAAACCTGTTTCGGCATTGCCCGGGTCTTTCATCCCGGGTGGGAAGGATGGCCGCTGGTGGATGCAGCCAGGGACAAGCCCGGCTTTCCCGGCATTCTGGAGCATGACCCCGGCGTGCTGGCGGCGCGGGCTGCCTTCTACAAGGCGGAAAACTGGGACCGCTTTGCCTGCGACGAATGGGACCAGGGCCTTGCGGGCGAGATTTTCGAACAGGCGGTCAACCTTGGCAACGGGCGGGTAACCGAACACCTGCAACGCGTGTGCAACGCCCTGAACCACAAGGGGCGCTACGGGGCGGACCTG
CP133659.1_gap100	3885081	3888815	3734	GATGCGGTGCGAAGAGCAAGCGAGGGTTCTTTCTACTAGAGCGAACATGGTATTTGATCACGATGATCATGTGTACTTTGAGAGGGGGGATATAGGTCGAGATGGTCCATTCTGCCAAGTGTGCTATGATAAGGACGAACGGCGATCTCGGCTCGAAGTTGGAGAATATGGGCATAGCTGTGCAGTGTGCCAAAGCTTCTTTTACAAGAAGGGTGGAAGGGAGCGGGCAGCCGAGAGTGACCGGAGGCTTCAGGAGGAGTTTAGGCGACGGTCGCCGTTTGACGACTTATAAAGCAGGCAGCTCTTCCTCCACGAACCGGCGGATGATGTTGTTGCAGTGGATGTGGAACTCGGGGGACAGGTACTTGGCGTAGGCCAAGGCGATCTGCCAGTGGGCGAAGGTGCCGCCGAAGCGGCCACGGGTGATTTTCAAAAGCGACACATCTGTCGCTTTGCCCAACTCGGCGATGAACGCCTGTGCGGCGTCGGTGCGAAGCCACTTCTGGGGCTGCTTGGCCCGGTCACCGCTGCCCGCCTTCCAGAAGTCGGTCAGGTTCACGAGCTTATCGTCGGTGAAGCGGATGGCGGTGTCGTTGATCACGAGGGCGGGGGTGCAGGTGGGCATGGACCCCGGATGTGTCACACGACCAAGGGGGAGGGCGTAGTTTGGATGCGGAACTGATCTGCTACTGCTTTGGCTTCACGGCAACCGACATCAAGGTGGATGCCGCACGGAACGGTAGATCAACGATCCTTGAACGGATTATCAGCGAGAAGCACGACGGGGCCTGTCGCTGTGCCGAGACAAACCCTTCCGGCAGGTGATGTCTGGGGGATGTCCGCCGGGTAGTGGACAGTGTCCTTGGTAAGTCGGGTGCCTCCATCGGACCAAAAATCCGGTGACCACAGCGTCGAGGAAGCGCGACCGTTGTTTCCACGATTTCCTTGTCAGCCCTACCCCCGTGGTAGTTTCTCGTTTGCAGAGCCGATAGTCTGACGCGAACAACGACGGCCCCTCCGTGTGCCGCCCTTGAGTGGGTGACATGTGGAGGGGCCGTCGCTGCGTCGTGGGTATGGGACCACGCGGGGCGGGACAGGTTGGGCCGTCCGCTCACGAGGATGACCGGAGAGAGGCGAAGAGGGACGGGGCCGTGTGTGGTCTAGGTCGTCCGGCTTGGGTGGGGTCTTTCATCGAAAAACGGCCCACCGTAACACGACGACCATCACCACCACCTACGGGGCGGCGGTTGATCGTTTGGCCTTCTGCTCCGGCCCGTAGACGTACTTGTCGTAGGCCCCCAGCGCCGCGCCACCGATGGACAGGGCACCGCCGAGGTAGTTCGGCTGGTTGATGGGGGAGCTGACGTAGTTGGACTGGGACTTCATGCGGGCCTCGGCCTTGTCCTTGTAGCCGCTGATGGCGGTGTCGGCGTTGACGCCCACCATGTCGAGCTGCTGCATGATCACGTCCCGCTTCTGGGCGGCGGAACGCTCGTAGTCGGCCATGAGCGCGTCGAGGGCGGTGCCTGCTGCCTCACTGGAGGCGAGGGCCTGACCCTGCTTCTGCATCTTCTCCTGCTGGAGCTTCTGGAGTTCTTCGGAGGCCGACGCTTGTTGCTGCATCTGGTTGATGCGCTCGGCGGCTGCGGCCTCGATGTATTCCTTGTTGGCCGCCTCTTGGTTCAGCTTGGCCGTGCGGGCGTACTCGTCGGACATGGCCGACTGGTACGATGCCTGGGCGTCGGACTGCTGCTGTTGGGCGTACAGGGATGCCGAGGTGGAGGCGACAGCGGAAGCGATGGCGAGGCCCGCCATAGTGGTTGCCGAGATGGCTTCGCACATGACGACCTCGCCCTATGCTCGGCCCGCAGTGGCGGCGGCGTAGTTCGGGTTGCAGCCACAGCGGAACGAGTAGAGGTGGCACGGGGAGTACCGGGGATCAACGTCCGGGGACAGCTCACACCCGGCCACGGCCTCGGCATCGCCTCCCATGCAGCGGTAGAGGCAGAAGGACCGGATGGCCGGTGTGGGCCGATGGGGACAGGTCGTGGCCCGGCGTCCGAAGCGGTAGGGGTGCAGCTGGCACCCGGCGTCGGTACACCCTTCGACGGCCCGCCGGTCACCGCCCATGCAGTCGTGGACGCAGTGGTGGCGGATGGCCTCAAGGGCAGTCATGGAGCGGGGCGTTGTGGTTCCGGTGAACAGGCAGGCAATGAGGTGGTCGGCGGCCTGCTCGACCGTCATGGGGTGGGTGGGCGTGGTTGGTTCATCCATGATGACCATCCCCCACTAGGCCCGCCTGCTGCCACGAAGGACGCAGGTTCCACGGGAGCAACGCCCGGCGTCTTGCGCGGGCACGGCAGGCGGCAGCGACCGCAGGGACTGGGCGCGGGCCTCGGTCTCTTCGGCGGCTTCCCGCATGATGTGGCGGAGGTCTTGCAGTCGGGTCGCCATCTGGATGGCCGGGGTGAGGCGGTTGACCATCTCCTCGGTGATCTCCGGTGCAAGGGACGCCTCAAGGCTGGCCGCGTCCTTCACTGCGGAGGCGGCATGGTCGAGGGCGTCGGCGAGTTCATGGAGCCTGCGGGCGGCGGTGCTGACCGCGACATACAGCGTACGGCCTGCCGGAGCGGGGGCGGCGGTGGGGATGTCGAAGAAGAGCGTAACCGGGTCGGTGGCCCCTTCGTTGCTGACCGGGATACTAGGGCAGGCGGTAACCGCTTCTCGCTCGCCTTCGTGCAGCCGCTCAAGGCGGGCTTCGGCGGCCACATGGACAAGGTCCACGGCGTCCTCCGGTTCGAGGTAGCCGTAGGAGACGATGGTCGTCAAAAGGTCGTCGAACAGCATCCTATCTGCTTTCGGGAGCGCCTGCATGGTGGTCATGAAGTTCGACCAATCGGAGGAGGCGGTGCTGGGCTGGGTGGTAAGCGTCTTGGTCATGGTGTGTTCCTTGCTCTCGGTAGAGCGGTTGGGGTTGGTGAATAGGGTGGGCCTTGAACAACGTGGGCGACTGATCCACCTCACGGGCTGACGGCGGGGTGCCCCGGAGCGCCAAGAACCGCCCACGACCTCACGCCATCCCCCATGCGCGGTGGAGGGGAGACGTGAGGCCGCAGGCGGTTGACCGAGAGGGGAACAGGAAGGCTTGCGTAGCTGGTGGGGTGTCTGTGACGGGGATGGACGATGAACGACGACGGCAGCGGCGTCCATGAAGGTGGGCCTGTGGTGATGCCTTTGGTTGGCATCAGGTGAGCCACAGGTGGGGCTTAAGGTGTTAGTCGTAGTTCATCTTGTTTATAGTCCCTGAAGGTAGTCCCTTTCAGTTGGGCTTAAGGTGTCCCTTCAGGTTGGCTTGAGGTTCCCCTTTGCCCCGATAGTGGGCCATAATCGCAATAGGCTGGAATCAATGACGATAGGCGGTCGAGGTTCCGGCCCCCGGATGGTCGTCAGTCTCCTGCCCCCAGAACGCGAAAAAGCCCACTGCGTCGTCAGAACACAGCGGGCCTTTTTTCGTGTAAGTTCGGGGGTGAATCTGTCCGGGGTAGGCGTTGGTCATGCCCGGACAGGATCAGGTCGGATACGCCAACCTCGTGCGATTCCAGAGGGGGTAGGCTGGTCAGTTCATCGCCGCCTCACTCGCGCCGGGGAGGGCAAGTAAGACCTCCGCGCCCGGCAGGGCGATCCGGTACTCCAGCCATTGGGCGTCTGTGGTCTCGACGGTGATCCGGGGTGCT
CP133659.1_gap101	4014940	4018616	3676	CTTGCGAATGCCTTTCGCGGTCCCCCCGCACCGGGCAGGACTGACTGGCGTCCACCCCGCAATGCAAACCGGCGAACGGGTTGCCCCGGCCGCCGGTGATGCGAAATGCGCCAGCTGCCCGAAATTCCCTACAGATAGTGGGGGGGCGGTCCGGTGTCCTCGCCCCCGTCGTCTTCCATGGCCCTGGTCAGCGAACGCAGCCGTTCGCGCGTGGCCTCCAGCAGCCGTTCCGCCTCGTCCAGTTGGGTCTGTTGGCGCACCAGCGCGTCGTTCAGTTCGCGCAGGGTCTGTTCCTGAAAATAGACGGTTTCTTCCAGCCGGGTCAGGCGGTCTTCCAGTTCCTTGGTCATGGCGTGTGTCCGTGATGTTGCGTTGGGTGGTCCATGCCCTGCGGGCGCGGTCTTGCCGTGAATGGGGCCGGGCGATGGGATGGCGTCAGGCCGGGCAGCCAGGCCGGAATGTCACTCGGATACGCGGGGCGCAGGCTCAGGCAGGGGCATCGGCCAAGCGCAACACTGTCGTGTATTCCTGAGGGGTTACCGGCTGCACCGAAAGGCGGCTGCCCTTGCGCAAGAGCTCCATGTCCGCCAGTTCCGGCAGGGTGCGCAAGTGGGCCAGCGATACCGGCTGGGCAAAGGTGCGCACCAGCCGCACGTCCACCATGAACCAGCGCGGCTTGTCCGGCGTGGATGACGGGTCGAAGTGGCGGTCCTCCGGATCCCACGCGGTGTGGTCTGGGTATGCCTCGCGCACGATTTCCACCACCCCCGCCACCGAGGGGTTGGTGACGCTGTGGTAGAACAGCCCAAGATCCCCCAGGCGCATCTCGCGCATGAAGTTGCGGGCCTGATAGTTGCGCACACCGTCCCAACTGGTGGTGGCGCCGGGAAGGGCGGCCAGATGGGCGATGGAGAAGCAACCGGGCTCGGTCTTGAACAGCCAGTGGCGGGGCATGGCGCCTCCTTGCGGGGGGTGTCGTGGGGATGGCTCATGACGATACCCGCGCCGCGCGCCCCCGTAAAGCCCGCGCCGTGCCGTCGGGAAGGGGGGCGCACCACGTACTTGGCGGTGGCTGCATTTTGGCGTAGGTGGTCGCTATGGGCGAAAACCCGCCGGAAGTCTCCCGGAGGTTCCATGAAGGAGCGCAGGCCACCCCACCGCAAGGTGCTTCCCTTCCGCCGCACCCGCCGTGGCGGCGGAACCGGCGGCGATGCGCCGTACGGTACCCCGCGCCCGTTCGCCTCGTCTGGCCTGCCGGGTCTGTCTGGCGGCTTTGTGGCCCCGCAAGACACTGCCAGCCCTGCCAGTTCCACCGGTCCTGCCAGTTCCGGCAATTCCGTCGGCCCCGCCAGCCTCGTTGGTCCCGATGGTTCAGCCGGGCCGGGCGGCTCCCGCACCCCGCGTGACGGCAGCCCCCCGGAACTGGTGGTGGTGCCCAGCCGAAGGGACCGCAGCCGCACCCCGCGGTCGCTGGGGGCCGTTGCCCCGTCCAGGCCATCCTTCCAGTGCATGGATGAGCTTGCGGGGCTGGGAGGGGTTCTGGGTGGTGTGGCCCCCCCGGATGCGACCGGGTCTGCAGGCATGTCGCGCCGCCCCGGCAGGCAGCCCACGTTGCGCCGCCTGCCCTTGCTCCGTCGCATCCTGCGCCGATTCGCCGACGCCGCCGCACGGCGCATCGGCACGTTGTGCGGCGTGGGGTGCGTGGTCACCCCCGACGAGACGCAACTGTGCCACATGGCCGAATGCGCCGGGCTGCTGACGCGACCCGCCATGCATCGCTTCGGCGTGGTGCCGCTGGAGGGCATGGCCGCGCTGCTGTTCGACCATTCCCTGCGCGATGCGCTTGTCTGGCTGGGCCTTGGCGTGGACCCGCGCGCGATTGCGGGAGGTCCGGCAAGCGGTCCGGCAGGCGGTCCTGCGACCGGCCTGGCAAATGGCCCGGCAGGCCACCGGACCGGCGGACCCCCCGTTCCTGCGCCGCCGGGTTCGGGTGGCCGCAACGGCTGGCTGCCCGGCCATGCGGAGTGCGGGCTGTGCGTGCACCTTGGCCGCCAGTTGCAACTGGACCTGGAATGGGCCTTTCTGCCCTATTTCGAAATCGAGACCTCCGGCTGCGATGCGCCCCCCGGCGAACCGGGCGGCCAGCCCGCCCACGCCCGCGAGGCCCTGCGCCCCGACTGGACGGCCCTTGGCGAGCCGCTGGTGGCCACGCCGTTCACGGTGGCGCTGCACTGGCTGTCGCCAGTTGCCGCGCCGCAACCGGAGCGGTCCGCAGATGCGTCCCTTCCCCGGGAATTGGCACCCCCTCAGACCTCGGCGCCTTTCGCGCCTTCCCCGTCATCCTTCCCCACCCGTTCTCCCGCTCCGTGGACGGGCCGCGTGATGCTGGTGCTGCCCCTGTCCATGCTGCTGCCCCTGGCGGATCTGCTGTCCGACGATACGGTGCTGCTGGCCCCGGAGCAGACCGAATCCGCAGAATCTGTCCACGATCGCTTGCAGGTGCTGCCCGACGCGGAACTTGCCGCGCGCCTTGGGGAGGGGCACCCGCAGACGGCGGCTGTGGTGGCTGCCCGGCTGGCCCCGCAGCGGCGCGCCGCGGTGCTGGCGTTGCTGGGCCCGGAACAGGGCACCGAGGTGCGTCGGCGCATGGCTCGGCGGCGGCTGTTCCGGCAGGTGTTGTCGCCGGAGCAGCGCTTTGTGGTGCGCACCCCGGCCTTGGGCGAGGTGCACGCCGCGCAGGCGCTGGCGGCCATGCGGCCAGAGGCGGCGGCCCGCTTCGTGCGGGTCATGCGCGGTCTGGGGCGCGGGCTGGGTTCGCTGTACGGGGAACAGGTGGAGGCCGTGCTGCGCGAAGACGGCGCGGGCGTGGCGGGCGCGGAGGATCTGGTGCTGGAAGGCGAGGCCCAGGTGCGCCGTCTGCTGATGCGGGCCTTGGGGCCGGACGACATGCGCGCGGTGCGGACCTGCCCGGAGGCCGAGGCGCGCCGCGCCACTGGCGCGCCTTCGGCGGCGCCGCATGTGCCGGGCGCGGGGCCGGACGGTCCGCCCCATGAGGGACGCGGGGAAGGTGCAGCTGCCGCACGCGGAGATTTCGCGGCGGGCGATTTCGGCGAAGGGGATGGGGGAAACGAGGCCGAACCGTTTGCCCCGTTGCTGGGGGTACCCGCCGTGACTCTGGCCCGCCTGCTGACGGCGGAGGGGCTGGCCGTGACCGTGGCCGTGCTGCGCCATCTGGCCGTGCGCGATGCGCGGCGGGCGGCGGCGGTGCTGGGTGCGCTGCCCACGGCCCGGGCCGGTCCGGTGGCGGTGGGGCTTTCGCCCGAGGTGGCGGATACCGGCGGCTGGATGCCGGAAACGGCGGAGGCTGAGGCCCCAGCCGGGCAGGACAGGCAGAGCGGGCAGAGCGGGCAGAGCGGGCAGAGCGGGCAGAGCGGGCAGGCCAATCTGGACAGTCAGCTCGGGCATCCGGCTCGTGCCGTGCGGTCCGGTTCGCTGGAGGCGCTGCTGGTGGCGGAAAACTCCTTGTGCCGCGCCCTGCCGGAAGAACACGCCTGCCGGGTGCTGGCCCTGCCCCTGAGCCGGGAAGAGAACGGGCGCGATGCCCCGCCCGCCACGGCGTTGGCCGCCCTGTTGCGCCATGGCGGTGATGCGGTGCGCGAGGCCGCGTTGCAGGCCT
CP133659.1_gap102	4162949	4167582	4633	TTCCTGACGCATGTACAGCAGCACGCCCTTGCCCTCGCCCGCGATCTGGCACATGGCCGCCGCAAGCTGGCCGCCGCAGTCGCAGCGCATGGAGCCCAGCACGTCGCCGGTCAGGCATTCGCTGTGCACGCGCACCAGCACCGGCTCGCCGGGGGTGATGTCGCCCTTGACCAGCGCCAGGTGGGTTTCGTCGTGCAGTTCGTTCTCGTAGGCGATGACGCGGAATTCACCATATTTGGTGGGCATCTGCGCTTCTGCCACGCGCTTCACGGACAGCAGGCCCGACTGCATGCGATAGCGGATGAGATCGCGGATGGTGGCGATCTTCATGTCGTGCTTTTTCGCGAACTCGATCAGGTCGGGCATGCGGGCCATTTCGCCGTCGTCGCGCATGATCTCACAGATAACCGCCGCGCCCTTCAGCCCGGCCAGCTTCGACAGGTCCACGCTGCCTTCGGTCTGCCCGGCGCGCACCATGACGCCGCCCTTCTGGGCCCGCAGCGGAAAGATGTGACCGGGGGTCACAAGGTCTTCGGGCTGGGCCTCGTCGGCCACGGCGGCCAGGATGGTGGTGGCGCGGTCGGCGGCGGAGATGCCCGTGGTCACGCCCTTGCGCGCCTCGATGGACACCGTGAAGTTGGTGCCGAACTTCGAGCCGTTGCGGCGGGTCATCATGGGCAGTTGCAGCTTGTCGACCTGCGCCGGTTCAAGGGCCAGGCAGATCAGGCCGCGCCCGTGCGTGGCCATGAAGTTGATGATCTCGGGGGTGACGTGCTCGGCGGCGATGGTCAGGTCGCCTTCGTTCTCGCGGTCTTCGTCGTCCACGAGGATGATCATCTTACCCTTGCGGATTTCCTCGATGGCTTCCTCGGTCTTGCAAATGGGCATGGCTACCTCTGGATATGCGGCGCCGTCCCGTGCGGGCGCGGCGTTCTGGACATGGGTGAAGACCCGGCCCCGGCGTTCTGCGAAAACGCCTAGAAGCCGTGTTCCTTCAGGAATTCCACGGTCAGCGCGCCCCCCCCGCCGGAGCCGGATGCGGCATGGCCGGTGGCGGCTGCGCCACCCTGCCATGCCGAAAGCATGCGCTGCACGTACTTGCCGATAAGGTCCGTCTCCATGTTCACGCGGACTCCGGGCTTCCACCCTGCGATGGTGGTGACCCGCTGCGTTTCGGGGATGACGTTGACCTCCAGAAAATCCGGGCCGCAATGATTAACCGTCAGGCTCACCCCGTCAAGGGCCACGGAGCCCTTGGGGATGACCTGGGGGCCGAATTCTTGCGGAAACTTCAGCCGGTAGCGGCGCGATTCGCCTTCTTCGCGCACCTCGGCCACGGTGGCCACGCAGTCCACGTGCCCCGCCACCATGTGGCCTCCCAGCCGGTCGCCCATGGCCAGCGCGCGTTCGAGGTTCACCCTGTCGCCGGTCTTGAGGTCGGCCAGGGTGGTCAGGCGTATGGTTTCCGCGGATGCGTAGCAGGTGTACCACGCCGCGTCGCGGCTGCCGCCGTGGGTTTCCACGGTCAGGCACACGCCGTTGGCCGCGATGGATTCGCCCACCACGATGTCTGACAGCATGAACAGGGGCCGGATGCGCAGGCGGGTTTCCTTGCCCGCGCTTTCCACGGCCACGATGCCGCCCTGTCCCTGAATGATGCCGGTGAACATGAACACTCTCCGAGGCGGCATGTCGCCGCTGTCTTGGATATATCACACAACCTGGGGGCTGTTACTGACGCAGCCACCGGGCGAAGAGGTACGTCAGGGATAGTCCCTAGGGCGCAAGGTTACGATAATGTCATCCCCGCTGGGGGCGGTGGCGGCCACGCGCAGGCCCAGCGCGTCGTCCATGCGCAGGGGCGCGCGCCCGTCGAACAGGGGCCGTGCCGCGTTGTCGCCCAATACTTTGGGGGCCAGGTGCAACTCGAATTCATGCACCAGTCCGGCTTCCAGCAGGGCCAGGCCCAACTGCCCGCCGCCCTCGCACAGCACGTACAGGCAACCGGCCTCGGCACGCAACCGGGCCAGACCCGCGCGCAGGTCCAACCTCGTGCCGCCGGAGCCTGCGGTGCCGTCCGTCCCGCTCTGCCCGCTCTGCCCGTTCTGTCCGTCCTGCCCGTTCTGGGCGTCCAGGCCCGGCAGGCCCCACACCCGCGCGCCCATGGCGCGCACCGTGTCGGCTGCCGTGGATGCCGCCGCCGTCTCCGTGGTCCAGAAAATGGTATCCGCCGCCCGCTGTTGCAGCAGTGCGAGGTCCGCAGCCCGCACGGCCACCTCGTCCATGCGCGAGGTGACGGCCACGGCCAGTGGCTGGCGGCGCGGGGCGTCCGTTTCGTCAATACTGGCGCACCCCCCTTGGGGGGCGGCGGGGAACGCATCGGAAAAATCGCCGCAGCGGGCGGTCAGCAGCGGGTTGTCGGCGAACAGGGTGCCGCCGCCCACCAGCACCGCGCCCCCGGCATGGCCCGCGCCCGCGCGTATGGCATGCACCCGGCGGCGCGAGGCCGCACAGCTTATCCATTGCGAATGGCCCGCACGGGTGGCGATGCGCCCGTCCAGCGTGCTGGCCAGCTTCAGGATCACGTAGGGCAGGTCCGTCTTCTTCCAGGTGACGAAGTCGTCCACCAGGTCGCGGCAGTCCTGCTCGCACACGCCCATATCCACCCGCACGCCATGTTGGCGCAAAAATTCCGCGCCGCCCCCGGCCACCGGGTTGGGGTCGGCCATGCCCACCACCACGTGGCGGATGCCCGCCGCCAGCACGGCCTGCGAGCAGGGGGGCGTCTTGCCGTGGTGGTTGCACGGTTCCAGCGTGACCACCAGGGTACAGCCTGCCGGATTCACGCCGCCTGTCGCCGCGTCGCGCAGGCATTCCACCTCGGCATGGGGCATGCCGCAGGCCGTGTGGTAACCGCGCGCCACCACCTGCCCGTCGCGCACCATTACCGCGCCCACCGTGGGGTTGGGCGCTGCGCGCCAGCGGCCCCGCCGGGCAAGGGCGATGGCCTCGCGCATGAAAATTTCGAACGGATGCGGATCGCACATGGACGCTACCTGCTACCGCAGGCGCAGCCGCCGCCACAGCCACCACCCCGGCCGGGAGCCGGGGCATCCGGCGGCAGGCACGCGCCGCCCGTGCGCGGGGTAAAGGGCAGTACCTCGTAGTGCACGCCCGATTCGCGCAGCATGTCCTCGGCCAGTTGGTCGGGATACGATTCCGCGTAGCGGATGGCCGTGACGCCGCAGTTGATGAGCATCTTGGTGCAGATCAGGCAGGGCTGGGTGGTGCAGTAGATTTCCGAACCGGCCAGCGAAATGCCGTGGATGGCGGCCTGCACGATGACGTTCTGTTCCGCGTGCAGCCCCCGGCAGATTTCGTGGCGCTGGCCCGAGGGCACGCCAAGCTGGGTGCGCAGGCAGCCCACGTCCAGGCAATGGGCCACGCCCGAAGGCGCGCCGTTGTAGCCCGTGGCCAGGATGCGCTTGTCCTTCACCGCGATGGCCCCCACCTTGCGCCGGGTGCAGGTGGAACGCTCGGCCACGAGGTAGGTGATCTCCATGAAGTACTGGGGCCAGGGGAGGCGGGACAGCGTGGACATGGGTACCCCTGTCGGTGATTGCGGGAAGAAGAGCCGGGGAGGGAACCCTTTGACGCTCTGCGGTCGCCATCCGTAAGGTTCGCGCTACGCGCTTACCTAACGGCTGCCGCAAAGGGGCTCCCTCCCCGGACCCCTCCCCCCCAAACTCTTCAATAGGAACGGCCTGTACAGCGCGGGAAATCGTTAACGACCAGCCCGCGATTCTGTTTACGGATGCCAGGCGTTGTCTACCAGGCGAACAGCGGGAACTGCCGCGCGAAGACTTCCACTTCGCGGCTGATGGCCGCAAGGCGGGTCTCGTTGTTCACGTTGGCCAGGGCGTCCACGATCCACGCGGCCACCTTTTCCATTTCCGCTTCCTTCATGCCGCGCGTGGTCAGGGCGGGGGTGCCCAGGCGCACGCCGGAGGTAACGAAGGGCGAACGGGTCTCGAAGGGCACGGTGTTCTTGTTGGCGGTCATGCCCGCCTTGTCCAGCGCGTGCTCGGCGTCCTTGCCGGTGATGTCCTTGGACGTCAGGTCCATGAGCATCAGGTGGTTGTCGGTGCCGCCGGAAACCAGGTCGTACCCGGCGGCGGTCAGGCAACCGGCCAACGTGACGGCGTTCTTCACCACCTGTTTCTGGTAGTCGGCAAAGGTGGGGCGCAGCGCCTCGCCGAAGGCCACCGCCTTGGCCGCGATGACGTGCATCAGCGGGCCGCCCTGAATGCCGGGGAATATCTGGCTGTTCAGGGTCTTGGCGTTGTCCTCGTCGGACAGGATCATGCCGCCGCGCGGGCCGCGCAGGGTCTTGTGGGTAGTGGTGGTGGTGAAGTGGGCCTGCCCGATGGGGGTGGGGTGCAGGCCGGTGGCCACCAGCCCCGCGATGTGGGCCATGTCCACCATCAGCTTGGCGCCCACCTCGTCGGCAATGGCGCGGAAGCGGGCAAAGTCGATGGTACGGGGATAGGCGCTGGCACCGGCCACGATCAGGGCGGGCTTGTGCTCGCGGGCAAGGGCGGCCACTTCGTCGTAGTCGATGTAGCCGGTTTCC
CP133659.1_gap103	4209692	4211916	2224	CAGGAAGAAGGCCATGACGGACAGGAAGAACAGCCAGTACCACAGCTTGGTCTGGGGGCTGAGCTCGCGGTAGCCGCCGGTAAGGGCGAAGATGACCCCGAACAGGGCCACGGACCAGCCCCAGAACAGCATGGACCCGGCCTGCCCGGCCCAGAAGGCCGTCATGCGGTAGAACAGCGGCAGTGCACGGTCGGTGTAGCTGGCGACGTAGACGAGCGAGAAGTCGAAGTTGACAAGGGCGTGCAGCAGCACCACGGATGACAGGGTCATGAACCCGGTCAGCATCAGGTGCGCCTTTTCGATCCACGGCAGCGCCGTGGAACGCCCTTGCCACAGTTGCGCGGCTGCCGCCCCGGCAAAGAAGAGGGCGAAAAGCAGCGACGCGACAAGCAGCAAGTAGGCGGAAAGGTGCATGAAGTCTCCTGCCGATATGTGAGGGATGCGCGGCCCGGCGCGGGGTGCGACCGGTAGCGGAGGCCGGATGACGCCGGGCACCGCCCGTCTTCCGGGGGGAACCCGGGGCGGTGACACGGGAGGGCGGAATCCCCGCCATGCCGTGTGTCCAGGGCGTGTGCCCACACGTAGGTTTCCGGGTGCGCGGGCGCAGGTGCGCGACACGTGCCGACAAGGCCATCCGTCAGCCGCAGGGCCGCTACGGAAGGCTGGCCGGTCCGCGCCGCGTCAACCGCCGGGCATCATCCCTTACGGTTTTCTTTTTCGTATTTCGAGGGACACTTGGTCATCAGCGTCTTGGCGCGGAATTCAGCGGCGGCTCCGCCCTGGGGCATGCCGCCTTCCACGATGACCTCGACGCCTTCCTTGAAGGTGTCGGGCACGGCACCGCGGTACATCACCCGCACGGTCTGCCCGGGGTTGTCCTTGTCTTCAAGCAGAAAGCGCACGCCCGGCCCGTCGTCCAGCTTGGCAATGCCCTGGGTGGCAACCGTGCCGAACATGCGGATGGACTGCAACTTTTCCGAGGGCATGGCGAGGGCTTCCGAAACGTTCAGGAAGTACACGCTGTTCTGGGAAAAGCCCGAGAATACCAGATAGCCCACCCCGCCCAGAAACAGGGCGAGGGCCACGAGGTACAGGCTTTTGCCGTTCTTCTTCGACATGTGTGGTCCTTGTGTGGCTTCCCGGTTTTTTCCGGCAGCCCGGTGGGCCGGTGCTGCCCGGAATGGGCGGGAAGCGCGCCGCCGCATCGCGCGAGGGCAGGGGGGGCAGAGCCCACCCAGGCCGTCACCGGAAGGGGCGTCCCTTCGGCCGCGCGGGCGCGTTCGTGGTGCAGGCGCCGATGGCGCCGCGCGGGCAGCTGGCGTGGCCGCCCGCATGATCTGCCGGTCCGTGACCGGCCGCGAACTGTGTATCTTCTCGCGGCACCGTGTGGCGGTGCCGGATTGCATCGGAGGCATTGCCGCCGGATTCATCCGGGAATGCGACGGGCGGTACCGGAAAAAGGTACCGCCACCCTACGGAAATGTCGCGTGCGGCTGCATTTGGCATACGGCGTTTCCGCCGTCGTGGCAAGGGGGTAGAGCGGGTGCAAAGGCTTTCACAACAGGGCTGGGTTCAGGGTAACCCGCCGGAATCAAGGTGGATGCGGGAGGGTTGGTAAAAGATAACGGTAATCATTCCTTGTTTTGTGCCAGTTCCGCGCGGCGTCGCCGGGCCAGTTCCTGCAAATCGTCCACCCGGTCGGTTTCATCAACGATTTCGCGCCCCAGTATTTCTTCCAGCACGTCTTCCAGCGAAATGACCCCCGCAAGGCCGCCGTACTCGTCCAGCACCACGAACAGGTGGGTGCGCGCATCCAGAAATTGCAACAGGGTGCGGTCCAGGGTCTGGGTGTCCGGCACGAAGTGCACCGGCTGCATCACTGCGGACAGGCGCAGCGTGTCGTTGTCTTCGGCCACTTCCTTGAGCACCCGGCGGCGGGTGACAATGCCCACCACGTCCTCGTTGTACTCGCCCCACACCGGCACCCGGCTGTAGTGCCAGAAGTCCGGCTGTTCGTGCGCTTCGGCCACGGTCATGGCGGCAGGCAGCGAAAAGACCACCGTGCGCGGGGTCATGATTTCGTGTACCCGCTTCTGGTCCAATGACAGGATGTTGCGGATGGACAGTTCTTCATACGGCTGGATGCGCCCGGCCCGGCGCGACAGGCTGACGATGGCCCGGATGTCGTCTTCCGTGGCGTGAGGCGCCCCGCCGCCCGGCGGGG
CP133659.1_gap104	4249785	4253882	4097	AGCAGCTTCACCGGGGCCATGGCCAGTTCCAGTTTGGCGCCTTCGAAGTCGGTGCCGACGGTCATGGCCTCGAAGGCGAATTCCATGGCCTCGGGAACCAGGTTGGCCAGCGCGCCGAAGCGCACGCGAACCAGCAGCAGCCGGGTTGCGGAGTGCTTGGCCAGCTCTTCCTGAACGATGGAGATGACGCTGGATGCGACGGACATTTCATGCATCCGGCATGGATAAAGGAAAAGCCACGGCGCGTCCAGTTGGGGGAACGGCTGGGAGAGTAATGGCTTGCCGTGACGCAGACTGCCGGATGCCGAAGAACCGGGGCGGCGCGCGGCGGCTGCTGGCAACAACAGACGACGGCCGGCGACGACCGGCGCAACCTGCATGACGGCGCAAAAGGCCCAAGGGGGCGCTGCCGCCGCCGTCCAGCCTGTATCGGCCCGTTTGCAACGCCCGCGAAAAAGGGTACATCTGGGCCCGGCGCGCCCGCGTCATGCGGCGTGCCGTGCCGCCACAGGAGCAGATATGGAAACCGGCATCTTCAAGGGCGTCTATTCCAGTGTCGAGCCCCGCCAGGTCGGCAGGCCCGGCGGCGGCGCACCGGGGCGCAGCGCCGCGCGCAAGCGCTACTGGTTCGTGTGGGAGCACGACGCGGGCGGATACGTGGTGCAGCCCCTGTCGGCCAGCATGGAACCCGCGGGGGAACGCCGTGCCGTCGGCACGGCGGAACTGGCGCGCAGCTACGCCTTCGAGCCGGACATCCTTGCCATGCCGATCAGGACTGCGCCCGTGGCCCCAGCCTACGGGGAACGAGCGGGGACTGCCCGGGGCACCACACCCGGTCGGCCCGAGGCAGGCGGGACGGATACGGCCAGCCCGCCCACGCTGGCCCAATCGGCGAATCCGGTCGGTGGCGGCCGGGCTTCCGGCATGGCCGCAGGGCGCGATGCGACCCGCCGTTCCGGCGACATCGCCGGGCATGAGGTGGGCGCGCAGACCGAACGGGCGCTGCGGGCAGACTTTGCCACGGCGCTGGCCCAACTGCGGCGTGGCGAACGCGACCGTGCCGTGCGCGCGCTGGAACGGCTGGCCGAGGCCCCCGGCGAATTCGTGCCCGCCCATCGCCACATGTTCACCGATTTCGGCATCAACCTGCGCAAGAGCAAGCTGCCTCGCGTTGCCATCCGGCATCACCTGCGCGCGCTGGACCTTTCGCCGGACGACAGCCACGTGCATTTCAACATCGCCCGTGCCTACTACGACATGGGCGACATGGACCGGGCGGAAAGGCACCTGCGCGCGTCGCTGGACCTGACGCCCGACCTTGATCCCTCGCGCCGCTTTCTCGACTTTCTGCTGGAGCGGAAGGCCGGCGCCGCCAACGCTGATGGGACGGCCCGCAAGGCCGCCCGGTAAGGAGACTTTCGCGAGATGAACAAAACCATCGCCATGCTGATCCCCACCGTCGTGCTGTTCGCCATGGCGCTCATCCTGTTCAACCATTTCGGCTCCGGCGATGAAAAGTCCGCCCCGGTGGAAGGCCCCTCCGTGCAGGCCCCGATGCAGACCCCGGCGCAGGGCCAGCCCCAACCGGGGCAAGCGATGCAACCGGGTCAGCCCGGAATGCCCTATTTCGAACAGGGTGGGCAGGGCGCCCCGGCCCCCGGCCAGACCGGTGGCCAGCCCGGCGGCATGATGACCGAAACCCCGGCAGGCATGGTTTCTCCCGGCGAGGGCGAACCCGCCACCGTGCCAAACGGATCGGCCGCGCCCGGCGAGCCGCGCACCGCACTGGGCCGCATGGCATCCAAGTCTGGCGCCGACCTTGCCACCCCGCTGGAAAGCAAGAAGACGCAACCGGTCAAGGGCACCGAAAAGGGCACCGACAAGGCCGCGCCCGCCAAGCAGGCAGAGAAGTCTGCCCCGGCCTCCGCCAAGGCAGAAAAGACGGAAAAGGCAGCCCCCGCCGCCAAGCCGCAGGCCGCCGCACCGGTAGCCCCTGCCGCCAAGCCGCAGGCCGCCGCACCGGTCGCCACTGCCGCTCCGGCCAAAGCCGCACCTGCCCCTGCATCGCCGCAGACGGCCAAGGGCGACCATGCCATCACCTCTGCCACCATCAAGTTCTCGGGCAGCACGGCCATCCTGCATCTGCAAGGCGATGCGCCCATCCAGTACAAGTACATCGTGCTGCCCAACCCCGACCGGCTGGCCCTGGACCTGGTCGGCGCCTGGTCGGTGTCCGCGCCTGCGGTGCCTTCCAACCGGATCATCGAAAAGGTGCGCGTGGGCCGCTACGGCGAGAACACCCGCATCGTGCTGGACCTGAAGGCCGCGCCCACCAAGCATGAAGTGGTGAAGAGCGGGGACAAGGGTATTGAGGTCCGCGTTCAATAACCCCCGGTGCACTTGCTCTGATCGCCCGATTGGGAAGAGTGCTTGCTTGTCGACATTCTTTGCAAACGCAAAAAGCGGGATGGCATGCGCCGTCCCGCTTTTTTTCATGTCCGCCCTCCGGAAGGGTCTATTCCACGTCGAATCCCGCCTTGCGGATGGCGGCCTTCACGGCGTCCACGTCCACCGGGGCCGATTCGGTCCATGCGGCCTCGCCCTTTTCCAGGCTGACGTCTACGTCCTTGACGCCGGAAACCCCGGCAACGGCCTTGGTCACGGACATCTTGCAGTGATTGCACGACATCCCCTTCACGGTAACGCTGGGCATGGTCTGGCTCCTTGGCTTGCGGGTCATGAATGGTGCGCGCGCCCTTGCCTTGCGGCGGGCACGGGATTACTTGAATGAGAACGCCTTTCAAAACATAGGCTCCGGGGTGCGGTTTGGCAACAGGCCGCCGTGGTCCGGGGCCGTCGTTTCGGTCGGTGCCGGGGCCGCAATTTCCTTGTCTGCTACCGCATGACGCTGACCGTAGGAGCCTGCATGACCACGCCCGAAGGATTGCCCGACGAATTGCCCGAGGGTCCGCAACAGCCCGACACTGTCTCCGGAACCTCTCCCGTTCAGACAGGGGACGCCTCTTCCGCTCCGGCAGGGGATGTCGCCCCCGACCTGTCCCGGCTCGACTTGTCCCGGCGCGACCTGTCCCGGCAGATACTGCCGGTGCGCGGCATGACCTGCGCGGTGTGCGCGGGCCGCATAGAGCGCATGGTGGGCCAGATGAACGGGGTGTCGCACATCAGCGTGAACCTGGCCACCGAGACCATGGACGTGGCGTGGAATCCTGCCGCCCTGCATCTGGACGACATTGCCGAGCGGGTGAAGGATCTTGGCTTCGAGGCCGTGCTGCCAGATCCCGCATCCACTGCCGAACCTGACGACGGCCTGCTGCGCTACGCCGTGCGCGGCATGCATTGCGCGGCCTGCTCCGCGCGCATCGAGCGCGCCGTGGGCCAGATGGAGGGCGTGGCCGCCGTCACGGTCAGCCTGGCCACGGAAACGGCCCAGGTCACCCCCGCTCCGGGGTTGGCTCCGGACGCGGCGGATGCCCTTGCAGTGGCCATTCCCGCGCGCATCGCGGAACTGGGGTTCGAGGCGGAGCGCATCCTGCCCCGACAGGATGCCGGCACTGCCCTGTGGGAATCCCAGCGCGAGGAAGCCGCCGCGCGCCTCGCCCGCATGCGCGGCAAGCTGGCGTGCGAATTTGCCTTCACCATTCCGTTGCTGGTGCTGTCCATGGGGCACATGGCGGGTCTGCCCTTGCCCGCCTGGCTCGATCCGCACCACGCGCCGCTGGCCTTTGCGCTGGTGCAACTGCTGCTGACGCTGCCGGTGATGTGGTTTGGACGCGATTTCTACCGTATCGGCTTCGGCAATCTGGCGCGCCTTGCCCCCAACATGGATTCGCTGGTGGCCGTGGGCACGGGTGCGGCCTTTGCCTACAGCCTGTGGAACACGGTGGAAATCGGCCTTGGGGTGGAGGTGGCCCGGCGGGTCATGGACCTGTACTACGAATCGGCGGCGGTGCTCATCGCGCTGGTGTCGCTGGGCAAGTACTTCGAACTGCGCTCGCGCACCCGCACGTCAGAGGCCATCAAGGCCCTGATGGAGCTTGCGCCGGACACCGCCCTGCGCATGGAAGGCGGCGAGGCGC
CP133659.1_gap105	4261882	4262890	1008	CAGCGCCTTCTTGTAGAGGTTGGCGTGCACCTCTTCCACGGCGTTGGCCCAACCGAAGTAGCGCGCGGGCACCTTTTCGCCTTCGGCTTCGGCCTCGGCGATCATCTGCGGGTACATCTTGGTGAATTCGTAGGTTTCGCCGTCGATGGCGGCCTTCAGGTTGTCGAGGGTGGAACCGATCTTGCCCGCGTTGCGCAGGTGGCCGTGGGCGTGAATGGTTTCCGCCTCGGCGGCGGCGCGGAACAGCTTGGCGACCTGGGGCAGGCCTTCCTTGTCCGCCTGCTTGGCGAAGGCAAGGTACTTGCGGTTGGCCCGGGATTCACCGGCAAAGGCCGCCATCATGTTCTCGTGGGTCTTGCTCATCGATATGCTCCTTGTCGGTTTCGGTGTAGGGGTTCCTTGTCAGGAACAATTCCTGTTTAGACGCCATCCATGGACTTGTAAAGTACTTTTCAAAAAATTTGTGGAAAGAAATCGTTCAGACCATACGTCATCGTGGCGGATAGGGAAAGGGCAACGCGTGAAAACAGGCAACGCACAAGAGCCGCAAGCGGGCGTGCGGCGTGGCAGGGCCAGGAGGGGGGGCCGGTACGGAAAAGGAAGCAGGCGCGGAAAAGGGAGCAGGAATTGACGCTCCCCCAATGAGGCTTGGCGGGCTAGATGTCGTCGCTGCCGGGCGTATCCTGTTCGCCCCGTTCGTCCGGTTCGCCAGCTACGGCTGATGCACCGGATGCGCCTGGCGAGCCGGGCGTGCCCAGTGAGCCGGACGTGCCCGCCGCATTGGACGTGCCGGGGGCGGCATTGTCGGCGGGTTGCGCGTTTTCTTCCGGCTGTTGCGGGGCGGAAGTGCCATCCGCAGCCCTGCGCGGTCCGTCCGGCACGAATTCGGGGCGCAGGCGGCCCCCCTTCAGCACCAGATGCGCCCGGAACGGCTTGCCCTGGCGCGAGGTGAAGTCCATGGCCTGCGCCGTGCGCCCGGTGGCCAGCAGTTCGCGCGCGGTGGGTTCG
CP133659.1_gap106	4264125	4266421	2296	GCCCAGAGTGTCCTTTGCGGACAGGCCGAAGCGGGTATTGGCTTCGCGCTGCAGGGTGGTCAGGTCAAAGGGCAGGGGCGGCTGCTGGCTGCCCGCCTTGCTGGCCACCGATTCCACCATGCCTTCGCGCCCGGTGCAGGCGTCGGCGATGGCCGAGGCCTCGTCCTCGCTGTCCACGCGGGTTTCGCGCAGTTCCGGCGGGCGGTGCCATACGGCGGGGAAGGAGTCCGGCGCGTCGGAACGGGGGGGCGTCGCATCGGAAGCGGAGGGCGTGTCCGGTGTCGTATCGGAAGGCGCGGCTCCATCGGCGGCGGCCGCCTCGCCGCCCTGTGCGGCGCGTCCCTTGCCGCCGGGGGTGAACACCCCTTCCACGGTCCAGAAATCCTGCGGCACGAACTGTTCGATTTCGCGGCGGCGGGCGGTCAGCAGGCACAGCACCGGGGTCTGCACGCGCCCCACGGAGACAAGTCCGCCGGTCTTTACCGTGAACAGGCGCGAATAGTTCATGCCCACCAGCCAGTCGGCTTCGGCACGGGCAAAGGAGGCCAGCCCCAGGTTGCGCTTTTCCGCGTCGGGCAGCAGGCGGGCCAGGCTTTTGCGCAGGCCTTCTTCGGTCATGTCGCTGGCCCACAGGCGGCGCACCGGTTTGGCGCATTCGGCCATCAGGTAGATGCGCCGAAAGATCAGCTCGCCCTCACGCCCGGCGTCGGTGGCGTTGATGACGCCGGTAATACGCTCGTCGGCGAGCAGGCGGCGCAGCACGGTGAACTGGTCCGCCGTTTCCGGCAGCACCCGCAGCCGAAAGCGCGGCGGCAGCATGGGCAACTGGTCCAGGGTCCAGCGGCCCGCCCAGGCCGGGTCCTGCTCTTCCGGTTCGGCAATGCCCACAAGATGCCCCACGGCCCAGCTCACCAGATGGTCCGGCCCTTCCAGAAAGCCCGCGCGGCGCTGCGTGGCGCCCACGAGGGGGGCCAGTTCACGCGCGACAGAGGGCTTTTCGGCGATGATCAGGGTTTTGGACATGGTGAATGGTTGGTTGCGGGGGCGATGGGTGAAATGTTGGAGTGTGGGACCGTTATGGGCACGGGGTACCCCGACCGGTGTGCCGCCCGGCATCCCGACCGGTACCTTGACCTGCCACGGGCAGGCGGCTACAGCCGGAGGCCATGGCCGACCAGCGTACCCTTACCCCACCTGGCATCCCATCCGGAAGCGCGCCGGGAGCGGAAACCGCAACGGGCGAATCCGCACCCCACGCGGGACAGCCTACCCCCGTCCGCTATGCGGTGCCCTTTTTGTCCGGCCACTCGGGCAGGACGGACGCGGCAGGGCCGGGGGCCTTGGCGCAGGGGGCCGAGTTGGTCCACATGGCCGGGGTCACCGGGTTTTCCGGGGGTGTGTACCGGCGGGAAGACTCCATCAAGCGCAGCCGGTTCATCGTCAGCGTGGCCCACGCGCCGGACACGGCCACGGCGCGGGCCTTCATCGAAGCGGTGCGCGGCGAATTTGCCGATGCTACCCACAACTGCTGGGCCTTTGCCGCCGGGCCACCGGGCGACACCGCCCGCATCGGGTGCAGCGACGACGGCGAACCCCACGGCACCGCCGGGCGTCCCATGCTGCAGCAGCTGTTGCACGGCGGTGTGGGCGAGGTGGCGGCGGTGGTGACACGATATTTCGGCGGGGTCAAGCTGGGCACCGGCGGGCTGGTGCGGGCCTATGCGGCCATGGCCCGGCTGGGGCTGGACGGCTTGCCCCTGCGCCAGCGCATCGTGCCCGCGCGGGTGTCCGTGGTGCTGGCCCACGGCAGGGCCGGAGCGCTGCGGCGGCTGCTGCCCGCGTACGAGGCTGCCATCCTGTCCGAAGTGCACGGGGCCGACGTGGAATGCATCATCGGCTTGCCCGTGGAGCACGCTGCCGCGTTCATGGCCGCCGTCATCGACATGGCTGCCGGAGATGCGCTGGTGGACGTGCTGCCGCCTGTGGAAGACTGACCCGGTTGCGGTACAACCTTGTTCAACGCAGGGATTTCGTCCGCTGGCAAGGAAAACGTGGCGGCCATGAAGGGAGCATGCGGCAGCCGTCATGTGAGTTCTCGAACATTACGGATGGCGACCGCATCGCGCTCTTGTCGTATGTGACCGTAATGGCAGGCGCGTTTGACGGAGCCAGCGGACGAAAGAACGCGTTGAACTACCCCTTGGCTGCCCCTTCATCCACAATCCACACCAAATCCCCGTTGGCGGGCTTCACCAACTGCGCGGGTAGGGTGGGTTCGGCCAGCAGGTCCAGCGCC
CP133659.1_gap107	4274429	4276984	2555	TTCAAGGCCATGCGGTGGCTCCGGTGTTGTCGTTGTGCTCGCGGGCCAGGCAGGCCCCCGGGGTCGGCTGGCCCGTCGGGTCGGCCGTGTCCATCTGTTACGACGGTCCGCCATGAGCGGCGGGAGGTTACGGATGTGTTGCAGCTGCGGCGGATGCCGGAATGTACTGCCCCATGCGCAAAAAAGGCCGGTCTGGACCGCGGGGATTCTACGCGTCCCCCGGCGTCCGGGCAACCGGCATCGTCGTGAATCCGTCACGAAATAACGCGGTTTTGTTACGGAATGGTGACGAGCCGCGATGTTTCGAGAAGTCCAATTGTGTCGGTATGTTGAGCGATTGAACAGTCGCATTGCGGGCAGGTTGTGACCGGTGTGTGACGGCGGGTTGGTGGCGACCGCCACGCACGGTAACAGGGGGCGCGTAAAAAAAAACGGGGGCGGGGAAATTCCCCGCCCCGTCATGAACTCATTCTGGGTGTTCGGCGTGCAGCCCCTAGCGCTGCATGGCCCGGTATTCGTCAATGGTGACCATGTGCAGGGCCTTGACCGGGCAGGCTTCCACGCAGGCGCCCCGGTCCTTGCCTTCCTTGGCGCGCCAGTCGGCGCAGACGTCGCAGCGCACGGCCACTTCGCGGCGGTGCTGCACGGGCTGGGCGGCATCGGCGCCTTCCTCGGGCAGGCCGATGAAGGACAGTTCGATGGCGCCATACGGGCAGGCCATGACACACAGTTGGCAGGCGGCGCAGTACTGCTGGCGCATCACCACAACGCCGTCTTCCTGCACCAGCGCGTCAGTGGGGCACACGCGGGCGCAGGGCGCGTCGGCGCACTGGCGGCACTGCACGGGCATCTTGACGCTGTCGGTCTTGATGACGTGCACGCGGGGCTGGAAGAGATTGCGCTTCTTCACCGCCTCCTTGATGGTCATGTTGTTGTGCGAGGCAATGCAGGCAAGTTCGCACTTCTTGCAGGCCTTGCACTTGTCTGCTTCAGCGAAGACGACGTACCGCATGAGCGAATTGGTCATGGTGCTATCCTTCCGTGGTTTGCGCCGCTGCCGGAAGGTCGGTGGCATCCGGGCCGGGCACTTCTATGCTTGCGATGTACAGTTCCCTGCCGTCAATCCAGTGCACGGCGTCGTCGCCGCACGAAGGGCAGGAGAATTTCCGTTTCCGGGTTTCCACGTCGCCGCAGGTCGGGCATACGCCGCGCAGGGGCAGCAGTTGCACGTCCAGCGGCGCGCCCTCGGCGGGCGTCCCTTCGGCCAGCAGTTCGAAACAGGCGGTCAGGGTGCGTGCCTCGACACATGCCAGAAGGCCCACGGCAAGGTTCACCCGGCTGATGCGGGGGGCGCCGTGTCGCGCCGCCTCGTCAGAGACGATGCGCAGGATGCCTTCGACAATGGACGATTCGTGCATGACCGCCTGTCCTTGTGGTTTTCCGACGCTATCGCTCCGTGCACGAAATGCACGGGTCGATGGAGTTGACGATGAGCGGCACGTCCGAAACCTTGCAGTCGTGCATCATCACGCCCAGCGCGTCCCAGTTCATGTACGAGGGCACGCGCCACTTCAGGCGGTTGGGCACGTCGGTGCCGTCTGTGCGCAGGAAGTAGATCAGTTCGCCGCGCGGGGCCTCGCTGCGTGCCACGGCCTCGCCCGCCGGAATTTCCGGCAGCCGGGCCACCAGGTCGCCGCCGGGCAGGTCGCGGGCGCACTGGCGCACCAGGCTGATGGATTCCAGCGCTTCGCGCAGGCGGATCATGGCGCGCGAATGCACGTCGCATCCGTTTTCGGTAATCACGTCAAAGGCCAGGCGTGGGTAGGCGGCGTGGGGCACGTCCTTGCGGATGTCCACGGCAAGGCCGCTGCCGCGCGCCACGGGGCCGACAACGGCGTATTCCACCGCGTCTTCGGGCGACAGCACGCCCACGCCCACGGTACGCCCGCGCACCATGGGGTCGTTGCGGTAGATGTTGTAGATTTCTTCCACGTGCTTCTGCACGCGGTCGAGGTTGCGGGTCAGGAAGGTGAGCAGGTCGGCATCCACGTTGTACTTCACGCCGCCAATGCAGTTGGCGGCGAGGTCCATGCGGTTGCCGTACACAGTCTCCTTGATGTCCTGCATGATCTCGCGCACTTCCATCACGTGCATGAACAGCGACTTGAAGCCGATGATGTGCGCGAGAATGGCCACGTTGAACAGGTGCGAGGCAATGCGCTTGATTTCTTCGGCCATGGAGCGCAGGTAGCGGGCCCGTTCGGGCACCACGATGCCCGCCAGGTTTTCAACAGCCATGCAGTAGGTGAAGGGGTGGCTGTTGGAGCACAGCGAGCACACCCGCTCCGTGAGCACGATGTTCTGGAACAGGTTGCGCCGCAGGGCCAGCGCCTCCATGCCCCGGTGCACGTGCCCGGCGGTGATGTCCACGCGCTTCACGGTTTCGCCTTCCACGCTCACGCGGAAGTACATGGGCTCTTCCAGCGCCACGTGCAGCGGGCCCACGGGCAGGGTGAAGCCGGCGCGCGGGTCGGTGTTCACGTGGTCGTCCAGGT
CP133659.1_gap108	4280728	4283459	2731	TTGGCGAGGCCGAACAGGGCGCTTTTCAGCAGCACCGACGAGATGTAGCCGGAAACCGGCGTGGGCGCCGTTGCCGGGTGCATCTGCACGTCGATGCGGAAGGGCAGCTGCGCCGCCTTCATGGTGAAGCCGATGGCCATCAGGGCCACGGCAGTGGCGGCCAGGGCCACCGGCATGGTCGGCAGGGCGGAACGCACGGCGCCGAAGCTGGGGTCGCCCGCCATGGAGGACAGCATGACCACCCCCAGGAACAGGAAGGCCGCGCCCAGCACGTTGAAGAAGAAGTACTTGAAGCCCTCGCGCAGCGCGGCGGGGTTTTCCTCATGCACGATGACGAAGTACAGGCTCCACGAGCTCATGATCTCCCAGAAGGTGAAGAAGCCGAACAGGTCGTTGCTGGCGGCAACGCCCATCAGCCCGCCCACCATGAACAGGAAGAACGTGTAGAAGCGCCACTGGGTGTGGCTGTGCTCCATGTAGCCCACGGCGTAGAACATGTTCAGGCAGCCGATGACCGGCACGATGAGCGCGAAGGCGAAGGAGATGGAATCCAGCCCGCGCCCGAACACCACCACCGCGACGGCAGCCACGGCAAGGATGATGGCGGTGGCCATGCCCGCCGCCTTGCGGTCGCGCCGGAGCAGGAAGGGCACCACGGCGCCCAGCATGGGGATGAGCACGAAGGGATGCCAGGTCACCGCCAGCATGGGCAGGGCCTGGGCGTCCAGCTTGCCCGCGCCCGCCAGCATGTCGGCCACGGGGGTGACCAGCGACAGGCCCAGCTGAGGCAGCACGCCCAGCACCAGGCACAGCGCGGCCAGCACGCCGGTGGCCACGCGCATGGAGGCCGGAGCCTCCTGCACCACGGGGCCGGTGTAGGGCTGGAAGACCAGCGTGCGCACGATGCGCATGTAGTAGACGCATCCGGCAAGGCTGCCCAGCAGCAGCACGGCGGCCAACGCCGGGTGACCGGCGGCCACCAGCGCCTGGAGCATCAGGTACTTGCCGACAAAACCGTTGAATGGCGGCAGGCCCATGATGGAGATGAGGCCCACCACCATGCACCCGGCAGTGAAGGGCATGACCCGGGCCATGCCCGCAAGGTCCGCCAGCTTCTTGCTGCCCGCGCGCAGGATGAGGCCGCCCGCGCAGAGGAACAGCAGGTTCTTCATGATGGCGTGGTTCAGCACGTGCAGCAGCGAGCCGGTGGTGGCCAGCCAGGTGCCGATGCCGATGACCATGAAGATTTCCCCCACCTGTCCCATGGTCGAGTAGGCCAGCAGGCGCTTCAGGTCGTCCTGCTTCAGGGCCATCAGTTCGCCGTAGAGCATGGTGGCCGTGCCCAGCGCGGTGACCAGCAGGCCCATGGAGCTGAAGCCACCGGCGGATTCACCGGCCTTCAGCAGCACGGCGGAGCCGAACACCGCCAGCATCAGCCGCACGGTGCCGTACACGCCGGTCTTGGTCAGGATGCCCGACAGCGGGCCGGAAATGGACGAAGGAGCGGCGGGGTGGGCGTCGGGCAGCCAGCCGTGGCCGGGCACCAGACCCGCCTTGACCGCAAAGCCCACGAAGGCCAGCACCACCGCGCCCTTCACCACGGGGGCGGGCAGGGTGGCGGCAAGACCGGCAAGGGCGGCGAAGTCCAGCGTGCCCGCCTGGGCGGACAGCAGCATGAAGCCGGGCAGCATGGCGCAGGCCCCGGCCACGCACATCACGAAGTACTTCACGGCGGCGTGGAACGCCTTGTCCGTGGCCTCGTGGGCCACCAGGAAGTACGACGAGAAGGTCATCAGTTCCCAGAACACGTAGAAGCCGCCGAAGTCGCGGGCAAGGGCCAGGCCCGAGAGCGAACCGCACATCAGCAGCAGGAAGAACCAGTAGCCGCCCGCGCGGCGGTCGTGGTGGATGTAGCCCACCGAGTACACCGCCACCACCAGGCCGATGCCCGCGATGATCACGCCGAACAGGCGGGACAGGGGATCGATGGCGGTGTCGGTCCAGGTCAGCGCCACAGATGCGGCCACCGGGGCCACCCCGGTCAGAGCGCGGGCGCGGCCGGAAGCAAGGCCGATTGCCCACACGGCAAAGGCGCCCGCGTAGGGCACGAGGGCCGCGGGGTGCCAGTGCGCGCCGAAGACGGGCAGGGCATCGTGCGCCACACCCAGGGCGTCGGCCACCTGCGCGGTGACGACGTGCCCGGCCAGACCGAACGCGGCAATGAAGACCGCAAAAAGCCCCGCCAGCACGTGGAACGTGAAGGACGGGGCGTGGGGAACGTGGGCGGATTCGCGCCACTGGCCGGATTCAAGACAGATGGCCTGCACCGATAGCACGGTGGCGGCGGCCAGGGCCATGCCCGCGAAGGCCACGGCCACGGCGTAGCCCCAGTGCCCGGCGGCAAAGGCGGCATGCAGGATGAAGGCCCGCCCGTCCGGCGCGAGGAAGACGGAAAGCCCCATGCCCGCGAACATGGCGAACCCGAAGAACAGCCCCGTCAGGGGCAGCGCCGCGCGGATGCCGCGCAGGTCGTCCAGTCGGGTCGAACCCGCCGTGCGGGCAAGGCGCGCGAGGGTGAGCAGCGCAAGACACCGCGCCGCAATCTGGTACATGAATTGGGTGGTTCCCCCGACCAGCCCGGCGCCCCCGCCGAGGCCAAGGCCGAGGAGCGTGAGGCCGATGTCGGAAAGGCACATCAGGCCCAGCATGGTGAAGGGGCGTCGGCGTGCCG
CP133659.1_gap109	4288299	4291871	3572	CCGGATCGGCCCGGCGCGGGGTCAGCCCCTCTGCGGCAAGGGCGGACTCCAGTTCCGGCAGCAGCAGCGAGCCTTCCGTGCCGGGCAGCAGCACGGTGCGGGACCGGGCGGAACGCGGCCCGGCGTGGCCCGCCATGCCTTTCGGCGGCAACGCCAGCGCGGGGGCCATGCGCACGGCCCGCGCCGCGCCCAGCAGCGGCCCCCAGAATGTGGGGAACAGCCGTTCCGCCTCGCGGTAGACCACCACCAGCGCACGGGCAAGACGGTCGGGCGGAAAATCATCCGGCGCGGCCAGCGTCCACCCGACGGGGATGGCCGCGCGCCATGTGCCGCGCGTGGCCTCTTCCATATGATGGATGAACGCCGGGCATTCGATGACGTGTACGGCCGGGGCGCTGTGCTTGCCGCTACGCGCATCCGTTTTCCGCAGCCCCGCCAGTGCTCCCTCCAACGCCCGCCGAGCCGTGGCCGGGTTCGGCCCCGGGCCCAGCACCACCACTTCGGCGGGGGCGTCGGCCCCCTGCCCGCGCGGGGGTAGCATGTCGAAGGTGGCGGGCAGGATACCGTCCGGCAGGATTCTGTCCGGCAGGGTGCCGTCAGGCAGAACTCTGTCCGGCAGGGTGCCGTCCGGTCCCGCCTTGCCAGGTGCAACGTCGTCAGGCCTCGCCTCATCGGGCAGGGTCCGGAACTGGCCCAGTTCGTTGGGAATGCGCAGGCGGACGGGGCGGGTCATGAGAGTCCTTGGCGGGCGGAGGGCTTTCGGGTACAAGCGGCCACGGGTGACCACATGAAAACATACCGAGACCACTATTTTCTGAAGGCCAAGCAGGAAAACTATCCCGCGCGGTCCATCTACAAGCTGAAGGAAATCGACAATCGCTTCAAGCTGTTTCGCCAGGGCATGAAGGTGCTGGACCCGGGGGCTGCCCCCGGCTCGTGGTCGCTTGGCGCGGCAGAGCGGGTGGGGGCAAAGGGGCGGGTGCTGGCCTGCGACCTGCAAACCACCGACACCCAGTTTCCGCCCAACGTCACCTTCATGCAAGAGGACGTGTTCAACCCCTCCGAGGCCTTCGAGGACGCGCTGGCGGCCATGGGGCCGTTCCATGTCGTGATCAGCGACATGGCCCCTCGCACCACGGGCACCAGGTTCACCGACCAGGCCCGTTCGCTGGAATTGTGCATCGAGGCCCTTGCGGTGGCGGACCATTGCCTGATAAAGGGCGGCAGTTTCGTGGTCAAGATTTTCATGGGGCCGGACGTCAAGCAGTTGCTTGATGCGCTGCGGGCCCGCTTCGAGACCGTGAAGACCTTCAAGCCCAAAAGCTCGCGGGTCGAAAGCAAGGAAACATTCTACGTCTGCCTCGGGTACCGGGGCGACGGACAGCAGGACTGACGCACGGCGCCGATGGCGCGAGCCCGGCAGGCATGACGCCCGCCGGGGCCGCGCCGTGGCGTTTCCGCACACATCTCTTTCGCAGTCATTTCTTTCAGGAGGACGCATGGCCGGACATAGCAAATGGGCCAACATCCAGCACCGCAAGGGGCGTCAGGACGCCAAGCGCGGCAAGCTGTTCACCAAGGCCGCCAAGGAAATCATCATCGCCGCCAAGGGCGGTGGCGACCCGGCCAGCAACGCCCGCCTGCGCGCCGCCATTGCCGCCGCAAAGGCCGTGAACCTGCCCAAGGACAAGATCGACAACGCCATCAAGAAGGGCACCGGCGAACTGGCGGGCGGCGACATCCTTGAAATTTCCTACGAAGGGTACGGCCCCGGCGGCGTGGCCCTGATCGTGGAAGCGGCCACCGACAACCGCAACCGCACCGTGGCCGAAGTGCGCCACATTCTTTCCAAGCACGGAGGCTCCATGGGCGAAGCCGGGTGCGTGGGCTGGATGTTCGAGCGCAAGGGCGTGATCACCCTGGACGGCGGCAAGTACACCGAGGACCAGGTGATGGAAGCCGCGCTGGAAGCGGGCGCCGACGACGTGCGCGACGAGGGCGGCACCTGGGAAATCCACACTGCCGTGTCCGACTTTGCCGCCGTGCGCGATGCGCTGGAAGCCGCGGGCATGGAAATGGATTCCGCCGAACTGTCCATGATTCCCCAGAACACGGTGGAAGTGGACGCGGAAACCGGCCGCAAGCTGATGCGCTTGGTGGACGCCCTGGAAGACAACGACGACGTGCAGAACGTGCACGCCAACTTCGACCTGCCCGACGAAGTGCTGGCCGAACTGGAATAGCCGACATGCCCCGCCCCGGAGCCCGCCTTGCGCGGGCTCCGGCGTTTCCGGCGCCCAGGTGACGCCCCTGCGGCAGGTCTGGTGCGGGTAGGCCGGTCTGGTGCCGATCCGCAGGTCGGGCGCCAGCGCACCCGTGACGCACGCGACGACCGTGGCGCCAGCGTTTCGCGCAATTGTCCGAATATCCGCATCCGCCGCATTGCGGCATCACCCTGCATTCCCGGCACCCGCCGGAGGCCCCATGCCCCCCCGCAAGCCCGCATCGCCCCAGGCGGCAACGTCCTTCAGCCCGGTGTCAGTCACCAGTGGCGCCACCAGTGGCGCCACCGGCGGCGTCACCGTCATCGGCATCGACCCCGGCTCGCAGTGCACCGGCTGGGGGGTGGTGCGCGAGGCGTCGGGCGTGCTCACCCTGGTGGACTGCGGGGCCATCCGGCCCAAGGGCGACGATTTCGCCGCGCGCCTGGGCCACCTGTTCCGCGAACTGCACGCCCTGGTGGGTCGGTACGCGCCGGACGAGGCCGCCATCGAGAACGTGCATGCCGCCCGCAACGTGGCCACCGCCCTCAAACTGGGGCAGGCGCGCGGGGTGGCCGTGGCCGCCTGCGCCGCGCACGGGGTGGTGGTGGCCGACTACCAGCCCACGGAAATCAAGAAGGCCCTGGTGGGCACCGGCGGGGCGGACAAGGAGCAGGTGAGCTTCATGGTGGCCCGGGTGCTGGGCGCCAAGGGCGGCTGGGGGCTGGACACCGGCGATGCGCTGGCCGCAGCCGTGTGCCATCTGAATGCCCGGCGACTGTCCCGGTTGGCGAAGCTGGGCTGACGGGCCTTGCCCGGTTGCCGCTTTCGTGCGTGGGCCTGTCCCGTATGGGCCTGTTCGGCGCGAAGGGGGAAGGGCGGACGGCAGGGGACATCCGCGCCATGCGGGCACCGTGACGGGGTGGCTGAAGACATGGCCCCGAAGGCATGGTGCCCCGACAAAAAGGCCGTCCGGCATTACCGGGCGGCCCTGTTTGTTCAAGGGAACGGAAGCAGCGTGGTCAGGCAGCGTGGACAGGCGGGGTGGACGGGCAGCGCGAGGGACATGTGCGCGGCACTGGGGTGCCGTCACGGACCTCGGCCCCGCTCCTTGTGTCCGCTCCCAGGTGGGGCCTGACTTGCCCCTAGCCCGCGCCAGGGCTTCCGTCACCGTTCCCCGGCTCACCCATGACAGCGCACTACGGCGGCGCGTCTCCGCCCGCCAGGCTATCGTCCGGCACCTGCGTGGCCCGCACCGTGCGGTTGCGGCCGCAGCGCTTGGCCATGTACAGCGCGGCGTCCGCCTCGTGC
CP133659.1_gap110	4297801	4298301	500	TGCACAACCTGGTGCTGAAAGCCAAGCTGCTGAACCGCCAGATTTCCATGGAGATGGCCTGGGAAGTACTTGGCCACTATGCCCAGCAGGAAGTGGTCATGGACTTCGAGGGCATCGTGCGCAAGGTGTGCGAAGGCTTCGGCATTTCGCCCAAGCAGCTCAATTCGCGCAGCCGCAAGCGTGAATACGTGGTTGCCCGCAACTCCGTGTTCTACCTGGCCCGCAAGCACACCGACCTTTCGCTGAAGGAAATCGGCGACCGGTTCAGCCGCCGCCATTCCACGGTGCTGAAGGGCATCACCTCCATCGAGCGCGAAATGAGCCGCGAAACGCCGTTGGGCCGTCAGGTCACCAACACGCTGTCGCTCATCGAACGCAACGGTCGAATTACCTACCCCTAGCCATGGGGGGTGCCGCCGCGTACGCGGTCGGCAAGGCGCATGCCATGACGGCGGCGCGGACCTCCCCGGTCCGCGCCGCCTTTTTGTTTTGGCCCGAAT
