gap_id	start	end	length	sequence
CP144380.1_gap1	98155	98814	659	CCGTTCACCGTCTCGACCGCCGTCGACACCGCCGTCACGGCCGAGGCCGTGTCGGAGGCCGTGAAGGAGGTGGAGCGGTATCACCGCGACGGTCCCACCGACGACGAGGTGCGGTCGGCCCGCGACTACATCGCCGGGGTCTTCCCTCTCCGGCTCGAAACCACCGGCAGGGTGGCCGGGCGGGTGTCGGAGTTGTTCGTGCACGAGCTGCCCGACGACGACTGGACCGAGCTCCGCGAGCGGATTCGGGGGGTGGAGCGTGCGGCCGCCCACACGGCGATCCGTCGCCACGTGCATCCCGAGCGCCTCACGGTCGTGGTGGTCGGCGATGCCGACGCGGTGTCCGGCGATCTCGAGGCCCTCGACCTCGGGCCGGTGACGGTGCACGACCGATAGGATCGATCGGGCAACCCGATCGGGCCGCCCCGCATCCAACCTTCCAACGAATTCAGGACGGACATGCAGATTCCCGACGACGTGGGCCGGATCGACCGTCGGCCGGTCTATCGCGGTCGCGTGGTGGACCTGTCGGTCGACACCGTGCGGTTTCCGGACGGGTCGGTCGGCGAGCTGGAGTTCATGGCGCACGCGGGTGCCTCGTGCGTGCTGCCGGTGGTGGGCTCGGTGGAGGAGGCCGATCCCGACATCCTGCTGATTCG
CP144380.1_gap2	112872	114442	1570	ACCAGCGCCGGGTCTCGTGCGAGAGCGAACGCGCGGACACGCTGCCAGTGGCCGCCACGATGGGGATCGTGCCCGTGTCCGGGCGCCGGCGCAGGATCCGTGCGGCGTCCACTCCGCTCATGCCCGGCATGACCAGATCGGTGAGGATCACGTCGGGGTGCTCGCCCGTGGCTCTCTGGAGTCCATCTTCCGCATTCGACGCTTCGAGCACTTCGAACCCCGCCGACTCCAGCACGAGGCGAAAGATCGCGCGCGTCTCGGGGTAGTCCTCCACGAGGAGAACTTTCGGAGTGGATTCGACGGCCACGGGCCTGCGGGGTGCGAGGGGCTCGGAAGACGGACGGATCATCACACTATTGCGAGTCGGCGGAGCAGGACAACCGGGGTCGGCCTCGCGGAACGCATCGGTTGGAACCGCGCTGCTTCATTCAATATCCGTACGCAACCCCCGTGCCAGCGGTCGCGCCGGGGCGCCCCGCTCCGGACGGGGTACTCGTTCGACCCGTTCGTTGCAGCCTGCACGCCCGTCGTGCAGGTCGGACGAATCGGGGGGGGCGTCCGGGGTCCGGGACCGGGGTCGGGGAGGGGCGATTCGTCCGGTTTGGCGCGTCATGAAGCCGCATGTGGCGTTTCGGCACGGCGATTGCGTTGGAGGGAGGGCGTTCGCAGCAACGCACCCAACAACGGAGTTCGATACCATGCTCGGTCTCGCCGTCACCTTCCTGATCGTCGCCCTCATCGCCGCCGTGTTGGGATTCGGTGGAATTGCGGGCACCGCCGCGGGACTCGCCAAGCTCGCCTTCTTCGTATTCGTCGTGCTGGCCGTGCTCGCCTTCATCTTCTGACGGCGCCGCGCACACACCTCGAAGACGGCCGAACTCCGAAACAATCAGGAGCACGACCATGAATCGCAACGAGATTGCAGGACAGTGGAAGCAGCTGAAGGGCCGCGCCCGCGAGAAGTGGGGCGAGCTCACCGACGACGACCTCGACAAGATCGATGGCCGCCGGGAGCGCCTCGTCGGCGTGCTGCAGGAGCGCTACGGCAAGACGGAGCAGGAGGCCTCGAAGGAGGCCGACGACTTCTTCGATTCGCTCGAGAAGGCGTCGACGAGCTGACGTCGCCGACTCTTCGGCAAGGACGACGGGGGGCGGGGCCATGGCGGCTCCGCCCCCCGTCGATCGTTCTCGGCGGGTCGTCCAGGACTCGGTCGCTACCGACCGAAACCGAGCAGGCCATCGGGGATCGGGTTGTCGGCCGTCTCCGCCGACCAGAAGATCGTGACCACCCACCAGCGCGCGCCGTCGTGCAGGAGCTGGAAGGAGTTGACCCCGCGCCGGAAGGGAGCGGCGTCGTCGGCCGTCCGAAGCGACTCGTAGGCGCTCATGAGGTGCACCACCGGGCCGTATCGCTCCACCACGCGGCCGATCTCGTTCTCGAAGAATCCGGGGCCCTCGAGTGCGGGGCCGACCACCTGGATGTACTCCTCGGTGGTCATCACCCGGTGCCCGACGGAGCCGTCGGGTGCGGCGCCGGTGGGAATCAGGCGCGCGCCCGGAATCATGAGAC
CP144380.1_gap3	124191	127388	3197	TGCGGAGTCTGGTGCCCTCGTCGGTGCAGCTCGAGTGGCAGTTCGCCCCCGACCTGGGCAATGCGCGGCTGGACCGGAGCCAGTTGGAGCAGATCGTGGTGAACCTGGTGGTGAACGCGGTCCATGCGATGCCCGAAGGGGGCACGCTCACCATCCGGACGGCCAACACCGTCTTCGAGGAGCGATATGCCGACCGGCACGCCGACGTGGCGCCCGGGGCCTACACCGTGCTCGAGGTGGCCGACACCGGCATCGGGATGGATCACGAGGTGATGGACCGCATTTTCGAGCCCTTCTTCACCACCCGACCGGCCGGCGAAGGCACGGGGCTCGGTCTCGCGTCGGTGCACGGCGTGGTGCGACAGAGCGGGGGGGCGATCTGGGTGTACTCCGAGCCGGGCCTGGGCACCACCTTCAAGCTCTGCTTCCCGAGGGTGGCCGAGGCCGCCGAGCGGGTGGCCGAGGTCGCACACCGCGGGTCCCTCCGCGGCTCGGAGCGCGTGCTGGTGGTCGACGACGACGAGGCGGTGCGCCGCGCCGTGGTGCGTGCGCTCGCCTCGGCGGGCTACCGGGTGGAGAGCGCCGAGAACGGTCGCGCCGCACTGGAGGTGATCGCATCGTCGGCGGAGGCGTTCGATCTCCTGCTCACCGACGTCGTCATGCCGGAACTGGGGGCGCGCGGGCTGGTCGAGCAGGCGCGGGCCTGGTACCCCGACCTCCGCGTGATCCAGATGTCGGGGTATGCGGGCGATGCGGTGGCGCGCGTGGGTCTCGAAGAGGGGAGCGGAGGGATCCTCGCCAAACCCTTCACCATGGCCGAACTGCATCGACGCGTACGCGACACCCTCGACGCCGCGCCCGCGCACGCGGGGGTCCGGTAGCGGCGAGGGGACCCCTCGAGGCTCGGGGCGACTATACGGATCAGGCGCATCGCCTACCTTTGGTGTGCCCGGATACGCCCGGCTCCCCACAACGTCGCTGGCTGGCCATGATCGAATCGACCCACCCGTCCGTCCGTCGATCCGCTTCGTCGGTATCGCTCCTCCTGGTCGCGTTGCTGGGCTGCTCCTCGACGAGCACCACCCCGCCGCCCGGCCGCGGGGCGCGCCCCGCACCCCCGGCCACCGCACCGGGCGGGGGGGCGCCTCCGGCCCCGCCGGTGCGCACCGACACCGAGCCCGGTCCCGTTCCCGCCGCCGGCGCACCGCTGGTGCGGCCCGCCGCCCCCGCCCCCTTCGGGGTCGATCTCGACACGGTGCGGGCAGGCGAGTTCGATCAGGGGCGGATGTGGACCTTCGACGTGCCGCCCGCCGAGCACTTCGCGAGCAGCTACGGGATCGACGCCGACAGCGCCTGGTTCGCGCGGGCGCGGCTGGGCGCCCTCCGGATCCCCTCCTGTTCGGCGAGCTTCGTGTCGCCCCACGGACTGGTGATGACGAACCACCACTGCGCCCGGGACTTCGTGTCGCAGGTGAGCGAGGAGGGCGAGAACCTGCTCGACGACGGCTTCTACGCGCGCTCGCTCGCCGAGGAGCGCCCGGTGGAGGACTTCGAGGCCGACCAGCTCGTGGCGATCGTCGACGTCACCGCCGAGATCGACGACGCGGTGGGCAACCGCCGGGGGGGAGAGCGTTCCGCCCGCATCGAGGAGAAGAGCGAGGAGATCGTCGAGCGCCTGCTCGAGGAGCGCGGGGGCGAGGACGCCGGATACAAGGTCGAGATCGTGTCGCTGTACAATGGCGGGCGCCACTCGGCGTACGTGTTCCGGAGCTACACCGACGTCAAGCTGGTGATGGCGCCCGAACTCCAGATCGGCTTCTTCGGGGGGGACCCCGACAACTTCACCTACCCGCGCTACAACCTGGATTTCGCCTTCTTCCGGGTGTACGACGGCGATGCGCCGCTGCAGACCGACGAGTACTTCCCCCTGTCGACGGAGGGCGTCAGCGAGGGTGACCCGGTGTTCATCGTGGGCAACCCCGGCTCGACTTCGCGGCTGCAGACGGTGGCGGAGCTGGTCTTCCGGCGCGACGTGTCCGACCGGGCGGTCCTCACCTTTCTCGAAGACCGAGCCGAGGTGTTCGAGGAGTACATCGAGTCCTGGCCCGACGATGCCGAGGAGTACGACCTGCGCAACGTGCTCTTCGGAATCCTCAACTCGCAGAAAGCCTACACCGGCCAGCTGGAGGGACTGGCGGACCCGGTGATCCTGGCGCGTCGGACCGACACCGAGCAGGCCTTCCAGGCCGCGATCGAGGCCGACCCCATGCTGGCGGAGGAGTACGGTTCGCTGATCGCCGAGATGGCCGAGATCCAGGCGTCGAAGCGGGCGGCGTCCGACGGCTTCGGTGCCTTCCTCGCCCTGTCTGTCGACGACTACGCGTCGCCCACGCTCCACCGCGCCCTGATCGCCTTCCAGATCGTCAACATGCGGCAGCAGGGTGCTCCGGAGACGGCCACCGCCGACCTGATGGAGCAGTTGATGGCGGTCACGAACAAGCCGACCACCCTCGACCAGATGCTGGTGGAGGCCCGCATCCGCGACTTCATCTCGGCCTACGGCGAAGACACCCGCTGGCTTCTCACCCTGCTCGGCGGGCGCACCCCGGAGGGTGCCGCGGCGGTCGTGGTCGAGGGGTCGATGCTCGCCGACTCCGCCTCGGCGGTGGAGGCGGTGCGCACCGGCACGCTCGACGTGAACGATCCGGCCATGCGCTTCGTGGGCGCCTACGTGCCGGCCTTCGTGCGCTTCCAGCAGGTGGTCGGAGAGGCCGGGCAGCGCGAGAGCGAGATCGCCGCCCGGCTCGGCCGGGCCCGCTACGCGGTGTACGGCACCGATGTGCCGCCCGACGCCACCTTCTCCCTTCGCATCGCCGACGGGGTGGTGCAGGGGTATCCGTACAACGGCACCCGGGCGCCCTCCGTCACCACCTTCTTCGGCATGTACGACCGGCACCACGCCTTCGCCCCCGAGTACGCGGAGTCCCCCGAAGACTCTCCGTGGGCGCTGCCCGACCGCTGGGCCACGCCGCCGAGCGGGCTCGACCTCTCCACTCCGGTCAACTTCGTGTCGACGGTCGACATCATCGGAGGCAACTCCGGCTCTCCGGTGCTGAACGCCGATCTCGAAGTGGTGGGCGTGGTCTTCGACGGCAACATCGAGAGTCTGCCCGGCGACTACATCTTCCTGCCCGAGT
CP144380.1_gap4	157637	159010	1373	AGTTCTCCGCAGCCGACACGAGCCGGGCGATCGCTCGTGGGTCGCGGTCGCGCGCCGCCTCCAGGTCCGCCGCCGAGGCGTTGCGGCCCACCGCGAAATCGGAGCGCCGGAGCAGGTCGTCGATCATGCCCTGGAGTCCCATGGCACGACCGTCGTCGGGCGAGTAGATGCGCTCGATGCCGTACGCCTCCAGGTCGGCGATCTCGTCGGGCAGGATCACCCCGCCGCCGCCCGCGAAGATGCGGATCTCGCCTCGTCCGGCCTCCTGCAGCCGGTCGTACATGTACTTCAGATACTCGACGTGGCCGCCCTGGTACGACGTCATCGCGATGGCGTTGGCGTCTTCCTGGATCGCGCAGTTGACCACCTCGTCGACCGAGCGGTCGTGGCCCAGGTGGATCACCTCCGCTCCGCTCGCCTGAATGATGCGGCGCATCACGTTGATGGCGGCATCGTGCCCGTCGAAGAGCGAGGCCGCCGTGACCACCCGGATCGGGTGCTCGGGACGGTAGGGCTCGGGGGTGGCGGGCGGCCGCTTCTCGGCGGGCTGCGGAGGCGTGGCGTTCGCGGTCGTCATCGAGACTCCGAGGTTGATATCATAGGCTTGAAGGAATCTAGTGGACTCACGCGGAAGTCGCGATGCCGACGGGTCGGCTCAGCCCGTCTCGACCACCGGAGGCGCACGCCGAAACAGGAACACCGAGGGCGCCGCCTGCTCGAGGGTCCAGTTCCAGTGGGACTCGATCCAGGCGAAGGTCTCGGGGCGGAAGAAGGTGACGTGGGTGGGGTCGCGCACGTACCACCAGTCGGCGAAGTCGGTGTCGTCGAGCAGGGGCTGGGTCATCACGGCGAGGATCCCGCCGGGACGAAGCAGTCGGAAGAGACGTTCGAACTCGAATCCCGGTTCGAAGAAGTGCTCGACCGTCTCGGTGCAGGTCACGAAGTCCCAGGTGCGCTCGAGCGGGGCGGGGTCGGGGGCGAAGAAGGGGTCCCAGATCGCTGTGGGGAAGCCACGTTCTTCAAGCATGATCGACAGCGTCGGGCCGGGCCCGGAGCCGTAGTCCAGGCCCTCGGCGCCGGCGGGCAGGCGGTCGACGAGCGGTTTCCCGAGACGGTCGAGGAAGGCCCGGTAGCGCGCATCGGCGGGGTCGTTCTCGTGGGTGGCGTAGCGGGCCCGCTCCTCGTCGGCCGCGAGCCGGTCGCGCGGGTCGAGCACGGTCGCGAGGCAGCCGTCACAGCGGCGGTACCGCCGTCCGTGGGCTTCGGCGAAGGGCCGATTCGCCGCCCCGCACAGGGGGCACGACGGGGGCGGGGCGTCGGTCGCCGCGCCGCCCGTCGTCACGGCCCCTGTCCGGTCAGCCGCTCGAGCGCGG
CP144380.1_gap5	244898	247945	3047	TTGGCCGAGGCCATGCGGCGCGAGACGGAGCTCTTCTTCCACGCGCTGGTTCAGGAGGACCGGAGCCTGCTCGAGCTGTACTCGGCCGACTGGACCTTCGTGAACGAGCGCCTCGCCCTGCACTACGGCATCGACGGGGTGGTGGGTGAGGAGTTTCAGCGGGTGCGGTACGACGATGCGCAGCGGCGCGGCCTGTTCGGGCACGGCAGCGTGCTCACGCTCACCTCGCACGCGAACCGCACCTCACCGGTGCTCCGCGGGAAGTGGGTGATGGAGGTGCTCATGGGCACGCCCCCGCCTCCGCCCCCGCCCGGAGTCCCCGATCTCGACGAGACGGACGCCTCGATGGACGGGCAGATGCTCACCACCCGCGAGCGGATGGAGATGCATCGCGCCAACCCGCAGTGCTCGTCGTGCCACGAGTTCATCGATCCGATCGGCCTCGCGCTCGACAACTACGACGTGACGGGCCGGTGGCGGATCAAGGAGTTCGGGCAGGAGCTCGACACTCGAGGAGAGATGTACGACGGCACGCCGGTCACGAGCCCGGCGGATCTGAGGCAGGCGCTGCTCGCCCGCCCGGTTCCGCTCGTGCGCACCTTCACCGAAAACCTGATGGCCTACGCGATCGGTCGGCGGATCGAGGCCGAGGACCAGCCCTGGGTGCGGGCGATCGCGGGACGGGCCCGAAGCGAAGACTACCGGATGTCGGCCTTCATCAAGGGTGTGGTGGAGAGCCCGGCCTTCCGGATGCAGACAGCGACGACAGTGGACGCGAACCAGTGAGGAGACCCCCATGCATCTGATCGGTCGACACATCCCCCGACGCACCTTCCTCCAGGGGATGGGCGCCGCGGTCGCGCTCCCCTTCCTCGACGCCATGCGGCCCGCGGGAGCGCTGCGCGCGCTCGAGCGCGGCGCCGCCACCGACCCGACCCGGCTCGTGGCCATCGAGATGGTGCACGGCTCGGCGGGCTCGAACGAGCTCGGCGCCACGCTCAACCTCTGGTCGCCTGCCGCCACCGGACGCGACTTCGACCTGGCACCGAGTTCGCTGCGGGCGCTGGAGGCGTACCGCCACCGCATGAACATCTACAGCAACACCGACGTGCGGATGGCCGAGGCGATGTCGGCCGAGGAGATCGGGGGCGACCATTTCCGGTCGAGCGCCGTCTTCCTCACGCAGGCGCATCCGAAGCAGACCGAGGGGTCCGACGTGCTGGTGGGGCCCTCGCTCGACCAGCTCTATGCGCAGCGGTTCGGACAGGAGACCCCGATTCCGTCGATGCAGCTGTGCATCGAGAACATCGATCAGTCGGGCGGCTGTGCCTACGGCTACACCTGCGTGTACACCGACTCCATTTCCTGGGCGTCGGAGACGGAGCCGCTGCCGGTGATCCGCGATCCCCGGGTGGTGTTCGAGCAGCTGTTCGGGGCCGGCTCCACCGCCGAAGAGAGGGCGTCGCGACTCCGGGCCGATCGCTCGATCCTCGACTGGATCACCGGCCGCATCTCCGAGGTGCGCAGTCAGCTCGGAGGCGCCGACCGCCAGCGGCTCGAGCGCTACCTCGAAAACGTGCGCGAGGTGGAGCGCCGCATCCAGCGGATCGAGGCCTACAACACGAGCGGTGAGGAGCGGGCGCTGCCGATGGCCCCGGCCGGAGTGCCCGACTCCTTCCGCGAGCATGTGGAGCTGATGTTCGACCTGCAGGCGCTCGCCTTCCAGTCGGACATGACCCGGGTGTTCTCCTTCAAGATGGGCCGCGACTCGTCGGCACGGGTGTATCCGGAGAGCGGGTCGGAGCGGCCCTTCCACCCGGCGTCGCACCACGGGGGCCGGGAGGACGCGGTGCTGGAGTTCGCCAAGATCAACAGCTACCACGTGAGCATGCTGCCCTACTTCCTGAAGAAGCTCGAGGAGATCTCGGAGGGCGACGAGACCATGCTCGACAAGACGATGATCATCTACGGATCGCCGATGGGCGACTCCAATCTGCACAACCACAAGCGCTGCCCGCTGATCGTGATGGGCGGCGCGAACGGCAGTCTCGACACCGGCTACCATCACAGCTACGCCGACGGCACCCCCATGGCCAACGTGATGCTCTCGCTCATGCACAACCTGGGCATGGACGACCTGCAGTCGTTCGGCGACAGCACCGGGGTGGAGGCCATTTGAGCCGGGTGGCCGGGACCGCCGCCCTGCTGGCGGCGACCGTGCTCGCCTCGGGCGCGGTCGGCACGGACGCGCTGCGAGCCCAGACCTTCGCCTCGGCGGAGACGGGCGCGGTGCGGGGCGATGGATCCACCGAGCTGCACGACGCCGCCGAGGCGGGTGATGTCGAGCGCACGAAGGCGCTGATCGCCTCGGGCGCCGACCTCGAGGCCACCACCCGGATCGGGGCCTACACCCCGCTGCATCTGGCCGCCGCGGCCGGGCGGGCGGGCACGGTGCAGGCGCTGCTCGACGCCGGGGCCAACCCGCACGCGACCACCGAGACGGGCGATGTGGTGGCGCTTCACTTCGCCGCCGCGGCCGGTAGCGTCGAGGCGGTCGAGGCGTTGATCGCGGCGGGTGCCGATGTGGACGCCCTCGAGTCGGAGCGCGGGCAGACGCCGCTCATCTTCGCGATCTCGCGCAACCGCCTGGGTGCGATCGAGGCTCTGATCGCGGCCGGTGCGGACGTCGAGGCGGCCACCTTCGTGGTGTCGATTCCGGAGATGCAGTCGGTGTCTTCGCGCGCCTCGTCGGTCCGGGCGCAGGTGCTCGACTCCCTGGCCGCGGCCGAGGGCGTCGACCCGGTCAACTTCCGCCCCACCCCCGAGCAGGTGGAGCTCGCCGTGCGGCGGGCCAACGAGGTGGAGCCGGCGGCGCGCATCGCCCCCGCCGACGTGGCCGACTACCACGCCGATCCCGATGTGGGTGACGGCGGCGGATCGAGCTACGGGGCACTCGTGGGGCGGCAGGGGGGACTCACCCCGCTGCTCCACGCCGCGCGCGAGGGCCGCGTGGAGGCGGTCGAGGCGCTGCTTCGCGCCGGGGCGGA
CP144380.1_gap6	249532	253739	4207	GTCGAGTTGGCGCCCTCGCTTTCTTCGCCCTGTCGTTCGTTTCCTGCGGCGAGCGCTCAGCACCTGAGCGGACCGCGGGCAACAGTGACGGCGCGGGCCACACCGAGGCTCCGGGCGCCCTGCGCTTCGACAGTTCGGGTGTCGAGATCGTCGTCTCCCGGAACGTTGTCGCGCTCGAGGACGTCGGGTGGCGAATCAGCAGCCGCCCGTCTGTCGTCATCGGTGCGGCCAATACCTCCTCAGGCGAGTTGTACAGAGTTTCGGGGGCAAAGGTCTCGACGTCTGACGATCACGTCCTGATCGCCGACGGCGGCCGTCGGCAGGTCGTTGCGTTCGATTTCGGCGGATATGAACGGCGAAGCTTCGGCGGACGGGGCCGAGGCCCCGGCGAGTTCGAAGAGATCGCTCTCGTTCCCGCACCTGGCTCGGACTCTCTCGTGGCGTGGGATTCTCGCCTGCGGCGGCTTCACCTCGTGTCCGAGGACCTTGGCGACGCGCGGACTCTGGTCCCCGAAGGCCGACCGCCTGCACGCCCTCCGCTCGGCTTTACCGGGGGACACCTTCTCGTTGAGAACATGCTGATCACTCCGTTCAAGGACGGAGCCAACGCGTTCCCTCAGGTGTTCTCGTGGTTCGAGCCCGAGTCCGGCCGCAAGGTGGATATCCTGAGCGTCTCACTCGAGACCATGTACTCGGTGTCTCCGCGTGGTGGGGGGCCTCGCACGAGCGGCGTGATCCCCTTCGTACCTCGGCCGGCAGCTGCCGTAGGGATCGGCGAGGCGTTCTTCATTCGGGACGAGAAGCCGGAGGTTGCCGTCATCGATCTCGCGGGCAGGACCCAACGCATCCTGCGGGTTCCGGGCTACGAGGGCCCGGAGGTCACCGACGAGATGGTCGCCGAACATCGTCGCCACGAGTATGGCGATTCCTGGAACTCTGCCGTCGTCGACCAGCTCTACGAAGCGATGACGCCCCCTTCTCGAGCGCCGGCCTTCGACGCCGTCGTCTTTGATCTGACCGGTCGAGTCTGGGTCCGCACCGTCCCGGTCGAGGTCGAGCCCGCAGATTCAGGGGGCGGGGGCATCCCCTGGCTCGTGTTCGACGAGTCTGGAGAAGTCCTGGGTCAGATCTTGATCCCGTCGGGACTCGAGGTGACCGAGATCGGAGAATCCCACGTCCTTGGAGTCGTCGTCGACGATTTTGGAGTGGAAAGGGTCGTGAGCTACGACCTGGAGCGAGCTGGGGAGGCCTCGCCCTGAAGGGCCCGCTCGAAGGCCGCCGCCCGCTCCGGGCGGTCGTCGAGGTAGAACGACGGCTCGATCAGCTCGATCTCGGTCACGAGCCATTCGCCGTCGTCGGGGAGCAGGTCGATGCGCGCGTACAGGGGCGGTGAGGCGTTCGGGCCGACGAAGGCGGTGAGCGCCTCGCGTGCCAGTCCCGCGACCGTCGGGTCGTTCGGGGTGGCGTCGGTTCGACCGCCCCATCGCTCCTGCACGCGAAACTCGTCCGGGCCGGGGCGCTTCGACACGGTGTGTGACAGCTCGCCGCCGAAGAGAAGCACCGAACGCTCTCCCGCCGTCGTCACCGCAGGCAGGTAGGGCTGGATCAGCCACCCGGCCGAGCACGCTGGCAGTTGGGGGATGGGACTCCCGGCAGCGATCCGCACCACCCCGACCCCGTCGACCCCCACGCAGGGCTTCATCACCACTTCTCGCCAGCCCTCGTCGGTCATCGCGTCGCGGATGGGGCCGGGCTCGGTGGACTCCACCCACCGCGACGGCACGGTGGCCACGCCGGCTTCGGCGAGCGCCAACAGGTAGCGCTTGTCGATGTTGCGGAGAACGAGATCGGGTGGATTGTGCAGCCGGGTGTGCTCGGCTGCCGCCCGCGTCCACGCCAGGAAGTCGTCGAGGCGATCGGGGTAGTCCCAGGTGCTGCGGATCACCGTGATCGGAGCCTCGCTCCAGTCCACTTCGGGATCCGACCAGATCGCGACGTCCACCGTCCACCCCGCCGCCGCGAGGTGCTCGGCCAGGAAGCGGGTCTCGGCGTCGCCGTCGGGCAGGGAGGCCCCGGTGACGAGGCGGACGCGAAGATTGGTGGGCATGGCGAACCGGGTGGATGCGATGATGGGAGAGCCTATCCAACCACCGAGGGCGCGGCAACGAATCCCGGGTACGTCGCGGGGGCGATGATCTCGGGGCGGCCACGGTTGGCGTGCCGGTCACCCCTCGACTAAGGTTGGCTGGCATGGAGCGGCCGGACGGGCTGCTCGTTGACTCCCAGGGAGCAGCGCATGCCGACCGCCCTTCTCCTGACGGCGTGGGTCGCCGCCTCCTCGATCTGCCCACCCTGCGACATCCACATCGACGAGCCGATCACGCTCGGCTCCCTCGATGACGAGGTGGGACTGCACGTCGCCGTGTCTCACCGCCCGCTGGTGACCGGCGACGGCCACCTGCTGGCGATCGGTGAGCATGGGCGGTCCATCGTCGAGTACGACGACACCGGAGGGTTCGTCCGCAGCATCGGACGAATGGGGCAGGGGCCGGGTGAACTGAGCGAGGTCGTCGAGATCGGGTTGTACGGGGACTCGCTCGTGGTGTTCGATCCGGCGAATGCCCGCCTGACCCTGCTCACGCGCTCGGGCGACTACCTCCGCTCGTTTCCCATCTCGATGCGCCCCTATCGCGTGAAGCCCGCCGGCACCGGCCGATTCCTCGTTTCGGCGCACCGGTATGCGGCCTCCGCGCTCGCGGAAGTCGTGGATCTCGCGCGCGAAGAGATCGTGCCCTTCGGGCCTGCGATCACGCCGGTGGAAGGACGCCCCTCCATGGGGCAACGCATCATCGCGGCGGGCAGCGGTCGGTTCTGGTCGGCGCGGCCGGATCGGTACGAGGTGGAGGCGAGAGACTCGGGCGGCCGACTCCTGCACACCATCGACCGGGAGGTGGAGTGGTTTCCGGATCGCGGCGTAGAGGGGGCCGTCGACTTCCGGGAAGTGCTGCCGAACCCCTGGGTGCAGGATCTGCACGTCGACGAAGAGGGCCGCCTGTGGACCATGGTGCGAACCGCGGATCCTGCCTACCGACCTTCCGGCGAGTCGTTGTCATACCTCGAGTGGGATCGGGTCTACGATACGATCGTCGAGGTGTTCGAGCCGTCGGGTGAGCTTCTCTCGAGCCGCCGGTTCCCCTGGTATGGACTGGGCTTCGCCAGCGACGGGTCTCTCGTATCGCAACGGCGGGGGCCGTTCGATCTCCGTCAGGTGGATGTCTGGCCCGTCCGGCTCGAAACGTCGGCGGAGTTGGGGCGGCGATAGACCTCGACCTCAGCCCGTACGCTCCACCCCCGGCCGCTCCCGCTCCACCCGCCAGCTCGAGGCCGTCTTGATCGCCGCGCCGGGTCGGCTGACCTGGTCCACGGTGCGGTAGTCGGTGGTCCACACTTCGGGCTCCACCCGGCAGCGCACGTAGCCGCGGCGGGAGTTCTGCCAGTGCAGGTGCGGGTTGTCCGACATGGCCTGCTCCACCCCGCCGCCCATCTCCTGGCCGTCGCCACCCGAGCTGATCGAGGTGCCCACGAATTCGGTGCCGATCACCGGGCGGTCGGGGCGGTCGTATCCGGCCTGCAGGTCGTTCACCCAGTTCGAGTGGATGTCGCCGGTGAGCACGATCGTGCGACCGGGCGCGCGGTCGGCGATGCCGCGGAGCAGGTGGTCGCGGGCATGGGGGTAGCCGCTCCACTGATCCATCGAGGTGACCACCTCGTCACCGACGGCGCGATCGTAGGGCGCCATCATGATCTGCTGCGCGAGCACCTGCCATCTCGCGGAGTCGCTCTGGAGTCCATTCAACAGCCACTGCTCCTGCTCGCGTCCGAGCAGGGTGCGCGACGGGTCGTCCCACGTGCCGCAGGGCACCGGGTCGGAGCCGTCGCCGCAGGCCTGATCGCTGCGGTACTGGCGGGTATCGAGCGTGTGGAAGGTGGCCAGCGAGCCCCATCCGGTGGTGCGGCGAATGGTGAGGTCGGCCCACGCCTCGGGGCGGGGCACCCGCACCGGCTGATTCTCCCACCAGGCCTGATAGGCGGCCTCGCGCCGGCGCCGCATCTGCTCGACGGACTCGAAGGTGTTTTCGCCCACGAGGCCGGCGTAGTTGTTGTCGACTTCGTGGTCGTCCCAGGTGACCACCCAGGGGCAGTGCGC
CP144380.1_gap7	261102	261978	876	TAGTCCGGGTGGACGCGGGGGCGGGCCCCGGTCGAGTCACGCACGCGAGATCGGGGGCGGATCATGGAAGGACTGCTGAAGGACTTCCGCTATGCAGGACGCGGGTTACTGCGCTCTCCGGGGGTGTCGGCGATCGCGGTGGTGGCGCTCGCGCTGGGGGTCGGGCTGACGACGGTGATGTTCTCGATCGTGTACGGCGCGCTTCATCGGGGACTCCCCTTCGACGACGCCGACCGGATCATGCACCTCGAGCGGGCCAACCCCACCGAGGGCATCACCTCGATGGAGGTGCCGATCCACGACTACCTCGACTGGGCGGAGCGCCAGCGTTCGTTCGAGGAACTCGGGGCCTTCTACTCGGGCACGGTCAACATTCGCGGCACCGAACGCCCGGAGCGTTACGACGGCGCCTTCATGACCGCGAACACCCTCGACGTGTTGCGTACCCAGCCCGCCATGGGTCGATGGTTCAGCGACGACGAGGCGCGGCCGGGTGGACCGATGGTGGTGGTGCTCGGGCACCGGGTGTGGCAGGAGCGCTTCGGCGGCGATCCGGGGGTGCTCGGCGAGGCCGTGACGGTGAACGGCCAGACCGGCGAGGTGATCGGGGTGATGCCCGAGGGCTTCGAGTTTCCGGTACTCGAGGAGGTGTGGGTTCCGCTGCAGCTCGACCCCTCGGCGTTCGAGCGGGGCGGCGGCACCTCGCTCGAGGTGTTCGGGCGCCTGGGGGAGGGGGTGGGGCTCGACCAGGCGATGCAGGACCTGACCTCCATCGCCACGCAGCTCGGCCAGGAGCACCCCGAGTCGAACGAAGGGGTGGTGGCCTCGATCCGTCCCTACACCGAGGAGTTCATCGGCGACGAGGAGCGGGGCCTG
CP144380.1_gap8	285465	288180	2715	TCGGTCGCGGGTGAGGCGCTCGGGGCTGCGACCGACCTCGACGAGGTGCTGCGCGACCGCACCGGCGAGAAGGTGGCGGTCACCGTCGTCCGCGACGGCGCGGAACGGGAGGTGGAGCTGCTCGCCGCCTCGGCCGGCGCCGAGCGCCAGATGGTATATCGCGACTGGGTGGAGTCGCGGAGGGCCTACGTCGACGAGCTCAGCGACGGCCGGCTGGGCTACGTGCACATCGCCTCGATGTCGGAGGGGGCGCTCGAGCAGTTCATCTTCGACCTCGACCAGGAGAATCACGCGCGGGACGGCGTGGTGGTCGACGTGCGAAACAACAACGGGGGCTTCGTGAACGTGTACGCGATCGACATCCTCGCGCGTCGCAACTACTTCACGATGCAGGGGCGGGGCAGTTCGGTGGTGGCGCCGTCGCGGGTGCAGCTCGGCCAGCGGGCCCTGCTCGCCCCCACGGTACTCGTGACGAACCAGAACACCCTCTCCGACGGCGAGGACTTCACCGAGGGATACCGCACCCTCGGCCTCGGGTCGGTGGTGGGGGAGCCCACCGCCGGATGGATCATCTTCACCGGCAGTTCCGGCCTCGTCGACGGCACCAGCGTGCGGATGCCCCGCACGATGATCCGCACCCTCGACGGAGAGAACATGGAGCTCGCCCCGCGCCCGGTGGACATCGAAGTCGAGCGCCCGCTCGGCGAATGGTACCAGGGGCGCGACAGCCAGCTCGAGCGGGCGGTGCAGGTGCTGCTGCAGCAGATCGACGCGGGGGGCTGAGGCGGGGGCCGGGCTGCCCGTTGGGCGGTCGAAACGTCACACTCGACCGCTGCGCTTCCGCCACCGAGACCGGGCGGAGCGTTCTCGCTACGCTTCCGCACAGTGGTGGCTCTGGAACCGGACGACTGTTACGGAACGGAGCGAGAACGCTCCGCCGGGTCGCAGCCGGCCGATCGAAGGCGTGGAGTGGCAGGTATTTCCCGCCCGGCGGGCGCCGGCGGCCACCACCACCCTCGCGCCGACCGTTACCATCCCTGCCGCCGCCCCGACCCGGACCCCGGGGCGCCTCGCCCGCCGCGACGACCGCCGTCGGCTCAGCCCCAGCTCAGCGCGCCTCCGGTCTGGTACTCGGTCACCCGCGTCTCGAAGAAGTTCTTCTCCTTGCGCAGGTCGATCACCTCCGACATCCAGGGAAAGGGGTTGGTCGCGGCGGGGAACAGCGGCTCGAGCCCGATCTGGCCGGCCCGCCGATTGCCGATGAACCGCAGGTACTCCTCGCACAGATCGGCGGTCAGCCCGAGCAGCCCCTGGGGCATGGTGTCGCGGGCGTAGGCCGCCTCGAGCTCACACCCTTCGACGAGCATCGCCCGCACCTCGCGCTCGAGTCCGTCGGTCCACAGGTGCGGATTCTCGGCGCGGATCTGGTTGATGACATCCACCCCGAAGTTCAGGTGGATGGACTCGTCGCGGAGGATGTACTGATACTGCTGCGCGATCCCCACCATCTTGTTGCGGCGTCCGAGCGAGAGGATCTGAGCGAACCCCGTGTAGAACCAGATGCCCTCGAACACCACGTAGAAGGCGATCAGATCCTTGAGAAAGGCGCGGTCGCGCGCCGGGGTGCCGGTGCGGAACTCGGGGTCGTCGAGACTCCGCGTGTGCTCGAGCGCCCAGGCCGCCTTGTCGGTGATCGAGGGCACCTCGCGGTACATGTTGAAGATCTCGCCCTCGTCCAGCCCCAGACTCTCGCAGATGTACTGGAAGGTGTGCGTGTGCACCGCCTCCTCGAAGGCCTGGCGCAGCAGGTACTGGCGGCACTCCGGGTTGGTGAGCTGCCGATAGACCGCGAGCACGATGTTGTTGGCCACCAGCGACTCGCTCGTGGCGAAGAAGCCGAGGTTGCGCTTGACCATCGCGCGCTCCTCGGCCGTGAGGCCGTCGGGCGAGCGCCAGAGCGCGATGTCGGCCTGCATGGGCACCTCGGTGGGCATCCAGTGGTTGTTGCAGCCCCACAGGTACTTCTCCCAGGCCCACTGGTACTTGAGCGGCAGGAGCTGATTCACGTCGGCGCGGGCGTTGATCATCGCCTTGTCGTCCACGCTCACCCGGCCGCCGTCGCGGTCGATGGAGCCGAGGCCGGTGTTGCCGTCCACCGTCGGAACGGGCTCGGGCTCGCGGATCGCCGGATCCGGCGCGGTCCGGACGGGGGCGGTCGCGGTCTGCGCGCGATCGACTTCGGTCCGGGGGCGTTCGTCCTCGGTCGGGGCAGGGGCGGTCGGAGCGGCTTGCGCGGCATCCTTCGGCGGCATCGCCGGCCGCAGCGTGGCGAGGGGGTCGTTCCAGTTCATCGGGGACTCCGGGCGGGGAGGTCGGCAGGGCGGGCGAAGAGGCGCATGGGGGGCAGGGCGGCGCAGCTCACTGGCACGCCTCGCAGTCGTCGTCGAGCGAGCACAGGGTCGGGGCCACCGCGTTCAGTCGCCCGTCGCTGGTGGTCAGGGTGCTCTTCTCCACCTGGGTCGCCCCGCGCGAGCGCAGGTAGTAGGTGGTCTTGAGCCCCCGCACCCAGGCGAGCTTGTAGATGTTGTCGATCAGCGGTCCGTCGGGATCGGCCACGTACAGATTCAGCGACTGCGACTGGTCGATCCACTTCTGCCGCCTCGACGCGGCCTCGATCAGCCACCGGCAGTCCACCTCGAACGCCGTGGCGTAGAG
CP144380.1_gap9	300657	302740	2083	CTTCGGGGCCGGTTCGGTGCAGCAGGTGCGGCTGGACGATGACGGGCGGATGAACATGGTCGCGCTGGAGGAGGCGCTCGCCGCCGATCCGGGCGCGCCCACGATCGTGTGCCTGATGGCGGGCGACCTCAATACCGGAGCGGCCGACCCCTTCCACGCGGCCTGCGATCTCGCGCATGCCCGCGGTGCCTGGGTCCACGTCGACGGCGCCTTCGGGCTGTGGATGAACGCCAGCCCCGCGAGGCGATCCATGCTGGACGGCGTCGAGCGGGCCGACTCGTGGGCCACGGACGGCCACAAGTGGCTCCAACTGCCGTACGACAACGGCTTCGCCTTCGTCCGGAACGCCGCGATGCACCACGCCGCGCTCGCGATGACCGCAGGCTACTTCATCCCCCCCGACGGCAGCGGACGCGACCAGGTGAACTGGAATCCCGAGTGGTCGCGTCGGGCGCGGGGGGTGGTGGCCTACGCCGCTCTGCGCTGTCTGGGCCGCGAGGGGGTCGCACGACTCGTGGACGAGGCATGCCGGCTCACCGAGCGGCTGGTCGAAGGGCTGGGACGGCTGCCGGGGTGCGAGGTGATGGCGCCCGCGCGGATGAATCAGGGGCTGGTGCGCTTCGTGGCGCCGGACGGCGCCCACGATGCCTTCACCGACCGGGTGACCGATGCGATCCGGGAGGAGGGCACCGCCTGGTTCGGCGCCTCCACCTGGCGCGGCCTGCGGGTGATGCGGATCTCGGTGTGCAATCACCGCACGACCGACGCCGACGTCGACCGCACCCTCGACGCGGTCGAGCGCGTTCTGGCGCGGGTCTCCTGACCCCGGCCGCGCGGGATGTGCGGAGGAACCGCACGCCGCGCGCCGGCGTAGATCGATCATGACTCGCCGCCTTCTCGCGCTTCTCGGTCTCGCGGTCCTGCCCCTGACGGCTCTCCGTCCAGGGGCCGCGGCACCCGTGGGTGGGAGCGGCGAGTCGGTGCGAGCGGCACCCGCTTCCGAAGCGCCGCCCCGGGGCAGCTTGACGCCCGCGGGATCCAAGGCGGACCAGCATCGGTCCCTCGACGCCTCCGGTGCCGTCGCGGCGCCCGCGTTCCGACTCGGTCCGGATCCCTCGGATCATCCGTTCGAGCACCTCGACCCCGCCCCGCGGCCCGGGCGTTCGGCGCCCTCCCTCCTGCCGCTTCCCCGGGCCCCGCCCGCGTAGTCCCGAACGACTCAGACGAAACTCCCGAGCATCGCCCCGCCGCCCCTTCCGGGCGCGGTCGGGCGCGTGCTCGCCATCGTTCTACTTCGGGACTTGCGAGGCACGGCCCATGAAGACGCTTCAATCACGTCTGTTGTTCATCGCGCTGCTCGTCGTCGGCGGCGTTCTCTCTCTCCTCCCGCGCCCGGTCGTCGAGCGCTCCCTGGATCCCGACAGCGGTCGGGTCGTGGTCGACACGGTCCGGCGGGTGCCGATCGCGCTCGGCCTGGATCTGCGCGGGGGAAGCCATCTCGCGCTGGAGGTCGACCAGTCGCTCGGACCCGTCGAAGACTGCGCGGACGCCATCGTCCGGGCCGAACGCGTGATCCGCGGGCGCATGAGCGAGATGGGCACCACCGAGCCGGTCGTGCAGAGGGCGGGGGAATGCCGACTCATCGTCGAGCTCCCCGGAGAGGGCGACCTCGAGCGCGCCCGCTCGATCGTGCAGCGAACGGCCTTTCTCGAACTCGGGCTCGTCGACTCGAGCGACCGCACCGACGCGCTGCGCGAGGTGCTCGACGGTGTGATCGGCGAGCGCGGCATGCCGGTGCGCGGCCAGATGCCCGGCGAGTATCGGGTGCCGGAGACGCTCGTCGACACCGTGACGGCCCTGCTCGACGGCTCCCTCGCCCGGCGCGCGGTACCGAGGGGGCACGAGGTGCGGTGGGGCACCGAAGCCACGGCGATCGGGGGGCGCGCCTGGCGTTCGTTCTACCTCGTCGAGAACGAGGCTCTGGTCACCGGTGAGCAGCTTCTGAATGCGGTGTCCACCCGCGACCCGGTCGACGCGCAGCCGCGGGTACAGTTCGAGTTGACCCGGTCGTCCGGCCGGGCCT
CP144380.1_gap10	334912	338603	3691	GGGGGGCGATCGACCTCCACCGTCGGGTGCTGCTCGAGCTCGTCGCTTCGGAGCAGCGCACCGTCGACGTCGATGAGCTGTCGGGGTACGCCTCACAGGAACTGGGCACCCTGGTCGACCGCTACGACGCCCGCACCGGCCGCTTCGCCGGGGCCACGAGCGGCACCTCGCGCCCCGACGACCCCAACCCCTTCATTCTCCGCGACTACGAGAACTGCATCTCGTGCTATCGCTGCGTGCGGGTGTGCGCGGAGCAGGAGGGCGACTACGCGATCAGCGTGAAGAATCGCGGGTTCGACACGCAGATCACGGTCGAGTTCGACGGCACGCTGAAAGACTCGTCGTGCACCTTCTGCGGGCAGTGCGTGCAGACCTGTCCGACGGGGGCGCTGGCCGACCTCAAGGCGCTCGCGCACCGCCATGTGGAGGGCGAGACCGAGAAGACGCGCACCATCTGCCCCTATTGCGGGGTCGGCTGCAGCGTCGACGTGCTCACCCGGGGCGACGAGATCGTGGGCATCCACCCCGCCATGGACGGGCCCGCCAACGAGGGCGCGCTCTGTGTGAAAGGGCAGTTCGCCTACGACTTCGTCTCGCACCCCGACCGCCTCGACACCCCGTTGGTGCGCAACGATCACGGCCAACTCGTGCCGGCCGGCTGGGACGAAGCGCTCGACAGGGCCGCGGCGGGACTGCTCGCGGCCGTGAACGAGCACGGACGCCACTCGGTGTATGCGGTGGCCTCGGGGCGCGCCCCGAACGAGGCCGCCTACACGATGCAGAAGCTGGTGCGAGCCGGCCTCGGCACATCGTACATCGACAACTGCAGCCGTGCCTGACACGCTCCCACGGTCGCCGGTCTGGCGGCGAGCATCGGGAGGGGCGCCATGTCGAACCCCCTCCCCGACATGGAGAAGCCCGACGTCATCTTCTGCATCGGCACGAACATGACCGAGGCGCACCCCGTGGCCGCCACCCGCCTCAAGAAGGCGCTGGCCCGGGGGGCGAAGATGATCGTAGCCGACCCGCGGCGCATCGGGCTGTCGGAGCTCGCCGACATCTACCTGCCGCTGCGGGTGGGGTCGGATGCGGCGCTGCTGCTGGCGATGGCTCATGTGATCGCCCGCGAGGGGCTGGTGAACCGCGAGTTCGTGGACGACCGTACGGTGGAGGGCGCCGCCTTCCTCGAGCACGTGCGCGAGTTCACCCCCGAGTGGGCGTCGGAAATCACCGGGCTCGACCCGGCCGACATCGAGGCCGCCGCGCGGCTGTACGGCGCGGCCGACCGGGGCGCCATCTTCTACACCCTCGGCATCACCGAGCACATCTGCGGCGTCGACAACGTGCAGTCGCTCTGCAACCTGGCGCTCATGACCGGCAACCTCGGTCGCGAGGGCACCGGCATCAATCCGATGCGCGGCCAGAACAACATCCAGGGGGCCGGGGACTGCGGGGCGATCCCGAACAACTACCCCGGCTTCCAGCCCGTCACCGATCCCGCCAACCAGGCCAAGTTCGAGGCCGCTTGGGGTCGCCGGGTCGACCTGGAGAAGGGCATCACCAAGGTGAAGGCGCTCGATCTCTGCGGCACGGAGATCCGCGCCATGCTGATCGACGGCGAGAACACCGTGGTGAGCGACCCCGATCGCGAGCACTGCGAGCACGCGCTTCGGAGTCTCGATCACCTCGTCGTGATCGACATCTTCCTGACCGAGACCGCGCAGCTGGCCGACGTCGTGCTCCCCGCCACCGCCTTCGCCGAGACCGACGGCAGCTGCACCAACACCGACCGTCGCATTCAGCGACTCCGCGCCGCCGTGCCGCCGCCCGGCCAGGCGCGGCCCGACTGGTGGATCGTGTCGCAGATCGCCCAGCGGATCGGCGCGCAGGGCTTCGACTACGAGAGCGCCGCCGACGTCTTCAACGAGCTGTGCGAGCTGTCGCCCACCTACGCCGGTGTGAACTGGAACAAGATCAGCGCCGAGGGGGCCAACTATCACTGGCCGGTGCCGTTCGACGGCCACCCCGGCACCCCGCGTCTGCACGAAGACGGCTTCATCAACGGCCGCGGCATCTTCAAGATGATCCGCTACCGGGATCCCGCCGAGGTGATCGACGACGACTACCCCGTCTGGCTCACCACCGGGCGGCGCCTCGAGACCTATCACACCCGCACCCAGACGGGCCGGGCCGCGGGCATCGACTATCTGGCGCCGCACGAGGTGCTCGAGGTGAATCCCCACGACGTGGAGGAGTGGGGACTCCGCGACGGCGGCTTCGCGCGCATGGCCAGTCGACGCGGCGAGGTGGAGGTGCAGGTGAAAGCCACCACGCGATCCCCCCGCGGCACCGTGTTCGCGTCGTTCTCCTACAACGACGTGCCGGTCAACATCCTCACCGGAGCCGGCTACGACCCCGTGACCGACACGGCCGAACTCAAGGTCTGCCCCGTCCGGATCGAGCCGGTGGACCGCCCGGTCACCCTGGGAGACGACCGGGACGCGCCGCTGGGGCCGGGCGCGGGCGATATCTCGACGGGTCCCCCGAGCCCGGGCGACGTGGCGGCGGACTGAGCCCGGGGTGGCCCTCGCCAGTCGCCCGGCACCGGTTCCCAGGGGCGGGAGAGGGGGCCGCGACGCGAGGTGAAGTCGGCGGCGGCCCGGCATCGTAGTGCGTGGCCCGGTCGGGGCGTGATCATGCCAATCGTGCACCCGCGAATGACGATTGCTCCCGCAGTACCCCCTGGAGGGTCACAACATCACGAACGTCTGATCGCGGGATCGGCGATTGGTCGCCAAGCAACCCGATAGGGCCACGTCGGGAGCAAACGCTGAAATCGGGTGCACCTTTGGCACGATGAGGCCCATTTCCGGCCTCGTCTCTCGGCGTCTCGCGATCCCCGGCCGGGCGGTCCTGCGCGTGGAGGAGTGGAAGACCATCGCCTCCACCCCGCGAGCCATGACGCCCACGCCCCCTCCCGTCGAACGCCAGGCCGCCCCGGTCGCTCCCATCTCCCTCGTGGATCGACTCTCCGCCCCCGGCCCCAAGCGGGTACTCTCGCTCGACGGCGGCGGCATTCGCGGGCTGATCACCCTCGGCTACCTGCAGCGGCTCGAGTCGGTGCTGCGAGCGCGCTCGGGCCGACCCGACTACGTGCTCGCCGACTACTTCGACCTGATGGGGGGCACCAGCACCGGCTCGATCATCGCCGCCTGCCTGGCGCTCGGATGGCCGGTCGACAAGGTGATCGGTCTCTACCGCACCCTGGCCGCCGACGTCTTCCGGCCGCGCCGGTCACTTCTCGGACCGCTCGCCCGTCTCGTCGGCTCGAAGTTCGACGAGCGCCCGCTCGAGGAGGCGATCCGGCGCGAGATCGGGGAGATGCGGATCGACGACCCCCGGTTCCGCTGCGGCCTCGTCGTGATCGCGAAGCGCGCCGATACCGCCTCGGTCTGGCAGCTCACCAACGTGCCCGGCCACCGGTTCTTCGAGATGAACCGACACCTGAAGATCTGGGAGGTGCTCCGCGCGTCGAGCGCCGCCCCCACCTACTTCGACCCGCAGCGCATGGCCGATGTCGGGGCGGGGGAGTCGGCGATCTTCGTCGACGGCAGCGTGTCAATGCACTCCAATCCCGCGCTGCAGATGTTCATGGTGGCCTGCCTCGACGGCTTCGGACTCCGCTGGCCGA
CP144380.1_gap11	340544	345236	4692	TGGTGCCTCTGCTCACCAGCGCAGGGGTGATCGAAGGCGTGAAGGCATGGCGTCGCGCGATCCTGCGTCCGGCCGACGAAGGGGGCGATCCCATGCTCGCGCTGGCCGTGGCACTGGCGGCGGAGGGGGCCCTGCCCGAGCTCGCGGCCTCCGGCACGACCACGCGGGAGATGGTCGAGCTGGCCCGCACCGCTCCCGGGGCGGTGGCCCCCCTGATCCGCGCCGCGCTCGACCGCGTCGACCCGGGTGCCCGCCTTCTGCTCGTGATCGATCAGCTCGAAGAGCTCTTCTCGATCCGCGGGCTCTCCGAGACCGAACGTCACGCCTTCGCCGATCTGGTCGATCGGCTGGTACGCTCGGGGCGGGTGATGGTGATCGCCACCCTGCGCTCCGATCTCTACCCGCGACTGTCCGAGCTGCCCGAGCTGGTGGCGCTCAAGGAGGGGCAGGGGCAGTACGATCTGCTGCCGCCCTCCGCCAGCGAGATCACCCAGATGATCCGGCAGCCGGTGGCGGCCGCCGGTCTGGCGCTGGAGGTCGATCCCGGCACCGGACGCCGGCTCGAGGATCGCCTGCTCGACGCGGCGATCGGGCGTCCCGGCACGCTGCCGCTGCTCGAGTTCACCCTCGAAGAGCTCTACCGACGGCGCCGTCCCGACGGCACGCTCACGCTGGAGGCCTTCGACGATCTCGGCGGGGTGGAGGGCAGTCTCGCGCGGCGCGCCGAAGAGGTGTTCGAGTCGCTCCCCGGCGAAGTGAAATCGGCCTTCCCGCTCGTCATGCGTCAGCTGGTCACGGTGGTCGAGAATGCGGAGGGCACCACCCTCGCCGCCCGTCCCGCCCCGCTCGAGCGGCTGCGCGACGACGACGATGCCGCCCGTCTGGTCGACGCCCTGATCCGTGCGCGGCTGCTCGTGACCGATCTCGCGCAGGAGGGGGGAGCCGTGGTGCGGGTGGCCCACGAGGCGCTGTTGCGGCACTGGCCCCGGCTCACCGAGTGGCTGGAGGGCGATCAGGAGCTGCTCAAGAGTCGGGCGCGACTCCGCGCCGCCGCCTTCCGATGGGCCGAGGCGGGGCGCGACGACGACCTGCTCCTGCAATCGGGCAAGCCGCTCGAAGACGCCCGCGCGGTGGTCGACGCCGGGAGTCGCCTGACCGAACTGGAATCGGCCTTCGTGGCGGGCTCCGAGCGGCGGGCGCGCCGCTTCGTGCAGCTGCGCAGGGCGGCCTTCGCGGCCGTCTGCCTCTTCGCCCTGGTCGCGGGCGTCTCGGGCTGGATGGCCCGACGCTCCGCCGAGCGGGCCGAGGCGCAGGCCACGGCGGCCACCCGGACCCACCAGTTCATGGTCGGCCTGCTCTCCCTCGCGCAGCCGAGCCTCGCGCAGGGGCAGCAGACCACGGTGCGCGACCTCCTCGACGCGGGACGCGCACGGCTCCTGTCGGGCGAACTCGGCGACGTCCCCGCCACCGGGGCCTGGGCCATGCGCGACCTGGCCGCGTCGTACGTTTCGCTCGGCGACCTCGACGCGGCCCTCGCCCTCGCCCGCGCGGCCGACTCGCTCGCCGCCACCGATCCCGCAGTGTCCGACTCGGTGCGGGCGCAGGGCTGGACGCTGCTGGGCGAGGTCCATCAGCATCTGGGCAACATGGACTCGGCGTCGGTTCACCTCGACCGGGCCATCGCCGTCTGGAGGGAGTCCTCCCCCCAACTCGAGGCGAACGCCCTCACCGGCCTGGCCACGGTGCGGCGCGACGAGGGCGATCTGATCGCCTACGACTCGCTGCTCGACCGAGCGAGCCTCCTCGGCCTCACCTCGATGGACACGACCGGTCTGGACTATGCGGTCACCCTCTCCAACGAGGCGCTGCGGCTGCTGTCGAGGGGCGAGGGATGGGAGGCCGATCAGCTGCTCCAGCGGGCCGACGAGCTGTGGGCGCGCTACCCGGGCCAGCGGCTCGCCGACTACGCCGTGCTGATCACGCACCGCGCGCGGGCGTGGGCGCTGCAGGGCGACCTGGTGCGCGCCGACTCGCTCTTCCGCGACGCCCTGGAGATCGAGCGTCGGATCCTGCCGCCGGGGCATCCGAGTCTGGCGGTGACCCTGAACAACCTGGCGCTGAATGCGCAGGAGCTCGGGGACTCCGCGGCGGCCGAGTCGTGGCTGCGGGAATCGGTCGAGGTGTCGCAGCGGGCGCTGGGGCCCGATCATCCGCGCACCGCCGCCGCCATGATCAACCTCGGCGAGATGCTGAGCCACCGGGTGGCGACCTGGCCGGAGGCCGACTCTCTGCTGGTGGCGGCGCTGGACGGCCTGCGCCGCACGGCACCGCAGAACGAAGACGTGTCGGTGGCGCTGCAGAACCGGGGGGCACTCTTTCGGTTCCGGGGGCAGTTCGACTCCGCCCTCGTGCACTTCGAGCAGGGGTATCGCGCCGACTCCCTGATGCAGCGTCACGACGACGCCATGTTCGCGGCGGGCCGCTGGGCCGAAGTGGCCCGCGTCGCCGGCGACACGGTCCAGATGGAGCGGGCCGTGACCCGCTCGTTCGCGTCGGCGCGGCTGCTGCCGGGAGAACGGGCCCGGGCGAGGGCCCTCGACGAGCTGCAGGACGTGCTCTTCAACGCCGAGATCTTCGAGGCGTCGGAGGAAGCCGCGCGTGAAGCGATGGAGCTTCGGCGCCTCCACGGTACCGCGCCCGAGCTCGCGAACTCTCTGGCCGACGTGGCCTGGTGGGAGGCGGTGCTCGGGCAGCGGGACTCGTCGGAGGTCCGGCGCGCCGAGGCGCTCGCGCTGGCGGTCGAGGCGCAGTCGCTGCTCGACGAGGTGCCGGTCGACGATCCGGAGTGGCTGTCTGCCCACCAGGCGCTCTCGTTCGCATGGGCCGCGCTCGACGAGCACCGCCGTGTCGCCCGGAGCGAGTCCGACGCCTACGAGCGACTCCGTGCCGGCGGTCACTTCGCCGACGCGGTGAATGCGTTGCTGCGGCGCGGGCTCAATCTCGAGGAGGGCGGCTACCCGGAGGAGGCTCTGGTGGCCTATCGGGAGGCGGAGGCCGCCGCCGTGGAGCTGCTGGGGCCGCGGCATCCGCTGCGGGCGACGGCGGCCGAGCGGGTGGAGGGGCTGGGGGGCGGCTGAGCGGGTGACGGCGCTGGCCCTCAGCCGATGCGGGGTGACCGCCCGGGCCGCGCCGCTCAGCGTCTCCGCCCCACTCCGCTCAGCCACCGTCACCGCAGCGACATCGTCACCGCAGCGACCCCCGCGGCACGGTTCTCGCATCTCCATCGAAGACAGAAGAATCCGTTCCCCCGAATGGGAGGTCTACGATGGTTGGCAAGATTCTGACTGCGGTCGGATACGTGAAAGCCCCCAAGGCGACCACGATGCTCAAGCACCCGGTGAAGGGCGCCTCGGCGCTCATCGCATACAAGGCGGCCAGGAAGGCTACACCCGCCCGCGCCCGCCGGGCCGTGGGCGCCGCAGTCGCGCTCCTCGCCGTGCCGTTCGCCGTGAAGGCCATCCGCGGCGGCGGAGCCAAGGCGTAGTCGACCGGCACACCCGCCCACACCCGTCTCGGCGGGCGCCGGCGCACGGGTCGATGAACGACGGCCCCGGCCGCCTCGAGAGGGCGACCGGGGCCGTTGCGTCGCCCGGGTCGGATCGCGGCTGCCTCGACGTTCGGCAGCGCTCGTGCCCTACCGCAGCACCGAGCCCGCGAGCCCCCGGAAGGCCGAAGCCCCGTCGATCGTGACCATGAAGGTGAGTCCGCTGAAGCGCAGGTCGCGCTCCGTGCAGAAGGTGGCCGGGGCGCAGGACGCGCCGGTCCGGCCGATGTCGCGCCGCGACAGCTGCAGCCCCATGTGCACGTCCACCGCCGAGCCCTCCTGGCCGGGTCCGAACACGAGCCCCTGCAGCACGGAGAGGCCGAAATAGAAGTGGCGGTCGATCTCGCGCGCGCTCGCTCCCACTCCCACGCGCACCTGCCGCCACGAGGGCCAGAGAGCGAAGTCCACTCCGATCACGGGGCGGAAGACGCTCCCGCCGGCGCGCTCCTTCAGGTAGGGCGCGGCCTCCCCCGTGGTGACGAGCTCCGTCCACGCATCTTCGGAGGGCGTCCACGCCCCGCCGAAGAAGATCCGGGCTCCCTGGCGGGCCACGGCTCGCACCACCACCTCCGCCTCGCCCTCGACGGCGGCCGAGAGGTGCTGCACCCCCACCGTTTCGCCCAGACGCCACCAGCTCTCGGCCTCGCACCGGCCCCCGACCCAGGCCGCCTGCGCCGAGGCGGGCGATACCTGTCCATCGCCCGCAGCCCGGAAGGTCACCCGGTGGCGCATGCAGTCGGCCTCCGACACCGCCGGCACCGCGATCACCACCGGTCGCCGGAGCTGGCGCCCGAGGTACCACACCTGATCGGCCCCGTCCACCACGGTCGGCCCCGGCTCGGCCGAGGGACTGACGTCCGTGATCGCGGCGGGGGAGGGGGGCGCTCCCACGGACTGGGCCCCGAGGTCGACGACCCCGGGGCCCAGCAGCAGAACCAGGAGGGGCGCCAGCCACCCCGTGCGGCGTTTCATCGCGCCGGAATCAGCGTCGCCCCGACGGCCAGCCCGTAGTCGATCGGGAAGGCGTCGTCGCTCGACAGCGCACCGAAGGCGAGACCGGCGTCGATGAATACCCGCTCGCCGGCCCG
CP144380.1_gap12	369817	371313	1496	CTCCCACGTCTCGCCCCGGTCCTCGGACCGGTAGATGCCGGCGGCGCGCTGCTCGTAGGCGGTGGAGGCGTTGTACCGCTCGCCCTGCTCCACGCTCACGTACACGATGCGCGGGTCGGAGGCGTAGACGTCGATGCCGATCCGGCCGATGTCGCCGGTGGGCAGTCCATTCTCGAGTCCCGCGTTCGTGAGCTTCGTCCAGGTGTCGCCCCCGTCGGTGCTCTTCCAGAGCGCGCTGCCGGGGCCGCCGCCGTGGAATCCCCAGGGGCGCCGCTCACGCTGATACGATGCCGCGTACAGGATCGAGGGATCGGAGGGATCCATGATCACATCCACCACGCCGGTGTGCTGGTCGACGTGGAGCACGCGCTCCCAGGTGGCACCGCCGTCGGTGGATCGGTAGAGGCCGCGCTCCTCGTTGGGGCCCCAGAGGTGGCCCATGGCGGCCACGAACACGATGTCGGGATCGTCGGGATGCATCCGGATCCGCCCGATGTGCTTCGAGTCGGGCAGCCCCATGTGGGTCCAGCTCTCGCCGCCGTCCGTCGACTTGTACACGCCGTCGCCCCAGCCCGAACTCTGGCGGCTGGCGCGCTCGCCGGTGCCGACCCACACCACCGCCGTGTCGCGCGGGTGCACCGCCACATCGCCCACCGAGTGCGTACCCTCGTCGCGGAAGACGTCGCTCCAGGTGACCCCGCCGTCGACCGTCTTCCACACGCCGCCGGTGGAGGAGGCGGCGTAGAGCACGGTGCCGCTGCCGACCACGGCGAGGTCGACGATGCGGCCGCTCATCACGGCGGGGCCGATGAAGCGGGGCGCGAGTCCGTCGAGCGCGGCGGTGGAGGGGGACTGCGCGTGGGCGGGGGGCGCGTATCCCGCGACGACCATCGCGAGGGCGGCGAGGGAGGCCGGGAGGGATCGGGTGATGCGCATCATGGACGGCGGGGGTGAGGCGGAGGTCGGATGAGCCGGCGAGGCTCGGGGACTCCGGCGAAGATGCCGAAGCGGGGCGGCGGGGGGCAAGCGGGCCGGGGGTGGTCGCGGAGAACCGGCCGCTGGGCCAGTTTTGGGGGACCGCGCGCTCGGACCGTCGTCCGGACCGCCCACTCGTTCCCGCAGGAGCCCCCGCCGATGTCTCCAGATTCCGACTCCGAAGAGACGATCCCGGCTCCGGGACTGGCCGCGGGCGTCGACGATCTCTTCCGCCGGACCGAGTCGCCACCGGAGGGAGTGGAACGAGGAGACACGACCGGCTTGGAGGCCGCGCCCCGGAGCGAGGAGGCGAAAGGCGAGACCGTGGGCGCCGCCCCGGCCGTCGACCCGCTCGCGGCGCTGGGTTACGACCTGGGGTTCGAGGCGGGTGCGGGCGAAGGCGGCGGGGGTGCCCGGCGGAGCGAGGTCGAGGTCGGCGGGCCCCCTCCGGTGCGGGGTGCGGAGGGCACGAGCGAGGGCGTCGAGGCCGAGTCGACGGGACCGGGAGGACCGGAGTTCGC
CP144380.1_gap13	544691	545284	593	ATCGACACCGACCGCGTCCCGGAGGTACATGCGGACCACCTGGGCACCGCCCTCGAACGAGCCGTCCCCGAGTACCACCCGGCCCAGCGTCTTGAGCACGAGATCGGCGTAGAGGTTGTGGCTCTCCTGGTTCACTCGCGCGAGCGCCTCGGTCAGCGGCTCGGAGCGGTGACCGGCGAGCACCCGATGGGTGGCCCCGGTGAAGATGCGCGATGCCGACAGCGCCGACTCGTCGGGATCGCCCACGGTGCCCGGACGGCCCGTGACGGTGATGCCGGCCGACTCGAGCGCGCCGGTGAATGCGTGCGCGGCGAACTCGTCGGGGTCGCGCACCGTCATGGAGCGGTAGACGTCGCGAGCGGAGGCGGCGATCTCGCCCTCGATCCGAATCGGTTCGGAGGGGTCGTCGCGGAGCACGTGGAGTCGCGACGAGGGGCGCCCCGAGACGGTGCGCGCCCGGTTGTCGATCTCCACGCCCGACACCGGCGGGTCGAAGTGGACGACCGGCGGCAGCCCCGGGGCGGTGGCCTCCACCCTCAGCTGGACCATGTTCTCGTTGTATCCCAGCGCGGAGGAGGCCGCCGCGAACCAGT
CP144380.1_gap14	546419	549087	2668	ATGAACTGGATCGAGCGGCGGTCGCCCGCCGCGTGCGCGATCGAGGGGGAGGCGGCGTGACGGAGTCCCCATATCTCACCCACCGTCTCCGGGTCGGAGGCCGTGATCGCCTCGTCGTCCCAGAGGGCGAGTCCGGCGGCGACGCGCTCGGGCGAACCGGCGTACTCGACCAGGAGGGCTCCGGCCCGGACGTCGAGTCGCGACACCCGGGGGTCGTCGAGCAGCCGTCCCAGTTCCAGCAGCCGCCGTCCGAAGTACTCGCAGGCCGAGGCGCCGCTGCTCTCGGCGCGGGCGGTGAGCTCGGGAAGGGCGTCGAGCTCGGGCACGCCCACCAGCGCCACGCCCTGCGACTCGGGAAGCGGTTCGGTCCGGAAGGTCCCCTCGGCCACCACCACCAGCGTTCCCTCGCTCCCGGCGATCAGGTCGATCGGATCGCCGGTGGCCAGGAAGCGATCCACCGCGTAGCCCGACACGTTCTTCCGAACGGCCGGCGGCGCGGGCAGCTCCAGGCTCCGAAGCGTCGCGTGGAGGCCCGCCCAGGGCGCCGAGTCCGCGGGGGCGGCTTCGCGCCGGAGCGTCTGGATCGATCCGTCGGACATCACCACCCGCAGGGCGTCGGTCCATCGGTGGGTCGGCCCGTACGAGAAGGTGCGCGCCCCCGCGGCGTCGGTGGAGATCATGCCGCCGAAGGTGCACCAGGGCGCCGACGAGGGCAGGGCGGGGAAGTGGCGCGAGCGCTCGCGAGCCAGGGCGTCAGCGGTCGCCGCCACCGCTCCGGCTCCGGCGACCATGGCGCCGTCCGCGCGCAGCTCAAGACCGTCCATGGCGGTCAGGTCGAGCACGAGCCCGCGACCGACGTTGCCCCCGGGCATGCCGGTGCCGGCCCCTCGAGGGGTGAGGGGCAGTCCCTCTGCCGCGCACCAGGCCACCACCGCCGCCACCTCGTCGATGTGGCGCGGGCGAGCGACGGCGGCCGGTACCATCCAGATCGGTCCCCGCGAGCCCGCCACCGAGCGGCGGGCGTCGGGATCGGTCGAGACGACGCCGGTCAACGCGGGCGGAGGGGAGGGGGGCCGATCCACCGGGGCGCGGACGTGCGAAGTCGGGGCGATCAGGCGGGCGCGCCTGCCGCCTCGGGATCGCACGAGGGGCAGTAGCCGGTGAGTTCGAGCCGAACGCCGGTGACCCGGAAACCGTCGGCCGACGCCTGCAGTCTCGCCACCTCGCCGTCGTCGACGCGATGGGGAAGGTCCATCACCCGGCTGCATCCGAGGCAGCGCACGTGGTGGTGGTCGTCGGTGCGCCCGTCGTAGCGGGCGGAACCGTCGACGTAGGTGAGCTTGGCCGCCAGGCCGCAGCCCACCAGCGTTTCGAGGCTCTTGTACACCGTGGCCAGAGAGATCCCGGGCACGTCGGTCCGGACCCGCAGGAACACCTCGTCGGCGGTCGGATGCGACTCCGTGCTCCGGAGAAACCGGAATACGGCGGCCCGCTGCTCGGTGAAGCGCTGCCCGCTGGCCCCGAGGGCCTCGCGCAGTACCGCTTCCACGTCGGTGGTCTGTTCGTGCATCTGCTTCCGTCCCTCCATACCGGATCCTGTGCGTCCGGGCCGTGCTACACGGGGGTCCGCCGAGTGTTTCTCGATCGTCACGAAGGCCGTTGCGGTCGATGGGCGCTTCCCGGTACGCTGATCTCCATGACACCGACCCTCGACACCCTCGAACCGTTGATCGACGCCGTGCGCGACGGCGTCTCCGCCGCGGGCTGGACCCTCTCCGGACTGCAGAAGACCACGAGCTACGAGTTCGAGGGGCGGTGGGAGGGCGACTCCACGCGAAGCGCCTATCTCTTCTTTCATCGCGAGGGCGTGGAGGAGGCCTCGGTCGACGTCTATCTCGACGAGACGTCGCGGGGACTCCAGGGCAACCTCGCCCTCGTGCTCGACCTGCCCGGGTTGGCGGAGCTGCCGGCGATCCCCGAACTCCTGACCGACCTCGGCGAGCGGGCCGGCCGACACCTGCCGGACGGGTATCGCACCCCCGTCACGGTGCGGCTGCGTCTGCGCGACGCGCCACTGCCGGCCGACCGGGCCGAGCTCGAGGCGCGGCTCAAGCTCGTGCTCCCCCGGGCCGCCATCGACGCCGGCGCCTCGGCGGTCGCGGCCGTCTGCTCGGCCACGGTCGCCGCCTTCGACGGGCTGCTCGCCGATCCCGCGCTGCCCCGGTAGCCGCGCTCGCTTGCCGCCACCGGCCGCGGAGTCCTACGATTTCCGAGCCGGGCCGCTCCCCCGGGGCGACCGCTTCCTTCACGAACTTCCGGAGTCCCTCCATGTCCGAAACCGGCGCTCTCGACTCACTTCTCCACGAAGACCGCCGCTTTCCCCCGCCGGAGCCCTTCCGTCGGGACGCCCTGATCTCCGACCCGGCCATCTACGACGAGGCGGCCGCCGACCCCGAGGCCTGGTGGGCTCGATGGGCCGCCGAACTCGAGTGGTACGAGCCGTGGCACACGGTGCTGGAGTGGACGCCGCCGCACGCGAAGTGGTTCGTCGGCGGCAAGCTCAACGTCTGCCACAACTGTATCGACCGTCACCTCGAGGGGCCGCGGCGCAACAAGGCGGCACTGATCTGGGAGGGGGAGCCGGGCGACACGCGGGTGATGACCTACT
CP144380.1_gap15	586339	587895	1556	GCTGCACGAGCACATGTTCTACCCCTCGGGCCAGGCGCGCTACAACACCAACGAGGTGTCGTTTCCGCCACTCTACCTGGCCGGCGGCGTGACGACCATGCGCACGGGCGGCTCGCTCGACACCTACTCCGACCTGAGCACGAAGCGGCTCATCGAGGCGGGGTCGGTGGTCGGGCCGCACATGGATGTGACCGGTCCCTACCTCGAGGGGCGGGGCGGGTTCATCCGCTCCTTTCCGGAGCTCGAGACGCCCGAGGAGGCGCGCGCGCACGTCGATTTCTGGGCCGACCGCGGGGTGACCTCGTTCAAGGCCTACAACCTGATCACCCGCGAGGTGCTCGGCGCGGCGATCGAGGCGGCGCATGCGCGCGGGATCAAGGTCACGGGGCACCTCTGCTCGATCACCTACCGCGAGGCGGCCGACCTCGGCATCGACAACCTCGAGCACGGCTTCTTCGCCGCCACCGACTGGGTGGCCGACAAGGGGCCGGACCAGTGCCCGCGCGGGGCCGGCGACACCTACCTGGAGCTCGACCTCGAGGGGCGCGCCTTTCTCGACGTGGTCGATCACCTGATCGAGAACGACGTGGCGCTCACCTCCACCCTCAACGTGGTGGAGCGCCAGGCCGAGGGCCGTCCGCTTCCGCCCGACGGGGCTGCGGCCGCCATGCTCCCCGAACTGCGCGAGGGCGTCATGCGGCGCGCCGCGGGTCGGGGCACGCCGAGGGGCACCGCGCTGATCCGCCGCTACATGGACATGGAGAAGATCTTCTTCGACCGCGGCGGCATGCTCGTGGTCGGCACCGATCCCACGGGCGCGGGCGACGTGGTGCCCGGCTACGCCAACCAGCGCTCGGTGCAGCTGCTGATCGAGATGGGGCTGGGGGTGGAGCAGGCCGTGATGGTGGCCACGCTCAACGGCGCGACCTACCTGGAGCGCGCCGACGAGATCGGCTCGGTGGAGGTCGGCAAGGTGGCCGACCTGGTGCTCATGCGCGGCGATCTGCTCTCCGACGCCGAGGCGCTGCGCGCCATGACGCTCGTGTTCAAGGACGGCGTGGGGTACTCCTCGCCGCGGCTGTTCGAAGAGGGCACGACGGGGTGGGTGGGGGTGCGCTGAGCCCCGGTCGTCGCCCCCGGCGCGGCGGTCGAGATCGACCATGGCACGTGCGCCAGTGACGTTGTAGGTTCGGTTTGTGTTCGGGTGTCGGCATTCGGGCCGGTGCCGCAGATGACGTGGACCGGGAGGGGGGATGGGGATGTTCGCCGGATTTCCGAGAGAGGGACTCGCACTGCTCGCGCGCCTGCCTCGGTTCGACAAGACCGAGTTCGATGCGAGCCGAAACGCCTATCGATCCGCGCTGCAGGACCCCGCGAAGGCGTTCGTGACGGATCTGGGCGCCGCACTCCGCTCGGAGCTGGGCGCCGAAGTCGAGGCGGTGCCTCGGACCAATGGATCGATCGGGCCGATCAACAACGATCTCCGGTTCAACCCGGATGGGGCCCGCTACAAGGACCACCTGCTCTTCCGCTTCTGGGAGGGGCCCGCGAAGAAG
CP144380.1_gap16	687124	690573	3449	CGAACTCTTGGTGGACGGGGCCGGGCCGGTGGCCGACGAGGGGGCGGGCCGGGTGACCCGCGACACCGTTCGCGAGACGCGTCTGCGGGAGCTGATCAATCAGGAACCCGTCCTCGCCCACGCGGTAGAAGAACTCGATCTCGAACTTCTGGACTGACGATGACGAATCTCGAACAGATCATGCAGATGGGCCAGCAGCTGCAGGCCCGCATGTCGAAGCTCCAGGAGAGCCTCGACAAGCAGACGGTCACGGCCACGTCCGGGGGCGGGATGGTGACCGTCACCGCCGATGGAAAGGGTGAGGTGCGCAAGGTCCAGATCGATCCGGCCTGCGTGGATCCTCGCGATGTGGAGATGCTCGAGGACCTCGTGCTGGCGGCCGTGAACCAGGCCCAGGCGCGGGCGAAGGAGCTGTACGAGTCGGAGATGCGCAAGGCCACCGGGGGGCTGCCGATGCAGCTGCCCGGCCTCTTCTGACGCTCCGGACAACGTCCCGGGTGTCGGTCATCCAGGCGCTGACCGGGGAGCTCTCGAAGCTTCCCGGCGTCGGCACGAAGACGGCCCTCCGCCTCGTCTATCACCTCATGAAGGGCTCCCGGGACGACGCGCGCCGCCTGGCCGCGGCGATCCGCGAGGTGGCCGATCGAATCCGGCCCTGCGAGCTCTGTGGAAACTTCTCCGAGGCCGAGTTGTGCGAGGTGTGCTCCAATCCGCGGCGCGACGGGTCGATACTGTGCGTGGTGGAGGAGGCCTACGAGGTGGGGGCGATCGAGCGGACGGGCGAGTTCCGCGGGCGCTACCACGTGCTCGGCGGCCACCTGTCGCCGCTCGACGGGATCGGTCCCGACGAGTTGCGCATCGCCCCGCTGCTCGAGCGCACGCGCGGGGACGAGGGGGCGAGCGAGGTGATTCTCGCCACCAGTTCGGGAGTCGAGGGCGAGGCGACCGCGGTGTACCTCGAGGGTCTGCTGCGGCCGCTGGGAGTACGGGTGACCCGCCTCGCGCGGGGCATTCCCGTGGGAAGTGATCTCGAATACGTGGACGGAAGCACGCTGGCCGAAGCGCTGGCGGGACGACGGGAGATGTGATGACCGACGAATCGACGTTGAGCCGGAATCTCCGGGTGGCCGGAATCACCCTCGTCGCGGCTGCGGCGGCGGGTGCGCTGGCGGCCTGGCTCGTTCGGGATCAGATCAGCCGGCACCGGAAGGATCTCTTTTCTCCGCACGCGCTTCGACGCCTGGCGGCGCTCGGCCACATGGGTCGCGCACAGGCCACCGTCGACCACATCACCCTCCTGCGCGACTTCATCGCCTGGGAGCCGCGTCGCCTTCTCCGCAATCGCGCTCGCGCGGTGCTCGAGCGGATGGAGAACGAGGCGGAGGGGCTGCTCGCCGAGGCCGGGTGAGCCACCTTGCTATCCCTTCGTCCGCGTAAGACTTTTAGGATTCGAGGTGAGCCGGTGATTCCGGTCGCCGCTCCAGTCCGCTGCTTTCCACGGGGGTCGTGGGTGAAGGACCGCCTGCGCAGCTTCGCCAACGAGTCTTCCCACCGCCCCGGTTCGAATTCCGGACGGCACAGGAGCGTCGACGCATGTCGATGATCAACTACGCCAGCCGCGAGATCAACTGCAAGGTCGTGTACTACGGTACCGGGCTGGGCGGCAAGACCACCAACCTCGAGTACATCTATTCCCGCGTGAATCCGGACACCAAGGGAAAGATGATCTCGCTCGCCACCGAGACGGAGCGAACCCTCTTCTTCGACTTTCTGCCGATCGACCTCGGGTCGATCCGTGGGTTCAAGACGAGGTTTCACCTCTACACGGTGCCGGGGCAGGTGTACTACAACGCCTCGAGAAAGCTGATTCTCAAGGGCGTGGACGGGCTGGTGTTCGTGGCCGACAGTCAGCGCGAGCGGGCCGAGGCGAACATCGAGGCCATGCACAACCTGTACGAGAACCTCGAGGCCTACGGATACGACCTCGAGAAGATCCCGTTCGTGATCCAGTACAACAAACGGGATCTCGAGAACGCGATGCCCGCCGATGAGCTGCGTGCGCAGCTCAATCCGATGGGCGTGCCCGACTTCGAGGCGATCGCGATCGAAGGCAAAGGGGTATTCGAGACTCTGACGACCGTATCGAAGTCGGTCGTGAAGTCGCTCAGCTGAGCTCCGCATTCCCAGCGACCCGCAGAGGAAGTCCGGCGTGACCGAGCGTCGTTGGACCCTCCCCAATACGATCACGGTCGGCAGGATCATCGCCTGCCCCGTGGTCTTCTATCTCGCCATGCAGCCCGGGACCGCCCTGCGGATCCTGGCCTTCGTGCTCTTTCTGGCCGCCGCCCTGTCCGACCTGTGGGACGGATACCTGGCCCGCAAGCACGACTGGATCACCGACATCGGCAAGCTGCTCGACCCGCTGGCGGACAAGCTGCTGCTCGTGGCGACGGTGGTGCCGATCTATCTGATTTCGCAGCGACCCGGCCCGATCGGTGACCTGCCCTGGATCGGCGCGCTGCCGCTCTGGGTGGTGCTCGTGCTCTTCGGCCGCGAGGTGCTGATCACGGTGCTGCGCCAGGTGGCCACCCGCCAGGGGCTCGTGATCGCCGCCGGCTCGTCGGGCAAACGCAAGGCGTTGCTCCAGAACCTCTTCGTCGGGGGCGCCCTCTTCTGGTTCCCCGTCGCGCAGATGGCTGCGGATCGCGGCTGGACGGGCACCACGGCATGGACGGCGTGGCAGACCTTCCACGCGCTCTGGATCGCGGTCACCCTCGCCCTGGCCCTCTTCCTGACCGTGTACTCCCTGGTGGACTACCTCTGGAAGTACCGGAGCGTGCTGGGCGTCACATGACGGTCGGGAGTGTCCGCGCGGCGGTGGTGACCGTCGGCGAGGAGCTCCTGTCCGGGGCCACGGTCGACGCCAATGCGGCCTGGCTCGGTCGTGCCCTCGGAGCCCTCGGGGTGCCGGTGGAGCGCAGTTGGACCGTCGGCGATCGCGACGACGCCATTGTGGAGTCGGTGCTCGCCGCCGCCCGGGTGGCCGAGCTGGTGATCGTGACCGGAGGCCTCGGCCCCACCGAGGACGACCGCACACGACCGGCCCTCGCCCGCGCCCTGGGCGCCGAACTGGATGAGGATCCCGCGCTCGTGCGGCATCTCGAGGGTCGACTCCGGGCCTCGGGGCGGTCGGCACTCTCCGACGGGCTCCGCAGGCTCGCGCTCCGCCCGACGCCCGGCCGCTGGCTGGCCAACCCCGCGGGGGCCGCGCCCGGACTCGTGTTCGAGGGACCCCGCGAGGGCGGGTGGGTGATCGCGCTGCCGGGAGTCCCCCGGGAGATGCGGGGCCTGTTTCCCGCCGTGGCCGACTTCGTGCGCGAGACCTTCGACGGACGCCTCACCCCCGTGCTGCAACGCACGCTGCACACCACCGGCCTGCCCGAGTCGGA
CP144380.1_gap17	705246	707348	2102	TGGCGCTGGGCGCCTCGGTCGCCGTCCCGACCGCCTGGGGGCATCGACTCGAGGCGCGCATGGCCGCCGCGGTCTCGCAGATCGACCGGCTCGGCACCGGGGTGGATCCCTACCTGCGCTTTCTCCTGGAGCGGCTCGCGGCGTCGGTCGACAGCCTCGATGCGGCCGGCGCTCCCGCGGTGGAGCTGCTCTATCGGGGGTGGCGCACCAGCGGGCTCGCGGAGGCCGGCTACCCCGTCTGGATGACGGTGTGGAGCGCGGTGGAGGGCTTCCCGGAAGAGGAGCTCCGCATCGGCATGGGCGGGGCCGGGCGCCCCGTGGTGGCCAACCAGTTCCTCGGCGAGGTCGGGGTCGGTGACTCCGTGCAGGTGCGGCGCTTCGACTCCTTTCAGGCGCACTACATGGCGCAGGTGCCCCTGCTCGACGATCGGGTGATGACGGCGGTGGTGCCTCCGCTCGGCACCACCGGAGCGGAGTCGCTGCTGGGCCCGCTCTTCGGCAGCCTCGCCCCGGACCGCACCGACCCCCTCCGACTCGTGCCGCTGGGCATCGGAGATCTCGGACGCGCTTCGGGGGCGCTGGAATGGGTGCGCCGCGAGGGAGGGTGGCACGGCGAGATCGTGCTCGAGATGGCCGGCGAACGATACCTCGCGCACTACGAGGTGCCGCTGTCGAACCCCTCGGTGCTGCTCGCCCGCATGCTCCTGCTCTTCCTGCTCGACCTCGCGCTGCTCGGGGTGCTCTGGTGGGTGGGGAGTCGCCTCGGCCGCCCGGTGGCGGCGAGGGGCGGAACGCTCGTGCCCGGAGTCACCTCGTTCCGGGCGCGGGTGACCCTGGCGCTCTTCGCCTTCTTCGCCCTCTCCAACCTGCTCTTCGGGAGCCTCGCGTACCGCACCATCGCCGGCGCCTCGCAGCGCGCCTCGCGGGTGCTCGCCGAGAGGGCGGTCAACGATGCGGCGGCGAGTTACTCGGAGGTGGGCGGAGCGGTCGATCTACTGGCGAGCCGGGTGGGTGTGGACGTGCTGGAGTACCGCCACGGCGAACTGCACGAAGCTTCCGTCGACGAACTCCTCTCGCTCGGCCTGTACGAGGGGTGGGTACCGTACGACCTCCACCGGGCGCTCACGGCTCGTGAGACGCTGACCGCCGCGACGTCCACCACCATGGGCGCCTGGGAGTACGTGACGGCCTACCGCTGGCTTCACGACGGCGACGTGGTCGGTGCGCCGGTGCCGCTCCAGACCGGAGCGACCGCGATCCAGAGCCGGGACGTGGCCGAACTCCTGACGGCCGCCGTGGTGGCGGGCGCGGCGCTCTCCTTCCTGCTCGCGCTGCTCGTGGGTCGCGCCCTCACGCGTCCGATCCACACGCTGCGCATCGCCTCCGAGCGGGTGGGGAGCGGCAACTTGGATGTGCGGCTCACCGCCGAGCGCAGCGACGAGTTCGGCGCGGTGTTCGAAGCCTTCAATCGCATGGTGCGTCGGCTGCGCCGTGCCCGCCTCGATCTGGTTCGCACGAGCCGGCGCACGCAGGCCATCGTGGAGGATGCGGCCACCGGCGTGCTCGCCTTCGATGCCGAGGGTGTGGTCACCCTGGCCAACCCGACGGCCCGCGCCCTCTTGTCGCTGCCGATCGAAGTGGGCGAGCCGCTGCCCGCGGGCGAGGGACACGCCGCGGAGTTCGTGCGATGGGTGGCCACCTACTTCCGCGACGGGCTGGGGGACTCGGCCTTCGAATTGCAGGACGGCGAACGACGGATCCGGGTGCGGGCGCGTCGCATTTCGCAGGACGGTCCACTGGCCGGCGCCGTGGTCAATCTCGAAGACGTCACCGACGAACTGCGCACCGAGCGGGTGCTGGCCTGGGGCGAGATGGCGCGGCAGGTGGCGCACGAGGTGAAGAACCCCCTCACCCCCATCAAGCTGTCCGTTCAGCACCTCAAGCGCGCCTGGGACGACGGCCGCCCGGACTTCGACCTGATCCTCACCCGCAACGCCGAGGCCATGCTGCGTGAGATCGACCGTCTCGCCGCCATCGCCACCTCGTTTTCGCGTTTCGGCGCGCCGCGCGCGGTGGGCGAGGAGCCCCTCGCGCGGGTTCAG
CP144380.1_gap18	714289	717623	3334	GCCCGCGTGGTGCGCGGCACGAGCTCCATGGCGAAGGAGGTGAGCCCGCCCGCCGCCAGTGCGCGCACGCCGGCCGGATGGTCGAAGGGAGCGAGAAAGCCGATCACGACGGTGCCCCGGGGAAGGGACTCCAGGTCGACGGGGTCGGGCGGAGCGACACGGAGGACCACGGTGGCGTCGGCGAGGGTGGAGGCGCGATCGCCGATCTGCGCGCCGGCGGCCGCGTACTCCTCGTCGGAGTACTGGCTGGAGGCTCCGCATCCGGCCTCGACCGCCACGGTGAGTGAGTGCCGATCGACCAGCTCGGACACGAGTGCGGGCACGAGCGCCACCCTGCGTTCACCCGCGCCGGTTTCCCTGAGGACCGCGACCTTCATGGACCCGCTCCCTGCTGGAGTGGACGTCGCGACGGGGAGCAACCTAGAGTGCCCCCGGGCGGGCCCGCAATCGCCCCCGAGATCCCGCCGCGGGTTGCGAAGCGGGGCGTCGGCGCGCACCGTCGGCTCGCTCCGTCGATGCCGGTGATCGACGGATCCCCGTGCCCTCGCTCCGGAGCTCCCGCATGTCCGACGCCCCGCTGAAGGTATCCACCGAAGGCCTCGATCGACGCCGTTTTCTCTCCTGGACTTCGTCGTTCGGACTGGGGGGGACGCTCTTTCCCGGCGTGCTCTGGGCCGAATCGCGGACGCTGCCCGAAATCACCTCCGAGACGGTGGCGCACGCGGCGGAGGTCGCCGGTCTGACCTTCACCGACGAGGAGCGCGAGATGATGCTGCAGGGGCTGGAGAGCAACCTGCAGTCGTACGAGGCCCTCCGATCCATCGACATTCCCAACGAGGTACCGCCGGCGCTGCACTTCGATCCGGCGCCGCCGGCCCGGCGACCGGAGCGCGGGACCGGGGTGGTGCGACGCAGCCGCCGGCCCACCGTCCTGAAGCCGGGCACCGTCGAGGAGGTGGCCTTCTGGCCGGTGACCGATCTGGCCGAGCTGATTCGCACGCGTCAGGTGTCGTCGGAGGAGCTCACCCGCATGTACCTCGATCGCCTGGAGCGGCACGGGCCGACGCTGGAGGCCGTGATCACCCTCACGCCGGAGCGGGCGCTCGAACAGGCGCGCACCGCCGACCGCGAAATCGCCCGCGGCGAGATCCGCGGCCCGCTGCACGGGATCCCCTGGGGGGCGAAGGACCTTCTGGCCGTGGATGGCTACCCGACCACCTGGGGTGCCGGCCCCTTCCGCGACGAGATTCGTGCGGGAGACGCCACCGTCGTCCGCCGGCTCGACGAGGCCGGTGCGGTTTTGGTGGCGAAGCTCACCCTCGGGGCGCTCGCCATGGGCGACTACTGGTTCGGCGGGCGCACGCGGAATCCCTGGAATCTGGAGCAGGGGTCGTCGGGGTCGTCGGCGGGGTCGGCTGCGGCGACGGTGGCCGGGCTCGTGGGCTTCTCGATCGGAACCGAGACCCTCGGGTCGATCGTCTCACCGAGCACGCGCACCGGGGCCACGGGGCTGCGTCCCACCTTCGGCCGAGTGAGTCGCGCCGGGGCGATGGCGCTCTCGTGGAGCATGGACAAGCTCGGCCCGATCTGCCGGTCGGTGGAGGACTGTGCCCTGGTCTTCGCCGCCATCCACGGCGCCGACGGGCGGGATCCCACGGCGCGTTCGGTGCCCTTCGACTGGGATCCGGGGCGCCCCCTCTCCGATCTGCGCATCGGCTATCTGGCCTCCGCCTTCGAGGACGGCGACGCGGACGACCGCGCCGTGCTCGACGCGGTTCGGGCCATGGGCGTGGAGCCGATTCCGATGGAACTGCCCGACGCGTATCCGCTCGGCGCGCTGCGGGTGATTCTCAACGCGGAGGCGTCGGCGGCCTTCGACGCGCTCACGCGAACCGACCGCGACGAGGAGCTGGTCCGCCAGACGCGCGGAAGCTGGCCCAACTCCTTCCGCACCGCGCGCTTCATCCCGGCCGTGGAGTACATCCAGGCGAACCGGGTGCGCACGATGGTGATGGGGGCGCTCGATGCCGCCTTCGACGGCCTCGACGCGGTGCTGACCCCCTCGTACGCCGCCGACGTGCTCCTGATGACGAACCTGACCGGACACCCGGTCACGGTGCTGCCGCACGGGTTCACCGACGAGGGGTCCCCGAAGAGCTTCTCCTTCCTCGGGCGCCTCTACGGCGACGACGCCTCGCTGCGGCTGGCGAAGGCCTACCAGGACTCCACCGACTTCCACCGCAGGGTGCCGCCACGGTTCGCGGTCTGAGGGGTCAGAGCGGGGGGACGGGGCCGGCGCCCTTGCGGAGGAAGCGGATCGCGAGGTCCATGGCGGCGGCTTCGCGGGTGAGCAGCCGAAGCAGCTGCTCCGCGGTCAGCTCCGCCCCGGTGCCCAGGCGCTCCATGAGGCGGGTGAGACCCAGGTTGCCGAGCGAGCTGGCCTGACCCGCGAACCGGGTGGCGAGCGTCTTGAGTTCCTCGGACGGAGTCTGATCGGAGAGCCGCTTGACCGCGTCGCGCAGCTCGCGACGGGAGCGGTCCATCAGCCGGACGTACTCGGCGTCCTGGACGGCGAGCCGACCGAGGATCACCTCGAGAGGCTCCCAGCGCCGGTGGGCGGAAAACGCCTTGACCAGCCGCGGAGAGAGTTCGGGCACGTTGATCGGCTTGCGGACGTAGTCGTTGGCCCCGGCCTCGACCGCCGCCTGCACCGTCTCGCGGTCCGACATGCCCGAGCAGACCACGAGGGGAATCTCCGGGTCGGGGCTCTCACTCCGAATCCGGCGCACCAGGTCGAGCCCTCCCCCGTCGGGAAGACTGAGGTCGACGATCGCTCCGTCGACCGGATACTCCTGGATGTAGCTCCAAGCCTCGGCCGATGTGCTCGCCCGCATGTGGAAGTACTGGAGCTGATGGACGACGGTGGCGAGCAGGTGCAGGACCACCGGGTCGTCGTCGACGACGAGGATCAGGCGCATGGGGGTGGGGCGAGGGGAAGAGGATGGAGGAATGTGGACGCGCCGGGGCCGGGGCGCCACGGGGGCGCCGTGCAGACGCCCCGCTCCGCCATGGGGGCGCCCCGGGCGGCGGCGCACCTTCGATCGCATGCTCTCTCGAATCCCCACCGCGGCCCTGCGCGGCGTCGACGCCCTCCCCGTTCGGGTGGAGGTGAGTCTCACTCCCGGCCTGCCCACTTTCACCGTGGTGGGGCTGCCGCAGGGGGCGGTGCGGGAAGGCCGCGAACGGGTCGTCGCCGCGCTGAAACACGCGGGTTGGCCGCCGCCCACCCGCCGGATCACCGTCAACCTGGCGCCCGCGGATCTGCGCAAGGAGG
CP144380.1_gap19	718964	721295	2331	CGGCCCGACCCCGCCGACCCCTCGCTGGCTCGACTGCTTCTCGCCTTCGCCGCCGTCTACCTCATCTGGGGGTCGACCTATCTGGCGATCCGGTTCGCGATCGAGACCATGCCGCCCTTCACCATGGCGGGCGTTCGTTTTCTCTCGGCCGGAGCGCTGCTCTACCTGTGGGCCCGCTCCCGAGGGGCGCCGAATCCCACCCGGCGGCAGGTGCGCGACGGGGCGGTGATCGGCGCTTTTCTGCTGCTCGGGGGGAACGGCGCGGTCGTCTGGGCGGAGCAGTGGGTGCCCTCGGGACTCGTGGCCCTTCTCGTGGCGACGGTGCCGCTGTGGATGGTGCTGATCGACTGGGGCTGGGGCGACGGCGAGCGGCCGTCCATCGGGGTGGCGCTGGGGCTGGTGCAGGGGCTGGTCGGCGTCGCCTGGCTCACCGGCGGGTTGCAGGGCGAGGAGTTCGGGCCCCGCGCCATGGTCGGGGGCGTGGTGGTGCTGCTCGGCGCGCTCTCCTGGGCGGTGGGGTCGATCGTGGCGCGCACCGCGCAGGCCCCGGCGGCCCCGCGCATGGCCACCGCCACCCAGATGCTCGCCGGGGGCGCCATGCTGCTCGCGGTGGGGGGCGGGGCGGGGGAGTGGAGCGGCTTCGCCCCGGCCCAGGTGAGCGCGGCGTCGTGGCTGGCGCTGGCCTACCTCGTGGTGTTCGGGGCGCTCGTGGGCTACTCGGCCTACATCTGGCTGCTCGGCGTGACCACGGCAGCGAGGGTGTCCACCTACGCCTACGTGAACCCGGTGGTGGCCCTCGTGCTCGGGTGGGCCCTCGCCGACGAACCGCTCGCGCCCCGCACCCTGGGGGCCGCGGCGGTGATCCTTTCGGCGGTGCTGATCCTGAACCGGCTGGGGCGCCGACGGCGGGTGCCGGTTGGCGCGCGGCCGGTGCGGTCGTAGTCTGCCGCCATGCCCGCCGACCACTACCTCGACTTCGCAGCTACCTCGGCCCTCCGTCCGCCCGAGGTGGCCGACGCCGTCGCCGACTTCCTGCGCGACTGCGGGGCGACGCCCGGACGGGGCTCGCACCACCGGGCGCTCGACGCGGGGCGAATGGTGTTTCGCACGCGGCGTGCGCTGGCCCGTCTCCTGGGACTTCACGAAGAGCCGGGGCAGGTGGTGTTCGGAGCGCATGCCACCCAGGCGATCAACACGGTCCTGGGCTCGCTCGACCCGGGGCAGGTGCTGGTGGTCACCGATCTCGATCACAACGCGGTGCTCCGGCCCGCCCACCACCTCGCCGGGGCGGGAATCGAAGTCCGCCGCGTGGCGGCCGACCCCCGGGGCGAGCTCGACCCGGATTCGCTCGAACGCGCGCTCGACGGCGCCGATCTACTCACGGTCAACGCCGCCTCCAACGTGCTGGGCAGTCGCCTTCCCGTGGGGGAGATCGCGCAGCGGGCTCGGTCGGCCGGGGCGCGGGTGCTCGTCGACACCGCCCAGACCGCCGGACACCTCGTCGACGATCTGGCGGGCGCCGACTACGTGGCGATCACCGGCCACAAGGGGCTGCTCGCGCCCCAGGGCATCGGCGCTCTCTGGATCCGGGAAGGCGCGCCGATCCGGCCGCTGCTGCGCGGGGGCACAGGGGGAAACTCGCTCGATCGGGAGATGCCGGCGGCCCTCCCCGACCGCCTCGAGGCCGGTACCCTCAACGCCCCCGGCATCGCCGGGCTCGCGGCCGGGATCGACTGGCTCGAGCGCGAGGGTGTGGAGGCGATCCACCGCCGGCTGTCGGTGCTGCGCCTCCGGCTGCACGACGGCCTCGCGGGCGTCGCCGGGGTGCGGGTGCTCTCGCCGCGCGACCCCGCCGGCGCGCCGATCGTCACCGCCGTCAGCGATCGTCTCGACCCGGGGGCCCTCGCCCACGGCCTCGATCGACGGTTCGGGGTGCAGACCCGCTCGGGCCACCACTGCGCTCCCGAAGTGCACCGGCTGCTCCGTACCACGCGCGCCGGGGCGGTCCGGTTCTCGCTCGGGTGGTGCTCGACCGAGGCCGACGTCGATCGCGCCGTCGAAGGGGTGGAGGCGCTGACGGCTTTCCCCGAACGCTCCGTTCCCCGATGATTGGGCGGTTTTCGACGAGACCCGCAGCCGAGATGCCATGCGTCTGTTCATCGCACTGAACCTGCCGAAGAAGGAGCGCAGCCGGATCGATCGGGCTGCGCGCCTGCTCCGCGAGCGCGAGCTCCCCGTCCGCTGGGCGGAGGTGGACGACTTCCACCTCACACTCAAGTTCCTGGGCGATGTGCGACCCCCGAGGCGCGATCCGGTGGAGCACGTGATGGA
CP144380.1_gap20	773197	773773	576	AAACTGACCCCGCGAGGTGAAGACTTCGCGGCCTGGTACAACGAACTCGTCCAGCGCGCCGAGCTGGCGGACTACTCGCCCGTGCGCGGCAGCATGGTGATTCGTCCGTGGGGCTACGGCATCTGGGAGCGCATGCAGCGGGCCCTCGACGACATGTTCAAGGCGACCGGGCACGAGAACGCCTACTTCCCCCTCCTGATCCCGATGAGCTTCATCGAGAAGGAGAAGGAGCACGTGGCGGGGTTCAAGCCCGAACTCGCAGTGGTGACGCACGCGGGCGGCAAGGAACTCGAAGAGCCGCTCGTGATTCGTCCCACGTCGGAGACGGTGATCCTCGAGATGTTCGGCAAGTGGGTACAGTCCTACCGCGACCTGCCGCTGCTGATCAACCAGTGGGCGAACGTGATGCGCTGGGAGCTGCGCCCGCGCCTCTTCCTCCGCACCGCCGAGTTTCTCTGGCAGGAGGGGCACACTGCGCACGCCACGGCCGAGGAGGCCGAGGAGGAGACGCTGCGGATGCTGGGCGTCTACCGCGACTTCATGGAGAACTGGATCGGCATGCCGCCGATCACCGGG
CP144380.1_gap21	782015	785012	2997	CGGCCAACCGCAGCGAGTCGATTCTCGCCCAGGTGACGGCGGGCGACTACGCGAGCGCCACCACGGTCGAACGCGAGGGCTTTCTCCGCCGCATCGACCGCATGCCGTTCGGACCCAACCCCCGCGAGGGCTTCACCGAAGACGGCGTCTTTCACCACCCCGAGCTCGCCTTCCGCCTCGACACCCGCGGGTGGGGCGTGGACAACCAGAAGAGCGCGGTGCAGTTCGTGGCCCCCGACGGCGGGGCGGTCGTGATCCTCACCATCGGAAGCGGGTCACCGGAGGCGGCGCTCCAGGAATTCGGCGGCATGCAGGGGGTGTCGGTGGGCCAGGGCCGGCGCACCGAGATCAACGGGTCGCCGGCGGTGCGGGCCCCCTTCCAGGCCGAGTCGCAGGACGGCGTGCTCGCCGGAGAGGTCGTGTTCCTCTCGTACGGTGGGAACACCTACCGTCTGCTCGGGCTGTCGTCGTCGGCCGGATGGGGCGCGGCCGCCCCGACCGCGCGGGCGATCCAGGAGTCGTTCCGGCGCGAGACCGATCCCGCCGTACTCTCGGCTCAGCCCGACCGGCTCGACGTCGTGTCGACGAGCGGACGCCTGACCTTCGACGACTTCCGCAGCCGCTACCCGTCGACCGTCGATCCGGTGATCGTCGCGCTGATCAACCAGCTCGAGTCGGGCTCGGTGCTCGACCGCGGACTGTGGAAGCGCGTGGTCGAGGGTAACTGAGGCCGCGCCCTACCCGGCGTCCTCGACGAAGGGGTCGAGGGCGCCCTCGCGGTAGAGCACTTCCAGCGCGTCGGTGACGGCGGGGTCGAGCGCGGTGCCTGCGTCGCGCAGCAGGCGCCCCATGGTGTCGGCGAGGGGCACGGCCGCCTTGTACGACCGCCGGTGAGTGAGTGAGTCGAATGCGTCGGCCACCGCCACGATGCGTCCCTCGACGGGGATCGCCCGTCCGACCAGGCCGGCGGGATACCCCGAGCCATCCCAGCGCTCGTGGTGCGACGCCGCGATGACCCGGGCCGCCTCCAGGATCGTGTTGCGGCTGCCGGCCAGCAGCTCGGCGCCGAGGCGCGTGTGCTGCTTCATGAATGCGTACTCGGCCGGGGTGAGGGGCCCCGGCTTGCGAAGAATCGAGTCGGGAATCCCGATCTTGCCGATGTCGTGAAGCGGGGCGGCCTGTCTCAGGACGTCGACGAGCTCTTCGTCGAGTCCCATGCGGGCGGCGAGCAGCGCGGCGAGGTCGCCCACCCGCTGCTGGTGCGCTCCGGTCGCGTCGTCGCGGTACTCGGCCGCGCGCGCCAGCCGTGACAGGATCTCGGCCCGCGCCTGTTCGAGCTCCTGAGTGCGCTCTCGGACACGGTCCTCGAGCTGGTGCGCGGAGTCGCGCACCTCGCGGTGCAGGCGCCGGGTTTCCAGAAGATTCAGGATCCGGGCCCGCAGCTCGGTGAGGTCGACCGGCTTGTTCACGAAATCACGGGCCCCCATGCGCAGCGCGCGCTCCTTCACCTTGGGGTCGCGTTCACCGGTCAGAATGATGACCGGAAGGTACCCCTCGCGGGCGAGAAGGGGCTTCAGGCGCTCGAGCACCCCGAACCCGTCGATCGGCTCCATCTGCAGATCGAGCAGAATCAGGTCCACCCCCGACGACTCGATCGCGGCGAGCGCGGTGCCCCCGTCCTGAAAGAGCTGCACGTCGGCGAATCCCATGGCCGCCAGCCCTCGGCCGAACGCCCGGAGATTCGCCGCCTCGTCGTCGATCACCACGATCCGAGCCGAGCCCGCTCCGCCGGCCGTGGCAACCGGGGGCGCGGCCGCGGCGACCTCGGCGGAGGGCGGCGTGGCCGGTCCAGGAGGGGCGGGCGAACTCGGCGGCGCGGACTCGGGCGCCGAGAGTGCCCCGTCCACCCGCAGCGCTTCGATGCGATTGCGGCCGTCGGTCTTGGCGTGCTCGAGGGCCTCGGCGGCCCGGGCGACCAGCCCGTCCGCCCCCTGCAGGTCGGGCACCCATCCGGCCACCCCACCGCTGGCCGACAACGGCCGCCACGGGAGGTCGACGGCACCGAAGGCCGCCCGGACGGCTTCCATCCGGCGGGTCGCGTCGTCCAGCGTCACCCCCGGCAGGACGACGAGGAACTCCCCGCCACCCCATCGCCCGACGGCTTCGCCCTCGCCGAGCCCGTCCGAGAGGATGCTCGAGAAGACCTTCAACACCCGGTCTCCGGCCGCGTACCCGTGTTGGTCGTTCAGCCAGCGGAATCGGTCGATGTCGACGAGGCACACGCTGAGCGGCAGCCCACGGCGGGCGGCGTCGAAGGCCACCTGCAGCACGATCTGCGTATGCCGGCGATTCGGCAGACCGGTCAGCGGGTCGGTGAGAGCCTGTCGCTCGGTATTCCGACGCAGGGCCTCGAGGCGCTCGGAGAGGACCGCCACCCCGACCGTGACACCCACGAACACGGCCACGAGGCCGAGGGCGAGCCGCCAGTCCGGCAGGGCGACACCGCGGACCGCCAGTACGGCGGCCCCCGCGGCGAGCACCAGTGTACCCGCCACGAGAGCGAGCACGGCGCCGCGACGCCCGAGATGATAGGTGAGGACGAAGGCCGGAATCAGCGACGTCATCCAGAACAGGAACCCGACGTCGGCCACTCCGATCGACGGTGTGGCCAGCCACGCCGCGATGGGCGCGGCCAGGGCGACGGCACAGGTGACGACGGCGCTGCGGGGCAGGCGCGGCCTCGGTGAAGACTCGACGGTCATGCTCAGGAAGGTCGGCTCCCCCGTGGAACACCACAAGGAACTGCCGTGGCATCCATCTTGAGTGATAGTGTGGTGGGGCAGGAAGAGTCCTGCCGAACCGACAGAGCCCACGGACGAGCGCGATGCTGAATTTCGATCGATTGACGGTGAAGGCGGGCGAGGCGTTGCAGGCGGCGGCTTCCGACGCCCGTCGTCGGGGCAACCCCGACATTCATGGCGTACACCTCCTCCTGGC
CP144380.1_gap22	807049	810511	3462	CGCGGTCGGGCGCCGCGGGAATGGTCGTGGTGGGGCTGATCCTGCTCATCGCCTGCGCGAATCTCGCCAACCTGCTGCTCTCCCGCGCCGCCGGGCGGTCCCGGGAACTCGCTCTCCGGGCGGCGCTCGGTGCCGACCGGTGGGCGCTGGTCCGCCGGTCGCTGAGCGAGAGCCTCTTGCTGGCGGTGGTCGGCGGCGCCATCGGCCTGGCGATCGCCGGATGGGGAAGCCGACTGATGCTCTCGCTCGGCTCGGAGCTGCTCCCCGCGGGAGCCGTCGAGCCGGCGCTCGAGGGCCGGGTGCTGGCCTTCACCGCCGTGCTCGCGATCGGCACGGGCCTGCTCTTCGGACTGGTTCCCGCCGTGCGCGCGGCGCGGACCGACATCGTGGGGCTGCTCAAGGAAGGGGGGCGGCAGGGCGCCGGCCTCGCGCGCAGCCCGTTGCGGAGCGGACTGGTGGTGGCCGAGGTGGCGCTCGCGATGGTGGGGCTGACCGGGGCGGGGCTGCTCGTGCGCAGCATGCAGGCTGCGGCCACCACCCCGCTCGGGTACGCGGTGGAGGGCCTCGCGGTGGTCGGCGTGCCGGTCGGCGGGGCTTCTCCCGCCGAGTCGATCGAGTCCATGCGCAGGGCGCGCTCCGAGGTGCTGGCGGTGCAGGGGGTGGAGGCCGCCGGCTTCGGCGGCGTGGTGCCGCTCACGGAGGTGCAGGTGCGCACCTTCCTGCCCGAGGGCGCGCCCCCGGATCGCGCGAGCTCCTTCGTGTCGGTGGTGGCCGCAATGCCCGACTACCTCCCGACCCTCGGGGTGGCTCCGGAGTCGGGCCGCGGGGTGATCGCCGACGACCTGCTCGAGGGGGCACCGGCCGTGGCGGTGGTGAATCGAGCGCTGGCCGATCGCTACTGGCCGGGAGAGAACCCGCTGGGGCGTCGATTCACCTTCTACGGCGACCCGGTGGTGCGCGAGGTGGTGGGCGTGGTGCCCACCGTCACGATCACGCAGACCGGCGAGGAGCCCCGACCGGCGGCCTACATGCCGTGGAGCCAGTGGCCGCAGGGCTTCGGCGTGCTCCACCTGCGGACCTCGGGGGGCGGGGCCGCGGTGCTCGGGGCGGTGGCGGAGCGGCTGCGCGCCCTGCACCCCGAGGCCACCCTCCAGCCACCCCGCACGGTCGACGACCTGCGGTACGACACGCTGCGCGCACGCCGGGTGGGTGCGGGGCTGGTGGGCGCCTTCGCGCTCGTGGCGCTGGTGCTCGCCGTCATGGGGATCCACGCCGTGCTCGCCACGGTCAGCCGGCAGCGCACGCACGAGATCGGCGTGCGGATGGCGCTCGGCGCCCGGCGCGGCGCCGTGCTGCGCATGGTGGTGGGGCAGGGGATGGCCCTGGTCGGCGTCGGGGTCGGGGTCGGCCTGCTCGCCTCGGTGGTCGCGGGGCGCCTCGTGCAGAGCCTTCTCTTCGACACCTCGCCGAGCGACCCGGTCACCCTGCTGGTCGTGCCCGTCGTACTCTCGGCGGTGGCGCTGCTCGCCTGCCTCGGCCCGGCCTGGCGCAGCACCCGGACCAGCCCCGTTCGCGCCCTGAGCCCGGAGCGCAGCGGGCCGCACTGACCCCGTGGGGCGGCCGCGTCAGACCTTGCTCTCGTCGAGCAGGCGGCATCCCTCCATGAGGACGGCGTCGGTGGCCACGAAAATCGTGGGCTCGGGCGGGTCGGTCTCGGTGTGGACCACGAAGTGTCCGTCGTCTTCCCAGGCGATCACCCGGTACACCGCCTCCTCGCCCTCCACCTCGCCGCAGGAGGCGTGAATCACGCGCCCCCCGTCGGTGAAGACCACGGCCTCGTCGCCGTTGCCTCGCGTGACCTCGATGCGGGCCGTCTTTCGGCTGTGGCTCAGCGTCTGCACCAGGTCGAGGAAGGAGAAGATCTCGAACGAGGCCGAGAACTCCCCGCTCCGGGGTGTGGCGCGGGAGTCGGAACGCACCCGACCGCGCGAACGGGCGCGCACGGCACGGCTCACCCGGGCCGCCATCAGATCGAACTCGTGCGCCGGTGCGAACACGTCGTCGGCTCCGGCGTCGAGCAGGGCCAGGGTGCGCGACGCGTCGCTCGAATCCGTGAGCACGTAGACCAGCGTCTCCACCTCCGCGAGTGCCCGGCAACACCGCCGGGTGTCGGCCCCGAAGACGTCGTCGTCGATGATGAGCGCAGCGGGCGGCTGCCGTTCGGCGAGCGAGATCGCGTCGTCGAGGTCGGCGGTGTCGAAGGGCCGGCAGCCCATGCGCCGGAGCCGCCCGCCGAGGGTGCGCTGGATGCGGTCGCCCCCCACCAGAAGCACGTCGCGGGCCAGTCCCTCGGTGGCCGATTCCCCCCGGTCGCCGATGATGCGCAGATACACCTCGATCATCTCGAGGCCGGCGAGCGCCCCCGCCTCGCCCCGAAGGGCGCTCCCGAGTACGCCGCTTCCCGCTTCCTCCGTTGCGGCCACCACCGTGTGGCGGTACCAGACGAGGGCCAGGATCTGAGCCGCGAGGTGCACCTCCTCGCCCCACTCGCCGGCCGAGTCGGGCTTCACGCGACCGCGGAAGAGCGCGTGGCACACCCCCAGCAGGGTGTCGACTCGGAAGGGAAAGCGAAGGGCGGAGGCGAGTTCGAGACTCGTGGAGAACTCCTCGAAGGGCCCGCCGCTGCCCTCCGCCTGTCCGGTGGACGGCACGAGCAGGTGCAGGGCGAGATGCAGTCCGTCGAGCGCGAGACGGCGAAGACCGTAGCGGCGAGCGAGTGCATCGAGATCCTCGGCCATCAGCCCGTAGGGCGGTGCTGCGCGGAGTCGCCCCGACCGCTCCTCTGCCAGCGCCTGCAGCGCCACCCTCAGGCTGCGCACCGTGAGCTCGTAAGGGGCGGGGTTCTCGAGAAGAGCCCCGTGCACGCTCGGAAAGACCGTCACTTCCGCCGAGGGAGAGGGAACCGCTCCGGTCCGGATCCACGCCGCGAAATCGTCCCACAGTTCGCGCGAGACCACCACCTGCTCGAAGTCCCCCGACCCCAGCGCCTCCCGCACGTCGTCGGCGGTGGAGGCGACCACGAGGCCGCATCCCTCCTTCTCGAACACCGGGGGCAGGAAGTTCCGGTGGGCGGCACCGTCGACGACCATCAGAACGCGCCGGCGCACCGCGACGTCGTCGGGCTCGTCATCGCTCGATATCGGACGGGCGGCCTCGACCTCGAAGAGTTCGGGGAGTTCGATGCCGGTCGATGCCTCCTCGCGGGCGCGCGCAGCCTCGGGAAGGAGGCGGGATCCGAGCTCCTCGACCACCGAGGCGGGGGCCAGCATCACCACCACTCTGTCGGCTCCGATCGCCTCCCGCGCACTCTCGAAGGCCTCCCGGTCGAGCGGGTCGGCCACGAGCAGGGTGAGCGATCCGCGGGCGAGGTCGATCGGGACGATCGCGCGCTCGAGCACGAGG
CP144380.1_gap23	861962	865254	3292	TTCGCCGAGCGGGAGTCGATGGCCTACTACGACGGCGTGGAAGCCGTGGGGCTGCTCGTGTTCAAGGAGTCGGGCGCCAACACGGTCACGGTGGCGCAGGGCGTGGACGGCGTGCTCGATCAGCTTCGCAGCGAGTTTCCGGAAGTGCAGCTCGAGGTGGCCTACAGCCAGGCAGGCTTCATCGCCTCGTCGATCAGCAACGTCGTCCAGGCGCTCGTGTTCGGTGGGCTGCTCGCCTTTCTCGTGCTCTTCCTCTTCCTGCGCGACTCGCGCTACCCGTTCGCGATCGCCGCGGCGATTCCCATCTCGGTGGTCGGCACCTTCGCGCTCATGGAGGCGGCCGACGTCTCGCTCAACATCATGAGTCTCGGGGGACTGGCGCTCGGCGTGGGCATGCTGGTCGACAACTCGATCGTGGTGCTGGAGAACATCTTCCGGCACCGGGAGGCCGGTCGCAGCGGACTGGAGGCGGCCGCGCTCGGTGCCGAGGAGGTGCAGGGCGCGATCACGGCGAGCACGCTGACCACGATCTCCGTGTTCGGGCCGATCATCTACGTGGAGGGGGTGGCCGGCGAGCTGTTCGGCGACCTGTCGCTGGCGGTGGCCTTCTCGCTCATCGCCTCGCTGCTCGTGGCGCTCACCCTCCTGCCCACCCTCGCCGCCCGCTTCTCCGGGGCCGAGAAGGCGGTCGATCCGCCTCCCGCGGCCCCGCAGCCGCGTCCGTCCGGGTTCTACGGATGGATGCAGTGGGCCTGGTTCGCGATCGTGTTCGCCCCCTTCAAGGTGATCCGTTTCGTGATCCGTCTCGGGCGGAGTCTCGCGGTGTTCTGGGGTCAGTCGTTCGGCGGCGCGGTGTCGAGGGGTGCTCGCCCCTTCCTGCAGGCCTTCGATCGCGGGTTCGATCGGTTCGCCGAACGCTACCACACCGCCCTCGAGTGGTCGCTCGACCACCGGGGCCGCGTGCTCACCGGCTCGACGATGGCGCTGGTTCTGACGGCGCTCGTGGGGTCGGCCCTGCAGCGCGATCTGCTGCCCGAGGTGGACCAGGGCGCCTTCGATCTTCGGCTCGAACTCCAGCCCGGGGTCGGGATCGAGACGACCGCCTCCGCGGCCGAGCGGATCGAGCGGGCCCTGATCGAGGACGAGGGCGTCGAGGCGGTATTCGGCCAGGTGGGTCGCGATGTGCGTGCTTACGCCGACGGCCAGGAGGAGAACGGGCTCAATACGGCGCGCTTCCAGGTGCGGCTGCGCGAGGGGGTCGCCACCGACGAGGTGATCGACCGGCTGCGCCCGCTGCAGCAGCAGTTCGGGGCCGGCGAGCTCTCGATCCAGTCGGGTCAGGCCACCGCCCTCGGCGCGATGCTGGGCGGTTCGGACGCCGACGTGTCGGTGCGGGTGCGCGGACAGGACCTCGAACTTCTCATGACCCGGGCCGGCGAGGTGCGCGACCGGCTCGCCGGCCTCGAGATGCTCACGAACGTGCGGGTGGGCTCGGAAGTGGGCACGCCGCAGATCGACGTCGAGATCCTCTCCGAGGTGGCGGCCCAGTACGGCATCGCGCCCGGCGAGGTGTCGGCCACCGTCGACCGTGCCCTTCGCGGCGACCGGGCCACGGAGTTCGTGGACTTCGACCGCAAGATCCCGGTGGTGGTGAGCTACCCGCGCGACCTGCGGTATGCGCGCTCCACCCTCGAGGGACTGCGGGTGGAAGGGGTGCCCATTCGCGAACTGGTGGAGATCCGCGACGCCATCGGTCCGGCCGAGGTGCGGCGCGAGGAGCAGGGGCGGATGATTCCGGTGTTCGCCGATGTGGCGTCGGGTGGGCTCGGCGACGCCATCGCCGCCATCGAGGCGGAGCTCGCCGACGTTCCCGTGTCGCGCGACTTCCGCTTCGAGGTGGGGGGCGAGAACGAGGAGATGCGGCGCTCCTTCCGCGACCTGAGCTTCGCCTTCGCGCTCGCGCTGGTGCTCGTCTACATGATTCTCGCGGCGCAGTTCGAGTCGTTCGTGCACCCGTTCACGATCCTCATGGCCGTGCCGCTGGCGCTGGTGGGCGCCATCGCCGCTCTTGCGATCACCGGGCAGGGGCTCAACACCATGAGTCTGATCGGCGTGGTGATCCTGGTGGGGATCGTGGTGAACGATGCCATCGTGAAGGTCGACTTCATCAATCAGATGCGCGCTTCGGGGATGGCGCTGCGAGACGCGATCCTCGAGGCGGGGCGGGTGCGCCTGCGCCCGATCCTGATGACCACCGTCACGACGGTGCTGGGGCTGCTCCCCATGGCGCTCGGCATCGGCCGCGGCGCCGACCTGCGCGCACCCCTCGCGATCGCGGTGATCGGCGGGCTCATCGTCGCCACCCTCCTCACCCTGATCGTGGTTCCGGTGGTGTACGCCGTGATCGAGGGGGTGCGCCGGAGGGCCGCACAGGGGGCCGCGCTCGATGTCTCGGGTGAGCACCTCGCGCCCTCGGGAGCCGACTGATGATCCGCCTCAGCATTCGCCGACCGGTGGCCGTCGCCATGACCTATTCGGCGGTGGCCCTTCTGGGCTTGTTCTCCTGGCAGAACATTCCGATCGAGTTCCTGCCCGACACCGAGCTGCCGCGGTTGACGGTGAACGCCAGCTGGAGAGGGTCGAGTCCGGAGACGGTGGAGGCCTTCCTCACCTCGCCGCTCGAAGCGGCGATCCAGCAGGTGCAGGGGGTCGACAGCATCATGTCGGACTCGTCCGAAGGCCAGGCGTCGATCTCGGTGGTGTTCGACCGCGACGTCGACATGGACTTCGTGCGGCTCGAGCTGTCGGAGCGACTCTCCTCGCTCGACGAAGACCTGCCCCCGGGCGTGCAGAACGTGGTGGTGCAACCCTATGTGCCTCGCGAGTTCCAGGACCAGCGCCGCCCCTTTCTGAGCTACTCCTTCACCGGGCCGTATCTGCTCGAGGCGCTGCATCGGCATCTCGAAGAGGTGGTGGCCCCCGAGCTGAGCCAGATCGACGGGGTGGCGGTCACCCGGGTGTTCGGGGGGCGGGAGCGCCGCATCGAGATCCGCGTCGACGAGGAGGAGATCCGCTCGCTGGGGCTCAACCCATTCTCGGTGTACCAGCGGATCCAGGAACTCGACATGGTGCAGGAGGCCGGGGTCATTCGCGACGACGCCGGCGAGCGCACCGTCACCATCGTCAACCGGCCGCAGAGCGCCGACGACATTCGCCGGGCCCCGCTGCGGGCGATCGGGGGCACGGTCGTGACCGTCGGCGACGTGGCCTCGGTGCACGACACCTTCGGCGA
CP144380.1_gap24	1053050	1057747	4697	CCGCGCGGGTCACGATGATCATGGATGGTCTCGGTGAGGACCCGAGGACTCGATCACCGGGGGCCGAAACGACGACCGGGCCCCCGGGAAGGTGTCCCGAGGGCCCGGTGGGGGTCGTCGTCGGAAAAGCGTCAGCTATCCGGCGCGCACAACCGCCCGGCCCTCGGCACGGTGGCCAAAGTACCAGTATCGCCCGGTATACGAGGCGGCGGCGGTTGCGACGTTCAGCATACCCGACGATGGTCTCGGCGCCGCGGCCCGTCAAGGCGGTGTGGACTGGGCCGCGATCGCAGGGGTACCTTGGCGGGTCGTTGCCTGCTTCCCCCTGCCTGTTCGTTCATGGACCCCAAGGAACAACTCAAGCGAGACGCCGCCCGCGAGGCTCTCTCCCGCGTGACCCCCGGAATGCGTCTCGGTCTCGGCACCGGCAGCACCATGTGGCACTTCGTGGATCTGCTCGGCGACGCCCTCGCCGAGGGCACGCTTTCCGGCATCTCCGGAGTGCCCACCTCCGAGCGCACCCGCGACCAGGCGGCCGAACGGGGGATTCCGCTCCTGGAGCTGCACGAGGGCGCCCCCCTCGACCTGGCCGTGGACGGCGCGGACGAGGTGGATCCGCACCTCGATCTCGTGAAGGGATTGGGCGGGGCTCTCCTGCGCGAGAAGATGGTGGTGCAGGCGGCGCGGGCCTTCGTGGTGGTGGCCGACGACTCGAAGGAAGTGTCGCGACTCGGCACGCGCGCGCCCCTGCCGATCGAGGTGGTGCCCTTCGGCTGGGAAAGCCACATCCCGGCGCTCGAGGCCCTCGGTGCACGGGGCGTGCTGCGTGTGAGCGAGGCGGGCGATGCCGTCCGCACCGACAACGGCAATCTTCTGCTGGACGCGCACTTCGAGGGCGGGATCGAAGACCCGTTCGAGGTCGAGAACCGGCTCCGCGCTCGCGCCGGTGTGGTCGAGACCGGTCTCTTTCTCGACCTGGCCGACGAGGTGATTCTGGCCTCGGACTCCGGGCTCGTGATCCGTCGACGGGAGGGAGAGGCATGAACCAGCGTCCGACGCTGCTCGCGCCGTCGATCCTCTCGGCCGATTTCGGCGCACTCGCCGACGGGATCCGGGAGGTGGACCAGGCCGGGGCCGACTGGATCCACGTGGATGTGATGGACGGTCGTTTCGTGCCGAACATCACCCTCGGCCCGGCGATCACCGCGGCCGCCGCGCGGGCCACCGACCGCCCCCTCGACGTGCATCTCATGATCGAATCGCCCGAGCGCTACCTCGAGGCGTTCGCCGAGGCGGGGGCCGCCGTGCTCACGGTGCACGTGGAGACGTGCCCCCATCTGCACCGCACCGTTCAGCAGATCCGCGAACTCGGGGTGGCCCCCGGAGTGGCGATCAATCCCGCCACCCCGGTCGACGTGCTCCGCGACATCGCACCCGACCTCGATCTCGTGCTGGTGATGTCCGTGAACCCCGGCTTCGGCGGGCAGTCGTTCATTCCCGCCTCGCTCGATCGAATCCGCCGCACCCGCGACCTGCTCACTGCGGTGGGATCGCAGGCGCGGCTCGAAGTGGATGGCGGAGTCACCCCCGACAACGCCGCCTCGGTCGTGGCCGCCGGCGCCGACGTGCTCGTGGCGGGATCGGCCGTCTTCCGCCATCCGGAGGGGGCCGCCAGCGGTGTCGCCGCCCTGCGCTCCGCCGCCGGCTCTCCCCATCTGCGCTCGGTCTGACCCATGACGACGCCCCCCGTGGTCGACTCCGCCGCCCTCGATCGCCTCACCGAGTGGGGGGGCGACAAGCTCCTGCGCCAGATGCTGCGACTCTTTCTGGAGAACGCGAAGGAGCGCCTCGAGCAGGTGCGGCAGGGGCTGGCACCCGGGGGTGACCTCGACGAGGCGCATCGCTCGGCACACGCGCTGAAGTCGAGTGCGGCCAACCTGGGAGCCATGCAGGTGAGCGCGCTCAGCGCCGAACTGGAGGCGGCCACCGGGGCCGGAGATCTGGAGCGCAGCCGCGAACTTGCCGACGCTCTGGTCGAGGCGCACGCCGCGGCGGACGCCGCCCTCACTCGCGTACTGGAGAGCCTGCCTTGAAGCGTCGGATCGCCGTCGTCGAAGACAATCCGGACAATCGACTGCTCGTGCAGGCGATTCTGGAGGACGACTACGAGGTGAGCGAGTTCGAGACCGGCCGCGAGGCGGTGGAAGGGCTCGCCGAGGCCCGGCCCGAGGTGGTGCTGCTCGACATCTCCCTGCCCGAGATGGACGGCACGGAGGTGCTCGCCTGGATCCGGACGCACCACACCCTGGGCCCCACGCCCGTGATCGCGCTCACGGCGCACGCCATGGCCGGGGACCGCGAGCGGTACCTCGAAGCGGGGTTCGACGACTACGTGAGCAAGCCGATCGTCGATGAAGAGGTGCTCACCGGGGCGATCCGACGATGGCTGGATCGCCCCCGCTGACCGCCGACCCGGGCCCCGCAGCCCGCAATCCTTCCGGCGTGTCCGGCTGGCGCCCCCTGGTGCTCGCGGGCACCGCGCTGATGCTCGCTGCCGCGGCCGTGGCGCTTCCCACCGACAACCTGTCGAACCCGGCCTGGCACCTCGCGCTCGAGGTGGCCTCGGTCTGCCTCGCGGCCATGCTCGGCGCCCTCGCGCTGGTGCGCTACTACGCGCGGCGTCAGCGCATCTTCGTGTTCATCGGCACCGGGTTCATCGCCACCGGCGTGCTCGACGCGGTCCACGCCTACGTCGCGTCGGACCTGCTGGGCGGATCGGGACTGATGGTCTCGCCCGACGTGTACGCCTGGACCTGGCTGCAGGCTCGGGTCTTCCTGTCGCTCTTCCTCGCGGTATCGGCCTTCGCGCCCGAGCCCCCGCCCGGAGCGGAGGCGACCGGGGGCGAGGCGCGCGTTTTCCTCCTGGCGCTCGCCCTCGCCCTCTCCGTCCTTCTCGTGTTCGGACTGGTGCCGACCCCCTCCCTGATCGTGCCGGGACGCGTGCCACCCCGAATCTGGGAGCTCCTGCCGGGCGCACTCTTCGCCGTGGCCGGCGCGGGGTACTGGCTGCGGGGGCGGTGGCGATCCGACGCCTTCGAGTTCTGGCTCGTGGTGGGACTCCTGATCGCCGGATTCAGCCACGCCGGATTCATGGTGCGATCGGTGGCCCTCTACGACCCCTTCTTCGACGCGGGGCACCTGCTCAAGCTCGTGTCGTACCTGGCGGTCGGGACCGGGCTGCTCGTGAGCACCCACGACACCTTTCGGCGAGAGGAGGCGGCCCTCGCGGCCGGTGCAGCGGCCAACGCCGCGCTCGCCCGGGAGATCGAGGTCCGCCGCGACGCGGAGATCGTGCTCCAGCGCAGCGAGGAGCGCCTGCAGAACTTCCTGGAGTCCGCGCACGACCTGATCCAGAGTGTGGACCCGGAGGGGAATCTCCTCTATGTGAACCGCGCCTGGCAGAACACCCTGGGGTACGCGAAGCATCAGATGGTCGGGCACCCGCTCGGCGAGCTCCTGCACCCGCGCTGTCGCGCACGGGTGCTCCGACAGTTCCGGCGGGTTCTCGAGGGCGAGGAGGAGGGCGAGGAGATCCTCGCGGAGTTTCTCGCCCGAGACGGCCGCGTGGTGCTCTGCTCGGGGCGTGCCACCCGTCACGTGGTGGACGGCACCCCCGTGGCCACCCAGGCCATCTTCCGCGACGTGACGGCCCAGCGAGCCGCCGAGCGCGAGCTCGCGGCATCGCGTGCCAACGTGCGCGCCCTCGTCGAGAACACCGGCGATCTCATCTGGTCGGTCGACCCCGAGCACCGGCTCGTCACCTTCAACAGCGCCTTCGCACTGGCCGTCGAGACCCGGAGCGGGCACGAGCCGAAGGTGGGGGACGCTCCCTCCGACATGTTCGGGCCCGAGGTGGCACGCTGGTATGCCGACCTCTACGAGCGAGTGCTGCGGGGGCGCCGCTTCTCCGTGCTGCGCGAAGAATCGCTGCTGGGTCAGGCCCGCGGGTTCGAGATCTTCTGCAACCCGGTACACGAGGGGTCGGGCACCACCGGGGCGGTCATGTTCGGGCGCGACGTGACCCGTCGCCTCGAGGCCGAAGAGGCGCTTCGCATCGCCAAGGACGAGGCGGAGGCGGCGAATCGCGCCAAGAGCCAGTTTCTGGCCAACATGAGCCACGAACTGCGCACGCCGCTCAACTCCGTGATCGGGTTCGCCAACATCCTGCTCAAGAACAAGGGTGGGAACCTCGTGGCGAAGGATCTCGGCTTTCTCGACCGGATTCTCGCCAATGGACGCCACCTGCTCGCCCTCATCAACGAGGTACTCGACCTCGCCAAGATCGAGGCGGGCCGGATGGACGTGGTGCTCGACGAGGTCGACCTGCCCTCGTTCCTGCGCGAGACTGTGGCCCAGCTGGAGGGCCAGGCACGGGAGAAGCGGGTGGAACTCCGCGCCGAGCTCCCCGACGGCCCGGTGCCCCCTCTGCGCACCGACGGGCCCAAGCTCCGGCAGGTGCTGATCAACCTCACAGGCAACGCGTTGAAGTTTTCGGAGGGCGGGCGTGTGACCGTGCGGCTCGAGACCGACGGGCGGGGAGACCCCGCGGCCATCGCCGTCGAGGACACCGGGATCGGCATCGCCCCGGATCGGCTCGAGGCGATCTTCGAGGCCTTCGCGCAGGCCGACCAGAGCAC
CP144380.1_gap25	1058874	1062600	3726	ATGTCGGCCGGCGCCGAGGCGTGGCTCGACGAGTTGATCACCTGGCGGGAACTGGGCTTCAACTACGCGGCCGAGCACCCCGACGACTACGACGACTACGACACCCTGCCGGACTGGGCGCTCGACACCCTGGCCGACCACCGCGCCGACCCGCGGGAGTACACGTACGACCTCGACACCTTCGACGCGGCCGACACCCACGACGAACTGTGGAACGCCGCCCAGCGCCAACTGCGCCGCGAGGGTGTGATCCACAACTACCTGCGCATGCTCTGGGGCAAGAAGATCCTGGAGTGGACTCCGGATCCGCGAACCGCCCTCGACGTGATGATCGAACTCAACAACCGCTACGCGATCGACGGCCGCGACCCCAACTCCTGGAGCGGAATCTTCTGGGTACTGGGCCGCTTCGACCGCGGCTGGCCGGAACGTGCCATCTACGGAAAGGTACGTTCGATGTCATCTGAATCGACCCGCCGCAAGGTGTCCGTCGACAACTACCTGCAGCGTTTCGGAAAGGACTCCGACTGATGCCGACCTTTCGACGGTCGATGACCGTGCCTCACCCCGTGTCCGACGTCTTCGCCTGGCACGAGCGGCCGGGCGCACTCGAGCGCCTCACCCCTCCCTGGGAGAACATGCGCGTGGTCCGCCGCAGCGGCGGCATCGCCGACGGCGCCGTGGTCGAGATTCGCCACAAGAAGGGGCCGCTCGACCTCTCCTGGGAGATGGAGCACGTCGACTACGAGCAGGGTCGCCGGTTCGTGGACGTGCAGCGCAAGGGGCCCTTCCAGTCGTGGCGGCACACGCACGAGTTCGCGCCGACCGACGACGGCGGCACCCTCGTGACCGACACGATCGAGTGGGAGCCTCCGCTCGGCGCGGCGGGCGAGGTACTGGCGGGTCCGATTCTCGAGAAGGAGCTCGAGCAGGGCTTCGCCTTCCGCCACCGCCGCCTCGCACACGACCTCGACCTGCACGCGCGATGGGCCGGGGCGCCCCGGCTGACCGTGGCCATCACCGGGGCCGGAGGTCTGATCGGTTCCGCGCTGTCGCACCTGCTCACCACCGGCGGGCATCGGGTGGTGCGCATGGTCCGCAGCCGATCCCGGGCGACGGACGGTGCGGTCTACTGGAACGCCGACACGGGCGAGGTGGACACCGCCGGCCTCCGGGGCGTGGACGCCGTCGTGCACCTGGCGGGCGAGCCGATCAGCGGGGTGCGCTGGACCGATGCCAAGAAGCGGGCGATCCGGGAGTCGCGGGTGAAGGGCACGGCTGCGATCGCAGGGGCGATCGCCGGCATGCACGATGTGAAGACCCTCGTGATGGCCTCGGCGGTCGGCTACTACGGTGGCCGGAAGGACGAGATCCTGACCGAGACGAGCGCGCCCGGAAAGGGGTTTCTCGCCGAGGTGTGCGTCGAGTGGGAAGCCGCCGCCCGCAGAGCCGAGGGCGCCGGGGTACGCGTGGTGAAGATCCGCAACGGCCTGGTGCTGAGCCCCGCCGGAGGGGCGCTGCCCCTCATGCTCACCGCCTTCAAGTCCGGACTCGCGGGACGGGTCGGCAACGGGCGCCAGTACGTGCCGTGGATCGACCTCGACGACTGCGTCGGGATCTTCTACACGGCGCTGATGAACGGGGCGGTGAAGGGGGTGCTCAACGGCACGGGCCCACACCCGGTCACCAACGCCACCTTCACCGATGTGCTCGGGCGAGTGCTCAACCGACCCACCGTGGTGCCGCTGCCCAAGCTGGCGGTGCGCGCGATGCTGGGCGAGATGGGAGACGAATTGCTGCTCAAGGGTCAGCGGGCGCGCCCCGCGGCCACCCTGGCCGCGGGGTACGACTTCCGCCGCGAGGACCTCGAGGCATCACTCCGGCACCAGCTCGGGCGTCCCGGCTGAGGCCGGGAGCTCCGCCATTGCGGCGTCGTACCCGGGGCCGCGGGTGGGCTCCATGCGCACATCGCCCGGAGTGGCCGGCTCCCACTGGGCTTCGAGCCCTTCGTCCTCGGCGATGCAGCTGTACGTGGCCTCGGCCGAGAGGATCACGCCGGGCACCCCGGCGCCGGGGTGCGTACCCGCGCCCACGAGGTACAGGCCATCCACGTCTTCGCTGCGGTTCTGGGGCCGCAGGTAGGCCGTCTGCGTGAGGCGGGGTTCGACCGCGAAGGCGTTGCCGAAGGTGGCGTTGAGCTCGGTCTCGAAGTCGTCCGGCGTGAAGATGTGGAGCACCTCGAGGGCGTCGCGCAGCCCCTCCATGCCCCACTCCTCGAGAAACTCGAGCACCCGCTCCGCCAGAGGCTCCTTCACGGAGTCCCAGTCGATGTCCGCGCGCTTGTTGGCCACCGGAATGAGCACGTACATGCTCTCGCAGCCCTCGGGGGCCATGTCGGGATCCGTGCGCGTGGGGGCGTGCACGTACATGCTGAAATCGTCGGGCAGCACCTTGCGATCGAAGATGTCGCGCACGAGTTCGCGGTAGCGTTCGGAGAGGATGAGCGTGTGGTGCGCCACCTCGGGCCAGGTGCGGCGCGTACCGACGTAGAGCAGGAAACAGCTCATCGTGTAGTGCGTGCGATCGATGCGGCGGTCGGTCCAGTGCCGGCGCTTCTCCGGCTCCACGAGCGCCCCGTAGGTGTGACCCACATCGGCGTTCGACACGACGACGTCGGCGGGGAAGGTGGTGCCCGCCGCGCGCACCGCCGTCGCCCGTCCGTCGGTCACCTCGATCCGCTCCACCTCGTGGTCGGTGCGGATCTCGCCACCGATCTCTTCGAACACCCGGCCCATGGCCTCCACCACCGAGTACATGCCACCCCGGCTGAACCACACGCCCCCCAGCTTCTCCAGCATCGGGATCATCAGGTAGACCGACGGGGCGGAGAAGGGGTTTCCGCCCACGAAGAGCGGGTGGAACGAGTAGACGAAACGGTGGCGGAAGTCCTCGAAGTAGCGCGCGACGAAGTTGTGAACCGGCCGCCACGCGCCGAGTTTCGCCACCCGGGGAAGGAAGCCCAGCATCTTTCCCCAGCTGTCGAACGGCTTCGAACCGAGCCGGTCTTCGATCACCGCGCCGTAGATGGGTTCGATGGCCGCCATGAAGTCGTCGTAGCGCGCGGCGTCACCCGGGTTGAACCGGGCCATCTGCTCCTTCATGCGCTCGGCGTCCGACACGTAGTCGATGTGGGTGCCGTCGTGGAAGTGGATGCGGTAGAAGGGATCGAGGGGCACCAGGTCCACGTAGTCGACGAGACGCCGCCCCGCGGCCTGGAAGACCGCGTCGATGATTCCCGGCGCCGTGATCAGGGAGGGGCCCATGTCGAAGGTGTAGCCGCGGTCCTTCAACTGATAGGCGCGCCCTCCGATTCGCTCCCGCTTCTCGAGCACCGTCACCTGCATGCCGGCGGCCTGCAGCCGGATGGCCAGCGCGAGACCGCCGAATCCGGCACCCACGATCACGGCCCGGCGGCCGTCGTTCGCCTCATGGTTCATGTCGCCGCTCCATCGTGTGCTGCGAGTTGAAAGCCGACCGCGGCAGGGGCCGGTGCGCCCTCGACCGCGAGGCGCGCCGACCGGAGCTCCCTCAGGCCCCGCCATCCGAGGCGGAGCTTGTCGACCCGGCCGGTGTGAGCGCGCAACGTGCCGTTGTCGTAGTGGTTGCGGCGGATCGCTTCATGAATTCCCTGATATACGCGCGCGGCGACGGCCACGGGCCGGGCGT
CP144380.1_gap26	1070558	1073792	3234	AGAACTCCGGATCGTGCGGTATCGCAGGGAGGGTCGCATGGCCTACTACCGCCTCGACGACGGCCACGTGGCCGATCTGTTCCGTCTCGGGCTCGACCATGTCCGCGAGTAGTACGGTGCCCCCGTCCGACACCGCGCCGCCGTCGGTGGTCACGACCGCCACCTTCGACGTTCCGGACATGGACTGCGCCAGCTGCGTCGCCAGGATTCGGGGGCGGCTCACCGCGCTCGACGGGGTCCTGGGGGTGGACGGCAGCCCGATCTCCAGAACGCTCTCCGTGGAGATGGACGGGGCTCGCGTAACGGACCGGCGCGTACGCGACGAGGTCGAGCGCCTCGGCTACGCGGCTCGGATCCACACCGGTCGATCGCCCGCGAACGCGACCTCTGGGGTGTGGCGCGGCGGAGTCGCGCGCATCGCGTACGCATCGATGGCGCTGTTCGTCGTGGCCGGCCTCGCGCGATGGACCGGCTACGATCCGCGGATCGCCGCCCCGTTGGCTCGCGCCGCGACCCTCTCCGACCTCCTGTTCGTGGTGGCGGCGCTCGTCGGCGGCTGGAACTTCTTTCCCCGCGGCGTCGCGGCGGCGCGTGCGCTCGCGCTCGACATGAACTTCCTGATGACGGTGGCGATCATCGGGGCCGTCGCGGTCGGAGAGACCATGGAGGCCGCCGCCATCGCCTTCCTCTTCGCCCTGTCGGAGCTGCTGGAGAGGTATGCCGTCGACCGTGCGCGCGGCTCGGTCGAGGCTCTCATGGAGCTGTCGCCCGACCGGGCGCGTCGCATCGATGCGGCGGGTGAAGAGGAGTGGGTCGAGATCGAGGCCCTGGTGGTCGGCGACGAGGTGGCGGTGCGCCCGGGCGACCGTGTGCCTGCCGACGGCATCGTGGTCGCCGGTCGATCGGCGATCGACGAGTCTCCGATCACGGGCGAACCGCTGTCGGCGGACAAGTCCGTCGGCGACCGGGTGCACTCCGGCACGATCAATCGCGAGGGCTGGCTGCGCGTGCGTGTGGAACGCCTCGCCGCCGACAGCACCCTCGCCCGCATCATCCGCCTCGTTCAGGACGCGGAGGGCCGAAAGACGCACACCGAGCAGTTCGTGGCGCGGTTCGCGCGCGTGTACACCCCGATCGTGACCCTGGCGGCCGCCCTGGTGGTCGCGATCCCGGTGCTTCTGGGTGCCCCCTTCGAGCCCTGGTTCGTGCGGGGGCTCACGCTGCTCGTCATCGCCTGTCCGTGCGCACTCGTGATCTCCACCCCGGTCGCGGTGGTGAGCGGGATCACGGCAGCGGCTCGAAACGGGGTGCTGATCAAGGGCGGGCGGTATCTGGAGGCGCTCGGAGAGGTGAAGGTGTTCGCCTTCGACAAGACCGGCACGCTCACGCACGGGCGGCTCGCAGTGGAGCGAGTGGAGTTTTCCGACGGGGTGGAGCCCGAGGCGGCACAGCGGCTGTTGCGTGCGGCGGCGGCGCTCGAGCGACGCTCCGAGCACCCGCTCGCGCGCGCGATCGCCGAGCACTGCGGTGCGATGGGACTCCGGGCGGACACGCTTCCCCCGGTCGCGGACTTCCGCTCCGTGCCGGGTCGGGGCGCGGAGGGAAGGGTGGACGGACGGCTCGTTCGCATCGGAGCGCCGGAGTGGCTCGAGGTGGACCCACCCGGCGAACCGGAGGTCGGCCGTACGGTGGTGGCCGCGCGGGCGGTGGACGACGCCTCCGGAAGCCGTCGCGAGACCGTCTGGTTCACCCTCGCGGATCGCCCGCGAGAAGGTGCGGCGGCGGCACTCGACGCGCTGCGGGCCGGCGGGGTCGTGCACACCGTGATGCTCACGGGCGACGGTGAAGGTCCGGCGCGGGCCGTGGCCGCCCGGGTCGGCGTGGACGAGGTGCGCGCGCGAATGATGCCCGAGGACAAGGTTCGGGCCCTCGAGGAGCTCGAGCGGATCCATGGGCCGGTGGCGATGGTGGGCGACGGAGTGAACGATGCACCGGCGCTGGCTGCCAGCTCCGTGGGAATCGTGATGGGGGCGATGGGGAGCGACGCTTCTCTCGAGACGGCCGACCTCGCACTCATGGGCGACGACCTGTCGCGTCTCGCCTACGCGCGCCGAATGAGCGGCCTTGCACGGCGCGTGATCCGCCAGAACATCGCGGCGGCGATCGTGGTCAAGGCCCTTCTGGTCCTCGCGGTTCCGTTCGGCTGGGTGCCCCTGGTGGCGGCGGTGATCGTCGGAGACGTGGGCGTATCGCTGGGAGTGACCGTCAACGCGCTCCGACTGGCCGCGGTGCGAGACGGGCGCTGACGGGAGAGGGCAGGGAACCGGCTCGACAACTCCGCCCCGACGGGGGATCTTGAGTAGCTGGATCGGCCGGGGTGGTGAAATCGGTAACCACAGGGGACTTAAAATCCCCCGGGAGCAATCCCTTGCGGGTTCGAGTCCCGCCCCCGGCATCGCCCGTGCTCGCCGCGTCGCCGGGACTCTCACCCGCGGAGCCGCGGCGTCCTCGCCGCGACTCCACTTGCGGGCTCGGCTCCGCCGTCCCCCTCGCTCCTGCTCGGGTGTTCGAGTCCCGCCCCCGGCATTGCCCGTGCTCGCCGCGTCGCCGGGACTCTCACCCGCGGAGCCGCGGCGTCCTCGCCGCGACGGCGAACCCGTCGCTTCTCCCTCGAGGATCCGCACCAGCAGCCCCAACCGTCTGCCCGATATGCGCTTGGGCGCCTCGCGCAAGACTCCGCCGTCTCGACTGTACATCTTCCGTACAGGTTTTTGCTTGACATTCGTACATCCTTCCATTTGCTTGGGTCGCGAACCCCTTCGACGACCCCAGCCATTGGATCGATCATGCGCTCCCTCAGAACCCTCTCAGGTGCGGGACTCGCCCTCGCGGCGACCCTCTTCGCTGCCGCCTGCACGGACTCCGCTCCGCCGACGGCTCCTCCCACGTTCGGTGAAGACGTAGCCGCCGAGCCGACTACCTCCACGGCGCCCGGCACCATCGCCGACATCGTGGTGTCGCTCGCCACCGGCGACGACCCCGAGTTCACGGTGCTCCTCAAGGCGCTTCAGGTGACGAGCCTCGTGCCCGCCGTGGCCGGCGACGACATGCTCACCGTCTTCGCCCCGACCGATGCGGCCTTCCTGGCCCTGCTCGAGCGCTCCGGCTTCGAGCCGGCGCCGCTGAACGACCTCGGCAGCATCGACGACGAACAGAAGCAGCTGCTCACCAGCA
CP144380.1_gap27	1076931	1081163	4232	TCGGGCAGAATCTGCCCGCGGAAGACTTCGGGCTCGCCGCCCGGACGGTGGGGGCGCAGTTGATCGGGATCAGCACCGTCAACCCGCTCGACGCCGACGGTGTGCTCGACCAGTTCCGCGTGCTTCTCGATACCCTGCCGGAAGGCGTCGAGGTCGTGGTCGGGGGACGCGTGGCTCCCGACCTCGCGGTTGCCCTCCCCGACGCCCGACTCACGACCGTGGAGTCGCTGGCGGCATTTCGAGAGGTGCTGCGCAACGCTCGAGACGCCGAGGACTAGGCTCCCTCCACGCGCATGACCTGCGCCACGAACCGATCGAGTTCGTCGCGGAACCGAATCAGCACGCGGTCTCCTTCCGCGTCGAGCACCCACCAGTCCGCCGGGATCACCAGGCGTACTTCGGGTTCGTAGTCCGACCCGACGCGGGTCCAGGTGACCGAGTCGACACCGGCGGGTGCCCACTGCTCGACCCACACGTTCCCCGCGCGATCCCCCATCATGCGGTCGATCGCGGGAAGGGTGTCGTGGTGCGGCATACCGGCCCACAGGTCTCGCATCGTCGCCAGGGTCGCCGGCACGTCGATCGGCGGCCGCACCGCACGCGCGATCCGGACCAATCCGGCACTGTCCGATTCGAACGCTCGCCGACGAGCCTGCTCGAGGTCGTCCGGAGTGGCGGGCGCGATCGGGATTCCCGGCGTCACCCGATCCTGCACCGTGCCGTCCGGTCCGAGGGCGAGCCACTCCGATTCGTGCGTACCCGCGAGCACGACCCGATCACCGGCCACCGTCACCCGAGCTTCGGGGGAGAAGATGGCCTTGGGTGCACCGCTGCTCGGCGGCTCGCTCCACACCCAGTGGCGCGCGTCCGGGCGCTGGAGCAGGGTGTCGGTGCCCTCGGCTCCGAACCGCAACAGTCGCAGGGTATCCCGCTGCTCGCCGGGCGGCAGGCGGGTGAGCCGGGCCTCCGGGGTGGTCGCACCGACTACGGGGTCGCCGGTCGGGAGCACGCCATCCATCGCGGCGACCGTGCCCACGAGGGCCCCGCCGCCGACCACCCGCGTGCGCGGGGGCTCGCCGGGTCGGAAGATACCCATGCGACCACCCACCACATCCATGCCTACGAGGGTGGACCCGTCGCTGGAGTCCAGCCAGACGATTCGGTTGAACTCGCCCGGCCCCTCCCCCCGACCGCCGTACGAGGCGACCGGCTGCGAGTCGACGTCGTAGGCTCGGATCTCCACCGCCTGACCGTCGACGAGAGCCACCTTGCCGTCGTCGAGGAGTACCCCGTGAGTGATCGTGCCGAAGAGCATTCCCTCGCGCTCGTCCGCTCCACCGAACTGCTGCTCCAACGTGAGCGAGCCTCTCGGCACGGACGCGTCGAAGACGTCGCCTTCCGGGGTCGACGTCGGATTCGACTCCGCGCATGCGGCGAACACGAGCAGGGCGGGGAACAGGGAACGCTGGAACGGCAACACGATCGGTCTCCTCGACGGGTGTGGCGTGAAGCCGAAATCATGGCGGCCGGAGACCGGTTGCGCGAACCGGACCCGCTGAACCGCCCTCAGCCCGCGGGACTCGCGCTCGCCGTGGACTCGAGCCCCCCGCCTCCCCCCGCCGCACCCACCGAGGCATCGCGGGCGCGGACCCGGAGCAGCAGATCGTCGTCGGAGCGTGGGGTGCCACGCCCGTCGCGATTGCTGGTGCCGACCCACACACTTCCGTCCGGGGCCACGGCCACGAGACGCAGGCGGCCGTAGCCTCGATCGACGAGCCACTGTTCACAGACGACGGCGGTCGGCCCCGCGTCGGAGAAGGGCATGCGACGCAGGCGACCGTCCACGAGGCCGGTAACCAGCGCGGCTCGGCCCCAGGCGCTGGTTTCGCCGCTCACCGCCAACCCGCCGGGAGCGATGCTGGGTGTCCACTCCACCGCGGCGCCGACGAATCCCCCACCCTCGGAAGCGCCGGCCACCGTGGGCCATCCGAGGTCGTCGCCCGGACGGGCGATGTTGAACTCGTCGTTTCCGGCCCGGCCCAGATCGTTGGGTCGTCCCGAGGGCCCGTGGTCCACCAGCAGGATCTCCCCCGTGTCGGGGTGCCACGCCAGAGACTGGCTGTTCCGGAGTCCCCGAAGTACCACCGGCAGCGGATCACCGGCGCGCAGGGGAGCCGGCACACCCTCGGGGTCGTACCGCAGCAGCTTTCCGGCCGCCCACGCCGGGTCCATCGCCCACCCGGGCTCCTGATTGTCGCCGTTGCTCAGATGAAGAAGGCCGTCCGGGCCGAAGGCGAGGGCCCCGCCACCGTGGATCTCGCCCTCGGGAACCACCTGCACGATCGACTCGGGCTCCCCGGCAGCCCCGGTGACGGGATCCACCTCGAACCGCAGAACCTCCAGAGTGCGGGGCTGCCCGCGCCGAGGGTCGACGGCGCGCGCCACGCGCCGGCCGACCCCCTTGAGGAGCCGCAGCGGCGGGGGGCCCAGGGTCTGGTCGAACGCGGCGGCCACGTACACCCGGATGCGGCCGTCGTCCTCGACCCGGGCATCGATGCCCATGAGGCCCACCTCGTCGTCGGCGAGTCCGTCGACTTCGGCCCAGGGGGCGGGCTCGAGCCGTCCCGTCGCCACATCCACGGATCGAATCCGCCCGACCCGCTCGGTCAGCAGCGCCCGACCATCGGGAAGGAACGTCACGTCCCAGGGGATCTCGAGTCCCCGGGCCAGCGTGTCGATCGCCAATGCAGGAAGGGGCTGATCGGGCCCGCACTGCGGGAGCGTGGGGTCGGAGAGTCGAACACCCAGCGACTCGGCGGCCGGCACCTCGGGGGGCTCGCCTCCGCAGGAAAGCCACCCGAGCGCCGCCGCGCAGAGGAGGACCCGGGAGCGGCGCATGCCGTCGCGCGAAAAGGGGGTGGAACACATGAAGGGCATGACTCTCCAGTTCGGAGGAAACGAGACCGACGCTTCGATCACGCGCCGCGGAAGCCTGCACGATACCCGTTCGTTGCTCGCCCGTTGCACGAACCCTATGATCTGCGGTGTCCGTCGACCGACCCTGCGGAGCCCCCAACCGAGCGTGCGTCTGATGCATCAGAGTCCAGGTTTCAGGCTGAACAAACCCCTCGTCGCTTTCCAGGAGATCGAGGGTGAGGCGATCCTGATCAACTTCGACACCGGATGCTACTTCAGCGCCAACGAGACCGGATCCGCCCTTCTGGAGTTGGCCGACTCCGGGGCTTCGACCGCCACCCTGGTCCAGGGGCTGGCGGAGCGCTGCGGCATGGAGTCCACCGAGGTGGAGGCGGCGGTCGCGGCATTCCTGAACGACGCCGAGTCGGAGGGGATCGTCGTCCCGTTCGAGTCCGACGGTTCCGCGCAGGGCCCGCCGGAAGCCGCCGAGCGCCTCGCGTACGACGCCCCGCGTCTCGAGAAGTTCGACGACCTGCAGGATCTTCTCATGCTCGACCCGATCCACGACGTGGACCAGGTGGGATGGCCGATGCAGGCACCGGCCGACACACCGGCGCCGACCCCGAAGCAGGGCTGAGGTGACCGGCGCCGCCTTCGTCGATGAGATGGCCGCCTCGTTCCAGCGCGCGGCCGAGGTGTGCGAGCCCGAGGAAACCGAGATCAGACTCGGGTCGAGCCGTGCGCGCCTGCGATGTGCCGGACCCGCGCTGAACCGCGCATTCGGGCTGGCCTTCGAGCACCTGGCGGCGGCTGCGCCGGTGTCGGGTTCGACAAACGACGCGCTTACCGTGCGACTCTGGGACTCCGCGTCGACCGGAGTTCAACCTCCCGCACCGCCGTGGTCGGAGCGTGAGTTTCAGGCTCGCGGGGAGGTCGGGCACGATTTCGGAGACGACGTGCGCCTCTCGTTCCGCATCGACTCCGGAGTGCTCAGCGTGTTCGAGCCGTCCACGAACACCGCCCACTGCTGGGTGCGCGACCCCGACGACCTCCCCCCCTGGGAGATCGCCGCTCCGCTGCGTCCGATTCTCGCATGGTGGGCCGAGAACACCGGACGTCAGCTGGTCCACGCGGCTTCGGTCGGCCTCGACGACGGGGCGGTACTCCTCGGTGCGAGGGGCGGATCGGGCAAGTCGACCACGGCGCTCGCCTGCCTCGAGGCCGGCATGCTCTACCTCGGGGACGACTACGTTCTACTGGAGCCGGGCGAGCCGTGTCGGGTCAGCAGCCTCTACTCGACCGCGAAGCTGATCCCG
CP144380.1_gap28	1082800	1086518	3718	CCAAGGATCGGGGCGTTCCGATGACGATCGTCGACGATGTGATTCTCGAGAAGAGAATTCACGACGCGAACATCTCCACCGCGGGAGCGCAGAACATGCCCCATCTCATGGAGGCGCTGCGCCGGTCGATCCAGCGCCGACGGGGAGGGTCGACATGACCCCCCTGGTGTCGGTGGTCATCGCCGTGTTCAACGGGGAGCGCTTCATACGAGAGGCGATCCGCTCGGTGCTCGACCAGGGTCACGAGGCGCTGGAGTTGATCGTCGTGGACGACGGGTCCACCGATGCCACCGCCGAGGCGCTGGCCGAGTTCTCCGCCATTCGAGCCGTTCACCAGGACAACGGTGGGCAGGCCTCCGCCCTGAACCACGGCCTGCGGCTGGCGAAGGGCGACCTCTTCGCCTTCAACGACGCCGACGATGTCTGGACGCCGGGTCGGCTTGCGATCCAGCTCGAGGCCCTCGCCTCGGATCCCGGGCTGGAGGCCGTCTACGGCCATGTAGAACAGTTTCTGGAAGACGACGCCCCGGCTGCGGTCCGGGCCGGGCTCACGCCCGAGCGCAGGGTGATGCCCTCGCGGCTGCACAGTGCGATGCTCGTGCGCCGGGAGGCGTTCGAGCGGCTCGGTCCCTTTCGCACCGAGATCGGGATCGGGTCGGTCGTGGAGTGGGCGGCGCGGGCGAAGGACGCCCTGTCCGACCGCGTTCTCGACGAGATCGTGCTGCGACGACGCCTCCACGGAGCGAACATCGGAGTGACCCGGAAGGCGGCGGCAACGGAGGACTATCTCGCGATCGTACGGGCCGCCATCGCCAAGCGGCGGGAGAGCGGGAACTGATCGAGGTGTCGGCGGCAGCCCCCTTCGCGGACTTCGACGACGCGAGCCGACAGCTCGTCGTCGCGGCTCTGGGAGGCCGGGAGGTCGCCGCTGCGGCCTGGTCGCAGTGGAGTGCGCAGGTGACACTCGACGCCTCGCCGCCGGCCGCCTTCGCCGTGCTGCCCGCCGTGTCGCTGAATCTCGACCGCCTCGAGCTGGCGCCGCCCGAGGCCTCCCGGCTGCGCGGCATCTTCCGCTACGCCTGGACGCATGTCCAGCTCACTCTCCGCGACCTCTTCGAGGCGGTCGAGGCGCTCGGTCGAGCGGAGGTCCGGGCGCTGGCGCATCGCGGGGTTCCGGCGACGTCCCGCGCCCTCGGCCACCCGGCGGCCGTCTACGCCGATCAGGTCGACCTTCTCGTTGACCCCGTCGATCTCGACCGCGCCGCCGACGTGCTGAGGGCGGGGGGATGGACTCCGGCTCGTTCGGTGCCCCCCGACTCGGTCCGAAGCGCCTTCTCCGACCTCGCGTTCGAGCATGCGGAACGTCGCCGGGTCGTGCTGCACTGGCGCAGCTTCCCGCCCGGCGCTCGCCGCCGGTGCGACGGGGCGATCCTCGATCGGGCGATCGAATCACTCGTGCAGGAGAGACCCCTGCTCGTTCCGGATCCGACCGACCACCTCCTGATGCTCTCCATGCGGGCACCGCTCGTGTCCGAGGTGGACCGTGTGAGGTGGGCCCTCGAGCTGTGCGCCCTGCTCGCACCGGAGGCGGGCGTGGACCGGGCCGAGTTCGCGAGGCGCGCAGAGGAGGGCGGGGTGCTCGCGGAGGCCGCCGACGCGCTCCGCTGGGCCGCGCGGAACTTCGGGGATTCGCTTCCATGGACGGTGTTTCCCGATCTCGCGGGCCTCCCCGAACCCCGTCGGTCCGGCCGGGTGCTCCGGGGCGGCAGGGCGCGACGCGCCATCGGTGCAGCGGCCACTCGCTACTCGGAGTGGTGTCGGCGCCACGGGAAGGTTCGGACGCCCTGGGGCTTCGTCGGGTTCACCACGCGATTCTACGCCCATGAGTGGGAGGCCACGGGTCCGGGGGCCTTCGCGCGCGCCGCGGTTCGCCGGTGGCATCGCCGGCCGACCCGCTCGACCGTGGACGGACCGTGATGCCCAAGCCCGACCACGACGCCCTGCATCGTCTCCTCGTCGACCTCTGCCGGCGCGACGCACCCTCGACGCTCGGGCCGCGGGTGCTCGAGCCCCTTCGGTCGGACGACGCCTGGACGGCCTTTCTCGAACGGGCCACGGCGCATCGGGTCGGAGGGGTCGTGCTCACCGCGCTCGAGCGGCTCTCGAAAGCGTCGCCCGAGGTGGCCGCCCTGGTGCCCGGACCTCGGCTGGCCCCTCTCCGTCTCCTGCGACGACAGGCCCTGGGCTGGGACCTCGAGCAGGCCCGCGTGCTCGCCTGGCTCGGCAAGCACGGCATCGAGCCCATCGTGCTCAAGGGTTGCGCCCTCCGCCACACCTGCTACGGGGAGTCGGCGGAGCGACCGGTGTCGGACCTCGATCTGCTCTTCGAGTCCGCGCAACTGAACGACGCGCGGGTTCACCTCGCGGCACTGGGCTACGTCGACCCCAACTCCGACGCCAGGAACGCCCTGTACCGTCGCCATCACTTCCATCTGCAGATGGAGCACCCGAGCGGCTTCGCCATCGAGCTCCACTGGGCCCTCACCCCGCCCGGCCCTCGAGGCCGCATCGACCCCATCGACGTCCGCACGGGGGCGACGCGGATCGCCGGTGCGACGCTCCCGTTCAAGGCGGCCTGTCCCGAGCACACGGTGCTGCATCTCGCCAGCCAAGCCGCCGAAGGGTCGCTGAGTCACCTCGGCAGGATCGTCGACATCGACCGGATCGTCGCGGCGGCGGGCGACGACTTCGACTGGGGTGCACTGGCGGAGGTCGCCCGCCGGGGCGACCTGGAGAACGCCGTCGCCGTGGCCACCTCGATGGCGGCGCAGCTGTTCGGCACGCCCGTGCCGCCCGACTTCCCACGCGCCCTCGGTGTGTCCGGCTGGTCTCGCCGGAACCTCCGGGCTCTCGATCCGGTCCGGTGGATCCTCGACCAGACCGCCCTCCGATACATGGCCGCCGGGGTCGTGATGCGCTTCTGGCTCGAGTCGACCGCAGCGGCACGCGCGGACGTGCTTCTGCAGGCGTGCGGGCTCCGTCGGAATCCCATGCGACTGCTCGATCGCGGGCGCGAGGACGCCCCGGAGTCGGCCGGAATCCGGCTCCGGATGCGGGTGCCCACCGTGTTCAAGATCGCCAGTCTTCAAGCGGCGGCGTGGTTGGCTTCCGCCACTCCGCCCGCCCCTCGAGCGCTGCCTCGCCTATGGGATCGACCCGAAGCGCGATCCACTTCACCGGAAGCTCCGGCTCCGTGATATTCACGGCATGATCGTCCACCGCCGCTCCCGCAGCTCGATCGGCCTCGTCCTCGCGACGCTGATCCTCGGGCTGATCGCTCCGCTCGGAGGCGTGCAGACCGTATCGCCCGCCCCGGGGTCGGGCGTCGGCCAGGCGTGCGGGATCGTCCATCCGGCGGTCGGGCCCGTTTGTCGGCCTGCGGCCTTCGCGGCGGCCGCCCCTCTCGGGGAGGCGATCACCTCCCTCTGGTCTCGGGCCGTCGAGCAACCGAGCACGGAACGCGCGGGCCCCGGCCCGATCGGCCGCGCGGCGCCCTCCGTCGCCCTGGCGGGTACGGGCTTCGCCGACCCGCGCCCCCACACGCCGGGCCTCCGGCACCAGCTCGCCCGGATCTCGGGTCGAGCGCCCCGCCCCCCTCCGATCGCGTCGTAGTCGCCGACGACGCCGGCCGGGCCCTCGCGCACGGCCACCCATTCGC
CP144380.1_gap29	1152985	1155336	2351	CTCCGATCAGGCGGCCCTGTGGTGGCCTCTGGGTGGCGACTCGATCGCAGCCATGTGGGTGCGAGATGATGGCGCACTCTGGGGACTCCGTCTCGACGCGGTCCCCGAGGTGATGCAGGGGTCGGCCGTCCAGGTGATTCCCGAGCCCGAACCACCCGTGTCGCTGCGCGTGGAAGCCGCGCAGGTCACCTGCCCGCGCGACGGCGGATAGGAGTGCGCACGGGGGCGGGGGGATCGCGGTGCGCCCTGAGGTGGGGGATCGCGGTGCGCCCGGAGCGAGGGCGGGAAGAACCCCCCCTTCGAATGCCGTCGGCCGGCGACTGAGACGCGACGGAGCATTCACGCTACGGTTCGTGCCAGTCGCCTTCCGTTTGCGCCTCCACTGGTACGAATAGGGGCGTGAACGCTACGCCGCGTCGCACGCGCCGCGGCGAGGGGCTCGATTGCCGGATAATGCCCGGCACGGGGTCGCCAAGCCCGCGCCCCCCCGTCAGCCCGTCCCGCCCACGAAGGCCGCCACCTCGGTGGCGGTCTGCTTCGCACTTCGGCCGACGCCGATCAGTGTGGCGGCCGCGAACCCGACCCAGCTGCCGTACCCCACGAGCCAGAGGCGCGGGTCGCGCACGGAGCGCGTGCCCTTCACGGCCACCCGCCCGTCGTCGTCGATCACTCCGAGCGGCCGCAGGTGATCGAGCGCCGGCCGAAAGCCCGTGCACCAGATCACGGCGTCGACCGATTCCTCACTCCCGTCCGGCCAGACCACCCCCCGCGGCGTGAAGGCCCGTGGCGGACGGCGGTCATCGGAGAGGCGACCGGCGGCCCGCGCCTCTCGCACCGGCGCCACCTGAACGATGTCGGCGAGGGTGTAGGGGCGACCGGGGTCTTCCCCCGCCTTGATGGCTGCGTAGCGGGCCGTGGCCCGGTCGAAGAGCACGCGGCCATCCACCTCCTCGGGAAGAAAGCGCGGAGGCTCGAGCGTCACCCAGGTCACCCGGGCGCTCTTTGACAACTCGGCGGCGATCTGGGCTCCCGAGTTGCCCCCGCCGATCACCAGCACCCGCCGGCCCGCGAAGGGAGCGGGGGTGCGATAGTGGGCCGAGTGCAGCTGCGCGCCTTCGAACGCCTCGCGACCGGGGATCTCCGGCACGAAGGGTCGCGCCCAGCTCCCGGTCGCACTGATGACGGCCCGCGCCTCGATCGCACCTCGATCCGTGTCGACCGCCAGACGGCCGTCCGCGCCCTCCCGGACGGCCGTGACCGCCACCGGACGTTCGACCGGCAGCTCGTAGCGCGCTTCGAAGGCGCTCAGGTAGGAGAGCACGTCGTCCCGGGTGGGGTACTCGGGCGCGCCGCCATCCGGGTAGCGCTCGGCCTGGGCCCGGGGCAGGGGCCAGCCGGGCAGGGAGCTCCACTCTGCGGGAGAGAAGAGCCGCAGGGAGTCCCACCCGTGACGCCACGCGCCCCCGGGTCCCGGCTGGTCGTCGAGGAGGGTGTACGTGAAATCGGTATCGCGCTGCGCGCGCCTGAGGTGGTATCCGAGGGCGAGGCCCGCCTGGCCGCCGCCGATGACGACGACATCCTGTCGGCGGGCCCGCCGGTCCGTGCTCGCTTCCATGCGTTCCATGCCCCATGCTCACGATCCACCGAGCCGACGGCAATCCCCCCGACCCGCGGTGGTTCGGAGGGGGCGCGCCGCGACGGTCCATTCTGGCCGCCGACCCGGCTCGCCCAGAGCACTCGGGAGGCGGAGGCCATGAACATCGAAGCGGTCGGCGCGGCCCTGGTTCTGGCATCCTTCGCGGTCGCGGCGTTGATCGTACCGTGGATCCTGTCGGGGCTTCGGGACCCGGGCCGCCATGACCAGGCTCAGTCGAGAGCGAGGGAGCGCCGCCTGTGGCTGGCCCTCGCCGCAGTCCTGCTCGGCATCTACGCCACCCTGAGTCCCGTGCAGCGGTGGGCCGCCGCCCTCCGCGACCGCGGTCAACTCGAGGTGGTGACGGCCGGGGCTCTGCTCGCGCTCGTGGTCGTCTCGGCGATCGCGTGGCTCCGCACTCGCCCCGGAAGGCTGGAGACGGGCGTGGCCTGTGGCCTCGGGGCGGTGTACGTGGCCACCGTGGTCCGGCTGCCGGAGCCCGAGGCTCGCTCCCACCTCTTCGAGTACAGCGTGGTCGCCGTCCTGATCCTGCTCGCACTGAGGGAGCGGCGAGCCAGGGGAGAGCGGGCGCCGGCACCCGCCCTTCTCGCCGTGCTCGCAACCGCGGGCCTGGGGTGGCTGGACGAGGGTATTCAGGCGCTGCTGCCCAACCGCGTCTACGACCTCCGCGATGTCGGGTTCAACGCGCTCGCCGGCG
CP144380.1_gap30	1259115	1262951	3836	CGAGAACCGCTCGAGGTACTGCTCGAGGGAGATCTTCGAGGCCTCCGGATCGGCCTGGCCCACCGACAGCGCGATGCGCTCGAGCTCGGCCACCGCCGTCTCGGCCTGACCCGAACGCCAATTGACGTAGTAGATCACGGCGAAGACGACCACGGCGAGCGCGACGCCGAAGAGGATCAGGACCTGGCTGTTCTTCCTGGCCCAGCCGCTGAACTCGAGGACATTCGCGACGAAGACGTCGTCCTCGGAGGCGTGCTTGTCGTCGCGGCCTTGGCGGCGGGACGAACCGGGATGGCGCTTCGCCATGCGGATCGGGAGTTGCGGGTACGTGTAACGGCCAGGAATCGCTGACCTGGAGCGCAAAAAGCTACCCTGCGTGGGGAGTGAGGTCAACGCGGGGCTCGCGGCCACTGGCGCCCCTGCCCCGTGGAATCCATGATCGGGCGTGCCCGAACGCGTCCGACCCCCCGATCCCGGTCCGCCATGAGCCTCGCTTCCCGACCCGTCCTGCGTGCGACATCTCTCCTCGCCGGCTCGCTGCTCGCGGGATGCGGACCCACACCCCCTTCGGCCGAGTCGACGATGGCCGCCTCCCCCGCCCCACCGGTCTTCCCGGCCGCCAACCGGCCCGATGTGCGAGGCACCCGCGGGGCCGTGGTGTCGGATCATCCCCTGGCCTCGGCGGCGGCTCACGACGTGTTGCGCGGCGGCGGCAACGCCGTGGACGCGGCGATCGCGGCGGCGGGCGTGCTCGCCGTGGTCCGGCCGCACATGAACGGCGTGGGGGGCGATGCCTTCGCCCTCATCTACGAGGCCGCGACGGGCACGGTGCACGCGCTGAACGGGTCGGGGCGCGCGGGAGCGCTCGCCACCCCCGCGTTCTTCGACGCTGCCGGGGTCGAGGAGATCCCCCAAACCGGCCCGCTGTCGGTGAGCGTGCCCGGCGCGGTGGCGGCCTGGGCGGACGCGGCCGACCGGTTCGGCACCCGTCCGCTCGCCGAGCTGCTCGCGCCGGCCGTCTCGTACGCGCGCGACGGATTCCCGGTGTCGACGCGGCTGGCCTCCGACTTCGAGAGCCAGGGTGACGACCTCGACGAGGCGGGGCGCTCTCTCTTCCTGCCCAACGGCGCCCCGCCCGAGGTCGGATCGCTGCTGCGCAATCCGGCACTGGCCGGCACGCTCGAAACGATCGGTCGCGAGGGCGCGGCCGGGTTCTACACGGGTGAGGTGGCGGCCGCGCTCGCCGCCCACCTCGAGTCCGCGGGCGGCTACCTGCGCGAGTCCGACTTCGCCCAGCACACCAGCAGCTGGGTCGACCCGCTCTCGGTCGACTACCTGGGTCACACCTTCCTCGTGATGCCGCCGAACACGCAGGGTGTGACGCAGCTGCAGCAGATGGGCATGGCACAGGCCTTCGACGTCGCGGCGATGGGCCACAACTCCCCCGACTACCTGCACACCCTGATCGAGATCAAGAAGCGCGCCTTCGCCGACCGCGACCGCTGGGTGGCCGATCCGGACATGGTCGAGGTGCCGACCGCCGCGATGCTAGACCCGAACTACCTGCGCACTCGAGCGGAGGAGATCGACGCCTCGACCGCCTCCGATTCGGTCGCCTCCGGGGTGGGCGATCCACGGCCGAATGCTGCGCTCGACCTCGAGGGTCGCGACCTGGGCGACACCGTCTACCTCACGGTCGTCGACGCCGACGGCAACGCGGTGAGCTGGATCCAGTCGCTGTACGCGGGCTTCGGATCGGGGATTCTCGAGCCCACCACCGGCGTCGTGCTCCAGAACCGCGGTGCGCTCTTCACCCTCGACGCCGCCCATCCGAACGTGGTGGCGCCCGGCAAGCGACCCTTCCACACCCTCACCCCGATGCTTGCCCTGCGCGACGGGTCGCTCGCCTTCACCCTCGGCACTCCGGGCGGCGATGCGCAGACGCAGTCGCTGCTCCAGATCGTGCACAATCTGCTGCTCTTCGGGATGACGCCGCAGGAGGCGGTCGAGGCGCCGCGCTTTCGCAGCTACAATGGTGTGAGTGTGGCCGTGGAGGATCGACTCGACCCGGCCGTGCGCGACGCGCTCACGGAGCGGGGTCACGCACTGCGCCTGGTGTCGGGGTGGACCGCAACCTTCGGGGGCGCCCAGATGATTCGTCGGGACTCCGCGTCCGGCACTCTCACGGCGGCGGCCGATCCCCGCCGCGAAGCCTACGCCATCGCTCACTGATCGCCCGTTCATGGACCGCACCTTCGTCATCGCCGCCGCCCTCTTCGGCTTCATCGGCGTCGCCGCCGGGGCCTTCGGCGCCCACGCCCTGCGGGAGTCGCTCTCGCCGCGCGACCTCGAGATCTTCGAAACCGCCGTCCGCTACCAGCTCGTGCACGCGGTGGCGCTGCTCGGCATCGCCTCTGCCTGGGCCCGCTGGCCGGAGTCGGCCGGTACCCTGGCCCTCTCCGGCTGGCTGATGGTCGGTGGCGTGACCGTCTTCTCCGGCTCCCTCTACCTGCTCGTGCTCAGCGGCATGCGATGGCTGGGCGCCGTCACGCCGCTGGGGGGCGTGGCGATGCTCGCGGGCTGGGCCATGCTCGGCTGGGCGGCGCTCCGGGCCGGCAGCTCGTCGTAGTGGACCGGCACCGGAGTCCCGCGGCCCGCCGCGGGCGTCCCGCATCGGTCCGGGGCCCCCACTGATGTTCGATCCGACCGACCCGCTGCGGGGTCCCACCGGGCGTCTGACCCGGGCCCGACGCCTGCTGGATCAGGCCGAGCGTGTGCTCGTGCTCACCGGAGCCGGAATCAGCGCCGAATCCGGAGTCCCCACCTTTCGCGACCCCATGACGGGACTGTGGGCGCACCGTCGGCCCGAAGAGCTCGCCACGCCGGAGGCCTTCGCCCACGACCCGCGCCTCGTGTGGGAGTGGTACGAGTGGCGGCGGGCCCAGTTGCGCGCATGCGCCCCCAACGCCGCCCACCACGCACTGGCCGAGTGGATCGCCGCGTCGCCGGGCGGCCGGCGGCTCTATACGCAGAATGTGGACGGGCTGCATCATCGGGCGCTGGAAGAGCGCGACGAACCGATCCCCGCCGGGGCGCACCCGCGCACCCTGCACGGCGACCTGTTCGGCAATCGCTGCAGCCACTGCGCCTGGACCGAGCGGGCGCGCGAACCCCTCGACACCTCGTCGGAGCACACCCTCCCCCGCTGCCCCGACTGCGGCGGGGCGGTGCGCCCGGCGGTGGTCTGGTTCGGCGAGGCGCTCGACACCGAACTGCTCGAGCAGGCCATGTCGGACGCCCAGCGGGCGGATGTCTGCCTCGTGGTCGGCACCAGCGCGCTCGTGCATCCGGCGGCGTCGCTCCCGCGCATCGTCGATCGTTCCGGGGGCGTGATCATCGAGGTGAACCCCCAGCCGACGCCGCTCACCGCCGAGGCCGCGGTGCACATCGCCGGAGCCGCCGGGGCGGTGCTTCCGGAACTCCTGATGTAGCCACGACCCCGGTCGGCCGATCCTCGGAGAACGGGGCGAAGCTTCGGAACTCCGGGCCCCGCGCCAGGGTTCGAAGAACCGTCGCCCGACTCACCCATGGAGACCGACCACCGATGACCCGGATCCGTTCCGCCCTGGTTCTCGCGTTCGCCGCGGGCGTCGCCGCCTGCTCCGACGGCAACCAGACTCTGCCCGCGCCGGTCGTGGACCAGATCGTGATCGCGCCGGAATCGGGCTCGGTCACCACCCTCGGTGCGACGATCGCCTTCGACGCGGAGGCTCGCACCTCGACGGGCGTGCCCGTGGCCGGCCTCTCCTTCGACTGGACTTCGTCGAATACCTCCG
CP144380.1_gap31	1302202	1306488	4286	CCGGACACCCTGCGGGAGCGGGTGATGGCGGAGGCGAGCGCAGTGCGCCCGATCGCCTCGGCGAGGGGCGAGGCCGCGGGCGGAGGCCCGCGCGAGGCCGCGGCCACAGCCACCACCGCGGCGCCCGCCCCCGAGCGCAGCTCGAAGCTGCCCTGGTTCCTGGCGGCCGCCGCCATGATCGCCGCCCTCTCCCTTGGATTGGCCAACCGCCAGCTCATGCAGAGTCGCGCGAACCTCGAGGCGGCTCTCGATCAGGCCTCCGAGCAGGTCACGGCCCAGGCCGACGAGATCGCCTCGCGCGACTCGCTCCTCGCGGCCTTCCTCGGACCCGACGTGCGCTCGACCACGCTGGTCAGCACCGAAGAACTGCCCGCCGCGCGCATCTTCCACAACCTGGCCTCGAACAGCGTGGTGATCGCCGCCTTCGACCTGCCTCCCGCGCCCGTGGGCCGCATCTATCAGCTCTGGGGCATTCCGGATGGAGGCGACCCGGTGAGCCTGGGCACCTTCCAGACCGCCGCGAACGGCACCGCGCTCCTGCGCACCACCGCCCCGGCCGGCTCGAACTTCGCGGTGGGCGCCATCACCGAGGAGCCGGAGGGAGGCTCGCAGCAGCCCACCTCCACCCCCTTCCTCGTGGGGGAGTGGGCGCAGCAGTAGCACCGGGTCCAATCCGATCGGCGGGGCGGTGACGTAGCCGGGGTGAATCCAACCCCAACCCAGGCTACATCATGCCAGCCAACCGATCGCAGTTCCTGCTCCGCTCCGCACTCGGGATCCTCGCCGTCGTCGGAGTCGTTGCCGCGGCCAACCTCGACGTGCGAGCGGCGGACCACGCCGACTCGCCCGACACCAGTGAGGGCAACCTCGACGCCAACGATCTCTACGTGTTCGCACGTGGAGACAACCTGGTGTTCGCCCTGACCGTGTCGCCTCTGCTGGCACCCGGACAGGCCACCGCCGACGCGGCCTTCAATCCCGAGGGCCTCTACCAGTTCAACCTCGATCGCGAGCGCGACGGCGTGGCCGACGCGGTGATCCAGGTGGCCTTCCTCGGCAGCGGGACCGACCAGATGGTCGACGTGCGCGGCCCGGTGGCCCTCTCGGGCACATCGGGTACGACGATGGGCTTCGTCTCCGCACCCTCCGTGCGCGCCCCCTTCGATCAGACCGTGGTTCAGGGCGGCACGTCCGTCTTCGCCGGCCCGCGCGACGACCCCTTCTTCATCGATCTGTTCGGCGACATGAGTGTGACCAGCGTGCTGAACGCGGCCTTCGGAGCGGCCCTCGGCGAGCAGGTGGGTGCGGACAACGAACAGTCGCTCGAGTTCAACCCGAACGCCACCGACGACCTGGCCGGACTCAACACCTTGGCCATCGTGGTCGAGGTGCCGAAGTCGCAGGTCGCCAGCGCTCTGGGCATCACCACCTCCGACGCCTTCTTCGCCTGGGCCACGACGGGCATCCGGCAATGATCCGGCCCCTCGCACCGTTCTTCACAAGAAACGACGCCTCCCGACCGGAGTCCCCTGTCATGAACACCCCCGCACTCTTCCGCAGCCTCTTCGCCCTGACCGCCGTCGCCGCACTCGCCGCCTGTGAGGACGACACCGTCGGCCCCATCGCGGCCATGGTCGACGCCGATGTGATGTCGGTCGACTTCGGCGCGCTCGACGTCGACTTCGGCGCCGGCATGGCGCAGATGGTCACCCTCACGAACAACGGGTCCGAATCGGTCATGCTCGACGCCCCGACCGTGACCGGCAGCAACGCCGCCGCCTTCATGCTCGACGGCGCACCCGGGGCCACCACCCTCGCGGCCGGCGGCACCCTGCAACTCGCGCTCACCTTCGATCCGGGGGCGACCGGAGGGGCCATGGCGCAACTCATGGTGCCCGTCACCGGCGGCGACGCGGTCATGGTGGCGCTCTCCGGCACCGGGGCGGACTACGACTACCGTCAGGTGGACCGGATCGGCATTCCGGCGCTGAACACCGTGTTCAACCACCCGCCGGCTTTCAGCAAGGTCGACTACAACACGGCCTCGCCGGCGAGCGACCTCGCCGACTACACGGCGCGCTTCGAGACCGTGCTCGGGGCCGTGGCGAATCCCGATCCCTCGGCTACCGCGGCCCTGCTGCTGCCCGACGCGCTGCCCGTGAGCCTCGCCGGCGCGACGAGCTTCGCCACCCTCACCGGGCGCGACCTGGCCGACGACGCCGTCGACGTGGCGCTCAGCGTCACGGTCGGCATCGAGAGTCTGAAGAGCGACAACGTCGACAGCAACGACGTGGCGTTCCTGACGAGCTTCCCCTACCTCGCGATGCCCAACAACTGACGCGTCGCCGCGCAGTCGGCCCCGGTCGCGTCGAGCGGCGCGACCGGGGCACGGTGCGCATTCCCCGCCCTTCCGTCGATTCTTCCTCCGCCGACCCGGAGTTCCCGTGACCACCCCCGACTCCCCTTCAAACCGCGTCCGCGCCCTTCGCTGGGCGCTGCTGATTCCCCTCGCCGTGGTGCCACTGGTGCTCACGCAGTCGAGCCCGAGCCGCACCGAGGTCCGCACCCCCGTCGTCGCCGACGCCGCCATCGACGCCGCGCTCTCGGACCCGCCGTTGACGGGTGGACTCCGCGCCGACGAGCTCGCCTTCTTCGAGCGGCGTCTCGCCGACGACCCCGGTGACGTGCTCGCGATTCGGCGCCTGGCTGCGCTGCACCAGATGCGCTTCCGAGCCAATGGCGACTCCGACGAGCTCGTGCAGAGCGCGGCCCACCTCGACCGCCTCGCGGAGCGGCACACCGGCGACGCCGCCCTGTGGTCGATGCGCACCTCGCTCGCCCTCGCCACGCACGACTTCCCCGGCGCCCTCGCCGCTGCGGAGCGACGGCTCGGCCTCGGCGAACCCGCAGACCCGAGCGGCCGGTACGGGCACTTCGATGCCCTGTGGGCCTCGGGTCGATACGACGAAGCCCGCGAACTGCTCGAAGGGCTCGACCCGGAGCGCGAGTCGATCGTGCACCTGTCGCGCGAGGCCCGGCTGATCGACGGTCTCGGCGACGTCGCGCGCTCCGCGGAGATCATGCAGCGGGTGGTCGAGCTGGCCGACGCCTGGGCCGAGCCGGCGCTGGTACGCGCCTGGGCTCGGGTGGAGCACGGTCACTTCCTGCTGCATTCGGGCTCGCCCGAAGCGTCCGCCGACCGGTTCGCCGAGGCGCTCGAGATCATTCCGGCCTACCCCGCCGCCCTCGAAGGGCTGGCGTCGATCGCCTATGGGGTGGACGGGCGCCTGCGTGCCGCCGAGCGGCTGTATCGAGCCGCCCTCGACCGCGGCGCGCACCTCGATCTGTACGGGGTGCTCATCGAGATCGCCGAAGCGCACGACGACCCGGCCGCGGTCGACTCGCTGCGCTCCGCCTTCGTCACCCGCGCCGGGTCGGACGCCGACAGCGAGCGGCTCTACCGGCGGCCGCTCGCGCTGACCCTCGCCGACGACCCGGCCACCCACGACCGCGCTCTGGCCTTGGCCGAGGCCGATCTCGCCGATCGGCAGGACCGCATGGCGTGGGCCACTCGCGGATGGGTGCTGCGCGCCATGGGCCGACTCGACGAGGCGGCGGTCGACGCGGATCGGGCCGTGGCCTGGGGCGCCCCCACGCCGGAGGTGCTCTTCCGCAGCGGCGTGATTCTCGCCGAGGCGGGCGAAGCGGCACGGGGTGAAGCCCTGGTGCGCGAGGCCCTCGAGGGGCGGGCGGAGCTCGGTCCGGTCACCAGCGCCATGCTCGACGACTGGCTGGCTCGCCGCTGAGGGGCGAGCCGTGCGTGTGTGCCCCCTGCCCGGCAGTCGCCGCGGTCGGAGCGGTGGATCTGGTAGCGGGGGGCGGACCGGCGGCGGCCCTCCTCTCCGTTTCCGCCCCGGTGGTCGCGGGCCAATCCGGGCCGAACCGCCCCGTGCGTCGCTCGATTACGACGCCTTTCCCCGGCCGGTGAGCACCAGGAGCAATCCGATCACGGCGGCCACGCCGCCTCCGACCTGGAGCTGCATGGCCCGGTCCGTCGGCGAGCCCGTCACCATCTCCGACACGTCGGAGGCGAACGACGACGCCTCCTGGAAGCCGAAGTAGAGGGCCGCGGCCCCGCCGATCAGGAGGGCGATACCGACGATCATGCGCACGTTCATGGGGACTCCATGCAGAATGAAGGGGGACTGCGAACCGACGTCCCCCCTCGATGCAGGTTCCGGACCAAGGACCCCCGAATGCGAAACAGCCCCCCGGCGAACGGGTCG
CP144380.1_gap32	1361440	1365089	3649	CGCCCGCAGAAAGGCCCCGATCGGGCTCACCCCGGTGCTGTCGGACGACTCCTGGAGCAGGGCCGATCCCCGGCGCTCCTCGGCGGGTGGATCGACCTGGGCGGAGGCCGGGAGGGCGCCCGCGAGGGTGGTCGCCACCAGGAGAAGAGTCCAGCGAAGGGATCGCACGAAGGCACTCGGAGTGGAGGTCGAATCGGACGGGACGGCGGAAGATACCCGCGACCGGACCCGTCGGTGAAGGGCCGGGCCGACAGGAGCGGCTGCCTCCTGTCGGCCCACCGAAGTGGCGGGAGTGTGTGGGAATCGAACCCACCAACCCGGGGTTGGCCGGGCCAGCCGGTTTTGAAGACCGGTGGGGCCACCAGGCCCCCTCCACCCCCTCGTGCGACGCCCGTCGGACGGGCGCCGCATCAACTTCGACCGGGGGCCGCGCGCACTCAAGTGGCGCGCTGTACCCCCGGTGCTCGACTGGTGTACCTTCCGCGCACCCCCAACGATCCAGGATCCGGAGTCGCCGATGGTTCAGGACCCCACCGCACCCCGCAATCCGGGCATGCCCCTCGAGCTCGACTGGGTCGAGCAGGTGCGGGTGAACCGCAGCGCCGTGGAGCGGCGCGCAGCCACCCTCGGCACCCGCCGATCGGTGAAGAAGGAGTGGCAGGCCGGCTGGCTGTTGCGCGCCGTGACCTGCATGGACCTGACCACCCTGGCCGGCGACGATACCGCCGGACGCGTGCGACGGCTGTGCGCGAAGGCCCGCCGTCCGGTACGGCCGGAGCTGCTGGAGGGGATGGGTGTGGAGCCCTCTGCGGTGGCGGTGGGGGCCGTCTGCGTCTACCACGCCTTCGTCGAGACCGCGGTCGCGGCGCTGGAGGGGAGCGGCATTCCCGTGGCCGCCGTCTCGACCGCCTTTCCGCACGGCCTGGCCCCGATGGAGTCCCGCCTGGCCGAAATCCGCGCCTCGGTGGCTGCGGGCGCGCGCGAGATCGACGTGGTGGTCACGCGCGCGCACGTCCTCACCGGAAACTGGACCGCCCTCTACGACGAGGTGCGGGCCTTCCGCGACGCCTGCGGCGACGCCCATCTGAAGACGATCCTCGCGACCGGCGAACTGGGCACCCTGCGCGCCGTGTATCGGGCCTCGCTGGTGGCCATGATGGCCGGCACCGACTTCATCAAGACCAGCACCGGCAAGGAGGGCGTGAACGCGACCCTCCCGGTCGGGCTCACGATGGTTCGCGCCCTCCGCGAGTACGGGGAGCGGTCGGGGGTGTCGGTCGGCTTCAAACCCGCCGGGGGCATTCGGACCGCCAAAGACGCCCTGCTCTGGCTGACCCTGATGAAGGAGGAGGTGGGCGACCCGTGGCTCCGCCCCGCCCTCTTCCGCTTCGGCGCGAGCTCCCTGCTCGCCGACATCGAGCGTCAGCTCGAGCATCACGTGACCGGCCGCTACTCCGCGTTTCATCGCCATCCTCTCGCCTGACGACGCCATGACGAACGTATCGGACGCCTTCGAGACCATGGACTACGGCCCCGCCCCGGAGGCGAGCGAGCGGGTGGACGCGTGGCTCGCCGGACACGACCGGGCCTTCGGACACTGGATCGGCGGGCGGTGGGTGGAGGGAAACGGCGGTCGCTTTCCCGCGCTGCGTCCCTCCGACGGGAGCACGCTGGCCCAACTCGCTCAGGCCACCCCGGCCGAGGTCGACCGCGCGGTGAAGGCGGCTCGCGAAGCGCAGTCGCGCTGGCGGGACCTCGCCCCCCACCGGCGCGCCCGTCATCTGTACGCCCTCGCCCGGGGCATCCAGCGCAACGCGCGCCTCTTCGCCGTGCTCGAGTCGATGGACAACGGCAAGCCGATTCGAGAGTCGCGCGACCTCGACGTGCCGCTGGTGGCTCGCCACTTCCTGCATCACGCCGGCTGGGCGCAGCTGATCGACAGCGAACCGGAACTGCGCGACATGGAGGGCGTGGGGGTGGTGGGCCAGGTGATCCCATGGAACTTCCCCCTGCTCATGCTGGCCTGGAAGGTGGCACCCGCCCTCGCCGCCGGGTGCACCGTGGTGCTCAAGCCGGCCGAGCACACCTCGCTCACCGCGCTGCGCTTCGCGGAGCTCACCCGCGAAGTGGGACTCCCGGACGGCGTCTTCAACCTCGTGACGGGCGACGGGCGCGTCGGCGCCGCGCTGGTGGAGCACGAGGGCATCGACAAGGTGGCCTTCACCGGCTCGACCGAGGTCGGCCGAATCATTCGCGAGGCCACGGCCGGCAGCGGGAAGCGGCTCTCGCTGGAGCTGGGCGGCAAGAGCCCCTTCGTCGTGTTCGACGACGCCGACCTCGACTCGGTGGTGGAGGGGGTGGTCGACGCGATCTGGTTCAACCAGGGCGAGGTGTGCTGCGCGGGATCTCGGATCCTGGCCCACGAGGGTATCGCCCCGCGACTGATCGACAAGCTGCGGGCGCGGATGGAGCGCCTGCGCATGGGGGATTCGCTCGACAAGACGGTCGACATGGGCGCGATCGTGGCGCCGGTGCAGCTGGAGCGCATTCGGTCGCTCGTGGCGCAGGGCGAAGCGGAGGGTGCCACCGTCTGGCAGCCCAGCTGGGCGGCGCCCGAGGAGGGGTGGTTCTACCCGCCCACTCTCTGCACCGATGTCGCCCCCGCCTCGACGCTCGCACAGGTGGAGGTATTCGGCCCCGTGGTGTCGCTGATGACCTTCCGCACCCCCGCCGAGGCGGTGGAGCTCGCCAACGACACCCGCTACGGCCTCGCCGCGAGCGTCTGGACCGAGAACGTGAACCTCGCACTCGACGTGGCGCCGGCGATCAGGGCCGGCACCGTGTGGGTGAACTGCTCGAATCTCTTCGACGCGGCGGCCGGCTTCGGCGGCACCCGCGAGAGCGGATATGGTCGCGAGGGAGGGATCGAGGGACTCCGCGAGTATCTGCGTCCCCGCTGGGAGCGCCACGCGGCGGTCCGCGACGCCGAATCGGAGGCCGCGCTCATGGCCACCCCCGAACCGGTCGACGCCGCAGCCGAGTCGCGGAGTGCGATCGACCGTACCCCCAAGCACTACATCGGCGGGCGCCAGACCCGGCCCGACGCCGAGGCGTCGATGGTGGTGCGCGATCGTACCGGGGCGGCGATCGCCGAGGTGCCGCGCGGCAACCGCAAGGACGTGCGCAACGCGGTGGAAGCCGCCCTGCGCGCGCAGCCGGGGTGGGCTGCGCGCACCGCCCACAACCGGGCCCAGATTCTCTACTACCTCGCCGAGAATCTCGCGCTGCGGGCCGATGAGATCGCCTCGCGTCTGCAGGGCTGGCACCGCGCCGCCGAGCCTGCGCGGCAGGAGGTGGAGACCACGCTCGAGCGTCTCTTCACCTATGCCGCCTGGGCCGACAAGTGGGACGGTCGCGTTCACGGCACGCCCTTCCGCAACGTCACGCTGGCCATGCCGGAGCCGCTCGGCGTGGTGGGCGTGGTCGCTCCCGCCGAGGCACCGCTCCTCGGACTCGTCTCGTGCGTGGCCCCCCTGATCGCGATGGGCAACGCCGTCGTGGCCGTCCCCTCCCCCGGCTTCCCCCTCGCGGCGGTCGACCTCTACCAGCTGCTCGATACCAGCGACGTGCCCGGAGGGGTCGTCAACCT
CP144380.1_gap33	1394536	1398026	3490	CGCCGGATCGCAGCCTACGATTGGCGCGCAGCGACCGCTTCTCGCGACGGTTGGGGCGGCCAGCGGGCCGGGCATGGACAGTCCGTCGCAGTCGCCGGATCACAGCCTACCATTGGCGCGCAGCGACCGCTTCTCGCCGCGGTCGCGGCGGTCAGCGCAGTCGGGGCGGCCAGCGGGCCGGGAACCGGCCTGGGGCGGGCGTTTCCAACCACTCGTACCCGGCGGTCGGACGAGTGCGACCCCGCGTAGCGCTCTCGCTGCATTCCGTGGCACTCGCCGACCTCGCCAATCCCCACTGTCACCCAGCGTAGCGAGAGCGCTCCGCTCCGTCGCAGTCGCCGGATCGCAGCCTACCATTGGCGCGCAGCGACCGCTTCTCGCGACGGTTGGGGCGGCCAGCGGGCCGGGCATGGACAGTCCGTCGCAGTCGCCGGATCACAGCCTACCATTGGCGCGGAGCGACCGCTTCTCGCCGCGGTCGCGGCGGTCAGCGCCGTCGGGGCGGCCAGCGGGCCGGGAACCGGCCTGGGGCGGGCGTTTCCAACCACTCGTACCCGGCGGTCGGACGAGTGCGACCCCGCGTAGCGCTCTCGCTGCATTCCGTGGCACTCGCCGACCTCGCCAATCCCCACTGTCACCCAGCGTAGCGAGAGCGCTCCGCTCCGTCGCAGTCGCCGGATCGCAGCCTACCATTGGCGCGCAGCGACCGCTTCCGCCGGCCATTGGGGTGGCCAGCGGGCCGGGCCAGGGGCGCTCCGTCGCAGTCGCCGGATCGCAGCTTACCGTTGGCGCGCAGCAACCGCTCCCCACGGGTGTTCGGGCGGCTGCCGCGGCTGGCCATGGGCCGCCCGTCGCACTCGCCGGGTCGCGGCACACCCTTGGCGCGCAGCGACCGCATTTCGCCGCGGTCGGGGTGGCCAGCGTGGTCGGGCGACCAGTGCGTTTCGGGAACAGGCCGGGCACCGTTCTGGGGCGGGCGGTGCCGAACCCTGCCGAACGCGAGTCCTGCGACGAAGCACGCCGCCGCGCGCCGGAGGCTTCTCCAAAAGCCGACGCACGTCGCCATCCCCCCGCCCCGTCCGAGTCCGCATGCTCCGGGACGCCACACCCGAAACGACCCTCGTACGCCCAACCCCGACCGCCCCCCTCATCGAGGAGCCGTGCAGCCATGCCCATCGATCGGAGCGCTGCGATCGCCGAGATCGCGAAGTCTCAGCACGGCCTCGTCACGCGGGGCCAGGCGTTGAGCATCGGACTGGCGTCGTCGTCCATCGCTCGCCACGTCCACTCGGGCCGGTGGGCGCGGATCGGTCGCGGGGTCTACCGCGTCTGGCCCATCGGGGCGCCGCTGGAGTGGGCACAGGCCGCCCTGCTGGCCGCCGGGCCCGAAAGCGCTCTCAGTCATACCTCGGCGGCGCACCTGAAGGGGTGGTCGGGTCGACCGGTCGAGATCGCGGAGGAACCGATCCACCTGATGTCGGTCGGGTCCGGGCCGCGCCCTCGGCCCCTGCTGGTGGTCCACCGCGTGACGGAGTTCGAGCCGGGTGACGTGGAGCGGCACGACGGGATCGCGCTGACCTCGTCCGCCCGCACGCTGATCGACTTGGCCGACCGACTACCGCCGACCGAGCTCGAACGAACGGTCGCACGCGCCTTGCGTGCGGAGTTGCTCACGATGGACGAGGTGGGCGCCGCGATCGACCGGTACGCCGGTCGGCGGGGCGTGGCGGCACTCCGGGCCCTGGCCGAACTGGAGGGTGGCCCGGCGCTGACCCGGTCCGAAGCGGAAGCGCGCTTTCTCGAACTGCTGCGAGGCAGCGGGCTGCCGCCGCCCCGCGCGAACCACCGACTCGGGCGGTGGGAGTGCGACTTCTCCTGTGGTCCCGAGAACGCGTGGTGGTCGAGATCGACGGGTTCGAGTTCCACAGCGGGCCCCAACGCTTCGAGCGCGACCGTGCGAAGGACAGCTGGCTGCTGTCGAAGGGGTTTCTCGTGCTCCGCTTCACATGGCGGCAAGTGAACGATCGCCCACTGCCCACCGTCGTGGCGCTCGCCCGTACGCTCGCCCGCCGCAGCGGCGGCGGATAGGCGAATGCCGAGCGGCGGTGGGTGAGCGAATGCGCCGCAGCCACGCGGGTGAGCGAGCGCGCCGCGTCTCACTCGCCCGGAGGCGACGCGTCGGCGCCCGGAGGCGAGGCATCGGCCGACGTCGGCGAGCCCTCCGAGACCGCGACCCCGACCTCGCCGTCGGCTCCGCTCCCCACCACGTGGACGGTGCGCGTCGGGAAGGCGAAATCGATGCCTTCGTCCTCGAAGCGCTCGTACAGGGCCAGGTTGATCTGCTCCTGGGTGTCCATGAAGGCGGTGTAGTCGGGCACCGACATGTAGTACACGGTCTCGAAGTCGATCGAGGAGTCCCCGAAGCCCTTCAGATGCGAGCGATCGAAACGGGTGTTGTCGAGCGCCTCCACGGCCTCGCGCACATACCCGGGGATCGCGCGCAGGACTGCGGCGGGGGTGCCGTAGGTGACCCCGATCGCGAACGCGACCCGGCGCTCGCGCATGCGGCCGTAGTTGCGAACCCGCGAACCGAGCAGGTCGGAGTTGGAGAAGACCAGCTGCTCACCGGAGAGCGAGCGTACGCGCGTGGTCTTGAGACCGACGTACTCCACCGTGCCACTGAGATCGTCCACCGACACGAAGTCGCCGATCACGAAGGGCTTGTCGAAGACGATCGACATGGAGGCGAAGAGGTCGCCGAGCACGTTCTGCAGCGCGAGGGCCACGGCGACGCCGCCGATCCCGAGGGAGGCGACGAAGGGGCTCACCTCCACCCCGAGGGTTCCCAGCGCCGTAAGGCCGAGCACCGCCCACAGTCCCATCCGCGACATGAAGCCCACAACGCCCACCGCGGTCGCCACGCCGGGGTCCTCCTCCAACTGCTGCCGCTTCCACCGGGTGATGAGGTAGTTGATCACCCCCATCCCCCAGAACCCGGCCTGCAGGTGCAGTCCGATCACCAGCACGCCCCGGAGCACCGTCTCGGCCTCGGCCGGCAGATCGAGCGGGCGCGCCGCGGCCCACAGTGCGATCAGTCCGATGAAGAGCAGGCGGGTCTTCTCGAGCAGTTCGACGACCAGGTCGTCGATGTCGTTCTCCGTGCGCCGCGCCAGGGTGCGGAATCGCCGCAGCGCGAGTCCGAAGGCGAAGCGGAGGCCGAAGGTCGCCACCACCGCGGTGCCGAGTGCAATCAGGATCTGATCGACCGGGACGCCCCCCACCTGGGCGCCGAGAAAGTCCTGCACGGTCAGGCCCTCGGTTCGGCGGGCTCACCCCACCGATCGTCTCCCGTGGCGCCTGGGTCGGACGCCGAATCGGCACCGCCCGCGGGGCCTCCCCCGCCCCCGCCCGCGGCACGCGCCGCCTCGCGCTCCCGCTTCTCCTCCTGCCAGAAGGAGAGGGCCAACCCGATCGCTCCGCAGGTGATGGC
CP144380.1_gap34	1400067	1401998	1931	AGAAGACGGCCGAGTCGCTCTACGCCCGGAGCCGCTACGACCGGACGCTCAGCGAGCGGTTCTTCGCCTACGGGGCCGTCGACTGGCTGCGAAACACCTTCGCGGGCATCGAGAGCCGCTTCCTGCTCGCCGCCGGAGCCGGCAACACCTGGATCGACCAGGACACGCAGCGGTTCAAGACGAACTACGCCGTGACCTACACGATCCAGGAAGACGTGGTGGAGAGGCCCGACGCCGACAAGAACTTCCCCGGCGCCCGGCTCGGCTGGGAGTACTGGAACCAGCTCACCGCCACCAGCACCTTCGACAGCGCGCTGCTGGTCGACCTGAACCTGTCGGACACCGACGACGTCCGCTACGACCTCACCAACTCGCTCGCGGTGAACATCAGCGAGAAGCTCGCGCTCAAGCCGAGCCTGCAGTTCCTCTACCGCACCCGCCCCTCGCTGGCCTCGGTCTCGCTGTTCACCGCGGGGGGCGAAGCCACCGGCGACACGGTACTGACCGAACTCGAGAAGCTCGATACCTTCTTTCGTCTGGCGCTGGTCCTGACGCTCTGACCGAGCGCGCACCATCGGTTCGAGCCCCCCGGCGCCACTCGGTTCCGGGGGGCTTCGTGCGTACCCTCCCACTCCTTCGTTCCCCGGGGACTCCACCACGCCATGCCCCACGCCCCGATCGGCATCATCGGTGCCGGCCCCGCCGGCCTCGCCCTCGGCGCCGCTCTGCGCGCCCGCGGCCTCGAGTTCGAGATTCTGGACGCCGGGCGAGGACCGGGCGGGATCTGGGATATCGATCGCCCCGACACGCCGATGTACGAGTCGGCGCACTTCATCTCGTCGAAGTCGCTGTCCGGTTTTCCGGGCTTCCCCATGCCGGAGGCGTATCCGGACTACCCGCGGCACGACCAGGTGCTCGCCTACCTCCGCGAGTTCGCCGCACACCACGACCTGCAGCGCCACACCCGGTTCGGAGTGACGGTCGCGCGGGCGCATCGCGAGCCCGGCTCGAGCCCGGAGCCGGCACCCCGCTGGACCGTCTCGCTCGACGACGGCGACGAGCGGAGCTACGCCGCGCTCTGCCTCGCCACCGGCGCCAACTGGCACCCGGTGACACCCGACCTGCCCGGCACCTTCTCGGGGGAGGCGATCCACTCCTTCGAGTACCGATCCCCCGATCTGTTCCGGGGTCGCCGGGTGCTCATCGTGGGGGCCGGAAACTCCGGCTGCGACATCGCCTGCGATGCCGCGCGCACGGCGAAGCGCGCATTCGTCAGCGTCCGCCGCGGCTACCACTTCGTGCCGAAGTACGTGTTCGGGAAGCCCGCCGACGTCTTCGCCCACGAGGGCCCCGCCCTGCCCGCCTGGCTCGAGCGCCGCGTCTTCTCGTTTCTCATTCGGCGACTCCTCGTGGGCGACGTCACCCGGTTCGGTCTCCCGAGGCCCGACCACGACGTACTCGAGTCGCACCCGATCATGAACACGCGCATGCTCCACCACCTCGGGCACGGCGACCTCGAGGCCCGACCGGACGTGTCGGAGCTCGACGGCTCGCGGGTGCGCTTCGCCGACGGCTCGACCGAGGAGATCGACCTGATCGTGTGGGCCACGGGGTACCGCCGGATCCACCCCTTCCTCGATACCGCCGATCTCGACGAGCGAAACGGGGCGCTGGACTTCTACCTCAACGTCGCGCACCGCCGCTACGACGACCTCTTCGAGATGGGGTTGTTCGAGACCGACGGCGCGGCCTACCCCCTTCTGGGACTCCAGGCGGACCTCGTCGCCGCGGTGCTCGACCCCGCCCTCCCGGCGTCGCGCCGGGCCGACTGGCAGGCGCGCCGGGCCACCGCCCGCCCCGATGTGCGGGGTGGACGACGCTACCTCGACACGCCCCGCCACGCCCTGTACGTGCACGGGGCGAGCTACGAG
CP144380.1_gap35	1412914	1417277	4363	CGGAAACCACCGCAGCCGCCGCGGATCGCGCACCATCAGGAACTTGTGCATCACGTGCGGCTGACCGAGCACACCCACGCTGTATACGAGGTAGAACCCGACCGCCGCGAGCGGGGTGAGTCGCCCCCAGGGCGCCAGAAACCCGGGATCCGCCTCGAGCAGCGTCGCCGACAGCCCGCCGAGCCCGCCGCCCACCTCGAGCACCGTCGCGAACACGAGGAGCGAGGCCACCGCCATCCACCCGCCCTGCAGCAGGTCGGTCCAGATGCCCGCCACGATCCCGCCGGCCACCGAGTAGGCCAGCACCAGCAGGGTGCCCAGCGCCACCCCGCCGAGCACCCCCGTTTCGAAGATGACGTCGAGCGCGACCCCCATCGCGAGCAGGTTCGCGGCGAGGTACCCGGTCACGGCCAGCAGAATCGACACCGCGGCGAGCCCCTGCGCGGCGGGCGACCCGAAGCGGACCCTCAGGGCGTCGGGAAGCGTGAGAATCGACTCCACCTCGGCCAGCGACCGCAGCCGGCGTCCGAGCACCCAGGCGGCGAGGGCGTTCGTGACCCCGGCCGGCAGCACGATGAACACGGCGCCGAGCCCCAGCGAGTACACGAGACCCGGTCCTCCGATGAAGGCGAAGCCCGACAGCGAGGCGCTCATCGTGGAGAGGGCGAGGGCGAGGAGCCCGATGCGGCGCCCCGCCACGAAGAAGTCGTCGGCCGATCGGGTACGGCGGGTGGCGGCGGCACCGATCAGGGCGGTGGCCACCATGTAGACCACGCCCACGGCGAGAATCAGGGTGGGGGTGCTCACTCCTCGTCCTCGGCCTCGAAGCCCCAGGCGTAGAGCAGGGGCACGACGAGGGCCGGGACGAGCCCGACACCGTACAGCACCAGGGCGGCCCCGGCGGGCAGCCCTCCGTAGAGAGGCGCTCCCGGTCCTTCGGGGGCTCCGATCAGGAGGGCGGCCGAGATCCCGCCCCCCACGACCAGCAGGATCGTCGCCACGGCCAGCAGCACGGGTCCGCGGCGGAAGCCACCCTGACCCACGCCGAGCGCCACGAAGGCGGCGATGAGGAGTGCGGTGGCCAGGGCGAGCGCCACCGCCGAGCCGACGGATGCGCCGCCCGCGGTGAAGGCGCTGGCATAGGCGCCGAGAGCCAGCACACAGGAGAGGGCGATGCCCCAGGGGGCGAGACGGGCTTCGGGTCGGCTCATGCGAGGAGACTCCCCCTCGCCCGCCCCGCCGTCAAGCCATGAGGTCCACCCGGCCGCGCACCCCGACCGAATCCGGAAACACCCGGTCTGCCTGACCGGCGGTGAGGTCGAAGGCCCCCCGCACGATGCCCTTGAGTACGGCCCGGGTGTCGAGGGTGGGGTGCAGGTCGCGGCCCTCGTAGAGCTGCCGGTCGGCCAGCCCGGGCCAGTCGGCTACGACCCGGCCCCCGGCCACCCGGGGCCCCAGCACGAATCCGGCCCCCGCCGTGCCGTGGTCGGTGCCCCGGGTGCCGTTGGGACGCGCGGTGCGACCGAACTCGGTCATGACCACCACGGTGGTATCGCTCCACCGTTCCTGCATCTCGTCGCGAAACGCCACCAGCCCCTCGGCGAGGCGGCCGAGCAGGCGGTCGAGCGGGCCGCCCACGAGCCCCTGGTTGGCGTGCGTGTCCCATCCGGACAGCTCGAGCGCCGCCACATTGGGGCCGGCCTCGGTGCGAATGAGCCGGGCCGCGGCCCGGAAGAGCTCGCCCACGTCGGCGTTGCGTCCGCCCCCCTCCCCCATCGACTCGTCGCCCACCCGGTCGCGCTGCTGCACCGCGGCCTCGAAGCGGTTGAAGAGACGCGGATCGGAGCGATAGAGCAGGTGCAGCCGATCGAGGTAGGCGTCGTCGACCGCGCCCAGCTCCGCCGGCGACCAGGTCGACACCGGGTAGGAGCCGATGAGCGACCGGGGCATGCCGGCCGCCACGGCGATGCCCGACCGCTCACCCTCCATCACCTGGAGGAGTCGGTTCAGCCAGCCGTCGGCCGACCCCTCCGGCCGGCCGAGTCCAGTCTCGAGCACCGCCTGCCCGTCGAAGTGACTCCGCGTCCGGAAGGGGATCGCCATGGCGTGCAGGGCCACCATCTCCCCCGCGTCCCAGAACTCGCGCAGAGGCTCGAGTCCCGGCGCCAGCCCGAAGGTGCCGTCGAGGCCGAACAGGTCGCCCGGCTCGAACGCCATCCCCGCGCGCAGGTCGGCGTACTCGGGGTCGCCGACCGGTACGAGGGCGGCGAGCCCGTCGAACCCGCCCCGCAGGAGCACGAAGACGAGACGCCCCGGCTCCGGGACGGAGGCGAACTGCACGGTGGGAAAGCCGAAGGTGGCGACGCCGCCGAAACACATGCCGGTGGCGTGCAGGAAGGTGCGGCGGTCGATGGTCATGGCTACCTCCACTGGAATCGGGGATCCGCGAAGGCGAGCGCCACCCGTTCATCGGTGGCGACCGCATCGTCGCGGAGAATCGCGTGCAGCGGATCACCCGCCTCGCGCTCCACGAGCGCGGCGAGCCGGACGGGGTCGTCCACGCGCGAACGACGCGAAACGGTCCGCGCCACGGTCCGGGCGAATTCCGCGCGGTTCAGGAGGCCGTCGGGGTCGGCCCACACGTCGGTGGTGTCGTCGAACCCCTTGGGTGAGGCCGGCGACCAGAGCGGCTGGCGCAGGTCGCGCAGCACGCCGAGCAGGGTGGGCGGCGCCTGACGCAGACCGAGGCCGCGCAGCACCGCCACCAGCCAGTCCTGCGGGGTGCGGAACTTCAGGTGGTCGGGCGCCCAGGCCTCCTCCAGATGGATGACCTCCCGCGCCACCTCGCGAAGGTTGCCCTCCGTCTCCGTGAATCGGCCTGCCAGACGGTCGACCGCGGCGGCCGGCGGGTCGTCGGCCACGAAGTGGCGCACGAGCTTGGTCGCCAGGAAGCGTGCGGTGGACGGGTGTCGAGCGAGGTCGCGAATCACCTGTTCGCCCTCGGCCACCCCGCTCTCGGCGTAGCGGCGGCCGAGCACCGTCTTCTCGCCGGGGTCGTGCACGAGCGGTTCGAACGAGAAGGCGGCCCGGCCGTTCGCCTCGCCCCGCAGGGCACCGACGGCGCCACCGAGCCCCGACACCGTCCACCCGGTGAGAATCCGCGCGAGCTCACGCACGTCGTCCTGGCCGTAGCCACCGTCCACCCCGAGGGTGTGCAGCTCCAGCAGTTCGCGGGCGTGATTCTCGTTGAGTCCGACCGGGGTGTCGGCCCTGCGACCGCGCCGCCGGGCGGCGGGCGAATCGGGACCGACGGAGCGCACGTTGTCGAGATAGGTGATCATCGCCGGATGCCGTGTGGCCTCCAGCAGGAGCGTCTCGAAGGGGCCGAGCACGAACGGGCGGATGGCCTCGCGCTCGTACGCGCCGGCCAGCAGTCGGGTCGGCACCTTCGCACCGGCGCCCACGCAGAGGTGGTTCGACCAGAAGGCCACCCACCGTTCCAGAAACGGCCGGTCGGCCGCGACCCGCGCGGTGAGACCGTCGACCGCGTCGGCTGTGACGTGCGCGCCGATCCGTCGGCGCACCTCCCGCGTCTCGGCCTCGTCTCCGGTGCGCGAGGCCGCGAGTTGGGCCCGGAGCAGACTCCCCGGGTCTTCGGTACCCTCCGGCGTGGGCCGCCGCTCCGGCTCGGAGGCCAGTTGGCTCTCGAGCCAGCCTCGCGGGTCGGCGTCGGCCCGTGACTCGTCGGGGCGGGCCCCGAGGCCGAAACGATTCAGTGCTCGATGCGCGGACACGGCGCCTCCGGTGAGGGGTTCTCGGGTTCGGTTACCCCCACCGATGTCCCTCCCCGGTCGGGTGTTAAATCTCGACCGAGCGCCCCCGACGACTTCTACCGCAACCGCGCGTCGAGGTCAGCGTCCGGGCGGGCCGGGCCGCGATCGCGCCGAGCCAGCCCCACTCCGACCGGGCCGAGACCCGCACGAATCCGCGCATCGTCAGCGCCCCGGGCCCGAACGCTCTCCGTCGAGATCCGAGTCGGCGCGGGCGACCACGCGCCGGACCGTCTCGATCGCTCCGCGGAAGAAGGCCGGATCGATCGTCGCCACGTCGTCGGTCGGACGGTGGTAGTCCGGGTGGTCCGCAACACCGAAATAGAGGAACGGCACGCCCGCCTGGTGGAAGGGCCCGTGATCCGAGGCCATGACCCAGTTGTCGGCACCCTGGTCCTCGGGGGTGTCGTGCCCGAAGCGGAGCGCCACGGGCTCCGCCGGCTCGACCGCCTCGACCAGGGGGCGCAGCGACGGCCACGGCCAGGTGCCGGCCACCCAGAGCTCGGAGGACGAATGGCCCACCATGTCGAGGT
CP144380.1_gap36	1467489	1469410	1921	TAGTCGGCCAGATCCTGCGCGGTGAGGGGCGAAGAGGCGGCATCCCCGCTCAGGTCGACCTCCTGCACCACCTCGGGCGAGGTGAGGGTGCCCTCGCCCTCGTCCACCTGGAGATCCATGTGGCGGAGCAGGTCGTCGGCCACGACGATGGTCGACCCCGTCCGAATGGCGATGGCGATCGAGTCGGAGGGCCGGGCGTCGACCCGCACCGCGTCGGTGCCGCGCCGGAGCACGAGCGACGCGTGATAGGTGCCCTCGTCCACGCGGGGCACCTCGACCCGGAGAAGCGTCGTGTCGAGCGCGGTCAGGATCGAGCGCACGAGGTCGTGCGTCAGCGGGCGCGGAAAGTCGACGCCGGCGAGATGCATGGCGATGGCGCTCGCCTCGGCCGCCCCGATCCAGATCGGCAGCACCCGATCCCCGCCCCGCTCGCGCAGGACCACGACGGGACTGCGGGTCGTTCGATCCATCCCCAGACTCTGCACCTCCACCTCGACCAGCACGGGGCCTCCTCGGGTCCGGTCCGACTGCGACGACTCGGCCGTCGCCGCCTCGGGGCGACGCGACTCAGGAAGGTACTCCGATGGCGGCCCGTCGTTCGCCGCCCGTCAGAGCCCGAGAGCCGTCCGCAGATCCTCCACCCGGTCGGTGTCCTCCCAGGGGAAGAGACGCACCGAGCGTCCGAACCGCTCCACCGTTTCGGGCTCGCGACCGAAGTGGCCGTAGGCGGCCGTGGGGCGGAAGATCGGGTCGCGCAGCTTCAGCGCCTCGGAGATCGCCTTCGGGCGGAAGTCGAACACCTCGGCCACCGCCGTCTCGATGGCGTCGTCGGAGACGGCACCGGTGCCGAAGGTGTCGATGTAGATCGACACGGGCTCGATCACGCCGATGGCGTAGGCCAGCTGGATCTCGCAGCGCGTGGCCGCTCCCGCCGCCACGATGTTCTTGGCGGCCCAGCGGGCCGCGTAGGCCGCCGAGCGGTCGACCTTCGTGGCGTCCTTGCCGGAGAAGGCGCCGCCTCCGTGCCGGCCCACGCCGCCGTAGGTGTCCACGATGATCTTGCGGCCGGTGAGACCGGCGTCTCCGTGCGGCCCCCCGATCTCGAACACCCCGGTCGGGTTGATGTGGAAGGCGCACCGATCGGCGTCGAAGAGCTCGGGCGGCAGCGCCGGCGCGATCACACGGCGCTTCACCTCTTCGTGGATCGTCTCCTGCGAGACGTCGGGGTCGTGCTGCGTGCTGACCACCACGGCGCGCACGCCCACCGGGCGCCCCTCCCCGTCGTACTCCAGCGTGACCTGGGCCTTGCCGTCGGGACGCAGCCACTCGAGCTCGCCGGAGTGGCGGACCTCGGCCAGACGGCGGGTGAGCTTGTGCGCGTACACGATCGGCGCGGGCATCAGCTCGGGCGTCTCGTCGCAGGCGAACCCGAACATCATGCCCTGGTCCCCCGCCCCGCCGGTATCCACCCCCTGCGCGATGTCCGGGGACTGCTTGTCGAGGGTGGAGACCACGGCGCAGGTGTGCGCGTCGATGCCGTACGCGGAGGCCGTGTAGCCGATCTCGCGCAGGGTGTCGCGGACCAGCGTCGGCAGGTCGACCCAGGTCTCGGTGGTGATCTCTCCCGCAAGCAGCGCCATCCCGGTGGTCACGAGCGTTTCGCAGGCCACTCGCGAGGCCGGATCGTCCGCCAGCATCGCGTCGAGAACGGCGTCGGAAATCTGGTCGGCGATCTTGTCGGGATGCCCTTCGGTGACCGACTCGGAAGAGAAGATGCGCATGCGTGATCCGGCAGTGAAAAGGTGCGTGGGTACAGCCGAAGCAAGCTACCCGAGGGGTGGGACGGCGACAACGCCCGCGCTCAGCTCCGCAGCGAGAGGTTCCAGCGGCCGACGTAGGCCGAGAGATCGACGGTGTCGGG
CP144380.1_gap37	1508198	1510828	2630	AGTTCCTGCACCCGGGGGAAGTCGTCGTCGGTGTAGCCGCGCGCATAGGGGTCGGCCGTGCGGACCTGCTGATCGGCGGCCGCGTCGGCGACCGGGGCGTCGGCAGCGGGCCCCTCGCCATCCGGAGCGTCGGCGTCGCCACCCGAACAGGCGGCGGCGAGAAGAAGTCCGAGGGCGAGAAGGGGGGAGCGATGGAGCATGGAGAGTGCGGTTGGTGTGGCGGAATCGCGCGGGCCCCGGCGGGCGCCGCCCGGGCGCACCCGTCGACCCGGTCGTGGATGCGGGCGCGGGCGGGCGGAGGGATGGAGCCGACACAATGCGGGTCTCGCGCCCCGTTGTCACGTGCGCGAGGTCGGCGGCGGTGGGCGGGGCGAGGCGGTGGTGGGCGGGGAGGCGGGCGCGAGGCGGTGGCGGGCGGGGAGGTGGGCGCGAGGCGGCGGTGGGCGGGGAGGTGGGCGCGAGGCGGCGGGCGGCGGGGAGGTGGGCGCGAGGCGGCGGGCGGCCGGGGCGCCGTCCCCCGGAAAGAGCCGGATCGTGCCAATCGTGCACGCGGATTCCGCAGTTGCTCCCGAAGTGACCCTCTACGGGCACCTTGCGGACAATCGTGGATCTCGGAGAAACGCGGTTGTCACGTTCGTGACCCTCTCAGGGGTACTTCGGGAGCAATCGTCCTTTTCGGCTGCACGATTGGCACGATCGCGCCCTTTCGCCGCCCCCGACCGGCCCGCGAGCCGGAATGCGCGCCCCACAGCTGGAATGGGCAGCCGCGGGCTGCAACGGGCAGCCGCGGGCGGGGCCGCGGCCTGGAATCGGCGGCAGCGGGTCGGGCCGCTGCTGGAAGGGGCGCGAGAAGGCACGTGGCGGGTGGGCGGCAGGAGGCGGCCGGGGCGCCGTCCCCGGAAAGGGCCGGATCGTGCCAATCGTGCACGCGGATTCCGCAGTTGCTCCCGAAGTGACCCTCTACGGGCACCTTGCGGACAATCGTGGATCTCGGAAGAACGCGGTTGTCACGTTCGTGACCCTCTCAGGGGTACTTCGGGAGCAATCGTCCTTTTCGGCTGCACGATTGGCACGATCGCGCCCTTTCGCCGCCCCCGACCGGCCCGCGAGCCGGAATGCGCGCCCCACAGCTGGAATGGGCAGCCGCGGGCTGCAACGGGCAGCCGCGGGCTGCAACGGGCAGCCGCGGGCGGGGCCGCGGCCTGGAATCGGCGGCCGCGGGCCGGGCCGCTGCTGGAAGGGGCGCGAGAAGGCACGCGGCGGGTGGGCGGCGAGGAGGCGGCCGGGGCGCCGTCCCCCGGAAAGGGCCAGATCGTGCCAATCGTGCACGCGGATTCCGCAGTTGCTCCCGAAGTGACCCTCTACGGGCACCTGGCGGACAATCGTGGATCTCGGAAAAACGCGGTTGTCACGTTCGTGACCCTCTCAGGGGTACTTCGGGAGCAATCGTCCTTTTCGGCTGCACGATTGGCACGATCGCGCCCTTTCGCCGCGCACCGACCGGCCCGCGAGCCGGAATGCGCGCCCCACAGCTGCAACGGGCAGCCGCGGGCTGCAACGGGCAGCCGCGGGCTGAGCCGCGGCCTGGAATGGGCGGCCGCGGGTCGGGCCGCTGCTGGAAGGGGCGCGAGAAGGCACGCGGCGGGTGGGCGGCGAGGAGGCGGCCGGGCCGCCGTCCCCCGGAAAGGGCCAGATCGTGCCAATCGTGCACGCGGATTCCGCAGTTGCTCCCGAAGTGACCCTCTACGGGCACCTGGCGGACAATCGTGGATCTCGGAGAAACGCGGTTGTCACGTTCGTGACCCTCTCAGGGGTACTTCGGGAGCAATCGTCTTTCTCGGCTGCACGATTGGCACGATCGCGCCCTTTCGCCGCCCCCGACCGGCCCCGTCCAGTCTTCCGCTCGCGCCCCGCCCCCCCCTCCGCTCAGTAGTCCACCGGGCGCAGGTAGAAGGCGCCGATCGCCGAAGACGACAGCATCGCCACCGTCGGCAGCTCGCGCTTCCAGTGGGTGCTCGAGAGCCGCCGGTGCACCAGGTCCACCTGCCCCTCGTCGAAGCCGCTGCGCACCAGATCGTCGACGGTGTAGCCCTGAACCAGCCAGTGCAGGATGGGATCGGCCTCCGGGTAGCCGATCCCGAGTTCGTGCTCGTCGTGCACACCCTGAATCAGGTCGGCGGAGGCGGGCTTGGAGATGATCTCCTCGGGCACGCCCAGGTGCCGGGCCAAGGCCCACACCTGTGTCTTCAGCAGGTCGCCGAGCGGGTTGATCGGGGGCGAGTCGTCGGCGTGCCAGGTGTAGTAGCCCAGCAGCCGCTCGCTCTTGTTGCCGGTCCCCAGCGGCAGAGCGCGCAGTCCCGCCGACTGGTCGAAGAGGATCACGGCGCGCGTGCGCGCCATGACGTTGCCCCGACGGCGCCCGTCGGCCTCCGCCTCGAAGGCGTCGAGGTAGGCGTCGACCGGCCCGGTGATCTCGATCGTGCGGGCGTGGGCGCCGGTCGCCTCGAGGGCCAGCTCGGCGTGCGCCAGACTGTCCGCGCTCGAGGTGGCGTACGGCAGCCGGAAGCCGAAGACGTTTTCCGGCCCGAGGGCCCGGCAGGCCAGGAAGAGCGACACCGCCGAGTCCACCC
CP144380.1_gap38	1526901	1528140	1239	GGCCAGCCCGGCGCCGTTCACGCAGCAGCCGACGTTGCCGTCGAGCTTGATGAAGGTGAGGCCGGCGTCGCGCGCCTCCGTCTCGGCCTGCGGCTCGGCCGAAGCGTCGCGGTAGGCCTCGACGTCGGGCTTTCGGAACAGCTCGTTGTCGTCGATCGACACCTTGGCGTCGATGGCCTTCACATCACCCTCGGGGGTGACGATGAGCGGGTTGATCTCGGCCATCGAGGCGCCCGCGGCGATGAACGACGTATAGAGCTGGCTCATGATCCTGCTGGCCTGCTTCACCTGCTTCGGATCGTCGTACAGCGAGTTGGCGAGCCAGTAGGCCTGGTGCGGCAGGAGCCCGTAGCGCGGGTCCACGGTGAGCTTGCGGATCGCGTCGGGGTTGGAGTGGGCGACCTCCTCGATGTCGATGCCCCCCTCGGCCGACACCATGAACATCGGCGCCTGCGAGTCGCGGTCGACCAGCACGCCGACGTACGCCTCGGAGGCGATGTCTTCGGCCGGGGTGACGAGCACCTTCTCGACCGTGAACCCGCTGATCTCCATTCCGAGGATGGCCTCGGCGTGCTCGCGTGCTTCGTCGGGGGTCTTCGCCAGCTTCACGCCGCCGGCCTTGCCTCGGCCGCCGGAGTGGACCTGCGCTTTGACGACGACCATCCCGCCGAACTCGCGGGCGGCGGAGGCTGCCTCGTCGGCGGTGGTGACGACCTTGCCGGGGGGCACGGGAATCCCGTGATCCCGGAAGATCTCCTTGGCCTGATACTCGTGGAGATTCATCGTGGAGTTTCGTCCCGGTGGGGGGCGGAAAGGCGTGAAGAATCAGAACCTTGAAAGGTACCCCGGGCCCGGGGGGCGATCAACCGGATCCGGAGTCCCCGAGCAGCTCGCGGAGTCGCTGCAGCGCTTCGCCGAAGCCCGCCCAGTCGCCCTGGCGAAGTCGCTCCTCTGCGAGATCAAGCAATTCGAGCGCGGAGGCGGGAAGCGCTCCGGACGGCGCACCCACCTGACCGGCCGCGACGGAATCGGCCGGGGTCGGCCCGACGGACGACCCGGATCCACCCAGTGCGGCCACCGCCCCGGCGAGCGTCTCCTCCATCACCACCGACTGTCCGTCGCTCACCACGAAGCGGCGCAGCTCGGGAATGGCGTCCTCCTCGGCGGCGAGGAAGACCGGCTCCATGTAGACCACGCGGTCGCCCACCGGCACCACGTGCAGATGGCCCGTCCACACCC
CP144380.1_gap39	1529256	1533042	3786	CTTCCACCTGGGTCGGGTCGACCTCGCGCACAGAGACCGCCACCGGCGCGTTCGTTCCCGAGGGGCCGGGATAGCGATCCATCACCACGCCGGCGAAGTCGTAGTAGCGAAAGCGCGCCTCGAGCTCGCGGAAGGTGGTGAGCAGCGTGGCCCGGGTCCAGATGGGCAACCCGGCGAACTGCTCCATCGCCCCCGCCCAGTCGACCGCACCCCCGGCCTGCGCCTCGAAACGCTCCCGCTCCATGTCGTCGAGACCGAAGCCGAGGCGGGTGAAGTCGAGGTTGTGCTGAATGTAGGGCGCCTCGCGATCCAGCTCGTTCGGCACTACCTGGAAGCGCTGCACGAACGAGGGGTAGAGCTGCCCCACCACCACCATGGAGAGGACCACCGCCGCGATTCCGGCCACGGCGGGCAGGAGCCGGTTCTTCCAGGCCCCGACCGCCACGCCGATGGCGCCCCCCAGGGTGAGGAGCGCCTGGATCCGGAGTCCCGGAAGACGCGCCATCACATCCGTGAACCCCACCACCCCCTGCACATCGGACGACCCCGTGAGGAGCAGGAGCGGACGTCCGAGCGCGAAGCGGCTGGCGAGAAGGGCGAGCACGACCGCCATGATCACGCCGAGGTGTCGGCGGGCGCCCTCCGACATCACCACCGAGCCCTCGCCCATGCGGAGCACCCCGGTGGTGGCGTAGCCGGCGGTGCAGACGGTGAAGACCAGGAAGGCCACCACCATCGCGAAGGTGACGGCCGAGCGCAGCACCGGCAGGGCGAAGGCGTAGAAGCCCAGGTCGTAGCCCAGCACCGGATCGGTGGTGCCCCAGGCGGGGGCCGCCGTCCAGAAGAGTGCACCGCGCGCCACCGACTCGGTGATCGAGGCCCCGAACCAGAGTCCGAGCAGCGCCGACAGGCCGAGCGTGGTGGCGGTGACGTAGTGGGCGGGCAACCGCTCGGCGATCTCGAGATTGCCGAACCGCCGCCGGATCTGGAGGCTCCCGAGGGTCCGCCCGACGATGCGCAGATTGAAGTAGAGCGCGGCCGTCACGACGAGGGCCGCCCCGGCGCGCACGCCCCACACCCAAGCCCACTGCTTCCAGAAGAGGCCGCCGTAGCCCACCTCGGCGAACCAGAGCGCCTCGACGTAGAGGGTGGTGAGCGCGCGGCTCGCCACGAGGAGCGTGAGCAGCGCCGCGGCCACGGCGATGACGAGGCGTCCCCCCCTCAGATTGCTGCGAATGCTCACGACTCGGCGCCCCTCAAACGCTCACTCCCTGCTCTTCGAGCCATCCCTCCACCACGGCGCGAATCTCGGCGAGCCGCTCCTCGCTGCGGGCCTCGTAGCGGCTCACGAGCACCGGCTGGGTGTTGGAGGCGCGGATCAGTCCCCATCCGTCGCCGAAGAGAATGCGGGCCCCGTCGACGTCGATCACCTCGTAGTCCCGGGTGAAGTGCTCCTGCGCCTTCTCCACGAGCCCGAACTTGGACTCCTCGGTGACGTCGATCCGGATCTCGGGCGTGGAGACGTAGGCCGGAAAGGCCGCCACCCGCTCGGACAAGGTCTTCTCGGAGCGCGAGAGCAGGGTGATGAGATAGAGCGCGTCGTAGAGCGCGTCGTCGAACCCGAAGTACTCGTCGCCCCCGACGCAGATGTGGCCGGAGAGCTCACCGGCCAGCGCCGCACCGGTCTCCTTCATCTTCTCCTTCATGAGCGAATGGCCCGTCATCCACATGATGGGCTCGCCGCCCGCCGCCCCGAACACCTCGGGCAGCACCTGGGAGCACTTCACGTCGAACACCAGCTTCTCCGATCGGCCGGTGCGCTCCATGAGGTCGAGGCCGAAGAGCAGCACGATCAGGTCTCCGCGCACCACCTGGCCGTGCTCGTCCACCGCCCCCACCCGATCGGCGTCGCCGTCGAAGGCCACCCCCAGGTCGGCTCCGGTCTCCTTCACCTTCGCGATCAGGTCGACCAGGTTCTCGTCGACCGTGGGATCGGGGTGATGGTTGGGGAAGGTGCCGTCGGAGGTGCAGAAGAGCGGCACCACCTCCACCCCCACCGCCTCGAGCAACCGCTCGGCGACGAGGGCCCCGGAGCCGTTGCCGCAGTCGACCACCACCTTCATCGGCCGAGCGAGTTCGAACCGGCCCGTGAGGTCGGTGACGTAGTCATCGTAGATGTCGCGCTCTTCGAGCGCCCCCTGCCCTTCCGCGAAGTCGCTCTCGACGATCCGGCGGCGCAATCCCTGGATGGTGTCGCCGTACACCGACCCGCCGGCCATCGTCATCTTGATGCCGTTCCACTCGGCGGGGTTGTGCGAGCCGGTGATCTGGATGGCGCCGTCGAGCTTCATCGACTTCTCGGCCCACCACACCATCGGGGTCGGGACGGTGCCGATGTCGAGCACGTCCACCCCGCCCGAACGCAGTCCGGCGACGAGTGCATCGGCGAGCGCCGGCGAACTCGGGCGGTTGTCGCGCCCCACCACCACGCGCGGAGTTCGATCGGAGACGGCCTCGCGGAGATCGGCGGCGTAGGCCCGGCCCACCCCTCCCGCCACCTCGGCGTCGAGGTCGGAGCCCACGATTCCACGAACGTCGTACTGCCGAAAGATATGTGCTGCAGGAGCCGGCATGGCGGGTCTACTCGGTGTGGTCGGCACCGTCGGCGGCCCATCCGGGGGCCGGCGAGCGGTGGAGTCGGGAGAAGGGTCGGAGGCGTCCGACGGGGGTGCTCCGCCGGGCGAATCCGACGGCCCGGGGGAACAGGGCAAAGGTACCCGCCCCCCGATGGGGGGTCAAGGAACGAATGCCCTTGTTTCAAGCCACGTTCCGCGAGGTTGGCAGGTGCGTGACGGAGCCGTATCTTGACCCTTCACATCCCGCCCGCGAAGCCGCTCCCGGCCGCCGCGCGCGCCCGCACCGTCGCCCCCGAACCCACCGCCGCATGCCCATCAAGAGCGATCGCTGGATCCGTCGCATGTCCGAGGAACACCGCATGATCGAACCGTTCCATTCGGGCCAGGTGCGCGACGGCTGCATCAGCTACGGCCTGTCGTCGTACGGGTACGACATCCGCGTGAGCCCCGAGTTCAAGGTGTTCACCAACGTGCACAACGTGGTGGTCGACCCCAAGCAGTTCGACGACCGCTCCTTCGTGGACGTGAACGCCGACGAGTGCATCATCCCGCCCAACTCCTTCGCCCTCGCGCGCACGGAAGAGTACTTCCGCATTCCGCGCGACGTGCTGGTGGTGTGCGTGGGCAAGAGCACCTACGCCCGCTGCGGGATCATCGTGAACGTCACGCCGCTCGAGCCCACCTGGGAGGGCTACCTCACCCTCGAGATCAGCAACACGACCCCGCTGCCGGCCAAGATCTACGCCGGCGAGGGCATCGCGCAGCTGCTCTTCTTCGAGGGGGACGAAGAGCCCGAGACGGCCTACGCGGACCGGAAGGGCAAGTACATGAATCAGGTAGGCGTCACGCTGCCGAAGATGTAGGGGCGCTGGAGCGGGCACGAGGCGCCCCTCCGGGAGCCGACGCTTCGCTCACCTGCGGTGATCGTCTCCCGGAGGGGCGCCTCGTGCCCGCTCCGCGGTGAGGTGGCTGGGGGGCGCGGTCGGGGGGGGGAGCCGTCGCAGTCGGCGGGCGGGCGCGGTCGGGTGGGGCGGGCGCGGGCGGGCGGGCGATCCGTCGCAGTCGGCCCCTCCGATTCGGCCACTGCCACCGCGCGTAGCGTTCTCGAGCGGTTTCGAGACAGTCGAGGGCCGAGCCCGCGACCACTGCG
CP144380.1_gap40	1534310	1538456	4146	GCGCCCCGAACGGGCGCGCACGGGGGGTCATAAACTACGCTGGGGTGGGGTCGTGAACGTGCGGAATTTCTGGATGGTTGCGCTGGCCCTGGCCGGGGTCGCGACACTCACGCCGCCGAGGGCGCTCGCACAGAGCCCGCCCGCGCTCGCCCCTGCGGCCGATGCTGCGCCTCCGACGGATGAGTCCGCTCCATCCGAAGCCGCCCCCGCACCGGCCGCTGGACCCGGCACCGCCCCGATCCCCACCGTCGAAGCACCGCACCCGCCCGCGACCGCCTCCACCCCGGCCCCGCCGCCCTCGCAACGCCCCGCCACCGTCTACCACGGTCGCATGGGCGACCTCGAGGTCACGGTACCGCGCATCGAGGCGGACATCGACATCGACGGGGCAGCCGACGAGCCCGCGTGGGCGGACGCGGCGATCCTCACCGGTTTCTCACAGTACGATCCGGTCGACGGGTCACCGGCTGCCGATTCGACCGAGGTGCGGGTGGTGTACGACGACTACGCGATCTACTTCGCGGTGAAGGCCTTCGAGCCGAACGGGCGCGTGGTGGCGACCCTCGCCGATCGCGACCGCATCGACGGCAACGACCACGTCCAGATCATCCTCGACACCTTCAACGACCGGCGCCGCGCGCTCGTCTTCTCGTCGAATGCCCTCGGGATCCAGAGCGACGGCACGCTGGCCGACGGCGCAGACACCGATCTCAGCCCGGACTTCATCTACGAGTCGCACGGGCGGTTGACCCCGGACGGCTACGAGATCGAGATGCGCGTGCCCTTCAAGAGCATCCGCTACCAGCAGTCCGAAGCCCAGGTGTGGGGCATCCAGGTGGTGCGGAAGGTGATGCACTCCGGCTACACGCAGACCTGGACCGCGGCCGAGCGCAGCGCGCCCTCCTTCCTCGGGCAGAGCGGCACGCTGGTGGGGCTGACCGGACTCCGCCGCGGACTCGTGCTCGACGTGAACCCGGTGATGACGGCTCGCGCCGACGGGGCGCCGCAGGCGAGTCCGGCCACGGGGTGGGACTACGACGCGGAGTCCCCGGAATTCGGCGGTACTCTGCGCTGGGGCGTCACTCCCAACGCCTCGCTCAGCGCCACCGTGAACCCCGATTTCTCGCAGGTGGAGGCCGATGTCGGGCAGGTGATCTACGATCCGCGTTCGGCCGTGTCGTTTCCGGAGAAGCGCCCCTTCTTTCTGGAGGCGAGCGAGAACTTCGAGGTGCCCAATTCGCTGATCTATACCCGCCGGCTGGTGCAGCCCGAAGGTGCGGCAAAGCTCAGTGGCAAGATGGGCGAGTTCAATGTGGGACTCCTTTCGGCCATCGATGGCCCGCCCGATCTCGGGGAGGGCGACGACTCGCCCCTCTTCAACCTGGTGCGGCTGCGGCGCGATGTGGGTCCGCAGTCGAATGTGGGGGTGGTCTACACCGACTGGATTCAGGGCTCGGACTACAACCGGGTGATGGGTCTCGACACCCGTCTGCTGCTCGGCGAGCGGTGGGTGTTCAACGGGCAGGTGGCCTCGAGCTTCAGTCGGTTCGGGGGCGAGGGCAGTTCGTGGAAGCCGCTCTTCGACTTCAGCCTGTCGCAGTCCGGCCGCGACCGCGGCATGAACCTCGTGGTCGAGGGGCGCCATCCCGAGTTCGTGACCCGCAGCGGCTTCGTGCCGCGCACCGGCATCGCCCACGCCAACTTTTCGCCGCGGTGGAGCTGGTATCCGGAGAACAGCCTCTTCGAGTCGATCTCCTTCACCCCCCAGCTCGACGGCACCTGGGTGTGGGATCGCTTTCTGGACGGCACCTTCCCCGACGACATCAAGGTCAACAGCAGCACGAATCTGCGACTCCGGGGCGGCTGGGGTCTGACGCTCTATCACTGGAGCGAGAGCTTCAGCTACCCCGACTACCTCTACACCAACTACTTCATCGAGCGGCGAGACGAGGCCGGCGAGCCCACCGACACCGTGCCCTACGTCGGGACCGATCGACTCACCAACCTCGGCCTGATGGTGGCCGTGAACACGCCGCAGTGGAATCGTTTTTCGGGGCGGGTGCAGGTGATCGGGGGCCAGGACGACAACTTCGACGAGTGGTCGTCGGCCTGGATTCTCTACACCACGATCGAGGCCAACTGGAACCCCACCGACCAGATCCGCATGAACGGCCGGTTCCTGGAGCAGCGGGTGCACCGCAAGACCGACGGATCACTGGTGCGGCTGCGAACGATCCCGCGCGTGAAGCTCGAGTACCAGGTCTCGCGCCCGATCTTTCTGCGCTTCGTGGGCCAGTACGACGGCCTGAAGGTGGACGCCCTGCGCGACGACTCCCGCACCGGCGATCCGATCCTGATCCGCACCCCCGACGGCTTCCGTCCGGCGGTGGCGAGCGAGAGGGGCGGCTTCCGCATGGACTGGCTGTTCAGCTATCAGCCGAATCCGGGGACGGTGTTCTTTGCGGGGTACGGGTCGAGTCTGGACGGGGATGAGTTGTGGCGGCCGAATGAGCTGACGCGGACGTCGGATGGGTTCTTTTTGAAGGTGAGTTACTTGTTGCGGATGTAGGCGGGGGGGGGGGGCGCCGGTGGCGGACGCGGGCAGCGCCGTATAAGCTCTCAGCTGTTGGGCGCGTCACGAACGTTGTGTGTCAAGCGACAATTTGTCAGCGCCAATGGGATTGTTTGGCCCACAGGGACGGTAGACTATGGAAACAAGCGACCTCCTGACGATTGTCGGATGGCTGGTGACCTTCGTCCTCGGGATCATTGCGTCCCGTCTCGTAGGCAGGCGAACGGCGAAGACCAAGACGATCGCCTGGGGCGTCGTGGCGGAAATCGAACTCATCTCCCGCCAGGTATCGGATCTCGTTGGCGTACCGGTGAGGCTCACGATCGGGGAGCACGAGGCGACATCTTTGACCGCCCTTCGACTCGCCGTTGAATCGACTGGTAACGAAGTGGTTCGCAACTTCTCTCCAGTTTTTAGGTTCAATCCCGAATGCCGCGTCCTTCACGCCCGACCGCTTACCGACCTCGGTGAGTTCCACAAGCACGTGTCGATCTCACCGGCCGGATCATCTTGTCGACTGACGTTTGATTTCCTCAATCCAGGTGAGGGGATTCGCTTGGAGCTCCTCTTGTCAACTTACGAACCCGGCTCCATCGACATGGATCTCGCCGCGCCCGGCGTGAAGTTCGAGCGACTTGGGCGAGATGATCGCTCTTCTAGGGCCTCACGCATCCTAGCCAGTCTGACGTTTGGAATCGCTGGTGTGCGAGTGGACGCAACAGTGCGGCCATTGATTGAGATAGCCCAGGAGCTGAACTCAATCAGACGGTACATGCGGCACGTGGATCGTGGGAATCCGGGGCAACCCACGATGCCGCAGATGCCACGTGTTGAGAGTCTCGCGGCTCTGGGTCCGGCCTCCACAAACCAAGCCTATAGGGCCGGCGAAATCAGTTCTCTCGCGCTCGACGATCCTCACCTGGTGCACGAGGACGAACCCGACTCTCCGATCGCGATGTCCAGTCAAGTGCTTTGGCGTCCTCAAGGCGTCGTGGCCCTTTGGGTTTACGTCGATTCATTCGGGAACGGAATCCGAGCCTTGGAGAACAACTGAACCGCCCCGGGTTCATCGGAGAGTGTTTGACTTGAGTGCCAGGGGCTCGGAGAGAGCGGCCTGACGCGAATGGTACTGCTCTTCGAACTCCACGGGCGGGATGTCACCGAGGGGCCCGAGGAGGCGGTGATGATTGAACCACCAGACCCAACCGAGGGTGGCGAGTTCGAGGTCTTCGAGGCGAGTCCAGGGGCCCCGAGGATAGATCAACTCCGTCTTGTAGAGCCCGATGATCGACTCGGCCAGGGCGTTGTCGTAGGAGTCGCCCCGGCTGCCGACGGAGGGCTCGATGCCGGCCAGCGCCAGGCGCTCGGTGTAGCGAATGCTGAGGTATTGAGAGCCGCGGTCGGAGTGATGCACCAAGGCACGCTCACCGTCGGCCCTCCGCTCCGCAATGGCCTGCTCCAGCGCGTTCAGGGCCAGGTCGCTCTTCAGCGAGTTCGATACCTGCCAGCCGACGATCCGTCGTGCGAAGACGTCGATCACGAAGGCCACGTAGGCGAAGCTCGATCCGGTCCGG
CP144380.1_gap41	1592350	1593357	1007	CTGGAGGCGTCACGAGACGTCCGAAGTACGGACGTCCGTGCGGGATGGGATGGACGGCGTGAACCGCCGACGCAAGCTATTCGGGGCGCCAAACGGTGTCAACGCGACCCCGCGGCCCCACCCCCGTGCCTCAGCCGCCCGTCTGCGAGAGCGCGACCAGTCCGCCCGACCCCATCGTGCTTCCCTGCACCAGCTCGTGCCGCTCCGGCTTCACCCGCAGCGTCTCGCGGATGTGCGGCTCGAGCGCCTCTCCCGCCCGGAGCGGGGTGCGAAGGTCGGTCTGGAGATCGCCGAACAGGCAGGGGCGCAGCTGCCCGTCGGCCGTCAGCCGCATCCGGTTGCAGCGGTCGCAGAAGTTGTGGCTCATGGGGGTGATCACCCCGATGGAGCCGGCCGCGCCCGGAAAGCGGTAGTAGGTGGCCGGACCGTTGCCGGTGGGGCCCTCTGCGGGTTCGAGGTCGCCCAGCCGCCGGATGCGGCGGAGCGCCTCGGCGCACGAGATGTAGTTGTCGCGCGACAGGTCCAGGTTGGAGCCCGTGGGCATCACCTCGATGAAGCGCACGTGCCAGGGGCGTTCCCGGGTGATCTCGGCGAAGTCGCCGATCTCGTCGTCGTTGGATCCGCCGATCAGGACCACATTGATCTTGAGGGGGGCGAAGCCCATCTCCTCGGCGGCCCGGAGTCCCTCCATGATGCGGCCGTACGACCCCGGCCGGCGGGCGATGGCATCCACCCGATCCGGCCGCAGCGAGTCGAGCGACACGTTGACCCGGTCGAGCCCCGCGTCGCGGAGCGCCTCGGCCTGCTCGGCCAGGAGGACCGCGTTGGTCGACAGCGAGATGTCGTCGATCCCGGGGACCGCGCTGATCATGGCCACCAGGTCGGCGAGGTCGCGACGCACCAGGGGCTCGCCGCCGGTGAGCCGCACCCGCCGGAGCCCGAGCGGCGCCATCACCCGCACGACCTCGGCAATCTCCTCGTAGCTCAGAAGGGCGTCGCGCTTGAGC
CP144380.1_gap42	1668798	1671884	3086	GGGTTCGCGCCGCGATCTCCGCGGTCACCTCGCGGAAGGGCAGCACCAGGGTGATCAGCGCCGCACCCCCGATCACCAGCAGCAGGCTGCCGGTGATCCGGATGGTGGAGCGCACCGTGAGCACGGGCGAGCCCACCACCAGTCCCATCGCGAACTCCACGATCGGGCCCATGAGAGGACTCACCAGCATCGCGCCGATCACCACCGCCGTGGAGTTCATCGCCAGCCCCAGGGTGGCGATCGACATCGACAGGAAGAGGAAGGTCCAGTACTCGACCACCCCGCGCTGCCGATTGGCCAGCATGAGGTGCACCTGGGTCTCCCGCTCGTGCGCCTGCAGGTTGAGCATGCGCAGCAGCCGCCCGTGCACCCAGCGCTCGAAGCGGTGGAAGAGCTCGATCACCCCGGAGGGCGAGTCGTCGGACGACGGCGGCGTCATGCGCCCGCCTCCGCGGAGGTCGGGGCCGGGGCACCGAGCGCCTCCCGCACCGCCGGAGCCACGATCGTGCCGTACAGTTCGATCGCGCGGAGCACCGCGTCGTGGGGCATCGGGCCCACCGTCATCTGCAGGAGGAATCGCTGGTGCGCGAACAGCCGGTGCTGGTAGAGGATCTTCTCCACCACCTCGTCGGGGCTGCCCACGAAGAGCGCGCCGGTGGGGCCGCACTCCGCCTCGAACTGCGCGCGGGTCGGGGGCCGCCACCCTCGCTCGCGTCCGATGCGACCCATCGTCTCGGAAAAGGGTCGCCAGGCCATCGCTCGCGCCTCGTCGCCGCTCTCGGCGATGAAGCCGTGCGCGTTGATGCTGAAGGGCAGCTCGGGACGCCGCGCCTCGGCGGCGGCGTCGCGGAAGAGGTCGGCCATCGGCTTGAAGCGCGCAGGCTGCCCGCCGATGATCGCGAGCGCGACGGGCAGTCCGAGTCGCGCCGCGCGCACCACCGAGCGAGGGGTGCCGCCCACCGCCACCCAGATCGGGAGGGGGTTCTGCACGGGGCGAGGGTAGACGCCCCGGCCGGCGATGGAGGGCCGGTGGTGGCCGGTCCAGTCGACCACGATCTGCTCGCGAAGCTGCACCAGCAGCCGGAGCTTCTCGTCGAAGAGCGCCTCGTAGTCCCCCAGGTCCTGGCCGAACAGAGGAAACGACTCCGTGAAGGAACCCCTCCCGGCCATGATCTCTGCGCGACCGCTCGACAACTGGTCGAGGGTGGCGAAATCCTGGAAGACCCGCACCGGGTCGTCGGAACTGAGCACGGTCACCGCGCTCGTGAGCCGGATTCGGGAGGTGCGGGTGGCGGCGGCCGCGAGCACCACGGCGGGCGAAGAGACCGCGTAATCGGGGCGGTGGTGCTCGCCAACGCCGAAGACGTCGAGGCCGAACCGATCCGCGTGCTCGATCTCCTCCACCAGCCGCCGGATGCGGTCGTCGTCGCCGACGGGCTGACCGGTGGCGGGGTCGAGGCGGGTTTCGGCGAAGCTGTAGAGTCCGAGTTCCATGGCGTCGGGGAACCCCGGTGCGGGGGTGGAGGATCCCTCCGGGGGAGGGGCGGCGGACCGCGGCCCGTCAGGGCCGATCCGCCCCCAGGCGAGCCTTCAGCGGATGCACCGGAAACACCAGGGTGTCGTACACGGCATCGCCCGGGCGTCCGCCGCCGGGATAGTCGGCGGCCTTCGTCGGAAACACGGGGCGGTCCTGACTGTTCACCCACGCGGCGATGTGCTGGGACTCCTCGTCGGTGAGGCTCCCCGGTGCGTTGAGCGGCATGGCGTAGCGGATGAACCCGGCGAAGGTCCAGATCCGCGAGGCGCCGGCGCCGTCGTTCCACGACCGGTCCCCCCAGAGCGGGGCCGGGGTGGCGAGTCCCACGTCGAGGCCCTGACCGTCGTCGCCGTGGCACTGGGCGCACTTGTCGGCATAGAGGCGTCGGCCCTTCGAGAGATCGAGGTCCTCGATGGCGAGACGCGCCTCTTCGGGAATGCGGTTCTGCCCGCGCCAGGGCGGGGACTCCCCCTCCGGCTGCCCCTCCGACAGCCAGTGGATGTAGGCCTGGAGCGCCAGGGCCACCGGGTGATCGGGGGGAGGAGGGGTGCCGTTCATGCTCCGCATGAAGCAGCCGTCGATGCGCTCCCGCAGACTCACCATGCGATCGTCGCGGTTGCGAAACTGCGGAAAGAGCCCCGCCACCCCCACCAGGGGCAGCGCCCCCTCCCGCTGCCCCCCGTTCATGTGGCAGCTGAAGCAGGCGAGGTCGTTGCCGACGAACTCGGCCGCCCCGAACGCCTGGGGATCGCGCGCCACCCGGTAGCCGAACCGGATGCGCTCCGCCGTGGCCGAATCGGCCTCGATCGCTTCGGTGAGCGGGTTCCGGGGCAGCCGGTTCACCTGGTCGATCGCCGCGGAGGCGGGCACCAGCGGAAACCGCTCGGTGCCGGCCGTCGGCAGCTCCCCGGAGGTATCCGCCGCACTCTCCCGGGGTGCCGCATCTCCCGCGCCCGAGCCGCAGGCGGCCAGGAAGAGTCCCGCCACCAGCGTCGGCCCGCGCAGACGCCGGAGTGAAGGGCCGCGTCCTTCGCCGAAACGAGCGGCGGTGCATCGAGGGGAGCCGGGAGGCACGATGGGCGTCATGGGCAGGCGGGGAGACGAGGTCGACCAACGGGTGCGATCACTCCTGCGTCGTTCGCGGGTCGAGGGTGACATCGGCACCTGCGCGAGCACGCCGGCGACCCGGAGTCCGCAGGGGGCCGAATCTGGGGGCGCGGACACGCGTGCGCCACGGCCCCGCCGGGCCGCGCGGAGGGGGGCGTCATTGTGGAGTCCCCGCTCGCACCCGAAGTTGGCTTGTCGAACCGTGCCCATCCCTACTCCGAGACGCACCATGCCGAACGCCACTCTCCGGGTTCCGCGCTCCCTTCTGACGCTGGCCGTCGCGGGCGCGCTCGCGCTGCCCGCCGCCCTCTCCGCTCAGCGCCCCGAGATGCAGGCGTCGGGACCGCGGATCCAGTCCAACGGTCCGACCTTCGAGGTGGCCAACCCCTCGTTCACCGCCCCCGAGGGGCACATCTACAAGGCCGTGTTCGAGATCGCGGCC
CP144380.1_gap43	1678612	1683449	4837	GCGCCGGGCTGCCAGATGCCCCCCGTCGAGTGGTGGCGGAGGCCGTGAAGCTCGCTCCAGCTCGCACCGCCGTCGGTGGACTTGAACAGGGCGGCGTCCTCCACCCCGGCGAACACCGTCTCGGGGTCGTGGTGCGAGGGCTCGAGGTGCCAGACCCGCTTGAAGTCCCAGGGGTGCGGCGTGCCGTCGTACCACTGATGCGTACCCACCTCGCCCTCGTAGGCGAAGTGGTTCCCGACCGGCTCCCAGCTGCGCCCCCCGTCGTCGGAGCGCTGGATCACCTGCCCGTGCCAGTCGGTCCACGTCGAGGCCCAGATCCGGTCGGGATCGACGGGTGACGACTTCGCATGCATCACCTGCCAGCCCCCGAAGTGCGGGCCGTCGAGCGTCCACGCGCTGCGCCCCTCGTCGGCGGTGGCGATGAACAGACCCTTGCTGGTTCCGATGAGAATCCGCACCTGCCCCATGACGACCTCCCCTCCCTCGGGTTCGACGGCTGCGATGGAGTCCACTCTACACGAGCGGGGTCGGTCGAGGCCAGTGCGGAACGCCTGGAGCTGGCAGAGGTGCCGGGGGAGTGATCAGGCTGCGGCCCGGGACAATGTACCAATCAACGCGGCCTCCAAGGTCGTTGGTACGTTCGCATCGGTATGCGTGCACGATCGACCAACCGGGGCCACGGCGAGTCCGACGTTTGGTATCTTCGGCACGTATGGCGTTGCGAAAGGACCAATCGCCCCCGATGCGGGAGCGATTGTCATGTTCTCCCGCGGGCCACCGCTCGCCGGACCTGAGCGCCGGCCACGGGTCGTCGGCCACGAGTCGTCGGCCACGAGTCGCCGGCCACGGGTCGCCGGCCACGGGTGGTCGGCCACGGGTGGTCGGCCAGGCGGGCCGCGGTGGTGCCCCCCTGGGCCCGGGCGTGTGTCGCGGCCCGCTCGATCGTTCGTGCCGAGGCCGCCACGGACCGATCTCCGACTGTGGTCCCGACCCCGTCCCTCCCCCGCCCCCCAGATCCGGCACGCCCTCCCCCCGTCCCGTTTCCTCGCCTCATGACCCGTCCGCGCATCTCCGCACCTTCTCCACGCTCTCCGCCCTCCCCCGCCCTCCAGACACGGCTCGAGGCCGCCCTCCAGACACGGCTCGAGGCCGCCCTCCAGACACGGCTCCAGGCCGCCCTCCAGGCACGGCTCGAGGCCGCCCTCCAGGCACGGCTCGAGGCCGCCCTCAAGCCCCCCCGATCGCCGCGCACGACCGCCCTTGACCGCGCCGCCGTCCGCAGCCCATCCTCCGCACACCCACCTCGACCCCATCCGTATCGCCTCTCCCTTGCGGGACGCACTGGACGGGGGGACGGTGCCCGGGGTCGTTCGCCCCCTGAGCGTCACCCATCTGCCCGGTCCGGACCCGACCCCCGCTCCATGTCCACCCACCCCGCCTCCGACGCCCGCTGCTTCTGGGTTCCCCCGGACGACGAGCTCTACCGAGCCTACCACGACCGCGAGTGGGGTCGACCGGTCACCGACGACGTCCGCCTGTTCGAGAAGGTGAGCCTCGAGGCCTTTCAATCGGGGCTGAGTTGGCGGACCATCCTCGGAAAGCGCGACAACTTCCGGCGGGCCTTCGACGGCTTCGAACCGGCGCGGGTGGCGGCCTACGGCGACGCCGAGGTGCAGCGACTCCTCGGCGACGCAGGCATCGTCCGGCACCGCGGCAAGATCGAGGCGGTGATCAACAACGCCGCGCGCGCCCTCGAACTGATCGACGAAGCCGGATCGCTGGCGGCCTTCTTCTGGAGCTTCGAACCCGAACCGGCGTCCCGCCCCGCGGTGCTGACCGAGCCGGTGCTGCGCACCATGACCACCTCCGACGAGGCGAAGGCCCTCTCGAAGGCGCTGCGCAGACGGGGGTGGAAGTTCGTGGGGCCGACCACCGCCTACGCCTTCATGCAGGCGATGGGACTGGTGAACGATCATCAGGAAGGCTGCCCGGTACGGGCGGAGGTCGAAGCGGAGCGGGCTGCGCTGAAGCGGCCCTGAGGCGGCTCAGCCGCCCTCGTCCCCCTTCCCTTCCAACAGCTGGGCCGCGTACCAGGCGCGCTCGATCGACAGATCCACCTCGCCCTCCTCGAGAGCGCGGCGCGCGCCCGTCAGCAATCGTTCCCCCCGCGCCATCGAGCGCGCATCGACGGCCCCCGTCACCTCGCCGCGGACGAGCGCGCGATCGGCGCGCGCGATCAGGGTGCGCGCCACGGCACGGGGCCCGAGCTCTCGGATCCGATCGGAGGCCTGAAGACCGACGGTGAGGGCCCGGTCGTGCCGGCCGGCATCGAGGGCGGCCCGGGTGTCGGACACGAGCGATCGGATCTCCTCGAGGGCCGGGGCGAGATCGGGCGGCACCGACCCGATATCGCCGAGATCGCGCTCCACCTGGAAGAGGGGGTCGAGGGTGCTCGACACCCCGCCCGCGCCCAGAGCGTCGCGAAGCGCCGGGGCCGCCTGACGGATCGCCTCGTCGCGGGCCGACCGCCCGAGATCGGGATCGTCGGCCTCCCAGGCCAGCAGCCACGCCTCGAGCACCGGCGCCAGCTCGTCGCGCACCTCCGCATCGGCCGCGAGAAGGCCAAGAGTGGGCAGCTCGACCGGCACGGCCACGGCCGGTACGATCTCGGAAGCCACGAGAGCGGCGAGGGGGTCCGACCCGGAGTCGCGGCACCCGGGGAGGAGCGCGAGCGCGACCGCGATCAGAACGCGGGAGCGCGCCCGAACGAAGGGGCCTCCCCGGGTGACCGGGGCGGTGAGGAAGGTCCGTGGAGCCATGGTCGGAACCTATTCAGTGGGCGCGCGTAAGGGCAACGTCGAATGCTACCCGGAACGGGGCGAAACGGGCCCGTTCCGCGCCCTTCTCGTTGCTTGACCGTCGAGAAGGCCGCGGGTAGCTTCGCGCTCTGTCATCCGGGGCCGGATCACGGGCCCCTCCCACGCTGGACACACCCCGAGGTATGCTCATGTCCGAGAAGGTGCTCGTTCATTACGAGGTGCGGGACAAGGTCGGAATCCTGACTCTCGATGACCCCCCGGCCAATACCTACACCTACGAGATGTTCCAGCAGTTCGACGCCGCCGTGCTGAAGGCGCGGATGGATTCGAACGTCGAGGTGATCATGATCACCGGAGCGGGCGAGAAGTTCTTCTCCGCCGGCGCGAACATCTCGATGCTCAACGAGGCCGACCCGTACTTCAAGTACTACTTCTGCCTGCACGCCAACGAGACGCTGAACCGCCTCGAGCACACCCCGAAGCTCGTGATCGCGGCCCTCAACGGTCACACCGTGGGCGGGGGGCTGGAGATCGCCATGGCCGCCGACCTCCGGGTCGCTCGCAAGGGTGCCGGCAAGCTCGGTCTGCCCGAGGTCAACCTCGGCGTCCTGCCGGGCACGGGCGGCACCCAGCGCCTCTGCCGCATCGTGGGCAAGTCGCACTCGATCGAGCTCATGGCCGAAGGCGATCTCTTCGACTTCGAAGCCGGTCTCGACAAGAACCTCGTGAACGTGATCATCGAGGCCGAGTCGGGCGACGACTTCAAGGAGAAGGCCCTCGAGTACGCCAAGCGCTTCACCACGCCCAACAAGGCGTCGAAGGCGGTCGGAAACATCAAGCGGTCGGTGCAGACCGGCATCGGGCTGCCCTTCGAGCAGGCGCTCACGGTCGAGCGCGAGCTCCAGCAGCAGCTCTTCCAGAGCGGCGACGCCAAGGAGGGCATCGCCGCCTACGTCGAGAAGCGAAAGGCCGACTTCAAGGGGAGCTGAACCGGTGAGCCACGAGGTACGCACCCGACTCTGGATTCACAACGAGGCGGTCGATGCCGCCTCTGGCCTCACCTTCGACACGACCAACCCGGCCACGGGGGCGACCATCGCCTCCGTGGCCCGGGGGGCCGCCGCCGACATCGATCGCGCGGTGGCCTCGGCCCGCGAGGCGATGGCGTCGCCCGAGTGGCGCGGCATGGACGCCCACAAGCGGGCCCGCCTCATGTGGCGGCTGGCCGATCTGATCCAGGAGAACGCCGACGAGCTCGGCGCGCTCGAGACGCAGGACAACGGCAAGCCCTACTTCGAAGCGCGGAAGGTGGATCTGCCCAGCGTGGTGGAGAACTTCCGCTACTTCGCCGGGATCGCCGACAAGGTGGGCGGCGAGACGATCCCCGTCTCGGGCCCCTTCCTGAACTACACGATGCGGGAGCCGGTGGGCGTGGTCGGGGCGATCGTGCCCTGGAACTTCCCCCTCTCGCTCGCGGCCTGGAAGGTCGCGCCGGCGCTCGCCTGCGGAAACGCGGTGATCCTGAAGCCGGCCGAGCAGACGCCCCTGACCGCGATCCGCCTCGGTGAACTGGCGGCCGAGGCCGGCTTCCCCCCCGGGGTGCTCAATGTGGTGCCCGGCTTCGGACACGAGGCCGGCGCGGCCCTCGTCGCCCACCCCGGCGTCGACACGGTGGCCTTCACCGGCTCCACCGAGGTGGGCCGAATCGTGGCACGCAGCGCGGCCGACACCCTCAAGAAGGTGTCGCTCGAGCTCGGCGGAAAGTCGCCCAACATCATCTTCGCCGACGCCGATCTGAAGGCCGCCATCCGCGGTGCGGGCACGGGTATCTTCTACGGCAAGGGCGAGGTGTGCGCCGCGGGCTCCCGGATTCTGGTCGAGCGACCGGTCTACGACGAGTTCGTGTCGGCCTTCGCCGCGCGCGCCGAAAAGACCACCGTGGGTGATCCGATGGACGCGGGCACGCGGCTCGGTGCCATCGTCAGCGAGGAGCAGCTCGAGCGGGTGCTCGGCTACGT
CP144380.1_gap44	1686727	1689717	2990	CCACCTTCCGGGGAAGCTGAAGGATGGGCCGACTCGGCATGGCGATCGCGGTGCTTCTGGGCGCACTCACGACCCCGGCGCTGCACGCCCAGCCGGCGCATCGCGCGATTCTCGCCGAGAAGCTCGACGCCGAGCTGACCCGCCTCGTCGACGACTTCGAGGGGGTCGCCGGGGTGCAGGCCATCGACCTCGTCACCGGCGAGGTGTTCGCGGTCGATGCCGATCTCGTGTTTCCCCAGGCGAGCGCGATCAAGATCCCGCTCCTGATCGAGCTCTTTCGCAGGGAGTCGGAGGCCCCGGGCTTCGTCGGCGAGCGACGCACCATCGACGACGAGGTGCGCACGGGCGGCTCCGGAGTCCTCCGCCACCTCTCGGACGGCGGTACCGAGATGTCGCTCGAAGATCTGGCCGTCTTCATGATCGTCTACAGTGACAACACGGCCACGAATCTCCTGATCGACGCGGTCGGCATGGACGCCGTCAACGCCCTCATGGACCAACTCGGCGCACCGAACACCCGGCTGCAGCGCAAGATGATCCGCCCGGAGGCCAGTGTGCGAGGCGACGAGAACCTGTCGACGCCCGCCGAAGCCGCCACGCTCATGGCGCGCCTGGCCGCCTGCGACCTGCCGCTCTCCGCCGCGGCGTGCGACCGCGTGAAGAGCATTCTCTCCATCGACAAGGGCGGGCCCTTCCGCGATCCCGTGCCCACCTCGGTGCCGATGGCGTGGAAGCCCGGCGGGGTGGAGGGTGTGGCCACCGCCTGGGGCATCGTCGGCCTCGCCGATCGCCCCTACGCGCTCGCCGTCATGAGCAGCTACGGGCACGAGGGTGGCGCTCTGGTGCGCGCGGTCCAGGCCGCCGTCTACGACCACTTCTCGCGCCTCGACCGCAGCACCGAGTACGGCGTGCGGGTGCCGCTGCGAGTGCTGCCTGCCCGCGGCGGAGGCCCGACACCGTGACGGACGCCGACGGGGCGGACGACGCCGGGCGTCTCGAGGAGATCCGCGAGCGGATTCTCGAGCTCGATCAGGCCCTCGTCGAGCTCGTGGGCGAACGCCGCGATCTCGTGCTCGAAGTGGGGCGGCTGAAGGCGTCGCTGGGACTCCCCGTGCTCGACCCCGGCCGCGAGGCCCGTGTCGTGCGTCGGGCCGCCGAGCTCGCCCGCGAGGGGGGTGTGGACGAAGAACTCGTGCGCGACGTGATCTGGCGGATCATCGCCTCCGCCCGCGACGCCCAGGAAGGACGCAGTCGCTGGGGCCCCCCCGAGCCCCCCGCCGGCCCGGCGAACCCCTCGGGGTCGGACGGCGTATGAACGCCATCGCCCCGCTTCGACCGTGGAGGTCATCATGAGCCGTGCCCGCCTCGCCCTCCTTCTCCTGCTCGCGGTCGTCGTCGCTCCGGGCTGCAGTTCCACGGCATCCGCCCCGGGGTCCGAGGCGCCCGAGCCGCCCCCGGCCGACGTGTTTTTCGTGCAGGTGCAGAACGACAATCCGTTGGACTTCGACATCTACTTCGAGCGCGCCGGCACCTCGCTGCGATTGGGCCTCGTGAGTGGACGGTCGGCGGTCTTCCAGGTCGGGCGCACGCACTTCAGCGGTCGGGGCCAGTTGCGGCTGATCGCGCGCTCGGTGGTGGGTTCGCAGGCGTTCGAATCGCAGCCGGTGCTGGTGGAGCTGGGCGAGAGCGTGGTCTTCCGGCTGTCGGAACAGCTCGCCCTGTCGCGCGTGACTGTGCGCCGCTGACGCCCCATCTTCCCGGCCCCTCTCCCCTCGACCGGACGGTCACCATGCATCTCGGAGCCTTCTCGATCAGCCTGGCCGTGCAGGACCTGCAGGCGTCGCGCGCGTTCTACCAGAAGCTCGGATTCTCCGACATGGGCGGCTCGCCCGAGCACGGGTATCTGATCATGAAGAGCGGAGACACCCTCATCGGGCTCTTCGAGAAGATGTTCGAGAAGAACATCATCACCTTCAATCCGGGGTGGGATCAGGACGCGAAGGAGCTCGACGAGTTCGACGACGTCCGGACGATCCAGCAGCGACTCAAGGACGCCGGGCTCACCCTCGTGGAGGAGGCCGACCCCGCGTCGGAGGGCCCCGCACACATCACCCTGATCGACCCGGACGGCAACCCGATCCTGATCGACCAGCACCGATGACGAGGCGGGCCTCCGCGCTGGCCGCGATCGCGCTTCTCGCGGCCGGCCTCGGATCGACCGGCTGCACGCCGGCCGCCGAGGTCCCGCCGGCCGATCCGGTGGCCCGCCCTGCGGGCACCCCCGCGCTGCACCACGTCGGTCTCAACTCCACCGATCCGACCGCCGCCCTCGCGTGGTACGCCGCGCTCTGGCCCTCCGCCCAGGCGACCACCTTCGACGGACGCGATGCGCTGGCCGCCGAGATGATGCTGGTGTTCGACGCCGTCACCTCGCCGCCCGCCGGTGCCTTCGACCCGGCCCTCGGGCGCCCCTCGGCGCAGAGCGCGATCTGGCACATCGGGGCCTACCTCGACACCACCGACTCCGACCGCCTGGCCGAGGCTCTGGGCAGCCCCCACCTGCCCCTCCACATCGGGCCCGACGGAGGAAGTCCCGTGTGGCGTTCGGGGCTGGCGCCCTACCGGGGCACCCACACCGCGGCAGCGCTCCCGGGGGTGGAGGTCGCCGAGCCCCGGGCGGGCGGCTTCAGCTATCTGCTGGGGCCGGACGGTGCGCTCGTCGAACTCACGGGAGGCCCCAACACCCGGCCGTCTCTCTCGCACGTGCACCTCTTTCACGAGCAACCCCGCTGCGCCGCCGAGTGGTACGTGGGGGTGCTCGGATTCGAGCCCGCCTCCGATCCGGTGGCCGAGGGAGAGGACTGCGCCGCGCCTCCGGCCGAAGCGGGCTGGCCGTCGCTGGAGCGCATCGGCACCATCCGGGCGCCGCGCGCCGCCGTCGATGTGGTGGGCACCCAGTTCTCGATCTACCCGCGCCAGTGCTTCGGCGC
CP144380.1_gap45	1703446	1705789	2343	GGTAATCGCCCGAGGTGGCGACGCCTTCATCGACCACCTCGATCACCCGGTGCAGCACGCGGCCGGAGGCATCGGGCTCCTCCAGCGCCACGCGCCAGGGACTGCCGTCGGCCTTCGGTGCACCGGCCCGCAACTCCCCGCCCACCTCCACCAGAACACGCTCGTATCCGAGGGCCGCCAGGGTATCGGCCACCCGCTCGGTGGCGTATCCCTTCGCGACCGACGAGAAATCGAGCGTGACGTCCGGATGCGTGCGCGTCACGGTCCCGGCTTCCGGGTCGAGAACCAGCTTCTCGTACCCCACTCCACGCAGGAGTCGGGCCATCGTCGCCGAATCGGGGGCTGCAGGGGGCGCATCGGAAGCCCCGAAACCCCAGGTGTCGATGAGCGGGGCGAGCGTGACGTCGAGGGCCCCGCCGCTGCGCCGCGCCACCTCGAGCGCCGCCTGCAACACCTCCAGCGTAGGCGCCGACAGCGCTGCGGGCTCGGTGCCCGGATTCCGGTTGAACCGCGACAACTCCGAGGTGGAGTCGTAGGTCGACATCAGGCGGTTCACCTCGTCGAGCACGGCGGCCACCGCCGACGAGGCGCGGTCGCGCGCCTCGCCGTCCAGCGAGGGGACGTCGAGGCGCACGGTGTAGGTCGTCCCCATGGTGCCCCCCCGGATCTCCACCGCCGAGGCCGGGGGCTCGGCGATGAAGAACCGGTGGATGGAGAGGGCGACCAGAAGGAGGAGTCCGACCGGGAGGAGAACCTTCGCTCTCCTGCTCAGCGGCCGAGGAGCCATCATGAGATCAACCGAAGTCGTCCAGCATGATGTCCTTCTCCTCCACGCCCAGGTTGATGAGCATGTTCGTGGTCGCCTCGTTCATCATGGGCGGCCCACAGAGGTAGTACTCGCAGTCCTCGGGCGCCGGGTGGTCCTTCAGGTACTCGTCGTGAAGCACCTGATGGATGAAGCCCGTAGACCCCGTCCAGTTGTCCTCGGGGAGCGGGTCGGAGAGCGCGAGCTTCCAGGTGAAGTTCGGGAACTCCTCGGCGATCGCGTCGAAATCCTCCTGATAGAAGGCCTCGCGGATGCTCCGTGCCCCGTACCAGAAGGTGACCTTGCGATCGGTCTTGATCCGCCGGAACTGATCGAGAATGTGCGAGCGCATGGGCGCCATCCCGGCGCCACCCCCGACGAACACCATCTCCTTGTCGGTGTCGCGGGCGAAGAACTCGCCGAAGGGTCCGGTGATGTCGACCTCGTCACCCGGCTCGAGCCCGAAGATGAACGACGACATCTGCCCCGGCGGCACGTCGGGCTGCCGCGGCGGCGGCGAGGCGATCCGGACGTTGAGCATGATGATGCCCTTCTCTTCCGGATAGTTCGCCATCGAGTAGGCGCGCGTGACGTCCTCCTCCACGATGGACTTGAACTGCCACATGTTGAACTTGTCCCAGTCCTCCCGGTACTCCTCGTCGATCTTGAAATCGGCGTAGTTGAGCACGTGGGGCGGCGCCTCGATCTGGATGTATCCACCGGCGCGGAAGGGCACGCCCTCGCCCTCCGGAAGCTCGAGCACGAGCTCCTTGATGAAGGTGGCCACGTTGTCGTTCGAGCGCACCTTGCAGCGCCAGCGGCGCACCTCGAAGAGCTCCTCCTCCACCTCGATGTCGATGTCTTCCTTCACCTTCACCTGACAGGACAGACGCCAGCCCTCGCGGGCCTCACCGCGGTTGATATGGCTCTCCTCGGTGGGCAGCAGCGCACCGCCGCCCTCCATCACCTTGACCTTGCAGACGCCGCAGGTTCCGCCGCCGCCGCAGGCCGAGGGAATGAAGATCTGCTCGGCGGCCAGCGTGTTGAGCAGGGTGCTGCCGGCCTTGGTCGTGATGTCGTGCTCTCCGCCGCCGTTGACCTTGATCAGCACGTCGCCGCTCGCCACGAGCTTGCTGCGCGCGCCGAGCAGGAAGGTGACCAGGGCGAGGATGATGACGGTGAAGAACGCCACTCCCAGAAGAATCGTAGTCATAGCTGAATGCCCGAGAAGGCCATGAATCCGAGCGACATGAGGCCGACGACGATGAAGGTGATCCCGAGGCCGCGCAGCGGCTCCGGCACGTTCGAGTAGCGGATCCGCTCGCGGATGGCCGCCAGCCCCACGATGGCGAGCATCCAGCCGATGCCCGATCCGAGTCCGTAGACGGTGGCTTCACCGAAGGTGTAGTCGCGATTCACCATGAAGAGCGAGCCGCCCAGGATCGCACAGTTCACCGCGATCAGCGGCAGGAACACGCCGAGGGCGCTGTAGAGGCCCGGCGCGTACTTGTCGACCGTCATCTCCACCACCTGCACCA
CP144380.1_gap46	1707544	1712481	4937	CGCTTCACATTCTGCCGAATGACGAAGTGATCGATGAGAGGGGCGAACATGTTCATGAAGAGGATCGCGAGCATCATGCCCTCGGGGTACGCGGGGTTCACCACGCGCACCAGAGCGACCATCACTCCGATCCCGATTCCGTACCACCAGCGGCCGGTGTTCGTGTAGGCGCTCGACACGGGGTCGGTCGCCATGAACACCATGCCGAACATCCAGCCGCCCGCCACGATGTGCCAGTGGAAGGGCATGGCGAACATCGGGTTGGTGTCGGAGCCGATCGCGTTGAACAGGAACACGATCGCCGCCGTCCCGATGGTCACGCCGGCCATGGTCCGCCAGGAGCCGATCCGCGTGTACAGCAGCACGGCGGCTCCGACCAGACAGAGCAGCGCCGACGTCTCTCCGAGCGAACCCGGCTCGAGCCCGATGAACGACGCCCACCAGGCATCCATGTTGCCGTAGTCGACCGGTCCCGCCGCGGCCTGGGCCAGGATGGTGGCGCCCGAGAAGCTGTCCACGCCCTGGAAGTCGGCCGCGATCCAGGGCGCGTCGCCCGACATCGCCGCCGGATAGGCGAAGAAGAGGAAGGCGCGCGCGGTGAGGGCCGGGTTCAGGAAGTTCATGCCGGTGCCGCCGAAGACCTCCTTGGCGAACACCACCCCGAACATCGTGCCCAGCGCGACCATCCACAGCGGAATCGCCGGCGGAATGATCAGCGGGATCAGCGCGCCCGTGACGAGGAATCCCTCGTTCACCTCGTGCTTGCGCGACACCGCGAACAGCACCTCCATCAGTCCGCCCGAGGCGTTGACCACCGCCACGATCGGAACGAAGAAGAGCGCCCCGTAGATGAAACAGGTGAGCACGTTGGAGGGATCGAAGGCGAGACCGAGCAGGTCGGTGTAGACCCAGGTCTGCCAGCGGTCCAGCGGGGTCGCCCCCTGGCTGATGGCCGATGCCGCCTGATACCCGGCGTTGTACATGGCCCAGATCACCACCGGCTGCAGCGCCACGACCACGGTGAACATCATCCGCTTGAGGTCGAGGCCGTCCCGCACGTGCGAGCCGCTCCGGGTCACGTGCCCGGGGGTGAACGCCATGGTGTCGAACATCTCGTAGAGCGGGTAGAGCTTCTCGAGTCGCCCGCCCTTCATGAAGAGATGCTCGGCCCGGTCGAACTGGTTCCGAAGGAGCTTCATCAGCCTTCCCTCTCGATGATCTCGAGATTCTTCCGGAGCAGCGGGCCGAACTCGTTCTTGCCCGCGTCGACGAAGGTGCAGAGCGCGAGGTCTTCCTCGGTCAGCTCCAACGCCCCCAGCTGCTCGGCCGTCTCGACGTCGCCGACGGCGATGGCGCGCAGCAGGTAGGTGACCACGATGTCGAACGGCATGACCTTCTCGTAGTTGCCGATCGAGATGATCGCCCGCTCCGACCCGTTGGTGGTGGTGCCCAGATCCATGTCGCCCGGCCGCGTGAGCTTGGAGACGTAGATCGGGAGGGTGGAGAACTTCTTGAAGCCGGGCGACAGCCAGCCGATGAACTCCCGCTCACGCTCCTCGCGGAGCACGCTCAGCTGGTTGTCGTAGCGCCCGAGGAACCCGTACTCCTCGCCCATCGCGGCCTTGCCGGAGAACACGGAGCCCGAGATGTACCGCACGTCTCCGAGCCGGGACTCCTCGCCCGCCAGCAGATCGTGCGTGGACGCGCCCGCGCGAGTGCGCACGAGGCGGGGATCGGCCAGAGGCGGTCCGCCGAGGGCGATCACCCGGTCGAGATCGAGGCGCCCGGTGCCGAAGAGGCGCCCCACGCAGGCCACATCCTGATAGCCGATCGTCCAGACCGTGCGCGAGCGGCTGACCGGCGCGAGCCGATGGACGTGCAGACCGGTCGTGCCCGCGGGATGGGGTCCCTTGAACTCCTCCACGCGCGCCACACCCTCCACGCCGCGCGCGACCTCCGACCCCGGAGCCACGCACAGGAAGAGGTCGCCGGGGGTGAGCTTGGCCAGCACCCGAAGCCCCTGACGGAAGGCGTCTTCCTGCCCCTGGAGCACGACGGCCGGATCCGCGGTCAGCGGATTCGAGTCCATCGCGTTCACGAAGATGCTGTGGGGCGCCGGGTCGTCCGGACGCGGCACCTTGCCGAAGGGGCGGGCCCGGAGCGCGGTCCAGAGCCCCGACTCCTGCAGGAGCGCCCGCACGGCCTCGGTGTCGAGGCTGTCCGGATCGGCACCGGTGTAGCTGTCGAAGGGCTGGAAGTCGTCGTCCGAGGGCTGGCCCGCCACCTCGCGCTCGTTCAGCTCGATCACGACCGACAGCAGCGCCCGGCGCGCTCCACGGTGAATGCTCACCACGGTGCCCGCGCCCGGTGCGGTGTGACGCACCTCGCCGCGGCGGCGGTCCTTGAAGACGAGCTGGCCGCGGCGGACGGAATCGCCCTCGACGACTTCGAAGCCGGGCTTCATGCCCGGGAAGTCGTCGGCCATGATGGCCACGCGCCGAACCGGCGGCGCGTCGGCAACGACCTGTCTCGGACTCCCGCCGATGGGGAGTTCGAGCCCTTTCTTCACCTTGTGGAGGCCCATGAGGTCTCGGAATGGTTGGGACTCGTGCGATGGGTCGCGGGGACCGATCGCACGCGATCAGGCGGGGCGTCGGCAGCGTGCCGAAACCCGACCAGGAGAAGATTCAAGGAGAAAGCAATTAACGGATGCGCGTGGTGGCAACCCCCCACCGTCGTTTCCGATCCATCGGGCTGCGATCATCCGCCGCCGAAGGCCATCGACACGCCCGTGCGCAGTGCGCGTCCCGGCGCCGGGAGGCCGCTGACGTCGAGCCAGGTGGCGTCGCCGAGATTGGTCGCGTCCACCCAGAGACGCGACGAACCCACGCGCGCCTCGAGGCGCAGATCCGCCGTGGTGCGGTCCGCTTCGTCGGTGCGGCGACGGTTGGCGACGCGGAGTCCCAGAGACACGGCATCGCCGAAGGGCACGCGCACGCCGAGGAGCGCGGTGCGCGTGAGCGGACGCAGCGCGTACTTCGAAATGAAGTCGCCCGCATCGTCGGAGGCGAGGTCGAGCAGTTCGAGGGAACCGTCGACGGCCGCCGGTCCCACCGCGATGCCGTCCACCTCGAACTCCACCCCCCGGAAGGAGGCCGAAGCCACGTTGCGGGTCTGCCAGACGGCGTCGTCGGGACCGTCGGCCGGACGCGCGTAGTCGATCAGGTCGCGCGCCTCGCGGAGGAATCCGGTGGCCCGGAGCCGCACGCCGACCGCGCTGGTCCAGTCCATGCCGAGTTCGCTGCTCCAGGCGGTCTCGACCGCGAGGTCGGGGTCGCCCCGGTTCGCGGGGTCCTCGTAGAAGCGGTCGGTCCAGGTCGGCGCCCGGAAGGAGCGCGCGACCGAAGCCCGCACCCCGACGTTCGCAGCCGGGGTGAAGGAGGCCGACACAGACGGTGCCCAGGCGGGCGCGAAGCCCTCGCGAGCGTCGAGTCGCAGGCCGCCCTGCACCCGGGCCGCCGATCCGTTCCACCCGACTTCGCCGAACACCGCGCCCCGGTCCGCCGCGCGATCGCCGAGGTTGGTGCTCTCGAGATCGTCGCGCCCGCCGGTGGCCCCCACCGCCCACACCCACACCCCCGGCGCCGCGCGCAGGGTGACGTCGAGCCCGGTCTGCAGCGAGGTGTGAATGTTCTGATAGAAGGCCGGATCCCCGCGGCGCAGCACGAAGTCGTCCCCGTGCTGCCGGGCGTGCGCCGCCACCTCGAGGGAGACGGTGCCGAGGGCGCGGGCCCAGCGCGCCGCCGCGGTACGGGTGCGGGTCTCCTCGTACGACGGAAAGGGCGCGTAGAAGCCGTCGGCGCCGAAGTCGCGCGCGGCGACGCCGAGTCGCAGCGAGGCCACCCCTCCGGCCAGTCGTCCCGCCACGGCCAGATGCCCCAGCCGCAGATCGTGGTCGGTGCCGGCGCGGTGACCGTCGGAGCGGTCGAGGCGGGCCGATCCCGCCACCGACCACCCGCCGAGCCGCCCGTTCATTCGCACCCCCCCTGCGATCCGCCCGAAGGTGCCGCCCTCCACCTCCACGGTGCCCGAGGGGGCGCCCCCCGGAGGCCGGGTGACCACGTTGATCACCCCGCCGACGGCGTCGGCCCCGTGCACCGCCGAGGCCGCACCGCGCAGCACCTCGATCCGCTCGACGTCCGCGAGCGGGATGGCCAGGTCGAGGTCGAAGTGCCCCGTCTGGGCATCGCTCATCGGCACGCCGTCGACCAGCACGAGCACCTGCTCGGCGGTGCCGCCGCGCACCGCCACATCGGCCTGGGCCGCCGAGCGCGGCTGCAGGTCGACGCCGGCCGCCCAGTCGAGCGCCTCGGCCACCGTCGTCACCGGCAGCTCGAGCAGGGTGGCGCGGTCGAGCACGGTGATCGCGCGCGCCGGGCCCTCGCCGCGGAGTCGGGAGGCCACCGACACGGCGAGGCCTTCGATCTCCACCACGGCGTCGCCCCGGGGGGTCTGCGCCTGGAGGGGGTGCGACGGGGCGAGCACGCCCCACGCCACCGCCCCGGCGAGGGCGGTGCGAAGGGTGTGGCGGACGGTCGGGATCGGGAGTGCGGCGAACGAGCGAGGAGTCATGGACTACCGGTGGGGATCGCCCGGCCGGATGCCGCGCGCGTGCCGCAGCGGGTTCTCCAGCAGGTGCGTCGGGAGAAAGAAGACCAGCACGAATAGAAACAGCGAGGCGATCAATCCTCCAGCCAGAAGCCACCAGCTCCGGATCGAGATGAAGAGGATCGACGAGATGACCGCGGTGGCCGTGGCGAAGATCGACAGCAGGATCCGCCGCGCCTGGAGGTGCAGGAACCGCTCCTGCTGCTGGATGTCGCGGGGATGCACCCGCACCCGCAGTTCCTCGCGCTCGGCCCGTCCCACCAGATCGC
CP144380.1_gap47	1774885	1777072	2187	CGCCAGGGGATTGCCCCCGAACGCCAGAAGCGCCGCACACAGCGCGGGCAGGCAGAGGTTTCTCATCATCCCTCTCCTCTGAGTCGATTCGGAACAGCAAACCGAACTAGAGAGGGCTCGCGACGGCCCCGGAGGAAACCGGTAACGCAGGGGTAAACCGGTCGCTTCGGATCCGTGACCCCCGAAAACACGAACCCCCGCCCAGCCGAAGCTGGACGGGGGCGAACGATCTCCTGAGGCCGTGCGGGCTAAACGGTCTCATCTCGCCTCAACTTTCAACTCTCGCAAGGGTGCCCGACGCAATCCCGCTGGATCTGAAAAGGCAGTCGAGATGCCGGCAGTCAAGGGCCAAGCCCAACCTGTCGAAGCCTGCAAGTCCGACAGAAGAAGCTCACGCTAGAGCCGTTGGTGAACTGGAGTTTGATCCATCCTCCGACCGATTCTTCAATGTACTCGATGTAGTCGAGGCCGTCGTCGGGCTCTACCAGTAGATTCCCCTGGGCCTCCGCACGTGACACACCACCAAACGCCAAAGCTATGCTTCTCGGGCGCTCATCGCAGTCAAAGGGGACTCCGGCCGCCGTTACCCTCCAACGGCACACGACTTCTGCCTCTTCCTGCACGAACTCGATACCTCGAAGCGACGCCGAATTGTGCAAGTCGAAACGTTCGTTCGCTGTCACGACCTCAATGTTTGGGACCGCGACCTCAAACCCTTCGAACCCCAGCCAGCGGACACCCCTATCGGTGTGCGGAACCACTATCCTCCTCCTTCTCGGCGGTCCAGGATGTTCCGAACATCCCTCAGATCCTGTTGTGTCGCAGCGCGAACGTCTCCCCCCTTTAGACGCGCCCGCCCCGAGGCCGGGTCCACATGAAGTGTGAAGTCCTTCACGTGCGGCGTGGGAATACCCCCGTGTGATCGACCCACCGAATCTATGAAGTCCCGGCCGCTCTTGGTCTGGTTGCTCAGCGCTGTCGTATCGGCCGGATCCCCGGACGCCCGCAGCTGCACAAGGATCTGCGATCCGTTCCAGATCGTCCGTTCGATCGTCGCTGTACACGCCTCATCACAGAACGGCTCGTGCAGTGTCCGCTTGATAATCCGTCGACCCAGCGCGTCGTAGCGGTAGCTCTCCCAGGTGTCGTCCGAGACCGTGGGCGTGCTCGTGTCCGGATCCCACCACCGCCCGTACCGGTGCATCGCTCGAAGACGGCCGTCTCCCCCGTAGTAGTACCACATCTACTCCAGCCCTTCCATGTCGCCCTTCACCTGATGGTGCGACGTGCTCGTGTAGCTCACCTCGTTCGCCCCAGGTTAGAAAAAGACCGCCAAGGACGTCCTTGACGGTCTGATTCTCCAACACGAGGCTAGACACAGGACCTCATCAGAGAGGTCCAACAACCGCCCCTTGGGTCAGGTTCTTGGACGTTCCCTACTCAAGTTTTTGCGCCATATCGACGTTGCCCGTCGTAGCGCGCTCCACTGCCTTGATCCAGTCCTGCCAGGCAGCGGGATCCGCTGTCTCGCCATCTGAAAGAAGGCTCATCCCACCTAAGAGAGCTCCCAGATCGTCGGACCTCGTCCGTCCGTAGATCTGCTCCAGATAGGCGAACATGGCCGCGTACGCCTCATGGGTCGAGAGCGATTCCTTCATTTCAACGTCCCGGGTTCGAGAGTCCAAGGTCAGGATCAAACCTTCGAGGATTCGCATTGACCCCGCCATTCTGAATGACGCCATTTCGGGTAGACACCCAAGCCTGAGAGCCGTCTTCCAGAGTTCGGGCCGACCATACGTTGCCGAACCGGTCGGTGCCGAGGGTAGCCGAGGCATCGTCGGCTAGCCCCTTCAACAGGCCTCGGTTGGCCGGCGTGTCCAGAAGGTGCCCGTCTTCCGCGCGGAAGAGATGCTTCAACTGGCCCGGCTTCGTGGGGAACCGAGCCCCCGAGGCGACGGACCGCGCTGCACTCGCACCCCTTCCGATCCAGCGCCCAATACCGAATCCTGCAACGCCGGCCGCCGCGCCGAAAGCAAACGCACGGCCGGTACCTTCCAAAATGGGTCGGCCCACGAGAGCATTGGCTGCAGCCTGAATCCCAGCATCCACCAACCCACCACCGAGAGCAGCCAACCCGGCCACCCCGCAGACCGGACACAACCCAAACGGATCACTGAAGTTGACCGG
CP144380.1_gap48	1778809	1782777	3968	CCAGCCACGAAGTCCGTGGAGGCGGTGATGGTGTAGTTGGTGCCCGCGGTCAGCGAGACCGTCACCATCTGCGACTCGATGCCCACGCTTCCGGCAAGGCCGGTAGCGGTACCGTCACCGGGCTGCACCACGCAGTCGGTTCCGGCCAGAGTCACCTGCGTAGCACCGCCAACCGCGACGGGCGACACAGCACAGATCTGCGTGTTCACCTCACCGATCCAGGTCGCACCCGTGTAAACGGTCGTGACCGTGGTTCCGGTAGCCACCCAGGCCAGGAAGTTCTGCTCCGTCAGCCCAAGCGACTCCTCGTCGGCGACGACGAGCTGGTTCCGAATCGGGTTCACACGGAGCGTGCCGGGCATGTCGCTCGCGGCCTGCACCAGGTATCCGGTGTTCGGTCCAGTGGTGAACTGGAAGCGACCGTCGTTCGCACCGGGGGTCGTCTCGATCGTGCCGTCCGTGAGGAGCGGCGTCGCGACGGCCACACCGGCCGGGTTCGAGGTCTCATCCCAGATGACCGCATGGCCATCGTTTCCGTTGGTGGCGGAACCCTTCACCATGAAGAACCAACCGTCCTTCCCGAAGGTCCCGTTGTCCGCCGGAATGTCCGCCGGGTCGATCAGATCGGCCGGCAGCGGCGTGGTGAGCGTGTACTCGTACCACCGCCCGAAGGCACCCGTACCGAGGTCCGACACGAACAGCGAGAAGTTCGCGTTGTCCAGCAGACGCGCACGACCCGCAGTGTCGAGGTAGTAGACGACCACATCACCGTTGATCGGATCGATGTTCGGGACGAACGTCGCCGTCGCGCCCTTGAACGTGATCCGCGGACGGCCAGCAGCATCCAGGTTGAAGATCCAGCTGGCGTCGTCGTCCTGGTTCCCGAAGATACCGTCGGGGCCCGAACCGTCGTCCGGAGTCGCCGGAACGCCATCGGCGCCCGGTCCAACCGTCCCGAGAGCCGGAACGAAGTTGGTGGCGATCGCTCCCGGAGCCAGGCAGCTCGGGATCGAGGTCTGAACGAAGGTGTTGAACTGCGTGTTCACGAGACCATACGCGGACGAATGATCCCAGGTGCGCCACCGCGGACCACGCGGACGGTGCACACGCGGCTCGGCGCCGCCGAGCGGATCGGCGTCACCAACCACGGCCGTGCTGGCCGAACCGACCGTCGCCGCACCGTACTCGTCAGCCCGCAGCAGGCAGCCGATGAACTCGGTGGTGATGGCGAGGTTTCCGCCGAGATAGATGTCCTGCGACCCGAAGGCCGTGTGGGCAACGTTCTCGAGCGGGAGCTGCAGCGAGGTCTCCTCGAAGGGCACACCGTCGACGTCTGCCGGCGGAACCTGCGAGCCGGGCACGAAGTTCGGGTGGCTCGCCGCCGAGAGGCTGGCGTAGAGCTGCAGCGAGAGGATCGAGTTGAAGTCGAACGAGAAGTCCGACGCCTTCAGATCCGCGTTGTCCAGGTTCTGACCGAAGAACGAGTACGGATCGTTCAGGTCGAAGGTGACGACCGTCGGCATCTGAACGTTACCCACGTTCGGAGCGTCGTGGTCGGCAATGCCCTCACGCGGCGAGTTGTCCATGCGGACGTTACCCGCGCGGTCGTAGGACCGCATCATGTGATCGCGGTAGCCATCCCAGGTGCTCGGAGCATCCTGCGCGGCCACGAAGGCACGGAACGGCGCACCCACCAGGTGGATGCCGAGGCGGCCGGACTCGGCCACGTCCTCGAAGGTGTCGGCACCGGCCGGGGTCAGATCGCTCTGACCGTCGAACGCGAAGCCGAGAACGATCGCCGAACCACCGGGCACCACGGGCTGCAGGGTCTGACCCCAGCGGGTGCTCGCGGCGGAGCCGGAGGTGTACTGCATGCCCGGCGCACACATCATCTCGCCGGCCGCACAGCGGTTCTCCCAGTCCTCGACCACGACACCGGCGATACCGGAGAACCCGTTACCGCGGTCCGTGGTGAAGCCGGCGTACGACCCACGCGCCTTACCGAGCACGAACGGAGCGACACCGGTGGTGGTGCTGTTCCAGACCTCGTTACCGAAGGTGGTGTAGTTCGCACCGCCCCGGAGGTCGAGATCGTAGAAGTCGTCGTCGAACGTGTTGTACTGCGTTCCGGCGATCGTCGGATCGACCAGCGCGAGGCTGGCGTCCGGATCGGTCGTACCGGCCGCATCGGAGTAGATCGGCTCACGGCCGTCGACACCGAAGAGGATGTAGTTCGACGTGTTCGTCCAGTTACCGAACAGGTCCCAGTGACGGCCGGCCATGGCGTAGTCCGTCTCCGTGTCGGAGAACGGCGTGCCCTCGGCCGAACCGGCGTCGGTCAGACCGGGCGAGTCCGTCTCGGGCGGGAGATCCGCGCCCACGACGGCATCGATGGTCGAGAAGCTGGCCGCACCCACGACGGTCGCGACGGCGGCACCGCCACCTGCGATCGAAGCCGACACGTCCGGACCAGCGATGTAGCTCAGGTGCGGGTTGCCCGACGGGTTGCCGATACCGTCGAGGTCCGCGCCCGCCGGGAACTGGGCGTTGAGGTCGTAACCGGCCCAGGTCGCCACGGCGACACCGTTCTTGTTGACGGCCGGGTAGACGAACGGATCGTCCGCCGGCGAAGCCTCGACGCGATCGTCGATCGGATCATCCCACTTCAGCCAGCCGAGGTAGACGTCCGAGTCGTCGTTCCAGGTGCCGAGACCCGTCTTCGAGAATCCGTCCACGCCCGTGAAGGCGTTGGCCGGGTGGTCGATGTAGGAATCGACGTTGCCCGGGATCGGGCTCTCGTTGTCGATACGCAGCACGTCGTTGAGGACGCCGGTACCGGACTGCAGGTCATCGTTGAAGAACTCGATGTTCTTGATGTTGTTGACCATGGCCGCGGCGTTGAAGCCAGGGCCGAACTGCCCGAAGGCGGTCTTGGTCTGCACAACGATGTTACGCGCACCGATCAGACCGGTGTTGATGTCGTTGATCGACGCGTAGCAGGCGGCACCCGAGGTGCTGGTGGCGCCACCGGCCTCACAGAAGGTGAAGGTGAACGTACCATCCGCGTTCGCGGTGGTGAGCTCGGCTCCACCCACACCGACGTCCAGACCACCCCGGAAGCCGTCGAACGCGAAGTTCGCGCGCTGCAGCAGCGGGTTGTTCGGATCGAACACCTGCGAGTAGATGATCGGGTACAGATCGACGATGATGTCGCCCGACAGCCAACGCAGGCCGGTGGAGTTCTGGATGATGAAGTTCGGGAAGGGCTCACCCGTCTCCGGGTTGTTCCAATCCGTGTTGTCCGCGACCACACCGAGGTTGATCGCGTCCTGGTTCTCCAGGGTGACGTCGACGATGGCGTTGAAGCCCTCGTCGAACTCGGCCACGGTCACGCGACCGTGGATCTCGTAGTCACCGTTGATGAAGATCGGGTGGAACGGACGCATGGCGTCCGCCGTGATCGCCTCGAACTCACCCGACGAGCTGTCGAGCAGCTTGATCGAGGGATGCGAACCGTCCTTGCGACGGAAGGCGTCCGAGTTCCACGAGAAGGTGACCTCGTCCTCGTCGTCGCCGAACTGAGCCTCGGGCGCGACGGAGGAGAAGCGCTGCTCGGCGATCTTCCAGATGTCACCGGTGGACTTCTGGAGGACCCACAGCTCGATGGTCTCGAGGTCGTTGCCGTTCGGACGGACGTTCACCGTCACCTCGACACGGCCCACGATCGAGTCGGGGTCGACCGGCGTGGTCGTCGCAGCGGAGGTGATCCGCTCGATCGAAACCTCCGGCGGAACGATCTCGGTGTCACCCACGAAGTTCACCTGGACGGCCTGGCCGGTGTTGACCGAGACGTTCTGGGTGGTCGGGGTGTCGTCGAAGCCCTCGGCCGGCGGGTTCGGCAGCGAGACGGTGTAGTCGCCCGACCGGAGGCCGGAGAACGTAACCGTACCCTGCGCGTTGGTGCCGAG
CP144380.1_gap49	1790775	1795247	4472	TCCAGCGCTGGTCGAGGTAGCCGCCGAGCGAGAGCGACACCGTGCCGAACGACGACGGATAGCCGAGCGCGATGTACGGGAACCGGGTACCGCTGAAGTCCCCCGTCGACCCGTTGTCGTCGTAGTCGGCCCAGCTCGACTGGAACGAGAAGGCCACCGACGGCACCAGCAGTCGCGCCGGAGCGGCCGGGTCGACCACCGACAGTTCTGCGCCGATCAGCCCCACTCCCACGCCGCCGAGGGCGACCGCCCGCCCGTCGGTGGGCAGGAAGGGCATACCGAGGCCGCGCGCGGACAGCAGTGACTGCGCCTCGGCACCGGTGGCCACGAGGCAGCAGAGAAGAGCGCCGAGGAGCGGACGCAGGGCGGTGCTCATCGCACCTCCACGGTGTCGGAGACGGTCAGGATCAGACGGAGAGTGGGCGCCGAAGCCGACCCCGGCCCCTGAAAGGAGCCGAAGCCGATGGAGAGCGGCTCGATGGGGGTCAGGAAGACCACGTCGCGCACCTTGTCGGCCGCGGCCACCGAGTCGTCGACCAGGGCCCGTACGAACGAGGTGACCGGGATCGAGACGGTGCGGGGCGATTCGCCGAACGAGCCGGGCGCGATCGACACGCCGAGTCCGCCGATCAGCGACGACCCGAGGGGCGACTTCGGAAGCAGCTCCGGCGCGAGCACCGGTCGAGCGTCGAGAAAGATCGAGTCGGACGGCTGGAACGCCGGTTCGCTGGGCGCGGTGGTGAGCTCGATCGTGGCGCTGTTGATGCGGTCGCGGGTGAGCGCCAGCGCCCCGCCGCTCGCATCCACCGTGCCGGGCAGGTCGAGGGTCATCACGGTCCGCCACGACGGCGCGCCGCCGACGCGGATCCCGTCGGCCGCCGGGAGCGGCACGGGGTCGTAGATGAAGGTGCGGACCGTGCCCGGCGCGGAGAGGGTGACGATCGTGTCCTGATGGTGGTTGGGGCGCACGAACAGGCGCAGATCGGTGTCGATCAGATTGATCCGCTCGCCCGCCGACCGCAGGTCGAAGCGCACCCCGTCACCCACCTCGGTGGTATCGCCGAGGAGCGCCACCTGCGCGGAGTCGAGGGCGAACACCACCGAGTCGCCCGAGGTGGGCGTCCAGGTCGCCTCGCCGAAGTCCATCCCGCCGCCCGCGCCCGCCTCGTCCCACAGGCGGTAGTCGTTGATGGTGTCGACCGCCACCGTCCACGACGCCGTCGGGGGATCGAAGCTCGCCGGGAGCGCCTGGGCGCCCACGATGACCGATCCGGTCGGCAGGTTCGTGTCGGCGGTGTCGAACCGCGCCACGAGATAGCCGCCGGTGAAGGTGAAGCCCGAGTCGGCCCGCAGCGTTCCCGTGGAGTCGCGGATCGACGCGCGCCAGGGAAAGGTCGAGTAGCGACTCAGCACCCGGGAGTCGAGCACCCCCTCGAAATCGTCGGCCAGAACGGACTCGAACACCTCGCTCGGAGTCCCATAGCCCCCGTACACCTGGATCTGCTCGGCGAACTCCTCGAAGGAGAGCACCACCTCGACCGTCCGGGGTTCGAGCGGAAGCAGGCCCCCGTCTGTCGACGTGGGCGTGACCTCTTCACAGGCCAGCAGTCCCCAGGAAGCGGACACCAGGCCCGCCACCATCCACGCACGCTTCACCCGTTCTCCTCGTCTTCGGACGGCGCCGCCTCGGGTCGCCGATGGTCTTCACGCAATACGAACCGGGCGGGCAGCAGATCGCTCAGCGTCCAGCGCCGAACGTCCGATCCCGCCTCGGAAACGATCTCCAGATCCGGAGCGAACTCCGTCAATGCCTGCCGGCAGGCCCCGCAGGGCGCCACCGCCTCACCTCCCTCCGTACTCAGCGCCAGCCGCCGGAAGGCGCGGTGCCCGGCCGCGACGGCGGCCGACAACGCACCTCTCTCCGCACACAGCGTGAGGGGATAGGAGGCGTTCTCGACGTTGCATCCGTCGAAGAGGGAGCCGTCGTGGGCCTCGAGCACCGCCCCCACACGATACGTGGAATACGGCGCGTAGGCGCGCTCGCGCACGGCGCGGGCCCGGGCCAGCAGCCCGTCCTGATCGCTCGTCACTCCGCCTCCGTCCAGATCCTGGGAAGGCGGGGTGCGAGGCCCGTGAGGATCTCGTACGAGATGGTGCCGGCTGCCTCCGCCACCTCGTCCAGCAGGAGTTCCTCACCCCCGTCGCGTCCCACCAGGGTCGCCGCGTTCCCCGCCTCTACACCGGGCACACCCGAAATGTTTACCACCGTCACGTCCATCGACACCCGGCCGATGATGGGCACCCTCCGCCCCGCGATCAACGCCTCGCCGCGGTTGCCCAGCACGCGGGGGAGTCCGTCGCCGTAGCCGATCGCCAGCGTGGCCCATCGCTCGGGCCCGTCGGCGCGGTGCGTGGCCCCGTATCCGAGGGTGGCGCCGGGCGCCGCGTCCACCACCCGCACCACCCGGGCGCGCACCGCGACTACCGCCTCGGGCTCGGGCTGGTCCGGGCCCACCCGCCCGCCGTAGAGGAAGATCCCCGGCCGAGCGCCCCCGGCCTCGGCGCCCAGCCGGAAGGCGCCGGCCGAGTTCGCGGCATGCACCCGCACCGACGGGGGCGGCTCGAGCGCTCTCGCCGCCGACCGCAGCCCCTCGAGTTGCGCGCCCACCCCGGGCCCCCCGGCCTCGTCGGCCGAGTGCAGGTGGGTGAACAGCCCCACCCACCGCAGCCCGTCCGATTCGCGGAGCGGTCGCAGCGCACCCGCCAGGGCGTCGAGCTGCTCCGGCCGCACCCCCGCGCGCCCCATGCCGGTGTCCACCTCGAGATGCACCCCCACCGGCCGACCGCAGGCGCGCCCCACTGCACTCAAACGATCGAGCAGGCGCGGGTCCGACACCGCCACCTCGAGATCGTGGGCCGCGACGCGCTCGAAGTCGGCGGGCAGCGCGGGGGTGAACACCACGATCGGCTCCGACGCGCCCCCCTGGCGCAGCGCCACCCCCTCCTCGACGGTGGCCACCCCCCAACCCGCGGGCCCCTCGGCCCGCAGCACCCGCACCACCTCGGGCGCCCCGAGGCCGTAGGCGTCGGCCTTCACCATGGGCAGCACCCACGGGTCGGGGCCCATCGCCTCGGCCACGCGTCGGAAGTTGCGACGGAGGGCCGGAGCGCGGACGTCGATCCAGGCGCGGGTGCGAAGAGGGCTCTGCATGGTGGACGAAAGATGCGCGAGCACCGTCACGGAACAAGGACGCGCCCTCCGGCCCGTTGACACCCCGGTCCGATCCCACGACACCTCGAAGAATGAACACCCCACCCGATCCGGTGCCCGGCGCCGACCACGCCGACACGGCCGAGGGGCAGCTCGACCGCGCCCTCGCCCTCGTTCGCTTCCTGCGCGCGAACTGTCCGTGGGACGCCGAGCAGACGCCCCGCTCGCTGGTGCCCCACCTCATCGAAGAGACGCACGAGGTGGTCGACGCGGTGCACGCCGACGACCCCCGCGCCCTCGAATCGGAGCTCGGCGACCTGCTGCTCAACCTCGCCTTCCAGGTGGTGCTCGGAGAGGAGGCCGGACACTTCGACGCCCACTCCGTCACCCGCGCCCTCGAATCGAAGATGGCCCGCCGGCACCCGCATCTGTACGGCCTCGGCGAGAAGACGGCGTGGGAGGTCTCGAAGGCGCGCGAGCGCGCCGACAGGGGGACTCCGGAGGGGGTGCTCGACGGTCTCGCCACATCGCTCGACCCGCTCACCCGGGCCCACCGCATTCAGGAGCGGGTGGCCGGCGTCGGCTTCGACTGGGAGGACCACCGGGGCGCCGCGGCCAAGGTGGGCGAGGAGCTCGCCGAGGTGGAGGAGGCGATCGACGCCGGAGCGCCCGAGGCCGTGGAGGAGGAGCTCGGCGACCTGCTCTTCGCCGTGGTCAACCTCGTGCGGCTCGCCGGGGCGCATCCGGTGACGGCGCTGGAGTCGGCGAACCGCAAGTTCCAGCGGCGGTTCAGCGCCCTCGAGGGGCTGGCCCGCGAGCGGGGGGTGGTGCTCGGCGAGGCGACGCTGGCCGAGCTCGACGAGCTGTGGGACTCCGTGAAGGCGCGGGGAGGCTGAGCGGAGTCCCCGTTCAGTACCCGGCCCGCCGATCCACCCGGTTCCGCATCTCGCCCGGGCGCCCGTCGAGAAAGCAGCGCAGGTTGTGCAGGATCAGATCGGTCTCGCGGCGCCAGAAGCCGCGCGACACCGGCGACACGTGCGGCGTGATCAGCACCCCGTCCATCGACCAGAGCGGCGAGTCGGGGGCGAGCGGCTCGGAGGCGACCACATCGAGTCCCGCGCCCCGAACCCGGCCCGCGCGCAGCGCGTCGATCAGCGCCGGCTCGTCGATGATGGTGCCCCGCGCCACATTCACCACGATCGCCCCCGGCTTCATCCGCTCGAAGGCGTCGGCGTTCAGGAGTCCCCGGGTATCGGGCGTC
CP144380.1_gap50	1828062	1832127	4065	GAGCACGTCGCCGTCCACCGTGGAGGCGGACACCTCGCCGCTGCGGACGCCCTCGAGCACGAGGTCGCCGTCGAGGGCCTGCGCGAGAATGCGGGCGCCCGTCAGCCCGCGAACATGCACGTCGCCGTCGACCGTCTCGCACGAGGCGCTCCCCTGCACGTTCGACAGCTCGATCTCGCCGTCGAGCGTGTAGAAGTCGACGTCGCCCTCGATTCCGCTCGCGGTCAGGTCGCCCTCGATCACCCGCACCGAGACGTCGCCCTCGAGGTCGTGCAGGTCCACGTCGAGCGCATGCCCCGTCACCTCCACGTGCACGCCCGGGGGCACCTCGAAGCGAAGGGCTCCCGACAGCTCGCGGTCAGCGGCACGGGGACGCACCGTCACGCGGCTGCCGCGGTGCGTCACCTCCACGCCGCGGCGGCCCTCACCGCCCTCGATGCGCAGTCGCCCGTCGGCCCCGCGCTCGAAGAACAGGCGTCCCTCGCCGGCGTCCACCGCGAGCACGTCGCCCGGACGGACCGCCAGCACCGTGTCGACGCCGCGCGCCCCCGATGCCGCACCGCGTGCCGCGAGCCCGGCGAGAGCGCGCATCGAGGCGGCGGGGTCGGCCGCGGTCGGGGCCTGGGCCTCCGGGAGCCACGCTCCGAGGTCCGACAGCGGCGCGGTCGAGGCACCCGCGAAGGGCACCGCGAGCACCAGGGGGGCGAGAACGAGCAGGCGACGACGCATCGGGCGACTCAATCGGCGGCCGAGAGGATCGACGACGCCTGACGCAGAAAGGCCCGCTGCCGTGCGACGGCGCCCTGCAGGTGTTCCTGCACGTAGACGTTGTCGGGGTCGATCTCGAGCGCGGCGCGGCTCTCGGCGATCGCGGCCCGAATCACCTGCAGGTTCTTTCGCAGAAGCTCGACCGTCTCGGCGGGCACCCCCTCGGGAGCCTCCGCCAGAAGCCGCTCGAGCTCCGCGGCCTCGCGGGCGAGCCCGCCGGCGGCGAAGGTCTCCTGCGAACCCGCGAACTCCGCCGAGAGCGGCGCGCCCTCGACCGTGGCATCCGCAGCCGTCGCCCCGGCCGCACCCGCCGGATCCGAGCCCCGCAGCGCCCAGCCGGCGGCCCCCGCGGCCGCCATCAGCGCCACCACCGCCGCGGCCCTGCCCAAGGTGCGCAGACCCCGGCCGGCCCGCCGCTCCGGCGCGTCCCCCCCCGTCCGCGCCATCGGCGCGGCCGCGAGTCGCTCGGTGAGGTCGACCACACCCTCGTTCTCGCCGAGACGGGCCCGGATCTCGGGCCAGAGATCGCGCGACGGGGCGACGCCACCGAGCGCCCGTGCCCGGCGCCGCACCTCCGTGAGCTCCGACGCCACGCGGCGGCAGTCGGCGCACTCGGCGAGATGCTCCTCCACCGCGGCGGCCTGATCGTCGGGCAGCGAGCCGTCGAGGTACTCCGAGAGCCGGTCGGTCCAGAATTCGTGTCGTGCCATGATGCTGCCTTCTAGTCCAGATGAGAGCGCAGGATCATCCGCGCCCGATGGAGCTGTGATTTCGAGGTGCCCACGGTGATGCCGAGCTGGTCGGCGATCTCGTCGTGTGGATAGCCCTCCACGTCGTAGAGCACGAACACGGTCCGCGCCCTGGGCGGGAGATGTTCGAGCGCCCGCTCGAAGTCCATGCGCAGTCCCGGACGGCCGATGCGGGCCGCCATGCCCTCGAACACCCCTTCCCCGCTCCGGAAGCGATCCTCCCGCCGACGCATGGTCTCGCGCCGTCCGAGAATCAGGTTCACCGCCAACCGGTGCAGCCAGGTGCTGAACCGCGCGTCGCCCCGGAAGGTGCTCAGCTTATTCCAGGCCCGCAGGTAGATCTCCTGCGTCAGATCGTCGGCCGCGGCGGGCCCGGCCATGCGGCGGGCGAGCGCGTGGATGCGATCGCACGTGGCCCGATAGAGCCGCTCGAACGCCTCCGGGTCGCCGCGGCCGGCCATCGCCGCGTCGGGCCCCAGGGGATCGGTTGAAATGGTCACTCGGAGAGCGGACACGAGGCGGAGGTTCATGAGGGTGGACACCGTCTGCGAAAACTCGACCTCTTGGATGGACCCCACCCGTCCGATGGTTGGAAGCACACCCGTTTCCGCTTGCGCCGTCCGCCCGGCGGTTGCAGCGTCTGCACAGCCTCTCCCACCGACGAGCCCCTACGCTGCGAGGTTTCCGTGGAAGTCCTTCCCATCGATCTCACCGAGATCGTCGCCACCATCATGGGCATATCGATCGTGCTCATCCCCATCGCGGGACTCACGGCCCGCTTCGCCCTGAAGCCCCTCGTGGAGTCGCTGACGCGGGTGAACGAGGTGCGCGGAGTGGAGGAGACGGTGGCGATCACCGAGCGCCGGGTGGCGCTGCTCGAACAGCAGCTGGAGCAGATGGACCACACGGTGCGGCGCCTCGAAGAAACGCACGACTTCGACCGGGCCCTCGGATCGGGGGACGCCGCCCCATGACGCTGTCGGAGGAGATCATCGCGCACCGGGGGTACAGCGCGGTCGCACCGGAAAACACCCTCGCCGCGGTCGAGAAGGCGCTCGAGGCGGGGGCCGACGCGGTGGAATGGGACGTGCACGTGGCCTCGTGCGGCACCCCCGTGCTCGTGCACGACGCCGCCCTCGGTCGCACCACGAACGGCTTCGGCCCGGTGCGCCGGCGCTCCCTCGCCCAGCTGCAGTCGCTCGACGCCGGCAGCTGGTTCGACGCCGCCTTCGCCGGCGAGCGGATCCCGTCGCTGCGCGAAGCGCTCGAGCATGTGAAGGGCCGGGTGGGACGGGTGTACTGCGAAGTGAAGGGCTATCGCGAACTGGAGGACCTCGATCGCATGGCCCGTATCGTTCGCGAGGCCGACCTCGCCTACGACACCGTCTTCATCTCGATGGACTGGGGCATCCTCGAGCGCATCGCCGGCCAGGACGACACCGTCGGCATCGGCTACATCGTCGACAAGCGCGAGCGCTGGGAGGAGGCGCTGGAGCGCGCCACGCCGCAGGAGCGTGCGATCGTCGACGTCGACCACCGGATCCTGCTGGCCGAGCCCCACCTGGTCGCGCAGGCCACCGAGCGCGGGATCGCGGTGGCCGTGTGGACGGTGGATTCGGCCGCGGAGGCCGAGCAGCTCCGTCAGGCCGGAGTGACGCGGTTCACGACGAACCAGGTGGAGCGTCTTCTGTCGTGGCGGGATGCCCGCTCGGAGTCGCTTCCGCGCTGACCACCGGCAGCAGCACCGAAAAGGTCGAGCCCACCCCGAGGGTGCTCTCCACCTGCACCTCGCCGCCGTGGGCCTCCACGATGCCCTGGACGATGGCGAGTCCGAGTCCCGCGCCGGAGCGGTCCGCGCGGTCGCGGCGCCAGAAACGGTCGAAGAGGTGTTCGCGGTCTTCCTCGGCGATGCCCTCGCCCGAGTCGGCGACCCGGATGGCGACCCAGGCGCCGTCCACCCGCTCGGCCGACAGCACGATCTCGCCCCCCGACTCGGTGTGGCGCACCGCGTTGCCCAGCAGGTTGCCCAGCACCTGAATCATGCGGTCGTGGTCGGCCTGCACCCGCGGCAGGTCGGCGGGCATCTGGACCGCCACGGTGAGCTGCCGTTCGGCCGCTCTCGGCCCGATGATCGCGGCGGCCTCGTCGAGGAGCGGCCGCACCGGGCAGGGTTCGGCCCTCACCGACAGCCCGCCCGCGTCGATGCGCGCCACGTCGAGCAGATCCTCGATCAGGAGGTTGCTCCGGTCCGCGGCCTTCTGGATCGTGCGCAACTGCCGGCGGGTGCGCTCTTCGTCGAGGGGCACCTCGAGGAGCAGTTCGGCCGCGGCGGAAATCGATCCGATCGGATTCCGGAGGTCGTGGCTCACCACGGCCATCATCTCCTCGCGAGCGCGCACGGCGTCGCGAAGCGCCTGCTCCGCCTCGCGGATCTGCGTCATGTCGGTGAGGGTGACCACGGCTCCCCGCACCATGCGCCCGTCCATGAGGGGGCGCAGCGCCCAGCGCACCGGCACCGCCCGTCCCCGTCGATGCCACACCCGAGCGT
CP144380.1_gap51	2028728	2029545	817	ATCCGATGGCGCGCGGCGGCCCTACCGCCGCAACGGAGGCCTCGACCGTGAGCAGGCCGCGCTCTGGCACACCCTTCACGGCGCGGCCGGCGACGACCCGCGCATCCGCGAAGACGCGGAGCGCGCGGAGGCGGTGCTCGCGGAGCGGCGCGACCGCTCCCGCGACTTCTTCTCGTCCACCGCCGATCGCTGGGACTCGATCCGGGCCGAGCTGTACGGGATCCGGGCCGACCTCCTGCCCCTCTTCGGGCTGCTCGACCCCACCTGGACGGTGGCCGACCTGGGGGCGGGTACCGGGGTGCTCGCCGCCGCCGTCGCCCCCTTCGTGGGGCGGGTGGTGGTGGTCGATCGTTCGCCCGAGATGCTCGCCGCGGCGCGCGACCGCATGCCGTCGACCGGCACCGTGGATTTTCACGAGGGGGAGGTGGAGCAGCTGCCCCTCGCCGACGGTTCGGTGGACGTCGCCTTTCTCTCGCTCGTGCTGCACCACCTGCACGATCCGGCCCGGGTGCTGGCCGAGGCTCGCCGGATCCTGAAGCCCGGCGGCCGGCTCGTGCTGGTCGACATCCGGGAGCACGACCGCGCCGAACTCACCGAAGAGATGGGCCACCAGTGGCCCGGCTTCACCCCGGCGCAGCTGCACGGTTGGCTGCAGGCCGCCGACCTCGCCCCCCTCCCCACGGTCCCGCTCCCGCCGGACGCCGAGGCCCGGGGCCCCCTGCTCTTCCTCCAGGTCGCTCGTCGCTGACGACCGCACGACTCAACGAACCCTTTCCGGAGTCCCCGAGAACCATGGAACAGACCCTGATCGACACCG
CP144380.1_gap52	2151968	2153393	1425	GCCCTCGATGGCGCGCATGTTCCTCGACCAGGACGACGTGCAGGAGGCGCTCGGCGGGCTCGATCAGATGATGGTGGGGGGCGAGGCCTTCCCCGAGCAGCTCGCAGAGCAGCTCCGCCGGGTCGTCCCGGGCCGCGTGACCAACATGTACGGCCCCACCGAGACCACGATCTGGTCGACCACCCACGACGTGGATCGCGACGGACCCGTGCCGATCGGGCGGCCCATCGCCAACACCACGATCCGACTGCTCGACCCGCAGGGCGGCCTGGTGCCCCCGGGTGTGCCCGGCGAGCTCTGCATCGGCGGGCTGGGCGTCGTGCGCGGCTACCACGCCCGCCCCGAGCTCACCGCCGAGCGGTTCATCGCGGATCCGTACGGCGCGCCCGGCGAGCGCATCTACCGCACCGGCGATCTCGCGCGGTGGGACGAGCATGGCGTGCTCGAGTTCCTGGGCCGGATCGACCAGCAGGTGAAGGTGCGGGGCTACCGCATCGAGCCCGGTGAGATCGAGGCGCTGCTCGAGGCCCGCGACGAGGTGACCCGCGCCACCGTGGTGCTGCGCGAAGACACCCCCGGCGACCAGCGGCTGGTGGGCTACCTGGTGGTGGATGGGCCGGTCGACGCCGACGAGTTGCGGCGGTTCCTGGGCGAGTCGCTTCCGAGCTACATGGTGCCGGCCCACCTGGTCACTCTCGATCGCCTGCCGCTCACCCCGAACGGCAAGATCGACCGCAAGGCGCTGCCCGCCCCGCGCGACGTGGCGGTACGCACGCAGCCGGTGGTGGCGCCCTCCACTCCTCTCGAGTCCACCCTCGTGCAGGCGTGGATCGAGGTGCTGGGCGTGCCGGAGATCGGCACCGAAGACAACTTCTTCGACGCCGGCGGACACTCGCTCCTGGTGGTGCAGCTGCACCGGATTCTCACGGAGCGGATCGATCGCCCCCTCTCCCTGGTCGACCTCTACCGCTTTCCGACCATCCGCTCGCTCGCCGAGCACCTGTCGGCAGAGGCCCCGGCCACCGAGGCGCTCGACGAGAGCGCAGCGCGCGGGGCGCGTCGGCGGGAGATGATGCGGCGGCGGCGCGGGGGCTGATCCCCTTCGGGTCGGGGGCCGATCAGCCCCCGGCCCGCGTCGCCGTGCCCTGTACGGAGTCGTCGGGGCCGCGGATCGTGAAGGCCACCGCGCGCCCCGCGTCGTCGAGTTCGAACTCCACGATGGGGGCGAACTGCGGATTCACCGCCGACACCTCGCCACCGAGGGTACCGGCGATCATGAAGAATCCCGCCCCCCGCGGCAGCAGCGCCAGTCCGTAGACCACCTCGGGCTCCTCCCCCTCGGCCGAGTAGAAGGCCGCTTCGGCCGCCTCGGTCAGCGGGTCGACGAACCAGAGCAGCCCGCTGTCGGCGTCGTGCTCGATCCGG
CP144380.1_gap53	2159479	2162031	2552	TCCGGTCGCTCCGTGAACTCGTGCAGCCCGGTGTTGTGCGGCGGGTAGCCGCCCACTCCGTCGATGTTGTAGAGCCCGTTGTTGTGAAACTCGATCTCGGGAGCGCTCTTGCCCTCGAAGTCGAAGGTGCCGGTGAAGCCGAGCCCCCCGTGGCAGTGGAAGCACTCGAGCCGCTCGCTGAAGAAGAGCGCCTGCCCGCGCCGCGCCGACTCCGACAGCGCCGACCGGTCGCCGCGGCGGTAGCGGTCCACCGGCGAGTCGCCCGAGATCAAGGTGCGCTGGAATGCCGCGAGCGAGCGGGTGATGGTCTCGACCGATACCGGGGTGCCTCGATCGGGCCACGCCGCGGCGAAGAGTCGCTGATAGGTGGAATCGGCCTCCAGCCGGGCGAGGAGCTGATCCTCCATTCCCGCCAGGCCGAGCTCCACGGGGTCCTCCCCGAAGAGAGGGGTGAGCGCCTGGTGCGCCAGGTTCACCTCGTTGGGGTTGGCCCAGTTCAGCGCGGGCTGATACCCCGCGTTGGTGAGACTCATGCTGTTGCGCGGGTGGAGCTGGCCGGTCGAGCCCTCGGCCACCGGGAGCCCGTCGGTGAAGGCGAGCTCCTGCCGGTGGCACGACGCGCAGCTCTGGGTCTGGTTGCCCGACAACCGCACGTCGTAGAAGAGGTGCAGCCCGAGATCCACCTTCTCCGCCGACATCTCCTCGCCCTCCGGCACCCGGGGGGCCGGGAAACCGTCCGGCAGCCGCCAGTCGAAGGGTCCGGTGGGCACGACCACCTGGTCGGGCCCGAGCATCTCGTCTCCGCCACACCCCGCGCCCGCCAGGGTGAGACCCGCGGCCAACGCCACGGGCCCCACCCTCGCGAGACGGAGGCGACGACGTGCGTCGCCGGCCATGATCGTCAGCGGATCGAGAAGAACGACTGGCCGGACGGCTGGCTTCCCTCGTAGGCGAGGCCGAAGGCGTTCATCACCACCGCGCACTCCGGGTCGCCCGGGAACGACATGCACCCCTTCGCCCCCGAGTTCTGCGCCAGATCGCTGTTGGCGAGGAGGGCACCATAGTCGGCCACGATCTCGTCGATACCCAGATCGAAATCGAGGAACTCGAAGGTGGGCCGGTGCTCGTTGCTGCACGAGGTGGCCGGCACGGTCGGATCTCCGGTCGGCGTGCATCCGGTGCTGCCGAGGTGCACGAACCACCCCTCGGGCTGGGCGTCGGAGGTGTGGTCGATGCGCAGAAACTTGTAGCCCCCGTTCCACGACCAGAAGAGCGAGGTGAGATCCAGTGGCGCCGCCGCCGTGGTCTGATCGGCGTGGTTGAGCTCCTCCGGCACGCCGAGGGTGAAGCGCACCCCCGTGTAGGTGGCGTCGGGCGCCGTGCCTCGCACCGTGGTGTTCATCGCGGCGGTGCCGTTCACGCAGGGGCCCGAGCCGTTCTCGAAGTCGAGCAGCACCACGTTGTCGCGCTGCCAGGTGCCGTCCTGCGTGAGCTCGAGCTCGACCGACGAGCCGTCCGCCGCGATCAGCTCCACATCGTGCACGTAGAAGCGGAAGTCGACCGGGGTGATGGTGGTGTTCGAGGTGCCGACGTTGTCGTAGCTGTTGCCGCAGCTGAATGCGGCTTCATCGACGACGGCGGCGAAGTCGAGGGTGACCTCGATCGGCATGGCCGGCTCGACGGGATCGTCCTCGCAGGCGGCCACGGTCAGGAGGGCGGCGCCGAGCGCCACGCCACGGGTCGTACGGATGATGTTCAGCATGGAGTCCTCGTTCGTTCGAATCGTTTCATGGGACCCCGCACTCGCCATCGAGCCATTGGGCTCGAGCGGCACGGGGGTGCGACTCCTCATCCGCCGGGGAGCGGAGGGAGTCGGGAAATCAGACGATGTCGAAACGAACGGGAGGGGCGTTGGCCCACGGTGCCAGGTAGGCGCGGTGGGATGCGCGGACCTCCGAGACGGGGAACCGTGCGATCGAGGCCGCGATCTCGGCGGCGGAGATGGAGGCGATCGGAGACGCCGGAATACCGGCGAAGCCGGCCACCTGGCAGCAGAACCCGCAGCGGCCTTCGCAGTCGGAGTCGCCGGAGCCGGAATGCCCGTGACCCGCGTGCGCATTCGCAGCGGCGGCCTGGGCCGCGTGCGCGGCCGCGTGCGCGCCATTCGAGGCGGCCGGAGCGAACGACGACGGCGTGGGATCGGCCGACCCACCGGTGCCGGGGCCGTGGGCATGGTCCGGAGCGTGGTCCCCGTGGGGGGCGTCGGTCGCCGCGGCGTGGGTCCCGTGAGACTCCATGCCACCCATCGGCCCCAGGTCGCCCGTGAGGCAGCAGGGGTGCAGGAGCGACGAGGCCACGAACAGCTGCATGAGCAGCGCGAGGCCGAAGGCTCCGAGACGGGTAACGGGCGTGCGACGCATGGTGAGAAAGCATACCCATGAAGCCGGGGCGGGTTCAAGATCGGGATCTTTCGGATGCGGGGGTGTACGCCGGGTTCGCCGCCAGACGGATGCCACGCAGATGGGAGAACGGGGCGATGAAGGACGACACGA
CP144380.1_gap54	2173680	2174456	776	AACGCTTCGCGATCGGCGCGAAGGGACTGGAGCAGTTCATCGGGCACACGCACCTGCCGATCCGATACCGACAACTCGTCGCCCAGCGCCTCGAGCAGGCGGCGATAGCGACGCAGCACTCGCCGGCGCTGACGCCGCAGCGTGCCGCGCGTAACCTCGGCCGTCACGAAGGGATTGCCGTCGCGGTCGCTCCCGATCCAGGAGCGATAGCGCAGAAACGCACCCGGATCGACCGATTCGCCGTACACCTCTTCGATCGCCCGCACGAGGTCGTGGCGGATCACCGGCACCACCTCCCAGATGGCGCCGAGCAGGAAGTGCAGCCCCTGGTCGACCTCGTCCATCACCGACGGTCGCTCGCGGCGCACCTCGTCGGTGGCGAGAAGCAGGGTGACCTGGGTGTCGATCGCGTCGAGAATGCGCTCCCGCTCGTCGGGGGTGGGATCGGTGCGCGACAGCTCCAGCAGGAGGTCGCTGAGACGCCGCTGACGCGCGAGCACCGCAGGCGGGCGCGCCTCGGTCGGGTGCGCCGTGAGCGTGGGCTGGATGTCGAGGGCGGACAGTCGACGCCGAAGCTCGTCGAGGGTGACGCCGTCGGCGTGGAGTCTTCGAATCGCGTCGCGAAGCGACTCCGGGCGCACCCCCTCGCGCGACCGCTCCCGATTGATCCGTACGATCTCCTGCTTCTCCGCCTGGTTCACGAGGTGAAAGAACGACGTGAAGGCACCGACCAGGTGGCGGATCTCGGACAGCGAAGCCGACGCGACGATCGCCGC
CP144380.1_gap55	2177145	2180326	3181	TCCAGTCGGGGCCCCACGAGTCGACGCGGTTGGGCACCCGCTGGTCGCCGAGCACCCGGGCGACCGACCACGACTGGCCGATGTTCTCCGCCTCGCCCTCGCCCGAGGCGAGGATCACGAAGCGCTGGCGCAGCCGCTCGAGATGGTCGCCGGCGAGCGCCGGCACGAAGTCGAGGGGGGAGGAGCGGTGGTAGTCGGCGTTCGGGCGCGCCTTCAGGAAACGCTCGAGGTCGTAGGTTCCGCTCATGCAGAGGGCCTTGCTGAACACCTCGGGGTAGCGGCAGACGGCCGCGAGCGCCTGGAAGGCCCCGATCGAGGCACCCCCGACCACCACCTCGATGTCGTCGCTCTCGCAGTCCATGCGAATCGCGGGCACGACCTCGTAGCGCACGTACTCCTGGTACTGGTTCATCACCCACATGCGGTGCTCGGGCGAGCCCTCTTCGGTGAGCATCGCCCGGCCGGCCACGCTGTCGCACGAGTAGATCTTGATCCGCCCCGCCTCGAGCGCGGACCGGAGCGCACCCACGATATGGAAGCGCTCGATCTCCTCGGCGTCGCCGCCGGCCGTCGGAAAGAGCAGCACCGGGGTGCCGAAGGTGCCCCACCGCGCCATGGTCACGTCGCGGTGCAGCCGCTCCGAAAACCAGGTCTCGCGGCGCTTCATGCTCCCTCCACCGGATTGCGGTCACGCCACTGCTGCAGCCGCGAGAAGAACAGATCGGTGAACTCGTCCACTTCGTGCTCAGGAAAGACGGCCACCACCTTCTGGCGCACCGCGTCGCGCGCCGCGTCGGTGCCGAACCAGCCGTGGGTGACCTCGTGCAGGTGCGACAGGTGCTCGCCGCAGAAGTCCTCGAACGCCGCGGTGTCGAAGCGCTCGTGCACCAGTGGCAGCAGGGCGTCGATCCGCTCCCGCAGCGTCATCTCGGGCTCCACCCGTGCGATGAAGGAGTCCCAGTCCACCCGCTTCACCCGCCGCCCCGTCGCCGCGGCGAAGAGGGCCCAGCGCAGATTCGCCTCGATCACCCACGGAAAGTGGTAGTGGATGGAGGTGACCTGCGAATCGGGGCACGGGTTCGCGAAGTCGATCGGAACCCACGCATCCGCGGACGACCCAGCGCCCGAGTCCCCACCGGGTGCCGCTCCGCCGCCGGCACCCGCACCGCCGCCGCCGTCCGCCCCGCCCCCCTCCGCCCCCGACCGGTGCAGCAGCTCGCACGAGTTGAAGTCCCAGCCGAAGAAGGCGTTGATGATCAGCGTGGTGCCCTCGATCACCGCGCGGTCGTCGGCGGAGAGGTAGTCGTCGGGACTCGAATCGGTGTAGCGATCGTGATGCGGCGCACCGGCATCGTAGCGCACCAGCCGCGTCTGCGGACCCAGCCCGATGCAGCGCACGAAGTGGTCGTGCGGCTCGATCGACTCCTGGAGGGTCATCACCAGCTTGCCGCTGTCGTCGTAGGTGGCCCGCAGCGCCGGCTCGTCGTGAATCCGCGACACGGCGCGCCAGCCGCCCCCGTCGTACGGCTTCATGTACATCGGGTAGCCGAGCTCGCTCCCGATCGCCCCGAGGTCGAAATGCCGCGCGTAGGTGCGCAGCGTGTAGTCGAGGTCGTCGCTGGGTTCGTACGCGTGCGGCGGCACGAGCCAGGTCTTGGGAATCGGGAATCCCAACCGGATCATGCCGGCGTACGCCGACAGCTTCTCCACCGACTGCACCGTCCACGGATTGTTGAAGACGTAGACGTCGTCCATCAGCACGGCCTTCTTGATCCACTCGCGGCGCGTGTGGTACCAGTGCGTGAGCCGGTCGACCACCACGTCGTAGCGCTTCGGCTCCCGCAGGTCGAAGGGGTCGATGGTCATCCGCTCCACCTCGAAGCGCACGGTATCGCCCCCCACCGGCACGGCGAGATCGAGCCGCTTCAGGATCTCGGTGAAGGCGATGGGCCAGCAGATGTCGGCCCCCAGCGAGAGCCCGATCCTGCGGGTGACGTCGGCCATGCGGTGCGTCCTCGTGTCAGTCGTAGACGAGCCAGAGGGGACCGGGCATCAGCCACGACAGACCGAGCCGCAGCCGGTCGCGCCAGTTCTCCCAGTTGTGACCGTCGCGCGCCTCTTCGAAGCGCACCTCCATACCCGTGCGCTCCAGCACCGGCACCAGCGAGCGGTTCTCGTAGATCAGCGATTCGTACATGCCGCAGCTCACGAACACCTTGTCGGCCACGCGCTTCGGCGCCCGACGGTAGGCGTTCACGAAGTCGGCGATGGGGTCGAATACGGGACCCCGCCCGTGCCCTCCGATGTCGCTGAAGGCGAAGGATCCCGACTGCAGCAGCAGCGACCCGAACACGTCGGGGTAGCGCACCGCGGTCGAGAGCGAGGCCACCGCCCCCAGGCTCGCCCCCATCAGACAGCGACCGGCCCGCGTGCCCTGCACCGGAAGTGCCGCCTCGAGGTCGGGAAGCAGTTCTTCCACGAGGTACCGCGAATGCGCCTCGGAGCCCCGGTACTGCTCCATCCGGTCGGGCGGATGCATCAACGCGGCGATCATACCGGGGATCTCGAGCCGGTGGATCAGGTTGTCGAGCACGGTCTGCAGCCCGGCGTACGCGAGATAGTCGCCGCCGTCGTGCACCAGCAGCAACGGGTACCGCCGCGTCTCCCGAAAGCGGGCGGGACGATAGATGGTCACGCGTCGAGAGCCCCCGAGCGCACGGCTCCGAAAGAGTCGATCCTCGAGCGAACCCGAGGGGGACTCCGGATCCGGCCGGGTCCACTCGGGCACGGCGTACCCGGCGCCGTGGCAGACGGAGTTGGCCCCGAAGGGGTCGCGGGCGCGATGCGGGTTGAGCGGGTCGTTCACCCACTGCACGTCGCCGCCCCGAACCACCTCGAACTTGTACTCCACACGCGAGCCCTCCGGCAGCTCGAGCACGTCGTACCAGAGGTCGGTGCCCTCCAGGCGGTGGAGCGAGGTGGCGGTCTGCAGCCCATACACCCAGTGCCGCAGCCGCACGTCGTCGGCCTCGCCCCGGAAGACGAAGGTCACCTGCGACCCGTCGACGACCGGCACGGCCCGGCCGTGGAGAAAGCCGTCGACGGCGTCGGTCGAGGGCGGCGTGCCGGCCTCGGCCGCCCGCACGAGCGGCTCGATCGACAGCCCGGCCACGTCGGGCGG
CP144380.1_gap56	2185132	2187174	2042	CCGGGGCCACGGGCGCATCCAGCGCTACGAGGGGCTCGAGGCGATCCTGACGGAGTTCGCTCCGCACATCGTCGACCTCGATCTCAATCCCATCGGATCGCCGCGTCGCGACTGGAAGAAGGTGCTGGTCGGCGACGGGCTGATCGTGGTGCGCCACCCCGACCTGGCCACCACCCGCCGCATGGCCGAGCATATCGCGGCACACCTGCACATCGTGGCGGGCTGACCGTTCACGGTTCCGGCGCGGAGTCCTCGTCGGAGTGCTTGAGAGCGTCGAACTTCCGGAGGGTCTCGGTGGGCACCAGGAGTTCGTCGGCGATGGCCGCGATCTCCTCCGCCTCCTCCCAGGCGCGCTCGAGGCGCCACAGCTCGCCCTGCATCGCGCGCATCTCCTGCTCTTCGTGGAGCGCCATCTCGAGCGCCAGCCGCTGCTCGACCGGGAGGAAGCCCAGCGACCCGCGCTTCTTCCACTTGTGGGCCGGAATGTCGTGGGCATTGCGGAGGAAGGCTTCGGGGTGCCCGGCCTCTTCGATCGCCTTCACGGCGAGCCGAACCTTCTCGCGGTTGCCCCCGGTGGCGTTCACCGCCGGAACGAGTACGGTCGCGGCCCGGCGGGCGTGCTCGCCGCGGAGCACCAGTTCGGCCCGGCCGTCGCGGAACCGACCCGGCTCCTTCTCCGACTGCATCCGCACCGCCCAGCCGAGCTCGTCGTCGGCCTTCAGGATGGCCACCTCGTTCAGTTGCGGCGTCTTCACCTTGGCGACCGTGCCGTCGGGCATGCGCACCCGCGCTCGCGTGCGCGTGTGGTTCCAGAGGTTGATGAAGTTTCCAGACTGGCCCACGAGCGCGCCGCTCAGCACCCCGGTGGCGAGCCCGCCGATGGCCACCCCGGCGATGGCCACCCCGACCCCCACGCCCATGATCAGCGCCTTGCGCCGGCGCCGGCCGAACTGGTCGCCGTAGCGCCACGCCGCGAACTCCTCGCGCAGGGGATCGCCGATGCGAACGAGCTCGAGCCCTTCGGAGGTGCGGGCGAGCCCCACCTGGGGGGTCTGGGCGCGCAGACGGGTCTCGCGGAAGGTGCGTTCACAGCTCTCGACCGCCTCCCAGCGCTCCTCGAGGGGGGTGAGATTCCAGCGCTCGCAGTGGGGGCAGACCACCCACAGCCGCCCGCGAGCGGCATCGAAGGCCAGGCGGCGCCCCACGGGAAACACCTCCACCACCTCGTTCCGGCCGAGATCGCGGTTGCAGAACATGCAGGAGGTGTACATCGAGCGTGCGGCCGCGAGGAATCAGACCGCCGAGCGTGGTCCTTCCACGGCGCCGCCACCGCCGACCGGCCGCTCGATGAGCTCGCGCACGCGACGCACGAGGTCGCGGGGCCGGAAGGGTTTGGCGAGGAACACCCCCTCCGGGGGCAGCCCCACCCGTGCCCGCAGGTCGTCTTCCGCGTAGCCGGACACGTACACCACTCCGATGCCCGGACTGCGGCGCTGAAGCGCACGGGCGAGGTCGGTCCCGGGGCGGTCGGGCAGAATCACATCGGTCACCACCGCGCGAACCAGCTGGGGCGTCCGCTCCCAGAGGCGCATCGCCGCATGCGTGGATCCCGCCTCGATCACGGCGAAGCCCTCGCGCCGAAGCATCCGGGCGATCACCGAGCGAACGTGCTCGTCGTCTTCCACCACCAGCACCAGCGGCCCGGCCTCCACCACCGAGGGCAGTCCGGTCGCGCGGCGCGGCTCGGCCGTGGCCGGCGCGGCGGCGAGTTCGCGCACGAGCGACACGAAGGCCGGCGGCGCATCGTCGGTGCGAACGCGCAGCACCGACTCGCGGACCCACCGCTCCCCCCGCCCCGTCTCGATCCGGTACTGCACCACCCCGGAGTCGTCGATCGTCGAGAGCACCTCACGCAGTCTGTCGCGGTCCTCCGCCACGAGGCGGGTCCACAGCAGCGCCGGCTCGCGGGCGAGATCCGCCGAGGTCAGACCCACCCCCGGCAGTCGACCCAACGACCACCGCACCACCCACGGCGACGCCGA
CP144380.1_gap57	2213139	2215504	2365	CATGCTGCACCAGACCGATTCGGTGTTCTACCACGCATTCGCCACCACCGACGACCCCGCGGCCCCCGAGGGTTGGGCCGCGACCGACGAGCTGGTGTCGGTCTCCTCCGACCCGCCCTCGCAGACGGCCGCCGTCGAGGCGCGCGGCGACGGCAGTGTCGTGGCGATCTACGGGGATTCGCTGGGACTCCGCCTCCGCATCCGCAGCGCCGACGGCGCCTGGGGCGACGAGCGCATTCTCGCCGACGAGGATGGCGCGCTGCTGACGGGAGTCCAGAGCGCACGCACCGACGACGACCGCGTGCACATCGCCTACGCGGCTCTCACCGGCGACGAACGCACCATCCGTCACCGCACCCTCCACCCCGACGGCGCTCTGTCGGCCGCCACCACCCTGGCGGACGGCATCGGCACCGCGGTGGAGGAAGACGCCGGGGCCCTCGCGCCTCTCGTGTACCTCCCGGGGCTCGATCAGGTGGTGGTGATCTATCGCGACGCCACCGGCCGGCCGTGGGAGCGACGGGTGGCCGCCGACGGCTCGGGACCGGTGTCGCCCCCCCTTCGGATCGCCGACCGCGCGGTGGTGCAGAACGCCGTGGACGCCGACCAGGCCGGCTTCGACGCGGTGGGTGCCGACAACACCGTACACCTGTTCTTCATCGACGAGGAATCGCGCGAGGTGGCACACGTCGCCCGGGAGGGCTCGGGCCCCTGGACCGCGCCCCGCACGGTGATCGAAGGCGCCGACGTGCAGTGGATCCGGGGGGTGGTCGGCACCGGAGCCGATGGAGAGCCGGTCTACTCCGTGGTGATCGATGCCGGCTCCGACGGCGGTTCGGGCATGAACCGCTACCTCGAGCTGCCGCTGTCGGGGGGCTGACCGCCGGGACCGCAGCCTTTCCGCAGCGGTCCTGGCGGCCCATAGTGGGGCGATCAGGAGGATCGCCATGCCACACGAGCCGTCATCCCACGAGCCCCTGCCGCTTCCGTCCACCGACGGAAGCAGCCGCTACCCCTCGCGCATCCTGGTCGTCGACGATTCGGCCACGATGCGCCGCACCCTCGCTCGCGCCCTGCGCGAGTGGGGCCACGAGGTGATCGAGGCGGAGGGCGCCCACGAAGCGGTGGCACACCTCGACCCGGACCTCGATCTGGTGCTCCTCGACCTCGCCCTTCCACGAGTGCACGGCCTCGATGTCGCGCGTACCATTCGAATGCGCCTGCGCTCGGAGGTCCCGATCATTCTCGTCACCGGCCACACCGGCCATACCGAGCGACTCGGGGCCGTGGAGGCGGGGGTGAACGACTTCGTACCCAAGCCCTTTCAACTCGCGGAACTGCGCTTGCGGACGGAGGCGCAGCTGAGGTGGCGACGCCTCCTCGAGCGCCGCGAGCATCTCGCGCTCGCCCTTCTCCGCCGAGCCCTCGTGGCCGCGCAGGTGGTGTCGGAGGAACGCGCCCATCGCATGGAAGGCACGGCGGAGGGGCTCGCTCGGCTCGTCGGATTTCCCTGGGGCCGGGCCACCCTCCTGGGTCGGGTCGCCCCTCTCCACCACCTCGGGCTCCTCGGGTCGTCCGCCGAAGCGCCGAGCGACGACGGCGAGGTCGCAGCCGCGGGCCTCTCGCTCATCGGCGACGCGGCCTGGCGTCCGATCTCGCTGGCTCGAACGCTCGTTCGACACCGGGGGGAATGGTGGGACGGATCGGGGGGGCCCGCCGGCAGCAGGGGGGAGCAGATTCCCCTCGAATGCCGAATCGTCGCGGTGGCGGCCGAGTGGGCCGCGATCATCGAGGGGCGCACGGACGCCCGCACCGAAGCGGAGTGCCTCGCTCACCTCCAGGCGCTCGCCGGGTCCCGGCTGGACCCGGACCTCGTCGAACGGTTCCTCGCGGCCCGCCCCGACCTTCGCGACGCCGAAGGCTGACCCGTCTCAGCCCCCGGGCTCGTCGATCCGCACCTCGTAGAGGCGCGACCAGAGCTTGCCGGTGAGATAGAAGGTGCCCGCTTCGGGATTCCAGGCGATGCCGTTCAACACCGCTTCGGGGTCGCCGAGGCGGCCGGCGTCCCGCGTGAGTGCCGCCGCATTCAGGATGCCGGTGACGCGGCCGGTGGCCGGGTCGACCCGGACGATCTCGTCGCGCTGGTAGACGTTGGCCCAGATGGAGCCGTCGACGCACTCGAGCTCGTTGAGGCGGAAGACGGCCACCCCCCCCGAGGTGACGTCGAGGGTGCCGAGCAGGGCGAAGCTGTCGGGGTCGCGGCGGGTGAGGGTGGAGGTCCCGTCGCTCATCCACAGCTGCGTGCCGTCGTAGCAGAGCCCCCACCCCTCGCCCCCGTACGAGAACGACCCCACGGAGTCGAGCG
CP144380.1_gap58	2318645	2323240	4595	CGGCCACCGAGCCGGGGGTGGAGGAGACGCGCCTCGGCTACTCGATCGTGGCGCTGATCGGTGGCTCCGCCGGGCCGGGACGCACGATCACCGGCATCGAGTTCCGCTACAGCTCGGTGTCGGAGTTCAGCCCGCGCACGCTGTCGCTTCAGGTGGGAATCCCGCTGTTCACCTGGTAGGGCTACCGCTGCCCGCGCCGGGGCACGCCCCGCAGGGCGGTGGCGGTGAGGGGATCCTCCGGCCACGCGTGCTTCGGATAGCGCCCGCGCAGATCCTTCCGTACCTCGAAGTAGGTGGTGCGCCAGAAACTCGCCAGATCGGTCGTGACCTGCACGGGGCGTGACGCCGGCGAGAGCAGGTGGACCGTGAGCGGCACCCGGCCTCCGCCGATTCGCGGCGTCTCGAGCAGGCCGAACACCTCCTGCAGCCGCACCGCGAGGACGGGCGCACGGGGGTCGGAGTAGTCGAGGGCGATCCGCGACCCGCTCGGCACCTCGAAATGGGTCGGCGCCTCGTCGTCGAGGCGGCGCCCCCGCTCCCACCCCACCCGGGTCGACAGCGCCGCTGCGAGGTCCACCCTGCGCAGGTCGTCGAGGCTGCGCATGCCGGTGAGAAAGGGCGCGAGCCAATCCTCGAGTGCATCGAGCAGCGAGGCGTCGTCCATCGCCGGCCACGGTTCCGGCTCCAGCGCGTGAAGAAACCGGACGCGGTCGACGAACTGCCGAGTCTCGCGCGTCCAGGGCAGCGAGGGGAGTCCCGCCGACCGCACGCCGTCGCACAGCGCCTCGGCCACCGCGTGGGGGTCGGGCCGATGGATCGACGACGCCTCGAGCTCCAGCGCACCGAGACGTCGAATCCGGAGCGTCCGCACCCGACCGCTCGACGGATCGAAGGCCACCGACTCCGCCTGCTCGATCCGGTCGGCGAACTGTCGCTCGAGGGCCTCGCGGTCGAGCGGCGCGGCGAGGTGGATTCGGGCCTCCCGGCCTCCGTCGTCGAGATCCGCCACGACGATCGCCTCGGCCTCGGCGAGTGGATCGTCGTCGAACATGCGCACCCCGCGCCCGTTGCGAAGCAGAAAGCGTCCCCGCGCACCGTCGCGTCGCAGCCCCACCCGATCCGGATAGGCCCAGGCGAGCAGCGGGGCCACGGCGGCCACCGCCTCCTCGATGGGGAGCCCGTCGTCGCCCTCCACGCCGAGCCGGCGACGCAGGTGCTCGGCCTCGCGCAGCACCCGGGCGCGGGAGCCGCGATCCACCCGGTGGCCGCGCAGACCGGGGCCGGAGGCGCGCCGGAGCGCCTCGAGGCGCAGCCGGGCATCGACCGCCGGAGCCCGCCCGTCCGCGCGCAGGAGATCTCTCTCGCCGAGTAGGGCGGCCAGATCGCACGCCACGCCACCCCGCCCCACTCCCCGGGCCCGCACCAGCATGTGCCCGATGCGCGGGTGCACGCCGAGGCGCGCCGCGGCACGGCCGTCGTCGGTCACACCACCCCGGGCGTCGACGAGGTCGAGGGAGCGCAACAGTTCTGCCGCCTGGACGAGCGCCGTCTTCGGCGGTGCGTCGAGCCATTCGAGTTCGTCGACGGAGGCCCCGAAGACCCCGAGGTCGAGGAGCAGCGGCGCGAGGTCGGCGTCGCGCACCTCGGGCAGCCGGGCCTCGACCAGGCCTCGGTGCTCGTCTTCGGACCAGAGTCGCACGCATGCGCCGGGCGCGGTGCGGCCGGCCCGCCCGCGTCGCTGATCGGCGGCGTCGCGGCTGACCCGCACGGTGTCGAGCCGGGTGAGTCCCGACCCCGGATCGAAGCGGGGCACCCGCATCCAGCCACTGTCGATCACCACCCGCACGCCCTCGATGGTGAGCGACGTCTCGGCGATCGAGGTGGCGAGCACCACCTTCCGCCTCCCCATCGGAGAAGGCGCGAGCGCACGGTCCTGCAGGTCGCGCCCGAGGCGCCCGTGCAGGGGAACTACGTCCACCCCCGATCCGAGGTCGACGGCCCCCAGCGACTCGGCCACTCGCCGGATCTCACCCGCTCCCGGCAGGAACACGAGCAGGTCGCCCGACTCATCGCGCACCGCGGAGCGGACCGCCTCGGTCACCTGCGCGGCGATCGCCCAGGGCGTCGACTCGCGGCGCCCCGGGGGGGCGTGGTACCGCGTCTCGATGGGGAACACGCGCCCCTCGCTTCGCACCGCCGGGGCCCCGCCGAGCAGCCTCTGTACCGGGACGGGATCGAGGGTGGCGGACATCACGAGCACGCGGAGGTCGGGGCGCAGCAGGCGCCGGGCGTGCAGGGTGAGGGCCAGCCCGAGGTCGGCCGTCAGGGAGCGCTCGTGAAACTCGTCGAGCACCACCGCGCCCACCCCCTCCAGCCCGGGATCGGACTGGAGCATGCGGGTGAGCACCCCCTCGGTCACCACCTCGATCCGCGTGCGGGGCCCGACGCGGGTGTCGAGTCGCACCCGGTAGCCCACGGTGTCGCCGACCCGCTCACCGAGCAGCCGGGCCATCTGCGCGGCGGCGGCGCGGGCCGCCATCCGGCGCGGCTCCAGCATCACGATCCGTCGGCCGTCCAGCCACCCGGCGTCGAGAAGCGCGAGCGGCACCCGGGTCGTCTTCCCCGCGCCGGGGGGCGCCACCAACACCGCAGAACCGACTTCGGCGAGGGCGCGCTGCAACTCCGGGAGCGCCTCGTCGACCGGCAGTGGCGGTGCGATCGGCCGCCGGCTCACCCCGAACCGCAGGCCAGGGGCAGAGGCACCGGGGTGGAGAGGAAGAGACGTCCGACCACGTCACCGGCCCCCTCCTCCGACGACCGCTCGAGGCGCCCCCCGAGAGAATCGCCCACCGGCCCGAGCCTCGCGCGCAGCCCACCCGGGACCGCGCCGAGGGTGAGGTAGGCGGTATCTCGGCGAATCAGGTATTCCCCCACCGAGCGGCGTCCGCCTCCCGGCACCAGCGCCTCCACCTGCCCGTGCCTCGCCACGAACAGCGCCTCCACCCGCTCGACCGCGAGCGGCTCGTCCACCTCTGCGGGCCATTGGCCGGAGCGATACCCGAGCGAGTCGAACACGAACCGGAACTGTCCGCAGCCCACCATGCGGCGGTCCACCTCGGTCGAGTCGACCACGGTGGGCACGCCGGCCGGGGGACTCATGCCCGCAGACACCCGGCCGAGCAACCAGCGGAGGGTGACGGCCGACACGAGCGACAGGCCGATGACGAAGAGAAGAGGCTTCAGACGCGACATGCGGGAAGCTACCCGCACCGCGCTCGCCCGTGCCGTCCTCTCGAACAGTGCGACCCCTGGATGGGCGAGGAGTGACCGCGGGCGCGCAGGGCCAGCGGCGCGCACGGCTGTCGGAGCGCATCGCCGACCAGCGGCGCGCACGGCCATCGACCCGCCCGGGGTCCTGATCCAGCGTTCCGGGCATGCCGCCTGCCCTCACCCCTGACGCCCCCTCCCCCGCCGACCTCGACCGGATCGCGTCGCACATCGCCGCCGGCCAGCACGGGGTCGTCGCGCGGGAGCAACTGCTCGCCGCAGGGGCGACACCGCGCCGGATCCAACTCCGGGTGGAATCCGGGCGGTTTCGTCCCCTGCATCGCGGGGTCTATCTCGTCGGCTCGGTCGTTCCGCCCAGGGCGATCCCGTTGGCGGCCTGTCTCGCGTGCGGCCCCGGGACTGTACTCAGTCATCGGAGCGCGGCGGTGCTGTGGGGGCTCGTGGCGTCGGGCAGGGACGATCGCGTCGTCCACGTGACCACGCCCGGCCACCGACGACGGCGGCCAGGCGTGCGTGTTCACCGCAGCCGCACGCTGCTGCGTTCCGAGAAGACACGCCTCGACGGCGTGCCGGTGACCACCGCGACGCGCACGCTGCTCGACCTGTCGGTGGCGGCCTCGGCACGAACGATCGAGCGGGCCGTGGCCGAGGCCCTCGCCCGAGGGTTCAGCACGGAGGCCCGTCTCGCCGACTGCCTGCGACGGCACGCGCGCCTGCCGGGGTCGGCTCGCCTCGGTGCGGTGCTCGACCTGGGTCCACCGGCGCTCACGCGGTCCGAGGCCGAAGAGCGATTCCTGGCTCTGGTGCGCCGCGCCGATGTGCCCCGCCCCCGGGTCAACGGGCGGATCGGGCCGTACGAGGTCGACTTCCACTGGCCGGGGGCGCGCCTGGTCGTGGAGATCGACGGCTATGGACCGCACCATTCCCGTCGCGCCTTCGAACGGGACCGCCGCCGAGACGCCACGCTCGTCGCCCGGGGCTACAGCGTGATCCGGGTCACGTGGCGCGAAATGACGGATCAGCCGGAGAAGGTCGTCTTTCGCCTCGGACAGGCACTGGCCGCCCGGGAGGGTTCGCCTCCGGACGGGACAAGATGACAATCGCCCCCGGCGCGGGGGCGATTGTTCGTTTCACAACGCTCTGCGTGTCGAAGATACCAACCGCCGGATTCGCGGGGGCCCCGATTGGTCGATCGTGCACGAATACCGTTGCAAACATCCCAACGACCATCCAGACCACTGCGATTGGTACGTTGTCCCGGGCCACCCGCGCGGGCGCCCGCGTCGGGAGCCGGTCTCGAACGCCCG
CP144380.1_gap59	2325115	2329598	4483	TTCCGTATCGACGGAGCGCCCACCGCTCCACCCGCCGACGCGCCCGGCAAGAGCGTGCTCAAGGACCACCTCGGGGCGCTCAACGACGAGCTCGCCGACCTCCAGCGCCAGCTCTACGCCGAGGACCGCCACTCGCTCCTGCTCGTCTTCCAGGCGATGGACGCGGCCGGCAAGGACGGCACGATCCGCAAGATCCTCCGCGGCGTGAATCCGGCCGGCTGTCAGGTGTTTTCCTTCAAGCAGCCCTCGAAAGAGGAGCTCGACCACGACTTTCTTTGGCGAGTGGCCAAGCGCACCCCCGAGCGCGGGCGGATCGGCGTGTTCAACCGCAGCCACTACGAGGAGGTGCTGGTGGTGCGGGTCCACCCGGAGTACCTGGGAGGCCAGCGCCTGCCGGTGGACGACGCCGGTTCCGAGGCGTTCTGGAATCGCCGACTCGAGTCGATCGGCGACTGGGAGCGACACCTCGCCGACTCCGGCACGGTGATCCTCAAGTTCTTCCTCAACGTCTCTCGCGAAGAGCAGCGAGACCGCTTTCTCGATCGCCTCAACGAGCCCGAGAAGCACTGGAAGTTCTCCTTCGGCGACGTCGAGGAGCGGCAGCACTGGGGTGCCTACATGGACGCGTATCAGAAGGCGCTGGCCGCCACCTCGCGGCCCTGGGCTCCCTGGTACGCGATCCCGGCCGACGACAAGCACTTCATGCGAACCACCGTGGCCGGAATCGTGGTCGACACCCTCCGCGGCATGCCCCTCGCCTGGCCCACTGTCGACGAGGAGCACCGGGCCCGATTCGCGGAGATGCGCGAGATGCTGGAACGCGGAACGCTGTAGCGAAGAAATCGCTTGCGGTCCCGGCCCGTGGGGATGGTATCATTGATGATACCACTGCGTTTTCTCCGGAGGTCGTGCCCCCGTGTTTCGTCGCCCCACCCTGTCCGTCGTCGCCGCTGTCCTTCTGCTCTCCTCCTGCGGAGGTGACGGCGGCACCGATCCCCAGCGCGATCCCGATCCCGACCCGATCACGGTCGCGCCGCCGGCCGATGTGGTGGTGGAAGCGGTCTCCGGTACCGCGACGCGAGTGAGCTGGAGCGACAACAGCGACAACGAAACCGGCTTCCAGCTGGATCGACGCATCGACTCGGGCAGCTGGCAGCGCGCGGCGGAGCCCGGCGCCGGCACCACACAGGTGGAGGACTCCGGACTCGCCGCCGGCTCGACGGTGGCCTATCGGGTGCGTGCCGTGGCCGGAAGCGTCGCCTCGCCCTGGTCGGGCACCGCTTCGACCACGCTGCCCGACGACCCGGGGGAGCAGGTGCTCGTGATCGAGAGCGCGATCGACGCCGCGCTTCCGGCTCCGGGTACGCCCATCGCCAGCCGCGATCTCGTGCAGGAAGTGATCGCGGCGGGGCACGCCATTCGCGGCATTCCGGGTGTGGACACGGTGCTGGTGATGGACAGTCTCCTCACCGTCACCACCCTGCTCGACGACGGGTCGGTGCACCTCTTCGTGCACAATCGGGTGCCCGGGGTGGACGACTTCGCCGGCCCGGCCACCTCCCCGGCCCGCACCGCGGCACCGATCCGGAGTCTTCGGACCGGGGTCGCCGCCGGGCATGCTCGGACGACACCGGCCGCCGCCCCCGGTCCGCCGGGATCCCGGCGGGCGGTGGTGACCTCCTATGACGGAGGCGTCGAGCTCGCCGGCGAGGTGCGCGCGATGCTCGCCGCATCCGGGTACGAGGTTCTGTCGCTCGGCGCGTCGATCGAGGACATGCGTCGATACCGCGATCTCGGAGCTCTCTATGTCGACACGCACGGCATGGCAGGGATCCGGCCGCGGCGCCGCGCCGACGGGAGCCTCGACACCTCCGATCAGATCTTCGCGATCCAGACCTCGACCGTGGTGGCCGGCACGAGCCTCTCGCAGTACGGCACGGAACTGATGGACGGCGATCTCGTGTTCATGACCACCGAAGACGACGATGGCCGTCGCTCGACGAAGCTGGGCGTGACCGAACGCTTCATCGCCAAGCACTGGAGCTTCGACGACGGGATCGTGGTCATGCACGCCTGCTTCGCCGGCTCGGGGCCCTTCACCTACGGCGGCCTCGCACTCGACCCCACTCCCTACCGCGTCACCGTCCTGGGTGCCGGCGCCACCACGCACCTGTCGTTCGACAACCTCACCTGGGCCAGCTACGCCCGACCCACGGTGCTCTTCTTTCTCGACCGGCTTCTCGGAGCCGATCGGTACGACCGGCAGGACCCGCCGCTCCGCCCGTTCTCGGTGCCGCAGGTGCGCTCCGCAATGAGTACGGAGGGGCTGCTCCAGTTCACGCGGCCGAACATGTCGGTCTTCGGGATCGGCTTTGGAGGCAACGACGTGAACGTGGTGATCGACGGCGGCATGGATCAGAGCACGATGGCGCCTTCGATCCGCAGTTTCGACCTCGTCGACGACGCGGCGCAGACCACCGGCACCATGCGTCTCACCGGGCTCTTCGGCAGCGAGGCCGGCACGGTCGAGGTCGAAGGCACGCCTCTCACCGTCTCGAGCTGGTCGCCGGAGCTGATCGAAGCCCAAGTCCCCTACGAGGCGACGGGCTCGGCCGGCCCCGTGGTGGTGAAGTCGCCGCACGACATCGAGAGCAATGCCGTGCCCCTCACCGAGTGGCGAGGTGAACTGCGCGCTCGCTCCGAGCTCGAGGGCGACCCGGAAGCGGAGGCCATCGTGGACTTCCGCTTCCGAGCCGACGTCCACCGCTTCCGCGCGGACGCGCTCGACGATCCGGAACACCGAACGGTCACCACCTGGATCAATCCGGCATCGAGCGGCACCAGCCGCGGCCGAGGCACCCGAACGTTCCCCAACGGGTCGAGCATGACCCTCGATGGAGCCTACGACCTGCGGGTGCTCACGAGAACCGAGATCGACAACGGGGGAGCCGCGCCGGTCGAGAGCGCGGTCGGCGCGCGCATCACCCTCGATCCCGACGCGGGGCAGGCCGAGATCTGCGTGGTCCTATGGGGACAGGTCGACGTCACCTCCACCTCGTCGTCGGGCACCCAGACATCGACGCAGGTGCTCGTGTTCGGGTCGCTCCCGCTCCTGCTCGGAGGCCAGGGCGCCGGCATCCTCGGGTGCGCCACGGTCGGGATGTCGGACGACTTCGTCATCGACTCGTACAGCCGGTCGATCTCCGAAGACGGTGTCCGCTACACGATCGAATGGGACGAACTTCGACCCTTCGCCGCCCCCGACGACGACACCGCGGGATAGGCGCACGCCGAAACGGCCGGTGCACCGCCAGCGGCGGGGCGAACTGCGGGCCGCGCATGTCCGCCACGCGCCCGAAGTGGCGACCGTTCGCCAACCGCTGGCTCAGCGCCGTCGTATCGGCCGGATCCCCCGACGCCCGAAGCTCCACCAAGATCTGCGACCCGTTCCAGGTCGTGCGCTCGATCGTCGCCGTGCGCGCCGTGCTGCAGAACAGCTGATGCACCGTGCGCCGGATGGTCCGGCGCCCCAGCGTGTCGTACCGGTAGCTCTCGCGCGTGTCGTCCGACACCGTCGGCAAACCCGTCCCCGGGTTCCACCACCCGTACCGCTGCATCGCCTGGACTCCAACAAACGACAGCCCCCGCCCGGTTCGAAGCCGGACGGGGGCGGAAGAAGGCAAGAACCTTCTTGTGCTATTGGCCAACGGCTCGAAGCTCAGCCGGCGCGCGCGCTTCCGTAGCACCTCCATATCTCCCGGCGGAGCGCTTCGGGTACCCTGTCCGGGTGGAACGAAGGCTGGAGCAAGTCATCGACGGCATACGCGTCGTACCACGGCCAGTCGCCAAGCTCAGCAATTGAATCCCTCGTCAAGCCAAGTGCGTTAGCGGGGACACCCAGTACCGCCAGCTCTCGATCTTGGTCTACCCAGATGCCCCACGTTCCTGAGTCCCCCCAGAAGGCGAGGGTTCGAGCATCCACATACAGCGGCTCTGACCTTCCCGCACCTCGGTAGCGGACCCAATCCTGAAACTGATCGGGCAACGCCACCACGTCCATCTGGAGAGACGGAAGTGCTCCGATCATATGGTCCCCATCTCGCAAGTCTTCCAGAACGTACCCGAATACTCGACGGTCCCCAAACTCTTGAGCCAATCCAGCGAACAGCCTCCAGGCGTAGTGAACCGCCCCGGGTTTGCCGGAGACCGAATTCGTTGAGAGGATTGGGTCATGGCAAACCGATCGAAGTACTCCCGGGAGACACGGGAGCGGGCGGTCCGGCTGGTGTGGGAAACCGAAGGGCAGCACGGGTCGCAGTGGGCAGCGATCTGCTCAGTGGCCGAGAAGGTGGGCTGCACGTCCGAGACGCTGCGGAAGTGGGTTCGTCGCGCCGAGCGTGACGGCGGCCAGCGGCCGGGTCCGACGAGCAGCGAGCAGGAGCGGATCAAGGCACTCGAGCGCGAGAATCGCGAGTTGAAGCGA
CP144380.1_gap60	2343542	2344404	862	CGGCTCTCGGGGGCTACCTCGGCAGCCGCCTGGGGGTGGCCGACGGCGAAGCCCTGTGGCGGGTGGACCAGGGTGTGGAGATGGGGCGCCCGTCCCGGCTCGAACTCGACGTGCAGGTGTCGGGCGGGGGTCCGGTGCGGGTGCGGGTGGGCGGCGCCTGCGTGGCCGTGGCCCGGGCCGAGATCGACCTCCCGGACGGCTGACGAGCTCCTATCACGCGCCGCTGCGCCGGGCCAGCGCCCCGGCCGTGGACCGGGCGAGCGCGGTGTCGGACAGCAGTTGGTCGAGATCGGCCGGAAGCGGCTCCCGCCCCATCACCCACTCGAACACCCGACGCACCGTCCACCGCGAATCGCCCCGCTGCTCGACCGCGATCGGGTCGCCGGCCGCGATCGCCCCCTCCTCGATCACCCGGAAGTAGATGCCCGACCACCCGGCCGCGGCGAACACCTTCGGCAGGTCGGCGCGCCGGTGCAGCGCCGCGAAGGTGCTGCAGGGCTGCCGGGGCTCGCTCACCTCCAGCAGCGCCGCGCCCACGCGGTAGCGGTCGCCGATGCGCACCTCGTCTTCCACCAGCCCGCGGGTGGCGAGGTTTTCACCGAAGCTGCCCGGGCCCACCGCGTCGCCCAGCTCCGAACGCCAGAAGGGGTGGTGCTCCACCGCGTAGGAGTAGACCGCCTTGTCGACGCCTCCGTGCACCCTCCGGTCGCCCTGCACGTCGCCCGCGAGCCCGAGGGCGCGGGCCTGCAGCGGCACGTCCACGGGGCGCTTCCGAATCGCCGTGTGAATCGTCCGCCCCCGCCACTCGATCGGCTCCACCTCGCCGACGTTGACCGACACGACCGAGCCGATCACCTGCGCC
CP144380.1_gap61	2346291	2351068	4777	GCGGGTGACCACGTCCCAGTAGCTGCCGTAGCCGCCCGCCCGGACCGCATCGCGCAGGTCGGCCATGCGCACGAGCACCTGCGTGGAGTAGTCGCCCGGCTGCGCCTGCGGGTGACGGCGCACGAGGCCCTGCGGAAAGACGCTGCGGATGATCACCGAGAAGTCGTCCATCGGCAGCTCGGCCACCGTCTCCGCGAACCGCTCGAAGGTGCCGTCGCCCGCGAGATAGAACTCCACGTTCGACACGTAGAAGGCGCGCACGACCAGCCCCCGGCTGCGCACTTCGTCGCCGATGGAGCGCAGCGCTCGATCGCCGGCGAGGTCGCCCACCACGGGAATCACCCGATTGGCTTCCTGCAGCGCCTTCAGCCAGGCGAAGTCGTCGCGGCTCGCGAGATAGCTTCCACCCTCTCCCGTGAGGTCGCGGGCGGCGAGCAGCTCCCCGAAGGTGGGATAGAAGGGTCGAGGCGTCTGCCCCAAGGTGGTGAAGCGCAGATCGAGCCCGCGGCGCGCGAATTCCTCGTGGAAGCGACGCAGGGTGGCCTCGTCGGCCTCGTCGAGCTCGAGGCCGAAGGTGCGCACCCGGGCGATCACGCGGTCCCACGCGTCGTTCCACTGTGGACTGGCCTCGCCGCCCGGCGCCGAGGCCACCCAGTCGAGGATCGCCTCCACGTCGGCCGACTCCCACCCCGGATCGGTGGGCGGCGCCACACCCAGCAGCAGCGACAGATACTCCACCCGGCTGGCCGCCTCGTGGAAGAGCGCCTTGAAGAGCACGTGCTGAAGCAGGTTGTCGCGCCGGATGTCGAGAATGAAGGCCAGCGTCGGGCGCTGCTGGGCCATGTAGGAGAAGTTCTGATCGGGGCCCACACCCACGTAGGCACCCCCGTATACGCCGAGGCGCCGCATCGGGCCCAGCACGTTCAGAAACGACGACTCGTTCGACACGAGATTGTCGGTGTCGAAGAAGCCGCCGGTCTCCGAGAGATTCCGCACCAGCGACACCCACTCCTCGGTGGGGATCGGAGCGGGGACCTCGGCGGGGGGCGTCGGCGCCTCGGCGACCGGCGCCTCCACTCCGTCGCCGCAGCCGACGGGAGCGAAGGCGAGGGCGAGCAGAAACGCCGCGGTCGCGCCGCGCCGCCGATCAGGCATCGCGATAGGCCGCCTCCAGCCATTGAAGAACTTCGTCGTCGACATCCTCCACCCCGTTCAACCGCACCCGGTGGCTCACCATGGAGTTGAAGCTGCCCGACGATTCGAGGCGTCCGGCCGGTTCCACGCCGTCGAGCCGGAGTCCCAGATCGACGCGCGTCCGGGTGCTCGGCTGCACGAGCGCGAACTGCCGGGTGCGCCGCAGACTCACGTAGCTCTTCTTCGGGGCCACCTCCACATCGTCGCCGAACGCGGTCACGGCGTCCAGAAGGCGGTCGTGGATCGGGCGCAGATGCTCCTTGCCCTCGTACTGTGCCGCCACGAGATCGGCGGGAGGGGTCGACGCTCCCGGCGACGCCGCGGGGGCCACGCCGCCGTCGCGGAAGGTGTGCACGATCAGATTCGCGAAGCCGTGGGTGACCCCGTGGTCGCCCTTGAGCGACGCCACGAGCGCCCCGTGTTTCTCGCCCTCGCGGCCCGCGAGCACGGCCATCCACTCCTCGATCGTGCGGCCGGTCTTCTCCTTCAGGTTGGCGATCATGGTGCGCACCTGATCGTCGGCAGAGCGGGCCATGGCGTGTGCGGGGGCTCGGGGAGCGGTGGCGGTCGGTCGGCGCGAAATCTGTGGTGGAGGCGGGGATGCGCGCCAGAACGCTTGCGGCGAGGGCGGTCCGTGCACCCATTGTCGGACAGCCACCCCACCTCTGCTCGAGACCCCCCGTGCCCGAATCCACCCACGTCACCCGCCTGCTGCTCGACTGGCGCGGCGGCGACGCCGGTGCCCTCGACGATCTGCTTCCTCTCGTCTACGAGGAGCTGAGAGGGCTGGCGCGCCGGCACATGGCGGGCGAATCCGACGGTCACACGCTGCAGCCCACCGCCCTCGTGCACGAGGCGTGGGTGCGGCTCGTCGACGCCGACATCGCCTGGCAGGACCGCGCGCACTTCTTCGCGGCCGCGTCGCGCATGATGCGGAGACTCCTCGTCGATCACGCCCGCTCGAAGCATCGCCAGAAGCGCGGGGGCGGACGGGCGCGGGTGACGCTGCAGGCCGCCGATGTCGTCACGCCGCCCATCGACCTCGACATCCTGGCGCTCGACGAGGCCCTCGAAGCCCTCGCGGCCGAGGACCCGCGCAAGGCGCGCGCCGTGGAGCTGCGCTACTTCGGCGGCATGAATCTGGAGGAGATCGCCGAGGTCACCGACGTGTCGATCGCCACGGTGCACCGCGACATCCGCATGGCGACGGCCTGGCTGATGAGCCGTCTCTCCGACGACCCCGACGGAGACGCCCCGGCGTGACCGGGGACGACGCCGGCACCTCCGATCGCTGGGCCCGGCTCGACGCCCACTTCGCGGAGGCCGCCGACCTCGGAGCCGAGGAGCGCGACGCCTACCTCGACGCCGTTCGAGCCGACGATCCCGCGCTGGCGGCGGAGCTCGCCTCGATGCTGCACTGGGACACCTCGGGCGGCGGAGAGCAGCTCGACGAGGCGATCCGCGGGGTGGCCGAAGAGGTGCTCGACGAGCGGGAGGCCAGTCGGGCCGGGGCGCGCATCGGACCCTACCGCGTGGTGGAGGAGCTCGGCCACGGGGGCATGGGCACCGTGTACCTGGCCGAGCGCGACGACGGCGCCTACGAGGCCCGGGTCGCCATCAAGCTGATCCGCGGGGGGGTGGCCAGCCGCGACCAGATCCGACGCTTCCGCGAGGAGCGCCAGATCCTGGCCAACCTCGACCACCCGAACATCGCGCGGCTCCTCGACGGCGGCACCACCGACGACGGGCTGCCCTACGTGGTGATGGAGCTGGTCGAGGGCGAGCCGATCGACCGCTACTGCGATCACCACCGGCTGTCGATCACCGACCGGGTGCATCTCTTCCGCTCGGTGTGCGACGCGGTCTCGCACGCCCACCGCAACCTGGTCGTGCACCGCGACCTCAAGCCCGGCAACATCCTGGTGACCGACGACGGCGTGCCGAAGCTGCTCGATTTCGGGATCGCCAAGCTGGTGGAGGACGACGGCGAGGGGGCCACCCGCACTGCGCTGGCCATGACGCCGGCCTATGCGAGTCCCGAGCAGGTGCGCGGAGAGCCGGTGACCACGGCCACCGACGTGTACGCGCTGGGCGCGGTACTGTACCAGCTGCTCACCGGGCACCCGGCGCACCGCTTCGACTCGCGCGCGCCCGGCGACATCCAGCGCGCGATCTGCGAGCAGGGTCCGGACCGGCCGAGCACCGTGGTGACCCGGGCACCGACCGACGACGACGGCACCCCGCTCGTCTCCCTCGCCGATCTCGGCGAGGCCCGGGGAACCAGCCCGGAGCGGCTGCGACACCGGCTCGAGGGGGATCTCGACACCATCGTGCTGATGGCGCTGCGCAAGGAGCCCGAGCGCCGCTACGGCTCCGTGGATGCGCTCTCGCGCGACCTCGCCAACCACCTGCTCGGGCTGCCGGTCGCCGCCCGGGGAGACGCCTGGTCGTACCGGGCGCGCCGCTTCGTGAGCCGCAACCGCGCCCAGGTCGTGGCGGGGGCCACCGCGGTGGTCAGCCTGCTCGGGTTCGGCATCTACCACACCGCCCGCCTCTCCGACGAGCGCGACCGCGCCCGGGTGGAGGCCGACAAGGCGGAGCGGCTCGCGGAGTTTCTCGGCGGCCTCTTCACCATCGACGACCGCGCGCCGGCCGTGGGGGCCGAGGTGACCGCGCTGGAGTTGCTCGATCGGGGGGCGGAGTCGATCTCCGAACTCGACGACGCCGAAGTGCGGGCGGACCTGCAGTACACCCTGGGGCGCGCCTTCACCAACCTCGGACTCTTCGACCGAGGCACCCCGCTTCTGACGGCCTCGGAAGAGACCACCCGGGCGCTTCGGGGCGAAGACGACCCCGAGACGGCGGCCACCCGATCGGCGCTGGCCGACAACCTGTGGGAGCGCGGCGACTACGAGGCGGCCGACTCGGTGCTGCGGGCGGCGCTCCCGGGATTCGCCGAGTACCCCGAGCAGTACGCGGCCACCGTCTCGAGCCGCGGCCGCGCCCTGCTCCGCATGAACCGCTTCGACGAGGCACGGCAGGCGTACGAAGAGGCGCTCGCCCTCTACGCCGAGATCGAGGGCGACCAGCGAGAGCGGCGTGCCGCCGTGCTCAACCAGCTCGGCCAGATCGACCTCGCCACCGACGACCGCGCCGGCGCGGAGCAGCGGCTGCGCGAAGCGATCGCGATCCAGCGCGAGCTCGACACCGAGGGGCGCGGCACCCTCGCCGCCACCCTTCAGACGCTGGGCTCGGTGCTGGTCGGCCGCCGCGAGTTCGACGAAGCCGAGGCGCTGCTCCTCGAGGGGCTCGCGCTCGAAGAGCCCCGGCTCGGTGCGAACCACCCGGATCTCGCCCCCACCTTGGCCGAACTCAGTGCTCTCTACCGGCTCCAGGGCGCCCCCGAACGGGCGCTGCCCTACACCCGTCGGGCGGTGGAGATCGGGCGGGCGCGGGGCGAAGACCACTCCGATCTGGCCTACGATCTCACCAACCTGGCCCAGGTGCTGATCGACACCGGAGATCTCGACGAGGCCGAGACCACCGCCCGCGAGTCGATGCGCATGTCGGCCGCCACCGACGG
CP144380.1_gap62	2355529	2356539	1010	AGCTCGAACCGCACCTGGTCGTTGCCCTTGCCCGTGGCCCCGTGCGAGACGGCGTCGGCGCCGACGTCGAGTGCCACCTCCACCTGCCGCTTCGCGATCACCGGACGCGCCAGGGAGGTGCCGAGCAGGTAGCGATTCTCGTAGACCGCGTTTCCGGCGATGGCCGGGAAGATGAAATCGGTCACGAACTCGCGCTTGAGATCCTCCACGTAGACGTCGACGGCGCCGGTCTCGCGGGCGCGCCGCGCGACGTCGTCGAAGTCCTCCTGCTGGCCGACGTCGGCCACGTAGGCGACCACGTCGTAGCCACTCTGGATCAACGTCTTGAGGATGCAGGCCGTATCGAGGCCGCCGCTGTATGCGAGCACCACCTTCTCTCTGGACACCCGGTACACTCCGCTGGGGTTGGGGCTGGACTGTGAATAATCATGCATCGACGCGGGGGAGCAAGGTGTGGGGTCGACCTTGCCCGGTCCTATATCAAACCGCATCCTGCGCCGATACCCTGCACCACATTCGTCGACGTTCCTTCGGGTCGTGCCCGGGGAGCTCGAGCCGTCGCTCCGCCTCGTACTCCGCCGCATGAGCAAGACCCGCCTCCTGCAGATCACCCACGACCTCCACGTCGGGGGACTCCCGCGCGTCGTCGACACCCTCTGCCGGGCGATCGATCGCGATCGCTTCGACGTGTCGGTGCTCTGCCTCCGCGACGTGGGCCCGCTGGGCGAGGCGTTGCGGGAGGATCTGGGCATCCGCGTCGACAAGCTGCGCGACAACCACCACGTGCCCGATCGCATGGCCTTTCTGAAGGTGGCTCGCTACCTGAAGAAGTTTCCGGCCGACGTGGTGCACACGCACAACACGGAGCCCTTCATCGAGGGCTCGCTGGGCGCCATCCTGGCCGGGGTGCGCACCCTCGTGCACACCGACCACGCGCGCCCCTTTCCGGATCGCTTCCGGTACATGGCCGGCGAGTGGTTCGTCTCGCAGTTCGCATGGCGGGTGGTGGG
CP144380.1_gap63	2371721	2373043	1322	GGTCGAGCGACTGCTCTCCGAGATTCCGGGACTCCAGGTCACGGCCTCCGCACCCAACGGATCCAACCTCATGATCCGGGGCATCGGCGACAGTCGCGTGCTCGTGCTGGTCGATGGCCAGCCGATGGGGGGCAGTCTGATCGAGGACCGCGATCTCAGCCGCATGTCGCTGGCCGGCCTCGAGCGGGTGGAAGTGGTGAAGGGGCCGCTGTCGTCGCTCTACGGCTCCGATGCGCTGGGGGGGGTGATCAACCTCGTCACCCGCGACCCCGATGCGGGCTTCTCGCTCGACGCCCGCGCACTCAGCGGTGGCTTCGGCCGGCACGAGGCCGAGCTGACCGCGGCCGGCGGGGGCGATCTGCGCTACCGCCTCACCGGAGCCTGGCGGCAGCAGGACGAGGCGCCGGGCATCGATGCCACGACCGGGGTGTTCGCCCGCGTCTGGGATCTGCGCTCCACCCTGCGCTGGGCGCCCGAGTCCGCCTCGCGCCTCCGGGTCCGCGCCGACGCCACCCTCCTGCGGGAGCGGCAGCGGTGGCCGGTGGGGGGAGGCTTCTCGGGGTTCAACGACAACGAGGGCCTCACCGGCTGGGTGGAAGCGACCCGCGCGCTCGGGCCCGGCGAGGTGACCACGCGCATCTTCGCACAGCGGTACGGCCACCTCTACCGGCAGGCGCGCGGCGACGCCCCGATCGCCGGGGGCGAGGAAGACGAGCAGCGAGAGACGGTGGTGCGCGGCACCCTCGGCTGGGCGACCCGGCTCGGCGCGCACCGGATCGACCTCGGGGTGGAGGCGGCCCGCCGCGCGATCGCGTCGCCCGGCAAGCTCAGCGGCGACGAGGCGGTCGACCGGCAGCTCGATCTCTTCGCGCAGGACGCCTGGGACTTCGGACGCGGCACGCTGAGCGCGGGTGCGCGCCTCACGAGCAACGACCGCTGGGGCTCGACCGTGTCGCCCTCGCTCGGAGTCAGCGCGCTGGCCTCCGACGTCGTGCGGCTGAGAGCCTCCGCCGGCCGCGGGTTTCGCGCGCCGTCGTTCAAGGAGCTCGAGTGGAACTACGCCAACCTCGGCGCCGGCTACGTGCTCCAGGGCTTCGGCGATCTGGAGCCCGAGCGCTCGTGGAACGTGGGCGCCGGGATCGACGTCACCCCCACCGCCGCCTTCGCGTTCACCGTCGACGCCTTCCACAACCGCATCGACGGCATGATCCAGTTCGCCTTCACGGGCAACACCCCGGCCGGTCTGCTCATCTACTCGCCCCGCAACCTCGATCGCGCGGTGACGCGCGGCCTCGAGTTGGAGGCCTCGTGGCGACGCGACG
CP144380.1_gap64	2377082	2379603	2521	CTGCGCGCCGGTGAAGGTGATGCGTTCGGTTCGCACGATCGCTCTCGGTGAAGGAGGACTCCCGACGGGCGGACTCCGGTGTCTTCTGATCAACCGATGAAGGCTCCCCGGAGTTCCGATCCTCACTCCGCCACCCTTGCGCCCACATACAGGGCGTCACCATATAGTGTGACGCCACCCTGCAACCGACCCGCAGCCTGCCCATGAACGCTCCCGCCCCGTCGCCGCTGACCCACGTGGTCTACCACATCCTGCTCGCTCTCACCGGCGACCCCCGCCACGGCTACGGCATCATCAAGGATGTCGCCACCGATACCGACGGCGCGGTGGAGATCGAGGCCGGCACCCTGTACGCGGCGATCAAGCGACTGCGCGACGACGGGTGGATCGCGGAGGTCGCGGCCCCCGCTGGAGCCGATGCGCGGCGGCGCTACTACACGATCACCGCCGAAGGACGACGGGTGCTCGAGGCCGAGTCCATGCGACTGGCCGGCATGGTCGAGCTCGCGCGGCGGGCCCGCATCCTGTCGTAGGCGCGCACCGACGATGCCCACCCCCCGCGGCGCTCTGCGCCTCTTCGACCTGCTCGCCCAGCTTCTGCCGTCGCATTTCCGGCGCGAGTTCGGCGGGGAGATGCGGCGCGCCGTGGAAGAGCGCTGGGCCGACCACCGGGGGCGGGGGTGGCGAGCGGGGTGCCGCTTCTGGTTGAGGCAGTGGAGCGCGGTGGTGTGGGTGGCCCTCACCCTGCGATGGCAGCGGAATCGACGACCACGGGAACGGGAGGGGACGATGACGGGCGGACTGCACCACGACGTCAAGCTGGCACTTCGGGGACTCCTGCGCAGACCCGGATTCGTGCTGCTCACCCTGGGCACCCTCGGGCTCGGAATCGGCGCCTCCACGGCCGTCTTCAGCGCCGTGCACGCGGTGCTCCTGCGCTCCCTGCCGTACGCCGATGCCGAGCGGGCGGTGGTGGTGATCCAGCGCGACGCCGAGACCGGAGAGCGCGGCAACGGACTGTCGGCGTCCAACGCCCGCGATCTCACCCAACGCAGTGACGCGCTCGAGACGGCGGCGGTGGCCGAGCCCTGGGGCGCCGACCTCGAGGTGGAGGGGCGGGTGGAAAGCCTGCGGGCCTGGCGGGTGTCGGAGGGGTGGTTCGACGCGGTGGGCACGACACCGGTGCACGGCCGCCTCTTCACCCCGGAGGAGTACCGCCCCGACGGCCCGCCCGTGGTGGCGTTGGGCGAGCGCAGCTGGCGCGCCCGCTTCGGCGCCGACCCCGACATCGTCGGGCGCACGGTGGTGCTCGACGGCGAAGGGGCGACGGTGGTCGGCATCGTGCCCGGCGACTTCAAGTTTCCCGACGAGGTGGAGTTCTGGGCGCCCCGGCCCCCGCAGAGCTTCGACGATCAGCAGCGCACCGCCGACTACATGACGGGCATCGCCCGCCTGGCCCCCGGAGTGGAGCTCGACGCCGCCCGCGCCGAGGTCGAGCGGATCGCGCAGGCGCTCGCCCGCGACTACCCGGAGTCGAACACGGCCCAAGCCTTCGATCTCGTGCCGCTGCGCGAGTACCTCTTCGGCGATGTTCGGACACCCCTCATGGTGGTGCTCGCCGCCGTGGCGCTGGTGATGATGATCGCCTGCGCGAATGTGGCGGGGCTGATGATCGCTCGGGGACTCCATCGCAGCCGGGAGTTCGCGGTGCGCAGGGCGCTGGGCGCCACCACCGGTCGCATCACCCGCCAGTTGGCGGTGGAGAGCGCGCTGCTCGCGGTGGGGGGCGGCGTCGTGGGACTCGGTCTGGCCACACTGGGCGTCGACGCGATCCGCGCCCTCGGCGCCGGGCACCTGCCCCGGATCGAGGAGCTGCGGATCGACGCCACCGTGCTCGCCTTCGCGGTGGCGGTCTCGATCGTGAGCGCCCTGGTGGCGGGTGTCGTGCCCTCGCTCGGGCTGTCGCGCACCGCCCCGGCGCGAGCGCTCGGCGACGGGGCCCGGGGCTCCACCGCGGGACGCGGGATCGGGCGCTCCGGGCGGAGGCTCGTGGTGGCCGAGATCGCCCTGGCCACCGTGCTGGTGGTCGGGGCCGGACTGCTGGTGCGCAGCCTGTCGACGGTGCTCGAGCGCGACCTCGGCTTCGCGAGCGAGGGCCGGCTCGCGGTGCAGGTGTTCGCCTACGACGTGGAGGGTGGCACCCCGGTCTTCATTCGCGAGATGACCGACGCCTTCGAATCGCTGCCCGGTGTGCGGTCGGTGGCCGTCACCTCGTCGATCCCGGGCGCCACCGACGGCACCCTCGCGTCCATCGACATCGACCTCGGCTTCACGGTGCTCGACCGCCCGGCTCCCCCCGTGGGGCAGGAGCCCACCGCGGCGATCACCCAGATCTCGCCCGGCTTCTTCGCCACGATGGGCATGCCGCTGCTCGAAGGCCGAGACTTCGAGGCCTTCGATGCCGCCGACACCCGTCCGGTGGTCGTCGTGAACGAGACCCTCGCCCGCCGGCACTTCGGCG
CP144380.1_gap65	2392616	2393739	1123	GAATCCTTCGGCGATGCCGAACGACATGGCATAGCCGATCGCCCACCCGACGGGAATGGCGAGCAGGGTCACGATCGCCTGCTCGCCCAGGAGCAGCACCGACACCTCGCTCCGTCGAAAGCCCATCACCCGCAGGCTCGCGAGTTCCCTGCCGCGCTCCGACAGTGCGATGCGCGCCCCGTTGTAGATCACCGCCACCGAGATCACACCCGCGAACCCGACGATGAAGGCGATGCCCACGAGCAGGCTCTCGCTCAGCTGCTCCTCCAGAAGGTCGAGCACCTGCGAGGGCGACGCCACTCCCGCCACCGACGGCAGACCCTCGAGGCTCCGGTGCACCTCGGGCAGCCGATCGCCGGACACCGACAGCCAGGCGCCCGACACCAGGGGTCCTTCGCCCGTGAACGCCTCCAGCGCATCGAGGCTCATGATCGCCGACACGCCGAGGAAGTCGTCGACCACCCCGGCCACGGCCACGCGGCCGCGGGCCCGCCGCCCCTCGAGCGCCTCCACGTCGAGGGTGTCGCCGACGCCCACGCGGAGTCGCTCCGCCAGGATCGCGCTCAGCACCACCCCGTCGGCCGGCACCGGTCGCACCGACCCGTCGGCGTCGACGATGCGCCGCAGTCGGCCGTCGAACGGGAGCCCCTGAAGTCCCACCTCCCGCTTGCGATGGCCGGCGCGGAGTCGGGCGGCCACGGTGCGCTGGAGCTCCACACGGTCCACCCCCTCGAGCCTCTCGAGTGCGAAGCGCACGTTCGCCGAGAGAGGCTCGCGGAAAGTGACCGCCACGTCTTCGCGCTGAATCCCGTCGAACTGGATGGCGATCATGCGGTCGACGCCGTCGAAGGTGAACAGCCCGAGCACCAGAATGGCCACCGAGAAGGCCACCCCCAGCGCCGAGAGCGCCGCCTGCAGAGGGCGCCGCTCGAGGTTGCGAAGAATCATCCGGCCCGCGGGGGGGAGCGCCGCGCCCACCCCGAGCCGTTCGAGCGGGCCGGGCTCGAAGCGGGGCGGAGGTTCGGCCCGCATGGCCTCGGCCGGGGGGAGTCCGGCGGCGCGGCGCACCGCCCCCAGGGCCCCGACCACCGCAGCCACCGCACTCACCCCGCCGCCGAGCAGC
CP144380.1_gap66	2395046	2399278	4232	TCGCACAGCAGGATCTCGGGACGCTTGGCCACCGCCCGGGCGATCGCCACCCGCTGCTGCTCCCCTCCCGAGAGCTGGGCCGGAAAATGGTCCACCCGCGGCCCGAGATCGACCATCTCCAGCGCCTCGGTCGGGTCCATGGGATCGGTGGCGATCTCGGTCACCAGCGCCACGTTCTCCCGGGCGGTGAGGCTCGGGATCAGGTTGTAGAACTGGAAGACGAAGCCCACGTGGTTGCGGCGGTACTCCGTGAGGGCGTCGTCGTCGAGCGACGTCAGATCGGCGTCGCGGAAGCGCAGCGAGCCCGAAGTGGCTCGGTCGAGCCCTCCCACGATGTTGAGCAGGGTCGACTTGCCGCTTCCCGAGGCCCCGAGCAGCACCACGAGCTCACCCTGGTGGAGTCGAAGATCGACTCCGCGCAGGGCGTGAACCTCGAGATCGCCGTTGCGATAGACGCGACCCAGATCGCGCGCTTCGAGAACGACGTCGGGGGCACCGGGGTGTGGATCCATACCCCTTTACGATGGGCGATCGCTACCGAATCGGAAACCGCTCCAGGTAGCGATCCACGAACTCGACCGCCAGCTCGCGCGCGGCGAAGCGCAGCTGGTCGGCCAGGTCGGTGGGGGCGACCACGTCGCCGAGGGTGCGGCCGGTCCAGAGCACCATGCGAGTGTCGAGCCGGCCCAGTCGCTCGCTCTGGCCGAGTTCGAGGCGGGCCGACCAGGCGGCGATGCCGCCCCAGTCGGGCACACCGGCCGAGCCCTCGACGACGCGGACGTCCAACAGGAGCTCGCAACAGTCGCCCGCGCGGTGGGCCGGGAGGTCGCGCAGGATCCCCGGGCGCTCGAGCTCCCCGATGAGCAGGGTCCGCAGCGCGCCCTCCAGATTCGCGGTCCCCCCCACCACCTGCACCCGCACGCCCAGCGAGCGGATCTCGTCGAGCACCGCATCGGACGGCGCGCCCTGTGCCCGGAGCGCGGGGGGAGCGAGGAGCACCAGTGTGAAGGCGCCGGCGAGGGCGCGTCGGATCAGCGTCGACGTGTTCATGGGTTGGAGTATCGGCGCCCCATTCACTCTTTCTGCAATTCGTACACCCGCACGAACTGCACGTCGAGCTCGTTCGTCCACACGCCGGCGAGGTAGTCGCTCCCGATCTCGTGCACGACCAGCCCGGCCGGAACCTCCACCTCGCCGAGCCAGCGACCGGTCGGATCGAACACGCTCCAGAGCACCCGACCGGGGAGGTCGGTCTGATAGGCGCGCGCCCAGACGTTGTGATCGGCATCGACCATCAGGCGATCGACGGCGGCGACGAACTCCGGGTAGCTCCATTCACGGAACAGCCGCTCGCGCGACGGGCGCAGGCGATCGGGAAGCCCCTCCATCATGCGCGACTGGAGCGCCGCGATCTGCGCATCGGTCACCCGCACAGGCTCCCAACTACGGCGCATCACCCGAACCAACGCCCCGGTCTCGTCGAAGACGCGGGCCTCGAAGGAGTCCCCTCCCATCGTCACCACGGAGTTGCCGAGCGCGGCGACCAAACGGTTCGCACCGAAGGGTGTGCCGAAGGTCGAGGAAGAGTTGTCCGACACGAGCACGAACACCGAGGCGCCGGGCACCCGCACGAGCGTATCGAGCACCGCACCGTCGCGCCCGCGCCGAAGCAGCGAAGCCGGGGGACGAAAGGCCCCTCCCTCTTCTCTGAACATCGACTGACTGACCGAAAGGAACGTTCCGTCGTCGAAGAAATCGGTCGGCGCCCCGCCCGAGAGCGCGAACTGTTCGACGAAGGTGCCCTGGGCGTCGAAGAACGTGAGTTGGCGAAACGAGTACGCCGCGATCCCGCCCTCCGCGGTGATCCAGGCCCGGGAGAGGCCGTTGAACTCGCCGGGGCCCTCCCCCGCGCGCCCGATCGCTCCCTCGAACACCCCTTCGTCGGAAAAGAGGAGCAGCTGACTCGTCGCCGCCGAGGTGACCAGCCAGCCTCCGTCGGATCGCCGGTCGACGTCGGTGACGCGGTAGAGCACCTCGTTCGCCGCGCCCTCGACGGCACCGATCTCGAGTGTGGGCGCCTCCGCCAGTGACCACCCCTCGCCCTCGACCCAGAGGGGAGCGCGCGACTCCACGATGCGCACTCCGGCACTGTCGGCCTCGACGAAATCGGCACGGTTCTCGCTGGCCTGACAGGCCGCGAGGGTCAACGCGGCTACGGTCGCTGCACGTGATCGCATCCCATACTCTCCACTCATCGGGGGGCCGGCACGGACCCCAGCCTGCGCGGAGTCCCCCCATTCCTGCAACCGAGACGCCGGGAGCGCGACCCATGGCCAAGCGACGACAGACCTACGAGGCCGACGGCATCACCGTCACTTTCGACCCCGATGTGTGCACGCACTCCGGACGATGCGTGCGGGGGCTGCCCTCCGTGTTCGACGTGCGGCGCAAACGCTGGGTACAGCCCGAACATGCGACGGTGACGGAAGTGGCCGATCAGGTGCGCCGCTGCCCGTCGGGCGCACTGCAGTTCACTCTCGAGGACTCCGCGGCGGGCTCCGAAGGCTGAGCCGTCGGGGTCAGGTGGCGTCGCTCTCCACCAGCCGCAGTACGCGGCCGCCCCACTCGAGCAGGTAGAGCTCACCCTGGGCATCGACGCCGAACGACGAGATCGAGCCCAGCGACCCGACATCGTGCTCGACCAGGTCGGTCACCTCACCCCCGTCGAGCGTGAAGCTGCGCACGAATCCGGAGCAGAAGTCGCTGAAGAAGTAGCGACCGGTGTGTCCGGTCAGGGCCGAGCCGCGATAGACGTAGCCTCCGGTGACCGAACACCCGGTGCCGTGGTCGTACTCGTAGACGGGCAGCTCCAGCCCGGTCTGGTTGCACTGCGACGCGTCGTAGCAGAGCGAACCCTCCATCACGTTCCAGCCGTAATTCACGCCGGCCCGGTTCGCCTGCACGGCGTTCACCTCCTCGCGCTCGCTCTGGCCCACGTCGGCCACCCACAGCATGCCCGACGGCGCGTCGAAGCTGAAGCGCCACGGGTTGCGGAGACCGGTGGCCCAGATGCGGGCATCGCCCGCGCCCGCCGAGAATGGATTGCCCGGTGCGGCATTGCCGTCGAAGTCGATCCGGAGCAGCGAGCCGAGCAGGTTGTTCGGGTCCTGCCCCGCCTGCAGGGGATCCCCTCCCCCGCCGCCGTCGCCCACCGCCACGTAGAGGTACCCGTCGGGCCCGATGGCCAGCATGCCGCCGTTGTGGTTGGAGTCGTACTGGGGCACCCGAAGAATCGTGTCGGCCGCCACGATCGCGGCCGTGGAGGCCGCGGGATCCGCCGCCGTGTACCGCACCACCCGCGTGTCGCCCTCCGGGTTGGTGAAGTTCAGGAAGAAGCGCCCGTTGGAGGCGAAGGCGGGGTCGAAGGCCAGGCCCAGCAGTCCACGCTCTCCCCCGCTCGCGATGCCACCGGAGATGTCGAGCCAGGGCGTGGGCTGGAGCTCTCCGCCCTCCACGATGCGCAGCTGCCCGCCCTGGTCGACGATGAACGATCGATCATCGCCCGGGGGCGAGGTGAGGAAAATCGCCGCGTCGAGGTAGGGTACGACGACCTCGACCGCGAGATCGGCGCGCGGCTGTGGGTCGGGATCCGGATCGGGGTCGGGATCGGCGGGCGTGGTCGGGTCGTCGCCACAGGCGAGCAGGGCGAGGAGCAGCAGCACCGGGGTCCAGCGCGGAGTAGACATGGACGCGTCTACACCGGGGGGCGGGTGGAGGTTTGGACCGCGTACCTGACCGCGTACGAGACGCCCAGCTCATCTCGCTCCACGGTCACGATGTGGGTGCCCGTGAACGCCTGCAGCCTCACGCCCGCGGCCAGCACGACCCGACCGATCACCCGCCCCTCGCGGTCGATGTGATCCCAGGTGGTGGCGTCTCCCGACGAGCGCATGTGGGGGTCGGGGTCCAGATCCCGGCGCTCCAGAAGGAACGCCCCCTCGGGCGCGACGACGATGCGACCGGTGATGGGTCGGCCCTCCGCGGGTCCGAGTTCGCGCTGCGCCTGCTCGAAGGCGTCCGCGAGAGCGACGAACCCGCCACCGAGGCTGTCGTAGTACGCCCGCGTTCGCTCCACCGCCGCCTCCACCGCGTCCGTCGACACGGGCGGAGGGTCGAGATCGGCGCGAATGCGTCGGATCACCCGACCATCGGCCGCGTGAACGGTGACGGCA
CP144380.1_gap67	2404451	2406455	2004	TCCTGCCCGCCCACGACCTCACTCTCGGTCGCCTCTTCGTGCACGAGGTCGAGCGAGCCTTCGTCGCGCCGGCGTTCGTACTCGGCGAGTCGGAAGCGATGCTCCGCGGCGGCGAGCGTGAGATCGGTGGCCCGCAGCGCCTTCTCCACCTCGCCCCACACCGCGTGAACGTCGCGCGCGGCCTCGATGTCGGGCCCGCACCGCTGCTCGCCGGTCACCTCCAGGCCGCGGATGGCGATCGGGAGCGGGGGAAGCGCGAGTTCGTGCCGGGACTCCAGGTCGGGCCCCGCGTCGAACGGATCCGACTCCACCGTCTGACGCCCGATCATCTCGGCCCGCAGCCGATAGCGACCGGTCCGCGTGGCTCGCACTTCGAAGCTGCCGTCACTCCGGCTCAACACCGCATGGTGTCGCCCCCCGGAGGGATCGATCAATTGAACGCCGGCGCCCGCCACGGGCCGCCCCGTTTCGAGCTCGACCACGCGACCGCGCACGGACTGCGCGGCGAGAGGACTGCCGGCGAGGCCGAGGAGACACAGGAGCGCAGCATGCGACAATGCGGAGCCAGTCATCGATCGTCGGGGCCGGAGGAATCGCTCCATGAATGCATTCTACGGTGTCGCGAAGCCAGCGGCCCACTCGGTCGCACTCTCTTCGAGGCGTCGAGCCGTCTGAGTACGCGCGGAAGCGTCGTCCAGGTCGTTCGGAGAGATGGCGATGGCCGCATCGATCCCGGCGCGCCGGTATCGAAGGGCGTCGACGGCCACCCGCCCTGCGAGCACGGTGACCGGTACGCGGTGGCGGCGCGCGCGGGCGGCCACCCCCGACACCACCTTGCCGTGCAGGGACTGCGCGTCGAACCGTCCTTCTCCGGTGAGCACGTGCGTCGCTCCGCGGATCGCCTCGTCGAGCCGCGTCGCCTCCATCACCGCCTCCACACCCGACAGGAGGCTCGCCCCCAGAAAGGCCACGGCCCCCGCTCCGGCACCTCCCGCCGCGCCACCGCGCGGGATCGCCGCGACCTCGAACCCCAGATCGCGTTCAACCGTCTGCGCCAGACGGACGAGACCCGCGTCGAGCACCCGAACCTGCTCTTCGGTCGCGCCCTTCTGGGGCCCGAACACCGCCGCCGCCCCCTCCGGCCCGACGAGCGGATTCTCGACATCGCAGAGCACCTCCACGCTCACGCCTCGCAGCGGATCGTCCACCGGAGCCTCCAGCCGACGGATTCCCGACAGACCGCCGCCGCCTTCGGCCACCTCGTCGCCGGCCGCATCGAGGAATCGCCATCCGAGCGCCCGGGCCATCCCGACCCCGCCGTCCACGGTCGCACTGCCTCCCAATCCGAGACGGACGACCCGGGCGCCCAGGCCGACGGCCACGCGAATCAGCTCCCCCACGCCGCGGCTCGTGGCCCGCATGGGGTCGAGTCGCTCGCTGGGTACCCGCTCGATGCCGGCGGCCGAGGCGAACTCGACCAGCGCACCCGGTCCCCACGCCGGCACCATCAGCAGCCGGCCCTCGACCCGCATGTCGGGCAAGGGCCCGGTCACGGTGCGCGTCGCCCACCGCCCCCCCACCACGGCGTGGAGCACCTCGCCGGTGCCCTCCCCACCGTCGGCCATCGGTCGCTCGATCACGACCGCATCCGGTCGCACGGCCGCGATTCCCCGCGCCACCGCCGCGCAGGCGGCCCGGGCGTCGAGAGCGCCCTTGAAGGAGTCCATCGCCACGACAAGGGTCACGGGGCCGGCACCTCGCTCGCAGGGCAATCGACCGGCGTCCACACCCCAGCCTCACCCAGCCCCGTCAGCCCGTCGAGCGGTCCCTGCGACACCCGCGAATGGAGGTGGGCTTCGTACGATCGTCCGTCGTCACCACGGATCACGATCCCCACGGCGCGCCACTCGGTGGGTCCCTCGATGAGCGCGCGGGTGCCGGCGTACCGCAGCGTGCTCAGGGTCGCGCACACCGGCTTCCGCCCCGACGCCGCCGCATACCGCT
CP144380.1_gap68	2546453	2547185	732	ATCTCGAGCACACTCTGGAGTCGATGCCCCACGAGTTCGTCGTCCTCGTCTCCGCCGATCTCCGCCCAGCCCCAGGCGCCCACGATCCACAGGTCCTCACTGAGCAGAAGCACCGCCTGACCCGGCGTGCGGCGAGCGAGCGCGGCCAGAGCCGGCACCAGGGTGGCCGGGGTGTCGCCGCCGGGCGGAGTCCAGAGCATCAGCACCGCCACCTGTCCGGCGAACGACACGGCGCGCACCTGCCAGCGCTGGTCGGACGAGGAGGCGAGCGACAGCGCCCAGTCGGCCTCGCCCCGCTCGAGCGCCTGGCGCAGGTAGATGCGACACGCCCCGCGATCGTGCGCGGCCAGCAGGTCGACGAGCGCCGAACCCACCACCGCCTCGGGTGTGGAGCGAAGGGTCGTGCAGAAGACGGGGTTGGCGTCGATCACCTGCCCGTCGGCCCGCACCGTCACCATCGGAACCGGCGCGCGGGTGTAGAGGGTGCGGTAGGCGTCGGCCGCTAGCATCGGCCACGATCCGGGCTGCGCATCGGCAACCGTGCGACGTTCATCGCTCCGCCGGAGAGCCGTCGAGCACCTCGCGCACCACGCGACGCAGCTCTTCGGGCCCGAAGGGCTTCTGCAGCAGCCGGCCTCCGCCGACTTCCACGCCGCGGGCGCTGAGCCCGTCCTGGGTGTAGCCCGTCAGAAGGATCGCCCGCAGACCGTCGCGCTCCTGGCGAAGCCGTGC
CP144380.1_gap69	2591311	2596297	4986	GGTCCCTCGTGACCGAATCGACCGGCACGCCCGGGGCGTGGGGCGGGCTGCACAGCACGGTCGAACTGCTGTCGGAGGTGAGCGTCTACCGGGTCTCGGCCACGGCGTCGCCGGGGGTGACCGGCGAGTGGTTCGCGCTCGGCCCCTGGGTCGAGACGCCCGGAGGCATGCCCCACGGGTCGGCGCCCACGCGTCCGGCCTCCTACGACGCGATCGTGACGCTGGCCCCGGGCACGGTGCTCAATGTGGGCGTGCGCGGTCCGGCCATGCCCGACGGCGACGAAGAGGTGGTGGGGGAGCTGATCCGCGGGCCGGTGTCGAAGGTGCGCCCCCTCGACGGCTGGTGGGGTCCGCGGCCGACCTGAGCGGCGCCCCCCTCAGTTCAGCTTCACCATGCCGCTCAGCTGGATCAGCCCGCCGGTAATCTTCACCTGTGAGCCGCTGAGGTCGAGCACGGCCGGGGTGCTCACCTTCACACCCGCGGTGCCGGTGATCTCCACTTGGCCCGTGGCGTTCACCTTCACCGTCACGGCGCCTACCGTGAGCTCGGCGCCCGCGCTCAGGTCGAGGTTGACCCCGGCGCTGTAGAGGCCGTCGGTGCCGGCGTTGAGCTCCATCTGGGCTGCCGAGGTGACCGACACGGCGCCCCCCGCATCCACGATGTGATGGGTGCCGACGTTCTGGGTGCGAAGCCCGGTGGTGGTGAGCGTGTCGTCGGCACCCACGGTGATATCGCGATTGCCCTGAATGTGCTCGGTCTGGTTGCCCCCGACCGAGAGCGTCTGGTCGGTACCGACCACCACATCCTGATTGTTGCCGACGCTCTCGGAGTCGTCGTTGCCAACGGTGGTGGTGCGATTGTTCGAGATGGTGCGCGTCTGGTTGTTGCCGACGGTGGTCGACATGTCCTTCTGGGCATGGATGTTGATCTTCTCGCTGCCCTTCTTGTCGTCCATGCTGAGTTCGTTGTAGCCGCCGCCCCCCTTCGAACTCCGCGTCTTGATGCCGCTCACCACGCCCTTGTCGGGCAGCGGCCAGGGCGTCTTCATCTCGGCGTTGTAGACGCTGCCCACGATGATGGGCCGGTCGGGGTCGCCCTCGAGAAAGTCGACGATCACCTCGTGGCCGATCCGGGGAATCTCCACGTGGCCCCAGTTCTTGCCGGCGGTCTGGGTCGAAACCCGGATCCAGCAGGAGCTGTTCTCGTCGTTGCTGCCGTAGCGATCCCAGTGGAACTGCACCTTCACCCGGCCGTGCTCGTCCACCCACACCTCTTCGCCCTTCTTGCCGACCACCACGGCCGTCTGGGTGCCCTGAACGCGGGGCCGGCGAGCCTGAATATCGGGGCGATAGGGCACGTCGTCGGGCAGCGCCACGAAGTCGTTCGCGTAGTGGAACTCCGCCTGGTCCCAGGCGCGGAAGCTGCCGCTGTGCGCGCGGTGGCGGACGCGATCGAGGGTCCACGCCCGGTTCACGTCGTCGCGGAAATGTCCCTCCACCTCGATCACGGTACCGGCGCGGAGTCCCCGACACGACGAGGTGCCGGTCACCCGATGGCGGTCCTTCTCCCGCCGCTCGAGGTCGATGCGCGCCAGATACTCGCCCGCATCGAGATCGGTGAAGACGCCCGGATAGTCGAATACGGCGTCGATCTTCTCCTGATCGCCCTGCGCGGTGCCGTAGAGCTGGAGCGACGGCTGAAGCGGATCGTAGTCGACGAGCATCACGTCGTAGTTGCGGGCGCTGTGCTCCTGCACGAGCGAGCGCACCACCTGCTCCCCCGGCGAACCCTGCGGATCCACGCGCACCGTCTCGAAGCCCGGGCAGGGCTGGAAGGCGGTGTGGGCGTCGGCGAGCACGAGGGTGTGATCGTCCTTGGTGTGCTCGAACCAGTAGAAGATGCCTTCGTCTTCGAGCAGCCGGGTGATGAAGTTGAAGTCGGTCTCCCGGTACTGCACGCAGAACTCCCGCTGGGGATAGTTCCGGTTGCAGCGCACCTCAAACCTGATCTTGCCGGCCGTGGTGGGCTCCTCGAGCACCTCGCTGACGATGTCGATCACCGACATCTGCTGAAAGATCTTGCAGTCGCTCGTCTGGGTGAGGAACCAGACGGTGGGCACCACCTCGGCGCGGTAGCGCGCCAGACCCTCGTTCATGTCGAGGGCGGTGAAGGCCCGCACGATGCCGTGCGTGAGGAAGGCGTCGGAGCCCTCTCCCGCATCGATGCTGATCAGCACCGGCTCACGGAGCAGCTTCTCGGGCGGAATCGCCGGGTCTTCGGAGAGCAGCTCGAGGGTGTAGAGGAAGGGCCGCGACACGCCCTCCTCGGCCTCGAAGCCCTCCAGCAGGAGAACGTCGGTGTCGAGCGGGGTGTCGACCCGCATGGGTCGGTTCGCCTGCGTGTACTTGCCCATGCCAGCGCCTCCGGATGGATCAGGTGCCGGCGTCGACGCCGGCGTAGTCGAAATGTCCGTCCTCACCCACCGTCACCCGGATCGCGCTCGGGCGCGACTCGTCCATGAGCGAGCGCAGCACGAGCCGCGACACCTCGGGCATGACGGTGTTGGTGAGGATGTTGTCGATGTTGCGCGCCCCGCTCTCCACCTCGGTGCAGCGGGCGGCGATCGCATCGAGCACGGCCTGGTCGGCCTCGAGCTCCACGGCGTGCACCTCGTGCAGCCGCCGGCGCACCTTGCCGAGCTTGAGGTCGATGATCGTGCGCAGCGCGTCGTCGCGGAGCGGGAAATACGGAATGATCACCGTGCGGCCGAGAAAGGCCGGCTGGAAGATCTTGTCGAGTTCGGGCTTCAGCGCCGACACCAGCCCCTTCGGTCCTGGAGTGGTCTCGGGGTCGGCGGTGAGCTTCATCAGGGTGTCGGTGCCGGCGTTGCTGGTGAGCACGATGATCGTGTTCTTGAAGTCGATCTCGCGCCCCTCGCCGTCTTCCATGCGCCCCTTGTCGAACACCTGGAAGAAGAGCTCGAGCACGTCGGGGTGCGCCTTCTCGATCTCGTCGAGCAGCACCACCGAGTAGGGGCGCCGGCGCACGGCCTCGGTGAGCACGCCGCCCTCGCCGTAGCCCACGTAGCCGGGGGGCGAGCCCTTGAGGGTGGAGACGGTGTGGGGCTCCTGAAACTCCGACATGTTGATGGTGATGAGGTTTTCCTCACCGCCGAACATGAGTTCCGACAGCGACAGCGCCGTCTCGGTCTTGCCCACACCGCTCGGCCCCACAAGCAGAAACACACCGACGGGCTTCTGCGGGTCGTCGATGCCGGCCTTCGAGGTGCGGATGCGCTGACTGATCTCGCCGAGCGCGTGATCCTGACCGATGATCCGCTCGCCGAGCCGGTCTTCGAGCTCCAGCGCCATGGCGATCTGGTCGCGCATCATCTTGCCCACGGGAATGCCGGTCCAGCCCGAGATCACCCGGCCCACGAGGTCGGCGTCGACGAACACCGGCACCAGGCCGTCTTCCCCCTGCACCTCGTCGAGCTCGTCCATCAGCGCCGCGAGGCGGTCGCGGAGGTCGTCGTCGGAGAGGTCGGCCAGCTCGGCCCGGTACTCGTCGGAGGCGGAGAGCGGGGACTCCGCCTCGTCGTCCCCGCCGGTGGCGGCGCCATCGGCGCGCACCGCGGGGGCGTCGAGGCGCGCTTCCAGCTGCTCGCGCACGGAGCGGATGCGGCCCACGAGCTCCTTCTCCGTCCGCCAGCGACCGCGCAGCGTCTCGAGCCGGGCGGTGACGGTCTCGATCTCGTCGGCGATGGCGGCCAGTCGGTCGCCGTGGTCGGATCCGGTGGCCTCTTCGCGCCGAAGCACGCGCTGCTGCACGCCGAGGTCGGCGAGGCGGCGCTCGGCGTCCTCCACCGCGGCAGGCGTGGCGTTCTGCCCCAGCGACAGCCGCGCGCAGGCGGTGTCGAGCACGCTCACCGCCTTGTCGGGCAGCTGGCGGTCGGGCAGGTAGCGGTTCGAGAGTCGCACCGCGGCCTCGAGGCCGCGGTCGAGAATCCGCACGCTGTGGTGACGCTCCAGATGCGGCACGATGCCGCGCATCATCACCATGCAGAGCTCTTCGGTGGGCTCCTCCACCTTGATGAGCTGGAAGCGGCGCGCGAGCGCCGGGTCCTTCTCGAAGTACTTCTTGTACTCCGACCAGGTGGTGGCGGCCAGGGTGCGCAGCTCGCCGCGTGCGAGAGCGGGCTTGAGCAGGTTCGCGGCGTCGTTCTGCCCCGCCGCGCCCCCGGCCCCGATCATGGTGTGGGCCTCGTCGATGAAGAGGATCACCGGGGTCTCCGACGACTTCACCTCTTCGATCAGCCCCTTGAGGCGGTTCTCGAACTCACCCTTCACCCCGGCGCCGGCCTGGAGCAGCGCCAGATCGAGGCTGCGGATCGTGACGTTGCGGAGCGGCGGGGGCACGTCGCCCTGGGCGATGCGCATCGCGAAGCCCTCCACCACCGCCGTCTTGCCCACCCCGGCCTCACCCACGAGGATCGGGTTGTTCTGCCGCTTGCGGGTGAGGATGTCGACCACCTGCCGGATCTCGACGTCGCGACCGAGCACCGGATCGAGCTGGCCCTCGGCCGCCCGCTTCGTCAGGTCGACGGTGTACTGGTCGAGGTTGGGCGTCGGCCCGCCGGCCCCGCCACGGGCGGCTGCGCCGCCCGACGAGGCAGTCGAGGCCGCCACGTCTTCCGAGGTGCCCTCCACGATCGAGGCGAACTCGGCCCGCAGCGCGTCGGGGTGGATCTTCTCGAGCTCGCGCGCGCCGTCGGTCACCTTCCGGCGCAGGTCGGCGTCGCTGATCAGGGCGAGCAGGGTGTGTCCGGACCGGATCGAGCCGGCGCCGTGATCGATGGATCCGAGCGTCCATGCCCGGGTCAGCATCTGCACCAGATCCGGACTCAGCGACGGCGTGCGGGCATTGCCCGACTTCAACCGGTCGAGGGTGGCGGTAAGCTGCCGGGCCAGGTCGCTGCGATCGAT
CP144380.1_gap70	2599263	2601528	2265	TCCCGAGCGCCGCAGGAAGCTGAGCTCCATTTCGTAGTAGTCGAGCAGCTCCTCAGACACGATCGGCCTCCACCTCGAAGGTGCCGCGGCCCACGTCGAGTCGGGTGTCGAAGGTGATCGGCATGGGCTCGGGGTCGATGTCGAGCATGGCCTCCACCACGAACTGCACGACCCGGCTGCCGGTGTCGTCGGGCTCGCGAATCGCCACACGCACCTGCGACAGTCGCGGCTCGAAGAATCGGATCGACTCCGCGATGTCGCGGGCGAGCTCGTGGGCGGCCGATGAGGAGTCGCGGCCCAGGGAGCTGAGGTCCGAGAGCCCGTAGCGATACACCGACCGCTCGAGCTCCGGGCGCCCCTCGCCCGGCCCGGTGTAGATGCGACGGGTGTTGAAGAGCCACTCGAGGTCGCGCATCACGGCGGCGCGCGTGGCCGCCACCGAACCGGCCGGGTCCGAGCCGCCGCCCGCCGGCCCCGCCTCGCCCAGGAGGCGATCGAGCACCGAGGGGCGGAGGGCGAGATCAGGCCTCTTGGACGCCATCGTCGCTCGCTCCCTCGGCGGCGTCGTCCGCCTCGCTCGCGCCGTCCGCACCGGTCGAGAAGTGCATGGCCTGCAGGGGGTCGAGTCGGCATACCCGCAGGTAGAGCTGCTCCCGCTCCGAGGCGTCGCCATCGGTGGCCTCGAGACAGCGGTACAGCAGCGCCATCGGCACCGCCACCGTCTCCGAGTCCTCCCACTCCTCCAGCCGGTGCTCCTCGATGCGCGTCATGATGTCGCGCAGGATCGGCATCGCCACCTGAGCCAGCCCGTGGTCCACCATCACGCGCGCGGCCTGCATGCGCCGGAGCGCGCGACCCCGGGGATGGCCCTCGTCGTCGGCGGCCCGCATGAGCAGTTCGATGGCCTTCTGCGGTTGGCCGGCACGCACCCGCTCGCGGGCGCGATCGAGGGCGTCGCGCCCGGCGACCGCAGCTCCGGTCGGCTCCATGCGCGCCTGCTCGGCCTCGCTCAGCGGCCCCGCCAACCCCTCTTCCTGCAGCCAGAGCCGCGTCTCGCGGTTGGCCGTGGGGGTGTCGTCCATCAGGGTCAGGTCGGGCAGCTCGGGCAGATCCACCAGCAGCGATCTCAGCGCTCCCTTCAGCGAGCTCGCGACCGCTTCGTAGTCCGGGCCGAGCCCGTCGAGCGCGGTGAACACGTAGCGCTGGAGATCGAGCCAGCCCCGTCCGAAGGGGGTGGCCATCACTTCTTCCGAGGCCTCGAGCAGCGCCGCCCACTCGCCGTCGAGCAGCAGCCCCTTGAGATGCGTGCGGGTCGCCGTCGGCGGGGCCGCCAGCAGCCGGGGGTCCACCTCGCCACGGTCCCGCCGGAGTTCTCCCCAGCGCAGGCCGCGGATCATGAGGTAGGGCGCGGGATCGAGCGGGTCGGACCGGCGCAGCCAGCGCGCCGCCGAGGCGATCCGCCCACCCGCGTCGTCGCGCGAGGTGGGCTCGGCCGACATCGGCGCGGCCGCGGCGGACCCACTCGCCGAGGCCTGGGGCTCGCCCGGAACCGAGCTCTCGTGGGTGGGCATCGGCGGGGCCTCCACGGGATCGGGGTCGGCTTCCAGCTTCTCGGCGAAAATCCGCCGCGCCACCCGCTCGATCTCGGCCACGTCCTCGCGGAGTGGACGGAAGCTGGGTGCCACGTCGCCGAAGCGCTCGTCGGTGAAGGCCTCGAGGGCGTCGATCGCGGCGAGCGAGGCTTCGATGTCGCCCACCAGCGCCCTGTACCACTCCTTGGGCGCCCGATCCGCCGCGGCATCGAAGGCCTCGGGCGACACCTTGCCGGCGTCGATCTCCGCCTGGCGCGCGGCGCGCTTCTCCGGATCGCTCTCCACCGCCTCTTCGTAACCGAGCGCGCGACCGGCCCGGTAGGCCACGAAGCCGTGTCCGGCCGGGTTGAGCGGCACCTCGCGCAACCGCGGCCCCAGGTACCCGGCGATCCACTCGAGGGGCGCCGCGCGATACTCGAGGTCGCCGTCGTCGATCTCGGGGTAGACGTGGTCCCAGAAGCGGTCGAGCAGTTCTCTCTGGAGGTCGAGCCCCGCATGGAGTCCCGCGAATCCCTCCCGATCGATCCACGCCTCCATGAGCCAGGCGGCGATCTGCAGATCCTTGGAGCGGTCGCGGAGCACCTCGCCCGCCATCTTTGCCACCGCCTTGAAATCGGCGACGCGGCGTTCGGTCTCCCACTCGCCCTGCGGCAGGTCGGGATCGCTCTCGCGC
CP144380.1_gap71	2603666	2608251	4585	GAAGGCCTCGACCGGCACCGTGTTGCTGCCGTAGGGCTCGCGCAGGAGCATGCGCGGAAGCGCGAGCGCCACGTAGCGGGAGTCCTCGGAGTCGCGGAAGTTCTTCCACTTCGCGTACTCGGTGGTGTCGAAGATCTTCGCCAGATCGCGCGGCGCGTCGAGCTGCGTGAAGTTCTCGAGGTTGAACATCGAGGCCTGCGCACCGGTGATGAACGGGGCGTGAGCCGCGGCGGCCACCTCCGAGATCTTCGAGAGCAGCTCGATGTCCTGCCCCGAGCGGCTGAACTCGTAGTCGCCCATCAGCGCCCCGAACGGCGCGCCACCGAACACCCCGTACTCCTCTTCGTACACCTTCTTGAAGAGGGCGCTCTGATCGAACTCGGGGGCCTTCTGGAGGTCCTTGAGGAGCTCCTTCTTCGAGACGTTGAGCACCTTCAGCTTGAGCATCACCCCGGTCTCGCTCTGCGAGAGCAGGTACTTGAGCCCGCGCCAGGTGCCTTCGAGACGCTGGAACTCCGGGTGGTGCATCACCTCGCGCAACTGCTTCGAGATGAGCCGGTCGATCTCGGCGATCCGGCCGTTGAGCATCGACTCCACGTCGGCCGAGACGGCCATCTGGCCCTCGAGCACTTCCGAGAGGAAGCGCTTGATGAGTCCGCGCCCCTTCTGCTGCGAGGGCTTCGCGGGACCGAAGCGACCCGACTCGACGATCTGGTCCAGCAGACTGACCTCCTCGGTCGTCTCCTGGCCCTGTGCTGCGTTCTTCTCGGCCTCAGCCATCGGAGTCGTCCTCCTCGGATCCCAGCTCGTCCTTGATCCTGGCGAGCGCGTCGGTGTCGGTCAGGGTGGCCTGGAGGATCTCCTCGAGCTTGTCGTTGCCCTGCAGGCTTCCGCGAACGTCGGCCAGTTCCTGGCGCAGTTCCAGCAGCTTGCGGATCGCGGGGATCTGCTGCGCCACGCGGTCGGGATCGAAGTCGTCGAGCTCCTGGAAGCGGAGATCGACTCCGAGCTGACCCGCGTCGGGGTCGTCGGAGAGCTTGTTGTCGACCCGGAACGCCAGGTGCGGCTTCATGTTGGCCAGCACCTCGTCGAAGTTGTCCGGATTGATCTCGGTGAACTTGCGGTCCTTGAGACGCTCGAGCGGCTCGTCGGGATGACCGGTGAAGTCGCCGAGGATGCCCATCACGAAGGGCAGCTCCTTCATCTCGATCGCGTCCCCGATCTCGACCTTGTACTCGATGTTCACGCGAGGGGCGCGAACCCGCTTGAGACGATCGTGAATGCTCTCCGCCATCGCGGGGTGCCTCCGAAACTGGAAAGGAATGGGGCGCAACGTACTGCCCACTTGGACCAATAGGCGCCGCAGGACTGCCGTGTCAAGCAGCAAACCACGGCTCTTCACGGTCTCGGCGGTGGCTCCGCCGATGCTCTTCGAAGGGTCGGTTCGAGACGCCGAGTTTCAAGGCCGTCTTGCACCCCGTGGCGACCGGGGCCGACCTTGGGGCAGATTCCCTCTCACCGGCCCGACCCCCACATGCGACAGATGCAACCGGTCCTCTGGACCAAGGGCGTGATCCTTTCTCCTCAGCATTTGCAGCTGCAGGACCGCTTTCTGGAGGACATGCTCTCCTTCCGCCTCTCGGCCGTATCGGCCTGGCGCTGGGGCTTCGCCGCACTGGCGGTCGACCGCGAGGCGCTCGCCGAGGGCATGGTATCACTCGACTCCGCGCGGGGGGTGTTCCAGGACGGACTGACCTTCGACGTGCCGGGAGCCGACGCGGCCCCCGCCGCGCGGGCGGTGGACGACCTGCTCGATCCCGGAGCCGACGCGGGCCTCGTGCACCTGGCGATCTCGGAGTGGAAGCGCGGCGGCACCAACGTGGCACTCTCGCCGGGCACGGGCGCTCGTTTCGAGGCCGAGATGGTGCACCGCCGCGACGACACCACCGGCGACGGAGAGAAGCCGGTGCTGGTGGGGCGCAAGAATCTGCGCCTGGTGGGCGAAGCCGAGGAGATCGCCGGACTGCTCACCCTGCCCGTGGCGAGGCTGCTGCGAAGCGCCTCGGGCGAGGTGTCGCTCGACCCCGCCTTCGTGCCCCCGGTGGTGAACCACGGCGCGAGCGACCACCTCGTGTCGCTCAACCGCCGGCTGCTCGAGATCATGACGGCGCGGAGCGCCACCCTGGCCGGGGGGCGACGGCAGCGGAATCTGTCGCTGGCCGACTTCGGGGTGGCCGACGTGGCCGGCTTCTGGCTGCTCTACACCGTCAACTCCTACCTGCCGCTGATCCGGCACTTCCTGGAGAGCGGACACGGGCACCCGCTCGAACTCTTCCGCACCTGGTCGGCGCTGGCCGGCGCCCTCACCACCTTCTCCGACCGGATCACGCCGGCCGACCTGCCCGAGTACGACCACGCCGACCTGCGGCGCAGCTTCGAGGCCCTCGACGACCTGATCCGCGACCTGCTCGCCACGGTGGTGCCCACCACGCACGTGTCGCTGCCGCTGCGCCCGACCCGCACGCACATCCACGCGACCGCCCTCGACGAGGAGCGCTACCTCGACGCCACCGAAACCTACCTGGCGCTGCGGAGCGAACTCGGCCCCGACGAACTCGCGCAGCGAGTCCCGCAACTCGTGAAGGTGTCGTCCGGCGACCGGGTGGAGGTGCTGATCCGCCAGGCGCTGCCCGGGGTGGCGCTGCGCCATGTGGCCGATCCGCCCGGATCGCTGCCGGTCAAGCTGGACTACAGCTACTTCCGCCTCGAGCGCACCGGCCCGGAGTGGGAGGCGGTACGGCGCTCGCGCAACATCGCCGTCTACCTCCCCGCCGACTTCCCGGCCGCCGAGGGCGAGATCGTGCTGCTGCTGCCGAGAGCGGACGAGGGGCGCTGAGGGGGCGGAGGGCGGACCGCCTCGCCGCCGGGGCCGGGCCCGCATCACCGCCGGCCTCCGCCGCGCTCCGGGCCCGCATCCGCCGGGGGCCGGGCTCGCATCCGCCGGGGGCCGGGCTCGCATCCGCCGCGCTCCGGGGCCCGCTCCGCCGGGGGCCGGGCTCGCATCCGCCGCGCTCCGGGGCCCGCTCCGCCGGGGGCCCGCCAAAGGGCCGGAACGTGCCAATCGTGCAGCCGAAAAACACGATTGCTCCCGGAGTACCCCCTAGAGGGTCACGAACGTGACAACCGCACTTTCCCGAAATCCGCGATTGTCCGCAAAGTGCCCTCCTGGGGTCACTTCGGGAGCAAGTTCGCGTAATCCGGTGCACGATTGGCACGATCGCGCCCCTGTCCCCGCCCTGGTCGCCCCCCACGGACCGGGAGGCGTCGGCGCGCCGGACGGGCGGCCGAGGTCCGGGCGGACCAAGAGGCGGGTGGACCGAGATGCGGGCGGATCCAGAGGCGGGTGGACCGAACACCCTGACGCGCGGCCCAGAGGCGGGTGGACCGAAGACCCTGACGGGCGGCCCAACGCGGGGCCCGTCGGGTGACCCGACCGGCGAACAGGTCGCGGGGGTCAGGGAGGGGCCGGAACGTGCCAATCGTGCAGCCGAAAAAGACGATTGCTCCCGAAGTACCCCCTAGAGGGTCACGAACGTGACAACCGCACTTTTCCGGAATCCGCGATTGTCCGCCAAGTGCCCTCCTGGGGTCACTTCGGGAGCAAGTTCGCGTAATCCCGTGCACGATTGGCACGATCGCGCCCCTGTCCCGGTCCCTGGTCGCGCCCCCACGGACCGGGAGGCGTCGGCGCGCCGCCCGGCCAGCCGGTCAGCCGATCAGCGCCACCGTGACCAGGATGCCGACCGCCGCCAGTACGATCAGCGCCAGCGCCACCACGAAGGCGGTGGTCGAACCCGAACCGCTGTCGTCCACCGGGGCGGGCGCCGAGGCCGGCGCAGCCGGCATCGAGTCGGGCAGGCCGTCCATCGGGGGCGGCGTCATGCCGGCGATGATCCGCGTGTACGCCCCCGGTCCGCGGGGCGCCTCCGGCTCCGGGGGCGGGGGCGGGGGCGCGCTCTCGGTCGGCGGCGGGGGCTGGTAGAGCCGGTCGAGGTAGGTGTCCTCCACAGGCGCATACTGCGGCAGGCCGTCCGCCCGCGGCTCCGGAGCCGGCGGAGGTGGTGGAGGCGGCGCATCGCTGCGCCGCCCGAAGTAACTCGGCTCCGGCGGCTCACTGCTCGGACCGTCGGTCGGGCGATCCGGCGCCGAGAAGGCCCCGAAGTCGGGCTCCGGCACCGGCGACCCTCCCCCGGCACCCGGCTCGAGAGCGAACGGTTCGTCGCCGTATCGAGGTTCGGCCACCGACGGCGCGTCGTCGAAGCGGGCGGGCGGAAGGTCGTCCGGCAAAGGGGCCGGCGGTTCCATGCGGCCGAACTGCCGGGTGAACTCGCCGGGTTCGTCGGCCGGGGGCGCGGGCGGCGGCGGTGGCGCGCCGTAGTCGGGTGTCCGGGGCGACGACCCCTCGTCCGCAGGCGGTGACCCGGGCGCCCTCCCCATCTCGGGCGATTCCGGCGACTCGAGCCGCCCGAACCGCCGGGTGAACTCACCCGGCTCGTCCACACCCGGCGCAGGCGGCGGCGGGACG
CP144380.1_gap72	2609342	2611094	1752	GTCGACGGTCGACGAGCGATCGTGCTGTTCCGGCACCCACGGGACCCGTAAGATTAGGTGTGGCGCCCCCTTTTCCGGAACCCCGAACCTACCGCTGGAGTGCGATGCGCAACCTCTCGCCGGTCGTCTGGAGCGAAGGCATGCACCTCGCTCAGCACCACTTCCAGTTGCAGAGCCGGTACTTCCAGGACTCCACCGCCTTCGCCCTCGACACCCTCTTCTCCGCTCCATGGGGCGTGGTGGGGTGCGATCTCGACGACGAGGCGCTCCTCAACGGCACGGTGGCCGTGCGCGCCCTCCAGGCGGTGTTTCCCGACGGCCTCGTCGTGCAGGTGCCCGACGATCCGGCGCCGGAGCCCCTCGAGATCCGCGAGCGCTTCTCGCCCACTCGCGACTCGCACGTGGTGGTGCTGTGCGTGCCGCCCTACCGCGTCGACGGCGCCAACTGCGGCGACGACCACCGGTACCGCGCGGGCGAGGTGGAAGTGGTGGACGACACCGCCGGCGGCAGCGCGGCGAAGGTGGCGGTGGGGTTGAAGAATCTGGAACTCCATCTCGACGACGACGTGCCGGAGGGCGCCGTTCAACTGCCTCTCGCGCGCATCCGTCGCGATGGGAGCGGCCGCTTCGTGTACGACGAGGGCCACGTGCCTCCCACCCTCCAACTGCGAGGGAGTCGGGGACTCCAGCGCCGGCTCCGTCGCCTCGTGGAGGTACTCGAGGAGAAGTCGCGGTCGCTCGGGGCCCGCGGCCCGTCCGGCGACAGCGCGAGCTACTCGGGCACGGAGATCGCCGGGTTCTGGTTCGCCCACGCCCTGCGATCCGCGCTGCCCCCGCTGCGGCACCACCTGGCGACCCGCACGGCTCATCCCGAGGAGGTGTTTCTCGAGATGTCGAGACTGGCCGGCGCGCTGTGCACCTTCACCGCCGACGCGTCGGCGACGGAGTTGCCGGGCTACGACCATCGCGACCTCGAGACCACCTTCGACGCGCTCGACCGCCACATTCGGCGCAACCTCGACATCGTGATGCCGGTGGGCGCCGTGACGATCCCGCTCGAGCCCTTCGAGACCGCCTTCCTGAAAGGAACGATCACCGATCGTCGCTGTCTGGATCGGAGTGCCGAGTGGTGGCTCGTGATTCGGCCCGACGGGCCCGCGCCGCAGCTGGCCGCGGCCGCGCCCCGGTTGGCCAAGGTGTGCTCGGCGAAGCACATCGTGCGCCTGGTCCGGGAAGCGTACCCGGGCATGGAGCTCGTGCATGTGGAGTCGCCGCCCGCGGCCCTCTCCCCGCGCGTGGGACACCGGTACTTCCGGATCGAGCGCACCGATCCCTGCTGGAGTTCGGTGGTCGACACCGGCGAGGTCGGGGTGTATGTGCCCGATGCGCTGGGCCCGGCCCGCTTCGACATCTCGGTCGTACTGGAGTCCTCGTCATGAGTTCGACAACCCTCGTCCCCTCCGCGCGCGGCGGGCTCGCGCAGGCGCTGCAGGAGGCCTTCACGGTCACGGTGCGGCTGCGCACCGGCCGTCAGGTGGCCACCGACGCGGACCAGTTTCGCACCCGCATGAAGTCGCTGCTGGCCACCGCCGATCGCGAGGCGCGTGCAGCGGGTTACCCCTCCGACGAGGTGAAGCGGGCGATCTACGCCTTCGTCGCCTTTCTCGACGAGAGCGTGTTGAACTCCCCGCAGGCGATGTTCGAGCAATGGGCCCGGCAACCGCTTCAGGAGGAGATCTTCGGCGACCACAT
CP144380.1_gap73	2616176	2619828	3652	GGGACGACTGCCGGTGCGCGCGGAGTCGACGCAGGACCTGATGGTCGAGCGGCTCACGCAGGAGCCGCTCACCCTCGCCGACATCGCGCCCGATCTCGAGTTGCCGCCCCGGGTGCAGGCCGCCCTCGACCACGCGCTTCAGCGCCGCCGCGACGACCGGCCCGCCACGGCGGGGGCCTTCGCCGCCGCCCTCGGGGAAACGGGGACCGCGACCGCCGCGCCGGCGACGGATCGAGCCACTGTGGCCGCCGGGGCGGACGATGGATCCGCCGCGAGCCGCGCCGCCGGGCCGCCCCCGAACGGACCGGGTCGGGCGAAGGCGGCGGGGGCCGGAGCCGTGCCTCCCACCGCGGTCGGCCGCACCCCCGCCGACGCCCCCGCCCCGCTGGCGGCGCCCACCCCTGGTCACTCGCGCCTCGCCCTGTGGGTGGGCGGGGCCCTGGCGCTGGCCGTGATCGCCTTCGGCGTGGTGCAGATGATCGGCGGCGGCGAGGCACCCGACTCCGCGCTGCCGCCCGCGGAGCAGACCGCCGGTCCGGCCGGCCCGACCGACCCGGCCGACGACGACCCGCCGTCGACCGACACCGGGGAGGCCGCCACCGACAGCGCTGCGCAGCCGACGGCCGACCCGATCGACGATCCGGTGCGCACCGACCCGGACGACGATCCGCCCCCCACCGTCGACCCCGAGGTGGCCGTGCGGCCCCCGCTGCGTCCGGCCGCCGAGGTCGAGGACCAGCTCTTCCGGCAGCTGACCGCCCTCACCGATCGACCGGAGACGGGGGTGTTCCGCGCCGCGCGCGACACCGCCGCCCTGGCCTGGGAGGAGTCGCGACACCCCGACGCCGTCCGCGCCCTGGCGGCCTACGTCACGGCGTCGTCGTTCGAGGCCGAAGACCGACGCGACGACGCCCTCGCCTGGGCCCGTCGAGCCACCGAACTGGCCCCCGGCAACCCGGGCTACCAGGCACTTCTCGACGCGCTCGGAGGACGCCCATGAGCGGCGAGTTCCTGCCCGGCCGCACGCTGCGCATGACGGTGGCCGCCTCCACCGACCCGGGCCGTCGACGGTCGGAGAACCAGGATCGCTACCTCGTGGCCGACCTCTCCGACCGGGATCCCGACGGAGCGCTCATGGAGGGCGGAGAGGGCGCCCCGGGCCCGCGCGGGCCCACCGCGATCGAGGTGGGCCCGCGGGGTGCGCTGCTGATGGTGGCCGACGGCATGGGGGGCGCCGCGGGAGGCGCCACCGCGAGCGCGATGGCGTGCCGTGCGGTGGGGGGGCTGCTGTCGACCGGGTGGGGCGAGCTCCGCACCGGCACCCCGCGCGAGCTGGGTCGCCACCTCGAGATCGCGGTCGAAGAGGCCAACCGGTTGATCCACACCCGTTCCGAGGCCGACGAGCGACTGCAGGGCATGGGGACGACGGCCACGGTGGTCGCGGTGATGGAGGGGCACCTGGTGCTGGCGCAGGTGGGCGATTCCCGCGCCTACCTGATGCGCGACGGCGCGGTCACCCAGCTCACCCGCGATCAGTCGGTGGTCCAGATGCTCCAGGACGCGGGCGAGATCGACGCCGAGGAGGCCAAGACCGACCGGCGGGCCAACCTGATCCTGCAGGCGCTCGGGACGCTCCCCGACGTGAAGGTCGACGTCACCCATCAGCCGCTCCGGCGCGGCGACGTGCTGCTGCTCTGCTCCGACGGCCTCTCCGGGCTGGTCGAGGGCGAAGAGATGGCCGAGCGGATCCGCACGGCCGCCCTCGACGAATCGGCCACCACCCTCGTGCAGCTCGCCAACGAGCGCGGCGGCCCCGACAACATCACGGTGGTGCTCGCCCACTTCGACGGCGACGCCCTCGTGCCGGCGAACCCGGGCGACCTCGTGGGCCGCATGCGGCTGGACCTGGAGGAGCGGTGACGCTCGAACTCCGCGTGCTCACGGGCGGACGCGCCGGCGAGGTGCGCCGCTTCACCGAGGACACCGTGCTCGTGGGGCGCGCCGAGGGCGCGCATCTGCGCCTCGACCCGGTTCACGACCTGCATGTGTCGGCGCAGCACGCGCGCCTCGTGCGCCGCGCCGACGACTGGTGGGTGGTGGATCTCGGCAGTCGCAACGGCACCTGGCTGAACGGGCAGCGGGTGGAGGAGCCCGTGCCGCTCCGGCCCGGCATGCGCGTCCGACTCGGTTGGGAGGGCCCCGAACTGGAGATCCTGGGCCCCGGGGGATCGCGCGGTGACGACCTCGGCCGGCTCGCCCGCCGCAACCGCCTTCTGCTGGGTGGACTGGCGCTGCTCATGGTGGCGCTGGTGACGGTGGTGGGCATGAACCTGCGGGCCCGAAACAGCGCGCGCTCCGCCTGGATGCAGGAGCGCGCGGCCCTCGTGGCCCGCACCGACTCGCTCATGCAGCTCAGCAGCGACATGCGCGACCGCCTGGAGGGCGAGGTGGCCGGGCTCGCCGACGCCCTCGACGCCTCCCGGGTCCAGGCGGCCCAGTTGCAGGCCGATCTCGCTCGTCTCGGCGACGAAGCGGGCGATCCCGAGGAGCTGGCTCGCCTCGAGGAGCGTCTGCGGACGGCCACCGCAGCTCTCGAGACGCAGCAGATCGCCGCCTCGCTCGATGCGGCGTCGCTCACCGCACGGGTGCGCCCGGCGGTGGCGTTGATCTACGTGGAGTTCGAGGACGGTGAGCGCTCGGTGGCCACCGGGTTCGCCATCTCCACCGACGGTCGGGTCGTCACCAATCGCCACGTGGTGGCCGGCCCGGCGGGCACGAATCGCGCCGTGCGGCTCGGCGTGCAGTTCTCCGGCAGTCCCCAGGTGTGGCCCGCCGAACTGGTGCGTACCGACGAGGCCAGCGACCTCGCCCTGCTCGATGTGCGCAATCTGCTCGGCGGAAACCCGGCCGTGCCGGGCATCAACACCCGCGCCGACACCCTCGCGGCCGGATCCCCCGTGCTGCTGCTCGGGTTCCCCTTCGCCTCTCCCACGGGCGAGAGCGAAGACGGACTGCTGCCCCGGGCGCTGTCCACCGCCGGAGTGATCCGGGGTCGAGCCGCCGGACGGCTCGAGATCCAGGGCTGGGGAGCCGAGGGGGCGAGCGGGAGTCCCGTATTCGACGGCACGGGGCAGGTGGCCGGGGTGCTCTTCGGCGCCTCGGGGGTGGACGACGAGCGCTACCTCGTGGCCGTACCGGCCTCCGCCCTCCTCGCCTTCATCGCCGGCGACGACTGACCCGGCTCACCCCGTGGGCAGCTGCTCGAGCTTTTCGCGCGCTTCCACGAACTCGGGGAAGTCGCTGGTCACCCGCTGCAGCAGCTCGCGCGCCTGATCCGTGCGCCCCGCATCCTGGAAGACCAGCGCCCGCGAGTAGAGGGTGACGGCCTCGGAGGGGATCTCCCGCTCGCGGCGCTCCTCCTGCACGGCCTCGGGCAGCTCGGGCAGGTCGAGGTCCTCGGTGATCGCCTGCGAGAGCTCCACCACGATGCCGTAGATCTGCTCGCGGCGGTCCTGCACGCCTCGGGCCCGCAGCAGCTCACCCGTCTCGACGTCCACCACGCGCGCGTCCATCCGCACCTGCTCGAAGACGTCGACGAAGCTGCCCAGGATCATGTAGCGGGCGCCGACGAGTCGGCCGATCTCGGCGGCGG
CP144380.1_gap74	2626162	2630948	4786	GGCCGGTGCCCATCGCCCGTCGGCGCTCTCGGGTCAGGAGCCGGCCGAGCACGTGCATTGGGTGGAGACCGACGATCTCGATCGGGTGGCCGGCGCCTTCGCCGACATCATCGATGCGAAGACGCCGTACACCTATCGCCACTCGAAGGGGGTGGCCGAGATCGCTTCCCGCCTGGCGGCCCGTCTGGGATGCAGCGAGCCGGACATCGTCCAGGTGAACCGGGCGGGCCTGCTCCACGACATCGGCAAGCTCGGCATCTCGAACCGCATTCTCGACAAGCCGGGGCGTCTCACGGATGCGGAGTACGCCGAGGTGCAGCTGCACCCCCGCTACTCCATGGAGATCCTCGGGCATGTGGCGGCGTTCGCCGACCTCGCGCCGGCTGCGGCACACCATCACGAGCGCCTCGACGGCACCGGCTACCCCTGGGGGCTGGCCGGCAATCAGCTCGATCTGCCCTCGCGCATCGTGGCCGTGGCCGATGTCTACGAGGCGCTCACCGCCGACCGGCCGTACCGCGAGGGCATGTCTCCCCGGAAGGCACTCGGAATCATCGTGGACGACGCGGGCTCGGCCTTCGATCCCGACGTGGTGCTGGCCCTCGAGGGCTGGGTCCGAGAGCGCGCGGTCGGCTCGGTGCCCGATCCGGGCGTACGGGCGGAGCGCCGCGAACTCGTGGGCGCCGGGGCCCGCCGCACGGCCTGACCCCACCCGTTTAACACTTCCCCCTCGCGGGACATCGCATTCCTGCGGCGCGCTTCATCGGTCGACCGATGGAGCGCCCCCGGGAATCGGGGCTATCTTACCCGCTCGAACCGGGTGCCCGAACCTCAACGCTTCGGGCCCGTCGTCGGTCCTCCAATCGTCGTCCACGAATCATTCGGCGTCCGCGCCCGCGGTCGATCCCAACGAAATATTCAGAGGTTCCCATGATGATGTGCATGAAGAGGCTAGGCATCCTGGCGCTGGCCGGGGTGGCCTTCGCGCCGAGCCGGGGGGTGGCCCAGGATCCGGTTCTGGGACAGGTGGAATCGTACGCCGTGGGTGAGGCGACGCCGCCCCTGGAGGCGGGGGCGACTCTGACGCCGATGACGCTGCAGGAGGCGATCGACCGCGCACTCGAAGTGAACCTGAACCTGCAGAGCGCTCGACTGAACCCGCTGATCCAGGACTACAACCTGCGGTCGGCCCAGTCCGCCTTCAGTCCCACGCTGAGCGGCACCTTCGGGTTCAACAACTCCACCTCGCTCTCCACCAGCCAGCTCGACGGCGGGTCGTCGATCACGAACGAGCGCGCCACCTTCAACACCTCGGTGTCGAAGCTGATGCCGTGGGCCGGCGGGCGGCTGAGCGCGAACTTCAACAACAGCCGCACCGAGAGCAACAACGCCTTCGCGACCCGGAATCCGAGCTACAGCTCGTCGCTCAACCTGAGCTACAGCCAGCCTCTCCTCGCCGGCTTCTCGATCGACAACCAGCGGGCCGCCCTCCGCACCCAGCGGATCCAGGCCCAGATCACCGACCTTCAGCTGGAGAGTCAGGCGGCCAACATCGTCTCCCAGGTGGAGACGGCGTACTGGGCGCTCCGTGCCACGATCGAACAGATCGAGATCCAGCGCCTCAGTCTCGCCCAGGCCCAGCGCCTGCTCGAAGAGAACCAGGTGCGGGAGCAGCTCGGCCGCGCGACCGAGTATCAGGTGATCCAGTCGGAGGCCCAGGTCGCCAGCGCCGAACAGTCGCTCCTCAACGCGGAGATCCAGTGGCGGAACCGTGAGCTCGCCCTCAAGCAGCTGCTGCTCGACGGAGCGGGCGACCCGCTTCTGTCAGCCACGATCAACCCGACCGACCTGCCCGGGCTCATCGACAACCAGGTCGACATCGACTCGGCGATTCAGACCGCCCTGTCGCAGCGCACCGACATTCGTCAGCAGCAGGAACAGCTGCGAATCACCGAGATCAATCTCGACGTGTCGAAGAGCAACACGCTCCCCACCCTCGATCTCACCGCTTCCTACTCGCTGGCGGGAGTGGGCGGAAACCAGTTCTCACGGGGCGACCTCGGTGGTGAACCGGTGCTGGTCGCGCCCGGCGGGTACACGGACGGGCTGCAGTCGATCGCCGACTTCGACGCGCCCACCTGGAACATCTCGCTCAACGCCTCCTACCCGCTCGGCACGAATCCGCAGTCGATGGCCCTCGAGCGGGCGGAGTTGCAGGCGCGCCAGCAGGAGCTGGCCCTCCGCAATCAGGAGCTGAACATCGTCACCCAGGTCACCTCGGCCGGGCTCGCCGTTCAGAACACCTTCCTGCAGTACGAGGCGGCACAGCGCAGTCGAGTGGCCGCGGAGCAGAACGCCGCCGCCGAGCTGGCCCGCTTCGAGGTGGGTGTGGCCACCAACTTCGAGCTCCTCACCGCACAGAACTCCCTGACCAGCTCGCGGCTCTCCGAGCTGCAGGCGCTGATCAACCACCTCAATGCGGTGGCCGAGTTCGACCGGGTGCAGCGGGTCGGTAACTGACCGGGTGAATCGCGGTTCCCGGTAACACGAAGGGCCTCCTCGCGGCAGTCGCGGGGAGGCCCTTCGCACACCCGGACGGGTCACCGCCCCCTACCGCGCGCCCTCGAGCGTCAGGAAGGCCCCGTCCCAGGGGGTGAGCGCGGTGCCGTCGTCGAGCAGCAGGACGGTGGCGCCGAGCGCAGTCCAGGCGCCCCCATCACACTGCACCTCGACCAGAATCGCCTCGTCGGCCTCGGCCACCGGGGGCAGCGATTCGCGGGGCACTCCGTAGGCCCCCGACAACAACCCGTCCAGTTCCACCCGGCGGGCGTCGAACACGGCGGCCCCGCACTCTCCGTTCGGTCCGTAGGCGAAGGTGCTGCCGTACTGCACGGTCTGCCCGATCCACCGGCCGGCGTCGGCCGGACCGGTGCTCACGCCGGGCAGGTGCGCCTCCACGATCCGCCACTCTCCCACGAGACGCGCCGGCGCCTCCGTCCGCGCCGCAGCCGACTCGACCGGCGCCCCCTCCTCGGCATCGTCGACGCCGGGCACCGAGCCGTGGCGGATCCGAAGCACCTCGACCAGGGTGCCCCGCATCCCGATCGACAGCAGATCCGGGCGGGGGCGAACGTCGGCCACCACCCCGGCTCCCTCGATCCGAAAGGGCTCGGGCAACTCGATCGGGGCCCACTCCTCGCCATTCGGAGAGCGAATGACCCATATGCCCCCCTCCACCGAGACCTCGTCGACCAGTCCCGCGATCCGGACGGCCTCGTCGCCGTGAGCCGTCCATCCGTCGAGGGTGGTCCACGGGTCGCCCCCCGCACCACCCTCGGAGGGATCGCAGGCGGAGACGGCGAGCAGCACCGACACGAGCAGCACCCGGGCGGGCGCGCGGCAGAGAGAGAACACCATGCTCCAAGGTATGCGGCCGTTCGGCCCGCCCGCCAGCACATCCGGACGGCGGCCGACCCTCGCGCTACTCGGCGGCGCGACGCCGACGACGCACCCACAGCACCCGCACCGCCCACCCCACCAGCCCGGCGAGCAGCACCCAGGGCGCCAGGAAGACGGCCACGTAGAGGATCGAGGCGAGGGAGCGAGCGAACACCCCGGCCGCCTCGCGCCAGGCCTCCCGCAGTGGCTGGAAGGCTCCGTCGGAGATGACCGCGCCGGGCTCGAAGAGGGTGATCTCCAGATCCGACTCGGCGATGCGGCGGTCGTAGTAGAGCAACTGCCCCTTGAGACTCTCCAGCTGCTCGAGGGCGCGCCCCAGCTCCCGCTCGATCGCCAGCAGGTCCTCGAGCCCGCCGCCGTCACGGGCGAGTTGCCGCAGTCGCTCCACCGTCTGCTCGCGAACCGCCAGCCGGGTCTCGATGTCCACGTAGTCGCGAGACACGTCCACCACGTTGACCGACTCCGCGGTCACGCGCCCGACGTTGGCGAGCGCGGCCACGACCCCGTCGAACTCGGGCGCCGGGATCCGGAGCATGAGGTCGGCGCTGCGCGCCCCGTTGCCGCTCTCCCGCGTCGACGAGCGGGCGAGGTAGCCCCCCGCGGACTCGGCCATCGACTGCACCGCCTCGAGCGAGGCATCGAGAGACGACACCTCGATCCGCAGGTGACCGCTGCGAATCAGGTGCCGCCACTCGGGCGGCTGCGCGACATCGGGAGTCGCGGCACCCCCCTCGTCCTGCAGGACCATCGCCTCGGCGGAGCGACTCGCCAGCGCCGCGGCGGGCGGCGGCGGCTCCATCGCCCGCGACTCCATCGCCTCGCCCGCGAAGTCGGACTCGCCGACCCCGCACGCGTTCAGGAACAGGGCGGTGCAGAGAAGGGTCGGCAGGCGCCGGCTCATGAGGGCTCCGGTCAGTTCGTGCGAGGGTCGAACGGCATCTCGGAGAGACGCGCGTAGTCGGGCCCGAGTCGCTGCAGCACCCGGCGCCACAGAGACTCCGGCTCGTCGGTGAAGACATCGTCGGCCCGAGCGGGGGCCACGATCCAGGAGTCCTCGGTCATCTCCCGCTCGAGCTGGCCCGGACCCCACCCCGAGTACCCGGCATACACCCGCACCCGTTGGATTCCGGCCTCGAGATCGTCGGGCACCTCGCCCACGAGGAATCCAATCCGCTCGAACACGAGCAGGTCGGCGAGCTCCGGGTGGGCGAACTCGGCGAGCAGGACCGGGTGGGTCGGGCGCACCGGGCCGCCCCGGTACAGGGGCGTGCCGGGCGCCACCAGCGGGGCCAGCGGCGGCAGCGCCTCCGCCACCGCCTTCGGCGAC
CP144380.1_gap75	2686312	2687649	1337	ACACCGACCCCGACGACGAGGCCGCGATGCTGCGCGTGAACGTGGCCGCGCCGGTCGCGCTCGTCCGCGGCGTACTGCCCGACATGGTGGCCCGCGACCGGGGGCGCATTCTGATCGTGGGATCGGTGGGCGCCTTCGTACCCGGGCCGTACACGGCCACCTACTACGCCACCCGCGCCTTCGTGGTGTCGTACGCCGAGGCCCTCGCGCAGGAGCTCGCCGGAACGGGGGTGACGGTCACCAACCTGTGCCCGGGCCCGATGCCCACCGGCTTTCAGGCGCGCGCCGGCGTGCGCGCGGAGGCGGCCCGCTTCGGGGCCCTCGCGCCCGAGCGGGTGGCCCGGCTGGGCGTGCGCGGCGCACTCTCGGGGCGACGCCGGGTGGTCCCCGGATTCCTCGCCCGCACGGTCCCCCTGCTGGCGCGCCTGCTGCCGCGCACCCTGCTCGCCCGGATCGTCGGCGCCGCTCAGTCGGGCCGGGGCGCACCGAACTGACGGGGCCCGAGTTGGGCAAATCCCGGTGGGACGCATAGGTTGAAGCCGTGTACTCGATTCCCCCTTCGCTGACCGTCTCTTGAGCGACTCGGCACCCGACTCGATCTTCCGCATTCTCCTCGTGGAGGATGCCCCCGACCAGTCTCTGCTCCTCTCCGCGCTCCTCCAGAAGCTGGGTCCCTTCGAAGTGGCCCTGTCGCAGGATGGCGTCCAGGCCCTCGAGCGCGCGAAGGAGGGGGGGTTCGACCTGGTTCTGACCGACCTGAACCTGCCGGGCATGGACGGCTTCGAGCTCACCCGGAAGCTGAAGTCGACGTTCCCCGGTCTTCCGGTGCTCGCCGCCACGGGGTACACCGACCCCAACTACGTGGAGGGGGCCTATCGGGCGGGCGTCGACGCCCTGATGACCAAGCCGGTCGACCCCGAGGATCTCGAGAGCCGGCTTCGTGAACTCCTCCCCCGATGGCGTTCGGGCGGGGAGCGGGTCCCCGCGGTGATCGCGGTGGGCGCGCGGCCGGGGGACGCGGAGGTCGGATGCGGCGCCTCGCTGGCCGCACACCAGGCGGCCGGACACGACGTGCTGATCTTCGTGCTGGACTCGGGCGACGAGCGCCTGGGCAGCCGCGCCCGGAAGGCCGCCGACCACCTCGGTGTGAGGATGGTGCTCGCCGACACCGCGTCGAACGGCGGCGACCTCGACGGCCGTCGCCTCCTGCTCCGCAAGGTGATCGACGAGTTGAAGCCGACCTGGGCCTACCTCCCCAGCGTATCGGATCGCGACCCCGGCAGGCGCGACGCGCATGCCGTGGCCCGCGCGGCCATGGGCCGGATCCCGACCGTGCT
CP144380.1_gap76	2751768	2755451	3683	TGGAGGGGGCCGTGGACTTCTTCGCCACCCGCTCCTCTTCGTCCGGCGGCACGCAGGTGGTCGACCGCCTCTTCCTCCAGCGCGTCGTGAACCCGGCCCCGGGAGCCACCGTCACCGTCGACTTCACCGGTCCGAACGCCTTCGCGCCAGCCACGGTCGAGGTGACCGCCTCGAACTTCGGCGGCGACGTGGGTGGCGCGCTGTCGACGATCGTCACCCCGACCATGGCCTCGCCCATCTTTTCCGACGCCCTTTCAACCGGGGGGCCGAGTTGGACGGTGCCGGTGGTGCCGCAGGACCGCCTGCGCTCGGGCGACATGCAGAGCGTGGGGGTGACGGCGCTCACCGGCCCGCTCGAACTCACGAACACCCGGTCGACGGTGAAGTGGTTCTCGACGGTGGCGGACCAGAGCCTCACCCTCGGGCCCTACCTCTCCACCGTGACGGTATCGGCCCCGGCCTCGGCACCCTACGCCCGCCTGCGGGTGCAGTACGACCGGCAGCCCGAGTACATGGGCCACGTGCAGGCAGTCTTCGACCAGACCGACCGCAACGTGATCCTGTGGGCCACCGACGACTGGCTCGGCGGGGCCTCCACCGCCGATCTGGCGATCCCCGACTTCGCGGGCGTCGACGGGTGGATGGACATCTGGGGACCACAGGCCGGTGCGTCCGCCCTGTGGACCGTGAACGTGAACGGCTGGGACGGCATCGGCGGGATCATCGGGCCCGAGCGCTTCATCGACGGGCTCGAGGTTCGCACGGCGGTCCGGATCGGATCCATCACGCCCTGACGAGATCGCCCGCATCGTGACCCCCACCGCCCCGCAGGAAGAAGAGCCGCTCGGGAAGGCGTACGACGCCCGCCTCATGCGCAGGCTCCTCACCTACGTTCGCCCCTACGGGTGGCAGGTGGTGGTGGCGATCGTGTTGTTGGCCGCGGCCTCGGCGATGGAGATCGTCGGGCCCTGGCTCACGGCGCGAGCGCTCGACGAGGCGATTCCGAACGGCGACCTCGGGCTGCTCGGCACCCTCACGGCCGCCTACGCGGCGGCCATCGTCGGCGCCTTCGTCTTCCAGTACGCGCAGGGGCTGATCACCACCTGGCTCGGACAGAGTGTCATGTACGACCTCCGTCGCGAGCTCTTCGCCCGCTTCCAGTCGCTCGACCTGCGAACCTTCGATCGCACCCCGGTCGGTCGCCTGATGACGCGCATCACCTCCGATGTGGAGACGCTCAACCAGCTCTTCTCGTCGGGGGTGGTGACGGTGTTCGGCGATGTGTTCACCCTGCTGTTCATCCTCATCGCCATGCTGCAGATGGACTGGAGGATGGCCCTCGTCACCTTCACGGTGCTCCCCTTCGTGTGGGTGGCCGTCTTCCTCTTCCGGTCGCGGATTCGCGAGGCCTATCGCGACATCCGGGTGCGGGTGGCCCGAATCAACGCCTATCTGCACGAGCGCTTCACCGGCATGCGCATCGTGCACCTCTTCAACCGCGAAGAGGCCGACCGCGCCGCCCACGATCGCATCGAGGCCGACTACCTCGAGGCGCACCTCCGGTCGGTCACCTACTACGCGCTGTTCTTTCCGGTGATCGAGGTGTTCACCGCGATCGCGCTGGCGCTGATCCTCTGGTACGGGGGACTCCGGGTGCTCGACGGGGCCGTCACGGTGGGTGTGGTGGCGGCATTCCTGCAGTACGCCCGCCGCTTCTTCCGTCCGATCCAGGATCTGTCGGAGAAGTACAACCTGCTCCAGGGGGCGATGGCGTCGTCGGAGCGCATCTTCAAGCTGCTCGACGAGCGGGGCGAAGTGCGCGAGCCGGCGAACCCGCGTGCGCTGCCCGACCCGGTCCGGGGCGAGATCGAGTTTCGCGACGTCTGGTTCGCCTACGGCCGCGACGACGCAGGGGAGTGGGACTGGGTGTTGAAGGGGGTGAGCTTCCGGGTCGACCCCGGGCAGAAGGTGGCCATCGTCGGACACACCGGGGCGGGCAAGTCGACGATCATCAACCTGTTGATGCGCTTCTACGACGTGCAGAAGGGGGAGATCCTGCTCGACGGCGTGCCGATCACCGAGGTGGCGCTGCACCCGTTGCGATCCCGGATCGGACTCGTGCTGCAGGACGTCTTTCTCTTCAGTCGCGACGTGTCGTACAACATTCGCCTGGGCGCGAAAGACATCGACGACGCCCGTCTGCGCGAGGCCGCCGAGCAGATCGGGGCCGCCCCCTTCGTCGACCGGCTCGAGAAGGGGTACGACCAGCCCCTCGGCGAGCGGGGGGCCTCGCTCAGCGTGGGGGAACGCCAGCTGGTGTCGTTCGCCCGCGCGCTCGCCTTCGACCCGCCGATTCTGGTGCTCGACGAAGCGACGTCGTCGGTGGACTCGGAGATCGAGGCGCACATCGAGGAGGCCACCGACACCCTGCTCGCCGGTCGCACCTCACTGGTGATCGCCCACCGCCTGTCGACGGTGGTGAATGCGGACCGCATCCTCGTGTTGCATCACGGAGAGGTTGCGGAGGAGGGGTCCCACACCGAGCTGCTGGCGGAGGGAGGGCTCTACGCCCGCCTCCACGAACTCCAGTTCGCCGGACTACCGCGGCCCGCCGCCTGACACCGGCACCACCCGTCCCCCCACGCGGATCCGCGGCTCCTCCGCGAACCCGCCGCGCGGTTCGAGGGCGTCCACCGTGTAGCTGCTGCCCGAGTTCCACAGGATCCAGTCGGTGAGCCCCGCGTCGTAGGTGGCCTGGATCTGGGCGCGCACCTCGGCCGCACCGTACGGGTGCGCTTCGGCCCCGCGTGTGAAGTCCTGCAGCCAGGGGACGATCTCGCCGGCCCCCTCGATGTCGCGATTCCGGCGCACGGCGGCCTCGAGCGCCGCGCGCACGATCTCGTACGGACTCGAGTCGGGATCGCGCACCCCGTGGCTCCCCGCCACGAAGTGGCTCGGGTACACCATCGGCAGAGCGGCATCCACTTCGTCGATGAAGTGGTCCCACACCTGCCCCACCCCCACGTCGTGACGTGCCGAGGTGGTGATGCCGAAGACGTCGGCGGTCATGCGCACCCCGGTATCGGCCAGCTCACGCCGGGCCTCGGCCAGGAATCGCTCCACCGCCTCCACCTGGCGCCCCCACGCTCCCGGAAAGCGCGCCGACCCCCGGATCTCGGCCGGGGCGTCGGGAAACCGGATGTAGTCCCACTGGATCTCGGCGAAGCCCATCGCCGCGACCTCGCGGGCGAGGGCGACGTGATAGGCCCGCACCTCCGGCACGAACAGATTCAGCCAGGCGTCGCCCTTCGCGTCGCCCCAGACCGTGCCCGCCGTGTCGCGCACCGCCCACTCGGGGCGGGCCGCGGTCAACACCGGATCCTTCGCCACCACGATGCGGGCGACCGGGTGGAGGCCCGCCGCCCGCACGCGGGCCACGAGCCCGGGCAGATCGCGCACCCGCCGCTGTGCCGTGGCCCCCGCAGCCACCACCTCGGGCACCCGCGAGGGATGACTCACGAACCCCGACGCATCCTTCACGTCGATCACGAAGGTGTTGATCTCGGTGGCGGCGGCGATGCCGAAGAGGGTGTCCATGCGGGCGCCCGTCGCGGCCGCCCAGGCGTTCACGTAGAGGCCCCGAATCACGGCGGGGCGCCCGCGATCCTGGCCGGCGAGAGTGC
CP144380.1_gap77	2759333	2762534	3201	ACGCCGGCGACCGGTGCGATGCGGCGCACGGCCGACATGCCGGCGGCGTAGAGCGATTCGAGAAGGGCCATGGGGCATCGTAGGCACACGAACGCGGGTGCGGAAGGCGGGTATCGAACCCATGCCTCGCCCACTCTCCCGCTTTCCGACGAAGACCACGGTCGCCCTGCTCGCGCTGGCGGCCGGCCTCGCCGCCACCGCCTGTTCCCCGATCTACGTGATCAAGGCGGGCATCGCCGAGGCGAAGATCCTGGCCGGGCGCCGCCCCCTCGCGGAGGCGATTCTCGACCCGACCACCGACCCGCGCACGCGCGACATGCTGACCGTGGCGATGGAGGCGCGCGTCTTCGCCCGCGAGGAGCTCCGGCTGAACGTGGGCGACAGCTACACCAGCTTCACCCAGCTCGAGAGCGACACCCTCGCCCTCGTGCTGTCGGCGGCCTACCCCGACCGCCTGCAGTCGAAGACCTGGTGGTTCCCGATCGTCGGGCACGTGCCGTACAAGGGCTACTTCTCCGAAGACGACGCCCGCGAGGAGCAGGCCGAGCTCGACGCCGACGGCTTCGACACCCTGCTGCGGCCGACCGCGGCCTTCAGCACCCTCGGCTGGTTCGCCGACCCCATCCTCAGCAGCCTGCTCCGCTCCGACGACATCGAGCTGGTGGAGACCCTCATCCACGAGATGAGTCACGCCCACCTCTTCGTGTCGGGACGGGTGCGGTTCAACGAGAGCTTCGCCACCTGGGTGGGTCGCGTGGGTGCGGTGGAGTTCTTCTGCACCCGGCCGGGCGGCGGCGCCGACACCGTGAAGTGCGGCCGCGCCCAGGCCCGCTGGCGCGACGCCCAGCGCTACAGCCGCTTCCTCGACGAGCTCATCGTGGATCTCCAGGGGGTATACGGAGACACCACCGCCACCGCAGAGGTCAAGCTCGAGCGGCGCGCCGAAGTCTACGCCGAACACCAGCGCCGCTTCCGCGAAGAGGTGGCACCCGCCTTCGAAAACCTGCGATACGGGTCGTTCATGGAGCAGCCCCTGAACAACGCCGTGCTGCTGGGGCAGATGCGATACTACCATCGGCTCACCGACTTCGCCGCGCTCCTCGACGCGCACGGTGGGTCGCTCGCCGACGCGGTGGCCGCCCTCGCGGCAGGGGTGGACGGGGTGGACGACCCCTTCGATCTACTGCCCGGAGAGGGCCCTCGCATGGACAGCTCCGGCGACTCCGAATGGGGCGATTTGGCCTTTGCATCCGTTGTAAAGGCCCCCGTCCGTCGATAGGTTGGGGGTCGCTTCCTCGCACCCCATCTGGACCCTCATGGCGCCCGACGAAACCGGTTACGCTCCCCGTGAAGTGGAGCGCAAGTGGCAGGAGCGGTGGGAGACCCGCGGGACCAACACCCGTTCGGTCGACGACCTGAAGAGCTCCTCGGCTCCCTACTACAACCTCATGATGTTTCCCTACCCGTCGGCCGAAGGGCTGCACGTGGGCAACATCTACGCCTTCACCGGGGCCGACGTCCACGGGCGCTACCGCCGCCTCACCGGCCTCGACGTGTTCGAGCCGATCGGCTTCGACGCCTTCGGGATCCACAGCGAGAACTTCGCGCTGAAGATGGGGGTCCACCCCATGGATCTGATCCCGAAGAACGTCGAGAACTTCACGCGACAGCTGCGGCGCACCGGCGGCATGTTCGACTGGGAGCGCACGGTCGACACCACCGATCCGTCGTACTACCGGTGGACGCAGTGGGTCTTCCTGAAGCTGTTCGAGGCCGGACTGGCCGAGCAGAAGGAGGCCCCGGTCAACTGGTGCCCCTCGTGCATGACGGTGCTCGCCAACGAGCAGGTGGTCGGCGGGCGCTGCGAACGGTGCGACACCCCGGTGGAGCAGCGCCGGATCGCCCAGTGGTTCTTCAAGATCACGAAGTACGCCCAGCGGCTGCTCGACAACCTCGACACCCTCGACTGGTCGGAGACGACCACCAAGGCGCAGCGCAACTGGATCGGGCGGAGCGAGGGCGCCGAGCTCGCCTTCCCGCTGATCGCCGACGGGAGCGCGGACTCGGTCGATCCGGACACGGTGCGCGAGCCGGGCGACGACGCCATCCGCGTCTTCACCACCCGCCCCGACACCGTCTTCGGCGCCACCTTCATGGTGCTGGCGCCGGAGCACCCGGCGGTCGACCGTCTGGTGAGCGACGCACAGCGCGACGCGGTCGAGGCCTACCGCGCCGAGGCGCAGCACACCGATCTGGTATCGCGCCAGAAGGCCGACAAGGCGAAGACCGGCGTCTTCACCGGGGGCTACTGCCGCAACCCCGCTACCGGTGAGGCGATTCCGGTGTGGGTGGCCGACTACGTGCTGATGGACTACGGCACCGGCGCCATCATGGCGGTGCCCGGTCACGACGAGCGCGATTTCGACTTCGCCACCGAGATGGGGCTGACGATCCGCCGCGTGGTGGCGGGCCCGGACGACGACGCCGACACGCCCCTCGACGAGGCCTGGTCGGGCTCCGGCACGCTCGTGAACTCGGGCCGTTTCGACGGGCTCGACAAGGCCGAGGCCATTCGCGCGGTGACCGCGTGGCTCGGAGAGCGCTCGATGGGCGAGCTGCGGGTGAACTACCGACTGCACGACTGGTGCATCAGCCGTCAGCGCTACTGGGGTCCCCCGATCCCGATCGTGCACTGCGACGATTGCGGAGCCGTGCCGGTACCCGAGGATCAGCTGCCGGTGCTGCTGCCCCGGGTGGAAGACTTCCGGCCCGACGACTCCGGAGTGTCTCCTCTGGCGCGCGTGCGGGAATGGTACGAGACGGAGTGTCCGACCTGCGGCGGGCCGGCGCGGCGCGAGACCGACGTGTCGGACACCTTCCTGGACTCGGGCTGGTACTTCCTGCGCTACCCCTCCACCGACTTCGACGACCGGCCGTTCGACCCGGAGATCACGAAGAAGTGGCTGCCGGTGGACTGCTACATCGGGGGCAACGAGCACGCCGTGCTCCACCTGATGTACAGCCGATTCCTGACGATGGTGCTCCACGACCTGGGCCACCTGTCGTTCGAGGAGCCCTTCACCCGCTTTCGCGCGCACGGACTCATCATCCGCGAGGGCGCGAAGATGTCGAAGAGCAAGGGCAACGTGATCGTGCCCGACCCGATCATCGACGACTACGGGGCCGACACCTTCCGGCTCT
CP144380.1_gap78	2926023	2929103	3080	GTCTCGTTGTGGCCCTCGGGGAGCACCACGCGGGCCGGCCGCTTCCGCGCACGGGCGGTCATCCAGCGCATCACCTCGCGGCCCGGCCCGAGAGAAGCGCGCAGCCGGTCGACGTACTCGTCGAGGTCAACGTCGATGCGCGCCACCCCGGTCCGCATCGCCGCCTCGGCCACCGCCGGCGCCACGTGGAAGAGCACCCGGCTGTCGACCGGCTTCGGGATCAGGTAGTCGCGCCCGAAGGCGATCGGCTCGTCGTCGTAGGCGGTTCGCACCGCCTCCGGCACGTCGGCCCGGGCGAGCTCGGCGAGGGCCCGGGTGGCCGCCATCATCATCTCCTCGTTCACCACCGTGGCCCGCACGTCGAGCGCGCCCCGGAAGATGAAGGGAAAGCCGAGCACGTTGTTCACCTGATTCGGGTAGTCCGATCGCCCCGTGGCGATGATCGCGTCGTCGCGCACCGCCTCCACCTCTTCCGGCAGGATCTCCGGATCGGGGTTGGCCAGGGCGAAGATGATCGGATCCGCGGCCATCGAGGCCACCATCTCGCGAGTCACGACCCGGGCCACCGACAGCCCCACGAAGACGTCGGCACCCGCCATCGCCTCGGCGAGGGTGCGGTGCGGCGTATCCGCCGCGAATCGCTCCTTGTACGGGTTCATGTCGGTGTCGCGGCCCTTGTACACCGGGCCGTCGGCGTCGCACATGATCAGCTTCGCCGGGTCGGCGCCGAGCCGAAGGAGATGACTCGCCGTGGCCAGCGCCGATGCACCCGCTCCGCTGAAGACGATGCGCACCTCGTCGAGCTTCTTGCCCACGAGCTCGAGCGCGTTCAACAGCGCCGCACCTCCGATGATCGCCGTGCCGTGCTGGTCGTCGTGGAAAACCGGGATGTCGAGCCGCTCCTTGAGCTCCTTCTCGATCACGAAGCAGTCGGGCGAGCGGATGTCCTCGAGGTTGATCCCGCCCACCGTCGGCTCCAGCATCTCGCAGAAGCGGATGACGTCGTCCGCCGTGGGCGCGTCGATCTCGATGTCGAACACGTCGATGCCCGCGAAGCGCTTGAAGAGCACCCCCTTGCCCTCCATCACCGGCTTGGAGGCCAGCGGACCGATGTTGCCGAGGCCGAGCACCGCGGTTCCGTTCGAGACGACGGCGACGAGGTTGCCTCGCGCCGTGTACTGGAAGGCGTCCAGCGGGTTCGCGTAGATCTCGCGGCAGGGCTCGGCCACGCCGGGGGAGTAGGCCAGGGAGAGGTCCCGCCAGGTCGACACGGACTTGGTGGGAACCACCTCGATCTTGCCGGGACGCCCCTCGCGATGGTACGCGAGAGCATCCGTACGGCGGTCCTCCATGAGGTGTACTCCGGATCGAAGAAGTCGAAAATGAGGTACCCGATGGTACCGAAGTCCCCCTCCCGACCGAAATCCCCCGTCGATGCGCCTCACCCTCGTCGCTCTGTGCCTGACACTTCTGCTGCCCGGTCTCGCCGGTGCGCAGGAGCGCTGCCCCGACGGGCGGGTGACACGCGTGTTCGTCGACAACCGGTCGATCTTCGACCTCGACGAACTCGAGGGGGCGCCGTTCCAGTGGGCCTATCATCTCGCCAACCGACTCCACTACCGCACCCGCCCCTCCTTCATCCGCCGCGAGATTCTCCTGGCCCCGGGCGACTGCTGGGACCCCTTTCTGGCCGAAGACTCAGGGCGGCTGCTGCGTCGACTCGGCTTCATCGCGCGCAGCGACGTGTACGGCGTGCGCCAACCCGACGGCGACTGGCACGTGGTGGTGGACACCCAGGACGAGTGGACGACGGTGGTGGAGGTGGGCGGCCGGCTCGACGGGGGCCTGAAGATCGACAAGGTGCGACTGCGCGAGGAGAACTTTCTCGGGCGCGGTTTCGTGGCCGGGTTCCTCTACCGCGAAGACGACGCCCAGCGACGGCTCGGCGGTGAACTGGGGACTCCGCGCCTGTTCAACTCCCGAGTCGACGCCGGCGTCCGCGCCGGCGAAACGCGGGTGGGGCCCTTCGTGGAGGAGCAGCTCTTCTACCCCTTCGTGGGAGAGGTCGGGCGTTTCGCCGCACGGCAGCGATTCATCCGCGAGGAGGACTACTTCACCTGGTCGCTCGGCACGCCCGATGCGCCCCGGCACCTGCTCCTGCCGGTCGATCGGGAGGCCTGGGAGGTCACCCTGGCCGCCCGCATCGGGGAGCCCGGCAACCTCACCGTGTTCGGCGTCGGGATCTCGCGCGACCGGCTTGAATTCGCATCGCTCGATGCCGCCGAGCAGGTGTTCGACAACCGTTTCGGCGACCCGGAGCCCGCCCCGGCCGACCTGGCCGACCAGCTGGCTCCCCAGACCGCCTATCGGGCCGGCACCCGGGTCAACCTGCTCCTCGGTCAGCGCAACATCCGCTTCGAGCAGCGGCAGGGCCTCGACGCCCTGCGCGGGGTGCACGACGTGGAGCTCGGCACCGAGTTCGCGCTCACCCTCGGCCGTTCACTCGGCTTCGCCGCCAGTCGGCGCGAGCCCGACGACCTGTACGTGCGAACGCGCCTGTACGCGGCCGGCGCCCCCGACCCGTTCGTCTTCATCGGCAACGCCTCCATCGAGGCTCGCCAGATCTTCTCGGGCGCCACCGCCAGCGACGGGTGGCGCGACGTGCTCGCCGAGTTCGACTTCCTCGCCTACTGGCAGCCCCCGGTGGCGGCCCGCCACACCTTCTTCGCCCGGGTCGCGGCGGCGGGAGGCTGGAACACCGACCTGCCCTTCCAGCTCACCCTGGGCGGCGCCGCGGGGGTGCGCGGGTACCACGACGAAGATTTCCCCGGATCGCGCAGAGTGGTGGTGTCGGTCGAGGATCGCATCGACTTTCGCTGGCCCTTTCCCGAGGTGATCGACCTCGGCGGCACCCTCTTCGCCGACGCCGGCCGCGTCTGGGACGACGACCTCGGGCTCGGGAGTGACTCGGGGTGGCGCGGCACCCTGGGTGCCGGGCTCCGCATCGGATTCCCCTCGGGCTCTCGCACCGTGGTCCGTATCGACGTGGGTGCCCCGTTCGGGGGCGTCGACGGTCGCGA
CP144380.1_gap79	3082326	3086470	4144	CTGCGGACCGGCGTGATGGAGGCCTGGCAGAAGGTGGAGCCGCGCGTGCGCGACGCGCTCCGCGACCGGGCCGACATGGGCCACGTGGAGGTGCAGGTGACCATGGACATCCGTCCGGCCGGCTCCTGACCCGCGTCCTCGTCGTCTTTCTCGACGGGGTCGGCATCGGCCCCGCCGACCCCGAGGTCAATCCCTTCCTGCAGGCCGACCTGCCCGTGCTGAGCGGCTTGCTCGGCGGGCGGATCCCCACCCTCGGCGACCTGTCGAGCGACCCGGCGCCGGTTCACACCGGAGGGCGGATCACGCACCTCCTTCCGCTCGACGCCACCCTGGGCGTGGACGGCCTGCCCCAGAGCGGCACCGGCCAGGCCACCCTCTTCACCGGTCGCAACGGTGCCGCGCTGCACGGCCACCACTTCGGCCCCTGGATCCCCGTGTCGCTGCGCCCCGTGGTGGAGGCCGAGAACTGGCTTCTGCGAGGGGTGGAAGGGGGACTCCACGCCGCCTTCGCCAACGCCTATCCGGCGGACTGGCCGGGCGAGGGGCGCGGCAGCCGGCGGGTGGCCGGTCCCCCGTTGGCCGCGAAGGCCGCCGGGCTGCTCACCCGCGATCACACCGCGCTCGGCCGTCGCGAGGCAGTGGCCACCGAGATCGTCAACGCCGGCTGGCGCCGCTGGCTCGGCGAAGAGGCCGCGCCGCGCATCGAACCCGAGGAGGCCGGCGAAGTGCTGGCCGCGATCACCCTGGAGCACGAGCTCACCCTCTTCGCGCACTACTCGACCGACACGGCCGGGCACCGGGGCGGCATGGAGGGCGGGGTGCTGGCGCTCGAGCGGGTGGACCGGTTTCTGGGCGGGCTGCTCGGCGCGGTGCCGGTGGGCACGACGGTGCTGGTGGTGAGCGACCACGGCAACATCGAGGACGTGCGCGGCGGACACACGCGCAATCCGATCTTCGGGCTGGCCGTTGATCCGCCGGGCGAGGTGTCGGGGTGGACGAGCCTCATGGATGTGGCGCCCGGGCTGCTCGGGTGGTTCGGGGTGGGCTGAGGGCGGGAGGAAACACCGAATGGCCTGCGGAGCGGGTCCTGATTCGGGCATTCTTCCCGGGCGAGGGCCCGCCCGATTCCGCGGCTCCTGGAGGCCCGCACCCGGTCCGCCCAGCGGGATGACCGAGGGCCCCCGGACCGATCGCCGCGTTCCGGCATGGGATCGCCCCGCGCCGTCGGCCACCATGGGTGCGTGACCCCGCCCACCGTTGCTCCCGTCGCCGGCCCCCCGGCCGCCCCCCGCCTGCTCGGCCGACTGCTGATCGCCGAGGGATGTGCGAGCGAGTCGGAGGTGGAGGCCGCGCTCGGCGAGCAGGCGGGTACGGGGCTCCGCCTCGGCGAGCTGCTGGTGCGGCGGGGGGCGGTGGACGGCGAGGTGGTCGCCCGTTTGCTCGCGCGGCAGCTCGGACTGCCGTATCGAGCCCACCCACTGCGGCCGGAGCCGGCGGCGGCCGCGCTGGTCGACGGCGGCTTCGCGCGGGCGCGACACGTGCTTCCCCTGCGCGCCGCCGGGCGGTCGGTGGAGGTGGCCATGGCCGACCCGCTCGACCTCGACACCGTGCGCGACCTGGCCTTCCGCACCGGGAGGCGGGTGGAGGCCGCGGTGGTGTCGGCCGCCGCGCTGGCCCGCGGCCTCGACCGCGCATACGGCAGCGAGGTGGAGCGGCTGGTGGCCGACATGGGCGCCCAGCCTGCCGACGACCCCGACGCCGACGCACTCGAGCGGGCTGCCTCGGCCACCCCGGTCGTGCGCCTGCTCGACCGGGTGCTGCAGGGGGCCGCCGAGGCCGGGGCGTCCGACGTGCACCTCGAGCCCGTCGGCAACCAGCTCCGCGTGCGTCTGCGGATCGACGGGGTGCTGCGCACCACGCACGAGCTGCCGCCGGGAGTGCGCGACGCCGTGCTCTCGCGACTGAAGATCCTGGCCGACATGGACATCGCGGTGCGCCGCCGCCCGCAGGACGGCGGCTTCAAGCTCGCGGTCGGCCGCTCGGATCGCGGTCTGTCGCTGCGGGTCTCGACCCTGCCCACCGGCGACTCCGAGAAGGCGGTGGTGCGGATTCTCGACCCGCACCGCGTGCCGCCGGGGCTCGACGCGCTCGGGTTCGCGGAGCGCGACCGCCGCCGGGTGGAGGCGCTGATCGCCGCGGGTCGGGGGGTGATCCTCGCCACCGGCCCCACGGGGAGCGGAAAGAGCAGCACCCTGCAGGCGGCGCTCCGGGCGGTCGATCGCGAGCGGCTGAACGTGGTGGCGCTCGAGGATCCCGTGGAGTACCGCGTGCCCGGGGTCGTGCACGTGCAGATGGCGCGGCGCGCGGGTCTGACCTTCGCCTCGGCGCTGAGGTCGGTGCTTCGGCAGGACCCCGATGTCGTGATGGTGGGCGAGATCCGCGACCGCGAGACCGCCGAGACCGCGATGTCGGCGGCGGTGACCGGGCATCTCGTGCTCTCCACCCTCCACACCACCGACGCCCCCGGCGCCGTGGCGCGGCTGCTTCAGATGGGCGTGCCGCCCTACCTGGTGGCCGCCGGGCTCTCGGGGGTGATCGCCCAGCGGCTGGTGCGTCGGCTCTGCGAGCGGTGTGCGGGCGAGGGCTGCGATCGCTGTCACGAGGGCTTCGCAGGCCGCAGCGGAGTGTTCCAGGTGCTCGTGATGGACGATCGCATTCGCGCGGCGGTGGCCGACGGTGCGCCCTCCGGCGTGGTGCCACGCCTCGCACGCGAGGGCGGCATGGGCACCCTGCGCGACGACGCCCGCCGCGCCGTGGCCGAGGGCGTCACCCGTGAGAGCGAGGTCGATCGGGTGCTTCGCGACGATCCGGGCGCCCCCCCGCCCTGCCGGGGGTGCGGCGGCACGCTGCCGTCCGAGGCACGCCACTGCCCCTGGTGCGGAATCGCGCTGGCCCGATGGTGCAGCTGCGGAGCGAGTCTGCAGGAGGGATGGCAGTACTGCCCGGCGTGCGCAGGCTCGACCCTCAGTCCCCCCGCTGCACCTCGCGCAGCAGGCGGTCGATCGGGTCGCCGCTCTCGGGCCAGAGCACCCGATCCGACACCCGGTTGAGCGCTTCGCGCACCCGCACGAAGTCGCGCCCCACGCCGTCGAGCAGCTCGCGCATGCCCCAGCGCTCGGCCTCGCGGCTGTCGGCTGCGGCCACGTAGCCCGCGGCGCCCATCTGGTCGAAGTAATCCATCGAGGGGGCACCCCGGGTTCGCCGTCGGATGTCCACGTATCCGGGAAAGAGGCCGGCGAGCCAGAGGGAGTAGTTGCCCAGGTGCGTGCGCAGCAGGAAGGCGCGGCGGGCGTCGGCGGTGCGGAGTCCCGCCATGAGATCCACGAGATACACGTACTCGCGGTCGTCGTCCGCACTCGGACGCCACGCGGCGCGCGCGCGTCCGAATCCCACCACCAGCGAGGCGACGAAGTCGGCGATGCCGCGATCGTCCACCCCGCCCTCGAGCAGCGCCTGGCGCACCAGTACGAAGAAGACGATCGGGGGGGCCACCCGCACCTGGGGGTCGGTGAGAATCGCGTTGCGCACCCTCGGGTCGTCGAGGAGCGCGTCCACGCCGTCGCGCTCGAGCCGGTCCCGGGCGAGCCCCCGGAGCTCGGGGTCGTCGCGCCCGATCAGTTCCACCAGATGAAGGGCGTCGTCGCGGGTGACCGACGCTCGGATCGTGGGAAGAATCATGACGGCCTCCTTCCTTGCCGCGTGTTCGGGCCCGCGTCTAGACTTCGACACCGGAGACGCCGGCCCTCGGCGGGTGATACCCCGTTGCTGAACGCCCGGGTTCCTCCCGGAACGCCTCGTGCCGGCGCGTTTTCCGACCGCGGCATCCTGCGGTTTCCCACGCCGACACATCGGGAGTATCGGTGGTTCGCATCACGAGTTTTCGGAGTCGAGTGTTCGCGGCCCTCCTCGCGGTGGCCGTGGTCCCGGCGGCTCTCGCCCTCGTGGGCGGTGTGCTCGCGCTGCGGGAGGTGGGTTCCACCACCGGCACTCTGGGGGCGTGGACCGAGGTGGCCGAATCCGGCCGCACTCTCGTCGACGCGGCGCGTGCGGCGGCACCCGGCGACACCGCCGTCGAGCGGGCGGC
CP144380.1_gap80	3168943	3169534	591	TCCTCTTCATGCAGCACGGAGCCCAGAAGCTCTTCGCCGTACTCGGCCGCGATGCCCCCGCCGCCGCCTACTCGCTGCACTGGCTGGCCGGCGTCTTCGAGTGGTGGGGCGGGCTGTTGATCGTGCTGGGCCTCTTCACGCGGCCGGTGGCCTTTCTGCTGGCGGGCCAGATGATGGTCGCCTACTTCATGAGCCACGCCCCCCGCGGCCTGGTGCCCATCGAAAATGGCGGCGAGCTCGCGCTGCTGTACTTCGCGGTCTTCCTCTACATCTCCGCGCGCGGAGGCGGCGCTTTCAGCCTCGACGGCCTGCTCCGGGCGCGGAAGCGGGGGAACCCGGCCGGGTAGGGCGGGGAGACCCGATCAAGACGGCGGGGTCGGCAGCGATCCGTCGACCTGGAAGGCGTCTGCGTCGAACCGGACGACGACGCGCGTGAAGTAGTCCAGCTTTCGAAACTCGACGCCATCGGACGCCGAGGTGCAGTGCCACGGTTCCAGGTTCCTCGGGCGCGCTCCCCGAAATACCTCCGCCGTGAAGGCTCCGACGTTCGAGCCACGCTCCGGATCGCGGGCCGACCGGTATCGGAACGCC
CP144380.1_gap81	3170932	3171593	661	GGCATGTCGGACCATCCTCGGTGTAGTTTCGACTGCGGACCATCGCGCAGCGCACGACGCCGGCCCCGAGGTACCCGGCGTCGGAAGCGATGATCCGCCCCCGTCGAGGGCCCTGCCGGGCGCTTCGTCACCTTGCCGCCACCGGTTCGGCGGCAGACTTTGAGCGTTCGAACAGCTGCGTCGTCCAGGAACTGGATCCACCGTGACCTCAGGTATCGACATCGTGCGCTTCCGGGTGAACGGCGACCCCGTGGAGGTGGGGGTCCCCGCGCATCACACCCTGGTCGAAGCGCTTCGCTACACCCTCGGCCTCACCGGCACCAAGCAGGGGTGCGACAAGGGAGACTGCGGCGCCTGCACCGTGCTGCTCGACGGCCGCCCCACGCTGTCGTGCATTCTTCCCGTGCACGAGGCGCAGGGTCGCGAGGTGATCACGGTCGAGGGGCTGGCCCGCGACGCGGAGCCGCACCCGCTCCAGGACGAGTTCGATCGGCACGGCGCCGCCCAGTGCGGCTTCTGCACCCCGGGAATTCTGTGTTCGGCTGCCGCGCTGCTGGAGGAGAATGCCGAGCCCTCTCTCGACGAGATTCGCGAGGCGCTCTCGGGCAATCTCTGCCGCTGCACCGGATACACGAAGATCTTCGTGGCCGTCGAGGCGGCC
CP144380.1_gap82	3215956	3216710	754	GATCAGCTTCGCTCTTCCACTCATTCACCTGCGGTCGTTCTCCATGCTCTCGCTCGATCTCACCGGAAAGCGCGCGTTCGTCGCCGGCGTCGCCGACGACAACGGCTACGGATGGGCCATCGCCCGAGCCCTCGCCGGTGCCGGCGCCTCCGTCTGCGTGGGCACCTGGCCCCCCGTGCTGGGCATCTTCCAGCGGCTTCGGGAGAAGGGTCGGCTCGACTTCTCCCTCGAGCAGGGGGGGGAGTGGGACATCGAGAAGGTGTACCCGCTCGACGCGCTCTACGACACCCTCGACGACGTGCCGACCGAGCTCGCCGACGACAAGCGGTACCGGGGCGTGGAGAAGTTTTCGATCCAGGAGGTGGCCGACGCCCTCGAGGCCGACCACGGCTCGCCCTGCATCGACGTGCTCGTGCACTCGCTGGCCAACGGGCCCGAGGTGTCGAAGCCCCTGGTGGAGACGTCGCGCGCCGGCTACCTCGCCGCTCTCTCGGCGAGCGCGTACTCGCTCGTGAGCATGGTGCAGCGCATGGGACCCCTCATGCGCCCCGGCGGCGCCGTGGTGTCGCTGAGCTACCTGGCCGGAGAGCGGGTGATTCCGGGATACGGCGGAGGGATGAGCTCGGCCAAGTCCGCGCTCGAGGGCGACACCCGCACCCTCGCCTACGAGGCCGGTCGTCGCTACGGCATCCGGGTGAACACGATCAGCGCGGGACCCCTCGCGAGCCGCGCGGCCAAGGCCATCGGTTCGATC
CP144380.1_gap83	3224836	3225687	851	GCTCACCGGCCTCCTGATCCTCTCGTACTACTCGGTGATCGCCGGGTGGGTGGTGCGGTACGGTATCGAGGGCATCCTGCACGGCTTCGCCGCGGATCCGGGGGCGTACTTCGAGCAGGTCACGACCGGTGTGGCCCCGATCGTCTACCACATCGCCTTCATGGTGCTCACGATCACCATCGTGAGCGTCGGGGTGGAGAAAGGCATCGAGAAGGCATCGCTGATCCTGATGCCGGTGCTCTTCACGATCGTGATCGGGCTGGCCGTCTGGGCGGCGACTCTGGTGGGCTCGGGCGAGGGCTACAGCTTCTACCTCGCACCCTCGTTCGAGGAGCTGCTCAACCCCACCACCCTCGCGGAGGCGGGGGGACAGGCCTTCTTCTCGCTGAGCCTGGGGATGGGGGCCATGCTGACGTTCGCCTCGTACCTCTCGCGGCACGAGAATCTCAACCGCGAGGCCACCACGATCGCCTTCTCCGACTTCGGGGTGGCCTTCACGGCCGGGCTCGTGGTGTTTCCGGTGATCGCCGCACTCGGGCTGCAGAGCCAGGTGAGCGCGAGCACGGTGGGCGCGCTCTTCATCGCGCTGCCGGGCGCCTTCGTGGAGATGGGCACGATGGGCCGCGTGGTCGGCATCGCCTTCTTCTTCGCGCTGACGGTGGGCGCCGTGACGTCGGCGGTGTCGCTGCTCGAGGTGGTGACCGCTTCGATGATCGACGAGTTCAAGATCACTCGTCGGCCCGCGGCCATCGGGGCCGGCACGCTGATCCTGCTGGTCGGCCTGCTGCCGGCCACCTCGCTCGACGCCCTCGGCGTGATCGACTCGATCACCGAGTGGTTCCTGGCGGTCG
CP144380.1_gap84	3227534	3229576	2042	GGTCCGGCTCGAGGTGGACCTCGACGCACCGGTCGAGGGACTCGGGGTCGGCGAGCGCCAGCGCGCCGAGATCCTCAAGGTGTTGCTGCGCGACCCGGGCGTGCTCGTTCTCGACGAGCCCACGGCCGTGCTCTCCCCGGGTGAGGTGGAGGGTCTGCTCGCCCTGCTCCGGAGGCTGGCGGCCGAGGGCCGTGCCGTGGTACTGGTGGCCCACAAGCTCGACGAAGTGCTCGCCGTGGCCGATCGGGTGACCGTGCTGCGCCGGGGGCGCACGGTGCTGGAGGCGGCCCGGGCCGAGGTCGACGCGCGGGCGCTGGCCGCCGCGATGGTGGGCGAGGAGGAGGTCGGCGACCTGGTGGTGGTGGGGAGCCGAGAGGCGTCGCGCCCGGTCGGACTCGCCGATGCGCCGGCGCCCGTGGCCGTGCTGCACGACGCCGGTGTGGGGGACCGCCTGGCCGGCGTGGATCTCGAGATCCGACCCGGGGAGATCGTCGGTATCGCCGGTGTCGAGGGCAACGGGCAGCGTGCGCTCGCGCGCCTTCTCGCCGGTCGCGCCGCTGCGGACCGCGGGCGGGTGGAGGTGCCGGCCGAGGTGGCGTTCATTCCTCAGGACCGGCTTCGCGAGGGGCTGGTGGGGGGCTTCACCCTCACCGAGAACGTCGCTCTCGGGCTGCATCGCTCTCCCCGCTTCCGCCGCGGCCCCCTGCTCCGGTGGTCGGCGCTGCGGCGCCGCACCCGCGAGCTCATGGAGCGGTACCGGATCACCGCACCCGGCCCGCGCGCCCGCGCTTCCGCCCTCTCCGGAGGCAACCAGCAGCGGCTGGTGGTGGCGCGCGAACTCGAGGGCGATCCGGCGCTCATCGTGGCCGAGAACCCCACGCGGGGTCTCGACGTGGCGGCCGCCGCCTTCGTGCATCGGGTGCTCCGGGAGCGGGTGGGCGCCGAACGGGCGGCGGCCGTGGTGCTGATCAGTACCGACCTCGACGAGATTCTCGCGCTCGCCGATCGGGTGTTCGTGCTGGTTCGGGGACGCCTGCGGCCCGTGCCGGCCGAGGCCCGCACCCGCGAGGGGGTGGGCGCCCGCATGCTCGACGCCGACGGGCCCGGAGCGGGATCGTGACCCCCCGCTGGTGGGCGGCGGCCTCCGCCGTGGGGGCCCTGGTGCTCACCCTCCTGCTCGCCGGCCTGTCGCTGGCGGTCGGCGGGTACGATCCGATCGAGGCCTTCGGTGCGTTGCTCCGAGGGGCGCTCGGCTCGCCCTCGGCGGTGCTCTCGATCACCCTGGTGCGCACCGTTCCGCTGCTCCTCACCGGTCTCGCCGTCGCCCTCGCCTTCCGGGCGGGGGTGTGGAACATCGGCGCCGAGGGGCAGCTGTACGCGGGGGCCGTGGCCGCGGTCTGGGTGGGACTCCAGGTGGCCGCCTGGCCCGCGTGGGCGGCCGGATCGGCCGTGCTGCTCGGCGCCGCGATCGCGGGGGCGGCCTGGGCGGCGGTCCCGGCGCTGATGAAGCTCCGGCTCGGGGTGGGCGAGGTGATCACCACCCTCCTGCTGAACTTCGTGGCCATCGAGCTGTCGGCCTGGATGGTGCACGGGCCGCTGCAGGAGCCGCGGGGGGTGTTCCCGCAGACCGAGGCCATCGCCGAGGTGGCCCGGCTCCCGATCGTGGTGGCGGGCACCCGCCTGCACCTGGGGTTCGTGATCGCGGTCGGTGTGGCGCTTCTTCTCGCCGCCGCACTGCACTGGACGCGGGTCGGCTTCTTCGTCCGGGCCGTCGGCGCCTCGAACGGTGCCGCGCGGGTGTCGGGTCGCGTGCCCGTCGCGCGCGTGGTACTCGGTGTCTTTCTGCTGAGCGGTGCCCTGGCCGGCCTCGCGGGTGGCGTGGAGGTGTCGGGGGTGACCTTCGTTCTCTACGAAGATCTCTCCCCGGGGCACGGCTACACCGCCATCGCGGTCGCGCTGCTCGCCGGGCTGCACCCGGTGGGTGTGGTGGGCACCGCCGTGCTCTTCGGGGTGCTGGAAGGGGGCGCCTCGGCGATGCAGCG
CP144380.1_gap85	3247285	3248207	922	CCCGTCGCGTGAGGGGGGGGCGCACGGGTCGTACAGGCGGCGCGCCCCCGTGCCCAGGGTGTGAATGAACGTTCACTCATACCGGATCTCGCGTGAGACGCCTCGGGGACTCCGGCTCGGCCCCGCGGCGCGGCATCGCGGCTTCCGCGGCGGGGTACTAGATTGGCAGAGCACCTTACCACAACCCGATTTCGCCCGTGTCCGAACCCACTTCGATCCCCGCCCAGCCGACGTCGCCCGACCGCGGCGCCGACGAGGTCGGCCGCCGCCTCCTGCGCGCCATGCTCCCCCAGGCCGTGCCGGGCGCACCCGGCTTCGACGTGGCGGCGGGCACGATGCTCGAGAGCGCCGGACGGGCCAACACGCTCTGGGACACCGTGGATCTCGGTGACGGTCGCACCGCCTTTCTCGCCTTCGAGGTGAAGGCGCCCGGAACCCTGCCCGCGCACATGTTGGGGATGGCGCGGGCCGCGCTGCGCGCTGCCGGCGACGGTCGATCGCTTCCCGATCTGCTGGCGCGGGTCAACCATGCACTCGCCGCCGTCCAGCCCGAGGGGATGGATCAGTTCGTGGACTGCGCGGTGGTCGTACCGGGGGAGGGCGAGGTGGAGTGGAGCTGCGCCGGCCGCATCCCCGCCGGGGTGCTCGGCCGCGACGGCAGCTTCCAGGCGCTCGGCTCCCACGGGCCTCCGCTGGGTATGCTGGAGGGCTTCCGCTACGGAACCGAGCGGGCCGCCATGGTGTCTGGGTCCTCGCTGCTGGTTCTGGCCGGTGGCACGCCGGGGCTCTTCCGGGGTGCGGCCGATCTGGTGGCGGAGGTTCAGGAGAAGACCGCGGGCGAGGTCGTGGGCACGGTGCACCGGGCGGTGCGACGGGCACCCGGCGACGACGGCCGCGAGGTCTCCGTGTTGTTCCTACGCAA
CP144380.1_gap86	3251372	3253561	2189	TGCCGTTGCCCTCCATGTCTTCGAAGATGGCCCGATGCATGGAGTCGAGGCCCTGCCGCAGCAGTCCCTCGGGGGCGCGCCCGACGAACGCGAGCTGGGTTCCGCGTGTATGTGCCCACATGAGGAAGATCAGCGCTTCCTCCGCGGCGTGTGCCACGGGGACTCCGTCCTCCGTGGGGACTCCGAGGTGACCGAGGGAAACCTCGGCGTCGCCCTCGGCGATGAAGTCGGTGAAATTCTCCCAGACCAGTCGGGCGAGAGTGTCGCCCAGTTCGTCGGGAGTCATCGTGCGGGGTATGGTGAAATCGCCGGCGGCGTGTGCTGTATCCATCATGTGCATCGTCGGGTGACAAGAGTGTCGAACTTCTTCGTGCAATTCCAACCCCCGTGCGGGGGGTGTCAAGCGTCGTGTCCGGCGCGCCCGCGGTGCGGGCCTCCGGCCGAACTCGGGAGCGTCGTACCGTGAAGAGACTTTCGTTGGTGACCGCCGCCGCCGCCCTCGTGCTCGCCGGCTGCGGGAGCAGCGGACCGAGCCAGCTGCCCGAGCCCCGGCCGCTGATCATCCAGTCGGGTGCTCGCCTGACCCCGGTGGACGACGTGCGGATGCGGGAGGTGTACGACCAGGTCGACGACCTGATGAACGTGATCATCACCGATCCGTCGTTTCTGATCTCCTCCGACTCCGACGCCCGCGACGTGTATCCGTGGGAGACGCTCGAGATCGTGCCCGATACGGCATACATCCGCTTTCAGCGCACCGCGCCCGACGTCCGCGATCCCTACCAGATCTACGCCTTCCTGCACCTGATGCGGGAGGAGGGACGAATCGGCGACTACCTGCCCGAGGCGGAGGGCGTGGACGACTGGACCTTCGAACTCGCCGCCATGAAGGCGGTGTCGGACGCCTGGCTGCTCGGCCGCGCCTACTTCGACCTGGCGCCCTACGCGCTGCTCGACGAGGTGATGTACGCTTCGGAGGCGGGCTACCTGCCCGAGCTGCTGCTCGCGCTGCGTCCCGGCGAGTTCGAGGAGGCCCGCGCCGGTCTCGACCCGGTGCGAGTGGCCGCCTTCGAGGCCTGGTATCGCGAGACCTTCGGGGAAGACCCGCCGGGGAACGCCTGACGGTGAACCCCGACGAGCGCCCCGTCTCGCTCGAGATGGAGCCCGAGGAGATGCGTCGCCTCGGGTATGCCGCGATCGACGCCCTGGTCGACCGCGCGCAGGGGCTGCGCGACGACCGGCCCTGGCAGGGCGGCACCCGGCGGGAGCTCGAACCGCTCTTCCGCGAGGACTGCCCCGAAGAGCCGGGAGACGCCGACGCCGTGCTGCGCCGCGCGATCGACGACATCCTGCCCCGCGCGGGGCGAATCGACCACCCGCGCTTCTTCGCCTTCGTGCCCTCGTCCCCCAGCTGGGCGGCGCTCCTCGGCGACCTCCTGGCCACCGGCTTCAACACCTTCCAGGGCACCTGGCTCGAGTCGGCCGGCCCGAGCCAGGTCGAGCTGGTGGTGCTCGACTGGTTCCGGCAGTGGCTCGGCATGCCCGAAGGCGCCGGGGGGCTCTTCACCAGTGGAGGGTCGGCGGCGAATCTGGGCGCCGTGGTCGCGGCCCGGGAGGCGGCCGGTCACCCGGAGCGGCCGGTGGTCTACCTCTCCGATCAGAGCCACAGCTCGGTGGAGCGCGCCGCCCGCATCGCCGGCTTTCGCGAGGAGCACCTGCGCCGCATTCCCTCCGACGACGGCTTCCGCATCGACCCCGCCGCCCTCGACCGGGCGCTGGCCGACGACCGCGCCGCCGGTCGCACCCCGGTGCTGGTGGCGGCCAACGGCGGGGCGACCAACACCGGGGCGGTCGACCCTCTGCCGGTGCTCGCCGACCTGTGCGAGGCCCACGGCTGCTGGCTGCATGTCGATGCGGCCTACGGGGGCTTCGCCGTGCTGGATCCGCGCGGCCGCGCCGCCCTGACCGGTATCGAGCGGGCGCACAGCATCACCCTCGACCCCCACAAGTGGCTCTTTCAGCCGTACGAGACCGGGTGTCTCCTGGTGCGTGATCCCGCCGACCTGACGCGGGCCTTCCGGGTGCTGCCCGAGTACCTCCAGGACACCGACCTCGGCTTCGAGCAGGTGAACTTCGCCGACCGCGGCCTTCAGCTCACCCGGGCCTTCCGGGCGCTGAAGGTGTGGACC
CP144380.1_gap87	3310990	3313664	2674	CGTGGCGAGGATCTGATACGACGATCCATCTCTCCGTCCGGCGACGGCTTCGGCCAGGTCGCGAGTGAAGGTGCCGATCCCGCACCGCCGCGGCGGGTAGGTTCCGAGGTAGGCAAGGCGCAGCGGGGTGGCTGAATCGCCGGGAGCGGCGACCACCTAGCGCATGCGGCGGAGTCCGACCAGGAACCGCCCTCCGTTGAGGAAGTCGACGCCCTGCACGCCCAGGAAGACATTGTCGAGGTGGCGCATCGCGCCTCCCGACGCCTCCAGGGTGACGCCCGCGAACGTCGGCACGATGGCTTCGAAGTCGAGCCCTCGAAACAGGCCGACACCGATGCTCGCCATGGGAGCCACGCGCACGTTGCCGACCGGAAGCGCACGAAAGCGGTACTCGACGCTCAGCGCCGCCAGATACGTCGGCCTGGAGTCCCCGAAGCCCAGCACGATCGAGGGAATCAGGCTCGCGAAGTCCCATCGTCTCGTCACCGGGCCGATATCCGTGGCGAGGCCGAGCAGGATCTGGCTCGGGCCCGTGGTTGTGAACCCGGTGAAGAACCGCGTCTCCCGAAGCGACCGATCGACGGGCAAGGAGGCAGGGGCCATGGCGTCGGGCGACGTCTGCGCCGCGCTCCGGGGTGCCGCCGCCGGACTCACCGAGGGAGGGGGAGCGGCAGCGTTTCGGATCGCCCGCATGAGCGAATCGATGCGGGCTTCGAGCCGTTGAAGAGCGGCGGTCTGGCCGGTGTCGGTGGTCGTGCGCGCAGGATCGTCCAGCAGTCTGCGTAGCTCTTCACGGATGACTTCGCGCAGTTGTTCGGCACCGAGGGCCACCCGCTCTCCTGATAGCGCGCTGGCCAGCGGTCCAGTCCCCCGTGACTCGCCGAACCGAACGTAGAGTTCCCCCGTTTCCGGCACCGGAATGACGATGGTGCGGCCGTCCGTCGTGGTGGTGGTGTTGGGTGCCGGTGCGGCGACCATGGGTGTCGCCGCGCGCGGCTCGGGCCGAGGGGCGACCGCGGCGGGCGGTTCGCTCGGAGCGGGTGCTTCAGCGGAGCGGATCAGTCTGCCGCTTCCTCCCAGCACCAGCTTCAACCCCGCACTGACCTGCCAGTTGTTGATGAGTTCGTCGGGGTCGACCACCGATCCGAGATCGGGATCGGCAGAGAGGTCTGCGCCGCCCAGGATGTAGTCGCGCGCGGAGATCGAGGCTCGAAGGTGTCGGCCGAAGTTGAACTCGACGCCGGCCCCGAGAACTACGGCCGTCTGGTTGGCCGGGGCCGGGTCGGGTCCGTTTCCCCGGGGGGTCCAGTGAAGCTGACCGGCACCACCGGTCAGAAACGGGGTGATGCCGGGGCCCGCAGAGAGGGTGAACTGGGCCTCGCCGCCGACGATTCGGAAGCCGTTGGTGGTTCGGAAGTCGTCCTCGGTGCCCCACCAGTGAAAGGCGCGCAGACCGAAGAACGAGCCGAAGTCGACGCCCGCACGAATCCCCACCATGTTCTGCCTGTCGAGGCCCGTGGCGCTGTCGAAATCGAGACGTCCGATGACCGGTTCGATGGCGAGGGCGAAGCCGGAGAACGGGGACTGGTAGCGCTGGGCGAAGGCTCCGTCGAGGTCGTCTGCCGGGTCGAAGCTTCGACGGCCGAGCTGAACACCCAGTCCGGCTCGCAGTGTCAGGTTGTACTTCGCCTCGTCGGAGGTCGGCGTCGCAGGGTCGAGGAGGTTTGCCGCGTCGAAGAAATAGCGGGTACGATCGAGGCCGACCTCACCCTGCACTCTCTCCCCCAGCACGAATCGCAGTCCGCCACCGTAGTCCAGAGAGAGCCTTCGCGTACGCTCCATACCCTCGGCGCGGAACCGGAGCAGGCTGGCTCCACCGCTCACGACCGGAACGAATGAGCCCGTCCCGAAGGCGAGGGTGACCCGCGCACCGGACTGGGCGACGTCGATGGCCGGCGCCTCGGCCCGGTCGTTGAACAGCGAGACGCCGGTCTCTTCATGGTGGAAGGCTTCGAGGCTGACGTAGCGACCGAGACCGATCCCCATGGCGCCGCCCAGGAGACGGGTGTCGTCGAAGGGCAGCGCCTTGTCCCATTCGATCCAGCGGGCCCCCGGGGTGAGCGTCCAGGTGAGTCCCTGGGCCGCGACCGCGGTGGGTGCGAGCAGGAGCGCCAGAGCGAGGTTGAGCGAGACTCTGAGTACGTCAGACGCGCGCATTGGGGTAACCCCGAGCAGTGGAGGAGCGGAGGCGGGCCGATCGGGGCGTGCCTTCCGGATCCCCGAACTGAACGTTGTCGGCTCTCTCCCCTCGGAGGTATCGCGCAAACAGTCGAGGCGAGGGCTAGGCCGTTGGGGTGAGGTGCTCGGGCAACCTTTCGCACCGGGGAGCGGTACTGTTGTCGAGCCCGCGCCGGGAACACCGCCCGTTCTCCAGGAGGAGGACCCCCATGAGCGACACCGCGAACCCTGGCAGTGGCCCGTCTCCGGCCGATTCCCCGATCACCGTCGCTCTCATCGACGACAATCGGCTGGTACGCGAGGGCCTCACGGCGCTCTTGAGCCGGGTCCCGGACGTCCGGGTGATCCCCGGCGAGCCGGGCAGTTCCCAGTGGAGTTCGGAAGGTTGGACGCTCGACGTCATCCTTCTGGACCTCGGGCTGGACAATCGCGGGAG
CP144380.1_gap88	3366132	3369990	3858	CTACGGGGGGCAGGCCGGGGCGCTCGGACCGCTGCAGGTGCCCCCGATGGATCTCGCGCGGGTGGAGGTGATCAAGGGGGCGGCGTCGGCCCTGTACGGACCCACCGCGCTCGGCGGAGTCGTGAATCTGATCTCGCGCCGACCGGCGCGTGAGCGCGAGCTGATCCTCAACCAGAGCAGCCTCGACGGCACCGACCTCGTGGGCTGGTTCGCCGACGAGCTCGGCGACGACTGGGGGTACACGCTGCTGGCCGGCGCGCACCGGCAGGACCACGCCGACGTCGACTCCGACGGCTGGGCCGACCTGCCCGAGTTCGAGCGGTTCTCGGTGCGGCCCCGGCTGTTCTGGGATGACGGGGCGGGCAGCTCGGTGATGGTCACGGTGGGCGGCATGATGGAAGATCGCGCCGGCGGCACCCTGCCCGGGGAGTCACTGCCCGGGGGCGCGGGCTTCGTGGAATCCCTCGACACCCGACGCGTGGACGCGGGGGTGAACGCGCGCCGACTCTTCTCCGATCGCCGCGTGCTGACGGTGCGCGCCTCGGGCTCGGTGCAGGGCCACGAACACCGCTACGGCGACCTGTTCGAGGAGGACGAGCACCGCACCGCTTTCGCCGAGGTGGCCATGGCGGGCCAGGACGGACGCCATCTGTGGGTGGTGGGCGCCGCGGTGCAGCACGACGTGTTCGAGCCGCTCGATCTGCCGCGGCTGGGCTTCGACTACACGGTGCCCGCCCTGTTCGCGCAGGACGAGGTGGCCCTCGGCGACCGACTGACGGTGGCGGGAAGCGTGCGTTGGGATCACCACAATCGCTTCGGCTCGTCGGTGAGCCCGCGTCTGTCGCTGCTTCTGAACGCGGGGGGATGGACGACGCGGCTCTCGGGGGGCACCGGCTTCTTCGCGCCCACGCCCTTCACCGAAGAGGTGGAGGCCGTCGGGCTCACCCGTCTCGAGACCCCCGACTACGACGCGCTCGAGAAGGAGCGCGCCCGCAGCGTGATGCTCGACGTCGGCCGCGAGGTGGGCGTGGTGGAGCTCAACGTGAGCGGATTCGCTTCGGAGATCGACGATCCGATCCAGACGATTCGGGAGGCCGACGGATCGCTCCGCATCGCCAACGCGCCGGAGTCGGTGCGGACCTGGGGCACCGAGATCCTGGCATCGATCCACAGCGGCCCCTGGCACATCGTGGGCTCGCACACCTTCCTGCGCTCCACCGAGTCCGACCCCGAGGGCGAGGGCCGGCGAGAGGTGCCGCTCACCCCCGAGCACAGCCTCGGCATGATCGCCGCCTTCGAGCAGGAGGGACGGGGCCGCGTGGGGCTCGAGGTCTACTACACGGGGCGTCAGGAGCTCGACGACGACCCGTATCGCTCCACCTCGGAGTCCCATTGGATTCTGGGACTCCTCGTGGATCGTCGCTTCGGGCCGTTCCGCTTCTTCCTGAATGCCGAGAACATTCTCGACACCCGCCAGACGGAGTACGACCGGCTCGTGCGGCCCGAGCGCACGCCGGACGGGCGCTGGATCACCGATGTGTGGGCCCCGCTCGAGGGACGCTCCTTCAACGGGGGGGTGTGGGTCGCCTTCTGACGCGGGCGTGGGTCGGCGACGGTGGCGCGGCGCCCGCGCAGTCGCCATGGTGGAGCAGTTCGTCCCCCTGCCCCCGCCCTCCATGAATCGGCGCGCGTTCGGTATCTCGAGTCGACGGATCCTGGCTCTGCTGGGCGCCACGCTTCTGCTCGCCTGCGGAGGAAACACCCGTTCGAGCCCCTTCGGAAGCGGTCGGGCGGCGCCGGCCGATCCCGCGCAGGTGGTGGTCGAGAACCGCTACTGGTCCGACATGACGATCTATGTGGATCGGGCCGGGTCGCGGAGTCGCCTCGGCACGGTGAGTACCAACCAGACGCGCACTTTCGACCTGTCGCCCGTCGTGGCACCGCCGGGGGCCTCGGTCGCCTTCGTGGCCGACCCGGTCGGGTCGGCCGACACCTACTCCAGCCCCCGAACACCGGTGGTGCCCGGCGACCGCTACCGGTGGACGCTGGCCGTCGAGCTCGCCCACTCCACCCTCGTTCGCAGGTAGTTCGGAGCGGGTTTGCGGCGCGGAGGTTACGCCGAGGAAAGGAATTGGGGGAAAGTTTAAAATCTCTTCATGTCAACGGCTTCCTCGCTCGGGCGTAAGCATTTGACAACGTTGTGACGAGTGGTATTCTGCCGGGATGTAGCCATTTGTTTCTGGTTCCACGTTCCCCTTCTCGGTAGAGAATCTCATGAAGATTCGCGGATCGTGGGTTGCCCTTCTGCTGCTCGCCCTCCTCCCCGCCGTCGTGTCCGCACAGGAGCGGACCGTCACGGGCCAGGTGATCGCCGCAGAGAACGGCGCCCCACTCGCCGACGTCTCGATCCAGCTGGTCGGGACGCAGCGCGGTACCCTCTCTGGTCCCGACGGCGCCTTCCGGCTCGAAGTGCCCGCGGGCGCCGTGAGCCTGAGGGCGCAGATGCTCGGCCGCGCCACCCGGACCGTCGAGGTCGACGCCGGCGCGACCACCGTCCAGATCATGCTCAACCTCGACGCCCTCAACCTCGACGAGATCGTGGTGACGGGTGCGGCCACCTCGGTGGCCCGGCGCAACCTCGCCAACGCCGTCTCGACGGTGGCCGCCGAGGAGCTCGACCGGGCCCCGGCCTCGAGCTTCGAGCAGCAGCTCGCCGGCAAGATCGCCGGCGCCGACATCCAGTCCAACAGCGGCGCGCCGGGCGGCGGGCTCCAGGTGAGCCTGCGCGGCGTGTCGACGATCATCGGATCGGCGACCCCCCTCTACGTGGTCGACGGCGTGATCGTGAGCGACATCGCGGTGCAGAGCGGTGCCGACGTGCTGCTCAGCTCGGGAGGCGGCACCGGCTTCTCCTCCACCCAGGACAACGCCGCCAACCGGATCGCCGACCTCAACCCGAACGACATCGAGAACATCGAGATCCTGAAGGGCGCCTCGGCCGCCGCCATCTACGGCTCCAAGGCGAACAACGGGGTGATCGTGATCACCACGAAGCGCGGGCGCGCGGGCGAGCCGCAGTTCAGCCTCACCCAGCGCTTCGGCGTGTCGCAGCTGTCGAACAAGCTCGGTCTGCGTCGCTTCGAGACGCTCGAGGACGCCGTCGACGCCTTCGGTCCGACGGCCGCCGACTACTGGCAGCCCGGCGCGTACTACGACCACGAGGAGTTCCTCGCCGGCAACCAGCCGCTCTCGCACGAGACGGCGCTCAGCGTGGCCGGTGGCTCGGGCGAGACGCGCTACTTCGCCTCGGGCCTCGTCAAGCACGACGGCGGGATCCTGACCGGCACCTATCACGACAAGCAGTCGATGCGCCTCAATCTCGACCAGTCGCTCGGCGGCCGGGCGAGCATGGCGCTCAACATGAACGCCGTGCACAGCGAGACGGGCCGCGGGTTCACGAACAACGACAACCGGTCGGTCTCCTACTGGATGGCTCTCGCTTCCACGCCGAGCTTCGTCGACCTCCGTCAGAACGAGGACGGATCCTGGCCCGAGAACCCCTACGCCAACTCGAACCCGCTGCACACCGCCGAGGTGGCGCGCAACGACGAGAACGTGTGGCGGATCATCACCTCGGGTGACCTGCAGGTCGACGCGATCCAGTCGGACGAGCACACCCTGCGGATGAGCCTCACCGGCGGCATCGACTTCTTCAACCTGAAGAGTGTGGTGTTCGCGCCGCCGGAGCTGCAGTTCGAGCCGATCGATCAGAAGCCCGGCACCAGCTATCTCGCGCACAGCAACAACCTCAACCTGAACAGCAGCGCGAACCTGGTGCACACCTGGCAGCCCCGTAAC
CP144380.1_gap89	3381099	3384995	3896	GCCAGGGCACGGTGGAGCCGAGCACCAGGTACTCGAGCTCCCGCTGGGGCACGCCGCGCAGGCCGAGCACCCGGCCCATCGATTCGCCCGCGAACTGGCCGATGTTCACCTGCGCGAGCGCGGAGGTCTGCCAGGCGGGAAAGTACGAACTGCCCCAGGTGCCGTAGGGAATCCGGGCCCGGGGGAAGAGGGCGGGAGGGCTCATCAGCGCGCGTCGGCCGTCGGAGGTTCGCGAAAGTCGGGGATCGAAGTCCGCTAACCTACCGCCGAGGCACGAGTAGGGTCCACCGGCGGGCGGGGCGATTGACGGCGCGCGCGAGGGGGGGCACGTTCCCGCCCATGATCCCGTCCGGCCCCGACCATCTCATCCTTCTGGCGGCCGCGCTGCTCGTCGCCGCGATCGTGTCGAGCAAGCTGTCGACGCGGTTCGGAGTGCCGACGCTGGTGCTCTTTCTCGCCGTCGGAATGCTCGCCGGCGAGGACGGTCCCGGTCGCGTGGCGTTCGACGACTTCGGGCTCGCCCACGCCGCCGGCACGGTGGCGTTGATCCTGATCCTCTTCGACGGCGGACTGCGCACGCCGCTCGCCTCGCTCCGGCTGGCCTGGGGCCCCGCCCTCGCACTCGCCACCGGCGGGGTGGCGCTCACCGCGGGGGTGACGGGTGCGGTGGCCACGTGGGTGCTCGGTCTGCCCCCGCTCTACGGGTTCCTGCTGGGCAGTATCGTCGGCTCCACCGACGCCGCTGCCGTCTTCGCCGTGCTCCGCGGCCAGAACCTCGCCCTGCGCCCGCGCATCTCGGCCACTCTCGAGGTGGAGTCGGGGTCGAACGACCCGATGGCGGTGCTGATGACGCTGGGCGCGCTCGGACTGCTCACGGGCGCGATGACTCCGGGACTCGACCTGGTGGCCTTCTTCGGCCGTCAGGTGGTGCTCGGGGTGCTGGCGGGTCTCGGCATCGGATGGGTGGGTCGGCGGCTGGTGAACGGGGTGGAGCTGCGGGCGGCGGGGCTCTATCCGGCCCTCACCATCGGGGTGGCGCTCGCCGCCTACGCCCTGCCCGCCACCCTGGGCGGCAGCGGATTTCTGGCCGTGTATCTCGCCGGCGTGGTGATGGGCAGCGGCCCTCTGGTGTTCAAGCGGGGCATCTGGATGGCGCACGACGGAGGCGCCTGGCTCGCCCAGATCGTGATGTTCGTCACGCTCGGCCTGCTGGCCACCCCCTCGCGCATCGCGACCGTCGCCCCCGAGGGCGCGCTGATCGGAGCGGTGCTGATCTTCGCGGCGCGACCCCTGGCGGTGTTCGCGATGCTGCTCCCCTTCGGCTTCCGGGGCCGCGAGCTGGTCTTCCTGTCGTGGGCGGGGCTGAAGGGCGCGATCCCGATCATTCTCGCGGTCTATCCGCTTCTGGCCGGGCTCGAGCACGGCCAACTGATCTTCGACGTGGTCTTCTTCGTGGTGCTGTTGTCGGCGCTGCTCCAGGGGTGGAGTCTGCCCTTCGTGGCCGACCGCCTCGGGGTGCGGGCCGAGGCGGCACCGGCCCCGCCCGTGTCGCTCGAGATCACCTCACTGCGCCATGTGGACGGCGACATCGTCGACTACCTGGTGGGCCGCGACTGCTTCGTGAACGGCAAGCGGATTCGCGATCTGGCGCTGCCGGAGAGCGCGGTGGTGGCGATGGTGGTGCGGGGCGGGGAGGTGATTCCCCCGCGGGGCAGCACCGAGATCCGCGAGGGCGACCACGTGTTCGTGGTGCTCAAGGCGCAGGTGCGCGCGCTGGTCGACCACTTCTTCGCGGCGCGGCGCGAGGGGCCCGACCGCGCGGCCCCGGTGGCAACCTTTCCCCTCGCTCTCGACGTCACGACGGGGGCACTCGAGGAGTTCTACGGCATCCACCTCGACCCCTCGCCCGGGCGTCCGCTGGTCGACCTGCTCTCCGAGCGGCTCGACGCGCCCGCGGTGGGCAGTACGCTCGACGCGGGCGACTACCGGATCGCCGTGACGGCGGTGGCCGAGGGGCGGATCTCCGCCCTCGAACTGCGCGTGCTCGCGCTCGACTGACCTTCATCCGGCACGGAGTTCTCGAACATGATCCAGCGTCGCACTCTCGAAGGGGGACTCCTCCTCGGGCTGCTCGTCACCGCACCCGCCGCGGCTCAGGAGCGCGTGTTGTCGGCCGACGACCGCCTGATCTTCGGCGAGGAGTCGCACCTCCTCACCAACCGGGAGCGGTAGCCCGGGCTCAGCGCGTCTGTTTCTTCCGCCGGGGGCGCGGAGGGGGCAGGTGCTGGCGGGTGATTCGGATCAACTCGCTGAGCCAGGGGCCGTCGTCGATTCGGTCTTCGATCAGAAAGCTGTGCTTCGCGCCCGGATAGGCGGGGGCCTCCGTGGGCGTGCCGATGTAGTCGCGCCCGGCCTCGGTGGGTTTCACGAAGAGGCGGTCGTCGCAGATCAGGGCCACGATGGTGCCGCGACTGTAGATGCCGTACTCGCCGAACATCTTGCGGAAGGTCATCTCGCAGTCGGCGTCGATCTGGTCGACCACGTGCTGCACGAAGTCGTGCGTGGAGGCCATGGGGCCCTCGGAGGCTACGGCTGGCGGTGGGGCGGAAGAATGCGAGCGAGCCAGTTCACCATCCGCTCCAGCACCGCGGCGTCGAAGGGCCTCCCGCCCGTCTCATACTCCGAAGCCGGTGCGGAGTGCGCGCGAGCGAACAGGTGATCGAGGTGGGGGATCTCGCCGACCTCCACATCGGGAGAGACGCCCCGCTCCAGAGCGTCACGGGTGGCGCACAGCTCCGCCGTCGCCTCGATCTGCAGGTCTGCCGAGCCGGCGAGCGCCAGGGTGGGGCAGGGCACGCGTGCGAGTGCGGCCGCGGCGTCGTGGCGCAGGATGAAGCGCCACTCCCATTCGAGCAGGTCGTCCACGATCGGGTCGAGATCGTTCTCGTGCACACCGTGGGACTCCAGAACGGCCCGGAGCGACGCCCGGAGATCGGCCTCGGCGGGCGGGTCGAGGGGCGACGCGTCCACCCGCGCCAGCAGGTCGAAGCAGGTGGTCTTCCAGGCGAGCGTGGCCTCGGTCGCCGCAGCCGACCATCCCTCCGCCCGGGTGATGCGACGATGCTGCGCTTCGAGCACCGTGCGTCCGTCGCGTGCGGCGCCGGCGAGCAGGATCAGCCCGGTCGGCGACGGCCGTCGAGCGGCGAGACGGGTGGCGATCCACGCGCCCTGGCTGTGCCCGACCAGCACGACGGGCACGCCGGGCAGCGCGCGCTCCACCCGGTCGAGCATGGCCTCGGCGTCGGCGACCAGGTCGTCGGGGCCGCACCGGGCGTAGTGGGCCGGATCGTCCCACGAGGCCGCCGCGAAGCCCCGCGCGGTGAGTTCGTCTCGAAGAATCCGGAAGGTCGGGTGACCCGCCACGGTCTGGTCGCGATCCTGGCGGCCCGACCCGGAGCACAGGGCGAGCACGGCGCGCGGGGCGGCCGCCGGGCGATCGAGGGCGAGACGCGCGGCGGAGTCGGCCGGCGGGGAGTCGGGTGACATGGAGGGGTGGTGCCGGGTCGGAGGGGGTGGCTGGCCTCGCGCCCGGCCCCGGCCCACCTTGGGCCGCCATGAACGACGCGACGAACGACTCGGGGTCGGCAGCTCCCATGACCCGTCTCGCAGCAGCCGACCACGAGCAGGTGACCCTGCACCGAGACCCCTGTGCAGGCTACACCGGCATCATCGCCCTGCACAGTACGGTGCGTGGCCCCGCCGTGGGAGGTACGCGTCTGTGGTCGTACCCCGACGTCGAGGCGGCGGCGGCCGACGCGCTGCGGTTGTCGCGGGGCATGAGCTACAAGAATGCACTGGCCGGCCTGCCGTTCGGCGGGGGCAAGGCGGTGATCCTC
CP144380.1_gap90	3386094	3389061	2967	CGTGGGCACAGCCGGACAGCAGAAGGGCCCCGGTGAGGGCGGCCAGGGGGTGCGAGGTGCGGCGAACCATCGGGCGGGCTCCGCGGCTGAAGGGTGGGTCGGACCGAAACGGGGGCGTCGGCTAGCCGCCCACCGAGAAGTTGAACATCATGCCGCTGTGCATGTGTTCGGCGATGTGGCAGTGGAGCATCCAGTCGCCCGGGTTCGACATCTCGATCAGGATGTCCATGGTCGAGCCGACCGGCACGATGGCGGTGTCTTTCCACACCAGGTTCGGGTTCTCCACGCCGTCCATCGAGAGCACCAGAAAGCGCTGGCCGTGCACGTGGATGGGGTGGTTCATGGGGTGGAAGGAGTCGGGGGTGTTGAAGACCCTCACCTTCACCACGTCGCCCACCTCGAAGTCCCACTGGATGTCGCCGTTCTCCGCCCCGGTGTCGGTATCCCGCAGGATCCACTCCACCTGCTCCGCGGTCGACAGCCAGTTCATCATGGGCATGGCGTCGTTCCACTCGATCGGAGGCACGTAGAGCGTATCCATCTCCATCGACTGTACGATCGGCAGGGGCAGGTCGCGCACCCGCAGCGTGGTCACCAGGTGGTGGTCGGGCTCCCGGTCGAAGTGCTCGCGGAACGCATCGATCTCGGCCTGCACGTCGTCGTGTTCGCGCAGCGTGGCGAACTCGGCCGACAGATCGTCGGCCACGGCGCGCTCCTGAACGGTCACCCGAGACAGGGTGTCGACCTTCGAGTAGAAGGTGCCGCGGAAGTGGTTCACCGCCTGGATCGAGTTGGCGATCACCACCTCGCCGGCCTCCTCGAAGTGCACGTCGACCACGTAGCGCTCAGCGGGTGCGATGATCACGCTCTCCACCCGCTGCTCGCGTTCATATCGACTGACGTCGGAGGCCACCACCTTCACCGCCGCACCCCCGAAGGTGACGTTGAAGGTGCGGGAATTGGCCACGTTGGTGAGGTAGAACCGCACCACCTCGCCGCGCTCCACCTCGAGCTGGTGGTCGGTCACGCCGTTCACCATGAGCACATTGCCGAAGCGACCCATCAGCGCATGGGTCGGTGCGTCCAGGCCCCAGGGAATCGCGCCCTGCGCGTCCATGAGCATGTCGTCGAGGACGAAGACTTCCTCGCGGTTCGCCGGCCCGTAGTAGTCGGGGTCGGGCGAGGTGACGAGCAGATTCCCGAAGAGCCCGAGATCCTGCTGTACGTCCTCCCGCACATGCGGGTGGTACCAGTACATGCCCGCGTCGGGCACGTCGATCTCGTACACGAAGCTCTCGCCCGGCCCGATCGGATCCTGGGTGAGCCCGGGTACGCCGTCGAAGCGATTGTCGATCCGGATCCCGTGCCAGTGGATGGTCGTGGGCATCTGGATCTCGTTCACCACGCGCACCACCACGGTCGAGCCCTGCGGGGCCTGAATCAGCGGCCCCGGGTACTGCCCGTCGTACCCGAACATGACCATCTCGTGACCGTTGATGGTGCGCCGCACCATCGACACCGACATCGCGAGGGTGTCGCCGTCGGCCATCGGCACCAGCTCACTCGGTCGGGCCTCGGGCAGCGTGGCCGGGTCCATGCCCATGCCGGGCATGAAGGGCTCGACCACCGGCACCACCCCGTCGAGTCCGGGGAGCATGGGCATCTCCATGTCCATCGGGGGCATCCGCCACCCGCCCGACATCTCCATGTGCATGTGCGCGGAGTGGTCCATGCCGTCCATCTGCGCCCGAACCGCCGCCGGCGCGAGGAGCAGCGCGCTCGCGGCGATCCCGCACATCAGCCGCGCCCGCATGCCCTCAGCCCCCGCGGCCATAGCCCCACGCCGCGCAGTTCTCCTGCTGCAGGGGGCCGTGCCCGGCCATCGTGTGCATCATGCCGCTGCGCGACATGCCGCGGGTGACCACCGGCCCGCGCCAGCGCGCGGGTCCGCCCTCGACGGCCAGATCGGCCGGGTCCTCGAGGGTGACGATGGCGAGGAACTTGTTCCAGCCCACCCGGCCCGAAAACGCCTCGCCGGGCTCGATCACTCCCGCGTAGGAAACCTCCGACAGATCCGACTTCGTGAGCCACACGGCCCATGCGCCTCCGCGAGGGGCGGTCGGGAGTCCCTCGAACTCCAGATGCACGTCGTAGGTGTACGACCCGTCGGCACTCACCGACACGCCGAAGGGGGAGTGCACGAAGGTGACGGCCGCCGAACCCCGCAGTCGCGCGGTGCCCGGCACGTTCTTCGTGGTCACCATCTCGAAGGTGTAGTACTCCGGCGGCTCCGGATTCCAGCACGTGCCGCCCCCCGCCCCGGCCGCGACGGCGCGACCGGGGTGGGAGCCCAGAAGAAGGACGAGAGCGAAGAGTCCGGCGAGACGGGTCATCGATGAATCCTGTGAATCAGTTGCCGCCCGGGGCGTCGGCGTCGTCGTCGAAGGTGATCGGGCGACGGGCCGGGGCGTCCCAGTCCTGAGCCGACGAGATGTCGGGGTACCCCCACGACTCGCCGTTCCAGCCCTGGAAGCCGTCCATGCGAAAGGTCCACAGCCCGGTGCTCATGTCGCTGATCACGATCAGCCCGTCCTCGTTGCGCACGTCGACACCGAAGGCGCCGTTGAACATGGAGTAGCGGTCGGTGTTGGGCGGCCCGAGGTACGTGTCGTAGTACCCCACCGTGATCGGGTTGATCGGATCCTGGAGGTTGAAGATCTGCAGTCCGTCGAGGTAGCCCGACACGAACACGTAGGGCCAGCGCACCTCGTGGTTGTGCACGAGGTTCTTCCAGTTCGCGGTGAAGGCCGAGATCGGGCTGCTGATGTTCTGCTGCTGGCCGTCGAGGGCCGGCTGCAGGTCGAAGATCCGAAGCGGCGCGTACTGATACTCGGTCTCGGCGATCACGTAGCGACCGTCGGGGCTCGGCGTGAAGGTGTGGCCGTAGCTCACCCCCGACACGTTGGT
CP144380.1_gap91	3391371	3395258	3887	TCGGCCACCTCGTCGGAGGCCACGCGCGCCTCGGTGTGCGCCGGCACGCCGAACACCCAGGGCGAGATTCGGATCGGCGGCAGGCCGGGACCACTCGGCGCCACGAAGGGCAACGCGCCCAGCGGGCCCGACACCACGCCGCTGCTCGGTTCCAGAAGCACCCCGGTTTCTTCGCGCGTCTCGCGCACCGCCGTGTGGAGCAGACTCTCGTCGGTGGCGTCGTGGCGTCCGCCGGGCAGCGCCATGTGGCCGGACCAGGGGTCCCGGTCACTCCGCGCACGCTTGATCAGCAGCAGATCGAGGTCGTCGGGCCGCCCCCGCAGGACGACCGCGACGGCGGCTTCGATCGTCGACGACGAAGCGCCGAGAGGCGGGTCGTCGGCGTCCGAGGCGTAGGCCGCGAGTGCCCGTCGAACTTCCGGAAAGCGTGGGTCGAGCATGGCGGAACGTCGTGGGGCGTCCGGCACGGCTCAAGCCCCCTGCGCGGCGCGTCGATCCTCGGGGCATCATGACCACCCTTCCCGCCGCCGCCGAATCGGACCTCGATCGCCGGCTCCGTCTCGCCGTGCTCCTCGTTCTTCTGGTCGCGCTCACGGCCGCGGTCCTGAAGATCATCGACTACGGGTTCGTGCCCCCCGACGACGCGCTGCGCCACGCGGCCACCGCGGTGGGCGATCGGCCGTACCACGAGGTGCTGCTCTTCGACGAGGCGATTCCCGCGGAAGACTCCACCCCCGGGTGGCACGCCGTGCTGCGCACCGTGCACCGGGCGACCGGCTTCGATCAATACGCGCTGGTCAGTCTGTCGATCGTCTTCTTCTTCGGCGTCTTCACGATCACCCCGCTGTTTCTGCTGAAGCGTCCCGAGGCGTGGGGCGTCGTGCTGATGCTGGCGATCGTGGCCAACCCGGGCATGGCGTATCGACTGGCGCTCGGGCGCCCCTTCCTGCTGTCGGCCACGGCGGTCATGGTGCTCGTGCTGATCTGGCAGCGGCTGGTGGACGATCCGCGATCGCGCCCCGCCCTGCTGGCCTGCGTGGCGGTGGCGATGATCACCACCTGGCTCCACAGCACCTGGTTTCTCGTGTACGCGGCGCCGTTCGCCGCCGTGGTCACCGGGCACCGGCGGGCGGCCTTCGCCATGCTGGGAGCGGTGACGGTGGGTGTGGTGCTCGGTGCCGCGCTCACCCTGCAGCCGTGGTCGCACCTCACCTACAACGTGCTCCACGTGTTCAAGACCATGGGCACCACCCCGGGGCATCTGAGGGTGTCGGAGCTGCAGCCGTCGTACGGCGAGGCGTCGTACGTGGTGTGGATGGCGATCCTGATGCTCGGGTGGGCCACACTGCCCGAACTGCGCGCCCTCACCCTTCGGCACGCGGGGGTGACCACGGCGCTCGCGGGCTGGGTACTCGCCTTCACGGCCAACCGGTTCTGGTCCGACATCGGGCTGCCGGCGCTTCTCGCGCTCTCGGCGCTGCTGCTCGAGCGGGTGCTGCAGGCGCGTCTGCCCGCGCGATCGGGTACGCGCGGCGTGCTCGTGGCGGCGGTGGCGGCGGCCCTCTTCCTCTCGATCACCTCCAACCTCGTGCGCCGGTGGGAGAGCTCTCCGCTTCCGCAGGTGATCCGGCTGGCCGACGAAGAGGTGGGCGACGAGTGGCTGCCCGGTGACGGCGGCATCGTCTACAGCACCGAGATGCGGATCTTCTACAGCATGTATCTGATCTGGCCGGATGCACGCTGGAACTACGTACTGGGGCTCGAGCAGGGCATCATGCCGCGCGCCGACCTCGCCGTGCTTCACGACTTCAAGGAGACGGGGAGTTGGGACTCCCTTCAGCCCTGGGTCGACGCCCTGCGTCCGGAGGACCGGATCATCGTGAGTGCCGAGGGGCGCGACCTGCCCGAGTGGGAGGGCACGATCTCCGAGGAACTGCCCTACCGCGTGGTCGTGGTGCGACGCGCCGATGGTCAGCCGGCGGAGCCCTCCGCCCCGGCGTCGGACGCGGTTGCCGCCGACTCCGCTGCGGCGGCCCCGTACGCCGACGGCGGCACGATCCGGTAGCGCACCACCCGCTGCACGCCGAGGTCGTCGGCGGTGACGGCCCACATGTGATCGCCCCGGATCACCGGCGGCGGGTACGACGACACCTCGTCGGGCAGCGGCACGCGACCGAGGTAGGTGCCGTCGGTCTCGAAGAAGTCGAGGGCGTTCTGCGCGCGCCAGCGGCGCTCCACGGCGTCGGGCTCCGTCGGGTCGTAGTCGGGGTCGTCACCCTCCACCCCGGCCAACTCCACCCCCACCACGATCCGCCCGTCTTCGGCCACCGCGAAGTCGCTGAAGAACGCCTTGAAGTCGGGAATCGGGGGGCCGTCCCACCGCCAGTTCGGGTCGGTCCGGCGCATGTTGCGCGTGGCGAGTGCCTCGGCCTGCGCCTTCTCGCCCGGGGGCACGCGCACCGGCTCCACCTCCCGCTCGATGCGGAGCCAGGCGCCCGGCCGGAGGAGGGTGACGGCGTAGGCGTCGCTGATGCCCTCGATCCAGTAGCCGTCGGGGTGGTAGGCCGATTGGTCGTTGGGTGAGAAGGGCACGGTGTTGATCGACACGCTCGACCCCGATTCCGACTCGCGCCGCGCCTCGATGCGAGGCGGGTCGTACCCGCTGGCGGGCGCTCGCAGCGTGTCGACGATCGACCCGTCGGGGGCGATCCGCTGGCGCCCGATCTCCCATTCGCTCGCGTCGCGGTCGCGCTCCATCAGCACGGGGGTCAGCAGCGTGTCGCCGCGGGTGCGCACCAGCGGCGTGCTGGTGGAGAAGCCGCTCGGCACCACCGGCCAGGTGGCGATGCCCTCGCCCGATTCCGGATCGTACAGCTGGAGTCGGGCATTGCCGGGGTCGCGCACGGCCAGTCGGCCGTCGGAGAGCATCGCCATGCCCCCGTCCGGCTGCGACAACTCGCCCGGTCCCTCGCCGGAGCGGCCGAGGGTGCGCAGGTACGCGCCGTCGGCGTCGAACACCCGCACCGCCGGGATCTGCCCGTCCATGACGTAGATCGTGCCCTCGGGCCCGATCGCGATCGAACGGATGCTGCCGAAGATCTGCTCCGGCGGACCGTCGAACACCCCGACGCCGACTTCTTCCACCAGCCGGGCCTCTCCGCCCCACACGCTCCCCGACACGGTGCGCACCACGAGGGTGTCGGCCACCGAGTCGCGCACCACCTGCGGGCCGGAGGGGGCGGCCGCATCGCCGCCACAGGCCGCCGCCAGGAGGGCAGCCGCGGCCGCGACCGCCACCCGCGGGGCGACCGTCGTCCTCGGCGCGTCGGGCGCGGAGGGCGCCCGGATTCCGCGAGTTGCGGCGACCGAGCCCGTGCAGGGGGCGGGCGCGGAGGGCGTCCGCACTCCGCTAGCTGCGGCGACCGACCCCGTGCAGGGGGGTGGCGCGGCGGGCGAAGGGCGGAGGGCGTCCGCGGCGGGCCGGTGGGCGAGGGTCGGGTCGGTCATCGGTTCCGGGGCGTAGTGGGCGGTGCGGGGCGGGCGGGGCCTCGCCCCCCTGAGACGGCGCGAACCCTCGATGGGTTGCGGTGCGCCGCGCGGCGCGACGAAAACGTCGTATTCCATGCGTCCAGAAACGCGCGTACGACCTTCATGGTCACCAACGGAGAAAACGTCGTACTCGTCGTTTCGCGCAGCACCGCCCTTACGACGTTCTGGACGCATGAGATACGAAACGTCGTACCGGCGATTTCGAGGGCGTGGCATACGACGTTTCCGACGTGCCGCGGAGGGCGGGGCGCGGTCCCGGGCGACCTCCGCCCTACACGCCGATCGTGTCCGCGCCCCAGATGAGTTTGTGCAGCTGCAGCTGGAAGCGGGCGGGGAGT
CP144380.1_gap92	3530919	3534473	3554	ACGATCTCATCGTGCGGTTCCGGTCGTGGGCGGGGCGCCTTCATTTCGTCGAGCCCTCGTTCGTGCTCGAAGGCGGGCTCGCGGGCGTGCAGCCCGGCGACGTGGTGAGCGTCGAAGCGCGCCGGGGCCGCACCGGTTTCTGCGTGCGGACGGAGGTGGCGGCCGCCTGCGGGCTCGATCCGAGTCCGGTCGAGGGGTGGCGCCTGCTCTATCGCGACATTCACGCCCCGGGACCGTTCCCCCTCTTCACCGGCTTCTACGTGGCCGTCGTGGTGGGCCTCCTGATGGTGACCGGAGGCGTCCGCACCGCAGCGATCGCCACCGGGGGGCTGGTCGCACTCGCCTTCGCGCTCTCGCTCGGCACATCGGCGGCATGGCCGGAGCCGGTGGGGTTGGTGGGAGGTGCGCTGGTCGGAGCGGTCGTCTCCCGCCTTGGTCGAAGGTGGCGGGTTGCCGATACTCGGGTATAGCTTTTTCCCACGCCCGCAACGCGTCCTCTCCGCCCGGTTCGAGGCATGCTCCGACCTTCGTTCTGGCGACCCCTGGTCGTCTTCTCCGCCGCCTTCGGCGCGCTCCTCGCCGCCGATCCCTCGGCGGCTCAGACGCCCACCGAATCCGAGTTCTCCGGCACGGTCCGCTCCGTGACGGGTGAGCCGATCCAGCGGGCGGTGATCAGCCTTCGCGACCTCGATGGGCAGGTGGTGCGCTCGTTCGAGGGAGGGCTCGACGGCAACTTCGTGCTGCGCGGTCTCGGCATGGGCCGCTACGACGTGCGCGTGGAGGCACTCGGCTTTCGGCCGCAGGTGGTGACCGGCGTCGTGCTGCGGCCGGGCGCGGCCACCCGGCTCACCGTGGTGCTCGGCCAGGGCGGCGCGGGGGTCGACACCACCCGCGCCGCCGGCGCGAGCGCCGGGAGCGCCGTGGATCGGTGGTTCGACGCCTCCGAGTTGGCGGCGTGGCCCGGTGCCACGCCGGCGCTCGACAGCTGGCTCCCGCTGGCCACCACCACGGGCGAAGGGCTGGGCATGGCCGGGCTCCCGGGAGCGCACACTTCGGTGTTCATCGACGGGCTGCCCTTCCGCCCCGTGATGCCCTTCGGGCTGCGCGAGAGCGACCGCGCGCTGGGGATCGCCACGGGGCGCTCCATCGCGGCGGTCCAGCTGTCGCCCGTGGCCGATGGTCTCGCGTTGCGTGCGGGGGCGGGCGGACGGATCTCGATCCACTCGCAGCGAGGCGGCCAGCCGGGCAGCGGGTTCGACGTGGCCGGGTCGGCCGGGCCGCTGCGCGGCAGCGAGGCCGACCCCGACGACGCGCCGGGGGCGCTCTCCCTTCAGGCCGGCGGACTGGCGTCCCTCGCCCCTGAATCGAGCCCCACCAGCGTGGTGCTGGGTGCCGACGTCTGGCAGGTCGAGCGCCCCCGGGCGGGGCTGTTGGCTTCGGACGGCGACGTCGACGGGGTGACGGCGCCCTGGGTGGAGCAGCGCCGCGGCGCGGCCGCCTTCGCCCGGTTCGACCGGGCCGTCGACGGGGGCAGCGTGTGGGGCACGGCGCGACTCGCGGTTCAACCGGGGGTGACCGACCTGACGGGAATGGCCTGGGGCCTCGCCGACACCGGTGAGCGCATCGACCTGCTCGCGGGCGGCGGACTGATCGCCCCGGTCGGGCGGCGCGAGGTGCTCGACGTGCGGCTCGGGGTGACCCGGTCGGCCTGGTCGTCGGCGGCCGTGGCCGGGGCCGAGCTGCCCTTCGAAGCCGGCGCGCCGACCTTCCTCGACGCCGCCACCGGGCTGCGCGGCGGACCCGGGCCGATCGAGGCGGAGTCGGCGAATCGACTCGACGCCGACCTGATCGCCACGATGGTGCTCACCCGAGGCGCCCACCGCATGCAGGTGGGCATTCGGGGCGGGGTGGCGGCCCACGCCCAGGACTTCGGCACCGCCCCCTGGGTGAGTTCGCGAGTGGGTGAGGGCGCTCCGATCGGGAGCTGGACGGGCGCCTTCGAGGCGCGCCGGTACCGGGGCGAGACGACGGCGACGGTGCCCCGGTTCGGCGTGGTGGCGGAGGACGCCTGGCGGGTGTCTTCGTCCACGATGCTGCGGGTGGGAGCGTCGTTCGACAGCGAGTGGCTGCCGATCGTCGACATCCTGCCCAACTCCAACTGGTTCGGCGCCTCGGGTCTGCGGCCGGTTTCCATCGAGGAGCAGCTGACCGGGGTGTCGGGGTTCGCAGACCTCGTCTGGTCGGGCGCGGGGGGCACCGAGGTGCGTCTCGGCGGTTCGTACGAGAGCCATCCGTTCGATCCGTCGCTGCTGATCGAGATCCTCAACTCGTCGGACTTCGACGTGTACGCGGGCCGGGCGACGGCTCCCTGGCCCGAGGTGGCCTCGGGCGCGGCCAACCCCAGCACCATCGTGCCGGGCTACGGGTACCTCGTGGCCGAGCCCGAGGCTCCCTCGACGGTCCGGGTCTCGGGGGGCTTCGCCCGGGCGGCCGGAGCGGTGCAGTTCTCGGCCGGCGGCGTCTTCCGGCGCTCGGATGGCCTCACCCGGCGGCGCGACCTCAACCGAGGCGCGGTTCCGCACGGCTCCGACCGGAACGGTCGTCCTCTCTGGGCGCAGCCGTCCAAGGTGGGCGCATGGCTCGGAGCGGATCCCGCAACCGTGGGGCGGTTCGAGCAGTTCGGGCCGGTGTGGGAGCTCGACCAGGGGGGCTGGTCGGAGTACCTCGGCGTGACGGGGCGCATGACGGTGCGCGCCCCCGGGGGACTCCAGGTCGGCGCGGAGTACACCTGGTCTCGAACCGAGGACAACGTGCCCGGTCTCGCAAGCCAGGGCATGCGGCAGGGGGTTTCGCTCGAGGCCGCCGCCGGCGACGACGCCACCGAGGGCGTGTCGGACCTCGATCGTCCGCACCGGGCGACCGGGGTGGTGTCGTTCCCGTTGCCGATCGGCACCGGGAGTCGACTCTCGGCCATCGGCCGGTTCATGTCGGGTGCACCCTTCACGCCCGGCTACGCCGCGGGTGTGGACGCCAATCTCGACGGCGTGAGCGGCAACGACGCGGCCTTCGTGGCCGACGCGGCGGCGGGTACCCACGGCGATTGGGACTGTCTCGACGACGACCGCGGGGCCTTCGCAACCCGCAACGGCTGTCGTGCCGCCGACGTGAAGACCCTCGACCTGCGCCTCGAGCTCGGGCTTCCCGGTGCGGGTGTCCGTCTCTTCGTCGACGCGTTCAACGTGCTCGACGAACGCCGAGGCCTGCTCGACACGGCGCTGCTTCGCGTCGATTCCGACGCGGGACTTCCGGCCGTCGACGGCTCCACGGCGCTCCCCTTCGAGGTGAATCCGGGCTTCGGCTCGGATCTCGCCGATCGTTCAACCGGCCGCATGCTGCGCGTGGGCCTGAGGGTCGTCCGATGAAGAGTCCTGTCGCAGTTCTCGCCCTGGTCGGAGCCCTCGCGCTGGCGGGGTGCGACCGCGACGCCCCCTTCGGTCCGCTGCCTCCGGGCGAGGCCTCGGTGGCGGTTCAGGCCTTCTACGAGTACGACCGCC
CP144380.1_gap93	3535961	3536484	523	TGTAGATCGCGGCGTCGACGAGCTGGTTCATGCGGCGCTGCCACGCCTGGATCCGCCGAATCCGGGAGTGGGCGATCTTCGCCTTGGTTCCGGACCACTTCCGGGCGTGGCGTTCGCGGGCGAGCGAGGGCGCGTCGATCCAGTCGATCACGAGTCGCTGCGGAAGTCGGCCCGCCCGGCGCAGCCGCGCCACCAGATCGAACACCCCGTCGACCGCGAAGACCGCATCGTACGGCCGCTCGGCCAACACCTTCAGAAGAGCCTCGCCCCGCACCCCGCTCAACGGGTCCATCATCTCCCAGGGGGGGCGAGCCGGGTCGAGGAGCCCCCGGGCCGTGCGGCGCAGCCGGTTCAGCTTCCCGAGGTTGGGGTGGGGGAGCCGCCGCACGCTGCGGCAGAAGCCCCCGGCCTCGTCGAGCAGCGCGGGAGCGTCGGACCGCGCCTCGTCGACCAGCACGAGATCGACATCGTGGGCTCGGGCGAGGTGCCGCACCATGGGGTTGATACGGAGGGTGGCGCCGTT
CP144380.1_gap94	3538583	3542928	4345	ACGCTGGGCACGCGTGTGGGACTGCAGTCGCTCATGACGACCGTGGAGGAGCCGTCGGGCGTGAGCGGCCCGTCGATGGTCATGCACTCGACCGAGCCGGTGACCATCTCGGCCACCGCCAACGCGGGCGCGGCGACGCAGCTGTCGATCTCGCCGGCCTCGCTGACTCTGCAGGACGGCGGCACGGGAAGCCTCTCGGTGCGCGCCTTCGACGCCTTCGGCAACGTCACCGCCTCCGGTGGCGTGCAGTGGACCTCGGCCGACGCTCAGGTGGCGACCGTGTCGTCCAACGGCGGCGTGGCCGCCGTGGCCGAGGGCCAGACGACCGTCACCGCACGACTCGGCGACGTGGCGGCGAACGCGACCGTCACGGTCGAGGGGGGCGATGAGCCGCCCGCCGATCAGGACCCCGCCCGGCTGTCGGACGTGCGCGTGGTGTCCACCACCGAGAGCAGCCTCGTGGTCGAGTACACCCAGGTGGACGATGGCACCGGAAACCCGGCCATCTCCGAGATTCGCTACGCGCTCTCCCCGATGGGGTGGGGCTGGGGCACGGCGACCGTGCTCCAGAGCGGCAACTGCGCCTCGCCGATCCTCGGGTCGAGTGTGGGGGCCACCCGCCGCTGCGTGATCGAGGGGCTGAACCCGGGCACGACCTACGACGTGCAGATGGTGTCGTGGCGCATCGACGGGGGAACCAACACCTATGCCCCGCTGTCCAATGTGGCGTCCGGTCGCACCACGGAGGTCGAGGTGCCGCAGGGCCCCGCGGTTGCCGAGGTGGTCACCTCGCCCGCATCGTTCACGCTGGACGAGGTGGGCCGGACCTATCCTCTGGTGGCGGTGGCCTATGACAGCAACGACAACGTGGTCTCGACCCCCTTCACCTGGACGTCGTCCAACCCCGCGGTGGCCACGGTCTCGGCCGGTGGTACCGTGACGGCCACGGGCGCCGGCACGGCGATGATCATCGCCACGGCCCTCTGCTGCGCCGAGGCCGACACTTCGATCGTGACGGTCAATCAGGTCCAGACGCCGCCTCCGCCTCCGGCGACGGGGGGCTCCGCCTGGTACGTGCAGGACTGGCAGTTCAGCAGCCTGAGTCAGCTGCTCGCCGACCCGTCGCTGTCGAATGCGACGTCGGGCGGGGGCTCGCTGCAGCTGCTCTCGAACGCGGGCGGGCCGGGCTTCAGCCGCGCACTGCGGGTGCAGTTCGATGCCAATGCCGGTGGTGAGCCGCAGGTGGGGGTCGACATCCGATTCCCCGACGCCGCGGCGGACCGACCCCGCGAGATCTGGTTCGAGTACTACGCCCGGTTCTCGTCGAACTGGGAGGTCGATGGGCCGTACGGCGGCTCCGCCGGCCACAAGCACCTCTTCCTCTTCGATCAGGAAGAGACCGGCGCGGGCCGGTGGGAGCACATCACCGGACTCTTCGGCAACAACATGTCGATGCAGATCGCCGGTGACCTCGGTCCGGGCGGAGTCCAGAAGCCCTTCGAGCCGAGCTTCCGCGCCCTCTGGGACGGCAACTGGCACCGATTCCGCTGCCACGCGCGCATGGATTCGCGCAACGGCGTGTGGGAGTGCGAGATCGACGGGCAGACCTTCAGCTGGGGCGTGGGCGACACCGATCGCGGGTCGCAGTACTACTTCGCCCAGATGGCGCTGTCCCGGAACCTGAACAAGGGAACGGATCGGACCATGACGCTCGACTTCGGGCCGGTCCACGTTTACACGGCGAATCCCGGCTGGTAAGGTCCAGAGGATTCGAGGCCGACACTCGATGGGCGTCCGGCCTGACTCCGGTCAGGTCGGGCGCCCATTCGGCGTTTTCGAAGGGTACGTTCCAGGGAGCCGTATCGCCGTGACCAGTGCCGCCACCTCTCGAGCATCTCTCCGGTCGCCCGGAGGAGCACTGCCGCTCCCCGTGGGCTGGCGGGAGATCGTGGTGGTCGGGTTGATCCTGACCTATCTGTGGCGATTCCAGGACCTCTCGGGAATCTTCGCGCCGTTCCGCCTCGCGGCGCTCCTGACGCTGGCGTCGTGGGCCTACCTGGCGTTCCAGCCGAACTGGCCGACCTTTCGCGCGGCGCTGTCGCGTCCCTACGCGGTTCTCTTTCTGGCCTGGACCGTCTGGATCGGGATCGGCGTCCCGTTCGCGCTGCTCCCGAGGTATGCGTGGGGGTTCTTCTCCTACACGCATTTCGGCAACGCGATGATGTTCATCTTCCTGCTGGCCTCCATCGGGGTGGTCCGGCAGTATCGCGTCGCCGTGGCGGCCCACTGTCTCGGGGCGGCCGTCATTGCGGCCTTCTACGTGAAGCAGGGCTTTCCCACGTTGTGGACGCCTCTCACGGGTGTGGATCGCAACGATCTGTCGTTGATGCTCAACACCGCGCTGCCGTTCATGGTCTACTTCGCCTTCACGCTCGACAATGCGTGGTACCGGCGAATGGCGGCGGCCGGGGCGTTCCTCTTCGCCACCTGCATCGTCTTCTCGCAGTCGCGAGGAGGGTTCCTCACCCTGGCCCTGCTCGCGCTCTTCATCGGCGTGCGGTTCCCGAAGATGAAGGTATGGCACCGGGTGGTACCGATCGTCGCGCTGATTCTCGGTGTCGCGCTCGCGCCCCCCGAGGTGCAGGACCGCCTGCGCACGATCCTCGAGACGGAAGACGACTACAACGTCAACGACGATCTCGGGCGCGTACAGATCTGGCAGCGCGGACTCGGCTACCTGATGGACTCGCCGATCACCGGGGTGGGGGCGAACAACTTCGTGGTGGCCGAGGGTACGCTGGCGGTGCAGTCCCGCATGGTGCGGGACTGGAAGGCCTCGGTCGCCCACAATGTGTTCGTTGAGGTGGGCGTGGAGACAGGCTTCGTGGGTGGGTTCCTCTACCTCACCATGATCGCCACGGCCCTGATCCGACTCTTCCGCCTGCGATCCCGGGTTCTGCGAGCTGGACTCGACGAATCGTGGGGCATGCTGGCGGACGCGAATTTCGCCGCGATCGCCGCCTTCTGTACCGGCGGCATGTTCCTGTCGTTCGGCTACTCGCCCTTTCTGTTCTTCCTTCTCGCCATGGCCGCGGGTCTGGAGCGGTCGGCGGAACGGGCAATGCGAACGGCGGCGCCGACCCCCCGTCGAAGGAAGGGTCGGCGCGTTCGTCGCTCGGGATCGGGTGTGATCCTACCAGCCGGGGTTCGACGTGTAGACGGTCACCGGACCGAAGTCGAGGGTCATGGTCCGGTCGGTCCCCTTATTCAGATTCCGTGACAGCGCCATCTGGGCGAAGTAGTACTGCGACCCGCGGTCGGTGTCGCCCACGCCCCAGCTGAAGGTCTGCCCGTCGACCTGGCACTCCCACACGCCGTTGCTCGAGTGCATCCGCGCGTGGCAGCGGAATCGGTGCCAGTTGCCGTCCCAGAGGGCGCGGAAGCTCGGCTGGAACACCCGCTGTTCTCCCCCCGGTCCGAGGTTGCCGGCGATCTGCATCGACATGTAGTCGCCGAAGAGCCCGGTGATGTGCTCCCAGCGTCCGGCCCCCGTCTCTTGCTGGTCGAAGAGGAAGAGGTGCTTGTGGCCGGCGGAGCCGCCATAGGGCCCGTCCACCTCCCAGTTCGACGAGAACCGGGCGTAGTACTCGAACCAGATCTCGCGGGGCCGATCGCGCGAGGCATTGGGGAATCGGATGTCGACCCCCACCTGCGGCTCACCGCCGGCGTTCGCGTCGAACTGCACCCGGACGGCGTTCTGGAATCCGGGGCCACCGGCATTGGTCAGGAGCGACAGACGTCCGCCCCCGTTGGTTGCATTGGACAGGTGGGACTGGCCCAGAAGGCTGTTGAGCGTACCGTAGCTCCAGTCTTCGCGGAACCAGTATGCGCCCGACGACGTGGCGGCCACGGCGACCGAGGCGGAGGCGGACAGGCCGCCTCCCGACACCCGGATCGTGGTCGAACCGGGTGCGACGCCGGTCACGCGCCCCACGGAGCTGACCGAGGCGATCGAGGGGTTGTCGGACGACCAGGTCAGTGCCACACCGGGCACCAGAGCCCCGAGCACATCGAACACCTGTGCGACGAGGTTGGTCGACGACCCGACGGAGAGGGTGCTCGAGGCGGGAGACACCGTGAGCAGCGCCGGCAAGCCGATCCCGCCGCCTCCGTCCACGGCCTCGACCGTCACGGTCGAGGTGCCGGTGCGGCCGTTCGCCTGCGCCCGGATCGTCGCGATGCCCGCGGAGTTGCCCACCACTCGGCCCGACGCGTTCACCGAAGCGATGGAGGGGTCCGAGCTCGTCCAGCTGAACTGGACGCCCGAGACGATCGACCCCGAACC
CP144380.1_gap95	3555133	3556794	1661	GTCGGGCGACTTTCTGTGGAACGCGGGCATCTTCCTCTTCCGCGCCTCGCGCCTGATCGAGGAACTCGAGACCCATCGGCCCGAGATGGCGACCCGGCTCCGGCGCGCCTGGCAGGCCGGCACCCCGGTCGCCGCCTCCGATGCGTTGCGGCTCGACGAAGAGGCGTTCGGAGCGATCGCCGGGGAGTCGATCGACTACGCGGTGATGGAAGAGACCGACCGCGGGGCGGTCGTACCCCTCGATGCCGGGTGGGACGATGCCGGTTCCTGGGATGCGCTGCTCCGGCTCCAGGAGGGCGACGGCCACGGCAACGTGGTCGAGGGCGACGTGGCCCTCGAAGACGTCTCGAACAGCTACGTGCGCTCCTCCGGGAGGCTCGTCACCTGCGTGGGCGTGGACGACCTCGTCGTGGTCGAGACCCCCGACGCGGTGCTGGTGAGCGGCCGCGACCGCTCCGGGTCGCTCAAGAGGGTGGTGGATCGACTCCGTGCCGACGAGCGTCCGGAGACCGACCTCCACACCACGGTGCACCGGCCCTGGGGGCGCTACACGGTGCTCGACCTCGATCCGGCCTTCCAGGTGAAGCGCATCGCGGTGGAGCCGGGCGGATGCCTGTCGCTGCAGTATCACCACCACCGCGCCGAGCAGTGGGTCGTGGTGCGCGGCACGGCCACCGTCACCCGCGACGACGAGGTGCTCACGGTACAGCCGGGGGAATCGGTGGCGATCCCCCTCGGGGCCGTCCACCGTCTCGAGAACCGGGGCACCGGCCTCCTCGAGATCATCGAGGTACAGACCGGCACCTACTTCGGCGAAGACGACATCGTGCGCCTCGACGACCGCTACGGCCGCAGCGAGACGGGCGCGGAGGGCTGACCCCGGCAACGGGCCGGGGCTACCGCGCCCGCCAGGCCGCGATCACGCGAGCGGCCGCCTCCTCCACCGTGGTGCGATCGGTGTCGATCACGAGCGCCGGATCCGCCGGACGCTCGTAGGGAGCGTCCATGCCGGTGAGACCGGTCAGACTGCCCTGGGCGAAGGCGGCGTAGAGACCCTTCGGGTCACGCTCGATCAGCACCGTCTCCGGGGCGGTGATCTCGATCTCCACGAACCGTTCCGCCCCCACCCGATCCCGCACCCGATCGCGATCCACCGCGTAGGGTGAAACGAAGGCCGCGATCACCACGCGCCCGTTGTCGGCGAAGAGGCGGGCCACCTCGCCCACGCGGCGGATGTTCTCGCGGCGGTCCCCGGGCGAGAAGCCGAGATCGCCACAGAGTCCGTGTCGCACCGCGTCGCCGTCGAGCAGCATGGTGTCGACGCCCTCGTCGAAGAGGGCCCGCTCCACCGCGCGCGCCACCGTCGACTTGCCGGCGCCCGGTCGCCCCGTGAACCAGATCACCGCAGAGCCGTGCCCGCTGCGCGCCTCCCGCTCGGCTCGGGTCACCCCCTCGTCGGGCATGGTCACATTCGGCGATACGGGGGTGTCGGCTTCGAGTCGCGTCTCTCCGCCGCGGATCATGCCGGCGGCCACGGTCGCGTTCGTGTGCGGGTCGATGAGAATGAAGGAGCCCGTCTCGATGTTCACCCGGTAGGAGTCGAAGAAGATGGGCCGGGTGGCGTCGAGCACCACGCGCCCGATCTCGTTCAGTTCGAGGGT
CP144380.1_gap96	3704567	3707475	2908	TCGCCCGCGTCCTGCTCCCCGCACCCGCCCCGCCCATGCGTCGCAGCTCTCGCCTCGCCATCACCGCCGCCGCCTTCGGGCTCCTGCTCGGCGGCTGCCGCAGCGCCCTCCGCGTCACCCCTTCCGACGCCGACGTGGTGCTGGCCCGCCGCACCCTCGAGGCGCCGGACCCGGGTCAGCCGGGCGCGTACACGGTCGGCACGCTGTTCTACGGCAGCGGCACCGACCGGAATCGGCCGGAGTACCGCGACTCGGTGTCGATCGAGACGCCCTCGGTCGACGCCTCGAAGCTGGTGGACCTGGGCGGGTCGGCGAGGGAGCGGAACGACTACTGGGGCTTCACGCCCGAGGAGTTTCCGCTCAATGCGCGGGTGTGGTATCCGGAAGGGGAGGGCCCCTTTCCGCTGGCGCTCGTCGTGCACGGCAACCACGACATGCGCGATTTCAGCGACCCGGGCTACGACTACCTGGGCGAGCTGCTGGCGAGCCGGGGGATCATCCTCGCCTCGATCGACATGAACTTCATCAACGGCGGGATCCGCGAGGAGAACGACGGGCGCGGTTGGCTGCTGCTCAAGCATCTCGAGCTGTGGGAGGGCTTCAACGCGGATCCGTCGAACCCCTTCGCCGGCAAGGTCGACATGACCCGGCTGGCGGTGATGGGCCACTCGCGCGGGGGCGAGGCGGCCCCGGTGGCGGCGGCCTTCAACCGGCTGAAGCGCTACCCCGACGACGCCACCCTGGAGTTCGATTTCGATTTCGACATCCGGGCGGCCGTCTCGATCGCGCCGGTCGACGGCCAGTACCTGCCCACCGGACGACCGCTGCCGATCGAGAACGTCGACTACCTCGTCTTCCACGGCTCGCACGACGGCGACGTGACCAGCTTCCACGGTCTGCGCATCTGGGATCGGCTGCGCTTCACCGACGGAGAGGACCACTTCAAGTCGGCCATCTACATGTACCGCGCGAACCACGGTCAGTGGAACTCCGTGTGGAACTCCTTCGACAACGGGCCGCGCTCCCCGCGAATCCTCGATCTGCGCTATCTCGTGCCCCCGGCCGATCAGCGGCGGTTCGCCGAGCTCTACGTCACCGCCTTTCTCGAGGCCAGCCTCAAGGACGATCGACGCTGGCTGTCGATGTTTCGCGATCACCGGGTGGTGGGCGAGTGGCTTCCGGAGTCGATGTACATCACCCGCCTCCAGCACAGCTCCTTCCGGGCGCTCGCCGACTTCGAGGAGGACGTCGACGTCACCACCGGCTCCGCCGACGGGGTGACGCTGATGGGCGACAGCCTGGACACCTGGCGCGAAGAAACGCTGCTGCTGCGGTCGTCGAACCGGGCCAACACCTCGGCCTCGCAGGCCAATCAGGCGCTGCGTCTGGCGTGGAACAATCGGCTCGCGGGGGCCGACACCACGCGCCACGGTCCCCCGGCCACCTTCGAGGTGACGGTGCCCGCCGAGGTCGTGCGGGAGTGGGGTGTCGGCGAGGGACACGCGGTGGAGCTGTCGCTCTCGGCCACCGAGCGGATTCCCGGCCCGCGGCGCGCGCCCGGCGACGACGACGAGGACGAGGAGAACGACGAGCGGGACGGTGATCGGGGCTCCGGGGAGCGGCCCGATCCCGATGCACCCAAGCCGCCCGTCGACCTGTCGATCCAGGTGGAGGACGCCGCCGGGCGCACGGCCTCGGTGCCGCTCTCCGACTACGGTCCCATTCGTCGCCCGCTCGAGATCCACATCCTCCGGCGCACCGACCAGGAGACCCGCGATCCCACCGAGCTGGTCCTTCAGTCGTACCACATTCCGCTCGCCGATTTCGCGGCGATCGACGGAGCGCTCGATCTGGCGGAGATCCGCGCCGTGCGGCTCGTCTTCGACCGCGCGGCCGCGGGCGAGGTGCTCGTCGATGGCATCGGATTCTCGGCGATGGGTGCCGACTTCTGGCAGGCGCGGATGCGCTGACAACTCCCCTGCTCGAGTAGCTTGTATACAGTCTTCCGACTAGAATGCCGACACTCGACACGACATAAGCGCACTCCGGCCCCCCGCGGTTTGCGATCGACCCATCCCTGCCCCCCCGCCAGGAGCTTGTGGTGTCCCGATCGATCTCGCGTTCAGGGTCTCCGTTCGGTATCGCCCTGATCGTCGTCACGGCGCTCTGCGCCGTCGGTCCGCAGTCCCTTTCGGCGCAGTCCACGGCCGAATTCGACGTGTCCATCACGGTCGAGAACAGCTGCACCATCGCCGTCACCGATCTCGACTTCGGCACGGTGTCCGACCTCACCAGTGCGCAGGACGCCGCCACCACGGGGTCGGTGACCTGCACCGGGGCCACCCCCGTGTCGGTGTCGTTCAACGCCGGCACGGTGGCCGGAAGCACGATGGCTGCCCGCCTGCTCGGGTTCGGTGCCGAGACGATCACCTTCAATCTGTACCGGGACTCCGGGCGGACCGAGGTGCTCGGAGACGGCACGGGGGGCACGGTGACGATCGACTTCACGAGCACCGGGGGTGCCGACGGCCTCTCGGTGTTCGGACGGACGGCCGCGGGCCAGAATCCCAAGCCGGCCGGCACCTACTCGTCGACGATCACCGCCACCGTCACCTGGTAGTCGGCGGTGTGCCGGGTGCCGGAGGATCGGCTCGGCGTCCGCCCGCGGGGCGCGACGCCGAGCCGACGGTGGTGGTTCGCAGCGGTCGTCCTGCTGCTCGGCGCGCAGGCGTCGGCGGCGGAGGGACAGCTCCAGGCGGGACCGACCCTGCTCGAGCTCCGCGGTGAGGCGGGTGCGACGCGTCTGACGCTGTCGAATCCCGGAGAGACCGCGGTCGCGGCGCAGATCCGCGTCTACCGCTGGCTGCAGATCGGGGGCGACGACCACCTGGTCGAGACCGAGGCGATC
CP144380.1_gap97	3905831	3907578	1747	GTGCTGGTCGAGCTCGGGCCCGAAGCCCACGCTCTCGTCATCACCGTCCACCACGTGGCCGTCGACGGCGTGTCGATCCACACCTTCTTCGACGATTTCCGCCGGGCGTACCGCGGTGAGGCGATCGAGGCGCCCGCGATCCGCTACCGCGACTTCGCCCGCTGGGAGCGCGCCACCGTGGCCGCGGCGGGCGACGACCTCGCCTTCTGGCGTGACTACCTGGCCGACGCGCCGGAACTGCTCGAACTGCCGACCGACCGGCCGCGGCCCGCCCGCCAGACCTTCACCGGGGCGAGGGCCGGCCGGGTGATCGAGGGCGAGGCGCTCGAGGCGCTGCGCGGTCTGCTGTCGGAGGAGCGCAGTACGCTCTTCATGGCGCTCCTCGCCGCCACCGCCACCGCCGTGCACCGGCAGTCGGGCCAGCGCGACATGGTGCTGGGCACCCCGGTCACCGGCCGCGTGCGCAGCGAGCTGTTCGGGGTGGTGGGCATGTTCGCCGACCAGCTTCCGCTGCGCATGCGGGTCGAGCGCGACGCCACCCTGCGCCGACTCGTCCAGGCGGCGCGGGGCACGGCGGTGGATGCCTTCCGCCACCAGGGGCTGCCCTTTCCGAAGCTGCTCGAGGGGCTCGGGGTCGAGCGCCCGGAGTCGACCACCCCCCTCTTCCAGGCCCTGGTCAACGTGCTGCCGCCCCTCGAGGCGGGTGCGGAGTCGGAGGTGGTGGAGGGGGTCCGGTTCTCGGTGCCCTCGCCCGACGACCTGCAGGAGGCGCTCGACGAGCAGTCCAAGTTCGACTTCACCGTCTACGGACAGGACCGCGGCGAGCGCTTCACCCTCACCCTCGTCTACAACCGCGATCTGTATACGGCCGAGCGCATGGACCAGCTGCTCGACGACGTGGTCGCGGTGCTGGAATCGGCGTCGGGCCGCGCGGACGAGGGCATCGACGCGGTGCTCGAGCCGGAGCTGGAGTCCCCGATGACTCCGGGCCCGGTCTCGACCCCGGCACCTGCCGAGACGGTGTCGGCGCGGTTCGCCGCCGTGGCGGAGCGCTGCGCCGACCGGCCGGCCGTCGCGGGCTCCGACGGCACCGCCACCAGCTACCGGCGCCTCGCCGCCGAGGTCTCTGCGCTTTCGCGACGACTCGCCGCCCTCGACCTGCCTTCCGACACGCCGGTCGGCGTGCTGCTCGGGCACGGCCCGGCCGCGGCCACCGCGATCCTCGCCGTGCTCGAGGCGGGCCACGCCTACGTGCCTCTCGACCGGCGGGCTCCGCGCGAGCGCCTCGGCTGGATGCTCTCCGATGCGAAGATCGGCGCGTTGCTGGTCGATGCGGACACGGCCGATCTGGCACGGGAGCTCGGAGACGCCGCGACTCTCGTGCGGGTGGATCAGAACGGTCCGGAGGGAGCGCCGGGGGCGGGTCCCCGGCCCGACGACCGAGCCTACCTGCTCTACACCTCGGGGTCGACCGGCCGTCCGAAGGCGGTGCGGCAGTCGCACGCCAACCTCGTCGTGCAGGCCGACCGCTATGCGGCGGCGCTCGAGGTGGGGCCCGACAGCCGACTCGCCCTCCTGGCCTCGATCTCCTTCGACGCCCACCTCATGGACCTTTTCGGGGCGCTCCTGCAGGGGGCCTCGATCGTGTTCGTCGACCTCGACCGGGTCGATCCGGCCCAGCTGCCGGAGCAGGTGGCCACCCACGGCGTGCAGGTGCTGCACACCACCCCCACCGTCTTCCGCACCC
CP144380.1_gap98	3962077	3964857	2780	CTCAGCAGCCACCGCAGGAAGGGGTCCATGCTGCGCACCGTGAAGCGGCGCACCGTCGCGCCCCCGGGCAGGGAGTCGACCAGGGTGCCGCGCTCGTTGCGATCCGCCCAGAGGGAGCGCGGAAAGGCCATGCGCACGTCGACGGTGGTCTCGCCTTCCTCGTCGCCGGGCAGATTCCAGGCGTCGGCCGCCGTCCACTCCGAGAGGTCGAGCGCGACGGGCGACCAGGCGTCGGCCTCGTCGTCCACCTCCAGGCCCGACATGCGGCTGACCCGGAAGATCCGGCGCGCGTCGCGGTCGAGATCGTGCGCGATCAGATACCAGCGATTGAACTTGAAGAGCAGTGCGCGCGGCTCCACCCGGCGGTTCGCGACCTCGTCGCGGCCGATCGAGTGATACGCGAAGCGGGCGCGGCGGCGCCGGCGCACGGCCTCGCTCAGCCGCTCCACGCGCTCGCGCGCCGCGGCGTCGTCCGACGACAGAATCACCGAAGCGGAGCCGAAGTCGGAGTCGGGCGAGGCCAGGTCGAAGGTGAGCTTGCGGAAGGCCGATTCGGCCGCGCCGGCGTGCGGAAGATCCGGGTTGCGCCGGTAGGTGTGCAGCGCCTCGGCCAGCCGCCAGGCGTCTTCGGGCGGGAGCGACGCGGGGGGCGTGGTCGAGCTCTTCGGCCGGGGCTCGAGCTGCGCGCCCTCGCGTATGAGCCGCAGATACGGCAGGTAGAAATCGCGGTGCGAGAGTCGGTACCGGTGCTGCTCGTCGGGCTCCGCGCGCGGGTCTTCCTCCACTTCGAGCGGAAAGCCGAGCTCGAGCAGATCCTTCTTGTCGCGCTCGAACATGCGGCGCACCGACGCGTCGTTGTCGCTGTTCTGCAGCGGCACGCGGTAGCCCTCCACCTCGTCCCATATCTGGCCGCGAGACAAGGCATAGTGACGCGACACGAAGAGCGCGATCAGATCGAGCTGGCGGTGGACCTTGTGGATCGCTGGGGGCATGGCGCTGCGGATGGGCGGAATCGAGTCGAACCGAAAGAATACCGAACGGGTGCGACACACAGTCTATCGGCAGGGACGGGCACCGCAACAGGGCGTTGGGCGCCGACATGTCACAGGGTGCCCGCAGCTTGGTCGGGTGACGGGCGGTGACCGCCGCCCACCCCTTCGACACCGGCAAGGCTGCGCCCCATGACTTCATCGTCCAGGCTCGCCGCGAGGGTCCTCCTCGTGGCCCTGCTCTCCATCGCCGCCGCGAGCTGCGGCAGCGACTCCACCGGACCGGCTTCGGACACTCCGGAGACGCCGGTCGCCACCTCGATCGCGGTCGATCCGGCCACGACGTCGCTCACCGCGGTGGGGGCCACGGTGCAACTGAGCGCCACCGTCCGCGATCAGTCGGGCGGCGTGATGAGCGGTGCGTCCGTGAGCTGGACCAGCGGCAATCCCGCCGTCGCCACCGTGTCGGCCGGCGGGCTCGTGACTGCGGTCTCGGCGGGCAGCGCCACGATCTCGGCCGCCTCGGGATCGGCCACGCAGAGTGCGTCGCTCACCGTGACCCAGGTGGTGTCGTCGGTGGCCGTCACCCCGTCCGACGCCACGGTCGGGCAGGGCGAGAGCACCTCGTTTCAGGCCACGGCGCTCGATGCCAACGCCAACCCCATCGCCGGGGCGTCGCTGTCGTGGAGCAGCGGGGACTCCAATATCGCCACCGTCTCGGCCGCGGGGCTGGTGCGGGGCATGTCGGCCGGCACCACCACGATCACGGCCTCGGCCGGGAGTGTGCAGGGCAGCGGCGTGGTGACGGTGCTGCCGCCGCCGGTCACGTCGGTCACCCTCGTCGGGCTCGGCCGGGTGAAGGTGGGCGATGCCTACGACTACTCCCTGACGGCGCGCCTCGCCGACGGCACGGTGGTGAGTCGGCCGGTCACCTGGGGCGTGCTCGATGCCAGCCGCGGCGCGATCGATCAGAGCGGCCGCCTGGTGCCGCTTCGCTCCGGCACGGTCACGATCCTGGCCACGATCGACGGGGTGGTGTGGTCGGTCGACGTGACAGCCTACGACTGGCAGGTGCTGAGCGGCTCGACCACCTCGTTCCTGGTGCTCGATGCGGATGTCGAGATCACCAACAAGTTCGGGAGCTCGGAGTATCCGGAGCTGGTGCTCTCCTGCAACACGTCCACGCAGAACTTCTTCGCGTGGGTGAGCACCGAAGGCTTCGTGACGGAGAGCGGGCGCGTCGCCTACGGGTTCGACGAGGGGTCGATCGTCACCCAGACGTGGATCGAGTTCGACAACTTCAGCGCTCTGGGCCACCCGGGCCCCACCAACCTCCAGACGAAGAGCTTCGCCACGGCGATGGCCGGCGCCCGCACCTTCGCCTTCGGCTTCACCGAGTTTCGCGGTTCGGCCAAGGTCACCCTCTTCCGGGTGACCGGGCTGAGCAGTCTTCTGCCCTCGCTCATGTCGCTCTGCCCGAGCAACGCGGTGGTGGCCGGCGCGCCCGCGATCGATCAGGCGCGCATCGTGTCGGAGTGGCGCGAGCTCCGCGGATCCGAGGGCGCGACGAGCGAGCTGCGCACCGCGCGTGAGGATCGGCGCAACGTCGAGGCGGCGCTGACGGACGGGGTCTCGGCCGAGGCCTTCCCGGCGCTGGCCGTGCAGGGGCCGGTGCGCGAGGAGATCCCGGCCACGCGGCGCGGGAACTGACGGGAGGGCGCACGGGGCGGCGGCGGGGGATGGCCGCCGTCCCGGGCGTCGGTCCGGGAGGTGGTGGCCCGTTGCACCCAT
CP144380.1_gap99	4027319	4030303	2984	AGGGGTACCGTACCGGGGCGCCGGTCACCATCGAGACCTTCATTTCGGCGGCCCGCCGCGAGGTGCGGCAGGCCGCCGTCTGATCTTCGGGGCGCGGGTCGGCCCCGACCCGGATCAGAAGGGGAGGTCGTCCTCCACGCTCCCCGAATCCGCCGGCGGCTCGGGGAAGGGCTCGCCCGAGAACGACGGCGGGGCACCCTGGCCACCGGGCGCGCCGCCCTCCTGGTCGCGCTCCACCCGCCACGCCTTGATGTCGGTGTACCAGCGCCCGTTGTACTCGCGGCTGGCGATGTCGATGTGCGCGGTGATCCGCTCCCCTTCCTGCACGCCGAACTTGTCGATGTTGTCGCCCCACTGGACGATGCAGATCTGCTTGGGGTAGTCGCCTTCGGTCTCGAGAATGAACTCCTGCTTCCGCCACTGGCCGTTGCGGCCTTCGCCGGACTGCTCTTCGAGAATGTCGGTGACCTTGCCGGTGATCTTCAGATCCATGGTGGTGCCGGGGGCTGGGGGCGGAATGCGCGCGAAGGGGCACTCACGGTATCGCAGACGGGGTGAAAGCTCCACCCCCGATGGGCGGCCACCTGCGCGATCGAGCCGGTCTCCGTCCCTCCGACGGCCCTCGACTCGGTCGCGCGGCGGTGACCGCCCGCCCCCGCAGGGCGCTCAGTGGCAGCCGCCCTCGCCCTCGCCGGGACCGCCGTCCCGCACCGTCGGGTCGCCCACGACGCCGGTGAAGAGCAGGGTGCCGCTCAGCCGCTCGTGGATGGCGAAGAAGAAGGGCTGGTCGGCCACGAGGCCGATGAAGCTCGTGGGCCCGATCCCCACCGTCGTCACCGCCGCCGCCGTCGTGCCGAGTTCATCGACCTCGATGAAGGTCTTCTGCCGCACGAAGTCGATGCACAGCCCGCCGCCCTCGCGAAGCTCCGAGAAGTCGGCGCCCGAGCTGAAGGCCACGCCCATGCCCATGTCGGCCAACACCGGGTTCAGGAAGGCGTCGTGCTCGATCGTGAACTTCGGGATCGAGAGCAGGTCGACCTCCTGCTCGGTCAGGCTCGCGCGCACCGCGGCCCAGTCGGCCGGGCCCCAGTCCTCGATCATCTCGACCACGTCGCCCGCGGGCACCACCACCACCATCGCATAGGCGCCGCCGCCGTAAGGCAGTTCGACGGCCCCCCACCCGTTGCCGTGGCCCAGCGGGAAGGTCTGCTCGCTGGCGTTCATCATGTCGACCCGGACGGTGGTGCCGTCGGCCCGTCGGAAGTCGCGCGGCGCCGTCTCGGCGGGATCGAACGACTCCGTCCAGGCGCCGTCGAAGTAGATGGCGTTCATCAGCACCATCAGGAGGTTGGGGTCGAGCTCGGTGAGCACCTCCGGAATGAACCCGTTGGTGGCGTCGTCGGCCCAGCCGTTGATGGCGTCGAGGGTGGCCGGCAGGGCGAAGTCGCGCGTCTCGATCGTGGCGTCGAAGCTCTGGGTGACGCGGTCGGCGAAGCTCTGGCGGAAGTCGAAGCCGGCGTTCGCCCACAGCGCGTTGGCGATCGAGAACTCCACGTCGGGGTCGAGGTCGACCAGCAGATCGATCAGGCCGGCGTAGCTCGCATTGATCTCGTCCTGCGTGAGTCCGTCGAAGCCGAGGGTGGAGCGCATGGCATCGAAGGTGCCGCCGGCCGCCCCGTTGAGGGTCATGCCCAGCGCCATCGAGGCGCTGAGCGGCGAGAGCACCACGTTGGGCCGGTCGTCGGCCGCGGCCGCGCGGGCGATCAGCTCGAGGCCGAAGCCGGTCGACTGCTCGATCACCGTCTGCTCGGCGGCGGTCAGCTGCCGAGGCAGGGCGGTGATCGGGTCGGGGCGATCGCCGTTGCCGTCGGGTCCGGTGGTGTCGGAACAGGCGCCGAGCAGGGTCAGTCCCACCACCAGCAGCGGCAGGGCGAGCCGGTGGAGAATCGAGGGGCGAGCGGGTCGGGGCATGGTCGAGGGCTCCGGGGCGTGGCGTGCGGCGGCGGGCCTCTCCCGCCGTCGTGAAGGAAACGATCGCGCCGGCGGAGTCGTGACGCGGGAAACCCCCGAGGCCTTTCCTGCGTCCAAGAGGCGAAGGGGGGCGACTCACCTGTGCGGAGGCATGGTGGTATGGGCGGATTCGGGCGGGATCTTCGGGTGGCGGTGCGCAGTCTTCTGCGCCGGCCGGGCTTCACTGCGGTGGCGGTGCTCACGGTGGCCCTCGGGATCGGGGCGAACACCGCGGTCTTCACCCTGGTCGACGGCGTGCTCCTGCGCCCGCTCCCGCTGCCCGACGCCGACGAGCTCGTGTCGCTGCAGGCGCTCGGGCGCGACGGCCAGGACGAACTGCCGCAGTCGGCCGGGCTCCATTTCGTCTACCGCGACCACGCGCGCACCCTCGAGTCGGTGGCCATGTTCACCCCCTCGTCGGCCAACCTGGTGCGCGACGGCGAGCCGGAGCGGATCCTGGGGCAGGTGGCCACGCCGAGCTTCTTCACCACCCTCGGGGTGCCCGCCGCCCGCGGGCGCACCTTCACCGAGGAGGAGGGCCGCCCGGGCGGCGCCGAGGTGATCGTGCTCAGCGACGGGCTGTGGCGGAACTCCTTCGGCGCCGACCCCGGGGTGATCGGCACCACCGTCGATCTCAACGGCACCACCCGCGAGATCGTGGGCGTGATGCCGCCCGATTTCGGCTACCCCGATCGGCAGGCGCGATTCTGGACCCCGCTCGTGCTCGACGAGGCGCAGGCCCCGGTCGCCTCGTTCTTCGCGCAGGGGGTGGCGCGGATGGCCGAGGGCGAGACGGTGGCCGGTGTGCAGACCGAGCTCGCCGACATTCTCGGCCGCCTCACCGACTTCCTGCCGGGCGATCCCGGCGCGGAGTTTCTGCTCAACGTGCAGATCCGCCCGCGGGTGCTCGCCCTCAAGGACGCCCTGGTCGGCGATGTGAGCCGCACCCTCTGGATCCTGCTGGGCACCGTCGC
CP144380.1_gap100	4094939	4098498	3559	TCCCGTGGTGGAGATCGCGCAGCGGCGCTTCGACGACCACGGCTTCTGGAAGATGAGCCTGAAGTGGCTGGCCATCGAGGTGCACCGCATGCTGCTCGGCGAGATCCGGCACGACCGCTTCGGCTACTTCCGCTGAGCGCCGGACCGGCCCACCTTTCGGGTCTCCCGCGGTAGCGGCCCGCATCGGTGCCGGCCGCTCCGCCGTCGATCGACTGCTGCGAGGACCACCCCGTCATGAGCGAGACCCGCGTCGAGAAGGATTCCCTGGGTGAGGTGAAGGTGCCGGCCGAGGCACTCTACGGAGCCCAGACCCAGCGCGCCGTGCAGAACTTTCCCATCAGCGGTCAGCGCTTCGGGCGGGGCTTCATCCGGGCGCTGGGCCTCGTGAAGGGGGCCGCCGCGGCGCAGAACACCGCGCTGGGTAACCTCGACGAAGCGCTCGGCGCCGCGATCCAGACGGCCGCCGACGAGGTGGCCGAGGGGCGCTGGGACGCGGAGTTTCCGATCGACATCTACCAGACGGGCTCCGGCACCTCGTCGAACATGAACACCAACGAGGTGGTGGCCCATCGGGCCACGCAGCTCCTCGACGGGGCGGCTTCGGTGCACCCCAACGACCACGTGAACTTCGGCCAGTCGTCGAACGACGTGATCCCGACCGCCATGCACGTCTCGTCGCGCATCGCGATCGAAGAGGACCTGCTGCCGGCGCTCGACCACCTCGCCTCCGTGCTCGAGGGCAAGGCGAAGGACTTCGACGGCATTGTCAAGTCGGGGCGGACCCACCTGATGGACGCCACCCCGGTGCGTCTCGGCCAGGAGTTCGGGGGCTACGCGCACCAGCTGCGGCGCGGCATCGAGCGGGTGCGGGCGGTAGCCGTCGAGCTCGAGGAACTGGCCCTCGGCGGCACCGCCACGGGAACCGGCATCAACACGCATCCCGACTTCGCCTCGGGCGCCATCGCGCGGCTCGCCGAGCGCACCGGCATCGCCTTCCGCGAGGCGGACAACCACTTCGAGGCCCAGGGGGCGAAGGACGCCTTCGTGAACGCCTCCGGGGCGCTCAACACCGTGGCGGTCTCGCTGATGAAGATCGCCGACGACATCCGCTGGCTCTCCTCGGGGCCCACCTCCGGGCTGCACGAGATCCAGCTCCCGGCCATCCAGCCCGGCAGCAGCATCATGCCCGGCAAGGTGAACCCGGTGATGAGCGAGGCGCTGATGATGGTGGCCGCCCGCGTGATGGGGAATCACACGACCATCACGGTCGGGGGTCAGCGCGGCAATTTCGAGCTGAACGTGATGATGCCGGTGATGGCGCAGGCGCTGCTCGAGTCGATCCAGTTGCTGGCCGGGGGCAGCCGGGCCTTCGCCGACAACTGCGCGGCGGGCATCCAGGCGAACGAGGCGCGCTGCCGCGAGCTGCTCGAGCGCAATCCCTCGATCGCCACGGCGCTCAACCCCCACATCGGCTACGACAAGGCGTCGGAGGTGGCGAAGAAGTCGGCCAAGGAGGGGCGTTCAGTGCGCGACGTGGTCGACGAGATGGGACTGCTGCCGGCCGAGGTGCTCGACGAGGCGCTCGATGTCCGCTCGATGACGGAGCCCGGGCTGCCCGACTGAGCGAGCATGCGAAAAAGGGGGTGACCCGAACGGGCCACCCCCTGCTCTCGCTTGCGAACCGAGAACCCGCCCTCAGGCGGTCCTTAGAAGTGTGTTGAAGAGGTGGGGCGAGTCGCGTTGGGGGCGCCACAGGGCCAGCTCCAAGGCGACTCGTCGAAGGCATAGCCGAAGCTACGGCGAGACGAGTCAACGCGGGAGATGGCCCTGTGCCGCCCCCAACCCTCCGGGCATCGGGGGGTTCCGGGGCCCAGGCGTCGTCTCTCCTCCTCGCCGTGACGCTGCCACGACTCGTCGTCGTTCCTGCCCTGGACTCCCGGAAGACCCCGATGCGCGACCGCACCCCACCTCTTCAACACACTTCCAGATCCAGAGCCGGCACCGTGGCCATGACCTCGGCGGGAACACCGCCGGCGGGAATCACACGGGTCACGTTGCCCTGGACGTACAGCGGATAGTCCCGGTCGCCGTAGTGGATCACCTGAATGAGCTCCGGCTCCGCGCCCGAGGGCGGGAGCACGGGTTCGGTGATCGCGCGCCAGACGGAATCCACGAGCGACATCCGACCTTCCACCGAATCCGCCCAGCTCGCCATCCGGAGGCGGCGGCGGTGCGACTCGGAAAGCGACCGCACCACCTTGCGGTGGCCGGGGAAGGCGTGGGAGAGAAGGAAGCTGACCGCCTGGTCCTCGGGCATGGGGTCGGCCCGGTTCTCCCACGCGCCCGGGGTGCGGACGCGACGGGGGTCACGCAGGTCGATGAAACCGTCCGAGGAGATGCGTCCGAACTGGCGCATGTCGGGGACTCCTGTCTTGGGTGCGGCACCGGAGTGCCGACGGGGGGTGCGCGTTTGGAACGGGTTGTACTTACATGAAGCGTGCCGCCCGCCCGAGATTTTCACGGAGGGTTCTGCGCCGCGGAACTCGGCCACGAAACCGGGGTGCTCGGGTGCCGACCCCGTCGAGAGTGAGCGGGAAAAACTTCCCCCACCCGGCAACATCTTCCTCATGATCGGAGCCGATGTCCGACGTGCATGACGAACTCGGAGCCCACGTTTCGGCGCGGGGCGGTATCGACCAGGCACCGGCGCGCGCGAGGCTGCTCGACGCCCGGGTGCTGCAGCTCTTCACCAAGCAGCCCAATCGCTGGGCCGAGCCCGCCGTGGCCCCCGAGACGGCGGTCGCCTTCCGACGGGCCCGCGAGGAGCAGGGGGTGGAGTGGTGCGTGAGCCACGACTCCTACCTGATCAACCTCGCGTCACCCGACCCGACACTCTGGCGCCGCTCGCAGAAGTCCTTCCAGGCCGAACTCGAGCGCTGCGCCGCCCTCGGCATCGAGGCGGTGGTCACCCACCCGGGCAACGCCACCGACAAGGATGTGGAGCGGGGGATCGCCGCGAATGCCCGCGGGCTGACCGAGTCGATCCGGGCGGTGCCCGGTCCCCGTGTGCTGCTGGAGCTCACGGCGGGTTCGGGCACGAGCATCGGAGCCACCTTCGACAACCTGGCGGCGATCCGGTCGGCCCTTCCCGACGACGTTCGATCGCGGGTGGGGGTGTGCGTGGATACCTGCCACGCCTACGCGGGGGGCTACGACCTGGTCGACGACTACGACGGCGTATGGGCGGCGTACGAGGCCGCGCTTCCGCTCGTGACCCTGGAGCTGTTCCATCTGAACGACAGCCAGCACCCGCTCGGGTCGCACAAGGACCGACACGCCGGCATCGGCGAGGGCACCCTCGGCCCGGGGCCGTTCGACGCCCTGATGAACGACGCCCGTTTCGCGGGCGTGCCGAAGATCCTCGAGACCCCGAAGGGCGACGACGAGGTCACCCTCGACCGGCGAAATCTGGCTCTGCTGCGCGGATTCCGCGCCACGGGCTGACCGCACCCTTTCGTGCAGGGCGGGGGGTGTCCTATATTGGTAACCCGCGTTGGAG
CP144380.1_gap101	4101062	4105132	4070	TCTACCGGGCCGAGCAGACCGATGCCCTGCTGACCGGTGGCGAGGTGTCGGTGGAGTGGGAGGCGCTGCCGCGCTACGTGCTCGAGGCCAGCGGAAGCTGGGTGCGCGGAACCGATCGGAGCAACGACGAGGCCCTGCCCGCGATGCCGCCGGCCCAGGGGCGCGTGGCGGTTCGACACGACGCCGTGCGGTGGTTCGCCGGAGTGGGACTGCACGGCGCTCTGGCCCAGCGCCGGGTGCCGGAGGCGCCCCCCGAGGCGGAGTGCCCCGAGAACGGGTGCCCGCCCCTGCCCGGAGAGTTTCTGGACACCGATGGATTCGCCCTGCTCGAAGCCTCGGTGGGAGCCCGGCTGCAGGTGGGAGGGCGCTTCCACTGGCTCACCCTCTCGGTCGACAACCTCCTCGACTTGGTGTGGTACGACCACCTCTCTCGAATCAAGACGGTCGCGCCCCAGCCCGGGCGCTCGATCCGGCTGCTCTACCGGGTGGAGCTGTGAGGCCGCGCGCGGTGCGCCGGTTCACGCTGGCCGGGGTCGTCCTGTCGGTCGCCGCCGCCCTGGCCGCGTGCGAGCATCCCGTCGCGCTGACCAGTGCCCACGTGGAGGCGATGGACGTGATCCTGCGCGACACCACCGGGGTGGAGTTGGCGCGTACGGTGGACAACGCCGAGTGGGCCGGTGGCGCGCTCCAGGGGTCGGTCCGCGCACCCACTGCGATCGCCGTGAGCTTTCTGGACATCCACGGCAACGAGTTCGACCTGGGCGCCCGCTCCGACGCGTCACTGCGTGTGGAGACTCGCCCCGAAGGCGGGGCGACCTGGGAGCACTTCGGCCGATGGGGGCTGCTGCACCCCACCCGCTCGGGCGCCATGCAGCTTCGCTTCATCGTCTGGCACATCGATCATCCCGACCTGGTCACCCCATGGATCACCCTGGACAGCAGTCTCACCGACGCGTCGTGAGGCGCTCGCCTCTGCGCACCACCTTCGCCCTGGCGGCGGCGGCCCTTGCGGTCGTCGCCTGCGACCGGAGTCCGTCCGGCCTCGACTCCGAAGTGGAGATCGCCGAGATCATCATTGCGGAGCGGGGCACGCGGAACGCGGTGGCCTACTCTCACCACGATCACTGGCACGGCGTGCTGCGGCTCGAACTCGGCGATGCGGCCGAGTACACCATCTACTTCCTGGATGAGCCGATGGGGGTGGCCGACCACTCCCTCCCCGATTCGAGCCTTTGGATCGAGCTTCCCTCCCAGGGTGGGTACGCCCTGCAGGGCGTGGTGGAAGACGGGGCGGTCGCAACTTGGACCGGTGGAGCCGGCGATGGACGCCTGAGCGCGCTCTCGGAGGGAGGCACCCATGTCTCCTTCGTGGTTCTGAAGGGTGGCACCACGATCTACCAGGCGCCCCCGCTGGGCCTGGCGGTGACTCCGTGATGGAACCCTCTCCTCGGGTCGTTCGAACCGGCTCGTGGCGACGCTGGACGCTGACGCTCACCGTGGTTGCCGCGGTCGGCGCCGGCTGCAGCTCGGACGGTCCGACGCAGGCGGAAGATCCCGACCCGGAGAGTCCCCATGTGGAGGTGAACGAGATGTTCCTCCGCACCGGTGAGGGCGGGTCTCTGGTCTCGGCGACCCGCATGATCGACGAGGTGTGGGTGCCCGACACCGTCTCGCTGGTCGAGGGCGACAGTCTGCAACTGCGCATCGTGTTCCTCGATTTCTCGAACGCGGAGTTCACCCTCGACGACGCGACCGACCATTCGGTGCGCGCGGAGGTGGAGGGGCCGGCGACCTTCCGGGCCCCGACCGGGCGGGCCCCCGCCTGACTCAGAAGCTGAAGGCCGCGTCCGGCGCGACCCGCGCGGCCGCCTGACCCAGGCCGGTCACGACGGTGAGATCGACCTGCTCCACCTCGGGCAGGACCGAGCCGAAGGCCAGCGACGCCGCGCCGACCGGCGCCTGCGCGCAGGTGAAGGTGCCCGACATGGTCACTTCACCGTGCTGGTGCGACTCCTCGTCGTCCTGCTCGTGGTCGTGATCCTCGTCGTCGGCATGCTCCTCGTCGTGATCGTGGTCGTGATCGTCGTCGTGGGCGTGCTCCTCGTCGTGATCGTCGCCGTCACCGGAGGCCTCCACATCGGGCGCCTCCACCTCGCTGGCCTCGAGCGTGCAGCCGGCGTCCGCCGGGAAGACCAGCAGGTTCGACGCACCGGTTCGGAGTGCCGCGAGCGCAGACGTTGCGGTTTGCCGCTCCTCGTCCGACTGTGGCGCATGCTCGAAACCGTACACCGACTCCGCGGGTACCTGTAGATTCATGGTGATGCGGGTTCCGTCGACGGCCAGTCCGAGGCGGGCGATCCCATGCTCGTGAGCCCCTGCGGTGCCCATGGCGCCACCCTCCACCACGGGGGGGGCGGGCTCGGCTTCGCTGCAGGCGGCCAGTGCGAAGCAGGTGGTCGCGGCGCCGAGAAGGGCGATGAACGACCGGGAGTCGAAGATCGACTGCGTTGAGACACGATGGGTCGAGGCTTTCATGGCGTCCGGTGGGAACTGGCGAGGAACTCGAGCGTACATGAGAATACATTCCCCGTAACCTTGTGCAAGGTTCCCCCCGGAGAGGAACACCCCATGTCCAAGACCAGACGTTTTTCGATTCCCTGGTCCCCGATCCAGCTCGCACTTCTGCTCGGGGGGGCGTGGCTCGTGCTCACGTCGGGCCCGCGCTCGGTGCAGGCCGGCCCCTCGGCGGTCGGCGACGGGTCGCTCCTCTCCGCCGACGCCCCCCGCGACTCCACCGAGGTGCAGTGGCGCCTGCTCGCGTCGCTCGACTACCGCTCGGGAGAAATGTCCGAGGAGCTCGAGGCGGTGGTCGACGGGCCCGTGCGCGTACCCGGGTTCATGGTTCCGCTCGAAGACTGGGCGGAAGAGGTGACCGAGTTTCTCCTGGTGCCCTACGTGGGCGCGTGCGTCCACACGCCGCCGCCCCCGCCCAACCAGCTCGTGTACGTGCAGATGACGGAGGGGCAGAAGGTGCCGGTGTCGTTCTGGGAGCCGGTGTGGGTGCACGGCGTTCTCTCCATCGAGGAGACCACCAACATCTACGCCGAGGTGTCGTTCAAGATGGATGGGACGTCGATCACCCCCTACGAATGGTAGACGGCCCCGGCGAGCCCGCCGTTCGGGTGTCCGGGCTGACCTTCGGGTACGAGCCCGGGAAGCCCGTTCTGGACATCGAGGCGGTCGAGATCGAGCGCGGCGAAAAGGTGTTTCTCTTCGGGCCCTCGGGGAGTGGCAAGACCACGCTCCTGGGGCTCGTGGCCGGCGTGCTCCGCCCTCCGCCCGGTACGCTCGAAGTGCTCGGGCACGACCTCGGGAGCATGTCGGGGCCCGCGCGCGACGCCTTCCGCGCGTCGCACATCGGCTACGTCTTCCAGATGTTCAACCTGATCCCGTATCTGGATGTGCGCGACAACATCGCGCTGCCCGTGCGGATGAACGCCGAGCGGCGGGGGCGGCTGACCGGATCGCTCGACGAGTCGATCGCGGAGGTGGCCGACACCCTGGGCATCGGTGACCTGCTCGGTCAAACCGTCACGCGGCTGAGTGTCGGCCAGCAGCAGCGGGTGGCGGCCGCTCGTGCGCTGCTCGGGTCGCCCGAGCTCATCGTTGCCGACGAGCCGACCTCGGCGCTCGACGCCGATCGCCGCCACGCCTTTCTCGAGCTTCTCTTCCGCAACGTCTCCGATGCGGGTGCGACGCTGCTGTTCGTGAGCCACGACATGACGCTCGCCGACCAGTTCGATCGCACGCTCTCGCTCCCCGACGTGAACCGGGCCGGTGGCTGACCGATGCTGATCTTTCATCTCGCCCGCCGCTCGCTCGCCAACCGGTTGCTGACGACCGGTCTGACCGTGCTGTCGATCGGTCTCAGCGTGGCGCTCCTGGTGGGAGTGGAGAACGTGCGCACCGGCATGCGCGACAGCTTCGCCAACACGGTGAGCGGCGCGGATCTGCTCGTGGGATCGAAGGGCGGCACGATCCAGCTTCTGCTCTACGCCGTCTTCGGCATG
CP144380.1_gap102	4119673	4121627	1954	AGGTGGGCGAGAGCGTCCGGATGCCGGTGTTCGACCCCTCCACCCTCGCCTCACGCACCGTCGAGGTGCGGGTGCTGGAGCACGACACCCTCGTGGTGCCCGACAGCGTGTCGATGGACGCGGGCGGCAGGTGGGCGCCCGCGAGCTTCGACACCGTGCCGGCCTGGAAGATCGCCGAGGTGTTCGGCGGGGTGTCGGTCGAGAGCTGGGTGGACGAAGACGGTCGCGTGCTCCGCGCGGAGTCGCCCCTCGGCTTCGCCATGGAGACCACCGAGTACGAGCTGTCGACGCAGGCCCTCGCCGATGCCCGGTCGAGCGGGACGACCGCCGTGGACGAAGACGTGATCCTGGCGACCGCCATTCAGAGCAACGTCGATCTCTCCGACGCGGAGTCCTACGAAGAACTCCGCTTCGTGCTCTCCGGGGTGGATCTGTCGGGCTTCGACCTCGACGGGGGCCGCCAGACGCTGCGGGGCGACACCCTGATCGTGCGGCGCGAGAACCCGCGTGCTCTCGATCCCGGCTTCGGTCTGCCCTATCCGCGCATGGATCTGCGCGAGGCGCTTCAGCCGGAGCCGCTGATCCAGAGCGACGATCCGCGGGTGATCGAGATGGCCGAGCAGCTCACCGTGCGACGGGCATCGTGGTCACCCGATCCGCGTCGGGTGGCGCAGGAGCTCACGAGCGGCGTGTACAACATGCTCGAGAAGACGATCACCTTCTCCGTGCCCTCGGCGGTGCAGGTGCTGGAGAGCCGGCAGGGCGACTGCAACGAGCACACGGTGCTCTTCGTGGCCCTCGCCCGCGCCCTCGGGCTTCCCGCCCGCACCGCGGTCGGGCTCGTGTTCGTGAACGGCGCCTTCTTCTACCACGCCTGGCCGGAAGTCTGGCTCGGGGAGTGGACCGCCGTGGATCCCACCTTCGGCCAGTACCCGGCCGATGCATCGCACATCCGTTTCATCGTGGGTGGCCTCGCGCAGCAGGTCGAGCTGGTGCGCCTGATCGGTCGCCTGGACATCGAGGTGGTGGAGAACTCCCGTGCCGACTGACCACGCGACCCCGCAGAGCATGCTCCGACTCGAGGGCATCCGGAAGCGCTACGGCTCGTTCACCGCGGTGGACGGGCTCGATCTCGATGTGCACGCCGGCGAGATCTTCGGGTTTCTCGGCCCCAACGGGGCGGGCAAGACGACCACGATCCGCATGGTGGCGGGGGTGCTGCAGCCCACCGAGGGGCGGATCCTGGTCGATGGCGAGGACCTGCACCGCGACCCCGAACGGGCCAAGCGGCGGGTGGGCTACATTCCCGACCGCCCCTTTCTCTACCCGAAGCTGTCGGGGGGCGAGTTCCTGCGCTTCGTGGGTGGGTTGTGGGGCTACGAGGGCGACGAACTCGAGGCGCGCGCCGACCGGCTCCTCGAGCTCTTCTCGCTGTCGCGCTGGAAAGACGAGCTGGTCGAGAGCTACTCGCACGGCATGCGGCAGAAGCTGCTGATCTCGTCGGCCTTTCTGCACGAGCCGGGGCTGATCGTGGTCGACGAGCCGATGGTGGGGCTCGACCCGCGCTCGGCCCGGATTCTCAAGGACCTGCTCCGCGCCTTCGCCGACGACGGCGGCACCGTGTTTCTCTCCACCCACACGCTGGAGGTGGCCGAGGCGCTCTGCGACCGGATCGCGATCCTGCAGGGTGGACAGGTGATCGCGCGCGGTACGATGGACGAGCTCCGGCGCGAGGCCTCGGCGGGGGGCGCGCACCTCGAAGACATCTTCCTGAAGGTGACCGGGGGCGACGCGGTGGCCGACGTGGTGGCCGCGCTCGGCGGCCCGGTGGCGGCGGGGGTGTGATGGCCGGGTCGGACGGGGCGCAGGCGGGGCCGGGCGCGGCGGGGCAGGGTACCCGCAGCTGGCGCTTTCTGCTGGTGCCCAAGCTCCAGATCCGCATCAACCGGGCGCG
CP144380.1_gap103	4224403	4224903	500	GGGGGCAAGTATCTGCTCGACGGGGAGCCGGTGGAGAATCTGAGCGCGGGCCAGCGGGCGAAGATCCGCAACCAGGCGATCGGATTCATCTTCCAGGCGTTCAACCTGATCGGCGACCTGACGGTGTACGAGAACGTGGAGCTTCCGCTTACCTACCGGGGGATGCCGGGATCGGAGCGGAAGGAGCGGGTTCAGGCGGCGCTGGAGCGGGTGGGGATGGCGCATCGGATGGGGCACTATCCGAGCCAGCTGTCGGGCGGTCAGCAGCAGCGGGTGGCGGTGGCGCGGGCGATCGTGGGCAAGCCGCTGATTCTTCTGGCCGACGAGCCGACGGGTAACCTCGACTCGAAGAACGGCAACGCGGTGATGAGCCTGCTGAAGGAGCTGCACGCGGAGGGCGCGACGATCTGCATGGTGACGCACGATCCGCGCTACGCGCATGTGGCCGATCGGGCGGTGCATCTCTTCGACGGCCAGGTGGTGAGCGAAGACGACGCGCG
