gap_id	start	end	length	sequence
CP144374.1_gap1	31891	33625	1734	GCTTGACTGAGTAGTTTTGCCGTCTTGAAGGCTTCTTGATAATAAAAACTTTCTTCTGTTAATCTGGAACTTCCAAATATTGAAACTGCAGGTCCTATTCCATGAAGTGTTTCAAAGCCTTCAACAAGTTCTGACTGAATTCTAAATACTCGCCATGTATCAGTTGATTTAAAATCCTCTATCATCTTCATCCTCTACAATTGTAGTTCTTATAAGGGCAAGAATTGCAGAATGGGGCACAATTAGATACTTTTTTTCCTCAAATTCTATTTCAATTCCTGCATCTTTAAGAAAAAGTGCGTAATCACCTTCCTGAGCCTGAAGGGGTATGTATCTTATGGGTTCAGTGTTTGTCTGTTTCCATGGTTCTTCAAGCACAACTGAGATGTCATTCACAGGATAACCTGGTCCCACTTTTATAACTCTTCCACCAAGAACTTTGTTTTTTTCTTTTACAGTAGGAGGTAAAAAGAGTCCTGCCCGTGTTTCCATTCTCTCATCTGGTTCAATAAGAACTCTGTCTCCAACTATTATTAACTTTCTCTGTGTTTTCATAAATTTTAAATCACTCGCAGGTGCTTGAATCCTTAATTTTATTTTATCTCAGCTACATCTGGTAAATCCACAACTGTGACAGATAACGCATCCTTCTTCATAAGAAAGTGCACTTCCACATTCAGGACATGCTCCATAATGAGCTGCTTCATCATCTGAAATTTGAACTGTTAATTTTGAATTTTGACTCACCCTTTGAGCTACTGAATCACCTGAAGCTTTTGAATCACCCATTTTGCTATGTGAACTTTCTCTTATTTCGGCTTCTATTGCCTTTGCAATTGCATCTGAACAGCTTGTAATTTTACCACTGCTACACCAAACAGGAGCATGACAGGATATTCCTTTAAGCTGTTTTATTATCTCCTCTGGTTCAATACCACTTCTTAAAGCAAGAGATATAAGTCTACCAATTGCTTCTGCCTGAGAAGCAGCACATCCACCTGCTTTACCTATATTTGTGAAAACTTCAAAGGGTTTGCTTTCCTCATCTTTATTTATTGTTACATAAAGATTTCCGCAGCCTGTTTTCATCAGCCTTGTAACTCCTTTTAGAACCTCAGGTCTTTTTCTTGGTTTAAGAGTTAAAGGAATGCTTTGAGCTTCTGTTTTAGTCTTCTGGATGACCTGTCCCTGTCTTGAGCCATCTCTGTAAACAGTAACACCTTTACATCCAAGACGATAGGCAAGAAGGTAAACTTCTCTTACATCTTCCTCTGTTGCATGATTTGGAAGATTTACTGTTTTGCTGACTGCGTTGTCAACATATTGTTGAAATGCTGCCTGCATGCGAATATGTTCAGATGGAGAGATTTCATGAGCTGTAACGAATATTTTTTTAATCTCCTCAGGAATTTCTTTAATTTCCTGAATTGAACCTGTTTCAGCTATCTTTTCAGCTAAAGCATCAGACCAGAGTCCTAATTTTTCCATCTCTTTTCTGAAATAAGAATTAACTTCTACAAGACGTGTTCCATCCATTACATTTCTTGCAAAACATATTGCAAAAAGAGGTTCAATTCCAGAAGAACATCCTGCAATTATGCTCAGTGTTCCTGTAGGTGCCACTGTTGTAATAGTGGCATTTCTTAAAGGCATTTTTCCGTAATAAATGCTCTTGGGATAGTTAGGAAAGGTTCCTCTTTCTTTTGCAAGTTCTTGAGAAGCATTCCTTCCTTC
CP144374.1_gap2	35313	39821	4508	ATTTTACATGAGGAAAAACTTTATTTTGATAAAATTTTTGGAAAAGTTCTGCCAATAAAAAGATTTGAGACTTTGTTGTCGGTTGCCCAGGTTTTACTTGCTCTTTTTATAATGATTGAATGTGCTCATGGATTTGTCTCTACGCTTGAGCATGTTTCTCTAAAGATAGGATTTGATCCTCTTTTATTTGCTCTTTTGATTGCTCCAGTTGCAACTGAGCTTCCTGAAAAATTTAACTCTGTAACATGGACATTTAAAGGAAGAGATACTCTCGCAATGGGAAATGTAACTGGTGCAATGGTTTTTCAGTCAACTTTTCCAGTATCTGTGGGGATTATTTTTACAGACTGGAATATTACTGGTTATGCTCTATTGAGCGCTTCTTTGGCAATTTTATCAGGAGCAATAATTTTAGGGGAAATCTTTATAAGAAAAAAGATTTCCCCTCTTACTTTAATTTTTTCAGGTTCTTTTTACTTGATATACGCTTTGATAATTATAAAACCCTTTTAACTATTCTTCCTCTTCCTCAAACAATTCCTCAACTTCTTCTTTTCCTTCTTCAAGCTCATCTTCCTGTTCTTCATCATTCATAAGGAGAAGAGTGAGGAATTCACCTACATGGGTTTTTTCTTCTCTTGCAATGTCAAGAAAAACAGCTTTAATTTTTTCATCATTTGTTAATGAAGCAAGTTGTTCATAGAGATTGATAGCATCAAGCTCTGCAATAAGCCCTATTCTTAAAATTTCTCTGGTAATGTCTCCCTGTTCTAATTTTTCCATTGAGAAAGGTATTTTTGAAAGCATAAGCCACCTCCGTTTTTTTTAATTATACAATAAAAATTTGTTAAAATTAAACAAATACATCAAGGAGGACGAAAATGAGAGAGGAAGGCAAAATTTTAGCAGCGTTTCTTTTAGGAGGGGTAATTGGAGCAGCCTTTGCGCTTCTTTATGCACCAAAGTCAGGAGAAGAAACAAGAAAAGAAATTAAAAAGAAAGCTAAAGAGCTTAAGAAAAAAACTGTCAGAGCAGCGGAAGAGCTTTATGAAGAGATTGAAGAATTCTCAGAAATGCTGAAAGAGAAAGTCAAAGATATTAAAGAGCGTGGAGAGGATGCTAAAAAAGAGATTTTAAATCAGATTGAAAAACTTACAAAAGTAATTGATGAGAAAAAGAAGAAGCTTCTGGAGAAGCTTGATTGATTGAAAAAAAGGCTCTTCTGGACTTAGATTTTTATAAAATTCTGAGTTTAATAGAAGAGTTTGCTAATTCCTCAGCTACAAAAAAAGCTATTGAAGCGATTTTTCCTTTTGATGACTTTGAACAAGCAGAAAGGGCGCTTAAGGAATTTGAAGAAATAAAAAAATATCTTGATCAGGGAAAAGAGCTCCCAATATCTTTTTTCCCTGATATTTCTGAATTACTTGATAGAGCAAAGAAAGAAGGAGCTATTTTTGAATCATCTGAGTTAACTCAATTTTTAAAGGTTCTGAGAGTTCTGGATAAAGTAGCCCCTTTTCTTGATGAGTTTTTAAACTATTCTTTTTTAAGAGATAAAATAAAAAGTATTCTTAAAACCAGTTTATCCATCGGTCAACCATATCTTCTTGCAATACTTGAAAATACCGTTGATGAAGAGGGAAATATTCTTGATACAGCCTCTGCGTATCTGAATTACATAAGAAAACAGATAAAAATAACAGAGGAAAGAATAAAACAAAAGCTTGAAGAAATAATTAACAGGCCAAACATACAGGTTTTTCTTCAGGACAGATTTATCACAAAAAGAAACAACAGATGGGTTATACCTGTTCGGATGGATTCAAAGGGACAGGTTGCAGGAATTGTTCATGATATATCTCGTTCAGGGGAAACAGCTTTTATAGAACCCGCTGAAATCACGCCTTTATCCAAGAAACTGGAAGAGCTTTTAATTGAACAGAGAGTTGAAGAAACAAGAATACTTAAGGAGCTCTCTTTTGAGATTCATCAAATCAGTGATGCCCTTGAAAGAGAATTTAAATTACTCATTTATTTTGATAAAATTCTTTCAATATATAAATTTTCCAGAAAATTTAATGCTCATGCTCCTCAACTCAGTAAAGAAATCATGATAAATCTAATTGATGCAAGACATCCTGTTCTGATGCTTTCCAGAGATGTTGTGCCTCTTCAGATAGAACTGAGGAATAAAAAAGTTCTTGTAATTACAGGACCAAATGCAGGAGGCAAAACTGTAACACTGAAGACAATAGGACTTCTAACTGCAATGGCTATCTCTGGACTTCCCATATCTGCCAGTCCTTCCTCCACAATTCCTTTTGTAAAAACTATTTATGTTGACCTCTATCATGGAGACTCTATTGAAGAGCATCTTTCAAGCTTTGCCTTGCATGTAGTAACTCTCAAAAAAATAGTTGAAGAGGCTAATTCTGATAGTCTTGTTCTTCTTGATGAAATAGGCACAAATACTGATCCTGAGGAAGGCTCTGCCTTGGCATGTGCAATCCTTGAAGATTTAAAAGACAGAGGAGTTTTTACCTTCGCGACAACCCATTTAAGTAAAGTTAAAATTTTTGCGACAACCAATGAAGACATAGAAATAGCCTCTATGCTCTTTGACGAAAAAACCATGTCTCCCCTTTATAAATTAAGCATTGGCAGTTTAGCTCCTTCTTATGCCTTTCAGATTGCTCAAAAATATGGTTTTCCTGAGAAGCTTATTAAGAGAGCTTACGAATTAAAAGGCTCTCAGGACAAAGAAATCTATAAACTTTTGAAGGAGCTTGAAGAAGCTAAAGCTGAATATAATAAAAAAATTGATGAAATTGAAAAAATCAAAAACAGCATCATTGCAGAAAAGGAGAAATTAGAAAAAGAGATTTCTCTTGCTTATGAAAAAAAGAGAAAAATCATTGAAGAGGCAAAAATAGAGGCTCATAATATGCTCATGAAATTGAAAAGAGAGGTTAATATTCTTTATGAGGAAGCTAAAAAAGCAGATAGAAAAAAACTTAAAGAAATATCTCTTAAAATTTCAGAATTCTCAAAAAAGTTACTGTCTCAGGAAATAAGAGTGCCTGAAAATATTCAGATTGGTGATATTGTAAGAGTAAAAACTCTCGGGCTTACAGGAAAGGTGGCTTTTATTGAAGATAAAAAAGTAAAGATTCAGACAGATAAAATGTTTGTAGAAGCAAAAATTGATGAGCTTGAAAAGATTAATCCAGAGCAAAAAGAAGAAAAATCGAATATTTCTTTTGTGCAGGATGAGGAGATTACTACAAAGCTTGACATTCGGAGTTTAAGAGTTGATGAGTCAGTTCCCCTTATAGAAAAATTTTTAAATAAACTGTCATTAAGTGAGACGTCATCAGGAATTATTATTCATGGAATCGGGAAGGGTATTTTAAGAGATTTTGTAAGAGATTACTTAAAGGAACATCCTGCAGTAAAAAGCTTCCGAAAGGGCAATGCTGAAGAAGGAGGAGATGCTGTAACAGTGGTTGAAATAAAATGAAAACAGTTGGAGTCATTGGAGCAGGGAAAGCAGATAAAGAACTTTTAGAACTGGCAGAAGAGGTAGGAAGACTTCTTTCAAAGGAAGGTATTACTGTTATTACAGGTGGTTTAGGAGGAGTAATGGAGGCAGCAAGCAGGGGAGCCTTTCAGGCAGGAGGCATTACAGTAGGAATACTGCCAACACTTAAAAAAGAAGATGCCAATTCCTATGTGAAAATTCCAATTCCTACAGGCTTGGGAGAGATGAGAAATGCTCTTATAGTGAGAGCCTCTGATGTATTGATTGCCATTGGCGGTGAGTATGGCACTCTCAGTGAGATAGCTCTGGCATTAAAAACTGGTAAAAAAGTCATAGGACTTAAAACATGGAAAATACCTGGAATAATAGAATGTTATTCAGCAGAAGAAGCTGTTAGGCTTGCCACATCCTTAATTAAGGGAAAATAAATTTTAAAGGTTGTTCCCTTACCTACCTCACTTTCAACTTCAATAAATCCTTCGTGGCCTTTTATAATTTTATAAACAATTGAAAGCCCAAGTCCTATACTCTTGTCTCCTTTCGTGGTAAAAAAAGGTTCAAATATTCTTTTCTGAGTTGCCTCATCCATACCAATTCCAGAATCTATTACAGATAAAACTGCAAACTCTTTATCTAACAGAGAAGCAGCTTCTGTTTTTATTGTTATTGTTCCTCCTTCTGGCATGGCATCACGGGCATTGAGTATTAAGTGAGTTAAAACTTCATCAAAGGCTTGAATATCAAGCTTAACCATGAGGGGAATGCTTGATAATTCGTAAACTACATTAATATGGTCTTCAACAGTAGCATTTATCTTTGTTTTCATTGACTGAATCAGAGAATTTAAATCAAAGACCTTCATCTCATATTTTCTTTCACTTGTAACATTTAAGATTTCTTTTGAAAGATATATCGCCCTTTTTGATGCATTAATTATCTGGTCAAAGGCATTTCTAACAAATTC
CP144374.1_gap3	55949	60928	4979	GGAGAGACAATGGAGGTTGCAGAGGAAAGAGCGAAAAAGGCAGCAATGCAGAAGGCTGCTGAACAGGCTGGTGCCTTTGTAAAAAGCTATACAAAGGTTAAGAATCTTGCCCTTGAAAGCGATGTTGTTGAAGTCATTGCCAATCACTCAATGAAAGTGGAAGTTATTGAAAAGAAAAAGTCAGTCCTCGGTGATGTGGATGCAATAAGGTTTTATGTGAAGATAAGATCAACAATGACAGAAGATGAGATAGAGGCAAATCTTAAAAAAATAAAGGAAGACCAGAGCATTGTGGAAGCCTATAACAGGCTTAAAGCAGAATTTGAAAAGCAGGATAAAGAAATGGCAAAACTTAAACGACAGCTTGAGCTTGCAACTTCTGGAGATAAACAAAAAATAGCAAAGCTTATATCTGAAGAAGAGAAAAGATACAAAGCAAGCCTCTGGCTTGAAAGGGCTCAGGAAGTTTGGGACACCGATGAAAAATTAAAAGCCTATGAAAAAGCCTTAGAACTCAATCCAGATATGCCTCAGGCTTACCTTGGTATTGCAAAAGCCATGATAGACAAATACCTAGCTGAACCATCCAGTGACAAAGAGATAGAAGATAAACTTGATGCTTTAAGAGATGCTGTGGAAAGTATCAACAGAGCAGTAGCGCTTGATGAAAACTATGCAGAAGCTTATGCACTTCGGGCAGATACACTTTACAAAATAAAATGTATGGAGAAGCAGAATACAAATGACAAGAACTACAATGAAAGGATATTAAAAGATATAAACAAAGCATTAGCGTTAAACGCCTCGAATAAAGGTGATTTGTATTATCTCAGGTCTTCAATCTATCTGGAGGAACTTCAAGATGCTGAATTAGAAGAGGCTTTTTCTGAAAGAATTGAAGAATATCTCAACAAGGCATTAAATGAAATAGAAAACGCAAGAAGACTCTGTAAAAAGGAAGATTTTGAGTGTTTGAGTAGATATTACAGGAAAAAAGCACATGCTTATACTTATGTGAGAAATTACTGGATAAGGCAAGGCAATATTGATAAAGAAAAGCTGTATGAAGAACTGATAAAGGAAGCAAAATTAAAGGCAGACGAATTAGAAAGGCATAATTTACAGCAAGCCGAAAAAAGAGAGCAAGAACAGATGAATGAGTTATTTCAGACAGAATATGGTAAAATTGAGTACTACCTATATGAAGGAGGATGGGTAGAGAGGGTTACTGGTATTTCTTTCAAAGAGATGCAGCAAAAAAGTGAGGATGAACAGGAGAAAATACGAAAACAGATATTAACAAGAATTCAAAAGAAGATTTCTTCTGGAACTACATCTGCAGAAGAGTATCTTTATATGTCTGAACATGTAGATTCTCCAAGATTAAGAGAGGATTACTTCAATAAGGGAATAGCTCTTCTTGAAAAAAGAAATCCTCAGGGAATTGATGCACTCTTTCTTGTGTATAATCTCGTTGGTTTCTATGAAGGAAATGATGATCTTCAGCTTAGGTACTTAAACAAGGCAAAAGAGATTGTGGATAAAAATCTTCCTCATGCACAAAAGGCATTGAGCACAGATGAAGCAATATCCTTAGCCTCAGAGATGGGCAAAGCAGAAAGTGACACGGATAGAGCTAATGTTACTAAAAAACTGGCTAAACTCAATAAACAGCAGGCAGAAGCTTTTTGGTGGTTTAGTTTTGCATTCCAGATTTCTCAAAAAAAGGCGGAGATATATGAGAGACTGGAGTTGCCTTCAAAGGCAAGGGAAGAATATCTTTATCTCTGTAATACTTTTAAAAATACAAAGGCATGCAAAAATGCGGAAAGATTAAAAAAATAGGAGGAAGACATGAAGAAGTTATTAGTTTTTGTATTGGTAGCAAGCCTATTACTTGTATCTGCGGGGTGCACTTCGTACTATAGGGAGCATTTTATCACTATTCCCAACACGCCCGAAAATGCGCAGATACTGAGAGAATGTCAGAGGACTGAAGCCGTTGCGGTCGGCTATGATTCGGATGGCATGAAGAAGCTGACAATAGACTGCTATCGCACGTTTCGGGGTTGGACAGAGCGGGTGGCTGAGTCCAAGGAAGAGGCTCGCAGGATTGATGAAGAGTTCAGGAATAAAAAGGCTGCTTCCTCGGGCCGGTGTGTTTGGCTCACGAGTTTTCGTTACTACCAAGATTGGTATAGCTATTACTTGTGTGATATCACCGACAAATGATCCAAATCGAGTAAAAGGGGCCATTTCTTTAATCTTGACAACTCGTTGTCGATATCTCGGTGCAGGAAATCCATGGACAGCAAGGATATCGCCGCCCTCGATGAGCTTAATGACTACTTTGAAGCTCATCCAGGGCTAAGAAAAAAATAAAAAACTGGAGGTGTGTTATGAAAAAGTTATTAGTATCAGGAATTATTTCAGGGCTTTTGATGACAGGTGTTGCCTTTGCAGGTAATGATTCTCCATACGATAGTGCTCAAGGCATTTCAGGAAGCAGCCACAGAGCTTCGGAAGAGGCAAATCAACCATCTGACTACAATAGATTAAATGGTCCTGATGAAAGAGCACGACATGATGCGGGTTCAGGCTTTGACACAAACAGGGATTCAAATCTTGGTTGGGGAAACCAGTATATTCCAACTCCTACTCCAAAGATTGATAAGGAATATTCAAAGTAAAATTTACTGGAAAGACTGACAATTAAAAAAAAGAGGAGGTGAAAACATGAAGAAGAATTTTTTAATGTTGATCCTCTTTCTTTTTGGGATTTTGCATATTGCTGAGTGCTCTTATGCTCAGGAAAAACCTGAGATTTTTGTGCAGTTGGGGCATAGTCACGATGTCAAAGCAGTAGCCTTTTCCCCTGATGGCAGGATAGTGGCATCAGGAAGTTGGGATAAAACCATCAAGCTCTGGGATGTAGCAACAGGTCGTGAGATAAGAACACTAAGCGGGCATAGTGACGTTGTCTCTGCTGTTGCCTTTTCCCCTGATGGCAGGATGGTGGCATCAGGAAGTGGGGATAAGACCATCAAGCTATGGGATGCTGCAAGCGGCAGAGAGATTCGCACCTTAAGCGGGCATAGTGGCTGGGTCAAAGCAGTAGCCTTTTCCCCTGATGGCAGGATAGTGGCATCTGGAAGTGTGGATAACACCATCAAGCTCTGGGATGTAGCAACAGGTCGTGAGATAAGAACACTAAGCGGGCATAGTAAGTTGGTCCTATCAGTAGCCTTTTCCCCTGATGGCAGGATGGTGGCATCTGGAAGTGGGGATAAGACCATCAAGCTCTGGGATGTAGCAACCGGCAGAGAGATTCGCACCTTAAGCGGGCATAGTGGCGATGTCAAAGCAGTAGCCTTTTCCCCTGATGGCAGGATAGTAGCATCTGGAAGTGATGATAAGACCATCAAGCTATGGGATGTAGCAACAGGTCGTGAGATAAGAACACTAAGCGGGCATAGTCGCGATGTCAATGCTGTTGCCTTTTCCCCTGATGGCAGGATGGTGGCATCTGGAAGTTGGGATAAGACCATCAAGCTATGGGATGTAGCAACCGGCAGAGAGATTCGCACCTTAAGCGGGCATAGTGGCGATGTCGAAGCAGTAGCCTTTTCCCCTGATGGAAGGATAGTGGCATCAGGAAGTTGGGAAACCATCAAGCTCTGGGATGTAGCAACCGGCAGAGAGATTCGCACCTTAAGCGGGCATAGTGGCTGGGTCGAAGCAGTAGCCTTTTCCCCTGATGGAAGGATAGTGGCATCAGGAAGTTGGGAAACCATCAAGCTCTGGGATGTAGCAACAGGTCGTAAGATAAGAACACTAAGCGGGCATAGTTATTCTGTCAAAGCAGTAGCCTTTTCCCCTGATGGCAGGATAGTGGCATCAGGAAGTAGGGATAACACCATCAAGCTCTGGGATGTAGCAACAGGTCGTGAGATAAGAACACTAAGCGGGCATAGTAAGTTGGTCCTATCAGTAGCCTTTTCCCCTGATGGCAGGATAGTGGCATCAGGAAGTGAGGATAACACCATCAAGCTATGGGATGTAGCAACAGGTCGTGAGATAAGAACACTAAGCAGGCATAGTTATTCTGTCGAAGCAGTAGCCTTTTCCCCTGATGGCAGGATAGTGGCATCAGGAAGTTGGGAAACCATCAAGCTATGGGATGTAGCAACAGGTCGTGAGATAAGAACACTAAGGGGGCATAGTTATTCTGTCAAAGCAGTAGCCTTTTCCCCTGATGGCAGGATACTGGCATCAGGAAGTGAGGATAACACCATCAAGCTCTGGGATGTAGCAACTGGTCGTGAGATAAGAACACTAAGCGGGCATAGCAATTGGGTCCGATCAGTAGCCTTTTCCCCTGATGGCAGGATAGTGGCATCTGGAAGTTGGGATGGCACCATCAAGCTCTGGGATGTAGCAACTGGTCGTGAGATAAGAACACTAAGCGGGCATAGTTATTATGTCGAAGCAGTAGCCTTTTCCCCTGATGGCAGGATAGTGGCATCTGGAAGTGGGGATGGCACTACTCGCATATGGGACATCTCCACAGGCAAGGAGATTGCTCAATTCGTGGGCTTCACAGACGGCGAATGGGTCGTAATCACTCCAGAGGGCTACTACAATGCCTCTCCAGGTGGGGATAAGCACTTAAATGTCCGCATTGGAAACAATGTCTATAGCATAGAAAACTATCGTGAGGCATTTTATCGTCCTGACCTTGTGAAGGTTGCCCTATCTGGGGGCTCACTTAAGGAGTATAAGACCCTTGCTGATGTAAAACAGCCACCACTGGTAGAGATTATTGACACACCATCAAGCACCCGGAATGATGAAGTAAAGGTTACTGTGAGGCTTACAGACCAGGGTGGTGGTATTGGAGATATAAGGCTCTATCTCAATGATGTTGCTGTACTGGTAGACAGTGCAAGGGGTGTGAAGATTACTCCAAAGCCTGGTGA
CP144374.1_gap4	67327	68635	1308	AAATTTTTGTATAATATTTTGATTATGTCCATACAAAAAAGCAAGATTACTGATTTTATTTTTTTAATGATTACAGCATTCACAGCCTTCAGTATAATTATAATCACAACTGGCATTTTTTTAGTCCTTTTTAAAGAGTCTCTTCCAGCTATGAATAAATTCGGAGTTGAAGAATTTATCTTTTCAACACAATGGGATCCTGTTCAGGAAGTTTTTGGTGCATTGCCTGCATTAACTGGTACTCTAATTACAGCTTGTTTGGCACTCCTGCTTGCCACTCCAATAGCAATTGGAATAGCAATATTTATTACTGAAATTGCACCTGCATTTTTAAAAAACATTATTGGCACAAGTATAGAACTTTTAGCTGCAATTCCAAGTATTATTTACGGAATGTGGGGATTATTCACCCTTGCACCAATAATGAGTCAGAATATTGAACCATTTTTTCAGTCAACAATTGGAAAAGTTCCTTTAATTGGAAAGCTCTTTGAAGGCACACCTCTTGGTGTTGATCTTTTTACTGCAAGCATTATCCTGAGCATTATGATTATTCCATTTACAGCATCAATTGCAAGAGACTCCTTCAACCTCACACCAGCGGTGCTTAAAGAATCTGCCTATGCTATGGGGGCTACTAAATGGGAAGTTGTCAAAGATGTTGTAATGCCTTATTCGAAGCTGGGAGTTCTTGGAGGCGTTGGACTTTCTCTGGGAAGAGCTCTTGGAGAGACAATGGCAGTTGCCTTTGTTCTTGGCAATTTAAACCAGATTCCAAAGTCACTTTTTGAAGCTGCTGCCACTGTTACTGTAAAACTTGCCAATGAATTTACAGAAGCTGATAAGGATATTTATCTAAGCTCGCTTTATTATCTTGCTTTCCTTTTATTTATTATGAGTTTTGCAATTCTTGCAATAGCAAAGATTTTTCTTGTAAGAGCTGAAAAAAGATGAGAATGAAAAAAAGAAAAATATTAAGCGGATTGGCTCTCTTTATATGCTTTCTTACTGCTTTATGGGGTATTTTCTGGCTTTTTTTTATAATTATTGATGTTTTAAGGCACGGTATTACTGCAATAAATCTTGATTTATTTTTAAAGGATCCTGCACCTCCTGGTGAGACTCAAGGAGGTTTAAGAAATGCCTTTGTCGGACATCTTTTGATTACTGTATGTGCTACATTAATTGGAGTTCCAGTGGGAGTTCTTGGTGGAACATTTCTTGCTGAGTATGGAAGAAAGTATAAAATATCAAAGGTAATAAGCACCCTTGCTGACATAATGGTTAGTGTTCCTGCAATAATTGTTG
CP144374.1_gap5	125690	129720	4030	TTATTCGCAGGCTTGAGTTTCAGTTTAATTTTAGCTACTTCAATAAAAGTTTTGCCTGCCATAAATGAATATATGCAGGGAACGCTTTATAAATATAGTATTTATGCTAAACAGATTCTACAGAAAAATGATATTTTAATTACATACAAAATAAACAAGCCAAGTATTTCTTTTTATTCAGACAGAAAAATACTGAAGATTGACTCTGAAAAAGAACTGATTGAAAAAATTAAAGACACTTTACAGCAAAAACTAAGAATAGTTGTAATATCTCAAGTTAAAGATGTAGAATTTTTAAAAAGCACTGGATTAAACATGTTGAAGGAGGATAGAGATTATGCCATTTTTACATTGTCGGGCTAAAAATCTTTGGTTGTCTGTTTTGCTTATTCCCTTATTTATATTTTTTTTTGATAAGGATATAATGTTATTTATAAAAAATTTTCAGCAAAGTTATTTCAACTTTTATCAATTTTTAGAGGAACTGGATGCTGTAATGGATTTTGTGTATAAAGGTGCTTTTTTAGTAGTTTCCATTTTCACAATCTACAGTTTACTGGCAAAGAAAGAAATTGGCAGATCCCTGGCTTACGGTATTGCTGGTGTTTTAATTGTTATCCAAATAAAACACTTAATAGGAAGAGCACGACCAAAACTTGGTTTTGATCCATTTTTTGCAGGTCCTTCTTTAAATTATTTATACTCTTCTTTCCCTTCAGGGCATACTACTTTCGCTTTTATGCTTGCATCAGTATTTTCTCATTATTACCCAAAAGTTCGATATCTTTTTTATATATTTGCTACATGGGTTGGCTTTGAAAGAGTGGAAGATTTTGCACATTTTCCCTCTGATGTTCTGGCAGGAGCACTTCTTGGTATTTTTGTAGGAAAGTTTGTTTTGTTTAAACTTTCACCCAAAACAAGGCAAAATAGTTTAACTTAGCTTTTATTTTCAATCTTTGAAACTGTCTTTTCTTCCTCCTTAGATGCTTCAGCATCGGATACAGCTTTTTTAAAGCCTCTAATGGCTTCTCCGAGTCCTTTACCTATTTCAGGAAGCTTGGAGGAGCCAAAAAGAACAATTATAATTATTGAAAATAGAAATATGTCTTGATAACTGAGCATCTTTTGCCCTCCTAAATTTTTTAATCCTGAATTTTTTTAATTTTAAACTATAATTTTTAATTTTTCAATTAAAATAAAAATCTTGAAATGGCTGATAGAAAAACTTACTCTGGCTTACTCATCGTTAAAAACTATTACCAAAAAATCTCTAACTTCGCTCAACACAATAATTTCCTGATGATAATTTCAGGAGACTTATTGCCTCATATAAAAATCTATTCGAAATGAATTTTTACCTTTTTTGAATAGATTTTTATATGAGGCAATTCGGCTACTTGACAAATTAAAAAAAAATATATAGACTTTTATACAAGAAAAAATTTTTCGGGGGGCATGTATGGAAAGAGAAACAATCTATGAAGGATTGGTGCGTAAAGGGGTCTCAAGAAGAGACTTCCTGAAGTTTTGTGCTTCTACTGCAGCAGTATTAGGTCTTTCCTCTTCCTTTGTTCCAAAGATTGCAGAAGCAATCGAGAAGAAACAAAAACCCGTTGTAGTATGGCTTGAGTATCAGGACTGTGCAGGATGTTCTGAAAGCATTTTGAGAGCTTCAAAACCAACAATTGGACAGATTGTTCTTGATGTGATTTCTCTTGAGTATCATGAGACAATCATGGCTGCAGCAGGATTCCAGGCAGAAAAATCACTGCATGATGCAATTAAGAACTACAAAGGTAAATACCTTGTTGTAGTTGAAGGTGCGATTCCATTAAAGGATGGTGGAGTTTACTGCACAATTGGTGGAAAATCAGCCATTGATCTTATCAAAGAAGTATGCAAAGATGCAATGGCAGTAATTGCTGTTGGAAACTGTGCATGCTTTGGAGGTGTTCCAGCAGCAAAGCCAAATCCAACAGGTGCTGTAGGAGTAATGGATATCATTAAAGACAAACCAGTTATTAATCTGCCAGGATGTCCGCTTAATGTGGAAAACTTTACAGCCACTGTTGTTTACTTCCTCACATTCGGAAAACTGCCAGCTGTTGACAAACTCAAGAGACCTCTTTTTGCTTATGGAAAGCTTATTCATGACAATTGTGAAAGAAGAGGACATTTTGATTCAGGTGAGTTTGTAAAAGCATGGGGAGACAAAGGTCACAGACAGGGTTGGTGTTTGTTTGAAATGGGCTGTAAAGGTCCTTTTACAAATCATAACTGTCCAACAATAAGGTGGAACGAAGGAGTAAGCTGGCCTGTTATGGCAGGACATCCTTGTATCGGTTGTTCAGAGCCAAAGTTCTGGGATAATAATCTTTATGCAGAAGCAGAAAAAAATACCTTCTATGCTAAAGCAGTTGGTCTTGCTGCAATGGCTGGTATAATAAATAAAGTAAAAACAGAATAAATTATAAAGGGGGCATGTATGGCAAGGTTAGTCATTGATCCTGTAACAAGGATTGAGGGACATTTAAGAGTTGAAGCCACCGTGAATGGTGGAAAAGTAAAAGATGCATATTCTTCATGCACAATGTGGCGTGGAATGGAAATCATTCTTAAAGGAAAAGATCCAAGAGATGCATGGGCATATACACAGAGAGCATGCGGTGTTTGTACAACTGTTCATGCAATTGCATCTGTAAGAGCAGTTGAGGACGCCATAGGAGCAAAAGTTCCGGAAAATGCAAGAATCTTAAGAAATATTATAATGGCAAACCAAAATGTTCATGACCATATAATTCATTTCTATCATCTTCATGCTCTTGACTGGGTTGATGTTGTATCAGCATTAAAAGCGGATCCTGTAAAAACTTCAGAGCTTGCAAAGAGTATATCTTCATGGCCAAAAAACTCAGCCACATATTTTAAGGCAATTCAAGATAAAGTCAAGGCTTTTGTAGAGTCAGGTCAGCTTGGAATTTTCAGCAATGGATACTGGGGACATCCAGCATACAAACTTCCACCAGAAGCAAATCTTTTGGCAGTTGCTCACTATCTTGAAGCACTTGATTTACAAAGAGAGATAATCAAAATTCACGCACTTCTTGGTTCAAAGAACCCCCATCCACAGACATTTGTTGTTGGTGGACAGTCAACACCAGTTGATCCAGAAAGTCAGAATGCACTTAATGCTGATAGCATTGCATTTATGCTTAAGTATGCTGATATGGCTCTTGAATTTGTTGAGCAAGTCTACATCCCCGATCTTCTGGCAATTGCATCTTTCTATAAAGATTGGGCAGCAATCGGAGGATTTAACAACTTCCTTGCCTGTGGAGACTGGCCAGATGCAAATGGCAAAATGTATCTGCCTGGAGGAGTTATAAAAAATAAGAATTTAGCAAAAATTGAACCATTAGACCACAAAAAATTTAAAGAATACATCACCCATTCATGGTATAAGTATTCAAAGGGAGACAATGCAGGACTTCATCCATGGGAAGGTGAGACAATTCCAAACTATACAGGACCAAAGCCACCTTATGAGTATCTTAATGTTGAAGGAAAATACAGCTGGGGTAAAGCAATCAGATATGAAGATCTTCCAATGGAGGTAGGACCTCTTGCAAGAATGCTCGTTGCTTACGGGCTTGGACACAAGGATGTAAAAGAAGTTGTTGATATGGTTTTAAAGAAACTTGGAGTAGGGCCTGAAGCATTGTTCTCAACACTTGGAAGAACTGCTGCAAGAGGAATTGAGACACTTCTAATGGCAAGAAAAACAAAGGACTACATAATGGAGCTTGCTGCTAATATGAAAAAAGGAGACACAAAGATTGCTGATACTGATAAATGGAATCCTAAGACATGGCCCAAAGAGTGCAAAGGTGTTGGATTCCATGATGCACCTCGTGGAGCTCTTGCTCACTTTGTTGTAATAAAAGATGGAAAGATTGCTAATTATCAGATGGTTGTTCCGTCCACATGGAATTTATCGCCCAGGGATAACAAAGGCCAGCGTGGTCCT
CP144374.1_gap6	142801	145180	2379	TTTACCTTACTTTAAGGCGCTTGAAGATCCGGTGGAATTGCAGGAAGAAAGAAGGCTTTTTTATGTGGGGATGACAAGAGCCAAAAATCTTTTATATATTACAAGTGTAAGGCAGAGAAAGCTTTATTCAAAAGTTCAGAAACAGGAACCTTCAAGCTTTATCAAAGACATTCCGCCTGAATACTGCACATGCATCAGAAAGGATTATTCCACTTTTACTCCAGACAAAAAGGAATCAGACAAACCCAGGGTTAAGCATCCATTTGTGATAGGATGTAAAGTAAAGCATCCCACATGGGGAGTTGGAGTTGTAAGAGACTGTTATGGAGAGGGAGATGATTTAAAGGTGGTTGTTAACTTTCCAGGTATAGGAGTTAAAAAATTAGCTCCAAAAATTGTAAACTTAGAGAGGGTGTAAAAATGAAAATATCAAAACAAGAGGTAAAGCATATTGCAATGCTAAGCAGGCTTGAACTTGATGAGAAAGAAATAGAGCTTTATCAGGATCAATTAAGCCGCATTCTTGAGTATGTTGAAAAATTAAATGAGATTGATACAACCAACATAGAGCCTACATCCTATGTTATTGAGCTTAATAATGTATTTAGAGAAGATGTTGTTAAGGAGTCTTTACCGAGACAGGAAGCATTAAAAAATGCACCCCAGGCTACAGAGAAATTTTTTAAAGTCCCCAAAATAATAGAATAAATGATAAAATAAAACAAATGCTGAGAAGTTTTTTAAGAGCAAAACTGCATTTGGCAAAGGTAACAGAAACTAATTTATTTTATGAAGGCTCAATAAGTATTGATGCTGAGCTGATTGAGATTGCTGGAATACTGCCTTATGAAAGGGTGTGGATAAGCAATATGAATAATGGAGAAAGATTCGATACCTATGTTATTCCTGCTCCAAAAGGCTCAAAAATAATAGGACTTAATGGACCAGCTGCCAAAAAGGCTCAGGTAGGAGACAGAATTGTTATTTTTTCCTATGGTTATCTTACGGAAAATGAAATTCCTTTACACAAGCCCAAGATTGTAATCCTTGATGAAAATAATAATCCTGTAAAAATCTATCCATGAATTAATGCTTCAATATCAAGACTTTTTAGGGCTGTTTCGCCTATTCTGTCTTTATTTAGTTCAGATAAGTATGGAAATACTCCAAGACAGGGTATATCAAGCAATTCTTTTAAAACCTGAGGATTTGTTTTTTCAGCAATATCATTTTTTGCAGGCTCAGAAAAATTAATAATATAACCCTTTACAGAAATTTTTTTATTTTTCAATGCCTCAAGTGTAAGAAGTGTATGATTAATTGTGCCAAGAGTTGGTCTCGTTACTATTATCACAGGTAATTCCATATCCTTAATTAAATCTCTGACAAAATAAAAATTTGTTTTCTTTTTTTCTTCTTTGATAAGAGGAACCATTAATCCACCTACACCTTCAATGAGAAGATAGTCATACTTTTTCTTAAGTGTCTCAAAGGATTTAAAGATTTTATCAATGTCAACTTCTTTATTTTCAAGCCTTGATGCCACGAGGGGGCTCAATGGATTCTCCATTTTTACAGGCGTTATTAAATCAACAGAGTCATTCATCTCAGCCATGTCTCTTAAAAGCATTCCATCACTTGGTAGCAGTATTCCATCTTTGTTAAGGCACCCTGTTTCAATAACTTTCATTGCACCTACTTTTAGTCCCTTTTTTATAAAACTCCTCAGTATTGCTGCTGCAACAATAGTTTTTCCAACTCCAGTATCTGTGCCTGTAATAAAGTATCCAGTCTTCATACTAAATCCTCCCTTTCAAAGAATTTTATCGTTATATGGTATAATGTTATATAAACTAAAGGCAACCCGATATGGAGGAACTATGATAAGATTTGAAGAATTACAGATGAGAATAATGGATGCAGCAAAAAATTATCTTGATGTGTATGATATGTCCACATACATTGAGCAGTATTCCTTAAATAAAGAGAGCAAGCTTTTAATGACATTGCCGGAAATTAAACCTCCTTATCCAATAAGTGCTGCAGTGTCATTTTCTTATAATGCCCTTCAGACAAGTAGTTCTTTTCTTTATGATGAAGATGAGGAGGAACAGGACTCTGAGGAGTTTGAAAACATGGTAGAGATTGAAGTTGTTATAAACCTTCCATTTCTTGAAGGATATAATAATATAAATGAGCTTTTTGAAGAGATAGTTAATGAGCATCCTGAGCTGGATCTGGTTTTAGTAAAAAAAGAGTTCATTGGAAAAGATCTGATGGAGGAAGATAAATATGAAATTGCTTATTCCTATCCAGCTTCTCAAGAAGAATTAAAGGATCTTCAGTTTTATGAAGAGATGTTTTTTGAATTAAGCAATA
CP144374.1_gap7	146412	149648	3236	GCATCTGCCTTTCTGTCTCCTGAAGCCAGTCTACACGGGCATGATCTGTAACCATAGCGTTCTTCATTTTTAAGCAATCCCTTCAAAAGTTCAAATACAAACTCTTTATCCCTGTTTAGCTCCCAGCCCCTTGACATGGCATATTTTTCTAAGATTTCATAGAGTTTTTCTGGCGTCATATCAGGCATTCAGTTCCAGAATTTTTCTAAGAATTTCCTCATCAAAGCCTACTACAGCTTTCTCAACAACAACTGTTGGAAAGGTTTCCTGAGGATTGATTTTTTTCAGTTCTTTCATTGCAAGCCATTGTTCTGCACTGTCAAGAGTATCAACCTCAATTAACTCATATTCCACAGAATTATTCTTTAAGAATTCTTTTACTTTTTTACATACAGGGCATGTGCTCAATGAATATAATCTAACCCTTTTATGCATTGCCCCTCCTATTTTTGTTAAAAGTATTGTTGAGAGTTAATTGAACATCTTCAAGCATCTCAAAGTTTGCCTTTCTTATTGTTTCAAGAGGAAGCTTTAACATATTCGCCAACTCTTCAAAGGGAATTTTTGAAACATAACAGAGCTCTGCAATAAGTATCTTTAATGCATCATCTTCTATCAAAGCTTTTAATTCATTATCATCCACCTTTACATTGTCAACAGCATCTCTGAAGGACATTCCATTCTTTATGTTCTGCATTATTTTTTTCATGGCTCCTTCATAAATTTTGCTTTCTTCCTCTGAGTAATCCTTAAAAATGAAATTAAACTCTGTCATTATTAAACTCCTTAATTTTTATTTTGCCTGGATTTAATTTGATTTATAAAAAAAAGATATTTTTTTATAAGAGCTTCAGCAGTTGTTCTTATCTCCTCATCTTTTATATTTTTCGTAATATCTTCCATCCATTCTTGCTGTTCTTGAGATAAACCAGTGATTTCTTTCTCCTTACTCTTTTCTTTTTGATTTCTGTAAATTCTTCCAAAACAGAATTCCACATCCTTTATTCCATAAATATGAAGTTTTTTAACAAATTCATCTTTTAACAATATTAGCTGAGAAAGCCATACATGAGAGTTAACTACCACATAAAGAACACCATTTTTCAAATCCTTTGGAAAAGTATGCTCTTTAACAGGACAACCGAATAGATCGTCCCATCTTTTTCTTAAAAATTTTAGTGATACTGCTTCTTCTATACCAAAATTATTGAGTAAAGCAGGTAAAACTTGTCCTATTTTCTCCATGTCTAAACCGCTTTTTTGACAAGACCTGAACGAAGACATCTTGTGCATACATGCACTCTTCTTGGGCCTTTTTCAGTAACAATTTTCATTCTCTGAAGATTTGGAAAGAAATATCTTTTTGTTTTGTTATTTGCATGGCTTACATTGTGTCCCACCACTTTTTTCTTGCCACATACATAGCAGCTTGCCATTTTTCCTCCTCCTTAATTTGCATATACTTAATTATTTATGATAACATTTTATTGATTTAGAGACAAGGAGGGAAGAATTAAATTATGTCTGATAAAGCAGTTAGAAGCATAGAATTAGCTAAACAGCTTGGTGTAAAACCTTCAGAAATTGTAAAATTTGTTGAAAAAATTAGAAATGTCCAGTTTAAAAAAAGAACTACAAACATCAACATAGAACCAGAGGAAGTTGACTTAATAAAACAGCATTTCAAAGAAGAAAAACAACCAGAGAAAATGGAGGAAAAGATAGAAACAGTTGAAGTAAAAAAAATTGAAGAGACAAAAGAGATAGAGAAAGAAGAAGCGCCTAAAATTCCTAAAATTATTGAAGAAGAAATAAAAGACGAAGAAGAGATACATTTGCCAGGAAGATTTAGAAGAGAAATATCTTTTGAAAAAATTGAAAAAATAAAACCAAAACCTGTAATAAACAGAATACCTCCCAAAAAATTAGAACCAAAAAAGTGGCTTGACATAAAAGAACAAAAAAAAGTTAAAAACAAATTTAAAAAGGAAGAGTCTGTTCAGGTCCCATCAACTGCTCCGAGAAAAAAGTCTATTAAGATAGAAGAAGGCACAACAGTTAAAGAATTTGCAGAGCTTATCGGTCAAAAAGTCTCTGATGTTATAAAAAAATTCATGGAACTCGGTTACATGCCAACAATTAATCAGCCTGTTGACTTAGATGCAGCCCAGCTCATAGCAGAAAGCTTTGGAGTGAAAGTAGAGCTTGCTCAGGCTGAAGAAATTGATGTAATACAGGAGCAAGAGGATGCTCCAGAGCTACTTCAACCAAGACCTCCTATTGTAACTGTTATGGGGCATGTTGATCACGGTAAAACTTCACTGCTTGATGCAATAAGAAAAACAAAGGTAACAGAACAGGAAGCAGGAGGAATCACTCAGCACATAGGTGCTTATAAGGTTAGTCTTGCAGGCAAAGATATTACATTTCTTGATACCCCTGGACATGAGGCATTTACAGCTCTTAGAGCAAGAGGAGCAAAAGTTACTGATATTGTTGTTCTTGTTGTTGCTGCTGATGATGGAGTAATGCCACAGACAATTGAAGCAATAAATCATGCTAAAGCAGCTGGTGTTCCAATTGTAGTTGCAGTAAACAAAATAGACAAGCCAGAGGCAAATCCTCAGAGAGTAAGAACCCAGCTCAGTGAACATGGAGTTATTCCAGAAGAATGGGGTGGTCAGAATATATTCGTTGATATTTCAGCAAAAAAAAGAATAGGTATAGAAAATTTACTGGAAATGATACTCCTTCAAGCAGAAATAATGGAACTTAAAGCAAATCCAAATAAGCCTGCAAGAGGAACAATAATTGAATCCAGACTTGACAAAGGTCGCGGTCCTGTGGCAACAGTGATTGTTCAAAACGGGACTTTAAGGGTTGGAGATGCTTTTGTTGCAGGAACAACTTATGGAAAAGTAAGAGCATTAATTGATGATACAGGTAAAAGAGTTAATGAAGCTCTACCATCAACTCCTGTTGAAGTAGTAGGGTTTGAAGAAGTACCTCAGGCAGGAGACAGTTTCATAGTTGTGGAAGATGAAAAGATTGCTCGTCAGATAGCCAATGCAAGAGCACAGAAGAAAAGACTTGCCGAGATGCAAAAAGCTCAAAAACTGACACTGCAGGATTTGTATGAGAAAATTAAAGAAGGAGAAGTTAAGGAGCTCAATTTAATAATAAAGGGTGATGTCCAGGGTTCAGTGGAAGCATTGAAAAAAGCAGTTGAGGAGATA
CP144374.1_gap8	150826	155005	4179	CTATAAAAAAGAAATTATTGAAACCATTCAAGCTTCAGCTTTTAACACTAAGTTGATTATTGACCATCACATTGAAATTAACAAAACAGTTGATCTATCCAGTATAAAGTGGATTGAACCAGAGGCTGCAGCCACAGGCATAATGATTTATTATCTCATAAAAACACTCAATGGCAAAATAACTCCTCAAATTGCCACAGCTCTTTATACAGCAATAATTGTGGATACCGGTAATTTCCAGTTTGACAATACCACTGAAGAGGTTTTACAGGTGGCATCAGAGTTAGTAAGATGTGGAGCTAAACCTTCATATATTTATCAACAGAGTTTTGAATCGTGGAGTGAAAATAGATTTAAACTTTTTACAAAAATGCTGAATACAGTTGAAATAATACCTCCAATTGCAATAGGTTTTATAAGTAAAGAGGATTTTGAAGAAACTGAAACTTCTGAGGCAGATACTGAGAGATTTGTAGAGTTTTTGAGAATTTTGAAAGATGTCAATGTCTCAGTGCTTTTTAGAGAGGTTGAAAGAGACTTCATTAAAGTAAGCCTTCGTTCAAAGGGTGATGTTGATGTTAGCAGGATTGCGACAGAATTTGGTGGTGGTGGTCACAAAAATGCAGCCGGATTTAGAATTAAAACATCCTTTGAAGAAGCACGGAGGAGACTTATAGAAAAATTAAAAGCCTGCAATGATACATTGTTCAAAATTGTTCAAGATTGTTCAAATGTTCAAGAGTAGTTTAAAATTGTCCAAATGGGGAAAATAATAGCAATAGCCAGTCAGAAAGGTGGTGTTGGCAAAACAACAACAGCTATTAATCTTTCAGCTTCTCTGGCAGTAAAAGGTAAAAAAGTTCTTGTAATAGATTCAGATCCTCAGGCAAGTCTTACCTTTGGTTTGGGAATGAGAAAAAATGGAGAAAAAATTAAAGGACTATACGAACTTTACGCAGACAAAGCAACACTCAAGGAAGTTTTAATTCAGCCATTTAAAAATCTTTATGTAATTCCTTCAAGAATTGATCTATTCATGGCAGAACTTGAGATATTTGAAACTGAAGAGAGAGAAAAAAAACTGAAGTGTTTGCTTAAGTCCTGTAAAGAAGAATTTGATTATATTTTCATTGATTGCCCTCCCTCCTTTTCATTTCTTGCGCTTTGTGCCCTTGTTGCCTCAGACTCTGTAATAATACCTGTTCAATGTGAGCAGTTTGCTTTGGAGGCTTTGAGAGTATTTATCAAACTTTTATGGAGAATAAAAGGGAATTTTAATGAATCGCTTGAACTTGAAGGGATTCTGCTTACAATGTTTAGCAAGCATCTTACTTTAAGCAGAACCACTGCAGAGGATATAAAAAAAGTTTTTCGTTCAAAAACTTTTGAAACCTGTATACCAAGAAACATTGCCCTTGCTGAGGCCTCCATGAATGGATTGCCTGCTATTTTTTATGCTCCAGAAGCTCAGGGAAGTATTGCTTACAGGGAACTTGCAGAAGAAATCCTTCAGAAAGAAAAAGATAAACATCTCAATTAAGTGCTTCAATAACTTTTTGAGCAACTGTCAGGTTAAATCCTGGTAAAGATGCTATTTCCTCTAAGGATGCAGTCTTTATTTTTTCAATGCTGCCAAAATGTCTGAGCAGTGTAAGCCTTCTTTTTTTACCAATTCCTGGGATTTTTTCAAGAACTGACTGAAAAGTGGCTTTCTTTCTGAGCTTTTTATGATAGGATATGGCAAATCTGTGAGCCTCATTTCTTATTTTTTTTAGTAAAAGTGAAGAGGATTTTTTATCTTCAAGAAGTATCTCCTTGCCATCAGGAAAAACAAGCCTGTCAGGTTCCTTTGCAATTGCAAAACATGGTAGCTCCTCTTTCAACTCATTTATAACTTTCAATGCAGTATTTAAGTGTCCTAAACCACCATCAATAAGAATTAAATCTGGTTTTGGAACTCCTTCATCTGTGTCAAACTTTCTTACAACTCTTAAGACAATCTCCTTCATGGCTGAATAATCATCAATTCCCCGGGGTTCCTTTATTTTTAAATGTCTGTAAAAATTTTTGCTAAAGTTTCCGTCTTCCCAGTAAATGAAACTTCCCACAGAATGAGCTCCAAAAAGAGTTGATACATCAAAGGCACCAATTTTGGAAGGAGTTTCTATAAGATTAAGTCTCTGTTTAAGCTCTTCAAGTGTAGTCTCTACTGGTGAAAGCTTTGATTCTATATGAATTTTTGCATTATTTAATGCCATATCAAGAAGTGCTCTTTCTTCTTCAGAAGAAGGAGTTTTGAATTCAACAGGAGCACCTCTTTGAACTTTTAGCCATTCCTTTATTTCATCAAGACTTTCCGGTAATTTTTTCATCATAATCGTTGAAGGAATCAGTAAATCCTTTGAATAGAGAGCCTCAACTACTGAGCTGATGAGCTCTCCTTCATTTTCATAAAAAGCCTTTTTAACTATCCAGTCTTTTGAGCCAATAAGCAAGCCATTCCTTACAAATAAAACATTGACGGATATTTTTGAATTTTTCATATAAAGCCCTATAACATCCATGTCTTCAATAGCTTGAGAGACCACTCTCTGTTGAGAAAATATCCTTTCAAGTCTTCTAATCTGATCTCTAACAACAGCAGCTTCTTCAAATTTAAGTTCCTGAGCAAGTTTTTGCATCTTTTCATACAATCTATCAAGTAACTCAGTTTTTTTACCCTTTAAAAATAAAACAACCTCTTCAACTCCTTTCATGTAATCTTCTTTTTTTATTAAACCAGCACATGGAGCAGGACATCTTTTCATCTGATATTGAACACAAGGACGAATAGGTTTGTTTAAATTGTATTTGCAGGTTCTTATTGGAAAATTTCTTCTTATAAATGATAAAGCTTCCCACATTGATTGAGCAGGAACATAAGGACCAAAATATAAATTACCGTCTCTCTTTGGCTTCCGAACAACATCTATTCTTGGCCAGTCTTCAGTAATTGTTATTCTTAGGTATGGATAATTTTTATCATCTCTTAATAAAACATTGTAAGGTGGTTTATACTCTTTTATAAGGTTTGCTTCAAGAACAAGGGCTTCATACTCATTTGATGTAACAATGTAGGAGAAATCCTTTACAAACTGAACCATTTTTTTCTTTCTTTCGTCAAGTTCACTGCTTTGAAAGTAACTCTTGAGCCTGTTTTTAAGATTTTTTGCCTTTCCAACATAAAGAACCTTTTCAGAGGCATCCTTAAAAATATAAACTCCTGGCAAAGAAGGCACCGTGGTTAAATCAATCATATAATTATTGTATTACTTTTCTCTGGCGGTGTAAACTTTATCCCAGTCTGATGCAGGAGGATTCTGAAGATAGTGCTTGCATCTTTCTTCATAAACAACAGAAGCTTTATCATTAAATTTTTCTTTAATATAGCTAAATATTTCCATCGCTTCTTTAAACCTGCAATTTCTGTAAAGATTTAAAGCTTTTTCAAAATCTTTTATGGCAGGCTCAAAAGCAGTGTTTTCCACAACTTCATATATCTTTACAGGTTCCTTTTTACCTTTAACCCTTATCAGATCAAGTTCTCTTGTAATAAACTTTTCTTTCTGTTTTAAAGCATTGAAAGTGCTTTCACTTATTATTATTTTTGTTCCATAAAATTTATTTAATCCTTCAAGCCTTGATGCTAAATTTACTGAATCTCCAATGGCAGTGTAGTCAAATCTCATATCTGTGCCCATATTTCCTATTACTGCCTCTCCTGTGTTTATTCCTATTCCAATGTCTATCTCAGGAAAACCAATTTTTTTAAACTTTTCATTTAAAGCTTTAAGTTCCTGTATCATCTCTAATGCTGAAAGCACAGCCTGCTGTGCATGTTGAGGAAGTTCAACCGGCGCGTTATATATTGCCATTATGGCATCACCAATATATTTATCAAGCATCCCTCTGTGTTTAAGAACAATCTTTGTCATTGGGTCAAGATAACTATTAAGAAACATTACGAGTTTTTCAGGTTCAAGTTGCTCTGAAAGTGTAGTAAAACCTCTTATATCTGAAAAAAGCACAGTTATTGTTCTTTTTTCTCCGCCAAGCTTTAATGCATAAGGATTTTTCATTATTATGTTAACAAGTTCGGGTGAGACATAGCTTGAGAAGGCTTTTTTAAGAAACCTGCTT
CP144374.1_gap9	225498	228738	3240	TGCCCTTCAATCTCTACAATTTTATCGCCAGTCTTTAATCCTGCCATGTAGGCAGGTGAATTTTTCATAACTTCTCCTATTACTGGTTTAATTACAGGAACTCCGTGAACAAATACAATCCAAAAAAGAATGACTGCACCAAGAATATTAAAAAAAGGACCTGCAAAAACAATGAAAATCTTTTTATAAACTGGCTGGTGCTTGAAAGATCGCGTTTCATCAATTACTTCATCTGTTGGTTCTTCCCCATACATCTTTACATATCCACCAAGAGGAACAGCACTCAGTAGATATTCTGTTTCTCCAATTTTTTTTCCTATCACTTTTGGTCCGAAACCAATTGAAAATTTAAGCACTCTTACTCCGCTTATCTTAGCAGCTAAAAAATGTCCAAATTCATGAATGAATATTAAAAAACCAAAAAGAATTATTGCATAAATAAAATTCATTTTTTTATCTCCTTCAATGCTTTTTTTCTTGCCCAGCTATCAACTTCAAGGATTTCTTCTATACTGTCAGGATTAAAAACCCTGTGGGCATCCATAACTTTTTTAATCAATTTGGGTATCTCATTAAATTTTAACTTTCCTGAAAGAAAAGCATCAACAGCAATCTCATCAGCTGCATTTAAAACCACTGGCATACTGCCTCCAATCCTGACTGCTTCATAAGCAAGACTGAGGCATGGGAAAACCTCTGTATCAGGTAATTCAAAGTTAAGCTCTCGTAAGGCTTTCCAGTCTATTGGAGAAATTATATCTGGAAGCCTCTCTGGAAGGGATAGTGCCAGTGCAATAGGTGCTTTCATATCAGGGTTGCTTATCTGGGCGAGATAGGTTCCGTCAATAAATTCAACAAGGCAATGCACAATACTTTGAGGATGAATCAATACTGCAATGTTTTCAACAGGTATGTCAAAGAGAAAATGTGCTTCAATAACCTCAAATCCTTTATTCATAAGGGTTGCTGAATCTATGGTAATTCTCTTCCCCATCTTCCATTTTGGATGATTTAGTGCTTCCTGAGGAGTTACATTTTCTATTTCACTGGTTTTTTTCCCTCTAAAAGGTCCTCCAGAGGCAGTAAGCCATATTTTTCTTATATAAGGTTTATTGCATCCATTAATGCACTGAAAAACAGCACTGTGTTCGCTATCAACAGGAATTATCTGAGCTCCGCTGTGGTTAGCTTGTTTTTTTATTAAGTCACCAGCCATTACAAGGCTCTCCTTATTTGCGAGTGCTACTACTTTGCCAGCCTTTACTGCTTCAAATGTGGGTAGAAGACCTTCTGCACCAACAATGGCTGAAAGAACAATGTCTGCTTCTTTAAGTCCTGCAATCTCGCATACTCCTTCAGTTCCGCAGAGTATATTTAATGATTGTATTTCTTTCTTTAACTTTTCACAGGCTTTTTTATCATAGACTGCTACATACTCTGGTTTAAACTCTTCAATCTGCTCTTTAAGAAGGTTAATGCTGCTTTTTACAGCAAGTCCCAGTACCTTAAATTTTTCAGGAAATTGCCTTATTACCTGAAGAGCATTTTTACCTATAGAGCCTGTGCTACCAAGTATTACAACTTTTTTCAATGCATTCTCCTACATAAGCCTCATAAAAAAATAAAGTAAAACTCCAGCAAAAAGCATACTATCTATTTTATCAAGAACTCCACCATGTTCTGGAAAAAGAAAGCTTGAATCCTTTACCTGAGCATCTCTTTTAAACATTGATTCAACAAGATCACCAAATATGCTGATAAAGCCAATTAAAAAACCTGCTATTAAAAGCTTGACAAAAGGCTTTGACAGTAAAAAATTTCCAAATAATAAAGAAGCAATTATTCCACCTACTATAGAACCATAAGCACCAGCCCATGTTTTTTTGGGGCTTACCTCTGGATAAAGCTTCTTTTTCCCGAATCCCTTTCCAATGTAATAGGCAAAAGAGTCTGCTGACCATACAACAGCATACAAATATATAATCCATTGCCATCCATGCTCTCTTAAGAACCAGTGAAAAACGAGTAACGAAGGAATATAAAGAAGTCCAATCATAACAGGAGAGATTTCAGAGAGCGCATACTGAGGCTCTTTTTTTGATATTAAACGAATGATAGTTATTACTGCAAAGGCTGTAGCATAATAATTCAGTGCAAACTGGGGATAAACACAGTTAAGTAAAAAAATGATCACAGAACAGAAAATTCCAAAACCAATCCAGAAACCATGAGTCTTATACATTTTTAAAAATTCCCACATTCCTGTAGCACAAACTGCTGTAAGGAATGCTAAAAAGAAGTAGGGCGGTAGCTTTACAATCAATAAAAGTAAAAGAGGAAGCGTTATTAATGCAACAAGAATTCTTTTTTTATGACCCTGCAAATTCACTTACTTTTCCAAATCTCCTCTGTCTTTTTTTAAAATCAAGAATTGCTTCTGTAAACTCCTCTTCAGTGAAATCTGGCCAGAGGGTTTGTGTAAAGTAAAACTCTGAATAGGCAGACTGCCATATTAAAAAATTGCTAAGTCTTTGTTCACCTGAAGTTCTTATTATAAGATCAGGCTCTGGAGACCCGGCTGTGTCAAGCATAGATGAGAATAAGCTTTCACTGAGTTCATCAGGTTTGATTTGATGTTCAATTATTTTTTTTACTGCTCTTAAAATTTCATCCCTTCCGCCATAACTTATGGCAAACTGTGCAGTAAGAGTACTACACTGTCCTGTTATTTGCTCTGTTTCCTCAATTATTTTAAGGACATCTGAAGGCATCATCTGACGATTCCCTATCATTTTGAACCTGACTCCCTGGGAAAGAAACAATTGAGTTTCTTTTTTTAGATGATTTTGTAATAACTCCATAATTATTTCAACTTCTTTTTTGGGTCTTTGCCAGTTTTCTATTGAAAAGGCATAAAAAGTAACAATATCAATATTCAATCTTATAGCAGCACGGATAATTTCTTTTACTTTTTCAACTCCTCTTTTATGTCCTTCATAACGAGGCAGTCCTCTCATCTGTGCCCATCTTCCATTTCCATCCATTATTATTCCAACATGCTTTATAAATCTGCCCATTTTTAATATTTGAAGGAAAGTATATGTAGAATTGTCTCAAAAGGATTCTCTCCCTGAAGAAGCCTCTTTGGATTGAAGCCAAAAGGAGGCTTGACAAGAACAAACAATTTATCTGATGAAACAGCATAGTCAAGTATTTCTCCTGACATCTCTTCTGTAACGG
CP144374.1_gap10	235712	236771	1059	ATTGGAGAGCAGGAAAAATTAAAGATTATAGAGGAAAGTGATAAATTAAAGGAAAAAATTCTTGAACAGGCTAAAACAAATATTGAATTTGAAGTTAAGATGGCAAAGGATGCACTAAGACTTGAGGCAGCGGAGCTTGCAATTCAGCTCAGTGAACAAAAATTAAAAGAGAAAATTACACCTGAAGAGCAAGAAAAGCTTCTTCAGGAATCAATAAAAATAATAGAGGGGCGGAAAAATTGAGAAAGGTAAGAGGAGCTAAGGCAAAAAAATATGCAAAACAATTTTTAAGCCTGGTTAATCTTGACCAGGTTCCTGAAATTGCAGGCAAATTAGAAACAATGGCTCTGCTTATGCAGAAAGAAAAGCAGTTCAGAAACATGCTTGCATCTCCCTCATTTAATGAGCAAGAAAGAGCTGGAGTGATTAACTATCTCTGTGAGAAATTGGCACTTCCTGAAGAAGCAAAGAAATTTCTCACTTTCCTCAGTATTGAAGGGGTGCTTGTTGGATTGGGAGAAATTGTAAAATATATCAATGCACTTTATCTGGAAGCCAAGAAAAAGGTTAAAGGCGTGGTTACATCTGCTGTGGAGCTTCCTGAAAGTATCAAGCAAAAGATTGTTGAATCTCTCAGAGCAATTACTGGCAGAGATATTGAATTGCAATATGAGATTGACCCTTCACTGCTTGGTGGAGTCAGGGTTAAAGTGGGTAGTACCATGTATGACTTGAGCATAAAAGGCCAGTTAGGTCTTTTAAGAGATAAGCTTATAAAGGGGTGAAAAACTATGGAACTTAAGATGGAAGAAATTAGTGAGTACCTTAAAAAGCAGATTGCTGACTTTGAGAAGAAGGCTGATGTCAGCGAAATCGGAATTGTTACTTCTGTTGGTGACGGTGTTGCAAGAATTTACGGATTGGATAACTGCATGGCTTCCGAAATGCTTGAGCTACCAAATGGTGTTTACGGAATGGCTCTCAATCTTGAAGAAGACAATGTAGGTGCAATTCTGTTTGGTGATGACAGACTGATAAAAGAAGGTGATATTGTTAAAA
CP144374.1_gap11	286205	286811	606	TGCTTCATTTTGCTTAACAAGTGTCTGAACTTCTTCATTTATAGAGGCTACACTTTGTGACATGTCCCTTATGGTGGTATCAATTTCTTCCATAGCAGTGGCAATTGAGGAGACTTCATCCTTTATTCTTGAGAAATTGGAATCAATCAATCCCATTGTATTTGAAATTGTTGAGCCAACAATATTTGATTTTATAATACCTGAGGATAAAGTTCTAATAAGTGAAAGATTGGTATCAATGTCTTTTTTTGTAAGATTTGTATTTTTCTTTTTTCTTAAAAACATTTTATTCCTCCTTATCTGTAAAACTCCTCAGCTATATCAACTCCGCATTTTAAATTACTAAGCCAGTTAAAAAATTTCTGAATGTGTTCTTTCTTGTAAATTATTGCTCCATGCTGTGGCGCTATTCTTTCAATATTGAGTTTATTTATTTTTTCAAGATATTTTCTTATCACACTGTTTGATGCAAGATATCTCCGATGAAATCCCTCCATGAGCTTTAAATGACTGTCAAAGTCTTCAACATATGGATATCTCTGTCCTTTTGGGAATATCGCTGCTCCAAGATCTCCTGTAAATAAAGTTTTTGAACGGGGATCATAA
CP144374.1_gap12	336782	340479	3697	GTTTTGTTAATTATTAAAGACAATGGTATGGGGATACCAGAAGAGAAAATTAAGAGTCCTGAATCATTCGGTTTAATGGCAATGAGAGAAAGGGCTTATTCTATAAATGCAACCTTTGACATACGAAGAATCCCGGAAGGAGGAACTGAAGTAATTCTCTCAGTTCCTTTAAGAGAAAATGAATAAAAAACTGAAAGTTTTAATCGTTGATGACCATACTCTCTTTAGAAAAGGATTAAAGGAAATTCTTCTTGATAATCCTTATATTACAGAATGCAAAGAAGCTAAAACTGGTTACGAAGCCATTGATATTCTTTCAAAAGAAAATTTTGATATAGTATTTCTTGATATAGCAATGCCTGATATGGATGGGATAGAAACCCTAAAAAAAATTAAAAATGAGCATCCTGAAACAAAAATACTTATGCTCAGCATGTATCCTGAAGAGCAGTATGCTATAAGATCGTTAAAATATGGAGCTTCAGGTTATCTCAATAAATCTGCAGAACCAGATGAACTTTTAAATGCAGTTAATAAAATAATAAAAGGCGGTAAATACATTCCACAGGCTTTTTCAGAAAAACTGATTCATTACATTGATAAATCCTGGGAGATTCCACCTCATGAAAAGTTATCAGAAAGGGAATTTCAGGTTTTTCTTATGATAGCAAAAGGCAAAAGTCTCATTGAGATTGCCAGAGAACTTTCCATAAGCATTAAAACTGTAAGCACCTATAGAGCAAGAATTCTTGAAAAACTTGGATGCGAAAACAATGCTGAAATTATAAATTACGCTATCAAGAATGGTCTGATAGCTTAGTGACCACAAAAAAACCACCAAATAGCAGAATGAGCAGAATTATTATAAAACTTTGCCACCCGAAATTTTTATATACAATTCCTGGCAGATAAGAGCCAACAACACCACCTGAGTAATAAAAAGCTATGTATGCTCCATTTACAAGGCTTTTTTGTGTTGTTACAATTCTATTTAAATAACCAGAAGCTACTGAATGAACGAGAAACATCCCAGAGCAAAAACCAAACATTGCAATAAATATTAGCAACATGTTGGGTAGACTTAATATCAAAAGAAAAAATCCATAGACAGAAAAACCAAATAACATGGTTTTTCTTTCGTTCCCAATGACTCTTATAATTTTTGTTGCGATAAAGGATATGAAAATTCCCGTGATGTAACCTGAATAAATAAGTCCTATAAGCATTTCGCTGGCTTGTTTATTAATGCTTTTTATCCTGAAAGGCAAGAAATTTGTTATCCCCGAGAAAACAAAAAACAAGCAGAAAACAGCGATGTAAATATAAAAAATTTTTTTATTGAAAACAACAAGCTTAAAGTTCTTAAAACTAAGATAATCTTTTTTTTGAATTTTTGGTATCTTAAGCTCTTCCATAAAATAATAAACTATAGGAAGAACAACAAGAAGACTCAATGACATTACTTGAAAACACGCTCTCCACCCAAAATAATTAGCTATAATACTACCGAGAACTCTTCCAAGAAGTCCTCCAATTATTGTAAAAGCAATATAATAGGACATAAAAAATTGAATTTTTTCTTTTACAGATTTTAATGCGATATATGTTGTGTTTGAAGTAAGAATTGCAGAGATTAAAAAACCCTCTATAAACCTGAGGAATATAACCAGATAAACATTTTCTGCCATAGATATTGAAAATACAACAAAAGAGTGTATTGCAGCAGCGAAGATGATCATTTTTCTTGGAGAAAAAAAATTAAGCAAAACTCCTGAGATAACAGGAATTACTGTAAGAGGAATGAAAGTGGCACTCATAATTAGTGATATCGTATCCATTTCAACTTTAAAAGAACTTCCAAGTAGGGGTAAAAGAGGCTGAGGCATGTGCAATGCTGAAATTGTAAGTATGGTTGTATAGATTATGGCAAGAAAATCCTTAATTGGCATGGATGAAATTTTTGAAAAAACTCTCCCTTTTGTTTTTTAAGAGTTTTTACAGTAAAATAGCAAAACTACAATGTTATTCTTACCAGTTTGTCAAAAATATGAATTGTATCAACAAATCTTACAATCTTTTGATAGGATTCTATCACAATTGAGTGAGTTCTTGCGCCTCCACCAAAAAATCTTACTCCATTAAGCAGGTCTCCCTTTGTTACTCCTGTAGCAACAAAAATTATGTCATCACTTGGAACGAGGTCATCAAGAGTGTAAACTTTGTCTTCATCAATGTCCATACCATAGCTTATAGCACGCTTTTTTTCTTCTTCATTTCTCCATCGCATTCTTGCCTGCATTTCTCCACCAAGAGATTTTACAGCTGCCGCTGAAAGCACGCCTTCTGGTGCTCCACCAATGCCCATAAGCGCATGAATACCTGTTCCTTCAACAGTTGCTGCAATAGCTGGTGTTATATCTCCATCTGAGATTAATTTAATTCTTGCACCAGCAGCGCGAATTTCTTTAATAAGATTTTCATGTCTTGGTCTGTCAAGCACAACCACAACAAGGTCATCTATGTCACGTCCTAAAGCTTTTGCAAGGGCTTGAAGGTTTTCTTTTACAGATTTTCTTATATCAACCATTCCCTTTGCTTGTGGTCTTACAACAAGTTTTTCCATATATGTGTCAGGGCAGTGAAGAAGTCCATTTCTTTCTGTTACAGCCATAACAGTAAGAGCATTGGGCATTCCTGTTGCGCAAAGATTTGTTCCTTCAAGAGGATCAACAGCTATGTCCACTTCAGGACCAGTTGCATTTCCAACTTCTTCTCCAATATAAAGCATAGGTGCTTCATCTCTTTCACCTTCTCCTATAACGATTCTACCTTTGATTGGTAAATCATTTAATGCCTTTCTCATTGCTGTTACAGCAGCCTGATCTGCTTCTTTTCTGTCTCCCTTGCCCATCAATCTTGCAGCTTCAATTGCTGCAAGCTCGCAAACTTTTAAAATTGCGGGAGTCAATGAACTATTCATTTTAAATTCCTCCTATTATTTTTTTGAGGTTATTGAATAAAAACTTGATATTATCTTTTTTACTTTCTGAGACTTACACTTTGGGCATCTTACCTTTGTTTTTTCCATTTCGCTTATGCTCATTTTCTTCGTAAAAGTTTCATTGCACTTTTGGCATTGAAACTCATACAAAGGCATAAGCCACCTCCTAAATTAGATTTTTTTCTTTCATGCTAAAGTATCTTCCATTTCCTATAATTACATGGTCTAAAAGGGAAATTTCAAGTATTTCAGAAGCCTTTTTTAATTTTTTTGTAATATCCAGATCTTGCTCAGAAGGAGTAGGGTCTCCGCTTGGATGATTATGAGCAAGAATCACTGCATAGGCTGAATGCTTTACTGCTTCTTTAAAAATCTCTCTTGGATGAATTATTGTTTGCGTTAATATTCCTTCTGAAACTTTAATCTCTTTGATGAGTTTCAACTTTGTATCAAGTAAAAGAGTGATAAAAACTTCTTTTTTTAATCCACTAAGCTTAGGATAAAGATAATTGTAAACTGCATTGGCAGAATTAAAGTTTTTTTCTTTTTCTGCATGGCTTAAAACTCTTCTTCCCAGCTCAAAGGATGCTTTAATCTGAGCAATCTTTGCAATTCCAAGCCCTGCTATATGCTGAAGTTCATTTACTGATGCATCTTCAATTCCTTTTAATCCTCCAAACTTATTTAAAAGCTCAA
CP144374.1_gap13	342643	346418	3775	GTATTCGTGTCTTAGACAACATTTCAACCTTCCGCAAAGACCTGAAAGCTTGGAAACATTAAGCACAATTTCCTGATCTTTAGCCATTTTTAAAGAAATTGGCTTAAAGAAACTTATAAATGTTTTACAGCATGTCTCAAACCCACAAACTCCAATCCCACCAAGAAATTTTGCTTCATCCCTTACTCCTATCTGCCTCATTTCTATTCTCGTTTTGAATTTTGCTGCAAGGTCTTTAACCAGTTCTCTGAAATCAATCCTACCTTCTGCAGTAAAATAGAAGATAATTCTTTTTCTGTCAAGGGCAGACTCCACCACTAATAGTTTCATCGGTAACTGTCTTTCATTTATTCTTTGAAGACAAAAATTCCATGCTTCTTTCTCTAAAGAAAGATTTTTCTGAAAGGCTTCCATATCTTCCTGAGTTGCCTTTCTCATGACTGGCTTAAAAGAGTTTTCTGTGTCAGAAGAAGTTTTCAAAACATATCCCAAGGTTAATCCAAAATCACCCTCCACAACAACAAAATCACCTTTTTTTAATTCTATACCAAGGTTGTTTAAATAGCGATAAACTTTACCAAAAGGTCTAACTCTTACATGTACTATATTGTTCATCCCTGTATCTCCTATTGTTCTAAGTTAGTTGTTTCTTGCTTTTTTATAGTTATCAAATTCCCAAGAAGATAAGTCATATAATTCCATACAATTGACTTATTTAAATTTAAATCAATGCTTCTTTTTATGTTTTGTATCTCTTCATAAAGATTAAACAATTCCTCTGGAGATGCATTTTCTTTTAGTTTAAAATCTGAGGGTAAAATAGGGCAATATGAAGTTTTAAGAAAAAATCCCAAAAGGCAGTCTCTAAGAAAAATACATAAAAAATCTATCCACCATTTAACATCTTCATTGTCTTTCCACGGTGATTTTTTATTCTTTTCTTTCATGTTTTTTAATGTGCTATTAAACCATTGAATATCTTTTGATACATCCCTTGATATAAAAAGCCCTGGTTTACCCATAATAATTCTGATTAAACTGTCTTCAACATCAGGTAGAATCTTTTTTACTGCTTGAGTTGAAAGAGGTGTAAAATATACTTTAAAACATCTTGAAATCAGAGGTTCTGGTAAAGTATCAATATTTTCGCAGATAAGAATTATTACAGTATTTTCAGGAGGCTCTTCAACTGTTTTAAGAAAGGCATTTGCTGCTGCATGATTCATTTTATGTGCTTCTTTTATGATAACAACTTTATACCTTCCTTCAAGAGGACGGAAAGAAACAAACTCTTCAACCTCTCTTATGCTGGTCACTGTTACTACATCCTTTTCAGCAGTTACGAGTTTAACATCTGGATGCAATCCCTGTTCAATTTTTTTGCATGATGTGCAAATATTGCAGGCATCTTCTTCAGAATTCAAGCAATTCAGAGCTTTGGCATAGTTGATAGCTGTTGAAGTTTTTCCGATATAAGCGTCTCCCAGAAATAATAAAGCACTGGGAATCTTTTTCGTCCTTAATGTGCCCTTGAGTAGTTTTATTGCTTTTTCCTGGGATATGATTTCATTAAAACTCATTTTATTAAATGGTTCAACATATTTCAATATTGTTCAAGATAGTTCAAATAATCAAGGATTTAACTTTTTTATATATTTTTTCAGCTATTACATTTATAGACTCAGTGGCATCCAGAACAAAAAATCTTTCTTTGTTTATTTTTGCAAGTTCAAGATAACCCTCTCTTACTTTCTCATGAAAGGATAAGGTTTCCATCTCAAATCTATCTTTTTTATTTGCTTTCTTATTTCTTCCAAGCCCGATGCTTGCTGAACAGTCAAGCAATACTGTTAAATCTGGTATGAATTGACTGAATAGTTTTTTATTCAATTCTTCAATTAAATCAATTGATATACCTCTTACATATCCCTGATAAACTATGGTTGAATCAGTAAATCTGTCACATATTACAATAAAACCTGCTTCAAGATGTGGCTTTATTTTTTCCTCAATGTGTTGAGCTCTGTCTGCAAAATAAAGAAGAAGTTCACATAATGGAGTTATTTTAATTTCTGAATTAAGAAGAATCTCTCTGATGTATCTTCCAGCTAAGGTATCTCCTGGCTCATAAGTATAAAAAACTTTAAATCCTTCATTCTTCAATGTCTGAGCAAGCAGTCTTCCCTGAGTTGTTTTGCCAGAACCCTCTATGCCTTCAAAGGTTATAAAAATTCCTCTATTCATTTACCAGTTTATTTTTTAATTTTTTAAGAAGTTCACAAACTCTCTCAGAGCTTGAAACATCAAGAGAGCCCATTCCACAGGATGGAGTAATAAGTGAGTTTTTAATAATTAAAGGTAAAATTTTTGATATTTCCTCAGTTTTTCTTACTGCTTTTTCAATTATTTCTTCATCGCTAAAAACATTTAAATCATCTGTTGTTGGAATAAATCCCCAGGCAATATAGCCATTTCTGCTCAGAAATTCTGAAATTTCATCTCTGTAAATTTTGAAAAAATCAAAAAAGAAAAAGGCATCAAAGCTTAAAATATCTATATCAATAGATAAAACCTCTTTCCAGTCAGTTCTTCCACAGCAGTGAATTCCTGCTTTAACATCAAGAGATTTAATAAAAGAAACAATCTCCTTAATTAATCTCATTGCTTCAGACTGCTCAACAGAGATATATGCAGATGTGCCAACTGCCTGAAGTATAGGTTCATCAATAAAAATTATTACATTTTCGGCAAAAGTTTTTAAAAATTCAATCTGCCACCTTACTTTTGCTTTAAGATGCATGAGAGAAAGCTCTCTCAGAGTTTCATCAAAATAAATAAGTTTACCCTCATCATCTTTAAGAGATAAGGTAAATGTAAGGGGTCCTGTAATCTGTCCTTTAAAGATTTTTATTTTTTCATTTTTTATCAATCTCTGCATACTGTAAAGACCAATTGCAAATTGTTCACTTACAGGAGATAACATTTCATCATTATAGTTACTTAACCATTCAGTGATAAGCTCATCATTTTTTTTAATGTACACTTTGCCTGATTCAAAGGTTACTCCAGGAAATCCTTCAGTAAACTGGGCAATCATCTGTTCATTAACTGAATATTTCGGCATCTGAGGCCAAAATGGGATATCAAAATATTTCAAAATAAGTTCACATGCAAGCCTGACCTCAGTATGAGGCATGCTTCCTATGCCTGTGGTGCTAAATGGTTCAAACATAATTACTCCATTGAGCTGAGTTTTTTTAGAATATCAGGATACTCTTTTTTAAAATCAGGGAAAACCCTCTTTAAAAACATTTTAATTGCCTTGATTTCAACGGCAAGTTCATTGATTTTTTCTAATTTTTTATCAATTTCATCAATTTTTTCTGAAATTACTTTTATCTCAGCTTCTATCAAGGCAATGTTTTCTTTTAAACTCGTTAGGTCTTTCATAATTTACCTCTTATTTGTTTCTTCTTTGTGCTCTCATTTTTTTGCGAAGCTTTCTGTATTTATGTTTTTTTATCTTTTTTTTCCTCCACTTAAGAACACTTCCCACTCAATTCACCTCCTTTTTTCATGTTTTTAATTGTTTCCATAAAAGCTTCAAGCCATAGTTCATTAACAGTTGAGTTTGTTCCATCATAGGCAAGAGATATTACAGGGATATTATAATCCTTTTGAATAAATCTCAACAAAGCTGTAACAATGGCGCCTGGCATACATCCAAAGGGCATTGCATTAACAATGCCGCTAACACCTTTTTTAATCAAATCAA
CP144374.1_gap14	386430	388376	1946	CTGAGAGCATGAAAAAAATAATAAAAAAAATTTTTAATAGATAAGGGAGGGGTAAGATGTTTAATTTTAAAATAAAAGTTCTGGTTGTTGATGACTTTCCAACAATGCGGAGGATTGTAAAAAATCTTTTAAAACAGCTGGGATTTGAAAATATAGAAGAAGCAGAAAATGGAGAAGATGCTTTAAGAAAGTTAAAAGCAGGTGATTATGGACTTGTTGTTTCGGACTGGAACATGCCTGTAATGGAGGGAATAGAACTTTTAAAACATATAAGAAGTGACCCTCAGCTTAAGGATATACCATTTTTGATGGTTACAGCAGAAGCTGAAAAAGAAAAAGTTATTGAAGCAATTAAAGCAGGCGTTGACAATTACATAGTAAAACCTTTTACAGGAGAGGTTCTTAAAGAAAAGCTTGAAAAAATCGCCCAGAAAAAACCATCTCTTAAAGGAGGACAATAATGGCTGATGAGATGGATGAAATAATAAATGAATTTATAGTGGAAGCTGAAGAGATTCTTGAACAGATTGATCCTCTTTTTGTAGAGCTTGAAAGTAAAGGTGAGGACCCTGAAATTATAAATGAGATATTCAGAGGAATGCATACTCTTAAAGGTGCTGCAGGATTTCTTGGATTTCAGAATGTTGTTGATGTGGCTCATAGAGCTGAGACAATTCTGAAAAAAGTCAGGGAAGGTGAAATCTCAATTTCACCAGAACTCACCGATGCAATTCTTAAAGCAGTAGATACATTAAAAATCTTGATTTCTCATATTAAAGCAAGAGAAGAACCTAAAGAAGATATTAAGCCAATTCTTGATTTACTTGATAGTGCTCTTCAGAAAGCTTCTCAGAAAAAGGTTTCAGAAACCGGTGAAGTTTTTGAAAAAGTTGAAAAAATTGAATCTCAGGAGGTTGAAGTAAAAACTACAGAGCCCAGAGAATCCACTGCACAGGCTCCAAAAGAAAAAGAAGTCTCCACTCTTAGAGTTGATGTTGAAAGGATAGATAAGGTTATGGATCTTGCTGGAGAGATAGTTCTTGCACGTAACAGACTTTTAAATCTTTCAAATAAACTTGAAGCAAAATACGCAGGGGATGAACATATAGAAGGACTTGTTGAAACTACAGCCTTTCTTGACAGAGTTACTTCAGATCTTCAGCTTGCGGTAATGAAGATGAGAATGCAGCCGCTGCAAAAAGTATTTGTAAAATTTCCAAGAATGGTGAGAGACCTTGCAAGAACCCTCGGGAAAGAAGTGGATCTTGAAATTATTGGCGAAGATACAGAAGTTGACAAATCAGTTATTGAGCATATTGGAGACCCACTTGTTCATATAATAAGAAATTCAATAGATCATGGAATAGAAACACCTGAAGAGAGAATCTCAAAGGGAAAACCATCACAAGGCAAGATTGTTATTAATGCCTATCAAAAGGGAACTCAGATTGTTATAGATATATCTGATGATGGCAAAGGAATAGATGTTGAAGCAGTTAAAGCAAAGGCAATTACAAAAGGGCTTATAACCTTAGAAGAAGCTGAAAAGCTGTCTGAAGAGGCAATAATAAATTTAATTTTTCTACCAGGTTTTTCCACAAAGGATGTCTCAACAGAGCTGAGTGGCAGAGGAGTTGGAATGGATGTTGTGAAATCCAATGTAGCAAAACTAAATGGATATGTAGAAATATTTACTGAAAAAGACAAGGGCACAACTTTCAGAATAAGTTTACCTCTTACACTTGCAATAATTCAGGCTATGATGGTTCAGGTTGGGCAGGAAGTTTATGCTATACCTCAATCTATGATTGAGGAGACCTTAAGAGTAGATATTAATGAAATTAAAGAAGTAACAGGCCAAAAGGTTCTTACAGTAAGAAACAGAGTTTTGCCACTTTTTATGCTCAATGAAATTCTTGGAGCCTTTGGTAGTGCTGAAAATCAGA
CP144374.1_gap15	430745	432710	1965	AAAACACTGCCACCGCCACATGGTGGAAAACTTGTGGAGAGAGTTGTTCGTGACCCTGAGATGGCAAGAAAACTAATGGAGAAGTGCTCTGCAGTTTATGACATTAAGCCAACCCTTTTTAAGGGCAATCCTGTAAGAAATGTTTACAGGGAAATAATGTCTGTATGTTATGGATTTTTCAGCCCTGTTGAAGGCTCAATGACAAAGGCTGACTTGGAAAGTGTTCTTGAAAAGAGAAGACTTACCAGCGGTTGGGTTTTCCCCTATCCAATTCTTTTTGACATTTCAGAGGAAGACTTTAAAAAGCTTAAAGTTGGACCAGGTGATTGGCTTCTCTTGAGACTTAAGGGAGAACCCTTTGCAATTCTTGAAATTGAAGAAGTTTATGAAATCGTGCCAGGTGATGTTGCTGTAAGAACCTTTGGAACACCTGAGAAAAATCCTGAGGTTGTAAAATTTCCCTTTGACCAGAAGCACACTGGGTATAATATTTACTGCTCATTAAATCCTATTATTCTTGCTGGAAAATACACAATAATAAATGAACCAAAAATCAGACCACCATTTGACAGATTCTGGTATCCACCAAAGAGAGCAAGAGAAGAGTTTGAGAAAAGGGGATGGACCACTGTTATAGCACATCAGACAAGAAATGTCCCCCATACAGGTCATGAAGCATTGATGAAAAATGCAGCATATATCGGTGATATAGAACCTTCTCATGGTATTGTTGTCAATGCAATAGTTGGTGCAAAAAGAATTGGAGATTTTCCTGATGAAGCAATCGTTGAAGGCCATGAAATGATTCATCTTGCTGGCTATATTAAACCTGAGCGTCATCTTGTAACCTTTACACTATGGGATATGAGATATGGAAATCCAATTGAATCTCTCATTCATGCAGTAATCAGACAGAATATGGGAATTTCCTTCCATATGTTTGGAAGAGACCATGCTGCATTGGGTGAGTATTATGATATTTACGCAACTCAAATTCTATGGTCTAAAGGTATTCCAAGCTTTGGTTTTGATGCTCCACCATATGCAGTGGAAGGTGGATTTTATATAAGGCCTCAGAACATTGCAGAATTCTGGTATTGTCCAAAATGCCTTGAATTTGCATATTCTGGTAATTGTAATCATAAGGGTATATACTCAAGATACTCTGGAAGCTTTATCAGAGGACTTATAAACGAAGGCGTAACACCACCACCACAGATTTATAGACCTGAAGTTTACAAGGTTGTTGTAAAATGGTGGCAGAAATTTGGATATCCATTTAATAATGAGAAGTATCTAAAAGAGAGGGAAGAAAGACTTGAGGTTGATCTCCCTCATATGGAACTCCCAGCTCACTTAAAAAAATAAAGGAGGTGAAAGATGGCTAAGTATTTTGGCGTAATAATTGATGAAAAAAGATTGGCAGCTATAAAGGGAACTCCCTTAGAGGAAAAAGTTGAGCCAATTTTTGGTGGAGCATTAAAGCGTCTTGTGATTGAGGTTTCTGATGAACTCGGGCAGAAAGTTATTGAGCAGTTTTCAAAAGCAAGATTTGATGCAAGAGGATTTATTGAAGAGACTCCTGCTGCATTCAAAAGATTAGTATTTAAGAAAATTGTAGAGAAAAAATCTTTGGGTCCAGAGGTAATAGAGGCTGCTGTTGCTGAGATCCCTTCAATTAAAGAAGAAATTGCAAAAGAAGACAGAGAGCTTCCAGTTCCCGATATTGACATAAGTGATATACTGGAACTACAAAAGAATCCAGTACAAAAACCAGCATAATAAAACAAAAAAGGAGGTTAAGCTATGCCAAGTTTTGTAATTCAAGAGAAGTGTGATGGTTGTAAAGCACAGGACAAAACTGCATGTCAGTACATTTGTCCTAATGACCTTATGGTTTTGGACAGAGAGAAGATGAAGGCTTACAATCAGGAGCCTGACCAGTGCTGGGAGTGCTACAACTGC
CP144374.1_gap16	454346	456225	1879	TTCCGTATTTCCCCACACAGTCACTTCATATCCCTTTTTTACCAGAATTTCAAGAAGTGGATAAACAAGGATACTGTCTCCTAAGCCTGCCATGCGATAAACAAGAGCTTTCATGATATAATTTTAAATCATGTATAAAATTAGAACAAATCGTGGAGAAATTTTTGAAGCTAATAAAGAAACACTTCTTCAGATTTTACAAAAACATGGAATATATGTTCCTACATCTTGCGGAGGCAGGGGAAATTGTGGAAGATGTAAGATTAGAATCTTAGAAGGTAAGGTAAAATCAGACTCATTTTTCGGAATATCAGAATATGAAAAAGCAGAAGGTTTTGTTCTTGCTTGCCAGAGTTTTCCAAAAAGCGATCTTCAAATTGAATTGCCTGCTCAGTTAATTACAGTCTCTGAAAGAATAGCTCTTGCAAAAGCAGAACTTATTGAAAATATTTTTAAAACTCAGCCATCTCTTTTAAGTCCCCTTGTTGAGAAACTTCATTTAAAAATAGACCCCCGGGAGGCTCTGGCGGATTTTGAAAATTTAAAAATCGCAGCTTGTAGAACTTTATCAATATCACGAAAACTTGCAGCAGAGCTTTCAGATTTTTTAAGACAAAATCAGTGGAATATAACTTTAGTATTATCAGAGGATGAAATTATTGATTTTCTTTCAAAAAGACTCTATGCAGTAGCCATTGATATAGGAACCACAACTGTGGCAATGGCGCTGATTGATCTGGAAAAAGGCAGGATTCTTGATGTGGCAACCTGTTACAACTCTCAGATTAATTACGGAGATGATGTAATTACAAGAATTGTCTTTGCAGAGGAAAATCCTCATGGACTTAATGTTTTAAGAAAATGCATTGTTGATGATATCAATGCTCTTGTCAATACAGTTTTACTAAGGCATGAAGATGGCAAAATTTACTGTGTTATTCTATCTGGCAACACTACAATGTGTCATCTTTTCTGGGGAATTAATCCAAAGTATATAAGACAGGAGCCTTACACTCCTGCTTTAAACTATTACCCTGTGTGGAGAGCTTCTGATGCCCGGCTTTTGCTGGAGGCACAAATACCTGTTTACACTTTTCCCTCTGTTGCCGGTTATGTAGGAGGAGACATTGTTTCGGGAGTTCTGGCATCCGGGCTTTACAACAATGAAGAGCTCTCATTATTCATTGACATAGGAACAAATGGTGAAATTGTTATTGGAAACAGAGAGTTTCTTGTTACTGCATCAACCTCTGCAGGACCATGCTTTGAAGGAAGTGGAATAAGCTGTGGAATGCGAGCAACTCAGGGAGCTGTGGAGTCTTTTAAATATCATAGAGAAAGTGACAGTTTTGAAATTAAAGTTATAGGCAATGTAAAACCACAAGGAATATGCGGAAGTGGAATGATAGATATTGTCTCCGAACTTTTCAGTAATGGAGTCATTGATCAGAAAGGCAAGCTTCTTCCTGATAGATCCAGACACATTGTCTTCAGTCAACTCTCACGCGATGATTCAAGATTCATTATTTCATCTGACTGTTACATAACTCAATCAGACATTGACAATATTATCAGGGCAAAGGCTGCTATCTATGCAGGGGTCTCAACACTTCTTGAAGAAATGGGGATAAGTGAAAAAGAATTAAAAAAAGTTTACATAGCAGGAGGATTTGGTGAGTTTTTAGATGTGAAAAAGGCTATTAAAATAGGGATGTTACCGAATTTTCCAGAAGAAAGGTTTATTTTTTTAGGTAACACATCCTTAACAGGTGCTGTTTTATGTCTCTTAAGCAAAGAGTTATGGAAAGCAGCAAATGAAGTTGCTCAAAAAATGACATACATTGATCTTTCCCGTTCTAAAAAATTCATGGATGAATAT
CP144374.1_gap17	458407	462722	4315	CCCGATGAAAGGTAAAGTAAACTCATTGAATGTATCAGTTGCTACGAGCCTGCTTGCTTTTGAAGTATTAAGACAGAGAAGTAAAATAATTGATTGAATCAAAAATAAAATAAGGAGGAAGCTGTGGATGAAATTATTAAAGCAATTATTCTTGGAGTGATTCAGGGAATTACAGAGTTTTTGCCAATTAGCAGTACCGCCCATCTTGTAATTACGCCATGGATTTTTGGATGGAGTGGTGAATTGAACTCTTTAAGCTTTGATATTGCTGTTCATTTGGGTACTTTAATTTCACTTATTTACTGCTTTTGGAAAGACTGGATTGAAATTCTCTTTAAAGATACAAGAATGCTCGGGTTTTTGATAATTGGAACCATCCCTGCTGGTATAGCTGGTGTGGCTTTTCATGATTTGATAGAAACTTCCTTAAGAAATCCCTTAGTAATTGTTTTTACTCTTGTAGCTGTTGGCTTTTTAATGCTTTATGCAGAAAAAATAGGGAAAAGACAGCGAAGCTTTGTAACACTTTTTGATGCAATAGTTATTGGTTTAGCTCAGGCAATAGCTTTAATTCCTGGAGTATCGCGCTCAGGAATCACAATTACTGCAGGATTATTAAGAGACCTGACAAGAGATTATGCTGCTAAATTTTCTTTTTTGTTGTCAACTCCTGCGATTGCAGGTGCTGCATTCCTTGATTTTCATAAATCATTAAAATTAAATTATTCCCATGATTATTCACTTTTTATTGTGGGAATTATCTCAGCAGCCATAACAGGGATTATTGCAATTAAATTTCTTCTCAGCTTCCTCAGAAAATACCCTCTGAATCTTTTTATATACTATCGATGGATTTTAGCAGGAGTGATTTTTTTGTTATATTTTCTTAGAAGCTAATGCAGAAAAAGATATATAAAAAATCTAAAAAATTTATTCCCGTTCGAGAAATTGAAAGAGGTGCAAATTCTCACACTTTATCTGCTTCTGATATAGTTAAATCAGTTTTACTCGTAGCCTTAGCAGTTTATGTTTCTGTATGTCTTTTTAGCTATAGTTTTCTGGATCTCTCTTTTCTAACTTATACAAAATCAAAGCCTGTAAACTGTGGAGGAGTAGTGGGTTCTTATTTGGCTGATTTTTTATTAAGCATATTTGGAGTTGGAGGATTTTTAATCCCCCTTTTGCTTCTTTTTTTAGGGATAAAAAGATTTAATGGCAAACCTATTGCTTTTAGAAAAATGCCATATATTTTAACTCTTTTATTTTCTTTGTCTGTTATGCTTGAACCTTTAAGAAAAATTATTGAAACTTATAAAAAGCTTCCCACTGGAGTTTCATGGATAGCTTTTCATGGGAGTGAAGCTTTTTTATCGCTCGCTGGAACTTATATTTTATGGAGTTCTGTATTTATTGCATCAGTTATTTTGCTTAAACCTGAAATAATAAGAAGAAAGAAAATGGAAGCTTCTGAAAAATCTACTTCTGAGAAAGAAATATCTGAAAAAGAAATAAAGGTGGTTAAGGTATCAAAATCTGAAGAACCAATAAAGGATGTTAAAATTTCAAAAACAAAACAAATTGAAAAAGAACAAAGAGTTGAAACAGAAAAAAAAGGTTTTCTTATTCCACCACTTTCTTTACTCAAGGTTGAAAAAACAGATGAGAGTATTTCAAAGGATGAAATAATAGCATCTGCCCGTAGCATTGAGGCAAGATTTGCAGAATTCGGCATTCATGGCAGCATAAAAGAAGTTCATCCAGGTCCTGTTGTGACAATGTATGAGTTTGAGCCAGCAAGTGGAATAAAGCTGAGCAGAATAATTACCCTTAGTGACGAGCTTGCTCTTTCTCTGAAAGCTCAGAGCATAAGAATATACCCAATTCCTGGAAGGTCAGCAATAGGCATTGAAGTTCCAAATAAAAAGCGGCATATTGTAAGACTTGGTGAAATTATCGCCTCTGAAAAGTTTCAGAACTCATTATCCTATCTTACTCTTGCACTTGGGAAAGATATATATGGGAATCCTGTTATAACAGATCTTGCAAAGATGCCTCATCTTTTGGTTGCGGGTGCGACAGGTTCTGGTAAAAGTGTTTGTCTCAATACAATGATACTCAGTCTTCTTTATAAGGCAACTCCTCATGATGTGAGGCTTTTGCTCATTGATCCAAAACTTCTGGAACTTTCAGTTTATGAAAATATTCCCCATTTAATGTCACCTGTAATTACAGACCCAAAAGAAGCATCAGAGGCATTAAAGAAAGTTATTGTTGAAATGGAGCGTAGATACAAACTTTTTGCATCAAGAGGCTTCAGAAACATAGAAAGTTTTAATCAATCAGTGCAAGAAGATGAAAAAGTTCCATATCTTGTTGTATTTATTGATGAATTTGCAGACCTTATGTTTACAGCACCAACAGAGGTTGAACAGGCTGTAACCCGCATTGCTCAAATGGCAAGAGCATCAGGAATACATCTTGTTGTTGCAACCCAGAGACCAAGTGTTGATGTAATAACAGGCATAATAAAAGCAAACTTTCCTGCAAGAATTGCCTTTCAGGTTACATCCAGGGTAGATTCCAGAACAATACTTGATACACAAGGGGCAGAGAAGCTTCTTGGAAGGGGTGACATGCTTTTTATGGTTTCAGGTGTGAAGATAATCAGGGTTCATGGTGCTTATGTAAGTGAGGAAGAAGTAAAAGCAGTTACTGAATATCTTCGCAGTCAAGGTAACCCGGATTACTCCCTTTTTGAATCAATTCAGATTCCTCAAGATAAAAAGGAAAATGGCAAGACAGAGGAAACAAACAGGGATGAACTTTATCAAGAAGTTATTGAATATGCTCGCCAGGCTGGAGAGATTTCAATTTCTCTTATTCAGCGAAAATTCAAAATAGGCTATAACCGTGCAGCAAGAATAATGGATTTACTTGAAGAAGACGGACTTGTAGGTCCGCCTCAGGGTGCTGGTAAACCGAGAAAATTTTTGGGATAAAATTTAACTTGCATTTTCTGAAGAAGTTGTGCTATTATAAAAATTGTCTGGTGGCTATACCGGAGGGGAAACACCCGTTCCCATTCCGAACACGGAAGTTAAGCCCTCCAGGGCCGATGATACTATGATCGCGAGGTCATGGGAAAGTAGGTCGCTGCCAGGCATTTTTTATTTATACAAAACCTTTCTGTAAAAATCTACCTTTATAAATTCCTATTAAAACAGCATAGAAAAATTTTACTTTACTTTTTATGATGTAGCATGTTATAAAAGATTAGCTTTGCATTTTGCAAGCTTTTAGCACCTGCCATTGGTGGGAGAATTAAAAGGAGGTTTTAAGAAGTATGGCTTTTGAAGGACGTGTTAAGTGGTTTAACGAGTCAAAGGGATTCGGGTTTATTCAGCAGGACGGCGGACAGGATGTCTTTGTCCATTACACCTCAATTAAGGGTGATGGATTTAAGACTCTGAAACAGGGTGACAGAGTGAGATTTGATGTTGTTGAAGGAGATCGTGGACCTAAAGCAGTTAATGTAGAAAAAATCTGACAACCCGAGGGACCTCATACGAGGTCCCTTCTATAAACTTTCCTATGCCTCTTCCAGAATGGGTTAAAAGCCAGCTTAAAGAAATTAAAAAAACGCAGAATTTTTTAAAAAATCGCAGATTAAACACTGTATGTGAAACTTTAAGATGTCCCAACAGAAGTATTTGTTATAAAGAGTCAATTGTTACTTTTATGATTCTTGGCAATGTATGCACAAGAGGATGTAAATTCTGTAATGCAGAGAAAGGAATTCCTGAAAAAATTGATTCTGAAGAGCCTTTAAGAATTGCCAGAGCAGTTAAAGAGCTTTCCCTGAAATACGTTGTCATAACTTCCCCAACAAGAGATGACCTAAAAGATGGTGGAGCATCTCATTTTGCAAAAACTGTGAAAGAAATTAAAGAAATAAATCCAGATACTTTGGTAGAAGTTCTTGTTCCAGATTTTCAGGCAGACATAAAATCCATCAAAAAGGTTTTGGATTCTGATATTTCAGTTTTTGCCCATAATATTGAAACAGTGCAATCCCTTTATGGATATGTAAGAGTTGGTTGTTATAGCCGTTCATTAAAAGTTCTTGAATCTGCAAAAAATTTTAATTCAGAATTAATTACAAAATCAGGATTCATGATTGGATTTGGCGAAAGTATGAGTGAAATATTTCAGACAATAAAAGATTTAAAAAATGCAGGTTGCGACATTATTACAGTGGGACAGTATCTTCAGCCTTCAAAAAAAGCTCTGCCTGTAGTAGAATATAAAAAAGTAG
CP144374.1_gap18	464192	466327	2135	AATCACAGATATTCAGCAAGCAGAGGAATCACTCAATTGAGATGTGCTATTTCAGAGTGGTATAAAAGGAGATTTAATGTTGATATCGACCCTGAAACAGAGGCAGTTGTTACAATTGGTTCAAAAGAGGGTTTGAGCCATTTACTTTTAGCAGCAGTGCAACCCGGTGATGTGGTGCTTTCTCCATCTCCAGCTTATCCAATTCATCCCTATGGAGCAATAATTGCCGGTGGAGATGTGAGAACCTTTAGTGTATGCCCTTGTATGGATTTCTTTGAGGAACTTGAACGAGCTTATAAAAATTCATGGCCCAGACCCAAGATTTTGATAATTAATTTTCCTCATAATCCAACAACAGCAGTGGTAGAGGATCTTGACTTTTTTAGAAAAGTGGTTGACTTTGCTAAAGAAAACAACATTATGGTCATACACGATTTTGCCTATGCTGATCTGGTTTTTGATGATTATAAAGCTCCAAGTTTTCTTCAGGTTCCAGGGGCAAAGGATGTGGGAGTTGAATTTTTCTCTATGACAAAAAGTTATTCAATGGCTGGATGGAGAGTAGGCTTTTGTGTTGGCAATAAAGAGATTGTTGGAGCACTCACGAAAATAAAAAGCTATCTTGACTATGGAATGTTTCAGCCAATTCAGATTGCTTCAATTGTAGCATTAAGAGGACCGCAGGATTGTGTTGAAGAAATAAGAAAAACTTATGAACGCAGAAGAAATGTTCTCATAAAAGGATTAAATCAGGCAGGCTGGAAAGTTGAACCACCAAAGGCAACAATGTTTGTGTGGGCAGAGATTCCAGAACCTTTCAAAAAAATGGGTTCTCTGGAGTTTGCCAAATTTTTAATAAATGAAGCAAAGGTTGCTGTATCTCCAGGCATAGGTTTTGGTGAAGGAGGAGAAGGTTTTGTCAGATTTGCTCTTGTTGAGAATGAACACAGAATAAGGCAAGCTTGTAAAGGTATTAAAAGGGCATTAAATTTGATTCCTCAGGTAAAGAAAATTAGAAAAGTAGGATAAGGAGGGGTAATGAAACAGGTTAGGGTTGGTGTTATTGGCTTTGGAACAGTTGGAACGGGAACAGTAAAAATTCTTCTTAATCAGAGAGAGTTAATTAAAAAAAGAACAGGCATAGATGTAGTGTTAAAAAAAGTTGCAGATAAAGACATCGAAAGACCGAGAGAAATAACTCTTCCAAAAGAGCTTTTGACAACAGATGCATGGGAAATCATAAAAGACCCGGAAATTGATATAGTTGTTGAAGTTGTAGGTGGCACTACTGTCGCAAAACAATTCATTATGGAAGCCTTAAAAAATGGAAAGCATGTTGTTACAGCAAATAAGGCTTTATTGGCAGAACAGGGAAATGAAATATTTAAAGAAGCTTTATCCAGAGGATTAAAAATTGGTTTTGAAGCCTCTGTTGGAGGTGGGATCCCCATTATTAAAATAATGAGAGAAGGTCTTGTGGCAAACAAGATGCTTGCAATTTATGGAATAATCAATGGAACAACCAATTTTATCCTTACAAAGATGACTAATGAAGGGATTGATTTTCAGGATGCCTTAAGGCAAGCACAAACTTTAGGGTTTGCAGAAGCAGATCCAACCCTTGATATTGAAGGGATTGATTCAGCTCACAAGATTACCATTCTGGCATCTTTAGCCTATGGAATTCCTTTAAGTTTTGATAGAGTTTACTGCGAAGGGATTACAAAGATAACTGCGCAGGATATAGCCTTTGCAAGGGAATTCGGATATAAAATCAAACTTCTTGCAATAACAAAAATTCTTAATGGAGAGATTGAGCTAAGAGTGCACCCCACAATGGTGCCAGAGGATTATTTAATCTCTAAGGTTGATGGTGTTTTTAATGCCATATATGTGGAAGGAGACAGTGTAGGCTCAACTCTTTATTATGGAAGAGGTGCTGGAAGCATGCCTACAGGAAGTGCAGTTACCGCAGACATAGTTGATATTGCAAAGGGTGTTAATACAATGCCCTTTGATTTTTCAGAAAAATACAAAATTAAACCAATGGAAGAAATAGAAAGCATGTATTATTTCAGGTTTACTGCACTTGATCGTCCTGGAGTGCTTTCAAAGATTTCAGGAGTTTTTGGAGA
CP144374.1_gap19	589776	592892	3116	CTCGCAATGATACTCTGTATAGTCTCCCTGGTATGTCTGAAAAGTGTTTCAATTCCTCATAGGTAGGCTCGCAATTGTATCCATTTATCAAGAAGTATGACTGCTGCTACTGTTTCAATTCCTCATAGGTAGGCTCGCAATTAGGGTGGAGGCAAAATACAGTGATATTCGACGAAGAGTTTCAATTCCTCATAGGTAGGCTCGCAATGGATGGGAAGTTGGATTTGCAAACTCTATACATGACGGTTTCAATTCCTCATAGGTAGGCTCGCAATACACCAGTGGAAAGAGATTTTCCATGGGGGAAAAGAGTTTCAATTCCTCATAGGTAGGCTCGCAATGAACTAAACTACAGGCAACAGTAGCAGGAAATGGCTTGTTTCAATTCCTCATAGGTAGGCTCGCAATGGTATTAATTTTGAAATCTGGTTTTTTATTTGGTTCTGGTTTCAATTCCTCATAGGTAGGCTCGCAATTCAGTTTTTGTCTCAGGGTTTGTATATAGTAGATAATAGTTTCAATTCCTCATAGGTAGGCTCGCAATGACTCTTTGTGATGGAGTTACCAAGGCATATCGTAAGTTTCAATTCCTCATAGGTAGGCTCGCAATTTGGAAACGCGGTATATGGTGTGTATGTGTACGAAAGTTTCAATTCCTCATAGGTAGGCTCGCAATTCAGTCGGTTTCTTTAAAGTTGGGGGTGATGTAGGAAAGTTTCAATTCCTCATAGGTAGGCTCGCAATTAATTTCTGCCATGCTGGCACCCCCTATTAATTTTTTGTTTCAATTCCTCATAGGTAGGCTCGCAATAAGAATTATTGTTATGTAATCGATGACCCCGAGGAGGTTTCAATTCCTCATAGGTAGGCTCGCAATTCTTTTCCAAAAAAAGAAATTGCTTTTGATTTCCCTAGTTTCAATTCCTCATAGGTAGGCTCGCAATATTTCCCTGATAAAGTAAAAAAGAGAGGAGGTGATAAGTTTCAATTCCTCATAGGTAGGCTCGCAATAATTTCCCCCTCTTAACCCAATCCCTGTGGATTGGAGTTTCAATTCCTCATAGGTAGGCTCGCAATTCTGAAGACCCAATCAGAAAGATAAATAGCTTTTACTTGTTTCAATTCCTCATAGGTAGGCTCGCAATCAGGATGCGTGAGATATACCAGATATCAGTTCCACTGTTTCAATTCCTCATAGGTAGGCTCGCAATCTAGGGATAAAAGGAAATATCCTTTCAATCGTAATAGGTTTCAATTCCTCATAGGTAGGCTCGCAATTTCTATCAGTGACGGATATTTTGTGATTCTTCTGTCGTTTCAATTCCTCATAGGTAGGCTCGCAATGTATTCCTTGAAGCCATGGAGGTAAACTTCCTTGTGGGTTTCAATTCCTCATAGGTAGGCTCGCAATCCTGTTGAAAATGAACTCAAAGCACTAAGAGTAACTCGTTTCAATTCCTCATAGGTAGGCTCGCAATCGTGTAAAGTCGAGTTTACAAGGAGTTGCTTACAGCGTTTCAATTCCTCATAGGTAGGCTCGCAATTAAAGTGGAAAATTACAAAAATCATAGACCTTCAAAGGTTTCAATTCCTCATAGGTAGGCTCGCAATTTTATGAATTTGGAATCTCCTTTGAGGAGAAACACCCGTTTCAATTCCTCATAGGTAGGCTCGCAATCTTTAGGGTTATCCTTGTTTTCAACTACATAGTTAGTTTCAATTCCTCATAGGTAGGCTCGCAATTTCACAATCTTGATTTCTGCCCCTACCGTTATATCCTGTTTCAATTCCTCATAGGTAGGCTCGCAATGAGTCAATGTATTCTTTTACAATTGTTTTTGCGTCTTCGTTTCAATTCCTCATAGGTAGGCTCGCAATGTTTGCAGGCGAATATGGAATGACTTTATTGTAGTTAGTTTCAATTCCTCATAGGTAGGCTCGCAATAGATTGATCAGGGCATCAGAGGATGCCCTGTTATTGAGTTTCAATTCCTCATAGGTAGGCTCGCAATGGAAATAGAGAACGGTTGAGGAATCCGCTATTTGTCTGTTTCAATTCCTCATAGGTAGGCTCGCAATATAAACTGGGATGAAATACGAGAGATTGTAGGTATAGGTTTCAATTCCTCATAGGTAGGCTCGCAATCTACAGTAGTAATCAAAAAAATTGATCTTCATGAAGTTTCAATTCCTCATAGGTAGGCTCGCAATTCAATCGGAGAAACAGGCTTGTTAAAATTTAGAGATAGTTTCAATTCCTCATAGGTAGGCTCGCAATAAAATACAAGAAATTGCTAAAGATTTTGGAATTAGTCTGTTTCAATTCCTCATAGGTAGGCTCGCAATTCGTCTTCTGCCGTTAAACATTCAAAAATTTGATAGGTTTCAATTCCTCATAGGTAGGCTCGCAATCGCTCCGTGAATGGTTGCACACTATAAAGAATATGTAGTTTCAATTCCTCATAGGTAGGCTCGCAATTTTGGTGATCTTGATGCTATAAAAAAACTACAACAGCGTTTCAATTCCTCATAGGTAGGCTCGCAATACGAAAGAACTAGAGGAAGAGTTGAGCTATTATATAGTTTCAATTCCTCATAGGTAGGCTCGCAATATCTACTTCAGGTGGCAGACTTTTCAGTCCTGGGTCGTTTCAATTCCTCATAGGTAGGCTCGCAATCTTTGAGGAGTTTAATAATGCTTGCTCCCCCAACTTGTTTCAATTCCTCATAGGTAGGCTCGCAATTTTTTTTGTCAATTTTGTCTTTATCAAAAAAGTAAATGGTTTCAATTCCTCATAGGTAGGCTCGCAATAAAAAATTTTGATATAATTAAAGTAGAATAAAAAAAGTTTCAATTCCTCATAGGTAGGCTCGCAATATATTCTCTCCTACTTGCTCAATATGCATTCTCAAAATGTTTCAATTCCTCATAGGTAGGCTCGCAATCCATTTTTTATGCGAAAAATCAAAACATAATTTTCAAAGAACAATAGAATTATTTTATTTTTTATCATAAGTTCCCTTAAAAAATCAACTTTTCCTTCGTCGCTGTCCCAGCATTTTTGCATTATCAGGGATAGACGAATCTCAGAGTATCACCTCTTCCCCTCCCTTCT
CP144374.1_gap20	594498	597252	2754	CTATAACAATGTTTTCAAGATGAATCTCTTTTCTTTCCCTTTTGTATGCTTCTTCTGACAGTAGCCTGCCAATCTCAATAAATGGATTTTCCTGCCATGGTGTAAGCTGCCTTGACATAAGCCAGACCTCCCGGGGGCAGATGTAATAATACCAGATAAGGGTTCCAGTGGGGTGCATTGAATTCACCATAACAATAGCCCTGCTTTGGTTTTAAATCCTGTTTCATGGTCATAATAATCTTCAAGCTGATTTTGAGAGATGTAATAAGTATCCATAATTTTTGGAGGTAGATTTTCAGTATTTGCTGGAATAGAAATGATATAATCGTAAAAATCTTTGCGAATTTGCAAAAATTCTTTTTTCCGTTCAAAAAGGTTTTTAATCATTTTAATTCTTTCAAATTCCTTCCAAACTTTTACTGCTCTTTCGTCGTATTCAATAAATACATCTATTTCTGGATAGTCTTCCTCTATCAGTTTAAAATCAGAAATTGACAACTCATCCGTCTCCTGTTTATCATATCTCAATCTGGAAACAGCCTCTAAAATTTCTGAGGATTCTGTCTGATTCAGTTTTTCAGTAATTTGTTGGAAATAGGTATCAAGTAGCTGGAAAAGCTGTTTTTCATTAAAAAATTGCCTTGCAGATAGAAGTTTCTCTGTAATATCAATTAAAACAGGATCATAAATATAGGATGCATAGCGTCTGCCATGTTTGTCCGTAAGAGTGAATACTTTAACTGTGCCTTTTTTATTACCAGCATTTCTGTTACACCTTCCAGCAGACTGGATTATACTGTCAAGAGGAGCGATATCCCTGTAAACTATGTCAAAATCTATGTCTACTCCAGCCTCCACGAGTTGAGTGGACACAACTAATTTGTATTTTCCATTTCTAATTTCCTCAATTCTTTTTTGCCTTTCTAATGGAACAATATGGGTGCTGAGAAATGTTTTTGATATAGAATTGATTTTAAGAAGTGAATAGAATTTCTTGGCAGATGCAATTGTATTAAAGATAAATAGTTTTGAATTCTCTGGATTTTCATCAATTTGATTGACAATTTGTTCAATTTTGACTGGATTTTCAATTTCCGAGTATAACTCTATTCTATTAAGGTTATCATAATATTTAGAGGGCTCTGTTATGCTAAATATTTCATTCTTATCAAATATCAGCGGTTCGGTAGCAGTCATAAGAATGACATATGAATTAAATTTCTCTGCAAGTAACATCAGGATTGTTTTGATAAGTTTCCAATACTTAATAGGTATAGATTGTATCTCATCAAGTATTATAATTGAATTGATAAAGCGGTGGAATTTTCGTAAACTACTGTTTTTATTCGAAAACAATGTGTGAAAGAGTTGAACGAAAGTTGTTATTATTATTTCCGAGTTCCATCCCTCTATCAATAATTCCCCTTCTTGAGTTTCATATTCCTTTTCTTCAGTTTTGTAAAAAATCTCTGCAAGATGATGGTGTTTGAGCATGATATTTGATGTGGGATTTGTTCCGTTTTCTTCAATTACTTTTTCAATGACCTGAGCGTTTTGCTCAATTATGCTTAGAAAAGGTAGAGAGTAAATTATTCTTGGATTGACTTTCAATTTTCTGAGCTCGCTTTTTAGTTTCAATGCAAAGGAAAGACCGGTAAGGGTCTTTCCAAGTCCTGTGGGTAAGTTGATAGAATAAAATCTTTTATTCAGATCAATATCTTTTTTCATTACCTCATGGTAAGCTTTAGTTCTTAGTTCATTAATTATGGACGGGATGGGTTTTACTTTTATTAAGTAGTTCTTTACCCAATCTTTGTCATCATAAGTCTTTCTTATCGGAATATTGGAATTTTCAAGAACTACGTCGGTTTTGTCTGCATCAAGAAGAAGCGAATAAATAAGATTTAAAGTGAGATAAGGTGTCAAATCTTTGTTTTTCCTTATTAATTTTTTGTAAAACTTTAATTCTCTCTCAAATTCGTTAAACCATGTATTAATCAATAGCTTTGTTAGCAAAACGGGAAGTCCTTTTTGATGCAATGTATTGCACAATGTGGAAAAAGAATGATTATTAATGCTTTCAAGCTGTGTTTGTAGTATTTGAAGATTTTTTTCATCAAATAGTGATGTTTCATCCATTACATCTATCAGGTCATCGTGATGCCTCCTTACCGCAATGTAAGCAAAAAGGGGCAAGAATACATTTTCATTACATGTTTTTTGACAAAATTCTTTTACGATAAAGTAGGTACATATAGCAGAAAAGAGACTGTGCGATGAATATTCAGACTTTAATTTTTGCTTAGCTGACTCTTCTGCAAAAAGATAATCCTGAAAATATCTGGTTGACTTACCTATATCGTGAGTAAGACCAATTATTCGTGCAACCTCTTTAAGCTCATTCTGAATAGCTAACGGTTTCTCTGATAAGAAATATTCCATCAAATCAGCTACATTGATGAGATGGTCTTCCAGTAATTTATCTGGATGGGAATACAAATTAGAAGAAGACGATATTTTCCCCATTTTCAAGATAGTAAAATTTTTTCAAATATGCTGTAATTGTCCTCCCTTCTGGCTCATAAATAACATCACCGTAGTTCTCAACGATTCTTTCTGGTGTCATCCTTATAGGAATTTTTTCCTTGAAGTATTTTCTCCCCTCCTGTAATTCTATGCCCTTGTTTATGAGCATGCTTACAGGTACTACAGTAGAAATCTCGGTCCTGGGTTTTTCCATTTCTCTTGTATCAT
CP144374.1_gap21	649948	652158	2210	ATGTTTAATAAAACCTGTTGAAGCTGCCCTTTATTTGAGGTAATTTTGGGTAAATTTTCTTGTAAATCATAAATCATATTTATCCCTCTTATCTGAATTTCTTTTTCTATAAATCCTATCACTTCTTTAATTGCTTCGTTTATATCAAAATCTTCTCTTACTGTATCAATTCTTTTTGAAAAGCTTAAAAGTCTATGAGTTATTGTTCTGCATCTTGCAACGCTATCTTGAATTGAACTTACAAGTTGAAGAAATTTATCTTTGTTTTGAGATAAATCATTGTATTCAATAAGGTCTTTCATGAGTCCTGCTTTTTCATTAATAATTGCAAGAGGATTGTTAATTTCATGAGCTACACCAGCAGCGAGTCTTCCAATTGAAGCAAGTTTATCAGCGTGTTCAGCATTTGCAATAGCAATTTCTCTTTCATGGTCTGCTTTCTGTATCCTGTTAATTAATGTGCTTATTGATTTTGTTATTACAATAAAAGTGATAACAATGCTCAGGATACTTATCAATGCTACTTCTTTTGTGAAGAAAGACGGAATTTTTTCATAAGGCTTTGAACATATTATTGTTACAAGCATCCATCGAGTGTTTTTAATAGGAACATAGGCTACATAAGCTTGCTTTTTATTGAACTCAGTACCATAAATTGTAACAGCTTTTTTGTCTGTTTGTAATTTAATATTATTTAATTGCAAAGGATCAAGAGCCTGACCAAACAGTTTTGAATTGGTCTGAAGAACGCGTTCTTTGTTTATAAGAAAAGCATCATCCTGAGGGTCAAATTTCAAGATTTGAAACAAATTTCTGCAAAATATCTATATTTATTGATACTCTAATAAGCCAGAATTTATTATGGTGGCTTGATTCTTTTTTTACAATAATAGAAAAATGGGGAAATTTTCTATAACTAAGAAATACATCTGTTACATAATCAGTTTTTAAAAGCATTGTTTTAAACCATTCTGTCTGAGAGTAATCTTTTCCTTTAAGTTTATAAGGACCTGCATATAATATCTGAATTCCTTCTTCATCTATTACTCCCATATCTACAATACCTTCAAATTCATTTTTTAAATTATAAAATAGTTGAGAAAAATTTCTTTCATCCAGAAAATATTCCTCAGGATAAGAAACAGCAAGAAATTTTAAAGCTGAAATTCGTTCAGAGATAAAAAACTCAAGAGAATGTCTTGTTTCTTCCATCTGCCATTTGAGATTATTTTTGAATTCCTCATGAACTATTTTATGAATTAAAAAGTAGGTGATTGTAATAACAATAATGAGTGGTATTACAGAGAAGAAAGTGTTTAACAAGATCAGTCTACATTTAAGATAAAAGTATCTATCTGATGTGAGTTTTGCAATAAAATTTTTTATTAGAACAAACATGTTTATCTTATTATATCAAACCTAATTAATCTTCTAAATCATAATTTTTCATCTTTCTCCACAAAGATACTCTGTCAATGCCAAGTATCTGAGCAGCTACTGTTTTATTGCCAACTTCTTTTAAAACCCATTTTATGTATTCTTTTTCTAATTCTTCCAGAGTCATGAATTTACCTTCTTTTTTAACAAAAACCTGAATTTTTAATTCCTTAAGATCATCTGGAAGATGTTCAACTTCCACTTGAGATGAATTGCAAATTACAACTGCTCTTTCAATGATATTTTCAAGTTCTCTTATATTACCGGGATAATCATAATTTATAAGTAAATTTAATGCCTCTTCTGAAATTTTAAAAACTTCTTTTTTCATAATTGAAGAATATTTTTTTAGAAAATATGCAACCAGTAAAGGAATATCATCTTTTCTTTCTCTTAATGGTGGAATTTCCAGATTAACTACATTTAATCTGTAATAAAGGTCTTCTCTGAATTTTCCTTTTTTGACCTCATCACGAATATCCCTGTTTGTTGCTGCTATAAATCTTACATCCACACTGATTGGCTGAGTGCCTCCTAATCTTAAGAATTCTTTTTCCTGAATTACTCTTAGAAATTTAGCCTGCATTGTTGGAGACATCTCTGTTATTTCATCGAGAAATAAAGTGCCTGAAGAGGCCATTTCAATTAATCCTTTTTTCAGGGTTGTAGCTCCTGTAAAGGCTCCTTTTTCGTGTCCGAAAAGCTCATTACTGAGGAGTTCTTCAGTAAAAGCTCCACAGTTTATAGCGAGAAAAGGGCCTGATTTTCTTAAA
CP144374.1_gap22	654147	656810	2663	TATTTTTTGTGCAATGCTTTTAGGAAACATAGTTTAATTTAAAATATATAGATTGCAAAATGCAACAATTAGTTTATTTCTGAAACAATTGATGAGAATTATTAATAGTAAAAACTTAGGTAATTTAAGAAGATTCTTTCTGGCATAAAAAATGCTAATTTATTTATTAGAAAATTTAAAGAGGGGGTTTAAAAAATGTTTAAAAAAATTGTACAACTTTTTGAAAATTTATTTGTAGCTATTAGTTTTGCTGAGGCAGGAGAGTTTGATACAGCCAGAGAAATTCTGAGACAGCAAGATATCCATAGAAAAAAAGACAGGGTAAGGCCTCAGCAGCATATAAGACCCAGTATGAGAGCTTAGTAAAAGGGGCTATATGCCCCTTCTTAAATCAACACTATATTAACTACATCTTCAATCTTTTCCATAAATATAATTTTCAATCCTCTTTTAAAGTCTTCTGGTAGATTATCAATATCTACTTTGTTTCTGTGAGGAACTATGACTGTTTTGACTCCTGCTCTTTTTGCTGCTAAAATTTTTTCTTTAATACCTCCAACAGGAAGTATTCTTCCACTCAAGGTAAGCTCTCCTGTAATTGCAATATCTCTTCTTGCAGGCCTATTTGTAAATAGGGAAATTAAAGCCATTGCTATTGTTGCTCCTGCTGAAGGGCCATCTTTGGGAATTGCTCCCTGAGGAACATGAATGTGTATGTCCTGATTCTCAAATATCTCCTCTGAAATACCAAACACAGAAGCATTGCTTTTTATATAGCTCAGCGCTGCCTGGGCAGATTCTCTCATTATGTTTCCAAGAGAACCAGTAAGAATTAGTTCTCTTTTGCCTTTCATTTTGGCTGCTTCCACAAATATTATGTCACCGCCTGTTTCTGTCCATACAAGTCCGGTAACAACGCCAACTCTGTTTTTTGCATCAGCCACTTCAAAGTAATATCTTCTTGGACCAAGATATTTTTCCACCATTTCTGGAGTTATTTTTACTGGAGTTTTTGGCTTACTTCCTTTTACAATTTCGGTTGCCAGTTTTCTGCATATTGTTGCGATCATTCTTTCAAGATTTCTTATTCCAGCTTCTCTTGTATATTCCTGAATAATTTTTAAAATAGCCTCCTCAGTAAACGCAGGAGGAAACTCAGTAAGACCCTGCTCAGTTATCTGTTTGGGAATTAAATGTTTCAATGCTATGTTTTTCTTTTCTTCTTCTGTGTATCCTGAAAACTCTATGACCTCCATTCTGTCAAGCAGAGCTGGTTGAATATTATCAGGTATATTTGCTGTTACTATAAACATAACTCCTGAAAGGTCAAAGGGAACATCAAGGTAATGGTCAATAAATGCATAGTTTTGCTCGGGGTCAAGAGCTTCAAGAAGCGCTGAAGCAGGGTCTCCTTTGAAATCCTGACAGATTTTGTCAATCTCATCAAGCATTAAAACAGGATTAGCAACACCTGTTCTTCTAATTTCTTCTATAATTCTGCCTGGTTTTGCACCTGCATAGGTTCTTCTGTGCCCTCTTATTTCTGCCTCATCTTTTATTCCACCGAGTGAGATTCTTGCAAATTTTCTTCCAAGAGCATCAGCGATTGATTTTCCGAGAGATGTTTTTCCTGTTCCAGGAGGACCTGCAAAGCATAGAATTGAACCTTTTGTGGAAATTGTTGAAACTCTGTCTTCTGATGCCTGTTTTATTGATAGCTTTACTTCTTCTATTTTAAAAGGTTTGGCAATATAATGAAAGGCTCCTCTTTTTATTGCTTCAACTGCATTGTCCACAGCAGCATAGGCTGTTATCATTATAACTTTTGTATTTGGATATTTTGCTTTTACTTTATCAAGTATAGCAAAGCCATCTAATCCCTCCATTTTGATATCAGTAAGCACTATTTCAAATTCTTGTTCATCAAGAAGTTTGAAAGCTTCTGCACCATTTTTAGCAGTAACCACTTCGTAGTTTTCTTTTTTTAAAATGTGTTCAAGGTTTTTCCTCGCTATTTCTTCATCATCAACTATTAATATTCTTGGATTCCGATTTGAAGATAAAATTTTTACCGCAAGATGCTCAAGAATTCTATTTTTTACTCCATAAAGACCATAATGTCTTTCATTCAAAATTCTTTCTGCTCTTTCCAGGTCAAGATTATCAGCTGTTTTTTTATTCCATGGAAGTGTTGTAAGGTATTCTATGTAGGTTAGACTAATAGTGTATTCTGCTGCTGTAGGATTCATCTTGGAAAGTAAATCAAGCTCTGCAAGTGCAATATCTCTTACCTGAGAAGGCATTTCGGATTGAAAAATTTTTCTTCTCAGTTCTTCAACTATAGTATTCTTGTTTTCTTCGCTATGATCTGTTTTTTTGAAAATTTTCATTTTTGTTCTCTTTATTGCATTTTACAAATATGGCGATGCAATTTGCAACATAAAATTTTTTGTTCTGAAAAATTTCTTAACTAAAATCAAATAATTTACTCAATTAAATTTCTGGCATAGTAATTGTTTATTTAAAAAAGTGGAGGGATTGAAGATGAGAATAAAAGATTTGATAAGCAAATTTGAAAATTATATGTCAGCCGTCACTTTTGCTGAGGCAGGAGAGTTTTATACAGCCCAGCAAATTTTAAGAAAAAAGCCTGATATTGTGGT
CP144374.1_gap23	658578	660506	1928	AAATACATAGGAGGCAAAGATGGCTCTTTACAGAAGAATGCTTGTATGCATTGATGGCTCAGAGGAAAGTTTCCATGCTTTTGAAGAGGCTGTTAGATTTGCAAAAGAAAAAAACATTACAGTCTTTGTCCTGACTGTTGCTCCATCCTATTATGGAGATTTAAGTCTTGTAGGTATTGGAGTATCTGTTGAGGAGATCTGTAAACCTTATAAGGAAAATCTTTCAAAAGCTAAAGATATAGCTGAGAAACATCAAGTTCTCGTGAAAACTCTTTATGAAGAAGGAGAACCCTTTGAAAAGATTATTGATGTAGGTGAGGAAATCTCAGCAGACTTAATAATTATGGGCAAAAAAGGTATAAGCGCTCTTCAGCAGGTTTTAATTGGAAGCGTGACAGAACGAGTGATTGGTTATAGTAATACTGATGTTTTAGTTGTCCCGAAGAATTCAACGATCAAATGGAACAGATGCCTTGTGGCTGTTGATATTTCAAAATATGGAGAAAAAGTTTGCAATAAAGCAATAGAGATTGCAAGAGATTTTCAATCAGAGATAAATCTGATTTCTGTGGTAGAAGTTCCTTCAGCAGTTTTTGCAGTGAAGCCTGAACTTTATGATGAACAGGTAAATAAAACAAAAAAATATTTAAAAGAGCTTGAACTTAAATTTCACGGTGAAAACATATCTCCCAGAATTTTTATAGAAGAAGGAGAGCCTTATAAAAAGATTCTTGAGAAGGCAGATGAGATTCAAGCTGATATTATTGTTGTGAGCTCTCATGGAAGAACAGGACTTAAAAGGCTTCTTATGGGAAGCGTATGCCAGAGAGTAATCGGGCTTTCAAAGATACCTGTCTTAGTTGTGAAATCATAAATGAAATATTTCATATCAGGTTGGGCAGGATTTAGAGAAGCACTGAATGTGCCAGAGGACTGGCATTTTTTAGCTCCTTTTATTGATTTAGATGAAGTGGGGATTTTAGACTTTTTTAATGATAAATCAGGCAATATACTTATTGGCTGGTCAACAGGTGGACATATTGTTCTTAAACATTTTCACTTTTTTTCTGAAAAATTTGAAAAAATTTTTATTATTGCAGGATTCAAAAAGTTTACCGATTACATTCATCCAAAAATTATAAAAAGAATGATTCAAAAAATGGATAGTGAACCACAGGATGTTATAAAAGAATTTCATTTAAATGCAGGATTAAAACCTTATATTCCTGAAAATATCAATAAACATGCACTTATTGAGGGTTTAAAATTTTTAATTAATTCTGATTTTGAATATTTAAGCTGTGAAAAAAACAACATAACACTTCTTCATGGAAGCATGGATAAAATTCTGCCTCCAAAAGCTTTACATGATTTAAAAAAACTATGCCCTTTTGCTCAGGCTTATGTTATATCCGGTTTTCACTGGATTCCCTTTAAAGTTTTAAATTCTATTTTACATTCCTAAATAAGTTTCTTTTATTTGCGGATGTTCAAGAAGCTCCTTTGAACGTCCTGATATTTTTATTTCTCCAACTTCCATAACATATGCTCTGTCACTTATTTCCAGCGCCATATGAACATCCTGTTCAACCAGTAAAATACTTACTCCAGATTTATTGATTTTTTTTACGACATCAACAAGTATTTCAACTATTGTTGGAGCAAGTCCCAATGTAAATTCATCAATTAAAAGAAGTTCTGGCTCATTCATAAGAGCTCTTCCTATTGCAAGCATCTGTTGTTCTCCCCCAGAAAGGTCTCCTCCAAGATGATTTTTTCTTTCATAAAGTCTTGGTAAAATGGAAAAAACTTTTTCCATTCTTTCTTTTAATCCGTTTCTTCTGCGATATGCTCCTATTTCAAGATTTTCTTTTACAGTCATACCAGAAAATATCCTTCTTCTTTCCGGGCATAGACTTATTCCCATT
CP144374.1_gap24	727533	731219	3686	AAAGAGCTTCAGGAAGTTAAAGAGACTGTTGAAGAAGCCAAAAAGGACATAAAAGACCCACTTCAGTTAAAAGAAGAAGTTTTTAAAGATTTGCCTTCTATTTCTGATTTAAGAATAGACAAACACATTGAAAACATTGCCAGAAAAGAGATTGAAAAAAAGGAGTAATAATGAATGGAAGAGCAAAAGATGTCTTTAATAGAACATCTTTCAGAGCTCAGAAAGAGAATTATTATATGCCTTGTAGCTTTGGTTATAGCTTTTATATTTACATTTAGCTATTCTGAGTATATTTTTAAGCTTTTGCTTTTCCCTCTTCAGTTTACTCCCCAAATTTCATTAAAAGAAGGATTGGTTTTTGTTCCTGATCAAAAGCTTCATAATACAAAGCTTGTATTTTTAGGTCCTGCTGAAGCTTTTTGGATGAATATGAAGATTGCTCTTGTATCAGGATTTGTTCTCACGATTCCAATAATTTTCTATCAACTCTGGAGATTTGTCTCTCCAGGGCTTTATTCCCATGAAAAAAAATATGTCATGCCCTTTGTTTTAAGTGCAACAGGTCTTTTTTTAACTGGTGTTGCTTTCTGTTATCTGATTGTTCTTCCCTTTGCAATGGGATTTTTACTTAATTACAAAGTTGGAGATTTTTTAATGCCCATGCTTTCTGTGGGACTTTATGTAGATTTTTTGTTGAAGTTTCTTCTTGCCTTTGGATTGGTTTTTGAATTACCAATTTTGATTGTAATTACAACAAGAATGGGATTGATAACTCCTCAAACACTGAAAAAATACCGACGTCTTGCAATAGTTCTTGCTTTTGTGGTTGCGGCGATAATAACACCAACTCCTGATGCTTTCAATCAGACACTTATGGCAGTTCCCATGATTATACTTTATGAACTTGGAATTTGGGTTTCAATACTACTGAATAAAAAAGGTAAAAACAATGGAGGGCAGAAGTAAATCACTTTCAGCTATTGCTTCTGATATTGCAGAAGGATTTATCACAGTAAATCCTCTGTTTTTGAAAAAATTTTCAGAAAAAGATTTAAAGGAGCTTCATGATGTGATAATTAAAAAAGAGCGGCAGATAAGAGCAGAGCCTTTCCCTTTTAATGAGCCTCTGCAAATAAGAAAAAGAAATATGAAGCTTCAGAGACTTTATCAAGCCATGGTAGTTATCAAAAACTTTATGGAAGGAAGAATATGAAGATTGCTTTAACAGGTTTTTTTAATTCAGGTAAGACCACGATTTTTAATGCACTTACCACACAAAAGATTGAAACTTCTTCATATCCAACACCTGCTGATATTTTTCACAGAGGAGTTCTCCATGTTGATGATCCGAGATTAAGGAAAGTAAGCGAAATTGTAAATCCTAAGAAGACAACCTTTGCTCAGGTCGAATGCATTGATGTAGCAGGATTAATAAAGGACAATCCAACGCATAATTCAAAAGTTATAAAACAGCTAATGGATGCTGATGCATTAATATATATTTTGCGTGGGTTTGACAATCTTTCAGTACCCTATCAATTTGATAAAATTGATCCTTTAAGGGATTTAACCGAACTTGAATATGAATTGATTATGCTTGATTTAGATCTTGTAATTAAAAGAATTGAAAGAATGGTCGAAAATAAAAAGAAAGGACAGAAGATAAACGAGGCTGAAATGGAGATTCTGGAGATTTTAAAAAATCACCTGGAGAATGGACAGTCTTTAAGAACAATAAAAATTACAGATGAAGAGCTTAAACAGATAAGACATTTAAATTTTTTAACTTTAAAGCCTGCTTTCGCTGTTATAAACGCAGATGAGAAGTCTTTTAATGAAAGAAGATTTAAAGATGCAGATTTTTTAACAATATGTGGTTCTCTGGAAAGTGAAATCATTCAACTACCTCAGGATGAAATCTCAAATTTTCTTGATGCTATGGGAATAGATGAGCCTGTAAGTAAAAAAATAGTGAGAAAAGCCTATGAAATTCTTGATTACATATCTTTTTTTACAGCAGGTCCGCAGGAAGTAAGAGCCTGGAGTATTAAAAAAGGAACTAAGGCTGTTGATGCAGCAGGGAAAATTCATTCTGATATTCAAAGAGGATTTATTCGGGCAGAGGTAATATCTTACAATGATTTTGTCTGTGTTAACGGAGATTTAAATTTAGCCAGACAAAAAGGACTCTTAAGACTTGAAGGAAAGGAATATGAAGTAAAAGATGGAGACATAATAACTTTTAGATTTAAAGTATAATTTGGGGGTGGGGGGGATGAAAAAATTTTTAAGTGAGCTTGACAGAAAGGTAAAATTACGCTGGAAAATGGTTATTCCTCTGGGTTTTGCTATTGCTTTTGGAGTTATTGCAACGGTTATTGTGACTGGCTATGGTGCTTACAAAATTGCTTATGATGCGGCAATTCATTTTGGTGCTAAAGAAGTTCCTAAGGAAATAATGAATGAAGTAAGAACTCTTCAAATTATTTTTGCTGTGCTTGGTTTTTTGGGTATTATTTCAGCTTCAGCAATAGTTTATGTAACTTACTTAGTTACTCACAGACCTGTTAATCTTCTTGCTCAAACATTACAAAAAATAGCTGATGGAGATTTAACTGTGGATGTTGGTTTTAAAGACAGGGTTGATATTGTAGGAAGGCTCGCAACAAGTATTGACAAGGTTTTACAAACCTTTATAAATCTTACTGACAAATCTTTTGAGTACTCACAAAAGCTTGCTGAAAATGTAGACCGATGTAACAGAGTAATTGATGAGACCATAGAGGGTGCAAAAAAGCAGTCCCAGCAGGCAAGCCAAATTGCAACAGCAGCTGAAGAGATGACGCAGACAATAACTGATATAGCAAACAATGCATCAAAAGCTTCTGAAACAGCAACGGAAACAATGGAAATTGCCAAAAAAGGACAGAGTATAGCTCATGATGCTGTGAAAAAGGTAGAGGTTGTTTATCAGACAACGAACGAACTTGGCGCTATGGTGGAAAAACTTAACAGTTCTGCCTCTGAAATAGGAGAAATTGTAACAGTTATCAAAGATATTGCTGATCAGACAAATCTTCTTGCCCTCAATGCAGCAATAGAGGCAGCCAGGGCAGGTGAACAGGGTCGCGGATTTGCCGTTGTTGCTGACGAAGTTCGTAAGCTTGCAGAAAGAACAATAAGAGCTACTGATGAAATTGCTCAGAAAATCAATATGATTCAAAGAGAAACTTCAGATACTGCTCAATCAATGAAAAAAGAGCTTACAGAGGTTACTGAAGTCACAGAATCAGTTAAAAGCATAGGAAATGCTCTGGGAGAGATTGTATCTGCTGTTACAAAGCTTAAAGATCAGATAACTCAGATTGCTACTGCAGTGGAGGAGCAGTCTGCAGCAAGTGAGGAAGTAACCAGAAATATTGAAGACTCTGCAAAGATAGCCTCACAAATAGAGCGACTCGCAGAGACAATAGTTAAGGATTCCTATGAAATTTTGCATGTCTCATCTGATTTAAGACATACAGCATCTCGAGTAAAAACGAAGACAACACAGGAGATGCTTTTCGACATATTTAAAGGAGATCATGAACGCCTTATGATAAGAGTTCATGCTCATATAAAAGGTATTGACAGACTTGATCCAGACCGTCTTGCAGATTATCGCTCCTGTGCAGTGGGTAAGTGGT
CP144374.1_gap25	767385	769181	1796	TATATGTATTTCAAGGATTCTCAAAACTGGTTGATTTACTCACTTATAATTGCAGGAGCTTCAGGAAATATTCTTGACAGGCTTATTTATGGTTATGTTATAGATTTCATAGACCTTCATCTGAAAAATCTTCATTGGCCAGCTTTTAATGTGGCGGATTCAGCTATAAGCATAGGAATTGTTCTTTTTCTTTACAAGAGCCTGAAAAAATGAGGATTTTTACCTACTCAGAGGAAGAAACAAAAATTCTTGGTAAAATGCTCGGAAGTTTTGCACAGAAACAGGGAATAAAAGTTATAGCTCTTTATGGAGAAATGGGAGCTGGTAAAACTATTTTGACAAAAGGAATTGCTTCATCATTTGGTATAGAGGAAAAAGATATAGCAAGCTCAAGTTTTGTAATAGTTTCTCATTATCCAGAAGCAGACTTCTGTCATATTGACCTTTACAGGCTTGACAATGTAAAAAATGAAGATATTGATTTATGGGAATACTTTGAAGTTTGTACATGTGTAATAGAGTGGGCTCAGAGACTCAGTGATTTGCCTGAAAATGCTTTAAAGATTAAAATAGATTTAGTTGATGAGACAACAAGAGTTTTTGAGATGGAGATTTAAATGTTTAAAAAACTTTCAATTCTTTACAAGGAAAATGATAATTCAGCCATTGAAACAGCCATTAAAGTTCAGGATTGGCTGAAAAATAGAGGCGCTGAATGCATAGTTTTCCATTCTGTTGGAGTTTTTTCCAGTTTTAATCATTCTGAAATAATGGCAATTCAAAGTTCTGATGCAGTTGTTGTTCTTGGTGGAGATGGAACAATGCTCAGTGCTTCCAGACTTATTGGAGGAAAAAAAATTCCCATAATTGGAATAAACATGGGAAGGCTCGGATTTATAACAGAAATTCCAAAAACTGATTTATTTAATTCCCTGGAGCAGATATTTTCAGGAGATTATGAGATAGAAGAAAGAAGCATGATAAATGCTCAGGTTCTGAGAGATGAACACATAGTCAATGAGTATCTTGGACTTAATGACATTGTAATTGGTAAAGGTATAATGGCAAAGATTTCAGACTTTGGTTTAATCATAAACAATATATATGTTTCCACAATAAAGGCTGATGGAATAATAATTTCTACACCAACAGGTTCAACAGCCTATAATCTCTCAGCAGGAGGTCCTATTCTGTATCCCACATTAAAAGGCTTAGTATTCACAACAATATGCCCCCATACATTGACTGTTAGACCTATTGTTCTACCAGACGATTTTGTAATTGATGTGGTGATTTCTTCGCATGTTAGAGACATATTTTTAACAGTAGATGGACAGATTGGTTTGCCTTTGCAGAAAAATGATAAAGTTAGATGCAGGATAGCTGATGAAAAAACTTATCTTATTGCACCTCCAAGGAGAAATTATTTCAGAGTTTTAAGAGAGAAGCTGAGATGGGGCGAAAGATAGACAATATAGTTGATATCCTGAATTTTTATAAAAATCTTGGCTTTAAAGATCTACCAGGGCAGTTTGTTCAATCTTTGTTGGAGCAGTTTTCTGAAGAAGCATTTCCAGCGAACTATGATGAATCTTCAGAACATGGACAGTTAGCCATTGAGAAATTGAGTGACGAAATCAGACAATGTAAAAAATGTCCTTTGAGCAATTCAAGAAAAAATCCTGTATGTGGTGAGGGTTCTATTAATGCAAAACTAATGTTTGTTGGTGAAGCACCAGGAGTTGATGAGGATTTGCAGGGCAGACCTTTTGTTGGTGAGGCAGGTAAACTTTTAA
CP144374.1_gap26	855172	855729	557	CACCTGGTATTAGCCTTACAATACTATCTATTATAACCAATGCTGCCAGTTCTCCACCACTTAAAACATAATCTCCCACTGAGACTTCCTCATCCACAAATGCTTTAACCCTCTCATCAATACCCTCATATCTACCGCATATTAAAACCATTCCTTTATTTTCTTCTATAAACTCCTGTGCAAGTTTCTGCATAAATTTTCTTCCCTGAGGAGAAAGCAGTAACAGCTTTTTGGGCTTTTTGTCCTCCTTTACATGCATTATGGCTTTGTAAAATGGCTCTATCTGCATAACCATTCCAGCTCCACCACCATAGGGATAATCATCCACTTTTTTATGCTTATCAGATGTAAAGTCTCGTAAATTGTATATCTTCACCTCTGCAATCCCTTTATTTAATGCTTTTCCAACAACGCCATGCTTTATGTAGCATTCAATTATTTCAGGAAATATTGTTAACACTTCAAATTTCATAAATTTTAATTCAAACTCAAAAGAAAAGGGCGTGGATTTCACGCCCTTTATTTAACTCTTTTTAATGGACTATTCTAAAATTTCA
CP144374.1_gap27	857309	858686	1377	CCATCAGGCAAAGTATCACCTGTGTCAGGATCAATTATTTCCACATAAAAATGATCTTCAAAAACATGCAATCCTTTTTTCTCAATACATTCATGGGCAACGCCTGGTCCGATTATTTCAGTTAATCCATAAATATTAAGCGCGTTTATGTTAAATCTCTTCTCAATCTCTTTTCTCATCTGCTCGGTCCACATTTCAGCACCAAAACATCCTGCCTTGAGCTTAAGAGTTCTCGGTTCAACTCCCATCTCCTCTGCTACTTCAGCCATATAAAGAGCATAAGAGGGTGTACATGTAAGAATCGTTGAGCCAAAATCTCTCATTATTTCAATCTGTCTTCTTGTATTTCCAGCACTTGCTGGCACAATCATTGCTCCGATTTTTTGAGCTCCATAGTGAACTCCAAATCCACCAGTAAAAAGACCATATCCATAACAGTTCTGAATAATATCATCTTTTGTGGCTCCAGCCATTGTAAGGCATCTTGCCATTACTTCAGCCCATACTTCAATGTCATTGCGTGTATATCCTGCCACAACAGGTTTTCCAGTTGTTCCACTGGACATGTGAATCTCAACAATTTCACTCAATGAAGCAGCAAACATTCCAAAGGGATAAACCTCTCTTAAGTCTGCCTTTGATGTAAATGGAATGTTTTTAATATCATCAAGAGTTTTTATGTCTTCTGGCTTAAGTCCTACTTCATCAAATTTTTTTCTGTAGTAAGGAACTTTTTCATATGCCCTCTTAATTGTTTGTTTTAACCGCTCAAGTTGTAATGCTCTGAGTTCTTCTTCTGACATGCATTCCATTTCTTTATTCCATATCATCATATCACCTCATTCAATAGGTTTTAAAAAATTAAGATTTTCACTTTTAAGAGCTTCCATAGCCTTTTGAGTGTTTTCTACTTCAACAATTAAGTAAGCTTTTTTTCTTGTTTCAGCAACATAAACAGCAGCACTTTCAATATTTATGCCCTTTGAAGATAAAATTTTAACAACTTCATGAAGTCCACCAGGTTGATCCTTCATTTCAATTCCAATCGCTTCATTGAGCGACACCGTAAATCCTTTTTCTTTTAACAGTTGGAAGGCTTCTTTACATCTGTCAACCATAAACTTTATTATTCCAAATCCATTGGTGCTTGTAATGGAAAAAGCGAGAATATTTATGTTTGCTTCTGCAAGAACTTTTGTAATTCTTTCAAGTCTTCCAGGTTTGTTCTCAGCAAATACTGAAATTATGTAAATTTTATCCATATAAGCCTCCTAAATTGTTCTTTTATCAATAACTCTTTTTGCTTTTCCTTCACTGACAGGTAGTGTCCCTGGTTCAAGAAGTTCTACTTTTGGCTTTACCATCGTAGCAGACCTG
CP144374.1_gap28	901323	905846	4523	GCGAACAATCTTGGGCTGGCTATAGAACATATGTGGCATCTTAAACAAGGTAAAAAAATTTTAAAACCTGTATATGATCACTCAACTGGAAAATTTGGGGAGACTGAATGGGTATTTCCTGTTCCCTACATAATATGTGAAGGATTGCATACATTTTACTTTAGTGTGCTTGCTGTGATCTATGATTTAAAAATTTACTATGACACTGATCTTGAACTAAAAATAATATGGAAAATTCAAAGAGATGTTGTAGAAAGAGGATATTTTGCTGAAAAAGTAATAGAAGAGATAAGAGAAAGGCAAAAAGACATAAGAAACTTTGTTGAACCTCAGTCTCAATATGCTGACATTTTAATAAAGCTAAAACTGCATTCTAATAATTCTATAGCTGTACAGTGGAATGATTCTATAGATGCTCAATGGTTCAAAAAAATTTTAAATGACCCTGATTCCTGGAATGCTGTAACAGAATGGTATGGAGGCAAAAAATGGAATGTTTATGAGATAGCTCGACCATTTACAATCGATGAAGCAAAGAAAATATTTAAAATTGATAGTTCTTTCAAAATAAAAGAAAAAGAGCTTGAACCATATATGCTTGCAGCTGTTTTAGTTGCAAGCATACTTAAACAAATAAGAAATTTGAAAAACGAAAAGGAGGTGTAAAAATGTTTGAAACATTTGAATTAGTTTCAAATTACACAGAATTACAATCAGTAGCTTCAAGAATAAGAAAAAACATAATTGAGATGATTGCTAAGGCAGGCAGTGGACATCCTGGAGGAAGTCTTTCCTGCGTTGAGATTTTAACAACTCTTTATTTTAAAGTTTTAAGACTTAATCCAGAGTATCCAGAAGACATGGACAGAGATAGATTCATCCTTTCAAAAGGACATGCTGCACCTGCACTTTATGCAACCTTAGCTGAATTTGGTTTTATTCCAAAAGACTGGCTTCATAGTTTAAGAAAATTTGGATCTCCACTTCAGGGACATCCTGATATGAAAAAGGTTCCAGGAATTGAAATATCTACAGGCTCTCTTGGTCAAGGTCTTTCAGTAGGAGTTGGAATGGCTTTAGGTGCAAAAATTCAAAAACTTGGATATCGTGTTTTTGTCCTTTTAGGAGATGGAGAATGTCAAGAAGGTCAGGTTTGGGAAGCTGCAATGGCTGCATCGCATTACAAACTTAACAACTTAATTGCAATCATTGACAGAAATAGACTTCAAATTGATGGAAATACAGAAGAGGTTATGTCCTTAGAGCCATTTGTTGAAAAATGGAAAGCCTTTGGCTGGATGACACTTGAAATAAACGGACATGATTTTGGTGAAATAATTCCGGCATTCCAGATAATTCCATATATATCAAAACCTCTTGCAATAGTGGCAAATACTGTTAAAGGTAAAGGAGTCTCATTTATGGAAAACAATGTTGACTGGCATGGTAAAGCTCCTAAGGCTGAGGAGGCTGAAGAGGCTCTTAAAGAACTCCAAGGAGTTTATGAGTTAGTGTAAGGAGGTAAAAAAATGCAAAAGAAAATAGCTACAAGACAGGCTTATGGTTCAGCTCTTGTGGATCTGGGCAAAAGCAACCCAAATGTTGTTGTATTGGATGCTGATTTATCAAAGTCAACATATACAGTAAAGTTTGCAAAAGAGTTTCCTGAAAGATTTTTCAATGCAGGAGTTGCAGAAGCAAATATGATGGGAATGGCAGCAGGTCTTGCTACGTGTGGATTTATAGTGTTTGCCTCCACTTTTGCTATATTTGCAACTCAAAGGGCTTTAAACCAGATATTTCAAAGCATTGCATATCCTGAACTGAATGTGAAAATTGCTGCAAGTCATGCAGGAGTGACAGTTGGTGAAGATGGAGCAAGCCATCAATCTATTGATGATATATCCATAATGAGAGCAATTCCAGGAATGACTGTAATAGTTCCTGCAGACAGCACAGAAGCTTATCAAGCAACAATTGCAGCAGCAAGACATTTTGGTCCTGTATATTTAAGACTTAGCAGAGCTCCAACTCCGCAGGTTCTACCTGAAGACTATATATTTAAAATTGGGAAAGCTTATGTATTAACAGAAGGTTCAGATGTAACTATAGTAGCCTGTGGAACAATGGTGTATGAAGCTATGGTAGCTCGAGAGAAGCTTAATTCTCATGGCATCACTGCTGAAGTCATTAATATGAGCACAATAAAACCAATTGACAAAGAAACACTATTAAATTCTGTCAAAAAAACAGGATGTGTTGTAACAGTAGAAGAACACAGCATAATAGGCGGACTTGGTAGTGCAGTATGTGAGGTACTCTCTGAGGAGTATCCATGTCCTGTAAAAAAGATTGGAATTAAAGATCATTTTGGTCAGTCAGGAAAACCTGAAGAACTTCTTAAACATTATGGTCTTACCTCTGATGATATTGTTAATGGTGTAATAACTTTAAAAGGAGGTAGCCTATGAGGGTTGCTATAAATGGTTTTGGAAGAATAGGAAGATTGGTAACAAGAATCCTTTTTAATGAAAATCCTGAAAATGTTGATTTAGTTGCTATTAACAGTTCAAAAAACACTGAGATGCTTAGCTATCTTCTTAAACATGACTCGGTATATGGAGAATTTAACAATAAAGAAATTTCCTATGACTCTGACCATTTATTGGTAGATGGCAAAAAAATTAAAATTATTGAGGAAAGACAGGATTTAACAAAGCTTCCGTGGAAAGAACTTGAAATTGACCTTGTTGTTGAGGCTACAGGAAAATTTAAGAAAAAAGAGGACTCCTACAAACACATTGAAGCAGGGGCTAAAAGAGTTTTAATTACAGCTCCAAGCGCTGAATCAGACATAATGGTTGTTTATGGAGTAAATCATGCTGAAATAAAGCCGGAACATAAAATTATTTCAGCTGCCTCTTGCACAACAAACTGTACAGCTCCTAATTCACTTTGTTCCTTCATGAGGAGATGAAGTTAAAGATACTCTAAAATTGCTAAAAGATGGAGAAATTTTGCTTTTACAAAATTTAAGATTTCATCCTGGAGAAACAAGCAATGATGAAGAGTTTGCAAAGTTTTTAGCTTCACTGGCAGATATATATGTTTTTGAAGCATTTGGAACTGCTCATAGAAAGCATGCCAGTGTAGTTTCTTTACCTAAATTTTTACCTTCAATGATTGGATTTTTAACTGAAAAGGAGATAAATACCATAAATGGATTAATAGAGCAAGCAAAAAAACCTTTTTTGTTTATTTTAGGAGGGAAAAAAATATCTGACAAAATAAGAGTTTTTGAAAGACTTCTTGACAAAGCTCAGATAATTTGTATTGGTGGAGCAATGGCTTGTACGTTTTTTAAAGCATTGGGATACCAGGTAGGAAAATCTTTTTATGAAGAAGACTCCTTAGATGTAGCAAGAGCAATAATGAAAAAAGCAGAACAGAGGGGATGCAAACTTCTGCTTCCACAGGATGTTATGGTTGCAAAAACAATCAGCGACAATACAGAAACAAAGTATGTTTCTCGAGAAGAAATTCCTGAAGACTATCAAGTAGTTGATATAGGTCCAAAAACATTTGAAATTTATAAAAAGGAAATAAACTCTGCAAATACAATTTTATGGAACGGACCTATGGGAATTTATGAAATTCCTAAATTTTCATGGGGATCAAAAAGTATAGCCTTAACAATTGGCATGTCTAAAGCAATAAAAATATGCGGAGGAGGAGACACTGCTGAAGTTTTAAATTCTTCAAATTTAATTTCCCATTTTGATCATATTTCAACTGGAGGTGGAGCTTTTTTAAAGTTTTTAGAGGGTTCTTCATTGCCTGCACTTGAAGCAATTTCTTGATATTGAATAAAGGAGGCTGCTATGAAAATAGCAATGGCAACAGATCATGCAGCATTTTCTTTAAAAGAAAGAATAAAGCATTATCTTAATAACTTAGAACATGAAGTAATTGATTTTGGATGTTACAGTGAAGAATCGGCTGATTATCCTTTGTTTATTTCAAAGGCTGCTCGGGCAGTAGCTAATGGACAATGTGAAAGAGGAATTGTAATGTGTGGTTCAGGGATAGGAGCTTCAATTGTAGCAAACAAAATAAAAGGAATAAGATGTGCTTTGGTTTATACTCCAGAGCTTTGTAGACTTGCAAGACAGCACAACGATGCAAATATTATTGCTCTTGCAGGAAGATTTACTGAAGAAGATACAGCAAAAAGAATTGTTGATGTTTTTCTTTTGACTAAATTTGAAGGAGGAAGGCATTTAGGAAGAGTTAATCAAATAATAGAAATTGAGGAGGGCAGGCTATGAAAGATTTAATTGCTCAAAATATTGAAGAGCTTGATTTTAATGATGTAGACAATTTAATCTGGAGTGCTGTATTTTCATCTAAGGAAGAAACCAGAAACAAAGCCAAAGAAATGATATTTCTTAAAGGGCTTCAACATAGAGTGGTTCCTTCATCAATTCAAAATTTTTATGATGCAATGGGAAGAGGTGAACTCC
CP144374.1_gap29	1000319	1004712	4393	ACAGAAGGCACAAAAATTTCTCCTGAATATCCCACTCCTCTTGCCAGAGCAAGTATGTTTGATATATGAACAATAGCAGTTTCCACCTGAAACTTTTCAGCCAGTTGAGGTCTGTGATGATACATTATTGGTTCTATCAATTTTTGGGGAAATTTCCATTTTTTAGCAATAATTCCTCCAACTTCTGCATGAGTTAAGCCAAAGTATTGTCTTTCAATTTCGTATAAAAAACTCGCTTTTTCCTGAGCAGAATTAATTATTTTCATGTATTCATCTTTAAATGCCATTATAAATATAACCTTGCCAATGTCGTGCAAAAGTGCTCCTATTGAGATTTCCTCTGGAGCTTGTAATTGTCTTTTCATTGCGATAATTCTTGCAAATATGGCTGTTGAAAGGGAGTGTTCCCATAGTCCTATCATGTTTTTTTGCATTATCTCAAAGACTGAAACTCCAAGAAGAAGCCCTTTTACAGCATTCAATCCAAGAATTACCATTGCATGACTTACGGAAGATATTCTTCCAGGAAACCCATAAACTGGAGAATTAACCATCTTAAGAACTCTTGCAGTTAGAGTTGGATCAGAAGAAACAAAATCAGTTATTTTTTGCAGTGATACTCTTGGGTCTTCTATAACTGATAAAATCTTTTTCAAAATTGGAGGGATTGTGGGAAGGCTTTCTATTTTTTCAATTTTTGCAATTACATCTTGAGTATTCATTTATAAAGTTCCTCAATGTGACTCTTCAGAATTGTTTTTATCAACAGAGTATACGAATCAGTCGCCTTTTTAAATCTTTCTTCAATTTCTTTAAAAACTTCTTCTTTAGGTGGCATTTCTTTTTTGCCTTCAACATATAAAAAATCTATATTCATCATAAAGAGCCTATCTATGAGAGCCTCAGTTAACTCTTTACCAGCAGGCACTACAACCATACCTGCTTCATTAACTATGTCTTTTAAAATTTTCATCCCTGGCTTTGCTTTATTAATAGAAATTTTTATCATTGTGTTTAATTATAACTTAAATATCCAGCTTTATGTGTAATTCCTTCAATTGCCTTATATCAACCTCTGAAGGTGCTTCACTCAGTGGACAGAAAGCTTTCTGAGTTTTTGGAAAAGCTATAACATCTCTCAAAGAACTCGCTCCTGTCATAAGCATAACAAGTCTATCAAGCCCTAAAGCTATTCCTCCGTGTGGAGGTGCTCCATATCGTAAAGCTTCTACAAAAAATCCAAATCTCTTTTTAACTTCTTCATCTGAGATACCAAGTATCTTGAATATGTGCTGCTGAAGCTCTGATTTATGAATTCTAATACTTCCACCACCAAGCTCATAGCCATTAAGAACAATATCATAGGCTTTTGCTTTTATATCTTTTACAGAACTCCGGGGGTCACAAAAAGCCTCATAAGACATTTTTAAAAGTTTTTCAATATCTTCATCCTTAGGAGATGTAAAGGGATGATGCATGCTTACAAATCTTTTTTCCTCCTCACTCCATTCAAACAAAGGAAAATCAACTATCCACGCAAAGCAAAATCCTTCTCTTTTTATTTGAGCTTTATCAGCAATTTCAAGCCTGAGTCTTCCTAAGACCTCATTAGCTACTGAATTTGTATCAGCGACAAAAAGCATCAGGTCTCCCTGGTCTGCACCTACTTTTTTAGCAATTTCTTTAAGAGTTTCCTCGGAGAAAAATTTGACAATTGGAGATTCAAATCCCTGTTTAACCTTAATCCATGCAAGTCCTTTTGCACCAAAAGACTGAGCCAAAGCTACGAGTTTATCTATTTCACTACGAGAGGCTGACGCAAATCCCTTTGCACATATCGCCTTTACAGCTCCACCTTTTAAAGCTGCATCAAGAAAGACTTTAAATTGACAGTCTTTTACAAGCTCCTTTACATCGTAAATTTCCATACCAAATCTTAAGTCCGGTTTATCTGTGCCATATCTATTCATTGCTTCTTCATAAGTAAGTCTTCTGAAAGGTATTTCAATTTCAACAGATAGAACTTCTTTAAAACATTTAAAAAGCATTTCTTCAACGATATTTAAAATATCCTCGATCTCAACAAAAGACATCTCAAGGTCAATCTGAGTAAATTCTGGCTGACGGTCTGCTCTCAAGTCTTCATCTCTAAAGCAACGGACAATTTGAAAGTATCTGTCAAATCCTGACATCATAAGAATCTGTTTAAAAAGCTGAGGTGATTGAGGAAGAGCATAAAATGTTCCTGGATTAAGTCTGCTTGGAACAAGAAAATCTCTTGCCCCCTCTGGTGTAGACTTTGTAAGCATTGGTGTTTCTATCTCAAGAAATCCCTGAGCATCAAGAAAATTTCTTATTGACATTGTTACTTTGTGTCTTATAAAAAAGTTTCTCTGCATTTCTGCTCTGCGAAGGTCAAGATAACGATATTTTAATCTTAGAAGTTCTGTTGTCTCCGATGCCTCATCAAGCTGAAATGGTAAAGGCTTTGAAGTAGATAAAATCTCAAACTCTGAAGCCCAGAGCTCCACATTGCCTGTAATAAGATCTGGATTTTCAGTTCCTTCTGGTCTTCTTCTCAGAATACCTTTTACAGAGATAACATACTCAGTTCTTAAATTATGAGCTTTTTTATGTGTTTGCGGGGAAATTTCAGGACTGAACACTACTTGGATGATTCCTGTTCTATCACGAAGATCAATAAAAATTAATCCACCGTGATCTCTTCTCCGAAAAACCCATCCGCATAGTCTCAATTCACTGCCAATTTCTTCTTCTTTAACTTCAGCACAGTATTTATCGCGAAACATTTCTCCTCCTCGGAATTGATTTCATAAATTTTTATTATAGCAAAACAAATATATCCAATAAAAATCGGATACTGCTATTTAAAATTGCCATTTGAAAATTACTGTCTTGAGCGACTGCAGCGTTTTTTAGTAACAGTTCTTAACGAAGCTAAGTGTGCACATCCGCCTTTCGTTCAAGAACTCTCTCAAAAGGAGTTTTTACCTTTTTCTTGACACCGTGTTGTCCTTGCATCCCTTGTGGGTGCGAAAAGGAATCTGTTTAGGAGAAAGCACGCATATGAGCGGTTACTAAGATATCCCATTTTGAATAGATTTTTATATGAGGCAATTCGAGTATTTGACTAAAATGAACTAATTTAATTATACTTTTAAATTATGCGAACGAAATTTTGCGTTGCCAACTGGAAAATGCATAAAACTGTTAAGGAAGCATTAGCATTTCTTCAAGATTTTATTCCATTAGTTGATGAAATAAATGATAGAGAAATCGGCATTGCTCCTACATTTGTATGCCTTGAAAGTATTGGAAATGCATTAAAAGATACAAATATAAAGCTCTGTGCACAAAATGTCTTTTATGAAAAAAAAGGAGCTTATACAGGCGAGATTTCTCCAATTATGCTTAAGGATTTAAATGTTGAATATGTTATTATTGGTCACTCTGAAAGAAGAAAGTATTTTTATGAAACAGATGAAATAATAAATCGTAAAATTAAAGCTTGCATTGATGAAAAATTAAATGTAATTTTCTGTATTGGTGAAACAATTGAAGAAAGACAATCAAATAAAACCTTTGATGTTTTAAAAAGACAGATAGAAAAAGGTCTTGAAAATATTAACAATCCTGATGCTCTGGTTTTAGCCTATGAGCCTGTATGGGCAATTGGCACAGGTATGGTAGCTTCTCAGGCTCAGATTGAAGAAGCCCATGCATTTATTCGCTCTCAATTAAAGGAACTTTATTATGAAAAGGCTGATATGATTAGAATACTTTATGGTGGAAGTGTGACTCCTGAGAATATTTACTCTATAATGAATACAGAAAATGTTGATGGTGTTTTAGTTGGTGGAGCAAGCCTTGATCCTGTAAAATTTGCCAGAATTGTAAGATATGAAGAACAAAGGAGGAATGAATGAAAACACTACTTTTAACTTTTCATATAATATTGTGTATTGTTATGATTGCTGTTGTATTGCTTCACAGAGGCAAAGGGGCAGAACTAGGACCTGCTTTTGGAGGAGGTTCATCTCAAACGCTTTTTGGACCAAGAGGTGCAACTACATTTCTCAATAAAATAGCAACAATTGTAGCTGTGTTGTTTATGCTTTCATCATTCTTTCTGACTTATATTACTACAAAATCAAAGTCTATTGTGTCGGATGTAAAGGTTCCAGTTCAAACTCAGCCAGCACAACCGCCTTCAGGAGAACAACCTCAACAAAAATAAATGATAAAAAAATATTGTAACGTTGTTGTCTTTATAATATTGCTTTTTATTTTTTCTTGTGAAAAAGCTCCTAATATAAAAGAACCCTTTTCATTAACCTCTGCTTCATCAGCAGATGCAAAAAGACTTCTTCCT
CP144374.1_gap30	1025292	1026860	1568	ACATCAAGTATTCCGATGAGATTGTCAAGTTTGTAATATGAAGCAAGTTGTATAGCTTCCCATACTGAGCCTTCAGCCATTTCACTGTCGCCAAGCAAAACAAAAACACGATAAGGGAGTATATCAATATATTTTCCATTTATTGCTATTCCAGCTCCTATTGAAAGACCCTGACCAAGAGAACCTGTTGCTGCCTCAGCATATGGAAATGCTCTTACAGGATGACCTTCAAGTGGAGAACCAAATTTTCTTAATGTTAAAAGCTCTTGTTCTGTTAATTTTCCTGCTACTGTCCATAAGGAATAAAGAAGTGGAGCTGCATGACCTTTTGAAAATATTAATCTATCGTTGTTTGGATTATCAGGATTATCTGCATCAAAATGAAAAAAGCCTCCAAAAAGGAGGCTTGCCATTAATTCCACTGAAGAAAGGCATGATGTAGGATGACCTGATCCTGCATTAGTTGTTGAAAGAAGAATGTAATATCTTAAAAGCTTTGATAATTCTGCTAATTCCTTCACTTTTTATTTTCTGAAGTTTCACTTATAAGCATTTTTAAAAGTTTCATCCTGCTTGGATGTTTAAGCTTTCTTAAAGCTTTAGTCTCAATCTGACGCACTCTTTCCCTTGTGATCGAAAGATATCTTCCAACTTCTTCCAGGGTATGGTCTCTATCTTCCCCTATTCCGAATCTCATTTTGATAACTTTTTCTTCCTTTGGTGTAAGAGTTTTTAAAATTCTCTGAATATGTTCACTCAGTTCTGTTCTTTCAGCTTCTGCAACAGGAGAAGGAGAAGTCTTATCTCCAATAAAGTCTTCAAGCTCTGTATCTTCATCTCCAATTGGCGTTTGGAGTCCTATTGGATCCTGTATAGCTCTGAAAACTTCCTCAACTTTCCTTACAGGAACGCCGAGTTTTTCAGCAATTTCTTCATTACTTGGTTCTCTTCCAAGTTGCTGTGTAAGTTCACGAGATGCTTTTGTAACCCTATTATAAAACTCCATCATATGAACCGGGACTCTTATTGTTTTTGTTTGATCAATTAAAGCCCTTGTGATCGCCTGCCTGATCCACCATGTTGCATAAGTTGAAAATTTGAATCCTTTTTCATATTTAAATTTATCAACGGCTTTCATTAAACCAATATTGCCTTCTTCTATTAAATCAAGAAGAGGAAGCCCTCTGCCTACATAGTTTTTTGCAATGTTAACCACAAGTCTTAAATTTCTGGTAATTAATTCATTTTTTGTTTCTTCAACAAGACATTTTGCTTTATATATCTTTTGCCAGATATTTTTCAATTCATCTATCTTAAGCCCTGATTCGTTTTCAATCTTTTTAATTTCTGTATGAACTTCTTTATAAAGATTCTCCAATTGTTTTGTATTTTCACCGGATTTCTTTTTTTCATTTATAAGTTTCCGTAATTCTTTGATAGAACCATATTCTTTAATTTTTTCTTCAATTTTTTCAATGTCATTAATTAAATTTTCCATGCGAATAATAGTTCTACTTAGTGCCTCTTCTGCTTTGTCTTCTTCAGTTAAAGTTTCAACATCTTCTTCT
CP144374.1_gap31	1029800	1034703	4903	GTTCTATTTCACTCCCCTCACCGGGGTTCTTTTCACCTTTCCCTCGCGGTACTTGTGCGCTATCGGTCACCAGGACGTATTTAGCCTTGGAGGGTGGTCCCCCCTGCTTCCCACGAGGTTCCCCGTGCCTCGTGGTACTCGGGATACCGCTTCCCTTATACTTTCTTTTCGCCTACAGGGCTATCACCTTCTATGGCCCACCTTTCCAGGTGAGTTCAGCTAAGAAAGTATAATGGTACTTCTGCGGTCCCACAACCCCAATCCCATAGGGATTGGTTTGGGCTTTTCCCCGTTCGCTCGCCGCTACTGAGGGAATCTCGTTTGATTTCTTTTCCTCCGGGTACTGAGATGTTTCACTTCCCCGGGTTTGCCTCACAGGCCTATGTATTCAGCCTGTGATACCTGGAATTTGCTCCAGGTGGGTTACCCCATTCGGAGACCCACGGATCATAGCTTGTTAGGCAGCTCCCCGTGGCGTTTCGCCGCCCACCGCGTCCTTCATCGCCGCCTGGTGCCAAGGCATCCACCGTATGCTCTTAATATCTTGACCCACTCTTTTAATTCTTCTTGTCAAAGATCATGCAAAATTTATTATTCGGTAAGCCCCTATTAATATTCTCCTTAGAAAGGAGGTGATCCAGCCACAGGTTCCCCTACGGCTACCTTGTTACGACTTCACCCCAATCACCAGCCCCATCTTCGTTGGCTGCCTCCCTTGCGGGTTAGCTCACCAACTTCGGATGAAGCCAGCTCTCGTGGTGTGACGGGCGGTGTGTACAAGGCCCGGGAACGTATTCACCGCGCCGTAGCTGATGCGCGATTACTAGCGATTCCGGGTTCACGGAGTCGAGTTGCAGACTCCGATCCCAACTGAGAGCGCTTTTTAGGGATTGGCTCCCCCTCGCGGGTTTGCAACCCTTTGTAGCGCCCATTGTAGCACGTGTGTAGCCCTGGGCATAAGGGCCATGCGGACTTGACGTCATCCCCACCTTCCTCCGGCTTGTCGCCGGCAGTTTCCCCAGAGTGCCCGGCATTACCCGATGGCAACAGGGGATAGGGGTTGCGCTCGTTGCGGGACTTAACCCAACACCTCACGGCACGAGCTGACGACAGCCATGCAGCACCTGTGCTGGCTCCTTAGAGTTGCCCCTAAGGTCGTCCCCCTTTCGGGTTCCTACCACCAGCATGTCAAGCCCAGGTAAGGTTCTTCGCGTTGCATCGAATTAAACCACATGCTCCACCGCTTGTGCGGGCCCCCGTCAATTCCTTTGAGTTTCAACCTTGCGGCCGTACTCCCCAGGCGGGGCACTTAATGGTTTCCCTTCGGCACAGGATCCATATGGATCCCACACCTAGTGCCCACCGTTTAGGGCGTGGACTACCAGGGTATCTAATCCTGTTTGCTCCCCACGCTTTCGCGCCTCAGTGTCAGTGCAGGCCCAGAGGGCCGCCTTCGCCACCGGCCTTCCTTCCGATATCTACGCATTTCACCGCTACACCGGAAATTCCGCCCTCCTCTACCTGACTCAAGTCTTGCAGTATCAAAGGCAGTTCCACAGTTAAGCTGTGAAATTCCACCCTTGACTTACAAGACCACCTACGCGCCCTTTAAGCCCAGTGAATCCGAGCAACGCTTGCCACCTCTGTCTTACCGCGGCTGCTGGCACAGAGTTAGCCGTGGCTTATTCGCAGGGTACCGTCCTGTGTCGTCCCCTGCAAAAGGGGTTTACAACCCGAAGGCCTTCTTCCCCCACGCGGCGTCGCTGGGTCAGGCTTTCGCCCATTGCCCAATATTCCCCACTGCTGCCTCCCGTAGGAGTCTGGGCCGTGTCTCAGTCCCAGTGTGGCCGGCCAGCCTCTCAGCTCGGCTACCCGTCATAGGCTTGGTAGGCCATTACCCTACCAACTACCTGATAGGCCGCGGGCCCATCCTCAGGCGAATTACTTCTTTTACTACAAGCATTTCAGCTCGTAGTCTTATGGGGTATTAGCTCAGGTTTCCCCGAGTTATCCCCCACCTGAGGGCAGGTTACCCACGTGTTACTCACCCGTTCGCCGCTAACTATAAAAAGAGTTACCCCTTTTTATAGTCCGCTCGACTTGCATGTGTTAGGCACGCCGCCAGCGTTCGCTCTGAGCCAGGATCAAACTCTCATATAAAATTTGATACTGGCTAAATCTGTGAAACTCTTTAAGAATTATTATTAATAGGGGCTTACCGAACTTTTCAAAGATCAACTAATCAAATTTTAACTTATTAAATTAATTTTGTCAAGTACTTAGAAAGAACATTTAAATCAAATCAATTATAAATCCATCATAACTTATAAAAATAAATTTTGTCAACCCCTATACATTCCATCTTAAAACTGCCATTAGAAAATTATTGTATTGAGAGAAGTTAAAAATTTTTAGTAGCAATTCTTAACGAAACTGAAAGTGAATGACAATTTGTTTATTAGGCAATTTCAAGATATGATAAAAATTCAAAAATATGTTAACCTTCTTATAGAGGATAAAATTAGCAGGATAATGGAGAAAAAATGTCATTAGAAAAAATAATCATTGTAGCTCACGGAAGTCCTAAAGAAGAGGCAAATAAACTCAAAGAGTTTGCAAAGACTTTTGCAATAACTCTTAAAATGAGACCTGACCAGGTAAAATATGCCTATCTTAAATTTAGTAATCCTTCTCTTGAAGAAGTTTTGTTAGAATGCGTAAAAGAAAAAGCAAAAACAATTATAGTTCATCCACTTTTTCTTTTCTCAGGAGGCCATGTAATATCAGAGATTCCAGAAATTATTGCAAAATTTAAAAAAAATTATCCTGATATTGAAATTAATGTTACAAAACCTCTGGGTCTTCATGAAAAACTCATTGAAATCATAAAGGAAAGAATTGAGGAACTTAAACAATGCCTTTTATAAATAGAACTTCATAGGTAGCGTAAACTCCGCTGTGATTACTAAAAAATCTTTTATAGGTATCACAAAAATTTTTAAATGCATTTTTCCCTGAAAATTTTTTGCCTTCAGTATAGTTCGTTCCTGTAAGTTTATGAAAAATCAGTAAATCTCGAGGAGAATTATAAATTTCACGGTAATTTTTTACTTCATAATTAAAAGAAAATCCTGTTTTTTTAATTAGCTCAAAATAAAACTCAACTTTTTTTAAAGGAAAAACCGAGCCAAAACCTGTGATTTCTGAAATCTCCTTTAATTCTTTCAAGGTATTTGAAGTAAAAATAGAAAAGTAAAATCTCCCACCTTTTTTTAAAATTTCTAAAATTTTTATAAGATTTTGTTCAGGATCCTTAATCCAGTGAAGCGCTGAAGAGCTAACCATTAAATCAGCGATATTTTTTCTTAAAGGGATTTCTTCTCCGCTGGCATTGACAAAAAAATGATTACCCTTTAAATTTGTTCTAAGTTTTTTAAGAAATTCAAAAGAAATATCAATGTGAATATAGTTTTTAAAAGAAATAGACTCACTTAAAGGAATACTCAAAAATCCTTTTCCACTACCAATTTCTACGATACAGTCATAATTTTTCTTTTCAATTTTTCTTAAAAGTTCAAAGGCAATCTTTTTCTGTAAAATTCCGATTTTTTCATAAGTATCAATAGCTTTGTTAAAATAAAATTTGACAGGCTTCATTATTTAATTCTAACACAGCTTAAATTTTGAAGGTTTTTACGATACCTAAAAGACTTTCACTTTTAAGCTCTTCTATCAGAAAATACTTTGCCTGAAGCCATTCTGCAATTTTAACAGCAAAATCTATTTTCATAAATTTATTTTTCTTTTCAGTATCAATCACAATAAAGTCAACTGAAGTTAGATTGCTTAACATAAAACAAATGCTTCTGAGTTCATCAAAAACTGTTTTACCAGTCAAAGAAACATTTGCCTTTCCATCAGTAATAAGAAGAATTAAAAAACGACTCTCAGGCTCTTTAATTGCCATCCTTCGAATTAGTCTGTACGCTTCCATTAGGCCTGCTGAAAGAGGGGTTTTACCTCCTGTTGGAATTTCTCTAAGTCTTTTTAAAGCAAGTTCATGCGATGAAGTTGGTGGAAGAATTGTTTCTGCTCTGTCTTTTCTGAATAAAATCATTGAAACTTTATCTCTTTTTTGATAACAATCCATTAAAAGTGAAAGAATCGCTCCTTTTGTTTGTATCATCCTTTGCTCAACTCCCATAGAGCCAGAGCCATCAACAACAAATACTACAGTATGGCTCATTCTTTTTTCTTTTTCCTTGTATCTTAAATCCTCCTCTTTAATTATCAACAAATCCTTCATACCTCTAATTTTTTGAAACGCAGCAGCAGCCCTCACTGTTGCATCAATTGCAATATCATTTCTTTTATGAAGAAGACTTCTTACATATCTGCCTGCCCTGCCTTTTGTTTTTGTCTTTGTTCTTCTTCCAGTGGATTGCCTTAAAGTTCTGTCTTTTCTGAAGAAAAATTTTCTTATTTTATAACTTTCACCAACAGGAAAAACATCTTCTTTTTCAGATGATGGAGTGTTTTGCGATTTCCCGTGTTCATGATCTTCATCTATTCGAGAAGGAGTCTGATTTTTATTTTTTTGTTCTTCATCATTTCTTTCTGAGCTTTGAGAATTGTCGAATTGGTGTTCAGGCTCATATTCTGGCTGTTGGTGTAAAAGTTTTTTTCTGTGATTTAAAACAAGTGGAGCTACTGTGATAACATGCTTTTTTTTAACAAAATTATCTCCAAAATAAGCTGCATAAGCCTTTGATGCATATAAAAGAAAAATGTCTGCTCTGTGAGACAAAACAGCTTCTTTTAAAACAACTTCAGAAATAAACTCTGTTATCTCATCTATTACTTTAATTTTTTTTATAAACTCTTTGCTTTTTATGATTTTTTC
CP144374.1_gap32	1039891	1042450	2559	CAAGACAGACAATTTTAGCTTTCATGCTACTTTCTTTCAGCTTTTTTTCAATCTCCTCCCATACAGACTCGTTTGAACGATAGAAAAAAAGGATATCCGCATCTTCCATTTCTTTTAAAACACTGTTAAGTCTTTCAGGTTCATTTTCAACTACTCTTGCAGAGTAAACTTTGAGTGAGAACTCATTAATATTTTTTGATGCTTTAAGAAGCATATTATAGTAACTTTGCCATACAACTGCTAAAATTTTTAACATAAAAAGCCTCCTAAATTATCGGACAGATTATGCTATGGCCATCAATAAAGCTTCTTTTCACATCCACACCATAAACCCTTTTTATCAAATCTTCAGTAATAATCTCACCTGGAGCACCCTCTGAAATTATACTGCCAGAGTTAATTACAACCACCTTGTCTGAAAAAAGTAATGACAAATTAGGATCATGAAGTGTCATAATTATCGTAAGAGCTCTTTGAATGGCTATTTCCTTAATTTTCTTAAGCACATTTATCTGATTTTTAAAATCAAGATGACTTGTTGGCTCATCAAGAAGCATAACTGGTGAGCCCTGTGCAATTGCCCTTGCAATAAGTGTAAGCTGACGCTCCCCTCCACTTATTTTTGTGTAAGGAGTATCTTTTAACCTTCCAATTCCTACTATTTCCAATGCCTCTTCTGCTTTTTCATAATCCCTTTTACCAGGAGATGAAAAAACGCCAACATAGCTTGCTCTTCCCATCAAAACAACATCAAAAACAGAGTATGGGAAAGGTGGTTCATGCTCCTGTGGAACAACAGAAAAAAAACGAGCCCTCTTTCTGAATGAAAGCCTTTCAACAGAAGCTCCATCTACTTTGACTTCTCCTCTGTAATACTTCCACAGTCCTAAAATACATTTAAAAAGTGTAGTTTTTCCAGATCCATTTGGTCCAAGAATCGTGGTTATAAAGCCTCTGTTTGCAGTAAAACTCACACCTTTTATTACATCACTACTACTACCTTTATGTCTGAAAAATAATTCTTTAATCTCTACCATCACTTACCCCATGCTTCTTTACCACCTTTTTTCATTAAATATACAAAGAATGGAGCACCTGTAAGAGCTGTGATTATTCCTACAGGGATGTCAAAGCTTGTAAGTGTACGAGACACAGTATCTGCAGCAATCATAAAAGATGCTCCTGCTGTAAGGCTTAGTGGCAGAAGTGTTTTATGATCAGGTCCTGTAAGCATTCTTACAAGGTGTGGAACCATGAGCCCTACCCATCCAATAATTCCGCAGAGAGATGTGGCAACTGCTACTGAAAGTGTTGAAAATCCTATGAAAAGAAGTCTGTCCCTTGAAATATTTACTCCTAAGGCTTTGGCTTCCTCCTCTACCATGCTCATAACATTAAGCCTCCATCTCATGAGAAATATTGGAAAAATTCCAGCAAGCACCCCTAATCCAGCAATTCTTACTGCCTTCCAGTCAGCAAGACAAAAGCTTCCCATTAGCCAGTAAACAATGCTCTGAAGCTTATGAGGATCAACAATAAACTTCACAATTGAAACCATTGCTGTAAAAAAAGCTGAAACAATAACACCTGATAGAATCAACGGAAGACGGCTTACTTCACCCTGTGTTCTTGCAACTGTATAAGCAATAATTACTGCAGTAACAGCAAAAACAAAAGCCATAAACTGAATTGGAAGGTAACTTAAAAATCCAATTGTTATAGCACATCCAAAGGCTGCACCTGCTGAAATTCCCAAGATAAAAGGGTCAACAAGGGGATTACGAAATATACCTTGAAGTGTTACACCCGCGCCTGAAAGTGTGGCTCCTACAAGACCAGCTAATATAATTCTTGGAAGTCTTATATCTAATATAATTGCTTTTTCTGGAATCTCTCCGATATCAAATATATGCACAGTCTCGTTTAATAAAATTTTTAAAACCATCAAAGGACTAATTCCATAAGCACCAAGAAAGAGGGCTATCCATCCTACAAAGACTGGAGAAATTAAAATTATCAATGCCTTAATAACCTTCATATTGTCTCACTTTATAATAAGATATTCCGAATACTTTTCTGTAGAAGTTATCAGCCAGCTTTTCAAAATTAATGTCTTTGAATGCTTCTGGATAAAGCTTTATTGCCATATAAAGAGCTATTGGTGCAAGTCTTGGAGACCATGTTGACCATTTAGGAAGCTTGTAAACTTTATGCTCTTTTACTGCCTTCACGAATCTCCATTGAGAGTTATTGTATAGCCATGATTCATTGTATCCTGCCCCACCCCATATAAAAATCACATCAGGATTCCACTGAATTATCTTTTCAATAGATATATCCATGTTTCTCTGATTTATTGATTTAGCAGAATTTAGTCCTCCTGCAATCTCAATAACATCGTTTGTAACACCAACTGCACCTGAAACAGTTGTTGGCTTTCCTCCAAGATGTATTGCTTTTTTCCTTTTATCAATAGGGATTTTTGATACCCTGCTCTTAATAAGCTTAAAAATTTTCTCCATCTCAGCAATAACTTCCTCTGCTCTGTTTTCTTTACCA
CP144374.1_gap33	1048966	1050381	1415	CAAATAAACAGTGTTTTCCTTGTTACTGAAAAAACTTTCAGTATTGATAAGATTAGCTCAAATTATCCTGAGTATTCATTGATTTTCAATCATTCCTATATCTGTGAAAGTTCCTTTGCCTATCACAGTCTTGATGAAGCTTTTGAACACTGGCAGTTCAAATACAAAAGAGAGCTTTTCAGCTGGGAAAAAGAAAACTTAATGAAATCACTTTGTTTTGAAAAAGATCATTTCTGGCTTAAAGACCATGCCTTTGTAAATATATTTTACTGGAGGAGGATAAAATGAGGAGATTGGAAAAGCAGACTCCTTTAGGTACACCAAGCTTTTTACTTCTATAAAAGTCTTTGAAAATTCATAGTCAATATGTCTTTGTCCTCTTTCAGTTTTAGCATGGGGAGACATTCTTTCTCCAAAAAGACTGTAGGGCTTAACCTCCAGATAAATTTTTTCTTCATTGCTTTTAGAGACCCTTACTTCCTTAGAGAATACTTGAAAATCCCTGTTTGTCAATTAAGTATGGAGTAAAACATATTTCCCTTCTTTTTACACGCCAAAACAGTAAATGGAAGCTTTTGGTCCAGAGGCAGAAGACTTTTTTGAGTAGCCGTTGATTTTTACGGCTGTATCTGAGCCACTTTAACTATTAAAAATCTCTTGACAAATTTTTTTAAAGTGGATAAAATTAATCAACAATAAATTTTAGGAGGGAGGTATGGATACAGTTTTATTAAGTAGGCTTCAGTTTGCCATAACTGCAGGTTTTCATTTTATTTTTGTTCCTCTTACATTAGGACTTTCGGTTCTTACAGCTTACATGGAAAGCAGATATGTGGCAACAGGAGACAAGGATTATCTGAGAATGGCTAAGTTCTGGGGAAGGCTTTTTTTAATTAATTTTGCCTTAGGAGTTGTTACAGGAATTACTCTTGAGTTTCAGTTTGGAATGAACTGGGCAGAATACTCCCGTTATGTTGGTGATATTTTTGGTTCACCTCTTGCAATTGAGGCAACTCTGGCATTCTTCCTTGAATCAACATTTATTGGCGTGTGGATTTTTGGATGGAACAGAATCTCTCCAAAGCTTCATGCTCTTTCAATATGGCTTGTGGCAGCGGCAACAAACTTGTCTGCTCTGTGGATTTTGATTGCCAATGGCTGGATGCAACATCCTGTAGGATATGTTTTAAGAAATTCAAGAGCAGAGATGGTTGATTTCTGGGCAGTTGTAACTAATCCCTATGGAATATTGAAATTCTTTCATACTGTAATGTCAGGCTGGGTCGTAGCAGGATTTTTTGTTCTTGGAATATCAGCATATCATCTTTTGAGGAAAAATGAAACAGAGTTCTTCAAAAAATCTCTTAAAATAGGAGCCACCTTTGCTCTTATAAGTTCAATTTTAGTTGCTTTTG
CP144374.1_gap34	1057582	1062321	4739	AATAGCAGTGGAATACCTAGGTGTAAGATCCAAAAACAAAAAGATAGCACACAAAGAATATGTGATTGCTGTTGAACATACCTCTTGACATACTTTGCTTACGTATGTTACTATGCATATAGTAGCCCTTGGCTACAAAGAAAAAAAACAAGAGAAAGGAGGTATGGCCAGAGACAAGGGACACAGGAGGAAATACCAACCTATACCCTGCAGTAACAGGGTCAAAATCCCGCCAATTAAACCTACCGGGAAAATCAGGAGGAAGCAAAAGCAAAGCATACCTGCCACTGTAGCAGGTTTTTCAAAAAACTAAGAAACAAAGCCTGTCCTACAGGCTCTCAAATCTGGGGAAGTGGAGGCAAAAATAGAAGTTACCCCATTTAATGGGGTTAAATCCCCCTACCTGGCCGAAAAAAGGCCATGGAAATGCAAGAAATCGACTGGCAGGAGATTGAAAACAGCGTAAAACCGTATTGTGTGGCAAGATGGAACGGAGATGGAGAGGATATCTACCATGACGCTGTGGTAATACTTTTAGAAAAGATCCGGTCTGGTGAATTTGTATACTCTAGCAAAGAACAAACCATATCATATCTGTTAGAAACCGCAAAAAAAATAGCTCGTAAATACCAACATAGGGAAATACCCTTTTCAGCATTAGAAATTTCTGATTTTGCGGATTCCACAGATGTATCAGACAGGGTATGGGAAGCACTGGCAAAACTATCCCCTCAGAGCAGAACACTATTAGAAATGTGGTCACATGGGTACTCTATATGTGAAATCGCCGATGTGACGGGAATGACCTATAAACAGGTGTGGATGTATATAAATAGCGCACTACAGCTACTCAGAAAACACTTTGGCATATATACCACTTCATCTTCACATACAAATTCATCCTCACATGCAGAACAGCTAACACTATGGGGGTGAGAAAATGCTAGAGCGGGTAAGCATTGCAGAAGCAAAAGAAGTGGAGATAGATTTCATTCTGCCAGGGTTGACTGCTGGGAGCGTAGGTATGCTGGCTGGCGCCCCTGGTGTGGGAAAAACTATGCTAGCTATGCAGATAGCTGTCGCAGTGGCAAGCGGAAGAGACGTGGCATACGGGCTATGGAAAGTCCATGGGACAGGACCTGTCACAATGATATGTGCTGAAGAACCGGTAGATATACTGTGCAACAGGTTGCATTATATTAAACTGAGCGAAGGTATTACACAGGAAGAAGCAGAAGACATAGATCTAAACCTACACATATACTCTGCGATGAAAATAGACACTCGCATAATTGTCACGTCCAAGGAAGGCCCAATAGAAGGGCCGTTTCTATCCACACTAAGACAACTGGCACTAAACCAAAGGCTCGTAATTTTAGACCCTTTGGTAATGTTCCACGATTGTAATGAAAATAACAACGTAGAAATGTCATACCTGATGCGGGTTTTAAAAAACATATGCATAGAAACACAAACAACAATACTCCTGGTACACCACTTTCACAAAGGGGGTGCATATGACAAATCATGGACAGCAGTTAGAGGTGCATCTGCTCTCACGGCGGCCGCCCGATGGCAGATGAACTGCTTCAACGAAATAGTGCCAAAAACCAATGTTCAGGTAGTGCGCTTGGAAATTGTGAAATCCAATTATGTTGGAAAGATACAAAAAGAGTGGACTATCAGAACCAACGAACATGGCGTATATGATGCTAGACTCCCTATTCCTATGCCTGAAGACCTTGAAGACGATGAAAAACCTATAAAAAAAGTCAAAACTAACAAGTACAACGGAAGGTATGAAATATCTGAGGTGTTCTAACTTCCACAGGAGTGCCACAGTCCACCCTGTGGCACTCCAGAAGTAGAACCTGGCAGAACAAAACACTTGGCAGTTATCTCGAAAAGAGACACTTGGCAGTTATACCAAAAAGCCATCGTGTTGTGAAAAATGCACACATTTTAGGCATTTTAGCAATTTTTTAGGACATAAAAAATATATTTATATTTAAAATATAAATATATTTTTATAGCAGAGCACCCCTATTTAAAAAAGGGGTGCTCTGCTATAAATAAAAAAATAAAAATAAGGGGGGCGGTAAGGCTTACTTTAAAAGAGCCTTACCGCCCCCCTTTTAAAGAATTTTTTTTAAATACTCAAAAATAACAGGTTTACTCCATATTCATGGGTTTTACCCATATAAACAGGTATCACCATATACCCTGGAAATAGTGTAAAGCCATGTTTGTTTGATTTGCATAGCTACCAGATGAACGCCTGATGAAACCAAGCATGCTGTTTGGCACAGCCAGCCAGGCTCTCTTAACGAGAGCCTGGCTGGCTGTGCCTATGGTGCCATAGTGTGTGATTATATTTGCCAGGAAAAAACCAAATGAAAAATGCATATATATAGAGAGGAGGTGCAATATGGAGGAAAAACTACTAACGTCTCAAGAAGTAGCTGAAATTCTAGGTATCACTATGCACAGACTTTATACCTGGACAGCACAAGGAAAAATTCCTGTGATAAAGATATCCCGAAAGATGATACGTTTCAGATGGTCTGACATTGAGCAGTGGCTTCAAGAAAAAACAGTTTTACCGCAGGCACAGTGTAGAAACACCAGGAGTGTTGGTGGGAAAGGCGTAGATATAGACAGGATAGTTGAAAACGCTAAGAAGGAGGTGGGAATATGAAAGAATTTGTGGAGCTTATGAAAGACAGAGAAGCCAGAAATAGAATAATACGACATGTGTTGCTGTGGAGCATTATCGGTATTGGAGGGTTACTGGCATTCTGGGTTTTTGTGTTTGTAATGTTCTTGAGGTGATCGATGGTAACAATAGGGCATGTATATGCTTCTATGACCGATTATGCCAAGGATAACTACTATTTACGGGATGAAACTACAGGCAAAATATCTGAACCAGAAAAAATTGGCGAAGGGTGGAAATACTTTGGTGACGTGCGCGTACGTATAGATGAGGGGGTATATAAAGCGTTGAAAAATGGTTGTTCCCCTGTCAACGGGGAACAGCTTGTTAAGGTTGGTGTAAATGGTGAACACCGCCCCGGGTGGGATATAGTTTTTGCTCCTCACAAAAGTTTTTCTGTCTACGCCATGACTTCTCCAGAGAACCGCCAGTTGGTTCAGAAAATTCATGACATGGCGGTAGCAGATACATTGAATTATCTCGAAAAAAACCTTATTCAAGTGAAGCAAACACATGACGGTGTAACCATGCCCACTAAAACTGGCAACATGGTAGCTGTGAAGGTGGATCATACTGTGAATAGGGAAGGGGATGTAAACATTCATTCTCATGTGGTAATTTTCAACATGGCATACAATGAAAACACCGGCAAGTGGCAAGCTCTCCATTCTGACGCATTTCATTCTGATGTTTTGCAACGAGTATACGAAAACCAGTTGGCATATCATGCCAAACAGGTTGGGCTACCTGTTGCATTTGAACTGAGCCAGTCAGGGAAGAGTGAGTATACCACAATTGCTGGGATATCCCAGGAGGTTATAGAAGCTCATTCACAGCGTGTTGTTGAAATCAAAGAGTATTTGGAGAAAAACATGGTGGAGTTGCAAAAAAGATACCCAGATGCTAGTATGGGTGAACTCAAGAGGATAGCTACTATTGAGACACGGCCAGAAAAAATACCAATGACCATGGAGCAAATCTTGCAACGGTTCGAGCAGAATAACCAAACAATAGGCATAACCACGCAAGATATATTGCTCGGTGTAGAACGCGCAAAAGAACAGATGAAGGAATATATCCCAATGACCGCATATGAAATGGCTAAAACTGCTGCAGATGCGATAACTGAGCACCAGTCGGTTTTTTCACAGCAGGACTTAGTGAAGACAACAGTTAACCTTAGCAGAGGGGATGTCTCAGTCCACGATATAATGGCCACTATTAACGATATGAAGGATATTGTAATGCTCAAAAGTAGCGAGCTGGTTAAAAATGGTGGCAGAGTATATACTGATGCAATATACACCACTTTAGAAGTTCAGAAGGCTGAGAAAGATACCATCAGAATAGCCCGTTCAATGCAAAGTGATATAGTTATGTCCAAGGAAGATGTATCATCTTTCATTACACAGAAAGAGGCAGAAGGCGTAAAATATACAGAGTCACAAAAAGAGGCTATAGAACACATCCTAACCTCTGAAAATGGCGTGATACTCGTTCAGGGTGATGCAGGGACGGGAAAATCAACAGCCATGGCCGCAGTCCGAGAGAAGCTGGAGTCTATGGGATACACAGTGAGAGGTTTTGCACCAACGGGGAAAGCTACGGAGGAGCTGAGGATTAATGCTGGCGTTGAGAAGTCTCAAACATTGCATTCATTTTTGCATGGATACAAGCCTACTACTTCACCCCCAGTTGTTGCGGATAAAGAAGAATACGCCAGGATGGCATCTCGTTTATCCGAAAAAGAATGGGAGAAACTAAGACAGCCCGTGTCTGAAAAGGATTTACAGAATGCCATAAAAGGTAGTTGGTTTAAGGATACGCACCTTAAATATGACAGCGAGATAAAGGTTATGACAGTAAAGGCTGAAAAGAGCCTGTGGGATGTATGGAAAAATAGGGTTATGAATGAGTTCCGAAACTTTAAAAATGAGATACTATCTAAGATTGGCATGCAATCCACATATAGAGAGGTTAACAGAGAGTATATGGTATACACCAAATATTCAGACGGCACTAT
CP144374.1_gap35	1181191	1185206	4015	ATTCCTTTGCAAAAGTGCCATTTTGAATTTCTTCAAGGATTTTTTTCATTTCAGCTTTTACAGATTCATTGATAATCCGTGGTCCACGGGTTAAGTCTCCATACTGGGCAGTATTACTTATTGAATAACGCATTGTTGATATACCACCTTCATAAATTAAGTCTGCAATGAGTTTTACTTCATGGAGACATTCAAAATAGGCAAGCTCAGGAGGATATCCGGCTTCAACCAGTGTTTCATAGGCTGCAGTTATAAGAGCAGTCAAACCGCCGCATAGAACAACCTGTTCACCAAATAGGTCAGTTTCTGTCTCATCTTTAAATGTTGTTTCAATAATTCCTGCTCTTCCACCACCAATACCCACTGCATATGCAAGGGCAACATCTTTCGTTATGCCTGATGGATCCTGATATACTGCCATAAGACATGGAACTCCCATCCCTTTTAAATATTCACTTCTTACAAGATGTCCTGGTCCTTTTGGAGCAACCATAAAAACATTTATATCCTCTGGAGGAACTATCTGCCCAAAGTGAATGTTAAATCCATGAGCAAAGGCAAGAAAAGCACCTTTTTTCATGTTTGGCTGTATTTCTGTTTTGTAAAGCTCTGGCTGGAGTTCATCAGGCGTAAGAATCATTATTATATCTGCTATCTTTGAGGCTTCAGAAACCGTCATAACAGTTAGCCCAGCATTTTCGGCTTTTTGCCAGCTTTTGCCTTTTCTCAGTCCAACAATGACATCAAATCCACTGTCACGAAGATTATTTGCATGAGCGTGTCCTTGACTGCCGTATCCTATTATTGCAATTTTTTTACCTTTAAGAACATCTGTGTTTACATCAACATCATAATAAATCTTCATTATCCCACCTCCATTAGAGATTTAACAATTATAACACATGCATTATCCTGTTAGCTAATTGCAGGGTAAAATTGCCGATCAGAAACTCACTTTCGCTTCCTCAGAGATTTTTTGACAGCTAAAGTGGCTAAACACAGTAATTTCCTAATGGCAATTTTAATTGTCTTTTAGTTAGTTGACAATATTTGAATGACCAATTATGATAAAAATCTATGGACAAATTGAATCTGGAATCTCTTCTAAGAAAAAATATTCAGAAACTGAAGCCATATCAGGCAAAGGAAATTCCGTGTAAAATTAAGCTTGATGCCAATGAATCGCCTTTCCCTGTTAAATTGTCCGATTTTATTTCAGAAATTAATATTCATCTAAACAGATATCCTGATCCAGAAGCCATTTTGCTAAGAAAAGCTCTTGCCAGAAAAGTAAAACTCAGCCATGAAAACATAATGCCTGGAAATGGTTCTGATGAATTAATTTATTATCTTATTCTTACTTTTGGAGGGCCTGTTCTTTATCCAGCACCTACCTTTGCAATGTATGGAATAATAGCTCAATCAGTTGGAGTTGAAACAGTTGAATGCAGTCTTGATAATAATTTTGATATAAATGATGAAGAATTTTTGAAACTAATTAAATTAAAAAAACCGCGTTTAATTTTTCTCAGCTCTCCAAACAATCCCACAGGCAATACCTTTTCAACTGATAAAATTTTAAAAATCATAGAATTTGCTCAAAAAAATTCATCAATCGTAGTGATTGACGAAGCATATCAACCCTTTTCAAGTAAAAAAGGATTTTTACCGTTTTTGAAGGATTATGATAATCTCTTAATTTTAAGAACACTGAGCAAAATCGGATTTGCTGGATTGAGACTGGGATATCTTATAGGAGAAAAAAATTTCTTTTATGAAATAAACAAGGTAAGACTTCCCTATAATGTGGACTCCATTACCCAGTATGTGGCAACAGAGGCTCTTAACAGGTTTTATCCGCAGATAAAAAAATTCATCTGTCAGATTATAAAAGAAAGACAGAGGCTTTACAGGGAACTGTTAAGGATTCAAAAGATAAAAGTTTATCCATCGGAGGCAAATTTTATATTATTACAAATTGAAAATAGCAAAAGTATTTACAGGAAGCTTATAAAGGCTGGAATTCTTGTAAGAGACCTCTCTTCAGTCATAAATAATGCCTTGAGAATAACAATTGGAACAAGCGAAGAAAATGAGGAATTTTTAAAAACAATAAAGAAAATATTAGGAGAAACCTGATGAGAAAAGCCTCACTAAATAGAAAAACAAAGGAAACAGATATTAAAATGGAATTCAACTTAGATGGAAATGGACTGGCTAATATAAGTACTTCCATTGGATTTTTAGACCACATGTTTGAACTTTTTGCTTTTCATGGAAACTTTGATTTAACTATTGAGGCAAAAGGTGACATACATGTAGATTATCACCATTTAATTGAGGACATAGGAATTGTCTTAGGTAGATGCATTGATAAAGCGCTGGCTGACAGGAAAGGTATAAAAAGATACGGTTTTTCATCAATTCCAATGGATGAAGCACTGACTCAAGTATCATTAGATCTTGGTGGTAGATCTTTTCTTGTTTACAATGTTCCATTTGAAGGATATATAAGGGATATTGACATTGGACTTTTTGAAGAGTTCTTCAGAGCAGTTGTCAATAACGCAAAAATAACTTTACATGTGAATGTCCTTTATGGAAAAGATCTTCATCATGTTATTGAATCCATTTTTAAAGCCTTTGCAAAAGCAATACACGAAGCGAGCAGAGTGATGGGAGAAATTTTGCCATCAACAAAAGGCACGCTATGAAAGAAGCCTCTCTTAAAGTATCAATTCTTAGTCATACACCAGACCCTGAAGAGGTAGTTGCTCTTTCTGCAAGACTCTGTTACAGCCCGGTAGGGATTGATGAATTAAAAAAAAAGTTAACAGAAGATGAAAAAGAAAGATTAATTAATCTTTTAAGAGAAAATGGACATCTCAGTCCTTTTGAACATGTCAGTTTCAGTTTTGCTGTTGAAGGAATCTCAAGGGCATGTTCTCATCAACTTGTAAGACATAGAATTGCCTCTTACAGTCAACAATCGCAGAGATATGTAAGTGAAGAAAAAGGCTTTGATTTTATAATTCCACATACAATAAATGAAAATGAAGAAATAAGAAAAATTTTTCTTGAAGCAATGCAAAAAGCTCATGAATACTACTGCAGAATTCTTCAGGCGCTGGAAAAACAGGGATTAAAAGGAGAACTGGCACGACAGGATGCAAGATTTGTCCTTCCAAATGCTGCTGAAACTAAAATAGTTATTACAATGAATGCAAGAGAATTACTTCATTTTTTCAGAGTTCGATGCTGTAATCGTGCTCAATGGGAGATAAGAGAACTTGCAACAGAGATGTTAAAACTTGTAAAAAAAATTGCTCCAAGAATTTTTAAAGACGCAGGACCTGCTTGTGTTAGAGGACATTGCCCAGAAGGGAATTTCAGCTGTGGAAAAATAAAAGAAGTAAGGAAAAAGTTTAAAAATTTGTGATATAATGATTTCATGAGTGTTTTAGATATTATAGGAAATACACCACTTATAAGGCTTGATAGAATTAATCCAAATCCGAAAGTAAAGCTTTACGGAAAATTTGAAGGAGCAAATCCTGGTGGTTCTGTTAAAGACAGGACTGCTTTTTATATGATAAAAGAAGCTGAAGAAAAAGGCTTACTTACAAAGGATAAAATAATACTTGAACCAACTTCAGGCAATACAGGTATAGGGCTTGCGATGATTGCTGCAGCTAAAGGATACAGGATAAAACTTGTAATGCCTGCCTGTGTAAGTGTGGAGCGTAGAAGAATTCTTGAGGCACTCGGTGCAGAATTAATTCTCTCTTGTGCTGAGGAAAGTACTGATGGAGCAATAAGGCTTGCATATCAGATATATGAAGAAGCACCTGAGCTTTATTTTATGCCAAATCAGTTTGACAATGAAGCCAACATAAGAGCTCACTATGAAACAACTGGGAAAGAAATTATAGAGCAAACAAAGGGTGAAGTTACCCATTTTGTAGCAGGGATGGGAACAACAGGAACAGTTATGGGCGTAAGTAAACGCCTAAAA
CP144374.1_gap36	1191991	1195208	3217	CCTTACAAAAAATTCATCGTTTTCAGTTGGTTTAAGGGATACATTAAAATCAATAACTGCAGAGCCACGATCCTTGTTTTCAACATTACCTTGAGCTTTGTTGAGCCATTGATAAACTGTTGTTGCTGAACCTGAAATTGATAGCCACTCTGTAATGTCAGCTGCATAGGAATTTAAAGAAATAAATAAAACAAATAAAAACGCAAAAAAACAACTTAAACTTTTCATAATGCTTCCTCCTTTTTTTGTTTTAAAATTAGCTTCATCTAAATTTCTACGACTTCTATTCATTTTTTAAACTCCTTTAAATTGTTATGATTATATAAAATATATTTTAGTATTTTAATTTTATAAAAATAATAAAAAATTGTCAAGATTTTTTAAATAGAGGAATATAAGGCAAGATTATCCATGTTTTGACCTTACCTTCAACTTCAATTAAAGCTATGTGATTTAAATACCCAGCTACATTAATAAAATCAGGAAATAAGCAGGAAATCTCAAAGCTAATGCTAACATATCCTATTCATTTGGAAAAAATCACTGTTTCGGCTGGATCAGTACTTGTAATAAGGATAGAACATCAAAATTCGTAAATAAGAATTAGGCAAATTGATAGCTCAGGTAAACTTTAGCTATGCCTTTCTGCTGGGCATATTTAAATACTTGAGGATTGACAACCTGATGAGTCACCATTAGGAGTATTTTTTCTTGAGCGTGAACTTTCTCTATTTTGCTTAATTTTTTTAAAAAAGCATCAATATCAGCCTTCTTTAGCTGTGTTTTTGCCTCGCCAACTATTATCAGTTCTTTGCCGTTCTTTCTTCCTTTACCAAATATATTCACTTCTTCATATCTGCCATCGGGAAGTTCAATGAAGTCTCTTATTAGCCTTCCTTCAACATCTATTCCAAAGTCTTCCATAAGAAGTTTTGGCAAATGTTTGTAAGCTTCATTTTCAAGAATGTAACCTACTGTATTTGATAAACCTCCAAGATGTTCTCTTGTTTTTTTATGTTCTTCTGTAAGCTTCCTCAGAGATTCTTCTGTGCGTTTTTGTGCCTCAGCAAGTTCTTCCACTCTTTGTTCTGTGCGTTTTTGTGCTTCTGAGAGTTCCTGGATAGCTTTATCAAGGCGAGATACTTCTTTCTGCATTTCTTTCTGTGCCTCTGCAAGTTCAGCAACAGTTTGTTCAAGACGTGTAAGTCTCTCCTCTGCATGCTTCTGTGCCTCTGCAAGTTCAGCAACAGTTTGTTCAAGACGTGTAAGTCTCTCCTCTGCATGCTTCTGTGCCTCTGCAAGTTCAGCAACAGTTTGTTCAAGACGTGTAAGTCTCTCCTCTGCATGCTTCTGTGCCTCAGCAAGTTCAGCAACAGTCTGTTCAAGACGTGTGAGTCTCTCCTCTGCATGCTTCTGTGCCTCTGCAAGTTCCTTTACATTTTTTGATAGTTCTTTTACGTTTTCTGAAAGTTCTTCTACAGCCCTCTTTAAAGCAAGAAAATCTTCTTTTTTAACAACATCACCGATTGTTTGTTCGATAAGTCTCAAAATTTTTAAAAAAGCAGTTCTAACTGCGGGATCAAGTTTTTCAAGCTCTTCTATTAATTCAATACCAAAAATCATACTATAAATATAGCACTTTTTATATAAAAAAATAAAACAATCAAAAACTCACACTGATGGATGACTCTGGAATGACTAATTTATCCTGATGATCACTTTGCCTGATTTTTTATTTCTCTCTTAATCTTATCAGCTTTCTCAAGAACCTTACTGTACATCTCCATTCTTTTCTGTTTGAGCTTATCTTTCATTTCAGGATATTTCAAGGATAGAATCTCGCACGCAAGGTAAGCTGCGTTTTCAGCTCCATTAATTCCAACTGTTGCAACAGGAACTCCTGGCGGCATCTGAACAGTTGAAAGCAAAGCATCAAAGCCATTTAAAGCACCTGAGGCTATAGGAACACCTATAACTGGAAGGGTTGTATGTGCTGCTATAAATCCTGCAAGATGAGCTGCCATTCCAGCAGCAGCTATTATTACCTCAATCCCTTTTTCTTGTGCTTGTTCTGCATATTTTTTAGCTCTATCAGGTGTTCTGTGGGCTGAGCAAACATCAATCTCAAAAGATACCTCCATATCAGATAAAACTTTCGCTGCTTTTTTCATTACATCAAAATCACTGTCACTACCCATTAAAATTAGAACTTTTGCCATTAATATAACCCCTTTGCCATTGCTTCAAGACGAGCAATTCTCTCTTCAATTGGTGGATGTGTGCTGAAAAGTTTCATCAGGCTACGACCAGAAAGAGGATTTACGATGAACATATGAGCTGTTCCAGGATTTGCATCCATTGGTATTGCCTGGCTTGCATAATGAAGCTTCCTCAAAGCATTGGCAAGATAAAGAGGATTACCAGTGAGCCTTGCACCACCAGCATCAGCTTCATACTCACGAGCTCTGCTTATCGCAAGCTGAATAATCATTGCAACAAGAGGTGCTATTATCAACATTAACAGTGTAACAATTGGATGACTGCCACCTTCCTCATCGTCAGAGGCTCTCCCAAAAATCATTGCCCATTGAGCCATTTGAGCAAGATAAGAAATTGCTCCAGCAATTGTAGCAGCAATCGTGCTTATAAGAATGTCCCTATGTTTTATATGAGAAAGTTCATGCCCAATTACTCCTTCAAGCTCCTCACGGGATAGTATCCTCATGATTCCTGTTGTCACTGCAACAACCCCATGCTTTGGAGATCTTCCTGTTGCAAAAGCATTTGGCTGCTCAGAATCAATTATATAAACCTTAGGCATTGGAAGTCCTGCTCTTTGTGACAGTCTTCTTACAATACTGTAAAGTTCTGGAGCTTCTGCTTCTGTGACCTCTTTTGCTCCATACATGGCAAGAACCACCTTGTGGCTAAAAAAGTAAGCAAAGAAGTTCATTCCAAAAGCCATAATCAAGGCAATTGTAGCTCCATGTTTGCCTCCAATGACTGAACCAACAAAGATGAAAAATACTGTAAGAAAAACCATTAAAACCATAGTCTTCAATGTATTCATATTTTACACCTCCATTGTCCTAATTTTTGAGGATTTAATTTAAAATTAGCATAAAAAATCGTGGAAAGTCAAAAGCTCAATAAGTTGTTGCCACAGTCATTCCGATGTTTTTAAAGAAATTTTTCCAGAACTCGTAGGAACCTCTTG
CP144374.1_gap37	1212398	1215931	3533	TTATTTCAAGAATTGCTCAATTTAAGATAAAATAAAATTGTGAAGAAAGCTCTATTGTATTCCTGCATGTTTCATATTTCACTATTTATATTTATCCTGATTTTACAGGATTATTTTAGACCTGCCAAACCTCAAGAACCTGTCTCAGTAGTAATTGTGCCTGTAACTCCTCAAATGCCCAAATTTTCACCATCTTTCAAAACTCCTCCACCAAAACACCTTGAAAAACTTCCTCCCATCAGAGAATTAAAACAGCCAAAATATTTAAGTGCTATTCCAAAGGGAAATCAGGGACAAAGCACAGAGAAACAGAAAGAAACAGCTTCTTCAGGAAATTTGAAAACAGAAAAACACTTTAAAGAATTAACTCCTGCACAGTCTCCAGATATTTTTGATAAAGATGTAATTGCCAGGCTTTCAAGAAAACATCAAAAAAGTAAGGAAGTAGAACAATTACGAGGATTAAGTTTTTCAGCAAAAGAATTCAATGACTGGGGATATCTTGAAAGGCTAAAGGAAAAAATAGAAAGAGTCTGGCAGTATCCTCCTCAGGCTGCAGAAAGAGGTATATATGGTGATCTTTATATAAGATTTACAATTAACAAAAAAGGCAAACTTTTGTCTGTAGAACTTGTAAGGACTTCAGGTTACAGAATGCTTGATGATGCAGCAATAAAGGCACTGAAGGATGCTGAACCATTCTGGCCTCTTCCTGATGATTGGCAGAAAGACAGCCTTACAATAACAGGACATTTTATCTATACACTACATGGCTTTTATCTAAGGTAAATTCTGTCTGAATTCTCGGAGCATCAAGCCATAGTCTCTCAAGATCATAAAATCTTCTTGTTTCTTCTAAAAATATATGAACAATTACATCACCATAATCCATTAAAACCCAGTGAGCATAAGAAAATCCTTCTACAGAATAGGGTTTATATCCCTCAATTCCCATACTCTCTTCTAAATACTCCGTAAGAGCTTTTACCTGTGTTGTACTTTCAGCAGAACATATGACAAAGTAATCAGTGATTATAGTAAGATCTTTAAGCTCAAGAATCGTAATGTCCTGTGCTTTTTTATCATAAAGCAATTTTGCTGTTTTTAAAGCCTTCTGTTTTGAATCCATCTGTTTAATTATATCATATTTTTTTGATAAAACTTCCATTCAACTAAAAAACTTACCAGAGAAACTGAAACAATAGATGCTGTTTCTGCCTTTAAAATTCTTTTGCCAAGCGATGCTATTTTTATATTGTTTTTTTCTGCTTGAACAACTTCTTTTTCGCTAAAACCTCCCTCAGGTCCTGTTAATAAAAATATATCTTCGTAAGGATTAATCTCAAAAATTATTTGCATTAAAGGATTTGTTGCCTTTTCCCAGAAAAGGATTCCATTTTTTATATTCTTAATTAATTCCGGGAAAGATGTTACATCTTCTACTTTAGGAACAATGCTTCTTCGTGCCTGCTCGGAAGCTTGTTTTGCTATTTTCCTCCATCTTTCAGTTTTACGAGTTTCCTTTACAACAGATCTTTCACTTACAAAGGGAATTATTTTTTTTACTCCCAGCTCTGTTGCTTTCTGTATGACCATTTCCATTTTTTCACCTTTTAAAATTGCCTGACATAAAACTATTGAAAAGGCATCTTCAGTGTGAAGTTCTTCCTCTTCAAGAACTTGTATGCTTCTGTCATCAATTATTTCTGCTTGAAAGTTTTTTCCTCTACCATCAAAGATTGAAATAATATCTCCTGCCTGACATCTTAAAACATTGAAAAGATATTTCTGGTCCTGACTTGAAAGCTTTATAATTTTTCCTGGAAAAATTTCACAGTATTGAATACATATTCTTGGCTTAGTCATTTAACAACTTCAGTGCCAACCCCTTTTTGGGTAAAAATCTCAAGAAGTAAACTATGAGGAATTCTTCCATCTATTATGTGAGTTTTTTTAACATTGCCTTCAAGTGCGTTAAGACAGGCATAAACCTTTGGAATCATTCCTCCAGTAATAATTTGCTGTTCAATTAATTTGAAAGCTTCTTGTATATTCAAAGTAGGGATAAGATTATTAATTTCATCGGTTATTCCCTGTACATCAGTAAGAAGAATGAGTTTTTCAGCTTTTACAGCTACAGCAATTGCAGAAGCTACTGTATCAGCATTAATGTTGTAGCTACATCCAGAATTGTCAAAGCCTATTGGAGCTACAACAGGGATAAAACCTTTATCCTGAAGACTTTCAAGTACCTCTATACAAACTTTTTCTATTTCACCAACAAATCCTAAATCAACTTCTTCATTGTTTATTTTCAAAAGCTTTTTCCTTGTTTTAAGCAATTTCCCATCTTTACCTGTAAGTCCAACAGCCTTGCCACCGTGAGAGTTAATAAGTTGAACAATTTCTTTGTTTATAACTCCTCCAAGAACCATCTCTACAATTTCCATAGTTTCTTTATCAGTAACTCTGTGGCCATGTATGAATTGGGGCTCTTTGCCAAGCCGTTTCATAACTTCTGTAATTTTAGGTCCACCCCCATGAACAACAACAGGCTTTATTCCAATGAAATTTAGAAGCACAATATCCTGAGCAAAGGCTTCTTTAAGCGAAGGATCTTTCTGAGCAGCACCACCGTATTTTATTACAAAGGTTTTTCCATAGAATTTTCTTATATAAGGAAGTGCTTCAACAAGAATGTTTGCTTTTTCAAGGAGTGCCTGGGATATATTATTCATTGAGTCCTTCTCAAAAACTCCTCTATATCAAATTCATTGCTTATGATTTCTTTTGCTTTCATTGCCTTGTCTTTTTCTCTTATAACAGCTTTGCCCATAAGTTTTTCCATTCTATCAACTGCTGTAAATGTATCCATAGGAGTAACAATAATCGGAATACCTTTAGCTTTAGCAATTCCTGTTACAGTTTCATTGACATGCATTCCTCCTGTAAGTATAAGGCACTTTGTTGATGTCTCCATTGCTACTATCTGGATGTCTGTTCTGTGAATTCCTGTTATAACTGCTTTATTCGGTATTCTTAAAAAGTATGAGAGAGCTGTTTCAGGATCCATTGCTCCAATTGAAAGATTCTCAACAAAATCATCAAGTTTATTCTCACAACAGACAAGCCCTCCATTTACTGCTTCCATAAGTCTTCTCACTGTGACAGCTTCAAGAAATTTATCTTTCTTAAAAACTCCTAAAACTTTTATCCCCTTTCCTTCAATAAAGGGCACAGCTTTTTCCCTGACATGATGAAATTGCTCAGAAGGCACTTTATTTATAACTGCACCAGTAAATTTTTCACTAATTAACTGTCTTATGCCGAATATATCATCCATTGCAAGCTCACTATCCCAGTGCTGAATTGCTATAACTCTGCCATCTGTTTCCTTTATTAAACTTATGGCATCAATTCCCAGTGTAAATCCTTCAAATATGTTATTTGGTCCAACAACTATTACAAAATCTTTATTGCTCTGTTTTGTAAAGGAGTTTATAACTTTTTCCTTTATTTTTAAATCACCGCCT
CP144374.1_gap38	1217898	1218996	1098	TTAGTGTTCATCACACCAAGACAATTGGGACCTACCATTTTCATTCCAGAGGATCTCACAATTTCTACTATTTCTTTTTCTCTTGCTACTCCATCTCCTCCAACTTCTTTAAAGCCTGCTGTAATAACAACCACACCTTTAACTCCTGCCCTGGCACAATCCTTTAAAGTTTCTGCTACTGCTTTGGCTGGAATTACAATTATCGCAAGGTCAACTTTATCAGGGATAGCTGATACAGAAGGATAACAGGGCAGTGAAAGTATTTGAGTTCTTGAAGGATTTACAGGATATATTTTACCTGAGTATCCATTAATAAGATTTTTAAGAACAGCATTGCCGACCTTTTTTTCTTCAGCAGATGCTCCAACAACAGCAATGGAATCTGGATTAAATATAAAATCAAGCATGGGATAATTTACCATAAGAATAAAGCCAAATGCAAAAGAAATTATTTATTTTTCATCATAAGTTTTTCTTTCACTTTAATAAGATTTGTGATTGTTTCATTTACAGGCACGGATAAATTGCATTCTTTAGCAAGCTTAACAATCGCACCATTTAATGCATCTATCTCAGTTTTTTTACCCTGCTTTATATCGTAATACATTGATGGAAAATGCTTTGCTGTAGGTGGAACGAGTTTTTCATAAAAATGCTGAAGATACTCTTTGTAGTCCTTCCAGTTAAGTTTTATCTTGTTTATCTTTACCACATTGAATATTTCTTCAACAATTTTATTCATTATTTTTCTTGTTTCTTCGTGCTCTGCCAGAGTGCCATAACTACATTCAAGAATTGCTCCAAGAGGATTTAATGCAGAGTTATAAAGAATTTTATCCCACAAGATAGCATAAACATCGTGAGATACTCTTGTAGGAAGTCCTGCTTCATTAAAAACTTTTGCAATTTCAATTAATTTTTCCTCAGGAACTGCCTTATCTGGTTGTCCCACAATTATATCATCAGCAAAAACAGTGACTTCAGCTGTGCCAACTTCAACAATTTTTGCACCAAAAATTATTCTTGAAAGAATAACTTTTTGTCTGCCAACAATAGAGCTTGCCACTTCATAGTTTCCATATCCATTTTGAGCAAGTA
CP144374.1_gap39	1230933	1235397	4464	TGATGAGATTAAAAAGATTATCATGGATGAAAAGTTTTCAAGATATCCTGCACTGGGAAAAGACTTAAATGACATCAGAGGAATACTTCATGCAAAGGATTTTTATAATGCACTTATTAAAAATCCAGAAACACTGGATATAAAAAGACTTCTAAAGCCTCCAATGTTTGTTCCTGAAACAATGAAAATTAACATTCTTCTTAAAGAGATGCAGAAAAAAAGAGTTCATATGGCATTGGTTGTTGATGAATACGGTATTGTAACTGGTCTTGTAACTCTTGAGGATATTATTGAAGAATTGGTAGGTGAGATACGAGATGAGTATGATACTGAAATGCCTGTAATAATGCTTGCAGATGGTTCAATGATAATTGATGCAACCATCTCAATAAGAGATTTAAAAGAAGACTATGGAATAGAAATTGAAGAATCAGAAGAGTATGATACTCTTGGAGGATTTATTCTTACAGCTCTTCAAAGAATTCCCCGCGTTGGTGACACTGTAAATGTTAATGGTAAAGTTTTCAAAGTTATTGAAATGGTAGGTCAAAGAATATCAAAGATAAAGTATGAACCGTTAAAAATGTAAACTCTATGACAAAATAGGCATTCTTCTGACAATGAATCTATAAAAAAGAATTATTAATGTAACAACTCCCAGAGAGAGCGCCACTTCCATCCAGGTAGGATAGTATTTATCAGAAAGAGGAATATACCAGTTGTAGGCAATGAGACTTACATTAAAACGATTAACAATTACTCCAAAAGCAACGACAAAGGCTATTACTCTAACTACTTTAGCATTATTTGTTTTTATTGCATTTATTAAAATCAATGCAGGAGTCATTACAAATCCGACAATTTCAAAAAGATACCAGTAGCCATAATCAGTATTTAGATAATGCCAGTTATCGTAATGGGTAAGGTCAAGAATTTTAAGAATTAAATATACAAAAAGCGATACAACAAGAGCCTTAGCAAGCCCTATTGTCTTTCTATCGAAGTCTTTTTCATCAAACTCTTTTATGTATTCTTTAAAGATTTTATGTGATATAGTGCTTTCAATTATGACCATTGAAATTCCAGCAAAAACTGCAGAGATGAGGAAAAACAACGGCAGTAATGCCGAATACCAGAGAGGATGAATCTTAGATGGTGCTATGAGAAACAGTATTGAATTTAATCCCCATGACCAGCCAATTACATAGGGAACACGGTAGTATCTACCAAGGTCAAACATCAATGCAAAGACTGCAAAAACATAACCAAGAAGACTTGAAAGAATTGCTGGACGAGCAAATTTTTTGTAGTCTTTTAGGCCGAAGAGATAAACTGCTGTGCCTACTGTAAGTCCCGGTGCTGCAAGGGCAATTCCTGCAAGAATGTCAAAGCTAATCCACAATCCCCATGGATATGTATCAGAGAGATTTGTTGCAGGACCAAGTCCATAAAGGAGCCTGTATGCCATTGAATAAAAAGAAAAGGCAAGAATTAAAAAGGCAATGAAAAATGGCAATGTAGCATGTTTTGAAACATACTCTTTAAAGTCCATTCCCAAAAGTATTTTTTCCTTAAACCAGCTATTGTTTCTCATTGCTCTGCACATCCTGTGATTCTTTTTTCTTTCTGTTTTTTGAAATCATGTAATAGGCTCCCCAAACAAGTGGTGCTGCAGCAATAATCTCAAGCACCTTTACTGTAAATAGAAAATTTTTACTGTAAGATGGAATAGGATTTTTGTCAAGCTTTGGAAATCCTAATTTTTCAAATGAAACTCCTGAAATATAAAGCCAGTTTGTTCCACCTGCTTCATGCTCTCCATAAACATGAGGTATATATCTTTCAGGATTTTTATTTATTGTCTCATAGGCAAGCTTCAGCATCTCATTTCTTGGTCCAAATCTTAAAGCATCAGCAGAACATATTTCTACACAAGCAGGAATCTGAGACTCTGTTATTCTATCAAAGCACATTGTGCACTTTGTAATCTGGGGTGTAATTGGATCATAGTATTCATAAGCTGGAATATCAAAAGGACATGCAATCATGCAGTAACGACAGCCCACGCATAAAGAAGGATTATAAAGCACTGCTCCATGAGGAGTTTTCTTAAAGGCATCTACAAAACATGCAGCCTGACAGGCAGGTTCAGTGCAATGCATGCATTGTTTTTTTACATAAACAGGGCGACCATTTTCGTAAAATCTATTAACAACTGTAAATGCTCCAGCAGAGGTTCTTCGTATTTTATCAAAGACTGAAGGTTTTTTATCTTTTGATTCCTCAAACTCTTTAATTGGCTTATTCGGATTTTTATTCCATTCATTGCATGCCCATTCACATCTTCTGCATCCAATACATTTTGTAAGGTCAACAAGCACAGCATAGGGCTCCTTTGGCTTTTGCTTGTCTTTTAATGCTTCATATTTTAACCAATTCTTTCTATTTGCAATGTTACCTGTTGATTTCACAGCTCTCTGAGATAAATCTGAAGGTGATTCTCCGTAAACATTTCCTTTTCCACCAATCAGACTAATTCCTGCAATTGTCAATATCCTCTTTAAAAATTCTCTTCTTTTCATACCGTGGTACTCCATAAACTCAATATCTTTTCCTTTCCCTTAGCATTCCCACAATAACAATAAATGCAAATATTGAAAGCACAGCAATGGCATACTCAGCTCCATGATGAGAAAAAAGCTGTTCAAGGATGTACATTTTTATATCCCTCCTTTTCTTTCATGACAATCAGTGCAGGTTTTTGGTTTCTGTAACTCCATGTTTTCATGACAACTAATACACATTCCATGATAAGCAGATTGAAGTCTTGGTCTTGCAGGCACCTGAGAGTCAAATGATACACTGTGGCAACTAACACAAAGAGGTGCTGTCTTTGCTTCGGCTTCTTCTTTACTTTTATGATGACAACCTTTACAAATTGTATTTAAATCCTTATGGAAATATGTTGCAACCTTGCTTTGATTTGATATTTCTGCAAGTTTTTTTACCATTTTATAATGAGGCATCTTAACAGGATTAAACTCCTTTTCAATATGTTTTATCGCAACTTCTTCCTTCACTTTTTGAGGTGAAACAATGAATGGAGCAACCTTTTCAATCTCTTTTTTACCACTGTGGCATCTGCTACATATTTCTTTGTTTGCCACCTCTGTTTTAACTGGTGCAATAAAGTAATGACAGCCAATGCATTCTTTCTTACTGGTTAAATTTCTATGACAGCCCTGACAGCTCATCTGCGAGTTTTGCGAATGATAGGCTGTAAGAATATTTACAAATCCACCTTCCTGTTTGCCTTTTAAATTATGACATTCTCTACAACTTTTTAGTGTTTCATGATGGCAGCTTCTACATGTCTTATTATTCTTTTCGTGAAACTCATGATCAAACGAAACTCCTTTCATTTTTGCTTCTTCAATGTTTATGAAGGCAATCTTTGGCTGATCCCTTTCAGGTCTTGGAATATCTTTAAGTTCCTCAATTGTTTTATATTTTCCTGTATGACACTTTGAACACTTTAGTGGTCCTGCTTCCTTAGCCTCTAACTTATTATGTAAATGACAGTTTAAACACAAGCTGTGAAAGGCTCTTTCAATATTCCAATTGTCCTGTTTTGCTATTTTTACTATTTTTGAAAGTTCCGGTCCTTTCTTCTTATTTAAATCATGACAGTAATAACAGGACTGCTCAGTTCCTTTCTCATATACCAGTGCAAGTTCTTTGTTTTTCTCTTCAATGTCATATATATGATGGCAAAGACTACAGTCTTTTTTTATGTTTTTTCACATGTTTGTCATGAAGGGAAAAATCAAACTCCACTGAAGGATGTTTAACTATCATATCATCATTTTCTTTCTTATGGCATTCCCTGCAGGAGAGAATTACAGGCCCTGTTTTAATTTTTTCAAAGCTTAATTTTTGATGACATCTCAGGCACTGCTCATGATAGGCATTCTTAAGCAGTGAAGAATCCTTTCTATCAATGTTTTTAGGAAACTCAAAGGAAAATTCACCGAATTTGTCCTGAACATGACAATCCTGACAAATTCTTTCATCAGGCTTTTTAAAAGCCTTTGTCAGAGCTTCAACATGCTTTTGATGTTCAAATAAGACCGTGCCATATTCAAGTCTGCCAAAATATTTCTTTATGTGCAATTGCGATAATATCTTTACCTGCCTCTGGGCTTTTACTGACAGGTTCTGAAGACAGCGAAGCATAGATACCTAATCCAGAGAAAACTACAAACAGCAAAATTCCTATAAACCCAATTTTCCTCATGCTCTCATCTCTTCAGGAATTTCCATTTGCTCTGCAATCATGTCTGTTAAAAACTTTACATGAACTCCAAGCTTGTAATAGTCATTTAAGTCTTCAATTCCCTTATGACAGGTATGACATGGTGCAATCACTATTTTTGCTCCTGTGTCTTTTATCTGTTCTGCCTT
CP144374.1_gap40	1273602	1277647	4045	CTCCAATCAAGGCTTACAACATCTACTTCTAAATCTTTAATGTGATGAAGAAGTCCTGAAGTATTAGAGCAGAAATAGATTACTGGAACATAGGATTTTAACTTTTCCACAATTTTTTTTACATATGGTTTACAAAATACTTCATAATCATATGGAGAAAGAATTCCAGCCCATGTATCAAAAATTTGAATAGCATGAACTCCTGCTTTTGCTTGCTCAATAAGATACTGAATGGTTGCATCAGTAAGGATTTCCATGAGATTATGAAAGCTCTCTGGCTCAGAGAAAATAAATCTTTTTGTATTTATAAACTCTTTTGAGCTTCTACCTTCGATAACATATGTTGCAAGAGTAAATGGAGATGCAGAAAAACCTATTAGTGGGACATCAAGCTCTTTTGTCAAAATTTTGATTGTTTCAAAAACAAAGTTTATAATTGGTAGTTCCACAGGTCTTAAATTTTTTAAATCACTGCCTGTTCTTACTGTTGGTGAAACCTTTGGTCCAGAGGAATCAGCAAACTCAATTTTAAAACCCATTGCTTCAAGAGGAATCAAAATGTCGGAAAAAAGAATTGCAGCATCAACATTTAAAATTTTTACAGGCTGCATAGTTACTTCTGCAGCAATTTCAGGAGTTTTACACATTGTGAGAAAATCGTATTTCTGCCTTATTTTTTGATACTCTGGCATATATCTTCCTGCCTGTCTCATAAACCACACAGGAGTGTATGTAGGTCTAATGCCTCTGCAGGCTTGAAGAAATGCATCTTTCATTCATATCTCCTTGGAATGTATTTACACTGGGGATCTTCTTCCATGTAATCATCTTTTAGACAATATGCACGAGCTCTACATCCTCCGCATACATTTAAATATTCACAGACTCTGCAACGACCTTTGTAGGAAGCAAAGTCTCGTAAATCATTAAAAAGCTTTGAATTTTCCCATATCTCCCGAAAACTCTGTTTTTTTAAGTTGCCTGCTGAAAGTGGGAAATAACTACAAGGCATTACATCTTCATCAACATTTATAAGACATATAAGCTGAGCTGCCACGCATCCTTTGGCTCCTCCTGTGGAAAATTTAAGAGACCTCCTTTCAAACTTTTCACCTTCCTGTTTTGATCTCTGCAAAATAACTCTATAATACTGTGGAGCACATGTTGGTCTTACAAGTATATCCTTTTCATTTTTTTCCATATCATAATGCCATTGAAGGATTTTTTCATAGTCTTCTTCATCTATGAGCTCATTAAGTAAATTCTCACCTCTTCCTGTTGGAACAATCATAAACATATACCATGCAGTTGCTCCAAGCTGTTTTGCAAGACGATAGGTTTCAGGGATTGTATGCTGATTTCTCTTTGTAAATGAAGAATTTATTAAAAAGGGGATATCATATTTTTTTAAAAGCTTTGTAGCTTCAATGGTTGCAGTAAAAGCACCTTTTTGCTGCCGAAAGTTGTCATGGGTTTTTTCATCAGGACCATCAAGACTAAGAGAAATCATTTTTATATCAACATCTTTAATTTTTTTACAGACTTCGTCATTAATCAGTGTTCCATTTGTAGCCATACATACTCTTAAACCTTTCATCCTACCGTATTCTGCTATTTCAAATACATCCTCTCTTAAAAGAGGCTCACCACCTGTAAGAACTATAACTGGTTGAGCATATGAGGAGATGTCATCTATAATTCTAAAACATTCTTCCTTTGAAGGATCAGGGTGCTTCATCACTACTTCTTCTGAAGAGGAGCGGCAGTGAATGCAGTGAAGATTACATCTACGAGTTATTTCCCATGCTATCCATCTTGGCTCAAATTTCATTTTTTATTATAATATTTTTTATGCAACAGAGAGTATCATGGAATTCAAAATTAGGTTTAATTCTTGCTGCAGCAGGCAATGCTGTTGGATTAGGAAACATTCTCAGATTTCCTTCAAAGGCTGCCCTTTATGGTGGTGGAGCCTTTATGGTTCCCTATTTTGTTGCTTTAGTTCTTATGGGATTACCACTGATGATTATTGAATGGGTTATAGGAAGATATGCGGGCAGACATGGTCATGGCTCAATGACTGGAATCTTAGGACTTTTTTTTAATCATGCAAGCTGGGCAAGAGTGCTTGGCTCCATAGGAGTTGCTATACCTTTACTTATTTGCATGTATTACATATACATTGAATCTTGGACATTGGGTTTTGCTTTTCTTTCTCTTTTCGGCAAGATGCCAACTCCTGTAATCAATTCTGATGCTCATGAAGCAGTCAAGCCCTATGTGAATTTTTTTAAAGAATATACAAAGCCTTCTATTATGGCTTATTTTTTCCTTGTTTTAACTCTTTTAATTAACTGGTTTATCCTCCAAAAAGGTATAAGACGAGGAATAGAAATTACAGCAAAAATTGGTATGCCTGCAATAATTGTCTTTGGAGTTTTTCTTGGAATAATATGCATTTCAGCAAATAACTGGAAGGGATTTGAAGGTCTAAAATTTATTTACAATCTTAATTTTTCAGGAATTACAAATCCTGTTGTATGGGTTGAAGCAGCCGGGCAGATATTTTTTACTCTCTCTCTTGGAATGGGAGCAATTGCAGTATATGCAAGCTATGTCAATCCAAAAGAGGATGTTATAAAAGCAGGAATATGGACTGCTCTAATTAATGAATTTGTAGAAGTTGTTATAGGTGCTTCAATTGCAATTCCTGCAGCATTTGCAATGTTTTCTTCAGTAGTAATTCCTGAACTTGCTCAGGAAGGCACATTCAGACTTGGATTTATGACAATGCCTGCTGTGTTTATGAGTTTTCCACTTGGATGGCTTATTTCATTTATCTGGTTCATGTTACTTTTCTTGGCAGCTCTTACATCTTCCTTAGCATTGATACAGCCTCTAATAGCTCTTTTTGAAGATGAGATGAAGTGGGGGCATACAAAATCTGTCAGTGTATCAATGATTTTTGTGATCATAGGAGCTCATTTTTCAGCTTTTATACCAAATTTTATAGACGAGCTTGATTTCTGGGCAGGCTGTTTTATGCTTCTTTTATTTGGCTTGCTTGAAATAATTATTTTTATCTGGATTTTTGGAATGAATAATTTTTACAAGGAGCTCACACAGAATACTAAAATAATATTGCCAAAGGCTTTTTTTTATGTTGTAGCTGTTGTTTCACCATTTTTTATTTTTTCAATTCTTTATTTCTGGGTAGTTAAAGATTTTAAAAATATAGTTTTTACAGAGGAGCCTACGAAAATTGTAGCAAGACTATTTATTTTGTTATTTCTTGTATTTCTGTCAATCATTGCAGTAAAAAGTCGTAAGATTATCATGAGAGACATAAGATACACAAAGGTGATGAAAAAGTGATTGTAAAATTGCACTCAAAAGAGGAAGCATTAAATTTTTTAGAGAAAACAGATTTTTATGATTTGCTTTTTTTGGCAAATTCTGGAAGAAAAAAATACAAAGGCAACAAAATAGAGCTCTGCGCAATAGTTAATGCAAAAAGTGGAGCCTGCCCAGAAGACTGTTCCTTTTGCTGTCAATCTTTAAAATGGAAAACCCATGCTCCAGTTTATCCTTTGATGGACAGATATGAAATTTTAAAAAAAGCTCTGGAAGCAAAAAATTACAAAGTTAAAAGATTTTCAATTGTAATAAGTGGAATAAAGCCTTCAAAACAAGAAATGAAAAAAATTGCTGAGGCTATAGAGAGTCTTCGAAAAAATGGAATTAATAGTTGCGCTTCCTTAGGACTTTTAAACTATGATGAAATTTCATATTTAAAAGATTACGGACTTCAGAGACTTCATTGTAATATTGAAACTTCCGAAGAATTTTTTCCAAAAATATGCACAACTCACAAATTTTCAGATAAAGTTAAAACATTAGAAGCAGCTAAAAAAGCTGGTGTTTCAATATGTTCAGGTGGAGTTTTTGGAATGGGAGAGTCCTGGAAAGATATAGTTAGCATGGCATATTTTTTAAAAGAATTTAATGTAGATTCTGTTCCAATTAATTTTCTTACACCTATTAA
CP144374.1_gap41	1374335	1375074	739	CTTCATCAGATATGGGTCTTGCTGCTTTTTCAGTTACCTGAATGGTGGTAAATGTTATATCCAAAGCTTTATTTATATCAACATTCTGACATGAACACAGGAAAAGCAGTAAAACTGATACAACGATAAACTTCTTCATTGTGGTTCTGAGAGTCCTCCGTTTTTTATGAAAGATATTATTTCCTTTTCAGGAATGCTATATTTTTCAATTCTTTCAACAAGATTATAGCGCATCTGCGGATGATTACTTCTGTATTGCCTTTCAACCTGTGGATTAAAGCCTTTTCCAGCAAGAGTTATCTCGCCCTCTGAAGGAGCTGTGGAATTAGTATAATTTCCATAACTTGTAACACTTCTTTTTTCAACCGCGGTTTTATGTATGTATCCTGATAGATTTTTAAACTTAACCCTGTACCAGTCCCTTTCTTTTCCGATTACATTGAGTATATCTCCATATTTTACATAGGCTTTTACAGGTGCAAAAAATCTTGGAGCCTCCCTTATTGCATTTTCCTTTGTTACAACAGTAATTGTGTCAGCCCATAACAGGGTAGTAAATAGAAAGAATAAAACAGCCACATTGAATATTATTCTTGACTTCATTTTTCTTCAATTTTAATAATAAACCAATCTTTTGTCAACTGCTGAGAATCGACAACTTCTTCTATTTTTTTTAAATAAAACCTTGATGGAAAATCTTCAGGAAAGTCTTTTACAAGAGAAAGAAAAATTTCTTTTG
CP144374.1_gap42	1541493	1546166	4673	TGAAGTTGTTTTAGGTGGAGGAATAATTACGGAGACAGTGCAAGGCTTCTGAGAGCCTTTGTCTCATCAATTCCAAACATAATGTTCATGTTCTGCACAGCCTGTCCTGATGCACCTTTTACAAGATTGTCTATAGCAGAGACAAGAATAAGCCTTTTTGTGCGGGGATTAACAACTGTACCAATGTAACAGTAGTTTGTTCCTTTTACATGCTTTATACCAGGGATTTCACCTTCTGGCAGAATCTGAATAAATGGCTCATTCTGATACTGTTGTCTAAGAATTTCTATTGCATCAGCAGTGGATAAATCTTTGTTCATACTGGCATATATTGTTGATAAAATTCCTCTGTTTAAGGGCAATAGATGGGTTGTAAAATCAATGGTTATTGAACTGCCAAAGGCAAAACCAAGTTCCTGCTCTATCTCAGGTGTGTGTCTATGTTTTGCCACATTGTAAGCCCTGAAATCCTCATTTACCTCACAATAGTTTAAACTGATTTCAGCTTTCCTTCCTGCTCCAGAAACACCAGAGCAGGAATCAATAATAATTGTAGATGCCTCAATCAGTTTATTCTTTAAAAAAGGATAAAGAGGAAGAATCACACTTGTAGGATAACATCCTGGATTGGCTATGAGTGTTGCTTTCTTTATTTGTTCCCTGTAAATTTCTGGCAATCCATAAACTGCTTCTTTAAGTAGCTCAGGATATAAATGTTGAGTTTTATACCATTGTTCATAAATACTTGCATTCTTAATTCTGAAATCAGCAGAAAGGTCAATTACTTTTTTGCCAGCCTGAAAAAGTTCTGCAGCCACCTGTTGAGATTTTCCATGGGGGAGTGCAAGAAAATAAACATCTGCCCTACTTTTGATTTTTTCAATTTGAAGACTTTCAAATTTAAGCTCTTTATAAATAAAAAAAGCAGGGAAAATCTCTGAAACTTTTATCCCTGCTGATTTTTCAGAAGTAACTCCGACTATCTCAACTTCATCATGCAGAGCAAGAATTCTTAAAAGCTCACTTCCTGTATAGCCACTTCCTCCGCATATGAAAACTTTTAGCATTTTATCTCTTGGAGAACTGAAATCTCTTTCTTGCCTTTGGCTGTCCGTATTTCTTTCTCTCTACCTCTCTTGGGTCTCTTGTAAGAAGTCCTTCTTTTTTGAGCTTTGGCTTAAGGTCTGGATTAAGATTTACAAGAGCTCTTGCAATTCCATGCCTGATAGCTCCAGCCTGACCACTTAAACCACCTCCATCAACTTTTACAATTGCATCATACTTGCCAGTCACACCTGCTACATGAAAAGGTTGCATAAGTATCATTCTCAGGGTTTCTCTTGGAAAATACTCTTCCACTGGTTTTTCATTAACTGTGATTTTCCCTGAGCCAGGCATTAGGATTACCCTTGCGATTGACCTTTTTCTTCTTCCTGTAGCTAAATTTTCAGCCATTATCTTCACCTCAAAAATTAACTTATTTTCAGAGGTTCAGGCTTCTGTGCAGCATGAGGATGCTCCGAACCTCTGTAAACTTTCAGTTTTTTTATCATTTTTCTGCCCAGTCTTGTTTTTGGAAGCATGCCCCAGACAGCATCAACAATAACTTCCTCAGGTTCTTTTTCAAGCCTTTCTTTAAGAGTTTCTGCTTTGAGATTGCCCATAAAACCAGTGTGATGATAATAAACTTTGTCAGTAAGTTTTTTTCCAGTTATCTTAATCTTCTCAGCATTGATAATTATAACAAAGTCTCCATTATCTACATTGGGAGTATAAGTTGGTTTGTGCTTGCCCATCAAAATCTTTGCGATTCTTGATGCAAATCTCCCAAGAGTCTGCCCATTTGCATCTGCAATATACCACTGTCTGTTAACTTCTTCTTTTTTTACAAAAGCGGTTTTCATTTTTATACCTCACCCCTAAAAATTTAATTATGAGCTAAAATTATAAAATACCTTAAAAATTAATTATTTGTCAAATAATTAAGGGATTGTCTCTATAAATGCATATTTTGGTTCATGAAGAGGAATAACCATATCAGTCATCTCTTTAGCTTTTAAAACTATGTCATAGGCTTCATAGGAATTTATAAGGGTTCCTGGAGGAATCACCTCCATGCCCATACCAAGGATTTTTGGTGGAGGATTAAGGTTTTCTTCAATTATACAAAATCCTGTTATTAAAAAATTGCCTTTTTCAGTATTTATGAGAACAGACATACCGCCCGGAGTATGGGCTGGCATATGAATCATTTTTATTCCTGGAAGAACTTCTGTATCTTCCTTTAATGGTATAATCTGACCATTGCTTTCAATCTCAGTAATAAAGTCTTCGTTGTATCTAAAATCAAGGGGATGAGGATTATGAACCTGCTTAAGCTCATTTTCATGAACATAAAATATGGCATTCACGCATTTTGAATCATTTTCACAATGGTCATTATGTAGATGTGTGTGTATTACAATATCAATATCTTCAGGCTTTAACCCCCATTTTGCAAGCCCTTCCTCAAATTTGTAAACTTTTCCAACAGCTTTTTCAATCTCAGTTGAACTACGAGGAGCAAACTCTCCTGTATCCACCAGAATGTTCTTGTTTCCACCCTCAATATACCATGAAAATATAGGTATAACAAATGGTTTACCATAGTCATGTTGATAGGTCATCATACCTTTGTCAAAAATTTTTGCTCCTACTACAATTGGATGAATCCTGTAAATCATTTTATTATATTAAGTATTTTTTACAAAATTATGTCAAGTTCATTTTCTAATTTAAAAATTCCTTTCGGAAATGATCTAATAAAATAACAGAGAAAGTCATCTGTCCTAAAAATTTTAAACTATTAATAAAGCGAGGTATTCTCTTATTGCTTTTGATGAAAGCGCAAAATTGCTAAATTTTGGTAAAAAACTGTAAATATTGTAATGGTTACTTTTTTTGAAATCTGCAGGATAAGGCAATACATTAAGGCCTGTTTTTTTAAAAAGTTTTTCTGCCCTCTTCATATGATAGGCTGATGTAACAAGAATTAATTTTTTAAAATTCTTTTGCCTGCATATTTCACTGACATAAAAAGCATTCTGAGATGTATCCTTGCTTTTACTTTCTTCAATAATTTTACCAGATTCAACTCCCAATTCTTTTAACATTTGAGCAATTGCTGCTGCCTCTGAAATCTTTCCTTCTATAGCTCCACCAGAAACAATAACAGGAAGTTTAGTTTTTTTATAAACCACATAGCCTGCAAATAACCTGTTTAATGTATCCTCATTAAGAGAGCCTACGGAATAGGTACCTCCTCCAAGTATAACAATGGCATCAGCATTTAATTCTTCAAAAGCTTTATGTCTTTCAAGTGGATAAAACAACAAATCCTTTACAGGCTCAATAGATATTAAATAAACAAATAAAGCTGATAAAATTGCTAAAAAGCGAATAAATTTTCTTTTTTTCTCTAATACTGCTATCAAAAGAAAAATTATTATTAAGATGCCAGGTGGCAAAATCAAGGAAGTCAGAAATTTTTTCAGAAAAAACATAAAATTAAGTATAGCAAAATTGCCTGTTCAATGCAAAATTAAGTATAATTTTAAATTATGGAAACAATAAGAATACCAAGAATAATGAGGGAAATATCCAAAGATTTAAGAGCAAAGGGGAAATCTATAGGATTTGTTCCCACAATGGGTGCTCTTCATGAAGGACATATCTCTTTGATAAAAAGAGCAAAGCAAGAAAATGATATTACTGTTGTAAGCATCTTTGTAAATCCAACACAGTTTGCTCCAGGAGAAGATTATGAAAAATATCCAAGAGATGTGGAGTCAGACAAAGAAAAACTACAAACTATTGAAATTGATTATCTATTTCTACCCGATGTTGAATCTCTTTATCCAAAAGGATACAGCACTTATGTAACAGTAGAAGGTCTCAGTGACAAACTTTGTGGAAAATTTAGACCGGGCCATTTCCGAGGTGTTGCCACAGTGGTTTGCAAGCTTTTTAACATTGTAAGACCTACAAGGGCATATTTTGGCCAGAAAGATTACCAGCAATCATTAATAATCAGGAGAATGGTTGAGGACTTAAATTTTGACATTGACATTGTTGTCTGTCATACAATAAGGCATGAAGATGGATTAGCAATGAGTTCACGAAATCTCTATTTAAATGAACAAGAGAGAAAATCAGCAACTGTTATATACAAAGCTTTACAGCAAGGGGAAAAACTTTTAAAAGAAGGAGCTGAACCATTGGATGTAAAGTTGAAAATGATGGAAGTTATTAAAAAAGAATCACTTGTAAAAGAAATCCAATATGTTGGAGTCTTTGATCCAGAGACACTTGATGAAGCAAAAGAAAAACAGAAAAAATACTTACTTGCTGTTGCTTTAAAAATTGGAGATACAAGATTGATTGACAATCTTCTTGTTGAAGTCTAATCTTTAAATGTTTCCCTGATTTTAAGAAATTCATCAAAATTATTAAGGAAAATATCTAAAAGTTGAGGATCAAAATGGCTTTCCCTGCCTTTTTTCATAATATCAATTGCTTGCTCAATACTAAAAGCTGGCCTGTAAACCCTATCTGATGTTATAGCATCAAAAACATCGCATACAGCAACAATTCTTGCATAAATGTGTATTTCTTCTCCTTTTAGCCCGTAGGGA
CP144374.1_gap43	1551507	1556371	4864	TTGGTATGAGTTCTATCCCTTCTTCAATAGCCCTTCCGATAACCACAGCACCAGGGTCTGATATTCCTGGAGTTCCAGCATCAGTAATAAGCGCAACTGAATGTCCTGAACGAATTTTTTCAATTATTTCTTCTGCACGCACTTTTTCTTTCTCTGACCAGTAACTTATAAGAGGTTTCTTTATTTCGTAATGGTTAAGAAGTTTTAGACTGTGCTCTGTATCTTCACAGGCAATATAGTCAACTTTTTTTAAAGTCTCAATTGCCCTTAAAGTTATGTCCTCAAGATTACCAATTGGCGTTGCTACTATATAAAGCCTTCCCTGAGACATTTATTCTTCCTTCAATAACTGTCTAAGGCGTTTGTCAGCTTTTATTATTTCATCTACATTCTCACCTGTGATATCCCAGCTGTATTCACCTTTTTTATCTCTGTGGAGTTTTATTTTAACAGGCTTTTTTGGCTTCGCATACTGAAGCGTTTTGTCTTTTTTAACCTGAACCTGCGGCTGACAAAAGGAATTATCTGGCAGAACAGTAAGCGCAAAAAATAAAAAGATTATAAAAATTACTCTCTTGAGAGACTTTAAATTATACAATTCAGGCATTCTATCCTCCAAACCTGTTTGTTATAGGAAAACGCCAGTCTTTACCAAGACAGACAGGGGATACCTTTATGCCCAAAGGTGCCTGTCGTCTTTTAAATTCTGCTCTTTTGACCATCTGTAGCACCTTTTTTACAGTGTCTCTGTCAAAATCTTTTTCAATTATTTCTTGCTGTCCCATACATTTTTCAATGTGAAGATATAAAATCCTGTCAAGCACTTCATAAGGTGGTAGTGTATCCTGATCAATCTGTCCTGGTTTAAGCTCTGCAGAAGGCGGCTTTTTAAATACTCTTTCAGGAATCCTTCCACGGGATGCCCATCTTGCAACTCTGTAAACCTGAGTTTTATAAACATCCTTAATTACTGCATATCCACCAGCCATGTCACCATACAGGGTTGCATAACCAACAGATAGTTCTGACTTATTTCCTGTTGTTATTACAAGCCATCCAAATTTGTTTGAAACTGCCATGAGAATGTTACCACGGATTCTGCTCTGGATGTTTTCTTCTGTAACATCCTGGGGAAGGTCCTTAAAGGTATCTGAAAGGGATTTAAGATATTCCTCAAAAAGTTCATCAATGGAAACTTCAATTAATTCAATTCCAAGATTTTTTACAAGCTCATATACATCTTGTCTGCTTTCCTTTGATGTGTATCTTGATGGCATAAAAACACCAATAACTCTATCTCTACCCAGTGCCTCTACTGCAATCAATGCAACAAAGGAAGAGTCAATTCCTCCACTTAATCCAAGACATACTTTTTTAAAGCCATTTTTGTTAACATAATCTCTCAATCCTGTGGTTAAAGCCTTGAAAATCTCCTCTTCTTCAGTCATTTCATATGCAGACTCTTTTCTGCTCAGAACGACTTTGCTTTTTGCTTTTCTTTTTAACGGAATTTTAATAATTTCTCTATCTCCAAAACAAATTTCCCATCTTATCTTTGGCTCACGCAGTCTTGTTCTTGTGACTTCCTCAATATCAAGATCTGCAATTATTAAATCTTCCTCAAAGGCTTTTCCCATAGCCATAATATCACCTGATGGTGAAATAATAAGACTTCTCCCATCAAAAACTATCTCATCCTGTCCACCAACCATGTTTAAGTAGCAGACATAAACTCCCATGTCATAGGCTCTTGTTGTAAGCATTCTTGTTTTTTTCTGATACTTCCCTGCATAAAATGGTGATGCACTTATATTTATTATTAATTCCGCACTGTTTGCTACCTGAATAAGCCCGGGAAGAGAGGGATGAAAGATGTCTTCACATATATTCACAGCAAAAAATACTCCATCATATTCATAAACAGGAATTCTGCTTCCAGGCTTAAAATATCTCATCTCATCAAAGACACTGTAATTGGGAAGATAAATTTTATGATAAACATCAATCAAGCTTTGATTTGCAATAATAGCAGCAGAGTTATAAAGATCATCCTTTTTCACTGGCAAACCAGCAATTACTATGAAATCTTTAACATTTTTAATTATCTCATTTAAAGCTTCCTCTGCTTTTTTTATAAAAGCTGGATAAAAAAGAAGGTCTTCAGGATTGTATCCGGTTATGGCAAGCTCTGGAAAAACAATAATTTCTGCTTGTTTAGTCACTGCTTTATCAATGTATGAAAGAATCTTCTCAAGATTCCCTTCAATATCTCCAACAACAAGATTTATCTGGCATAGTGCTAATCTCAGGGTTCTCATATATTACAGGTTGGACAGCATTTTATTGCATCAAAGGCATAAAGTATTCTTTTTTCCTTTGGTAGCTTTTCAGAAGGATATGGCATAAATTTCAGGGATGAAGCAAACAAATCCTCTTTTTTTGGAATATCCATTGTTTCTTTAACTTCTCCTGTAAGGATATTTATCAACCTTCCCTGTCTTCCATCTGTTACCATAGCAAATGGAATCTGATAGGGCTCAACAACTCTACAAAAAGCAAGCATAAATCTTTCCCATGACTCAATACTTGCAGGAGTGCATTTTATAGCATACAAAACCTTTTCCTGTAGCCTGATAAGTATATCTACACTGGTTATAAACCTTTCTTTCTCAGAAACAACAACTTCATAGCCTCTGTTAAGCTCAATGTTGTCCAATGTATAGCCACGCTCAATTAAATATTGAATCATTAACCTTTGAATGTATCCGATGCTTTGCGCAAAAAGTTCTTCCTGTTGCTTGAGAATATCTCCAATAAGTTCCTTCCTTTCTTCTGGAGAATCTGGCGTTTTATTAAGTGGTAAATACATTTAAGCCTCCTTTTTCCAAAAAATTCTTTATTTCAACACAAAAATAAAAGAAATTCAGTTTCATGCAAAAACTATCATCTTTCAATATTTTTAAACAATAAAGGCTAAAAAATCAAACTATAAAGAATGACAAATAATCATTTTTATTGAATAGCTTTATTTATTTTGCCACACACTGGGCAGGCGGGGTCTTTCTGGGCTTTGAAAGTTTTAAAGTCTTGGCTCATTCCATCCCAAACAAAAAGCTTGTTTTTAAGATTCTTGCCAATTCCTACCAGATACTTTATTGCTTCCAGTGCCTGAAGCGCTCCTATTACTCCAGGAGTTGCACCTACCACGGGAAATGTCTCTTTCGGTGGTGCTTCAGGAAAAAGACATTTAAGACATGGTGTTTCAGGAGGCTGAATAAAACTTAACATTCCCTGTGCTCCATAAATTGCACCAAAAACAAGAGGAATACCCTTGTTTATTGCAACTTCATTAAGAATATACCTTGTCTCAAGATTATCCATACAGTCCATGATTATCTGTGAATCTGCTACAAGAGCATGAGCATTTTCTGCTGTAATCTTTTCGGTAACAGGAATTACTTCCACATCAGGATTTATTGCACTAAGGGTAATCTTTGCTGAAAGAGCTTTATTAATCCCGATTCTTGTATGACTGTGCAGTATCTGCCTATTTAAATTAGTAATTTCTACACTGTCAAAGTCACATATGATTATTTTTCCCACTCCTGCAACAGCAAGATAAATTGAAACAGGGCTTCCAAGACCACCTGCACCAGCAATAAATACAGTGGAATTCTTAAGCTTTTTTTGACCTTCCTGTCCCCATCCATCTATTAGCATCTGACGGTTATATCTTAAGAAATCCATCCAATGACCTCTTTCATTTCTTTGAGAGTCTCTCCAGCTATTTTCTTTGCCTTTGTAGAGCCTTCACGGGCAATTTCAATCAGCAAAGAAGGATTATCAATTATATGCTGTCTTTTGTCCCATATGGGTTTTAAAGTATTAATTACATGTTTTATAAGAATTTTTTTACAGTCAACGCAGCCAATGCCTGCTGTACTGCAGCCTTCAATTATTTCCTTTTTTTCCTCCTCTGTGGAGAATATTTTGTGCAGATCAAAAACAGGGCATTTCTGAGGGTCTCCTTTGTCTGTTCTTCTTTTGCGTGCTGGGTCAGTAACCATTGTTCTTATTTTTTCTGTAACTGTTTTTTCATCATCACTTAGATAAATGGCATTTCCATAGCTCTTTGACATCTTTCTTCCATCAGTCCCGGGTACCTTCGGAAACTCTGTAAGCAAAGCCTCTGGCTCAGGGAAAAACTCTTTTCCATAAAGATAGTTAAATCTTCTTGCAATTTCACGAGAAATCTCAAGATGTGGAACTTGGTCAATTCCAACAGGTACATACTTTGCCCGATAAATTATTATGTCTGCTGTCTGAAGTACTGGATAACCAAGAAATCCATAGGTATCAAGGTCTTTATCTTTAATCTGCTCTTTCTTCTCTTTGTAAGTGGGGACTCTTTCAAGCCATCCAAGTGGTGTAATCATGCTTAAAAATATATGAAGTTCTGCATGTTCAGGGACCTGTGACTGAATGAATATGGTTGATTTTTCAGGGTCAAGCCCTGCTGCAATAAAATTCATAAGAAGATCAACTGTCCATTGTTTTATCTGCGAAGGATTTCCATATCCAGTTGTCAATGCATGCCAGTCTGCAACAAAAAAATAGCATTCATATTTGTCCTGAAGCCTCACCCAGTTTGAAAGAGCTCCAACAAGATTTCCAAGATGAAGTGGTCCGCTTGGCTGCATTCCACTTAGAACTCTGTCCATTTATCCCTCCTAAAAAAGTGAAAGTATACTGAAAAAAAATTTTACCAACGGCCATACAAAAACAGTTGTCAAACCTGTAATAATCATGAATATAACGATTAGAGAGCCAAATGGCTCGATTTTTTCCATCATCTGAGCATACT
CP144374.1_gap44	1729983	1732311	2328	TAAAAATTCCACTGGAATGAATTTAAAGATTCATAGCTGTCCTGAGCTTGCCAGTGAGCAGGCTCAGGATTTTTCATTTGCTCAATTAAAATATAGGAACTCTAACATTGACAAAACAAGAGAGAAAAATTTATTTTAAAAAAAGTTGCTTACAAAATCTTTGTGGAGGTCAAAATGGCAGAAGGCATTGTAGAACTTACAAGTGCTAAATGGGAATCAGAAGTTTTAAACTCCAAAGGTATAATAATGGTGGATTTCTGGGCACCGTGGTGTGGTCCATGCAGAATAATTGCTCCAACAATAGAGGAGCTTGCTAAGGAATATGAAGGGAAAATTAAAGTAGGAAAACTTAATACAGATGAAAATCCTGATATTGCAACGCGTTATGGAATAATGGGAATTCCTACAATTATGTTTTTCAAAGATGGGCAGAGAGTTGACCAGATAGTGGGAGTTGTTCCAAAATCTATATTAAAAAGTAAACTGGATAGCCTCCTCAATAGTTGATTTGTGAAAAAGCTTTTAATCTTAATTCTTATACTGCTAATTCCACAAGCAGGGCAGAGTGCACTTAGAACAGGTGACTCTGCTCCGAATTTTTTCTTAACTGATATAAATGGCAAGCCTGTGCAGTTGTATCAAATTAAAGGTAGGGTCATAGTTATAGAATTTCTTTCAAATAAATGTTTTGCCTGCGATTATGTAATTCCGGACATAAACAAACTTTATGAGAAATTCAAAAATAAAAATGTTCAAATAGTTGGAGTTATATTTAATGACGAAATAGAGGAGCCGCAAAAACTCAACGAATTTGCAAAAAGCAGAGGAATTCAATATCCTTTATTTATAGCTGATGTAAAGGTAAAAAAATTTTACAATATTTACGGGTTTCCAAATTTTTTTATTTTAAATGAGAAAAAAAATATTATGAAAATATACAGAGGGATAACACAGGATACTTTTGGTTTATTTAACAAAGAAATTGAAAAGCTCCTCTTAAACAAGAGGTAATTAATGTTTGAGGCATTAACAGATAAACTTGAAGCAATATTTAAAAAACTCAAAGGCAGGGGTATTCTTAAAGAAGAAGATGTTGATTCTGCTTTAAAAGAAATAAGAATCGCTCTTTTAGAAGCAGACGTTAACTTTAAAGTTGTTAAATCTTTTATTGAAAGAGTCCGTCATAAAGCTATTGGTAAAGAAATTCTTGAAAGCCTTTCCCCTGCTCAGCAGGTAATAAAGATTGTTTATGATGAACTGTGTGAACTGCTGGGAGGAAGCACTGCAAAGATTCAGCTGAGCCCAAACCCACCAACTGTAATAATGATGGTTGGACTGCACGGCTCTGGAAAAACAACCACTTCAGCAAAGCTTGCAAGAATTTTCAAAAAACAGGGTCGCAGGCCAATGCTTGTTGCAGCAGACCTTCAAAGACCAGCAGCTATTGAGCAGCTTGTTACTCTGGGTAAGCAGATAGATGTTACAGTATTTCATTCTTACGAAATTAAAAATCCAGTAGAGCTTTGTAAGGAAGCGCTTAAAAAAGCTGTAATTGATAGAATGGATCCAGTAATTGTTGATACTGCTGGAAGAATGCATGTGGATGAAGAATTGATGCAGGAGTTACAAGATGTAAAAGAGATTCTTAAACCCCATGAAGTTCTTTTTGTTGCCGATGCAATGACAGGGCAGGATGCAGTAAACATTGCAAAAAGCTTCAATGAAAAAATAGGTATTACAGGAGTTATTCTAACAAAAATGGATGGTGATGCTCGTGGTGGTGCTGCACTTTCAATAAAAGAAGTAACAGGTAAGCCTATAAAACTTATTGGAACTGGTGAAAAACTTGACGCTCTTGAGGAGTTTCATCCTGACAGGATGGCAAATAGAATTCTTGGAATGGGAGATATTCTTACACTTATTGAACAGGCACAGAAAGCCTATGATCAAAAAGAAGCTGAAAAGTTAAAGAAAAAAATCGAAAAAGAAGAATTCACATTCGAAGATCTAAAAGATCAAATAAGAAAAATGAGAAAAATGGGACCTCTTGAAAACATTCTTTCAATGCTTCCAGGAGCCAATAAAATATTAAAGGAAATAAAAATTGATGAGAAAGAGTTTGTTAAGGTTGAGGCAATAATTAATTCAATGACACCTGAAGAGCGCAGAAATCCGAAAATTTTAAATGCAAGTAGAAGAATTCGTATTGCTAAAGGAAGTGGAACAACAGTAACAGATGTTAACAGGCTCATTAAACAATTCAATGAGATGAAAAAAATGATGAAACAGTTAAAACACGGCAAGGGCTTTAAACTACCGAAGATATTT
CP144374.1_gap45	1740502	1744074	3572	TCCATAGATTTTCAAGCTTTACTTTTTTTTCGCCTTCAATGGTTTTCTTCTCTCCAATTTCTGCTGTAATTTGGTGTAATTTTTCGTTTATGCTATGGTATTTTTTTTCCAGTTCTGTTAAAGATTCTTTTTCATTCTGAAGTTCTGTATAAAGCTTTTCTATTTGTTCTTTTAGATTGACTGTTTCAAGAGTAATCATTTCAATTGCTTTTAATATCTCTGCTTTTTCTTTTTCAATCTGAGATAATCTTTTCTGACTTTGCTCAATCTCTTTTTCATTTTTCTGTTGTTTCATTGTAAGTTTTTTAATTTCTTCATTCAGCCTGTTTATTTCCTGTCTTTTGTTATTGTATCTTTCCTTTAATGTGGACAGCATAATTTTTTTACTGGAAAGTTCTTCTTTCTGGCTTTCATTCGCGCGGGATGTCTCTTTTTGTTTATTTTTCAATTCTTCAATTTTTGTTTCTAAATCTTCAATTTCTATAGACAGTTGCTCAATTTCAGAGCGGGTTTTTTCCATGATTTTTGTGTTATGAAATATTTCATTTTGCAGAGCTTTTTCTTCATTTTCCATATATTTTGCTCTTTGCTTTATCTGCTCTATTTCTCTTTGAAGACTTTTATTTTTTTCTTCAGCCTTAAAAATTTCTTTTTGTATTTGAGAAAGCTTCAGTCTTTTACTTTCTATTTCTTTTTTGAGCTCCTGTTTTGTAGCTTGCATTTTTTCAATTTCTTGCTGTAAATATTCAATTTCCTTTGATATTTCAGACTTTTCATTATTCAAATCTTCAAGCATTCTTTTTTTCTTAAGAAGATTTGAGGTTTTGCCTGTTTTTATAAATCCATCTGGAAAAATCACTTCACCTTCTCTGGTCACAAAGCAGCAATTGGGAAATTCTTTTTTTATTTTCATTGCCTCTTTAAGATCGTTTACAATATAAACATTATTAAAAATGTTTTCATTAATCCCTGGTTCTTTTATTTTTATGTAACTTTTAATTTTTTTATCACTATGAGGGCTTTCATTTTTTTGATATTCAGAACTTAAAATTTCTTCGTTTTTTAAAAAGAACCAGCCCTTATTTTTAAAATTTTTAATTGTTTCAATGTCTTGTATTACTGAGGCTTTAAGCCTTTCTTCCATGAAAATCTCAATTAAGTCCTCAACTTCAGGGCTTACATCAATGCATTCAAAAAAGAGTTTGTAATTTTTGTTTTCCTGCCATATTTCTGATGAAAGGGCTTCAATTTTTCCATTTATTACTGCTTCTTTTTTCTTTTTTTCAATTATTAGCTGAGTTTTTGTTTCCAGCTGGTTTTCTAACTGGGAGAGTTGATTCTGAATAATGTTGTTTTTGTTGTTTTCTAATTGCAGGTTTTCTTTTAATTTTTTTATGTTTTCCTGAATTTTTTGAATTTCTGTTTCCATCTGGTGTATCCTTTGCATTGTTTCTTTTTTTCGTATATAAAGATTGTTTAACCTGTTTTGAGCATTTTCACCGGATTTTTTTATTGATTGGTAATAATTTTTCTTGTTCGCCAGTTCAGTGGTAAGATTAAAAAGAATTTTTCTCTGTTTTTCAATCTCCTTTTCAATCTCATTTATTTCTTTGTAAAAGTTCATTAGTTCTTGTTCTTTCTCAATGATTTCTTTTTGAAGATTGGCAATATTTTCCTCAATTTCTTCGTATTCAATACAAACAGCTTTTAAATCATTCTGAGATTTTTCTATTTCTCCTTTTAAAGCAAAGTTTTCTTCATGAAGTTTATTTATTAATTCTTTTTTATTTTTTTCTTCCTGCCAAATGAGAGTCTGTTGATTTTCTGCCTTTGTCTTTTCTATTTCTTTTTGCTTTAATTCTTTCTGTGTTTCCTGTATGACAGCTTCAATATGGGAGATTTTTCTCTTTTGCTCTTTAATCTTTTCTATGATTTTTTCATTTTCTTCTTTTAATTCTAATTGTGTATATTCAAGAATTTGAATATTTTCGTGAAGTTTTGCAATTTCTTCAAGGAGATTTAAGCTTTCAGCTTTAGAGACTTTTAATTCCAAATTTTTTAATTCTTCTATGGTTTTTTTATACTTTTCAGCTTTTTTTGCCTGTCTTTCAAGTAAAGAGTACTGTTTTTTTAGCTCGCTAATGATGTCTTCTATTCTTTGAAGATTTTCCTGTGCTGATTGAAGCTTTCCTTCAGATTCATTTTTTTTCATTTTATACAATGAAATTCCAGCACATTCTTCAACAAGAGCTTTTCTGTGAGAAGGCTTTGATAAAATCTCGTTAATTTTAATCTGGTCAATTATTGAATAACTTCTTATATCAACTCCCTCTGAAAGAAATATTTCTTTTATGTCTTTAAGCCTTGCCTGTTTACCATTGATGATAAAGTAGGATTCTCCAGTTCTGTAAAACCTTCTTTTTATTTCAGTTAATTCTGGTTCAGGTTGCCCTCCATTTTCTGATTTTTTTAGAGATCTTAATAGAATGGTTACTTCAGCAATGCCCTTTTCTTTTTTTGATTGAGAGCCTTGGAATATTACTTCTTCCATTTTTTCACCACGAAGAATTCTGGGATTGTGTTCTCCAAGGACCCATCTGAAGGCATCAACAATATTGCTTTTTCCTGCTCCATTTGGTCCAACAAAGCAGGTTATACCTTCATTGAGCTCTATTCTGGTTTTTTCAGGAAAAGATTTAAATCCGTTAAGTTCTATCCATTTAATTTGCATTAAAATATTTTATCTTATTTTGCATTTAAAAGCTTTAATGTAAACATAAAATTTTTTTATTTGACCAAAAATGTGTAACTATTTTACTGTTGATAGACACTAAAATTTGTGGTATAATTTAAAAAAATTTTAAAGCAGGAGGAAAATATGACAAAGAAGTATGACACACCTTTATTGGATGAGCTTGAAAAGGGACCTTTTCCAAGCTTTGTTACGGAAATCAAGAAGGCAGCAGAGAAAAATCCAATGGCTGCTGATCTATTAGGACAGTTAGAGAAAAGTTACAGAGACAAGATGACTTACTGGAAACATGGAGGTATTGTTACAGTAAGAGGATATGGAGGAGGAGTTATTGGAAGATATTCTCAATTACCAGAGCAATTTCCGAATGTAGCTCACTTTCATACTTGTCGTATTAATCAACCAGCAGGATTGTTTTATACTTCTGCTGCAATAAGATTTTTCTGTGATTTATGGGACAGATTTGGAAGCGGGCTGACAAACATGCATGGTTCAACAGGCGATACAGTTTTGCTTGGAACAACAACTAACAATCTTGAACCAATTGCTACTGTACTTAGTCTTAATGGATTTGATATTGGTGGTTCTGGTTCTGCGTTGAGAACTCCAAGTTGCTGTGTTGGTCCAGCAAGATGCGAGTGGGCAATGATTGACACACTTGATATTACTTACGAAATAACTCAGGAGTTTCAGGATGAACTCCACAGGCCGCAGTTTCCATACAAGTTTAAGTTTAAAATAGTAGGATGCCCGATTGACTGCAATGCTGCAATAGCTCGTGCAGACTGTTCAATAATTGGAACATGGAAAGGTCCAATAG
CP144374.1_gap46	1745940	1750000	4060	GATTTAATATATACTTATTTTGGGGGAAGCTATATAGAACTTGGAGAAAAAGCCAAAGGTGCTTAATAGGAAGGAGGGTTTGGCCCTCCTTTTTTATTTTTTGTCATTCCCAGCACTTTTTTTGTTATAATTTGTTCATGAGCTTTTTAAATTCTATTGCGTTTGATATTGTTAAAAATTTTACAGAAAAACAAAAGACTCTATCAACAGCAGAATCCTGCACAGGTGGGCTTGTTGCCTCTTCAATAACAGATATTCCAGGTGCCAGTAAAGTTTTCCTTGGAGGAGTTGTTGTTTATGCAACAGAGATGAAAAAGCAAATTTTAAAAATTCCTGATGAAGTATTTCATTACGGAGTTATTTCAGGAGAAATGGCAGAAGCAATGGCAAAGGCAATAAAATCAATCACCGGCTCAGACTATTCAATTGCCACAACTGGAAATCTCGGACCTGACACAATGGAGGGAAAGCCAAAGGGTCTTATATATGTAGCAGTTGTTACACCATCTCATGTTTATGTTAAAGAGTTAAATTTGCAAGGTGACAGACTTTCAAATAAAAAAGAGGTAGCCCTTGAAGCATTAAAACTTATTATAAAACTCGTAGAAAAGAAAAAATAAATCTTGCACTGGTCGTTTTTGATGATAGAGTTTACGGTATAGATAAAGAAGGTGGTTTTTATCATGAATATCCCTTTGAAAATCCAAATTTACATATCCCATAGAAATAGATAAAACGTGTTGAATATTTGGGGGAACTGGGACTTTTTTAGAGACAATTACAGGAGGTTATATAATGAAAGAGATTCCAGAGGATGTAAAAAAAGAAATTGAAAGGCTTGTTAAAGAAATAAACTATCACAACTACCGTTACTATGTTCTTGATAGTCCTGTTATATCAGATGAAGAATATGACATGATGCTACGTAGACTCAAAGAGCTTGAAGAAAGATGGGGATATATTTTGCCTGACTCACCGACTCAGAGAGTTGGAGCAGCTCCATCTGAAAAGTTTGAAAAGGTTGAACACCGTGAACCCATGCTTTCCCTTGATAATGCCTTTTCTTATGAAGAATTAAGAGATTTTGATGAGAGAGTAAAAAGGCTTCTTGGCATTAATGAGTCTGTTGAGTATACAGTAGAGCCAAAATATGACGGACTTGCAATAGAGCTTTCCTATAAAAATGGACTTTTGTACAAAGCCTCCACCAGAGGAGATGGATATGTTGGCGAGGATATAACTCAAAACATTAAAACAATAAAATCAATTCCTCTAAGAATTGAAGGAGTCACTCCAGAAGAGATTGATATTCGTGGTGAAGTTTACATGAATATAGATGAATTTGAAAGAATAAACAGAGAAAGACAGGAAAAAGGTGAGCCAATTTTTGCCAATCCAAGAAATGCAGCCAGTGGTTCAGTGCGTCAATTTGACCCCTCAATTACAGCAAGTAGAAGACTTCATATAGCATGTTACGGTGTTGGATACTATCGAGGAGTTGAATTTAAAACTCAGTATGAGTTTATTCAGTGGCTTCGGCAGGCAAGATTTCCTGTTCCAGCATATGTAAAAGTGGCAAAAGGTATTGATGAAGTAATAGAGGCGATAAAAGAGATAGAAAAACTTAGAGCAGGTTATCCTTTTGAAACAGATGGAGCTGTTGTTAAAGTTAATAGTTTTGAACTTCAAAAACGTCTTGGTGCAAAAACACGGGAGCCAAGATGGGCTATTGCCTACAAATATCCTGCTCACCAGGGAATTACAAAACTGAAGGATATTGTTGCAAGCGTTGGAAGAACAGGTGTTATAACACCTGTGGCAATACTTGAACCTGTAAGAATTGGCGGAGTTACAGTTTCAAGATCAACTCTTCATAACTGGGATGAGGTAAAAAGAAAAGACATTAGAATTGGTGATTATGTAATTGTGGAAAGAGCTGGAGAAGTAATTCCACATATAATTGGCGTTGTTGTTGACCGTAGAACAGGACAGGAAGTGATTCCCAAGATTCCTGAGCATTGTCCTGTGTGTGGCTCAAAAACTGTAAGAGAGTTAGGAGAAGTTGCATTAAAATGCATTAACTTTAACTGTCCTGCCCAAGTTGAAGAAAGAATAAAGCATTTTGCATCACGCAGAGCCATGAATATTGAAGGATTGGGAGACAAAACTGTTGAACTTTTACATGAAAAAGGTCTTATAAAAAGTTTTGTTGATCTGTATAAGCTAAGACAGCAGGATATTAAAGGACTTCCAGGATTTGCTGATCTTTCATCAAAAAAGCTTATTGAGGCAATTGAACGCAGCAAAAAGACAACTCTTGCAAGATTTCTTTATGCTCTTGGAATAAGTCAGGTTGGTGAGTATGCGGCTAAACTTCTTGCTCAAAATTTTAAAAAACTTGAGGATCTTTATCATGTTAAAATGGAGCGTCTCATTGAGATCCCCCAGATTGGAGAAAAAACAGCAAGAGCAATTGAGCAGTTTTTTAATAATGAAGAAAACCTAAAAGCAATAGAGGAGCTTAAAAGTTTAGGATTAACAATTGAAAATCCTGATTATCAGAAAGAAAAAAAGCCTGCTTCGCTTGAAGGTTTTAGTTTTGTCATAACAGGAACCTTACCTAAACCAAGACACGAAGTCCAGGAAATGATTGAAAAGGCTGGTGGCAGGGTTTCTTCTTCAGTATCAAAAAATACAGACTATTTGATAGTAGGTGAAGAGCCAGGAAGCAAACTTGCAAAAGCAAAGGAATTAGGAGTGAAAATTATTTCTTACGAAGAATTACTAAAAATGCTGGAGTAAGTTTGTATAGATTTAGAATATATTATCCTGGCAAAACAAAAGCAAAATTTATAAAAGATGGAGTTTCTCATTATATTAGAATTATTAGTTCATTTGCAAAAATTGAAATCATTGAGCTAAAAGAAGCACATGGCGAAAAAGACAAAGTCATAGAGGAGGAATCAAGGACAATTTTAAATTCAGTAAAAGGAGATTTTATACTTCTTCACCGAGATGGCAAAAGCCTGAGTTCTTTAGAGTTTGCTGATTTTATTAAAAATAAATCTATTCATCAGTTCGTAATTGGCGGAGCTTACGGAGTGAATACAGAGGTTTATAATGCAGCTTCCTTCAAACTTTCTCTTTCCTGTTTAACCTTTACTCATGAAATGTCAAGACTTATACTTCTTGAGCAACTTTATAGGGCAATGACAATCATACATGGGAAAAACTATCATTATTGAGTTTGCCTTTTTCAGAAACATTTAAATTTTCTCAACTACCTTGTCATTTCGATGTACTCTCTGCCTCTGAGGAATCTCATATGCTACTGGCCTTGGGCGATTCAAAATTTAAAAATAGCTTGATTTTCGTTTGGCAAATTAAGTTTAAAAAAATATTTGACAAAAATGTAGCTTTAGTAATATTCTAAAAAGTATAAGGTAACCTTTTGCCGATGGGGATAAAAATATGTGTAGATTAGCAGCTATTACATCATCTGAATATTTTTCACCAATTGAGAATATTCTTGCCCTTGAGACCATGAAAGAAGGGCACGATGGCTCAGGTCTTGGACTTACGCTTAAAAATCTGGGAGGAGAGTTTAAGGAACTGAAAAAATATCCGATACTTTCAGGAATCTGTTCAAGGAAAGGCAAAGAAATTCTTGATGATTACATGAAACAGCTTGGATTTAAATTAATCCATGAATGGATGCCTAAGATTAAACCTGTAAGGGGGGTCATTCGAAGAGATTATTATTTTGCAAGAGTTTATGATTATCCAGAAGACTGGAAGAATAAATCAGACAGAGAAAAAGAAGACTTTTTGATGAATACAAGAATAACGCTGAGAAAAATGGGCGAAGCCGATGAATCAATCTTTGTTTTTTCTTTTTATCCTGATATTGTAACCCTCAAAGAAGTAGGTGATCCTCTTGAACTTGCCGAATTTTTTGGGCTTGACAAAGACAACCTTGAGGCGAAAATAATATTTGCTCAGGGAAGACAAAACACCAATTATCAAATATATCTTTATGCCTGCCATCCCTTCTTTATTC
CP144374.1_gap47	1752706	1753558	852	AGTTTAAGGCAGGTGGTATTGCTGTAGTCTGTGGAGTAAACCCCCGCAATCCAAGAACAGTTCTTGGATACAGACCCTGTGTTGGAATGGTTGGTGGTGTAATTTATTTTCGTGGAAAAATAGAAGGCTACAGTGAAAGAGATGTAAAACTTCTTGAGTTAAGTGAACAGGATTGGCAGTGGCTCACAGAAAATCTTAAACCATTTCTTACTGCAATAGACAGGATGGATTACTATCATGAGCTTACCAGAAGTGCTGACGAATGGCATAAACTTGTTCCTTATACACCTCAAGAAAGAAGAAGGAGAAGATGGTTTAAGATTGAAATGTCTGAATTCAGGAAAAATTATTGGGAAAAAGAGGTTGGTCAAGGTGGTATATTTGCTGAATACCTTGACCATGAGCTAACTGTTATTCCATACATTGTAACTGGAAAATATCGCAGATACAAGCCTGTATGGGCAAATGAAAAATATCTACCTCCATGTGCATATAGTTGTCCAACCAATATTCCAACACATAAAAGAACAGCCCTTATTAGACTTGGTAAAGTAAAGGAAGCATTAGAACTTGTTCTTGAATACAGTCCTCTTCCTGCTACAGTTTGTGGAATGATTTGTCCAAATCTTTGCATGCAGGCATGCACTCGTGGAAGAATTGACTCACCTATTTCTGTTAAGGAATTTGGTAAAGCTTCAGTTTTGCTTCCTCCTCCAAAGAAAGCTGAACCGAAAGGACACAAAATTGCAGTAATTGGTGCAGGACCTGCGGGAATGTCTGTTGCATGGCAACTAAGCCTTAAAGGTCATCATGTAACAGTATTTGAAGCAACAGATAAAATTGGCGGTAAAA
CP144374.1_gap48	1818496	1818996	500	AGAAATAGCCTGGGGAAATCAAATAAGGTCTTATGTGCTTCATCCTTACAGGTTAATAAAGGACCACAGGACAAATATAGAAGTTTATAATGTTGAAGAAGTTTTAGATGGAAATATAGATATTTTTATTGAGACATATCTTAAAAAGTTTGCTTCAGTTTCTTAAATTTTTTATTTTAGTTTTTTTGAAGTAGTTATAGAGATGTTTATTATGTTTAAAATTGTTTTTTTGCTTCTTTTGTAAAAGTTTTGAATGTTTAAAATTTAGGATGGTTTTTTAACAAATTTAACAATTAATGATTAAAATGATTTTAACTATAAAAGTTATGTTAATAAATTTAGAGTTTTTAACAATTTATTGCTCAGTTTGTTAATTATAGGATATAATGAAAAGGTTCAAAATTGGCACTAAGGATAAAACTCTTTGAATTTAAAAAGTTTTTAATTTAACAGGCTTTTAACAGTAAAGTTTTTAACAAATGTTAAAAAGTTGTTGAAAA
