gap_id	start	end	length	sequence
CP146516.1_gap1	19587	22658	3071	AATTATATCAAGGAGAAACTCAGATTTTTGATGCCTTTGGAATAGAACAAGAAGTTTCTAGAGCATTAGGTTCAAAGGTTTGGTTAAAATCTGGTGGATATTTAATAATAGAACAAACGGAAGCTTTAACAGCTATTGATGTCAATACCGGTAGATTTGTTGGAAATAAATCTTTAGGCGATACAATAGTTAAAACGAATTTAGAAGCAGTTAAAGAAATCGTGCAGCAACTTAGACTTAGGAACATTGGTGGAATCATTATTCTTGATTTTATCGATATGGATAGGACAGAAGATAGAGATAAAGTATTTCTTGCACTTGTAGAAGAACTTAAAAAAGACAAAGCTAAAACAACTGTTTTGAGAATTTCTGAAATGGGTTTAGTGCAAATGACCCGTAAAAGAACTGAAGAAAGTTTAATGCAAAAAATGACTATAGGCTGCCCTTATTGCGAAGGTAATGGTCATGTTAAAAGTCCTTCAACTATTTCTTATGAAGTGATTAGAGAGTTATTGAGAGAGTTTAACCGTTCAAATAATGAAGGGTTTGTCGTTAAAGCTAACCCTCAGGTATCAGATAGACTACTAGAAGAAGATAAAATTTTTTTGGATGAACTAAAATTAAAGTATTCAAAAAAAATTGTTGTCAAATCATACGTTGATTTTCACATTGAGCATTTTGAAATTGCGCCAATTCGTTTTGAATAAAAGTTTAAATTTTTATTCATGTTTATTAGTGCAAAAGGCAGATTTTTCTAAATTTTTATTTTTTTTCAGCCATTCTTCTTCTGTCATAACTTGCATTGAACACGCTTTTATAAGCATTAATTCTTCTGTGATAGTTTCATTAATTGCTCGATGTCTTGCTAAGAGAGATAAATTATCAAAATATTTCGATATGATCTCTATACGAAAATGTGACTCACTATTTTTTGAGCTATGATGAAGGTGGCTCTCATTTAACACGTTTAAAAAAATTGGATTGAATTTTGTAGTCAGTTTTTTTTCAATTTGAGTTTGAATATTCATTTATTTTGCTTGTTAACTCCGTAATGCTTAAAAAATTAGCTTTTAAAGTGCAAAATAACGAGAAGTAAAATTTTTTACGAATACAATGTTTCAATAAAAAATGGTGCGGACGAAGAGACTCGAACTCCCACGCCCAAGGGCTCTGGCTTCTAAGACCAGTGTGTCTACCAATTTCACCACGTCCGCATAAGGGCTGTTTATATTAGAATTACGTTAAGTGCAACTTTATTTTATTATAAAAAATTAAAAAAAAATTTAAATGCTAAAGAACTGAAATGACCGCTGTTTTTTACTAAAATTCTTAGGACTTGTGGTTAGGTTTAGAATTGCTATCACTTCTGTCGTTTTATGTGGCATGACTGTAATAATCAGTGAACTTAATCTTTCCATAACCATAAAAAGACCAAGGCCAGCCCCTACTGCTTCGTGCTGTAATTTGATCATTGCTTTTTTATCACTAGCAAAAAGAAACTTTAAATACTTATAAACAGTTGGCTTTTTAAACGTTCCAAAAGAATCTCTAACCCCGATAGCAAGGTATGTTCCATCAAAGCTCCATTCTACTTGAACAGTTTCTTGCGGTAAAAGTGATATTGGGACCCGTCTATCAACATCATGAAGCTTAGGATTGGCATCCCAAATTGCGTTCATAAGCAACTCTTCTTGGACTTCTACGCCGTATTGAGCATAGGCGTCTGTGGGGCGACCGAGAACAGAAGATAAGCCTTTTATAAACTCAAATAAAGCATCTCTAAACCATTGTCTTTGGTCAGAATGTGATAGGACATATCTATGAACGTAGGCTCCATAAGACACGCATTTATTTACACCAAAATATTTTTTTTCTCGGATTTTTCTGATTGTGCTCATGAGTTGTAAATGTGGTACATGCTCTTGATTACAAGACAAAACATGCCCAAAAAGCATGAGCCCCTCACTATCAATGATTTTATCTTTAGTTTTATCATCTACTAATAATAAATTTTCAATTTTGATAGAAGGTATTAGATCTTGATCTTTTAATTTTTGTTCCTCAATTTTATCTGAAATATACAAAGCCTGTAAACAACCACTTGAGGCTAGTTTTTTTAATTCTTCGATACTTTTTTCCTGAGAAGCAACAATTGGATTAATTGCTGAGCTTTTAAATAACGCAACCAACTCGTTTTTGTAATTTTCATTATCTACATCGAGTACAGCATCTAGATTTAAGTTTGTAGAATCTAACATTATTAAACCCTTGATTATTTTAAGTTCTCGATAAAGTAAAAGTATGATTCAAAATCAACATCTGACTCAATGCTGCATCCTTCTTTTTCACATTTAGGAAGCTCGTAATCTAATTTTTTGCCGGGAGTAAATTCTTTTCCAGATCTTAAGACAAATATTTTTTGTTCTGCGCAGGTTTCGCAATATGCAGGTATTTGAAAGCTTTCTACTTTAACATTATTCGCTAAAATTTCTTTAACCATATTAAACTGCATTACAACTGACTGAGGGCAATTATAATAAATTGGATTTATTTTAAGTTTAGATATCCAAAGAATCCATTCGCGAACACCGCAACTGTTTATTGTTCTTACATTTCCTAAATCAAACTTAACTTGCCCAGAAGGAAGACCAAATTCGCTCAAGTTACACGTTTCTGTGATGTCACCAGACACATAATACATGCCGTCTTTTAATTGAACATCCACGCCGTAACCTCCTGATTACCTTTCTACTCATTCTACTAAGCTTACAGATATTTTTGCCACATATCTTCGATCTGTTACAAAACCATCAGCTGTAGAGACTTGTTCTCCATAAGTCGAAAAATCAATGTCAGCGAAAAAGAGATTTACAGATACTCCTGCACTAACACTCTGCATTCCATAACCAATACGCATAGAGAAGGGAGCATTGGATCCGTTAAATGATCCAAAACTAAGTTCGCATCCTGCTCTTATTTTATCTCGGAAGTTAAGCCTTGAATCATTAATCCTTTCTTGTTCGATTGATACAGTTGCGCCAATATTTTTTGATATGCTCGGATTTATACTT
CP146516.1_gap2	176003	180943	4940	TTAAACTTTTATTTAAGATTAAAAAGATGTTGGTATAGAACATGTTAGATTATGAACAATATGGAAATAGAAAATTTATTTTATCTTCGCTTTATAATTATGAAACTCAGATTGTAAATGGATTATTTAAAAATTATGAATTTGAAAATTTAAATAATATTAAAGAGTTTGATAGTTTTATAAAAAAGAATCCTAATTGTTTTGATAGAACATGTTTAAAAGGCCATCTAACAGGATCAGCTTTTATTATTAATTCAAAAATAAATAAAGTTTTGTTTACTTATCATGCAAAACTAAAAAAGTGGTTGCAATTGGGAGGGCATTGTGATGGAGATTTTTTGGTTCATAATGTCGCAATTAAAGAAGCAAAAGAAGAATCGGGTTTAGAAAATTTTTATTACTTAGATTTATTTAATTTTCCAAAATTTTATTCTGATGCAACATTAAATAAAATACACCCTATCCCTTTTGATATTGATATTCATTTTATACCAGCTAGAAAAAATGAGCCTAGTCATTTTCATTATGATGTCTGCTATCTTTTGACAGCTGATGAACAGAGTCATGTTACAATAAGTGACGAATCAATTGACTTAAAGTGGATCTCATTTTCTGAAATACATTATTATACAAAAGAAGTAAGTATTTCTAGGCAATTACAAAAAATTAAAACATTAATTAATTTTTAAAGGATGATATTAAATGAAAGCTGTTGCTCTGGATTTAGATGGTACGTTATTAAATAGTAAAAATTTAGTATCTGATTATTCTAAAAGAATTTTAAATGATATTTCTAAAATAGGAATTAAAGTTGTGCTAGCGAGTGCTAGACCTGTTCGATCTGTATTACAAATAGCAAAAGATATTGGTGGCATGGAAGACCAGTTTATAATAGCCTCCAATGGAGCATTGATTGCAAATTTTTCTGGGGAAATTTTATATAAAAAATCAATTCCTAAAAATATTATTGCTGATACCTGGGAAACAATTAGTCATTATACAAAATCTAATCCTAAAGAAGAAGTTACGGTTCATATTTATTCTGAATTTAAATGGCTAATTCCTTTTTATACTGAGAGTGCACAAACTGAAATTAAAACTATAGGTTTTTCTCCAGATATTGTAGGAAAAGAAGCCTTTAATATTGAAAGTGCAGAAAAAATTATGATTGTCGCAAAACCAGATTGTATTCAAAATATTATAAAATTTATAAAAGATAGTAAAATTAAATTAAATGCTGTTCTTTCAAAACCAGATTATCTTGAAATAAATGCAGAAAATGTAACTAAGTATTCTGGTGTTTTTGAATATGCCAAATTAAAAAATATCTCTGTAGATAATATTATGGCATTTGGCGATGGAGACAATGACGAGCTCATGCTAAAAAATTGTGGTTTTGGTATTGCTATGTCAAATGCTTCTGAGCGTGCAAAAATGGCTGCTAAACATGTTACTTTAAGTAATGATGAAGATGGTGTCGCAAGATTTTTAGAAAACCATTTTTTAAAAAAATAACTAAATAATAGAATATTAAATTACAAAATTTAATATTCTATTAGCAACATAAATGGTTTTTTTAATAGGTTTGCCTTCGAGTAAAGAACGCACATTAGCATTTTGCATTGCAGTTGCAACAGCTTCTTCTTGAGAAGCGTTAACGGCTAAACAAATTTCTCCTCTGTGTTTGCCATTTACCTGCACACCAATTTTGATTTCGTTATCTTGAGTAAGCTCAGGATTAAAGCTAGGCCACTCACTTGTGGATACAAAAGGATAATCCTTGCTTTCTGGAGATATTTTTTCTTCAACAATGCATTTGTACCAAAGTTCTTCTGCAAGGTGAGGTGCAAAGGGTGATAAAATTTTTAAAAACTGACCCAGTACTTCTTTATTTTTACATTGTGTTTCTGCAATTGAGTTTAAAAATATCATCATCTGTGCAACCGAAGTATTGAAACTTAGGTTTTCTATGTCTTCTGTTACTTTTTTAATAGTTTTATGAAGAATTTTTAAATCTTGTTGTGAAGCAGGTTCGTTATTAAGTTGACTCTTGCCATCATCAGAAAGAAAGAAACGCGTAATTCTGCTTAAAAAGCGATGCACTCCTGCAAGATTGCTGTCATCCCATTCTTTGGTTTGGGTTAAAGGCCCCATAAACATTTCGTAAACACGCAATGCATCGGCTCCATATTGTTCTACAACATCGTCAGGGTTAATTCCGTTGCCTTTAGATTTAGACATTTTTGCGCCATCTTTGCAAATCATGCCTTGGTGTACAAGTTTTTGAAATGGTTCATCAACTGGACATATGCCTGCATCATATAAAACTTTTGTCCAAAAGCGCGCATATAATAAGTGACCAACGGCGTGTTCTTGTCCGCCAATGTAAAGATCTACTGGCATCCAGTATTTGAGTTTTTCATAATCTGCAATGCAGTTTGAGTTAAACGGATCAATAAAACGTAAAAAATACCAACTGCTCGCCGCTGAACCGGGCATGGTATTTGTTTCGACAAATTCTATTTCGCCCTGCGCATTTTTTCTTTGCACCCAACTTGTAATTGCTGCGAGTGGGCTTTGGCCATCTCCTGTCGGTTCGTAGCTTGTAACTTCTGGCAGGGTTAAAGGTAACTCATGCTCCTCTAGACTTCTCACTACATTTCCAGAAGAATCTTTTAAAATAGGAATTGGCTCGCCCCAATATCTTTGACGACTAAAAACCCAATCTCTAAGTTTATATGTGGTATTTTTTTCACCAAGATTATTTTGAGCAAGATATTCTATCATTTTTTCTTTGCCTTGCTCAACGTCAAGACCGTTTAAAAATTGCGAATTTATAATTGTGCCATCATCAGTATATGCTTGATTATTGATATCAATATTCCTGTTAGGCGAAGAGATAACTTGAATGATATTTAAATTAAATTTTTTAGCAAATTCATGGTCTCTTTGATCATGCGCAGGAACAGCCATAATTGCGCCTGTTCCATAGCCTGTTAAAACATAGTCGCTAATCCAAATTTGTATAGGATTTCCTGTTAAAGGATGCACTGCAAAAGCACCAGTAAAAATACCTGATTTTTCTTTATTCAGCTCTGTGCGATCGAGGTCGCTTTTTTGCGAAGTAACTTTTTGATAATCTTTTACTGCTGAAAGTTGCTCTGCGCTAGTGATTTTAAGAACAAGTGGATGCTCTGGCGCTAAAACCAAATAGGTTGCGCCAAACAATGTGTCTGGGCGGGTTGTAAAGACTTCAATTTTTTCTTCATTAAAATGTTGAACGGCAAATTTAATTTTTGCACCCGTCGATTTTTTGATCCAATTGCGCTGAATTTCTTTGGTGGACTCAGGCCAATCAAGTTTATGTAAATCATCGAGCAAACGATCTGCGTATGATGTGATTTTTAGCATCCATTGTTTCATGGGGACGCGATAAACAGGATGCCCCCCTCTTTCGCTTTTGCCTTCAACAACTTCTTCGTTGGCAAGCACAGTTTTAAGCGCTGGGCACCAATTTACAAAGACTTCTGCCTCGTACGCCAAACCTTTTTTATAAAGCAAAGAAAATATCCATTGAGTCCAATGATAATATTTTGGATCACAGGTGGCAATTTCTCTTTCCCAATCGTAAGAAAAACCAAGGCTTTGTAATTGTTTTTTAAAGTTTTCAATTGAGTTGTAAGTTACCTTTGATGGGTGTTCACCAGTATCAATTGCATGTTGTTCTGCGGGAAGTCCAAACGCATCCCAGCCCATAGGGTGGAGAACGTTGTAGCCTTTCATGCGGTAAAAACGAGCAACGATGTCTGTGGCTGTATAACCCATAGGGTGTCCAACATGAAGCCCCGATGAACTTGGGTAAGGAAACATGTCTAAAGCATAGTATTTAGGTTTAGAGGAGTGATCGATAGTTTTAAATAGGCTGCTGTTTTTCCAGCATTTTTGCCAATGTGGTTCAATTTGCTTGTGCTGATAAGACATGGATTTCCTCAAAAAATGGAAGTTAAGATTATCCCAAATTTTTAGAATTATGGAATAATTTATTCTGAGTTGTTTGTAACAAAGTTCATCACGTTGAGAAAGTCTATTTTGTTTGAAAAAGAATTTTTAAGTGATTTAAATTAAATATTTATAGTGATTAAAGTAGGTTGAAATAAGGTTTTGCTAAATAATAAACCTCATTGTCACATATTTGTCACAAAATATTTACAAATTCTTGTCGAAGGTGTACGGTGTAAGATGCTCTTTCAAACGCCTGTAGTATTTCAGTCAATCTCCAAGGATTTTTATGAGACTCACAAAAGAAAAAATAGATTCATTTCGAAAAATTAGAGATAAATCTGGATCTCGTTTTTATGAATTTTCCACTTCGTGGTGGGGTCTTTGTTTTTTTATTTCATTAATTGGAGGTTGTGTTCTGTGGAATGCATTTATGCCACTTAACGCTCTAGTGTTTGATCCCTACCCTTTTAATGGATTGAGAACTGTGTTGGCATTGTTAGGAGCCATTCAAGCCCCTATTTTGCTTTTATATAGCAGAAAATCTACAGAATATAGAAAAAGTATTCTTGAACAAGACTTTGAATTGGAAAAGAAAATTTATAAAAAAATTGAAAATCTAGAAAAACAATTAAAAGAAAATAATGATGTGTATTTGCAAGAACTAAAAAAAATTAGCAAATTTACTAGAAGCCTAAAACACAAAAGAAAAACACATAAAGAAAGTATTAAAAATGTGTTGCCAACGGTAGAAAGTAATAAAGAATTTTTAACAACAAATACAAAAAATAGAGAGCAACTTAATTTAAGACAAAATGAAAATAACGAAAATATAACTGCTTAAGCTGTTTTGTTGTTTTTACTCAACTGGGTTTGACGAAGTCGAAATATTTGCAACAATAATTGCGCCTGCTGCAGCCATCGAAAAAGAAAAGACTGTA
CP146516.1_gap3	182785	186472	3687	GTAAAAGTTCTTTAGGCATTGAGCTTCCTGCGCACAATCGAGAAACAGTCTCGTTACGAGAAATTATGGAATCAGAAGTTTTTTTAGGTAAAAACATGTCTTTACCTGTTGCATTAGGAAAAAATATAGAAGGATCTCCGCTCATTTCTGATTTGGCGGCAATGCCTCATTTGCTTGTTGCTGGTGCGACAGGAGCGGGTAAGAGTGTTTGTATTAATGCAATGTTGATAAGTTTAATGGTCAGTAAAACGCCAAGGCAGCTTCGTTTATTGCTTGTTGACCCTAAAATGCTTGAATTATCGGTATACGATGGAATAGGCCACCTTCTCATGCCTGTTGTCACCGAGCCAGATAAGGCGGCAGGAGCATTAAAATGGGCGATTGAGGAAATGGAACGCAGATATCGATTGATGAAAAATTACCAGGTGAGAAATATTATGGCGTTTAATAATGCCATTTTAAATGGTGAATTTCAGCAAACTGATCAGAACTTACAAAAGGTCGATATTTTACCACATATTGTTGTTGTTGTAGACGAATTGAGCGATCTGATGATGACTTCACCAAAAGATGTAGAAGATAGTATTCAACGGCTTGCACAAAAAGCGAGAGCGGCTGGGATTCATCTTATTCTTGCAACCCAACGCCCAAGTGTTGATGTTTTAACTGGAGTGATTAAAGCAAATTTGCCTTGTCGCTTAAGTTTTCAGGTTGCTTCTCGCCATGATAGCCGTACTGTCATAGAAACCATAGGAGCTGAACGACTTTTAGGTAAAGGTGACATGTTATTTTTACAGCCTGGAGTTAATAAAGTGATCCGTGCGCAATGCGCTTTTGTGACAGACAAAGAAATTGCAGCAACAGTAAAAGAGCTAAAAACCCTTTATCCTCAAACGTATGAAACTCATATAATTCAAGAAATTGAACGAGCATCTTTGGATCTTAGACAAAAAAATGACAAATCTACTGAAAGTATTACACTTTCATTATCTAATGATAATGAGACGATCGATGAAAACACACTTTATGATAGAGCTGTAGAGTTTGCTAAAGAAATTGGAAACGTGAGCACATCAAGTATTCAGAGAGAGTTCCGAATAGGTTACAATAGAGCCGCTCGTCTTATGGATAGAATGATTTTGGAAGGAATTGTTGGGCAGGCAGAATCTTCTGGTAAACCGAGACCTGTTTTAAAACGATTTTAAGGTTCTTCAACAAAAGGATCCGTTTATTATGAAATTGACCCAAGAAGCATACCAGAACGATAAAAATGCACTTGGCGTTACTTATGAAACGGCCGCTCTCGTTGGTAGCCGTTTGCGTCACGCTCGTGAACTCAAAAAATTATCACCCTCTCAGGTCTCTGCTCGTGTTAAAATTAGAGATCGTTATATTGATGCAATTGAAATTGGAGATTGGGATGTTTTGCCACCTGGCTTAAATGGGCGTGGCTTAATTCGGTTGTATGCGAGGGAACTTGGAGTTTCTATTCCTGAGTTTGAAGCGTTTCATCATTTGCAAACAATAATGGTTGAAAAACAATCAGAAAGTTTAATGGAAGCGTCATCAAAAAAATCTAAATATCACCCAGCAGCAGAAGAGTCTGCAGAAGTGATTCGTTCTATTTCTAGAAAAGAATATCAAAAAAATGCTCAATCTGAACACCCAGAGTATCATTCATCCACAAGCGATGAACCAAGTTTTGCTCAGGCTCGTAATACAAAAATTTACTCAAAACCCCTATATTCACAAAATAACGTGACAAACGCATCAAGTCCTATTGTAACTCCAAATATTTATGAAGTATTGGGCTTAGAAGTTGAAGAAAAAGCTACTGCTACTAAGTTAAATGTAGAAGCTAAAACTAAAGAAACAGTTGCGGCAAAAAGAACATTACCCACTGCAGAGCCAATTAAAAAATTTACTTATCCACAGGAATCAATAGAAGATGTTGAAAAAAATGTTGTAAATAAAACAGAAATTATAGAGCCAAAGATTCAATTTAAAAAAGATTTAAATGTGAGTTTAAATAAAAATAATCATTCTGAAGTTATGAGAGAAAAGAAAAAACTTAAAATTGACTTGAACCCACTTCAAATTATTGGAGTCATGGGATTCATGATGATTTTTATTTTTGTAAGTTTATTTTTATTTTCAAGAAATTCTGGTCAAATTAAAGTTACTAATTTGACCGCTAAACAGATAGAAACAAATATTGGAGAGTCAGAATCTCTGACAAATTCACAAATTAGCGAATACAATTCAAAAGATAAAAAATCTGCAGGAAGCACTGAAAAATTAAAAGACACTGCTTCTCAAACAAAAACAACAACACTATCTCCCTCTCAAAAACTCTCAAATACTTTAGAGGTAGAAAGAATCGCGAAATTAAATATTTCTTCTAAAGTTACAATTACGGTTGAGGCTGATGGCAAGCAGGTTTACTCAGGCACTCGGGATTCTGGAGTATTAGATGTTCCTTTTAAAGATAAAGCAGAAATCGTAATTTCTGATGCTTCGAAGGTTAGTTTAGTTTATGAAGGCATTAATCATGGGTCTTTGGGGTATCCTGGTAGAAAAAGAAAAATAATCCTTAATGCTAAGCCATATGTTGATTAACTCACTTGCAGAATTATAAATGACCTTGTTATAACCTCCTCTAAGCCTAAAGGAGGTTTTTTTAATGTCTCTAAGTACCGAAAATAAAAATAAAATAGAGCATATTGCTTCTGAGCTTTTATACCACAAAAAACTTTATTATTCAGGTAAAAGTGTGATTAGCGATGCTGTTTACGATGCCTTAGAAAACGATTTGCGAATGCTTTCACCTAACCATCCGGTTTTATCGTTGGTTGGCTATAAATTTGAACATACGGGAAAAAAAATTTCTAGAAAAACTGCAATGTTATCTTTAGCAAAAACTTATAGCATTGAAGAGCTATACGAATTTTTGGGTAAAAATAGTTGTGTGGTTATGGATAAAATTGATGGCATGGCTTTATCTGTTGAATACAATTCAAACGGTAGTTTTTTAAGGGCTTCAACTCGAGGAAACGGTATACTTGGAGAAGATGTGTCTGAGCATGTCTATCACATCAAAAATATACCAAAAAAATTAAACATTGATGCAGCATTTGATAAATTTAAATTTGAAATTCGAGGAGAAGTTTATTTTCCATTAAACGAATTTAAAAACTTTGCAGAACGGTTTGATAGTTTTAGAAATGCTGTTCCTGGAACTTTAGGTCGAAAAGAAGTTGACGAAGCAGTAGATGTTTTGAGAGTGCTAAATTTTTGTGTTTACGATTTTTTAATTTATGACAATGATGGTGAATTGGTTAAAGCAAGTGATTTAAAAAAAATATTAAATATTAGTCCTATTTATTTAGAAAAAATGTACTTGTTAAAAAAACTTGGATTTACAGATAATTTTGATCATATGCAAGAATTCTTGTTACCAAAAGATAGCACTGAATTAGGAATATATATTGATAATTGGTATTTAAAGCAAAGAAATTATTCTATTGATGGACTTGTTTTTAGAATTAATGATGAAGTGATTTGGGAAAATTTAGGCAATACATCTCATCATCCTAGAGGTAGTCTGGCGTTTAAAAAAGCAGGAGAAACAGCAGAAACTGAAATTTTAGATATCGAAGAAAATGTTGGAAGAAGTGGTAAAATTAC
CP146516.1_gap4	214464	216537	2073	TTTCCAGTTGCTCCACCTAACGTTTTTTCTCCATCATTGTTTCGTGATATTTTTCCAACGCTAGTTCCATCTTTTTGTGGAATAAGATAAATAATTCTATTTTGAAAAATTGATAAATGATCATTTAATTTATGAAAATAATTTTGAAGATTACAAGAAATCATATTATCAACTTCAGGATTATCTATAATTTCTATTTTATCACCATATTCGTTTGATAAATTATAAAAAAATTTAATTTCATTTTCAATTTCATTTAGTGTGAATTTTTTGTTTTCTAAGAATTTGTTTCTATTTTCTAGTAATGAAATTATTTCAATAAATGAATTGTATTCTTCATTGGTTTTAAAATCACTTTCTTTCACATTAAATTTATTACATTCTAAATAATTAGAATTAAGTACAACATTGCTTTTAGCTAAAATTTGTTCAATATTATTACTTGAATTATAATTATTATTGCATGAATTGCATAATAAAATACATGATAAATATAATAAAAAATTTTTAAAATTTATATGTGGCATAAATATTATCTCCGATTATTTTTAACTTTATTAAATATTTATTTTAATTAATAGTTAATAAAGTTAAAACGTCAAAAAATTTCGAAGCGTCAAAATCCAAACGAATTAATTTAATTATATTCAATTATTCTAATTGATTTTTTAAATACGTTTTATACTCGATAAAAAATATACTAGATACTAAGTATCAAATATCTCATAATTTTTCAAAGTAAATGTATTATCATTGTTATTTTTTTGATAAAAATTTTATCATCCCATTAAAAATATAGCTGTGAAATGGAAATACTGTGTACCAATAAATACGACCAAATAGACCTAACGGTCTAAACGTTGCTGTTTGAACTATTATATTATTTTTATTTATTTTAAATTCTAACCAGGCTTCTCCTGGCAATTTCATTTCTGCATAAAGAAGCAATCTTCTATTTGCCTTATCTGCAACCAAAACGCGCCAAAAATCTAAAGCTTCCCCTGTTGATAATTCTGTTTGACTTTTTCTTCCTCTACGCAGGCCCACACCGCCAAATATTTGATCAATAAAACCCCTTATTTTCCAGAGCATGTTACCAGAATACCATCCATTTTGACCTCCAATTGACCATATTTTTTCAAGCGAGACTCCCACATTTTCGCTCTTTTTTTTACGAATGTCTGTAAAGCATCCATCACTTGGTACTTCCAAATATTGAGAAATTCCATCACTAAATAATTCACTGGTTAAAGCGTCTTTCCAGCTTGAAAGAACTTGGTTTTGTTCTATTTTATTGAACGCCAACTTAATAGATGTTTTATAGTCAATTAGATTTATTTTTATTAATTTATTTAAATTTGCTTCTTTACAGATTGTTTCGTTTTTCATGCTTTCTACAAGATTTTTAGCAAGAGGGTATGATGTTGCTGTTACAAAATAAAGCCAATAAGAAGAAATTTTTGGTGTCATAATAGGAACAACAAATATTTTTCTATGCAATTTTCTAAATTTAGCAAAGATTAATAACATGTTTTTATAGGAAAGTATATCTGGTCCTCCAATATCGTAACTTTTATCATATGTTTCTTTTTTTCCTATAACACCACAAAGGTAATCTAGAACATTTTTAATTGCTATCGGCTGTGTTTTTGTGTTTAGCCACTCTGGTGTAATCATTATTGGTAATTTTTCAACCAAATCTCTCATGATTTCAAAAGAAGCACTACCTGATCCAACAATAATTCCTGCTCGCAGGGTAGTTAAGGCATATGTTCCTTGAGAAAGAATATTTTCTACATTTTTTCTGGATGCTAAATGTTTAGATAAAGTGACTTCATTAATAAGTCCGCTTAAATAAATGACTTGCTTGACCTTAGTATTTTGAATTTTTTCCTTAAAATTATTAGCAGATTTTTTTTCTAGTTCTTCGAAGTTTTTTGTATTTGTAGCCATTGAATGAATTAAATAAAATGCAATATCTATATCATTTGGAATTTTATTTAAAGATAATTTATCTAAAAAATCAACTTCAATAACTTTAAGATTATTTGAATTGTATTTTTTTTCATTAAA
CP146516.1_gap5	224181	227620	3439	TAATACAGAAGGTTCATTGACATCAAGAATGATTTCCCAGAATTTTCCAAGTTTATTAGCTGTTTCATTGATTTCTTTTTTTATTTTGTCTAAATCTACTTGTTGTGGTGATTCATTTTTTATCATTAATTTATTTATATAAGATTCAAGAATATTAATATGAAGCTTGTCAGTAATAGCTGATAGCCTTGATTTGATTCTTTCTAATTCATGAGGAAATAGTTTTTTTTCTTTATTTAAAATGTGTTCTCTAACACCAATTTTTCCAAAATCATGTAGTAATGAAGCATAGCGAATTTCTTCTACCTGAATTTTAGAAAATTCTAACCCTGCATAGATACCGCTATGGGTTTTATTAACCGCTTCGGCAAGACCAACCGTTAATGTTGCAACTCTTTCGCTATGTCCTTTTGTAGTTGGATCTCGAGATTCAATAGCAATAATACTTGCAGCAGTGAATGATTCGAAAACATTTTTTAAATCGTTGATTAGTTTTGTATGTTCTAATGCAATAGCTGACTGGTTTGCAATTGATTCTAGTAAATCTAAATCATGAGAATAAAATTTAGTTACGTAATTATCAATGTCAGTTTTATTATCAAGTAAAATTTCTTTATCTACTCGTTTATTTATGAGTAAAATAAATCCTTCTATTTCTCCAGAAGGAAACATAATAGGGAAGGCGCAATATGATTTTATTTTGTATGTTTTTTGGTCAAACATAATTTCTGGTAATTGAGAGAACTTTTTAACCAGATTATTTGTCGAGTCAATATTTTCTTCTCCCACCCATGATATACTAGTTTTTTCTTCGACTATAAATTTTGCAATTTTTGAACAATCAGAATCTAAGCAGTTCTTTTTTAAATGTATTTTTTGTCTGTTTAGAATTTTATTTTTTTGCGTAAATTTTATTGATTTATTTAAAAGATTAATTGTGCTTAATTGTTTGTTAGAATTTGTATCAATTGAATTTTCTTTTGTAAAAATAAATCCTGCATCAGCATAAGTAATTTCCATACTTTTTTTTAAAACTAATCCCAAAAAATCTTCTGCAAAAAAATTTTTATTAGTTATTGCTTTACTAATATCTTTCATTGCTGTGCTTTCTATTTCTCGAAGCATAGAAAATGTGGATAAGTATTGATAGCTTGAATGTAAGAATAAATTATAAATAGTTTCTTTGAGTTCTTCGTAAAATATTTTTTTTGAATAAGGAGATTTTAGATATTTAATAATTTTTTCGTTTTCATATAAAGAATATGTTTTTTTTCTTAATTTAATAGTTGGTATATCAAATGGATCTTCAATTAAAAATATTCCAATGTGCTTGGTGTTTGTTCCAAATTCTATATATTTTGTAATGTTTTTTTTATTATAAATATATTGCTGTGGTGTCATAACGAGTATTTTTAACTTTTCAGGATTAGATATTTTTTCTGAAAGTTCATTATCAATATTAACTGATTTAAAAGTAACAGATAAATCTTTTGTAGAAAAATCTTTAACTAAATAATCAACTGTTTTATAAAATAATAAAATATCAATTTTGCGATAGGGTGAAAGAGGCACTCTAAGCACTCCCATTGATAAAATTTTTCGTAACTACTCAAAAAATTTATCGGTAAGAATAAAAAAAAATTTTATTTACAAAAAATTGGCGCTAGGAATCAATTTTAATTATCGAAACGGGCAAGATTGTGAAATGAAGTATAGCTACTTTGAAATGCAAGTTTGACAGTATCCATCGCGCCGTGCCTGTTTTTGCCAATAATAATTTCTGCGATGCCTTTGTCGGGCGATTCTTTATTATAAACCTCATCTCTATAAACAAATAAAATTTGATCGGCATCCTGTTCTATAGAGCCAGACTCTCGAAGGTCAGAAGGCCTTGGGCGTTTGTCTGGGCGTTGTTCCAGTCCGCGATTAAGCTGAGATAAAGCGATAACTGGGCAATTTAATTCTTTTGCCAGAGATTTTAGCCCCATACTGATAATTGAAATTTCTCGTTCGCGGCTTTGATTGCCTTTTGCTGAAGGATTTGCAGACATGAGCTGAAGATAATCGACAATGATCATATCGAGTTTGCCTTTTTCCCTTTTGACTTTTCTGCAGCGGCTAGCCAGATCGATAATACTTATGCCCGGCGAATCATCGAGTAATAGTTTATCTGTCTGAAATGATGCTGCTTCAGGATAGAGTCTGCCAAGATCTTCACTAGACATTTTGCCATCTCGAAACTTATGCGACTCAATTTTAGCAGCAGTGGCAAGCATTCTTTGCATTAACTGCGCATTGCTCATTTCAAGACTAAAAAAAGCAACTGTTTTTTGATGAAGTAAAACAGCATTGGCTGCAAAGTTTAATGCTAAAGACGTTTTACCCATTGCTGGACGGGCTGCTAAAATAATGAGATCAGAGGGTTGAAAGCCAGCCGTGATTTTGTCTAAATCAGTAAATCCGCTTGCTATACCAGTAATTTTACCAGGGTTCTGAAATATTTTTTCTAGATCTAAAATTGTTTCTCGAACGACTTGGGCTGCAGGAATAAGACCTGTTACAATTCGAGATTCTGCCAATTGCGTGAACTTAGATTCCGCATAGCTTAAGAATTCATCGACATTGGCGCCAGCAACTCTTTTGCCTCGAGCAATAATATCTGCGCATGCTTCTATAACAAGCCTGAGTTCCCAATATTTTTTAACTTCTTCGAGCCAATAATCGAGTAATTCGGGACGGGAATTAAATTCGAGTAATTTGCGGACACCCTCTAAGTCGCCCACCTTAAGGTTGTCCCCTTTTTCTCGCAGTTTTCCATATACTAAAGTAACATCTGCGGGGCGATTTTCTACAATAAGTTCACGGATAGCTGTAACAATTATTTGATGCTGTGGATCAAAAAAATAATGAGAAACGAGTTTTTCTGTACACCCAAAAACGCTTGAAGGTGTTGCTAAAATTGTTCCAAGAACGGCTTGCTCAGCTTCTCGAGAATGAGGCAAGCCAGTAATTGAAGGAGTATTCTGTGGTGTTGAAATCATGTAAAGGAACCTATTAACCTACCAAATTATCTTGAGATAGCCTGATGAATACTCCAAAAAAATTACTGATTGACTTCTAAATTATTCTCAACAAGAGATGGCAGCTGCCTGTTTTGATTAAAAGCACTCGCGATTCTCATTGCCTTTCGTAAATCCCGGGGCTCAATAGCAAACTCCTTAAGCTTACGGTGTAAAGTATTTCTGTTGCATCCAAGTACTTCAGCCGCTTTGCTTTGATTGCCTTTGGTTTTTTTTAATACCAACGCAAAAAGAGGTCTTTCAACGTGAGCAAGAACTGTCCTTAAGGTATTACTTGGCGAATCTTCTTCTAATTTTTCAAACAAATTAAAAAGTTTCCAATAAACTAAGTTTTCAAGACTCGTTTCCTCGATAAACAT
CP146516.1_gap6	352922	357716	4794	GTATTTCGCAAAACTCCAATTCATTAACAGACACCTATTCATACTCACAAACTGGGCAACTTGGAGTATTGCAAAATGTTCTTTCAACGGATGGTTTTGAGACTGCGAAACAAGAATTTTCGAGTGATGCCATAGGGTTTAGAAAGTTTGGTGTTTCGCCAACTCTTGCGGTATTAACCCCAACTTCTATTAATAATTTAACGGGTCATAAAGAAACAAACAAAGAAACCTATTATTCTTCATGGAAAAATCGTAACGAAATTCCAATGCAAAAATATGTATGGAATGGCCGCGGACAGCTTGCAGGAGTGTTTGCGGCATCGTTACCAAGCGATGACAAAAAGCCATTAATAACCCATGAGTTGTTAAATTATCGCATGAGCGATGAAAGTGGTGGGCAACTTGCAGAGTTTGATGGTGTTGCGTTTGAAGCAGATGGAGCTGAAAATGTAACACAGAATTCTAATAAAAATAATTATGTTCACCCCACCAAACTTGCAAGGTTTGTATCGGTAGGAAGCGGCATCTCATTTGAGCGCGATGAATTGCATATCAACATCGATTTGGGATCATTTGCAACGTTAAGATTAATTACCCGTTACCCCACATTAAATGCCAGCAGCCCAGAAACATTAACAACCAGTTCAATGCAAAGCCGTAAAGAGCTTGTAGTGAAAGATTTGGTAGGCAGTGTTTCGCAGGTTATTGATCTTGAGAGCAAAAAAATAGTTGAGCGCAATAGCAGCGAGCCATTTGGGTTATCGAGAGGAATACCCTTACTCACCAATGCAGTGCTTGCCGATTACAAAGAGCAAGGCGCCCGCGCCGATGTTTCGTTATACAGCAATCCCAACAGCAATAAGAGAGCCAATTGGCAGGCAAAATCGTTTGAAGTGCTAGGCGATCATCCACAAGAATTGCAAGGGTTGCGTGGCACAGTGCAATACGCCCAAGGCAAGTTTTCAGCCGCAACGGGTATGCATTCCATGGGGGTGAGAACGCTTGATAGTGCACGTGGTGTTTGGCTTTCTCCAGATTTATACATGGGTAGAAATTTAGAAGGTTTGGTAAAAAATCCATTAGAAGCGAACGTGTATCAGTATGCGAATAATAATCCCATAGCCGCTCACGATCCGAGTGGTAAGGCTCGTGAATATGATTTAGGAATTTCAAATGATTCTTCTTCGGGTTCTGGTAACGGCTATGGTTTAGGTATGGGAGGTTCTGGCTCTGATAGAAGCAATCCTGCAGGTCGGTTTGGTTTAGGTATAGACCGTTCTTCAGTAGGAACAGACCGAGGTGGTGATAGATCCCGCGACTCCGGGATTGACGTCGATCACGAAAGTCGAAGTGGTAGCAACGGCTACATGGGCGGCGGTGGCGGATTTAATTTTGGCTCAGCAATGAGAGGATTTAAAGACGCCCTCTATTCGCCAGCTATGGATAAGTGTTTAGGAATTGCTTTAGCAGGACTTGGTACAGCCGGAGCAGGTTTGGCTATGGAGGCCGCATCGATTCCTCTTGCTCCCTATACTGTTGGAACGAGTGTTTACGTAGCTACGAGCGTCGCTTCGCCCTTGATTTACAGTGGCTCATTAACTGCTTTAGCTGGTATTGCGTGCATTGGTAATGTGTTGATGCGTGGCGATGGCAGTGGTGAGCCTCCTGCGAATTTGTCGCCGCCGGGGGCGGGGTCTCATGGTGCTTTTAGAAAGGCAAAGAGGGATTTAGGCATTCCGATGAGCAGGCAGCCTGATATAATTGAAAAAGTAGAAGATACTACTAATCCTGGAAAATATGTGAAGGATTATGTTTGGGGGAGATATGATTATGAGAATGGAGAGAGAAAATTTATACGTGAAAAAGTAATCCAGCATCACAAATATGGCCATTATTTTGGAAAAGGAAACTCACAAAACCGAGGTCCGCATTATAATGGGATCAATGGTTTTGATAATAAACACTATGACTATTGAAAAAGAAAAAATATTCTTTAGTTAAAAACTCATTAATCATTACAGATATTTCATTATTATGAGCCCAGAACCACAAATGCCCAGGGTTTCTAATTAATGATAAAGGTTATTCTGATTATTAGGAGATTTTATGATAAAAGTCTTTAAGTATAAATTTGAAAGCGAAGAATACAGAAGAGATATAAACTGTCCTTTTTATGATTCTCAATATGCTAAAAAATCCCAAGATAATTTTTTGAATGATCCTCATGTTATATTGATATATAAAGAATTTGAATATTGCTTAGAAGAAAATTTAATTGAAATATATAAAGAAATATTGCAAAAAATAAAAAATATTTTTAATCCATCTGATAATTTTTATTTATTTGAAAGCATGGGCTATGATCAAGAAACACGTTTGACAAACTATTTTAGGTTGTGGAATGAATTAAAAAGAAGGGGTAAAGATTTGTCTTTTCTTTCTAAAACAAAGTGTTCCGACGAAATTAAGTACAAATATGACAATGGTGTAGGTTACAAAGCTATTTGTCAATTTCAATGGCAAAATATAGAAGATTATTTTATTTATATAATAAAATCTGGATGGCTTTATCGCGCAAGTTTTTTCTACTCTAGAAGAAATTTTGATTTGAACGTCGAATTAAGATACTTACTAGAAAAATATGATAAAAAAAATACATTAGATTCATTATCTATAATGTATACAGATTCATTAACTTTGTTACACTATTATATGAACTATTTTTTTGAAAATGATGATTTGTATTTTATAGTTCATGGTGACCATCATATTCGAAGCTTCGGCATCAACATAATAGGCAATAAAAAGATGATAGATGAAATGTATGAAAAGGTATTAAAATGTTTTGAAAATGAAAAATAGTTTGTAACGTTAATTTTTTATTCCACTGGAAATAAAATTTAAAAAATAATTATGTTCACCCCACCAAACTTGCAAGGTTTGTATCGGTAGGAAGCGGCATCTCATTTGAACGCGATGAATTGCATATCAACATCGATTTGGGTTCATTTGCAACCTTAAGATTAATTACCCGTTACCCCACATTAAATGCCAGCAGCCCAGAAACATTAACAACCAGTTCAATGCAAAGCCGTAAAGAGCTAGTGGTGAAAGATTTGGTTGGCAGTGTTTCGCAGGTTATTGATTTAGAGAGCAAAAAAATAGTTGAGCGCAATAGCAGCGAACCATTTGGGTTATCGAGAGGGATCCTCTTACTCACCAACGCAGTGCTTGCCGATTACAAGGCGCAAGGCGCCCGTGCTGATGTTTCGTTATACAGCAATCCCAACAGTAATAGGCGCGAAAATTGACAAGCGAAATCGTTTGAAGTGTTAGGTGATCATCCACAAGAATTGCAAGGTTTGCGTGGCACAGTGCAATACGCTCAAGGCAAGTTTTCAGCCGCAACGGGTATGCATTCCATGGGGGTGAGAAGTGTTTACGCCGTATCTAGCTCAGTGACATAATCGTGTTCAAACTTACGTTTGGCGTCGTAACGTGTGCGAATACCCGAATCGAGACTCATGTTTTGAGTTAATTCATTTACAAAACATCTTCTTTGCTTAGTTGCTTTAAAAAGCGCAACTATTTATTTTAAATTTAACTCGTTTTTCAAACTTTTAATTTCACTGAGAGATAGGCCAGAAGCTTTTTGAATAATCTCTATAGAGACCCCTGCTAAAAGAAGATTTTTTACCATATTAATTTTTTCTTTTTTAACCCCTCGCTCTTCACCAATAACAATGCCTTCATCTTTCGCCGTATCCAGACCCGTGACATAATCGTGTTCAAACTTGCGTTTGGCGTCGTAACGGGCGCGAACACCCGAATCGAGACTCATGTTTTCGAGTTGTTTGTATGCTTTGGTAATTGCAGGAATGTTCATTTGCAAAACCTCTTCTTTGCTTGGTTGCTTTAAAAAGCGCAACCATTTTTCTAGGGTATTATAGTTACCCGAAGGGAGTTTTGCTAGATCTAAATAATGAATAGAAAATAAATCAGTAAGTTGCACTTTATTCTCGGCATCCATTAACACAGCCTCGGTGTGATAGTGTTTGCTGTGTTTAAACAAGCTAAAATTTAACACATGAATGGCAATCGTTTTTTTAAGGGTATCGTAGTTTTCGCCTTGTTTTAATTGGGAGTAATATACTTTACTCCAATAATACAAACTTCTTTTAATATAATGGCCATGATTTTGCATTTGCATTTCGATGTTAATGAGATCGCCATCGGCAAGTTTTGCTAAGACATCGAGCCTAATTGCTTTATCGTCTTCGGCTTCTTTGTTGAGCTCTGGGTTAATAAACGTGACGTCCACAATGGCTTTGCTTTGCTCTAAGTTTAAAACACTATTTACAAAACTCATAAAAATTTCGGGGTCACTACCAAATAGCATTTTAAAAACAAAATCATACTTGGGATCAACGAGTTCTATGTTATTCACAAAAAATCCTTCTTTGCGTTTCAAAAACTTCATGTCTTTGAAAGAAAGTTTTTTTTAACAAAAATTTAAAATAAAAAAAGAGGGAAAAGTTTGTGTTTAAAAATTTTTTGGGAGTGTTTTAAAATTGAGCAGTGGGTTGCAAACTAGGTTTTTAGCAATTTTAATATTTTAATCATCAAGATAATCAGATTTTAGTTTGATAATTTTATTGTATAATAAGTTTTTCAAAAAAATTTCTTTTTATTATAAAGAAAAGATTTTTTTCGGCGAAGCAAACTTCCTTGAGAAGATCGATATTATTTTCATATAAATTTAATGAAAATATGCTAATAATATAATCAATTTAT
CP146516.1_gap7	372630	377177	4547	TTATCATTATCAAACAAAGAATAATCAACAAAAATTAATTCTATGTTTTTAACTAATAAAGCTTTTAAACCTTCGTTTGCATCTTCAAATCTAATTAAAATATGTTCTGGTAAACTATTTTGAATTGCTTTTTCAATTGTACGAATTCTTGTTTCGTTATCACGATTTATTTTAAATAAAAAAAGGACATAACGTTTCTTTTTCTTGGGAGTGATATCAAAAATCGATTTTCCTTCGGCGTCAAAAACTTCCATAAAAAAACCCCTCCTCAAGGATCTTTCAATTATTGTAAGAATTTGGAGGGGAGGCTGTAAACTTAAGGAAATGTTTTCCGTTGGGTATTATTTACCAGAAGATGCCATTTCCATGATTTTGGTTAATCGTTTGGCAAACATTCCTGGATTTTTTACAGGGCTTCCTTCAGATAATAACGCGGTTTCATATAAAACCTCTACCCATTCCGATAAAGTAGAATCATCAGAAGATTTATTTTTGCGCTCAGCCAAATTTTTAATTAATGAGTGAGATGGGTTAATTTCTAAAATACGTTTATTATTAGCACCAAGGCTTTGACCTGATGCTTTCATAATTCGCTCCATATGAGGAGATAGGCCATTTTCATCTGCAACTAAACAGCATGGGCTTTCACGCAAACGCTTAGATATTTTAACTTCTTTAATTTCTTCGGATAGTTTTGTTTTGAACAAATCTAACAAACCAACAAGTTCCTCAACAGGAGCTTCGTCTTTTTTATTTTCTTCTTGTTTTGATTTATTAACGTTACTCAGATCAAGATCACCCTTATTAATAGATTTAAGATTGAACTCGTCGTGTTTAGAGTAGCTCATTAAAAACCACTCATCGATTGGATCAGTTAAAAATAAAACTTCAATATTAAGCGAAGCTAATTCTTCTAAGTGTGGACTGCGTTCAATCGATTCATAATTTGGGCCAGTAAGATAATAAATTTCAGTCTGACCATCTTGCTTACGTTCAATGTATTCTTTAAAAGAGACCCAGTCGTCCTTACCTGTTTTACTAGATTTAAAACGAACCAATTCACTGAGATTTTTGTGCTGATCCTGATCAAAATGAAAACCTTCTTTTAAAACAGAACCAAAAGTTTTGTAAAAATTAATATATTTTTCAGGTTCTGTTTGCGCTAAATTTTGAAGAGCAGAAAGTGTCTTTTTAACAATTTGTTTTTTAATTTGTGGTAACTTGTCATTTTGTTGTAATATTTCACGAGAAACGTTAAGTGGTAACTCATCAGTTTCTACAACGCCAGCAACAAATCTTAAATACTCAGGTAACAATTCTTTGCATTTTTCAGAGATAGAAACCCTTTTGGTATAAAGGTGTAAACCATGGTTATCTCTTGTATACAGATCAAAGGGTGCTTCGCTAGGAATAAAAATAACCGACTTAAATGGTACCAATCCTTCAAGGTTAATGTGCTCCCAAAGTAAAGGATCGCGCCAGTCCATTGCAATTTGTTTATAGAGTTCAATATAGTCTTCGGGTTTGTTTTCAGATTTTGAACGTGCCCATACTGGAGTTGATTTATTTAAGCGTACATTTTCAATTTTATCTTCTTGTTTTTCAACTAAGAAAATGGGGTAAGTGACATAATCGCTATATTTTTTAACGATACTACGAATTTTCCAGTCATCAATAAACTCTTTTGCGTCTTCTTTTAATTGAAGAGTGATTTTTGTACCACGAGACTCTTTATCACATTCTTCTATAGAATAAGATCCGTCACCGCTTGAAGTCCATTTATAAGCCTGGCTACCATGAGCAGAGCGACTTTCTACTGTAATGCTTTGTGCAACCATAAATGCAGAATAAAAACCAACGCCAAATTGACCAATTAAATTTGAATCTTTTTTGTCGTTTTCAGATAGTTTTTCAAGAAATTGCTTAGTCCCAGAATTGGCAATTTTGCCAAGATTGCTCATAAGCTCATCTTTGTTCATTCCTAGTCCATTATCTTCAATATAAAGAATATTATTGTCTTTATCAGTGCTTATAGTGATAGAGTTTTCTTTGTCAGATTTTAGTAAGTTGTGATTCACAATTTCTTCAAAGCGTAATTTATCTAATGCATCGCTTGAGTTAGAAATAAGCTCACGTAAAAAAATTTCTTTGTTAGAGTATAGAGAATGAATCATAAGGTGCATCAATTGTTGCACTTCTGCTTGAAAGGAATGAACTTCTTGTGTCATGGGAGTAATCCTTATAAAAAAATTAACAGTTTTAGCTTAATTTTACGACTCGTTGATATAAAGCCGGTACTTTATGAAATTAAGCGCCAAACACCTTTCGTCAATACCTCAGGCATTCACTTTAATGCTCAATTTTAACTGTTGCGAAGTTCTGATATTTGGCAGCGGTCTCCCCACTCTAACTTTTTGGTTTTTTTATATATTTCACCCTGTTTTTTAGAGCAGATAACATTTTCTATACCATTATGTGTACAAAGCTGTAGTTTTAAGTGACCAGAGTGCTTGCTGGGATGTCTGATGACTCTGGATTCATAATTAGGTTTGGGGTGTTTTGATGCTATTAAATAAGAAAACTTTTCATCCTCGTAGCCTTTTTCCCCTTTTTTTAAATTTTTATGAAGGTTTGAGCGTTGTAAGCGTGCTGAAAAATGGCACCAATCTCTATTTATGAACGCAGGACAAGTCGTTGAATGAGAACAAGGTGCTGCTAAAAATGCATTTTGCTGTATGAGCCATTGCCGAGCTGAGTGAATTTTTTTAAAAGCAAGTGGTGTTCCTGGTTCAATTATTATAAGATAATAGTTTGTTTTTTTCCATAAAAAATCTAGTAAAGATAAGTAGTTGTTCTCTGGTATTTCATTTAATGAATAACTTGCTATTACAATATCAGCCGTTTCAATTTCTGAGTTGATGTTCAGTAAATCTTTATGAATCCATGTCGCATTTTGCAAGATTTCATGCTCACTAGCTAATTTTTTGCCTAATTCAATCATTTCTTTATTTTTTTCAATTAACGAGACTTTTTGAATAGTATTAATACTTTCGTAACAGGCCCAAGCTGCTGTTCCTGGTCCAGCGCCAATATCTAAAACACTTGTGATTGAGGGAGAAAAATCACCTTTAATTTCTTGTAAAACTTTTGATACCGCCGAAAATGTTGCTGGCATTCTTGCAGCTAAATAGGATAAACGTTCTTCCGCATTAGAGAGACTTTCTGTAATTTCTTTTCGATTTTCTCGGTATTTGTAAGATAAATTAGAATATCCAAACTGAATATTTTTTGTAGAGTAAAATTCTAATTCTTTTTCAAGAAATTTTTGCAAATAAGTATAAAAAGACATTTTAAGAGGATCCTAAATATAAAAACGAGAAATGCAGAACAACGAAATTAATCGTTGATTTCTTTTTTTATATTATCGAGTACTTTATTAGCAGTATCAAGTACTTTGTTTTCTGTTTTTTTTGATTCAAGGTTAAATTTATTTAACAACCAATGGACTGGTTTAGAGTCTACAATTTTGTCATGAAAATAGTAAAAAACTTTTTCATCGTTTTTGGCTGGAATAGAAAAAATGAACAGCCAAACTAATCCGTATAATAAAAATATGATTGTTTTTTTTAAAACTGTAAAAATCATCTTGACGTCCCCTCTGGCTTATCAATAGCATTAATTGGGTATGTAATACAAAATATACCATTTTGTAAAGAAAATTTTTTGAGGATCAATATTTGTATGAACCATGAACCACCTATTGAGCTGCAACCTATCGCGAATTTACATAAAAATTGTACAAATTTTTTTGAGAAATTTCATGAAAAACATTTAAAAAATATGTCATGTAAACTTGGTTGTTCAAAATGCTGTTACGTAGACATATCTATTTTTCAAGTTGAAGCATATATAATTATTAATTGGCTATATTTATTAGATCAAGAAAAAAAACATAAAATATTAGAACAACTTAAAGCGTCAGATAATTTAGAACAACAAAATACCAAAAAAAGTAAACAAAAACCGTGCGTATTTTTGCATAATGATGGATGCTCAATATATGAGGTTCGTCCCGCCATTTGTAGAACACAAGGGCTGCCTTTACAATATAAAATTTCGAGTGATAAAAATCAAGAAAACTTAGCAGTAGATGTCTGTCCATTAAATTTTACGCAAGAAAACTCTCTACCAGAAAAAGCAGAATGGCTAGATCTTGATAGATTAAATATACTTATAAGTATAGCAGAAAACTTTTTTCATAAAAATAAAACTGATTCAAATATAATTTTAGATTCAAAATTTATCAATAATCAAGATCGTGTTTCATTAAAAGATTTAAAAAAATTTATTATTAATTATTTAGAAAATGGGGTAATAAGCTAATTTTTTTGATTAAGTGAATTTTTGAAAAAACACTAAAATTAATCAATAAACTCAACAAAAAAGGATCTCAATAAAAAATATTGAGATCCTTTTTGAGAAAGCTAGTGTTAACCAACATAGGTAGGCTTAAAACCTACTTACCGCCGGTTCTTGCTGCACGACGA
CP146516.1_gap8	379679	381383	1704	AAACTATTGGGTCTCAGTTATTTGCACATCAGTTTTTAAAAAATAATTATGGGAGTTTATCACGTAATATTGTTTACCATGACTGTGCTTCAAAATCAGATGAGGCAAATTATCTATTATTTTTTGGAGACTCTAGAAATATTGGAAATACTCTACAATTGAGTTTATTTGAAAGAGCTGTTGGAGGAGTTTTAATTCTTGACAACTTGCATGCTCTTTCGCAAGAAAATCAAAATAAACTTAAAAGTGTTTTTGATTCAGAATATGTTCCTTCTAATTTGGGTGATGGTAGTTTATCAATTAATTTAATTAAGTTTGTTGGAACTTATTGTACAGATTACCAAAATAAAATTGCACCAGGTTTTTTAGAAGCATATGCTCATCGAGAAATCGATCTGCCCTCAATAGCAGATTTAAATCATGATCTGAGTAAAGCGATTCAATTTATTATAGATCAAATTTCACAATCAAGTGAAGATTTAAAAATTTCAGCCAGCCCAGAAGTCATTAGTAAAATATTAGATCTTGCAGCAAATCATATATTTTCAGCAAATTTTCGTACGTTGCATCAAATTATTGAAAATGCAATTTCAAAAGCATTAACAGACCATCGAAGTCAAATTTATCCTTCTGATATCGAAATAGTTGGAAGCATGCGCACAACCTCTGTTCAGGATACTCAAATTGCCTCTTCTCGTTCTGTTAAAAATTACGGAGAAGTTTTAGAGGGACGTTTTGGAGAGGCATTGCTTAAGTATATCTTCTCAGGCGAAAATTTCGATGAAGCAAAAGATGTTTTAAGAAAAATAATGATTAATGTTGCGTCTAAAAAATATGGTGGTAATAAATCAAAAATTGCATCATCATTAGGTATTTCGCGTCAAAGTTTATATGATCATGAAGAAAGCGAATAAGTATTGTTACTTTTGCAAGATAAATTTTTAAGTTAAACTGTAATAACGGCAAAACTCACTTAAACATACAATAAGAGGCGATGTTATGGCTAGTATTTTTACAGATTTCTCCTCGCCAAGTAAGTTAATTCAAACAGCCTGGCCAAAGTTTAATAAGTTTCCAGGTGGTAATAAAATTTTTACAACACTTGTTTCAAAGTATATTCCTTATACAGGATCTATTTCTCCATTAATACTCACAATTGAGCATGGACAAGCTCGGGTATTTCTAAAAGATCATAAAGCAATTAGAAATCACTTAAACTCAATTCATGCAATTGCGCTTGCCAATGTAGGAGAATTTTCAACAGGATTGAGTTTAATTTCTCAACTACCACATGATATGAACGCTATACTCGTAAAAATTGAAGTAGAATATTTAAAAAAAGCCAGAGGAAATTTAATTTCTGAATGTATTTTTAATTTAAAAAATCCTATAGAAAACAATCAAGAATTTAAACTTCTGTCTTCTATAACAAATACTGATCATGAAGTTGTCACTAATGTACATGCAATTTGGCGAGTAAGAACTAAACAATAATTTAAAGTTGGTTAAAAAATGAAAATTGAAAACGCATTCACACGTCTTGTTGGAATTGAGTATCCCATCATTTGCGGCGCGATGTATCCTTGCAGCAATCCAGGGCTTGTTGCGGCAGTTTCGCAAGCAGGCGGTATTGGAGTTATCCAGCCTTTATCTCTAGTTTTTGTTCATAGATATGATTTTCGTGAAGGCTTGCAGTACATTAAA
CP146516.1_gap9	420221	421145	924	TACAACACAAAATAGTGCAAAAAAAATACTAAAAAAATTTAATCTAATATTTTTTATTGATTCTGAAAAAACTTACCATTTTAAATTTAAATATATTTACGTAAAAATTTTTATTATTTTTGTTTTTACTTTATTGTTAAGTGCAATTGTTTCTATTGTTATAAGTGTTAAAGTAATAAATAAAAATATTGAGCTTGAAAATTATATAGTTGAATTCAAGAAAAATATCTTAAAAAGTTATTTTACTAAAGGATTTTATAAAGAAGATAAAAAAAGAAATTCTGAAAGCATGATGGAAGAAACAATTAGTAAACCTCAAACTCAAATAAGTATCTCCGAAAAAAATTCAAAAGACATTAAATATATTGAAAATAGTGGAATAAAAATTGAAAATCACAAGGTAGTTCAAGATACAAATTCAACTAAAATAAGCTTTTCTTTTTCTAACTCAAATCATGAAAAAAATTCAATATTAGGTGCTGTTTGCGCTGTAATTATTGGTTTAGATGAAGCCGGAAATAAAAAAATAATTAAAATACCTGATAACTTAATTGTGAATTCTCAAAATATACCTTCCAGTTGTTTAGGAGGGGAGTTAGTAAGGTTTAGCAGGCTTAGACCAACCGAATTCAATATTGATTTCGGTAAAAATAACTTTAAAATAGAGAAAGTGAATATTTACTTTTCATTTACAGATACCCCCGGAGTTGTTGTTAATTCGTTTTGATTTTATTAGTAATTAATTGTAATTTTATTTTTTCATAAAATTTATTAAAATAAAAAAATTTATTTTTAAAAAATGGTGTCGATAGGCAAGTATTGCATGTCTATGGAGCCAAATGTGATTTTATCAGTTAATGTTTTAATAAAATTAATTACATTAATATTATTATCATTAATTATTATTTCCTGTAATTATAGCAA
CP146516.1_gap10	496776	501122	4346	CATTTTTTGTTGATGGGCTATTTAATACGACATAGCATATGTTTTCTTCTGCGTGTATTAAAAACTCTTCTCCATCAACAAGTTTAACCATAATTTTGCTCTCTTTCGCTTTTTATTTGGATTGAGCATCAACTTCTATAATATTATTTTTATTAGAATTATGCACTTGAGTTGTGCCTGGAAGTGTGGCAAACGGATCACTTTTAACTTTGTTGTTTGTCCCTGAAATCGCTGCATCAAATGCAGATAAATGCTTTGAGCGCGAACCAGCAGATTGCAATTCTTTATCGAGATCAATTTTTTCTACTCCATTTAATTCAGTAGAAAGTTTTGCAACAGCTTTAGATTTTTGTCTTGCATTACGAATTGCTTCCAAGTTTTTAGAAGACGAATCGGTTGAAACTCCAGCCAATCTATCGTTAAGATCTTTGATTTTTTGTGAGCTAATGATATCGGCAACGGTTTCTGCTTCTTCTTTATTTAACATGTCAATTTGTGCTTGAAGTTCTAGCAAACGTGCTTTGAATCGTTCGATTGATTGTTGTTGTTCATCAATCTCTGTTTCAAGCTCTTTAATGCGTTGTTCATTTTTTTCTGCTTTGTCTGCAAGTTGAGTGTATGCACTCTTATAGCGTTCGTCAGGATTTTTTTTGTACAGTTCTATGGCGCCATTCATTTTATGTTGCAGTTCTTCATTTTCGCGAATTATTTTTTTTACTTCGTCGGACTTCATTTCTCGTATGCGGATAAGTTCGGCAATTGCTTCTCTCATCTCTTGATAGTCTTTTGTCCAGTCTTCTTTGGTTTTGCGAAATTGTGAGCGAATGGCATCGGCGCTTGAAGCAACCATTTTATCAGCCATTCTTTCTGTTTTACCTTGCGCAAGTCCAAAAACACTTGCAAAAAATCTTCCTAAACTATTAATAAAACTCATAAAATTCTCCTAGAAAAAACAAAAATAACACAATTTTCAAATAATGAGATCGTGTTAAAAGTGTATAAATAATAACAGTTGTTTTAATATCTGTTAAGCTGTTGGTGGATTTTTCGAGAACAATTTTTTTTAATATTATAGCTCATTAGAGGTTCACAACCCAATTTCTGATGAAGGCATGTTTTCTTGTGGGGGAGTTTCTATAGAAGTTAGCGCTAAAACAGCCTTTTTTTGATCATCGAGATTCATTTGTAAAGATCGTAAACTAGGAAGTTCGCTTAAGCTTGATAATCCAAATATTTCAAGAAATTTTGGTGTTGTTTTGTATTCAAGCGGATTGCCAACTTCTTTTCGTGTACCAGAGGCATAAATTAAATCTTTGTCTTTTAACGTTTGTACAATAGAAGAACTATCAACTTGTCGCAGTGCATTAATTTGTGCTCGTGTTATTGGCTGCCTATAAGCAATTATTGCAAGTGTTTCAAGCGCATTTTTGCTTAAAGAGCGTGCTTTACCAGAGTATTGTTTTTTAATTAACGGGAGATATTCATTTCGAGTTTTGAGCTGGTACTTATTATTGTTTTCAGTTAATTCAAACGCTCTATTTTGGTAATCGTAAACAAGGGCTCTAAGTGCCATGCGAACATCGGATAAAGAAACTTCTCCAACCCAATTTCTGATTTCTCCTGCTTCTAATGGCATGTCTGCTACAAACAGAATGGCCTCAACTTTTAATTTTAAAATTTCAAACACAGATTTATTTGAATTTTGAGGTGAAGCTTCATTATTTAAAATTGTAAGAGAATTTTCTTCTTCCATGATTAACCTTATTGACGATTACATATTATCTTTATTTTTTTGTCGCTCTTTTTTAGGAGCTTTTTTTTCAAGCGGTTCGTTAACGATTTGTGCTTCGATTGTGTTTTTTTCACTAATCCGTTTTTTGGCATCACTAATTAGAGTTGAAGCAATGTTATTTCTAAAATTTTTAATTGATTCTATACTAGTAGGTGCATTGCTCACAACAACGGAATTAACATACCTAATAATTGGGATAATATTTTTTCCATTATTGTGTTCTACTAGAATATTTGTGATTTCATCACGAATTTCTGGAGTAACAGAATTTTCAGGTTGTCCTTTTAAAACTTTACTGACAACATTTGAAAGCATTTTTTCAATTTCAGAATTTGTTTTATGGCTAAGGACATTCACTTTTCCCATTAAAATTTGAATTTCTTCTTTAGAAAAAGTGCGTGCTGTATCAACGGCCTTTCGGGCTAGACCCATCATATTTTTGGGATGAAGGTTTTCCTGATTTTTTTTGAAGGTATCAATGATTTTGTTCGAATTCATACTTTTAATGTTATTAATAAAGGAACTGAATTTACTATCCATTGCGTGTTTCCTTGTATTTTTTAATAGCCTTTTAGGCAAAACTCTATAGCCGAAAAAGTAACTACTGATCTCAAGAAATTAATACCTCTAAATTTCTCATACACCAAAATATCAAAAAATCAAATTAAAAATCTTTTGATTTCAAAAATTTATTTTAATTTCTTGGTTTCGTATTCCATTTTGAAAGTCTTTTGCAGTAACAGGCTTTTTGCCAGGAAGCTGCATTTCAAGAACTTCTAAAACAGAGTTGTTACCACAACCTAAACATAAAGACTGTGGAGTAAAAAATAATTCACCTATTTTTAAATTTAAAGTATTTTTTGAAACTTTAGTTGTAATAATTTTCATTTCTATGACATCTTCGTTGAGTGATATAGATAGCTTTGTTCCAGGCCAGCCTGCAAATGCGCGAACTTTGTTGTGAAGTTTGGTGGCATTTATGTTGAGATCGAGTTTGGCTTCTTCGGGTTTGATTTTTTCGGCATGGGTTGCATTATTGTGATTTTGTTCGCAAGGAGTCATTTTACCAGAAACATAATTTGGTATTGACTTAATTAAAAGTTCTGTTCCTTTTTCAAATAAAACTTCAAGAAGCTCTGGAGATTTTATATTTTCATCAATAATAAGTTTTTCTTGTACTAATATAGGACCAGCATCCATTGCAGCAACCGAAAGTAAAATAGATACTCCTGTTTGTGTATCGCCGTTTTCGATGCAGCGTTGTACGGGCGCTGCTCCTCTATAAAAAGGTAACAGACTTGGATGAATATTTAATGTTCCATAATGAGGTATAGCAAGAAAACTTTTTGGTAGATAATTGCCATATGCAGCTGTAATGCAAAGGTCTGGTTTTAATTCTTGTAACGTTGCAATAAATTCTGGTTCTTTTGCTGATTGAGGAGTTAACACGGGAATTCCGTGTTCAAGCGCAGCAAGATGAACGGGAGAGGGAGTTTCTTTACCGTTTCGGTGAGATCGAGCCGGTGGTTGGCTGACTGCAAGAATAATTTTAAAAAGATGAGAATGTTTTTGTAAAGCAAGTAAAGATTTTGCAGCAACTTGGGGAGTTCCTAGAAAGATAATTTTTAATCTGTTATCTGGTTGAGAATAGACCATAATTAAAGCACCTATGTCATATTTTATAGTCAATGAGTGATGTTACTCATTAGCTGTTGCGTGTGTGAGGTTAGTGTTAAAGAAAGTGTTTTGCAAGAAAGTCTTTAGAAATGCATAAGTCTTCTTCCACCATTTGTCGCCAAAAGTCCCTGTTGTAGTATTCTAAATGAGGAACAAAAAAATCAGGTTGTTTTTTAAAAGAAAACGGCTCGCACAAAGAAAACTGAGAACTCGTTTTTTTTGCGCAAAATAAAATGTCAATATCTAGTTCTCGCGGGCACCAGCGGCGATGTCTTGGATGTCCAATAGTATCTTCAATTTTAGTAATAATTTTATAAAGTTTTATTGGTGTGTAAACTGTTTCAACTTCGCAAGCAAAATTGATATAATATTCGTGGTCAGACGTATCAAATTTTGGATGTTGGAGTGGTTCTGTTTTTCGCCAGGGTGACTGTTGAACAATAAAAACATGCTCTTGCAATAGGCGCAAAGATGTATTTAGATTTTGAATCCTATCTCCTTGATTGGAGCCAAAAGCGAGTACATATTTAAAAGTATAGTTAGAATTAAGCATTATTTATTTAGCTAAAAATACGAAAAAAAGGCGCATGGTGCGCCTTTTACTTAAGTAATTCTAGATTTTACTTAACGTAAACTGTTGCTGCTAACAAGGAGCGACCCTTGCTGCGACGGCGCTTGATGATGTTGCGTCCATTTTTAGTTGCCATACGGGCACGGAATCCATGTTTACGCTTGCGGACTTTATTACTTGGTTGAAATGTTCTTTTGCTCATGTTGAAAATCCTCTCAAATCATAGGAACCACTTTGCTAGCATAGGTGCTCGATTCGTGCAAGTAGAAATTTTAGAAATTGATTGCCTTGAGCCTTTATTTCTTT
CP146516.1_gap11	502912	503541	629	AAGTCTATCCTGATTTGCAGCTGCTTGCCGCACTAGAAGCGGTTGTGATAGGGCTCAACCAAAAAAATATCAGTATATTAAGAGAAAATACGTATGGTCACCCTACACTGTTTAGCTTTCGTCAAGCGACCCATCGTGATATTCCCAAAGTTACACACCAGTGGACGCACCTGTGTTTTATTGATGACTAAAGTATGCTAGCTTTTTGGTGCACATCTCGTTGACATATTTTTGCCTTGCTCAACTTCAAGAAACCGTGTTAGCTCTTAAACATTTATGGGGCGTTTTGCCGTTATGGCACCCAGTAGGAGACAAAAAGCAAATGAATGATGTATCTCACGTGGCTTATCGATATGCTGCTTTATTTTATTCTATTATAGCAGCATATTTTTGGTATCTTTTTTATTCTTTATGGGTTTTTCTTGGTAAAAATTATTTACCACAAGACGTTTCTAATATATTTAGTATTCAAAACAGTAACTTTTATGCTGTCAGCATTGGTATAGCGACCTTGTTAACGACAATTGTTGTTGGCTCTTTGCTTGCGCATAAAAAGTTGAAAGAATTTATTGTTGACGTAGGTGATGAGTTGTCTCGTGTTGCATGGCCCACACTGAAAGAAGCTCAAA
CP146516.1_gap12	520463	524795	4332	CAGACCTGATGATTTAAAAGGGCAAGCAATTGTTGCTTTTGTTACTTTAAAAAAATCAATTGAGCCAAGTAAATTACTTAAAAATGATATTTCAAATTTTATTGCAAAAGAAATTGGAAGTATTGCAAGGCCAGATGAAATAAAATTTGCAGAAATATTGCCTAAAACAAGAAGTGGTAAAATTATGAGAAGATTATTAAGAGAGCTCGCCACAACTGGTTCTATTAAAGGCGATGTAACAACTTTAGAGGATTATTCTGTAATAGAAAAATTATCAGGTAAAGATGATGACTAATTTTTTATAGCATTAAATTTTAAAATAAATTTAGTATTATCTGATTCATCATCATATTCAATCTCTCCATTATGAATTTCCATAAATTTTTTACAAATACTAAGACCTAATCCTAGTCCATTATTTCTTTTTTTATTTGTATAAAAGGGCTTCATTAAATGAGGAATTATTTCTTTAGAAATACCTTTTCCAGCATCAGTAAAGCTAATTCTAATTAAATTATCAGATTTTTTTACATCAATTTTTAGCCATTTGTGTTTTGCATCATTTTTAGCAACTGCATCACAAGCGTTTTTAATTAAATTAATAAATATTTGAATTATTTGTTCTGGGTAACAACGAAGTTCAACATTTTCGTTACAAGTTGTATATACTTTAATTTCATTAATTTTAATAATATCCTGCATCAAGTCAAGAGAGCTGTTTATAATACTAATTATTTTTACATTTTCCATATCAGCTTGCTTGTTTACTGGGTATGCAAGCATTTTAATGCTTTTAATTATTTTAGCAATCATAAGACTATGAGTATATATTTTTTCGAATATTTTATGATCATTTAATAATTTTTCATTATTTGGTTGGTTTGATATTTCATTTTCTATATTTTTCTTCATTAAATATGATGAAGAAGAAATAAATGAAATATGATTATTTATATTATGAATAATTCCTGGAGTTAATTCTGATATCAGTTCTAATTGTTCTTTAGATAGTTCAAAATTTTCAGGGATATTAAGATTTTTTATATTATTATCTTTTTCAAAGAGGTATTTTTTGGTTGCATCTAAAATATCATTAATTTTAACTGGTTTGCTGAATTGTTCATTGACATCAAGATTATCAAGAGTTTCAATAGACCCAGATATGCTAAAAATAACAGGTTTGTAATTTTCTATATCTTTTAGCTCTTCTATAAATTTAATGCCATTCACAACTGGTAAGTTAATGTCTGTAATAATTACATCGGGAGCATTTTTTTTGCAGATTGCAAGTGCGTCTTGCCCATTATGTGCTGTAAGAGTTTTGTAGCCTTCTCTTTCATATCTTAAAGATAGAAGCTTACATATCATAGGTTCATCGTCAACAATTAGAACTGAAGGCATAATACCTCTAAGTATACTTAAAATTAATAAAATTTTAATACTAATTAATATCGGAATATTTCTAAAAATTTTAATAATTTTTTAAAAATCACATAATAATTTGATATTTAAGTAATTTTTTTTAAGCTTGATTGACTTAAATTTGGTTGTAGATTAAGGTTTTCTGAGAAACTGCTAGAGGCAAGCTCTAAGTAAAGGTGTAATGTTATGATATCTAAGGTTTTTTTTGTTTTGATAAATATCGGTTGTAGTATACAATTAAAGCTCTTTATATCTTCTAAATTAAATAATTTTAATCTCAACTATAATTAATTTTTTCGTAAAAAATAAATATTTTTTATTAATAAATTTTAATTTATTAATTTTTAATATTAAAAATTTAATTAAAAGGATAACTTTAATGTCTTATTTATGTTGTTTTCAGTCAGAAATAAGCGCTGATTTAAGTGTGGATCTCAAAAAAACGGAAAAACAGGCAGAATTTATAAAAAATTACTTTTCAGAATGCTTAGAAAAAAAATTAAACTTAATGAAAATATCTTCTCCCTTATTTGTAGAATCAGGTATTGGGATTAATGATGATTTAACTGGAATTGAGCCACCTGTAAAGTTTCAAATCCCAGCTTTATCAACAAAAAAAACAGTGGAAATTGTTCAGTCTTTAGCTAAATGGAAGAGGCTGATGTTAAAAAGATACGATTTTAAAATTGGAGAGGGTTTGTATACCGATATGAGGGCAATCAGACCCTGCGATAAAATTGATGCAACGCATTCAGCATATGTAGACCAATGGGACTGGGAAATTTGTATTGATGAGGAGCATAGAAATATCGATTATCTTAAAAAAATTGTTAATGATATTTATGATTCTATTAAGTTAACAGAGTTAAAACTTTGTAACAAGTTTTCAGAAATTAAGGCAAAGCTTCCTGAAAAAATTACTTTTATTCATTCTGAAGAATTGTTAGGGATGTATCCAAATTTAAGCCCAATAGAAAGGGAAAGAGAAATTTGTAAGATTCATGGAGCTGTTTTTTTAATTGGAATTGGAGCGCCTCTGTCTAATGGAAAACCCCATGGAACAAGAGCTCCAGATTATGATGATTGGTCAACGCCTTCTGAATTTGATTTTAAAGGTTTAAATGGAGATATTTTATTGTGGAATTCAAAATTAGAATGTGCATTTGAATTGTCGTCAATGGGGATTCGTGTTAATGCAGAAGCACTGCAGAAGCAGTTACAATTAACACGTCAACAAATTCGCAGTGTGCTATATTTTCATACTGAATTGTTAAGTGAACGTTTGCCGAGCGCAATTGGTGGAGGAATAGGTCAATCCCGATTGGTAATGTTATTATTAGATAAATTACATATATCTGAAGTACAGGCATCAGTTTTTAAACTGTGACTGGATTTTTCTTATTAATTTGGTTTCAATCTAATTAATTTTTAGAAATTTTTCTTGTAAAAATAAAGAATAAATTATTATATTATAGTTAACTACTAAATATTTTAGTAGTTAACTTTTTAATGTTACTCTAAAATATTTAATTTAAATTAATTTATTATATTTAGTATTGTAAAAATTATCATGAGGGGTTTTATAAATAAATAAAATGAACAAAACTCAAGTAAAAAGATACCTTTTGAAGTATAGAAATTCATTAGAAGGTTATGCGTTAAAAAATAAATTAATTTTTGATAATTTAAATATTATTGAGAATGAAAATTCTTTATTTTTATCTATTAGAGATACACTTGAGTCAGGATTTTTTGATAATAATAACTTATCTACTTCTTCTTTTGTTTGGAGTTCAAAAGAGTTTGAAAAAATATTTTATTCAAAATCAATGAATCTCAATCAATTTTTATTGTTTAATAAAAATAATGACTTCCTTAACTGTCATACATTTAAGATGTTAGAAAAATTAAATTATATTAGTGATAATTATGAGCGTGAATTTGATACTAATTGCTTATATTTATTAGGACCATTTTTAACATGGCATGGAAATTTTGGTGAATCTAGTATCCCGATTTTTAAAATTCCAGTATCATTAATTAAAGATGATGGTCAAAATTTTAAATTAATTTTTACAAAAAGACTTCTAAGGTTTAATGAAACTTTATTATTTCATTTAAGAAATTTTTTTAATATTAATATTGAAATTGAAAAAGAATTTTTATCTCCAAAATATGCGTTACATTATTTATGCGAACTGCTTAGAAAAAATAATATTGATTGCCAGTATTTAAGATATAAATATGAAACTAAAGATTATAATTCCAATTTTAATCAGTTTTTAATTTATGATTTTATGAATATAAGTGTTTTAGATGCTGATAATTATCAATTATATTCTGACTATAAAAAAATTATTGGAGATAGTTGTGATAATAATTTAATATATAATGCTGTTGCAAAAAAAATTATAAAAAAAGAAGATGGCGAATTTAACTATGATAATATAAGAAAAAGTAGTCAGTTATTTCCTTTATATTTTGACTCAGATCTTAGTAGTTTAATTAAAAAATTAACAAAAGAAGATTCTATTATTGCTAAATTCCCCGCGGGCAGTGAGAAAATTAGTATTATTACAAATTTAATTATTAAGTATTTAAGTAATTATAAAAAAATTCTTTTTATTTCAAATAATAATAAATTTATAAAAAATATTTATTCAAAAATCTCTGAAATGAAGTTAAATAATAATATTTTAGTATCATCAGATAATATTCAATGTTTTTCTGATATTATGAAGCAGTTTGAAAAAAAGTACATAGTAGAAGATAATCTTAATTTTAATGAAGATTATTTGTATAATAAAACTTACGAAATAGATAAAGAAATATTTCATTATAAGAAATATTTTAGGATATTAAATAAAAATCATGAAAAAAGTGGTTTAAAAAATATTGAAGTTATTAATA
CP146516.1_gap13	538105	541283	3178	CGCTGGGCGTTTTAAAACCTAATTTGAGAAGTTCTTTAATAATATTGTCATTTGCAACAATGTTTTCAAACTTTATTGTTTTTGTTTGGATATCTGAGATTTCTGGTACGAAGTAATCAGGAGCAGGGGTGTTGCCACGCTCTAGAATTTGCGGTTTTGTTTGCTTTTTTGCTGCAGCAACAAAATGCTGTGTCGGTGCCGTGATTTCTGCGTGAATCACTTGGGATTTAACAACCCTATTTTCTTTTGTAGTTGTTTCTATTTCAGTAGCATTGTGTTCAATAATTTCTGGAAATAATGTATTTTGCTGTAGTGTCGCCGTTTTTTTGGGCTTTGTAATTTTTATTTCTTTTTTACTGCTTGGAACTGCAGATTTTGCAGGCGATAGCTTTGGTGCTTTTTCCTTTTTTGCAGTTTCTTTTGTAGGTTTGATTGCAGGATTTTTAACAGATTTTTCTACTTTCGCAGTTTTTGTGCTTTCTACTTTTTTAGTTTTTGCTGGCGTAGAAGCATTTTTAGCAACAGTCTTTTTGGTTTTAGTTCCAGCTTGAGACTGACTTTTTGCTACTTTTTCTGTTTTTGAATCGGAAACGTCTTTTTTTCTGGTGATACGCGTCATTTAATAAACCCACTTAGTGAAACGAACTTGAGAAATCTTTACTGCTGTGTCATACCTGTTTAACTTGAGTAGGCATACAGCCTTTTCTATCTTGAGGATACTAAGATGATTTTAACTCTTCTGACAACTCTTTTAATCATAGATGCCTTAGTTTTAATATTTTTGATTATCGCTTTGCAGCAAGGTAACGAAGGCGGCCTAGGAGGAGCTTTTGGAGGAGGAAACTCTGCAGGCTTTTTTGGTGCAACAGGTGGTGTAAAACTTATTGTTCAGGCAACTTGGGTCTGTGGTGTTTTGTTTTTTGTCCTTGCCATGTCAACATCGTGGTTAAAAACTCACAACAAGTACGATATTAAAAACCAGCTTGAAAAAAGTTTAGCAACGCCTTCTGCTCCAGTATCAACAACAACTCCTCCAGCGCAATCGTTTCCTGATCAATCCACAGTTGATCCTTTGGCTCAATCATTACCAAAGCAATCTGTTGCAGATCCTTTACCTCAGACAGTGCCTGATCAGGCACCAAATGCACCAGTTGCTCCTGCAAAATAAGTGTGTCTTACACTATTTCTAAAAGCCCAGCAGCCCCCATTCCTGTTCCAATACACATTGTCACAACACCATATTTTTGTTTATGACGTTTCATACCATGCACAATGGTTGCAGTTCGTATTGCACCAGTTGCACCAAGTGGATGACCTAATGCAATTGCTCCTCCTAGAGGATTTACTTTAGCAGGGTTTAAATCAAGATCTTTAATGACAGCAAGACTTTGCGCTGCAAAAGCCTCATTCAATTCAAACCAATCAATTTGATTTTGTTTTATTCCTGCTTGTTTTAAAACCTTAGGAATAGCTTCTTTTGGGCCAATACCCATAATTTCTGGTGGTACGCCCGCTACAGCAAAAGTAACAAATCGTGCAAGTGGTACCAACTTATATTTTTTTATTGCTTTTTCATTTGCTAACAGAACGGCTGCCGCGCCATCACTCATTTGTGAACTATTTCCTGCAGTGACACTACCTCGTGCAGCAAACACTGGTTTTAGTTTAGCGAGCGCTTCGGGAGTGGTGTCGGGGCGTGGACCTTCATCTTGTGAGACAACTTTTTTATTATTGATAATCTCACCAATATTTCCTGGCATGGACTCAAGAATTGTATAGGGAATAATTTCGTCTTTAAATTCGTTATTTTTAATAGCATCGCTTGCCCGTTTATGGCTTTCAAATGCAAATTTATCTTGTTCTTCTCTCGAAATTTTCCATTTTTCGGCCACATTTTCTGCAGTCATACCCATGCCGTAGGCAATTCCAATATGCTCGTCTGTAAAGAATGTGGGGTTCATCACAACCTTGTGTCCCATCATAGGAATTAGGCTCATGCTTTCTGTCCCACCTGCTACCATCACATCTGCTTCGCCAAGTCTTATGCGATCGGCTGCCATTGCGACAGCTTGAATTCCAGATGAACAAAAACGATTGATTGTGATTCCAGGTACCATGTTAGGGTAATCGGCAAGCAAAAGCGCAATACGTCCAACATTCATGCCTTGCTCTGCCTCGGGCATGGCGCACCCAATAATCACATCACCTATTTCTTTGGGATCCAAATTGGGCGCTTGGGCTAACAAACCTTTTAGACAATGCGCAAGCATATCATCGGGGCGAGTTAGTTTAAAAAAACCACGAGGAGCTTTTCCCACAGGAGTTCTCACCGCAGCGCAAATATAAGCATCTTGAATTTGTTTAGACATCAAACGACTCCTTAAATTAATTTCTCAGTGGCTTGCCATTTTTTAGCATGTAATCAATGCGTTGTTGAGTTTTTTCGGTGTGGAGAAGTTCCATAAAGTAACGATATTCAAGTTCCAGTAGCCATTCGTCACTAACCATGCTTCCTTGATCAATATTGCCGCCACCTAAAATAGAAGCTATTTTTTTTCCTATTTCATAATCATGTTGAGAAATAAATTGACCAGCAAGCATATTAACAAGAGCGGCTTGAAAGGTAGCAGTGCCGCCTTTTCCTGTAACAATAATATCTTTTGATTTGAGTGGAGGACGATAACCTGTTTCGTATAAGGCTTTTGCTTCGGACATTGAAACATACAGAAGCTCGTTTGGATTAAAAATAATTGTGTCTGATGGTCTTAGATAACCCAGTTCTTTTGCATCTTCGGCACTACGAGAGACTTTAGCCATGGCAATGTTTTCAAAGTAACGTTGTAAAAATTGGAAAATATTTCCTCCCTTAGCTTCTCGACACGCTCTCAAGGTAAATTCTTTACATCCCCCCCCGGCAGGAAGAAGTCCAACTCCCACTTCTACAAGTCCCATGTAGGTTTCTAAGGCTGCAACAGCTTTGCTGCAATGCATGACAAACTCGCAGCCACCACCAAGAGCAAGGCCCTGCACAGCTGCGACGGTTGGAATAAGAGCATGTTTTAAGGCCATCGAAGCATCTTGAAATCTCTTCACCATAGATTCAAGAATGCTAAAATTGTTACTTTGTAAGGCTTGAGTGACTTGCGCTAAATTTGCTCCGGCACTAAATGGAGGTTCT
CP146516.1_gap14	542312	545494	3182	TTACCTAATGTGGTTGTCAGAAAGGTTTCGAGTTGATTTAAAATGGTTGGATTTGTGTTTTGATGGGGAATAATTTCGACAAGGGTCATGTAGCGAGGTGGATTAAAAAAATGAATCCCACAAAAATTTTTTCTTAATCCTACTGGTAAGGCTTCTGCTAAAGAATTGATAGAAAGCCCAGACGTGTTGGTTGCAAAAATAGCGTGTGAGGCAATTTTAGAACTTATTTTATTATACAGATCTTTTTTCCAATCCATGCGTTCGCTGATGGCCTCAATGATTAAGTCGCACTCTGCAAGTTCATTTAAACTGTGTTCATAATTTGCGGGTTTAATATAATGTGCTTTTGATTTTACAGAAAAAGGAGTGGGCTCTAATTTTTGTAAGAATGCAAGAGATTTTTGCACCACTCCATTTGGGTGGCCTTCTTTTGCAGGCAAATCAAATAACACCACGTCAACATTCGCGTTTGCCATATGAGCAGCGATTTGGGAGCCCATCACTCCAGATCCCAAAACTGCTACTTTTCGTACTAAAAAACGATTTGAATTTTCCATTTTTATACTCCATCAAGTAAACGTAACAGAGAATTTAGACAAATAGGACTTTTAGGTAGCTTTCGAGTTTAAGCTTTTATAATAGTTTTGACAACATTATTAAAATTTTTAGTTTGATAGAGACAATGGCAAGAAAAAGATGTGTTAAATCATATTTTAACTGTTAATATAAGTAATTATTTTTTCTTTAATTTTTTGGCGTAAATTTTCTGGAACCATGCCAACTTTGCGTTTAAATATATTTTTATGGATCGTTAAAAGTTGATCGCAAAAAATGTATGATTCACAAAATAAACCAGTTTGTTTATTTGCTTCAATTGGAAGAAATGTATGAGCTCCCTTGCTTGTAATTGCAATTGGTATAATTGTTGGTGCATGGTAAGTATCAAGAAAGTTTTGACCTGTGATAATAATACAAAAATCAAAGTTGGATTTTTCGTTTGGTATTTGAATGAATGTTTCTAGATCCGCTATTCTATTGAAATCGATTTTCCAAATATCCCATTGTCTCATCATAGCGTTACCTTTCCTGAAGGAAATGTATGTTTATACTATATAAAAAAATGTAATTAAATTATTAACAAGTTAAAATAAATTAAGCAAGTTGTATCGGATTTTGATAAAGTCTCTCAACCTTAATCATACCAGGCCAAGAGTTTTCAATTTCCATAATAAAAGAATCGGTAGGTTTTACAAAGTGATTTCCAAATTTTGCTTTAATCATAATTTTATCATCTGGTATCAGAATGTTCATAAATAAAGGAGTAGTACCAGTGTTTTTATTAAAGATTTGTATAAGCTTTTTGATATTATCTTTTTCTTTAAGGAAGTTTTCATGAGTAGACAAAACTATTCTTTTAATGAGCTCTAAACGCTTATTAGAAACTCTATCAAGACGTTGAGCAACACCTTTTACACTACCCTCTTCTATCCCGCGTCTTATTTTACATTCAATAATAAATGCCTCACCAAATTTAATGGATTCTGATAATGCTGCATACTGTTTATTAAATAAGGTAACTTCTAACTCGCCAAATCCATCTTCGATTTTTAATACTAAAAACGGTTGTCCTTCTCTATTTTTCTTTTCTAATAGCATTGTAACAATGCCTGCGACTTTTATTATTTTGCGTTTATAATCGGGCACATTATCGGGCTCAAGATAAAGAGCTGCTTGGTCTAAAGTAATTTCTGCAAGCTTATCAAAATCTGGACGTAAAATATCCGCAGGATGTCCTGTCATATAGAAGCCAAGTGTTGCAAATTCATGGGCAAGTTGTTCTTGATAGTTCCAAGGTTTTGTAGGTTTTAACTGAACTGCGACAAGTTGATTTTGAATTTTAACGGGGCAATTTTCAAACTTTATTTTTGTTGGTAAGGCAAAAGGAGAAAATTGCACAGTCACGATGGGATCTAAGTTTTTAAGATTTTGAGCAATTGTTGCAGAAGATGGCTGATTGCCAGAATGAGCGACTTGTGATTCACACATTGCAAAAAGATCAAAAACTGTTTTTTCTTCTCTGTCTGCTTCTTTTGCAATAGTGCGCAACCAAGAATCAGAATTTGTAAGGAGTTCTGCCCTATTTGTTGCAAGGCTATCAAATGCTCCAGATTTGATTAAACTTTCCATAATTTTTTTATTGAGTTTACGAGCATCCATGCGGACAATGAATTCGGGAACTGTTGTAAATAAACCATTCTTTTCTCTTTCCTGAACGATCATATTGATAATTCCTGAACCCAGACCTTTAACAGCACCCAATCCAAACTGAATAACGCGTTCTTCAGGAATACTAAACTCAAATCGCGAATGGTTAACGCATGGTGGAAGAACTTTAATTTTCATTCTTTTGCAGTCACGAACGTAGCCAACAATCTTATCTGTATTATCTAAGTCACAAGACATGATGGCTGTCATAAATTCGGTTGGATAATAAGTTTTAAGCCAAGCAGTTTGGTATGTAACCCAACCATAAGCTGCAGTATGACTCTTATTAAAACCATATTCAGCAAATTTAGCCATTAAATCAAATAACTCACCAGATTTTTGGGCGTTATGATTATTTTGTGTGGCACCACTAACGAAACGGCTTTTTTGTTTTTCCATTTCGACTTTATCTTTTTTACCCATTGCGCGGCGTAAGAGATCGGCTTCGCCTAAGCTGTAGTTAGCAAGTACGGCTGCAATCTTTTGAACTTGTTCTTGGTAAACAATAACGCCATAGGTATCATTTAAAATGCTTTCTAGCTCAATAAATGGGTATTCAACGGCAGTTTCTCCATGTTTTCTTTTTACAAAATCTTCTACCATTCCTGAACCTAGTGGTCCTGGTCGAAATAGAGCGAGAACAGCAATGATATCCGTAAAACATGTGGGTTTGAGATCTGCAATGAGTTTTCGCATTCCCGTAGACTCAAGCTGAAAAACACCAGTAACATGAGCCGTAGAGATCATTTCGTAGACTTTTTTATCTTCAAGATTGATAGTATCAATATCTAGCGATGGATTTTTATGTTTTTTAATTAGTTTTACTGTATTGTCAATAACAGTAAGAGTTTTTAAACCCAAAAAGTCAAATTTAATTAAACCAATTTTTTCTGCGTATTTATTTTCAAATTGAGTCA
CP146516.1_gap15	556556	560116	3560	CTTTGTTCACAGACTCCTTCTGTTAGGGCATAGAGTCGTTGCGCTTCACTTTGTGCGTTAATGACTGCGTTTAGAGATTGAGCAAGTTCATCTGGGGGTAAAATATCGGTAACATCAACATTTTCAAACTGAATACCATACGTATTTCCCAATTTTGAACTACAAAATTCTTGAATATGTTTGTTTAATAATCCTCTATCTCTGCGAATTGCAGCATAAGATCCAACATTTGTTAATTCGTGCGTATGATCATTATTATTTGATTTTTTGTTTTCAAAGCAGCTTATTTCTTGATGAAGAATACAGGTAAATAATCCTTTAGTATGTTCAAGAGGATTTTCCATAGAAAAAATTAATGCATATAAATCTTTTAAACTTGGAATAAACCGTAATTTTGCATCGATTCTTAATAAAGTGCCATCTGATGCCATAGCCATAGTGTCGCCATCTGTGCCTGAAAGCTCAACAATTTGTTCCATTACAGAAATTTTTACTGTTTTTTGCCAAGGTTTTTTAAAATGTAAACCTGGTTTATAAATTTTTAAATTATTTGGTGAGTTATTTATAGAAATTGCCTTGCCAAAATTTTTAAGAATTGCAATATTTCCTTCATTAACTTGAAAAAAACATTTTTTTAATGAATAAATTAAAAAGAGAAAAATACCAATAGTAAAGCTTAAAATAATAGTATCGAACATTTAATTATGCTCCTTTTAATTTAAAATTTATCTGAAGCGATTCTCCAATTTAATACTTGAGATAATTTTTTATCAAATTCGTCTGTTTGAATATTTTGATTATTATGTTTTTTATAGGCGTAAACTAGTCCTTTGTTTACATCTACAACATCTTCGTTAAAATTTAAGTGTGCATCTGTAACTTTAGGTAATAATTCGACTTTGTCAAGAGTATCAACAACCATTCCATGAGGTACGTAGCGGCCATCAGGTATTTCAACTCCTATAACAATAGCTCCAATTCCAATATAGCAATGAGAGCCAATTATAGAATCATGGACGATTGCTTGGAATCCGATAAATGATTTATCACCAATGTAACAAGGTCCATGGACAAGTGCTTGGTGTGCAACAGAAACATTTTCTCCAATATATACCGCCCAGTCTTCTCCACCAATGTTAACCCATTTTTCTTTTAAGGCGTGAATTACGACACCGTCTTGAATGTTTGAATTTGAACCAATATAAAAAGGAGTTCCTTCATCGGCACGAATTGAGGTTTCAGCCGCAATATGAACATGTTCTCCAAGAATTACTTTACCTATAAGTGATGCTCTTTGATGCACATAAGATGATGCAGCAATGTATGCTTTCTCTCGAATTTGCGTTAACCAATTTGTATTTTTGGTATCAAGATAATGGTGTTTGGGCTTTTGTAATGTTTTAATTTTATTTTTTGCAGGAAAAACTGCACGGCGTTGGTTATTATTGGTGTCTAATTTTTTATTGTCAGTATTTTTTTGATTATTATTAACCCCTTTCTCCAGGAAAAACATTAAAAATCCTATTGTTAATCCAACAAATAAATGATCACTAATTGTTCCAAGCATACTAAATAAAAATGCAAGAGAATGAAATTTATTTGTTTTTAATAAATGAATAAAGGCTTTTCCTTCAACAAGCCTTACTCCTACTACGCACAACAAGCCTGCTAAGGCCGCAATTGGAATTGCGGCCATAATTTCGCTAAAATATAAAATAAATACAACTATTAAAATAGCGTGTAAGAGTGCAGATAATCTTGTTTTTGCGCCAGATTGCACATTAACAGTTGAACGGACTATCACTCCTGATACAGGCATGCCGCCAAAGAGTCCAGAACCAATATTTCCTAAGCTTTGCCCAAATAATTCTAGATTTGGATTATGAGGTTTTGGTGCATTAGATATTTTATCTACAGCCTGAGCAGAAAGTAATGATTCTATAGAAGCGAGTAAAGCAAGTGGAATACATGCGATAATTAAAGAGAACAACTTATCAGAAGAAATAAGCGGAAAATTTGGGGTAGAAATAAAAGAAGGAATGCTTCCTACTCTTTCTATATTCCAATTTAAATGCATTGAAAGTGTTGTGACAATAATTATTCCAACAAAAGAAGCTGGAAATCTTTTAAATTGCCTGCATGAAGTTACAATAAAAGCAACTGATAATCCGCATATCACTGCAAACCAAGACACATCCAGAAGCCATTTGAAATTAAGCATACCAATTAGATGCATTAAATTGTATTCAAAGCCTAGGAGTTTTGGAATTTGAATATTGAGTAATGTAATGCCTACACCAGTTGTAAATCCTGCAAGAACAGCTTCAGGAACATATTTAATAAATCTACCGGCAGAAAAAGAGCTTAAGATGAATTGAATCAGTCCAATTATCAAACAAGCGATTAAAACACCACTGGTACCAAACTTAGCTGTAATAGCAAGTACCATAACATTTAACGCTGCTGCAGGACCTGTAACTTGAAGAGCAGAACCCCCAAAAATAGCAGCAAGTCCACCACCTATTGCTCCTGCAAGTAATCCAGCGCTTGCAGATAGACCACAAGACACTGCAAGTGCGATATTTAGTGGAATTGCCACAGAAACAACTGTTAGTGCAGCCATAGAATCTTGTAATAGGGTTTTGCTTTTTAAAACTTCTAACCAGTTATCTTTAATTTCACACGCAAAGTTTTTATAATTTTTAATTAATCCTCTATCATTTTTTTTTAAATTTAACTGGTTTTCAGAGTTTTTTAAGTTACCAAAAATAAAACGAGATTCATTTTTTTTCATACAATAGATATCTCACAACATTAAAGGTTTAAACATTGTTATGACTTTTCGAATTCTTTGCATTTAATATTTTTTGGATTGCATACTTTCATTATTTTATCTTTAATTATTATATTTAACCTTATATTATAAAGTAGGTGTTCAAATTTTATCAATAATTCATGGATCTCAAATCCATTTTCTTTAAATACATTTATAACTTCATAAGTTCCATTAGCTTGATAAGATGGATATCCAAATTTATTCAAGCATTTCATGCTATCATAATAATCGATAAAAGTAATAATATTGCCGGGTTTTGTAAAATCGTAGTTAAATTTTCCAGATAAAATATTATCAGAATAACTAGTACACTTTTTATTTTTCCATATGTGACCTTCAAAGCTGTATGGAGTTGTATTTGCAAAAATTTTAAAATTTATGAAAATTTGTATAAATATTAAAATTAATAGGTAAAATTTTTTCATAGAGTCTCCATTTTAGCATTTTATTTAAAAAAAGCAGAAATTTGAATTTAGCAGCTTACTATTTTTCAGTCAACTTTAAGTTATTATATTTTTTAATAAAAAAATTTAATAAAGATTATAAATATTTTTTTAAAATCAGTATTGTCATTATTTTTTCATTACGCATTTTAATTTTTGTTGTATAATTATATTAATTTTTTAAACTTATTAAAAGAAGGTGATTATGTTTAGTTTTTTAAATTCTATTTCTGTTGCGCCATCTTGGCTTTGGTTTGGATTTGTTGTTGTAATTTTAGTTT
CP146516.1_gap16	582994	587558	4564	CCTGCAGGTGGTAGACCATATACAGTTAAAGAAAGCAATTGGGATAGGTATCTGTTGCCAAGCGGAAGACCAAGTTCTTTAGCAATTGTTGAAGGGGCAAATATTTTCTTTACAAAAGAAGCGCGACAAAAAATAGTTGATAGTGGTGTTGTCGTTATAAAAGATAGCTCTGCAAATAAAGCAGGTGTGAGCTGCTCTTCTTACGAAATTATTGCATGCTTGACTATTTTGCCCGAAGAATTTGCTGAAATTAAAGATATTTATGTAAAACAGGTGCTTGAGATTATAAGACGCAATGCAGATCAAGAGGCTAAGTTGTTATTTAGAGAATGGCTCAAAAATAAAAATAATACCGATCTTGTAAAGCTAAGTTATGAAATTTCTACAGAAATTAACCAGGCTAAAGATATTCTTTTAGACAAACTCAATCAATTAAAAGATGAAGAGCTCGTTGTCGATAAGTTTCACTTTGTTTTATTTAAACATTGCCCACCAATTTTGGTAGAAAAATACAAAGACAGAATTTTGAATCGATTGCCAAGAGCACATAAAATTGCGATTTTAAGTGCACATATGGCTAGCCACGTTATATACCGGGAAGGGTTAAATTGGTTAGAGTCAATGCACCCTGATCAAATATTTAAAGTGGCACTTGATTACATAGAAGCAGAACGAGATATAGAAAAAATGGTTGCTGAATTAGCAAGTAGCTCAATTTCCTTTAAAAATGAAATAATGGAAGTATTAAAAGCTTCTGGTGCAAAACATTTGGCTTCAAGTCGCATGTAAGCATTGACATTTTTAATAAGAATTTAGCGCACAGCAACTATCTTTTAAGGAGGTTATGTGCGTTTTATTTTAACTAAAGAACAAATTTTATTTTTTATTGTTACTATTTTGAGTTTTATTATTATTTATCCATTTTTAATTCCCTTTTTATTTGGAGTTGCCATTGCCTATTTGTACGAGCCAATTTTAAATAAAACTATTTCAATACTAAAAATTAAAAAAGAATTTTGGAAATGGGTATTAAGTACATTACTTGTAATTGTTTCAGTTGTTGCAATATTTGGTCCAATTTTAACTCTTTTAACAACAGGTATACAAGAACTTTTAACCGCTTTAAATTTATTAGAAAGCGAATTAAAAAAACCTAATTTTTTAAACCAAAAATCGATTGATGTTAGCAGGTTTTTAAAAGAATTTTCTTTAAATTATTCTTCTGATGAAGTGGTTTTAAAATTTACAGACGGTTTAAAACAATTAGCAACAATGTTGGCTTCTGAAGCGGGAATAGCCTTAACAGCAACACCGGCTTTTTTAATAAAAATGTTTTTATTTATTTTAACATGGATATTTTTTATGATTCATGGAAAAAAATATCGTGAATCATTTTTACCTAAAATAATCCCTTGGAAAAAAGAGCGTGAATTAATTTCAAATACAGTTTCATCGGTATTAAAAGCTTTTATAGTAGTAAATATTTTTGTTTCTTTTATTCAAGCAATAATAATAGCAACGGTACTAGGTATATTTGGGATTCCGCGTTTTGCGCTTATGGGAATCATCGCATTTTTTATGTCATTTGTGCCAATTGTGGGCACAATCCCTGTAATGCTTGGTGCTGCCATTTGGATCTATTTTAGTCAAGGCTCCCTTGGTGCTGCAATCGGTATTTTAATGTGTGCGTTAGCTGTTGGAGTGTTGGATAATCTACTTAGACCCTATTTTATGAAGGGTGGCATAGATCTTAACTTCTTTTGGATTTTTCTTGCTATTGTGGGGGGGATGTCTATGTTAGGGCTTGCAGGAGCTTTGCTAGGACCCGTATGTTTTGCATTATTTGTGGCAGCTATAAAAGCGCTAGATGCGCAAAAATCCTAATAATTATTTAGTATTATATTTAAATTATGGATGCTTAAACTGTTTGCAAACCGCACTGAGAATGGCGGTTAGGCAAGAGGGTTTTTGTTTGTTAAAAGTTGGCTTTAAATGAATCTTTTTCTATAGTAAGCAGGTCTTTTAAGACGTGAAGGGGGTAATCCTCTATGAACAGAGTTTTAAAATATTTTAGATAATATTAGAAAAGGCGTTGCCTAGTTTTGGAAATAATATGACTTCAAAAACAAAAAAAAGTAAAATTTTATTTAACGATGTATCTTACGCATTAGAGGATAATTTACCTTCTAAATATTTTGGTGTGACTATCTTTGACATCGATGGAGATCATGAACCAGAAATACTTGTTGCAAATGCAAGTGGTAATAACATTATATATAAATATAATGAAGAAACAGGAACATTTTCAAATATTGCACCAAATAATTTTATGTTACCTCATAGAAATACGATTTGTTTTTCTGTTGGAGATTTTTTAGGTAACGGAAATCCGTCTGTGTATATGATGCATGCAGATGCATTTTCTGGAATGAAGCAGCAGAGTGATAATATTATTGCGAGAACATCAAAAAATTGCGAAACTCTGCGATTTGATAACATTGTTGATGAAGATTCAGAATATCAAAATCGCTATTCTGGTAGAAGTGTTGCGGCCTTTGACTATCAGGGAGAAGGAAAACATTCATTTTTTGTTACAAACTACCAAGCTCCAAGCTTATTTTTTACTTTTAATACAACAATAAATGAAGTCCAAGAGTTATCTCGTATTTTTGGTTTAAGCCAATTTGCAACGGGGCGGAGTGTTTTAGCGCAGTATATTTTAAATAAAAAAGCGATTGATATTCTTGTTGGCAATGAGCGAGAAGCAAATAGTTACTTTACAAAAATAAAGTCAGGTCTTTATTTTGAAGCAGCTCATCATTTTTCGCTAGAAGATGAAAATAATCATTCAAGAGCAATGGCTGTAGCAGATTTTGATGGAAATGGTCTTACAGATATTGTTATAGGTGCGTGGGAAGGTAAAAATTCAATTTTATTTCAAACTCCAGAAGGTAGGTTTGAAGATCAATCTCCTCCTTTTTTTAAGCTTCCAAAAACAATCAGGTGTGTTATTGTTGCAGACTTTGATAATGATGGTCAGGAAGAGATTTTTATAACAGCGTTTAATAATAGAAACCGAATGTATCGTTATCTTGGAAATAAAACTTGGGAAGAAATTCATATCGGTTCATTAGCATTAAAAGATTTAAATGGCTCTGGTGCTGCAATTGGTGATCTGACTGGTAATGGTTTTTTAGATATTTTTGTAACATGTGGTGAGGGGTTGCCAAGCACTAATAAATTATTTTTAGGGGTTCCTAATCGGAATCATTGGCTAAGAATTCAGCCGTTAACACAACACGGATTTCCAGCGTTGGGGGCTAAGGTTAGATTATTTTTAAAAAATGGAAAGGCTCAAACAAAACACATTTGTTCAGGCAGCGGGTATATGTGTCAAATGGAGCCTGTAGCACATTTTGGATTGGGTGCAGAAGTGCCAGAAATTGATCGTCTCGAAATAACATGGCCTGGTAATGGAGCAGATTTTCCACCAACTCTTACTGTCCCTGGAAGTTCTATTTCATGCGATGCATTTGCACAAATTCCTTTTCCTAATTGATATTGAAAGTATTATTATTCATGAATACTCGTAAAAGTAACGACTTACAAATTGAACTCAATTATGCTGAATCATTAAACTACTGCTTAAATATATTGCCAAATGTATCTCGATCTTTTGCAATTGGCATTCAATTTCTTTCTGGAGAATTGCGAAAATCTGTTTTGGTTGGTTACTTATTATGTAGAATAATTGATACTGTAGAAGATGATTTGTCTTTAAGTATTTTGCAAAAGGAACATTATTTAAAAAAGTTTATAGATTGTTTTAAAAGTTTTGAAGAATGTACTGCTTATACAAAAATAGCTGAAAATTTAAGTGGTGATAAAAATCATATTCAGTTGGTTGCGAATTCTCATAAAGTATTTCATTTATATTTTTCATTATCGCAAACAACGCAACTGACATTAACCCGTTGGGTTTGTGAAATGGCAAAAGGAATGATTTCTTTTATAAAGCGCTATCCCAATGGAATTAGGTTGGCAACTTTAGATGAATACAAAGAATATTGCTATTATGTAGCTGGTACTGTGGGACACTTATTGACAGATTTATGGAAAGAATACGGAAGTCGAGTCAGCATTAATGTTTTTAATAAACTACAAAGTAATGCGAGTGTTTTTGGTGAGGCGCTGCAAACTGTAAATATTTTAAAAGATATAGCATGGGATGCTAAACAAGAAAATTCAATTTATATTCCGTCAGATATTTTAAAAAAATATGGTGTTTCTCATGAAGCAATGTTAAATGAAAACTTAAAGATAGAATCACAAAACGCTGTGCGTGAAATTTTAAATTTAGCTTATAATGATATAGATATTGCAATAAATTATTTAAAAAATATTCCAGCATTTAATTTTAGAATACGGTTTTTTTGCATTTTTCCTTTATTTTTAGCTATAGCAACACTTAAAAAAATAGAAAACTCTGAAAATATATTAACCCCAGAAAAAGTTATTAAAGTGTCACGTTCAGAAGTTAAAAAAATTAAGATTTATTCTATTT
CP146516.1_gap17	588932	591998	3066	TTATAAAACTCCTTATTTGACTCAGGGTTATTTTTACTCGTTAAATTATAAATCATTATTCAAAAATCTTGATGTTAATGATCTTAGTTTATCATACTTAAGCTATGCTGGATCAATAATTTCAACATCAAATGATGTACTTAAATTTTTAAATCCTTTATTTTCTAAAAAAGAAAATAACAATTTAAATAACTTAAAAAAAATCACTTTTAATGAAATGAATAGTGGATATGGATTTGGTATATTTTTTGCACATGATCGTGATCTTAACGATTTAGATTACTTTTATACAGGCAGTACAAATGGATATTTATCAAAAATGTCGTATTTAAAAAACAGTAATGCTTCTTATGTGCTATTAATTAATTCGACTCATCAATTAGACTTTAATGAGATAGATAAAATTGTAAGAAAATATATCTTTAAAAACTGTTATTAATTAAATTAGCTTGGTTTAAGAATGACGACTTTAGCTCTTCGTTTAACAACCCATGCGGATTTTTCTTTGCTGAAAAAAGATATTGCTGGTAAGGTTTCTGCAATAACGAGAGATTTTATTTTATCATTTTCTTCAAACATCCCTAATTTTTGAGCATGTTTTATTAAATTGTGAAAACTTTCGGGGGAGCAATGTTCAGTGACTTCTGCTGTTTGTAAATCAGGAGCATAAGGTTTCCAAATACTATCTTCAATTTTGAGATTGTATTTTTCAATTTTAAAATTAACTTGAGCTGTTTGATGATTAACAATTTGTAAGTTTTTTTGTAATTTAGAAAGATGACTATCAGCTTCTGAGTTTAAATTTTTATCTTCTAAAAATATTTGAAGCACCAAACGAATTTGTTTTGTTAAAAGATTAGTTGTTAAAAAATTACGCATAAATTCTGCAATTTCAATTGTGCCAGAATTTTCAATTGTATCAGATTGATGTGATACTAAATTAGCTTTTGCTTGAATAAGATCTTGAGATGCATTTTGAATAAAAAAAGAAGATCTATCAAAAGAGTCCATAATTTTTTGGTGAAGTTCTTCTTGTCGACAAGGAAGATCGTCAATAATTTTTAAACGGTCAGCAATAGATTGAATAAAATTTTGCTGAAAACTTAAGCTTTCTGCTAACTGTTCTGAAAGTGATTTGATCGATTCCATATTTCTTTGATTCATTAAAATAAGTTCTTGATTTTCTGCTCTAAGATCTTGAATGATTTTTTGATATTCTGAACCAAATATTTTAGAAAATATAGATAATTTTTGTGGAGTGTTAAAGTTTTTTGCAGCAGGAATTGGTTTTATCGCGGATTTTTGCATTGACTTCATGTTCATAACGTTTCTCCCTCTTTACGCATGCAAAACCATCGTATACTTTATCAAAGCAATTCGTCAAAAATAAATTAATTTGCTTTTTATGATAGTTTTATAGAGTTAAATACTTGTTACCTTTTAAAGAGTTGCAATGCATTCGATCTCTACCATAACATCAAGAGGTAATTTAGCAACTTGAACTGTTGAGCGCGCAGGTGCATGTCCTTTAAAAATTCGCTCGTAAACACCATTCATTTTTTGAAAGTCATCCATATTTTTAAGAAAAACTGTTGTTTTTACTACTTTATTTAATCCTGATCCGGAATTTTCGAGAATAGCGTTCATATTTTTAAGAACTTGTTCGGTTTGTGCTTCTATAGTTGTCGCTTCTACAAGCATAGTTTTAGGATTTAAAGGAATTGAGCCAGAACAATAAATCATATTGCCTAATATGATAGCTTGTGAATAAGGACCAATGGCTTTAGGCGCGTTTTCAGTTGCAATAATTTTCATAATTTATCCCTTATATTGTAAACAATAGTGCGTTAACTTATTCTATCTAACAAATTGGGCTTTTTGAATTATTGATGATGTACTCCTACCAGGTAATAGAGTAATATGTTCAACACTACCTCCCCAAGATAAAACTTCTTTGGCGCCTATTGTATTTTCAAGTGAATAATCTGCACCTTTAACTAAGATATCAGGCTTTATAGAACGTATCGTTTCGATTGGTGTGTCTTCTTCAAAAATAATAATGTAATCAACGCAAGCAAGTGACGCAAGAATACTTGCTCTATCGAAAGAGGGTTGAACGGGTCTATGCGGCCCTTTCAAGCGGGATACGCTCTGATCAGAGTTGAGTCCAACTATAAGTAAGTCGCCAAGCGCTCTTGCTTTTTGTAAGTATTCCACATGCCCTGCATGCAAAATGTCAAAACAACCGTTAGTAAATACAGATCGTTTGTTTTGTAGTTTCAGATCTCCAGAAATTTGAATTAACGTTTTTAGATTAATTGTTTTTTCTGGATGAATCGCTTCACTTTTCATTTTGTACGCAGCTAAAAATTCAGAAGGAGATAACGTTGAAGTACCTGGCTTACCGCAAGCAATTCCTGCCGCAATATTGCCAAGTTCAGTTGCGCGCATTAATGAAAAACCTGCCGCTAAACTCATTGCAATAAAAGCAACTAAGGTATCTCCTGCACCAGAAACATCAGCAACTTTTAGTGCATGAGTTTTGATTTTTAGAGTTTCTTGTATTTGTTTGCCTTTGCTAATTAAACCATGTTCAGAAAGACTCATCACAAGGTTATCGCAGCCACTTGCTTCAAGGTAGCAATCTGCAATACATTCTACTTCATGTTCAAAGGATGTTGGAATAAAACCAGGTTTAATCACTTTTACAACGGATCGGCCTTCGTTAAGGTTTGGTTTAATCACAGTTGATCCAACATAACGAAATACATCTTCGCTTTTTGGATCGGTGACGACAGGTACATTATACTCTTTACTGAGTTGAATGAGCCTTTTAATAAGTGTTTTGGTTAAAAAACCTTTTCCATAATCAGAAATAATCAAACAACGATTACCGCCGCTATCTAAAAATCTTTCGTACAGTTCTAAAACTCTATCTTCTTCTTCTAATGAGATATGACTACAGCATTCTTTATCAATACGGACAATTTGTTGCGAACCAACAGTATTGGAGCTACCAGAAACAATACGCATTTTTGTAGTTGTCGGAACAGAATTAGAAATAAT
CP146516.1_gap18	594493	595505	1012	ACGTAGCGCAAATATGAATCCAAGTAGCATAACTGCTATACCAAAATTGCTTGATAAAGCCTTGCCAAGTATTTACTTAAATGGGCAATTTTTTGCTAAATCACTTGATTTAAATATTGATCATTTATGCAAGCTCAATTCTGGTAAAATTGGAATTGATTTGGGTGATGCTCCTCAATTAGCAATAAATACTAATTCTATTAGAGGTGTTTGGGATATTCAAACAAGAATAGAAATAGCACGACAGTTTGCAATAAAATCGACCATTTCAAAAAGTTGTGAAAATATATATTTTAAAATACCTTCTAGTATAGAAAAAGCAATCTCTAAAGAACTTGAGCAATTTAAAAGCGAGGTTCTTGGTACGGAAAATGAGTTATTATTGTCTAATAATATTCAGAAAAAATTATGGATTATTCCTGGAAAATATAGAATCATTGTTAATTCTGTTGTAACAGGAGCCGTGTTATCTGTTCAAGAGTTTAATGTCTCAAGCGGAATGAATACAAGTGTTGTTGCAAAAATAAACTAACAACTCACAATTTTTAATTATAAATGTGAGTTGATTGAATTTCAGTGGGATGTTTTTTTAAAGTAATAGATTCTTGTGCTGGAGTGGTGAGTAGTTGAGAAATTTTTAAAATTTTTTCACCTAGTGCAAAATAAAGCTGCTCATTTATTAGTTTAAGTTTTGTATCATTTAAAATAGTTGTCATTTCTCGTAATTGATTTTTTAATTGTTGAGTATTTGTAGAATTAGTAACTTTACAGCTTTTATGGCAAAAGTATTTTTTCATGTGCACTCCCTCGCGTTATGAACTTGTGGTTGGTGTGCACTCGTGATATCTTCCGATTACCAGATGGAAGGGTGTGCACGAGTGCGCACTCTTTTTTAGTAAAGCAACCTCTTCTTGAAAAAATCAAGTTTTATGGTATGTTGCCTGTTATGCTTATAAAGCATAACAAGGTTGAGATCAACATGATGGAGTTGAAATCTTTATGGCAACGTTTG
CP146516.1_gap19	627844	628678	834	TTTGATTTTTTACAGTAAAAAAAGAAGGTTTTTGTGAACCTGTTATCACTAAATCAAATAAACTAAGCCATTCAAATTTTTTATTATCGGTAGAGTATAAGTAACTCATTACAATATTTGTATAATCCCAAAGACTATTTGTTGCTATAAATAATTTTCTACCAGAAGATTTTAATTGTTTTAATACAGGAACTAAATTTTTGTCTTTAGAAATATATTTACTTGGATTTTCGCTAACTTTATTTTTTATACTTCCATCTCTATGACATAGATCGATGCATTTTCTAATGTCTTGATAAATCTCGCAATAGCTTTTATCATTTAGGTTATTTTTTTTATTTTTAAAGTCTACAAGTTGTAAAAATAAAAACGCTTCGGCGAGAGAAAATAAAGTATCTATCAGGGCAAAATTAGGTTCATCATAATTAATTACATTTTCAACATCATATAATTTTCTTCTTTCTTCTCTATTTAATTCTCTAAAGCCATGATACGCAAGTTTTACATATCTATGTCGATCCATTTTTAGAACGTTGCCACGAATTTTATCAATAACAAGTCCTCTTATCATATAATGTGGATCAAATCGCCATTTTAAAATTTCTTCTGGATATTTGATCTCAACAAGTTTTTTTAATGTTTCGTCGTAGGCAAGTTTTTCAAAAGTTTCTGGCTTGTAAAGAGCAAGAGTATAATCCATATCAAAGCCAATTGCTTTAATTGAACTCATATTGAGAGATCGATTACAAAATATTTTTTCACTAATGGGTATAATATTTTTTTGTGCAGATATCATCATCTCTCCTCTTAGTGCACTTCGGTCACCATTAAGTC
CP146516.1_gap20	630124	632218	2094	TAAAAATGTTGTTGCAGGGCACGCGCAGTTAAAATCTGTTTTAAGTTTGGTAAGCAATGTGTTAGAGGTAACAGATTGTCTAGAAGAAATATTAGACATTCCTATAGCAAGAGAGCAGTTACTCGACAAGATTTTAAGATATCAAAATTGTATAGAGTATAAATTAGAACTCGAATCATTACCTTCTGCAGATTTGGCACAAGCTTTATTAACGGGTGTGCCATTAAAACGGAACACACTGGAAACTTGGTTGTCTTCAAAGAATTTTTCTCTTGTTCCGTTACCAAATATGTATTTTATGCGCGATACAAGCATGGTAGTGGGAAATCGAGTGATTACATCAAAAATGGCAAGTTCAGTGCGGTATGCCGAATCACTTATAATGCGCACTATTTATGATTACCATCCAAATTTGCAAGGATATGGTTTGTTACTTGATGCGTTAAATGAGCAAAATGATCCTGAATTTACAATAGAAGGCGGAGATATTCTTGTTATCAATAAAGATCTTTTATTGGTAGGAATCAGTGAGAGAACAACTCCAAAAGCAATTGATACTCTTGTTAATCAATTAATCAAAGCACGAGCTGAAGAAGCTAAAGAAGAACCTTTTAATTTACTCTGTGTTATTTTACCAAAAAATCGAAGCACAATTCATCTTGATATGATTTTTACTGTTGTAAATAATGAACAAGCAATTGTTTACCCTCCTTATGTATTAGGTAGAGAGCGAGCTCGTGTTGTTCGTATTCGTGTTAAACCAGATGGAGATAAAAAATTTAAAGAGGTTGAAGATCTTATTTTAGGCTTGAGAAGTGTCGGGGTGCGAATGGATCCTATTCCTTGTGGTGGAGATGATCCGTTGTATCAACAGCGTGAACAATGGAATAGTGGAGCCAATTTATTTGCGTTTGCTCCTGGAAAAGTCATTAGCTACATTCATGAGCACACGCTTCGGGCTTGCGAGTCAGCTGGGTTTAAAATTGTGTCTGCAAAAGATGTTATCAAGCACCCAACACTGCTGCAAAGTCACTCACCATTGGTTGTTACTGTTGAGGGAAGTGAATTATCTCGTGGAGGTGGAGGGCCGCGGTGCATGACCTGCCCTGTTTTGCGAGATCCAGTATAAATTTTGCAACAATATGCCCCTTTGCATTTGCTCTTGCCTCAAGTCATAATTAAAGGTGACGATACATTAAGTAACGAAGAGGGGAATAATAAGCATGCGAGGAGCGTTTCGATATACAAGTACTTTGTTCATCGCTTCATATATTTTATTACCATCTTCATTTTTATTTAATTCTTGCTCAAGTAACAATGATGTTGCTTCTAGTAAGTTAGAATTAAATCTCCCAGAGCAAAAAAGTTTACTTTCAAAAGTAAAACGTAGCGAAATTAACTATATTTCAAACTTAAAAGATTATTCTCCTCCAACAGAAAAACAACTTATAGATGAAGCTAATTTTCAAAATATTAAGCTTTATAATGAAAGTGCACGTGTTTTAACAGATTGGATTTCAAGATCGTTACCATCTAAAGATCGAATTCAAATTGCAAAAAATTGCGAAAATTTAATTGCTGGATTTAAAAATCAATTTCCCTTAAATGAAGAAACTCTTACCTGTGCTGCATGGTGGTTAGAAAAAAGAAATAATGAAACTTTAGCGAATGCGTCTAAATTATCTGCAGCATCTCCGCCAATTATAAAATTTTTATCTAATAAACAAAGGGCAGAATGGAAAAACTTTGAGGGACTTTCGTTTAATGATGCATTTTATCAATTAGATCCTCCAAGCATTAGTAAAGCTAAAAAAATTTCTGCAGAAGCGCTAGAAGTTGCATCTGATTGCGATTATAGTAATGCAAATGCAGCATTAATTATCAGATTAGAACCATTTTTACCTGATAAAGAGATTTATTCATTCATTGATAAAATATATAATAAAATGAAAAAATGTTTGTCTGCAAATGTTGAACCAAGTGAAAAACTTCATTTAAGGGTTGGGTTATTACGTTTAATTTCAGGGCAACCTGAGATTGCAAAAGAATCACTAGAAGATGCTTTACTAGATAAAGATCCAGGAGAAAGTTCCA
CP146516.1_gap21	636464	640830	4366	GTTTTTTACAACATCATAAAGCTGAATGACTTTTCCTTTTACGCGATCCCAGTTGTTATAAATTTCGACGGGTTGCGCATATTTTTTTTGAAAATATTCTAAATGATCCATGTTTGAATGAAGCAATCCGTCTTTATCAATTAAAAACATTCTTGAGTAAGCGTCTTCTTCACTTAGGCCATCGGCAACCATTGCGGCAATAATTTGATCGGCAATACAGCATCCCGCTGTTCCTGCTCCATGAATGACAACCCGTTGTTCGCTCATTTTTGTGCCATTAACTTTTAATCCAGCTAAGATTGCTCCCAAGGTAACGGCTGCGGTCCCTTGCATATCGTCATTGAATGTGCACATTTGATCATTATAACGATCTAAATTTTTTCGCGCGGTTTGTCTTCCAAAGTCTTCCCAATGTAAATAAATATTAGGAAATTTTTTGCGTAAGGCTGTGACAAATGCATCGATAAAATCGTCATACTGTTCGCCACGAATTCTTTCGTGTCTCCACCCTAAATATAATGGGTTTTGGAGAAATTCTTTATTATTAGTGCCGACATCAAGAACGATTGGAAGAACTTTTGTTGGATGAAATCCAGCACATAAAGTGTACATGGCAAGCTTAGCAATAGAGATCACAATTCCTCCAACCCCTTGATCTCCAATTCCTAATATTGCCTCGGAATCTGTTACGCAAACTGCTTTAATGTCATAGCCTTCTGGCAAGTTTTCGAGTATTTCGTCGATTTGAGACATTTGAGGATATGAGATAAATAGTCCTCTTGGTCTTCTGAAGTTTTGGTTAAACTGTTGCACCACATCGCCAACGGTAGGTGTATAAAATACTGGTACCATTTCAACAAGATGCTCTTGCAGAAGGCGAAAAAATAACGTTTCATTGCGATCGTAAAGTTGTGTTAAAAAAATATTTCTTTCAATGTCTGTATCTTTTTTTAGATATTGACCATAAACACGGACAACCTGTTCATCTAAAGTTTCAACAACATTTGGAATTAAACCTTCGAGTTTTAATTCTTTGCGTTCTTCAAGGGTAAATGCGGTATCTTTATTTAAAAATGAATTTAAAAGAAGTTGTTTGCCCTGAAGACTAACTTCGTAAAATTTTTTATTATCAAAAGTATCTCGTTTTTCTTTAAACATCTGTTGCTCCAAATAACTTTTTACAATGTCCAATCAATTTCTAGTTCGTTTTGTGCTCTTAAAATTTCGTTTACCTTTGAAAAATGTTTGCATCCCAAAAAACCTCTATGAGCTGATAAAGGAGAAGGATGTGCTGCTTTTAAAATAATATGATTCGGATTGCTAATCATAATTGCTTTAGATTGTGCCGCAGCTCCCCATAGTAAAAAAATAATGGGCTTCTTTTTTTCATTCAAAAGAGCAATAATTTTGTCAGTAAAAATTTCCCATCCCTTATTGCGATGAGAGAATGCGGCATTTTCTCTAACAGTTAATACCGTATTTAATAAAAGTACTCCTTGATTAGCCCAGTTTTCTAAGTTTGTGCTACTTGGGCGTTTGCCGCAGTTCTCTTCTATTTCTTTAAAAATATTGTTAAGTGAAGGAGGAATTGCAACACCATTTTCAACAGCAAAAGAAAGACCATTGGCTTGTCCTTTGCCATGATAAGGATCTTGTCCAATAATGACAACGCGGACATTGTTGTAATCCACCATTTTTAGTGCTCTAAATATTTTATCTTTATGAGGAAAAAACTGATAGCCTTGATGAATTTCTTGTTTGAGATGTTGGCGTATTTGCTCAAGATATGGCTTAGAAAACTCATTTTGGAGTAAAGGTTTCCATCCCTCAGCAAGGAAATGCAAGTCTTTATTTTGATGAATTTCAGTTTGACTCACTCTTTTATTCTCCAATAATATTAGCAAGAAAAGTAAAGCTGAGAAAAATGATTTTCTCAGCAGAAATATTACTATTTTTTTATTGAAGCTCACAACTGGTAAAGGGAGCTTTTATTGTGAACCATTGAATTATTAAATGGTTTTAAAATTAGGCAATAGGAAAACTTCTTTTTCCAGAACCTTCAGATGTTCTTTTAGGATTCCCTCGACCCCCAAAACCACTATTGTTTTCTGAGCGTCCACCAAATTTTTTAGAATCACCAAAGCGTCCACCGTTGCTTTTGCCACCATTTCGATCATTGTAGCGACCCTGGCCTCCAAAACGACCACCGCGATCGCCGCCTCTGCCGTAACCGCCTTTGTGTGAACGTCCTCTATCTCCACCCACTGCAAATTTAGAGTTTTCTACATTTGCACCAAATTCAGTTTTAAAGGCAGGAGAAAGGTCTTCAACATGCAGACTTTTGCCAATTTGGCGTGAAGCTTCTGCTTTTAAAAGTGTTGCAAGGGCATCTTTAATTTTATCTTGGTCAAGTTTAGAGATAATTTGATCCACAGATTGATTGATAAACTCTTGAGTTTCTGTGCCTTGCTCATTAACTCTAAAAAGTAAATTATTAAAAAATTGCGTTGTGATCTTTTTAGCATCTGGTAGTTCAATGCGTAAAGGATTGATTTTAACTTTTTGACAAACAAATTGGTACTCACGGCGTTCAACGTGAGTAATAATAGTCCACGCTTTTCCGGTTGCGCCTGCGCGTCCTGTACGCCCAGCTCTATGAGTATAGGTTTCCACATTTGTTGGCACAGTGTAGTTAATAACGTGAGACAATCCAGTGATGTCAATTCCGCGTGCTGCGACGTCAGTTGCGACAAGTAAACGCAATTGTTTGTTTTTAAAGCGTTCCATCGTTTGGCTACGATCGTTTTGTGTCATTTCTCCATTTAACACACCTGCAGAAAAACCTCTTTCCATAAGGGCATTATGAATATTGCGAGTTTCTTCGCGTGTTTTGCAGAAAATAATTGCATGTTCTGGATCGTGATAAATAAGAAGACCTAATAATGCATCGAGGTTACGACCCATTTTAACTTCTAAGAACCCATGATCAATTTGACCAGTGCTGGTGTCAGTGCTCGCAACCTTTACTTCAAAAGGATTGGCAACCATTTGACGTGCAATATTTGTCACTTTTGGAGGAAAAGTTGCTGAAAATAAAAGAGTTTGGCATTTTTTTCCAATTGCTCCTTTAATTTTGATAATGTCTTCAGCAAAACCAAAATCAAGCATTTCATCCATTTCATCGAGAACAAGAATTTCTATATTAGTAAGACTGACAGCGCCTTGTTCTAACAAATCGTTAAGGCGGCCTGGTGTGGCAACAATAATGTCAACGCCTCGTTGAATGGTAGATGTTTGAAAGCGATAGCTTTTACCACCAGTGATTGCAAGAATTTTAAATCCCTGTGGTTTAAAATTGGTTTCAAAAACATCGGCAACTTGCTGTGCGAGCTCACGTGTTGGTGTTAACACGAGCATTCTCGGTTTGCCGCCATTTTGAGTTTTTTCAAGTTTAGCAACAGAAGGAAGACCAAAAGCAAGAGTTTTTCCTGAGCCTGTACGACTTTGTGCAATAACGTCGCGACCAGCTAATACAGGTTCATAGGAAGCCTGTTGAATTGGGGTAGGCTTTGTGATGCCTTGTGCAATAAGGCCATTGCGAATAGCCTCTGGCAATAGGTTAAAGATAGAAGAATCTTCTGCTGCAATAGTATTAGTATTTGTCATTTGTTTCCCAAAAAAATAAAGAAAAGAAGGGGTTAGCTGTAATTAGCTAAGACACTTAGGCGAGAATTGAGAAAGAGTCACGAGCTTGTAAAACAAGCAATATTAAGAGGTTGCAACACAGTGCTCCATATTGAGCGTTTTGCAACAAAAGATTTAATCTTTCTGAACCCCTGCCAGCAGACCCTTAAACTGTATTCTATCTATAGTGTCAAGAGGGTTTTTTTTATTCTTCATTAATGGTATGTTAAGCAGGTTTAGAAATGTTTTTTGAAATAAGAGGTAACTATGCAAAATCAAGACGAATTAAAATTAGAACTCGAAAGACTCAAAGCAGAAAATGCTGCCCTTAAAAGTGAAAAAAAATTACTCTCAACAAGAGAAATTAGCTTTAAGGTTGCAGAAAAAGGAGGTTTATCGGTTTATGGCTTAGGACGTTTTCCTGTCACTCTGTATAAAGAACAGTGGCTAAAGCTCCTTAGCAAAGAGCAGGACATCAGAAAATTTATTCAAGAAAATGACGAAAAGCTAAAGTCTCGAGAGTAAAAATTAGTGTTTTTTTGCGAGTTTGTGCGCTAATTCTTGGCCTATATGGTAAAGCTTATGTTTAGAATTTTTTGTCAATTCGCTACTGCTCATACCCAATCTGCCTTCTTCAAATAAGGTCAAAATCTCAGAAAAACCTAATTTTTGTTTTAGTTCT
CP146516.1_gap22	644053	647427	3374	GATGATTCGTTGTTAGATAAGGCTAAGGAAATGGTTGTCTCATTATGTCATAAGTATCCTTTGTACGATAAAGCCTTACAACGAAACGGTTATGTTTCTATTAGCTAACGGTTATGTTTTGCTGTCAACCACACCTCCGACTAAAGCCGGAGGCTTGAGGAGAGAAACCTCTAAAAGCGGTTGACCAGACCCCTCCAAGAAATTGGAGGAGACGTTCTTGTGGAATGGCTAACATAAGTTAGCAGAAATAGGCACTTTGGGATGCGTGCCAGTCCCAAACTCTGCGGTGAGTGTTCATGCAAGCGTGAGGTGTAACGCTGAAGGATGCTCACAAAAACCCACGAGTAACAAGGTCGAGGCAAACTTTAATCAGGCTCGTAAGAGCAAATAGGAAATCAAATGCCACTGGTACTTTCCAGCACAAAAAAGCCACTGATGCCATGCACTCCTAAGCGTGCTCGCTTGCTTTTGGAACGTAAAAAAGCTGCAGTTTTTAGAATATATCCTTTCACGATTATTTTAAAAGATCGCGCAGACGGAGAAACTCAACCATTAGAATTTAAGGCTGATCCAGGTAGTAAAACAACTGGAATTACTCTTGTTTTAAATGGCAAATCAGAGAAAAAAGTAGTGACTGCAATTAACCTTCAGCATCGTGGTCAAACGATCAAATCTAACCTCGAAAAAAGGCGCGGCGTTCGTCGAGGACGTAGAAATAGACATACAAGATATCGTGCACCAAGATTTGATAATAGATCTCGTTTCAAGGGTTGGCTTCCTCCTTCACTTATGTCAAGGGTTTATAACGTACAAACATGGATCAATCGTCTGTCAAAATTTTCTCCAATTTCTTTGTGCGCTGTAGAAACAGTTCGTTTTGATATGCAAAAAATGGAGAGTCCTGAAATTTCAGGTGCAGAATATCAACAAGGAGAACTTCTAGGCTACGAAGTGCGTGAGTATTTGCTTGAAAAATGGAATAGAAAATGCACTTATTGTGAAAAAGAAAATATTCCGTTGCAGATAGAACACATCACCCCACGCTCCAAAGGTGGCTCAAACAGGGTTTCTAATTTGTGTTTAGCATGCGAAAAATGCAATCAAAAAAAAGCAAACAAAGATATTAAAGATTTTTTAAAAACAAAGCCTGAACTTTTAAAGAAAATTAAGACTCATTTGCAAAAACCTCTTAAAGATGCCGCTGTGGTCAATGCAACCCGATATGCAATAGGGAATGTCGTTAAATCCATTGGACTTCCAACAACATTTTGGTCTGGTGGTCGCACAAAGTACAATCGCATTCAGCAAGGTTACAAAAAAGATCATTGGATTGATGCTGCGTGTGTTGGAGAAAGTGGAGAAAATGTTGTGATTCCTAAAAAACTTAAGGCAAAACTCATTACAGCAACTGGGCATGGCGATAGACAAATGTGCCTTGTAAACAAACATGGTTTTCCTCGATCAAAGCCCTCTGCATCTAAATATGTTTTTGGTTTTCAGACAGGAGATATTGTTACTGCAAAAGTGACTAAAGGGAAAAAAATAGGAAAATATATTGGAAAATTAGCCGTGAGATCTTCAGGGTCTTTTAATATTTCTACAAGCAAAGAAACAGTTCAAGGTATTTCGCATCTATTTTGTAAAAAGATTCACTCAATGGATGGTTATAGTTACTCCCATGAGGAAAAAAAATGTCACAGTTAAATCCAACTTACGACAAGCAAAAATTCCTATCGTCTTTTTGCTTGCTTTGTGCGGCTTTCAATTCAACCTTGCACCTTTCGGTGCTGCGGTCTTTTCAGCTCGCTTTCCTCCCTGACCTAAATGTCAGGGTATCGAGCTTGGAGGGATGATGAAGTGTCTGCAATGCCAAAATCCTGAAAGTAAAGTGCTTGAAAGTCGTGAAAACCGCGATGGCAGAACGGTGAGGCGAAGACGAGAGTGTGTAAATTGTGGCTACCGTTTTACAACATTTGAGCGTTCTGAGGAGCAACCTTTTTATATTATTAAGCGAGATGGAACACGTGAGTTGTTCAATCGTGAAAAGTTGTTAAAAAGTTTGAGCATTGCATGTCAGAAAAGGTCAGTCAGTTCTAAAAGCTTAGATGCAATTGCGGATTGGGTGGAAAGTGTTTGTTATTCTTGCGAAGAGCGTGAGATTTCTTCGCATAAAATTGGAGAACTTGCGCTTGAAGCTTTATTAAAGCTTGATCCTGTTGCATATGTTCGATTTGCTTCTGTATACCGCGCTTTTTCAAGTCCTGAGGATTTTGTGGTTGAATTAAAATTTTTGACTGAAAAAACTCAAAGTAAAAATAATTTTAAACTTGAGCCTAACTAAGTTCCCGCCAATTTTAAGCAAACAAGTAAAATGGAGCGATATGTTTACAGGAATTATTCAAGATATTGGTGTTATTTTATTTAAAGAATCTTTTCATAATTCTTTACGACTTTCTATTAAAACAAAACTTAATAAAAGTTATCTTGGCATTGGCTCAAGTATTGCTTGCAATGGTTGTTGTTTAACAATTGTTGAGGTCTATTCCGAGCAAGATAGTCACATTTTTCTTGTTGATATTGGGATTGAAAGCATAAAGCTTACCAACTTTACTTTATTGCAAGTTGGTTCTTGTGTGAATTTAGAGCCTGCGCTAAGAATTGGAGATTCTCTTGGAGGACACCAATTAACAGGGCATATAGACTGTATGTGTGTTATTGAAGAGTTTAATAAAATAAATAACCAAGATGGTGATTTTTGGAAGTTAATGATAAGGATTCCAAGTAAATTTACCAAATGGGTCATTCCAAAAGGCTCTATTGCTATTGCAGGGATTAGTTTAACAATTGCTCAAATTCTTCCAGGAGATCATGAAGATAAGTTCATTGAGATCATGATCATTCCGCATACTTTTCGCTATACAAATCTACAATTTTTTGCTGCTAAAATGTGCATTGAAGTTGAGTATGATCAATCGGTCAAGGCTATTGCGTCTGTACTCGAAACTATGTTACCAAATTATATTCAGGCTCGTAAATAAACGGCTTTAACAATTCAGGATATTAATAAAAAATATGTCATTTGATCTGCAAAAACGTGATGTTGCGGCTCAATCACCGCGCCTAGCTCCAGAATTTAAAAAAACTTCTTATTCGGAGTTGGGAGTGACGCAGTTGAAGCATGTAAAGTCAACTCGTCAACTTGAAGAAGAAGCTCATTATCCAAAAGTTCTCGCAACTACACCAAAGCAGCATATTTCTTTAATTTCTGATTCAAGAATCTATGCCTTAAAAAGAAGACTGCTTGCTCCGACTTGGTGGGTAGAAGGTATTTTATTAAGTTTAGGAGCCAAAGAAGTTTGGTTTGACTCTTTAAT
CP146516.1_gap23	663083	666793	3710	GCGACTTCTGTTTTTCCAAAGCCAACATCACCGCAAAGAAGGCGATCCATTGCTTTAGGTTCTCCCATATCGATCATAATTTCTTTAATCGCTTTAAGCTGATCAGGAGTTTCGTCAAAAGGAAATGCGTCTTCAAAAGCAATATATTCTTCATCAATTTTAGAAAAAGCATGACCTAAAGTCATTGCTCTTTTGGCTTGATGTTCCATCAATTCTTTGGCAAGTTTTTCGACGTCTTGTTTCGCTTTTGTTTTTCTTTTTTCCCATGAAGAGTTTTTGAGCGTATCTAACGAAGTGTTATCGGAACTGCCAATATATTTTTGTACAAGATTGAGTTTGTGAACTGGAACATAAATTTTATCGTTTTCGGCATATTCAAGCACTAAAAAATCGCCAGTAATGTCATGAATTTTAATGGTCATTAGTCCGCGAAAACGAGCAATTCCATGTTGCACATGAACAACCAAATCACCTTCAATAAAGTCTGCGTATTGAGCACTTAAAAATGCTTCTGAGTTTTCTTTAGAAGAGTTTTTATTTTCGTTATTTTCAAACGTTTCAAAAGATTCTACGTTTGCAATTCCTCTAATCCAATTTTCTGAAACGGCAAGAGTGTTAGAAAATGGAAGGTAAAAGTACTCTTTTGCGTTTAAAATACAAAATTGAATTTTTTCGGAAATATTTGGGTATTTTGTGATTGGTGATAAAATGTCTTTAATATTAAGTTTTGGTGGTTCTTCAAAATTTAAATTATTATTGTCAATATTAAAATATTTAGAACTAATTCCTGCAAATTCAATAAAGCTATCATTTGAGTTAGATAGAATTAAAATATTATTAATTACATTATTATTTATCAAATAATTTAATTTTTCAATTCTATTAGACATTTTTTGTTTTTCAAATGGCTTTAAAATTGAAATAATATGATCAGGAATAAAAAATCGAGATGAGATTAAATTATTTTCATTAAAATAATCTTTGGTTTTACTGATTTTAGGAAAAACAGTCTCTATTTTACCTACGGGATAATTTTTTCCAGTAGCATTAATTAAAGAGTTTTCATAAATTTTTTCAATTTCTAGAAGCGGCTTAATAAAAGCATCTGCTTCGCAAGCAAAAGAAAATAACAACTTTTTACTTTTCTTATTTGCAAGATCAAAAATGTATTCGTTAAAAGAGGATATTTGATCAAAAGTAAACATGTAAAATATATCATCTATGCCAGGAAATGTTACGTTAGCTCTTAAGTCTTCTAACAAATTAGCACGTCCAACTCCCATTACTTTTTGACTTAATATCGACGCATTTAATTTCTCAATTGATTTTTCTAGTTCACTGGGATACGGCCAAACAAATTCTCTTGACGGTAAAATAGTCACTTCGTTTAATGTTTGAAATGATCTCTGATCAGTTATGCGAAAAGAACGAATTTTATCGACTGCATCATCAAAAATTTCTATGCGTGTTGGAGTTTTTTCTCCTGGTGTCCAAAAATCAACAATAGATCCTCTAATTGCAAATTCACCAATGTCTTCAACTCGCTGCACTTGTAAATAAACACGTTGCAACAATTGTTCCACCAATAAGTCAGGATCTATGGAATCGCCAACTTTAATTTGAAATTTATGATTATCAACCCATTGAGCTTGCGGAAAATTTCTTGTTAATCCGCTAATGCTACAGATAATAATTCGTGGAAAATGGGAGTGAATACAATATGCAGCTTCAATTCTTTTTGCGATAATTTTTTTTGCAGATTCAAAGCGAAACACACCCGCCTGAAAAAAACCAGGAATATATAAAATATCTTTATGAGTTAAATAATTTGCAGTTGCTTCTCTTATAAATTTTTCATACTCTTGTGCTTCTGATTCATTTGGTGTGACAATAATTCTGTTAAGTGATGGGTTTTCAATGAGAGAAGCAATTAATTCAATCAAACTCGACTCAACAGAAAATAATGTCATAAAACTATAGTTCCTTATTTTTAAAATTTATATTTTAAGTTATTTAAATTCGCTTTTTTGCTGTCTTGCAATTAAGTCTGTAACTGCATCTTGGATGGGCTTTTTTTCATACAATACACTATACGCTGTTTTGATTATTGATGCTTCAATATCATATTTTTTACATAATGAATATGCGCTATTTGCAGTTGTATAGCCTTCAATCACTTGGTTCATTGATTTCATTATGGATTCGCTATTTTCTCCTTGAGATATTCTAAAACCAAATTGACGATTTCTAGAAAGATTTCCTGTACAGGTTAAAATCAAATCGCCAACCCCACTTAATCCAAGAAATGTAATGGGATCTGCGCCTAGTTTTGTGCCAATACGAACAATTTCTGCAAGTCCTCGAGTCATAACAGCCGCTCTTGCATTGCTTCCTAAATTAAGGCCATCGACAGCACCGGCGACCATTGCAATCACGTTTTTAAGTGCGCCAGCTATTTCAATACCAATAACATCTTTAGAATCATAAACTCTAAAATAAGGTTTGTGTAATATTTTTGAAGTAATAGAAAGCAGTTCTTGGCATTGAGAAGCGACAACAACGCACGTTGGTTTTCCTTCGAGCATTTCTGTAGCAAAACTAGGACCACTTAATGCTCCTATGCTTGCAGAATTTTGCCAAAAATTTTGTAAAATTTGCGATGGTAGCAATAGTGTATTTTGTTCAATCCCTTTTGCGGCGGAAATAATTTTTATTTTATTTAAAAATTTTTTCTTTTTAGAAGTCTGTTTTTTTGTGTGTTCAATCATCCATTCGTTCACACTTCTGATACTTTGACATGGTATAGCAAGAATAATAAGACTATAATCACTAAAGCTTGATTTAAAATTTTCAAATGTTTCCATTTCACAATTTTTCAGCGTATTATGTTTTTGTAAGGATGCAAAGTTGTTGTTGTTTCTTGAAAGAATTGTAACAGGATTACTAGAGCTATGAATGCATGTTGCAATAGCAGTTCCAAAAGCTCCAGATCCTATAATTAAAATTTTTTCTTTTGGTGTTGAGGTCATTGCAGATTACTCCTTTAAGCTTCCTTCCAAATATCAATTACCTTTAATCTATTAGGAAGTGAAGAAGTTTTCTTGATAAAGAGAGGTTTGTAAAAATGAGTGATTTTGAAAAAGCGACTCATGCTGCAAAAATGCTTGTTGAGCATTTGGAGCAAAAAATTTTTGGTCAAGATGATGTGATTGAGTTGGCTGTAATTTCTGTAATTTGCAATGAGCATGCGTTGCTCACAGGGGCTCCAGGCGTTGCTAAAACAACTTTGGTGCGAAACCTAGCATCATCACTCGGTTGTAACTATAAGCGGATTCAGTTTACTCCAGACCTCACACCTTTTGATATTTTGGGTGGTGAAACCATACAATTTGATCAAAAAGATCCAAATTTAAAAAAACTCGCATTTGTTCCTGGACCAATTTTTTCACCTTTTATTTTAGCAGACGAAATAAATAGAGCCTCGCCAAGAACACAATCGGCGTTATTAGAAGCGATGCAAGAACGTCAAGTGAGTTTGGGAGGAGTGACGAGGCAATTGCCATTTCCATTTTTAGTATTTGCAACACAAAACCCTATTGAAAACGAGGGCACATTTCCTTTGCCTGAAGCACAGCTTGATAGATTTTTGCTAAATATTGAGATGCCTTATCCAGACTTTGAGGCTGAAGTGAAAGTTGCAGTATTATCAA
CP146516.1_gap24	673581	675521	1940	GAATTTTTACTTTTTAATGTTAAATGAATATTGTCTATGTTAGATACTATTAATCCGCTTTCTCCTCCTTTAAGTGTAGATGTTTTGTTATTGTGCTTCATGATAATTTCACCAGACCATACAGTAATAATAGAAAAAGTATTTTTAAATAAAGGTTTATAACAAAAAGTGCCTATTTCATTAAAAACACTAATAGCAAAAGGATTATATGTGTCACCATAAAATACTGTGTTTTCGGCCATATTTTTTATTAATAATTTTTCGAGATCTTTGCCTCTAGGCAAACTCCAATCAATCGAATTGATTGACTCTTTGACATGAAGTTCTCTAGGCTTTCCAGTTTCGCTTTTTTGTCCATGTTTATTATAAAGCCTTTTCCAATCAGAAATTCTCCAGGTTTTTCCTGACTTTTGCGGTAATACATACTGAGGTTCGGCAACAAAAACGCCTTTGCCAATTGCATGGACACAACCAGGAGGGACAGATATGTAATCAAAAACTTTGGGTTCGTATCGGTATAAACATTTTTCTGGCTCGTCATTTAACAAAAATTCTGTAATTTCACTTTGTGTTAAATGCTCTTTAAAGCCTAAGTAAACAAAACCATCTTGTTCTATATCTAAAACTAACCAGCTTTCGGGTTTACCGCACTCTTCTGGTTTTAAAGCTGGATTATTATTATTTGGATGAAGCTGCACAGACAAAAAATCTGAAGCATTTAACCATTTTAATAAAAGAGGACAATGTGCACCATATTTATTAAAAATAGATTCGCCGAGTATTTTTTGTGCGTTGTTATTTTTTAAAACTTCGATTAAAGTTTTATTGTTAAGTTCTTTATTATCAGAAATAATTTTTGAAGGATAATGAATATCTGTAGAAACTTCCCAGCTTTCACCAATTTTAGCTGGAATTTTATTTAAAAAATGTGGAAAATATTTTTTTTTGATTTCTGCAATTTTGCTACCACCCCATGGAGTTTTATTTATTGGTACAAAATTAAAAGAATCTGTTTTTAAAAAAAAATAACTCATTTTGGAATAATCTCTTTTAAGTATTCGTAATGTTCTCGAGCCTCTCGAAATAGTTCTTGAGAACCACCAATATCTGGATGATGGTTTTTTGCCATTTCAAGAAAGCGTCGCCGCAATTCGTTGCCACCATCTTGTTTTATTTCCTCGAGCGAAGAAAAGCTATAGAATTTTAACATGTCTTTAATTTTTTCAGTATCCCGTAGTTCTGGAGCGCTAAATTTAAAACTACTTTCAAAATAGTGAAAGAAATTATTGATCAATTGTTTGAGACTTTCTTCATCAAATTGAGAAAAGTTGTTTGTGTTCGCATAAAATTGAGACATTTTTGTTTGAATAGAAGCTTCAATAGATATTGTTTCATGCCAAAACTTTTCGTGTTTATGTTGTTCACAAAAAACATCTGTGGTCACATTTTTACAATACGGTATGTGGTATGCGTCAAACGCTCTACACAATGAAACATCACGCATGGCAAAGTGACAACCAATTGCCGAAAATCCAAAAATCGGTAATTGCTTTGCTTCGCCCCAATAATTTGAGCCAAGCATGTTATGATTTAAACAATATTGCTCAAAAAACTCTTCACCAAATACAACACAAAATTCATCTTTAGTTTGTTGAAATAAAGGACTATTTTTATGCTTGATGGAGGATAGATGAAACATACTATTTAAAAAAAGTATTTTGTGTCTTAATGCAAAAATAAACGCTAATAAATTTAAATTTCCTAATCCAAACATTTTTTTTGAAATTTCTGGAGGTAATATAAATTTTAAAATATCTGAATCAGAAGTTTTTGCAACTTTTGCCTGGCGTAAAGCATAAGTCTCATGATAAAGATTAAAATCTTCAAATAAATTTTGATTTTTAAAAGAATCTATTAATTTTTCAAACGATATTAACTTT
CP146516.1_gap25	678823	680264	1441	GTGTTGGCGCATGAGATCGCCCATATTGCAAACGGCGACATGGTGACCATGACGTTAGTACAAGGTGTGGTGAATGCGTTTGTCATGTTCTTTGCACGTATTGTAGCATATGCGGCAACGCAGTTTGTAAAAGAAGACATCAGACCATTTGTTAATATGGCTGTGGTTATTGTGCTCGAAATTTTATTTAGCATTTTAGGTATGATTGCAATTGCTTGGTTTTCGCGCAAAAGAGAATTTCGTGCCGATCAAGGAGGCGCACAACTTGCTGGAAAATCAAGTATGGTTGCTGCCCTTGCGGCATTACAGCGTGTCTATGCTACGCCAATTGCCGAGCAAGACTCTGCTCCTCAATCCATTGCTGCCTTTAAAATTTCTAATAAAGCAGGTTTCTTGAGTTTATTTTCAACTCACCCACCGCTTGAACAACGTATTCAAGCATTAAAGCAAAATACTCAAATTCTTTAAGCATTAAGAGCAACGTCTAAATTTTGATTGTACAGGAACTTAAATTCTTTAAGTTCCTTTTTTCTTTTCCGATTTTTTAAAAACATGGTGAAAATTAAAAATAGAGGAAAAAATCCATGGATGGATTGCTTAAAAAAATCCTTTATGCTTATAAGAAAAAATTAAATTTAGCTTCTTTTATAATTGCTTTAATACCATCATTATTAATAGAACACTCAATATTTGCTGAAGCAATTCAAAGAGAATATCGATCGGCCAATTTTTTAGGCAAAGGGGACACAGGAATTGCTGATGCAAAAGGGTTTGATGCAATATTTTACAATCCTGCAGGAATTGCGCAAGGCAAAGGGATCTTAAATGAAATCATCGTTGCCAGTCCTCAGGCTGAAGCCAGTACAAATATTATGGAATTAAAAAATAGTATAACAGGACAAAGTGGTTCTAGTGTTTTACAGGTTCTTTCGCAAAATCAAAACAAATCTTATAGCGCTGCAATTCAAAATTATTCTGGAGTGATATTTAGAAAAGTTGCCATTGGGGCATTTGCAAGAGGAAGTGCAAATTACTACAATTATACCGATTTGAGTATTCCATCGGGCTTTTCCCAGGTTGATACGAATGTCCGCTACGGTGCGCATTTAACGTTAGCGCAACCTTTATTAAATGATAGAATATTTATTGGATTAAATGGAAAATATCTTCAAAAAGATCAAATTAAGTTTAAAATTGATTCTTCTTCACCCGACTATTCTGGTTCTAATAATATTTTAGACTCTTTAAAAAGTACAAACCAACGAAAAGGGGCAGGGATTGGCGCAGATATTGGGATGATGTTTTTACTTGAAAAAAACACGGGAACGCAATTAGGGATTGCGTATCGAAACATAGGAATGACCTACAGATGGGTTGCAGATTCTAATAAAGGGGCGCCTGCTGCTGAACCTACAACTTTAGATGTTGGTTTTGTGTCGTC
CP146516.1_gap26	681567	686108	4541	TTTTATTGTAAAATAAAAATTGTTATTTGCTATTAGGAGGATTTGTGACAAACAAAAATTCTGAAAAAAAAGTAATTATTGCTGCATCATTAGGGACTGTTTTTGAATGGTATGACTTTTATCTGTATGGTACTTTAGCTGTTTTTTTTGGAACTTTGTTTTTTCCGACAGGAAATGAAACAGCCTCCTTTTTAGCAAGCTTAGCGACCTTTGGTGCAGGGTTTGCTGTCAGACCTTTTGGTGCCATTGTGTTTGGTAGAATTGGTGATATTGTAGGGCGAAAATATACTTTTTTAATAACAATAATTGTAATGGGTTTATCGACTGCTCTTGTGGGATTGTTACCAACTTACGAGCAAATAGGTATTTTTGCGCCTATCCTTCTCACTTTATTGCGACTAACGCAAGGCTTAGCATTAGGCGGAGAATACGGAGGCGCTGCAGTTTATGTTGCCGAGCACTCGCCTAATGAAAGGCGTGGTTTGAACACCAGTTGGATTCAAACAACAGCGACAGGGGGATTTTTACTGTCTCTTGTTGTCATTTTATGCTGCAGAGTGATGCTTACAGAAGAAGATTTTAAATTTTGGGGTTGGAGAATTCCTTTTTTAATTTCTATCATTTTATTAATTATTTCTGTTTATATTCGCCTGAAATTAAGTGAATCTCCAATTTTCTTAAAAATGAAAAAAATGGGTAAAACTTCAAAATCTCCTTTAAAAGAAAGTTTTACAAAACCTAAAAATTTAAAATTAATTTTATTGGCATTGTTTGGGGCAACCGCTGGACAAGGAGTTATTTGGTATACAGGACAATTTTATGCTTTGTATTTTTTACAAAACACGTTAAAAATTGATTTTCAAAATTCTTATATCATGATTGCCATCGCTCTTGTGATTGCAACTCCATTTTTTATATTATTTGGTAAACTATCCGATCGCATTGGCAGAAAAAAAGTTATCTTAACAGGATTTTTGTTATCGGCTTTGCTTTATATTCCAATTTTTAAAGGTATAGCTTATTATGGAAATCCAGCTTTAATTAGAGCGCAAAACGAAGCTCCAATAGTTATTACAACCAATCAATGCAAGAGTTTATGCAAAGAAATTAAAGAATATTTTTCTAAAAAAGGATACAATTATCAATTAAATGTTGAGCCAGAAAAAAAAGATTTCTTAACTGTTTTTATTGGTGATTATCAAGTGAATTCTTTAGACTCTAGAACGTTAGACAAAGAAGTTGCCATAGCAGGATATCCACTGGTAGCAGATAATGATGCAATTAATTACGTTATGGTCATAATTTTATTAACTGTATTGGTACTTTTTGTAACCATGGTTTATGGCCCAATTGCGGCATTTTTGGTTGAATTATTTCCAACTCGTATTCGCTATACATCTATGTCGTTTCCGTATCATATTGGAAATGGATGGTTTGGTGGATTTTTACCATTAATTGCAACTGCATTGGTACTTTATACAGGTAATATTTATGCAGGACTTTACTATCCAATTGCCATAGCAATTATGAGTTTAATTATTGGTGTAATATTTATTAAAGAAACGAAGGATAATAAGATAGATAGTTGAGCATTTATTTTTTATTTACCAAAAAATTAAGTCCGGTGCTTGGATTGTATTGTAAGGAGAATGGTTTTTTAAAATTTTTAATTTCTATATCTACATCAAATTCAATGTCGTTGTCACTTGTTGCTACTAAAACGCAGAAGGTGGTTTTTTTATTATTATTATTACCTTTAAATGATATTTGTTTAGTATGAATTGTATTATTTTTATTATAACATTGTTCTAGTTTTTCTTCTAGATCAGTAAAAAATTCTGATACAGAAGGGTTTAATGGTGGTAAAAAATCAAGATTTGAAGTTATTGGTTTGGAAAATATTAACTCCTGATCGGTACTGTTATTTATTAATTTTATGATATAAAAATATTTATCATCCTTATGTTTCTTAGAAAAATCTATATTTAGATATTTAATTTTGTCAAATTTAGCTTCTGATTTTCGACTAATATTAAAATTAACATCAAATTTATGATTGGATGTGTTATATATAATGCTTCCTGTAAAGTGTACTGACTTTGTTTTATCTTTTGTTTCATAAACGTGAGTGTTTGTTTTACCCTGAGTGCTGTTGATAGGAATAGATTTTTTATCTTTATTTTGGGGTGGGGTATATTTTTTATTGTTATAAATAAATGAGTCAATTTCTAGTTTGCAATTCATATTTTCATAATTATTTGGTATCCAAATTTGTTTGTTTTCATTTGTTAATTGAAATGGAATAGGTAAAAATAAATATTTATTTGTTTTTTTATCTTTACATATTAATTTTGCATCAACAACTTCAAGTTCATTACCACTTGAGGTGGATAAAAAATTCACCTCGCCAATAATTTTATTTTCAAAAAAAGGATCTGGTTTACAAGAGGTTAATAAACCTAAGCTAGCCAAAATAAAAAATTGAAAAAAATTGTCACATTTAAATTTTAAAAGCATAACCTGAAATCTTTCTTGTAATAAAAAACAATGGAAACAAAAACTGCTTCCATTGTGTTAAAATATAAAATATGAAATTATTAGTTTATTTTGTAAGTTGTAAACGAGTCATCTGTATTATCAGGAGCTTTTGAGCCTAAGATTATATATGTTGGAAATTGCGCTCCTGTTAGGGTTGTTACTATATCTAAGTCAGGGCAAGCGATAGCGTCGCCGCTGTTATATGCGTTTAGTACTTCTTGTCTGGTGTCAAGAGTTGCATTAGTAACCATTTTACAGCTATTTTTATGGTATTTTTCTGGATTTTTTGCACTAAGTTTATAAGTAAATCTTGTAGTAGGTTCAGTGTCCTGTGTTATTGTAGTTTTATCAATTGAGAATATAGGATTTTTTGGAAGTGGGATTGAATTATAATTAAAGTTATTAGTCTCTTTCGCTTTTATTGTTTTACTTGTAGAGGTAATATCAGTGCCTTGGTTATAATCGGTCATTACTATGGTAAATATATTTTCTTTTAATGTAAGATTAAAGAATTTATGTGCCTTACTATTACTATTAATATATTTAACTGCTTCAGACTTAGTGTGGGAAGATGTTTGTAATTGATTAGACACACTTGAAAATTGATATTGAACTCCACCCACTGATGTTTCTGGTGTATAATCTTCAGTATTAATTCTAATGCTATTAATTTTAAGAGTACAAGTATTAGAGTTTTCGACATATTTTGCTTTGGAGTCAGTATTAGTAATAGTGAAGGGTTCGGTATGGTTTGCTCCAGAGGAGTCTATGGTACATTTAACATCACCAACAAATTCATAATCATTTGGAATGGGCTCCCCGCTGAAACTAAAAGTTACTGTTTTTAAATTAAGCAATTTATCGTCACTAGAATTTTTGCATGAAACAGCAAACAAAGCCGAAGCGCCTGCTGCGAATAAAAATAAACTTAAAGATTTCATTGTAACCTCATAACTTTAAAAATTACTTTGACTTATTGTCAGTTGAGTAAAATAACAAGAGTTATTTATTACCTATAAAAATTTTTGTCAAATTTTTATAGGAGTGTGCTCAAGTATTGAATAAGATTTTATTTTTTGTATGTTTCCCGTAAAAGTTTGGTTACTAGATCTCACAAAAGAGTGACATATGCTGAGAAAGTTCATAACAAATCGATTATTGTTAATGCTAGCGCCAAAGTTAAAAGGATTTATAATTCACTTTTTAAGTAGATTAAAGGTATTTATGGATGAGCCGTATTTTGGAAGTTAGGAATAGAAGCTCAATGGAATGTTTTTCCAACAAAATTTGTCTCCCATTCAGCTGTATTTAGTAAATTTAAGCGTTGGTCAAAGTAGGCTATTTGGCAAAAATTATTCTTAAAAATTGCGGGATAATTAGGGAGTGTACTCAGTTTTTCCCAAATGATTGAATATCCGATGTAAATGAAAGAAGCATGGTTATTTTGGTGGGGGATTTGATTACACTCCCCCTTAATGTTTTTTTAAATTTAATCTTCAAAAGTAAGACCTGTGCTTGGTTGATATTTTAAAGAAAACTTTTGATTATTTAACTCAAATTTTTGGATAAATTCTAAAGGAATTTTTCTTTTATAAACTAAGGCACAAGCATGATTTGGCGCAAGTGTTTTGGTATAGTAAATGCCATTAGGATTATGATTGTTGATTTTTTCGTTATCGTGTTCGCATTTGGGTAAATTATGAAAAAAATGTTTGTCGCTTTCTAACGTAGGATTCCCATTGGATATTCCCATTTTACTTTTATCGTATTGTAGCTCTGGGTTAGTAAATGTTAATATTACATCTTTATTTTCATTGTTTTTTAATTCTTTAGAATTATTATTTTTAATTTCAATTCTAATAATATTTTCAGAGATGGTTGAAAATTCAAAATAATTAAACTCAATATTTAAGTTATTTAAATCATTACTATGTTTTCTTTCAAGAAAATATAAACTAATAAATGCTTTGTTTGTTGATTTATTAAAAGTCGCTTTGCCTGTG
CP146516.1_gap27	691627	692284	657	ATTGTTGTACAGGTTCCTAAATTTTAATTTTAAAAACTATTCAAACAGCAAAATCAATTTTTGGCATTTGTTTAAATAATATATGTTCAAGCTCTGCATACCGAAGGTCTTCTTCTGAGACAGGATCATTCACTTCAATATCAAAGTATTGAATAGGAGTCGCATTAAAATCCAAATCGTCTAAATTGAGTTCATATTCGTCGTGCACAATAATCTCTCCCTATGTAGCAAGTTGTTGAGTTGTGCTTTTGTGTACTTTTATAATTATGGGCAAATTTGTGTTAGCTTACTGGGCAAAATGGTTCCTACGACACTAAAATGCCAATTTACTAAGCAATTTTTTAGCCAGCACGAGAATTGAAATATGTAACCAGTTCGTTGGTATATTGATTTTCTTCAGTTTTGCAAAAACGGCAGGCGACAAACGTCACATCGTCTTCAAACTGATTGCCTTCAACAAATTTTTCTAAATCTTCTTGAATAGTGATAATTATTTGATTTGTATCAAGGGTTTTTATGCTTTTTAGTTTTTTAAGTAAACGGCGTTCTGAGTATTCTCTTTGGTTAGTTAAGTTTTTTGCTTCTATTAATCCATCAGAATAAACAAAAAGTATATTATTGGGTTTAAAATCACATGTATAGTTTTTGTATTTAACA
CP146516.1_gap28	728330	732995	4665	GCAAACATTGCTTGGGTCATAAGTATATCGGTAATTTGCTGGATAAATTGTTTTTCACTGACTTTGTAAGCTTTAATTGCTTTTTTGATATGTGTAGATGATAAAGTTTGTTTAGATGCCTGCTCGTTTATAGCAAACCAGATGCTCCAATTTTTTTTGTCTTGTTTTTTTGAATATAGCGCAACAACCTCTAAATTCTCTTCATTTTTAAAAGAGAAAAATGCTTTATCGTCGAAGCTTAATTCTTCAAAAATTTCAAGTACAGGTTGAATTTCTGGAAGCATAGAAGTTCTTCTTTGTTGCTGTGTTTAAGCTGTGGATAAGTGCTTCAAGAATTGTTTGTCTAATAAATTGTTTCGTAATTTCTATTGCATCTTGAATAACAAGAAGATCGTCTTTGGTATATGAATGAGAGTCAGAGGTTAAATTTATGCATCGAAAGCATTGTTCTTGAATATTTAATAAGTAAGTCATTTTACTCGTATAAAGCTCATAACGGAGATCAAATGTCATATTATTATCATCAATTGGAGCGCAAATTTCGCCAGCTAGCTCTCGGTAAAGCTCGTATGACACATCCACTTTGCTAGAATTTGCATTATTCTGTTTCATTTTAATGAAACCTCTAATTAAATCAATATCTTAGGTTTTTTTTGATCATAATTATCAAAAACCTATAACTCCTAGATAAGGTATCGGTGTTTATTAAATTTGCTTTAGAATAAGGTGGTTTTTTGGCAGTTTGTTAAGAAGCTCTTGCGATGCAGTGGACAGGAGCCAGCGTCTTTGATTAATGAGAGATGTTTTGCAGTGCCATAACCTTTGTGTTTTGAAAAACCAAATAATGGATATTCTTTATCCTGAGAAATCATAAAATTATCTCGTGAGACTTTGGCAATTACGCTTGAAAAACCAACACTCTTAAAGACACTATCTGCTTGGGTTATTGTGATTTGAGGAATATTTATAAAATCTTTAGGCACATTTAAAAAATGTTTTCCATCCATTAAAATGATTGCGTCATTTAAGAAATTTAAAGTTAAATTCGATTGATTTTTAAATAATTGACATAACAGATTCAAAGCTCGCGCTGCTGCGAGTTGTACAGCTTGCCAAATATTGTAAGAATCGACCTCCTCTGCAGAAGACTCGCCTAAAGCAAAGTGAACACACATCATCTCTTTCTCTGTTATAAATTGAGAATGTTGTTTTAATTCTAAAAATTTGGCGGCATTCCAGTGAATTTGGGTTTGTGATGAGTTTAAACTACTAGGGTTATTTGGAATAAAGTGTGTGGTTGAAGTTGAAAATGTATCTGGCTTAGATTGGTAACTAGCAAGAATTGCTGCAAAACATTGGTTACGTTTTTTTTCAGTTAACTTTTTACTATCATCAATTAAGGGGAGCCATGTTTGCTGCTGTTGCGTTTGAAACGGAACTTCGGTGGCAGAAATCCAAAGACTCGCACAACACAACACAGGCCCAGCAACACACCCTCTGCCGACCTCATCGATAGCAATAATTATCTTTTTAGAAATGTGATGATGAGTAGAAAGTAAATTTAATAAGAAAAACTCATTTGGAAAGTAGGATTGCATTGAGGTGCTCATGGTTGTTTATCAAACAGCTATTTGAGTTGAGCAATTTGTTTTAAAATAGCATCTTCTGGTTGGTTGCCAATAAGCTCTGCCACCTTTTGACCATTTTTTATAAACGCCAGAAAAGGAATTTGGCGGATATTAAATTGCGTAGTGATTTCAGGATTTTCTTCTATATTGATTTTGCAAACCTTAATAGTGTCTGAATGTTTTTCAGCAACTCTTTCTACAGTTGGTGCGAGTGCTCTGCATGGTCCGCACCATTCTGCCCAAAAATCAACCAATACAAGGGAATTGCTTTCTAAAACTTCTGTTTTAAAATTTTTATCTGTCACTTCTAATACTAATTCTGACATAGGTTAATCCTTTCTAAAAATACCACTTGGTCTTGTATCTACCAAGAAAACATTAGTATGTTTGATTGAATTTTTAGAGAGGTCAAGTTGTCTCAAAGTTACTCTTCTTCAATATGACGATGCTCGATAGAAACATGAGAAAATTGATTACACAGTTGCTTAAAAAGTTCTTCAGATATTGCAACGCTCCTATGTTTTCCTCCGGTACAGCCGATTCCTATAGAAAAATGATGTTTTCCTTCTTCAAGATATAATGGGTAAAAAAATTGAATTAAATCTATAACTTTATTGATAAAGAGTGTGACATTCGGATCGCTAAACACATAATCTTTAATGAGTGAATTGAGACCATTGTGTTCTCGCAATTGACTTTCGTAATGCGGATTTTTAAAACAACGGACATCAAATAACGTATCCAAATCTGAGGGTACGCCATGTTTGAAACCAAAAGAAATAAAATGAAGTCTTAAATGTTTTGTTTCATTATTAATTGGGAAATGTTTATAAATATATTGTCTTAAATACTTAGAAGACATAGTAGAAGTATCTATAACGCGATGAGCAAGACTTTTAATAGGTTCTAAAGTTTTTTCATCAAGTTTAATCACTTCTTGAAGAGAGAAAGAAGGAAAATTTACACTGAGTGGGTGCTGTCTTCTGGTTTCACTGTAGCGTCTTAATATAATATCTTCAGAAGCTTTAATATAAATAATTTGAATAGAGCAAATTTTAGAAAGAGCAGAATAAATGGTTTCAAATGCATTAGGGTTATCTTGATCGCGAGAATCGAGCGCTAGTGCAATATGAGACGATTTGATGTGATTGTTTTGAATGGCTGCTGCGAAAGAACTTAATAAAACAGCCGGCAAGTTGTCTATACAGTAAAATCCTAAATCTTCTAAAGCATGAATTGCTATTGTTTTTCCCGAACCAGCGAGTCCTGATATTATTATTAAGTTTTTTTTATGAGTGGTCATTGTATCTCCAAGATTAAAACCAAGAGAATACATATTCTAACTTTTTTCTGTTAAAAAACAAAGAGGAGAGCCTTTTATAAGCTCTCCTCACTTTAAAGTTTATTATATTTTAGTAAACTAGCCTGTTTTACGAGAAAGATCTTCAAAATCTGAAATATAATTTGTTTCGTATTTATCAAAAACATTTTCATTTAAAGGAACAAATCTTTTATTCCTGCGTAAATTAGTTACATTATAAGCAGATTGATCACTGACAATCGAGAACTCGGCACGTTTGTGAATTCTTTTTTTAGTGAGTCGTCTTAATGACGAGTTTAATTTGTTTACGACTTTGTCAATAGAAAGGGCAATATTATTAGCACTTGCATTAACGCATGTATTAATTTTCCCAGAAACAACAGAAACTTTAACGTGATGCTCAAATCCGTCAAGAGTGAAAAATGCTCTTACAAAAGTTGTTTTATTAGAGAATTTTTCTACGCATTCCTTAATTTTGTGCTCAACTAAAGCACGAATATCCTTTGACTTTGGAAAGTTGATAAATTGAAATTCGACTTGCATAAAACCTCCTACGCAAAAAAAAGCTAAGGCAAATGAAATCAGAAATAACGCTATTCTTTCCTAAATATTACAGTATAAATGTAATATTTAATTAATTTATATCAAAATATATTCATGCTGTCAACGATATTTAAATAAGTAATTAGAATCTTTGAATTCTTTTTGTGGAAGACATTAAGCCTAATGATTCTCTGTATTTGGTGACTGTCCGGCGAGCGATTTTAATCCCTCTATTTAATTCAATTTTTTCTGATATTTCTTGATCAGAAAGAGGATTTTTCTTATCTTCAAGTTTAATTAATTCTGCAACAAATTGACGAATAGATTCATTTGCAAGCTCTTTTCCCGAATTATTTTCAATAGCAGAATTAAAAAAATATTTTAATTCAAATAATCCTCTCGGTGAATAAAGATATTTATCTGATGTTGCTCGAGAAATTGTGCTTTCATGTAAATTTAATTCCTGTGCGACAACTTTTAGAGTGAGTGGGGCTAAATATTCTATTCCTTTTTCAAAAAAATTTTCTTGGTATTTAATGATGCATTCAACAACTTTTAAAATAGTTTTATTTCTATCTTTAATGGATTTAACTAACCATTGTGCTGATTTTAAATTATCATTAATATATTTAAATGTATCTTTAGATTTTGGTTTATCAATTTCTTTTTTTAATACTTCTATTAGATTAGAATATTTTTTGGAAAGCTTAAGTCTTGGTAAACCATTATCATTCATACTGCAAAGCCATTTGTTATCTCTTTTAAAAACATAGACATCAGGTGTAACGTTATGATTTAATAAATTACCAAATTGTCTTGCTGGTTTGGGATCAAGCTGGGTTTTAATAAAACGAAAAGCAAGTTTTACTTCATCAATAGGAACTTTTTCAATACGAGAAATTTTGCTAAAATTTTGTTTTTGGAAATCAATCCAATAGTCATTTAATATTTTTTCTGTGAGTTTAGGCTTTTTTTCAATTCTGTTAATTTGCAACAAAAGGCATTCTTGCAGTGAGCGCGCTCCAACTCCTGAAGGTTCGCATTTTTGAATAGTTTCTAGAGCAAACTTAATATCATCGAGGTAAATTTTATGGTTTTCTGCAATAGAATTTATGTCTGAACCTAAAAATCCGTTATCATCAAGATATTGTAAAATAATTAAGCTACATTCTT
CP146516.1_gap29	891007	894690	3683	ATCTAGTATCATAATAATATGCTCATTCTTAGGTACGGTCTTGGAGTACTCATTGATAAAAATTTGCATGTTTTCAACATTTAAATTTGGTAATATCATTCCAAAATATTTGCCCGTATCTTTGTTAGCAGTAGCATAAATCCATGAGTTTAAATAACCCATTTGAGTTTTAAATTCTGGTCTGATTGGGAAAGGACTCCAAATACCAGATTTTATTGTCATTTGTCCAAATCGTGATTCATCTTGAAAATCTATGTTTATTTTTTTTCCTGGATTTTTTACTTTAATTTCATTAATTTTATTTGGTAAATCTTTAATCCATTCGGCCATTTTTTCTGGGTCATTTTTTATATGCTTTGTTCTTGGAACAACTCTTCTTATTAATGTTCTTTGAAGGAACTTGTATAACCCACTTTTACTAAATTTTTTTTTAATTTCGTTTTGGATTCTATAATACTATTTATTATTTGGGCATGAACAACTTTTTCCTCATTAAATTCAGAATTTAATTGAATGATTTCAGTTTTTAAAATTTCAACTTCTTCTTTATTTACAAAGGATGGACGACCAGAACGTGGTTTATCAAGTAAAAAATAAATACCATTATTCTTATAGTTTGAAACCCAATAATTTGCCCGTCCTCTTGAAAGGCATAATAAAGTTTCAATCTTTTTTTCAGAAAATCCTACGGAATATAAAAAAATTATAAATAATCGACGTAAAAGATTAAAACTTAATTTATTTTGAGGTATTCTCTTTAAATCATCCATAAGTTGTTGTACATTATTCATTGTGCTGCAGTGTCCTTTTATAAAAGAAAGTACGAATGTTAACTGCAGCATATCCTGTTTTCAATATTCATCAATTTCCGTATAAATATTTATTTTTGGTTATCTATGTTGCCAACAAACTTAGTGGACGGCGTATAAGAGTGCACAAATTCTTGGAGTTGCAAGAAGTACATTACAAGAAAAATTAAAAATATTAATGATTTCTTAAAAACATAGAATAACAATAAATTAATTTTGGCTAAATTTTAAAAAGTTATTATAATTTTTAATGAACATCAATTTTGTAAATAATAGGAAATATTAAATTATAATAATAGTTTCTTAATCCATTAAAGGCGCTAATGAGTTTGGTTGAGTTGGTTTGATAATCATTGTCAATTTTTGACACTCTATCAGCAAAAATTTGTGCAGGAGCATTAAATAAAAATTCTTGAACAAAGTTACTGTCGTCATAATATCCGTGATTGTTTGCAGTGTAGACATAGTTTTTATTTAATGTAGAATTTTTATTAACTCTTAACAAATTAGCGCCAATGTCTGAAATCGCATATCCATTATCATTATCATTTCTATGTAAAATCCATTTAAAACTATTATTAGATATTGATTTTGTAGAGCAGTGATGATTTTTTACCCATCCCCAAGAACTGCCTCCTGCTTCTATTAATGATGAAACATAACAGACTGCGGATGAATCAGAAGAATTTTCAAAAGTTGAGAATAAAATATTGTTATGGGCATTATAATAAGTTTTTTTTCTTTTAAATGCGTCAGGTGGCTTAACTGCATAAATATAGCCCTGCTCAGTTGGATAAATGACTTCACCGTTTATTGACAACAAATTATCAATAGAAAACTGAATAAAAGGCTCAGTTTGATTTGATTTTAAAACAGCTAAATTATTAAGAGATAATATATTTTTATTTGGCTTTACTCTTACATATGCGGTTTTATATGAATTTTCATGTGCATGAAGAATTTTATTTGAAGATGATTTTATAAAAACTTGATCGTGTTTTGTAAATTCAACTTTCCATAATTGTTTTTTTTCAGATAAGTCGCATAATTGCATTTTAATAAAACTATTGGTATTATTTCCTTCGGCCTCTGTTAAACAATAATATTGCTCATTGTGTTCATCTTTCGCTTCTGCAATAAGTTGTCCAAATTCCGTAAAATACCAATTGTGAGATTCTGAGCATTTAGCAATTCTAACATTATTGTATGGAAATGTTGTGAGGCAGTATTTTTCATCAAAAATATTTTTTACTTCAATTTTAATTGGAAATTTAGTGTTAAATTTAGTGTCTATTTTGTTATGAAAAGAGTTTGCAAAGCATGTGTGAAGTGCAGAAGGCATTTCTCTTTTTGGGCGGCTTGAAGGTAAGGTGGTAGTGGGATACGGCGGTACTCCTGTATTAAAAAGATAAAGTTTTCCAGAATAGTTTGCATTAAGTACACAGCCAGTATTAACAAGCGGATAATCCAATCCATCAACGGTACCTAATGGATAAATATTAGGATAAACAGTTGGCATATTGTTTGTTTGGGCATTTAAATTTTGGATGGTTTCTTCGGGGGCGTAGGTGCTTATTTCATGATTTAACACATACCGCGTTGCAGACAATATTGTTACAGGAGAAATAAAATAAAGTGCAGTGTATTCGTATTCACGAGTAAAGTGCCATCTTAACGATTCTAATCCCGCTCTGCGGCCGGGATGTCTTGTTTCTTGTAGGGTTCTTTCATAGGTTGCAGTGACATCAATAAAGTTACTTTGTGGGATAATTTCATAAATATAATATTCTTCTACATTCCAATAAGTACGTGCATATTGTGCCGCGTAGTAAACTGCATAGTCTAAACTCGACGTTGTGCTAATCATTGCGGTTGATGGATCGCCGCTTTCGTTTTCTATGTGAAGCGCCAAATTAGTATGCCCGTTTCGGGGACGTGAAAAACCATTTTTAAACACTTCGTCTGGTTTTTCTGGTGTTGCGCGATAAACAACTTTAGGTACGGGGCGAGAATTGACTGCATAAATGTTTATAGATTTAAGGTTTAGAACAAATAAAAAACATAAAAAAATTAATAAACCGCAAGAATTTTTAAGACTCACAATTAACCTCCGCAATAAAATTTACCATGTTGCCATAAAAATTTTGATTATATTCATCTTTAACTATTTTTTGTAGTGGTATAAAATTAAAGATTTATTTTTTTGCGTGTGTCATGTGGGGTGGGGAGCTGAATGTGAGTTTCTCTTTTCAAGACGAGTTCTCATCAATGGTTTTGCGGCAAAGAGGGCTCAATGTGAGAAAAATTCTTTTAAACTCTTGCGCACAGAAGTTCAGCGCATGGCAAAAGAAGGATTAGGTAGTAAACCTAAGTTATTTAAAAAACAAAGAAAAAAAATATTGCTTAATAAAAAGCAAAATTTATTAACAAATCAAGTGGTTAACTTTGAACGTGCGATAGAACTTGAATGTCAATTAAAACAACAGCTTGGCTATAATTGTCGGGTGTCATTTATAAAATATGGTAGCGGAGAGATTCGAATATTTTTTAAAAATAACAAGGAACTACAAGACATTATTGAAAAAACAAAGCCAACTAGTCCGCTATTTTAAACAAAAAAATGCCCACGAGCCCTCTTGCGAAGCCTACCGTGGGACTGCACTTATAGTATCGCATATTTTTTAAAAAAGTCAAGGAAAAATTAAGAAATGGAACAAAAGGAATTTGACGAGATTATTGAATGTATATCAGAACCAAGGCTTTCGAGCTATAAAAACGAATCAAATATAATTATAGAAAACTATATAGAAATCATACAAAAAAGCCAACAAATTTATCCAGCGTTGCATATCATTGAAGTTATTTTTAGAAATA
CP146516.1_gap30	925502	928447	2945	TTCCTGATTTGCTAAAAAATAGTGGCGCACCTTTTAGGGCGTTGAATCCAAATGGCACTGTGTACCTGCCGTCCGAAGTTTGTGCTGCACCGCCTAGGCTTGTGCCGATGTTTAAGCCATTGTTAACGGCCATATCAATGATATTGGCCTCGACATAAACTTGTGCGCGTCGTTTATCGAGTTGCGCAATGATGTTATCAAGTTCTTCAAAAGCAGATTTGCTACCTTGAATCACTAAAGAGTTTGTTGCTTTGTCTGCTGTAACTTTAACTCCATTGAGATCAGCAACCGCTTGTGATTGCGATGAGCCAGGAGCATTGGGAGTCATGGGAGCTGGCGGAAAATAAGGAGGTCGGTATGTGTTATTGAATTGAGATTTTGCAGCTTGAGTGAGCGCTTGTAGTGTTTGCGCAAGTTTTTCGGCATCGGCGTAATCAAGTGGACGCACACGAACCATGGTTTGCGAATTTTGATCGAGTGATGGTTTATCAATACGTTGAATAAAGCGCACAACATCATCAAGGCCACTTGCAGGTCCTACAAGAATTATAGAATTGGTACGCTCATCTGCTATCACTTTTTGGACGCTCAATGAAGGTCCATTACGATTACCAAAAATTTCGTTTACTTTAACAACCGTATCTTTAGCATCCATGTAATTAATTGGGATAATCGACACAACTGGTTGGTTTGTTTTGGAGTCAAGAAGCTTTATCACTTCTAAAATACGACGGATGCGGTTACCTGTGTCAGTTAAAATTAAAGAATTTGTTGTTGTAAATGCAGCATATTGTGTGATTCCTAACAAAGGACGAAGCTGATTGATCACAGAATTGGCATCAATGTATCGTAATGGAATGACTTGATTGATAATTTCATCAGTTGATGGTGACCAATTTTCTCCGTAATAAGTTTTAATATTTGATGATTTGGCATTTGCAATTGGAAGAATCTTAACAACAGAACCAGTATCAACTGTGGTAAAGCCAGCAATATTAAGTGCACTTAAAAATGCTTGGTATGCTTCTTCTTTCGTTACAGGTTCTGGCGAAATAATAGATATTCGTGAAGACCCGGCAACTCCTTGGGCAAGTACAAAGTTTTTGCCAGTCCAGAGGCCAATTGTTTTAATAATGTCGCTTAAACTAGCTCCATTTGGAAAATCAATGCTAACAAGCTCTTTGCCATGTGGAATGCTAGAAGCTTGTGACATATTTTCATTTGTTTTTTTATTATTTTGCGCAGCTGCTGATTGAGCTTGAATATTGCTATTATTTTGCTTTGCTGGTGACTGTTGTGCTGAAACAGAATAAGAAAATAAAACTCCAATCAGTGTTGCAATCCATTTTGAATGACCTGGATTTGTTGGTTGAGAAAAAGTTGTCGAACATTTTTTTAAAAATTTTTGATTCATCTAACATTTACCTTCTTAGTCATCTTTACGCCATTCCTTTGAAATTGCAAAATGATTTCATATTCATCCTGAAGAACTTCATAGATTTTAAATCCTTGTGAAGGATCCTCAAGATTAATGCCATTAACATTTGTAATAATATCGCCATTTTGAAGTTGCATTTTTTCAAAAAGACTACCTGGTGTGATTTCATACACTTTAAATCCAATTGTTTTTCCATTAATTGATTCAGGAATGAGTCGTGCTGTATTAAGAATTTTAGAATATCCTGGACCAATTTCATCCAATACATAGTCTGTATCAAGATCAATGGTTTCTTCCAAAGAAGGGGTATTTTTTTCTGGTTTAACTGGATTTTGTTTTTTAATTGGGCTTGTATAAATACAAATTTTTTTATTAATATGACGAATTTCAACAGACTGAGGATTGGGTATTTTATATATTTGGTAGTTTTCATTATCAATTATATGTTGTCCTTCTTTATAAACGTCCGCTGTTTCTACGCTAGGATCTTTAAATGTTACAAGATTGGTTTTAGGATTGCCAGTGTAAATAATGCCTACAATCTCAATGGGAAGTTGCGAATCTTTAGGAGAACATGGAATCGTATCAAAGTCTTTAATAAGATTTATAGAGCTATCATCATTTTCGTCTTCATCAGGTGTGAGAGTATCTTTATTAAAAATATTTCTTGCTAAAATTGATTTACGCAATTGAGAAGAAGTGCTCGCCGAACTTTGTGGAACATTATAAAATAAATTATTTTCCACGGTCGATTTTGGTTTTTCTAAGAGTGCAATAGATATAATAGAATTAAAAATAGCTGTGCCAGATAAAATTGCAAAAATAAAAACAAACACATTTCTAAGAGATGTTTTTTTAAAAATTCTACTCTTTTTCTTTAATTTTAAAAATGAATTTTGTTGTTCTTGACTCATTGTACGTTCACTTTTAATGTAATAGTTTGTCCACCTCTTAAGAGTTGAATTTCTATATTGTTTTCATTTCGTAACGAGTTTAAGGTTTGAATTGCCCGTGCTGCATCATTCAATTCAATTCCGTTAATAGAAGACACAATATCTCCATCTTTTAATCCCAATTTTGAGTAAACGCTATCAGGAGTAATGTTTGTAATTGAAAAACCTTTGACTTGGCCTCCAACAAGATTTGGATTTGCTTTAGCCTCTTCAAGAGTTTTGGCAAAATTATAAGTTAATACATTATTGATCCAAGAACGCGTGACTGTTGTATTATTTCCTGCTCGTTCAAATCCATTTTCTTTATAAGCTGATCCAGAAGAATTTTGATTCGATCGAGAACCACGCGGATTGAGTGTTTCTGGATAGCTCAGGTCAATATATTCTGGACAGTTTTTATTTGTAATTAAAATTCTATTTTTTTGAATATCAGTTAAGGTACCACCTAGCGGTAAAGATTCACCTAACTTAAAAATATTTTTATTTTGTCCTTCTAACACAACCAAACTATTTTTTGCACTACCACCGTATAAAATACCAGAAATTTTATAAGG
CP146516.1_gap31	1071999	1073805	1806	TTTTTACAAATGCTAATCCAATATATTTCTTTACAATGAAAAATTGGTTTGTTACCAAAAAAATGTAGAAAGTATTTTTTAAATTTATTTTCTACAACTTAAAATAATTTTTTTTTGAAAGGAAATTGCTATGAATACAAATAATAAAAATAATAGTAATTCATCAAATTCAGGATCAAAAATGACTGCTGAAGAAATGGGAAGAAAAGGAGGAGAAGCCACTGCGGCAACACATGGAAAAGAATTTTATAGAGAGATAGGGCATAAAGGAGGAGAAAAGAGAGCAGAACAAATGAGGAAAGCCGAAGAAGAAAAAGGCTCTGCACAAAGTAATAAACAGGCAAAAAACAGTGAAAATGAAAATGATAATAAAGAATAGATAGATATCTCTAAGATATTTTTTTAAATTTAAACAGAGGAAGTAATATGAATAAAGTAAAAATTATACAAAAAACATCTGTGGCAACAATAATAATGTTATTCAATCAGTCTACAGTATATGCGAGTGACTATTCTGAGTGTATAATAGAATATTCGATAAACTCCTCTGTTAAAATTAAAAATAAAGAGGAATTTGATAACTGCCTAAAATCTTTAAAAGGAAAAAACATTGAGGCTGTTGTTGCAATTGGTGGTGCAACTCCTTCTGGCTCATTAAAACGCAACAAGCAACTTGCTGATGAGAGGTTAAAAACAACAATAAATTATATTAGCAATAATTTTCAAAATGTAAGAATTAAAACGTATAATGTTGGCGTTAATGATACTATCGGAAAAAAAGTTTATTTATCATTTATTATGAATGACGAAAAAAATAGTGAAAGCACAGGTTATTTTAAAAATAAAATAAGTGAATTGGAAGTTGAAGTACAAAATAAAGATGCGCTTTTAGCTGCAAGCGAAATTCAGGCGATAGAGCTGCAAACTGCAAATAGTAATTTATTACAAGAACGAAATCAGCAAGTTTATAATAAAACTCGTCATAATGAAAGAGATCTCAATTTGCATGCTGCAGTAAGAATGGGATTTGATAGGGTATATAACTCTACAGTTACGTCAAATTATCTATCAGTTGGTTCTGAGTTATCATGGACGCCAATTTTTTCATTTATAAATCCAGAGTTTGGTGCAAAGTTTTCAACATCAATTTCGCAAGAAAATTTATTTGATACAAATTTAAAAGATGTGACAAATGCTTATGGATTTTTTGGAGTTAACACTAAAATTAAGGGATTAATTGCTGGTGGAAGAGTTTTGCTTGGTAAAGAATGGCTTGTGTTTTCTGAAAATAATCCTAAAGCGGATTATTTTTCTACTGGTGGCGAATTAAGAGTCGGTTATTTGTTTGATAATAAACTTTCTGTTTTTGGAAGTTATGCACTAACTGAACATATACAAATGATGGGCATTGAGCTTGGGGCAAATTTTTAGATTTAGTACTTTTTTTAATTATTTAAATTTAACAAAATCTATATTTAATTTAAAGGAAAAAAAATGCTGTATTCAACATTTTACATCTCGAAGTTTTTAACAGATAAAAATTTATTTCTCAATGATGATTCTAATAATTCAAAGAAAAAAGATAATAATACCACAGAATCTCCAGAGATTCCTTCAATTATACCAGATATACCAGAAAAAGAAATCAATCCCGAAGAAGAAATTCCAGATAAAATTGATAAAAATAAAGAAATTGATCCAAAAAATATACCCGAAATTGAATTTCCAAATGAAAATGAAGTTCCTAAAATTATAGATAAAAATATGAATTCAATCAATTAAAATAAAAGGAGTTAAATTAATGAT
CP146516.1_gap32	1077467	1081546	4079	AAAATTTCTTTTGCTCCTAACAGTGAGAAGATATTTTCATTGAATGACATTTCTTACCAAGATTTTGGGTTTGTGACAGTCAGTAATTCGGGAACGCCTTTGCATATTTGGGAATATCAATGGGATGTGCCTTTCTTGCTAGAACTTGCGGGTTTTGATTCCTATGGAAATTATTTTTCAAGTCACTTACATGAAAATTTTTAATTTATATCAATTTTTTTTAAGTTTAGGTAAATTTTATGCATAAAAATGAACTTTTAAGAAAAATTATGGCGTCAATATTGCCTTTTGCAATAATATCTGGATTTATACAACCACTTGCTTTTGCAAAAGGTATGCAGTTTTCTGCAACATCCACTTTTAATGAAACAATTGAAATGGATAAGAGCGACAGTTCATTGCCACCTAGTGATGCAATAAATTTTTCTAGTTTTAAACAGAGTGTAGATCCAAGAACAGGTACTTTTTCGATAAATTATCCAATATTTGATATTAAAAGTAGTGATTTTGAATCTCCAAGTTTTCAACTATTATTAAAGTATAACAGCCTTTTTACAGGGCATAAATATTTTGATGTAGGAAAAGGCTGGAGTTGGAATATGTCACATTATGATTCTAAGTCAAATATGATTTATTTGAGTAATGGTGGTGCATATAAAGTTGATTTTTCTAAAAAAAATTTAATGAAAAATTATTTGCTAAAAGATATTTTTCTAGAATTTAATAACAATTTTATAATAATAAATTACAAAAATGGCAATAAAGAATTTATTTATAAAGAAAATGGCAATTTATTTAAGATTGAAAACTTAACAGGAAAGGCAATATATTTTGATTATAATCAAAAAGATAGATTAAATTTAATTTACTATAAAGATAGTCAAACTAATCAAAAGAAAAAAGTTATTGAAATTCAATACAATTCAGATAAATTTATTACGGTTAAAAAATTTATTGATAAAAATAAATATATTAGCAATGTTATTAAAAAGTCATTCAATGGAAATTATCTGGATTCTATTACAAATCCACAAAATCAAAGTACTAACTTTGAATATAAGGTTCCAATAAATAAAAATTATGACTCTAAATTTCTAATTAGTAGTATTAAAAGCATTACAGGAACAGAAATTAAAGTTAATTATTTAAAAGAAGGATTAGGATCTGAGAATGGTCGGTTTTTTCCAGCAGTTTCTAAAGTTGTAACGGCTTCTCTGCCAAAAAATAAATATAGCAGTGAGGTTATTCACTACTATTATAATGAAAAAAATAATTATTTAGGTAAGGGTTTTGTCGCTTCTATAGAAAAAAATGAAGACAAACTATTTTATACTCCTAATAACTACGTTTATTCTAGCATAGAAAAGAAACTTGCTCCTGATCAAAAAATATTAGAAACTGAGAGAAATTATAATCATTTTCATTTATTGCTATCAGAAAAAACAAAATTAAATGGAAGTCTTGTTTTTTTGAAAGAATATGAATACCCAGAATGGAAGAGTAAAAAATTTGAAGATCTTTCTGAAAGCTATAATTTACCAATTCAAGTTAAAGAAACATATTTTAATAATAATAAATTTAGAATTGAATTGAGTAAGTTTTCTTATGATAAATTTGGTAATCTTGTTAGACAAGAACTTCCTAACGGAATGGTAAATGAATATACTTATCTTTCTCAAGATGAAACATTTAATAAATTAACACATTTGTTAAAACAAGAAAAACAATATTCTATTTATGATGATAGAGTTAAAATAGTTGAAAATAAATATAAAAAATTAAAAAATTATATTGGGAATGATGTTCAGTTTTTAGAAGAAAAATTACATAAAGTTTCTAGAGAAAATTGTATAAATAATAATAGTTTCTGCGAATTTATTTATAAAAAAGAACAATTAATTTATGATTTTGATTTTAATAAAAAATCTTTTTTTTCTTTGCCAAATAAAGTTATTGTAACTGGCTATTCTTTAAATGGATATAATAAATCTTACCAAAATGTAATTAAATACGAAAGTAACGATAATTTTTACAAAATACAAAATAGTTATTATTCGGCTGGTGATGTTTTATTGGAAACTGAGTTTAAGTTGTATAACTCTTTTACTGGAAGCTTAGTTAAACAAAAAACAAAAAACGGTATATTAAATGAATTTGAATATGATTTATTTGGTAGGGTAAAAAACATTTATTTAACCAATGAAGATGGAAAAAAGTATTTATCTAAGAATTATTTTTATAATGTAAATAATAAAAGCGATTTTGAAGGCTATGGAACAAGCTCTAAGCTTGTGCAAAATTTAGATGGAAAAATTGAGTTTACTGTTTATGATTCTTTAGGTAGGGTTATTAATATTTATCAAAAAAATCATAAAGAAAATAAATTTTATCCTTTAAAATCTTATTTATATGGAGTAACTGGGCAAAAAGTTGAAGAAAAAACTTATAATATAGATGCTGAAAATAATTTATATTTTTTGGTTCATAATTATCAATATGATTATATGGGTCGTAAAATTTTAGAAATTCAGCCTAGTGGTGTGCAAAGCTTATCGTTCTACGATGATATTCAGCAAATAGTTACAAATATTGTTCAGTCACCCGATAAACAAATAAATTTTAAAACGGTAACCTATAATAACAAATTTAAATTACCAGTTCGAGAAGATCAATATAATGCAATAGGTAGTTTAGTGCAGCAAAAAAATTGGAGTTATGATAGTTTTGGCAATAAAATTAAATTTGTAGATGCTAATGGTAGTTCTACATTTTATGAATACAATAATTTGTTACAACTTGTTAAAATTAGTAATGCAAGAATAGTTTCTTTTATTTATTCTTACGATCCGTTATATATTGAACAGCCTGTTGCTATTTATGTAATGCAAAATGGCAAGCAAGAAAAATTATTGGCATATCAAAAATATAACGAGTTGGGGCGAAAAATAGTTGATGGGGACTCTTTTGGTAAAGAAACGAGATACATTTATGATAGTAACGGGAGTCTTGTCACAAAGGTTTTTAAGTCAGGTATTAAAACAAATTATTATTATAATAATTTAAACCTATTAGATAAAGAAGAATCTGTATCTGTGAATGGAAATAAATTAGATACTTTTTATTATAAGTATGATCCTGAAACATTACTTTTACAGTCTGAAAGCAATTCTTCTGGAAAATTAAAATATACTTATGATAAAAATGGAAACTTGTTATCAGTGACTTATCCCAATGAGCAAAGTATTTTATATTTGCATGATTTTTATGGAAAAATTATTTCTTTAACAGATATTAAGGGCTTAAAAACCACGTATCATTATAGTTCTAAAACAGGATTGCTAGAAAGCACGCAAGTTATGATTCCAGGGCAAGAAGAGCTATATGAACGTTACTTTTACGATAGTTTTGGAAGATTATCTTCAAAAATAATGCCCAATAAAATTGCAGTAAATTACGAATACAATGATAATGGTAAATTATCAAATATGAGTTATTTGTTAAATGATAATGCTTTTGTTTTAGGATATTCTTTTAAATACTATGATAACGGCAATCTTTTATCTAAGGAGAGATTTGATAATAATATTCTACAAGTTTCTTCTGAAATCTATAAATATAATGAGATTAATAATTTATCTCATTATAGTTGTGCTGGTAATTATTGTCCTAAAAGCTATAATGGAACATCCATTGTTGCAGAAAATTTTGAATTTGATGATTTAAATAACATTAAAGAAATAAAAACAACATATTTAGATGGTGGTTCTGATTTAATTAAATATAATTATTCGGAAATAAATCCAGTGCAACTTGTTTCTATTATGCAAAATAATAATGAGAGAAATTTTAAATATAATGATGACGGGCAAATGATAAAAGATGATCAAGGAAATCAATTTTTTTACAATTCTTCGCAAAAAATTGAAAAAATCAAATTTTCTCATGGTAATGAAAATTTTTACTTCTATCTTGCTAACGGATCATTATATGTAAATACGGAGAGTAACGGTAATTCTTCTTATATTTATTACCATGGTAATAAAGTTATTAACCAAACAGATAATGAAAAAGTAACGAGC
CP146516.1_gap33	1097093	1097714	621	CAACGATTCCTAAAGGAGAGTTGACAGCATCAGAAGCAATGAGAATAAGAGATGAGTTTGAGGTGATTAAGCAAGACATTGAACAAAAACTTGTGAGGCTAGAAGAAGCAAAAAAAGCCTATGATCAAGCTAAATTAGATGTAGACGCCCAATTAAAAAAAGTTCAAGAAGAAAAAAGGTTACTTGACGAAACGCTTCAAAAAGAGAAAAAACTGAAAGAGGCGAGAGTGAAAGAAGCCGTCGAGTTCGTATCTAAAATGGAGCCGCGTAAAGTTGCCCCTGTTATGGATTCGATGGATAGAGACTTGGTGATTGCAATGTTAAGCAAATTGCCGCCACGTCAAGTGACAAAACTTTTAGAAAACTCGAGTCCAGCAAAAGCGACACAATTTTTAGAGTACTATACCCGCATCCGTTCAGGCAGAGAGTTTGAAATGCTTAGAGAGTTAGGGTTATGTTCTCCTAGCAAGGATAAAAATGAAGAAAAAACCCCATCGCCACCAAAGTAAATTTCATTCAATTTCAAATTACTTTCACACTTTCCAAGCGACAAATCGTTTTTTTGTGACAACATCGAGGGGATTGGAAGACGTTTTAAAAGAAGAACTAGAAGATATTTCA
CP146516.1_gap34	1130788	1135560	4772	AGCTTCAATTTTCATGTCTTGAACATCTTTTTTAGTACCAATGGTAAGCCATTCCATTGAAGTCCCGCGTTCTGTAATGGCACGCAGAAATTCTTGACTTCTGGCTAAAGGATCGTTTTCAACTCGAAGTTTTCTTTCTGAGATGACGGCTCCTTTTTCGATTGAAAAATAAGGCTCTGCGAGATCGAGGTGTTTAAATCGTTCGGATTCAAGTTTGAGCATTGTTTCGAGAGCAGGAGCAGGGAATGTTGTAAAATAGGTGACAAAAGAGTCGTTTGTTCCAGCATTGCCAGATCCACCAACTGAGTTTAAAACTCGATCATAATTTCCTTCAGGAGCCCCTACGGTTTTTCTAAACATCATATGTTCAAAAAAATGGGCTAGGCCAGTTGTTCCCTTAGTTTCTCTATTGCTGCCCGCATCAAGCATAAAATGAATAGTGGCAATAGGGTTGCGGTTGTCTGGAACTACAATAAGGCGAAGTCCATTTGGAAAATGATATTGAAAAGCTTGTGTTTTAGCCCCAGGTATAATGTAAGCAGTTTGATTCAGCTTAGGGGTTAAGTTTGTGCTGCTATGCGATGTTTGTACAGTAAAGAAACATGCTAAAGAAGCCAAAACACATGCGCGAAGTTTTAAGTTTTGCTTCAGTAACAAAAAATTAAGAGACATTTTTTTATGAATCCTTTCTTATATATTTTTGAGCATAATTACGCACGCCGGCTTCTGCTAAAATATGAAATGTGCGAACCATTCGAATATCTTCTTGAGAAAACTCATCTAGTTTGGCATAAATGATGTTTTTTCTACTTTGTTTTAAAATTTTTGCAATTCGTTGTGAGGGTGGGTGATTAGAAATAAATAAAAGACTTTTATGATTTGTTGAGAGCGCTCCTGCTAAAATTAAGCATTCTGTAAAATTTCGTGCATGGTGTTGAATATAAGGATTATTCCAAGGATTTTCTATTGCACTGGGCAAAGGCATCACTGCAAAACCACCAAATTCACTTTTAGCAATGCCAGGACCAATTAAATTGTTTTTGAAAGGTGTAGCATAAAACATCAAGTTGCTATCATCGTGTTGTTCTGCAAGCCAAAATGAACGCCAAGAATATTCGTAATCTTTAGAAGAGTCTGCAAAACTAAACACCACAGTACCTATATCTGCTTTTGCTGTATGAAGACAATCTTTAATGATAATTTTTTCTTTATGCCAATTTCTTATTGTCTCCCGAATATCAAGACCATCACAAAAATCTGCTTGCAATTCTAAAAATACTGTTTCTTGGGAGCGAATTTTATGTTGCATATTTTTTTTAATATTAAGAGCAAGTTTTTCCATAAAAATATCTTCACTTGGGAATGAACACGAATAAGGGTGATCGTCGTGAACCCAGCTATTGTTAGCATATTTCTCTTCACTAACAGGTTCTATATTTTTATTCAGTGGCAATTTATTAATAGATTGTATTTTAGTTTTTGAAAATTTTTTTTGACTTTGAATAGTTTCAAACTTTTCTAAGCTTACTTTTGCAGTTTTATTAAAAAATTGATTTAAAGGTAGGTGAAGCGTTTCTAATGATGACGAATAAATTGGATTGGTTGGAATGTCCTTGCATTCTTTAAATAGTTCAAATGCAAAATTTGAATCAACAACAGCTTTAGCGGCAAGAAGAATATCAAAAATACAAGGAAATAACATATTTCTATCAAGGGCAAGTCTGTAAGAAAATCTAAAAAAATCACGTTCTTGACTTGCGTTGATTTCGAGTTTTGTCCATTCCGCATACTTTGCTGCTGTTCTTATAAAAGCTGCAGCATAACTTTTTTGTGCGAATTGAATCCAACTTAGAATATAATTTTTTTCTTCAAGAAGATCTTTGGCAAAAAAACCTGTTAAGTTCATATATTCTGAAAAAGTTTCATATGAAGTTTGGTAAATTTTAAATTGTTTTAAATTATTTTTAGATTTTGAATTTTTTAAAGAAATAACATTACTTAGTAATTTTTCTATTTCTATTTTTTGTTTCTTTAAAATAAAGTTAATTGTTTTAATTAGTTCATAACCGCATACAATTATAATTTTTTGATGAGGGTGTTTTTGAATAAATTTAATTATGTTTTTAACAGAATCAAAAAGATTTTTTTGTAAAAATATGTTTCTTTTTAAAATATTTGTAATTTCTATTTCTAAATTTTTTTGAATCCAAGTGGTTAATGCTCCAGAGACTAAAAGCTCAGGTGGAAGATAATTTTCAGAAATGGTTTGAAGATATAAATTCCATTGCAAATAACTTTCTACGCTCCCAATGCATTGGATACTTATATTTTGTTCATAAAATGCATGAAGAAAATGTCTTCTTGTGTCGAAGGGTTCAAAAAAACAAATAGGATTTTTTTCAATTTGCTCTATTAAGTTTTGTTCTTTTAAATTTTCTATAGAATTTTGCGATTTAATTAGTTCGGGAGTGGCTGTGATACATTGAGGAAAGCTTTTGATAATTTGATTTATATTTTGTTGAAATTCTTCTGGCCAATCTATAAGAATATGAGAATTATTAAAAATATTTTTTGTTTCTTTTAACTTTGTTAGATTTTTAATTATACAGTTTTCTTGTAAATTAGCTTTTGTAACCGGAAAAAAAATAATTTCATTATTTGAAAAAATTTTTTTTAAAGCAGGCATTTCAATTTTACCAACACTATATTCCCAGCCTAAAAAATTATCTTCTTCTTTTATATTATTTAACTGTTCTTTATCAAAAACAAAGTTTAAATATTTTGATAATTTTATGAGATTTGGCTGTTCTCGATTTTTGGTTGTCATTCGTTTTTGCTTCTTATTTAAACAGGTCTTAAATTGTGTTTCGCTGTTAAGTTAAGCTGAGATTCATCTTGTGGAAAATATTTTAAAGCATCTTCTCCTAAAATTGCAAATACACTTGATTTAAGTGCTTTGGGGAGGGTGAGTTCTTTATTTAAAGATCGCAATCTCTGTGCATATTTGGCTATTTGAATGCCGTCTCGTACAGAATAGTTTTCTTCATATCTATGAGATATGGCTAAAAAATTAACCAAAAGACTGAGTAAATTGTCTTCAATGTAAGGAACAGCATAACGAATAATGCGTGCTTCTGTTTCTATGTCTGCAAAATCAAGAAAAATTTGTGGATTAAGACGACTTTGAATATATTCGGGCAAATCGTATACACTGGAATCGTCATTCATGGTTGTCACAAACCGAAATTCTTTATGGGCGTGTATGCGAATTCCAGCAATAACAGAATCCACGTAACGCCTGTGATCGAGTAAAGACGCAAGACTGGCCCAACTTTTTTCGGACATGCGGTTGCCTTCGTCAAGAATGCATACGCCACCCACAAGCATTGCAGTCACAAGCGGACTTGCAACATACGAAATTTGCTTCCCTTCAGTGATAACAGGGGTAATAATTAAGTCGTCGGGTCTTGTGTCGCTTGTCCCTTGCATTAAAAAGGTAGGGTAATTCAGTTCTCTTGCGATCGATACTGCCAATGTTGTTTTGCCAACTCCAGGCTTTCCAATAAGTCGTGGGTTCATGGGCATATCATCATCTGAAAAACGCAGCCATGCTGCGCGCAATTGATGCGACGCATGCTCATGACCCAGCCAATTTGCGTTAACATTGTATTCTTTAGACAGTCTGACTGAAATATTGCCCAATTGAACATTTTCTGTGTTCTGATCAAATTGAATTTGTACGCTCATTGATTTTCCTTAACGTTTGAGTGAAGGCGCTTATTTGCTCGTTAAACCAAGGGAGCGTAATCGATTGCCTGAGCTGAGTCGGCCTCGAATTTGGGCTGCTTTTTCAGCGTAGTTGGGTTTTCCAATTAGGGCAAACATGTTATTTTTGTAGTCTTCAACCCCTGGTTGATCAAATGGATTGATCCCTCTGGCATAGCCACCAATTCCACAGGCTAACATATTAACATACATCCAATAGCCGAGCCACCAACTGTTTAGTTCAGGAATTTCCCAAACTAAGGTTGGTACTTTACCGTCGGAATGTGCTAAAAATGTGCCAAGTTGTGCTTCATTTTGAATATAAGAAATATCTTTGCCAGTGATAAATTGAAAACCATCATTGATATTCGCGTCAGGGATTTTAATCTTTCTTTTGACCGATCCTTTTGAAAGCGAATACTCATCTTGAATTTTTAAATGGGTTGCAAATAAATGGCGTTCACCATCTTGAAAATATTGTCCAAGAGAATGGAGATCGGTGGTAAAGTTACAGCTTGTTGGAAAAATACCTGTATTTTCTTTTCCATCACTTTCACCAAACAGTTGCTTCCACCATTCTGCAATGCCTCTTGTTTTGGGTGACCATGTACAAAGAGCTTCAATTTTGAATTTGTTTGCATACAGAATATTGCGAATTCCCGCGTAGCATAGTGCTGGATTGGTTTCTAAGGAATGATTTTTTTCTGTGGTGCAATCATAAAAAGCTTGTTGGGCACCGGCAATAAAGTCTTCAACCGCAATACCAGCAACAGCAAGCGGGAGCAAACCAACAGGAGTAAAAATAGAATATCGCCCACCAATATTTTTAGGGATAGAAAAGTGCGTGTAGTTTTGTTCTTTCGCAATTTTTAATAAAGTGCCTTCGGTTGGGTCGGTAATTGCAAAAATGCGGTGTTTGGCTTCGTCAGTACCAAACCTGTCGTCCATATATTTTTTTAGCACACGAAACGCAATTGCGGGTTCTGTGGTGCCTCCTGACTTAGAAA
CP146516.1_gap35	1223428	1227973	4545	CAAGGATTAAAAATGCAGCGATCAATACTCATTTGTTCAGCAATTGAGCGGGACTTAACCCCTGCTGCCGCTGAGTTTATTAACGTTTTACAAAAAATTTATAATTAATTTTTTATTTGGTTTAAAATTATGCCATCACCATTTCAAAATAGTATGTTCCATTACATTCTTGCTCTAAAAGAAAATTTTACGTCTTCGCCCATTGCCATTATGGGAGGCATGAGTGGATCACGTTTTTTTGGAACAGAAGATATAAACGATGTGCCAATCGTTGTATTTGACTTTGAAACAACTGGTCTTGATGTTAGAACGTCAAGAATTATAGAAATTGGGGCAATTAAATATAAAAATAGAAAAGAAATCAGCCGATTTTCGTATCTTATAAATCCTGGCATGAGCATTTCGCCTGAAATTACTTCCATTACAGGAATAGACAACACGATGTTAGCCAATCAACCCGATTTGCAAACAGTGCTCCCATTGTTTCATGATTTTTTGCGGGGCTGTGTTGGACTTGCGCATAATGCCGAATTTGATATTGGCATGATGTATTATGAGTCTGAGAGATTAGGTATTTCTTGTGATTACACTGTTTTTTGTTCATTAAAAATGGCAAGAGCATTAGTCAAAATTGAAAGGCGAAACCTTGACGCCCTGGCAGAACATTATGGGTTAAGCTTTGAATCAAGGCACCGTTCTATTGGAGACATCTTAGTGACAGCAGGTGTTTTTTGGCGGATGTTAGATGAAAATTCTGTGTTAAAAACTATATCCGATTTGTCACCTTATAGAGAAGAGATGCCCAGTTAATTCTGACTAAGGAATTTGGTGGAGTGATCAAAAAAACTTATTTTCTTTTTTTTTCTTTTTTTCTTTTAGCTATTAATTATTTATTATTATATCGTTTTTTAGGAGAGCAATTAGCTTGGCTCAGTTTTCCATTGACATATTTATTATTGCAATGGATAAATTTATCCGTATTAAAAAGTTATTATGTTTTTAAAAAATTTTCTCCTAGTCGTCTTAATTTAAATTTAAAAATTTCTAAATCTTCTCATGATTTAAAATATTATTTTAATATTTTAAAATTTAAAATTTATGTATTAGTTTTTTCTTTTTTAGGAATAATATATTTTTTTATGCAACAAGATTTTAAAGATAGTTATTCATTAATTCTTCATGCTATAAAATTTTCAAAACCTGTATTACATGTTGAGTATCCCTATTTTTTAGGGATACCATCTGATGATTTTTATTTTAATTCAAATACAGAAGTTACGGTTGATACAGCATCGTATTTAGAACTACGGATTGAAAATTTTAAAAAAAATGATGAATGGACGATTGAATTTTTTGATTTATCGAAGAATAATATTAATCCAAAATCTTTATATTATTCTACTAAATTAGGAAACTGGTCGTCATCTGTTGACTCATTATACCATGTATTAATCAACGATAATTTAGAACTTGCAAAAAATTTTGAAAAACTAACAAATTCAAACTTAGAATCAAAACATGTTAAAATGGAGTTAACTAAAAAAAATAAAAAATACTCCATTAATATTAAAATAAATCCTTTAAATAATCCTCTTATTAAATTAGAGCCTGTACTCAGTCAGCGTAAAGACACAGATAACATTGGAAAAATTGATTTTTTAATTGAAGCTGTTTCTCAAATTCCGCTAAGTGGTGTAGAGCTCTCTGTAAGAACTAAGTCTGGTTATAATTTTAAAAAAATTATTGCAGAGTTTGCAAACTCATCAGAGTTTCGTTTTAAGTCAGATAATGTAGAGTTAATAACATTAGGCATTCCTTTTTTAGCAGATGATATTTTGTATGTTAAAGCTGTTGCTAAAACAGTTTTGAATGAGCATTTTGGTGAATCTCAAGAAATAAGTTTTCCAGTGCAATCTCCAACAGATATTATAAAAGATCTTATTAAAAATTTAACTCTTGCAAAACAAGAGTTAAATCTATTAAGTTCTGAAAACTCAATTGCAAAGCAAAAGTCAATTGTAAAATTAATGGAAGCGGCACAACAGGCAAGCAGACTAAGTCGTTCAGGAGTAGTCAGAAAAAATATAATAGAGGCTATAAACTATGCTGAGCAAATTAAATTTAAAAAAGATCAATTTTTTAATGGCACTCAAGCAAAAATTCAATCTACCTTAAATTTACTGTTACGACAAAAGAAATCGAGTGAAACAAACAATTTTTTTGCTAAACTTCTTAAATTAAAAAATGAAATTTTTACTAAAAGTCATGAAGGGCAAGAATTCAAGGAATTAGAGTCTGACGCAACAGAGCTCAAGGAGCTCGCATTGCAATTAAAAAATCAGATTAAAGACGATTTACAAAAATCGATAAACAGTCTTTCTGATCAGGAAGAAAAATCAATTAAAAGTTTAATTAAAAAAGATGAAACAACAGATAAACTCCAAAAAACTATAAAAAATCTCCAACAACATAAAATCCTTGATGCACAGCAAAGCATTCAAAGCGCACTTGAGCATTCTACAGCATATTTAGCTAATGCTTTACAGTTGTTACAACAAGCCAGACAACGCGCTATTATGGATGCACGAACCAAATTACAAAAGTCCGATCAGTATTTAGAGGAGACTAAGTCACAGTTGCCTTCGCAAAAAATATTATCTCATTTATTAAATTCTAAGGATTTACTTAAGAAAATTGCACCTCTTGGCAAAGAGTTTAATGAAGCATTGAACGAAGCACAAGAACACTTAAAGTCAACATTTGTCTTAGCGCAACAACGTAAAAATTTTGAACGTTTGCGTGAAACAAGAATGACTCAAGAAGCGATTGAGAAAGCATTATTATCCTTGCAAGATGAAGAAGAAAATGAGAAAGAAATGCAAAAGGAACGGGATGCGAGGACTTACAGATCGGCCATGGATATTCTTGCGGCACAAGGCACCTTAGATGCGAGTTGGCGTAAAAAAATTTTAGAAGAAATATCAAAGCTTAAAAGTCAAGGAGAAACCGCGGAGTCTCCAATGATCCGTTATTTAGAAAGTAGGTTACGTTAATGATGCGAACATTCTATGGACGTCATAATCAAAAAATTCGTGGAGTTACTTTTCATCATCGAAGCTTAAAAAGGTCATCCAGATTAAAATCTAAGTTAAATGACTTTTTTGAATATCATTCTCTTTATTCTGAAATAGAAAGCGAAACACCCACTCCTTTATCACAAAATGAGATTCGCTACTTTCTTTGCGATCAAGGGCGTAATGAGATTCATACACATGTTGCAATATGTGTAGAATTTATTTCAAAATGGTCAGGTATTTTAAAAATTATTGAGCGGTGCTTTTCGCAAAATATAACAAATGAAACTATGCTTGAAAGTTCTTTAGCGTTTGTCGATGAAAACGAAATAGCATGCAGTACTGAATTGGAGATTTTTTTATCTGCAAAAAGAGTTTTAAGCTTGTGGCAACATCGATTGCGAATTTTTGAAATGATAACAGAAGCGCAAGGAAGTTTAAGAAATTTACCAAATTATACGCTCAATCGTTTAAAGACTTATCGTTAGGCCTCCAGTATAAGATTGATCGTAAAGTGGTGCGCCAGAAGCTGTTTTTATATTTGATGGCGAAATTCGATAATTTATTTTAAATTTTAAATATCGAGATAACCTTATTGAAAGAGCAGCACCAGCATCCCAGGAAAGATTTTCTTGGTTAGTCGTTTCGACGCCAAAAAAATCTTTGTACCGTGTTTGACTGTTCATCACTCCGCCATAAATAGATGGTGATAGATAATACCCAAATAAGCCAATACTAATATTTCCATATGTACTTGTGGTTAAATATTCTTGGGTGAGATCTCCAGTTGGAAGAGTTATGCCTCTGCTAGTTAAATAGGTTTTGTATTCATCAGTATAAATATATTTTGATGTTGAAAAAGATTCTCCAATATTAATTTCAAAAAAACTACTTAAAGGAATACCAAGTTCTATACCGTAAGAGGTTTTTGTGTATTTGTAGTTTGTTGTAAAGCTAGATTGAAAACTACCATTAAAAGTAATATCAAAAAAATTTCCGCTTGCAAATGCAAATTCATGAATACATAAAAGTGATAATAATATTATTTTTTTAAAATTATTAAAGAAAAAATTGAGCATCTTTTCGGTTACCAAAGTTAATTTTTGTTTACTTTTATATAATCGGTATAATAATATTAATTATAAGGCATAATTTTCATTGTGTTTTTGTTGTTGGCAGATATTTATCTAAGATTTGTTTGTGTCAGTGCAAGAGCTGTTTGGCGGTTTGTATTTTCTACGAGTTTTGGAATCTCATCGGTGATGTCTGGAGTAGGGAGCCATGCCGTATTTTCTTCCATTTTGTAATTTGGGTTCCCAGTGTAATATTCTACTATATTTTTAATAACAACTTCAGTTTGTTTAGGACCAACAGGAAATACCATCACATTAATTCTATTTCTAAAAAGTCTCCCATCAATAAAAAATTTATCCCAGTCTGTTTGGAGATTAAAGTTTTTGCGATCCATCGA
CP146516.1_gap36	1247214	1249816	2602	TGGAAAATCCTAAATTACAAAAAAATATTGAAATAATAAATAAACTATATTTCATTATCGTCCTTTCAATTTAAGTTAAGTATAAATTTAAAGTAATACTAAATTTATACTAAGTCAAAATTCAATATTGTACAAATTTTTAACAGTTTATCTTGACATGAAAGATGTTTTAAATTTATAATTTTTTTTTAATATAGGAAAATTTATGAAAAGAAATTATTTACTTATGTCTCCTTTTTTATTTTTAACATTAAAAGTTTTTGGTTTATTTTATGATGATAAATTAAATCAGCTCAATAATCAATGTTCTGCTTATTATAATTATGATGAAGATACTAAAGTTCATGTTTGGTTTACATTAGTAAATAATGATCCAACTTATCATTGGAATATACAGCTTGCAACGTTGTATGAAAATAATATTAAGTTTGTTGATGATAAATGCAAAGAAATAAAAATCAATAAAATATTTAATATCGAAAATTTAAAAAATAAAAAAATTGGATTGATAGTAAATAAAGAAAAGTTTTTTCAATCAATTTATTCAATAACAGCAGTAAGAAATGATGGAGAAATATGGAAAGTGCCAAACAATAAAATGGCATGTATTTTTATTATTTCTGCCTATGCACCTGGTAAATTTAATAGAATGGATTGGAAAATGAATAATGCAGACTGTTATACAAAAAATTATGAGACAGAAATTTATTTTAATTAAATTTCAATGAGTTCTCCTTTATTGAGTTTCCAAAGTCTTGTTGCAAGAAATTGTGCCTTTTGTTCGTCGTGAGTAATCATTAATGTTGCAATTTTTCTATTTTTTGTAAAGTTATGGACAAACTGTAAAAGATTTTCTGTTGAAACGGGATCGAGTGCTGCGGTAGGTTCATCCAATAACAAAATATCAGGTTCACATAGTGTCGCCATAATAATGGTAATTATTTGTCTTTGTCCTCCTGAAAGTTGTCCAATAGGGGTATTTAAGTGCATTTCTAATCTTAAGCCAAGTGGTTTTAATGTTTCTTCCACAAGATATTCTGGATAATTTTTAATCGCTTTTTTAAACCCAGCATTTTTAGTTTTTAAAAGTGCCATCGCTAAATTTTCGGCAACAGTCATGGTTGCAACCAATCCTAAATACGTATTTTGAAATACTCTACTCATAAATTTGGCTCTATTCATTTCTGACATCTTTGTGATATCTTGAGTATTACGAAAAATTTTTCCAGATGTTGGTGTTATTTTTCCTGAAACAGAATCAAACAGAGTCGTTTTTCCTGCGCCATTATGTCCTAAAATTAAAATAAAATCATTTTCATTAATATTGCAATTGATATTATGTAGTGCTGTAAATTCCCCAAAATTTACAGAAACATTTTTAAGAGAAAACATAGTTTTTAATCCTGTCAAGTAATAAATTTATTTTTTTATTTTTTTTACTATTAAAATAGCAACAATAAGAAGTCCTGTTATTAATTTTTGCCATGAAGGTTCAATTTGTAATTCAATTGTTGTCGCAATAATCAATTGATAAAAAATTGATCCGACAATTGCCATTATAAACATATTAATTGCAAGGAGTTCAGCAATCATACAGCCTGCTAATGCCGCAATTAAAATACCGACATTCCCATATGCAGAAAAAAATCCGCTATACTGTACAAATAGTCCACCCGCTAGTGCGCTTAGAAAATTTGCAAGAAATAATGCAATTCCAATATAAAGTGGCACGCATTTGCCAAGTGAAGTCACAAACTGTTCGTTGATTCCTGTGGATCTTAATAGAAAGCCACTTTCTGTTTTCATGTACCATATAAAAATAACAGCAATACTAAAAACAAGAAAAGCTAAAATACCAAGAGTAGCATATGGATAGTGATTCAATGGAGTAAAAATTGTGGTCGCTGTTCCTAATGCTGCATTAGCAGAAGCAATGTTTATGCTCAAAGAGAAAAGCATTGTGGTAATCACAATCCCTGCTATTAAACGATTCAGTCCAAGCTTAGTATGCAAGAGAGAGGTTATGATACCAAATAATCCACCACATAATGCTCCTAGGATAAGAGCAAACCATGGATTTAAATTGTGATTTAAAATACTCCATGCAACGATAGCGCCTCCTAAACCAAATGTCCCTTCAATGCTAAAATCATCAAATTTTATAATACGAGATGCAAGATAGACCGCCATGACCACAACTGATCCAATTAATCCTCGTTCTAATATTCCTATAAATACTGGTAATAAACTAGACATAATCACTTCCTAAAAATAAATAAGATAAAAACAAGGATTAATTTAATTGTTAATAACGTGTTCTTTGAGCTCTTGTGGAATTATGATGTTAAATTTTTTTGCTTCAACAGAGCTAATTAAAACTTTACTGTTAGGTGTCATAATTTCGATTTCAGCAGGATTTAATTTATCAATTAAGATTTTTTTTGTAAGATTTGCGGCTTCAATTCCAGATTGAATATAATCAACGCCAAACTGCAAAAGAGGTGTTTCCACTTCTCCTGTCCAGGTTGTAATAATTGGTTTATTTGCTTTATTGGCGATTTGTTTTACAATTGGAAACGCTGCAGAGATTGTGTTGTCTGTT
CP146516.1_gap37	1254920	1256718	1798	TTTTCCAAATAAACTCGATGTTTTCTGAGCAAATTGCCAGATCACATTTGCGAGTATTTAAACCATGGACAACACTTTCTTGATCGGCAAAACGAATAATATTTGTAAATCCTTTATTTATTAAATATTGATCTCGAACATCATTTCTCACAACACAAAGAGTATATTTTTTAGCGTCTTCAAGATTTTTAATTTTAATATCCGATAGGCTTCTTTGATAAAGATAGGTATTGATATTAAACACAACACCCACAAAAATAAAATGTTTTTCGCGTTCAGCGTTTTTAGCTATTGGAAAAATATAATAGTTTTTATTTTTTTTGGCCATCTCATAAGCTCTTGGCCAAGGATATAATGCTATATTTTCGGGCAAATCGGCTTTTTTTAACGCTTTTTGAACGCGTTCAAAAAGCGGCCAACTATTTTTGCATCATCCTCTTCTTCAATAATACCAGGCAGTTCTTGTGAAACTCCAAAAACCGCCGTATTTTTTGTATTGGCAAAAAGTTGTAAGCAAAAAATGTGACTGAGTAAAATAAATAATATTTTTTTCATACTTTTACCACACTTATAGTTAATGTGAAATAAATTAACAAGCGTTTAAATCGTAACATAAAAAAATAAAAAAACTATGACATTAAAAAAATTAATGTCCTTTTTGCACATATTTTTTTGACATGATATATTCGCTTAGTGCTAAAAAAACAGTAGAAGCAATAAAAGTAATATGAATAATTATCTGCCATTTTATTTTTTCTATGTCTGATTCCGCAATGTCAATAAAAGTACGTAACAAATGAATACTAGAAATCCCAATTAATGAACTTGCAAGTTTCACTTTAATTGTACCTGGATCAATATGCTCAAGCCAATCTGGTTTGTCATCATGATTGTCTAAATTGAGTTTGCTTACAAAAGTTGCATATCCTCCGATTATCACCATCGCTAAAAGATTAGCAACCATTGTAAAATCGACAAGAGATAAGATTCCTAAGAGTAACTGCAGTTCTGTGCTGGTATTTGCAAGTTGCACAATATGAATAAGTTCAATAATAAATTTATATGAATAGATAATTTGTACTGCAATTAAACCTATATATAATGGAGCTTGTAGCCATCTGCTGGCAAAAACAACATATTCAATACCATTTTCTAGCTTTAGTTTTGCACTGATTTTTTTTGAGGTGGTCATGATTTAATTCCATTCTTTAACAATATCTTTTATAATAAATTTTTACAAACCCATTTGGCATAATAGCTAATAATAATATCAGCACCAGCGCGTTTCATGGCAATAAGGCTTTCGTATACGGCCTTATGCTCATCAATTATGTTATTTTGTGCAGCAATTTTTAGCATCGAATACTCTCCACTCACTTGGTACACTGCAATTGGAACTTCACTTTTTTGTTTGACTTGCGCTACGATGTCAAGATAAGGCAATCCTGGTTTTATCATAATAATATCAGCGCCTTCGCTTATGTCCAAGATTGCTTCACGAACTGCTTCGCGCGAATTATTGGGGCTAAGTTGATACGTTTTTTTATCAATGTTGCGAGCCCCCGTTGCGATGGCATCTCGAAAAGGGCCATAAAATGCCGAGGCAAATTTTGCACTGTAAGCGAGTATTCCTATTGCGGTTTGGCCTTCTTGATCGAGTGCTGCGCGGATTGCGGCCACTCGGCCGTCCATCATATCGCTTGGACAGACAAAATCCACTCCACATGCTGCGTAAGAGAGAGATTGTTTACAAAGTGCCGCGACAGTCTCGTCATTGAGCACATAACCGTTGTCATCG
CP146516.1_gap38	1257748	1262239	4491	CATCAACCTCATGGTGGAGCAGGGGGGCAGGCAACTGACATTGCAATTCAAGCAAAAGAAATTTTATCTTTGAAAAATAGATTAAATCAGATTTTAGCAGCTCATACAGGTAAAAATGTAGCAGAAATTGAAGCCGATGCTGATCGCGACTTTTTTATGTCTGCAGCAGAAGCTAAGGAGTATGGGTTGGTGGACGATATTTTGATGCCGCGAGCGGACCGCGTTGCTTTTACGGGCCTTTAGATTAGGTAGTGAATGGATATGATAAAAAAAGGAATTAAATATTCGTCAGGACGTGGCGGATCGGGAAGCTCTCATGGTTTGCACTGCAGTTTTTGTGGTAAAAGCCAGCGAGAGGTTAAAAAGCTGATTGCAGGTCCAAATGTTTATATATGCGATGAATGCATTGAACTTTGTAATGAAATTATCGCAGAAGAAATGGAAAAGGATGATGCTTCGCATATTGCAGAAGGCGTCCCTAGCCCCAATGAAATTAAAAAAGTGTTGGATGAATATGTCATTGGCCAAGAAAGAGCAAAAAAAGTTTTGTCTGTTGCGGTGCATAATCACTATAAAAGAATTGAACATGGCGCGAGTGCAAACAAAGAAGAAGTGGAACTCGCAAAAAGTAATATTTTATTAATTGGTCCAACGGGTTCAGGCAAAACTCTTCTTGCGCAAAGTATGGCACGTATTCTGCAGGTTCCATTTACAATTGCTGACGCAACAAACTTGACCGAAGCAGGGTATGTTGGTGAGGATGTTGAAAATATTATACTCAACTTGCTTCAAGCGGCTGAATTTGATGTTGAACAAGCGCAAAAAGGCATTGCTTACGTTGATGAAATCGACAAAATTGCTCGCAAAGGTGAAAATACTTCAATCACTCGAGATGTTTCAGGTGAAGGCGTGCAGCAAGCGTTGCTCAAATTGCTTGAAGGCACTGTTGCCAATGTGCCACCGCGCGGTGGACGTAAGCATCCACAGCAGGAGTTTTTGCAAGTGGATACCACAAATATTTTGTTTATTTGTGGAGGTGCATTTGCGGGACTAGAAGAAATTATCAGAAACCGCATGGAACAAACCGCAATGGGATTTGGTGCGGATATTAAAAATAAAGCAAAAATGTCGGTGACAGACCTCTTTGCTAAAGTGCGCGTCGAAGATCTCTTGAAGTTTGGGATGATCCCAGAATTTATGGGTCGTTTGCCAGTTATTGTTACCCTTGCTGAGCTTGATGAGTCGGCTCTTGTTCAAGTATTAACACAACCCAAAAACTCAATTGTGAAGCAATTTCAAAAATTGTTTAGTTATGAGCGTGTTGCATTAGAATTTACTCCAGATGCCCTCATTGCTGTTGCGCAAGAAGCGATTAAAAGAAAAACGGGAGCGCGTGGTTTGCGCGCAATTCTTGAAGATGTGATGCTCGAAACAATGTTTGATATTCCTGGACAAAAAAATGTCAAGCAGGTTATTGTTACTGCAGAATGTATTCGTGAAGGTAAAATGCCAGATAGAGTTTTATTAACTGAAGAAGAAATGCAGCAAAGACTTGAACAACGTTCGCGTTCTCAATCTTCTGTGTCTTCAACAGCTTCTACCACTGCGGCTAAAGCAAAAACGTCTGCAAAAAAATAAAATAATTAATTTTTCCCCGAAAATTTTGCGGTGTTGTCTCGCAGCTCTGCAAAATTTTTCATGTTCACGCCATTTTTGCGACTCACACGGTTTTATTATTTCTGTAAAAATAAATAAGAGAATAAATATTGAGACTGCTCATAATAATGTATTTGGGGAATTTATTTTATGACACAAGGAATCGATAAAGTCGCAGATAGTCTTCCTTTGTTGCCGTTGAAAGATATTGTTGTTTTCCCTCAGATGATTATTCCAGTATTTGTCTCAGAAGATATCTGTATGAGAGCTGTCGATGCTGCGTGTGCTAAAGATAGATTTATTTTTCTGTCGGCATTTCGTTCAGAAGTCAATCGAGAGCATGATTCATTTTTTGAGTTAAAAGTGTCAACGCCTCCGCCATTTGATGTGTATGATGTGGGAACTATAGCCACTGTGATGCGCACCCGTAAGTTACCCGATGGCCGGACAAAGGTGTTAATTCAAGGGGTATCTCGAGGTATTATTTTAGGATTAAAACAGTCTGAGCCTTATCCAATTGTAAATATGAAACTATTATTAGATAAAGATCCTTCCCAAGAAGGAGATGCATTATGCCGTTCTGTTAAAGAACAGCTCGAAAAAATCGCTCCTCTTGGGCGCTCTATCTCTCCCGATCTGTTAATGCTCATTGAAGATGTTACAGATGTTGGAAGACTTGCAAATTTGGTTGCCAGCAATTTGGGATTAAAAATTGTGGATGCGCAAAAAGTTTTGGCTACGGCAGATCCTTTTGAGCGTCTTAGAAAGGTGCACACACTGCTTCTTCGGGAATTAGAGTCTTACACTCAATCTCGGTATTACAATCATGTGCGCGACGAAGCCGCAAAAAATCAGAGAGAACAATATCTCAGAGAACAATTAAAAGCATTAAAGCATGAGCTTGGTGAGTTAGATGGCAAAGAAGAAATCGAAGATCTCCGAGAAAAAGTGTTAAAAGCAGGAATGAGCGTTGAAGGTCAAGCTGAAAGCTTAAAGCAAGTGAGACGCTTAGAGCGCATGAATCAAGACTCCAGTGAAGCAACATTAACAAGAACATATATTGAATGGATGGTTGATTTACCATGGACAAATTGCAGCGATTCAAAAATTGAAATGTCCCATTGTAAAAAAATATTAGATGAAGATCATTATGGTCTTGATAAAATAAAAGATAGAATTCTAGAATATATTGCAGTTAAAAAACTCAATCCAAATTTAAAAGGCCCAATATTGTGTTTTGTTGGACCTCCAGGAGTTGGCAAAACAAGTTTGGGGCGCAGCATTGCGCGTGCATTAGGCCGCAAATTTGTCCGTATTAGCCTAGGTGGTGTTCGTGACGAAGCAGAAATCAGGGGGCACCGTCGTACGTATGTTGGCGCAATGCCAGGTCGTATTATTCAAACTCTGAAAACAGTTGGTACCCGAAATCCTGTGATGATGTTGGATGAAATCGATAAACTTGGTGCTGATTATAAAGGCGATCCGGCTAGCGCATTGCTTGAAGTGTTGGATCCAGAACAAAATTGTAATTTTTCAGATCATTACATATCTGTCCCATTTGATCTGAGTCAAATTATTTTTTTAGCCAATGCCAATCGGTTAGACACAATCCCTGCACCACTGCGAGACAGACTCGAAATTATTGAAGTGAGTGGCTATAGTGAAGAAGAAAAAACCGAAATTACAAGGCAATATATTATTCCAAAAGTAATTGAACAAAATGGACTCAATCCAGAATTGGTGCAGTTTCATGATGCTGCGGTTAACTTAGTGATTAACGCATACACTCGCGAATCGGGATTGCGCAGTTTAGAAAAACATATTGCAATGATCACACGGAAGTTAGCAAGGTATATTGCAGAGAATGACGAAAAAGGTAAAGATCGCAAACTTGTAAAAGTGACTGCAAAAATAGCAAAAGAATTGTTAGGTGAAGAGCGTTACTTTACAGACGATCACGATATCTTAAAAAAGAGTATTGGCATTGGAGTTGGACTTGCATACACCCAGTCTGGAGGCGAAATTTTACAACTAGAGGTTAAGCTACTACCAGGTTCTGGAAAGTTGATTTTAACTGGACAACTTGGTGAGGTCATGAAGGAATCGGCACAGACCGCGTTAAGTTGTGTGCGGAGTTTAGCAAAAGAATTAAAAATTGATCCCAACAAATTTAATACAGAAGATATTCATTTGCATGTTCCTGCGGGTGCGATTCCTAAAGATGGGCCTAGTGCGGGAACAGCGATTGGTGTGGCGTTGGTGTCAGCTCTTACTGAGCAACCCGTAAAGCAAGATGTTGCCGTAACTGGCGAAATAACGTTACATGGAAGGGTTTTGCCAATAGGAGGAGTCAGAGAAAAAATCCTTGCAGCATTGCGCGTTGGAATTCGTAAAGTGTGTTTACCAGAAAAAAACAAAGGATCGTTTGCCGAACTTCCGCTTACGATAAGACGTCGAATAGATGTGAAGTTTGTGTCGCATCTTGAAGATGTTTTGCAAGAATGCTTAGATATTAGTAATTTTATGTGTGATGATCCGGCAGACATGCGGCAAGAAAGAGGATCTGTTTCGAGTGACGAAAATATGTCTGCCTGAATGGTTTTTAACAATAACTTAAAAAGTTATTTTGTATTCGCTATTGTTTTGAGCCTTTTATAACTCTTTCAACAATATCTTTATCCTTTTGACTATCAAAGACAAAGCTTTGGTAGTGATCTTTTGTGTACCACCATTGTAGATTATTAATGTTTATTACAAGACGTTTGGCATCCCGGCGTCCCCGTTGTTCTTCACAAACAACATCAAATTCATAGTAGTAGCCGCCATTTGGTAGTC
CP146516.1_gap39	1270639	1272472	1833	TTTATTAATTTTGCATTATTGAAAAAAAAATCGGACAGTCGTGTTTCTCTCATACCAAAAGAAGTTTTTTCTCCAGAAACTTTCATTTGTTTAGATCTTGAGATTCATGAAATATCCTATACTATCAAGCGTTCAATCAAGGAGTCTGAACAACCAACAATTATTTTTAATAATAAAGAACATAAATTCACTAAAATTGAAGATGCCACTAAGTATTTAACTGAAAAATTATTTTCAACTTTGTCTATAAACTATCCTTCATTTAGAATTATGTTAGGACCTCTTATCCGGGATGAAAAGTCTGAATTTAAATCACTCATAAATTGTTATGACACAAAATTACGTGTACCTGAAAATTATACACCTCATCTTTATTTATTTGGAATTAATTTTGACTTATATGAAAAAATAAAACAAAATTTAAAGACAATTGAAGAAATATCGAATGACATTTTGAGAATTCAAGAAAATGTTAAATTACTTCGGCAAAAGAATATTGATGACGCGCGTTCTGATTTAAATGAACTTGATAGTGAAGTTAATTCTATTGAAAATAGTATTAATAGATTAGAAAATTTAACTGGTTATGAAATTGTTAAAAATGAAATAATATTGTTAGAAGAAAAAATAGAAGCACTCCGTCGTCGAGAAACAATACTAAAACATAATATTAGTAAGTTAAAATTAGTTTCGCAAAGAGCTGACATTGATATAAATGAAATTTCTGAGTTTTACGAGCAAATTAAAAATGGTTTAGGAAGTTTAATATCAAAAGATTTGGCTGAAGTGATAAGTTTTAAGGAAAGAATAGACGAGTTTCAAAACAGACTTATTAAAGATAGAAAAGATTTATTAACTAAAGAGTTAAATGAAATTAAAAATGAGCTTTGCGAACTGGATAAAAAATATTCTGAAAATCTAGCCGTTCTAGATCAAAAAGGTGAATTAAAAAATTTAAAACAAACTTATGCTGCATTTAAAGAAAAAACTACACAGCTTTCGCAATTAAAAAGCTTTGTTGATAAATATGACAAATTGGAATATGAAAAACAAAAACTAAAAAGTGAAAAAGAAGCAAATTTACTTCAATTACAGTCTGAAATTCAATCTAAAAAGTTTATTATTGATGATTTTCAAAAAAATATTTTAAATATTCATGAATATATTCAAGGAAATAAACAGGCTTCATTTCAAATAAAACATACAAATAAAAAACAAGTTATTGAAATAGTGATGCGTATTGATGATGATGGAAGTCATAGTATAGAAAGAGAGAAAGTTTTTATTTATGATATTTCTCTTTTACTTAATAAATATACTCAAAAAAATCATCCTGGATTTTTAATACATGATAATATTTTAGACGTTGATCAACATACACTGAAAAAAAATATTAATTTTTTAGAAAGTAAAGCTAATTTTGGTTCAACTCAATATATTTTAACATTAAATTCAGATAGATTAGAAATTGCCAATATTGAACTTTTATCCTCCCTAGATTCTTATGTAAGAGCGCGATTTACAAAAAATAGACGATTTTTAAAAGCAAAGTATCAAGAATTATAGTAAATTTGTAATTTTGAAACTCACAAAGATATCCCAATTTTAATCACTTGGCGAGCTTCATCAAATGGTTGTGCTTTGCTGGCATCGGCAAGAGCTGTGGGATCTTTTATTGTGTACATTGTCCTTTCATAAAATCCGTCAATCCGTAAAATCCCAATTTCGATGCCTCCACCAATTTTAAAACCCTTTTGTTCGGCAAAGTTTGAAGGGGAGGCACGCCAGTCGCTGTTTGAAAACAGCCACGATCCTTCAGCTCTAAGATTATGA
CP146516.1_gap40	1290474	1294236	3762	GTCTAGTGCATTACTAGAAGTTTTAGATCCTGAACAAAACAATATTTTTACGGATCATTATCTCAATGTCCCTTTGGATTTGAGTCAGGTCTTTTTTATTGCTACAGCAAACTCATTGCATTCTATACCTGCCCCTTTGCGTGATCGCATGGAGGTTGTCGAGTTAAGTAGTTATACCCTTGAAGAAAAGAAGCACATTGCGTTTGAATACTTGTTGCCTCATGTTATGGAAGATCATGGAATAGCAAGTCATATCGATGTGAAAATTGATCATGAAACCATGAAAGGTATCATTCAGCATTACACGCGTGAAGCAGGGGTTCGTCAATTAAAAAGAGAACTGGCTGGTGTTGTCAGAGGCATTGCTCGTGAGTGCGTTGAGTCTGGTTATTGCAATCAACAACCTCAACCTAATGCTTCAGAAGAACTCGCTTCTCCAGTTGTTAAAGAAAGCAAAGAAGTCACTTTGCAAACTGTACGAAAAATGATTGGAGCATTTCCTTTTTCTGATAAAAAGAGACCTGAAACATTACCAATAGGCGTAGCTACGGGACTTGCATGGACTCCAAATGGAGGTGATGTGTTGTATATTGAAACGGCTGCAAGTTCTCCAGGAACAGAAAAACTCGCTATTACTGGGCAGCTTGGTGATGTCATGAAAGAATCTGTGCAAACAGCGTATGCGTATATTCGCGCGCATGCTGCAGAGTTAGGAATTGATATTCTTGAACTCACAAAAAAAGATCTGCATGTCCACTTTCCAGAAGGCGCTGTAAAAAAAGATGGACCTAGTGCAGGTATTGCAACATTTTTAGGCATTATTAGTCAATTTACGGAAACTGCTCTTGCTGCCAATTTAGCAATGACTGGTGAAATTTCTTTACGTGGCGACGTGTTACCTGTTGGTGGAATAAAAGAAAAATTGCTTGCAGCACATCGTTATGGAATCCAAAAAGTCTTAATTCCACAAGATAACGAGCATGATCTCGAAGAAATACCTGTCGAAATTTTAAAAGATATGAAAGTGGAGTTGGTGTCGCATTTGGGTCAGGTCTTAAAATTTGCACTTGAAGAAAAAAAGATATTGCAGAACATCTATTAACTTCTAGAAAATCTGCAATAACAAAACAAAGAGAAACTGTTTTGCATTCCCGTTCGGAGACATTGTGAGTCGTATTTATCTTGATCATAATGCAACAAGTCCTCCTTCAGCAGAGCATTTGGCGCAAGTTTTTCAAAAATTGCAACAGCATAGTGGCAATCCATCCAGTCCTCATGCCTTTGGTCGTAATGCTTCAGTAGCATTAACTGAAGCACGGCGATCTGTGGCTCGTTCTATGGGAGTCGATGTTTCTGATGTGATATTTGTTTCGGGCGGTACCGAGGCTGATAATCTTGGCACAGTTGGTGTATTGCATAGCAATAACATCGCTATCAATAAACAACATGCTGTTATTTCTAATATAGAGCATCCAGCAGTCAGTGAGCCTTTAGAGCAGCTGCAATTAAAAGAAGGTTTGCAATTAACAAAACTGTCTGTTGATAAGAGTGGCTATGTGTCGTTTGAAGACGCTATTTTGAGTATCACTACAAAAACAACATTACTTTCTATAATGGCTGCAAATAATGAAATAGGAACAATACAGCCTGTTAAAAAAATTGCAGATTTTTTGCATTATAAAAGATGGTCGAGTTTAGCAGATCCTACTCTTAAAGATGAGTTTGATGCATTCAGTTTGCGTCTTGATCCAAGTTTAACAACAGACGTATTTCGTAATTTGCATTTTCATGTGGACGCGGTGCAGACTTATGGCAAATTACCTTATTCACTTTGGTTTTCTGATGGCATAGATTCGTGTGCGCTTTCTGCGCACAAAGTTGGGGCTTTGCAAGGAGTTGGTGCTTTAATTTTACGGCGTGGACGTAAGTTTAAACCATTTATTTACGGCGGTGCGCAAGAAAAAAATAGACGCGCAGGAACCGAAAATCTGCCGGGTATTATAAGTTTTGGTCTGATAGCAGAAGAGATATTGCAACCGTTTTGGTTTGAGCAAGTGCAAAACATGGAGAATCTGAGGCGCGAATTTTTTTACAATCTTTCATTGTTGCCAAACTTAGAGATGAACTCATCTCTTGAAAATTCGGTGACAAATACCATTAATTTTTCTATTACTGGCAAAAAAATGAGTGGTGAAGATTTACTCGTCCAGCTTGATCTTTCTGGGATCTGTGCAAGTTCTGGTTCTGCGTGTAGCAGTGCGGCCAACTTGCCTTCAAAAGTGATTTTAGCATTAGGAAAATCACCACAAATGGCAAAAAATGCTGTGCGTTTTTCTTTATCATTAAAAACAGATCAGGCAGATATTCTGAAAACATTACAAGCTATAAAAACTTACTTGCAATCTGAACACTTTTAAATTTGTGTCAAAATACATTCCATTTTATGCAAAGCGTCTGCAAATTGTTTTGGGTTGCATCCAAGTCCTAAGCGAAAACCAAAACCTTTATTAAGCCCACTGAGTTTTTTATTTTGATAAAATTCTTTTTGCTGAAAAGAATAATTGTCAAATTCCATACTTGATAATGGTAAAACAAATATTCCCTCTAATGAAAATTTGTTGATGAGTTGAATGGTTAGTTCGAGTGAGGTTGCATTTTGAAAGCCCAGACAAGAAACAAGCCCTCCATTCGGTGCCATGCCATAAAGAGTTTTTGAATTTTGTAAAAACTCAGATAAAATTTGTTTATTTTGAATCCATTCTTTTTTGACTTCTTGAAACAAAAAGCTTTGCGTATTTTTTAGCACTTCAAATGCAATCCATTCTGAAATTGGATTTACTGTATGAGTGGTGTAATTTTTTTCGTTTTGCATTGCATCAAGAGCCTCTTTAGGACCAATACACCATCCAATGCGAAGGCCAGGGGTGCCAAAGCATTTTATAAATGAACCTGTGACAAACGTAGTGCCATCATTTTGATACAGAGTTGGGGCAAGAACATCATACGGACTCGATAAAAATCTGTAATGTTCGTCTGCAATAATTTTGCAATTAATGCTTTTTGCTGTTTGTTTTACTTGCTGTAAGAACTCAGAATCAAAAATCAATCCAGATGGATTATGAGGATTGTTGATCAAAAGACATTCGGGTTTAGAAGTTGCAATAATTTCTAACCATTCTTGCTCGTCTATCCAGGGTGCGCCGTTTGCGTCAAACCGGACAGGAAGCGGGACAATTTCAGCATCCATCGCAAGTGGAAGTTCGTAAAGTAATTGAAACGCAGGCAATGCTAAGGCCACTTTTTTAGGCCGCAAATTTCTAAATAATAAAAAAAGCGCTTCACTTGTTCCTGTTGTGACCAAAACATTATCAATACTCGCACCTGGATGAAAATTTGCAATGAGTTGCCGCAAATCATTGCGGCCGCGATTCGGGCTATCACATAGAGTGAGAGAAAAAAATTTTTTTGTTCCCTCTTCTGTTGATAGATCTGAGAGAGATAATATTTCTTGCACAGTTCTAGCTCGTCCTCCAGACTCACCAAGATTGAATTGCGCTTGAAAACGATTATTTTCTAAAAAATCTTCCATGAAAAAAGTTTTTAATGGTTTCACTTTGCACCCCCTCGATCTTGACTATACATATAAGCTCAACGCATTATCTTAAAGTAATGTTTTTTTTATTTTTAATAAAGGTGTGCTAGTGAAATTAATAGAGTTTATCATCCCTACTAGAACTTTTTTTATCAAAATTACAGCGTATA
CP146516.1_gap41	1320928	1325254	4326	AAAAAGCAATATCAAATGGTGCCAGAAGTGTGATGTCGCCAGAGGATACATACTGGGGCGATAGAGTGTGTTCTGTGGTTGATTTGGATGGCTATTCATGGTCATTTGCAAAATATCTTAAATCAAAGGCACCAGCAAAAAAGAAGAAAACGACTAAAAAAACAGGAACAAAGAAGACAACTAAAAAATCTCCAGCAAAAAAGAAGAAGACAACTAAAAAAGCCACCAAAAAAACAATAAAAAAGAAGACAAAGTCAAAAAAGAAATAGTTTTAGGCTTGAATATTTTTTCTTAAAAAGTTGTAGCGAGTTTGAAAGACAAGCGCAAGATTTATAGCAAAACTTTTGGAAAATTGCTTAAACCATTCTTGTGCATTAAAATTATTTGGAAAGTTTGGTAAATTTTTAAATGATTTTTTTTCAAAATTATATTTAAACCCACCGTATGTGACTTCTCTGCCCGACTGTGGATCAAAAGTTAATACAATGCATGTGACTTCATTGCATTGGCACTGTGGATTGACACAATAAAGATCGTCCATTGCAAAAACAGTATTGCTCATCATTCTTTCAATATTTCCAGAAAACGGAAATGCCGCCTGGTAAGGAATTAGGGCTGACTTATTTTGCTTTTTAGGAAGTCTTTCTTTCCATTGCTCGTCTGCAAAGTCTGGTATGAATGACACAAAAGGTTGTCTGAGGTGAGACTGTAGGTTACCTTTCATCAGAGTTTCAATGGCATTTTTGAGTTCAGCATATTCTTTATCACTTAAAATTAAAGCATGGCTGTTTTGTGGATTGATATTTCCTGATCCCTCTTCATTTAAAGTCGTGTGAACTTCTCTTGAATCAGCAATTTTGGTAACAGTTTGGTTTGTGATATTGAGTTCGACCGTGATGCCTATAACATTAGATTTTTGGGTGTTTTCCATGTTTGCAAGACTTGCAAGCATTTTGGATTTGAGTTGATTTTTGAAAGGAGTTAATTTTAAAATTAAAGTACAATTTTCTGCAAAATTGAGAGCTTCGTCAACAGATTCAATTTGTTTAGGAAATAGTAAAACTCCTTCTACAGAAAAATATTGCTCATTCCAATAAATACGATTGGCTTCGTTAGCATTAAGATTGAGAGGCATAAAAATAAAGTTTTGCATAAAAAGCTCCATGAAAAAGTTTACACCTGATTCAGGTAACAAATTTAAGTTTTTACTGCAAGTTATAGATAAATGACTCAAACTCAGATTTTCTAGAAAAATTAAGTATTTAATAGGAAAAACTTGCTAATTATATTTTTGTTATTGTTTGCTTTACAAATTTATGCATTAAGATATTTTTATATATAATATGGAGAATATTATTATGTCTTCAATAATGCCATTAATTTTTATTGGGCATGGATCCCCTAAAAATGCTATTTTAGAAAATAATTATGTTAAAAAAATTAAACATTTTGGAAAAACATTGATACAAAATGTAAACACAATTGTTTGTATTTCTGCACATTGGAATACAGAAGGTGTCTGGATAAGTGGAGCAGAAAAATTAAATACAATTTATGATTTTTCTGGATTTCCAGAAGATCTATATAAAATCAAATACGAGCCAAAAGGAAATAAAGAACTCGCATTAAAAATTAAAAATATGCTTTTAGATTATGAAGTTTCAATAGACGAAAAACGAGGAATTGATCATGGCGCCTGGAGCGTTCTTATGCATTTGTATCCAGATGCTAGAATTCCTGTTATTCAATTAAGTTTAAACTTAAATTTTAAGACTGCCGATCATTATAAAATGGCACAATTGCTCAAGCCATTAAGAAATGAAGGCATATTATTTATAGGAAGTGGCAATATTGTTCATTCTTTTTTTTCGTTTAGTCCTGAAGAAAATGCTGCAACTCCTGATTGGGCAAGAGATTTTGATAATAATATTAAAACAGCTCTAAAAAATCGGGATCACAATTCAATAATAAGATATCGAAGAATATTTGGAAAAAATGCAAAAAAATCAGTACCTACTGAAGAGCATTTTTTACCACTTATTTATATTATTGGACTCCAAGAAAAGGAAGAAAATGTGAATTTTATTTATGAAGAATTTCAGAATGCTTCAATGTCAATGCTCAGTTTTATCATACAGTAAACAATATTTAAGCAGGCTTAATTATGAAAATTGTCAGAAAAAGTTCAGAAAGAGGGAGTGCTGAATTTGGTTGGCTGCATGCAAAATACACATTTTCATTTGGTGAATTCTATGACTCTAAAAATATGGGATTTAGAAAACTGCGTGTATTAAATGAAGATAAAGTTGAACCAAGTAAAGGATTTCCAACCCATGGTCATAAAAATATGGAGATTGTAACATATATTTTATCTGGAGTGCTTGAGCATAAAGATAGTATGGAAAATAGTGCGATTATTTCTGCGGGTGAAGTGCAGGTGATGAGCGCAGGAAGTGGTGTTCGGCATAGCGAATTCAATCATTCAGATACGGAAATCGTGCACCTATTACAAATTTGGATTGAATCTGCAGTTATAAATCAAGAGCCAAGTTATCAACAAAAAAGTTTTTTACATTCAAAAGAAAAATTAACCTTAATTGTTTCGCCTAATGGAGAAAGAGAATCCTTAACAATTAAGCAAGATGTAAAAATTTATCAGGGAATGTTATTGGAAAATCAAGATTTTCAGTATAAAATCAAAACAGAAAGGCATGCTTGGATACAAATAGCCAAAGGAAGTCTTTTTATTGATGATTCTTTAGAAGTATTTCAAGGTGACGGTATTGCCATCACAGAAGGTGATATTATTAAATTTTCTACTAAAAATAGTGTTTGTCAATTTTTAATTTTTGATCTTCCCTAGTTTTTAAATTTTAAGGATAATAAATGTATTATTTAGTTTCAAAATGTAAATTTGGAAACATTGCGATAGCATTTGAAAATAATAAGTTAAATGCATTAATTTTTTCTGATTCTGAAGATGATATTTTAAAAAATTTATCTTGTATTATGTCTGAAAATAATTTAATTATTTCTAATAATAAAAATGATATAATATGGTTTCAAGAAATTATTAATTCTATTGAATATCCAACAAATGTTTGCCCTGTTTCTATAAATTTAAATGGAACAGAATTTCAAAAAAAAGTTTGGAATAATTTGATTGAAATTCCATATGGTAAAACAATGAGTTATTCTAAACTAGCAGCTAAAATTGGGAATAAAAATGCGACTAGAGCTGTAGCTAGAGCATGTGCTTCAAATAAAATTGCATATTTTATTCCATGCCACAGAGTGATTGCAAGTAATGGTAAATTGTCTGGATATCGCTGGGGCATTAATACAAAGCAGGCATTATTAAAACACGAGGCTAAAATATTATCTTAATTTTAAAGAATTCCCAAAAAGATTTACATTTTCAACCTTTTTTAAATCAGATTTTGTTTTTTCATGTAAATTACTAATTATATTATTAGATAAGTTCACAAAATATAGATTATTATTATTTGCAAATAAATTTTCTGGAATATTTTTAATTTTATTATTAGCAATTGAAATATTTGTAAGAAGAGGTAAATTTTTAAATGCATTCTCTGGGACGGATTCAATTTCATTTGAATCCATTTCTATGCTTATTAAATTTATTGAATCCATTAAGCCAATTGGATATGTCTTTAGTAAGTTATTTGATAACTCGATGCCCTGTAAATTTTTTAAATTTTTAAATGCATAAGGAGAAATAAAACTGATCTGATTGTTATATAAACTAAGCCAGTCAAGTTTTTCAAGATTTTTAAAAACTTCAGAAGAAATTTCTTTTAGTTGATTGTGCATTAACCAAAGCCAATTTAAATTTACAAGCTTGTCAAGTATACCATTTGTTAATTTTTCTATATTATTATGCCCTAAAATTAAATATTTTAAATTTAAAAATCCAGAAACAGGGCTAATATCTTTAATTGAGCTTGAATTTAAATTTATAGAATAAATTTGCGAAGGATCTTTAATAGTACAATCTTCTGAAATTTTTAATGCTGTGAACTTTGCATCAGATTCCTTTTCTGAAGTACACCAATGTTTAAATGTGTGATTGAATAGTAATTTAAATTCAAATACTTTATCATCATTTGGCTTTAATACTTCATATTCACAATTTACAGCGGAGTTTAGTTCATATTTTGTTGGGATCATTTTAATTTTAGAATTAATAATATTAAATTTTAATTCAGAGCAGACCTTTTTTTGATTAGGTTTAATTACAATTTTTAAGTTTTTATCATTTGATTTGATGTCTATAAAAAAATCAATTAAATCTTGATATGATTC
CP146516.1_gap42	1395445	1397847	2402	ATAATTTTCATTCCACGTCCACCACCGCCGCCGCTTGCTTTCAAAATAACAGGAAAGCCAATTTCTTTTGCTGTGACAATTGCTTCATCTATCGTTTCTATCGCTGTTTTTGAACCTGGTAAAAATGGCAATCCAGCCTTTCGCGCAACTTGACGTGCGGCAACTTTCTCTCCGAGTTGCTTCATTTGCTCTGGTGTTGGGCCTATAAAAGTAAATTTACACTTTTTACAGACCTCTGCAAAATACGCATTTTCTGATAAAAAACCATACCCCGGATGAATGGCATCAGCGCCACTTATTTCTGCAGCTGCAATAATTGCTGGAATATTTAAATAGCTTTTTTTACTTTCTGCAGGACCAATACAAATGCTTTGATCTGCTAATTTTGCATGCAAACTATGAGCATCAGCTTGAGAATATATTGCAACACTTTTGATGCCAAGTTCTCTACATGCTCGTATGATTCTAACAGCAATTTCACCTCTATTCGCAATAAGAATCTTTTTCATAGTATTTGATATCCGCTTATTTTTAATTTTTTATTTACTTGGAGCCACAATAAATAATGGAGAACCAAATTCTACAGGTTTTCCATTTTCTGCGAGAATTGCAACAACTTCGCCATCAATTTCTGACTCAATTTCGTTTAAGAGTTTCATTGCCTCAACAATGCAAAGTGTCTGTCCTTTTTTAATTTTTGCGCCAACATCTACAAATGGATCAGAATCTGGACTGGGTGCTCTATAAAATGTCCCAACAAATGGACTTGTGATTGTTTCACCTTGAGGAGTATTATTTGAAGCATTTTGATTTGCTGTTAAGACTTGATTTTCCTGTCGCACTTCTAATGCGGCATTCGAATTTGTTTTTATTTCAGGAGTAGGAGTATTATTTTGAGAGTTTTGTGGTTGAAATACTGTTGTTTGCGAAACATTTCGAGCAAGATTTATTTTCTCTTCTGAAGACTCCGCCTGTATCACATCAAAACCATGTGTTGCCATTAAAGCCATTAATTTTTCTATTTTAGCCACATCAACCATTCTTGTAGTTCCTCTAAATTTATTCCTTCCGAGTCAAACAAAACGGAAGAAGTCGTATGTTTCTATTGATATATTTAAAAAAATACTTTTAAAGTACAACGTCAATAACAATATATAGATTTCCATAATTCTTTACGTAAAGTCAATAGCTTGAAAACTGTACTTAAGTTTACTCCAAAAAAAACTGGATACTGCGAAAATCACAAGTACCCAGCTATTTAAAATAAAACCAATTATTTTCGGTTTACTCTATCTACATAGACACCTTCTCGTGTATCAATTCTTAAAATGTCCCCTTCGTGAATATGAAAAGGCACATTTACGACAAGACCCGTTTCAAGCTTAGCAGGCTTGGTGCCCCCTGTTGCCGTATCCCCTCTGACTCCTAGAGTTGTTTCAACAACTTTAAGTTCAACAAAAGTATCTGTTTCAACACCAATTGGTTTGCCGTTAAAAAATACAACTTTAATCACAGAGTTTTCAATTAAATAATTTTTTGTATCAGCAACCTCTGCATTTGAAAGGGAAATTTGCTCAAAATTTGCTGTATCCATGAAATGATAACCCTCTGTATCATTGTAGAGAAACTGCATATTTCTCTCTTCAACATCAGGCTTTTCAAGTTTGTCGCCACTTTTAATGTTTTGCTCAACAACTTGACCAGTTCTTAAGTTTTTTACTTTTGTGCGGGTAAATGCTGCACCTTTTCCAGGACTAACGTGTTGAAAATCAACTATTATCCAGGGATCATTATTGATAAGAACTTTTAGCCCCCTGCGAAATTCGCGGGTATCATACATACTACTCATAAAGCAAACTCCTTTTCATGCGACCTTGGACGTATCATCTCCTCAGTAAAATTGCAACGAAAGAATAGGAAGCCTGCCTTGAAAGGAAATAAAGGAAAGGTTATTCACATAAGGTTAACTTGTATTTGTTTTCATTTAAGCCATAGCATTTTACATACGACTGACTTATCGCATCACAAAACCCTGCATAGACTTTACGATAGTTCTCACACAGCTTTTTTGCATCGGTGCCATAAAAGCTTGCAATACGATCTTTTCTTAACATTTCTGGCACATCAACAATCAAATCGACAGATTTCTCATTTGTGCACGAAAAAGTACTGACAAAAGCCAACGCGTGCATCGCAAATAGTTTAAATTTTTTTTTTGTCACCATACTTTTATCCTTATTTTTTTTCTCTTATTTTAAAATACCTCCTTTAACGCTTACGATCAATCAATACTGACAGATTACCATTCTAATCCAAAACCTGTTTGATATTCCGTCACACGGGTTTCAAAAAAGTTTTTCTCTTTTGGCAGATCCATAATTTCATTCATCCATGGAAATGGA
CP146516.1_gap43	1425501	1427775	2274	CTTTGGGATTTCTTGCGGCAAAAAAGAAAATGCAAGTGTGATATCAGAGTCAACAGGAACTTCTGAGTCTGTTGAACTCACTGTTGCACCTACCCCAGAAGCTCCGCCTGCTCCAGAAACTCCTGTAGCTGCAGTAGCTCCAGAAACTCCTGTAGTTGCAGAGGTTGTAGAAGTTAAGGCCAAACCTAACCCGCCTGACCTAGTTAGTATAGAAAATGACGCAATATACAAAACGCAATTACTTTCTGCATACCGTACAATTATTGAAGTTAATAACAATCTTAATCTCCCATTTTTAAATGATATTGTTACAAAATTTAACCAGGAAGACAAAATACATTATGATAACGCTAAAAGAAACTTAGATAGAGGAACATTTAATCAAACCAGAATTAATATAATTAACTCTACAAGTAATCTTTATCAATTACTTGTAACTCCAAATACGACAATAACATACCAAGATCTCTACTATAAACTTAGTAAGCTCACTGAAGAAATTAAAGGTCTAAAAACTATTACTGATAACTTTATTGAGCGATTAAATATGGCACCAATGACGAAAAAAGCAAAAAATGATATTATCAAAGGAACTAATGCAGATCCAAATAAAGGATTTATTGGGTTTCAAAAAATTAACGAAAAATACAATGGTATAAAATTTAATAAAAAGACGATAAATAATGAAGAAATAATTGATACTGATTGGATTACAGAAAAAAATAGTGGTTACACTCCGCCCTCTGCAGTGGCAGAGGAGGCACCAAAAGACCCATCTCTTGTTACGTTGACGCATGACAAAAGATATAAAGAGCAATTACTTACTAAATATCGTAAATTCCTTGAGATAGATTTTAACCTTAAATCACCATTTTATAATGATATTGTAAAAGGCATTAATACTGTTGAAAAAGGTTATTATGATAATTCTATGTCTCAAACATTAGTAGCACGTTTATTTGATCAAAAACGAATTGATATTATCAATTCAACAAGTACACTTCATAAATTATTAGTAACCCCTAACACCAACAAGACATATCGAGAAATTTATTTTAAACTTAGTAAGATACTTTATGAAATAAACGAATTAAAAATATCAGTTGATAGTTTTAATAGACCGATACAAAATTCAATGCCTAGTCAATTATCTCAAAGTTCTAAAAACTCTATTTTAAGTGGTACAAATTCAGACTTTACAAAAGGGTTTATTGGTTTTCTTAAAATATATGAAATTTACAATGCCATGGCATTCTTAAAAACAAATTCAGAGGAAATTACTCCTTTTGATTGGCAAAAAGAAGAACAAAATGGTTACTCTCCAAATTAAAAAGTAACCATAAAATTATAAAATTCTTTTAGCTGCTCCCAAATTGTTAACGAATTTTCGGTAGCCGTAATTTTTAAACCAAGATAAACAGCCAATACAACCAAACTCCAAAAGATAAAAAAATGAAAATATTTTTTTATAAAACGAACAATTGTATTTTTACGATTGTTTTCAAATTCAATTTTTAATATATTTTGTAAATTATTCCATCCGTTAATATAATTTTCAAAAGCTTTTCGCTCTAAAGTTAAAAAGTAATGTTGCGTTGCCTTAGCATCCAGAGCTGCCAACTCATTGGCAGCACAATTGTCTAACAGCCATTGAGCTCGGCGACTTTTAATTTCTTCGAGAGCACAATAAACAAATCGTTTTTTAAAGTATGAGTAAGAAAAAAATAAGAAAAATCGGCTAAAAGAATATTTTGTAGTACGAGCCAGGATTATTTTAAAAATAAAGTTAAAAGACCCTGAAATTTCTGGAGAACCAGAAGGGATATTCAGAAAGAGAGCAAGCTTAAAGTAAGCATTTGTACTCATATCAAGCGAATCAATTTCGGTTCCTATTGCATCGAGCAAAACCAATTCTTGACTGATGCGGCTTCTTTTACTATAAGTACTTGAAGATGTGTTCACAAAAGGTCTATCTCGCTAAAATTTCCTAACCCACTGACTTCTGGCAAATACTCCAAATCGTTCTTAGGAACAAGTACTTGACGTTCAGCACCTTTAACATAAGCCAAAAACCGTGGACATTCTTTATGTGAATTTTCTTTAAACGGTGCAAATGCACACAACGCTCCACAAGCAGATTTAACCCCACACACATCGCTAAGAACTATTTTTCCATGTGTATCAACCACCCCTTGCTTAACATGATATGGACATCTGCTCTCTTTCATTTTGAACTCCATAACAAAACAACAAATTTAAGAGACAAAACAAACG
CP146516.1_gap44	1442183	1442864	681	GCTTCGCAAATTATGCAATCTGAAACCGCTATTGTTATTGGAGAAAGTATTTTTCAACTCATTCATTTAAATGCAGGAATTCAATATCAGTTTAACCCTAAAATTTATGGAAAATTTGATATTAACTATGGAGATGAACTGGTATTTAGAGCTATCGATTTTGAAACAATCATGCTCGAAAAAATTCCAACAACTAAATTTAAATTACTTGGTGGTTACAAATTATTTGAAAATCAATATTTTAATATCTATGGAGAGTTTGGATTTTCCTTACACAAACCGTTTGAAAATGAAGTTTACAAAGCAAACTTTGGTAAAGGTTATGAGTTTGCGGTCACTGCAAATCATCAAAATGAAGATTGGGAATTTCAATCCCGCTTATATTTTTCGCGATATTGGACAGTGATCAAACCGATTAATTTTAACTACACAGAAGTTGGCATTTCTTTTACGCTTGCAACAGACTTACCCAATTAAAAATCTTGGATATAAATATCTTCTGCACTTTGAATTCCAAATGGAGTTGGGTTTGTTTGAGTTGTTGCGCATGCGCCAAGAGATCCTGTTAAATTATTAATTTGACAAATAACCAAATAAGGGTTGTAAGGACCTGTAGCACCTATTTTTATATTGGTGATATAAATTCTCGCCACATTATCTAAACTCTTTGAAATAAAAAGA
CP146516.1_gap45	1445947	1448448	2501	TGTGGTGGAAAACTGTGTGACCACAAGAACATCAGAAGAAATGATAGGACGTCCACTCGGTGCTCCATTTTTTGCTCGCACTGCAAAATAATAACGTTGATTTTCTGATAATCCATTGACCACACATTGATTTGTTGCTGATGGCAACGCAGAACTCAACACGGGTGTGCAACTGATCAAGGCGCCACTCGCAATGGCATTTGCCGTGCTTGACTGAAAAACGTCATAGTCTATTTTCTCGGTGCCAACATCAAACGTCCACGTTAATGTGACACTTTGCGCAGACAACGTTCCTGCTTTGACTGCAACAGCAAAAGTGCTTGCTGCATTGAATTGCGTGACACCACTCACAACAGAAGATGGTGTTGAGGTTTTGGCACTCACACCATTAATTGGATTGGTATTTGCAACGGCTCTATAATAATAAATTTTATTTTCAGAAACTGCGGGGCTATTTTCGTCTTTGCAGTTTAACACAGCCTGCGCGCTTGAAGTAACAGGAATTGCGCACACTTCAACAACACCCGAATCTGTGACATTGAACGTCGCGCTTGCTCCTCGATAAATTTTATAAATCAACGGAACAGAAATATAATCATTGCTAAATTCTAAAGAAACAGAGTTGTAGTCTGTTTGACTCACTTTAAAATTATTTGGAGAAATGGGCACAGTGACATCAAGTTTTTCTTCCGTTGCCCCTACGGATCCATTGTCAGCATTTTGTGCAGACACATAAAAGTAATACAACACCCCAGAATTTAAACCAGTTATGGTATAAGATTCTGTTGCGGCACCTGTGGAATTGACGATTGTCTCACTGGTATACACACCGCTTTGCGTGCCAAAACTGACTTTGTATTTTGTGGCTCCCACTGATTTTTGCCACGTTAATGTGGCACTCGATGTCGTTGTCGTCACCGAGTTGATGGCAAAATTCCCCACAGGAGTTCCTGACACTTCGGAAGATTGAAAATTCCCCCCTATAGGACGCGTGACAAATAATGAAAAATAATATTTTTGCCCATTGGTTAAGCCAGTCACATCGCATGTTGCTGTGAGTCCGGCATTGCACCCTAATGTTTTGCCCGATGTTAATGAACCACCTGCAGTGGTTGCGTAATAAACTGTATAATTGGTAATGTTGGGATCGGCGACCAAACTCCATTGAATGGTTGCCTTGCTGTTGGCAGCAATAACCTGAATGTCATTCACCTGAATGGGAGTCACAAACACTTCATTTGATTTTCTTTTTGCCACACCATTTGTTGTCGTATTTTGTGCTAAAACAGAATAATAAACCGTTTGCCCCAGGGTTCCCACAGGAAAAGTACAAGGAGAAGACGTACAGCTTGGTACAAGTACGCCACCCGTGGTGGGATTGGAGTTTCCTGCAACCGTCGACGTATACACTTCAAACGTCGCAGCCCCTGCAGGAGTTACCCAAGATAATGTGATTGTTGTTGCCGTCGACGATAGTGTTGGATTAGGAAACACCGCAATGGGAGTCACTGTTGCTGTTGCAGATGGTTGGGAAGAACTCGCACCAGCGAGATTTGCAATCACGCGATACACATAAGAGGTGACCCCATCTACCACACCAAGAAAATCTGTCACCGTCAAACTACTTGCTGTTACGGCAGAATAACCAGGAACGTCACTAAAAGTACCACCAACTGCTAATTTTCTTTGCACGGTGTATGTGATTGCCGAGGGATTGGCCACTCCTGTCACTGGAGAAAGAGTGAGTGTCACGACAGCACCGACTGCAACAGCAGTCGGTGCGGGAGGAGCTGGGGGCGTTGTTGTGATTGTAATGGGATCAGACACTGTTTGATTGACTGTATTATTGGCAACTAAAACATAATAATAAATATTTCCAGGACTTAACGCATTGTCCGTGCAGGTATTTGCTGAAGGATTTGTACAAACCGCAGCGCCAGAAGTGCTGACAGGCAACGATGTAGAGCGATAAACAGAATAGGTCACATTCCAATTACCTTTGATATTTTCCCACTGCAATGTGGCATCGCTCGTTGTTGTGTTGATTGTCGTTAAAATTGGCTTTTCCGATATTTGCGTTGTTTGCTGCAAATTGCTGACACTGCTTCTTTCTGAGGCGGTTAAAGAATTGTTATTTGCTTTTAATAAATAATAATATTTTGTATTTTGCTTCAAACCTGTGTCGTTATAGCTTGTGCTTGATGAGGGGGTATTTATTGGACCCACCCAATCGCTTCCATTCCCTGTTTCAGAACGATACAGCTTAAAGGTCACCGTTGCACCCAAGACTGGATACGCATTCCAATTGATTGTCATTGACGTTGCCGTAATGCTAGACGTTGCTGCAAACGTTGGGTTTGCAAGCAAATCCGTAATCACCTCATACGCGCTCGAGCTCAATTCTGTCGCACCAGGTGCGTTGTTTGTGATCGTAATTTTATAAAAATATTTTGTATTTGGAGTCAAACCCGAATCGGTGTAAGTGAGTGCAGTCGGCGACG
CP146516.1_gap46	1465165	1468904	3739	GATGTTTTATGAAAAAAACATTTTTTAAAAAAGTTAAATGGATCTTAACTTTGGGCGTTGTTACAGCATTTTCTAGTAGTTATGCTTTAACACAAGAAGAAATTCAAAAAGGACTTAAAGAAAGTTACAATAGTTTTAAAAAACTCAACACAGGAAAAAATGCAAGCTATATTCCAGATTTAGCAAAAGTTAACCCTGCTCTGTTTGGAATTGTAATTATGACTATAGATGGCAAAATGTACCATATTGGGGATGCCGACGCTCCATTTTCTATTCAATCGATCTCTAAACCACTCGTTTATGGATTGGCTTTAAAAGACAATGGGAGAAGCGTTAATCTTAAGTTAGGGCTCAATGCCACAGGGCAAAAATTTAACTCAATTCATGCAATCGAGACCACACCTAGCCACGTTCAAAATCCTATGGTGAATGCCGGTGCAATTCAAGCAACAAGCTTTATCAAAGGAAAAACAAGTGCTGAAAAATGGGATAGAGTTCTCGGGTTTGTTCGTGATCTCAGCGACGGCAAACCTTATTTTGGTGAAGCTGTTTATCGATCAGAGACATCGACCAATAAACGAAATCAAGCCATTTCTGGGCTTCTTAACTCTTATGGTATGATGGCCAGCGATCCTAATGATGCCCTAGAGCGTTACACAAAAGCATGCTCAATTATGATTAATACAAAACAACTTGCTCTCATTGGGGCTACTCTTGCTAACAAAGGAGTTAACCCAATTACAAAGAAAAGCATACTACCAGCAGAATACGTAAATGACGTGATTGCTGAAATGGCAGTCAATGGTTTGTATGAAACAAGCGGTGAATGGTGGGTTAACGTTGGTGTTCCTTCTAAAAGTGGTGTTGGTGGGGGAATTCTTGCCGTTATCCCAAATAAATTTGCGATTGCAGTTTTTTCACCACCGCTTGATGACGCTGGGAATAGCGTAAGGGCTCAAAAAGTGATAGAATATCTTTCAAAAGCTTGGAAACTCCACTTTTTGGAATTAAAGTAGAAAGTGTATTCCTAACTACTAAAAATGGGTCGAGGTTTTTAGATGCTTAAAAAACTCAGTATTAAGAAAAAAATGGTTTATTGGAATATTCTAACAATTATCATTTTTATATTGGTACTGTTGTTTTTATGCATCGACGCCCTCGACCGTCTTATGCTAGAAAAACAAAGTAAAATTAGATCACTTACAGAAACAGCAACAACAATTGTACAAAAGTATATAAAACTTGAAAAAGACGGCGAAATGACTCGTGAAGAAGCGATGGAAGCCGCAGCAGAAAACATCGAAGCGATGAGATACGACGATGGAAATTATCTATTTATTGACGATTACGATCAACGACAAATTGTAAATCCTACCCGTCCAGAAAACAAAGGAAAACTGCAAGAAACAGCACCAGATATGCTGGCAAAGCTGCATGACATGATGGCAAAAAGCAGTCCTGGCGATTATTTTTATTACAAAGCCAAAAAACCTGGAACAGATGTATTTCTCCCAAAAGTCTCTTTTACCAAACCTATCACGGAATGGAAGTGGTATGTTGGAACTGGAATCTACATGGATGATGTGGAGGCACAAAAATATAAGTATATTATTGAGCTGTCTATAATCTGTGCATTAATTTTTGTCTTTTTATCAGTTATCTCCTCTTTATTTTCTGCGTCGATTACCGTTCCCTTAGCAAAACTCGCGGCGTCTCTTCTCAATTCTTCAAATGAAATGGAACAAAAATCAATTAACCTCACAAAAATGAGTGAAGATGTTGGCAATTCTTCAAAAGCACAAGCAGATTCTATTCAAGAAACTGCTGCGGCAATTGCCGAAGTGACAAGCATGATTGCAAGAACGTCTAAACTCACTGAGCAATCCGATCAATTGGCACACGTTATTGCCGAAGGAACCGAAAGCGGCGGGCAAGCAGTGCAAAGAATGGTCTCGTCTATGGAAGCCATTCAGGAATCAAGCCAACGGCTTTCTGATATTGAAACCATTATTAAACAAATCGAAAGCAAAACAATGGTTATCAATGAAATTGTGTCAAAAACAGAATTGCTTTCATTGAATGCCTCAATCGAAGCGGCACGAGCAGGGGAATATGGCAAAGGCTTTGCAGTGGTTGCAGAAGAAGTGGGCAATCTTGCAAACACAAGCGGTAAATCTTCTAACGAAATTAGAGAACTCCTAGAAAAAAGTCGCGTGAGCGTTCAAGATGTGATTCAGCTTACTGTGCAAAGGGTTGCAGAAGGTCAAGAAAAAACCAAAACTGTTGCAACAACTTTTGAAAAAATCACAGTTGATGTCAACAACATCAATACCCAAATGCAACAAATTACTGAAGCCACAAAAGAACAAGAAATTGGCGTCAAGCAAATTGCATCAGCAATGGCAAGAATTGACTCATCTGCAATAAATAACTTATCAAATGCAGAAAAATCTGTTAAAGCTGCCTCTGAGGTTTTAGAAATTAGTAAAGTACTTAAAGATATTTCTAAACAAACCGAAAATATAATCTTTGGTGAGTCAAATTAAGATTTTTTAAATTTAAATAAGTCTTTTTAAGGAATTTGATGAGGAAATTATGCCTTCAAATCATTGTCAAGACATTATAAAAATTTTTTCTGAGTATTCCTTAAAACCAGAATTTAAACACGAACGACAAATAGCCAGAGAACTTTTTTCAATTTCAACAGGAAAAGTGAATGACGATGATCCGTTTTTTGAACAACGCATGTCATCGTTTCAAGAGTTTTTTATTTTTGAATATCGACTCTCTGAAGGATTTTCTGGTGCAACTGTTTTTGAAACTTTTCTTTACAATGGTCAAACCTGCTATTCACTTCAAGATATTGGAAAATTTGAACAATTTAGAAACTTTCGACATTCTTTGTTTCAGGTTGAAGCACATAAAAACGACTGCTTAATTGTGAAAGACTTAATCGCAAACCGTATTGATACAGTTTATCCATTACCGGAATACTCTTTTGCAGGATTTGATATCAAACAAATTTTTGATGGACGATTAATTAATTATGAAGGAAAAAATTATTTTACAAAAACTTTTATTTTGCATTCCAAACTTGTGCGGCATATTATCGAAAAAAATATTCACGAATTTTTAAGAGGCAATAACTTTTGCCAAGCGGAAAATAAAATAGACTGGAGAGATGAATTAGGCAGAAGGAATAGCTTGCTTTCATCAGTAACAAATAAAAAATTAGAAATTCAAAATGCTGGGAGAAAAAGATCTATAGAACTTTTAAATGTCACTAAAAAACTAGCAGAAATGCCTAGAGTCATCAGCTCGCGAAATTTAATTATGTCGTTAGGAATGCAATTAGAAGCTTCGCCGTTTGTCCCTGAAACACCTTTTTATGACTTACTCCCCCTGCTTCATGGACTGGCCTATTGCGAAATTAGAAGTTATCGCTACAAACACATTGATCCAATTAAAGTCTATGAAATGGGTACAGATAGATTTTTGGACATTCCTGGTATACCTAAAGTTACAAAACAATACGAAGAATCTGATATAGAAAACTTTAATATTAAGCCTGCTTAAAATAAATATGAGTGATTTCAGACTCTGCACCAAGTCGCGCAGGCGGCCCCCAATAACCCGTCCCACGACTGACATAAACCTGCATATTTTCATATTGTGTTAAACCTGGTTTAAAATATTGAATCAAATTTACAAGCCATGTGCCAGGCCACATTTGTCCTCC
CP146516.1_gap47	1596458	1600604	4146	AGCCAAGCGAATTGCTGTAGGGTATGCATCATTTGTAGACTGGCCAAGATTAACGTGATTATTTGGATGAATAAATTGGTATTCGCCGCGATTTTTGCCCCATAGCTCTAATGCACGGTTTGCAATCACTTCATTTGCATTCATATTGGTAGACGTTCCGGCTCCACCTTGAATCATGTCGACTAAAAATTGATCATGCCAATGCCCAGCAATGATTTCATCACAAGCCATCACAATATAATCAGATATTTCTTTGTTTAATACGCCCAATTCACTGTTTGCCAATGCAGCCGCTTTTTTAACTTGCGCCAGTGCTCTAATAAACATTGGAAAATCACGCAAAACAACACCCGTTATTGAAAAATTTTCGAGAGCGCGCAGGGTTTGAACACCGTAATAGGCTTCATTGGGAACCTCTCTATCGCCTAGGAGATCATGCTCAAGTCTGTTTTTACCAGAGTCGTAGCCCGTATAATGCACACTTGTATGTCCACCTGCTCCACGAGATAACTTACCAAAAACAAAAGAACCAATATTCATTTGAATTTTGCAAGAAATTTCTTGATGCTCGCGCATAAGTTTTAAAAAATTTTGCCGAGTGAAAATTGCCATTTCAACCGATGTGAGAGCTACAGCTTTTGCTTTGTGCAGAGTACCTTCTTTAAGTAAAGAAGCTTCTCCAACAAATTGACCAGGGCCATAAATTGTGGTGGGCTCTTCAAATTCAAAGGTTTCTGCAGAAACTTCAATGCGCCCTTTGAGAATTAGACGAAGCTTATCACGAACAAGTCCTGGTGAATAGAGAACATCTCCCTTAGAGTAGGTGACATTTTCTAAATAAGGAACAAGGGTCTTCATTTCATGTTCAGACAAGTTAGAAAAAACAGAGAATTGTGGAAAAGAAGCGAGATCCATGACAATAATTCCTCCAGATATGGACTTCTTTGTGTGTTACACCTAATTTACTTCGGTGACAATGAGAGTGTATTTGGAAAGCAACTGCAAACACATGGCTTTAACAAAAACTTCTTACGAGGATAAACTTATTTGATTTTTAAAGAAGATAAAATATTTTATTTAAATTGGGTTTATTTAAAAAATTCAAACAAAATATTTATAATAATATTAATTTCAGCTGCTTGTCATGCAATTTGCTTTTTTCTTTTTATATACTTTTTTGGAGTCGTAAACTTAAACAATAAAAGCACGATGACATCTAAAAATAAAGACCCAGTTCACATTCAGTTGCAGCCTTCTCGCTCCCTTGCAAACTCAGGCCAACTCAACAAAAAAAGCGCCCCCAAAGACACACACATACCACAAAACCGAACAGGAGGGGTTTTAACGGACCTTAATCCCAACTCTCAAAGCAGCGTATTAATTCCAGAATCTCTTTTTTCGCCTTCCCAAAAACCAGAACGCGATCCTTTATTATTAGATCAACACCCTCAAAAAACAACAAACAAAAAAATTGTCTCTATTCCAAAATCATCACAAAAAAAAGAAGTCCATGGCATAGAAGACTTTCTCCCTTCTAGTAGTCCTTCCTACATTGACAAGCTACGTAAAGAATCCTTAAAACATCCACAAATTGTAGGTGACAGTGGAGACGTTCCTATAGTCGGCGATGACCTTGCACCAAGAATGACACCAAAGATTTCTAATCGATATTCTGTAAAAGATCTGCGGCTATTTCAGTTCAGTTTAGAATTTAAGGAACGATTTAGTGGAATCTGGAATGCAAAAGAGAGATGGTTACCTCCAACTACTGTGTTAAGACCGGGAGATGTGGTGTACTATAAACTTTATATTCAAGGAGATGGAACCCTTAAAAAATTTGAAAATTTATCACACAAAAGAGCACCTCTGATAGATTTCACTCCAGTTGATAAAATGATTGAGGAAGTGATCACAAAAGTTTTTCCAATGAATGTTCCTCCGCATTTTACACATAATATGTTTACAGAGGTTGTCGCCATTCAGGTAGTAGGCACAAATCGTACTATTCAGTATTCTTTTCAATAGAAAAGAAATTAGGTAATTTTGATAGAATCGACGTTCTCAAAATGATACCTTTCTTATATATCATTAATGAAACTTTGAATGTACTTTAAACTGTTCATTCTCTCCATTTCCCCCAAGGGAGGATTCATGTTCGACTGGTTTTTTAGGCTTCTTTCACACGATTTGGCTATTGATTTAGGAACTGCTAACACGTTGGTCTATGTTAAAAACAGAGGAATTGTCGCCAATGAACCTTCAGTCGTTGCCGTTCAAAGGGACTCTCGGGGATTGCGTACTGTAAAAGCTGTGGGAAGGGCTGCAAAAGAAATGCTTGGCAGAACTCCTGGTACAATTGAAGCTGTCCGTCCTATGAAAGACGGTGTGATTGCTGATTTTGAGCTTACAGAAAAAATGCTGAGTTATTTTATCGGAGTTGCACACAATCACCGTTCTTTAGTGCGACCACGCGCTGTGATTTGTATTCCATATGGCATCACAGAAGTAGAAAAACGGGCTGTACGGGAGTCTGCGGAGTCTGCAGGATGCTCTTCTGTTTACCTTATCGAAGAACCTATGGCAGCCTCTATTGGTGCCGATCTTCCTATTCATGAGGCAAGCGGCAACATGATTGTGGATATTGGTGGCGGCACAACCGAAGTTGCTGTCATTTCGCTACTTGGTATTGTGTATTCAAAAAGCGTTCGTGTAGGCGGCGATAAAATGGATGAATCCATTGTCAACTATCTCAAACGCCGCTTCAATGTACTCATCGGCGAACGCACCGCAGAGCAAATTAAAATTGCCATTGGCTCGGCGTATCCAGAAGAAGAAATTCGCACCATGCAAGTAAAAGGGCGAGATCTTGTGGCGGGTATTCCTAAAACCATCGAAGTCACGAGCGAAGAAATTCGTGAAGCAATGCAAGAACCTGTCAATGCTATTGTCGAAGCAGTGCGTTTAGCGCTCGAAAAAACGCCACCAGAGCTGGCTGCAGATATTGTTGACAAAGGAATTGTGCTCGTAGGAGGAGGGGCATTGATTCGTAACCTCGACGTATTGTTGCGCGAAGAAACAGGCTTGCCAATTGTGGTAGCCGAAAACCCATTGACTGCTGTAGTATTAGGATCAGGCAGGGTTTTGGATAATCCCGAATTATTAAGAGAAGTGACTTTCTAACTCAAAAAACTTTATAAATGTAAAATAACTTTAAATTAAAATTGGGGTTGCCTCTTTCTAAATTCTTAATATACTAACTATAGTTTAGTGATTGGTTTATCTCTTTTTCGTTATATATCAATTATTTATCGTAAATCATAAAAAACCTATTAATGCCAATTAATAGTTGAGAAAAATCAATTAGAATTTGAATAAGTAGTTAAACAGGCAGGCAGAAAATCGTCCGAAAACATGGACGATAAGGCCTTTAGTCGATCGAACTTTTGATGCGATTTGAATACCGCTGGATTCAATTAACCAGTTAAAAAGGATTTCAATGGACTGCCGAATAGAGCTAACAGATTTAGAATAAACTTTCTCATCACTAGAAAGAGTTTTTTTATTCCGAGAGAGTTTAATTGGTGTGTGTAATTTAGAGTTTATTTGATTCAAGTTTTTTTTAGTTGATTTGTCACAGTAAGCACGATCGGCAAAGATTTGCGAATGTTTGAAGTTTAAAAGATCATTCTTAACAGCAGTTAAGTCGTGAGTTGCGGCGGGTGTGATTTTAAAATCAATAGGTGCGGCAAGTTTTTTATTTTGAAACAAAGCAGCGAGATGAAGTTTTAACCCATAGTAAAATTTATCTTTTGAAGAGCAATAGCCAATAGCAGAAATATCGTTTGCAGTATTGCACTTGTGCGCCCGAAAACCAGTTGTGAGTATAATAGGTAAAGAGTCAATAAGAATAAAAGGTTTGGATTTTGTTTTAGGGATTTTAAATTTATTATTTTTTAAAATAAAGTTTGCAAGTTCAGGAAAGAGTTTACTTAAGCTATTAAGTCTTGACAAAAATCCTTCATAAGAAGGCAAGTGAGGAAACCAGTTTGGAATAAAATTTTTAGTGAAGTTAAAAATAGCTTTTATATTTTTTTGTTTCATTAAAACTCCAAAGATGTAAATAGTGGTGACTTCTTGGTCTGTGAA
CP146516.1_gap48	1622885	1627359	4474	AAAACAGCGGCGCTTATCTGTTTTATGTTGGAACTACTATTCTTTCATTGCAATACCTACGTCTTCGTAAGAAACTAAAGTCGAAGGTTGTTTTTCTCGTTGGTATATTATGGATTGCAACTTTTAATTCAACAGTAGGTTTCTTGGGAAATTTGGGCACAGATTCGCTCCATGAAGCTAAGTCCTTTGACATGAAAGAAGCACTGTTTTGGCTTCAAACATTCTTAGCACAATTCAAACTCTCACTGCCTTTCAAAACATTTATTCAATACAGTGCAATTGCATTTGGAATTTACTTTTTAGTAAGAATACTCTTCTTTTTGTTTCGGGTTGAGGAAAAACATGACTCATACCTAAAGTTTTCGCTCGGAGGTATTTTTATCCTTGTCGCTCTAAATCAAAGTGTTTGGGGTACAGTTATCTTGTATTCTAAAAATACGCAAGCATTTGAGAATGTTGCAAATAATTTTATAAATCCGGTTCCGCCAGTAAATGCAAGTCCTAAACTGAGCGTTTTGCTCTATATTGGTGAGTCGACATCGATAATGAATATGGTTTTGTATGGTTATCCAAGAAAAACAACACCGCTCCTTAGTCAATTAGAAAATAAACTGAAGGGCTTTATTAAATTTGATAATGTCATTTCAACACATTCACATACAAGCACCTCTCTTTTGGAGGCACTATCGATAAGCGTTGTGGATAGTGAAAATTCTCTGCCAATCGAGCAAAGACGTCGAATTTCTATGGTCGACATTCTAAACAAAGCTGACATAACGACAGAGCTATTTAGCAATCAAGGTGCATCTGGCACTTGGAATCAGGCTAGCTCCATAATTTTTAAAAATGCAAAAAGAACCTTTTCAACCGCCAATAATCTTCTAGGAAACGCAGATGACAGAATTAAGAAACCTTGGGATCACGACTTTTTTAACGAAAACTTTACCCAAGACAAACTCGATTCAAATTCTCATTCATTAATCGTTTTTCATTCGTATGCAGGTCATGGAGGCTACTTAGCCAATATTCCTAAAGAATTTCGCAATCCTGTAGATGATTATTTCAAGGGAAAAAACACCGCTGCAATATCTGGACAAGTTGATTCATTGAAGTCAGTAGAGCCATATGACTCAGCAATTCGTTACATCGACTATTCCGTGTCAAATGCTCTGGAATTGGTTAAAAATTCAGACAAACCGTGGGTTTTTATATATGTTGCCGATCATGGCGATGCTGCTTTTCTGAATCGAGGACATGATTCCTCACGTTTTATTCATGAGATGGTTAGGGTTCCATTCGTAATGTACTTTAATGCAGCTGCGAAAAATGCAGCTCCAGAAATGTTTAAGGAATACTCTGATCTTTCCAAAAAGAAAAACATTTCAACATTGGCTCAGTTGCCTGCTACACTATTTAATTTGCTCGGTGTCACTATTTCTACTGACATAACTCCAGTTATTGGCGCACCGATAACACCTGCACCTATTGTAGTGAGAGGAATAAATGAGGGCATGGCAGCAGTAAAGCTATCTGCACACCCGCTCATGGATTCGTTAATTGATAAAACGGATAGTGCGACAGCTCATTTCGTTGCAAGCAGGATCTATGAACCCGATGGATCTTTGATTTGTTATCAGAGCACCAACACAATTGCGAAAGCTTTGCGAGGAAGCCTTGTGACTAATTGTTTGGAGATGGAAATAATGGTTGAGGAGGGTGACAAAGTTGCTTGTGCATCAACCTCATGCAGAGAATACAGGCCTAATGCTTGAGGATGTGTTGTCTGCGGTTAAGGCGAGAAGTAATCTCTCGTTTTGGCTTGACGGCAAAAACTTATCATCGAGTAAAAATTGTAACGGACTGCTGTCTTTCTTAAAGATACATAAACTTCCTGAATCAAATATTTTAATTGAGTTTCCGTTTGGCTCTCATGTTGCAAAAGCAGAAATTGGCGACTGTGTAAACGAATTAAAAACAATGGGGTCAGTTTATACCTCATACAATGTGCCTACTGAAGATGCTCTAAATTGCTCAAAAGCTCTAATGGATGGGAAAATCTTTACGAGTGAGTCTTCATGCCGTGCGCTTGAAGATGATCTGACCGCTGCGCAACAATCAAATTTGTTTACTGACATTAGCTTTGATTATGGGGGCGTCAAAGTGATAGAGGCTCTTAGTGTTGCTTCTCATTTTAGGTGGAACACGTGGCAGGTGAAAGCTTCAGAGCTTGAGTCAATAAAGCCGTCTCGTTTTCATATGGTGATTTTAACAAACGACGACCCAAATAGTATGTAAAAATTAATGAAACAAAAATTTTACGTACATTGAAATTATAAAACTAAACACTGATGATATCAAATACAAATTACAAGCATTAGCCCACAAGAACATCATACAATGATGCAAGTTTATATTTTCTGGCTTTATTTGAGTCATCAACAATTTCTAAAAAACCACATTCAACCCATTTTTTACAAAGAGCCGCATTTGTTCGCGGCTGAAACCCAAATAAATTTCCTATTTGTTTAGAATTGATAACATTAAATTCTTTAACTTTTCGTTGCTTTGGATCCAATGCACGCAATAATTCAAAATGATCTTTTTCTCCTTTTTTATGACTAACAGCCATTTGAGTAACAACCTTCTTAAAAGCAAAAGCCATGCCCTCAATAAAATATTCGATCCAATCTGTAATATCGCTTTCAGCTCTTCCAAAATAATAATTATGCGATGATCCAATGCTGATGGCTCTATAATAGCCAAGTAGATTTTTAGCGTAATATTCTTCAAGAGAATACAGCCCTTTTAAATCATATCCGCCAAGATGGAGAATCAAGGTTGTCAGCAACCTGCTTGTTCGTCCATTGCCATCATAATAAGGATGGATTGTTGCAAATTGGTAATGAGCAATACCAGCAACAATGGGGCATGGTAGCTCTTCTTCATTTTTGTTGATCCACAATACCAAATTACGCATGAGTCCTGGTACATCTTTTGCTTCTGGAGGCATATAAACAATTGTTCTTGTACCACTGTCCCTAATAACGTTCTGCCCATCACGATAGGGAGTTGGTTTAAGGCGGGCGCGGCCGTTACTCATCACAAGGGCATGTAAGGTTTGAATTATTTTTTCAGATATTGGATGATTTTGTGCTGCATATTGCTCAAGCTGAGCAATATGCAGCATAGTAGCCCTTAACTTCACGTTCATCGCGTTCTCTGCCAGGGAAATGCCCTTTAAGCTGAATAATCTCTTTAATTTCAAATGGTTTTAATAGATTGCCTTCTATCATTGTCGAGTAATGCGTGGTGTACAGTTTTGCTGTTTCACGCAACGATGCCAGAACCGTATGATTAACAGGCAATAAAGCGACTTTTGTTTTGGCAGCCTCTATTTTCATAAGATGCTTGGCAATACTTGGAGTTATTCTATAAACGGACTTAAAACTTATCGGCATAATATGCGCCTCTTATCGGCATTAGTCACATTACTCATTATACGGATAAAATGCTGATAAGTTTACTAGAAGGTGCTGGTGAGTTTGCTATTAACATTATAAATAACAATTTCCTAATATTCATATTTAAAATTAAATTCATTTGTTTTTAAGTTCACTTCAATATTACATTCTTTCCAAACATCTCTTTTGCCATCCTTAAAAGATTTATAAACATCTAAAAGCAAAAAATGGATTTCAATATTTGAAGGAAATTTAAGCATAGAATTAATTTCTTTATTTTTTGTTTTATAGCTAAAATAATATTTCGATTTTTTTTCATTTATATCTATTATATATTTCATTTTTAAAATTACTGGTTTTCCTTCTAAAATACTCATTTCTGTCATTAAGTTAGCAACTCTTCTTAGCGTTTCAAATTCTTTATCAATTCTATTTTCAGCATCAATTGTACTTTTTGAATTAATTTCAAAATCTTTAAGATTAACTGTATATTCTACAGAACCCTGTGCGTTATCATCTTTTTTAAATTTTGAAATATTTTTACTAACTATTTTAGCGTTTGCGGATTCAATGGTTACATCCCCTATTCTAACAAAATTAATAATTAAAAATACTAAAAATATTAAACTAAATTTTTCCACACATTCTCCAATAAATAATAAAAAAAATATAAAATTTATTTAATTAGTAATAAATAACCTATTCATATTTATAATTCATCTCATATTTCAGTGTTTCAACATCAAAAGCAACATTGCACTCTTTCCATTGTTGTTGCTTTGTTTTTTTTAAATGTTCTTGTATTTGTTTAAAAGATATCGTCAAGTCTTCATCTGCTTTTTCACTTGGGTAAAAACTGTTAATATTACTTTTTTTATCTTGATAACTGTATTCATAATTAAACTTACTTTCGTCATCAATTTTTAAAGTTAAAAATACTTTACTTGATTCTTTTGGGGATGCAATATACAGTGTTGCTGCTATTTTATCATCAATTTCTGGATCATGAAAAA
CP146516.1_gap49	1628491	1631092	2601	TCTCAAAACATTCTTAATAATTTTATTAACAATCTCAAGTAAACAGTCTTATTCAAATAACACTAAATTTAAACACAATGATTATTTATATAATTCAATAACTTTAGCCTTTAAAAGTGATTTATATAATAGAAAATTTTACTTAAATGAATTAATAAAAAATTACAATTTCGCAAAAAAAAATTTAATTAACGACTTTAATGATATAGATAAACTGTATCAACTAGCAAATAGTAGAAATACCAAAAATCTTTCAAATTCCAATTTATTAAGCAGATACAATAAAAGAATTTTGCTATCTTTCATTAAATTCCGACAGGCTGAATACGATTTTAGAAAAATTGAAAACTCTATGGATAATTATTGTATTAAAAAGAAGGAAAATTTATCCTCCATAAGACTTAAATATGCTGACATAATTAGCGAAGAATCTATGCTAAATTTAATATATATGGAAGAAATTTTATTAAAATTATGCAACAAAGAATTTAACTATACAAATAATAATATACCTAAACTGATTGAAGAAATAGATAACAGAATAAAAATAGGGATAAAACAGATTAACTCACATTATAATAATAAAATTTACACACTAAAACAATTAAATAATATCATTCAAGAAATAAATTCCATTAAAAAAAGCGGAAAACCAATGCTGATTAACAAATATGAAGATAAATTCACCAAATATTATATAGATTCAATTAACAAAATTAATAAAAAATCAAACAGTTAATTATATTATAAAAAGGAATTTTATGAAATTTATTAATTTAATTTTAAAGGTAATAATAATAACATTAGTTTTTAACCAATATGTCAAAGGTAATGAAAATTCTGAAGATAATCAATTAAATTATGATTTTTCAAAACTAAGCAATACTCAATATTTATACAAAAAAAATAAAAATCATTCTAACCAGCAAAAAAATTATATAGTAAATCATCATTATAAATATGATGATATAGAATTTAACACCAACATAATAATTGATAGCCTCGATAAATTAGAAAAAGTTAGCACTTCTACTTTTTCGAGAGGAATAGTAGGTGTCTTCTCAAATAACAATAACTCACATGCTTCTTATAACTATAGTAAAATTAGCGATTTATTTTTTAATCTTTCAGAATATCTTAACACAAAAATAGAAGACTTAGAGTTAGAAGAAGTTGATATTGATTAAAAAATTAAAACATTTAAATTTTAAAAACATTACTAAATTGATTAAGAATGAAGCTAAACTCGCACACTCTATTTTTGAATACAATACACTTCAATATAAAAATCAAGTTTAATTAATCTTTTATTCAAATATATTGAACAGATTTTAACCAAAGCAATAATGGTGACAGTGTCACCACTTTTTTTTAAGAAATTATTGGAAGGAAATATTCTAAAAACTGAATCAGCTATAAGAAGTTGAAATACACTCCTTAAAAAACCAAACAAAGAATAAAACTTGTTTAAATTGCTTAACTTATCAAAAAAACCTTGATCTACTTAGTAAATCCCTTAAAATGAAATTTTTACAGCACTTTTATGCAACATCAAAATTTTAATAAGGATCTAAAAATACTGACATAAGTGAGTCACGACCCTGAATCTAGAACTGTTTAATAAGCTAGATTAAAATAGCAACTGAGTTCGACAGAACTACAACAATTCTTAGCATAAAATGAAGAGGTAATTTATGGAAAATTTTGCTAAAAAAATGACCTACACAGGAAAATTTGTTCAAGGAGAAATTGACAAAGATGCATTGAAATATTGGGAAGATATTGGAAGCAACTTTACTGAAATTAAAATAAAATTAATTGAGTTAATTGAAAGTTGGCGAAACGAAAATTCTATTAGCATTAATGAATTTTGTAAAAGAATAGACATCACTCCAAGACAATACTATAGAATTATAAATAAAGAAACTAACATTACAATTTTAAGTCTTGTTGAAATTACAAAATTCTTAGGTTACAAACTTGAAATTAATTTTAAAAAACTAGAATAAATACAAAAAGGGTATTGTGGATGGCTGACACAGTTTTTAGAATACAATCATTAAGCTTACAAAAATCAATTCAACAATTTCATAAATTTTTATTTTATGCTCTGAATCAAACAATTATTTTGGCTTGCGGCCTGAAGGCGCAAGGGCTCAATTAAATACGATTTTTATAAAATCATCGGGAGATGTGTTGTATTTTTTCCTGGAAGATTAAAACTTACTTAATTTCAACTTGACACAGTTTTTAGAACTCTAACAATATTTTTGGATAACCCTGAACTTGGATAATGTTTTAATATCCTCTGAGTCTCTTCTAGGGAGGAATGGGTGAATTATGCTCTTTTTTAATTATTACGTAAAGAAGTCCTAATTTAATAATAATTCAGGGTTGTGAAATTATTACTAAGTAATTATTATACTAATAATCATTTGTTTTTCTACAAATTTTTCCATAAAGCTTCCTTCATGTGGCTTTATCTATTCGGTATAATAGTGAAGTTATTAAGGTAGCAAGGGATTTTATTTCAAGTGCCATAATACCTTAAGAAATGAAGTATTTCTTCCTATTGATTTTTTTTAGTTCGCCGAGTATATT
CP146516.1_gap50	1646436	1647358	922	TAACGCTATTTTCTTCAATTCTTTGACTAGACGAATGAAAAATCATACCTAAAAAATTAGATGTTTTATTATTAGTAATTAACAATTCTTTTTCTGTAACCGCAGCTTTGGCGTTAATATCTCTGCCTGCTTCTTGCCGTGTTTCATTTTTAGAATAAATATTTGCACCAATTTTATTGATATCTCTGCCGGCAATAAGCTTTACAGTATCGCCAGAAACAGTAGCAACTCTATCTACCCGTGTGTTTTTTTGTTTTTGGCCATTCACAATAAAATATTCATCCATTGCTTTTGTTTCAATATGAATATCGCGTTTGGCATTGAGAATTATGCTACTATTATCACCAGAACCTTTAATATCTCCAGAAATATTTTTAATATCATTGAGTGCTTGTAAGGTTAAACTATTTGCAAAAATTGAGGCATAAGGATTGTTAACAATGTTTTCGGCTTCAATTTTACCACTACCAATATACATGCTGCTTGTGTTATTAAAGTCACCCGAAATTTTTAAATCGACTTTACCAAATATCATGAGCGAGCCATTGGATTTTAAATCTGTTTTTAACAAATTTTTTACATTCACAACAACCTGATCAACATCTTTATTAACATCAATTATTAAATCAGACGTTAAAGTTGCCATTTGCTCGTCACTCAGTTGTGTACCTGGAGTGATTTGAAAGTTTTGGGCAACCATTTTTCCTGAGTTTAAAAGATTTTGAAATTTATACTCGTTTTCTTGATAGTTTGTTAAAAATTGCTGGCCTGTTAATACCACAGCCTGATCACCCAATTCTCTTTTAGAATCAAACTGATCACCATAAATCTTTAATTGCCGCTCAGGATTGAGCTGTAATTTTTCTGTGTATTTATCGTGAGATAAAAATTTATTATATTCTACATAGGTTGGATTATTTTC
CP146516.1_gap51	1664349	1665764	1415	CCGGAAATTGGAATAAAGAATTAAATTATCCTAAGCCCAATAGAATTTATAAGGTTAATGAGCATGTCGATTATCATACCGATGAATTTGGACGTGTATTTTTTGTAAAAGGAGATTTTGATAAAGAAACATTAGAAATATTAGGAAGAAATGATTATCGAACAGGACAAGTGGGTAAATTAGGTAAAAGCGACAATCATGGAGGCCATATAATAGCAAGAATTTTAGGAGGCGCAGGAGAAAAGTTAAATTTAGTTCCAATGAATGGAGAATTTAATAGACGTGAATGGTTCGAGATGGAAAAGTTATGGGCAGATGCAATTAAGGATGGTAAAAAAGTTGAGTTAAAAATAGAGCCTGTGTATTTGGAAAAAGGTGTTAGGCCGGATAAGTTTAAGATTGAATATAAAATTGGTGATGGTAAGAGTATTGAACGAACATTTGATAATGTACCTGGAGGTAAGAAAAAATGACAAGAGATCAAGAAATTTATATCGATATTATTAAATTATTGTATCAAAATAGTTTAGAAGATACAAAAAAAATATCAATGCAGGCTGAGTTAATAACTCCAGAAGGTGATGTTTGTGAGTTTGAACTTTATTGTTATAATCAAGCCGATCAAAAAGAAAGGGTTAGTATTCAAGGAGTAATTGCTGCAAAAATACATAATCTTCTTAAGGATCTCCGAGAATTTTTCTTAAAAAACAATCAGCCTTACTGGAAGGGGTGTAATTTTGAAGTAAACTTAGAGGCCGGTAGTTATGAAGTTAATTTTGTTTACGAATAAAAAATAATTTAAATTTAATTAATTTTTAAAAATAAAAAAGAGTGTATTTAAAAATAAATAAGCTCTTTTTTTATTTTAATTTTTAATTTAAAGCGGAAGTTAAAATTTTTTAATCGCAATCGCATCACATAAACACCCAACCTGCAGTAAAATTAGCCCCCCGTGATAAAAGAGAGCTTGCAGCGTTTAATAAGAAAGCAGATGAAGTTCTAATTAAGCAAGGTTATAGCAAAGAAAATATAGATAAACTTCGTGTGTTATACGAAGTCAAAGTAGGGGCTAAAAATCTTGATGATGTGCTAAAAGAAAAAGGGAATGATTTTTTTAAGCATGATGAGTTTAAAAATCTTGCAGCAAAAGAAGGATTGGGGATAGGGAAGAATGCGAGTGGTCAGGATGTTTTAAAAATTAATGTTCGTTCAGGGAATACCGGAAATTGGAATAAAGAATTAAATTATCCTAAGCCCAATAGAATTTATAAGGTTAATGAGCATGTCGATTATCATACTGATGAATTTGGACGTGTATTTTTTGTAAAAGGAGATTTTGATAAAGAAACATTAGAAATATTAGGAAGAAATGATTATCGAACAAAACAAGCTGGGAATTTAGGTAAAAGCGATGA
CP146516.1_gap52	1694618	1697450	2832	CCCTCAGAAAAAACTCCTATGACCTCTATTTTACTTTGTGAAGGCCTAAAATCTTGCGGATTACCCAACGGAATTTTAAGTGTTGTTCAAGGAGATAAAACCACTGTTGACGCACTGTGCGATCACAATGACATTCAAGCTATTGGGTTTGTTGGGTCTTCACCCGTTGCAAAATATGTTTATAGCCGCGCAACTCAAAATGGAAAAAGAGCCCTGACCCTTGGTGGTGCCAAAAACCATATCATTCTTATGCCCGATGCCCAGCCAGAAATTGCTGTCGATGGAATTATTGCCTCTTTTTCTGGCTGTGCCGGACAACGGTGTATGGCTGCAAGCGTCTTGCTGGCAGTTGGAGACACCAATAAAATTATTCACGAAATCGCAAAAAAAGCCGCAAATTTTAAAGCAAGGCAAAATATTGGAGCGATTATCACCAAACAATCACTCGAAAAGCTTGTTAACGCAATCGAAAAAGCCGTTGCAGAAGGGGCTCGGTTGCTGGTAGACGGGCGCAATCCAACAGTTGCCAAAGAATATTCTAACGGCAATTGGCTCTGCCCTACAATTCTAGATGAAATTTCACCAAATAGTTTTTGCGCTCAAGAAGAATTATTTGGCCCTATACTTTCTATAGTGCGCTGTCATGATATAGAGCATGCAATTAAAATTGAAAATCACAATCGTTATGGCAACGCAGCCTCTGTTTTTACATCACGAGGCGACATTGCTGAATATGTGACGAATCATGCCAAATCAGGAATGATTGGCATCAATATCGGAATCCCTGTTCCACGCGAACCCTTTTCTTTTGGAGGAATCAATGACTCTAAATTTGGGCATGGAGATATGACAGGACATTCTGGTGTCGATTTTTGGAGTTTAAAAAAGAAAGTTACAACAAAATGGTTTCAAACCCAAACAAAAAACTGGATGTCGTAATGCAAAAGGGAGGTGCGCAATATGGCACATTCAAGTCATGTTTTATTAACTTCGCATCCTGCTCGTATTTTTAAACTTGCAGCACCTTTAAACTGGGGAGATCCCGATCCTTTAATCCGTGGCCCCGTAGTGGCTTCTTTAACAAAAAGAGAACACAGAAATGCAATTGGAACCCATAGCGGCAGTTACTCTGTGTATCGTGCCTTGGCAAACGCTTCGGGCGCCCTAACCATGGAACATCGCCCTGATTTCACCAATACAGCACCTGTTGTCAATATTGGTTCCTATGCGGCATGGGGTGATCCCGAAAAAATTGTCAGTATTGATCCTTGGGGAGCAAAGGTTGGCGAAGTTTTTAAAAGCTTTTACGACAAAGGCTATGATATCCGCCCAAGCATTGCAATTACCAAAGCACACATTCATATGCCTGAAGTTTCGCAAGCCATAGAGCTTGGCAGACTTCCCATTGATGGTAAAATTGTTTTAAAAAACAAAGATGTTATTGTTACCAAAGTCGCTATTGAACCTGTTTGGTATTTGCCAGGCATTGCAAAACGTTTCAATATTTCTGAAGGCGACTTGCGCAGTGTGTTATTCGATCAAACTGGCGGCATGTTTCCAGAGCTCATTACCCGTAAAGATTTAAAATTACTTTTACCACCAATAGGAAGCACGTCTGTTTATATTTTTGGAGACGTTTCTTATATTGCCGATCCTACAAAACAACTTACAGTGCGTATTCATGACGAATGCAACGGTTCCGACGTATTTAGTTCTGATATTTGTACATGCAGACCTTATTTAACCCATGGTGTCGAAGAATCCATTCGTACCGCACAACAAGGAGGGTCTGGACTTGTGATTTATTTTCGCAAAGAAGGCCGTGCGCTTGGCGAAGTGACAAAATTTCTTGTGTATAATGCCCGCAAAAGACAAGAAGGTGGCGACAATGCGGCCACTTATTTTCATCGCACAGAATGTGTTGCAGGCGTGCAAGACATGCGTTTTCAACAGCTCATGCCCGATGTCTTGCATTGGCTTGGCATTCAACGCATCGATAACCTTGTTTCAATGAGTGACATGAAATACAACGCAATAGTCGAAAGCGGCATTAACGTTGTCCGTCGCATCTCTATTCCAGAAGAGTTGATTCCACCCGATGCACAAGTCGAAATGGAAGCCAAAAAAGCGGCCGGTTACTTTACAGAAGGCAAAACTAAAAATGTGTCTGAACTGAAAAAAGTGAAAGGACGCAAACTTGATGAGTAATTCAATACATAGTTTTAGTGGAGACATTCATGATATTGAATATGTTTTTTCTCCTCTCACAGTTCGTAAAAAAGCACAAGAAATTTTAAATTTGGCTTTGTCTGGAGACACTGACTTTTTGGTTCACACAGAAAAGTTAGAGGAGGTTTCTAAGTTTGTAACTTCTGTGACATTAGAAAATTATCCTACTTTAAATATTCCTTTTCATTCACGCTGGAATCATTTTAATGCAGGAAACATTAACAGACTCGATGAATTAAAATCTATGTTATCAACTTTAACAATAGTGCAAAGAGTTAAAGCAAAACTCGACCTCGTTATTTTAAGTGTTCTTATGGATGCAGGAGCTGGATCTCGCTGGCGCTATTTTGATAAAAATTCCCAAAAAGAATATTCTCGTTCTGAAGGTCTTGCAGTAGCCAGTTTACAAATGTTTTTATCGGGGGTATTTTCTTTACAAAAAGAAAACCCTTACCAGGTTCATGCCGAAAAACTCAAAACCTTAAAACTTGACGAATTGTCTACTGGTTTTCAAGTCACAGAAAAAAACATGTTGATAGGCTTAGAGGGGCGCCTAAAGTTATTGCATAACCTTGGTGAAGCCCTAGCAAAGGACCCTGAAAT
CP146516.1_gap53	1701534	1705676	4142	TTCATAACGCAAAGAAGCATATTCTTTGCTAAGATTTTCGCAACAAAATTTAAATATTGATAATTTAATTGAATCTTCAATAGGAAACTCATAAACTGGAAAAATACATGATAACAAAGAAATATCTGCTCGTAAATCTCTATTATGATGCGGATCAATGGAACGTGCAAATCGTTTTTGATTATTGACATAAAGTTGATTTGTACAAAATTTAATACAATCTCTCATTGCATTTTTAATCTTATTTTCCATTTTAGGAAAATAAGATAAACTACGATTTAACGCTCCGTATGCACACACATGCGAATAAAAGTGCAATCCGTAGTGTTCTTCCCAAAGATCAAACCCAAACTGCAAAGACCCAATTTCTGCAAAATCATGAATTAGTTTTAGAATTCCATTGTGAATAGAATGCAACATAATCTCATTTTTCTCGTGTTTTAAAAACTCTAGCATTACGATTATTGTTAAACCGAGTTGATCAGCCTGCAGATTACACCAACTCGGCGCTTTGCTCCCAGAGCATTCGTATCTTTGAAAAAAATCACCATTTTGCAATTGCACCTTTGCTAAAAAAAGTAAAATAGATTTTGCTTCAGCAAGACAATTATTTTCAATTAAGCTCAACGCACAAAAAGCGGCATCACGAGGCCAAACAAAGCCATATCCACCACTATTTCTAAAATCTAAATCACATTCTGGTGCAGCAACAATACCTCCAGAAATATCAATCAATCCTTTTAAAACACACAACGAAACTTTTTTTAAATAATTTCTTTTATCAAAATGAGAAAGCTCTTTAGGTCGCAATAATTCTATGTTGTCTTTTTTTACTTTTTGTAATATTTTGGATTTTTGATTATTAAAAAATACTAAAAATGTTTGCTCGAGTTCTTCTTGAGAATGCCCCAGTCCGTAAAAAATATTTATTTCACTTTTAAACATATTTTCGGTATTATCTTTTGGTTTTAATAATAAAGGTTGAGTGTAAGCTGCTGCATAAACTTGCCCCATTTCTATACGGCGAAAATTATTTGGATCGGTTAAAAAATGATTGACAACTTCTCCTAATGATTTATCTGGTTGATGATGAATTGCACGCACTGCTTGAAATTGCGGGTAACATGCGTCATCGCATGCACCAATAATAGCCCAATACTTTCCAGAAAAAGCAAAAATAAAATCTTCGCCTGTTTCGGTAAAAACTGTTTGAAATCTTTTTTCACCTTTCATTTTCCAACTTGATAAAACCCAAAAAATTATTTTTTCTGCTGCCAACTCTTTTGGAACGTGTATTTCCCAATTTTCTTTGTAATATGTATTATATGCAGAGCAGATTTTTTTTACTTTACAACCAGGCATCGCAATATGATTGATGCTCCATTGAGCTATAATTAAATTATTTTCGGGGTCGCAGTTTAATTGCAGGTTGTCTCTGCATGGATCGAGCCAAACACTCTCTCCGTTAATGGCAAATCCACAAATTGAAAATTCTAAATGACTGTGCCTGCTGTCTTTATGAGGCCAAAATAATGCTTTTAGCTGAGCGTCTTCTCCAAGGCATGCCACGATGTTTTCTGACGTCGTGATACTTGAGTAGTTTTCTGGCATTCTTGCTTTCCTCCTAAGGAAACATTGCCCTCATCTGCAGACTGCTCCAAACCAATTGTTTTAACTTGGAGTTTTTCAGCGCATTTCATTTCTAGATCTTCTATAATATTAACAAAATTTAAATATGCTTCATAAGGACTGTCAAATGGACTAAAGTACTTATGCACATCACCGTCATTTGACCATTTGATGCACATATAGTAAAAATGATCACTTGTAAGGAGTTTTCGCCATTCTTCTATAAGACGCATGTCGTTTAAAAGTTCTAAATTACTTTTTAATTTATACACCTTTTCGATGGCATCATACTGAATTCGATTGCCAAGCCACGCAGAAAGGTCACGTTCGGTGTCTGCCCAACTCAATGGTCTGCTCACATCCATTGCAGCACGGGATGGAAATTTGTTGATAACATCAGAAATTGTTAAAAATTCAAAACGATCATCATTGGCAATTTTAGCCACAAAATGATCTAAAAATTCAAAAATCCCCGTGTCACGCCACTGATGTTCTCCAAATGTTTCGTAATCCATAAATAATCCAATGCATTCATGATTTCCATCCAATAAACTTTCAAGCCAAAAATGATATTTTTCTGCAGTAAGTGGCCATGATGGCCACATTTTATTAGAAAATCGAAAGGCAATATCATCTGATAGTTTATAACTTTTAGGAAACAATTTTAGATTTGGTATTTCTGGATGATGAAAAATATGATGTGAATTCCAGCCATTTGGCAAATACGGTTCCCATCCTTCAACCAAACAAGCATGAAATCCAGCTTTTGCAACCATTTTGCCAATTCCATTAGAATAAATTAGCTCAGTATTGCGAAATGCTGTGGTTTCTCGATTAAAAATTTTTTTAATGAGTTTTTTTTGTGTCTCAATTTGCTTAAAAAACTCCTCTTCATCAAATAACGCGGCCAAACTGTGATGGGACGTTTCACATAATATTTCAGTATTGGGTAAAGACAGAATATCCTGATATAGCTCTAAAAGTTTTGGTGCGTAAAGACTACATTGTTCTAAAAATGTTCCTGTAATCGAAAACGTAACTTTAAAATTATTAGAGTGTCTTTTTAAAAGAGAAGCAATTAACAATCCAGCAGGCCAATAGCAATTTTTGGCAACTTTTTCAAAAATTGCTTTATTTGATGCGTCATTAAAATAATTTTTATGAGAACCAATATGCTGAATTCTAAAATCACTAATTCTAAATGGCTGGTGAACTTCAAAATAAAAGGATAGTGCAACCATTGAAAATTCCTTTCTTTAGGATTTGGGTATCTCACTATAAGCGGCAGTAAGGGTTTCAGCAGATTTTATCCAGGTACGTTGAGAAAGATCTTGTAAAGAATAGTCGATCATTTCTGATTTGATACAGTGATATTTTAATACACTTAGTATCCGATCGGCAATAAGATCTGTATCCCAAAAATCAACTTTTAAAACATGATTAAGAACTTCTGATACACCAGATTGTTTTGAAATAATGACTGGAATTTTTTGCGCAATAGCCTCTAAAGCAACAATACCAAAAGGCTCAGAAACACTTGGCATGACAAACACATCAGAATCAGCTAAAATATTTTTTACCTCATTAGAATTTAGAAACCCTGTAAAGTAAAAGTTTTTATCTAATTTTAATTCACTCACTAATTGTTTCATAGAAACCAATAAGTCACCAGAACCAACCACTTTAAACATTACATTTGAATTAAATTGTAAAACTTTTTTTGCTGCTTGAACAAAATAATAAGGCCCTTTTTGGTATGTTACCCGACCAACAAAGGTAACTATAGGTACTTTATTTTCAAGACTTAACAAGCTTTGTTTAAAATTATTAATTTCGTGTTTTGTATTATTTGCATTATAGACAACTTTGATTTTGCTATTTGGGATTTTAAAATTATTAACTATAATATTTTTTGTATAATTTGAGACTGCAATTATCATATCAGCAAGCTCAAGACCCATTTTTTCTATTTGTAAAATTTTTTCATTGTAATTTATTTCTCCTGAGCGATCTAGCTCTGTAGAATGAATATGAACAAATAAAGGAATATCTATCTTTTCTTTTACCATTTTTGCAGCAACAAATGTCATCCAATCGTTTGCGTGTATAACATGATAATCAGAATCTTGTTCGAATATATTTAAAGCCAACAAGCCTAAAATATAAGCTTTTTCTTGGTAAGAATCTTTATCTATAAATAATTTTCTAAATTCACTAACAAAATCTGAGATATTCATGTTTTTATATAAACTATTAACATATTTTAAAAATTTTTTTTTGATTACTTTTTTATGACCTTCGCTAAATTCTATCTGTTTATTAGAATAATCATAATGAGAATTAAATAATAAATCTTTATAGTTTTCATTTATTTCAGACATTAATCTTTCTGATTCATAACGCGATTTTTTATTTCCCAAACTATTGCTGAAATTATTAAATAATTTTTTTCGCATAATAAATGGATTTTCTGGACTCACAATTTTTAAGCCTTTAGGCAAGGTAACTTTTAC
CP146516.1_gap54	1706807	1708582	1775	TTTTTCTGAATTTAAAATAATTTTCTTTAATCTATTTATATTTTTAAAAATCAAATGACCGCGCTTATAGCTAGCAAATCTTCTTGCAAAACCTATTGTTAAATATTCTGCATCTAAATTTGATTTAGAAATCGAAGAGATAAGTCTACTTTTTCTTGTAATATGTGCATTCCACAACTCAATATTAGGAATATTTTCTACTCTTTTCCAAATTACCGGATCAGTTAATTTTGCATCCCATCCTTTTCCTAAATAAAAATCAAATAACTCAACAAATTCGTTGCATAACCAAGTACGAGTATGCACACCATTTGTGATTCCTTTAATTGGTATTTCATGCTCAAGTAAATTTGGCCAAAGCGGTTTCCAAATTTTTTTTGATACCATTTTATGCAATTGGCTTACCCCATTACGATGTCCGCTTGTCCGCAACGCAAAAACGGGCATAGAAAACTCTGAACTATTTTCTGGAGAACGGCCTAAATTATAAAACTCAACTTCAGGAATACCATAAGTTAACTGTGTACTGCCTAAATACTTTTCAAGCATCTGCATTGAAAAAACATCATTTCCCGCAGGAACTGGCGTATGCACCGTAAACACCTGAGTTCCTTTAATTGCGACAAGCGCTTCGTTCCAACTCAAACCATTTTGTACATACTGCGAAATACGCGCTAAGGTTAAAAAAGCAGAGTGCCCCTCATTGAGATGATATACGGTAGGTTTAATATTCATTTTTGTTAGCGCTTTGACCCCACCAATCCCTAACACAATTTCTTGTTGAATACGTGTTTCATGACCTCCCGCATAAAGCCTTGCGGTGATACGCCTAATGTCTAAAGGATTATCTGGTACGTTAGTGTCTAATAAATATAAAGGGACACGACCAACATTTAGTTTCCAAATTTGGCAAAATACTTTTGCGCCTGCAATTTCAACATCAATCATTAATGGTTTGTTTGTTGCTTCGGTAACAAGTTGCATTGGCAAATAAAAAGGGTCATTCATATCATAATTTTCGTTTTGCCATCCTGCTTCATTTAGACTTTGTCTAAAGTAACCTTCTTGATAAAAAAGCCCAACTCCAATCAACGGAAGCGAAAGATCACTTGCTGTTTTAAGATGATCTCCAGAAAGAATTCCCAAGCCTCCAGAATATAAAAAAATACTTTCGTGAAGGCCAAACTCCATAGAAAAATATGCAATTGTACTATCTTTAAAATTGGGGTGAGATTTTGTAATTCCATGTTCTAAGTAATTTTTAAACTCAGAAATAACCTCATCCAAGTGCTCTAAAAACCCACTGTCTTCTTTTAAACTTTCCCAAGTAGAAGAAGGCAATGTGTTGAGTAATTTTAAAGGGCACGGACCACTTGCTTCATATTTTTGTGGGTTTATTCGGCGGAATAAATTAATGGCATTGATATTCCATGACCACCAAACATTTCTAGCAAGGTCCCACAAAGGCTCCAAATTTTTGGGTAGTGACGATCTAATATGGAGTTGAATAGTCCGCATTGTTACTCCCGATCAATTTTTATCAAAGAATACTGGCTTGAATTTTGACGAATTGCAACAATATCAATTTTAAATTTTTAAAAATAGAATTTTATTTAAAAGCAAAAATTTTATAAAGTAACTATTTAGTTATAATACAGTCCAGTAAAAATTCTTGTTAGCCATAGCTGAGTTGAAAGGTTCATAACCTCATTATCTTTCCAATCACTAATTTGTAATAAAATTGCTTTTGCAATTGTTAGAAAAGAAGGCTCGTT
CP146516.1_gap55	1721416	1726272	4856	TACTCCCAGAAAAAAATGTCAAAGAAAACAATGTCCTTAAATTTCCAAGCAAACGGAAAATTAATTTGAATTAAATGTGATTATTTATATAAAAATTTATTAAATTTATACTCATACAATTGACTGGCACATTCATTACAATTAGGGTGGCGAGCTTCAAGTGTGAAATACACTTGAAGCTCGCCACAGTTGTATTTGCATTTTGCGAACTGAAATTGCACGGCGAAGTTAAAAATTATGTGTTTATTGTTAAAGGATTTTTATGTTCCAAACCGAGTCTATCGATATTTTTGACCCCAAAGTGGATTCCATCTTCAAAAAGATTTTTGGCGAAAAACAAGAACTTTTTATTGACCTTGTCAATAGTGTGTTTGCCAATAAAAACGAAAAATTGGTGAAATCTGTTACCTTTTCAAACTCTTCTCTGCCAAAAAATATTGCCAATGGCAAAGAATGTTTTTTGGATGTTCTTGCTGAGCTCGATGACGGCAGCAAAATCAATATTGAAATGCAGGTCGCACCAGAAAAACATTATGTCAAAAGAAGTTTGTATTATTGGAGCAATTTGTATTCCAACCAATTGGCAACCGGCAATCATTACAAAGGCTTAAATCGCTGCGTGTGTATTAATATCATCAATTTTGACCTCTTCCCTGAAAACAATAGCTATCATAGAATGCTCTCTGTTTTGGATGTCGACAACCACGAAATTGTAGCCCCCGACCTCGAAATCCATTATATAATTATACCCAAAATGCCCAAACATATGTATAATGGCAGTATGACAAGGCTTGAAAAATGGTTACTCTTCTTTCAAGCATCAAACAAAAAAGTGTTCGAGGAACTCGCCATGCAAGACAGATTATTTGAACAAGCAAAAGAAACTTTGTATTTTTTGAGTCATCACCCCGAAGAAAGAGCCGCATACACCCAACGCTTAAAATATCTGTTGGATACCGCTTCTCGAATTGATGATGCTGAAGCTAGAGGTGAAGCTAGGGGCGAAGCTAGGGGCGAAGCTAGAGGTGAACATAAAAAAGCACTTGAATTCGCAAAAATGCTAAAGGCCAGAGACTTCTCAATGATAGATATTATTGAAATGACTGGACTCACTCCAGAAGAAGCTGAAAATTTGTAACGCAAGATAGCAAGTTTTAAGTTTTTTATAATTTAAACAAACCAAAGCTATATTTTTGTTATCTTATCTCCAGAGCGAGTGTTTCAAAACACTCGCTCATCAATTTGCAAATAGTTTGAGAAAGTTTTTTTATGTCACAAGAAATATTAATTGCAACCCGTAAAAGTCAGCTTGCCTTATGGCAAGCGCATAAAATTCAATCCCTCTTGCAAGAAAAAGGAATCAAAACTCAGTTGTTTCCGTTGGTGACAACTGGCGATAAAATGCAAAAATCGCAACTCGCAGATATTCATCTGTCACAACAAAATACCGAACACCATTTGACCACGGGCAAAGGGTTATTTATCAAAGAAATTCAAGAAGCCCTGCTTTCTAACAAAGCACACATTGCAGTGCATAGCATGAAAGACCTACCTGTTGCGCAAACAGCGCAGCTGAATATTGCTGCCCTACTCCCGAGAGCTGGTGCACGCGATGTGCTTATACTTTCTCCTGAACTTCTACAAAGCTCCTCGCTTCACACAATGACAGCAGCACAAAAAGCACAATTGACGTTTGCAGAACTTAAAAATATGCTGCGCAACAACCCAATTTTTACTCAAAAACTCATCGGCACAACCAGTGCCAGACGGCAATTGCTCCTTAAAAAATGTTGGAACCCTAATTTAAATGTTCAAATTTTAAGAGGCAATGTCGACACGCGGCTAAAGCGGGTACAAAACAACGAGTTTGCTGCAATCTTGCTTGCCGAAGCGGGGCTTGAACGGTTGGAATTATTTAACCAAGAGCATATGTTTTACCTTCCTATTTCAGAATTTATTCCAGCCGCAGCACAGGGAGTGATTGCCGTTGAGATTAATGACAACAACCAACAGTTAGCAAATATTTTAACATCTTTAAGTTGCAAGCAAACACGTTTTGCTGCGGGCATTGAACGGATGGTGCTTGCCCTCCTTGGGGGCGACTGTCATACCCCAATTGGTGCGCACTATGACAATAAACAGCTTTATGTTGTGTATGGCCATTACGAAAACTATAAACATGTTGTGATTTCGTGTTCTGATACAATGCTGTTAGAGGTTGCACAGCTATTGAATACAAACTTATACTTTAATCAGTTTTTTGCAGAATTGTGTCGGTCTGAGTTTGCAAAAGTTGTTGCACAACAACTTTTTGCCGCAGGATTTGCCGAAGTGAGTGATCTCAAACTGTAAACTAACTTTAAAACAAAAAAGAAATGTGCATTATGGCAAAACATGACACTGTGCCAATTATTGTGGACTGCGGCTTAGAAGGCGATGCACCACGCAAGCAAGATCATTTTTTTTATCCTGTTATGCGCCCTCACTGGCTTGAGGTCAGTTGGCAGCCTCCTCAAAATGTAAGCTTTGCAATTATTTTTACAAGTAAACAGGCCGTAACAGCATTTCAGCAAAGTATTTTTACAAAAACAAAGCAAAATAAGAGTTGGCAAAATTGCATTTCTTTTGGCGCCGTAGGAGCAACAACTGCCCAAAGCATTCAACAACAACTTGCAGCACTTGTGGCACACACCAACGCGACCATTCTTTTACCCTCGCACAGCAATGGACTTACACCGTTACTGTCTCTCATGCATGCAACACTGAAACCTGATGTGCAATTTTTTATTTTTACCTCTGCCATTGGCAAATCAGCAGACACTGTGACTGCATATTGTAAACATCACAATCGCAATATTGCTGTTGAACCTGTGTACACGCTTGAAAATATTTTAGAATCTAACGCAACACCATTTTTAACCAAACTTTTCGCGCAGCCGCGACCATCACAACAACATGTGTTATTTTATTGTCGCTCTGGCCAAATTTTAAAACAGGTTGTGCATAATTTATTGCAATTTTTTAATCTCGAATATCCTACGCAACTCCCTTCATTCATTTATTTTTTTCCTTGGGAACAGTCGGCGCAACAAGCGCTTAGTGAATTGAATTTAATTGACAGAACAACCTCTTAATGACACTTTCGTATTTAGAAGACTGAGGGATGGAAACAGTTTTCTGTTAATATAGAAAGGTACTTCTGAAAGCGCAGAACTCCTGAGGTTATTGAAACCATGAAACAATCTGAAACAATCTGGATAGAAAATCTTGCTAGAATTCAGCTTGGTACTCCGCTTACTCATTCTCATGTGCACAGCATCTTGCACAACTCATTGCTTATTTTTTTAGAAGAGCTTTGCACTCTCATGAAAAACTATACCAATTATTTTAATCAATGCATTGAGTCTGTAAAACCACAACAATGCATTCGCTTTTTTGAAACACAACAGCCACGACCTGGTTTGATTTTGTTAAAAGGAAGCGATAAAATGATCATTTCTGTCCTAGGAAATACCATTAACGTGCGCACCCTGCAGGTGCATTTAAATAGCGATCGCAACTACCGCTCTTATGATTTTGAAGCAAGGCACAATGATCACGATGGTGTGTTTTGGCGTTGCATAAACGATGGACAGCTTGTAAACCCAGAACTGGTTGCTCAAAACTATTTGAGCTCATTTTTGGTTTCTGGATGCGGCGAAGTCCCGCAAACGTTGCGTTTGGTTGTGGCGACGCATCCTTAAAAAGTACTTTGAGGTTGACATGTTGCATCATGAAGTCAAACACCGCATTGAAAGCGGAATTGCAAGTTCTGAATGTATTGTTCATGAATTCTCTGGTGGCACGGATCACTATTCTGTCATTGTGGTTGCTGACGCCTTTGAAGGCCAATCATCGTTGGCACGCCATCGTATAATTATGGATCTGTTTCAAGCCGAAGTTGCCACAGGCGAAGTTCATGCACTTTCTATTAAGGCACTGACCAAAAAACAATGGGAACAAGAAAAACACAAATATGTAGCAAAACCACTTTAAATAAATTTTATAAAATAATGAGGAGTCTTCTGTGAATACAGACTGGAAAACAAAAATTGAAAACGATGTTAATGCCAACGAAATTATGATTTATATTCGTGGTACCCCCCAAGCACCTCGCTGTGGATTTACTGCAAAAGTCATTCGCACTCTCAATCAACTTGGCAAACCCTATCATTTTGAAGATATGGATAGTGACCCCACATTGTGGTCTACTCTTAAAGAAATGAACAATTGGCCAACATCTCCTCAAATTTTTATTAAAGGAGAATTTGTTGGTGGCTGCGATATTTTTGTAGAAATGTTTCAGTCTGGCGAACTGCATGAAAAACTTGGAATTTCTAAGTAAACAACAATGTTTACTTGCATTGTCTCTTTAGAAAAAGAAAACTTCCTGATAAGCTGTGTTTCTACTGTTTTGTCAGGAGTTTTTTTATGGTCATGCATACTTTTTTGCGAAGCTCATATTTTCCTGTTTCATGTGAAGAATTATTTCAATGGCACGAACGCATTGGGGCGTTTGACCGCATGGTGCCACCGTGGATGCACTTAGACATGATATCGCGCAATGGCACCATTCATAATGGCGATGAGGTGTCTTTGCGCATGCACTTTGGTCCATTTTCACTTGACTTTAAATTTTTGCACCAAAATTATATTGCAAATAGCCAATTTCAAGATGTACAAATTAAAGGCCCTTTTTCGTATTATGCCCACACCCATCGCTTTGAAGCCGTAGAAGACAATAAATCTAAAATTACAGATATTATTCAGTACAAATTGCCGTTAGCAAGCCTGTCGCATTTTGCCACCAAACATTT
CP146516.1_gap56	1729984	1732016	2032	TGGCGAGTTGATGGCCATGTTTTCGGCAAGCTTTGCTTCAAGAGGATTTTTAGACTGTATGGCAGGAATTGGCCTTATTCTGCCAAAATATGTTTTGACAAAACCATTGGCATGCGCTGCTGCGCGTTGCGCGTCTAGGTACTTTTTGACGCCAGCAAAGTTTAAAAAATATTTTTCAATAAATTTTTTGGCATCTGGCAATGTAATTTTTTGTTGCTTGGCTAAGCGTTGTGCGCCCATGCCATAAATAATTCCAAAATTGATTGCTTTTGCCTTGCTGCGCTCATCAGCAGACACCTCATGCAAATCTTTGCCTAAAATTTGTGCCGCAGTTTGCCTATGAATATCGGCGCCCTTGCAAAAGGCATCAATCATTGTTGGATCATCCGACAAATGCGCCAAAACTCGCAGTTCTATTTGTGAGTAATCTGCCGTAAAAATGGTGTTTGCATGCTGCATGGTTGCAATCGCTGCACGCACAAGCTTGCCCCATTTTGTTTTAATTGGAATATTTTGCATATTGGGATCGGAGCTTGAGAGCCTTCCTGTCGCAGTGCCAATTTGATTAAAATGCGTATGCACTCTACCCGTTGATTTTTTAATCAGTTTTGGCAGCACCAGCACGTAGGTGGATAACAATTTAGAAAGCTCACGGTGTTGCTGAATTTTTTGTACAAAAGGGTGATCGTCAAACAACTCCAACACTCCTGCATCGGTTTTGTAACCTTGGGTGGTTTTTGCGAGTTTGCCTTTGTAACCTAAACTTTCGTGCACTTTTAATTGCTCAAATAACACGTCACCAAGTTGTTTAGGACTCGTAATTTTAAATGGCGTTTCCACAGACGCATAAATATCTTGCTCTAATTTTATTAAATTTTCTTGAATTTCTGCGGTTAAACTGCCCAAATATTCGGCATTAACATAAACTCCACTGCGCTCCATGGCATTTAGTAAACTTAATATTGGCATTTCTAAATCAAAAAATAATTTTTGTAAGTCTGCATTACTTTTTAATTTATCTTGATAAAACAACCAAAGTCTTAATGTGGCATCAGCGTCTTCGCAGGCATATTCAGTCAGTATTGATAACGGAACAGAAAGCATTGAATCGCGTCCTGTTTCTTTACCAATTAATGCGCTTGTTGGAATTTTTTGATATTGAAAATGTTTAAATGTTAAAAAATCTAAACTAAACCCTCCTTCTGCAGGGTTACAAAGCCAGGCGGCTACCATTGTGCAGCATAAAGGAGCTTCGCCAAGTTCTACACCCACATTTTTAAGCATGTGCATGTCAAACTTTAAATTATGCGCCACACACATTGCTTTGCGTTGCTTGAATGCCTCCCGCAACCCTTGCCACACATCTTGTGGCGAATATTCTGGAAATAGAGTTTCATCAGAAAGTAATGTACCACCACGCATATGCTGACTATGCGCCGCAATATAAAAAGAGGTGCCAGGGGTAAAACACAACGAAAAACCAATGGGTGTATCCTCAATAATATCGAGCCCCGTTGTTTCTGTATCAAATGCAAACCATTGGGTGTCAGCATGCGCAATTTTTGCAAACAGTTCGTTGAGATGCTGTTTAGTTACCACAAGTTGATAATTTTTGTTTTGCCATAAAAACGAATTTTGGTTATTTTCTGTATGTGTTGTTGTGTGTAACGTTAACTCTGGGTCTTTTGTCTCTGCAGTTAACACGCGCAATAAAGAATGCATGCGCAGTTGTTCTAAACTTTTTTTTGCACCCTGACTTGCTTTTAAATTTTCAAATGTATAGCGCAAAGAAAATTCAGAAACATTTAACGGAACAGAATTTTTAATTGTCACCAAATACTTTGAAAGCAAAGCACTATCTTTATGCAATTCTAATGCAGTTTTGGCTTTTTTATTGGTTATTTTTTGTAAATTTTCATACACATTTTCTACACTGCCAAACTCTAATATTAATTTTGCCGCCGTTTTATCGCCAATGCCTTTAACACCAGGAATATTATCAACTGCATCGCCAGTAAGAGCAAGCACTTCA
CP146516.1_gap57	1734454	1737414	2960	CCAATGTTTTTGTAACCCAACAATTGAAGTTAAAATAAATAAAAACACTCCAGCAAGCACCAACACATCATGCCAAGCCAGAGTGAGCACATCACCAAATAAAATACTTTCGGGGTTAATACGAATGTCTGGATAGCTTGAAATTGCAATAATTCCGATTGCAAAAAAAGAGGTTAAACAAATAACTGCCGAGGCATCAGGCGGAATCCGCAGTGTTTTTAAAATCCACTCAGAAATTAATGCCCCAAAAAGCGCGGTCACACCAGCGCCACCTAACACACAAACCCAAAAAGGAAGAGACGTTAAATTTGCAATAAAGATTCCGGCAATCACTCCCGGAAAAACCAAATGCGACAGAGTATCTCCCATATAAGCACGCTGTTTGAGCACGACAATTGGGCTTAACGTGCCGCACATTAAAGTAATAAAGACTGTTGCTGCAATTGCTGTTTGTGCAAAGCTATAATTAAAAATTTCAAAAAAATTGCTAAGGGTTTGCAGCATAAAAAATGCCTTTATTTAAGATTATGGTTTTTGCAGCTCTATACATAATATTTAATTAAATTATTACGGTAGATCGGGTTTGATCGTGTTTTCGGGTAAATGCAATGCTTCGCGTTAAATAGTTTTTAAAATTCTCCAAGTGGTGGTCAACAATAAAAATACACACCTTATGATCACATGCAAGCTGCTCTAATGTATCCATGAGCTGCTGCTGACAACATGTATCTAAGCTTGCTAATGGCTCATCTAAAAACAGCATTTTAGGGCACGATAAAATTGCTCTAACAATCATGGCACGTGTTTTTTGTCCGCCACTGAGCTCATGAAAACTGCGATTTTGATACCCAGCAAGTTGCCACTCAGACAACAATGCTTCAATATCTTCGATATCTTTCGCTGTAAAACGATATTGTGGTCCACGCCCCTGTTTGATAAAATCTAATACCGTAATATGAAAATATTTATTTACAGCATGAGACTGCGGCACGTAACCAATTCCTTGTGAAATATTGTGCACAGTTGGAATGGGAGCATCGTTAATCAAAACGGACCCAGCCATAGGTCTAATAAGCCCAAGCCATGTTTTTAATAATGTTGATTTTCCGCACCCATTTTGTCCTAAAATCGCATAAATTCCTGGCTCAGAAATTTCACCTGAAAACGGATGAATTAAGCTTGCTTTTTGTGGATAACCAATGACTAAATCTTTCCAACTCAAATAACTCATATCAATTCCATTAAGTAGGCAATTAGTCTTTTAAAGCGTTAATAATTGTAATTAAATTATGACGCCACATTGCGGGTGCTGTGTCGGCATCCGAGTTTTTGCCTCCAAGGGAATCGCCATACAAAACTCCCCCAACTTTAACTCCAGCCTCATTGGACACAGTTTTTATGTTGCGCATATTACCCGTAGATTCAAGAAAAACCGCAGAAATATTTTCTTTTTTTATAGCTGTAATGATTTTTTTTAACTGTTGTGCAGTAGGGGCGGCGTCATCGGATAGACCTAAAATACTATAAATTTTAAAATCAAATTCTGCTGCAAAATACCCAAGTGCATCATGATTGGTGGCAATCACACGTTTTTGTGGTGGCAAAACCTCAGACATTTTTTTGAGATGCGCCACCTCTTTGGTTAAATAACTCAGATAGTGTTCTGTGCACTGCCCAAAATTATTGGCCTCACTGGGCAGAGCAATTTGCAGTTGTGCTGCGATTTTTTGCACAGCCTTTTTAGTAAGCTCCGGTGACTGCCAAATATGAGGATCATACAATAGTTCAGAATCATGATGGTGGTGTTTTTCATCTTTGTGTATTTTTGCCAGAGGCATTCCTGCTGTCACAGAGAGCCATTGCTGCTCCGCTTTTTTTGTCATTTTATCTAGCCAAGGTTCAAACCCAGAGCCAATTGCAATCACAATTTGTGCTTTATCTAAAGCGATTCGATGTTGTGGCGTCATAAAAAAAGAATGGGGATCGCGCCCAACTGCAATTATAGAATGAGTTTCAATTTTTTTTGAAAAACAAGATGCTTCTTGCACAAGAGTTTTTAAGTAAGGAATTGTTGTGACAATTTTAATAGGTTGTTTTTCGGTTGCAAAAACAGAATGACATATAAAAAATAATATCACATTTATAACATATAAAAAAATTGAGTTTGTTTTCATAACTTAATATTGAGTCCATCGGTTAAAGAGTCTTTGTACGCCCTTCTAGCGGGCACCAAACCCAAGACACAGGACAAAATAAGAACAAGGAGTAAGTAATAATACTCATGTAATTGTACTGACAAAAAGGGAACAAAAACACCAAATTTTTCTAGCAAAATGGGTTGCACGATAAAAACAGCAATGTAGCTTAACATATAACCCAGTACACAACCTAATACACCAAAGATAAAAGATTCAATCACCAGTAAGAACACGACCGATGAGATTCCTGCGCCTACAGCTCTTAAAATCGCCATTTCACGGCGGCGCGAATCCAATGCCGCATACAAAGAAACCATCATGCCAACCAATCCAATAACCACAACCAAACCAGACACCAACTGAAACACCACTTCAATATAATCAACAATTTGCCAAAATTGATTGAGTGTGACTCCAGGAATAATGGCCATAATTGGCTCTTTTGTATAGTTATTAATATCACGCTGCATCCCCAAGGCGCCAATACGAGAGCGCATCCCCAACAAAAATGCAGAAAGTTCTTTTACTTTAAATTGTTCATCGCGGTGAGATGCCTCGCGATGAATTGCTTCGGTGCCTTCTAGCGATATAAATAATGCCCTATCAACAGGAGTTCCTGTTTCTTTTAAAATTGCAACCACCAAAAAAGGATTTTCAGAATGATGGTGGATAGAAGGTCCATCTGCAACACCATGAGATAACTCTATACGATCACCAAGTTTTAGGTTTTTCTTTTTTGCAACATCGGCCCCTAAAACAACA
CP146516.1_gap58	1781322	1783875	2553	AGGGCAGAGGCCAAGCCATCAGGATCGGGATCGGGTTGTAATAAAAGAGCAATTTTATCTCCCTCTTTTAAGATATCCCGAATTTCTTTGACACGATGAGTGCTTTCTATATGTCTCAGTTCTGCACTAATTGGACGACTTAACAGTTCTGTCCACGATAAAACTAGCTCGCGATCATTATCAACCAGCTTTCGCGGCTTTTCTGTAGGGTGCGCCATTTGAAACGATAAAATTCTTGATTCTGGCAATTCTTCTAAAATAATCTCCCTAACTTTTGAATATTTTTCGTTTTCTTTAAGAGACAAGACAACACAAATAGGATCATATTGACCCCATTGCGAAAAAAAAGACGGCTTGGTAATATCTCCTTTTACCAAAATGTCCTGCTTCCCAACAGGACTCTCACATGCCTCAATCAACGACGATTGCAACTGATTTTGCTTATTTGGCAGCCAAACCTTAATGTCCATACTTTTTTGAATATGAACAAGCGTTGAAGTGAGTTCCGGATCATCACAAATCACCAAAAAAAGGCCACGTTTAGAATCCATGAGTTACACCTTAAAGCCTATTTCTTAAAAAAATAACGAAACATAAAAAATACCCTTGCAAGACAGACTATGCTACAATACTTTACCGAAATAGTGATGAAGAGGCAAAATCATCGTGTCTTTCTATTCACAACTCGATTCATTTCAAGCGCTTGCGTAAAAGATCCTGCTTGTTTGCAAATTCAAGCAGCTCTCATTGAGGATATAAAATGACAGAAATACTTGGTTTTAACAACCTTACCAAAGCTTTAAGCTTCAATCTTTATGACTTTGCTGTAGCTCTAAACGATGAGGAAAGAGCATCATACATCAGGTATATCGACGAAAAGTATTCTGCCCGACAAATTGAATCCCAACTTATCCGTATTGCAGAAATCATTGATGCAGAAGTGCTAAACGTTAACTCAAAAGATTTCGATCCTTACGGAGCAAGCGTTGTACTTCTTATGAGTGATCTCAAAGGCGATCAAGCAACTCAAGCGGCAACTCAATTTTCTTCTTCAAAAGCATCCAACTTAATGGCACAATCTACAGTCTCTATTCATTTAGACAAAAGCCATATTTGTGCCCACACTTACCCTGACAGCCTTGATCCATCCGGAATTTGTAGCTTTCGGGTTGATATTGATATTGCAACGTGCGGGAGCATTTCTCCACTATACGCGCTTGATTTTATGTTCAAAGCATTTGAAACAGATGTGGTTTGTGTGGACTATGTTGTTCGGGGCTTTGCACGCAATAAACGCAACGAAAAAGTGTTTATGGATCACGAAATGACAAGTATTACAAAATACGTATCTCCTATGATATTGAGAGACTATGATACTTTTGATAAAAACTCTCCTGAGCATCATACATTTCAAACGATATTCTGCAGACGTGAGCTTGATGAAAGCAGTTATTTTAGAAATCCTCGCACAGTGCCACCTGATGTTGCAGCAGAAAAGATGATTTTAATTCGCAAAGAAATGGATTCTGTCGCGCGATTGATTAAGTAAGCTTTTGTCTTAAAATCAAACCCTCCGCTCAGAAATTTGATCATAGCCCCCACGAAGCCTTCAATATCTTCTTTTGGGGGCTAAATTGTTCGCCTCCATGACTAAATAATTATAGAATATCGTTCGATTAACGAATTCACTCTTTCCCTTCGTGTTTTCTTTAACCAAATAAAGGGATTATTCTTGAAAAAACACAATACACCGAAAAATAGAACTTTATCGCTGATTAGAACCTTAGGCAGCACTGCCTTAAAAGCGGGTAATGAAGTTTTAAAAAGAAAAATAAGTCAATCAATCGAGGACAGCACCTTTATCAGTGATGCTGCAGTCCGTTTAGCAAAAGGTTTGGATGATTTAAAAGGAGCGGCAATGAAAGCAGGTCAACTATTAAGTATGGTTGACGAAAGCATTTTGCCACCTGGCTGGAAAGATGCATTAGCCAAATTGCAATCTCACGCAACCGCTAAGGATTGGAGTTTTATAGAGCCTATTCTTTTACAAGAATTTGGATCGTTAGAAGATTTTGAATTTATCGAACACCAAGCCATTCATGCAGCAAGCATCGGACAAGTTCATAAAGGTCGCTTAAAAGATGGGACTTCTGTGGCAGTAAAAGTGCAATACCCCAATTTAGAAGCGAGCGTTAAATCTGATCTAAAGAGCATGAAAAAAGTCATTAAAATTGCAAATTTGATCCCAAATCTTGCTAACTATGATGCTGTTTTTGATGCTGTCGAGCATCTTTTTATGCAAGAGTTAGATTTTATTAGAGAGAAAAATTATTATAATTTATACCACGAACGTTTTAAGAGCCATCCAAATATCATTGTTCCAAAGACCATCGATCAATATTGTACAAAACATGTTTTGGTCACTGAGTGGGTTGAAGCAGAAAGTTTACAAGACTGGCTTACCAAAAACTCGCAAGAAATGCATAGCAGTCCTGATATAATGCAGCAAAGAGATAAGTTAGGTCAAATTTTACTCGATCTCGTTTTTACAGA
CP146516.1_gap59	1819199	1823649	4450	CTAATAAAATATATCGAGAAGTTAGTAACAATGAATTGCACACAATATCAGGAGTGAAGGTTTTTTTAGGAAAGCGAATTGCAGACTCAACATATTTGTATTTTTTTTGTAGTTCTTTAAAATCTGAAGTTTTTCGATATTTTTTTAATGCATTTGCAACCTTAAAAAAGATATTTGAATAATCGACACGATCGACTGAAGTTAAAAAAAATGAATTTCTAAAATCTGTAGAATTAATGCCTTTATAGTTTCCTGTTTCTAAAAAAACCCAATTAGGAAAAGAACGCAAGTAATAAGAAGAAGCGTCTTTTTCATGACCCACCAACGCTATCGAAGAATCTCCGGCAATTTTTGACACTTCTCCAATTACATTCGAAACCCACAGGTCTTCTGAATAAAGTCTATCTCTTACAGTCACAAAACGAACTCTCTTTTTTTGTGCGGGAGTTAAACAAGAAAGAATCATGTCAATACGTTGCTCTGAACTCCAAGGTCCACGCACAGAAGGTGCCAAACGATGCCCACCGATCACAATAATAAGTTTGGCTGCATGCTCTAATGCAAAACAGACTGAATGCAAATGTCCTTTATGAAATGGTTGAAAACGACCAATAAACACTGCGGTTGAAAAAGTATAACTTTTTTTCTTACCCATTTAGTTCTTCCTTATTAGGAACAAACGTAGTCATTTAGAGTACAAATTCTTTGTTACTAACGCTTGACACTTATATATAACAGTAATACAGTTAAGCAATCATTCGTTTTGTCAACGAATGCTATATTTCTAATCACTAGAAGGAACTCTGTTATGAATTCTGCTTCAACAAAGAAATGGGCACTCATTGCAGCCTTGGTATGTTCTCCAATGCTTACTCTTTCTGCAAGCGCAACCCCTAGTTCTCCAGCATCTACCAGCAAGAAGGGTTCAATGAACTTTAAAAGCGACGAAGACAAAGTAAGTTACATAATTGGCCACGATATTTCTTCAAGTATTAAAAATAACGAATTCAAAGTAAACAAAACGATACTTTTGAAAGCGCTCGAAGAAGGATTAAATGGCAAAGAATCAGAAATCAGTCAACAAGACGCACAAGCTTTTATGCAAAAGTACATTTCTGATCAGCAAAAAGTTCGCGGTGACAAAAATTTAAAAGATGGCGAAGCTTATTTAAGCAAAAACAAGTCTGAAAAAGGTGTTGTTACTTTAGCAAGCGGTCTACAATATAAAGTCTTGACAGAAGGCAAAGGTGTTAAACCAAAAGCAACAGATACAGTCACTGTCAATTACGAAGGAACTTTAATTAACGGTAAAGTTTTTGATAGCTCCTACCAACGCGGACAACCAATCTCTTTTCCAGTAAATGGCGTGATTAAAGGTTGGACTGAAGCATTGCAATTAATGCCAGAAGGATCCACTTGGATGCTTTATATCCCAGCAGGCCTTGCATATGGCGCGCAATCACCTTCTCCAGCAATTGGCCCTAATTCTACTTTAGTGTTTAAAGTGAATTTGGTTTCTATTGCAAAACCTGCTCCAGCAAAAACTGCTGAAAAAGAAACTGAAAAAAAATAAGTTTTCTTTTTGATTAGCAAATTAAAAAAAGCGAAATGGGACAGCACAAAACTGTCCCATTTCGCTTTTTACTTGCAAAAGCAATTTTTTAAAATCACTGGCAGCTTTTCACACACAGTTCAAAAAATTCTTGTGAATTTAAGCTTGCTCCACCAACCAACGCACCATCGATATCTTTACAGTTTATAAATTCTTGAACATTGCTCAATTTGACACTACCACCATAAAGAATTCTAATTTTCTCAGCTGTACTGCTATTAAAAATTTTAGCCATCACATTTCGAATGATTGCATGAGCCTCTTGCGCCTCAATCGAGGTCGCGGCCTTTCCTGTTCCTATAGCCCAAACAGGCTCATAGGCAATTGAAAACAATGGTTGCAAATTGTGACTGCGACCAAGTAACTCAGATGCATCTGCAATTGACGCAGCCGCAAAAGCCTCTGTTAATTGCTTTTCAAGAATATTTTGCAGTTGCCCACTTTCTCTTTCTTGTAGCGTTTCACCAATACACAGCACCGCTTTTAAACCCGAGCGAAGCAAAGCTCCAACACGCAAACCTGCCGTATGATTGGTTTCTCCAAACATTTGTCTGCGCTCACTGTGGCCAATTAAACTCCCTGCAACACCAACGCTATTAAGCATTTCCGCGGACACTTCTCCAGTAAATGCACCATCTTTTGCCCAATGCGCGTTTTGTGCGAATAACGTCACAGAATTTTGCGTTTTTGATGCTAAATCTGCTAAAAAAAGATGCGGAGCTGCAATTCCCACTTCAAGCTTTAACTTCTGAGAAGACAATAAATTTGCTAACTGCAAAAAATCAGTGCTTGCTGATGATGGCGTTTTAAACATTTTCCAATTGCCAATAATTATTTTTTCTCTTACCAAAGACATGCAGACCTCTAAAATTTAAAATAAATATTTTTAAAATTTACAAACCAACCAAGCAGTTACTTAACTCTTAAGACACGAATTCCAGGTAACTCTTTACCTTCTAATAATTCCATACTGGCACCACCACCCGTCGAAACATGTGTGACTTTGTCTGCTAATTTGAATTTGGTAATTGCCGCAGCAGAATCTCCGCCACCAACAATTGTGGTACCAACACATTCGCTGAGCGCTTTTGCCACTTCTTTTGTGCCATTTGCAAATGCATCCATTTCAAACACACCCATTGGACCATTCCACACAACGACTTTGCTATTTTTTATCACTTCGGCAAAATTTTGTGCACTGCGTGAACCAATATCTAACCCCATTAATCCATCAGGAATATCAGCAGTATTAATGACAACTGGTTTGGAATTTTCTGAAAACTCTGTGGCACAAATATGATCTTCTGGCAAATAAATTTTTACATTTCTTTGTTCAGCCGCTTTAAAAATTTCTGCCACTAATGGCAATTTGTCCAATTCAACCCGAGAATTTCCAACATTTCTCCCTTTAAATTTTAAAAAAGTGTAAGCCATAGCTCCACCAATAATCATATTATTTGCAATCGTGGTAAATTTTCTTAAAATTTCAATCTTATCTGAAACTTTAGCGCCACCAAAAATTGCGGTCACAGGCGGTTTCGGAGCACGAAAAGCATCTTCAAGAAACTGAATTTCTTTTGTCACTAAAAATCCCGCGGCCCTGCGGTCTGCAGGAAAACATTCTGGAACAGCAAACATCGAAGCATCTGCCCTATGACTTGTGCCAAATGCATCATTGACATAAAAGTTTGCAAACTCTGCTAATTTATTCGCAAACGAAAGATTTCCTGCTTGTTCTTCTTTATAAAAACGCAAATTTTCAAGAAGAATCATTTGACTAGGTTTCATGTCATAAACAATTTTTTTAAAACCATCTTCCAAATAGTCTTGGCAAAAAATTACTTCAATATTTAATAGTTCTGCCATTCGCGCCCCAATAGGAGCGAGAGAAAATTCTTGTTCAAAGCCTGCACCTTTGGGGCGACCCAAATGTGAACATGCTATAATTTTAATATTTTTTTCTAGTAACCATTTTATCGTTGGTATGGCTGCCAAGATTCGCGTTTCGTCAGTAATTTTTCCGTTTTTTAATGGTACATTGAAATCAAGACGCAAAAAAACAACTGGCTGACTCTCTGTTGCAAACTTTAAATCTTCTAAAACACGAATGCGATTTTGCATATGTGAACATCCTCTTCAGTAAAACTCAAGCTCATAAAACCACAGAAAGTAAAGAACTGTTCATGCAATTTGTCAAACAGTTGTGAATTAAGCTGCACTATGCGAAAACACTCGAGTACACCATGAATGTTAAAGCGAAACTGCTGAAAACAGCATGCTTTGGGAGGCTTTTAAATTGAAACAAGAACTCTTTCAAAAAGATCCAAATGTTTATTCTTTAATTTTAAGCGGTGGCTCAGGAACACGGCTCTGGCCTTTATCGCGCAAAACATTTCCAAAACAATTTTTAGCACTTGGCAATAACCAAAAAAGTCTTCTGCAATTAACGGTCGATCGCATTAAAAATATTACAATTCAAGAAAATCGTTGGCTTATCACTACTCAAGTGCAAGAAAAACTGTGTCATAAACAAGTTCAAAATCAAGTATCTCGTTTTATTATTGAGCCAGAGCCTCGCAATACGGCACCTGCAATTGCCTTAGGCGCCTGGGAATTACTAAAAGAAAATCCCAATTCTATTATGGTGATTATTTCCTCCGACCACTCCATTCAAAATGTTCGATCTTTTGAACAAACAATATTAGATGCCATACAACTTGCAAAAAATAACTTTTTTGTGACTGTAGGAATTCAGCCAACACATCCGGCAACGGGTTTTGGCTACATTGAAAAGGGTCTTCCTCTCGATAGCTCGGGAAATATTATTTCTCCACAAAA
CP146516.1_gap60	1845536	1848984	3448	TCTCATGTGCCTTTTAGGTAGGAGCAAAAATTATGTTTTTGGACAAACTGATTGTATTCCATTTCGACCATTTGAAGGCAATGATGTGACCAATTCTAAAGGTCGGTATACTGCGTGGCGGAATCATATTCATGATCTCGAAGAAATGCAGCTAGGTGGGCCTACGTTTGGCTGGATGCAGCAAGCAATACTATTTTCTAAGAAAATAAGAAAAACAAAAAACGAAATAAAAACCCCAATTCTTATTTTGCAAGCAGAAAAGGACACCGTTGTTGCCAATGATGCTCAAACAGCATTTTGCAAAAAGCTATCAAACTGTAATTTAATTTTAGTTAATCACGCTAAACATGAGGTTTTGATGGAAGCAGATTGCATTAGAAATCAGGTACTTGAAGATATTAAAAATTTTGTGATGGGAGTGAAATAAAAAAACCTCCTATCATCTAGGAGGTTTAAATAAGATTAAGGCTGCACAGAGCTACTCTTCCACACCTAAAGGTGCAGTACCATTGCCGCTGGTAGGCTTGACTTCGGAGTTCGGAATGGGATCCGGTATTTCCCCACCGCAATCAGCACAGCCAAATCGAGGCTATAAACTAAACCAATAGGTATGTGTTTTTAATTGATAAGTCAAGAAAAAGTAGTAAAAAAATTATTCCTAAAAAATTAATCTATTATATCAATTTATTACACAAACGAACTATCCGTCTTGCTGCGTCTTCGATATTTTCTTGCCCTTGAGTCAAAGACGCTCTAAAATATCCAGGACATCCAAATGCACTCCCCGGAACACATAAAACTCCAGCATGCACAAGTTCTTCACAAAACTGTCTATCATCTTTTTGTGGAGATTTAGGAAAAACAAAAAAACCTGCATCGGGGGTTTGAGTTTTCACCCCACATTCTTCTAAAATTTTAATAAAAGACAACACTCGTTTTTGATACACTGCGACATCGACTTTAAAGTCGTAGGCATAAGGAATAAGACGCTGCATCAATCGAGGAGCGCTGACAAAACCAAGTACTCGTGAAGAGTTTCTCAACGCTTGAGAAAGATCAAATGCAAATTTATCATTTTTCCATGCAATAAACCCAATTCTTTCACCAGCCAATCCCAAATCCTTTGAAAAAGAACGAACAATCCAAGTAAATGGGTAATTTTTGAGCAAAGAATAAGAACTTTTCGAATCATAAACAATACGATAATAAGGTTCATCAGAAATTATTTGAATAACTTGGTTATATTTCTTAAGGCGCAATTTAAGAATGTCAATAATTTTTTGCAATACCTCTTCTTGATAAGCAATTCCAGCAGGGTTATTGGGACTATTTAAAACAATTAATTTTGTTTTATGAGAAATTTTTTTTTCAAAATCTTTTAGTATAGGATTATGAAAAGAATTACTTTTTACAATAATGGGTTTTGCTCCAAAGTTGTGAGTATAGGGAATATACTCGGGAAAGTAAGGAGCAAAAATTATGACCTCATCATTAGGGTCCAAAAAAGTTCTAAATAAAATTTGCAAAGCACCCGCAGCTCCAACACTTAAATAAACAGAATCAGGCGAAACATCTATTCCTTCAGATTGCGATAATCGATTCGCTAAAAATTGTCTGACCTCCATGAGCCCTGCTGCATCCATATATCTGTGATTGCCTTTTTCTTTACTACTTACTAACTCTGTTAAAATTTTTTTTAACTCTTGGGGGGGTTCTAAATCAGGATTTCCTAAAGAAAGATCAATTAAATTAAGATCTGGATTTGTTTCTTTTAATTTTTGACCTAACATAAATATTCTACGTATGTCTCCACCCATTTGAGATAGTTTATCAAATTTCTTAGAAAAGCACTTAGCTATTTTTTGTTTTTTAAATTCATTCATCATTTAAAAAATCCTTAAATTAAATTTAAATTGATAAATTATAAAATAAAAAAGATATTAACTTACATAATTAAGTTAATATCTGAAATATTATTTAAATACAAACAAATTAACCTAACAAACGTAACGCAGCTCCTGGAGATTGATTTGCTTGCGACAACACAGCAACACCTGCTTGTTTAAGAATATTACTTTGAGCATACCGTGTCGTTTCTTCAGCAAAATCTGTATCACGTATACGACTATTTGCAGCAGAAAAGTTTTCACTCATAATTGCTAAGTTAGCAACTGTTGAACCTAAACGACTTTGAATCGCTCCTAAATCTGCGCGAAAACCTGCTATGGTATTGATTGCATCATCAAGTTTCGCAATCGATCGTTGAGCTTTATTTTTTGAAACTGTTGAATCTTTTACACCTTCAACGTAAACACCTGTGGAATCCTTACTATCGTCGTTACCACGACCTAATTTTAAACCCACAGTGCTTGTATCAATTTGATCAAACTTTACTCGAATAATATTGACTGGATTTCTACCAAATGGATCTTTTATACCAATTGCGTCAACTCCTTCATACCAGTTTTTACCAACTTGAATTTCAAAAGGAGGTGTATTGATCCGATTTAACATTTTTTCATCAGGTATCTTTTTGGCAGCATTTTGGCCAATTAGTAACAAGCTCCCATTATACTCTGTAGAATTTGTAATACGATCAATTTCATCTTTTAAAGCTGTATATTCTTTATTAATAAAATTACGCTCATTGTTACCTATTGTATCAGATGCGCCTTGCACAGAAAGTTCTCTTAAACGACTTAAAATGTTACTTATTTCGTTCATCCCACCTTCGGCAACCTGTACCATTGAAATACCATCATTAGCATTTCTTTTTGCCATATTTAAACCTCTGATGTCTGCTTTTAGTTTCTCACTAATTGCAAGACCAGCTGCATCATCTGATGACTTGTTGATTCTGTAACCAGAACTGAGTTTTTCCATAGATAGATCATTTGCAGAAGTTGAAATAGCGAGTGATCTTTGTGAGTTTAGAGATTGTATATTGGTTTGAATTCGTAAACCCATAATCTGTTTCCTCCATGAAACAATAATTTCCCCGAAGGGATTAGCAGTCATCCTGACCGCCATATTCCTCGTTTAAAAATCAGCGTAAAAGATTTAGGTTCTTAGTACGGCGACAATTAAATTTGTTTTTCAAATTTATTATGTCATCATAAACAAGGATTAAATTTTAAATCGGAGAAACTAAGCATGACTTAACTGGGCAACGATTGCATATAGCAATAAAATAGACGATTCACATTTAATTTAAACCAAAAAATTTACTCAATGAGGATTAAATGAAACCAGCAATTGATGAGATTTCCCAAAATAGTAACATACTAAATCATTGTGGAAGAATTGGAGTTGTCGCAAATCAAACCTCTGTCAATTCTCAATTTGTTCCTTCAACAGATATTATTTATGAAGCGGCAAAATTTGCACAAGGAAGTTCTGTAAGTTGTGTTTTTGGTCCTCAACATGGTTATTATCAAACAGAACAAGA
CP146516.1_gap61	1856825	1858487	1662	GTTCCAAGACTCAGTTTTCTTCACAAGAAGCAAAGAACTTGGTGGAAAGTATTTTAGAATCCATTAAATCTAAACTTGAAAATGGTGAAGAAGTTAAAATTTCCGGTTTTGGAAAATGGGTCGTACGTGAAAAGAGAAGTCGTCCAGGGAGAAATCCTCATACAGGACAACGTATTGAAATCTCTGCGCGTAGAGTGGTGACCTTCCATCCTTCCGAGAAACTAAGAGAGGCTGTTAATAATGCTGACCTAGATGATAGTAAGGTTGTAATGGCAGGTACTCACGAAGATGACTACAACGAATAAAAGAAATAATTAAATTATTTCTTTTTTGCAGAAGCTTTTTTAGCGACTCCAACTCTTTCTTTTAAAGATTTTGCAACACGAAAACTAATTTTCTTTGAAGCAGGTATTTTAATTTCTTCGCCTGTTTGAGGATTACGACCTTTGCGTGCTGCACGATCTTTACAAGTCAAAATTCCAACTTTATCAATACGAACCTTATGTCCTCCAGCAACATTATCTTCAATCGCTTCTAAGAATGCGGAGATAACTTCTTTCGTAATTTTTTTAGGTAACTGATCAAAACGCGCTGAAACATCAGCAATGATTGCGCTAGTAGGAACTGTTGTGATTGAACTTTTTGTCTTTGCCATAATATAAAACTCCATGTGTTAATTAAAGACACCGATTACCCGGAAATTTGTATTTACATTTCATTCGCTCATAATGCAAGATTTGCAGTAAAAAAATCTGATCCAATTTACCGAAAAGAAAATTCACAGTAGTTTATTAAAACAAAATTCTATTGGCGAGTACCAGAAAAGAAAGGCTGAACTAGAGAAGATTACAATAAATTAGGACAAGCGATAAACATGAATCTTTCTTCTTTAATATTAAAATATTTTTTTCCCTACGCCGACAAAAAGGAGTTTAATAAGTGGGCAACTTTTACATTAAGCGCTGCTGTAGATTTTCTCGAAAATAAAGATGGACAAAAACTCCATGAATACATTTCTCCAAATGATATTGCAAAATTATTTCAAGATTTTTTGATTCCTGAAAAAGGTAAAGATTTATTTGATGTTTTATCTGAAACAATGAATCATATCGTTAAAAACTCAGTTAAAGTTTCGCATCCTTTTTATATTGGACATATGACAGGTGCATGCCCAAATTTTACAATATTATGCGATCTCATCATAAGTTTTCTTAATCAAAACGTAGTTAAAATAGAAACAGCGCTTTCAGCAACATATGTTGAACGCCAAATACTTAACTGGATGCACAATTTAATTTATAAAAATAAAAAATTTTTAAACAAAAAAATTTTTGAAGATTCTAATTATTTTCTTGGCAGTTTTTGTAGTGGAGGAACTATAGGTAATATTACCGCATTGTTAGTTGCAAGAAATAAATTATTTCCAAGTATTCATAAAGACGGCGTTAATACGGCATTTAAAAAAAGTGGTTGTAAAAAAGCTGTTGTACTTGTGAGCTCTCGCGGACATTACTCAATCAAAAAGGCTGCTGCAATTCTTGGTATTGGCGAAAAAAACGTAATACCAATACCTTGCCATAGAGATAGTAATAATATAGACATTAGAAAATTAGACGACACAATTAAAAAATTAATAAAACAACAAATAAAAATTATTGCGAT
CP146516.1_gap62	1880873	1882123	1250	CAGAGTACTGCAACATACTAAATCCTTTTGATATGAGTAATTTTCTAAATTTTGCATAGGCTTTTCTTTGTTTTTTAGTTTTGGTTGGCAAGTCAAATAAAGCAAACAACCACACAGCAGAATACGCTCCAGAAATTTTTACCAAACTCATAATGTTATTTTCTTAATGTAATTTATTAAAATATTATTTTATTAAATTCGGAAGAAATAAGCTTACTTGTCCTGTAACAAATGCCTTGCTCAAAGATTGCGCTGACAAGGTAATAATATCCTGCAGCTGGCGCTCTTCTTGATCAACAGTAAATTTTTTATATAATACTGCAATCAGCCTTTGTTTAATGTCTTGCGTTAATTTATTTTCAGTAAAGTTTTCTGCTTCTACAATTAAAAAAACCTCTCGGTCAATAATAGGACGAAATGGTTCCATTAAATCATCTGCCAAACAAAAAGGATTGTATTTCCCTTTATGAAATACACCAATTGATGGGTTTAATCCGCAAGCACACAAACTCCTCGCTACCACAGCTCTAAGCACGGCATACCCATAATTTAAAAACATATTTTCATTTTCTGCTGTAATATCTCTTTTAAATTGTTTATTTTTACAAATGTTTTTCCAGTATATAATTGCTGCTTGCGCTTCTAAATTACCCTCGTCACCACTTTTTACTTTTTTACACAAATCTAAAAGCCCAAAATGCTCTTCTCTTCTGTTTAAAAGTAAATAGCCTTGGGCTTCAATTTTTTTAGCAATAATTTTTTTCCAAAGTTGCTTTTTAAAAGGAAGGGTTGCAAGAATTTGTTTAGCAAAACGCTGCGTTTGCACCGAGTGTGCCACCAAAGGTAACAGCATCCCAATAGGCATATGTTTGGTATCACAGCAAACAAATATACACCCGTATTCTGCTAATTTTGCTAATACAGCGTGCGTATAATTTACCGCTGGCGATGAGACAATAAGCGCAGAGATTTCTGCAAACGGGACTGTAACTTTATTACTGGATTCTATGACCAAAAGCTCACTAAAAGAAGAAAGCCTTACATTTTGTATAGAAATATCAATAATTCTCTTAATCATTACAATTAATGGGAAATTTTTTTAATAAAATGCGAGGAAATACTTTTAACATTTGCCTCATCAAACACGTCGCAGGCCAATTGAAAATCATCAATATCTAAAAAACCTTTTTCATTGAGCACGTCTTTAAGTTTATGAAACGAATCCACCAACATAGCATTTTGATCCAATA
CP146516.1_gap63	1904760	1906783	2023	ACTATAGGATTAGAAAAATCCGCGGTGCTTTTGTCTGAAACAACAACAGGCTTACTAAATTGTGCTGTCATTCCTTTTTCTATGGTATTAATACCATTACTTTCTTCTGGTGTTTTAGAAACTTCAATATATTCTGTTTCTTTAAATTTTTCAAAAAATTTTTCATTTTTATCACTATTATTTGAAAACATATCATTATTATTTTTATTATTAAAATTAAATTTATTAACAATATCATTTATCTTATTATCTATTTTTTCGTTTATTTTATTATCTAAATTTTCATTTTCAATAAACAATTCAGAAAAATTTTCAGACTTGTTTAAAACGGTAGCGGAAAAAGCTTTATTTTCCACTTCTATTTTATTATCCTTCAATAGTTTATTGTCTAAATTTACAAGTAAATTACTAAATTTAATTTCTTTTGAATTAAAATCAAATTCTTTATTAATTTTATTGTTTTTAAATGGAAAATTTATATTTGATTGAAAATCTTTTATATTAAAATCTAATTGATCTTGATTTTTATTTATAATAACTATTTTTCTATCTTCATTTTTTGGTAATAATTCGGATATAAAATTGTTATTTGTTTTTTTATTAAAATTATATTTATCATTACCTAGGTCTATTAATAAGTTTTGCTTATCAAAATCCAACTCTTTAGTTTTAGCTAAAAATCCTACCACAGTTGGATTTTTTATATCATCTTTAGGCGATTCGCTAAATACAACATAGTCAATCTGAAATTCGTTATTAATATCAATATTTTTTATGGGATAGGCAAAATATTTATCTGTAATTGGTACTATATTATTATAAAAATCTTCATTATAGATGTTGTTTTTAAAATGATTATTTGTTTTTAAATCATTTTTTATTTCGCTACTATTAATAAGAGGAGCTTCAATATTAATATTTGAAAATAATTTTTCTATCCCAATAGTGTTTTTATTTTCTGTTAATCTATTTAAATCACCTAATGAAACAGAACCAAGACCATCTACTTCTTTAATATAATTTAAATTAACTTTATTATTAGATAAATTATTATTTAAAATTTTAGAAAAATCTTTTTCAAGATTATAAAAATTAACATCATCTTTTGTAATATTTGGATTAATTTTGATATCTTTGTTATACGCAAGAGGAAAAAAGTTATATTCTCCTAATTGTTTATTAACATTATTATTACTAAATAATTTTTCGTTTTTTAGTACTCCGTTATTTTCAGCACAATTATGCTCATTTTTTTCAATATAATTATTATTATTTATTTGATTTACGATAGGGTTATTGACTACAAAATTTGCAATCTGATTTTGCTCAATTAGATTAGATATTTCATTTTCTTTTTCACTTTTATCCTGTTTAAAATTAAAAATCTTGTCGTTAAAATCACTGTCAGTTTTTGACTCATTTTTTTTGCCAAATAATTGCTCAAAAATTGTTTGAAAATTAGACTGCTGATTGGTGTTATCTAATTCATCTTCCAAGATTTCTTGCTCATTTTTAGGCTGTTGCTCAGCCACCGCTTGGTTTAGAGCGCCTATTGAAAACAAACTTGTTTTTGGGGATTCTACAAACATTTGCACACTCCGCATTAAAGAAACAAAATTATTGTTTCTTTAAGTAGAAGTTATCTGATATCCTCAAAAAACTTGAGCACTTTTCTTGCACACAAGAATAACTCTGGCTTGGGAATAGAGTTCAATGCTTGCCAATTTATAAGTAGGTAAAAATATTGCTATCAACAACTTCCCAAGGCGTCTCTTAGCCAGAAATCTCCATGAGATCTGCGCCCTTTGTTTCTTGGCTACCACCACACTTTTGCCGCTAAAAACATGACTTAATAGTATAGAGTTTCCTAGAAAATAGTTGACTTTGACAGAAAGCTTTTCTAATGTCTGGAGCTCTTGCTAACAAGGCAACTCGAAGCGCGCGCATGTTTTCAGCCAAATAAAGCATGCTTAAAGAAAACCGCGGCTACATACAAGGAAAGGTTTCGTATGCCAACCATTAA
CP146516.1_gap64	1913830	1917220	3390	CTATACTCGAATTTCTTTATGTAAAATATTGGAGAATTGAAACCTACGGGATTTCGAATATTCCCTCAAAAGGCCCCGTGCTTCTTGTTGGCAATCATTCTGGTGGACTGCCTTACGATGCCACAATGCTCAAAGTTGCAATTCAAAAAGAGCATCAAATGCATCGAGAATTAAGGTTTATGGTTGAAGATTTTTTGTTCCATTTTCCGTTTTTAGGGTCACTCATGAATAGATTTGGCGGAGTTCGAGCGAGCCAAGAAAATGCACAGCTTCTGCTTGAAAGCAATCATCCTGTTGTTGTGTTTCCAGAAGGCGTAAAAGGGCTTGGCAAGCTTTATCGCGACAAATATCATCTTGCAAGATTTGGGCGGGGCGGATTTATCAAACTGTGCTTGCGGACACGGGCTCCTTTAATTCCTGTTGCCTTTATTGGCCCCGAAGAAATTCACCCAATGATTGCTAAAGAAACAACAATTTCTAGAATTATTGGCGTTCCATACACGCCAATTACATGGACTTTTCCTTGGCTTGGATTATTGGGGCTCGTTCCTTTACCGAGCAAATGGAACATACATATTATGCCGCCAATTGATTTTTCAAACTACGGACCAGGGGCAGAAAAAGATCGAGTTTTGGTTTATAAAATGTCTCGAATGGTTAAAGAGCAAATTCAAAGCACAATAGTTGATAAACTTAAAAGCAGACGCAGCATATGGTTTGGATAATTTAAGGAGATTGTATGTCTCAGACAATTCGTGTGATCTATAATCAAAAAGGTGGAGTTGGGAAAACAACATTAGCTGTTAACTTAGCAGCCTGCTCCGCTATGCATGGACGCCGTACTTTGCTTGTTGATTCGGATCCTCAAGGTAATGCCACAGCCTATTTATTAGGTCTCACCCAACAACCAGAAAAAACACTGGCCGAATTTTATGAAAGCTGTTTACATATCAATATTTTTAGACAATCGTTGTTTGATTATATTTTGCATCAAACTAAAATTCCTAATTTGCACTTGGTTGCATGCAACAGAGAACTCGAAGATATTCGAACAAAGCTTGAAAATAAACATAAAATCATGAAATTAAAAGATGGTTTAAAAAATAATACCTATGAAGAAATCTATCTTGATCCACCGCCTGCAAATGATTTTTTTAGCTTATCGTGTTTAATTGCTGCGACAGAAATTTTAATTCCGATTGACTGTGATGCCTTTAGCATTAGAGCTGCTCAAGAAATTAAAAATACCATTGAGGAAGTTCGCCACGATCACAATCCTAATTTAATTGTAAAAGGTATAATTGTTAACCAATATCAAAAAGGAACAAAACACGCGCAAAGTGTTATTAAAGAACTAGAAAAAATAGGATTTAAAATCTTAGAGCCTTATATCCCAATTAGTGTTAAAGTGAAAGAATCACATAGCGAAGTAAAACCAATTGTGATTGGTCATCCCGATCATCCTGTGAGTCAATCTATTATTGGTATCTATAATTTTATCAACAACCCAACATTAGATCCAAATACAGCTTACACTCAAAACTCACCCAAAAAATCTAATTCTGCTTCTGAAATTACACCTAATTATTAAATTTAATTTTATAATTGACTTTAACAATTTAGTTTTTTAAATTTAAATTTGTTTTAATTCTACTATTTATCAAGTAAAATATTGAAGGAAATTTAGAATGAAAAAACTTAGTGTTATAATTTATTGCATTTTTCTTCAAACAACTTCTTTTTCTCAAGAAGAGGGTTGTAATCAAAAGAAAAAATCAGAGCAAATTGTTTGTTTAAACAAACAATTTTTTAATTTCAAAAAAGATGCTGAACTTAAAATTTCTACTCTTGAAAATAAAATTTCTGAACAACAAAAAAATTTAGAATTATTAAATAATATTAATACAAAAAATGAACTCGAAATAGTAGAAAAACAAGCATCAAAGTCAGTAGAGTATAGTATGCAAAGTTCTGACGAAAAAAATTCACAAAATAAAATTAACGAAATAAATTACATGCCACAAATTATTAACTTTAATCCTAAAGATGAAATTGCAAACATCACAATTAATAACGCGATATTCATTCAAACACAAAGAAAAGTGCAAGTATTTATCAATTTCACGGCCACAACAATTGGTTACGATAGAAATCCTTATATTGAATTTTTAATTACACTTCCTCATCATGACTTGAAATTTAAAAACAAATACAATCTAATTGGTATGGGCAATACAGAAGTGATGGACTGGCTGCATGGCGAAAGCACTTATACAGTTGCAGCAGAACCAGGAACTTCTTTTGCTAAAATTCAAGGAAAGATGCACACCAATCATAAAAAAACAAGTTCAAACGTGGTGTCATTTGTGTATGAGTTAAATTCTTATTAGTTCTTAACAAGATAACAAAGTACATCATAACTTTGCGTACCCGGAAGCATATCATACGGTTCTAAAAAAACGATTTTGTAATTTTGTTTTATAAAATATTTTAAATCTTCAATCATGTTATCAAAAAAAGATGAGACATAAATTATGCAACGAGGATTTAATAAACACACTTCACCCAATACTTTTTGTTCATAGCTCTCACGCCCTGGTGGATTCATGACAACCACATCAACATGTTGCAACTGATACTGCGCAACAACGTGCGAAAGAGTTTGTGCAACTGCGCCTTGATGAAAACTAATATTATTGAAACCGTTCAATTTAGCATTACGTTTGGCATCGTCAATTGCAGAAGCAGAAGGGTCAATTGCAAAAACTTGCTTGGCTTCACGTGCTAAAGTCATTGCTATTCCAGCGCAACCAAAATTTAGGTTTATAACCGTTTCTTTAAAGTTCAACTCCGATAAACCTAAAATACGATTGTACATATTAGCTGATAACAGTGGGTTAACAGGTAAAAAAGTCGCCACAGATAATTTTACAATGAGTTCATTGTAGCTCTCTTCTAACAGCTTTTGTCCCACAAGCAATTTAAATTCACCATCTTCACTAACATCATTTCTTTTGGCGTCAGTAGAAATAACTTGAGCAAATATTCCTTGTACATACATAAACTTTTCTGCAAGTTCGCGCGCAAGTGCGCGAAGCGCCGCATCAGCTGGTTTAGTGAGTTGCAATACAATTTGCACTTGTTTTGAATGACGCGACGCTCTAAAGATAATATTTTTTATCAAACCTGCACGGTTGCGAGGCGTATAAATCGAAATTTGATGTGTTCGAATTGCTGCATGCAACCACGCTACGATGTCATTGATAGAATTTGTCTGAATTGGACAACGGCCAATATCAATCACCTGATTACGAGACTGGTGATAAAATCCTAAATCTATCCATCTTTTGGCATTTGCGGTGTCTGATCCACTCTCTGACGCAACCGAAC
CP146516.1_gap65	1920908	1924716	3808	AGCAAAGACACTAGGAGAGAGTCAACGTTACAAAGAAATTGGCAACAAAGCTGGAAATTTATCTAAACAACTTGAAAAATTATCGGAATCAGACAAAGAACTTGCAAATATGATAGCTCCAGTTATTATGGCATTACAGTTTCAGGATAGTGTAAGACAAAGTTTAGAAAATATTTTAAAATGCTTTCAAGAATTTGCAAATCGTTCGCAAGGAATAACGCAAAAAAAACTTGCAGGAAATGAAGAGGTAGAATTTTGGAACACTGTTGAAAATAAATTTACAACAACAGAAGAAAGAAATATTGTCCGCAAAACAATTTATGGCGAAAATGCAAAACTTATTGAAGACAACGCAAAATCTGATCCTTTTATGTTTTAATCTACAAATTTATTATTTTCAAAATCCCATGTTGAGCAAGCAAAATTAGTTGAATTTGTTTTGTAGTCAAAATATTGGATAAAATTATAATCATAAAAATATTTTGGATAAAAAAATGGTCCCCAAAAGTTAATATAGCTTTCACCACTATTAGTAATTTTAAAAAAGTATTCATACCTTTTGAAAAAAGCACCGGCTACACTCACACACACATAATCACCGACATTTAAATAATCTTGATGAGATTGTCCAACTGCTTTTTCTGTTGAACAACCATTTTTTGTACACACTTTAGCTAAAAAAGCTGTACCTGGAACAAAATTTATACTAACTTTTTTTTGATTAAAATCATTTGAAAATGCACAAACACTACTAAGTCCAAATATAACAATAAAAAAATTTAAAATAATTTTCATAAAAATTTCCTTTTATTAATTTATAAATTTATCGCAAAATCTTTGATTTTTTTGATATTTTTGATATTTTCCAAACGCTTCACCTTTAATGTATTGAATAGAAGATTTTGTAACATCAAAAGCTCTGTCTGTAATAGTTCCCCAAAAGTTAATTTCAGAAATATTTGATTGTTTATTATATTTAAATAGATAATCATAATAATAAATTGCATCATAAATACGTACACATACTTCATCGCCTTCTTTAGGATTATGTATGATATATTTATCACCCAAATGAAGAGTTTGAGAGCAGGCGTTTTTTGCGCAAACGATTCCTGAAAATAATGCATTTTTATAAAAATTAACCAAAATTACACTATTATCAACATCATTTGCATTTAAATTTTCTAAAGACTGATCAGAATATACCGGAAAAGAAAATAATCCAGTTACTAAAAAACCTGCTTTAATAATAAACTTATTATTAATATTAAAAAACATTACCGACCTCCTTTTTAAATAACAGATTTATTTATATTTTATCTTAATTAACAAAGCAAATATATAATTTTTTATTTTTAAATTTAAATAAAAATGTTAAAAAATTTCTTTTTTTTTTACTTTAATAAACAAAAATAAATATTTTATAAAAATTGAAAAATAAGAAAAGTAAAAATAGAAATTTATCAAAATAAAAAATTATATCTCCAATATGTATTAAATTTTTAAAATTAATTAAACCTTGAAATTATAAAAAATTTAGTTCATTATTAACTATATAAAAAACTTTAAAACTTGATTTATACAGGGTTGAATACCATGCAAAATATTCAAGACACTATAATTGATAATGTAATTAAAAAACTTTGGCAAAATTATAAAAAAAAGGTTCCTCAAGCTAGCATCATCGAAAACGCTATAAAACAAAAACAAGACATATGGGTTGAAGATCATATTGCATTTAGAACATTACCAGGCAAAAACTGTGGGTTAAATATATTAAAAAATATTTTTGAGTTACTTGGTTATAAAAAATCAAATAGCTATAAGTTTCAAGATAAAAGACTTTCTGCAATATCTATGGATCCTCCTCATCAAGAAAATATGCCTAGCACAAAAGTTTTTCCTAAAGTTTTTATTAGTGTTCTTGAACCTGAAGGATTTTCTTCTAGTTTTGTAAAATGTATCAATAATTATACAGCAGATGTTACCCTATCACCACTTGATAAATTCAAATCTGAATTTAATTTGTTAAAAAAATATCCTCAAAGAGTTGATGATTTTTCAGAATCACTTGCACTTTTTCTAAATAGCGGTGCTATTTGGCGTAAGCCAATTTATAAAGACTATGAAACACTTCGCAAAGAAAGTGAGTATGCAGCTTGGACTCTTGTTTTTGGCAATACTCCCAATCATTTTACGGTCAGCGTTCATTTGATGAACAATTTTAAAAGCCTAAAAGAATTTAATAATTTTATTGAATCAGAACTTAAAATTAAATTAAACAACGCAGGAGGGTCCATTATTAAAGGCACTCCTGAAGTAAAGCTCGAACAAAGCGCTACGCTCGCAGAAGAAATTCTTGTTCCATTTCAAGATGGCTTTCAAAAAATTCCTTACGCCTTTGTAGAATTTGCCTATCGCTTTACTTTAGAAGGAAAAAAACACGACGGAATTTGGGATAACTATTACCAAGGTTTTGTAACAAGCAATGCAGATAAAATATTTGAATCCACTAATTTTAGAAAGTAAGTTTAAGAAAAAATTTCAACTGACTCCACTTTTGGTAATGGTATAGAAGTAAAAAATCTGGCAATACTTTCAAACTGTTCTGGAGAATCCGTACACATAACAGAGCATTCTTCTGTAAACAATATATTTTCAAAATTATTATTTTTTATAAACTGCGTAACAAAATTAACTATTGGCAAAGAAGATTCTACTAAATAAACTGGATCGTCTGTCGCTTTACGACCTAGCTTCATAACCCAATCGCCATGAATAGTTTTATACACAACAGTTTTACCAAGTTTTTTTTCAAGATAATCAGCAATGGAAAAAGCGAGTCTTGGATAATGAGTACAAGCAAGCATAACAACCTTTGTATCTTCTGGAATTTCGCAAAGATACATTTCGCATGTTGAATCAACAATAGAGCCTGTCGTAATTCCTTCTTCTACTAAAGGAACAAACAACGGACACGCTTTCGACCAAACCTTTGCAATACCAAGTAACTTAAGTTCTTCTGCAAATCGCGCACTTCGTATGGTAAAATGAGTGCCAAGAACGGCCACGGTTCTTAATTTATCGGTTAATATTTCACTTACAAACTTGCAAAACCCTTCTACAATACCAATCACTGGCATAGAAAATTGTTTTTGTAACTGCTTTGCCGCAACACTTGAAGCAGTACCGCAAGCAATAACCAAAAGAATCGCATTTCTTTTTTCTAAAAAATTAGCCGCCTCTATCGCGTATCGGGTAATGGTTTCTTGGCTTTTATTTCCATACGGACAACGGGCATTATCACCTAAATACTGAGTATTGAGTTGCGGAAAGCGTTTTAATACACTCTCCCAAACAGTGAGGCCACCTTGGCTAGAGTCAAAAAAAGCAATATTGGGCTTAATTTTATTTTTACAAATCATTCAAGCATATTTCCAAAGATTTTTTCAACTCTGTTTCCAGCAAGAACTCCAAACAACAGGTTTTCTCTTTGTTTTGAGAACGCTTTTAATTCTTCTGGAGATATCAACCCACTATTTAGTTTTTGTAAAATTACATCATTGAGTAAATTCACCAAGCCCGACTGCCAGCCAGCCTCGCGCGCTGCATACACATTAGCTGGCGTATCATCGATAAAATATACATCTTGAGCTTCTAAATTGGTTGCAAATTTTTGATTCACAAATTTTTTTGCCTCCAAAAAAGCATGCTTGTAAATTTGTGGGTCTGGTTTTTCATAACCAACATCCTGGCTAAAAATAGTGACATCAAAAATATCTCTTACCGGTAATCGCTTTTCAATCAT
CP146516.1_gap66	1925912	1927844	1932	GAAGGATTTGGGATCAAGTTTTTAACCCTAAATGAGCCTGACCAACAAAAAATTACACATTTTGTAAATTCAAATAGCCTATCTATAAAATCTGAGCATTATTATTTATAAAGCACTATCCGACCTTTTTAGTGACCACATTACCACCAACTGAGGGTTGTTTAAATTCGTTAGACAGATTTACAGAAACACCACTCGCTTTTTTTTCTACTTGAGGTGTTTTTGGTAATTCTTGTTTAGAATTTACATACATTGAATACAAATCTGGTTGTAATTTTGGACTCGGCACTCCATCAGGCCGGGGATTATTAACGACATCTTCCCATGCTTCGTATAAAGTCATTAAAAGTCTTTCAGAAATTTCGAGATCCTCAACTCTATTGTGGAGATTACCCTCAATTAACTTATCCATAATAAAAATATACAAGTTTTCAAGATCTGCGGAAAGCTGCCCCCCCACTTCATGATCTAGGGTATTAATCAGTTCAGATAAAATTGCTAATGCTTTGCTAATATTCTTGCCTTTTTCGGCCGTCTTATTTTCTTGCATTTTTGCTTTAGCAACTCTAATAAATTTAATGCATCCTTCATAAAGCATAAGCAAAATTTTACTAGGATTTGCAGTGGTAACGTTTGTTGACTGATAGGCTTTTAACGCTTTGGTATTCATGCAACTCCATCCTTGAAAATCAGTTCTCAAAATCGCATTTTGCACTACATTTGTTCAGGAGCCGGAGCACCTAATCTCTGTTGCAAAACTTGCCCTTGAGCATTCATTCCATTGATAAGTTGTTCAACCACGGTAAATTGTCTTCTGATCGCCTCTTCGCGTTGTTTGGCATGCCTTGTTTTAAAAGCGATGTCTTTATCAAAATTGTCGAGAATTCTTTTATATTCACGCTCTTTTGATGAAATCACACCGCTTTGCTGATTTTGAATTGCACGCACAGAATCAGACATCCGAATGCCGAGACCAGTTGACTCATCCGATTGGATAAACAACTTCGCAACTCCAGGATAATCTTCGGTTAAAGCCTGTTTCACTTTAGTCTCATCGTATTTCAAACCGCCAGTTTTTGGATCGGTAGAAATTCCTGCATCTGCTAAAGTTTGGTACTTTTTTCCTGGTACACTAAATTGAATAGAAGATTGCAATGCTCTCCGTAACGTCCTTAAACTGTTATCTTTAGAAAGCACTCCAGCTTTGTTTGTTGTAGGATCTAACTGAAATTGTTTATCAATAAATTCGTTTACTTTATTATATGTTTCAACAAATTTTTTTATGACGTCCATTGTTTTTTCAACATCATAATCTATTTTTACATTTATCTTTGTTCCAGGTTCTTCTCTTTTAACATCAAGTATTAATCCAGGAAATAAATCTGTTACTTTATTTGTTTCATTATAAACTTTTACATCTTCAAAAAGCATTTCTAAATTTCTTCCAGTCACTTGCTCTTTAAATTCAAGGTAAGTGGTATCTGGATCAATTGTAATTTTTGCTTCTTTACCAGATTGCTCTGAAATGACTATCAATCGATAATTGTCTTCTTCAGAGTCTTCAATTCCTTCTTTAGTATTAATGACAATCGCCTTAACACCTTTCGCCATAGAATTAATTTGAATTGCAACATCTTGCAACGTGGAATTATCGGGATCAATATCGACATCAAACGAATCACCATTTTCAGTTTCAATTGACATATACCCAAATCCAACTGGAGTTTGATCTTTGTCAGGAAAGCTTTGCGTTAAAAGTTTATTTGCCTTTGCAAGATGGCGAACTTCTAATTCAAAATTGCCAATGGGTGCATTGTTATCAACAGTGCCTTCAATAATATCGGGGTGCGAGCTTACAACTTTTAGCTTGTAAAAATCGGCTCGAGTTCGCATCCCATTTAGGGTTGTGCCAAGGGTACTCACAAGACCTTT
CP146516.1_gap67	1929064	1932297	3233	TTTTAAATGCTGTAGACGTTTTTGTACTTGGCACGTATAAAGAAACATATTCGTTATCTGTTTTGGATGCAATGGCCATGGGACTGCCAGTGATTGGCACTAACTCTGGTGGCACTCCCGAACAAATATTACACAATGAAAGAGGTTTATTAGTTCAACCAAAATCTTCGCTAGAAATTTCCAAAGCAATTTCTTTTTATTTAAATAATCCAGAGCATATTGCACGACATGGTGAAAATGCTAAAAAATGGATTCAAAAAGAACATTCTTGGCAACAAAAGCTTGAGAATTTATATTGCCTCTACTCACAATTTAACGGAAAATAATGTATGAATATACCTCTTTGCAAAGCACATATCCCCTCTCAAGCATTTGAAAATATTTATAAAGTATTAAGCTCTGGAAAACTATCGGGAGATGGTTCTTTTTGTCATATTGCCGAAGAAAAACTAAAAAAAATTTTTAATATTAAAAATGCGTTACTCACTTCATCATGCACTCATGCTCTTGAAACGGCAATGTTACTGTTAGAAGCAGATTACCAAGATGAAGTTATTTTGCCTTCCTATACTTTTGCATCAACTGCCAATTCAGTGATCGTTGCGGGGTTAAAACCCGTATTTTGCGATATCAATCCAACCACAATGAATATGGATCCAAGTGACGTTGTTAAAAAAATCACGCCACGCACAAAGGCAATAATTCCTGTCCATTATGCTGGAGTTGCCTGCGATATGGAAAGCCTTTTAAAAATAGGCAATACATATAAACTCAAAATTGTCGAAGATGCAGCACACAGCATTGGTGCCACATGGCAAAATGTGGCATTAGGGACAATAGGCGACATGGGAACTTTAAGTTTTCATGACACAAAAAACATTGTCTGCGGCGAAGGCGGCGCACTGCTTACAAACAACGAGGAGCTTGCAGAAAAAGCGCTAATTATTAGAGAAAAAGGAACAAACCGAACTCAATTTTTACGTGGACAAATTGATAAATATACATGGGTATTAAGAGGTTCTAGTTATGTTTTAGCTGAACCATTAGCAGCTATTTTAGCTGCAGAACTCGATCTTTTAGATGAACTTAACTTTAAAAGACAACATATTTATAATTATTATATTTCAAACTTAAACACATTAGAAAAACAGGAAAAATTCACTCTTCCTCATATTCCAAAAAACTGTACTTCAAATTATCATCTTTTTCATATTATTTTAAATAACGAACAGAATCGCAACGCGTTAATGGAGCACTTAAGAAGTAAAGGGATTGGTGCAACGTTTCATTATATCCCACTTCATACCGCACCTCTGGGCCAAACTTTTGGCTACAAAGTGGGAGATCTCCCAATTACAGAAGATTTCTCAAAAAGATTGCTAAGACTGCCCCTCTACCCTGATCTTGATGAACAATCTTTGCAATATATTGTAGAAGAAATTCACAATTGGTGTGACAAAAACCTTTAAGGAATTAAAGTCACAACTGTTGCAGCAAATGCAAAATTTCCTATTGAAGATAATGTTGTTACAGTTTGAAGAAGTATTTGAATATTTGAATTTAATAAGTTCGACGAAGATTCAATATCATCAAAAATTTGTGATAGATCCTGAATCTCACTGAGATAATTTCCATTTTGTAACATATTTTCACTTTCAGAATTTATATCAAATGCTCTCAGTTCTTCTTGCAATTCTGCAGTTGAATTTGTCGTGCCTGTTGATTCGGTGTCAAAACTACTATCCCAAAAACTCAATTCGCCTTCTTCTTGGTAATAGGGGGGTAATGAAGAGGAATAAGGGCGAGAAAAATGTTCAAAACTTTCATTAACATCTAATTCAGCAGCATCATCCACGATTGCATCACGAAGCGATAAATCCTGAATATTTTGAAAAACATTGCTAAATTGCTCTTCAGTTAATCCTTGCCGAAGAAATGCTGTTTGACGAACAATATGATTAAACTCTTCTGGTGGGTTCCATTCATTATTAGACCACTTATTCCATACCAACCGGTAAGACGGCAATCTATTTTCATTTAAAATTTGAAGCCGTACATCATGATCATCCACCATTTCAAAAAATCTGTTTAAAAAAGGTTCAAAATCATTGACAATAAAGTTCTCATTGAAAGGAATATCAATCATTGAAGCTAATGAAAAAGACAAATTTTCTTGAATTTTAATATTATCAAAAACTTTATGTCCTGTTTTTTGATTTATAATAGATTTATCATTTTGAATAAACCAATTTTGCCGCCATAGTTTAGAATTACATAAAGTTAAACTCACTCCAAAAATCGCAGATTCTTCAAGACAATATCCCTTTCGAAAAGCAGAAAATATTTTAAGTTTATTTAAATTTTTAGCACTATTAATTACATACCATTTTTGTGACTCATTATTAACACATTTTTCCCAAGATACATCATGTCCATAAAGTAATTTACTAGAATTATTTACATTTTTTTGAACCTTATTATAGATGTTAAGGCATTTATTCGAAACAGGATCAACAATTTGCACAAACTTTCTCTCAACACCATTAAAGTTAATATTATCAATTTTTTTAATTATTTTAAAAAAATAATTATTTATTTCTTTAATATTTTTTATTAATAAATTATATTTTTTTTCTGTCTTAATAAGGTTTATATATTTTTTATTAATGCCAGTTAATAGTTGAGAAAGTTATTGTGAGGCTTGAAGAAATAGCTCCAATTTGTTAAATAATTTTTGCACAAACAAAATTAACAAAGGAGCTACCAATGGACTGGCAGAGCCAACTCATCACTGTATACCTTACTACCTGCGATTTCTTTTCTCAACTCTCTCCAACCTCTTTTTTAAAAATTAGTCCAAACTCAAATCCCTCGTTCACAGACCAAGAAGTCACCACTATTTACATCTTTGGAGTTTTAATGAAACAAAAAAATATAAAAGCTATTTTTAACTTCACTAAAAATTTTATTCCAAACTGGTTTCCTCACTTGCCTTCTTATGAAGGATTTTTGTCAAGACTTAATAGCTTAAGTAAACTCTTTCCTGAACTTGCAAACTTTATTTTAAAAAATAATAAATTTAAAATCCCTAAAACAAAATCCAAACCTTTTATTCTTATTGACTCTTTACCTATTATACTCACAACTGGTTTTCGGGCGCACAAGTGCAATACTGCAAACGATATTTCTGCTATTGGCTATTGCTCTTCAAAAGATAAATTTTACTATGGGTT
CP146516.1_gap68	1957255	1961975	4720	AATCGTTGAGAGAACGCCAACTATCTCCTGAGACACAAACAACCCCTTAAATTTGTTAAATAAATAAAAAACCCCTGAAACTTTAAAAAAAAATCAGATTCTGAGCTTGCACTTAAATTTTTTATGTGGCAAGTATCGTTTCACTAAGTCGGGGGTTAGCGCAGTGGTAGCGCATCTGTCTTGGGAGCAGAGGGTCGCGAGTTCGAATCCCGCATCCCCGACCATTTCTTTCCTTTTAAATTTATCTCGGGTCTACCAGCAAGTTTTAATTAAATTTTTTATTACACTCTCATAAAACTCTTTGATTTTAAAAGCCGCGCTTTTTATTTTGCAACAATGTGATTTTAAATTGCTCTTAATGCAACGCAAGAAAACTTAAAGTTAACCTTATTTTAAAATTAGACTTGAAAAAAGTAGGAAATAAAGTTAGGGGATTTACCTTGAACAAACTCCTTGCTCCTCATATTTGGGGCTCAAGTTTTAGTTGCACGATCCATAAGGAGAAAATCTATGCGTGAATACGAAGCAATGATCATTGCTAAGGCTGATTTGCCTGAACCTGAACTTTCTAAAATGGTTTCTAAATGGGAAGCCATTATTGGTACAGATGGCGGCCAAATTGTAAAAAAAGACACTTGGGGCGTTCGCCGTCTTGCATATCCAATTAGAAAACAAACTCGTGGTAACTATTTTGTTTATGATGTTGCAACAGCACAAACAAATATTCACGAACTTGAACGCATTTTAAAGCTCGAAGAAAACGTACTTCGTTCTATGGTTATTAAACTTGCAGATAACGTTAACGTCGATGCACGCCGTGTTGAGCTGCAAAAACAAGCTGAAGCAGCTGCGCAAAGAGCAGCAGAAGCAGCTCGTGAAAAAGCAGAATCCGAGTCTCTTGGCGCACGCAGAGGACGTGACGACGAGTAAAAATTAATCTCTTGTCCCTCGCTTCGCACAAAAAAGGGACAAGCGTAGTTTTTTCTTCCCAGACTACAAATGCGACGCTGAGGCTACCATGGCTCATAAATTAAACAACTCTCAGGATTCGACTCCAACCAAAGAAAATGAAGCTTCTGCTAAAAAAATTACGCCAGCCTTGTTTCTTTCGGCTTTATTTGTTGCAGTTAGTTTTATTGTCATGTTGATTCCGCTAGCTATTTTTAGTGTTTCGCAAATTGCAGCAGTGCTTGGCAAGAGGTTTGCGCTTCTTTCAATGTCAATTGTTTCTGCCGCATTTATTATGCTGGGCATTATCTTTAATAGCTCATTACTTGGCACAACTGGGCTTATGGTTACAGTTTCCATTCCTTTTTTTATGGCTGCAATTGCAATCCGTGAAAAGAAATGGCATTGGTCTTTTTCTGCTTTTATTCTTTGTATTCCTGCAGCAATTTTAATTGGCACGTCTCTTGTATCAATGCCAAATCGCGCAGTCTTTGAGGAAAAATTTGCAGAATTACAAAGCACAGTTGCTGCTGTATCTCCTCCCTATAAAGCTCTTGATGAAGCTCAACAAGAGGCGGTACAAACAGGTGGGGCTGCATTCACATCTCCTGGTGCCAATATTGGTTTTAAAGAGTTCTTAGAACAGTTGAGCACATCTCCAGAACTAGAAAAAGTTAAAGAATTTCTTGACTTGTCTGTCTGGCAAAGAGCAGGGTTTCTTGTATTTGGAATGGGTGCATCATCTTTTCTCTTTTTATTATTAATTTCATTTGCTAATATTGTTTTTGTTGACTTTGGTTTTGAACAAATAGAACGCCTGAGAGCAATTATTAAATATATCCGCCGCAGGTCATCTGATTTTTCAGAATCATTGAAAGCGTCTTTAACGGCAATGCCTATGGTTCAAGCAGAGAGATTAGAAACTCCCTTTACAATCACTCAACATGGTAAAAGTGTTGAAACCCCTTCTGCAGATGGCATGCTTGCTAGTTTTTTATCATCGGTTTGGCGCCCGCTAAAACCTAAAAATGTGATTTACTGGCAAGGCTATAGCTTTCAGTTTGCAGGGAAGCCAGTTTGGGGATTAAGAGAGTTTAGTATTCCGCTTCCTATCGTCTTAATGTCTGTAGGGTTTATAGGTTACATTGGCTTTCGATATGGCAGTTTTGAAGCGCTTTCTCCTTTTTTAAAGGAAGGGCCTGTTGCTGTGCTTCTTGCGGTTGCGAGTGTTTTATCATTTATTGTGGTAAATATCGTAGCTCTTCAAGGCATGTTCACTATTTATAAAAGAATGCGCACATTGGTGATTTTCGCACTATTGATGCTTATTTTATTTTTAGGAGCAAAATCATCCTTTGGCCCATATACCGTGATAGCGCTATTTGGTGCAGTTGGATTGTTAGATTATGTGTATGACTGGCGAGGAAGAAAAACTTAAGTTTTATTCTCAACTGTCTATTAAATTAAACTTTATTGTATTACTGAAGAGGGTAAATATATGCTCGTGCTTTTACAAGCAAATGTACCAAACCTAGGCCAAATTGGCGACCTAGTAAAGGTAAAATCTGGATTTGCAAGAAACTTTCTTTTTCCTCGTGAATTAGCAGTCTTAGCAGACGAAAGAAATAAAAAGCTGTTGGATCACCAACGCAGACAAGCTGCTACAAAAAAACAAAAAGATCTTGGCATTGCAAACGAACTTGCTGCAAAAATCAGTTCTTTATCATTAACAATTCAAAAACCAGTTGGTGAAGAAGATAAAATTTTTGGTACAGTCACAACTCAAGAGCTTGCTGACGCATTCCGTGCAGCTGGCCACGAAATCGATCGCCGTATGATTACAATCTTAGATGAAATTAAGCTTGTAGGCGTTTACAAAGGTGCGGTAAAGCTTCATCCAGAAGTGACTGCTCAATTTAATATTTGGGTTGTTGCCCAAAATTAATATTTTTAATTTTGATTACTTGACCTTAAAAGCAGACCTTGTGTCTGCTTTTTTTTTGCCATATTTTTGCAAGGATTTAAGTTTCCTGTTCTATGTTCCGAATGCACTCATTATGAAACATTTAAAAGAAGCCAGAATATTATTAGAACAAGGTGATTCCGCAGGCGCTATGGAGATTATCGAAAATCTTTTATCGCTATCCCCTAAAAATACGGAAGCCTTAAAAATGAAATCGTTTATCCTAGATTCATGGGGGCGATTTGATGAATCCTTGAGTCTGTTGCATCAACTTGGCAAACTCTCTTCACCCTCTGAAGAAGAACCTTTTTTTGAGCTCGACAAACGTATAGAAGAAGATCGCGAGTCTTTAATTTATAGTCGTTTAACCCCAGAAGGCAGATGGTACTTTCAATTTTCTCCTCTGCAAATGTTTATCTCTTTAGTGGGTTTAATGGGATGTGTGTTATTTTTGCTCACAAGCCCGACTTACTTTGATGAAACAAATGCAACGAAATCAATATCTCCTGGTTTATTGCTGTCATTTTTTTCACTCGTTGTTTTACCTTGGTTTATATTAATAATGATAAACATTCGAGGAATAAAAAAAATATTAGTTGGCTTAACTGGAATTCATGTTTTTTATGGTTTAAAAAAAGTGATCTATACATGGGAAGAAATGGGTTCTGTTGTAATAGAATATGATACAAATTTAAATACTGATTATCTGCATTTAATTATATATTCAAAAAATACAAGAGAAGCTCTAGTCAATTTTGATATATCAAGAAACAGTAGCGTAATTAGAGCTCGCAGGCATTTTGTTCGATTAATTTTAAGTTATATTGATACTGTTAGCTATGTCCCCAGAGGAAAAGCAACAGAGTTTCTCAATCATAACGATAAAGCTCAAAATACCAATAATAGCTCTGCAGCTTAAAAAATATTAATAATTTTTTTTATCCCACAGCTCTGATAATCTTTGTTTTAGGCGCAGTTCAACTCCAAATTGCGATGGCAAATAAGCAGGCTGTTTTTCTTTTTGTTTAAAATTAAATATAGCTTGAGGCAAATATTCGGTTAAAACAAAACTATTTTCATAATTGTGAGGATATTGATAGTGTTGACTCCCCTTGATTGTTAATTTTGTAGGGGGCTCAATCGACAATCCCTTTTCTTCTGCTTGCAAACGCCATTTACGCACAACCTCAATAGCAGCATAAGCTTTATTGCTTTTAAATGTGCTGGCTAAATACGTAACACATTGTGCCAGCGGAATTCTGCCTTCTGGCATACCAACACATTCTACCGCTTTATAAGCACTTGTCGCTAGAGTCAGCGCTTGAGGATCGGCATTGCCAACATCTTCGCTCGCAAAAATAATACAGCGCCTTAAAATAAATAAAGGATCTTCTCCTTTATCAAGAGCTGCAATGGCGTAAAATAATGCCGCATCAGGGTCGCTGCCTCGCATACTTTTTATCATTGCGCTTACAAAGTCGTAGTGATTTTTAGCTGAAAAGAATTTTAATGAATTATTAAAAATCTCTTGTTCTTCTTCTGCATTTGTACAGTAAAAAATATTTTCAAGAAGGTTTAAGGCAAATCGCAAATCTCCGCCGCTCATTTTTGCAATTTTATGAATCACATTATTTTTTAAATGATCGATAAATTCAGGATTTCTTTCGCTTACAACATGTTGCGCATTGTCAGCAAGGTAAGTCAGTCCTAAAAATAACCCTTCCAAAATTTCTGTTTCGTTTAGCGCAGACACATAAATACAACGCATCCGGCTTAATATTGGAGCACTCAGTTCAGTATTTGGTGGCT
CP146516.1_gap69	1970513	1972909	2396	CTCAGTAGACACCACCGATTGAAGCTCCTTTATAAACAACTAAAACAAACGGGTGAAAGGTACGCTGCACGCTCACAGTCCGATTCTTGCATTATCACAAGTTTTAGGAGAAAGCATTGTATGATGCATTCTGTTTTGTTACTGCATTTCGGAGAAAATTTTAAATGGAAATTACAATCACACATATCCTCATTATCTTAGAACTTATTATTTTAGAAGGGTTATTAAGTTTTGATAATGCGCTAGCTCTAGCCGCCCTGGTTCGCAAAAAACTAAAAGACCCTATTCAACAACAACGCGCTTTGGTTTACGGCATTTGGGGCGCATACATTTTAAGAATAGGAATTATTTTTGTTGGCGTTTGGCTCATGAAGTATGAATGGGTTAAAGCCATTGCTGGTTTTTATCTTCTTTATTTAGCAATTCATGAACTATTTCTTCATAAAACACAACAATCATTGACAGAAGACAACAATCAATCTGCATCGCAAATGACAAGCTTAAAGGTTAGTGCAAAAACTTTTTTCATAGTCGTTGCTCAAGTTGAGTTGATGGATTTGATGTTTTCAATAGACTCTATTGCAGTTGCATTAGCAATTTCTGATATAAAATGGGTTCTGATCACAGGCGCAGTGCTTGGAGTCTTATTTATGCGTATCGCAGCAGGCTTATTTATAAGACTAATTGAAAACTTTCCCGCACTTGAAAAAACAGCATTTGTACTGGTTGGTCTTGCAGGTTTAAATGTAATTTTAAAACTTAAAGACCTGAATCTAGGGTTTATGTACCTCACCATTGACAAACCAATACCTGAAAACATTTTTTTAGGATTAATAGTTGGTATTCTCGTATTTGCAATAGTATTTAGCAAGATATTTTCTAAAAAATTGGCAAAATAAAAATTCCGTATATTCCTCACGATATATAAAATCAAATAAGCACAATTTATATAAATAATTAAAACTATAAAAATTTACACTAAATTACTTGAGAAAATTTTTGAACTTTAAATCTATTTTAAACAATTAATAATGGATTTTTTTTCCAAATAAATTTTAAAAAAAATTTGATTTTTTTTTAAATACTCTCTAGTAGATTAGCAAAGTTATCAAAAAAACGATAACTGAATTTAAAGGGACTAATTTTATGAAAATGCTTTTAAAAATGATAGTGTTCATTGTTGCAAGCAAAGGTTTTTTTAGCTACGCCAATTGTCCCACCCCTGCCACTTTTGAAGTAACAGATAATTTAACCTTTATTGCAAAAACAGAGCAAGGAATATGGCAGCAAATCTATAATTATCAAAGCTATTACTATCAACAAAACTACGCTAGTACGGAAGTTTCGCTGTTTTTTGTCATAGCTCATAAAGAAAATAATAGGCAATTTTTTAGTAATCACAAAATACATTCTAATAAAATAATTTGCATCTATCAAGTTAGTAACAAACCTGGCAAATTTATTATTCTTAAAAATCCAGAAAACACACACTACGAAATCAATGTACCAACAAGAAATGATGAAATAAATGGATGGAGAGACGGAGAACAAACACCCTATTGCTTTACAAAAACACTGCCTGCACGCGAAAATATAGATAACTATACTTATTGTAATTTTAATGCACTTAATTAAATTAAAAACAATTTTTTAAAGTAAACAAAATGTTTTGGTAATATTGTTATAAAATAATGAATGAGTTTTAAAAAAATAGCGTAACATACTGTTACGTAATCATGTACTTATTAATTACTTTGTACTTACCTCTCCATCAACATTATTATTCAATTGCTGTTGAATCGCTTTCTTTAAATCGTTTTGAGTATCACGATTAGAGTATCGCTTCATCTCTTCCATAATAAAATGCTTAGTTTGGTACTGAGGATCTTTCAATACCAGCTGCTTACCTAATCTGTTACTTAAATTAAAAACAAGAGGAGCCTTTAGATTAGCGCTCATTTTTTTAGGATCCATTGGAATTGTTACAATGACGGATATAACAGCCTCATTTGGATTTGTAAGTTTAAGAGCTGCAACCTCCTCTTCAGTAACCTCTACCATATAATCAGGCCTAAATGAAAGAGGACTAATTACAATAAAAGCCATTGTAGCTTCGTTAGTAGATTGAAGCCATTTAAACGGAGAATCAGTGTCATGATCAAGGAGAATAAATTGATTCAATTCTGGAAAACCAATAAGTCCTTCAGGCAGTGAAATTATATCACCTTCATTAATTTCCACTTCTCCGAAGCGCGATGTATTTACCTTCAAAGCATCCCTCCTATTTCATCAAATCATTAGCTCAATTCTCAGGTTATGTGACTCAAATAAAATGTGCAATAAGCGCACCTTTTTTTATTGACGTGTCAAAATATTCATCGCTAAAAGGTGTCAAA
CP146516.1_gap70	1982510	1986305	3795	TTTCTTAAAATTAATTAAGGAAAGATTTTTAATGTATCAAAAAACATTAGTATTTATTTGTATTTTTTTATTTTTTATAAATTCATGCAAAAAAATTATTAATTCAGAGATCGCGCGTAGTCCAGGACCATCCTCATGCTTGGCAAACAGAAACGAAATTTTATCTACAAATATAGTAGGAGGCCAAATTGTTGATAATACTACAGTTCCTTCGGGCAGAAATACGGTTGGAATTGTATTGCCTTTGGGAAATTCAATGTATGTCGTATGCACCGGAACCGTTGTGGCAGATAACCTTATTCTTACCGCAGCGCATTGCTTAGATGACATAGATCATAACAATGTTTCTCCAGGCCATATTGTGTTTTCAGATCAATTGAACTTTAGCCGGAACTCTGTGGTATCATCCCCAATCACATGTTGGCAAAAACACGGCAGCTACACCTCTTGTGCCGACACCAATTCATTGGGCTGTACTCTATTTGATATAGCCTGGTTAAAAATTGGCAATAGCGCAACAGCAAATTATGGCTACAATACTATTTCTGTTTTAGCAAATCCTCAATTGATTACAGCAACTGAATCAAAGTGGATGTTTGGCTTTGGACATTTGAGTGATTCTCAGTCAAATACATCAAATAGAAAGTATTCTGTTATGTCTGCCTCATCGATTAATTTTCCAGACACTATTCCAGGAGGGGCTATTACAAATTTCAATGCAATTACATTTAACAATGCTTATCAAAGCTATTTAACCGTTATCGGGCCAAACAACCAACCAGGCTCTGCAAAAGGAACCTGCATGGGGGATTCTGGAGGTCCCGTATACCTTAATCGCAATGGAAATTATATTTTAGCTGCACTCACACAAGGCTCAAACTCAGTGCTAACCCCACACCCCACAAACACGGCACCCCCTTACAGCTTTAATTCGTCTCAGTATGCTTTATGCAATGACGGCTATGGCGTTTACACAACCATTGGTAACTATATCAATTGGATACAAACGAGCAGTGGAGTGACATTGAGCCTCTTTTAAAAAATCAAACAATTTAACAGTTGTTTTGAACAGTTAACTGATCGAGTAAATCTTTAACCGTCATGCGCGAGACACCAAGACTTCTCAAGGATGAAGCAACAACATTTAAAATTGATTTTTCTAAATCAAATACTTTTTCATCACCAACTTGACGATAGACTGGCTGATGCGCATCAATAAGCGCAATGGCATCTGAACCCAATTCTGTTTTTAAATAATCAACACTAGGATGCACATTTTCAATGTAAAATTGATACCGACTTAATAATGATGTTTCATCATCATCAGCCCTGCCTCGTTTTGTGGCTCTTGATAACATTTCTTGTTTACTAATACTTAAATGCAATACTTTAATAACCGGAATACCAAACCGTTTTAAAAAAGAAATTAAATGTTGCGCAGCTTTAACAGTTCGTGGGTAACCATCTAAAATAAAAGGATGAGTTTTAAATTCTGGAGAATGTTCTATATGAGCCGCAATAAAATCTTGCGTCCATCTATTTGGAACCAACAAGCCATTCATTGTGCAAAATTCAAGCCATTCTAACTGACTTGTAAATTTATCCATTTCTTTTCGTTTAAAATACAACTCCATTTCTGGTACATAATTTAAAACTTTGCGTGTTAAATCGTCTGTGGTATCCACACAGTCAAAAATATTGACTGCATCTGAAATTTTATAATTTTCAGCAAGTAAAGTTGCATAGCTTTTTTCATTTTTGGCACGTTGAAAAGTTGTACGCAAAATTTCGCCCATTGATAAATGAGCTTCTTGAGGAATAGACATTACCTTAGATAAGGCAACAGCAACCTCTCCTTTTCCGCAGCTTGAGGGTCCTGTTAAAATTAAAACCCCCGGACCCCGTAATGAAACACGTTCAACTTTAATTTTAGACTCTAATTCATAAGCAACTCGGCTCAATGACATGTTTCATTTCCTATTTATTAAAGTAATATTTGTACTTGATTTTGTTTTAGCTGTTCGAGAATTGATTTTAAAATAGTTTCTTCTTGAGAAATTGCTGGGTATAAAGGAGCGCGAAGATTAGGACCACACAAACCCAAATGAGAAAGCATCCATTTTACTCCAATAGGGTTTGGTACAGAAAATATGCCACTATTTATGCAGTATGTTGCTAAATGAATTTTTTGCATTTCTTTCAAATTGTTCTTATAAAAATTTTGTAAAATTTGTAAAAGCGCATTAGGAATAATATGCGAGGTGACAGAAATCACACCTTCGGCTCCACACAAAAGCGCTGGCGCATAAGTTGCATCGTCTCCTGATAAAATTCTTACATTGTTTTTGTTACTTTCTTTTAAAGCATTTTTCATTTCTACTATTGCATTTACATTTCCAGCAGCTTCTTTAATAGCAACAATGTTTTCATTTTCAGAAGCAATTGTAGCTAATGTACCTGGTAAAATATTAACGCCCGTTCGACTTGGCACATTATAAATACAAATAGGTGTATTTTTTAATGCTAATGCCACCTCTCCGTAGTGCTTAATCAAACAATGCTGACTTGGTTTATTGTAATAAGGAGTGACTACCATGACTCCATTTGGAGAATTATTATTAGTATTTTTTATTTGTGAATATTTTATTGATTTATCAATAGTTGTTTTTGTATAATTTGTGCCTGTGCCAACATATACATGAAAATGATCATCTTGATGATTTAATGCAGCAAGAACTAAACTTTCTGACTCTTGTTCTGTGAGTGCTGCGTTTTCTCCTGTTGTTCCTAAAACAACAATCCCATGAATTCCTGCTGCTTTTTGATAAGCGATTAGTTTATCAAAAGATTGAAAGTCAACCTCTCCATATTTATCAAAGGGAGTTACGATTGCGGTCATGACTCCAGTAAAAGGTTTGTGACTCAAGGGTTTCTCCTTCCAAGTTAAAAACTTCTGCCTGGCAAAGGATAGCTATGTTAAAGAAACTTAGCAAGAATTGCATGAGCCTGTTGACCTCTACGTTGAGATTTGCTAACCACTCAATTACTCAAAAAGGGGCCGGTAGCTAAATGGTTACGGCAGCTCGCTCATAACGAGACGATCTGGGGGTTCGAGTCCCTCCCGGCCCACCACTTTTATGATTTTAAAACTCCACATCCATCTATTATCATTTGCATTCAATAAGAAGCTCTACAGTCGATTTCTTATGCACTTCTGCATCCGACGTCATACAGTTTACATTAAATTTATTTTTATCATTGTTTCCGTAGCAATTTGTACGGGAAGGGGTTGAAACGTAAGAATCATCCGCCCGCCCAACCTTTTGGGCCGTAAGCCGTGGCACAACCAACCAAACTTAAAATCAATAAACTTGCAATAAGAACGCAACGCATTGGATCTAACCCCTTAATAAAATTATTTTACATTGTGACAACGTGTCGAAGATACTGAAATGAGCAACAGACCTTAATTTAAGGTCACCACTTTTCTCTAGGTAAGAAGTTCATCAAGTTCTTTTGAAATCAACTCTGGAGTATCAGTGGGTGCGTATCTTTTAAGCACTTCACCATTTTTACCTATCAAAAATTTTGTAAAATTCCACTTAATAAATTCTGTTCCGAGTAATCCTTTGCTTTGTTTCTTTAAATATTGATACAATGGATGCGCATTTTTGCCATTTACTTCAACTTTTGCAAACATTGGAAAAGAAACCTGGTAATTTAAATTACAAAAATTTTTGATTTCGTTTTCATCTCCTGGCTCTTGTGCACCAAATTGATTGCAAGGAAACCCTA
CP146516.1_gap71	2025091	2029924	4833	GAAGTTTGGGTTCTTGGAATTAACAAAATGGATAACATTTTTCGAGCTGCTTCAATTGAACTTTGTCTTTGCAAATTACCTTCCCAAGCAATTGAAATATTACCTGTTTCTTCGCTTACCACAAGAACAACGGCATCTGTTTCTTCTGAAATACCAACAGCAGCACTGTGTCTTGTTCCCATTTTTTTTGAAAAACGTGGATTTTTAGAAAGTGGTAATTGAGCAGAAGCACAGTTAATACGATCTTTTTTTATAATAACCGCACCATCATGCAATGGCGAAAACGACTGAAAAATACTACTCAAAAGCTGCTCTGTGATTAAAGAATCGAGTTTTATACTGTGATCATATAATTTATCAAGACCAACAGAACGCTCAAAAACAATTAAAGCACCAATTCTCTCGTGGCTGAGAGACTTTGCAGCATTTGTAATTTCATCAATAATGTTTGCACCAGTCACAGCATCAAGGCCAGCTGTCATAAATGGTCCTCGGCCAAAACGAGTCAGCAACCGACGGATGTCATCTTGAAACAACACAATGACAACAATAATAAATGAAGAATAAAACTTGCTGATAATCCAATGCAGAGTTTCAAACTGCAGCATGCTAGAAAATACATAGGCAATAAATATCACAAGCATACCAATAAGAACTTGCGCTGCTCTGGTTCCCTTAAGTTGCGCAATAATTTGATAAAACAAAAACGCAACAAGGCCAATGTCAAGTATGGCTTTCCACGATAAAATTGATTTTAAGGAATCTAAGTAATTCATCCATTCCCATTACATTTTGTCAACAACAATACCTTTCGGAGGCGTAAATTGAAATACCTCTTTTAAAATAGATTTAAGAGAATAATTTGCAAAAACAAGCCGCGATCGGTTGCCGTTTAATTGCACAATACGAAGCTCTTGAATGAAACCAGTCTTCACCTGAATAACAGCGTATAAAACTTTTTGTTGTTTGTCTCCTTTGGGTAAGAGTTTGAGATAAAGGAGATCGTCATTTTGCTTAGGAGGTAGGTCAGATTTTACTGCTAAGTCGTTTGCGTCATTATCTGTTTTTTGAGCTTGAGCTCCAACCCACTCTGAAACTTCGTAAAAATTACTCAACCTACTGATATTTGATAAAATATTAATGAAACCTAGATTTTGTGAGTTCATTTGAAATTGCTGTGCATGTTTGAGTTCGGGCACAAATTTCCAAAAATCGTGACCATTCGACACATACAATTCTTTTCTTGGAGAAATAACCTCATAGCGAAACGAGTTTGGTTTTTTAACTACCAAAACACCCTCTGATTTTAAAACTTTATCTCGTAACGAGGAATAAAGCTCTTGTTTAAATTGCACGGAAAAAAACTCATATTGCGCTGCAGCCTTAATAACTTCTTGATATTTTTTTTCAAATAAATTATTTTTACTAGTAGAAATATTTTTAAAATTTAATTCTTTTGCACTAACTGCAAAAGAACTCAGCACACACAAAAAAGTAAGCAAAAAAATTTGCATTTTTTATTCCTTATGCAAGTTAAAAAATTTTAAAGTTGAAAAGATACATTTGCTCCATACCATGTTATTTTTGTGTCATCGTTAAAAACAAAAGGATAAACTTCTAAATTTAATTTACTATTTTTTTTCTGTAGTAATTCTTGAACTTTTTCAACTCTAAAAAAAACAGATGCTGCAAGCGTTGCTCCTACGATTCCTCCAATTACCACGTCAGAAACATTGTGCGCATGATCTGTGACTCGAGATTTAGCAACCCATGCCGCCGTAGAATGCGCAAAAATTGCATAAGACCAATTTAAAATATCAGACTTCGAATATTGAAACAAAAGTAAACTAGAATACGAAGCAAATGCAAACGCATGCGATGCATGGCCACTAAAAAATGAAAAGCGACTATCATCTGAATTCTGCTCATTTTGCCCTTTTGGATAGTCATAAAAAGGCCTTTTACGTTGAAAAATAATTTTAGCAGAAGATGTTGCGATTTCTGTTAATAGTTGCGCATGCAACCATCCCCGAATATGAGAACCTACTGCAAAATTTTCTTGACTTAAGCTTAACCCACCAAGAATTAAAGTTGCAACTCCTAAAGAATACGGAAATAGTTTTTCTCTCGGCAAAGTTGTTGGCAAAGGTTCAAGATTTGCAGTTTCATTTGTAAATGGCCACAAAGACTTCGATCGCGGCGTGTAATAACTGTTGATTGATGCAATTAAAAAAACTTCCAAAGGTAACGTAAATATATCCTGCTTCCAATACCCAGGATTAAAACTATAATGACTTAACGAATCCTCAGAAAAAGAAGGAACTGGAGGCGGTGGAACATCAATCATGATTTTTTATTCTCAGAAAGTTTATGGATAAAAAAATCTTCATTTCTTTTTAACCATTGTGGTGAATTTTCTAAAATATTGTTGCGACAAAAGTATAGTAATACGCAACCTACAATTAAAAATGACAAACACAATATTTGCCCCATTGTCAATACTGTCCACCAAGGAGCTTCTGGAAACGCGTTAAGTGGTAGCCATGAGAAATTAAATAAATAAAAATAATTAATTTGCAAATCAGCGGCTCTAAAATATTCGGCTATAAAGCGATAAATACAATAAAAAATTATAAAGTAGCAAGAAATTGTTCCTTCTTTTTGTTTTTTACGAGATATTAAATACAAAGTAAAAAATAAGGCCCAACCTTCTCCAATACTTTGATAAATTTGACTAGGGTGACGTGCAACTTGACCACCTTCTGGAAAAATAATCGCCCAGGGTACCGAACTTGTAATGGGTCTACCCCATAACTCGCCATTAAAAAAATTTCCAATTCTACCGAGCCCTATTCCAATTGGGATAACTCGTACCAGCTTATCAGTAAGATGATAAAAAGAAATTTTATTTCTCTTACAATAAAAATAAATCGCTAAACACACACCAACAATCCCACCATGAAAAGAAAGCCCCCCTTCCCAGGTAGCAAAAATTTCGAGTGGCCTTTGCTTATAAAAATCCCAATTGTAAATAAAAACATATGCAAAACGTGCACCAATAAGCATACCAAGTATTGAAATTGTAATTAAGTTCATTAACATATTTTCAGTTAACATTAATTGTTTTTTACGTATCCATCGAATACATGCTATATATACAGCTACAAATCCGAATAAATACATTGTACTATACCAACGCAATCCCCAATCAATTTGCATTTTTTGTAACGTATAAAGAATTGCAAGAATTAATAATAAATAACTTAATGATGATTGTAAGAAATCAAATTTGCTTAATTTTTGTTTAATTTGAATATTGTTTTTTTCAGAATTATTGAGTTGTTTCTTAAATTTATTAATTTGAATAAACGTAAATAGAAAACTACCTCCAAAAAACCCAACTAATAGCAAAATTCCCCACCAGGTTGTTACCCAACTAAAATCAATGTTCTTAACCTGAAAAACAAAAGGACTTAGGTCAAATACCCAGTATGGGTGAGATGGATTCATATTGTGAAATCTCCTATTGTATGCTTAGCAAATTGTCATACACTACCTTTTTGTATGACATGAGGTTGCTTTGAGCAAGCAAACGAGGCATGAACGAAAGCACAATGTTTGGAGCTGATATGAAAAAAATAATTTTTTTATTCTTATTATTCATCTTTCTCTCGTGTTTTCCAATTTTTTTAGGTGCTGCGTATGTAGCTTGGCAAATTTATGCGGGTAATTATGCAGATTTTGAAAAATCCCGAATCATTGATATATTATCTAAAGAAACAGTTTTATATTATGCTGATGGGCAATCGCAATTAGGCAGTTTATTTGGCCAAGAACATCGTATTTATATTACAATTGACCAAATCCCCCAAGCAATGAAAGAAGCAATTGTTGCCGCCGAAGATGAAGATTTTTATCAAAATATTGGAATAGATCCTAAAGGCATTCTGCGCGCCGCCGTTCACAATATTTTATTTAGAACACGACAAGGCGCATCAACAATAACTCAGCAAACCGTTAAAAATCTCTACGGCAGAAAAGAAACAGATTTATTTACAAAGTTTCAAGAAATGATCAATGCATTTAAACTTGAACGGGTTTACTCTAAAGACCAAATACTTGAATTTTATTTAAATCAATTTCATGTTACTGGAAATGGACGTGGAGTTGGAGTTGCTGCCAAATACTATTTTAATAAAAATGTAGAGAATTTAACTTTAGTTGAATCTTCGTTTATTGCCGGAAGTGTAAAAGGACCAGAAAAATACAATCCTTTTACAAAAACAACACTAACTGGCCAAGAAAAAGCAAAACGAGAAGCTTTTATTAGAAAAAATTATGTGTTAGAAAGAATGCTAAAAAGTAAGAAAATTACTCAAGAAGATTACGATGCAGCACTTAAAGAACCGGTGCCTTTTAACCAAGGTAAATTTCAATTTAATGAATTGGCTGTAAACCAAATCATTATGAAACAACTCTCTAGGCCAGAAATTTTATCTGCAATTGGCGCTAACAATGTAGACGAAGTTGGCACAATGGGTCTTCATATCACCACAACTCTTGAAAAAGATGTTCAATCAGCAGCGCAATTTGGCTTAAGACAAAATTTAAGCCGCATTCAACTAATTTTAAGTGGATTTAGCGCAGAGCCGCAATCAAATTTTATAAACATTCAAAAACCAGAACTTTATGGATTTTATGTTGGAAAAGTAGAAAATATTGACAAAACGGCGGATAAAGAATCAATAAAAATTAGTTTTGGCATTCCCACCTGCACGGTAAATACGGAGTCTATTCACCGCACCGCTATCACCACAGATCAAGCCTTCAGAA
CP146516.1_gap72	2069606	2070524	918	TACCAACATTTATTTACAGCAAGTTCGCGAGTGATTACAACTGCAGACGAAATGTATAAAACAGTTTTAGATTTAAAAAGATAGTTTAAAAGCTTAAGTAATAAGGAGGTGATATGGCCATTCAACCTCGTATATCAGAACAATATCGATACGGAACAACCCTCGATCGCATTGGCAATGTAAAAGCAATGGCTGATGACGTTAACGAAACAGCTATTTCTGGTAGAAAATTAAAAAGAATTAGTGATGATCCCGTTGCAACAATTAGAGTACTAAGAAATAGAACACGCATTACAAATCTCGATCAATTTAGAAAAACTTTAGATTTTGGTAGAGGATATTTAGCTAAAACAGAAGACGCGCTTTCTTCTATTTATGAATCGTTAATTCGAGCAAAAGAACTCTCTATTCAACAATCAACAAGCATTTATGATGAACCCTCACAAAAAGCTGTGGCAGAAGAAATTCGCCAAATTTTAAATCATGTGATTATTTTAGGTAACACCACCTATGATGACAAATATGTATTTGGTGGCTTTCAAACCACACAACCTCCTGTTTCGCCAGATGGTCATTACCTAGGCGATGATGGTTTTATTTTTGTACAAGTTGATGAAGATAGTTTTAGAGCAATTAATATTAGTGGTCGAGAAGTGTTTGATGTGCCTGCAAGCCACGAAGGTAAAAGACCTCCGCTTGTTAAAATTTTAGAAAATATGTATGATTCTTTGTACATTTGGGACAAAGAAAAGTTGCATCAATCTATGGTCGATTTAGACTCTGCAATGAATTCTGTTGTTTCTATAACCGCTTCTTTGGGGGCAAGACGTGTTGCGTTAGAAGATGTATCTGAACGTCTTGATCGCGGCGAATCACAACTTCACAGTGATAACAATAATCTAGAAGCTGCAGATATGG
CP146516.1_gap73	2076168	2079363	3195	AGGTTCTACTGGCGGCAATACAGGTTCTGCTGGCGGCAATACAGGTTCTACTGGCGGCAATACAGGTTCTGCTGGCGGCAATACAGGTTCTGCTGGCGGCAATACAGGTTCTACTGGCGGCAATACAGGTTCTACTGGCGGCAATACAGGTTCTGCTGGCGGCAATACGGGTTCTACTGGAGGTGCTGGTTTCTCTTCTGCTGGAGTTTCGCCTCCACTATTTGAACTGCCACTTTGCATAACTTTTAACTTTTCTTGTAACACGTTAAGCTCTACTTGCTTTAGTTCTTCTGCAGTTTTAGAATCAATTTCTTCTCGTTCTTTATTTATTTTTTTTATGTGTTTTATTTTCACTTGATCGGGTGACAATGCTTCTATTTCTGCAAGTTCTTTTTTAAGTTCATCGCTTTCACTTTGTTTTAGATCATCTTTTATGTCTTTTATATATTCATTTTTTATATCTGTTGCTAAACTTTGATTTACGTATGCAAGTTCAACGTCAATTTTTTTTATTATTTCTGCTTTAAACTCCTCAGCCGTTTTAGCAGTTAGGGCTGCGATTTCTTCAGTAAGTCCTGCTACAGTTTTAATTTTTTCTTCTTTTTGCAATGCATTTTTCTTAATTTGCTCTCTTGCTAGTATAATATTATTATCAGTGCCCCCACTTTTACCACCACAAGATGTCACAGCAAGTGCTGCCAAGCTTAAACTCAGAACAGTTAGTTTTACAGAATTCTTTAACTTCATTTAAATCTCCTAATTTAGAAATTAAAAACAAAAAAACAATACACAACCAACTGTGTATAAATTTTGCTTTTTAAAAATACTGTTAAAGGAACAAAAGACGTATGGATTTACATAAGTTTATCCATAACTATAAATACAAAATTACAAAGCTTTTAAAACTGTGATATAAAAATTTTGTAAATCACAATTTTTATTACTATAATTACAAAAAAATTTTTGTCAAAAAATTAAATTGAAGTTTATAAATTATTTCTTTAAATTTTATTAAGTTAACAATTAATTTATAAAACAAAAAATACTAATTTAAATTTTAAAAATTATATAAATACTTATTATTTTATTAAATTATTATAAAAATATAATTATACCATTTCCACTTAGATTTTTCGTAAAATAGATTACCATTAAAGATAATTAAATTTGCATAAAAATAGTACGCTTGATTTTTATAAAAAATATACAAATAGAATAATATTTTTATAATAGATTCAAAAAATATTTTTGATTGTGGAAGTATTCAATTAAATGATTTTATTAAAACCAAAGCTTATCAATTTAAAATTTTAAAAATTTCATCAGAACTAGGATATTTCGCAATAGAAGTAGATGCTATTGATGAGAAAGCAAAAAATTTTTATTTGAAATATGGATTTGAAAGTCTTTTAGATAACAACAAGCATATGTATATTACATTGAAAAAATTAAGAAAATTAATATAAAATACTAACTAATACGCCTTCCACTAAGTTTCTACCACCTTAATTTTTTTTAAAAGCGAATTATATTATACGCCGTCCACTAAGTTTTTAACATAAGCTTGCCTTAGGTTTTGAATTCATAATTGACTTGACAATTTTTTGTGTTAATTGATTCCAACCACTAGAGCATTTTTGAACGAGATCTTCATAATCTTTATAAATTTTAAATGATAAGTGATTCCTTTTAAAATAACTCCATAACCTTTCAATTGGATTTAACTCTGGAGAAAATGAAGGTAAAAAAATAAATGATATATTTTGGGGTAAAATTAATTTTTTGCTTTTATGTGCACTAGCTCCATCTAGTATCATAATAATATGCTCATTCTTAGGTACGGTCTTGGAGTACTCATTGATAAAAATTTGCATGTTTTCAACATTTAAATTTGGTAATATCATTCCAAAATATTTGCCCGTATCTTTGTTAGCAGTAGCATAAATCCATGAGTTTAAATAACCCATTTGAGTTTTAAATTCTGGTCTGATTGGGAAAGGACTCCAAATACCAGATTTTATTGTCATTTGTCCAAATCGTGATTCATCTTGAAAATCTATGTTTATTTTTTTTCCTGGATTTTTTACTTTAATTTCATTAATTTTATTTGGTAAATCTTTAATCCATTCGGCCATTTTTTCTGGGTCATTTTTTATATGCTTTGTTCTTGGAACAACTCTTCTTATTAATGTTCTTTGAAGGAACTTGTATAACCCACTTTTACTAAATTTTTTTTTAATTTCGTTTTGGATTCTATAATACTATTTATTATTTGGGCATGAACAACTTTTTCCTCATTAAATTCAGAATTTAATTGAATGATTTCAGTTTTTAAAATTTCAACTTCTTCTTTATTTACAAAGGATGGACGACCAGAACGTGGTTTATCAAGTAAAAAATAAATACCATTATTCTTATAGTTTGAAACCCAATAATTTGCCCGTCCTCTTGAAAGGCATAATAAAGTTTCAATCTTTTTTTCAGAAAATCCTACGGAATATAAAAAAATTATAAATAATCGACGTAAAAGATTAAAACTTAATTTATTTTGAGGTATTCTCTTTAAATCATCCATAAGTTGTTGTACATTATTCATTGTGCTGCAGTGTCCTTTTATAAAAGAAAGTACGAATGTTAACTGCAGCATATCCTGTTTTCAATATTCATCAATTTCCGTATAAATATTTATTTTTGGTTATCTATGTTGCCAACAAACTTAGTGGACGGCGTATTACTGGCGCTGCGGGTAAATTTACTGGTTGAACTTATTTGTTTTGTAATTTTTGTAAATGATCCCGTAAGGCCTTAAGTTCTAATTGTTTTACTGTTGTTGCAGATTCCAACATAACAGCTTTTTTGCGTTGGTCTAACAAATTTATAAAGAATTGTTTAAACTGCTCTAACGAACTTTTAACTACTTGTTTTTCTCCATCATCATTTTTAGGTTCAAAAGAAAAGTAACTGTTTAATTTTTTAAACTCATTATAAGCCTCTTCTTCTGTTAAAAGTGAGTTAATGAATACACAAAAATCATCATACTTCTTCACAATATAATTTTTAGCCGCCTCATCCGACATCGCTTCTATTTTTTCAATTTTTTTTGAAAGTTTAGCTGGATCTAAATATTCCTCAATATTAGAATATACATTTTTTTTCGCTACTTCAACATTATAATCAGTTCTGCCACTTTTACTA
CP146516.1_gap74	2102052	2106238	4186	ATTTCATTCACTAAATTATTAACTTCTTCTGAGTTTACATATATTTTTTCAAATACATTAGAGCACTTTATACTTATTTCTTCGCCTTTTTTAACAGAATTTTCAGATTTTTTAGAAATATTTTCAATATTACTTTTTGTTTCATCTATAATACTTTTAACTTTATGCAAACTATTATCAAGCATTGTTGAAATTTCGGTTGAGGCCGTACCGCTCATTTTAGCAAGATTTCCAACCTCTTCGGCAACCACAGAAAAACCTCTGCCATGCTCTCCTGCTCGTGCGGCTTCTACAGATGCATTAAAAGAGAGAAGCTTGGTTTGAAATACAATTTCATTAATCACTTTTGTTTTATTTTCAATTTCTGAAATTAAATTGACAATTTCTGAAATTCTTTTATTGCCTTCAAAAAATTCCTTTAGAACTTCGTCATTACTGTGTTTTATCTGCTTAATAGAAATTAACATCTCATTGACTATATTTTTACCTTCGCGTACTTTTTCTTTGTTTTCATCCGATTTTTTTCTTGATAAATCTGCCATTTCTGATGATTTATTCATCATAACACTAATTTCATTTACCGCCGCCACTGTTTCTTGCAGCGATGCTGCTTGCTCTGTTGCCGCTGCAGAAAGTGCTTGACTATCTCCAGAAGAATCCTGAGATGCTTTTTTTAGCAAATGGTTTCCTTGCGACATTTTATTTGCCAAATCTATTAAATGGTTAACAAGATTTTTAACTAATAAACTACTAATAAATACTGTTAAACTTATTAAAATAATAAAAGATAAAATAAAAATAATCTTTGTAAAATTAATTTCAGATAACATTTCTTCTTCTGAAACTGAAAGAACAATTCTCCAACCTAAGTTATCAACTATTTTTTCGCCCACTATATTTTTTAATCCTTGAGTATATTTTTTTCCATTTATAGAGTGTTCAATCTGCCTATAATGATCTTTTAAGAATTGAGGATTTTTTTCTGTATCCCATTCTTTTAATAAATTAACAACATTTAATTTTTTTTCATCGTGCACAACATCTGTATTTCCATTATTTTGAGAAGGAGAATAATCAAATAAAAGCATACCATTATTACTTAATAATTTAAATTCTGCCGATTTTTTTTCTTCTTCTATAAATTTTGGAAATACACGGGTAATCACTGCCTCTACCCACATAAAATCAGCATGCGTACTGATAACTCCTATAGCCTCTCCTTTGGAATTGTACACAAAGGTAGAAAATATTGATGCAAAAGCTTTATTTTGGTAAGATTTTTCAATTATATCAGAAAAATTTGGATTTTGAAATGCAACAGATGTGAATCCCTTTTTTTCATCTTCTAAAAAACGTTTTTCTACAACATCTTTAAACCACTTTGTATTTTTATAATTGTATTTGTATAAAATATCATTATTGATTCTTTTTCCTTTAGGAGAAATACTATTTACTGCAACCAAATTGCCATTTAAATCACAAACCATTATTAAATTGTAAATTCCATAAAATTCGACTATTTTATTTAAGTAACTTGTACCTTCAAAATTACTATAGCCATTACTTGCCAGATTTTTAAAATACAGAGAAAAAGCTTTTATATCTCCATACCGTTCAAAAAATTGATCTTGAATCGCTTCAGAAATTGATGATGCATCTTGTAATAATTGAATGTCTTCATTTTTTTCTTGCTTAGCAAACACTAAAAAAAGTAGAGTTAATGCAACTAAACCTGTTATTAACACTCCGCCAATACAAAGAATCAGTATTTTAATTTTAAGACTTAATGAATTAAATTTTTTCATAAGTTTTAACCATTCCCCTCTTTTTGCAAGTGGACCAAATCTTCAATGCTTAAAGTTTTTACCAAATTTATTAGCAAAATAATTTGTCCCTTAATATCAACAATACCTTCAATGTAATCATTAAAAATACTCGATTGCATGTCTGGTTTTGGTAGAATTTTTTCTTCTTCTATATTGATTACAGAATCTACAGAATCAACCAATACACCAATTATAATATTGTCTAAATCACAAACTATAACAGAATTTTCTTCTGTTCCCTTAGATGTAATACTTAATTTTTTTCGCATATCTATTACACTAATGACTTTACCTCTTAAATTCATAATTCCACAAAAATAATTTGGTGTATAAGGTATTTGTGTAAATTCTGGAACCGCAATGACTTCTCTCACTTGAAGCAGTGGAATACTAAATACTTCGTGACCTAAACTAAAACAAAGAAAACGCTCGTCTGTTAAGTTAATTTTTTTTGCAATCTCATGATTTGCTGTCATAGTTCAATCCTATTTTTACTTCGCTGAAAATTTTTCTGAAAAGAATGACTTAATACCAAATCACCAATTTCTAAAATTGGTGCTGCTTTGCCATCACCTAAAATAACACTGCCAACTATGCCTTTTTCACAACGAAGCTCTTCTCCTAAGGACTTTGTCACAATAGACTGAATAGCAATTATTTTATCAACTACAGCAGCAATTTTTTTATCGTTGCTTTTAATAATAAAAACAGATTTATCGGTATTTTTAATTGAATTATTTTCTTTTTTAATATTTCCAAAACCTTCAGACAAATCAAAAATAGGAATCTCTTCGTTACGTAATATAATAATGCTATCAATATTTGATATATATTTAATTTTGCATTTACTTAAACTCATACATTCAACAACTTGATTTAATGGTATAACATATTTTTTGTTTGAAATTTCTGTAATAAATGCATCCATTATTCCAATAGTTAGTGGAATTCTAATTTTAAATTTTGTTCCTTCATTAATTTTTGATTTTATTTCTATTTTACCATTTAATTCATCAATGGTTGTTTTAACAACATCCATTCCTACTCCACGCCCAGAAATTTCTGTTGTTTCTGCTTTTGTCGAAAAGCCTGGAGCAAAAATTAATTTATAGCATTCTTCATCTGTTAATTTTTCTGTTCCTTTAATTAATCTTTTTTTCACAGCACTTTCGTATATTGTCTGAGGATTCATTCCTGCTCCATCATCTTGAACAACCAATACAAGATCTCCAGACTCATGACTTGCCGTTACATTAATTGTGCCAACTGTTGCTTTATTTTTACTTATTCTAATTTCTTCGTTTTCTATACCATGGTCAATAGAATTTCTAATCATATGCATTAAAGGATCTGCTATTTCATCTAAAATAAATTTATCAATCTCTGTATCTTCTCCATTAAATTTTAAATCAATTTTTTTGTTTAAAAATAATGAGGTATCATGAGCTGTTCTAGTAAGTTTTTGAAAAACTGGTTTGATTGAAACCAATCTTAAACTCATAATAATATCTTGAACCTCTTTAGTAATTTTATAAAGAAGCCTATACGTATTTTTTAGTTCATTAAAGTCTTTATTATTAATTTGCTCTTCGATCATGCTTTCAATAATTACAATTTCTCCAATATTATTTTGTAGTCTTTCTATTCTAGATATAGAAACTCTTATAACGTCATCTACGTTTTCTGGTTTTTTATTTTCTTTTTTCTTAACTTTATTAATATTATTATTACTTACAATAATTGGATGTTCCTCTTTTTTAGGTACATCACTACCAAAAAAACCAAATTCTTCTTTTATTGGAGGATTTTCTTCAATTACAATTTGTTTTTCTTGTTCAGTATTTTGTCCCGTTTCCTGTTCTACTCCTTGGTTTGAATTTCTATTTTCAATAAAATCTTTTATTTCGCTAACTAATATTTTGTAATCTGAGGTATATTGATTATTATTTTTTAACTCACTAATAATAAGTTTAACTTTATCATTTGCTTTTAATAAAAGATTGACTAATTCATTGTTAACAGAAATTTCTTTATTTTTGAGTTTTAAAAGTAAGGATTCTAAATTATGAAGAATTTCTGAAACTTCTAAAAAACCAACAGCCTTCGCGCTCCCTTTTAAATTGTGCGCAAGTCTAAAGCTTCGAGACAATAGATCTAAAGGAGTATTTTCTGAAAATTGTAAATAAACTTCTTCTGCTTCTTCAAGATTAATATCTGACTCTTGAAAAAACGTGTTTATCAATTCTTTTTCAAAATCGTCTGCCATTTTAACAACCAACTATTCTAAAAAATTTATGCCCACGCAGAATATCGTTTAAAATGACGTTTTAAGTTAATTATAATTAAAGACATGTCAATTT
CP146516.1_gap75	2117848	2120171	2323	TGAAACAGAAATAACATATTCGTTGTTTAAATATTTTTTATTCACCCAATTTTCAAAATCTTTAATATCAAAGTCTTTTGCTAATTGATTTATTTTACCTTGATCATAAATATTATTTTCACCAAGCATTACATTATAATATAGATAATCAAGTTTCTTATCATTATCAAATAAATAATACTCTTCATCAATTTTTTGTTCTGCATTTAATACATTGCTAACTGATTGCTTAACAATTTCATTAAAATTTTCATTGTTATCTTTTAAATTCATAATACTAAACGAATCTAAAAAATAATTGTTACTAGGAAAATCCATGTTTTCAATCATAATAATTTTATGCTTATCATTTTTTGCATATATAGAATAATTATTTGAAATAGCTTTACTTAAAACTGATCTGTAGATAATATCTTTTGCAGTGTAATTAAAATTTGGAAATAATTTTATATCTAAATTCATTTTACTAATTTTTTTATCTTTTACCTCACAAGAAATATCTTGATTTACCAAATTTAGCCCAGCTAATACAAGTTTTTTTACATCGACATAAGGAACAGGAGAACCATTGGGCAAAACATCGACAAACTTTGACAGCTTGTTAGCGATAAATTCTGGTTTTAGTTTACTTTCAACAATAATAATAATATTATTAGAAGTAAAAAATTTAGAATAATATTCTTTTACTTTTTTATTATTAACACGCAAAATCTCTTCATTTGGGTCTCTTTCTATTAGTTTTTTATCTTTTAAACATTTAAAAAAACTTAAAAAAAAGCTATTATTAAACTTTAAATCCATATAATTTCGTACATCATTTTTTGCTTTTTCAATACCAGAATTTGACAAATCTGGGTTTTTAATTGCCTGAAATGCATTGCTAATTACAAAATCAAATTTTTCTGGATCAAACTCATACGAAAATTTTATGTAATTGAACGTTTGAAAAAGTTCATCATTTGCTACATAAAAATCATTTAATTTAGAAGATGACTTACTATTTAAAAAGATTTTCTCTGACAAATATGGATTTAAGGGAATAGCATACACTTTTTCTAATTCTCTACTATTTCCAGCATTGACTAAAATATTTAAAATAACCTCATCAGTCTCTCCTTCAAGGACAACCAATTTTAAACCATTTTTAAATTTATATTTGTAAAACGACTGATTTTCATCATTATAAAAACTATCTTTACCAATAAATTCGAAAAGATTATTTTTTTTTCCCTGATTTGCTTTAACAGAAAGGTTAAAGAACATAAATAATAAAGTTATTAAAATAATACGCACAAAAATCTCCATGTAAAAATAGTTAAAATACAACCTTGATATAAATACAGAAGTTTTTATATATTTTCAATTTTTATAATTTAAATATTTTTTTAGATTATAAAATATTTTTTACCATAACCATCATTTATGTGTTTTAACTTTGACATTAAATTAAAAAAAAATTATATTAAAAATTAAGCAAAAAATAAAATAAATTTTCTTGCTTAATTTTTAACAAATAAATAAAGAGAATGTCATGAAAAATAAAATAAATTTTCTTACTTTATGTCTTACTTTATATGCAGGTCAATCAGCTTACTCTTACGGATCTTATATATTTTGCACAAATAGCGCAGTCTCTGGATCAGATTACACGTTTAAAGGTATCGGCTGGAATTGGGCAAAAGGAACTAACGGTAGCAACTTACAAAATGCAGCTATCAATAATTATCAAAACCTTGTAAAAGTTTATCCTAAGGGGACTTGGATTAACGGTTCAACAGATCTCAATACATCATATAACTACTATCTACTCCTCGATAGTATCTTTGATAATAAAAATGCCGCAATTAATTTTTGCGAAGCATTAAAACAAAAATGCCAAAGTGATTGGGGTCCAACATTTACTGGAATTGGAGTTTCAACATGGGATATCCCTCATGCAGCATGGGGTTCTGTTTCTGTAAAATACAAAGTGCAATCTAATCGTAGTGAACGGCTTGCTTGCAAAAATTGGAAACACACAGAATACGAACCAATTTATTACACACCAGAGGATTATATGTATACTTTTACACCATTAATGCATTAAGTTAATACCATAAAAAAAATTACATATGTTTTTATCACTAACATATGTAAAATTTTTATTACTTATACTATTTAGACAACACAATCCCAATATTAAAAAATACTGATAATATTATAGTAAAAATTCGCAGCACTACCGTTGATGTAACTAGCAATAGAGCATATTTTGCTGCAAATTCATTAAAAATTCATAATCTCCATTCAGAAGAATGAATGCCAAATTTCTTTAAAGTAAAAT
CP146516.1_gap76	2126964	2131365	4401	TATTAAATGCAGAGATTTTATGCAAAAAAAAGTTTATTTTAATTTCTTACATATTAGCTTTTTTATTATATTAATAATTATAAATAGCAGCTTTAAATGTTTAGCTCAAGTTATCCCTACAGATTGGTCTGCCCCACGGGTCAACGGTATGGGAGGCTCATTTACAGCATCATCAAATGACGAAACCAGTGTATTCAGTAACCCTGCAGGAGTCAGTTCAATAGTAAATTCAAAAAAGAATTCACAAATTCAAAATTTGTTAATCCCAAACTTTGAAGTGGGCGCAAATACACAAATGTTTTCAACCATGGGAGCAAACCCTAATAATTGGTATACAAACTTTATCAATTCTGCGAAAGATAATCCTGGCAAACAATCTTATTTCTTAATGCAAAGTTATAATAGCTTCTCTTATGGAGGCAAAAAAAGCTTAAATTATCTTTTTGGGATCCCTTTTCGTAGCGAAAACAAAATTGCTTTTATCGATCCATCAAAACCCTCGCAGGCATCCGTTTCATCATCCTCAACTTTAACTGCAGCCTTGGCCATTGCAGGAAATACACTTGACGGCCTGTTTCGATTTGGAATCAGCATTCGACCAAACTTAAGAGTTGATCATCAATCCAATACTTTTGATAAAATGTTAAATAACAAATTCAAAAATTATACTGATGAAATTAATAATGGAGGCTATAGCACCTCTGCAGTTGGCATTGATACAGGTTTTATCCTGTCTGTTGCGGATTTTTGGTTTCCTTCGCTTGCTGTCAGCATCAGAAATATCCCTACAGGATGTACCAATTCTTATACAAATCCTACAGATCAAAGCAAAACCACCGTTTGTGGTTCCATGCGAAAAGGCGCAACCGATCTCGCTCCAAACACTTCAAAAGTTGATCCCACCGAACTCAGAGTTGGTATTGCGGTAACCCCACGAGGACGGATAAGCAAAGCAAAAGTAAACTTTAGAATGTCTGTTGATGTGTATCCCATTCCAATTGAAATGGGAGGAAAAACATACGGCATCCCCAATATCGATTTTGATAGAATGCTTCACGCAGGCAGTGAAATTTTTTTTGGCAGTAGTTTACAACAAAATAGCGCTGCCTTTCGTATTGGTTATATGGAAAGAGGGATGACTTTTGGAACCACTTTAAGAGTCTTGAATTGCAAATTAGATTATTCTTCATATTTAGCTGTTGACACAGTCCCACAATTAACAGGTAATAGCACAGAGATTGTTGAACGCAGGCACTTGATTGGCATCTCCTTTAACTGGTAACATTAAACCGCATATGTAACGCAAATTTCAAAAAGAATTTGCATTTTAAATTTTACATTAAAAGGAATTGTCTGTTGAAAAAAAACACATCATCGAAAATTTTAAATCTAAGTTTAAGTTTTGGATTTACGCTATTTTTTATAAGCTGTGCTTCTACTAAACCAAATCTTGAAAATATAAGTATTGTTAATAGCAAAAATATTGCACAAACTCCTTCTGTTATTTCTAACCAACCACCAAAACCAATAAATATTGAAGAAACTTACAAAGAAAAAGATTTTAAAAACTTTTATGCAACAGTCAAAGGGATTGAAGATAGTTTTATTGCACAAAACTGTACCGAAGTATTGAGTAAAGCAAAAAGCTTAGAAGAGTTAGCAATAAAAATAAATTACACAGAACTCCCCTCGCTTGCGCAAGTGGGAATTTTTACTTGTGACGCAAAGGCAGGAATTGACAATCCCGAAAGACTATTAAAAGCAATTTCAGTGTTAACCACTACAAACCTTCGTCTTCCCGTTATTAATAAAGCGTGGCTACACAATACATTGTCAGATTTTTATCTCGCTTTAGGCGACAAATTAAATGCTCTAAACGAAAAAAAATCCGCTCGAGAATTGATTACAGCGCAGCAACAAGACATTATTGCTCTTAATGCCCAAATTCAACAACTCAATCCAACAGAAATCAACCCTAATTCTTTAGCCCCTCAACCTGATTATAGCAACTTAAGTTCAGACCAAATTGCGGCAACTGCAACTCAACTTATTAATGACGATGCACCAGAGCAAGCCATTGCACTTATTGACTCTGTTCCAAATGACAAAGTTAATGCAAATTTAAAACGCATTCGTGCTGATGCTGTAAATACTCTTGTGCGAAATTTACGTTTTAAAGTGAGAGCATTATTTGAACGCGCTGCAATGCAAACAGGCCCTACAAAAAAAGAAACTCTATTGCAATGCGAACAAATTTTAGAAGGTATTATTAGAAACTATCCCGATTACTCAGACATGAATTCAGTAAAAAACAATTTAAAGCAAGTTAAACGAGAACTTGCCAAACCATAAGGGCTTAATTTTTTTATGAACTCAATATCACTCCCCGAGTTGAATGACTCCGTTTTTTTTTCTTTAAAAGATTGTTTGCCACAAATTAACAACTGGTTAAATGATTCTTGTATTCTTAGAGAAGATAAAGAAGAAATTTTAAACTTAATTAAAAACAAAAACATCGAAGAACTTCGAGATCGTTTTTATCGGGACATAGAATTTGGCACTGGTGGCTTACGGGGCATCATGGGAATGGGCACAAATCGCATGAACCGTTATGTTTTGCGTCGCGCTGTTCAAGGTGTTGCAAATTATATTTTAAAATTAGGAGATAAAGAAAAAAATAAAGGAGTTGCCATAGCGTACGACTCAAGAAATAACTCTCATTTTTTTGGTTTAGAAGCTGCCTGTGTGTTGGCCGCCAATAACATTCCTTGTTTTATTTTTAATACCCTACAACCAACTCCCTTACTCTCTTATACAATAAGAAAGTTAGGATGTATCAGTGGGTTTTGTTTTACAGCAAGTCACAATCCACCAGAATACAATGGGATAAAAATTTATTGGGATGATGGGGCACAAGTTATTTCTCCACACGATACAGAAATTTTAAAAGAAGTTTATGCAATTTCTAGTTTTTCAGCTGCAAAATTTTTAAACTACGACGATGCGATCCAAAAACAACTCATTCGATTTATACCGCAAGAAACAATTGATAGTTACTTTCAAGAAATCAAAAATCTAAGTAACAGAAATGAATCTGAACTCGACAAAACAATACAAATTGTCTACACTCCTCTACATGGCACAGGAAAAATTCCAACTCTTATTGCGTTAAATTCTTTAGGCTACAAAAATGTTTTTGTCGTGCCCGAACAAGCCGAACCAAATGGTAATTTTCCAACTGTTTCTAAGCCAAATCCAGAAGAAAAAGAAGCTCTTCTTTTAGCAATTCAATATGCTCAAAAAATGAATGCCGAATGCGTTTTGGCAACCGACCCCGATTCTGACAGACTTGCCTTAGTGTGCAAAGAGCCTGTACTTGCGCATTCGCTGATGAAACATCAAGCTGTTGGTGACTATGTCCTGTTAAATGGCAATCAAACTGGTGCATTAATAATAGAGTATCTCTTAAAATCTATGCACAGCAATAAAACGTTAACCCCTCAGCACAAAATTGTGAAAACAATAGTAACCTCAGAACTTCATGAACAAATTTGTAAAAACTACAATGTCGAAGTTTTTAACACGTTAACAGGATTTAAATGGATTGCGGGTCTAGTGCGAAGTTGGGAAAAAGAGAATAATGGCTATCAGTATCTTTTTGGCACAGAAGAAAGTTTTGGATACATGCCCAATAACAGCGTTCGCGACAAAGATGCAATTGCCGCATTATGCCAGGTTATTGAAATGATTTCTTATTATAAAAAACAGGGGCTTTCATTGTGTGAGCAACTGTTTAAAATTTTTGAAAAATATGGCGCTTGGCAAGAAGATTTGATTAACCTCGAACTGTATGGAGAAAAGGGCGCGCAACAAATTGAGAGCATCATGAAAACAATGCGTGCAAAACCCATTTCGACTTGGAATGGTGTTTCCTTAAAAAAAGTGTATGATTTTAATGACATAAACACACAAAACGCGTTTCATGTCCCAAAATCTAATGTGTTGCAATTTCTTCTCGAAGACGGCAGCAAAATCTCTATGCGACCTAGTGGAACCGAGCCAAAACTCAAGATCTATGTCTCTGTGTGTACAAAAAGAGCAGAGGTTCATCGAGCCTACCAAGAAACTCTTAATAAAATTCAAAACTTAAGAAAAGAAATCTCTAATTTTATTCATGAAGTCACCCAATAAATAAAAAAATACTATTAAAAATAAGACCCTATCTATCCGAAAAACTATAAGATGGGGGCGTTTCAAATGGGGTCTTTTGAGCAAGAAGCATTTTTAAGAGATATATTATTGGGCTTTGCCGCTCTCATTGGCCTATTGTATATTTTAGCGATCAATTTAAAAGATTATTGGGTAAGACCCGGAGTTTTTTCCAAAAAAAAGAAAGACAAA
CP146516.1_gap77	2245166	2245838	672	TGCTCTCCCAACTGAGCTAAGCGCCCTTCAACAAAAAAACTATCAACTCAAAAAAGATTCCTCTCTTTGGCTGATGCCTTTTTCGTTTTCTTTGACTTAAAGAAGATTGCAAAAACAGAGTGCGGGACTTTGACCTAGAATTGAGGCTGCCTTACGGCAATCCTTCTATTCCTAGAAAGGAGGTGATCCAGCCGCAGGTTCCCCTACGGCTACCTTGTTACGACTTAACCCCAATCATCGCACAAGCCTTGGCAAGCTGCCCCCTTACGGTTAGCCCACCTGCTTCTGGCTTATACAACTTTCGTGGTTTGACGGGCGGTGTGTACAAGGCCCGGGAACGTATTCACCGCAGCTTGATGATCTGCGATTACTAGAGATTCCAACTTCATGTGGTCGAGTTGCAGACCACAATCCGAACTGAGACCATGTTTTTGCGTTTTGCTCCACCTCTCGATTTCGCTTCGCTTTGTCTTGGCCATTGTAGTACGTGTGTAGCCCTGGATGTAAGGGCCATGAGGACTTGACGTCATCCCCACCTTCCTCCGGTTTATCACCGGCAGTACCCCTATAGTTGCCAACTTAATGATGCCAAATAAGGGAAAGGGTTGCGCTCGTTGCGGGACTTAACCCAACATCTCACGACACGAGCTGACGACAGCCATGCAGCACCTG
CP146516.1_gap78	2246979	2249174	2195	CTCTAAACCCCTTACGAAGCTTAAACTCTACTCAAACTCTCACACTCGGCTTTCGTCCCGCACTCTGTTTCTGCTCTCTTCTCTTGTCAAATAACGTAGCACCATGTTGCAACTTTCTTGGAGTTTTTGACTCCCAGGAAAGCTCTGGTGAGAGAACTAGCTACAGAATCAAAATTAGTTTGTCAAATTTTTCAAAAGCAAAATTTTAAAATTTTATTTTCTAATATTATCAACAAATTAAACTGCTATAAAAAAGTGCTTTTCAACCACCCCTAAAACAGATATCTTTCATTTTTGGAGTGAAAGTAACTAATTTAAAAGGATTTTTTTATGCATATAGGATTAATTGGTGCATCAGGAAGACTTGGTAGCTTGGTAAAAACAATTTTTATTGAACAAAATATTGATGTTATAGAAATCACACGGGAATCGCTCATTGAACCAGCTAATTTTAAAAGCGTATTGTTAAAAATGAACAACGACATGGTGATTTTAGATTTAAGTTTGCCATCAGGGACTCTATCTTTACTTAACATACTAAAAAATTTAGATAACTTTACTTTGGAAAGAATTAGAGGGGTTGTAATTGGCACTACAGGCCATGACGCCAATAATAATTCATTGATTCATCAGCTTTCTCATAAACTTCCAATCTGTGTTGTTTCAAATTTTTCAAAGGGAGTTTACTTGTTTGAAGAAATACTCAATGCAAAGACAACTCATGGACATACCGTTTTTGAGCTTGCAAGAAATTTAGGATTTGACTTAGCACTCTCAGAAACACATCACACAAAAAAAATTGACGCACCGAGCGGTACAGCCATGACATTGGCAGAAGCAGGAGCAATTCCTAAAGCAAAAATAAGCTCATTGCGTGTAGGAAAAATTGTTGGTGAACACACCATTGTTATGAGCAAGGAGTCTGAAACCTTTGAATTAAAACACATTGCTCATCATAGAAAACTGTTTGCAGAAGGCGCTGTTGATTTATGTAAAAATATTTTTAGCCAACGCCCTAAACCTGGGTTATTAGAAAAGGGAAAGTTTTTTTAATTTCCGCAAATGTTAAAACAGAACAACTAAGCTTTGTTATGTTGCAATAAACTTTTCCCTCAATTATACCTCTTTAGGGACATATCCCCAGAAACTTAAGTCTTTTAAAGTGTATTGATACTTTAACTTAATTATGGGAATTATTAAATAACCTAAATATTGTTTGGTAGGATTATGGATACATTTTTATATATTTTTAGAATTGTTTTTTTTGTTATAAGCTCATTAATATCAATAGTTTATTTATTAACACAATTATATCAAAAAATACCAATTGCACCTTTTAAGCTCAGTGCTGCAGACTACATCGTTTATACAACAGTATCACTCATGATAGGTATAGGAACCAATTCACCATACGGCCTATGTGCTTTTATCCCATTATTACTTGTTAAGTTTATTTGTAAAAATTTTATTAATTTAAATCATCTTAAAAGTTCAGGTTTTTGGATGGAAATCAATTGGAAAAAGTTTACCCCTAAAGGATTTCATGGCAATGTCCCAAAGCATATTCTTGATGAAATGAATAAAGTAGTCAATAGTACTCCCAAAGACTCACATTTTATTATACCAAGATTTTATGCTGTAATTGCAATAAAATTTATGCTTAGAAAAATGAAAAAAGAAAGTAAAAAAGTTCAAAAAGGTTTTACAAATGAGCAGCAAAATATTGGTATGGATCAATTTAACAAATTAGCTAAAAATATTCTTTTGTTAGATAAAGGACAATCTGAGAAAAAAGATCTCAATATCGGAATTCTCAAAGTCACTCGCCATTAAAAAACTTAAGACAATTCCGGTAAATCAATTAGCCATTCTTCTTTTCCCGCTTCATTTGTAAAGCCTGCTATCAAAACCGAAGGAATTGTATCGTTTTCACTGGAATGCATGAGTATCTTTTCAAAATCATTTGAATAGTTTTTTAATTTTAATGATTTAACCCACTCTACAATAGACATTAATGAAGTAGCGACTAAAATAACTTTTGGAGATTTTACAGAGGGTAAAACCTTAACTAGATTATTTAACCCATCAATTAATGTACCCGACTGGTAATTGGGATTTATATATTTATCCAATCGATCGTCAACACACACTGGTAATGCAAGAATTTTAGCAATATACTCTGAAGTTTTGAGAGT
CP146516.1_gap79	2250444	2251021	577	GGGCAAAGGAGCTTGATGAATATGAGCAAAACAAATATCGACGATGAAATATTGATGGCTTTTTCAAAAAATTCACTTCAAAAAGTATCAGAATTAAACGGTATAACCAATGTCATGCTAAGAGAGGGGCCAAAACCAGAATTTTTTGATGCAATACACAGAGCGACTACTGCTATAAAATCTTTTGCTTTAACCTGTCAACAAAATGATATTGTAAATTTTATTTCTGCAAAAATCGAGCCCGAATATGATAATTTAAGGCTTAATAAACAGAAAATAAATGATGAATTTAAAAACAGTATTAAAGAAAAAATTACCGAATTAAAAGGATTAATAACTCAGGTTGTAAAAAGTGACAATAAAGGTAACACAAATACAGTTGAACCCATTGAAATTGAAAATAATGCGTCTCATACATTATTTACTGCTATAGGACAACTCAGTGTTTGGAGTTTTCATGAATTGATGAATGCACTTGCTAAAGTTCATGGTTATACAGAATTTCTTGAAGATATTGCGGAATTAATGAACAGCGATACCGAACAAGCAAAAAAAGATTTAAAAGGAATCCAGGAAA
CP146516.1_gap80	2253200	2257652	4452	ATGGGATCAGGTTTCTAATACAGATCAATTAAATTGTTTGAAAAAAACTGACAATTTTCCTGACGACGATCCCACGCCACCAGATATAGCGGCTTAAGTTTTTAGTAATTTTATTCTAAAGAGAACGACTATGAGGCTTACTGCAAAAATACTTTCATGGCTTCTTGCTTCTGTAGCAGTTGTTATGATTTTGTTTACATCATTAGCTATATATATGTTAAAGAAAAACCTTGAAGAAGAGGCATACCGTTCTCATAAATTAATTTATACATTATTTTTACCAACTGTTTCAAGATATTTATGGGAATTTGACTTAACTGGAATTAAAGAAACACTTTCTAATATTATTGAAAATAATTATGCTAATAAAATTTATATTTACGATTCTGACGCAGGAATTGTTACTTCATTATATAAAGATCCTGTAATAGGAAAAATATCCAACATTAAAGATAGCGATAAAAATGACAATTCTGATAAAATTATAACTAAAGAATATAAAGATTTAATAGTAAGCAAAGCAAATACTGAAGATTTTTTTATTTATGAAGAGAACACTACCAATGATACTTCAAGACTTATTGGTCCTATGCAACATAAAAAAGGGTCGGTTTCTAATCCATCAATCATTGGTTACTTTGTTTTAGATTATTCTACTGATAATATTACAACTGCAATCCGATCAATGATACGAGGAGTTATTATCTTATCATTTTGTATTACAATAATGCTCGTACTCTCTATTGGAGTTTTATTAAGAAAATCTTTAATAAATAATATTATTAAATTAAGCCAAGCAAGTATAAATATTACCAAAGGAATATTTACAAAAATCCAAGAATCAAAAGGTAGCAGAGATGAAATGTCTGATTTAGTCAAAAATTTTAATGCAATGATTGGACAAATTGAAGCTAATCAAGAAAATTTAAAAATATTAGCAGAAGAAGGAATAAAAATATCAAGCAAATTTAATATTAGCGATATTGCAATACAGGTTTCGGAATCACTCAATAAAATTGCAAAAATTAATCTAAACACAGAGTTTTATGTAATAAATACCTTACTCTCCTCCAACCAGTCCGAAGGTTATCATGAAATGCTAAAGCCAGGGTTTAGGAGCGTAATTAAACTTTCTCATTCGATGAATGACCCAACAAATAAAAAACGTTTCTCTATTAAGGATGGCAAAGGAAAAAGCAGCATAATTATTCAAATTGATGACCTTAGAATTGCTCATTCATTTTCATATACAGCAGCAGAATCAGTGTATAACTCCATTTTAGCTTTACAAATTAGTATTTCAAATGCTCTTGATAATATTCGCTTTGTAACAGAACAAAAAGAACAACAAAGACTCATTAGCGAACAAGAAACAGCAAGATTAGTACAAAATAATCTTATGCCCAAATTTGAGCACAGAAATGTCGGTAAATTTGAAATTGTCAATCACTTTGAGGCAGCAACAGAATGTGCTGGTGATTGGTGGAATTATTATTCACTTCCAAATGAAAAATTATTATTACTACTCGGTGATGTAACAGGGCACGGCACAGCAAGTGCATTGCTAACAGCTGTTGTAAAGGGATACTGTGATTCTATTCATATTCAACAAAGTATAACGGCAAAAGAAATTCTACAACAACTTGATTCTGTGGTGAGAGAAAGTGGTGATGGCAACAAAGTGATGACTATGTTTGCAGCCGTACTCGATCCTCAGCATGGAATAATAGAATTTTCTAACGCAGCTCACAATTTTCCTATGATAATTAAAAGAAAAAATAATGCCAAAACTGTTGAAAAATTAATTGCTCAAGGTAGGCCTTTAGGCTTTGAGCAACAATCAAACAATTCAGATAAACCTAGCGTATACTTATATGATCAAAAACAAATGAAGTTAGAAGAAGGTGATATTTTATTTATTTATTCGGATGGTTTAGTTGAAGCGGTTAATGGAAACAATGAAGAATTTAGTGAAAAACGATTGAAAAAACTACTACAAAATCAAAGTGAAAACAATGATTTGTCTAGTATTAAAAACGAGCTAATAAAAGAATTTAGGTTATTTATCCAAAATAAAAGACCAGACGATGATATGACATTTTTAATTTGTAAATTTACAAAACCTTAAAAATAAATCAGCTTTATTTAAGGTTAACAAGTTGAGTTTCTACTTCTAACCAAAGTTCTTCACATTCATTTAATTTTTTCTTATAATTATTTAAAGAATTATTAAGCGACTCAATTTCTTGGTAATTGCTATAAGGTATTTTTTCTATTTTCAATTCAATTTCATTTATTTTACAGCTTAAATTTGTAATTTCTGCTTCAATTTTTTGCTTAGATTGAATTAAATTTAACTCGTCTTTTTTAGAATTTTTACGTGATTCAGTAGTGATAACTTTTTCAAAATTATGGTTTTGTTCACTGCTACCTTCTTCGAGCTTTGCCATTTCCATACTTCTGTCTGGACTTAAGATATCTGGAAAATTTGAAAGTTTTGATAATCGCTCATAATCATCAAGTTTACCTTCAAACAACGCAAACCTCCCATCGTTTGTCATCGCAAAAATATGGGTACAAATAGAATCTATGAAATTTCTATCATGACTTACAAAAAGCATTGTGCCCTCGTACTCTTCAATGGCACTTGCAAGAATCTCTACGCTTGACATATCTAAGTGATTGGTAGGTTCATCCAATAATAAGAAATTCGCCTTTTTTAATAACAAACACGCAAGCCCAACCCTACTCTTTTCGCCCCCTGATAAAACTTTAACATATTTAAAAACATCATCGCCCTTAAATAAAAAGTTTCCAAGCACACTCCTAGCCCTTTTCTCACCAATATCATCAGACACTTCTAAAACGTTTTCTAAAACAGTTTTACTTTCATCTAAAACATCAAGCTGATCTTGAGCAAAAAAAGCGAGAGAAACATTATGGCCAAGTTCAAAATGACCATCAATGGCATTAATTTTACTTGCAATTGTTTTAAGAAGAGTTGATTTACCAATTCCATTTGGCCCAATTATTGCAATTTTTTGACCTCTTAAAACTGATAAATTTATGTTTTTTGACAGGACAAATTTTTCATAACCAATTGTCATTGAAGAAATTTTTAAAACTTCTTTACCGCTTTGAACAACCTTCGGAAGAGTAAATATGATTTCATCAATGTCATCATCCAAATCAAAAGAATCCTCAACTTCTTTCATGCGCGCAAGCATTTTCATTCGACTTTGCGCTTGCCGTGACTTAGAAGCCTTTGCTTTAAATCTATCAACAAATTTTTGAATTTCTCCAACACGTTTTTGGTGCCTTTCAAAAGCAGCTGTTTCTAACTCTAAACGTTGTTCCCTTTGCTCTAAAAATGAATCAAAGTTTCCTTTATAAGGGGTAAATTTTCCATTAAATAAATGTAAAGTAATTGTTGATAATCTATTTAACAATGCCCGATCATGCGAAACAAACAACAATGTTCCTTTAAAACTCTGCAAAAATTTTTCAACCCATACTAGACTTGGCAAATCCAAATGATTAGTCGGCTCGTCCAAAACAAGAAAATCAGGATCATTCAAAAAAACTCTGGCTAATTCTAGGCGCATTCGCCATCCACCAGAAAGTTGTTTGGGATGTTTTGATAACTGGGATCCTAAAAATCCAAGTCCAACTAATATTCCTTTTGCTCTAGCTTGTAAGGCATACCCTCCTAATTCACGAAATTGCGTTTCAATAATTTCAAATTTTTTATGTACTTCTTCAGAATAATTATGCTCCATTTCATGTAAAACCAAATCAAGCCTTTGTTTTAATTCTCTTAGTTTTACAGCACCATCAATGCATTCGTCTAATATAGTTGCTTTAGGATTAGGATTTGGCTCTTGCGGCAAGTATCCAAGATTTAATTTACTAGGTTTAAGAATATCACCTTTATCAGGCTCTTCTAACCCACAAATTATATTTAATAGAGTTGATTTTCCAGCACCATTAGGTCCAACTAATGCAATTCTTTCTCCCTCAGGAAAGTGGTATGTAGAATTTTGGAAAAGAACTTTTTTACCATAAGACTTATATAAATTATCAATACGAATCATTTAACTATTCCACTCCAAAATTATCATTTTTACTTTCTAGCCACATAACAAACTCATGCAATGCTACTTTTTGATACTCCAAAATCTCGTTAAAGATTTCGTGCCCAGCGCCTTGAATAACTTTTAAGCTATTACCATTGTTATGAAAATATGAAACATACTTTTTTGTCTTTTCGACATCGACAAGCTTATCATCAGATGCCGCTACAATTTTTATAGGATTTTTTATCATTTGAATAGCATTTATTATTTTAGATTCATCAACAGCACTTAAAAATATATAGCCCATTCTAGCAGAAATAAATTTTAAAATTTCTTTATCACTTTGTGCTGCTTGATTATTTTTAGGGTTATTAGA
CP146516.1_gap81	2448526	2452760	4234	AATATAATTTAAAAATCCTAAAACTTGCGAAATAATATCGGATACAGGATCAATAGACTGCCCTCTATCAAGCAATATTCTTACAACTATAAAAAAAACAACACCAGATATTAAAAATATAATACATGCAGCTATCCAACCTAAAGGCGTACCAAAAAATCCTTTAAAGTCTCTTTGCGCAATTGATAATGTTGCACTCATACTAATTCTCCTAGCGACGAAATTTGTATTTGATGATTTCCTGGCTGCGAACGAATTACATCAAAAAACAATTCTTCAAGACCTTCTTTTTTTTCTTCAATTCCAATTAAAGGAAAATTTTCTTGAACAATTTGTTCTGTTACATTAGCAATATTTTCGCCATTATTTTCGCTCCAAAATTCACTACCAAACTCAACTAATATAGAATTGTTTTTTTGCGCTAGTGGTTTTGCTGAACGTACATAATTTCTTTGTTGAAACCAATTTAATGCTTTTTCGGATTTTGATGCAAAAGTATATAAGTAATATAAAGGTTTAGTTTTGTCATTTTTAATTGATGTTTTAGCTGCAATATGGCCATGGTTTATAATTACAACTTCATCACAAGTTGCTTGAACCTCTGATAAAATATGCGAACTTAAAATCACTGTTCTATCGTTTGCTAATTTTTTAATTAATTGACGAATATGCAAAATTTGATTTGGATCAAGACCTTCTGTCGGTTCATCCAAAATTAAAACCTTGGGTTTATGCACAAGTGCGGCACACAATGCCACACGCTGCCTGTATCCTTTAGACAAATTGCCAATAACTCTATTTACCACATCTGCAACATCGCATTCATGAATAACCCAATCAACATCGTTTTTACGAGCACTTGAATTAAGGCCACGAAGCTTTGCAACATAATCGACAAATTCATGAACCCTCATTTCTTTATATAATGGGGGATTGTCAGGTAAATAACCTACATTTGCTTTGACATCTTTTGTTTGTGTAACAACATCAAAGCCGCAAATTTTTGCACTTCCCGAACTTGGTCCAAGCAAACCTGCTAAAATATCCATTGTGGTTGATTTCCCAGAGCCATTAGGTCCTAAAAATCCACATATTCGCCCCGTTCCAACAGAAAAATTTAAACTATGCAAAACTTTTCGTTCGCCAAAAAGCTTTACAAGCTCACTCACTTCAATCATTTTTTCCTCCCAAAAATGTTTGCATTGGATTCAAAATGCTAGTTACGGTAAAAAGCACCGTCAAATTGTCGGTATCTTAATGCGTAAGAAATATATTAGCAAATTCAAGCAAATCAAGGGTTACACCGATTAACAGCAATGCATTCTATTCAAAATTTCAACAGAAAGGCTGAATGCTATGCGCAAAAAAAAATTTGGCAATCAAACTTTTGCAAAAAAAGTTGCAGAGCTTAATCGCAAAGCGATGGCTCACGAACATGTTGTTAACTTAGAGGCTTATCGCGCAATATCAAGAGGACCAGAGTCTAAAACAATTCTTATTGTTGACGATGAACCCGTTGTTCGCAATGCGATTAAAAGAATTTTTGAAAAAGATAATTATCGTGTCATTACAGCAAAAGATGCAATGGAACTTTCAAAAATTATTGAAAACACCAAGCTTGATTTAATTCTACTTGATATTCAATTACCCTGGGTTGACGGCTATGAACTTTGCTCATTATTAAAATCGCATCCTCTACTTAAAAATTTGCCCGTAGCATTTATATCAGGTAATAAAACAGAAGAGGATATTAGAAAAGGTTTTGATGCAGGATGCGATGATTACATTACAAAACCCTTTGAAGTTGAAGAAATTCAAAAAATAGTGAGTAAGTTATTATTTATGTCGAGTTAGGAATCCATGAGTCTTAATAATCGGAGTATTGTTTTAAAGTTTGGCGGAGCTTCTGTCAGTTCTCCCGAAGCATTTTCTTCTATTGCAAATATTATTTTAACAAGAAGACAACAATACAAAAAAGTCGTTGTTGTTGTGAGTGCAATGGGAAACACAACAGACGATCTGATTGCTCTCGCACATAAGGTAAACCCCAATCCTCCGCGTCGCGAACTGGATATGTTAATTTCTGTTGGAGAGAGAATCAGTATTGCTTTACTAGCAATGGCACTGGCTGCTAAAGGAACAGAAGCAATTAGCTTTACCGGCAGTCAATCTGGCATCATAACGACAAATAATCACTCCAACGCCAAAATCATTAATGTCAAACCACATAGACTACGACCTCATTTAGAAAATGGTAAAATAATTATTGTCGCTGGATTTCAAGGCATGAGCACCGAGGGAGAAATTACCACTCTTGGCAGAGGAGGTTCCGACACCACTGCAGTTGCGCTAGCTGTTTCTTTAGAAGCCGAAAAGGTTGAGTTTTTTAAAGATGTACTTGGAATATACGATTGCGATCCAAAAGTTTACTCCAATGCACGCTTATTGCCTGAACTCAATTACCAAGAGGCTTTTGAAATTATGAATGCAGGAGCAAAAGTTTTACATTCTCGATGTGTTAGATTGGCAGAAAAAAACTCTTTGCCCTTAAAAGTCATTCCCTTTTCACGATTTCAAGAAGAAAACCTTGGCACAATTATCCAAGACACGGTAAAATTAAAAAATAATATTAGTTACGAAGATGAATTTTAAACCAAATATTAAATTTTAATTTAGTATTATTTTGGAGAAACCATGAAAAACGTTGTACTGGTTGGCGCTAGCGGTCTCCTTGGAAGTCATGTTCTTGCTTTGTTAACCAAAAATCCTGATTTAAAAATAACATGCCTTGTTAGAAATCAAAATCTTGAAAAAACAACAGACAATGTAAACGAAGTGATTTTTGATTTTGATAATTTTAATGAGTACAAAAAAATTGGCTGTGAAATTCCATGCGACATGTTTTTTTGTTGTATTGGAACAACTTTAAAAAAGGCAAAAAATTTTGAGGCTTTTATAAAAGTTGATAAAGATTATCCAATAAACTTTATAGAAAATATAAAAAAAAATTCTCCAAATACTTTATTTATTTTTATTTCAAGCATTGGCGTTTCTAACCCTACAGGTTATTATTTAACTGCAAAATGTGAAGTTGAAAAATCATTAACAAAAAGCTTGTTACCATATATTATTGTAAGACCAAGCATCCTTTTAGGTAAAAGAAAAAACATTAGAATTGCAGAAACCATTGGTGCATTTTTTCTCAAAAAAGTAGATGCTATTACAAAAAAATTTAATATTAGCGATAGTTTTTCATTTAGCAAATATGCACCTATTGAAGCGAATAAATTAGCAGAAACAATGGTTCATCATGCGCTAAATTTTGATAAAGCCTCCCCTGGGATAATCTTAGAAGGCGACAGCCTAACTTTATAATAACACTATTAAAATTATTATTAATTCAACAAAATTTATAAATTATAAATATTATTTTTTAAAAATTTAATATTTACAAAATAAATTCAATAAAAACTTAAATAATAGATATATTTCTAAAATATAATAATTATTAACAAAATTGACAAATTAGTTATATTACTTATTTTTAAAAAATTGCTTTAATAGCAAGGAATTTTTTTAAAAAGATAATTTTAGGAATTTTATAAATGTTAAAAATAAAAACAATTAAAGAAAAAATATATTTAATATTTTTGTTAACTTTAATATTTGGAAATTGCAATATTTTATGTTTTGCAAATATCACTTCAATTCAAAGCTTACAAGAACTTTTTAACAAACACGATATTGAAAAAATCGAATCTGATTTAAAAGATTTTAGCCTAAAAGATAGACAAAAAATAAAAGATTTAACAAAAAATAATTTAGTAACTTTATATAAAGACAACAAAACTGGAATTAAATATGTAGAAAAATATTTTGACTTTGAAAGCTTAAATGAACACAATGAAAATAAACTTTCTTCAGACAATGAATTTGCTGCATATGCATTTAGTAAAAATTTTAAACTTAATTTAGTCCCCCCCACTGTTAAATTTGTTGATATTAAAAACCCCAGTAATTACTATGTTAGACAATATTATTTTGAAGATGGCTTTGCAATTGATGCTGAAAGCAAAAAATTTTTAGAGTCAATTCCCAGTAGCAAAAAACAAGATTATTCATCTAAAAATACCCCTTTAGTGATTTTTGATTATTTATTAGGAAATTCAGATCGAAACTTTAATAATTATATTATTTCAAAAAATGGATTTATTATTGCTTTTGATCATGAATT
CP146516.1_gap82	2453799	2458500	4701	AAAATGAAAAAGGAGCTGCATAAGCACTTGCTCTGGATTTTGCAATTTCGCAAAAGGTAGTTCTTTTTCCATTATCTATCTCCGATTGCTCATATTTCTAAACAGGATAAATGCCATACCAAACCTGGCAAGGTATTTATCGGGCGTTTTAGACAAAATCTGATAAGATGTTAGTGAGGTTGTTAAAATCTTTTAAATTTGATATAGAGGTATAAGATTTTGTATTTATTAATAATTTGGATTAAAGTTTTTTTTACCCAAAGATGAATGTCAAACTTCACCTTTGGATAATATTAAGTTCCTAATCCAATTGCGAGTAATTTTCTTCCCTGAGGAAACAAAACTTCAATTTTATTTAAACCATTTTCAGCAACAACAAAACCAATGCCAAATACTTTGTGATTTAAAATTTCTCCTGGCTTAAAGCGCGCTGTAGCTTTGTACTCTTTAGCTTGAGAAATATTATTTTTTTGCGCACTGAGTCTTGCTTCGTAGTTTGCAATGTCTTCACTGGTTCCAGATTGCATACTCAAAGGCAATTGACTTGCATTTTTTTGCACTCTGGTTTCAACTTCATCCTTTTTACGAGATTTCGCTTTAGATTTACCTTTCTTTTTTGGAATACCCTCTTCTCCCGTTAAACGCTTTGCGCCAGCATCTAAATCAAGATCTTGTTCTTCATCACGATCCATTTCTCGTTTCCCTCCTTTTGCTAATGAAGCCTCAGATTTTGGTGGACGATATTGTTTCTCTGATTTACAGGTATTGCACTGTACCCGTCCAGGTTGATTATTAGTTTCCACAGTTACAATAGTATGAGTTAAATTCATCTTGCAACGGTTGCAATAAGCTAAAATGTCATGACCAACACGAGACGCAGATTTTGACTGAGTTGAAATAAATAGAGAATTGGGACCATCCGTAATTGCCATTATTCCTCCAAAAGGCACAAACAAAACAAAATTAAAGAGAGAGGGCGAACTCTATGCCCGCCGTTTGCTTAAGTGTTGTATCATTGGAATCATTCTTGACAAGCGTATAATAGACATGAAGAACGGGGGATTTTAAAAAAAGTCCAGACCCCCAAAAAAAACGTGAAAATTTTGGGTTATAACCTACACTCCCTTTAACCTCTAAAAACACTTTTGTTATAAGAGTTAAACCACCAACAAAACTTTGCAATCCATTTTCAGTGTCAAATAATATGTCTGAACTCAAATTGACAGACTGATCCATCAAAAAAGCAGACACTCCAAAGTCAAAAGTTTTTGCATTATATTTATCAAATAATCCATTAGTACTTAACCCTAAAAAAATTGGCGAATCTAAATTTAAATTAATTTGATAAAATGCACCTAAACCAACCCTATAGTTGTTATCGTTCCATTTCCATAATTCGGTTAAATTCAGTTGCTGATAATCGAAAGACAAACCTAAACTTAAATTGTTTACATTTGGTAATTTATAACCCAACCCCGCTTTAATGCTTCTGTCACGAGAAGTTCCATTTGGAATTGTTTCTCTGACACGAATCGCCATTGCAAATGGTGGTAGGGTTGAATCAAAGGCAACAACTTCAAATGAATCTATTTTTGAAGACCATGCCATACCACCAGAAAGAGTATATTGCCTTTTTAATGCGGGAAGTATTGCCGGATTTGCATCCATCATCGACGCATCTCCTGGCGCAGACGCGCCTGCTCCACTCGAGGCAGCAAGCGAAGAAGAAGGCCTGTTTAATGCATCAGAAGGTGAAAAATCATTTGAAAAAGCTGGCATAAAATAAATTACGTTTAAAAAACATAGCTGGACAAGAATTATTTTCTTTAGTTTAAGTGACATCGTGGACTCCATTAGGATTCTTTCCAGTACGAAAGGGCAAAACATGACCGTAAAAAGTTCTCTAATTAAAACGCTACGCGATCGAGGGCTCATTGCTCAAATTAGCCATGAAGAAGAATTAGAACAACTTTTTTTAAAAGGAAATAAAAATGCAAAAGGAGAAAGGTATGCAGTTTACTGCGGCTTTGACCCCACAGCAGCGAGTCTTCATGTTGGCAACTTGTCTGCATTAATGATGTTGCGCCGCGCGCAAGATGAAGGTTTGCAACCCATTGTTTTATTTGGAGGCGCGACAGGACTCATTGGAGACCCTACAGGTCGAAGCGAAATGCGCCCAATGAATACCAAAGAACAAATCTCTCAATACATCGAAAATTTTAAAAACTTAGTAAACCGGTACTTTAATCATGAATGCCCCAATCCTCCAATTTTTGTAAATAATATCGATTGGATAGGAGGCATGAGCTGGATAGATTTTTCCCGTAATGTAGGTGTTCACTTTACTGTTGCGCGTCTTCTTTCTGCCGAAGTGAATAAAACTCGATTTCAAGAAGGCGGACTCACCTTCATGGAACTTGGCTATCAATTATTACAATCTTATGATTTTTTACATTTATATCAAAAATACAATTGTATTTTACAGTTTGGTGGCGATGACCAATGGTCTAATATTTTATCTGGCGCCGATCTGATCCGAAGGGTTCAGGGAGGCAAAGCATTTGCACTCACAACACCACTTTTGGTTGGCAGTGATGGTAAAAAATTTGGTAAAACCGCAGGAAATGCCGTTTGGCTTGATCCTAAAATGACCTCTTCTTACGACTTTTTTCAATTTTTTAGAAACGTTCATGACGCTGATGTTCAAAAAATGTTTTATGTTTTTACTTTAAAAACGCAAGAAGAAATTGAAGAAATTCTTAAAAATTCACAGATAAATGCGATTAAAGAACTAATGGCATTTGAAATTACTAAAATCGTTCATGGTGAACATGAGGCCATTAAAGCTCTTGAAGCAGCAAAAACATTGTTTTCTGGACAAACAGGAGATCTCTCACACGCTCCTTCAACAATTTTAACAAAACATGATGTGCAAGAAGGCGTCGATATTCTTTCACTTTTAATCAAATGTGAATTATCAACGAGTCGAGGCGAAGCAAGAAAATTAATTCAAGGAAATGGACTCACATTTAACGGTAATAAACTGAATGACTTTAATTATAAAATCAAAGAAGAAGATTTTCATACAGAACAAAACGCGATAGTTTTGCGAAAAGGTAAAAAAGATTATCATCTTGTTAAGTTAAATTAAAATTTGTTTAAATATTTAATCGTTCACCATTCCTAACTTAATAAATCTATCAACATCTAATCTACCATATTTTGAAATTATTTCGTTTTCATTTGTATTATTATAATCATTAGCACTCATAAATAAATGATCAAGCATTGTATTTAAAGATGCTGCAGGAAATGCTCCATAATATAAAGACATTGCAGCAGCAACCACTGCAACAGAAAAACTCGTACCACTGACAAAATCTAAATTTCCCTTATTATTTGTTAAATGTAAGTTAATTCCTTGAGCAGACAAATCGACATTTAATCCATAATTAGAATTATAAGCCCTAACAAGCTGATTGTTATGCGAAGAAACTGTAACCACGTTATTTAAATCGTAACGACTTGGATAAACTTCTTGTGTATCTATGTTCATATTTTCATTTCCTGCAGGAACTACAAAGACTATACCTTTTTTTGCAGCGTTAGAAATTAAAATTTTTTCTATAAATATTGAACTATCATAAGGTTTACTTAAATATGATAAACTTAAATTTACAATTTTAGCATTGTGAAAAACAGCCTCGTCGATTGCTACAGCTAATTGTAACGAGCCATATTTTTTTTCTGTTTGACTACTATCTCTCGTAACATTAACTCTGTAAGAATACAGCTCAGCATTTTTAGCATAAACATTTTTGATACTAAAATATTCATCAATACCTGCAAATATTGATGCTAAGTATGTAGCATGAGAAGATATTATTTTAAAAGGATCAGAGCTATCATTTGTTAAATTTATACTAAACTTTAACTTTGCCTTAATTGCTCTTGTAACTGGAACAACTCCCGAATCCACTATTGCAACATTAACTTTTTGTAAACTAACATTTGCTGAATTTATACGATCTAAAGCCTTATCAAAATTTGCCTCACTATAAGTACGAATAAAAATTTCATTATATTTTTTATTACTTAAAAATTTATTAAAATTATAATCTATTCTAACTTTAGCATTTTCTTCAATTATTTTATATAAACTACTATTAACATAATTGTTTTTTAACTGACTATTATTATTTAAGGCTACTAAATTATTAATAGATTTAAACCTATACACAACCTTTTTACCATAACTATCCAATTCATTATCAGTTAATCCAGTTTCTAATATGTAAATTTTATCTTTAACTACATCAATATTTTCATCATCTGTATTTGAACATGATAAAAATAATGTGGCAGTAAAGAGGTTGAGATAATTATATAGTTTTTTTTTATTTATCATAAATAATATCACCGATAAATTATCATTATTATAAAGTAATTAAACAAAAATATTAAACTAATTTTTTTTAGATAAGTCTATTAGATATCAAAAATATTTATTTAATAAGATCAGTGATTTTTCAAAAAAAATAAAAATTTATTTTATTTTTTGTATATTTCATTTGTATCAGCTAAATATAAACTACCATGAGCGTTATTACGTATACTAGTGCTTGAAAATATAAAGTCATAAATTTTTTTAGCTGATTCTTGTGCAGAAATGAGCTGTTTCTTTTCCGCCATTGATTTAAA
CP146516.1_gap83	2473398	2476602	3204	CTAAATAGTTGATCTCTTTATTTAGTTCAATAAAATCAATAGCAAACAATATGATGTGATTGGGTTCACATCATATTTTTAATTTAGTTTAGGTAAAAAAAATGAAATTTCCTAAATTTGTTCATACTATTAGTGGTTGGATCCAACCAGATGGCAAATGGCACCCCTCAGACGAATGGTGGCACATTAGTGCAATTTATGAACTAAAAGAGCTAGGGTGCCCTTATTTACAAGACACAGTCACCAAGAAAATATTACAAGAAGGCGACGAAATTAAAATTAAAAAACATATTTCAGATATAGGTTTTATAAAAATTTCACGCGCCCAAGTAGACGGAAATATATCAAATATTGCACAACTTTTTGCCCTTCAAAATTTACTAAGCCTTTGTAATCCAGACGAAGAGATTGGTATTTTAGGTAACAATGGAGTATTAAAAAACATTCGTATTGCAAGAATTATGAAACTAAAGAATCCAGGAATCCTCAGCAAAATCAAAAAAGAAGGACTCAATAATACCTAATTATAACAATATTATACATGTATTTTTTATATTTTTTGTTTTTTTTAGTAATTTTTATTAAAAAATAAATTTATTCTTAAAAATAAGAATTATTTAACAATAATTAAAATAAGTCGTTGACAAATAATAAAAATTAATTAATAATTTCACCGAGCTAATCATATTATTATTAGCTTATTTTACAGGAAATACCATGAAAAATAGAAAAATATTATTTACTTTATCTATAATTTTGCTTTTTATTCAACAAAATTCTTTTGCATACCTCTATGGCGCAGAAATAACGGTTTTAAATCAATCAAACCATGATATTATATTTAGAGCCGGCAAAATTAAAAATTTTATAACTTATAAAGATGTTCCTCTTAACGTTGTGAGTAAAGTAATTCCTTCAAAATCAAACTACACATATTCAACTAGTAACAATGATTATTCTGGGTTACTTTATCAAGATAACTTAACATGGATTGGAGTGGGAACAAACAATTTTGAACTTAAAGAAGATAAGACGTTTATTAATAACTGCAAAAGTTATTATAAATGGAAAGACTATCAATTAACTCTTTTATATATCCATACCGGTGGAGCATTTTGGGACATGTATAGCTATTTTACTCCCCCTGAAATCAATTCAAGAGACGAAAAGTTGAAAGTAAACTTTTTCCCTTTTTATAATGATGCTCCTGTAGGAAAAGCTGGCGAAACTGGCAAACTAACTATTACTGTAACAGATTAATTATTAATAACTATAAATTTAAAAAATCTTTATCAAAATCAAGGCTAAATGTAGGTTTTCTTTTAATCAAAGCAGCAATTCGAACAATGTTTTCTAAAGATAAATTACACTCACCTTTAAGAATTTTTGAAAGCTTTTCTGGGCTGATATCAAGCTTTATCACAAGTTCATTAAAACCTAATTTTTGTTGTTGCATGTAATTGTTCAGTGCTTGAGCTAGTCCATTTTGAAAAGACTTAAGCGCCCGATATTCCAATTCCATTTGAACTTCTATCTCTTTGATTTTTTGAGGGCAAACACCTGTTTTTAGATAATCTTGAAAACTTTTAAATTTCATTTAATTTGCTCCTTTAGTTTTTGCTAAAGAGTTTTTAGCCACCACTTAATTTGCTTTCTATAAGTGCACTTTCTTGTATCGGCATTTTTTTTAAATTATTTACAAAAATTTAATAAAATTCAATAATTTCAAGATATTTAATAACAAATACTGATCCATTAAATATATGGTATTATCGATGATTTAAATATCAAGTTTACTAATAAAAAATTAATATTTAAGATTACGCCTGATTGAACAAAGGGCTAAAGCCAACTTTAGAAGTCGGGACTTTACGTTCGATTTTAGGTAAAGAACAATGTTCTGTAAATCATTTTTATAAAAATTTAATTTAAAAAATAAATTACTATTTTAATTTAAAGGGTGGAGGTGCATAATCAATGAATTTTATTAATTTTCTTGTTACTTCTTCATGAGAAATGAATAAAACTAATTTATTGTCTCTATAAGATAAAATAATTGGATTTATATTAGCAATAGTTTTTATGCCATATGTTGTTAATTGAAAACTTCCTTTTCCACCTACCAAATATTTTTCATCAATTGCAAATAAGAACCAATCATTTAAAATATGATTAGCAGGTTGTGGAATTAAAAATTCATTGCCAAATTTTTTCTTACATTTTTCGCTTAAATCTTCTACATCATCAATTCCATTGTTTAGTAAAAAATATTTATACATTAATGCAATATGGTTATAGTTAAGAGATGTGAATTTTTCTTGCCATTTTCCTTTGACTTCTATATAATTATACGCCGTCCACTAAGTTTGTTGGCAACATAGATAACCAAAAATAAATATTTATACGGAAATTGATGAATATTGAAAACAGGATATGCTGCAGTTAACATTCGTACTTTCTTTTATAAAAGGACACTGCAGCACAATGAATAATGTACAACAACTTATGGATGATTTAAAGAGAATACCTCAAAATAAATTAAGTTTTAATCTTTTACGTCGATTATTTATAATTTTTTTATATTCCGTAGGATTTTCTGAAAAAAAGATTGAAACTTTATTATGCCTTTCAAGAGGACGGGCAAATTATTGGGTTTCAAACTATAAGAATAATGGTATTTATTTTTTACTTGATAAACCACGTTCTGGTCGTCCATCCTTTGTAAATAAAGAAGAAGTTGAAATTTTAAAAACTGAAATCATTCAATTAAATTCTGAATTTAATGAGGAAAAAGTTGTTCATGCCCAAATAATAAATAGTATTATAGAATCCAAAACGAAATTAAAAAAAAATTTAGTAAAAGTGGGTTATACAAGTTCCTTCAAAGAACATTAATAAGAAGAGTTGTTCCAAGAACAAAGCATATAAAAAATGACCCAGAAAAAATGGCCGAATGGATTAAAGATTTACCAAATAAAATTAATGAAATTAAAGTAAAAAATCCAGGAAAAAAAATAAACATAGATTTTCAAGATGAATCACGATTTGGACAAATGACAATAAAATCTGGTATTTGGAGTCCTTTCCCAATCAGACCAGAATTTAAAACTCAAATGGGTTATTTAAACTCATGGATTTATGCTACTGCTAACAAAGATACGGGCAAATATTTTGGAATGATATTACCAAATTTAAATGTTGAAA
CP146516.1_gap84	2544158	2549054	4896	TTATCACAAGCGCAAATACTGTGTGAATATGAAGCAATGACTTTTATGCCAGATGATCTTGTTGAAGAGTACAATAATACTAAAATAAATATAGAAAAAATATTAGATAAAATTTTTTATGAAATTTTATCACAAAAAAATTTTAATCAAGAAGAATTAAATTTGTTAAATAGAAGATTATTTATAGGATTCGTCAACACTTTTAAAGAATGGACTGAAGATATTAAATTTTTTAAAAATAATGATAATGATAAATTTTCACTTTTGCAAGAATCTCCATTAATATCACTGTGCCTATTCTAAAATTAATGCAGGTAAAAATAAAATGACAATACAAAAACAATGCTGGACAATTTTAAGCGACGAATTAAATATAGAAAGCGAAAATATTACATTAAAAGATCAAGAACACCATTACGCTTGTAATGTGTTACGACTCAAAAATAACGACTCAGTAGAAATCACAAATTGTTATGGATTAAAAGCAACAGGAATTATTGTTAATGTTAATAAAAAAGAACTAAAAATTAAAATATTAGCAATAAATAAACACGCAGCAATCCAACCAGTAATTCACTTATGGCTAGCAATGCCAAAACTTTCAACAGCTGAAGATGTGATTGCAATGAGCTCAGAAATGGGCGTCAGTCAAATTCATATTTTTAAAAGCGAAAAATCTTTTACAAAATCTCCTTTAAAAATGGAAAAAGCAATACAATTAAGTAGAGAGGCAACACGAATTAGTAAAAGTGCATTTGCATCTGAAATTTTTTATTATGCATCTATGAATGAGTTTTATGAAAAAAATGAAGTTCAAAAAAATTCTAAGCAATTAATTTTATTTTGTGATGAAAGTCATATTTACGAAGGCAAAATACAGAATTCAATTTTAAAAATTTTGCAAAATAATTTTACACCAGAAACAAAAGAAATATGCATTTTAATAGGACCTGAATCCAGCTTTTCAAACAAAGAGAGAGCGTTTATTTTAAACAATATTCCTTCTTTGCCTGTATCATTAGGGCCAAACCTATTAAAAGTTCCTAATGCTGTTGCAAGTGCGCTAGGGACAGTAATAAGCTTCAGAAATGATTTCAGTTAAATCTTACCATCTAATGTTAGTAAGTTTTTATAAAACTCTGGTCTTCTGTCTCTAAAAAAGCCCATACCAGCTCTAAAAGCTTCTGTCTCACTAAAACTCAAATCTGCATAAATAATAGTTTCAGACTCTCTATCTGCCTCGGCAATTTTATCGCCCGTATAACTGCTTACAAAAGAACTGCCATAAAAATTCATATTTTTCTCTATGCCAACCCTGTTTGCAGCGGCAACATAAACTGCATTGCTGACAGCATGGCCAATCATAGCTCTTTGCCACATGTCTTTCGTATCCAAAGAATGTGCCTCAGGAGGTTCGCTGCCAATTGCTGTAGGATAAAGTAAAAGGTTAGCTCCTTGTAACACCATACTGCGCGCGCATTCAGGAAACCACTGATCCCAACAAATCCCCACACCAATTTTTCCATACAATGTATTCCAAACTTTAAAACCTGTATCACCTGAATTAAAGTAATACTTTTCTTGGTAACAAGGCCCGTCAGGAATATGAGATTTTCGATAAACCCCCATTATACTTCCATCAGCGTTAATCATAGCAAGACTATTATAATAAGCCTGACCCGATTTTTCAAAAAAACTAACTGGTAATACTACTTTTAATTTCTTTGCTAACAACTGAAAGTGCGATAAAAAAGGATGATTTTCAACTTCATTAGCTAAAGCAAATAAATGATCAAATTGCTCCTGACAAAAATAATGATACTCAAACAATTCAGGAAGAAGAATTACCTGAGCCCCATTTTTTGCAGCCTTTTCTACGTATTGAGTTGCTTTCTCAATATTAGTTTGCACATGATCAGTCATTTTTATTTGAATAAGAGCAAGCTTCGTAGTTTTTTGCATTAATTATAGTCTCCAAATTTGGCCCGCAGGTTGTTGTTGTGTAACACAATGAAACGAGCCTCCTCCTGAAATAATGTATTTCGATTTTAATCCAATAACCTTATGCTCAGGAAAAACTGTTTCTAGAGTTTTTAATGCCTTAGCATCATTTGGATCATCATAAGTTGGTACCACAACAAAACCATTGCCAATATAAAAATTAGCATAAGTGCACGGCAGACGCTTTCCATCAATTTCCATTTTATTTCTAGGTAAAACAAGAGGAACAAGATTAAAATTATTACCCGATAAATCTGTCGCTTTCTGCAAAACGTCTAAATTTTGCTGCATAGTCGCATAATTTAAATCGGTCTTATCGTCCGTAATAGAATAAACAATCGTATTTGCATTTACAAATCTTACAATTGTATCAATATGGCCGTCAGTGTGATCACCTTCTAGTCCATTTTCTAACCAAATTAGCTTATTAATACCTAAATAATTTTTAAGATATTGTTCAATGTCATCTTGTGTTAAGTTAGGGTTACGCATTTTACTTAAAAGGCATTGTTTTGTTGTTAATGCCACACCATTTCCGTTAACATCTAAAGATCCCCCTTCCATCACAACAGATGTTTGAAAAAAAGGAACTTTTAAATATTGCGCAACATAATTTGGAGCTAAGGTATCTAGGTCCCACTTAAATTTTTGTCCCCAGGCATTAAACTCCCAATTAACAAAGCTTAAGTTCTCACCTTGTTTAATAAATATTGGTCCATTATCTCTAAACCAAATATCGTTTAATGGCACATTATGAATAGTAACGTTTGAGTTGTTTTTAAATCTTGCATTTGCATCGATTTCCGCCTCTTGAGAACCAACAATTAAATTTACAGGCTCGTAAGTAGAAATTGTAGAGACTAACTCCTCAAACTCTTGTCTCACTTTTGATAAATGCCCAAACCAATTTTCTTCATCAAACGGCCAGCAAGTCCATGTTGCAGCGTGCAAAGACCATTCAGCAGGCATAGAAAAACCTAGATTTAACGGTATATTATTAATTATATCTGGCATTAAAAACCCTTTTTTAAATCAAAAAACTTTCAATATCTGAACACCAGAGAAATTGTTACATGATAGTTTTTTTCTCGTCTAGCAAATTATTTGTTTGTAATTATCAAAAGAATTCTTAACCTGCGCCTTTAAAAACCCGAGCAGTTATTGTTTTAACTTCTTTCATAATAACTTTGATCTTTTTAGCTTCAATAATATAGTCTTTCATTGCATCATATGCTTTTCTTTCGTCTCCGCCCGCTGCAATCCATTGAGCAATTGTCGATCCCCCTATAAAATCACTGGGATGAGCAAATATTACTTTGTGAGCTTCTAGATACGAGGTTGGTGTATCTAGTCCTTCCTTTTCAAACAAATTTAATGCAAAAAGAAGACAACGATGAATAGACTCTTCTACATAAGAGACTTCCATCCCTCTTGAGAAGACAATTTTATCTTTAATTTTAAATTTTGTAGAACTTTCTAAAGCCATAGAACCGCTCCTCACTCGCCAAACAGGTATCGGCAGGAAGTGTAAAATTCCTTAAGAGAGCTTAATAAGAAGAGGTATTTTAGATTTTAAATAAAAAAAGGAACTAGTATTGTTTTTACTAGTTCCTTTCTAATGTAAAAAAGTTCACTAAAACTATTTTCTTTTTTTAGCGGCTGATTTTCTTTTTACACCAACTTTATCTTTAAGAGACGAAGCAACTCTAAAACTAACCTTTTTAGATGCTGGAATTTTAATTTCTTCACCAGTTTGAGGATTACGTCCCTTGCGTGCTGCACGATCTTTAACTTGTAAAATACCAAGTTTATCAATACGAACTTTCTTACCAGCAGCAACGTGATCTTCAATTGCATCAAGAAAAGCCGCAATGACTTCTTTCGTTAATTTTTTTGGTAATTGATCAAATCTAGAAGAAACTTCAACAGTTAAAGCAGAAGTAGAAACAGTTGCAACTTTTCTTTTTGACATATAATAAATATCCTTTCGCATAAAAGTTAAATGGATCTTTAAATATCTTTGCCTAAAATCAACCTAATATCAAGAGGCAAAGTATATTTTTTTTATTTCCTATTGTAGGATAGGCAAAACTTTGAGTACAAACTTCTCAAAGCAAATAATCAGAAGGGATATATACCATGGATCAATCAATACTTTCAATACAATCTTGTGTTAGTTACGGTCATGTTGGAAATAGCGCTGTTACTTTTCCTTTGCAACGTTTGGGAGTTGAAGTTTGGCCAATACATACAGTTCATTTTTCCAATCATACTGGATATGGCAAATGGGGAGGCAGGGTTTTTGACATAGACGCTGTCAGAGATGTGTTTCACGGTATTAGGGATCGTGGGGTATTAGCAAAATGCAATGCCTTATTGAGTGGATATATGGGCAGTCAAGAACTCGGTAAAGTCATGATAGAAGCTATCTTAGAGTTGCGAAAATACAACATCAATACAATTTACTGCTGCGATCCTGTAATGGGAGATGTGGGCAGAGGCTTTTTTGTTAAACCAGGAATTCCGGAATTTTTTAAAGATGAAATGATAAAATATGCGACAATAATGACTCCTAACCACTTTGAATTCGAATACCTATGTGGCGAAAAAATTGAAACACTCGAACATGCGATTTCTGCAGCGCAAAACCTTATAAAAAAAGGTCCAGAAGTTGTTGTTGTAACCAGTTTAATATTAAATAATAATAAAAACTCAAACTTAAGCATACTAGCAGCAAATAAAAACTCGGTATATCTTATTACAACACCTTACATTCCAATTTCGCTTAACGGCACAGGAGATCTGACCTCCGCTTTATTTACTCATTTTTATTTAAAAGATTCAGAAAATATAGGAAACGCATTAGAAGAGACAGTCTCTAGAGTATTTAGTATT
CP146516.1_gap85	2556775	2559938	3163	ATTTGGACACGGATCACCTTCGCGTGCAGCAGCAATATCACCAATAATTATTTTTTCTCTATCTGATACTTGAGAAAGCAAATCTCTATCGGCATTAAAATTTACAAAATGAAAATCTTTTTCATTTGCTCCAACAACTAAATTGCGACTCTTAACAACGGTATGATCTAATATTACAATACAATTTTTTAGATTAAGCCCAATAGGTCCAGTACTTCCTGCAACACCACCAGCACGCACAATTGCATCATGAGAAGCAGGTACAACTTCAGACTGCACCAATGTTCTCACTTTTTTATCTATAACCTCTAGATCACCACGCACAAAAGCAATCACAGGCACATTTGAAAGAGTTTGAAACATCACAGCCTTTGCTGTTTTATCTGGAGATACTTCAAGATGTTTGGATAGCATTTCAATAGTTTTTATATTTGGGGTATGAACTTTATTTAAAGCAAGCTCTGACTCATTGCAATTAATAACATAAGGAGACGTTGAAATTTCTTCGTTAGCCGCATATTTGCATTTTGGACAAGTAATAAGTTTATCTTCACCAGTTGGTACTAACATTTGAAATTCGTGAGAATACTTACCACCAAATAAGCCATTATCAGACATAACACTTACAAAATTTTTACATCCTGTTCTTTTATAAAATCGATTATAAGCGCTATACATATTATCATAATATTGCTTTAAGTCATCTTCATTTGTATGAAAACTATAAGCATCTTTCATGGTAAATTCACGCAAGCGAATCAAACCACCACGAGGTCTTGGCTCATCTCTAAATTTTGTTTGAATTTGATACATCATCACGGGTAATTGACGATAACTAGTAATTTCTGTACGTGCTAAGTAAACAACAGGTTCTTCATGAGTTGGATTTAAAACCATTTGTTTTTCATGACGATCTTTAAACTTCATCATGTCTTTACCAAATGTTTGATAGCGACCCGTTTCTTCCCAAATATCTTTAGGAGAAGCACAAGGCAATCGAACCTCCTGCCCCTCAACAGATTCCATTTCTTCACGACAAATTTTTTCGATCTTAGATATACAACGCATTCCTAAAGGAAGAATGCCATAAATACCTGCAGCAAATTGGCGCATAAAACCGCCTCTAAGCATAAATTTATGGCTTGGAAGCTCGCTATCTCTAGGTGTTTCTTTAATTGTTTTCGCCACTAACTTAGACATACGCATAACAAAAAAACTCCAAATTTTATTTTTTAATGTATATTATTTAAAAACTGCTCAAGAGATATTGATTTATCACCAATATGTTTTTTCAATTCTTGATATTCATTTTGTGCAGATTCTAAATAACTTCCACGACGTATACATGTAATTAAACGATTTTTAGGCGTATGAGTTGAGGGCACAAACTCTGTTGCAGTCACTTCATATCCTTTTGAACGAAGCAAACACATTCTCAGTGCATCGGTAAAATGCGCTGCCACTTCTCGCCTTACCTGTGGCGTATGAAAGACTGGTGACAAAGGATGTGTCTGCGTATCTTCTTTCCAAAACCGAGCAAGCTCAGCCTGGCAACAAGGAGCCACAGCAATAAAATCTGATTTTTCTTGCACAGCAAAAGAAAGCGCTAAATCTGTGGCAACATCACATGCGTGTAAGGCAACAACAGCATGAGGACGCGTTTCTTTATTCCATTTATAATCCGAAATTGAAGTTGCTTCAAAAGATAAAATATTTGCAAAACCTAGTTTCTGTGCTTTATTTTGACAGTCTTTAATTATTTTAGAATTGCTATCTACTCCTACAATTTCTACAGGATGTTTCCATTTTTCTAAAAAACTCCACGCAAGCAAGAAAGTAAGATATGATTTGCCACATCCAACATCTAAAATTCTCACAATTTTATGTCGCGAAATAAGAGACTCAATATGAGATTCAATTAAATTATACATATGATTAATTTGTATAAATTTTTTTACGTTATCGGGAGACATAGAAGCATCAGAGTTTAATAAACCCAGCGATAAAAGCAAATCGGGTGCCGTAATTGGTGTGATTGCATATTTTTTTTCGCCTAAAAGCTTTTCTATTCTTTTTTTATTCCACCAGTTTAATGACAATTCTTTAAAACTAACTGGTTTTTTATATATTTCCATATGTTTCATATTCCAAAATTAAAAAGTTTTTCTAAAAACACAGCAACACCATCTTCATCATTTGAAAGTGTTCTAATTTTTGCAGCATTTAAGGCATGTTCATCTGCATTCGCCATGGCAACTCCTAATCCAGCGAGGGATAGCATTTCAACATCATTTTCTCCATCTCCAAAAGAAATCGCTTCGTTAATATGGATTCCTAAATAATCACACACATATTGCATAGCAATACCTTTATTCATATTTGAAGAACCCAATTCAATCCAAGGCCAACCATTAAATGTGCAAAAGCTAACGTTATAAGGCTTTAAAAGCTCAGATTGCTCTTTTAAAAAAGCTCGCCTGTCACTCTCTGGAGTTAACAAAAAAAGAAAACTGACAACAGATTCATAAAAAGGGTTATCAACATCAAATTCTTTAATATCATTGTCATAATGGAAGGAAAAATCGTTTGAATTTAAATAATGGGGTCGCAAGCAATAAAAAGAACTCGATGTATCTGCAATTAAATTTTGAATAGAATAGTTAAGTTTATTATTTAATATATTTTTACACATGTTAACAACAGTTTTTTTTAATTTATTATCTAAATAAACAAGCATCATTGAGTATCCATCATCTACATGTTTTTTAATATCACTTCCATTTAATGTAATAACAGGAGTTTTTAAGTTGATTTCTCTTGTTACATTTCTCACTGATTTTAAAGTCCTACCTGTAGAAATTACAACATGAATTCCTAATTCTATTAATTTATTTAAACAACTAACACTTCTTTGCGAAATTACTTTTCTAGAATTTAAAAGAGTTCCATCCAGATCTACAAATATTGCTTTATATTGAAAACCCATATTTTCTCCCTTTTGAATTTATACGTAATTTAACTTAACAGAGCTCCCTCTTTTAAATGATTAGAAAGAAAAATTGGGCTTACCTTTCCTTCTACAGTTTCTGTAGCGATAACCATTCCTTCGCTTACTCCAAATCTCATTTTTCTTTTTGCAAGATTTGTCACAACAATCACTTTT
CP146516.1_gap86	2570515	2573389	2874	TTAGGTACGCCCACAACTTAAAAGGATCAGCTAAATCTGTAAATTTAAACAATTTTGCGTCATTTATTCATAAAGTAGAAGATTTTATTACTCTTTTAAGAGATGGTAAAAAACAATTTAAAAACGAATATGTTTCACTGTTTTTAAAATGCCATGCTTTTATGGAATATTGGTGTACAAAACTTGACTCTGATACAAATTTTATTCCTTCTGACTTAAATGATATTAATTTTGTAATTGAACAAGTTATCAGTAAAAGTAGTGATGCTATTTCACAAAGTTATGAAATAATTTCTACTTCTACGGGATCGAAAAACACAACTTCTAACAATAACGAAAATAGCAATTCTAATCCAAGTAAAAAAAATATAAAAGCAGATTCAATTAGAATACCCGCTAATAAAATTGATATAATAATAGAATATATCAGCGAATTATGCACTCATCATGCAGTGATATCGCATTGCAGCTCCACTGATTCATACAATTCAAAATCATTCAAAAATTCTGTTCAAATAAGTGACAAAATAATTAAAAATTTACAGACTAATGTTTTTTCACTAAGAATGATTAATTTACAAACACTTTTTCAACGTCTTGAGAGAACTGCAAAGGACTTAGCACGACAACAAGGAAAAGATCTAGAAATTAATATTGAAGGTTCTGAAGTTGAACTAGATAAAAATATAATAGAAAATATAGTTGATCCATTTGTTCATGTAATTAGAAATGCAGTCGATCACGGTTTAGAAAAAAGCGAAGAACGAGCAAATAAAAATAAACCAATTAAGTCAAAAATATTACTTTCTGCTAAACAAAACATAAATGATGTTGTCATTTCAATTCAAGATGATGGAAAAGGAATTGACCGCGATAAAATTTATGCAAAAGCTGCAGAAAAAAAGATTATCAATGGAGATGAAGAATTAAGTGAACAAGAAGTTTATCAACTTCTCTTTAAACCAGGATTTTCTACTGCAGAGTCAATCACAGAGGTATCTGGAAGAGGTGTTGGTTTAGATGTGGTAAATCAAGCTCTCAATGATATTGGTGGATTTGTTCATATAACAAGCGAAATAAATAAAGGAACTTGCTTTGAATTCCATTTACCCTCAAATCTCTCAATCATAGAAGTACTAACAATCAAAGTTGATGGACTTAATTACGTTATTCCAATTACAGAAATTAAAGAAGTTTTAGATTTAACAAAAATAAAAGTTGATCATGTTACAAATAGTGAAAATATTGCATTATTGCGAGAATTTCCAATAATTATTAAAACATTATCAAAATACTTACCAAATAATTTAAAAAGCGGCCAAGATAACAACACAAATAAAATTGCGTTAGTCACAAACCATCAAGATAGTCATTATGCTTTTGAAATTGATGAACTATATGGAATAGAAAGCATTGTAGTTAGAAAAAAAAGCGAAAAATTTAATGATATAAAATATTATATAGGTTCCGCAGTTCTTCCAAATGGCGAACCTGCATTTATCTTAAGTCTTATAGAACTTATCAAACAAATAATTCTTCCAAAAACACAAATTCTTAATATTGAATTAAGGAGAAATGAAATTGAGCATAAATGAAGAAAATAAAGATTTATATCTTGTTTTTAGCTTAAATGAAGAAATGTATGGCACCCAACTCCTCCAAGTAAGAGAAGTTATAGAAAAACAAGAGGCTAAGCCGGTTCCAAATACCATTGATTCATACTTGGGAGTGATTAATGTGCGTGGCGAAATAATTGGAGCAATAGATTTAAGAATAAAATTTGGTTACCCAATAGTTGAAGAAGTGCAAAAAAACTCTGCAATGATAGTTTTTAATACTTCATCTGGCGCAATTGCTGTCTTAACTGATAAGCTCGAAGGAGTCTTTCAACTCAATTTAGTAGAAAAATATCAAAAACCTAAAATTGAATCAAAAATTCCAAATGATCACATTATTGGTATGTACCAATTTAAAGACAATATTATTACAGTTATTGATTTGTTTTCTATAGTAGATAGACAAGAAATAGCTGATGCCAATATACATAATAATGAAATTAAGGAATCAATATGATTTTTAAAAAATTTCATCTCTCTTTAAGAGCAAAAATTATTTTATTATTTACTACAATTTTATTATTCTTATGCGTTTTTTCAATTTTACAGCAATCTAAGAATAATAATGATTTAATGAAAAAAATGGAATATATTTTAGAATCTAGTTCAGTTAATCTTGGCAATGCTATTGCTGCGCAATTTTATGAACGCTATGGCGACGTCCAAGCTTTTGCAATTAATCCAGTTCTGCAAGAAAATAATATTATAAAAATGCAAGAAATATTAAATAAATATTGCATTCTTTATGGAATATATGATGTTATTCTATTTGTTGATTTAAATGGAAATTATATTGCTTCAAATACGGTAGACAAAGAGAATAGGCTTATAAAATATGAAAATTTAAAAAAATTAAATTTTTCTAAAGAATCTTGGTTTACAAATGTATTAGAAAAAAAATTTACAGAAGACAAAGAAAACAATTTTTTTGGCACCTATTTTGAAAATCCTTCTGAAGATAAAATTATACACAGTGTATATGAGAAAAATGCATATTCAAATAGTTACAGTGCTCCTGTGTATAATAAATTTGGAAAAATTATTGGAGTTATTACAAATAGAGCTAATTTTTCTTATATAGAAAATGAAATAAAACTTGTTCATAATGAAATTGCTAAACAAGGTCATCCTCATTCTATAATTAAATTAGTAAACAATAGTGGATTGATTATTTCAGAGTATGATAAAAAATCAGAAATTTCTGGCGAATATATTAGAAATTTTGATATTCTTAATAAAATCAATTATTTTGAAAAAA
CP146516.1_gap87	2587975	2590582	2607	ACGACTTAACTTCATTTTAGGGTAAAACTTTTGGTTAAAACACTTTCCTAATTCATCTATATCAACCGCAATATCTTTAAGTAAACTAAGGGCATTTTGACTATATATATGCTTAGGAGATTGCAAAGACTCAGTACCACCATAAGTCAATATAAATTTACCATTAACTTTAAATTCATTTCTCTTTGCATGACCACCAAAATCGTCATGATTATCTATAATTAATATTTTAGAATTTTCACCATATTTATTTTGATAAAATCGAGCTGCAGATAATCCACTTATTCCTGCACCAACAATAACGCAATCGTAATTTTCTTTTATTGGTAAATTATCAATTTGAAAATCTTTCCCTTCACGTCCTAGCAAATGGGCATTTTCAAAAGATCCAGGATGATTTCCCCTTAATCCTGTTAAACTAGGTGGATAATAATTAGATCCAGACTTTGCATTTAAAATATCAATTGGACTTAATCCAGCAACTACTGCAATAGAAGTACCATTAATAAAATCACGCCTTGTAATACTCATAAGGATTCCGTTCCTTTCCAAAAATATTATTCTAAGTATTAATAATATTTATGATAAAAACAAGAACGCAATATCAATTCTTTAGGGTTAAGTCGTTTTTAAGATATATTAGATTACCAAAAATTAAATTAATTTTTTCTTAGGCATAATTTTAAACTGCATTATTTCTGTTTGAAATTCTATTTCTGCTAAAAATAAGCCTTCAGCATCCTTTATTTTCAAAAATATCTTTCTTCTCTCAAGAGAAATTTCATAAAAATCAAAACTACTTAAAATCTGATTTTTACTCACATACATTACATTTCCAGAATTAAAAAATTTTTGAAATTCGCTATCAACGACAATAACTGGTATATGAGGTAACATCTCTTCAACTGATATAATTTTTGATTTAATATAATTAGGATTTAAAATTTTCTCATCAGTAAACAACAAGGCATCATTCACACTCCAAGGCTCTACAAATTCTCTACGTAGTTGTGAACAATGTCCAACTGTATCAATAGCAAGCGCAATATCTCGAGCAAGTGAACGAACATATGTCCCCTTGCCGCATAACACACGAAAAGTCATACTCTGCGTTTCTAAGTCAGAGCTCAGAATTTCAAGCTTTTCAATAAAAACATTTCTTTTTTTAGTTTCTATGTCCTCTGGTAGCTTACCTAATGAACGCATATATTCATATAAAGGTTTGCCATTCATCTTTAGAGCGCTATATACAGGAGGAACCTGTTCAATAACTCCTAAAAAACTAGAAATAATTTCTTCAGCTTTTGTTACAAAATCTGCAGGAACATTTTTAGTTTTTAGCACTCTGCCTGAATTATCTAAAGTGTCTGTTTCAGAACCAAAAGTAACAGTAAATAAGTACTGTTTTTTGCCATCCATAATTTCATCAGATAACTTAGTTGCTCCACCAATTAAAACAGGCAATAATCCTGTAGCAAATGGATCAAGAGTGCCTAAATGACCTATTTTATCAATTTTTAATGTCTTGCGAAGTACAGAAACAACTTTATGACTTGTAACATTTGGACTTTTATCAACTAAAAAAAGCCCACACAGATTTTCTAAATTTTGCATCCTTGGGGCCTTTTACCAAAATATATATATTTGTCTCATAACTTTATTTGTGCTGCTGCTTATTTTTATGTTCTTCTAATTTTTCGGTTTCTGTTTCAACCTGATTGCTTCGATTGGCTTCATCAACTCGTATCTCATCACTGACTTTAGAAATTAAAGCACCAATACGTACAGCATGCTCAACACTATCATCATAATAAAATGCCAATGCTGGAATATAGCGAACAAGCAACACCTTACCAAGCTCACGTCGAATAAAACCAGCCGCATTTTTGAGAGCTTTTTCAGCTTCCTTACGTTGCGGCGCATCACCAAAAACTGAAAAATAGATTTTTGCAACTTGTAAGTCTGGTGACATTTTTACAGAGTTCAATGTCACTTGACGAACACGTGGATCTGCAATTTCACCACGTACAAGCATTAGCGCAATATGCTCACGAATTTGTTCTGCAAGCTGAAGCATGCGTTTTGTAGCCATAGTTGTTTCCTTAATTCAATGTTGCTGCAATTTCTTCAACAACAAAAGCCTCAAGGATATCTCCAACCTTAATGTCGTTATAGTTTTCAACGCCAATACCGCACTCAAAACCTTGCGTTACTTCTTTTGCATCATCTTTAAAGCGTTTAAGCGAACCAATACGCCCCGTGTAAATGACGACTCCATCGCGCACAATACGAACATGAGAGTTTCTTACAACCTTGCCATCAGAAATCATGCTTCCAGCAATAACTCCCACTTTAGGTACAGAAAATGTATTTCTAACCTCAGCATGACCAATAATTTTATCTTGCTTAATTGGAGCTAAAGTACCAACCATTGCAGCTTGTACAGATTCAATAAGCTCATAAATTATACTAAAACATTGAATTTTAATTCCACTTTGCTCTGCAACTTGTGCTGCAACCCGGTCTGGGCGAACATTAAATCCAACAATCAATGCATTCGATGCTTTAGCCAAAATCACATCTGTTTCGGTAATACCACCCACAGCT
CP146516.1_gap88	2594624	2595569	945	ACAATCACCTTAGAAGGCTCAGATGGAGCCAATGCGTTGCACACAAATCGAGCAGGATCTCTATCATACGGTATAATATCTATTTTTTCGCCTCTTAATTCTTGTACAATTGCTTGGACGCGAGCACCTTTAATACCCACACAAGCCCCTACAGGGTCAATAGAGGGTTCAGTACTATAGACAGCGATTTTTGAACGACTACCAGGATCACGTGCTGCACTTTGAATAACAACAATTCCTTCAGAAATTTCTGTCACTTCTTGCTCAAATAAACGAATAAGAAGCTCTGGATGCGCACGACTTAACATAACCTGCGGACCACGGGTTGATTTTTTTACATCAACCACAAACGCAATCACTTTGTCGCGGATTTTGTATTTTTCACCAGGAATCTGCTCACGCACAGGCAATACGCCCTCTGTAGGACCCAAATCTACAATAATATCAGCCTTATCAAAGCGACGCACCTGCCCAACAACAATTTGATGCTTTTTATCACGAAATTCGCGAACAACTTTTTCTTTTTCAGCTTCCATCACTTTTTGTACGATAGATTGCTTTGCTGCTTGCGCTGCAATACGCCCAAGTTGTTCTGTAGGCAGCTGTTCACCAATTTCATCGCCTACTTGCAAGGATTCATCCATAGCAAGAGCTTCAGAAGCTGGAATTTGCTTACTTGTATTATTGAGATCGTTATCTGCGACAACGGTTCTATAGCGAATTAGCTCAATTTCCTCTGTTTCCTCATTGAAACGTGTTTCAAACACACAATCACCAAAATGCTTGCGTGCCGCAGTTAGAACGGCTTCCCTTAATGCGCCAACTAATAATTGACAATCAATATTTTTTTCTTTACCAACTGTTTCGATTACACGCTTCAAATCTATTTGCATTCAATGCACCTCAGAAAACAAGTCAAAAATTTCATGAGTCTTGGATTAAAGA
CP146516.1_gap89	2628605	2631301	2696	TCTTTAGAGAACATTAAATCTAACCATTTGATTTTACTAGCAGTAGGAAAATATTGATTCAACAATTCTGCAGTTTGATAAATATTTAACCCTTCTGGAACCGTTATTTTAATTTTTTCTGTATCACCTTTTCTAAGTTTGCTTATTATTTCACTTGGCGTAATCCCTTGATAAAATTTATATGTACCAACTTTTAAATTACTTGTTACTCCTACGAACTTCGCATAAAATATTAATAATTTTGGTTTAGATATTATATTTTCCTTTTCTAAATCATATGCTACCTTAGAAAAACTAAATCCATCTTTTAAATTATATAAAAAATCATTTTCACTAATTTTTATCGGATTATTTAACCAATACATAAAATATAATAAAGGAAAAACAACAAAAATAAAAAATGTATAAAAAATTATTTTTTTCATATTAAATGTTCCAAAGTTTTTTTGCTAAGTTAATTCTTAATTCATTAATATTAGGAGCTAACTTAATATCTGAATAATTCCAAATGATCTTCGACAATTTCCTAGATTCTAAAAGTGCTGATTGAACGTCTTCTTCGCTGCATTCATAAAAATCATTTTCATTTAATAAAAAATATTTACTACATGAAGTATATTCGTTATAAATAAATATTCTAGGACATTTTTTTATTCCATATTTTTTTCTTTTGGCTGTTCTATTTGTTAGTAAAATATGGTACTGCTCATTTTTATTTTCATCAACACAAAACCAAAACGAAGTACCTGTATATCCTAAATGCCCAAAAACTTTATTTTTATATAAATCCCAATCCTTTATACCAGATACTGAATTTTCTTTAGAGGGTGTATCTAAACCAAAAACAAATTGATTATTTACCTTACTTATATAATTTTTAGAATTTAAAATTTTTCTTTGACTATTAATCAATTTTTTTACTGCAATTTTAACATCAATTATATTTCCAAAAAAACCTGCATGGCCAGAAACAATGCTATTTTCTCTAAAATAAGACAAAAAATTTGCATTGTTATCATTACAAAATCCATATTTAAATTTGTTTTTTTTAATTAATGAAATTTCATCCTTATTTATAGACATATAAGAATAAAATGGAATAAAATTATTAATTTTTTCTAAATGAATACTTGAATGATAAAAGTTCGTATTTAAATTATTATTTAAAAAATTAATCAACCCAATCCATCCATTATTATCTAAAAAATTATCTTCAACTATTCTTGCTAATAAAAAATAGTTGACATCTGAATAGCAATTATTACCGTAACTAATGTTATCAAACGACTTAATTACGCTATTATTTAAATTAATTTTCACTTTATTAATAAAATTTTTATCTTTTTTATTAATTAAAACATCATAATAAGTATTACTTTGATCCCACAAAGCACTACCCATCCAAAACCATTTTTTTGCTCCCGAATAATGAGATAAAAAAGAATCTAGTGTGTATCTATTTTTATGATTTATTAAATGATCAAGCAGATTTTTGTTTACTCCACTTTTATTTAAATCTATATTAATCTCTTTTAAAGGATTTAGTAATATTTTTATATAATCATCTTTAAATTTTTCTCTAAAAAATAGATTAATAAAAAATGGTTTTGTCAAACTAGAAAGATCAAAACAAGGATGTAGATTATCGTTATTTTTTTTATTATTAATAGAATACTCATCTGCCCAATATGCAGACATACAGCCATTCTGATTTGCAAATGACCAGGATGTAAAATTATTATTATTTACCTTCTCTTCAAGCTCTATTGCACACTGCAAAAAACTTTCTGGAAGCGTAGAAGATAGTATTTTTTGAATTGTAAAATTCATGTTATGAGTACCCTGCCTTGGATGTCCTTGGCAATTAATCATACTTATAGGGTGCACTATGGATCTTACTAAAGTAAAGCCTCATTGCCCGTTTTCAATGCCAAAAAAAGAGCTATTGCAGTCTGATTTTAATCATTTTTGCAACGCAAAACTTGGATTAGCCCCAAATAAGGTTCAAGCAGATCTCTTAAGGTGGCTTGATGAGGACCATGGCTCAGGAGACCCTTCTTTATATTCGGGTATAACTGACGTTCAGCTAGCAAATTTTTATATTGTTGCCAAACAAAACTTTACTCTTTGCGGTTTGAACATCATGCAAGAGATATTTTATTTAGCATCGGGTGGTGAAATCAAACTCTTTTCAGATGTTAAAGATGGAGAGCTTGTCGAAAAGAGGGATATAATATTAGGAGGTATTGCAAATACAACCAGTATTCTCTTAGCAGAGCGGACAGCGCTTAATATTGGTGCAAAATTATCTGGAATTTCTACAAAAACCAAATTAATTTTAAGTGAAATTCGGAAATACTCAGAAGATGTTAATCTGCTAGAAACAAGAAAAACGACGCCTGGATTAAGAATCTATGAAAAGTATGCAACTCGTACTGCAGGTGCAAGAAATCATAGACATGGACTTGACTGCGGCGCTATGCTAAAAGAAAACCATTTAAGAAGTATTGGCAGTATCGAAATTGCTTTAGATAATCTTACAAATAATGCGCCAATTCTTACAAAAATTGAAATAGAAGTTACAAATTTAACTGAATTTCGTGCAGCATTAAAAAAACAACCTGATGTCATTATGTTAGATAATTTTTCTAATGATGACATTAAAATAGCAGTGCAAGAAAAAAATAATTACAACA
CP146516.1_gap90	2645701	2649177	3476	TCATTTAAAACATTTTTCTCAGCTTTGCTTAATATAAATAGCGGTTGTATTAAGTATCTCTTCGTTTCTTTGCAATATTGAATCGTTAAATCATATTTTGAGAATATTACCCTTGCACGTTGAACTATTTTTTCTAAACATATCCTAAAACTTTCTTTTCGAAGCAAAGATGCTTCTTCATATTGCTCATAAAATTTACTTAACATCTCGTCGCGCTTTAATCCACTTGGATGCTCAGACAACAAACGCATGAGCCTGCCAGGCTCTCTAAGCAGCTCGCCAGGAGCTACAAAATCAACATATGTTATACACAACTTAATCCATTTATGCGTTGCACTCATTGAATAAGTCACTTCATTTAATGCAAGCTCCAATGGTCCTTGTAGTCTAGAAAAATATTCACTTTTTCTTGTAGATCTTCTATTCTTACCTGCTCTAACCTTTGTGCTTCGAGTACTTAAATCTATTTTATTGCTTATAAAAATATCAGCCATATCGTGGTTCTCCCATTCAAAATTGATCTCAAAGATTAGAATTTGAATCTTTGACATATTGCTATATGCAAGAACTATGCCAATATTATTAATGAATAATTTTCAATAATTTTAGTATATTAAGATATTATTGAAAATCAAAAAACTACCAAAAGCCGAAAAGCAGTCAATTTCTAAAAAAAGGTGCCTGAAAATCGTTCAATCAAACTAATTTATTTCTTTATTTTCAATTAGTTAAAAAATTTCGTAGTGACCGATTTTCAGGCACCACGAAATTAAAGTAACAAAATCTTAAATTATTCGTAAACTTTTAAATAAAAAACCCAAAGGGACATCTGATTTTTATTAGATGTCCCTTTGGGTTTTACGGATTCGTTACTTGAGCTTGCTTTTAAGCTTGCTCATAGCTTTTTAGCTCTTCTGCCGAAACAAAACGACTAGAAATACGAGCAGCCTTACCGCGAAGCTTCTTAATGTAGTAAATTCTTGAACGACGCACTTTACCACGTACCTTAACATCAACATGATCAATTAAAGGTGAGTGTACATAAAAGTTGCGCTCAACCCCAATACCACCAGAAGACATTTTACGAACTAAAAATGTTGAATTTGTTGTTCCCTTACGAAAACGAATAACAGTACCTTCAAAAGATTGTAAACGATACTTTGGAGTTCCATCTTTTTCTGTACCTTCTTGAATTTTTACCCAAACGCAAACGGTGTCCCCAGCTTTAAAGATAGGAAGCTGTTTTTGGCGCAAGTGCATTGATTCAAAAGACTTTAAAATAGGATGTTTCATATTTATACCACCTATACAGAGAATTGCCTAAAGTCGGTTTCTCAAAAATTATATGTTAACAATAAAAATGGTCGGAGCGACAGGACTTGAACCTGCGACCTCTTGCACCCCAAGCAAGTGCGCTAGCCAGGCTGCGCTACGCTCCGAGTCAAGTACCAATATTTTTACTTATTTTGATAAAGCAGCCATTGATTTCTTAACAAGAGCTTCAAATACCGCGCCATCCTGAATTGCAATTTCAGACAATTGTTTACGATCTAAAACAATATTTGCCTTCTTTAAACCATTCATGAATTTGCTGTAAGGCATACCATGCGCACGAGCTGCAGCATTAATACGCTGAATCCACAATGCACGAAAATCGCGTTTTTTAACTTTACGGTCGCGATAAGCGTAACATAAAGCACGACGAACAATTTGAATAGCCGTTCTATATAGCTTACTGCGGGTTCCACGGTAGCCTTTTGCTAATTTCAATACTTTTTTATGACGACGACGAAGTTTAAAACCACGTTTTACACGAGCCATATTTATTCCCCCTAGCGAAGTACTGGCGCTGATTAAACAGCCTTTTAAAGAGCCAGATACCTGTTTAAAAACAACTTATAAAAGCGCTATAAATTAGTTCCTTTTACAAAGAAACTAAAAACAAAAAATTAAAGCCCATTCGGAATGCAACGCGCAACCAATCTTGTACTCTCAGCGCGCATAATTTTTGCCTTTTTCAAGCGATTTTTGCGGCTACGATTCTTTGATGTTGCTTTATGTTGCTTGCCTACATGAGGAACTTTAACAAGACCAGTAGCAGTTAACTTATATCTTTTAGCTGCTGCTTTTTTAGTTTTGATTGCCTTATTAACTTTCCCTTTTGACTTTGCTATCTTGGCCTTAACCTTAGATTTTGACTTTGCCATAAAATACATCCTTCAACTGAAGAGATAAAAAACAAGAAACTTCTTATAACACTGCTTTAAATAAAATCAACTATTATCTAAAAAAGAAATGAGTAAGATAACTTTAATAATAAAAAAACCTTCTTCAACATTTACAGAATCGTTTAAAAGTAAAACGAAAAATCACAAAATAAATGCAGGCGTTTAGAGTCTGACAAAAATAAAGTTAACCCACAAAATAAAGCCCCAAAAGACAATGCTTTTGAGGACTTAAATTTAGTGGTGGGCTCGCCCGGATTCGAACCGGGGACCACTTGCTTAAAAGGCAAATGCTCTACCGACTGAGCTACGAACCCACTAAAAAGGATATATAAAGGCTGCACCGAGCTACTCTTCCACACCTAAGGGTGCAGTACCATTGCCGCAGGCGGGCTTGACTTCGGAGTTCGGAATGGGATCCGGTATTTCCCCGCCGCAATCAGCACAGCCAAATCGAGACTAGAACGTGAGGTTCTCAGTTTTTAGGAGAGAAGGGGTTCACGTATAAAAAAGGTAAACAAGAACAGACAGAGAAGATAAAGCGTAAGAAGAGAGTGTTGAAGAGATGAGTGATTGAGAAAGATGGCTCAATGCCAATGATGTCTTAAAAGGAAGTGGTCAGGGTGATTAGTAATGGTTAGCTCAATGCCTTACAGCACGTACACATCCATCCTATCGAACTTGTCGTCTTCAAGTGCCCTGCGAGATTGCTCTCGAGGAAGTTCATCTTAGGAATAGTTTCCCGCTTAGATGCTTTCAGCGGTTACCCAAACCGAACATAGCTACCCAGCTGTGCCACTGGCGTGACAACTGGTTCACCAGGGGTTCGTCCAACCCGGTCCTCTCGTACTAAGGTCAGGTTCCTGCAACTTCCCAAACGCCCACGACGGATAGGAACCGAACTGTCTCACGACGTTCTGAACCCAGCTCGCGTACCACTTTAATTGGCGAACAGCCAAACCCTTGGAACCTGCTCCAGCCCCAGGATGTGATGAGCCGACATCGAGGTGCCAAACACCGTCGTCGATGTGAACTCTTGGACGGTATCAGCCTGTTATCCCCGGAGTACCTTTTATCCGTTGAGCGATGGCCCTTCCATGCGGTGCCACCGGATCACTAGAACCCACTTTCGTGTCTGTTCGACCTGTCGGTCTCTCAGTGAGGCTACCTTCTGCTCTTGCGCTCGACGCCTGGTTTCTATCCAGGCTGAGGTAACCTTCGCGCGCCTCCGTTACATTTTGGGAGGCGACC
CP146516.1_gap91	2659100	2661908	2808	GAGAGTTTAATTGGTGTGTGTAATTTAGAGTTTATTTGATTCAAGTTTTTTTTAGTTGATTTGTCACAGTAAGCACGATCGGCAAAGATTTGCGAATGTTTGAAGTTTAAAAGATCATTCTTAACAGCAGTTAAGTCGTGAGTTGCGGCGGGTGTGATTTTAAAATCAATAGGTGCGGCAAGTTTTTTATTTTGAAACAAAGCAGCGAGATGAAGTTTTAACCCATAGTAAAATTTATCTTTTGAAGAGCAATAGCCAATAGCAGAAATATCGTTTGCAGTATTGCACTTGTGCGCCCGAAAACCAGTTGTGAGTATAATAGGTAAAGAGTCAATAAGAATAAAAGGTTTGGATTTTGTTTTAGGGATTTTAAATTTATTATTTTTTAAAATAAAGTTTGCAAGTTCAGGAAAGAGTTTACTTAAGCTATTAAGTCTTGACAAAAATCCTTCATAAGAAGGCAAGTGAGGAAACCAGTTTGGAATAAAATTTTTAGTGAAGTTAAAAATAGCTTTTATATTTTTTTGTTTCATTAAAACTCCAAAGATGTAAATAGTGGTGACTTCTTGGTCTGTGAACGAGGGATTTGAGTTTGGACTAATTTTTAAAAAAGAGGTTGGAGAGAGTTGAGAAAAGAAATCGCAGGTAGTAAGGTATACAGTGATGAGTTGGCTCTGCCAGTCCATTGGTAGCTCCTTTGTTAATTTTGTTTGTGCAAAAATTATTTAACAAATTGGAGCTATTTCTTCAAGCCTCACAATAACTTTCTCAACTATTAACTGGCATTAATATATGATGGAAGAAAAAAAAATTCTAATTAGCAGAATTGATAATATTGGGGATGTTGTTTTAACTTTACCTATAGCGGGAGCAATAAAAGAACATTTTCCTAATTCAAAAATTTTCTTTCTTGGCAAATCTTATACTAAACCTATAATTGAAAGTTGTTCACATATTGATTGTTTTTTAGATTGGGATCAAATTTTATCTAGCAATAATTTTAAATTATTAAAAAACAATGATATTGATACCGTTATACACGTATTTCCAAATAAAAAAGTTTCACAATTATCAAAAGAAATTGCTATAAAAACAAGAATAGGCACTAATAGACGTTTTTTTCACTGGTTATATTGCAATAAATTTGTTAACTTAAGTAGAAAAAATTCTTCTTTACATGAAGCTCAACTAAATTTAAAATTATTAAAACCTATTGGTATAAAAAAAATTCCTACATTAAAAGAAATTCCAAATTATTATGGTTTAAATAAAATTAAACCATTACCAGGAAAATTTTTAAGTTTACTGGATAACAATAAATTTAAATTAATATTACACCCTAAATCTAAAGGAAGTGCTAGAGAATGGGGAATTAATAATTTTATAGCTTTAGCAAATTTGTTACCTAAAGATAAATTTCAAGTATTTTTTTCTGGAAATAAAGAAGAATCTAATATAATTAAAAACCAAATCATCCCTAATTGTTTAAATTGCATTGATGTATCAAACTTATTTAATTTAGAAGAATTTATTTCGTTTATATTTTTATGTGATGGACTTGTTGCAAATAGCACGGGTCCTCTTCATATTGCAGCGGCATTAGGTAAGCACACAATTGGCCTATATCCACCTATTGAATCAATGTCAGTAAAAAGATGGGGTCCAATTGGAAACAAAGCACAATTTATAACAGGAATTCCAAAAAATAACTCTATCTATTGTAACCAAATTTGTTCTAATCAAAACTCTTGTTTATGCATGGCGTCAATTTTACCAAATCTTTTAAAAGAAAATATACTAAAATGGTATTTAAACAATTAAGTTGATTATAATAAATTATTTTCGTAAACTTCTATATTATAAACTTTTTCAATTTGATTCATATTGAGAGTCAAATTGAAAAAGTTTACTTAATAATTTTACCATGGAGATAATAAATGGACTATAAAATTAAAGATATCTCGCTTGCAGATTTAGGTAGAAGACAAATAGAACTTGCTGAAAAAGAAATGCCAGGACTAATGAGCTTACGAGAAAGATATGGAAACTCAAAGCCACTCAAAGGAGCCAGAATAGCAGGCAGTTTGCATATGACGGTTGAAACAGCTGTATTAATAGAAACTCTGAAAGTACTTGGCGCAGAGCTACGCTGGGCAAGTTGTAATATTTTTTCAACAGTTGATGCAGCTGCTGCGGCAATTGCTGCTGCAGGAATTCCTGTTTTTGCGTGGAAAGGCGAGACAGAAGAAGAATATATATGGTGCATTGAGCAAACTCTAAAATTTGCAAATGACAAAGGACCAAACATGCTTCTTGATGATGGGGGAGATCTTACAGCGTTGGTTCATAAAAAATTCTCGCATCTTTTAAAAGACATCAAAGGAGTTTCTGAAGAAACAACTACAGGCGTTCATCATCTCCATCAAATGGCGCAAAAAGGTGAATTAAAAATACCCGCAATTAATGTTAACGACAGTGTAACTAAAAGTAAATTCGACAATCTCTATGGCTGCCGTGAGTCTCTTCCTGACGGTATTAAACGTGCGACAGATGTTATGATTGCTGGGAAAACAGTTTTGGTAGCAGGTTACGGTGATGTTGGTAAAGGCTGCGCACATTCAATGAAATACCATGGTGCAAGAGTACTTATTAGCGAAATTGATCCAATTATTGCACTTCAAGCTGCAATGGAGGGATACCAAGTTGTTAAAGTAGAAGATGTTATTAAAGATGTGCATATTTTTGTAACAGCTACAGGTTGCTGCGATATCATTTCAGCTGAACATATGTCAAAAATGAGAGATCAAG
CP146516.1_gap92	2690121	2691394	1273	ACTTAGAAATCAATTATAATATAATTAATTTCAATAAAGGATCCTAAAATGCAAAATTCAATAGACAGCGAAACAACTACTGTCATGACCGTTCTAATGACTCCTGATATGGCAAATTTTTCTGGAAAAGTTCATGGTGGTCATATTTTAAAATTACTAGATCAAGTTGCATATGTATGTGCATCTCGGTATTCAGGAAGTTATGTTGTAACTCTTTCTGTAGATCAAGTTTTTTTTCGCAATCCAATTCATGTTGGCGAGTTAGTTACTTTTTTTGCGAGTATAAACTACACTGGCAAGTCATCAATGGAGGTAGGAATTAGAGTTATAGCAGAAAATACGAAAACACGAAAATTTACTCATGTGCTATCAAGTTATATTACTATGGTAGCAGTTGATGAAAACTCAAAAGCAATTAAAGTTCCAGATTTAGTAATTACAACAGAAAAGCAAAAAGAACGCTATAGCGCCGCTCAACAAAGAAGGGCGCTACGGGAGCAAAATTGGACAAAATGAAAGTAATATTATTCTAGAGATAAGGATAAAGTAATAATTTGATAAACATTTCCAATTGGCGATTCATGTTCATTAACAAATATTATTTTTGCATCTAATTTATCACTTTTTTCTAATTTATTAGGAAATTGAGCATAATGAGCAATATATTTCAAAGGAATACTAACTTCATTTTTTCCTAACTCAGAATTAATAATCTGATAACTATTATTTGTTTTCGCAGCGTTAATTAAAGCATTTACTTTATCATCACTTGAAGTATCCTCATTACCAGGAACAATAATGTAAAATTTGCTTGGCACATTTTTACTCTCAAAAATTAAATCACCATCATATAAAACATTATTTGAGGAACCTTTTATTGGTAATAAATTTTTTTCTTTTAGTTTATAATCAGGCTGAAATATATTTAATAATTTCAAACTAGGCATCATTACATTAACTGAGTCTTCTTGAATGTTTAATTTCGCATGAATATCATTTTTGTTAAGATTTTTTTCAAAAATACTCACACTAATAGTGGGCTCACTACTTAAGTCTAGTGGACTAATTTTTGCCAAAACATAAAATTTTTTCTCGCTTGAAAACACAAATTCAATTGGTTTATCTTGATAACTTTCACCGATAAAGTCAGATTCACCATTAATTATATAATTTTCAACTTCTTTGTCATTTTTAACTTGAATTTTACTAAATTTAATTTTACAATTTTTATCATCTTTTAAAAAAACTAAATTTCCGCTGTTTTTGGATAAAT
CP146516.1_gap93	2694066	2694633	567	TCTTCCTTTAAGACAGAGTAAATATTGATATCCTCACCAATAACTCCTCCCTCTGATGAAAAAGCAGTTTGACCAATATTTTTTAAATGCCATTGATATTTTGAGAGTGGATTTTTTTCATAATCATCAATATTTGTGCAATAATTATCTAGTAAAAATATTTTATTTTTATCATTTACCAATACATTTTTATCTTTTTCTGTACAAGAAATTAAAATAAAAAGTTTAAATAACAAAAAATTTAAAATCTTGTGCATTGTAAAACCTTAATTAATTAAAAAAATAATTAATTAAAAAATTATCTTTGTGATTTAAAGTTTTCTAGAACTTCTACATTTACAGATGATGAAAAATCTGCCGAAATTTGATCATGTTTTTGAATTTTATCCCTAAGATCTTCGAGAGCCTTTCCTAGTTTTACATTTTTTGGAATATTTATTAAGTATAACCCCATATTTTGATATTCTCTTACTAATTTATAAGAAGAATCAAGAGGAGGTAAAGTTTTATCAGGACTAATTTTAATTACAATATTACCAGTTAGAACTCCAAATTTTCTAGAAGAAT
CP146516.1_gap94	2700693	2701481	788	CGTCGGATAACTTTGATAACGATAGTTCAAACTTTAGCGAAAGTAAACGAGAGTCGAAAGGAAGACGAGATGATAGTTCAGAAGCAGGTTTACAAGAGATTCCTGACGAAGAAGAAATTATCTAGCTTCGCATGGACCCATTGGGGATTTGCACTCATTACTACAATTGGTATTGGGTTTTTATTTACTATTATTGAAATATTAAAAATTAATGACCGTAAGGTAGTTTTTTACAACATTAGAACTGTAAATACAGAAAATACTAAATTTGTTGATTTAAAAAACCAGGCTAATCTAAATAATAATTCTCCCGTATTTGTATTTATGCAAGATAATGTTCTTTTTGGACCATTAAAAAGTATAGTCGCACCACTTCCAGATCATGATGTCATAATTTTAGGAAAAAAATGGAGAGAAGATTTTAGTGATAAAATTTCTTATTTTAAAAATAACTCAACATTATTTCCAGCAAGAACATACGGTGTTTTATTTAAATATGATTTAGATTATCAAAAACATGTTGAGCATTTAAAAGATACTTTTGAACTAATAGATAAGCAAAATAAAAAAATAAATAAAAATTATAATTTTGCACCAGCAACAATTATTCTTGATTTTATTAAAATTGATTGAGGAAAAAATGTTTACTATCGCAACGAGAAAATTTGGAGTTTGGAGAGAAGAAAGACAAAGTAATTTATTTAGATATCGCATTCAATCAAGACAACTAGTTTTTGCATTAAGCATGGCTGCATTTATAAGCTGGATGTTATATATTATAACAATAC
CP146516.1_gap95	2770960	2774554	3594	TAAAAATGTTTCTGGCGCACCACAAAACACAATAATTGGAGGAGCGAGTCTCTGGGTTTTTAATGGAATTCCAAAAGACCATCAAAAAGCAGCAGCAATTTTTATTGAATATTTATCGAGACCTCAGGTAATGGCAAGATGGCATCAAACAAGTGGTTATTTACCCGTTACCTTTAAATCTTACGAACAAACTAAGTTACAAGGATTTTATAAAAATAATTCTGGTTATGAAATTGCAATTTCTGAATTAAATAATAAGCCTCCAACAGAAAACTCAAAAGGTTTAAGAATTAATGGACTGCCAAATATTCGTAACATTGTAGAATCAAATTTTGAGTCGATGCTATCTGGTAAGATTACAGCAAAAATGGCTCTTGATAATGCTGTAGAAAAAGGTAATGAAATTATACAAAAAACAGGTGGATAAGTGCAAAAAAGAGTAATTTTTAATTCTAAATTATTACCATACTTACTTATAGCTCCACAAATACTTATTTCATCTGTTTTCTTTTTTTGGCCTGCAATATTGGCAATATGGCAATCATTTTTAAAAGAAGATGCTTTTGGCTTAAGTACAGAATTTATATGGTTTCAAAATTACCTAGATATATTTTTTGATAATAATTACTTATCTTCTATATTTGTAACAATAATTTTTAGCTTTTTTGTAACTCTAATTTGTTTAACAATTTCTCTTATATTATCTGGACTTGTTTATAAAGTTAATTTTGGAAAAATAGTCTATCAAACTCTTATTATATGCCCCTATGCTGTTGCCCCTGCAATTGCAGGAATATTATGGTTTTTTCTATTTAATCCATCCATAGGATATATATCAAATATTTTGCAAAAAATTAATATTTTATGGGATCCTAACTTAAATGAAAATCATGCATTAATTTTAATAATAGTTGCAGCAAGCTGGAAACAAATTAGTTATAATTTTTTATTTTATCTAGCTAGTCTTCAGTCAATACCAAAATCACTACTTGAAGCAGCCTCTATTGATGGCGCTAGTTCTTTTAGAAAATTTATTGATATAATTATACCAATTATTTCTCCAACAACATTTTTTTTATTTATAATGAATTTAATTTATACATTTTTTGATACATTTGGAATAATTTTTACAACCACGCAAGGAGGACCTGGATATTCTACAACAAATCTCGTTTACAAAGTTTATGTTGATGGAATTATAAATCTTAATTTAGGAAGTTCTGCAGCACAGTCTGTAATATTAATGATTTTTGTATCCATAATAACATTAATCCATTTTAAATTTGTAGAAAAAAAGGTTCACTATTAAAAATGTTTAATAATTTTAAAAAAACTTATTTTTTAACCAATTTTATATTGATATTTGGAACAATTATAATTGTATTTCCTATTTACTTTTGCTTTATTGCATCTACAGAAAGCATACAAAATATATTACACGGAAAAATAGGATTAATTCCTGGCACACAATTATTTAAAAACTATTTAGAAATATTAAATCCCGAAAAAAATATTTTACCAGGTATATCAATTTGGAAGCTTTTATTAAATAGTCTGATTACAACAGTATTAATAACAATTGGTAAAACTGTAATTTCTATTGTATCAGCATATTCTATAGTATATTTCAATTTTCCTTTTAAAAAAACTTTGTTTTTTTTAATTTTTATAACATTAATGCTCCCAATTGAAGTTCGTATAGTTCCAACATTTCAAATGGCTTCAAATTTAAATCTTTTAGATTCTTATCACGGCTTATCAATTCCTTTAATTGCCTCAGCAACTGCAACTTTTTTATTTAGACAATTTTTTATGACAATACCAGATGAACTTTGTGAAGCAGCAAAAATTGATGGGGCAGGTCCATTGCATTTTTTTTGGGATATCGTTTTTCCACTTTCTAGAACAACAATAGCAGCTCTTTTTGTAATTTTATTTATTTATGGATGGAATCAGTACCTTTGGCCGCTTCTTATTACTACAAAACAAAGTATGAACACTATCATTATTGCTCTCACTCAAATGATTTCTCCAGATGGTGCAACCCCGTGGGAAAAGGTAATGGGAGTTGCTGTAATTGCTATGCTCCCACCGATATTTGTTGTTGTATTTATGCAAAAATTATTTGTAAAAGGATTGATTGATTCTGAAAAATAAATTAATAGGAATAAAAAATGGCTACAGTAACATTAAAAAGTTTAGAAAAGTTATTTAACAATCAACGAATATTAAGCAATATTAATTTAAAAATTAGTGATGGTGAATTTATAGTTATTTTAGGGCCAAGTGGCTGTGGAAAATCAACTTTATTACGTTTAGTGGCAGGTCTTGAAGCGGTGTCAAAAGGCGAAATATTTATAGGAGAAAAAAATGTAACAAATATTGAGCCTAAAGATAGAAAAATTGCTATGGTCTTTCAAAATTATGCTTTATATCCCCACATGACGGTGTTTAATAACATCGCTTACGGACTAAAGTTACAGAAAGTATCAAAATCAGAAATTATAAAAAAAGTTAATTTTGCGTCAGAAATTCTTCAACTGAATGAGCTTCTACAACGAAAACCTAGTCAACTTAGTGGTGGCCAAAGACAGCGAGTTGCAATGGGTAGAGCAATAGTTAGAGATCCCAATGTTTTTTTATTTGACGAACCATTAAGTAACTTAGATGCAAAACTAAGGACACAAATGCGCTTTGAAATTAAAAAAATTCAAAAAAAATTTAATACTACTAGTATTTATGTAACACATGATCAAATTGAAGCAATGACACTTGCAGATAGAATTGTTTTACTAAACAAAGGAAATATTGAACAAATTGGTACTCCAATAGAATTGTATACTAAACCAGCTTCAACTTTTGTTGGAGGTTTTATTGGAAACCCTCCTATGAATTTTATTCCTGGAGAATATATTTCGAACTATATTAATTTTAATAATTTCAATAAAAACTGTATTGTTGGAATAAGACCAGAAAATATTAAAATTTTAACGGATATTGAAGACAAAAAATCAATACCATTTAAATTTGAAATGTTCGAAATTATAGGTCATGAAAGTCTTGTTTATGGAAAAATTGATAATTCTAACATTTCTATCATAATCAAAACAAATAAAATAAATAATGATTTTAGTTCAAAAAAACTTTATATTAGTTTTAAACACGATGATCTCCATTTTTTTCCAAAAGATACTTAGTTATTTATTTGAATCAATTGTATATAAAATTTAGCAGCGAATTATAACTACTAGAAGAAAACCTATTATTTCCTTCTAATTTAGCTTTATCTTTAAGAAGAATATATTGGTTTTTTTCTAAAAAGATTGCAGCTGAATATTCTAATTTTTGTTTTAAATTTTCTTCGTCTCCGGAATTAAAAATTAAATTACTAAATACGGAAAGAACTTCTGGTAGTGCTCCTACATTTGAACTTAATACAGGAATACCGCTTTGTAAAAATTCTACTCCAACTCTACAAATAACCTCACTCCCTAAGCTTGGAATAACCCCAAAACTTACAGTAGCAATTAAGTTTTCTATATTATTAATTTTTTCTTCAATTATAAATACTTGTTTTTTTTGAGAAGAATCCTC
CP146516.1_gap96	2783762	2784887	1125	ACACCCCTATATGGATTAAAACGATTAACAGCTTGAACAAGACCTGCATTACCTTCTTGAATTAAGTCTAAAATTTGAGAATACGCCCTTCGATATTCCATGGCAATCTTTACAACTAATCTTAAATTTGAAGTAACAAGCCTGTTTCTTGCTTCGATATTTTGATTTTCATAAGCTTTAATTGCGACTTCACGCTCTTCTTCACGGCTCATCAAAGGATATTTTCTCAATTCAGCCAAATACCTTTGTAAAGCGTTTGTTGTCACTAAGCCTTTTTCTTGAACATCAAGTTCGAGACTTTCTTCTAATTCGTCTTCTTCACTTTCTTCTTCTTGCTCTCTTAAACCTGGTAAAATATCGCTATCATCCAATACCACCTCGGCTTCGGCATTGAATTCATTTTCAACATCAATAACGTCATTGTCATATTTCTCCTGAGCAGAGTGAGAATAGTCGTCATCGTCAAGCACCTCAGCATCCAACAGACTATCATCATTATTTTTTTCCAAGTCCTTAATTTTTTGATATGATTTTGGAAACTTTTTAGACTTATGAACAGAAATGCGAACGAAAGACTTCTTTTTTCGTTTATTTGTCTCTGACGTTTGCTTTTCTTCATTAGCTGGCACAATCTCTTTGTTACGAGTCATAGGACTTACTCCCTGAAAAGGAATCTAAAATGCTTAGAGTAGGGATCATTTCAAACCCTTTTGCAAAAATCATAAAACTCAATCCTGAATACAACACTCGACTTTGGTATGCATTAGCAAACAATGGTCTATTAGAGGTCACTCGCTCTAAAGAACAATTAGAGCAAGTTTGCCAAGAGTTTAGCGAACGAAAAATAAACCTTGTGGGAATCGTTGGCGGTGATGGTAGTATAAGTTTGGCTCTTAGCGCTTTATACAAAGCATATGGTCCTTCTAAACTTCCAAAAATTCTTTTACTCAAAGGCGGGACAATCAACTTTTTAGCAAAAAATCTTGGCATAAAACCTGAGGCTCAAATATGTTTAGAAGATTCTTTAAATCTCATCAATAGAAAACGATCCATGAATGAAATTATTCTGAGTACCTTGCATGTCAATGGCCGTTTGGGATTTATATTTGCAAATGGAATAGCCAC
CP146516.1_gap97	2800423	2804764	4341	TCTTTAAATATAAAAAAAATTAATAAAAAAATTATGATATTTAAGGATTTTTTTGAAACTATTCGAGTTATTATATCAAAAAAACAAATAATATATTTAACCATCTCAATATTTATTTTAAATTTTGTCGGTTCTGTGTCATTAATTCTATCTCCACATATTTTTAATAAAAACACAAATTATTACAGCTTAACTATTGCATTATCTGCAATTTTTTCAATTTTTAGCATGCTAATTTCTATTAATAAAAATATTTTTAACTCTATATCACAAGTAAAAGTTGGTTTAATTTCATCATTTATGCTGATATTTTTCTATGGAGTTTTATCATTTTCAAAAAACATATTTTTATTTAGTATTGGATTTATCCTCTACCAAGCAACAATTCCTTTTTTTGTAATTTTTATGCGTACTGAAAGAGCTAAGTTAATACCTAAACATATTTTTGCACAATCAATTGGAATAATGATTTTCTTATACTCTTTAAGCAATCCATTATCAGGATTATTTGTTACAGGATTTATTGATAAATATTCAAGTCAAAACTTATTAATATTTTGTTTTATTTTAATGTTTCCAATATTTTTTGGAATTTTTTTAACATTTAATATTTTTACTTCTAAAAAATAAATTTAATGAATCACACAATAACAGTTAAGCATTTTGTTATATTTTCAATTTTAAAATGTCTAATTGCAGTTTGCAAAATCAAATCTAAATTAGATAAATCTTGAAAAAGTGATTTTTGATATCCTAAAAACTCCAAAGCATGAATTAAATTTTCTTTTGGTATATTATTGTCTATAGGCTTTGCTTTTGTTTGTTTAGAAAGTTTTTGGGATAGTTTGTTAACTGCTATAGGGATATGCAAATATTGTACTTTATCAAAACTAAAAAATCTCTGTAATAATATTTGCCTAGGTGTTTGAAGCAACAAATCACTCCCTCTCACAACTTCAGTCACACCTTGAAGTTCGTCATCAATAACAACAGCCAATTGATAAGACGGTAAATTTTCTCGTCTCCACACAACAAAATCACCTACTTCTTCATAAATATTTTGATTTAATTCACCTTGAATCAAATCATAAAAACAAATTTTCTCATCTTTATCAATTTTTATTCTAATTGAAAAATTCTTCAGACTCTCTTTTATAGGATGATGACGGCAAAAACCTTCATATATAACTTCATGAGTATTTAGATTTTTTTTATATTTCAATAAAGTCTTACGTGAACAATAGCAATTGTATAATAAATTTTTATTATTTAACTTCTTAAGATAGTCTCTATAAATTTCATTTCTATTTGATTGAAAAACAACATCGCCATCCCAATTCAAACCATGAGCCTCTAAAGTTTTTATAATTGACATAGTGTATTTGGATTTGCAACGAAATTTATCAAGGTCTTCTATACGTAACAGCCATCGACCTCTTTGGGCTCGTGCTCTAAGATAACTGGCTACTGCTGTAACTAAAGAACCGAAATGAAGCTCACCGGTAGGAGAGGGGGCAAAACGTCCAACATAATGAGACATAGTGCATTAAAACCCATTGAAAATGGTGAAGGGTCAGGGACTCGAACCCTGAACCAAGAGATTAAGAGTCTCTTGCTCTACCAACTGAGCTAACCCTCCACTAATGCAGAAGTCTAACTATCCAAGGTAAGCTTAAAAGTCAAGAATGCCAGAAAAAAAACTTATGACAAATAATCATAAGCTTATCGTAAATAGCATTTAATTTTTGCTTACTCTTTATTTACCTAAAATTAAGAAAGCAATAATTAAGCCAAGAATAGCTTGAAATTCAATAAGAGCCATCGCAAGAAGGAATGGCGTAAAAATTTTGTTATATGCTTGAGGATTCCGTCCAATACTTTCTAGAGCACCTTTAGCAGCATGACCTTGACCTTGACCGGCACCAATAACAGCCAAACCAATTGCCAAACCAGCACCAATTAGTTTTAAACCCGTACCAATTGACATTCCGTCAGTTGCAGCTGTGGCAGCAGCATCTGCAGCAACTGCAGGTAAACTCATTAAAACAGCAGCAGATGCTGCAGAAAGCTTTGCTAATTTATTTTTCATAATAAAAACTCCTAGTATTAAAATACAACAAAAAACTCGTTTCCATTCTTATTTTGTGCTCACGCAGAATACCAGTTCTCGTGTAGCAGAGCTTTTTTAAAAAGCCCATCCTTTAAATTTAAACTTAAAGGATAAAGACATTTTTAAATTTCCTAACATAAATGGAATAAAAGTTAAGTCATTTTAAAAAAGTCTTTAAAAAATTTTTTAATGACTTTCTTTAGACTCTAGCGCTAGTTTTATATAAACAGCACTTAAAGTCATAAAGATAAAAGCCTGTAAACAAGCAACAAAAGTTCCAAAACCTAAAAATATTGCAGGAATGGGAATAAATGGAATATACAAATCTTTCATTAATCCTGAAAATATTGAAAATACAAAGTGATCTCCTGATATATTTCCAAAAATACGTAAAGATAATGAAACAGGTCTAGATAACAAACTGATAAACTCAATCACAAACATTAAAGGAGCCATCCATAAAACAGGGCCTGCCAAATGTTTTATGTAATCAAACCCAGATTCTTTTAAACCATAGTAGTTAAAATAAATAAAAATTGCGATTGCAGCGGCAAAAGTAAAAGACATGCTAGAAGTTGCAGGAGAAAATCCAGGTAAAACACCTGATAAATTACAAACGATCAGTACAAAAAAAGTACCACCTAGAACTCCAGCAAACCGCATCCAATTTTTTTCACCTATTGTTGATTCCAGGGTTGAAGACACCACAGACCAACACAGCTCAATAAAAGCTACAAACCCAAATTTTTTAGGTGGTAGAATTTCTTCATCCGACATTTTTTCTGGCTTCATTTTAGCAAAACCAGACAAACTCGCTATTGCTGCCAACAACAAGACCGCAAATGCTGATGCAAAAACCGGCGACCATTGCTCAGCTTTTACGTTTGCAATGGCAAGTGACATATTTGGATTAAAAAATAGAATAACTTTTTCTAATATTTCATGGTACCAATTCACTACTTGCACTCCCGAGGAATCAGCATGAGCAACAGAAAACCGCCCAAGCAATAAAAAAGCAAACATATGAATAATTTTACGTTTCATAATACTATTGAAGAATCCCTTCATAAAATATCAAAGCAAACAAAAGCCAATTACCTTACTGAGGCCTTTCTGGCAAGTAGATAGAGCAAAAAGCTCACAAAATAAGTAGCCACAAAAACTCCAATGTATGTAATCAGTTCGTCTCTCTGAGATACATAAACCCAGTAAGCCAAAATGATAAAACCAGAAATTTTAAAAAAAATCGCTATTATTTTTATAACTATGCTTGTTTTTTTTAAAGTGCTGTAAACCCTAAAAAAAACTCCAGAGCTAATTAAGACAGCTGCTAAACAGGTTGTTATTAGGCCCAACTCATAATTACTCAATATCATTATCCTTTTTATCAGATTTCAGTCGCTTCAATGTTTTTAAAATCATAAAACCAGCCAAGAACAAAATCGATAAAGAGAATAACAGTTTCAAGACTATAGAATCTATCCAAAAATCTCTATAAAAGGCCTTGCCAACTTCAAACTCATCCAAAAGCCAGATAAAAAGTATTAGAAAACCAGTCGATATAATTTGGCTTATTAAAATAAGTAAAGTTGTAAGATCTTGTTTCATTTGATTTACCCAATTTTTAAGAGCAACGACTTGACCTTAGCTCCTTGCCTAGCAACAATCGCATAGTATACCAGTAGGGTTCGAGTCTACATGACTCTGAAATCTAAAATGGGGTTTATTCTATGTTAGGCAAAGAATCCAATATTATTTTTTCAGAAAAGCTTCGGGCTCGGTTAATAGAATTAGGGCTTTCAAAGCATACCGCCACTAAAATAACTAAACTTGTGACGCCTGTTAAAGTGGAAGGGAATACAATTACTTCATATTGTTCTGAACCATTTTACAGAGATCAAATTATTTTAGCTAAAAAAGACGAAATCGAAAAAATAGCAAAAGAGTGTTGGGGCAATAACTACACCTTTAAAATTGAAACATCAAAAGACTTAAGTGATGACTCGAATGAATTGGTAAATGAAAACTCTAAAATGGATAATCAGCTCACTCTTTTTCCAGAAAATAAAGATGTTTTTTTAGAAAAAAAGAAAAGAATTAAAACAAAAATAAACAATGATGTTGTTAAAAACCAAGACAATACTACTGAAAATGCTGCAAATTTAACAACCTCAGAAAAACCTAGAACGTTAGATGCCTCTCAAAATTTTAGTACATTTATTCGATGTGAA
CP146516.1_gap98	2806330	2806830	500	AGATCTTGAATATGACCAAGATCAGCAGCAACATGCTGAGCATGAGTTGGACTAACATGACCAAACGAATTAGCACTTGGAGCCGCAATGGGTATATTTACTAACTTTAGCAGTTTTTGCGCAGTCTTTCCCGAAGGAATTCGAATCGCGACCGAATCTTTTCCTGCTGTAACGAGACTAGGTACTAAATGCGAAGCTTTTAAAATAAGAGTTAATGGTCCAGGCCAATATTCGCTTCCAATTATGTCAAAACATTGTCTTTGAAATGAGGTCATATCTGTTAAACTTTCAACCTGAGACAAAGAGCTTACATGAACAATAAGAGGATCTGACTTTGGCCGACCCTTTGCAAGAAAAATTTTTTCAAGAGCGTTTTTATCTAAAGCATTGCCGCCTAGGCCGTAAACAGTTTCTGTTGGGAAGGCAACCAAATTTCCTTCTTTCAAGGCTTTTGCACAACGCTCAAGTGATTGATCAGTCAAACTTACAATTATTGCCAC
