gap_id	start	end	length	sequence
CP158103.1_gap1	99789	102023	2234	TCCCAAGAGTGAGTTTGTTTGTCTCCCTTGCTGAATAAGATTTTCGACTTCTTCCTGAGTCACACCATCTGTAACAGGTACACCCAATAAGAAATTCACCGTGTTATCTAATCTGTCCCGTAATACCTCACAAGTTTTGGTCGCTGATGTCACGACATCTTGACTACAGTCATCCCATGTGCGCAAGAAACTGGGGTAATGGATAAAACTGCATCCGGGTATCTCGGTTAACCTAAATTTAATAGGCAAGTTGTAGTGATGTCTGGAGACATTATCTACGAGGATTCCTTTCTCCTCATAATCCTCTTTACTAGTGCAACCTAGAGAACATAATAGTTCTGTGGATTTAATTAAGAGCTTGCGCTGTTCCGGAGATAATTCTACTGTAAGAAACTTCTCTATAATGTCCGCACGACTTAGAACAGAGGGAGTTACAGCCTCCACCAAAGGCTCTAGTTCTTGTGCTTGTTCTTGTTCTCGGATCTTGCCTGAATATTGCGAGTAGAGATAAAGCCTGACAATAACCTTCAACGCTAAGGCAATAATCACGGGAATAACTAGAATGACCAAAAGTGCTTTGAGACATAGAGAAGCTATTGAGTCAACTACTTGGACCCTTTCACATAACAAGGTTCCGTTTGTCTCTACAGATTTTACTTCTATACCTTTAGAACTTTGGAACAATATATCATCTAAACGTCCGGATAATTTCTCGAAAACAATAGGCCGTTTGGCCTGAGCCATTTCATCCAAACAATGTTGAGAAAACCGCAGCGGAGCAAAGAAATTCACACTCATAGGAACCTTTAAACCTCTTATTTACATTTATTTGCAATAAACAATACAAAAAAATTCTAATCTATTCCACTTTTTTTAACTATACTTTTCTAAAAACCCATTTTAATAAAAATCTTAATAAAAGTAATGTTATTGAAAATAAGAGGTTTTTCAATAATTAAAACACTTTGGTGAATTGATCATCAGTCACGACTTCGGCAACTATGTAAATGTTCCTGCTGCTGTATTGAGATTCGTCGACTTTTTGGATAAGCACAGTGACATCTTTTTTGAAAGTACATAGCATTTCACCAGGATTCTGATAGACAACCACATCACTACTGATTTTATTCAGTCCCGTTACCCTGTAATATACAGCATACCCGGCCCGTTCTTGCTGCTTAGAAAACATAGCTCCTTGAGAGGTTATCAGAGACATTGTTGTAGAATTTGCTGGTAAAGATAACTTTGTACCAGTTCTTATTTGGCCTATAATCCATGTGGAGGAAACTTCAGAATAATAGCCGACGGCATATTCTAACATGCTTGCAGGAATTTCCCATTTCTGTTCCCTATCACAAAAATGGGTAGCTTCTTTTAATAAATAATTGTCATATACCCTAGATCTAAGAGATTGTTTAAATCTATCACGCAAATCCCACAAACTAACGTCGACCAATGAATGATGCGTTCCGCCTTTCATAAAATCATAATGAACAACCTGATCACTATTTGAATTTACTCCAACTTCTATTGAGATAATAGCCGCTTCAGAAGAAATTCTTCGCATCCATTTTTCATAATCAAATCGGAGACGTTGTACAGAAGGACCAGAAAACATTGTTGCAGACAAGGAGATCGTCTCACGATTTGCAATAGTGAGTATGTCTCTTCCTGTCACTATGACTTTCTGAAACTCCTTCCACCTACACTTGTATTCAGGAAATTTCACTAGAAGAGCTTCTGTTCCGGTGTCCCCAAATAATGTTACTCGAGTGAAGTATAAGTCTCCGGACTCAGGATCTAGGTAATAAGAAGCACCTCGTGTAGTTAATCCAGGAAGTTCGTATTTTTTCATAGAGGAATCTATTGGCAACCAACGCAAATCACTTTCGGTACTATAAGTAGCATTAGGATTGACCGTGTAAGCAAATATATTAGTATTAGGAAACCGAGGGCCGCCTGCAGGAAACTCTAATCGGTATTTGACGTTTTTATGATGTACTAAGTTAGTTATATGATGGGCTGATGAGAATTCGCTTGCTAAAAGTGCTAAATTAAATGTTTCAAACCCTAATTTTAGGTTTAAATGATCTCGATACCGCTCATCAATTAATAAATCTTTCTCATCTATATTTTGAGATTTGCTAAAGAAATCCTTAAATCTAAGATCAATGCTACCTATTCCATCTCCTCCTCGCACGTAGAAGAATCTTAAAATAAAATCTTGCGCATCT
CP158103.1_gap2	108514	110051	1537	TCCCTTATGAGACATCATTAAGCCATTCAATCCTCGAACGTTCCATTTTGTTGACCATTTGTGGTATCGTTGTAAAATTGGCATAAAATCACGAACTACATCTGATGCCATTCTTGCAAAAAAATCTTTATGCTCATGAGACCTAGCAAATCTTTGTAGTTCATCACCTAATTGCAAAAGTTTTGTTTTGTCTTCTGATGATATTTTGGATATGTCCAATGCTTGAGCAATCTCCCCTAGAGATATTGATCGAGCTTTGCCATTAACAAGCTTTAGTACAAGATAAGATATAGCTCGTCGTATTTGGAGATTTTCGAAAAATACATCTCCTCCGATCCCATGAATCATCTTTGTAATTTCTGGGGAATAGGCTGGCATCATATCTAAGTCTGCATAGATGCCCCCATATTCATAAAGCATGTACATTCTGACTTGATCTGTGGCAGCAGCGTAATTCCATCTTAGGAGCATCTCCGTACCATAGTTATGGCGATTAGTATTATCGCTCATAGATTTTAGTTCTTTGATGTCCTTAACAAAAACTTTATTCTCCCCTAAATCCTTATTAACTTTTGAAACGAGATGTTCGATTTTTTTCTTATTGCTTTCTATAAGCTTCTTGTAATCTTCTACCTCTTCTGCTGAGAAACCCAGCTCTTGTGTGAGATATTCTATACGTGTTTGATCAGAAATAGAGTCTAAACCTTTAAGAGTGCAAAAATTAAAAAAACTATCTTGTTGAATTACTGTTTCTTGAAAAAGCAGGGCATTAAAAGCATCTCTTACACTCTTATGCAATGCATTATATAACTTTCCCATGCCTTGTATATCTTCATAGTATTGATTTGCATCACTGGGATTAGTTGCGGAGTCGTATTTCTGGATTAATTCATCATACTTTTTGATAAACGCTTGATCAGATTCAGGTATACTCGCCCTCAGCTTCTTAATCGCTGAATCAAAAGCTATTTTTTTCATTATGGAAGTGAACTTAGCAGCTCCGAACGCTTGATTATCCACCCAGAGATAAAACTGAAAATCATCATATGTTTTCAAGAACGTCTTAATATACTCATCCGTACCATCAGGAGGCGAACCTGCAACCCAAATCCCATGGATGATCTTATCTACCTCCACTCGATGAGACTTGTACTCACTTTTAATCATGGACATGACTTCAGAGGCTTGATGGTCGTCAGGCAACTTGAGTTTCTTTTGAATTTCTTCCAAAAACCGGGATTGATCAACTAGTAAACGTTGACCAATTCTAGAGTTCTTATTACTAAGACCGCCATAACGACTTATCGCTTTTTTTAAATTATTCATAGACTTCTGAGAGGGTGCTACCTGCTCTGCACTTAATTGCAGACGATCCATGATATTCTTATCAGTCAGATCATACTTTTGTATAGGTGCGCCATTTGCCTCTTCTACCGCACGTTTCTTCCTAGACACACGACAACCAGAAGTTTTGTGGACCTTATGAAGATAAGATTTTGCCTTTTTAGTAATAGGGACGGACGACGTAGGAAAAGAT
CP158103.1_gap3	234036	238702	4666	TTCAGAAGAACTTCTAGAAACAATTTTTGAGCCTTCTTCTCCTCTGCATGATGGAGCTGTAATCCTCAGAGCAGAAACCATAGCCTATGCTCGTGTTGTTCTTCCCCTAGCACAAGATACAACACAGTTATCTCGTTCTATGGGGACTCGTCACCGCGCGGCGTTAGGGGCCAGCCAACGTACCGATGCATTGATCATCATTGTCTCTGAAGAGAATGGTTATGTATCCTTATCTCGCGATGGCATTTTGACTCGTGGAGTCAAGATGGATAGATTTAAAGCTGTGCTGAGAAGTATCCTTACTCTCAAAGAACAAAAACATAAACCCTTTAGCTCATGGATTTGGAAAAAATGATCGATTTCTTTTCTCGTTTTTTCATTCGTAATTGGCTGAGGAAAGTGGTGTCTTTGGGCTTTGCCATCATCATTTGGGTTCTCGTTGGGCAGACAGTAACGGTTACTCGTACGTTAAATAATATTCCTGTGCGTATTATTGACCTCAATCCAGATCAAACTGTCTTAGGACTACAAAGTAACGGGTTATTAGATAAAAAAGTCTCGTTAACGATTACAGGAAATAAAAATACAGTTCATGATCTTCGCCCCACAAACTTGGAAGTCGTTATTAGTGCTACAGGACATTCAGAAAGTTGGATAGCCGCTATTGATAAGTACAACCTTGTCAGTCTTGATGGGGAAACTAATATCCGTCGAGATATTCAAAGTGTTTCTGCTGATGATATTTTTATTCGCCTTACACAATATGTAACCGAAGATATTACCGTAACGATTACGACTCCTGTAGGTAGTCCTCCTAAAGGTTACGAATACTTAGATGTTTGGCCAAAATATCTTATTCAGAAAGTGAGCGGTCCTAAAGAATATGTCAACGCCCTTAAAGATCAAGGACTGGAGCTCACGTTCAATCTCAATAAGGTATCTTTTGAAGAATTAGAAAGGAATCGTATTGCTCAAGGGAATCATGATGAAATTATCTTTCCTATTCCTGAGGAATGGAAGAAAATTCTCATACCTTTTGGGAATACAAATACATATGAAAACCTCAATGATCCTCAAGCGGATTTTTTACGTTTATTATTTTTAAAACAGGAATTTATTCCTCTAAATCTTAATCTCCCTGTTTTACTCTTCTTCCCTGTTAAATACAGCAACACGTTCAATCCTTTAGCCTATACGTTAGAGCCTTCCCACCCCATTATTCTTAATCAGGGTATTTATCAAATTAATATCCCTCTGTATGTGAAAGATGTAAGTAAACTGTTCTTAGATGTCGTAAAAAATAACATTGCTTTAGCAGTTGTTATGGCTCCTCCACATGAGAATAACTCTGTCAATTGGGCTGTAGAGTTTATAGATGAAAAGACTCTCGAGGACACCTTCGTTCAAGCCATAATGGCGCAAGAACATGGCATTCTTCATGACTTTGCTTTGATTGACGAAACAGGAATACGTCATCGCTTCCGTGAATACCTAAGAAAACTTACCTTATTTGGCAAAGATGGATTTCCATTAAACCTTTCTGCAGAGATTTCTCATAACAAGGTGATTATTCGTTCAAAACCTACAGAAACCTCAAAACTACATAAAAAAGATTGGTAGGAATTTCGTTATCTCTACCGCGTAATATTTATAACTCACAGCTTAAATAAGCATAAAAATTATAAAAACAGTTGTCAGAGTTATTGAGACTATTATAGTGTCAATGCGAACGGCTCATTGAATTACTAAAAGAGCGTAACTTTTCATAAATAAAGAGACAGCGTTCTCATTTACCCCCAACCTCTTATTACGCTGTGTAGAGTAGGGATCCTCAATTATGTTCAACACCTTGCGTCGTGCGAAGAAAAGCTTTGTAGACTGTTGCGTTTACTATCTCGGAATCACTTTAATCGGTATTTTCAAACGTATTCCGCATTCTTGGTTACATCGCTTGGGAAAAGCTTTAGGAACTCTCGTTTTTTATACTATCTCTGACTACAAAAAAACAGCCCTGACAAATTTAGCATTAGCTTTCCCTGATAAATCTTTTAAGGAAAGACAATCCATTGCTAAACATTCAATACAACATGTAATGATTACTGTTTTAGAATTGTTAGCGGTAGAAGGACTCATTGGTCATCTTAATGATTTAATTTCCATAGCTACAGCAGAAGCGCGTCCTGGAGGATTTTCTTCGGACGAAGTACTAACACAAAAAGAATTACAAGATACATTTTCTAAGCTTAATGAAAATGAAGGCGTGATCTTATTTTGTGGCCACCAGGCAAACTGGGAACTCCCTTTTCTTTATATTACTAGAGACTATCCAGGTCTAGCCTTTGCTAAACCTATAAAAAATGCTCGGTTAAATAAAAAAATTTTTTCATTACGAGAAATCTTTAAAGGGAAAATTGTGGCTCCGAAACAAGGGATCAATTCTGCCCTTCATGCCTTACAACAAGGGCATGTGATCGGCATCGTCGGTGATCAAGCATTACTGATCTCTTCTTATACTTATCCACTCTTCGGTCATGAAGCATTTACAACAACATCCCCTGCTTTACTCGCATATAAAACAGGCAAGCCTGTGATCGCCGTATCCATATGCCGGAATACCAACGGCTATACTATTGTTCCCAGTAAAAAGCTCTATGCTGATAAATCTCTTCCTATCAAAGATGCTACAACATCACTTATGAACAAGCTCATGGGCTTCTTAGAAAAAGGCATAGCTCATCAGCCACAGCAATGGATGTGGATGCATAAACGATGGAAACGTAAATTGTCTCCTGGGTTAAAAAAGAAATATGCCTATAGCCACATACTCGTGATTGTGAACTCTAGGGATCTTGAGTACTTTGAACAATTCCTTTCTGACCTCGCACGATTATACTCAGGAGCTGCGTTAACATTAGCCTTATATAACCCTACTAAAGAAAAGATCTTTGCCACCAACCTACCGCAATATACGATACAGGAGTTTTCGTATCTTGAAACTCTATACACTCTTCCCAATAGCTTTCCTGCTGTATTTGATTTAGCTGAACTTCCCGTGTGCCTGCATAAGCATTTTAAGAAAACAGGGTCCGTGGTCCTTTATACCCGAAAAGCATTAGAAAAGAACCTATCGCAACCTACAGCTCCCTTAATTACAGCGCTCAAGAAATTTTCAAAAAATGCTGAACTTTTGAAAAAGTTTTTTTGATTTTTTTCTTGATTTACACCAGAATGTCGTTGGTGTTTTACAAATAAAAAGAATTTTATGTGCTTAACAGACTGTTTGGGATCTTCATTTGAATGTACCCTCAACTGCATCTGCAGTTGTCAAAACTCTCAGAATAATAAACGCATGCTAGCACTCATCTCAGCATTAGCCCTTGCCATATTAGCAATAGCAGCTGTTGTGGTTTTCTCATTAATATGCGCGGGTACGATTTATGTTCCTGAAACCCTTTGGGGGGTCAGCAAGTATATCATGACACCGATACTCCTGGCAATCGCCTTAGTAACGGCTTCATTATCCGCAGGGTGCTTCAAAGCAAGAAACCGCTTTTTACCTGCATAAGTCATCCTATGAGCATCAGCTTATTTGGCTGATGCTGAGATGATATCATTTACTGTTGTCAATGTCAGATTATTGGTATCTTTCATTTGTGCTCCGCGGCTTAACACTAGGACCTTATCGTAATTTGATAAAATTCCTCTTTCGATACCATAGACACAAGCTTGATGTCTCCAGACTGTACGATCCGACTCTTCAGTAAGCATAGGGTATACCCCCCACTCTAAAGCAAGTCGGTAGTATACAGATAGATTTGGTGTAACAGCAATAATGGGGAAGCGTGGACGATACTTAGAAAGGAAGATCGGAGAGCCTCCGGATTCTGTATACACGATAATGGCTTTCGCTGCTGCCTTCTCTGCAATTTGAATTCCTGACAGCCCTATAGACTGAAGATAAGGAGATACCTTAACAGCACTCTCACTATCATTAATCTCTAGGAAAGACATATAGTTGAGATTTTTTTCCGTTTCTTGAATTACAGAACGCATAATTTTCACAGCAGCTATAGGATGACTACCCGAAGCCGTTTCTCCTGACAACATCACTGCAGATGTCCCATCATAAATAGCGTTTGCTATATCTGAAACTTCCGCACGCGTTGGCAATACATTGCGAATCATCGATTCTAGCATCTGTGTAGCAGTAATACAAAAACGCCCTGTTTCACGAGAGATCTTCGCCATAAATTTTTGCAAACTAGGAACTTCCACAACAGACAGCTCGATTCCTAAATCCCCACGGGCAATCATAATCCCATCCGCAACTTTGGCAATCTGAGGGAAATTTTCTACACCTAGGCGATTTTCTATTTTCGCAATAATCGGCATATCCCCACGCCCGCAATCTGCTAAGCACTTGCGCATGCTCTCGATATCTTCAGCACAGCGCACAAAGGAAGCCGCAATAACATCAACCCCCTGATCGACTCCAAATTTAAGATCATGGATATCCTTATCGGTCATGAAAGGAAGAGCTAAATCAATTTCTCTGATACTTAAAGACTTATGAGACTTCAGCTCTCCAGAATTAATAAATTCTAACTCTAACCAATCGTTACCAGCAGAAGTGACAACAGCTTGGAGATACCCATCGTCGATCAAA
CP158103.1_gap4	244040	248046	4006	TCTTCCCAACGTTCGGATATCAGTACGTATTTCGATATTGCTCCAAGTTTAAGAAACTTCTATGCATCGCTCACGCAGGCTAAAGCCTTAAACATCACAGCAAGTATGTTCAGTACAAATACTAAGCAAGGGCAGTGTGCAGATTGTTTAGGATTAGGTTACCATCTCATCGACAGAGCTTTCTATGCCTTGGAGAAACGTGTATGTCCGACGTGTTCAGGATACCGGATCCAACCCCTAGCTCAAGAAGCTGTTTATGAAGGGAAGCACTTTGGAAAATTACTACAAACCCCTATTGAAGAACTCCCGATACTCTTTCCTTTTCTTCAAAGGATCCAAGCTCCTTTACAAGCGCTTATACACGCAGGACTGGGCTATTTACCTTTAGGTCAAAACCTCTCTTCCCTATCGCTTAGTGAAAAGATCGCTGTGAAAATAGCGAAGTTCCTCTACTTACCTCCAAAAGAACCCACATTATTTCTGCTCGATGAGATAGCGGCTTCCTTAGATAGAAATCAGAAATCCCAACTACAAAAACTCTTCCGCACCCTGGTATCTCAAGGGCATTCAGTTATTTACGTTGATCATGATGTGTATTTGCTAAAACAAGCAGATTATATCATAGAGTTGGGGCCTGGTTCCGGGAAATATGGAGGGAAACTGCTTTTTGCAGGAAGACCAAAAGATATCTTAGCTTCAGAATCCTCTATATTGAAAACGTACATGTGTGGGTTATAAAAGACGCTCTTTCACAAGAAGATCATAGGCAACGCGACAGTTGTCACGCTCCACATCATCTCCTAAACAATGGAAAAAGATAAACTTTTGCAAGAGTAAGTTTCTTCTTTCTTGATAACTCCATTGGTTTTCACAAATTCCCAAAGGACTACAAAACAATCCTATTAATGCTCTGGGAGCTACATGATCTTCTCTACATCCCGAAAGATGTAAATAAGCTAAAGAGCTCTCTTCGGTGAGAGCTAACCAATAACCATAAAGAACGAAAGCCCAATGACTGTCCTCTATCCAGAACGACTCATCATAATGAGCAGATAAGAGCTCGTGTACTTTTTTCCCCTCTTTCATCCAAAGGTAGGCCAGGATTTCATAAGGCAAAAGATAGGTGTGCCGCTGCTGAGGGGAAACATAGGTTTCTAGTACCTGGATAGCATCAAGGATCTGCTCACCCTTGCCATGAATTAAAACGTCTTTAGCAAATAAATCGAACAAGTAAATAATCAAAACAGGATCTAAGATGTCGACATCAGAAAAAATCTTTTCTACAGGTGCATGAAGGAAAATGGCGTCTAACGCTGAAAGGAAATGTATAAGCTGATGAGGGAAAATTTCCACGATATCTTCAGTAAATGTTGTTGCCTGGATATTCTCGCGCAAAGTGTTCCCATAGACATCGATAAACTCTCGCTCTCCTAAATCAGCTGCGGTATAAAAAATGTCTGCAAGAGCACGATAATCTTTTAAATCCCAAGATCTTTGAAATAAGCCTGGGAGAAAGGGGGTAAATCCTGACCAATAGCTCAATAGCAATTCCATTTTCGATGAACGGAAATCTATGGGGGAAATATCCAAACTACAAAACAAGGTATCGTGAATTTTCCCTTGTAGATTTTTCAAGAAATGCTCTTCTTCTGAGGAATTTATAGATTCAGGAGCGACATGAAGAGCCAGCAGCATAAACACCAAGGAGACGCGATGATTACTGTATAAAGCTTCATGCAAACGATAGACTACATGATCACGAACTCGAGAAATTTCTGGACGTTGACCATAACGCTTCAATGCTAATAATAGGCTTTTTACCTCTTCGTTATACTCTTCTAGTCGTTGGTATACTAAAGCTTTGCCGAGATATTCTAATGGTGCTGCAACACTATCATGTAAAACAGAAAACTCTCTAAGTGCTTGGGAGAATCCTTCTTGATCACCTTCTTCAGCAGCTTTTTCCAATACGGCAATGCCTATACGAAATTGTGCTTCGTATCCCTCCTTACGACCAGGGAAAGATTCGACTATCCTGCGGTAAAACGTAATAGCACGATCATAAAGCTTCTCATTAAGAAAGGCATCAGGAACTGCCAAACAACTGACGTGAAGTGCTCCGCTACTTTCTAAAACAACGATATTTCCACAAACATCGGTGATATCTTGAATGATCACCCCAATACGTCCTCCACGTCCGGGAAGATAATCCATATGAATCATCCAGACTGTATGATCAATATTTAAAGATAACCGATGATTTTGCTTTTCAAAAGCGATAAAAAACTTCTCTTGATTTACATCTATATTTCCCGAGGTTTTCTGTATCTCTAAGCCATTTCTCACTAAAGAAACGGAAAGGACATTCTTCTTAATATGTAACCAGAAACCATAACCTCGGTAGAAATCCCCATGATCTACGTTTTCAGAAGGAGGCAATAAAATTCCAAATCCCCCTTCTAATCCTTTGCGTAATAACGTATATTCCAAACGCACTTCAGAAAAGCTTTCTATCTTAGAAATCGCCAAGCTATACCATAATGCTGGGGACACCTCCAACATAGGGAAGTATTTAGATAGTAAAATAGATTCATGGAATTTCCAACATTCTGCGTCTTGAGTATGTAGGGCTATCTTAGGCGTCCATTGCGGGCTACCTTGTAAATGCTGTTCTATATCCGCTTTTAATGCCTGTACAGATGTATAGCGCTCTTTAGGGTCTGTCGCTAAAGCCCGCATAACCACTTGGGAAAGAAAAGAAGGAATTTCTCGATGAGGGGCGACTTCCTCAGGAGAAATAATGTGGTTGGGAACATGAATTTTTTTCCCTTTTTTATTACGGTAAGGGAAGGATAGCGTCAACATCTGATAAAGAATGACCCCTAAAGCATAGATATCGGTACTTTCTGAAGCTGGGGCTCCTCGCAGACGTTCAGGAGCCATATAATCCGGGGTACCGACAATCTTCCCTGGCACAGTCATATTGGAAAACATCGATCCCGGCATGGGAATATCGAGATCTAAAAGAACATCTTCTTTCATTTCCTTCGATAGGGCTGCTCCCCAATCTAAAATTACAACCTCACTAAATAGCCCGAGTAAAATATTGTCAGGTTTAAGATCTCTATGGAGGATCCCTCGAGAGTGCACATATTCTATAGTGGAACAAATTTTATGAAAGATAGAAAGAAAGGTCCCTACCGACGTCTGTTCCGCAAGATCCTTAGGGAGAGAATCGCATTGCCAAACGCTCTTGAGCAAACTCTTAAGAGTATAACCTTCTATATAAGGCATAGTATAGTAAACAAGGTCACTATCACTACAAATAGTAAAAACAGGAACAACCCCGGGATGGACAAGATCCGCAGCAATTTTAGCTTCCCTAAGAAAACGCTTCTTTAATAACTCATTATCAGAAAGATCTTCGCGAATTCTTTTAAGTGCAACCTTACGCGAACATATAGGATCATAGGCTAAATAAACCTCACCCATTCCCCCTTTACCAATCATTCTGATAATATCGTAATGCTGCAAAAGTGCTTAGTCCTTTAGTTCTAAGAAAACGATGCTAGCTTATCAAGAATACTTTGTAATTCGATACGATTATTTTTTAAAGCTTCTTCCTTAGCACATACAAGATCTGGATTAGCTTTCGCACGGAAACTCTCACTACTCAATAAACGTGAGGCACTTTCGATAGCATTCTCCAAACGTGTTTTCTCTTTTTCTAGGCGTGTTTTTTCTTTAGCAATGTGTTCTACGGGAACAAATACCCCAAGACGAATACCCTCAACTACTCCCAAGCTATATACACGATCTTTAGGTTCTTCTGTAAGATTTTCTATAGAAGATATACCTCCGAGAGCGCACACCATAGGGACATAAGTCTCTATAGAGACTCCTTCAGGGCAAATAACAAACACCTCTAAAGAAGCCCTAGAATCTAATTGCATTTCCCCACGAATATTCCTAACTGTGTACACGAGCCTTTCTGCAAGAGCAAAAG
CP158103.1_gap5	252148	254174	2026	TCAATAGAGGATATTCATTCACTAACTCTTTATATCCTTTAGGATGCTTTTCTAGATAATATTCTGCCTTTTTCAATGCCAATACATGCGTAAGAGAGAACTCTCGCAAAGGATTTGAAGGACTGACAGAAATGCCAAAAAAGGACGTGGTAGCAAATCCCCAACAAATACATCCTAATCCTAAAATAGAAAACATCTTCAGGAAACGTGCTAATGGCTTGGAACCTTTAAGTGCACGACGTGCTTTAAATGTTATGAACAACGAGGTGGCTAGGAAAACAAGACCGTAACCACCATCATTGACAATCATAGAGAAGAAGAAGAAAAAGGAGATAAATACCCATAGCGAAGGATCTTTATCTGAAGATGCTGGTGTATCATAAATATTCACTAGATCTTCCCCAATGCGTCCCAAACCCCTATTTTCTAAATAGGTAGGAACAATCTCATCTGGATTTGGAGCGACCTTGTATAGGCAAACATCAAATTCGTCGCAAAGTTTTTCTAATTCTGTGATGCGATCAGAGATTACCCATCCCGAAATAGAGAACATCCTACCATCAAAAAGCTCTTCAACACTTCCTTCGGCATGCTTGAGTTGCTGATCATTAGTATAATTACACAGTCCTTCAAGAATATCCTGACGATAAGCATAAAGCTCGCAGATTCTTGATTTTTTATGGTGGATCGTTCGTAAAAGGACAGCTTCTTGCGATTGCAGCTCATTAATAGAGTGTGGGGCATCAATCTCTGTAAATTGGTCCTTGGATAGGCCCACAACACCAATGACAGCGTAATAATCGAAATTATACGCCGTAGATAAGTAGAAAACATTCGATTGATCAACTTCTAGCTCTTGTCCATCAACATGTTTTCGATAGAAAAACCTTAGGGTTAATCCTGTTTTTTTTGTAAATTCCGCAATATCACTAGAAGAAAATGCACCTAGAGGTTTCACTCTAAGGATCTCTTTCCTTAAAGCTTTTGTCGTTTCCGTGAAAGCCAGGATTTCTTGGTGTAGAGCAAATACCTCATCTAATATCTGTTCTACGGTTAAGTCCTCAGATTTTGACAATGACAAATCAGATGCAGGATATTCTCTTTTCAAACTGTTTAGAATCTTCAAACATTCAGAAAAACGCCGCATTTTTTCTGAAGTCACGAATCTCTTATCGGAAATAAACTCGACAACTCCGAGTTCTCTGCAAGCAGTAAGAAATTCCGAGCTATTTCTCCCAATAAAAAGATACTTATCTACATTTACGCGCATTCGGATTCCTCCTTACGCTGCTGTATCTTTTTCTTAGCCATCTTGACTTGGCCAACATCTGTAATACTACGATCACTCAAGAAAATGGCGATTTTCTTAATCATACGTGTTGTCTCTGGAATCAGCTTTTTCTCGAAAAGATTTACACGAATAGAGACATTTCTTAACTCGTCCTCTAAAATTCTTTGCTTTTCCACAGCCACTTCAGAGCGCACTTTATTAACTACAAACTCTCTAGAGTAAGCGACAAGAGTGTCTACCCAAATCGGGGTATCTAAAACAGAATAAGAAGATTCTGTTAAAACGATGTTCTTTATTACAGGAACTTCGACTCCTGTGACGTTTTCATATTCTTTTTCAACTCTCTCGATCTTAAAGCTATTGACTATAGCATCAACATAGAGAGGGACACTATAGAGCTCAGCAAAGGCATATATGCTTTCTCTAGATTCTTCATATGCTTGTATACATTCACTGGCCTCTCGAATAGCATTGGTTACTTCTACTTGTAACAAGGCTTTCTTTAATTTTAGCGTGGGTAAATATGTTTCCAGACGAGAAAGTTTTACCTTTTCTAAACGATAGGCGTTCTTTGTTAACTTTACCTGTGAAGACATGACTTAGGCCAATACTTATTGATCAACTGTTCCTTTATTCCTACTTCTTCGGAATGGAAACTTTGAGCAAGAATTTTCCAACCAATATCCAAAGCTTCTTCTAAAGGAATATTTACTTCTAAACTCATTAATCGTGTTT
CP158103.1_gap6	261286	262148	862	TTCCACCTTCCTCTTCAGTACGTTTATTTTCTTCGTAGAATTCTTTTTTATTCACTTCTTCCCCGAAGAGTAAAGTAGTATCACCTGGGTCAGTAATGCGAACCTTCTGCAACATTTGACGAACAATGATTTCCACATGCTTATCATTAATGTCCACACCTTGTAGACGATAAACTTCTTGAACCTCATTCACTAAATATTTCTGCAATTCGCGCACACCGCAAATTTCTAGGATCTCATGTGGAACAACCAAGCCATCTGTTAGCTGCTGTCCTTTCATTACATGATCTCCACGTTGAACAATTAAGTGTTTGGTCAACGGAATCAGGTGTTCTTCTTCCATTCCTGTGATTTCGTCACGGACAACAAGAATACGTTTATTTTTTTGAATTCCTTTAAAGTCTACAACACCATCAATCTTTGCAATATCTGCAGCGTCTTCAGGCTTACGAGCTTCAACTAATTCAGCAACCCTAGGTAGACCCCCGGTAATATCCTTAGTCTTAATGGCTCCTCGAGGTAATCTTGCTAATAACATCCCCGGATCAACTTTTTGATTTTCTTCGACAGAAACAATCGCTCCAGAAGGAATCGCGTATGTTCCAACCAATTCTGTCAAACCAGGATCAGAATAAATAGCAATTTGAGGATGTAGTTCTCCACGATGCTGTTTAACAATAAGCTCGACTAAACCTGTGTTTTTGTTAGCTACTTTTTCTGTAGAAATACCCTCTACTAAGTCTTCGTATTTTACAAAACCAGGCTTATCACAAATAATTGGAATATTATGTAATTCGACCTCAGCAATTCTTTGGCCTGCAGTTACCTTCTCCCCATCACCTACTAAAATCTTCACACCGAG
CP158103.1_gap7	287502	288333	831	ATACAACGCCCCTGCAATCCACAATCCTTACAGACCACTTTCTTTATCATTCGTGATTTTAGCGAATTAAATGACGTTGCAGAAAAAATGCACGGATTTCTAGAACAAGGACGTCTTGATTTTATTGTCTTTGGTCCACATGACGTATACTATCAAGATATTATCTATTTTTTAAACGAACATGTCTTTTCATAAAGATAGGGTACTTTTTAACCTATCACTCACATTTTCATTGATTTTGATCTTATCAAATCTCGTCGCAGCTTCTAGGCTTGTGATTACCTCCTACTTCACGATCCCTGGAGGATTGATACTCTATCCCGCCACCTTTGTTATCTCTAATATCGTTAATGAGGTCTTTGGCCCTGAGAAAACCCGGCGTATGGTTTTGTCTGCATTTGCTGGCAACATCTTCTCATTAGTATTCCTTCATCTTGTCTCTTTTCTTCCAGCATCTTCTCCAGATATAGAGTATGCATGGCATACCCTATTTGATATTAGCCCGATAGTATTTATAGCGTCCTTTGTTTCTTTTTCAGTTTCTCAGCAACTAGAGATTCTCTCCTTTAGCTTCCTCAAATGCCGCTTTCCTACCACTCCAGCTTGGTTACGCAACAATACTTCCACTCTGCTCTCTCAAATGATCGACACGTTTATTGTAGATTTTGGCGTCATTTACCTAGGGATGCACCTCCCCTTTACCCAAACCTTACACATCATGATGTACTCTTATTTTTATAAAGTTTTCTTTAACATTCTCACCACACCCGTCTTTTATATCGGGGTAAGAAAGTCTTATGCGTCTGCAAAGATAATGTAAAATAATAAGAA
CP158103.1_gap8	487274	491129	3855	ACAGCTCCTTTCAAGTATCCTGCGCCCACAAAGGATAGAGACCAAACTGTCTCACGACGTTTTGAACCCAGCTCGCGTACCGCTTTAATTGGCGAACAGCCAAACCCTTGGGACCTTCTCCAGCCCCAGGATGCGATGAGCCGACATCGAGGTGCCAAACCGCCACGTCGATATGAACTCTTGGTGGCGATCAGCCTGTTATCCCCGGAGTACCTTTTATCCGTTAAGCGACGGCGATTCCACTTTCCACCGCCGGATCACTAAGCCCGACTTTCGTCTCTGCTTGACTTGTAGGTCTTGCAGTCAACCTATTTTATACCTTTACGCTCTACTCGTGATTGCCAACCACGATGAAATAAGCTTTGGGCTCCTCCGTTACTTTTTAGGAGGATACCGCCCCAGTAAAACTGCCCGTCTGGCAATGTCCATATTCCAGATTCATGGAATTATGTTAGATTCCCAACTTGTTAAGACCAGTATTTCAACGATGACTCCCACTCTCCTGACGAAGAGTGTTCTCAGTCTCCTGGCTATGCTACACATAACAAATCAAGAATCAATACCAAAGTACAGTAAAGGTTCACGGGGTCTTTTCGTCCTTTTGCGGGTAAACAGCATCTTCACTGCTACTACAATTTCACCGAGTCTTTCGTTGAGACAGTGCCCAGATCGTTACACCATTCGTGCAGGTCGGAACTTACCCGACAAGGAATTTCGCTACCTTAGCACCGTTATAGTTACGGCGGCCATTCACCAGGGCTTGGGTTCAATGCTTTGCCTTGCGGCTGACATATCCCTTTAACCTTTTGGCATTGGGCAGGCGTCACACCATATACTTCCCCTTAGAGGTTTGCATAGTGCTGTGTTTTTGTTAAACAGTCGCCTGGGCCATTTCTCTGCGGCCCCCCGGAGCTCATGCCGTAAAGGCAATCACTCTAAGAGGCTCCCCTTCTTCCGAAGTTACGGGGATAATTTGCCGAGTTCCTTAACGAAAGTTATCTCGCGCGCCTTAGAATACTCATCTCGCACACCTGTGTCGGTTTAGGTACGGTCACCATCAACAGCTAGAAATTATTTCTTGAAAGCCTTGCGCCACACTATCAGTTCCTCCGAAGATTTCCCTTAACCACAACCTAACCTTATGTTAGCGGATTTGCCTACTAACCGGTCTCATTGTGATACGGACATTTCCAATCGTCCGCGTGCTTAACGTACTCCGTCATTCCATTGCTAAAGTTTTAGGTGGTACAGGAATATTTAACCTGTTGCTCCATCGTCTACGCATTTGTGCCTCGACTTAGGGGCCGACTAACCCAGGGAAGACGAGCTTGACCCTGGAAACCTTGTGCTTACGGCGAGGAAGATTTTCACTTCCTTTATCGTTACTTATGCCATGGATCTTCACTAGTATCCGCTCCAGCACTCCTTACGGTATACCTTCACTGCTGAATACTACGCTCTCCTACCGCGTATATATAAATATACACCCGCGATTTCGGTTTTATGCTTGAGCCCCGATTATTATTGGCGCAATGATTCTCGATTGGTGAGCTGTTACGCACTCTTTAAATGATTGCTGCCTCTAAGCCAACATTCCAACTGTCTTAGAATCATCACTTCCTTACTCACTTAGCATAAAATTTGGGACCTTAATCGGCGGTCTGGGCTGTTCCCCTCTCGACAACGAAGCTTAGCCCCCGCTGTCTATCTCCCGGACTCACTTTTGGTATTCGGAGTTTGATTTCCGTTGGTAAGCCGGTAGGCCCCCGCTAGAATTCAGTGCTCTACCCCCAAAAGCTTAATATCCGAGGCTAACCCTAAAGTTATTTCGGAGAGAACAAGATATCTCCAAGTTTGATTGGCCTTTCACCCCTATTCACAACTCATCCAAACATTTTTCAACATGTACTGGTTCGGTCCTCCACAAGGTCTTACCCATGCTTCAACCTGGTCATAAATAGCTCACTTGGTTTCGTGTCTAAATCAAACGACTAAACGCTCTTTTAAAACTCGCTTTCGCTTCGGCTCCGGAATGTAGATCCCTTAACCTCGCCGTTTAACTTAACTCCCTGGCTCATCATGCAAAAGGCACGCCGTCAACCATGACTTCCGAAGAAGTTATAGGTCTTCGACCGCTTATAAGCTACTGGTTTCAGGTTCTATTTCACTCCCTTAACAAGGGTTCTTTTCACCTTTCCTTCACAGTACTGGTTCACTATAGGTCATTGACTAGTATTTAGACTTGGAGAGTGGTCTCCCCAGATTCAGACTAGGTTTCACGTGTCTAGCCCTACTCAGGTATCGAATAGAGTCTCTTGTTTTTTCGTCTACGGGACTATCACCCTGTATCGTTCTACTTTCCAGAAGTATTCGACTAAAACTTAAGATCCCATGTTATCGACCCTACAACCCCACATTAAAAATGTGGTTTGGTCTTCTCCCCTTTCGCTCGCCGCTACTCAGGGAATCTCTTTGATTTATTTTCCTCTGCTTACTAAGATGTTTCAGTTCAGCAGGTGTCGCCTTATACGCCTATGTATTCAGCGTATAATGATAGATGATTAATCTATCGGGTTGCCCCATTCGGAGACCTCCGGGTCATAGCTTTATACCAGCTCGCCGAAGATTACTGCAGGTAAACGCATCCTTCATCGCCTGTCAATGCCAAGGCATCCACCAATAGCTCTTAATAACTTGGTCTGTAAATTATTGATCCATGCAAGTTAACTTCACCAAAGACAGATATTCTTAAACGTCTATTATTATATGTGAATTTACTTGTTACCATATTATTTACATAACATACTTGATCGTAAACTAAATGTTTTGGAAACAACGCTTAACAATGCAAAAGAAATAGAATACAAGATTAAAAAATGCTTGCCCAACCTAGTCAAACCGTCCTAAGACAGTTATCCTTATCCTTAAAAGGAGGTGATCCAGCCCCACCTTCCGGTAGGGCTACCTTGTTACGACTTCATCCCAGTCATCAGCCTCACCTTGGGCGCCTCTCTCCTTTGCAGGTTGAGTCAACGACTTAAGGCAAAACCAACTCCCATGATGTGACGGGCGGTGTGTACAAGGCCCGGGAACGTATTCACGGCGTTATAGCTGACACGCCATTACTAGCAATTCCGACTTCATGTAGTCGAGTTGCAGACTACAATCCGAACTGGGGCCAGCTTTGAGGATTTGCTCCATCTTGCGATATTGCTACCTTCTGTACTGGCCATTGTAGCACGTGTGTAGCCCTGGGCATAAGGGCCATGCTGACTTGACGTCATCCTCGCCTTCCTCCTGGTTAACCCAGGCAGTCTCGTTAGAGTTCCCACCCTAAGTGTTGGCAACTAACGATAAGGGTTGCGCTCGTTGCGGGACTTAACCCAACACCTCACGGCACGAGCTGACGACAGCCATGCAGCACCTGTGTATCTGTCCTTGCGGAAAACGACATTTCTGCCGCGGTCAAATACATGTCAAGCCCAGGTAAGGTTCTTCGCGTTGCATCGAATTAAACCACATGCTCCACTGCTTGTGCGGGCCCCCGTCAATTCTTTTGAGTTTCACCCTTGCGAGTGTACTCCTCAGGCGGCATACTTAACGCGTTAGCTACGACACGGATAGGGTTGAGACTATCCACATCAAGTATGCATCGTTTACGGCAAGGACTACCAGGGTATCTAATCCTGTTTGCTCCCCTTGCTTTCGCGCCTTAGCGTCAGGTGTAAATTAGAAAAGCGCCTTCGCCACTGGTGTTCTTCCACATATCTACGCATTTCACCGCTACACGTGGAATTCCCTTTTCTCCATCTACCCTCTAGAAAGATAGTATTAGATGCTGGCTTGGGGTTGAGC
CP158103.1_gap9	499098	501851	2753	AGTTTTTTACGCGCTGCTTGGATCCATAAGGGTTCAAGCAGCAACTACTCAAACTCAAGAGCAACAGCAAACCGCTAAAACCGTACTTATAGATATATTTTTTCATTGCTTTAGTTTAATTTAAAATTAAAATTTATAATATTATATCACAAATACATTAAAATAGCGGCCTTTTAGTTATTTATGTTTTAATATTAAGATTTTTAACATCATAAGAATACGTATTCTCTGCTCTTCCAGGGAATTGATTCTTGAGTTTCTCGGGTTGATTTGTTATTGGCCATTTTGTTATCAACATGTGGCATTTAGTTAGTGCCCTTTATTAAGGGAAATTAACAAAACAATTAGACGCCAGGGGATCTTATGTTAAAAATCCTTACAATTCGAAGCTGCGCTTGTTTAGTAGCTTGTCTTTTAAGTTTTCCTTATCTGTCTGTTGGAGCTCCGACTTCATCGGTGATGCTCCAGACAAACTTATCTTCTGGTAAAGGAAAAATAGGATCCGATTCATGGATTGAACATAAACTGCGTCAATATCCGGAATTGCTTTGGTTGACGGAGCCGTCGGCTGCGGCAAGTATAGCGACAACAGGCAAAACGACCTATTCTTTATCTTTATTTGATAAGAAGATCCCCGCTTTTGATGTTGCTATACGTAGTTTGATCTACCTACACCTGTTAATACAAGGTTCACGTCAATCCTATGCTCAGCTTTGTCAATTACAGCCTGGAGAAAATAGCATTACCTTTAAGCAGTTCCAAACTGCTCATAGGCAACTAATGCATTTCTTAAATTCTCCGAAACACTTTGATAATACTCTAAAAATTTTAGAGACAGCCATTGTGTTAAAACATCTGGGATGTTCTGCAAAGGCTGCCGCAAACTTTAAACCTTACTTTACAGAGACTCGAGTTGATGCTTTTTATGCGAAAGCTTTGCATGTATTACAAGCATTTCCGGAACTCAGTCCGTCGTATTCGCGTCTATCTCCAGAGCAAAAAGAGGTACTTGTTGCGTTACGTCGCTTAACTGATTACGATGCCCTGTTCAACCTGACAACTGCCCCGAGTTCTCAGCTTTTATCTGTAGGTAGGGTAAAACGTCCTTTAGTGATTTTAGATTTATATCTATATTCTCTGGACATCTGTGGTGAGCACAATTGCTCTCAGGAATTTTACTATAACTTTGCTCCTTTATTATCCATGTTGCAGCAGCATGCGACTGTAGAAGAAGCTTTTTCCCGTTATTTCACTTACAGGGCAAATCGTTTAGGCTTTGAAGGATCTTCTCGTAGTGATATGACTTTGGTGCGTTTAGCCACACTCATGGAACTTTCTCCTGCGGAAACGAGTGCTCTTACCTGGAGTTATAAAAATCTTCCTATCGACGAGTCAGAAAGCTTAGTTAATAGCTTTTACACAGTACAAGGGGAACTCATTCCTCTAGAGATACGCGGTCTCCCAAATCTCATTACCGGTTTACTACAAGCAAACCATGGAACAGCAACATCCAGCCCTGAAAGCCGCTTGCGTCAGGTGTACTCAACAGCTCTATCTTTAGTAGTGAAAAGCTTACGTGTTCAAAAGGATATGTTGAAAAAGCAACTACTTGATCAAACGACTGTGTTGGATTTCTCAGAAACGACAATTTCTTGTGGAGGTCTAGATATTTTCTCGGAAAATATTGCTGTACGTGTGCATTTAAATGGTTCGGTTAGCGTTACACTTTAAAGTATAACGCTACGCAATTACAACTTCTTAAAAAGATCCGCCATCTCTAGAGCTGTCCTCATTCCAGACACTCCTAAATGTGATCCTTTGATTCCCGCCCGTTGCCATGCGGAATCTACACAAGGGGCTGTGATAATAGAAAAGGTAATGGGTAGATTGTATTCTACAGATAGCTCACTAATTCTTGCCGATACTTGATCTGCTATGTGATCGTAATGAGTAGTTTCTCCCTTAATTAGAACTCCACAAGCGACTATAGCGTGATACTCTATGCCCGAAGTAAGGAGTTTCTTTAACGTACAGGGAATCTCAAAAGCCCCGGGAACGCGTACGATGGTGAGCCTATCTTCTGCCCCACCGAGCTCAAGAAAAGTCTGTGCGGCTCCAGAAACCAAAGCGTCCGCTATAGGCCCGTTAAAACAAGAGCCAACAATAGCCACGCGCATATCTTTTGCTGAGGCTATCCCTTTAAATGTTTTCATATCATCCTAGAATTATCTTGTGTTCACTTCTTCTTTGTAAGAAGGAAAATCTATCCAATGTCCCATACGCTCTTTTTTTGTGCGGAGGTAACATTCATTTTCTTCAGAGAGATTGATTGGAAGAGCTATTCTATCAACAATTTCTAACCCATATCCCTGGAGGCCGAAATATTTGTGGGGATTATGGGTAATCAATTTGATCTTTGTCAATCCCAGATCAACTAAAATCTGAGCTCCGATTCCATATTCTCTAGAATCTATAGGGAAGCCAATTTCTAAGTTAGCATCGACAGTATCGTACCCACGATCTTGTAGAGCGTAGGCTCGAACTTTATGACCTAATCCAATACCACGTCCTTCTTGTCCACGTAGATAAACAAGAACACCTTCACCCTCTAATCCAATATATTCCATAGCAGAATGCAACTGGCATCCACAATCACAACGTATGGACCCCAGAATATCACCAGTAAGGCATTCAGAATGTACCCGCACCAGTACATTCTCCTTCCCTCGTACATCACCTTTGACCAAAGCGAT
CP158103.1_gap10	694765	696603	1838	TATCAGCTAGAATGGACATGTGTAGCTTCCTCACCAATTAATGTTCCGATATTCTCATCAAAGATCGCTTGCTCTAGAGAGTGTTTAACAAAGCTAAAGACACGAATAGGAATATTAGAATCCATGCATAAAGATACAGCAGAAGCGTCCATAACGCCTAATCCTTGAGCTAGGAAATCCTTAAAGCTAATCCGATCATATTTTACAGCATCGCTGAATGATCGAGGATCTTTGTTATATACGCCATCCACATGCATAGTAGCTTTGAGCAGAATGTCCGCTTTTAACTCACAAGCACGCAAAGCTGCTCCTGTATCAGTTGTTAAGTAAGGAGACCCTGCTCCTGTTGTGCAAATTACAATTTTCCCTTGGTTTAAAGCTTCTTCAGACTTTTGAGGGGTGTATAAGTCTGCTAGTTGAGGACAGGACAGTGTAGAAGTCAATAAACAAGGGATGTCGTCAGCTTTTAAAGCGTCTGCCACAGCCATACCATTAATTAAAGTGGCTAGCATTCCCATTTGGTCAGCAGACACGCGATTAATTTGTAATTCTTTTTGTTGAGCAAGGCCTCTAAGGATATTGCCTCCGCCTATAACAAGAGCTGTTTCAATATCACAATTGCGTACAGCGCGCAATTCCGCTACCAATCTGGATAAACGAACTTCATCAATTCGATTCCCGCTGTCTGTAGAGAGAGATTCTCCGGATATCTTAAATAAGACTCGTGTTATTCGCTTAGACATATTTCCTCTCGCTTATTAAGCTCCTATTTTCCATAAAATGAATTCCTTCACTTCGACGGAGTTGCCTCTAGTTTTGCTGGCCTCATTAATCAAACCTTGAATAGTGATATCAGGGTTTTTAATGAAAGCTTGTTCTAGTAGACAAACATCTTGGAAGAATGTTCCCAACTTGCCACTGATGATTTTATCAATGACTGCTTGGGGTTTTCCTTGTATTTGAGAAGAAATAACTTCTTTTTCTCTTGCTAGAGCATCTTCAGGGACACTTTCTTTATTTAAGAACAGAGGTTGAGCTGCTACGATATGCATCGAAATATCTTTCGCGAGGCTTTCTTCATCAGAAATTCCAGAAAGAACAGTGACAGAAACGGTTTTCCCATTACCATGAGAGTAAATGCCCACACTTTCATTAGTTGTTTTTGGCAAATACTTAATTCTGTTGATGCGGATATTTTCTCCGACGGTTTGCATGGTTACAGCACGTAACTCATCTACTGTAAGAGAAGCATCTTGCGATGAGGGGAGTTGTAGCAATGCATCAACATTATCTACTTTATGGTTTAAGACGTCTTCAACAAGACCATCAACGAAAGTTCGAAAGACGGCATTATTAGCTACGAAGTCTGTTTCCACGTTAACTTCAACGACAGCAGTGCCGCGAGAATCGCTTTTTGCTGCGATAACGCCTTCTTTCGTTTCCCTATGTTCTTTTTTACTAGCTGAGGCAAGACCTAATTTACGTAAGTAAACTACAGCTTCTTCAAGATTTCCATTGCACTCGGCTAAAGCTTCCTTACACTTGGTTAACCCCACACCGGTCTGCTGTCTTAAGAGTTTGAGGGTTTCCATAGAAAAGTTGCTCATTAGTTAGCCTCATTACTGTCATATTTTTTTGCTAATAGATCTTCTTGACGATTGTCCTCATCGGTTGCGTAGACATCCATATCTTCGCTATCTTGTATGTCTAGAGTTTTAATTGGAGAGACAATCTCAACGCCAAGTTTTTTCTTGGTATCAATGATACTATCTTTAATTGTGCTAATGATTAAGCGAATGCTTTTTAAAGAATCGTCATTGCAAGGAATCACATAGTCG
CP158103.1_gap11	698295	699511	1216	ACGAGGTTGAATGCCGCAGAACTAGCTTTGAAGTACCCATTAGAAGCGCCTAATGTGCAGAAAATATCAAAACGATCCCAGATATTTAACGCTAAGAAAGCTGCATTTGTAAACCATTCGGAGTCTTGCAAATGTCTGCCATAAGCGATGTTGGGTCTATCTTCAGCATTTTTAAAATCGTTTGGCGAGGATCCTGTAGGTTCCTTACCCATGCCGCTGAAAGTTTTATTCACATCAACTTTTAATACACGATCGAAAACATAATCTCCGTAGTATCCTGCGCGGATGCTGATAGCATCACACCAAGTAGAGCAAGGATCGCAAGGATCACCTGAAGCACCTTCCCACATAGTGCCATCGATTAATAAACTTGGTTCAGCTGGGTTCCCTACAGGCAAGGCTTGTAAGGAGAGAGCGGAACCCGTAGCGGCAAACAATAATGCCGATTTCAAGAGTTTTTTCATACTCACCTCTAAAGATTATGCTTAGTATCTTTTCTTTTTGTGCTCGCTATTCTAATTTGCTCTTCTGGCGGCACCACGTCCAAGTTAAAGCCAGACAAGATATCCTGTAGGCAATTAATGGCTTTGAGGAGTGTCTTGCAAGTGAAAACAGCCTTAAGCATGAACATACAGTTCATTATTCGAAAACATAACAAACTTTTCTTATTATAGTAAAGACGATAAGAAAAAAGACTGTTTTCAGGCACAGATTTCAAGCAATAACTCCTTATACTTGCTAATAAGAGAGCTATTAGATTTTTGTACACATTTTTATTTCTTATGCCACTTAGAATAAGTTGGAATTACCCTCATAGAAGAGTGTAACAAGGCTTTCTTATATTTGAATCATTACGATTTATTCTTTATTTTTGTAAATAAGATAAAGCAAAATTGTTAAACAAAGCGTTAAAGTTTTTGGCATTTTTCATTTCTATGTTTTATTTGTAACAATTTTCTGTTTTCAAGATTCGTGTGTGTTTTTTTGCTGATTTGTATCTTGTAAAACGCCGTTCGTAACCAGTCGAAGCACTTGCCAGACAATGGGTGAGACCCTACTATTTGTTTTATGAAATCTCCGAAAAAGCGTCGTTCCTACCTTACTGTTCCAGAAAAGACAAACAGGCTATTGTCAGGGATCATTGTTGCTTTAGCAATAATCGCTGTACGTTTGTGGCATCTTGCTGTCGTTGAACATGATCAAAAGTTAGAAGAGG
CP158103.1_gap12	700946	705798	4852	GCTAGAGCCCTTTTTTGCGGAACTTCCGGCAAATTATGACAAACTTTTACTTGTAGATCTCTTTCAGTTGGTTGTGGATCCTTCTAAAATTGATCCCGAACTACTAGCATCGGTAGCTTCTTTTTCTTTATCCGAGTTTTTTGAGTGCCAGGGACATTACGTAGCTTTGCGTAGTGCATTTTCCAAGATAGTAGAGGACATTTTCACTGAAGTTGATTTTAAAGAATGGCGGAAACTCTATTTTGCCAAGTTTTTAGAGGTGAAACGTAAAGAAGAAAACGAGAGGAAGCAGCGTTATCCCACACCTTATGTGGATTACTTAGTGGAAGAGCAACGTGCACAATACCAAGATTTTCGTCGTTGTTATCTTGATAGGTTTTTAGCTTATATACTTTCCGGGCAAGGAGATATAGAGAACCAAAAAGCTTACTATGAAGCTCTTTCTGTATGGAAAAGAGAATTAGAAAATGGGGCGCATCAGGCATTGCCTTGGTACGAACATTACGAGTTTTTGAAACAAAAATTCTCGGATTCTTCTATAGATTTGCTACGTTTGTTTGTCTCGTTTAGAGAGTTTTCAGAGCTGCAGAGACCACTATATGGTAACTATGCTCCGATGCTGACTAGAAATGTTCCTCAAAAGGAGCAAGATCTTGCTGCAGCATTTTATCCTACTTATGGTTATGGGTATTTGCGATCTCATGCTTTTGGGCAGGCAGCAACTTTAGGATCTATTTTTAAACTGGTTTCTGCGTATTCTGTGCTGTCTCAAGAAGTGATGCGGGGTAATGTCGATGTGGACTATTTATCTCGATTACTAGTGATTATCGATAGGAAATCTTTTGGGTATGCTAGTACTAAGCCTCATGTAGGTTTTTTTAAAGATGGCACGCCTATTCCTTCATTTTATCGTGGAGGGATTTTACCGAAGAATGATTACTCTGGTCGTGGGCGTATTGATCTTATTTCTGCTTTAGAAATGTCCAGCAACCCCTATTTTTCTTTGCTTGTAGGAGAGTATCTCTCCGATCCTGAAGATTTATGTCATGCAGCGGCTTTATTTGGATTTGGGGAGAAAACGGGGGTAGGCTTGCTTGGAGAGTATGCCGGAGCGGTTCCTCAAGATGTGGCGTATAATCGTTCGGGATTGTACGCCACAGCTATAGGGCAGCATACTCTTATTGTGACTCCTTTACAAACTGCTGTCATGATGGCAGCTCTGGTGAATGGAGGGACTGTGTATGTTCCTAGTTTAGTTTTAGGAGAATGGGATGGTGAAGAATTTTCCCCGACCCCTCCCATGAAGAAAAGAGATGTGTTTATGCCCGAGTGTATCACGGAGTTATTTAAATCCGGTATGCATAACGTGATATGGGGAAATTATGGAACAACACGCAGTATTCGGGATCAGTTTAGTCCTGAACTATTAACTCGTATCATTGGAAAGACAAGCACTGCGGAATCGATAGTTCGTGTAGGTTTGGATCGGCAATACGGCAGTATGAAAATGAAGCACGTGTGGTTTGCTGCAGTTGGTTTTTCAGATGAGGAACTTATGCATCCGGATATTGTTGTTATTGTCTATTTACGTCTCGGGGAGTTTGGACGAGACGCAGCTCCCATAGCCGTCAAGATGATCGAAAAGTGGGAGAATATAAGAAAAAAAGAAAAATTTTCAGCTATGAACTGAGGATTGGCACGCTTTTTGCTCCTGTAAAGCACGAGGTCAACAAACTTGTGTGCCAGGAGAAAGATTCATGGAAGAAGCTGCGAAACATCTAGCGAAAGAATTTCTCTGCTCAGGAATTAACTTTTTTTTGAGCGGGGAGTATGAACAGGCAGAACAAAGGCTAAAAGAAACTTTAGAGCTAGATCCTACAGCAGCACTAGCCTATTGTTATTTGGGCATTATTGCTTTAGAGTCAGGAAGAACTGCAGAGGCGTTGACTTGGTGCACAAAGGGATTAGAGTCGGAACCTGCGGATAGCTATTTACGTTATTGCTATGGGGTAGCTTTAGATCGGGATAATCGTTGTGAAGAAGCTGTAGAGCAATATCGTGCCTATATTGTTTTACATCCAGATGATGCAGAATGTTGGTTTAGCTTAGGTGGTGTATACCATCGTTTAGGTAAGTATACTGAAGCTATAGAGTGTTTTGATAAAATCTTAGAGTTAGACCCTTGGAACCCACAAAGTTTGTACAATAAAGCTGTTGTTTTAACGGATATGAACAATGAGCAAGAAGCCATTGCTTTGTTAGAGACTACGGTAAGAAAGAATCCTTTATATTGGAAAGCTTGGATAAAATTGGGGTATTTACTCTCGCGTCACAAACAGTGGGATAAAGCCACAGAAGCTTATGAAAGGGTTGTGCAGTTACGTCCTGACTTGTCTGACGGTCACTATAATCTTGGTTTATGTTATCTCACTTTAGATAAAACACGATTAGCTTTAAAAGCTTTCCAGGAGGCTCTTTTCTTAAATGAAGAGGATGCTGACGCACACTTTTATGTTGGACTTGCCTACATGGATCTTAAGCAGAATCGCCAAGCATCAGATGCTTTCCATCGTGCGCTTGGTATTAACTTAGAACACGAGCGTTCACACTATCTTCTTGGTTATCTTTATCATATGGAAGGGCAGTTTGAAAAAGCGGAAAAGGAACTCTCCTTTTTAACTACGAAAGACTCGACATTTGCTCCTTTGCTACAAAAAACAGTATCTTCTGGGCAATATGAGCCTAAGTTGGATGTCTTCCCGTAAAACTCAACTGCTTTACAGTAAATCTTTTTAACTCTTTTAGAGGTTGTTGAGCTAGAAAAAATCATGGAGTAGAAGAAACTTTTGGGATAAAAATAAAGAATTCTTAAAATAATTTTGTGCTTCAAGATCTTACGTCTTGTTTAGCACGTAGTGTGATCTCTACAAAGAATGGTCTTTGTCAACATTCTTTTCTAAACAAGTGTGAAAGTTAAAGCTTTGCTTTTTCCTTCACGCTTTCTTTAATGCTTCGAAAAATATGGACAATTTGTTAATCTGGCTAAGCCCTTGTGAAGTTTTACACAATAATATTACGAGCGCAGAGGCTGGGCATTATGAGCCAATCTATAGAAGATTTTTTATATAATCATGAGGATTATCCTTATGGTTTCGTCACACCTATAGAGTCAGAGGGGTTAACTCGGGGGCTAAGCGAAGAGACAATAATAAAAATCTCTCAGCTGCGCAACGAGCCTTCTTTCATTTTAGATTTCCGTTTAAAAGCCTATCAGCATTGGAAAAAGTTACAAGAGCCTATATGGGCTAGACTGTCCTATCCTACGATAGATTATGACAGTATAGTCTATTTTTCTGCTCCAAAGCAGAAAAATTCTTTAGGGCGTTTGGAAGAAGCTGATCCTGAAATTTTAGAGACCTTTAAGAAATTGGGGATTCCTCTAGATGAGCAAAAGCGTTTATTAAACGTTCAAAATGTTGCTGTGGATTTAGTTTTTGATTCGGTGTCTATAGGAACAACATTTAAGGAAGCTCTGGATAAAGCGGGTGTGATTTTTTGCTCGATGAATGAAGCGATTCGAGAATATCCGGAGTTAGTAAAAAAATATTTAGGGTCGGTTGTTTCTTATAGGGACAACTATTTCGCGGCTTTGAATGCTGCAGTGTTTAGTGACGGTTCTTTTGTCTATGTTCCTAAGGGCGTGCGTTGTCCTATGGAGATATCTACGTATTTTAGGATTAATGACAAAGAATCGGGGCAGTTTGAGCGTACATTAATTATTGCTGAGGATGATTCTTTTGTGAGTTATCTTGAAGGGTGTACAGCTCCATCGTATTCTTCACATCAGCTGCATGCAGCTGTTGTAGAATTAGTGGCGCATGAACGAGCGGTTGTGCGTTATTCTACCGTGCAGAATTGGTTTTCTGGAGATAGGAAAACTGGCAAGGGTGGAATTTATAATTTTGTAACGAAGCGCGGGTTGTGTGCGGGTTACAAATCAAAGATCTCTTGGTCCCAGGTTGAAGTTGGAGCGGCAATCACTTGGAAGTATCCTAGTTGCATTTTGAGGGGGAAAGAAAGTGTAGGAGAGTTTTACTCTATCGCTTTAACAAATGGAAAAATGCAAGCTGATACTGGGACGAAGATGATTCATGTGGGGGAAAAAACAACTTCTACAATAGTTTCTAAAGGAATTTCTTCAGAGGAGTCGCATAACACCTTTAGGAGTCTTGTTTCTATTTCTGAAGGAGCTGTTGGAAGTCGTAATCACACACAATGTGATTCGATGCTGATTGGCCGGGCATGTGGAGCGTATACGGATCCTAGAATTTCTGTAGAAAACTCCCAATCGTCTGTTGAACATGAGGCTACAACATCGAAATTGCGAGCAGATCAATTAATGTATTTGCGTAGTAGAGGGTTAAATGCTGAAGAGGCTGTGAGTTTAGTGGTCCACGGTTTTTGCCGTGAAATTATCGAACAGTTACCTTTAGAGTTTGCTCGAGAAGCTTCAAAATTATTGTTTGTTAAGTTGGAAAATAGCGTGGGGTAGTTGATGCTACATATACAAAACTTACACGTATGTTGTGAGGATGTTAAAATCCTGGATTATTTAAATTTGCATATTCATCCGGGGGAATTACATATAATTATGGGCCCTAATGGAGCAGGAAAATCTACCTTCGCGAAAGTGTTGTCAGGAGATGATAGTTTATCTATCATTTCTGGAGAAATAAGCTTATTGGGTCAGGATCTTTTAGAAAAAGCGCCTGAAGAGCGAGCTCATATGGGATTGTTTATAGGATTCCAACAACCTCCAGAAATTCCTGGGGTGAATAATAAGCTTTTTCTA
CP158103.1_gap13	707423	710048	2625	GAGGAAGCACAAAAAAAGCTAGTTCAAGGATTTTTATCTATAGAACCTAGTCAAGAAGCTTTCCCTAAACTGTCCGAGCAAATGCAATCTCAAGATATGACTAAGGAGTATTCTATAGATGGTGTGTAGGATCAAAGAAGACTTTCCTATTTTTTCTAATAAAAAGCTTCAGGGGGAGTCCTACATTTATCTTGACTCTGCGGCTACTACGCATAAACCTAAGAAAGTGATAGACGCAATTACGGATTTTTACAGTAGTAGCTATGCTACCGTAAATCGTAATGTCTATACTTCTTCGCAGGTGACGACGGCAAATTATAACGCTGTTCGTGGGAAAGTTCGTGCATGGATACAAGCTGCATATGATGAAGAGATCGTTTTTACTCGGGGAACTACAGCCGCATTGAATCTATTAGCCATATCCGCAAATGACGCTTTCATTCCTGAGGGTGGTGTGGTGTTAGTTTCTGAAGTAGAGCATCATGCAAATGTATTGTCATGGGAATTAGCCTGCCGTAGGCGTGGATCTTGTGTTAAAAAAATTGCTGTTGATCATTCGGGGTATATAGATTTAGAACACCTAGAGGCCTTACTCAAAGCAGGAGCTGTGTTTGTAAGCATAGCCCATGTGAGTAATGTTACAGGGTGTATCCAACCTCTAAAGGAAATCGCAAGTCTCGCTCACCAATATGATGCGTATGTCGCTGTGGACGGAGCCCAGGGAGTAGCTCATACCTCTGTAGATGTTGTTGATTGGGATGTAGATTTCTATGCTTTTTCGGGCCATAAAATGTATGCACCCACAGGTTTAGGGGTGTTGTATGGTAAGAAGGCATTGTTAGAAAAGCTTCCTCCTGTAGAAGGTGGAGGCGATATGGTCTCCATTTATGATAGTGAACATCCAGAATATCTTCCTGCACCGTTAAAATTTGAAGCAGGAACGCCGCCTATAGCTTCTATCTTAGGATTAGGAGCCGCTATAGATTACTTACAATCTTTGCCAGACTCCGTATACCAGGAAGAAGAAGAGTTGACACGGTATTTGTACAACGAATTGCTAACGATTCCGGGTATGCAGATATTAGGTCCAGAGGTAGGTCACCCTCGCGGAGCTTTGATAAGTTTCAAGGTGGAAGGTGCGCATCCTTTCGATATAGGGTGTTTATTGGATCTTCAAGGGATCGCTGTCCGTACAGGGCATCAATGTGCACAACCTGCCATGACCCGCTGGGATTTGGGTCATGTGCTTAGAGTGTCACTGGGATTATATAATGATAAGGAAGATGTGGATACTTTCTTGTCGGCTTTACGTGTTATTTTGAATAAAGTCCGAGTATAGTCCTTATTGTGAGGAGCTTCCTTGAAATTCGATGTGTTCTTTAGAATAAGGGTACCAACGTAAACGCATTTGTTGACATCTATCTATTAGCCAGTTTTTGACATAGTACGGGTTATGGATAGGCCTAGGCAATGTGTATGCAGCACGCGTCATATCTAGACGATAGATCCTGTGGTTCTTGTTTTTCATATTTATGACATCACCTAAAACAAAAGAAAAAGGATAGTACTTCCTTACTGTTTGTTCGCATATGTGATCATATTTGCCAAAAGGGTAGAAAAATCCTATAGGGTTTTTCCCCAAGGCTTTTTCTATAGAATATTTTGATAAGAAGATTTCTGTAGCGAGATAGGGCGGTGTATTTTGTAAATTGCGAATAGCAAATCCTGATGAGGCGAGTTGTATAACGGAAGAATCAGCGAGTGCCTGTAACTCCTGTTGTGAGCAAAATGGTTGGTGCTTTGCAAATACTTCATCTTGGAAAGCTAAGGCTTCGCTAGGGGCTAAACGATAGGAAAGAGGAAGAGTTTGAGCAGAATTCTCAGCAACATATCTCCAAGCAATTCCCACAACGGCGGGAATATGGTGCGTCTGTAGGAAAGGGAAGATATGGGCATAGAAGTCCACAGAGGCATAATCAAAAGTTAGCATAACGGATAACTTTTTGATGGGTTCTCCGGGGAGCACTAAGGGATACGATTGTTTAAGAAGTAATAAATACCGGAGGAATTTTTCTAATACGTGGGGTGACTTAGAAAAGAAAACTTGGCGGAAAGCTAAAACAATCAGCATACGCCTGCCTTAAGATGCTGGTTGGTTATCCTCAGAGGGATAGATAACTATGGATCCAGAGAGAACTTTCGGGGGATGTTGAGGGGAGGGTTCTGTTATAGTTTGTGTAGCAGTCGTCGATTCCGTTGTAGCATGAGAAAGTTCTTGAGTGTCTACAGAAGAAGGCATGCGAATCCTTGGTATAAATAGGCAGTTAGTGTTTTTTGCCAAAACGTTTAGTTAATGTCCACTCTCCATCTTTATAGAATTGTTCAAATTCTTTGAACAATGGCAGGGCTTTGAGCTCTTCGAAATCTATGGAGGTGTCTTGGTTTAAGATTTCTTTGATTTCTATAATTCTTAATAAAGTCAGGAAGCGTAACGTCGGATAATCTGCAGAAGATGCAGTGAATTGAAGAAGCTGAGAAGATTTTTCTAAAGCTGTTTGATAGTCTTCAGTAGCTTGAGCATCTGCAATTTCTTTGAGTAGTACCTGAGCGGGTGAAGGCATACGG
CP158103.1_gap14	768528	769645	1117	GTCAATAATCAAAAATTGAATATCATAACTTTCTTTCATTCTTCTAGCTCGAGCACGAAGATCAGTCACTTTTAATCCAGGTTGATCATCTATAAGCAAGGTGTGCTGTTGCATTTCATTTACAACAGAAACAATACGTTGAAAATCCTGACCAGATAAGTCACCAACATTGATTTTTCTAGATTCTACTTCAGATCGAGAGCATATGATTCTGTGAATTAGCTGATCCACAGTCATCTCTAGAGAAAAAATTCCTATGGGCAGTTGATTTTGAAAACACATATTTTCTGCAATATTTAAAGCAAGAGCCGTTTTCCCCATAGCAGGTCGAGCTGCAAGAATCATTAAATTCGATGGCGAAAAACCGTTAATCATTTTATCGAGATCGATGAAATGCGTAGGAATACCAGAGATAGGTAAGGCATCGCCACTTTGAGCGTATTGTTGAAAAAACTCTTGCTTCTCTTGTAGCTGTATAAGGAAAGGTTTGTCTTGAGAAGAGGTCAAGCCCTGTAGTTTATCAGCAACGAGAACGTATTGCGAGAGAGAGGTTGTTTGACTGATTTTAAATAAAGCATTTTGAGCTTCATCTAAAGCAACAGCAACGTCTTTTGGTTCTTCTATAGCTTTTTTCTCTATTTCCTTAGCAGTTTGGATCATTTTTCTTAAGATCGATTTAGAAAGAATGATCTGGATATATTCTTCAATATAGGCCGCTGTTCCTGCAAAATCTGCTAAGGTGATTAAGTAGCTAGGACCTCCAATGACCGCGAGTTGATTTCTTCGTTTAAGTTCTTCTCCAGCGAGATGCACATCTATAGGTTTATCATGTTTAAAGGCATCCTGAAGAACTCGGAAAATGATTTTATGTTCAAGATAGTAAAAATCGTCTTCATTTAGCTGGTTGGCTGCTAAGTTAAGATAGTTGACTCCTGTTAACATGCACCCTAGAACAATCATTTCTGATTCTTTAGAATTAGGTGGGCTAGGTAGAGTAGGGGGAGGAGTCTTTTCTATTTGAGTTGACATGATTTTTATGACGTGATCTAAGTGCAAGCATCTTTAGAGACCAGGTTAGGATATCGAAAATATATGCTCAAGTTATAAAGGCTGCGAA
CP158103.1_gap15	841792	845941	4149	AATAGCTTGTGAGAGAAAACCTCCGGTGTTTTCCCGAATATCTAAAACTAAACCTAGGAGGTTCTTTTCTTGTAAGCTTTGAATCGCCCGTTTTAGATCTTGTTCACTGGAAATCTGGTTGTCCCCTTCATAGAAAGAATGCAGAGTAATCTTCCCAATGATCCCATCACCGTAAGCTTCATAAGAAACATCAACGCGACGATCATCCAAACTGATTTTTTCGCGTTTTAACTTCACTGTACGGTTCCCGTCTTTACTATGGACGTCTAAGATTACTTCAGAACCCTGAGAGCCTCTAAGACAATCTAACACAGCTCTAAAGGGGAGGTTCTCTATGCTTCTACCATCAACACGATAAATCACATCGTCAACATGCAACTCTCCAGTTTTTTCCGCAGGTCCTCCAGGAATAATCTCTTTTACAATGACCCCATCAATGTCTTCCTTTAAGATGACGCCAATCCCACACATACCCTTTTCTAATTGAATACGCATAGCTAGAGCTTCTTCCTTACTAAAATAGGTGGTATGCGCATCTAAACTATGGGCCATAGCTTTCACGACACGCACATGGAAGTGATGCGATTCCTCTTGAGGCAACATCGGTTCCCCATAATCATTAATCCCTAAATAAGGATTCTCATAGGCTTCAAGTTGACGTGCACAGAGTTGGGTTAAAGAAGCTTCCTTCCCCAAGTACCTATCTTTAGCACTGTCCGATAAATACACAGAAATATACGAGAGGAGTAATGCACGTTGTCTCTCTTTTGCCTCTTCCATAGAGCGGGCCCATTGGTTGGGTTTCTTCATAAGAGAATGCGAAGCAGCTTCCTTGACCAAAGCTTCTGGATCGGATAACCATTCCGCTCGCCATTGACGTGCTCGAGTAATGCTTTCTTTAATTACACGATTCAAATTCTGATAAATAGAAAAATTATTCGTTTTATAATTTTTTAACAGGCGCTTTTTAATATCTGCAGAATAGATAAAATTATTTATCTCTTGTTCTGTAAGATAAGCTTTGTGGGGATCAAAAGATTGAGAGTACCCTAGTAAGGAACGGACCAAAATATCCGAAGATATATCTTGAATATCTACATGATACTCAATCAGCTTATCAACAGTTTTTCGTATGTCTTCTTCATGAAGTAATTCAGACGCAAAAGAGAAACTAGGAAAGCATGTTAGAACAAGAGCGCAAAGACGTAGTATTTTTATCATTACAAATATCTTTGTTGATCGTAGATACTTGTAACATCGACATAAAATGCTCAGGCTTGAGCGAAGATTTTTGCTCCGAAGAAAAACTTATTCAGAATAAACAGGTTGGTAAGAAAAATATTCTTTCTTAAGATACCAGAGATGGGGCACATAAATAATCTTTCATATCACAAAGTACATTGATCAATAATATGCCTATGGCAATGAAAACTAAGAAAGAACCTATGATAAAATAAGCCCCTGAAAAAGGTAGTGTCGCTTGTGGTAGGAAACTTAATCCCGATAAAAGCAAATCAAGAACAAAGAACACCATAGCCAGCGCAATCATCACAACATTACGTGAAGAAGCGTACGCCTGCTGTTGAAAATGCCCATGTAAAAAACTTACCGGAATTTCCGTAGTCATAGGTTCCCTTGGACTTAAAAAGAAAACATTATAAAAAAAATAGGATAAGAAAACACTTAAATAAAAGTTTTCAATCTATTGTTGTGATTTAGATTCTTTTATGTATTATCTTTGTTTTTTCATATTGATAACTTCTTTTTTAACAGGTCACGCTTCTCCTGTGGCCTCCTCTGAAGTTTTCCCCTGGATAGCACCGAAATCTCTTACCGTGCTCGGTAGCCCATTTATCGATGTGATCCTCGAAACCCCTAAGGAATTTATTGAAAAATGTGATGTGAAAGTAGGTGAGATACAAAACATCAACAGCTCAGATATAAAAAAGATTTTTTTGATGTATAGGGAAACCTTTCCCGAAAATCCTATCACAGTAACCAGGAAAGAACCTCTAAGCCTTACAGAAGATCAACTAGCCAATCTAGGTTGTATAAGTTTATTGAACAAGCCGCCCTATCTTCATTACGGAAAACAGGCAGAATACGGGCCAGCTCTGCAGGCATGGGATCATCTCCGACTGATTCTTCGTTGCCCAAACCAAGAAGATACCTTCTGCTATTTTCTTGAAGAAACTCCCAAATCCTTGGCAGAACTCTCTTTATCCTCGGATGTGGGATATACCTTGATTGATAGCGATTTATTGATCTACGGTTGCTACATAGAAAGTTTTCTAAAAAAAGCACGCGGTCCTAACCATAAAATCCTATTCGATCTTAACAATCCTCATATTGTCCAGCACTATAGAGACCGCGTTTGGTCTCTGTTGCCCTATATCGATGTTCTCTTTCTATCAGAAGAGTCAACAAAGTCGTTAACAGGGATGTCGAACGCAAGTTTAGGTAGACGTTTGCTTTCCCACATGATTCCGACCGTGTTTGTACAAAATACAGCAGAAGAGAAGGCTCAGATCTATTTTATCCAACATGGTAAAGAAACCGTGTATTCCGCCACACAGGAATTACAACAAATAGTCTTAGCGTTTCTCTTCGGTTATATTCACGATAATGTCATCGATTATTGTTTTCATGCAGGGGATCTCTTGTTAGAGCACGCCTAATTTCTTCTCGATCAGTTCAGGAAGCCGTTTTTGTAATTCTAAAACTGAAAAATATCTTTTCCATATTAGAATAATTTTTTTGAATATCAGATGATTATACTCTAATTCCCTTCTAAAAATAAGCCCTTGCAAACAAAGGGATCCTTACTCTATATTTTCCCCCTTATAGTAGTTAGGTTGAATTGAGAAGGATACATGCCAACCATTAATCAATTAATACGTAAAAAGCGTCAATCTAGCGCGTCTAGAAAGAAATCTCCAGCCTTGCAGAAATGCCCGCAACGACGTGGTGTGTGTCTACAAGTGAAGACAAAGACTCCTAAAAAGCCGAACTCAGCTTTACGTAAAGTCGCTTGGGTGCGCTTGTCTAATGGCCAAGAAGTTATCGCCTACATTGGGGGTGAGGGCCATAATTTGCAAGAGCACAGCATCGTGTTGGTTCAAGGTGGCAGGGTTAAAGATTTGCCTGGTGTCCGTTATCACATCGTTCGCGGAGCTCTAGATTGCGCTGCTGTCAAAAATAGAAAACAAAGCCGTTCTCGATACGGGGCAAAGCGTCCTAAGTAGGACTATTCTTTATTTAGGAATGAGAAGTTAGAGGTTAATTTATATGTCAAGACGACATGCCGCTGAGAAAAAAATAATCCCAGCAGATCCTATCTATGGAAGTGTGACTCTAGAAAGGTTCATCAATAAAGTTATGATGCACGGCAAAAAAAGCATCGCTAGAAAAATTGTTTATAACGCTTTGGAAAGATTTGCTAAGAAAGTAGGCGCTGAGAATGTTTTAGAAGCTTTTGAAGAAGCTTTGGAAAATGCTAAGCCTTTGCTTGAGGTGCGCTCTCGTCGTGTTGGAGGGGCTACATATCAGGTTCCCGTAGAAGTTGCCGCAGGCCGTAGAGATTGCTTGGCTATGCAATGGATTATTAAATTTGCTAGGGCAAAGCCAGGGAAATCCATGGAAGTAGGGTTGGCAACTGAGCTTGTTGATTGTTTCAATAAGCAAGGAGCTACTATCAAGAAGCGTGAAGATACTCATCGTATGGCTGAAGCAAATAAAGCGTTTGCTCATTATAAGTGGTAAAATAATATTTAATCTCGGTTCGAAAGAGGCGTAACAAGTTCATGAGTGATCAAGAATTCGATTTAAGCAAGATTAGAAACATCGGTATCATGGCACATATCGATGCAGGAAAAACGACAACTACAGAAAGAATTCTTTATTACGCTGGAAGGACTCATAAAATAGGTGAGGTTCATGAGGGCGGAGCCACCATGGACTGGATGGAGCAAGAGCAAGAAAGAGGTATCACCATTACCTCTGCGGCAACAACCGTTTTCTGGTTAGACTGCAAAATTAATATTATCGATACTCCAGGTCACGTCGACTTTACCATTGAGGTTGAGCGGTCTCTACGCGTTCTAGACGGTGCTGTCGCTGTGTTTGATGCCGTATCAGGAGTCGAACCTC
CP158103.1_gap16	944391	948777	4386	TTATCCCAATTACCGCTTGCTTCAGGGATGAAGGTATAGCGTGTTTTCATATCTTCATTCGTATGGCTGTAGTTGATTCTTGCAGCGAACGTAGTGAAGATCGTGTTGCTTAATGGGCGTTTTATAGATAGATAAGCACTACCTGCTATAGCTTGTGATTTTGTTGTGGAGACCACGTAGTCTTTAGATTTTCCGAATACCTGAGAGAAAGCTACTCCAAATACAGAATCCGATAGTGTTTGTGAATTTGCTCCGATAACGTAGCCACCACTAATACGGCGGAAACCATGAGATACACAATTGCGATCATGATGGAAAACGTTAGAAATTCCCGCTACCCATAATCCTTTGCCGTAGCCAAAGCCATCGCAGCTTGCTGTAGCGAGTGCGTTCATAGAGCGTAGATCTATGAAGGCGCCCCATAAGCTATTAGGAACTAAAGAAGCTTGACGTTCCGGGCTGGGAACAAATCCAGTTTTTGTCCAAGTAGCTTTTAATACTTTCTTTTTATTGGCTTCTCCATTTGCCCCGTCTTCCCAACTCAGTTTCCATGAGCCTTGATACCCATATTGAGGATCTGCATCCCCTCTAGGAGTGAGCTGGAGCTCGTTGTTCGTGATTTTACTCGCACCTGCTGTGGATAGAGAAAGGACTTTGAGCGTGACAGTATTTCGATTGAAGATGTCGTGATTTTCATAAGCATTCCCAGAAACATCGTCTAAAGAAATGTGTCCGGTTATTGTAATCTTGCCATTATTACCTTTTACATCGATTTTAGCTCCTTCTCCATCTTGTGTCAGCGAACCAAGATTGATATGGAGATCCGTTATTGAAATCGATCCATCAGCATTGGGTTGCTTGGTCTCAGAGGTCGTAGTAGCTGCAGTCGATGAGGCAGCACTACTCACCTCAGCAGCAGCCACAACAGAGGCAGCTGCTGCAACTGTGTCAGTAGAAGTAGCATGGGAGTTTTCGGTAGTTGACAATACGGTCCCATTATCCATGAGGAGGATAGAATCAGGTTGTTGCTCAAAGGAAACCACAGATAGGCTAGCCTTATCTGCTAAGACGAGTTTCCCACCACCTAGAATCACTTTTTGATAAATAGTTGATGCGTTGGGAGCACTTTCTGCATTTGCATGAGCTCCAGAAAAGAGCACTGTTCCAATATAATTAGTAAAGGGAGCAGAATCTCCTCTATCCGGGTTGATCGTTAGGGTGTTACTGCCATTAGGAGCTGTTGCAGGAAGAGTAGTTACAATAGGATCATAGAAACAGAGTTTATGATCTCCAGAAGCGGCAAGCAATTTAATGGTCGCTCCTTTTCCTAGAGTAATGGCATTTCTTTCGGGAGATCCACCATTGGTGTTGAGGTTGTCATAGAAAGTCATATTGCCGTAGTCAGCGGATAGGCTTAGCTCTCCACTATCAGCAATATAGATTGCTCCACCAGTTTTTGCGGTATTGTTAGTAAACACCGTTCTCCCTGAAGAAGTGATGCTGACTTTTTCTCCATAAATGGCTCCGCCAGCATTTGCTGCGAAGTTATTAGCAAAGAAGATATCGTGTTGGTTTGTTATAGTTAACCCAGTGAAGACTGGGGTAGACGCTCCAGCTTTAACTTTTTCCTCTTCTTCTTTCTCTTTCTTTGCTGCCGTTGCCTGAGTACAATAAATGGCTCCTCCTTGTCCTAACACTTCATTAGAATCTCCGATTTCAGGAGATGCAGTGTTGTTCTGCATGAGCAATTGTACGTTGTTCGAGAAGTTGATATTCCCCTTAGAGTAAATAGCCCCGCCAGATTTAGCGTTATTAGAGTCAAATTGTACAGAGCCGTTGTCTGAGAAGTTAACCACAGTGTTTATAGCCCCATTTGCAGGAGGCGGTGGTGAGCTTGGTGGATTCACGGAGTGGATGGCGCCACCGAGTTTGTCAGCGGAGTTGGATCTAAAAAGAATGGATGGGCAACGCGTAACGTTCAGACTTGTAGAAGCCCCTATAGCACCTCCATTGGCGCCCACGTTACTCAGAAATTGCAATGATTTTGTTACATTGCTAATGTCAACTACTTGTCCCCATAGAGCTCCACCATTGTCCGCTGCACGGTTATCCTTAAATATTAAGTTTTGAATGTTTTTGAAGAATATAGGTGATTTAGAATATACCGCACCGCCTTTAGGAGATAGAATACTGCTTGGATTGGTATGTCCGAGTAATGCGGAACAATTAGAGCAGGAGAAGGTCTTGACTCCTGTGATGGTATAAGAGAATGAATCAGGAGTTGATGTAGGAACAGAGCTTAAAGCAGCACCGTTGACCGATGTGCGAAGATTAGTAAAAGTTACATCATGGCCTTTTCCGATAATGGTCATTGATCCAGCGGAATTGAAAAAGCAACTTGAAGGAGTTGCCGCCATGGAGTTGTCGAGATTTAAAATATTCAAGTTTCCTGAGAGGATCGCTGTTGTTCCTTCTGGATTAGACGTTATCGTATAGGGAAACATTTCTCTAAGATCGCCGTTATAAGTTCCGTTAGGAACTACAATTTCCAAAGAAAAGGCTTGGAATGAACAAGGAAGAGTCAGCGTTGTAGAAACTAAGAACTTACGGAAAGACGCTTTCATTTGCTAGACAGGATGCAACAAGATTGATTTTGCTAATAAACAAAAAGCATTAAAAAAACAATAGGATAGGGAAAAAACGCAAAGAACGTGCTGGGATTCAAAGCTTTAAATCTTTGTCTGCTAGTTTTGTGTCATACAAGCAGATCTACTTTTCGGAAAGAAAGCAAAGAGAGCTACCGAGATTTTTCCAAGGAGAGAGTACGTCGGGGATGAAAGAAATTCAGAAAGCTCTTTGTCTAGGGTTTCTGAATTTCTTAAAGTTACGTGTTTTCCTAGCGCATCAAAACAAACATTGGCTACCAATATCTCCTGAATAGTATTGCGAGGATTTCCGCAGTTCTGTGCAAAATTTTGAAAATAGAGAGACGTTATCTAAAATCGCACAATGTAAGGAAATTTGTGCGGATAAGGCTTGTCGTGAGAGATTTGTTCCTGAGGTCTCCCATACGGCGAAAGGATCATAGGTAGCTGTAATTGTCGCATACGGGTTTTTACGATATATATCCGAGATGAACGCTACAGAAGTTGTATAGAAAATAGGGTAGCGTAGGGTATGGCCTTCTAAACGGATACCGATAGGTACAGAAAGATTCGCCAATGTACTACTGGTAATTTCGTGTTTTTTCACTCCATCTTCTTTGAATTTCCTTTGATAGGCATAAATTCCCTGAAGATTCATGAAGGGGAGGATGTGCTGGAATATATTATGTTCTTCATGGAAGTCAAAGGACAGCGAGGACCCGAGTTCTGCACCTATACCGTGGGTATTCCAATACCCCTGGGTGATTTCTGAGGATTTTCGATTGATTGTGAGGGTGTTTTTACTATGACTATAGGTTACTTGCGCGCTTAAAATTAGAGGAAGATCTGAAGAAACTTTAGACAAGGACTGAGGATGAACAAAAAAGTTTCCTAAAGACCAATGTATAATAGGTTTTATGGGTAGGCTATGTTGGAGATATATAGATCCTGCGAGGATATTTTCGTGGTTTTTTGCTAAGGACGCATCTTTAGAAACTCCAAACATTTGGAAAAAGCCTATCGAGAAGATATCTTGGGATGACGGTTGTTGTGAGATCCCTAAAGCATAACCTCCGCTAGTATGGCGAAATCCTTGGTCATCTTTATGATGGTCCTTATGGAAGTATCTCGAAATTTCCGCTACCCAAAGGCCATTACGGTATAGGCTGCCATCAGAGATGGTGTCCATAAGGTTATGCATACCGCGGATGTCTACAAAAGCATTCCATAGGCTATTAGGAACTAGGGAATTCCCTTGACAATCTATCAGGCGTGGTCGGTAGCCTTTCGGTGTCCATACAAGTTCTCCTAGTTTTTTTGCAGGTGATGTTGTATGCGCACTTAACTCTCGCGGTGCCGTGTCTACCCATTCAAGATTCCAAGATCCTTGATACCCGTAAGGTTGAGTTGGAACGTCAAGATGATGTACTTGGATATGTGTATTTTCTAGTGTTTTAGATTCGATTTTAATTAGGGGAATTCTAAGAGATTGGGCTAATTCTCTGGTTTCATAAAAATCTTCATCTTGCACATCGATGTGCATAGACCCGGAAAAAGATAGTTTTTTGTCTGCCGACAAAAGCACGATTTGCCCGGGGTCTCGAGAGGATAAGGAGCGGTATTTTATTTTCGCATTCTCTGGTAAAGAATCTAAAGCTGAGAGTTTTAACGGTACGGTAATGTTGGAGAGCTCGGCATTGTCTTGGATTCTCATCATTGTACTATGATCGAGAACGAGTGT
CP158103.1_gap17	958372	962927	4555	AAATGCCGAGGCCTATCTTCTGGTTAGATGACCATCTAAAATAAAAAACTTCTAGAAGATCAAGGTTTTAACGACTCGGATAGTTGACGAAATTTACCTATATCTTGCGTGTCTTGCAGGTGATCAGATTTTTCTCCAAAATAAAGAAAAGGGAATAGACCAGAATCCTATGAGACGTATTTTTTTGACTCTTTGTTCGGGATATTCCAAGGAGAGTCAAGGTTATAAGGCCCTACCCCGTGGGAACGGGGTAGGAGAGGTGGATGAGATTAGAACTGGATCTTCGATCCGAGATCTACGTTATAGGTGCGAGAAGAGCCTCTGAGCTCGAAACCCAACTGACTGAAGAGTTCTATGTTGTGACTTAAAGCCAAATAGTTTCCTGCTTGCAGCATGAAAGCATTTCGCGCAAGATTGTTGGCTTTCGTTACCCAAACGGCAGAGTTGGGGCTCACTAACAGAGAAGTGGTACAGTCAGGGTTGCTTCTTACGATATCTGGAGCATACGCAGCCGTAAGATAATAAGAAGCTGTATCATTATGAGCAAATCTCTCAAACTTTATACCGATAGGTAGGGAAAGGTTGGTGAGATTGCTACTTTCGAAGTATCTTCCCTGATCGCTATTGGTTTCCTTAAAGTCATCTTGGTGCGCGTGCACAAGTTGTAACTTCAGGAAAGGTGAGTACATATCGAATAGGAGAGAAGATTCTGTTTGGATAGGCACAGCAGCACCGAGATCAACCCCGAAACAATCGTTACCCCAATCACCCTTGATTTCTGCATACGTTGTTTTACGAGGAGCATAGGTACTTGTCATGTTGGTTTTCATGTCATTAGAAGCATGACAATAAGTTAACTGTGCGTTAAGGACTAACGGAGCTTCCGCACCGATAGTGTTTTGTAGCAGATTCTGCCAAGCATTCCAGTAAGAGATATGTTGGTAATAGAGGGAACCTGCGTAAATATTGGAGCTATTTTTGGAAACGAAATAGTCTTTATCTTTTCCGAAGAGTTGGCAGAAAGCTGCACTGAAGACGTCATCAGAAGGAGTTTGTGCATAGACGCCTAAAGCGTATCCGGCACTATGGTGACGGAACTTTCGTTTAGTCTCTGAACCACTTTTATGTAAGAAGTTGGCTAGACCGGATACCCAAAAACCTCTTGAGTAGTCAGCGCCATTGACGCTGATATCCATTAAGTTTTGTATAGCTCTGACGTCAGAGAAGGCACCCCAAAGAGTATTCGGGACTAAAGGCCCTTGACGTTCTGGGTTAGGGGAGTAGCCCGTTTGTTCCCAAGTTAGAGTGGCTGTTTGCTCTTGAGCGCTGTCTCCTTGTTTCCAAGTGACTGTCCAATTTCCTTGGTAACCGTAATGAGTAGGTGGGGTATAATTTTTTAGATTAGTATCAGGTACACTAGTAGTGCCACTAGAACCAGATTTTGCTTCTATTGCTGTGAAAGGTTTGGATGAAGAGAGGATGGGATCTTCATAGGTATTGCCGTCGGCATCGACTAGATTGACAGCCTTGATGGTGACTTTTTGGCTTGTTGCAGTTGCTTCGACTTTAGCAGGAGCTGCCCCCCCCCCCCCAACGAGGCGATGTTAATATCCAAATTCGTTAGGTCAATGGCTTCTCCACCTGAGGAAGGCGTCTGTAACGTAGTCCCTAAATCCATGACAACGGTAGAGCCTGCTGTCTGCGTGACTTTTTTTGCTTCTAAAGTGACACCATCTTTAAGAACTAAAGAACCTGCACCGATTTTTAGGGGTTGTTTGAAATATGATTTCAAATTCTCCGCAACTTTTTTTTCTTCATCGGATAATTTTTCACCAGAGAAGACAATCTTGCCTGTATAAGTAGTAGAAGAGCTGTCGTCAGCTTTATTTAGCTCGATTTCTGCGTTAGTGTCCCCTGTATTAGCAATAGGATCATAGAAGAAAATCCCGAAGCCATCTTTAGCTCTCAAGTTTGTGAACTTCCCGCTGGCACCGAGATCTATCGAATTTCTTTTTACATCGGGACTGCTTCTACCAGTAGTTGTGATGATTTTGTTCCCATCAAAGGTAATATCCCCAAGATTCGCCGTTAGACTACACTCACTACTGGTATCATCTAAACAAATAGCCCCGCCTTTAGGCGTTGAATTGCTGGATACAGAGTTGTTAGAAAATAATGTAGGCCCACCGGAAGTTATGGTGAGTTTTTGAGTAAATATAGCTCCGCCTTTGGTACTAGAAGAATTCTCTGAGAAAACAAGATTCTTATTGTTTTCCATTTTTAACTCAGCGGTACTGCTTCCTTTACAGTAAATGACACCACCGTCTGTTTTCGAACAGTTTTTATGGAAGACAAGACTAGAGTTATCTTTGATAGTGGTGTTGCCTACAGCTTTTATGGCTCCGTAACCAGTGGTTCCTGGAGGGCAGTGAGCACATGAAAATAACGAAAATCCTGAGACGTCTAAGGTTTTCCCATCGCCACTAACATTAATAGCGCCTGGGTTACTTGCTTGCGTAGTAATATGATCAAAGCAAAGAGTATAGCCATTTCCTAAGAAGGAAAGGTTCCCAGCAGTATCAGTGAAACAACTATTGGATAAGCCCGAGCCACTTAACCCCGCATAGGCAATACATATATTCCCTGTACACGTGTATATTGTACCGTTTGAATTGCTTGTTGATAATGGACTGAATGGCTCACTATTCGTGTTTCCATTGTAGCTATGCGCAGAGGTCAAGGTTTTTTGATCTGGTTCATCGGAGTATAATGAGTTCGAGACGATTAAGCTCGAGGATATTAAAAACCAGTAAACTGGATGTTTCATAAATTCATGCTTTGGGTGATTTGAGATATCCCAAACCGATCATAAAAATAATTAAAAGTCAAGGGGATTGTCTAGACTAGAATAAGGAGAACCCTGCCCAGAGCTGGGCAGGGGGGAGCTTTTTAGAACGCGACCTTAGCGCCAAGATCTACGTTATAATTTCTTGAAGAGCTTCGTAATTCGAAACCAAACTGACTGAACATCTCAACACCAGAGGTTAAGGCAATATGGTTACCCGCGCGAACTATGAAAGCTTGTCTAGCAAGATTCGTAGCTGTGGTTAACCAGGAAACGTCATTGATCGCCAATCCTGTCATACAGCTTGGATTATGACGGTACACATCAGGTATATACATCAGTGTAAGATCATAAGCACTTCTCTCTCCATAGGAGAGTTTCTCAAATTTTATACCTATAGGTACAGAAACGTTGAGAAGATCGCTGCTTTCAAAGACCCGGCCTTCTGTTGTTGGTTCTTTAAAGTCATCTTGGTGCGCATAGACAACTTGTAATTTTGCAAACGGTGCATAACTATCAAAGATAGAAGAACTAAATACCGGGATAGGTACGCTAGTAGACAAAGTTAAGCCCAGGGTATCATTACCCCAAGAACCTTTCACTTCAGGATAGTCTGTATAGGACGTTGTCATGTTGTTGGCCGTGTGGCAATAGGTAATTTGTGCATCCAAGAAAATAGGAATCTCTTTAGAAAACCCTGAACAACACGTGTTAGGCCCATTAAATAACCGCGTGAGATCATCAAACTTGCTCACATGCTGATAATATACAGAACCCGCATAGACGTTTGCAGCGTTCTTGCTTACAAGGTAGTCTTTATCTTTTGCAAATAATTGACAGAAAGCCACACTAAGAGAATCCTCTCTCGAGGTATTTGTTGTGGCTCCTAACACATATCCCGAACTGATATGACGGAATTTGCGATTTTCAGCATTCCGATCTTTATGGAAGAAGTTCCCAATTCCAGAGACCCACAAACCACGACGTGTCTCAAGAATACTATCAACACTACGTTCCAAGACATCTTGAATAGAACGTAAATCTATAAAGGATCCCCAAAGGCTATTGAGTACTAGCGGAGCACGACGTTCAGGATTTGGAACATATCCTGTTTTATTCCAGGTAAAGATTGCTGTTTGTGTTTTAGGATCAGAGTTATTATCTTTGACCCAACTGACAGACCAGTTTCCTTGATAACCATAGTGGGTTTCAGCAACACCAACAACATGACTAGGCACGTTGGTTGTTGTCACCGAACCTTTCCCAGAAAGTTGAATTCCTCCTAAAGCTAACGTATCATTTAGCTTATGGTTTTCATAAAACTTCCCTGTAGGATCAATAACGCCAATAGCACCTGATAAAGTCACATTCTTCCCAGCAGCAACGGCATCGACTACGGCGAATTTTTTCCCATCTAAGGTATTCGGATTAATAGCCAGATTCGTCAGTGTAGCATCTTCTGTTTTTGCGGATAACTTTGTGCCTGCATCCATCAGAATCAAAGATCCTGCTGTTTGCACGACTGTTTTTGCTTCTACTTCCACACCGCTGCGTAACACAAGTTCACCAGCAGCTAAAGTGATAGGCTGTGTAAATGTTGTCTTTAGGTTATCCGCAACAGCAGCTTGTTCTTCAGTGAGCTTTTCTCCTGAAAAAATAATTCTTCCATTATACGTCTTATCACCCTCAGCTTTATTCAAAGTGAGAAGA
CP158103.1_gap18	1036192	1038575	2383	GATTAGATGTCAAGAGTCAGAGAGTAGGATTACTTCGTGGAAAGGATCCCCATAAAGATCAAAGTTATTTCCTGTGTGGCACGCACCCAGAGTCTTTGAAAAATGTACTTTTCCCTTTAGGTGACATGACAAAAAGAGAGGTACGCTCCATAGCTGCCCAAGCCGGACTGGCAACAGCTCAAAAAAGAGACAGCACGGGCATCTGTTTTATAGGAAAGCGGCCGTTTAAAAGTTTTCTTGAACAGTTTGTCCCCAATGTCGAGGGGGAGATTATAGATTATGATTCTCAGAAGATTGTAGGGAATCATGAAGGCGCCCATTACTACACGATAGGCCAACGCAGAGGTTTAGATATTGGCGGCTCTGAAAAACCTTGTTATGTTGTGGGTAAGGATATGGAGAAGAATATTGTGTATATCGTACGAGGGGAAGATCACCCACTACTTTATCAACAAGAACTTACAGCTAAAGAATTGAATTGGTTTGTCTCTCCAGAATCTATAACGAGGTGTAGTGCTAAGGTACGCTATCGTTCCCCAGATGAAGAATGTGAAATTTTACATACAGGAGCACAGGATACCGTACGCGTGCGCTTTACGTCTCCTGTTAAAGCCATCACCCCAGGACAAACCATCGCATTTTATGATGGGGAGAGGTGCCTGGGGGGAGGGATCATAGAAGTCGCTATGACTCCACATTCGGTATAGTAGCCGCAACATTTTCCGCTTGTTCTTCATAGCGCTCGAAAGTCACACGGTCGTCAACGAGGTTCGCACGCAGTTTTCTTGCTTCTTGACGGCAAGATTCCTTCAGCAAGAGTTCGGCAAGCGGATCTTCAAGATACTGTTCAATAACCCGACGTAAAGGCCGTGCTCCCATCTCTGGAGAATGCCCTTTTGTTACTAAGAAAGAAATCACAGAATCTGGAATACTTAATGCCATCTGGTAATTTTTCAAACGAGAATCAAGTTTGTTAATTTCCAAATGGATAATTTCAGATAACGCTGATTTTTCTAAAGGACGGAAGATCACACTTTCATCTAAACGGTTGATAAATTCCGGCTTTAAATGTTTTTTCACCGCATTTTCGATTTTTTCTTGAATCACTTTGTAATCAAAATTGGAACGAGAACCAAAACCGATTTCTCCGCTTTTCTTAATTAAGTCTGCACCTAAGTTTGACGTCATGATAATAATCGCATGACGAAAATCAATCTTGCGACCAAAAGAGTCTGTGAGACGCCCTTGCTCTAAGATCTGCAACATTAAATCCATGATGTCAGGATGAGCTTTTTCAATCTCATCGAATAGCACAACACAATAAGGCCGACGGCGTACTTGTTCTGTAAGATGACCGCCTTCCTCATGACCAACATAGCCTGGAGGTGATCCCATCATTTTTGTAGCCGCAAATTTTTCCATGTACTCAGACATGTCTACTTGAATTAAAGCATCTTCACCACCAAACATCTCAATAGCGATTTGTTGCGCGAGTAATGTTTTTCCCACTCCAGTAGGTCCTAGGAATAAGAAGGAACCTGTAGGACGGTTAGGATCTTTAATTCCTGTTCTTGAGCGTCGAATGGCTCGACAGATACTCGCTACCGCTTGATCTTGACCTATGACTTTCCTACGTAGAGTATCTTCAAGTTTTAAAAGCTTTTCGCTCTCAGCTTCAGTAAGTCGTGCCGAAGGGATGCCTGTTTGTAACGAGACCACTTGAGCAACAGCTTCCTCATCAACAGGAATTTGATGTTCTTCTTTGTGGTTCTCCCATTCTTGCTTCATATGGGAAAGACGTTCGCGAAGCTTTTTCTCTTCGTCACGCAATCCTGCAGCTTTTTCATATTCTTGAGTGCCAATAGCTTGCTCTTTAGCTAATTTCGTGGTCTCAATCTCAGCTTCAAGCTTCATTAACTCTGTAGGCTGATCCATGGTATTTACACGTACTCGCGCTCCAGCCTCATCAAGTAAATCAATCGCTTTATCGGGGAGGAAGCGTCCATGCACGTATTGATCGGATAGCGTAGCTGCCGCTTTTAATGCTTCTTCTGTAATAGAAACATTATGATGCTCTTCATATTTCTTTTTTAAGCCACGTAGAATTTCTATAGTTTCGTCTACACTAGGCGGTTGGACAAGAATTTTCTGGAATCTACGTTCTAAAGCAGCGTCTTTTTCAATATGCTTGCGGTATTCATCTATTGTTGTCGCCCCAATACACTGGATCTCACCACGTGCTAGTGCTGGCTTCAAAATGTTAGAAGCATCAATAGCTCCTTCAGCAGCGCCTGCACCGACAATTGTATGCAGCTCATCGATAAACAAAAGAATGTTGCCATGTTTACGGACTTCGTCCATAACTGCTTTGATACGTTCTTCA
CP158103.1_gap19	1041514	1043133	1619	GTTTGTCATCGGTAGCTACAATTTTGGAAAGAAAAGTGACCTTTTTGATTATGAAGGTATCATATTAATTGATTCTCCAGAGGTTGCTGCTAAAGCCAATGTCGTCTTTAAGAAAGATTTGAGCTTATCCAAACCTATAGAGAATTCTGAAATTTTTGGTTGGTATTTCGATCCGATGTATAATCTTCTTGGTCATTTACAGATTAATTTTATGCCGGCGTAAATCGGCATATACAATCCTACTGGGAAAAGAGCCCTTCTCTTTTCTGGTTCTCAGGGGATCCTTCTTGGTTTTTTCCGATCAATAGTTTACACTAAGTTTTTTATTGTTTATTCCAAGAGGGTGGCTTTGCTAGCGTTCTTTTATAAGCATCAGAAAAAATTCATGGGTTTTGTCATTGTTGGCGTATGCGTATCAGGTATAGGTATAGGCTGGGGACGCTATCCAGGAGAATCTTCCCGTGGCTCTAAGAAAATTGTTTTTTCTGTTCCGGGTAAAAAATATTCTGAGAGAGAATTTTTAGCTTTTAAGAGATTCTTCACCAACGAAGCTTATCCTTTCACTGGGAATCCTCAAGAGTGGAACTTCTTAAATGAAGGTTTATTAACAGAGCGCTTCCTAACGAATAAGTTAGGGGAAAAGCTGTTCTTAAAAGTATATTCTCAAGACTATCCCGCCTTTAAAAAAGAAAAAAACTATCAGTCATATCGGCGATTTGACTCTCCTTTTATTTCTTCCGAAGAGGTGTGGAAATCCTCAGCACCACGTTTATATCAAGCTTTGGTCGCTTTGCAGGAAATCCATGATCCTGTATCTCCTGAGGGCTTTGTCGCTAGGGTTCAGCTATTTTTAGAAGAAAAAAAATTCCCTCATTATATTCTTAAACAAATGCTTGAATATCGTAGGCAGATGTTTAATCTTCCTCAAGATCCTGTTTTAGCTCAGGGCAAGGATCTACATTTATTTGGTTATCGAAACATTGCGGATTGGTTTGGTGATGCGTACGTTTCTGCGGCTGTTGAAGCTTTATTGCGTTTTGTCAATGAGCAGAAAAAAAATGTCGCCATGCCTTCCTTAAAAGAAGCTCAACAAGATTTTCACGACAAAGCCAAACAAGCTTTTACGAAGTTAAGTAAACACGCTGGCCTGACTTTAAGCTTTGATCAGTTTGTTGCTTCTTATTTTGATTTTATGGGAGTCAGCGAATCAGAATTTTTCAATATATATCGCGAGATTCTGTTATGTAAGAGGGCTTTCTTACAATTAGAAGGTAGCGTAACTTTTGATTATCGTCCTTTGCAAGAGTTCTTCTCCATGGGCAAAGACTCTACGTCTGTAGAAATGGTAAAACTTCCTCGTGAATATCAATTTAAGAACAAAGAGGATTTAGAAGCTTTTGAAGTATACATTAGTCTTGTGGGCGAGCCTATAAAGGATTGTCTTAGTGTTCCGCGGTGTACTTTGCCTATAAAAACTATAAAAGCTAAAGAACCCAGGTTAGTAGGACGAAGGTTTTTAGTTTCGTACAAGAGCGTGAAACTTCAGGATTTAGAAACGAAAGTTCCTATGGTGGAGGTGCACCAATGGCAGCAAAATCCTGAAAATTTCCAAGTGCTAC
CP158103.1_gap20	1045190	1049104	3914	AGATATCAATACCCGTGAGGCTCATGAAAGCCATAGCTATCAGTCCTGTAGTAATGAAAGAGATGCCCATTCCCTGAAGATTTTTGGGAATATCAGAATAGGCGAGCTTTTCTTTAATCGTGGCAAACAAAACAATAGCTAACCACCAGCCGCATCCAGCACCCAAAGAGAATATCATCATGGGAATAAACGGATAGTTGCGTGTGATTCCAAAGAGTACGCCGCCTAAGATTGCGCAGTTTACTGCGATTAGGGGGAGGAAGATGCCTAAGGAAAGGTAGAGATTTCTTGAGACTTTTTCTAAAAACAGTTCAAGGATTTGTGTGAAAGCCGCAATGACAACGATGAAGATGATGAGTTCGAGAAAATTTAAGTTTACGTTAGCTAATGCTGGGGATAGCCAAGTTAAAGCTTTAGGTCCTGTAATAAATGCATGTACGAACCAGTTAATACTTCCAGTCACGGTGAGTACCAATGCTACGGACATGCCTAAACCGTTGGCTGTAGAGACTCGTCCTGAACAGGCAAGATAGCTACACATCCCAAGAAAATTGGATAGTAGAATATTTTGGATAAAGGTGGCTTGTAAAAAGATACCAAAGACATTTAGCCATGTATATTCACCTAACCACATAGATCTACCTTCTTTCTTTCTTAGATCTCAGAATATTGACACCCCAAATCATTATACCCAAAAGGAAGAATGCTGAGGGAGCTAAAACCATCAAGCCAAAGTTTTCATACCCATCGGGATGAGCTTCTGAGGCATAAAAACATTTAGGAATCAGTTGTAATCCAAGAATTGTCCCAAAACCGAAGAATTCTCTGATGATACTTACAGTAACTAATACCCAACCGTAACCTAATCCTGAGGCAAAACCATCCAAAAAAGCAGGAATAGGTGGAACATTTCTTGCTAGACTTTCTGCTCTTCCCATGACGATACAGTTGGTGATAATTAACCCGACGAACACAGAAAGTGTTTTTGAGATATCAAAGAAAAAAGCCTTGAGGAATTGATCAATGACAATCACGAATAAGCTAATGATAATTAGCTGGGTGATCATACGTACGCTATCCGGGGTGACTTTCCGCAATAAAGATACGAAGAACGAAGAACACCCTGTAACGAAACTCACAGCGAGACCCATGGTCAATGCTGTATTTACCGTTGTTGTTACAGCCAACGCAGAGCAAATCCCTAAAATAGCAATAAGGGGTTGGTTATTGTTCCAAAGAGGATCAAGAAAGTAACTCTTGTAGGATTTATTTGCTGCCATTTTGATCTCCCCGGTGATTAAGTTTAGCGAAAGACATCAACAAATTGCGATAGGGAGCTAAGGATTGCGCATAAGCTTCAGTAACACCGTTACATGTTAACGTAGCTCCAGAAATGCCATCGATAGCAGAGAGAGCTTTAGGAGATGTCCCGAATGCGGATTGTACCGCGCCTTTGACGACTTCCAGACCCAGGGGAGTTGTGGAGAAATCTGTATTTCCTGACGCTTCTTGTAAAAAGATTTGCTTTCCATAAAACTGCTTTTGCCATTGGGGATTGGCAATATTGGCGCCTAAGCCTGGAGTTTCTGCTTGTTGATACCACGCTGTTCCTAATACTGTATTCCCATTATTTTCTACAGCGAGATAGCCGTAAATAGGTCCCCACAAGCCAAATCCTGAAATAGGAATGACAATAGCGTCTATTACGGAAGGATTTTTCACAACCTCAGTGGCGCTCATCACTCTAGCTTGCTCTGTATTGGCTAAGATTACATAAAATAAAAGTAATGGCTGCTGATAGAAATGCCCATTTTGGTGTTTTTCTATAAACTCTGAGACGGAGATATTTTTCTCTTCAAAAGAAAACATTTGTCCTTGTCTATCTGCAAGTAAGGGACGGACAAATCCTTGTGTATAGGAGTCTAAAATAGAGCTTGTGACAACAGGGACATTTGTGTCGGCCACTTTAAGTAATTGGGATTTTTTATCATAGGTGGCAAGTTTCCAAGAACCATTCTCATAGATTTGAAATTTTCCTGAAAAATCTAAAACACGAGCTGCAGTGAGCATTTGTTGGTTGCGATCAAAAATCGCAGCGCGTTCTTGAAAAGGAGCAAGCACATAATACACAGTAGAAAGGAAAACGCTAGAGAATAAACTTAATACGAGAATAAACAGGATAACATACCAAGTTTGATTCAGATAGCGTTTGGATTTCTCTGAGGACATAGTTTAAATTCTCCTTCGTCTATACTTTCTTACAGCAAAGTAATCAAGAAGAGGAGCAAATACATTTCCAAGAAGAATGGCTAGCATAACTCCTTCGGGATATGCAGGATTGATTAATCGGATAATTATGGTCATAAAACCAATGAAGAGTCCGTAAATCCATTTGGCTAATTTCATGGTTGGTGAGGATACAGGATCCGTCGCCATGAATACGAGACCGAAGGCTAACCCCCCTAGGAACAATTGGCGGTAGGCTGGAATAAAGAATTTTGCGGGAGCCCAAGCTCCGTGTTTTCCAGCAATAAGAATACTACAAATCTTAAATAACCACGCTGTGACGAAAGCCCCTATACCGAAAGACATCATCGTTCTCCATGAGGCAATCCCGGTAATCACAAGAAATACCGCACCGAGTAAACAGGCAAATGTGGATGTTTCTCCTAAAGAACCGAGAATGTTTCCCCAGAAGAGATTCCCTGAAGAGAATTTCCCAATTCCATAGATCACATCGGTAATCGCGTAGGCTGAGTCAAATTGCGTTGGGAGTAAGCCGAGACCGCCTTCACTTAATGGAGAGGTGACAAAGCTTTGCAGTTGCTCTAAAGTTAGCTTGTCTAACAGCAATCCGGGATGAGACTCTGTCCAGATCGAAAATTGTGATTCTATGACATTTTGTGTGGGGACGTGTGTCATGTGTAAAATGTTAGAGGCTATAGCATCTACATGGATTCTTTTTACAGAAGGTGGTGTAGAGTTTAATGTTTGTAGGCACGTAGATTGTGAAAAGCCGTCGATGATGGATTTTCCTGCTGTGGCGTTCATAGTGAGCAGGCTATCTTTTATGTGTGTTGGGTTGCTCCCTACCCAAACATCACCGCTCATCTTTGCTGGAAATGTAAAAAATAGAAAAGCTCTTCCTGAGAGTGCAGGATTGAGAATATTCATTCCTGTCCCACCGAACAATTCTTTACTAACCACAACGCCGAAAGCAATCCCTAAAGCGGCCATCCAATAAGGAATTGTGGGAGGTAAGGTCAGGGGATAGAGGATCCCTGTGACGAGCAATCCTTCAGCAATTTTATGTTTTCTAATGACTGCGAAGAGGACTTCACAAGCTCCTCCTACTGTATAGCTAATGATGAGTAAGGGAAGAAAAATTTTGCATCCCGTCCAAAGAACGGAAAACATGCCTATGTCATTAAAGATAAATGAGAGATAACTGCGAAATCCTGAGATATGTAAAAATGCTTCCATGAGCTGGGCATTTCCCGAGCCATAGACTAAAGCCTGAATACCCGAATTCCATATGGCTAAGAACGTCGCTGGAAAGAGTGCAATAACCACAAGCATCATCCAACGTTTAATATCTACAGCATCGCGAATGAACGGTGGAGATGAAGCTTGGTGGATGGGTTCGTAGCAAAACGTATCAATAGCGTCTGCAACTGGAGTAAAGCGTTGAAACTTGTCTTTTTGACAAATTTCCCAGATGGAATTAACAAATCGTTTAAGCATTGCTACTGAGAGGGAAGTTGAAGCTTCTACGTTTAAGAACGTAACAAATTGATTAAAATTTTAGGAATAAAAATTTTCTGTGATTCAGAGATTCTTTCGTTTTTTCCTTCATTTGATTTTCCCGAAACTCTGTTATGGTTGTCGACAACCCGGAGAGTTTTTGTGTCGGG
CP158103.1_gap21	1052961	1056680	3719	TTTCTGTGATGTTACTGTAGGAGCCGGAGGTCACGCTGAAGCTTTTCTCTCCGCATATCCTTCTATAGTTTCTTATGATGCATCTGATCGCGACGTGGCAGCTTTATCTATGGCTAAGGAGCGTTTAGAAAAATTTGGCGATCGTGTGCATTTTCATCATGCATCATTTGAAGATCTTTCTAAAGATCCTAGGGAACATGTGTATGACGGCATACTTGCCGATCTTGGCGTTTCCTCTATGCAGCTAGATAATCTATCTCGGGGATTTAGTTTTCAAGGAGACGATCATGCTTTAGATATGCGCATGGATGTGACTAAGGGAATCACGGCGAGCGAGGTTTTACATACACTTCGTGAAGAAGAGTTAGGGAAAATTTTTCGTGAATACGGAGAGGAACCTCAGTGGAAAAACGCGGCTAAGGCGATAGTACATTTTAGGCGTCGTAAGAAGATCGTTACGGTTAGAGACTTAAAAGAAGCTACAGCCAAAGTTTTTCCTTCTTATCGTCTGCGCAAGAAAATTCATCCATTAACTTTGATTTTTCAAGCTTTACGGGTGTATGTAAATCAAGAGGACGTGCAATTGAAAGTATTGCTGGAGTCGGCTATGCGTTGGCTTGCTCCTGGAGGGCGGTTGATCATTATTTCATTTTGTAGTTCCGAAGATCGCCCAGTAAAATGGTTTTTTAGAGAGGCTGAGAAATCCGGATTAGGAACGATTCTGACTAAGAAAGTGATCATGCCTACATATGAAGAAATTAGGAAAAATCCTCGATGTAGATCGGCAAAGCTCCGTTGTTTTGAAAAGAAATTTTTATGAGTAATTATCGTTTTGTACGTCTATTCTTATGTTTTTGTTTTCTAGGCGGATTGCTTTACTCCTATATTAACAAACAAAACGATCTGACTAAATTACGCTTAGAAATTCCTGCTTTATGGTCGAAGTTGCGACAGAGAGAACAGGAGAATATATCTCTACACTTTCTTATTGATAAAATAGAGAGTCCAGAGCATCTCATGCATATAGCTAGCCTTCCTGAATACCAATATCTCCAATATCCTACAGAAGATAGTGTTTGTGTTGTAACTTATGAATCACCGTAAATGCTTAACCATGATTACCTGTGGAGTTCTACTCTCCTATTCTTTCCTGATCATACGGTATTATAAAATTCAGATTTGTGAGGAGAAACGTTGGGCAGCAGAAGCTTTAGGACAACATGAATTTCGAGTAAAAGACCCTTTTCGTAGGGGGACGTTTTTTTCTCAGATGAATTTACGTAAGGGAGATTCAGAGCAACGACAAGCTCTGGCCGTGGACATTACGAAATTTCATCTTTGTTTAGATGCTGTGGCTGTTCCTGAAGAACACCGTGATGTGATTGCTAAGAAAGTTTTTAGTCTCATTGGAGAAGGTGATTATGACAAACTCCGTGCGGAGTTTGATAAAAAATCTCGCCATCGAAAGTTATTTCTTTGGTTAGATCGTGCGGATCATGACCGCATCCTGTCTTGGTGGCGGGGGTACGCAGCAAAATCTAAAATACCCTCGAATGCTTTGTTTTTCATGACCGACTATCAAAGATCTTATCCTTTTGGCAAACTTTTAGGCCAAGTTCTACATACTCTGAGAGAAGTCAAGGATGAGAAAACAGGCAAAGCTTTCCCTACAGGAGGTTTAGAAGCCTATTTTAACCACGTCCTTGAAGGAGAGCCAGGAGAACGGAAATTCCTACGTTCTCCTTTAAATCGTTTAGATCTAGATAAAGTTACAAAGATTCCTAGGGATGGTTCGGATATTTATCTCACAGTCAATCCCTGTATACAGACTATAGCGGAAGAGGAATTAGAAAAAGGAGTAAAGGAAGCCAAAGCTAAAGGTGGGCGTCTAATTTTAATGAATGCTTATACAGGCGAGATTCTTGCTTTAGCACAGTATCCTTTCTTTAATCCTTCGGAATACAAGGAATTTTTCAATGATAAGGAAAAAATAGAGCACACAAAAGTAACATCAGTCAGTGATGTGTTTGAACCCGGCTCTATCATGAAACCTCTGACTCTGGCTATAGCGTTGCTGGCCAACGAAGAGATGGTGAAAAGATCAGGAAAGCCCTTATTTGATCCTAATGAACCTATAGATGTAACCCGCAGGATTTTCCCAGGAAGAAAGCAATTTCCGCTTAAGGATATCTCATCGAATCGGCGTTTAAATATGTACATGGCGATTCAAAAGTCTTCGAACGTTTATGTAGCGCAACTTGCTGATCTTATAGTGCAACATCTAGGGAACCACTGGTATGAAGACAAGTTATTGTTATTAGGATTTGGTAAAAAGACGGGGATAGAATTGCCAGGGGAAGCGTCAGGATTGGTACCTTCACCTAAACGTTTTCATATTAATGGGGTTCCTGAATGGTCTTTATCTACGCCTTATTCTCTTGCTATGGGGTATAATATCTTGGCTACGGGAGTGCAGATGGTTAAAGCCTATGCCATTCTTGCCAACGGTGGTTATGATGTGCGCCCTACCTTGATAAAAAAAATAGTCACTACTTCTGGAAAAGAGTACGTGTTGCATCCCCAAGTTCGTGGAGAAAGAATTCTTTCTCAGGACATTGTGGATGAGGTATTGAAAGCTACGCGTTTTACTACCTATCCTGGAGGAACGGGATTTCGGGCTGCGCCTAAAAAGCATTCCAGTGCAGGGAAAACAGGAACAACAGAAAAGCTAGTTCATGGAAAGTATGATAAGCATCGGCATATTTCTTCATTTATAGGTATCACGCCGATATACCCTTCGGCAGGGGGGAGTGTTCCTTTGGTCATGCTTGTCTCTATAGATGATCCTGATCATTGTGTTCGCGAGGATGGAACAAAGAACTATATGGGAGGCCGATGTGCCGCCCCTGTATTCGGCAGAGTTGCGGATCGTGTTTTATCTTATCTAGGAGTTCCCGAAGATAAAGAAAAATACAGTTATCAGAGCGAGGTGGCTGCTATGAAAGCTTTGTATGAGGAATGGAATCGTTCGGGGAAATAATTTTTATATTATGTCTCCGTAGTAGCGGATGGGGCATTGGGCAAATTCCGGTTGTTTCTGAGAAAATCGCCAAAGTAAGAAGGTGATGGTAAAAATGATTTTAAGTGCCAAGATGATTAAACCCAGGCCGAGCATTTCTAGGATTCCGGCAAAGGTATGCACTGCGATGTCGACTTTGCTATCTTTTTTTATCGGGGCTGCAAATATGCTAAAAAGTTTAGAGAATCCTAAAATATTGCCTAGTAAGGGTATAGTGCGGGCAAGAGTTTCTAAAATAGATTTTTTATTATTCAACAACCAATCATTATGCATAATGCCTTGGTGGTTGCGTATACATCCTAATTGTATGATTTTTGGGAAACGACTTGCGTGTACAACGAAGTCTCGATTGTTTTTGTACAAGCAGTTTCTACTGCCAGCTTCATAGTGAAGGTCTTGCTCCATCTTTCCCTTTGTATTCTTGTGCTTTGAACTAGGATAGCTAATTGTTATTGGGAAACAATTTCTTTTCACTAAAAATGGTATATTTTTTATGCGAGAAAAAATAGATGGACTATTTTAATAGCTGTAAGTAAGATAGTTCGGCGGCAAATTCTGCGAGCATTGCTCGTTTGCGAAAGTTTATTGATAACTTATGGAATACGGTTGCCATTTTCATTCTTTGCCGAATGAAAATAAG
CP158103.1_gap22	1103052	1107363	4311	CAAGTAGATGCGGGTAAGGAACATTCTTGTTTAGCGATTCTTGTTCATGGCGATGCCGCATTTTCGGGACAAGGCGTCGTATATGAGACTTTACAATTAAGTCAGATCCCTGGGTATTCCACAGGGGGAACATTACACATTATTGTAAACAACCATATAGGATTTACTGCTCAACCTAGAGAATCTCGCTCGACGCCTTACTGTACAGATATTGCTAAGATGTTGGGCATTCCGGTATTTCGTGTAAATGCTGAGGATGTGGTCGCTTGTTTGCAGGCTATAGAGTATTCTCTGAAGGTACGTGAAGAATTTAGTTGCGATGTAATTATCGATTTATGCTGTTATCGTAAATACGGTCATAATGAAAGTGACGACCCTTCAATAACAGCGCCTCTGCTCTACGATGAAATTAAGAAAAAGCCTACCATTCGAGAGATATATAAGAAGTATTTATTAGATAACTATCGGGAGGAAATCTCTGCAGATAGTTTGGAGAAGCTTGAACAAGGCGTTCAGGATGTTCTCAACACAGAATTCCAATCATTAAAGCAAGAAGAAAATCATAAACTCTTTAAAAGAGATTGTCGTCATTGCGATCGTATGGATCTCGGCGAGTTATTAATCAATGATGTCGATGTTTCCTTAACACGTGATACGGTATTTCATATCAGTTCTAAATTGTGTGGTCTTCCTGAAAACTTTACGCCCCATCCTAAGGTAAAAGCTCTGCTTGATAAGAGAATGAAAATGGCTAAAGGAGAAATTGGCTATGATTGGGGAATGGCTGAAGAGCTGGCTTTTGCTTCTTTATTGATCGAGAAATTTTCCCTACGTCTTTCAGGACAAGATGCTATTCGTGGAACCTTTAGCCAGCGACATTTATTATGGAGTGATATCAAATCTGGGGATACGTACACACCTTTGTATCACTTATCTCCTGATCAAGGCTCTGTAGATATGTACAATTCGCCATTGTCCGAATATGCTGTGTTAGGCTTCGAATATGGTTATGCTCAGCAAGCAGAGCGTACTCTGGTTTTATGGGAAGCGCAATTTGGAGACTTTTCCAATGGAGCACAGATAATTTTTGATCAGTATATTTCATCTGCGATTCAAAAATGGGATCTACACTCTGATCTTGTTGTTCTTCTTCCTCATGGCTACGAAGGGCAGGGACCAGAACATTCTTCCGCACGTATAGAAAGGTACTTACAGCTCGCTGCGAATTGGAATTTCCAAGTTGTGATTCCTTCCACTCCGGTACAATATTTCCGTATCTTGCGTGAACATACAAAACGAGATTTATCTTTACCCCTGGTGATCTTCACTCCAAAAATGCTTTTACGGCATCCTGAATGTATAAGCTGGATTGATGAGTTTACTGAGCCAGGAGGGTTTCGTCCTATCCTTGAAGATGCCGAACCTAATTATGATGCTAAGGTATTCGTCTTGTGTTCTGGAAAAGTATATTATGATTTTAAAGGTGCTTTACCTCAAGAACGTAAGAAAGACTTTGCTTGTTTACGTATTGAGAGTTTGTATCCTTTACATCTCGAAGATCTTCTTTCCGTGATTGGCAAGTATCCTAAAGTCGAGCATTACGTTTGGCTTCAAGAAGAACCTCAGAATATGGGGGCTTATGATTATATTTTCATGGCTACCGAAGAGATTTTCCCTAAAAAATTAACGTGCGTTAGCAGACCTAGAAGTAGTTCAACAGCTACGGGTTCCGCACGTCTTAGCCAACAAGAATTTTTAACATTAATGGAAACATTGTTTTCTTTAGGTAATGTATGATCACAGAAGTACGCATTCCAAATGTCGCTGAATCCATAAGCGAAGTCACAATAGCTTCTCTTTTGGTAACTTCAGAGAGCTTGGTTCAGGAGAATCAAGGGATTATGGAGATCGAAAGCGAAAAGGTAAATCAACTGATCTATGCGCCTATATCTGGAAGGATTGTTTGGTCTGTCGCTGAAGGAGATGTTGTTGCCGTCGGTGGAATTGTTGCTAGGATCTATGATGCTAATGAATCTGTTTCTGAAAGTACAGTCAAGGACACTCCCGTGGGGGAGACAGTAGATGCGGAGATCATTTGTTTCCCGAGGTCTACAGCTCACAATCCTCCTTCTGAGGGAAAGACATTTGTTCCTTTACGTGAGAAAATGCAAGAAGAACCGCAACGTTCGGGAGCTAAAAATGAGGTGCGTGAGCGTATGTCATCAATACGCAAAACGATTTCTCGACGTTTAGTTACAGCTCTTCATGAATCCGCAATGTTAACAACATTCAATGAGATTCATATGACCCCTCTGATGAAACTGCGGAAGGAAAAACAAGAGGCCTTTTCTGCTCGTTATAATGTGAAACTGGGTTTAATGTCCTTTTTCATAAAAGCGGTTATTGAAGCGCTGAAGGCTTATCCTCGTGTCAATGCGTATATTGATGGTGATGAGATTGTCTATCGCCAGTATTACGATATTTCTATTGCTGTGGGAACAGAACGTGGTCTTGTTGTTCCAGTGATTCGTGAGGCCGATAAGCTCTCAAGTGGTGACATTGAAATGAAGCTTGCGGATTTAGCGAGTAGAGCTCGAGATGGGTTAATTTCTCTTCCAGAGTTAGAAGGAGGAAGTTTACTATTACAAATGGTGGGGTTTACGGTTCCTTACTTTCTACACTATTATCAATCCTCCTCAAGTAGGGATATTGGGAATGCACAAAATAGAAAAACGCCCTGTAGTGATTGATAATACCATCGCCATAGCAGATATGATGTATGTTGCCTTTAGCTATGACCATCGTATTATTGACGGTAAAGAGGCAGTTGGTTTTCTGATCAAAATCAAAGATGCTATAGAACAACCAGAACAGCTTCTTGATTTTTAAAATCACAAGATCATCTAGGAAGAAGCAGAACAGCAGTGACGTTGTTCTTTTTTATAGGTGTATCTATCACGTTAGGTTCTGAATAGTAGTTGCGGTACCGAGAAGAAAAGAAAATCTCATGTTCGGTATAGGTGCACCTTTCAGAAATCGTAATTTTAGAACTTGAGATTCCCAGGTCCAGCAACTGTTTTCTCGCTATCGCACGGAAGTCCAAATGGTTTTCCTTGGGCATGAAGGCAAAAAAGCTCGGAGGAAAAAGCTCTCTATAATCGGGATAAATAGCGTAATCCGGGCCTAGAGAAGGACCGATAACAACAATTAAATCTTGCGGACGGGAGTTATATACACGTTTTAATGTAGCTACAGTTACCGCGTAGATATTTCCAACAAGTCCTCGCCATCCACAGTGAACATTCGCAACAACATGATTTTCGGGATCATAGAAAATTGCCGGTTGGCAATCAGAATGTCGGATGTGCAGAGAAAGCATGGGATCATGAGTATACAATCCGTCAGCAGGGCACCCTGAAGGGGTGGTATATGTCGCATGACGTAAACTTGTGCTATGCACTTGATGGAGATCACAAAAACGTTCAGCACCTAGAGATTTACGGATCTCATCATTTTTAGGCACATAGACGTAACCTTCTGCATCTGTTTGTTTAGGGAACAATCCATGACGTAGGGGGAGGTCAGAGAGTTCTGGGAAAGTAAGCTTAGTTAGGTGATTATCTGAGGGAGTTGATTGTGCCATAGCTAAAAATGTCTCATTCAGGATCTTTCCATACACCATGTTCTTTCAGAAGAAGCACAAGCTCGTCTTCAGCCTGTTCCATGGGGATATGCGCTTTCACGCATGTGTGTTTTACATAGAGATCGACCATGCCAGTTTTAGATCCTACAAACCCAAAATCAGCATCTGCCATTTCTCCTGGACCATTAACAATACATCCCATAACGGCGATTTTTAATCCTACAAGATGTTGTGTTCTCTCGTGAATACGTTTTGTCACTTCGGGAAGGTCAAAGAGAGTTCTTCCGCATCCAGGACATGAGATATACTCGGTTTTTACTAAACGTACGCCAGCACTTTGTAAGGTGCCGAAGGCGATTTCGCGGACTGTGCTAAGCGGAATGTTAGGAAGATCCAAAATTACAGCTTCTCCTAAACCATCGAGGAGGAGGGCTCCGAATTCTGTAGCTATAGCCACTGCTGCCTCACATTCATCATCGAGATCTTTGGAAAATACCAATTTTACAGGTTGTTGCTCACCCTGTTTCTTTTCAAAGAAATCTCTTGTACTGTGAATAAACGGAGGTGAAGCGTGAAAATGCACAAAAGGCGAACTTAACACTTCCTCCTGATTCCAAATCTCGTGGTTGTAATCATAGAGGCAAGGGACTTCGTGATGATGGAAAACA
CP158103.1_gap23	1166123	1166623	500	TGCCTTTTCTTATCGCTATGTTTGATTTATTAAAATCCTCATTCCTTCTTCGTGGCGCCTCTTTCATTCCAGGATGGATTGATAATTTAACAGCTCCGGATGTTTTGTTCTCTTGGACGACACCAGTTTGGTTTATTGGCAACGAATTTCATCTTCTTCCCATCTTGTTGGGGGTTGTCATGTTCATCCAGCAAAAGCTTTCAGCTTTGCAGAAAAAAGGACCTGTTACAGATCAACAAAGACAACAGGAAGCAATGGGGACTATGATGGCTCTTTTGTTTACCTTTATGTTTTATAATTTCCCTTCAGGTCTAAATATTTATTGGTTTTCCTCTATGCTTCTTGGGTTGATCCAGCAGTGGGTGACTAATAAGATTTTGGACAGGCAGCATCTGAAAAATGAAATCACTGTTAATAAGAAAAAGCAAAGGTAACAACTGAAAAAAAAGCTTTTTTATACTAAAAAAGATATAAGAAAACTATTTAGATGAGATAGTTTT
