gap_id	start	end	length	sequence
CP151801.1_gap1	30242	34367	4125	GCAAAGTGTGATGCAAGACAGCAATTAACGCTGGAAAATTTTACTAACCTTTGCAATGAATTAAATAAAATTTAACCTGAAAATATAAAAAAATAGAAAAAATTAAAAAATTATTATTATTTTGTAACCACTGGATATTGGATTGCGAATAAATAATGTAGACTAAATAATTTTGTTTTAAATACTCCTCGGCAACCAAAGTTCCTTAAATATTTGGTTGCCGCTTTTTTTGTGTTAGATAAGCAGCGACCTAGAAATGTTCTTTAAACGTGGCAATCAAGAGTATTACCCCAGCAATAAAAATACTGGCGAAATAAAAAATACAAACAGCAAATTACTTTTATCAATGACTGCTTCATATGGATTAGTATAAAGTTTTGTTTACTAATTATTTATGCTTTACAGCTTAATACAATTTACTAATTATTTTCATCAAAATTAGCTTTTAATTTTCGTGGTGTGATGTAGTTTTGGATTTCAGAATGATTTTTGTAGCCTGACATTAGCTATTTTACGCACTGATTTACCAGCTTTGAGTAATAATTCTATCATGGCGGTGGTGATTAAACTTTTAAAGACTGAACGTTTCTCTATTATTTACTGAGCAATCAACTTTTATTCCTTGCTCTTTTTATACTGTAGTGTTGATTTAGTGCGCTGGACGATGTAACGTTTTTTAACTTCTGCTATCATCGTTAAATTTGTTAACAAAATAAAACCACAATGCGTTATTATTCATAATTGAACTCAATATTATGATGCGTGAAAATCAAATGCATTTCGTTTAAATTCATATCTTGAATGAAACCTATAACTTCGACCAGTGAGCTACATATATACAATCTACGATTCTTAATAATTGTTATTTGTCGTTCATCACTGCTTTTACTTGATGAATAAACCTCATCAAAACTTCATCAATCGCCATTATTTTATCATGAGCATATTGCTTTAATTTATTAATTTGCGATTGTAAGTTTTGATTCTCAGCATTCACTCTAGTGTAGATGAAATTCGCCATCGAACTTTCTTTGATATTGTTCATTTTATATCACTGTATAATTAAATTAATATAAACCATACAATATTAAACAAGAAAAGTATATTTAATTTGAAAAATATTAATAGACAGAATGTCGTATTTAAACGTCAGTTATTTTGAACAATATTTCATATAGGTAAAAAAAAAAGAGTGCCAAAAAAATATAACAAAAGGAATGGCATTTTTTTATTAAGTTTAAACAGAGGTTTTATTAAAATAATCGCCTAAAAATTGTGGTTTAGCAATCACATTTTCTAAATCAAAATAATAAAATATTATACTATTATATTTGAAACGTTATTTAGATAGAGGTATAGTTACACTATGTCAAAGAGAAATTTATTATTTGAGAGGTAGCAGTAGAATGAAGTATGAAATTAATTAGTATTTATTAAGTTATTATTTAAACAAAGTAATTTAGTTATGTGGCAATTTAAAAAGATTTTTTTATGTTTTAGTACATTACTTATTTTAACGATTACAGCTTTTGCTGAAGAACCACCGTCACCTAATCAGGATGCATGTGAACATAAAGATTGCACAAATAAAAAGAGTTGTTCTATTACTTTAAATGTTAAAGAAAAAGATTTATGTTATGGAGAAAACCCAGATATCCAAGTTGTAAAAAATGAAGGGAAAGGTCTAACTAATACGTGTGATATATGTAAAAAAAGTTGGATAGATTGTGAAATCCATACTTTATCTCATAAAAGTGGAAGTCCTGAAATTTTAGGACCAAATGACAGTACAAGTTATAGTATTCCTGGGACTTATGATGTTACATATAAATATTTCTGTTCAGAGTGTAACGATGTAACAGAGTCAACTTCGATTATAATTCATGATCCATTAGACTTTAGAATTAGATGTGATAATGCTCCTATACCAAATATGTTTGGCTATAAAGCAAATTTTTCTGCATTAATAAAATCTTCTTGTAGAGGTAAAAGTTTTTCATATGATTGGAATGTTCCTCTTTCTGGTTCTTCGCCAACAATAAAACATGTAACTACCCCTACTATATCTTTTCAGCCATTATATAGTCCTGTTGCTGTCGAATTAACACTTAAAGAAACTCATGGCACTAAGATTCATACTAAAAATGCGACGGATTTTTTTTCGACATATATCCCCACATATGAACTAGAGCCTATTAAAACATATGATAGTCCCATAATTATGATTGGTTCTAAACAACCGGTGTTTTCTTTGAATGGACAACCATCAGGACGTGCATCCGTAGAACGATCATATAGAGCAACTTATGGAATAAAAGTTAGTACCCCCGATAATCTAATTATTAATATAGAATATGAAGAAAATCATGAATTTGGTCTTACACAAAAACAAGTGATTGAGTGGAATGATGATTGCGTAAGGGCAGATAAGAATAAAAATGGTAGTGTTTATGTTCAAGCATACATAGTAATTGAATATAAAGATTATGAGTTAGTTAGGTATGTCAATGGAATAAGGCATGGAGTCGTATCAACTCACCCTGAAGTAAGATTTGATGGAACTCTTGATTTTAAATTTACTGATAGATAAAATATAAATATTACAAAAGGAATGGTTATGTTAAAAAAAATTAAATTGATGATATTAATATTAATATCATGTTGGAATTTTCAAGGAATTGCATTGGAACTGAGTAAAAATGAAGTAACTAATCACCGTAAAAATTTTTTCAATACTTGTTCATTTTATTATAAAGTAGATGTTAAAAAATTTGATGAAATGCTGATAAATATAGAAAAGAAGGATGGTTCTAAGATTTACCAATATTTACCTTTTTTTATATTCGAGTGTGATGATAATAATAAGCTGAAAAAATTAAAAAATATTTTAGAAACACCTAAAGATTTGTCAACCAAGGAAAGATGTTTAAAAAAGTATTCTTTAGCTTTGATAGCATGTAGGTTAAAAAAATTTAAAGAATCAGAGTCACTATTTAGAGAAGTATGTGAATTAATAAATAATTTTTCTAATTTAAATGAAAAGAATCATTTAAAATATATTTTAGATTCAACAAAAATTACAATGGGATTTTTTAACAATGGATTTTTTAAAATAAAAGAATGGGAATTGAAAAATAATATTTTTCAAAATATTAATTATTCAAAATATACTGGGCAGTTGAATATTAGTTTTAAAAATGATTTAAATGCAAAAGTTGAAATTTTAAAAGTCAGCACTTTTCCCAAGTTTTTCTTTTATATTGAAGATAAAAAATATAAAAAAGTTAATAAGGCTGTACTCAAAAATTTATATCCATCTTTATATAGAGTTTTAATTGAGTATAAAGTAAATGATAAGAGAAAATTTTTTGAAAAAGAAATTAAAATACTCAAAAAACAACCAACCAACTTAGTTATTTCATTAAATGATTTTTTATTATTTTTTCCAGAAAAAGTTGAAGTAAACAAAAATACCATATTATCATGGAAAAATTTATATGATGATAAAAACTTAAAATTAACTATCTATATAGGTTACTACAAAAATAAAAATAGTGAAAAAATGCATCTAGTAGAAGTAAAAAATAATATTCCAAGTATACAACAAAAATTTTTAATTGATAAATGGTACTTTAAGTCGCTCCCAAAAGATTATTATAAGGGAATTTTATATGTTAAGGTTGAAAATAGTAAAAAAGAAATCATAAAATATAAATATATTTATTTTGACGCTATAAAATAAATAGTTAATTTTTTTTAATAAAAGCCATACAGATTCTGCTAATACACTAATAAATATAACTCCAGTTGTTTACTATGAATTAGTGGCAGTAACAGAATTGTATAACGGAGATAAACATCTTTTAAAGAAAGAAGGGAAAATAACAAAACCAGTTGATGGAGGATTAGGACAGACTTATACATACCTAGAAAGTTATATAGCCACAAAATCAATAAAAGTGAGTACCCCTGATGGTAGCATTATTGATTTAGAATATGAAGAAAATCATCAATTTGGCTCTGGTGTTTCAACGTCAAAAGGGTGGGATGTAGAGACTAAAGGAGCTGATTTGAATGGTGATGGTGTAGTTTGGGCAATGGCATCTGTGATAGATAGAGTTAAAG
CP151801.1_gap2	37998	39801	1803	GACAGTAGGTTCACCGCCTTGCCAGCACATTTGATAAATTGGCATATTAATATTTAAATATGCACTAATCATCCGTTTTAAAGTTTCATCAGTCATGCGGTTTTCTTCTGGGAAATATTTCTCTTTCTGTAAATAAAAACAGTAACGGCATGCCAAATTACATTCAAATGATGCCGGTTTTATCAATAATGAAAATGTGTTATCCATTGTAATCAATTCCTTTTTAAACATATTTAAAATCAGACTCGTTTTAAAATAACAGTTTGACTCTATTTTTGCAATATTTTTCACAATTATAAGTAACGTTTTTCTTTTAAAATTTAGTTTTCAATTTTTGTAAAAATTAGGCAGAAAATATATGATTAGTAAAATTTTGTAAAAAAACGCTAATTTTTGCAAAAAAGTTTTAAAAAATATTGAATTTTGGTCGAAAATGGTTTATAATGGTATATTATGGTATAAAAAGGTGCAAATAAACATGTTATCATTTTGTGGACAAGACAAATGCAAGCTTGATAAAAACGGTCGAATTAAGTTTTCGCCACGAATTATCAGCGATTTTAAGGACGCGTGTAGTGGGAATGTGGTGCTACATTGCTTGCCTGAAGGTGCAGTGGCGGTTTATCCAGAAGATGTTTATTTACAAATGCGTCGTCAAGAGTCAAGAATTGCAGAACAAGCTGCAAGCAGTGCACTGTTCAGAAGAAATATGCGTCGATTTGGAGCTTTTAGTCAATCAGAAGTAATTTCATCTCAGGGGAGAATTACAATTCCAGCTGCTTATCGTGATCATGGTCAGTTAAGTACTGATAGTGATGTGGTTATCATTGGAGTTGAAATTGGTATTGAGATTTGGAATTTAGAACGTTGGCAACAAGAAGTTTTAAAAATTGATGAATATAATAGTCTGAAAAGTGAACAAGAAATTGCATTAGATTTACGTAATTAATAATTTAAAAAAGTTAATAGAAGTACCATAAACCAATCAAAAAGAGGTATGAAATATAGTTTTATCGAAATCATAATTGTAGTTTGGGAAAATGTTTTAAGGAGATTTTAAAAATGGCTATAATGTTTATAGTTGGCAAAAATAACAAAATTTTGACAGTCATCTTTGTTTTATTAACAATGATGTTCTTGGTTGGTGCGACGCAAATTGCTAACAGAACTGCTAATAAAAATATTGTTAGCAAAAACAGTTTGGAATCGTTGAAAAGCTGTGCTCTAACATTTGTGGATGAAGCTTCATTAAATACTAAAAGTTCATGGCAAAAAAATATTGAGAAAAATCCAGAATTATTTATAAAAATCAATAGTGCAGAGTTTGTAGTTTTAAATGAAAAAAAGTAATCTAAGGTTGATAGTCCATGGAAAACAATTTAGGAAAAAGAATATTTTATCTTAAAATTATTTTTCTTTTACTACTATTAATTGTTTTATATACCCACTTTAGATATGCTTTTCTTGAACGTAATAAATTGTTACAACTTGGTAATAAACTCGCATGGCGTGAAGGAATATTATATCAGCCAAGAGGAAAAATTTATGATTCAGATATGAATATTTTGGCTTGGACAGAACGTTATTATGATTTAGTCATTAAGCAAGATTTTTGCGAAAAGCAAAATATTGATAAGATTAATAAAGTTTTGAATTTAATTAGAAAAAGTCTCGTTCCTGAAATTCCACATAAAAAATTTATAATAGAAGATTTACAAGAAGATAATGTGGTTGTCTATGGTATAAAACCTGAGATAGATTTAAAGAAATTAAATGAAATTATTGACAATTTTGAATTTTTTG
CP151801.1_gap3	40858	41495	637	GGAGCTAGTTGGGGCAATGCTATCTGGGCAAATAATTTTTTACCTTTAGCGCATAGTGATTCTGCATATGCCTCTATTTCAGAAGCATGTGGATTCACAGGAATGTTCATTGTATGTCTAAGTTTAGCTAGTTTAAGTTACTGTGGTTTTTATTTGGCTGAATATACTCAAAATTTGGTGGCTCGTCGTTTCATTTTAGGAGCTACTATTATTTTTAGTACGCAAACATTACTTCATATGGCTGTGAATTTAACAATTTTTCCGACGACTGGGATCACATTACCAATTCTTAGTTACGGAGGTAGTTCAATGATTGCAACAATGTTGTTATTTGGGATAATGATTAGTGCCGCAAAATGTGAGAATACGGCCAATAACAACAATTTAAAATAAGCTTTTAATACAAATTAAATATACTTCCTTAAATTGAAACACTTCTAGGCAATGAAAATGCTTAGAAGTGTTTTATTTTTTTGTCAGCTAAACTACTAAAATCCAAACAAATCATCTTGATTTAAACTATCTAAAGACTGCATTTGCTCTCTTTCTTCTTGAATTGGCTCAGCAATTTCATCTTTTGGTTCATTAAATAAATCATCATTTGAAATATAATTGGCAGTTTCAATGGTTTTATCGA
CP151801.1_gap4	45673	46645	972	CAATTGCAACCGTTGAAAAATGCTTAAAGCAATATGCCAAAAATTCTATTTATGTTTACCATGATATTGTTCATAATACTCATGTGGTAAATGATTTTAAAAATAGGGGAGTGAAATTTGTTGAAGATATTAATTTAATTCCCAAAAATTCAGTAGTAATTTTTAGTGCCCACGGAGTTGAAAAAAGGGTCGAAAAAGAAGCTAAACAACGTCATTTAAAAGTTGTGGATGCAACGTGTCCACTGGTTACGAAAATTCATCGTAAAGCTGAAAAATTTACCGAGGAAAACTGTGCAATTATTTTAATTGGGCACCGTAATCATGTTGAAGTTATCGGCACATTAGGGCAATTGTCTGAAGCTCAACAAAAAAATGTTTTTATCATTGAGAGTGTTACAGATGCTAAAAATTTTGATCAAAAAAAATTGGAGAAATGTACTAAAATTCAGTGTTTGAGCCAAACAACTTTTAGTGTTGATCAAATTAATCAAATCCTTGAAATTTTGCAGGATAAAATCCCCAGCTTAAGGACAAATAATGATATATGCTATGCGACGACTAATCGTCAAGAAGCAGTAAAATATTTAGCAAAAAAATGTGAATTGGTATTAGTAGTAGGATCGAAACATAGTTCTAATTCTCAACGATTGAAGGAGTTGGCTACTGAATATGGTGCACAAAGTTTACTAATAGATGATTTTAAATTGTTACAAAAAGATTATACCAATATTTTACAAAATCTTGAAAGTTATGAAAATATCGGCATTACAGCTGGAGCGTCTGCCCCTGAATTTTTAGTAAATGATTTGGTCGATAATTTGCGCAAAATTTTAAATGATTCAGTTAATGTTCAGCAACTTGAATGTGACGGCGAACGTCCCGATTTTACATTACCGTCAGGACTTTAATGCTTTCGTAAACATAGTAATTGATGTCAAAAAAAATAATAATAATGGCATCATCACAATTATT
CP151801.1_gap5	107144	109821	2677	CAAAAGCACTTAAAAGTATAAAATTAAAAGAAATAACTTTGAGTTGATACTTAAGGTTTTTATTATTTTTTACAATCGATTTTACAGCAAATCCTATAATAAACAAACTTAAAGCAATGTATATACTCTGGTGAAAAAGCCATGCAGTGTATTCATCTGCTTTAGATTCAGTTGCTCCCAAGTAAATACATAATAGTGGTGTGACGCTAAAAAATATAGGTATCAAAACAATGTAAAGTGAACGGAAGGCTTGATTTTTTGATTGTCTAAAGTTAAAAGTTAAAAATCCGTTATTAAAATTTCTAGTAAGTGGAGAAACCCAGATTAAAGCTTGTGCACTAAGCATCCAAACTATGCTTTTTGCATCTATTCCCATGATACCTGATAGTGTCGCATCACGTGAATAACACAAGTTTGGCATTATCAGTGTATAAATTAACATAGCCAAAATATAAATGCCGCAAGAAAAAACTATATTTAAATAACATATTAGTAAAATTTGTCCAAAAGAAATTTTATTTTTTGTAGCCATATTATGTCTCCATTAACTAATTTAAACTATCATTTAGTAGTAAATATTGCAAATTAAAAAAAAATGAAAATAGTTCTAAAAAAACTGGCTAAAATGTTAGTGCTGTGTTAAATTAATATTTTCTAAAAGTTAATTAAATTATAGGGTAATAAGAGATGAATATAAAAGAAGTTTTAAAGAGCAATAAATATAATATAATGTTACTTTTTTTAGCATTTAATTATTGGTTGGCATATATAAACATGCTACCAAAATCAAAGGCTATAGCAGGTTTTTGTGATGCAGGATTTATGTCACATTTAACAGTTGTAGCTCTTTTTGTTTCTCAATTTATTTTTCTTTACTTGACCTTTAAATCGGAATCTATTAAAGGTTTTTTAAAAAATATCTCAATAATTTATATCTTGCAAATTTATTTTATGCGTGAGGCTGATTTTCATACTATTGTTGTAAATGGCGATACAATGAGTATGACAAATGGTAAATTTTATACTCATGCAGATATTTCTATTGCATTAAAGTGCTTTAGTTTATTCTTATTAGGATTGCTTGCTGTAGCAATTGGTTATGTTGTATTATTTTATGGTAAAAAATTTATAAAGGCTTTTATGAATAATGAAGCATGGACAATTGCATTTTTAATGTGGGGTGGTTTGTTATTTTTAAGTCAGTTGTGTGATCGTTGGGGTGTGATTCGCGAAACTAATTATTGGCAAATTGGAACTATAGAAGAAATGCTTGAGTTTACATCTTCAGCATTTTTTGCTTCATGTACAATTCAATATCTTTTAGCAATTAGAAAAAAATTATCAAAAAATTAACATACAGTTGTTAAAATATCTAAAAAAAGCTCAATATTAATATTGAGCTTTTTTTAGATTTGAGGACATAGTAAACTATGTTTCTCTAATTTGTAAATATCTTTCAGCATCAATCGCTGCACGACACCCCATACCCGCGGCAGTGATTGCTTGACGATAGACATGATCAGCACAGTCTCCAGCACCAAATACACCTAAGCATGAAGTGCATGAACTATGAGCATCTAAATCAATAAATCCATTTGCATCCATTGCAATTTGACCATTAAACATTTCAGTTGCTGGCACATGTCCTAAAGCTGCAAAATATCCTTTACAATTAATAGTTGAAGTTGTATTAGTTTTTAAGTCTCGAATGATTACTCCTCCAACTTCTTCTTCTCCAATAATATCTTCAACAACACAGCTCCACTTAAAATCAATTTTAGGATTATTCATTGCACGTTCTGCCATGATTTTAGAAGCTCTTAATTCGTCACGGCGGTGAATAACTGTAACTTTGCTAGCAAATTTTGTTAAGAAAGTAGCTTCTTCCATAGCAGTATCTCCGCCTCCAATTACTACCACTGGGACATCTCGATAAAATGCTCCGTCACAAGTAGCGCAAGCTGAAACACCATGATTTAGTAATCTTTTTTCAGCATCAAGACCTAAGTAACGTGGAGTTGCTCCTGTTGCAATAATAATTGATTCAGTTTCAATCTCTTGTCCACTTGCAGTTTTTAATTTATGGATATCACCTGGGTTTAACTGAGCATCAGTAATTGAGTCATTAATAATTTCAGCACCAAAACGTTGAGCTTGTTCTTGAAATTTATACATTAGTTCAAAGCCGTTAACAGACTCTGGAAATCCAGGGAAATTTTCTACGTCACTGGTTTGTGTTAAAAGTCCACCTGTTAAAATTCCAGTGTAAACTTTAGGGTTTAAATTAGCGCGAGCACAATAAATTGCAGCGGTTAATCCAGCTGATCCGCTACCAATAATTACAACTTTTTCCATTGTTGATATTCCTATATTTTAAATTAATTATTAATCTTTATACTTAAAATTCATCATTTTCATAGTCAAAATGATCAATATTATTAACAATTTCAACATCTTTGAGGTCTTTTATAATAAAATATGCCTGACCTCGCATTCTCATAAGGCGATTTTTCGCACGGTTATGCATTGTCACATAAAACAGATAAAATCCCGCACCAATAATTAAGCCATAAATTAACGGGTATAAAACAATGGCATAATGGTTTGACGAAATGACTTTTTCATCACTAGTTAAAACACTTTCTAAGGCTAATGCCGCGCCAGAAATACCTGTTAT
CP151801.1_gap6	222282	223165	883	GGCATTTTCATGAAGTATTTCAGTATAATTTTCGTTATTTTTTGCCAACCAACTGTAGAATGCTGCTAAAGGTTCTTCTAATAACGTAATATTTTTAAATTTGGCTATCTTTGCCGCTTCAATGGTCAACTCACGTGCGCCTTCATCAAAACTTGCTGGAACTGTAATGATGATTTGTTGTTTTTCAAATAAACAAAAATCGCCATGAGTATCCTTTTTCTTAGCAAATGTGTAATTCCAGCTATTTTTGATATGCTCTAAATATTTTGCGGTTGCTTTTAGTGGTGAAATTGCCCAACTTTGTTCACGACTAATCCACGGTAAAATATCTTTGGTGCGGTCAACTCCTGCGTGGCATAGCCATGATTTTGCTGAATTGACAAACCTTGCAGGTTCGCTACTGCCTTGCTTTAAGGCATACAAACCAATTGTTTCGATGTTTGAAATATTTTTATTTTCAGCCGAAGTTGAGTTTTTTTCCCACGGTAATTTTAGTGATTTACTATCAACTCGATTTGCATCAGCAGCGTAATATGTCGCTGGTAATAATTTATTTTTAGTTATTTCATTATCATTAATTAATTGATGAATTTTAAAGGATTGAATATCATAATTTTTTTCTGTATCAATGTATGACACAGCAATATTAGTTGTACCTAAATCAATACCGATGATGTAACGGCTATTTAGCAAACTGTGTGCTTTATTTGTTTCATTGCTCATTGTTTAACCCCATACCATAGCTTTATACATTATCAATAAAATCTTCGTAACTAAGTGTTCCATTAAATGATGGAATTGTTGTATCGTTGCCTTGTTCCTCTTCAACATTATTATTTGTTGAAGCACTAAATTTTTCCTTATCTCCTCTTAATTCAAATTC
CP151801.1_gap7	224630	228691	4061	AAAATATCACTTTTACGGTTAACTATATTTTGTGACAGCCATGATTTTGCACTAAAAATAACTTGTTGGGGCAGTGTCGCAGAATTTTTTGCAGCAAAAGAGCCTACTGCATATTCTATTGAGTTATCCCATGGAAGTGAAAGTTTTTCTTTATCATCACTACTTTGCGGTAAAAAAATAAATGATGGCAATGACTCCAAACTTTTATATTCATTAAACTCAGTAATTTGTGGGATTGCGAATGTTTTAATTTCTTGGTCATTATTTTTTAAATTAATATAATTAACAACAGTGTTAGTTGTTCCTAAGTCTATGCCAATTAAAAAATTATGGTCAGTTGGATTATTGTTCATAAGTAAACTCCAAATTAAGATGGTTATTGACAATTAACATCGGCAGCTTTTAATACAGAACAATCAAAAGCATTATTAATTTGTGGTAAATTAATCTCAGTAGCATGCCATCCTTGGTGCTCCAAAATTCCTTCATATGGCGCTTTATTTGGAACACTACCAGATAATTTATATAAATTTGAACTAATTTCATTTTCTGAGATTGTAATATTTGCTCCTTCATTAACATCTTTTACAATTTTTTCAATTGTCATATATTCAGTTAAAACATCAGAGCAGTTTTGGTGAATTAAACGCACTGCTGCTCCAACTTGTGTATCATCAAAATTACTCAAATCTTCCTGTAAAAAGTCAATTAAACGCCCCTCACGTTGTAACAAATGAAGCATATATAGAGCTCCATTATTAAAAAGAACATCATTGCTAGAAAAATTGTATTTAACCAAATCACTGTCATTTTTATTTTGATTTGTTTCATTTTCTGGAGTGCTTGGTAAAAGTGTTTGTACAGTATCACCTTTGCCGCCCAAAATTAAGAAAAAAGCTTTAAAAGCTGTAAATAGTTGTTTCATATTTTGTTTATTACCTTTTTATTTGAAATAAATTATTAAATGTCATAAATTTAACCTCAAAAATAGCTTAAAACAAATATTTTTCGTTAATATTAGCTATAATTATGGAAAAAGGCGATAAAAAGGCTAAATTAATATTAACTTAATTTGCAAAAGTTAAAATTTAGTTTGAAAAATTTTAGTTTCGAATTTAAAATATTTCTTAAAATTGACATTTTAATAAAAATATTAATTTATTGCAAAGTTCGCAAAAAAAAGGAAATGAAAGATAATGATAAAAAAAATGTATCATAAGGGTGCGTTGCTATCACTTACAGCAACAGCCTTGTTTTTTAGTAGTCAGATTGTTGAGGCAAACAACAGTGCATGCAAAAATATTATGGTAAGTAAAGCTACTATTAATTTACCTCAAAATAATTTGTTAATTCGTCCAAAAAATTTCATTGTTAATCCCTCAACAGGTCCTGTACATGAAGTGATGGTGACTAATTTTAATAATAAACCTTTTTCTGGAATAATTGAAATTAAGTATGATAAAGCTTGGACTTCGACTCCAAAGTTTCACAAGGTTTTTTTAAAGGCAGGTGAAACAAAGAAGATTTCTCAAGCAATTACTAAAGCAATCGATTATACGAGTAATTCATATCCAGTGCATATTGTTATGAAAAGCAGTGGTGGCAAAATTGTATATGATAAAAAATTTATAACAAGATGCTTTAGTGCTCCATATTATGAAGTAGATATTAACGGTTCACTTAAAGAATGGAGTGATGCTATTCCAGTATCATTTGTGACTAAAGGTAAAAAAACAACTCTAAGAAGTTATTGGGGTCGTGATAATTTTTATATTGCAGTTGAAGTGCAAGAAGATAAATTTCTAGGAACAAGCGACTCAAAAACTCCAGATTGTATTCAAATTTCAATGTCTGGTAGAAAAGAAACAAGTCATACTAATCAGTTTGTTGCGGTAGGCTCAAATTCAATGTGGAGTGGGGATAAAGTTTATGTTGTTAGCGAGGATGGGAAAAGACCAAAAGTAGTTGAAAATTCACAAATTGATGTGGATCGTGATGACGATAAAAAAATTACAACTTATGAAATTGCAATTCCATTTGCGGCAATTAAAGGTGTTAGACCTACTGCGGGCAGGGGATTAAATTTTTCAATTGTAGTCCAAGATCCTGATGGAACAGCTATTCGAGAATTAGCTAGTATTATGAATATGGCTACACTAAAAACACGTGCTAATAGATGGTTTTCAGGTGAAGTTGATTCATTTAGTGTTAATGCACGTGAGGCAAAGTTTAATGATCGTGTAGATTTTGGTTTTTGTTCGTCTTTACATTAAAAAAATTATTTTTATAACTACATTATTTAAAATATAGCAAAAAAGAAAAATTAAAATTATGGAGACATAAAATGAGTAAAACAATTTTAAAAAAATTATCATTAGTAACAACGTTGTCGGTGGCTGTAGCGACTGCAGCAACATTAACAGGATGTTTAACAATTACACAATCACAAGAAAATATTGCAACCGCTTTTCCAGTTAAAAATGGCACAGTAAAAGCAGTGTCAGCAACAGTGGAAAATAGCGACGCATATAAAGCTGGAAAAACTGCTGCACACCGTGTGAAAGCTCGTTTAGGCGGGACTGAGCCACATATTATTGTTGTGGTTGACTCATATGGAAAATTAGAGCAGAAAAAAGAGTTAATTGACGGAGTAGCAAGCGTTTTTAAGCGTGATAAAATTATTGGTGGAGCTGTTTATGGGGTTTATTCTCAAGATGGTGCATACGAAAATGATGGCGTCGGCATTTTAGCATTCGGCGGTGATGGTGTGCAAATTGAAACAGCATTGATCCCAAAAATGAATGCAACAAATTTATCAATGGAGAAAGATTTAGCAAAATTAACTCAAGCTCTAGGTAATGCTGGTAGTACTTTGGCTAAAAAATTACCAAACGCAAAAAGTGCAGATTTCATGTTTATTATGGCTGATGCACATTCACCAAAAAATCAATTATTTTTAGATGGTATTCAAAAAGTTGTTGGTGACAGATTGCCAATTACTGGTGGCTCAAATAATAAAAATAATGGTTTAAACTATGTTTATTATCGTGGTGGATTTTACCAAGATGCAGCGTGGGGTATGACTGTAAAAGGTAATGATTTTGTTGTAAAACAAACTGGGTTACAAGCTAAAACCAATGATGATGTTATTGCTACAGCAAAGAAGGGAGCAAAACGTGTGTCTAAAGAGTTAGCAAGTGCGAAAGCAAAACCGTTTTTGTTATCTGCAGTTGATTGTGCTGGTCGTATGGGTAAATTAGATGACTTAAACGATGAATTAACAGCAATTAAAAAGGCTGTTGGTACAGAACTTACAATTTTTGGTAATTATTGTGCAGGGGAGTACGGTGTTGCTGAAGATAAAGGTAAAAAAACTGCTAAAAGTGTTGGTAGAGGCTGGCATGTAATGTTTTCAATTTTAGGTCAGAAATAATTTAAATCTGATTTTGTTAAAAGTAATAAAAGGCACTGCAAAAATTGTGGTGCTTTTTTTTATTTGCATTTTTTGCAAATATTGGTTATAATTAGAGAAGGAGTTAATAATTTAAAAAATAATTAGCACATGGATAATTACGCAAGAAGAGATGGAAATGAATTGTTTAAAAAATAAAACTAATTGCCGTGAGGCTATTTTATTGGTTGCTTTTGGCTCAACAGTCAATAGTAGCGCTCATCTTGCTTATGACAATATTGAAAAACAAATTACTTACGCATATCCAGATGCAAAAATTTATTGGGCGTACAGCTCAAGGTTTATGCTTAAGCACTTTGCTAAAAAAAATATTAAAAAATTTGATATTGAGCAAGCTTTAGAGCAAATTATTGCCGATGATATTACAAAATTAACTGTACAAAGTGTTTATTTTAATATTGGCAAAGAGCATATAAAATTATGTGAAAAGTTGCAAAACTTAATTGAAGAAAAACAATATAATTTGACAGAGATAAAACTTGGACTTCCATTATTAATAAATGACCAAGATGTTGGTGAATTTGTTGCAAATATTTTAGCAGATGTTCCTATTCAAACTGATAGAGAGGAAGCTATTGTATTTATAATG
CP151801.1_gap8	232651	236788	4137	TAATTTTTTGATTTACTGTTTGAAACGTATAACGACACAAAACCACCTGGTTTTAAAATTAAGTCGTTATTTTTGATTTTTGTCCAAATTTTAATTGTATTAGTATATTTATCTACTTTGTTATCAATAAAGTCTGGGATTGCTTCAAATTGGTATTTATTACCATCTGCCAAAAGAACAGAGATTTTTGCGTGTTTTTTGAATTCTTTATCACTACCAAACATATTCAAAAATTCAGTTTCGCTAATTGAAAAACTAATCCTAATAGGGTCTAGCTGTACAATATAAGCTAAGCTTGGGCTACTAGTATTTACAATATTACCTGTGGATATATTGATTTTACCAATCATACCTGTAATTGGGGCATAAATTTTAGTATAGCTTAATAAGTTATCTTTTTCTTGAAGAGTCGCTTCAGCTAGGGCTAAATTAGCAGCAGCTTCACGTAATTGTGCTACAGCAACCTCTTTTTTTAACTGTGCATCCTCAAGTAATTGCATTGAAACTACATTCTTTTCCTGTAATTTCTTTTGACGCTTAAGGTCTTTTTGGGCAAAAATAACATTTGTTTCATTTTGAATAATTTTTGCCTGAGCCATTTCTACTTGAGCTTTCGCTGCTTCTACTTGAGCTTTATATTTAATATCTTCAATTTGGAACAATAGATCATTTTTTTTAACAAATTCACCTTCTGTAAATTTGATATCTAAAATTTCACCTTCAACACGAGCTTGCAATTGAACTTCTTCGATGGCTTCAACTCTACCAATATATTTATTTTCTTGAAAATATTTGGCTTTTTGAATTTTTTCAATTTTTACAATTGCTGGAGGCATTTCAAACGCTTTAACGTTGAGAGCTGTAAAACTAACGATTGCCATACAGAAGATGAAAGCAGTTAATTTTAAGTATTTTTTACTTTTGATCATTGTCATTATTCCTATTTTCCTGACTTTGTTTAATCTTTTGCTGAATTTTACTTAAGCTTGCAAGAAATATTTCTTTTTCGTTTTCAGCAAGCTCTGCAAGCAATTTATTAAAAGTTTTAGAAAAACTTTCTTCACTTATTTTGCATTTTTTTGAAGTTTCTTTTTCCAATTTGATGCAAATAGAGCGTCTATCAACCGTAGAACGTTCTCGTGTTAAAAATTTTTGTTTAACTAAGTTATCAACTAATTCAGAAACAGTAGCAGGAGATAAATCTAATCTCTTTGCCAGTAATTTTAGGCTAATTCCATCAGGATATTCACTTTCTAAGCGTCTAACTAAAACTAAGGCATCTTTTTGTTTTAGTGTTAATCCTTCAAATTTTCTTTTATCTGAACTAGAAAATAATCCATCGCTTTCACTTCTTAAATGACTTGCAATATCATAAATTGTTATCCAATCATAATCCATTAATATTATATCTCCTTCAGTTTAAAACAATAGTTCGGCTTTACTAAATATATTGTGTTCCTAACTAATTTCAATATAAAAATACAAAATTATAGAAATTATTGGAGAAAATTGTAATTATAAAAAAAAAGTATGCTAGTTACATTTTTTAATAATAATTGCAAATTTTTCAAAAAATTAATAAATAAAGTTCCTTGATATACTAATATTAGTTATATTATAGTATGAATATAATATTTTTGTAAAAATTTGGACCACTTTTAAAAGAATATTGTGAGATGAAAATTATGGTCGAGTTTATAAAGAAAAATAGTAAAATTGAAAAAATAATAATCCCTCGTAATGGTTATATTCCAAACAATGAAATTTATCCAGTAATTATTTATCGAAAAATTTTTGCTGGATCATCTCTGCGTTTGGCAAAATTTATTGAAAAAACAATTACAGGAAATAAATGGCCAAATATGTGGCGCAGTTGTATATATAGTTTTCATCACTATCATAGCAAAACTTTTGAGTTTGTTGGATGTTATAGTGGTAGTGCTAAACTTCAACTGGGAGGTGAGGGAGGGCTTATCGCTGAAGTTAATATTGGTGATGCGGTTGTGATTCCACCTGGGGTTGCTCATAAACAAATTTCAAGTATGGACAATTTTATGCTTGTAGGCGGTTATCCATATGGTGATTATCCAGACATGATGTATTGTAAAAAGAATGAATATGAAACAGCGCTTAAAAATATAGCTAAGGCATTTGTTGCCAATCATGATCCAGTTTTAGGTGAAAAATTTAGAGAGTTATTGAGTAAAAAGGATGCAAAATTTTATAAGTTTGAAAATAACAAAAGAGAAGATTAATGTATAGACTAGGATTTTAAAGAAGAAAAAATAAAATTTCGAACCACAACAGCGACCTATTGTTTAAAATTAAGCGATAATGAGCTTATAGAAAAGCTTGATGGTTTGGTAGTTAATAATAGCCAGTCATTGGTAACTGCACTTGAGTATTGTGCAGCTAATAATATTGGTGCATTTAGAATTTTGTCACAAATTTTACCTCTTTACACTCATCCAGAAGTTGGTTATGAATTAAAAGATTTGCCAAGTTATGAATTAATTTTAAGTAATTTTGCAGCTGCTAAACAGTTTGCAATTGATAAAAATATTCGTCTAAGTTTTCATCCTGACCAATTTGTAGTGCTATCTTCGCCAAAAGAGCAGGTGGTCGTATCATCTCTTAAGGAACTTGAATATCATGCTGTAGTTGCTAATTTGGTTGGTGCTGATATGATAAATATTCATGCTGGTGGAGTTTATGGTGATAAAAAAAGTGCCCTAGAACGCTTTGTGGAAAATTTCAAACGCTTAAAGCCTTTAACACAAAAACTCATGACTGTTGAAAATGATGATAAATCATATACTCCTAGTGATTTAATAAAAATTTGTGAAAAATTAAATATTTTAATGGTTTATGATGTACATCATCATCGTTGTAATCTAGATAATTTATCGGAAAAAGAAGCGACTTCAGTTGCTTGTGATTTAGCAACAAAAGTTAATAAACAACCGCATTTTCATATTTCAAGCCCACTTGAACCATGGGGAAAGGTTTGTGGTCTTCATCGCAATCACGCAGATTTTATTGATATTAATGATTTTCCAAAAATTTGGAAAAATTTATCAGTTGACTATACCGTTGATATTGAAGCTAAAGCTAAAGAATTAGCAGTTAAAAAACTTTATAGCCAGCTTTCTTGTTAAGCTATGAAATATTAATGATTGTGATTTAAAATTATTAGATTACAAAAATATCATTAAGTAATTTTCATTTAGACATTTTTTCAATGGTGTTAGTAGTAGAGAATCCATCAACAAAATTGATGAATTTGATGTCTGCTCCAACAGCAAAAAGTGCTTGTCGCTCTTCACTATTAAGCGTTTCAACAGTGTAATCTCCACCTTTTACATAAATATCTGGACGAATAGCTTTGATTTCTGTAGTACAACGTTCTCCTGAAAAAATCACCACCGCATCGATACATGCAAGAGCTGCAACAACATAAGCTCGACTACGTTCGTCATTAACTGGGCGATTTGATCCTTTGATGGCACGCACGGATTCATCTGAATTAATTAATAATAGTAATTTATCACCTTTCTTGCGCGCCTCATATAAATATTTAACATGGCCTCGGTGTAATAAATCAAAACAGCCATTAGTCATTACTAATTTTTCGCGATTGTCTTGTAATTCACTGCGCCAGTTAATAGCTTCATCTAAAGTTAAAATTTTTAGTTCAGGGTCGATTAATGTTTGTTGAGTCGTTAAATTTGTCATAATTAGGTTTAATACTCTATGTGATTATTAATTTAAAATTTAGTCAATCTTTTGAGAGAGTTATAAAGTTGTTTGGTCTTCTGGGTCAAGTGGTCTGAATAATGTTTCATCAAATCTGTAATTTTCCTCAATATTAATTAAGTTATTCAAAACATTCATAACACCTTTAATTTCATTATTGGTGCAGGAAATACATGTTCTAGTTCTGACACCTAGTAAATTTGCAGCATTGAGAAAAATTAAAGTATTTAAATTTTCAAATTGATCCGATAATACATATTCATGACTGTGAATGTTGCTACCATTTTGTTCAGGACTTGCGTTAAAACTATAACCTCTGGTATCGCTAGATTGGTCGGTATATAGCTCTGCTGTAAAAAACTCTGAGTCGCCCGCATAGCC
CP151801.1_gap9	361753	363191	1438	TTGATTATGGAAGGATTTAAAGGTTCAGCAGGTAGAGCAGGGGCAAAGCCAGCTAAACATTTTGATACAATTCTTGGTCAAATTGTTAACTTTTTATCAACTCTTCAAACTGAATGGGCTGGGGCGCAAGCATTTAACTCTTTTGACACCTTTTTAGCACCATTTGTTCGTCAAGATAATCTTTCTTACGTCGAAATAAAACAGGCAATGCAACGTTTTATTTTTTCGCTTAACATCGCAAGTAGATGGGGGCAAACTCCATTTACAAACTTAACTTTTGACTGGGTTGTTCCTGAAGATTTAGCAGATCAAGCAGTAATTATTGGTGGAGTTGTTCAAGATGAGAAGTTTTATCGTGATTATCAACATGAAATGGATTTAATTAATCAAGCATTTTTGGAAATTATGTTAGATGGTGACTGTAATGGAAGAATTTTTACATTTCCAATTCCAACTTATAATATTACGGAAGATTTTAACTGGGATTCTAAAAATGCTAAGTTACTATTTAAAGTTACTGGTAAGTATGGACTTCCATATTTTCAGAATTTTGTAAAAAGCGATTTGAAGCCAAGTGATGTACGTAGTATGTGTTGTCGTTTGCAAATGGATCTGCGTCAATTACGTAACAAAACAGGCGGTCTTTTTGGAGCAGGGGAGCAAACTGGTTCAATTGGGGTTGTGACTGTCAATTTACCACGTTTAGGTTATGTATCAAAAAGTGAGAAAGAATTTTTTGCAAACTTAGATAATTTGATGAATTTAGCAAAAGATTCTCTAGAGATAAAGCGTAAAATTGTTCAACGTCACCTTGAGGCGGACCTGTTGCCTTATACTAAAATTTATCTTGGAACACTGAAGAATCATTTTAGCACTATTGGTTTGGTTGGTATGAATGAAGCTTGTTTAAATTTCTTAGGTTGTTCAATTTGTGACGATAATGGTCGAGTTTTTGCCGAAAAAGTTCTTGATTATATGAAGCATAAATTACAGGATTTTCAGGAAGATACCAATCATATTTATAACCTGGAAGCTACGCCAGCAGAGGGGACTAGTTTCAGGTTAGCAAAAATTGATAAAAAACTTTATCCAGAAATTATTACTGCTGGTGATTCTGAGCCGTATTATACGAATTCAACTCAGCTTCCTGTAGGGTATACCGATGATATTTTTGAAGCTTTAGATACTCAAGAGTCTTTACAAAAACGTTATACTGGTGGGACTGTTTTTCATGGATTCTTAGGTGAAAGAATTAGCGATGAAAAGCAGGTTGCTATATTAGTAAAAAGAGTTGCTGAAAATTATCAAATTCCCTATTTTACAATTACGCCAACTTTTTCAATTTGTCCTGTACATGGTTACATTGCAGGTTCTCATAGTTTGTGCCCTCATTAAATTCAATAAAAAAATTAGGAGATTTTAAAATGTCAAAATGTCA
CP151801.1_gap10	365110	368998	3888	TTTCACTTGAAAAGCAATATTTAAAAAATTACTATTCAGTTCCAGTAGAAGCTGTAATAGAAAAGAAAAATGGATGCAGTGGAGTTTGGCTTGTTAACAAAGATATGACATTAACTTTCAAAAAAGTTGAAGTTGGAATGATAGAGGGAGGAAAAATTCTTGTGAAAGGAGTTAAAAGTGGAGATATTTTAGTTGCTTCTGGAGCAAACTATATTAATCCCAATGATAAAGTAAAAGAACTCAGTTATATGGGAAATAAAAAACTAACAAAAACTACAGGTAAATAGATTATGAATTTAGCTGAATTTTCTATAAAGAAAAAAGTTATTACAATTGTTTGCACAGTTTTTGGGTTAATTGCAGGAATTCTTTTTTATCAAAAATTACCACGCTTAGAAGATCCAGAATTTACAATTAAAGATGCTCTTATTATTACCCAATATCCTGGGGCAAGTGCTCAAGAAGTTGAAAATGAGGTGACTGAAGTTATTGAAAAAGCTTGTCAACAACTTGGGCAACTTAAAGAATTATCTTCTATTTCAATGCGTGGACAATCAATTGTTACTGCATCTATAAAAGATAAATATGACAAAAACTCATTACCGCAAGTTTGGGACGAGTTGCGCCGAAAAGTTAACGATGCTCAAGCTTTACTTCCACCAGGTGCAAGTAGAAGTTATGTTAATGATGATTATGGAGATGTTTTTGGGATTTATTATGCTATTACTGGCGATGGTTATTCTATGGCAGAGTTAAAAGAAATTGCCAAAGCCTTGCAAAAAGAACTTTTACTTGTTCAAGATGTTAAAAAGATTGAATTATATGGTGTTTTGAGTGAAGCTATTTATGTTAAAATCTATCGTGAGAAATTAGCTGCACTTGGGATTAATGTTCAAGAAATTTTTAATTTGTTAGCTCAGAAAAATATTATTGCTGATGCAGGTCGCGTAAAAGTTGGTTCAGAATATATCGCAATTACTCCAACAGGGGCTGTTACAACAGTTGAAGAGTTAGGCGAATTATTAATAAGTAACAATACTAGTCAACTGATACGCCTCAAAGATATTGCTAAAATTGAACGAAGTTATATAGACCCAGCTACAAATAAGTTGCTTTTTAATGGAAAAAACTCAGTTGGAATGGCAATATCAACTGTTCTTGGAGGAAATGTTTCAGTCATGGGAGATGCCTTGAAAAAGCGTCTTAAGGAATTAGCTCCGATAATACCTACTGGTGTCAAGCTTAATATTATTTCAATGCAATCAGATAGTGTTGAAAAAGCTGTTAGTGGTTTTGTTGTAAATTTAATAGAGGCAATTGCTATTGTGATAATTGTTTTACTAATTTTTATGGGGCTCAAAAGCGGTTTATTAATAGGATTTGTGTTATTGTTAACTATTTCATTTTCCTTTATTATAATGGGAGTTTACTCAATAACATTAGAACGAATTTCGTTGGGAGCATTAATTATTGCACTAGGGATGCTTGTTGATAATGCTATTGTTGTAACAGAAGGAATGATGGTAAAAATTAAGGCAGGCGCAGATAAAATGACAACTGCAAAAGAGGTAGTCGGACAGCAATCACTTCCTTTATTGGGGGCAACTATAATAGCAATTCTGGCTTTCGCTGCTATTGGTTTATCTCAAGATTCTACAGGAGAGTTCTGTCGTTCATTATTTTATGTATTGTTAATTTCATTATCAATGAGTTGGATAACCGCTGTAACAGTTACTCCGTTATTGTGTTATTATGCATTTGATGATGATAAAAATATTAAATTACCAGTCATAACAAGAGTTTTAGGATTGTTTATTCCAAATAAAAAACGACAATCATATTATGAGAATAAATTAAAAAAAATTGCTCTTAAAATTGAAAAACAACAACAGAAAACTCAAGGCATGGCTCCATATAGTACTGGCTTTTTTAAATATTATCGTAAATACCTAGCTTTAGCTATAAAATGGCGTTATTTAACCCTCTTAACAATGGTTATTTTATTATTTTTTAGCATTCAGGGTTTTAGTAAAATTGAAAATAATTTTTTCCCAAATTCAACACGACCTCAGTTTATGATTGACATATGGTTTTCTGAAGGAACTCACATTAATAGTACAACTCAGCAAGCAAAAGAAATTGCTAAAGAAGTAAAAAAATATCCACAGGTTACTGATATTACTTCTTTTGTTGGTGCTGGAGGGAAGCGCTTTATTTTAACATATGCGCCAGAGAAGCCAAATACAGCATATGCACAATTGTTGGTTTCAGTGAACGATTGGCGTGAAATTGATTCTTTAATGTTAAAGTTACAAAAGGAATTGAGTAGTAAATTTAGCAATGCTAATATTTTAGTTAAAAAATTTATCTTAGGACCAGGAGATGGTGGAAAAATTCAGGCTAGGTTCAGTGGTCCTAATTATGATATTTTACGTGATTTAGCAGAGCAAACAATGGCAGTAATGCGTGCTGACGACCAAGCTGTTGGAATAAGAAGCGATTGGCGGCAGTTAGTAAAAATTATCAAACCAGTCATGTCTGACATGCAAGCAAGAAGAGTAGGAATAACATATCATGATGTTTGTAAAGCTATAAAAGAGGCTTTTCAAGGTATTGAAATTGGAATTTTTAGAGATAATGATGAAATAATTAAAATTTATGCTCGCTCAAATAATAGTTTTAATAGTAATGTTAAGAATATTTCCAATATTGATATTTGGAGTCCAATTGCTCAGAAGTATATTCCTTTACGGCAAGTTGTTGAAAAATTTGAAACAGTGTGGGAAAATCCTATCATTTGGCGCCGAGATAGAGTTCCGACAATTACAATTCATTGTGATAGAAGTGATGGAGTACCAAGTATACTTTGGGAACGTTTAGCGCCAAAAATTGCCGCAATAAACTTGCCAGAAGGATACAAGCTAGAGTGGGGTGGAGAAAAAGAAAATTCAGCTGATGCACAAGTTGGTTTAGCAGCTAAAATTCCAGTATTTATCATTATGATGATATTAATAGTAATATTTTTATTTAATTCAATTAAAAAACCGTTAATTATTTGGTTAACTGTTCCGTTAGCTATTATTGGTGTGACTGTAGGATTGTTAGTCTTTAATCAGCCGTTTGGTTTTATGTCGTTACTAGGTTTCTTAAGTTTATCTGGGATGTTAATTAAAAATGCTATTGTTTTAATAGATGAAATTACAATTCAGTTAACTAATGGCATAGAACCATATCGAGCAATTATGGATTCTTCAGCGAGTAGAGTTCGCCCTGTTTCTATGGCTGCTGCGACAACAGTTTTAGGGATGATTCCTCTCTTAACTGATGCGTTTTTTGTTTCAATGGCAGTAACAATTATGTTTGGTTTGACATTTGCTTGTATATTAACCTTATTAGTTGTGCCAGTTATGTATGCTACTTTTTACGGAATTAAAAAAATAGCTTAAAATTTTTTAAAGTTTTATATCTAAAAAAAAATAGAAATGGCTACTACTGATAATAGTACAAATTATTTTTGTGATTCATATTGCTAGTTCGTAAAAATATAAATAATCAATTTTTTTTTATTTTTTATATGGAAATTTATTGAAAATACATTATTCTATATATAGATATAATTTTGTTAGATAGAAAAAGGTGAGGTTATGAAAATTTTAAAAATTAGAACGATCGTAGGTTTGATGGCAACTATCCCATTAGCAATGAAAGCTAATAGTGATAAAATAATTTGGAATTTTACAAACAATAATATGCACCATTGGCAAAAGGTTAGTGGTACAGGAACATTGCGTGGAACAACCAAAAAAGATCATTACACTAAAACTAAACAAAAAACAATTTTGTCAACACTATATGTTGGGCGGCGTACCCCTAATCATGTGATCACTA
CP151801.1_gap11	371214	376062	4848	TATCAGCACCATTGGAGCGGGGCCTGCTGAATTGTTAAATGCTTATACTTGGGGTTCTACACAGAGTAAAATAGTTCAATTAATTGATGCTAAGCATAAAGGAGTTAAATTATCGCAACTCGAAAAAAATGTTATCAATGAATGGATTGATATGAATGCGACTTATTATCCAACTTATTATTTTACAAATGGTTATAGTGGGAATTTGGGAGGTCGTTGTCCTTTAAATTCTAAAGAACTTAATCGCTTAAGTAGATTGTCAAAAGTTCCTTTTGTATCGTTACAAAGTAAGATTAAAAGCTTGAATTTAGGTTTAGGACCACAAATTTCATTTACTCGTCCAGAAATTAGTCCAATTTTGAAGAGGTTTGAAAAGGATTCTCCTGAATATAAAGAAGCGCTAGCAATTATAACTTTGGGTAGTAATAGACTAAAAGCAAATCCACGTGCTGATATGAATAATTTTAAGATGGGCAAACGTTCCACTAACTTTGAAAATCGTTATCAAAAATTTAGAAAATTAGAAAAGAAAAATCGTGATGCAATTCGTGAAGGTGAAAAAAATTATGATAAATAAAGATTTTAAAGTTTGATATCATATAATTTTTAGACAATTCAGTAATTCAAATGTTTTACTGAGTTGTTTTTTAAATACTTATATTGATATTTAACAGTTTGAGTGGTTCCATCATCATATAAAACATTTATTGTTTTATTGGGGGTGATTCGTATGGCTATCAATTATTAGTATATTTTTATTTTGATTGATTCTATTGAGAATTAAAATATCCTTGAAATATTGAGGTGCAGTGGGATAGTAGATGTAATGAATCATTCTTTTTACGATTTGCTTTGTTTAATATTGTTGCAGTGCATTTTTTATTATACTCATTCATAATAAATTCTTCATAATTTACCACTTCTGCAAAACTAGTTGGAGTTTTATTTATATTATTGTTTATAAACTTGGAGGTGGGTATAAATTTGTTCTAGTGTATGATTGCAACTGCGTATTTGTATTTCATGAGTGGAAATTATAATTGCTTGTAGACCAAAAAGGACGAAAGTGATCGCAACTATTAGCCAAAAAATAAATTTTGACGTTTTAATTTTACTATTATTTGCTTTTATTTTTTATCCATTGTTTAAATGATTGTTCCTCATATTAATAATATCACTAATACTAAATACTAATTTAAATTAATATTGTAATGATTCTTTGTAAATTAAATTATATGAGCATAATAATTGCTTTTTGAAATGAAATTTTTACCTTTTTTTATATTTCTACGATTTTTCTTTTGATATTTTTAAAAATTATTTTTTTTCATCAAAGAGCTTAAATTTAATGTATTTGTTGCACTACTATATTTTTTTAGTGTGCTATACAGATTTTAATTAATTTAGTCTGTATATATATTGTCTAAAATATTTTCAATATACTTTTTTAGGTTTATTTTTTCTGACTAAAATGTTAGAAATATATCTTTAATATATACAAAACTATTTTTTGTCAAAATATTACTAATTGTAAAATAAATGCTAGTTAATTATTAATTAAGGTAATAGAATGTTTCTATAACTTTTGCGAATTAACGATGTTTTTAAGAGTGTTGATCTATATCAAAAATTAGTTTTTTAAATTAGATTAATTTTTTTGTATCTAGTTAATGAATAAAATGTTAACGTTATTTTTTATAGCATTTTTTCTATTTTTTTTTATCTTAAAAACTATTTTTTTTATTAGTTTGAAACTTTAAATAAAAAACTTATCTACTTTTACTTGAAAATTATTTATTAGGGTACTAATTGTTATAAAATAAAGTTTGAACTTTTATTTTTAGAAACTGCCTAAATAGTAATATACTAACCTAAATCTTTATTGAAGTTGAAATTATATGTAGTGTAATATTAATACCTAATGTAACAAAAATTAAGTGAAAAATTTAAAGCATCCTTATTAAACCTAAACAAAAATCGAGGAAATAATTATTATGACGTCCTATTTACAAAAATTTAGAAAGTTAGTATTTTCAGTAGTTATCGCATCTAGCTTTACTACTTTGCTTTCACAAGTAGCAAAAGCTGCAGATGGTAAAATTAGTTTTTTAACTTATAATATAGCAGCTCTTCCTTGGCCTGCATATTATGATAATGCTGCAGGCAATCCAGCCGATAGATTACAGTATATCGGTCAAAAAATTCATCCTTTTGATGTTGTTGGAGTTCAAGAGCAATTTACTGAATTTGATTTGCTTAGACAAGATATTGATCATCCATATTATACTACTGGAGAGCATCTTTATACAGGTGGAAGTGGTTTAGACTTATTTTCTAAATATCCTATGTATGGCACTTCTAGAATAGAATTTAATGATCACCCATTTTATGTAGACAAAGGTTTTACTAAAACAACCGTAGTATTATACCCTGGTGTAATTATAGATGTTTATAATACTCACACTGGTGATGATGAAGATGAAATTGAAAATCAATTAGATCAACTGAGTCAATATATTCAAAATAATAGTCCAGCAGATCGTCCAGTAGTTGTAATGGGAGATTTCAATGCAACTCTAGATGGTCGTGGTAATATGAGAACAAGATTACTTGCGCCAAACAATCTTGTTGATGCGTATGAAGAGCATTATGGTAATGCTGGGCATGATTACTGGGAAATTGATCGTATCTTATATAGAAATGGAACACACGTGACTTTTTCACTTTCACATTTTGAGAAAATGAGTTATGACCAACAACCAACAACAGACAAGCCATATCAATCTTATTTTGTTCACAATGGAGTAAATTTATCAGATCATAGAGCAGTTTTAGCTGAGCTCACTTTTACCGTAAGTGATGCTAAGAGAATGCATTCTGGATACAAGCGTTATATTTCTGATATAAAACTCGATTCTGGAATAAATGGCTGGGGACCAATTGGGCAAGACCAAACTGTCGGAGGAGATGATATCTGGGATGGGCAAAAAATGCGCATGGATCCAAAAAGTTATGATAGAGGATTAGGTGTGCACGCTCCTTCACTAGTAAAAATAAAACTCGATTCAAAATACAGTCGTTTTTATGCTGAAGTAGGGATTGATGAAGAAGTTGGAGCTCATGGTAAAGTTCGTTTTAAAGTATTTACTGATGGGACAAAAGTTTTTGATAGTGGAGCAATGGAGCCTTGGACTTCAACAAAAATTGTTGATATAGATGTTAGCAATACAAATATGTTGTCGTTAGAGGTTGAACCTGAAGGAAGCAAAGATTATGATCACGCTAACTGGGCAGATGCTTACTTAATATTAAAATAGGCATTATAGAGATAGCCTAACAAACAAATTTTTAAGGATGCTTTATTAACATATCAGTAGTTGTCACTATTGATATGTTTTTTATATTGGAAATAATTTTTTACTGTTAAATATTTAACTTGATTTTTGTAAATATAAAAATTACTGGTACGATAAATTAGCAAATTAAATTGTTGTGAAAAAAATTTAAATGTTAAAAATTTTGACTAAAATCTTATACATTTTTTTAAAATAAAAGAGGCAATATATAAATATAATTTATGCGAGTTGCATTTTTTTTTAATAGATAATCATCAAAGCTGTTATAACTAGAAAGAAAAAACCGAGAATTAGTTTTTCTTTTAACTGATTTTTTGTGAAAAAGTTTTCAATAATTGAGAATTTTAATCCTTTATAAACCAGTAAGAAAATTATTATTAATGGTAAAATACATGCTAGATTATAAATTAAAATATATCCTGTTGCGGTATAGCGTGAAAGATTATTTTTTATTAAATATGCTAGCACTGGAATATATACTTGCCCTGTACAAACTGATTCAAAAATTGTTATAGTCATACCACTAAAAAGTGCGCCACTAATTAAGAATTTAGTTTTAATACCTCTTTGAATCGATTGACGAATTTTACTAATTAAAGATAGTGGTAAGTTACACGCGTCACCTGGGATGTAACCTAAGTTTTTTAGTTTTATTGCATCTTTAAAGGAAACAAAAGCAAAATAAATTAACATTGCGATAATGGTATATTTGAGTATATATTGCATAGTTTTGAATCCATTTAATTCATAAAGTGAATTAAAAATACCTAATCCCATTAACGTATAAGTTATGAAAGAACCAGAACAAAAAGTCAGTCCAGTAATTAGCATTTTTTTATTTTTAACACCAATCGTCGACAGCAATCCCATTAAGAACACAATAGTTGAGAAAACGCACGGATTTACACCATCAATTAGACCTGCGATTATTAAGCCTAAAATTGAAAATTTTTTGAATTTTTCATCCACTAGATTCTTAGTAATATTACCTTTTTTTTCTGATTTAACAATAATTTGATTGTTTTTAAATTTAGTAATTTTCGTCAATAATTCTTTTTCAATTCGATTAACTCCAGCCAAACAAATCACGTTGTCAGGAAAATAACCAATGAAAATTTTTACTGCAGCGTTTGGATTATTATCATCACCGTAACGTTGTTCAAATTTGAGCAATTTCTCAAAATTAACAGTTTCGTCAATGATAAACTTCTCAATTTTTAAGTCAGAGTACAAATCTTTAACTTCCTGCAAAATTTCTTTTTCAATACGTTCACACTTTAGGCAATTATTTGATCCGAAAAGAACAATTTTGAGTTCTTTTGCCGATAAACTTAGTGCAAAAAATAATCCCAAAATAACCAATAAAAGCTTACTTTTCATCTTTAACTAATCCTGTAATTTTGAGTTTAATTGTTGGCTGTTGTTCTGGAGAAATAATTGGTATTTCAATGCTGGATTTAATTCTTGTAATTTTAGTTTTGACGGTTTCATC
CP151801.1_gap12	377163	378848	1685	TTAATAAATCTATATCTTGTTTCACCATTGACATTTTTGAAAAGAGCTGCTAAACCCTCTGGAAAGTTTGAAAAAATTTTAAATTTTTTTAGACAGTATATTATTATTTTAATTCATTTTAAAATTAAAATTCAATGTATTATTTAGCAAATGCATTAAGTCTAAATTACTAAAAGGATCTCTTATCAATTTGATTACTCTTACTCATTACTCTAGCATTACTATTTATACTAAAAAACTGTTAATTAATGGCTGGGTAGGGGGACTATAACCATTTATCTTTAATAGCTACATTAGTAATAAAAGAAACTGTAATTAAGTTTTTTAAATTTTTCTAATTTATAAGTTCATCAATTGGTAATTGGCAGCCTTTTTCTGTTTAAGTTACTTTTGGCAATGGTTTTTCTGTTTTAAATAATTTTAAAATGTATTTTTTGATTTTATCATTATTGAGTTTTATTTCTCAAGTTAATTCTGATATGCCGTAATTAAAATTTTCTTCTGAAAATTTTTTGATTCTTTTAGTGATCTCAAACGACACCCTCTGAATAATCAAAAAACTGGTTAGCTTAAAAATAAACTAACCAGTTTTTATTTTACACTTATTTATTTAAGTTTATTATTTCATTATCTTTAAACCCATAAATTTTTTTTATTACTTCTTTTACGAATGTTTCATTTTTATAGCCTTTAATAGTCCATTTTTTATTGCTCAATTTATAAGATTTTAATTTTAAATCGTATTTGATTATTGGACCTTTTTTTCATTAATTTGTTGATTATCTAATTTTAAGAATAACTTACTTTCTTTTAGTGTCATTGATACAAATGGATCCTTATAATCTTCCTTAGAGTATAAATACATCAAAATAGCTTCCTTCACCCTTCTGCATAAGTTACAATTTGCACTACACAGATTTTACCATTAGGCGTTTTAAACATATATCCACAGTTATTAGATCCTGATATAATAGTTTCTTTATCACAACCATTAGCAATAAAAGTGAAAATAACAATAATCAATAACCTTATAATTTTCTTCATTTTTTTTAAATTATCTTCTTTTAAGTTGCCTTTTTTTACTATATTATCGTACATCTTATAATTATGGATACAAGGAATATCTTTAAAATCACAATTTTGAAATTTTACTTTCAAACGACTATTTTCTGAGTAAAAATTAGTGATTTCAGCCTTTTTTCCTATTTTTATTAATTATTAAATTGGGGTGTGGAATACTTCCAGTGTCTAGGTAGTTTCGCTTTCCATCTTTAATTTGTTTAATTAATATTTTAACATTTTCTGGCATAAAATTGATATTTTTTGCATAATTTGTTAGAAATTTAATAACACATTCTTTTTCTCCATTTTCTAAGAGAATATTGGCTAATGTTAAGTCATTGGTATAACCAGTCTTAATATTTTGGTGTGGAAAATCACTTGATTTTAGCAAATATTTTTTTGCTTTTGATAGAGATGAATCTCGGTAGAAGGCTACCTGACCCAAGATACTATTACAGTGATAAATTAGAGTGCCATACGCAAAAAATCTCGACGTGCTTCTATCTTTTTTTGATTCAGCAATTAAATCATTTGCATATTTTTCAGCAATATCATATTTCTTAAGAGAAAATGCTACTTCTGCAATATCAATTAATATATGAGTTTTGTTTTCGTAAATGCTT
CP151801.1_gap13	410144	413634	3490	TAAAACGTGATAGTTTTGGTGGTGAATTGTATCCGTTTAGCGTTTTTGCAATTTTTTATATATGTCAAGACCATCTTTGGTTATATTTTATATCAATCTTAATTCTAACTACCGCAGATGCTGGAGCAGCTATTATAGGTAGTAATTACGGAAAAATTTTTTATAAAATTGACGAAGTTAATCAAAAAAGTCTCGAAGGTTCAACCATATTTTTCCTTTTAACTTTACAAGTTATTCAGTTGCCCTTACTTTTAATGACTGACATTCCAAAAGCAACTGTGGTTTTATCTTCACTATTAGTTGCCCTGTTATTAACTGGAGTTGAAGCTATTTCTAGCAGGGGAACGGACAATATTCTTGTGCCAGTCATTGCTTGTTATGTATTACTGAAAATTACGACTAAGCCATTTTCAGAAGTTGCATTTCAGTGTATTAGTTTAAGCTTACTGGCAACTATAATGTTTACAATAAATCATTTTGTTAAGTTTTACAGGCTACGTGATACAATTATAATGCTGTTATTTTTCTATGCAGTTTGGTCACTATGCTCAATTTACTGGGCTCTTCCCCTATTCGCAGCCTATGCTGTCTACTTACTAAGTAAAAGTGTTATTCCAAATAAAAATAACTACAAAATCATTCATGGAGCTGTTTCAAAATCTCTAATTACGCCTTTATTAATTGTTTTTATTGCCAATTTCTACTCAAACTATAACTTTTTTTATGAACCGTTTGTTGTCGCAATTGCCCTAACAGCCATTAATAGCCATATGAACTATTTCTGTAACCAGTTGGATTTGAAAAAATTTTCCAATAAACTTTTAATTATTGGTTTAACACTGCTTTGCATAGTTGCAGTATTTGGTGTTACATGCTGGACAGTGTCATCATTTAATATAACTGCTATTGCTATTGAAATTGGTGTGGTGATAATTTTTGCTATTATATTTAAAGTTTACCTAGGTAAGCCTAACGGACTTCCTTTAAATATGCGACAGGCACATATGGTATGGATTTTATCATTTATTGCTTCTGCTATTATTAGTATGTTGGAGTTTGCAAACATATTTAACGTTTGGAGATAGAATTTATGAGTGACTATCAAATTTACTGTCTGCATGAAAACCCCAATTACTACAGTTTTTTTTCAGAGATTCCAAAGAAAATATATGAAAATGACTCAAATTATACAAAAGAGGATTCAAAAAAAGTTTTAGCTGAAATTAACCGATTTAGTGATGATAGTTGCCTACCATTAGTAGCTGTAAAAAACGGCATGGCATGTGCTCGACTTTGTGCTATTATCCCCGATATTCCGCTCAAAGGGTATGAAAAAGAAAAGGTTGGCTTGATTGGTTACTTTGAAGCGTGCAATGATTCAGACATAATCAAGGCGATCCTTGACGAAGCGATTGAATGGTTTGCGAAAAAAAATATTTCTAAAGTTATTGGACCAATGGATGGAGACACTTGGCATCGTTATCGTTTTGTTTCAGAACAAAGTGATAATCCAGTTTTTTTATCGGAACCTTATAACCCTGATTATTATTCAGAACTGTGGGAAAATTATGGTTTTAAAAAACTTGCAGGCTATTATTCAAAGTTTATTCCAAACGTCGAATTTGCGCTGCCAATTATGGAAAGGTTTTATAAACGTGCCGTTCGTAATGGGTTTACGTTTCGTACCTTTAATACCGATGATTTCGAAAATGAATTGAAGAAAATTTATGAGATTTCATGTGATTCATTCAGCGACAATTTTCTCTATAAAGAAATTGATAAAAAAGAATTTATAGCATTATATGACAAAGCGAAAAAAATTATTAAGCCTGAATTAATTTGGTTTTGCTATGATAAGAATAATGTTCCTTGTGGTTTTGCGTTTGCAATTCCTGACTATGGAGAAATGTTACGAAATTTACTGCAAAAATCGTTAATAGCAAAACTCAAAGCGCTCTGGAAATTTCATTTTTACGACACTGTAAACTTAAAGTCCATCGGCTCGCTAAAACGCTATAAAAATAAAGGTGTAGGTCCTGCTTTAACTTATAAAATTTATGAGAGCACTAGGAAGTTAAAGAGAAAAAAAGTAAATATGTGTTTAATTCATGATAATAACGTTTCAGGTCGTCTAGATGGCGACCATGGTGAGGTTTTTCGCAGGTATACCATTTATGAGAAGGATATTAAAAAATGAATATTGTAAGTTATCTTGATGAACATGCAGAAAAAATTCCAGACAAAATTGCGCTCAGCATGCGTTTAAATAATAAAACTGAAATGATAACCTTTAGAGAGTTGCATGAAAAAAGTGCAACCTTTGCTTCGGCAATGAAAAAAATTGGTTTGAAGCCAAAAGATAGAGTTATTTTGATGATTCCAATGTCAATTGAACTTTATGTTGCAATGTTAGGTTTAATTAGAATGGGTGCTGTTGTTATTTTCATAGACCCATGGATTAAGTTACGTCAAATTGCTGCATTTGCGACTTTTAGCGAGGCAAAGGCCTTTATTGGCATTGGTAAAAGTCACATTTTACGACTGCTAGATAAAAGGTTATTCAAGTTGCCAATTACAGTAACTACAACCAATTCTTTTTGTGGGTTCCCTGCAAAATATTCATACAACAAAATAATGGGCAATGCCAAAGCTGATTACTCTATTTTTGACTGCTCAGTTGAGGATTCAGCTCTAATTACATTTACAAGTGGTTCGAGTGGATTACCTAAAGGGGCTAACCGTACACACGGTTTTTTAAATGCTCAGCACAAAGCTTTGCAAAGTGAATTTAGCTATAATGATAATGATGTTGATATGCCTATGTTTCCAGTCTTTGCTCTTAATAATTTAGCACGCGGAATCACTTCTGTGATTCCTGATATTGACTTCAAAAATATTTCTAATATTGCAGTAGATAAAATAATAGATCAAATAAATGAATTTAAAGTCACAACCGCAACGGCTTCACCGCCATTTTTCCTGCAACTTGCAAATTCAAAGGAAGTAAAAAATATGAATTTACGCCGTATTTTAACTGGTGGAGCGGCAATTTCTGCATCTGAGCTTAAAATTTTACGCAAAGCATGGGAAATAAGCGATATACAAGTTGTCTATGGTTCAACTGAAGCGGAACCCGTTGCGCATCTAACTCTTGAAGAACGGCTTGAAATCGAAGAGAAAAATTTTAAAGGCTACTGCATTGGTAAGCCTATAGAGAAACTTAAAACTGCTGTTATTGCAATTACTAAAGAAGATGTAAAGTGGAATCAATCTTATAAAAGTTTAGCGTTACCTCAAGGAGAAGTTGGCGAACTAATTGTTAGTGGCGACCATGTTTGTAATAGCTACTTCAAAAATGATGAAGCAGTTAAGTCTAACAAAATTATTGATAATGAAAATCAGCTTTGGCATCGTATGGGAGATACAGGTTATTTTGACGAAAATGGCTATTTTCATCTTGTTGGCAGAGTTCATAGTACAATTTTTTGTA
CP151801.1_gap14	415311	419489	4178	AAAGTCTGGCTATCATTAATCAGTACGCGGGCATTAGCTTATCGTCTAAAAGGAGGACTAAATCTTAAAAATTTAAGTATTGCTGTTGTTATTCAAGAGATGATTAACGCTAAATCCAGTGGCGTAATATTTACAGCAAACCCAAATTCAGGCAATGTTAGAGAGTTAATTATTTCATCACTTTTTGGAGCAGGAGAAGGACTTGTTAGCGCAGGACTGGAAGCAGACGATGTTACTGTCAATAAATTTACGGGAGAAAATGACTGGAATGTTGCAGTTAAAAAATTTCAACTGGTGCATGATAAAAATGATGCAGGGTTAGTACAAGAAGCATTGTCTGAGGAGAAAACACACACTCCGTCCCTTAATGAGTCGGCTGTTAAAGAATTAACTTCTATTGGAAAAAAAATAGAAAAATTTTACCGTTGTCCTCAAGATATTGAATTCTGTATAGACTATGAAAATAAAGTAAAAATTCTACAAAGCCGACCAATAACGACTTTAAAAGAAGACGGACCTGCGGCAGGAAATCGTTTAATTTGGGACAACTCAAATATTGTTGAAAGTTATTCAGGCCCAACAACTCCAATGACTTTTAGTTTTATAAGACGGGCATATAGTAGTGTTTATAATTGCTTTTCAGAAGTCATGGGCATTCCACCTGAAATAATAAAGGAAAACAGTACCGTTTTTGAAAATATGCTCGGATTGATTCACGGTCAAGTCTACTACAACATTTATTCATGGTATGAGCTAATCAAACAATTCCCTGGTTTTAATTATAATAAGACTTTTATGGAGTCGATGATGGGAGTTAAAGAAAAGACAGATACAAATAAAAATGATGAATCTGTTTCTTTTTTTAACAGATATTTCATTGAACTTCCTAAATTAATTAAATTAGTATTACGTTCGGCAAATAATTTCCGCAAAATTGATAAGCTTGCAAACCAATTTGATGACCATTTCATGAAGCACTACAATCATTGGGAGGCTCTTGATATGTCAAAAATGTCGCCTCATGAATTAATGGAAAATTTTCAAAAAATGGAAACGGCTCTGCTCTCTAACTGGAAAGCTCCTATTATTAATGACTTTTACGTTATGATTCATTATGGTGTATTGAAAAAAATCTGTACAAAGTGGTGTAATGATGAAAATGGTACATTGCAAAATGATTTAATTTGCGGTGAAGGAAATATTGAAAGCACAAAGCCAACTCATTTACTTATGAGCATTGCTCAAAAAATTAAATCAGACAAAAATTTAAGTGATAGTTTTAGTAAAAACTCTGTTCAAGAATTAATTGACATTGTTAACACAGATCCTAATTTTGAATGGCTGAAGCAAAAAGTTGATTTTTATCTAAAAGAATACGGTTTTCGTTGTATAAATGAACTAAAATTAGAAGAGCCTTCACTGCGAGAAATGCCTGATTTTATATTTCAAATGATAAAGAATTATCTCAAAATGGATGATGAATCTATTAACTCTGAGGTGATGAAAAATAAAGAGATAAAGATTAGAAGAAGGGCTGAAAAAACTGCTTTTAGTAAAATGTCATTTTTAAAACGAAGCATTTTTAAATATTTTGTCAAAAGTTCGCGCAAAGGAGTTCGCAACCGTGAAAATATGCGCTTTGCAAGGACAAGAATTTATGGCAAAGTTCGAGAAACGATGAATAGCATTGGTAATATTTTCGAAAAAGAGGGCATTTTAGATAATTGCCAACATATTTATTATCTTACAGTCGATGAAGTTTGGGATTTTGTGCGTGGAACTGCAGTTTGTACTAATTTAAATGGATTAGTTAAATTAAGAAAAGAGGAATTTGACTTTTATAACTCGAATGAAATTGATCCCATTTCTGATAGATTTGAAACCTATGGCATGGTTTACCACCATAATCTTTTCAAAAATTATAGCGTGCAAATCGAAATAAAAGAAGGTGAACTTCAAGGTGTTGGTTGTTGCCCAGGAGTTATTGAAAAAGAGATTAGAGTGTTGCATTCTCCTCAAGATGGCGCAGACCTTAATGGTGAAATCCTTGTTGCTGGAAGGACTGACCCTGGTTGGGTTCCACTTTACCCTGCAGTATCAGGGATTCTTATTGAACGTGGAAGCATTTTGTCGCATTCGGCAATTGTTGCTCGTGAAATGGGTATTCCAATTATCGTTGGCATTCCAAATTTAATGGAAACTCTCGAAAATGGTCAAATTGTAAAAATGGATGGTAGTTCAGGTATTATCATAACCACACCTTAAAAATGTTTAATCATTTTAAATTTATCAAAATATTGATTCATATAAAATAAGTTTAAGTGTGATATATCTATATGCAATTACCATTTTGAGCAGAAAATACCTGATTTAACTCGATTTGAGTATATTTCGATTCACAGAAGATTTCTTTTTGTAATTTTGAGTATAAAATGGCACTCCGGGAATGGCTGCCTTATTTTAAGATTAACCTCAAAATTTGTAATTTTTAAGTTCAAAATGTCTGATTTAGCTAAATTAATGTGAAAAATAAAATCATTAAAAAACGGTACTTTTTGGCACTGAAAAACTCTTTTATGGCACCAAATGGTTACGATTTTTTGAGTGCAAAAAACACTGTAAAACCAACAGTTTTTCAATGATAACCAATAAACTAATTTACCACCATACCATAATTATTATAAGCAGTTTAATGATTCTTTTATTATTAAACAGTGTTCTGTTAATTTACTTTTTTTGATAACGGCTTCGTGGTTTATTAGATATTGTCATTGCTACTAAATTTTGCTCTATTGCAACTTTTAAGTAAACCTCACGAAATGACTTTCAATCTTTCAAACTCAACTTCTCTAATAATTCATTAATTGAGCATTCACCATCCAAAGCAAAAAGTAACTTTTTAACATAGGGGGTGACTTGATGACTGACTTGAGGAGATCGTAATAATTAAAATAACACAATCAAGCATAAACTCGATAAATGGCATGCAATATTCTTGAGAAGTGCTCAAATTTAAAGCATTGTAATATTTTTGCTAATAAGTATGAACAATTTATAAAAATTTACCGGCACTGATTTAATTTACAAAAGTTGAAAATAATAAAAATTTATGCTAATTTGTTTACAAAAAGATTAAGATTATCATTTTGAGGGAGAAATATATTATGAATAAATTTGTGATTTTTATTATTAGTTGGATAGTAGCTATATATATGTAACATGTTTTATTATGCTTTTTTGTCATTTTCCTAAAGATTATTTAGGATTTAATAGTATATACAACATGGTGTTATTTTTTTGTTATAAGCACTGTGATTGCAAGTATTATTGCTGGATTTAATAGTGATAATTCATCTAAAATATCTTTCTTTATTATTGCGAGTACTATTGTAGGCTCTATTTATTGGATTTTTGCCGGTATTATACTCCCTCCTTTTAATACAACTAGTTGTGGGAATACCAACATCGATTATCATTTACAAAATTATAAATCATTAAATAAAGAAAAATACTCTACCTTTAAAACGAAAGTCTTTTTTTCTATTAATTGACAATATAAATCTAATACAAAGCCCATTCTCAAGAATTAAAAAGCTAGAGCAAAGTCAAGAGAAATGTGAAGCATTTTCACCAGACGAGTTAACCCTAATATTTGAAAAAGCAAACGACTTTATTATAGGTTTATTTATTATAGGTTTATACATAGGATTATGTGAAGCTGATATCTGTTTGTTGAAGTGGGAGTATGTCAATCTTAATGAAGGTTTAATCACCCGTATGATTTTATGCCACCATTAGCAACTTTTTTGCAAGAACAAGCATTTAAAGGCAAATCTGAATACATATTGCCAGAACAACCCGAAATGTATAAGAAAAATGTTTCAGGGATTTCTCATCGAGTTAAAAAGTTCCTCGAAAGCGTCAATATCATTACAAGCAAAGTTCCTAAAGGTCGTACACGAGCAGTAAATGTAAAAGATGTACATAGCCTGCGCCATTTATTCTGTTATTATGCTGGGATGCAACAACGTTCCTCTAGCAGTAGTGCAAGCCGTAGTCGGTCATATGTCTCCAGAAATGACAAAACATTATTCAATTCACGCAAAAGAATGCATTTAAAAAATATGAATGTTTAACTTTAGCAACCGTAAAATTACGTACTTTTAGCAAAATATAAG
CP151801.1_gap15	456747	460302	3555	GGAAAGCAAAAAACTCTGGTATATTGTTTGTTATTTCACGAGTTGTGTAATAAATTTTCACTTTCATGTCATTTTCATGAGCTTGTTTTACATATTTTTTCAAAATCGGCATAGATTCGTCATAATATGGGTAATTAATGGTTGGATTTGGCTCTTTATTATGATGAATGTTTACTACATTTGCACCCTGTTCTTTGATCCATTTAAAATTCCAAAGTCGAGGATCGTCAACTTTTTGTCCCGGATGAAAGTACTTATTTTTAAAATGTTTAACCATATTAATTGGCTTGAATGGAGTAATAAAACAATCAAAATCATATTGTAAAGTTTCATTTGCTTTCATTGTTCTACTGCCACTATATGCTGTTGCTAAGGCTCCGTTAGAATTAGAATTAACTCTAATTCCACCTTTAGAACCATTGCCCCATGATTTAGGCTTGTTCAATGTGCGAAATTTATAATATGCGTTAATTAATGGAGAATGATAGTTAGCTCCTTTTAAACGAACTTTTAAACCAGCGTTAATGTCTCCCATCCAAAAACCATCTTGATTTCTTCCTTCAGCCCACCATTTCCACGTTAGGTTTGGTTTTCTTAAACCACCTTCTTCTCCAATACCCATGAAGTATCTAGAAGCATTTTTGGTATATTGCATATCAAGAGCAATATCTTCAATTTCAATATTTTCGGTAGCTTTCATTTGGCATTTAAATTGCATGAAACCATCCATTTCTAGGCGACCTTTAACTATTAAAGTCATTTCCTTTGCTGTGCTAATTGCAGTCCAACATACAGCGCCAGCAGTTTCTTTTGTAAATTTAAAGCTTTTAGGAGTGAAATTTAATGCACCTTTATTTGTTAATACTTTGAATGAAAATGGTTTTTCTAAAATATTTTTAGCTTCTGAGGTAATTGCAGTATTACTTGAGTTGAAAAATGATTGAATTTGTTTTGGGATACCTATATTTGTTAAACTTACATTTCTTCCTAAAATAGCCAATTCATTTGTTGCTTTATTTACTTGAATTGCAGTGAATGGTTCAATTAATTCATTAGTATCTTGTTCTGCAATTGAGTTTAACCAACGCAAGCGAGAAAGGCGTTGAGATTCATCATCACCATGATTTGCGAGCATTTCTCCATCTACATTTATTTGAATATTTACTGGGACAACATTTCCATTTAAATCTGTAACGGTAATTTTTCCCTTATATGATCCTTGAGCATACTGGGGAATTTGAATACCAACGTACATTGGTTGGATATAATCTTTTTTTAGGTTAACATTTTTAGTGAATTTTTCACCTAAAAAATTTGTTCCGCCTAAATTAAAACATTGAAATGCATTTTTTGTGATAATGCTGTTATTTCGAGTGCTTTTCAAGTCTTCAAAATTTAATTGAATATTTTTAATATCTTTTGTGCTATATAGACCCAAATAAAAAACGTAATATTCATTTGGTTGAGCCTTCCCAATAAACTTTTCTAAATTATTTCCATCGTTATTAATCCATAGTTTAGGGAATTTATTTTTAAGCTTAACTTGTTGAAGTCTATCGCCACCAAAAACATATAAATCACGTTTGAATTTTTTTGTAAAGTTTGCAACTTCATTTTCTGTTGCATATTCATCCATAATGGTTTTTTTAACTGGATTATAGACTGTTTTTAGAGCTTCTTGCTCAGGCATGTTATAGTCATCAGCATCAGTACCTGTTGTTTCTGTAACAAGTTCAGCTTGTAAGCTCATTAGACTGATTGCAGTTGATGACATGAGTAACATTTTTAATCTCTTTCTCATTTTTTTCTCCATTTTTATTAGTTTTCTTTTTTGACTAAATTAAAAATAACAAAAATTACATTTCCCATATCATATTTTATATATTTACTTATATCTGTTATTTTTCGAAAAACAATTTTTTTTATAGATTTTCTCCATATTATTGTTATAAATTAGATTGGATACAACTTCTATTTACTTATCAATCATTGTTTAAAAAGTTTTATATAGTATTATTCCTGCTCAAGTTTAATTAATAGGTTTTTAATTTAAAAAAATAAGATATAGTTAATATGAATTAATTTTTTGGTTAATTACAATCATCTATTTTCTTTGCATATTTAATGAAATTATATCTCTTATATTCTTTAAAATGTAACAATATAATACTACATAATTAACGTATATAAGTCATAAAAGAAGTTTAACCTCTACAAAAATATATTATTTTTCGCATTTTATTAACGCTAAAGAAAGCCCTATGTCATATATTAAATTTAGATATAATTTAGTTTTGAGATAAAATTTAACTGGAGTTTATGATGTAATATTGTTTAATAATTAAGATAGACCAAAATATGCCAGAAGTTTTGTTAATTGAAAGTTTTATATAGTAAAAAATAAAAATTAATCTTGAAGAGTGTATTTTTGCGACTATAATAGGTAATAATGCGACAATCGTGTTATTAAGTAAACTTATTCAATGAATAAAGGAAAAAGAAATGAAAAAAATTTTAAAAAAATTATTTTTGCCTAGCTTATGTATGCTAGCCACTGTTCCAGTTGTGGTTTTTAGTAATGTCACAGTTAGTGGTGAACTCCAAAGAATGAGTTCGGCTGACCATTTATACAGACCTCAACAACATCGCTTAATTCAGTATTCAGGTTTTTCTAGAAAAGGGGGTAATCCTGATCGTTTTGATTGTTTATATATTGAAGATGGTTGGCGTGTTGTTGCCGATCATGAAGGTCCAGGAGTTGTAAGTAGAATTTGGACTACCCATGGTCATAAGTGGAGAGATATAAAAGTTGAACTTGACGGAAAGGTAATTTTTGAAGGAAATGCAAGTAAATTCTTTGGTCAACAGAAATATCCGTTTATGTCACCTTTCACTCAAATACGTTCAGCAGATAAAGGTGGCGCGACTATTGAAGGTGAAAAGCCAGGTTTAAAAAATTGGGGTGTTAGCTATCTACCTATGCCGTTTCAAAGTCGCTTTCGGTATATGCAGCGTGATAAAATATACGCTAATATTAACATTAAAGAATTAAAAAAATCTGTAAAAGTTCAATCATTTAATGATACTGATTTTAATAAAATAAAAGATATTTATGATTATACTTCAAAATTATGGACAAGGACCAAAATTTACGAATCAGAGCTTAATAATTATGAAAAAGTATCTAAAAAAATAAAAATTAGACCTTGGTCAAAAAAAGCGACAACTTTTTCATTAAACGGAGGACCATCAATTATTCGTGCAATTCGAGTTAAGGCTAATCACAATACTGATATGGATGACCTGCAAATGACAATAAAGTGGGATGATAGTGATAATACTTCATTCAAAACATATTTAGGTCGTGGCTTTGGTTCAAGAAATGAGAGAACATTTGCTACTGGTAAAGATAATAATGGTTGGAGATATTTATATTTACCAATGCCTTTTAATGAATCTGCTCAATTTAAATTTAAATCTTCTTCTCAACGAGTTGTTACATTAAATATTGATTTTTATATTGAGCGCGTTAAAAAACTTCCAAAAGATTTTTTG
CP151801.1_gap16	505297	507357	2060	AACATTAAAAAACAAAAAAACATTAGTAATTTTATGGAATACAAATTATATTAAAATAATCAAGTAGTTGGACAAAATAGTAACGTTATTTTGGCTACTTGATTAGCTCTTTATTAATACAAAAAAACGTTCCCCGTTTTTCCCCATTTGGTGAATTTTATTCCCCATTTTTCCCCGTTTTCGAGGAACGTACAAAATGCTCAAATTAGTGGTAAATAGTAATATTTGAGGTTAAATTAATGATTTATTGGTGCTTAAATAATATTAAACTCATACTTCTCCCGGGTACCATTTTTCCGCCCGAGAGGTATATCAGAAGTACCATTGAGTACCACTTGAAACCCTTAAAATACCCTCAAAGAGCTCCCCTTAGCTACGGACGATACCAAGAAAATTTATTTTTTTAGTTCATTTTTCCAATATTCAATTTTTTCAGTATTGTTATATTTTTTGTAAAAAGTTATTAGCAATTTGATAATTTTTTCCTTAAGACTTCTTTTTGACACATTTCGTAATTCAATTTTATGATTGTAAGGATCTTCTTTCAACGGCTTGCAAATAACGATATTTCTTTCTAAAAACAGAATAGTTTTTCTTTGATGCTGAGTCAATTTTTTATGACTAAGCATTGAAACTAAAGATTCCATGACCTCCTCTTTACTTTTTTCATTGTTAGTAATTGAAAAAGCTTTTTTATAATAGTGAACTGCTTGAGTTATTTTTTGTCTCATATTTAAGAAGTTTGCTTTCTCATGTAGAGCTCGTGATTTTAATTCATCATCTTTTGCCTCTTCAATAACATCGTCAACTAATTTCATTGCTTTGTCTCCTTGACCAAGTCTTTGGAAGTAGTATGCAAGGTTTATTTTAAGTTGATTATTAGAACTTTTATTTGCGAGATTATTAAATATTTTCAGCTTTAGTTTTTTAGAAATTTTCAATTTATTAATATTCCATACTGTCGTAGAGTCGCCATTTAATGCCATCTTCATATAAAAAATTGCCATAAATTCTGGATAATTTGCATCAAGAGCTTTGTATCTCGCCTTCATCAATTCTTTTTTATTTTTTTGTTTTGGTGAATGTTGTAACGCTTTTTCAATCCACTTTTTATAGTTTTTCTTATCTTTTAATTTTTTAAAACAATATGCTGCACACAAAGCCATTTCCTTAGTTCCAAGATAATAGCTTGTTATACACGCTTGTGCAGTCTCGTTTAGATTTATTTTGACCATCTCTGGCACTGAAAACATTGAGCCTGTTTTCACAGTTCTTCTTAGCCAATCAAAATCCTGACTTGGATATTCTATTTTGATATTATTATTTTGAAAAATCGCTAAAGTTCCTAAAGTTATGTAATATGCTTCATCGTGGTAATTTTTAATTTTTACATAGCAATTAAGAGCCTCTCTTGGTGTTTTATACTTTTCAACGAATCTAGCTTTTTGAAAATTAAACATATAATGTATTTCAGTTAATTTATCATAAAGAGAAACTATTTTATCAAAAGTTTGCTGACTTTTATTTTTATTGTATTTTTCTTTATATTTTCCTATTAAAGAGTTTAATAATCCAGCTCTCTTTCTTTTGTTTAAATTTTTATTTTCTAACTCTTTCTCAATACATTTTAGTCTTAAATCCTTTGGAGGGTTTTGAATGTAACTAATGGCTCCAGTATCGCCTTTGTTAATAGCCTTCCATGCAAACTCTTCAGCTAATTCATCATTCTTTAATTCATTTTTGTAAATACTTGCTATTCTTCTATACGCTAAATAATTACCTGCTTCTGCTGATTTCTTGTAAAATTCGATTGCTTGAGTATAATCTTTTTTTGTGAAAGTGGTAAATTCAGCTAAACTCTTGTAAAACACTGCTCTCTTTTCTTTATTGGAGGTTGCATTAACAAATTTAATAGTTTCATTAAAATCAATCTTAGCCATTTCACGAATATCACTAGAACTATACATCACATTAAAATTTAACTCTAAACTTTTTTTGAATGCATCAAAAGCTTCTTTATTTCTACCTAATTTTTTATAAATATAAGCCATTGATGAAAA
CP151801.1_gap17	521134	524113	2979	AGACTCTATGGCTGGAATAAGTGAGCGAATGATTTTAATTCCTAGTTTTATAAAAAAATTTGATTACAGCCTTGAAGATATTAAAGAGATTTTACTTAAGATTTCAAATGAGCTCAATAAAGGTACAGTAATTCTTTGTCCTTCAGAAAAGCATGCACTTGAATGGCAAGATTTTGATATAAAAGTTGGAAATAAAGACAACGTAACTGATTTGGTAGAGGAATTGCAACTTAAGAATCATTTTGGACCTGTAGTATTTGCTAATAGGTATGATGGCATTGATTTAGGGGGAGATTCTTGTAGACTTCTTGTAATGGATGGCTTGCCTGAAGGAACTTCAAATTATGAGCTTTTAAAGGCAAGTCTACTACATAAAGGAAAACTTCTTAATAAAATATTATCCCAGCGCATAGAACAAGGCATGGGGCGAGGAGCCAGAGGAGCAAGTGATTATTGTGTAATTATCATTCTAGGCAATAAGCTAACACATTGGTTTGCACAAAAAAGTAATTTTTCATATTTAACAGATGCAACTAGAGCTCAGGTTGAAATTGGAAATGAAATTAGTAGCGAAATCAAAAATAAAGAAGAGTTTTTAGATACAATTAACGCTTGTCTTTCTCGGAGCGATGAGTGGAGAAATTACCATCAACAAAGCCTTGACAAAAAAATCAATAATTCATCAAAGTCCAATACATATGAGTCGGCATTTTCTGAACGGAAAGCTTTCGATTTATGGAGAAATGGACATGGAAATAAGGCAATAGAAAAAATAGAAAGGCTTTGTAATGATTCAAATGATTTAAATGAGCAGGAAATAGGCTGGTTAAAACAATTTGCTGCAAGAATTGCCTACGATAATAATTTACAGGAAAAAACTGAACAGTTACAACAAGATGCCTTTTCGAATAATAGAGACTTATTAAGACCTGAAAATCAAATCATGAATATCCCATCATTAGGACTTCCTAGTGAGCAATCTGAAGGAATAATGAAGCGATTTAATGAATATCATTTTAAGCAAGCAATAATTGAAGAGATTGATGGCATAACTTCATTGTTTACAAGTAATACTTCTGCAAATAAATTTGAAGAAGCTGTAAAACAACTTGGACAATTTTTGGGTTTCAGTGCAGACCGTTATGATAAAAATGGAGAAGGTCCAGACGTTGTTTGGCTATTGCCTGATAATAAAGCTTTAATTATAGAAGCAAAACATAGAAAACAAAAGGAAACCCCGTTTAATAAGGAAGAACTAGGTCAATTATTAGTTGCAGATAAGTGGTTTTCCAAAAATTATTCTGACTATGAGGGAGTTGCTGTATCCATACACCCTTCAAATAAAGCAACCAAAAATGCCCATGCAGAAAGTGTCTATGTACTAACACTTGATAAATTAAACTTGTTGGCTAGTGATATTAAAGTCTTTTATAGGCAATTAAGCGAAGAGATTGATGAAAAAAAACTTCCCACAACATGTAGTCAGTTATTAGAAGCTAGTAAATTTAATGAAAATAATTTCGTTGAGAATTATTTAGATAAATTTGAGTCTAATTAATTACTAAAGCCATATAAGGATCAAAATAAAAGTGTCATCATTACTAAAAAAAACGCTATATAAATTAGCAGACTTAGGAATAAAGAAAAAACTGATTAATACAATATTCACTTCAGGAGGAATTACTGCTGTTGCTACAGGAGGTCTCAACCTTCCTTGTATTGCCAGTCTTTTGGTATGTTATTGTGGAATTACTTTTTTAAACGATGTTGATAAAAAAAAGAAAGAGCAAAAACTTGAGGAGTTTTTTGCTAAAAATTTTTCTGAAATTTTGCAAGCACTAGAAAAAGAACAAGAATCTACTGATTGCCTGTTGGATCATATTTTAGAGACAGAATTATCAGTCAAAGAATTAAGCAAATATTTAAAAAGTGAATTTGAAAAAAATGGAAATGATTTAAAGAAGATTACAAAAAGTCTAAATTTTCAAAAATGTGAATTGGAAGGACTTTTAGGTGCCATTAAGCAACTTCACAAAGATCATCAACAACTTCAGAATGACCATAGACAGATTCATAAAGGTCAAAGAATCATTGAAACTAATCAAGATAAAATGATGGGTAAACTACAAAATATAGAAAATTTGTTGGAGCCATCATCAAATATTATATTGGAAGCTTTTAACGTTAATAATTTCGGAAAAATTGTTACTAAGTTGGGTGATGATTTTGATGGTGCTTTGATAGCCATTGACAGTTTTATAGCTCAAAAAAATATTCAACAGGCAAAAGGTTTATTAGAAGCTTGCAAAAAAAAGTACTCTGAGTCGATTGATAAAAAAATTTGGTTGCTTGCATTTGAAGGATTATTATATTTTAATATTGGTGAAAGTTCAAAAGCAGTTAAATTTATACAAAAGTCTCAAAATATATTAATTTTTTCAGAGAAAACACCTGATAATATTCTTGCAATTATATACTCGATAGGATACTTAAGGAATAACAACAAAGAAGAAGCTCTCAGGTTAACTGAAAATCTTATTAACTCTGCTAATCAGAAAATTAAAACAATAGCATTAACTATCTGGATTGAAGCTTGTGATTTATCTTTGAATAAAATTATAGAAAAACTGCATGAAGATGATTTTAATTCACCAGAAATAACACAGCAATTGTCTATAACAGCTTATAAAGAAAAAAATTATGAAACAGCAGAAAATTATGCAAAAAAAAGCATTGAATTGGCTGAAAAGTACGAATCTACTCCAAATTATCAATTGCTGGCAGATATTTTGATGAAGAAAAAATTTGGAAGTCTTATTAAAGTTGGTTTTGTGGAAGATTTTCTTTCCGAAGATGAATGGTCCGATTTTGAAAAAATTGAAGAACTATACACTAAAGCATTGAATATTTTTAGTAAATTTGCAAATGAAACAGTACTATCAATAGTTAAGTTTCAATTAGCTCACCTATATTTCATCG
CP151801.1_gap18	535293	539874	4581	AAAAATTAGTGACTACAAAAACATTATTGAAAAGCACGCTAAAGAAATTATAAAAATGCTGAGTGATAGTAAACAACTAGTTGAATGGAGTAAATATGAGCAAGAAATGAAGCCTTATAAACGTGGAATTGAAAAAATACTTGATGCTTGTGACTATCCTTGTCAAGTTAAATATGAACCTATTGATAGTGCAATTAATAAAACCGTGAAAAAATATCCATCATTAAAAGTGCGCCTAAAGCAACTTGGAGACCGTAGTATTTCTTTTCCATTTGAAAAGAAATTATTTCTACCGTATATCAAAGTACGTGACATAGAAGTTGAACTGAAAGAATATATACAAGAAATTCGTAATGAATCTGCAAAATTCGGTCCATCTTTGAAGTATTCCCGAGAAGTCGATAATTTTAGGCAGTTTAAAAAAAATAATTCAAAAGAAATTTATAAACTAGATGCCTTTTTAGAAATACAAAAAAAATGTGATGAAGGCACTAGTATGCGAAAAGCTGTTAAAGAGTATTTAACTAATAATGAATTAGAAATGACTCAGTCAGCTCTATTAATGGCATATAGTCGTTTTATAAATAGTGAAAAATATCATACACTAAAAATAATGAAAGAAATAAGTACATCTAAAAATGATAAATATATGGCTCAATTTATAATCTTTAAGCATTTTTGCAATAACTATTTCACAAAGAAAAAACTAGGGTATTATATTTTAAAAGACTATGATTTTTCAACAATAGTAATTAAAAGAGAGTATAATATTTTTTCAGGTCATGAAGAAAGCAAAAATACAAAAAATAAAAAGAAATTTTTAGAACAGGATTGGAAAAAAAATAAAAATTTACGATCTATTGAAACCTTAGCATTATTAGATATAGAAGACAATGATATTGAAAAACCTAATAAATATATTAAAGCATCAATCCTTGCAGGCCTTGAAAGATTTTCGTCGTATACCGCAAACTACAAGTTTATAGGCTTAGAAAATATTCAATTTGATATTTTAAGAAAAAGAGTACAAATATTAAACAGCGATAGTAATAAAACACAAGAAGTTAAGAAAATAGAGTTTAATTTTACCTCAAAAAATGGCATTCAAGAAGAAAGTAGTATTAAAAATAAACTAAAAGAAGAAATTATTGGTTACATTTCTATAGAATTGCAAAAGAATAATTTAGTTGTTTCTGTTAAAGTAAATCACACTTGTTTTTATGAACAATTGTTGTCAATATTTAAATTTTCTTTATTACCAAATTATGAATTTATATCAATATCTATATATGATAATTTTAATGAAAACCCCCTAATAACAAATTTTAAAAAAAGTGATTTTATCAAGATTTAATGTTTGAAAGTTACAAAAAGATAATCTTATTGTCATCGATTTTAGGCTACTGTGTAGGTATGGTCAAGGTGGAAGATTTAAGTCCTTCTTGTGAATCTAATCCCCTTGAATTACTGAGAATAATCACATAAAAAATCACTAGAATAAAATTTTATTAATATTCTGAGATTGCAAAAGTTAAGGTTTTTTTAAAGAGTGTTTTATTAGAAATGTATGATATTTTTTTACGCAAATATAATAATAACCTCAAATAATTTTTTACTTTGAGTCGTATATATTATGTCTCCAGTAAGAAAGGGGATGCCGGGAGGCAGGGGAAAGATATAGTTATTAAGTTATTAATTCAATATATAACACGTAAGTGTAACTAACAGGTGTCCTAGTGCATCCCACCAAGGGATAAGCACGAGATACAAGACGTAAGGAAGATGCTTATACTACTTGTTGTAGTATATGCTATCGGGAATATACTAGAGGAGTATGAGTAATATTTTCTTTTTGCTTCTTTTTCTTTGCCAACTGACAATAAACATGTCACCATGATATTAAAATAAAACTCTGATTTAACCATGCCTGTAGAGTATTACGGTGTATAACAAATTTCACCTATCAGAGCTTCGCAACACCAGTAAAAATCAAGAAAAACATCTATTAAAAATTGCAAAGATAAAATTATACTACTATTTTAAATTAACAAAAATCATTGTTAATACAAGAGGTGTTTTAATGGGGCAGATAGTAAAAGTAGTAATTAATAATTTTCGTGGAATTAAAAAATGTGCATTTGACATTGATTATAATAAGAAATTTATATGTTTTGTTGGTAGAGGAGATAGTGGGAAAACGACAGTTTTAGATGCAATCTCATGCGTATTATCTCCATCATGGAATTTGACTTTTTACGACACAGATTTCTATAACTGTGATATTGAGAAAAACATTGAGATTGAATTAACTTTAATTGATTTTGATGTAAAATTACTTTCTGAATCAAAATATGGTTTATATCAACAAGGCTATGATAAAAATAATGGCAAATTACATGATGAAATAGTTAATAATGAGAACCTTATTCCTGCTTTAACAGTTAGATTGACTGTTAATAGCGACCTAGAACCCAAATGGGAAGTTGTTAATGGACGAGAATATGACAACAAAGACATCAATGCAAAAGATAGAGCTAGGCTAAACTGTTTTATGGTTGCAGATTATGTAGATCGCCATTTCTCTTGGAGTAGAAATACTCCATTACCTGCATTACTTAAAACTCATGATAGTAAGAAAAACAGTAATAACAAAGACTTTATCGTTGAAGCAATGAGAAAAGCAAAACAACAAATTGACGATAAATCTGCAGAATCTTTTGAAGATATCAATGACCTTTTGAAGAGTAATGTTGCAAGTCTAGGATTGGATGTGAGTGAGGTAAATACATCAATTGATATTCGCGATATGATGTTAAAGGAAAGCAAGCTTTGCCTACACGATGATAATATTCCGTTCAGATTAAAAGGAAAAGGCTCTAAACGTTTAATTTCAATTGCTATTCAAATGAGTTTAGTTGACCAGGGGTGGAATTGCTTTAATAGATGAGATAGAACAAGGCTTAGAACCTGACCGAATAAGGTTACTGGCAAGAAGCTTAAAGGAAAAAGATTGCGGTCAAATTTTTATTACTACTCATTCAAGAGACGTTATTACTGAAATAAATGCAGATGATATAAAAATCGTTCATAATAATGATGATGAAGTGAATTGTAAACAATTAGTTTTGGAAGACAATAATAAACTACAAGGTGTTGTTAGAGCATGTCCTGAAGCATTTTTTGCTAAAAAGATTATAGTTTGCGAAGGAGCAACTGAAGTTGGAATTTGTCGAGCACTCGATAAATATCGTAAAACTCAAGATAAAGGATTAATGGCTTTAAAAGATTGTGCTTATATTGATGGTCATGGCAATACCTTTTTAGAAAGAGTGAGAGAAATTAAAGATGCAGGTTTTCAAACATTAGTTTTTTGCGATTCAGATGAACAAAATGTAAATGGTAAAAAAGATGAGCTTAATCGAAAAGGTGTAATTATTGCTGATTGTGATGAAAACTGTGCTATTGAGGAGCAAATTTTTAATGATTTATCGCAACCAGGTTGTAAAGCATTAGTGAAATTTGTAACTGATAGTTCAATAACAACAGAGGAATCAATCAAAGGTTCTATGAAAGGGAAGCTTAAGACCCTTCATCTGAATTGGTTTGAACAAGATTTTACCTCTGAAATAAAAAATGCGTTGGGAGAAATTGCTAAGAAAAAATCGTGGTTCAAGAACGTTACTCATGGAGAACAGCTTGGTGAGATAATTTTAACTCATATTGACATTGAGAATGGTTCATCAAAGTTAGAAAAGATATTTCACACAATGTCTCAATTCATCGATGGAGAGTAATATCATGGATTTAGATTATCAAAGTTTTGTTACTGGTGATAAAAAACTGCTCATCGCTCCTGCTGGTTATGGGAAAACGCATACCATTGTCGAATGTTTAAATCATACCAAAGGTAAACAATTAATATTAACTCATACTCATGCTGGTGTTTCTGCAATAAAGGCAAAGATTAGAAAAGAAAAAATAAGCAATAATAAATTTCATCTTGAAACTATTTCTAGTTTTGCTCAGAAATATGTCCATGCTTTTTATACTGGAAATGAAATGCCAAATCAGGACGATAATAAAAATTATTTTCCATTCATAATAAAAGAAGCCATGGAGTTATTTAAATTAGGCTTAGTGAAAAATACTATCAAGCTAAGTTACGATGGATTATTTGTTGACGAATATCAAGATTGCAACAAAGACCAACATGAAATGATAATGGCTTTATCAAAAATTTTACCTCTAAGAGTATTGGGAGACCCATTACAAGGCATTTTTGAGTTCAATGGTGGGGAATTGGTTGATTTTGAAGAAGATTTAAACGAGTTTGATAAATATAAACTAGAAACTCCTCATCGTTGGCATAATTACCAAAAACATGAATTAGCAGAAGCATTAAAAACAATGAGAGAATCTCTAGGCAATAGAGAAACTATTAATTTACAAGATTATAATAATGTTAAAGGAATAGAAATCTATAGCGTCAACGATGGAACTTTTTTAAAATGGACTTACGTGGAAAAAAAACAAGCAATTGATCTTATAAATGAAAATGAAAGTTTGCTAGTTTTAACTGCA
CP151801.1_gap19	547820	550243	2423	ATGAAGCATGAGCCATTCCGTAACTGACAAAATTGGGGTTAAATAATTTTGAAGTAGCCATTACTAACTTAATTTTTTCAGTCTTTGCATTTTTTATATTTATAAACCATTCTTGTGCGAACTTCATAGCTATATCATTAGTTTCGAAAATCGTATACTTAGGCTCTAAATTAGGAGTCGATAAAATAGTTTTATACTCTACAAAAGTTCCTCCATCAGAACCATTAGTTTCCACCCCCATATGTCTCCTCTAAATATTTAAGATTATTTTTCTCCATCGATTAGCACCCCTGTATATTTTGGAATAAAGCTTTTTTGCTTATAGGATGTATTTAAAAGCTCATTTAAATTAGTTTTTCATTCTCTTTCTAACGTCTTGCCAGTATATTATTTCAGGGTAGACTAATTTTTCGGGTATTTCAAAAACTTCAGTATCGTCAATAAAAATTCCTAAAGACTGAAGTTGCCTAGGAAGTTTCCTATCAATTTTAACTAAATTAAATACAGTTTTAACAGTTTTTTTATCTGAAAGTTGTAATTCCCAAATAAGTTTAGTAATACCACCATTAAAATCTTCTATAGTTAAATCTTGTTTTTTGAACAATTCCATAAGATTTATTCTTATAAATTTGCTTTCTCCTGTATTTAATTTGAAAAAATCATTGTCTTTATTTTTCTCATGATAAATTAATTCATCATCATTTGAAAAGTTTAATCTTAATTTACTTTTTTCACTAAAAAAGTTTGGCACTACAACAGAGTGTTTTGTATTGTTGCTTATAATCAAGGCAAAATCTAAATTTTTACCATCCATAACTTTAGCAATTTTAAGGTTAATAGCATCTTTTTTATCTAGCATTGTTATGAAATCGGTATTATTAGCTTTATTTAATGATTTACAAAGATAAATATGTGATTTTGTTCCCATTTTTTTTGACCATGGACTAGAAAAATTCCAATTCAATGCAATAAAATTATTATTAATGTGTTTATGTTTACCATAATCGTTCCACAATTTTACTAAAAATTTTTCATCAGATATCCATAAAAGATTGGAATTGTTAGGGAAAACAATTTGACTTCCTCTATTAACTAAAAGACCTGTATATACTTTTTTTCTATTTATTAATTTTGATGCATTGCGATTACAATCAATATTATCAATAAACAAATTTTCTTTTTCATTATTTTTTAAAATAAAAATTAATGAATTATTTTTTTCTGAAACATTGTAAGCAATAGTTTGAGTTACATTTAATTTTTCCTCTTTTGAATATGCAACACACGACAATAATAACAACATATTAGTAAATATAGTAGATAATTTTTTCATTATTAGATAATCCTTTTTTTAAATTTTCTTAATTACCACGAATATATTCAATACAATATAAACATAGCTCTGAGTGTTCATTTGCATCATTTGATGTATAAGACATAAAGCATTGATCCGTAGATTCGTGATTTTGCATATAATTTATTTTGCTATCAACATGTTTAAGCCTTTTCGTATTTTCATCTAAAATTCCCAACATATGTCCTATTTCATGAACTTCAGTGTTAGAAATAGATGCGGAAATATGTCTATCGGCAAAAGAAAATGCTATTTGGTGAATATTTGGAGGATGTCCCCCTAATGTCTCAGGGTCACTACTTTTTTTGGCAGATATAAATAAAAATGCACCCAATATTTGCGTGTTGTAAAACCAATGCCTGCCAAAATTATAAAAAATAAACCTATCCTTAGGAATCTCTGTATATTTTGGAATAGCATGAGTCGAAACTATTTTAAACTCAACAAAAGTTCCTCCATCACTACCATCAGTAGCTCCACCATATGAATTTTTCAAACGCGTTAAGTTGGTAGAGTATTGTTCAGTATACTGCTCAAGGTTTGAATTAATTCTTACTCCCGAATATTTTGGAATTTCATTTGCAATGTGACTAACGGTAATAGCGCTATTTTTTTTATCAATACTTTTAACTTCTGCTTCATATTCTATTTCTCCGGTTGGTGGGAAAAATATAATAATTTTAGATTTTTTATTATTAGGGTCGTCTGAAAAATCACTCACATTATCAACTTTTATAACAGTATTAGCAGTTTCAGGAGAAGTTATAGGAACTCTCTCCATAACAGTTGCTCCCATTTTATACATATTTGCTAATTCCATATAAATTCTCTTCCATACTACTAATGTTGCACTTTGAGCAATGCCATTTTGAGTATACGTAGCTTTACTACTTGAATCTTTAGGATTTACTGTAGCAGCGGCATTTGTATCAAAGGGATCACCACGCATACAGCAAAGCTCACCTTCAATCTCAAGATACTCTCCTTTTGGTCTTGTACAAACCGCTCTCACAATATAATTGTCTCCAGAATGTGTTTTTGTTGTATTTAAAGTTACTTCAGCTATAGC
CP151801.1_gap20	576173	577515	1342	GTCAGTTCTGCTATTTTTTCAGGTTCTACAATAATCCATTCGCCTTTAAATTGGATTAGGTTGGTGTTTTTGCTTTGTTCAAGGATTTGCGAAAATTCTTCATCTGTAAGTGATAGTTTTCCTAAGCAACGCTTCAGAGAAAATTTTAGCATTGAATTAAAACCAACTTTGTTATCATTTTTTTCTGAGCAACTGTTCAAGGAAAAATTAACCTCTAAACTAACACGTTTAGGCCGTTTCTTTTTCCAAATATCAGGAAATTTTAAAGCAATATTGTATTGGTCTAATAACTCACTTAGGCAGAGAAAATTATAAGCCATATCACTATTTAAATACATTGGTTTGTAAATCTTTTTTGAAGCGATTAATTCTTGGAGAAATTCGCTTTCAATACTTACTTTACTTAGCGGTTTTAGTAATTCTATTAATTTAGATTTATTTTCGACAAATTTCTCAAGGGCAACTGATAAAGGGATATGTTTATTAATTTTATTTTTCGTGTTATCGATTACTGTGGCAATAAAAACAAATGGAAATTCATTTTTATTTAAGTGTTTATTTTCAGCAAAATGAAACATAATTTTACCGATGTCAATGTATTTATCATTTGTTACTTTATTAATAAAATCTTTGAAATTAAATTGTTCAGATTCATAATTTTTAAATCTAGTTATTAAAAAAATTATAAATTTTTCAGTAATTTCTCTTAAAAAATCTTCACTTAGGTGTTCTTTGCCCTCAAAGAATGGGCTTTTTTTAAGCCATGAAGTTAAATTGTTTTTGTTCCAAAATTTTTCTTCATAGACAAAGTTAGCGATATTATCCTTTGAAGATATGCTTCTCAGTATTTTTTTTACTACTTCATGAGAAAAATTGTGGAAATATTTTAATTCATCGTTTAGTAGCGTGGTATCATTAGTACAAAAAAGTGCATAAAATCCTGAAGCAAAAGTTTTTTCAAATTTACTTTTAATGTTTAATATTTTTTTATTAGAGTTTTCATTGATATTTTTAAACTCTATTTTTTTTTCCGTCGTTAATTTTATTGTGTAATTCATTTTGCAGTTTTTAAATTTAGGAATGACATTATTTTATAAAAAAATAGCATAAAATTTGTTGATTAGCCAAAAAATTACAAAAAAATTACAAAAAATACTATTTATGACATGACAAAACTTAGTTGTCATGTTAGAATAGTGTGATATATCAGTATTTGGTTATATAAGATTTATATGCAAATGAGTATTTTTAAAAATTATTAAATAGCAAAATTTATTGAGAAGCTATAGTTGAAGGGAAGTGTAGTATGATAATGAATAAAATTAAATCGGCATTTGTTTCC
CP151801.1_gap21	590645	592157	1512	AAAATGGGATTACATTTTAAAGCTTTTGCGTAACGACGTGCTGTTTTAACATTAATAATTCCCTTTTTAGCCATTACTGAAACTGCAGGCTGAGAAATATTCAAGCGTTTTGCTAGTTCAGCTTGAGAAATTTTTTTTATCGCAATCATATCATGCAATGCACTCATTTTTCTACTACTCCTTACTTAATTTTATTTAGCGCTTAATTATATATGCGCCAATAATTACCTAAATAAATTTCTTCTGCTCATACCTCTAAAATTGAAATTATAAAAGATGAATTATAAAAAATATTTTTAGAGATGAAATTAATATAAGACTTATTAAAATGCCACATTATATATGCCATTTTTAATTTATATTATATGATAATTTAAGGCAATACTTAACTTTTTCAAGAAAAAAAAGCTAAATTTTAAACTTGAAATTTGAATAATTAAGTAATTACTTATATTTTATATAGAAATTTATAAGGAATCGATTATGAAAAAAATTTATAAAAAAAATCAATTTTCAAAGTTGTTAAAAAAACTAGCTAAAAGAAAATCTATTAAGCAATATGAATTAGCATTAGTTTTAGGTGTTTCTCAGTCTGCTATTTCGCAAATGCTAAATGGAAAAACTTTGCCATCACCGAAAGCATATATGAATCTCAAGCGTTTTTTAATGATCGAGGGAGAGGAAGAAATAATTTTGAATGAACTTTATACTGAAATAAAGACTAGTAGTTTTGACTCTATCGCTAATTATCATAATAAAAATGGTAGGGCGATAGCAAAATATGAGCCTGGCAAAAGAGCCTGTATGTATAACTATGATATGTTAAAAGATATTAATAGGGATGATGATTTTTTGGCTGAAAACTTAAATATTGGCAATCAATATGACTTTATGAATTTTTTATTATTGCAACGAAATATTTTAAAAGTTAATAGTTTTGAACTTGTTGATTTTGCTAGTGATATCTGTAAAGATATTAAAAATAATCTTGTTTTTAAACTTGAAACTGACTATTATTCGCCTTATATTCCTAAAGATACTTTAATTTTTTTGCAAGAATGTAAAAGAATAAGTAGTATAAAGAATTTTAACCATATCATTGTGAAATTCTTTAATGATAATAACATTTATATTAAAATTATGTTAATTAAAAATGGTAAGCGATTACTGAAAAATTTTAACGACGACAAGATAGTTGAATGCAAAGATAATATTGAATGGGTAATTTTGATAAAAAGTTACTTTTTGAACTAAAAATCTTTGTTTTTAATCATAGATACTATAATTAGTAATTTTTGAGAGGTGTACTTCATGGCAAATAGGAAACCAAAGACAAATCAAGACCCTAGGGCGGTTACTTTAGGTAAAATAATTGAGTATATTCGCAAAGATCGCTCAATGACTCAAGGGGATTTGTTTAATAAATGTGGTGTTTCTGTTGCTTCTATTTCTGCTTATGAACGTGGAGATCGTTATCCTAAAAGTAAGTTTTTACAGTTATTGTGTGATGCT
CP151801.1_gap22	617755	620907	3152	ATAGCTTTCACGAGCGTTATTAAATAAAGTGGTACGTCCGAGCATTTTAAAATATGCGTCACTATTCCATTTTGCGCCATTTTTAGCGATAAATTGAAACGCATTACCACCGTTACGGAAAAATAACTCTTTGCCAATTTCGGCAGGAGTTGCACCTGTTAAAGTTGCTTTATTAAGAATATCAGAGCTAATACGACGAAGAGCACCAACTGTTTGTGTACTCATTTTTTGAGTAGCTCCTGCAATGTGTGCAAAATCATCTTTTAGCATATTGTCGATTAAATTTTTATCAACATCAAGTAAAACTTTATTTAGTGGCTTTTTGCCGTAATAAACGTCGGCTAAGGCATTGCGAAAAAAGGATTGAATAACGTATTTAGTGTGATATTCGTGGTTTTCTCGATAAGTTTTTTCTAAGTTATTGCAAATTTTTTGAATTTCATTCATTAATTTAACTAATCGAGGACCACTGTAAGAAGTGCGAGCTGCTAAAACATAATCTTCAATGGCATCTTCGATACTTTTGCGTGCTGAAACATAAATTTTATATAAATCATCTGCTTTGGCTTGAAGTTCTGAATAACCCTTTGTGGCGTGTGATTGTAATTTTTTGCGTATTGGTGACTTTGGCATTTTTTTATAAAAGCCGTTTTTGTCAATAAAAAAATGGCTGGATTTGTGGTCCAGCCTTAAGGAAGAAATAAGAAGTATTATAGGGTTTATTTTAATCTAGAATGTTATCAAAGGCTTTTTTATCGTACGCTTCTTGCCAAGCTTTAAAGCCAAATTTATTAAGTGTTCGGTATAAAACACGTGCTTTTAGATACCATTTGAAACAGGTGAAATAGAGCTTTGGATTGTTCCAAGGGAAATGGTAATCACGAATTTTCTTCATATTTTTTAACATTCTTTTATTTGCTAAATTAAAATTCTCTTTTGTTCCATCTGAGTGGCTAAAATCCCAATCGTGAACCACTACGCAATCTTTATAAAGAGTGACAAATTGGTCGATAACATCACGGCTCCAGTTTGGCATCCATTCCGCCCCGCAACCGTTATAACAAGCTGCTATTTGCTCATTCGTGGCTGTTGTCATTGAGTTTGCGACTTCAAGATCATATTTTTTAATATTGGAACGGTAATCGTATTTTTGTGAAATAGCTTTATTGTATTTATTCATATTAAGTTCCTGCTTTAAAAATGGTTAGTTCTTTACCGTTACTCCAATCGATAGCGCCACGTTCTGAGCGGTTAACTTCTCTTTTTTTTGCACCATTTTCGTAATACTCAACCTCTGTGTAAATATTGTTTTTGCACCCTGTGATAAAAATTAAGCAACTACTTATAATTAATAATTTTTTCATGGTTTAATTTTTCCTTTTGAGTTCTTTGATATCTTCTTTGACGTGTTTGATTTCAGTATAGCACGGGCAATCTTTTTGCCGTTTTTCGCATACTGAATGGCTTACTTTGTGTGATTCTAGGTTGCCAATCGCTTCAATTAATTTAATGTGGCGATTGTTTGCCTCTTTTTGTGCATTGCCAGTAACTCTCACAATTGCAATAACAACGCTCACAACGGTAACTAAAGTACTTAAAATCGTTCCGACATAATCTTCCATTTACTGCTCCTTTAATTTGTTATTTGATTAATAATATTTTCAATCGTGACTCCGTTATCAGCGTTATTGATAATTTCCAACGCTTGTGCCGTGATTGGGTCATTAAGGTCGATTTCATTAGCGTCCGCCCAATCTTTGGCAAATTCGGTATTGCTTGCTAACAATTCATCAAGCACGCTTTCTTTATTCAAAGTTCGGAATGCTCGCCTAATTTCTAACTTGGTAAAAACTGTTTGCGATGGTATTTCCTCAATTGGTGGCTCAAGAGCGCTATTGCCTTCTGCAACCCACAATTGGAATTTTTGATAATCGCTGTTATCTTCACAAATTGGAATAATTGCGTTATCTTCTAAGCGTAAAATTTGATGGTCATTTAAATTTTGATACATATCTTGCTCCTTTTTTAAATTTCAGAATTGAGGTAAATTTTGCCCGTCCATGTTGCGGTATCGCTCCAAGTATCTCGTTTTTTTAAATTAATCATACCAGTTTTGTCATAATTAATAATTGGCAAACCTCCCGAAGTCCCATAGCTGTTATGCGAATCTATAATTATGGTTGGGTCGACCCTTTTAACAGCACATCGCAACATAATATTTTCGGAATTTTCATTTAAAAAGATTTGGAAAGTTTCGCCAATTTCTTCGTAATATCTTTGGCACTTTGCTAATTCTAAAGCTAAATCATTTGGCTTATATCCTGTGTGTTTGTCACCAATTTCAAGCTTAAAATTAGTAATAACCGCAGTCTGATAAGCAGTGAAACGCACGACAAAAGTTTTAAAATTGCTATCAAATTCTGGAATGTTGAAAGTTACTGAATTATCGGTATTAACAGTGCCATCAATAATTGTTTCAACATTTGAATTATTAACCAAAACAATATTAATCGTGCAATCAATATCGCATTGGATATGTGCGGTAACTTGACCGCTAAAAAGTGAACGCATATCTTGAGCATCAAATTTTTGCTCTAAACTCCATAAATATGGACCACCTGGATCAATGGTGCGCGCGCCAGTATCAAGGTTATTGTTAACAGAGCCCTCATCTTCAAATGTCCAATAATGACGATCAATAAAATATCCTGAAGAGAGCGCAAAATATCTTTTATTGCTGCCGTTGTTTTTCGACAAATAATGATTAATCCGACCTTCGCTATTAATTAGTAAATTATCATTAAAAACTTTTGAGCTAGAGCCTCCACCAGTGTCAGTTTCAACTGTTACCCATTCACCGTTTTGGTTGTAAAATTTAGTTTGGTCGCCACTTTCTGAAGCTCCTAACGCTAAATCAACATTTGTTTTAGTTACTTCGGCATCTGAACCGCTGGGACCTTTTAAGCTTTCGAGTTGTTCTGCGGTGAAATCTTCATAAACGAACGCATCGCCTTTCTCGCCTTTCTCGCCTTTTAAAGTTGCCTTTTGTTCGTCTGTTAAATCTTCAAAATTAATAGAACCATCGGCACCTTTTAAGCTTTGTAGCCATTCACTCTCAGAACCAACAAAACCATTATTAACAGCAATTTGAA
CP151801.1_gap23	624061	626261	2200	AATAATCCCACCTCAAAGAGTGTTCCATATTTAATTACTAACGCAAAAAGTGAAAATGAAGCCTTGCAACTGGTGCAAAATAATGCGCCCAACTTATTAGATGGTTTAAGCTTTACAGGAACGAGCTTAAATAAAAGTAATAATGATGGTTCGTTTGAAGTTACCGCAAAATATGTAAAAAAAAATCTTAATGACTCAAACCAACAAATTTTTTTAACGAAAGTAAAACCACGAATAAATTGGCAAACAACAGCTATCACTGAAACCTGCAAAAAAACAAGACAACGTGTCTATGCTACCGAAGAGGCACCCGATCATATTAAGAGTGGAACGGCAATTAATCAACAACCTGACGGAACAGTGCAGGGCGTACCAATCGCAACGGGGTGTCAAAGTTTTAGCGAAGTTCATTACTTTAATGAAAGGCAATTAACAACTAAATTTCGTAAAACTTTAGCATCAATTAGCCATCATGTTAATGAAAATTCTTGGCGTGGATATGCTGCGGGTGAAGTTAAATTTGATAGTGCAAGTTTTTCTTATATTGAAGATCAGGAAGAGAAAGTCGCAGTTACTTTTAATTTTTCGGTAAGTGGTAACGTTCCAATCTCTTCATTAACTGATTCTGCAAATGTTGGCTCATATCTGTATCAAAATTTTAGTAATGGACCAATTGCGGATGGATGGGATTATAAATGGTTTTATCCTGAAGAAATTGAAGGAGAAACTGAAGATGACGACGTTGAAGTTATTCAGCATTTAGTTATTGATAGAGTTTATCCTCGTGTAAATTTTAAATTATTAGGGATTGGAGATTAAATATGTTTAATAATGGCGATCAAGTAAACTTTACAGCGCAATTTTTGAATGATACCAATAAGGCAATAAATCATGCTAAAGCATACGATTTAAGTATCAAATCAGTTGCAAAAAAGCAAACAAAAAGGAAAATTTCTGTTTCTTACAGTGGTTATTTTCAAGTGGAAATTGATTCAAAGAATAACACTTTTAGCGTTCAACATGGCGAAAATATTCCTGCTTTTTTGCAAATTAATCGTTCGGTGCAAAGTATCCCAACGGTACAAAATATGGCGATTATTGCCAATTATTTAATTTTAGAAATTACCGCTCTTGATGCGGAGTCATTCAACTTTGAGTATAAAATTATTGATTCAATTAATTTTGAAGAGGACAAAGTTAAAATTATTATTGGTCGCTTTTATTCAGAAAATGACAAATGGGTATTTGAACGTCATTACTACGGTGGTTTTGCACAATTTTTGACATTAGGAGGGTGCGATGGCGAATAATAAGAAAAGATTCGAAACTAATTCAAAAGGCAGCTTAATTTTTCCCCAAAATTCGCAAAGTATACGCCAGTACCACGCTAATCCGTGTGGGTGTGATGACGATTTTGAAAACCGCCCTGAAATATTTGTCGATAAACAAGCACCAAATGGCGGCGACGGCTTAACCCTTGAAACTGCCTACAATGATTTAAATAAAACAATTTCATGTAATCCAAATACCAAAATTAGCATCAAAGGCTATGGCAAAAATGACCCGTACGAAACCGTGCAAAATGTCGACTGCATTTATTTAAATGGTTTAGATGATAAAGTTTTTGTTTCGATGATTTTAGATTGTGATGCTTCACGTTTTGACAACATTAATTGCCATAATTCAAGCCTTAACGGTGTTAGTGGGTGTCTAAATTCTGCTTTTAATAATTGTACGGCAAATGGTAATGAATATAATGGCTTTCATGCTTGCAAAAACTCAAATTTCAATAATTGTACGGCAAATGATAATGAATGTAAAAGATATTATAGCTATAATAGCGGTGGTTTTGCTACTTGTAATAATTCAAATTTTAATAATTGTACAGCCCAAAATAATGGTACGAATGGTTTTGGCAGTAGCGATTATTCAGAATATAATTTTTGTCTTGCAAATGAAAATTCAAGTCATGGTTTCGAAGATTGTCATTGGTCAACTTTTAAAAATTGCACCGCAAACAACAATATTAGTCATGGTTTCGATTTGGCACGCTCAACTCTTGAAAGTTGTACGGCAAATGGCAATGGCTATTATATTTCTGAATCTGATAAACATTATGCGTGTGGATTTTATGGGCTTCATAATGATTATTTAAATTGTACGGCAAGTGGGAATGTCTATCATCCAAATTGGAAGTGTG
CP151801.1_gap24	694882	699223	4341	TTCCCATTTATTTTAGTAACTTTTTTTAGTTACTTTGGGACTTTAATTACTATTTTAAAATGGATTTTTACTAAAAAAATATTTTGGCTTTTTTATGCTTTGGCATTTATTGAATATTATTTAATTTTACCAGGTCCAATTACCATGCCACGTTATATTATGCCGGCATTGCCAGTATTTTGCGTTTTTGCAGCAATTGGTTTTAGCAATTTGAAAAACTTTTTATTGAAAAAAGATTATTCTTGAAAAAGTACTAAGAGGAGGTAATTAATAATGAGTGATAAAATATTTTATACAACTTTTAAAACTACTTTTTGTAATATAACATTAGTTGGAAATCACGATGGATTAACTAATCTTGAAATGTCTCATACCGATGGCAAAAGAATTTTTGAAATCGACTCTAATTGGATTAAAAATGATGATTTTTTTGTTGACATAAAAAAACAATTATGTGAATATTTTGCGGGAAAAAGAACCTCTTTTACTAATATTAAATTAAATATTAATGGAACAGATTTTCAAAAAAAGGTTTGGAATACATTGCAAAAAATTGATTATGGGGCCGTGGTTAGTTACAAAACTATTGCTGAAATGATTAATAAACCTAAAGCTTCTCGAGCGGTTGGAATGGCAAATAGTAAAAATAAAATTCCAATTATTATTCCATGTCATCGAATCGTTGGTAGTAATGGACAGTTGACAGGATTTGCTCATGGGTTACAGTTAAAGAAAAGACTGCTAAATTTAGAGCGAGGAAAAGAAAATGTCATTTGAATTTATAGAAAAAAATCAGAGAGAATTTACCAAACAAGCCGAAAAGATTCTTCAATCAAAAATTTTTAATGATCAAGTTATTAAAGATGAAATTATTAGAATTGCAAAATTTTCGTCTAATGATATTATTTTAGATTTAGCTTGTGGTCCAGGTATAATGACTGAAGCAATTTCACCGTTGGTAGCAAAAATTTGCGCTGTTGATGTTACAAGTAAAATGGTTGAATTATGTCGCGAACGACATCTAAAAAATGTTCAAACAATTCAATCTCCTGCTGAAAAATTGCCATTTAAAGATAACATGTTTGACGTTGTTGTGACTCGCCTGGCAATTCATCATTTTGAAAATCCAGAAGTGGTAATTCGAGAAATAAAACGAGTTCTAAAAGATAATGGTAAAATTATCATTGCTGATGTTTATAGTAGCAATAATATCGATGAGGCTCAATTACATAATTCTCTTGAATTTTTTCGAGATCCTAGCCATAGTAAAATGTTATCACTAAATCAATTTAAAGAGCTTTTTTTGAATAATTCACTGATTGTACAAACTGAGGAAAAGTTAGCTCAAAATCAAGAATTTAATCAATGGTTGGCTATTGTTGATGATTATCAACGTAAAAGAGCTTTGGAGTGCATTATTAAAAATTTGATTGAATGTGGTAAAAAAGCTGGAATTAACTTACAAATTAATGATAAAAATAAAATATTATTCACCCATCATTGGGTTATTTATAAACTAGGAGTGAAATATTAAAATATAATGACAAACTTGCTGAATAAATCACAAAAAATTTCTAATGCAAAAAAATTTAAAGAATTACATCGAAATGATAGAGGGTTGTTTTTATTGCCAAATGCATGGAATGGCGGTAGTGCTAAAGTTTTTGCTAAACAAAATTTTTCAGCAATTGGAACAACTTCTGCTGGGATTGCTTATTCCTTAGGATATAGTGATGGCGAAAATATTCAATTTTCTGATATTATTCGTGTAACAAAAGAGATTGTTAATGTTGTTCAAAATGTCCCATTGACAGTTGATGTTGAACGAGGATATAGTGGTACTGAATCGTTAAGCGAAGTGGTTGACAATGTAGGAAAACTTATTGATATAGGTGCAGTAGGAGTTAACATTGAAGATGGACTGCCAGATACTTTTTCAGTTGATAATCAAGATAGATTTTGTGAAAAAATTGCTAAAGTTGCAGAATTGAAAAAACAACTTGAAATTCCATTTGTTATTAATGCTAGAACCGATATTTATTTACTACAAGTTTTTAGCCACAGAGATGAATTATTTAATCGCACTGTTGAGCGCGCCAAAGCATTAAAAGATTGTGGAGCCGATTGTATTTTTATTCCTGGAGCTCTTGATAAAGATACAATTGTTAATTTGAGAGCGAGTATTGAGTTACCGATAAATTTATTTGTTCATCCTCAGTTCTATGACGTTAAAGAATTGGATAAGATTGGTATAAACCGCTTAAGTAGTGGTTCAGCTCCAGTAAGAACTGTATTTAATCAGTTAAAAACGGTTAGTGATGAATTTAGTAAATTAAATTGTAACGAGATGTTAAATCATCCATTTAATTATGCTGCTGCAAATGAATATTTTCAGAATTGTTAGATTTTTTTCAAATTATAAAAAATCGTTGAAGTGTTGAAAAGATTAATTTGCTAAACATAAAAAGCAGTAGTAGGATCATATTTTTAGTGACATGAGTATAAATAATTTATAGCTTTAAAATACCTCTGACAATAATTACATTTAATAATAAAAAATGAGCTATTATTGTAAATGAATATTTTTTTATCAAATTTAGTATTAATTATTAATATTTACTTGTAAAAAAAGTTTGGTAATGCTTTATTAAATGCGAAAATTATATTTATTACAAAGGTAAATATTATTACAAATAATAATATTTTTTTAATAAATTAAATAAGCTTATAATTAAGTATTTTTTTAACAAAACAAAATCGGTGAGGAAATTTTATGAATTTATTTGCACAAAGCAAAATAAAGTTAACTTCTTTGGTATTATCTTCTTTATTATTGATTGTTGGTTTAACTTCAGCATCAAGTTATGCGGCGCCGGCCAATAACAAAACTGCTAATAAGTCAGTTGCTAAAAATAAAAAATCTGTTAAATATGTCTTTTTAATGATTGGCGATGGCATGGCTGCGACTCAAATTAATGTAACAAGAAAATATAAAGAGAAGCCCTTAAATATTGATAAGTTGAATGTAAAAGGATTAACTTATACTGGAAGTCAGAATAAAAGTGTAACTGATTCTGCTGCCGCAGCAACTGCAATTGCCTGTGGTAAGAAAACTGCAAATGGTATGGTTGGGGTTAGTGCACAGGGGGAAAAATTAGTTTCAATTGCAGAAAAGGCTAAAAAGTATTCAAAGAGAAAGGTCGGCATTGTTTCTTCTGTTAGCTTAAATCATGCAACTCCTGCCGCTTTTTATGCAAAAAATACTAATCGTGGTGAATATTATGAAATCGGTTTAGATCTAGTTAAGTCTGATATAGATTTTTATGGTGGTGGTGGTTTAAATGAAAAATCTGGGGATAAAGGTGACCTTTATGAGTTAGCTAAAAAACGTGGTTTTAAATTTGTTGATTCAAAAAAAGATTTTGAGAAATTAAAAAATGGTGAAAAAAAGAAAATTTTAGCAATTGCGCCACGTTTGAATGATGATGCTTCTATGCCAAAAAGTATTGATCAGCGCGAAGGTGATATATCTTTGGCACAATTTACTCAAAAAGCAATTGATGTTTTAGATAATGATAATGGTTTTCTTATTGTTGTCGAGGGGGGGCAAATTGACTGGTCATGTCACGAAAATGATGGAGCAACAGTGATTAAAGAGCTTTTGGCTTTTGATGAAGCAGTAAAAGTAGCTTATGATTTTGCTCAAAAACATCCAGAAGAGACTTTGATTGTGGTTGGAGGGGATCATGAAACAGGTGGTATGAAAATGGGATTATCTGGATCTCAATATCGCACTTATCGCAGTGTTTTATCAAAGCAAAAAAATTCTGCAAAGGTTTTTAATGCAGAGTTTGATAAAAAAGCTTCATCTTTTAAATATAGTGAAGATAAAAAAGTTATGGGACAGCAATTTAATGAAATGATGAAATTGGTAAAAAATGTATTTGGTACAGATTTTACGATTTCAGAAAAAAATCAAATTAAAAAAGGTTTTTATGCATTTTTAGATAAAAAAGCAAAAGACCCAAAATTGAAAAATAAATATGGTAATATGAAGTTTGGAAAATATAATCCTGTTACTGTTGCAGTACTACATACTTTAAATAAAAGAGCAGGGGTTTCATGGACGTCATTTGAACATACAGCAACTCCAACGACAGTTTTTGCTTATGGGAAGAAGGCTGATATTTTTGCTGGAAGTTATCAAAATACAGAGTTGGGTATTAAATTAATGTCAGTTATTGGTGTGCCCGCTAGAGTTGAATATAAATAACATTTTAAGGACCTCTTTATATATTTTGTTTACAAAAAAAAGCGCTTAAAGTTGTCCTTAAAAATTTA
CP151801.1_gap25	764050	768513	4463	ATTTGAAGGCTTTGCAAAAGGTTTTACTGAGGTTTTAGTATCATTTTTTGGAGCGTTACCAGGTTTATTGTTGATTGTAATTGTAATTGGTGGTATTCTTGGAGGTTTCTTCACAGCGACAGAGGCTTCAGGTGTTGCCGTAGCTTATACTTTAATTTTGGGTTTTATTTACCGTGAAGTTAAGGTTAGTCATATGCCTGATATTTTATTACAATCTGCAAAAATTACTGCAGTAGCTATGTTATTGATTGCAAGCTGCTCTGCCATGTCGTGGCTATTAACAATTCAAAATGTTCCACAAACAATTAGTGAGACATTAATTGGCATTTCTGATAAACCATGGGTAATTTTGATGATTATCAATGTGTTATTATTAGTAGTTGGTACTTTTATGGATATGACTCCTGCTGTATTGATTTTTACACCAATTTTCCTTCCAGTAATGGAAGATATTGGTATTGACCCAATTCACTTTGGTATTTTTATGATTGCTAACCTTTGTATTGGTTTATGTACACCTCCAGTTGGTTCATGCTTATTTATTGGCTGTAGTGTAGGTAAGTCATCAATATCCAAGGTTACCAAACCAATGATTCCATTCTTTATTGCAATGATTGTTGCGTTAGGTTTGATTACCTATATTCCACAATTATCACTTTGGTTACCAAAATTAGTTGATGAAATAAGAATGATGTTTAAGATTTAATTTGATTAAAAAAGCACCTGACAAATTTAAATGTTAGGTGTTTTTTATTGCAAAAAAAGTGCAATGGTAATAGGCTAACTGTGGAGGAACCTTAGTAAAGGTAGTGTTAATATAATTCGCTGGAGGTGTAAGATGAAAAAGAAAAAAAGCCCTCGTGAAAAATTAACTTGTCATAATATGCCAGAGGATGTTATGAAAGATAGACAACATTTCAAAGATATCAAAATGACTCATATTAAATATGAAAATCATTGTGGTATGCGTGATAAATCTAAACCTCATAGTCATTGATTAATTGGCATTTAACTAAAAAAAATAAGCGTAGCATATGTGGCTACGCTTTTTTAATAAATTACCTCGATGCAAGCATACGAGGTATTAATTACGCTTTTTAAAAAGCTTAGCAAAATTTTAATTCTAATAGGAACGACCCAAAGGGTCGGGGAATAAACCCTTTAATTAGATTTAAAATATATTTTTTATTCTACCAACGATTATAATGAACAAAATTATTATTATAACGACTCTTAAATATTGTTTCGCACGCTGGGTAACCCAATGCTATTACAGCTATTGGAATAATATTCTTGGGAAGATTAAAAAATTCAGAAACTCCTTTAATTCGCTCTTCTTTAGGTTGAACTCCTAGCCAACAGCTACCTAACTCTAACTTAGCTGCCGCTAACATAATATTTTGTACTGCTGCACTACAGTCTTGAATCATGTAAATTAAACTGTTATCCCAAGCTTCATTAAGATCGCCCAATACAACAATTGCGTTTGCTGCTTCTGTTAAAAATGGTCCATTTGGCAAAATTTCTTGAAGTTTGGCTAATTTTTCACCATCTTGAAGAACAATGAAACGCCATGGATCTTTTTTGCGTGCAGATGGTGCAGCCATTGCAACATGAAGAAGTTGGTCCATTTTTTCATCTTCCACTTTTTGCCCTGTATATTGGCGAACACTTTGACGATTAAAAATAAAATTTAAGTTATTCATATTATCTCCTTTTCTAGTGACATTAAATTAATTTTGCATTAAAAAATAAAATTTCAATAATAATTATCAAGTAACACTGATAAAATTTTGTGCATAATTTATTTTTTAACTATTTTTTATCTATTAATTCGTTCATTTTTTTATTAAATGAATCACAATAAATTTTTGAAGTTCTATTTTTATCATTAATAAATAAGTCAGTAAAAAGAGATTTTTTATGATATTTTTTTTGGTAAACTTTAACATTAAAATTATCACGTTGAGCAATAACTTCATTATGCTTATATTCGTAGTCATCACTAAATTGATAATAGAATTTATCACCCTTTATAAACGATAATTCTGCTTCATTTTCTCCTTGATGCGCTATTATTTTGTGAATATACTCACTTTGTTTATTTAAGTCTTCATAAAGAAAAGAACAACCAATTCCTAAAAAACCCGCTGTTGTACCCAAAAATATAGTAGTTCCAGATATTTGAAGATATTGCTTTAAACTATAAAATTCTTTTTCAGTAGTGTCACTTAAGTGAATTATGGCACAGTGGACAATTAAGTTGTTCTTCTTTTACCGGTACCCCACACTCAAAACAGTAGGGAAATACACCATTTTTGCTGTGTCTTTCAATGAATTTTTTAATATTTTTACTCGCGATTAGGTATAAAATAGTTAGAGTTATTATTATAAAAGGTGCAAATCCAAAACCAAATATAAAAGTATACTGTGAGTTATATTTTGTTGTAAATATTAATATTGTTGTGGGAATAAAAAAAATACCTATGAGTCCAAAAGCTATGAATAACATTTTTTTTTGAACTTCTTCTTTTATAAAATTTTGTAAAAAGTTTGTACGTGCCTTGCGTGAAAAATTTCCTAAATTTATATCCATATTGATTTTTTCCTTCAAATTATTGATAAATTTAAATTAATATTTATTTGGTTCTTTTCAAGTAAAAAATAAAAAAGGCACTCTATTAAAGAGTGTCTTCTAAAAATAAAATATAAAATCAAATTATTTTGCGCATTTTGCAAATAAAGAATTTTTATAAATATTTGCTACATTTTCTGCATTCATTGCAATTGGAGATAGTGACAATAATACATCCAATGATGGAGTTGTAAAGGCTAAGTTTGTTAAGTTTTCAACATCTTTAGCAGTGAAACCTTCATCAGAAAGCTTATCGGTTAAACCTAAGCTGAATAACCATTCTTCAATTTTGATTTCAAACTGTTCAGCCGCATTAGCTTTATTTGTATCAACATTGCCAACAATAGGTTTTAAAATGTATGCTAAAACATCTTTTGATTGTTCAAAAATTTCTTTAACAACTGCTGGTAAAAGCATTCCTAGACCCGCTCCGTGAGTAAATTCTGGGTGCAGTGCGCTTAATGGGTGTTCTAGTGCATGGGTAATATGTAATAATCCATTATCAAAACTAGCTCCTGCCATTAATGCCGCATATGTTAACCAATATCTTGCATTTGTGTCATTAGGATTCTTAATTGCTTTGGGTAGATATTCAGCAACAATAGCAATTGTTTCAGCAGCACTTTGCACTGAAAATGGCGAATTGCATAAAGTTGTCGCAGCTTCAATTGCATGGTTTACAGCATCTACAGATGTACTTAATGTTTGAAATTCACTTAATGATATCATTAGGTTAGGGTCGTCAATTGAATACCATGGATAGATACAATCATAAACAATTGCCGGTTTGTGGTTGCTTTCAGGAATTGATGCAACTGCTACACGATTGACTTCTGTACCTGTTCCATGTGTTAGATTAACCGCCACAATTGGAACTGCCTCAGTAGGAATAAACTCAAAGTTGTATAGTGCGCGCGCATCCTGTTCTGGGTTTGCCATAATAATTGCCGCACTTTTAGCTGTATCAATGGCACTACCTCCACCAATACCAATTACTAATTGTGCGCCAAATTCACGTCCCATTGCTGCTGCTTCATCAACTTGGTCAACTGTTGGGTTTGGCATGCTTTTATCATATAAAACGTATTCAATGCTGTTATTCTCTAAAGCTTTAACTACGACATTCCATGCTCCAGTGCGTTTATAAGCGCTTTTGCCTGTGACAATAATTACTTTATCAATTTTTTTTGCTGACATTTCTGTAGCTATATCATCTATTTTATTAATTGCTCCACAACCTAAAAATACCGTTGTTTTTAATCTAATATCAACAACTTTTTGACAATCTAAAGTTGATTTCCACATAACTGAACTCCAATTTTTCTCTAATTTAACTAAATTAACTTTTAAATAAATTTAACTTTGCTTTTTCATTTTAAAATAAAATATAATGAATTCCAGAAAAAAAGCAATAAATAAATATAAAAATATTAATATTTTAAGATAAATTTCATTGAATATAAATTAAAATAATCATCATAAAATTAATTATTTATATAACTCAATTTCCTTTACACCTAATAAACTATTTTTAGGGCGAACATTGAGAAACTTAATTTTAACATATTTAATATTTTTTGCATGCCATTTTTCAATATTGAAATCGTGTCCTGTCTCTTCGGCATTATAAACTTTTTTCCATTTTAAACCATTATTAGAAACATAAATTTCAAAATTATACCATGTACTATCTTTTTCCCAAATAATTCTGCTACCAGCTAAGTTTTGAGTATTTTTAAGCGTTAACAAAATCTCTTGATTATTATTATTTTCAGCATACCACCAGTTCTCTAAATTACCGTCATTTAAATGTTTAGTTGAATAACCA
CP151801.1_gap26	772108	776668	4560	AAATGACTGAAAATTAGTAAACCTTGGCGCTTTCATGATTTATCCTCGCTTTAAAAATATCTATATATGACAATTAAAATAAAAAAATCTGTTACTACAATTTAGTACCTAAATAATGTTATAACAAATAATTAATACAAATTCAATCATTTTTTAAATATTTTAGATAAAAAATGATCTTTTTTTATCATTGAAAAAAATATTATAGCCATTATAATCAATATTAATGATTTAAAATGAACAGCTTGGAGTCAAAATGAAATCTTTGCTACATTGTTTGTGGACAGGCCCTGCGTTCCCGTATGGGCTAAGAACATTTATCAAAACTTGGGTTCAATATCTACGCAAGTCTAATAGTGACTTTCAATTAGTAGTTTGACTGACAACTGATTCGTATAATGCTGCAAGTGAATTTTTAAGTAAAGGAGCTGGCAATACATTGGATCAAAAAGGTTGGTGTCGTTGTGTGCCTGGAGTTAATGCTTTATTTAATCGTGCAACTCTGAACTATAACTCTTTTTATGTAGCATTGTGTGAACCATTATTGGCAAATTACCCAGAGACATTACAAGGAGTATTTAAAACTCTTCATGCGGGTAAAAGATATACTGCTGTTAGTAATATCGGACGGCTATTAGTTTTAAATGCTTGTGGCGGTATTTATACTGATGTTGATTTTTTATTGCCCAATGAAGAACGAAAATTCCCTAAAAATATTGATACAATTTTAAAAGTTTTTGGTCGTTGTAGCAAAATCAATTTTTATTTACCAGCAATTAATTTAGATGGTTATTGTTTGGTTGAAAATCAAGCTGCTGTTTTAAATCCTAAAAATATTGGGGCATTAAATAAATTAATGCGAGATATGTCACGTTGTATGGCTACAAATTATGAGGAAATATATCTTGAAACAGCAAATAATGCAGAATATTTAGCGAGTGCTGAAAATAAACGCCTTGAGCGTTCAATGTTTACGTCTCCACTACATACTAAATTGATGAAGGCATTTGGTAAACGCGATTTTAATCGGTTCAACAGAGTAAATACAGATATTTTTAAAAATCAAACCTCAAAAGGTTTTATGCTAGATTCATTTGGTGAAATCGAAGAAAATCCACCAATGTTAAAAAATGGCATGCGTCATTACAGTTATGAAGTATCAGGACGTTTAACCTATGGGATTGTAGTGCAGTATTTTGAAGCACACTTGGGTAAAGTTTCTGCTGAAAAATATATAACTGAGTATTGGAGTAAATTTAGGCAATTTTTTGCTGTTAAAAGTTTGGATGAACAATTTCAGTTTGTAGATGATCAAGGACAACGTCAGGGAATGTATTCGTGGGCTAATCCTGGATTTTCAAGATTAAGTAAGCTCGAAAATGCAGCAAATCTTATGAAAGGGCGATTTCTCAGTAAAAATAAAATGGTAAAAAAAATGCTTCTGTTAGAGTTTGTTGACGGTGCAAAAAATGTGAAATTTGGTCGTTTAGAAACAAAAAATTCTAAACAAAACCGTGAAATGGGATTAAAATTATTAACTGATGTTATAAAAAAACGGAATCGTTATTATCTTAGAGTTGAAGATGCCAAAAATTTGTTATGTAAATTTTTAGGAATAGCCTTTATAAGAATTGGGGTAGGGGGGCATACCAATATGGGTAATTATGCAGTAAAAGCAATAAATGAAGCGCATTTCAAAGATTTAAGGGTTCTAATTGATCCAGATAAAGCACAGCTTAGTTATGATGACTTAGAGGCTGCCGCGCATATTAATCGTGGTGCGCGTGGTTAATTAAAAGAGCGTTAGAGCAAAAGCTCTAACGCAAAGTGTTAATTGGTTAATGGTGTTTTTTTATACTTAAATATTAAAAATATTTATTTATCTTAATAATAATCCTCCACTAATATTTAAAACTGAACCAGTTATATAATTAGCTTTTTCTGACGCCAAGAATGTGACTGCATCAGCAATTTCATTAACTTCGGCAATTCGTCCAAGAGGTATTGTTTTATTGTAATGCGCTTCTTTTTCAATTAGACTTTCAGCGACCATTTCTGTTCGAATTAACCCTGGCGCAACGGCATTGACACATGTTTTAGTCGATGCTAACTCAAGAGCTAATGATAATGTAAATGATACAACAGCACCCTTGCTAGCAGAATATTGAGATTTTCCTGTCGCTGAACCATTAAAAGCTGCCTGAGATACAATATTAATTATTTTCGCTTGTAAGTTATTTGCCGTAATTAATTTACTCATTTCCTTACAGCATAAAAAAGTTCCATTTAAGTTAATATTTAATGTTTGCTGAAACATATCATAAGGCATATCTTTTACCATTGATGTTGGGCAAACTCCTGCATTATTTACTAAAATATCAATTTGGTTGAATTTTTCAACGGCAGTTTTAAACATCTTAACAACGGCATTTTCATTAGATACGTCCGCAGCAATAGCTAAAGTTTTAACAGAATATTTTTCTTCTAGTTCTTTAGCAAATTCTATTGCCATTAAATCGTTCTTTTCGTTAGATCGATAATTCAATATAATATTGACACCTTCCGAAGCTAAGCTAATGCATATCGCTTTACCTAATCCTTTTAACGCTCCTGTAACCAATGCTGTTTTGTCATTTAAAAACAAATTCATTTTGTCCTCTCGCTTTAATTTATGATTTATTTTGCGAGTTAAAAGTAATAATTTTATTTTTAACTACTTCTTGTAGGGCTAAAATTGGTTTTTCGTAAACAAATATTGGCCATTTCCCCATGTTATCACTTTCATTTAAGCCAGTTTTAAGTTCACTAAACATGGCAATTAATATATCAGTAAAAACATTAACTTTTGTAATTCCATTAGCAACAGCTGCTTTTATTTGACCTTCTGGTGTCCCTGACCCACCATGAAGAACTAGGCACGCAGGTGAAATTGCGTTAATTTCTTTTAATAATTCAATTTCTAGTTTAGGGGTCGAAACGTAAGATCCATGAGCAGTTCCAATCGCAATAGCTAAGGCATCAACATTGGTTTGTTCAACAAATTTAAGTACTTCAGTAGGTTGAGTTAAACATTCTTTTGGATTTTTGTGTTCAATTCCTTGTTGAGCTGCTTCGCCAGTTCCAGCTATTGCATCTGGTACATGACCAAGCTCAGCTTCAACCGTCACCCCTCGTTGATGAGCATAATTGACTACCTCTTTAACTTTAGCAACATTCTCTGTAAAAGAGTGGCTCGAAGCATCAATCATTACTGAATTAAACCCTGCATCAATAACTCGTTTACATTCATCAAAGCTTGTCGCGTGATCAAGGTGGATAGCAACTGGAACATTAGCATTTTGTGCAGCAACTTTTGCCATGGCTATAAAATAATCAAGTCCAACTCCTTTTAAGTCGGGCTTAAGCCCCGCAAGCATTACTGGCGAATTCATTTCGTTGGCTGCATCTACTACTCCACGCATAGTTTCGTAATTGCATACATCAAACATTGGCACGGCGTATTGACGAGCTCGTGCATCTTGAAGCATTTCTTTTGTTGAAATTAATGACATCTCTTTTTTCCCTTTTTGCAAGCATCTCTAATTTATTCGTTAATATTAGTAATATTGATAATTTAGAGGTGCATAATAGTTCTTCTTAGCGTAAAATCTTTTAAAAAATTTATGCTAACTTAACATTAATATCTAATTTCTTTAATTGAGTCACCGCATCTTTTGGTAACTTTTTATCAATAACAATTGTATGTAGTTTTTCTAAAGGCATAATTTGAGCAAACCCAGCACGTTCATATTTATCTGAATCTGTCATTAAAATAACCTTTTCAGCGCGTTTGCTCATTTCTTGAGCTATTAAAGCATTTTCCATTAAGTCAGCGGTAACACCATGCTTGATTGAAAAACCATCAGAACCTAGAAAAGTCATTTTTACATGATATAATTTTAATGACTTAAGTGCTAAATTGCCAACAAAAGCTTCTGATTCTGGACGAAACTCTCCACCAATTAATGTAACATGAATTGATGGATTAATACGTGCATATTGTAATATTTGGCTTGAGTTTGTGACAATATGAATATTGCGTTTTCCCAATAAATATTTAACTAACAATGAACAAGTCGTTCCTGATAGTAACATGATTCTGTCACCATCTTCAATTAACGATGCAGCAGCTTTGGCAATACGTTCTTTTTCTTCAATATTTGTTCTCATTCTTTTTAATACGAGTGGGTTAAATGCTGGAATTCCTCCGCCGTGAGTACGTACAATTAACCCTGTTTCTGACATAGCGTTTAGGTCACTTCTAATAGTAACTTTTGTTACTCCTAAAAGTTCACTTAACGTAGTTATTGATAAGCTACTATCTTGAGATAAAAGCTCAAGAATTTTATGCTGACGTTCATTTATATTCATACTTTGTCCCTAAATTTAGTTTTCTGCCCTTTTTGATTAGCTATTCATTTTTTTTATGTTTTTTAATTTCAAAAAATACTATTTATCATAGTTTAGTTATTATTGCTAATCATTAATAATTACTAATAAAATAGTAAATTTGTAGAGAAA
CP151801.1_gap27	908588	910634	2046	ACCCTTCGGCGGTAGTATTTGATGCGGTTAGTTCTGCATTAGCTAAAGAAGCTGATGTATTATTAATTGACACGGCTGGGCGCCAACATACAAGTAAAGGCTTAATGGATGAACTAGGTAAGATATGCCGAACAATTTCAAAAGTATATCCAAATGCGCCTCATGAAGTTTGGTTAACTGTTGACTCTACATTAGGTAGCAATGCAGTGACTCAAGCAAAAGAATTTACTAAAGTGGCGAATATTACTGGTCTAGCATTAACAAAGTTAGATGGTACAGGGAAAGGCGGTATGGCTGTTGCAATTCATGAGCAATTACAATTACCTGTATTTTTTGCAGGTTTTGGTGAACAAGTTAGCGATTTACAACCGTTTAATGCTGATTACTACATTTCAGCAATTTTTGATAAAGAATAAATTATAGTTTATGAGTATTAAAGACCATAAATATTTTATGCAACAAGCGCTTAATGAAGCATTGAAAGGTTGGGGAAAAGTGAGCCCTAATCCATTGGTTGGTGCAGTTGTAGTTGATGAAAACAATCAAATAATTGGTCGCGGTCATCATGAATACGCGACGAAATATCACGCTGAAATTAATGCCCTAAATAGTGCTATTAATAATTTGTTAAATCGCAATTTAAATTATCACAATTTTGATGATAAAAATCAATTGCTTAATAATAAAGATGAAAAGTTATTAAAAAATTGCACGGTATATGTTACATTAGAACCATGTTCATCTTTTGGTAGAACAGCTCCATGTACCGAAGCATTAAAAAGTTGCAATGTAAAAAAAGTGGTAATAGGCTGCGAAGATGATAACAGTTTACATTTAAATAAAGCTGAAAAAATTCTTCAAGCAGCAAGTATTAAGGTTATTAGTAATATTGAAGAACAGCAGTGCCGAAATGTAAATGAAACATTTTTTAAATGGATCAAGACTAAAAAACCATTTGTCATTTTGAAAATGGCTATGACTTTAGATGGGAAAATCGCTACTAAAGAAGGTCAATCAAAGTGGATTACGGGCGCAGTTGCTCGTCAACGAGTTCAAGAATTACGTAAATGGAGCGATGCTATTTTAGTTGGAGCTGAAACTGCACGATTAGATAAACCTTCTTTAACAATTCGTGATGTAAACAATAATATTTTAGACCATTGGACACAGCCTAAAAGAATAATTTTATCAAATAATCAAGACAAAAAGTTTTATGAAAATATTTTATCGGCAAACGGTGGAGAAATTAGCGTTGCATCACTAAATAATAGAAACGATTGGAATCTTTTTTTAACTGAGTTAGGAGCACAAAATATTACATCTCTTTTAATAGAAGGAGGAGGTAGTGTCGCCGCTGCTGCATTAAATGCTCAAATTGTTGACAAAATTGAATTTCATGTCGCTCCAAAGATTTTAGGTGGCAAAGAATCGCGCCCTGTAGTTAGCGGAGAAAATCCTTTAAGTTTAGCTGAGGCTCATAATCTTAAAGATATTAAAATTATTAAATATGGAAATGACATTGCTATAAGTGGTTATTGCGATGATAAAAAATTATAGTTGAGAAAATTATGTTTACAGGACTTGTAGAACGAACTGGAAAAATTATTAAAGCTGATGCTAATGGTGCAACTAAAGAGCTTGATATTTCATTGAATAAGCCATTCAAAGATTTAATTTATGGCGAAAGTATTGCAATTAATGGCATATGTTTAACACTAGTTGAAGAGCTAGCAGGAGGAGTGTTGCGTTTTCATGCTTTAGAGGAAACTTTAAAACGTACTAATTTAGAGGAAATTATCAATAAAAATAGCAGTGTCAACTTAGAACGAGCAATGCAAGCAAATGCGCGTTTCGGCGGTCATATTGTAAGCGGTCATGTTGATTGTGTTGCAAAAATTCTAGAAATTAATGATGTGAGTGGTGATTTTGAGTATAAAATTGAAATGCCTAAATCGATTACACCATACCTTGTTGAAAAGGGCTCAATAACTATTGATGGCATTTCTTTAACAATTGTTGAAGTTGGTAGTGATTTTTTCACTGTTC
CP151801.1_gap28	913054	913648	594	AAATCAACTTTCCCAAATTTGAAAAAAGAGCAGTTTAAGCGCATGGATAAAAATGATGACGGTTTCATTTCAAAAGATGAAATGGAAAAAATGCGAAACAGTCATAAAGGCAACATGAAAAGATCCTTAAAAAATGCTGATAAAAACAATGATGGTAAAATTAGCTTTGAAGAATTAAAAAAAGCTAATCCTAAAGTGACTAAAAAAGTTTTTGATAAACTAGATGCAAATAAGGATGGTTTCATAACTCAAAAAGAATTAGAAAAAATGCGTAGCAAAAGAGGTCGCAACGGTGAAAAAGGTCGTAATGGCGACAAAGCGCGCAATGAAGAAAGAGGTCGCAAGGGAGAAAAATCTCATCAAGGCGATAAAGATCAAGATCAAAGTTAATAATTAAATATTCATCTCAAATTATAAAATAATGGCATTTAGAATTATTCTAAATGCCATTTATCTATCTAAAATTTAAAATTATTTTTTTTGTGTATTTACACTATCTAAAAAATCTCTACTACTTCTTCCTGTAGACATTTGAATTAATTTTTTAGTTTGTTCGTCATTTAAATATTGAACTAAATCTTTGCGATACTTTAG
CP151801.1_gap29	922252	925120	2868	TTGGAGTAACTTCTAAAATGTAACCTTCTTCGCCAATTGCATTATCAACAGCAAAAACAACACTATTATTTTCTACAGTTGTACAACTTGTTACTACCGCAGGTGTAAATCCTGCATTTGAAACACGGTTCACAAAAAACTTCGCACCATCATACAAAGATTTATCGATCTTGATTTTTGTTGAAGCATCAAGAATAAAAAATTCTTCTCTAGCTGTAGCCATTGCTGTAGGCTGTGGAATAATTGATAAATCTGCAGTAGCAATATTACATTTCTTAGCACTTTGAGCTACTGAACATTTTTGTTTTGACGTATTTGAGCAACCACTTACTAAACTTATAACTGAACCTGTTAAGGCCATGCAAGTAAGAGCAAAAAACTTCCTAGGCATCTCTCTTCTCCTGTGTAAAATTAATTTTAGAAGTTCAAAAAATTTATTAAACTTAATATTCTCTCATTTTATACTTTAATTCACATTATAAAATTATCAAGCAAAAACAAAACTTAATCCCAAAATGATTGAAAAAAAGTTTTATTTTAAAATATTTAGTTTTGACGATTATCAATAACTCTCTTAGCTTTACCTTCACTTCTAGTAATAGTATGTGGTGCAACCAAAATCACTTTAACACGCAAGCCAATTGTTTCCTCTATGGAACTCGTCAATTGGTGTTGTAAATTTTCCATCATTCTAACTTTATCACTAAACACCTCTGGTGTAACTTCAATTTCTACTTGAATGTTGTCGCGACCATTATCTGAATAAAGAGTTATTTGGTAATGAGGTACAGTTCCTTCAACCGCTAAAATTGCAGCTTCAATTTGCGATGGGAAAACATTTACGCCACGAATAATCATCATATCATCACTACGGCGTCCAATACGATGAATTTTTCTAATTGTTCGACCGCAAGAGCATTTCTCAGTCATAATACTAGTAATATCACGCGTACGATAACGAATCATCGGAAACGCTTCTTTAGTTAATGTTGTAATAACCAATTCACCTTCTTGACCATCTGGAAGAACTTCACCTGTTTCAGGGTTAATAATTTCTGGGTAAAAATGATCTTCAAATATATGTAGACCATTTTGTTCCTTACATTCAATTCCGACTCCTGGCCCAATAATTTCACTTAAGCCATAAATATCAAAAGCTTTAACTCCAGTCATGTTTTCGATCTGTATACGCATCTCTTCAGTCCAAGGTTCAGCGCCAAAAATACCAGCGCGAATCGGCAAATCTTTCATATCAATCCCCATCTCTTCACACTGCTCAGCAATGAAGCAGAAATAACTAGGCGTACAACAAATAGCAGTCACTCCAAAATCTTTCATCACCATAATTTGTCGTGCGGTATTACCTCCAGAAATAGGTACAACTGTTGCACCAATAGCTTCAGCCCCATAATGAGCTCCAAGTCCACCAGTAAATAATCCATACCCATATGCATTTTGAATAACATCATTTAAATGAAGTCCACAACAAGCAAAAGAACGCTGCATAACACTAGCCCAAGTATCAATATCATTTGCAGTATAACCAACAACAATTGGTTTACCAGTGGTCCCACTTGATGCATGTAATCGCACAACATTACTTAAAGGTTCAGCAAAGAGTCCATAAGGATAAGTATCACGCAAATCAGTTTTCACTGTGAAAGGTAATTTTGCTAAATCTTTTAAACTTTTAATATCATCAACAGAAATGTTTTTTTCATCTAGACGTTGACGAAAAAGTTCAACATTTTCATAAACTTTTTTAACAACCGCTTTTAAACGTTGTAATTGAAGATCTGCAAGCTGTTCTCTAGGCAAATAATCATTTGCACTAATGTCATTGAAGTTATCGTAAAATTGTTTAGTCATAATTACCTTTTGCTATTACTTTATTTTTAGAAAGATTTCTATTTAAATTTTTATTAAAAATATCGTTAAATTCACTCAATTACAAATAAATTATTAACTTATAGAACATTTTTTTACATTATTTTGAAAAAACTAACACAAGAGTTCCAATAATTGCCACTAATAATAAAATAGCCAATGTTATTTTAAGGGCGCTGTATGGTCGTTCCCCCTGCACTTCTCCAGTTCTTGCGTTAATATAAAAACGATAATCTTTGTTTTTAAACTTGATATTACTAACCCATACAGGCAAAATTAAATACTTAAATGCAATATCATTGTAACTATTACAGTAGCTATGTATCCGTTGTTTATCACCCCCAATATCACGGCGAATAGAGTTTTTAATTGCATCATCAATAGCATCTTCTGCATTATCAAAAGACTCGTAAAGATCAATTGAATAAGTTTCTCCATCAAATCCCCGCAACTTATCTGCATCAAATTTTTCTAGATTTTCTAAGTCCCAAGGTTCAAGCTCTTCGACAAATTTGCGTTGAAAAGTTTTTGAGCAATAAATTAAAACATCATTAAAGAAATTATAAACAACTCCATACGCGCTATACCAACGTGTTTTTGTGCGAGTGTGACTATTCCCTTCGCTATCAGTGTAGTGCTCAGTATAATTTTCACCTCTTTGTCCAGTATATCGAGAATGAACGCTAATATCAAAAGTGAAAAATGGCATAAAAACACCATTTAGTTTATTAAGTAAACGCTCTTCTTTAAATGAATTTGGCGCAAACCATAGTGACTTTTGCCATTGTCTAAATTTTTCACGAGCATCTTCTCTAGCAATTTGAAACGGTAGCATATATTGGGGTTTTAATGCATTCTGCTCATGAAATGTCTGAGTTACGGCCGTTCCACAGTATGGGCAATCTTCTATTAAATCATTACCTTCAAGAACAATTTGTGCACTACATGCAGTACAATCAATAATTTTTTCAATAATATTTT
CP151801.1_gap30	928336	931747	3411	CAGAAAATTTTTAATCTAGACAAAATAATTGACCCTAGATAACTTCTAAATTTAAATGGAGTAATTTATGATATATTTTAAATTTATGGCAAATAGTGTTTTTATAATTGTGCTGTTATTACTATGTAATAGTTGTCAGCAATGGCTTGAAACAAGTTCACATGAACTACAACAGCAAGAAGAAGCAAAGCTTGAAAAAAAACGCATTGGCGCAATTATTACAATCAATAACATTATTAAGGAATATACCAATAAAAAATATGAAGTACTAGTTCCCTCTTTTTGGGAAGAAAATGAAAAATTATGTGTTAATAAAAATAGTTTATTAACGCCAGAAAGCATTGAAACCATTGAGCGTTTGCCAAATGATAAAGTTGCCAACACATTTGACTTAATTTTACATTTAAACGATCAAGGCTTAATGAAATATGATATTATGGAAACAACATATGCAAATAAAAAATTAGCACTTTTAGTTGATGGACAATTTTATAAAGCAATTGAAATAGCGCCTCTGATTGATAAAAAGAAGAATAGTTTTTTCATACCTGGTCCCTTCAGCGATAATTTATCAAAAAAAATTGTTGAAAAAGCTCCAGTAAATTATCGCTACTATAACGGAATCGAAGAAGAGTCAAACCTTCAGACTTTAGAGCGCCTAATGAATCCACAATAGATATTAATTTTTACATATATAACAGTTTAAAATAAAAAAATCTGCTAAAAATAATATTAGCAGATTTTTTTACTATTATTAAATATATAATTACCAAGTAAACCCTACATTAAAATGGAACTGAATTCTATTTTTAGCATCTGGTGAATTATTTACAATAGGATATGCAACATCAAGTCTAACAGGCGCATTCAAGTATGGTACTAGAACCCTTAAACCATAACCAGCCCCCACATTCAATGTATTAAATGAAATTTCATATGGATTACGCCATATCGAACCAGCATCAATAAATGCAGCACCTCTAATAAATTTCCATATAGGATGAGTTGCTTCTAAAGAAGCAAATGCAATAGTGTTACCACCAATTGCATGGTCATTACTATCAGCTACACCAGCTTTCATGAATTCAAAACCGCGCAACGAGTTACCACCACCAAGGAAATAACGTTCATAAATTGGCACTTCATCATTTATATTGAAATTAGAAACAGTGCCTAATTGACCTCGAGCATGAAGACGAATAGCTTTATCAAACAAACTATAGTGATATGAAGCACGAGAATTTAAACGATAGTAGTTAAAACTACCACCCATAATTTTTGCATTTATAGCTCCTTCAGCCATAATATAATGTCCACTAGTCGGCTCTAAAATAATTTCGTCACGAGTATCACGCTCTAAACGAATCAAAAACTCACTAATACGATTTATATCTTCTTGATCACGCAATTCAGGGCTTGCTCCACTAGAAATTTCATCAACATCAACCCATTCCATACGGTAGCGAGCTGTGACTCGCATGAATTGCTCAAAAGTATAACCTAATGAAATATTACCACCTAAATGATTTTCACGCCAATAATCATAGTTGTAGTCACGAACATAAGCTTGAGGAGTTAATGCTAAAGGAATTCCAAACAACCAAGGTTCTGTAAACGAAAGTTCAGCACCTGCACGCTCTAAACCATAATATCCACTCAAGTTCAAGCGTTGCCCACCACCTAAAAAGTTATTTTGTGGATTAAAGATATCCACGTTAGGACTGCTTAATTTAACAGTACCAACCAAACTATTGTAGTCCGAAGCCCCTGCTCCCAATTGTAAATCAACAAATGGCTTTTCTTTCACTTCAAAATTAACGTCTTTTTCGCCAATACGATTACTATTAACAGCGGCAGCTTTAACATCTTCAAAATATCCCATCCCCATTAAACGTTTGCGACTCTGTTCAATACGGAAATTATCAACAGGATCACCATTTTGAATTGCCAATTCACGACGTATTACATAATCTTGAGTAATTCTGTTCCCAGAAATATTAACTCTTTTTACGGTATATGGACGTCCTTCCGTAATTTCATAAACAACATCAACTCGATGTGTTACGTAATTAGAAATTGGAACTGCTTTAATCGTAACATCAGCATAACCCAGTTTATCATATTCCTCTTCGATAACACGCTTATCATTAACTGTATCAGAATAACAATACGGTTTTTCAAGTTTTAATTTTAATCTTTTTTGAAGAGTTTCAGTAGGAACTGCCTTATTCCCTTTAATACTCACACTATTTACAATATAAGGTTTACCCTCAAAAAAAGTAAATTTTACATTCATCCAAGATGGATCATCTCCACTTTGAGATGTAGTAATTTTTTCTACTTTAAAATCCAAATAGCCTTTTTCATGATAAAGTTGTGCTAAACGCGCTTTATCTATAAGTAATTCTTTTGGGTCATACAATCCAAATTCTAAAAATCTACTTAAAATATTATATCTCGTAGCAATAGAATCTTTTAGTGTATAGTCTGAGTAAACAGTACTATTTTCAAAGGTTACATTATCAACTTTAATACGTAAATTTTCTTTAACATAAAAATGAATATTTAATGTACCATCAGTGTTATTTTCACGCCTATAAGTAACTTTTGCATCATTATATCCCTTAGCTTTATAAAGCTTCTCAATATTTTTTAATGACTCAGAAAGTTGAGCATCTTGTAATGGCATATCAAGAGCAATTGGCACAACTTCATCAGTTAACAAATCTTTTGAGGTAACTTCTTTGTTACCAGAAATTTCAACATTGACTACTACAGCCCTACTTTCCAAAATAAATTTAATAGAAACATCACCATCTTCATGTTTAATAAGGTCGTATTTTAAGTTTCTAAAAAAACCCATTTCCTTCAAACGTTTCAAATCTTCATTTGCACGCTCAACGTCGTATTCATCTCCAGCACGCTCGCTGATATTAAACATTAAAGTTTTCTTTTCAAATTTAAATTGAGAAGTCTGCTCAAATATAATATCTTTAATTTTTGCAGCAAAACCTTCATTAGCACCAACAACACCTAAAGACAACAATGATGATAATACCATTTTTTTACTACATTTTTTAAACTTCTTCACAACCAAAAAAACTCCTTTATATAAAAATATATAATAAGTACTTTGCAGAAAAGGCGCTATCTGTTACATCAATTTAAAAGAATTTCACAAATTTTACTCTTCAGCGTCAGGCATATCAGCCTCGCTAAATTTTTTCGTTGTCCTAAATTCACCTAAATGTGGATGGAAAGATAAATAACAAATACCAATTTCTCCATTACGATTTTTTTCTACAATCAATTCTGTATTCAATCCAGTTTCTAAATCCTCTTCAGTCATATCTTTAGCTTTATCACGATCACGATGCAAAAACATAACAATATCTGCATCCTGCTCGATTG
CP151801.1_gap31	1062511	1063440	929	CTTTTCTTCTCCTTGACGAGCCGTTACACCAGGGAAAGCTGTTAGATTCATACCTCCTAAGGCTAAAGTCGCCTCATTTCCCGCTCTCATAAACAAGGTTAAACCATCACTAGTATAATAATTATATGCAGCCATTGGTTGTTTTGTGCTTTCAATACCATCAACACGAATTGATCCCATACTAATAAATGCGTAATAATTAGCTTCTTTTTTTACAAAATTATCATTATTATAAAAATACCTTAATCCACTATAATACGGATATTTAGTAATTGACGCTGTATCATTTTTTTCCATCGCTGCTATTAAAACTTTTAATTCTTCACGCTGGTCTAAAGTTAATGACGAACTCCAATTATTATAAACATTTTTTATCAAACCTAAACTAGGGAAACCCTGTGGCTTTGAACTATACATCATATTTCCACGACCTAAAACTGGTGGAATATAACCTTTGTAATCTAAAAATGACGAGCCACGAAAAAAATTAAATAAAACATCTACATTCTTTTTTTGTAGAGTTCCAGCCCAAGGAGTATCACGTAGAATATTCATATATGCCAAGGCTGAACTTGCTCCGTGAATTGGATACCCCCACACCAAACATTGCATTCCATGTCCCCAACCTGCGCCGTCAGCAGTAAAACCTTCAGTCCAAAATGCGTCATCATAATTAGTTTGTGATACTACGCTAATCGCTTCGCGAGCTACTTCGCTTAGAACATCAAGCATTCGAATATCATTCATCATTATTGCAGCAGAAATTACAGGACGATAAGCAATACCGTTGCCTCCAACCCACCATACATGTTTCCTAAAACGTTCTACACTCACTATATTTTTATCAGTTTCATCATGGCGGTATGGTTGAGTCCATGCTTGGAAGCCTAATTCACGAATTACAGTGTGAAAACGCATAGCCAAAGCTG
CP151801.1_gap32	1066477	1067302	825	CTGCAGTATTTTCAATTACAGCAATTCCAGTAGTCGTTTTGTCCAAAGTTATGTTAATTGATTCAGCAATTTTTGCTAAACATTCATCTATTGAAATTTGTTTTAGATGACTTCCTGGATGAAAATTTAATAACTTAAGTCCTAGCTCCTCGCAACGTTGCATTTCATCTAAAAATGCCGCACGTGATTTTTCTAGTTTTTCTGCCTCTGGATGACCTAAGTTGATTAAATATGAATCGTGTGGTAAAATTTGATCTACGGTAAAATTAAATTTTTCACAATTTTCCTTAAATTCATCAATTTCCTTAGTTGTGAATGGCTTCGCGACCCAACGACGTTGATTTTTCGTAAATAAAGCAAATGCAGTCGCTCCAATTTCATGAGCATTAATAGGAGCATTATGGACTCCTCCAGCTGTACTAACATGCGCTCCAATATATTTTGTCATAATCATATCCTTAAAATATTATGTTAATAGTTTAAAAAATTTATTTATTATTTTAAAATACATAATAAACTCTCATTACTAAATTTAAAAGCCAAATTATACCCTTTTTATACGATTTTAATGAAAAGAACGTGAATTTAGGAGATAATAGCATTAAAAAGTTTGCATTTTGGATTTGTTACGTTATTTTTAGCTGTTTGTTAATTTTTTATTTGCCAACTTTGTCTGTATTTCCGCGGCATAAATTAACTAACTTTTACATCATTATTAATATTAAAAATAAATATAAAATAATATATAAATAATTAGAGGAATTATTACAAATGCCAGTAACCATTCTAGTAGGTACACAATGGGGTGACGAAGGAAAAGGTAAA
CP151801.1_gap33	1069367	1073388	4021	AGTCTACCAAATCAAACCATTACTCAAAGGATACCAGCGAGAGCGTGTAGCTGTATTCTTAAACCCAGAGCGTGACAAATTAGGGCGTGGCTGGAATCAGATGCAAGCAAAAAATGCAATGGGAAGTGGCGGACTAACTGGTAAGGGAGTTGGCAAAGGAACAATCAATACTTTAGGATACCTACCAAAAACAGTTTCAAATAATGATTTTATTTTTTCAGTAATTGGGGAAGAACTTGGTTTCTTAGGTTCTGCCTATTTAGTTTTTATGTATATATTACTAATAATTTCGACCATCAGAATAGCATTATGTGCTTCCGAGCCCTTTGGGGTATATTTTGCAATTGGCGTGCTTGGTATTATTTTAATTCACTCATTTGTGAATATGGGCATGAGTATTGGTATTTGCCCAGTTACAGGATTGCCGTTACCATTGGTTAGCTACGGTGGGTCGTTTATGCTTTCATCAATGATTATGTTTGGAATGCTTCAATCAATATACGCACATCGCAAAAGAGACTAATACTTTAATAACAAAAAAGGAAGCTATTATGATAAAAAAATTTTAAATTTATCATTAACCAATAAATTAATCATAATTACTTTAATTCTTTGTATGATTTCAGGTTTTCTAGGCAATATTACGGCAACTAAGCTCTTTAAAATAATTGGATTTAAGCACGAAGTTATTGCCTACAAATTAATTAAACCGCAGATTATTACAATTGATAAAAAATCATATTTAATGTTTGAATCAGATTACGCTAATAATTACTCTGGCAACTTAGATTGGCGTGTTTATAAAAAAATCATTGATGATACATTAATTGTAACTATTGATGCTAAAAGCATGCTAGCTACCAACAAAAATCAATCTGGCACTGATCCATTATACACCCTATTGATACCTCTTGAAAACAAAAAAATTAATATCGTCAGAATCAAAAATAACTATCAAGAAATTACTCTCGAGTTAGCGTACAAAAACAATCAATATATGATAACAAAAACTAGAGGAATAGAGTGAAATGAATTTAAAAAAAATTGCTAAAAACTGTTTCTTGACCGTTTGTGTTCTATTTTTTATAGCATGTAGTTTTATAACATTTTTTACATTGACAGCCGAGAATGAACGCACTAAAATTGCTAGAGAATTTACTGAATGTAAAAATTTACAATATGACGTGATAACAATAAAAAATGAAGAATATTTAAAAATTTCTACAGAAGCACCCCAAGGTTTCGATCTTAAAAATCATCAACTAGTGCTTGGATTTAATAAAAATTCACAACTAGAAATCACATGGGAAAAAATTAATAACTCAGCGGGCAACCTCATCAAACAAAATTTCGTATTAATCCCATCAAAGTATATATACCAAAATAAGTTAGAAGTATTAAGCAATGGAAATAAAAAATTTGAAATTGACCTAATTAAGCTTAAATAAAAATTATCCGTTTTATATAAAGCAAAAAACGCATGGATTTATTATTCCATGCGTTTTTTTGTTATCAATAACTTAATTTATAATTTACAGTGATAAAATATACTGCTCTAAATCTTTAAGTTGTTCTTTTGTTAACTGTGATGTTTTACCATGTTTATCATCTTTGTTATCTGTTGTCAAAACATCCATAATTGTCACACAGCGTCCATCATACATATATGGAGCAGTACGCCATACTTCAATCAAAATTGGAGTTGCAAATGCACGTGTTTTCTCGTGATCAGTTCCCTTACCAAGAACATATTTTTCTTTATCACCAAAGTATGGTCCATTATGACAACTAATACAATTTGCCTCGCCTTCAAACAGCTCTTTTCCTCTTTTTGCCGATTCAGTTAACGTTCCATCTAAATTGCGGTATGGACTTTGAATTGGCTCTAATGATTTCAAGTATTCATCAACAGCATGAGAGGTACTTTCAGGCGCCGATCTAAACTGAATATGCTTAAAACCAGCACGTACCGCAACTTCAGCCGCAGCTCTTACTCCAGTAATCATTACAGGTGAAGTTTTATGCGTATATAACAAACTACGAGATTGTTTTGGATTACCAATACCATCATTTAACAAGTCCCAGTTTGTACCATCAGAACGAACATCAGGGTGACAACTTGCACAGCTTTGCCATTGTTGATAGCAAATAGTTCCATCATTAAACGCAATCTCACCAAGGCGAACTAAATCATTAACTGGAGAAGTATGCTTTGACAACGGATATGCTACTGCTCCACCTGGACCATCATCCCAGATTTCAATCATATTAACGGTATCAGAGAAATACATTGGAACGTAAACAAATTCTTTATGTGTTACAACAGCACGATTTCCTTTCCCCTCCATTCTCACACGATCTTTAATACCGTATAAAAACGATAAATTATTAACAATTTCAGCCTTGTCACTTGCTTTATTAATACGTTCAATCGTCTTCTTTAAATCGATAAAAATTGCCTCAGAAGCACCAGACGCATTAACGACAATATATTTATCGTCATCACTAATTGCCACGCCCCAAGGATTTGGTGCTCCAATATTTGGATCATCAACTAACACAGTATTAACTAACTCTTGTTTTTCTGCATCAATGATTGAAATCGCATTCGTATTAATCCAACCACGATCTAAGTGAGTTGTTGGCACGGTAAAACGACCAATAACATGACCTAGAACAATATATTTTCCATCATTGCTAATAGCTGAATCACGAATAGCAAATGATCCCGCTGGCAATTTAATTTCCTTAATTTTCTTCAAATTATCAGTAGTATCATATAATTCAACTATACAATAAACATCCGCTAAGTATGCTGGCATCAATGGTAAATGATTTGCAACAAATAAAACTTTACCATCTTTTGATAATTGCATTGTAATCGGTTCGCGTAAACTTTTATTTTTAGCAACTACTTTGCCAGTTGCTAAATCTAAAGCATTAATACAATTTGTATAGCGATTTGCATAAAATAATATCTTATTATCTTTACTAACTAATGGCGAAACAGGAGCATGATTTCCATCAAAAATTCGCTTGATTTTATTATCAGAAGTGGTTAACTCATAAATTTTTCCATGTTCGTTGCCACCTGTTACATAAATCTTACTATTATCACTTGTTATCGCGATGCCATTTGCATCTACAATATTGACAATAGTCTGCGCTTTTTTAGTCTTCGTATCAAAAACTTCTACCGCATTACTAGTTGGACAAGCCATATAGATATGCTTTCCATTGCTATCAATTACGGCATCAATAGGTGACAAATAATCACTTGGTTTTGCAGATAAATTAATACATACTGCAACACCTGAAAAAAGTAAAAACGCTTTATTTACTTTTTTAAACATTTTTTGTAATCTCATTTTCTCTAAAACTCCGAAATAATTTAAATTATAAATAATTTTTTCAATTTATAAAATTAATAGCGACTATAAAAAAAGTCAAGCCTGTTAGCTAAATTTCTAACAGACTTGACTCAATATTTTTATTTACAACTTGTTTTTGAAATTATTATTCTTCAATAATAATTCTGAAACCAACATTGTAAACTCTTTGCCATGGATTGTATCCTAAGCGGTAACTAGAAGTCGCACGATAAGGACGATCTCTCCAAGACCCGCCACGAACTGATTTCTTAGTTACATTATCTAATGTGTTATAAGCTTCAGTATATGGATACGGTTTTAAGTCACTACGTGTCCACTCTGCAACGTTTCCGTGCATATCATATAATCCCCAAGCATTTGGCTTATATGACCCAGGTTTACTTACAATGAAGTTGCCATCATCATACTTATCAACTCTTGGGATGAAATCATATGTAGGGTTACCAATTAAGTATTTTTTATGTGTTGGGTTAACACCATTTACTGCATGTTTTTCAATTGATTTATCAGCTAAATTTGCATATTTGCTGAAATCACTTGAAGTTGTTCCAAAGCTCATTGGATAAGTGCTACCTGCACGACATGCCCATTCCCATTGAGCTTCTGTAGGTAAATTAACTTTTTTACCT
CP151801.1_gap34	1074889	1077598	2709	CAACTACAAAAAAGTATGTATCATTAATTGGGTATGGCTGTAAAAATTTTGGCCAAGAATTATTAACCAATTGATCTTTAACCACCCATTTCACTTCTTTTTTATAACCAGGAATTTGTTGTACAACGCCATCAATTTCTTTAAAACCTTTATTTGTATCAAAAATTGTTAATTCACCAGCTCTTGCTGTACCATGATGCCCAGTCACAATTGCCACATACTGGCTATCTTTACCAGGAATTGGGCGCGCATAGAACATACTATTTGGCCATAAACTCTGCGAACCATAAACAGCACGTTGGTTTGTTCCATCTGGATTCATAGTCATCATAATACGTGAATAGTAATGCATGATATCAGTATATTCCCAGCGCAAGTACATAATTTGACCATTAGCAGTCACGCTTGGATACCAGTCAGCATCTTGCTCAAATGTTAACTGACGAACATTTGAACCATCTGAATCCATGCTATAAAGGTTTGGAACAGTCCTGCTACCACGAATACATGGAACTCCAACTAAAGGAGCAGTTGAACTGAAAATGATTTTTCCACTTGGTAAATAAATACCATTATAGTTATCAACAAATCTTTCATTAATTTGAGTCACTTGACGTAAATTATTTCCATCTACACCAACTTCCATAACTTGATATGCACCATTATCACCAATTGATGTAAATAAAATTTTATTTCCATCATAAGATAAGTCAATCTCTCCTAAATAATTAGAACCTTTAGCTTTATAAACTCGCTCTAAATTACCAGTTTTTAAATTATATTTAGCGATTTCGTTGTTATAACCAGTCTTACCTAACGTGTGTGTACCTAACCAGTTTGCAGGTAATGCCACACGATTAGTTTTTACAACTAAAAGATCTTCAAAATCGATAGCTGGGTTATTATCAACCAGAGCTTCTTTTTGAAGTTTTCTGTATTCAGCAACCTTGTCTAAATACTTCTCGCTTTTGTCGTTTAATGATTTTTTAATTTCAGGCAATAATTTTTCAAATTCAGCAATTTTCGCTAAATATTCTCTACCCTTAGAATATTTACCAGGAAAATTTTTCATTAAATATTTTACCGAACGCTTGAATGCCTCTGGAGTTGAATACTGGAAAGTTGCTTTTGCTGCTGCAAACTTCTGCTCTAATTGACGAGCTTTTCTAATTGCTTCAAAATCCAAACGCGCTTTTGTTGGGTTTGAAACTTTTGCTAAGTCTGCATTCTTGAATCCATTACCATTAACAGTAGCTTTTAGGTTATGACCACCACCACCGTTAAAATAAAGAATACTTACTTTATGAATGCCTTTTTTAAGCTTAATAGTACTTTTTTTAGTAATACTACCATGATTACCATCATTATTAATGATGCATTTTTCGCCGATAAACAAACCACTACCATCGTCAGATGTTAAAGCAAATGTGTATTTCCCATCTTTAGGAATATTGATTTCGCCATAATATTCCACACCCCAAGTGTCTCTTTTAGCAACGTTGCCAAGACTCGAGATTTTTTTTGCTTTACCACCATCAATAACACTTTTTTTGGTAATGTCGTTAAAACTCTTAACTTTACCACCATAAACGATGTAGTTAAGTTCAGCGCTAGCAGAAGAGCTTAACAAGCAACCAGCCAAAAACAAAGCAGCACTAATGCTTTGCTTCTTTTCCCTCTTTAACATAATTATCATCCTTTTTTTTTCAATTACATTTGGTTTTTACTTTTTTTATCTAACCTACCTTCTTTCTCAAGGTTCGTAGCTACCTACTACGACTTAATAAAATAATCTCAAAACATAAATATTTCAAGATTTTAACATAAAAAAAACTAACTTAATAAAGACATCACATTTTTTCCAACAACAATAAATTAGCATTTTAGCAAATTCATAACAAATATGTCACATTTTACTATATCTATTTGAATTTTCATTAATATTGGTAATATTTTCAATAAATTTTGCAGCAATGTAGAATTTTAAATAATAGAGTTAACTGTAGAAAATATTGGAATTAATTAAATTGTGACACCATTTTCTTCAAAAATCTTGACAATACTGCCAACTATTTGACGGTTATCACACAATGCTTCAACTTTTAAGCGCGCTTTCATACCCAAAGATTCACGAAGTTGAGAATCTTTTAACAACTCTATTGTTTTACGAGCCATTTCCTCTGGATGATAATCTGCAACAATGACACCTGTCTCACCATCCTCAATAATTTCTTCAATAGCCTCAATCTTTGGAGCTACAATAGCAGTACCACAGGCCATTGCTTCAGCAATTGTATCCGGAATACCAGAATTTTTACGACGCGATGTCGCTAGAAAAACATCAGAATTCAAAAGCTCTTTTGCGACAATAAAATGCCGCTGCATCCCCAACCAACGAGTTTGATTTTTAATACCATACTCTTCAAGAAAATTACCAATATCAATTGGATTTTCACTTTGCCCCATCAAACAGAAATTAAAATCAATCTTCATTCGCTTCATGATTAACAAAGCTTCAACCACATTGCGCAAACTATCCCTAGTAATATAGCTAGACACAGTTATTATATTGAAAGGCTTATTTTCACTTTTTGGTTCAAACTCTCTGAAGCTAAACATATTTAAATCAATACCATGGTAAAGATTATATAATTTTGCTTTTATTTGCAGATCTTGAAGCACTTCCATACATTTTTTTGAGGTTGTCAA
CP151801.1_gap35	1113714	1114672	958	GACGGTTTAATTGCGGACTCGGCAACTAAAAAAGTTTTCAAGCACCCGCTAAGGGAAGCTGGTAATAGTAATGTAGCAGAAAGTAGCGATAATGTCAAGCAAGATACTTTCAATCAAGACCTTAAAGGGGCAATTTCATTTCTAGAAAATGGTAGAGCCGTTATTAGTTTAATTGAAAATGAAAGCGATTTTTCAACCATTATTCATGAGGTCGGGCACTATATTCATAATATGTTTGAGGATTTGTCAGCAAGCCATGATGCATCTAGTCAAATAAAAACAGATAAAACTTTGCTTGATGTTTTTTTAGATAATGACACAACTAACGAAGTTGAGCGTAAAGAAAAGTTCGCTCGTGCCTTTGAACAATATTTTTTGGAGGGCAAAGCTCCTAGTAAAGAATTAACTGGAGTCTTTGCTTATGCTAAAAATTTATTAATGAATATTTATCAAGGCATGAATATTTTGCAACGTGAATTAAATCCAACTGTAGCAAATATTTTTAATCGTATGCTGGCAACAGAAAGCCAAATTAGTGAAGCATTTGATAATTTTAACGTAGCTAATTTTCTAGAAAAGTTTGATTTAAGCGGTTTGTTAGGCAATAAAGATCGTGCCGTTTACCGTAACTTAGCACGCAATAGCCGTGAGCAAATAGCCCATGAGATTAATGCCAAACGTGAAAAAGCACGCTCTAAAGCAGAAAAAAAACACCGCAAAGCAGCCAATGAAATAATAACTAACAGTGCAGCATACAAAGTTTATAACAAAATTAGAGCTATGGGACGACTGAATGCAAATGAAGTTCGTGCGGCTTTTGGTGAAAGCACGGTCAAAAAATTGGCAGATTTGGGACTTATTCGCTTTCGTGCAACACCTCAAAAAAGAGCAGTTGAAAACTTAACCGAAGAAGAAAAAATTCTACAAACAAGTAAAAACCGTACTCGTGGCAATAAAG
CP151801.1_gap36	1269563	1271422	1859	ATTATTTTTCATAACATCTTGCGAGAAAAAAACTCAAATAATTAATCATAAGACAGCATTAAATACGGCTGAAGTTATTATTAAAAAACAAAAAATTGAAGAAGTTTTTTTCAATATAGCTTCAAAAGAAAGTAGAGGTAATTTAATGTTAAGGATTTATCAAAATGGCAAACAAGTTTACCCTCCAGTCGACAAAGCTATTCCAAAAGATGTTTTAAAAGCATTAGAAAAAAAAGCGACCTTTACAATTCCACCAAATACAAATCTTATTGATTTTGCTAATATTTTAAATAAAAAATATAAAATCAATGGCTCAATTGAAGGTAATGACTTCGTTATTAAGCTTTAATTTTATCTATTTAATATATAAAAGTGATGAACATTATTTAATAATTTTGATGCTCATCATTTTTTTATTATCTGTTTACGATAAATTTCATCAACTGGAGGTTCAATTCTCAAAAATTTCTTTTTATTGTCCATATTTTTTTCAAAATCTAAACAAGCTTGACGAACCGCTAAAATCATTTTAGGCTCCATTGAAAAATCTTTATAAAAAACATAAATCACAAATTTATCAACCCGCGAATATGAAGTTATCTTTGTAACTCCATCAATTTTTGCTAGAATGCTCTCAAGTTGTTCAGTGTATTTTTCATTCTCCATAGCATTAGATGATCCTACTGAGGCAATAGCATATTTTACTTGAATAACAGGCTTTGGACTTCCAGCAAATTTGCACCCAGCAACCCCAAATATTAATATTATTATTATAATGAAAAATTTATTCATAACTAATCCTCTTTTGTTAGAAATACAATAAAAATTTTATATATACTAATAATATAAATGACAAAGTTTAACTCTAGATCCTAAAAAGCAGAAAAGTTAAAGAATTTATCAACTTTTCTGCTTCTAGAGTACTTATAAAATATGATTTTAAAAAATTATTATGACCAAATTATTTAAAATCAATAACAATTCCTAAGAATTTTTGAATCATTGGTGAAAATTTTACCACCAATGGTGAAAATACAATGCTGACCATACTCATTAATTTGATTAAAATATTTAATGAAGGTCCAGATGTATCTTTACATGGGTCTCCAACAGTATCACCAATAACAGCAGCACCATGAGTAGGATTTTTAGATCCATCGCCTAGCTTTTTACCACCATGATTACCTTTTTCGATGAATTTTTTGGCGTTATCCCAAGCTCCACCAGCATTATTAAGCATCGTTGCTAAAACGAAACTACAAACCAAACCACCAGCTAATAGTCCCATTACTCCAGGTACTCCCAATACCAATCCAGTAATTACTGGTACAATAATCGCTAATAAACTAGGCACAACCATCTCACGTTGAGCTCCAGTTGTTGAAATATCTACACAACGAGCATAATCTGGAGTTTCAGTTCCATCCATGATACCTGGTTTTTCTTTAAACTGACGACGTACTTCATTAACCATCGAACCAGCCGCGCGACCAACAGCTTTCATAGTCATCGCACAAAAAACAAATGCCATCATTCCACCCACAAATAATCCACATAATAAATATGGATTCATAATATGCATTTGGAATAATTCAACAAAATCCAAAATATTTAATTTTTCAGCAGCAGCATTTGTTAAACCCATAAATGTACCATCACTAGATTTATCTGCTAATTTGCCAACCCAAATTTTAACTTCTTCAATGTAAGCCGCTAACAAAGCCATCGCAGTTAAAGCAGCAGAACCAATAGCAAACCCTTTACCAGTCGCCGCAGTCGTGTTACCTAGTGAGTCAAGCGCATCAGTACGTTCACGAACTTCATGAGGTAACCCGCTCATTTCAGCATTTCCGCCAGCA
CP151801.1_gap37	1312936	1315744	2808	ACTGAAGCTATCCAAACAAAATGCTGATAGCCAAGAGCAATGGGAACGATTCCAAAATATTGGTAACAATATTTTTACAGTTTGTCATCAAACATTTGCCGAAGATAATGACCAACGTGAAGAAAATTATCAACAAAAATTAAGTCTATGCTTGCAACTCGAGCAAATTGTAAGTACATTCAACGTTGCTGAAAATGTTACTGATGATTCTCTTTTAAAGAAAAATGCTGAAGATTTGGCACTAGAATTAACAATGGCAATGACGCAAAAAAGTAATAAGAGTATATTAAATTTAAAATCAGCAATTGCTGAAGTAAAGAATATTAACAATAAGTGGCAACAAACTGGTGCAGTTCCAAGCTCAAAAGCTGAAGAGATTTATTCTCGTTATCGTACTGCATTAACAAGCTTTAACGCTATAAAGGATAAAAAATAATGGATTTAACAGGAAAACAGCGTCGTCAACTACGTGCGCTCGCTGCAAAATTAGAACCTCAAGCTTTTTTAGGACAAAAAGGATTCACTGAGAATGTGTTAGCAGAAATCAATGATTTGCTTGAAAAAAATGAATTGATTAAAGTGAAATTAAGCAAAACTGCTGGAAACCGCAAAGAAGTTGCAGAAAAGTTAGCTCAAAGAATGAGTTGCGAACTTGTTCAAGTTAATGGTTATAACGCGGTCATTTACCGTAAAAGTTTAACTAATAATGTTATTAAATTAGTAAAAGCAGCAAAATCTGACGAAGATTAATTCACTAATGCTAATTGATAAAAAAGCAGAGTTAATTATCTCTCTGCTTTTTTAATTTTGAATAATTTAAGAATTACCTTTAACTTCTGATTTTAAAATATCAATTTCAGCTTTCAGTTCACGTAAAGTAATTTTAAGAGTTAAGATTTTTTTGTAAACAATAGCTTTCAAAGTAAAAATTGAATAAAAAATCAACATTCCAAACAACATACCAGCAGTTGCACCAACTATTTCCATAACACTATTATAACATTCTCCTGCACAACAAATTATAGTGTAAATTACAAATCCAATTCAAAATGAAAACATTTGAAGCATTTTACTATAAAAATCATTATATAATTCCTTTAATAATTTTTTATTACTCTCATATTGCCTTTGCTTCATAAATAACATTTTTACATCTTATACCATAATAAACTTCTTTATATTAAAAAAATTAATAAAAATTAATGTTCAAAAATATAATAAAAATTTGTTAAATTAAATGATTAGTAGATTTGCTCAATGCTTTATCTGCATCTTTAATGATTTCAAACTGACGCTCTAAATCATTAATCTCTTGACGCCAAAAAATTTCTGTACCCCAATCTGGAAAATTTGCTTGAAATCGCACATCATTATATTGAAATGCACACCAATGTAGAAAATAGATCATGCGCATTGCCCTTAACGGTTCAATTAAAAATAATTCGTAATCATTAAAATCACAAAACTGCCAATAACCGTCCATTAAATCATAAAATTTATTTTTACAGTTGTGAATATAATCAGGCAACAATAACCATAAATCTTGCACTGCTGGTGCCATTAACATATCATCAAAATCTATAATCATTAAACCTTCATCAAGACGATTCAAAATATTTGCACGATGACAATCACCATGGACTCGAATATAATCAACATCGTTAAACCGTTCATCGATTGCGCTGATAATTTTTTTACAAATACTCTGAAAATTTTTGCCATTAACTTTATCAATATATGGAGAATTCAACAATTCATCAACAAATTTTGCAGTCATAGTTTGTGGATCCAATGCCAAACGGTATCGCGCCTTATACTGACTTCCAACAGCATGCATTCGTCCGATAATTTGTCCTAATCGAGTCCAATCTTCAGTACAATTCAACTCTAGCTCCCTACCCTGTTTTTTGGGGAAATAACTTAAGAATATTCCATCTGATGTTTCGCTAATTGAATCACCATCTGCAAATAATTTTGGGGCAATAACTGGAATTTCACTTTCTAGGCAATCAAAAACAAATTCATGTTCGTCAGCAATTGCGTCATAATTCCAGCGTTGAGGTCGATAAAATTTCACAATCACACTTTCATTACTCTCTGCAGTGCGCATTTCATAAACGCGGTTAATGTAACTTGGTAATGAATACGCAAAATTTTGCATCTTAAATCCTGAGACGACTTCAAATGAATCAATTGCCTTTTCTAGCGTAAAATTATTAAAATTTCCACCCTGTTCAATCTGCTTATTAAACACTAATCAATCCTCAAAACACTATAAATTATTGCTACGATCTTGCGGAATGCGGTAACGATTCATAATCTGCTTTGTACTTGCTCTTAATTTAGCAATTTCGAGCACAATTTTTCTACTGTCATATAACTCAATAACTACAAATTCATCAGTAATTTGCTCTAATTTTTCAACAAAACTTCTTAAATCAACTACCTCAGAATCATTTAATTTTTTGATTCCTTTAAATTTTATATCTTGATAACCGACATTTACTTCATCTGCAAAAATATTTGCCAAAACCACAATTTCTTTGCGATTTGGTTTAATGTCATCATTACAAAAATTGACTAATTCACGAGGAGCATTATTCCACCAATCATTCCAACTGTCTAAAAAGTTAACATTTAAAGGCACAAATAAAAGCCCACCCATAAAATAATATTTTGGAGTTATATCATAACGACGACTTTTAACTAAATATTTTGGTGCTGTCAATTTATAATCAACCACCATCTCTTTACCATCTCGCAATAAACGAAAATTAATATTATCGCCAATATGTTTCTTCATAATTA
CP151801.1_gap38	1318521	1320490	1969	TCGCCTAAGCGCTCGTTCATTTCAACGTAACTTTAAGAAATATCTAATTGAGGGGAATCTACCTATAGAATTAACCCCGCACAAATTGCGACACTCTTTCGCAACTCACATTCTTGATGCGGGTGCAGACCTACGTAGTGTTCAGGAGATGTTAGGGCATGAAAATTTAAGCACGACACAAATTTATACTCATGTTAGCGTGGAACGTTTAAAAGAGGTTCATCGCGAAAAACATCCACGCGCCAAAGGTTAATTTCACACTCTTTTTTGCAAATTTTTCAAACGATACTACATTATAGAGAAATTATTATACAATTAATTTTAATTTAAAAAAATTATAGAGACTATTATGAACGAAATTTTACAAAAACGAATCGAAAAATTTAAAAATATTGATATTTATCCAGTAATTTCATCTGAATTTTGCAATAAAAGACCTCCTGTTCAAATTCTTAAAGATATTGCTGCTGGCGGTGCTAAAATAGTGCAACTTCGTGAAAAAAATATGACTAAAAATGAAATCTTCCACCTTGCGATGGAATATCGCCAAATAACTAATTGGTTCGATATGTTGCTAATCATTAATGATCATGTTGATATTGCCTTGGCAGTAAAAGCTGACGGGGTACATTTAGGTCAAGACGACTTACCCTTAGTTGCAGCACGCATGGCATCTAAAAAGTTAATTTTTGGCTCGTCGACACACAATATGCAAGAGGCTATTGAAGCTATTAACGACGGTGCATCATACATTAACGTTGGTCCTATTTATGAAACACAGACCAAAGAAGTTGGCTATGATGCCGTTGGATTAGAGCAATTTAAACAAATTAATGACCAAATTGATATTCCAGTTACTGTAATGGGAGGAATTAAAGAACACCACATTGCAGAGTTAAAAGCTCATGGCGCAAAACGCATAGCTATGGTTACTGAAATAACAATGTGTGATGACGTTACTAATAAAGTTCAAGCTTTACGAGACCTAATAATTAACTAAATTAACATAGATTATTTAGTTAATAGCAAACTCAAAATAACGTAACTTATAACAGGTATTGATAACCATGCTAAAATGGTTATTGATACCTTTACTATTATTTTTACTGCAGAATATTTTAGTGGTGGACAGTTTAGTGGTTTCTTTAATGTTAAAAGAGAAACCGTACCAACTATTGGTGCAATCAAACTAACAAAAAAGTACCAGTAAACAGTCAAAGGTTGCTCTGAAGAAATAAAAACTAAATTGATTTTTTGCCCACTATTTAATGCTAAAATTGCAAACACAATAGTAGTCCCAATTATTGTTAAAATCGATAATAAATTTATTCTCAAATAAGCAGAACTTTTTAAAAATTTCCCCTTTGCTAAAAAATATTCAAGCATTGAAAAAATAGTTACAACTACTAAAAGTCCTGCAATCGAAAAATTAAAATTAAAAAAACCATTATGTTTCGCTGCATTTAAAAATGACAACGTCATCAGCATAATGATTCCGTAACTAACAGTACAACTTATAATCAACGCCAACAACCACATTAACTCTTTAGCTACATTATCATACTTAAAATAACGCCACATTACGTAATGAACATTTGCTAAAGCTACACATATAAACATATTTTGAATTATCAAAACCCTATCAGCCAATAAACTACCAATAAACCCAATAAAAAGTGCTCCAATCATATAGGGTATACCATAAAAACTTTTGCTTATCATTTGTTTTCCTTATTTTTTTAAGATATGCTAATCACTCATTGCATTATAGTTCACTCTTTTCATAATACAATATTTTTTCCTTTTTTAATCAATTTTTTTTAAATTTTCTATTATAAAACACTTTTTTAAACATTTAGGCACATTTATTGCGTTATTTATTATAACATTTAATAAATATAAGTAATTTTAGAGGTTTTAAATAGAATGAATGAAAAAAAAGATTTAACAGTTAGAGAGTCAACTATTT
CP151801.1_gap39	1348672	1351301	2629	ATTAATTTGATATTCATCAATAGCAAATTTATCCATAGCACGCATTTCATCAACAGATACAAATCGCATGATAATTCACCTCAATTTATAAAATTTAAAGGGATTAAATGGCTTTTAAAATATTATTTAACTGGTACTGGCCACAATCGCCCATCACTTGTTTTATGCAGTTTCAAATTCATATTATAAGTTTTGAATAAAGTCTCTTCTGTTAAGATAAACTCACGAGCACCTTTGTCAATAATTTCGCCATTTACTAATACTAATCCATCGGTGTAAGTTGGCGTAATATCTTCAATTCGTTGGGTAATAAAAATTAAAGTTGAGGCATTTTTTCTGGTCGCATAACTCTCTAAAACTTCCAACAAGTATTCACGTGAACGCATATCTAAATAAACACACGGTTCATCAAAAATTACCAATTCAGGTTCACTCATTAATGCGCGACAAATTAATATTTTTAATTGTTCACCACTTGATAAAATAGCATATTTGCGTTGCGCTAATTTCTGACAGTTAAATGAAGTCATAATCTCTTCAGCCTTGCAAATTTCCTCTTCTGTAGCATCTCGTTGTAGTTGCATTGAATGATCAATGCCACTTAGCACAATATCTTGAACTAATAGCTCTTCGTGTGTCCATTTTGCCAAAAAAGGACTTACTAAACTAATTTTTTGACGCATTTCAACTAAATTACTACCACCAAATTTGTAGCCCAAAACACTAACCTCTGCACCAAATAATGGCCATTGATACCCCATCAACATTTTTACCAATGAAGTTTTTCCTGCACCATTGGCCCCTAAAATAAACCAACGCTCACCTTTTTTTACTTCCCAATTAATACTTTTTAATATATCTGTTCCGCCAATTTTTACCGAGGCATTTTTTATCGAAATCACGCTATCTGCGTTAATGTCATTTCTTTCATATTCCATAATTAAATACTACCAGTTACAATTATGATTTTCATTTTTATATTTTATCCAACTATCACGTAGTTCTTTACCTTTAGCAAATTCTGCTTCAAGCGCATCAAAATCTTTATTTTTTATTATTTCGCCAATGCGATTATACCGTTTTTCAAATTCAATAACTGTTTTGAGAACTGCACTTTGATTATTTTCAATAATCTCACGCCACATTTTCGAAGATGAAGAAGCTATCCTTGAAGTGTCTCGAAATCCTGTCGCACAACCAGAAAATCGCTGTTGCTTGGTTAATTCATCGTCACAATCAAGTACCGCTTGAGTTAATGACAAAGCCAAAATATGTGAAATATGACTAGTATGTGCTACTAAAATGTCATGTTCTTTAGCTTCAATTTCAACCACGGAGGTATTAATACTTTTCCAAAGCTGTACAACCTTTTCAAACGCATCTGCATTAGAATTAACACTTTTCGTAATAAAAACCTCTGCATGATCATATAATTCTTTGAAAGCTGCATCAGGTCCACTTTTTTCCGTCCCAGCCATTGGATGCGAACCAATAAAATACACCCCTTGTGGCGTTAAATATTTTTCACCACAGTTAACAATAACCTCTTTCACGCTACCAATGTCTGTTACTACTGAGCCTTTCTTAATATTTTGAGCATTTTCTTGAATAAAAGACATTATTGTAGGAATCGGCAAACACAACACTGTAATATCTGCTTGATTCAAAATTTCAGCTAAATTATCAGCTGTATAATCTATGACATTATTATCTATTGCCCATTTACGAACTTCAGCGTTACGAGTCCATCCCAAACGATAATAATTTTCAGTATTTTCCAACGCCATCGCCAACGATCCGCCAAGCAGCCCTAACCCAATAATCGCTACATTTATTTTATTTTGTGAATTTACCAAAATTAACTCCTTAAATTTTTAATCGGTCAAGCCTAGAAACGTTCCAAAAATATTTTTCGAAGGTTATTATAGCGACCCTATTCTTCACAATATAAACCACAACTAGCTTATAGTCAAAAAAGGCATTTTAAAATCTAATAATAAAAAAATAATAATTAGATTTTAAAATGCCAGTTATATGGGGGGGCAATATGATAAATCACTTCTGAGTAAAATTTACTCTTTTTATTATTAACTGCAGTCTTAATATTGCCAAAAGTCTACAGTTTTTGATATTTTTTTAATAAAACCTATGCATGATTTTTTAGGTACTCTGCAACTCCACTTGCACTTGGCACCATGCCATCATCACCTGGTTTCCAGTTTGCAGGGCATACATCGCCGTGTTGTTCAAAAAACTGCAATGCGTCAACCATACGAATTGCCTCATCAACATTTCTGCCCAACGGTAAATCATTGATTACACAATGACGCACAATACCTTCTTTATCAATTAAGAACAATCCACGTAAAGCAACTGCTTCATCAAAAAGCACACCATATGATTTTGAAATTTCTTTTTTGATATCAGATACTAAAGGGTACTGAATATTACCAATTCCACCATTTTTAGGTTCTGTATTTTTCCAAGCAAAATGTGAAAATTCACTATCAATAGATACACCAATCACTTGAGTGTTGCGTTTTTCAAATTCTTCAAGCTTTTTATTAAAAGCTATGATTTCAGACGGACATACAAAAGTGAAATCAAGTGGATAAAAGTAAAGCACAAC
CP151801.1_gap40	1386349	1390747	4398	GTTTTTTTTGCCAAAAATATTCCCTCTAGATTAAGTGTCGAATTACTATCAAATTGATAACCGCCTCGTGGATAAATTCCATCCACTACAGCAAATTTACCTATTTTTAAGCGATACACGAAATCTTCACGACCACGATAAATTGCATCTCTAATATAAACAATAAAATCTCCATCATATGGAGCAGTAAAAATTAATGTCGGATCTGGATTATTTTGAAAATCATCAGCAAACGCCAACTCTTTTTGGGTAAGCATATCTTTAACCCCAATCACAGGTTGAAACCAACCTGGAACACCATCGCCAATAAATGGCATTAACTCACGTGCCATAACTTTCAAGGCTACTTTTTCGCCTTGCTTAGCAGAAAATTTATATTCATCAACTTCGCCATCAATAATTCGACCATTTACAACACTATTTTTATCAATTAATTCTAACTTTCGGTCTAAATTAAAACTTTTAGTATTAATTTGATATGTTTGAGTTAATTCATTAATCTCATTAACATTATCAACTACAAACATAATTTTGTTAGATGCAACATTCTTATTTAATTTTCTATAATTTTTAGCCTTATTTTTTTGAAACTTAAAATTAAGATCACTATTTTTTAACTGCAAATAATATTTTCCTGGAGTTAAATCTTTGGCAATTTTAAGCTTAACCAATAATCTTGTATCAAGAGCTTGACTTGGCGATTTTCTAAGTTTCAACTCACGAAGCAAATATGTTAAGTAAAAAGGCGAATATTCCTTTAATCGTTCACTTAAAAATTCTTTTGGAATATCTAGGTCAACTTTCACTCCTTTTTTATCTACACGGGGAATTTTTCTTTTATCAGGCACTTCTCCACCAAATCTAGTAATTAAACGATTAATAAAAGCTTTGCGATCATAACCATTCAAACCTCTCGTTCTTGGAATAACAGTAACTGATTCTACAGTTATTTTTGGAGTATTAAATTGAACAAATTTAGTTTGGTTTATAAACTGTCCTCCAATAATCAACTCAAATTCAGTTCCTGCTTGCCCACCAGCAGGGTATAAATAACTAATATACGGAGTACGATTTTTAGATGCAGCAGAAACACTATTTACTACAATAACATAAACAAAAAGTATCAAATAAAATAAATATTTTTTAAACGTCATAATTAGTCCTCAAATTAAGCTTTTCATTTTTGACAATAAATCTCAGTCAAACGTCCAGAACTTCGAGTCATACTTGGCATAATTTTAAGTTTTTTACCTAAAGGATTAGGCATTATCCCCTCTGGGTTAATTCCCGCCAATTCATAAATACTTCCCAAGAAATCCTCTGGATAAACTGGTCGTTTAGCAACATTTTCTCCAGTCGAATCAGAAGCACCAACCACACAACCACCCTTAAAGCCACCGCCAGCAACTAATGCTGAAAAACAATTTCCAAAATGACCACGACCACCATTCCATGGTTCATTCCAAAGAATTTTTGGAGTCCTTCCAAATTCCCCGCTACACCAAACTAATGTTGAATCTAGCATATTTTTATCACTTAAATCGCTAATTAGAGCAGCCAACCCCTGATCAAATTCAACTAATTTTCTCTTCATTATTTCAAAATGGCGCTTGTGAGTATCCCATCCTGGAACATTAATTGTAATATATTTAACACCTTTTTCAGCCAAACGACGTGCAACCAAACATGATTGACCAAATTGAGTCATTCCATATTTTTTGCGCATTTCTTTAGATTCTTTGCTCAGATCAAAAGTATTTTTTACATCACCAAGCATCAAGCTATATGCTTCTACCGTAGTTTTATCATAATTTTTTGATCTTTCATTATTCTTTTTCTTTGTACTATTCATGCTATTAAAACGATTTAATAACTCCTTACGATCAAGCTGTTGTTGTTCAGTAACATAGCGACTAACAATTCCCTCAACATCAAATTGAGCTGCACTTGGATTTCCTCCTGTCACAAAAGGTCGATAACGACTACTCAAAAAACCTGTTTCAGAAAATCGTCCCTTTGTTTTTGTTAAAATTACATAAGGAGCAATATTTTTATTATACCCATAATCATATCCTCTTAACATACCAATCACTGCGCCGATAGCTGGGTAAACTAAACCATTACCAGGTTCACGACCTGTCTGCATAACATACGTCGCAGTTTCATGTCCATTGATACCATGGGTCATACTCCGAATAATTGAATATTTATCAGCTATTTTTGCTAAACTTGGTAGTGTCTCAGAAAGCTCTATTTCAGGCACATTCGTTTTAATTGCTTTAAGCCCACCATTGAAGTCACGAGAGATATTTGGTTTAGGATCAAACGTATCTAAATGCGATGGACCTCCCCACATCCAAATTTCAATCACACATTTTGCTGGAGCATCCTCAAAAAAAATTTTTTCCTCATTATTTTGAACAACTGCCTTTAAAACAGGAGGTATTGAAACAGTAGCAGCAGTCAATGCCCCAAACTTTAAAAATTTTCTTCTTGAAATATCTTTCATTATACTAAATCTCCAAATCTAATGTTTCATCAAAAACTCTTCCGAGTTCAAAATTGTCCAAACTATGTCATTAATTGAACGATAAAAATTTTTCCCAGCTCCATTTTGTTTGCAATAGCCAACAACTAATTCAAGTTCATCAGTACTCGGATATCGTGATAAAATCAGAATAAATAACTCTTTCGTAATATATTTTATACGAGCATCAAAGCCTTTAATTTTATAACTACTCTTCAAAATATATTTATGCTTTTTGATAATTTTAAAAATTGAATTTTGTATTTTTGTTGAATTAATTAAATACAATCGCTGGATGTCATTAAAGAAATTTTTACGTTCAGACAAATACCCCATGTCACGACTTGGTCGTCCAAAATTTTCTAAAAAAGAACTGCCAATACTTGCATCTGCTAAAGTTATTGTACGATTTTTTACAGGGATATAAGTAAAAGGTTCAGGAATTACACTGCTATAGCGTTGTCCTGTTCCTCCTAAGTAATCAATCATATCAATTAAAACTTCTGCGTCAAGACGTTGTGAGATATAATATGCAAAATATTTTTCTGCATCTTTATGTTTAGTCCGTGCAACACTAGATTGCTGATAAGTTGCAGAATTTAAAATGATTCGATAAATGTGTTTTAAATTGTAACTGTTATTTACTAATTCTTGCTCTAAATAATCCAATAAATCTTGATGCAAAGTATTATTTGTATCCACAGGCAAATTGTCAGCTTCATGAATCAAACCTCTATTCATCAACCAATACCAAATGCGATTTACAATATTACGGTTAAATAATTTATTATCTTTTGCCACTAACCAGTCTGTAAAAACAACTCTAGGATCAACACCTTTCTTTACCAGAATTTTCTGCCCATCTACAGTTTTCAAATAAAAATCATCAACCAAATTATAATCTTGATAAACAATTTCTTCTTTCCACTCATCAGTTCCTTTATATTTAACTTGGCTAAATGCAGTAGCTAAATTTTTTTGAAAGTCACTGCTTTGTTTTTCATAACGAATTCCCATAAAAGTCAAGGACACAGCACGTGCAATACCCTCAGGTGTTTTACTTTGAACCGCACGATAAAAATTACTTTGCGGCACCTTAAAATTACTACCGTTTGCCAACAATAATTCACGTGAAAATTTATTATATGGAATATTTTTACTTAACGATTCATGAATATATTTATGATATGCTTGAACAGCATTTGGCCATAAATTAATTGGAAATTCACTTTTTACACGTAAAATATCACACCACTTCAAACTCCAATAATCAGCAAATTCACTTCGCTGTAAAACTTTATTAATTAATAAAGCACGCTTATTTGTACGTTTATCGGCTAAAAATTCTTTGACCTCTTTAGCTGTTGGCATTGTACCAATTACATCTATATACAACCGACGAATAAAAACTGCATCAGAACATAGATTTGCTCTTTGAATATTTTTTTTGGTCAAATTTGCAATTATGAAATCATCAATTTTATTAATTTTTTGAGGAGATGTTTTTTCAAAAACTGAGTACTTTTGCGCATGGCTAGTCATTCCAATGATACCACATAGTATAATAAAGCTAACAGTTACCACCAATTTTTTCATTGATTCACCCATCATTTATAAATTATCTATTCTAATTTATTAATTTGTCAAAATTATTTAAAATTTAAAACTACATTTAATATTTTCTTCAACAATCATGCTAAAAAAAACTTCAACAGTTAAAACATATAATAATTTAAACGATTTATCAATGAAGATATTTTAAAAAAATTCTTAGTTATATGATTTTTTTAAATTTTTTATTTTTTACTGCCTGTTTCAGCACGCTTAAGCCGGTCATTAATAGCCAGACCTAAACCATAATTGGGAAATTT
CP151801.1_gap41	1392512	1393513	1001	AAAAATTCTTGCAAATGAATTCGCAATCACAGCTTTACAACCAGCCGCACCTAAACTAATTGGTGCATGTTCACGACTTGAGCCACAACCAAAGTTGCTACGAGCAATAATAATTGGGAATTCAGTTTCAAATTCGTTATCTTTAACATAACGAGTTTTATAGCTATCAGGCAGACCACATAATGCATAGCTACCTAATTTTTTATATTCTTCTGGATTTGTTGGCACTAACGCCAAATACTGTGCAGGAATAATTTGATCTGTATCAATATTATCACCAGCAATGAAAACTTTACCTTTAATGATATTCTCAGCCATTTTAATCTATCTCCATATTTACCAGCTTTGACACTAGCAAATTATTAAATTTATCTTCTTATTTTTTTAAGTATTGTGCAGGATCTGTAATAACACCAGTGATCGCAGATGCAGCTGCTGTGTATGCTGAAGCCAGAATCGTTTCAGAATCAAGACCACCCATACGACCAGGGAAGTTACGGTTAGTAGTACTAATACAAACCTCCCCATTATTACAACGACCAAATGTATCAACAGGTCCACCTAAACATGCAGCGCATGATGGTTCAGCAATATGAGCTTTACCAGTTGATTCAAAAATTTCTACTAACGTTTTACCATCAATTTTAATTGTATTAATAGCTTCTTCAACTTCACGAGTTGCAGGAACAATAAACAAATCAATTACAACTTTATGACCATTTAATAATTCAGCCGCCATCACAAAATCTTCAATTTTTCCACCAGTACAGCTACCAATATATGAACGATCTAATTTTTTATCTGAACAATCTTTAGCTGCTTTTACATTATCAGGAGAAAATGGTAACGCCACAACTGCTTCAAGTTTGCTTGCATCATAATTATACACAGCTTGATATTCTGCATCCTCATCGCTAGAAAAGATTGTAAATTCTTTATCTGTCTTGCTTTTAACGTACTCTATTGTTTTTTCATCAGGAGCAATAATACCATTTTTACCA
CP151801.1_gap42	1410452	1414129	3677	CATCAGCCACATTTAAAAAACCAAAATTAACCCCATTCAAATAGTCAAATTTATTCATTAGCGATAATGCAACTCCATTACCGTCACGATACATATTGTAAATTCCAGCCAACGCTAAGCCATTCATTTCTAATGCGTTATTTAAAACATTAATATCACCAACTTCTTTCATTTGATTTTCATTTAAATAAAAACCATTGAAAAATCCTCCAAAAGCAATTCCGTTTAACACTTCATGGTTATTACCAAATGCCGAAAATACTGCACCATTTGCTTCAGTATTTATATTTAACATTCCTGCAAATTCAAGGCCATTAATCTCTGTAATATCATGTCCCATTCCTGAAAATGCTAGACCAGTCAATTCAGTATTTTCACTCCATAGCAACACACATGAAACGCCGCTAACATTTTCAAAGCCATGACCAAGAGCAAAGGCAAAACCACCTAAATCACAACCATCAGCAAAATCAGTTTGAAAGTCAGTATATAATCCAATCAAATTGGTATTTTTTTCGAGTTCACCAAATAATGATGCACCATAAAAATAATTCTTCATGTTACTTTCTTTTTTATTATATATAGCAGGAAAACCAAAGCGTAAAGACTGAAATTTATAACCTTCAGCAGGTTCTAAAATTTCTGTTAATTCTTGTGTTTCATTATTTTTTTTATCAACAACCTCTTGCGCTAGAAGTGGATTCATTGCTAGAGTTGCTAATAAACATCCATAAATTAATTTTTTCATAATTTGTCCCTCATATAAAAAATGTTAGATTAATTCTTTAATGAACTAATCTAACATTATCTTTACAACTTATCAAAGTTTTTCTTAAAAATTTATAAATGGGAAAAACTTTAAAAATCCTTTCTTAGAAAAATTCAATAACCCAAGCTGGAATGAATCACCTGCTGTACTATTTATAAGACCTAATTGAATATTATTGTCAGCATTTTCGTTAGTAATTTCATTCCAAAACCCTACTTGTGAAACATAATTTGCCTCACCAATTTTATTATGAGCAGACATTTGAAAGCAGACAGCTCCTTCATGCGCAAAGCTATATACCCCCGTTTGTAAACCAATAATTCGACCTAAATCGTTACAAGGAGCTAAAGAAATTCCACTAACATTAAAATCTCGATTTTCTCTAACAAGTTCTATGTCAAGATAAGTGCCAATAATATGAGCCTTTGGTTCTACTTTACCCAGCGCATAACCAATTGAATAATTATACTCTTTTTCGTAGTATTTAACCTCGTAGTTATTTAAAACAGCTGAATTAAAGGTATTCTCTTCAAAATTAAAAATATCAATGGTTGGAGTTATTAAAAATTTTATTTCATGAATGTCTTCCTCTTTGTCAATTTTTTTTTCCACTTCTTTGGAGTCAGTTCGCTTACTTTGACTTTTCTCTTTAGCAAAACTTGAATTCACAACTAAACTACTTAACAAAATTACCCAAATTAATTTTTTCATCATACATCCTTCCTATCATTTTGTTATTAACTTAAAAATTTATGAATGGGAAAAACTTTAAAAATCCCTTCTCAGAAAAATTCAACAATCCGAGTTGAAAATTACTATTTTTAGTTTTATTAATCACCCCTAACTGCAAACAATTAATTGAATTCTCATCATCAATTTCATTCCAAAAACCAATTTGAGAAACATATTTAGCTGAATCCAATTCATTATAACTTGCAAATTGCATACAACCAAACCCTTGTTTTGCAAAATTATACGCACCAACTTGAAGACCAAGAATTCTTGTTAAACTATTACATGGCGCCAAAGAAATTCCGCTAACATTGAAATCTCTATTAAATCTAAAAAATGATGAATCAATATATGGACCAATCAAATTAGTTTTTGGTTTTACATCTCCAATAATATAACCAATCGAATACTTATATTCGTGTTCATACCATTTAATTTCATAGCTATTTAATAATGATAAATCTGGCAAAATGGTAGGAGAGCTCCAAGAAAGTCCTGTCGAAAAACTAAGGTTATCGTCCCCTTCTTTTTTACTTTTTAAATCTTTTTCTTCTTTTGTGCAATCTGATACTTTAACGCTTGGTTTCCTCTTATCCTTTGTAGTACTACAAATTTTTTCTTTCTTGGAAGGTTGTTGCTTGACACTTTTTTCAGCAACTTTTTTAACATTTGCTTTTTTCTGATTGTTAACTTCTTTTTTTTCTTCAGCAAAACTTGAATTCACAACTAAACTACTTAACAAAACTACAAAAATTAACTTTTTCATATTGTCCCCATATTATACTAATTTTTAATTATTATAATTTAGCACGAATATAATATAATGCAAAAAGACACTTCTAACATATTAGTTATAAGTGTCTTAATGAATTTTCATCAAATAAAAATATTAACGTATTTTTAATGTAGCTAAACCAATCGCTGCACAAATCAAAGCAATAATCCAAAAACGTACCACAATTTGCGTTTCAGTCCACCCTTTCCTTTCAAAATGGTGATGAATTGGCGTACATAAGAATATTCGCTTTCCACCTGTGTATTTAAAGTAACCAACTTGCAACATCACCGATGCGGCTTCAATTACAAAAACACCGCCAATAATTATCAAAATAACCTCTTGGCGAGTCATAATTGCCACCATTGCCAACGATCCACCTAAGGCTAAACTGCCTGTATCACCCATAAACATTGATGCAGGACTACAGTTATACCATAAAAATCCCAAACACGCCCCCGCAATTGCCCCACAGAAAATACCAACTTCTCCAGCTCCAGATATTTGCGGAATTTTTAAATATTCAGCAAACTCAACGTGTCCGCATAAATAGGCAATCAATGCATAAGTTGAAGCACTAATTGCTGTACATCCAGTAGCTAAACCGTCTTTGCCATCAGTTAAATTCACTGCATTTGAAAATCCAACCATCATAAAAACAGCAAAACCAAATACCAATACTGCAGCTCCCTTAAAGGAGATTAATTTACTTAAAAATGGTAAACTCACTTTCTGCAAATATCCACCACTATCTTTATCAGCATAAAACAGCAACCCTACTGCAATTACGCTAACTAAAGTTTGACAAAATAACTTCATTTTTGCCGACATTCCCCCTGTCTTCAAAATCTTCGACAAATCATCAATGAACCCAATTGCACACAACAAAACTAAAGAACCTAAGAAAATTAGAATCAACAAACTATCAAGCCGAGCCCACAATAATGTCGAAATTGTGATGCTTGCCACAATCAAAAGCCCCCCCATACTTGGAACCTTATCTTTTGAATGATCAATATATTTATCTTCAACAATACCTTCAAGACGCGTAGGCGCCATCGTATTGAACTTTTTCAGTAATCTCACTGTCATAGGTCCAAAAACAAAACAAATAAACATTGCCGTGAATGTCGCCCCTGCAGCACGGAATGTCACATATTTAAATAAATTAAAATATCCAACTAAGTTAGATAATTCACTTAGGTAATATAACATTTTTAACTCCTAATACCCTTTTAAACACACAAGGAATATTGTTAAATTATAACTTCATTTAACAATATTCTCAAGCTTTTTTATTTTTTTAAAAACTCAATGTAAAGTCTTAACTTAAACTTTACAATGAATCTTATCCGCATTTACTATAACCACAGCTTAAACATTTTAAACAATTTTCTTGGT
CP151801.1_gap43	1436227	1440799	4572	TTCGGATCTATCGTTTTTGGAACCATGACTTCTCCAGTAAACAAATTAATCTGAGTAACAAAATTTCCATCACAAAGTTTACAATACTCTGACTCATAATCCTTATAATTAATTTTTATATGTTCTATATCCGCCTTTGTATTGATATTAAAATTTAATACTAACAAAGTTAACAATAAACTGCTAATTAACTTTTTCATAATAAAATTAGTCCCCTTATATTATTTTTCACACAATTTCTTATATAAATTAATTGCATAAAAGCTGTTTTCCAGTTAATTAATAAACATTTAGCTTTATTTTTCATATATTATATTTTAATTTTTATATATTACACAAAACAACCAACTATTTTTTGCAATTTACGTAAGATTTAACTATATTTTAAAAATAATTGATTTTTATTTAGGGATTTACAAAATTAATAGGGAAAAAATAATGAAGAATATAAAGAAAATCGCCACAAGCGTGTTGATGGTAAGTTTAACTATATCAGCTCTTAAAGCCAAAGACTCATATTTTAACAAAAACTTATCTGCAGAAAAAAGAGCTATTTTACTGCTAAACAAAATGACTTTGGCTGAAAAAATTGGACAAATGTGCCAATATACGGCTGAAATTTCTAATGGAAAAACTGCAGGTCTTGATGATTTAACAGTCACTTTACGCGAAACATCCTTAAACAATTACCGTAAAGGAATTGAACCTAAAGCTAAATTAATTAGGGCAGGAAAAATTGGTTCTTTTCTCAAAGTTCCTGGAGTAACTGCAGCTAATTATTTACAATCTCAGGCAATGAAAACAAGATTAAAAATTCCATTATTAATTGCAACTGATGCAATTCATGGGCATGGAATGTTTACATCTCCAGCAACTATTTTTCCGACGCCAATGACTTTAGCATCAACTTTTTCGGAAGAATTAGCTGAGAAAATGGCACGAGCTACTGCTCTTGAAATGCGAGCAACAGGTTATCAATGGACATTTTCTCCAAATCTTGATATTGTTAGGGACCAACGCTGGGGACGAACGGGAGAGACGTTTGGTGAAGATACGCTTCTAGTAACGAAGTTATCAGTTGCAATGATTAGAGGTTATCAAGGTAAAAATATTAATGAAAATAGCGTTTTAGCATGTGCTAAACATTTAGTAGGCGGAGGAGAATCACTCAACGGAATTAACGGAGCAGAAAGTGACATTTCACTCCATACTCTAAATTCAATTTATTACCCACCTTTTATCAAAGCTTTTGAAGCAAATTGTTTTACTGCAATGGCTGCTCATAATGCAATTAATGGTGTCCCGTGTCATTCACACCATCAACTATTAACGCAACTCGCAAAAAGAAAATGGGGCTTAAAAGGATTTATAGTGAGTGATTGGAATGACATCCGTAATTTAGCAAGCCGCCAAAAAACTGCAAAAAATTTCAAAGAAGCCTCAATGCAAGCAATTAATGCTGGTATTGATATACATATGCAAGGGAATGGTTTTTTCGATAACATGATACAGCTGGTTAAAGAAAATAAAGTTTCTGAAGAACGCATTAATGAAGCGGTCAAGCCAATATTAATTGCAAAATTTAAACTAGGACTTTTTGAAAATCCATATGTAAAACTTGAGAAAGTAAATCAAAAAGTTTTAACAGATAAACATCGAAATTTAGCACTAGAGATCGCTCGTCAAGGTATTGTCTTACTAAAAAACAACCATCAATTATTGCCTCTTAAAAATTTAGAAAATAAAAAAGTATTATTATGTGGTTTTAGTGCCGATAATCAAGTTCAACTAGGCGATTGGGCAAAACCACAACCTGATGAAAATGTCGTCACCATTTATGAAGGCTTGAAAAAAGAATTACCTCACTCAACAAATTTAGAACTTCTAAAAGTTAATTTATTAAAAAATATTAATAATCAATATATTGAAAAGGCGGTCAAACAAGCTCAAAAAGCTGACTATGTCATTGTTATCGCTGGGGAAAATTCACTAAGACACTCTCGAGAGAAAACTGCAGGAGAAAATGTTGATCGTAGTTCATTACAACTTCCAGGCAAACAACTTGAACTAATAAAAAAATTAAAAACACACAATCCAAATATCATTGTATGCCTAATTAATAGCCGTGCATTAGCAATTAATTGGTGTAGTAAAAATATTGATGCCATCCTTGAATGCTGGGAGCCTGGGTTATTAGGAGGTCAAGCTGTTGCCGAAATTATTACAGGCAAAGTAAATCCTTCTGGGAAATTAGCAATTTCATTTCCTCGCAGTGCTGGTCATTTACAAATTCATTATAACCGCAAACCAATGCGCATTCGCAATTATGCTGATTCTCCTGACAGTGCTCTTTATGACTTTGGTCATGGTCTGAGCTATAGTAAATTTAATTACAGTAATTTAAAAGTTTCAAGCATAAATAACTCCATTCATGACAACTTAGAAGTTGCTGTTACAGTAAAAAATGACGGTAATATTGCTGGCGATGAGGTTATTTTAATCTACTGTAATGACGTCATTAGTAGTACAACAACGCCCATAAAAAAACTAGTTGCCTTTAAAAGAGTTCATTTTAAACCATTCGAAACAAAAATTGTTAATTTAACAATTGAGAATGAACAATTATCGTTATTTACTTTGCACAATAAACAATTGGTTGAAGCTGGTGAGTTCATAATTATGGTTAATAGTTTACAAAAAAATATTTCACTAAAATAGTTTTACAAAACTCATTCATCAATAAATTAGTAACAAAAACGACCAACAACATAAGTGATTGGTCGTTTTTTATAAGGTAATAAATATTGACAAAATTTAACGAACTCATTAAAATCTATTAAAAGAGAATAATTAACTGAGTTAATATCATGAAAAAAATAATTGAGGATTGTTTAAAAGCCTTAAACTCGCTACTGCAAGATAAAATTTGTCAGCGCGAAGTCACTACAGTTAGGCGTGTACAAATCATTATTAATGCGTTGTCAAAGGCCTTGCGTGAAGACGATATTCAAGATGCTATCTGGATAATTATTCAACAATTAGAAATTTTATCCTCAAACATTGCAACCCCTGAAAGACACCCTACATACAATGTCTCTGAAATAGGACTTGTTGCCCGCAAATATGCAATGCATAGCGGATTATTCTCAGTTGTACCAACAACTCCAGGGTTGAGCGCATTACATTCTATTCTAAAAGGAACTCATCAAAAAATATTTATTTCATTTCCTAGCTTTTCTACTCATTATTTAGATAAAAGTAACCCAGCAATTAATGGCGTACAGAAAATTCATCGTATTTGGTTAGGAAAAACTCCATCTGATGAAAATTTAACTCTAGCAATTGGAGGCAATCTTGCCATAAAAGAATGCTGGGTTAATATGCATGATGGCGTTAAAACACCTAACCACCAAATCGAAACCATTCTCTGGACAAATGTGAATGAATTATTAATGTGCTACGATGACAAAGAACGCAAGCTTAAAAGTCGATTATTCAATAACTTTATTGTGAAAAATATTGACGAACTTTTCCCTGAATCAAGCGACCATTTCTTTTCTAAACTTAAAGGAATTGTTGACTCTTTCATAAAATTTGAAGAATATGCATTTGCCTCTGATGTTTTAAGATTTTTAATTATGTATCATCATGGCGGGTTATACGTTGATTTTCCATATTGTCATGCACATATGTCTGGAGCGAGAATATTCAAGCCTGCAATTGATAGCGTTAAAGTAGCATTTAGAAAACGAGGTAACGTAACAATTGCTCACGCTAATACTTTTTCGCCAGAAATGGCAAGTGTCTTAAAGCAAAAAAAAGTCATGGCTAGCGCCGGAGCTCCAGAATTTAGCGGTTATATTGATAGCCATTTACTCTATTGTGGTCATGAAAAATCAGCAATGTTTTTAAATGTTTTGAAGTTGATTGAACGACTTATTAATGCCAAAGGCCGTGGAGGAAAGAATTTTCCTCTTGCGACCCACCGTACCAAAATATTTCAAACACTACCACAAGAATGGCTACGATATAATTATCAGACATATGATGAATTTTTACAATATAGTCGCGACCTTTTACAAATAAATACACCTGCACAATTAACAAACGTTTTTCCTCTTCTACAATCAATGATTGATTATGGGTATATTATACCAGAGAATCCACGAAAAATTAATACAAAATATCGTTTACTTGATCAATGTAAAATAGAATGTAATATTTTTATGCACTATAAAATACCAATGATTGAAGTAGACAGTTTAAACATTAAACGTATTGTAAAATCATCTTGGATTAAACCAAGTTTCTCTGGTCGGCCTTATGGAGAAGTATAATTATAACATCTCGCTACAGGCCTAATTCCATTATTATCTTGGCTTTTGACTTATCCTTAATTGCTGGATTCAAGCAATAAAAAACTAATCTAGAACTACCAATTCGCATGCGGTCAGCTTCAATCAAGTTATATTTTTTAGCAAATGCATCATTTTCAACAATTAAAAAATAGCATTCGTCTAAATCATTAATATGCAATTTTTTACCTAAAGTTGGATTAAATATATGACGCAC
CP151801.1_gap44	1486273	1490038	3765	TCAGAAGCTTTAAAAACAAAAAAAGAAAATATCATTTTACAGGATCATATTGTAGTAACAGTAAATGGTGAACCTATTTCATTACTTGATGTTTCATCTTTATCATTTTCTCAAGAACGTGCGCTTCATCAACAAGTAAAAGACCCAAAACAAATTTTAGCATTAACTAAACAAATTAGACTTAGCGCACTAAATCATTTAATTGAACGCAAATTAATCATACAAGATTATCACGATGATCCTTTTGATATTGACAATCAATACATAGAATCAGAAGTAGATCGTTTGGCTGAACTAGCTAAAATAACCAATAGATTAGAGCTCAAAAATGAGATGACTAAAGCAAAAAAAGATGTCAATTACCTTCATAATAAAGCAAAAAATAATGTGATTTATCAAATGATGGTTTCATCCTATTTTTATAGAGAAGGTCAAGTCACACCAAAAGAAGTTTATGAATATTACAAAAAAAATATCAAAATTTTTCAACAGCAAAAAATGTATCTCTTTTCAACACTTTTCATAAGGAAAGATACTGATAAATTTGACGAAAAAGTGGCTACTATTAGTGAAGATTTAAAAAAACATAATAAAGAAATTTTTAATTCTCTGCAAGAAATTTATAACCCAGATATTAAGCAGAGCAGTTCATGGTTTGCGCAAAAAAAATTACGTAAAGAGTTTATCGAACCACTTTCTAAAATAATAAAAGGACAAATTTCAAAGCCTATAAAGATTAAGGAAGGCGTTGTATTTTTACTAGTTGAAGATGTAAAACCTGCGAAAATTAAAAGTGTCACAGAAGTTTACAGTCAAATTAAAAATATTATTGAGGACAAAAAGCATAGGGAAATTTATGACAAAAAAGTTAAAGAATTAAAAACAAAAGCAATCATCACCTATGAGTTTAATTACGCACCAAAAAATGCGGCTCAGCGACAACAAGAAAAACAAAACAAAGCTGAGCAAAAAAATAAAATTGTGACAAAACAAAAAGAGCCTTCTAAAGAAAAAAATAAACCAACTTCAAAACAAAAAGAAGTTGAGGTAACTAAAGAACAAAAATAATTTCTTCAAATGAAAAAGTTTCTTAAAGCCCCAAATACAATCGCCTATACTATATTTTTTGTTGTAGCTATATTCTTTTTAGCTCCAGCAATATTTTATGGGCAACTATTTTATGGTTTTGATATTTTGTACAGCACTGCACCTTGGAGTGAATTAATTTCTAAAGAGATTATTGCAGCAAATCGTTTAGTTAGTGACCCTATCGACGGGCTTTATCCAGGTCACTATTACTTAAATTATTTATATATTCAACAGCAATTAACTGAATATAATCATTTACCGCACTGGTATGATAATAGTTTTGGCGGTTTTCCATTTGGATATTGCTATAGTTATCCACTAATGTTTTTGTTAAAATACATTTCAATCACAACTTTACATACAGCCAATATTTTTACCTGTATGGTTATTTGTGCTATTGGCATGTATCACTATGTTAAGGTGTTAAAGGTTCAACACCATGTGGCAGTATTTGCAGGCGTTGCATGGATGTTAAGCGGCTATAACTTAGTGTGGTTAGAATTTGAAATTGTCCTTTTTACAGCGGCATCATTACCATTAATTTTATACTCCTATCATCGTGGTAAACAACAACAAAAATTTAGTTTAAGCTTATTATTATTAATATTTTTTGCGGTTGGCTTATCATTTGCAGGCAGCTATGGGCATCTATTACTTTATCAATATTTATTTATCTTTATTTATATTTTAACCGATATAATTAAAGATTATAAAAAATTTAAAGATTATTTAAAAAGCTATATTTTTACAGGAAGTTATTTTTTAATAAGTAGCATTAGCGCATTACCATTTATTGTCAGCCATCTTAAAATTTTGGAATACGCTCAACGTCAACAATACAATTTCAAAGATCTGTTCAAATTCACAGGACAATTATATCCATCATGGTTAATAAGTCTATTAACCCCAGATGCGTATGGATCCCCTGCCCTTGGCGCGTTTCAAATACCAGCGTTACCGACTCAAGATTACAATAATTATTGTGAATTAACAATTTACGGAGGAATAGCCGTATTGTTTTTTGCAATATTTGTGATTTTACACTTAAAGAAAAATAAAGCTATATTTTTTATTGTTACACTAATAGCAACCTTACTTATGGCTGGTGGAAGCGGACTATATTATCCATTGACAGAATTAATTAGTGCCTTAAAATTCTCTGCACCATTACGAATTTTATACATTAGTAGCTTTTGTTTAACAATGTGTGCTGTTTTTGGATTAGATAGTTTTTCAAGAATTGCCAAAATTGTTAATAGGAATAAAAACAAATACAATAAACAATACAAAAACTTGATGCTGTTTACATTAATCTGGGGTGGCCTTTTAATTTTAACAATTTTTTTAATAAAGAGTGATTATGGCTACAAATTTCGTTTTGGTGATAATTTTCAGCAACAACAAAATTTTCTAGAAAAACATAAATACTTAATTTACTATAAGAGTTTAATTTTATTGGTTTTAACATTAATTTTAAGCTTAATAATTATTAACCAAAGACGTTTTGTAAATACTGCATTGTGTGTGATCATCGCTTTATTGGGTTATGATTTGTATGTTTTTGGCCGCACTTTTAATCCATTAAGTTTTAAAAATATGACGTATGAAAAAACTCCTGCTATCGAATTTCTTTTGAAGCAACAAAAAATTGATAAAAACCACAATAATCCCTTTAGAGTGGCAACTTTTACAAATCATTTGCCCAATTACTTGGCTGCGTTTAATATTCAATCATTAACAGGATATTCATCATTTTATAGCCGCAGTATTGGCGATTATCTTTTTTTAATGGACAACAATCAACTTCCTTTTGCAAAGCAAAATCACCCTCGCTGGCAAATGTTAAATTCCATAAATCTAAAATTATGTGCCCTAGCAAACATTAAGTATGTCGTTCGCCCTAAGGAAGAACAAAAAATAAACAATGAATCTTTGCCACTAGTTTTTGACGGAGAAGTAAAAATTTATCAAAATAAATTATCTTTAGAGCGTGCATTTTTTGTTCCAAATATAATTGCAGCCCAAAATAAAACACAGCTTTACAATGTACTATTGAATGCACCTTTAGAAGTTTTAAAACAAAATGTATTTGGGGTTATTATCAATAGACAAGTAAATTCGCAACAAAACATAGCTCCAGTAGAAATATCATTTGAGCAGTTAAATTCTGACAATATTTCTCTTGAACTAAATGCTCCCTGTGCAGGAGGAGTTATTATTAGTAACACCTTTGATGTAAACTGGCAGTATAAAATTAATAATTCACAGTGGCAGTCTGTCAAAAAAGTTAATGGTTTTATGCAACTAATTGAAGTAAAAAAGGGAAAACAAAAAATCTATTTACGATATTTTGATAAAAATTTAACGATTGCAATGATAATTAATAAAATAGCTTGGATAAGTTTTCTAATCATGCTATTGTTATTGACGTTGTTAAAAGTTATCACATTAAATAAAGAGCGTAAAAATGATTAATGATAAAAAAGTTGTAGTTGTAATGCCTGCATACAATGCGGAGAAGACCTTAATAAAGACCTATAATGAGGTTATGGAGCAAAAAGTTGTCGATTTAGTAATAATTGTTGATGACAATAGCAACGATCATACCTATGAAATTGCTCAAAAGTTACAAAATGTTATTACTTACAAAACTAAACACAACCGTGGCTACGGTGG
CP151801.1_gap45	1533102	1534173	1071	CAGATGCAAAAATTTGGGGTGTGGCACAAGGCTCATTAACTATTGGTGGCTATACTTACGGTAGCGCAGAACCAGGTGGCGAGCGCCAAGTTAAAAACGTTCCTAGCAGTGGTGTTGTTAATAATGGAGTGAAATTAGTCCGTGATATTGGTTTAGATTTAAGTAAACAAGAAGAGTTAGTTTATGTTCTTCACGATCCTGATTACACCTCAGCTGTTAATGTTGCAAAGAGTATCAATAAAGCATATCCTGGGACAGCATTAGCGAAAAATGCAGCACAAATTACAGTTCAAGTGCCAAAGAAATTTCGTGATGAAAATAACATTATGGGCTTTATTAGTAAAATTGATCAAATGCATTTTACAGCAGATTCAATTGCTAAAATAGTTTTCAATGAACGTACTGGAACATTAATCATTGGTGAAAATGTTAAAATTTCACACGCTGCAATAAGTCACGGTAATTTATTTATCACAGTAAAAAGTACTTTGGGTGTTATCCAGCCAAATGCATTCGGTCAAGGAAATACCGAAGTAATCCAAAACCAAAGAACTGATGTTCAAGAAATTCAAGGACAATTGATTGAAATGCAAAAATCAACAACCGTTAAAGAAGTGGTCAATGGCTTAAATCAACTGGGTGTTAGTGCGAGAGATATTATGGTAATATTCCATGCCCTAAAAGCGGCAGGAGCTCTACATGCAAAAATTGAAGCAATCTAATAAGAGGATCAAGAAATGAGTATAGATAGTATTTCAAGTAGCATCATGTTAGATAATTTTAACTATAGTAGTGGCCTTGATAATATATTACAAAAAAGTATCGAAAATACAAAAAAAAATAACGAAGTTAATAATATAGACAACACGCCACGAGCTAAACAATTAAAAAAAGCGTGCCAAGAGTTTGAATCGCTCTTAACCGAAAATATCATGAAACAAGGGCTGAGCTCTGCTAACCAAATTAATAGTGATGAAGAAGAGGAAAATGGCAGTAAAATGTTTAAGGATTTAGCCAATGAACAGTTAGCTCGCTGTGTTGGTAAAGCTGGAATGTTAAATTTAGCAGAAC
CP151801.1_gap46	1551605	1554964	3359	TAAAAGTTCTTGTAAACTTTGATTATATTTGTCTTCCTTATTAGTAATATGTAATAGTGGCAACTCAAAGTAATAGATATTTACATTATTTTTATTTTTTATTTTAGCATTACTTAAATATTTTTGCATTTCCTCAATTTTACCAACATTTGAAGCTTTTTTATAACTTGAAAAATCACTATCAAAGGCTTTCATTCCTTGAAACACTTCACTAGCAATCGCTGTTAATTTGCTCATTTGAGTTCTATTTAAACGTGCTCTGCGAGCATGGGTGAATACTTCTTCGATATGAACAACAAGGTCATTATATTGTTGATATTCATAATTTAAACGCACATTAATATATGAATAATTGGCAATTTTTCCTGAATCATTTTCAGGAATATCTAAACCATTCAAGCATGCGTCAAAACTGTCACGTGAAAATGATTTAAAATTACTTTTTTTTCCTTTTAATACCACATAGTCATTATAATTAAACAAAAAATTTAAAAATTTTGTCAACGAATCATGATTAAAAGAAAAATAATCTAATCTGCCATCAAGGAACTTCTGACTATTTTCTTCTTGGCTTGAATATAATAAACTTAATATATAAATAGCACTATACTCAGGACTTGTAAATCTCAATCTATTATTGACAAATTCATCGGCACAATCAGAGTATTCACCTTTTGCAAACATTTTTTTTGCTTTTAATGCTCCCTGAGGATTATCAGCATCTTTATCTGTTGAACCATCTTTTCGGTCTTCTTTTTTCTTCTTTTTACTTCTATCACGTGAAATTTCGGTGTTAGTTCCAAATCCTTTCTCTCGCTTAAATCCAAAATTATTTTTTGCGGCATTAGCTACTATTGAATTAATTAAAAACACGGCCACAATTAAACCGATAGTCCCAAACTTTAACTTCATTTTTACACCTTTGTATTGTTTTTTTGTTTTGTTTTTCTGCTTTGTCCAAATATCATTCAAATGATAATTATTAATGTTTCTCAAAATTTATTTTGGACTGTAATTATGCCTTATATAAGAAATTATAAAAAAATCCATAATTTAATTAACACACTATGACAATTAAAAATAGTATCAATTTGATCAAATTTCAAATAGATACTACCAAATAACTATCATTAGACATTTTATATTTTTAAGAATATACAATCACCAGAACTGTTTACCACGACGGCGCATTCCAGGAACAAGTTCATGCCAAATACTTTTACCACGTGGCGAAATCAGCCTTGTGGGTGAATTACGCTTAAATGCACGCATACCAGCTAAAAGATACTCAGCATTTTCAGTAATTTCACCTCCACGCAAATAAACACTATTTAAGAAAATATGAACATTACTAATATAAAGCAATAAACTTCCTTTCATTGCATCACGAAGTAAATTAACATCATCTTCTCCATCAAGAATTGTTTGAAGAACACGATAATAAACTTTCACCATAGCTTGATAATAGGCGATACGACGTGGAAGATATTCTAAAACATGAGTTGCGGGATTAAAGTATAATAACCCTTCCCATGACTCAATATTCAAACTATATCCATACATATCACGAGCTAATTCATCTTTTGCTATATCTGGGAAATTACATTTAGATGCAAAATCAACAGGGCTATAAGCCGTATTCATATTTGTATAATAAAATGAACTTTCTAGATCATTTTGTCGCATAGCAGTGGATTCAACTTCTTGTTCCAAAGCATTTATAACACGATTCTTTTTGCAAAAATGATCTAGCATTCCGTAAAGAAGGTCGGCAAGCCTTTTGGTTTCCTCATATGAATAAGGTATTAATTGCATTGGATTATCTGCACTAGGCATAAGTGGTTGATCAAACTCTGGAGGTTGCTTATAATAAAATGATAATAATACCCAAAAAGATGATAAATGTCTATGATTTCGCTTTAAAGCAGCGCGCGCATAATCTTTAACAGCACCATATAAGTGACGACTTATTTTATTTTCTTCAGCCATATCAATACTATTACAGCCAATAATTAGTTCAGGGATGTTTCGTTCAAGTAATCCACATGCAAAATCAAAGGCATAATCAAGGTCATTAAACTCATTTTTTCTTATTAAGAAATTCTTTTTTTTGACGTGAGGACTAACTGCTGCTCCAAAAATATCCCCAGTACCATATTTCAAGTTTTCATAGGTCATCAAAATAGGCAATAACCCACTGCTCATTACATACATACAATTACTACTACTTCGCCCTTCAAGCTGTCGATGACCATTATTTAAATAATAATTTACATAATGATTTAATTTTGATCGCTTACGAATCATACGCTGAATTTTGTCATTGTTTAGCAATAAACTTACAATTATATTCATCTGATTGTCTCCAGTCTAATCTTATTATTAAATATTAATAAAATTGTTTTCCTTCTCTGCAATTATTACCAATAGCTCCAGGTTGCCAAATATTAACTCCCCTAGCAGTAACAAGGCGGCTAACTGAGTTACGTTTGAAACTTCTAAAGCCACTTAATATATACTCCGCAGTTTCAGTAACTTGCCCAGATAAGTCATAAATACTACGCATAAATAAATGAAGGCTCGAAATATATAATTTGAAGTTCAATGCTAAATTTTCTCCAATAAAAGCATCATCAAATTCACCACTGCGAACAAAATTAAAAACATTCCCATAAGTAGCTACCAGTAAATAACAGCACGCAATATTTTGTGGTAAATATTCTAAGCAACGAGTTTCTGGACTTATATAGAGCAATGATTCCCATGACTCTATTTGCATACTATATGCAAACAAATCTTGAGCCATTTCATCCAAAGCTTCACGCTGAAATTGAGCCTTAACTGCAAAATCAATACACGTATAACTAGGAGATTCTTGAGTGTAGTAAATAGTTGATTCTAAAGGATGTTCTGTCGTAGCTAAGCCCGGTTTGGCCTCCGATGTTTGTTTAACACTATTTATATTTTTATTACGTACACAAAAATCATTTAAGGTATCTTTAATTAAATCCTCTAATTCAAAAAATCGTTGCTGTGTATATGGTACAACCTGCATCAAATTTGTTGAATCTGGAATTAATGCCTGATTATTAGGAGTCTCTTTGTAATAAAGAGCAGCTATTACCCAAAAACTACATCCTGAAGAGGATTTTCTTTTTACCGCATTATTAGCTTTTTCCAAAACAAAAGCAGATAGCCTTTTACTGTTAACTTGATCCGTTAAAGATAATGCTGAAGTATTTACACCAAACTCAAGTGCTGGAATATGAACTTCAATTTCTCGGCATAAAATCATAAAATTTGCTGCAATATTTTTTGTCAAATCTCTTTTTTTTCCAAAAACCATACGCGCTTTTGAT
CP151801.1_gap47	1744377	1747095	2718	GTCATCGCTAATGCGCCATGAGCAGCTCCGTAGTTAACTGCCAGGTTTGCATCACTTTTTTCCATGAAACCATAAATTAAACCTGAAGCAAAACTATCGCCTCCACCAACACGATCCATGATCTCCAGTTCTGGACGATGTGTTGCAGTGAAAAATTCACCATCACACCAGCAAATTGCGCCCCAATCATTAACTGTAGCAGTTTTCACACCGCGTAACGTTGTTGCAGTTGCTTTGAAATTAGGATATTCAGAAATTGCTTGCTTAATCATATTTTCAAAACTTGAAGTATCTAAGTTAGTTAAATTTTCATCAACGCCTTCAACTTCAAATCCTAGACATGCAGTAAAATCTTCTTCATTACCAATCATTACATCTACATATTTAGCAACTTCACGATTAACTTCTTGAGCTTTTTCGTGACCACCAATAGCATTCCATAATGATGGACGATAATTTAAGTCGTAAGAAATAATTGTACCATATTTTTTAGCAACTTTCATCGCTTCAATAACAACATCTGGAGTTGTATCGCTTAATGCAGCAAAAATACCGCCAGTATGGAACCAGCGTACTCCCAAAGTACCAAAAATGTATTCCCAGTCAATATCACCAACTTTTAATTGAGAAACCGCAGTGTTACCACGATCCGAGCAACCACGAGCACCACGAATACCATAACCACGCTCAGTAAAATTCATTCCATTACGAACTTCACGACCAACGCCATCATATTTAGCCCACTTGATAAATGATGTATCAACTCCACCCTGTAAAATAAAATCTTCAACTAAACGTCCAACTGGGTTGTCAGCAAATGCTGTCACAACTGCCGCACGTAGCCCAAAACAACGACGTAAACCACGAGCAACATTATACTCGCCGCCACCTTCCCACGCAGTGAATTGACGTGTTGTATGAATACGTCCCTCACCTGGATCTAAACGTAGCATTACTTCGCCTAATGATAAAATGTCATAACGGCATTCTTCTTTACTTTTTACTTTAAATGTAGCCATTTGTAATTTTTTTCCTTAATATTTTATATTCCTTCTAATTGAATCTCGCCAACAAATATAGCATTTATTAACGAAATTAAAAATGCAATAGAAAGATTATTTATTAATCTAATGTAAATATTATTTACAAGCTTTACATTGACGCTTAATTTCTTGCAATTTAACATAATCTGTCATCTTTTTGTAATACAAATCTAGCGGATAACATCCTGAAACTAAACCATTACGAGGTGCTGTTGTGCAGTCTCCAAATGTACGACAAATTAAACGACGATTTAAAGGTTTTCCTGCTAATGAATCAGCACATATTTCTGGATATGATAACACCATACGACCAATACCCGCAAAATCCTGCATACCACTTGCAACAATACTTTGTGCAACATTTGGCAACCATTCTTGGAGGTATGTTAAACCCGAACCAACAAAATGCATATCAGGACATGCCTTTTTAACCTCTGCTACCGCATTAATTTGTCGCGCTACACCTACTAATGGATCTTCTGGCATCATATAACCATCTGATACAGGATAATATGCAGGGCGTTGAATATGAGGAATATAATATGGGCTTCCAACTGTAGTACACACCATTCTCACATCAAATTCATCACGAATCATTTGTAAAAACTTAATTGTTTCAGTCATATCAATACCACCCCCTGTACCATCACCACCAAAAGCATATTTATAATCACCAACTTCAATCATTGGTTCACCATGACCATCTTCAGCTTTTTTAAATGGCATCATATCAAATAAACTTAAACGCAATGAAATATCAAGATCTGGGCAGCGCTTTTTAATTCCCGAAGCAATTTCACGGAAGAAACGGGTACGGTTTTCAAAGCTACCCCCATATTTTCCAGGACGATCAAAAGCACTTAAAAATTCATGACCTAAGTAACCATGAGCATGTTTAATATCAACAAATTGATACCCAGCTTGATATGATAACTCAGCCGCATCAATAAATTTTTTAACGATAACTTCTACCTCTTCATCAGTAACTGGTTTAGTATTTTGATTACCAAACTTAACATCCAATAATGGATGATTATAAGCAATAGTAGACTCTAAAACTTTATCATCATTTGGATGTGAAAAACGTCCTGAATGAGTCAACTGCAAACCTACATATAAATCATTCGTTTCGCCAAATTTATCACCGTGAGCATTTACAACTTTTTGACGTAAATCAGCCATCGCTTCAACAGTTTCAGGAGTCATCATCATTTGACGTGTGTTACTTTTCCCTGATTTCATTACTGCCGCGGCTTCGCAGCCATAAAGTAATTTGGCTCCGCTTTGACCAAAACGTACCCAACGACGTTCCGTTAATTCACTAGGCGCACCATTTCCAAGGCAATCCCAACCTTCCATTGGTAAAATACTCCAGCGGTTACCAATAGTACGACCTTTGTATTCTAATTTTTGCGCCATAGGTGCATCAGCTCCACTTTGAACTGTATCATCAACTGGTAAATTAACGCCTAAAGATTTAACGTGTTCTCTAAAATCTTCAACAGTTTTTAGACTACTAACTTTTTTGTATCGATCGAGTCCCATGTTTAAAAACTCCTATAATTCCTATTTTGTTTTTGTGACAGTTTTTTTCTGTCAGTTTTTTTAATACTACTATTTTGAGTGTAAAAATATAATTCTAATAGCGATTCGACTTTTTAATATGACTGATAAT
CP151801.1_gap48	1922947	1925729	2782	TCTTCCGTTACAGTTCGTTTAGATTTAATTGGCTTAATAGGCAAATTAAACTTTATTCTCCCCCTTAAAAGAAGTAGATCTTTATCCTTTGGGATAAAACTTTTGGCGAAATCAATCAACAACAACCCTCTTTTATCTTTACGATCATTTGCTAAGACATTACTTGCTAATACAATCGCGCGATATGCTAAACTTTTTAGTCGCAACTCCGAAATAGGCAGTTGCACATTGTTTTTTTCAGCAACTGTAGTCAATCCCATCACATTATTTGAACTTGTACTCAATAAAATACAAGCTACAAAAGCTGCAATAAAAAACAATTTCTTTTTACTTTTAAAATTCATTTTTGAATCTCCAAGCTTTAAATAATCTCTCACATCAGCAAAAACTATTTTGCTTAACCCTCAATGTCCTTTTTTCTATAGTCAAACAACCATACTATATATAATCACTAAATAATTATAATAAATTAATTTTTGGTTATTAAAGTTAATCTCGTTACATTTTTTTTAAATTAACTTCATAATAATAACCTTTGGAGCAACAAAATCACTTAGACATTGAAATATTAAGTCGTAACCAACTCCAATATATTGATTTTAAATTAATAAAATTTCAAAGTTTTAATATTCTATAGGTGTTTCTAAAATTATTCAACCTTATTTGAGAAACACTTTTTTAAAATCTCTTAATCAAGATTTTTCTTAAGCAATTCAATAACAAGCTGAGGGTTTGCCTTTCCTCGACTTAATTTCATTACTTGTCCAACAAAATATTTTAATACCTCAGTTTTACCACTTTTATATTGTTCAACCTGTGGAGCGTTATTTTCAATTGCTTCAATAACAAATTTTTCAATTGCAGACTCATCCGTAACCTGAACCAAGCCTTGCTCTTCAACAATAACTTTAGCGTCTTTACCACTAGAAAACATTTCACTGAAAACTTTCTTAGCAATTTTACCACTGATTGTTTTATTTTCAATTAGTTTAATCATATCAGCCAATTGTTGAGGAACAATTTTACACTCATCAATTGAAATATTTGCCTCACTTAATTCACGCAATAATTCAGAAATAATCCAGTTAGCCAATAGCTTCGGAGTATCAACTAACACTGCTCCAGCATCAAAATAATCTGCAACCTCACGATTTTGCGTTAAAACCTCTGCATCATAATCTGTTAAATTATAATCTGCAATAAAACGAGCCTGTTTAGCTAATGGTGCTTCAGACAATGTTACACGCACCTTTTCAACATCTTCATCAGTAAAAGTAACTGGTAATAAATCTGGCTCAGGAAAGTAGCGATAATCATGAGCACTTTCTTTCGTACGCATTAAATATGTTTCACCGCGATCATCATTCCAACCACGAGTTTCTTGTTGAAATGTTTCACCATTATCATAACCACGGCGCTGGCGTTTAATTTCATAAACAATTGATTTATGCACCGCACGGAAGCTGTTTAGGTTTTTTATTTCAATTTTAGTTCCAAATTCGCTTGATCCTTTTGGTTTTAACGAAATATTTACATCACAACGCATTTGCCCTTTTTCCATATCGCAGTTACCAATTTTTGCGTACTGCATAATCTGCTTAATTGAAGTTAAATAAGCGTAAGCTTCATCAGCAGTTGCGATTTCAGGTTCACTAACAATTTCCATCAATGGCACCCCTGCACGGTTGTAATCAACCCCACTATATGTTCCAAAGTGAGTTAATTTAGCAACATCCTCTTCAAGATGAATACGCGTTAAGCCAATCTCTTTTGGAGGTAAATCTTTACCTGAAAACCCTTTATTCCCACCAATTTTCACCTTACCGTGTTCACAAAATGGTAAATCATATTGTGAAATCTGATAATTTTTTGGCATATCAGGGTAAAAATAACTTTTACGATCAAATTTACTATATTTTGCAATTTCGCAATCTAGCATAAGCCCTGCGACTACAGTCTTATCAATTGCCTCTTTGTTAGGTACTGGCATTACTCCAGGATATCCCATACAAACGGGGCAAACTAATGTGTTAGGTTCTTCACCATATCTATTTGCGCACGAGCAAAACATTTTACTATTTGTTTTTACTTGAACGTGTACTTCTAAACCAATTACTACGTCATATTCTGCCATATATCTATAAAACCTTAATCTAAGTTAATTCTAAAAAAAATACTTCTAGTAAAATTACAACTAAAAAGCTCTGATTTCCAGTCTAAAGACCATCTTTTCAGAGCTTTTTCATTATTTTTTTATTTTTCAAGATAAATAAGAAAAAATAACCTTTTTTATCATTTCTCTTTATCATGCTCAAAACATTCTTCGATCCATTCATGAGCTTTACCACGATTTTTGGATGAGAAAAATTTAGTTTTCACTCCAGTAAAGTATCCCATGAATTTACACCATGCTCGTTCCCATTCATTATCACCAACAACGGCAATACTTCCAATGTTATCTTTATATTTCTTACCCATGGCTAAATCCATTTGCAATAGACTTGCTGCAGGAATTGGCACGTGGTTCAATTCTAAATATCCAAACACTTTGTGTTTACTGAACTTATTATCAGCAACAAGCTTATCAAACTGGGCTCTCATAACGGTTAAGTCGTCCATAGTCAACTTACCTTCAGCATGGATCTCAAACATTCGGTTTGCGTATGTTTTCAACTTCGTAATCATTGTTAAGCCCTCCAGTTAAAAATTTTAAAATTATGAGGTAGTTTTAAAAGCACCTTGTTTAATTAAAAAGTTTTTTAAAATCATCTTTTTATTTATT
CP151801.1_gap49	1946552	1947115	563	CACCGGAACTACAACTTCGCCGAGATCCACGTTGAGACAGTGTGGGCATCGTTACACGATTCGTGCAGGTCGGAACTTACCCGACAAGGAATTTCGCTACCTTAGGACCGTTATAGTTACGGCCGACATTCACCAGGGCTTCAGTTCACTGCTTCGCGTAAAGCTAACAGATTCCTTTGACCTTTTGGCATTGGTCACGTGTCACTCCCTATACATCCTCTTGCGAGTTAGCAGAGAGCTGTGTTTTTGTTAAACAGTCGCACCCACCGCTTTGTTGCAACCATCGTAGGCTTACGGAGTAAATCCTTAACCATGATGGCACCCCTTCTCCCGAAGTTACGGGGTTAATTTGCCGAGTTCCTTAACGTGGTTTCTCTCGCGCCCCTTAGGCTTCTCGCCTCACCTACCTGTGTCGGTTTACGGTACGGATACCATTACATCAACGTTTAGAAGCTTTTCTAGTCAGCGAAGCATCAGCGATTCCACGCTGCCCGAAGGCGTTGTGGCCTGTCAGATCTCAGGCGTAATGAGATGCGGATTTGCCTACATCTCGCCCTACTTCC
CP151801.1_gap50	1970149	1974454	4305	GTTGACAAATAGCAATATAGCTCATTTTTTTGAAATTTAAATATCATCTTTAAAAAAATATTCATTTTTACGTTTAATAATAAGTTTTTTTTACTAGCAATAAACTTCAATAGACTATATAGTAAATTTAAGTTAAATTAGCATTATTTTGAACATTTTAAACATGTGTCAAATAAGATAAAACAATCTAAAAATGGTATTCATGAAAAAAAGCGCACTATTATTTTTTGAAAACGTTGGCAATATCACTAGCGATCTGACTAGCCAAGTCACCTCGCTAGTGCGGTTTATTGCCGCAGTATTTTTTTCTTTAGGAGCAGCAGTACGCCACCCCAAGAAAGTGCGTTGGCATGAAACGATTTACTATATTAATATGTGTGGTAGCGATGCCTTGGGCATTGTAATACTACTATGTTATTTGATGGGGCTAATTACAGCTTACCAAAGTATTGTCCAACTCCATAAATTTGGTGCTGATATTGAATTAACTGTTTTAATGAATGTTGCCGTTTGCAAAGAGCTAGCTGCTTTAATGGTGGCAATAATTTCAACAGGAAGAGCAGGATCTGCTTTTGCAGCAGAGATTGGAACAATGAAAATTAATGATGAAATCAATGCACTTAAAACTTTAGGCTTATCACCTGAGCGTTTTTTAATTACTCCAAAAATTATTGCAATGTGCCTGGTTGGTCCAATTTTGACTGTATTTGGAATGTATGCAGCATTAATTGCAGGAGTTGTCGTTGCAAAAACATTTTCAGATATACCAGTTGAAACTTATGTTACGACTTCAATAAATTACTTGAAACCACGTTGGATTTTTGAAGGAATGGTAAAATCGTTGGTCTATTCTTTTCTAATCGCCTCAATTGGTTGTGAGAAAGGATTTGCATCTCAAAATGACTCAAAGGGAGTTGGTCGTTCTACAACATCAGCAGTAGTCAGCGGAATTTTTTGGATTGTAGTTGCAAATGCGATTATAACTTATATCTTTATGAAAATATTTGCTAAATAACTATGGGAAGGAATTAGGTAAATGATTATGAAACAAAAACAAAGGCCTGTAATAAAGGTTGAAAATGTCACAATTGGCTACGGTAATAATATAGTTTTAAATAATATTAACTTTGAAGTTAAACAAGGTGAAATATTTGCTATTATGGGTGGTTCTGGTTGTGGTAAGACAACTTTATTAAAAAATATTATTGGCCTATATAAACCATTTTCTGGAGATATTAAAATTTATGGAAAGAGCATGCTAAAAGCATCTAAGCATGAACAACAACTACTACTACAACAATTTGGAGTAACATATCAAGAAGGCGCATTATTTGGAGCGATGACATTAGCCGAAAACGTAGCGCTTCCTTTAGAAGAATTTACTGATTATTCTCAAGAAAAAATTGCTAAAATTGTTAATGAAAAATTAAAAATTGTCGATCTAGAAGGTTTTAATGACTATATGCCAAGCGAATTAAGCGGTGGAATGAAAAAACGTGCAGGAGTAGCTAGAGCATTGGCGCTGGAGCCAAAACTACTATTTTTTGATGAACCATCGGCAGGACTAGACCCTATAACTTCGGCAGATTTTGATAGTTTGATTATGAATCTACGGGATAAATTAGATACAACAATTGTAATTGTAACACATGAACTAGATAGCATTTTTACGGTATCTGACCGAGTAATTATGTTAGATCAGCGTACAAAAGGAATTATCGCTGAAGGCGATGTTCACAAATTAAAACAAGAGTGCCACAACGAATGGGTACAAGAATTTTTGAGTCGAAAAGGGTTAAAAGTATAAAGCTACGCTAATAATGGAGCAAAAATAATAATGGAAAATTTAAGTAAAGTTAAACTAGGAATATTTGTAACAGTAGGAATTGCACTTTTTTCGATTCTAATATTCTATGTTTCCGTAAAACAACTAATTCAACCCCACGCAAGGTTGGTGACCATTTTTAAGGAGTCAGTCCAAGGCCTTGAAAAAGGTTCTCAAGTAAAATACAAAGGGGTAACCATTGGTTCAGTTAGCGATATTTTTATTATGACGTCAAATGAACAACATTTAATTCAAGTTGAAATGAAAATTAATTTTGACTCATTACACTCAAGCGACACAAAACAACTAGCAAAAATGTTTGGGGATTTTATCCAAAAAGAGCGAAAACGCGGTCTGCGTTGTCGTTTAGAATTTGCCGGTATAACAGGGCAAAAATATATTGAAATGGATTATTTTGACGGCATCCCTAATTCACCAATGGAAGAATTAGCTCTAATTAACAGCAAAGATCGGCAATATTATTTACCATCTACTAGATCTGTTTTCAAAGGGTTAATTAGTCAATTAACCAGATCATTAAATAATATAGCGAAGATAGATTTCCACGGTATTAGTAAAGATTTACATAAATCAATACAGTCTGCTGATAAGTTAATTAATAGCCCAGAAATTTCACGTATTGTTGCAGAACTACAAAAATCGAGTCAAAATTTAACAGCTATCCTAGAAAAAGCAAATCAAGCATTTGATGCAAAAGATATTCGTGAAATCCTAAGTGAAATAAATGATTTAATTAAAGAAACTGATTCTCTAATTACTATTGCAAAAAAAGACTTAAAAAGAGCTCAAATTGGTAAAACAACTGAGAGTTTTCGTAATGCGGCAAATGCAGTCACTACTTCAAAAGAAGATGTGACATATTTATTAAAACAAATAGAGCAAACAGTTGCGTCTTTAAACGAATTAATTAACAAAATAAACGATGACCCTTCGTCATTAATAAGAGGAAAACAGACATCTCCAGCACTTAAAGAGGTTCAAAACAGCAATTAACCAAACATAAAATTTATAAAAAAAGTTGTATTTGCAACAAAAAACATTTATCTTATAAAAATGACTAATTTAAAGGGTAAATAAAATGAGCGAAAATATTTCACGTATCGGCGAAGTGATAAGAGCAACTAAAGAAACCGATATTTATGTTAAAATAAACCTTGATGGCACAGGCGAAAGTGTCATTGATACTGGTATCCCATTTATGGATCATATGTTAACACTTTTTGCAAAGCATGGCTTTTTTGCCTTAGAGGTAAAAGCGAAAGGTGACCTTGAAATTGATTGTCACCATACAATGGAGGACTTAGCTTTAACTCTTGGAGAAGCAATTAATAAAGCATTAGGAGCCAAAGAGCAAATCAAACGTTATGGCAGTGCTATATTACCAATGGATGAAGCACTAGCTTTAGTGGCATTAGATTTATCTAATCGTCCATACTTGGTTTACGATGTTGAACCACCACGTGATTACATTAAAGAACTGGATACTGCTTTATTTAAAGAATTTTTCCAAGCTTTAAGCGTAAAATGCGGTATGAATTTACATATCAAAATGTTAAGCGGTTCTGAAGTTCACCATATTTTTGAATGTATCTTCAAAGCTTTAGCAAAAGCTCTTGACGCCGCGACTACTAAAGATCCTAGAGTCAAAGGAGTACTATCGACAAAGGGAACTTTATAAAATTATTAAATCATATTTTCTAGCACTAAGTAAAAGTTATTTTTATTTAGTGCTTTTTTATATTTTCATAAAAAAAATCGTCTCTAATTATAAAAATTGGAGACGATTTTTGAATTATAAAATTAACAAAACTATAAAAGATTTGTTAATTTTATATATCTTACGTTAATGCATTCAATAGAATACCAGCTGCCACTGCTGAACCAATTACACCAGCAACATTTGGTCCCATCGCGTGCATCAACAGGAAGTTTTGTGGATTATCTTCTAAACCAACCTTATTGACAACACGTGCCGCCATAGGAACTGCTGATACACCAGCCGCACCAATTAAAGGATTGATTTTTTTACCACTCAAGAACCACATTACTTGACCAAAAATAACACCAGTTCCTGTACCTACACAGAATGCAGCTAAACCAAGAACTAAGATACCTAAAGTTTGGAAATTCAAGAATGCCGCAGCATTTAGTTTTGAACCAACCGATAAACCTAAGAAGATTGTCACAATGTTAATTAAGTCATTTGAAGCAGTGTTACTTAAACGCTCAACTACACCACATTCTTTCATTAAGTTACCAAACATAAGCATACCAATCAATGGTGCCGCATCTGGCAATAAGAATGCGCATAGCAATGTAACAGCAACAGGGAAGCAAATCTTCTCAACTTTTGAAACATGACGAAGCTGAGTCATTTTTACTTTACGTTGCTCTTTAGTTGTGAATAACTTCATAATCGGAGGCTGAATAATTGGAACCAACGCCATATATGAATATGC
CP151801.1_gap51	1976594	1981152	4558	TTTCATGTGTATGAACATGAATGCTAACTTCTGAAGGTAAAATTTTACGAGCTTGTTTAATTGTCTCATAGATAACTGCTGGAGTAGCTGTACCTGAAGCATCTTTGAATGCTACGCTATCAAACGGAATTTCAGCATCTAAGATTTGTTTTAGACGATCAACGTAGAACTCTGGAGTATGAGCATATTTTTCATTTAAGCCTGGAGGTAATCCCATTAATGTAACAGTTACTTGGTGATTTAAACCAGCAGCTTTAATTCTGCTACCACTGTATGCTAAGTTACGAACGTCATTTAATGCGTCGAAGTTACGAATTGTGCTAACACCATGTTTTTTGAACATTTTAGCATGTAAGTCAATGATTTCGCGACATTGAGAAATCAAACCTACAACGTTAGCACCACGTGATAAAGTTTGTAACTCTGCATCTGGACCGGTCACTTCACGAATTTTGTCCATCATATCGAATGCATCTTCTTGACAGTAGAAATATAAACTTTGGAAACGAGCACCACCACCCATTTCAAAGTAGTTTGTACCAGCAGCTTTTGCAGCTTCGATAGCTGGTAAGAAATCTTCAGTTTTTACGCGAGCTCCGTAACATGATTGGAATCCATCACGGAAAGACGTGTCCATAAATTTAATAGTCTTCATAATTTTTTGATCAAATCCTTAATTTTCTATCTAGATTAACTTTGTTGTTATATTTTAATCACTTTTACTTTTAATTAACCATATAGTTCGTGGTTAATTACTTCTTTCTACTACGGTGCATATGAACTGCTGCTACTGCTGCTGCCATCAAAGTTTTATCTTCACTTTGAGTTGCTGCTTTTGCTGCAGGGCGAGCTACCGCTACTGCTGGTTCCTCTAAAAGGTGTGCGATTGGTTTAACCAATACTGCGATGCCTTTTACAAGGCCAATCAACAACACTAAGAATGCGAATACCGCACCCATACCAAGCGCCATCAATAAAAAACCTTCTTGCATTTTTTTACTCCTAAAATTTTGTTATATTTTAAATTTGTTAAATATCAAATACTTATGAGTATATTTTTTATATAAAAAAATACGGTTTCAATTTCTTGACAATTATTTTATATTTAATAAAAAAATATAAAATCACAAACAATTTATCGTATTCTATGGAAATTGCAAATTTTTAATCGTTTCTTTTTGTATTTTTATGTCTCCACAGAGAATTATCTGCTCTTTTTGATCGATTTCAAAGATAATTTCCCCATTTTTTGTCAAATCTTTAACAATACCTTTTAGCGTATTGTTTTGCGCATCAACAATATCAATTTTTTGATTTAGCAATTTATTTTCTTTTCGCCATAACTCATATAAAAGCTCTTGTGACCCTACCGTCAAATTAAAATAATCCTTAAAACATTCAGCAAATTCTGCAACGAGATCAGCAATCTGATAATTATTATCTCTTTCAGTAACAATTTTTAATGATGTAGCTGCTTGATCTAATTGAGCCAAATATTCCGAGGTTGAATTTATATTAATTCCCACGCCAATAACCAAGCCGTCGAGAGTATTATTTTTATTTAAAATACCTTCACATAAAATTCCTGAAATTTTTTTATAACCGCAATAAACATCATTAGGCCATTTCAACCACAACGGCAACTCTTTCTTTTCACTAAAACTACGTAGTGTTTTAATTGTAGCCAAACCACAAATCCAAGTCACCATATGAATTGGAAATGGTGGATTCTTAACGACTATTGAAGCATAAACATTATCATTTTTAGGTGAAAGCCATGTACGGTTTAATCGTCCCCTACCCGCAGTCTGTTGCAGTGCATATGTTAAACTATAATTACCCAATGAATCAAAATTATCTTTTACGTAACGATTCGTCGAGTCAACGCTTTCTAAACATTTTATTTCGATTGAGCCAATTGTATTTTTTTGAACCATAATTTTAATCGTTTTTGTCATTTTTACAGTTATTTAATAAAAAAAGAGTAATTAAATTTTAAAGAAAACACTTTTTTATTTGCAAAGATTATTATATAGTGTTATATAAGAATCTCAAATTTTTTTTAAGTGATTTAAATAATAAAATTAATCTTTAATATAATTATAAGGAAGACTTAAAGTGAAAAAAGTATTAATTCCTACAAAATTAGACGGTGTATCAGCAGCAATTTTACAAGACAAAGGATTTAATGTAATCCAAGACGCTGATACTTCATTAGAAACATTAGCAGCACAACATGCTGATACAGAAGTCATTATCGTTCGCAGCGAGAAAGTAACTGCAGAAATTATTGATTCATTACCGCAATTAAAATTAGTAGTACGTGCTGGAGCTGGCTACAATACTATTGATATCAAATACGCTCGTAAAAATAACGTTGACGTAATGAATACTCCAGGCGCTAATTCTAATGCAGTTGCAGAAGAAGTTGTAGCAATGATGCTTGCAGGAGCACGCCATATCGTTAAAGCAGATATTTCTACACGAGCTGGTTTATGGGAAAAAGCCAAATTCATGGGTACTGAAATCACTAACAAAACAATTGGCATCATTGGTCTTGGTAACATTGGTCGTTTAGTTGCTAAACGTTTAGAGGGCTTCGAAATGACAGTGCTAGGATATGACCCATTTATTTCGGCATCTTTAGCTGAAAACATGAATATCAAATTAGCTTCTGTTGAAGAAATTTTTGCACAATGTGATTATATTTCTTTACATATTCCAGAAAACGATGAAACACGTGGCATGGTAAATAAAAAATTATTTGAATCTATGAAAGATGGCGCAGCTATTGTTAACTGTGCTCGTCATGGAGTTATCAATGAAGATGACTTGCGTGCAGTAAAAGCAACTAAAGATATTAAATATCTAAATGACGTATATCAAAAAGATGCAGCTGGCGAAAAGTCAATTACTGACTGTGCCGATTTAATGCTTCCCCACCTTGGAGCTAGCACAAAAGAAGCTAATTTTAATGCAGCTAAACGTGCTGCGGACCAAACAGTAGCTTATTTCGAAGAAGGCGTTACGAATTGCGTTGTAAATAAAGCCGTTCCAGAAGGAATGAATCCAGAGTTCCAAAAATTAGCTTATGCTTTATCTTCTTTAGCACGTAACTATCTTGGAAATCGTGTTCAACCTCAAAAAATTGAAGCAAGTTTCTATGGTCAACTAAATGATTTTGGTAAATGGTTAATTGCCCCAATTACAGCAGGAATTACAAAAGAAGTTGATCCATATGTTGAAGCAAATGATGCGTTAGAGTTTTTAAATGAGCGCGGCATTGAGTTTATAGAACGTGAAGCTGATCCAAACAAAAGTTACAAGGCTTCTATTACAATTGATTTATTCGAAGGATCTGCAGAGACAATTAATAAAGTTAGTGTTCGTGGTACAATCACTGAGGGTAATTTAATGATTTCACGTATCAATAAATTCGACAAATTATACCTAGAGCCAACTGGCACTACGTTATTTGTTGAATACAATGATGCTCCAGGAGTTATGGGTAAAATCACTAGTATTTTAGGGCGCAACAACATTAATATTGTTGATTTACGTGCTCCTCAAGATTTAGAATCTCATAAATCTCTAGCGGTTATTAAAACAAATGTTGATATTTCAGGAGAAATCGTTCAAGAAATAAAAGAAACTGTTAATGCAACAGCGGCATTCGTTTTCAATTATTAATTTTAAAAATTAATTGATTAATTAATAGCTACAAAAATAGCTTTTAGCGTACAATTTTTTGTAAATTTACGACTGAAAGCTATTTTTTTATTTATTTAATACTAACTAAAGTTTGACTTTTAACTTTTTTTTGACTATACTAATGTGATATTGATTTTATTTACAAATTTTTTTTTCGGTAATAAGGAGATGTCTACTCAATGACAGTTAAAAAAGATAATTTTACATTAGTTGAGCTTTTTATAATACTAGCGATTATTTTAATTCTTACCACTCTACTTATTCCTATTTTAGTTGCAGTAAAAGAAAAAGCTAACACATCAAATTGTACGGATAATCAAAAACGTGCTGGATATTATCTTTCAATGGCAAAAAATGATATCGGCAAAATTATTAACGGAAGTAGCAAAACACCTTGGGCTGGAGTCTTATCAGCAAATTTCTATGACCAAAACAATAATAATATTGGATTAGGGTATTTTCAGCATAATGATACTAATTTTTTACACTGTATAAAAAATAAAACATTACAGAGTAATAACTTAAGTAAAAGTTATGAATTTAGAAACACTTTTGGAATGCAAGGTCCAGACAATATCACCCACAAATACTGGACAGCGTCAATTGATGGACATTACCTTGATGCGACCAATAAAACTATTTCAAAAGAATATTTAAATACTATTAATGGTGCGCTATATGTTGATAAATACCCAGAATCCAGTAATACTATGTTAATAATTGATTCAAAATATATTGAAGGAAATACTGAAAGTTTATTTAATATCCATCGATCTGAATACCTTATTCGCTATCAAAACTCTAACGAGTATATGCACTCAGAGCAACGTGGAACTGCATATCTTGC
CP151801.1_gap52	2098908	2102594	3686	TTAGGACTTGTTGCTTTAATACAAACTGAGTCATCTCCTGATTCAATATCGCAATTTTCAATTAAAATATTTTCGCTTGAGTCAATATCAATTCCATCATTATTGCCATTAACTAAATTATTAATTGCAATATTTTTAACTTGCACATTTTTACTCTGATAAAGATGTAAACACCATGCTCCAGCACTTTGTAATTTCACACCATTAATCTCTAAGTTTTCACTGCGAACAACACGCACCAAAAATGGACGCGGATTTCTAAAAACTTTCCCCTGCCCATCAATTGTTCCTTCACCAATAATTTTAACATTTTTTACATCAACGATACCAATTAAGCACCAACCGCGCTTTTGTTTTACCGCATCAACAAAAAAGTCTGGGTTAGAATAATCTTTGAAATTTTTACTTCCCAAAATAACAGCACCTTTTTCAAGTTTCATGGTTACGTTATCTTTAAAAAGAATTGTTCCTGATAAATAGTTACCAGCTGGCACGACAACCGTTCCTCCGCCATCAGCATTACATTTATCAATTGCTTTTTGAATTGCAGCGCTATCAATTTTAACCCCGTCGCCAACTGCTCCAAAATTTTTAACATTATACTCTTTTGCCTCTACCATACTCACTGTAAAAAAACAGCACAATAAAGTAACCATCATAAAAAAATCTTTCACCAATTTTTTCATTTCCTCTTTTTCCTTTTCTATTTTAAGTTAATCATAACGAATAATTTTATTATAACATAACTAACAATTTATACAATTAATATAATAAAAAAAAGTGTAAATTGAAAATAAATCCAACTTACACTTTTTTTAATATTTATTCAAAATATATATAACAATTTATTTTAAATTACGATATTTTTCCCACTCTGGTTCATTATCGAAAATCCATTTATAATAGTCTTTTTCTGTTAATAATTCAGCCGCTTCTTCATCACAAATCACAACTGTATTTGGATGCAATTGTAATGCTGTAGCAGAAATCATTGCCGTGACAGGACCTTCAACAGCTTTTGCTAGAATTTCAGCTTTTTCCTTACCAGTTACTAACATAATAACTTTTCCAGAATCTAAAATTGTACCAACACCCATTGTAAAAGCACGCTTAGGCATATCTTCTGGATTGTCAAACAGTGGAGAATTTTGCTCAATAGTCACAGGCGCCAATGCTTTTTGACGAGTACGACTCATTAGAGAGGATAATGGCTCATTGAAGCCAATATGCCCCGTACGACCAATTCCTAATAATTGAATATCAACGCCCCCTGCGTCAGCAATTGCCTGCTCATAGCGCTCACCTTCTCCATCCAAATCTTCTGTTGCACCGTCTGGAAGATGAGTATTTCTTAAATCAATGTTAACACGGTTGAATAAAAAATGGTTCATGTAATAACGATATGAATTCTCATTATCACCTGATAAGCCAATATATTCATCTAGGTTGAATGATTTACATAAAGAGAAATCCAATCCCTCATTTTTATGACGCTCTACAAGATTGTCATATAAATTCTCCATTGTACGACCAGTAGCTAAACCTAACACTAAGTCTGGCTTTGCAGTAATTGCATCTGCTAAAATTTCAGCTGTTAAGTTAATTGCACTTGCAGCATCTTTTCTAATGATTACTTCCATTTTTTTACCTTTAAATCTAATTTTTATTTATAATTATTTCTCATTATTTAACTTTGTGAAATATTCAACAGTTGCTTCCATACCAGTATCAAAGTCAGCAGTTGGTTTAAATCCAGTCGCTGCTAATTTATCTACTGCAGCCATTGAGTGTTTAACATCGCCAGCACGCTCTGGAAGATGAACAACCTTTGAATCACTATTAGTGATTGCCTTAATCTTTGTCACCAAGTCATTGATTGTAATTTTTGCACCATAAGCAACGTTATAAACATCATTATGTTCTTCATTCATCGCCAAATAAACATTTGCTGCAACAATATCTTTAACATAGATGAAATCACGAGTTTGTTCCCCATCTCCAAAAATTGTAATATCTTCATTAGCTAATGACTTAGCAGTGAAAATAGGAATTGCCGCCGCATATGCACTATTAGGATCTTGACGAGGACCAAACACGTTAAAATAACGTAAACATGCTGTCTTTAACTTACCTTCGTTAGCAAACATTTTGCAATAATACTCACCGTCAAGTTTTGTAATCGCATATGGACTTTTTGGTTCAGGAATCATTGTCTCAACTTTTGGTGTAACAGGATTATCACCATAAATTGCAGCACTTGTACTAAAACATAATTTTTTAACACCAGCTTCTGCCGCTTCTTCTAAAACGATTAAAAGACCTTCAACATTTAACTTAGCACATTCAATTGGATTATGCATCGACTCTGGCACGCTAATCATTGCCGCTAAATGGAAAACATAATCTACACCTTCCATCGCTTTTTTAACAACTTCACGGTCGCAAATATCGCCTTTAATGAATTCACATTCAAAACCTTCAAGGTTTTTTTCATATCCAGAACGAAGATTATCTAATACTCTTACTTCTGCTTTACCTTGAAAATGTTCAACAATATGACTCCCAATGAAGCCAGCACCACCAGTTACTAATACTCTCATAATAAATATTTCCTCTCGAATTTTATTACATTAAATGTAATAAAGAATTATTGTAAAATAAATTAATTTATAAAAAATTCAAGGTCTAAAGGCGCTAATTTCACACCTTTTACCATTATTTCTCATTGACTGCGTTCCTTTAATACAGCTTATTGCGCTATAAAAAGCATCATTTAAATTCACTAAAGGTTGCTTATCATAAATTATATAATCAAAAAAATCTCTGATTATCAAGTTATTTGTAAAATTATGACTCTGTTCTTGCTCATTAAATTCAAAAATTTCATCACCATTAATACTATAATTATCTGTACGATTTAAATAAACATGCACTGCTGAATTACCAAAATTTTCAATTCTGCCCTTGGTTCCAATAATAGTATAATTTCGGCTGCAATCTGGAGTAAAATTATTTTGCATATAACTACATTGAATTCCATTATCTAATTGCATCATCATCATACAATTATCTTCAACATCAAGCTTTGAATTAAATCCTTGTTGTTCTTCAGGAGGCCAATTATTAACTCGTTGTTGCTTATCCTCTGCTTTAAAAAATTGTTTTTGATATTTAGCCTTAGGTAATTCATTAAACAAACTTTGCTGTCCAAATGCGCATACAACATTTGAATAACTATTACCTAAAAAATGAATTGCATCAATATCATGGCAGCCTTTATGTAACAATAAACTCCCACATTTTTCTCTTTCAGCGTGCCAATCTTTAAAAAATGCATCTCCACCATATGAAATAAAATGACGCACCCAAATATTTACAACTTTGCCTATAGTTCCATCTCTAACAATTTGATGCATTTTTTGGATAAATGGCATGTAACGCAAATTATGTCCGACCATTATTTTCGCTGTGCTTTTGTGAGCAATTTGCACCAAGTTATGACATTCTTCTTCGCTAATAGCTAAAGGCTTCTCTAAAAAAACATGAATATTTTTTTCTAAAGCCAGTTTTGCTTGCTCATAATGAAAATAATCTGGACTGGTAATAAAAACAGCATCCAACTTTTCGTTATCAAGCATCTCTTCATAATCATCATAACAATTAGCTCGTTGGTCAAATTTTATACT
CP151801.1_gap53	2161066	2165904	4838	TAAATTTTATTACCAATATTGATTTATCCAATAATAAAATTAAAGACATTAGTGCTTTAAAAGATGTAAATTTTGATAATTTGGATATTTCAAATAATTACCTAGGAGCATTATCTAAGGAGGTTTTCGATAGTTTAAATGTTACAAATTTAATTTATCAACCTCAAAAACAAGAAGAAGATTAAATTATGAATTTATCAAAAAACAGTAGAAAGTTGATTAAAAAATTTCAAGCTGGTCCAGATTGGATTGTCCCTATAGGATTGTTTAAAATACAAAAACATTTCTCCTTTTTTTCTCTATTAATAAATTGGGTTGGAGCGAGTTATTTACGTTGGTTTTCAGAATCTGGCCGAATTTTGGTTTTAACTTTTTTCGTTTTTTGCATTTCAGCAACAATTACTGATAAAACACGATTAATTTTTGCAATTGGTTTTATTCCGACTGTATTTATTATTGATTTTATAACGGGATTTATTTTTCGGCCAAAGCTAGAATTACACCGACAAGTTCCACACCGAGCGCGCTGTGATAGTGTTGTTACAATTCGCTATACCTTAAAAAATAACCGTAAGCATTTTAATTGCTATAATTTAATCGTTGATAATTGCCAAAGCTCTAAAGCATTACCATATGTAGCTCCAAAACAAAAGTTTGAAGTTATTAAATCTCAACAAAAACTAGTTTGTGAGCAAGAAATTGCACTAACTCAGCGTGGTAAATTTATTTTACCAAGTGTTGTTTCAGCCTCTTTTTTCCCATTTGGACTTTTCACGTGGAACAGCAAAAATGATATCCAGCGCAACATTACAGTTTATCCATCGTTTAACCCTTTTGAAAGCTTAATTTTACCTTCGGGAAGTCGCTTCCAACGCCACGGTAATAGTATAGCTAAAGATGTTGGAGAGACCAATGATTTTGCTGGTTGCAGAGAATATCGCCATGGTGACGATGTTAGAAAAATTAATTGGAAAAGTTATGGAAAAGATCATAAACTAACTATCAAAGAATATCATCAAGATTATTTAATAAAAACTGCTGTTATTCTTGATATTAATAATTATAGTAAAAATCCATTTGACTCAATGCTTTCATACCGCATCAAACACGGGGAAGAAACGACTGAAGCTGCAATTAAAATTACAGCAGCAATTGCTGAATTTATTTGCCATAATGATAACATCATAGATATTTTTGCTGCTGGAGATAAAACATTTCATTTACAAGCTGTTGGTCGAGATAAAGCCTGTCTAAACATTATTCTTGATGAGTTAGCATGTTTGCAAAACGATCGTCACGAAAATAAAAAATCACCTTTCACAACTTTAAGCAGTGACATTATCGATGAAATAAATTCCATTGGCAGCGTGTTTATGATTACTAAAGGATGGACAAAAAAACATCAGGAATTTTATGAGAAAATGATTTACGCAAATACTTATGTGAAAAGAATTCTTATTTGTGATGAAAATGATTTTTCTGTGCCAAGCAATATTTCAATAAGCCACAAAAGTATCAATAATGGGGAAGTGTTTAATATATGAAAAGAAAAAAGAAAAATAATGACTTGAGAGAAAGCTTATTAAATAATTCTCAGTGGGAAAAAGTTGGTTTTAAGCTAAAAATCAACACCTATATTTTCCTAATGGTTATCGCATTGTTTTATGTTTTATTAACAAAAAATTATTTTTTATTGCTAACTTTGACAATATGCGCGATTACAACACTTTTTTTTAAAAAAAATGTCAAGGTTTCTTTAAAAAGTATTTTATACATCACAGTACTTCCTCTCTTAACAACCGCAATTCTCTACAAAAGTACCGAGTTTCATCCATTAATTTTTGATTTCACTCGCTTAGTATTCCGTCATAATATCTATATTCCATTTATACTAATGATTTCAATGTTAATGACAATTTTTTACCGCAACAACAAAAACATCGTTATTATTTGCGTCGGACCATTACTTTGTTTAGCAATGTGCTCTGACTGGAGTTCAACAATGGACCGCGAATCACTATTAGCTAAATTCAATGAAAATATGAGATTAGAAATAGTTTTTTACGCAGTAGTTATCATTAGTTTTTCATTATTAATTAAAATTGTTTACACCTACTATCATCCTGAAAGAATACGTCTTTTTACCCGTAAAACAATGATTCAGTTCATAACCATTTTAACATCATTTTTTATTGCATTTGGTTTATTGATTGCTTATGAAGAAAATCGCTTACGAATCAACTATGCGTTACGCCATGTTGTTAGTGCGTTAACAAGATTAGATAATTATATTTTATATGGGAATCGCAAAGTTCAAGGCATTAGAAATCAAATATCTCTTAACGGTAGTAGCAAAGAATTTATGGGTAATGATGATTCAATAATTATGCGAGTCAGTAATGTTGAGTCAGAGGAAGAAAAAGATGCTGTTAAAAAATTAAATAATGAGATAAATTTCAGTTACTTACGAGGTAATAGTTATTCAAATTTCGATTCAGCAACCTGGACAAGTGGTACATTCAAGACTAATAAGCCATCATCTGCTCAAAGTGATTCAAATGTTACTACATTTTATTTAAACCGTAAACAAATTGGGACATTAGGAACGCAATTCAAAATATTCCTAGAAACTTCTGTTGATAACAAAATTTATTTCCCAGGGAATTGTTTTCAAATAAAAACAGTTGCAGATGATCTAGAAATAGATTATGGAGGTAATGCAATATTAAAAGGCTGGAGCACTAGTAGCGATTACGATGTTTTTGTTCCAGTAAACTATAATCAGGAAACAGGGTTCAACAATCATTTGGATGAGACTAATGATGAAATTTTAACTCAATATTTAATGCTAACCAACCGTTATCGAGCAAGTTTAAAACGTTTTCTTGAGCCCAACAATAAAAAATTTAAAAAATTAAAACAACTTAGTTTTAAGCAAAAGCTACATTTTGTTAATCAAAAGTTTGCAAATTTTACGTATAGTTTAAATTTTTACCGTAATTTGACTTTATTTAAAATAAAATTACGTGATAAGGTTCGAAAAGACAAAGAATTCAGAAAAACCATTTTAAAACAAGCCTTTGAATTACAAAAAAGAGTTAGATCACAAAATACACTCAACTTGAACCAAGCACTTAAAAATGCTACAACCAAAGCAAATCGAAAAATTGTTGAGGACTTCATTAAAGAAAGCAATAAACAAAAAAATGATTTTAAGAAATTTAAGAGAAGCCGTAGAGCTCTACAAAAATATATTGAAAATTATTCACCATTGGACTATTTCATGTTTGAAGCAAAAGATGGTCACTGTGAAATGTTTGCAACAGCAACCGCTTTATGTTTGCGGTTATTAAATGTCCCGACACGTTATATTACAGGCTATATGTGTGAAGAAAAAACACCATTTGGTTATTATGTAGTTCGTCAACGCAATGCTCATGCATGGGTTGAAGCATATGATTATGAAACAAAAACTTGGTACAAGGTTGAAAATACTCCAGATGCAACCAATGCATTTGGTAGTAAAAAAGAAAATAAATGGGGCAAATTTGCTAGTTTAAAAGAACAAATGACGATGTTTTTCAAACGTATGATTGCTAGTTTTAAGAAAGGAAATTTTAGCACATTCATGGGAGCGACTATTGATAAAGTCATTGCCTTTTTGAAAGAATTTTTCACTAATGCAAGGTCACTTATTAGCTTTATTATAGTGGTAATCTTAATTGGCTTATTCATTTTATTCAAGATTAAAGGATTTGCATGGCTATTTAAGAGTCAGAAAAAAAGCGATTATGAATCTATTTACAAAAGTTTACAAAATATTGAAAGTGAAATTGTAAAAATAACCAATCAACCACGCAAGAAAAGTGAAAGTTTTAAGATTTATTTTGAGCGTATTTCTTTGAATAAACAGCTCAAAGAAATGTTGTCAAAATGGTGCAAATCATTTTATTTAATTAGGTATTCACGTGACAAAGTCGAAAATTTGAATGAAGAAGATTTAAAAGCATTGCAGCAAGAATTAACCTTTATAACTAAACAGTTGAAAAAAAATGTTAAGAAAAAACCATAATTTATTCATTGATAAAAGCTTAGTGGCCGTATCTGAAAGGTTAAAAGATTTTTCATTGTCAATAATTCGAAAAAAAATTACTATGCTAAAAGAAGACACTGTGCTACAAAAAAAAATATCTATAGCCTTTAGTGGGGGGAACTCACCAAAAATATTTTTCAAGCTATTTGCAAATGCATTGACAGATGAAGATCTAGCTTATTTGGAATTTTTTCAAGTTGATGAACGCTGTACAATTAATACCGACTATTCATTATTTAACCGCCAATTAATTCAAAAATATTTTTTAGCCCGTTGTTCAACAACCGTGAAATTTAACTTTATTGAACTATTGAATAAAAATAATTCACCAAAAAAAATTGCGAAAACTTATAGTAATGAGATCCGACATTTTTTTTCTAAAAATAATAGTCAAAGTTTTGATATTGTATTTTTAGGAGTTGGTAATGACGGGCACACCGCCTCAATTTTCCCGGCTTCAAACGAATTACTTAATGCTAAAAATATTAGCGAATATGCTATTGCAACCCAAGCTCCCACAACGGCATCTCCACACGTCCCTAGAATAACATTATCATTAAAAACAATTAATGATGCAGATAATATTTTAGTGTTACTTTCTGGACAACAAAAGCTTGATTTACTAACCAAAAATATTAATGAATCATTACCTATATTTCATATAAATTCAAAGGCTAATTTTTTCATTAATAATAAAGAAAAATAAAATTTGACATTTTTTTTCAAGAATTAATATAACTGAAAT
CP151801.1_gap54	2208415	2210150	1735	AATTTTGCAACATAACCAACGTCAATTTGACTTGTGTTACTCATTGTTTACCATACCATATGTTAATTCGTTCTTATTTAATTTAAAAATACTTCAACATATTAATTTAGCGTATTTTTTATAAATTGCCAATAATTTAAAACGCTAATTTCCTTATTGCTTTAATTATTTTAAATAATAATACAACACACGTGATTTTTATCGTAATAGAAAGTGCAGTAAGATAAATTTTAAGATTGCAAATATGCACTGTAAGCAACATAATTAAAACCAAAGCCTATTTAAGGTATAACACGATGTCTCATTCGACAAAAATATTCAATATTAAAATAATTTCTTCTATTATTAACTTTTCAAACTATCGCTAAAAATCATACTTTTTGTCTACATCTTTTTGCAGGAAACCTACCAATACCCCAATTAAAATAGAGCCAATACCAACACCTACAAATGTATACATCAACCAAATGGGGCTCACAAATCACAGTAAATAAGTTTATCACTAATCGGTTAATCCGCAACAAATTATAAAACCAAGTTTTATTCAACATATAAAGATGTCTTCTTCTAAAAAATGACCTAAATATGTGCGTTCTCGGATACATTATACTAAATTCACTAGCTAAATCACTCCAAATAATAACTAAAAATATAACTCCCAATTTTATCAAAAAAAATTCCATAATAACAATATATCTCTTTTAAATTTACTCGAATCCACTCATAATTCTTTTTTTACCAACAAATTCTATAAAAGCCATGTAACCTCTACTATTTTTTTTAAATCTCTATACTTTTTATAATTTATGATTAAAGGAGTAACCATTGAGCAAATTCCAACGAGGACATAAACAAATGCTATAATTAGAGAAAATGGCAGCAAATCATTTCTTATGGCAATTGTTGTATAACAGGTTCCAAAAGCTATTGCAAGCATATTCAATTTGACAATCATTGCATAATTATAGCTATCATCTGAAAAATTATCATGCTCCTTTACAATACTTCTCCACAATGGCATAATTGTAATTAAACGATATTCTCTAAAAGCCACGTCAAGCCCCCCGGCAAATAGGTCATTTTTTCTAATAAAACTTCATCAAAACACCTTTTTAAAATAATCAAAAAACCTGCTACTTTAAAAGTAACAGGTTTTCATACCTTTTACAAACCTAAATTAATTTCTGAAAATTATTTTATTACCAAACAATAGCGGCAGGAACAAAATACGCCTCATGTAATTACCTATGGGAATAATAATCACAGCCTCCTATTGATATTATAAACTCCCATATTGCTATGGTATTTCATAGATATCTACATTATATTTTTAGCAAGACTTAAAAATGTTCTTTAATAATTTTCCTTCATAAAAATAAATTTAAAATTAAATAAATCCCTACTACTGTTGTTCACTAATGTTCTCATCAGTATTTTTCCATTCAATCTACGCTATTCCTATATATGCAAGACCGACAAATGGAATCATTAGCATCCAATTTATTTTGCGTATTTTTTCTGCAACTGTTAAACCAATGTATAAATTATAAATAACATACAAAATCATATTAAAATTTGCAGCAAGCCTAACTTTACGATTTTTAAATACATTGCTAGTGCGAATATGAAAAACAACGACGGTATAAAACATTAGAGAAGAAATATCCACCTTCTTAGACTTCTTATTTTTTAAATGATTTATATAAAAAAAGTTGCTATTAATACAATAACAACT
CP151801.1_gap55	2211178	2212606	1428	GGATAACTGGCTTATCTTCGCCGTGACGACGTTCCATATTCATCATCATTGTGATTGGGACACCACCGCAAGACCACTCGTCAGCAGCATTAATTGTGTTTGTCACACTCGACATATAACCAGTTTTACCATTACCTAATAACGCAGCAGCTGTATAACCTAAGCTATAGCAGTAGTCAGCATCATAGTTTGATGGAGCTGCACAACGACCTTCATAACCGAAGAAATGTGTTTGTGTCGCAAATTTACCAGTATAATCAGCATCAGATTTTAACTTAGTAGCAACCATCTCAGCTAATAATTTTTCAGTTTCAACTAAAGAAACCTGTACGTTACCGTGAGGGTCACGCTCATTTGATAACTGAATTTGAATTGTTTGTGGTAAAGAAGCAAAAACTGTTTTTGAGTCCGCGCTTAAGCGCTCTAAGATGAAAGCGATTTTATCTTCTTTAGCTTCGATAGCTTGGAAAGCATCATTTTCATGAGCCAATAAATCATTTAACTCAGAGATTAAAGCTTTTACTTCAGGAATGAATTCGATTAAACCTTCTGGAATTAACGCTACGCCAAAGTTTTCGCCATTAGCTGCACGACCTTTTACAATGTCAGCTAAGTAACTAACAACAGAATCTAAAGTCATCGCTTTAGCCGCAACTTCTTCAGAAATAATCGCTGCGTTTGGTTGAGTTTGCAACGCACACTCTAAACCAATATGAGAAGCACTACGACCCATTAATTTGATAAAGTGCCAATATTTTTTTGCTGAGTTAGCATCACGTTGGATGTTACCAATTAATTCGCTGTATACACGACAGCAAGTATCAAAACCAAAAGATGTTTCAATTTGTTCATTTTTCAAGTCACCATCAATTGTTTTTGGGCAACCAACAACATTGATACCAGCTTCAGTAGCAGCATAGTATTCAGCTAATAAACAAGCATTTGTATTTGAATCATCTCCTCCGATGATAACTAAGTTTGTGATACCACGTTTTTCACAGTTAGCTTTACCAATTTCGAATTGCTCTTGGCTCTCTAATTTAGTACGACCAGAACCGATGATATCAAATCCACCAGTGTTACGGTAGTCAGCTAAGAACTCAGCAGTGATTTCAACGGCTCTATCTTGAACTAAGCCATCAGGACCGTTTAAAAAACCAAATAATTTACTATCAGCATTAATTGATTTAATACCGTCAAAAAGACCAGCAATAACATTATGACCACCTGGAGCTTGACCTCCAGAAAGGATCACGCCAACGTTTAATGGTTTATCTGTAGCGATTTTGTCACTATCAGAAAATGTTAATTTTGCACCACCAAAAGTTTTAGCAAATAATTTAGCGATTTTGTCAGCATCTGCAACTGCAGTAGTTGCCTCACCTTCTACTACTGCAACATTTGCACCGTTACGTAGTACTGGAGGTA
CP151801.1_gap56	2219311	2220936	1625	AAAATGCAATGTGGCGAATTGCAGACACTTCTCTTTTTGAAGGCGACAAAACGAATGCAATTTTTTGGTATAAAAAAATATATACTTCTGGCGAACAATTTGCCTTGATAAAATTAGGGAATTGCTATGTCAAAGTCAACGAAATTGCAAATGCAGAAAAGTATTATAAGTTGGCTCAAAGCAACAAAAGAATACAACGTACGGCTAACTATGAACTATTATTATTATATCAACAATTTAACAAACAAACAAAACTAACACAGCTAATTGAAGACATTTTGAAATCAAAAGATTTTAAATTAATAAATAGTTTAGGTTATTTTCTTACAAAAGATGGAAAACATTCAAAAGCAATAAAAGTTTTTGTACGGGCTTTAAAATTAGAAAAAAATCATATAATATACAACAACTTAGCAAACTGTTATATTCAAACAAAAAACTACTCTGATGCAATAAGTTACTTGCAAAAATCACTAAAGCTACAAGGAAGAAGCTATCAATCAAGTAACATCAAAGCTAAACTTGCAGATTGTTATGCTAAAATAGGTCAAATAGAGAAATCAATTAACCATTATGAAAAATCACTTTACAATAAGCCTGGTGCCGGCCATGATTCAAATATTTTAATTCGCTACATTGCTTTAATGGTTAAGTTAAATAAAAAAACTGAGTGTTTAGCTTTTATTGAAAAACTTGAAAAATATGAAAGCATTCCATTGTATGCTGAAAAAAGTTTCTATTACGATAGCATTAACAACTCTAAACAAGGAGAACTTTACTTCAAACAGGGGCTAATGAACAAAAAGATTAATGGATATCTTAATGTCTCAAAATTTTATTTAAAAACTCAACAATATGAAAAAGCACTAAAGTGGAGTCACAAATTTCTAGAAAATTATCCTGAATGGGCTTCAAAATTTATTATCGAAGCGTACTGCGGTCAAAAAAAATTAATTCAGGCAATAAATTTTGTTGATAAGCAAATTAATGGAGTAAACAAAAATTATTCCAAAGCACTAATTTACGATCATTTTAAAGAATATAAAAAAGCTATTGATTTTTATATTAAAGCTTCACAAAATCATCAATCTTTCTATAATCAAATTGGTGATATTTATTTACAATTAAAAAACTATAACAAAGCAGTCAAATATTACAGCAATGCTAAAAATTTTGACTACAAAAGACTACGTAAGGCATATTATTTACAATCAAAATCTCAGGAGAAAATAAATGATTAAGAAGTTAGAAATTATTGGAATCAGTATTTTAATAATAATTGGTTTAATTTGGGGTGGAGGTGAAATTTATCTAAGAAATTTCGCTGACAAAAATAAACTTGAGGTACTAACACAAAAATATCTAGAGAAAAAACAATTTTTTTATGCTTCAATATTGGCGAGATGTGCTTATAAAGCTGGTAGCAAAGAAGCTGCTATTATATTAATGTCCTTAAGTTTTGCAAATAGAAACCCACACAGTGCAAAATATTGGTCGGCACAAATTCCTAAGTCCTTGAAATCAGAAAAAGAAGCCTCAATAACTATTGATATGGTGATTGCGATTCAATCAAAAGAATTAGAAAAAGCATGCAAATTATTTAATAGTTTAAGGACGGATTTTAA
CP151801.1_gap57	2250143	2255125	4982	CCACAAATTTTTGCCGTAAAAGTTGTAGATTTAGAAACAAAGAAAAAACAAAAATATCAGCGATTCTACATCAATATGGATCGCAAAAAATTTGAGGAATATTTAATTAATTTAGCGATTGCAGAAAATGTTGATTATCTTGATAATTGTGAATTTATAAACTTTTCTGATAATATAGTTACATTAAAACATAACTCGATAATAAAAAATATATCATGCCATAAATTAATTGCAGCCGATGGTGCAAGCAGTTGTGTGCGAAAAAAATGTAGTCCAAAAAGAGTTCGACCTCAAGATTTATATGTTTCAATTCAGGAACTTTTGCCAAACAATCATAATTTAAATCATTTTTGTGCTTTTTTTGATAAATCAATCACCGATTTTTATGGCTGGGCAATTCCTAAAAGTAATGGAATATTATTTGGTGGAGCTTTTCCTTATGAGAATAGTAAACAACGTTTCTTAATGATGAAAAATAAAGTGCTCAATCAAAACCTTATCCATGGAACTTCAATTATACGAGAGGGTTCAATAATTGCTCGCCCAATGACAAATAGTGATTTTTGGTGTGGTGAAAAAAATATTTTTGCAATTGGCGAAGCTGCGTCATTTATTAGTCCCAGCTCTGCTGAAGGGTTCAGCTATGCTTTTAAAAGTGCTGAGATTTTAGCAAAGTTACTACTAAAAGATAAAAATTGTTCCCTTCAGAAATATCAACTAAAAAGTTTAGTAATAAGAGCTAACATTTATGGCAAATGGTTTAAGATGCCTCTAATGTATAACAAAACATTAAGAAACACCATATTAAACAGCTCATTAGGAAGTATTTAACAAAATCTTAACAAATTTCTAACATAATTCAATAAAAAATTTGCATTTGCTCCAAAAATTTATTAGATTATAGTTATTAACAAAAAAATTATGCTTTAAATGAGGGGCGTTTCAATTATGATTAGATTAGTAATTTTTGGTATTTTTTTGGTTCTTAGTTATGGATTTTACAGCTTTAATAAAGTTCGTCAACAGTAATTTTTTTTAACAATTATTTATTTCTAAGAATTTGGTCTACAACTTCAGATAAATCACCGGCAACATTAAATTTCAGTTGGGGATATTTTTTTGTGCTATAATCAGCTAAAGATTCCAACCCATGCCCAGTTTTAACCAAAAAAGATTTTATGCATCCAAAATCATTTCCTGCTTGTATGTCACTAAGTTTATCACCAACCATAATTGAGTTTTCAATATCTAGATTAAAATCTTGTGCCGCCTGTTGAAACATTCCTAATTTTGGCTTTCGACATTCACAATCAATATTATATGGAGCAACCGCTCCCTTGCTATGGTGTGGACAATAGTAGAATTTGTCAATAACAGCTTTAGCTTCATCGTCAATTAAAAACCGAATACGTTCATGGACATCATTAATTGCATCTTCAGGGAAATAGCCACGTGCCACTCCTGATTGATTTGAAACAATAATCACCAAGTAATTTGCATCATTTAATTTTTTAATTGATTGCGCAGCATTTGGCGTTAGAACTACTTCATGTGGGTGTGCTAAATAATCCTTATCGACAATTACCACACCATCTCTATCTAAAAAACATGCTTTTCTTTTCATAACCGTTCTCTTTCTTTAAATTAAATCCCAAATTTCCATAAATTCTTCATAAGATAATGAAACTTCTTCCCAAATTTCATTTTGCTTATCAAGTTCGTCTGTGATATTTTTCAAATTTTTATTAATTTCTGCAAAATCAATATTGCCACTAATGTCAGAAAGTTGTACTACTAGCTCATCTTTTTGAAGGTCTAGACTCTCAATTTTTTTCTCACAATCGGCAATTGTTTTTTCTAATTTTTTCTTTTCTTTTTGTAATTTTGAACGCTCAGCAGCGCGCTGTTTGCGACGCTCCTTATTATTTAAGTTTAAGTCAATAATACTATTGTTATTATTTTTTTTTGACCTTTCATTATTTTTTGTCTCATTTATAGAGCTACTTTTTGCAATATTTTTTAATTTTTCGTCTTCAGAAACAACTGTATTTTGTTCTTCCAGTTTAGATTTTTCCAAATAATAATCATAATCCCCAAAATAGCGGCGAACGTTAGGCGTTGCCATTTTTATAATATGCTCAGCAGTATTGCGAATAAATTCAATATCATGGCTAACAATAATAACAGTCCCATTATAATTTCTAATTGCCTGCTGTAATGCTTCACGTGCGGCAATATCAAGGTGGGTAGTCGGTTCATCAAGAACTAAAAAATTTGGCGGATTAATAAAAATACGCGCAAAACAAAGGCGAATTTTTTCACCACCACTGAGCACTTTACATGGTTTATGCGCTTCGTCACCACTAAAACCAAAACTTCCCAACGTCGCCATTAGTTGTTTATCATTAATATCATTATTTCCAGTTGCCGCATGCTTTACACAATCATAAACACTTTCTTCATCAGGAAGGATTTCACCAAATTCTTGCGCTTGATACCCCATAACAACATTATGACCTAAAACTCTTTCTCCATAGCTAACTTTATTCACATCTGCAATAACTTTTAAGAGTGTGGTTTTGCCAGTTCCGTTATAACCAACAAGAGCAATTTTTTCACCATTATTAATAGTTAAATCAATATTTTCTAAGATATTATTAACTCCGTCATAGCTAAATGAAATATTTTCAAGGCGCAAAATATCATTTCCACAACGTGGAGGATCAGGAATGCGAATTGTTCCTGAATAATGTAAATTATCAGGCAAATTTATATCATCCATTTTTTCAAGCTGTTTTTGCCAGCTTTTAGCCTGTTGTGCTTTACTCGCTTTTGCTTTAAAACGATTAATATTATTTTCAAGCTGTGACTTTCTTTTATCTAAATTTCTCTTTTCAGCAGTCAAGTGACGCAATCTTTCATCACGCTCATTAACATAATAATCATAATCTCCAGCGTAACGCACTACATTTCCACCATTAATTTCTAATGTAACATTAGTTAATTGACGTAACAAAAAACGGTCATGACTAATCAATAATAATGTACCTTTATAATTTTTTAAGTAACGTTGCAACCATTCAATTGCAGGAATATCCAAGTAATTTGATGGTTCATCAAGCAACAAAATATCACTATCAGAAATCAACACCTTTGCTAACGCCGCGCGCATCTGCCACCCTCCCGAAAATTCACCCAAATTTTTTGCCAAATCTTTTTGAGTGAATCCAAGACCAAACAGTGCAGCTTCGGCACGGCTCTCGATTAAATAACCACCATGATGTTCGAAATCATGTTGTAAATCTCCATGTAAATCTAACAATTTGTCATAATCTTTTTGTGAATTTTGTGCAATAAATTCATCTCGACTTGCCATATCATGCTCAATTTGCACAATTCGATCATGCAATTCTTTTAATAATGGTACCGCATCAGCTGTATATTCAAGAAGATTGCGAACATTATCAGAACTGGATAATTGCTGCTGTAAGTGACCAATCGTCATCTTTTTGGGAACTAAAAAAGTACCTTTATCTGGCGCTAATTCACCAATCACAATTTTGAACAATGTACTTTTTCCAGCACCATTAGGTCCAACAATACCAATATGTTCGCCCTTATTTATGCGAAATGACACATCATTAAATATATCTTTAGTTCCGAAATGTTTCGAAACATTTTGAAAATCAATCATAATTCCTTTAAAACCAAGTAAACCGTTAATCTGTTAATGTCTCCTCATTAAGATATAACATTTTAAAAATTTTGCCAATTTGCACTTGAATATTCCAGTAAGTTTTTAAGAGTAAGCCAATATTTTAACATATTTAAAATTTATTTATTAATTAAAAAAACTTGCTTTCGTTTATAATTATGGTAAAATAAAATACTAATATTATTTTTTGGGAATTATAAATTTTAAGTGGGGTAAATTTTATGAAAGTTATAAAATTAATTATTGCAATCTTTTTTGTTGTCTCAACAACAGCAACGGCTGAAATCGTTAAAAGTAGCGCAGACGGACGTAATTATTTATATAGTGAAAGTAATGCCGAAGAATGTTTCTTATGCCAAAATAAAACTAAAGATGATTATGAAGAGGTCGCAGGTCCTAAAAAATGTCCTATATGCCATGATACAAAAAAAATGCCACGCGCTTTAGATTTCAAAAAAGTTACCTTGAATAAATCAAAAATAACTCTCGAACTCTGTACTATCGAAAAAGTTGCATTTCCTGTTTTGAAAATTCGTCACAGCACTGGAATTAAAACAGTCAAAGTTTCTGACCTTCCAGCGCCAATAGTTCGTGCATTAAAAGCTCGCATTCAACAAGACCGTAATGGCAATTATTACTTACTACATGATGCGGCACTTTATGGAGAAACACGTGGTAGGGTTGCCATGTTATATCCTCAAAATTATCGCAAAGTTCCGATAAAAGGCAAGAGAAAAATCAAAATTGAAAAAGATATTGATGATAATTACTACTATGAACAAAAAATGATTAATGCTGAATATGCCAATGAAAATCGTTATGGAAGATGTATTCCAATAAAAACAAACTTAATAAATATTTTATCAGTACGCAGAAAAATTGCTAACAAAAAGTATATTTGGGTTATTGTTCGTGAATTAGTTAAAGAATATACCTTCAAAGATTGGGGGACGCTACGAGTTGAACAAACTAGACGTGGATTAATTTCACACAATAAATCAGAAGTTAATGCTGAAGTTTTAACCCCTGTTAGCGATAAAATTTCTAAAAAAATTCTTGATGGTGAAATCCAAATTCAAAATAACTATGAGATTTAATTTGTTTGTCAATAATGATTTATAAAGCAAATTGAACGTCATAAACAAGAAAGAAAAAAAGTAACGAACCAAATGTGGTAATCTCGCAAGGGATGCCACCATAACATCATAAAATAAAACCTCCGTCTTTAATAAAAAATTGCCTACTGTATTTTTAGAGGAGTACGGTA
CP151801.1_gap58	2302654	2306410	3756	ATGGCAGCAGACTTAGCTCCTTGCACCGAAAACAATCTCTTTAAGGCTGGTGCAGATAAGCTCAATAGCACTGCTGCAATAGCAATAACTACAATCATTTCAACCAAAGTAAACAAGCTCTTGATTTGAGAGTTTTTAATTTTCATATTGTCACCTCTCAAAGATTTATTTAAAAGACTTGATAGTATCTTTATCTAAGTAGTAATTTTCTTGATTATTTGAATTAAATTTAAATGCTCTAATTCCAGCAGTCGATGTATTTTCACCATTAATTCCAGGAGCTAAGACAAAAACACTACCATTCAAAGTAACATCTTCTCCATCAATAGTTAATTCAATTTTATTATCATAGTTTGTATCTAAAATAAACACATAAGGACTACCCCAACGAGTCACAAATGATTTAATAACTTGCCCATCACTACTTGTATCATCAACTGCAACACCATTTTTGGGACTTAAATACATTTTCTTACGCTTATTTTTCGGGGAAGCTACTTCTGCACCAACACCGCTACTCATATTTATACCCATTAATTTCTTCAAAAAGTCAGCATAGTCACTTTCAGAATCAATAGTACTTCCAGTGCTACCTTGGAAACCAATTCCTGTAATATCTACTCCTCCAATAGTAATTGGATCTGGTGAAGTTTCATCTTGAGTAGTGTTCCCACAATACAAAATTGTATCTTGCCCTGAATTCAATACTGGCAACAAGTCGTTATTATCTGCTTTAAATTGTTCAATAGCAATTTTTAATGAATTAGCTTCTGTGTTAGCCTCTAAAATTCTCGCTTTAGTTCTTGCTACATTTATAGCTGGTGTAATTAGCCCTGCTAAAACAATAATGATTGCGAGTACTACTAGGATTTCAACCAACGTAAATGCTTTGACTCTAATTTTGTCTCTTTTTTTTAACATAATTCAACTCCTCAAACAATTTAAACTATAATTAATTTTATTTTAAATACTTTATTTTTACTATTTATTGACAATATCATCGACAGTTCCAAATCCAATAGCGCCGCCACTTTCTTGTGAGTCATATGTCTCTGGATCTTTTATTTCATTACTACTAAGGTTGCAGTTAATTTGGTTCGTTTCAATATCAAATAGCTTTTCAGGTATTCCGCTATTAGGTTTTGGGTCGCCAATGTAACCTCCGTCGCCTGTTGATATTAAATCAAAACCTAATGGATTAAAATGACCTGGACTATTATAAAACACAGGATTATCCCAACCATCTTTTAGGTAATAATAACGAACTCCTCCAGTCACAATAAATCCACAAAATTTCTTAACAAAATCAGTAAGATCAACCTGCTTCACAAATTCTTCGGCTAAAGCTTTATTTACATACGAATTAAGGTCTGCGGGGTTAAAAGCAAGAGTACAAGTTAACGTTTCTTGTTCAGGTTTATTATTAGCATCTACATCTTGAGTCGCAATCCAGCAGACATTGTTTAACATCCCATCTCCATTAGTTCCTGTAGTTACTTGAGGGTAAAATCCTTTTTTTGCTTTTATAGCTTCAAATGCAGTAGCAACTGTTTTCATTGCAGACTTAGTTTTAGCTTCTTTAGAGGCACTCATAGCAAGAGAATAGCCACCAATAGCAAGTCCACCTATTAGCCCAATTATTGCGATAACCGCGATTAATTCAATCAAACTAAATGCTTTACGCACTGCTTTTTTCTTTTCATAAACATCCATCATCATAGCTTACCCATTCCTAAGTAATTTATTATTATACCTATCCAATGTATAAATATAAATTCAAACTATGAGAAATTCAACTATATAATGCGGATTTTCATTATATTGTAATAATAATCAATATTCTAGTTCTTGAATTTTAACCAAATAAGCCTTATTAGTATAATTATGTAAATTAATTTAGCAATATTTAAACTTTTTAAAATATAAATGGAGTAGAAACTATGAGTACAGTGAATATCGATTCATTAATGGACTATTTACAAGAGCATATGGAAAAATCAGAAGAAGTAATGAAACGTGATTTTGCTAGCATTAGAACAGGCAAGGCAAGCCCTGCACTATTAGATAACATTAAAGTCGATTACTACGGCACAATGACTCGTTTAAAAGATATGTCAGCGATTACTGCACCAGAGCCACGTTTATTAGTTATTCAACCTTGGGATCAAACAGCTGTGGCAGCAATTGAAAAAGCAATTATTGACTCAGATTTAGGTATTTCACCAGTTAGTGATGGTAAAGTTTTACGTCTGCCTATCCCTGAACTAAGTGAAGAGCGTCGTAAGACATTAGTAAAACAGGTGAAGACTCGCTCAGAAGATGCAAAAATTGCGGTTCGTAATATCCGTCGTGAAGGTAATGATATTGCTAAAAAAGCAGAAAAAGCAAGTGAAATTACTGAAGACGATTTAAAAGATATGCTAACTGATATCCAAAAAATGACTGATGATGCCATTAAGGTAATAGAGCAAGTTGTTTCGGAAAAAGAAGCAGACTTAATGAGTTTATAATTTAGCACTTTTAAGCTACAAGCATAATTTTTTCAATAGTGATAACGATCAAAAGTTATCACTATTTTTTTGTAAGTTTGCAATTAATAAGCTGTTAAGATTATTAGATGAAACACCGCGTCAAAAAAGTTAAAATTTTTTGCAATTTTTTTTTATTTTATAGTTGTAAAATTTAGATTTAAAAGTATTGTATAACTCACAGCGACAAGTACTGCTTGTTAAGCTTAAGTCGGAGAGGTGGCTGAGCGGCTGAAAGCACAGGTTTGCTAAACCTGCGTACAGGCAACTGTACCGGGGGTTCGAATCCCCCCCTCTCCGCCATTTAAAAAAATTCCAAGCGTTTTAGTTATTTCTAGGACGCTTTTTTTGTGTTTAAATTCTGTAAAATATTTCGAAAATACAAAATTTCAGTTTCTCTATATTCAGCAATTTCAACATGCTAACACCTTCTTGCAAAAATATAAATTATATGCTAATTTATTGAAGCATTCATAAATTTTCAAGAAGAAATAAATAAAAAAATTGAGGGTTTTAGTCTTTATTAATAGTTATTGCAACTCTATTCAATGGCTGCAAAAGTAGAGAGATTATTTTTAGCGATAACTCAACAACGGAAGGATACTTTGCCACCAATAATGGAGTTGACGAATTTATTAATGATGGTGTTACAAAAACATATGACAAAGAGGGAAATTTAATTAATGAAATGTATTTTGAAGACAATCGCATAAAAAAATATATTGAATACTCAAAAAGCGATAAAAAGTAGCGCGAAGAAATTTTAACTGACAATGTAATAATAACATTTTTGATAAAAATGAAGAAATCTTGCTGAAAATAATCTCAAAACAGGAAAATTATTATAGCTTTAGATTAAATAACAAAGGAGACATCACTACTATTTTTCGAGGAGAATGCCATAATGACAGCGATGAAATCATTAATGCCGAAAGGCGAACTTATGACAACGAGGGTTTTTTAACAAAAAAATACGTTATTAAAAATAAAAAAGGCACAATAATATTCCAGAGAGATAGTAATCAAAAATAAAATTATTGAGGTAACATAATAGTTATAATGGAGGTTTTATGAAAAACATTTTTTTTAAATCAATGCTTGCAGTTCCAATTTTAATCTCAACCATACCAGCTATAGGACAAACTAAAGAACAAATTATTAAAAAGTCTCTAGAAAAAATTAACATTCCTAAAAACTTTAACAACATTTATGCTTTAGGAACAACTTG
CP151801.1_gap59	2308011	2311480	3469	TTTAAAGTTCGAGTCTCTCCAGCTGACAGCATAATGCCTTCCAAGTCAAAACGACGATCAGCAGCAGAAAAAACCATTTTCCCATCACGAAAAACTTGAAATTCGATTGAACCTTTAAATTTTGAATTATGTCCAAAAATTAACGGTCTAGCACTCTGATTGCGCAATGTTAAGACGCCAACAACACGCTCATATTGCATGTAAACTTTTCTTTCCAATTCTAACTTCATTGCGACTTCCGCAGAAGTCTCACCAACCATAGCAAACAAAGCTAAAAAAACTAATACAACCCCTAAAAAACTTTTTTTTGAGATTAACCAACTGCACCTACATAAATAACTCATAATTACTCCATCGTTTTTGTATTAACAGCTTCTACTTCTAACAAACATATTTTATATTATTGCTAATATACCAACAATCCTTATACTAGCACTACCATTTCCAAAATCTTACTTCGTCAATCCTGCACTCATATCTCTAACCACTGACTCAACGTTTATTGCCGAATGACAATCTAAATTTCCATCGTTCTTATTCTCTGCTAATGGACACCAACGTTTTAAACATTTATGACATTTTACATCAGCTAAATACGCAAAAGTATTTTCTCCAAATGGTCCTGTTTTTGCAGGGTCTGTCGGTCCAAATAATGCAAATGTCGGTATATTTAGAACTGCAGCAATATGCATCGGACCACTATCATTTGTTAAAACACCTTTACTACGGCGTAAAATTTCAATCATTCCACCAACCGTAGTTTTTCCAGTTACCGAAATAACATTATCTGCAAATGGCGCACTCAATTCTTTAATTAACTGCGCATTCTCATCATCAGAAAAAGTTCCAACGCAAATAAACTTTAATTTACTATTCTTTTGTGCCAATTTTTTAATAACTTCTGCAAAAAATTCTGGAGGCCAAACCTTTGTCTGCCAACGAGCTCCAGGAACAATTGCTATAAATTGATCACTATTACTGACTTCTTCTTCGCTCAAAACATTATCTGCCTCCGAGCTAAAATTTGCAGCATCAACAAGTTTCACTTTTGGCACATGAAAATCAATATTAAAATAATTACACACCATCAAGCAATTTTTCTCAATCGCATGAAGTTCCTTAGCATCAACCTCTATCTTTTCGCGGTAAAACCACGATGAAATTTTTTCTCTCGGCTCACTAAACCCAATGACATTTTTTGACGCTAACCTACTAAAAATAGCACTTCGAAATAGCCCCTGAAAATCAAAGACAATATCATATTTTCCACGTTTAAGCTCACTTAGTAAACTCATAAACTCTGAAACAAAGCTACAAAAACGTCCTAATTTTTTCCTATTAAAGGCAACAATATTATCAATTTGAGTCGAAAATTCTAAAACATCTGCAAACAACGGATTAACCAACCAATCAATTTTTGCTTCAGGATATTGTTCTTTGATAATCTCAAGTGCTGGCAACGCATGCACAACATCACCTAGGCTACTTGGTTTAACAATTAATATTCGTTTGACATTTTTTTTCATATTTAACTCTATTGCTATAAATTAAAATTATAAAACAATGGTATTTTTTAATTGCCCAACAGCAGTCTAGTTGCCAAACGCTCTGGCAGCTTAGCTTCTCTAATCTTGCTTTGCGCCAACTCAATATCGTATGGAATTCGATAGCGCGTTAAAGTATTTACCACACTATCATAAACCACAAAAGATGCTCTTGGGTCACGATTTCTTGGCTGGCCTACGCTACCAACATTCACCAAATATTTATATCCTGACTTAATGTCAATCATAATTGAATCTTCTACATCTACCACATCTGGAACTAATGATTCATTGCGTTTATGACTCCAGTGCATAATTTCATCAATTGGTTTCTCTGAAGCGCTTGTAACTGGTTTTTTCATAAAAGCAATCGGCACATGAGAATGTCCACAAAAACACAACGGAGTGAATTGATATGAAAAATTATCAGCAGCGTGGTGAATATCAAAAATATATCCCCAAGCTTCAGGTGAGTCTAAAGTGGAATGAACAATGGTAATTCCTGTTTGCGGAATAGTTGAACGCAACGGCAGTGAAGCTAACCATTGCCTCGATTCTTCGTTTAACTGTGATTTTGTCCACAAAATCGCATCGCGCGCATGAGGGTTAAACCCCTCCATTTCCTGGCTATTATTACTGGCGTATTCATCATGATTACCCTTTACAGCGCCAGCAAGATCCAGCGAACGAATACGATCAACACACTCTTGAGGATTGGCATTATATCCAACAATATCTCCAAGAGAAATATATTTATCAACGCGCAGTCTTTCACACTTGCTTAATACAGCATTCAATGCCTCTAAATTGGCATGAATATCACTAAATATTGCATATTTCATTATTATTGATACTCTTTATATACTACTATTTAAATATTTTCCTATATTCTTTTTTCAAAGTCATACAAATAAAATATTATTTTTTTCAAAAATTACAACTTTTTACGATTCGATTGTCAATATTAGTTACTCAAAAAGCTATTATCTTGATAACTTTACACTCTTTAATAGCTTTTCACCTAATAAAGAGTCGATAAATATAGAGACAGATCACTACTCAATTACTAACGAATTAACATCATAACCTTCGAGCTTTTTACGCCCATCTAGAAAACCTAATTCCACAATTGTTTCAATTGCAAAAATATCTGCTTTTAATTGCTCAAGAAGCTCAACCGCAGCAGCCAATGATCCGCCTGTTGCCAAAAGGTCATCGATTAAAACAATTTTATCCCCAGAATCTAAGGCGTCTTCATGCATTTCAACAGTTGCAGTTCCATATTCTAATTCATATGATGTCGCAATCTTTTTATACGGCAATTTTCCCGCTTTTCTTACAGGCACAAAGCCAATTCCTAACTCATAAGCCAAAGCAGCACCAAAAATAAAACCACGCGCATCAACTCCAACAATATAATCAATGTTTGCATCAGCATACTTTTCGGCAAAATATTTAATAATTAATGCAAAAGTTTCCTTATCTTTAATCAAAGGAGTAATATCCTTAAATATAATTCCTGGAGATGGAAAATCTGGAATAGAACGCAATTCACTATTAATCCTACTTACTAACTGAGCCTTGTCAATCATTTTATATTCTTTAACCTTATAATTAAAAATTTAAACTTATTTTAGGTTGTCAACCATATTTAAAATAAATAACAATGGCAGAATAAGCCGGATTTTGTTCTTTAAGTACATTACATAAATAAAGCGGCAATCATCTATCTATATGCGACCAGAACCCGAAATTCAAATGTTACAGGCGGCAACATCATTTCCTATTTGGTCTTGCTACAGGAGGGGTTTACCATGCAATACGGCTTACGCTCCATACCCGGTGGGCTCTTACTCCACCTTTTCACCCTTACCATTAAAAATGGCGGTATATTCTCTGTGGCACTTTCCTTCTAAAGGTCTTAA
CP151801.1_gap60	2315317	2317513	2196	TTAATTAATGATGATTTAGAATTACAAAATAAAGTTTTGCAAAAGATTAAAGATCATTTAAGTCAAAAGGATTTACCTGCTGAAGAACAAGAAAATGAAGAATCAGTCGCTGAAGAAACTGTGAATTCTGAAGCATAAGCCAATAACTTAATTTTAATTTCTAGGCATTTCTTAATTAAAAGAGGTGCCTTAATAGCTTGATTGAAGTAACTCATATGAAAAATAACTTAAGTAAAATTACTGCCTTTGTTTTTAGTTTTAGCTTTTTAACGACTCTATGCAATGGAGTAAGAGCCAATAATACTGAACTAACTTTCAGTAATAATGCTCAGTATTCTAAATTGCAGAATTTAGGAGACCAAGCTTATAGTGAAGGAGATTATCAGCTGGCAATTAAATACTATTTGCAGCTCGCTGAATTAAAAAACAACAATGATAAACTTGCTGTTAAGTTTTCATTACTAAAGGCATTGATTGCTGACAATGAATTGGTTGAAGCTCAAAATTTACTAAAAAAACTAAAAAAAATTTACGCTCAAAATCAACGTTTTCTGTTTTGGCTTCCTTTATATCAAGCTAATATTGCTATTGCGGAAAATCGTTACCATAGCGCATTGACAATTATTAATGAGTCTACTCCGCAATACCGTAATGTTGAATATAGCAACGCTAATCAATCATTACCCAATATTCCAAAAAACGAGTTGAATGATTTCAAGATAGAGTTTTTAAGTGCATCAGCTTTTTTATCCCAATCAATGGAACAATATCAAGCAGCGGCAAAAAAATATCGTTTATTGCTTAAACTATTAAATTCATTACAAAAAGATGAATTGATTTATCAAGCCCAAAGAAATTTTATTTATTGCAGCATTAAAAACAACGATTTAAATGCAGCAAATGCGATGTTGTCGCTGTTATTGAAAAATGTTGACAGTCAAGAAAAATCAACTCGCTATACAGAGCTAAATTTTCTAAAATTATATGCTTTAGCAATGGATAATAGTAAATCCATTGACAGTATTCATAATTTTTATCAGAAAATAAAAGATAATTTAACACTAAATAGTGATTCATTACGCTATGAAGTTGATAGCTATATTATTCAAAAAATTAAGAGTAATTTATCATATCAAGAAGATAAAAATATTGAACGACATAACCTTAAATTTGCAATTGACTTTATGCTTGACGCATATAAAATTGCTCCAAGCTCGGTACTAAGAAAAAATATTTTAAAAGAAATTATTAATAGTTATGCTAAAATTGCCGATTATAATAATTCCATTATATGGTCAAATTTATATATCAATTTTTATGATAATAACAGTGATAATAGCGAAATTGCTATCATAAAATATCGTTTAGCTGCACTATATCGCCTCAATGGAGATTTTAATAAAGCCGCTAATTTATACTTAGAATTAGCAAAATCAAATTCTCTTTCTGAAGAACAGCGCAAACAAGCTATTTTTGATGGGGGGCATTTGTTTCTGAAATTAAAAAATTATGCAGCGGCGGAGAATTTATTTTCATTACTAGTTAAGGATAATACCATTACGGTTCAGGCACAAGGTAAATTTTTACTTGCCGAAACATTATTAGCGGCACAAAAATATCAAAAATCTGCCGAACTTTTTGAAGAAGTAGCAAAAAATAGTGCAGAATTTCATGACAAAGCACTACTTAACACTTTCATTGCTTATATTAATGGAAAAGACAAAAAAAATTCATTGCGTATATATAAAGATTTAATGGCTAAAGTTAGTGATGAAAACATCAAAATTACTAGTCAGTTTTACTATTGTAAAATTGCATTAATTGCAAACGATGTTAAGAAAGCGGCAGAAGAATATTATGAATTTTCTGAAAATTTTCCAAGCAATAACCTGCGAGATAAAGCCTTATTCAATAGTGGAGAATTATACTACTCAATTCAAGAGTATAAGCTAGCGGTAGAAATTTATAATACTTTTATTAATCAATACCCAAACAATATCAATGTTGCACAAGCATTATACAAAATTATTTATTGTAATTTTTTGCTCAACGATTTAACTGCTGTTACGAAAATTATTAAACGAATGAAAAAACAATTTCCGAACAATAAATATACTGTAGCAGCAATCTTTTACATGAATAGATTCTATCAAGAAACTAGTGATTATCAAAAAGCTTTTGATAACCTAACGTTTT
CP151801.1_gap61	2319008	2323307	4299	AAAATTCCTATCGAACATGAGAATGAATTATCATTGCAAACTGATGACGATTCTATGGTATAGAGGAGCTTTTTATGCGTCTATCTAAAAATAAAAATTCACGTTTTCACTTTAGTGATAAGACCAAAATATTCACTAACCGCCCAGACTTAACGCCTTTAGTTGATATGATGTTCTTGTTACTCATTTTTGTAATGTTAAGTAGCTCTTTTTTAAATGTGACAGGTATTATGGTTGAGGTCCCAAAAGTTAGTAATCAAACGGCAATGGACATGAAAAAAATGATTATTTCTATTGATAAAGATAATCAGATTTATTTTCAAAACAAACAAGTTTCACTCAAAGAACTGCAACGAAATTTGCTGGATTTAGACTCAGTAATCCCCAGTAATTCGGCGGTAATTCTGAGTGCTGATAAAGATTCAAAAAGTGGTATTATGACCAAAATTTATTCACTTGCTGACAAAGCAAATTTAGATTTATTTGTTCTAACAGACGAAGAAAAAGCACAGAGTGAAGTTGTTTACGATAAAAGCGAAGTCGAATAATTTTGGCAAAAAATTTACTATGAAAAACAAATTTGAAAAATCGATTCCAGTAATACAGGCACTAATTGTCACATTATTATTTCATGTGGCACTATTTTTTCTATTTTCCCCTGTGAATCAAGCAAAAACAAAAAAAAGTGACGGTCAACGACGCGTTGTGATGAGTTTAAGCATTAATGAGATGCCCAAAAAAGAACAAATTCTGTTCAGAAAATATTTAAGTTTTAATAAACCATTAAATTTTAATGAAATGAGTAATCTGCCAGTTGCTGAGCCAAAGCAAATAAATGAATTGATCTTGGTTGAAAATAAAGTTTTTGATAAAAACATTGAGCTCCCATCAAGTTATAAATTTTCAAAATTTGCACCATACATAATTGCCCAAAAGAATAAAGTCACAAAAATCTCTAATAAATATAAACCTTTATTAATTAAAAATAATAATTCAAAAATATCAGTTAATTCAGCTGAACCAAAGCAAATTTTTTTCATTGTTGATAACTTTGGGAAGGAGCTAATAAAAAGTGAACTAATTGTTTCACGAGCGAAGAAGCTAGTAAAAGAAAGTAAAATTTCGGGCTCATTAGCTCCTACTAGAGTGCTCATCGTTAAAAGTAATATCTCCGATTTACAGCCTGAAGTTAAATTTCTTAATAAATGTGGCAAAGTAAATCTTGATGTTGCAGCATATAAAATTGCCACGGCGAGCGCGAACTCTCTTTTAAAGAAATTAAACAAGCAAAGATTAATTATGCAGTTCAACTGGACAGCATTAAAAAGTGTGGAGAACAAATGATACCGATTTCTTTACCAATGCTATTTATTATTTATATATATTGCTGGTTCATTGTGTTAATAATTTTATGGCTTCGCGAGCAACTTCGTACTTACATTAGTGACTGGAAACGTAATCGCAATAACCATTTTCAATGTGATAATTGCCATTATACATTTATTGAGCAAAGATTAATTATGCAGTTCAACTGGACAGCATTAAAAAGTGTGGAGAACAAATGATACCGATTTCTTTACCAATGCTATTTATTATTTATATATATTGCTGGTTCATTGTGTTAATAATTTTATGGCTTCGCGAGCAACTTCGTACTTACATTAGTGACTGGAAACGTAATCGCAATAACCATTTTCAATGTGATAATTGCCATTATACATTTATTGAAAAGTATTCAACAATATGTCGTTGTCCACGTTGTAATGAAATTTCAATTGCTCGCCAAGAAAAACAATTCTAGATAAATATTCCCTTTTTATGTCAAAGTTATTGACATAAGATGAAATTATGTTATTATTTAAATATAATAAAAAAAGGGAATATTATGAAAAAAAATTTATTAATGTTATGTGCTTTTATTGCTAGCTTTACATTGAAAGCAAAAGAAATTAACTACAAAAATCATTCACCGCGCCCAGTTGTTGGCAGTTACTATGTTGAGGGAGCAAAAAAAACATTGCCTCCAAATAAAATAAAGTATCAGCTCTTGAGTCATATTTTTCATGCGTTTGCAGTTCCAAAAGATGATGGTTCAATTACGCAAATTTCAAATGACATCGTTAAAGAAGCACATAAAAACAACACTCGAGTCATAATTAGCGTGGGCGGTGGAGGTTACAAAAAATTTGCTAAAATTACAAACAATAAAAAAACTTATAAAAATCTAATTCAATCATTAATTTTATTAGTAAAAAACAATGATTATGATGGCATTGATATTGATTGGGAATTTCCAGAAAATAAAATTGAGGGACAAAATTGGAATAAATTAATGACCGATTTACGTTCTGAATTAGACAAATTATCACAACAAAGTAACCGTCTCTACGAGCTAACAACAGCTCTACCAGTTGGCAAATGGTGTGGAAAATGGATAAGTCGTGAGGTGATTTTAAAAAATATTGATTTTATTAACCTAATGGCATATGATGGTTTAGAATGGCAAGCAGGCTATCATTCACCACTCTTTGCGGATAAAAACGACCCTAAAAAAATTGCTTTTTCCAACTGGGATTATTGGTGGAATGAAAATAAAATTCCAAAATCAAAATTAACTTTTGGAGTACCATTTTACACATACGTTTTTGAAAGTATTAAGCCCTATACAAAACTGCCAAACTACAATGGTGGACGCCAAGTAGCCTATCAAAAATTTCTAAACCGCATGAAAAAAGAGGGTGGCTATACTAGTTATGAAAGTACAGAAAACTTAGCAACTTGGTATTTTTCTGCCGATAAAAAAGTTTTTGCTGCAGTTGATACTCCAAAAACTATTGCCTTCAAAACTAATTGGGCTGTCAAAAAAATGAAGTTCACAGGTGTTTTCTCGTGGGCACTTCACCATGAATATGACAAATCGAATCAAAATTTTCCTTTAACCGAGGCAATGAAAAAAGCTAGCGAATAGTAGCACATAGCACACTATAATGAAACAAACAGCGTTTATGCGTTGTTTGTTTCACCCAAGGTACTGAGTATTGTTTTAACAATTGAACCATTATCCAATCCATGTTCTTCGCGTAAAAGCTGAGTTTTTCCATGATCTACAAAATCATTCCCCCAGCCAAAGTGTAAAATATTTCCACAATATCCATTTTCATATTCTACAACAACCTCATCAACAATTGACGCTAAACCACCCTGTTTTTGATGATCTTCAAGAGTCATAATTAAATTAATATTTGCATTTTTGTGTAGCCTTTTAGCCAATACTACTTTGTCAAATGGTTTCAAAAATCTTGCATTAACAACTTCACAGTCATAACTAAACTCAGAAGTTAAAATTTCAGCAATTTTTAGGCAATTTTGGACTTCAAGACCAAGGCCCCATAATGAAATCTTTTTATTACCATTGTTTATAAAATTACGAACAATCTTTGCTTTTCCCCATTCAATAACCTTCAAAGAACAATTCTTTGAGTATGAATGAAATGACGAACCTTTTGCATAGCGAATTACAACAGGCTCTTTTTGTTCATAACTTGCAAACAACATCGAATGTAATTCTTCTTCATCTTGTGGCATTAAAATGCTTAGATTTGGAATATTTCGCAAAAAAGCAATATCATGAATACCATGATGAGTAGGACCATCCTCAACAATACCACTACGATCGCAACAAAAAATCACTGGTAAATTCTGCAAACAAACATCATGAATCACACAGTCAAAAGAGCGTTGTAAAAAAGTTGAATACATCGCCACTACAGGACGAATTCCTCCCGCAGCCAAGCCCGCAGCAAACACTGTTGCATGTTCTTCGGCTATACCAACATCGTATAATTTATCTTTAAAAACAGTTTTAAATTCACTTAGACCAGTTCCTGAAGTCATGGCGGCAGTTATAGCTACAGTGTTATCAAAACTTTTTGCCAATCGAATCATAGCATCACCAAAAGCCTGAGAAAATGTAACATTTTGCGATTTATTTAAACTCTGCCCAGTTGCAATATCAAACTGTGCCAAACCATGAAAACGTTCTGGTTCAATTCGTGCTGGTTCATAACCGCGTCCTTTTTCAGTAATTGTATGTAAGACAACTGGTGCATTGAACTTTTTAACTCCTTCAAGAGTGCGAATCATTTCTCCCAAATCATGCCCATTAATTGGACCGACATAGCGCAATCCTAATTCTTCAAAAAATACCCCTGGCACCAATAAACTTTTTGTAGCTTCTTCAAATTTTGAGATTCCTTTATGAAATCCTTCCCAACGTGGTAATTTATTTAAAATTGCCTT
CP151801.1_gap62	2324657	2329188	4531	TCAAGCCTCATTCCACCCCATTCAGGATAATATAACCCAGGTTCAATCGTAATTACAGTATTTTCTTCTAAGATATAATCATTCGCAGATGAAACTCGAGGCGCTTCATGAATATCAAGCCCAAGACCATGCCCCAGTCCATGAATGAAACCAACATGGCACCCATTGTCATGAACATAAGTTTCGAAACCATTTTTAACTAAAATATTTTTTGCTAGTTCATGCAAATCTTTAACAGCAACCCCAGCTCTAACTTTTTCTAAAACACAATTTTTTGCCTCATAAACGGCATTAAACGCTTTATTAACCATTGCAGAAGCCTTTCCTTTTACCACAGTACGTGTCATATCTCCCCAGTAATGACTTGAGCTTAAACGAGGGAAATTATCAATGACAATCGTTTGGTTAGCATACAGTGGACCGTTCCCTGTATTATGAGGTTCAGCTGCCGCCGCGCCACAACTTGCAATTAAAGTATCACAATATCCGCCACGCTTAACCATAAAACTATTTAAAATTCCCTTAAAACGCTCTGAAGTTAAAATCTCGCCATCCAAAATTAACATCTTTTCATCATTAACATTGGATTCTCTTAACAACGAGATTCCATAATTAATGGTCTGTTCATTTAACTTTTGCGCTAAAGCAATTTGTTTTAATTCAAAATTATTTTTGATTAACCTTTCTGGGAAAAAACTTCCTTTAACAACGTTAATATCAACGTTGTTCGTTTTTAAAAGTTGATAATATCCTGTTGGAAAATCAAAGGGGACAGCTAACTCTTGAAGTGAATATTTTTTAATTAAAGCAATAACACTATTTTCTACATCAGCTGTTTCTCCATTACAAAGCTCTTCATAACTGATCACTTCACAGTCAGCACTTCCTGAATTTTTTGCGCGGCTATATTCTAAAGATGATACCGCAATAATTTTTTTATTTATGCCAGCAATTTCTACATAGATAAATTCATCGGGAATATGTAGCTTGCTGATATAGAGAATATCGCTGCTTTTCTCACTTGAGCTGATTATTAATTTACCACTATTTTTTTTCATATTTATTTTAACACCTAACAATATATTGATAGTGCGATTTTTCAATGTTTTTTAATTTGACTTATAGTTTGTTATGACTTAAATTATTTTGATATTATTAGAAAGATGCATTAAATAAAGCATTACCTTCTAATTCAAAATTATTATTTTAATTTAACTGAAACTTATTTCAAATGCAAGAGATTTATCATGGATACAACACAATTAATTATATTCTACGCTACTATTTTCATCTTAAGCTACCTTTTTGGTTCAATCCCTTGGGCTTTTATAATTGGCAAAGCTAACGGAGTTGATATTCGCAAATGCGGCAGTGGCAATGTTGGCGCAACCAATGTGACCCGCACTGTCGGGAAATGTTGGGGAAAACTTTGCTTTGCCTGTGATTTATTAAAAGGGGTATTACCTGTCGTTACTGTTTCTTTAATTGCTAAAAAATATTTACCAAGCACTACTGAGTCAACAATTAACTATGGTTGTATGGTTGCAGGATTTAGTGCTATTTCAGGTCATGTATGGACTATTTTCTTAAAGTTCAAAGGTGGTAAAGGTATTTCAACTAGCGCTGGAGTACTTTTAGCATTAGCTCCAGCTCCCGTTTTGGCAGCATTAATTTTATGGGTAATTATTTTCAAAACAAGCAAAATGGTTTCTTTAGCGAGTATTATTGCGGCAGGAGCTCTACCAATAATCGCAGTTATTTTTAACTACACTCTTAAAAAATACTCTTTCTTTGCTACGGAAAAACCTATTTTAATATTTTTAGTTGTTATAGCAGTTATTGCAATCGCAAAACATCGTAGTAATATTAAACGCATTATCGCTGGAACTGAAAGTAAATTTAGATAATTAGCGATAAAAGAGTACTGCTAAACTCCTGAACATTTTATGCCTATATCTTGCAAGCGTAACATATACGCTTCAAATTCATCACTATCAGCGCTATCACCTAATATGAAAGGGCAATTATTGACATATAAAACTGCTTGATAACGGCTTGGTCCCTCTCCATTAATAATTTCGACTATATATTCAATCTCGTCAAACTTCACTTGGTACTTTTTACTTAAGAAAAAAAATTTACGTTCATTTATATCACAAACTTTTTCGACGACTGAAAAATTAAAGTTGTATTTCTTAAAATTTTTTGTAAATGCAAAAACTATTAGCAATAATCCCATCGCCTTAAAAATCCATTGCTTTTGTAACAATTCACTAAAACTGATTTCAGTAACTGGATCTCCAAAATAAGCAGTTACAATTAAAATTAAACCCAATGTTAAAAAAATATATCCATCTCGATACATATTAACTTCAATGCTAAAGTTGTAGCTATTATCCTCTGTAATTTTCAAATCTACTCCAGAATTATCTCCAAACATTTTCTTTCTCCATATATTTATGTTGCAATAAAATTTCCATCATTTGCAAATCTTGCTGATATGTTAACTTATTATTTAATTTATGATTCGCGAAAATTTTTACTTTAAAGTCGCTATAATTCATAATTGCCGCATCATCTGTAAAAGAATCAAGTTGCAAACCCTCATTCTTTATGTAATTATAAGCTGCTATTAATTTTGCTAAATCAAAAATTTGCGGAGTTTCCATTGCCCAAAGTTTTGAACGATCAACATTACACATTATTTCACTATTTTCTGCAACCTGCTTAACTGTATCAACAATTTTCTTAGCTACGACAACCCCACTAAATTGCTCTTTATTTTCCTCAAAGTTTGTTATAGAATCAGCAATTAATTCTTCTGTCACCAGTGGTCGCGCCGCATCATGTATTAAAATGCATTTATTCTCAAAATCAGCATTGCGACTACTAATCTCTTTAACAGCATTTTCAACGGATTCTCCTCGGCATTCGCCACCCAATACAAAATTAAATGTTCTCTCTGGGAAATATTTAGTAACAATATTCTGATATTCTTGTAACTGCGTAGCCGCAACTACAATAAAAATATGTTCTTCTGAAAACAAATTAGCAAAAGGAATTAGCGTATGAATAATAACTTCTAAATTAGCAACCTGTTTAAAAAGTTTATTTTCACCAAACCTTTGCCCTGATCCGCCGGCAGCTATAATTGCAAAACAATTATCATATAAAATTTTTTTCAATTTTTTCCCTTTAATTTAGTTAAATGCCGTTAAAAAATTAAGAGCGCCTCATATAAAATATTGAAGCACTCTTTTTAAAATATTATTCATGAAATAATGATATGCTATTATTTCTTTGGAACATAATACATCTCATCTTTCTTGAACTTTCTAATACCGTCATTTAATTTTAAGAGTTGTTCAACAGAAACTCCTGTTGCTTTGGACAACTCTTCAACTGTCATATCTTTTTCAGTAATTTCTACGTTTGTATCAACATCACCATCTACAACATCTGTAGAAGTATCTGTTGGTAAGTCGCCAATATCATCTCCAATATTTTCAGATGAAGTTTTTTTATTGCCTCCAGATGATGGCAAATCTAAATCACCAGACTCTTTAGGTGTTGTTGAAATCTTTTTTGGAGTTTCAACCGCAGCAGATGTTGAATTGACTTTTACAGTTGTATTACGATTTGGAATAACCAACTTTTGACCAACCTTTAATACAGCATTTTTCTTAATATTATTTGCTGCAGCTAACTCAGCTATTTTCACTCCGTAGCGACGAGCAATAACCCATAATGAATCACCACTTTTTACAGTGTAGCTTCCGCCCTTTGGAATTGATTGATATTTTCTTGTGCTTGATTTTGAGCTCTTAACTCCACTTTTTACTGTCGTAGTCGGTAATTTTTTATTCCTCATAGACTTTGCTTCAGCCGAGCTTGGAATCATAATTTTTTGTCCAGGCTTCAACATTGCTTTTGTCGATAAATTATTATATTTAGCTAAAGTAATATATCCAGTTCCATGAGCACGAGCAATTTTCCATAAAGAATCATTCTTCTTAACAGTATATTCAATTGCTTTTCCACTTGTAGCTGAAGCGTTGCTAGAATTAGAGTTTACCCCAATACCTTGAGTGCCAGTTTTTCTAGGCTCCATAGGTTTAGGCATATCATCTACTGTATCAATCTTTGGAGTTAATGTTGAAGGATTATCAAAATTATTTACAGGGAGTGAATTCAATGAAGTGTCTAATTCTGGAACGACAACTTCATCTTTGTATGCTGGAATAATTTCACGAGGTCCTAGAACTTGAGGCTCCTGACAACCCGTTAAAATTATTGAACCTAAACCCAATGCAGAAATCACTGCAACCGTATTAATTTTTTTAATTTTATCCATGAAAGTATTCTCCATTATTAACAATGAGCCAAACTCTTTATTATTTGTATCTATCTTTTCTTAAAAACAAAAAGAAAAGAACACAAAACTGTTTTAGTTAATTCACCAAAAATTTCTCTTTTTTTCTAAAATAAAAAACAGTTTATTTAATTGTAACTATCTATCAAGACTAATATA
CP151801.1_gap63	2348856	2353375	4519	CTTTTGGGGTTTTCTCAATAAAAATATCGAAAATCAATAGGGCGTCTTCTTTAGTTAATGGACCTAAGTTATAATTGCGAGGACTAGAACCTACTTTATTATAAATTTTTTCCTTCATCCAGTCAAGTGAACCTTTTTTAGGTGCAGTTAAAACAGTCTCGCTCCACCCATCTTTAAAACCATTAAAAATACCCTTATCATCAAAATGAATTTTCGTCGTTGTTAAATAACGTCCATCCATTTTTTCATAAATTAAACAACTTTCTTCGTCTCTTGCAGGTTGTCCTATAAGTTCAATAATTTGTTTTTTATTCATTCCTTTTTCAAGAAATCCCATTTTTCCAAAGCGTGTTTGAATTGATTTAATCGAGTCCTCGACTTTAGCTGTTTTTTAAAATTTAATACTCGTTCCAATTTCCAAAAAGACCTCTTGAGAGACTGGTGCATGAGTAGACATTGAAGTCGCAATGCGTAAATCATCAGACATCGCCTGAATCAACTTAACATTACCATCGCCCATGAGGTCAAAACAAAGCAGAGTACCACAATTATTAATAATGTAATTCAATTCTATAGCGCCGCATTCACAACTCCAACCACTATCTAAATAATTCAGATCTCTATCTAAATGCAATGCAAAATAAGTGTGGCCGCCAATCGCTAGGCGATATCCTTTAAAAAAAGAGTTATTAAAAACGCCCACTTCTCCGCCACTAGTTGAAATTTCATCCCCTTGCTGTTTGATTTCTAATTTAATATCTGGACGGTCAGGATAACTAAAAGAGATAAATTCATCTTCAAAAGTTTTCCAATTTACAAAACTTTTTTTGGCAGCAACAGCTCGCAATTTTTCATCTTTAAAAGCTTGTAATTTTCGCGGCATTATTTTTTCCGAATATTTTTGATAACTTTTGTCTATTGGAATAATTAAAATTTTTTCTTTAATTTCTTGAGCTGAAAGCCGTTTCGCTTGTACAAAATTAGCACTCATTGAAGTAACACCAATTAAAACCAATAACCCAAATCTTTTAAATCCACCTACCATCTTAACACTTCCCTTATTCAAATATCTAATCAACTGTAAATACTCCATCGATTTCAGGCTCATCCGTAAAATCGGAATCGTCATCCTTGCAATCAATTTCATATTGAAAAGCTTCTTTTAATTTTATATTTGTCTCTTTATCAATAACCTTTTCAATATCTGATAGTTTCATTTTTCTTATTGCTTCTTCACAGTAAAACTTAGCTAATTCTTCTTTTTCATTAAATCCTTTTCTTAAGTAAATAACAGCCTCTTCAATTGGTAAAAGATATAAAAGCTCATATAAGGCTCCACGAATATTTTTATTTTTATTGTTCAAACCTTCAATAATTAATTGTTTAGTTAATGGCTCATCTTGTTTCATACTTAGAACTATTGCTGCTACTTCATTTCTACCATCTGGATACTTAGCTTTTTGTGTTTTATTTCCTGATTTATATATTTTTCTTAACTGTGAGGAGAGCAACTGTTCCTTATTTTCAGGGGCGTAATAAGTTATGATGGAAATATCATCTCGTGAAACAATTTTTTGTTGGCATTTTTCTTCAACCATCTTTAAAATTCTTTGATCTTGAAAACCATTTTTTGCTAAAAAGCAAATTGCCTTATATAAAATCATCTTATTATAAAATTCTGCTGTGGCGATTTTTTTAACAAAAATCTTAAAAATAAGCTTAGCATCATTTTCTGTTAAAGGTGTGGGTTCATAGTTACGTTCAGCATCTGAGAACTCAGTAGTTATTTTTTCTTCAATCCATTCAAAAGACCCTTTTTCTGGTTTTGTTAAAACATAGTCATAGCAGTTCTTTTTTAAACCATGAAAAATGCCCTTCTTATCAAATACTATTTCTGCAGTTACTAACCTTCGCCCACTAGGATATTGAAAAGTGAATAAATTCCCCTTTGTTACTATTGGTTTCCCAAGAATTTCAATTACTTGTTCTTTACTCATATCTTTGTTTAAAAATCCTGCTCTATTATACGTCTTCTTTGCAAATACTACAGCTTCACTTAAAGTAGCAGATTTTTTTAACTTCATGCTAGAAGTTATTTCTAAAAAAATGTCTTGATGCACTGGTAAATGAGTCCATTCAAAAGTTTCTAAACGCCATCCATTGGAGAAAATCTGTACAGTCTTAGCATCGCCACTACGTAAAAGAGAAAATCGCAACAACGTTTTTTTATTAACCAAAAAAACATGATGGAAAATTGGGCCGCATAAACAATAATTAGGACGGTAATCTTCTGCTCTTTTTAGAGCCATTTTATAATAAATGTTGTCACCAATTTTTAGAAAATAATCACGAGAAAAATTATTATCACTCTCTTTTTTCCCTTGCTGTTTGATTTCTAATTTAATATCTGGATGGTCAGGATAACTAAAAGAGATAAATTCATCTTCAAAAGTTTTCCAATTTACAAAACTTTTTTTGGCAGCAACAGCTCGCAATTTTTCATCTTTAAAAGCTTGTAATTTTCGCGGCATTATTTTTCCCGAATATTTTTGATAACTTTTGTCTATTGGAATAATTAAAATTTTTTCTTTAATTTCTTGAGCTGAAAGCCGTTTCGCTTGTACAAAATTAGCACTCATTAAAGTAACACCAATTAAAACCAATAACCCAAATCTTTTAAATCCATCTACCATCTTAACACTCTCCTTATAAATGAAAAATCATTGAAAATATATTTAATATAAATTAAAATTAAACAAGAAGAAATACAAATTTTTATTAAATATTTTTATTTTGTAAGTCGTTGATGTAGATTTAAAGAATCTAAAAAGGTAGCGTTCTGTTCAAACATCTCACTAAGTTTATCGTCATCAATAATTATTTTAAGTTAACTCTTGATGTCCATCATCAGTCCATATATTTCTAAATCCCAAACAAAAAGAAAACTGCACTATCTTCAGACAAAATAATAAAATTCTTAAAACCTAGCGCACTGTTTTGAAGGCAATATTTCATAGCAGATTCTGCTATATCGACAAACTCTTTAGAAACAATTTATCTATTTCAAAATTTTCAGTTGAGAGGCCCCTTGCTTATAATTGTGGAAAATTTTGATTAAAGTAATACTTCCATAAACAAAAAGTAACTATTTTTAGCCAAAATTTCTGCCACAAATTTAACTTTTCATATATTATATCACATTTTAATTATTCAATTACTACTTGCCTTTTTTCAGTGCGGCGACGATTTCTTCAGCTAATTTTTCTCCAACTCCCGACATTCTTTCTTGAATTTCAATTGCTGTTGCTTTACGAAGTTCACGTACTGATCCAAATTCTTTAAGCAATGCAATTTTACGCTTTGTTCCAACCCCTGGAATTTCATCTAACAATGACTCTTGAAGTCGTTTATTACGCAAACTACGATGATAAGTAATCGCAAATCGGTGCGCTTCATCTCGTAATGTCTGCAACAACCTCAACGCACTACGGTGATGGTCTATTAAAATTGGCTCAGATTGATTTGGTTTAAAAACTTCTTCACGTTTTTTTGCTAATCCAATCACTGGAAATGGCGGACAACCAATCGACTTTAACGCTTCAATAGCTGAACTTAACTGTCCCTTGCCTCCGTCAACCATTAAAAGGTCTGGCAATGGTCTACCCTCTTTTAATTTGCGTGAGAAATGACGCGTAATAACTTCATTCATCATCGCAAAGTCATCTATCTGATGAACGGTTTTAATACGAAACCGCCGATATTTTCGAGGAGCAGGTTTGCCATTTACACAACAAACCATGCTTGCAACGGCTAATTCTCCACTGATATTAGAAATATCAAACCCCTCTATCACCAATGGCTTAGTTGGCAACCCTAGAGCTTTTTGCAAATCATCAACAGCCTCCATGCCAGTAAAAGCTTGAATCTTTGCAAACCTAAAATTACGGTTCTTTGCGCCAAAGGTTTCTTCTAAATTACTAATCATATCACGTTGTTTAGCCGCTAATTCAAATTGATTTTTGGTAGCATACTGAGCCATTTTTCCTTTTAAAACATCAGTTAGTTCACGAATATCTCCATCAAGAACTCGCAATAATTCATTTACCTGCTGCATATATTCGTTACGGCTGACTTTTTGTAAACATGGAGCACTGCAATCTTTTATGCGTGCAGCTAAACAATGACGGTGATCACATTCGTCAGGGATTTTAGCCGAACACATTCGCAATCGAAAATAACGGCTCAAAAATTCAACGGTATCTTTTAGAATATAACCTTTTGGGAATGGTCCAAAATAACGACACCCATCATCTTTATGAACTCGTGCTAACTGCAATTTCGGATATGGTTCGTTTAAATTAATCTTTATCATCAAAAAACGTTTATCATCACGCATCAAAACATTATAACGGGGCGAATATTGTTTTATTAAGCGCGATTCGAGAATCAACGATTCATCTTCATTCTTTACTGTTTGATATTCATAGTAAGCAATACTTTTGATTAGAGAGCGCAATTT
CP151801.1_gap64	2403899	2407366	3467	AAGCGAGGAGCATATGCCATAATTGAACTACCACCCGCCAAATAAACTTTTTTCGGAGCCGAACCGCTATGCTGTGAACGGTACACATTAATTGAACGGTTAATTTCACCGTGAAGACGCGTCATTACATTTCTAACAATTTTTGAAACGGTTGCAGCAACCTGAGAATCAGGCTCTTCATACGCTCCTCCAAGAGCAACGAAACCATGGCGACGTTTCATTTCCTCAGCTTTTTTGTACGGAACTCCAAACTCCTTAGCAATTTGTTGTGTAATTGTATGTCCAGCAATATTTATTGTTCTAATAAACAAATTTCCATGGTCTAGAAATAATAATGTTGTCGATTTTCCACCAATATTTATTAATAACTCACAGCCATCATAGCCAACATCATTGGCATAACAAGCGTTATATGAAGCGCTAGGAGAAACTTCAACACTAATAACATTTTTACCTATCCCTTCAATTGTTTCAATAATTGAGGTAATAAAATCATTTTTAACAACCACAATCATTACATCGGCTTCACCATTGCTATCTTCAGCGTTTGGATCGTTTAGCAATTGATAATCCCACGCAATCTCGTTTGCGGCATAAGGAATATTTTGTAAAGCTTCATAAGCAATGATTTGCTCAATTCTCTCAGAGGACTCCCCTCCTAGAGCTAAGTTATTTGCAAACCTTACAAACGAAGATTTCCCAGACAAAGAAACTCTCACGTTTTTTGAACTGAAATCTTTTAACTTATCTTTTAAAATTGAATTGACAACCTCAAGGTTCGGGTTGTTAGTGTCAACTGGATACTCAGAAAATGAAAACTTTTCCAAACACAATCCACCTTCAGCTGGATACAAAAACTCCGCAAACTTCAGGCTATCGCTACCAATGTCTATCGCCAATATAGATTCACTTTTCGCCATTACTGTACTTCTTCCTCTTTGATCAGGTCATATTCTTGAATATTAATAAAACTCCATGCAGATCTATTTTTAGGGTAAATTCCACCTTTAATTTTTGCTGCATCTTCATTATTATCAATTTTATTAAAAACTGCTTTTGTATTTGTTTTTTTAGCCGATTTACGCATACCTTCATTTGAAGAATACCATACTGCTAAAGATTTCCCTTCGCTATTATAGAGCGTTGCTCTTATAAAAATTGTTTTATTTAAAGCCGCTAAAACATTCTTCCCTTCATAGACAAAATAACGCTGCATAATTATAGGCGGAACAACAGCCAATGCTTTATGCACTTTTCCATCTACGGCAATTGACCAATAATTAGTACGTCCTGTCACTACTCCTAACGTAGGTTTGTTTCCAACCAATAAATATGTTAAAATTTCCCACTTTATATACGGATTATCAATAAAAGCATAAGGTTTGCTCTTTATTTTTGAAGTTTGCTTTGGCATTTTGTAAGATAGGTTTATCACCAACCATTTATTATAAGTACTAGTCACATTAAAACCATTAACTATTTTATAGTTTGGCGCTGCCGTAAACTGGACTTTCATTTCTGTTTCGGTAATTCTACTAACTGCAAAAACATTAAAACTAATACAGCATATTCCCAACAGTAAAAGTTGCTTCAAAGCTTTCATTTTTCAAGTATCCTTATTTTAGCCTTTAAAAAACATCTAAATTCTTAAAGAGAAACCTTAAACTTCTCTTTAAGAACCCTACGTAATATTAAATTTTAAATCTCTTAAAACTGCCCTTTTTCCAGTCGCAAAAATAAATTTTATTTTTGCTCTAATTTACTGTCTACTTGCTCTGTTGTAGACTTTGTCACTACTTTTTTTGTCTCTTTGTTTTTATCGATTACAACTCCACTATCAACAGTGCTTGTTGTTTCTATGTTAGATTGTGATTCTGCTAGCTTTGAACCATCATTTTTCTTTGAATTGAGTAAGGATAAAGCAAATATCAAGATAAAAAATAATGAAATAAAAATCACTGTCAATTTAGACAAATGACTAACTGCATGAGCTCCAAACACAGCCTCTCCTATTCCGCCAAATGAACCGCCAAAGCCTCCACTTTTAGAAGGTTGAACTAAAACTAGCCCGATGATCATTAATGCAATCAAAATTACCGCTGAAAACAACACTATTCCTAATACGCTCATTATATTTTATTATTCCTTATTTTTAAATCTTATCTCTAAATGTTAATCGTCTGTAAAACAAACGGAAAATACTGTATACCATATTTTTAAAAAAAACAAGTCATTTCTATGACACGATACAATATTTTCCATTTTTTTTGCAACTACACAGGTGTATAACTGCAATTTATACTATTAAGAAATAGCGTTTTTGATCAATTCTACAAATGTGTCAGCACTTAAACTTGCACCACCAATCAATCCGCCATCAATATCTTCTTGTGCAACTAACTCTGCAGAGTTACCTGCGTTCATGCTACCACCATATTGAATTCTTACTGTCTGAGCAGTTTCTACTCCAAACATATCTGTTAAAACTTTACGGCAGAATGCTTGAGTATCTTGAGCCATCTCTTTAGTAGCAGTCTTTCCAGTACCAATTGCCCATACTGGTTCGTAAGCGATTACAACGTCAGCCATATCTTCATTACTTAAACCAGCTAAACCGCCTTTTAATTGAGTTTCTAAAACAGTTTCAGTTTTATCACCCTCACGCTCCTCTAAAGTCTCACCAATACAAACAACTGCTTGCAAATTAGCAGCTAAACAAGCTTTTGTTCTACTATTAACAGTTTCATCAGTTTCACCAAAATATTGACGACGCTCACTATGACCAATAATAACAAACTGAACGCCAGCTTCTTTTAACATATCAGCAGAAATTTCACCAGTAAAAGCACCATTCTCTGCCCAGTGAATATTTTGAGATCCAATTTTGATATTTGAACCTTTTGCAGCTTCAACAGCCGCGCCAATCGAAGTGAAAGTAGGAGCGATACCAATTTCAACATCTTTTAAGCCTGCAACCAAAGGCTTTAATTCTTCAATCATAGCTTTTGCTTCAGCAGCAGTCTTGTTCATTTTCCAGTTACCTGCGATAAATACAGTTCTACTCATTTTATTTTTCTCCAAATTTAATAATAATTGTCCAGCTCTATAAACTGACAACATAATTCTATTCTCGATTATATAATAAATATTGAGCTCTCTAAAATCCCGAAAGCTCAAATTCATGCCAATTACTTGTCAGCCAAAGCAACAATACCAGGAAGTGCTTTTCCTTCTAAGAATTCTAAAGATGCACCACCACCTGTTGAAATATGACTCATTTTGCCAGCTAAACCACTAACATTAACAGCAGCAACAGAGTCCCCGCCACCGATAACACTAGTAGAATCACTATCTGCAACAGCTTGACATACAGTCATTGTGCCATTAGCAAAGTTGCTCATTTCAAAACAACCCATTGGACCATTCCAAACAACAGTTTTAGCACCTAAAACTTCTGCAGCGTAAGC
CP151801.1_gap65	2476700	2481080	4380	ATTTGTTACAGGGTCGAAACTTCCAGGATAAAGTACTGTTTTAGCTTTTTTAGTCATTTTTCTACTTTTCTTAATTTGTTTATCATTACTTGCAAACTTGAATTATACCCTCACTGCTTAACTATTTTTACCATCAGGGCAGTGTTATCATATTAAAGTATTCTACAATTATTATGATTTTTTGCAAATATTTTATCAAAAAAACGCTGATATTTGACCGTAAAAAGAAAATTTTATCAAAAACAACGGATAAATAACGGTTGTATTTTCTAACAATTGAACTATACTAAAATCTGGAGGAATTTTTATAGTGAATAAAAAATTAGTAAATGTAAATAATATTGATGCGCTAGCACATTATAATATTACCAAAATAGTGGTAGCAATCGGCGTCTTTGATGGGGTTCATCGTGGACATCAAGCACTATTAAAAAAATTACAAAAAATGGCTAAAGATCATGATGCAACTGCTGTAGTAATGACATTTTATCCTCATCCACGTGCTGTTCTCAATTCAAAAACAACTCCCAAATTAATTATTGACAATGAAGAACGCAAATTAGAATTATTATCTTCATATGGTATAAATACCGTAATAACCATACCTTTTAATAATAATTTTGCGAAACTTAGCGCGGAAGAATTTATTCAGAACTGTTTACTAAGCCATGATGTACAAATTTGCGGTCTTTGTGTTGGCAGCAAATGGCGCTTCGGAGCAAAAGGCAAGGGCACAATCACAGATTTACACGAATTTGCTGATGCAGGACATTTTGAATTTGAAGCACAGGATGAAATTTTTTATGGCGAAATCGAAATAAGCAGTTCGGAAATTCGTCGCCTCATTCCCAATGGAGAATTTCACGTGGTTGAAGAGCTTCTTGGTCGTCCTTATGAACTTAGTGGCGAAGTTGTCAAAGGCTTTCAAATAGCTTCAAGCCAGCTTGGCTTTGCAACAGCAAACATTGATGCAAAAAATAGTATAATTCCGCCAAATGGCGTTTATGCAGCACGCGCAATAATAACAACAGAATCTGGCAAAAGCAAAGCATACCCAGCAGCTGTAAATATTGGATTAGCGCCAACATTCAATTTATTGGATGGCGATACTGCACGAGTTGAAGCTCATTTATTAGACTTTGTTGAACAAGATTTATACGGGGATGATATTCGCCTAGAATTCTTAGCTTACTTACGTGAAGAACGCACTTTTGCTGACGTTCAGCAATTAAAAGAACAAATTTCACTTGATGTCAATCAAGTTAAAAATATATATCAGAAAAAATTTAAATAAGTATAGGGGTAACAATAATGTATAAAGTCAGCGATTTAACCGATAAACTTGGAGTAGCCCGCTCAACTATTAATGACTGGTTAAAAAATTATGACCAGTTTATCGATTACTCTATGCAAGGAAAAAGAAAAGTTTACTCAGAACGCACTCTTAAGGTTCTTGAAGAGATTAGTGAGTTAAGAAACTCCGGCTTATCATCGCATGAAATTTGTGAAGAACTAGAAAAGCGCCATCCTTTAAATGGCGAAGTTCACCAACAACAAGAAGTTAAAGAAAAAGCTACAAAAAACGAAGAGAGTACTTCAAAGGTAACGACTCCTGCACTATTCAACAGCGAATCACTAGCATTAATGAATCAGGAACAAACTGAACAATTAGTGGCTATTATCAATGATCGTTTACAAAGTGTTAACACTTTAAATAATAATTTAAACAACCGTCTTGATAATATTGACGAACGATTGAATGATATTGATTTGATGGATAAAGTTGAAGTTAAAAAAAGTAGCGCAGCACCGTATTTTTTCTTACTTTTATTAATTATTGGAGCAATTGGTGTATTAGCATTTTTTGCAATAAAAAAATTCGATAAATTAAACGATGAACGTGTTGCGCTAGAAAAGAAAAATTCTCAATTAAATACAAATACTGAAAATTTAAGCAACCAAGTTAGCACTTTTGATGCACAACTTAAAAAACAGGAACAAGTAAATGCGGATCATAAAGCAAAGTATGAACGTGATTTGGCAAAACAGCGCAAGGAATTTGCAGTTCAAATTGCCAGTTTAAAGGCTGAAGCCAAGCGCACAAACGATATTAGCAAAGCTTATGAAGCGCAAATTCTTGAACTAAAAAATGAATTAGCCGCCCAACAAAAAGAGTTAACAAAAAAGATTATCGAAGCAAGTAAAGCGAGCCAACAAACAGCTCAAGCAACGGAAAAAAACAATAAAATTATTGCCGAACAAAATAAAATCAATAATGATTTAACGGATAAAATTAACAGTTTAGTCGAAAAATTGGCGGAACTAAAAAACACAAAAAAAACAACTGATAATAAACAAGTTAAAGAAAACAGCACCCCCGTTAAAATAACGGCAAATACCGATAAAAAATAGACTATAAATATGAATAATAAGCCGTTAAAAATTTTAGCATTTGAACCATTTTATGGCGGTAGTCATAAACACTTTATCGACGATGTAATCAAACATAGCGAACATGATTGGAAGTTAATGACACTCCCTGAATCGCTATGGCGTTGGCGAAGCCGGACAAGTTCTATTGACTTTTTTTTTCAATTAGAAGAACTAAAAAGTCAACTAAACCCCGATAATTTTGATTTGATTTTTACGACCTCATTGATAAATGTTGCCGAATTAAAAGGTTTTTGTAGTGATCTTTTCAATAACAAAAAAACTGTTTGCTATTACCATGAAAATCAATTAGCATACCCAATCCCACAAAAAGGGAAACAACATATTGATGCGGCTTTAGTAAATATAAAAAGCGCCTTGGCAGCTGATGAATTATGGTTTAATTCTAAACACAACCTTGATTCTTTTACCGAAAAAATCAGTGCTTTTTCTACAGAAACCCCTGAGCCTTTATCGGCAAAAATTCCAGACCATATCAAAGAAAAAGCTATCGTCATGCCTCTAGGTATTAAAGCGCCACCTCAATCAGTATTAAATTTAAAAATAGGCCATAAGAAAGAAATCGAATCTCCGCTTCACTTGGTGTGGGCTGCTCGCTGGGAATATGATAAAAATTTTGCCGACTTTTTTAAGGCGTTACTTTTTTTAGAACATAAAAATGTTGATTTTCGCATTAGTGTTTTGGGAGTAAGTGAAAATTTCCGCCCTAAAGAATTTGATAAATGTTTTAAACGCTTTGAAGATAGGATATTAAATTGGGGGTTTGCGCCTAGCAAAGAGGATTATTTTAATATTTTAGCAACTGCCGACTTATTCGTTTCAACAGCCATTCATGAATTTTTTGGCATTAGCGTGGTTGAAGCAGCAATGTGTGCCACCCCTGTTTTATTACCTAACAGGCTAGCTTATGTCGAACTATTCAACCCTAAAGAAAATCCACAATTTTTCTATGATGGCACAGCACAAGACTTAGAACAAAAGCTCTATCATTTTGCGACTAATTTAATAATATCACGCCAAAAATTTATTCAAGATGGCAAACTCGCAAAAAAAATTGCAATGCAATACCAGCAGCAAAAAATTATCAAATTATATGATAAACAATTAACTAAACTTGCAAATGGAGTTTAAAAATGACCATAATTTCAACGATTGGTATGATATTTAGATCTTTCTTCTTAAGTTTAAGCTTTTTGAGCAGGTTTTGTTTGGACACAGAAGTTTATGATCCTAAAGATAAAATCTGGAAATATTACACCATTTTTTATCCATTATGCGCAATTATTATTTGCATTATGCCATTATTATTAAGTCTATTCGCTCCTTATTTGCTAAATGAAAAATATTTATCTGAAAAAGCATTATTAACTGCTCTTTTGAGCTCAATAATTTATTTATCTACATACTACTATATTACCAGAGCAATGCATTTTGATGGCTTTTGCGACGTTGCAGATTGCTTGATGGCGGTTGGAGACAAAGGAAAACGACTCTCAGCCTTAAAAGATTCAAATATTGGAGTTGGAGCTTTATGTAGTGGGGTCCTATTACTACTATTTAAATTTATTATTTTGGTTGCTATTTTTTTATCATTTAATAATGAGCTCGCTTTTGTCTTTATAGCATTTTCTGTTATAATATCTCGTAGTTTTGTAGTGCTTTTTTCAGCGACTTCAAAATCTATTTATAAAGATAATGCCAACAAAAACATCTCTTTTGCTACTTTAAATTTGCCTCAATTTAGAAATTTCTTCATAGGATTGATTTTGTTTACTATCCCATTAGCAACTTTAATTTTATTCTTTTTCCCTAAGTTTTGGGAATTATTAAAAATTTACTTTTTTTTAGCGATTTTAACTCAATTCATTTTAATGAGCATAGTCAACAATAAAGCAAAAAAGGCAATTGGGGGAGTTAATGGTGATTTCC
CP151801.1_gap66	2567358	2571988	4630	GCAAGGAGTTTCATGTTTTGATTTAGCAAAGTGTGATGAAATCTTGGTAAATGAACTTAATGTTGATACACGCAAGGCGGCAGAATTTTTTAATGATTATCTTAAAAAAGCTCAGTTAAAAACTGTTGATGTTAATGTTGTTAGCCAGAATTCTAGTGGAGTAAAAATTATTATTGATTTACGCTCAGAATTACCGATTAAAGAAGAAGGCTATGAACTTAAAATTGTAGACAATAAAATTTCGATCAAGGCAAGTAGTGCAAGTGGGTTATTTTACGCTTTACAAACAATCCGTCAATTGTTACCATCATGTGTTGAAAATAAAAAAATAGAAGTAGGAGCGTTAAAACTTCCCAATGTCGAAATCAAAGATGCACCTCGTTATCGTTGGCGTGGACTTATGTTAGATGAGTCTCGTCATTTCTTTGGCAAAGATATTGTTAAAAAGCTTTTAGACACTATGGCTTTTTATAAAATGAATCGTTTTCATTGGCATTTAACAGATACTGATGGGTGGCGTTTTGAAGTTAAAAAGTACCCTAAATTGACAACTATTGGTTCGCGTGGAGACCGCACAAATCCTAATGGCGAATTGATGTTTTACACTCAAGAAGATATTAAAGAAATTGTTAAGTATGCCCAAGAACGCCATATTATGATAATTCCTGAAGTAGATATGCCTGGGCACGCGACTGCTGCTGCAAAAGCATATCCAGAAATTAGTGGGGGAGGCTCGGAAAAATATCCTGAATTTACCTTTAATCCTGGTAAACAAGTTACCTATGATTTCCTTGAAAATGTTCTTAGAGAAACAGCTCAATTATTTCCAAGCCCATATATTCATTATGGTGGAGATGAGGTGCATTTTGCAAATAAACAATGGTTAAAAGATCCAGCTATTCTTAAATTAATGAAAGAAAAAAATCTTAAAAATCTTCATGAAGTTGAGTGGTACTTTAATCGTAAAATGTCAAAATTTATTAATGGTTTAGGGCGTAAAACTGTTGCATGGGATGAAGTTATTGCTGCAGATGTCCCTCCAAATGAAGCTGTAATGATGTGGTGGCGTCATGATAGAGTAAAGAGCTTAGATAAAAGTTTAGAAAAAGGTTATCAAGTGGTTTTATGTCCACGTCTTCCAATGTATTTTGATTTTGTTCAATCTACAACGCATAAAAGTGGACGAGTGTGGGGGAACCCTGGAATTGCTGATTTGCCTTTAGTTTATGATTTCCCGAAATTTGTTGAAAAATATCCCCTAGAGCAACGTCAACAAATTCTTGGGGTTCAAGCAAATATTTGGACGGAACAAATTCGTGAAAATGAGCGTTTGTTTTTCATGACATATCCAAGAATTGCTGGTGCTGCTGCTGCTGGTTGGACGATGCAAAAAAATAAAGATTATCAAGAATTCTTAGAAAAGCTTAAAGATAACTTCAAACGATATGATGCTTGGGGAATAAATTACTATGATGTATTTACTGATAGTGAAGAAGTTAAACACACAGAAAAAAAGTAATTTATAAGCATATTAATAAATTTAAAAGTAAAAAACAGCTCACTAACAAATGAGCTGTTTTTTATTATATTAATAGAATTATATATGCATTATTAATTATAAGTAATAGTTTGTTTTATTTTATTTTCATCATAATAATCGACAATTTTTTGGCCTTTAGTCTTTCTTGCTTGTTCTGGAACAGTTTGACCAGCAATTGAGGTTGCATCAACTTTTTTGTACCACCAGTTTTTAATGTTATTCTTGTCAATGCTCTCTGCGTGCATATCAACAGCTAGGAAGTTTGCTCTTCCAGCATGTTTTAGATATACATTACCTGCATGCCAGCTGCCTGTATCAGTTGCCTCTAATCCTCCGCAACGCCAAGTTTGTTGATCTTTATCCGCAAGCATGATTGTGCTTGAAGGGTCGCTGTAACGGTCAATTACTAGCCAACCTTGAACGGCACGGTCATAATATTGTTCACTAGGCTGAAGAAGAATTAATTTATTGTCAGGGCCGTTTGATATTCTATCATATTTTAGATCAGAAGCTGGCATTCCGTGAAAAGCTTGTTCTTTACCAGTTCTTTTCGAACATTCTAAGAATTTTGAAAATTCTTTGAAGTATCCTAAACCATCTTTTCCTGTACTAGAAAAGTCCTCTTTGTCACTTAAAACAGTTTGCCATGGGGCATAAGTATTCCCGTTTAATAAATGACCTAAGTCGTTGTTTACCATTGCTAAAATAGTACCAGTTTGCTTCTGGTTGTTCATATAGCTGACAGCGCGAGCTTTTTCTCGAGCTGCGCCAAGAGCTGGCAGAAGCATGCCTGCTAAAATAGCAATAATGGCAACTACTACTAATAGTTCAATTAATGTGAATTTTTTCATAATACAATCCTCTATCTTTGTAAAAACTTGTTAGTGATATTGTCATTATAAGGAAAAAATAGGAAATTACAAGGCATTTTTATAAAAAAACAAAAATTATCATGACAAAATATTAATAATGCTGTAAATACTTGTTTTTTAAGGAGAAGTAAATATTTTATTGATATGACAAAGTATTAATAATGGCAAAAGTAAAATTTATTTTCATTGTTTAATTGTAAAATAATTGCATGAAAAAGAATTCATGAAATAATGTCAAAACTTGCTAATTTTGTGATTGAAATTTTTATGACAAGTGTTGTGGAAAAGTTTTTAGCAAATGTTGTTGATAATGCGTTTTGCAGCGCATGCTGCTCCAAAACCATTATCAATATTTGTTACGGTAATTCCGCTGGCACAGCTACTTAGCATAGTCAAAAGGGGGGTGAATCCGCCTAAGGATGCTCCATATCCGACACTAGTTGGAACTGCGATTATTACTGCGTCTACGAGTCCACCTACAACGCTAGGTAACGCACCCTCCATTCCAGCAACTACAATTATAACTTTAGCTTTATTTAAAGAATCAATTTTGTTTAATAATCGATGTAATCCTGCAACACCAACATCATTAATTAAGGCTCCTTTAATGCCAAATGCGTGTAGTGTATTTAGTGCTTCACGAGCTACTGGAAGGTCACTAGTTCCTGCTGTCATTACAATAATTTCATTTCCGCTATAAAATTTTTCAACTTCTCCAATTGTAAAAGTCTGAGCTATTTTGTCATAATATGCGTTTGGATAATCTTTCAATAATAATTCAGCTTTAATAGCATTGACTCTGGTTGTAAGAATAATTTTTTGTCCCGAGTCCAGCATAATAGAAATAATTTCTTTAATTTGCTCTGCTGTTTTTGATTCACCATAAATGACTTCACTAAAACCGCACCTTTTATCTCTAGATAAATCAATTTCAGCATTATTTTGCTTACTATTAGTGCTCGAATTATTGTTTATAAAATTATCAAAAGAGTTATGTTTATGAAAAGCCATTGTCATTTCTCCTTAACTTTGATATTTTTTGGCTAATTTTGAAATTGCGCCAAGATTTAATTTACCACTGCCAAGTAGTGGAATTTCCTCGATTTGAATAAAATTTTCTGCTCTTGGAATCCAAAGGTTAGGAATTTTGTTCTCTCGTAAACTTTTAATGATATGTTGATGGTCAATTTTCATATCAGTAGTATAGAAAACAATAATTTTTTCTCCTTTAGCACTATCTTTTGTGCCAGTAACTACAATTTTTGCATCACTAGAATTTAATACATGATAAATTTGTTGCTCAATTGATTCATGCGGAACCATTTCTCCTGCTATTTTACTAAAACGTGAAACACGACCCGTAATTCTAATATATCCGTCTTCATTCATTTGCCCTATATCATTGGTATTGTAAAAACCATCATTAACCATGACTTCTTTGGTTAATTTTTTGTTGTTTAAATAACCTTTCATAACGGTGTCAGCTTTAACGGTTATCAAGCCGTCTGTATTTGCTGGAACTTCTTCAAGAGTTTCTGGATTAATAATCTTCACACAAATTCCAGGCATTGGAATTCCAATACTATGAGACCATCCAACCTCTTTCCCTAAATTATCAATATTTTTAGCTAAATTAATTGAAACTATTGGAGATAGCTCGGTACAGCCATAACCTTCAACAACTGTTGTAGAGTGCCGGTTTATTTCTTCAAAACGTGTGACAATTTCATCGCGTAATCGTTCTGCTCCGGTAATTGTTAACCGAAGTGATTTGATACGGTCATAATCCATTTTCCGCATGTATGACTGCATAAATGTAGGAGTGGCTGTAATTACTGTTAATTTATGATCAGTTATGTTTTTAACGATATTTTCTGCGTCAAGTGGGTTAGGGATGTAGGCAACTTTAATACCTTTTGCTAAAGGAATCCAAAAACATACGTTCATACCAAAAGAGTGAAATAAAGGTAAATTTCCGACTATGCCATCTTTGCGAGTCATATTAACTGCGGGTAAAAAAGATTTTAAATTAGCATTGAAGTTATGATGCGTTAAGCGAACTCCCTTAGGTTCAGCAGTTGAGCCGCTTGAAAAAAGAAGCACGGCATCATTGTGAATTGCAAAGTAATTTTTGATTCCAATTGCCTTAAAAAATATTTTCAACGGTAAAATATAGCCTAAAAATGTTTTCGCTAGAGCTTTTGATTTTGAAATTTTT
CP151801.1_gap67	2662442	2663594	1152	AAGAGCGAATCTTCATTGGTAAATACAGCTTTTTGCGAGGTAGCTTTTTGTTCTCCCGCTGCAATGTCGCCCTCTGAGTATAAATTACGTTTAATGACGACATCTCCAACACAAACAATTTGATCAACAGTTTTATTTTTACCATCTATTGGGAAATATGGAATTGAACTCGCTTCAGTAGAGGCTAGTTGTTGATCATCGGTTAAATAAATATCCATATTGTTACATTTTAAATCTGCCATTGCGTCGTCAATATGTACACTACCTACGAGATGAGCAATATTCTTGTTAATATTTATATCAGATGAATCACTTTTAATTATGGTTGGTTTTTTGGGAACATTTGGGTTTTGCTTTAAGAATTCCTGACGTTTTTCGTTATCATTGACATCATATTTTATAACCGAATTCCCATCAACTTTCATTCGGTTTTCATCAATATAAATAGTGATAATTTTTCCACTAATGCTGTTCTCTCTCATGCTGATAACTGGGTTATTTTCAGTCAAAGTGATAATTGATTTTGGAACGTCAAAAACTGCTTTATTTGCTTTTGCTGTCTGAGGTCCATTAGCTTTATCTTTTTCATCAAAAACTTTTTTAGTGATGATTACGTTGCCAATACAAACAATGGTTGAAACTTCCTTGCTGTTGCCTCCTAAACTAAAATTTGAAACAGCGGCAGCACTTTTTGAAGTATTTTTGGCTTTTTTCGTATCGCCATTATTATCTTCTTGAGATTTTTCAGCAGCTTTTTTCTTTTTTTCTTTAGGTTTATCTTGTAAATTGATAATCATTTTATCACATTTTAGCGTCATGTCTGGATGGTCAATAAAAACATCACCTGTTAATTTAGCAACATTATTATTAACATCAATATCCATACTATTGGATTTTATAAATGCTGATTTTTGTGTTTTGTTTTTACTTTTTGATCCTGCAAATGATTTCAGATCAAGTCCATAACTGCTTTGTGTACACAAAAAAGCTGTCGTTATAAAGACTGTTGAGGCTAAAACTATCCTATGTGCAAATTTGTTTAATTTATTTTTCATTCTCTACCTTTTTACTGTTACTTGCTGCTTTTTTTTCAGTTTGTTTTTTTTGAAACTCTTGAATTTTATCCAAGCGGATAACAATTTTAACATTACT
CP151801.1_gap68	2672828	2677230	4402	AACGTTCTGTACCTTCAATAGAAACAGGCTTAACACCAATAGAAGAAGTTTCAGGGAAACGAATTTTGCTCACACCCATCTCTTCTTGTAAGAATTTGATAACCTTTTTCACATCTTCAGTACCGCTCATCCATTCGATACCAGCATAGATATCTTCTGAGTTTTCACGGAAAATAACCATATCAGTTTTTTCTGGATGCTTAACAGGACTTGGTACTCCTTGGAAGTATTGCACTGGACGTAGGCATACATATAAATCTAAATCTTGACGTAATGTTACATTCAATGAACGAATACCTTCGCCAACAGGAGTTGTCAATGGCCCTTTAATTGCTACAAGATAATCTTCAACCGCAGTCATTGTCTCAGCTGGTAACCATGTTTCATTACCATAAGTATTTACTGCTTTTTCTCCCGCATAAATTTCCATCCAAGAGATTTTCTTTTCATTATTATAAGCTTTTGCAACTGCCGTATTTAAGATTTTTTGTGTTGCTTCAGTAATTTCTGGTCCAATACCGTCTCCTTCAATAAATGGAACGATTGGGTTGTTTGGTACAGATAATACACCATTACTGTCAACAGTAATTTTTTCACCAGTAGGTACTACAATTTTAGTCATAAATATTTCCTATTATGTTTTACTATTTTATAAATAACATTAATTATTATCATTATGTTTGTTTTATTTAGAAATAAAATTATCTTAATTTATACCATAAGAATAATAATTGCAAATTTTACAAGGCTGTATAAATGAACAACAAGGGTAAAATAAAGAAGTTAGGAGTGTTTTTGCAGAAATTAGTGGCAAAGATTTGGATAATTATAAATTTTCTATTAACAGTTGTAGTTTGGATCTTAAGTTTTATAGAACAATCTTTGCAAAAAATTGGGAAAAAGAAAAAATTGCGAAAAATTAAGGTGATTTTTAGTTTTTTCGCAAAAAAATGTCATTATTTAGAAGGTAGTATAAAGTGGAGTTGTAAAAAAATTTCTAGGAGTCAGGGTTTGCAGTGTATTTCAGTCGGAGGGGTCGTGCTTTTAGCATCATGGAGTTTGTTTAGTTCAATTAGAGCAAATTATGTTCAATATGGTGAAGCGTCATGGTATGGCGGGCAGTTTATTGGCAAAAAGACTGCTAATGGTGAAATTTACACAGGGCGTGATGATACTTGTGCCCACTTAACATGGCCCAAAAACAGCATTATAATGGTAACAAACCTTGATAATGGTAGGAGACTAAAAGTTCGTATTAATGATAGAGGTCCATATGCAAAAGGGCGAATTATTGATTTATCAGTTGCTGCTGCTGAAAAATTAGCAATGAAAGAGAAAGGCGTTGCAAATGTAAAATTAGAGATGATAAAGCGTGGTGACGATAAGTATAAAAAACCATAAAAATGGGCTAGTTTGGTTCTAAAAATACCCTAGAAAGCAACTTAGCGAAAAAGAAAAAATGCACTTTTATTTAAAAATTACGGAAATTTTCCGAAAAAATAATTGAATTATTGAAAATAAAAGCTATATTCAAAATCCGTGTTACTTAGTTATTTTATTTTAATAATGACCGTAACATGTTGAGAAAATTGAAAATAATTATAAAATAATAATATTAAATATAAACTGGAGATTGTTGAAATGGCACATAAGAAAGGTCAGTCAAGCAGTAGAAACGGAAGAGATAGTAATCCTAAATATTTAGGAGTTAAAAAATATGGTGGCGAAACTGTAGTTGCTGGTAACATCATCGTTCGTCAACGTGGTACTAAATTTCATCCTGGAAAAAATGTTGGTTGCGGTAGAGATTTCACATTATTCGCTTTAACAGATGGCGAAGTTTCTTTTGATAAGAAAAACCGCAGAGTAAGCGTTGTTCCTTGCTCATAATTTTATAGAAAAGATTATTAAATTGCTAAACTTTAGCGAATAATATTCAAACTTTATAAAGTTATTGAATGAAAAGCCCGGCCATAAATCCGGGCTTTTTCGTTATATAGGGACTGCAGTTAGATTTTTTTACAGAGAGCGTTTTCTAATTGCATGAAAGAAAAGTTAATAAATTTTGGAAATAAAAAATGTTTGTAGATAAAGCATGTATTACGGTTAAAGGCGGCGATGGCGGTAATGGTTGTAGCAGTTTTCGTCGTGAGAAATTCGTACCAAAAGGAGGTCCTGATGGTGGCGACGGAGGCCGTGGTGGCGATGTTATTTTGGAAACTAAAAGTGGTGAGCAAAGTTTAGCGTCATTGGTGTTCAACCGTCACTTCAAAGCTAAAAGTGGTCCGCATGGTAGTGGAAAAAAACAGCATGGTCGTCGTGGTGAAGATTGCCGTTTATCAGTACCTGTTGGGACAATTATTCGTGATGCTGAAACTAAAGAGTTTATTGTAGACTTAAACGAGGAAGGCATGAGTTTTGTAATTGCTGAAGGTGGTCGTGGTGGTCGTGGTAACGCACGTTTCGCTACAAGTACCAATCGTGCTCCACGTCGTTGTGAGCCTGGAATTGAAGGGCAAGAACGAATTATTGAATTAGAGTTAAAAACGATTGCAGATGTTGGCTTAGTGGGATTTCCTAATGCTGGGAAGTCAACCCTTTTAGGCGCTGTTTCAGCAGCAAAACCGAAAACAGCTCCATATCCATTTACGACGCTTCATCCAATGGTTGGAGTGGTTGAGTTTGAAGATTTTACTCGTTTAACAATTGCTGATATTCCTGGATTAATTGAAGGAGCGCATGATAATGTAGGTCTTGGTCATGAATTCTTAAAACATATCGAGCGTACAAAATTATTATGTTATGTTCTTGATATGGCTGGAGTTGATGGACGTCATCCTTGGGAAGATTTTGAAGCTTTGAAACGTGAACTTGATCTTTATATGAAAGGACTTTCAGAACGTCCAACAGTAGTGATTGCCAATAAAATGGATATTGAAATTTCTCAGGAAAATCTTGAATTATTAGAGCAAGATTATCCAAACATAACAATCATTCCGATGAGCGCTGCTAATGACAACGATTTTGAATTATTACGCAGCTCATTGCGTGAAAAATTAGCCGAAGTGCGTGCTAAAGAGGAATTAATTAGCTATAAAAGTTAGTCTTTATAGCAATTTATATAGATTATTAAAGCGTAGTTTAAAAGCTACGCTTTTTTTATATCATTTTACAGTAAAGGATGAGTAATATGATGAAACAAACGATTAAAGTTGTGCTAGGGGTAATAGGAATAATAGGTATAACATTTGGACCAATGTTGTTTCACGGAATAATAGGAGTTGTTTTTTTTCCAGAACATGGCTACGAGTATGAAAGTTCATATTTTGCAACTTTTTAATTGGCATAATTTATTTTGCAATTTGGATTTATCCTTTATCAAATATAAAATATGAATTTAAAAAAGAGCTAAAAAACGTAAGTCTTATTTTTGTTTTAAACTATTTTATTTATCTTAATCTCTATATTTTGTATCAAAATGGGCACCTAAGATGGGACCTTGCACCGATTATAATAATACCTTTCATGGTTGTAGGTTTGATTGTAGCTATAATAATTAGCTATTTTCGTTATTATAAAAATAAAAAATAATTGTTTTTTTTTAAGAAACCGTTATCTTAAAATATTCAAATATTATTTTTTAACGACAATAAATAAGAGGGTTGAATCGTTATTTAATATCATTGATGAAATAAAATAAATTTAAGGAAAAGAGACAATGACTAAATATTTTTTCAGTGGAGCTTTATTAAGTTGCATTGCTTTTGCTGCAAATGCTCAGGATGCTAAGCGTTATAACATTTTATATATTATGAGTGATGACCACTCATTTCAGACTATCAGTGCATATAACCATATTTTGGGGAAGTACGCTCAGACTAAAAACATTGATCGTATTGCTAAAGATGGAGTTCTTTTTGAGCGAGCTTATGTTGCAAATTCAATTTGTTCGCCAGCTCGTGCTACTCTTTTAACTGGACAACATAGTCATATGAATGGTAAATATACTAATCGTGGAGGCTTCGATTACAATGTTAATAAAAATACGTTACCAGAACTGTTGCAGCAAAATGGTTATCAAACAGCTATCATTGGGAAATGGCATTTAACAACTACTCCAAAAGGGTTTGACTACTCAGATGTTCTCATCGGGCAGGGATTGTATTATAACCCTGTATTTATTAAAAATGGAGGGAAAAAGCATACAGTGAAAGGCTACAATACAGATATCACTGGGGATATAGCACTGAATTGGTTTAAAGAACAACGCAAAACAGAAAAACCGTTTGCGATGTTTTTACATTTCAAAGCTGCACACCGTTCTTTTTCGCCAGCGACTCGTCATTTAAATTTATTCAACGATTGTGAAATTCCAATGCCTGAAAATTATTTTGATAATTAT
CP151801.1_gap69	2679937	2682495	2558	GATGCTTTAGGAGTTCAGAGTAACTATATTTTTCCTGTAGGAGAAAGTTTACTAAAGGAAAATACAAATGATCAACGATTAAAATGGTCAGAAAGTCGTGAGCGTGCATGGGAATCGTTCTGTCAGTTTCATAGTGATAAAATTTCACAAAGATTAACTAAAATTTCGATAAAACAGGAACCATTTTTTCACCTTCTATTAAATGGGAAAAATCAAATTACTTTGTTTACTGATAATGTTGCAAAAGTTTCGATGCCAAAGGTTAATATGGTATTTTTTGTTGAATTATCTAAAACACGCTCTGTCTTAAAAAAAGGTTGTATTGTTAAAGAAGATTTTAATTTTTCAACTGCACTTAATAACAAGTTCAATGAATATATCTATATTATGGATAGTTCCTTGGCAAAAAAATATCGCTATATTGAGGAGAGCGAACCAAGTAATAATTATGCCTTAGTTCATATCAAAAATGGTCAAATTACCTATAAAATAGCTGGGAAAAATGCAGTTGAAAAATTAAGTATTACTTTGCCTTAACGAGCCTGACAGTATGCTCTTTAGGCTCATTTTTGCTTAATGTTATTTTTTTTTGCTTGTATTCTTGGCACTCGATTGTAATAACAGGGGCTCTTGAAGCTGGGAGTCCGAGTGTAGCTTTGCCATTTGGACCGAAACGTGTTGATATATAAGGATCTTGAATTTTTTTGCCAAATACTTTTGCATTATCAAGAGGAGTAATAATAGGCTCTGTTGCAATAGAGTAGTAACGAATGGTTTTATTAGTCTCATCATCTACGACATGAATAACATATTCAATTTTATTATTTTTAGCATTATTTTTATATGTTATAAAAGCATAATAACTTGCTCCACAGACGATTATTGAAACAATTAAGCATAAACATAAAATTTTTATAAACAATGGCTTTACTGTTGGCAAATTGTCTTGCTTGAAAAAGTTTTTAATATTTTCTTTTGCTAAAAATTGCCAAATATAATAGCATAACGCAATCAAAAATAATGGGACAAAAATTGATGTCAACCGAAATGTTATGTTTTCAAATTCAACAGTTTTAAAGATTACAAAGAAGGGGTAAAATGCTATTAAAGCAGCCATATTCAAGAGAAAAATAAATTTTGTGATTGCATAGGCAGCATAGCTTTTTTTCAGTAAATAATAACCAAGCAATGGTAGCATAACTGCTGATGTGTCAATATGAACCTTGCCTCCAATTAGTATTGTAAAGATCACTGAAATTAGCGATAATGTCCCTCCGAATATAAAAAATATTGCCAGCGCATTAATAGCAAACTTTTGTTTTTTTGTTAAAACAATTTTGTCGTCCATAAATAGTTTCTCCTTTAAATATACCCTTAAAAAAAGAGCAATTTTAATTTATTAAAACTGCTCTATCAAAATCTATGTTTTATAATAAAAATTACTCATCACCGAGGAATTTATCAACAATCATGTAGTTGCAAATATAGTCATGAATGGAATCTTTTAAACCCATTGTCCCGCCATCGTACCCCAGAGATAAAAGTTTACCCATTTCGGCTTTAGTATAGTATTGATATTTATCTTTTAAATGCTCAGGCATTTCAATATATTCAATATTAATAGGTTTATCAAAAGCCTTAAAGGCGGCATCTGCTAATGCATTCCATGTTTCAGCAATTCCGCTACCAATATTAAATAAACCGCCACTATTTTGATGATTTAATAAAAATAGCACCATTTTAACTGCATCTTTAACATATAAAAAATCACGCATTTGTTCGCCATCTTTATATTCTGAGCGATATGATTTAAATAATTGTAATTTTCCACCTTCGCTAATTTGTTCATAAGCTCGGCATACCACCGAACGCATGTGCGCTTTATGGCGTTCATTTGGACCATAGACATTGGTGAATTTTAAACCAGTAATTTCAGAAAATAAACCTTTACGTTTTGCCCATAAATCGAACATATGTTTTGAATACCCATACATATTCATTGGGCGTAGATAATCTAAGTTATCTTCATCATCCACATAACCATTTGCGCCATCACCATAAGTTGCAGAACTTGACGCATAGATAAATTTAATACCTTTTTTTACGCAGTATAGTGCTAATTCTTTAGTTACTTCAAAATTATTATCTATTAAATAACTCGCATCAGTTTCAGTCGTTGCTGAGCAGGCACCCATGTGAATAATCGCTGTCACATTTTGTGGTAAATTCCCGCTTAAAAGCATTTCACGAAATACATCTTTTTCTAAATAATCAGCATATTTTAAAGCTCGTAAATTTTTCCATTTTTCACTTGAACGTAAATTATCAACTAATATTATATCATTAATCCCAGCTTGGTTTAATCCCCAAACTATACTGCTGCCGATAAGTCCAGCTGCACCTGTAACAATAATCATATCCATAAAACTCCTGTTATATTTTTATCATTATACCAATAGTAAAAACTTATGGCTTAAATGGCGTCTCACGACTTTTTACTGCATAGCTCGGGCTCGTATGCAAGTAAATTGACCCCATAAAGGAGTATTTTGATTCTT
CP151801.1_gap70	2685934	2688702	2768	TAAACTTCTAATTCTATAATTACAATTGAAATTTAACAAAGGAGCTGTTTTTAGTGTATTTGTATTTTTTAAAAAGAATATGTTTAGCCATTTTTACACTATTTGTGATACTAACGGTATCATACACATTATTAAGGCTTGCTCCGGGTGATCCGACCAAAAGCTCAATGTTGAGTGAAAACTCCTCTAGTAATCAAGGTCTTGATAGTGAAAAGGGGCTTGAAGAAACTGGTAATTATCTTGAAAAGAAGTTACACCTTGATAAACCCATATATGTGGGGTTATTTTATTGGTTTAAAGATGCGCTGCGTGGCGATTTCGGTGTTTCAGCTTCATTTGATAAGGGCGAACCTGTCAAAGATATTATTTTGCGTCGGATGTGGGTTTCTTTACGACTTAATATTTGGGCGATTTTAATAAGTTACTTTATCGCAGTGCCGTTAGGAATTTATTCGGCTGTATTTACAAAAAGCCATAGTGATAAGGTTATCACTTTGTGGTTATTCATTCTGTATTCATTACCCGTTTTTTGGGTGGCAATTTGCTTGCAGGCACTGTTATGTAAAGGCGGATTTTATGGAGTGTTCCCAATCAGCGGTCAACCAGACTTTCCAACAGAGTCGTTAAGTACGTGGGAAATTTTTTGCAAAAGTGCAATGTACTATATTTTGCCTGTGGCGTGTTTGAGTTACGGTGGGTTGGCCAGTTTATCGCGTTATGTACGAAGTGGCATGCTTGAAGTTTTACACAAAGAATATATTAGAACTGCTCGTTCAAAAGGAGTGCCAGAAAGCGTTGTGATTATGAAACATGCATTTAGGAATGCATTAATATTAATGATCACGATTTTTGCGGGATTACTGCCAGGTCTTATTGCTGGTAGCGTTATGGTTGAGTGGGTTTTTAATATTGAAGGAATGGGCTGGTTGTCAATGTCAGCATTAAGTAGTAGAGATTATCCAATTTTGATGGCATTATTTGCAATCAGTGGTATCTTAACGTTGACAGGAATTTTCATTTCTGATATGTTATATGTTTTAGCTGATCCAAGAATTTCATTTAAGGGTCGCTAAAGATAAAATAATTAGAATAATTTAATATAAAAATACGGAGTTTTAAAAGAAGTAGTATGAAAGGAAATGTAGAAAATAATGCAATGCGGGACTTAAATAATGTACCAGATAATAACGGTTTTTTTGGTGAATTTGGCGGACAGGCTGTTCCAGAAGATTTAAAGAAAATTATGGATGAAATCGCAGAAGCATATAAAAATATTTGTAAAAGTGAAGATTTCATAAATGAATTGCAAAGTTTAGCAAAGTATTATGTCGGTCGTCCAAGTCCAATTTATTTCGCTCAACGCCTCACCGAAAAATGTGGCGGAGCAAAAATTTTCATCAAACGTGAAGACTTAAATCATACTGGTGCACATAAAATTAATCACTCAATCGGTGAAGCATTATTAGCAAAATATATGAATAAAACCAAAGTTATTGCTGAAACAGGCGCTGGGCAGCATGGAGTTGCAATGGCAACTGCGTGTGCTTTAGTTGGCTTAGATTGTGAAATTCATATGGGTGAAGTTGATGTTATTAAAGAACATCCAAATGTTACTAAAATGAAAATTTTAGGGGCTAATGTTATTACCGTAACAAGTGGAACAAAAACGTTAAAAGATGCTGTAGATAGTGCTTTTGTTGAGTATTTAAAAGATCCGCAAAACTACTTTTATGCAATTGGTTCAGTGGTTGGTCCACACCCATTCCCAATGATGGTACGTGACTTTCAATCGGTTATTGGTCGTGAAGCAAAAGAACAATTTGCTGAAATGAATAATGGGGCATTGCCTGATTATGTAGTTGCATGTGTCGGAGGCGGAAGTAATGCTATTGGTATGTTCAGTGGATTTATGAATGACTTAGGTGTAAAGTTAATTGGTGTTGAGCCTGCGGGTCATGGTTTAGATACCGACCATCATGCAGCAACAATGACAAAAGGAACTAAAGGTGAAATTCATGGGTTTAAGTGCTACGTATTGCAAGATGAGCAAGGCGAGCCATTGCCTGTTCACTCTATCGCGTCTGGTCTTGATTATCCAGGGGTTGGTCCTCAACACTGTCTATTAAAAGATATTAAGCGTGCAGAGTATGTTAGTGCAACTGACAAAGAGTGTTTAGATGCATTTATTACTTTATCAAGAACAGAGGGGATTATTCCTGCACTTGAGAGTTCACATGCTATTGCTTATACAATGAAATTAGCAAAAACATTGCCAAAAGAAGCGACAATTTTAGTTAATTTAAGCGGACGTGGAGATAAAGATGCTGATTATGTTGCGAAAAAATTAAACTTGATATAAATTAATTAGGAGTGCGGAGTGTAAAATATACTATACTTCGCACCATAAATTACAAGACACATAATTTTGGAGAGAATAATGGACGAAAAAGCAGCTTCAAGAAATGACTACAAGGGTTTATATCGTGAAATTAATGGACGAGTTGCGCAGTTTTTGAATAGTTACCATAACGATGAACTATTGTTGCAAGATGCAGTCTATGAACTCAAAAAAATTAATGATTATGTGCGTGCGATTGAAAAAGAGATGCAAGGCTTGGAGTTAAAGAATTCACAAGCGAATAATTTAGATAACACAATATTTGAACAACAATTTGAGCGTTTAGAGCGTATTAGACTTGATTTAATTAAGTATAATTGCGAGGTTGAAAGTTTATTGCCATACCGTTCAAATGGATCGACATCAGCTG
CP151801.1_gap71	2696005	2699475	3470	AAGCTGAAAAAGCTGCAAAAGAAAAATTAACGAAAATTTTCGTTTTAAAGAAAATTGCTCAAGCTGAAGAAATTACAGTTACTCAAGATGAAGTTGATACACAAATTGAAATGTTAAGCCAATACTATGGTTATAAACCTAGCGATTTGCGTAAAACAATGGAAGAGAATGGCGGTATGGATGATGTACAAATTGAGATGATGATGGCTAAAGTTGCTGATTTTATCGTTGAAAATAGTGCAAACAAAGCTGAAGACGCTGAGTGATATTTTGATATAGAAAATTATAAATTAATATAATTTTGAGAATATCATACATAAAGTAGTGACTTTAACAGTTATTATTTTAAATAATTAAAAATTGTCGTGGAATTTTGTTGGGTTTATGCCATATTATAATTTCACGACAATTTATTTTTGTAAGCTAAATTTGATTTAATTGAAATTCTTTGCAGATATTGTAGAGAATAAATATATAGATAGGAGAATAGTTATGAATAATTCTGTATTAGTGCCGATGGTTATTGAGAAAACTGGAGCTGGTGAACGTGCGTGTGATATTTATTCTCGTTTGCTGAAGGACCGAATTATCATTTTAGGGACAGCTGTTGATGACCATGTAGCAAATTCAATTGTTGCTCAGATGTTATTTTTACAGTCTGATGATCCTAAAAAAGATATTGAGTTTTATATCAATAGCCCTGGTGGATCAATTACTGCAGGATTGGCAATTTATGATACGATGCAACTACTATCATGTGATGTTAAAACATATTGCATGGGGCAAGCTGCAAGTATGGGTGCGGTGCTATTATGTGCAGGAGCTAAAGGTAAACGTTATGCGTTACCAAATTCACGTATCATGATTCATCAACCATGGGGTGGAGCGCAAGGAACTGCTGCTGATATTGATATTCAAGCACAAGAAATTTTACGCATGAAAACTTCATTAAATAAAATTATTGCATCACACACTGGGCAAACTGCACGTAAGATAGCTCGTGATACTGAGCGTGATAATTTTATGTCTGCTGAAGAAGCTGTTACGTATGGTTTAATTGATGCTGTAGTTGGTAATGCGAAATAGACGTATAGTTTTGTAAAAAGGATTTTTATAATGAGTGAAAACAATAATAATAAATATGGTGCGGGGGTTTGTTCATTTTGCGGACGAAGCGCAGATGAAGTTTCTGGACAGTTAATTACCAGTCCAAATGGAGCATCAATTTGTCAGCATTGCGTAGAGATTTGTGGAGATATTTATGGACAAAACAACGCAGTTGAAGAGGAAAAACACAACGAAGCGTTGACGGCAATTGCGGAAATGGAAGTGCCAACCCCTAAGGAATTGCATGCACATTTAGATAATTATGTAATTGGTCAAGAGCATGCGAAGAAAGTTTTATCAGTGGCAGTTCACAACCATTACAAACGTTTGCAGTTTTTGCATAATCGTGAAGAGCGTCGCTCAGCGATGCTTAATGGAGAGGACGCAATTGAGCAAGATGATTTCGCTGATATTGAATTAGATAAAAGCAATGTGTTGTTTATTGGACCAACTGGTTCGGGAAAAACATTATTGGCGCAGACATTGGCTAAGTCACTGCACGTGCCATTTTGTATTTGTGATGCGACAACTGTGACTGAAGCTGGTTATGTTGGTGAAGATGTTGAAAATATTATTTTGCGCTTGGTTCAAGCTGCTAATTATGATATTGAATCGGCTCAACTTGGTATTATTTATATTGATGAAATTGATAAAGTGGCACGCCGTACTGAAAATGTTTCAGTAACACGTGATGTCTCCGGTGAAGGAGTTCAGCAGGCGTTGTTGAAAATTTTAGAAGGTACGGTTGCTAATATTCCTCCAAAAGGCGGACGTAAGCACCCTCAACAAGAATATTTACAAATTGATACTTCAAATATTTTATTTATTTGTGGTGGAGCATTTGTTGGCTTAGAAAAAATTATTAGCCGCCGTAGTGGGCAACAAGTTGTTGGTTTTGATAATATTAAGAAAAATAGTGAAGTTGCTGCCAAAAAGGATGCTGAAAGTGATGAAGTTTTAGCACAATGTCAGGCTGAAGATTTAATCAAGTTTGGCTTAATTCCTGAATTTATCGGCCGTTTACCAGTCTTTTCATTTTTAAATAAATTGCAAAAAGATGATTTGAAACGTATCCTCCTAGAGCCTAAAAATTCATTGGTTCAACAATATAAGAAATTGTTAGAAATTGATGGGGTAGAATTAGAATTTACAGAAGATGCGATTGATGAATTAGCTGAAAAAGCAGTTTCAAAAGGAACTGGAGCACGTGGACTTCGCTCAATTTTAGAACAGTTAATGCTTGAAATTATGTACACCGTTCCGTCTGATAGAGATGTTACCAAATGTACAATAAATGGCGCAGTTGTTAAAGACGAAGCTGAACCAAAGGTTGTTCGCAAAAAGTCAAAGAAAAAATAATCTTAAGAGTTAAGATATTTTTTGAAAAATATTGAAAAAAAAGCGAGTATTGAGCTACTCGCTTTTTTTTTATGTTTCTAGAGATGCACTTCTTGATGTAAAAAATATAATTATGTTTTAACAAATATTGGTAGTCGTGGACGGTGTGGCAGATTCGATTGAGGAATTTTGTTCTAACTCAAGTAATACTTTATTTACATCTTCAATAAAATTTTCAGCCATATCAAGAGTAAAACGTTCTCGGCAAACAATTCTCAAAACTGCGATATGCTCTGCTTTTGGGGGGAGGGTATAAGCTGGGACGACCCATCCGTATTCATGTAGTAGCTTAGATATTTGAAAAACATTGTATTTGTTGTCATTAAGTAAACAAACAGCAGTAACAGGTAAATAATTACAGTCGGTTAAAATTTTAAATTTGCCTGTTTCTAAAAGTTTAGCCTCAACGTAGCGTGCCACTTTAAGAATATTATTAATGATGTTATGATAGCCAGTTTTGCCAAGGCGTAAAAAATTATAGTATTGCGCAATTACTAAAGAGCTTGGTTTTGAGAAATTTAAGCTATAATTTGGCATACTGCCTCCTAAATAATTTATGTGGAAAATTAGTTCTTCTGGGATAACTTCTTTGTTTTTAAACAATACTGTTCCCATTCCGACATAAACTAAGCCAAATTTATGGTTTGAAATATTAATGGACTTAACTTGCTCCAATCTGAAATCCCATTTTAGGTCTGGAAAGGCAAATGGGGCAACAAATCCACCACTTGCCGCATCAACATGAATTGGAATATCTAAATTTTGTTCTTTTTTTAGTTTAAGCAAATACTTGTTAATACTTGTAAAATCATCAATTTGTCCTGTAAAAGTTGTTCCTAAAACTGCTCCAACGGCAATAGTGTTTTCGTCGACATAGTCAATAATGTCTTTGCCATTTATAGTGTATTTATCTTCTGTCATTGGAATAACACGCATTTCGACATCAAAATATAACGCAAATTTTT
CP151801.1_gap72	2734454	2735250	796	TTTCCTTTTCCAGTGATAAAATATATGGGGTTGATAGTGAAATTTTAACTGATAAACATGGAGCGATTCGAGATATTGATGTTAGTTATGATGGGCAAAAAGCACTATTTGCGTGGAAAAAAAGTAATCGTAAAGACGACTTTAGTATTTATGAAATTGATTTTTCTAACAACAATAAAATCACTCAGTTAACAGGTTTAGGGGCTGATAAAATTGGTGTAGCTGATTATGAAGCGCGTTACTTACCAAATGGTAAAATTATTTTTGCTTCAAGTCGTTGTGTGCAAACCGTTGATTGTTGGAAAGTAGAAGTTAGTAATTTATATACCGCAGATGCCGATGGTAAAAATATTATTCGTCTAGGCTATGATCAAGTGCATACCAATTATCCGACTGTCACAAATGAAGGAACGGTAATCTATACTCGTTGGGACTATAATGACCGTGGTCAATTATTCCCTCAACCGTTGTTTCAAATGAATCCAGATGGCACAAATCAAACTGAATTTTATGGAAATAATAGTTATTTCCCTACGGTAATTGCCCACGCGAGAATGTTACCAAATTCACATAAAGTTTTGGCAGTGTTACATGGGCATCATACTTGGCAGGCAGGTAAGATTGCAATTATCGACCGTGAGAAGGGAACTCAGGACGCAAGCGGTGTGGACTTTGTTTCGCCAATTCGTAAAGCAAAAGCAGTACGTGTTGATCGTTATGGGCAAGATGCTGATTTATTCCGTCACCCATTTCCAATTACAAATAATGAATTTATTACAGCATATTCGCCATTGTC
CP151801.1_gap73	2737603	2742229	4626	AGATTAAATTGTGATTTTATATTAGTAAAATATTGTTTTACAGTTATTGTAAACGTACTATATTTTTTTTATTTTATAGAAATCAAATTTAAAAATTAGATTGAAGGAGAAACCAATGAAAAAATTATTTGGGAAAATAATTAAGGGAATTTTAACTGTATTATTTACGCTATCACTACTTTTACTGTTTTTTTTCATTGCAAGTTATTATAAAATTTTTAGCGTTGGCTTTGATAACTTAAATGATAGGGCATGTGCATTGTTTGGAGGTATTATTTTTATTCAGTTTTTTGGGACTGCTCTTTATTTAATGAATAGTAAAAAATATAGTAAGATTTTAATGCTCATTAGTTCTGTTTGTGTGATTAGTAGTTTGTTTTTTATTTATAAAGTTGAAAAAAATAAAAAAAATTATTTGAATCAATACACTACTATTGAAAAGTATATCGCTGTTTTTGAGGGTAAAACAAAAAAAACTTCGTTCAATGTTGAAATGAATTCAACTGATTTAAGTGAAAAAATTATTGATAACTTTGCTATTGTTAATTTTAACTTTAAGCTAAATTGCCATGCAAACTCATGTTTATCAGAAGAAGACATTACAAAAATAAAAGAAAGTATTAAGGATGGAAAAGAAATAGTTCTTGACTTAGATACGCCAAGATATCCTTTAACAACTTTGAATCTACAATTAATCAGAAAGCGTGATAAGAAAATTATTGATAATCAGTTTTTTATTTTTGGTGGAGATATCAGAAGATCATTAAAAGATATTTCTTTTGAGAATATTGGCTATCAGATCGATCAAAGTGAGAATTATCAACTTAAATTAAAACTAAGCAATCCTAATGGGGATTTGAAAAACACTTTAACAATAAGTGGTTGTTATGAAGATTATTTATATGACTCACAGAATCTCATTTTATGTTTTGCATTGAATTTAATTCTTATTTCTATGCTTCTGCATTATAAAAAAACAACTGTAAACTATAAAAATATACCAAATAATGGCAATAACATTGCAAAATAAATGCATATTTATAGTTTTATATCAAAAAAAATTAACTGTAATTATTTTTAGTAATATTATACTAAAATATCGCAAAAATGCTCTAAAATATGGATTTTTTTGCGATATTTTTTAGGTAAAAATTAGCTTTATTTTTTTTATACTATTATAAAAAAGATAGATATTTTTTTATCTTTTTTTTCACCCTTACTATTGTTTTTTCATTCATCCTTTACTATAATTCTTGGCATAGAGACTTTGATAATCTCTAACTAAAAAAAAAGACAGTTTAAATAAAAGGTTGTGAAAAATGATGAAAATTAAAAAATTTACTTTGATAGAATTGCTAGTAGTAGTAGCAATTATCGCAATTTTAGCTGGAATGTTAATGCCTGCATTATCTGCGGCTCGTGAAAAAGCACGTACAACAGACTGCTTAAGCAAGAAAAAACAATGTGGTACTTATCTTGCAATGGAGCAAAGTGACTTAAACGGTAGAATTTTACATGCTGCTGCTGGAGGTAGCTCTAGTTCTGCTACATTAGACTGGGTTTTAGCTCTTGCAAATGGTCCAATGTTGAGTCATGCTACTCACTATGTACCAGGTCACACTGGTTTTGACCAAGGAATCCATGATAGCGCATTAAAAGGTTTAGGTTACATTACTGTTTATGGTAACCATAAACAAGCTGAGATTTTCCGTTGTTTAAAATCTCCTTACTTTGCTTCTCATACTCGTGGTTCTGGCGTTTATACTGAGTTTGAAGGTAAAAACCGTTACAACTCTGCTAATAGTTGGTATTCATTTGCAATGCCTGTAGGTGATGGTTTAAGTGGTGGTAACTATAACTTTGGTTTACAAGGTGGTTGGAATTCAAATTACCCAAATAGTGTACAATCTTCTTCAACATTATACACTGAAAAATACCCTGAAGCAGCTTCAACGGTATTATTAACAGAAGGTGCAAACCAAAGCAGATCATACCAACGTCCTTATAATACATTAAAACCAGGTACTTCTTCATCTGTTGGTGGCGGAAATAACTCAATTATTGATTTAATTCATAATGGTAAAGCTACAACATTATTCAGTGATTTACACGCAGAAACTACTGATAAAAATGGTTTAAAAAGCATTTGGTATAAAAAGAATAATCTAGGACATACTGATGCTAAAGAAGGTATGCGCTTTGAAGAGTACTATAATGCTCAACAAAATGCTGCAGCTCCTATTTCTTTATAATAAAATAAAAATTAATAAATAAAACTGTTTTTTTCTAAAGAGGATGAAAGTCCTCTTTAGATATTAAGTTCGCTACTATTGTGGTGAACTTTTGCTATTGCAAAATTTCCTATTTGCTTTGAAGAAGTGACTAGTCTGTAAATAAATCATTTTTTTGATGCAAATAGGTTTTTGTTGGCTATATTTTTTTGTCAAAAAAAAGCCCTCAATTAATTTGAAGGCTATAATACTATAAAAATAAAAGTTATTTATTATTTTGCAGTAATTTTTTTAAGAAAAATATCAATATTTTTGACTTCTTCTGCATTGAAATTTTTTACTACTTTACCATTTAAATCCAAAACTAATAAAGATGGTTTTGTGATATTATATTTTTCTGCAAGTTTAGCGTCATTTTTAATATTTAAACGAGTTAAGACCAAGTTCTTTTTTACATATTGTTTGAATTTATTTTTTGAGAAAATATTTTTTTCAAATTCTGGAGTCGCATGATCTTCTTTAATTGCTACATTGTTTGTTTTTTTGCTTTGATTAACGACAAATTCAACTAAGACTAAATTCTTATTTTCCTTTGCCATTTTAGTTGCAATTTCTAAATCTCTTTGCCAAAAAGCGTCATAAAAAGCATCAACTCCCGTGCTCAACTGGTCAATATAGCTATCAGTTGACTCAATCCCACCAGTATAACCATAAAGTTTTTTCTTTAAACTAGGTTCTAACATAATTCCAGTTGGCCAGCCGCTAACTTTAAAAATTTCTGATAAAGCCATATTTTGCTCTTTTAATTTATCTTCAATTTTTACGTCTCTTGGTAAATCTACAAGCATCAAGACTAAATTTTCTTTAGCATAGGCTTGAAATTTTTTAGTTGTAAAAACATCTTTAATTAAAACCATACATGCTGGACACCAATTAGAGCCAACAAATTCGATTAGTAGTGGTTTATTCTCTTTTCGAGAACGTGCAATAGCTTCATCAATATTATCAGTGAAAACTTTGTCATTAACTAATTTAACTGCAATATTGTAAATAGCATCTTTATCAATATTTTGAAACCATAGCTGACTTTTTTGGCTATTAGCCTCTTCCATTGTAACAGCTCTTTTGCTGACGTTATCTTTTTTTTCATTTTTATTTTCGGCAAATAAATTTGTTGAAGATATGATTCCTAACCCCATTAAAGTGCTTAAAAATAAATGTTTATTTTTCATTTTTAGACCTCAAAAATTAACTATTTTTGTTGTTTTTTGTCTTGGTAAAAACGTCGTGTTAATGCCTCAACATTTTTTACGCTACTTTTGGTCCACTCGTCCAAAATAATCTCTTTTTCTTTTTCCGATAAAGACCAATACTCAGTTGGAAAATTATTTCTAAGTTTTGCCACAAAGTGACTCAAGCACATTGCCGCAGTAACTGAAATATTAAAACTTGTTGTAAAACCATACATTGGTAAAGATAAATAATAATCTGCAACTTCGTGAGCGCGTTTAGAAAGACCTGTTTCTTCTGTGCCAAGCATTAGAGCAATTTTTTTATCACCTACTGGAATGTCTTCTAACGTTGTTTGTTTGTATGAATCTTTCAATGTCGTTGCTACTATTTTATATCCTTCTTGTTTTAATTTGTCAATGCATTCTTTGAAATTATCTTTGTGCTCATGATAGTGATGAATTGTCGTCCACTTTGCAGAGCCTTGTACTACTTTTTTGTTTGCCTTTTTAAAGAATCCAAATTCATCAATAAAGTGAATGTCTTGAATTCCAAAGCATTCACATGTACGAATAACCGCACTAGCGTTAGGGCGGTGGTAAATATTTTCTAAAACTACCGTTATACTTCTAGTGCGGTCTGCTATTACACTTGCAAATTTATCTTTTCGCTCAGTTGTTAAAAACTGTTGTAAATAATTATATAATTCTAAATCCATAAGTTTATTATACTACTACTTCCTTAACCACTTCAATTGCGATATCTTCAATTGTCACTAGTTGACCAGGATAAAGTTTGCGGCGTTTGCGAAGTTCAACAACTCCATCAACTGCAACCATTCCTTCTTCAACTGCAATCTTGGATTCTCCGCCAGTTCCGCAAATGCCAGTTACTTTTAATAATTTAACTAACTCAATGTAATCGCCTGTAATCGGAAACATTTCTGTACTCATAACTTTTACCTCTTAATTACCCTACCTTATATGTCGATTTTGTAACAACCTCTCAGTAATAATTCTTTAAAAAATTATAGAAAGTTACTAAAACTAAAAAATTGTTACATTAAAGTTCTATAGAATTAGTGGTCATTTTAACTTTCATATTTTACTAATCCATTAGAGCCGTATATAATATAACTCTAAAAAGATATTTCTCAAAATATTTC
CP151801.1_gap74	2744751	2748094	3343	GAATCAATATCAAATGTATCATAAACTTTAGCAATCTGTCCTAATGTTATATACGTTCCATCATTATTATTAATAATTGGAATTTTGCTATACTCTTTAGCTTCATATTTTCTGCCAACTCCACGAATACGAAAATCACCAAAATTACTGCGAATATTTCCCGCTGAAACATTAACAGCATTTGCCTTAATGATATCACGAATTTGTGAAAAATTTAAGCCATACCTTTTCAGCTGTTCTTCTGAAACTTCAATCGAAATTTCATAGTCACGCACTCCCTGAATATATGCTTGGGTAATACCATTTAGTTTTTTGATTTCAGTTTCTAGGCTACGAGTTATTTCCTTTAGTTGACGTTCTGGTAAATCTCCCCAAACAACTACGTCTAAAACATCACTACGACGTTTTACAATTTTTACAATTGGGCGATCAGCAGATGCAGGGAATGTGCTAATTGAATTAATTTCGGTTTCAATTTCATCTTTAGCTTTTTGAGTGTCATAATTATCTTCTAGTTCCAATGTGACACGCCCTGAACCTTCATATGCATATGAGTACATTGTTTTTATACCATCAGTGTCTTCAAGAGCTTCTTCAATCTTTCGGCAGATTGCTTCCTCTGTTTCAGCAGGGTCCGCGCCAGGGTATGATACAGTTACAGTTACATAATTAAAATCTATTGAAGGGAAAATTTCACGGACAATTGATGTTGAAGCGATAAAACCACTTACCAAAATGAAAACCATAATTAGATTAGCGGCAACAGGATTTTTTAAAAAAACCTCAATAATTCTTTTCATGATAAACTACCCTTTTTAAGAAAAATTTATATTGTTAGACTTCTTAATAACTTCTAGAGGTAATTTGATCATAGCTGACTTTGGCTTTAATTCTTTTTTTGCTGCTGGAATGTTTTGTACCTCACTACTGCTACTATTTTTACTTTTCTTTTTTGCCGCTTTTTGTTTTTTATTTTTTTTATTTGATTGTTTTTCTTTATTAAGCTCTGCGATGTTATCTTCTACAAAGCGATTAGGGTCGCTGATTGGTGGTACAACTCGTACTATTGAGCCATTCACAACGTTGTTTGGTAGGCGTTGAGTAACAATTTTATATCCTTCTGCGTGTTCTAACCCTTGTGAAATTACCACGGAATCATTGTCTGAAGAAATAATTGTTGTTTTTACTTCATGCCCACGATTTTCTTTATCTACTAAAAATATCGTCGAGTTGCTCTGGATTGCACTCCATGGTACGATCATTGCATTGTTTACAGAAGAACCAGAAAATGTAACTCTACAGTACATTCCTGAAACTAAAGGAACGCTTGGAGCATTTGCCGCAATTAATGATTTTGTAGGGTTGACAACTAATGTTACTGTTCCATCAGTAGAATTAAATCCTTCAATACGTACAACTTTTCCTAGCCATCGACAAACGCTAGAATCTTCGGTCCATGAAATATTTACAGGAGGTAGATCAGGAGTTGTCATCCAGTTTTCATAACTTTTAATTGCAGTTGTTGATAACCCTAAGATTCGTGCAACGTCAACAGCGTTTAAAGATACTGGAATTTCCAGTCTTGAATCATTCGCGATATCAAAAAGTTTGGTTCCAACATTAACATATTCGCCATTTTCTATATAAACATTTAAAATACGACCCGCAAAAGGAGCATAAATTTTTGAGCGTTGAATATCTAACTTTGCACGCCGTACTGTTGAGATTGCTTTTTGTTTCGACGCATCCAAACTTCTAATTTCAATTTTTGTTTTTGATATTGATGACTTTAAGTTAATCAATGCCTTTAACTGTGTAATCATACTTTTTTGAGCATTTTCCGCATCAGTTTTTGAGGAAACATTGCGTTTATATAATGCTAGGTAACGCTCATAATTTTTCTTTTCTATTTCATAAATTTTTTCAAGCTGAACTACCTCATTTTCAAGGTCTTTGACTGTTTGGCGCTTCATTGCGGTTTCTTCATCAAGACGTACAATTTCCGCCTCTAATTGCATTAGATTTTCTTTATAATCAGAGATGTCTATTTCACAGAGCAGATCGCCTTTATTGACAATTATACCACTTTTTAAATCTGCTTTTTTGGTGACAATACGTCCTTTAATTTCAGAAGATAGGCAAATTTCTTGTAACGGTCTGACAATTCCAAAACCGTCTAATGACATCATTACTGAGTTTAATTTAACGTCTCGACCTTCTAACACGCGCATTGACTGGCTTTGAGGTTTGCTACGAGGTTTTAAACTTTGTGCCTTTAGTACTGTATAAGCACTATAGCCAATGCTTAAAATAATAAGGATTGCAAAAATTCTAAAAAATGTGATACCATGACGTTTGATAAAAGTACTATTTGATACGTCTAAAGAGATCTTGTTTCCTTCCTTATCAAAATTTGCTCCATGTAAAATATTGTTAGTTACTAAAAACCATACTGCAATCGCTAAAGCAATTAATAAAATAATTAATAATAATCCAACATAGAAAAAAACTTTAGCCTCAAAAGGAAGCCCTCCAATATAATCAGCAAATGTTTGACCGTTCTTACCATTTTCACCGTTAGCGGCAAAAGTGGTTACACAAGTAAGACCAAATAAACCTATGGCACAAAATAATTTCTTAAAACTCTTTTTATTCATTATAGTAATTCCCTTTTAATAAATTTATCAATCGATTTTAGCACAGCAATTTTTTTTGCCATTGTTCTGAATAAAAAATCGAAATAAATATAATATTAAATTTTTTAATGTAAAAAGTAATATAATACCTAAAAGGGAATATGACAATTAATCATAAAGCTCAAAACTGTGTTAATTTTGCACACTGTTAATTGAGTATTTTTGCAATTATAGCACAGTTTAAAAGCTTTTTTTCAATGGAGTTATAAATTTTTGATTGTTGATTGAAAACCATATTTGTGACATTTAGCCAAATGTTCAATGACCTCTTCGGCCGAGTCAACAATTGTATAAAGTTCAACATCTTCTGGACTAATTAAGTTGCGTTTCACAAATTGATCACGCATCCAACTATCCAAAGGTTCCCAAAACTCTTTGCCAACTAAGACAATTGGAATCTTATTAATTTTTTCAGTTTGTACTAATACTACCGACTCAAAAAATTCATCCATGGTTCCAAATCCGCCTGGGTATACTACTGCGCCAATTGAATATTTTAGAAAGCAAACTTTGCGAATAAAAAAGTAACGAAAATCAATACTTTCAGTCTGATAAGGATTTGGTTCCTGCTCCATTGGCAATTTTATATTTAAGCCCGCGGAGTATCCTCCAGCCTCAAATGCTCCTTTATTTGCTGCTTCCATGAT
CP151801.1_gap75	2750071	2751166	1095	AGAAGCTCATTTATTGAAATTTTCTTAATTTGTGGTATTATATTTATTAAATATAAAAAATTTAATTAAAATTAACATAGGATTGAAGTATAGATGGCTGACATTACTTTAGAATTTGAAAAACCGATTGTTGAGTTAGAGAAGAAGTTAGAAGAGTGGAAAAACTTAAGTCAATCAAATAATATCGATGCTAGTGATGAAATTACTGCATTATCAGAAAAATTAGAACATACTAAAAAAGAGATCTATTCAAAGATGACGCCATGGCAGCGTGTGCAGTTAGCACGCCATCCTCAACGTCCATATACATTAGATTATATCAATGAAGTTTTTACAGATTTTTTGGAATTTCATGGAGACCGCCGTTACCGTGATGACGCTGCAATTGTTGGCGGGTTTGCGAAACTTGAAGGTCAGAAAGTAATGGTTGTTGGTACTCAAAAGGGACGTGATACTAAAGAAAACGTTTACCGTAACTTTGGCTGTCCACACCCAGAAGGATACCGTAAAGCATTACGTTTAATGCAGATGGCTGAAAAAGCAAATGTGCCTGTTATTACATTTATTGATACACCAGGAGCATTTCCAGGTGTTGCATCGGAAGAACGTCATATTGGTGAAGCTATTGCAGTAAACTTACGAGAAATGTTTGATCTAAAAGTTCCTGTTATTTGTGTTGTTATTGGCGAAGGTGGTAGCGGTGGAGCTTTAGGTATTGGTGTAGGTAATAAAGTGTTGATTATGGAAAACTCTTATTACTCTGTAATTACTCCAGAAGGTTGTGCTGCAATTTTATGGAATGATAGAGCATATTCAGAAAAAGCTGCTAAAGCATTGAAATTAAGTGCAACTGACCTTTTAGGATTAGGGATTGTCGACGGTGTGGTGACAGAACCATTAGGTGGAGCGCATCGTGATTATGCAAATGCTGCAAATGAAATTAAAAAGTCAGTATTGAGTAACTTAAAAGATCTACAAAAAATGTCAACAGAACAATTAGTTGAGCAACGTTACCAACGTTTCCGTGGTATTGAATTTTTTAATGATGGGTCTGAAGTTTAGAAGTTTAAATGTAAGTGAAAATTAAAAAAATGT
CP151801.1_gap76	2760526	2761071	545	GAATATTTGTTAAAAGATTTAGAGCAAGATTGTTGCACTCAAACATATAAGTATAAAAGTATTGCTGAAGTGTATGGTAAATTAGGCTTGAAAAATAAAGAGCGAGAATATTTAGCAAAACATATGTTATTAAGTGAAAAAGTATTTTAGTTTAGTAATATAACCGGAGACATAAATGAATTGGAGAACGTCGAAGTTAGAGGTTTGGTTGGTGATAGTTTTTTTTGCTATTATTTTAGGGTATGGTGCGTTTGAAGTGTGGGTTCGTAATTTTGCTGATGGGCATAAATTAATAGAAAAAGCTCATCTCGCTAAATATAAAAAGCTTGAGAATAAATATCATTTTTATTTGTGGCTTGCGGAGCGAACTAAACATGCTGATGCATTTAATGAATTAGGTTTATATTATAATGGAAAAGGTCAATTTGAAGAAGCTGCAAAATATTATCAAAAATCGGTTGAATCTGGGAATAAAAATGGTTTTCATGATGTTTATATGAATTTTCTTATGGCAAATAAAGCTGAGCGGGGGGCTAAATGGCTTA
CP151801.1_gap77	2785307	2788083	2776	AATTTCATTCTTCGTCATCTTTTTTTGTTACTTGAAAATTTATTTCTTTTTCCTTGCGATTTTTGACCGCAATTTTTCCTTTTAAAATTTGCTTAACAGTTTCTTTATCTGGGGCAAAGAGCATTTCTGCATCAACTTCTTCTTTTTTGGCAGCGTAGTAACCATTATTGGTTTTTTTCCATTGCATTGTTTTGAATTCTTCTTTTGAAATTTTCGATAGTTGCTTTGTTATACGCAAATATAAAAACTGTTGCTTTCTTACTTTAGGTGCAATATTTTTAAAGTCCAAAAAATTTGTCTTAATTAAGAAAAATTTGTTATTTTTATGATTTTTGCCCCAATATTCACGGCAGTGACGTTGAAAAAAATAGTAACGCCCTTCTTCATCCTTTTTTATTGTAATACGTGAATACCCCTTCAATGGTACTCTGACGTATAACTTTGGAGCACTAACACCTATTAACCCCCCTGTGACAACTGGCAATTGTGAGCGATGTACAACATAGTAATCATTTTGGGCATCAACTTGGATCCATGACGCAATTTCTTTTAGTGCATCCTTTTTAAATTCATGAATATCAAATTTAACAGTCCCTTTTTGATGTTTTATAGTGATGGTTGGGAATTCGAATTTTGTAACCGTGCAAATATTGTAGGTGCGATTTGTTTTTTTGCTCATTAACGTTTTAAAATCGATGATTCGACGACGTTTTCCAGTTCCTCGGCAGGCTGAGCATTTACCCATTTTTTCTTTGACTTCTTTTAATTTATTGTCTTTGGTAACTCCATAAACTTTTTGCTTTGCCTCTTCACGTCCTTTGCAATAGCGACACATCTTGTCGTTATCTTTGCTATAGTAGTAATCCATACCACGTTCTTTAGTTACCATTCCTGCAATTAAATTATTTATTATTGAAAAAAGAACTACCACTGCAAAAAAGAAAGCTTTCATAATATTTACCTAAATTTGAGAGTTCACATCTTTTTGATTATTAACTATTAAAATAATTTAAGTTATCATAAATGTTAGTGTATTGCAAATAAAAAAACCGTTCATAATTTTATGAACGGTTAAAATAGAAGTTAAAAAAAATTATGATATTGCAAATGCTTGTTCGAAATCGGTAATAATATCTATGATATCCTCAATTCCAACTGAAATTCGAATTAGATCCTCACTAATTTTTGCTTTTGCTAATTCTTCTGCTGATAACTGGCGATGACTTGTGCTTGCAGGATGCAGGACGCTACTTCTAACATCGGCAACGTGGGTAACAATTGCCGTTAATTTTAAATTATTCATCAATTGTTTACTTGCCTCAAAGCCTCCCTTAATGCCAACTGTAACAATGCCGCTGGCTCCTTTAGTTAAATATTTCTGACCTTCGCTAAGTTCGCTTTCAGCTTTTAAAAGAGGATAATTAACCCAAGCAACTTTAGGATGATTTTGTAAATATTCAGCCAAAGCTAAAGCATTTTGTGAATGTTTTTCCATCCTTAAATGCAAAGTTTCAAGTCCTAAATTAATTAAAAATGCATTCTGTGGCGATAATGCTGCACCTGTATCACGAAGCATCGCTGTTCGAGCTCTAACAATATATGCCATATTGCCGAATGCTTCAGAATAAATTAGTCCGTGATAACTTTCATCAGGTGTCGTGAATTCGTTATATTTGCCATTTGTCCAATCAAACGAACCTCCATCAACAATTACTCCACCTAAGGCACATGCATGACCATCAAAATACTTTGATGCAGAATAAACCACAATATCAGCGCCATGTTTTAATGGTTGGCATAAATAAGGTGTTAAAAACGTATTATCAACCATTAATGGTACATTATTATTATGCGCTAAGGTTGCAAATTTTTTGATATCTAAAATGTTTAAACTTGGATTGCCTAAAGTTTCACCATAAACTAATTTTGTATTTGGTTTGATAAATTTTTGCAATTCATCAATGCTTAAATCTTGAGGGACAAAGGTGACTTCAATATTCATGCTTTTAAAACGATTTTTGAATAATGAAATTGTTCCGCCATATAAATCCTCAACACTAATAATATGATCACCACTACTTACAATATTCAATATTGCTAAAGTGATTGCTGCTGTTCCGCTTGATGTTGCCAATGCTCCAACACCGCCGTCAAGCATCGCAACTTTATTCTCTAATTCAGACACAGTGGGGTTGCTGATTCTACTATAAAGGTCACCAATTTGTTCTAAATTAAAACGCGTTGCCAACTCTTCAACTGAATCATAGCGGTAAGTGGTATTTTGATAAACTGGAAATACTCGAGCTTCACCATTTTTTGGGCGATATGATCCTTGTACTAGATTTGTACTAATTTTGTAGTTGTTCTCATTCATATATTTAATAAATCCTAAATTAATAATTTTAAGTTAAATTTAATTTCATACCATTATAGTATGTTATTGAGTGTTTGTCAAATTATTTTTTTAATAAAATGTTGAATAGGGTTAATTTTATTGACGCATTATTGACATTAAGTAATTTGTGAGCTATTGTTACATGTTAGAGGTAGAAGATTAAGAGAGTTGCTCAAAAAATAATAAATAGTTTTTTTTGAATAACGTAGTTAAAAAAAAGGGTTAGAGAAGTGAAAACGTATCCAATAAATTTGTTACTAGAAGGCAAAAAGTGCATTGTTGTTGGTGGAGGTAAGGTTGCGACTAGAAAGTTACAGCGTTTGATGGAGGTCAAAGCAGTTGTGACTGTAATTTCACCAAAGCCTACTCAGGCAATCATTC
CP151801.1_gap78	2794932	2798822	3890	ATTGAACATCTTTATGGAACGACAAAGTTGCGTCAAAATAAGGTATTAAATTATAAAATTCAACAAGGGACGAATAATTTTACTAAAACAACCGCGATGACCCAAGAGGATGCAATTAAAGCCATTGAAGTTGGTATTGAAATTGTCGATAAATTGGCAGATAGCTACGATGTTTTTGGTACAGGGGAAATGGGCATTGGTAATACGACTCCTAGTTCGGCAATTATTGCTGCATTAAGTGAAGTAGATAATATTGCCGATGTTGTGGATCGTGGAGCTGGGTTGCCTATTGATAAGTTATATTTAAAGGTTTCGGCAATTGAGCGAGCACTGAAATTACATCAGCCAAATATTAAAGATCCGATTGATGTTTTAAGTAAAATTGGCGGGTTTGAAATTGGAGGCATTGCTGGAATTATTTTAGGTGCGGCGGCAAATCGCAAAGTTGTTGTGGTTGATGGCTTTATTTCTACTGCGGGGGCATTAATAGCTCAAGCTTTATGTCCAGAATGCGTTGAATATATGATTTTAGCACATGGAAGTGTTGAAAAAGGGCATAAGTACATGACTGAAAAATTAGGTAAAACACCATTGTTAGATCTAAATTTACGTTTAGGAGAGGGTAGTGGTGCTGCCTTAGCAATGAATTTAATTGATGCTGCTGAAAGAATTATGAATGATATGGCGACATTTGATAGTGCAAATGTCTGCGCTGATGGGATTGAAAAATAACATTTGAGGAATAATAAATGAATATTTGCATGGTCACTTGTGAAAAAAATGTGAATTGGGATAGCTTAGTTGAACTTTTTCGTATTGCTCCCTTAGGCAAACGAATTGCAAATGATTTAAAAAAATCGTTTACCAATAGTATGTTCAAATGCTTTCTCTACGATGGTGAACAAATTATTGCAGCGGGTCGTGCTTTAGCTGATGGAGTTGACTGTTCGTATCTTTGCGATATTGTTGTTCATCCAGATTATCAAGGAATAGGATTGGGTAAAGTGGTGGTTGAATCATTAATTGCGCAGTCACAAGGACATAATAAAATTATTCTCTTTGCAAATGTTGGTAAAGAACCATTTTATGCCAAATTAGGATTTAAAAAAATGAATACGGCAATGGCAATTTTTAAAGATGAAAAAACTGCCATTGATAAAGGGGTGATTTCTCCTTAAGAAAACTTACTCATCGACAGGAAGATAGAAAACTCCACGATTATAGGTACGAGTCGTTAATTTTTTTCCTTTAATTAAGCCGCAAAGAATTTCATCTAATTTAACATCAGTCACATCAATTGCAAAACGAAAATCAGCAACTGTGTAAGGACGGCGGCTCGTCATAGTCAAAATTTCGTTGGCAATTTCAGAGTCAGAGCCAGAAAATTTTAATTTTTTGCTGCGATATGAAAATTTACCAATAATTTCTACAGGAGCAACTTTTTCGATAACATTGATGAAACTTTTAATGGTTTCTTCGGATGCGGGACGAATCCAATCCACACAACCAGGGCGATCTAAATTGTTAAGTTGAACTTTGTGTGGTTTAATTTCAGCTATGATTTGAGCAAATTTCTCTTGTGATTGGTTGCTATCATTAACACTTGGAACAATAAACAGCTCTAACCACATCTGTGCTTTGCTGACTATTCTAAAATCTTTTATATCTTCAACTAACTGTTTTAACGTTAAATCAGAATGAGGTCGATTAATTTTTTGAAATTCTTTTTCATTTGATGCATCAAGTGACGGAATAACCACATCACATTCACGCAATAAACTTAAATTTTCTACCACGTCTTCAAGACCTAGAAGTGTTCCATTAGTCAATAGACACATTTTGTATTGAGGATAATTATCAATCACAAATTTTACCACGTCACCAATGCGACTATTTAATGTTGGTTCGCCAGCACCTGAAAAGGTGATAAAATCTAATTCTGGCGAATATTTCAACGCTTCGTCGAGTTGACTTATAACTTCATCAATTGGAACATATTCCGTTCTTGATACGGTTAAATTATTGGTTGATTTTGCTTCGCAGTAAATACAGTCAATGCTACACGTCTTAAACGGTACCAAGTCGACTCCTAACGAACTTCCTAAGCGCCGTGACGGAACTGGTCCAAAAATATATTTTTTATGATTACTCATGGTTATATTAAAACTCCTATGTAATGGCACAATGCCGTCTCTAAAAAAGTGTTTGATGAAAATTTATTTTTTTTGTTTATTTCAATAATTTTGTAAAAACAACTCATGCCATAGTTACGCAAGTATTAAAACATAATTATTTAAAAACCAAAAAACGTTAAATTTTCTTCAAAATCAATTTTTAGAAATACCCATAAAGGAAATGCCTAAATTATCTTCTGCTAAAAATGTATAAGTTAGATACAAAAAAAGCAAGTTTTTTGTTTATGATTGCTACTAAGAAAATTGTAAACGTCGAATAATTGGAGTATTTTAAGAAATAATGTAAATCAAAACAAAAAAGATCTTTATTATGACTATTAATTTAATTTTTATCTATATCGCAGCTTTTGTAAGTGCAACTGCTTTGAGTTTAATTTTAACTCCAGTAAGCATCAAAATTGCTTTAAAGACAAATTTTTTTGATAAACCTCAAGAGGGAACTCATAATCTTCATTCGCAAGCGACGCCGTTTTTAGGTGGAGTGGCGATGTTTGTCAGTTGGTTACTGACTATTTTAGTAGGATGGCTAACTTTTTGGTTGTTTAAAAATAAAATGTTTTCTGCCGAGATGTTAAAGGAATTGGTTGGCTTTAATAATCGTCATGGAGCATTAATTGCAATAATTCTTGCAGTTGGACTTATTACAATTATAGGCTTGATTGATGATAAATATAAACTCAAGGCATCGACTAAATTATTTGGGCAAATTATTGCATCTTTAATGGTGGTATTTCTTGGTGGTGTTAAGATGATTATTATTTTTAATAACCCAATTTGGGTTGGATTTACCTCAGTAATGTGGATTCTAGTGCTTATTAATGCGATAAATTTTCTCGATAACATGGATGGCCTTGCGGCTGGAATTAGTGCCATTGCATTTTTCTTTTTTGTGTTAATTAGTGCTATTAACGGTCAATTTTTAATTGCAACTTTAGCTGCGATTTGTTGTGGAGCAACGGTTGGATTTTGGTTTTTTAATCACACACCAGCGCGAATCTTTATGGGGGACAGCGGAAGTCATTTTCTTGGAATGCTTTTAGCTGTGATTAGTATGGCGACAACTTTTTACGATAGTAATTCTAATTTGCCAATTTACGTGCACTTTCTGGTGCCGTTATTTGTGTTGGGAGTGCCGTTATTTGATGCTGTTGCGGTGATGATAATTCGTTATAAATTGAAGACTCCATTTCATATTGGCGATCATAATCATCTCTCACATCGTTTTGTTCGTATGGGATTGACACGTAAGAGTGCGGTGCTAATTATTCACTTACTTACTGTGCTGCTAGGCTTAAGTTCGTTACTTATTTTGTGTGGAAAAATTGATATTGCAATTATCGCCATTGCTCAAGGATTAATGTTGTTTGCCGTTATTAGTATTCTACAATATTGTGTAATTAAGAAAAAATAAAACGCTGTAAACGCCACGAATATGCAGCCTAAAAATTAAAATTATCTTTGTAGTGTTTCTTAAAATATTCATTCCACCGTCTTGAGGCACACTCTTTTGCATAGCGGTTAAATTCTTTAGAACCTTCTGTTAAAAAATTAAGTAGATATGTTTTGCGGTAATGAAAAAATTTGATTAATTCTTTTTTATTTAGAATATCTTTCTTTGATATTAATATTCTCTATGTCATTAATGAATTTTTTATTTTTCAATTGAGATGCAATTTGTGCATAAAACTTTCATTG
CP151801.1_gap79	2827827	2829536	1709	AGTACCATCAGTATCTTTAGCCTTAGTAGCAAACTGGTTTATGAGGCCAAAGTGCATTAGAATTTTGCCTATACCAATGATAACCAATAGATTTCCCCCTATGATGTTCAATAAAAAGTACTACCTTATGGTAACATTTATCACAATTCTTACCTTGAGTACTATATTTCACATTATCTTTGCTATAATCTCTCCTAGCTGAAGCCATTATTTGAGCACAGTACTGAAGACGATCATCACTTTTCTTATATCTACACACGCTAGCATCTCTGGGCTGAGGGTTATGTTCTCTTACTGGTCCATAATAGATATCTCCATGGGTAGGACCATGCATGTCATTTAAAGCATAACTATAACAATTGTTATATCCTTGGGTTCCCTCTTCATTCCATTTATCAGTATCTGCTTTTACTAATCTTAGGAGATCAATATAAAAAAGAGGGTTGTTTTTTACAAAACCATAAAGCAAATTAAATTCATTATATTTGGTAAATTCACCAATAGGATCGTGTTTTGTCCATTTGCTATTGGTTGGGTTGTAATAACGGTAATTATAATAGCATAAATTTGTTTCATTGTCAAAATATTCACTTGAAAACTTAAATAGGTTGTTCACGCTTTCGGTATCGCTTTTCAGCTAACCGAAAGGTGAATATTTGTATTTACTTGAAATACTTCCATCAGTTAAATTTTTAGTTTATAAATTTATTTTTGTTTTTTAATTAAAAGTAAAAAAACACAAACCGTATAGAAGAAAAAAATAAGCTCCATTATTAGAGGCATATTTGATGGTTTTGTTTTATCAAAAAATACTCTACCGATAAGAGAAGTCATATAAAAACTTCCCAAAAAACTGGTATAAAAAAACATAAATGTATATAATTTTCTTTCATGTTTCCTCATTTGATCACCTTTCTCATATTTTATTTTTCCAACCCAATGGCCCTTTTTTAGGAATATTTTCATCTTTCTTTTTCTTTGGATTACCAGCATAAGGGTCTTTTTTAGAACATTTTGCAACACATTCTGATGGAGTTGATACAAATTTTTGAGGAGCTTCTTTGTCTTGATATACTTTCACCTTAGGCTCTGCATCAACCCATTTTCCGTTCTTACAATGCTGCCATATCAATACATGTCTAGTTCCTACAATATACCACTTATTTCCGCATTTATCTTCACACTGTTTAGAACAAAGCTCCTTTTCAGGATTGTAACGTGTAGCTCCCTCTTCTTCGCAGTCATCTTTAATTTTGTCTATTACAAAATAAGCACCCACCCCAGACAATATACCACTTAAGATAGCTATTAGTTGCTGTATTATAGCAGGGTTAATATATGCAGTAGTTGACTTATTTCCTATCAAATCAATCAAATTGATCACATTATTATTAACAAAACCGTATAAATTAAATCCACCGTATTCTTGGATTGGGTCTCTGCTGAGCCATTTGCCTATTGTTGGGTTGTAATAACGGTAATTGTAATAAATTAAGCCTGTTTCTTTTTCAGCATATTCAGAACTGAATTTGAATACGTTTTCAACATTCTCATCTGTTTTTGCTAATTGTCCAAATGGGCTATAATCGTATTTATTAGCGATTTCTCCTGTTGTTAAATTAATTAACTGCGTAATATTTTTATTGCCATCGGCGATGTAATTAAATACCACACCATTTTTTTCTAATGCCAATAAATTATCACCTAAC
CP151801.1_gap80	2840237	2843834	3597	CTACATTTAAAATTTTATCAGACTTAAAAGTTTTTCTTCGCTCTTCTATAAAGCGTAAGTTATATTTATTTAAATAAATATAAAAAGAAAAAGCCGATAACCAACAAAAGAATAAAGAATAAAATACTTGACTTGCCATAATTATACCTAGAACATCTATTTTACTGATTGAAGGTAAATTATAAACTTTGATAAAGTAATAAATTAATGATGAAAACAAAGCTAATAAAATCAAAGAATTAATAACTATCCAAAAAACATGTAATATTTTTAATTTCATGATTACCCTCCATTACAATATCTACAAGGAACTTCGCAGTTTTCTATAGGCTGATAAAAACAACTTCCAATATTATATGCTCCCGTTGCTGTGGCCCCAATAGCTATAGCCACACCCCACGGAGTTGGGAAAAAACCTGATACAATCCCAACTACAGTCCCAATAGCAATCGATCCAGCAGCAACTAGGCATTTTACCTTAGCGGAGTCATATTCGTCCTTACATGCTTTATTATAACATTTACCATGCCACATGATATGTTTCACCTCTTCTTTATGTTTTTTGGCTTCTTCAGTATCTAATGAAGTAAGTTTAATTTTTTGTCCAAGATAATCCCAGTGGTTTATAGGGTTATTATTTACAAAACCATAAAGCAAATTAAATTCATTGTTTTCAGTTAATTCACTTATTGGGTCTCTATTTAGCCATTTGCCTGTTGTTGGGTTGTAATAACGGTAATTGTAATAGATTAGACCTGTTTCTTTTTCAGCGTATTCGCTTGAAAATTTGAATACATTCGCCACAGTTTCGGTATTTTTTGATAACTGACCGAATGGCGAATAATCATAACGATTCGCAACCGAACCCGAACTCATATCAATCAACTGGGTGATATTTTTATTGCCGTCTGCGATATAATTAAATGCTACGCCATCTTTTTCTAATGCCAATAAATTATCACCTAACCAAACAAATCTATCACTAATTGAGCCATTATTCAACTCATCAACGGTTTTTATTAGCTTATATTTGTTATAGATAAATGATTTATGTGATTTTAGCACCCATTCGTTGTTTTCTTTTTCGAAAACTTTCTTTTCACGACGACGACCCATGTAATCGTATTTAAACTCTAACTTTTGAGTAGTGTTTAACATTTTAACTAAACGATTTTCGCAATTCCAGTAATAATTGTAATTACCATCATTCTTTAAGTTACCATTAACATCATAAACATAACTTTCTGAATTTGGAATATCTTTAACAACTGATGATTTTTTACCAGTTGAATCTTCTGCTAAAACAATCAACTTTTTACCGTCAATAACTTCAACTTTGCCCTCTAACTCAACTGCCGCACTGCCGTTTGCGTCGATATTTTCGCCGTTTGCGTCAACTTTTACTAGCGTACCATTTTGCGCTGTAACATCACCTTTAAATGGCATCGCTCCACGGTAGTTAAACTGTTGAATCTGATTTAAGTTATTATATGTACCGTTAATCTTGAAATCATTCTTTTGATAGAATGTACGGTTACCAATAGCATCATATTTATAGATGAATTTATCAGCAAAATCTAAACTACTATCAGCAGCTATTAACTCACCTTTTTCATTATAGCGGTAACTGATCTTTTCTGCAACATCATAAGCAGTACCGTTTTTAGTAATTGATGTACGACGACCTAATTTATCCAATGTATAAACAAAATCGCTAACAACGTTGCTATTTGACTTATTATTAATGCTTAACAACCTATCAGCATCATCAAAAGTATAACTACGCTCAACCGTATTTGTTCCAGAAATAGTAGTTTGTTTTGCTAGTAATTCACTATTTGTTTTATAGGTGAAATTTGTTGTCAAATTCTGACCATTAACGTTTACTGCCACTGAATTCAAACGACCCAAATCATAACTATAGTCGATACTATAATCAGTTCCAGCTGTTAACTTACTTAGCATACCGTTTGTGTACTGGTAATTAACTGTCGCACTTGCGCCACTTTCAGCAGTCAAACGAGTGCTATTTCCTTCGTAATTGAAACTTGTTAGACCTGTTGCGTCTTCGATTTGACTAACACGGTTTAATTCATCATAGTTGTAGCGAATATCATCACCTAGGCGGTTTCCTGTTAAAAATTCACCTAAATTATTGTAATGTTGCGCTGTTACTTCGTTTGTATCAACGTTTAATGATGGGTAATCAATACCACGTTGTTGACCTAAGTTATCATACCAGTAGCGAGTTGTAACTCCACGTTTATCGGTACGGCTAATCATCTTACCTTTTAGATCATATTCATAACTCAAATCAGCCGAGTCAACAGTTGAACCATCATATAGCTTCTTCACTAACTGACCATATTCGTTATAAACCCACTCAGTCACTGCGCCATTACCATCTGTCATTGAAATCATTTGATTATTGGCATTATACGTAAAGCTTAATGGGTAGGTGTTTGCACCATCTTGACCAACTAACTGCCCCAAATTATTATAGTTTCTAAACTGTTTTGTACCGTCCGCAAAAGTAATTTCCGTAATTTGGTTATTTAAATTATAGCCATACTTTGTAGTATTTCCTAACGCATCAGCTTGTGCTGTTAAACGTTTAAATTTATCGTATGAGCTTGTTTGTTTTACAGAACCGCTTTCCGTTATTTTCACACGATTTCCTGCGTCGTCATATTCATAAACAGTTTCAACGCCTGCTTTAGACACTCTTTTTATTAAAAATGGTCCTTCGCTATATTGTGATGTTGTTGAACCATCAGCATACGTTGTTACTACTTTTTGTAAATTACCTTCTTCACTATAAGCCGTTGTAGTTGTTACACCGTCACGGGTAGAACTAACTTCACGACCTCGGCTATCAAAAGAGCCTGTACTACGAACTGTATAATTTGCTGTTTGTACATTACTATTACTTGCATCAACTCGAGCTGTTGCGATTTCATTAGTTGAACCAAAACGGTAGTCATAGCTATAACGTGCAACATTACGAACTAACTCACTTACGTCATTATTAGCTGTATATGGTGCAGTTAAAGTATATAATAAGAAATCAGTTTCACTATAAATATTTTCTTGGCTCACATCTTTTGCGGTTTCAGTTGCACCAACCAATACTGGACCGATTGCCTTTAATAATTTACCATCATTGTCATATTCATTACGAACATAAACTACACCTTTAGCTGTATTTGTATATTGTTTGATTAAACTACCATCTAATTCATATTCAAATTTAGAGCTAAAATTATTTTCATTAAATGTTAACGTATTTTTATCATGCTTATAAGGTCCATATTGAGCTTTAACCATACCATTCGAATAGTAAGTCATACTGTTTACAAGCGGTTGATCATCACTAGATTTTAATGGAGTTGTACTTGCAAGAGTTGCATTAATATCATTAATTTTTGCATCAGTTTCATTTGCAAACATTGCTGTGTGAATTAAACGTTGTTGATTATCATAAAAATTACGTTTAACTGTACTATCAGGGTTAATTGCATAAATCTGATTATCATAAAGATCATAGCCATATTGAATTGTACGTCCTAATTCGTCAGTTGCTGAAATTAAACGATT
CP151801.1_gap81	2848545	2853328	4783	AGTTCCTCTTCATTAGTTAGACCATCATTATCATTATCATAAAAATCAAAAGCATTCAACTTTACAGCTAATTGATCAAGGTATATAGATGAAGAAGTATTTCCTGTGAGTTTAAATATTCTTAAATCACTATTGATAACATTAATATTTCCTTCAGAAATTTTTTCTTTATTAATGTAAAATTCATATGAGTTATCAACAGAATTAATTAATAAACTTACTCTATCCCAATCTAAATCATCAGTTAAATCATTTTTAGACGATGCAATATTTTCAAATTCGCTATTTCCTGAAACTTTAAGCTTCAAATTACTATCTGTATCAACCTCAAATTCAGCAAAGTCAAATAAATTTATTTTAATATCATTTTTAAGAGTAATATAAAAATCAATCCAAATTTCTTTTTCAGAGATACTCTTAAATGTTCTTTTAACAACACTTTTTGAATCGTTGGCTAGTATTTCAATTGATTTACCTGAGTTATAAAAATCTTTATTTTCTACAATATTGGCTTCCCCACTGCTAACAAGCCAACTATGTTGTCCATCAAGATTTGTTGTAAAAAATTCGTTAAAATCTTCAATATAAGGGAAGTTTATATCGTTATCTTTAACAAGAGGGTTCCAACCATTTTGAACTTCCCAACCATCATTCATTCCATCTTTATCAGTATCAAAATCATGAGGGTTTGTATTAAGCTCTATTTCGTCAAAATCATTTAATTTATCACCATCTAAGTCAGAGTCGATATTTGAAACTATTGGGTTTAAGTTATGACTTATTTCATCTAAATCATTCATTCCATCATTATCAACATCAGTACCGATATTAGAAACCCTTGGGTCTAATCCCAATTTGACTTCTTTTATATCAGTTAAATTATCATTATCAAGATCTGAAGATATATCATGAGCAACCAATGGGTTGAATTCTACATCTATCTCTTCCTTGTCAGTCATCGTATCGCCATCAGTATCACTATTCAAAGGATTTGTATTATGAGTATTAATTTCAACATTATCATCCAAACCATCACTATCAGAGTCCTTTTTCAATGGATTAGTATGATGAATGTTCACTTCGTCGATATCAGTTAATGTATCACCATCCAAATCAGAAGAAGATGCATTTGCAATATTAGGATTTAAGCCATTTAAAACCTCGTCGACATCCATAATTGAATCATTATCTAAATCACTATTTAAATTTGAAACAAGCGGGTTCAACCCTATTTCAATTTCTTTTTTATCGGATAGACCGTCACCATCGGTGTCAAATTTACTTGGATTAGTATTATGAATATTAACTTCGTCATTATCGGTTAATCCATCATTATCAGAGTCTATTTTTAAAGGATGAGATCCATAATTTTTAATTTCTTCAATATCAGATAAAGTATCATTATCTGAATCTTTACCAATATTAGATAGCAAAGGATTTAATCCATGTTCAAGCTCTTCTTTATCACTTAATCCATCTCCATCTGTATCAGATGAATGCCAACTTGTTTTATATATATATTGTTCAAAAGCATCTAATAAACCATCTTCATCTTTATCTAGAACAAAATGAAAATTAACTGTTTCTTTACAACCGCAGCTATAATTAATCGTTATATTTTCTGAAATATTTATATCATTTAACGAATCACTAGGAATGACTGGACTAAAAATTAAAACTTGTTTGTTTATATCAAAAGGGTGTTGAGAAAAATTACCATTCCAGCTCGGAATATTGCTTTCACATCCACCACAATAGTAACTAGATCCTGGATTAGGAGAAGAACCTAAGTATAAATCTTCTTCAGTAATATATCCTATAGCATTTTTCCCAGGCAATACACAATAAACAGTAACATAACAGATAGGGTTAAAAAAGTAATCTTGACCTGCATAATTTGATGAATTACTTTGATAATATGATAGTGGACTATAACTTGTTCCTGACGTTATATTAATTACAATGTTTTCATTAAAAGGAGTAATACTTTTTAAAAAACATGAATAAGCAGGAGGTGGCACTGGATGATCACAAGCTATTATATTTGGGTTATTATTAGTAGTAGCAAATGATTCTACGGCGGAAATTAAAATACAACTAAAAAGAAGTAATAAAATTCTAGTGTTAAACTTCATTGTTTTGTTTCCTTTTGCTAAATTTTTTATATTATTATTTTTGTTTATTTTTTAATTTTTGAATCGCATTTTGTGTCGCAACTTTATAAAGCTGATGGTCATTTTTCAGAATATTTTCCAAACCCTGAATATCATCTTTAGTGCCGATTTCGCCAATTGTCGCGATTGCTGTTAGGCGTAAAACCATATCGCCGGGATCATTAAATGCTAAATCTCGTATCGCATTAGTAACTGATTCCGAATCATTTTTCATTGATCCCACACTTTGTACCATCGCAATTCGGCTTGGAATGTGCATCGATTCATCTTCAACTAACGACACCAACTCAGTATTGATTCGCTCTTTATCGATCTCTTTTGGATACATTTTTGACAAATCGCTCAATGCTAATATTGCAGTTCCAGACACATCACACTGGGTATCTTTTAGAGAATCGAACAATGTTTCTTGAATTTGTTTACGTAGTTGAGCATCTGCTTTTGAATATTCACTACGAAGGTGCTGCACTGCATACCCTCGCAAATCTCCATCAACACTTTTATCTGCTGATAATTGACTTAAAAAATCGATGTGACTTTTATTGGCTTTTCTATCGCTTTCAAGTTTGATGAAGATTTCATCCTTAAGATGAAGACCCAATCTATCATTGCTTCCACCATAAACATAATCATGCAATCCTTGAATATTTGCCATTATTAATGGAGTTTTTAAATTTTTAACAATCTCTAATTGATGACGATATTTTTGATATTTAGTTTTACCTTCTGGTTTAAACAAACCATTCAATTCACCATAATCAAAATTTTTCTTTATAAAATTTGATGTAGATTTTGCTTTTTTAAAGTTATTATTTTGAGAGTTATTTTGTGAAGCTATTCTGCTTTTTTTAGCCTCTTTTTTTGTTGCTAATGGCCTACTATTTCCCGTTGTTTTGACAGGTTTTTTATTACTGTAAAACTGAGCAATAGCAATAATCATTACAGCAACTAAAATAACCCCAAAAAGCTTAATAATTAAAAGCTTATTATTTTTCATTACTAATATTCCTTTGTTAATATAAAAAACTCCATGCATAATGAAATAAAGCAATCACATGGAGTTATTTTAAGTTAAATTAACTATTTATTTTAATTTTTTGTTTTTAGTATAAACCTTTTCAAGTTTATCAAAATCAAGTCCAAATTTTTTCTTCAATTCATCAAAACTTCTAACCCCAACTACAAAACAATCATAACCAGTATAATTATTTACCTCCCTTAAAATACTAATATATATAAGGCCATTATCAAAAACACATACACGTATAAGGATATGGCCATTATCAATAATGTATGATGGTTTATACATTAAATTGTAAAGTTCTTTATATTTATTTTGGCTATTATATAACCTAAATAACCTAGTTCCTAATTCTGGATTATTAGGCTTTTCCTCAATAGCTTTTAATTTATCTGCAGGTATTACATTAATTTTTCCTGTCTTTATAGCCTCTCTTGCAATTGATTTTAACCCAATAGTAACATATTTCTCGCTAAAACTTTTATCAACATTAAGGTTTTTTATTCTTACAAGTCGAAAATCAAAATTCTTATCATCATCTAATTGATCAATTGATCCTATTTCAAATTCAAAGCATAAATTTCCATCTTTATCAAACTTTTTGTTTCCATTATAAGATACTATGAATCCGCCGCTAAAAATCCATGTCTTAGCTGCTTCTGTTTGATAATATGATTTAAGAGCTAAAAGTCTCCTGACTGCTGGTGAATCCTTGAATGATACTACCCCATTTAAAACGATAGAATCTTTTTTAGATTTATATATCTCTAAATAAGCTTGATAGGGAAAACAGTAAATTACACCATCTTTTTCATACCTCTTTTTAATATCCTGCCAGTAAGCTTTTAGTTTATTATAAGAGCTTTCTTTCAGTTTAAGAGCAAAATAATTAGTCATATTTTTGTAATTTTTGTCAAAAAATTCATCATTAGCAGTATTTCTTGAATAAATAGCAACTTTTCTATCTTGATTACTAAATTCGCGAATGACAATAACATCGCCATCTTCAAACAACCAGCCATAAGTTAATTGCTTTGGCGAAACAATTTCTTTTGAAGGCTTTCCTAAAAGATTTTTGATATTTTTCAGGTCATCATCAGTTAATTTATCACATTTTTCAATCAATTTAATAATTTGTTCTTTTAAAGTAACACTTGAAATTGGTCTGGGATTATCAAGATAACTACGTTCTAATCCTGCAAAAAATGCATCTATACCCTTTTTTTCTTTCTTCACGAATTCATTAGAATCATCAGCAATACTATCCCACGAAGTATCAAATTTTTCTATCTCAACGGCATAACTACTAAAAGTTGCCAAACTTAATACCAACGCACAACATATTTTATTTATTTTCATAATATTTTCTAACTCCATTTTTATTATTTAGCTATTAATTATTATTTGGATTATTAAAATCATCCATACAATTCCCCATGCTTTTACCACAAATTGTACAAAGAGTGTTATTTTGGCACGCTGGTCGCGTTTTATGCGGGCAACGTACCTCTCCGCCACTATGCTTATAATACGTAATTCTTAATGGATTGCCGCAAATACCACAAGGAGTTCTTTGTTTTTCTTTACA
CP151801.1_gap82	2984510	2988584	4074	ATATATTATTGTTTTTTAAGATTTCAAAGTATTTTGAAATTACTTTTTCGTCATTTTCATAAGGTGTATCTAAAAAAAGGTCAGGAATATAATATTCTTTAAAAAATTTTAATGCATGTTTTTCGTAAATTTTTTTCATTTTTACAAATTTTTTATTATCCGATCCATTAATATTCATTTTTACAAATTCTTTATAAATATCCTGTCTTGTCGGTGCTAGTAAATAATTTCCTAAAGATTCATCTTCAAAAATTGATCCTTTAATAACTAATTTTAATAAATCTAAATCCGATCTATTCGACATAATAACTTTTTTTTATACTTTAGTATAATTTGTGTTAAAAATTTTGCTCTTTTGAGCTTTTTGATTTATTATTAATATAGAATATAAAACTTATTGTACAAATGTATATTGATATGTTTTATTTTAAAACACTATATAGTCTAATTAGAAAAATATGAATAATATATTTTTTCTGTTAAGATGAGCTTAAAGATTACAAAAAAATAAACAGAAAAAAACTTAATTTGCTGATATATATCAAATTTAAGAGAGATGCTTAATCAGCTTGATTGGATAGTAAATTTTAATCAAATGCGAAGTATGTTCAAAGACAAATGATTTTAACTCACATTAAGCAAGTTTCTACAATTGAAAATAATGAATTTGACTTTAAAAATTCGACCAGTAATCAAGAATGGGGTGGATAACCGGATTTGAACCGGCGACCTCCTGGGCCACAACCAAGCGCTCTAACCAACTGAGCTATATCCACCATCTGAAAGATATAATTAACTGAAACTTACAACTTGTGGCTCTGACGTTGTGTTTATCAGTTTGAGCCTTTACAATACTGTCTTTTCATAAAAAAGCAAGTCGATTAAATGAAAAAAAAGAGAAAATTTAAAAATTTTTATTATTATTTTTTTATAATAAAAAAGTTATTATTTATAACATCTTCTCTACAAATAAAAAAGCCAAGCTCGCGCTTGGCAAAAACAAAAAAACATTTTGTTGATTTTTTTAAGAAGCTTATATAAACTTTAACAAAGTATTATAAAGGTGTTTTAATTCTAGTTTTGGTAACTAATATCGTGAACTTTTTTATCTTCAGTCATATATTGCGTAATTCTGACGCCATCTTTTACTTCTGAAGGTACTGTTTGTCCTGATACAGATGTAGCATTCATTTTCTTATACCACCAGCTTTTTATAGTATTTTTATCAACGCTTTCTGCATGCATATCAGTTGCTAATACATTTGCTCTGTCTTGATGACGCATAAAAAATGCACCACTATGCCAGTTACCATTATTATTATAAGATAGTGCACCTACACGCCAGTTGATATCTTCTTTATCTGCCAAAAGAATTGTGTTTGATGGTTCCACATATTTTTTTAAATATAAACGACCTCTCGTATCTCGTAGAATCCATTTTTCATCAGGAGCATTACCGATATCTTTGAATTTTACGTCAGAACCTGGCATTCCGTGCCATGTGTAACTGTTAGCATATTTAGCGCATTGTAAATATTTAGCATTTCTTTTCACATAGCCTAGTCCATCTTGCTTTGTAGATGAACCATCTTTTGGTGTTAAGTAATTTTCTCGATCACTAAAGACATCTTGCCATGGAGCATATGCTTTTCCATTTAAAAGATATTCTAGGTCACTTTCTGCCATTGCTAAACAAGTACCAGTTTGTTTCATATTATTCATGCAACTAATTGCACGAGCTTTTTCTCTAGCAGCGCCAAGTGCAGGCAATAGCATTCCAGCTAAAATTGCAATAATAGCGACTACGACTAATAGTTCGATTAGTGTGAAATTTTTTCTTTTCATAATTACTCCTAACATTTAATATATTAATTCCTACAAAATATCATCTAAAAATTGTAATGACAAATAAACTATGATTTCTTAATATTAACATTATATTGAAAAAAATAAAAAATCAATAGATAAAAATATAAAAAACATTAAAAAGTTTACATTATGTGTATTTTTAAGTAGAAGTTAATGAGATGTTATATGTTGTTTATTATTTTTTGAAGTGAGAATAGTTTTATTTTTTAAATTTGAAAGTTGTTTGAAAATAAAATTGTAATGACAAAAAGATAGGGGGAAGGGGTATACAATAATAGTAATATAAAAAAAATATATGATAATGAGGATGTAGGTTGGCTTAAGTTGTTTCGCGAGAGTGCTCTTTATCAAATTTTTCTCGATAAATAGTTGTTAGTTTATAACCATTACGAGTCTTTATGAGCCAGCCCCCTTTAGTTAAATTTAAAATCTTTTTTAATCCTGTAGCATGATTGAGATCAGCCATTGAAATAATAAAGTCTTCATCTAAAGGACTGTTAGCTTGGGTTAATGTCACTATCAATTTACTATATTGAGACATTGTGAAGAGAATTTTAAAAGCTTGATAAAAAATTCCTAAGCTATCGGCAAATAATTTTCCTGGAGTAGCGAAGAAAAAAGATAAAAAACCAATTAATACGCACATAATTTTACTTTTTCCTTTTAGCTCTTTTGCGCTAGCAAGGTTTTTTTTATAAAAAATACTTTCAATAGTGAAGGAACTAAAAATATTAATTGGAACATTTTTTGCTATTTGTGTAAACATAAAAAGTGTATTTATTATTAAAATTGGTAAAAAAATATATAATAAAGTCAAATCAATATTTATTAAGTCTTTTGATTTTGCGACAACTAGTTGTACATAATTTGCAAGAAGCAACTCGCATAAAATAAAAAGCATTAACCCTCCTAAAATGGCACAAGCACAAAAAAAATGTCCACCCGCAAGAAAAAGTTTAAATAAAAATTCTTGCAAAATAAATAAGCGAAAGTTTGCAGTTACTTTTTTTGCTGAAACTTCGCGAATTTGACTTGGATCTTGTAAACTCATATATTGCATATTTATATTCCAATTTTATTGTTTTACATTCTCTAATGTTAAAGTTATCACCATTAAGCTAGATATACAAACTTTCGCTATAATTTGTTGTTATTAGGGACAATTATATTTTAATCAAGGTTATTTTTACTGTCAAAAAATCGTTTAGTTAGATCTTTTGCATTGTCGCTATTGAGTGCATTTTGTTGCTTTGAAAGTTCCTCGTAGCTAACAGTGTCAACAATCTCTTCTTTGTGAAAAGGTTCAAATTTAGATTCTTCAATATGGAGTGAGTTGAATTCAGAAAACATGACGCTTGAGAGTTTATAACCTTTTGATGTATAAATTAGCCAGTCACAAATTTGCATGTTTACTAAAATTTTTTTACAGCGAATGTCTGTGATTTTTGTAGCTAAAGATATTTCATTGCCAGAAAAGCAACGATCTTTTTCAATAGCTAAAATTGTGATAATTTTTTGATAATCACTACTAGCAAAAATTATTTGAAATATCTGGGTGATTATGCATAGTAAATCTCCACAAAAATCACCAACAGCAGTGAATATTTTTTTTAATAAATTTGTAATAGTACTACGGGAGAATTCGTTTAAAGTTACATTGCAAAATCGCCCGTTATCACTAACAGGGATAATAATATTTACGGTCTCATCTTTTGATGATATGCCATAGCGATCAATGTATCCTCCCTGAAATCCACTACTGATGGTATATTTTTTGAAACAGATTATTGGGAAATTATTTTTAAGGCGTAAAATAAAAAATATTAAGCTTAAAATAGCATAACCAATTATACTCCAATTAAAAATTTGAGAGTTCCCTATAAATAAAAAACAAATTATCATTGAAACCACAAGAGACGGAATTAAAGTTAGTAAAAGTGGAATTACTAATAATACTCTGCTGGCAATGAATATTAATTTATAGTTTAAAAAATTTCTTTTTATATTATTTTTCAAGCTGTCATTTTCATTTAAATACATTGAATTTCCCTTCTTAAACTATAAATCATGAATATTTATGATTTATAGTTTAATCTATTTTTTCCGTAATACTAAAGAACTTTTCTGTTAACCGTTGTTGTTCATTTTCGCGCAACTTTTCACGCTCTTGTCTTTCTTTTTGTTGAGAATATTTAACTTCCTCAT
CP151801.1_gap83	2997048	3000467	3419	ACGTTTCAATCGTGGAGAATTTGTACGCAATGATGAGTGGAATTATAATATTTTACAAAGTGATGAGGCTGAACGTGGACTTGAAGCATATACTGATTTATATAGTCCAGGGTATATTGAAATAGATTTAAATATTTCTGAGGTAATTGAAGTTAAAGCAGAAGGTCGCCTAAACGAAAGTGATAGCAGTTTAACTGCTGAGTTTGCCGAAGAAGAGCGTGCTCAAAAAATCCTTGAAAAAAAATTAGCACTGGCCGATGGCAGTCTCGATGAAAGTGTTAAGAATGAGAAATCTGGAAAAATTGAAAATGACATTAATGGTATTCAAAAATTAGAATATCAAGAAGCAAAAGAACAGGTGAGAAATAGTTGTTGTAATGAAAATATACTTGAAAATGGTATGCTTCATGTTGCAAAACAAGCTATGAAAAACTTTGTTGTTAACCGTGATGGATTAAAAACTGTAATAGCTGGATATCCATGGTTTTTAGATTGGGGCAGGGACACTTTAATTTGTGCACGGGGCCTATTGAGTGCAGGCTATTACCATGATGTAACAGATATGGCGATTCAGTTTGCTAAATTTGCTGAAAATGGCACGTTACCCAATATGATTCATGGTAGCATGGCTTCGAACCGTGATACATCAGATGCGCCATTATGGTTATTTAAAGTTTGTGAAGATATTTTAGAATATGAAGAGGAGCAAGACCTGCCTGTAAAAGAACGCCTGCTAATGCAAAAAGTAGATGGTTCAAAAGGTAATAGTATGGCTCAAGTTCTTTTAGATATGATTAAAGATATCACAACTGGAACACCAAATGGAGTGCGTATGGATAGTGATAGCAGTTTGATATATAGTCCAAGTCATTTTACATGGATGGATACTAATTATCCAGCTGCAACTCCAAGAAGGGGATATCCAATTGAAATTCAAGCACTGTGGTATCGAGCACTGAAATTTGTTGCAAGTTTTGTTGAAGATTGTCAATATAGTTCAAAAGATTTGCATCATAATGATAAAAATTATTATTTACATTTAGCTGAAGATGTTAAAAAAAGTGTCTTGAAATATTACGTTCGCGAGCATGATAATTTCATTAGTGATTGTTTACATTGTGAAACTGGCTTTATGGTCGCATCACGCGCTAAAGGGGATGATCATTTACGTCCTAATCAACTTTTAGCGGTGACATTAGGGTTAATTGACTGTGTCGATGATCGAGATATTGCCGAAAAAATTGTCCTGAGCAGTTATGAGCTATTAATCCCTGGAGCAATAAGAAGTTTAGCTAAACGTTCAGTAGAAGATATGCCCCTAGAAGTTAGTTTAGATGGTTTTATTCTGAATGACAAATATAACCCATATTGCGGGAATTATCATGGTGATGAGGATACCCAGCGTAAAAAATCATACCATAACGGTACAGCATGGACATGGATGTTCCCATTGTTTAGTGAGGCATATTATATGGTCTATGGCGAGGCTGGGCGTTCGAGTGCTAAAACGATTTTATCTAGTAGTGTCGAATTGTTTAATAGCGGTTGTGTAATGCAATTACCTGAAATCGTTGATGGAGATTATCCTCACACCCAACGAGGTTGTGACGCTCAAGCATGGGGTATTACCGAATTTTATCGCGTATGGAAAATGCTCGATTGCTGTGTTAAAAAACAAGTTTACTAATTTTATATATATTTTTTGACTAATTTAAATCTCATATTATGTTAAAACTATAATAAATATGAGGTTTAAAACTATGTTGTTAAATTATTTAATTCATTTTAGGATATTTATAGCATACTTAATAATATTCAATTTACAAACACATGGCATTGCTATGATTAATTTTTTTTCTGGGTTTCATATGATGCAAACATTAATTGCTTTATTGATGATAGGTACAATAGTGATATCTTTAGTTTTATATAGTAAAAACAATAAAAAAGAAATAGCAGACAATGGTTCAAAAAATAAGCTTTTTATGCTGATTTTGGTAGTGGCTATGCAATGTTTGATAATCACTCTTTTTTGGAATCAGCTAGCCCCATTTGGTAAAGAGCACAATTGGTTAAAAAGTATTTATGCTCCATTATTTATTGCCGTTCCTGGCTATATGATGTGGTATTGGCGTGATAAACATAAAGAATCAGATATAAAACACACCAAAAAAGATTTGAATATAAAAGAACAATCAGCTGATTGGGATAATTATTTCAAATGGATTGAAATTGCCAGTGACGAAACAAAAAGTGATAATGTTAGAGCATCTGCGATACAAGCATTAGCTACTTTATATAATAAAGAGCCGTTGACAAATCAGGTTCATTTGTTTTATAAAAATTTTCTCAATCAATTTTGGAATGATTTAAAATTAAGTAATAGTATAATTATTTATTTAAAAGAGTGTGAAAAATTTTCTAATATTTATGGTCAAGTTTATCAAAAAATAGAAGAACGAATAGAAAGAGAAGACGCACTTTTAAGTTGTTTTGGCGAAAATTTTGAAAAAGAAAAAAATGAAATAAAAAATTTTTCTGACCTTCAAAAATTAATTTTTGAAGCTAAATCTTTAATTTTTTTTATAAATGATAATAAAATACCAATACATGATCATGGAAGTTATATTTCAAAAATTGCTAAAAAGTTACCGTTATACATTAAAACAATTCATGAAGTTTTATTAGACCAGTTAGAGCGAAATAAGAAATTAAATGGTTCTATTAATTTATCTTTTTCTAGAATTGAATTAAAAGATTTTTCTAAGTGTGAATTAAATAATATTAGTTTCAAGTATTCAATTTTATTTTCCAATACATTTAAAAATTGTATTTTTGATGGAACTAGTTTCAGATATTGTTATTTTAATGATATCTCTTTTGAAAATAATAATTTTAATGAAGTTGAAATAAATAAATCTTTTTGTTATTATGTTAGCATACAAAAAAATCATTATACTAACTCATTTTTTAGAAATAGTACGTTAAAATATTGTCAGTTTAAGGATAATGATGTGACTAAAATAAAATCATGGGAAAATATTCCATTATTTTTTGAGAACTGCAGTGTAATTAATAGTGAATTTATTCCGCAAAAAACAAAGAAAGAATTAAGAAAAATGGGTTTTAGAAATATTAAAGAATGTGAAGTTTAATATGCGAGCCATTTATACATTACTAAGGCATCAATATAGTCTAACAATGGATGATTGAATGCCTTTGGCAACATGCCAACCGTTTTAAAACCTAAATTTTTCCATAAATTAATAGCAACAGAGTTACTTGAAATAATAAAATTACATTGCCTTAAGGCCTAAATCTTTAGCTATCTATTGAGAATGAAGATACATCGCTTTTGCAATTCCTCTACCGTGAGCGTCAACCATATAGCCACAATTGCAAACGTAACTACCATTGCC
CP151801.1_gap84	3076212	3081040	4828	AATTATTGCGACAGGCAACGGTGACGCAACAAATCATACAGTTTTCAGTTCTAAAAAGCGTAAAGCTTTTAACGGAAAAGTGATGGTGATTATTAGAAGTAAAAAAGGAGTAAAAGGAGCAATTAAGCTAACAGCACAAAGTGAAGGCTTAAAAGGAGCAACAATTACTCTAGAAGCAAAATAATCATAATTATTAATGTGATATAAACATAAAAACGCTTTAGAATGTTAAATTTCTAAAGCGTTTTTATATTTTAAATTATCTAATTTATTTTACAGCTGGATAAATTTCTTTACCATTTTCAGAAATTAATTGCACGCTGGTGATAGCATTTTTATATTTTTCTTTTGATAAACTCCAAACAATCTCTTTGCTTTTGGGATTAATTTCAATAATTGTATCAACGTTGCGATTGATCATTTGACCCCAATTTGCGACTAAAATATTACCATTTTGTAAGACATTTATGCCAGCAACAAAGGCTAATTTGCCACCTTTGAGGTTTCTGTTATTAATTTCCCAAACTTTGTCGCCATGTTCATCTACTTTAATTATAGTTGAATCTTCTCCTCCGCCAATATAGGCAAATTGTTCACCGTTTTCAAAGCTTGGAACTACTGTGAATGGAGCATGGCGTACTTTTTTCATTGGAATTGTGATAACTTTTTCACTCTTAAAATTAGTGATATATGCAGAATGCTGCTTAAATATACCGTAATAGAGGTTATCATTATCACCTAATCGGACTTGGCGAAATGTGTAGTGCTTGCCTCCATTTAATGCATTAGGGATTTCATAAAGTTTTTTCAGTTTATCTGGTAAAGTTAGAATGCAAATCATGCTCTGTTTTTGACCACTCATTCCTAAAAGAAATTTATCTTTTGCCAATGGTTGGCAAGTTTGTATTTCAAAATTATTAGTTGTATTGTATTGCCATAGAATTTCTTTTTTGTTCTCTTTAGGAGCGCTAAAATTTACCTTAACTGCTCTAATACCTTTTTTAAAGGACATTACTACATAATTAGTTTTATTTTGGTCATCTTTAACGAACCATGAATCATTTACTTCTTGTTTTTCTTTAAATGTCCATAATTCTTTGCCATTCTCATTAATTATTGCAACGCGATTGAAATGGGAGCCTGAAACTAACATCTTTCGTTCAGCTTTCTTTTCTTTGGCGATTAATAAAGTTGTATTTGTTGCTAAGATTAAGGTAAAAAATGATTTTAAAAATTTATCCATAATTATACTCCGTCATGATTAAAAGATTGTCATAATTTAATAATATAACGAGAGATAAATTTTTATCAATTAAATTATTGTTATTTAGAAATATTTTCTATATTTATAATAAAAAGAAAGCTCAACTTAATCTATTAAGATCAAATTGAGTAGTTAATATATAATTTTTTTAAATGATAAAACTTAAACTCTATTTCTTAAGCATAATTCATTTGGATATTGGAATAGATAATACTGTTCACTTAAATCAGATAGATTATATTTACGTACATAATGCTGCAACAAAACAACTGGAACAATTAGCGGAGCATAGCCTTTTTGATATACGTCAATTTGATCAACGAGTTCGAGTTTTTCATCGTGGCTAAGCATCTGATTAAATGTGTCCATGATTTCATGCATAACACTAGCATTTTTCGTAGTTGATGTGTGAATTGACATTGTATACATTAACTTATGAAGGTATTTATCTTGAACTTCACTTAATGGCATATGGCGACCTTGATGAACAATATCATCTAACTCTAAAAATCCACCTTCACTATGGGTAATTAGTAGGTATTTATGACGACGGTGGAATAATTCAAGCCCTGCGAAAGTATTGTCATCAGCAATATAATCTTGCCATCTCTTATAAACAAAAACTTGCTCAAGAAAGTTTTCTCGTAATTTTGCATCATGTAAACGACCTTCTTCTTCAACAGGTACATATGGAAACTTTTCTGTAAAAGCCTTAGCAAAAAGTCCCATACCATTTTTTACTGGAATTCCATTATCTTGATAAATTTTAACGTTTTTAAGTCCCGAGCTTGGAGATTTGCTTTTGAAAACAAAGCCGCTTAAGTCATATTGCTCTAATTTTTTCAACTTTTGGTTTATCCAGTTTTCCATCCGGTCGGTATGGTCAATATTAGTGCGCACTGTCACCAACCTTGGTGAATTAGAATCACCTATTAAGTGCATTGCCTCACGAGGAATAGGTAACCCGCATTCAACTTCGGGACATACCCCCACCCATTGTACATGGTGACCAAGGACATTTTTGAGATAGTGATCAAGCTTATGCTGACCATCATATCGTACTTTTTCCCCCAATAGACAACTGCTAATTCCCATTTTAATTCTTTTGACCATTAGTTACACTCCATAATTTATTATTAATAAAATATTAAATTTAACTAGTTTTATAAAATAGTATATTGCTAAAAATAGCACCAATTTGCTAATTATAGTAAATACCAAATTCCAGGATTGCTTTTGGGTTAAAATGTTACTATTTGTCATTAATTTAAAAACAACACAATATCAAAAAACAATCTTTACATTTTTTTAAAAATTAAAAAAATAATCGTAAAAATTGTTTGTTACATATTTATCTAAATCACTACTTTATGAGTAGTTGTTTTGGTAATACCTCGCCAGAGAAATACCTTAAAATTTTCTACTAATGAAAATTTGTATATATTTTTAAAATAAATTTGTCCCATCTAACCAAAGCAACTTGTAAAACTAACTGCTCCTTTCAAAAATACTACACTAATAAGTATAAACGAAAATTTTAAAAAAAGCAATAGCAATTATTAAAAAATATACTAATAAATTTTTTACTGTTATGTATTGAGAATTTTTGATACAATATCTTGAGGATTTGCTAATTTTCCAGTGCCAAAATCCCCGCAAGCAACCACTCCCTTTGCTGGGTTAATAACTTTGTAGCCGTATTGAATTAAGGTATTAAGATTATTTTGTACGATAGGGTTTTCCCACATTCTTGGGTTCATAGCAGGTGCAATATAAATTTCTTTTCCGTGCATTGTTAATGCAAATGTAGAGAGCGCATCATCAGCAATGCCATGAGCAAGCTTGCCAATGATATTGGCAGTAGCGGGAGCGATAACTAATGCATCAGCACGTTCTGCTAAAGTGATATGCTCAGGTTCCCATGTTTCAACATTCCAAAGAGATGTTGTAACTTTATTTTGTGAAATTGTAAAAAAAGTTTGCGGAGTAATTAGCTTTAAGGCAGATTCTGTCATAATAACATGAACATTACAGTCATTCTTTTTTAATAAACTACAAATTTCTGCGGCTTTATATGCGGCAATAGAGCCTGTTACACCAATTACAATACATTTTTTCTTAGTCATTTAAGAAATCCTCTTTTAAACGAAGTCTTTTGCATTTACAAGCATTTAAGACATCACAAAATTGTTTAACAGCTACCTTTAGTGCATCGTTGACAATAATAAAGTCATACTCTTTCCAGTGACTCAGCTCATGTTTTGCCATGCTCAAACGCTTTGTTAGCTGTTCTTCTGTTTCAGTTTGACGGCCACGTAATCGTTGCTCTAGCGTGCTTAAACTTGGTGGTGTAATCATCACAAATTCACAGCATTTCGCTAAAAATGGATCTTTAGTGATAGCCTCTTTTATTTGCATCGCTCCTTGAACGTCAATATCTAAGAAGACATTACTACCGGCTTCAACAATATGTATAACTTCACTTTTTAATGTTCCGTAATAGTTATCAAAAACCTGTGCATATTCAATAAATTCATTGTTTTCAATACGTTGTATGAAGTTTTCTTTTTCAATAAAATGATATGCTACTCCGTTTTCTTCGCCAGGTCGCGGAGATCTTGTTGTACATGAAACAGAAAATTGTAAATCATGAAAATTTTCTTTTACTTTTTTCAAAATAGTTGATTTTCCTACTCCACTAGGTCCAGATACGATAAAAATTGTTCCTAACTTGTTACTGCTCATTTGAAATCCTTTTTATTACGCTTTAAAAGTATTGTCTGCTGCTTTAAAAGCATTGCGTGTGTCAATAATTAATTTTGCATTTTGTTGTACAAAATCATAATCAACATTGTCATGATCTGTCGATAGCAATACTAAATCAAAATCACTAACTTTTTCGATTGGAGTCGATGGAATTTGATATAATTCTGGATATGCGCGCATTTTTGGAACTGTTGGACAATATGGGTCATGATAACTAACTACAGCTCCTTTTTCTTCTAGTAGTTTCCATAATTTGAATGATGGACTTTCACGAGGGTCATCAACATTCTTTTTATACGCTAAGCCCAAAATTAAAATTTTACTATTTTTTAAAGATTTTCCTTGTTCATTAAGTTCATTCATGCAGCGATCAATAACATAATATGGCATTTTGCTATTAATTTCTCCAGCTAGCTCAATAAAACGGGTAGCACAGTCAAATTCACGCGCTTTCCAAGTTAGGTAAAATGGATCAATAGGAATACAGTGCCCCCCAAGGCCTGGGCCAGGATAAAATGGCATAAAACCAAACGGTTTTGTTTTAGCGGCATTAATAACCTCCCATACATCAATATTCATTTTTTCAAAAACAACTTTTAATTCATTTACTAATGCAATGTTAACACAACGAAATATATTTTCCATTAATTTTGTTGCTTCGGCGGCATCAACGCTTGAAACAGGAACTGTTTCGACAATAATTTGATTATATAAGGCAACCCCTGCCGCTAAAGAATCTTTATCAAGACCACCAACAACTTTAGGAATTGTTGCTGTTGAAAACTTTCCATTGTTAGG
CP151801.1_gap85	3126740	3130152	3412	TTATCATCTGTTTTATTTGCAGCCTTTTCTTCCATGTTTTCTTGCAATTTTATTTGCATATGTTTCATTTCTTCTGGATCAATATTATCTCCAAAAATTATTAAAATGGTCCAGGTTAGAAGAACCCCAATTGTGACAATATTTAATATAAGACCTGCAAGAGCTTGTCCTTTAGGCTCTTCACTTTTGGGATCTTTTGAATAAGCTACTGCCCCTAGAATTATTCCAACTGTTGCTGGGATTAATGAAAAATATCCACATATTGGAATAAAGCTAATCATAAGTGAAACAATACCAATAATTAATGATGCTACACCCATAAAATTTCTCCAAAAATTAAATTATTTTTATTTATTAAATTTTGCTTTATTATATATCTTATTTATTAGTTTACAAATACTTGGCAATTATTTTTATCAAAAAAACACTTATGCAAAACAAATTTACATAAGTGCTTGGAATATTTTTTAATTTGAGACAAATTTATTGTTCAATGACAATTGCTAAAGTTTCACCATCGGTTCCATTCGCAGTATATAACTTACCATTATTGTGAATATTAACGTGTAACTTTCTGCTTGGACGTTGACGCTTTCCGTTTGTAGAATCAACTTTAACTATAATCTTACCATGTTCTAATGTTGCAACATATTTTGTTGATAAATAATCGCCATTTTTGTATTCATAACCATTGCCATCATCTTCGTAAAGTGTTCCCTCTGCATATCCATTTTGGTTCAGCACAACACTTAAAGTTAATTCTTCTAAAATGTTATCCATTGTACTTTGTTGTAGTTTTCCTACTGGAATAATTGAACCGTAACGCTGTTTCAATGTTGGCTGGTAGCCGTCATTTTCTTCAGCTTTGCCCATAATGTTGATTTTTTGCCAAAACCCCTTTAATGCTGGTGGATTTTTATCCCAAACTGGAATAACAAGTAAATTTTTACCAATTAAAAAACTTTCTTGTTCAGTCCTTAACTTTTTATTAGTAATTTCTGCAAAGAAAACTGGACGAATTACGGGCAGTCCATTGGTTGAAGCTTCACGCATTAAAGTGTAGAAATATGGTAGCAATCGATAACGGCGATTAATAGCTGTACGAACTACATTTTCTGTTTTTTCTCCATATATCCAAGGTTCTTTATGTTCTTTTTGTGTTGAATGACCACGAGAAAATGGATATAATGCTCCTACAGCCCACCAATGAGCAGCTGACTTAGAATTCATTTTACCTGCAAAGCCTGGAATGTCTGGTCCAACAAAAGGCTGACCTGATAATCCCATTGTAATCAACATTGGAGTTGCAAGTTCACGGTGAGCCTTTGAGGTTGAATTATCACCTGTCCAAGTAGCTGCGTAGCGTTGTCCGCCTAAGAAATTTGCTCTTGTTAACACGAATGGGCGCTTGTTTGGGTATGCCTTTTGTAGACCTGCTTTACTAGATTTTGCCATTAACATACCATAAACATTGTGATATTTTGTATGTGGACCCGCTGGAAGTTTTCCTCCACCGCGATGTTTATTTGTGATAGGCATCGATTTATCAGGTCCATTAAAAACAGCGGGTTCATTCATATCGTTCCAAACTGCATCAAATCCATATTGTAACATAAAACTACTTAATTGATCACGCCACCATATTCGTGCTTTGGGCATTGTAAAGTCTGGAAACACACATTTCCCTGGCCAAACCTTTCCTACATAGTCGTTGTCATCTTTATCTTTTATCCATATATTTTTCTTTGTACCATCTTTATATACATCAAAATTTTTATTTTTTGCTAAACCTGGGTCAATCATGTTAATAACATGAAATTTTTGTTCATGAAGATCTGAGACCATTTTTTTCATATTTGGAAAATATTTTTTACTAACAGTGAATACCTTAAATTTATCCATATAATCAATGTCTAACCAAATAACATCGCATGGAATTTTTTTTACTCTGAAAGTGTTTGCAATCTCACGAACTCGTTTTTCAGGATAATATGACCAACGGCATTGTTGATAACCTAAGCTCCACATTGGTGGTAAATCCATCGTTCCAGTTAGCGACGCAAGTGTTTTAACTACATCTTGAGGCGTTTTTTCTTCAATAACATAGACACTGTAATCTTCTGGTGTTGTAGCCGTGAAGTTAATTATTCCAGGTTGTGTTAAATCTAACTTTGCGTGGTATGTCGTATCAAAAATAATCCCAAATGAAGTACCATCTTTTCTGACTCCCATTATCCAAGGGTGTGATTGGTAAAGACGTTGACCTTTATCTCTTATGTACCAGCAGTTATCAGTATTCCAAAGGGTAATTGTTGTTCCATTACGACGTAAATCACCTACTACTTCTCCTCCGCCGTAAAGATCAATGCTTTTATCTATATTGAAGATGACCTGTTTTTTGTCTTCGTCGGTAATGAATTTTGGTTTTAATTTCCACTTTTTAGGCAATTTTGCAATTGATTTAGGAATGCCATCGAATGTTAAAGAATAAGTTAAATCACTTTCGTTCATTGTGTCTGGCATCATTCTGGCAACATTGCTTCTAATGAGGTTATTTCCATCTTTATTAATTTTTGATAACCGATTACTTCCTAATAAAGAATTTCCAAAGGTTAACCCAATTAAAAGTAATGGACTAATTAAAATATTTTTTTTTGTTTTCATTATTAACTTCCGGAATTTTAGTTGATTTTTGTTAAGAAATTGAACCTTAAGTAGTTAAATTTAACATTGAAATTTATAAAATAAAGGAAATATTATAAACTTTCACTGAAATATTTTTTTCACTAAAAGTTTAAAAAAAATTAATTGGTAGTATGTTAAAAGTAACGTTAAAAGCAAAAAATAATTGTTGAGCATAATATTATGGCAAAAGTTACATTGAATAATGTTTCAAAAGTTTATGAAAATGGTTTTGAAGCAGTTAAAAATATTAATTTAGAAATTTATAATAAAGAATTTATGGTTTTAGTTGGTCCTTCAGGTTGTGGAAAGTCGACAACATTGAGGATGATTGCGGGGCTAGAAGAGGCAAACAATGGAGAGATTAAAATTGGTGAAAAAGTTGTCAATAATGTGTTGCCTAAAGACCGTGATATTGCGTTTGTATTTCAAAATTATGCGTTATATCCACATATGACAGTTTTTGAAAATATGGCATTTGGTTTAAAGTTGCGTAAAGTAAAAAAGGCCGAAATTAAAGAACGAGTAGAGGCGACTGCAGCAGTGTTGGGTTTAAGTGAAGTTTTAAATCGTCGTCCAAAACAATTGTCGGGAGGACAGCGTCAGCGTGTTGCGGTAGGTCGAGCAATTGTTCGAGATCCAAAAGTATTTTTATTTGATGAACCATTATCAAATTTAGATGCAAAAATGCGCGTGCAGATGCGTGCTGAAATTAGTAAATTACATAGTT
CP151801.1_gap86	3131192	3133712	2520	TTTTGGGGAAGTTTTTACTATTTTTGGTAATTTCAAAACTGCAACAGTAATTTTAGCAATTCCTTTGACAATAATTTTTATTTTGTTTTACTATCTTGATAAGTTCTAATCAACAGGTTTACATGGTTGCGTTCTATTTAGGTCATTAAAAAAATGTTGTAAAGGCGGCGTAATAACTCCAATTTTAAGAGAATACCATTAAATAGTGAAATGATTGTTGTTAAAGAATCGCAAGTAAAATTTTTTTTTCATAAAATGAGGATTTTTATGATTTTATATTTAATAACAGCAACGCTGTCTTCATTTTTTATTGTGATTTTATGGACGATTGAATTTTTTATTTACTTAAAGGATAAAAAAAAATGCAGAATTTTAAAATTAAGAATGTTTTAGTATTATTGATTGTCGCAATCACTGGGGTTTTAACGCTGTATTTTTATGGGCGAAGTTTATGGTATCCTGTTTATGCAAAAATTAAAGGTCGTGAAACAGTCAGTAGTGTGGTTGTCAAGTATGAAACTGCGGTTAAGCAACGCTTACGCAAAGTTTTTGAACGAGCGAAATTAGTGGCTGAATATCCAGAAAACTTAACATTTTTGGTATTCAAAAAAGAGCGCAAACTTGAAGTTTGGACTAATGTTGAAAATAAAATTATTTTCCTAAAAAGTTACTCAATGACAGCATTTTCTGGTAAGCTTGGCCCTAAATTAAAAGAAGGTGACTGTCAAATTCCTGAGGGAATTTATAAAATTATTTTCCTAAATCCAAATAGTAGTTATCACCTCTCAATGCGAGTGAATTATCCAAATAGTTTTGATAAAAAAATGGCAAATCTTGAACAACGTACAGATTTGGGCTCTGACATTATGATTCATGGCAAAGATGCTACTATTGGTTGCATTCCGGTAGGCGATGAAGCTATTGAGGAGCTTTTTATCATGGCGGCAAAAGCAAAAATTCATAACATTACCTTGTTGATTTTTCCTCAAGATTTTAGAACCGATGAAAAAATTACTCCAAATGACCGTCAATGGGTCAATGGATTATATTTACGGCTTAAAAATAAGTTGAAAGAATATAAGCATTAATTTTTATAGATTTTTAGGAAGGATTTAAAAAAATTACCCAATTAGGCTAAAATTTTAAACTAATAATTAAAGAATTATGATCAGAGCCAATGTTTGAACCTATTTTGCGATCTATAATTTGTATATCATTTGATATTAAACAATGATCAATTGGAATTCTTAACAAAAATAATTTAGCTGGCCAACTTGTTTGTAGACCAAAGCCACATTGTGAATTAGTCAAATTGCCATCTTTCAGAAGCTTTTTAAAGTAATATGAAAATGGTGAGATATTTAAATCACCTAAAATAATTGTAGACTGACTTGAATCTATTTTTTTTGCTAAGTAGGCAAGCATTTCATTTCTTTCTTTGCTGAGGTTAGCTCCAATTGGAGGCAATGTATGAACGCCGAAAATAGAAATATTTTTACCATTTATCAAATATTCTGCTCTGATATAAGGAATTTTTCTTGAACCATAATATAGCAAATTAGCTGAAGTCATTTTGAATTTTGAAAACATTGCTATCCCAAAATTATCTTCTTGAGGATAGGTAATTTTAAATGGATATTTTTTCTCAAGTTGTTTTAAAGCTAATAAACAGCTTGAATTTACCTCTTCTAGCAAAACAATGTCAGGATTATTCGCCAAAATATAATTTTCGATCTGATTGTAATTATTATTTGCCGTATTGATATTAAAATGCATTAATTTAATAATTTTTTTTGCAGAATTATCACTTGCAGAGCTTGGAGGAGCAACATATAATGGAAAAATTTCTAAAAAATTTATCAGCAAAGTGAAACATGTTAAAATGGTAAATATAATTAATGCTTTTGAGTTTTTCTTTTTTCTTTTTCTTAAAAAAAATGCTACTATAAGAATAGTTAAAAAACATAAAGTTAGTATAAAATATTGCATTTTAAAATGTGCGAACAAGTCAAGAAACCAATGGTATTTTCCAAAGTAGCCAATCAAAGAGCTAAGTAAGGTAATTACCAATGCTACATAAATAAATATCATAAAATTAATTTTATGCGTGATTATTTTTTTTAGTAAACTCATATTTATCTCCAAAAATTACCTTAATTTTTATATGTATCTTTATATATAATATCAAGTGGTACAATGACCTTTTTACTCTTATTATAAAGCACTTCAAATTCATTTTCACGTAATTTGTCAATTATTTCAGGGGAGACATTAGCTTTGTATTTATTAAAGTTTTGTGAATCAATTGCAATTTTTATTTCATAAAAACAGCTATGCCTTGTTTTGTACCTCTTTGCATATATTAATTTTGCAGTTTTTAATGTTCCTTCTTTAAATAGTTGCACTTTTTTCATTTTTGTATATAATTCAATTATCGAAAAAACAACAAACAGTAAGAACGTAAAAGTTATTTTTTGATATTTTTTACAAACTTCAATGAAATCTGTTTTTTCAGCTGGT
CP151801.1_gap87	3136083	3138561	2478	ATTTACCGTTAAAAGAACACCAGTTGGTGCTAATTTATGATCATTAACCACCACTTGAGTCTCTTCTAAAACTACTAAAAAATCACTTGATCCAGTTGGCACCATTGGGCTGAAAACTTCAGCACCATAACGAACTTCACTACAAACAGAACCACCACGTTGGCTCATTCCGTGAACTTCGCTTTTCTTTACGTCTAAACCAGCTAAAAAAGCTGCGTCGGCAAGAATATCGCTCACTTTTAAGACACCTTGCCCACCAAGACCAGCAAATGTAACGTTTACAACTTTGTTATCCATAATAAATTATTCTTCCTATATTAAGCGTTTTTTTCAGCCATTTTCTTATCTTTAGCTAAAGCTAAAATACAAGGGCGACGTACTACAATTACTGATAAGTCGTTTGAAGCCAAACGTTTTTCAATTAATGCTTTTAAGCCATCTTTATCTTTTAATGGATCAACAACATCGCAATGATCAACGCCTAACCCTTTTACGCTGTCTTCGATTTTTATTTTATTTGCAGTAGTATAATCTAGCTTACGACCTGTGCCAGGGTGTTCTTGAAGTCCTGTCATTGCTGTTGTTGCATTGTCAAGAATAATTACCAAGTGACCTGTTTCAGGACGATTGTAAACCATTTCAGTAATACCATTTAAGCCAGTGTGCATGAATGTACTATCACCAATCACACTCACAACACGACGTGCATCACTTTCAGGTAAAGAAGCACGCATACCAAGCCCCATTCCAATACTCGCTCCCATGCAAACAACAGCGTCAATCGCTTGAAATGGTGGTAGTACTCCTAATGTGTAGCAACCAATATCTCCAGAGACAATACAATCTAAATCACGAAGGATTTCATATGAGATACGGTGTGGGCAACCAACGCAAAGTTGAGGAGGTTTTCCTGGTTTTGGTGGTTCTTCTGGAGTTGTGTCTTTTGCTAAAATACGTTTTACACGATTAACGTCTAACTCTCCGAAACGATACATCTCATCCTTGCCCTCAACGTTAATATTATTAACTTTGCAAGCTTCATATAGATGTGGATCGCCTTCTTCAACAACTACGCAACGCTTTACGCTTTCAGCAAATTTGCGCATTTTTTCGATCGGTAATGGGTATGTTAAACCAATTTTTAAGATATTTGCTTCCGGAGCAGCATCACGACAATGTACATAGCTGATACCTGAGCAGATAATACCTAGTTCATCATTAGCGCCTTTGATGATTTTGTTGAAATCACTTTCTTCATTAATTGCTTGAATGTCTGCTAAACGTTGGCGCATTTTACGATGTGCCATACGCGCGTAAGCAGGAATCATTACACGATTTTTAATATCTTTAATGAACTCTTTGACTGGTTCAGTTGAAACCTTTTCAGCACGTTCAACAATACACTTTGAGTGGCAAATACGAGTTGTAACACGTAAAATAACTAATGTATTAAATTTTTCTGCTAACTCAATAGCTTTGATTGTAAAATCATATGCTTCTTGAGAATCTGATGGTTCTAAAACTGGTACGCCAGCAGCAACAGCATGACGACGAGTATCTTGTTCATTCTGGCTAGAAGCCATGCCTGGATCATCAGCAACTACGCAAACTAATCCGCCTGGAGTTCCAGAGTATGCTACAGTGTATAATGGATCAGCAGCCACGTTTAAACCAACGTGCTTCATTGTTGAAATAACGCGGCTTTTGCAGAATGCAGCGCCAATAGCAACTTCTAATGCTACCTTTTCATTTGGAGCCCATTGAGCACGACCACCAAATTCAGCAAAATTTTCTAAAATTTCTGTCGACGGCGTCCCAGGATACCCTACACCTAGAGAAACACCTGCATCTTTTGCGGCAATAGCTACCGCTTCATTACCGCTTAAAAATAACCTTTTGTCCATAAAAATTTACTTCCTTTCTTTATCTAAATATACTTGACTTATATTAAATTAATTTATTATTTTAGTCGCCACGTTCAACATCAACAACTTCATTAACTGCATCATTGTATTGTTGGTCATGATCGATAATATTTTTATCAATTCCTTCAAAGCATAAATTAATATGCTCAGAACTTGGTTTTTTCGATAATAAACTAACGATTACCAAAACTAATATTGACAATGGCAATGAGAAAATAATTGGATCAATTACTGGCCATGGTTGAGCTGTGATTAAAACATCTTTGCCAAATAATAATTTACAAATTCCTAAAATTTTAGCCTCTTTACCATGCAAAAATGTTAAGCAAAATGTGCTAACTGCTAAACCAGCAAAAATGCTTGCATAAACACCTTGTTTGGTTGCTCTTTTCCAAAATACTGCTGCCGTATAGCTTGGTAAAAACGTACCAGCGCAAATTCCAAAGAAAATTGCCGTTCCACGTGCTACAATGCCATCTTCAGGTAAACTTAATGCTAAAATTGTGCTTAAAATAATACCAACAACAATACCAGTTTTTGTAGCAATTATGCT
CP151801.1_gap88	3216409	3220207	3798	TAGTAAACTCTTTCTTCTCATATTTTTCTCCGTTCATTAATTTGATGCCTATTTTTTAGGAATCATTTTTAAAACTTTTTACCTTTAAAATAAAATAATTTTTATTAAAAAAAATGCAAGCGCTTAAAATTATCAATTTTAATCAATTAATTACTAAAAATTATCATTAATGTAATAAATAGGAAAAATTACTAAAAATTTTTGAAAATATTACGTTAAGGAGTTTAATTAAGAGTATAGCTAATTAATAGTTCTCTAAAATTGACAAATTGTTTAGTATCTGTTAAAATGATAAAACAATTTTAGAGTTTATAAAAATAGTGGTAAAGTCTGTTGTAATGATGGTAAATTTTTGAAATTTTAATAAATATGAATTTTTAATAATAAGATTCATATAATGTTCTGGAGAAAAATATGGAAAACAGTAGTGAAAATAATCTTTCTTATATGAAGTGTAAAGTTTGTGGTGAAGTGATCGAAGGTATGGTTGCCCCAGAAATTTGTGTAGTTTGCGGTTCTGGAGCTGAAGCTTTTGAAAAATATACCCCTCATGAAGAGCACATTATCCTTAATAATATTGAGTTAGAAGTGGTTATTATTGGTGCTGGTATTGCCGCTGTAAGTGCTGCAAAAGCAATTAGAGAGCGCAATAAATTGGCAAAAATTGATCTTTATACTAATGAAAGTGAATATCCATATAACCGCCCGCTTTTGACGAAAGGTTTAGGTCGCGATATTACCAAAATGAAATATTTTGTCGAAGATAAAGATTTTTACATTGAAAATGAGATAAATATCCATTTTAATTGTTTAGTTAATGAAATTAATCCTGATGAAAAAAATGTTGTAATTAGCCAAAATTCCGATAGCAATAATCCAAATATTATCGTTGATAACCGCAATACAGAAGTTGTTTCATACGATAAACTTTTAATTGCCACTGGAGCGGAAGCTTTTGTTCCGCCATTTCAAGGTTGTCAATTACCAGAAGTATGTGTTTTGAGAAGAAAAATAGACTTAGATCATTTATATAGTGTTTTGCAATCCGGGGCAAATGACAGCAAAAACGTTGTTATTATTGGAGGTGGACTATTAGGGCTTGAAACTGCTTCAGCACTTGACCGCATGGGGCACTCTGTAACAGTTATTGAAGCATGTCCATCAATTTTACCTCGTCAATTAGATGCTGATGGTGCACCAATTCTATTAGCAAGCATTGCAGAAAATAGTAATGTTACTGTGAAGTATGGCGTGTTTGTTGAAAAAATTCTTGGAGAAGAATGTGTTGAGGCTGTACAAACTAAAGATGGTGAAATTATTGACTGCAATTGTGTGTTAATCTCTGCTGGAAATACTGCAAATAATCAGTTGGCAAAAGATGCGAATTTATTAACTTCGCGAGCTATTAACGTAAATAAATATATGCAAACATCAAATGATGACATCTACGCAGCTGGAGATTGTGCTGTTTATGAAGAGCGCATTGATGGAATTTGGGAAACTGCTAAAGATCAAGGTGAAGTTGCAGGCGCAAACATTGCTGGAGAAAAAACAGTTTATAACAGTAAACCATTTGGCGCAACTTTTAGAGCATTTAAAACAAGTTTATTCTCTATTGGCGAAATTAATGTTGAAAAGTGCGACAAAAACAGTGTTTATAGTTTTGTTGAAGAAAAAAATGAACCACGTAAAATTTATAATAAATTTGTTTTCAAAAATGGTTTATTAGTTGGTGGAGTTTTACTTGGTAGCGTTGCTAAAACTAAAGAATTGATAGTTGGAGTAACCAATAAGGTCAATGAAGAAGAAGCAAAAAAACTTAATCTAATTTAAGTTTAACTATCCCTTTGAAACAGTTTGTGGTATTGACAATATCTTTTAGCGCAATAATATTAGTTATAATGCTATTTTTTTTTAGTTGTTGGAAATTATTTTTTTTAACAGCCAATAAAAAATTATAATTAGAGGTCTATTGCTGATGAAATACCAACAAAAAATTACGGTCTTATTAGTTTTAGTTTATATTTTACTCTCTGGAGATTCTTTTGCTAAAGAGAGTAAAATTCATGGTGATACTAGTATACAGTCTTCACAAAAAAATGGGCAACTAAAAATCGCTAAGTTTAGCACAGATAGCGCAAAGGCTATAGCGGAAAATGATTTCACATTTATTGATGAATTATATGAATTAAGTGGCGATGATTATTGTGAAGGTTTTAACCGCGCAATGTTTTCAACAAATGTTTTCTTAATAAATAATTTGATGTATCCAGCAGTATACGGATATTCTTCAGTCGTTCCAAAGTACGGCATGGAACGAATTAAAAGTTTTTTCCATAATATTCTATTTGTGAAACGTTTTATGGCAAGTTGCTTACAAGCTAAATTTTCTGGAGCAGGTATTGAAACATTACGTTTTTTGACTAATACAACCATTGGCATAGCAGGATTTTATGACCCTGCCAAGGATTGGTTCGGGCTTGATATTCATGAAGAAGATTTTGGACAAGTTTTTACGACATGGGGTTTTGGGCATGGTTCATATTTACATTTGCCAGCATATGGACCAACTAATGTCCGTGATGGGATAGGACATATTTTTGATGCGGCTTTTGACCCAAGAACATACCTGTTTTTTGGGATTGGCAGCGGAACTGTTGCTTTAGAAAAGTTAAATGAAGGGGCAATGGGATATCGTGACTTAGATATGATGATAAATGCGTTCGCTGACCCATATGAAATCAGCAAACAGCTTTATTATGTTAACCGTTATATCAAACAACATGATATTGATAATGCTGGAGTTATGGAGCAAAAATATATTGCTTCAATGAAAGACGCTGTTAATACGCATATGCAGCAAAGTGCAAAACGAGAGGCAATGAAAAAAAAGACTCCTGAGCCTAACCGTCTCAATGTAGTTCCTCCTGAATATGCACTGCTTGTTGATGTTGACTTGGCGGAATTTCACGCTCAAAATCCAGAAGTTGACACGATGCGCTATAGTAATTTTGATATTCAAAATGATAAAAAAAGTGTGTGGGTTGATGTTTCGCCATGGAATGATGATTTTTATAATCAAAGTGTTGTTCGTGAAATTCAACTTAAAAAAGATGCACCAGAATTTATGTATAAATTATGGTTGCAAACTATTGAAGATGAAGATCATGAAAATCATGGAGATGTAAATTTAACAGCACCTTTAGCAGTGGTTTGCCCTGGTACTGGGGCGAGTATTTTTAGTTTTGAGTCTGCGGCAATGGCTGAGCTATTGCATCAAAATGGTTATCATGTAGCAATTATGAGTAATAGTTTTTCATATAATTTTATGGAAGCAGCTTCGACGGCAATTTTGCCAGGATTTACTCCTTTAGATGCGAAGGATATGCAATATGCTATTGATGGAATTTTTTATGATTTAACAACAAATTTAGACTTAAGACCACAACGAAAAGCAATCATAGGTTTATCGATGGGTGGGCTTCAGACATTATTTTTGGCTCAGTTAGAAAAAATAAACCCAAAATTATTTGTTGATAAATTTATTGCGATAAATAGCCCTTGCAATTTACTTTATGCTGTTGATAAAGTTGATAGTTTATCAAAGGCATGGAATAACTGGAAAAAAGAAGAACAGTTATATAACAGCGTGGTTGCGGGCGCTAAATATATGCATAGTAGTAATAAGGTTCATGCTCCACTTAATGCTAAAAAGAAAAAGTTAGAAGCTAAAAATGATAATGATAAAGTTAAGCCAACAGCTGATGGTAAAGGTCAAATAATTGATCAAAATTCTGA
CP151801.1_gap89	3232444	3237416	4972	TTTCGTTTGTGAATATGGGGCATACGCTTTGTCTGATATTGAGCAGTTAATTGATATAACCGCAAAGTGCGAATTTTTAACGGATGAGCAGTTGAAAATGCCATCAAAAAATGAAATGCGCCAAATTATGAAGGATTTGGGTAATAATAAATCAAATACTGAAAAAAGAGATAAGTTGCAAAATAGCAAATCTGAAGTACAGGGCAACGTAAGTAAAAAGGCTGAATTAAAATCAGAAAAAGTTGAGCAGCCAAAAACTGAAAAAGAAAATAAAGCAGAAGATAATACAGAAAAAATTGAGCAGCCAAAAGCTGAAAAAGAAGAGAAAACAGAAGATAATATAGAAAAAGTTGAACAACCAAAGCGTGATGTTTATGAAAAGCCGTTGGTTGTTAGTGATGATGGAGCTCAAAAAAGTATAACTGAAAAAACAGCTAATCAAGCGTCAGAAATCGACGTTGCGGATACTGATAATAGTAATGTTTCAATTACTGTTGATTAATTTTGAGTGGGAGTAAAAATGCACTGTTTTTATTGTGAAGGGTTAAAGCTTGATAGTTCGATTGTTTCATTAAATAAAATTGAATCTCAGCATTTATTCAAAACGTTGCGTGCGCGAAATGGAGATAAAGTTGAGTTAATCAATGGACGTGGTGTATTCGCTCATGCTGAAGTTGCTGAAGGAAAACAGCTGAAAATCATCAATACTTTTGAACAACTACAACATTCACAAAAGTTAATGCTATTTTTATCACCTCCTAAGAAAAACAAAATGGATATTTTATTACGTCAGTGTGCCGAACTGGGCGTAAATGAAATTGTTTTGATAATTACCGAAAATTCGGTATCTATTCCTCATAAAGCTAACATGGTAGAAAAGTGGCAGCAAAATTTAATTGAAGGTTGCAAGCAATCCAAAAATGCTTTTTTACCTCAAATTTCATTGCCAATTAAATTTAAAGAATTGTTTGAAAACTCAGATGATTTTGATTTTTCTAATAATATTGACGCTTATTTTGGTGCAATTCATGGTCAAAAAAGTGTGAGTATTGTTAATAATTTAAAAAATTATGCAGTTGGTTGGTTTGTTGGACCAGAGGGCGGATTCACCTCTGATGAAGAGTTAGTTCTTGAACAGAATAATATTAAACCCCTGCGCATTGGTAATTATGTTATGAGAGTTGAAACAGCTGTTGTCGCTGGTTGTGCATTGCTTATAAATATAAATAGCTAAAATTATTATATTGGAAGTAAAAAATTAGATTTTTATCCAAAGTTTATTTTCTCAATTTTGTAATATATTTTTTATTCCAGAATAAAAATAGGGCATTTCAAATTTATAGTTAAAAACATTTTATCAAGAAAAGGAAAAAATTAATTAGAAAAAGTAGATATATTCCCTTAATTATCAAAGAGTTAGAAATGTTAAATATTTTGAAAAAAAGAATAATTGTTCCTTGAAATTAGTAAAGCAAAGATTTAGTATAAATATTAGTTGTTTATGAATAATTTGATTTTTTTTGCAAAAAAGATTTGCATTAATTGACATAAAGTTTATTTTGTCAACTTTAAAAAACACTTTTAACTTAGGAAATATGAGTAAGATGAATATCGAATTAACATATGTGCTAGTGACCCCTTACACACTAAAAAAATCTCGAACTGGAGGGATTTTGGCACGTCTTTTATCAAGAACTGATCTTGATTTTGTGAGTGCTCAAATTGTACGCTTTGATCAAAAATCTGCAGAAAAATATGCTCAGCAAGTAGAAGAGACAATGTCTAAAGATAATGAATTAATAGGCACCCTTGCAGGGGAGTATATTAGAGAAAATTTTTCGCCAAATAAGGCAACGGGACGTATGCATAGGGCATTTTTATTGTTATTTAGAGGCGAAAATGCTTGTCAAAAAATTACCGACATTGTTGGAACATTTAGAAATATTGATAATAGTAGCATTGTTTATGGTGAAACGATTCGTGATACTTATGCGGATTTAGTTTTTGAAAAAAATTCAAAAAAAGAAGTCAAGTTTTTTGAACCAGCAGTGTTTACACCAAAAACTCAAGAGTTAGCAATTCCAAAATTAAATCTTTTAGCAAATGTCGCTCGTAATAGCGACAATATTATTAGTTTAACTCGCTCCGCAGAAGAGTTATCAGCTTTTGAGAAGACACTAGTAATTATTAAGCCTGATAATTGGCGTCATCCTAGTTCTCGTCCTGGTAATATTATTGATATGTTGAGCCGTACTAGCCTAGAAATTGTTGGTTGCAAGACTTACCGAATGAGTGTAAATCAAGCTTTAGAATTTTATGGTCCTGTTAAAGATGTTCTAAGAGAGAAATTAGCGCCGTCTATCGCTGAAAATGCAGCTGAAACTCTTGAGCATAAATTTGCTGTCGCTTTAGATGAAAGAGATGTTGAGTTGCTTCGTAAAAGTATTGGGGATCGTTATGCAATTCAGCAATTTGAAGAAATTATAAAATTTATGGCAGGTTCGAAACCGAGTGAATGCGCAGAGAACGAACTTGACGACCCAGGTAAAGTAAAATGTATGGTGTTAATTTATGAAGGAATTAATGCGGTGCAGAAAATTCGTGATGTATTGGGTCCAACGGATCCTACAAAAGCTCCAGGTGGCACAGTTCGCCGTGATTTTGGTAGCAATGTTATGGTAAATACTGCCCATGCTTCAGATTCAGTTGTTAGCTACGAACGTGAGCAAAAAATTCTTCAAGCTCATAAGAACACTCTTTGCGATGTTATAGATAATTTTTTGAATGTAAGATAGTTTGCGTGAAAAAAAATTAAAGAAAAAATTTGCAAATTTAAATAATCGAGGTTATATTTTTCTGATTTGAATTTTTATAACCTCGATTTGCATATCTATCTATGATAAGTCGAATCTTTAAAAATAAAATATTTGTCGGATTTTATTCAACCGATTTAAGATAAAGAAATTAAGAATTAAAAAGATAAATTATACAGATTATTTAGTTTGCAAAAAAATAATCGAAGAAGCCAAAGGAGACATTAAAATAGTGTCAAAGATTCAAAATATTAGCGGTTTTATGGGCAAAATGCAACCTTCTGCAACTTTGTCAATAACGTCAAAAGCTAAAGAGTTAAAAGCTGCAGGTCGTGATATTTGCAGTATGTCGGCTGGAGAACCAGATTTCGATACACCTCAGGCAATTAAAGATGCTTGTATTAAAGCTTTAGAAGAAGGTAAGATTGGTTACACTCCTGCAAGTGGATTACCTGAATTACGTCAAGCTGTTGCTGATAAATTTATGAAAGAAAATAATATCAAAACTTCTATGGCGCAATGTGTAGTTGCTCCTGGTGCAAAGTTTTCTGTATTTACTGCTGTTGCAACACTTTGCGGTCCTGGTGATGAAGTTATTTTATTGTCTCCGTATTGGGTTAGTTATCCAGAAATGGTAACGGCTACTGGTGCAAAAATTGTTGTTATTGAAACAAAAGCAGAGAATAATTTTGAAGTTACAGAAGAGCAATTAGCTGCTGCTGTTACTGAAAATACAAAATTATTAATTTTAAATTCTCCTTCAAATCCATGTGGTTCAATTTATAGCCTTGAAACATTACAAATGATTGCAAAAAGCGCAATTGATAATGATTACATGGTTTTAAGTGATGAAATTTATGAAAAATTAGTTTTCGATGAAAAATATCCTCATATTAGTATTGCTTCATTGAGTGATGAAATTAATGAACGTACGATTACTGTAAATGGTTTAAGTAAAGCATATTCTATGACAGGCTGGAGACTTGGTTATTTGACAGCTCCTTTGTGGTTAGCTAAACGTATAATTGCTTTTCAAAGTCACACAACTTCAAATGCGACAACTTTTGCTCAATATGGAGCTCTTGAGGCATTGAAAGGTTCTGTTGATGATGAAGTTGAAGCAATGCGTCAAGCTTTTGCTGAACGTAGTAAATTAATTTATGAGCTTGTTAATGATATTGATGGTTTATCAGCAGTAAAACCAACTGGTGCATTTTACTTATTTATTGATGTTAGCAGTTTTGGCTTAAATGATGAAGAGTTTGCTGATAGACTTCTTGAAGAATATGAAGTTGCGGCAATCCCAGGCGCTCCATTTGGTGCTCCAGGATTTATCCGTTTATCATATGCTTGTGATGAAGCGACAATTCGCAAAGCAGTACAACGTTTAGCTGCTTGCTGTGATTCATTACGTTAATAAATTTTATACAATTATTTAGCATTTTTGAAGAGTGTGATTGAAAAATCACGCTCTTTTTTTTATGGTAATTATCTACTGATTAAATTTAGGGCATTTTATAAAAATACCAAATTTGGCTAAAAACTGTCTTTTAAAATTTAAATATCTCGTAGCTATCTGATATGAAAATATTTCATTTAGGCACAAAAAACACCTTTACAAAAAATAATGTAAAAGTGTTTTTTATTGTATGAATAAGGAAATTATTTTTTCCAGAATTTCCAGCCTTTTCCTTTATCAGCAGGTGCATCATTAGCTGATTGAGAAGGTGTTTTTGCGTCCAAGTTAACTTTTGGAGCTGTATTTTCTTCGTCGACTAAGTTTACAACAAAGTCATCTTCTAGTTGCGGAACCATACCAATTCCTGAACGTGAAATTTTTACTGTGTTTGTTGAGCCATCTGCTGATTCTTCAGCTTGTTCTGGTAAAGCAACAGTGAAAACACTGCCACACTCGCTACATTCAACATCTTGTCCAATCATTTCTTCTGGAACTTCGTACTCAGTATTGCAATTAGAGCAATTAATTGATATATCTGCCATTTGGATACCTGCCTTAAAATTTTGCTTTAAAACTGTTTAAATAAATTAAATTTTCATTCTTAAATTAGTGTATAGTTGCTACTTTAGCAAATGAAATAATAAAAAAAATGTTATTTTTAAGTAGATAATTGGAATATTTTATAACATATAAAATACTG
CP151801.1_gap90	3240117	3243808	3691	ATTTATCAAGAGGCAGTTAAGCTAGGCGCCTTATTGCGTCCTCTGGGGGATACCCTTTATTTTATGCCTCCATTTAATACAGATGTACAAACATTAGAAAAATTAATGAAAATTACCGTACAAGCAGTAAACAATGTAGTAAAAAAATAGATTAAAATTTGCTTTTTTCTTAAGTGCTATGTAAATTATTTAATTCAATTTATTAGTTGGATATATTTGTTTTTAAAAAAACATACCCAATATAGCAAAGTTAAACAAAATTAGTAGAATAAAATTAAGAGATAAAAAATATGGGATTGCCATTAATAATAATAATTTTGGTGTACGCAGTTAGTCGAATTGTGAACCTTGCATTAGAACTGAGAAATTTAAGTTCGATTAAAACTCAACGAGGAGTTATTCCTGAAGAGTTCAAAGGTAAATTTGATGAAGAAAGTATCGACAATTCATTTTTGTACACAAGACATAAATTAAAATTTAATCTAATCTACAGTGCTTATAAAGAGATGCTGAGGTTAATATTTATCTTTTTACTAATTAATTATTACAATGAGTTAATATTAAGTCTTGGTTTTGGTTTAAAAATTGATTCAATTTTTAGATTTATTTTAACTGGAATTGTATATGTATTTATTCTTAATGTCGCAAGTACAATTTTATCTTTGCCTTTTGATTATTATAGAATTTTTAGAATTGAGAAGCGTTTTAGTTTTAATACAATGACTATTTCTTTATGGTTTGTTGATTTAATTAAGAATTTGTTACTTAGTGCTGTTGTATACGGTGTATTATTAAGTGGTACGTTTTTAGTTTTTAATTTTATGCCAAATTTTTGGTGGTTGCCAGTATGGGGGTTATACTTTGTATTAACAATTTTCTTTTTGTATGTCTCGCCTTATTTGATAGAGCCATTGTTTAATAAGTTTGACCCAATTAAAAATTTAGATTTAATCGATAGGATTAAAGATATGCTTGATGGAGCAGGAATTAATGTAAAAGGAGTTTATAAAGTAGATGCTTCAAAACGTACGTTGCATACTAATGCGTACTTTACTGGTATTGGTCGTGTGAAGCGTATTGTGCTTTATGATTCACTTTTTGACCAATTATCAAATGAGGAAATTTTGGCTGTTCTTGCACATGAAGTTGGACATTGTAAAAAACATCATGTTATTAAAAATTTAATATTTTTTGAGGCTATATCTTTGATCATTGCTTTTGTTGCCTTTAAAATAACTAATAGTGATGCGTTATTAGATTTGTTTAAAATAAAGATGATTGAAGGCGTGCCTGTAGAATATTATTTTTTTACAAAAATAGTGATTTTGGGGTTCTTAGCATCAATTGCTTTTTGGCCTTTGTTTCCATTATTTAACTATATTTCACGCAAATTTGAAAGCCAAGCAGATGATTATGCATGTAAGATTATTGGAGATGGGAAATCTCTGGCTAGTGCGTTACAAAAACTTTCAAAAGATAATTTGGCTAATTTGCATCCAGATGTGTTATATGCAACATTCCATTACTCTCACCCTCCGGTATTAGAAAGAATTCGCTATTTGAAAGAGTGGGAAAATTGATAAATAGCACAAAAAAGTTTATATTTTATTGATACTCTTTTTTTTTGGTTGAAACAATTCTTTTTATGAATGTTAAAATAATAAATAAAAAAAAGCTACAACATTAAGCTGTAGCTTTTTTTATCTTTAAGAGCAAAGTGTGTTAATCATTTTTATTCAATGAAATAACTACACTCTTTTTATTTCCTTCGCCATGACTTTGAGTAACGATTTCGTTGTCATCTTGCAACGTTATATGGATTAAGCGACGATCATGTGCATTCATCATTGGCAATGTTACCGCTTCACCCCAGCGTTTTACTTCTTTAGCTGCATCAATAGCTTGTTTTACTAAAATATCATTATTCTTTGAATTGCGTCCTCCAGAACGACGACTATTAGGGCGACGAGTGCGACGTTGAGGTTTATTACGAGTGTAACCATCGATATCGATTACAATTCTTGGGAATTCATTGTCAGCTTTGAACATCATACGGTTTAAAATTAGCTGTAAACTATCAAGAGTTTGACCTTTACGACCAATAATTCTACCTGCATCTTCTGACGATATTGTAATAACCATACGTTCTTTGTTTTCTTCAATTTTCATTTGCGCATCAAGACCTAGATAGTCAAGCATAATTCCCAATGTTTTTGATGCTGCTTCTTTCTGTTTTGCAAAATTTGCTGTTGTTGTCATTTTATTAAAAAATCCTTTCGTTTTTTGCTGAAGAGCGTTTCTGTTAATTTACGAAGCTTTCGCAGTTGATTGCTCTTCTTTTTTTCCACTGCGATTGTTGATGAGCATTTGTACAATACTAAATACTTGGCTCACTGTCCAATATAATGTCAGACCACTTGGTAAGTTATAAAGCATAACTAACATTACCGCTGGCATAATATACATTACAATTTGTTGATTTTTCTCCATTGCTGTTGGAGTTAATTTTTGCTGTAAAAGCATTAAAATAGCCCACATAATTACTAATGGGTTGATTGGTAATGATCCAATAGTTGCCACTGTATCAGGTTGTGCTAAATTAGCAGCCCAGCCAAATGAGGCTTGACGTAAGTCAACCATGCCATCTAAAGCCCAGTATAAAGCAATAAACACTGGAAGTTGCAAAAATAGTGGCAAGCATCCGCCAACTGGATTAACTTTTTCCTGACGGTATAACTCCATTGTTTTAGCACTTTGTAATTGTGGATCTTTATATTTTTCGCGAATTGCTAAAATTTTTGGTTGTAACTCCTGCATTTTTTTCATAGATTTATTTGCTTTTTGAGTTAAAGGCCAAAATAATGCGCGAACAATTAATGTTAAGGCAATGATTGCCCAGCCATAACTATTAGCAAAAAGTGTTTTTAAGTATTCTAAAGCTAATAACATAAATGTCGCAATAGAGTTAAAGATTGACCAACCACCAATTAAGTGCATTACTGGCTTTGTACTTTGATCAAATTTCGTTAAATTTGCTAGACTTTTTGGTCCAATAAAACAATCAAAAGAATATAGTTTCACATCATTCATTTTGTTAAGTTTTAATGTGCCAAGTTTTCCAGCAATAGTAACTTTATAGATATAAGCATCTTTTTTGGGAGAATGTTCATCGTTATACTTGGCGCGCATTGTTTCAATGCCATCTGTAAAAGTGTCTTTGCTTCTAATAACAGAAACAAAGTATTTGTTAGTTATTGAAATCCATTTCGCAGGAGTTTTTTTGTTGTTTAAAAATTCATCCTCATCATCTTCTGAACGTAATGTCACAACTGAATCATTGGTATTTAAATAGTCAGCGCCTATATGTTCACTACGAGCTTCATCTCCAAAAATTTGCTTAGTTGGCAGTAATGCAATATTTAATACGGCAACTTCTGGAATGATAATTGCTTCTTTAGAGTCGTTTTTAAATGATATATTATATTTAAGTTGGTAGTTTTCCTCTAAAGACCATTCTTGTGTTACTAGTAATTTTTGTTTTTGGCTTAAATTATTTGAGAATAAGCGAGTCAAAATAAAACTTTTTTTATCTGCAGAAACTTCACTTTTAACTATCTTTGTTGAGACCCATTCTTGAGGTAATTGAACATTAAAGGCATTAGAAGCTTGATTTGTGTTTAATGCTGTATTT
CP151801.1_gap91	3305231	3308868	3637	ATGGATACAGGAGCTTTAAGCGGAGCAATGAATGGTTTATCAATGTTTTCAATGCCAACGCTTAGTAGCATGATGAGTGGGATATCTCTACCTGCAATGCCTCAAGTAAATGCAGATATGGGAGCTCTTAAGGATAAGTTTGCATCGTTGGGGTCTACCGATGGATTGGTGGATACTTCTGCTTTGACTGGTCCTCTTTTTGCCATGCGTGATATGGCATTATCATGCCCATTATTATTATTGCCGATTATTGATTTTCAATTTGCTTTAACAGAACTTTCTGTTGAAGTTGAATTAGATAATCCTGAACCAGAAACGCCAGAAGTAGGAGCTCAACAGTATGCATGCAGTGAAGCGGGTATGCTTCAATGTATGATGGGAATTTCTCCTGCTCCATATATGATTCCACCATCAGGTGAAACTTTTACGCCAGGGTTTACAATGGGTGCAACACTAATTCCGACTCTATTTCCAACTCATGGAGGATGTAATATTCAAAGTAATCCAACTGCCGCAGCGCAGTTATTTATTCCGCCTTATCAATGTGTCGCTAATTTGCACGCACCATTTGTCCCTGGGAATCCTCAGTGTATGGTCATGCACGGAGCGTCACCAATATTAATTATGAATGATATGTGTACCTGTTTATACTCGGCAGGTGGTCAAATTATGGTTCAGATGCCTGGACAATTTTCAGCCTCTAAAGGCTAAAAAAATAAAATTAATTAAAATAACACTATTGTTATTTGAGGAGAATATAAAATGGCTAATCAAACTCAAGTTGTTATGGACAAAGATTCGTTGGTTTTAAGTACTGAAGCGAGCGGAACTAAAGTAACTTCAACTCTTGACGCATCGGCTGGTGCAATTAAAGATGAAGCTAAAGATATAAAATTAACCGCTGAAAATAGCATAACACTCAAAGGTGCGTCAATTAGCTTGGAAGCCGATCAAGAAGTTAGTATTAAAGCTAATAATAGTATCAGTATGACGGTTGGACCTGCTAAAATTACTATTTCGACTTCTTCTGTAGATATCGAAGTTGGTCCAAGTAAAGTTTCGCTTTCTGCAGACGGTACCGAAATTACTGGTATGCAAGTTGCTATGAAAGGTACGGCTCAAGCTGGGATTAATGCACCAATGATGAGCATGGAAGGTACAAGTATAAATATGTCGGCGGCTTCAATTGTTGCTTAAGGAGGTGTTAACGTTATGAAATATCCAAAAAATTGTCCTCACTGTCATGTTGGCTTTGCTTCAGATTTTTGGGAAAATATTGCTCGTCAAGCTCATGATCAAATGGTTGGTTGCCCACATTGTGGTTCATCATTAAATGTACTTTTTGATGGCTGTCAGAATATTTTTGTGACATCACAGTTTCTACAAATAACCTTGACACCATGTGATGAACAATTTGCCCCACAGGAAACTCAGGCTGTAAAAATTCAAAATACTTTTATTAAGCACCTTTTTGTCCGTCAATTTGCATATGGTTTTGAGGGAATTGTAAAATTCTTTTTACCAATGAGATTTTTATCAACGAAGATTTTTGAATTCGTAGCTGAACGTAATCCAATAATTATTGAAATCGCCTTTGTTCAACAAAAATCAGGTGATGAAACAGCCAAAGTTAATTTTGCTTTAAAAGGAATGATTGAGGCTTGTGGTGACACCCATATTACGCAAAGTATTGATGATATCGCAACTGTGTTAATGCCAAATCAAAAGGATGCTACTGTTTTAAGTGCTTTGAGTCATTTTGAATTTAGGTTTGTTGATATGTTTAAATATTTTTTTAGCAAACATCGTCCGTTCATGCTCTATATGAAAAGTAGTTATTCTGACATGTTAAAGGAGCAAGTTGCTGAATGTAATGCTACTAGTTATGTTGACATAACTATTGATGATAGCTTCAAAGCTTTAACTTCAGAGAAACCTTTTATTGCAACGGCATTTCAAGAGTTTGATGAAGGTGATTCGCTTTATGATTTTTGGATTCACATTATTCGCGCTTATCAGGGGTATTTAATGCTTATGCCTGATGGAACATACCAAATTGGACCTCAAAAGCAGCTATTTGCTGCACAAAACCCAGATATTGATAAATATGACAAAGCTTTTATCAAGAAAATAATAATGCGTCACGTAAATCGTTATAACACCTCACTTGATGTTTTAAATGGTATTTATAAAGATGCGGCTAGTCAAAGTGTTGCTAGTAATAATAGCGAACAGAGTACGGCATTGTTTACGACTTCTCATGTAACAACGCATAACTTTGTATCAATCTTTGATCGTGACAGCGAATTTTTCGGTACTCAATTTATGTGTGATTTTTCTTTAGAACGTTTTACAGATATTGAGTTTAATGGTTTACCATATACAATTGATTTGTATCCACATAATCAAATTGATTTTACCGCAACAAATTGGCTTGGGTATCTGGGAGAAGAAGATTTTAAAGTAAATTGTGTCTGCGTTGAGGTTTTATTCACAAATTTGAGCGAAGAGCGTTTTGTATTAGATTTACGCGATTCAAAAGATTTAACTGATGATAAGGTGCTTAAGCTTTTAGCCCCTCAAACAGATCCAAGTGAAGCTGGAATTAGACCATTTTTGGCATGTCGTGCAAAATTTATTTGTGAAAATGATGACAGCTTGGCAGCTCATTTACCACGTTATATTCCTCCAAAATTCCCAATAAAATTACAGGGAGTAATTGTTGTTCCTGATGATGTGGGATCGAAATATGACAATAAAGTTCCGTACATGGTTTTTGATGGTGAATCAACCGATGCAGGTACTCCTGATACGGACACTAAATCTAGCGAAGAAAAAACTTATGCTTTAAATAATTTACCAGAACATTTTTTGGCATATCATGTTAATTTACCTATTTATAAAATTGCTGGAGCCAAACAAGATGTTGTTGTTGCTGCAAAATATCATCCAAATTTAAATACTGATCAGGTTTTCATGCCTTATGTCAATCAACAAGCTGTTGAAGTTGATGTGTTTCAGGAGTATGCTGCTATTACTAATGCTTTGCCTTGTTATAGCGACAATCAATACCTTGATAAGAGTAAACAAGTTAATGCTATTACTCTTGGTGCCGAAAAGCAGTGTTTGATTTCTTTTTCAGATGAGAGTAGTGACGAAATTTTACTTGTTAAAAAAACTGAAAAAGATTCTTCAACTGTTAAGACATTGACTATGAATAACGATGGAATTACGTTAAGCTTTGGTGATGATAGTGGTGGGGGAGGTTAATATATAATCTGAATATTCTATTAAACAATTAAAAAGAGTACTTCATATTCATCACGAAGTACTCTTTGGAAAGTTAAATTATTTAACTAATCTTCAACTTGCTAGTTGACCTTCCTTTACAATTTGACAATTACTGTCGGCAAACTCACCATCTTTTGGCATGAAATTTAATTGTTCACTAATAAAGTTGAAGTCACTTGCTTTCGCAATATCACGATCTGTCAACTCTTTTACAAAAGATAGTATTAGCGCTTTTACTTCATTAGTCATTTTTGCTTCCTCTCTCTACGAATAAAATTAACTAACTTCTTGATTTATAATTGTGTTACAAATCAAATAAACGTTGTGCACTAACACAACACTACTA
CP151801.1_gap92	3318398	3322810	4412	ATTACTATTAACTAGCACAACTTCATAACCCTCTTCGCGTAAAGCTTTACACGCCTGGGTTCCGGAATAATCGAATTCACAAGCCTGACCAATAACAATTGGACCTGAACCGATTAGCATAATTTTTTTTATGTCTTCTCTTTTTGGCATAATATTTATTCTTTATTTATAATTTCAAATTTTTTATCGTAATTATCTAAATCCGTTTAATATAGCCTTAAAATTTTAAATTGTCCATTAAAAAAAGTGCTTTTTCTGTATTTTTAATTAGTGATATAAGAAGAGTGATAATCTAATTGTTAAATTTGAAACTTTCTGTGATAAATTTGATAAATTCGACACTAAAAACTTTATGAATAGCACTTGTGAAATGGACTCGATCAAAAAAAGCAAAATTTTCAACTTCTGTTTTAGTAATTTTATTATCATAAAACTTTTCACACTGAGAAAATTGTTCGCTCATTAATGCTGCATCACTAATGTGAGGACAATTTTTTAGAAATTCGACAGTTTCAAAAAGGTTTATTCCTGCCCATTTCGAAGAGGTTTCCTCGCAAAGTCGTTTTGTTAATTGATTAAAAATTTTTGAACTATTATGATGCACAAAATCACTATTTAAGTATGATGTTGAATTATTGAGTATTTTTGTATTGTATTTTTTATTGAAGGCATTATTATTCGTGAACAATTCATTAAAAAAACCATAGATGTCAAACATTCCAATGCGAGTTTTTGGATGTGTTTTTGACAAATTATGAATTGTTTTATTTAAATTATTGTTATAATTATTAATGGATTTTTCTAGTGAAGTATTGTAAGCTTCTTTTTTTAATTTTGCTGGAGTTTGTGCATGATTTAGTTGATTAATAAAGATAATATTTTCGGCACCAATTGAGATTAAATCTTTAGCCATTGATTTTATGCTACTAGCTAGTTGAAATGAAGTTTCTTGATAGTGACTTTTGCGAACAAGATAGTCATTTGTGCCTATCCAAATTATAAATAGATGTTTATGGTGCTCTTTGTAACGATTTTTTTGCTTGTAAAGGCGTATAGCATCTTTTTGAGTAAATGGAATGTAGCCTGAAAAAGGTTTTCGCAATGGGCAGCAAATGCCATTAATTGGATAGTTTTCAATATTTATATTGTAATTCGTAAGGTATTTAGTCAAATAGTCGACCCATATAGGACCGTCACAGAATCGTCCATTCCAAAAAGGAGGGCTTTGCGGAATAGCGCCAAATGTATAATTATGAATGTTGCCTATATCGCTATGGCTTTCAGCAAAAACACAAACTTTAGAAATGGATGTTGAGTTTTCAAAAAAATTGTTAGTTGCAATAAAATGATTTAATTTTAACATAATATTGAAAGAATTATTGTTCTTTAGCATTTTGCACGCTTCTAACAAAACATTATACATTGTAAAAAAGATTTTAGCTGTTAAAATTTAGTTTATAATGTTTAAAAAATTGATTTTTTTTATATAGCCGTTACTTTTAGGAATGTTTATTGCGATTATGATAGATAAAAAATTACTATAAAAACTATGTGTTGAAACAAAGGAGAATTATTTTAGTTATGTTAAATAAAAAATTAATTTGCACTCTGATAGGAGGCTTAAGTATATTTGCATCTTTAAAAAATATTAGAGCAGAGGATGGTTATAATTCTCAGATTAATAATATCAGTTACGAAGATTCTGAGGCAAAATGGAATCCAATACAATTTTTATTTTGGGATAATTGTGAAAATAAAGATGTATATGGATTGCGTTTATTGGCTGTTCATAAAGCAAAAAAAGTTACAGGTGTCGATATTGTTAGTTTTTCCGAAGCTGAAGAAGCATATGGGATTCAGTGTGGAATTGTTTCTCATATCTCTGGAAACGGTAAAGGGATTCAAGTTTCTTTAGGAAATAATTACACAAATTATAGTGGTTTACAGGCAGCTGCAGTTAATATGACTGTTGATAAGGGAAGTTTAAGTCGAGCCTCTGGAGTTCAGGCTGCAATTATTAATGTGGCAAACTTTCTTGATGGAGTGCAGGTTGGTTTATGGAATAGTGCAAATTGGGGCGGTGCGCAAATTGGTTTAATTAACACTGGTGATGCGACTAAGTTACAGATTGGATTATTATGCGTCAATAAAAACTCAAGCTTATTTCCAGTGTTGCCGATTGTTAATGTTAGTAATGGTGAAGAAAAAAATCAGACAAAACCAAGCTGGTTTTAAAAAAATCTACTAAAAATGATTTATTAAGAGGTGTTTAATGGGGTTGTAGCTGTATATTGTGCAGAACAATCCTATTATTCCAATAAAACCTAAAAATATAGCCCAAAAATAAAGATTAAAAAACATTAGCTTCTCTAGCTCTACACTTAAAACAGCTTTTTCTGGTTTATCTGGATCTACAAAACATTGAGCTTCTTGACCCTTTGGATATTGTTTTACAATTCTTTTTGAAAATCTTAGGCCGTTTTGTGTTATTTGTGAAATATTATACCTGTCACATAAGTACTCTTTTTTATTAAAAATATATCTATAAGTTATATGAGGATAGTATTTTATTTCGTCTTTATCATCACAAACAACCTTACTCTCAATAATTTTACTAGGTACTTTAATAAAATTTTTGGATTTTCTTTTTTTGATTATGGTATCTATTACCATTGCAGAAAGCAATAAACTAAAAAAAATACAGAATGCAAAAAGAAAATATATTTCCATATAGTACTCCTGTTTTTAAATTTTCGTTAAAAAAATGGTCGCTATAAGGAGCATTAATAGCTCATTACAACGACCACTGACTTTTCGAGCAAGAAAAAAAACACCATTAACCAAGAAGAAAATTACTCTAAAGTCTACAACTATTGGGCACCACCCCAATAGTCATAATTTTACCTTTTTTGCATTAGTTTAAGAACATTCCTCCCAATATTTTGCCCCAAATATCTTTTTTAGTAGTTCAAATTCTCAAACCTTTGCTTAACATAGGTAACACATGTTAAAAATTATTTTAAAAAATCAATTAACCTTGATTTTTGATAGTTTCAAATAAGTCGAAACCTTCTTTTGGAGTTAAGTTGTCATGAACAACTCCAGCTACAGCTTGAATCATAGCTGCTGGGTTTTCGCTTTGGAATACGTTACGACCCATATCTACACCAGCTGCTCCTTGTTGGATAGCGTTGTAGCATAATTCTAGAGCTTCTAACTCAGGAAGTTTTTTACCACCAGCGATAACAATTGGAACAGGACATGCGTTAACAACTTTCTCAAAACCTTCAGTGAAGTATGTTTTAACGATTGTTGAACCGTTTTCAGCACACACACGAGAAGCTAATGCGAAGTAACGAGCATCACGAGCCATATCTTTACCAACAGCAGTTACACCCATTGTAGGGATACTGTATTTTGCACCTAAATCCGCTAAGCGAGTTAAGTTTTTAACTGTTGAAGCTTCATGCTTTCCGCCAATCTCAACCATTGCCGCCATTACTGATGCGTTGCAACGAATTGCTTCTTCGATATCATATAGTACTTCGTTGTTTAACTCCGTAAGAATTGTTGAACCAGCAGAAACACGTAATGAAATTGGTTTATTGCTGTCAGCAGGTACAACTGTACGTAGAATACCGCGAGTACACATTAAGCAGTCAGCGTATTCAATTAAAGGATTGATGTTTAAGTCAATGCGCTCTAATCCAGATGTAGGTCCCATGATATAACCGTGGTCAAATGCTAACATTACTGTGCGACCAGATTTTTTATTGAATACACGAGATAGGCGGTCTTTCATACCCCAATCCATGTTGTCCATACCTTTTAGGTAAAATGATTTTTTTTCAACTTCGATGCCTAAACCGAAGTCATTACCTTCTCTTATATCATCCATATCAGCCATGATATTTATGCTCCTATTTGAAAGGAATAATCCTTCATTTTTTTAATTTGATTTTACTAATATTTTATCTTTTTTTATGTTCTAAAGAATTGTGTTTTTTTTTATGTAATCAATGTTCCCTCAAACGATTGAGCTACAAAAACACAATGACCCTCTTTTTTTAATTTATATTTTTGCGCCAACTTGCTTATGCATTTCAGCGCATAATTTGTTAACGTAGCACGTTACAAAATTATTTTACAGTATCCGCAAATGATTGGAAAATGTATGAAATTGATGTTGCGCCTGGGTCAGCGTGACCAAGAGAACGTTCACCAATGTTCTTAGCACGACCAAAACGAGCCGCGATATCTTTTGTTGACTCAGCTCCTTTCTTAGCTGCGTCAGCACCTTTTTGCATCATGTCTGCTAAGCTTTCACCAGCAGTAGCAGCTTCTACCATAATACCAACAGCAGGGATTAAAGCATCCATCATAGTTTTGTCGCCAACTACAGCTTTGCTTTG
CP151801.1_gap93	3329113	3330897	1784	TATTAAAAATCAAATTTTTCTATAAAAAGCAAAATAAATGAGTTTATATTTACGTTGTTTAGAAAAAGGTGTTAATGGATTTTAGAGAATTGTATGTTTCTAAAATTTGTTATGGGAAAGAATAATCAAACAAGAGGGAACAAATGAGTCATAGTTCATTTTTAAAGACAGCTGTTGTAGGGGCTGTTAGTTCAACTGCAATGGTTGCAACTTTTAATAGTGTTGTTGCAAAAGAGATTGTTAAGCCAAATGTAATTTATATTTTAGCAGATGACTGGGGGTATGGTGATGTTAGTGTTTTGAATTCACAGTCAAAAATTAAAACGCCAAATACAGACGCTTTAGCACGTGGTGGAATGTATTTTACTGATGCACATTCAAGTAGTGCTGTTTGCACTCCAACTCGATATGGTATTTTGACGGGAAGGTATAATTGGCGCAGTAACTTGAAACGAGGTGTTATTGGAGGATATAGTAAGCACTTAATTCAACCAAATCGTAAAACAGTTGCAGAATTTTTAAAAGAAAATGGTTATAACACTGGTTATATTGGTAAATGGCACTTGGGGTGGGATTGGCAAACAACTGATGGTAAAAATCCACACCAATATAAAGCTAAAAAAGGTCAAAAAGATTTTAAATATCCAAAAGATAAAAATGGTAACGATATTTACGATAACGTAGATTATACTAAGAAAGTAAAAAATGGACCATCTACACATGGATTTGATTATAGCTATGGACATTGTGGCTCTTTAGACATGGCTCCGTATGTTTATATTGAAAATGATATGCCTACTGCAGTGCCAAATCGTGTAACGGTTTCAAAAAATAAGTATGGAGCAGGAAGTTGGTGGCGTATTGGTCCAACTGCAAGTGATTTTGATCATCTTGATGTGCTAGGCAATTTCACTCGTCGGGGTGTAAAATTTATTAAGGAAAAAGCTAAAGAAGATAAACCATTTTTTCTTTATTTACCTCTAGCTGGACCTCATACTCCAATTCTGCCAACTAAAGAATTTCAAGGTAAAAGTGGTTTGAGCAACTATGGTGATTTTGTGATGAATATCGATGACACAATCGGTAAAGTTATGAAAGCCGTAAAAGAGGCTGGTATTGAAGAGAATACGATTATTATTGTTACAAGTGATAATGGATGTTCACCTGCTGCTGATATAACTGGAATGGCAAAAAAAGGACATGATGCAAATGGACCTTACCGTGGTCATAAAGCTGATATTTTTGACGGTGGACATCGTGTGCCATTTATTGTAAGATGGCCTGCAAAAATTAAACCTAATTCAGTTAGCAATGATACAGTTTGCTTGATTGATTTATATGCAACAATGGCAGATATTTTAAATGTAAAATTAGCAGATAACTGTGCTGAAGACAGTGTTAGTATTTTGCCAGATTTAACAAATACTGCGACAAAACCAGTTCGTGAAGCAATTGTACATCATTCAATTCGTGGTAATTATTCAATTCGTAAAGGTGATTGGAAATTAAACTTTTGCCCTGGTTCAGGAGGTTGGAGCTATCCACGCCCTGGAAGAGATAAAAAAGTTCTTGCGGAATTACCAAAAATTCAGCTTTATAACTTAAAAGTAGATGTTAAAGAGCAGAACAACCTACAAGCAATGTATCCAGAAAAAGTAAAAGAATTAACTGCATTGATGATTAAATATATTGAAGATGGGCGAAGTACTCCAGGGAAACCACAAAAAAATGCTAAACATGGTGGCATGTGGAATGGAGTTAAAGAAATTTATGAAACTATGAAA
CP151801.1_gap94	3334040	3338998	4958	CGTATTTAGGTCGTGGCCCATATGAAAATTATGTTGATCGTAAGAGTGGACAATTATTTGGCTTGTATGATTCAACTGTTGATGATATGTATGAATTTTATATTAAACCGCAATATTGTGGAAATCGCAGTGATGTAAAGATGGCTAAGTTATATGGCTTTAATGGTAAAGGCATTAGTTTTTACAGTAATTCAGGAATGAATTTTAAGGCATTGAATTATTCTGAAAAACAACTTAGTACGGTCGGTCATGGTCGTGAATTAAAGAAAGAAGATTATATTACGGTTGGTATTGATGAAGATCATACTGGTATTGGTGGAGGAAGTTGCGGACCTCCAACTTTAGAAAAGTATCGTTTGAAACCTGCTGTTTATGACTTCAAATTTTATATTAAACCAATTAAGTAATTAGTTGGATAATAATAAAAAAACTCCTTCAATAAATTTGAAGGAGTTTTTTTTATTTTTTAAAAGGAGAACAAAATGAAGTGAAAAATTATTTTACCTTTGATGAGTTTTGCGTTTGCAAGTTTTGCTGCATTGTTAATTTTAATATTAGTGATTGCGCATAAGTATAATGCAATGGATAAGTCTTTAGTGAAAAAAAATTGTACAGTTCGCTATGGAGACGCAAAAGAATTTCTTAGCGAGTATGGTAAAATTAAAAGCATCAATAATACATGGTGTGTTGTTGAAACTTCATAATTAAACACAGAAAAAATTTACCTTAATGAGCAGTGGATTGCTAGAAGTAAGGTCTTATTAATTAATTTTTTTTTAGGTATAAAGAAAATTGAAGTAAAAAAAATGATAACGTTGTCGTTACTAATTGATTATAGTTTTTTGTTTGCTGTTTACGACACTATGTAAGTTAAAATTCAACTAAGTGTAGATGAATTTTATTGAGAAAATCCTTTATTTAAAGTTATGGAGATTTATATGAGAAATAAGAAAAAATATTTGATATTTATACCAGTATTATTATTTTTTGTTATTAGTTATATCTTTTTTATTAATAGTAAAATTTCAATGAAAAAAGTTTTTGCTAATGTTGAAGGTATTAAAAAAATTATCATAATCTACGTCACAAAAAAATTTACGACAACGCTGAAGAATGGCGGCGCAATTATTTTTATTGGAAAACTCCATCAAAGAAAACGAAAAGATTTTTTTACTTATCAGAATATAAAGAAATATTTGTAGTGCAAATATGGTTATCAGCTCATAACCGACCAGAGAGAAACTTAAGATGAAATTCAGAAACATTTTTATATAAAAAAGAAAATGGTAGATTCGTGTGACAACAAATGTTAGGGGCAATAAAAACAAGCGATACCTAAAAATAACTAAAAAAAGATGACGGTTCAGTTGTTATTAAAAAGTTTAGAAATGATATTGTAATAAGTGATTTTTCTATTATATAAATATAGTGTTTTGTTCCAAAAGGATTTAGATTTTATAAAAAAACTGGTTCTCAAAACATGGGGAAAATATTTTTAGCTGAGGTAAAAATTCAAAAAGAATTATTAAACAGCGAATTTTATTCAGGATTAAGTAGCCCTTTTGATATTAATGACAAACGTTTAATAATTGTCAATGATTTTATTAAGAGTAGTAATAAAAAATTTAGCCGCTTAAGGTTTTATTCTAAATCAATGAAAATGCTTTATACAGATAAAATATTATTTGAGCAATATTTTCAAACAGTTTGGTTTCCTTGTAAAATAGCATTTAAAATTAATGATAAAAACGTGGAGATTTTTGAAAAAAAAGCAGAAAAATATTAATGACAATATCTGGAGCATTATCTAACTTTAGCTTTAGTACCAGAGATTAGAAATAAAAATTAGTCTTCATTATGCTGCTTGCGATATTGTTCTGGTGATATACCAACTTTTGACTTAAATAATGTTGAAAGGTGATATTGGCTACTAAAATCATACTTTTCAGCAATTTTTTTCAATGAATCATTAGTTGTTACTAGTGTGTTCTTAATGTTTTCAATACGATATTTTAAATGGTATTGGTTAGGGCTCATTGAAGTTTTTTGTTTAAAAGCACGACGAAACCATGAATAGCTAACATGAAAGCTTTTTGCCAATTCTTCCATATTAACTATTGATTTTGAACTTTCACGTAAAATTTTCTCAGCTTTTTCTAAAACGTCTTCAATATATTGACGGCGACTGTCACTTTTTCCTCCACCAAGAGCTAAAGATATTTCATTAGCACCTTTCTTAAGCACGGAATATATTTTTTCGAATTTTGCCTGTGGAAGAGAGGTTGCAGGAGCCGTTGCCCAGATTGCTGCAACAGGATATTCGTTTTTATCAAAAACTGCTACGCCAACGCAATTACAGCCAGCAATTTGTTCTGACATTTCGAAGCTATAACCGCGTTGTTTAATATATTCAAGTTTGGTTTTAAATTCACTTTTGCTAGTGATTGTATTTTTAGTAAATTTTGTGAAATCCATCTTGCTCAGACATTCATCAAGTTCGTCTTCAGGTAAATATGCAAGAATGACTTTTCCAGGAGCAGAAGTATGCAGTGGGAATTTGAAACCAATATCAAGATGGTAGCAAAAGCCAGAAGTTCCTTGAACATAGGTTAAAACAGAGCCGCTATCTTTTGATTCATTTAATGTCCCAAGACCGATTGTTTCGCCAATTTCTTTCTCAATGTTATTTAAAACATCAAGAGCGACTTCAATTAACTGTTTATTATTCATTTTTTGATACCTCTTTACAAATTTTGACACTTTAAATTTACATAAAATGATAAAATCATCAAAATAAACCTTTTTATATCATAAAATATATCTAAAAAAGTCATTTTCAATAAAGACAAATCAATATTTTTAGATTATTATAAGAATGTAAAAGGCAAAATAGATTGAAGTTGTTCAAAATTGTAAATTTAAAATTTAGGAGAAAGAAGGTATGGGTATTTCAAAAGGATTATTCGCATCACTTGCATTATCTGCCTTGTTTGTAACAACAGGTTGTCAATGTCCATTTAAGTCGGATAATAGTGAAGTTACTTTCAAAAAAGAAATTATTGGTGTAAAACCAGAGTTATTTATTGACTTAGGTGAAACATTTTCTGTACCAGATGGTTTAGCAGTTGATGCAAATGGTAATATTGTATTAGCAGTACCAAATTACTTAGAGTATGAAAAGTTAGGTGCAAAAATTGTAACAATTTGTCCAAAAAGTGGCAAGGTTATTAGCACATTTAAAGAACTACCAAAAAACCCTGTAACTGGTGTTGTTCATCCAATGGGTATTGGTTTTGGTCCTGATGGTAATTTATATATTGCTGATAATAATCATTTTACAAACCCTAATCATCAATCACGAGTATTGCGTGTGAATTATAAAGATGGCAAAGCTGTTGATTGTGATGTTGTTGTTGAAGGCTTAGAATTGGCTAATGCAATTCGCTGGTATGATAATCAATTATACGTAAGTGATACAGTGGTAGTTTTAGAAGGAAAGAAAAACCAAAGTGGCGTTTACCGTTTTGATTTGAAAGATGTAGCAACTAAAACACCATTAAAGATTACTAAAGAAAATCAGAGCAAATATTTACTAACAACTTATACTGGCTATACTCCATTTGGAGCTGATGGTGTTACTTTTGATAAAGAAGGAAATATGTACTGTGGTTTATTTGGTGATGGTCAAATATTTAAAACTACATTTAACAAAAATCGTTCAGTAAAAGATACAAAAGTTGTTGTTGATGATCCTGCATTTGAGTGTAGCGATGGAATGATGTATAACCCTGCTGATAATAGTATTTATTTAACAGATTCAAAAATGAATTCAGTGTGGGTATATAATTTAACTGATAATACAATGCAACGTTTATGGAACAATAATGATGATACTGGAGAAACTGGTTTATTAGATCAACCATGTGAGCCTTTGGTGTATAAAAATAAGTTATATGTTGTTAATTTTGATATGACATTTCCTAACTTAATGAATCGTAAAAACGATAAATTCAATACAATTTCAGTATTTGATTTAAATAAAAAATAGTCTGTAGGCTAAAATTTATATTAATGTCTAATTAATTTGTTTTTTCATTAATATATAAGAAAAGAGATGAAAATATATAAAATGGTCAAATTCAAAATATGAAAGTGACCTTAAGATCATTAAATAAAATGATTATTTGGTTTTATTGAAAAAATAAAGCTAAAAAAACATAAAACAAAAAAAGGTTTTTGTTCAGGTTTCGATTTGAGCAAAAATCAATTAAAGCAAAAAAGAAATCATTTTTGATTTAACACTTTTTAATTTACTTAAATTATTATGTGTTATGTGCAGTCAAAAAAGAAATGATGGGCTCGCACTCTTTAGAATTAACACTTCTAAGAGTGCATTTTTTTCAAAAATTAATTAAGTCAGAGGTTACTTGAAATGTTTTTAGGGAATAATTACATAAAACTTGCAATGCTCACGTTAATGTCTTCAATTATTGGAGTAACTCATGCACAAAAAGTTTGCAAAAGAGATTCATGGGAAAAAGCATTAACTGCATTAAAAGAAAACAAGCAAAAAAAAGAAACTAATTATTATAAGTTAAATGATTGGTTTGTTTCGAGTACAGTAGCTACAAAGAGTTTTAATGAAAAAGTTGAAATTGAAGCAAATATAAATAATTTACAGCCTTTTATTAATGAAAATTTGAATAACGGTTGGAAAAAGGCATTGAAATCATGGAATAATGAAAAGGCAATATTTTTAGGTAAAATTCCAAATTCTGCTCAGTATTTATTTAGAACTATTGAAACCAAAAATAATTTTTCAAAGAAATTTTATTTTGGCAGTGACGATGGTATTAAAATTTGGCTAAATGGCAAAGAAATTTTTGCCAATGAATATTATGGACCCGTCAGAGTTGGTATGTTTGAGGTCAATTTTAACCTTAAAAAAGGTGAGAATG
CP151801.1_gap95	3404514	3405328	814	AACAATAATTAATGACGGAATTAATAATCCTAATGTCGCAACTGTTGCTCCAGTAATACCAGCATTGACATAACCAATATAGGTTGCCGCATTAATTCCAATTGGGCCAGGAGTTATTTGTGAAATTGCCACAATATTACTAAATTTTTCGCTAGTAATTAGTGCATATTTTTTTATTAATTCAGCTTCAAAAAATGGAATCATTGCCAAGCCCCCACCAAAAGTAAAACCACCTATCTTAGCAAAGATATAAAATAATTTTAAAAAGATATTATTCACAATCTTTCTCCGAATTTTCAGCGACTTTAGTCATTTTTAGGGCATTAATTTTGTAACGAATTATTCCCACAATTGCCATGACTACAATAATCAAAATAATTTGTTCACGAAAAAAATTAAGCGCTAAAAAGCCCAGTATAGCAATGACGATTTCAAAACGTGTTTTTACCACTTTTTGCCATAAATTTAGCGCAGATAAGAAAATTGTCGCACAAACTCCAGCTCTAACACCTAAAAAAACATTTTTAAGCGCTTCATTGTCTTGTAAATTATCTGTAAATATTGCTATTAATAAAATTATCACAAACGATGGCAAAACCATGCCTAAAGATGCAGTTATAGCCCCCCAGAATCCAGCCACTCTACTCCCCACAAATACTGAAGTATTTACTGCTATGATTCCTGGAACTGATTGTACAATTGCAATAACATCAACAATATCTTCGTGATCAATCCATTTCTTTTTTTCGACAAATTCATGCTCCATAATTGGCAACATCGCATAGCCACCGCCAACTGTAAATAGTGAAATTCT
CP151801.1_gap96	3416730	3420895	4165	AAAATTAGTTTATGTGTACGCATTTTTCAAATAATTTATGAAAATTGCAATCTTTGCGCTGACAGCTATATTATATGGTTATAATGGAGTGAATTTATGGAAGATAAAAAGCCAACTGAAAATAGTAAAAAGAAGCCTGCGATGGCTGGGGAAGTTATTGCAGGGTTTCCGAGTCCTGCTGAGCAATATTTAGAGTCGCCACTCGATTTGAATGAATTATTGGTCAAGCATCCAGCGGCAACTTATTATGTTCGAGTTGCTGGTGATTCGATGATTAATGCAGGAATTCAGCAAGGCGATATTTTGGTTGTTGACCGAAGTTTACAACCTGTTGATGGTTCGGTGGTAATTGCGGCAATAGACAATGAATTCACTGTCAAATATTTACGCACAGATGGCGAAAACGTTTGCTTAGAGGCTGCTAATGAACACTTTAAGCCCATTGTATTCAAGTCAGGTATGGAATTAAAACTCTTCGGCGTAGTAACCGCTGTCATACACCAGTTCGTGAAGTAAATTATTGTTTAAAAGGAGAAAATATGATTTGGAAAGTACTTTTTTATATAGAGCTTGTTACTGTTATTGCTGGAATAATAATTGCATTCTTTCATGGGATGGGAGTCGCGATGATTGCAATTGGTACTTATCTTGCATTTTTGACATGGGCAAAATTCACTCATGCAGAAACTGAAAAAAAATTAAAAAATATTATACCGTGGATAGAGCACGCAGGTGATTATAAATTAATTTCAAACAGTGAAATAGCTAACTCTGAAATGGATAAGCTACAGCAAAAATTAGAAGAAATTGGTTTCCAAAGCCTTGGTGATTATGGTTTTGGCCTGCAAAAGCCATCTTTATGTAGGATTATGGTTCATTATGACCAGCAAATCTGGGCTGAAATTCAAGAAAAGTGTGGCATATCATTTTATAGTTTTTACGTTGACGGAACGATTTTTAGATACTCTAATCAAAAAAAATATCAAACGAAAATCAGGTCTAAAAAGATGGTTTTCAAAATGTTCTCAGAAGATTCGATTCAAAATATTTATAAAAAAATTAAAGAGGATACGAACAATTACTTATTACCTAATCATATTGCCATTAAAACAGCAGATGAATTTATACGGTTATTGGATTATATTTCAATTCGGCAACAATTGCATAAAATTAGGTTCGTGATTCCTCACATTACTGTTGAAGCGTTGTTGAACTATGATATTTCTTCTAATTTAGCACAAAAAATGGTCAATATTCATGAAATGAAAATAGGTTTTTCTCAGTGCTCAAATTCGTACGAAGAAAATGGTGAAAACCCTCCATCTTTATCAAAAGAATGTCAAAGGAGAATAGCTTCGCGGGATGAATCAGAACTTCCTGATTTTGTTTATTTTCCCAAGGCATATGAAAGTGGAATAATACAAAAAAAATCTGGCGTTTGTGATTGTTGCGAACGAATGGTTGGTTACCTTTATAATGGAGTAATTTATAGTATTTATGATGTTGAAAACCTATGTGTATGGTGCATTGCTGATGGAATAGCAGCTCTTCGTTACTCAGGAACTTTCAATGAATTAGAGGAACAAATTTCTAAAGATACCTCTATTATTATTTGTCAGCAAACTCCAACGATTTTAAGCTGGCAGGATATTCAGTGGGCAACGTGTTGTGATGATGCAATGATTTATATTGAAGAGATTGGAACTAAAAGAGTGTTAGAAAAGTATCATAACAATATAGCTTTCGAAAATGCAATTAGTAAATTTGAGCCATTTCCTAATTTTGATCAACTTTATGCAGAGTTGCCAGACAAGGGCGAAAGCGGTTGGTTAATTCATGTTTTTCAGTGTCAGCATTGCAAAAAATACAAATTAATCTTTGATGCGGCTTAGAAAAACATATAGGTGAATAATGAAATTAAAAAAAACAAAATTCTCAAATGTCCAATTACACTTCATAAATTGCGTGAAGTTTTACCAAAGATTAAATATTCTAGTAGAACGTATACTCCATTTGACGAACGGTTACGTAAATGTTTTTTTGACAAATAATCAAAAGGTTGTTGTTAAGGATTTCTTTAAAACGATGAAAACAAGTTAAATAATTGTTATTTGCATATTTTAGTAGTATTATAAATCTCATGAAATAAATTATTGTTTAGAGGGAGAAAATAAAATGATTGATAAAATGGAACGCAGTATTTTTATAGCTGATGTTAAAAACTTTTTTGATAATAAAGTTAACACTTCAGTTTTTGAGAAATATGCAAACTTTAAGAGTAAAGATAAGGCTCTTAAAGAGTCTGTTAATGTTTTTTTAATGGATCTTTGTGAGGAATGTGAAGATAATTTTAATATAGAATTTGACGATGGCAGATTTGAAGAAAAATCTGAAAATGATTGGGTTAGTATCTATGCAAGAGAAGTTAATTTTAGCAATGAATTTATAAAATGGAGTAATAGAATGTTGTTGCTTTTAGAGTCTGAAACCGAAGTTATTGCGACTATTAGCGATAAAAAGACTAGTAAGCAGGCTTATTTTGGAGCAATTTATTTTTTATGTTTTTTTACAATTTTTATTTTTGCTTTAAAAAATATGATAGTTGGGATAGTGTTATTTTTAATTTTGAATAGTTTAACATCATGGCTATTTTTGAAATATTTTAATACTGCATCCTTACAGGTTGAACCTTTTAATAATTTACAAGAAATATCTTTAGCTCGGAGGAGTATGCAGTTTTTTGAAAAGATTCAGATAAATGAACAGCGATATAATTGCAATGAAGATATTCAAAAGAAAAAGACTTTTGGTTGCATTATCCTTCATATAATAGGTTATTTAATTATAATAGCACTAATTCCATTATTAATAATCTCCATCGAACCGTCAAACAAGAAAAATATTTTGAAAACACCAATAAAAAATTAACATCATGTACGGACTGATTGATTGCAATAATTTTTATGTTTCATGTGAACGCATTTTTGACCTAACGTTGGAGAATAAACCTGTGGCGATTCTCTCAAATAACGATGGGTGTGTGATTTCGCGCTCAAATGAATTAAAGGCGCTTAGCGTCAAAATGGGGACGCCATTTTTTCACTTGAAGCCGTTGATTAAGAAACACGGGATTGAATGTCGTTCGAGTAATTATGAACTTTATGGTGATATTTCGCAACGGGTCATGAATGTATTAAATCAGTTCACGCCTGAGGTTGAACCGTATTCAATCGATGAAGCTTTTGTGCGTATAAAATTACCTGAAAATCAGAGTTATTTTGAATACGGCCTGAAAATTCGTCAAACGATTCTGCAATGGGTTGGAGTGCCTGTTGGCGTTGGTTTTGCTTCGACTAAAACGTTGGCAAAAATCGCTAATCATATCGCTAAAAAGAGTGCTGACGGTGTGTTTGTAATGCCACAAAACCCAATGCAAATTCTTAATGATTTACCAGTCGAAGAAGTTTGGGGAATTGGACGACAAATTGCAAAACGACTTCATGCGATTGGTATTTATAAAGCTGGAAATTTCGCATCTCAGGAACAAGGTTTTTTAAAGAAAAAATTTAATGTGATGGTTGCACGCACTGCACTGGAATTGAATGACATTAATGCCGTTCCAGTTGAAGGTGTAACTGCATTGCCACAGAGTATAAGTTGTTCACGTTCGTTTGGGAATCCCGTTTTTGAGCTTAAATATTTACAAGAAGCGGTCTCAGATTATGCGAGTAAAGCTGCCGTTAAATTGCGTGAATCGAAGCAATTAGCGGCTGGGGCTCAAGTCTATATTCAGTATTATCCCGAATACAATCCAGTTTACCGTGAAGGCGGATTTCGAGGAGCAACAGTACGTTTTGAACAGCCAACGTCAGCTACTGGAACAATTTTAAATTCATTATTAAATGCGTTGCCAAAATTATTTATCAAAGGGCGACGCTACAAAAAAGCTGGAGTGGTATTTTTTGAATTAAGTTCAACAGAAAATGTTCAAGAACAATTATTTATCTTCAATGCCTACTCAAATACAGTAGAAAATTCTGAAAACGAAAAGCAAACTGAACTTTACAAAACACTAGATGAAATCAATAAAAAATTTGGTTCAGATACCATCTTTAACCTCTCAAGCGGTATCGAAAAGCCATGGAAAATGAAACGTGATCATTTG
CP151801.1_gap97	3488302	3489679	1377	TCTGAAGAATCAGGCGATGTAGCGTCAATGTTGACCAGTATTGCTGAAACCGGAGAACGTGAAGTAAAAGTACAGTTAAAGAGATTGTTAACTGCGCTTGAGCCAGCCATTATTATTATGCTTGCTTTGTTTATTGCTTTAGTAGTATTGGCGGTATTTCAGGCAATAATGCAAATGAATGCACTTTAAATAACTTATTATATAAAAATTCAAGGAGCTTATATTATGAAATCGAAAAAACATAAGAATTTCACCCTGGTGGAAATATTAATTGTTGTTGGTATTATTGCTTTAGTTACAAGTTTGGCATTGCCTACATACTTAAACCACATGAAAAATGCTCGAGTTTCTGCTGTCCAGGCTCAAACTACAGTACTTTATCAAGCAGTCACTTCGTTTTCAATGGATATGAAACGTTTACCTGACGTTAATATAGGGCTGGCCGAACTACTTGAAAATACTAGCAATAGCGCAAAATGGAAGGGGCCTTACCTCGAAGTTTATGAGTTACCGCTTGACCCATGGGATAATGATTACATTTATGTTGTTGAATCAAATGGGCGCTTTGAAATATTATCTTATGGAGCTGATGGACAGCTTGGAGGTGAAGGTGAAAATGCAGATATTAGTAATCGCGGTATTAAAAAACAATAAAAAGAATTTTTTTTTAAATAGTTATACGCTTATTGAAATAATTGCTGTGATCATGATATTAACTTTAATTCTGGGGATGGCAATGACAGCATTGCGTTCGAGTCCAGTATTTTTAACTGTGAATGCTTTAGCCAATGAGATTAGACAATTATGTTCAGATGCTAAACAGTCAGCTACCACTAAGGGAGAAAACGTTACTATTTATTTTGATCCAGAGAATAATAGTATTAGCTTTCAAGATGTCAGTATCAACATTGCAGATTCAATTAAACTATATATTGATGATCGCGATTTATCTCAGTTTCAAGAAAAAGAAAAATTGTTTTTATTTTATCCCGATGGTACAGGGGCTGAAAAAAAACTTACTATTGAGTATAACGGTGAAAGGGCAATATTATTTTTATCACCATTAACAGGACGAATATGTTTATATGAAAATTAAAAGGAATAATTTTACATTAATTGAAATACTAGCATCATTTTCAATTTTGGCAACTGCTGTAACTATAACGATGTATGTTCTGTCATCTTCAGCACAGCGTATTAGACGTGCTGAACAGGCACGTAACAACAGTAATAGGTTAGCTAATGTAGTTGAATTTTTTATGCTAAATCCTCAACATACTCAACTTGATAAAAAATTTTTCCCTTATGAAGACATGCAAGTTTTAGTAAAATATGAGGAAACCAAATTGCAGGAAAATTTTGAGCTCGAAATCAATA
CP151801.1_gap98	3492126	3493175	1049	ACATTGTCTTATCAAAAGCATCTTTAATAAGAATAAGATTTTTACGTTCCATTTTTTCTGCTTTTTCATGTGCGGTAATCAAGGCATTATGAGCCTGTTCACGACGTTGAACTTCATAAGGAGCAACGATGATATCAGAGGCTTTGCGCGCTTTTCTATAGGGTTGCCATCTTAGTTTTAAGTGTTACTACTATTTGTTTACCTTTCAAATAATACTGCAAACAATAATTCCTTTTGCCTTTTCGTTGGAATATATTACCTTTAGTTGTTCTAGCAATGTTTACTACTTGATATTTGATGTTACGTAATATTACTGCTATAAGACATTTATAATGAATAACAACAACATTGCAACAATAATTTGCTAAATATGAGGTTAAATTGGACTACTCATAATCCTCTGGTCGTGGGTTCAAGTCACTCAGGATCCACCATTTTCCTCCTCAAAATAGCCAAAAAGGTGCCATTTGGTACCGTTTCTAACTTTTAATGTTCTAAAATTGTTCTATATTAGCTAAATTAGATATTTTTAACAAATGTTTAAATTTGGAGATTTTCCATGGCTAAAAATTCGAGTAGTATTAAATTAGATATCGGGACTATTTATAAAAAAACTGAAAATGGTAATTACTTTTTTCGTTATCAAATAAATGGTCAACGCAAAGCAGTTAGTCTAAAAACTAAAAATAAAAAAGAAGCGATAGCCAAAGCTCAAGATGTTGTTCCGATTACAAAGGCTACAACTACTGAAGTAATTTCAGCACACGTCCAACAGGCTAGAAACTTGACGACTCAGAAGCAGAGTCTGCTACTTTCAATGGCGTGGGATAAATATAGCATTCATCCAGACCGAGCAACTCCAGCGACTGCACATGAAAGAAATTCATATCGTTCGACTTTTCGTGAGTTTGTAACTTTTGTTAATGATAAAAATTTAACGATGAACGATATAAAACTAAGAATGACATCAGATTTTGCTGATTACATGAAAAAGCAACAACTAGCTGTAGACACTCATAATCGTAAAATAAAAAGACTGATTAAAATTT
CP151801.1_gap99	3496915	3498352	1437	GACGCATTGTTCTTCTGTCACCGAAATAACGCCTTCTTCAGTGAATGGTTTAATTAAGCGGGTTACTAATTTTACAACTTTAGGGCGAATGTTTTCATTTAAAAATTTTGAAGTTTTCATTGTTGTTTTTCCTGTGCGTTAATTTTTGTTTGCACAGGATGGTGAGCAATATTTATTTTTGTTATCATTACTCTTTTATTAACAATTACTTAAAAAACTTGCACTATATTATACGAGACTTAACCCCGACATTCATAAACTCTATTTTTAATACTTTACTTAAGCTCAAAAGTTTTATTATCTCATAAAAATATGAGGTTCTTTTTGGTAGGTTATTTGTAGTAATAAATAATTATTAAATATAAATAATATTAGAAAGATATAAGCTATTAAAAAAAGTTATAAGATTAACTATGATATAGATTTAACTAAGTAAAAAACAATGATAATCTAACAACAAGGAATTAAAAAATGAAAAGATTTAACAACGAAAATAGTAATAGACCAAACAACAATGATAATTATGAATTAAACAAAGATTACTCAAGCAAAATAAAGAGATTACTTTATAGCTGTATTAATCAACATAATAAAGTATTTTTAGTCAGGTTTGATGTTAGATATCCTACAAGTTATGCTAACATAAATATTGAAAGTAATAGTTTGATTTGTAATTTTAATGAAAGCTTAAATCGTTACTTAAAGCGTAATAACTATGATCCTAGATGCATATGGGTAAGAGAACAGCATGAAAGTAGTAATCCTCATTATCATTTTGCTATTCTGTTAAATGGAAATAAGATACAACGTCCTCACAAGGTAATTTCTAAGGCAGAGTCTTTATGGAATAGACAGTTAGGCTTAGATTTTGATAATAAGGGTTTAATTGAATATTGTAATAAGGTTAGTTGTGGAATGATGATTTATAGGGATAGAGAAGAAACTCATCGTAATGCTTTGAATTGGGTTAGTTATTTAGCTAAAGTTTATAGTAAGAATATTAATACTAGGTTTCGTTCTATTGGTATGAGTAGAATTTAATATTATTCTTGTGATAGGGAGTGGTAAAGATTTTTTAGTAAGACAATAAAGAAAAAGCGGTTAAAGATTCAGCTTAGCTGCTTTTATTATTAAGAGAGTAATTATTTGATTTTATATTACTACTAGCTAAGAATGTGTCAAATATAGGAATTTTTTTTACTATGGACTGTTTAAGAAAAATTTAATATTAGGTGTCAGTTGTAAAATTTTAAAAATGTTATTTCCAAACTAATCTTATAATCGATAAAAAAAATTATAAAATTAGAAAAAAATTAAAGGAAATAATAAAATGAACCATGAATTATTTAAAGAAAAATATTACAATGATATTGATAAAGTTAGCACTAAAAATGAGGAAGAGCCAGCCTATCAAAATAACAAGGATTATCAGAGCTT
CP151801.1_gap100	3502385	3504462	2077	TGACTCATAACATGGTGATTCATTATTATATCCGCGGTAAAAAATATAACCTTTGGCTTTAGCTACTTTATCCCAAGAAAGCTTTAAGTGAAAATGTCCATCTTTGAAGTGTTTAACAACTTTAAGATTTTTTACTTTGCCAATAAGTTTTACTGGTTTGATATAATTTACAATTTTACTACTTGAATATAGTTTTTTCCCATTATGAAGTATAGTTATAACCTTATAGCTTAAACTGCAAGTTTCTCTTAAAGGAATACTATCAACAAAATGCAATTTGCCATCTTTTAAAGTTGAAGAACGATAAACTATTTTTTCTTCGTCTCCTAACCATCTTTCAATATAACAAGATTTTATCAAATCCAAGTTTTTAATATCAGTTGAAGCATCAATAACCATTTTATTGCTATTTTTAATTTGAGTAACATTATCTATCTTAACTCCAATTCCTTTTTCATAATATTTAGGGTTATAAGTCACTATAGTTTTAATATAATCACCCCCAAAAACGCTATTTGCAGCAATACCATATTGGTAGCTTTCCTTTAAAGAAATATTCTTATCATAAAATTTAAAATTCTTAAATCCTTTTTTAGTTGGAACTGTTAACTTTGGATAAATTAATTTCCATTGGTGATTTGGCGATTTACGGCGATAGATATTAAAACCCAATAAATTAAATCGCTTGTAAAGTTCAGCCGAATAAGTCCAATCTAATACTAGCTCTGAATAAAATGGACCTACTTTTAAATTATTCACTTTTAGTAATAGGGATTCTTTGTCAATAACTTCACTCTTATATGTGCCTAATGGTTTTTCAGCTTCTAAATTATCTTTATCAACGGAAAATAGACCATACTCATAATTATTATTTTTATCAAAAGTATGATCAATATAACCAAAACCTAAAATCACAGATAATTTAAAATCTCCTATTAATCGTATTCTGTCACCTGACCTCATACCACTCTTTGCCAACATTTTAGCAAAATCTTCTTTTGATACTAATTTTAAATTTTTCGTGTCAAGTTTCTGTTGAAGATAATTTTGATATTGGTCAGCTTCATCTTCAGATAATCCAGAAGCCTGCCAATCTCTACTAAAACTAATTTCTGGATAAATTGCTGTTGAATTTAATGGTTTCCAATTAATTGAGCCAACCAAACGACGTTTAACTTTAAAACCAACAGTATTTTCAGGCCAACCATTTATTAACCATAGTAATTTTACGTCCTTTTCATTTGCAACTCCATACAATCTAACTGTTGCCGTTTTTGCAAACATACTACACGTTAATAATAACGTGATAAATGCTAAATAAACTTTCATTAAATATTTCATTTTTACTCCTAAAATTATATTAAATTGCTACGTCAAAATCTGCACTTTCTTTATGAATCTCTCCATTTTCATCTTGATAAGTGCAAGTTAAATTAGCACCTAATTGCATTGTGTCTACTTTTTTTGCCATTTTAACATTTCCAGTAACATTACAATTATATTGGTGAACAGTTTGGTTCGGATTATCTTCCCAAAAATTCCAATTTGGCCATAATACTTTTAAGTCTGCTTGTGTATTTACTGATGCTGATATTTCTCCTTTTACTCCATTACTATCTAGTAATGCAGATGCTTGTGTATTAACATTTATATCTATCTTTCCATCGACTCCAAAACCAAAAGTTGCCGTTTGACTAGCTGTGGTGTAAGAAGATGAATTGAAATTTTCAGGATATTTAAAAGAAATTTGCTTATCCCATTTTATTTGTCCGCTCATACCTCCACTATGCATTTCTCCTGTAAATGGTTTTGTAAACGCAAAATTTCCATTAAAATCTATCTGTGAAAATACTTGTCCTTTTATATTTGAACCATTTACCTTTATCCCTTCGCATTGAATTGTTAAATTTACTTCTGAATTACTTACTTTAAAACAGGAACCTGATCCAGCGGGAAAGTTGATTATTGTATTTAGCTTTGCTTGGACATCTGTTTGTCCAATAATGTAATTTATTTTAGCATTGCTAGAAAGATAATAAGGCGATGATGCAGGGATATTTATAGCACCATTTAATTC
CP151801.1_gap101	3506167	3507495	1328	ACCATCAACTGCTTGTAAGCTATGAGGTGTTTCTAATTTATCAATATACCCACAATTATCACATGGTTCAGCATTTGGGTCTTCTTCTTCAGTATCTTTTCCCGCTTCTGCATTAACCTCAATATTTGGAGATTCTCCTACCTTAATTGTAGTATTTTCACAAGTAACGTCTAAAGAACAGTCAGAAGGCAAGTTATCACTATGATCACAGTGCTCTCCTCCAGAACATTCTTTATTACAAGTGAATACAGTACATGTTGAGCTACCACAGCTTTGGCCATTTACAATATGTTCTGTTGTCTTTTCATGTTTTTCACCAGGTTTCCAAATAGTTTTTTTACATGCTTCACACGTTCCTTCATCAGTATATTCTCTACCAGTATCATCTACAGTACATGAAGTGATCATGATTACATGCAGGCAGATTAGGTGATGGAGGGTCTTCTGCAAAAACTAAAAAACTAAGACTCCACAACCCTAAAACAACTAAAATTAATCTCAACAACTTCATTATTTTCTCCTCTAAATCATTTTGTATTTCTTAAATCAATATTAATATCACTGTGACTATTCCATTAAATAAACTGCAAAATATTTCTCCTTGAAGAATTTTAATATACCTCTACCTGAATGGCATTTCAAATATAATAGTCTAATACTTTAATTAGTTAGATTTGCAAATATGAGACTGTTAAACTTCATAGAAGAGTGCCATTCCTTTTGTTAAATTTTTTGGCACTTTTTTTTGTGTCTACATGAAATGGTGTTCAAAATAACCGAACTTTATATTTAGCAGTGAAAATAGGATTATTTGGGTTATATTTAGGACTGCCTGCACCAAAATTTGTCAATCTTTCACATTTTGGAATTGAATCATTAATAAAAACTATAAAGTCATAAACTCCATATTTTTGCCAATAGAGCGGGAAAACAGCTAGAGAATAATTTTCAAACTCATAAACTCTAGCGTTTTCATATTCATGGCAAATCACAGTTTGTTCATCATCAGTTAATGATAAATTCCCATTATTTTCAATAAAGAATTCATTTAATGCCAATAAATCTTCCTCAAAAGTAGGAGGTTGCCCAATATCATCATCATAAATATCAATTCCCCAGTAACCCAAGCTCCAGTCTAATAGTTCCCCAGGATTAAAGCCAAGATATAAACCACCAAGAGGAGTTCCAAATCCAGTATCAAATTGAGTGTAATAATTAGCAACATTTTGATTTAAAGGTTCAGCATAACTTATTCCATAAATTGAGACTGCTTTATAATTTTTATTCCTAGCCCAGTTAATTTTTTCATATAAATATTTTTCTTCAGA
CP151801.1_gap102	3580576	3584503	3927	AGTAAATTTCTCTAGGGATGAGTAATATTCATATAAATCTCCTACAATGATAAATTTTGAATATTCATTATCTTTTATTTCTAGGTGTACTGTTTGTTCAATGTCTGTCAAGGAATCCGAAATACTTTGTTTTATCTCATCTAATTCCTCGCTGTTAGGCAATAAAACAATAACACATTTTTGCTCTTTTAATTCATTTGTTTCTAAAAAAAATTCTTTACATTCATTTAGTACTAGTATTAGTGATAGAGCAAGCTTTTGCGTTAACATGTCATCATTTAAAACGTGAATTTCCAAATTAATATTGTTTCCTATAGATGAGAGAATGACTTTTTTGTCACAAATATCTCTTATGTGAATAAAAGGTAATTTACTCTTAAATTTTTCAATAATAGTGCTTAAATCTCTTTCATCAATTAAATCTTGAGATTTTTCTACAAGTAGAGATAAAGTGCTGTAACAAAAATTACTGTTATTTAAATTGCCAATTGATATGTTTATTACGTCTAAATATAATTTTTTGCCCATACTATCTTTATTTTTTTTGCAAAAAGCAATAAAAGAGTGAAGTAAATTCAAACCAATTGGAGTTTCATTTCTATTATTAAAGTAGTTGCTAAATATTTTCTCAAAACAATGAGTAGTATTGATTGCACTTAGTTCATTTAAAAGAAAATTCCCTAGATTATAATAATTTACACTAAAGATGTCTGAATCTAATAATTCTTCTACAACCCTTAGAGCTTTATCTTTTTGACCCTCTCTTGCTAGTATTTCGGAAGTTTTTAAATAATTCTGATTAGCATCTTCTTTATAAAAATCAATATCACCGTAAGTTTTAGCACTTTCGTACAAAAAATTGGCAGCTTCTAAATCATCATTTTTTTCAATTAAAATACTTGCCTTAACCTCTAACGACCTTGCTAATCCGTATTTATAATTAGAGTTTTCGTTAAGAGTTATAGCTTTTTCAATATACTCCAGACTTAAAGTAAAGTTTTTTAAATCTCGATTAACTTCTGCTAATAACCAATAAACTCTGGCTTCCTCTTTGTCTGAATTAATTTGCCTTGCTTTTTCAAGAGCTTCTTTATAAATTTTTATTGATTGTTCAGTATCACCGTTGTCTCTGATAACATTTCCGTAATTAATCAAATTCATGACTACTTTGTCTTTTAACTCATATTTTTGAGACAATTCAACAGCTTTAAAACCAAACTCTTTTGCTTTTTCAAACTTTTCCTGTTTTCTATAAATAGTTGTCAGGGCATTTATGATTGCCAATTGAATTAAACAATTTTGAGTATTTTTACTGCTCTGGAGTAGCTGCAAAAGCTTTAAACCGTATTCTTCAGCTTTATCTATATACTCATTTATTTGAGCTAAAGATCCAACTAAATTTACAGCGCTATAAATAAATCCTCTTGTAAGGTTACTTGTTTTGCTTATTTCAAAAGCTTCTTTACTAGCATTTGCAGCTTTTTTAAACTCTGATAACTCTATATAAATTTTTGAAAGACTTATAAGTAATGATGCTTTTATTATTGTGGGACATTTTTCTGCAGTTTTAAATGCTAAATCAGCTATATTTTTAGCTTCGTTAATTTCTCCATTACTAACGAGATCTATAGCCTTAAAAATTAAAATACCCGATTTAAGTTCTTTCATTATATCATTTTTGCAAAGAAGAAAAGCCTGATCAATGCAGTTTGAAGCTTCTGTTCGATTTCCTAGTAGTGAATGAATATTGTATAAATGATAATTTGCGTATGCTTTATCATTATCTGTTTTAGCATTTAAAAGGTTAACATTTAAAACCTTTAATGCAAAATTGAGATCTCCAGAGCTTTCTAAAAAAGGGAAAATATCGTATAGGAATGGTTCAACCTTTTCTGGAGTAATATCTAAAAGTATATATGATGCATCTAAAAATTGTTCACTTTCAAGATAAAAATCACCAATTTTCAATTTATAGAAATCTAGTAAAGAATGCTCTTTTAAGTACTCAATAATGAAATCTTTAAATGAGGAGTGAAAAATTTCAATAGTTTTATCACTCATCTTTAGTAGGTGTGATATCATTTTGATTTCTTCATCCATTTTTAAAGGTGAAATTTTCTCGAAAAATGTTCGCAAATTTTCAAAAGAAGTAACAGAATATGATATTGCTGAAAAAATCAATATTTCTTTCTGAGATTCACTTAATCTGTCCCAAATAAAACGTTGATACTCAATCAAATTTTTTGGCATTGGAATAATTGTAACAGTCAAATAATAATATAAAAAAAGTGGATTACCTTTTGAATAGTTACATAGATTGGTGAAATCTAGTGTACTGAGTGTTTTATTTTGGGCTTCTAAAAATTGTTCAATTTCTTTTTGCGAAAATGGTTCACATTCATAGAAATTACTACAATTTGCTCGGAATATATTTTTATTTTTTGAAGCAAATATAAAACGAGAATTAAACTTTTCTAATCTCATAATACGAGAAATAGTATCTGAATCGAAGTCACAATCATCAATGAAAAAAATACTGTTGCACTGTGCTAAACATCTCTGAAAATAATTCTTCGCTTCAATAGCATCTGCAAACTTTATTAATTGTTCTTCATTATCTTTTTTTATCCAATGATTGTTAAATTTAATATTTCTTACAATTTTAGATGAAACAAATAAAACTTTAATTTTTCTCAAAGAAGTAGTTAATGATAAATTAGAAATAATGAAAAAGCAAATTAAATTTGAAATGTGATATTTAAAAAGCTATTTTATATGAGTTGATTGGTGAGTTAATTTTAATTGAGAGTATAGATAATGGATAATATAACAAATGCTACAGTTAAATCTGGACCATATGTATCCCCTTTAAATAGACTAAAACTTTATAGTCCTGATGAATGGGAGACGTTTACACTGGAATATGTTCATTCTTTTGTTGATTCAAAGTTTCAAAAAGTTGAAAAGCTTGGAGGGGCTGGAGATATGGGGCGAGATGTTATTGTTTACGACAAGAATAATCCTGATATATGGGATAATTATCAATGTAAGCATTACCAACATTCGCTAACTCCTTCAAACGTATGGATAGAATTTGGAAAATTAATATATTACACCTTCACAAAAGAATTTAGTGCTCCACGTAAATATTTTTTTGTAGCACCTCAAGGCGTTGGGACTAAATTATCAAATCTTTTAAAAAAACCAGACGATATTCGAAAAACCTTAATTGAAAAGTGGGATGAAAAATGTAAAGCGTTAATAACTAAAAAAGAAAAGATAAATTTAGACGATTCTTTACTTACTTATATAAAGAATTTTGATTTCTCAATATTTGATTATATTACTCCTCACGATATTATTGAGCAACATCGCAAGACTCGTTATTTTATAGCACGATTTGGAGGGGGGCTACCAGCTCGTCCAGAGCCTGATAATATTACAGAAGAGCATTTACCAATAGAGTCAGAGTATTTAAATAAGTTACTCGAAGCATATATTGATTATACGAAAGAACATATAGATACGTTATATCATTTGACTGATGAAGAACTAATAGAGCATTATAAAGATTCTCGTGTAGAATTTTTTAGTGCTGAATCTCTGAAAAATTTTACTAGAGATTCTTTACCTGCTGGAGAATTCGAAAAACTTCAAGATGAAATTCATAGTGGCATAAAAAATTTAATAAGGAAAAGTTACCCAAATGGGTATGATAGAGTTCTTGATGTTATTGATAGAGCTAAACTTTTACCTCTCGACAATCACCCTGTTTCTTCTAAATTAACTATGCGTGATAAAGGTGGTATATGTCATCAATTAGCAAATGATAAAGAATCAATAAGGTGGGTGAAAAAATGAATGGCAATACTTTTAATAGTCCCCTAGAATTTGGGTTAAGAACATTAATAATACTTGTCGAAGTAT
CP151801.1_gap103	3588180	3590735	2555	GTAAATAATTATCTTGACTTTTTTGGAATCAATACTGATCTAAATGATAGCAATAATAAAATGAAAAGATCTGAATTAGATGATTTAAAAAAATTACATGAAAATTTACTCAGTAACACAGGTGAAAACTTACGTGATAGTATTAAAATATCTGAAGGTTATTTTTTAGGATATAAAATTCCACAAATAAATGAAGAGTTTGATTTGTTGAGATTTGGAACTAAGTATATTATTAATATTGAAATAAAAAGTATAAGTACTTACGAAAAAATAAAAAAACAACTTTTGAGAAAGAAGTATTATTTATCTTTTTTAGAAAAAGAAATACATTTATTTACTTATGTTTCTAGTACAAATAAATTATACCGCTTAGGCAATGATGAAAATATTACTGAAGTTGATTTAGTAATTTTATATAACATGCTTTTACAGCAACAATTAGATATTATTCTTAACGTTGATAATTTATTTAATCCACTAAATTATTTAGTTTCTCCGTTTAATTCTACCAAAAAATTTATGGAAGAAAAATATTTTTTAACTCAACAGCAGAATAATATTAAAAGAGATATTATAGGAATCATTAAAAATAGTAATTCAAATTTTATATCAATTACTGGTTCAGCTGGTACTGGAAAAACTCTTTTGACATATGATATTGCTAAAACACTATTAATGCAAAATATGAGAGTACTTATTCTGCATTGTGCAAAGCTTAATAGTGGACAATTTTTGTTAAAAAATGATTATCAATGGAATATTCAAATGGCTAGACCTGGTCTCAGTGAAGATTTTAGTAACTACGATTTAATTATTATTGACGAAGCTCAAAGAATGACATCTCATCAGCTAAAAACTATATATGACAAAGTCAAACTAATTGTAGTGAATTGCATTTTTTCTTATGATCAAAAACAATGCTTGCATGACAGTGAATCTTTTCAAAACATATCGGAGCAAGTGAAAGAAATAATACATAATAATAAACCATTCAAGCTCACCAATAAGATACGAACTAATGAAGAAATAGCTTCTTTTATAAAATCATTTTTTAATGAGAAGAAACAAAAAAATATAAATGCTAGTTATTCAAATATTGAATTATGTTATTTTCAAGAGAGAAAACAAGTGATGGCTTTTTTAGAACATATGTCCACTAATAATTGGACAGTCCCTCGCTACACTGATGGTAGAACTACTACATTTCAATATGAAGAGTACCAGTTACACTATGGAGAAAACACTCATGAGATTATAGGTCAAGAATATGACAATGTAGTTGCTGTTGTGGACGAACATTATGCATATTGTACTAAGGGAAATTTAGCACATATGGGAGGAGGATATTATTCTATGACTAAAATGCTATTTCAAATTATGACTAGAGCAAGAAAAAAACTTTATATTGTGATTATAAATAATGAAGAAATGCTCAAAAGATGCCTTGAAATATTAAATTAATTATCTTTAAACTTTTTTATAATTTCCTCAATTTTTTCTAATGGTAATTTGTCGATGATTTGTTTTAGCTGGGCGCGTTTTTCTTGAAGAAGTTTGTTTTCTTCAGTTTGAGTATTGCAGAAGTCGACATTCATATCTTTGAATGCATTTTTGATATCTTGTTGATTTGCGTGCATTGAATAATGCTTAGTCATCTCTGGAGACATATGACCGACTACTGCTTGCACTACTGCTAGAGGAACGTTGTGCATTCCAGCGTAATAGCAAAATGAATGGCGCAGGCTATGCACATCTTTTACACTCACTGCTCGTGTGCGACCTTTAGGAATTTTGCTGGTTGTAATACTTATGCCTTCGAGAAACTTTTTAACTCGATGTGAAATCCCAGAGACGTTTTTTTCGTACATTTCAGCATGTTCTGGGAGGACGTATTCAGATTTATCTTTAGATGCTTGTTCTTGCAGAAAAGTTGCTAATGGTTGCATAATCGGTATCATAACTTCTTTTTGCGTTTTACGAGTCGTACGAGTAATTAGTCTCTCCGCTAGGTTTACTTCATTCCACTTCAATAAGCATATGTCAGCTTCGCGCAATCCAGTGTATAAACCTATAGTAAACAAACCTCTAATAAAGTCGTTTGCTTTTTCAAATATAAGGGTTAATTCTTCAGGAGAAAATGCTTCAAGTTCTATGATAAATGCGATTATTGATATTTGTGTTTTGTAGATTGCTATAGACTATATTTAACTACAAAAGATGTTTTAGAGTTATTCTTGAAATATATTGATTTGGTGATAAATTAATAGTTTGAAGTTATTATGATAAAATGGTGATTTTGGTGCAAATTTACAGTGTAATAAATCGTAACCATTTAGTACCATTTAAGAGTCTAAAAATGCCAAAAAGTACCATTTTTTGATAATTTTATTTTTCACATAAATTTAGCTAAATCAGATATTTTTAGTTCAATATTTAAAAGTTATGAAAATTTTTGAGGAGAGGGTGTTTTGCTCAAAGTAGCCTAAGCCGCTACCATTTTTGAAATTTCCAAGCACTTGATATTATATCAAGTGCTTTTTTTTATTGTGATTTGG
CP151801.1_gap104	3597489	3602431	4942	CGCTTTGACATTTTCTGATCAATTTTAAGGCTGATTTCACCTTTGATTGCAGGGTCGATAATGTAGCTAAATTTTAAAATTTGAGCAAATGGCACAATTAAATCATTTAGTGAAACTTTATTAAAATCAACTGCTAATGATACTTTTTTCTTTGCCTCATTTTTAGTTAATAATTTTTCATAAAAAGGATTTGGTTTACTATCAAGTTGGGATAATAATTTCTTATGCCCCAAAATTTCGTTGATACTAGCTAAATCTTTTTGCGCTTTTGATTCAAATTTAGCTTCAATTGGTTTTAGTTTATTAATATTTTTAGAAGTTACAAGTTTGACTTTATTATCTTTGTCATTTAAAACTGAAAACGGAATATTTTGAGGCCTTTTCCACGGTTCTTTCGGTGGAGGTGGTTCTTCTAAAAATTGACACGAAGTTAAACTTAAATTCAACATCATTAACATAATCATTACATAACTATATACTTTCTTCATTTTACTAAATTATCCTTATTAATAATAACATAAAACCTTCTTATCAAGGGGATTTTTGTCTCCCCCAGACTCCTTCCATGCCCAATACGGGCGGCACTCCTTATGGCGGAGAGCGTTTTTAATCAGCTATGCATATGATAGCTTAGTATTATTCCTTATTTTGTTATTTTTATTAAATTATCTTATTTAAAAATTTTAATTTTTAATCTACATTATGAAAATGATTCTATGCTACGTATTATATTGTGAAAGAAGCTATTATAATTTTAATAATAAAAATTCAACACAATAAATTCATTTTCCAATATAAAAATATTTACTTAGTACAATTACATTCGTACTGAGGCGGCAAAAAAACGTGTGAAGCAAATTAAAATATCTGTTCATACTACTTATCTCGCGATATCATTGCTCGTCGAAAACATAAATAATGCTGAATCATTCTTCAGAGCCCTTAATGTTTAGCGTCTTTTTGAAACCATTTTTTGCTAAAATTACACTTTTTTTATTTATCTTAATTACCTTAAACCCTAATGGTAAAATGTCATTTTCTTGATATGATTGAGTTGGGTTTGGCTGTAGTTTAACCTCATTACTCTTTTTCTTTTGTGGTTTACCTTTAGCCTTTGATTCATTTTTTTTTACTGGATTAGCTATCGCTTTTCCTCTAACTTTAATGGTCGCAATTTTGGTTTCGTCATAAATGATAATGCCTAAGAGTTCAATTTTTTTAAGTTCATTTTCTATTTTTTGTTCAATATTATTTGATGCGCTATTTGCTTTTGCTTGTGAAGTTTTCTTAATATTTTTAGTTTCAACTTCAGGATAAACTCTACCGTAATCAAAAATATTTGCGGTACTGATTGGCAACTGTTGAAGTTCATTTTCTGATAATTGTGCAATTGAATTTAAACTAAACTCTGAGTTATCTTTAGCCTTAATTTTCTTTTCAAATTCATTAATTGAGTAATTTTTTTGTTTTTCGCTATTAAATAAATTTTTAACTGTAAAAAGAAAGAAAAAAGCTAAAACTACATTTGCTAAATAAAGAAATTTAATCATTTTTTTCCACCTTTTTAGTTTCATTTTGTTTTTCAAAACGTTTTAATGATAATAATACCTCTGGATCAGTAATTTCGATAACATTTAATGCTCCACGAATTTCAAACATATTTTGGTTTGAACTTTTTAGACCGTCTCTTCTGCTGATATTTAAACCGCTCCAAAATAATTTAGGGCGATGTTGTGAAATTTCTTTAGTAAATAATGCAAATTGTTGCGCTGTAGTAATGCCTCGAACATTTACTGTATAATTAGTTATTCCCTCTGCTGAAGATATTTTTTTAAAAACACTGCCAACAGTCTCAAATTCGAATCCACTACCAATCGCAATATTTTTAAGAATTGCTCCAAGTTCAATTTCGGCTCGACCATTTTTTTCGGATTGCCATAAGTAATCACGGTTTTTATTCATCAATTTTAACTGATTGGTAAACTGCAGTTGTGGTTGTTGCGCTTGTTTTAGCTGCTTTATTTTTTTTTCAATCTTTTGCCGTTGATTTTCAAAATCTTCATCAGTTAGAAAAAAATTATGATTTAATTCCCCAAGCCAACTTTTGACGGCAATTATTGCCAAAATTACAATAAAAATAGCAATAAATATTTTCTTCTTTTTCATTATTTACCATCCCCTGATAGAGCAAATTCATTAAATTTTAACTGTATTGTATATTCATTTTTCCCGTCAAGAGTTTGTTTTGTTTCCCCATTATTATCACTAATAATTAAAGACGGCACCGAGAGTATTTTAGACAATTTCAAAATATTTTGTGAGGAAATAATTACCAAATTTAGCTTGTTATTCTTAATGTCAAACTTACTAATCATACAGTCCTTTGGCAACTTGCTGTGTAAATGATGAACAATAAAATCAATACGGCTGACCCCTGGCTTGTAATTAATTAAGGCTGTTATTTTTTTATATAATTTTTGCTGTTTTTTTGTTAGTACTGCTAATTTTTTAAGTTTATTATCTAGCTGGTTATTAAGTTCAACATGGTTGTTAAATTGTTGATGTTGACTTTGCCACTTGGTGTAGAATCGATAAAAATTAATTAAAATCACCAAAAATAACATTAATAAACATATTTGTTTAGCTGCTTTATGACGTTTAATTTTGATATTTTCTGGTAAAAATTCGGCTAAATTATTTTTTGAACCATCGCATAGATTTTGTTCAATAATATCTTTAATTTCATCCTCTTTTGCCGCATAATTTTTATGGTTATCCTTGAAGAGTATATAATCAAATTTAAGGTTATTATCTTTGCAATGTTCAATAAAATCATTCCATTCATTTTTTAAACAACAATGAATATTTATAAGCAACTTTGTATTATTGTTATTGCAACTATAATAATATAAGATTGCAAATTTATTTATATCAACTGGGAGGTGTTTTTGCAATTGAAAATTAATTAAATTAGCTAGTTGATTCTCAGTTAAATTATTATTGGTGTTGATTGAAAATTGTTCAATTACTGAACTTTTAAAGTCTGCAATTAAAGCAATTTTATTTTTTTGTGAATTGATGCTTTGTGAATAAGTTTCAGCTAATGACGACTTTTCTGAGCATAAAAAATCAATATTTATGATATTTTTCTTAACAAAAACATTATAGATACAATAACCTTCATCTTCATTTATTTCATAAAAAACTTTCATATTATTTAAACACCAAATACTTTGTGAACAATCAAATAAAAATAGCCAATAATAAAACGACACTTAAAAATAACTAACTTAAGTTATAAATAGTCCTACTTAATATTAATACCAAATTATAATTAGTCAAAAATTTTTTTAAAAAAAGTAATTTTTATTTGTAAGATAAATTATTATAGCTATTTTAAAACAAAGCATTTTAGTATTTTTTGATATGATTTGATATATATATTATAGTATTTTAAGGAGATATAAAAAAATGAAGTTATTGAAGCAGTTGTCTGTTGGCGGTATTTTATTACTGGGGAGTGGAAATCTTTTTGCGGTTGATAATGATTTAGTTGTCTCGTACAATGAATTAACAGCAAATTCCATGCAATTAAATTGGCAAAATCTTTCTAATGCTAAAGGTTACCAAATTTTTTGCAATGATCAATTATTACTAACTACCAAAAATAATAGTTATGTTTTTAACAATCTTTTGCCGAATCAAGATTATAATTTTTCAATTAAAGCTTTAGATGATGATGGAAATGAGATTAAGACTGGTTCAAATTCTATTACCACATTAGCGGCAAATAATAGTAACTACTTTCTATTAAATTCATATGCTTTCGATCAATTTGGTGCAAAAGTTTCTTATTATGATGGCGTAGAGATGGCTATGAATGAGCTTTTTCCGACTCATAGCGAATATATGGGAAAATATGATGATCCACAAAAATGGTATAATTTCTATAATATTAATGCACGAACTCCTTACAAAACTCAAATTCGTAACGACATAAATTTTAACTTCTTTGAGAGAAGTGGCGATACTATTTTAGATAGTGGAAAAAGCAGATTTGCAGCGATGACTTTTGATGGATTTTTTGTTGCCAGCGAAGATGGTGAATACACGTTTAGAGTTGAGCATGACAACTCTTTTATTCTTGAAATCGATGGCAAAGAAGTTTTCAATGATATGAAATATTGCACTTATGAAGAAAAGAATATTTTTAAGGTAAACTTAAAAGCTGGCGTACATCGCGCAAAAATTACTTATTATGAATTTTCTGGAGATAAATCGACTCTTCTTATGGAGTATGCCGGACCAACTTTTGGTTACAGACCTCTTGATGGTTATTCATTTGTTCAGTTAAATGATAACGTCCAATCTTATTTAGCAACAGATGCTGATTTTGACGGCGTTGCGGATTCACTTGAAGCTGAAAAAGGCTCAAGCAATAGCTCTTGGGATACAGACAATGATGGTTTAACAGACTATGAGGAAATTGTTCAATTTAATTCTCAAGCGAACCAAAAAGACAGTGATAATGATGGCATTGATGATGGAATTGAAGCAAAAATTATTAACACTAATTTATTAGTCGCTGATAATAATAACAATGAAAATTTCTTCTCAAATGTAAATAAAGATGTGCAAAATGATAAATTAACTTTATCATGGAATTATAATGGGCCAAGCGTAGCGCAATATAAAATTTATCGTAACTTAAACTTAGTGGGTTCGACGACGGACTCGACTTATTCATTACCAATGATTTCTGAAAACGATGTTTATTATATTGTTGCGGTGGATACAGAGGACAAATGTAACTATAGAAAAGTTAATTCTATTAGTTTAAGTGATGACCAACAAGCATATCTTAATTGGAAAAGAGACAACAACGTTGCTCTTAATTCATTATATGATGCGGATTATGATGGTGACGGTCGAAAGAATTTAC
CP151801.1_gap105	3611751	3615966	4215	TCAAAATTAGTTTCAATTACAGAGCAAGCAATTGATGGTTCACAATCATGGAGCACTGCTGAAGGGTTAACTTCAACAACTTCAATTGTTCGTGATGGAGCTGGAACAGTGACAACAACTTCAGTTTCACCAGATGGTTCAAAATCGGTGACTGTAACAGTGAATGGCTTAACACAAACTGTAACAAATACTCCAGGGAATACCGTTTTATACACATATGACGAGTTTAATCGTGTTTCAACTGTGACAGAAAAACATGGCGAAACAGTTGTTAATACAATCAGTTATGTTTATAATGACAATAGCGAAGTTGTGAGTGTAACTAGTAATGGTCAAACAGTTAGCTACGAATACGACAACCGTGGTCGTCGTGTGAAAGTTACTAATCCAGGTAACCGTGTGGTGAATTACACATTCTACCCGACTGGTGAATTAAACACTGTTGATGGAGCTGATACATACCGTCAAGAATATAGTTATAATGATCTAGGTCAAATGGCGACATTGAAAACGTTTAAGGATCTGAATACTCCTCAAACAACATCATTTGAATACAATAACCGTGGTCAGTTAGCGAAGAAAACATATAACGACGGCAAATTTACTAGCTACGAATACAATGCTGATGGTCAAATGAGCAAACGTATTTGGCATCGTGGAGTTGAAACAAGTTATAATTATGACAACGCAGGTCGTCAAACAACTATTGATTATAGCGATGCAACTGCTGATATAAGTTTTGACTATGATTGGATGGGCAGAGTTACAAGCGTAATCGATGCGACTGGAACGCATGCCATTAATTACAATGCTAATAACACGGTTGCAAGTGTGACAGTGCCACATTTATTAAATACAGTATTCAATTATAGTTACGATAACCTAATGCGCCGCACTAATTTGACATTGAGTAAAGATGCTAGTAATGTATTAACTAATAACTATACGTATGATAATTTCAATCAATTAGCGACGCTTAGCGATGGGGTTAATACGGCAACGTATATGAGAAAGCCAAGTACCCGTCAATTAAGTTCAATTACGATAACTAAAGATGTAAACGGAGTTCCAACAACGATGATGACGCAAACAAAAACATATGATAATCTTCACCGCATGAAGAAGATTTCTAATGTTGCAACGAGCGTTAATTCAAGTATGGAATACGATTATAACGATAAAAATCAGCGTGTGAAAGCAACGTTAGCGGACGGAACAGCATGGGTTTATACCTATGATGAAAAAGGTCAGTTAATCAATGCGAATAAGTTCGACACAAGTGCGGTAGCGATTCCAAACCACTTCTATGGTTATGAATATGATTTAATTGGCAACCGTTTGACGGCGAAAAAAGAGACCGATACAAACATTTTCAATTACACGGCAAATAACCTAAACCAATATCAAAGTGTGGTAAATGGCGCAACTACTGAATCATTCACCTACGACGATGATGGGAATATGTTAACTAATGGCAATTGGTTGTACACGTATAATGGTGAAAACCGTATGACAACGGCTGAAAGTGGCACAAAACGCCTTGAATACACATACGATTACCAAGGTCGCAGAGTTGAAAAGAAAGAGTTCGACAACAGCACCCTAATTAAACATACAAAGTTCGTATATGACGGCAACAATGTTGTCGCAGAGTACGAAGACAATGCTCTAAGTAAGAAATACCTTTGGGGTGAAGATGTTTCAGGTTCGATGGCTGGAGCTGGGGGAGTTGGTGCATTGCTAGTGGTGAATGATACAACTGAGGATTATTATTCAATGTATGATGGTAATGGAAATATTGTAAAATATGTAGACGAAACGAGCAACGAAGTTGCAAGTTTCGAATACACTCCATTTGGCACAATTAAAAGTGCGAGTGGTTCAATGGTTGACGAATTACATTATCGATTCAGCACGAAATATTTCGATAATAGCACAAACTTAATCGTTTACCGTTATCGTAATTACAACCCAACCCTTGGTAAATGGCAAACCCGCGACCCATTAGGAGAATTCACCGAACAAAATAACTTCAATCTTTTATACGGTTTCGTCACAAATATCCCTGTCAGTTATGTGGATTATTTGGGGTTAAGCGAGTTTATGAAGTACCAATACGAGCAAGTCTATGGCACTCCATATGTAGCAACGGACCCTGATATTTCAAATATTTCAGCTGTTAGACATACTTTGAAATTTGAAATTGATGGAAGTGAAGAAGAAAGAAAAATTTTACCCAAAAATACAATTCTTTTAGATACATCTAAAGCATGGGCTGATTTTAAAAATCGAATTGAAAAGCTATTTGCAAAGAGATCGTATGATGAAAAATGTCATTGTATCGAATATTTAGTACTAATTCAACATGGAATTGGTAAGACTACATTTGAGAATAAAGATAAAGACAGTTATGGAACTTTGTTTCTTTTTGATGAAACACTGGTTCGTTATGCGCGTAAATGGAACCCTAAAACAAGAACGTATGAACGTTATATAAAAAATAGGGCTCAATTTTTGGCGCAGGATACAAAAAAATATTTAAATTTTATTGCAAAATATTTATGTAAAGATGAAGCCACTGTAGAATTTATGCAGTGTGCAGCGGGACGAGGTTCAGAAGGCAAAATGTTACATGATGATTTAAAAAGTGTTCTTGGTGAAAATACAAAAGTAATTCTTTATACTACGAATGTTACACCTATAAAGTATTTTGGATTAATAGACGGTATTAAAGGAACAAGGAGAAAATAATGATGAATAAAATAATTAAAATTACAATTTGTTTAGTTGTGATAGGTGTTATTATTGGAATTTTATTTTCCAAAGAGGGAAAAAGAAATTGTTATGTAAAGAACCTGAAACGTTTTTCATTATCATCAGCATATTCAGTATTAGAAATAGTTAAAGCTGATAAAAATATAAAGTTTGATGAACTTTATAAAATACATAAAAGTTATTTTTTGCATTTAAATTATATGATCAATCCTGATTTAAATATTTGGAAAAACTTAGATAAAAAGGAATACAATAAGTGCCTGTTTATTGTAATAATTGAAAAGCCTGAAAATTTAAAATTTAATTATATTGGAATTTTTTATAAAAAAAAACAATTTATTGCTTTAGAATTAAATAATCTTTATAATGTGCCATTTTTTTCAGATATAGAAATTAAAAAAGAAAATAATTTTTAATAAATGCGAAAATAGTTACGGGGTTAAGTATGACTGAGTTGTTGGAGTTTGATGATAAAATTGGAGTTGGCGAAATTTTGGAGATTTCGTCAGCTAATCATTTTTTGTATTTTGAAAAGAAAGAATTCGATAACAACACGCTAATTAAACATACAAAATTTGTTTATGATGGCAATAATGTTGTTGCAGAGTACGAAGATAACACTCTAAGTAAGAAATACCTTTGGGGTGAAGATGTTTCAGGTTCGATGGCTGGAGCTGGAGGAGTTGGTGCGTTGCTAGTGGTGAATGATACAACTGAGGATTATTATTCAATGTATGACGGTAATGGAAATATTGTAAAATATGTAGACGAAACGAGCAACTTAGTTGCAAGTTTCGAATACACTCCATTTGGAGCGCTTAAAAGTGAGAGTGGTTCAATGGTTGATGAATTACATTATCGCTTCAGCACAAAATATTTCGATAATAACACAAATCTAATCGTCTACCGTTACCGTAATTACAACCCACAAACAGGAAAATGGCAAACCCGCGACCCATTAGGAGAATTAACAAAAGAAGGAAATTTCAATCTCCTATACGGCTTTATCCAAAACAACCCAATCTCAAAATTAGATAAATTAGGATTATATTGGTCTATAAAGCGAGAGGGTAAAAATTGGGCTGAAGCGAAAAGAACAGACTTAAAAAAAGACCCTATTTCACATTTAGCTTTATTAGTGAGACTAAATTATAGAGAAAGAGAAAAATGGTTAAAAAATATAGACTATAGCGATGTATCAGAAAATGATTTAAAAACAAAATGTAAGTTTAAAGTTCCTAATACAGTTTCAGTTTACACTAGTAAACCAAAAGGAGGCTTTAATGGTTATTTAACGGATTCAACACTTTCAGGATTTGGAGCAGTTACATCTAACGCTTTAAAACGAGGTAAGGCGGCGGAAACACTAGGTTTTAATGTTGTGTATTACAAATCTTACGATTCTGCCTACATTTTCAAGCATATGTGGAAAATTAGTGG
CP151801.1_gap106	3647744	3651582	3838	ATTGCAGTTGCTTTGGTTGATTATCCTTTGATGGATCGTTATAAAACTGATATGAACACTCTTCAATGTATTACCCAAGCAGCTCGGAGCGTACAGTTTATTAGGCACAACGCCAAAAAATATAACATTAATTCAAATAAAATCATTGCTTTGGGATCTTCAGCAGGCGCAGGTATTACATTATTTTTAGCAACAAATGAATTGAAAGATAGCGTTGCAGAAAATAAGATGTATCGAGAGTCGTCACGTATTGCTGTTGCGGGTCTTTTTGATACTCAAATGGGTTATAATTTTTTTGATTGGGAAAAATATTTCAAAATAAAAATGAAATATTCTCCAAAAATTGTTGCACAAATGAGATTTCATTATAAACTAAAAAACATTAATTCAAATGAAGCTCTTGTTTTAAGAGAAAAATTAGCGTTTCAAGAGCAGTTGACTAAAAATTTTACACCGCCATTATTTTTGAGCTGCTCGACGGATGAATCTGTTCCTTTAGATCCTAACAAGGTCGGTCAAATGATTCATCATGTAATGCATAGTAATGTTTTATATATTAAAGCTACTGAACAAAAAATTAAGTGTCAATTGGTCATCAAAAAAAAACGTTGTGCGAATGTTAAATTGCCAATTGATTTTGTTAACTTTGCCTTAAATAACCTTAAGGGTAATTCAAAAATAAAAAATAAAAAATAATTTTTTTAATTTATAAATAATTTTATGAACTAAAGGACTAAGAAAAAATGATTAGCGAAGAAGATGGTTATAGTGAAAATTTTAATGTTAATGGTATGATTTTAGCTGCGGGAGCTGGTACCCGACTTAGACCTTTAACTGATAATACTCCAAAAGCATTAACTAAAATTTATGGACACAGTTTACTTGATATTGTCTGTAATAAGATGGCTAATGCTAAAGTAACCAACATCGCCGCAAATAGCCATTATTGTGCTGGTAAAATTTCAGAGTGGTTATTAGAAAAAGATGACTTAGACTTTGATATTAAATTATTTCATGAAATCCCCAATGCTCTGGGTACTGGAGGACCTTTAATTAATGCAAAAGAGCATCTTTGTAAAGACAATGCTAATTATTTTATTCTTCATAATTGTGATATTATTAGTAATATTAACTTACAAGAGCTAATTTCAAAACATCATAAAAATGTGCAAAAAAATCCTAAGAATTTAGTAACGATGTGTTTGGTTGATGGTTCTGAACCTAGGATTGTTGTTGATAAAAATTCCTCTAATATTGTGAATATGCGCGATGTTTTAAATATTGAAATAAATGATAACCATGAACGCTTCTCTTATGCAGGAATTAGTTGTTTTTCTACAGAAATCTTTAATTATTTGCCAAACGAAGTTAATGATTATTGTATTATTGAATTGCTTTTAGAGTTGATGCACGACGAGCAGATTAGCGTTGGTTCTTATATTACAAATGAAGATATTTACTGGAATGATATTGGTTCAAGTAGCTGTTTTTATGACGTGCATAAGTATATTTTAGATAATGAACATCACGAATTGGAGCTTTTGGGCTGTAATATTGACAATAAACATGATTTTTGGAGTGATTGTAAAAATTTACTATTTCTTGAAGAGGAGAGTAAACAATTATATGCAAAAAATAAGTTAAAAATTAATAATAATCAACGTGCGATATTGATTCATGATGAACAGCAAGAGCATCATTTTGTTGTTGATTATTTCCATTCGCAAATTGCTAAGATTTTACAAAATCTTTTTGATACTAGTCATATTATTAAATTTACTGCAGAGCTTTTAAAAGAACAGGGTTCAAGTAGAAGGTTTTATCGCATTAATTTTTTAGAACAGTTTGATCATGATTTGCAACGTGCTTTAGCAAATAATAGTGAAGTTTTAATGATTTCTAGCAAAGATGATTTTGATTTTGAAAGATTTATTGAGTATGGAACAATTTATCGCAGTCATGGTATAAATGTTCCAGAAATTTATGGAGTAGATAAAGAAAATCATGCAGTGTTAATGGAAGATTTTGGTGATTTTTCACTTTACGATTTTCATATTTTAAATGCTGGCGATGATCAAAGTGTTTTAGCTTGTTACAAACAAATTATTGATGAACTGATTGTATTTCAAAATCAAGGACAGTTAATTACTAATACTTTGGCTTCGCTACGTATTTTTGACCATGAATATTTGCGCTGGGAAACAAATTATTTTTTGGAATATTTCTTACACTTGTATTGCAAAGAAGACTTAGCAAAACTTAAAAACTCTTTGGATGAGATTTTTGCACAACTGGCTCATATTTGCTTAAATGAAACTAATCAGTGCTTAATTCATCGTGATTTTCAATCGATGAATATTCATCTCAATTTACAGAATAATTCACAAGTTGGCATTATTGACTTCCAAGGTGGAAGGATTGGATCACAGTTTTATGACTTAGCATCATTAATAAATGACCCATATGTCAATTTAAACCCATGTATGCGTGATGAGTTGTACTTATATTATTGTGAAAAGACTAATTTAAACAGTAAAGAGTGCTTAAAATCCTACTTGGCAGCAACATTACAACGTAATATGCAAGCGCTTGGCGCATATGCTTTTTTAAGTTTAAAGAAAAATAAAAAAGATTATAGGCAATATATTTCGCCAGGGCTACGTTTATTAATAGAGAATTGTCAGAGAATAAGTTACATCGATGATAAATTTAAAAAATTACTCGAAATCGTAATTAATATATAAAAAAATTGCATTAATTGTTATTGAAAGTTATCATAAGTAGCAAGTTTGTTATATATTAACTTAGAGGGGTTTTTAAAATTGTTTCTTGTGATGAATTATAATTTTAGAAAACTTTTAGATTCAGAGATTTCTGGATGCAAAAGTCAATAATATGAGTAGGGATTTAAATGAATATAAAGAAAGTACAGGTTATACTACAATTTTTGTTTGTGCTATTGAGTTTTAATTTAATGGCAGATGATAAAAATAATAGTAAAAAAAATACACAGCAGTCAAATGAGCAAAAGAGTGAAAAATCACCTAAAGTTAATTCGAAAAAGGTGAAGAAGCCTTCATATCTTCAGTTAAATGGTGATAAATTAACAGATAATGAAAAACAATTTATTAAAAAAAATTTGTTATATCGCAGAGATCGGTTAAAATGGGTTTCGGAAGGAGTAGTGTTAAGTCGCTTAAAAAAAGAATCTTTGGTCAAATACAAAGAGGTTATCCAGATTAGAAAATCTGGGGCTAGAAAAAAATATGATCACCAATTAATTGAGATTTGTTTAAAGCAGTATCGTGATGATCTTAAGCAAGCTGAAATTTTGCGCAAGGAAATAAAAAAATATTTATATTTAAAAGATGGTTCACAAGAGAAAATGCAAAGCCGTAATATTGTTAGAAAAATTATTACTAGAGCATTTAATAATCAGTTGAATATAGAGAGACAACGCCTTTATATTGTCAGAAGAGCTTATGAAAAAAGTGTGTACTTAACCGCAAATCGTGAATTTTTTACTGAACAATTGGCTCAAGAAAGATATCAAAACATTTTGAATGGAGTTGGTTTAAAAAAAGGAGGGCGTAAAGGCTCCCATAATAATATGAACAAAAAGAGTGGTATTCTTAATGGTCTGAATATAAAATCAAAAGATAAAAAAGCATTGGTGTCAAAATTAGGAAATGAGACTTCAAGTAAGGGAGTTGACCAATCTTTAGTCAATTTGTCAAGTAATCATCTTTTGATAATGTGTTATTTAAAGGTTACTAATTATGATCGATACGTAGATATTGTAGAATTAAAGAAGACTAATTATACTGAATTTATTAAA
CP151801.1_gap107	3652683	3656537	3854	TGGGTAAAGCGTTTTAAAAATAAAACTGGTGAAGAAATTTTGCCCAGTAAGAAAAAACGCTACTTCGCAAATATTTTGTTAGCATTTTCAGTTCTATTTATTTTTGTAATGCTATTTTTAGTTTCGAGCCGTGGAGCTTTTGTCGCATTTCTATCAGCTATGGCATTCGTTATTTTTGCAACAAAATGTAAAATGTTAGTAAAAATTTTGATTTCTGGATCAATAGTGTTGTTTATTGGATTATTGGTTAGTGATATTGCCGAAGAATCATTTTTTAATGTTAATTTTAAAGATCGCTTTGAATATTTGGTTTCAGTGATGAAACTAATTTTAAAAAACCCATTTTTTGGCAGTGGTTGGCGTGGATTTTACCCTGAGTATATGCAATTGCAAACACAAATTAATGACATTGATGTTGTGCCATATGCCCCATATAATTTTATTTTGTCTTCCGCAGTACATACTGGAATCGTTGGAATGGTTTTAGCAGTATTTGTTGTCACATATCCATTATTTATTGGTTATAAAGCATTAAGAAACTCTTTTAAAAGCGATAATTATATTTGTCGTACAACAGTTGTTTATTTTGGTTATTTGTCCTTTTTAATGCACGCGATGTTAGATTTTAATTTACAGGCGACAGCTTTGGTTGCTCTAGCGGGCATGTTGGCTGTAATTTTGGTTTCAGAGGGAAAAGCAAAAGTCATGAAATTTGATAATTCAACGGCTCTTTTTAGTCGATGGTTGTTGGCAATTTATGCAATGTTGACCATTTTTATGGCTTTATTATATCGTGAACATGCGTTGAAGCAACATCGCTTAGGTCTTGAACTTGAAGATATTAATGAACGATTTGTTAGTGGTCATTTATCTCGTATTTCTAAGTTGCAATATCGGTGTATAGATGAAAACTTAAGTCATTATGTTTGGTCTCCTTATCCTTTTATTAATGTAGCAAAAATGTTACTATTTACCAAAAATTATAAAGAAGCAATTTTTTATTTAAATCGCGCAAAAATGGTAAACGATCAGTTGCCGCAAATTTATTACTATTTAGCTGTCGCTAACGACAAATTAGGAAATATTGAAAAAAGAGATGAGTTACTCGAAAAATTAATGACTATAAATCCAAGCGGTAAAGAAATAGATCTAAATAGTTTAAGGAATTATGAATTTTATAAAGGAAAATTTCCTAAAATGGGCTTCAATGAAGCTCAAAAACAGTTTAATAAATAATAACGCTAAAATTGATAGTTTTACATTGTCTGACGGAGATAATTCTACAGTTATTATTGAAGCTAATAGTCCATTAAGTGCAACTGTTGGCTTTAATCATTATTTGAAATATTATTGCAATATAACAATTTCATGGGATGTTGATGTTGTTGTTCCAAAAGTGAAAATTTTACCGAAAATTGGTAAAAAATTTAGCAAAAAAACAACAGCAAAAAATAGGTTTTTTCTGAATTATTGTACATACGGTTATACGTTACCGTACTGGAAATGGCGTGAATGGGAACGTTTAATTGACTGGATGGCATTGAATGGTGTTAATATGCCATTGGCAATGACTGGGCTTGAAAAAGTAATGATTGATACATTTACTGAGTATGGTCTAAAGAAAAATGAAGTTTTGAAATGGTTTAGCAGCCCCGCTCATTTACCGTGGTTTTATATGTCAAATATTGATTTTTGGCAAGGTCCTTTACCCGAGGAGTATGTTAATCAACAATTTGAATTAGGGCAAAAAATTATCAAACGTGAAGCAGCTTTGGGTATGAAGCCAGTTATGATGGCATTTAACGGTCATGTGCCACGCGAATTTTTTAAATTATATCCAAACGCAAATATTAAAAAACTAGGCTTTGGTTGGTCAGGATTTAAACATCAGTATGGAACATATTTTTTAAACCCAGAAGATAAATTGTTTGCAAAAATTCAAAAATCATTTATTAAAAACTTAAAGAAAAATTTTGGTGATGTTAGCCATTATTATGGCTTGGATCCATTTAATGAAGTTACTCCCCCGAGCTGGAACCCTGAATATTTAGCAAAAGTAGGTAAACAAATCTATCAAACTTTAGAAGCTGCTGATAAAGATGCTGTATGGGTGCAGATGGGTTGGTTGTTTTACCATAATCATAATTGGACAAATGAACGTACTAAAGCATTGTTGACAAGTGTTCCAATTGGACGCATGATAGTTTTAGATTATTTTGCTGAAAATGTTGAAATTTGGAAAAAACGTGAACAATTTTATAACGTACCATTTGTTTGGTGTTACCTAGGAAATTTTGGTAGTAATGCGAAGCTAGTTGGTCCAATTCGACGTGTTTATGAGCGTTTGAAAAAATCACGTGAATTACCAAACTTTAATGGTGTTGGGTCAACATTAGAGGCATTAGATTTTATTAATCAGCCTGCCTATGAATATGTTCTAGAGCAAGCTTGGAACGATAAATTAGTAGCGCCTAAAGAATGGGTAAAACAGTACGCAATGACTCGTGGTGGTGTTAATGATGTAGCCGTAATTAAGGCATGGGAGTTAATGCAAAAATATGTCTATAACCATGACGGTAATACTCATCATGCGAGAAATGTTTATATTAGCCGTCCTCGTTTGGATTTTAAAAAACACGGATACCAACGTTATAATTATACAGATAAACAATTATTTGAAATTTGGACAGAGTTTATGAAAGCAAAGAATTCAACCAAGCAGATGTCTCAATATCAATTTGATGTAGTAAATGTTGCACGTGAATTTTTAGCGAATTATGCAATCAAAATAAATAAAAATATTCATGATGCTTATAAAAGCCGTGACTTAGTTAAGTTTGAAAAGAATAAGAAGTTATTCATTGAAATTGCTCTTGATCAAGATAACTTAATGAAAACACGTGATGAATTTTTAATTGGTAAATGGATACATTTTGCACGTCGCTTTGGAACAACTGTTGATCAAAAAGATTATTATGAGCGTAGTGCAAGAACGTTATTAACAACATGGGGCGGAGGTTTATTAGAATATGCGAATCGTGATAGTGCAGGGTTAATGCGAGATTATTATCTGCCACGTTGGGAACTGTTCTTGGTTGAATTAGAGAAAAATTTAAAAGATCCTTCATATAAAGTTGACATGAAAAAAATTAATAGTCAGTTTCATAGACATGAACAAGCTTGGGCTAATAGCACTGATGGTACTGAAAAATATATTGCCCGCCCTGTTGGTGATGTGAATCAAATTGTTAAGGATTTATATGAAAAATACTGCAAATTAATGAAAAACTAAAAAAAAATTTGCATATTCAGAAGTTTGAATTAGTTTAGCCGTTATGATAAAGAAATCATGACGGTTAATTTTTAAGAGGTAAAAATTTTTATGAGAATGAGACGAGAAGAAAAAGACAATACGAACGAAGAGTCGATTCAAAGTATATTAACTGAAAATGAAGTGTGTCATTTAGCATTAGTTGGTAAAGATTTACAACCTTATGTTTTACCAATGAACTTCGTGCATATTAAAGGGGTGGTATTTATGCATAGTGCGCGCTCTGGACGTAAAATTGACATGATTAAGAATAATTCAAAAGTTTGTTTAGAAATTTATGAAAGCAAAGGTCTGCGCCCTGTTAATGATGTTGAAAAAGATGCGGTATGCAACTCCAGTACAATCTACCGTAGCTTAATCGCAAATGGCGAAGCAGGATTTGTTACAGATCTAGAACTAAAACAGAAGGTATTGACTGCAATGTGTGATAAAATGTATCGTAACACTGGTATGGTTATGAAATATAAAATGACGCCACGTCATGTTGAGGCGGTGTGTTTGATAGCAGTTAAATTATCTGATA
CP151801.1_gap108	3660283	3660783	500	AATGTTAATTTTGGGTGTGGTTGAGTTATTAGATTTTGATGAAAAAATTAAGTTTGATGGCAAAAGGTGAAATTTACAATATAGGTGGGCCTAATTTACATAAAGAAGATAGAAGAGGAGGTTTATAACTATGAAAAAAATAGTAAATATTTGTTCAAAATGGATATGTATTTTAATTAATGCTTTTTCTGCATTTATTGAAGTGACCTTTGATTTAAATGAATCATTAGAATCATTCGAAAAATCTTATTTTGTGGCATTTGAAGAAAAAGATGCAGATCTTTATTTTGATCTAAACTGTAGACTAGGAAGAATTGAACATACAATACAATTATTGAAAACAGCATGTTTTAATTTTTTTATTCTAAAATTGATTTTATCGTCAATATTTTTAACTATTTATATAGCAACTCGAGAGAATAAAAGAAAAAATATTCCAGAAAAAAAATTAAATGATAGTTAAATTTAAATAATCAAGTATTTTTTTGCAAACGGTGGTA
