gap_id	start	end	length	sequence
CP159307.1_gap1	2553	5154	2601	CCCGCCGTCCGTCGCCCCCAGGTGCCAGCTTCCGATGTCAAAGCCTAGCAACTCGACTCCCGGGCGGGTGAACACATTGATGATACCCAGCAGGAAGACGAACGGCAGGATGATCAGAGACCTCTTCAGTACGTAGCCCAGCGGCAGTTTCGAGATGCCGAAGATCGAGCCCAAAATAACTAAGTAGGCGGCGAAGGTCGCCCAGCTGCCGGCAGGGGTCAGCACCACCGCCACGATGAAAAGAAACGACAGCAGGAACTTCAGCCTGGGGTCACGTCGGTGAGCTGGGCTGACGAGGTGGCTGTACTGGTCTAAGAAACTGTGTCTCATCTTCTTCCAGTTACGGAGTTGAACGGCGAGACCGGGTGATTATCCATCCGATTGCGTAAACTGCGCCGAACATGACCAATACACCGAACCATCCCGCCAGAATGGTTGCTAGGGTTTCATTCTCGACGCCAGGGAAGACGTAGTCGGCGATTATCTGGAATGGGGCGTCGCTCGCCTTTTCGATGAATCCATTATCCTCGGCGACTCTCTCGAGGCCGTCGGGGGAACCGGATGCCAGCGGCGACAGCGTCGCCAGCAGCAGGGCGGCGCCGAGGCCGATGAGCCACCACTTTCTGGGGGTCATATCCGCTCCAATTGCAGCACGTCAGCGCGGGAGGCCATAACAGCCGAAACCACCAGGACGGTAATCAACCCCTCTCCGATGCCTATGAGAGCGTGAACGGCCAGCATTGCCGGGCCGACGACCTCGAAGGCAGACATACCCGATGCCGCCAGCTCGACAGCGGCTGCCAGCGAGGCAACCATCACCGAGACCCAGCCGGCAATGGCGGCGCCGGTGAGTTTTGCCCAGCGCCCGTCGCCGAGCATCGCCGCCGCCGCCCGGAAGATGAAATAAGCCCCGAACACGGCCAGGATTCCCATATTGAGGATGTTGGCGCCCAGGGCCGCCAGCCCGCCGTCCTGGAAGATCAGCGCCTGGGCGATGAGAACAGCGGACATGATGATGACCCCAGCCCACGGCCCGATGAGAATGGCGCACAGCGCCGCTCCGATGAGGTGGCCCGATGTGCCGCCGGCAACCGGGAAGTTAAGCATCTGGGCGGCGAAGATGAAGGCCGCCAGCATACCCATCAGCGGCACCTGCTTCTCGCCGATTTTTTTGGCGGCGATCTTCACCGCCGCGCCGAGACCTCCGGCGGAGATCACGCCGGCGGCGGCCACAGTGGTCATATTCAAAAAACCATCGGGAATGTGCATTTGGATTCCTTCATTACCGGCAATCGGCGCACAGGCCGGTGATGACGTGGTGGTGGAGGTCCGCCTCGAAACCGTGTTTCTTTCGCAGCGCCTGGGCCAAAGGCGCCAGGGCTTCCTCTGACAATTCAACCACCTTGCCGCACTTCCGACACTTGAGGTGATGATGGTGGCCTTCCTCGGCGTGGTGGTAGACGTGACTGCCGCCGATGTCGGCCTTGACCGCCAGACCCAAGCCTTCGAGGAGTTCCAGGGTCCTGTACACCGTGGAGCGGTTGACGCCATCAACTTTATCCTTGACCTGCTCGTAAATAGCATCGGCGGTCAGATGCGCCCCTTCGGCGTGGAGGATGTCCAGGATAATCCGCCGCTGCGGCGTCAGCCGGTAACCCTTAGCCTTAAGTATAGTAGTGCAACTCATAGTTATTGCGACTCTTTGCAATAAGTGATTATGACAGACGGCTCACATCTGTGTCAATGGTTTCCTCCCGACGCGGAATGGCTTAAAATAAAAATACGATGGAACCTGTCATGGACAAATGCCTTTTCCCTTTGAGTCGCACCGTTTCTTCAGACGGGCTTAACCACAAGGTGCTTTTTCAATGTGGCGACGGCAAAACCGTTGAAGCTGCCTTGATGCTTTTTCTTAATCCCGGCAGGCGCCCCAGGCGCACCGTTTGCATTTCCTGTCAGGTCGGCTGCCCTATCGGCTGCCCCTTCTGCGCCACCGGGCGCCAGCCTTTGGAACGCAGCCTGACGGCTGATGAGTTAGTCTCCCAGGTTCTGTACTTTGAAAATTCGTTCAGGCCATCGGCCGCGACAGCCACCCCCCGAGAAAGGCGATGGCTGACCAACGTCGTATTTATGGGCATGGGGGAACCCCTGTCCAACTTTGAAAACCTGCGCCAGGCAATCGGCTTCCTCGGATCCCCCAAAGGGCTGGGGATGGGGCGTCGTCAACTCATGGTCTCAACCGCCGGCCTGGCCCCTCAAATCGTCCGATTCGGAAAAGAAAACATCCAGGCTGAACTGGCTGTGTCCTTACACGCCGCGGATGACCATCTCCGGGATGCCCTGGTGCCGGTTAACACCCGCTACCCGCTTCAATCCGTGATTGCAGCCTGCCGGGAATTCATCCGCTTGACCGGCCGTCATATTTATTTTGAATACGCCCTGTTCGCCGGAATCAATGACTCAATTGCCGATGCGGACAAACTCATCCAGCTCATCGGCGGCATGGATTGCCCGGTGAACCTTATCTTCGGCAACCAGGTGGGCTCGGGAGGGTATCAGCCCTCAACTCGGACGGTCGCATTTGACTTCCAGAAACGTCTC
CP159307.1_gap2	122370	126665	4295	CAACCGCTGGACGTGCCCGCTTCGGATCATGGCCGAAAAGGCCGGGGCGGAGAACGGCCGGGTATCGGATATCTTCCTGCCCAGGTGGCTGGCCGATCATCTCTTCCAGGTAGGCATCGCCCTATTCGTGGTCGAGACTTTGTGGCTCGCGATAAGCTTTATCAACCGATAGGAGAATTTCATGACAAATAAAAAGCTCACTCTGGAGATCCCCGAGGAGTTGTTCAACCGGTTTTTCACCTATCTAATCAGTCAGTCCGAGGCCAGGCGAAATCCCACCTTCCAGGAAGTTAACGCCGCCGCTGAAGAAGCCTTGACCCGCTGGCTGGATCAGGCGAAGAAGGCCACCGCGGAGAAAGACTGATGCCAGGCGCACATGTCGCCAACGGCAAATAGCGAGCCCATCGCGAGTTACATCGGCTCCAATCGTAGTTGAAGCTGGAATGCTTTACGCCGCCTGTCTTTTGACCTATAATGGAAACGGTATCCCCATCAAAAGAGGTCTGTCATGGCTAGCCGTTTCGACAAATTCTCAGAGCGGGCCCGCCGCGTTTTAACCTACGCGCAGGAAGAGGCCCAGCAGCTCAACCATAATTATATCGGCACCGAGCACATCCTCCTGGGTATGGTTCGCGAGGAGGACGGCGTCGCCGCCCGCGTCCTTATTAACCTGGACGTCAACCTGGCCAAACTCAGGAGCGCCGTGGAGTTCGTCATCGGCCGCGGCGAGAAACCCTCCGCCGGCGAAACCGGCCTCACCTCCCGCGCCAAAAAGGTCATCGAGCTGGCGATTGACGAAGCACGCAGCCTGGGGCACAACTACATCGGCACCGAGCACCTGCTGCTCGGCCTGCTGCGCGAGGGCGAAGGCGTCGCCGCCGGCGTCCTGGACAGCTTCGGCATCAACGTCGAACGCGTCCGCGCCGAGATCGCCAAGGTCCTGGCCCAGGGCGCCACCTCCCGCGGCCCGGCGCCGGTCAAAGCCGGCAAAGCCCCGGGCAAGACTCCCAACCTGGACTCGGTCTCGGTGGACCTGACCGCCGCCGCCCGGGCCGGCAAGCTGGACCCGGTGGTAGGTCGCGTCAAAGAGATTGAGCGGGTCATCCAGATTTTGTCCCGCCGCACCAAGAATAATCCTGCCCTCATCGGCGAGCCGGGCGTCGGCAAGACGGCGATCGTCGAAGGACTGGCGCACCGCATCGTTGCCTCTGACGTGCCGGAGACGCTGGAAGGCAAACGGCTGGTGTCGCTGGACATCGCTTCGCTGGTCGCCGGCACTAAATACCGCGGCGAATTCGAAGAGAGGCTGAAAAAGATCATCGAGGAGCTCCGCTCCGTAGGCAATATCGTAATTTTCATTGATGAGTTCCACACTATGGTCGGCGCCGGCGCCGCCGAGGGCGCGGTGGACGCGGCCAACATCCTGAAGCCGTCACTGGCCCGCGGCGAGATCCAGGTCATCGGCGCTACCACCCTGGACGATTACCGCAAGCATGTCGAACGCGACGCCGCCCTGGAACGCCGCTTCCAGCCGGTACTCGTCGAGGAACCGTCGCTCGAGGACACCATAGAAATCCTGCGCGGCATCAGAAGCCGCTACGAGGAACACCACCGCCTGGAGATTACCGACGACGCCTTGCAGGCGGCGGCCAACCTCTCGGCGCGCTATATTTCCGACCGCTTCATGCCGGACAAAGCCATCGACATCATTGACGAGGCCGCCTCGCGCGTCCGGATCCGCCACCGCACCAAGCCCATGCCTCTGAAAGACCTCAAGAAGGCCGAAGACTCCTACCGCCGCGATAAAGAGGCGGCGTTGGCCACCCAGCAGTACGACTACGCCGCTGAACTTCGCGAGCGTGAATACCAGATCGCTGAGAAGCGCCGCAAGATGGAAGAGGAGTGGCAGCAAGAGCAGGGCGCCACCAAGCCCAAGGTCAGTAAAGAGGACATCGCCGACGTTGTCTCGATGTGGACCGGCGTGCCCCTGCTGCAACTCACCGGCGACGAGACCGAGCGGCTGCTCCATATGGAAGAAGCCCTCCATCAGCGCATCGTCGGCCAGGACGAGGCTATTGTCACCATCGCTAAAGCCGTCAGGCGCGCCCGGGCGGGGCTCAAGGACCCGCGGCGCCCCATCGGCAATTTCGTCTTCCTCGGCCCCACCGGCGTCGGCAAAACCGAACTGGCCAGAGCCCTCGCCCAATTCATGTTCGGCTCTGAGGACAATTTGATCCGCATCGACATGTCGGAATTTATGGAGAAATTCGCCGTTTCCCGCCTGGTCGGCGCGCCGCCCGGCTACGTCGGTTTCGAGGAAGGCGGCCAGCTGACCGAAGCTGTCCGCCGCAAGGGCTACTCGCTGGTGCTGCTTGATGAAATCGAGAAGGCCCATCCCGACGTGTTCAATATCCTGCTACAGATCTTCGACGACGGCCACCTGACCGACGCTAAAGGCCGCCGCGTGGACTTCAGGAACACCATCATCATCATGACTTCCAATATCGGCGCCGATCTCATCAGAAAAGGCACCGGGACCATCGGTTTTACCACCACTTCGGACGCCGCCAAAGCCGTAGATATCGGGTATGAGCGGATGAAGGACAAGCTGCTGGCTGAGGTCAAAAAGAGCTTCCGGCCGGAGTTTTTGAACCGAATTGACTCGACAGTGGTCTTCCATTCCCTGACCCGCGACGAGATCCGGAAGATCGTCGACCTTCAGCTCGTCTCGGTGACCAAACAGCTCAAGGAAAAGGGCATCGCCATCGAGATTACCGAGCCGGCTAAAGACGTCCTGGGCAAGAAGGGCTACGACGAGGTTTACGGCGCCCGCCCGCTGCGGCGCGTCATCCAGAACCTCATCGAAGACCGGCTGTCCGAAGACTTGCTGCGCGGCGTCTTCGCCTCCGGCGACACCGTCACCATCGACGCCGCCGGCGAAGCCGAGGAACTGGCCTTCAGCGTCCGCCACCCGGAACTGCCACCCCCGGCAGTTGAGGAGCAGCCGGCGCTGGCCGCCGGCGGCAACGGCGCTTAGCCGAAGCTTTATCGCTTGCCAAGAGCCCTCTCGGTGAGGGCTCTTTTTTATGCCCTAAAAGCCCAATGGGGGGGGAGGTTTCACCCGGTAGAGGTGAACTCCTGTTAACCCCTGCCAAATATGGTTATTAAACTATTATTAAAAATACGCATATTGGCGGATACCTAAAACAAACGCAGGTATTTATAATATTAACGTAATCTTAGGCGCAAGCAGTAATCAGATGCTGTTTAGCGCCCATAAAACGGAGGAATCTGAATGAACAAGTACCACAGCACCATGTCACGCCGGGACTTTATGAAAGCTCTCGGAGTCGCCGGTGGCGCCATGGCCGCGGCACCTGCGTTTGCCGATCTGGATGAAATGGCAGCCAAAGACGGCCTGTACACCAGGCGGCCTTGGTGGATCAAGACCCGCGAACACCTCGAGATGACCACCGATGTCGATTGGGACGAGATGCAGCGCTATTCCGAGAATGACACCATGCGCGGCACCAAGGCCAGCGGGTACCGGCTGTCACTCTACGACCAGGCCGAATGGGACCGTCGGGCCGCGGTCAAAAAGGAGGAAGAAACCAAATTCCTCAAAGAAGACAAACCCGGCTTTGCCCTGAAAGACCTGGCTTACTCTTCCAATGTCGGCAGCAATCAGTCAGTCAGCCAGAGTTTCCTGGGTGCCCAGAAAGCCACCCTCCCGGAAGCCCGCGGCGTCTCAAAATGGCAGGGCTCTCCGGAAGAAGCCGCCTCCCTGCTCCGCACCTTCATGCGCAGCGTAGGTGCCATGAGCATCGGCTTCGTCGAACTGGAAGAGGGCAAGACCAAGAAGCTGATCTATGATTTCGAAGGGGGCGGCAAGATCCGCAACGTCTGGGAGGATACTGACAAGGCGTCCATCCGTACCCTGGCCAACGGGTTCCAGGATAACGTCATTCCCAACTCTTTCAAGTATGCCATCGAAATCATCAACCAGGAGTCCATCAATCTCTTTAAAGTGAACCCGACGCTCCTTATGTCCCAGATCCGCTATGGCCGCAACGCTAACACCCAGGCGGCCACCATGGAGTTCATCCGCAGCCTCGGCTACCAGGCTGTTGGCCAATACTCCATCAACACCATCGGCATAGCTCCGGCGCTGGCCACCGTCTCTGGCCGAGGTGAAATGGGCCGGATGAACCGCCTGATCACACCGGAGCACGGCCCCATCGTCGGTGCCTTCACCATGCTGACCAACCTGCCGCTGGCGCCGGACAAGCCCATAG
CP159307.1_gap3	130832	131589	757	ATCCACCGTGCGCTCTTTCCCGCTTGACTTGCTTCAGATTTGAGATAACCTATTATTTATGGCGGTATTCAGTTTTTAAGGTTCAGTACAATAAGAAACGGCCTGGCGTTTTCACCAAGCCGTCTTGGTTAACACCGCTGTCTGCGCTTTATGCTGCTTTATTTAACATCATAATTTTCAAACGCGAAGGCAATAATAGCACAGGCTGCAAAGCCATGTCAAGCCCCAGTCTAGCTTTATTCCGAGGGGACTGAAGTCCGTTTTTTCGCAGTACGTCACCGACTTTCCGCGGCCTTGACACCGGAACGGTCTTTGACCTATAAAGGTAGTCCGACGATATCCTGATAGTTAAGGGGGCAAGCTTCCATGAGAGCCGACAATGAAACCAGGTCCATCATCAACGCCCTGCTGGAACAGACTAAAGCGGCATTTGAAGCCAGGAACGCCGACGCGCTGATCAAGCTGACCACCGACGACCCGAATATGCTGAACATCGGCATTGCCAAAGATGAACTGTCGGTAGGGCCGGGGCAGCTCAAGGAGCGGATGCAGAAGCATTTCGCCATGGCCGATACCATCACCCTGAAGTACGGCTACACCACCATCAAGTCCAACGGCAACGTCGCCTGGGTGTCCAGCCACCTCTGGGAAACCCTGGTGAAAGGCACGCGCAAGCTGCTCCTGGATATGCGCATGACCGCCGTGGCTGAGAAAATCAACGATAAATGGGGCTGGAGCGAAATGCACTGGTCAATGC
CP159307.1_gap4	293641	295114	1473	TTGTCAAGGCTTGCCGCTGATGAGGTTGATTTCATCGAGATGGCAGCCGCGAACGTTATTAAAAGCCTGGTTAAGATGAACGGCCCGGTCGTGGCTATCGACAAGTCCGGCTTGGGCGGCCTTCACCCTGGCTTGCGGCGCGCAGTACTGCGGCAGCTGCTGTCGGCATCGCTGGGGAGTCCTAAAGACATCGAGGCGGTTCACATCGAAGATATGATGGATATCGCCCGAGGAAGTGCCGGCCGCAGTGTAGATCTTCCCGGGGGTCTGGCGTTTTCCGCCGGCTATTCAGAACTGTTGCTCGGTCGCGACTTGAATGCTTTGATCTCACTGCCGCCGATTGAAGGCGCGCATCCGCTGAATATACCCGGGGTGACGGATATTGACGGTTGGCGGGTTGTCGCAAGCATTAGAGATGCGGTCACAGAAAAACAGCCGGAAGTCGAGGCGAGTTCTTACGCCCAGTCATTGGATTTCGGCACTGCCGGCGGCGAACTGATGGTACGCGCCCGACAGCCGGGAGACCGTTTCATGCCGCTGGGCATGGGCGTTGAAAAGAAGCTGAAGGACTTCTTCATCGACGCCAAAGTCCCACAAAACCGGCGTTCCCGCGTTCCTATCGTTGTCAACCCTGGACAGATCGTCTGGGTGGCAGGCTGCCGCCTAGACGAACGAGTCAAGGTATCACCGGCCACGGCGAGAATTTTAAGGCTGGAATTTGAGCGCCGTTCCTCCTAAGAAACCGGCTTCACCGCCGAAACCTTTACGCTCACAATGGTCTCGGATATATGCTGGATCTTTTCCTCGGTCAAACCGAGCGCTTCTGCCTCCCGCATCAAGCCAGGAGCCATGTCGATGAAGTCAAGGTCGAAGCATGTCTCGCCGATGATTTGTACCTTTTCGAAACCCGCTTTCCTGATCGCAGCCAGGTATTCATCTTTTAATATGGCACCGGCTACGCAAGCGGTGTAAGCGGCCACGGAATCACGGATATACTCCGGGAGGGGCTCGGTTAACACGATATCCGACACGGCGATGCGTCCGCCCGGCTTCAACACGCGGAAAGCCTCCGCAAATACTTTCGGTTTGTCCGGCGATAGATTGATGACGCAGTTTGAGATGATGGTATCCACCGTACCTGAAGCCACCGGCAGGTTTTCGATCTCGCCCTGTCGGAACTCCACATTGGCGATGTCCCCTTTTCGGGCGTTTTCGCGAGCCCTAGACAACATATCCGGGGTCATGTCTACACCGATAACCTTGCCGGTTGGGCCTACCTGCCGCGCCGCCAGGAAGGCGTCGAAGCCGGCGCCGGAGCCAAGATCGAGCACCGTTTCGCCCGGTTTCAGGGCGGCGATGGCGGTGGGGTTGCCGCAGCCTAAGCCGAGGTTGGCGCCTTCGGGCACCGCCGACAGATCCTCATCGGAATAGCCGATAGCCCGGGAAATTAGGTCCGGGGAAGGAGAACCGCAA
CP159307.1_gap5	300128	300654	526	GAGATAAAAAAAGCTTTTCGCAAGCTGGCTCGAAAATATCATCCGGACGTGAATCCGGGCGATAAAGCCGCCGAAGCCAAGTTCAAAGAGATCAACGAGGCTCACGAGGTATTGTCGGACAAAGAAAAACGCGCCAAATATGATAAATACGGTGAGAATTGGCAGCATGCCGAAGCTTATGAGAAAGCCGGCGCCGGCTTTCACCAGTACGAGGGAACCCAAAATCCGTTCGGGGGGTTTGAATATCGTACTTCAGGCGGCCCGTTCACCGGATCTTATTCTGGCGACGACGTCGGGGATATTTTTGAGCAGATTCTGCGGGGCGGGGGTGGCCGCCGCCGGCCGCGCCGGGGCGAAGACGTTGATTACGAGGTTGAGGTAACGCTGGAAGAAGCCTACCACGGCACCCAGCGTACCCTGGCGATGCAGGGGGCCAAAGCCGAGAAGCTGGAAATCAAAATTCCAGCCGGCGTAACCACCGGCTCTAAGGTGCGTCTGGCCGGAAAAGGCGGAGAGGGTTCCGGGG
CP159307.1_gap6	313561	317337	3776	TGGTGGCGCCGACGAACAGCATCAGGGCCAGCACCACGATGATGGTGGTGAAAGAGGTGTTCAGAGAGCGGATGAAAGTCTCGACGACGCTGCGGTTGACGATGCTTTCAAAGCTGCCGCCGCCGCGCAGAGTGTTCTCGCGGATGCGGTCGTAGACGACCACGGTGTTGTTGACGCTGTAGCCGATGACCGCCAGGATGCCGATGATGAACACCAGGTTGATCTCAAGTCCCAATACCGCCGCCAGCGCGGCGAAGATGCCCAGCACCGCCAGGACGTCATGGAGCACCGCGGCGACGGCGCCGACGCCGTAATGCAGCGGCTTGGGCATACGGCGGAAGGCATAGGTCAGGTAAGCCAGGATACCGATTGAGGCCAGGCCGACGGCGATCATGGCCGTTCTGGAGGTCTGGCTGGCGATGATCGGGTCAACCGTCTCGAAGCCGCGCTCGGTCAGCGGCCCGAAGGCCGTCTCCAGGCCGTCCTCAAGAGTATTCTTCTCGGCGTCGGAAAGAACTCCCAGCCGGATGATGAAATCCTCGCTGCCGGTCTCCTGAACGATAGCGTTGCCGTGACCCAGGTTCCCCAATTCGCTCTTCAAGTCGGCTACGGCCGGCGTGGCGTCGAAGGCGACGGTCAGGAGCGACCCGGCGGAGAAATCGATGCCGGATTTGAGTCCGAAAACCGCCAGAGACAAAAGCGATAGGGCGATGAGCGCCCCGGAGATGCTTAAAAACAGCTTGCGTTTGCCGATGATGTTAGGCATTTTGGTCACCTGCTTCGGTAGTGAATAGGGATAACTTCCGGGCGGTTTGGCTGCCGATGAGCATCCGCAGGAATGTCCGGGTGACGAACATGGCGGTGAACATGCTGGCCAAAACGCCCACGCCCAGGGTCAGAGCGAAGCCCTGCACCGGCGCCCCGGCGGCGACGCTGCCGCCGACCCAGACCAGGATGGCGCAGACGATCAGGGTGGTGACGTTGGAATCCCAGATGGCGGTCCAGGCCCGGGAGAAACCGGCTTCAATGGCGGCGCCGACAGTGCGCCTGGCCCGGAGTTCCTCTTTCATCCGCTCGAAGATGAGCACGTTGGCGTCCACCGCCATGCCGATGGACAGGATGAAGCCGCCGATTCCGGCCAGCGTCAGGGTGACCGGCACGAGCTTGTATATTGCCAGGACAATGGCAATATACACCATTAATGCCAGGCTGGACAGGAAGCCCGGCAGGCGGTAGAAGGCGGTCATGAAAATCATAACCAGGATGACGCCGACGGCGCCGGCCAGTACCGACCGGTCGACGAAATCGGCGCCCAGCACCGGCGATACGGTGTTTTCATAGATAATCTCCAGTGGCACCGGCAGGCGGCCGGCGTTGAGCTGGCGGGACAGGATTTCGGCTTCGTTGAACGACAGGCCGGTGATGACGCCGCTGGTGGAGATGATGCCCTCGACGACCGGGGCGATCGGCTGGCCGTTATCGCCGAGGAGGGCGGTGTCGCCCTCAAAGATACCCATCCTTTTACCAAGGATGCGGGTGGTGACCGCCTCGCTGATCTTGGCGCCCTCTTCGTTCCATTCGAACCGAAGCTCGATTCGGCCGGTGGTCTGGTCGCTGGTTAAAAAGGTGTTGTCTTTAAAATAGCTGGAATCAAGCTCCTTGACCGCGCCGTCGATTTCGGCGGTAGCCGGCTTCCAGCGCCCCAGTTCATTCTCCCACCGGGCTTCCTCGCCGTCGGCGGCCAGTTCGGCGAAGACCAGGAGCGCTGTGGAGCCGATGCGCTGCTTCTGGGCGTCGGTCAGCGCCGTTCCCGGCAGCTGCACCACAACGCGGTTTTCGCCCTGTTTCTCAATATTGGGTTCGCTGACGCCCAGCGGGTTGACCCGGTTACTGATGACGTCAACAACGCCGTTCAGGATGCTGTCCCGGTCGGCCTCGGCCACTCCGGACAGGTCGGCTTCATATACCAGGTGCAGGCCGCCCTGAAGGTCCAGGCCGAGTTCGATAGCCCGGCCGCCGATGACGCCTTTGCCCACCGGCAGCACCACCAGCGCCGAAAGGATGAATAAGACCAGGATGGTTATCAATCCGAATCGGTATTTTTTCATTCTTCAATCCGCATCAGTAATCTTTGCCATGCCGCGCCGCTGCGCCTAATCTACCCTTGGCGGCCCCGCCGCAGGTTCTTTTGATCGTCAGCCGGAGGCTCCCGGATCAGCCGCTCGGCCATTGTTAAAGCCTCTTCTTTAGAAGCGATTTCTCCGGTGGCCCGCGCCTCGGCGACCGCCTCCAGAATCCGGCCCATCGCCGGACCCGGTTTCATCCCGAAGCGCGCCTGGAGCTCGTTGCCGTCAACCAACCGCCCGGACGGTTTGGCCAGCTGCCGGCCGCGTTCGGCTAAAACATAGCCCACTATTGTAACATGTTGGCGGAAGTTATCAAGGTCGAGGTCCGGGCCGCGGGCTGCCAGGTGGTCGGCCAGGCTCAGGTACAGCGTGGCAACGGCGGCGTCGCCGGTGTCCCGAAGGAAGCGGTAAACAGCCCTCGGAGTGGGAGGGATGGCCTCCGGACCGAGTTGAGTCGGCCTCAGGTGGGCTTCAACGATGGCGGTGACGAAACCTGCTTCCCGCTGGGAAAAACGCAGCCGCTTCATAATCGTGTCAGCTTTCTCGGCGCCCTTCCGGGCGTGGCCATAGAAACGCAGGCGGCCGTTGGCGGCCAGAGTCCTGGTTTCCGGCTTGGCCACGTCGTGAATAAGAGCCGCCAGCCTGGTCAGCGCCAGGCGCGTGGCGCTGCCGCCGATTTTTCCCAGAAAATAAGCCTCTGATTCGACGTCCCAAGGGATGAGCTGACGTGCCCCAGCGCGGGCATGCGGCCACAAGCCCCGGCGCAACACCCAGTCCAAAGCACCGACCGTCTTCAGTTGATGATCGAGCACGTCCCAGGCGTGTTCAGGCGGCTGCTCGACGCCGCGGCAGGTTTCGAGTTCCGGGAACAATGCCGCTAGCAAGCCCAGCCGGTCGAGATACTCGACGGTCTGACCGATCGAAGGCAGCGATAGAACCTTGATCAGGTCCTCCCGGGTCCTTTCGCCGGCCACACTGGCAGCCAGAGAGGCGGCGGCGGTTATCAGGCGTTCGGTGCCCGGCTCGATGGCAAAGCCCAGTTCGCCGGCCAGGCGCACGCCCCGGAGCAGGCGGGCCGGGTCGTCTCTGAATACACCCGTCGACACAGCCCTGAGCACTTTTTGTTCAAGGTCGGCCAGGCCGTCTGCCTCGTCGGTAATGACCAGTTGTTCCGGTAAAGGGAAGGGGACGGCGGCTGCCAGCGCGTCGACGGTAAAATCGCGCCGGGCGAGGTCGTCCCGGATGGCGCCGGCTGCGGAGCTGATGTCAATCTCCTCAAAAACCGCCTGCTTGAGCGGGATACGATATATACCGGCCGCGGCGTCGAGAGCGAAAAACTCCGTGCCCAGCGCTGCCGCCAGGGCGGCGGCCATTTTCCCGGCATCCCCTTCGACGACCAGGTCCAGATCATTTGCCGGTCTGCCCAGGAGGGTGTCGCGGAGGTATCCGCCGACGATATACGCCGGCATGTCCAGGGTTGACGCGGTTGCGGCGGCGGCTTCGATAATGCAACGGCGGCCGGGGTTGTTGACAGGGAGGAAAGGCTTGCGCGGTTCGGTCATAATTGGGTTCTAACTATACAGCCATCCGGGATATCCGGCAATTGCCGGCCGTGACTCAGTCGAGACCAACCGGATCGACGTTCAGATG
CP159307.1_gap7	319535	322385	2850	ATAAAAGGCGGGTTTGGGCGAAACGCGGCGTTTCGGCCACCTCGATTACAATGCCCTGAAGGACCTTCGGGCCGAAGGGCGCCAGCACCGCCTGTCCCGGCCGGATGGCAAGTCCCGGCGGCAGCTGGTAGCTGAAAGCGTTCCGGCCGGCGGCCGGAGAGTTGACGCTGACCTCGGCGTAAGCCAAAGCGCTCCCCGCTCCGTTAAACTGACCGAGGCTCTCCGCTATCGGAGAGCCTCATGTCGCAGGCATCAGGCGGCGGCTTAAGCCGCCGCTTCTTTTTCTTCCTTGATGCGGGCGGCCTTGCCGGATAAGCCGCGCAGGTAGTACAGCTTGGCGCGGCGGACGCGGCCGCGGCGGGTGACTTCAATCTTGGCGATGAGCGGCGAAGCGAAAGGGAAGATGCGTTCCACGCCGACGCCGTAGGACAGGCGGCGCACCGTGAAATTGCCGCCGTCCGTACCGGAGCGTTTGCGCAGCACCACGCCCTGGAAGACCTGGATGCGCTCCTTGTCGCCTTCGATAATTCGGACGTGCACCTTGACCGTATCGCCGGGGTTGACTTCCGGAAAGTCGGCTTTTACCGCCGGGGGTACCAGTTCAGAGATTCTCATTTACAGGGACTCCTTTAATTGCTGCGCCGGTCTGAACCGGCGGGGATATCAGGTCACAGACTAAATAGTAAATCATAAACCGGGGTCCAATGGCAAGCCCCGGCGTCGGCGCCGACTATATTGACTCAGGCGTATTCGTATTATATTATATTAATAGGAATGATTACTATTAAGAATTGAAATATATGCGTTGCACACGGCAAAAAGAGAAGATTTTAGAGTACCTGCAAGCCACCACCGTTCACCCGACGGCCGAGCAGGTATATGAGAGTGTCAGGAGCAGCCTGCCGCGCATCAGCCGGGGGACCGTCTACCGTAATCTTGAAAAACTCTGCCGCAAGGGTGAAGCCATCGAGCTGTATATCGGCGGCCGGGTGAGCCGCTACGATGCCCGGACCGCTGGTCACGGCCACCTTTGCTGCCGGAGCTGCGGCTTGGTCGCCGACGTCGATATTCCTTTCGATCATACCTTTCATGAGGAAGTGGTAGGGCGGACCGGCTTCAAGGTCAACGGCAGCGCCGTCCAGTTCAACGGGGTATGTCCGGCATGCCAGAAAAAAGAACAGAAAGTTAAAAAGGAGGCAAGGCAATGATTGGTTTCTTCGGTCCCATCGAAAAGCAGACCCTGAAAAACGGCAATTTCAGGCAGGTGTTGTTCACCGGCAAACACGCCCAACTGGTGGTGATGAGCCTCAAACCCGGAGAAGAGATCGGCAACGAAATTCACCATCACGTAGACCAGTTCTTCCGGGTTGAGCAGGGCGAAGCCACCTTTACCCTCGGCGGTGAAAAACACGTCGCCCGCGACGGCGATGCCGTAATCGTCCCGGCCGGGACCTACCACAATGTGGTCAATACCTCCAAAACAGAGACGGTGAAGCTGTACACCATTTATTCTCCGCCGAATCACCCTGACCGCACGGTACATAAAACCAGGGCTGACGCCGAGAAGGCTGAAGCTGAGGAACATCACTAGCCGGCTTTGCCGCGGCGGTGATGGTTAACACAACCCAGACGGGCAACGTGTGAGGTGATATGGATATCGGTCAGTGGGTCATAGTCTATGTAGCCTCTTTAGCGGCGTTTCTGGCAATTGACCTGGTCTGGTTGGGCAAAATCGCCAGGGGATTTTACCGGCGGCAACTGGCCGACCTGATGCTGGAGAAGCTTAAATGGCAGCCGGCGCTGGGCTTTTATCTGCTTTATGTTTTCGGCCTCCTGGTGCTCGTCGTGGCGCCGGCGGTCGAAGCCGGTTCGGCGCTTAAGGCCGGCGGCTTGGGCGCGCTGCTGGGGTGCGTCAGCTATGCCACCTATGACCTGTCCAATTTCGCCACCTTGAAAAAGTGGCCCGCCGCCGTGGTCGCCGCCGATATCGTCTGGGGCGCCTTCCTGACCGGCGCCGTTTCCCTTATCGCCTATGCCGCGGCCCAGGCGGTCGCCGGATAGATGAGCCGTCAACTAATATGAAGGAGTAATATGGAGTACGAACCGCAGTTCAAACGTCTCAGGATTTACAACGCTTTCATGGGATTCCTGCATCTTATCCAGGCGGCTGCGGTGCTGGTTCTCAGCAACGATTTCAAGCTGCCGGTGACCACCTCATTCCTGTCCTTTGATGAGACTATCGGCCGGCTGTGGCCGGTGACCGATGTCTGGATCAATGTGCCGCTCGGGGCTATGGTCGCAGTGTTCCTGCTGCTGTCGGCGGCCGCGCATTTCATCATCGCCTCGCCGCCGGTATTCGGCTGGTATGTCAGAAACCTCAAGACGGGCATCAACTACGCCCGGTGGTACGAATACTCCTTCAGCGCCTCGCTGATGATCGTGCTGATTGCCATGCTGTGCGGCGTGTATGACCTGGGCGCCCTGCTGATGGCCTTTGCACTGACCGCGGTAATGAACCTGTGCGGGCTGGTGATGGAAGTCCACAATCAAACCACCCAGCGGACCAACTGGATTTCCTATACTGTAGGCTGCATCGCCGGCGTGGCGCCGTGGGTAGCCATCGCCATCTATTTCTTCGGCTCGCTGTCCCAGGCTGATGGCGGCGTCCCCACCTTTGTCTATGTCATCCTGCCCACCCTGTTCGTCTTCTTCTTCAGCTTTGCTTTAAACATGGTGCTGCAGTACCGCAAAGTCGGTCCCTGGCGCGACTACCTGTTCGGCGAGCGCGTCTACATCCTGCTCAGCCTGATAGCCAAGTCCGCGCTGGCGTGGCAGGTCTTTGCCGGCACC
CP159307.1_gap8	331882	335074	3192	GCCTCAGGGGCTACGGCTCCGGGGTGATCGTCAGATCCAGCGGCTACGTCCTGACCGTCCTGCACGCCGTAAGCGGCGCCGGTTCGATCACCGTTACCCTGAGCACCGGGGAGCAGTTCCAGGCCACGATCACAGCTTCAGACGCCGCCTCCAACCTGGCTTTGCTTAAAATGACGACGACCCGTACCGATTTCCCGGCGGCGCCTGTTGGTTCGATCAATAATCTATCACTGGCCCAGACGGTAATCGCCGCCGGCTTCCCGCTGAGCCCGGAACTGGACGGTCCCGCCACCTTCACCGTCGGCATCGTTTCGGCGCTGCGCACCGCCGCCGACTATTATTTTGTTCAGAGCGACGCTGATATCGCCCCCGGCAGCGGCGGCGGCGGCCTGTTCACCCTGGACGGCCGACTGGTGGCCGTCGCCTCGCTGGCGCAGGCGGACGGCATTTACCTCTACATCCCCGTTAACGCCGCGGCTTCGCTCCTGGCCGGCATCGGCTGAAGTCTGCTGGTCGTCCCGAAATAGAGTATTGACAACCGCTCATTGCGGGCATAAAGTAGAGCCAACCCGATATCAGGAGCGCCGAATTGAAGCGCCTGGCTCCAATATTGCTGGTTGCTGTATTTGTCCTCGCCCTTTTTTCCATTCTTCCCGTGTCGCTTTCCGCCGCTGACTACGAACTCCACGATGTCATGAACGGGGCCGTCCCCGGACTGAGCGTGATCGTCAACGGTTCCGGTCAGGGCTACTACGGCCAGTCGATTCGCGCCACCTTCTCCAATAACACCGGCACCCCGCTTACTGTGAAGGTCCCCATCGGCCTGGCGCTGCTGCCGCAGAATACCGGCGTTCAGACGATGTATACCGCCGGCGCCGAGACAATTTCCGTTCCCCCCGGCAGCAGCCAGGGACTGATCGTTGCCTTTTGCGGGGAACAGCATGACACCGGCCCTAGAAGTTCCGATGTCTTCACCGCCGGCGGTTTCGCCACCGGCAGCCTGCTGCAGACGCTGAGGAACATCAACCGCTCCGGAGACTTCAGCTTCAATGCCCAGGCCGCGGTCTGGCACCATACCGACGGCAATGACATCACCGGCAATGAAATCGCCCAGGATCTCGCCGCGGGCTTCGGCGCGGCCGGCGCGGCGGCCGCCGCCGGGCTAGCCGGTTCGGCGCTGGCCGGCGGGACGGCGCTCCTTCTGAACCGGATCGAACGGGGCGGCGGTTCCGCCGAAACAGAAACAGCGCCGTGGCCGGAAGAAACCGAAGAACCGCTGGTTGCTCCGCTCGAGGGTATTGAAAACCGGATTGTGCCGGACTACATTCCGGAAACGCTGCCGCCGGAACTCCGACCGCCGATTGAAATCGCTGAAATACCTCCGCCCGAGGACCCGGCTGACGGCGTGATGGTAGCCGGAGGCAACCTCGAAGATATAATCGATGATATTAAGCGGGCCTGGGATAAGTACCGGGAACTTCGTGATGCCAACAGGGCGGAGCCTCCGGCGACGCGGCCTGAGATTTTTGAATCGCTAACGAACAAAGACCCGTGGGATAAGCGGGTCCGTGACTGGTGGGAAAACGTCAAACGCCACGCTCCCTGGGGCGAGGGCGATCCTCCGGAACAGGTCAGACGCCAGACGGAGCTGGAGCAGGAGGGGGGCCGCCGGATACAGCGAGGGGTGTTCGGCAGTGGCGCGGAGCTGACCCGGGCTCTCGGCCAGCCGCCGGAACAGTTGATCCAGCAGGTGGAACAGGAAATCGTGGCGGATAAAGGCAAGAAAACCATCAAGTTCGTCCGCCAGATGAACCAACTGGTTACCCCTGCGGTCGAAAATGTTAAAAGATTGCCGGGGGGTGATGTAGCTCGGGACTTGTCCGGGGCACCACTGGCATATTTCGATTATAAGACTCCGGATGCCGGTGACGCTGTAGAGACGTTGGCCGGTGTCAAAAAAGACGACGCAGCTCACCAGGCTTACGCTGAATTCTTCCAGAAACATGACGGGCCGCCGGACAGGAGTAATCCGGCTCAGGTACAAGAGTTTATGGATATGTACAACCGGATCAAGAGCAGGTGAGTTATGGCGCAGACGGATTCCAGAATCCCTGAACCGCCGTCACTCCATCCGCTGGAGGCGTTCGAACTATTCTATTTTTTCTGCGCCGCCCATCGTGAGGGCCGGATAACCTTCCGCCAGTTTACTGAAGGCATGAAAGCCTTCCGCTTTTACGATGAACGCCAGCAGGTCTGGACCATCGGCGCCGGCACCGGCCGCTGGTACCGGCTGGACGGCGGCCGGTGGCTTGCAGGCGAGCCGAACAGCAGGCTGACAGCTACCGCATTAAAAGGCTGGTACGATTATTTCCAGCGCATCGGACAGCCGAAAGGCTGCGCCCGCTGCGGTGTCAAGGTACCCGCCGGTTCCAAATTCTGCTTGAACTGCGGCGCTCCGGTCACCGCCGCTCCGGCCTCGAAAGAAACCGGCCAAAAACCCGTCTACTGCCGCCAATGCGGCCAGCCTGTTGCCGCCGGGGCTAAATTCTGTAACGCTTGCGGGACCAGGAGGCAATAGCGTGCTCGATACCGTTCTGATGATCGCGGGCTACGCCTCGGTGCCGCTGGTGCTGCTGTCGGTTTTTGCCATGGTGCGCACCATCGGCAAGCCGCGGCCGCTGGTGGCATCAGGGCTGGCTCTCCAGATTGCTTTTTCCGCCGCGTTCCTGGTGCTTTACAGGTTGCTGCTCGATATCGGTGAACCGACCACTCTTTCGCTGGCTTTGCTCGCTGCCGGCCTGGCCGGCGGCGCCTTCCAGGGCTTTACCACCAAACTGGATGTCTCAGGTGACAAGGTCACCGCCAAACGGTCCGTTCTCTACTTGCTCATCTGGGGTCTTTCCTTCAGTGCCACCCAGCTTCTGGCCATGCTCGGTCAGACCACTATCGCCGCCTACGGCCTGTCGTCGGTTTACCTGGCCACCGGCATCGCCGTCGGCATGAACGGCACCCTGCTGGCGCGGCGTATGATGGTCTCAGCGACAGGTCAACAAATTGGGACGAAAGCCTTTTCGGCCTGCCCGGCTTGCGGCTCGGCCAACGCGCCCGGGCGGAAATTCTGCGCCGGTTGCGGCCGGCCGCTGGCGGCGGTGAAAGTTCCGGTAAATTCCTGTCCCGCCTGCGGCGGCCAGG
CP159307.1_gap9	355316	359729	4413	TTTCGCGATTTCTTCCAAAGGACGCAGAGTCGTACCGAGGTATTTTTTCACCTCGTTGGAGTCGTTGCAATTAGCGAAAAGCGACTTCAGGCTTATTTTGCCGCTCTTATAGAGTTCAGCCAACGCCTCGTCCATTGTCACCATGCCGTTTTCCCGGCTGGTAGTGATAACGTTGTGCAATTGGTAAACCTTACCATCCCGGATAAGGGCGCGCGCGGCTGGCGTGGCAATCATAAGCTCAACCGCGGCGATTCGCCCGGAACCATCGGCGCGCGGCACCAGCGTCTGGCATACGACCGCAATGAGCAGTGATGCCAGCCGGGTCTCGGCAAGATGCCGCTCTTGCGGCGGGAACAGATCTATGATTCGCTCAACCGCCTGAGGCGCTGAAGGTGCGTGGCTGGTGGAGAGCACCAGGTGCCCGGTTTCAGCTACGGCTAAGGCGGCGGCGGCTGTCTCCGGGTCGCGGATTTCGCCCAGCATGATGACGTCCGGGTTCTGTCTCAGGATATGCCGCAATGCTGAGGGGTAAGAGGTGGTGTCGTCTCCAAGCTGGCGCTGGGTGATAGCGCATTTGATCCGGCGGTGAACATATTCAATCGGATCTTCGATGGTGATGATATGGTGACCGCCGGTCTGGTTCAGGTGGTGGATCATCGCAGCCAGAGTGGTACTCTTACCGGAGCCGGTCGGGCCGGTGACCAGCAGCAAACCACGTGGTTGCTGCACCAGTTCCTTCAGAATCTGAGGCAGCTCAAGTTCGTCGATAGTCGGTACTTTCGGCGGCAGGAGCCGAATAGCCAGGCTCAAACCGTTCATCTGCCTGGCCACGTTACATCGCAGCCGGCCCAAGTCTTGCATAGAATATGCGAAATCCAGTTCTTTGGTGGTCAGGAAAACTTGACGCTGATCTTCATCGGCAAGCTGAACCAGAGCGACGTCAATATCGTGCGCCGTCAGATCCCCAAACCCTTCAACCGGCTGGAGTTCACCATCGATTCTAAGAAGCGGCGGGCTGTCGATCACTAATTGTAAATCTGATGCTTTCAGGTCAACTGCCGTGCGGACCAATTCGAGTACGTCCATAAGTTCAGTTTATATCTGGTAATCAATAAAATACAAGGGGTTTTAAAGAAATATTTTTCGTATTGGTTTAAATGAACGTGACAGTGACAATAATACCGTCCGCTTAGATCATTATTAATGCATAATCTGTCTTACGATAGTTAATATTATTTGCGCATAATAATGGAATATATCAGACTTGACCAGGAAATGATTTGACAGCCTCAGAAAACTTCAATGTGCTTGTTCCGCTAAAACTGAGATAGCGAAGTGCAGTGGAACAACTTAAATAATAATTCAGCTCATTAAAAAATAACGATTGACAACAAATAGCCTGATAGGTAGGATATTGGATTGTCAGGTGATGCATTGAAATGATGTTGTCGCTACGGCGTTTATCCTTTATTCTAGTCGTCGTTATTTCACTCCTGCCGTCAGCTTCCTGTACTCCTGTTGAGGAGCAGACCAGGGTGCTTAATGTTGGCCTGTTGCTGGGCAGCGGCGGTCTGGGTGATCGGTCTTTTAACGACTCTGCCCATGCCGGGCTTCTCGAAGCCCAAACGAAATACAACATCCGGTTTGAAACCGTCGCCTCTGGCAGCAAAGAAGCAAATATTGACGCCCTGCGCCTTTTTGCCCGCAGCGGGTATGATCTTATCATCGCCGTGGCGTTTGAAAACCTGGAGCCTTTGAAGATTGTGGCCGCAGAATTTCCAGGCGTCAAATTCGCCGGAATTGATTTTGAACTAGCCGCGCCCAATGTGTCCTCAATCGTCTACCGGGAGCAGGAAGCCGACTTTTTGATGGGCGCCTTGGCAGCGATGCTCACCCAAACCAAAAAGGTCTGTGTCATCGGCGGTACAGACATCCCGGCCATTCGCCGCATTATTTCAGGCTTTACTCAGGGAGCCGCCTATCAGGACCCTTCAGTCACAGTGATTACGGACTTTGCCGGCACCTTCGCCGATCCCCAGGTCGGCCTGGCGTTGGCGCTTAAACGTTATGGCGAGGGCGTGGATGTAATCCATAATGCCGCTTCACGCACCGGGCTGGGGATCATTCAGGCTGCCCAGCAGACCGGCAAGCTGACAATTGGCACCAGCGGCGACCAGCGCTATCTGGCTCCGGGCAATGTCGTCGGCAATCGCCCAAAACGAGTGGATACGGCGGTACTGCTACTCATAGAGGAAGTCAGGGATGATAAATTCATCGCTGGCACTCGTTCGCTGGGATTGAAAGAGAATGGTCTCTCGCTTGGCCCGTTCGATACCAACCTAGTGACACCGCAGATGGTGGCACGTCTTGATGAGCTGAAACAGAAGGTCATCGGCGGCCTTATAACGATATTGGCCGAATGATTTTGGAAAAGAAACGCTCGTCTCTGCCCGATAGCGGTTGGGTTAAGTTCAGCCTAAAACGGCAGTTAGTCACATCCAGCGTCATCTTCTGGATATTGGCGGTTAGCGTAGTCAGCCTGGCTTTTCTTGGGTTTGGTCAGAGTTATATGCTTCAAGAAACCAGCCAGCGCAATACCCAGATCGCTTCGATTATCGGCCGTGACCTAAATGCTCAAGTGGCGGAGATCCTGGCTGACGCCCGAAACTTTGGCCGGCATCTGGAATTGCTTAATCCGGATGTTTCTGGACAGGTCGGTGCCGCGGTATCGCTTCGGCTTTCGGCGCCTCAAAGATACCGAAGTATTTATTTTTATGATTCCCGGGGAGCGTTGCGTTTCTATATCAACGATAGTGTTGATAATTTGTTCAGGCTGACGAACGCGGAAATCCTGGCACGACCAGCGGCGCCAGTTAATGACTCCGTTCTAGATGCCTATATTTCATCTCGGGCACTGGGCACTTTTCTTTCGGAGGTAAACTTCAGCCCGATTGAAAATGTCCCGGTCATGTATCTGGGCCTACCGCTCAATCCAGCGTTAGGTACGGTAGTGCTAGAAATTGACCTTCAGGGTATTTGGGGTGGTATCCAGCAGATTACGTTCGGCCAAACCGGTTTCGTGTACCTGGTATCGCGTAGCGGAGAGATTGTTGCTCACCGGGAGCCGGCATTAATAGGCCGGCCGTTGCCGGAAGAACTATTGGATCTGATTGATGGCAACGAGGGTTCCGTAGAATATACCGAAGCCGAAAGCGGACAGGTTGTGCTATCAGCCTTCAGCCCGGTCGGGGGCTTGACCGGCTGGGGTGTTATCGTCCAGCAATCTGAGGCGGATGCCCATGCTCCGATTGACCGTATGGCAGCGACTATCGTCGCTCTCTGGGTAGCCATGGGTGTCATCGGCACCGCCGCCATCTTCCGGGCGGTGTCCAATCTGACCAGCCCCATTGTCAAGCTGACCGAGGCTACCAACAGCATCGCCGCTACGGGCAAATTAGCTCGAATATCAGCTTCGGACCGTACGGACGAGCTTGGGCAACTATCCCGCTCCTTCGACCGGATGATCGAGCGCCTCCAGGCTACCGAAGGCAAGCTGGAACACGCTGCGGCTGAAGAGCGTAACCGCCTGGCGAGAGACCTGCACGACGCGGTCAGCCAGACACTTTTTTCTACCTGTATTATCGCGGAAGTACTGCCCAAGCTGTGGGCTAAGAATCCGGAAGAAGGACGCCGGCGGCTGGATGAGATCCAGCGCCTGACCAGGGGTGCCCTGGCTGAAATGCGCACCCTACTCTTCGAACTGCGGCCACAGGTGTTGGCGGACGCAGATATGAGTTACCTGCTGCGCCAACTGGTGGAATCGTTCAACACCCGCCAACCCACCTCGGTGGATCTTCAAGTATCCGAAGAGTGCCAGCTGACTCCGGAGGTCAAGGTGGCCTTTTACCGCGTCGCCCAAGAAGCGCTCAACAATATTGCCAAGCACGCTCAAGCTAATCATATTATGATACAGATGCGCTGCGAATGCGGCTCTGCCGTGCTCAGCGTCAGTGACGATGGTTTGGGCTTTGATCGTTCAGCGACCAGGCCGGAAAGCCTTGGTCTGGGCATCATGCGAGACCGCGCCCGCGATATCGGGGCTGATCTTGAAGTAAAGAGTGAAATTGGCCGCGGCACCGTGGTGAATCTAAAATGGCGCCTGCCGGCCGGGGAGGAAATTCATGGCGGAGACTAAAGCGATCCGGGTTCTGCTGGTTGATGACCATAACGTGGTGCGCAGCGGGTTAAGCGCCATGTTAGCCGCTGAAGACGACCTTGAGCTAGTCGGCGAAGCTGCCGACGGGTCGGAAGGCGTCCGTCAGTGCGAAAAGTTGAAACCGGATGTTGTGCTGATGGATTTGTTGATGCCGGTGATGGACGGCGTTGCTGCAACCAAACTTATCCACGAGCGCT
CP159307.1_gap10	361842	362732	890	ATAGGCCCGTTCACTAAGGATGTCGCCGATACCGCCCTCATGCTGAATGCCATCGCCGGGTACGACCCGCGCGATTCCACCTCCGTGCCGCAGCCCGAGAACGACTACTATAGTTGTCTGGGTGACAGCGTCAGGGGGATGCGGATCGGAGTACCTCAGGAGTACCTGGCCCAAGGGGTCACCCCAGAGGTAAAGGCCGCCGTCGACGCCGCACTCAAGGTCTATGAGGACCTGGGCTGCAGCATCGAGGAGTGTTCCCTGCCGACCACCGACGCCGCCCTAGCCGTTTATTACATCATCGCCCCGTCGGAGGCCTCGGCCAACCTAGCCCGCTACGACGGCGTTAAATACGGCTTCTCCCATAAAGAGACCGATAGCATGTGGCAGGCCATGGAAAAAACCCGGGCCATCGGTTTCGGGTCGGAGGTCAAGCGCCGCATCATGCTGGGCACCTATGCCCTGTCCGCCGGCTACTACGACGCCTGGTACGTCAAAGCGCAGAAGGTACGCACCGTCATCCGCCGCGAGTTTGACGAGGTTTTTACCAGGTACGACGCCCTGATTACTCCCACGGCGCCGACGGTGCCGTTCAAGATTGGTGAGAAAGCCGCCGACCCGTTTTCTATGTACCTGTCTGACATCTGCACCATCCCGGTCAACATCGCCGGCATCCCCGGCATCTCCATCCAGGGCGGCTTCCACAACGGTCTGCCCATCGGGTTGCAGATCATCGGTAAACCTTTTGACGAGAAGACCATTTTAACACTTGGTTACGCCTTCCAGCAGGTCACCGACTGGCATCTGCGGCAGCCGCAGCTTTAGGCAAGTTCCAAAAAACCGTTCGCGATGAGCGTGTGGAACGGAAGCTTTTTTGGTTAGGATCCCTCACT
CP159307.1_gap11	420669	424122	3453	ATCTACGATAAACAGGTCGGCCTGCCCGGCAATTTTGGCCGCCCGTTTCAGGAGGCGTTCGAAATTGTAAGCCATTCTAACGGCCTCCTACCAGGCATTTCTGGATGCGGATGTGGGGCGAGCCGTTGGACACCGGCAGGGGCGATTGGCCGCCCTTGCCGCAGCCGCCGCCCTGGTTCATGTCCAGATCGTTGCCGATGGCGTCTATTCGTTTCAGCGTCTCGAAGACGTTGCCGGAGAGGACCACCGGCCGCAGCAGTTCCTCGACCCGGCCGTTCCTGATCATGAAAGCCTCGCCGGCGGAGAAGGTGAACATCTCCATGGAGGTCGTACCGCCGTACCAGTTGCGGGCGTAGATGCCTTCTTTAATATCGCCGATCATCTGGTTAAATGTAACATCCCGCGGTTCGATGTAAGTATTGGCCATGCGCACGATGGGCGGGTGGCGGAAGGAAATAGCCCGGGCGTTGCCCGAGGGTTTCTCGCCCATCCTGGCAGCCGTTTCCCGCGAATGCAGCCGCCCGGTGAGCTTGCCTTCGCGGATGAGGTGGACGCGCTGGCCCGGGACACCCTCGTCGTCGTAGGCGTAGGAGCCGCGCAGGTTGCCGATCGTGGCATCGTCGATGATATTGAGGTGCCCGCCGCCGAACTCGCGGCCCAGCACCATAACTTCCTTGAGCTGGGGATTCTCGTAAATGTGGTCCGCCTCTGAAAGGTGGCCGAAGGCCTCGTGGACGAAGACGCCGGCCAGCACCGGGTCCAGCACCACGGTGTATTCGCCGCCTTTGGCCTGGGGCGCCTTCAGGAGGGCCACCGCCCGCTCGGCGGTCTCCCTGACCCGGGCATGGAGACCCTTGATCTCCTCGAAATCGCCGCGGGAGCCCATAGAAATGCCGGACTGCTGCACCTCGCCGGAGCCGGCGGCCACCGCATTGACCCGCAGGGTGATGTCGGCGCGTTCCTGGCGGATGACCGAGCCGTCCGAGTTGACCAGGACGCAGCGGCGGCGCGAGTCGCCGTAGCCGATACTGGAGGTCTGCAGCCCGGAGACTGACCACATTGCCTGATTGTACTCATCGAGGAGGGCTTTTTTATCGGCCAGGCTGATTCGCCGCGGGTCGTGTTGTTCGTCGATGACGACCTCGGCAATAACCGCCGGCGCCGGGGTGAAGGCGCTTTTCCCCTTGCCCGCCAGCCGGGCCTGTTCGACTGCCTGGGTGACGCGCTTTTCGATATCCTCAAGAGAATTGAAGGTGACAAAGCCCCAGCCGCCGTCAACCAGGGCGCGGACGTTGCCGCCGGCGTCCCGGCTGCGGGTGGCGGCCTCAAGCTCCCGGCCGCGATAGGAAACGGCTGAGGCCTCAGTCTCCTCCAGGCGGATCTCGATGTGGTCGGCGCGGTAACTTTTCAATGTGCCGGCGAGGCGCTCGGCGATAGAATCGATATCTGGCATGTTCATTCCTATTATGGGGATAATTAAAGTGTAAGGCGGCATGGTCAAGGTGTCAATTTCCATCGACGCGGCTGAAAAGCGACTCAGGCGGCGGACTTTGTTTTTATGAAAACCAGAATGACGTACGGATAAACGTCGGAGGGATCAATTCCAGGTCTTGACACTGATTATACGGCTATGATATTATTTCAATTCGTCAGCGATTGACGGAGCACCTTAACAACTGGATAGCGGAAGGAAAAGCCAATTTTATTGCAGCGTAAATTCGTTTAAATAGCCTGGAGAGTTTGATCCTGGCTCAGGATGAACGCTAGCGGCGCGCCTTATGCATGCAAGTCGCACGGTCCCGCAAGGGACAGTGGCAAACGGGTGAGTAATGGATAAGTAACCTGCCCTTAAGTGGGGGATAACACTTCGAAAGAAGTGCTAATACCGCATGTGGTGCTCTTTCACAAGAAGGATCACTAAAACCGCAAGGTGCTTGAGGAGGGGCTTGTCTCCGATTAGCTAGTTGGTGGGGTAACGGCCTACCAAGGCGATGATCGGTAGCTGGTCTGAGAGGATGGTCAGCCACACTGGGACTGAGACACGGCCCAGACTCCTACGGGAGGCAGCAGCAAGGAATCTTGGGCAATGGGCGAAAGCCTGACCCAGCGACGCCGCGTGAGGGATGACGGCCTTCGGGTTGTAAACCTCTTTTCTCAGGGAAGAATAATGACGGTACCTGAGGAATAAGTCTCGGCTAACTACGTGCCAGCAGCCGCGGTAATACGTAGGAGGCGAGCGTTATCCGGATTTATTGGGCGTAAAGTGGGCGTAGGTGGTCTTTCAAGTCGGATGTGAAATCTCCCGGCTCAACTGGGAGGGGTCATCCGATACTGTTGGACTTGAGTACAGCAGGGGAAAATGGAATTCCCGGTGTAGTGGTGAAATGCGTAGATATCGGGAGGAACACCAGAGGCGAAGGCGATTTTCCAGGCTGAAACTGACACTGAGGCCCGAAAGCGTGGGGAGCGAACAGGATTAGATACCCTGGTAGTCCACGCCTTAAACTATGGGTACTAGGTATAGGGAGTATCGACCCTCTCTGTGCCGAAGCTAACGCTTTAAGTACCCCGCCTGGGGAGTACGGTCGCAAGACTAAAACTCAAAGGAATTGACGGGGGCCCGCACAAGCAGCGGAGCGTGTGGTTTAATTCGATGCTACACGAAGAACCTCACCAAGGCTTGACATGTTAGAAGTAGTGAACCGAAAGGGGATCGACCTGTCAAATCAGGAGCTATCACAGGTGCTGCATGGCTGTCGTCAGCTCGTGCCGTGAGGTGTATGGTTAAGTCCTGCAACGAGCGCAACCCTTATTGCCAGTTATATTCTCTGGCGATACTGCCTCGCAAAACGGGGAGGAAGGTGGGGATGACGTCAAGTCAGCATGGCCTTTATGCCTTGGGCTACACACACGCTACAATGGGCGGCACAATGGGTTGCCACCGGGTGACCGGGAGCTAATCCCCAAAACCGCCCTCAGTTCGGATCGCAGGCTGAAACCCGCCTGCGTGAAGTCGGAGTTGCTAGTAAACGCGTGTCAGCATAGCGCGTTGAATACGTTCTCGGGCCTTGTACACACCGCCCGTCACGTCATGAAAGCTGGTAACACCTGAAGTCGATAGGCTAACCCGCAAGGGGGGCAGTCGCCCAAGGTGGGACTGGTAATTGGGACGAAGTCGTAACAAGGTAGCCGTAGCGGAAGCTGCGGCTGGATCACCTCCTTTCTAGGGAGCTTGAGAGCTTCGGCTCTCCACTCCTAGGTCGGTCTCCGGCGCAAGCCGGAGTAAAGATTGGCCTAATTTTTCCTTCCGCTATCCAGGGGTTAAGGTGAAACTGTTTATACAGGCTTTTTCAATATGCCGGCGCTTGATTTTGGCCTCGGCCGTGGGTTAAAATTAACCTCGCTTGTTTCACCCCCCGGGCCATTAGCTCAGCTGGTTAGAGCGCGGTCCTG
CP159307.1_gap12	450506	451513	1007	CAGAAGATTCTCGTCAGAAAGAACGAATTTTTTGACCTTGGAAACGATGAAGCTCTCCACTTTCTCTTTGGGCAAATGCTGGCTCTGGCAGGTTTCTTTGCCCTTGCTGTAGGTCGTGCCGCAGACGTAATAATGAAATTGGCCGGACTTGGCGCCGTATCCGATGTAGGCGGCGCCGCACTTCTGACATTTGATCATTCCACTCAGCAAGTAGGTGCTGCCCGTAACTCTGGGGTGGGTGACCTTCGGCGCCCTTGAGGCTAGAATCATCTGGACTTTTTCGAAGTGGGTTTTCTCGATAATCGCCGGCCACGCATCATCCTTGATGACAGGCGGCAGGTTGTTTTTGCCTTTGTGGAACTTGCCCCAGATGAGTCTGCCGACGTAGGCTTCGTTAGTGAGTATTTTGTGCAGACGCTGTTTGCCCCACTTGCCGCCGCAAGGAGCTGATAGTCCTTCGCTGTTGAGTGCTTTGGCGATTTCTTTGAGCCCTTTCCCGTTGGAGATGTCGCTGAATATCCTTTGCACGATTGGACCTTGCTCAGGATGGGGAACAAGGGTATTGCGCTCTTTATCGCCATCCCGGACCTTCATCCTGGAATACCCGTAGGGAGAACGGCTGCAGTTGTAGAAACCCCTCGACGCATTCTCGCGAAGACCTCGAGTAATATCCTGGGCAAGGTTTGAGGAATAGAATTCATCTATGACCTCGATGATACCTTCCATTAGCCGGCCTGTCGGGGTGTCCTCGATCGGTTCGTTAATCGACACTACCTGTACGCCCTGTTTCCTGAGCAAGGACTTGTAGATAATTGAGTCTTCACGGTTCCGGGCGAACCGCGAGAGTTTCCAGACGAGGATCATTTCGAAAGGATGTTGTTTGGCCCGGGCAAGGCTGATCATTTCGCGAAAAGCCGGGCGGGCGGTGCTGCGGCCGCTCTCGGCCTCATCGACGAATTCCTTTATGATCGGGTAACCATGCTTGGAGGCATATTCCCGAAGGGCTT
CP159307.1_gap13	454158	455168	1010	GTCTCGACCTGATCAAGAGGGCTTGCGGGCGGCTGTCGATGATCCCGCTGTCGCTCAGGCTTATCGAGAAAGAGGTCGATGTCGAGGGCAAGAAGAAATCGGTCCGGGTTCTATCCTTGACCTCTCCTTCTACGCTCGCCGAGATCCAGAAGCTCGCTCAACTACCGCCGAGTGAGGTGCTGCTCCTGCCGCCGCCCGACAGCGCGGCGCCGGACGATCTTTTCCCAGAAGAAGTTCTTGGTAAAGGCTTTGTGAAGCTCGAAGAGGGCCTCACCGAAAAGGACCTGATCACACTCTGGGACAGGGCCAAGAGCAAGGTCTGGCAGCTCGACATCAGGGAGCACCAACTCAAGGCTTGGTTCGAGAAGAACTGCCATATAAGCGTCTACCTGGACGACTTCAACTGGCCGCTGCCGCCGGCGAAATTCAGCGCCGAAGCCCTGAACCGCTTCCTTAAGGCCGTCGACCGCGACGCCGCTTGCTAATCAACCATGGCCATGAAAGACATGAGCGGTGAAAAGGCCGCTAGCGGAGGCGTGTTCTCCGAGGCCGTGCCGGAGCTTCTGGAAAGTCACCTGAAGCATCTTTTGCAAGAAACCGGCCTCGACCTCGACATCATCCGGGAGCGGAAGTACCGGAGCATCGTGTGCAAAGCCGAGCTGGGAAGGTTCGGCTTTGCCTCGACGCAACAACGGGTGCCTGGCCTTTTAATTCCCTTATGGGGCGTCGATGGGCAGCCGGCCGGCTACCAGTTCCGGTCCGATAACCCTCGCACCAACACCCAGGGTAAGACGGTCAAGTACGAACTGCCGGCCGGTTCGGGAAACCGACTCGACTGCCCGCCGCGATGTCAGAAGTCCCTCGGCAACCCCAAGGTCCCCCTCTGGATCACCGAGGGCTCCAAGAAAGCCGACGCCCTGGCAACACACGGCGCTTGTGCTGTCTCGGTGACCGGAGTTTGGGGCTTCAAGGGCAAGAACGAATTCGGTGGCGTGACCTTCCTGGCCGAC
CP159307.1_gap14	517560	521556	3996	TCGTAACCGGCCGGCGCTTCCGGGCCCTGGCCATCGTCGATGATTATTCCCGGGAATGCCCTGCAATCGAGGTCGATACCTCGCTGGGTGGCGTCAGGGTGATCAGCGTCCTGGAAAGACTGGCGGCTATGCGCGGCTTGCCCGAAGCCATCACCGTGGTGGATAACGGGCCAGAATTTGCCGGTAAAGCTATGGATGAGTGGGCGTTTCGCAAAGGGGTCAAGCTCAGCTTCATCCGCCCCGGCAAACCTATTGAAAACACCTTCGCAGAAAGCTTCAACGGCAGACTACGCGACGAATGCCTGAACACAAACTGGTTTCTGAATCTAAAACATGCCAGAGAAGTTATCGAGGCATGGAGAATGGATTATAATACTGTCAGACCTCATAGCTCATTGGATGGATTGGCACACCAGGAATTCATGGAACTAGACGGAAACACTAAGATGCATCTGGCACTAAAGATGGGGTAAGGTCAACGGATGCTTTTCGTTCGACTTACTCTCTTGTATTTTTTCGCTCCATTTTAATAGTATCCGTTTTAACGATCTGATTTTCTATGTATTTTCAATTTTTACTCTTAACTCTTTGCCCAGATAGACTTAAGAGTAACCCATTGTTCGGGACAATGTCTAATATACCTTTCCATGACCTGAGCTATTTGCTCTACGTTTTTTACTACCGCGCCGTTTCCAGTGGTGAAAACATCGATGGCTGGTTCTACATATATAACATATTTACCATTATCTTCGCGTCGATTAAAGATGGGGACAATAGCCGCTCCGGTGCGCATGGCCATTCTGACAGCTACCGTGGGCAGAGTAGCCTCCTCACCAAAGAAGACCGATGTTATGCCTTTCCCTTTGATGTTACGGTCGCAAGCCATCAATATTGCTTCACCGCTTCGCAGTAGCTGCATCATTGATTCCAGCGCACCCGGTCGGCCTGGCATGAAAGCGACGCCATGGCTCTCTCTCAAGGCAGTAACATGATTAAGCAGAGGCGGCGGTTTCAAAGCCTCTACCAAGACTGTTGTTTTGACCGATCGAATGGCAAATATCTGTGCCGCGATATCAAAACTGCCCAGGTGAGCCGTGACCAACACAACACCCCACTTCCGCTCTAGAGCATCTTTAAGATGTTGCCAGCCATGGACAGTTAAATGGCGCTCGATTTCATCAAGTTCCATGTGCGGTAACTTTATAAGGTCAAAATAGTTTTTGGCTGTATTCTTTAGTACTTCGCGCACAGCCCTTCTTAGGACAATATCATCTACGTTAAACCCCAGGACATGCCTCATATTGTCAGCAACTCCAACCCTCGCTGTAGGGAAGAAGGTGTAAGCGAAATCTGCGACTAGACTCGCGACAAAGTAGCCAAGGTTTCTAGGTAAGTAGGACAGACTGAATCCTGCAATCTTAAACGCATAATATTTCCACATTTGGTCATCCCTCTCTGTGGCATAACTGTTAGCGTCGGTCAAAACTTGACACCTATCTGGAAGTATATTACCATATAATTTGGTTTCTTTGGAAGTTTACCCCAGTCATAACGAGATTGTGTTATGCGAACGTCATATAGAGAAGGAAAGGCGGCACAGGTAAAGCACGCCTCCGATAGTCTCCTTGTAACTGCACCTAAGACGGAGTACACCTCAAAAGTAGGTATAGTGTGCCATTCAGACTGGGCCCCTTGGAACTATGTATTATTCTGGTAATCATTCTCCTCATCTTCGGCGTCGGGAAACTGCCTCAGGTGGGTGAAGCTATTGGCAAAAGTCTTAAGTCGTTCAGGGATGGATCCTCCGGCGAAGATGAAGAAAAGCCAAAAGAAGTGAAGTCGGCAACAATTACCGGGACACCAGAGGCGGTCGTCTCCAAAACGGAAGATACTCCTAAGGCTTAGCTTTGGGAGGGGAGAAGTGGTTCCTGAAGTTTTAGCATGTAGAAGTTAAAGGGTAATAACCAACAATGAACTTTTTCGGTCTAGGTACTTTTGAGATCGTTACTATTCTCATCGTAGCTACCCTTGTCTTCGGTCCCAATCGCATCCCCGAATTCGCTAAAAAGGCTGGGGAGTTCATGCGCAGTTTTCAAAAAATCACTAGTGATATGACCAAGGAGTTCACCAAAGCCATCGATAGTTCACCAACTAAACCTTCTGACACTGGTAAACCTCCTGACTCCTTCAGTGGCATAACCTTGGACAAATATTTTAAAACAAACGATAAATAATAAATGACAAAAACAGGTATAGAATACAGAAGGGGAAATTTGAAGTACTGAGGTTACTGAAAGTAATTTGGACTACAAACTTATATATACACCGGTGGCCAGGGACTTAGCCGATGTCGAGGCTAATCTTTCCGACCTAACTGAGCAGTGGAGAAGCGATTTTCCTGAGCTCCATGCCATGCTGCATCATGTCTTGCGCGGCGGTAAAATCTTGAGGCCGGCTCTGACCTTTCTGGCTGGCCGGTGCATCGATGGGGTAACGAGTCGTATGCTCAATATGGCTACCGCCAATGAACTACTGCACATCGCTACCTTAGTGCACGATGACGCCATCGATAAAGCGGATTTCCGTCGGGGAAGAGAGACGGCGAACAAGCTATGGGGAGTGGAAAAGGCCATTCTACTGGGTGATTTTTTATTTGCTCGGGCTTCTGAGTTCGCTGCTACTACCCATGAACTCCGAGTGGTGAAGCTTTTCTCTAGTACATTGCGAATTATTTCGGTGGGTGAACTCAAGCAGGCTCGGGCTGCTTTCAGTTTGGAACAAAGCTTGCAGGGGTATATGGACCGCATTGCATGCAAGACGGCGGCACTGTTAAAGATGTCCTGTGAATCCGGAGCCATTCTGGCTGGAGGTACCGAGGAACAGATTCAGGTTTTGAGCGATTTCGGATTTAATCTGGGGCTGGCATTTCAAATTGTTGACGATATCTTGGATTTTACCGGTACCGAGGTTGAGTTGGGCAAACCAGTGGGCTCGGATTTGCGACAGGGAACGATCACACTACCGCCGCTCCTTTTAATGGAAAGATACCCAGCCGCCAATCCGATTTCAGATTTCATACGAGGCGTGGCACGCAATAATAAAATCGCAGAGGCCATCGACATGATAAAAAGTGGTGGCTTTATTGAAGAAAGCTACCGCCATGCCTTGAAATATTCGACACAGGCTCAAGAAATGCTTAACCGCCTGCCAGAAAGCCCCTATCGTGGGGCATTGAGGGCTCTGACCGACTACCTTATCGAACGACGAGTCTAAGGTGTAGACGCCAAGACCAATAAACCACAAAAATCTCTCTAACTGGGCATTGAAAATGGTGCAAGACCACTTTTAACCAATATTTTGTATGTTGGTTAAAAAAGGTTACAATCCACCCACTCCATCCGTGTTTCCGGTGGAGTCCGACTCTAGAGCCTGTCTCAAAATGAGGGACAGGATTTAATATGCGAAACTCCAAGCGGATAGCATTACAGGATTTAGACCGAAGTTTCGGTGCATTTGGACATTGGTGGCCAGGTTATCCGCGATTTCTACCCTGGCTCTGGTGCTTCGTCTCCCTGACTTAGCCCAAACGCGCCATAGGGTTCGCAAGTTAAACGCAGTTGCCAGTAAGTTGAACTCCGCTCTGACGTTGGCCAGACCGCGCAACAGGAATCTCCTGGCATTCATCTGGTCTTTGAGGATTCCGAAGGTAGGTTCACTCAGTTCCCGGCGAAGGGCGTACAAACTGCGTGCTTCGTCCGAGCGCATCCACTGTCGATGTTTGAGCAACAGTACCTCGGAAGAGCTAATCCGGAGTGCACGCCCCGCATGTTTGTCCTTGGTACAAACGCCGAAGGCGGGACAAGCCCGGCAGACCGTCCTCGATGCTCGATATATGCGGATCGAGTGTGAACCAGTGAGCTTGGACCTGCGCAGCCCGCGGAAAGGAAGCCGTTGGCCATGGGGGCAAGTGTAAATGTCGCTGGCGGCATCATAGTC
CP159307.1_gap15	528197	533018	4821	GAGGGGAAATGATATAGTTCGCGACCTTGATTAGGCCCGCATATCTGTATTATGTTGACATTATTGGTCGTATCCGACTATAAGAGGAGGGTTAATATGGCTATTAAAGTAGTTACCGATAGCACCGCTGATATTCCGTCTCAGTTGGTAAAAGATCTGGGCATCGTGGTAGTACCTTCATACGTGATCTTTGGAAGTAAATCATATCGTGGCGGGATCGATATAGCCGCGGACGAGTTCTATCGTAAGCTTCTTCATGAGCCTGTGCTGCCTACCACCTCCCAGCCCACCCCGCAGGATTTCGTAGAAGTCTATAACCAGCTTGCCAAGGAAGCCGACGGTATTATCTCTATTCATATTTCTTCCAAACTGAGTGGCACAATCAACTCCGCCGAACACGCCAAAAAGCTGGCCAATGTCAATTGCCCTATTGAAGTCATTGATACACAGAACCTAACAATGGCGTTGGGTTTGATTGTCATCGCTGCCGCCAGAATGACCAGAGCAGGCAAGGGATTGACTGAAGTCGCCGATGCCGTCAGAAAGATGGTGCCTAGTACCAGGCTACTGATCCTCTTTGACACGCTGGAATACTTAGCCAAGGGCGGCCGGATTGGCAAGGCCAAGTCAATGCTCGGTTCAATACTGAATGTTAAACCGCTGCTGACACTCAAAGAGGGTGAATTTGTGCCGGCGACCCAGGCGCACAGTCGCACCAAGGGCAAGGAAAAACTGTTAGAGTTCCTAAAAAATGCTAAAGATATCGAAGACCTAGCAATTATCTACAGCACCACTCCCGATGAGGCAAAAGAGCTAGCCGCTAGTATCACGGCAATCCCCCAAGCCCGCATAATCATCGCCCAGGTGGGTCCGGTGCTGGGCGTTCACAGTGGGCCAGGGGCGCTGGGCATTGCGCTGAGAACCAAGGAATAGGTTTAGGGGTAGTCGTCAGTGCCCAATTTCGGTATGGTTCTTCCGCCGTTAGGGTGTTGGCCAACTTGTAATTAAATAGCAAACGTTATTTAGAAGCTATCTAAGGGCATCGACCGGGCCCACTTTTTGGGGCAAGCCACGGGAAGGTTATTGAAAAGACCCTGGCCGGTGCGACAGGGCTATTATGAAACCAGCCAGTTCTCGGTATCGTCTCCTTTGGTGGAGCTGAGGGGACTCGAACCCCTGACATCCTCCTTGCAAAGGAGGCGCTCTCCCAGCTGAGCTACAGCCCCATGTGACGGGTGGGATTATACCAGCCCCCCGGAATCAGGCGCAAAGCGCTGTCAGCGGGCTGGGTCTTCGGTCAGCCTAACATAAATTGCGTCAGACATTTCCCGGTCGGTGGCGAACTGGCTCATGCCTGCCTGGAAAACGTATGACGGGAAGCTCTGGATCAACTTGACCGGAGCCCCCGGCAGGACGCCCATCGCCATCAATTTTTGCAGCTTGTCGGCTTCCGGCGCGTAGAGATAAGCGACCGTACCACTCTGGCCCGGACGCAGTTCGGATAACGGTGAGACCAGCTTCTGCGGGCGGGAGGCCGCCGCCTGGCAGCATTTGCCCGGCGGGATCGGCTTGTTATGCGGGCATACTTTGGGGTGCCCCAAAAGGACGCAGATGTTCTCGTCGAGTCCCTTATCCAGCAGATGCTCGAACTTGCAGGCCTTGTCGTGCATCATTTTATCGCGAGTGCCCAGGACGTCATATAACAGGCGTTCCGCCAGGCGATGGCGCCGTACCACGCTGCGGGCTTCCGGCAGACCTTTCTCAGTCAAAGAGAGTAAACCGTCACCGCCTGAGACCACCAGCCCGTCCTCGATAAGCTGTTCGAGGGCTTTGCGGGCTTGAAAATCGGCGGCGCTGACCCCGGCTTTATCCTCCTGCGTCTTGATCCACAGGCTCTCCAGGATCTCCTCGCCGTGCTCGTCGATGTTCATCGTTTTCTCCTCAGTTTCTTAATGGCGGCAAATAGTCTCGGCTCTGCCGGTGTCTCATAAGCGCAGTTGGGACAGCGCACCAGCCGGCAGCTTTTCCCCATGGGGCAGGAGCCGCAGTAGGCGGTGCCGGAGGCGGCGTCAAACTCGAAGCCGCAGAAGGGGCATTTTATCCTGTCGGCAGGTGCGTTGTTCATAGATTGACCCCTAGGAGCTTCAGCGCGCGGTCAAGTCCCAGTCCGACCAGGAAGGCAAAGGGGAAGATAAAGCCGGCAATGGCTACCGCCGTCTTCCAGCCTCGCTCTTTGATCATCACCATGAACTGGGCGATGCAGGGGACGAACAGGGTCATGACTACCGCCGATACCAGCAGGGCGTTGCCGAAGAGCAGCCCCTGGGCGGTCAGGTCATACAGCCCGGCGGCGCCGAAGTCCCGGCGGAAGAAGCCGATGACGAAGGCCACCGCCGCCTCGGCGGGGATGCCGACGAACTCAACGACTGGTGTAAGTCCGCTAATCAAGATGCCAAGGAGGCCGACGGCATCGCCGGCCCACAGCACTACGCTGGCTACGATGAAGAACGGGATGACCTCTTTCAAATACCACTCCAGCCGGGCGTAGGTTTTTTGCAGTACGTTGGACAGGCGCGGCAGCCGGAGGGGCGGCACTTCCATGTAGAAGCAGGCGCGCTGACCCGGGATGATTCTGGAAGCCAGCCAGCCGACAAGGACAAAGACGGCGCCGACGACGCCCAACCAGGTCAGCAGCATGCCGGAAGAGACGGAAAGGATGCCGAAAATGACGCCAAGCTGGGCGGAGCAGGGGATGGCCAGGGCCAGAAGCAGGGTGGTGATGACCCGCTCCCGTTTCGTTTCCTGGGTGCGGGTGACGATGGTGGCCATGGTATCGCAGCCCAGGCCCAGGACGATGGGAATGACCGCCCGGCCGTTCAAGCCTATAAACTTGAAGACGCGGTCAATTAGCATCGCCAGCCGCGGCAGGTAGCCGGAGTCCTCGATCATCGAAAAGACGATGAAAAAGGTGGACACTATGGGCAGAATGATACCGATGGCATAGGTTATACCCAGGGTGATGATGCCGTAATCGCCGACGAAAAGATCGGAGATAATCTGGACAGGAATCAAGTCCTGCAGGGTGTTCTGGAAGAAGGGATTGATGAGCCCGCCGAAGACCCTTTCCTCCAGCAGACCCACCAGCGTGCCGGCGCCGAAGACGCCGACGATGAAATACATGGCGTACAGCACCGCCGCCAGAATGAGCCCGCCGGTGAACGGGTGCATCATGGCCCGGGAAAGGCGCTCGCCGAAGCGGAGTTTCCCGGACGCCTGCCGCGACATGACGCTTGCCGCCAGTTTCGTGGCCGCCCGCTGCTGGGCCAGCGCCAGAACGTAGGCCGGGGCCTGATTCATGGACAGCCTGGCGCGGTCAACGATGGCATCGATCTGCGAGCCAACCGATACTTCGCTAACTACCGATTGACGTATTTGCTCATCCTCTCTTAAAAGCAGCAGGGCGATCGACCGGCTGGAAATGCGCTCGGCTGGCGGGCTGCCGTTGACCAGCGGCTTCAGATCAGCGACGGCGTTTTCAATTAATGCGTCATAGACTATCGGCAGCGCCAGGCTGATGGTTTGGTAACGCAGGATTGCCTGTTTGAGTTCGGTAATGCCCCGCCCGAGGGATGCCGCGGTGCCGATGACCGGGACACCCAGTTCGGCGGCAAGTTTCCCGGTATTGATGCCGATGCCGTGGGCCGCCGCCTCGTCCATCATGTTCAGGACGACGATGACCGGCAGTCCCGCCTCGATGAGCTGGAAAGTCATAGGAAGCATCCGCTCCAGGTTTTTGGCGTCGATGACATGGAGCACCACGTCCGGCTTCTCCTGGAGCAGGATAGCCCGGGCTACCCGCTCTTCCTCGGTAATGGAGTGAAGGGAGTACATGCCGGGGGTGTCGATAACCTCCACCGGGCGGTTGCTGAAAATGGCCTGGCCGCGGAAGATGTCAACGGTAGTGCCGGGGTAGTTGGAAATGATGACGCGCCGTCCGGTCAGGGCGTGGAAGACGGAACTCTTGCCGACGTTGGGGCTGCCGACCAGGGCGACCTTCAAGGCCGACCGCGCCGAGTCTAAGCGCCGCTGCTTTTCCGGCCGCGGACCGTGGCAGGCGGGGCAGCTTTCAACGGGTGTGTCGAAGGAATCGGGGCGCTTGGTGGACATACCTAGACCGTTTTCTTCTGGCACTCGGGGCACAATCCCGTGAGCGAGATCTCGCCTCCGCGGATTAAAAAGCCACCTGCCTGCGTTACCGCGGCGACAATCTCGGATATTGGGAGTGAAAATTCAACCACCCGGCCGCAGTCGGTGCAGATCAGGTGATGATGATGTTCCTGATGGGAAATCTCATAGTGGTGATGGTTCTGGTCCAGGTGCCGTTCCTCAACCAGTCCGCTCTCCTTGAATTTGGCAAGTGCCCGGTACACCGTAGACAGGGAGATCCGCGGCAACTTCTTCCTGGCGCGCTGGTAGATCTCATCGGCGTCAAGATGTCCCTTGCCGGCCCGGATGATGTCCAGGATGACAGCCCGCTGGCCGGTGGCTTTTAAAGCGGTTTTACCGAGCGGCATTACCGCCTCCGGGATATACGCAAATGATTAGCATTTGCAATTATTATATGAGAAACGGGGAAGGGTGTCAAAAAACCGACCGCTGATTCATCGCCGGGATGACAGCTTCAAGAAAGTTGCACGTGTTATTAAAAGCGCCGGCGGGTAGACCGGGTTTTTAGCTGGGTCAAATCCCGCCGCCGTCGAATTCCTTGGCCAGGGCTTCTAGCTTCTCTTTTAGTTCGTCGGTGGGTGCCACGATGCCGCC
CP159307.1_gap16	534321	538778	4457	CCGGTAGATAACACTGCGTCGGCGACCGCCGCCACCTCCGGCCGGCATTCCGGATGGACCATAGCCCTGGCGCCGGGATGCTCCGCTTTGAGTTCAAGTATGTACTCCGGCAGGATACGGGCGTGGGTGGGGCAGTAGCCCGGCCAGAAATGAATTCTTTTGTTCGTCTGCTGCTGGACGTAGTAGCCAAGGTACTGGTCAGGGACGAAGATGATCTCCTCCTCCGGCAGGCTCTCAACTACTTTGACCGCGTTGGCCGAGGTGCAGCAGATGTCGCTTTCGGCTTTCACCTCGGCGGTGGAATTGACGTAGCACACCACCGGCCGGCCCGGCAGTTTGTCCTTCATCCGCCGCAGGCCGGCGGCGGTGATCATGTCGGCCATGGGGCAGCCGGCATGGGCGTCCGGCAACAGCACTTTGGACTCCGGCGAGATGATGGCTGCCGTCTCGGCCATGAAGTGAACGCCGCAGAAGACGATGATTTTGGCCTTGACTTCAGCCGCCCGCTGCGACAACTCCAGCGAGTCGCCGACGAAATCGGCGATGTCCTGTATCTCGCCCAGCTGATAGTTGTGGGCCAGGATGACGGCGCCTTTCTCAGCGGCTAAAGTCCTGATCTTGTTGACGATGCTGTCAGTGTTCATATTCTTCTCATTTTTTCATTCAGGGCCCCCGGTGCCGGGCCCCTTATCAGTGAATATTCGTTCCGGGTTGGCGTAGATGTTCATCCGATGGCCACGCACGAAGCCTATGAGGGTGATGCCAAGTTTTTCGGCTAGTTTCACCCCGGAATCGGTGGGAGCGCTCCGGGAGATGAGGAATGGTATGCCGCGCCGGGCGGTCTTGAGGAGTATCTCGGACGAGATCCGCCCGGAAACCAGCAGAATTCTGTCCTCTGTCCCGATGCCTTCGAGGAGGCACCGGCCGAATACCTTGTCGACGGCATTGTGCCGGCCGATATCCTCGGAGAACAACTCGATGCCGCCGGGCGCCGCCAGGGCGGCGGCGTGAACGCCGCCGGTCGTCTTAAAAACCTCGCTTCTCTCCTGGAAATCTTTCATCAGTCGGTAGATCTGGTCGGGGTGCAGTTTCATCGAGGAAACAACCGGCCGGCTGGCAACATCGGCAGCCGAGTAGAATGTCGCCCCCCGGCCGCAGCCGGAGGAGATGAAGCGTTTCCAGATCCGGCCTGCCTCGCCGCTGCTTTTTGTCGTTACCCTTGCGATGCCGCGTACGCCGTCAATGGTCATCGAGGTAATATCCCCTGCCGACTCGATAAGTCCCTCGGCGGCTAAAAAACCGGCCGCCAGATAGTTCTCCTCGGCCGGGGAGCAGAGCATGGTCACCAGTTCCATATCGTTGAAAAATATGGTCAGCGCCGCCTCCCGCGCGACCTCGTCGCCGATAGGCTCCGCCGTTGCCTCAGACACGCGGATCACGTCCAACCTGGCGGTGTTATCAGTCAAGGTTCCCTGCTTCAGTTGTCTTTATGCTGCTGATAATCTGGAACATGCCCCCGAGCGCCCATTTTTGAAAAATCACATCGAGGCCGGAGGCGATGATTTCCGCCGCCAGACTGCCCTTCATCATTTTATAAGCGGTGTCGTTCTCAAACAGCCTGACGAAAGCTGAAATAGGCAGCTTGAAAATGATATTTTTCGGCAGGCCGTAGTCCAGCGCCAGAAATTTGCCGCCGGGTTTCAGTACCCGCCTGACTTCCTTGAGCGCCGCGGCCCGGATTTCCCTGGGCAGCTCATGAAGCCCGTAAGAGCAAAAGACATGGTCGAAAACGCCTTCGCTAAACGGCAAGGCGTCGACGCTGGCGCGTTGGAAACTAACCCAGGCGGCCACATTCTTTTTCTGGGCGACGGCCAGCATATCCGGCGAAAGATCAACGCCGATCACCTGTCCCTGACACACCTCGGGGGCGATGAGCGCGGTTGTCGATCCCGTGCCGCAGCATATGTCCAGCACCCGGTCGGTATCCTTGAGGCCGGCCATGGCCACAAATTTTTGCCTGAAACGCCTCTCTCCGCCGAAGGGGACAAAGGAAAGCCTGACAACGCGATCATACAGTTTCGCCCAGCGCCGCCAGAAGCTGACGCTGTAATACGAGGGTATTCGGGTGGATTGGATTTGTTCCGGCATAATCTCTCCTCAGGGGAATAAGAGCATTATACGGAGGCGGCAGGTGACGGGCAAGGGCGGCTCCCGGCGGGCACGTCTGGCTTATCCCCGGCCATGTCCGCTGCCTTGGGCGTATGGTAATATTTAGCCTGATGGGTGATTCCAATTCAGATACGGCGCGGCGGGCTCATCCGGCGGTGAGCCGGCTTTCGCTGGGCCTTGAAACGCGCGCCCTGCTTGAGCGTCACGGCCTGGCTGCCCTCAAGAGCATGGGGCAGAATTTCCTCACCGACCGGGGAGTGTTGGATAAAATTCTGGCCGCCGCCGCGGTCGGGCCTGAAGACACCGTCGTCGAGGTCGGCCCAGGCTTGGGCGTATTGACCAGGGCGCTGGCCGAGCGTGCCGGCCGGGTTATCGCCGTCGAATTGGACCGGGGCATGGCCGCCTTGCTCAGGGAAAACTTTGACGGGGAATCCAATGTCGCCATTGTCGAAGGCGATATTCTGAAGACCGATATTGAAGCGCTGGCCGGCGGCGCGCCTTACATTGTCGTCGCAAATCTCCCGTATTACATTACTTCACCGGCACTGCGTCATTTTCTTGAAAACCCCCATCCTCCAGGGAAACTGGTGGTGATGGTGCAGAAAGAGGTGGCGCAGCAGATCACTGCCCGTCCGCCGGAGATGAGCCTGCTTTCCATAGCCGTCCAGTTTTTCGGTGTGCCGAAGCTGGTGAGCCGGGTCCCGGCCGGCGCGTTCTACCCGCCGCCCAGGGTTGACTCGGCGCTGCTCCGCATCGACGTCCTGCCGGTTCGGCGTTTAAGCCTGGAGGAAACCGCCGGTTTTTTTAAGGTCGCCAGAGCCGGCTTCGCCACCCGGCGCAAACAACTGGTGAACGCGCTCGCGGGAGGGCTCGGCATCGGGAAAACTGAAGCCGCGGCATGCCTGGCGGCGGCGGGTGTAGACCCGTCCCGGCGCGCCGAGACTTTGTCCGTTGAAGATTGGGTTGCCCTGTATCGGGCTTGCCGGAGCGCCGGTGCTTAAGCTGCTGGCTCCCGCCAAAATCAACCTTTGCCTGGAGGTCATAGGCCGCCGTTCTGACGGCTACCATGAGATAAAAAGCATCATTCAGACGATAGACCTGGCGGATGAACTTCTCTTCGAGCCGGCCGATACTCTATCCATTTCAGCGGACGCCCCCGGCTGGAGGGCTGAACAGAGCCTGGTCTCCAAAGCGGCCCGGTTGCTTCAGGAACGAACCGGGACCAGTCTCGGCGCCCGGGTCAGGCTGGCCAAGCGCATCCCGCTGGTATCGGGACTGGGGGGTGACTCCTCCGACGGCGCCGCGGCCCTGAAAGGATTCAACCGGCTGTGGCATCTGGGGTTGTCCGAGGCCGATTTGATGGAAATCGGGGCGGCGCTGGGGTCCGATGTTCCCTTCTTTTTTTGCGGCGGCACCGTGCTGGCAGAAGGCCGCGGCGAACTGCTGGCGCCGCTGCGGCCGTATCCCGGCAGCTGGGCGGTCATCCTGATGCCGCCGCTCAGGGTTGAAGGCGGCAAGACGGCCAGGCTTTATGCCTCGCTTCGCCCGGAGGATTTTTCGGACGGGTCGCTGACTGAGGAATTCGCCCGTTGGCTCATGGAGGGTCGCGCGGTCCCTCCGGAGATGTTCCATAACACTTTCGAGAGGGCGGCTTTCGAACTCTGGCCGGATTTCGGCCGCTACCGCTGGCGCTTTATCGAGGCCGGAGCGACAAGGGTCTTCCTGTCGGGCGCCGGGCCGAGCTTGTTCAGCCTTCACACCGATCACTCCGAGGCGGAACGTATAGCCGCCAATCTTGAGGAGCAAGGCCTTAAGAGCTTCCTGGCGCGGACCGCGGGGCATTTGGAATAGCCGCCGCGGCAGGATATTATTAAAGATATACTGGAGAGGAGCCGGATATGGGAACGACGGAGAATCTTGGCGCGGCTTTTGCCGGAGAAAGCCAGGCTAATAGAAAGTACCTCTTTTTTGCGGAAAAAGCGGAAGCCGAAGGGCAGTCTCAGGTAGCCCGGCTTTTTCGGGCTGCCGCTGAAGCGGAAACGGTGCACGCCCGCAACCATCTCAACGTGTTGAGAGGCATCGGCGGAACGGCCGACAACCTGAAAGCGGCCATCGGCGGCGAACACTGGGAATTCACCCAGATGTATCCCGGCTTTATTGACCAGTCACGCAAGGACGCAAACGCTTCCGCGGAGCGCAGTTTTTCCACCGCCAATGCCGTTGAGGAGATCCATCACGCCCTGTTTCAGAAGGCTCTGGCTGACCTGCACGTAGGCGTCAAAGCTGAA
CP159307.1_gap17	540584	544296	3712	GACGCGCCAGGTTTGGACCCAGATCAAACAGGCGACCGACGGCATTCTCAATTCCCTCACCCTTGCCGACATGGTCGAACGCTGGCGCCAGAGCGGAGTGCCCGAGGTGCCGGAAGAGGAAGGCCTCTTAAGTGCCTGACCGGACCTGTCACTGCTACGGCTGCGGACGTAATCAGGGTGTCGACCCATCAGAACTGCCTTGTTTCGCGCTCAAGGGCTGGTATATCTTATCCCACCTGGAGGGGCCGGAAGACATTAAACGCTACGGCTTCTGTTCAATCACCTGTTTACAGCGCTGGGTTAACGAACACGCCCCGTCCGTCCCTGAAATCTTCCTCAGCATTGACGAATTCTAACCCCCTTAAAACCGGGCGTCGATTGCCTTCAACTGACCTTCTGCTATAATCAGGTCGCATGAAACGCTGTTATTTCGACTACGCCGCCACCACACCGGTCGCTCCGGAAGTGCTGGAGGCGATGCTGCCCTATTTCAAAGACCGCTCCGGTAACCCTTCGGCGATCTACGCCGAGGGCCAGTTGGCGAGGCAGGCGGTGGAACATGCCCGCGCCTCCGTCGCCGGGTTAATTAATGCCCGGCCGGATGAAGTGGTTTTTCTTTCCGGCGGCACCGAAGCTGACAATACGGCTCTTTCCGGCGTCGCCGCCGGCGGGTGCAAAGGCCGTCATGTCATCACTACCGCCATTGAACACCACGCTGTACTGGAAACCTGCCATCAGTTGGAAAAGATCGGGATGGCGGTAACCTACCTGCCGGTCGGCGCAGATGGGCGGCTGGACCCGGCAGAGGTGCGGCAGGCCATCCGTCCGGATACGGCGCTGGTCTCGGTGATCATGGCGAACAACGAGATAGGCACGCTCCAGGACTTGGCTGAAATATCTGGAATCACCCGTGAACATGGGATTCTGCTGCACACCGATGCGGTTCAGGCTGTCGGCCGGGTCCCGGTCGATGTACAGGCACTGGGGGTGGACCTCCTGTCGATATCGGCGCACAAGCTCTACGGCCCGAAGGGCATCGGGGCTCTCTATATACGCAAAGGCACCCGGATTGTTCCGATTGTTTGGGGAGGCGGCCAGGAGCGCGGGCGCAGGAGCGGGACGGAAAACGTCCCCGGCATCGTCGGCCTGGGCAAAGCCGCGGAGATGGCGGTTTCAATGATGGCTTCGGAGGCGGTCAGGCTGACTGCCCTCCGCGACAAATTAATCGCCGGGGTGCTTTCCGCGGTGCCCGCTACCCGGCTGAACGGCCACTCTTCACACCGGCTGCCGAATAACGCCAATTTCTCGTTCGACCATGTTGAGGGCGAGAGCGTCTGCCTCAACCTTGATCTGGAAGGCATCTCGGCTTCGCCGGGATCCGCCTGTTCCTCCACCAGCACGGCGCCGTCCCACGTCTTGCTGGCTCTGGGATTACCGCCCCATCAGGCTTTCGGCTCGCTCAGATTATCACTGGGGCGCTGGACGACTGAGGCGGACATCGAACGGGTGCTTGCCGTCCTGCCTGAGGTCGTCGCCCGACTCCGGGCGATGTCGCCTTTCCGTAGCCAATAACTCGACGGAGGGTTATTCGGCTGGGGTCGGTGATACCGGAGCCGGCGGTTCTTTTCCCTGAGCTTCAAGGTATGGCTTTATCCGTTCGATGGCCGGGAAACCTGACAATACCACGGTCACATCGATCAGTCCCTTTTCGATCGGGTAATCACCGTATCTGATTGAGGCTCCGGGGGCGATGCTCTTCAGATACTCGCCGAGGAATTTGATTAGATCTGTGCCGATCTCTTTTTCCGGCGCTGAAACCAGGTATAAAGCCTTGGTGGCGGTCTTGGTGTCGCATTGGACGGATAGTTCACTGATAGCCTCGTCCATGGCTTTGCGGCCGCTCATATTCTCGTCGCCCTCTTTATCCCAGGGCATCGTGATCAGGGGGATCAGGGTTTTGCCATAGCCGATGGCTGTCCATCCCGAGAGCATCTGCAGGATGTCGCTGGCGGCCAGCATGCCGACGCCGATGTGGCTGCGCTTCTTCTCTTCGCCGGCGCAAAGCAGGCTGTAGAACGGCCCGGCGATGGCCTTGTTGATCTCGGCGATATTGGCGCTCCAGGACATACCCTTTTTAACATACCGCTGATTCTCAATCAGGAAAACGGCGTCCATATTGACTTTGGCGCTGCGCAGGCAGTGGGTGGTGTTTTCCACATTGATTTTTTCCAGCGCTTCCTCATGCTCGAAAGGCAGGACGCAGATGCCGAAAACCGCCTGATCGCGGTAGCGTTCCTTGAGTATCTCGGCGATGACCGGCATGCAGCCCGCCGCGGTGCCGCCGGCCGTGCCGCCCAGCAGCAGGAAGGCGTCGGATTCGGCAAATTGCTTTGACTGGCGGATGGCGTCGATGACCTTGAAACCCTCTTCCCGGGCAATTTGGGCGGCCAGGGCAGCCTGTTTACCGACACCGCGGCCTTTGGTCTTGTTTTCGCCGATTACCAGCCGGTGTTTAGCTTTGATCGATGCCAGGCCGCGGAGTGACGAGGCATCGGTATCCACCGCGAAAGCCCCGGTCAGGATATCGACTTTGCGGAAACTGCGGGCTCTTTCGTGAAGACGGACGAATTCGTCGGCCAGCCGCCCGCCGCACTGTCCCAGGCCGATTACCATCAGTTTCATGGTGTTCCTCCTCGATTTTATTCCGGCTGTTGGTGGAAATGGGAAGCCGATTCCAGAGGGAGCCGCGGGTTTCCACTCTTTTGATTCTAACCCCCGATCCGCAGAATAGCAATAGATAGATGACATAATAATTATATTCAATCAGTGTTGCGCATGTTTTAAGCCGTTCGCGTCAGGTTGTATTTGACATCTCGGGGCGACAAACCTATTATTTATTACCGTTCGTAACGATAAATGCCAGGTCTGCAAGATATATTTCCACCAGCGGCGTTTCTCATTTATTCCAGGGCCGGCTTGCGACCTTTCGGCGTGCATTTAGATAAGACAGAGGAGTGCTGATGGAGACTGTGGCGCCGGTAAAGGACCCGGGGTTCGATTCCGAAGAAGCTAAAAAACGTAAGAAGTACATGGTGGACCTGTTCGTGGTCCAGGCTAAGAATTATGATTTCCACGATGATGTCTACGGCCTGTATGCCCACCGGTTGTGGGTACGCACCATGGTCAAGATTATCGAAAAGTTCCTGAAGGGCAGGAAGCGCGCCGACATGCTGGATATGGGCTGCGGTACCGGCTTCGTCACCTTCAACGTCGCCCGCAAGCTGCCCAAGGTGGAAAGTATCGAGTCCTTCGACCTGTCCCCGGATATGATCGCCGTGGCCAAAGAGCGCTATGAGAAGGGTTTTAAAGGCCGCAAGATTAAGTTTTGGGTGGCCGACGCGGAAGTCCCCTTCGGTAAAAGCAAGTACGACATCGTCACCACCTCCTTCGCCTACCGCAATTTCGCCAACAAGCACCTGGCCACCCAGAACGTCTTCAATTCTCTTAAGCCGGGCGGCATCTTTGTTATCCAGGACCTGACCAAGCCCGAGAAGCACCCCATGAAGGGGCTGTACGCCTTCTATATGAAGTTCATCCTGCCGGTCATCGCCAGGATCCTGGGCACCGAGAAATCGGCCGCCGGCTGGCTTAAAAAGAGTACCGACATGATGCCGACCAACGCTCAAATCCAGAAAATCCTGGAAGACAACGG
CP159307.1_gap18	546152	550080	3928	GCCAGGTTCTGTGAGTTCCACAAAGAGAACGGCAAGATCGCCTGCAAGGTGCCGGAAGCGGTGTTGAGGCAAGTCCTTGAGAGCGCTTACTAATCCGGCTTCGGTGTCGGCAGGCGTCTGGCTGCAGGCAGCCCGCCTGAAGTTCCTGCCCCAGGGCGTCTTTCCGGTGATCATCGCCGGAGCGGCGGCCTACTCGGCCGGGTTGTTCATTCCGCTTCACTTCGCCATCGCCCTGCTGGCCGCTGCCGCGGTGCAGATCGGCCTGACCATGTTCAACGATACCCTCGATTTCCAGTACGGCACCGATCGGACAACCATCGGCGCCAAGAACCCTTTTTCGGGCGGTTCGGGCGCCCTGACTTCCGGCCTCGTCAAGCCGCGGCAGGCGATGGCTGTCATCGTCGGGCTGTATCTCTTCGCTCTGGCCTGCGGCATCGGGCTGGCTTTCGCTTCCGGCGTTGAGAGCCTGTACATCGCCGCGTTGGGGGCTTTTATCTCCATCGCCTACTCGGCCAAGCCTTTCCGCCTGGCTTACCGCGGTCTCGGGGAACTGGCAATGCTCATCGGGTATGGCCCGGTGTTAACCGCCTGGGCTTACTACATTCACGCCTCGACGGTCACCCTGGATATTGTCCTGGCCGGAATCATCCCCGGGCTGTGCATGTGGACGATGATCCTGATCAACGAAATCCCGGACTACGCCGAGGATTTTGCCGCCGGCAAGAAGAACCTGACCTACAGGCTGGGTCCGGCAGGCTCGAAGAACCTATTTCAAGCCTCGCTGGCCGCGGTCTACCTCTACATCGCTGTTCTCATCGCCGCTGGAACACTGCCGAAGGCGGCGGTCCTGGCCTTCCTGGGGATACCACTGGCCATTGGAGCGGCGGTGACCGCCCACCGGGAGTATGCTGATCCCTTGAAGGTTGCCAAAGCTAACAAGTACATGGTATTAATATACTCTCTCACCAATGCGGCCGTAGCCGCGGCATTCTTGACGGCATGAGCCAGACGTTTTCAACGATGACCGCGCGCGGCGTTTTACAGTAGAAGATGGCGTTAAGACCGCCGGCCTCAAAATAGCAAGGATGGAAAATGGTAGAACCGAAGTTTTTTGAGACGATCGCCCCGGCTTATGATTTCCTGACCCGGCTGTTCATGGGAGGCACTTATGAGAGCATGCGGAAGCGCATGCTGAATGAGGATACATCCCAGATGGACATTCTGGACCTGTGCTGCGGCACCGGCTATATCAGCAATTCCATCAACGCCAGGCGTATCGTCGGGCTCGACCAATCGGAAGCCATGCTGGCGCGCAACGCCAGGGTGAAGAGGGACAACAAGGAACTGATCAAAGGCAACGCTTATCAGATCAATTTCAAAGAAGGCGAGTTTGACCGTATTTACAACTCCAGCGCTTCTCATGAGTTCAAACTGTTCTCTCGCCTACTGAAAAAAAGCTTTCATGCGCTTAAGCCCGGCGGCAAGATCATCATTTTCGACATTTACCAGCCCAAGAACAGGCTGCTGCGTCTATTCATGAACACTTTCGTGAAATACGTTGTTGAACGGGGCATCATGTTCGTCCATACCAAAGAAGAATGGGCGCGGATGGTCACTGAAGCCGGTTTTGAGATTGAAGAACTCGAACCGGTGAGGGGCTTTTATATCTTCGTCAAAGCCCGGAAACCGGAGCAGGCGGGGTTGCCGGCTGCGGGTTAAAGCCCTTACATCAAACGGGCTGACGGTGTATAATACACCAGTATTTTCTTGAGGGAGTAAACGGCAAATGGGACTGACACTGGGTGAAGCTATCCGTCACATCACCAACAAGAATTACGCCTTGGTGGCCGGAGACCTTTTTGAGGATTGTTTCGGCCGCAAGTACGGCACGTCCGCGGCCATCCCGGCTAAAGACAAAGCGCAGTGGCCGATCAAGCTGGAGGAGAAACTCAAATCCATCCACCAGCTCAAACTCGCGGAGGGCGAGTACAAGCGGACCCGCCAGGATATTGCCTCAGACACCTATCTGGAAGTCAAGGAATGGCTCGAGGATTCCATCGGCATCCCCCATCCCGAGATCGACCGCACATTCAAACTCGGCATAAAATAGTTTTGCTTTCGCTTTGAACTCAGTCCAGTCCTTCTTCTGAAGGGCTGGATTATTTTTAAGAGATGTCTCGCGTCTGGACAGGGATTTGACACGCCAGGTGATGCCTCATAGAATCGATGAAACGGATAAAGATAAGGAACCGCAGATGAGCCTGAAAGAAACCCTGCCCCTGGAACTCAAAGACGCTCTCCGCTCCGGCAACAAGGTTAAGCTGGACACTCTCCGCCTGATCCTTTCGGCGGTTAACTACGCCGAGATCGAGCAGCAGAAGCAACTCGACGACCCCGGCGTTCACGCCGTCATCGCTAAAATGATCAAACAGCGCCGCGAGAGCATCGACGCTTTCAAAGCGGGCAACCGGCAGGATCTGGCGGACCGAGAACAGGCCGAACTGTCAATTCTCGAGAGCTATATGCTCAGGCAGTTGACCCGTGAAGAAATCACCGCCGAAGCCAAAAAGATCATCGCCGAGGTGGGGGCTAACAAGCCGCAGGATATGGGCAAGGTCATGGGCAGGCTGTCGCCGATGTTGAAGGGCAAAGCCGACGGCAAGGAAGTGGCTTCGGTGGTGACGGAGTTACTCAAGCAGTAGCTGCCGGCGATATTTCCAACTTCAGGTAGGCACAGCTGGCAGCTTCGATCTGTCCTCGCGGAGTCTAACTGTTGATTTCCAACCTGAATTAAAACAGCCTATAATTGGCTCATCCATCCAGGAGGTGCCCCCTTGGCAGACAGAGAAGAACGCGTCATGATCTTCATTGACGGGTCAAATATGTATCACTCGCTGAAAGCTTATTTCCATCGTTCCGACATAGACCTAAACAAGTTTTGCGAGAAACTGGTCAACAAGCGCAAATTGGTTCGCATCTACTATTACAATGCCGAAGTCGGTCAGCGCGAGGAGCCGGAGCGCTATAAGGACCAGCGGGCTTTCTTCGACAGCGTCGAGGCCATCCCGTATACCGAATTAAGGTTGGGCCGCCTGGTGTACACCAACGCCTGGCCGAACACCCCGCCCTATGAGAAGGGCGTCGATGTCATGCTGGCCACCGACATGCTGACCCACTGTTTCAAGGGCAACTACGATACTGCCATCCTGGTCGCCGGAGACTCTGACTTCGTCGGGGCCTTACAGGCGGTCAAGGACTACGGCAAACATGTCGAGGCCGCCCTCTTCGGCGAGGAACGGACCTCGGTGCCGCTGCGCAAGGTAGCCGATGTCGTCCATATCATTGACGGCAACCTCCTCAGGGGCTGCTGGAAGGCGCCGCCGCCCCAGCCCCGCCAGCATCGCCCGCACCACCCCCGGCCGCCGCAGCCCCAGCAGCCGCAGCAAGCTCAATCACAAACGCCGCTGCAGGCTCCCCCGCCTTTTACACCGACCCTTTCACCGCAGCCGCCGGCGCCTCCGCCATCGCACCAGCTGCCGCCGTCGCCCCCGCCTCAGTTTCTGCCGCGGCCCTTCAACCCCGATGGCTGAACCGGGAGTGGCTTGCCTTGGTCTGGGATAGAGCGCTGAAAGACCGGCTGGCTGCCGAAACCGGCGCTCGGGTCCGGGATTGGGGCGGCGGCCTGCCGCTGGTGGTGGTTTACGCCAATAGCTACCGCGTCGCCATGTCCAACCTGGGCGTTCACGCCCTTTATAAATGGTTTAACGACCGGGAAAACTTACTCGCCGAGCGTGTTTTCTGGGATACCGACCGTCTTTCCACCTCCGGAGCCCTGTCCGTCGAGAGCCGCCGCCCGCTGACGGATTTTTCCGCGCTTTTATTCTCCATTTCCTGGGAGCTTGACTTCCTGAACCTGCCGCCGATGCTG
CP159307.1_gap19	552956	557830	4874	GGTCTTAGCCCGCTGCGGGCCGATAAAGGCGGGGGTGTTGGCGCCTCTGAAGGTGTCTTCCCATTTGCCGTAGGCCGAATTTTCGCGGTTGGCGCCGTTGGCCAGCGCGTAATCGCGCAGGCTGTAGCCCGGCTCGCCGGCCTTCATCCGGTCGGTGGCTGAAGGCATGGTCATGGCTTTCCATTCATCGAGGCCGTAGTACCTTGCCTGGATGATGTCGGACTGAGTGCTGTGGAAGCCGTGGTGGCGGGCCATCAGGTCCCAGTCAACGTCAACGGTGGGGTGATCCTTCTCCTTGACCCACCAGGAGCGCTTGGGAGTGCTGCCCTTGGCAGCGGCAACCTCGTCCAGGTCATGGAATCCGGGGGCTGCCATAGCCGCGGCGCCGACGCCCCCGGCCAGGCCTACATTTTTAAGAAATTCGCGGCGGGAGACCGTGCTGTGAAATACGGACATCTGTTTCTCCTTAATTAATGATAATTGCCGTCTTTCCGGAGTCACCCGGCCTGTTCCCGGGAGTCAAAGGGCATATTCTTCTCCTTTCAGGTTAGATTATTATGACTTGGTGGTTGAGCCCCGAGACGAAAAGGTACCAAAATCTGGGTTGTGGCACGGCTTCACTCAATAATCCTTGCCGGGATTAAATTAGTGAGGATTTTATCTGAGACAGGCGTTGAAATGCAGTTAAATTGTGTTAAGCCAGCTCAACACAATAAAAAACCGAAGGGGCGGGATAATTATCCCGCCCCTTCGTATAAGACTCTTGCCGATGCCTGTGTTATTGCAGGTGTTTTTTGATCGTTTCGAACTGCTCCTGGGTGATTTCGCCTTTGGCGTAGCGCTCCTTGGCTATATCCAGCGGCTCCCGCCGCGGCGCCCCACCCCCGGCATGGATAGTTCCGGACCGGGTCAGCGTGACCACGCCCCAGATTACTAGAGCGATTATGGCAATCCAGAAAATAAACATGAAGAACCCCCCAAAACCCCAGTTGGCCATATGATCAGACCAGTACCACATAATCTCCTCCTAACAGTGGAATTATACCACCGTTTTAGGGGAGTCAAAGTGACGTGGGTTACAATGCCTGACTCAGCAGGTGCCTTTTTCCAGCACCAGAGAGATGACGCTGATGTCCTTCCGCAGCGTCCAGCCGAGGCTCTCCCAGAACTTGATGCCCGCCGCGTTGTCGTTGAAGATAAACAGGTGGCACTTGTTGATGCCCGCCGCCCGCAGCGCCTCAAGCGTCGCTTCCGCCAGCCGCCGCCCGATGCCGCGTTTGCGATAGTCCGGATGAACCGCAAGGTGATGAATGTACCCCCGCCGCCCGTCATGCCCTCCCAGTATGGTGCCGACCAGCTTTTCCCCGTCCCACGCACCGAAGCTGCAGCCGGGGTTGCGCTCAAGGTATTTGGTTATGCCGCAGCGGGAGTCCGCGTCGGAAAGCCCGATGCCCTCACAGGCTTGCCACAGGGCGAGGGCATCGGCGTAAGAGGCTGGGGTGAGGGGGCGGAGGATAGTTTGCATAATCAGGATATTGATAGGTGTCTCAAATACGGCTGAACGAAAAACTCCCAAAGGTTAATCGATCACGTCCGGTGTAATAGCTCCCTTCGAGATCAACCTGATTCAGACTGAAATGGAGTTTACCTGTACCGTGATGGATGTGCATGGTGGTCATTGCGTGTGGTTTCGGTTCGCATAGATATTCGTATACCAAACTGAGGCCAGATGGTTCATCCGGTAAAAAAGCGGCCATCCGTGTTCTAGAAATAGAAGTCGATGTTTCTATCGACAAAGCCATTTGAGTCCAGGTTTGGGCGATGGTTAAATATGCATCGATTGGGTTCGAATGACCGGAATCGCTCGATACTATTTTACCTTTCCAACGGCCTTGCAGAGTTGGGACAGAGATAGATAGGAGATGACGGATTAATTGATTTTTCCACAAAGATCTATCGAAAACGGTCTGAAAGATGGCAAATGTCCCTAGTACGGATGGGGTTCCAAACCACCAAGGGATACTTACTGAAGTTTGGAGCAATACCCAATGTAAAGCCCAGACCAAGATCAGGCTTAAAAAGGCGATAACTAATATAACGCGAACTCTCTCCCCGTGATTGTGAGAATATGCGTGCATGTTAGTTTGAGTTCCAGAATTCAATCAATTTATTAACAAAACCTTTTGCTTGGTCAATGTGCCATTGTTCGGGTCCATTTCCGCAGATTGGGCCCCTGAGGCTTGGGAAAGTGCATATGGTGAGTTCAGAGGTGTACAGCCAATTAACTGTGTTACAGAAGGTGTGTTGGAATGTGTTTCCGAACTGTGAATCCGGGACATTGAACAGGAGAGACTCTAATAAATAGGATGGGACTGCTTTAATATCCATCTCGTTATTATCTGATAGATAATTACGTATATTTTTGAACAATCTCACCGTTCTTTTGAACCATTCACCCGTTCTCTCGTTCTTATCGACGCATTTATCATAGTGGATTTTTGGATAACTGATTATCAAATCGCTCTTGTTTTGTGGCTTAATCGCTATCCCGTTAATGGGTTCTAAACTAAGATCAGCATCGTACCAACGGTATTGGATACTTACCACAATATCGGCGGGAATTCGCCCTGAGGAGGGGTCTATATTAATGCATTTGTTACCAGGTTTGACAAAGGGGCCATATTGACTAGTGAGAGCGCTGATCACATCCGAACGAAATAGGTCCCAACCATAGTTAGAAGGAGTAATTCCCAGGGATTTCTTTTGAATATCATTAAGGTTAGACCAAAAAGAAGAAGTAAGTTCGACAACTATATCGACATCACTATCTCCTCGTGTGTTGGTGTTGTTTTTGTATGAACCTTGGAGGTAAATATCAAACTCTATATCGGATGGCATAACCTCTGGCCTAAGAGCATAACGAATAGATTCGTAGGTTATGCTGGAGGAAGTAGTTGGGCCTTGATGAGACCAAGTATTTAATTGCGCCTCACTTATTGCCATATTCTCCTCCAAAATAACAACGAACGTTCTCATTTGATCGTTCGCTACACCATCGCCCTAGCACTTCGTAAACCCGCAGCCGGGGCAGATGAAACACCCCTCCTGGTAGACCAGGATACTGCCGCATTCCACGCACTGGCCGGCCACGTTCTTCACGATGCCGAAGTCCTTGATGACTTTCTTTTCCCCGTGGCCGTTGCCGTTCCCGTTGCCGTTGGCCTCCGCCTTGCCCTCGAGTTTGACTGAGAGTCCGCTGTTGATGTAGTTCTCCAGCACCGTGGCAATGGCGTCGGCGCAGGACAGCACGCTCTTGCCGTTGTCCCAGGCTATTGACGGGCAGCGGATGCCCTTGAGCTGCTTGGCCACGTCGTCAATCGGCACGCCGGAGCGGAGCGCCAGGGACGCCAGGCGGCAGGTGGACTCCAGCTGCGCCGTCGCGCAGCCTCCCGCCTTGCCCAGGTGGGAAAAGACCTCGCAGATGCCGGTGGAATCGGTGTTGATGGTAATGTACATGTTGCCGCAGCCGGTCTTGACCTTCTCGGTGAAGCCGGTGGTGACTTTGGCGCGCTCGCGGGGGCCCATCGGCTTGGCCGGGGCGGCCGGCACGGCGGCTTCGGGCTTAACCTCGGCTTTGCCGGTGGACATCGGCTGGTCGGCTTTGCAGCCGTCGCGGTAAATGGTTATGCCTTTAAGCCCTTCGTCGAAGGCCATCAGGTATACTTTGTCCACGTCGGCCACGGTGGCGGCGGCCGGGAAGTTCACCGTTTTGGAAACCGCGTTGTCGGTGTACTTCTGGAACACCGCCTGCATCCTGACGTGGCCTTCCGGGGTGATGTTGTGCGCCGTGACGAAGAGCTTCTTCGCCGCCTCGGGCACTTCTTTGAAGTCCTCCAGGTGTGCGCCGGAGGCCAGTTTCTCCATCATCTCCTTGCTGAAGAAGCCGCCCTCGACGGAGGCGCGCTCGAAGTAGGGGTTGACCTCCACCATCTTCGTCCCGTCCATGATGTTGCGGGTGAAGCACAGGGCGAAATGCGGCTCGATGCCGGAAGAGCAGCCGGCGATGATGGACAGCGTCCCCGTCGGGGCGATGGTGGTGCAGGAGGCGTTGCGCATCTTGACCCGACCGTCGTAGACGGACTTTTCATAGGCCGGGAAGGTCCCTCGGCTCGCTGCCAGCTCCTCCGATGCCTTGTGGGACTCCGCCTGGATGAAGCCCATGACCGATTCGGCGGCCTCGAGCGCCTCCGGCGAATCGTAGGCGATGCCGAGGTCTATCAGCATGTCGGCGAAGCCCATGACCCCCAGGCCGATCTTGCGCGTCTGGCGCGTCCGCTCGGCGATCTGCGGCAGCGGAAACTTGTTGACGTCAATGACGTCGTCCAGGAAGCGGACGGCGGTGCGCACGGTGTAGCCCAGCCGGTCGTAGTCTATGGATTTCCTGCCGTTGCCTTTGGTCATCTTCGACAGGTTGATCGAGCCCAGGTTGCAGGACTCGTAGGGCAAAAGCGGCTGCTCGCCGCAGGGGTTGGTGGACTCGATCTTACCGAGGTGCGGCGTCGGGTTGCCGGCGTTGATGCGGTCGATGAACACCACGCCCGGGTCGCCGGTTTTCCAGGCCAGGTTGACGATCTGGTCGAAGATGTCGCGGGCTTTTTTCTTCTCGACGACTTCTTTGTTGTGGGGATTGATCAGACTGTACTCGCCGTTGGCCCGGACGGCCTCCATGAAGGCGTCGGTTACCGCCACCGACAGGTTGAAGTTGGTCAGCACGCCGGCGGTCTGTTTGGCCTTGATGAAGCGCTCGATATCCGGGTGGTCCACGGAAAGGATGGCCATGTTGGCCCCTCTGCGGGTGCCGCCCTGCTTGATGA
CP159307.1_gap20	566858	570909	4051	GCATTTTCCACCGCCAAGTAAATCTTAACGGGTTCCGGCTTCCAGGCTCTCGACAATTTTGAGGTAGCGTTCTTGGAGGACTCGGCCTTCATATTCGGCATAGTCTCGCAGCATCTTTTCTTGTTCCGCCGGAGAAAAGTAGTCCAGACAGGGATAGAAAAAGCGGTTGTCCTCTTTATCGATGTGGTTTTTATAGAAAACGGCTATCTCGGCGATGATGCCGGCAAGTTTTTCCCGGCAAGCGACATCGCCGGGAATCAATTCAGTCCGGGCTTGGTCCAATCGCTTAACCAGATTTCGGCCGGCCACATGCTCTTCGACGAGTTCATCGAGCATACGCCGGTGTGCAGCGGAAAGCGTTTTGGCTTTTAAATCCCGGAACAGGATATCCTCCTCCTTACCGTGATGGATTTGATCCACAAACGTCTTCATGAAATCGACTGCGGTTGTCAGGAAGGCAGGATCAGGCTCGGTTAAGGCAATTCTACGTTCCATCACTCGGATCATGCGTTCGATCAGTCGGTGTTCTCTCATCAGCGGTCCAATTGGTTTCAACTGTCAGCCTCCTTGGGTTTTTCTTGAAGTGTTTCCGGTGGCGCTCTGTCGGTGCAATTCCGAATTGATCTCGGCGCCTAAGATTAGGATTATCGAAGAAATATAGATCCAGAGCAATAAAACGATGACCGAACCCAGAGGCCCGTACACCGTGGTGTAATCCGCGAAATTGGTCAGATAGTAGATGAATCCCCAGGCGCCCGCTTGAAATAACGCCGCCGAAACCAGAGCCCCCGGCCATATCCCCCGCCACCTGGTTGGTGTATTGGGTATGAACTTGTTGACGATCAGGAATACTGAAAGAACGAGCAGGAAGCCTAACAGACGGCTGCCCAGGGCTGCCATATTACTAATGGCCGGCTGGCCATCGGCATTCGGCCAACTGACAGCGGCCGACGCTGCCATGGACAGGAGAAACAGGATGCCGGTGGTTAGAACCAGGGCCAGGTCATGCGCCTTGCCGGGTATAAAGCGGCGGTCCCGGCTGATGCCCCAGGCCCGGTTGACGGCACGGCGGACGGCGGCGAACATGTTGCTCGCGCTCCACAGCAGAGCGGCGGTGCCGGCAATACCGCCGATTCCCCGCAACTCAATGACGGTATCCAGAATATCTTCTATGAAATCGGCGGATCCGGGCAGCGTCCTGATCAGGGCGTCTGATACCGCTTGACGGACTTCGGCGTCGGGCAAAAAGAATCCGAGTAAAGCAATGCCGCCAAGCATTAGCGGGAATAGAGAAAAGAAGGCATGGTAGGCTACGGCGGCGGCTCGATCCGTGGCGTCATCGGCGGACCAGTCCGCGGCCAGGTGTTTCAGAAAGCAGTAAAAGGGATATTGTTCCGCCCAGGCCCGGAGCGCTGCAATCTTTTTCTTGATCCCGGTTTGTGATTCTCCCACGCACTGATTATAAAGCCTGAACGGCAGGCGGCGGAAATCGCCCGGTTGCCCGGTGGAATTTTAGACGCAATCCGCTGTTTTCCTCGAGTTGGGGGTGATCGGTTATTGACGCCGAACCGATCCACTCGTACAATCGGCGTATGAGTAAATACGATGTCATCATCATTGGCGGCGGGCCGGCCGGGCTCTTCGCCGCGCTCGAACTGGCACGAAACAGCACCCTGAATGTCCTGCTCTTGGAAAAAGGCAAGGACATCGATGAGCGCAGCAATATCGTCTCCGGGCTCGGCGGCGCCGGCGCTTTCTCCGACGGCAAGCTGACTCTATCGTCGAAGGCCGGCGGTCACCTTGCTGACTATGTCGGCGAAGCGGCGGCGGAGAAGCTCATCGAGCAAGTTGACAGGATATGGCTGGATTTCGGCGCGCCGGACAAGGTTTACGGCTTGGGCGAGGCAGTGGCCGGCCTCGAACGGCGGGCATCGCTGGCCGGTCTTCGATTGGTTCCCCTTCCGGTGCGCCATCTGGGCACCGAACGGTGCCCGGCCGTCCTGCGCGGTATCCGAAACCGGCTGAAAGAGCGTATCGAGATACGCACCTCAACCGCAGCCAAGAACATTGTCGTGAGAGACGGGGAAATCACCGGCGTCGAGACATCGGACGGCGAGATAATCAAGGCCAGAAACGTCGTCGCCGCGCCGGGGCGCGAGGGCGCCGACTGGCTGATGAAACAGGCGAGGAGCCTCGGGCTGTCGCTGGCCACCAATCCAGTGGATGTCGGTGTCAGGGTCGAACTGCCCAACGCGGTCATGGACGAACTGACGAGCGTTCTGTATGAGGCCAAGCTGGAATACCTGTCTAAAAGCTTCGACGACCGCATCCGCACCTTCTGCATGTGCCCGCAGGGGACGGTGGTGCGGGAAACCACCGGCGGCGAGGACCCGGTGACCACGGTCAACGGCCAGTCCTTCGCTTCCCATGACAGCCCCAACACCAACTTCGCCCTGCTGGTCTCCACCCAGTTCACCGAACCGTTCAAGGAGCCCATCGCTTACGGCAAGTACATTGCCCGGCTGGCCAACATCTTAAGCGGCGGCGTGCTGGTGCAGCGCTTGGGTGATTTATGGAAAGGCCGCCGCTCGACGCCTGAGCGCATCGACCGCGGCCTGGTGCGCCCCACCCTGGAGTCCGCCACGCCCGGCGACCTGTCGTTCGTCCTGCCATACCGCCATCTGACCGGGCTTTTAGAGATGCTGGAGGCGATGGACAAACTCTCTCCCGGCGTGGCTTCCGACCACACCCTGCTCTATGGTGTGGAAGTGAAGTTCTACTCGTCCCGGCCGAAGCTGACTGCTGGTTTTGAGACGGAACTGCCCGGGCTGTTCGCCATCGGCGACGGGGCGGGGGTGTCACGGGGACTGGTGCAGGCGAGCGCATGCGGGGTAGTGGCGGCGCGGCAGATATTGAAGAGAAGTGATAACCGATAAACTTCAAAATTGCCGCGTTCACTCGTGATGTAAATGACGGATTACACCAGGGACTGGATGCTGTTTTTAGCCGGAGCCATTGGTTTCGGGATCATTGTTGTGGTATTAGCAATCAGATCACCAGAATATCGGGCGTTAGGCATCGCTTTTTTCGCGCTTTTAGCGTTGTTTGGCCTGAGTATGGGGATTGGCGATGGATTTGGGCTGGGGAGTTGGATGTTCATATACCTCGGGGTATTGGGCATCGTCGCTCTCATATTTATAAAGCCGGTTAAAAAAGTGAAGTAGCGATATGGATAACGAAAAAGCCATCGAAACCCTGAAGAAAATGCTCGAAAAGCCATCGCTCGACGCGGAGGAGAAGGAAGCGGTGATGACGGCGCTGGGAGTGCTGGGATGGGTCAAATTAGCAAAATCACGAGTCCAGGCGGCTAAAGAGAAACGGGATCAGAGCCTTCAGTGGCCCTGACCACTGTAAAAACCGCTCGGTATTTTAACCTCCCAGGTTGTTCTCCGAGTACTTTTTAGCCGCGGCGCTGTCAATGGCTTCCTTGACGAACTCCTGGGTTTTATCCGCCATTTCTTCAACTTCGTCCTTGACATCTTCAAGACAGTCAAGACCGGTGTCCCACATGTCGTCAATTTTATTCTGGATCAGGCGCCGGGTTTTTTTACCGGGATAAGGAGCATAGAGAAGCGACACCACGGCGCCAACTGCCGCGCCGGTCAGCAAGCCCAGGGCAAACCCGCCAATAAAATTCCCTTGATTGCTCATCTGCTCACTCCTCAACCTGATTTTTTATCAAACCTCATCCCTACAGAATTATAGCGCTGAATCAAGGCTGTGAACAGGGTAATTTTACGAAACTTGTTTTGGGTGAGTTGGCGGCTGGATTTTGAGTGTATAGAGTAGAGGCGCAGGCGCGCCTCTACTCGTTGGTCTGTTTACTTTCTGCGGTCAGCGACATAAAACTCTATAGCGCTGGTCATGAATCCGGGCATCTCCGGGTGGAATTTCAGGTAGAAGGCGGCGAAGCGCGAGTCTTCTGAATACATCCGCCCCAGGCCGAGAATCATTTCGTCGGTATAGTGGTGGAAGTTCTCCATTAGCTGCC
CP159307.1_gap21	579903	581169	1266	ACGAACGCTTACTGGCCAAATACGGCATCGGACCGCTGGCTGAAACCCGCGCCCACGGGGTCAGCCGCATCCTGTATTCTGCGCCGGATATCGAAATCCGGGTAAAAGAACTTGCCGGGCTTATTTCGGCTGACTACCATGACCGGCGGCCGGTACTGCTGGGCGTTCAGCGGGGATTTCTTTGCTTCATGGCCGATCTAATCCGGCAAATAACGGTGCCGATGGACCTGGACTTCATCGCCATCAACTATTACGGCGGCACCAAGGAGGCGGGTGTGCGGGTGACCAAAGATGCCGACCTGAATCTGACCGGCCGTCACATCCTGCTGGTCGAAGATATCGTGGATACCGGCATCACCCTGAACTATGTTCTGGAATATCTGAAATCCAAAAAGCCCCGGAGCCTGGCTGTCTGCGCGCTCCTCGACCGCAGGGCCAGGCGGCTCATGAACATAGAGTTAAATTATGTCGGTTTTGAAGTCCCTGATGAATTTGTCATCGGCTACGGTCTCGATTATCACGAGGAATACCGCAACCTGCCGTTTATCGCTGTGCCGAAAATAAGCGGTCCGGAAAAAGCGGGATCATGACGGGGATTCCGGGGCAAAAAAGGGATCCCAGGTAGCCTTTGCCCCCGGGTCTTAATCAGCCGAACTCCCTGACAGGACCTGCAAAGTTTTCAATAACGCTCCCAGGACGGACCTTGGGTTGATTAAGTTTCCCTTTCAGGTATCCCATCAGGTAACCGCTCAGGCGATTTCCCCCATTGCATCGGTTACCTGGGACAGCTACTATGATTTCACAGCGATGCAGCCAGTGTCAAAGATATTCAGGAGGAAACAGGCTAAGATAACTCGCATATACTTGCTGTTAAAACCTTGTATCTTCCAAAAATCACACTATTTGGACACTGACAAAGGCAAGATAGGGAAATATTCCCCTTTTTAACGGCGCGATAAAAGGAGCATGGTCAATCCGGCAAAAAGGATTAAAACCGCCCAGATGAATATCTTGGCGATGCCGATGAAGATGATGTATCCGGCCGCCAGCAGTCCAAGCCCGCCCAGTACCAGCACCAGGCCGATATCCCATAACCGGGAGCGCGGCGGCGGTTCAGCCGCAGGCTCACCTTCGGCGCCGTCTGCCTCATCTGCAGTGTCATATCCGCGCCCCTCGCCCAGCCAGCGCCAGATATAAGCCGCCGCTGAGATCACGGCAATAATCAGGATTATCTCGAACGCGCCGATTCTCATACCGCCAGCTTAA
CP159307.1_gap22	584251	587177	2926	AAGCTGGCCGGTGAGCATCTTCTGGGTGGTAGTCTTGCCGGCGCCGTTCGGACCCAGAAATCCCAGGATCTCACCCTTGCCGACCGTGAAGTTCACGTGATCTACGGCAATCAGATCGCCGTAACTGTAGGTCAGGTTTTCAACGACAATGGACCTGGCGGTGACGCTCATGCGCTCTCCTTTTTCCCGAAAAGATCGATTTCTTTTGTCAGAAAACCGTAAAAAGTCAGGCGGGTCAGCTGCTCGATTAATTCCATATTGGATTTCCAGTCGCGGGCCAGTTCGGGAAGCGCGGCGTAGCCCGCCCGGAGCACATCCAGATAAACCGTGAAGGCATCAGGATCAACCGAGGCATCTATGTATCCCTGGCGTTTCCCCTCTTCCAGCAGTTCGACCCAGAGCGGTTTTACCTCCCGCCGGAACAATTCCTCAATAAACGGGGCAATGTCCCTGTCCTGGCTGATGATCTTGGCAACCACTTCGTCCGGGGCTTGAGAAGCCCGGCGGATTTTACCCGAGATCAGCCCGGTCAACTTCAGGGCGAAAGGCAGGTCCGACTTAAGGACGCCCTGGGCAAAGGCGACAGTGTCCAGGATAAGACTTCTGGCGGCTTCGCCTATCAGCGCCTCACGGCTGCCGAACTGGTTGTAGACCGTTGTCGGTGAAACGCTGGCGGCCTGGGCGATATCACCGATGGATACTTTGCGTACATCGTGAGCCCGGCGGAAAAGCTCGACCGTGGTCTCGATGATAAGCTCCCGCTTGGGCCGGCGGCCGGCTGCGCTCAATTTTCTTCCGGTCTTGTTCACCTTCATCGCTCCGCCCATCGCCTCGCCTCCATCCGCTTAAAGATCTTTCACCGCTACCAGCCGGTAGGCTCCGCCGAAGAAGCCGATGGCAAGCAGCGGCACGGCGATAAAGCCGAAGACTTCGAGATCTGTACCCTGGACCACCGCGGCGGCGGGGAAATACTCAAACGGAGAAAAATACTTTAAGAACTCGACATCCTCATTCAGCTTGGAGAAGAAAGACAGCAAATAAACTCCGATAATGACCGCGGCAACGATCATCCCGGTCCGCTTGTGTCGCCTGGATAATGACGAGACAAAAAAGCCAAAAAGTAGAAACAGCATCTGAAGCGCCAGGATGACCAGCATGAATTTTCCAACCCCGGTGATGAAGTCCGCCCCTATACCGAAGCGGGCGAAGGCACCCAGGGAACCGGCAAAAGTCACCGCCGTCAGGATGACGCAATTAAGGGCGGCCGCGGCCAGCTTCATGGAGACAATCCTCTGCCGGGTTACCGGCAGGGCAAAGGTGGTTTCTGAGGTTTTCTTATTGATCTCTTTAGATAATATCTGAGCTCCAGCCAGGCCGGCAAAAATAACGGAAGCCAGCACCAAGAAGCCGCCGATATAGCTGAAGTAACCCTCAGGGATGTCCAGGCGCACTGTATCGAGGGAAAAAGCCTGTTTCAAAGCCTCCGGCAATGAATTCAAGAAGGCGTTGACTTCGTCTGCCTGACCGTTATAAACCGCGAATTCGGAGGACGCCAGCGCCATCATTGCCAGATAGCTGACGCACCAGATGACCAAGGATTTTAAATTCGAGCTGAATTCCCGTTTGAAGATGTTCATTGACGCTCCCGGTCACATTGCGGTGGCGATGTTCCGCCGGTTGTAAAGAGCGTATCCGGCGATGAGACTTACGGCGATGACGCCCAGGCTCAAAGCCAGCCCCGAAGCTTTGAAGGCGCCGTTCTCGATGATGTAACCCAGATCAAAATAATCGTAAGGCACCAGGTATTTGAGGGGCGTGTCTCGTAATAGACTGTCAAATGAATACAAGATGAAGAGGCCGATGGACAGCCCCAATGAAAATGGCAGCGGCGAGTCCATCCGTTTAAGCGTTACCGAGAGCAGGAAACTGAAGCTAAAAAACAAGACCTGGAAAATAAACAGGCCGGCGATGATGAGGAGGAACGTCGTCATCGAGTACTCTTGGCCGCCTTTGAAGGACTCCATTCCCAGGAACGAGACCAATCCCATAGAAGCATTGAAAATGAGGAGGTGGCCGAGCCCGGCCAGGATTTTGGCGGTCACAATGCGGTTCCGGGTCACCGGTTTGGCGATTAAAAAATCAGCCGTGAGGTCTCTTTCTTCGACCGATACGGCATTAAAGGCCAGGTGTGATGAGAAAATGGCTCCGGCCAGGAAGAGGTAAATGCCGACAAAGGCAAAATAACCCAAGATGGTTGTCAGGTCCTGGTCCAAGCCGAAGGCTTTTTTCAGGGCGTCGGGGAAGCTGTCGAGGAGGTCCAGCATTCCAGTCCCCGAGAACGATTCGAAGAAGGCAAAGGTGAAGTAGACATAAACGCCCAGCGAGACCACCCAGATGAGGGTCGAAACCAGCCTTTTACGGAACTCGTAGCGGAAAATGTTCATCCTGTTCCAGTCTAGTTCAAGCTACTCGTAGTAATGCATGAAGATCTCTTCCAGCGTCGGCTCAAGAATCTGGATATCGGTTACGTGGTGACGGGCGATCAGTTTCAATACGGTGTCGATATCGCCGCGGAAGAGGAATGACAGTTCGCCGCCGTCCTGATGAATGTCGCTGACCTCCGCCGCCGGCAGGTCGGCGACATTCAGATCGGTCGAGGTTATCCGGAACTGCTTGTATGCCTGGCGGTTGATGGCGGCTACCTCGTCAATCCTGATAATCGAACCTTCTTTGATGATCGCCACCCGGTGACACAGGCGCTGCACCTCTGAGAGGATGTGGGATGAAAACAGGACTGTCGCTCCACGTTGGTTTTCTTCCCGGATGATATCGAAAAACTCCCGCTGCATCAGAGGGTCCAGGCCGGAGGTGGGCTCATCGAGGATGATGAGTTTCGGGGAATGCAGCAAGCCCTGGACGATGCCGA
CP159307.1_gap23	617685	621428	3743	CTGTTCTGGGGCAAGGACTATGTCCCCGGCCAGCAAGGAGACGCCGATGCGTGAACTTTCGCCGTCGCTCCTCGCCGCCCAGGCTTCGCCGTCACGCCAGGGCATCGTTTCAATCGTTTTACGCAAAAGGCGCCCGGCCTGGCAGACCTTATACTCCGGCGCCGAGCCGGACTATTTTCACGCCGCAACGCTGGCCGGCGACGGCTCGCGTATCCGCGCCCGCCTCGGCCCCGCCGCCGATTCCCGCAGGCTCTACCGGCAGCGGATTGTTACACCGGACGAGTCGAGCGATTTTTCCCAGTGGACCTACGCCAATGAGTACAACGCCGTGGCTGTTGCCTGCGCCGCGCTTTCCGCGGAGGTCTCCATCTGCTGGATCAAGAGCGACCGCAGCATCCGCCGTATCAAATCGGTGAACTACGGCGCAATCTTCGGCGCGCCGGAGCTTATAGACTACTCGCCGACCACCGCCTGCGGCGGCATCGCCGCCGCCTACAAACCCAACGGAGATCTGGCGCTCTTCTTCGCCGACCAGTCCGCCCTCTACGTCAAGAAGCGCGTCAACGGGGCGTGGCAGGCCAAAGCCGCCTGGAACAAGTCAACCGGCGCCCTGTCCGGCGTGGCCTGCGTCTATGACGGCGACTGGAACCTCGTGCTCACCGGCCGCGATTCGTCCGGCAACTTCCGCCTGTGGTCTCTGGTTTGCGGCGACGGCGGGGCCCTGCCGGCCGGTGCCTGGGGCGAACTCATTGAGCTGGCCGCCTCGCCCGCCGCCGAGGGTTTCGAGTTCCGCGCCGCGTTTCTCGACCGTGATGATGTTTACCGCTGCGCCTATGTCGAAAAGTTCACCGGCGCCGAGGCCTGTTCCCGAGTTTACATGACCGCCGCGGCGCCCGGCGCCGCCTTTGATTCCGGACTATGGACCGAGCCGGAGCCCCTCGAAATCACCGGCGACTACGGCGTCACTATCGTTCATTCGGCCGGTGCCCTCTGGCTGTCTTCGGCCAACTCGGTGCGGCGGGCGGTCTTCAACAATGCCGAAACCGATCTGATCGCCTCGGCCGCCGGCGTCAGCCTCGACCTGGCTGAGACCGAAGGCAAGGCGGTCATCGAACTGGATAATTCTGCCCTCGGCCCGCCGCCTGCCGCCCCCGGCGATGAAATCCAGGTTAGCCCCGGCTATATTACCGAAAGCGGCGCCGAGACCGGCGGCAGCCTGTCGTTTACCGTGCGCCGCGTTGAACGCCGCGGCGGCAAAATTATCATCGAGGCGTCGGACGGCTGGCAGGCGCTCAAGGACTGGCGCTCCCGCAACCTGCTGCGCTGGAACGCCTCGGCCTCAACCCACAGCGTCCGCGACATCATCGCCTGGCTGGCAGTCCGCTGCGGCCTGAGGCTGGAGACCATCTCGGCCTCTTCGTCCCTAACCTCGCTCTACCCTGACTTCTGCTTGAGCCCCGGCGCCGACGCCCTTTCGGCCGTCCGCCGCCTGCTGTCTTTCGTGCCTGACCGGCTGTTCGTCGAGGCCGGTATCATCTACTTGAAGCACCCGGTGGAAGATGAGGCGGCGGTTTATGGATACGGCCTCGACCATCAGATCGCCGCCTGCCGCGCCGCCGAAGCCGCAATAGAGTTCAACCACCTGCGTTTGGCCGGAGCCGGCGGCCTGGTGGTTGAGGCCTTCGACTGGCCGTCGCTGGTTTCTTCCGGCGCCCGCAGCCGCAGCCGTTATGACCGCGGCCTGGTGACAGCGCCGTCTTTGCATGACTGGGCTGATGCCCTGCTGCGTGAAGCGTCGGCCGCCGCTTCCGGCTGCGAGATTACCGTTCCGCCCAACTGCGGCCAGCAGCTCTATGACGTGGTTGAGGTCACCGACGAAGCGACGGGCCTGTCCGCCGCCCGATACCGGGTAGTTGCCATAGAGCTTGACTATCAGGCGATGAGCGGCAAATACGAGATGAAACTGAAACTCAGCGGGGTGTGATCGTCTAGTCATTCCCCCTTGAGAGCGGAAATCTAAAAAAACCGTTCGCCCTGAGCTCGTCGAAGGGTGAACGGAAGTGGAGGGAAAAATGTACACCAGGCAGGCGATTTTGAAAAGTTTCAACGGCACGAATTACTCCGCCACGGTGCAGCTCGTTGGCTCGTCGCAGGCGTACCTTGAGAACCTGACGGTCGCCCGCAACATCCCGGCGGCGGAGATGACCCAGGGCCGCGAGGTGGCGGTGATGTTCTTTGATCTGATGCGGGCGTCGGACGCGGTGGTGGCGGCAGTGTGGTGAGTCTAAATACTATGCGGTAATATAAGAAGACTCTGTAACAAGGATGGGCTCGCTATATGACCGAGGAATCTATACTCCAGGAACTTTCGGACAAGCTGGACGTGACAAATTCCCTCTTAAGATTGCTGGTGGTGGCGGTAATAGCCACTGGAGTTGTCATCACGCTGGCGGTGGCGGTGTTCTAGGCTGTCCCGGCCTCAACCCGCGGCTCTTACTTCCGTAAAATCTTCTCCATCGCCCTGCCCTTTGCCAGCTCATCCACCAGCTTATCCAGGTAGCGGATCTCCCGCATCGTCGGCTCTACTATGTCCTCCACCCGGACGCCGCAGATCAGGCCTTTGATCAGGCTCCTTGACGGATTCGGTCGGGGCGCCTCTGCAAAGAAGGTCTCAAAATCGGTCTTGTCTTTAAGCCGCGCCTCCAACTCGTTCTGGCTGTAGCCGGTCAGCCAGCGGATAGTCTCATCCACTTCAGCTCTGGTGCGTCCTTTTTTCTCTGCTTTGGCAATATAAAGGGGATAAACGCTCCCGACGCTCATCGTATAGATCTTGTGCTTGGCCACGGCCGTTATCCTCGGTGCAGTTTCGCATAATCTACCACGCCGCCCGGCAAAGGCAAAACTGGAACCAAATTGACACAACCCGGCGCCCGGGCTAAAGTGAAATTGAGTCCCTTCGAATTATGAAGTGACATCCTCGCCGAGTGGAGATTATATGGCTGAAAAGAAGGCTGTGCAGTTATCGGAAGATGAAAAGGCGGCTATGAAAGAGCGCCTTGATGAACTGAAGGCCGGCAAAGCGGCGGAAGGGGAAGGCGCCGTTTTGGCTAAAATCAATGAGATGCCGGAGCCGGACAGGACCGTGGCCCGGCGCATCCACGGGCTCGTCATGGCCGCCGCCCCCGGCCTTAAACCCCGGACCTGGTACGGTATGCCGGCCTGGGCCACCAAAGACGGCAAGGTCATCTGCTTCTTCCAGGGCGCCTCCAGGTTCAAAGCCCGCTACTCCACCCTCGGCTTCAACGATTCGGCCAAACTGGATGACGGCAACCTTTGGCCGACCTCCTTCGCCCTGAAGGAACTTACCCCCGCCGAAGAGGCAAGGATCAGCGCTTTGGTGAAGAAGGCGGTAAGTTAGCCGTTATTCGTTATTTTGAGGCTTCCGCCTGCCGCCAGCACCTTTTGCACAATAATTTGCAGTTGTGCATTTCCGGCGGCTCTTTGGGGTTAATCGGCACGTAGTAAGCGTCATGATACGACCAGTAAAGCGTATCGCAGCGTTTGCCGGCATGGCTGCCGCAGGTGGTGCATTCGCACCGGCCGTCAACGCGGCGGTGCGCCGCTTGCTTGACGTAGTCCGGGAAGAAGTAGTCGGGCATCGCCTTCCTTTGTCCAGATTATAGGCGCTTTTATCCCTAAGTCAACGATTATTTTTACCCTGGTGTGTTATAATCAGTCCGATT
CP159307.1_gap24	633681	634306	625	CCGCCAGGGTACCGGCCCCCGATAGTTCGACGGTGACCTCCCCGGCTTTGCCCGGTTCCAGTTTGCTGGAGGTGACGTTCTTGATATCCACCAGCTGTGCCGCCCCGAGGTACTTGTCCCCGGGTTTGAAAGGATAACCGGGATCGCGGAAAGCATCCAGCTCGGCGTACTGCGCCGCTGAATCGAACCTGACCAGTTTGAAAGGCCCGTTGGAAATCGCCAGGTGGGAATAGCTATCGTAGAAATCCATTGAGGCCTGATACCTGGCCTGGGCGCTTGAAAAGCTGACCCTGGTTTGCGGGGTGTCGAAAATCAGGTTGGGCACTGTACCGGCATCTTTGAAACCGGACAGCACGGTCCTGATGCGGAGTGCGTGGCTTTTATTGACCGTGGACAGCCAGTCAACATTGAACCGCGCCGCCGCGGTGTCCGAGTAAGCGCCCTGCCGCTTATCGAAGACAATGTTGTCCATGGCAGCCAGGATTTCCCAGGGGGTGGTTAACGAAGCCGGCACCGCGTAAGAAGCGATGTAATCCGGTACGAAATGCCAGTAGTCAACGTAGACCTCGATGCGGTTGGCATCCAGTATCTTGAACCCTTTGAAAGTATCGAGCACCGGTTTGGT
CP159307.1_gap25	705022	709914	4892	CGGTGCACTTGGCGGGATCGATGATGTAGATCGTCTCCCCCTCGGTGATGGCTGAATTAGGGCACTCCGGTTCGCAGGCTCCGCAGCTGATGCACTCATCGGTAATCTTGAAAGCCATGTTTCTGTCTTGTCCTCCCCGGGTTGAATAACCACCATTATACCCAAAACGGATTATCCGGTAAAACGGCCTTTCACCTGACCTTGGCGCGCACCGCCTCGGCTACGAACGGCGGCACCAGATCGCCGAAGTCACCGCCCAGCCGGGCTACTTCTTTCATGATGCTGGAAGAAAGGAACTGGAATTCCGGAGAGGCCAGCAGGCACACCAGCTCTATTTCCGGCGCCAGTTTGCGGTTGATCATCGCCATATCGAACTCAAGCTCGAAATCGTTGTTGACCCTGAGGCCGCGCACCACCGTGTTCACCTTTTCGCGGCGGGCGAACTCCACCATCAGCCCGGAGAAAGGCTTTACTATAACATTGCCAAGATCCCGGACCGCCTCCTGTCCCATCGCCACCCGCTCCTCGGTGGTGAACATGAGTTTCTTGTCCGGCGTATCGTAAACGCCTACAATGACCCGGTCAAACAGCCGCGCCGATCGCCTGATAATGTCGATATGGCCCCAGGTGAACGGATCGAACGAACCGGGATAAAGCGCCGTTTTCATGATGTCTCCTTGCGGTATATGGCGATGACGCTGTCGCCGTGGCGTCTTTCTTTATATAATACGACTTGGCCGTAACGTTCGTCGAGGGTCACCCGCGGCGAATGGGTGATGACCAGCCAGGTGGAGTCGCCGATGAGCCTGGTCCCGGCCAGCCTGCCCAGGAAAAGGCCGATATCTTCCCGGCGGTAGGGCGGGTCCATCAAAATAATGTCGTAAGTCTTGTCCAGGAAACTGATGGCGCGCTCCACCGGCAGGCAGTGGACTCTGGCGCGGTCTGCCAGGCCGCATTGCTCCAGGTTGTTCAGCAGAATATCGCAGCAAGCCCTTTCCTGTTCCACGAAGTCGGCGTGTCCGGCGCCTCGGGACAGCGCCTCGATGCCCAGCGACCCCGAGCCGGAGAACAGATCCAAAACCTCGTCCCAGTTTTCGGTGAGGTTGGCCAGCATCGAGAAAATGGCGCCCCTGACCAGTTCGGTAGCCGGGCGGGTCGCCCGCCGCTCCGGTACCTTAAGCGGCCGGCCTTTGCACTCCCCGGCGATAACCCTGAGATATCCCACGGCGTCATTCTGAAGCAAGCGGCCGGCGCCGTCAATCGGCAGCCTAGGAATCGAACCGCTGCCATCGGTGGATGACCGCTCTTTTGACGCTGGCTGGACGCTGCCTCTAGAATATAATGGTGAAGAACGAAGCGACCACTTTCCTGCTTCTGTGGGGGGGCGCGCTGTGCCCGGACTCCCTGAACAGGGTGATGTATTGGGCGGTTAACTACCAGGGTGAAATTTGCGGCGTGATCCTGCCGGCGGCGGTGTGGCGGAGGGTGGTCAACGTTCTCGAGTCGCCGTCGGAACTGGGAGCTCCTTATTTGGCCGTGGCCGTTACCGGAATCGCCGAAGAGCGGCCGGAACTGCGGCTGGTAACCCTCGACGCCGATTCCCTGTATGATTTTTGCTACCTTAAAAATGCAGTTTACCGTATGCGCCAGTCGCCGCAGCAGCTCAAGATGGATGCCGGTAAACTGACCAACAGCGTCGGTATCGCCGAACTGCCGCCGATGGCGGTATTGAGGCGTTTCGGCTCGCGGCCGGACCGGGGCGAGTTTTTTACCCTGATGCCGGATAAAAAACGGGTTGAACTGTATTATCTGATTGAGGAAGACGAAATCCCGCCGGAAAAACTGGGCGTTCAGGTCCTGTGGGGTCTCAAAGGCTACGGGCTGCCGGCTGTCGCCCAGGGGACAGGCTATCGACCGGATGGCGCTGAAAAAGCCATGCTGGGGCGGTCCGCGGTCAAGCCGCCTCCGTTGTGGTTCCGGGATTTACTCAAGCTGTTCAAGCGTGGGCGGCGGCCGCCCAGGTCAGCGGGCGTTTAGTGCCGCAAGCCCGCTCCGCATAACAGGTACTAATACTTTGGTCGGCATGCGTTTCCGAAAGTCATTAGATTCCGAGAGAATTTATCGGCTTTTCGGTCCGAGTAACAAATAACAATGTCCAAAGTTGTCAAACTATCATTATTTACCGCTTTGTCCTAACGTATTATTGCCTGTTTGGCTGATCACGGGCCAGTTTACACAAGTATCGCCTTGGTGCTATGATATTCGGACAGTGGGACTAGTACTTCTGATACACTGTCTCACCATGTCCAATAAGTTGCATTCCGGAAGCCGATTCCTGAGTGCAGCCTGAATTACAAAGGTCTCAAAGGCGAACAAAATAAAGGAGGGAGCATGAAGTCTCAAGTCAGTAGGAGGGACTTCCTCAAGGCCAGCGGCGGAGTCGCCGGACTCTTCGCTACAGCCGGGCTCTTCCGGGGTCCGCTGGGTGCCGACTCAGCGCTGCCGGTGGATGACCGCCCCCGCTGGACCAAGGAAACCTACACCATCTGTCCCTACGATGCTTCGGGCTGCGGTTTCATCTGTCGCACCGACGCTCAGGGCAGGCTCGTCAATGTCGAGGGCGACCCCAATCACCCGGTGAACCAGGGCGGCGCCTGCAGCAAAGGTGCGGCCATCGCCCAGATTCACAACAACACCCGGCGTCTTCAGAAAGTGAGATACCGGGCGCCCGGCGCTTCCGACTGGGAAGAGAAAGACTGGGACTGGGCCATCACCGAGATGGCCAAGCGCATCAAGGCCACCCGCGATGCCAACTGGATAGAGAAGAACGCCAAGGGCAATACCGTCCGCCGCGTCGAAGCCATGGCCATGGTTGGCGGTTCCTGTCTGGACAATGAAGAGTGCCAGCTTTTGGTAAAAATGCTGCGCAGCCTCGGCATGGTGTATTTAGAGACACAGGCGCGCCTCTGACATTCCTCAACTGTCGCCAGTTTGGCGGAATCGTTCGGACGCGGTGCCATGACCAACCACTGGACCGATGTGGCTAATGCGAACCTGGTCCTCATTATCGGCGCCAATCCCGCCGAGAATCACCCCGCTTCCTACACCCATATCCTCAGAGCCCAGACCAACGGGGGTAAAATAGTGGTCTTAGATCCCCGCTTCACAAGGTCAGCGGCCAAGGCTGATATGTACGCCCCCATCCGTTCTGGAACTGACATCGCCGTCGTGGGCGCTATTATCAACTACGTCGTCAACGATATTGAAGCCAACCCTGCCAAATACAACATGACGTACCTTACCGAATACACCAACGCCCCGACGCTGATCAACCCGGATTTCAAAGGACCGGCTGACCTGGACGGCCTCTTCAGCGGCTACAACGCCGAAACCCGCAGCTACTCCAAGACAACCTGGAGCTATCAGCTAGACAGCGCGGGCGTCCCCATCAAAGACAAAACCCTCAAGAACCCGAACAGCGTCTTCCAGCTGCTCAAAAAACACTACTCGCGCTACACTTTCGCCAAAGCGAATGAAGTGTCCGGGATTCCGGTGGACAAGCTCCAGGAGATAGCCAAGCTGGTGGCTGCAACCGGCGCTCCCAATAAAGCTATGACCATCATGTACGCTATGGGCGCTACCCAGCACACCTACGGCACCCAGCTCATCCGCACCTACTGCATCCTGCAGCTGCTTCTTGCCAATGTCGGCTTAGCCGGTGGCGGCATCAACGCCCTCCGCGGCGAATCGAATGTTCAGGGCGCTACTGACTGGGGCATTCTCTTCCACCTGCTGCCGGGATACCTTCCGGCGCCGACTGAAACTGACACTACCTTGGCTGCCTACAATACGCGGACGGCGGTCGTCAAACGCGAACCCCGCAGCCTCAACTGGTGGAGCAACCGCCCCAAGTACATCGCCAGCCTGCTGAAGACCTGGTACGGCGACAACGGCACTGTTGCCAACGACTTCGGCTTCAACTGGCTGCCCAAGATGGATACTGGCGCCAACCATTCCTTCATTCCCCTTTTCAAAAACATGTATGAAGGTAAGATCAAAGGCCTGATGATCTGGGGCCAAAATCCCGTCGTCAGCGGCCCTAACCAACAGCAAATCGTCGGTGGTATGGAAAAGCTGGACTGGGTCATTGCCGCTGATCTCTGGGAGAACGAGAGCGCCAACTTCTGGAAGAGACCCGGTGCCAATCCGGCCAACATCAAGACCGAGGTCTTCCTGCTGCCGGCTGCCGCTTCCTTCGAGAAAGAAGGTTCGGTTGCCAATTCTAGCCGCTGGATGCAGTGGCGCTACAAGGCCGTCGAACCTCCGGGTGAGGCCATGCCTGATCTGGACATGATCAATAAGCTCATGCTCAAGCTGCGAGAACTCTATAACGCTGAGGGTGGCCCCAACGCCGATGCCATCACCAAGCTGGCCTGGAATTACGGTACCCATGTTGATCCGCATCAGGTCGCCAAAGAAGACAACGGCTATGACTTGAAGACCGGCAAGCTTATCGGCAACTTCACCCTGCTTCTCACCGATGGAACTACCTCTTGCGGCAACTGGATCTATTCCGGCTCCTACAACGAAACCGGCAACCTGTCCGCCCGCCGCGACCTCGATGACGGGCCGTTCAATATCGGCCTGAACGCCAAATACGCCTGGTCCTGGCCGCTCAACCGGCGCATCATCTACAACCGCGCCTCGGTTGATCTGGACGGCAAGCCTTTCAATCCGGACAAACCGGTGGTCAAATGGAACGACACTACCAAAGCCTGGGAAGGCGATATCATCGACGGCGGCTCAGGCCCGTTGAATCAGGGCGGCTGGCTGCCATTCATAATGCAGGCTGAGGGCGTCGCCAGCATCTTCGGCCCCGGCCTTACCGACGG
CP159307.1_gap26	726510	729253	2743	TAGCCGGTGCCGAACGAATCGAAGCGGTAAGTCCTGCTGATATGGCGATTGAGCGATGCTGAATTAAACTGGGTGAGGACGCTCATACGGAAAATCCCGGAGTTGATGCAGTTGCTGATTGGGATATCAATCAGCCGGTATTTACCAGCGATTGGGATAGCCGGTTTGGCGCGAACTCCGGTTAACGGGTACAGCCGGGTGCCTCGGCCGCCGCCCATGATGATAGCCACGAGGTCTTTGAGTGCCGGCATCTTTCATCCCTCAAACGCGGTGAATACCGGAACCGGGGAAGGTCTGGCTGACATCATTGTATATTCTTTAGGACGGATTCACAATACAGCCGCTTCTGTTCAGTTGGCCTATCCCGTCAGGTATCCGCCGGCTAGTTCTGCAGGGCAGGTTCTTCAGGTAACGGTACGCTGATGATTACGGTGGTACCGTTCCCGGGTGAGGATTCAATTTTACCATAACCACCCAGGAGCGCCGCCCGTTCCCGAATCGCAGACAACCCTGTCGAACTGGAAGCCGCCATAGCCTCTGGATCAAAGCCGCGACCACGGTCGCTGATGGCTAAATGGAGCGTCCGGCCGTCAATATTAAGAACCACAGCCGCTTCCGTTGCACCTGAATGCCGCATGACGTTGGTCAAGGCTTCCTGAGTGATGCGGTAGACCGCGGTGCTGACATCGGAGTTGAGCTCCGGCAGCGGTGAATGTTCAAATCGGACATGAAGTCCAGCCTGGGTGCCCAGTTGCTTGAACAGCCAGTCCAGGGCGGATACCAGCCCCAGGTCATCAAGGACTCCAGGCCGGAGCGATACTGACAGGCTGCGCACCTGCTTGATGATGTCTGCGGTCATGGTGGCTATGTCTCGCAGCAGCGGTTTCAATTCTTCTGTGGCCAACCGGTCTGCCCTGCCGATCATCAGCTTGAGAACGGTCAGGCTTTGGCCGGTCTGGTCGTGCAGTTCCCGGGCGATATTCCGCCGTTCTTCCTCTTGAATCCGGAGCAGGCGGCCTGACAGGGACCGGAGGGATTCCTCGGCTTCAGCGCGAAGCCTAAGTTGTTCAAGGAGTTTGGAGTGAGCCTCGGTTAATTCCAGAGTGCGAATCCTCACCCTGTCCTCAAGTTCTGTATTGAGCTGCTGCAAAGCTTGCTCGGCCTGTTTGCGCTCGGTAATGTCACGCCCGTAAAGATTGACATATCGAAATTCCGTAACTGGAGTTATTGAAAAGGCAAAAACACGGTCCCCGCATTGAACCTCAACGTGTTGGTCGAAACCGGAATTCAAAGACTCCCTAACCAGAACGCATAGGTCTTCAGGTAAACGATGCTGAACAGTGGTTGACCAGCAGTTCAGAACGTAACGGCTGGCTGGATTGACATAGAGTATCGTGCCGTGTGGATCTACTCTCATGACGGGGTTGGGGTTTTCAGCCGGGAAGCGGGACAGGATCTCCAGTCTGCGTTCTGTTAATTTGCGTTCAGTAATGTCCCTGAATACACCGACGTGAGCTATCGTCTCGTCGTTCACATCCCGCACCGGGCCGGTGGAAGTCAGGACCGTCAAATGCTCCCCGTCAGGCTTGATGATTTCTATTTCTTCATTGAGAATCACTTCTCCTGAAACTACGGTGCGGTTCATCGGCCAATCTGCCGTTTTGAAGTGAGTGCCGTCTTTGCGGTAACAGCAGCTGGCATCGAATTCAGCGATATTTTGTGGCAATTGTCCGAATATCCGGCGGACTTCCTCGTTGCCCATGACCAGCTCTCCGGCGGTATTGCGGATGACCACGCCGGAAGGGAACTGTTCCAGGGTGGTCTCGAGCAGCAGGCGCTGGTTCTCCACCTGCCGCAGCAGGTCTTCTCGTTCCGTTTCTGCTGTTTTACGTTCGTGGATGTTTTTTATGATATGCACCGACCCGCTGCATTCGCCTTCGGAATTGAAAGTCGGCAGCGTCGTGGCTTCGATATAAATCCCAAGTTTCGGTTCAAAAAATTCCTCGCGGGCGGAGCCGGCGCAGCTCATCGTCCGGGAGTGCGGGCAGAAACCGGGAGCCATCCCCAGGCCGTGAACAATGTCATGACAATGTTTACCCACTGCCTCGCTTGCCGGGATGTGGAAAGTGGTTTCAAACGCCCGGTTTGTTCGTATGATCTTGTGGTGGCGGTCAAGCAGCATGATGACATCGGTGATCGAATCGAAGGTAGCCTGCCACTCCATGGCGGCGCGGGTAAGGTTCGCTTCCAGTTCTTTTCGGTCGGTGATGTCGTGGGTGATGCCGAATCCGCCGATCACTGAACCGTCCTCATCGAATTCAAGATATGCTTTTTCCCGCACCCATTTTTCACGGCCGCCGACAAGCAATCGGTGTTCAATGTCATACGGCTCGCCGCGTAAACCGGCCTGCCATTTGGCATCCACATACTGCCGGTCTTCGGGGTGTATCGTGGAAAGGAAGGTCTCGTAGGTGAGCGGGGTGCCGGCTGGGATGCCGAAGATCCGGTAGTTCTCCCCGGACCACTCAAGGACATTGCGCCGGACATCCATTCGCCAGCTCCCCACGTGAGCCACGTCCTGGGCTCTGTCAAGGTCAGTTTTAGTTTCCGCCAGCCTTTGGATCGCCTGTCGTTGGTCGGTAATCGCCTTGGCCAGTTTCAGGTTGTTGTAGCCCATTTCGGAAATCATGTTGGCGAACCTGGTGAAGAAGTCCATCAGAGCGGCTACTTTGCAGCGGCTGTG
CP159307.1_gap27	905619	908999	3380	TGGTGCGAATAGTATATATTGGTTTAGCGTCCCGGTTAATGGACCTCAGAGGAGGGCGGCATGATTAAAATCCTTATCATTGAGGATGATGCAGAAATTGTCGAATATCTACGGCTAGCTTTTCAGGTCAACATACCGGAAGTTGAGTATATTCCAGCCCGCCTTGGCGCCGCGGGTTTGAAAAAAGCCTCCGAAGAAATCCCGGATCTGGTCATTCTGGACCTGGGACTGCCGGACATCGATGGCTTTGAAGTGCTTAAAGCGTTACGTAAGTTTCAGCGTATGTTAATTGTAGTGCTTACCGCCCGCGGCGATGAGAGGGACATTGTAAAAGGGCTGGAACTGGGTGCCGATGACTATGTTGTCAAACCATTCCGTCAAATGGAACTGATCGCCAGAGTAAGAACGTTGCTGCGGCGCCAGCCCGGCATTCCTGAACGAGAGATTTTACATTGCGGTCGGTTGGTACTCGATACCGCCCGAAATGATGTCTCTATGCCTGACGGGCGCCAGGTTGAACTTACCCGGACAGAAAGCCTGATACTTGCTCGACTTATTCGGGACTGCGGCCGGGTTGTTGAGCATTCGAGGTTGGCTGAAATAATTTGGGGGGAAGATTACCCTGGATCGGTAAACGCCCTCAGGGTGTACATCGGGCGGCTACGCCGTAAACTTGAAGCTGACGCCGCTTCACCGTCCCTCATTGTGTCTAAACCGGGGCACGGCTACTATATTCCAGCCGGGGGTCTGACGGGATAATTTCATCGTGTCGCCGAGCGTCTTAACTTGACGTAAACGTAAAAATAAGTTACCCTTCATCGTGTTTCGTTCAATGGAGAACAGATGGATATTCCCTTTGGCCGAGCTGCCGTTGCTGAAATAGAAGAAATCCTGAAATGGCACCGGCCGCCGCCGCTGCGTATCGGTCAACATACAGCACGTCTGCCGATCGTCCAGGGAGGAATGGCGGTCGGTATTTCACTTTCGGGTTTAGCGTCCGCAGTTGCTAATGCCGGAGGTATAGGTGTCATCGCCGCGCCGGGTGTCGGTTTGTTCGAACCGGATTTTTTCCAAAACTTTTTTCAGGCTAATATCCGGGGTCTGCGCCGTGAAATTCAAAAAGCCCGGGCAAAAACCCACGGCATCTTGGGTGTCAACATCATGGTGGCCTTGACCGATTTTGCCGATTTAGCCAAAGCAGCCATCGAAGAGGGCATAGACATCATCTTCGCCGGCGCCGGCCTGCCGCTAAAACTGCCGGAGTTGCTTGGAGAAAACCGTCACACTAAATTGGTTCCTATTGTGTCATCGGCCCGGGCGGCCCGCATCCTGTGTAAAAAATGGCAGGACGATTTCAGTTATACACCGGATGCTTTCGTCGTCGAGGGACCACTTGCCGGCGGCCATTTAGGCTTTAAAGCTGAGGAATTAAATTCACCTGAGAACCAGTTGGTACGCCTGGTGCCTGAGGTTATAGAAGCGGTCAAACCCTTCGCGGAGGCTGCCGGCCGACCAATTCCGGTTATTGCCGGTGGCGGTATTTTTACCGGCGATGATATTTACAACATGCTTCAGACCGGTGCCGCAGGCGTTCAGATGGCCACCCGTTTTGTAGCAACTGATGAATGCGACGCTTCGCCTGCGTTCAAGCAGGCCTACCTTGAATCAAAAGAAGGCGACGCCGTTATTATCAAAAGCCCGGTTGGCATGCCCGGGCGTGCGCTTCGCAACGACTTTATCGACAGCGTCAATGCCGGTGCCAAAAAGCCGTTCAAGTGCCCTCAGCACTGCGTCAAGACCTGCAATTACCTTGAAAGTCCTTACTGTATTTTCGTTGCGTTGCTAAATGCCCAGAGGGGACACTTGACCGGGGGTTTCGCTTTCTGCGGAGCTAATGTGCATCGGGTGAAAGAAATTATTCCGGTCAAAAAGCTGGTCGAAACCCTCGTCAAAGAGTACAAGACCCGGGCCGTTCAAGCGCTGATTGAAGCGATGACCCGCTACATGAACGGGCTAATGGCTTCTCCAGCGCTGGGTCGCGGTCTGGCTTGATGAAGATCGCTGTCTACCAGATGGCCGATTCCGGGGACCCGGTTCAGAATATTGCCCGAGCATACCAGGCCATCGTTAATACAGATGCCGATTTTTTTGCTTTGCCGGAGTTTTTCACCATTCCCGGTGGTGACTTCCGCCGGCCTTATACCCTCCAGACCTGCCTTGAAGAGACCGCCTTGCCTGCCTTGGAGATGTTCCGTCAGGCTAGTCGGCAGTTCCGCGGTTATATTATCGGCGGCAGCATCGTCGAACGCGAGGCTGACTGCTATTACAACACCTGTTATGTATTTAAAGAAGGGGAAGAGATAACCAGGTATCGCAAGATCAATATAACTCATGAAGAAGTTGAGCTGAATATCTGTCGCGGTACGCGACCGGTGACTTTCGAGACGGAATTCGGTAAAGTCGGCTTGATGATCTGCGCTGACTGCATTTCGTGGGATGTGGTCGAGGCTACCTGCGCCGGCGCCAAGCTGGTTTTCTTGCCGGTATCTTTAACCGATCCTAACCATCCCCCTTTTACCGGCCACCCGGTATCGGATATTATCGCCAGAAAATATGGTTCTACTGTGATTAAAATAACCCGGGTCGGCACCTTTGGCGGTAAGACGCTCTCATCCAGGAGTGCTATTACCACACCGGAGGGAACCTATTGGGAAGCCCCGGACGCCCGGGAGCATTTCGAAGTCATTGAAGTCTCGGAAACGGCCACCTAGAACGCAACAACCTCATCAATCGAGGCAGCGTCACAGGACAGCATCACCAATCGGTCAATTCCCAATGCCCCTCCCGCCGCCTCCGGCAGGCTTTTCAATGAGTCCAGAAACTCCTCGGGTAGCGCCGCTGACCGGTTCTGTTTCTCTGCGCTTTTGATCTCAAGCTCGAATCTTTTTCGCTGCTCCCCCGGATCGGTAAGCTCGGAAAAAATATTCGCTATCTCCAGCCCCCCGATGAAGATCTCCGTTCGCTCGGCCACTGACGGATCGCCAGGTTTCAGGCGCGCCAGCGAGGCCATCCCGGCAGGGAAATCATAAAGGATTAAAGGCCGCTCACAGCTTAAGCCAGCCACGCCTGTTGCCAGGTCCAAGTCAAACCGTTCTGGGTCGTCGGCTGTGACCGGGTTCCAGCCGCAAGCCGACATAAATGCCTCGGCGACGGACAGCCGCGGCCAGGGTGGCGAAAGGTCAATGGACATGCCCTGGTAGTTTATCTGAACCGATTTACGAGTCGCTTCGACCAGACCGATGACCAGAGCTTCGGTCTCGGCGGCCAGTTCGAGATAGTTTCCCCCAACGCGGTAATATTCCAGCATGGTGAATTCTTCT
CP159307.1_gap28	1038550	1041327	2777	GTCAACCAGGAGAAGTTTGCCGGCGCCCTTGACCACTTTGGAAATGGCCGCCAGGTCGTTGGTGACGCCGGTCGAGGTCTCGTTGTGAGTGACCAGGACGGCCTTGACCTGCGGGTTCTCGTCCAACGCCTTCTTTATCAAAGCCGGATCGGCGGCTTTGCCGTGCTCGAAATTCAGCGGAATGACCGTGGCGCCGAACGTCTGGGCAATCTTGGTAAAACGCTCACCGAAGACGCCGATGGCCACTCCCAGCACCGTGTCACCGGGGGAGAGCATGTTGACCACCGCTGCCTCCAGCCCGGCGGTGCCGGAACCGGTAAGCAACATCAGGTCGTTCTCTGTCTGAAAAACCTGCTTCATCTTGCCCGTAACGTCCTTGATGATCTCGGCGAACTCGCTGCCGCGATGGTTGATCATTTGACGGCCCATGGCGACTAGGACCTCGGGAGGGCAGGGGGTGGGACCGGGAATGCGTAAATTCTGCACCATATTTCTCCTTTAATATTGAACGCAATTATGAGGCGCCGAGGATGTCGGTATCGACGACGCGGGCAAACTTGCGCTTGCCGGCTTTGATGACGCAGCCGCTCTTTAGGAGGGCTTTTTCCCCGGTCAACTTCTGGCCTTCCACGGACACGCCGCCCTGTTCGATAAGTCGTTTGGCTTCACTTTTGCTGCCCGCCAGCCCGGCGACTACCATAAGGCAGGGGAGATCGATTTCGTAGCAGTCCCCGGCTCTCATCGATCCGAAAGATACGTGGCACTCTGGTACCTCGGCCGGCAACTCCCGGCGCTGGTGGACCCGCTCGAAGGCCAGTTCCGCCCCATCGGCGTCGGACGCGGAGTAGAGCTGGCCGATGATCTCCCGTGCCAGACGCTTCTTTAGCAACATCGGGTTGGTTCGGCCGGAGAGCATGTCACGCTCGAAATGTCTAAGTTCCTCATCGGTGACATCGGTCAGAAGGTCGAAATACTGGATGATGAGGTCGTCGCCGATGGACATGACTTTGCCGAAAATGTCCTCCGGGGCTTCAGCCACGCCAATATAGTTACCCAGGCTTTTGGACATCTTCTTGGTGCCGTCGGTGCCGGTCAAGATGGGCGTCAGGAAGACTTGCTGCGGCGGCTGACCGATCATCGATTGGAGTTCCCGGCCGACCAGCAAGTTGAACTTCTGATCGTTGCCGCCGAACTCAACGTCCGAGCGAACCATGACCGAATCGTAGGCTTGAAGCAGCGGATACAAGAACTCGGTAATGGTGATCGGCCGGCTGGACTCGAACCGTTTTTTAAAATCCTCGCGCGCCAGCATCTGGGCGATGGTGAAGCGGCTGGTCAGCTTGATGACATCGGCCAGGGTGAACGTGCCGAACCATTCGCTCTGCCACCTGACCTCGGTCTTGGATTTGTCGACGATTTTAAAGAACTGCTGCATGTAGGTTTCGGCGTTGGCCTTGACCTGTTCGGAGGTAAGCATCGGACGGGTAACCGAGGCCCCGGTGGGGTCGCCGATCTGTGCTGTCCAGTCGCCGACGATGAGCACCACCTGGTGGCCGAGGTCCTGGAACTGGCGCAGCTTGCGCAAGCCAACCATGTGGCCGAGATGGATGTCGGTAGAACTGGGATCGAACCCTTCTTTTAGGCGCAGCTTCTGGCCGGAAACCAGAAGCTGCCGCAGTTCATCCTCGGAGATGATCTCACTTACTGCACGTTTCAAGATGAAATCGATGTCAGGCATTAGACGCATTCCGTTTTCTTTAAGACCTGCCGGGCTTTGGCAACGTCTTCTTTGATCTGGTTGAGCAGTTTATCCGGCGAGGCGAATTTTTCTTCCGGACGAATCTGCTCTATTATAGCAATTTCCAACCTGTGGCCGTAAAGCTGACCGTTGAAATCCAGCAGGTGGGTTTCCACCGTCCGGTTCCCGACACCAAAGGTGGGCCGGGTTCCGATGTTGGTGATGGAGGGTATTGCTTGCCCGTTGATAGACGCGATGGTGGCGTAGACGCCGTCTGCAGGTAGCGCTTGGTCTGCGGCGATCTCCAGATTAGCAGTGGGGAAGCCCAGTTTCGCGCCCCGGCCTTCCCCTCTTGCCACATTTCCTTCCAAACTGAAGCAGCGCCCCAGAAGGTCGTGGACCTTTTTCATGTTGCTTTCGGCCATGGCTTTACGCACCAGCGTGGAGGACACTTTATGGCCGGCCTTGAGCTGCGGTGGTACCACGATAAGGTTAAAGCCGTACTTTTCGCCTATCGCTTTTAGGGAGGCTATATCCCCTTCCCTTCCCTTGCCCAGGGCGAAGTCCGGCCCGACCACCAAGCCGGTTAACGACAAGTGTTTCTTTAAAAGCCGGATGAATTCCAAAGCCGGCAAAGACGCCAGTTCTTCGGTGAAGGCCAGCGTAATAACCAGGTCGATACCAGTGGATTTTAACAACGTAATTCGCCGGTCGAGAGAGGTTAGGTGTGGTAATTCTTTATGCTTGCCAAGTACCTGACGGGGGTGGCCGGCGAAGGTAACGACGGCTGATAGCGCCCCGATTTTCTTTGCCTGGCGTATGGTCTCTGCGATCAGTGCTTGATGGCCCAGGTGTACGCCGTCGAAAACGCCGATGGTCAACACTACCGGTCGAGGCGGGTGGACTTTTAAGAGTTCAGACTCGATCTGCGTCACGGTCTTGAAATTCGAAGAGGGGATCGATGTCCCCTCTAAAAAACACGTTCAAGTTGGCGCTATATTAACACCACTTAGGGAGAGTGTCAATCGAGGTGGCACTG
CP159307.1_gap29	1046179	1049813	3634	TGTTAATTGCAAAGGCATGTTTCGGGAATGCGCTGCATCCGTAAAACAGTTTTCCCTTCTTAGTGAACCGTCCAATTAACTCCCCATCTTCAGGACATCCGGGACAGGGTACTCCAGTACGAATTCGGAAAGATTGACGAAAGGAGCAGGAAGGGCACTCCATATATTTTCCGAACCTGCCGATTTTTATTAACAGGGGACCTCTCGAACATTGAGGGCAATACTCAGTGGAAACTTCTACTGGAAGAGGCACCCTTTCTAACTGTTCTTCGGCTGCAGTTAAATTATTACTAAAGGGAATAAAGAAATCCCGGACTACTCCAACCCAGTCAATTCCTTCAGCGGCGACTCTGTCTAATTCGGTTTCCATCTGGGCAGTAAACCTGGTGTCGAACAACTCGGGAAACTGCTGTACCAGCATATCGGAGACGGTCATTCCCAGTTCGGTGGGTTTGAACAAGCCTTTCTCCTTGGTGACATATTCGCGTTCCTGGACAACGCTTAAAATGGGAGCGTAAGTAGAAGGCCGGCCAATACCATATTGCTCCAGTGTTTTCACTAGTGTTGCTTCACTAAAGCGCGGTTGCGGTTGGGTAAAACGTTGCGCTTTGTGAATCCCCTTGACGAGCAGTTCTTCATTTTGCACCAGCTCCGGTATCGGCGGCGTTTTGATCTCTTCTGTATCGTCGCGGCTCTCAACATAGAGGCTAATGAACCCTGGGAATATATTTTCAGTTTGTTGACAACGGAGAATATACGCCCCCTTCGAGCCGGCAATTTTTGCGGTAATATCGACAACGGTATTTTTATATTTGGCTGCGGTCATTTGGGATGCAACCATTCGCTGCCAGATAAGCTGGTATAATTTGAATTGATTGGTTTCAAGATACTCTTTTATTAATTGAGGTTCGCGCTCGATGCTCGTTGGCCTTATGGCTTCATGTGCTTCTTGCGCTCCTTTTACGGAACTGGTAAAAGACCGAACGTTTTTAGGCAGATAAGCGATCCCAAATTGTCTCTCGATATATTTTCTCGCCTCGGAGATCGCCGACCCGGAAACCTGAATCGAATCGGTTCGCATGTAGGTTATGAGACCTACACTGCCCTCGGTTCCTATCGGTAAGCCTTCATACAATTGCTGGGCAATCGCCATTGTTTGACGTGCCGTGAACCGAAACTTACGATAAGCTTCTTGCTGGAGTGTGCTGGTAATAAAAGGGGGAGAAGGCTGCTTTATTACCTCCTTGACTCCGACGCTGGATACCGAATATTTGGTAGATCCAAGATCCTTCTCAACCGCCAGTGCTTGTTCTTCGGTTTTGATGCTTATCCTTCTTTTTTCACCCTGCCCGATGAGCGTAGCTTTGAACTTCTGAGTTGAATTATGTTTAACCAAATCAACTTCTATGGTCCAATACTCCTCAGGTTTGAAGGAAAGAATTTCGCGTTCTCTATCGACGATTATTCGCAGGGCTACAGATTGGACACGGCCTGCAGATAAACCGCGGCGGATCTTTTTCCACAATAGGGGCGAAAGCTTATACCCAACTAATCGATCGAGTATGCGCCGGGCTTGTTGAGCGTTTACCAGATTCATATTAATTTCACGCGGTGAATTAAAGGCCGCGATTATTGCTTCCGGCGTAATCTCATGAAAAGTCACCCGTTTGCATGACGCCCGGAGCGTACAAATAGATTCTTTCAGGTGCCATGCTATTGCTTCGCCCTCCCGGTCAGGATCTGTCGCTAAATATACCGCAGAGGCTTTGGAGAGCCCTTCTTTTAATTCTTTCAGAATTGATGATTTGTCTCGCATCACTAAGTATTGCGGTTTAAAGTCATTTTCAATATCAACGCCGAGCTTGCTTTTCGGCAAGTCACGGATATGTCCCATCGAAGCCTTGACGATATATTTAGGACCGAGGATACGGGAAAGAGTCCTTGCTTTGGCAGGGGACTCAACAATAACGAAATTCATGGGTGACTTCATTTTACTCTCGTTTACGACTCCTTAATCACCCTAGAAAGTGTATAGTTCATACCGCCAAGGTGTTTGACTGTTCCTTTCAATTCCATCATCGATAAAGTTGAGCTTACCGTTGAGGCAGATAGTTTGGATGCGCGGCAAATTTCGTCAATGTGTATCGGCTCCACACCAAGATATCCGATTAAGATTTTTTCATTTTCAGTCTCAGGGAGTGTTTCTTTGAATTCAAGTTGTGTAGCAATTGATTCAATATTGAGCTCTGCTAAAATGTCGGATTCGTTTCTGATCAACTTTGCACCTTGTTGAATCAACCGGTTTGTTCCAGAACTCTTGGCTGAGAAAATGTTTCCCGGAATCGCGAATACCTCTCGGTTTTGGTCTAAAGCGTATTCGGCGGTAATTAAAGCCCCGGATTTTTCGCCAGCTTCAGTTACCAGTGTCCCCAACGTCAAGCCTGAGAGGATGCGGTTACGCCGGGGGAAATTTTCAGGTCTTGGTCCCATATCCATCGCGCACTCTGAAATGAGTGCCCCATTTTCAATTATTTGCTTAGCGATGGCTGTGTTTTCTGGTGGGTACACTACATTAACCCCGGAGCCGAGTACTCCGATCGTCCGACCGCCCGCTTTTAGGGCAGAAGAGTGGGAAATCGTATCTATCCCGCGGGCCAAACCTGAAGCGATGGTGATATTATTTCGGCTAAGCGCGGTTACGATCTCCTCGGTCACTTGCTTCCCATAAGCTGTTGGATTTCGTGTCCCCACCACCGCGATAGAAAACTGGTCCTCAGGAAGAAGATTGCCCTTAATATACAAAACTGGTGGATAATCGTAAATCTCCTTGAGGCGGGAAGGATACTTTGGGCTGTCCGCGGTGACGATGGAAACACCGAAACGACCTGCTTTTTCCAGTTCACGCGCTGGTTCAACTTTAGATCGCCAATAAACAATTGAGTTAATCGTACCGCAATCAAGGCCGACCTTCGATAATTCCGCTTCGTTGGCCTTCCAGGCGGTCGAAAGATCTCCGAAGTATTTCTCCAGCATTGAAAGCCGGACCCGGCCGATACCTGGAATAAGACTGAAACCCAGGTAATAGACAGTGTTACCCTGTTCGTTCAAAGCGTCGCAATTTTAACACAGGGCATTGTGAGAGACAATCGTTCAGGAATGACTGGTTGGAACATTAGATTTGGCGGAGAGGGTGGGATTCGAACCCACGGTCGAGTTACCTCGACTCACGCTCTCCAGGCGTGCCTGATAGTCCACTCCAGCACCTCTCCGCAAAGTGGTTGATTGCCTGAAGAACCCGCCAATGATAAATTAATGCGTCCGGTTAGTCAACAATGGAAAACACTTTTGGAGCACTGCTCTGCGTATTACCACTATGAGTATTTGCCAGGTACTAGTACCGCATGTTATATTTAGAAAAATATACCCTTCGAGCCGTCCCGGCCTAACTTTCAAAAAGAGACATGGCAGGCGGCCAGTCAGGGTGTCGCTGGAAACGGCGGCGCCTCCCGTTTTCGGAAAGGAGGGGCATGAACGCTTACGCCGTCCTTCGCTTGAGGGATTGTTTGATCCAATGACCGAAGCTAATTGTGTTGCCGGCACTTTTGATGCCTTCAATCGCCGCGTAAACTACTTG
CP159307.1_gap30	1051378	1055691	4313	TGCGCGCCAAAGGGCTGGCGCTTTCACCCGGCGACTTCGCCGAGAACCTGACAACTGAAGGTCTCGAACTGATGACCCTGCCTGTCGGTACGAGGCTAAAGACAGGCAGGGGAGTTGAGCTGGAGATCACCCAGATCGGAAAGGAATGTCATCACCACTGCCAGATCTACCGCCAGGTGGGGATGTGCGTCATGCCTCTTGAGGGCGTCTTTGCCCGCATTGTCCGAGGCGGCGAAGTAAAAGCCGGGGATACCATTGAGGTTGTTGGGGCGTAACTCATTCCTGTGTCGGCAAGAGTTCAATTCAGCCGTTGAACAAGAAAACCCGGACCGTCTCGCCCTTTTCCAGGATGTCGATGTTGGCCGGAATGTCCAAGTAGCCGTCGGCCTCAGCGGTGGCGGTGATTGCGCCGGACTCTTTGAACAATGGCAATGCTTGCCCGGCGACAAGTTTAACCGGAAGGAACTGTCGCCGGCCGACACTGCCAGGCACGCTCTGCGCCAGCATAGCTTCCGTGGGTTGTTTAGCTTCGACTGGTAAACGAGCCATTTTCCTTACCGCCGGGGCCAGTAGAACATGACCGTTAATGAGACACGACGTCGGGTATCCCGGCATACCAAGCACCGGCTTGCCGTTGATTACGGCGAACATGGTCGGCTTGCCCGGCTTGACTTGAATGCCGTGGAAAAGCACTTTCCCCAGGTCTTCCAGTATGCTGAACATCAAGTCGCGTTCTCCGACTGAAGAGCCGCCGGAAATCACCACCATGTCGTTCTCCAGGGCTTGCTCGATGGCAACCCGCAGTTTCTCCGGCTTGTCCTCAGCGATAGGCATCTTCACCGGTTCTCCGCCATTTGAACCCACCACCGCAGCCAGGGTGTGCGAATTAATATCGTAGATCTGCCCCGGTTTGAGAGCTTGCCCGGCGGGGGCGATCTCCTCGCCGGTGGGCATGATAGCGATGCGGGGTTTTATGAATACTGAAGCTTCGGTAAAGCCCTGGGAGGCCAGCACACCGATCTTACCGGCATCAAACGGATTTCCCTGTTTCAAAATGATCTCACCCTGTTTGACATCTTCTCCAACCTGGCCGATGTTGGCACCGGGATAAACCGCCTTGAATATGTTGACCTGTTCATCGATACGTTCGGTCTCTTCTACCATGACCACCGCGTCGGCACCGGCAGGCATGGGCGCCCCGGTAGCAATTTGAACAGCTTCACCTTTTTCAGTGGTCACCAAAGGGGCGTCGCCAGCGAAGATTTGGTCTACTACCCGCAGAGACTTTGGGCTACGCCGACCGGCGCCGAAAGTATCCTCGGCAATAACGGCGTAGCCATCCATGGCAGCACGGGAAAAGGGGGGAATTGACATAATCGCCCGGAGATCTTCGGCCAGAACGCGACCGAAGAGGGTTTTGAACGATACAGATTCAGTTTTGTCAACCGGTACCACGGCATTCAACACTATCGCGAGGGCATCATCGAAATCCAATAGTCGTCCGAAAGGCTTCACCGCCCGGCCTCCCTCGCCAGGTGCCCAAGCTCGGGCAGAATGATCTTTTCTGCGGCTAGCTTAACCGCGTTGATAGAGCCGGGGAGGCACAGGATGATTTTGCCAGAGCTGACACCGCCCAGCGCGCGGCTCATGATAGCCGGTGTACCGATACTTTCCCAAGTCAAAAAACGGAAGAGCTCGCCGAAACCCGGAATTTCTTTGTCAAGCAAACCGGAAACGGTCTCGACAGTGATGTCGCGGTGGGAAAAGCCTGTCCCGCCGGTGGTTATAATGACCTTCACTAAATCATCGTCGGCGAAACCGGCGATGACTTTTTTTATTGCCATAGCATCGTTCTTGAGCAGGCAGTAACCGAGGACGGAATGGCCGTTTTCTTTAAGTGCTGATATCAGATAGCGCCCGGACTCATCGGTGTCCTCAGTTCGGGAATCAGAAATGGTTAAGACCGCACAGCCGACGGACTTGGGCGCTTTAGCCTTGTGATCAATGTGTCCCATAAGCCGCATTATAAGGCCGACAGGGGCTTTAGACAATCTTGGTCATTATCTAAACCCTGCGGTGGCTTGGTACTGCAGTAACTTTTGGAGTTTTTCAGGATGGCTGCTTTTCAGGAGGGCTTCCTCTTTTGATATCAGGTTTTTACGGAGTAAATCTGAGAGCGACTGGTCTAGAGTTTGCATACCGTCTTTCCCAGAGAGTTGAATGACGTTGGTGATCTCGTGAGTTTTCTGCTCGCGAATTAGGTTTCTAACCGCCGGACTGGCAATCATCACCTCAAAAGCAGGTACTCTTCCTTTGGCGTTGAGCCTTGGGATCAGAGTCTGGACTAACACAGCTTCAATCACCTGGCTGAATTGCAGCCGAATTTGCTGCTGTTGAGAAGGCGGGAAGATATCGATTACCCTGTCAACGGTCTGAGCAGCGTCGGTGGTGTGAAGCGTGCCAACAACGAGGTGACCGGTTTCAGCCGCAGCGATGGCCGTTGAAATTGTTTCAAGGTCACGCATTTCACCGACGATGATTACATCAGGGTCATGGCGGAGGGCGTGTTTCAAAGCGACAGCGAAGGCTTTGGTATCATCTCCGAGATCCCGCTGGGCGATCAGGCATTTCTTGTTCGAGTGCAGGTATTCAATCGGGTCTTCGATAGTGATTACGTTACGTGAAGCATTCTGATTCAGGTAGTCTACCATCGCAGCCATAGTTGTTGATTTTCCGGAACCTGTCGGTCCGCAGACCAGAATCATGCCACGGGGTTTTAAAATAAGTTCTTTACAGATTGCAGGTACCCCGAGCCGTTCCATAGATAGGATTTGAAACGGTACTTGGCGGAAAGCCATTGAAAGGGTACCCCTCTGACGCATAACGCTGACGCGGAAACGCGCGACCCCCGCTAAGCTGTAGGCGAAGTCAAGTTCCTTCTCCCGGAGGAAGGTTTCCTTTTGTTCCGGTTTGGCGATTTCATCCAGAACGGCTTCCAAATCAGCTGTCTTGAGGTTAGCGTATTGATCCTGAATGACCAGCTCGCCATCTACCCGTATGACCGGGGGGCTTGGTACTCGCAGATGGAGGTCGGAACCGCCAAGCTCAACCAGGAGTCTTAACCATTCATCTATTTGCGACACTTCATCTTGCTCCAGCGTGTTAAATATTGGGATTGTCGGATTCGCCATCCACGCGGTCGGCTTCAGCCTTCAACATTTCCACTTCGGCTTCGGTAAATAGCCGCCAACCACGGCGGTCGCGGGCGACGGCACTGCCAAGGAGGTTACTTTTCAGCCAACGAAACAGGGTCGTTCGGCTGATGCCTGCCAGATCGCAGACTTCGGCAGTTCGATAGTATTTCACGCCTTTAAGAATAACAGACATTGATTTCGGACCTGTATGGCTATATTCGGATATACTTTAACGTATCATTCGGTCAGAGTAAATGGGTATTTCGTTCGATGTGGATAACCGAAAGTACCACTGCCACCTGACGAGCGACCGTCAGTCCGATATACGCACGAGCCGCACATCTCCGGCCGCCCCGATTCGGTCGGCTATAACAATGATGACTCCGGATACACCTTCAATCCCCCGAGCTGCTGAGAGCGCCGTGCTAATGTCTTCAGGGGATTGGATACGATTGCAGCAAGCAGTGGCTGCGGCATCAGCCAGGCTGGCGGACGCCGATACAATGGTCACCGCGTCTGCTTTACCGAATGAAAGAGAATGCCCCAATGTCCCTGATGAAGTACAGATCCCGCAAGGAGTCTCAGTTGGTCTAATGGTTAGCCCTAGCTTGCCGGAGAAGAGCGAGTCGCCTGCATGAATCCCTACGACCCTTTCACGGGTTGTCTTAATGAATAGGTCGCCACCGTTCTCGATAATGATATCTGACGAATGTTCCAGTAAATCCCGACCGACAGCTTCAGCTATAGCCCCAGCCACGGCAGCCATAGGTCCGACACCAGCCTTCAGAGCTGCTTCCGCCATGTCACAGATGATGGGAGGTTCTCCAGGCTCAACCTCAACGGGAGCCAGTGAGGTTAAGAATTCGGGGTGGCAAGCGATATACTGCTCGATGGTCTGTCGGTGTTTTTGCACCGATCGGTATGCCTTACGCTCAAGGTTGCAACGGGCGGCGATGAAAAGGTTGGTCTCCTTAATACAAACGGAAAAGGAGATAAGGTCAGGGCTGGAGTGCTGTCCGCGGTAGAATCTGGGTTGGTAACTCAACCATTCCTCGGTGTCTCTTCCGGAAAGGGCGCCGGACTAATTTAGAAATGTAACTCCATCGATCGGGACGGGCA
CP159307.1_gap31	1209605	1213938	4333	AATGAGTTTATGGGCATATGATTGATGGCCTACGTCCCAAACGATTTTGTCTTTCGGGCAATCAAATACGCGGTGAAGGGCGATCGTCAACTCGACGACCCCAAGACTTGATGCCAGATGCCCGCCATTTGCGGTAACCCGACTAACCATCTCTTCGCGAATTTCAGCAGCAAGTTCGGATAGCGAAGAGCCATCGATTGATTTCAAATCGGAGGGTGAGTTGATACTATCTAGAATTTTGGGCATGAACCGCCTTTATCTTGAGGGTCAGGCTTGCTTTTAATACTAACAGCGGTTCGACTGCCCTGTCAAGCTAATTTGTTCGTATTGACGTTTAATGTAGAGCTCTGATACACTCGCCGCCATGAGTCTCGAGCAAACCTTGGCTGACTTTGGGCTGCCCCCGTCATTCATCGTTTTCCTCATCGCAACTCTACCGATCATTGAATTGCGCGGCGCGATCCCCATAGGAATCAACTATTTTAATCTTGAATGGTTTCCAACTTTAGCCCTTGCAGTCGCTGGAAATATGCTGCCTGTTCCCATAATTCTTGGGCTTCTTAAAAGAGCCGAAACAATTCTCTCGCAATACCCCGTTTTCAGACGCTTTTTCGCCTGGCTTTTTTGGCGCACCCGATCCCGCAGTGCTGCTATCCAAAAATATGGGATACTCGGGCTCGTCATTTTTATCGCGATACCGCTGCCAGTGACCGGCGCCTGGACCGGAGCTGTCGCCGCCGTCCTGATGGGATTCCCGTTTCGCCAGGCGTTATTGCACATTTTCTACGGCGTATTAGCTGCGGGTCTGATTGTAACCATGTTGTCCTTGATAGGTTGGGTTGGAGCGATTATTGCCGGAGCATCATTTCTAACGCTTTTGTTAGTAACCTCTTTTCGCTCAACACTCAAGCCTTGACCGTGTTTAAACCTAGTGTTAGTATAGCGGCGTGTCCCAGTAGCTCAGCTGGATAGAGCGGCTGCCTTCTAAGCAGCGGGCCGTGGGTTCGAATCCCGCCTGGGACGTTTTCAGGTCGCCTTAATAACAAGCCACACATTGTAATTGTGTGGCTTGTTTTACTGTCAACGAAGTTAACCAGAGGATCAACTCTCCAGAGCCTTCGAATTCTATTGTGAACCGCGGCGTTTAAATATGAAAAATAGAATTCCTATAATCACTAGAATGATGATGATTTCAACCGGCCCGATGCGCACTACTATTACCTCGCTGACTTAATGATTTTTTAATTATATAACAAACACCCTCTACCGTATAGCAGAGGGTGTCTTTTAATAGCCGAATTTCTAACCCTGTGAATTTTTCGCCAATGTTGAAAATGCTTCAGGATTGTTCACAGCCAGGTCAGCTAAGGCCTTTCTATTAAGAGCGATGCCGGATTTCTGCAATCCCTCAATAAACCTGCCATATGTTAGGCCGTTAATACGTGCGGCGGCGTTGATGCGCGCAATCCACAGCTTTCGGAAATCGCCTTTCCTGTCGCGGCGGTGAGCGAAAGCATAGGCTAGCGCGTGCGTCGCACTCTCATGAGCCCGTTTCCAAATATGATTACGCTGGCCCCGATGACCTTTGGTTAATGCCAGGATATTCTTATGTCTTTTGTGGGTTGAGACTCCACCTTTAATTCTAGCCATCTGATGTTATCCTTTGATATTTTTTTACGATGACCCGTAGGGGATCAAACGCCCCAGACGTTGAACATCGACTTTGGCAACCGGAATCATTTCGTCGAATTGACGTCGAGCTCTCTTTGACTTGTTGCGGCGCAGATGACTTTTTAAGCCCTTCATCCGCATCATTTTTCCGGTGCCAGTGATCTTAAACCGGTTTTGTGCGCCTTTATGCGTTTTTAGTTTCGGCATCTTCTAATGAACCTTCTTTATTTTTGTTACCTTTATTGGTCGCTTTTGGCAGCAACATCAGGTGGATTCGCGATCCCAGGAGTGTCGGTTGTCCTTCAACAGTTGAAATGTCGGTTAAATCTTCAGCAGCGCGTTTCAGGATTTTAATACCCAGTTCTGAGTGCGTGATTTCACGTCCCCGAAACATAATGGTTAGTTTTACTTTATCGCCGTCCTCGAGTTGTTTCCTAACACTTCGAACTTTTGCTTCGTAATCATGCTCCCCAATTTTGGGTCGTATCCTGACTTCTTTTAATAGTGAAAGCTTCTGACCCTTTTTGGCTTCACGTTCTTTTTTTGTCTGTTCATAACGGTATTTGCCATAATCCATCAACCGGCAAACGGGAGGTATTGATGTAGGCGCAACTTCCACGAGATCAATATTCGCCCTGCGCGCCAGATCTTTTGCCTGGGCGACTGTCATCACCCCGAGTTGTTCTCCACTCTCCCCGACCACCCTGACTTCTCTTCCAAGTATCTTTTCGTTGATTCGAAGTTCCTTAATTATATGCCGGCTACCTCCCGTAAGAATAAAGCAGAGGTAAATATATCACAGGATCAGTGTTTCATTCAAGTTGTATCAAATTAGGAAAAACCAGGAATACGAATCCACCTTGTTTCACTTTACTACTTCTTTGCGCTAAAATACCCACTCGGAGAGGTGTCCGAGTGGCTTATGGTGTCGCTCTCGAAAAGCGATCTCCGTTCATCCGGAGCGTGGGTTCGAATCCCACCCTCTCCGCCAGAAAAACTAGTTACTTTTTCTTAGTTAACGCTCTGGCTTAACTACTGGTTCGTTAGTACACTCTTGCCTCCAAGGCCATGAATCGTTATCCTATAGCGGAAGGAGTCCGTTACCCCTCAGGTTTTCAAAGATTGTAAGTTAACATACTGGACAATTGTTTCCAAACTTCGAGTTAATGTATAATGTATTAATACTTTCGTCCTAGTACCGGTATCCCGGAGGCTGACAATCTATGCTCGCTCAATTCGGCTACATCGGGCTCTTTCTCATCATCGGCTGCGCCTTCATCATGGTCACTCTTGGCATTCCGGCGGTGCTTTCTCGGCTGACGTGGATCGTCCCCAGGAAACCCACAAAGGTCAAGTTGGAGACCTACGAATGCGGCATGCAGACCACCGGCCGAAGTTGGGTGCAGTTCAACTTCCGCTACTATATCTACGCCCTGATGCTCATTGTTATGGACGTCCTGGCCGTTTTTCTATACCCTTGGGCAGCGAGCTTGGGCGACCTGGGGGCGACTGGCTTTTTCGTCATCGCTTTCTTCCTGGTCATTGTCACTGTCGGCTATCTCTACGCTTGGAAAAAGCGAGCTCTGGAATGGCAATAGAAAATCCGGGCCAGCCGGTCTACTCCGACATCGAGCTTGACGCCCGCGAGGGCGCCATCGTCGAGAGTTTCTTCGCCGAGCACCAGACCGCCATCCCCGATCCGGCCGACTGGATTGGAGCGCCGCCGCTCCCAGACAACATCCTGTTAACCACCGTCGACAAGGTCATCAACTGGTCTCGCCATTACTCGCTGTGGCCGGTGACTTTTGGCCTGGCTTGCTGCGCTATTGAGATGATGTGCACCGCCGCCTCACGCTTCGACATCGCCCGCTTCGGCATGGAAGTCTTCCGGGCCTCACCGCGCCAGGCTGACCTGATGATCATCGCCGGTACGCTGACCTGGAAGATGGCACCGTGGCTGAAGCGCATCTATGACCAGATGCCGGAACCGAAGTGGGTGCTGGCCATGGGAGCCTGCGGCACCTCTGGCGGCATCTTCAAAGGTTCCTATTCCGTGGTGCCCGGGTTCAACAAGGTAGTGCCCATCGACGTCTACGTTCCGGGCTGCCCGCCACGGCCTGAGGCATTGCTCCAAGCCATCATGGAGATCCATAACAAGATCGAGAAGATGAGCCCCACCAGAAAGGCGTCCGGCGTTTGATGAAAGACCTTGGCTTCATCGAGATCGCCATCCGCATCCGTGAGCGATTCGGCGACGGTATTGCGGCGGCTGATGATAAACGGCTCATCATCGAGCCGCCTCGCCTTGCTGAGATTGCCGCATTTCTGCGCGACGACCCGGAACTGAACTTGGATTATCTAAGTTCTGTTACCGCCATCGACCACAAGACCGATTTCACCCTGATCTACCGCCTTTATTCGTTAAGTCAGAACCATCGGCTTACCATGAGGGTGCCGGTAGCCGACAGGGTCAGTCCTGCAGTGCCATCGGTCACCCCGATCTGGCGCGGCGCCGACCTCCAGGAGCGGGAGGTCTTCGATTTATTCGGCATCGAATTTTCCGGCCACCCCAACCTCAAGCGGCTGTTTCTTTGGGAAGGATTCCCAGGTTACCCGCTGCGAAAGGACTGGGTCAGCCGTGGTCCTTAAGACAGAACATTAT
CP159307.1_gap32	1216704	1221331	4627	ACATCTTTCGCGCCTCCCTGATGCTGGTGCTGTGCTTCTTCCTGGTGGCAGGGTTGTTTGCCAGCCTTTCGGCGGATTTCCTGGCCGCCATCCAGGTACTCATCTACGTCGGCGCCATCTCGGTGCTGATAATCCTGGCCATCATGCTGACCCGGGAAATCACCCTGGGCAGCCTGACCAACAAGCAGGCCATGCCGGCGCTCCTGGGAAGCGGCTTTGTCGCCGCGGCTTTCATCTTTTCGACGCTGGCCACCGACTGGAACGTCTCTACCGCCGAGCCCGCCGAGCCGACGACGCCCATCCTGGCCAACCTGCTGTTCACCCCGGAGAACTTCATGCTGCCGCTGGAGATGGCCGCCGTGCTGATGCTGACCGCCATCATCGGCGCCATCATCCTGGTGAGGGACAAGTGATGGAAGTCGGCCTGAACCACTACCTCACACTCTCAGCGGTGCTCTTCGGCATCGGCCTGTGGGGCGCCTTGTCGAAAAAGAGCGCCGTAGTGATCCTGATGTGCATCGAACTGATGCTCAATGCCGCGGCCATCGCCATGGTCGCCTTTTCCCGTTTCGTCGTGCCGGAACTCCTGACCGGGCATGTGTTCGCCATTTTCATCATCGTCGTCGCCGCCGCCGAGGCGACGGTGGCCCTGGCCATCATCATGTCCATCTACCGCTCCCGCGATACTATCGACGCCACCAAGATCGACCTCATGAAATGGTAACGATGGAGCGAACGATTTGATCACGCAACCTTTCGTCTGGGCGATCTTTCTATTGCCATTACTGGCTTTCGCCCTGATCTCGCTTTTCGTCAAGCCGGTCTTGAAGCCCAAGGCCGAGGTCTCCGGCTACATCGGCATCGGCGCCATCGGCCTTGCCCTGGCCCTGTCGCTATGGGCCCTTTTCGGCGTCCTGGGCGCTGAGGAGCACGAAATATTCATCGCCCCGCTGGACTGGCTGTCGGTCGGCAGCCTCAATATCGAGCTTGGGATTATCCTCGACGGGCTGACGGCGGTGATGCTGGTGGTCATCTGCGCGGTAGCTCTCATGGTCAACCTCTATTCCCTGGGCTATATGCACGGCGATCCCGGATTCGAGCGCTATTACGCCGTGCTTTCGTTGTTCTCCGCCTCGATGATCGGCCTGGTGCTTTCGGGCAACCTGTTCATCACCTTCGCCTTCTGGGAACTGGTCGGCCTGTGCTCCTACCTGCTCATCGGCTTCTGGTTCCAGCGCCCGGCAGCGGCCACCGCCGCCAAGAAGGCCTTCATCATCACCCGCGTTGGCGATTTCGGCTTCCTGGCGGCGATCCTCGTTCTCTTCGCCACGACGGGCACATTGAATATCCATGAGCTCAACGAACTGGCAGTCATCGGCGTTCTGGCTGGTGGCGTGCTGACCTGGGCGGCGCTGGGCATCTTCCTGGGGGCGGTGGGCAAAAGCGCCCAGTTCCCGCTGCATGTCTGGCTGCCGGATGCCATGGAAGGCCCGACGCCGGTTTCGGCCCTTATCCACGCCGCGACCATGGTGGCCGCCGGCGTCTTCCTGGTGGCCCGTACCTTCCCCCTGTTCGAGCACTCGACGACGGCGCTAACGACGGTGGCCGTCATCGGCGGCGTCACCGCCGTCTTCGCCGCCTCTATGGGCCTAGTGATGCACGATATGAAGCGGGTTCTCGCTTATTCGACTGTCTCGCAACTCGGCTACATGATGCTTGGCCTGGGTACCGGCGGCGTGGCCGTGGCCATGTTCCACCTGGTCAACCACGCCTTCTTCAAAAGTCTGCTCTTCCTGGGCTCCGGTTCGGTCAACCACGCCACCGGCACCTTCGACATGCGCCAGATGGGCGGGCTGAAACACCATATGCCCAAAACCTATTGGACGATGCTCATCGCCTCTGTATCCATGGCCGGCATCTGGCCGCTGTCCGGCTTCTTCAGCAAGGACGAGATCATCGCCGGGTCGTCGTCCCAGCCTTTGCTCATGGCGTTGGCGCTGGCGACGGTCTTTATCACCGCCTTCTATATGTTCCGGCTGATGTTCCTGGGTTTCCACGGGCATTACCGCGGCCACGGCCACCCCCACGAGTCGCCCGGGGTGATGACTGCGCCGCTGCTGCTGTTGGCCGTTCCGGCCGCCTGCTCCGGCTTTCTGAACCTCACCGGCGGCTTCGGCGGCCTGCTGGGTCACGGCGAGGAGATGAGCGTCATCGAAGGCCTATTCGGCGCATTCACCCATCCAGTGACATGGCTGTCGCTGGGTCTTGCCGCCGGCGGCATTTTCCTTGCCTGGGCTATCTACATCAAGGGCTGGCTTTCGGCTGAATCGATCAGCCGCCGTTTCGGCGCCTTCTACGAACTGGTCAAGCGGAAGTACTTCTTCGATGAACTCTACGAGAAGGTCATCGGCGAGATACTGTTATTGCGCGGCGTATTCTCCGGTCTGCAGTTCTTTGATTCCCGACTGCTGGACAACGGTCTGAACACCGTCATCGTCGAGAACGCCGTCACCAGGAAACTCTTCGGCAAGTTCAAGTACTTCGATGAGAAGGCGGTTGACGGCTCCGTTGACGCCGTGGCCGAAAACACCATCGCCGCCGGTTCCTTGCTGCGGCGGGCTCAGACCGGCCAGCTTCAGAACTACGGCCTGTTCATCGCCTTCGGCATCCTGGCCGTGGCGGTGGTCGTCTTCCTGGCCGGTTAAGAGGAGGTAGATTTGGAGATACCCTATTTAACACTGACCATCGCCGTACCCATCGCGGTAGCGCTGCTTATCGCTTTCTGGCCAAAACTGCCGGCGGCGGCTATCAGGGGATTGGCGCTCCTGGCGACCGTCGTGCCGTTCATCCTCTCGGTGATCGTTTTCGTCGGCTTCGACCGCGCCGCCGGCGGCGCCATGCAATACGCTGAGAAAGTCTCCTGGATACCCCTCATCAATGCCAACTACGCCCTGGGCGTCGACGGCCTGTCGCTGCCGTTCCTGCTGCTGACCACCTTCATCGGTTTTCTCGTCATCCTCATCTCCTGGAAGATCGACCTCCGGGTCCGGGAGTATTTTGCCTGGGTGCTGCTGCTCCAGGCCTCCATCACCGGCGTCTTTTTGGCCACCGATTTCCTGCTCTTCTTCATCTTCTGGGAGCTGGAACTCATTCCCATGTATTTCCTCATCTCAATCTGGGGCGCCGGCCGCCGCGAATATTCGGCTCTGAAGTACGTGCTCTACACCTTGCTTGGCGGCGCCTTCATCCTGGCCGGCATCCTCATACTGTTCTTCGCCACCGGCTCGCTGGACATGGTCAATCTCATCAACACCGACCTGACTGAGGTCTTGAAGACCGGTTCGCTGGCCTTGACCTTCGTCTTCTTCTTCCTGGGCTTCGCCATCAAGCTTCCGGTTTTCCCTTTCCACACCTGGCTGCCGGACGCCCATACCGACGCCCCCACCGCCGTGTCGGTCATCCTGGCCGGCACCCTGCTTAAGATGGGCGGCTACGCCATGATCCGCATTAACACGGCCATGTTCCCCGACGAGGCTTTAAAGTTCGCCCCGATCATCCTGGTGTTGGCGGTGATCAATGTTGTCTACGGCGGCGCCATAACCCTGAAGCAGACCGACATCAAGCGCCTCATCGCCTACTCCTCCATCAGCCACATGGGCTTCGTCCTCCTGGGTATCTTCGCTCTTGGTCAGGTGTCGCTGGTCGGCGCATCGCTCCAGATGGTGTCCCACGGCGTCATCACCGGCCTGCTCTTTGCCATCGTCGGCGTGGTGATGCACAACACCCATGAACGGGCCATTCCGAAGCTGGGCGGCCTGGCGCAGCAGATGCCGCGCACCGCCGTCATCTTCATCCTGGGGGGCCTGGGCGCCATGGCCGTGCCGGCAACAAGCGGCTTCATCGCCGAGGTCATGGTCTTCCTGGGCGCCTATTCCAGCGGCGTCGTCGAGGACATCCAGGTCTTTACAATCATCTGCCTTTTGGGCATCCTCCTGGCCGCGGCCTACATCCTGTGGACGGTGCAGCGCGTCTTCTTCGGCCAGCCGCTGTGGCGATTCGAAGGAGTCCATGACGCCGACCGGGTGGAGCAAACCTTTTCCGTAATCTTCATCGCCGCCATGTTCGTCATTGGCCTTTACCCCCGCATCGTCACCGACGTTCTCGATAGCGGCCTGAAGCCCATCGCCGCCCTGTTCGGAGGAACATAGTTGGACTACAGCCTCCTGCTGCCGGAACTCATCGTCCTGGGCACTGCCCTGGCCGTCATCCTGGTCGACCTGTTCATCACCCAGAAGAGGGTCTTGGTCGGCCTGGCTTTGGCTGGCCTTGCCGCCGCCATCGGGATGGCGATTATCCAGTGGCCCGATGCACCACAGAGCCTCTTCGGCGGCATGGTGGCCCACGATCCCTTTGCTTCGTTCTTCAAGGTCTTCTTCCCGTTGATGGCCGGCTTGGTCATCCTGGCCTCGGTAGACTACGTCGATAAGTTCCGCAAATACCACGGCGAGTACCACGCCCTGGTGCTGCTGGCCGCCCTGGGCATGATGCTCATCGCCCAGGCGTCAAATCTGATCACCCTCTACCTGTCGCTGGAGATCACGGCGGTCGCCTTCTATGTCCTGGTGGG
CP159307.1_gap33	1225613	1229555	3942	CGACACGTCCCACATCTCACCCACACCACGGATTATAGTGGCACCCTTCTCTCCGCGCTCGTTGATATCGTCATTAATACGGTTTGCGACCGCCGGCAGGCTACCAGTTAAAATGCTGGTGTCCTTGGGCTCATTCTTGTAGGTATAAAGCAACCCTGGGGCATGGGGGCCGTGACGCCGCATTATCATCTCAAAATACCGGCGGGCGTCGTCGCCGAATCCTTCCAGCTTGTGCATATAGACGGGCGTGACCAGCCGGGGGCGTTCAGCGATCACCCGCCCTTCGCGCAGCACCGTCTCCGGCCTCGCCTGCTGTTCGAGTTCAGTGTAAACAGGTTCGGTCAATAAGTAGTAATGAATGTTAGTTTGGCCGAAGGTCGCCAGCAATTGTTGCGGAGGCCGTATGACCTGGGTATGTAAAGCGGCAAGTTTAATACGTTCTTGGTCATTCATTAATATACTATTCTATCTGGGCAAGATGCTTCTTTATCTCGTCGATGGACTTCACATACTGCATGTCTGATTGAGTCTGAACGCGACGCCATTCCTCCTGAAACTGAGGGTATTGCTCCACGTTGATCTGGCCGGGAAGTTCTTTTCCCTGGGCCCGCAACGCCTGTCGTAGGCTTTGCTCAAACTTGGTTTTGAGTCCTATTTTGGCCTGATTGCGCTGGCCTTCACCTATTTGAGAATAGTGATCGAAAATCCGCTGCAACTGGCCAAGAGCCTCCGCTACCGATTCTTTGTCTTCCTTGATGGTTATGACAGCCTCCATAATCTTAGCGTTCCGCTTTTCAATAGTCTCGTTTCGCGGCAAGTCGATATTAGCCAACAATGTCTGGGTCAAACCTTTTTTTACAAAAGGCAACTGCTTTTCGTCGAAGGATATTAATTCCTCTTCAAAATCGGCTCTTTCGAAGAGAAACCTCTGGCCGATCCTTTCACCGGCAGGCACAAACTTCCATCGCAGCCGATCATCGTCGGTAATCTCCCCAATGTCTTTGAGACGCTCAGCAGCGATTTCCTTGGCGGAGCGGATTTCACCCATATAATAACTCCTGCTTAAATTACTACTCGAATTATACAAAATCAGCGATGCTGCTTAAAGAGAATTCGGTGCGTATTTCCCCAGCCGGTAGAATAGGTTGTTATTACTGGGCTATAATCTGTTCATGGCCGCAATTTCTTTCAATTCGAAATATGACGAACAGTATGAGTTGATCCGTTTGCCTCCCCCAAAGACCAGCGGGGCACTAAGCGTCGAGGCAGCCATCGCCGGGCGACGGTCGGTTCGATCTTTCACCGCGCAACCGCTGGCGCTGGAAGAACTATCACAACTTTTGTGGTCCATCCAGGGAATCACCGGCAACCGGTCGTTCAGGACCACCCCTAGCGCCGGCGCTGTCTTCCCACTGAAAATCGTGGCGGCTGTCGGCGGCATGGGCTCGACGGTCTTACCTCCGGGACTTTACTCCTATTTGCCTCAGGAACACGCCCTGCTGCCTCGCCGAATCGGTGACTGTCGGCCTGCTCTGACTGGCGCTGCCCTCGGTCAGGAATCGATCAACACTGCACCGCTGTCGCTGATCATCGCCGCGGACTACGAGATTACCAGGACCCGTTACCGCAACCGGACCGAGCGTTATATTCATATGGAAGCCGGTCATGCGGCTCAGAACCTCTACCTGCAGGCGGCTGCACTGAGATTAGCTACGGTCGCAATCGGTGCGTTTGACGATACCAGCGTCAGGGAAGTTGCCGCGCTGCCGGCAAACTTCCATCCCCTCTATATCATGCCGGTTGGCCATCCTCCAAATATACCGTAACTGGAAGCGGTTACTTACGGTTGAGCAGAAAATACTCCAGGCTGTCGACCAGCGCCAGCCAGGATGCCTCAATAAGGTTGGCCGATGCCCCGACGGTATGCCATTCCTCGGCGCCGTCGGAGGATTCGATTAGGACACGCACCAGCGACTCTGTACCTGTGCTTTCTTCAAGAACGCGGACCTTGAAATCTGTCAGTTTCACCGCATCCAGCGCGGGGTAGTATGGCAGCAGGGCTTTGCGCAGGGCGAGATCCAAGGCATTTACCGGGCCGTTGCCTTCAGCGGCAGTATGCATTACCTCGCCGTTGACCCGCACTTTAACGATAGCCTCGCTCATCATCTCTTCTTCTTCACAGGCGATGGTCGGGAGGCGGCGGCGTTTCTCGATGACGACCATGAAATCGATTAATTCAAAAGGAGGCCGGTAACCCGGACCGGCGCGGTGTACCAGCAGGTCGAATGAGGCCTCAGCGTTCTCATACTGGAAGCCCATATTCTCCAATTGTTTAACCCGCTCCAGCAGGCTTTGGGCTTCAGCACTTTTAGGAGACAGCGCCACACCGATTTCCTGAGCCCGCTGGATGATATTAGCCCTGCCGGCCAACTCTGAGACCAGCGTCCGCGGCTTATTGCCGACAGCCGCCGGGTCAATATGCTGATAGGCAAACACCCAGCGCGACAGGCCGGAAACATGCAGCCCGGCTTTGTGGCTGAAGGCGGAATGGCCAACATAAGGCAGAAATGGATCGGGCGCCAGATTGGCCGCCTCGGAGACGAAGTGGGACAGGTCAGCCATGCGGGATAGCCTCTCGTCATCGATGACATCCAGGCCTATCTTGAGCTTGAGGGCAGGAATGATGGAGCACAGGTTGGCGTTCCCACACCTTTCGCCGTAGCCGTTCACCGTGCCCTGTACCTGGGTAGCCCCGGCGCGAACGGCGGCCAGGGTGTTGGCTACCGCCAGTTCGGCGTCGTTGTGGGCATGGATGCCTACCGGCACCCCTGCAACGGCGACGACGGCGCGGACGGCTTCACCGATTTCTTCAGGAAGGCTGCCGCCGTTAGTATCGCACAGCACCAGACAGTCGGCTCCTGCCCTTTCGGCCGCCGACAGCACCTTCAGCGAATAGTCTTTATCAGCTTTGAATCCATCGAAAAAATGCTCGGCATCCAGGAATACGGCACGACCTTTGGACTTTAGATAGCGGATAGAGTCAGCCACCATGGCGATGTTCTCCTCAAGGCTAGTGGCTAAAACCTTCTCCACCTGCGGCGCCGAACTCTTTCCTACCAAGGTGACTACCGGCGCGCCGGATTCCAGTAGTGCCCTGATGTTAACGTCGTTTTCAACGGCTACTCCGGCCTTGCGGGTGCTGCCGAAAGCCACCAGGCGGGCGTTTTTGAAGTGGTTCAACGCCGCTCGCTGGAAGAATTCGTTGTCCTTAGGGTTGGCGCCGGGCCAGCCGCCTTCGATGTAGTCAACGCCGAATTCATCCAGCTTCTGCGCGATGTGCAACTTGTCCAGCACCGAGAAGGAGATGCCCTCCCGCTGGGCGCCGTCACGAAGAGTTGTATCGTAGATCTCTATTCTGGTCATTGGTTAGATTCTCGCGGCGATCAAATCCCCCATCTGGCGGGTGCCTACGCGGGTGCTCTCCGGGGCCATTATATCATCGGTGCGGAAGCCATGCTTGAGCACGCTCCCGGCCGCTTGTTCGACAGCGGCGGCCTCGGAATCCAGGGCCAGCGAATGGCGCAGCATCATGGCTACGGAGAGAATGGTGGCAATGGGATTAGCGATGTCTTTACCGGCGATGGTCGGCGCGCTGCCGTGGATAGGCTCGTAAAGGCCGAATGTTCGCTTGCCAGCCACCGGTATGCCGGAGAGCGAAGCCGAGGGCAGCATGCCCATGGAGCCAGCCAGCTGCGCAGCCTCGTCGGACAGGATGTCACCAAAAAGGTTCTCGGTGACTATGACATCGAACGCAGCAGGCGTCCGGATAAGCTGCATAGCGCAGGCGTCAACCAGGACGTGGGACAGGGCAACATCAGGGTAGTCACGGGACACCTCAATTGCTACTTGCCGCCACAGGCGGGATGATTTCAGAACATTGGC
CP159307.1_gap34	1238246	1241075	2829	TGGTGTTCTCCTGCCGGCCGGATGCGGCAGAGGCAGGGCGTATGATCTGAAATCTCATTGATCTTCAATAAGGGGAACCCAATGCCTGCCTCGTGAGCGATAGCTTCTAAATGGAGCACCGAGTTGGAACTGCCGCCCAGGGCGACATCGACAACGAAGGCGTTGTGAATAGCCTTGGGCGTGATGACATCACACGGCCGTAGATCCTCGGCAACCAGTCGTAGGATTGTCTCTCCGGCACGGTGGGCTAAAGCGTGCCGCCGTTGATCGACGGCGGGAATGGTGCCGTTGCCCGGCAGACCCATACCCAGCGCCTCGGTGAGACAGTTCATGGTGTTGGCGGTGAACAAGCCGGAGCAGGAACCGCAGCCGGGGCAGGCCGCACCCTCTATCTCTTCCAATTTATCCGCAGTCATGCCGCCCTTGACAAATTGGCCTACTGCTTCGAAAACCGAGTTGAGGTCGACCGCTTTAACCTCGCCATCCACATTGAGGCGCCCGGCCAGCATCGGACCGCCACTGATGAAGACGGCCGGGATATTGAGCCGCACCGCCGCCATGAGCATACCGGGAATGACCTTGTCGCAATTGGGGATAAAAACCAGTCCGTCGAAGGCATGGGCTTCGGCCATTACCTCCACGGTATCGGCTATCAGTTCCCGGGATGCCAACGAGTATTTCATACCGCTATGATTCATCGCCAGGCCGTCGCAGACGGCGATGGTGTTGAATTCGAAAGGCACGCCGCCGGCCTGGCGGACTCCGGCTCTGACCGCTTCGCCGATGCCGCGCAGATGCTGGTGACCAGGCACCACATCAGTGAAGCTGTTGACCACACCGATGAAGGGTTTGTTGAAATCAGCAGGACTTACGCCCAGGGAGCGCAACAGAGCGCGGTGGGGGGCTCGTTCGGCGCCTTTTTTAATTGAATCGCTTCTCATACGGACCTAACTAAAATCCGTCCGCAAAGGGACGGATGGGTAGTAGCGCCTAAACATAGCACAGGCGATGTATTAATTCAAGATTTCACGATTGGCAACCCGATTTCAACAGCCGCAGCCGGATATCTTGGCCACCCGCCTTTGGTGCCTGCCGCCTTCGAATTCCGTTTTCATGAAAATCTCTAGAACTTCCAGGTTAAGGTCATCGCCATTTATCTCGCCCAGGCACAGGATATTCGCGTCGTTGTGTTTCCTGGTCAGAGCGGCGAACTCCGGCAGGTAAACCAGCGCGGCGCGGATCTCCGGAAGTTTGTTGGCTGCCATGCTCATGCCGATACCGGTACCGCAGATAAGAATACCTCGTTTGGCATCCCCGCGGGCAACTGCTCTGGCGACTTTCATCGCATAGTCAGGGTAATCCGCCGATTCTTCACCGTAAGCGCCGAAGTCCTCGACCTCGTGGTCATTATTTTTCAGCCACTCAATGATCTTGAGCTTCAATTTATAACCGCGGTGGTCGTTACCGACTGCAATCTTCATTCATGGCCTCGATTATTTAAAATAGTACGCTTCCAGCTCCGCCCGGGGTACGGCACCCTCTCTGACGATGACGGGATACGGCCCGGTGAGGTCAACAATGGTGGACTCCACACCCCCGGGACACCTCCCACCATCCAGTACCATATCTACCCGGTTGCCGATCTGTGCGCGTACTTCATCGGCGTTACAGACGCTGCCCCGCCCGGAGACGTTGGCGCTGGTGCCGGTCAGGGGCGCCCCTACCGCTTTAATGACATACAGAGTCAAGGTATGGCCAGGGATGCGTACGGCGACACTTTCTCGCCCGCCCGTGACGATGCCAGGTACAAGCGGTTTTTTCGGCAGGATAAGGGTCAGGCCGCCGGGCATAAAACGACGGGTCAGCAGTTCCGCCAGAGGGTTCATCTCCGCCACCTGCCGCATCTGAATTGAATCAGCCACCAGCACCGGCAGTGCCTTGGTCGTCGCCCGGCCTTTAATATCAAAGATGCGTCCTATGGCGTCAACGTGCTCGAGACTGGCAGCCAGGCAATAAACGGTATCGGTAGGCAAGGCGGCAACGCCGCCATTTCTGATCACATCTATGGCTTTGTTAAGGTCGCGGGAAAATGGCTTCGTGGGGTCGGCGGAAGTCAAATTGTTATGTCTACTTAATCGAAAATTCTTGACGCTAGTATAGCAGAATGATAATCTGTAACACTACCGCAATGACCGAATCAAAAGAAAGCCCCATTTTATCCGAAACCCACCGCGTCGCAACTTCCGGTGACATCGAGGTTGCCACTTATCTGGAAATCGCCAAGCAGGCTCTTGAAAAACCTTCGGCAGGAGAAGCGGTGTCAGGCGCTTCCCGCGAATCAATAGTCATTTTCGACTTTGGATCTCAGTACAGTTTGCTCATCGCCCGGCGTATCCGTGAACTCCACGTTTATTGCGAACTGGTACCTCACGATACCCCATGGGATAAGATCGCCCACTTGAACCCCAGAGGGTTTATCCTGTCAGGAGGTCCGGCCTCGGTCTACGCTTCCGGTGCGCCGATGGCGCCGGCCTACATCTATGAGTCCAAGCTGCCCGTCCTGGGAATCTGCTACGGCATGCAGTTGATCACCCAGCAACTTGGCGGCACGGTCGCCCGGGGCCAGGCCAGGGAGTACGGTCATGCCATACTTCACCTTTCCGATTTGACTTCCCCGCTTTTCAAAGATATCCCTGAGTCTGCCGCCGCCTGGATGAGCCACGGCGATCGGGTGGAGCGCTTACCCGCCGGCTTCCACTCGCTGGCCTACACCGAGAATTCGCCGCTGGCGGTCATGGGCAACGACAAAAACATCTTCGGCTTGCAGTT
CP159307.1_gap35	1242330	1247142	4812	GGCTGGCGCAGTCGGCGGCGGAGCTGGTTCGCCGTAAGGACGCCTTGAAGACTGTACCGGACAAGGCGACTTCCTGTTATTTTGCTTGGCACGCCGCTTATACAGACTATCTGGCCTGGGCGCTTGCCCAAGCTGACACCATAGAAGACAAAATGGCCGGCAATCCCACCGACGCTGCCGCTTTAAAGGAACTCCAGCAGAAAAGTGAACAATCCCGCACGGAAGCCGAAACTGAGGAGCAAAAACTACTGAAACAGCTGGACCTTTCCCAGGCGGATATCGAACAACTTCATGACCGCGCCAGCCAGGCGGCAGCCCAAGACACTTGGCGGCCCCGCGTCATCACCCGCAAACCCAAGCGGTAATTTTTCACCCCACCTTCTTGAGATCTTAAGGAGACTGCGCTGAAAGCACTGGTCATCGGCAGCGGCGGGCGTGAGCACGCCATAATCTGGAAATTAAAGCAGAGCCCGAGAGTCGAAGCGGTTTTTGCCGCCCCCGGCAACGGCGGCACGGCGAATATCGCCAAGAACCTGGACATCAATCCTGCCGATGTCACTAGGCTGCTGGATGCCGTACGCACCTTGGGCATTGACCTGGTTGTCATCGGTCCGGAGGGACCGTTGGCTGCCGGCCTAGCCGACGAATTCCAGTCCCGGCTGATTCCGGTCTTCGGGCCGTCGCGGGCGGCGGCGCAACTTGAATCGTCAAAAACCTTTGCCCGCAACCTGATGGAAAAATACGCCATCCCATGCGCCAGGGGCAAGTCCTTCACCAGCTTTCCAGAAGCCAAGGCTTATTTAAAAGACCAGTCTGCCCCGCTGGTGGTTAAGGCCGACGGTTTGGCCGCTGGTAAAGGCGTATCAGTTTGTGTGACGCTGGCCGAAGCCGAAACCGCCCTCCAGAAAATGATGGAGCAGAAGGTTTTCGGCGCTGCCGGAAACCGGGTGATCATCGAAGAATGTTTAATCGGCCAAGAGATGAGTTACCTTGCCTTCACCGACGGCAAGACCGTCGTTCCCATGCCTCCGGCCTGCGACTACAAACGCGTTTACGAAGACAATGCCGGACCCAACACCGGCGGCATGGGCGCCTACTCACCGCCGCCCTTCTTCGATAACAGGATGGGAGCCAGACTCGACGCCACAGTTATGCAGCCCATCGTCCGGGCGCTGGCCGAAGAGGGCATCCGCTACCGCGGCGTCATTTATGCCGGGCTGATGCTGACTGATGACGGGCCGAAGGTACTTGAATTCAACGCCCGGTTCGGCGACCCGGAGACCCAGGTAATTCTGCCGCAACTGAAGACCGACCTGGTGGACATTATGCTGGCGGTTATTGAGGATTCACTGGATAAAATCACTGTTGAATGGGAAAAGAAATCCTGCGTCACGGTGGTAATAGCTTCCGGTGGCTACCCGGAAGAATATAAAAAAGGATTACCCATTTCAGGTCTGGATGCCATGGACGCCGAAGTAACGGTTTTTCATGCCGGAACACTGGCTGCCGACGAAAAAACGATCACCTCGGGCGGCCGTGTCCTTTCGGTAACCGCCTGCGGCGACGACTTCGTTCAAGCCCGGGACCTCGTCTATGATAATATTAGCCGCATATCGTTCGAAGGCGCCCACTTCAGGCGTGACATTGCCCTGTTCGGAGAATAGTGGTTTAAGTACAGGCAGTCAATAAAAATAGCTATTATTGAACCAAAACCAACAGGAGGCTTCGCATGCCTAAAGCAGCCGTGATCATGGGATCTTCATCGGACATGGAAATCATGAAAAGCGCCGCCGAGGTGCTTGGGAGCATGAGCATTGACCATAAAGTTTTTGTGATGTCGGCCCACCGCCAGCCGGAGAAGGTTCACGCGTTCTGCACCGCAGCCCGTGCAGAGGGCTACGAAGTCATCATCGCCGGCGCCGGCGCCGCCGCCCACCTGCCCGGCGTCATCGCTTCATGGACGACGCTGCCGGTCATCGGCGTGCCGATACCTTCGAGCGCTCTGAACGGCGTTGATTCGCTTTACGCGATCGTCCAGATGCCGGCCGGGGTGCCGGTGGCCACCATGGCTATCGGTTCGGCCGGGGCAAAGAATGCCGCGTACTTCGCCGCCCAGATGCTCGGCCTGAAATACCCGGAGATTGCCAGTGCCTACGAACACTTCCGCTCCGGATTAAAGAGCAGTTAACCAATTATTCTTCTCTCGGGCATGCGGTGAATCTGAAGGTTTATACTACTAATTCACAGGACAGGAAACAACCATGATCGAACGTTACAGCAGATCCCAGATGAAAAAGGTTTGGAACGACGAGAACAAGTTCGCCAAGTGGCTGGAGGTTGAGATCGCTGTTTGCGAAGCCTGGGTAAAAGAAGGCGTCGTCCCGCGGGAAGCACTGCCCAAGATCAAGATGGCCCGCCTCAACCTAAAGCGCATGGAAGCCCTGCTTAAGGAAACCCACCACGATATGACCGCTTTCCTCGGCGCCGTGGCTGATAGCCTCGGCGAGGAGTCCCGCTTCATTCACCTAGGATTGACTTCGTCGGATGTGATGGACACGGCCACCAGCCTGCAACTGGTGGAAGCCTCGGCGATACTGGCTGATGATGTGAAAGACCTCATCGCCGCGCTGGGCAAGCGCGCGCTGGAGCATAAATACACCGTCATGGCCGGCCGCACCCACGGCGTCCACGCCGAGCCGATTACCTTCGGCCTTAAGCTGGCGCTTTGGATGGAAGAGATGCAGCGTAACCGCGCCCGGTTGGCCGAAGCGGCCAAGATCATCGCCGTAGGCAAGATGTCCGGCGCCGTCGGCACCTACGCCACCGTGCCACCGGAAGTCGAGGAATTCGCTTGCGAAAAGCTGGGCTTGATGCCGGCACCGGTGAGTAACCAGGTCATTCAGCGCGACCGCCACGCCCAGTTCATGACCACACTGGCCATCATCGGCGGCTCACTCGAGAAATTCGCCACCGAGATCCGCGCCCTGCAGAAGACCGAGGTGCGCGAGGCCGAGGAACCCTTCGGCGCCGGCCAGACCGGCTCCTCCGCCATGCCCCACAAGCGCAACCCGGAGTTGTGCGAGCGGGTCACCGGCATCGCCCGGCTGCTCCGGGGCTACGCCGTGACCTCATTGGAGAATATCGCCCTGTGGCACGAGCGGGACATCTCGCACTCGTCGACGGAGCGTGTCATCCTGCCCGACGCCTGCTTGGTACTCGATTATGCGCTCAGTATCTTCACTTCGGTCGTCAAGGGCATGACCGTCTTCCCCCAGCGTATGCGCCAGAATATGGACCTGACCCGCGGCCTGCTGTTCTCCCAGCGGGTGCTCCTGGCGCTCATCGACAAAGGCCTGTCGCGCCAGGCGGCCTACAAGCTGGTGCAAAGGAACGCTATGGCCACCTGGGGCGGCGACGGCAACTTCTTCGACCTGTTGAAGGCCGACGCCGAGGTCGCCGCCGTGCTACCGCCGGAGGAACTGGAGAAGGTCTTCGACTACAAGTTCTACACCCGCCATGTCGACGACATCTTCAAGAGGCTGGGCCTGACAGCCGCCCAGTGGAAGTCCCGCGCCGAGACCGGTCCGGAGAAACTCTCGCCGCAGTCACTGTAAGGCACGATACATCGCGCCCGGAACCGTAGGGACATAGCGCGCTGTGTCCCATCGCTATAATTGACATCGAGGTGTTTACATGACCGAAAAACAGGTTGTCCTGAAAACCGACCTGCCCCTAAAACGCTTCATCTCCGGTAAGGTCCGCGACACCTATGACCTCGGCGAGTACCTGCTCATCGTCGTCAGCGACCGCATTTCGGCCTTCGACGTGGTGCTGCCGGCCGGCATCCCAGACAAGGGCCGCGTGCTGAACCTCATCTCTGCCTTCTGGTTCGAGAAGACCAGAAACATCATCCCCAACCACGTCGTCGCTGTTATCGAGGACGTGAAGCAGCTAGATGCGTTCATCCCGGAGAAACAGCGCTTCGACTACCCGAAATACCTCGAAGGCCGGTCGATGGTGGTCAAAAAGGTCAAGCGGCTGCCGGTGGAGTGTGTCGTCCGCGGTTACCTGGCCGGTTCCGGCTGGGCCGAATACAAGAAGAAGCAGTCGGTCTGCGGTGTGCCGCTGCCCGCCGGCCTGCGCCAGAGCGAGATACTGGCGGAACCGGTGTTCACCCCGACCACCAAAGGCGACAACACCCACGATCTGCCGATGACCTATGAGGAAGTCGAAACAGCCATGGGCAAAGACCTGGCGTTGAAGCTGAAGACGATGAGCATCGCCCTCTATGCCTACGCCCGCGACTTCGCCCGCCACCACGGCATCATCATCGCCGACACCAAGTTCGAGTTCGGCCTGGACGGCGATAAGCTGATACTGATCGACGAAGCGCTGACCCCGGACTCATCCCGCTTCTGGGATGAGAAGCTCTATAAGGTCGGCGAGCCGCAGGACTCCTACGATAAGCAGCCCCTGCGCGACTGGCTGGAGCAATCCGGCTGGAACAAGGAGCCTCCTGCCCCAGCGCTGCCGGTTGAGGTCATCGAATCCACGCGGCGGCGCTACGTTCATGCATATGAAGTGTTGACAAGCAAGAAGCTGCCTTAAACTACTCCACCCACTCCTTGGTGCTCGGCACCCGGTCCGCAATCCGCGGGTCAATGCGGGTAGCCTTGTCCAGCGCCCGGCCCAGGGCTTTAAACACCGCCTCAACCTTGTGGTGATCGTTGGTTCCGTAAGCGATACCGGCGTGTAGATTCAACCGCCCCTCCGCGGCAAAGCTCTCCAGGAAGTGGCGAACCATGTCGGCCG
CP159307.1_gap36	1248874	1253221	4347	TGTAGTCGCCGAAGGCCACCGTCGCCCGGGGCCCGGTAAAGACGCAGCCGGCATTTTCTATCTTGGATAATAAGGCTTCCGAGTCCACAGTCAGTAAAAGCAGGTGCTCCGGAGCATACATATTGGACAATTCCACTGCTTCTTCCAGGCCGTCAACCACGGCGACGCAGGACATATTTGACAGGCTCTGGTGAATGACGAACTGGCGCGACATACTCTCGACGACACGATTCAGCTCGTCGGTTACGGCTTTAGCCACCCGCTCTGAGGTGGTCACCAGCACCGTCGTCGCCAAAGGGTCGTGCTCCGCCTGGGCCATCATGTCGGCGGCAATATACTCCGGATTGGCGGAATCGTCAGCGATGATAAGTACCTCGCTCGGCCCTTGCAGCCCGTCAATAGCAACCATGCCGTAAAGCAACCGCTTGGCTACGGTCACAAAAATGCTGCCCGGTCCGCAGATTTTATCGACTTTGGGTACCGTTTTGGTACCCACTGCCAGCGCGGCGACGGCTTGCGCTCCGCCGATGCGGAAGACGCGGTCCACACCAGCCAATTTAGCCGCAGCCAGCGTCGGCGCCGGCACTTTGCCGTCTTTGCCTGGCGGTGTTACCAGACAGACCTCAGCAACGCCAGCCACCCGCGCCGGTATGGCCGTCATCAGGACGCTCGAAGGATAGAAGGCGGTGCCGCCCGGAGCGTAGCAGCCGACGCGCTCCAGAGGACGGTAGATCTGTTCCATGGACATCTGGTTGAAACCGGAAATTAGAGCCTCGCGCTGACGCTGGTGAAAATCCTTGACCCGGCCGGCGGCCAATTCCAGGGCATTTAGAAGAGACTTGTCGACCGATGCAGCCGCAGCATTGATCTCTGCCAGGGGTACCTCGATATCATTAATCTCGGCTTTGTCATATTCTTTGGTGAGGCGCCTGAGGGCATCGTCGCCGTTCTCCCAGACATCAGTTATGATGGCCTGGATCATGCCCTCAAGGTCGTGTATCTGGTAGCGGAGCGACAGTGTACGACGTGTCGCCTCGGAGACGAATCCTCCATGGACTCGGCGTCGTAAAATCTTGGCTGCAGCTCTGAATCCTCTTACCGTTTCCACGCGAAACTCCAGCCCCCCTGACTATCGACAGGATGGGAATTGAGGTCCACAGTGACGGGGCGGCAGTGGGATACTTGAATATCAAGATTGAAATTCGGCATTGGTGTTATTTGGCCTGGTCAAGCGCCTTTCCCAATCTTTCCACCAGAGCCTCCATTCTCTTCCGCTTCACCGGATTGTCCGCCGCCCGGGTATTGCCGATGACGCAAGCGGTGGACTCGAACAGCGTGTCTATGATGCGCAGATTGTGCCGGGCAATGGTGCCGCCGGTCTCGGTATTTTCAATTAGAAGGTCAGCGTCCTCCGGCAAATAGGCCTCGGTCGAACCCCATGTAGGCGCGATGCGGTAGCGGCCGAAGTGGTTGTTGCGGGCGTACTCGTCAGCGATGTTGATATATTCTGAAGCGACCCGCAGATTGCGGTTCCGGAAATACTCCTTAAGCTCCACCGCATTAGTCACCGGCACCTCGTTAGCCACAACAGCGACAATGCGCACCCAACCATATTTCAGGTCAAGCAAGCGTTTGACTGGGGAGGCCGGGAACTGGTGCAAATGGTCGGTCAGCCAATCCCAGCCGGTGATGGCCAGGTCAAAGTTGCCGTTAGCCACTTGGATGGGCATATCCTGCGGCCGTATCGTTTTAATAGCAAAACCCTCCAGGTCGCTTTTAGGCCGCCGGAAGCCGCGGTCTGATGGATAGTCTTCGATGCCAATACCGGCGGCGTCGAGAATTTTCCTCACGTGCGGCTGTTGATGGCCATCGGGCAGTGCCAGCCGAACGACATCAGGGGCGTACTCGTGATAGGCCTCGAGAGCTGCCACCGTTTTCGGCGGCGCATCTTCGTTAAACTCTACTGCTGGCGGCAGGTTAGCCAGAATCGACGAGATAGCCGCCGAGAGGTCTTTGGAGGCCAGGCTTTCGCGGTTGGCTATTAGAACAGCCTTGAAGTCGAGAACTTTCGACAGAACTTTGAGACCTTTTAATACGAGTTCGCCCGCGCTCTTGCGCGGCAGGATGACCACCTCGGCAGTCTCCGGCGGGTAAGCCTCGGCAGAGCCCCAGAGGGGGTACACGGCGTAATTTTTGAGGCGGAGCTGGATAGCCAGCTGCTCAGCCAGGTTAGGGTATTCCGAAGCCAGGCGTACCTTGTCGGCGCGCCTTGACAGGTCGGCCAGCGAGGTGACGCCGTCGCCCGCCGCTGAAGCCGCGTAGAGGGCGCCGTGGCCGTAGCCCAGCACTCTCACCTTCACCAGCGACGATAGGCGATAGCGGGAAACAAGTTCCTCCACCCAGTCAGCGCCGCAGATACCAAGATCGTAGTTGCCGATTGCCACCTGGATGGGGATGTCCTTTTCATGGAGCATTTTAGCCGACAGCTCCGGGAATTTGGCGCTGGTCAGCCGGTACAGCCGGGCTTTGGGCTGGTAGTCATTGAGCTGCCAGCCGGCACGGTCGAGGAGTGCCGCCGTATCCGAAAGCAGGCGGCCTTTGGGCAAGGCGACTCTCATTCTTCAGAGGCCTCCCCGCCCAGCATCTCAACCAGTTCTTCGACTGTCTCGAACTCGAACTCCTCGTCTGTTTCAGTATCGGACAACACCAGCAAGCCGTCTTCTGTGATGTTGAGAACCCAGTCATAGTCCATAACGTCTGGGTCGCCAAGTTTGATCTCGGCGGTGTAATCGGCGTCCCGAAGATCAGTGGCCACGGCGAAAGCACGTGCCTCGTCGCCAGGCTGGAAGTTGACCAAAAAGCGGTCTGGTTCTTCCATCTCATACTCGGCCATATCAATGAACTTCATCAGCTCGTCCAGGTACAGGGCGAAGCCGGCCGCCGCCCTGGAAGGGCCGCCCATCAGGGCGATGAGGTTGTCATAGCGGCCGCCGCCGCCGACCGTAGCCCCATTAACCGAAAGGTGGAAGATAACGCCGGTGTAGTATTCAAAGCCGCGGCCGGAGGCCAGGTCGATCTCGTAGGGCACACCGACGTCGTCGAGTGTATCGAGTGTGGCGGCGAAGTCGCCTGCCGCTGCCTCCAACTCCACGGAGTAGCCGAAGAGGGACCTGAGATTGGAGAGGTAGTTGGATGAAGTCCCGGTTACACCAAGGAGAGTCTTAAGGCCGGCTAGAAGCTCCGGATTGGACTCGGCCAGCCGGCTCATCACCGACTCGTTGCCGTCGAGGATATCATCGAACAATTTGTGGCGAGCCTCCGGCGACGGTTCGAGCTGGGCCAAGACCGCCTGGATGACCCCGGAATGGGAGATTTTTATACGGCCCTCAAGGCCGAGCAGTTCCAGAGTCTCAAGAGCCATGCGGGCGAGTTCGGCATCGGCCAGAGGGCCGCTGCCGCCGATCAGTTCCGCGCCGCACTGCCAGCGCTCTCGGCCGCTGCCCGGCTTCTCCTCAAAGAGGAAAGTGTTTACCACATAGAAGAGCCTGGCGACTTCGCGGTCGGTCAGGGAATCGGTGTACAGGCGGGCGATGGGGATAGTGCCGTCCGGCCGCATAACCACGCGCTCGCCGCTCCAGCCGTCCCAATCCAGGAAGGAGAACACCTGCCCCAGCATACCGGGGGTCAGCGTGCCGGTGGCGGTGAACAGGTGCAGGTACTCCAGGGTGGGAGTGCGCACCTCTTCGTAGCCCCATTTGAGCGCAGTATCAATAAAGACGGATTCCGCCAGGCGGAATTTCAGCATTTGTTCGGGGATCAGGTCGCGGCAGCCGCGACACCTCTCTTGAGTCATGATTTCTCCTATACTGCTTTTGTTGGACACGGAGATTGTACACCAGGGGCATATTACGTTCAAATCTGGCCGTCTGACGGGTTGGTTTTTGTTTGCCGGCGAAGTAAGCACTTTTTCCCGAAACGATGTAAAAATCACGCGATGGGCTGAACGTGTGAAACGATTGTCGTTTGGTTTGGGAACAAATGGGGTTTCACAGCGCCCGAGGCGTATTGACCAACCGTTTCAGAACCGACCTGGTTCATGACCGAAGCGAACAAAGCCGGGGGCAGCAGGGACGGATTAAGAAGCAAGACGGCCTCCGCATTCAGAGAGGACAAACGTACTCATTTGGTTCATGCTGAGCATTATAGCACACCCGTTCCCCATGGCTGTCAAGTGAATTTTGTCGTTTTTGGCGGGTCGGAAAAAATATATCGGTCGGCAGGATGATCAGCCGACGCTCAGGCGGCCGGCAGTTATCGTATCAGGTGGGAAAGTGGGGCTAATCCCAC
CP159307.1_gap37	1261763	1263476	1713	CCGAGGGAGTGCGGTTCCGCGTGTATGCATTGGAAAAGGAACTGGTTTCGGAATTAAGCCGTAAACTGAACCGGGCGCTGGTCGGCAGGCTGTATGTCAGCGCGGACAGCCAAGAAACTTTTTATAAAGCGTTAGACATGGAGCCTTCAGCGATCCAGCTTAATCCCTCCGGCCAATCACGAACAGACTTTTGGGAACTGGCGGTTGAGTGCCGCGATATCTGCGCCGAGAAGAAAATCCTGTTCTTAATCGGGGAACGGATCGACGTCGCGGCGGCGGTCAAAGCCGACGGGGTTGTCATCGGGCGGGACTCTCTGCCGGTGAAGGTGATCCGGGAACTGCTGGGCCTAAAAAGCCTCATAGGTTTTGTTGCGCGTGATGCCTCCGAGGCGACGACTGCTCAAGACGCCGGCGTAGACTTCTTAATCGATGCCGGCGTAAACGGCATATCCGAATGGGAGACTCCTGAACTTCCGGTCATCAAGACTTGTTGAAAGGGTATCGAGGTGGAGAATTTAGCACAGAGACTGGATGACATAGCCGAATCCATCAGAGCTTCTTTTAAGGAAAAGGATGCCGCCCGTGAAAAGGCGCTGCCCGGCTGCCGTGAAGCTATCCGTCATTGCTCGGAGTCCATTCGGGCGATCCACCGTCAAGAGTTCGACAACGCTCATGATTCGCTGAAAAAAGCCAAACTGCTCATCGATGAAGCGGAAATCACCATCGATGCCTGCGAAGAACTTTCCAATACCGCCTTCTTCCGGGATGCCCAGAAAGAATACGCCGAGGGCTGCATCACCCTGGCGATCATCACCGGTACCGAAATACCAACCCCCGAAGAACTGAAGATCGATTCCGCTGCCTATTTAAACGGCATGGGCGAGGTTACGGGCGAACTCAGGCGGTACCTGCTGGACGGACTGCGCCGCGGCGATATGTCAAGAGCGGAAGGCATATTATCGGTTATGGACGCCATTTATGAAGTTCTGGTAACGATAGATTTTCCGGATGCCATCACCGGCAACCTGCGGCGGACCACCGACATGGTCCGGGGCATTCTGGAAAAAACCCGATCCGACCTCACTCTGTCCCTGCAGCAGAAACGCCTGGAAAATAAGCTGAGCGCTTTCCAGGATTCCATCGGAAAAAATAACACGGGGGGATAAAGCACTTATGGATCCAGTACTAATAGCACTTGGCTGCGGCGTGCTCGGGCTGGTGATCGCCTATTTCCTGGCGAGGTTCGTTCTGAGCCAGGATGAAGGCAACGCCCGCGTCCGGGAAATCGCCGCGGCGATCAAAGAAGGCGCTTTGGCCTTCCTCGGGCGCGAATATCGAGTCCTGGCTGTTTTTGTGGCCATCGTCACTCTGGTGCTGGTATTCGTTCCCGCCCTCGGCTGGAAAGTGGCGCTGGCTTTCGTTTTCGGGGCCATTTGCTCCGGCCTGGCAGGGTATGTGGGCATGACCATCGCCGTCAGAGCCAATTCGCGAACCGCCGCCGCCGCCGCAAAAAGCCTCAACCACGGATTGAAAGTGTCCTTCCGCGCCGGGTCGGTCATGGGCATGACGGTGGTCGCCATCGGCCTGCTGGGCTTATCGTTACTATACTTCGCCTTCAGTGAAGACCCGTCGTTCCTGGCGATCATCCCGGGTTATGGCTTCGGCGCGTCCTCGGTAGCCATTTTCGCCCGCGTCGGCGGCGGCATCTACACC
CP159307.1_gap38	1279344	1283658	4314	CCGCCATTGGCGGGACAGCCGCGGCGCTTACGGCCCGGCCCGGGGTGATGGCCTGCCACGTCTCCGCGGCGACGCCTCTCGATGTCCTCGAGCCGCTAAGAGTGCAGGGAGCGATCACCGGCGTATTTCATCCGCTGCAGGCTATCGGCTCCCGCGCCGAGGCGGAAATTCTGCCCGGCATCACCTTCGCCATCGAAGCCGAGGAGCCATTGAAGGCGCTGCTCCAGCAGATGGCTTCGCGGTTGGGCGGCCGCAGCGTGGAGCTTTCCGGCGCCGACCGGGTTTTGTACCATGTGTCGGCGGTCATGGCTTCCAACTACCTGGTGACTCTCGTCGCCCTGGCCGCCGGGCTGTGGCAGGGCTTCGCCAACCGGGAACAGGCCGCCAGGGCCCTGGTACCCCTCATCCGCGGCACACTGGACTACATCGAGAATATCGGCATACCGGAATGCCTCACCGGGCCGATCGCCCGCGGCGACACGGCCACCATTAAGCGGCACCTCGAGGCGCTCGTCGAAAATGCCCCGCAGACGTTGGATATTTACCGAAAACTCGGACTGGAAACCATACCCGTCGCCGCCGCCAAAGGCGGCATTGATGAGGGAAAAGCCGCCGAACTCAGAGCATTACTGGAGAAGAGACTATGAGAACGATGCTTAAGAGCAAGCTGCACCGGGCGCGGGTCACCCGCTGCGACCTGGAATACGAGGGCAGCATCACCATTGACCGCGACCTCTTGAAAGCCGCCGATATCCTGCCGTTCGAGCAGGTGCAGGTGCTCAATTTGAACAACAGCGCCCGATTCGCCACCTATGCTATCGAAGGCGAGGCGGGCTCTGGCGAGATAGGCCTCAACGGCGCCGCCGCCCGCTGCGCCTGTAAAGGTGACCTGGTCATCATACTAACTTATGACCAGGTGGCTGAGGATCAGCTTTCCAGCCATATGCCTACACTGGTTTACGTAGACGAAAATAACCGCATTACCTCGGTGAAGCAGGCTATCGGCGCGATTTCTTTCTAATAACTCTTATGGATTCCCGCCTTCGCGGGAATGACAAAGGAGCCTCAGATGAGAACCACCGTCCAGCAGGTCAAGGACTACAAAGCCAGGGGCGAGAGGTTCGCCATGCTTACCGCCTACGACTATTCGACGGCGAAAATCATCGACGCCGCCGGAATCCCGATCATACTGGTCGGGGACTCCCTGGGCACAGTAGTCCTCGGATATGAATCGACCATACCGGTGACCATGGACGATATGATCCACCACACCAAAGCCGTCGTCCGGGGCTCTAGTAAAGCCATGGTAGTGGGCGACATGCCGTTCATGACCTATCACATCACCATCGAGGAGACAATGCGGAACGCCGCCCGCTTCATCCAGGAGGCCGGCGCCCAGGCGGTCAAACTCGAAGGCGGCATCACCATAGCCGACAAGGTAAAAAAACTGGTCGACTGCGGCATACCTGTGATGGGCCATATCGGCCTCACCCCGCAGTCGGTCAACCAACTATCCGGCTATAGGGTGCAGGGCCGGACGCCGGAGGCGGCCAGGAGACTGCTGGCCGACGCCCGGGCTCTGGAAGCCGCCGGAGCCTTCGCCATCGTCTTGGAGACGATGCCGTCCGAGCTCTCGGCCTATATCACCTCAAGAATCAATATACCTACCATCGGAATCGGCGCCGGGCCCGGCTGCGACGGCCAGGTGCAGGTCATCTCCGACCTGCTGGGCCTGTTCACCGACTTCGTGCCTAAACACGCCGGCCGCTACGATAAGCTGGCCGACGAGATCGCCGAAGCGGTGACAACCTACGCCAGCGACGTGAAGAGCGGGGTGTTCCCAGCCGCCGAACACGGTTTCGACATGAATGAGGCGGTCATCGAAGACCTGCGGCGGGAAGATGAAAGTACTTAGGTCGATCAGCGCGTTACGCGATTACCGGAAACAATTGGCGGGGAGCGTCGGGCTGGTGCTGACTATGGGTTTCCTTCATGAGGGACACCTGTCCCTGGTACGCAGGTCGAAGGCCGAGTGCGAGTATACTTTTGTCAGCATCTTCGTCAATCCCACCCAGTTTGGACCGGACGAGGATTTCGGCGCTTATCCCCGGGACACTAACCGGGATCTAAAGCTGCTTGAAAACACCGGCGCCGACGCCGTGTTTTTACCCGGCGCCGGGGAAATGTATCCCCCCGGCGCCGATACTGTCGTCGTGCCCGGAAAAACCGCCCATAGGCTGGAGGGCGCCGCTCGGCCCGGCCACTTCCGCGGAGTAGCCACCGTCGTCCTCAAGCTGTTCAACTTGATCCAGCCGCAGCGAGCCTACTTCGGCCAGAAGGACGCCCAGCAGGCGGCGGTCATCAGGAAGATGGTCGCCGACCTCGACGTGCCGGTCGAAATCGCCGTCATGCCCACGGTGAGGGAAGGCGACGGCCTGGCCATGAGCAGCCGCAATACCTATCTGAATCCGGCCGAACGTGAAGCCGCCACGGTGCTCTACCGGTCATTGAAGCTGGCTGAGGAACTGATCAACGGCGGAGAGAGGGACGCCGAAATCGTCCGGCAGCGGATGACAGAACTGATCTCAGCTGAACCGCTTGCCCACATCGATTATGTTTCGGTGGCCGACGCCGGCAGCCTTGATGAGCTGGCTTTCGTTATCAGGCCGGCCTTGGTATCTCTTGCTGTCCGTATCGGGCGGACGCGGTTAATCGACAACGTCACACTGACTTAGCCGGCTTGACCAGCACCATCAATCCGAGCATCGCCAGGAACGCCATTGCCGCGCCGAAGAAGAACGGGCTGGCGGGTGACACCTCCTGCCACAGGAACCCGGCAATAAGGCTGGCCGGTAGCAGCAGCAGTCCCAGCACGCCGTGGTACATGCCGAAGGCGGTACCCCGCTTCTCCGGCGGTACCAGGTCGGCGACGAAAGCCTTAGCCACCCCCTCCACGATGCCGTAATAGACGCCAAAGACGGCGAACAGCAGCCAGATATGCCAGCTGGCGCCGGCGGCGGCGAATCCCAGATACGCGGCGGCGTAGATGCCCCAGCCGATCATCATCAGGGTTCTGCGGCCAAGCCGGTCTGACAGGACGCCGGCCGGCGTCGCCGCCAGCATATAGGTGATGTTGAAGACAACCAGCATCAGGGTGACATCGAGGACGGAATTGCCCAGATTTTGCGCCCGGAGGATGGCGAAGAAGCTCGACGAATTGCCCAGGGTGAAGATGCCGAGCACCAGCAGGAACAGCTTGAATTCCCGGCTCATGCCATTGACCGTATCGCGAAAGCCGGTCTTTTCGACCTCAACCCACGCCGCCCGGCGGGGATCCTTGACCATAGTGGCCAAAATGACGACCGAGATGACGGCCGGGATGACGCCGATGACGACCAGTAGTCGGAAAGTGTCCTGGGTCAGATCGACACTGCCGCGCTGGGTCAGGTAGATAACCGTCGCGGCGATGAACAGGCCGAGGAAAGCCCCCGCCGAGTCCATGGCTTTGTGCAGGCCGAAACTGCGCCCGCGTTCTTTTGGTTCGATCGAGGCGGCGATGAGGGCGTCCCGCGGCGAGGTGCGCAGCCCCTTGCCCAGCCGGTCGGCGAAACGGATGCCCAGCACGGCGGTCCAGTGCCCGGCCAGGTACATGAACGGCTTAGCCAGCGTCGACAGCCCGTAGCCGGCTATCGACAGTGCCTTGTAGCGGCGCAGCCTGTCGGCCAGCCGGCCGGAGTAAATCTTGACCAGGGCCTCGGTAGAATCCGACACGCCGCCGACCAGGCCGATTACGGAGGGGGCTACGCCGAGGACGTTGGCCAGGAACAGCGGCACCAGGGTAAATATCATCTCCGACGAGATGTCAGTGAAAAAACTGGTCAGGCCAAGATAGAAGACGTTGGGGCGCACGCCGAGGATCTTTTTCGAGTCAGAGGCAGGTGGCACGGTGGCATCGAGATTCGGCATAGCCATATCTTAACAGAGCCGAACCTGAGGTAAAATGGCTAAAAAAAATTGGCTCCCGAGGAAGGATTCGAACCTTCGGCCAATCGGTTAACAGCCGACCGCTCTACCACTGAGCTACTCGGGAGTGTGGGTCTGGCTGCCGAGCCAGGATTCGAACCTGGGCAAAAGGATCCAAAGTCCTCTGTGCTACCACTACACAACTCGGCAAGGCTTTTCATCAGCTCAAAGCTGGTGCCGAAGGTCGGACTCGAACCGACACAGGAGTTGCCCCCTAGCAGTTTTTGAGACTGCCGCGTCTACCATTCCGCCACTCCGGCAAAAAGCCGAATGTTGTTAAAGATCAGGGGG
CP159307.1_gap39	1314829	1317830	3001	CGCCCAGCGCGATGATACCATCGAGCATCGAATCCCAATCGGTGAGGCAACGCGAAGGCAATCCATAGATGAAGTCCAGGCTAAGGTTAGTGAAGCCGGCTTCACGGGCTTTATCGACTGTCCGCCTGGCGTCAGCCGCTGTATGCAGGCGCCCCAGGAAGGTGAGTTCGCCGTCTTCCAGGCTCTGAACGCCCAGACTTAGGCGATTGACACCCTCCTGCCGCAGCTTTCGGAGATATTCTTCGTCAACGACGCCGGGATTAGCCTCCAGGGTTATCTCCACTTTCGAATCGACATTGTAGTACTGGCGCACCGCATCAAGAATTCGCTCAACATCGCCGGCTGACAGCAAGCTGGGCGTGCCGCCGCCGATATAGATAGTTCGAATGACAGCACCGGGACGTCGAGTTAGTCGCAGTTCTATTATCAGCGCTTCGACATAATCCCGTATCTGCCCCTCCCGTGCAGTATAGGAGATAAACGAACAATAGCCGCATTTGCGCCGGCAAAACGGGATATGGAAATACAGGGAGAGTTCAGGCGTCATTTTATGTCAATTTTACCAGAAATGAGCCGTACCCAACCACTTGGGATTCGGCTGGAATAGAATAGACCGCCGGGGGAGGAGGAGCCCGGCGGTCTATTCTATTATGAATGAGGCGGAAAAAACGTAGTTAGATCAGGCGCCCCTCTAGCATCGCCAATTGGCGGAAGTCAAGAGCGGCTGTCTTGGTGATCAGTCGGCGCCACGATTCATTATCTGTCAGCGCATAAAGCGCGGTTTCTTTTCCTTCAACTGTGCAAAGAAGCCCCTTATCCTTTAAGCGGGCGATCGTCCGGTCAATATCTCTTGGTTTCATATCCAGACTTTCAGCAAGGGCTGACCGGGAGAACCGGGTGTAAGGATGACGGCCCAGAAGCCGCAGCAGACGCAGCATCTCCTGACTTTCGAGGTCATCAGCAAACTCCCGCATGAATTCCTGGATTTCGTTTTCTGTTATACGGCAGTTCATATTCAGCTCCAGGGGGGTGGCGGTAACCAACCGCCACCCCATGTCTAAGGGAATAACCGGGTCTTACCACCGTTTGGTGCTATATGAAGCGGGCGCAGCCGGGCGGGCCGGTTCTGGCCGGCGGGCGCCGACGAGACCGCGCTGCCGCAGGAAAGCCGGGATTTCCAGTTCTTTTTCTGTCTTGATGTTGCGGAGAAGGCGGGTAATTTCCTTATCACGTGAGTTGACCGAAGTCGACTTGTCGGCAAAACCGGTAGCGATCAAGGTCAAGCGGACTTCATCTTTCATCGAGTCATCGGTGTTGACGCCGAAGATAACGTTGGCATCGGGATCAACCGCCTGGCGGATGACTTCAGCCGCTTCATTGACTTCGAACAGAGTCAGGTTATCGGGCCCGACCACGTTGAAGATACAGCCTTTGGAGCCGTCAACGGAGACATCAAGCAGCGGGCTGGTGAGCGCCTCTTTGGCAGCCAGAACGGCACGGTTATTGCCTTTGCCGCGACCAATGCTCATCCAGGCCGGACCGGCATCTTTCATCACGGCGCGGACATCGGCATAGTCCAGGTTGATGATACCGGGGACGGTAATGACCTCAGCGATGGCCTGAACGCCGTGATGCAGTACCTCATCAGCCATGCGGAAAGCGCCGTCGACACCAGTCTTGTTGTCGCAAATCTGGAACAGGCGGTCATTGGGAATAAGGATCATGGTATCGACATTGGGCATCAGTTCTTCGATGCCCTCTTCGGCAACCTTCATGCGGTGGGAACCTTCAAATCCGAAGGGCTTGGTGACCACAGCGATGGTAAGAGCGCCAGTCGCCTTGGCCGCGGCGGCAACCACAGCTGCCGACCCGGTACCGGTGCCGCCGCCCATACCGGCGGTGACGAAAACCATATCCGAGCCCTCAACAACCTTCAGGATATCCTCGCGGCTTTCTTCAGCCGCTTTGCGCCCCATTTTGTTATCACCACCGGCTCCGAGGCCGCGGGTGCATTTTTCACCCAGCTGGATCCGCATCGGGGATTCGGTGATAGCCAGAGCCTGGGCGTCGGTGTTCATGGCAACAAATTCAACGCCGCGAATCTGCTCCCGGACCATGCGGGTGATGGCGTTGCAGCCGGCACCGCCGCAACCGATAACCTTGATTCTGGCGCCGCTGGGGACATAGATTGTTTTAGCCATATTCTTTTTCTCCTCGATTATTTTTTATTTTCGTTTAAACAGGCCGAAGAATCCGCCGCCGCTCTCGGATGAGCCGGAAATTGGTTTGACCGGGATCTCGGTGCGGCTTTTAGCTCGCCACATAATCAGGCCTACCGAGGTGGTGAACGCTGGATCGGTCAGGCGTTCTGAGACCCCGTACATGGCCGGCGGGGCGCCTATGCGGACCGGCAGGCGAGCAACTTCCTGACCCATCTCAGCCAAGCCGGGGAGATTAGCCGAACCGCCGGTGAGCACCATACCGCCGCGCAGCAGGTTCTGGTAATCCTCACCAGGAACCTCCAGCAGGGCTAAACGAACCATTTCCTCCACCCGAGACCGGATAATCTCGGAGACCTGGGACTGGGGGAAAGAATGGCCGCCTTCAGACAACATTTGGTCGTTGCCTGCATCACCGACCGGCATGACGCTGCCGTAACGCAGTTTGATTTCCTCAGCCAGCTCCCAGCTGACGCCGAGACCGACTGAAATATCATGCGTAATCTGATAGCCGGCAACAGGTAAAACCGACGTGTGGATGGGTTTCCCGTCTTTGAATACCGCGATGTCGGTCGTGCCGCCGCCGATATCGGCAAGAATAATACCGTCCATCATCTCATCGGCCGAGATGACCGCTTCGGCGCAAGCCAGGGGCGAGAAGATCATCTCATCGATCTCGACGCCGGCGCCTTTAATGCACTTGGACAGGTTCTCCACGGCGGTGGCTGAAGCCGTAACCATATGGGTCTCGACTTCCAGTTTGAAACCATGCATGCCAACCG
CP159307.1_gap40	1332117	1336954	4837	AAGCGTAACCAGATACTGGTTTGCGGTATTGAAGCCCATATCTGTGTTTATCAGACTTCTCTCGATCTGCTGTCCGGGGGGTACGAGGTGCATCTGGTTAGCGATTGCGTTTCCTCGCGCGCACCCCAAAATCGCGAGTTGGCGCTCCGGAGACTTGAAAGGGAAGGTGTGAAAGTTGCCGGGGTTGAAATGGCGCTGTTTGAACTGCTTCAAACAGCGAAAGCGCCGCAATTCAAAGCTATCAGCGCTTTAGTAAAATGAACAATCCCCGATAAGACTGACAGAGAGTTTTTATATTCGGGATTCCTTGGTGGGTGTGGTCGAGGGGCCGGGCACGGATTCTTTTTCCGCGGTGAACGGGGAATATCCGGTACCCAGCGGTTTGCCATCCTGGGTTATCAGAAGGCCGGCGCCGCAGCGGGTACACGACTGGTGGCGCGGAAACTGAAGCCCCCAGCCGATACATTCATAACCGCAGTTTGGGCATTTCCCTTGAAGCATGAACTAATGATACACCAATGGTACGGGGAATAACAGATATTTTTGAAAAATAACACCGGTATTTAAACTTTGGTACTAGCCCCCGAGCAGGTACAAAACAAGGTCGCCGACATTGGTCCCGGTATCACCTGTCATTAACAGCGAATTCCCCAGGCGCTTAAATGCGGAATGACTATCAAAGCTTTCGGTGAATTCCGTTAGATTGAGACCGAGGCGATTTGCCTGTTCCTGGGTGTTGGAATCAGCCATGGCACCGGCGACATCCGGCATGAAGTCAGAACCATCCGTACCGACAGATGCCACCAGCCACTCGCCGGGGATGGTTCTCAATTCCTGGAGAGCGACAAGCGCGTAGTGCTGGTTCCGGCCGCCGGCGCCGGCGGTTAACGGTACCACCGGCGCTGTTTCGCCGCCAAAAACAACGGTATTAAACTCATGATGCTTGCCACCAATGATATCGGCTACAGCCAGGCGCGCAGCGGAGGCAGTTTCCCCGGAAATATATGAAGGCGAAATCCAAACCCGGCGCCCAAGTTCCTTAGCGCGCGCTTTCATAGCCGCCAGAGCCAGTTGATTATCGGCAATTATAAAGTTACGGCAATTCGGGAGGGATTTTGGAGTATCTGGCACACCTCCATCCCTGCCCTTCATAAGGTGGTTTATCACCTTCGGCGGTATCCGCGCAACCAATTTGTGCCTGGAGATTACACCCAAAGCATCATCGAAAGTGGACGTATCCGCCGCCGTCAAACCAGAGGCTATAATGGACGGATCGTTGTCTGAAACGTCTGAAATTATCAGCGAAACCACTTGGGCGGGAAAAAAATGCCGCCCCAGGTTGCCGCCTTTGATCTTTGAGAGGTGTTTTCTTACGACATTGATTTCAGCGATGTCCGCCCCGGACTTAATCAGAATATCGACAGCTTGTTGTTTATCAGACAGGCTTATTTCTGAAGCAGGGCTGGACAGCAAAGCCGAACCGCCGCCTGAAATCAGGCAAACCACCAGATCTTCGCCGTTGATATTGAACCTGTCTCTGAAGCCTGGAATACGTCCAGCGGCCTGAACGCTGCGTTCATCGGGTATCGGATGCCCGGTATTGACTACTTCAACGAGACGTGTCGGATAGTTACCGCTTTTGCCGGCTACCAGACCCGCGCGAATATGGTCAGGAGAGATGATTTTTTCCAGAGAGACTGCCAAAGCCCCGGAGGCTTTACCGCCGCCGACAACGAATAGCCGGCCAGGGATTTGGAATCGGTGGCCGAGAATATCAAGCGTCCGGCTTGACGGATTGAAACTGAGAACCGAGGGCATGACCCGGTCCGGCTGAACGCTCCGGATGCCGGCTTCGATCAAGTCAATGGCAAGCCGCCGCAGAGGAGACAAACCCAGTTCTTCGCCGTTTTTGATTATCATCGGTTTCGCCTCAGGCAGGATTATAATCAAGGGGTGGAGCTTTGATACCTTGTGAGATTGGATGGGGATATTACGGGCCCAGGTTGGGGAAAAATAGTCTTAGATACCCGCCGAGCATAACCATGTCCTGACCCTGCTCGGATAGGCAGAAATCGATGAATTCTTTCACTAATCCAACCGGCTGGCCGTCTGTATAGTAATAAAGGGGGCGGTAGATGGGGAAGATTCCAGCCGAGGTGGTTTCCAAACAGGCTTTTGATGGCTCTTTACCGGCGGTGCGGGCAATCCAGGTCGGCGTCACTTCCTGAGTGACTATGTTGACCGGCGTGAAAAAAACGGCGAACGGGTTTTCAGCCACCAGGTCGTTGCCTTCTTCGGCCGACCTGACGAAGATTACATTTGATCCGAATTCGATGGTTTCATCCGCCGAAGGCAAGCCGTACAGCCGCAATACCTTCGCCTTAAAGAAATCATAAGCCGGGGTGCCAGGCGGCATGGCGTAAACGACTATAGGCTCGTCCAGCCCGCCAAGTTCCTTCCAGTTGACGATTCGGCCGCTGTAAATGCCGGATACCTGCTCCAGCGTCATCAACTCCACCGGATTCCATGGCCAGCGGATAACCGATAGCGCGTCCGAAGCAATTCGGATGCGATTTGATTCGATCCCGGACGCCGTTTCGGCACCGGCCGGTCCCAACCGCGGCATTGACTGGTATATCGCAGCGCCGCGGGACAAAGCGTCAATGCCGGAGGAAGCGTCCTCTACGACCGTTATAACCACCCCGGGATGCAGCTTCATGAATTCGGCCGCCCAAACCCGAGACAAGGGCGCCACCAGCGGGTCGCCGCTAATGGTAAAGGAGCCGGTAAGGTCACTGGATTGGTCAATATGTGGGGCGTCACCGGCGCCGGAATTATTGGAAGGGAGAAACGCCAGGATCATCAATGCCGCAGCCGGTATTATCAGCGGCAGCAAATATTTTTTACTGCTGAACTGCTTCATCACCAGTCTTTAACCCCAAATCCTTTCAACTCGTCGTAAGGCCACTTGGAAAGATCCCTCTGCCACCAGCCTTCACGTTCAGCGTCGCTTTTCTGCCACCCGTAACCGAAAGCCCGGTCCATGCCGGCAAAGAAACCATTTAGCGCCGGTGTCACTGCCGAAGCTGCTCTCACCAGGTTATGAATAGAAGCATCCGGAGGATGGTTGAAGGGGCAGGTCATCTGGCAGTTCGAACAGTCATGCGGCCCGCCCCACTCGGCACACTTCTGCCAGTGCTGATGAAAGCCTTTAAAGCCGCCGCGGTTCCATTGGCCCGCAACTTCCCATGAGGTGTCATCGTCCAGCGATAGGGCGCCCGGCGGGCATACCTCGGCGCAACGTTTGCAGGACTTGCAGAATTCAGTCACACCGGCATCAATCGGCCGGGTCGGCTGGAGCGGCAGGTCGGTTATCGCCCAATCAATGTAACGGATGGACAGGCCGTAATCCGGCGAGCAGCAGTAAGCGGTACGTCCCTGCTCCGCCAGTCCCGAGAACAGGCCGAAAGGCACATTAGCCCGCACTTCCGGCTGCAGCGCCAGGTACCCGAGACCGTGCAGGAAACCAGTGACATTCCAGCGTATCTGAGGAGCGTGCGAATACGAAGCGTTGCGCGAGGCCTGACCAAGTTCAAAGGTTTTGTTGCGGTCAGGCCCGGAATCATCCGTTCTCAAAGCATACTTTGACTGGGGGTAATTCTGCTTGGCAATCCAGGTGAGAATCCAGCGGCAGCGGCTGGGAATATGGTACACACCGGCGGAATCAATATAAGCAGCCGGGATATCTTCCCAGATGGTCGTACCGAGGTCGAACAGTCGCCTGGTATGCTCATTCACCTCAATAGCTCCGACCCGGGGGGCGCCGTAAAAATGTGCCGCCGCCCTCATCATCTGTAGATTGTCTTCCGGAGTCCCCTGCCAGGCCGGCAGACCGCGGTCGACCGGAGACGCGGTGCGGATATTGCCCTGCCAGCCGAGATGCTGCATATTAAAGTTGTCATAGGTGGCTTCATCCAGGGCGATGTCCCGGAGCGTGCCGCCAGGAGTGTTATTGGCAACGTCTCGAATATGCCGGGCGCTGCGTTCGTCAGCCTGCCTTTTCACCAGTGAAAGCGGCAGCATGTATAGCTTCCGGGTATCGTAAGGCTTGAACAGATCCCAATCTACAGGCGTGGTCAGGTCTTCAAAATCCCGGTCTTTCTGCCACCACTTGCGGTAGTGGTGGGTGTCTACCCCAGCGGCGAGTTCATCCAGGTCATGAACCAGCGGACTTCCAGCCGCGGCCAGCGACATACCGGCTCCGGCCAGGCCGAGACCTTTCATGAAATCACGCCTCGAGAGGTTTGAATGGAATTTGCTCATTGGATAACCGATTCTACGCGACCGATACTAACTCATAAAGACTTTATACTAACATTATGTAATATAAACGTTCGGCGGTCAATCCGCCATCATGCTTAGTTTCCATTAGGATAAGATTACCTTCCGAGTGAACTTTGTTTGTAGAATAGAGGCGGGCTTACGCCCGCCTCTATTCTTGTTTTCCGGGCTGGATGCTCCAGCTTGGAAAAGCTTATTTCCGGTAGCCGCCGTCGAAAGAGGTGACGGTCGAGTCCATGCCGAAGACCGGGAAGGAGCGATCCCACCATTCCTCAGCCTTGGGGGATCCACCCTCATGGGTGCCGGCACCATATTCGAATACCTCGCCCATGCGGAAGAAGAAGTTGTTGAGCGGGCCGAACTTAAGGTTGGAGATGGTGCCGCGGATGAGTTCGTGCACCATGGCGCCCTTGTTGGTGGTGAAGGTGCAGTTGCCCCAGCAGACGTTGCAGCCGTCAAGCTCGGTGCGCACCATACGGCAGGCGGCACCGTCAGA
CP159307.1_gap41	1340765	1344183	3418	TGGTAGAACGCCGGGCTGAATCAGGAGGACCCGTCTGCTGCACCGGCATTATCAGCTGCGAGGCGTTTACCCGTTTCGAAATAGATCCGGCGATCGCTCTGCGGGAATTCACCGGAGCCGCAATATTCGCTCCCAACGGAAGACCGGTTCAAGTGCAGCGGGACTCACCCCAGGCGGTTATTGTTGACCGCGGATCCCTTGATGGTTTTTTAACCACCCGGGCAGTGGAATCAGGCGCCAGACTACTTCTAAACACCCGTGCGGAGTCCATAAGAACCGACGATAACCGGGTGATTATCAGCGTTGCTTCATCCGGAGGATCGTACAACCTAACCACGAGAGCGGCGGTAATCGCCTCCGGTTTAGCCCCCGGTCTGCTCCGCAACCTGGGACTCGGTAGAATCAAGGATACTGCGCTCGGTCTTCAGGTGGAAGTGGATACTCCCGAACCGGCTGAAGTCCAACTCTTTCTAGGCCGCCGGTTTGCGCCGGGATTTTTCGGATGGTTGGCACCGATCTCGGATAGAAAAGCAAAATTGGGTTTGTTGACGCGCACGAAGACCGACAACAGCCTGAATGCGTTAGCGGACTTCCTAAGATGCCGGAGGATTATCAACCAAGTATCAGACGACATCCAGTGCCGACCGATACCATTGTCGACACTCCCGAAAACCTTCAGCGACCGGATAATAGTGGTTGGAGATGCCGCGGGCCAGGTGAAATCCACTACCGGCGGCGGCTTGAGCTACGGCATGACCTGCGCCGATATCGCTGCCGACACCATGACGAAGGCGCTATCCATGAACAAACTTGATGCGGCCGCTCTACAGAGCTATGAAAGGGCATGGAAGGCACGGTTAGGCTGGGATTTAAGACTCGGGCGGTTGGCGATGCATGTCTTTCAACAACTCAGCGATCGACAGATTGACCGGTTGATTGAGAGATGCGCCGATAAAAGAGTGTTCGACCGGATGGCGGCCGATGAGAGGCTGACTTTTGACCGCCACGGTGCCGCATTGCTGTCAGCCGGCCGCAGTGTGTGGCCGGCATTACTTTCCATCTAGCCTGGTGCAACCGGGGCTGGATTATTCATCATCGTTGCTGACAGGGGGCGGCGGCGGGCAGGGCTCGTTGCCCGGTTCAGCCTTCTTTTCGGCCGGTTTTCCGTCGATCGAGGATTTGATGGATTTAACTTCAGAATCAACTTCCTGAGTCGCCTTTTTAAAGGAACGGAGCCCCTCGCCCAGAGAGCGGCCGATATCAGGCAGCTTGCCGATCCCAAAGATAGCTATGACAATCACCAGAACGATGATAATTTCCATTGGTCCGATTCGCATGTCAGTCTCCGTGAAAAACGTTATGCAGGCACCGAAGCTACTAACATTATAACATAAGGAAGAAAACGGGTCATTGGCAACGGGCTGCGTTTCCTACCCGTAAATAGGTAGAACTACTAATTGCCAACACCAGGCGGCAGTCTCATAATTGAGTTGAAGACACCCGGCCATAAATAAAGGAGTTCAACGCATGGAATTCAACAAACTGACCCCTCAAGAGGAGCACGTAATTGTTCATAAGGGAACGGAACCGCCGGGCACCGGCAAATTCAATATGTTCTTTAAAAAGGGGGCGTATCGCTGCAGACGGTGCAACGCCCTGCTATTTAAATCCGACGCCAAATTTGATTCCGGTTCAGGGTGGCCAAGTTTCGATGAGGCTATTCCGGGAGCGGTCAAGGAAACGGTTGACTCAGATGGAATAAGAACCGAGATCACCTGCGCCAAATGCGGCGCTCATTTGGGCCACGTTTTCCGGGGCGAACGCAAAACTCCAAAAAACACCCGCCACTGCGTTAACTCGCTGTCGCTCGATTTCATGCCGAGCGTGGAAGAGGGGCAACGTTAATGGAGAGCGCTGTCTTTGGAGGGGGTTGTTTTTGGTGCCTGGAAGCAGTGTTCAGCCGCTTAAAAGGGGTTACAGGGGTTACTTCGGGTTACGCTGGAGGTACCGTAGAAAAACCCACCTATGAACAGGTATGCTCCGGGCGGACCGGCCATGCCGAGGTGGTCAGGATTGAGTACGATGAATCGGTGATTACGTTCAGGGATTTGCTGGAAGTGTTCTTCCGAGCGCATGATCCGACGACGGCGAACCGTCAGGGCGCAGATATCGGCAGCCAGTACCGGTCAATAATTCTGGCCGCCAACCAGTTTCAGGAGAACGAGGCACGAGCTTACATCGAAACACTTGAGACTGCCGGTGAATTTCAAGGCCCGATTGTCACTGAGATTCAGAAACTGAACGTATTTTACCCTGCAGAAACCTACCATCACGATTATTACAGACGCCATTCCGATCAGCCTTATTGCAGAGCAGTAATCGCTCCCAAGGTGGCAAAGTTATTCAAGGACAAGTAGCTTTCCGTGTAAGGAGTTACTGTGGGACAAATCCGCGTCATCAGCCGCAGCGCTACACCGTTCGTTGACCGGCAAGAAGCCGGCCGCTTGTTAGCTGACTCGATGAGTCACCTGATGGGTACTCACGCGGTAGTTCTGGGGATACCGCGCGGCGGCATGGCAGTGGCGGCGGAACTTGCCCGCCGGTTGAGGGCAGAACTCGAAATTGTGCTTTCAAGAAAGCTGAGAGCGCCCGGTCAGCCCGAACTAGCGATGGGAGCGGTATCGGAAGACGGCCACGTGCTTTTAAATGAGGATGTCGTTGAAGCTCTTGATATAAAACCAGATACGATCGAGCGGGAACGGACATTTCAACTCTCCGAAATCGAACGGCGCGGGCGTCTTTTCAGGGGAACTAGGAAACGTGTGCCGATAAGGGGGCGGATTGTAATTGTCACAGATGATGGTGTGGCGACAGGGGCTACTTTCAAGTCGGCACTGGACGCCTGCCGCCACGAAAATCCATCAAGATTGATAGCCGCTCTGCCGGTGGCACCGGAAGGCGCCATTGAAGATATTGCGGCCGCCGCCGACGAACTGATCTGTTTACGGGTACCGCCCTCTTTTAACGCGGTAGGACAGTTCTATGTGAGATTTGAACAACTCGAAGATGAAGACGTCATCAAATTACTTCAACTTGCGACGCCCTGACCAAGCACCCAAAAAAAACCAATCAGGGAGGGCAATTCCAGCGCCCTTCGTGATCCGCATTCTCTCAAATTAACGGCGCCCCCGCCGATGCAACTGCTCCGCCCTGGCCTGTTCCAGTGTAAGGATTTTGCCGGGGTAACCTACGTAACCGCACTGGAAGCATTGGGCGAAGGTACCATATTCGTCAGAATCCTCAAAAAGGTCGCCTTTACCGCACCGGGGACAACTCTTAAAGTGATACACTGTCCTTACCTCCGGTTATTATGTCAGAATCCAATGACCTACTCTTCGGTTGTTCCTGTCTTTGCTTT
CP159307.1_gap42	1532221	1532758	537	TGACGGACGATACCGGCCGGGTCTTTGCTTTGATGCCTCACCCGGAACGGTTTGTCCGAGCCTCCCAGCACCCCGCTTGGACGCGCCGGAACATCGAGGAACCCGGCGCCGGGCTGAGGATTTTCCAGAACGGCGTCGACGCCGCCAGGCGCGGTTGATGCCCCCCGGCCATTTATTTTTCAGCATCAGGGATGTACAATGTTGCCGCATCTTGGAGTAACGCTCGATGAATAAGAATTATTTTCGGCTTGTTTGGCGCCTGACCGCAATTCTTTTAACCTGCGCCCTCGCCTTTTCAGGCTGCGGCGGCGGAGATCCGGCCGCGACCACCAGCCATCCCCCGGCCGTGACGACAAACCCGCCGACAACTGCTCCGACGACCGCAGCCACCACCACGCCGACCACCACGCCGACTACCACGCCTGCCCCGACCACGACTCCGCCGCCATCCATCAACGCCGCAGCTCTATATGCCAGCAGCTGCGCGGCCTGCCACGGCGCCAACCGGCAAGGGGTGATGTCCGGAACCACCGTGCT
CP159307.1_gap43	1536410	1539049	2639	TTGACTTCAATAAAGCGGCCTTGTTCATCGTGGAAGAACACGGCGTCGTTGGAGCTGTTGAACAGCAGACGGTGCTTTTCCTCCGACAGCCTGATCGCTTCTTCGGTTTTTTTCTGTTCAGAGATATCCATTGAAGTAAAAACGATGCCCCTGGAAAGGTCAGCCATATCCAGAGGCGAGGCCGAGAGCAGCATCGGGAAATGACTTCCGTCGCGGCGCCGGGCCGTTATTTCTCCGGTCATTTGACCGCTCGCCTGCAGCCGTGAATACAACTCAGTGCCGACCTTTTCATATTCAGCGTCGCTGTCATATAAAATCCGGGTGCTCCGGCCGATCAACTCTTCCCGGCTGTAGCCCGCCATCTGGTACATAGTTTCGTTGGCTTCTACAATCACCCGCCCGACAGCGACGGCGATGCCCACTGGCGCGGCACGGAATATGGCCGCCAGTTTGGCTTCCCTCTCCTTGAGAGAGGTTTCAAATAGCTTTCTCTCGGTGATGTCCTGAATGGCGAAGACAACGCCCCGTGACAGGTCGTTTTTTTCCAGAACAGCGCCCGATACAATCGCCTGGAAAACCGATCCGTCTTTGCGCCTTACCGGCATCTCCAGGGTAACGCGTCCGGCGCTTTCAAGCCCGGCGTGAAGTTGATCGCCCAGCCTTCGGTAGTCGGTGTCGCTGGAATAAAGGACCCTGGACGAATGGCCAACCAGTTCTTCCCGCTGGTAACCGCACATGTTGCAAGCGGCATCGTTGACCTCCCAGATCACCCGGTCTACTGAAACCACGATGCCTACCGGTTCCGCCTTGAAAATAGCCGCCAGCTCCGCCTCACGCTCTTTGAGTTCGGCCTGTATGCGGCGCCGTTCGGTGATGTCCCTGGTAACGCCCAGGATATGGGAAGGCCGGCCTTCATCTTTGACGACGCTGACGGACACCTCGGTCCAAACAGTGCCGCCGTCTTTTCGCGGCTGCTCTATCTCCAGGTACGCCGGCCCGAGGCTACGGCCGGCATCAGCCGCGGAAATTGCCTGGGCCAACCCCTGGCGCACTACCGCCGCCGAATCAGGGCAAACCGCCTCTTCAATGGATTGCCGCATCACTTCTTCCGGCGTGAAGCCCCGGAGCTGGTAAACAGATGGACTGACGTAGGTAAACCGCCCGTTAAAAGACATGGTCCAAATTACATCTGTGGTTTTTTCCGCCAGCAGCCGGTACCGGTGTTCCGATTCCCGCAGCGCCTCTTCGGCGTTTTTGGCCTGGGTGATGTCCTTGATGACGCCGAAAACGCGGCGCTCGGCGGCGTCATATTCAGCCACCGACTGCACCCAGGCGGTTTGCCCGTCATTGGGGCGCCTGATGCGGAACTCCACATTGTAAGGCTTACCGCCGCCGATCAATTCGGACAGGGCGCGGTCCAGGCCGGTCCGGTACTCCGGCAGCGGCACCGCCTGCACCTGTGACAGCGTCCATTCGGTCCCCTCCAACCCGTATATGATACGGGCGCTTTCCGAGGCGACAACTTTCATCTCATCAAGCAGGATTTCCCAGCGCCCGAAGCCCAGCACTTCACCCATGGCTTCCAGCCGCCGCTGGGCTTGCCTCAGCGACTGTTCCTTCCGATGGCGTTCGACGGCCACGTCAAGCGCCTGCACCAGAGACGCGCCGCCGTCCTTTAGCGCCGCTACTTCGCCGGCGCCGGCTTTGAGGTATTCGGCCGCGGCGGTACCGCCGGATTCGCCGCTTAAGACTACCAGAGGCACCTGAGGCGCCCGTCGGACGGCTGCCCGGACGATATCCAGCGCGGCTCCATCGGCGCCGTTGGTATCCAAGAGGAGCAGGTCGGTGTGCCGGCCGCCCTCGACCGCCTCCAGAGCGGCCTCAATTTGGGACACCGATTCGACAATAAAACGTTCGCCGCCAAATCGCGCCAAAAGGTCGTTGACCTCCCGGGCGCCGGCGGCGAGCGGAGTGATGAGTAGGATTTTTTGTCTGCTGATCGTCATCTTATGCTGTTGGTGCGACCGCTTGGACGAACCGGACAAGCTTTAACCAGCGCCACGGATCCTGGTGCCGATCAGGTACTAGTACCAGAATAAACGCCCCAGTATAAGCTTTATTTACACCTCAGTCAAAAAATGTAATGACCCTGGTTCACGGAAGAAATACGTCCAGGTACCAGTCGATGATAGGCCCGCCCCACAGGAAAGTGATGAAGGTGGTCAGCGCCAGGAACGGCCCGAAGGCGATGGCCTGCCGCCGTTCTTTGCGTTTAAAAGCCAGCAAGCCAACAGCCACCAGGCCGCCAAGAATCCACGACATGATAACCGCGGCGATGACGTTCGGCCAGCCGGTGACCAGCCCGGCGAAGGCGCCCAGTTTGACATCGCCCTCGCCCATGCCGCCTCGGGACAGGATATACACCAGCAGGAAGATGCCGAATCCCGCGGCGCCGCCGATGACGGCATTCAGCAGTGACGGCGCCAGGTCAATCCGGCTGTCTAAAAGGCTGACTCCCAAAGCCATCACTATGGCCGGCAGCAGTATGCCGTTAAGGATGAGCTGGTGTTCCATGTCAATGACGAAGATAACGATGGTGAGTGAGGCATAAATGAGGGCGGCCGCCAGCGTCAGGTTTA
CP159307.1_gap44	1619882	1620479	597	ATGGACACGGTTCAGAAGATCGCCGGGGTCAAAGTTAGCCGCTCGCCTCACGGTGAAATGTCCATGCCGCTTGATCCGCCGGTGATCAAAGGAATCTCCATAACCGAGGCCTGATGTCTCCGGAGATACTAGGCGTTTAATAAATGGCCGATAAAACGATCGTGCAGCTGGCAGTTTTCGAGGCTCCGGCGCGGCGCGTTTTTGAAGCGTTGACGGATTCGGCGCAACATTCGGCTTTCACCGGTGCGGTGGCGTCCATCGACGCCCGGCCCGGCGGCAGCTTCAGCGCCTACGACGGCTACATTAGCGGCAAGTTTCTCGAGCTTGAGCCCGGAGCAAGGTACGTCCAACGGTGGCGGGCTTCTGACTGGCCGGAAAGTGTTTTCTCTACCGTTTCGGTAGAGCTTGGTGAAAAAAGAGGCGTGTCCACTCTAAGGTTCACCCAACAGGGCGTGCCTGAGGCCTTCGCCGAGGAGATTGCCCAAGGCTGGCATGATTTCTACTGGGACCGGCTGCGGCTTTACCTGGAAAAATCTCCCGGACGATAGCGCCGCTACCTGTTCCGCCCCTGAGTATTTGCCCTTCAAACGGCGGACA
CP159307.1_gap45	1623731	1626267	2536	CGATCGGTAGTAATCAAGTACCGGGTAGAAAACCAGGTCAAGACCGACCTCATCCTGCTGAACGGGCAGCCTTCCAGCCTCAGCATTCCGGCGGCCTCCCGCTGGCTGCCCGCCGCCGGGAACAGCGACATCATGGCCCTGGTATCGCCGCGGCTGCTCCCGGCTTACCAGAGCTACGAGGTAACCGCCCGTCTGCCCCAGGTCACCGCCGCTGAACTGGCCGGGGCAGGCGGCGACTATCCGGAATGGATCACCAACCGCTACCTGCAATTACCCAATAATCTGCCGCCTTCGGTGCGCCTCCTGTCACGCCAGTTGACCTACGGCCGGGAAACCGCATATGCCAAGGTTCAGGCGGTTAAGGACTACCTGTCCAGGCTTGGTTACAATGTCGACGGCGCCGATGTCGTCGATGGCGCCGACGGCGTAGCTTTTTTCCTGTCTGCTAAAACTGGCAACTGTGTCAATTTCGCCTCTGCGCTGGTCGTCCTGCTGCGCGAAGCCGGGGTTCCGGCCCGATTCTGCCAGGGTTACCTGGGAACGGAACTGGACGAGTCCGGTAAAAGCCTGGTTATCAGAGGCCGCGACGCCCATGCCTGGGCGGAGGTCTATTTCCCCGGCTTTGGCTGGATCATGGTCGAGGCTACGCCCGGCCGGCCGGCCGACGGCTTCGAGGCTGACGCGCCGATCATCCCCAACCAGGCGCTCCCGCCGGGTGAAGTCTTTCCGTCAAACCCAGGCAGCCAGGCTGACGACATTCTGCCGACCGATGTCGAGAACAGCGACGCCGGTGATTTGGGTTCATCCCTGCCGCCGCTGTTGATCACTGTTTTGCTTCTTGCCGGCGTGGTCCTGGCGGGCGGGGCCGGAGGTATATTCTACCTGTCCCGGGCCAATGACCCCGGCGGCGCTTACCGCCGATTGGCCATCATAGGCAAGCTGTTCCGGCTGCCGCCATGCCCCGCGGACACGCCCCTGGAGTTTGCCCGCCGTTTGAGCGCCCGCCTGCCTTCGGAGACTGTCGGTATCGATAGTGTCGCCGGGTCATATTCCAGGCTCCGCTACGGGCCGGCCAGGACCCGGTCAGAGCAGGACGACGATGGGTTACGGCACCAGTGGCGGCAGTTGAGCCTGCGCCTTATCCGATACAGGCTCAGACTGGCCAGTCCGGAAACTAACCGTCGCGCTTAACCCGATCCGTCGAGCGCGGCGCGGACTCCGGCGGTGAACTTTTCAAGAGACCCAAGCGATGAGTCTTCTTCGATCAGCTTTAAGAGCTTGCTGCCGATAATAACGCCGTCGGCGTAACGGCTGATTGCCGCCGCCTGTCCCGCCGCCGATACGCCAAAACCCACCGCCAGCGGCAGACTGGCCTGCTGCCGTACCTTCTCGACGAAATCGGGCAGGTACTTTGGTACGTCGTCGCGGGCGCCGGTGACCCCGGCCACCGAGGTCAAATAAATAAAACCGCGCGCTTTCTCAGCTACCTGAGCGATACGCGCGGCGGTCGAGGTCGGCGCCAGGAGATATATCAAATCTATGCCATGTTTTAGGGCTGCCGCATCGAGGTCTCCGGACTCGTCCGGCGGCAGGTCCGGCACGATCAAACCGGAAACGCCGGCGGCGGCCGAGTCACGGCAGAAAAGCTCGATTCCGTAGCTCAAAATGGGGTTGTAATAACCCATGAAGACCAGCGGCACATTCAAACCCCGCCGCCTGAGTTCGGCGGCGGTCTCGATGCAATACGCAGCGGTGACTCCATTCTGCAGCGCCCTGAAACTGGCCGCCTGAATGACCGGCCCATCGCCGATGGGATCGGAAAAGGGAACCCCCAGCTCGATGATATCGCAGCCGGCTCTTTCCAAAACAACCGCCGCTTTTAACGTCGTCTCGATGTCCGGATAGCCAACGGTCAGGTAGCCGATGAGCGCCTTGCGCCCACCGCCGAAAGCCCTGGATATATCACTCATCAGCTCACTCCCATAGCCTTCATCACTATATCCATATCTTTATCCCCGCGGCCGGACAGGCATACAAGGATCGTTTGACTCTTGTCGAGCGCCGCCGCCAGCCTGGCCGCCAGGGCGACGGCGTGCGACGATTCCATAGCCGGCAGTATACCCTCGGTCTCCGACAGCAGCCGGAAGGCGACCAGGGCTTCCTCGTCGGTTACCGCCACGTACTCGGCGCGGCCGGAATCTTTCAAAAAGCTGTGCTCCGGCCCGACGCCGGGGTAGTCCAGGCCGGCGGAGATGCTGTGTGTCTCCGCCACCTGGCCGTAGGCGTCCTGCATCAGGTAGGACCGCGCCCCGTGAAGCACCCCGGGCCGCCCGGCGGAAAGGGTAGCGGCATGTCTGCCGGTACCGATGCCGGAGCCGCCAGCCTCAACGCCGATCAGCTTTACCAACGAGTCGCTGATGAAAGGATAGAACAGGCCGATGGAGTTTGAACCGCCGCCGACACAAGCCACGGCGTAGTCCGGGAGTTTTCCGGTGGCGTCGAGCATTTGCGTCCGGGCCTCGCGCCCGATGATCGA
CP159307.1_gap46	1665587	1666584	997	CACCGGCGGCGATCCGCTGGTAATGAAATCGAGGATACTCGCCGCCTATATCAAGCCGCTCCTGGATGCTGAAATACCTCATCTGCGCAATATCCGCATCGGTTCCAAAGCCCTCTCGTACTGGCCGCAGCGGTTCCTGACCGACGATGATTCGTCGGAGCTGCTGAACCTGTTCCGGGAAGTGAAGATCGCCGGCAAACACCTGGCCTTCATGGCTCACTTCAACCATCCGGCTGAACTAAAAGGGGAAGCGGTCAGGGCGGCCATAGACCGTATTAACGATACCGGCGCAATCATCCGGACGCAATCCCCTTTGCTCCAGCACATCAATGATTCGCCTGAGGCTCTGGCGGAGATGTGGCGGGCGCAAGTGGCTCTGGGCTGTGTTCCATATTACTTGTTCATCGCTCGGAATACCGGAGCGCAGCAGTATTTTTCCGTGCCGCTGGTCAAGGCATGGCAGATCTACCGTGAAGCCTATCAGCAGGTCAGCGGTATTTGTCGCACCATACGGGGACCGGTGATGTCATGCCTTCCCGGCAAGATTCAGGTACTGGGCGCGGCGGAAGTTCAAGGGCGGAAAGTAATGGCTTTCCGCATGATCCAGGGCCGGAATCCGGACTGGATCGGCCGGCCGTTCTTCAGTGAATACGACGACAGCGCGGTCTGGTACCGCGACTTGAAGCCAGCCTTTGGCGACAGCAGGTTCTTTTTCCAGGACGAACTGGACGGGATGATGACTGCCGCCGCTGAGTGCGAGGCTGATAATCTGGAGTGACTGAAAAGCTGACGGCTGATGGCTGAAAGCTGATATACTTAGATATGCTCCGCTTCGGCACCGCCGGTATCCCGGCCTCCACCAAAGCCACCGGCGATACCGTGGCCGGCCTGAAGCGCGTCGCTGAACTTGGTCTTTCCGGAATGGAGATCGAGTTCGTCCGCGGTATCTATTTGAAGGACAACACCGCCGCGCCGGTGGCCTATGTCGCCAGGAAAC
CP159307.1_gap47	1675598	1678438	2840	CAGCTCCTTCATCAATGAACGCCCCGGCTCGGGACTGGTTTCCAACGAACGCCTGGAATTCCTGGGCGATGCCGTGCTTGGCCTGTACATCGCCGAAAAGCTTTACCTTGATTTCCCGAATGCCGATGAAGGCGAACTCACCCGGTTCCGCTCTCTCCTGGTGCGGCGGGAAACCCTGACCCGCCTGGCGGTCTCGCTGGACCTGGGCGCTTTCCTTTATCTGGGCCGCGGCGAGGAGCAAAGCGGCGGCCGCGCCAAGCCGGCCAACCTGTCGCGGGCTTTGGAAGCGGTAATTGCGGCGGTATACCTTGACCAGGGTTGTGACCGCGCCGCCCGTTTCATCCATCGTCTGTTTGCCGGAGAACTCGAGCGCATCGAGACGCTGGCGAGCGTCGCCGACTCAAAAAGCAGGCTGCAGGAGATTATTCAAGCCAGGTTTCAGGCGACCCCGGCTTACACAGTCGTTGATGTTTCCGATGGCGACGAATCGGCGTTCAACGCCGAGGTCCGGGTTAAATCTTCATATCTGGGTTCCGGCCGGGGCCGCAGCAAAAAAGAAGCTGAAGCCCACGCCGCCCGCCAGGCGATTGCGGCGCTGGAAAATTCTTTACACCCCGGCGGTCCTTTGTTAAACTTGGATTCGAAATAAACCATTATACGAGGCAAACGCCATGGGACAGAGAGATAAAGGCGGCCGCGAACAGAAAAAAGTCAGGAAGGACGCCTCCAAACCGGTCGTCAGCAGCCAGTTCACCCCTCCGCCGCCGCCGGTTGAAGTCATCAAAAAAGGCAAGAAACTCAAGGGCGAATAACCATCAATCGGCCGTTATCCGCATCCAAAGAAGCGGCAGTGCGCCTGATTTTCGGCGGACGGGTGCAGGGCGTGAACTTCCGGGATTTCACCCGCCGTCAGGCTGAGGAACACCATCTGGTCGGTTGTGTCAGGAATCTGGAAGACGGCACCGTCCAGGTGATAGCCGAGGGCCAGCGCCCGGACATCCTGCACTTTATTGAGCAACTGATGTCGGGGCCACCCCATGCCGCCGTCAACTCGGTGGATACCCAGTGGATCAAGCCTTCAGGCGACTTTACCGATTTCTCTGTCCGCTACTGACCCGCCCGTCAGACCCTTTCAAGTTCCCTGTCATCCAATCCCTGGATTCAGCGTTTGTTCGCCAGTGATCTTAAACGCTATAATTTAACGACATGAAGACCGCCTGGTTCTACCCGCTGGTGCGCCTGACCGCCCGGACCGCTTTCTTACTGACCAGAGTTAAAGTGACCGGCAGGGAATACTTCCCCAAAACCGGGCCGGTTATCGTCTGCGCCAATCATATCAATTCTGCTGACCCGCCTCTTTTAGGGCTGCAGGTGCCGCGCAACCCCGTCTTTTTCTTGGCAAAAAAAGAACTTTTTCACAACAAGTTTTTCGGCCGCGTCCTCAGAGGCTCGGGGGCTATTCCTCTCAACCGGGCCGGGGTTTCCGGCGGCAGCATTAAGCTGGCGCGTCAGGTCCTCGACCATGGCGGCGCCCTGATTATCTTTCCGGAAGGCAAGCGCAATCCCGACGGCCGGCTTTCCAGCGCCCAGCCCGGCGCCGCTTACCTCGCCGCCTCGTTCGGAGTGCCCATTGTTCCGGCTGCCATCACCGGGACGGAAACGGTCAGCGGCCGCTGGTGGTTTTTAAAAACACGCACGGTGACCATTGCTTTCGGCCGGTCTTTCCGGCTCACCGAAGCGGATGTGCAGATTGAAAAAGACGATCTCGGCGGTCACGGGGACCGGATCATGGAGGCCGTCGCCGAACTTTTACCGCCGTCATACCGCGGAGTTTACGGTAACGTCCGGCAATGAGGATTGAACGCGCCGAAGGCCTGGGTTTCTGCTTCGGCGTCAAGCGTGCCCTGGCGATCCTGGAGGACGTCGCCCGTCAAAAAGGCGGCGTGGAAACCCTTGGAGCCTTAGTCCATAACCAGCAGGTCATGTCCCGTCTAAACGGTCTGGGAGTCCGTGTCGTCAAAGACGTCGCCGAGATCGCCGGCGATACCGTCGTTATCAGTTCCCACGGAGTCGGGCCGAAAGTGTTGTCCGCCATTAAATCTAGAGGCATCGGCATCGTCGACACCACCTGCCCCTTCGTGCAGCGCGCCCAGACGGCAGCCCGCCGCCTGTCGGAGGCTGGTTTCTTTACCGTTATCTACGGAGATGTCAACCACCCGGAGGTAAAGGGTATCCTGGGCTGGGCCGAAGGCAAGGGCATCGCCACCCTGTCGGCTGGCGACCTCGATAAAATCGAGCTGCCGCGGCACATCGGCCTCCTGTCCCAGACCACCCAGGTGCCGGCGCGGTTCATCGACTTCGTTAAGACGATTACGGAACGGGCACTGGTTAAAGACGCTGAACTCCGGCTGGTGGACACCGTCTGCCACGACATCCGGCAGCGCCAGGCCGCCGCCCTAGACCTTGCGCGCCGGGCTGACCTGATGCTGGTCATCGGCGGGCACCACTCGGCCAACACCCGCCATCTGGTGGACCTGTGCTCGCCGCACACCGAGACCCACCTGATAGAGACCGCCGCCGAGATCAATTCGGGTTGGCTTGCGGGCAAAGACCTTATCGGCGTCACCGCCGGCGCCTCGACCGCGCCTGAGACTATCGATGCCGTGGTACGCCGGTTGGAAAAACCGGCTCCCCGGTAATTGCTAGGAAACCTGAAAAACGGCTTTGCCTCGGTTCTTGATACCGAATCCGGCTCACCCGCCCTGAGCCACCGCGATTCCGAGTTGCCGGGCGCGTTCCTGTCTATCGGAAGAAGTCATGCTGGCCAGCAGCCAATCGCC
CP159307.1_gap48	1702778	1707761	4983	ATACTGGGCTATACCCCTCGCCTGCTGCTGGCTTCGTTTTCCGGTTATCTTATCGGCAGCTTCGCCAACGCCGCCGTCATGTCGAAGATGAAGCTCTTAACCCGCGGCCGGCACCTGTGGAGCCGCACTATCGGCTCGACCGTCGTCGGCGAAGGGCTGGATTCGATGGTCTTCATCACCATCGCCTTCATCGGCACCCCGGCTTTCGCCCCTGTTTTCATTCTTTACCACTGGGCGGCCAAGACGCTTATCGAGGTGGCGGCGACACCGCTGACCTACGCCGTGGTCAATTACCTGAAAGGCGCGGAGAAAATTGACGTCTACGACGCCGGTATCAGCCTCAATCCCTTCACCCTGAAGGAAGCCCGGCGTTGAAAGTGCGCTTCCTGGGTGCCCACAACTGCGAGACCGACGCCGCCGGCATGATGTGCCTGCTCGTTGACAGCCGGATCGTGCTTGACGCCGGCGCCCTGACCCGCAACCTGCCGCTTGATGCCCAGTTCGGCATCCAGGCGGTGCTCCTGACCCACGGCCACTACGACCACTTCCGGGACATCCCGATGCTCGGCATGAACCTCTTCCTCAACGGCCGGAGCGTGGACGTCTATGGGTCTGATGACGCCCGGCGCGCCCTGGCGGAGCACGTCCTGAACGGCGGCATTTATTCCCGTTTTTTTGACCATCCGGAGGGCAGCCCGACGCTTCGGTATCATGTCGTCGAACCCGGAACCTCTTTCCAGCTGGGTGATTATGAAATCCTGCCGGTAGCTTTACCGCACCCGGTGCCGGTGCTCGGCTACCAGCTGACCGACGCTTCCGGGCGCAGGTTCTTTTATTCCGGCGACACCGGAGCCGGCCTTTCCGCATGTTTCGGCGATATTGACCCTCACCTCATGGCCATCGACGTCACCGCGCCCTCGCGCTATACCGCCTTTTTTGCCGCCCGGAATCAGCACCTGACCCCGGAGACCCTGGCCGCTGAGCTCGAAGCCTTCAAAAAGCTGAAAGGTCATTTGCCCCCCGTGGTTTGCGTACACATGAACCCCCACGGCGAGGCCGAAATAGCCGCTGAGATTGAACGCCTCTCCGCTGAGCTGGGCTCGCCCGTCTATCTCGCTCACGAGGGGCTGACGCTCTCGGTCTAGACGCGGGCGTTGACCGCCGACTTTGGCGCTGTTACACTCATCCCATGAAACTCGTCACCGCCGCCGAAATGCGCCGGCTTGAACAGGAGGCCGCCGCCGGGGGTGTCTCCGCAGCCGAACTGATGCAGCGCGCCGGCCGGGAAGCGGCCGATAAGATCGCCGCGCTTTTCGAGCCTGCCGCCGGCAAACGGGTCGTCGTCCTGGTCGGTCCGGGCAACAACGGCGGCGACGGTCTGGTCGCCGCTCGCCATCTAAAAACCGCCGGCGTTCTGACCGATATTTACCTGCTGTCTCCCCGCGGCTCGGACGACATTGTCCTGCGGGAGGCCGTGACCGCCGGCCTGTCGCCGCTTGAAGCCCGTTATGATGTTGGCTTCGAGCGCTTGAGAGCCGCTCTTGAGGAAGCGGATGTTGTCCTGGATGCCGTTTTCGGCACCGGGCTGGGCAGAAGCATCAGCGGCGCCCCGGCGGCCGCTCTGGCGCTGGTCGCGGAAGCCTGCGCCCGCCGCCCGGAGATAACCGTCGTCGCCCTCGACCTGCCGTCCGGCCTCGATGCCGACACCGGAGCTATTGACCCGTCGGCTGTCCGGGCGGATTTCACTATCACCCTGGGATACGCCAAGCGCGGTTTCTTCCTGTTTCCCGGCGCCGGTTACACCGGCGAGGTTCTGGTCGCCGATATCGGGCTGCCGGAAGAATCCGGCGCCGCCCTCAATACTGAAGTCCTCGACGAGCATCTGATTCTTGATCTACTCCCCGACCGGCCGGCCGATGCCCACAAAGGCACCTTCGGTAAAGTGCTGGTGGCCGCCGGTTCGCCGGAGTATGCCGGCGCTGCCGTCCTGGCCTGCCAGGCGGCCGGCCGGGCTGGCGCCGGCCTGGTAACTCTGGCCGCCGGTAAAAGCCTGTACCCCGTCCTGGCTTCCCGGCTGACCGAAACCACTCACCTAATCCTGCCGCAGACAGCGGATGGCGGCCTGGCGCCAGGCGCTGAAGAATTGATCGCCGGCCGGTTGAAAGAATTCCCCGCCGCCGTCATCGGGCCCGGCCTGGGGCAGTCGCTATCTGCCGCCGCTTTTACCCGTGCCCTGCTGGCGGCGCTGTCCCGGCCTGAAAACCGCGCTTTACGCTTCGCCGCCGTCCTGGACGCCGACGCCTTAAATATATTGTCGCTGGAATCCGAGTGGTGGCAGAAAGTGGATTTCCCGGCCGTGCTTACCCCCCATCCGGGCGAAATGGCCCGCCTGGCCGGGCTGGCCGCCGCCCGGGTGCAAAGCGACCGGATCGAGCTGGCGCGCCGCTGCGCCGGGCTGTGGCGGCAGGTCGTCGTCCTGAAAGGGGCTCATACCGTCATCGCTTCACCCGACGGCCGGGTGGCGGTGGCTCCCAACGCCAACCCCGCTTTAGCCACCGCCGGCACCGGCGATGTCCTGACAGGCATCATCGGCGGGCTGCTGGCCCAGGGGCTGGCGCCGTTCGATGCCGCCCGCGCCGGGGTATACATCCATGCCATGGCCGCTGAGTCGGTCCGCGCCGCGCTGGGTGACTGCGGCGCCGTCGCCTCGGACCTGCTGCCCCACATCCCCCGGTCATTCAAAGCGCTCAAGGAGCACGACCATGCTGCTTGTCATTGACATAGGCAACACCACTATTTCGCTCGGGGTGTTTGACGGCGACCGGCTGGCCGCCAGCCTGAGGGTGGCCACCGTGCTGCAGAAATTGCCGGATGAATACGCCTCGCTGCTGCTCCACCTGCTGCAGCTTAACGGCATCGACCCCAAATCGGTTGATAAGGTCGCCGTCTGTTCGGTAGTCCCGCCGCTGACCGGCGCTTTTGAGGAACTCTGTAACAAATATTTCCATACCGAACCTCTGACCATCGGCACCGGCACCCGGACCGGCGTCAAGATCCGAATGGACAACCCGCGGGAAGTCGGCGCCGACCGCATCGTCAACGCCGCCGCCGCTTTCCAGCTTTATAAAACCGCCTGCATCGTCGTCGACCTGGGCACCGGCACCACCTTCGACACCGTTTCGGCCAGCGGCGAGTTTATCGGCGGCGCCATCGCCCCGGGCATCGGCATCGCCGCCGAAGCCCTGACCGCCCGGACCTCGATGCTGCCGCGCATTGAGCTTCAGCGGCCGGAGCGGGCCATCGGCACCTCCACTGTGAAAGCGATGCAGTCCGGCATGGTCTTCGGCTACCTCGGGCTGGTGGAAAGCATTGTAAGCCGCATTCAGGCCGAACTGCCGTCCAAAGCCCTGGTCATCGCCACCGGCGGCTACGCCGGCCTCCTCGCCGCCGAAACGGGCATCTTCGACGCCGTCGCCCCTGACCTCACTCTGTACGGCCTGCGGCTGATCTATTACATGAACCGGGCTTGACGCGTTTCAGGTTGGGCGCAGGCCGATGCGGCTTTTTCAGAATACTGCGAACGGCGAGAAAAATATAAGGGTTGGGATTTCACTTTGATTCTTATTATTGACGACTACCTCTTTCTGGCCGGGGGCCTCATCGCCGTAGCCTGGGGTATGGCCCATTTTTTCCTGAGACGCCCGACGGTCTCGCGTTTTTGGGTTGTCGAAGGCTTATTCCTGGCAACCGCTGGCGCCGCCGTCATCTTCACCGTCTCCCAATACGGGACGGAGAATACCGGTGTCAGGGTCGTCACCTGGCTGGCCGCGTCGGTGACGCTGGCGTTCGGCGCCTTCAACCTGATGAACAGCCTCAGGACTGGCGCGCTTCAAGCCAGGCTGGGCGGGGTCCTCGGCCTGGTGTCAGGAGCCTTATTGGTCGCCGGCAGCATCATCAATTCCTGACGCTGATTTGACAATTCCGAGATTTGTAGTATTTTAATATCGCTTACTCCGGAATTGGAGGCAGGATGATCATCACTTTGGCCGCCGCCGTGCTGTCCATCGCCTGGGGATTACTCCGGGTCATGAAAAGGACGGCGTCGGCAACCCAGCAGGGCATCGGCCTGACCGCCATTATCATCGGCATGATCGTCGCCCTGATCGCCAACCTGACCGATCTCAGTCCCTCAGCCGTCACCGCCGTCGCCCTGATCGCCGCCGCTGGCATGCTGGTGCTGGCGGTGTTTGCCGTCCGGGCCATGAAACGGCCGGAAGGCGGCGCCACCAATATTGACCTGGCGGTGATCATGGTCATCATCTTCAGTTTCATTGTCGGCGGCGTTTTCCACGGCTGACCGCCTGACTTTCCTTTTGCTCGGTGGGGGGGCGGGAGGTTCAGGAGTCTGTAATCTAAACTATGTTCAAAGAAAAGACCATCGTTCTGGGCATCACCGGCTCGGTAGCCGCCTATAAGGCCGCCGACCTGGCTTCCAGGCTGGTCCAGGCCGGCGCGGCGGTTGAAGTCATCATGACCGAATCGGCCCAAAAGTTCATCGCCCCCCTCACTCTGCGGGCCCTGACCAACCGTCAGCCGGTGACTTCGATGTGGCAGGACGCCAATAAGTTCTCCATCGAGCATGTCTCCCTGGCCGATGCCGCTGACGCTGTCCTCATCGCCCCGGCTACCGCCAACACCATCGCCAGACTAGCCTGCGGCCTGGCGGACGATATTCTGTCTTCGACCGTACTGGCAACCAGGGCGCCGGTCATCATCGCCCCGGCCATGAACTGCAACATGTATGAGAACGCGGCCACCCAGGCCAATATCGCGGCGCTGAAGTCCAGGGGCTTCACCTTCGTCGAACCCGAATCCGGCCGTCTGGCCTGCGGCGCCGAGGGCAAAGGCAGATTGGCTGCCGCCGAGGTAATCCTCGCGGCGCTCGATGCCGTTCTTAATCGGAAAAATGACCTTGCCGGCCGG
CP159307.1_gap49	1715165	1719846	4681	ATTGACACGCCGCAGGGTTCTGTGGTACTTATAGACACCGCTGGAATCAGGCGGCGCGGCCGGGTAGAACCTGGCGTCGAAGAGTACAGCGTCATCCGCTCTTTGAACGCCATTGACCGCGCCGATATCGTCCTCGTGGTATTGGACGCCATTGAACCGGCTACTTCTCAAGACACTCATATCGCCGGTTACGCCAGGGACCAAGACCGGGGTCTCATACTTGTCGTCAACAAGATCGACCTGTTGGAAAACAAAGATATGACCGAATTCGACCGGAATATGGCGGCGCGGTTCAAGTTTATCCCCTATGCCCAGCGCCTTTACCTTTCCGCCCGCACCGGCGACGGCATTGACCGCGTCATCCCTGCCGCGTTCGACATCCAAGCCCAACGCAGCCACCGCATCCCTACGCCTGAACTCAACAGCCTGGTCCGCCAGGCGCTGGCCAAACATTCCCCTCCCAGTGCCGGCGGCAAGCTTTTAAAAGTGTTGTACGCCACCCAGGTGGGTGTTTGTCCGCCTGAGATCGTCTTCTTCGTTAACGATCCTAAACTGGTTCATTTCTCTTTTCAGCGTTTCCTGGAGAACCGGCTGAGAGAAGTCTTCGGTTTCTCAGGTACGCCGATCAAGTTCACGTTCAAATCCAGAGGTGAATAATCAATGCTGGTGACTGAACTCGTCCTTGTGACCATGGCCGCCTATCTCATCGGCAGCATCCCGTTCGGCTACCTCATCGCTCGCCGCAAGGCTAAGATTGACATCACCTCTTTCGGCAGCGGCCGCATCGGCGCCACCAACGTCCTGCGAACCCTTGGCCGTAAAATGGCAGCCCTCGTAGCCTTGCTCGATGTACTGAAAGGAGTCGCCGCCGTCCTCCTGGCCGGAGCCGTAATCGGGCACGATTACGTCCTGGTAGGCGATTATCACCTGGGCATCCTGGCCGCCCAGGTAGCCGCCGCCCTGGCAGCGGTTGCCGGTCATATCTTTCCGGTCTTCAATCACTTCAAAGGCGGCCGCGGCGTGGCCACCTTCTTCGGGGGTTTCATCGCCCTCTATCCTCTGGCGGCCGTTTTCGGCGGGGAGGTTTTCATAATCAGCGTCGGATTGACCGGATTTGCCTCCCTGGGCAGTATAGCCGGCGTTGCCGGCGCCTATGCCATGATGATCCCCTTGTCGCTTCACTCCGGCATCCCTATGGAGTACCTGGTCTACTCACTTATCGGCTCAACAGTCGTCATCTTCATGCACCGCGACAATATCCAGAGACTGATCGCCGGTAAAGAGCGCCGCATCAACGAAAAAGCTCACTAGATGCGCTGTAGTTCGACCCCTCCGGGATGGTTAAAATATGACTAGAATCGCCGTTGTCGGCGCAACCACCTGGGGCATTACTCTCGCCTCGGTACTGGCGCGCAAGGACGTCGACCTCAGGATACTAGCCCGCACCGAGGACGAAGCGGCTATGACCAGCGCCAGCGTCTTCCGGGCTCCCAGGCTGCCAGAGGGCTTTGTTCTGCCTAAAGGCATTTCGGTCACCGCCAATAGCGCAGAGGCTCTCCAGAACACTGACGCCATCATCGTAGCTGTTCCGTCTCAGTCGATGCGCCGCAATATGAAGTTGATTGCCCCGCACATCGGCAAGCGTACCCTGATCATCAGCGCCGCCAAAGGCCTCGAGGTTGAGACTGGCAAGCGCATGTCAGAGATCATCGCCGAAGAAACCAGGAAAGATATCCATGACAACATCACCGTGCTGTCCGGTCCGAACCTGGCATGGGAAATACTGGCCGGCCGGCCGGCGGTGACAGTGATCGCCGCTGAAAAAGAATCGCGGGCCCGACGCGGCGCTAAGCTCATGACAGTGCCGAATTTCTGCGCCTTCACCAACACCGATATGATCGGGGTTGAGTTGGGTGGAGCCTTAAAAAACATCATCGCCCTTGGGGCCGGTATTGTCGACGGACTCGGCTACGGCGACAATACAAAGGCAGCCCTAATGACCAGAGGTTTAACTGAGATCACCGCCCTCGGTACCGCCCTTGGCGCCAACCCGCTGACCCTGGCCGGGCTGGCAGGACAGGGTGACCTGATCGCTACCTGTTCCAGCAATCTGTCGCGGAATCATCAGGTCGGCGCACGCCTGACCCGGGGCGAATCGCTGGAGCATATCCAAGCAACCATGAACGGCATCGCCGAAGGGGTGACGACGACCCTCGTCGCCTGGAAACTGGCGCAGCAGTTGGGCATCGAGATGCCGATTACCGAGAGGCTATACCGGGTGCTTTACCACGGCGATGACGTTCAGGCCACGGCTAAGGAGTTGATGGCGGCAGCCGCCACCCACGAACTCGCCGGCCGGAAATGGGGCTTGTTCAGCCTCTTTCGCCGCCGGAAGAAGCCGGAAATAGCCTTCTGACATATCCTCCGAATACCGCAGAGGCTGTTACTTCGCAGCCTCGTCAGCCGTTTCGACAGACGTACCCAGCGTAACGCCGAGCTCTTCCAGCAACTGCTTTTGGCGCCGCGTCAGCTTCTCCGGAGTAACCACTTTAATCTCCACCCATTCATCGCCCTGGGCCGATGGTCGGTTCAGCAGCGGCATGCCTTTGCCCTTCAGGCGGATGACCTTGCCGGTTTGTGTCCCGGACGGCACTTTGAGCTTGGCCGGGCCGAAGAGTGTCGGAACGTCAAGTTCAGTACCCAGCGCCGCCTGGGAAAAATTAAGTGGTAGTTCATATATGATATTATCGCCATCCCTGCGGAACAGCTTGTGCGGCATCAGCGCAACGGTAACGTACAGGTCACCGGCTCCGCCGCCCCGGTCGCCGAGATTGCCCGCCCCGGAAATGCGGATCTGGTTGCCGTTATCGATGCCCGGTGGTATCTTGACGCTGATAGTGCGTGAATTGCGTTCTCGACCGATCCCCTTGCACTTGGGACAGGGGTCGTTGATGACTTGACCTTCGCCGCGGCAACGGGTGCAGGTGACAACGTTGGTGAACCTTCCGAAAACACTGCGCTGCACCTGATAAACTTTTCCCTGGCCGCCGCATTCGGGACATTTGGTCGGCGAAGAACCTTCCTTGGCGCCTGTGCCCTTGCACACTTCACAAGCTTCTATACGCTGAATATTGATCTCTTTCTCTATCCCAGTAGAAGCCTCCTCCAGCGTAACAGACACCCTGTAATTAAGATCGGTGCCACGCCTGGGCGATTGGCGCCCCTGCCCGCCCATACCGCCGAAAAAGGTTTCAAAGATTTCCCCCAGACCTCCGAAACCGGCAAAGTCCTCAAAGCCCCCCGCCCCTCCACCAAACGGGCCGCCAGCGGCTCCGGCATGACCGAAGCGGTCGTAGGCAGCGCGCTTATTGCCGTCGCAAAGCACTGAATAAGCCTCATTAATCTCTTTAAACTTAGCCTCTGCATCGGCCTCTTTGTTGCGATCCGGATGGTACTGAAAAGCAAGCTTGCGGAAAGCCTTTTTGATATCTTCATCGGAAGCGCCGTGAGCCACTCCCAGCACTTCATAATAGTCACGCTTTGCAGCCATAAACGGTGCCCCTCAAACTGGCAGATTAACAAACTATTGTATCGCGTTTCAGCGAAAAATGCCATTGACAAACGCAGCCGGAACCTAATGCCAGTCCTTGGACGGCGGCGCCTTCTCCAGAGCGGAAAATGACCTGACCTCTGCCACCACCACATTGTGAGCGCCATCCCGCCGCGACACCCTGCCTCTGACCAGCAGGAAAGGGGATTTAAATCTCTGCTCCGCTCGCTCATAGACTCCCGGAAAAACCATGAGCGGCACGTGGCCGAACTCGTCCTCCAGAGTGATGAAGACCACCCTCCGGTGCGGGCGCTGACGCCGGATGACCATGCCGGCAACGGTAACCTCCGACCCATCGACAAGTTGGGCGATATCGCGGCTGGTAGCCACCTGGTTAGTGAACCGCGGCCGCAGACAGGCCATGATATGCCCCGAAGGGAAGAGTCCCATGGTGCCGTATTCCTCCTGCATCTGCTCCCAGGCGGTCATAGCCGATAGTTCGGTCATATCCTGGGCCGCTGGCAGCGGCAGGAAAAGCTGCGAGTTTACCGGCCGGTATTTCAGACCGACTTCCCATTTTACCTTACGCCTGTTCGATTCAAGACCGTCAAAGGCCCCCGCGGCCGCCAGCGCCAGCGCCGCTTCCTCAAGCACGGCGCTGCGCGCCAGGAAATCCCCGACATCCGCATAATACCCGCCCCTGGCACGTTCATCGAGGATCGCCCTGGCAGATGACTCCCCCACCCCGCCAACATGAAGCAAACCCAGCCGGAGGGCATCGTTTTCAACGACGCTGAGGGCCTCGCTGCGGTTGATGTCGGGATTGAGCACCGCCACGCTGTGCCGCCGGGCATCTTCCTTTAAGGTCTCGAGGTTATAGAAGCCCATAGGCTGCTGGTTGAATATAGCAGCAAAGAACTCCAGCGGGTAATAGAGTTTCAGCCAGGCCGCCTGAAAGGCGGTCACTCCGAAGGCAAAGGCATGCGACTCCGGAAACATATACTGGCCGTTGAATTTTTGCCACACTTTTTCGGCGGAAGTTTCATCAACGCCACGCTTGGCGGCACCTGAGATGAACTTTTCATGATAGCGATCCAGCATCGCCTCATTGTGGCGGCGTCCGAAGGCGCG
CP159307.1_gap50	1721017	1724194	3177	CGCGCCCTGACCTCGGAGGTAACGGCACCGTAACGCCTGATCGCCGCTTCGAGACATAACTGCTCGAGGTAATCATCGGGGCTCAGGCCGCCTGGGGGACAGTAGTCAGGAAAGGTATAGCCCAGATCGCTAGCCAAATCAAAACGGCAGCGTTCAGCTATCTTGACCGTGTTAGTCACCGCCTCCGGGCAGCCACTGAAAAGACCTTCAATCTGGGCCGCCGGCCGCAGATAGAATTCCGAATTCGGCCGCCGTTCCCGATGGCTGTCCTCCAGGCTCTTGCAGGCGCTGACCGCCGCCAGGCAGTCCTGCAGGCGGTGGCGCTCTTGCATATGGTAATGGACATTTCCGGTGGCGACCACCTGAGCTCCGGCCTCCCGGGCGATGGCCAGGAGCGCTCTATTGCGGGCGGCGTCGCCATAGGCCAGGTTGTGCTGCAGTTCGATAAAGTAATTATCAGCGCCGAACCAGTCGAGGTACAGACGCACCAGCGTCCTCGCCTCGTTGACGCGCCCCGCCGCGGCGAGCCGGGATAATTCGCTTTTTGGGCATCCCGACAGGCAGATGAGCCCCGCGGCATGAGCGCCGATAACCTCCGGCGGCAGTTCCGGTTCGGCACGATCCGGCGCCTCGCGGGCGGCGGTAATAAGGCGGCACAGGTTGCGATAGCCGTCCCGGTCTTTAGCCAGGAGCGTCAGGTGGTAACCGCCCCTCAGGGTCAGCTCGGTGCCGACGATTCCCGGGAGCTCCAGTGATTTAGACAGGTGAGCAAAGCGCATGGCGCCGCAGAGATTGTCGTGATCCGTCACCGCGAGGGCAGAGTAACCAAGCTCCTTCGATCGGGCAAGCAACTCCTCCAGCGATGATGCGCCGTCTTGGAAAGAATAGTAACTGTGGCAATGAAGTTCAGCGTAAGGCATAGAACTCAAATATTTTTAGGAAACGAATCCTCCCCTGCCAACTTCAACCCAACGAGGGATTCGTTTTACAGAACGAAGGGTTTCCATTAGCAATCGTGTAAAAACCGAACCCTGCCGACCGGCATCATTAGTAGCTCTGGTGATACCATTTACCGTCTATCAGGTCCTTGAAAACCGTCACCCGCCGCCCGCTGCCAAGGATGACAGCATAGTACATCCGGGACAGCGCCCGCGCCCGCCACCATTCGTCGTCCACCCGCCAGAGGTCTTCGATGGCGGCGACCGGAAGGCGGCGGCCGAGAGCCACCATCAATGGGCGGCCGGCAGCATCCTCCTCGACGGCGACCGGTTCCGGCAGGTTTACCGGCCTAATGGTGTCAGCACGTAGCGTCTTTCCGGTATCCGGGACCACGGTTCGACCTCCTTCATCTTGTAAAGCTGCGGCGCGCCCATTTTGAGCTCCAGCTGGCGGATATCATCCAGCAGCTTCTCATCCGACCTGACGTCGGTGAAAATGTTGTCCTGTTGTCCCGCCGGCCGGCCGATACGAACAAGTCTAATGCCCAGTTCCTCAACCGGGCCGGGCTGCAGGCAGCATTCCATGACCTGCCTGACCCGCACCATCGCAGAGCGGCAATTCATGGCCGGCTCCTTGAAATGAACAAGCTTCTGCCAATGCTCATCGAGGCTGGTGCGGCTCCATAATTCAACGCTTCTCATGCCGAGGCCCTGATGATTGAAGCGGGCGAAAGCGCGATAGAGCAGCGATTCAACGGCCATGAGAATAACGTCAAGCGATGCCGAAGGGGAAGGCAGGCTGGTGCTTTCTTCAATTATTTCCTCCGATTGCCGCGGACAAAGCGGCGTGCTGTCGCATCCGGCTGCCAGTTCACCGAGGCGCCGGCCCTCCGGCCCGAATTGGGCCTCCAGCTTAAACAGCGGAATCTCAGCCACTTTGCCCATGGTATGAAGCCCAAAATCGTGCAGCCGGGCCTTGATCTTAGGCGACACCGGCAGCAAATCACAGGAAAGGTCCCTGAGCCAATCCGTCTCATTGCCGATGGCGCGGCAGCCGCCGCTCGGACCAGTCGCAGCCGCCAGGCAGGCCGGGAATTTCCCCCCGGCGATGCCGATGCCAGCCTCAAACCCGGGAGGCACCGCCTCCCTGACCATAGCGGTAAGGGCGTCGTCATCTGGGTAAAGCAACCCGAGGCCGTCGCAGCCAAGGTAAGCCTCTCCCAGCACAGTTCCCTCAACCAGCGGGCTGACCTTCTCCAGAGCGTCCAGCACCCCGTTCCAAATCCGCCAATAATGCGGCATGTCAGCGTGCAGTATCTCCAATCCGCCGTGCCGCGAAAGTGCCTGCGGCAGGGGCATATCCCGTTCCAGTCCTTCCAGTCCAGGGGTGAAATCGAGCAGGCGGCGCCGCGAGCCGAGCGAATAGGCCACCGCCACCGCGCGTCCGGCAAGGTCATGACGGCGCAGCACTTCGCAGCGAAGCGGAAAATGGGGCAGCAGAACACACAGCAGCTTCACTCAACCACCACCAGACTTATTCTTCTCCTGAAAGAACCACTTCTAGCTTGACGCCGACCGCTGGCAGGAAGAAGAGATAAAAGAAAAATCATACACCGCCTCGCAGCATACTAGTTCAAGTGTTCTATCATTGTAATAGAACACTTGTACGTTGTCAAGGGGATCCCGATGATTGTTATTGGGCGCGCCGCAGCGCATAATGATGCGAGCAGTTGCCAGCATGGAAAACCATCACGAATATTCTGAAAAGCAGCGGATTCTCGTCGGCACCTCCGGCTGGAGCTACCCGCGCGGCGAGGGTAGCTGGAATGGTCACTTCTATCCGCCCGGGACCAAAAATGAGCTCGGCTATTTCAGCCAATTCTTTAGTTGCGTCGAGATCAACTCCTCGTTCTACTCCCCGGTAAATCCCGCCTGGGCCTCCGCCTGGGCCAGCAAGACGCCGGATGGCTTTGTGTTCACCGCCAAGCTGTGGCAAAAATTCACTCACCCTAAAATGTTCGAAACGGCCACCGGCGAGGCGGCGGCCATCTCCCGTGATGACGTAGACCTCTTCCTTAAAGGCATCGAGCCCCTGGCTGCGGCCGGTAAACTGGGGGCGATACTCGCCCAGTTCCCGCCCAGCTTCGAGAACACCGGCGGCGGGCGACAGACCCTCGAAGCGGTGCTGAAGACATTCGGCGACTTACCCATCGCAGTCGAGCTGCGGCACAGGAGCTGG
CP159307.1_gap51	1741243	1745078	3835	TGCTGGAGCTGGCCGGCGACCTGGCGCTGGGCATAGAAAAGATCCGCAAACGCGAGGAGCTTGGGCGCCGTAACCAATTCATCGAGACTATTATCGACAGCCTGCCTATCGGCCTGGCGGTCAACCGGATGAGCGACGGCTCGACAGTTTACATCAACCCCATGTTTGAAAAGGTATATGGTTGGCCCAGGCGGGAAATCAGCGGCGTCGCCGAGTTTTTCCAGAAGGTATATCCTGACCCGGAATACCGGCGCCAGATCCAGGAAAGGGTGATGGTGGACATTTCAAGCGGCGACCCGGCGCGGATGCGCTGGGAAAACATCATGATTACAACCCAAACCGGGGAAAAACGTTTCATCAGCGCCGCTAACATTCCCCTGCCGGAACAGGGACTGATGATTTCAACCGCCTGGGACGTCACCGAGCGGTCGAAGGCGCAGCAGGAAATCGCGCTCAAGGCTCAGCTTCTTGACTCCGCCACCGACTCCATTTTCCTGGTCGAGCCCGGCGGCCGGATCGTCTACGCCAACGAGGAAGCCTGCAAATCACGCGGCTATAACAGGGAGGAAATCTTAAGACTCAACATCACCGACATCCGCACCCCGGATATGGCAGGGCTTTACAAAGATCAGATCGAACAGGTGCTGAGGGATGGCGAAGCCAGTTTCGAAGCGACTCACCTTCGAAAAGACGGCACCGTGTTCCATGTTGAGGCCAGGGCAAAGAAAATCACCAGCGGCGAGCGGACGCTCATTTTGGCCATCGCCCGCGACATCACCGAGCGCCGGAGAATGGAAAACCAGTTGGTGGTTACCGACCGCCTAGCTTCGGTCGGCGAACTGGCCTCCGGCATCGCCCATGAGATCAACAACCCGCTGACCGGCATCATCGGCTTCGCCGAACTGCTCAAAGAAAAGGAGCTGCCGGCCGATGTGGCGGATGACGTTGACGTAATTTACCGGGAAGCCATGCGCTGCGCCGAGATCATCCGCAATTTACTGACTTTCGCCAGGCAGCACCATTCGGAGCGGCAGTTGCTGAACGTCAACAATGTCGTGGAAAAAGTGCTGGAACTCCGGGCTTATGAGCAGCGGGTGAACAACATCAGCGTGACACGGCGTTTGGACGCCGGCCTGCCCGCCGTCCATGCCGATTTTTTCAGTCTGCAGCAGTGCTTCCTGAATATTGTCATCAATGCTGAATACTTCATGAGGAAAGCCCACAATGGCGGCAATTTAACCGTCGCCACTGAACTCGCCGGAGACTTTATCCGGATAACCTTCACCGATGACGGACTGGGTATCCCGCCCGAGATCGTTGACCGCCTGTTCGACCCGTTCTTTACCACCAAGGAGGTGGGCAAGGGCACCGGGCTGGGGCTGTCCATCTGCCACGGCTTGATTCAATCCCACGGCGGCACCATCAGGGCGGAAAATGCCCCGGGGGGCGGCGCGTCATTCATCATTGACCTGCCGCTGGAACAGCCCGCCCATGAATCAGGCGCCGGGGGTAACGCAGGGTTAATCAGTTGATTCGTACCAATTTTAACATCCAAGGTAACGGCGGTAACCCTTTTCCCAGACTTGCTCATGATGGTTGATTGACGCGCTTTTAAAGCCGATGCTATCATCTCGCGAGTCGCTGTGAATGGCCTGACTCGGAATCCGGCGGATTGAAGCTGGCGGACCGGAAATCGTTCTTCCGGCGGATTTGCTAGACGGATCGGACCGCCACTCGCGGCAGTTGATACTTCGGGGCGATGAATTTGACCTTCAATCCTGGAAAAAACAGGACCGAGTGAATAATCACCGATGACGTTATCAAGTTCTAATACTTGGGAATACTGCGGTCAACTTTCCCCATCTGAACATAAATTGTTCTCTTCCAGCCTTATCTTTGATACAATAGCGATGATTGTCGCGCGCCTGGACCCAACATCGGGTAGCCGGATTAACAGATGTGAAGGAGACCGCTGATGCCTGCCGGAATGCTCATCGACACCACCAAATGCATCCTCTGTCTGAGATGCGAAAACGAGTGCCACAGTTTCTACGGGCTCCCCAATAAACGGTTGGAAGGAACCGACGACGCGCCGGAACTTGACGCTTATCATTACGTAGTTCTACAGGCTCATGAGGTGGCGACCCCCACCGGTCGGCGCACCATAGGCGTGTCCAAGCGCTGCCTGCACTGCTTCAGCCCCGCCTGCGCTTCGGTCTGCCCGGTAGCGGCGCTGCATAAGACCAAAGAGGGCCCGGTCGTTTGGGACGAAGGCCGCTGCATCGGCTGCCGCTACTGCCAGAACGCCTGCCCGTTCGATATCCCCAAGTTTGAATGGGACGTGGCCTGGCCCAAAATCCAGAAGTGCATCTTCTGCCATGAGAAACGCCTGCTGCAGGGAAAAATCCCGGTCTGCGCTGAAGTATGCCCCACCCAGGCGATACGTTTCGGGGAACGGGCTGATATGATCGCTCTGGCGCACCAGCGCATCTCGGAAAGCCCTGAAAAATACTTCAACCACGTTTACGGCGAAGAGGAGGTCGGCGGGACGCTCAAGTTGTATATCGGCGCGGTGGATATGCGCCAGCTTGGCTTCCCGAGTGAGGTTGAGCCAGAAATGTACCCGGAATACACCCACGAATTCCTGAGCAAGATTCCCGTCGAGATCGCTTCTCTTGCCCTGTTCCTGGGAGGCGCCTATCTCTTCCGCAGCCGCCGCGAAGCCGCTTTGGCAAAGCAAAATCATGACACTGAGAAGCGAGGTTAAAAGGTGACAGTAAGACTTTCCCGACGTCATTTTGTCGAACTCGCCGCCGGTTCCACCGCCGCCCTCGGCATGTCCCTTTTCAAATACCCCGAATTTGAGCGCCTGCTTGCTCAGTCGCTGCAAGAAGTGCCGGTCATCTGGTTTCAGGGTTCCGGCTGCAACGGCTGCAGTGTTTCGGTCCTCAATACCTTTCCGGTCACCATCCAGAACCTGCTGCTCACCGAGGTTGTCTCCGGTAAGCATGTGTCCCTGCGCGTTCACAACACCGTCATGGCGGCCCAGGGCGACCTCGCCATGAAAGCCCTTTACGACACCGAGACCGGACCCTTCGCCCTGGTCGTCGAAGGCGGCATCCCGCTCAAAGACGACGGTTTCTATTGCGAAGTGGGCGAAAAAGACGGCCACGGCATCCCGATGACCGAAACCATCGCCCGGCTCGGTCCGAAAGCCATCGCCACCATCGCCATTGGCACCTGCGCTTCCTCCGGCGGTATCTCTTCGACCCCGCCCAACATCGGCGAGGTGGTTGGTGTGGCCGAGTTCTACAAGCAGGAAGGCATCACCACGCCAGTAATCAACGTGCCAGGCTGTCCGCCCCACCCGGACTGGTTCGTCGGCACGCTGGCCCAGGTACTGATGAACGGCCCGGAATCCGTCGAAGTCGATGAGGATTTGCGGCCGCTGGCTTTCTACGGTAAAACGATCCATGATCAGTGCCCCCGCCGCGGCAGTTTCACCGCCAACCAGTTCGCAAAAAACTTCGGCGAACCGGATTGCCTCTACCTGCTCGGCTGCAAAGGCCCGGTGACCCACGCCGACTGCAACATCCGCTTGTGGAACAACAAAACCCGCTGGTGTATCGAAGCCGGCGCCCCGTGCATCGGCTGTGCCGAGCTCAAGTTCCCCGGCCACCTCGGCCCGATCCACGAGCCGATCGACCTGTCTAAAACCCTCGACAAGGCCGCCATCGGCATCGCCGCCGCCGCCGCGGTGGTCGGCGTGACCGCCGCCGTCGTCACCAAATCATCGGGCGAAAAGTCCGGGCACTAACCGAGAAAGCGAAGGATA
CP159307.1_gap52	1749658	1750158	500	ATTCTTCGGCGACTTCCGGTTTTTTCAATGAGCGCGGTTGAATGATCTTGAGGCCGAGACCGTCCGCCAGGGCTTTCACCCGAGAAGCGGTTAGTGACCGGCCGCGGCCGGCCGGGGCGTCGGGGCGGGTATATACAGCGGAAACGGCGTAGCCAGCCCCTATCAGCCCTCGAAGGATCGGAACGGCAAACTCAGGCGTGCCCATGAAAACCAGTTTCATTGAATCAGTACCATTTTCTCGGGGCGATTGTAGCACCAAATATTTATTTTTTCACCGCAGCCGGGCATTACGATTGCGTGGGCTAAAAAATAGAGCAACAGAGAGTATCGCGCAGAGTAGCGGGGGGCTGAAGCACGTGCACAGCCCCTTGTAACGGTTGCCCGCGGCAGTATCCGGCTGGTAGTATAGATACATCTTTTTGACGGCTTCCGCCGTGACAAAACGACCCTAGGAAAAGCTTGAAGACGGGGGCGTTTTGTCTCTCAACGGGGAGATATAG
