gap_id	start	end	length	sequence
CP156063.1_gap1	60512	65249	4737	ACTCTTTGATCTCACCGCTTTCTTTGAGAAGTTGTAGACGTTCTTTCTCTTCAAGGATTTTGCTTTCTAGCAGACGGATTTCTTCCTGGTGTCTCTCGATTTCTTTTTTAGGAACAAGGCCAAGTTGCATCCACTGGGTAAGATCATGAAGCTCTGATTCTAATTTTTTTAAACGCTCACTTTTCATTCGTAAATAGTCCTGTTCTATGATTGAAACCGGAAACCCCCTGAGAGCCAATTTACTTGCTTCCTACCAAGGGTAACTGCATCTTTTGCTCAGACAGAGCAAAAAGTGAGCAGGCATAAACAAATAGATCAGGAGAGATTTTGGCTAATAAAATACTCATTCCAAAGTATTTGTTCAACTGATAAGCCAAGCTCTGCTAGCTTTTGTAAGAAGTCAGGAGGCTAGGGTATTCGATACTTAAAAAAAAAGCAAAGTTTGCTTTTTTTGAAAAATAAAAATTTTGCTATGGGAATTTTCTAAAAGTATCACCTTCAATCGATAGATTCGTCTTATGGATTCAGACTTTGCTAGGCATGTGCATTCATCAGATATTGACTGGATAGAATCTTTGTTCGAGCGATTTGAGAAGCATGAGCCGATGGATTCTTCATGGAAATATTTCTTTGAAGGTTATCAGGTTGGGAAGACGGAGGGGAGCCCAACAGAATCTTCTCATGATCAAGTCTTTACGTCTTTGCAAGAGAAAAAAGCACACAGTCTTTTGATGATATACCGTTATTACGGCTATTTACAGGGGCAAGTGTCTCCAATATCCTCATCAGAAGAATCTTCTCTAGTTACAGAAAAGGTTCGTAATTTCGATCCTCAAGAAGAGATTCCTTCTTTAGGATTATTACCGCAATCTTATGTTCGTATAGCAGACTTTATTCAGGTATTAAAAGAGAAGTATTGTCGGAGCATCGCTGTTGAGACATTGAATTGCTCTCCTGAGATCCAAGAATATATCTGGAAACTCATGGAAGGAGAGAAGCCCTCTTTAACCAAAGAAGTTCTTCTGGCGCGATATCGAGACGTAAAAAGAGCAGTAGCTTTTGAAGAATTTTTACAGGTTAAATTCACAGGACAAAAGCGCTTTTCTCTAGAAGGTGGAGAGAGCTTGGTTCCCATGTTGGAGCATCTCATTGCTTGTGGGGTTAAGCAAGGCATCAATCGTTACGTGATGGGAATGCCTCATCGAGGCCGATTAAACGTTCTTGCTAACATTTTTGGAAAGCCTTACCGGCAGATTTTCATGGAGTTTGAAGACGCTCCCCAAATAAGAGGGCTGGAAACTGTCGGTGATGTAAAGTACCACAAGGGATATGTTGCCAATAGGCCGGAACAGAACGTTATGATGGCTTTATTGCCGAATCCGAGCCATTTAGAGTCCGTGGATCCTGTTGTGGAAGGTGCTGTAGCAGCGATTCAACATCAGGGAGAGGCTGGGAAGGAGCAAGCCTGCTTAGCTGTGTTGATGCATGGAGATGCAGCCTTGGCGGGTCAGGGCGTTGTATATGAAACTTTCCAGTTGAGTGGGATACCAGGTTATTCAACAGAAGGAACTGTGCATATTGTAGTGAATAATCAGATGGGTTTCACTGCGCAGCCTCGAGAGTCTCGTTCTACTCCTTATTGTACAGATATAGCTAAAATGATGGGGATCCCTGTATTCCGAGTGAATGGAGAGGATATTTTAGCCTGTCTCCAGGTCATGGAGTATGCTATACATATCCGTGAGCGTTTTCATTGTGATGTGATTATCGACCTCTGTTGTTATCGAAAATACGGTCACAATGAAAGTGACGATCCTTTTGTTACAGCTCCATTTTTATACGAAGAGATCAAAAAGAAAAAACAAGGGTCAGAATTATTCAAAGAGATCCTTTTACACCATCCTGAATGGAACATTTCTTCCGACGAGTTGGAGAGAATAGACACAGAGATAGCGCATGTTTTAAACCAGGAGTACGCTTCTCTGAAAGATCCAGGTGTCGAACGGCTAGATAAAAAAGAATGTATGCATTGCACTCGTATGGCAGCTGGAGAGCTTCTTGTCGATAATGTGGATACATCGTTAGACAAAGAAGCCTTGTTTGATCTGAGTGCCAAACTTTGTGATATTCCTGAGCATTTTTCTCCTCATGCAAAGATTCGATCTTTATTAAATAAGCGTATGAGCATGGCTGATGGAGCGATCGGTTATGATTGGGGAATGGCTGAAGAGGTGGCGTTCGCTTCTTTATTACAAGAAGGTTTTTCATTACGTTTGTCAGGACAAGATTCTATTCGTGGAACTTTCAGTCAACGACAGTTAGTCTGGACGGATGTCCAGACAGGGGATACATTCTCTCCATTATATCACTTGTCTCCGAGTCAAGGCAGCGTGGAATTATACAATTCCCCTCTATCTGAATACGCCGTTTTAGGCTTTGAATATGGTTATGCACAACAAGCAGAAAAGACTCTTGTTATTTGGGAAGCGCAGTTTGGAGACTTTTCCAATGGAGCCCAAATCATTTTTGACCAATATATTTCTTCCGGAATTCAGAAATGGGATTTACATTCCGATGTAATTGTACTGCTTCCTCATGGCTATGAGGGGCAAGGACCTGAGCATTCCTCGGCTCGTATAGAGCGTTATTTACAGCTCGCTTCCGATTGGAATTTTCAAGTTGTTCTTCCTTCTACTCCCGTACAGTATTTTCGTATTCTGCGGGAGCATACGAAGAGAGACCTCTCTCTTCCTCTTATCATTTTTTCTCCTAAGATGTTATTGCGGCATCCGCAGTGCGTGAGTTCTATCGCAGAGTTTGGAATGAAGGGAGGCTTCAAGCCTTTCTTGGAAGACGAGAATCCTAACTATCATGCAAAAGTTCTTGTTCTTTGTAGTGGCAAGATTTATTACGACTATCGTGCTTCTCTTCCTAAAGATCTTGAATGTCGTTTTGCTTGTATACGAGTAGAGAGTTTGTATCCGTTATACTTAGAAGATCTATTGGTTCTGATAAGCAAATATACGGAAGTTCACCATTATGTATGGTTGCAAGAAGAACCTCAAAATATGGGCGCTTTTAGTTATTTTGCATTAGCAACTGACGAGATTTTCCCTAGCAAATTGCAGTGCGTTTGCCGTCCTAGGAGTAGTTCAACGGCAACAGGATCTGCGAGTTTAAGTCAAAAAGAATTATCGACGTTAATGGAAACCTTGTTTTCTATAGGTAGAGAGTAGAGCATGAGTATAGAGGTTCGTATTCCCAATATCGCAGAATCTATTAGTGAAGTGACGATTTCTGCACTTTTGATTCCATCAGGAGATTTGGTGCAGGAGAATCAAGGGATTCTGGAGATAGAGAGTGACAAGGTGAATCAGCTCATTTACGCTCCTTGCTCAGGAAGGGTAGAGTGGAGCGTTTCCGTAGGGGATACGGTCGCTGTTGGTAGTGTTGTAGGGATTATTAGTGAAGCGGAAAAGAGTCAAGATACTGCACCTATCCATGAGCAGATGCCATTTAGTCTTGTAGAGCAGGAAAGCGATGCGCAGATTATTGCCTTCCCTTCATCAGTGAGACAGGATCCTCCTGCAGAAGGGAAAACTTTTGTTCCATTAAAGGAGATCCAACCAGCTTCTTCTGATCATAGAGAATCTCGAGAATCTATGAGTGCTATTCGGAAGACGATTTCTCGTAGATTGGTGCAATCTCTACATGATTCAGCAATGTTAACGACATTTAATGAAATCCATATGGGGCCGCTTATTGCTCTGCGTAAGGAAAGACAAGAAGATTTCGTTGCGAAGTATGGGGTAAAACTTGGGTTCATGTCTTTCTTTGTTAGAGCCGTTGTAGATTCTTTGAAAAAATATCCCCGGGTGAATGCTTATATTGAAGATAACGAAATCGTTTACAGACATTACTACGATATTTCCATTGCCATAGGGACAGATCGTGGATTAGTAGTTCCTGTAATTCGTAATTGTGATCAGTTATCTAGCGGGGAGATTGAGTTACAGCTTGCCGATTTAGCTTCTCGTGCTCGGGAAGGCAAACTTGCTATTCATGAGTTAGAAGGGGGAGGCTTCACTATTACCAATGGAGGGGTATATGGTTCTCTTCTATCCACTCCCATTATCAATCCTACACAGGTAGGTATTCTTGGGATGCATAAGATAGAGAAACGCCCTGTGGTTAGAGAAGATGCAATTGTGATAGCCGATATGATGTATGTAGCTATGAGCTATGATCATCGGATTATAGACGGAAAGGAAGCCGTAGGATTCCTTGTGAATGTTAAAGAGCAATTAGAACAACCCGAGCTTTTGCTAAAAATGTAGAAGCGTCAGAGAGAGGCTGCATTACTCGTTATCTAGGAAGAAGAAGAACTGCAGTGACATTATTTTTTCGAGAACGAATCGCTGACGGATCCTGCTGGTGGCGAGATTTCCAGCTTCTGAACGAGAAAAAGGTATTAGATTCAGAACAAGTGCAGCGTTCTGAGATGAAAATATGATTACTGGATAGTCCTTCGGAGAGCAGTTGTTTTCTTGCTACTGCTCGGAAATCGAGGTGATTTTCTTTAGGCATTAAAGGGAAAAAACTAGAAGGGAACAGTCTCTTATAATCTGGATAGACAGCCATATCAGGACCTAGAGAGGGAGATATAGCCACGATAAGATCTTGAGGACGAGTGTTGAATGTCTTTTTCAGCAGGCGAACAGTGACAGCATAGATATT
CP156063.1_gap2	119187	121671	2484	ATTTCAAATACGCAGTGCTTTTACTTACTTTAAAAGATGTTTCAAAAGGTTTTGCTGTAGATCAAGTTGTTCAGACCTTCTATAAAGAGAATAAGCCTTTTATTATGGCTTCTGGGGATGATGCTAACGATATCGACCTGCTATCTCGAGGAGATTTTAAAATTGTTATACAGACGGCTCCAGAGGAGATGCATGGATTAGCGGACTTTTTGGCTCCCCCGGCGAAGGATTTTGGTATTCTCTCCGCCTGGGAAGCTGGTGAGCTGCGTTACAAACAGCTAGTTAATCCTTAGGAAACATTTCTGGACCTATGCCCATCACATTGGCTCCGTGATCCACATAGAGAGTTTCTCCCGTAATTGCGCTAGCTAGGGGAGAGACTAAGAAGGCTGCTGCTGCGCCTACTTGCTCAGCTTCCATTGGAGAAGGTAGTGGAGCCCAGTCTTGGTAGTAATCCACCATTCTCTCAATAAATCCAATAGCTTTTCCTGCACGGCTAGCTAATGGCCCTGCCGAGATAGTATTCACTCGGACTCCCCAACGTCGGCCGGCTTCCCAAGCCAGTACTTTTGTATCACTTTCTAAAGCAGCTTTTGCTGCGTTCATTCCTCCGCCATACCCTGGAACAGCACGCATGGAAGCAAGATAAGTTAGAGAGATGGTGCTAGCTCCTGCATTCATAATTGGGCCAAAATGAGAGAGAAGGCTGATAAAGGAGTAGCTGGATGTACTTAAGGCGGCAAGATAGCCTTTACGAGAGGTATCAAGTAATGGTTTAGCAATTTCCGGACTGTTTGCTAAAGAGTGAACAAGAATATCAATGTGTCCAAAATGTTTTTTCACCTGTTCTACAACTTCGGATACAGTGTACCCAGAAAGATCTTTGTAACGTTTATTTTCCAAAATTTCCTGAGGAATATCTTCTGGGGTGTCGAAACTGGCATCCATGGGATAGATTTTAGCGAAAGTTAGCAATTCTCCATTGGAGAGTTCACGAGATGCATTGAATTTTCCTAACTCCAAAGATTGAGAGAAAATTTTATAGATAGGAACCCAGGTCCCCACAAGTATGGTTGCGCCTGCTTCTGCTAACATTTTGGCAATGCCCCAGCCATACCCGTTATCATCGCCTATGCCGGCTATGAAAGCAATTTTTCCTGTTAAATCAATTTTCAACATGAGCTAACCCCATTTTGTCTTCTTGAGAGAGGAGAGTAGCAGATTCTTTATTATTGAGAAACGGGCCTCATAATACATAAGGAGTAGATTCACTGGCTGGATCCAGGTTTCTAGAGTAAAGAGTTTCCTTGTCAAATGTTTAATAGTTTTAATCTTTAAAGTGTGAAAAACAGGTTTTATATGTAGAATTTCCTGTTAAAAATAAAAAATCCTTAAAAGAATCCGGGAGTTAAAGGTATGTCATTTGGTATTGGTAGTGCTTGTTCATCTTTATGGAGCCGTTTGTGTGGTTCATCAGGCAGTGAGGGTAACAGCGAAGAAGGAGTGACGTCTTCAGGTTCAGACGCCGCCTCAGGTTCTGGTGCTGCTTCTGCTGTATGCCAGCAACCTACGAGCAGCGCTTCTACAGAAGGGAATGGTCCTAGTGTACAGATACCAATGGTAGGGACGTACTCAGCTAATGTGCAAAGCCTTGTGAATCAGGGTCATGGCGGACGCGGTTTCGTGAATAGATGCTACCAAAAATATTCTGCTAGTGGAGTAAGTTTTACATCTATATCCATTGGAGGGGGAGACTCTGTGGATGGCCCGCTTCCTTCGGTAGTAATTACCCAACAGCCTCAAGGATCAGGATCCTCTGCAAGAGGTGCTGGTTCCTTACAAATGGGGGCTGTGCTTTCTGGGATGAGTACTCTTACTGGCAATAGTATTTTTGACTTGTTTGGAGAATCTCAAATAACCAATCTAATAGGCGATGCCGTTGATGGAACATCAACTTCTTCATCTCCATTGCGAGATGCAACCAAAGGAGCCTCTACAGCAGACCTTATAGCTCTGTTTCTTGCTTTAGGAGGATCTGGATCTCAAGGTGTAAATTCCCCGTTAGTTGCTACGTTACTCAGCCGATACTCTCTTTCAGGATCGTTGGATACTAAAGAGATCCAAGAGTTATTGGAAGCTTTGAAGAAACTCCAAATTGCCGCTCCCACATTAGATGGAGCAAGACCTGGTCTAGGAGAGTGTTGTACGCATCTTTGCGGAGCATTATCCTCTTCCTCCAATCCAATTGTTAGCGCTGTGGGTATTGCTGGAACGGGATTGACGGAACTTCTGATGTTAGCTGCGAAAAGCCAACGTGTTCGAAGAGGCGCGGTATTGTGTCATGATGCTTGTAAGCCTTGCTGCACAAGTGCGTGTGGATATCCTTCTTGCGGATGTGCTGACGGAGAAGGTGGCTGCGGAAGTTTTGGAGCCTTAGTATGTAGTTGTGCCGAATTATGGTGCTGTCAAGAGTCTCCTACAGAA
CP156063.1_gap3	123819	127989	4170	TTTTGAAGTGGATGGAAAGATTCCCGACTTTACAAGATCTTGCGCAAGCAAGAGAAAGCGATGTGGTGCAGCTTTGGGAGGGGCTAGGTTATTATTCTCGGGCTAGGAACTTGCTAGCCGGAGCTCGTGTTATTACAGAGATTTTCGGAGGAGAAATCCCAAACGATTTAGCGCTTCTTAGCTCCATTAAGGGGATTGGGTCTTATACAGCAAATGCTATCCTTGCATTTGCATTTAAGCAAAAAAATCCTGCTGTTGATGGGAATGTTTTGCGTGTGATGAGTCGATTATTTGCTATAGAGGAATCCATCGATCGTATGAACACGCGAAGAGAGATCACAGGGCTTTGTGAGAGTTTGCTTCCAGATCAGGATCCTCAAGTCATAGCAGAGTCTTTTATCGAGTTGGGAGCAAGAATTTGTAAGAAACAGCCTCTTTGTGAACAGTGTCCGTTGCGTTCATTTTGTACAGCATATCGACAAGGGACTATGGAACAATACCCTGTCAGAAATACACGAGCAGCTATTTCCAGGTTATTTCGAGCTGTTGTGATTGTTTTGTATAAGGATCAGGTCTTGATGACAAAACGCGAAGAGAAAGAGATCATGGCAGGTTTGTATGAGTTCCCTTACTACCAGCTTCCCAAAGAAGATTGTTGTGATATTGAGAAAATCACTCATCTTGTTCAGAAAGATTATGGAGAGACGCTGCATTTTGTTAGTAGTCTTCCTTCTCAAAAGCAGGTATTTACTCGCTATCGCGTTACACTATTCCCACATGTTTTCTACACAAAATATAGTTTACCGAATAGCTACACGTTAGCAGAGCTATCAAGTCTCCCAAGCTCATCAGGACATCGCAGAATTAAAGAGACTTTTTTAGTCGAGTATCATAAGTCTTTGGAAAAGATGGTAAGCTGTTCTGGAGATAAATAAAAATAGTCCGTAGTCTTTTTTCGACTCTTTGCAGCCGAGGTTTTTTTATATGAACGTTTCAGACCTTCTCAATATTTTGAATGAACTGTTACATCCTGAATATTTTAGTGACTATGGCCCTAATGGTTTACAAGTTGGTAATGCACAAACTGCGATTCGTAAGGTGGCGGTTGCAGTCACAGCGGATTTAGCAACTATTGAGAAGGCAATAGCTTGCGAAGCCAATGTTTTGCTTGTACATCACGGGATATTTTGGAAGGGGATGCCCTATTCCATCACAGGGATACTCTATCAGCGTATGCAACGCTTGATGGAAGGGAATATTCAGTTGATAGCTTATCATTTACCGTTAGACGCGCATACAACGATTGGTAATAACTGGAAAGTAGCAAGGGATCTAGGTTGGGAACAACTAGAATCTTTCGGAAGCTCTCAGCCTTCTTTAGGAGTTAAGGGAGTCTTCCCAGAAATGGAGGTTCATGATTTCATATCTCAATTATCTGCATACTATCAAACACCGGTATTAGCGAAAGCTCTTGGAGGAAAGAAAAGAGTTTCTTCTGCAGCGCTTATTTCTGGCGGGGCTTATCGTGAAATTTCCGAAGCTAAAAACCAGCAGGTAGACTGCTTCATCACTGGTAATTTTGATGAGCCGGCATGGTCTTTAGCGCATGAGCTGGCTATTCATTTTTTGGCTTTTGGACATACAGCTACTGAAAAAGTTGGTCCAAAAGCCTTGGCTCAATATTTAAAAGGAGCGGGTTTAGAATCAGTTGTGTTTTTGGATACGGACAACCCTTTTTAATTAAGAAAGGCTCTATCGGAATAGCAACTCTTTCATAAAACCCTCAAGTTCATTGGTAAGATTCGAAGGAAATGTTCCTCGTTTTTTTAGATAAGAGTAATCGGATAGAGAAGAATTGAAGTATGCTCGAGCCTGTTTAGAAAGAGGACGAGCGATATCTCCCGAAACATTTGCGTGATAAAAACTCTCTTCCACGATGAGATACAGTAAGGCTCTCGCAGTTTCTCCTAAAGTTGGTAGAGGAGAACAAGATAAAGACCCTCTAAATTCGAGAGACGGCACAGGTGTAGTAGGGATTTCCTTATAGTTGTTTTTGATGCCACTGACTCTCGTGTTTGTACATAGACAACGTTTAATGAATACGGGGATTGTATCAACAGATGACTCAAACTGTGAAGAATGAAACTTGGTCAGCTCATTAGAATGATTGATAAAGCTATCCCAAAAGAATGACCAGTTTGTCTTAGAAGATCCTTCGCAGGGGAATACAGTTAGAGATGTTCCTTGTAGGATTACATCAGAAATATCGATCTTTTTCGAAAGAATCATGGTAACAATAGAGTACTTGAGACTCACGTACTCAATTTCTACCGCATAGGGATACTTATCGGAAGAAAGAGGATTGTGGATACATAAATGGCGAATCTTCGTTTTGGAAAGACCGGGGGAAATATTGCCAACGGTCACTTGAGCATGCAACTGTTGGGATAGCCACTGCTCAACAATACTTTCTTTTTTTATCCAGAAGTACCCTACAATACAACAGGCTATGAGAAATGCGCTCTTGATTAGTTTAAACATAGAAAAGGATGGTCGTAAGCACTAGATGTTTACGATAGAGGAATAGAGAAATATTAGGAATCTAAAAAAAAGCCTCGTTCCTTTTGGAAACGAGGCTCGAAGAATCTATTTGTTCCCATTAGAGGAATTAATAGTCCATTCCTGCGCCAGGCATTGCTGGAGCTGCAGCAGGTTTTTCTTCTGGAATCTCTGCAATGAGAGCTTCTGTTGTCAAAAGTAATCCAGCTACGGAAGCCGCGCTTTCTAAAGCAGAACGGGTTACTTTAGCAGGATCTAAAATACCAGCTTCAAGCATATCTGTGTATGCATCACGCAATGCATCATATCCTTCGTTCGCAGAACGGGACATAACTTGTTGGAAGATGATAGCACCTTCTTTTCCTGCGTTTGCAGCAATTTGTTTCAAAGGAGCGGAAAGAGCTTTCAAAACAATGCGAGCTCCAATTTGCTCATCTTCATTAGTCAACATTGGCAAGAAGGCTTCAAGAGTAGGGATACAACGGATTAATGCCGTTCCTCCACCAGGAAGAATTCCTTCTTCAACAGCAGCGATTGTAGCATGTTGAGCATCGTCTACACGATCTTTTTTCTCTTTCATCTCAATCTCTGTTGCAGCTCCAACGCGAATGACTGCTACTCCACCAGAGAGCTTAGCAAGACGCTCTTGGAGTTTTTCTTTATCGTAATCAGAAGAGCTGTCTTCAATTTGTTTTTTGATGCTTTCGCAACGAGCTTCTAAAGCTTCTTTTTCACCCATTCCTTCGACGATGGTCGTGTCTTCTTTAGAAACGATAACTTTTTTAGCTTTACCTAACATAGCTAAGTTAGCGTTTTCTAATTTCATGCCCAACTCTTCGCTAATGAGTTGACCGCCAGTTAAGATAGCGATGTCTTCTAACATAGCTTTTCTTCTATCTCCAAAGCCTGGAGCTTTAACTGCGCAAACCCGGAATCCTCCACGAATTCTGTTCACGACCAAAGTAGCTAAAGCTTCGCCTTCAATGTCTTCTGCTATAATAAGAAGAGGACGGCCGGATTCAGCAACTTGTTGTAAAACAGGAAGGAAATCTTTGATCCCAGAAATTTTCTTATCGTAGATTAGAACCAAAGCGTCTTCTAATACACATTCTTGAGTTTCTGGATTTGTTGCGAAGTAGCTAGAGAGGTAACCTCTATTGAAATTCATTCCTTCAACAATATCCAAAACGGTTTCAAATCCTTTTGCTTCTTCAACAGTGATAGAGCCGTTTTTACCAACTTTCTCCATTGCTTCAGCAATCAGATTCCCGATTTCTGCATCATTATTAGCAGAAATTGTTGCAACTTGAGCAATTTCTTTATGATGCTGAACAGGTTTGCTGATTTTTCTGATTTGATCAACAACAACCTTAACAGCTTTATCAATACCTCGTTTGAGGTCCATTGGATTTGCTCCAGCTGTTACATTGCGTAATCCTTCTGTATAGATAGCTTCAGCAAGAACAGTAGCTGTTGTAGTTCCGTCTCCAGCTTTGTCAGCAGTTTTGCTGGCGACTTCTTTGACCATTTGAGCGCCCATATTTTCATGTTTGTCGGCAAGCTCAACTTCTTTCGCAACGGTAACACCATCTTTAGTTACTTGAGGGGATC
CP156063.1_gap4	129861	132386	2525	GATTTACCTTCGGAGTCGACAGCTTCCCCAAAAGGAATTTCAGAATCTGTTAAGCTAGAAAAAGTTTTATAGGCTACTTCCAATGCAGGGAAAGAAGATGCTAGGATTTTTTCTTCTCGAGAAGTTCCTGTGTGCGGAGCTAAACGGAATAGTTTTTTCAAATAGAAATGGTATTCCTGAAGTTCGGGAGAGGCTAATAGCATATTAACCACTTGCTGAGGGAGGGCGATAAGGGCCGGTTGAATCCAAGAAATTTCCTCTACAAATGATGTGAGCAAGAAGGTAATAGATTTCAGATCAGCTGCGGCTTCTTGATTCGCAATATCCTCATCATAAGTAAGATGAGCGTATACATAAAGTTTATCCAAAGTTCTTTCAATAGAAAAGACTGTGGTTAGCAGCTCACGAAGAGAAGAAGGTTGTTTTATATCAAAATTGTTTTCGCTAAGGTGAGGCCAAAATGGAGCTCCTTCAGCACCTACTTTTTTTAATTCGTCTTGCCAGACTTCACGACTCGCATACAAACTTTTCGTATCCCAGCAGTCAGAAAGAGGAACATCTTTTCTAGAGCGTAAAGCTGTTTGTGAAGTAGTAGCAGTGGTCATGAATCTCTCCTTAGAGGAAGCTGTTTATGTTTGTGTCAGCTAAATCATCAGCTCCTTGGTTAGGATAGCCAGTAAGGGGAAGAGAGTTAGCTGTTTCTTGATCAAAGAGAGTAGTTTCGATCAAGATCGATTTCTAATCAAGTTTTTTGCCTGTAGTTTTCTGTGATCAAATGATCTTAGCTCTTTTATTGACTGTAAGAGAATTAAGCTGTATGGATATGAGGTCTGCTTTATTGATCGATGTGATTGGCAAGCCTTCTCAGAATTGATAGCCTTTGTAACAGGTGTGATAAAAGGTATTTATGGAGAAATTTTCAGATGCAGTAAGCGAAGCCTTAGAAAAGGCGTTTGAGTTAGCTAAAAACTCTAAGCATTCCTACGTGACAGAAAACCATTTGCTGAAAAGTCTTTTGCAAAATCCAGGTTCCCTATTTTGTTTGGTCATTAAGGATGTGCACGGTAATCTTGGTTTGCTTACTTCTGCTGTGGACGACGCCTTACGCAGAGAACCAACTGTAGTCGAGGGAACCGCTGTTGCTAGTCCTTCTCCAAGTTTACAGCAGTTGTTGCTCAATGCGCATCAAGAAGCTAGAAGTATGGGTGACGAATATCTATCAGGGGATCATTTGTTACTAGCTTTTTGGCGATCGACTAAAGAGCCTTTTGCTTCTTGGAGAAAAACTGTAAAAACTACCTCTGAAGCGTTGAAAGAATTAATTACTAAATTAAGACAAGGAAGTCGTATGGACTCACCTAGTGCTGAAGAAAATCTGAAAGGATTAGAGAAATACTGCAAAAATTTGACTGTACTTGCAAGAGAAGGCAAGCTTGATCCTGTGATTGGTCGAGATGAAGAGATTAGACGTACGATACAGGTTCTTTCTAGACGAACAAAGAATAATCCTATGTTGATAGGGGAGCCCGGAGTTGGGAAAACAGCAATCGCTGAAGGACTTGCTCTTCGCATAGTGCAAGGGGATGTTCCAGAGAGTTTAAAGGAAAAGCATCTGTATGTACTGGATATGGGAGCTTTGATTGCAGGTGCCAAGTATCGAGGAGAGTTTGAAGAGCGGTTAAAAAGTGTATTGAAGGGTGTAGAAGCTTCTGAAGGCGAGTGTATCCTATTCATTGATGAAGTGCATACTTTAGTAGGAGCGGGAGCTACAGATGGAGCTATGGATGCAGCGAATCTATTAAAGCCTGCTTTAGCACGAGGCACTTTGCATTGTATTGGCGCTACGACTTTGAATGAATACCAAAAATATATAGAGAAAGACGCGGCTTTGGAACGGCGTTTCCAGCCTATTTTTGTAACAGAACCTTCTTTGGAAGATGCTGTATTCATTCTCCGGGGGTTAAGGGAAAAATATGAAATTTTTCATGGTGTGCGCATTACAGAAGGGGCTTTGAATGCAGCTGTAGTTCTTTCTTATCGTTACATCACAGACCGATTTCTTCCTGATAAGGCGATTGACCTAATTGATGAGGCTGCGAGTTTAATCCGTATGCAAATAGGAAGTTTACCTCTGCCTATTGATGAAAAGGAAAGAGAATTATCAGCTTTAATCGTGAAACAAGAAGCTATTAAACGCGAGCAAGCACCAGCTTATCAGGAAGAGGCTGAAGACATGCAAAAAGCAATTGACCGGGTTAAGGAAGAGCTGGCCGCTTTACGCTTGCGCTGGGATGAAGAAAAAGGATTAATTACAGGATTAAAAGAAAAGAAGAATGCTTTAGAAAATTTAAAATTTGCCGAAGAGGAAGCTGAGCGTACTGCCGATTACAATCGGGTAGCAGAACTACGCTATAGTTTGATTCCTTCTTTGGAGGAAGAAATTCATTTAGCTGAGGAAGCTTTAAATCAAAGAGATGGGCGCCTGCTTCAAGAGGAAGTTGATGAGCGGTTGATTGCGCAAGTTG
CP156063.1_gap5	222223	224441	2218	CTCTTTCAGTGGACTAAAAACAGCCGTCTTATATGCTTTAAAAGGCAACAACAGCTCAGCAAAAGCACCTTTTCCTGAAGTCTCTGAAACACAGAAACGAAACATTGCAGCATCGTTTCAAAAAGCTGTTTTTATGACTATTGCTCAAAAACTTCCTGATATTGTAAAAACGTTTTCTTGCGAGTCTTTGATTGTTGGTGGGGGCGTAGCAAACAACAGTTACTTTCGTCGCTTGCTAAATCAAATATGCTCTCTTCCGATATACTTCCCTTCTTCGCAGTTATGTTCAGACAACGCTGCAATGATAGCCGGGTTAGGAGAGAGACTGTTTTGCAATCGCACACATGTTTCTAAGGAGGTCATTCCATGCGCAAGATATCAGTGGGAATCTGCTTGCTCCTAGCATTAGCAACTTCTGGATGTTCAAAATCCTCCTCTAACGCAACCCATCGGTCTCCAGCTACTCACACAGTTGCTGTAAGCGTAAAAGATGATCCTCGCACATTTGATCCTCGAGAGGTTCGCCTTCTTTCTGATATCAATTTGATTCATCATCTCTATGAAGGATTGGTACAAGAAACTCCTTCTGGAGAAGTCTTCCCTGCTTTAGCGGAGAGTTTCTTCTTATCCGAAGATAAAAAAACTTATACTTTCAACTTGAAAAAAGCTTTTTGGAGCAATGGAGATCTTATTACCGCTCATGATTTTGTTCGTTCCTGGAATGATGTGTTACAAAATCGTGTCGCTAGTATTTATTCTTTCGCCTTTCTCCCTATTGACGTGAATAAGGATTCTGGATTTTTTGCCAAAGATGATCATACTCTTGTTATCAATCTCCTCACTCCAACTCCACATTTTCTAAAGCTGCTTACCCTCCCCGTATTTTATCCTGTGCATTCGCAGCATCAGATACGGAAAGAAGAAAAATCTCTTCCGATATCTACTGGAGCTTTTTTCTTAAAAGAGAAGAAAGACCGAAGATGGTTAAAGCTAGAGAAGAGCCCTTACTACTATAATAAAGACCAGGTAGCTGTACAGGAGATCTGTATACACATCATTCCTGATCAACAAACTGCTTCTGCTTTATTCAACCAAGGGAAGCTAGATTGGCAAGGTCTCCCTTGGGGACATAGTATTCCGCAAGAAACTTTAGCCACAACAAACAAACGACGAGCTCCCCGATCATTTGATATATCTGGTACTTCCTGGCTTACATTTAACACTGCCAAAAAGCCTTTTAGTCATTCCAAGCTTCGCCAAGCTTTGAGTCTAGTTTTAAACAAAGAAGCTCTTGCCTCCTTGGCTTTTGTTAAACCTGCAAAACATCTCCTTCCTGCACATTTGCACACCTACCCAGAGCAGCCTTCTTATAAGCAACAAGAGGCCATCACTTTAGCTAAATCTTTACTAGAAGAAGCTCTGACTGAGCTTAACATGACTATTGAGGATCTAGAGAAGTATCCTCTTACCTTTTCCGCAACGTCTACTATGAACTCACAGATAGCTCAGATGTTGCGCGATCAGTGGCGAAGAAGTTTAGGAATTACTTTCCCTATCTGCGGGAAAGAATATGCTTTGTTGCAAAACGATCTAATAGGCAATACTTTCTTTATGTCTATAGGTGGCTGGTTTGCCGACTTTTCTGACCCTTTAGCGTTTCTTTCCATTTTCTCCTCGAAAGGAGTCAAACCTTATGCTTTACAAGATCCTCAATTTGATCAACTGATTCTCTCTATAGAAACGGAAAAAAACCCTCAAAAACGCTCAGCTTTAATTTCCGAAGCTTCTCTATACATAGAAAGACAAAACGTCATAGAACCCCTCTATCACGACGTGTTCCATTATACAACAAATAATAAACTTTCTTTTGTTAGACTACATCCTTCGGGCCTAGTTGATATGCGGTATGCTAAAAACTCTTAAAAGATGTTTTTACTCCGTGCGTAGAAAAGATTCTCTCTTTAAAATGCGGAGAGGTCTTGTCTAGAGAGTGTTAAATTATCACTCTTGGCAAAGGCCTTTTATGTTTTCAACTTGTTATCTGTGATTAGATCGCAATACAATATACAAAGGAATCTACTATGCTCAGCTACATAAAGAGGCGGCTGTTGTTTAATTTGCTTTCTTTATGGGTAGTAGTGACTCTAACGTTTTTTATTATTAAGACGATCCCCGGAGATCCTTTTAATGATGAAAACGGAAACATCCTTTCGTCAGA
CP156063.1_gap6	248586	252078	3492	ATCATTGCAGCAAATGATATCATTTATGCACTGCAAGACGTAGAGTTTGATCAAAAAGAAGGCCTGTTTAGCATTCCTGCTCGATTTGGAACGAAACAAGCTATTACAATTGCTTCAGCTAATTTAATAGCTAGCGCAATAGCTTACCTTCTTATTGGTTATTTTGTTCCGAATAAAACCATCTTCTATCTATGCTCGCTTGTGCCTTTAACCGGTATTCTTCGCACAATTAAGCACTATTCTCTTATTGACCCAAGGGCTAAGTCTACTCTTCAACAAAATTTCTTTCTTGGGAACCTTTCCCTAGGTATCGCGTTTTTTGCTAATATGATTGGACTATTTTTACTAAGAGGAATCTTATGAAGCGCTACGTGGTGGGTATTTCCGGAGCATCTGGTATTGTATTGGCAGTCACATTAGTTTCTGAACTTGCCAGATTAGGACATCATATTGATGTCATCATATCGCCATCCGCACAAAAAACTCTTTATTATGAGCTAGATACCAAGTCTTTTTTATCTACGATCCCTCAAAATTTCCATAACCAGATTGTTCTTCACCATATATCCTCTATAGAAAGTTCTGTATCATCAGGCTCGAATACTATAGATGCAACTATTATAGTTCCTTGCAGCGTAGCTACTGTTGCAGCAATCTCATGTGGTTTGGCCGATAATCTTTTAAGAAGAGTCGCTGATGTTGCTCTGAAAGAAAAAAGACCTCTGATTCTTGTACCACGAGAGGCTCCTCTATCCGCAATACATTTAGAAAACTTACTCAAGCTAGCACAGAATGGAGCTGTAATACTCCCTCCTATGCCTATTTGGTACTTTAAACCTCAGACTGCAGAAGATATAGCCAATGATATTGTGGGAAAAATCTTAGCCATTTTACAGCTAGATAGTCCCCTTATAAAAAGATGGGAGAACCCCCGCTAATGGGAGGTTCTCTTTTCGTTGATTACTTCATGTAAATTTTCAATAGCAATGAAGGCGCTAGGGTCTTCTCTGTGCACAATCTCTTTAAGCTGGGAAAGCTGCAACCGTTCGACAACGATATAAAGAAGACTTCGAGGCTCCCCAGAAAAACCACCTTCTGCATGCAAATAAGTTAACCCTACCCCTAAAGTCTCCATAAGAATGTTTCCTAATTTTCTAGGAGAAGAGGTAATGATAGTTACAGACTTAGTGTCTTCGAATCCTAAAATCACCATATCCATAACTTTAATAGCCACAGCATACGTTAGCAAAGACATAAAAGCTGTATGCCAATTGCGGTAAACAATGCCGCCCAAGGAAAAGATGAAGAAGTTTACGAACAAGATGACTTGCCCGACAGTATATCCTCTCTTCTTATTTACGATGATCCCTAAGATTTCCGTTCCGTCAGTTGCTCCTCCGTGACGAATAATCAATCCGCCTCCGGCTCCCAACACAACTCCACCAAGGACAATAGTTTCTATTTCTGAACCGTCAAAAATAAAGGGTTGTATTCCCAGCCACTCAGGCAAAACTTCTATAAGCCATAACCAGCAAGAAAAGATAATAACCGCAGTTATCATCTGTACAACGAAGTACTTCCCTATGCGCTTATAAGCCAAAATGATGAATGGCAAGTTAAACAACACTAAAAACACTGGAAGGAACTGATGCCCGAAAGAATGAGCTGCTATCATAGATAACCCAACGATCCCACCATCGATTAAATCGTTGGGAGCGAGAATCATATGAACACCGCAAGCGGCTAAAAATCCACCTATGATAAACCAACTAAGAGTCTTAGAAAAATATAGAGGGAAACTAAATTTTGTGAAACGTATGGTATGAGCCATTGTTCACCCCCTTGGTTGAAGCTCGCGAGAGACGGGGCTCGAACCCGCAACTTCCGCCTTGACAGGGCGGTGCTCTAACCAGTTGAACTACTCCCGCGCAATCTTGGACACGACAGGATTTGAACCTATGACCCCCTGTGTGTAAGACAGGTGCTCTAACCGCTGAGCTACGCATCCAAAAGACTAGACGAGAACTTTATCAGAATAAATACTTTAAATACACTGTTTTTTGTTCACAACGCAATTTTTTTCAAAAAATCCAATAAAGCCCTAAAAGCCCTCGACTCTTTAGCAGAAAGTTGAACAATCGACTGCTCTTTTTCCTCTGCTCAATAAGTTCTCTAATCGCGATACAACAGCTTCTTGCTCTTCAACTAAATTCTCATTAGCAAGAAGACTTTTCTCTTGTGCAGCATGCATATCGGACACTTGTTGAGCATAGCGTTCTAAAATGTTCAGTTGGAATACACTAATGCTTTTAATTCTTGGTTTTCTTGCCGTAACAATTCTACTTGATCCTCAAGCATCTTTTGTTCAGCTTTATCCAAAGACACTCGCTTCATACGCAAAAATAGTTTACAAAGCCCTAAACTCAAACAAACAGCGCCTAAGGCAGATAATATAACTCCAACACCTATCAAACCTGCAGAACTTCCTAAAAGGGCAAAAGATAACACCATACCTATTCCCAATAGAAGTGCTCCAATCAATGTAAATGCTACAGACGCAATCTTTCTACAAAGAGAACTATCACACTTTCTTTCTTTGACCGCTGAAACTACCTGATCTCCCGTACTCGACGATCTTACTTCTTCATAATTTGTACGAACACAACAGCAACGCATATCGCTCCTCAATTTCTGTACGCAGTGAATTCATTAATCACAGATTACCAACAATTTGCTACTTCGGAAACATTTAGACGTTCCCAAAGATTAAGAGAGAAAAAAAAGCCTCTTCATAAGAAGAGGCTTTTGCTCGGCAAACTACACCCGAGAGCCGTAATTGAAACCATCATCATCATCGCCATCACTGCTATCCGATTTCGGATCCAGGTCTATGAGATTAACCGATTTCACCAGAACCTTTTCTCCGAGACAAACGTCGCGATGAGCCTTATAGTTGAACAAAAGCTTCTCAGATTCCTTTGATAGCTTTTTATTAGCCGTTTTTAGCAGATTAATGAGCTCTCCTCGTTCGTGACAAATACGAGAGTAGTGCTCTAACATAGCTTTAAGCTCTTCTATCTGTTTCTCTTTAGCAGGCAGGACTTTTAGTCTTTCTTGATACCCCCCCAGCTTCGTTAGAAGATCTCGCACCTCTTTTTCAAGATTCAGACAACAAGATTGCCACGCCTTTAAATTTTCTCGTAAATCACGTCTCTCTAAAAGACTTGCAGGATACTTAGTATTCAATTCTTTTAGAGCTTTAGCCAATTGTTGCTCTAATTGTGAGATTTCTTCTTTTTGCTGAAGGATGAGTTGCTTGTGAGCTTCTATTTTTCTAGATCTCAAGCAACAACTACATGTATTCGAAACTCCTACCCCTAAAATAACAGCTCCCAAAGCAACCAGAGCGACTCCTGCATAGAAGAAGAGAGGCGGCGCAAAGGTACAGAATAAAGCCAATACAACAGCACCACCAGCAGCTGCTAAAAGCCC
CP156063.1_gap7	280398	285178	4780	AAAGCCTCTATGTCTCCTTGATAAAGCATTTGATGTGAAAGCTTTTTATAAGCAACTCGCTTAGCTAAAGTTGTTAATGCGTGTAACAAAGACTTCACATGGGATGATAGAGCCTGAATTAGAAAATCTAAAGCAGTCTCCTCTATACGAATATTCAGTTTTTCTGTTCTTCTTTCTAAAAAACTTTTTAATCCTTCTCTTATTAAAGGACTAACGGGAATCGAAATCCCCCACTCAAAGCGACTAATTAATCGTTCTTCCATAGCCTTTAAATCTCCTGGAGCAAAGGTAGAAGAAATCACGATCAACTTGCCTTCTGTATGCAACGAATTGAACGTGTGGAAGAACTCTTCTTGAGTAGCTCCTTTACCTGAGAGCACTTCTATGTCTTCAATGAACAGAGCTTCTACATTACGATAAAACGCTCGGAAACGCTGCATCTCACCAGAACGAATAGCTGACACTAGGTGTTCCGTAAATAGCTCTGACGTAACATACAGAGTTTTTACACCAGCTTCACGAAGTCCTCCCACAGCAGCCTGCATCAGATGTGTTTTTCCGGAGCTTTCAGGACCAAATAGATAAATAGGGTTAAAAGGAAAACCTTTGCCTTGTTCAGAAACCTTAGCAAATTCTTGAAGAATTCTTACAGGTAGATCATTCTCCGGAGTCACAAGAAAGTTAGCAAAAGACATGTTCGGATCAATGTCCCCATACTTCATAGTGAAGTATGCAGTCTTTTCTTGCTGGATCTGAGTCTCCTTAAACGGTGTAGATTTATCTAGGGAAGTCACGCGCACGCGAATTGGCTTCCCATTATTATTAATTAAACTAGCTTTAACTTTATGACGAATATGCTCTTCGAACCAAGTTACTTGAAAAGAATCTTTCGCTTCCAAATATAAGTTGCACGCATCAAAGCATAGGACCTTCAAGGACCTCAGCCATTTATTGACGGTATCCACTCCAATTTCTTTTTCTTGAAGCAAAAGGAACTCTTCCCAAGCTCGCATAAAACTATCTCAGCTAAATAGTTTTGATAAAACTATTCTAATTAAAAAACAGTACTACTTACCTTTTCGGTATTCTCTATCTCTTCTTATTGATAATTACTTCATGCTGCAGATGTTTTTCATCTAAAATTTTGTTTGTTACCCATTGTTGGATAACTCCTAGTAACATAGAAGAGAACCAGTAAATATTTAACCCGGAAGGGAAATTATAAAACATGAAAGTAAATAACAACGCCATCATTGTTCCCATAGCTTCTTGCTGACGTTGTTGATCTGACGCAGGACCAGATCGTTTCACAGCAGAAATTTTCTGCTGAGCAAACATGACTACACCTAGCAAAATAGGAAGAAGATGGAACTCTTTCCCGATAAACCATATAGGTGTTTCCCAAGAAAAGAGAACATCAGGAGCTGTCAAGTTATCTATCCATCCAGGGATAAAGCTAGCTCCCCTTAATAGAAACGATGACTTCAATAAATCGAACATCGCTATCAAAAATGGAATTTGTATAAGCAAAGGAAGACAACCCGTTATCGGATTAACTTTATTCATCTTATACAAAGCCATAATTTCCATTTGAGCTCGCTTAGGCTCACGCTTATATTTCTGCTGAATCTCCTGAATATAAGGAGAAAGCTTTTGCATACGACGCATAGACCGGATAGACCAAGCATTCAAAGGATAGAGTAAAAGCTTCAGTACGATCGTTAATAAGATAATAGAAATTCCCCAAGAGCCTGTGAGGAATTTAAAGAATTTCATTATGACAAATAATAATGCTGCAAAAGGCTCAGTTATAAAACTAAAGAACCCTCTGAAAGCAATCGCATCAACATACTCAGGAGTTTCTCCTTTAGAATTCGCGTTAGCTCTATCTAAAGCTTTTAAAGTAGGGTCGGCTAGAGGCCCTGCATATACCATAAATTGATAACGCCCAGCTTCCTTAGGCAAAGGTAGCATTGCCGTATAGCCAGGATATTTCGAAGCAGGATAAGCTTGATCTTTTGGAGGAAGTTGAGAAAGCCGTGTAGGAACTACATTCCCTGGAATAAAAGAAGAAGCATAGCCCGCTGGAATAGGAATTCGAGGGGTTAGAATTACCCCAAAGTACCCATTAGAATTCAAAATCCATTGAGGAGTTGCGTTGTTCCGTACCAGCAAAGAATCCTTAGCTTTAGGTAATTTCACATTAAAGAGATCACTCTTATTTTTCTTCACAGCGTGATACTTCACAGCTGGAACAAAAGCGTTGGACATAATCTCAACTTCTGGAACGCCAGATGTGATCCACAAATCTTCTCGTCCTTGAGTAGTTTGAATCTCTAACTCAAAGGCGTAAGGCTGCTCTCCCAGCGAGTAGGTTCTTCTAATTCCACCATCCCCGCTCTCTAAAATTAAAGTTTTATTATCGAATGAAACAACACGAAAGCCGGTAGCAACAGGAGAAGCCAATTCTCTTCCTGAAACAATATTTAAAGCTTGATATTGTGCAGGCACTCTCTTTTTAACGTCAGATAGCGTTCCACGTCTGAGTAAAGGATAATAGCCTCCCACAACATTTGCTATGTTTTGACGTTGAGAATCGATAGTTTCGACTCCGGGGAAAGAGGCTTCTGAAGGAGAGTTAATTGCTAACTCTCTATCAAACCCAATCTCATTAACAATACTTTTATTCTCTTCTTGATCAGAAGCAAAAGGAAGATTAATTCCCTCGATAGCTCCACTTTCTTGAGAAACTACAATTTGCATGTATTCATTGGAGAGCATGTAGTAGCTACCAGATGCTGTAGGATTTTCTTTATCAGCAAAGACTACAGCCCGTGCCATAGGGAGATCTAAAGACTCAACACACTCTTCTTTAGAATTATAAATACCTAAAGGTACAAATCCATTCCCTGTATTGAGAAAAACTAATGATGTGCCGTAGATAGCGCCCGCTTTATTCGCAATCTTCCCATCCTTATATTCTCCTAGGAAAACAAGAGGCTCCTGATTGCTACGAAATTCTGCTACTAAAACCGGGAAAGCATCTCTTTGATTAGGGAGATATACAGAACTTCCTTTCGACAAAACTTCTTGCCCAGTTTCTCCATAGAGGGAAACAAGGATCCCTCCAAAAGTACTAGTCTGTTCTATCAGACTCCAATAAGTTCCTCTGGAATAGACTTCAGGATGAGATCCCCCTTTTGTCAGCAGCAATAAACGATTCCCCAAACGAATAGCATACTGATTGACTGATTCGCTCTCCTCAAGAGAAGCTGTCCAAGGTACTACACTCAATTGCTCTGTTGAAGCTAATATTTGCTCAGAAATAGCTCGCTGCTTTTCTGCAAGATCCTGGCATGACTTCAAGTCTCGATAACCGAAGAAAATTTGGCAGCCCAAAAATGCCGCGCTTACCAAGGAAACAAATAATAACGTTCGTTTATTCATTCTCATCCGAGGTGGGTTCTCCCTATGGGGAGGGAAGCCTCGTTCCTATCAAGGTTGCTTTAATTCCCTAATCAAAAAAACTTTGCAGAAAGACAAAACCTCTCCACTTCTTGTCGAGAATCGTCTTTTGCTTACAAGAGATTCAACTCTGCTCTTCCGAACGGAGCTTCATACTATGTAACTTGGCGTCATTTTATAGAGGGTATCTTTTCCATGCACTTGGAAAATAACCATCCCCCCTCTCTACATCAAAAAGTTTAATGTAGAGTCGCTTTCAGATGTGGACGCTAGCAATATATATTCAAAGACTTTGCATCATTTTTTTTTACTAGCAATCCAAATGATTCCAACTCCTAGAAAAATCATCGGAATAGACAACCATTGCCCAATTGTTAATATGTTTTCTTCGCCAAGCCATGCTCCTTGGTGTGTTTTGAAAAATTCAGCGCAAAAACGAATTACTGCTACCCCAATTAAAGCGCCTGCTGCACTATAGCCAGAACCCAAACGAATAACACCACGATAGCAAAGCCTGTACAGAATACAAGAAAGCACTAAATAACCAAGGCCTTCGTAAAGCTGAACAGGATGTCTAGGGATTTGGCCTCCACCATTCGGAAAAATCACTCCCCAAGGCATGGATGTAGGGGTTCCTAGAATTTCCTGATTCATAAAGTTCCCCACGCGAATCAGCAAAGCTGCACAACCAAACACTGCTCCACAAAGATCGCAAATGTAGGTTACTGAAAGCATAGGCAACTTACGAATATGAAGTCGCGAAAATACAGCTGCCCAAATCACCACAGAGATCACAGCTCCATGACTAGAAAGCCCTCCTTTCCATATTTTTATAATCTCAGAAGGATTTTCAAAATAAAAACTCCCTCCATAGAAAAGAACGTAAGCAAGCCTAGCTCCAATGATGATAGCTAAAAGAGCTCCTAAAGCAAAATTTTCCAGACTTGTTCGGAGTTCTTTTTTCTCCTCCCTGTCTTTACACAATGCTGTTGCCAGCTTGATGCCCGAAAAAGATGATAAAAAAATTCCTAGAGAAAATAAGATTCCGTACCACGATAAATGAAGCCCAACTCGCGGGAAAGATAAGAGAGTTCTAGACTGGTCCCAATGTATCACGTTTTTATCACCTCTCTCAAAAAGAAAAACTTTTCTAAATAAAAAAGACTATGCCAAAAATTTTTTGCTAGCAATCTTGCAAAAAAGATCTTCGCACGGTTTTCTCTCTCGTCAGCTATATTAGTTGCTTTTTGAAAATACTCATGCTAGAGTTCTCCTTAATACATAAGTTCCTCAGGTCTTTTGCGCAAGCTTACAA
CP156063.1_gap8	286610	290770	4160	TCCTGTTCAATAGTTGCCAACTAGCGTTACTGTCCTTATAAAAAAAAGAGGGGTGTGACAAAAAGGATAGATAGAGAATAAAAAAGTAAGCCAGAGAAAACTCCTAGCACAAAAGGCCTATCCTTAGGGCTGCTACCTTCCGATCCTGACCCGGTTCAGAAGTCTCTCATCTTAAGAGGTCCCCAGCTTACGGGATCTTTGGTACCATAAATACAGTTTTCTCTCAAGTCTCTTTCCCTAAATCCTTATTAAGAAATTTTTTCTTGCTGTTTCATACGAGCCCAGTATTCTTCAGCCTGTTCTAAAGAAATTTGATTATGAGGATCAAAAACATGAGGAGATCGACGACGCAACTTAGCCAAAGCTTCTACAAATACTTCTTCAGCTTTAAGCTTTCCTTCTCTTTCTAGCAAGAAACACAAGGTCAATACTAAAGTAAGTACGTCTCCGGCTTCCGAAGCGATTTCCAACGAAGCTTTATTTTCTTGTACAGCATCAGCCAACTCCTGACACTCCCCTGCTATATACTGCAACATAGACTCCACACTCTGTAAATTAGTCCAAGGACAAACTCCCTGTAAAGCCATTGCTCGCGAAATTTCAACCAATTGTAAGATGCCTTTTTCTTCCATAATTCATACTCCTTCAAAAAAATGGGTGGTGCAAGAGTTAATAAAAAAACCGTGAAAACCCTCTCTCAAGCGGAAAATCCTAAGCTACAGTTGAGGAATCCGTAGCCGAAGAGAAAAAGTGGAATTCTTCTAGCATTTTTTATACATAATGAGAATAATCCGGGTCCGCTCACAATAACCCAAATCGAATGTTTTCTTCAGCAATTGTTATTCTAACTGCAATTTTTGTCTTGTGCTCGGGGTTTGTTTCTTTATCGCATATAGCTTTATTCTCGCTCCCTTCTTCCCTTATTGCTCATTACAGTCACTCAAAAAATAGGCAGCTCCGACAAATTGCCAATCTTATGGCCTACCCCAATCATTTGCTCATGACCCTAGTCTTCTTCGACATAGGGATTAATATTGGAGTGCAAAACTGCATAGCAACCTTAGTAGGCGATTCGGCATCTCTATTGCTTACCGTAGGAGTTCCCCTCGCTTTGACACTAGTTTTGGGAGAAATTGTCCCTAAGGTTATCGCAATCCCTTACAATGCACGAATTGCAAAGATTGTAACCCCAATCATCTTTGCCTCAACTAAAAGCTTCCGCCCTATATTTGATTGGGCTATCTCGGGTATCAATTTTATCGTTCAGAAAATGTTGGCCCGTCAAGAAAGTGATTTTATTCAACCCCAAGAATTAAAAGAAGTCCTCCGAAGCTGTAAAGATTTCGGAGTTGTAAATCATGAGGAAAGTCGTCTTCTATTTGGCTATCTATCCATGGAAGAAGGTAGCATTAAAGAACGCATGACGCCCAAACAAGAAATCATTTTTTATGATGTCCTTACTCCGATTGAAAATTTATATAAACTCTTCTCTGGACCTAAACAAAGCTATTCCAAAGTTCTAGTTTGTAAAGGTGGTCTACAAAATCTCTTAGGAGTTTGTTCTGCAAAATTGCTTCTTCTCTACAAAGAAAAATTACAATCTGCCGAAGAACTCTTGCCTCTCCTTCGTAAACCTCACTACATTCCTGAAACAGTATCAGCTAAGACAGCTTTGTATCATCTAGCAGGAGAAGACTGTGGTTTAGGTATTATCATTGATGAATATGGGTCTATAGAAGGATTGATCACCCAAAATGATCTATTTAAAATAGTCTCTGATGGGGTAGCTCATAATCGCCCATCTTTTAAACAATTCGCTCACTCAGACAAGAATGTTGTTATTGCTGCAGGCACCTATGAGCTTTCTGATTTCTATGACCTGTTTGGAGTTGATCTTCCTACTACAGCTAATTGCGTTACCATAGGCGGATGGCTGACAGAACAATTAGGAGAAATCCCTGAAACAGGAACAAAATTCGCTTGGGGACAATTTGTATTCCAAATACTAGACGCGGCTCCTAATTGTGTGAAACGGGTGTATATAAGGAAAACCCATGGAAACTAACTCTCCCTTTTTCTGGTTAGGAGTGAACCTCCTTTGTATTTTTGTCCAAGGGTTCTTTTCCATGATGGAAATGGCTTGCATATCATTCAATCGCGTGCGGTTGCAATATTACCTTACGAAAAGCAATAAAAAAGCCTCTTACATTAACTTCCTTGTTAGAAGACCTTATCGCTTATTTGGAACCGTAATGTTGGGAGTAAATATTGCTTTGCAAATAGGGTCTGAGTCATCACGAACTTGTTACAAACTCCTAGGGATTTCTCCTGAATATGCTCCTGCAACGCAAATTATTTTAGTCGTCATTTTTGCTGAATTAATTCCTTTAGCTATCTCTCGTAAAATTCCAGAAAAAATCGCCTTAAAAGGAGCCCCTATCCTCTATTTCGCTCACTATCTTTTCTATCCGCTCATCCAATGTGTCGGTGGCATTACCAATATGATCTACTTTATTCTGAATATTAAGGAAGAGACGCTCCACTCAACGCTTAGCCGAGATGAATTGCAAAAGACATTAGAAACTCATCATGAAGAGCATGATTTCAATGTGATAGCTACAAATATTTTCTCTTTAAGCGCAACTTCTGTAGAGCAAGTATGTCAATATTTGGACCAAATCCCGATACTTTCAGCTACCGCTTCCGTACGAGATGTTTGCCAGCTCGTTCGTCGCCATCGTTTAGATTTTGTCCCTGTTTACCATAAAGTTAAAAAGAATGTAGTGGGAATAGCTTTTCCAAAAAACCTCATTAATCGAAATCCCAGTGACCCTGTTGTCCCTTACCTAAGCTCTCCCTGGTTCATAACAGCTAAATCTAAGCTCATTCATGCGATCCAAGAATTCCGCAAGAATAGTTCTAACGTCGCCATTGTTTTAAATAATAATGGCGAGCCTATGGGAGTTTTAGGCTTACATACGGTGTTTAAAACGTTATTCAACACAAGAAATATCGCCCAATTAAAACCCAAACCAACTTCTTTAATTGAACGAACTTTCTCTGGGAACACACCTTTGTCTGAAATAGAAAATGAGCTCGATATTATTTTTATGGATAATGATTGTACAACAATTGAGCAACTCATGTTAAAACTTCTGGATACTCCTCCAGAAGTAGGCGCCTCTATCATTATCAACGACCTACTGTTAGAGGTAAAAGAGATTTCCTTGTACGGCATCAAAACTGTTGCTATCAAAGATACTCTGTAACGATTACGCGTACTGCTGTAAGTGTTTTACAACGCGAATTACCCTCCGTGCTGCTGTAAGAATTTCTTCTTCTGAAAGTAAATAACTAAAAGAAAATCGTAGAGTAGCTACTGCAAGATCTTGAGGCACTTTCATTACTGTTAATGACTTAAAAACTGTAGTTGCTCCAGAAGAACACGCAGAGCCATAACCACAAGCCACCCCTTCTAGATCTAAAGCGATTTGCATCACTTCTCCCTCTAAACCAGGGAAAGCTATTGCAGAAAGATTGCTAACTCGAGGCTTGTCTTGACAATGCACGATACATTCAGGGAAAGTTTCTTGTATACGCGACTCAAATAGATCCCTATAAGAACGCATAGTTTGAGCTATGGCAGGCTGCTCGACTAATAACTTGCTAAAAATATAACGCAGGGAAGCAATACCATGAATATGCTCCGTTCCCGAACGAATACCTCCTTGTTGTCCTCCTCCAGAAATTATTGGAGATATTTTGATTTTTGGAGATGTAAGAAGGACTCCGATTCCCGAAAGAGCGTGAAACTTGTGTCCAGAAAAAGCAACCATTGAAACTCCCTCTGGAATGTGAATAACTTCTTTTCCTACAATAGCCGTGGCATCCACTATCAAAAGTAGTTGGCGTTCTTTAGCAAATTCGGCTATAGCTTCAAGATCAATTCTTACACCAACCTCACTATTCACCCATCCCAAAACGATGGCTGAGGTATCTGATTGAACAGCTTCTTTAATTTGTTCTAAAGAAACAACGCACTCTCCAGGAATAGGGTCCAAGTAAGTCACGGAAAGCTTTGCTTGCTTTAAAGGTTCGATCACTGCTGGATGTTCCATGCTGGAAGTAATAACATGGCTTCCTGTAGGAATATTTTGAAT
CP156063.1_gap9	361735	363179	1444	ATGAATCAACCAAAGAAAAAGCTTGTTACTTTACCGAACAATGAAAGGGACTTTCGAAGAGCTAAATCCACACAATAGATGGAAAATCCAAAGCCAAAAATATTCATCAAAACAATCTTGACGTATCTTTTAAGATCTCGCTTATTTACCCACTCAATCTTCTTAATTTCTTCGATAAAGTTACCCGCAAAAGCTGCTTGTTTTTTTACAAAAGATACTTTCTTAAGAAATTTTCTTCGGTGATCTTGCCCCATAAGCGAATTCTTCTTTCAGTTACCTAATACGAGTGCGGAGGGATTCGAACCCCCGACCGGCGGCTTTGGAGGCCACTGCTCTACCATCTAAGCTACACACCCAAAGGCAAGGCTTTTCAGCCTCGCCAACACATCACTTAATTTATGCAATGATCTTAGAAATAGTTCCAGCACCGATTGTACGACCACCTTCACGAATCGCAAATCTCATACCTTCTTCTAAAGCCACAGGGCTAATCAATTGCACTTCAAACTCAACGTTATCCCCAGGCATGACCATCTCAATTCCCTCAGGCAGAGTTACCACACCTGTGACGTCTGTTGTACGGAAGAAGAATTGAGGTCTATATCCTGTGAAGAAAGGCTTATGTCGTCCACCTTCTTCTTTTTGCAAAACGTAAACAGCACACTTGAACTGTGTATGAGGTTTAACACTGTTTGGCAAGCAAACAACCATTCCTCTTTCCACATCGTTCTTACCAATACCTCTGAGGAGCAATCCAACGTTCTCTCCTGCACGACCTTCTGGGAGTTCTTTTCTGAACATTTCAACCCCAGTAACAATCGTTTCTTTAGTATCTCTAAGACCGACCAACTGAACTTTATCGGAAACTTTAACAATTCCACGCTCAATACGTCCAGTTACTACAGTTCCTCGTCCGGAGATAGAGAATACGTCCTCAATAGGCATTAAGAAAGGCTTGTCAATTTCTCTTTCTGGAGTAGGGATGTTATCATCGACGGCTTGCATTAGCTCTCGAACTTTCTCTATGTATGCAGCATCCCCTTCCAAAGCTTTCAGAGCAGAACCTCTGATGATTGGACACCCTTTGTATCCTTTCTCTTCAAGAAGCTCAACCAACTCCATCTCAACTAAGTCGACCAATTCAGCGTCTTCTTCGGAAATCATGTCAATTTTATTGAGAAAAACAACGATGTAAGGAACCCCAACTTGTCTTGCCAAAAGAATATGCTCTTTAGTTTGAGGCATAGCTCCGTCTGTTGCAGAAACTACTAGAATAGCCCCGTCCATTTGAGCTGCACCGGTGATCATGTTTTTAACATAGTCAGCGTGACCAGGGCAGTCCACGTGAGCGTAGTGACGATTAGCTGTTTCGTACTCAACGTGGGAAGCGTTAATTGTAATACCGCGAGCTTTTTCTTCAGGAGTGTTGTCAATAGAGCTATAA
CP156063.1_gap10	367154	368882	1728	AGCATTAGGAATCGCAGTCACAGGCTGATGAAAGAGTTCGCTTAACTGAAAGCTCTCTCCCCACACACTACGATGAGTTAACCCACTAGCATTAACGTATCCTACTTCAACAAACGGTATTCGATTGTCGTCGTCATCATCATCACTAAAATCACATACACGCACTCCAGAACGCCTATTCGCAGCAGAATCAAGACTCAAATCTATCAAATCTGAAGAGGGACTGCTATCCCCCCCCAATAACCATTAAACTCACATGTTCTGCAGTAGCCTGAATCTGCATAGAAGCAGAACTCACAGATACCCCATCTTCTGGTGAAGAACTCTGAACACTCGATTCAGTGGTATTCTCTTCGTCGCTATGTATGCGACAATAAGGTGTGTCTTTACTATTATTAGAACATGGATCAGGCATATCTTCTCCCTAAAGGCGCCCCCCTTTAAAATTGTTATTTAACAACCACAAATGCTTCTAAACGACCCAATCCCCTCATTGCCATGAACTAAAAAACTTGTGATCGAGTCAAAAAAAAGCTCTTTACTAGACCTTTAGGTCTAACAAAGAGCTTTATCATCGTTCGCGAATTACTAATCTCTTCTCTGCTTAACCTCCTTCGGTCCACCCCTCAGTCAAAGAAACCCAACGTTTGGTAACAGGATGCATCATTTGAGAGAAAACAACTTCATAGGAAGCAATCATTTGCGAACAAACACACCCAGAGAACTGCTGCTGCAGACCTGACTCTGAAATCAAAGCAAAAGCGTTTCTAAAACTGAGTGTGTTCATATATGGAAATAATTTTTAATATTGGCTCGAGATTTTATCCTTCTTAGAAAATAAACTCAAGAGCTTTTCATTCGCTTAAATAACTGAAAATGAGATCCTCTAATTCAACAATCTTGGGAACGATAAAACATTTTTGACCCAAGCTTGGTCACACCCGTCTCTAAGAAGTAGGCACAAATACTATGTTGAACAAAACAAGAAGAAAACGGATGAGCCCATGTCTAAAAAGCCCTCTGTAGACCAGAAGGCTTGCTTTGACTTTGTAATGATTATAAACTTCTCTTGATTTCGGTCTCTATCCTTAAGTACTGCTCGAACCCGTAACGCGGAGTCCTTCGAATTACACCAGGATCTAGTTCTGATTACACAACACCTTGTTACTAACATCGACTGATGAGCATCTAAAAACAATACACAATTGTTACTTAAAACGACTTTTAGGCGTTCATCATAATAAATAAAAAAGAAACCAAGGGAATAGTATCGATTTCAAAGAAAAGGCGCAACGATAAAACAAAACCGTCTTAAATAAAAATTATAATCCTTGATAAGCTTTGTTCTTGTCAAACATTAGCCACCTATGATAAGCTTCCCTTCTTCTATCCTGGGGCAATAGCTCAGCGGTTAGAGCTGCGGACTCATAACCCGTAGGTCCCTGGTTCAAATCCAGGTTGCCCCATTCTTGTCTCCCGGTCTATAAAAACTCTCCCTCTAAAACACTAAAGTGTTGAACTCGACAGTTCCTTAGCTGAGTTTATCAATGCCTGCATCAAAAAAATATCTTTGCGCAAAATGCCTGGGCACTCTACCCCAGAAGACACATCAATTCCCCTGGGACTGAGAAGACTGATACCTTCTTTGATATTCCAAAGGTTGACTCCTCCACCCAACATCCAATTATTATGTTGAAAAGGAGAGAATGCTTTCCAATCAAAAGGAGA
CP156063.1_gap11	377348	381839	4491	GCCTTCTATTGGGCTACATCCTCAGGATACCCATAAGCTTATGAATGTTATTCGAAGACTCCGTGATCAGGGAAACACTGTCTTACTCGTTGAACATGATGAGCAGATGATTTCTCTCGCAGACCGGGTCATTGATATCGGCCCAGGAGCTGGTATTTTTGGTGGCGAAGTTGTCTTCAATGGATCTCCTAGAGAATTTCTGGCAAAGAGTGACTCTTTGACCGCACAATATCTCCGTCAAGAGCAACATATTTCGGTCCCTGCTAAACGTACAAACTCCTTAGGGACAATTACCTTATCTAAAGCCAATAAGCATAATCTTAAGGACCTGACAGTTTCAATTCCATTAGGACAAATGACTGTCGTCACCGGAGTCTCTGGTTCTGGGAAATCTTCTCTTATCAACGATACACTAGTCCCTTGTGTGGAAGAGTTTATTGAACAGGGATTCTGTTCCACTCTATCTATTCAAGGAGCCCTCTCTCGCCTTGTCCATATTAATAGAGATCTTCCAGGACGCTCACAACGATCTATCCCTTTGACCTATATCAAAGCTTTTGACGAGGTTCGTCAGTTATTCGCAGAACAACCTCGCTGTAAAACCTTAGGACTCACTAAAAGCCACTTTAGCTTCAACACGCCTCTAGGAGCCTGTGCAGAATGTGGAGGCCTAGGATCTATAACAACGACTGATAACCGCGATTCCATAACCTGTCCTTCCTGTTTAGGGAAACGATTCCTCCCTCAAGTATTAGAAGTCCGCTATAAAAATAAAACGATTGCCGACATTCTTGAAATGACGGCCTATGAAGCTAAAAACTTCTTTTTAGATGAGCCTAGTATTCATCAAAAAATCGAAACCTTATGCACTCTGGGACTACAATACCTTCCTCTAGGAAGACCTCTCTATAGCTTATCTGGAGGAGAAATCCAGAGACTCAAGCTTGCATATGAGTTATTGGCTCCAGTTAAACACCCTACTCTCTATGTTCTTGATGAACCCACAACAGGCCTCCATACCCACGATGTCAAACAACTTATTTATGTTGTGCAATCCCTTATTCATCAAGGGCACTCGGTGATCATCATCGAGCATAACATGCATGTGGTGAAAGTTGCAGACTATATACTGGAACTTGGTCCTGAAGGAGGAAATAAAGGCGGTTATCTCATAGCTTCTTGCTCTCCAGAAGAGCTAATCCATAAACATACTCCAACAGCTATAGCTCTCCGTCCTTTCCTATCTTCTCCTCAAGAACTCCCTTATCTACCTGATCCGAGTCCCAAACCTCCTGTACCCGCCGCCATTACTATTGCAAACGCTCACCAGCATAATTTAAAACATATCGATCTCTCCATACCTCGATATGCGCTTACTGCTGTGACAGGTCCATCCGCTTCCGGGAAACATTCCCTTGTATTTGATATTCTGCATGCAGCAGGAAACATCGCTTACGCAGAGCTATTCCCTCCCTATATCCGACAAGCTCTCATAAAAAAAACTCCTCTTCCTGCTGTTGATAAAGTAACAGGACTATCCCCTGTTATCGCGATAGAAAAAACGAGCGCCTCGAGAAATTCCAATCATTCTGTGGCTTCTGCATTAGAAATCTCAGAAATGCTAGAAAGCCTTTTCACACGAATCGGCCATCCTTATTCTCCGATTTCTGGTGATACACTAAGAACTATTTCTCCTGAAACGATTGCTGAAGAATTGCTCACGCATTACACGAAAGGCTATGTAACGATTACTGTTCCTTTCCCTAAAGAGGAAGAGTTTTTCTCTTATACGCAAGAGATGCTTCAGGAAGGGTTTTTAAAACTTTATGCTAATGAACAGTTCTATGATTTAGATGGGCCTTTCCCTACTTCTTTAGAGAACCCAGCTCTAGTCATCCACCATGTCAAAATTTTAGAAAAAAATCTGCCTTCTCTTTTGGCTTCTCTTACTTTAGCCTTTAGTAAAGCTTCTTCTGTCTGTCTGCATATCGAATATGCTGGAACAAGCTTATCTAAAACATACCGCCAAGGATTACAAGATGCTTCTGGGAACCTATTCCCTAATATAGAAACACCCTCTATCTTGAACCATGAGAGCTACTTATGCCCTCTCTGTCATGGAAAAGGCTTCCTATCCACTTGTTCTATTCTTCCTCATAAGAAACGTTTCGCACAGCATACCCCAATTTCCTTATTCACAAGCCTATTTCCTAACCAGGATCCTTCACCGATCTATCCTCTTCTGAATGAACTAGGGATCCCTTCCATTGCTCTATTCCAAGAAATAGATGTTCTTTCTTTTGAATCTCTTTGCCTAGGAACACAACAACATCTGGGATTGAATGCTCTTTGCACAAAAGCAATGTTAATGGAATCCGAAGAAGATTTCCCTCCCGACCTTATCTCCAAAACTCCGTGTAACCAATGTCAGGGTCTTGGCGTATACACCTACAAGCATTGCACCCGTATTCACAGCATTTCCCTATCAGAAATTTACCAATCCAATGTCGCTTTTCTTAAAAAGCTCTTACTTTCTGTAGAAGAGGAACCCTCTCTTGTTCAAGATATCCTTAGTAGATTGGACCTTCTAGATCGAGTTGGGTTAGGCTATGTTATCCTCGGACAAGAACAACAGTCTTTGAGTGACGGAGAGCATTATAGGCTTCTATTGGCAAAAGCTTTTTCATCAGGTCTCACTGATGTTATCTATCTTTTAGAAGATCCCTTAGCAGGGATTCACCCAGAAGATGCTCCTTGTTTGCTTGCTGTTATTAAAAAACTCGTGACCAACCATAATACAGTAATAGTGACGGATAGAGAAGGCTCTCTTGCGGAACATGCTGATTACCTGCTTCACCTGGGTCCTGAACCTGGTCCTAACGGAGGCTATCTCTTATCAACCAGCGCTCTTAAACAATCTCAACCGGTACTTTGCAACACACGCTCTTCCGAAGAAACACCACAACTTTCTGTCTCAGTATCCACTTCTACGATCCAAATTGAGAACCTTGCTTTCCCTTTACAACGACTCTCGACTATTTCTGGTGTATCAGGATCTGGCAAAACAACCTTACTAAATAGCATTTACGAACATGGCTGCGCTATTCTTGAAAAGGATCCTTCTGTATTCTCAGAAATTATTTTTCTAGATTCCTATCCCCAAATTGCATCTTCTCGATCCGATATCAGCACTTATTTTGATATCGCTCCTTCATTAAGAAATTTCTACGCTTCTCTGACTCAAGCAAAAGCTTTAAACATCTCAGTTTCTATGTTTAGTCCAAATACCAAACAAGGGCAATGTTCGGATTGTTGGGGACTAGGATATCAATGGATAGATCGAGCCTTTTATGCTATGGAAAAACGTCCTTGTCCAACATGTGGAGGATTCCGTGTACAACCACTCATACAAGAAGTTGTGTATGAAGGGAAACATTTCGGCCAGTTATTACAAGCCTCTTTAAATGAAGTAGCTGAAACTTTTTCTTTCTTAAAAAAAATCCAGAAACCTTTACACACCTTAATTACAAATGATCTTGGCTACTTATCATTGGGACAAAATATGGCCTCTCTGTCTCTAAGTGAAAAAATTGCCATAAAATTAACTAAACATCTATTCCTTCCTCCTAAACATCCTACTTTATTCTTACTAGATGAGATAGCTACCTCTCTTGACAATCAACAACAATCCGCTCTGCTCGTCCAACTCAACACCTTGGTGTCTTTAGGACATACAGTAGTGATCATAGAAAACCACCCCGCCTTCTCTCAGCAAGCTGATTTTTGGATACAAATGGGACGTAAAACAGATAATCACATTCTCTTTGCAGGACCTAATCCCAATCTATCTTTCACTTAAAGCCTCACTTTAAATAAAATTTGAGATACGCTTGCCTATTCCTTGGATTAGCTAGATGCTGTTAAATTATGAGACAGCTATAAAAAATATACTCTCTCTTTTACGAAGTTAGAGTAGATTAATACAGGGGAAAATGCGTAAACTAATCAGCAAAAAGATTAATGAAACCCATTCATAGTTTTCTTCATCAAGAATAGTATAGCACGATTCTTTAGTTATGACCTCTTATCAAGTTTCTTCAAGAAGGTACCGCCCGAACAATTTTTCCGAGATTCTTGGCCAGGATATAGTCGTGTCTATACTCAAGAATTCCCTGCGTCTGAATCGCGCAGCACACGCCTACATATTTTCTGGTATTCGTGGGACAGGCAAAACAACGTTAGCCCGTGTATTTGCTAAAGCATTAAATTGTCAAAATCCTACACAAGATCAAGAGCCTTGTAATCAATGCGCTATTTGCAAAGAGATCTCTCTTGGAACGTCTATGGATGTTATCGAAATCGATGGTGCTTCTCATCGAGGAATCGAAGATATCCGGCAAATTAACGAAACAGTCCTCTTTGTCCCTTCAAAATCTCGCTACAAGATCTATATTATTGATGAAGTACATATGCTAACTAAAGAGGCTTTCA
CP156063.1_gap12	382921	385388	2467	TGGAAATGGCTTGGTATCTGTAACTATCAACGGAAAATGTGACCTGGTTGATGTTCGAATTAAACCAGATTGTCTAGATCCTGAAGATCCTGAAGTAGTGGCAGACTTATTCCGCGCAGCATTTAAAGCAGCTAAAGCAGCTTTGGATAGTGAAATGTCCGCTATGCAAATGGGAATGCCGTTCTAATTTTTTCCGTTACACATACAGGAGTTGATGAACCTCTTCGTATGTTTTCGCCCGCAATAACTGCTTCGTTAAACGAGAGCACTCCCTTGAGTTCAAATCTAATAATCGCATTTTCAAAGAATTTATTGCTGGGATGACAGCTGATAACTCCTTTACCCCTAGTCCTAAAAACATAGGCAGAAGAGCAGGGTCTCCTGCCATCTCTCCACATACAGATACGGGAACATTCTTCTGTTTAGCCTGCTCTACAACATGATGAATCATTCTAATAACAGAAGGATGCGGCACTCTACTCCGCTCCCCAAGTAAGGAACGCTCTCTAGAAGTGCCTAAAGTATACTGAGCAAGATCATTAGTACCTAAAGCTACAAAAGAACTCTCTTGTAAAATTTCCTCTATCATCCAAACTGCAGAAGGGATCTCTATCATGCTTCCCCATAAGATATTTTCACTGATCCCTTTCAATAGCCGAATTTCTTCTTGAAAAAGCCGCTTTACTAAAGCAATTTCTGAAGCATCTATCACCCCAGGAATCAATACCTTAAGTCGTCCTATTCTAGAAACAATAGCAATAGCCTGCAACTGCTCCTTCAATACTTTTTCTTGTTCTAATAACCACCGTACTGACCGATGAGAAGAGGAAATACAAGGACACTCTTTATCCTCTCCAAAATCAAACAAACGCAATACATGAATATCTGAACACTGAAACTGAACTAATTGAGCATATTGATCAGCTTGTTCTTCAACACAGGGTAAGCGTCCCAAAGAAAAAGCCATAAATTCTGAACGGAAGAGCCCAACACTTGTCCCTGGAGACTCCCTTTCAATCATGGGCAATTCTTCTGTACTTACTATCTGTGCTGAGAGAGAGATAAGAGGCAGATTTTTCCCTGTCTGCACCTGCACTGGAACAGTGACAGAAACAGACGCTTGCTTACGATAATAAGTTTGTATCGTACTTAGCTGAGGATTAAACGTAATCTCTCCCTTATCCCCATTAATGAGAACTAATGTCCCACTAAACTCTTTAATAGTATCCCATAACTCTGTAGTAAAATTGGCAACATAAGGAATATTTTTAGCCAAAGATACAATCGCGGTATGCGAAGTTTTTGCGCCCTCTAAAGATACAAAGCCCCTGATGTACTCGGGATTAGCATTTGCGGCTTCCGAGGGAGTAAGCTCTTCCGAAAAGACAATAAGATTCTGATCAAACTCCCCTAAAGAACTCTTATGCTGACAACAAAGATGGCCAATCACTCGATTAGAAATATCATGGATATCCTGAACTCGATCTACTCTGGTAGCAGTCGTCTTCTGTACAGCACATAGAGATTTCTCTATCTCTCCCATGACAGAAGAAAAAACAAACTCCGCATTCTTTCGATCTTTTCTAATTGTTTTAACCACCTCTTCCGTGAGAAGAGGGTCTTTTATAATTTCTAGATGTGCCTGCAAAATGGAAGCTATCTCTTGATATCCCTGCTTTCCCTTTGCTTCTTTTTCTAAAGCAGCTAGATCTGAACGAGATCTCTTCAAAGCCTTGTAGTAGCGACTGATCTCATGTTCCACTTCTTCTTGAGGAAGAGTTAGCTCTCGTATCCGCAAAGAAGATTTGCCCAACAATAAAGCTTTCCCTAGCCCTATTCCAGGGACTATAGGCTCCCCTACAATAACAAACTCCTGTTGCAACTCCTTATTATCTTGACCCGTAACGCTCATTACAACTCTCCGAATCCAGAATTAAAAACCTCGGAGAGTTTCTGCATTACTCGAGAAGCAGAGGGGCCTTTTATATGAACAGCAACCTCGCCATTATAAGAAGCTCCTAACATAAGAATACTCATGACGCTCCTAGCGTTCACGGTTTTCCCTAAATAGGTCAGAGTCGCTTCGCATTCTTCGCCTTCGAAGAGTTTAACAATAGTACCAGCCGGACGCACGTGTATCCCAGAAGAATTCCGTATCGTAAAAACTGCTGAGAGTTCCCCATCTTCCATAAGAGGAGCTTCTACAGGCCTATGAAGAACTGAATCATTCCCCCCACTCATAGTATTCTTCCCTGTACGTGTAAAAACAAAATGATGATAAGCTAAATCCAATCAAAAGAATACGATAATAAACCCTTAGAGCTTCTTTTCAAAGCTAAAGAGAAGAAAAGCGTACTTTTTTTCTAAAACTAGCCTTCTAAGGTTTTTGAGATAAAAGATACTGTTCCAGCCAGAGTAAAAACGTATGATAATGACTATCAGAAAGCATTTCTGAAATGGCAATTTT
CP156063.1_gap13	406117	406946	829	TTTTGTGTGCTAAAAACTCCAAACCAGCCTTAATAGTCAATACCCGATACGTCCATTGTGTAATCTGGGCAGCCTCGTCAGCAAGCTTTTGATAATACTCTCGCACCATCCCCGGAGTTACTTTTAACATCACACGTGAGCGTACCATCATTCCTTCTACGCGCTGAGCTACTAAGATCCGATGTACAACGTTAAAAACGTCTTCCGGAGTCATATCAAAAAACTTCGCGAAAGGAGACAAATCACGACCGAACATCGCTTCTATCTCTTGATTCACTGAGGTAGGGTCTATAAAAATCTTCTTAGCCTTAGCATCTGCAGCCATGAGAAACTCGTTAATTACCGTTTCCAGAACCACAGGCCACATAGCAGAATAATATTGAGATCTTGCAGATACAGAATCTACCAACTGCGGGCAAGTCGAGTAAAAAAGAATATTCAACTTGCGAATCACATCTAAAGTCGTGACGACAGTGTCTTCGTCTACCTTAAATAACACCCGATTATGGATGGCTACTCCAGAAGGATTTTGCTCAAAGGAACCAGACGAGAAAGCTCCCTCATAGCCAAAAGCGATTCCAGAAAAAATCGTGATCCCTAGATAGCAAGCTATAACAGCACGTTCCACTACTCGCATCCTTGATTTGTAGTTTTTAGGTAGAAAAACCTTAAGAATTTTGGGTTGTTCCTCCTCCCCTTTTTCTTTGGATCTTACCGCCTCCCTAGAGATGTGGCAAACACCCAAACAAAGCAGCTTATATTCTAAAAAAGAACCTACCCTCGTCCTAGGTAAAAGCTATAGGGGAGGAGGGACCCAGCCGTCAGAACA
CP156063.1_gap14	408109	409199	1090	AGAGAGCGAATCTCTTCCCCGGACCACGTGTACTGGCTATCAATATCGGTTCCTGCCCACTGTTGACCGTATTCAGAAAGATAAAAAGATCCTGATTTAGGATCCGTTAGCTCTTTAATTAAATAATTAAGAACCCGTTTCGCTACAATGACGAACTCCGGATTTCTCATATATACGCCGGCTTCAGTATAAACAAGCATCATAAGAGCATTGTCAAAAGCTCGCTTTTCAAAGCACGGAATCAACCAACGATCATCTATAGTGTAACGGAAAAAACCTCCCGCTAAATGATCAAAGATGCCCCCATTTGCCACAGATTGTAGAGATCTATTCACGAAAAAAATAGCCCGACTATCTTGATACTCTGCTCCTACCCGCAAAAGAAATAAACTAAGCAACCCAGGCAATATCTTAGGAAATGACTTCACACCTCCAAATTGCGCATCCACATCGCGATAAATAGCTTCTGTCACCCTCTTTAAGCATTCTTCTTCTAAACACTCTTTTTTACAAGAACACCCTTCTAGAAAGGCGGCTACTTCAAGAACTCTTTCTGCCTGTTGAACAAATACCTCTCTATCCTCTCGATCTTCCCACATGATATGTAACTTTTCCAACATCTGGACAAAGGACGAGGCTCCCATTTTCCCTGCAAAGCTAGCATATCCCAAGCTAAAGAAAGGCAAGAGATTGGGGGTAAGGAAAACATTCAGAGGCCATGTTGGAGAATCTTGTACCTCTCCGGATACGGAAAGCATCTGAGATAATTCGAAATATAGATTTGCCAGATGAGGCAATTCTTCCTTATCTACCTTAATACAAACAAAATACTCGTTTAAAATCGCTGCAACTTCAGGGTTTTCATAATTTTCCTTAAGCATGACTTGGCACCACTTAGAGTGAGTGCACCCTATAGACAAAAAAATCGGTTTATCCTCTGCAGAAGCCTTTTGGAATGCTTCTGCCGACCAAGGGTACCAGTCCACAGGAGTATGAGCATAAAGAAGAAGGTATGGGGATTTTTCGGTAATAAGTTTATTCGTGAAAGGCTGGTCTGTCGTCATGATAAAAAATAAAAAAAACAAAAGGT
CP156063.1_gap15	590262	595072	4810	AACGAACCCGTGCTGCTTGAGAATTCTTACTATTGCTTCAAGCATTTTACTATGCTCGATATCAACGTACAAATGCTCTGCCATCAAAGCATTTCGAATCCGTGTCAATAAATTTGCGATTGAATCACTCGTCATTCCCATACCGACCTACATCTCCCTTATTGAGCCTTCTTGAAACGCAAGCCCATACACTCTAACAAGGTAAGGCACTCCGCATCGGTTTGTGCTGTAGTTACCCAAGTAATATTCATTCCCTGAGATCGTTTAACACGATCTAAATCAACTTCAGGAAAGATTTGCTGATCATCTAAACCAAAGGAATAACATCCTCGTCCATCTCCTTTACAAGAGAATCCTCTAAAGTCTCGAATTCTTGGGGAGACAATATTGCAAAAACGGTCCATAAAGTCATACATACGGATTCCACGTAGAGTGACTTTTGCTCCGATGCCCTGACCCTCTCGTAACTTGAAGCCTGCGATAGAGTTTCTAGCTCTTGTTACCAAAGGTTTTTGACTAGAGATAACCGCCAATTCCTCTAAATGAGCCTGGAAAAGGTTTTTATCCTTTGCAGCCTCTGCAAGCCCCATGCTTATTACGATCTTCTTAAGAACAGGGATTTGCATTACATTTTCATACTGAAACTTATCTTGAAGAGTCTTTCTTATCTCTTCAGTATATAGTTTTTTTAACCTGCTCATATTAACCCTTTCTCTCTCTTACCGATCGGTATAATGAAGAACTTCCATCGGAATGCTTATTCCAAAGCTCTCGTCCTTTCTCTCTAACTTTGACAAACAGTCTAGCAGGCTGATTATCGATACTTAAACGTACGTTAGAAATATGGAGAGGAGCCTCAATATTAATGCGCTTCCCTTTAGGATTCTCTTGAGAGCGTTTAATATTTTTTACTCGGACATTGATTCCTTCAACGACAACCTTATCCTTTAAACAACGTAAAACTTTCCCTTGCTTACCTTTGTCGTTTCCAGCAAGCACATAAACAGTGTCACCGACACAAACACTACGTCTCTTCATACTATCTTACCTTTAAATCACCTCGGGAGCCAAAGAGCTAATCTTAACAAAGCCTCTGTCTCGAATCTCCCTTGCTATAGGCCCAAAAATTCTAGTTCCTTTAGGATTGCCTTTATCATCGATGATTACACAACTATTCGTATCGAATCTTAGTGTAGAACCATCTTTACGATGGATATCGTTTCGAGTCCGTACGATTACGGCCTTAACAACATCCCCCTTCTTTACGGAACTATCAGGCTCAACATCTCTTACAGAGCATACAATCACATCACCGACCGTTGCATAACGTCGACGAGATCCGCCTAGAACCTTGAAACACTTAACTTTCTTAGCCCCCGTATTATCGGCAACTTTTAACTGACTTTCTTGCTGGATCATAATTGCTAAACCACTACTAATTTACACGTCCGACAACCCGCCATCTCTTCGTTTTAGACAAAGGACGCGTCTCTTGGATTCGAACAGTATCACCTTCTTTCACATCCAACTCATTATGCGCATAATACTTGCTAGAATCCCTAACCACCTTAGCATATTGAGGGTGCGAGTATACCCTTTCGACTCGAACAACAACAGTTTTTTCCATTTTTGATGAGACTACTACACCAATTTTGGTCTTTCTACGGCCTCTCACATCACTAGCCATGGACTCTATCCTTTTTTTCTTGTTTTATTGTTAGAGCACGAGCAATGCTTTTCTTATACAGAGAAAACTGATGAGTTTTCACAACTTTATTCTGTAAAGCAGCTTCCGCACGCAAAGCGAAGAGAGCTTTTTTATTATCACGAATAAACTCATCCAACTCTTCAGAGCTCTTCTCTCTAAGCTCCGCTAATAAATTCTTTTTTGCTCCCATACTATACCCTTTCCACACGCTTAACAAATCGTGTTCTAATTCCTAACTTTGCAGCAGCTCTTCTCAAAGCATCCTGAGCATCTTCTTTCGAAACGTTTGCCACTTCGAATAAAATACGTCCGGGACGGACAACAACTACCCAGTGATCAGGAGCTCCCTTACCTTTACCCATTCGAGTTTCAGCAGGTTTTTTCGTTACACTCTTATCTGGGAAAACTCGAATCCAAACTTTCCCTTTACGTTTTAAATATCTGTTGATAGCAACCCTGCATGCCTCAATTTGGCGGCTGGTAATCCATCCTCTTTCCAGAGTCTGCATTCCAAATTCGCCGAAGTCAACAAACGTTGCTCCCTTACTCAATCCAGCAAACTGACCTTTCTGCTGCTTGCGAAATTTTGTTCGTTTAGGCATTAACATAATAATTCACACACCCTTATAACCTATCTGCACTACGCAGCAGCTGTTGAAGCAGCACCTGCATGATTAGCCGCAGGAACGGCCTTCTTTTCACCAAGATTAATCCAAACTTTTATGCCGATAATTCCATAAGTAGTTTCTGCAGACGCTGTAGCATAATCAATATCTGCTCTGAGCGTATGAAGAGGCACACGACCGTTCTTATACCATTCCGACCGAGCAATCTCAGCTCCAGCTAAACGACCAGAAACCTGAACTTTTACTCCCAAAGCACCTGCATCCATTACAGATTGCAAAGCCTTTTTCATTGCTCTTCTGAAAGAAACCCGTCTTTCTATCTGTTTGGCAATACCGTCTGCGACGAGCTGAGCGTTAAGCTCTGGGCGTTTAACTTCTGCAATCTCAACCCAAACATCTTTGTCTGTTAGCTTTTTCAGCTCGGCTTTCAGAGACTCTACTTCAGCCCCTTTCTTCCCGATTACTAATCCAGGTCTAGCAGTATGGATAGTAACTTCAATTTTACCGCTCATACGTTTAACAACGAATCCCGCAGCACCTTGACAAGAAGGTTTCTTCTTCAAAAATTCTCTAATTTTCACATCTTCAATGAGAAATTTTCCGAATTCTTGATTATTCCCATACCACAAAGATCGCCATTTCTTAGTAACCGCTGTGCGGAACCCTATTGGACATCCTTTTTGACCCATACCTTACTCCTACTGCCCTCTCTCGCCAACAATCACAGTTAGATGACTCGTGCGCTTCAAAATCGGGGCTCTTCCCCCACGACTCTTAGACTTCATTCTTTTGAACATTGGGCCGACATCAACCCGAACTTCTAGAACGCAAAGATTTTCACGTTTTATATTTTCATTGGACTCTGCATTTGCAATAGCGCCATCCAACACTTTTTTAAGGCATCTTCCAGCCTTCATCTGAGAAAAGCTGAGTTGCTGTTGAGCTTCAACAACACTACGGTTTCTCATCAATCCTGCAGCTAAACGAGCCTTTCTTGGCTGAACCCGTATGTATCGGGCTGTCGCTTTAAACATAACCTGTCTCCTTATGACTTACCCTTTTTTAACGGGATGGCTCTTAAACATTCTTGTTGGAGAGAACTCTCCCAACTTGTGTCCAACCATAGTTTCTGACACAAAGACCGTCAAAAATTTACGGCCATTATGAACCTCAAAAGTGTGCCCAATCATTTCAGGGGTAATCATAGAACGACGAGACCACGTTTTGATTGGAGTTTTCTTCTCCAAAGCGTTCATATCTCGGACCTTTTTGAGAAGGTGATGATCAACAAAAGGACCTTTTCTTAGCGATCTACTCATAATCCCTATTTCCTTCTATCCTTAACTATCCACTTATTACTCTTACGCTTATCACGAGTTTTCAATCCTTTCGTGACTTTACCCCAAGGGGTCTGGGAAATGTATCCGTTATGACGCCCTTCACCACCTCCGTGTGGGTGATCAACAGGGTTCATAGCTGTTCCTCGAACTGTTGGCCGAATTCCTTTCCATCGACGACGCCCAGCTTTACCGTCTACACACAGATTGTGATCTGCATTGGAGACCTCTCCGACAGTAGCTCGGCACATTTCATTCAACATACGAAATTCGCCAGAAGGCATCTTCAAAGTGACGTATCCAGCTGTTTTAGCGATGATCTGGGCTGAAAGTCCTGCAGAACGGACTAATTTACCCCCGGAGCCAGGTCTCATCTCCACGTTATGAACAGAAAGTCCCAGAGGGATGCTCTTAAGAGTCATGCAGCATCCAGTTTTGAAAGGACTTCCTTCTCCAGAAATCACACGATCGCCTCGCTTAATTCCTTTAGGAGCTAGAATATAACGCTTTTCTCCATCTACATAATTCAATAGAGCAATATAAGCAGAACGGTTTGGATCATACTCCACAGAAGCAACCTTCGCTTCAATACCGTCTTTATTACGTTTGAAGTCGATCACTCTATAATGACGTCTTACTCCTCCTCCACGATGGCGGCAGGAAATATGTCCTAAATTATCTCGTCCTCCAGAGCTCTTTTTGAAAAAAGAAAGCTTTTTATTTGGACGAACACTTCTTCTAGAACTAGATCCCTTTAACTCTCCTTGAGTAGTAAGCTCATCAAAAGAAGGCAGAATTAACTGTCTCGTCCCGGGAGTTACTGGCTTAAACTTTTTAAACATGTTATTCTTCTCTTCCTTCTTTACTAACCAATAGAGTGACCATCAACAAAAGTCACAATAGCCTTCTTAAACCCTGCGGTTCTTCCTTTTCTTCGGCCTCGGAATATTCTTGTAGGTTGAGGTTTAACACACATGGTGTTTACTTTTTTAACCTTCACACCTTTAGCAGAATAAATTGCTTCTATGGCTTCAGCAATCATAGGCTTCGTGGCGTCCCCAGCAACAATAAATATGTACTTAGGATCTTTGCAGAAACTGCCTTTCTTTTTACCTTCTCCGTCTCCGAGACTCAAACCT
CP156063.1_gap16	605582	608083	2501	AACAGGCCTAACCTCCCCATGCTCTAGGGGTAGGGGCATCCTGAATCGACTACATGCTATCATGATTTTCCGTTAGGCACAAGCTCATTACGTTTTTCAATAAGACTTTGAATTCAAATGAAAAACTTCTATGTCGAGCAAGAAAATCATTTCTCTAAAGCCCTTCGTACTAAGGGCTCAAAAATTTTTGTTTCTATATAGCCTTGTCCTTTAGGTTTGTAAAGAGAACTTAGAAGATGTTTTTATAGCCACCAAAAGAACATTCTGTTGAGCTTAACCTTTTATTAAAACAGCTTTCTCTCTATACTGGCCTCTCATGCAGCTATGGCGGAACCGGTAGACGCGCTAGATTCAGGTTCTAGTGAGCTTTTGCTCATGGAAGTTCAAGTCTTCTTAGCTGCAAACTTCTTTTCAACAAACGCCCGGGACAGGGGCATCTGTCTTGACTTTTTCGTAGAGGTTATGGCTAACTGGCCTTTCAGAACACGGCTAGCCCCGTTTGCTTGCGGTTCTTAGGGAAGCCCTGAAACCTCCTAGCAAGGATTTACATAGATTTTAAATTAGGAACAAGTTTTATGGTCCAAGTTGTATCTCAAGAAAACTTCGCTGATAGCATTGCTTCAGGACTAGTCCTTATCGATTTTTTTGCTGAATGGTGTGGCCCTTGTAAAATGCTGACCCCAGTACTCGAAGCTTTGGCAGCAGAACTTCCTCACGTCACTATCCTAAAAGTGGATATTGATTCTTCCCCTAGACCTGCAGAGCAATACAGTGTTTCCTCTATCCCAACGCTGATCCTCTTTAAAGATGGAAAAGAAGTGGAGCGCAGCGTTGGACTCAAAGACAAAGATTCTTTGATCAAGCTTATTTCCAAGCATCAGTAGATGCTCTCTTCTCTAGAAAAGGCCGAGAAATTCTCGGCCTTAACATGATTCAAAATAATGTTTTGTAGTTTTGCCGAGCGACTTCATACATAACTATCCCTACTGAAGTAGCTAAATTCAGGGATCGAGTCCCTTCAATCATAGGAATGTATAAACACTGAGACGAATAAGCATCCAAGACGGTCTGCGGCAATCCTTTTGATTCTGCTCCAAAGATATAGGTTCCATCTAAAGGCAACTCTCTCTCCCCATAATAGGAGGAACCCTTTGTAGTTAGACAAAAAATGCGCTCTTTAGGCACCCCTAAAAGAGCTTCTTCTAAAGAATCTACCACGGATAAAGAAAGCCGTTCCCAATAATCCATTCCGGCTCTCTTCACAAATTTATCTGCTAAAGAAAAACCTAAGGGCCGAACTAATATAAGTTCAGCCCCTAAAGCCACACATGTCCTACCAATATTCCCTGTATTCTGAGGGATATCTGGATTGTGAAGAACGATGCGCATAAAAAATCCTAACGACTATTCTGTAACAGATACATTATCGTCGTTTGCTTCAATTAACTTCACTTCAAAAATGAGTAGAGAGTTTGGAGGTAATTGTCCAGCTGTTCCGTAAGCTAAATCTGGATGTATGTAAAGAACTCGAACCTCTCCTTCTTTCATACCTTGCATACCTTGGGAAAATCCAGGAATTACTTTGGTCAAAGGCAGTAAAATGGGCTCTTTATTCTTCTCTGAAGAATCAAAAACCTTCCCATCGATGAAGCTCCCTGTATAGTGAAGCAAAGCTGTAGGCTTCCCAGAAAGAACCCGTCCTGTACCCTCTTTCACAACACGGTACTGTAACTTATTAGGCTCTAACTCAATAACCCCAGCCTTCTCTTTATTTTCTTTTAAGAATTTTTCTGCAGAAGCTAAATTTTCCGAGCATTTTGCTTCGAAACTAGCTTTTTGTACTTCTGCCATTTGTTTTTCATATTCTGTGTCTGTTAAAGGAGCACTCTGTCCATCTATTTCAGATTGCATCCCTTTAATCACTTCAACAAGATCTAACGAAAAATCTTCCGTTCGGCTCAACTGACGAGACAATAAATGCCCAAAAGTTCTTGATAACTTTTGATTGTCTGTCAATGCAGAGTCTTCTACCATGCTTTTCTCCGTAGCCGATGTTTGCGAACCGCCTCCGTTATCACATCCTACGATAGGCAGAGCGACTGCAAACATAAGCATCCAACTTAATATATTCTTCATTCGTTTCTTCCTCAGTTGCACCTGATTTTCTCAGATGTGCTTTTTTGAAAACCGTTTCCTAGGTGAAAGACATCCACCCTTATCACATGCTGTAAAAAAAAAAGCCCGTTTTCCCAACCTCTAGAGCAAAAACGATATTATAGTTTCAACCCCAGTTCTTTTAATTGAATCGGCAAAATTTCTGAAGGTGCCGACATCATCAAATCTCCTGCTTTCTGTGTTTTAGGGAACGCAATCACTTCTCGAATAGTTTCCGCTCCTGTTAGAACCATCATAATACGATCTAATCCCAGAGCAATCCCTAAATGTGGAGGAGTCCCAAAACTCAACGCATCAATAAAAAACCCGAACTTCTCTTTTACACT
CP156063.1_gap17	615064	619096	4032	ATGGATTTAATAAGTCCCATGCCGCAGCTTACGGTCTTATAACCTACACAACAGCATATCTTAAAGCCAACTACCCCAAAGAATGGCTTGCCGCCCTTCTCACTTGCGATTATGACGATATTGAGAAAGTTGGGAAGCTAATTCAAGAAGCTCACAGTATGAACATTCTCGTTCTGCCTCCTGATATTAATGAGTCTGGACAAGATTTTGAAGCCACTCAGAAAGGGATTCGCTTTTCTCTAGGAGCTGTCAAAGGCGTTGGAATGAGCATTGTGGATAGTATTGTTGAAGAGAGAGAAAAAAACGGCCCCTATAAAAGTCTGCAGGATTTCGTTCAACGCGCAGATTTTAAAAAAGTCACTAAGAAACAGCTTGAAAATTTGGTGGATGCAGGAACCTTTGACTGCTTCGAACCTAATAAAGATCTTGCGCTGGCAATCCTTAATGACCTTTACGACACGTTCTCTAGAGAAAAAAAAGAAGCTGCTACAGGAGTCCTAACCTTTTTTTCACTAGATAGCATGGCTAGAGATCCTGTTAAAATTACTGTCTCTCCTGAAAATGTTATCCAACGCTCTCCTAAGGAGTTGTTGAAAAGAGAAAAAGAATTACTTGGAGTATATTTGACTGCCCATCCTATGGATGCTGTTGAACACATGCTCCCTTTCTTATCTGTAGTCCCAGCTCGAGATTTTGAAGGACTCCCTCATGGAACCATTATTCGTACAGTCTTTCTAATCGATAAAGTCACTACTAAAATTTCCTCTGCAGAGCAGAAAAAATTTGCACTTTTACAAGTCAGCGATGAAGTCGATTCATATGAACTTCCAATCTGGGCCGATATGTACGCCGAATACCGTGATCTATTGGAAGAAGATCGTCTTATTTATGCCATTTTGGCTATAGATCGACGTAGTGATTCCTTGCGTCTATCTTGTCGGTGGATGCGAGACTTATCTACCGTTAATGATTCAGTAATTGCGGAATGCGACGAAGTCTATGATCGACTGAAAAGTCAGAAAGTATACTCTTCAACGAAAAAATCAACCGGAGCCCAGTCCTCAGCAATGATAAAGAAAGTAGAGACTAGAGAGATCTCTCCCGTAACCATCTCTTTAGATTTAAATAAATTACGCCATAGCCACTTATTTATTCTCAAAGGGCTGATACGCAAATATTCTGGATCTCAAGCACTCTCTCTTGTATTCACAAAAGATAATCAGCGGTTCGCCTCTATCTCTCCAGATGCAGATTTTTTCGTAACAGATGATATCTCTTCTCTTCTTCAAGAAATTGAAGCAACCAATATCCCTGCTCGCGTTCTAGCCACTACAGTATAACTATTTAAAAGTGAGATGCTCCTCTCTTTGGTAAGATCTCTACATAAGTCTCTTGCCTTTACCGCACTTTGTCGTGGCGATCCAGACAATGGTCTCCTAAATCCTATACCCGACTAAAAAATTTTGAGGCTCTCTAGCAAACGAAGGTGGAGCTACTCCACCTTCATTTCAAGAGAGATCTATGAAAAAAGCTATGCGCGGAAGGAAAAAGAAAAAAAGAGGTCTGTGCTATTTGCAGTATGTAGGAGCGAAATCGAAAGGTTTCCCTGTAATAGCATTAATATACTCAACACGAACACTACTATCCGAAGCTGCAATAGAAACCTTATATACCGGAACGTGAATCTGTTCAGAACTCAAAATAAAGAAATTATCGCCAAAAATCATTTCCACAAGATTTTGAATACGATCCTCTGGATATACCACGGAACATACCGTAGATCCTTTCGGTTTTGCTAACCAAACAGGAGATGAATTGAATACAGTCATGCATCCCTTAATTGGCTGAGGCTGCTGGAAATGACTGTAAATCAAATTATCATGGGTAAATATTAATTTCTTCTTCTGACATGCACGAATCACACGATCGGCACGAACATTACGCATAGACAATGCTTGTGAAAGAACTTCTCTCGATGCAGATCCTCCCATACCAGCTAAAACCTGCATAAGCTGCACATCTTGTTTCCCTGCTTTTAACATGAGGCATTCTCTAAATCCTTTAGAGTATGTCCAAGATCCAGTATTCAACACCATCTCTCCATTAGACAAACTCCAAAGCATAGCTCCTTCGTGACTTCCAGCACGTTTATCTTCTTCCCCCGAAAAACGTACACGCATAAGGACATGAGGAACAAATAACAATTCTGCAGAAGCTTTGTCTTTGGCAAACATGGCTAAGACCTGTTCTTCCGATACACGTCTTTCAAATACGCATAAGCGCTCATTACCTGAAATCTTACGAACTAATTGAGAACTTTTTTCAACGAGTTCGATTCCGTAATCCATAGCAAATTGTTTGATTCTATGTGAATAAGGGATCTTATCCCAAAACACAATAGAACTAAAAATAGCCGCAATAAAAACAACTTTCTTCATAACCCAACCTTTTTATTTATTTTAATAAATAAAAACAGCAATGCCAAATAAATTTTTTTGTTTTTGCTAAACAAAAGCTATAAGAGATTTGACAAATTCTCTTTTTCTTTTTTATGATGACGCTTTGTTATTATTGTCCCTGCGTCTAGCTATGAAAGTCATTTTAAGAGCGCTTTGCTTGTTTCTTGTGTTGCCCTGCGGATGTTATGCACGAGTGCCCTCTTTTGAACCTTTCCGAGGCGCTATCGCCCCAAACCGGTACACTCCTAAACATTCCCCAGAACTCTATTTCGAGATGGGAGATAAATACTTTCAGGCTAAAAAATTTAAGCAAGCTCTTCTTTGTTTTGGAATGATAACACATCATTTCCCAGAACATGCTCTTCATCCTAAAGCACAGTTTCTTGTAGGGCTCTGCTATCTTGAAATGGGCCATCCTGACTTAGCAGATAAAGCGCTAACTCAATATCAAGAGCTCGCCGATACAGAATATTCTGAACAATTATTCGCCATTAAGTATTCTATCGCACAAAGTTTCGCTAACGGAAAACGTAAAAATATCGTTCCTTTGGAAGGGTTTCCTAAGTTGTTGAAAGCAGATACAGATGCTCTGCGTATTTTTGAAGAAATTGTGACAGCATCTTCCGACGCAGACCTCAAAGCTTCTGCTCTCTACGCAAAAGGTGCTCTTTTGTTCGACCGAAAAGAATATTCGGAAGCGATCAAAACTCTAAAAAAAGTTTCTCTTCAGTTTCCTTCACACTCTCTTTCTCCAGAGTCTTTTACCCTTATTGCAAAAATCCATTGCTTACAAGCTTTGCAAGAGCCCTATAATGAACAGTATCTTCAAGATGCTCGGATGAATGCAGCAGCTTTACGTAAACAACACCCTAATCATCCTAGCAATACAGAAGTAGAGAACTATATTCATCACATGTGCGAAGCTTACGCTTCTTGCTTATATTCAACCGGACGCTTTTATGAGAAAAAGCGAAAAGCCTCTTCTGCAAAAATTTATTACTCAATAGCTCTAGAAAACTTCCCTGATACCTCCTATGTTGCTAAATGCAATAAACGATTAGAACGGCTCTCTAAACAAATGAGTTAAGCGAACCAAAGGGAAACTTCTTGCATGCTGAAAATGTTTTGGTTGAATAGCCTCGTTTTCTTCTCGTTACTACTATCAGCCTGCGGCTATACAGTGCTCTCCCCCCACTATGTAGAAAAGAAATTCTCGCTTTCCGAAGGCATCTATGTCTGCCCTATCGAAGGAGATTCATTAGGAGATCTCGTATCCTCTCTTTCTTACGAATTAGAAAAGCGAGGACTCCACACACGATCTCAAGGAACCTCTTCTGGTTATGTACTCAAAGTCTCTCTTTTCAATGAGACTGATGAAAATATTGGATTCGCATACACTCCCCAAAAACCTGATGAAAAACCTGTAAAACACTTCATTGTCTCTAATGAAGGGCGCTTAGCGTTATCAGCAAAAGTCCAACTAATCAAAAACCGCACACAAGAAATATTAGTGGAGAAATGCCTGAGAAAATCGGTTACTTTTGATTTTCAACCTGACCTCGGAACCGCGAAT
CP156063.1_gap18	656207	658231	2024	CTAAAATCTCATCGAGTTAACTATACGATTTTTCTTCCCATGGTAGTTGCTACAGTAATCCTGTTCCGTTTACAAAAGACTTATCCCTAAAAATAGACTTTTCTACCGGAGGGATACTGTACCCAATAATATAGAAAAGAGGTATCTGGAGAGCTTTCTTACTTTATTCATCTCCTTTAACCTCATTCGTCCATGCTTATGGACAAATCAATATAAAGGAATTAAAGCAACTAAAAAGGAGCGAGGCTTCCTCCCCTACAAGGGCTTCACCTCGTGATAAACATGAAAACAATCGCTGTTAATAGTTTCAAAGGCGGCACAGCAAAAACCTCTACAACCCTCCATTTAGGAGCCGCATTAGCGCAATATCATAAAGCACGCGTTCTACTCATCGATTTCGATGCACAAGCGAATCTTACGGCAGGATTAGGCCTAGATCCTGATTGTTATGATAGCCTTGCTGTTGTTCTACAAGGAGAAAAAAACATAGAAGAGGTCATCCGTCCTATTGATTCCTCAGGATTAGATCTCATCCCTGCCGATACTTGGTTGGAACGTGTGGAAGTCTCTGGATCTTTGGCTGCTGATCGTTATTCTCATGAACGATTAAAGATTATTCTTTCTAAGATAGAACATCGATACGACTATGTCATTATCGACACACCTCCTTCTTTATGTTGGCTCACAGAATCAGCTCTAATCGCTGCTCAACATGCACTCATCTGCGCTACACCAGAATTCTATAGTGTTAAAGGCTTAGAAAGGCTTGCCACCTTTATTCAAGGGATCTCATCGCGACACCCTCTCAATATTTTAGGAGTCACGCTATCTTTTTGGAATTACAGAGGGAAAAATAACGCAGCCTTCACAGAGCTAATTCAAAAAACGTTCCCTGGGAAACTTCTTAACACGCGCATACGCAGAGATATTACTATCTCAGAAGCCGCTATCCATGGGAAACCTGTTTTCTCCACAGCCCCTTCAGCGCGAGCCTCGGAAGACTATCTAAAATTAACTGAAGAACTGCTATTTTTGTTAAGGAACATCTAACGTTATGGGAAATATTAAAACCCTTTTAGAGAATCGCTTTAAGAAACCTACACCCGATAAAATGGAATCCCTCGCTAAAAAGCGTTTAGAAGGAGAGCTTTCTCCTTTTCTAAATGGGTTTACTAATCCTAAACTCTCTTCGCAAGAGGAAGCTAGATTCCGTCAATTACTAGAAGAGTACTCCTTTTCTAAGGAAATCTCCCATAACGATCTCCAACAACTGTGTCACTTATCTGCTCAGGTTAAACAGATTCATCATCAAGCTATCCTTCTCCATGGTGAGCGAATCAAGAAAGTTCGTGAATTATTAAAAACCTATCGAGAAGGAGTTTTTTCAGCTTGGCTCTTACTCACCTATGGGAATCGGCAGACACCTTATAATTTTCTTGTTTATTACGAGCTATTCTCAGCTCTTCCAGACACTCTTAAACTCGAGTTAGAAAGACTGCCTCGACAAGCAGTGTATACACTAGCTTCTCGAGAAGGCTCGCAAGAGAAAAAAGAGGAAATTATCCGTAACTATCAAGGTGAAACTCGTGGAGAACTCCTAGAAATTATCCGTAGAGAATTTCCGCTACTTCCTACCGATCGACGTCAATCATCCCTTGCCCAACAAGCCTTTTCTTTTTTTGCAAAAGGAACAAAATTATTACAGCGATGTACAGACATTTCTCAAGAAGAGCTCCTCTCCCTGGAAAAATTGATTAAAAAGTTACAAAAAGTTACAACTAACCTTCTTTCTAACACTAAGGTATCCCGTAATGACGACGAAACCCAAAACTCTAGAAATCGATAACAACACGTTCCTGCTTTTGGAAGGCAATTTAAAAAGAATTTTTGCCACGCCTATTGGGTATACAACGTTTAGAGAATTCCAAAATGTAGTGTTTAACTGCGCACAAGGACAACAGGAGCTTGCAAATTTTTTATTTGAGATGTTGATCAATGGGAAGTTGTTGCAAGAGCTACCTGCA
CP156063.1_gap19	686944	687761	817	CCTTCTCCATGATACGGATCTTGTCCAAGAATCACTACCCGCACTTGATCGAAAGGAGTACTCTGCAAAGCTGCAAAAACATTTTCTTTTTTAGGGTAGATCGTTGCTTGTGCGTATTCACTTTTTAAAAAAGCAAGCAACTGGGACCAATAAGGCTGAGACCATTCATCTTTAAGCTGTTCTTGCCAAGACGGGGGGAGTTGCTCTATAGTAAAAGCCTCGTGCATACACTCTCCTTAATCTAAGGCATAGAGTATATGCATTCTCGAAAATTTTCTTCGAACCCGAAAATATATATTACATACGTATGCTTACATCCGAATTAAATGCAGCACAAGTTACTGCCGTCACGGCGCCACTACAACCAGTCCTGGTCTTAGCTGGAGCTGGAGCAGGGAAAACTCGAGTAGTCACTCATCGAATCCTTTATTTAATAGAAGAATCCCGGCTCGATCCTAAACAAATTTTAGCTATTACGTTCACGAACAAAGCAGCTAACGAACTAAAAGAACGTGTCCAATCGCAATGTCGTGAGCTAGGATATTCAGACGTACCTATGGTAAGCACATTCCATAGTCTTAGCGTTTATATCCTGCGACGCTCTATTCATTTGTTAGATAGACAGTCGAATTTTGTTATTTATGATCAGAGTGATTCTGAAAAATTAATTAAGCAATGCTTACGCAAGCTGAACCTCGATAAAAAGCTTTGCAATGCAATGCAATTTACTATCTCTCAAGCAAAAAATCGCTTGCAGAGTCCTGAAGATCTCGATTCCAAAGAATATCCAGACCCTACTCGCACCGTTTATGCTGAA
CP156063.1_gap20	733350	734804	1454	CGATCCGTTAATACATATTTCTCCCAGGTTTCTTGCTGCGGTTCTGGGATTCTCGGGGAAAGTGCTGCCATCGCTTTATCAGACAAAAGATCCCCGAAATAGGCTGCACTAGGAGAAAAACAGTAAAAGTGCACAGGGAAATATTTTCCTAAAGCAACAAAGAAGGAGGCTACATGTTGGGGAAGTTGTGGATACCCAAAAATATGCAGAGAACAAGGATATTCCGGAGGATGATCCAGAATCGAAGAAAAAATGGTTTCTAATGGAGTATAGGAGTCTTTAAGTTGTGCAAATAAATTTTTGTAGTAAGGATTGTTGGTCGAAGGCTCCTGAGAAAACGTGTAAAACTTTTTGAAAATAGAAGAAAGTTTTTGTAGATGGGAATAAGAAACCTCGGAAGAAGAAGAAGATTCTTTTAACAGGTTATAAATGGTTAGAGGGAGGGTAATGTGATCGGGGGTAGAGGGGTCGACGAGACGCGTCCCCGTAAATAAGTATTTGACAAAAGCGTCAAAAGAGGCAAAAATATGTGTCCCCATGAAGATGTGATTGGATGAAGCCTTTACCAATTCTCTTCGTAGCCAGTGATCTGTGTCTGAGCTCGGCACCAGAATCCATCGTTTTGTCATGGGAGTTTGGTTGATAGAGAACAGATCTTGAGCAAGTTTAGCCAGCAAGACTTCGGGATAGTTGCTAAACGTTGCTTGGCTGTGAGATAGTTCATTCATCGGTTTACATTCATGGGTATTATTGCGAGGAAACGATCTTTCCGTGCATTGGTCGTTACACATTTTCTTACAATTATAAATGACAATCTCTATAAGTTTCTTTTAGTTTTTTCCTTGTTAGAGGGAAAAACCTTAGAAGAAAATGCTAAAATTCTGTCTTTAGTTAGTTTCTTTTTTGCTCTCCCGTACATTTTGTTGGCTCCCTTTTCAGGTAGTTTGGCAGATAGGTTTCAAAAGAGAAATATTATTTTATTCACTCGGGTCATCGAAATCTTTTGTGCTATTCTAGGAGTATATTTCTTCCACATCCATTCCGTTGTAGGAGGGTATTTTGTCTTAGTATTGATGGCTTGCCATTCTGCTATTTTCGGCCCTGCAAAAATGGGAATATTACCAGAGATGCTTCCTATTGAGGAGCTATCCAAAGCAAATGGAGCAATGACAGCAGCTACCTATTCTGGCAGTATTTTAGGGTCTTGTCTAGCTCCTCTTATGGTGGATTTAACGAAAGATTTTGTCACAAATAGTTACGAGTTATCGGCCTGTTTCTGTGTAGTCTCTTCTGTTTTAAGTTTATTTATTGCGTTAGGCATTCGTGCAAGTAATGTAAAAAATAAAGGACAGAAAATTGCTTATGTAAGCTTTAGAAATCTTTGGAAGGTCTTTCAAGAGACGCGTAATATTGCTTATCTGATGATTTCCGTATTCCTTGTTGCCTTCTTTCTT
CP156063.1_gap21	760892	764853	3961	CCCAGGAGAGGTATCTCAAGAAGATTTTGCAAGTTATATAGAGAGTGTCCTGAATTATGCTGAAGCGTGGCTAGAAGATTTAGGACTAAGTAAAACGGAGCAGGAGTAAGGGATGGGTATACGCTTAGTTATTGATAAAGGGCCCTTGTCTGGAACTGTTCTTATTTTAGAAAATGGGACGAGTTGGTCTCTTGGCAGTGATGGAAAAGCTAGTGATATTCTCCTGCAAGATGAAAAGCTTGCTCCCTCTCAGATTCGCATCACTTTAAAAGATGGCGAGTATTATTTAGAAAATTTAGATGCTTCGAGGCCGGTTTCTGTTGATGGAACAGTTATCACTGCCCCTGTTTTGTTAAAAGATGGGGTTTCCTTTGTAATGGGAAGCTGCCAAGTCTCGTTTTTTAAAGGGGAAGAGGTAGAAGGAGATATAGAGTTATCGTTCCAGACAGAAGGTGGTAATGAGGGAGAGCCTGCAGCGCAAGGCTCTTCAAGCGTTTCGTCCGAAGCTCCTAAAAAGGAGACAGGGAATCCAAGTCTTCCTTCGGAGGCAAAGGCTTCTGGAGAAGTATCTAGTTCAGCAATAGCGAAAGAACAAGAGTTAGCGGCGTCCTTTTTAGCTTCTGTTGAGAAGGAGCCTGGAACACCAAAAGAAGTCTCTGAGCCAAAGGTCTCTTCACAAGAAGGACAGACTCCTTCTGTTACAGGAGAAAAAAAGGATCTTGAGCTTCCTTTGGCAAGTCAAGAACAACCTAAACAAACTACTCCATCAGGCAGTGGTGAACCAACCCAATCTCAAAACGCGAGTATGGAAGAAAACAGAACGTCGCCCGATCAAAATCAGCAGCCACAGCTTTCTTCTGCTTCAGAATCGGGTTCTCAAAGTCCCGAAAATCAGGAGCAACAACCTTCTCAAACGCCTCCCCCATCCCCGGAAACTCCAGAGCCGTCAGGAGAACCTAATAGCGCTACGGAAGAAAACTCGCCATCTCCAATGGAGAAAGCTTCCGTAACAGAAGAAGGCAGCTCAGGGACGAGTGAAGAAGAAAAAGAGGGTGAAGAAGATACTGCTGAAAGCGCAGCAAATGAAGAGCCAAAGGCAGAGGCTTCTCAAGAAGAAGAGAAGAAAGAGGAAGATAAAGGAGGGGTTCTTGCTCCCTTTAATGTTCAGGATCTTTTCCGTTTTGATCAAGGAATCTTCCCTGCTGAGATAGAAGATCTTGCACAGAAACAAGTTGCGGTTGATTTGACGCAACCATCACGATTTTTGTTGAAGGTTCTTGCTGGTGCGAATATCGGTGCTGAATTCCATTTGGATAGTGGGAAAACCTATATCGTAGGAAGTGATCCGCAGGTTGCAGACATTGTCTTAAGTGATATGAGTATTTCGCGCCAACATGCGAAGATCATTATCGGAAATGATAATTCAGTTTTGATTGAAGATCTGGGTAGTAAGAATGGCGTGATTGTTGAAGGGCGCAAGATTGAACATCAATCTACGCTCTCTGCGAATCAAGTTGTTGCTCTAGGAACAACGTTATTCTTACTTGTCGACTATGCTGCTCCTTCCGATACGGTAATGGCGACGATTTCTTCTGAAGATTATGGGTTATTTGGTCGTCCGCAATCTCCTGAAGAGATTGCTGCCAGAGCTGCGGAAGAGGAAGAAGAGAAGAGAAAACGTGCTACGTTGCCAACAGGTGCTTTTATATTAACCTTGTTCATTGGAGGGTTAGCTCTGCTCTTTGGAATAGGAACAGCTTCTTTGTTCCATACGAAGGAAGTAGTTTCTATAGATCAAATCGATTTGATTCATGATATTGAACATGTAATTCAGCAGTTTCCAACTGTACGGTTTACGTTCAATAAGAACAACGGACAGTTGTTCTTAATTGGGCATGTAAGAAATAGCATTGATAAGAGCGAGTTACTTTACAAAGTGGATGCTCTCTCGTTTGTCAAGTCGGTAGATGATAACGTGATCGATGACGAGGCAGTATGGCAAGAGATGAATATTCTCTTGTCTAAGAATCCAGAATTTAAAGGTATCAGCATGCAATCTCCAGAGCCGGGGATTTTTGTAATCAGCGGGTATCTAAAGACAGAAGAACAAGCAGCTTGTTTGGCTGATTATCTAAATCTACATTTTAATTACCTTTCACTATTGGATAATAAGGTGATTATCGAATCACAAGTCATGAAAGCTCTTGCTGGACATCTTGTGCAATCAGGTTTTGCGAACGTTCATGTGTCCTTCACCAATGGTGAAGCTGTTTTGACAGGATATATCAATAATAAAGATGCAGATAAATTCCGAACGGTTGTGCAAGAACTGCAAGATATTGCAGGGATTCGTGCGGTGAAGAATTTTGTCGTTTTGCTGCCTGCAGAAGAAGGTGTTATTGATCTAAATATGCGGTATCCAGGCCGTTATCGGGTAACCGGTTTTTCAAAGTGCGGGGATATTAGTATTAATGTTGTAGTTAATGGGCGTATTTTAACTCGAGGCGATATTTTAGATGGAATGACGGTAACAAGCATTCAACCGCATTGTATCTTTTTAGAACGGGAAGGGTTGAAATATAAAATTGAGTACAATAAATAGGCAGTTCGAGGTTTATTTAATTCTTCCAGGTAGGAATAAATCTATGTTTAATATGGAAAATTCGGCAGCTAAAGGAGAAAAAGCTGCTCGTCAGTTGTTTGATCTTGAACAAGACATGCACGATGTAACCAAAGCCCACGAAGTAAATGCTAATGTACAGAGTAAGGTGCAGACGCTGACATCTTCTCTTCGAGAAGGGGCTTCTAAAGAGTCTTTTGAGAAACAACAAACATTACTCGCGGGATATGTAGCTCTTCAAAAGGTGCTAGGACGTATCAACCGTAAAATGGTGTAATGTAAACGGTAAAAGAGAGGGTATCTATGGCGAGCGGAAGTTGTTCGGCTTTTAATTTCAACCAGATGCTGGATGGCGTATGTAAATACGTTCAGGGAGTACAACAATATCTAACAGAATTAGAAACATCCACGCAAGGAACTGTAGACCTAGGGACAATGTTTAATTTGCAATTCCGTATGCAAATTTTGTCTCAATATATGGAGTCCGTATCCAATATCTTGACTGCGGTGAATACTGAAATGATCACCATGGCAAGAGCTGTTAAAGGAAGTTAATAAAATAAGAGATGGGTCATGGCAGATTTGGATGTATTTAAAGAAGATTTTGCATTGTTGTTTGAAGCAGGAATGGTTGCTATCAAACAAGGGGATGAAGCAAGCGCTAAAGCGTTATTTCAAGCATTACAAGTATTGGATCCTGAGCATACAGCACATGAGTTAGGATCAGGATTGTTGCATTTGCATAAAATGGAGCTCACAAAAGCAGAAGTTTTATTCCGTGCTATTGTTGAAAAAGATCCCGAGAATTGGAGTGCTAAGGCATTTTTATCACTCACACTTATGATGATCGTTCTTCAGCAAGGAAGTTCTTTCGAAGTGCGTAGAGAGAGTTTGGAGCGCTGCTTACAGTTAGCTGATCAGGTATTAGAAAGTTGTGAAGTAGAGTCTACAAGAGCTTTAGCTAAGTCTGTTCTGGATTGGCATGATGGATTAGTTGCTAAAAGTGGTGGGCCTTTAAATTAGGGAAAGATTGGGGTATTCCATGATAGATCCTCTTAAGCTTTTTCCAAATTTTGATGGGGATAAGGAGAGTGCTGCGGTGAATAAACCTTCAGCATCTCCTATGCCCAGCGAATTAAGTAAAAATGTTGCCTCATTCTCTTTAGGGGGTGGAGGTGCTGCGTTGGATTCGACAGTGTCCACAGAAAAGCTATCGTTGATGGCTATGATGCAGGATAAAAATTCGCAGTTGATCGATCCTGAGTTGGAGGAAGCTCTGAACTCTGAAGAGTTACAAGAGCAGATCCATTTGTTAAAAAGTCGTTTGTGGGATGCACAAAC
CP156063.1_gap22	766878	771612	4734	CTGGCAGCATCAAAGGAGCTGGAAAGGGCTGAAGTAGAGCTGACCAAACGACGTAAAGAAGAAGAAAAAACTCGACTGCATAAAGAAGAATGGATGAAAGAAGCTCTGAAAGAAGAGGCTCGCCAGGAAGAAAAAGAGCAAGATGAGATGGGGCAGTTACTTCATCAATTACATAAGCAAAAACAACGGGAATCTGGGGAGAACTAATTTATGGAATTAAATAAAACTTCGGAATCTTTGTTTAGTGCAAAGATTGATCATAATCATCCACGTACAGAGGCTCATGAGCCTAGAGATCAAAGAGAAGTCCGAGTGTTCTCTTTAGAAGGAAGATCTTCGACTAGACAAGAGAAAGCAGATCGGATGCCAGGAAGAACCTCGTCACGTCAAGAGTCTTCTAAAGGCTCTGAAGAGGGTGCTGTTCATGAGAGTACAGCAGGCGTCTCTTCTAAAGAAGAAGAAGAGAGCAAAGGAGACGGATTCTTCACTGGTGGCAATCCTACATCCGGAATGGCATTAGTTGAAACTCCTATGGCTGTAGTGAGCGAAGCTATGGTGGAAACGAGTACGATGACGGTAAGTCAGGTAGATCTACAATGGGTAGAGCAATTGGTAACATCTACTGTAGAATCCCTGTTAGTCGCCGATATTGATGGCAAGCAGTTAGTAGAAATTGTATTGGATAATAGCAATACAGTACCTGCAGCTTTCTGTGGAGCTAACCTGACTCTGGTACAAACAGGGGAAGAAATTTCCGTTTCCTTTTCGAATTTTGTAGACCAAGCTCAGCTTACAGAAGCTACACAACTCGTACAGCAGAATCCTAAGCAGCTAGTCTCATTGGTGGAGTCTTTGAAAGCTCGTCAGTTAAATCTTACAGAGTTGGTTGTAGGGAATGTAGCTGTTAGTTTGCCTACGATTGAAAAAATAGAAACTCCTTTGCATATGATTGCTGCAACTATTCGGCATCATGACCAAGAAGGAGATCAAGAAGGTGAAGGTCGTCAAGATCAACATCAAGGCCAGCATCAAGAGAAGAAAGTAGAAGAAGCTCATATATAAGGTATTCCCATGGCAGTTGCAGCAGAGCCTAGTAGTAATTGGTTAAAAGCTAGAGACGAGTTACTAAGTTCTTTGCAAGAACAGAAGGAAGGAATGTTTTCTTTTCCTGTTTTTCCAAAGCAGGAGTGTGAGCAGAAACTCAAAGATAAATTCCATATGGAAGAAGTGGAATTGTCATTTGAGTCTCGAGGGCTTCTGTCTGTTGCAGCTGCTGTGCAGGAATATGGGGAGCATATTTTGCTCCAACCGTTTTTAGCAAACCCCTTTGAATCTAGGGAGTTTTACATAGTTTCTTCGGAAGAAGATTTGCAAGCTCTAATAAGAACGATTTTTAATGATAGTTCCTTAGCTTCTTACTTCTACGAAAAAGATCGTTTATTAGGATTTCATTATTATTTTGTTGCAGAGATCTGCAAGCTGCTTCAAGAAAGTCCTTGGATTCCTTCTATGTCTGTAAAAGTAACAGGAGATGTTGCTTTTTCTGCGCGTGCTTTGGAGGGAGAGTATCATGTGATCCAAGTCTCTTGTCGTTTAGATGGATCTTGTATACGGTTTTCTATCTTAGTGCCTGAAACTACAGCGCAGAGCGCCTGTAGATTCTTAGAAGAGAAAGATCAGGCTTTTGATATGCAAAAAGTCGATTTGCAAACCCCAATTACTCTCGCTGTAGAAGTGGGCTTTTGTCAAATTTCAGAAGAAGATTGGCACCAGGTTGTTCCTGGTAGTTTTATTTTGTTAGATGCTTGTCTGTATGATCCGGATACAGGAGATGCTGGCGCTTTCTTATCCATTCAACGCACCCGGTTTTTTGGTGGGCGGTTTTTAGATAAGCAGTCAGGAGCTTTTAAAATTACAGGATTGCAAGAGATGCAACCAGAAGATGCACCCGAAGAACCTAGTGAAGGAGGTCCGGCAACTCCTTTGCCTTCGGCAACAAAAATCGTTGCTGAAGTAGCTCGCTATTCTCTTTCCGTTGGAGAATTTTTGAAACTAGGACCTGGTAGTGTATTACAATTCGATGGTGTACATCCAACTTTAGGCGTAGATATTATTTTGAATGGAGCTAAGGTTGGACGTGGTAACATCATTGCTTTGCAAGATGTTCTAGGGATTCGAGTTTTAGAAGTATAAGCCTTTTAGTGATAGAGAATCCTCTGTCATTCTACGTGAGAATTGTTTGCTTGCCGCTATTTCACAAGCCGCAAGGACCTAGCAAAATGCTAGAGGTATCGAGTTCTGAAAGCATTGTCACACCGTAAGTTTTTATGCTCAGATCGGGTGTATCCTTCTCCTCCTCTAAGACGAACTATCTCCTAACACGGGAGCTCAGTCGTAAGGTAGGGTTGACTGTCTATCAAGGTGTGGATGAGCACTCTTCTCGTCCTGTTGTTATTAAAACATTGGTATCGCCAGGAATTCATGATCGACGTTTTCTTCGTGCTTTCGAAGAAGAAGCAAGGATTATGCAGCTAGTAACGCACCCAGCGTTTGTTCGCTTGGAGGATAGAGGAGAGTGTGAGCAGGGACGCTACTTGGTTTCGGAATACATTTTAGGGAGTTCTCTGCGAGATAGTATTCTTTCATCGCAAATCTCTTTGGATAAAGCGATTTCTATTGTCTTGCAAGTAGCGCAAGCTATCACGACTCTGCATCGGCATGGGGTTTTACATCTCGATATCAAACCAGAAAATATCGTGCTCTCGCAATCAGGCGAGATCAAGCTCATTGACTATGGGCTTTCCGCTTGGCAATTCAATCATTGGGGATCTCCAGCATATATGAGTCCTGAGCAGAGCAGACAGGAACCGCCCTCTCCGGCATCCGATGTGTATTCCCTAGCTTTGTTGGCCTATGAACTGATCATGGGGCAGCTTGCATTAGGAAAGGTATATGTATCGTTACTGCCTTCTAAGATCAGCAAAATTTTAATACAGGCATTACAGCCATCACCGGCAGCACGCTTTTCATCCATGCAAGAGTTTGCAGAAGCTTTACAAGATTACTTATTGCACGATGTACATGAGGATTATCGTAAGAAAGACCATGTTGTTGCACAGATAGAACAGTGGCACAATCAGAGAGCGTGGCTATCTCCAGAAAAGTTATCTGCTCCGGAAGAGATCTGTGTTCATATTTACTCACAAAAAGAGCCCTGTTATTTACATAATATTTACTATGATATGCTTACATCTGGAAATGTAGCAGAATTTTGGTTCTGCTACGCTCCAGGAAACTGTAGTTTTGCGCTTAGCATGATGAAACAGTTTCTTAATCAACGAGAGGAGAAAGCAAAAGATATTCAAACAGTAATCAAAAGTATGGATACTCTGTGCAAAACCATGCATATCCCTATTTGTGAAGAAGGGATTTCTTGTTGCTGTTTTATATTTTTCCTAGAAGAACTCATGTGCTTTTCTTGTGGGAAAACTGATTTCTCGTTAAAAAAGCAAACAAGGGGGGTGCAACGATTTCAAGCGGAATCGCAAGGAATTGGGGAGGAAACTCCCCTAGAGATCCACGAACAGTCCTTTTTGTGGGAGCCTGGAGATGAGCTTATCGTACACACCCCAAAGGCTAGAGATTTGGTATATTTATATTGCCCTTCTTTCCTGAAGTTGCAAGATAGAGGGCAAATAGATATATTCTGCCAAACAGATAACCTGCAGAAGGGAATAAGGCAGAAGTATGACAGAAGTCTTTATCCCTCAACACTTATCAGCTTAAAAAGAGTCCGGTGAACATAGTGACGTGGAAAATAGGAAGCAAGATTTTAAGAATCATTCAAAATAACAAGAAATTAGGCCTCTTGTCTGCGTTAGTTGTTCTAGATGCGGCGTTGTTAAGTGTGAATTCACGATCTAGCGAAGGCTTAATAGGCCAATCCGCTTCTTTGCCGAATTATCATGAGACAGAACAGCAGATCGCTGCTTGTCCTAAAAATATTGCTAAGAATTTAGCAAAGAAAAGCTCTCCGGGGTCTAAACCTACAGTAGGAGCTTCATTTCCTTCACAGCCAGTTTCCGTGAAGGCAGCTCCTGCAAAGCCACAAACTCCTGTTGCACAAACACGGCATTTTAAAAAGAGCCATCAGATTTTCTCTCCTAATTTTACACAGTCTCCCCAACAGGTTAATAAACCTGAGGAAAGAAGACGTCCTTTGGAGTCTCGGTATTTACAAGGTGCGGTTAAGCAGGCAGCTGCTGCAAAGGAAAAGAAGGCTCTTGAACAGGAAGTATCCAAACAAGAAGAAGAGGCATCTAAACTCTGGGAAGAGAAGCAAAGTTATGCTCGTCGTGCAGTTAATGCCATCAATTTCAGTGTAAGAAAGCAGATAGAAGAGCAACAGAAAACCATTTCCAATCCAGGAAATGACCAGACTCTTCCTAGGAAGAAAGATCCGCAGACATCTGGAGAACCTGTTATCCAAACGGTACAAGACTGTTCTCAGGATCAAGAAGAAGAGAAAAAAGTTTTAGAGCGATTAAATAAACGTTCTCTGACGTGTCAGGATCTGAAAGAAGTTGAATATACCGTCAATTTTGAGGACATTTCTATCTTAGAATTGCTCCAGTTTGTCAGTAAGATCTCAGGAACGAATTTCGTTTTCGATAGCAATGACTTGCAATTCAATGTCACTATCGTTTCTCATGATCCTACTTCCGTGGATGATTT
CP156063.1_gap23	772668	775485	2817	GTTAGCAGGGATCAGTGATATGATGTACGGATCCTCTGCATTTGGACTAGGAATTATTGGAAACGTTCTCAGCCATAATGGGAAATCGTATTTAACATTAGGGGGGTTATTGAGCGCCTTAGATCAAGATGGGGATACCACAGTGGTACTTAACCCTAGAATTATGGCGCAAGATACACAACAGGCATCGTTCTTTGTAGGACAAACGATTCCGTTCCAGACTACGAGTACAGTGATTCAGGAAACCGGATCTGTTACACAAAATATTGAATACGAAGATATCGGAGTCAATCTTGTTGTAACTTCGACAATAGCTCCTAATAACGTAGTAACTTTACAAATCGAGCAAACGATTTCTGAGTTGCATTCGGCACAAGGAGTGCTGACTCCTGTAACAGATAAAACGTTTGCAGCTACGAGACTACAAGTGCCGGATGGATGTTTCCTCGTCATGAGTGGGCATATTCGTGATAAACTGACAAAAATTGTATCCGGAGTGCCGTTACTCAGTTCTCTTCCTCTGATCAAAGGACTCTTTAGTCGGTCTATCGATCAGCGTCAGAAACGGAATATTATGATTTTCATTAAGCCGAAAGTCATCAGTAGCTTCGAGGAAGGAACAGCGTTATCAAACACAGAAGGATATCGTTATAACTGGGAAAGCGAAAGAGGATCTTTAGAGGTAGCCCCTCGTCATGCCCCTGAATGCCAACATATTCCTAAGGTCCAAGCAGAAAGTGATTTTAAAATGCTGGAAATAGAAGCGGAATAATGTTATAAGAGCTGCAAGTTGGTATTCTAACGCCATGGAATAGCTTCTGACTCTAGTGTTTGTACACAGGGGGGAAGTCAAGATGGACTGGAGTTAGCCGTATCTCCGGTTCTCTTGGCTTTTTATGGAGTTAGCCTAAATAGCTCAGTTGGTAGAGCAACGCATTCGTAACGCGTAGGTCGTCGGTTCGATCCCGGCTTTGGGCATTCCTAGGCAGAGTAATTCGATTAGGGTAGTCGCTTAGATATTTTCACATACAGGCCGTCAATATCTAGGTTGAAGAGGCAAGTAACCATTCCTTCGTCCCCTCTCTCAGATTCGAATAATCAGTCGCTCTGCCTGGGGTTTTGTTGCCTTGGCCCGGATCTGGGCGATCACTTCCTTTTCAATGCTTCTATTCGCAGTATCTTGGTTATACAGAGCAAGGTGACCTCTGCGTAGATCCCAGAATAAAGGATTCCATAAAGGGTGTTTTTCGCTATCTTCAATCCACTGCATACTCATTCCTAATTGTATCCAGCTAGTGGCATCCAATGCCTCTTGCAAATCTAAACAACAAGAATGTGTCAACATCCCCACAGAACGTAAAATGCGATTTTTTATTTCTGTAGGATTTTCTTTCACAAGCTGGTTTCTAGCCTCTCTCTCAGCAGATAAAATTTTTGACACTACTAGTCTTAATGAAGATAGGATCTGCTCTTCTGATAGCCCTAATGAACAAATATTGGACAAGCACAAGATATCTCCTAATGATTCCTGTGATAACGGAAGTAAAGAAGAGCTAGCGAACTCGCGTTGATAAGGAACTAAAAGCTCAGACAACGCGTCTCCATACTTAAGAGCCGGAACATGAACAAAGGCTCGCGCTATCAGCGCCGTTCCACAACGTAGGGGATCTGCGGTTAAAAATCCAAAATCCGAAGAAAAAGCAAAAGAAAGAGACTGTTGTAAACGTATATCTAAATCGATCAGCTTCTGGAGTAATACTTCCGGCTGCCATACAAAATCTACGCCATGGATCACTAAGTGGTCACGTAGATTAATGCCGGCTAACAACGTGCCTGCCTGATTTACAATCAGAGCCTCACCTTCCAAATAACTCCCAAGATGATATGGAAACAAATAATGTTCTAATAAACATTCTCGTTGCCAGATAGGCAAATCTTTCAGGGGTAAAACAAAGAATTCCTCACCTTCGATAGCTGAAAACTGTTTGGCTATAGTCTCTAACACATCACGTTTGTTTTCCTTAGAAAGACAGGGAACGAATTTGGAAACAGAAAGATTTCTAGATAAAGAGAGCGTGCAAATAGGGCGCGGCGTCTCCGTTCTCAAAGAATGTTTGATCGTTGCGATAGCAGTAAGAATATGATTAGGGAGCATCGGTAGTATTCTGATTTTTTAGCTGATTAATCTGATCACGGATCTCTGCTGCCTGCTCATAGTCTTCACGGCGCAAAGTCTCTTGTAAAGCCTCGTGTAAAGCAATAAGGCGCATAGCTGGGTTGATGATTGGTTGTTCGGAATTCCCCAAACCTCGACCAATATGAAAGTTATTTGCTTTCTCTGATGTATAGGATGAAATCGCCTGATAACGCAGGAGCCTGGATAGGATAAGGGATTTAAAAGTGCGATAGCATAGATGACAGCCTAATAGGAGCTCATCCGTATCACGGATACACCATTTCGTTTTACAATTACCGCACTCTAGAATAAGTGCTTCGTGAGTAGGAGAGGCTAGAATCGTCTCGCGATCATAATAGCGAGAGGGATATGGACAACTATTACACACATAACAGCGAGAAGCAATGTTTTCAGAAATTTCTGTAAAACAGATGGTGGCGGGTTGCTGACAATTATAGCAAAGAGCAGGAGACTCTTCTGTATGATCCATATCGAAAGCCGTGTAGATACAAACGAGGTACTTTCAGCAATAACAGAAAAGATAAAGGAAGGAAATCTTTTTGATGAGGAGGGAAGATCTCTTAGAGAAAGAAATGGGTCTTGAAGGATTCGAACCTTCGACCCTCTCATTAAAAGTGAGA
CP156063.1_gap24	780991	785281	4290	AGAAGCTTACCGTCCTCAGCGTAGAAGTGTTCCTGAGCATTGTGATCGCGCAGGAGTATGTGATCGTTTTGGTAAGACGCTGGCAGAAAACGTTTTACAATATAATGTGGGGATCTCTTATCGAGCGATACGTGATATTCCGACGCGTGTTTGGCATACAGATGAGCAAGGGAATAAGAGGCTTGTTCCTGTTCGTAAGGATTACATTAAAAAATTTGCAGATTTTTTGGCTCAAGAGCTGCATATGGACCGGGATTTCGTTGAAGATACGATCCATGCCAAAGCTTCTGTATTAGGGTCTGTACCTTACATCCTTCAGGCTAATGTATCTGAGCGTACTTTTTTAAGGCTCAAGATGCTGGAGAAGGATTGGCCAGGATTGCATGTCGAATCTTCGGTTCGCAGACATTATCCTGAAGGGCGCACAGTAGCTGATTTGTTGGGGTATGTCGGACCTATTAGCGCAGAAGAACATAGAAAAATTACGAGGGAGTTAGGAAATCTCAGAGAATGCATTCGTGCTTATGAAGAGGGTGAGGATCCTAAATTTCCTGCAGGAATATCGAGCGTCGATCAAGTACGCAAGCTTTTGCATGAGTTAGAGATGCATGCCTATGGATTAAACTCCTTGATCGGCAAATTAGGTGTAGAAGCTTTTTGTGATCGTAAATTAAGAGGTTTGATAGGCAAGCGATCTATGCTGGTAGATCGAAGAGGGAATTTTATTCAGGAGATGGAAGGTTCTTCTGTTGGAAGCCCAGGTAGAAAAATCCAGTTAACGATCTCTACAGAGCTACAAGCTTTTGCTCATGAGCTCCTTGCAGAACATGAGCGAGGTGAGGTGTTTCGCGATTATCGACAGTGGCGTCAGCAACAATATTTGCCGCCTTTTTTCCCTTGGATAAAAGGCGGGGCGATTGTTGCTATGGATCCTAAGAATGGGCAAATTCTAGCGATGGCCTCTTCACCACGTTATGACAATAATGACTTTATCAATATGAAAGACTCTCCTAATCAGGAGGAGTGTCGTTCTTCTGTATTGCGATGGCTGGAAAACCTTGAGTACATCGGAGAAGTATTTGATAGACGCGTTCCTTTACGAAGAGAGCGATTGGATCCTCTCAGTGGAAAATATTTTGATGAAGAGCTCTCTTTTTCGTATCGAGCTTTTTTAGATTTTATTTTGCCAGACACTTCTAAAGTTAAGCAGATGCTATGTGAGAAAGGGTCTGTTGGGCTTTCTATTTATCTGCAAGGAACGATCGAGCAGCTTTTGGAAATGTTTGAGTGTGAAGAAAAAGAGTGTGGTCTCGTTTTTGATGTTCTATTCCCTAAAGAGGATGGGCATGAGATTATCGGAGAGGTCACATCTCTTAAACGACAGAAACAGTTTAAAGCTATCCTTGCTGAAAGAGAAGAAGAGGTACAAGCTTTTCGCGAGCGTCTTGGCTCTATTTTTGCAGATCTATCTGCCAACTACGATAAAATTCTATTTCTGGATCTATTGCGTACGGCAGTAGATCCAGAAAAAGTCTCTATCTCTTTATTAGCAGAAATTGGTCATATGTCTGTCTTGGATTTTGTAGATTATCAAGGGCATTTCATTGCTTTGCGGAAATCATTTGCTAAACTGATGGAGAATGCATTTATCGATCATGATTTTACCGCTTGGCGTGAAGAGCATTTCACACAGTTTATTAAGCAGAAACGCGATGAGGAGTTGGAGAGGAAACAACAATACCCAACCCCTTATGTGGATTATTTAGTAGAAGAGCGGTCTCGGCAATATGCTCTTTTTTGCCGAGAGCATATGGATTCTTTTATTACTTTTTTACTGTCAGAGATAGAGCCTCCTCTTGGTAATCCCTATTATCAGGAGATTGCTTGTTGGCGCCAAGAACTACGTTCTGGCGCTTACCCTGCTTTAGAATGGCGAGAGCATTACGATTTTTTACATAAGCATTTGTCGCAGACCTCTTATGATTTATGCGAACTGTTTGCAGCTTTTCGAGAGTTTTCTGAGCTTAAGCGTCCTCTATATGGACAATATCCACTAACACTGACGCGGAACATAGAGCAAATAGAGCAGGATCTGATCGCTTCTTTTTACCCATTGTATGGTTATGGGCATCTATCTGCTCATGCTTTCGGTCAAGCAGCGACTTTAGGGTCTATTTTTAAGTTAGTATCTGCTTATTCCGTTCTTGTGCAGCATCTTTCTGACCAAGAAGATTTATCTAAGTTATTGGTGATCGTAGATAAGCAATCTCTGGGGCTGCGTTCTGGGAAGCCTCATGTTGGATTTTTTAAAGACGGCTCTCCTATTGCTTCTTTCTTTAAAGGAGGGATTCTGCCTGGGAATGATTATTCTGGGAGAGGATATATCGATCTGATCGCAGCTTTGGAGATGTCTAGCAATCCCTATTTTTCTCTTCTCGTTAGTGAATATCTTTCTGATCCTGAAAATTTATGCGAGGCAGCTAAACTCTTCGGTTTTGGAGAAAAAACAGGGATAGGACTTCCTGGAGAATATGCTGGAAGAGTGCCTATCGATGTCGCATATAACCGTTCGGGGTTATATGCGACTGCTATTGGGCAACATACATTAGTGGTGACTCCTTTACAAACCGCAGTGATGATGGCGACGTTAGTTAATGGAGGGATTGTCTATCAGCCGAGTTTGATACAAGGTGAGTGGTATCAAGGAAGTTTTTCTCCAGAACAAGCTAAGAAGAAAAGAGAAATTTTCTTGCCAGATTCGATCGTCGATCTATTTAAGAGAGGTATGCATAACGTGATTTGGGGTCAATACGGGACGACGCGGTTCATGCGTCAACGGTTTGCTCCTGAACGATTGGCTCGTATTATTGGCAAAACGAGCACAGCAGAAGTGATTGCGCGAGTAGGGTTAGATCGTGAGCGAGGACGCATGAAATTGAAAGACGTGTGGTTCGCTGCGGTAGGATATGAAGATGAAGCGTTATCTCATCCGGATATTGTTGTTGTTGTGTACTTACGGCTAGGAGAGTTTGGAAGGGATGCTGCGCCTATGGCAGTGCGTATAATAGAGAAATGGGAAGAGATTCGTAAAAAATCTTTCAGCTAATTCGTGATTGGCACGGTTTTTGCTCCTGTAAAAGGTAAGGTATTACTTTGACAGGGAACGACTATGGAAGAGGCGGAAAAGCATTTAGCGAAAGAGTTTTTGTGTTCAGGCATTAATTTATTTTTGAGTGGTGAGTACGAGCAAGCAGAAGAGAGATTGAAAGAGTCCTTAGAGTTAGACTCGGAAGCTGGGCTAGCCTATTGTTATCTGGGGATTATTGCGTTAGAAACAGGACGTACAGCTGAGGCTTTGGTTTGGTGTAAGCAAGGGTTAGAAGCTGAGCCTGGAGACAGCTATTTACGTTATTGTTATGGCGTGGCTTTAGATAAAGCCGATCGCTTAGAAGAAGCGATCGGGCATTATCAAGTGTATACAGAGTTACATCCTGAAGATATAGAATGTTTATTTAGTTTAGGGAGTGCATATCATCGTTTATTGCGTTATGAAGAAGCGATTGCTTGTTTTGATCGCATTACGCAGTTGGATCCATGGAATCCTCAAGGTCTATACAATAAAGCAGTCGTTTTATCAGATATGGAGGATGAGGAAGGCGCCATTGATTTATTAGAATCTACGGTGAAAAGAAACCCTCTATATTGGAAAGCTTGGGTTAAACTAGGGTATTTACTTTCTAGAAATAAGATTTGGGATCGTGCAACGGAAGCATATGAGCGTGTTGTGCAGTTGCGTCCTGATTTGTCAGATGGGCATTACAATCTTGGGTTATGTTATTTAACGCTAGATAAAACGCGATTAGCATTGAAAGCGTTTCAAGAATCTTTGCTGTTAAATGCAGAAGATGCGGATGCGCATTTTTATATAGGATTAGCTCATATGGATCTTAAGCAAAATGAGCAGGCATATGATGCATTTTATCGAGCTCTGGGGATCAATTTAGATCACGAACGTTCGCACTATTTATTGGGATATTTACATCATATGCAAGGCGAGTCGGAAAAAGCAGAAAAGGAACTTTCTTTTTTGGTTGCTAAAGAATCTGTGTTTGCTCCTTTGTTACAAAAAACCGTAAGCAGCTCGGTTTTTCTGGGTAAAAAGGAGACATTATTTTGAATAAGCGAACCCTTTTTTGCTTAGCAATACTCTCTCTGACTGTCTAGCGATTTTTTGATTTTTTATTTGTTTGTGTTGTAGAAAAATTCCATTTTTTTTACGATCCGTGGCCA
CP156063.1_gap25	786394	790803	4409	TGCAGGAGAGCATTCTAAAATTTCCTGGTCTCAGGTGGAAGTGGGTGCTGCGATTACTTGGAAATACCCGAGTTGTATTCTAAAGGGAGAGAACAGTGTAGGTGAGTTCTATTCTATAGCACTAACTAATGGGAAGATGCAGGCGGATACAGGAACAAAAATGTTACATATTGGGAAAGGCTCTTCATCTACCATTGTTTCTAAGGGAATTTCTGCAGAAGAGTCTCACAATACTTTCCGTAGTTTGGTTTCGATTTCTTCTCAGGCAGTGGGAAGTTGTAATTACACGCAGTGCGACTCTATGCTTGTTGGAGAGCACTGCGGGGCTTATACGGATCCACAAATTGTTGTAAACAATGGAGAGAGTTGCGTGGAACATGAAGCTGCAACTTCTAAATTACGAGAAGATCAGTTGTTTTATCTTCGTAGTCGAGGATTCAATGCGGAAGAAGCGGTTAGTTTAGTGGTACATGGTTTCTGTAGGGAGGTTATAGAGCTATTACCTCTAGAGTTTGCTCGGGAAGCAACCAAGTTATTAATGATTAAGTTAGAAAATAGTGTAGGCTAGAAATGCTTCATCTATGTGATGTACATGTATGTTGTGAAGAAAAAAAGATCTTAGAAGGGCTATCTTTATCCATTCATCCTGGCGAGCTACATATTATTATGGGGCCAAACGGCGCAGGGAAATCCACTTTAGCTAAGGTGCTATCTGGAGATGAGAGTGTTGAGGTGTCTTCTGGGACAATGACGTTGGCTGGGCAGGATTTACTGGAGCTGTCTCCAGAAGAGAGAGCTCATGCAGGGATGTTTATTAGTTTTCAACATCCTCTGGAAATTCCTGGGGTGAACAATCGTATTTTCTTAAAAGAAGCTTGTAATGCCTGCCGAAAAGCTCGCAATCAAGCAGTTTTAGATGATGCTGCTTTTGAAGAGCTGCTTACGGATCTAGAAGAGGTATATGGATTCCCGGGATTTCATTTTTTTTCTAATAGGAATGTGAATGAAGGATTCTCCGGAGGAGAGAAAAAGAAAAATGAACTTTGGCAGATGTTGGCTTTGGAACCTAAGATGGTGGTTCTGGATGAACCCGATTCAGGTCTTGATGTCGATGCTTTGAAAGGGATTTGTTCTGTTTTACAACGCTATCGTCAACAGCATCCTGAGACCGCTTTTTGTATCATAACGCATAATCCTAGGTTAGGTGATCTCCTGCAGCCAGACCATGTACATATTCTTTTGAATGGACGCGTTGTCTTTTCCGGAGACATGCATCTTATGGAAGAGCTAGAAAGGAAGAGTTATCAAGAATTATTAGATGTCGTTACCCAGGAGTAAACTATGTGGGGGACTCATCAGCAGAGACAGATTCATCCCGATGCACGACTGGCAGACGTTACACGCTCTGTATGGCGTCAGTATCAACGCGATCACGTATTTCGAGAAGCTTGCTCCTGGTTGAAGGAAATGACACAAGAAGATTCTTGGATCTATTGTGTAGGAGGATGTGAGATTGGAGCCATTTCTCCTGAAGAGAGATCCGCAACTTGTGTATTTGTAAATGGATGTTTTGCGCCTTCTTTATCTGTATTGCCTGCAGAAATCGTCGTAGCCCCTTTACGCGAAGCGCGTGCTTTTTTTCAGAAGCACGATGAGGAAGATGTTGTAGAAGAGTTGCATTCTTTACTTCGTGGAGAAGAAGGGACAGTTATCTATATTCCTGAAGGTAGAGAACTGCAAACACCTTTATTTGTACAGCATCACTATGTCTGTAGCGAGGAAGAAAATAAGAAGACGGTGAGCGTCCCCTATATAGTTTTTGTTTTAGGGAAGGGAGCTGCCATTTCGATTGAAATGGGAATGTCTGCCCTACCGGATAACGTATATCTTTTTGGAAAAACGCTCTGTTTCCTAGGCGAGGAAGCAGAGCTTGTTTTGACCATGAAGCCGCTTCCTAAAGGGACAGAAAGAATCATATGGGCTCATCATGTAGAAGTCGAACGGAGGGGGGCTTGCGCATTGATCCAAGACATGCGTTCAATGGGGAAAGGCTGGTTCCGGAATAGCTTTTTCTTGAAAGGAGAAACTGCTCATGGAGAATCTCTAGTTAAGGTATTAGGTGGAGATTTTCTAGGTGTGCATAACACGATGCATCATGATGACCGAGAGACTACTTCGCGTCAAAATATTCGCTCCATCTTGGAAGAGGGAAGCTTCTCCTTTGAGGGAGGCATTCATATTAGTCCTCGCGGGACGCTATCTAATGCGTATCAGAAGCACGATACCCTCTTATTAAGTAATCGAGCTTCTGCATCCACATTTCCTCGGTTGGAGATTCTCACTGATGATGTTAAAGCTTCGCATGGAGCCACTGTGGGCTCTTTAAATGCGTACCTTTTGACCTATCTTCGATCTCGAGGATTTAGTTTAATAGAAGCCAAACAGGCTCTACAAAAGAGCTTTTTGACATTAGATATAGAGAAACCGTATTTTCCAAAACTGCAGAAACAGGATCTTTACCATGTATAATGTGAAAAAAGACTTCCCTATTTTTAAGAATCAGGGGGATCCTTATGTTTATTTGGATTCTGCAGCTACGACACATAAGCCTCAGTGTGTGATTGACTCTATAGTGGATTACTATAGCTCTTCATATGCGACTGTGAACCGAGCTCTTTACACGGCGTCTCATGATATCACCTTTGCACATTGGCAAGTGCGTTCAAAAGTAGGTTCATGGATCGGAGCGCAATATGACCAAGAAATCATTTTTACCAGGGGAACTACATCTTCATTGAACTTACTCGCTATTGCAGCTAACGATAGTTGGTTAGCTGGAGGGACGGTTGTGATTTCTGAAGCGGAGCACCATGCTAATCTCGTATCATGGGAACTCGCTTGTCAACGTTCCGGAGCTACCATAAAAAAAGTGCGTGTGGATGATGAAGGGATGGTAGATTGTAGCCATCTCGAGCAACTATTAAAACAAGGCGTACAGCTGGTAAGCTTAGCTCATGTGAGTAATGTATCGGGGGCAGTTCTTCCTTTGCCGGAAATTGCTCATTTAGTGCACCGTTACGAGGCTTTATTTGCTGTAGACGGAGCTCAAGGAGTTGGGAAAGGGCCTCTTAATCTTTCTGAATGGGGCGTAGATTTCTATGCCTTTTCTGGTCATAAGCTGTATGCTCCTACTGGAATTGGTGTTCTATACGGCAAAAAAGAACTTTTGGAATCGCTTCCTCCTGTTGAAGGAGGAGGCGATATGGTGATCGTATATGATTTTGAAGAGCTGTCGTATCAAGAACCTCCGTTGCGTTTTGAGGCGGGGACTCCGCATATTGCAGGAGTATTAGGATTAGGTGCGGCGATTGATTATTTGCAGGCTCTTCCTTTTTCGATAACAGATCGTTTAACAGAGCTTACTCATTTCTTATACGAGCAGCTACTTACAGTTCCAGGTATTCAGATCATTGGCCCTAAACAGGGAGCTGCACGAGGTTCTCTGTGTAGTATCAGTATTCCTGGTGTGCAAGCTTCGGATTTAGGTTTTTTGTTAGACGGGAGAGGGATTTCTGTACGTTCTGGGCATCAGTGTTCACAGCCAGCTATGGTGCGTTGGGATTTAGGACATGTTCTGCGAGCTTCTTTGGGAATCTATAATGAGCAGCAAGATATTCTTCTTTTCGTAGAAGCTTTGAAAGATATTTTACGAGCATATCGTTCGTAATACGCTTCTGTTGTCAAGAGAGATGCGGAGTGGGCATCTCTTGATTTGCATTATAAGATTTTGTATCTTGAGTTTTTGTATTCTGGGGACGGTCTGTAGAATACAACGAATTGGGCTGAGAATTAGGAAAATATTGTGAGTAGATTACCTAGCGAAGATACACTTTTAGAAGTGAATATAGAGGACATCCGGGTCAGCCCTTTTCAACCTCGACGTACATTTCTTGAGGAAGATTTAAAAGAATTAGTTCTTTCTATCAAGACGGTAGGACTGATTCATCCTCCTGTAGTTAGGGAGATCCGTAATGGGGATAAGGTTTTGTATTATGAGTTAATAGCTGGTGAGCGTCGTTGGCGCGCCTTGCAATTAGCAGGATATAAAACGGTCCCTGTTGTTTTGAAGCAGGTGCTAGCTGATGATATGGCAGCAGAGGCGACTTTAATAGAAAATATCCAAAGGGTAAACCTGAACCCTTTAGAAATGGCAGAAGCTTTTCGACGTTTGATTGTTGTTTTTGGTCTTACCCAAGATAAGGTTGCTAAAAAAGTTGGGAAGAAGCGTTCGACAGTAGCTAATTATCTGCGTTTGTTCTCTCTTCCTCAAGAGGTCCAAGAAAAAATGAACTCTGGAGAGATCTCTTTAGGGCATGCCAAAGTCATCTTATCGTTGGAAGATGAAAATC
CP156063.1_gap26	793787	798302	4515	TGTAGCGAATGCTGTGGGACCAAGTGTAGGAGCCGGTGCGCTAACTCTAAAGCAAGCCGTTCTTATTGCAGCCGTCTTTGAATTTCTTGGAGCAGTATTGTTAGGAGATCGAGTTATCGGCACCATAGAAAGTGGGCTGGTAGCTCCTTCCGGTCATGTGTTGTCATCCCAAGACTATGTCTTTGGGATGACTGCGGCGCTTCTTGCCACTGGCGTGTGGTTGCAGATCGCTTCTTTCTGTGGATGGCCAGTGTCGACAACGCATGCTATTGTAGGCGCAGTGTTGGGCTTCGGTATCATCCTTAAAGAGGATGCGGTTATCTACTGGAATTCTTGTGGCCGAGTGTTTGTCAGCTGGTTAGCATCTCCCATTATTGGAGGATACTTTGCTTTCCTCATCTTCTCTTTTATTCGGAAAGCTATCCTATATAAAAAGGATCCCGTCTCTGCTATGGTGCGTATCGCGCCATTTTTATCGGCGATCATTATTTTTGCATTAGGACTAGTCCTTATCCTGAGTGGTGCAGTTGCTCCCGTTATTTCCTTTTCTCCAGCGTTGCGTATTGTTTGCGGTTTATCTCTTTTTGCTTTTTTCTTCACGATATGGGGAATACGCTTCTTTAAACTTGCGATTCTTCCTCAGGAAGTTCTTCCTGGAACATTATTAGATCGGTTGTTATCCAAAAGCACCGATTATGGGCGTAAGTATCTTATAGTTGAACGCATTTTTGCTTACTTACAGATGATCATTGCATGCTTTATGTCTTTTGCGCATGGATCCAATGATGTTGCTAATGCGATCGCTCCTGTTGCAGGTATTTACCGGACACTCTATCCCCAAAGTTATTCTTCAAAAGTTCTCTTAGTGTTTATGTCTTTGGGAGGACTAGGTTTAGTTTGCGGATTAGCAACATGGGGCTGGCGTGTGATTGATACTATCGGGAAAAAAATTACAGAATTGACTCCATCACGAGGCTTTTCCGTAGGAATGAGTTCCGCTATCACTATAGCGGCCGCTTCCTCCTTAGGATTCCCTATATCTACTACGCATGTTGTTGTAGGATCGGTATTGGGGATTGGGTTCGCAAGGGGTTTACGAGCCATTAATTTGCGGATCATTAAAGATATTGTGCTTTCGTGGTTTATTACAGTTCCTGCTGGAGCGGCGCTTTCTATCGTATTTTTTTTGTTACTGCGCGCACTATTTTGTTAAGCGCAACTCTCTATATGCAGACTAAAAATGTTTTGTCTGAGTGATTCTTCATGTGGCACTGAGATAAAGGCTTGAGTTTTCCTTTGCTTAGGCCTATAAGAAAATTTAGGTTAAGGATCAGATAAGCATGGATAAATTATCGATAAGAGACCTTTCTCTTGAAGGGAAAAAGGTACTAGTTCGTGTAGATTTTAATGTTCCTATTAAAGATGGAAAGATTTTAGATGATGTGCGTATTCATAGCGCAATGCCTACGATCCATTATCTTTTGAAACAAGATGCAGCAGTCATTTTGGTAAGCCATGTAGGACGCCCAAAGGGAGGCGTATTTGAAGAGGCATATTCATTAGCTCCTATTGTTCCTGTGCTAGAGGGGTATTTAGGGCATCATGTGCCTCTTTCTCCAGATTGTATAGGAGAAGTCGCGCGACAGGCGGTCGCGCAACTTTCTCCTGGTAGAGTTCTTCTTTTAGAGAATGTACGTTTCCATAAGGGGGAAGAACATTCTGACGAGGATCCTAGTTTTGCTATTGAGCTTGCTGCTTATGCAGATTTTTATGTGAATGATGCTTTCGGGACATCTCATCGTAAGCATGCTTCTGTATATCGGGTGCCACAACTATTCCCTGACCGGGCAGCCGCAGGCTTCCTTATGGAAAAAGAATTAGAATTTTTGGGCCAGCATCTATTAGTTGAGCCTAAACGTCCTTTCACTGCTATTTTAGGAGGCGCGAAAATGTCTTCGAAAATAGGAGTAATCGAGGCGCTACTTTCGTGCGTGGATCATCTCGTATTAGCTGGGGGTATGGGGTACACCTTTTTAAGGGCTATGAATCGCCAGGTAGGGAATTCATTAGTGGAAGAATCAGGGATCCCTTTAGCGAAAAAAGTATTAGAGAAAGCTCAAGCTCTGGGGGTGAAGATCCATCTTCCAGTGGATGCGAAGGTCGCTAAACAGTGTGACTCTGGAGAGGATTGGAGGGAGCTGTCTATACAGGAAGGAATCCCTGAAGGATTAGCAGGTTTTGATATTGGGGCACAGACAATAGAACTATTTTCTAAGGTGATTCAGGAGTCGGCAACGATATTTTGGAATGGTCCTGTCGGGGTATACGAAGTCCCTCCTTTTGATCAAGGATCGAAGGCAATAGCACAATGTCTCGCGAGCCATTCTTCTGCTGTGACTGTGGTTGGGGGAGGCGATGCGGCTGCTGTAGTAGCTCTTGCAGGGTGTGCTTCACAGATCTCCCACGTATCTACAGGGGGAGGCGCTTCCTTAGAATTCTTAGAAAAAGGTAGTCTTCCTGGTACGGAAATACTATCTCCAGCTCAAAGCTAAATATCTGCGTATGCATTCTTTGTTAATGAAAAGCCCTGTTTATCGGGGCTTTTTTTTGTTTAAAAGGAGGTCTGAATTCGAGATTTAGAATGATTAAGATCTTTTGCAAAAAAGATAACTCTTAACCCCATTGTTTTTAATTAATTAGAAACTAATTTTCGTTTGTTTAAAACAAAACAATTGTTTTTCTTAAAAAGAAGTTTTTAAAATTTAATAAAAATAGTTGGAATTAAAAGTTATTGCTTCGGCGGAGGATTTATGAGTATTCGACCTACTAATGGGAGTGGAAATGGATACTCGTCTATTAATCCTTCTAACGATAATCAAGACGGTCTTGTGCAATCGACCTCTGGACCTAATTACGAAGGCCATACGGTATCTTCTCGAGGAGGATTTCAAGGGATATGCGCACGAATAGCCAATTTATTCCGTAACTGTTTCTCTCGTAATAGAGGCACTACTACTACGCCATCTCGACCTGTTATCACTCAGGCAAATATTCATCATCCGACTATTTCTGGACAAGGAGCTCAACCTATTGTCTCTACAGGAGATAAGAAATTAGATAGCGCAATTATTCAAGCAGATTTGCGTGCGCAGAATAAACAGACTTTGGCTACACATATTCAAAGTAAGCTAGGTTCTATGGAGGGACAATCTCCTCAAGATTATAAAGCTGGTGCGTATAGTGCGCTAAGATTGATGCTGTTTACTCCAGGCGAAACTACTGTGAGTAGCGAGCGGGAACGTCAAGCGTGCGTTACGGGTCGGGATCTCTGGGAACAGGCTGCAGGAGATCTTGCTACCAATGGGAATACAGATGGGCTTATGTTAATGGCTAACCTATCTGTGGGAGGGAAGCATGTGCCTGCAGGGCATTTAAGAGAATACATGGATACTGTAAAGGGTACGTTTACTGATGAGAACAAGGCTACAGATCCTACGGTAGATGCCATTTTAGATTTAGCAGCAAAAATCGATGCGACGGAATTCTCTAGTCCTGGTTCAGGGCTAGTCATTCTTAATTATATAGGAAATTGTGGACAAGTCGTTTTAGAAAACGAGGAGATGAACCAGCTTATTTTAGGAGATCAAAATGGGCAAGATCCTCAACATGTTCAAGATAACTCAAAAGAGTTACAAAAACTGTTAGAAAATGCTCGAAAAACAGATCCTGAGTTATATTTCCAAACACTAACTGTCATAACTTCTTCTGTTTTCTTAGACTAAAGAGAAGGTATGCGGTGTTCGGTCCTTTCAACTATTAAGAGGAAGTAGTAGTGAGTAGCATAAGCCCTATAGGGGGGAATTCTGGGCCAGAGGGATTTTCTAGTGCATCTCGAGGCGATGAGATTGATGATGTACCAGATAGTGAAGAGGGAGAGCTAGAAGAGCGTGTTTCGGATCATGCAGAGTCTATCATTACCGAGAGCTCGGAAACGCTGTTTCGTACTACTTCTTCATCAGGGGTCAGTGAAGATCTTCAGCAACACGTTAGCTTGGAGGAATCTCCACGACAACGAGGTTTCCTTGGACGGATCCGTGATGCAGTAGCTTCTATTTGGAAGCGTCGTGTTGCACGAAGGAATGAAAACTATGATGTGAAAAAAGCAGAAGAGCAGCAAGGGATTGTGCAATATCTGCAGGATTCGAAAATGCCTGCTTTAACGCGTGCCTATCGCCATCTCCGTGCTTTCAATTCTGCATGCTTACGTACGATTCGTGAGTTTTTCGCTACCATTTTTCGTGCTTTAAGGGATGCGTATTATCGACATTGTACACGTTCTGGGATCAACTTTTGTGGAGCTGATAAAGACTCTTTAGAAGTTCTTGTTGCGGTGGGTTTGCTTTTGCGTATGGCTACCTTACGCTCTTTTGAACATGTCGGTGGGAATTACGAAGATCGATTAGTAAATAATGATGCTCCGGTGACAGGTGCGGGGAGAACTCTTGTTGATGATGC
CP156063.1_gap27	799642	803375	3733	GGAGGCGTGATTACCGAATCACTCTTTCAAGAGGAAGATCAACTCGTTGTAGGATGTATGATTTTCTCTCAGGAAGGGAGAGAACTTTTTGATTCTTGGAAAGGGATATCACAGACATACCCACATGATATGCTCTATACGCAAGCATTTTTAGCAGAAGTTGTGTTGCACGTGGTGCAACACCACATTCATTTAAATGCAAAGGTTAAACCTACTTCCCCAGAGCAGGTAGGCAGTCTGTACAGCATTCGAGACCATAGTCCTCAAGCTTGGGCAAGGATGATGCGAGTGTTATTAATGCGCTGGTTGCTCGATTATCATTTTGATGTGTATGCGCACCTAAAAGAAGAAATTCTACGGTGCCCGCCACGACCGCCTTTTTGGCAAATGATTCCCTCGGAATCAGGAGATGGAACTTTCCGTAAGGAAGCTCGTTAGTCTGTCTGTAAGAAAGAGCAGATAGGACACACATCGATGTTGTGGTGGAGCGCTGGACAATACGCTCTTGCATAGTAGATGAGTTGTAAATGCAATTTCGGAGAGTGCTTTGGTCCAAAGAACTGTACTAAATCTTTTTCTACAGCTGAAGGACTCCGTTTCGTAGAAAGTTGCCAACGATGTGCTAAGCGAAGGATATGTGTATCTACAGGGAAGGTATTTTCTCCGTAATAAATGCTTAAAAAAACAGAAGCTGTTTTTCTGCCTACTCCTGGAAGAGCTGTTAATTCTGGAAGGGTGTGAGGAGGTTCTTGATGATAACGATCCACAAGAATATGTGATAGAGCATGAATATACGCAGCTTTGCGTTCTCCTAATCCACAAGGAGCAATGAGTGAATAGATTTCAGAAGGAGCCAGCATACTCATAGATTGTGCATCTGGTGCTTTAGCAAAGAGAGAGGGAGTGACAGAGTTCACAGCTTTGTCTGTCGAATTTCCAGATAAAAGGATAGCAATGAGGAGTTGAAAGGGAGTTTGCCATCCTGTTAACGAAGGCGCAGGATTAGGGAAAAGACGGTTTAAAGTAGAGATAATAAATGCACGCTTAGCTTGTACATTTAGTGACTTCATAAGAGGTTATTTTCCTATACAAAACTTGCTGAAAATTTCTCCTAAGACATTCTCAGTGACTTCGGATCCAGATAAATTGCCTATAGAATGCAAAGCTTGTCGGAGATCCAAAGCGATACATTCATTAGGAAGATGTTCTGTAAATCCATTCAACGCAGCTGTTAGGCATGTATAAACGGAATGAAGCAAGCTGTGATGGCGCGCAGAGACTAAAAAGATCTTAGAAGATTTTCCTAACTGCGTAGTATTGAGCCATTTTTGCAAAGCTTGTTTTAATTCCAGCAATCCTTCTCCAGTTTTAGCAGATACAGAAATTTGCTGGAAAGGAACCTCTATTTGAGGAGGAGATACGATATCACACTTATTCCAAAGTAAAATGGTCGGCTTTTGATACAAAATAGTAGGGAATTCTGGAAGTGGCTGCGACGCATCCACAACCCAGAGAATTCCTTCTGCTTGACTCATGGCTTCTCGGGCACGAGCAATCCCTTCTTTCTCAACCAAATTTTCTGTTTCTCTTAGACCCGCAGAATCAATGAGACGAAGATTTTTCCCTTGCAAGACCCAGTTTTCTTCTAAAATATCACGAGTTGTCCCTGGAATATCAGTGACAATCGCTCGGTTTTTTTGAGTGAGCGCATTTAGGATGGATGATTTTCCTGCATTTGGAAGCCCTGCTAAAACAATACTCGTTCCTTGAGCCAGACGTTGTCCTTCATCAAAACTAGAAAGAAGCTCGTCTGTGATAGATAGAGCTTCCATAATTCGATGTTTAGGGAGCGAATCTTCAGTTTCTATATCTTCTTCAGGGAAGTCTGCTAAGACTTCTATATAAGCAAGAGCTTCTATAATTAAAGAGGAGATAGAGGAGATCGCTTGAGAAGTATGCCCTTGGAATTGATTTTGAGCTATACGAAAAGCATCGATATTATCAGCAGCGATTAACTGTTGTATGGCTTCCGCTTGAATAAGATCGATTTTCCCATTCAAAAATGCACGTTGCGAAAATTCACCAGGAAGTGCTGCACGAGCTCCCTCCGCTAATAGAGCGTTTACAATTTGGGAGCAAGCAAAGTAACCTCCATGGCATTGAAATTCTACGATGTCCTCTCCCGTGAAAGATCGCGGGGCGCGCATCACTAAGACCAACGCTTGATCAATACAGACAGCATTATGGGATACGGTGCCTAGGTGGGCTGTATGTGATGCGTAACCCGCAATGTTGCCAGAAAAAATACGATCAGAAATAGAAATAGCATCCGGTCCGGAGACGCGAACAATAGCAATACTTCCTTCTCCTGGAGGAGTTGCAATAGCTGTGATCGTATCATTTCGAAGCATGGGTAGCAGCCTTTAGGCTAAATAAAGTGCTGAAAAGGAAATGATTATACTTTTGGATGATCTTTCTAAGCAAGAAGGGCTAATCGAAGAAAGGCGGATTGTTCATATAAAAATTTTTAAATAAAGAAGCTTTTTTTAGGAGTTCGGTATCCTGAAAGGGTTTGTGTTTTTGAGAAAGAGAAACTTCTTTATAGTTCTTTATGCTTTGTGTGTAAAAGGCTTCTATAGGAAGAGCAAATCAGCCGCTTGCAGAGCAGGAGATAAGCATGGCAGCGCGGGAAATGTTATATGTTAATCGCGAAACAGGGAAGGTGGAACAGGAACGTATCATCTGTTCTTCTCTGGTAAAGTTTTTTATTGAAACGAGAATAGGGAGAGCTCTGTACTCTGTTTTATGTAAGAATAGCCTGTTTTCCCGTATCGTAGGCTGGTGTCAAAGACTGCGAGTGACGCGATATTTTATTAAACCTTTCGTTACAAAATATCGTATTTGCATAGAAGAGAGTGCTTCTCCTCTGCACGACTACGCGTCATTTAATGATTTTTTTGTACGAAAACTCAAACCAGATGCTCGACCTATCTGCCAGGGAGAGGATATCTGTGTGACTCCTGCTGATGGTGCCTATCTTGTTTTCCCTTCCATGGCAGATCTATCCTTGTTTACCATTAAAAATAAGCCGTTTTCTTTAGAAAGTTTTTTAGGGGATCCGCAATTGGCTCACCAATATGCGCAAGGGAGTATGGCAATCGCTCGATTAGCTCCTTTTGATTACCATCGCTTCCACTTTCCTATAGCGGGTATTGCTGAGGCACCGCGCCGTATCAACGGCCATCTTTTTTCTATTCATCCTCTTATGCTTAAGCGGAATTTCGAAGTGTTTACGGAGAATAAACGCGAAATTACCATAATTACGTCAAAAGAGTTTGGTGAGGTTGCCTACGTGGAAGTAGGGGCGTTAAATGTGGGTTCTATCCACCAAACGTTTTCTCCCGGTAGTTATGTGAAAAAAGGTGCCGAAAAAGGTTTTTTTGCTTTTGGAGGATCGACTGTTGTTCTATTATTTCAGCCCCAACGGATTATCTTTGATGCAGATCTAGTTGGTTATTCTGCTCAGGGTTTAGAAACCCGGTGTCGAATGGGACAATCGTTAGGAACACGTTTCTCTTCATAAAAATAAAGACTTAAAACGTTTTTTTTGGTATTGCAAGAGAGAGAAAACTCAGAAGTTGTGCATTATGTGGCTAATCGTAGCATGGACACTCTTGGCTTGCTTAGCGATGGCTTTAGTCTTTAAAGCTTATAGGCATGTTATCAGCTTCCG
CP156063.1_gap28	820108	824004	3896	TATGGGAGCTTCTGTTTTAGCGATGTTGGGTTCTAATGGGACTTTCTATAAGTGTTTACATAGTGTAGGGAAGCCCTTAGCTCCTGGAGAGAAAGATGTAGCATGGCCTTGTGATCCTGAGCATATGCGTATTGTCCATTTCCAAGATGACAGTAGTGTGATGTCTTTTGGTAGCGGATACGGAGGCAACGCATTGCTAGGTAAGAAGTGCGTAGCTTTGCGTTTAGCTTCTTATTTAGGACATCAACAAGGTTGGTTAGCGGAGCATATGTTGATTATTGGGGTGACTAACCCTGAAGGAAGGAAGAAGTATTTTGCTGCGGCGTTCCCTAGCGCTTGTGGAAAAACGAATCTTGCTATGTTGATGCCTAAGCTGCCAGGGTGGAAGGTGGAGTGTATTGGGGATGACATTGCTTGGATTCGTCCTGGTAATGATGGGAGATTATACGCAGTGAATCCAGAATTTGGATTTTTTGGAGTGGCATTAGGAACTTCAGAGACTACAAATCCTCACGCACTTGCCACTTGTTATGCGGACTCACTATTCACGAACGTAGCTTTGACTGCTGATGGAGATGTATGGTGGGAAGGTAAAACTACCACGCCTCCGCAAGGTATGATTGATTGGAAGGGTCGAACTTGGGTCTCTGGAGGGGAGCCTGCAGCACATCCTAATGCGCGTTTTACAGCTCCGTTGGATCATTGTCCTTCTTTAGATCCGCAATGGAATAATCCTCAAGGGGTTCCTTTAGAGGCGGTCATTTTTGGTGGAAGACGTACAGAGACCATTCCTTTAGTATATGAGGCGTTAAGCTGGGAGCATGGGGTGATGATGGGGGCAGGGATGTCCTCAACGACAACTGCCGCGATTGTAGGGGAGTTGGGTAAGCTGCGACATGATCCTTTTGCTATGCTTCCATTTTGTGGCTATAACATGGCAGCTTATTTCGAGCATTGGTTGTCGTTTGCTACTAAAGGTTTGCAGTTGCCTAGAATTTTTGGTGTCAACTGGTTCCGTAAGGATGAGCACGGGCAGTTCATTTGGCCTGGGTTCTCAGAAAATCTTCGTGTATTGGAATGGATCTTCCGTCGTACGGATGGAGAGGATGCCATTGCGCACCGTACTCCGGTAGGATATTTACCTACAGCAGAAGGGCTTAATACATCGGGGCTCGATCTATCCGAGGATGCTTTGCGAGCTTTGTTGACTGTAGATGCGCAGGGTTGGAAAGCTGAGGTCAGTAATATTCGGAAGTATTGTTCGATTTTCGGAGCTGATATGCCACAGCGTATTCTTGAAGAATTATCCAGAATAGAAAGCGAATTGAAATAATTAAAAAGAAACGAGTTTTGATTATTCTAGTTTAGATACTATTGTTTTTCTGTTTTAAAAAACATTTTTTATTTTTAAAATTAGAAAAACAATAGTTTTCTGGATGATCTCGTGTCAATACAACCTACATCCATTTCTTTAACTAAGAATATAACGGCAGCTTTAGCCGGAGAGCAGGTCGATGCTGCTGCAGTGTATATGCCGCAGGCTGTTTTTTTCTTTCAGCAACTGGATGAAAAAAGCAAGGGGCTGAAACAGGCTTTAGGATTGCTCGAAGAGGTTGATCTAGAAAAATTTATACCGTCTTTAGAAAAATCACCTACACCTATCACTACGGGAACAACGAGTAAAATTTCCGCTGATGGGATTGAGATTGTTGGAGAGCTTTCTTCAGAAACAATTTTGGCAGATCCTAATAAAGCTGCAGCTCAGGTTTTTGGAGAGGGGCTTGCAGATAGTTTTGATGATTGGCTCAGATTATCTGAAAATGGGGGGATTCAAGATCCTACAGCAATAGAAGAAGAGATTGTTACTAAGTATCAAACAGAACTCAATACTCTGCGCAATAAACTCAAGCAACAATCTTTAACAGACGATGAGTATACGAAGCTTTATGCTATTCCTCAAAACTTTGTTAAAGAGATAGAAAGCTTAAAGAATGAAAATAATGTGAGGTTAATTCCCAAAAGTAAAGTCACTAACTTTTGGCAGAATATCATGCTCACTTACAACTCGGTAACCTCGTTATCAGAACCTGTTACCGATGCGATGAATACGACTATGGCGGAGTACTCTCTTTATATTGAGAGAGCTACAGAGGCTGCCAAGTTGATACGGGAGATAACCAACACGATCAAAGACATTTTCAATCCAGTTTGGGATGTGCGTGAACAAACAGGAATTTTTGGGTTAAAAGGAGCTGAGTATAACGCTTTAGAAGGCAATATGATTCAAAGCTTGCTTAGCTTTGCGGGTCTATTCCGGCAGTTAATGAGTCGTACTGCAACAGTTGATGAGATAGGCGCACTTTATCCTAAAAATGATAAAAACGAAGACGTCATTCATACTGCTATTGATGATTATGTGAATTCTTTAGCTGATTTGAAAGCCAATGAACAGGTCAAACTCAACGGTCTGTTGAGTTTAGTATATGCTTATTATGCTAGTACTTTAGGTTTTGCTAAGAAGGATGTATTCAATAATGCACAAGCTTCTTTTACAGATTATACTAATTTTCTAAACCAAGAGATCCAATATTGGACGCCTAGAGAGACTTCAAGTTTTAATATCTCCAATCAAGCATTGCAAACCTTTAAAAATAAGCCTTCGGCTGATTATAACGGCGTATATCTTTTTGATAATAAAGGATTAGAGACTAATCTCTTTAATCCTACGTTTTTCTTTGATGTTGTGAGTCTCATGACAGCTGATCCTACGAAGACTATGTCTCGACAGGATTACAATAAGGTGATTACAGCCTCGGAATCCAGTATTCAGAAGATTAATCAGGCTATTACCGCTTGGGAACTAGCTATTGCAGAATGTGGGACTAAAAAAGCGAAGCTCGAACCATCCAGTTTAAATTATTTTAATGCTATGGTCGAAGCGAAGAAGACCTTCGTAGAGACCTCTCCAATACAGATGGTCTATTCATCTTTGATGTTGGATAAGTATCTTCCGAATCAGCAGTACATATTAGAGACATTAGGAAGTCAGATGACTTTCTCTAACAAGGCTGCTCGGTATTTAAATGATATCATTGCGTATGCAGTTAGCTTCCAAACAGCTGACGTCTATTATTCTTTAGGGATGTATCTTCGACAAATGAACCAGCAGGAATTTCCTGAGGTGATTTCTCGTGCTAACGATACTGTGAAAAAAGAGATAGATCGGAGTCGTGCGGATCTCTTTCACTGTAAAAAAGCTATCGAAAAGATTAAAGAATTAGTGACTTCTGTAAATGCGGATACTGAATTGACCTCATCTCAGCGTGCAGAGTTATTAGAGACGTTAGCTAGTTATGCTTTTGAATTTGAGAATCTCTATCACAACCTCTCTAATGTTTACGTCATGGTTTCTAAGGTACAGATTTCTGGCGTAAGCAAGCCTGATGAAGTGGATGAGGCTTTTACTGCTAAGATTGGATCGAAGGAATTCGATACTTGGATTCAGCAGCTTACAACATTTGAAAGTGCTGTGATTGAAGGTGGGCGTAATGGTGTGATGCCTGGGGGAGAGCAGCAGGTTTTACAGAGTTTAGAGAGCAAGCAGCAAGATTACACGTCGTTCAACCAGAATCAACAATTAGCTCTACAAATGGAGTCCGCAGCGATTCAACAAGAGTGGACTATGGTAGCAGCAGCCTTAGCATTAATGAATCAGATTTTTGCTAAGTTGATCCGTAGATTTAAATAAAATCGTTTTAGAGGGCAAAAACGATTATGAGAAACCATCCGATTCCAGAAGGACAAAAGTATTTTGTTCCAACAATAGAGACTGCGGCTCCTCGAGAACGCAGAGTCTCCCCTGCAGAAGTAGCAGCCGACTACACGCAGTTGCATGA
CP156063.1_gap29	943734	946881	3147	ATCAACCCCTGTCGCTCCAGGAGATACTGCAAAAGTCATTCCAGCTTTTAAAGCATCGTCATAACGTTTTATTAATGTTTCATTAGCTAGTAGACTATATAGGTCTCGTAATACTAAAGAACGCACATCTGTTCGTTGAATTTGAGGAGAACGGATGCGCAACTCCATAGCCATTTTAGGAATCGTATAGAAAGAGTCTTCACAAGTATATAAAGTGATCGCATTTTGATCATAGGTCAGCTGCGGAGAAAAAGCAAACCCTTCGTGTTGTTTCTTTTGAGATAATAATTGGACTGTTTGAGGAATAAATTTATTGGGATTCGGAAAAGCAAATCCTAAGGAGGAGGAGTCCTGTATAGGTGTGAAATCTAAGGGTTTTTCATAGAAAGTGTCGTCAAAGATGGGATCATAGAATTCATCTGCATTCTCCCAAGAACTCGGTAGGGTAGCAGATAAGATATAACGTGCCTGTTGAGGGTCTGCTAAAAATGTAGCAAAGGTTTGTTCATCTTCTTGGGAGTATTCTGGATAGACAAGAGAGCGATAAGGGTATGTTGCTAATGGTTCAGAAGTAAAATTGGGGACCATTCGTGATAGTGTCGAGAATAACTCGGTTTGCGTGCTGTAAGTATATTCTAAAGAGTTGATTTTCTGTATCTCTGGCAAGGAGTAGGCAGGAAGTCGTTCATGACGAACATAATCAAGAAAAGCAAAAGTTAGCTGCAAAACTCTTTGATATTCGCGTTCCCCCTTATTGGTGAGTTTATAAAGAATTTCAAAATCTTGTGTATTATGAGAAGTGCTGTAAAGTTCTGCTTCCATCTCAGTAATGAGCTGTTCTTTTTTGAGTAAAGCAACAAGACTATTTTCTTTTTCACTAGATAAAATAGAAATCAGTGACTGAGCCCATCCTTGTAAGGACTGTGGAGCATCATAAAAATGCCAGTAAATAGCTAGTTGTGGAGAAGGTTCGACAGCCTTATTGATGAACAGTTTATTAAGAGCAGTAGTATCCTGTGTCTTTGGAAACGGTTTTTGTGGTGTGTACTGTGCAGATATAGGGATTTCAGAGAATAGGGACGCGATATACGGCACTGCGGTGTCCAACGGAGCTGTAGTGTAAACAATTGCTGCCATATTTTCTGGAGAGTAGTGAGTGGCAAACCATGTTTGCATATCTTGAGTAGTGACGGAGTTGAGGGTAGAGAGATTGCCGCAGCCAAAGCGTTTTAATGGGTGATTTTTAGGAGCTATAAGTTGTTGAATACGATGCATACGACGAGAATCTTTAGTTGGATGCATCGCAAATTCTTGCTCAACAGCATGAACTTCTTTGTTTAAATCTTCTTGGCGGAAGAGAGGTTGGATAAAGAGATGTACAAACTGATCCAGAGCATTATCTAAATCTGCATTGTTTACGGAGAATAGGAAGCAGGTTTTATCTGGGTAAGTAAATGCGTTATAGATACCCCCATGTGTGCTTAGGAAGGCAGGAAATCCTGAGGGCTCGGGATATTTTTCATTCCCGAGGAACACACAGTGTTCTGTAAAATGGGCTAAGCCTGGGAACTCGACAGGATCTGCATTATTTCCTGTTTTGACAACTAAAGCGGCTCCGGACTCAGCAGCATGAGGGGAGGATACAATCATGAGAGAGAGTCCGTTAGGGCATAGAATTTTAGCAATTTTTTGATCTGCTAATGCAGGGGTCAAAATAGTCAAAGGATTTTCATCTCGAATCGTTTGAAAGGATTTCGAGCAAGCAGTTAGAAAAGAAGGAATGCAAAGAAGTAATAGGGATAGGGAACGCTTCATATTTTTGGGGTCATTGGTAGGGTCATTGATAACAGGAGGGTGGTTGTCCATTTATTTCGCAACCACCGGGTTGAGGCTTTTATCAAAAGGCCAGAGGGTTCGTCAAGTTAGATTTCTTTGTAGAGATCAGTCACGATAGAGAAGGCACGAGAGGCTCTTAAAGCGCGTAGGGCGTGTTTATCATGTATATCAGCTTCTTCGGAAGAACAAAGCTCATCGAGCAACAGTTCGTCTCCAAAGTTAAAAGCAACGGGGGCAAATGAGATCACGCGATGTTCTCCGATCGCTTCCTCTATTGTCGGAGGCGGAGGAAGAATATCATAGGTTTTCATTGCTAAAGGGAAGAAATGAGTCGTTTTCCCGGAGCTTTTGGCAAGGAGGCGGAACATCTCTACACTGTCAGGATGAAATTCTGCAGGGTACAATTCTCCTTGAAGATTTTTACGATCTCTTCCTCCGGAAGGAGCAACATAAAAGAATTTCCCTCCTTCGCTAAGAAGCATTTTTAATGTTCTCATGCTTTTTTGGTTATGCATGAGCTTTTCTTCTTTCAGTTCTGGAGGGTGATTGATGTGTCTTTTTGAATAAATACACAGAAGATCGCATCCCATGCTAAAAGGTCGCGCTAGAGGATCTGAAGTGATCCGATCCCCTGCAACAAAGATCATGCTTTCCATGAGTTGCGGATAGGAGGCTCCGAGTAAGCAGTACATGAGCTGGGGGTCTGATTCTGTCTGGTGGTTAGCTAACAGCACTACGTTGTGTCCAGCTTGGATATATTCTTGAATCTGATCCAATCGCTCAGGATGTAGAATTTGTGATTTTTGGTCGTCAATCAGCGCAGAAAAAAAGTCGATGCCAAATTGGTAAAGATCAATTGGCGAGCGAATTTTTTTGTGGTAGGGAGGGAAAATAATAGGATTCTTAAGGTCATCAATAATGACCTTAAGCCATTGAGAACAAAGAGCTTCCGCTTTCTCAGCGGAGCATTTTTTAGATGCAGCCTCGATGTAGGTTTGATAGCAAATTTGAAACTTTTGGTACAAAGGCTCTGGTAAAAGCTGATCTTCAAAAGCCTGATATAAACAGTTTGAAAAATGCATCAACACACCTATTTATAACTCAATTCCTTCTCCTGTAATCAATGAGAAAAATTGGTAGTGGTTAAGATGGATAGAATCGGACGTATTGATTTGTAGCTTAGCTTTCAATTGCTTAGCCAAGCGAATGAGTTCGACATCGTCCTGCTCTTGTTTCATATAGTGGGCGATTTCCGGATGAACGACCAAACACAAGTTCGTGTGCTCTTTGTGTTTAATAATTTTCTTCAGG
CP156063.1_gap30	956802	957934	1132	TAGCGGCAAGTTTGGCTCCACAAAGTAGGCGGCTGCTGCAACTATTTTCAGAGTCTTCATTATCCTCAAGTTCGTCTGCTAGCTGAGACATTTTCCGGTCGGCATACTTCTTGCGTAACCAATTTAGAATAAATTTTTTCCCAATCAATAGAGGTGCAAGCCAGCGAGCTTCGAAGTTGAATAGAGAAGAAATTCGACTGACAAGTTTCATAATCTTATGGAGCTTGAGCAGTAGGCAGATGGTAAAGGCAAAAATCAAGACCATCCCTAAAGAAAGCAGAATGCAACAGGCAACTAAAGCTTCTATCAAATAGGGGGTCATAAAAACAAAAAAAATAAATCATTTAGTTTTCGATAATTATTTTCTTACTTCTTATTTAAAAAGTGAATGGCCGTTTGAATTTTTGTTTGGTTATAAATAGTAAGCTATTGATACCCAGATTGATGTTTGAGGAAAGGTCTTAAGAAGGCGAATTGCAAAGATTTTGATAAAAATAGGGAATATTTATCTCTGAAAATCAAGGATCAGTTAGTTTTGAGCCAAAGGATATTCTTAGGGATAGAGCAATGACACGTGATGTGAGACAGCTATTCGGAACTGACGGAGTGCGAGGACGGGCAAACTTTGAGCCTATGACGGTGGAAACTTCTGTTCTCCTTGGTAAGGCCGTTGCAGGGGTGTTATTAGAGAAACATGCCGGTAAGCATCGCGTAGTTGTTGGTAAAGATACCCGACTCTCTGGATATATGTTTGAAAATGCTCTGATAGCAGGTCTTACTTCTATGGGGATAGAAACCCTGATGTTGGGACCTATCCCTACCCCAGGAGTGGCATTTATTACTCGAGCTTATCGTGCAGATGCTGGGATTATGATTTCAGCATCGCACAATCCTTATCGAGATAATGGAATTAAGATTTTCTCTTCGGATGGATTCAAAATTGGCCAGGCAGTGGAAGAGCGTATCGAAGCCATGGTTGCTTCGAAAGATTTTGGGAAACTTCCTGATGATCATGCTGTTGGTAAAAATAAACGAGTCAAAGATGCAACAGGAAGATATATTGAGTATGCGAAGGCTACCTTCCCGAAAGGGAGAACGTTAAAAGGTTTGCGTATTGTTTTAGATTGTGCTC
CP156063.1_gap31	972239	973762	1523	GGGCTGGAAAGAATCACATTAGATTGTCCTGCATAGTCCATTAGTTCAGGAGCACAGCGAATAGCATCATTAAATAAACTTTCTCCAGGAAGAAAGAGAATGACAAATTCAGGGGACTGCTCGAACTTATCCCAATAGCTTTTGGTTTTAAGAGTTTTAATATGGTCTTTTATTTTTTTTACTAGATCAGTAGGATCCGCGTGATTATCCGTAAGGTACTCTTCAGAAAATGGAGTTTTAGCATCAATAACTAGACTGCGATTTTGCGGCAAACGGATGACAATGTCTGCTCGAGAAGAAGACTCACTGGAGTCTACTGTTTGCGTGCTGTAGTCACAGTATTTCAACATGCCGGAAATTTCAAGGATTCTCTCTAGTTGAATTTCACCCCATCTTCCACGAGATCCAGGATGTTTCAAAATATTGGTAAGAGCCTGTGTTTCTCGCTCTAACTTCTGTTCTGCAGTGAGTAATTGAGAGAGTTGTTCTTTGAGAGCTCCGCGGTCTTCGGCTTGCTTAGTTTCAAAATTTTCTAAGTTTTGTTTGAAAGCAGATAAGGTATTATGCACCGGAGCAAGAACAGAGGTAATGGCTTGAGTTTTCTCAGAAAAGAATTCTTGAGATTCTGTCTTCATGTCTCTAGCAAACGCCTGGGATACCGAAGTCAGTTTATGAGAGAACTCCTCCATAAGTTGTTCTTGACTTCGGCGAGTATCTAAAGACATTTGTAGAATAGCCTTGCTATGCTCCAGATCACGAATGATTTCGTGTTGTCGGGATAGCTTTTTGGTGAAAATTTTAAAGGAGAAGAGCACTCCCAGCGCTATTCCTAATGAAAAGAATGTAAAGTATAGACACACAGTTTGCGATAGCAAAGAAATAGCGAAGACACCCATATACTAAGAAGAAGATCTTTTATTAATAAAGGAAAAAACAGGAGCAACAACTAGCACGTATAACCAAGAGACAAGGAAAAATACTTGTGTGAAATGGTCCACTAGTCCCGAGAAGAAGAGACAAGCCACTAACCCGATTCCCAGAACTAAAAGCGATGAGGAAACGCGAAAATGGAAGTGTTTTAATCCAGGGAAACGCCAGGTGGAAATCATTAAACAGCCACTGAGTAATAGGCCGAGAGAGACGAGAAGAACCCGAGCTCGTTCAGGAAGGCTGTTCAAGGTGTCAGAGGCTAGTAGCACGCCTAAAGAGACTACACATGCTGCAGCGGCAGGAATAGGAAGTCCTGTAAATGTAGTTGCTTTTTCTCCCGTAGCGGCAAAGAGATTATAGCGTACTAAGCGGAGTACTCCACACAGAGAGTAGATGATACAAGTCAGCAGGAGGAAAGAGGAACAAAAGGTTCCGCCGTATTCTCCATTCAAGCTTTTAATCGCAATTAAAGGAGGCGCTATGCCAAAAGTGATAGCGTCAGACAAAGAATCGAAGTGAGCACCGAAAGCACTTTCCGCTTTCATAATTCGTGCGACAGCTCCATCCGAAAAATCTGCAATCATAGCGCTAAT
CP156063.1_gap32	1042200	1042700	500	AAGTTGAAGATCGAGTTTGTTCTCTATATTCATCTCGTAGTAACGAAAATAGAGAATCTCCTTATGCAGTAGTAGACGTCAGCTCTATGATCGAGAGCACCCCAACGAGTGGAGAGACGACAAGAGCTTCGCGTGGAGTGTTCAGTCGTTTCCAAAGAGGTTTAGTACGAGTAGCTGACAAAGTAAGACGAGCTGTTCAGTGTGCGTGGAGTTCAGTCTCTACAAGAAGATCGTCTGCAACAAGAGCCGCAGAATCCGGATCAAGTAGTCGTACTGCTCGTGGTGCAAGTTCTGGGTATAGGGAGTATTCTCCTTCAGCAGCTAGAGGGCTGCGTCTTATGTTCACAGATTTCTGGAGAACTCGGGTTTTACGCCAGACCTCTCCTATGGCTGGAGTTTTTGGGAATCTTGATGTGAACGAGGCTCGTTTGATGGCTGCGTACACAAGTGAGTGCGCGGATCATTTAGAAGCGAACAAGTTGGCTGGCCCTGACGGGGTA
