gap_id	start	end	length	sequence
CP166121.1_gap1	4932	8574	3642	TGAACTCATTTACCTTTATGGCACAAGCTTTGGAAGCTGAAAAACGTCGTCAGATTGAAGAGTATCTTAGCCATCCCAATGAGGATCCAAAAAAAGTTGTTCCTGCAGCGACTTATCGTTGGGATCCTGAAAAGAAAAAAACGGTTCTGATGCGTCTCAAGGAACGAGCCGAAGATTATATGTATTTTGTAGAGCCGGATCTTCCTGTTTTGCAGATCACCGAGACTTATATTGATGAGGTGCGTCAAACATTACCAGAGCTACCTCATAGTAAATATATGCGTTACATTACAGACTTTGATATCGCTGAAGATTTAGCAATGATTCTTGTTGGTGATCGACATACGGCTCATTTCTTTGAAACAGCAACTATGTCTTGTAAGAACTATCGTGCTCTTTCGAATTGGATCACAGTCGAATTTGCGGGCCGTTGTAAAGCTAAAGGGAAGACGCTGCCATTCACGGGGATTCTTCCTGAATGGGTAGCGCAATTGGTGAACTTCATAGATCGTGGAGTGATCACAGGGAAAATCGCTAAAGAAATTGCAGATAGAATGGTCTCTTCTTTTGGGGAAAGCCCAGAAGATATTTTGCGTAGACATCCTTCGTTGTTACCTATGACGGACGACCATGCGCTACGCGCTATCGTTAAAGAGGTGGTTGCTCAAAATACCGCGTCTGTAGCGGATTACAAGAACGGGAAAGCTAAAGCTTTGGGCTTTTTGGTTGGACAGATCATGAAGCGAACAGAAGGGAAAGCTCCTCCTAAGCGAGTAAACGAATTGCTATTAGCAGCTATGCGAGATATGTAATTTGCAGCATCCTCAAAAAAGGCATAAAAGAGAAGAACCCTCTTCATAAAAATGGAGAGGGTTCTCTTTTTAAAAGGCTTTATCGCTTTTCCAATATTATTTACGAGAGGGTTTCTTCTTTTGAGATGAATCGGAAGAGGATTCCTCATCCGAAGATTCGCTGCTGTCTTGTCTTTGCTCTTGGTCTTTATTACGATGATGCTGAGCATTTCTCTCGCTGCGAGAGAGCTTTACGACGCGGCGTGTCGTTTTCGGAGAAGAAGAGGGTTTGGATGGAGGGGTTATTCCTGAGACATCTCCTGCAGCTACGGTTTCAAGAGCATCCATATATTCAGAAGAAGAGCTGCTGTCAGAAGAATTCGAGTTGGACAGTTCTTTATCGCTATTTGGTGGAGTGTGGAAGCTAGAAGAAGAGGAGGATTCGGTATCTGAGCTTTGAGGACTGACAGAAGTTAGAATCTGCTCACTATCTGTAGAATGTGTGGTTGTAGAGGAGAAGAGTGCATCCGGTTGCATGGTTTGCAATGTTTTGTCGACCAACGGAATAGGTGTATAGTTTTTTCTTCTGATTGCCCGTTTTCGCCAAGTCTTCCCTCTTTTCATCAAACGAGGGGAATAGCGAACCTCTTCTAGAGCGGAGGATTTGCTTTCTTTAGGAAGATGGCTCTCCCAGGCAGCTAACTCAACTTGTTCGAGCTTCTTCTGCTGTTTCCATTGCTCGCGATTGCTGAGATATTGATAGGTCACTCTATGCAGAGACATCAGAGCAAAGCCGAGAGTCATAGAGCCCATTAGGAATAGAGGATTCGCTAAGATTACAGCGCCTCCGCCTACGGCAATAGCAGAAAACATCAATCCAGCAGCCGTCCCTGTTAGGATAAAAGGAAGAGAGACTGCAGCAACGGTATCAGCAATCTCTTTACTTTTCTGGGATTCGGCAAGATCTGAGACTAGCAGAGTGACTCCTAGGGCTCCAATAGCTAAGGCTGGAGCGATTGCAAATAAAGCGAGCCCAGACCCTTGTGTCCAGAGAATGATACTCACAATACAGAGAATACTAATAGCTATAAGAGCAATATCGTAAACATAGCGTAGTTTGGGGTGACGATCGGGTGTCGTCAGAAACCTGGATAAAAGCCCTTTTACCTGTTGGGGAGATTGGGGAGGGACTGGTGTTACTGGAGTCATAAAATTATCCCAAAAACAAAAAACGCTGAGTACTAGAATCTAGTATAAAATAACCAAAGAGATTGGAGGGAGATAATTTTTATTTGGTCGTAAAGATTTTAACTTACATAGATTCTAGCACTTCTTATTAAGCGGAAAAGCGTTGGGAAGGGGAGGCTGACTGGGTCGGCAAAGAGAGGCAGTTCAGATCGGGAGCAGAGGAGGAACGGGGGAGCTTGGCAGCCGCTATTTCGATTTTAAGGGAAGAACTTGGTTTATGTTCTAAAGCTGGGAAAAGGTGGGTGTAGATTTGGAAGCATGTCTCTACAGTAGCGAAAGCGATACTGACAGAGATCATAGGGAAAATAAATCCTGGAGCCCAAGTGATACAACTTACAATGCCTACAATGGTAAGCGCTAAGGAGAAAAGGGACAGAAAGGTTGCTAGAACATATCCGGAGCAACCCTGAAAGCTTTTATGGAATAGGCAGGAGATCAGACCTCTGATAGGAAATACAAATAAGCCTGCAGCACAAAGCACAGGGAAAGTAATCAGTTTGAGTATACCAAGAAGAAATCCTGCTAAAGAGGCTATGGATAATGCTGCTTTAGGGTATTTTTGAGCTAGAGGGCTCATGTAGGCAGCGGCAACTCTTTCAGGAAAAACTAAATTTAAAAAGTGATCCTGTCCTTTTATAGGTGCAACAGTGGAGGGCATTTTTCCAACTAGGTGTTATGTATGGTAAGCCCGCATTGCGGGCACAAAAATTTATATGCGAGAGATATTCTGACAAAAAATCGATAAATTGTATCTATTTTATTTACAGTTAATCAGTTTTGACTAGGATTTACTAGCTAAGAAAAGCTTCTAAATGATTTATTTGTACAATCAGTTCTATTCTCAAGAACTATGCCAGAAGTTTGCTAAAAATTTTATTAAGCAGTATGATCTACCAGATCCTAAATATTTATTTGATAAGAGGAAGAACTCCCAATTCTAGGGAGATAAGCTGATTGTATGATGGAGTGGTATGCTTAAAGTTCTTTTCCACACGATGACGCTTTTCGGGCATTTGTTATCGACGCCTATTTATATCGTCGGAGATGCTTGTGGGAAAGATCGGGATGAGTACAAGAATCCTCCTCTGAGAGCTTTTTCTTTTGAGAGCCAGTTTTTGCAAATAGAGAATGCAAAATTCAAAACTCTCCCAGATCAATCCTTGGGATATCGACAGGCGGATACCTCGTTGTTTGCTACGATTCCCGTTACCGAGATGTCGGGATTTCTTTTATCGTCTCGTTATTTAGGAGCTGAAGTCTCTTGGAAAAGCTCTAAAGAGCTGCAAGATACAGATCCGCAAGCTGTAGGATATTTCGCTTTCCAAGACAAATCTTTTTATCAGTATATCACATTGTCTGTAGGAGCCTACACACTAGCTCTTACGAATTGGCAGTGGTCTGTACTTTTTTCTGGTATGGTAAACCCTGAAAATATTGAGATTGGCTCAGGACTCTATCAGGTAGTTTTATCTTCAAAATATCATGCTTCGGAATCGTTATCTGTGATTATGGGAGTCATTAATGAGGTAGGGCTACATGATAAGCAAGCCTGGCCTTTATTAGGGTTCTCTTATAAACCTGAAGATAGACTCACACTCAATTG
CP166121.1_gap2	11089	15635	4546	CAGCAATAACTGTTTTTTTTGTTTTGTAGGCAAGCAAAGCAGGAGAGGTGGTAGTAAAAGCTTGGGAGCCGAAAAGAGGATAAGAATATTCCGAAGAAAGTAATACTTGATCCCCAACAATGCCGACTACCTCTCCTCTGTGGAGAGCTCGTAGCGCTTGGTTAATTGCATTCTGTGGAGGAACAATTTTGCCTTGGAAAGATTCTCGCAGTGAAATGATTTTTTGATTGAGCCGACGATTCTTTACAGGTTTGGCAAAAGCCAGCCCCGGATAGCGTTTAGTAATGTAAAGGAAAGGGAGCTCCCAGTTAGCTTGGTGACCACAGAATAAAATGGCTCCTTCTTGTCGATCTAAACGTGAAAAGAAATGGTCAAGTTCTTGTTGTGAGGAAACTTCTTCTGGAAAGAAACCTTCAGGAGCATCTTCAGAAGTAGCAATAGCAATCATTTCATCGATATGTTTGGCGAATTTATCTACAGTTGCAAGCTCTACAAACGTAATGATCATCTGTTGTACGGATTGGCGTGCAATTTGATAGCGTTCGGCGAAACTTTTTTCAGGGAAAGCTAAAGCTAAATTAGTAAGAGCTGTTTTTCGGAAATCAGAGATGAAATAGAAGAGAGCGGTTCCGAGCCCTTTGCTAAAAAGTCGTAAGGAGGATCGAGGAAGTAATCGTAAGATGGTCAGGACTCCAAGACCTAAACCATAAACGAGATGATCGACGAGAATTTTTCCCCCCGTACGTAATCTTTTAAAGAGCATAGTATGTGTTCCGTAAGGCTAGTATGACTTTGCTAGTAGTTACAGAAAGAAGCTTTGTGATCGAGACAGGCTCTACGTAAAAGCTTCTTTATATAAAACGCTGTTTCAGTTGAAAAACGCTCATCATAGCATCAGGAAGATTTTTTCTTTAGAGAGGATGACGTTACTTGAATAATCACTTTATTTCCTGACGTATGCGCCGTTAAGGCTAAAGGTTCGCCATTTTGATCAAATAGAGTAAGTTTTCGTAAGTATTCTCTAAAGCGATGTCGAATACCTGCTTCGTCAAGGATCATATGTTTATGCGTCTTTTGTTCTTGAGCCGTAACTGCCTGAACAAAAGTATTCTCTAAAGTTTTCTCGTCTAGAAATTCTACAGCCCAATGAATGAAGTGTTCTCGCTGAGGTTTTATAGGAGGCTCCATAATAATAGTGAGTGCTATATTATTTTTTACAACATCTAGGAACAGATGGCTGACATCTTTTACATAAAGCGGTAGGTCCATTTGGTAGATCCCATGATTGAGTACTAGAGGAGCATTCTCTTCAAGATAGTAGTTTTGTGGGTTCACAAGTTGACTATTTTCTACAGGGAAAAATAGAAGGACCGGAAGATTAATATTAAGAGGAATAAATTCTTGTTTTAAGAAAAGAAGTCGCAAAAAATCTGCTTGCGGATCATTCAATTCCATGTAGCTATTGTCGAAAGGTATATAAACTTTTTTCCAGTCTTCAGGGACAAGGTATACTACTTCATCAAGATTCCCTTGAGCTAGACGATTGCGGTCCAGTTCTTCAAAAGAAACTTTATTAAGGTTAAAAGTTAATTCCAAACCATGATCTTTTAAAGAAGAAACGTATTCTTTAGGACCACTTACCTTTTGTACTAAATACTTAGGCCAGGTGTCTAGGTATTCATATCCTTTAGGAGCTCTGCCTATGGGTTTAGTGATAGTGACAGAAACATCTTCGGTAACAAATTGGGTTAGACGAATGAAAATGTCTTCCGATGTGACGCTTTTAATATTTTTACGTAAATGGATGTCTGTGTCCAAGCATACTAAGTTGTAAGGATCGATGGTTTCTATCCAACTTTCAGTTCGTCCTTTGGCACTGATCACTATCTCTAGATTGGAAGGGCGAAGCTTCTCAACAACAGATTTATTCCCTGTAATCATCATGGCAACTTTTTTCTTTAGCAGACCATTTGCCTGCAATCCGATTACAGCCTGTTCCGGAGCTAGATCAATAACGCGTACAGGAATATTATGAAAAGTTCTCGTTACCGTAATGGACTGATTTGCAAGCGCCCAGATAATAATGGCAAAACCTAAAGAAACGAGTTTTTGGAGCCAATTACGAGAAATCCAAGAGACGAAATTGATCATTTTTTACGCATCCAGGAGATAATAGGGTTTGTTTTTCGTTCATTGCGCGTTAGGATACTTCGCAGGATGGCTTTAAATCTATCCATCTTTACTCCACGAGTTAAAATTCCATCACGAGCTAAGGAAACTGCACCGGTCTTTTCTGATACTACAATCACGAGAGCATCGGTACGCTGACTAGCACCGAGTGCTGCACGATGACGCGTTCCCATGGATCGCGACAGTTGTGTGGTATCATGAGCAAGAGGAAGAATTACTCTAGCGTAAGAGATAGTCTCGCCTCTCATTAACACGGCTCCATCATGTAGATGGGAGGAGGGCTCAAAAATAGCTTCGAGAAGTTCTTCTGAAAAATCTGCATTAATTTTCACGGCAGAGAGATTAAGCAGATCATTCAAAAGACGCTCATTTTCTAATACAATGAGAGCTCCGATTTGTCGTTCAGCCATGCGATAGATGCATGCTGTCAAATGGTCAATGAATTCGTCTTGCATATTGATGACAAATTTCTCTCTACACAAGCGTATCCTAGAGAGAGCAAGGCGAATTTCTGGTTGGAAGATAATAAATACCACGATAGCCGCAATATTCACTACATGAAGCATCAAATTGCGAATAACGGGGAGATGAAGTTTTTCTGCTAGAACAAATAGGCAAAGAAAAGACAACAAGCCAAAGACGAGGTCCATGGCGCCTGTTCCCCAGAAAAACTTTAGCAAATAATTAAGGACCACCCAAATTAAAGCTATCTCCAACAGAGGTGTGGTGTAATACGTTATACCTACGAACATCTATATAAGATAACCCTAGCAGTTGAAGTGTTTTCATTATTTTCAGCAAAACAAGAAGCTGTACCAACTCCTTGAAACTTATTACGGATGAACCGAAGTCAAGGAAGGTCTTAAGAAGGCCTTTGGGAAAGGACTCATCCCTAGTTTAGCTGGAAGACAGTTAATGGCAAAGTATTTTGTGGAAAAGGGCTGTTTTAACAACTGGTGACAGGGAAACGTGCATAGTATATATACTAAAAAGAATACTAGAAGTTTTTGATTTGGAGAGCCAAATATGAGTGCTGAGATATTGGCGAGAGTACAGTTTGCGTTGTTTATCGGATTTCATTATCTGTTTGTCCCCATTAGTTTGGGATTAAGTATGATGATTGTTCTTATGGAGGGGCTCTACTTATTCACAAAAAAAAGTATTTATAAGCAGTTGACCTGGTTTTGGATTAGGATTTTCACCTTAACTTTTGTTGTTGGCGTTGTCACAGGATTGATGCAGATTTTTTCCTTCGGAGCAAATTGGTCTCGATTCGCAGAATATACTGGAAACGTATTTGGAATGTTCCTTGGTAGCGAGGGAATGTTTGCTTTCTTCTTAGAATCTGGATTTCTAGGAGTTTTGTTATTTGGTCGCTATAAAGTATCAAAAAAAATGCACTTTTTTTCAGCCTGTATGGTTGCGCTCGGCGCTCACATGAGTGCTTTTTGGATTGTTTGTGCGAACTCTTGGATGCAAACGCCTTCCGGTTATGAAATGGTCATGCGTAATGGTATGTTAGTTCCCCAAATGACTTCTTTTTGGGCAGCGGTGTTGTCTCCTTCTGCTTTGCAGCGTTTTACACATGTTGTTCTTGGCGCTTGGTTATCTGGGATATTTCTTGTTCTTTCTGTTAGTGCTCACTATCTACGTAAAGAGCGGCATAAAGATTTTGCGAATCAGGGGTTAAAAATCAGCATGTTTTGTGCTTTCCTTGTTTTGGCTTTGCAGCTTTGGTCAGCAGATGTCACTGCAAGAGGGGTCGCTAAACACCAACCTGCCAAGCTTGCTGCGTTTGAAGGTGTTTTTAAGACTCAAGAACACACCCCAATTTATTTACTCGGCATTGTAGATATGAAAAAAGAGCGAGTCATTGGGATCCCCATTCCTTCTGGTTTATCGCTTCTTGTTCACCGAAATGCAAAAACTCCTGTTACAGGACTGGATCAGTTCCCTAAAGACGAATGGCCAAATGTCGCTTTCGTTTTTCAAACGTATCACTTAATGGTCATGTTATGGGGAGTAATGGTACTTTTAGCTCTGATAGCCTTTGCTGTGTATAAGAAAAAATCTTGGAGCTGCAAGAAGGGGATCTTATGGATACTTTCCTTCTCTGTGCTATGTCCTGAGTTATGTAATGAAATCGGCTGGATTTCTACAGAGGTAGGGCGTCAACCTTGGGTTGTTTATGGCTTATTAAAAACTAAAGATGCGACCTCTCCTATCGTGAACGCAGGGCAAATTTGGCAGTCTTTGATTCTGTTTTCGATTATTTTTATTTGTTTATTAAGTGTCTTTGTCTCGCTTCTTTTGAAAAAGATAGGTGAGGGACCAGATGAGCAAGACCTTATAGAAG
CP166121.1_gap3	40511	43458	2947	ACGTTTATACAGAATAGTGATCAGCGAACAGATTCCGAAAACGGAGTAGCGGGTCAGCACAATATCTAGGTCAGCAAAGTTCCCTAGCATACTAGGGATCACGAAAACCATTCCCCAGTAGAGCAGGCTAGGAGGCTATAGAAGACTCCCAAAGGTGTATTACGAGAAGAGGACATTGGATGAGGGGAGGACATCATGCTTAAAAGGCTCTCCAGCTTAAAAATTGCGCTCTAAGAAATTACTAAAATAGAGGACTTACGAGAACGAAAGTCAGATAAAGACAAAAAGAGTTGGTAAAAAAAAGCCTCTCTTTTTTCTCCTCTTCGTTTGAGGGAGCTTTAGCCCGAAAGGACCATTACAGGGCAATTATATTCCCATAAAGATTTTTCGTAAACAGTACCAAGAAGGGCTATTTACTGTTTTGAGTAAAGATTTTAAACTATTTTCATAAATGGTTTGAAGTTCCTTATAGAATCAGAGTTGATAAAGCGTTTTTTTTGGTATAATGAGAAAAAGCTTTTTGTAAGGCAAAGAGATGAAGCGTATCTTAGTGTATTCGGATAAAGGAGTTTCTCCTTACTATTTGCGCCATACTGTTCGCTGGTTGAAGCAGGTAGCTGCTCCATTCCAGATGGAGGTATGTCGCGTGAATGGACGTTTCTTGATTCATGAGCCTCTTTGGGAAGAAACAACCCAGCTTCTTGTAATTCCAGGAGGTGCTGATGTACCTTATCATAATGTGTTGCATGGACTGGGGACAGCGCGTATCGATAACTACGTAAGAGAGGGAGGCTGTTACCTAGGTATTTGCGCAGGAGCTTATTTTGGTTGCGCGCGGTTTGAATTTCTAGAGCCTACAGGATCTTTATTTGTTGCTAAGCGAGATTTAGGTTTTTTCCCGGGAGCTGCTAATGGTCCTGCTTATGAAAGCGCCTTTTCTTATACAAGTTCCTCTGGAGTTTTAGCCACCCCACTAGTTTTCGCTGATTTTCCTGGAGAGAGTTTCTCTCTTTTTAATGGGGGATGCTGTTTCGAAAATGCGGAACATTTCCCCGAAATATGCATCGAGGCGCGCTATAATAATCTTCTTGGAAAACCTGCAGCTATTGTCTCCAGACGCCTCGATAAGGGGCTAGTCGTGCTTTCTGGTCCTCATATAGAGTACCTCCCAGAGTTTTGCTCCTTGCAAGAAGATAATGTTATTCAGGCGAGAGAGCAAATTGCAGCACATTCTTCGAGTCTAGAGGAGTACAAGCAGTTCTTAATCCATCGTCTATTGAGTAATGTCGTCGAGCACGTTTTGTATTAAAATGCTCTCACCTCTTTGAGGATGTGCTTCCTCAGCATCAAATAAGAACGGTTGCACTTGTCCTAGTAGACCCAATTTATCTTCCTCTTCTAATCCAGAAATAATAATGGTGGTTAGTGCTGTCTCGCTAACAGGTCGTACAGGAGATAGGATACGCATATTCGATACATTACCGGGAAGCGTGTAGTGTTGCTTTTTCATGAATAGAGTAAAGAAATCTTCATAATCCAACGGGAATATGGGAGCGAGTTTCTTAGTTCTCCAATCCGCAACTTTTGTATAACGCAACTGTTCTAAAGCGCAGAATAGTGCTAGCAACTCTAGAGTGCGTGCTTTTGGTGTGTGCAGAGGAGTTTTGAGGGGTTCTAGCAATAAAATCTCATTAGATAGGTTGTGTTCTATGATCTGTGCATAGTGACTAAAGAGTTTTTTAAAGAGCTCTTCTTGTTGCAGCTGCTTGCTTTCCTGAATAGAAATGAAGAAGGTTTCATTTCCTGTATCATAATGTTGTTGTAGAACTCCTTCTTTGGCTTCGCGCATAACAGGATTGCCGGAAGGTAATTGGTGTGCATAACCCACTCGACAGGTGAGAGCATTGGACTTGATGAGATAGGTATGTAGCGTTTCAAAATCCAGAGTGGATAGTGTGAGGGAGAAAGGCAAACTGGAGTGCGACAGGATAATGGTTCGAGGTTGCCCTGAATCCGAAGGGATGATTTGTGGTGTCCAGTCTGTAAAAGCTGCAGAAAGAAGCTTTTCTGGGTGATCAAAGAAAAACTTTTTATATTTAGGAGAGGCACCCTTGAAACATTCTTTTAAGCCAGGATTGGGGTATAGGCTTGAAATGCTTTTGGATTCCGTTTTTAGAAAATCAATGAGAGAAGATGAGAGAGAGGGGATGGATTTTACATACGACATCAGATGTTGAATTCCGTAAGGGATGAGCTTCTGACACCCAAAAAAACTAACCACGGAAACAAGCAGAGCAAAGCAAAGTCCGGAGGCTATGAAAGCCGGCGGGCCAGCAAAAAGGAATCCACACGATGCGATGAATCCTATAATTAAGGAAAATAACACAGAAAAAATCACAAAAGCTTTGGTTGTTATCTTTTCAGCAACCAAAGAGAGAACTTGTTTAAAAGAAGTCTGTAGGGTGCGACATTCTATTGGGAACATAGATGGTTAGTCCTCTCTAAGAGTGCAATGCAACGCACTTTTCATAGGGACTTTTCGTATTTCTGAGGCCTCAATGATGCCAAAATTGAGGAGTTTAGAAAAGTCGCCTCGGACAGTATACTCCCTTGGAGCTTTTTTAGCATTTGGGCTTTCCTGTATTACGAGAGGGGTCGATAGAATTTTTTTAATTTTAGCTGAATTAGAACGCTGTTTCGCGGTGCAGTTGGTCTACCACCAAGAGTTGCAAACCAATTGGGGGTGAACGGGAAAAATGAATAAAAAAGGACGAGAGAGAGACAGGGACTATCTTGAACTCCATTTAGCAGAAAAAAAGGTATTTTCAAAACAAAAAAAGACTCCATCACCTTAACGATGATAAGAAGAAACTACGGATAATGTTTGGGATCTATAAGAGAGAAAAAAGACTCCGGAGGATGGGTTCGAACCAACGACCAATGGATT
CP166121.1_gap4	45523	49517	3994	TTAATAGATAACTTAGGGTTAAACGAGATTGACATTAAGCTTCTCTCCGTGATGATTGATTTTTATCAAGGAGGCCCCGTTGGAATGAAAACGCTCGCAATGGCGGTAGGGGAAGATGTCAGAACTCTGGAAGATATGTACGAGCCCTTTTTGATTTTGAAGGGTTTGGTTCAGCGAACCGCAAGAGGACGGGTTGCAACCCCTTTGGCATATGAACATCTTAACAGGAACCCTAAGGACAGGTGGGGAGAAGAATAAAGTGAAAAAATTAAATCTACTCGTACTGCTAGGAGTTTTTTGTGGTGTAAGCGGTGTTGGAGATGCAGATGTTAAAGTATCCGATGCCCTATCGCAATCTATTCTTGTCGAACCAAAAATCCGAGTTCTTTTGCTCAGTGAAAGTACTACAGCTTTGATTGAGGCTAAGGGAGCTTTTTCAGTATTCGGAGATGGTGAGCTTTTACGGGTTTCTTCTCAAGGACAACGTTGTGCGGCGCATGCTTTGTATGGAGGCATTCGTTGGGGAGAGAATTATCCCAACGTTGAGTGTCTAAAAATCGAACCTCTTGATGGAGCAGCCTCGCTGTTTGTTAATGGTATTCAATACAAGGGTGCTATCTATATTCATAGAACGGATCGCAGCTGTTTGTTCATAGTGAACGAGCTCGCGGTAGAAGACTATCTAAAGTCCACTCTTTCCGTAAAATATTTGAAGGAATTAGATAAGGAAGCTTTGTCAGCTTGTGTGATTTTAGAGAGAACGGCTCTTTATGAGCGTCTTCTTGCTGGAAATTCTCATAGCTTCTGGCATGTCAATGCTCAAGAGGATCGTTATGGAGGATTTGGTGTTACGTCGCAGTTTTATGGTGTAGAGGAGGCTGTAGACTGGACCTCTCGATTGGTTCTCGATAATCCGGAAGGGCTAGTGTTTAATGCAGACTATCTATTGCGAGCAAATGTAGACCGCTTAGCTATAGAAGGCTACAATGCTCGGCAGATTTTAGAAAAATTCTATAAAGATGCAGATCTCGTAGTGATTGAGTCTTGGGAAGATGATTGTAAAGGTGCTTAGAGGCATATCCCAAGAAGCTTGGCAGCAAAAAGACCCATCTCTAATGAGCTGGGTCTTTTTTTTTATCTAGATTCCAAGGAGGTTTTTCTTCTGCTGATGGCTACCAAAGAGCTATAAGGTTCAAGAGAGAGTTTGGGAGATAATATCTGAGAAAAGAATCCTGTTGTGCTATCTACAATTTTTTCATAGGCCAAATGTTCTTTTCTAGGTTTAGGTAAAGAGATTTCAATACGTTCATTCCCACTATAAAACGCTACGAATAAACTGTAGTTCAGGTGTTTCAACTCAAAAGCTAGATAATGATCGGCTCCCCACTCTCTGGGAGAACCTTTTGTATTTAGCCAGATAATCGTATCTTCTGATAAGAAAGAGGTATTGAATAATTCGGTATAAGCTTTGCGCAGAGCAACGACTTGGCATAAGAAAGAAAACAGTTCTTTCCTTTCAGCTAATCGATCCCAAAGAAAGTAATTGATCTTTGTGTCTAAGCACCAGTGATTATTATTTCCATAAGCTGTGTGCCCATATTCATCTCCGGATTGTATCATGGGAATTCCTTGAGATAAAAAGAGAGCAAGAAAGAAGTTTTTCATTTGGCGTTCACGTAGAGCGCAAATGGTGGGATCTGTCGTTTCTCCTTCGCAGCCAAAGTTATAGCTGTAGTTTGCTGAAGTCCCATCACGATTGTATTCACCATTCTCTTCATTGTGCTTATCGTTATAGGCAACAGTATCGTAGAGTGTGAAGCCATCATGAGAGCAGATATAGTTAATCGAGTTCGTAGGTTTCCCATTGGGATAGATGTCATGAGATCCAGATATTCGTGAAGCAAAGGAACTTACTTGATGAGCATCTCCATTCAGGAAGGCTTTTACATGGTCACGGTAGCATCCATTCCACTCGCTCCATCGGGTTGATATAGAGGGGAAGTGTCCAAGCTGATACAAACCTCCAGCGTCCCAAGGTTCAGCGATCAGTTTAGTTTCTGATAAAATGGAATCAGAGGATATAGCTTGCAAAATGGGGGTTAAAGGGAGAGGGACTCCTTGTGGATCTCTAGAGAAGACTGAGGCTAAATCAAAACGAAATCCATCTACGTGCATTTCCTGTACCCAGTACCGCAAAGCATCAAGAATCCATTTCAGAGTAGTGGGGGTGTTGGTATTGACTGTATTACCACACCCGGAGAAATTCATGAGATCCCCATGATCATTGACCATATAATAGGATTCTAGATCTATCCAGGGAAGAGGGCAGCTTGTGCCTTCAAAGCCTGTATGATTGAAAACGACATCGAGAATGACTTCGATTCCTGCACGGTGTAACGCTTTGACAAGAGTCTTGAACTCTCGGGCCGGAGCGCAAGGGTCTGCCCCATAAGTATAACGGCGAGAGGGGCAGAAAAAATTCACCGAAGAATACCCCCAATAGTTACACAGGTGGGGGAAGTCCTGATTTTTAAATGGATGGACGGTTTCATCGAATTCGAAAATAGGAAGGAGTTCAACTGCATGAACGCCTAGTTGTTTGAGGTGGTCTATTTTTTCGATAATACCAAGGAAAGTTCCAGGATGGGAAACCTGGGAAGACGGATCTCGGGTGAATGACCGAACATGCATTTCATAAATGAAGTAATTTTCTTTTGGAAGGTGCAAAGGAGTGTCGCCTTCCCAGTCAAAATCCTCATGTTTCAGGTAACTAAATGCGTAATCCTTTTCTTGTTTAGGGGATCCAAATAGTTGAGGGGAGTAGATATTCTTAGAATAAGGGTCTGCGATGTAAGAATCTGTAGCAAACTTTTGAGAGCTCAAGTCTGTACCACGTAGTTTATAAGCATACGACCATTCACTAGAAATGCCTGCAATTTCGATATGCCAGATGGCTCCAGTCCTGTGGTCGATAGAAGATAGAGGAATTTCATGAATTTCAGAAAGAGGGTCTAATAGTACAAGAGTAACCTGCTGGGCTTGTGAAGAAAATAGAGAAAAACGGTAGCGATCAGCGGAGAGTTTTTTGGCTCCTAGAGGTAAAGGGATAGTGGAACGAACAGACAAAGATTCCATAAAAACTAGAACAAGTAAGTTTAATAAAAATCTAACCAAAGAAATGAAGAGAAGAGGGGGGCTTAAACACAAAAGGAAGAGAGACCCTCTTCCTTTTGTTGTATGATAGCAAAACTTTTATGCACGGATCCCTGCTGGAGGAGGTTGAATTCCTCCGCCACCCCCTTGAGGCATTTGTGGCATGGTATCAACAGTGGGTTCTCGTCCAGCGCTGATATCAGAACAAACAGTTCGCCATTTCACAACGGTTTCAATAAAAAGCTGTGCAAAAGCTTTGAGTAGGTTGGTCTCTGCATACTTCATGTCTAACACGCAGTGCATTAAGATCAACTGTTCCTTAGTAGCGACTCCTACCCCTCCACCAGCCATTTGGCCTCCGAGCATAGAGCCTTCTAACAACTTCTCATATAGAGCTAACTTTCTTTGCGGATTGTCTGGCAGTCCGTCAAGAAGAGGTGCGTAAACATAAAGGCGATCAGAGTGTTCTTCGTAGGTCAGGTGAAGAGAAAACTCTCCATCAACAAACAAAATGCACGTATTATTCTGATCGAAGGCCACGTCGGGGAGTTTAAGCTCTTTAGCAAAATTTTTTAGATTTTCCTCAGCATTCTGCCTGGACATGAGGGAATCTCCTTCGTACTGTTTTTTTTAAACCTAGCATAAGCAGGTTTGTTAGTAAATGATTAGAGCCGCGATCAGGTGATTTGCTGTTAGGCAAAGCCTTCCTATCGAGGCTGGTGCGACATCCCTCTTCGGAGTTTCCTAATCAACTAGGTCGTCTAGCTGGTAAGAAAATAAGAAGGCGCAAGCTCGTTCCCTTCGGTCTATTATGTGTTGAACGTACGCTTCTAAAACACGC
CP166121.1_gap5	112312	114034	1722	CATTCACTACGTAGGTCATGCCATGAATAAAGAGCTTCTGAATAAGTTCTGAAGCTTTTAGCTTCATTTCAGCAGCAAGATCTTTTACAGTGATCGGAAGAGCAATCTTAATGTGTGCTGGGCACTGAACAACGTGTTCTTCCGCTTGCTTTTTCGTTTTGTGAACACGTTTCTTGCGCCATTTATCTTCTTCAGAAGAACCTTCATTTAATCCATAGCGATCGCGTCCTGTAAACGCCTTAACGCTCTCATCAGATCTTTTAGATCGATCTCGTTCAGATCCGCGCTTCGCGTTATTATTGTTGTTCGTTGACTCTCTGCGATAAGAAGGCGCAGAGGAGGCTGGGCGAGAGCTTGTTCCAGAAGGTTGTTGTTTATTGTTATAGGAAGCAGCATCATTTTGTCGAGGCTGTTGTTGAGTAGTCTCTTCAGTTGATGCCGCTTTCGTTTCCTTAGCTGGAGCTTTGAACGTCTTAGCCAAGAGATGATTGATGTGTTTCCCTGTAGGCCCAAACTTAGGCTTGATAGAAACAACGCTTTTAGGCTCTGTTCTTGTTCTAATAATAAGAGTTTCTTCAACACGCTCCGGAGAAGTCTCTTCTGAAGACTCTTTCTTTTCTTCTTGTTGGACCGAAGAAGTGTCTGTGCACTCTCCTAGGGTTTGTTCTTTTTGAGTAACAGAAGTAATTTCTGGAGCCTTCATTGCAGGGATGGCATCTAAAGTTAAATGCGATGCATCTCCTGGCAGAGCCGTTGTTACGGTCGGTTCTGCAGCAAATGAAGAGCGATCTTTTGCGCGAATTCTTCGCGCAGTAGATTCTGTTGCGCCCGAATCCACTTCAGGCGCAGGAGCAGGTGTGCCAGCAGTTTTCTTAGAGCTCTTTTCTTTAGTCTGAGCTTTACTTGCTGGAGAATTTTTGGTGTCAGAAGATCCGGCTTGAGCTAGTTTCTGTTTCAGTTTATCTAAGCCAGCAGCCTTCGTTAACTGTGCGTTCTTAATCTTCAACTTGAGGTTTTTCGTCAACTTTACCTTCTCCATATTTGCTGACCTGTTCAAGAATCTTATAAGCTAGCTCTAAACTAATTCCTGGAACAGAAGCCAATTCGCTAGCACTAGCCAGCAATATTTTCCTAATCGTGTCGTATCCTGCGTGCTCTAGGTTCTGCACTATCAGCGTATTAATCCCTTCAACTTCTAATGGCTGATCTAATCGAGGGTCTTCGAACTCTGCCAATTGCAAACGTTGAATCTCCAACAACTTGTTGTATTCACTCACTCTTTGGACTTCAAGTTCATAGCCTAAAATCTGACTGATTAGGCGAGCATTGATACCTCGTTTACCAATAACGGTTGCGTAGTCCGAATCTTGGACAATAATAGCAATAACTTTGTCGTCTTCTAAAATAGCGATCTTTTGAATCTCTACAGGATAGAGCAAATTTTGTAACAATTCTGTCGATACAGGGGAATAATTTACAACGTCTATTTTCTCGTCATTCAATTCCCGAATGATATTTTTGATGCGAGATCCTCGCATTCCTACAAAAGCTCCTACAGCATCTGTTTGAGGGTTGGAAGAGCGTACAGCCATTTTTGTTCGATATCCTGCCTCTCTTGCAATTTTAACAATTTCGACAGACCCTTCTTCTAGCTCAGGAACTTCCTGAACAAATAACTGCTTAACAAATTCAGGGTGGTTTCTGCTGAGAATTACTTCAGCT
CP166121.1_gap6	115068	115880	812	GATTTTTTTGCTTTCTTTGTCTACAGACAGAATAACTGCTTCGACGGTATTACCTTTTTTGAAGAGCTCTGAAGGATGGGAAACTTTTTTAATCCAACTCATGTCAGAGATATGGATCAAACCTTCGATTCCTGGCTCCAACTCAACGAAAGCTCCGTAGTTTGTCAGATTTTTAATTTCTGCTGTTACGCGGAGGCCGATAGGATATTTTTCTTCAATGTTATCCCAAGGATTGTGTTTTGTTTGTTTGAGACCGAGAGAGATTTTTCCTTCATCTTTTTGGATAGAAAGAACAACTACTTCGACTTCATCACCTTTGTTGACCACTTCATTAGGATCTACAATGTTCTTAACCCAAGACATCTCTGAAACGTGAATAAGGCCTTCAATTCCTTCTTCGATTTCAATAAATGCTCCATAAGGAAGGAGTTTAACAATTTTTCCGCGAACACGTTTTCCTGGAGGATATTTCTTCTCAATATCTTCCCAAGGATTATGCTCTTTTTGTTTGAGGCCAAGAGCTACGCGACCTTTTTCTTTATCAACGCTAAGGATGATGACTTCCAATTCTTGGTTGAGTTCAACCATTTCGGATGGGTGACGAATGCGTTTCCATGTCATGTCTGTAATGTGGAGTAGGCCGTCAATGCCATCAAGATCCAAGAATACTCCGAAATCTGTGATATTCTTAACGATACCTTTGCGACGCTCACCGATAGTGATTTGCTCGATCAACTCTGCTTTCTTAGAAATGCGTTCAGCTTCGAGAAGTTCTCTTCTAGATACAACAACGTTCCGACGATCTACGTTGA
CP166121.1_gap7	236984	239988	3004	CCAGAGTTTATTTTTATCTAAAGGCCCTGAAAACATTGCGTACATCCGAACAGCGTCAGCTCCAAATTCATCTATCAAGATCTGAGGATCCACCCCATTTAATTTGGATTTCGACATCTTTTCTTGACGGACATCCAACTCTTCTCCCGAAGGAGCAACCCATTTCCCGTTTTCTTCTTTTGCTATTTCAGGATATATATATCCTTTCCCAGGAATGCGATAAGATGTCGCCAATACCAAGCCTTGATTGACAAGCTTCTTAAAAGGCTCGGGTGTTGAAACAATCCCAGCTTCATAGAAAACCTGATGCCAGAAACGCGCATAAAGTAAGTGCAGTACAGCATGTTCTGCACCTCCAATATACAGATCTACTGGCATCCAATATTGTTCCTTTTCCTTTGCCCAGGGAGCGGCCGAGTTGTGGGCATCGCAAAAACGTAAATAGTACCAGCAAGAGCCTGCCCATTGAGGCATGGTATGTGTTTCACGTTTCCCAGCTCGTTGTGTCTCCGTGTCGAAAACTTGTACCCACTCTCGCACCTTAGCCAAAGGTCCTTGTCCGACCCCTTCTGGTCGATAATCTTGAATTTCCGGAGGTAACAATGGAAGTTCATAGTCTCTTAAAGGACGACAAGAGCCATCTTCAAAATGGATAATCGGTATAGGCTCCCCCCAATAACGTTGACGCGAGAATAGCCAGTCTCGCAACTTATAAGCGATTTTTGCTGCTCCAAGATGATTCTCTTCTAAAAAGTTAATCACATATTGCTTAGCTTCTTCTCCGGACAATCCATCCAAATGGAACCCTTCACAACAGCTATTAATACAGACACCTTCTTTATTAAGCACGGAGACTACAGGTAAATTAAACTGTTCGGCAAAAAGCAAATCACGTTCGTCATGAGCAGGAACTCCCATGACAGCTCCTGAACCAAAGCCCATTAATACATAATCTGCGATCCAGATAGGGATAAGTTTGTGAGTGACAGGATGTTTTGCGTAAGATCCCGTAAAGACCCCGCTCTTAGTTTTCATCTCGCTGATGCGATCTCTTTCGCTTTTACTTTGTGTTTCTTTAATATACTGTGCCACAACAGCCTTTTGCTCATCAGAAGTGAGGAGATTGACCAAGGGATGTTCAGGAGCTAAGGCTAAAAAAGAAACTCCTATCAAAGTGTCCGGTCTTGTTGTGAAAACTTCTATTACTCCATGTTCTGTGGCAAAATTAACAGAAGCTCCTGAAGACTTCCCAATCCAATTCTTCTGCAATTGTTTGACACTTTCTGGCCAATCCAGCTCATCTAGTCCTTCTAGGAGCTGATCCGCGAATGCTGTAATACGCAGCACCCATTGGCGAAGCATTCTCCTTTCAACAGGATACCCCCCATCAACAGAAAATCCGTTTTCAATCTCTTCATTCGATAAAACAGTCCCCAACTCAGGACAATAGTTAACAGCCATATCGGCCATATAGGCTAATCCTTTCTCATAAAGGATTAAAAAAAGCTTTTGAGTCCATTTATAATATTCTGGATCTGAAGTAGCGAACTCTCGACTTTCGTCGTAAGAGAACCCCATTGCAGTTAACTGTTTCTTGAAATTAGCGATGTTTTTCTCTGTGGTCTCTCTTGGGTGTGTCCCCGTGCGTATAGCATACTGCTCTGCAGGCAACCCAAAACTATCCCAACCCATAGGATGTAAAACTGAAAACCCCTGGGCTCGCTTATACCTTGCGACAATATCTGTTGCTGTATAGCCAATTAGATGCCCCACGTGCAATCCTGCCCCAGATGGATAAGGAAACATATCTAAAACATAGTATTTTGTTTTAGTTTCATCCTCCTCAGCCTTAAAAACTTGCTCGTTCTCCCAAAACTTTTGCCATTTTTCTTCTATGAGACCGGGATCATAGCGCATAGCACCTAACCTGTTGTTATTTTTAAGGTTTTCTCTCCTTACAACCGCCTTGCACTTAGAGAGAAATAAGCGTCAAACATACACTATGTCTGAGATCGAAATCAAGTCCTCTCCAGTCTGCGAATCCATCATCTTTTTTTTAATGCGATCCTGGTATACACTTCCCTTTCCCCAATCTTTACAGAGATCTCTGCTTATGTCCCACCTCTTCTCTAAAGCCTGTCAATATTTTCCAGGAGGAGTTAATTCCCCTGTTAGAGCGTGTCGAGCCGTTAATATCACTCCTCCTATAGTAGCTCGTGCCTCTAAAGAGGTTTTTGTAGATTCTCTGGATAAAACGTTTATAGACTTTTGTGGATCATGGGGATCTCTTATCCATGGACATAGTCACCCTAAGATTTGTACAGCTATCCGACAGGGCTTAGAACGAGGAAGTTCTTATGGCCTCACGTCCGAACAAGAAATTCTCTTTGCCGAAGAAATTTTTTCGTATTTGGGATTAGAGACAAACTACAAAATTCGCTTCATGTCCACGGGATCGGAAGCAACTATGACTGCTGTTCGACTTGCTAGAGGTATCACAGGACGACCTATTATCATTAAGTTTTTAGGATGCTACCACGGTCATGCAGATACTTTTCTTCAAGAAAAACCCTTTTCCCATACTTCGCTAGAAACTTTAGACCTCGCTCATCCTCTTACCCTCTCTCTACCTTTCAATGATTTCCCCTTATTTCAAACTGTTATGAATAGCTTGGGGCATAAGGTCGCTGGAGTCATTTTTGAGCCTGTATGTGCGAATATGGGGGTGATTCTCCCCGTCCCTGGTTTTATTGAAGGAGTTATCCAAACCTGCCAGCAGACCGGATCTTTTTCCATTATGGATGAAGTGGTTACGGGATTCCGGGTCGCACAAGGTGGAGCTGCGGCTTTGTATCATGTGAAACCTGATATTCTTGTTTTTGGGAAAATTTTAGGTGGAGGCTTACCTGCATCAGCAGTTGTTACACCTAAAGACATTATGGACCATCTGGCACCCGAAGGAAAAATCTTCCAAGCTGGAACACTTTCAGGAAATCCTTTGGCC
CP166121.1_gap8	242151	243580	1429	CTCAAACAGTAATCCTACAACCTCTTCAAGATTCCTTCAAAGCTTTATCAAGACTTAACCAAATAATGCAGGTAGAGCTCGTTTAATTAACGAAAGGTCACTTACTCTCTGGCAGAATTCTGTAGAGTCCTGAGTATTACAAATAGTAGCTAGCTGATTCACTTGCCCTACAGAAAAGACTCCTCGAGTATACAAACCTAATAAAAATGTAGAGAGAACTCTTTCTAAGAGTTTTTTTTCTGATGAAGGTAAAAAGGTTCTCAATTTCTTCTGCAAGCCTACTTGTTCTAAAGAAGCGCTTAACCACAAGAGAATATTGTCTTCGCATAAAGGTGGGTAAGAATCGAATAAAGCTTGTAATTGCTTAATAACTTCAAGCATACCTGCAAAATCAGCCTTGAGATCTGCAGAAGAAGCTTTTGCAATCAATCCTAAAATCCCTGAAGGAATTTTCTGGTCTAAAGCTTTCAACAAAGAGCTTAACTGCTCTTTAGGACTACCTTGACTACCTGAAGACTTGGATTCAAATCGCTTAGGAAGGGCTCTTAAACAACAGCCTGGATCTATATCACGATACAAACAAGAGACTTCTTCACGTGACTTTTTCTTAGTCTTTTTATCTTCTTCACGTAAAACTTTCTGCAACCCTGCAGCCCAAGCGGAATCTTGTGAATAACTACTTGCTAAAGCAAGAGCTGAAATCACATTCCCTGTATCCAGGAAATCATAAATACAATTTCTTACAGAGACATCCCTATATTTCTCAGCTACAGCAGTTGTGATATACTGATTGTACTCCGGATTCCCCAAACACCAACCGGAAAAGAAAATATTCAATGAAAGAAGGGAAGCCTCTAAAGCTAGCTTTCTTTCCTTATTGTCTTTCAAGTCTTTACTCACCAAAATCCCTTGGTGAGTCTTCTCAATCAAAGATAGAAAGGGAGCTGCAAATTTCTTAGGATCAGAAAGAGCTCCACACAACCAAACCAGCCCGTTAGGGAATCCGCCTTGAGGAGGCTGTAACATCTTCTCAGCATGACGCGTAATCTTTAGAATCGGATTCTTGTCTGGTGAAAATGATACTAAAAAAACACCTGCTAAATGAGAAGGTTCTATAGGGAATGGAGCATCTTTTTCTGTAGGAATTAAAGCGCTAATCCCCTCACAGACAAAAGTGAAATCATTATTCACTCTATCAAGATGCTGCTTATATTTTTTATAATCTGTCCCAATTCCTTTTTGAAGAACACGCATTTCAGTGCTTTTTTTGATCCCAATCCGATTAGGGAGAGGATCATCTGCTTGTCCGGAAATAAGCGGAATACTAGCACCACGTCCTTTACGGAGAGTCCCTAAAATAGATGACTCCGAAAAGTGATCTTGCAGACCACTACTCAAGAATTTAATTCTTATTGCAACAAGCTTAGCA
CP166121.1_gap9	246686	249421	2735	AAATCTTTAAAATTTCCCTCATGTTTACACTACAATGTAGTCCTCCATGGACAAAATTAGGGAAACGTGTTGAAAGTTTAGTGCGCAAAGCGCTGTATACGCATGCTATGTTACAAAAGCATACGCGTATTGCTGTTGCCTTGAGTGGCGGTAAAGACAGCTTGTCTTTGCTACTCATGCTAAAAGCCATTTCTGGAAGAGGATTCCCAGAACTAACTATCCATGCTATCCATATTGGAGGGAAATATTCTTGCGGAGCGGCCGTCAGCGGGAATTATCTCTCTTCTATTTGTGATAAGATCCAAGTCCCTCTTATTTCTATCCCCTCCCCTTATGAAACAGAGAATCCTGAGTGCTATACCTGTTCTCGTATTAGACGTCGCCTTCTTTTTGATACAGCTAAAGCGGTAGGAGCGACCGCTGTCGCATTCGGACATCACCGAGATGATGTTGTCCAAACAACACTAATGAATCTTCTCCATAAAGCGGAATTTGCGGGCATGCTTCCTATCGTTGATATGGTTAACTTTGGGATTACAATCCTACGCCCTCTTATTTTCATTCCCGAAGACCTGATCCGTAAATTTGCTAAGGAAAGCGGCTTTGCTCGAATCACTTGTCGTTGCCCCGTTATTTCCTTACGAACAAAAACTGAAGAAGCTTTAAAAACCTTGGAAACGATTTTCCCTCAAGCAAGGCATAATATTGCTTTGGCTGTTCGAGAAACAGGACTTTCCAAAGCAAATCGCGTAGAACAATACGACTCCTTATTAACAGAAGCCTAGTCCTTTCCTAGATTTAAATAAAAATTTGTATTAATCATAATACTTGGTTTATTTTTCTTATTATTTTAAAAAGATCTAATAGCTCATTACGCAGGTTTTTATGCGCAATGAAAAGTTAAGAGGGGGCTCATGACAGAGACACGACGACTTCGCATTCTTATTACCAATGATGACGGTATCAAAGCCAAAGGAATCAGTCTGCTGATTTCTCTACTCCGTGAAGCTGACTTCGCCGATCTTTATGTAGTAGCCCCTTTAGAAGAACAGTCTGGGAGAAGTATGGCTTTCTCATTAGTAGAGCCAACTGCCCTTGAGCCTTTTGATTATCCTCAAAGAGTCCAAGAAGCTTGGGCTGTCACCGGCACTCCTGTTGACTGTGTGAAATTAGCTATAGGAGAACTCTTTAAAGAGAACGCTCTGGATCTTATTTTATCGGGTATTAATAATGGGAAAAATTCCGGACGCTGCCTTTATTACTCTGCCACTGTAGGAGCTATAAGAGAAGCGAATCTCCATGGAATTCCTGCGATAGCTCTTTCTCAAAGTGAGAATATCGCTTTTTTCCAAGAAGCTCATATGGCCTCCCTAATTCGTTCCTTATGCGAGTTTACCGTTGCCTATAAGCACACCGATCCCTTAGGACTTAATGTAAATTTCCCTGCTAGCACGGACGATTCTCCATGGAAAGGAATTCGTTTCACACTTTCTGGAAATGAATTCTTATTCGGTATCCCAAGATTAGTCCGTACGGAAGGAAATCGTCGTTACTATACGCTCTATGATATGCGAGATAAAGTATCCGAAGAGTTCTCTGAAGAGTATCTTGCTTTAGCAAATAACTATATTAGTGCGGCTCCACTAGTTTCTAAAAATACCCCTCGAGCAACCCTTTCCGAAGAAGAACTAGCTTTCCTAAAAGACTCTTTCGAACAATCTGTGTTGTGGAAAGCTTCTTTAAACTTAGAAGAAGATCTGGCTTAGTTATCTGTACGTTGAAACGAACTTCAACGTACTTTTTTCAGCAAGAAAAGCTCCTTCTGATTACAATACAAGATCTTTTACACCTATAATCCCATAATATTCGAAGGGTTTATGTCTAAGATTGTATTGATTCAGCAGCTTATCAAATGCAAATATGCTTTGTTTGCAGCACTATTTCTTGCATCTTCTACATTGTTCTGCTTTTCTCTCCCTTGCACCCCTTTTTCTCTCTTTTCCTTAGGCTCTATAAAAACGATCTCTCTAGGTGGAAGTGCATTTTTTATCGCCCGCGCTTTAGGAATGATCGTAAACCAAGTTGTGGACTGTGCTATTGATAAACGCAACCCTCGCACCCAATCACGGGTACTTCCTGCAGAGCTTCTTTCAATTAAACATTCCATGCTGCTTCTGACTCTCTGTCTTATCCTGTTTCTAAGCACTTGTTGGCTATTCAATCCTCTTTGCTTTTCTCTCGCAGTCTTATCTACCCTAATTATGATTATCTACCCTTACACAAAGCGTTTTACGTTTCTTTGTCACTGGATTTTGGGGCTGGTATACTATCTAGCAATACTCATGAACTTTTTTGCCATCATTGAGACTCCTTCTTTCTCTCTATTTTGCATGAGTTCTTTATTAGGAATTTCCTTTGGTATGATCATTGCAGCAAATGATATCATTTATGCACTGCAAGACGTAGAGTTTGATCAAAAAGAAGGCCTGTTTAGCATTCCTGCTCGATTTGGAACGAAACAAGCTATTACAATTGCTTCAGCTAATTTAATAGCTAGCGCAATAGCTTACCTTCTTATTGGTTATTTTGTTCCGAATAAAACCATCTTCTATCTATGCTCGCTTGTGCCTTTAACCGGTATTCTTCGCACAATTAAGCACTATTCTCTTATTGACCCAAGGGCTAAGTCTACTCTTCAACAAAATTTCTTTCTTGGGAACCTTTCCCTAGGTATC
CP166121.1_gap10	257681	262325	4644	GTCAGAGAAATGCGAACAGGTAATTTGGAACTTTCATCTTTTGGAGAATACCTGTTTTGTATTGTCACAGCTAACTGCCTTCAAGGATTCCTAGTTCTTCCCCTTCTTCTCAAGATGAAGGGAATCTCTCCTTTGCGTACGTTTAAGCTCATGTCTCGCCCCCTAGCAACTGCGTTTTTCTCCAAATCTTCTGCAGCTACTCTGCCTTTGACCATGGAAGTTGCCGAGGAAAACTTACACATCCGACCAACAATCTCCCGTTTTGTTTTCCCTCTGTGCTCTGTTATTAATATGAATGCCTGCGCCGCATTCATTCTCACCACAGTGCTGTTCGTAGGAGTCTCTAACGGAATCGTCTTTTCTCCTTTATCACTGATTAGCTGGGTCTTTATTGCAACTTTAGCTGCTGTAGGAAATGCAGGCGTTCCTATGGGATGCTACTTTCTAACTTCATCATTGCTAGCCTCTATGAATGTCCCTCTAGGTCTTCTTGGCCTTATTCTTCCTGCATATGCCTTGTTAGATATGCTAGAAACTTTGATTAACGTTTGGTCTGATTGCTGCGTTGTTTCTGTAATTAATAAAAAATTTTCTGAAACAGAAGATCTCCCGCCCTGCTCTTACACCAATGAATAGCGAGCCTTGAGATACAGGTCTTTATCAGCTCAAAAACATCGCTTCTATTAGAGGTAGAGATGAAATAATTGTTGAGCTACCATCGAAGAGCTATTCGTCTTAATCACGAGATCTTTTCGTTTGAAAGGATTGTTGACTGCACAGGTCCACTCCTTCTATGACTACTCTAAGAGAGAATGATTTATGAATAAAAAAAATACAGTATTCTCATCAAGACTGGGATTTATTTTGTCGATGATGGGAGTTGCTATCGGAGCCGGGAATATTTGGCGATTTCCTAGAATGGTAGCTCAAAATGGCGGCGGAACCTTTATTCTTCTTTGGTTACTGTTTCTAATTATTTGGTCGATTCCTTTAATTATCGTTGAACTCTCTATAGGGAAACTCACTAGAAAAGCTCCCATCGGCGCTCTGATTCGAACCGCGGGCCCTAAATCTGCTTGGCTAGGAGGATTTATTGTTCTTGTAGCAACATGCATACTTGGATACTACTCCAATATTGTGGGATGGGGATTTAGCTACTTCTTTTATTCCCTATCCGGAAAAATTGTCCCAGGGAACCACTTTCCTCAACTTTGGGCACATCACTGTCAAAGCTGGATGCCTCTAAGTTGCCACTGTTTAGCTCTATTTCTCGCTTATTGTATCATTCGGAAAGGAATCGTTAACGGAATAGAAACTTGTAATAAGATTTTGATCCCGTTCTTTTTCATTTGCGCTCTTGTTCTATTAGCTAGGGCGGTATCCCTGCCTCATGCTTGGGAGGGCATTCGCCTACTCTTTGTATTTAACAAAGCTTCTCTGTGCGATTACAAAGTATGGATAGAAGCTTTAACCCAAAATGCTTGGGATACAGGAGCTGGTTGGGGGCTTCTTCTTGTATACGCGGGATTTGCTTCAAAACAAACCAGCTTAGTCACCAACGGAGCCATTACAGCTATCACAAATAATTTTATTTCTTTTCTCATGGCTGTAATAGTGTTCTCCGCTTGCGCATCGTTAGATTCAACGGAAATGTTAGGATTACGAGAAGGCGTCGGCGCATCCAATATAGGAATGGCTTTTATTTATCTCCCAGAACTATTTACTCGGCTCCCTCATGCCCACATTCTCTCTACATTTTTTAGCGCAATCTTCTTCTTAGCCTTCTCTATGGCGGCCCTATCTTCGATGATCTCGATGCTGTTTCTTCTGTCGCAAACATTAACTGAATTTGGCATCAAAAAACATATTGCAGAATCTTCTGCAACCATTGCTGCGTTTCTTATCGGAGTTCCTTCTGCGTTGAATTTACAATTTTTTGATAACCAAGACATAGTCTGGGGAATCGCTCTTATTCTCAATGGCATGATTTTTATTTATTCCGCATTGAGCTACGGAATTAAGCGCTTAAGACAAGATGTTATCAATTCTGTTCCGGGTGATTATAAATTAAAAACTTACTTCGACATATTGGTAAAATTTTTACTCCCTTTAGAAGGAGTCTTACTGTTAGCGTGGTATTTCTATGAAGGAGCAATGCTTCCTCAAGCATATTGGTGGAATCCTTTTGTTTCCTATAACATTTCAAGTTTACTCATGCAGTGGGGATTAGGCGGAGGGGTTCTCTTTCTTCTTAACCGCAAGCTATACACAAAATTTTACTTAAACAACTAGATTTTAACTGAGTTGCTTGTAAGTCTTTTGCATGATATACTCCTTGGCCGATCGGGGCCTTCTAATTCATTGAAGGCTCTTTATTGTGATTCACAGAGGGAAATATGGTTCATTCTGTATACAATTCATTGGCTCCAGAAGGTTTTAGCCAAGTCTCTATTCAACCCAGTCAGATTCCAACCAGCAAAAAAGTAATGATTGCGATAATGACTCTTTTTGCACTCACAGCCATTGCAGCAATAGTCCTTTCCATCGTTACAGTTTGTGGAGGGTTTCCTTTTCTTCTTGCTGCACTTAACACCGTAACTATTGGTGCATGCGTATCCTTGCCGGTATTCACTTGCATAGCTACAACGTTATTACTTCTTTGTCTCCGTAATATCGAACTCCTAGCCAGACCGCAAGTATTTACCCTCTCCACTCAATTCAGCCCAACAAAACCTCAAGAATAGGTCGTCGCTCAGCAGAAAATGAGCTGAACGAAGCGGGAAGACTCACTGATTAAGCACATAAAGATAAGGCAACGTTATGACGTACTCTATATCCGATATAGCACACAAATCTGATATTTCTAATCCCACGTCTCCCGCTCCATCAAGAAAACGAGGATCCTTTCCCCCACAATCTCCTTCTGCCGTGGGCTCTTTAGAGGGAGCTAATTTCTCTACATGGGGGCCAGGCCCCTTCTTCACTGTCCCTGTTTATCCACAACAACTCGCTGCAATGCAAAACAACCTTTTTACATTGCAAACAGAGGTTTCTGCTCTCAAGAAAAAATTAGTTCAGTCTAGTCAGACACGCGGATCTTTAGGACTCGGCCCGCAGTTTTTAGCGGCATGCTTAGTTGCTGCGACAATCCTTGCAGTAGCTGTTATCGTACTTGCTTCCTTAGGGCTTGGCGGTGTTCTTCCTTTTGTTCTTGTTTGTCTGGCTGGGTCAACTAATGCAATTTGGGCTATTGTGAGCGCCTCCATCACTACACTGATTTGTTGCGTTTCCATCGCCTGCATCTTCTTAGCAAAATGTGATAAGGGATCTGATCCTCAAACTTTATATGTAAGCTAATTTTTGAATTAGATTTAATTCTAAAATTTCTTGAAATTAACAATTAAATCTATTAGCATGCTTCTTTTCTATAAAGGAAGCGGATCGTTGCGAGCCTTGCGTTTTTTGCTTAGTTTGCGTCGCGGAGAGGAAAAGCGAGCTCTATTATTTCTTCTATTGGGGCTCATCTGGAGCGTCGCCTGCTACGGTTCCCTTGCTCTGGGGGAGAGCCTGTTCTTAGAAGAAATTGGAGCTGAGAAGCTGCCCTTTGCCTATTTGGGAGCATCCTTCTTTCTTTGCTTCATTTCGTGTTTAATTCTCTATAACCTCTCTCGGAAGCGAGTCTCTCCAAAGGCTCTCTTTCTTTCGTTCATATCTTGCGTTCTAATTTGCAACCTTTACCTTTTTTGGCATCTAGCCATACACAAGGGTGTTTCTGGCACTCCGACTTTTCTCTATAGGATCCTTATATGGGGGCTGACAATTCTTTGTTATGCCAATTTTTGGGGGTTTGTAGATCAATTTTTTAATATCCAAGATGCCAAACGTCATTTTTGCATTTTTAATGCCATTACATTTTGTGGAGATTTTTTAGGGGCACGTATCGTCAACCAGATTCAGTATCTCGGAGCCGAGCTAATTCTTCTCGCTTTTATTGTCGTAATTACTTTCATATTCCCTCTGGTACACTACATTTCATCGTCACTAAAAGAGCTTTCAGAAGATCACGATCTCTTCCTTGATACTAGCTATCCCCCTTCTACCAAACAAACTTTAAAGCTGTGTTTGAAGGATAAATACACCTTTTACTTGGTTAGTTTTTATTTTCTTATGCAGCTTCTTGTCGTATTCACAGAGTTCAATTATTTAAAAATCTTTGATGCACAGTTTAGAAACGCTGAGACTTGTGAGTTAACAGAGAATTTCACTAAGTACTCCTCCTGGATTTCCTTAGGAAATATGTTCTTTGCCTTATTTGCTTATAGCCGAGTAATCACAAGATTTGGAATCAATAACATCATTCTCTTCGCTCCCATCTGCTTCTTTAGCCTATTCTGTTGTTGGTCAATTAAAACTTCTGTCTTCATAGCAACAATGGGAATGATCGCTAGAGAAGGGCTTGCTTATGCTTTGGATGATAATAATCTACAGTTATTAATCTATGGCATCCCTAATAAAATCCGAAATCAGGTGCGGATCGCGATAGAATCTTTTGTTGAGCCTGCGGGGATGTTCATCTGCGCACTACTATGTTTATTTATCCCGCACCAATACGTACTCTGTATTATCATTTCCGCCGTGTGTATT
CP166121.1_gap11	264462	266038	1576	AGCAAATTTCTCTTCTAAAGTCATAATCAACTCTGTCAAATCCAAGCTGTCTGCATTTAGATCTTCTATGAAAGAAGAGTCTACTTTGACATCCTCAGGACTTACTCCGAGCTGATCAACTATAATTGCCTTTACATCATCTTCTAAACTCATCCTATGATCCTTACTTTCATTTCAAAATGAAGCGCCTTCCATCTTAAGCAGACGGTCGACTTATGGCCATTTAAAATGGGCCATTGGGTTTCTCGCAGAGTCTATAGCAAAAAAAATCTAGCTTTAAATAAAACTAGAGTAACCAATCCCTACAAGTCTACTCTTTCGCACATTCTATGCGTAAGGGTTTTAGCATACTGAGCATCCTGCACAGCTACTATATCTCGACTGTATATACAGCCAACAAAATGCCTTCTAAATCAAAAACTCAGAAGGGCTTAGGGCGAGAAGCATAAACCGCTCGCGAAGATAGAGAAGAAATTACCATGAAAAAACTTAATTTTTCAAGATAACCTTTCCCCAACTACTTAAGCCATACCTCCGTCAACACTCAAAACTTGCCCTGTGATGTACGAAGATCCGTCAGAAGCTAAGAACAAAGCGGCCTTAGCAATTTCTTCAGGCATACCAACTCTTCCCAAAGGAACTCCTTTCAACCACTCATTTTTCAAATTATCATTCAAGCTCTTGGTCATATCAGTATCTATGAAACCAGGAGCAATACAATTGACTCGTATATTCTTACTTCCAACTTCTTTGGATAACGCTTTACTGAATCCAATAATTCCAGCCTTAGCTGCTGCATAATTCGTCTGACCTGGGCTCCCTCTAAGTCCTACAATAGAACTAATATTAATAATTGCCCCAGATCTAGCTTTAATCATAGGTCTTATAACTGCTGAGCAAACGTTGTATATAGAACCTAAGTTGGTGTTAATCACCGAAGACCATTCTTCTTCAGACATTCGCATAAGAAGAGCATCACGCGTAATCCCCGCATTGTTAACTATAACATCGATAGTGTTATACTCCGAAAGAAAGTTCTGAACTTGTGCGGAAACCATATCATTCTTGCTGACATCAACAAGAGCAAAGGATACTTGTCTTCCAGTTTGCTCAGAGAGAGTCTGAGCAGCCGCCTGCCCCGCTTCCCCATTAATTCCCCAGATTTGGACATTAGCCCCTTGCTCAGCGAATAACTTCGCTATACTGAACCCTATGCCTCTAGAACCGCCAGTCACAATTGCAGTCTTGTTTACCAATAAACCACTCATTCACAACTCCGACAAAAATTCTCTATATCTTCCATAGACCCTAAATGTTTACAAGGGGAACTCAGTCCTATAGATCGGCTCAGCCCTGTGAGAACATTCCCTGGACCCAGCTCAAGGAATAAATCTACTTTAGGATCAATTTGAAAACAGGTTTGGTACCATAACGTTGGAGAAGTCATTTGTCTGACCATTAAAGAACGGATAGCCTCGCTCTCATACACTAACTCCCCTATTACATTAGAAGCAAAAGCTACATTAGAATCTTTAATTGCTAACTGGTACAGATAAGGAGCTAATTCGTCCTGAGC
CP166121.1_gap12	267145	271891	4746	TAGAATGACCAACAATACACGCAGCCCCTCCATCCCCGAATAACACACAAGTATTACGATCCTGATAGTTAACAAAGGAAGACAATTTGTCGGCCGCAATCACAAGCACACACTGATACATCCCAGATTCGACATATGCCTTGGCTATGGACAATCCGTAAAGAAACCCTGTACACGCGGCCAAGCAATCAAAGGCTGGAATTTCCTTAATTCCCAAATAGGCTTGAGCTAAGGCAGCACTGGAAGGGAAAATATAATCAGGCGCGGCAGTAGAAAATACAATACAGTCCACTTGACTTTTAGAGATTTTAGCCGCTTCTATAGCCTTTTCTGCCGCCTTAGCCCCCATAAAAGACGAAAACTCCTCAGCAGAAGCTATTCTACGCTCCTTGATTCCAGTTCTAGTCGAAATCCATTCGTCAGAAGTTTCAACTATTTTTTCCAAATCAGCGTTTGTCAAAATTTTCTTAGGCAAATACGAACCAGTTCCCCAGATCGAAGCTCTCACATCTTTTTTCACACGCACCCGCAAACAAAAAGAAAAAACCGAGTATACTGCTAGGGAGGTTTATACCCTAACCTTTATTTTGCATCTATCCTCATAATCGATTATCTAGGTGCTAGACCTAAATAGGCTTAAAAGACATGTTAAAATATCCTGATTACATTTCGAAACTCATTTCATTTTTAAAAAAGCTTCCAGGAATTGGCTTTAAATCAGCAGAAAAAATAGCTTTTGAATTATTAGAATGGGATCCATCTCAAATTGAGGCTATGGCCCTAGCATTACAAGAGTTCTCTACTTCGCATGCAACTTGCTCAAACTGTTTTTGTTTAAAAATCTCTCAAACTTCCCCTTGTAACTTTTGCAGTGAATCTCGAGATTCTTCTTCCTTATGTATTGTTGCAACTCCTAAGGATGTTTTCGCTCTGGAGAAATCTAAGATCTTCAAAGGACACTATTTCGTTTTAGGAAACTTACTTTCTCCCATCACTGGAAAGCATTTGTCTTTGGAAAAATTAGCTATTCTTAAGCAGCGAATTGAAGCTTGTTCCCCTAAAGAAATGATCATAGCTCTTGACGCAACTTTGGAAGGAGATGCAACTGCATTGTTTTTGAAACAAGAATTTTCTTACCTTCCAATAAAAATCTCTAGATTAGCTCTTGGGATGCCTGTCGGTCTCTCCTTTGATTTTGTTGATGCTAATACTTTAGCTCGAGCTTTTTCAGGAAGAAATTGCTTTTAAGCACCCTCTCAAAAGCGAAACTGTTTTTCAAAAAAAGACCTTTGGAGTATATTTGAGGAGGTTTATCTAGTTTTTGCTAGTGACCAGCAACCCCTCTGAGTTCTCCCCCGAACCTGCTAGAGGGGTTGCTTTTCGGGCTTTTTTTCGTTGTTTTCAAAGTTCTCTCTGTTCTCTTTTCTTCCTATATTTGTAGGGCTAGTCAAATTATCCTCGATTCTCTATTGTAATTGGATAGGTCTTGAGTAGTCTCTTCCTAATATGTGGGGACGCCTATGAGATTGGCTTCTGACCAAATAAGAATGGTGCTCTTCCCAGAAAGAGTAAGAATAAAACTTCATCCCTAGCGCAGACTTTTCTAGATAAAGGAAGTAATAATGCTTGGAATACGCAAAAAAACGATTCTGCAACTCGCTGTTTTACTGTTGCTCACCTTTTCACGAAGTTCTTTCTGTTCAACTTCAGAAGGACGTATGGTCGTAGAGTCTATCACCATTACGACTCAAGGAGAGAATACTCAAAATAAACGAGCTATTCCTAAAATAAAAACAAAGCAAGGGACGTTGTTCTCTCAAGCAGATTTTGATGAAGATCTAAGAACACTTTCGAAAGATTTTGATCGAGTAGAGCCTATCGTAGAGTTTCGTAATGGACAAGCTGTGATCTCTCTGATTCTGACGGCAAAACCTGTTATCAGAGAGATCAATATTTCAGGAAATGAAGCTATCCCCACTCATAAAATTCTGAAAACTTTAGAGCTTTATAAAAATGATCTTTTTGATCGGGAATTATTCTTTAAAAATTTTGATGCGCTAAGAACTCTTTATTTGAAACGAGGGTACTACGATTCTCAACTCTCCTATTCTCATAATCATAATGAGAAAGAGGGCTTTATCGATATTTCCATCGAGATTAAAGAAGGACGTCACGGTCGCATAAAAAAATTAACGATTTCGGGAATTACGCGAACAGAAGCATCAGACTTAGGTGACATTGTTTTAACTAAACAATACTCCACAACAACGAGCTGGTTCACTGGTGCCGGAGTGTATCATCCGGACATGGTAGAGCAAGACTTATTTGCTATCACAAATTACTTCCAAAATAAAGGATATGCTGATGCTAAAGTAAGCAAAGAGGTCTCTACAGATGCTAAAGGAAACATTACTTTGCTTATCGTTGTAGACAAAGGACCTTTATACACATTAGGTCACGTACATATAGAAGGATTCACAGCGTTATCCAAAAGACTGCTCGATAAACAACTATTGGTTGGACCTAACTCCTTATATTGCCCAGATAAAATTTGGACTGGAGCACAAAAGATTCGTAGCGCATACGCTAGATATGGCTACGTGAACACTAACGTTGATGTCTCCTTCTCAGCGCACCCCACTCTACCTATTTACGATGTTACCTATCGAGTGAGTGAAGGATCTCCCTACAAAATCGGGTTAATTAAAATCAAAGGGAACACTCATACTAAGCATGATGTGATTTTGCATGAGACTAGTCTTTTCCCTGGAGACACTTTTGATAGATTAAAACTGGAAGATACAGAGACTCGTTTACGCAACACCGGCTACTTTAAAAGTGTAAGTGTCTATACGGTTCGTTCCCAATTAGATCCTCTCGATTCTAACGACCTTTATCGAGATGTTTTCATTGAAGTCAAAGAGACTGAAACAGGAAATCTTGGGCTATTCTTAGGATTCAGCTCCATTGACCATTTATTTGGAGGAGCAGAAATTGCAGAAAGCAACTTTGATTTATTTGGAGCCCGAAACTTTCTCAAAAAAGGATTCAAATCTTTAAGAGGTGGTGGAGAATACCTCTTCCTAAAAGCTAATTTAGGAGATAAGGTCACCGATTACACTGTTAAATGGACGAAACCACACTTCTTAAATACCCCTTGGATTCTTGGAGTAGAATTAGATAAATCAATTAATAAAGCTTTATCAAAAGACTACTCTGTGGATACCTATGGAGGGAATATCAGTACCACCTACATTCTTAACGATAAGTTAAAATATGGGATGTATTACCGTGGTAGCCAAACAAGCTTAAGTTTGCGCAAAAAAACGTCCAGCTCTAATAGACCTGGACCAGATTTAGACAGTAATAAAGGATTCGTTTCCGCAGCGGGACTCAATGTTCTCTATGATTCTATTGATAATCCTAGAAAACCTACTATGGGAATCCGCAGCTCCTTAAACTTTGAATTATCTGGTTTAGGCGGAACTTACCAATTTACTAAACTAACAGCTAATGGTTCTATCTATCGCTTATTAACTAAAAAAGGTGTTTTGAAAGTCCGTGCAGAAGCTAAGTTTATCAAACCTTTCGGAACAACAACTGCACAAGGCATTCCTGTCAGCGAACGGTTCTTCTTAGGAGGTGAAACCACTGTTCGCGGTTACAAACCTTTTATTATTGGACCGAAGTTTTCTCCTACTGAACCACAAGGAGGCTTATCTTCCCTACTATTAACAGAAGAATTTCAATATCCTTTGATTTCTCAACCTTGCATTAATGCCTTTGTATTTCTAGATTCCGGATTCATTGGGATAGAAGAGTACACTATTCGCCTGAAAGACCTTTGCAGTAGCGTCGGATTTGGTCTACGCTTTGATATGATGAATAATGTGCCAATTATGCTAGGCTGGGGTTGGCCGTTCCGCGCAACAGAAATCCTCAATAATGAAAAAATTGATGTATCTCAAAGATTCTTCTTTGCCTTGGGAGGAGTATTCTAGAATCCGAAAGGAGAAGGAGAGCATCCTTCTCCTTTCACCTATTGGTTATATTTTTATAGGAAAGAATTATGAAAAAGTTCTTATTACTTAGCTTAATGTCTTTGTCATCTCTACCTACATTTGCAGCTAATTCTACAGGCACAATTGGAATCATTAATTTACGTCGCTGCCTAGAAGAGTCTGCTCTTGGGAAAAAAGAATCTGCTGAATTCGAAAAGATGAAAAACCAATTCTCTAACAGCATGGGGAAGATGGAGGAAGAACTGTCTTCTATCTATTCCAAGCTCCAAGACGACGATTACATGGAAGGTCTATCCGAGACCGCAGCTGCCGAATTAAGAAAAAAATTCGAAGATCTATCTGCAGAATACAACACAGCTCAAGGGCAGTATTACCAAATATTAAACCAAAGTAATCTCAAGCGCATGCAAAAGATTATGGAAGAAGTGAAAAAAGCTTCTGAAACTGTGCGTATTCAAGAAGGCTTGTCAGTTCTTCTTAACGAAGATATTGTCTTATCTATCGATAGTTCGGCAGATAAAACCGATGCTGTTATTAAAGTTCTTGATGATTCTTTTCAAAATAATTAACATGCGAAGCTAGCCGAGGAGTGCCGTATGTCTCAATCCACTTATTCTCTTGAACAATTAGCTGATTTTTTGAAAGTCGAGTTTCAAGGAAATGGAGCTACTCTTCTTTCCGGAGTTGAAGAGATCGAGGAAGCAAAAACGGCACACATCACATT
CP166121.1_gap13	274660	278083	3423	TTCCTCTGGCTGCAGGTGCAGCATTTTCTATGAAGTACCAAAACTCATCTTCTATATCTATGTGTTTTATTGGAGATGGAGCTGTAGCTCAAGGAGTCTTTCATGAAACATTAAATTTTGTAGCGCTTCACTCCCTTCCCTTAATGCTCATTATTGAAAACAATGGATGGAGTATGGGAACAGCCTTACATAGAGCCATTGCTAAACAGCCTATAGCAGAATCCCAAGCGATTTCTTATGGTCTTTCTTCGATCACTTTGAATGGATTCGATTTATTTAATTCGCTTATAGGATTTAGAGAAGCTTATCACCACATGCAACAAACAGGTTCTCCTATTATCGTAGAGGCGCTATGTTCTCGATTTAGAGGACACTCTATTTCCGATCCTAATTTATATCGCTCTAAAGAGGAAATGCAATGTCTTCTCAAAAGAGATCCTATCCTTTTTGCAAAAGAATGGCTCATTCGTGCGAATGTCCTATCCGAAGATGATTTTAAAGATTTGCGTCAAACAAGCAAAACAGCTGTCCTAGAAGCAGTCGCTCAAGCTCGTCTTGATCCAGAACCAGCTGTAGCTACTTTAGAAGAGGGGGTCTATGCCTAATTTTGTTACACTCGAAATCCGAGAGGCTATTAGACAAGCTATTGATGAAGAAATGACCAGAGATCCTAACGTCTGTATCCTAGGAGAGGAGGTCGCTGAATATAATGGTGCTTATAAAGTTACTAAAAACCTCTTAGATAAATGGGGACCCACTCGAGTTATTGATACACCCATTAGCGAAGCTGCTTTCTCTGGAATTGGAATCGGAGCAGCGCTAACTGGACTTCGCCCAATTATTGAATTTATGAGCTGGAACTTCTCTCTAGTTGCTGCTGATCAAATCATTTCTCATGCAGCAAAAATGTATTATATGACTGGAGGGAAATTTGCTGTTCCTATCGTTTTTAGAGGCGCTAATGGAGCTGCTGTGCAAGTCTCTTGCCAACATTCTCATTGTGTTGAAGCTCTTTATGCCAATATTCCTGGCTTAATTGTCATTGCTCCATCAACTCCAGCCGATGCAAAGGGACTTCTTAAATCTGCTATTCGGGATAACAACCCCGTTCTATTCTTAGAAAATGAATTAGACTACAATCTTAAGGGAGAGGTCCCTTCAGAAGAATACCTGATCCCCATTGGGAAAGCTCGTATCGTTCAAGAAGGAAAAGATTTAACAATCATTTCGCATAGCCGCATGGTTTCTATCGTTGAGCAAGCTGCTAAAACAGCAAAACAACGATGGGGACTCTCTATTGAAACCATTGACTTACGAACGATCAAACCTTTAGATGTTGCCACTCTCCTCACTTCTGTCAAAAAAACAGGGAATTGTCTTGTCGTTGAAGAAGGGCATTATTTTTGTGGTATATCTGCGGAAGTGATTACGACGATTACAGAACATATTTTTGACTACCTAGATCATCCTCCTCTACGAGTCTGTCAAAAAGAAACGCCTATGCCATATAATAAAACTCTAGAGATGGCGACTCTCCCAAATATTAACCGCATCCTGGATGCCATTGAAAAAATTATGAGGTAACGTTGTGGTTTCTTTGTTAAAAATGCCTAAGCTCTCCCCTACAATGGAAATAGGGATTCTTGTTAAATGGCACAAAAAAGCTGGGGATGAAATTCATTTCGGGGATGTATTACTAGAAATCTCTACTGATAAAGCTGTTTTAGAACATACAGCTTCTGAAGATGGTTGGTTATTAGAAATTCTTGTTAAAGAAGGAACCAAAACTCCTATTGGCACTCCTATCGCTGTATTTTCAACAGAACAAAATGCTCAATATGATTTAAAACAGCTCCTACCTTTGGAAGAAACTGTTGTTACAGATGCAGCTACAGAAGCATCGCCAAAAGACTCTGCTCAAACAGATTCTCAATACACAAGTGGCCCTTCCATAACTATGATGGGATTCCGTCCGGAACCACCTTTAGCTACTCCTCTAACTATTAAACATTCCAACGATCCAGTATTAGCTTCTCCTTTAGCAAAAAAATTGGCCAAAGAGCAAAATCTAGACCTCTCTGGAGTAACTGGTAGTGGACCTGGAGGACGGATCGTAAAGAAAGATTTGGAAAAAGCTCCTCCTTTAAGAATTGCTGGGTTTGGTTACCCTGAAGCTCCAAATGTTAATCCGGGATCTTATATAGAAGAACCTCTTTCCCCTGTTCGAGAAGTCATATCTAAACGTCTGCAAGCTGCTAAAACCTTTATTCCTCACTTTTATGTAAGGCAGCGCATTTACGCTTCCCCCCTTCTTGCATTATTAAAAGAACTTCAAGAACAAAATATTAAGCTCTCTATCAATGATTGTATTGTACGAGCCTGTGCTTTAGCTCTGAAAGAATTCCCAGAAATTAATTCTGGATTCAATAGTGTCGACAATAAGATTATTCGGTTTTCTACGATTGATATCTCTATTGCTGTAGCTATTCCTGATGGAGTTATCACTCCTATTGTCCGCTGTGCTGATAGAAAAAATATTGGTATGATCTCTGCAGAAATCAAAGGACTTGCAACTAAAGCCAAACAGCAGTCTCTTGCAGAAGAAGAATACAAAGGAGGTTCTTTCTGTGTATCTAATCTTGGTATGACAGGGATCTCTGATTTCACTGCTATTTTGAATCCTCCACAAGCTGCTATTCTAGCTGTAGGAAGCGTAGAGGAACAACCTGTAGTCTTAAATGGAGAGCTAGCTGTAGGCTCGACCTGTATGTTGACATTGTCGGTAGACCACAGAGTGATTGATGGATATCCTGCAGCCATGTTCATGAAACGACTGCAGAGACTCCTCGAAGCTCCTTCTGTTTTACTTCTCAATTAAAGAAGGGAATGTTTCCCTTCTTTCTTCTAAGAAGTTGGTCGGGAAACATTCCAAATATTCGATGCATACTCAGCGATTGATCTATCGCTTGAAAAGAACCCTATCCCCCCTACATTGTAAATAGACTTCTTCGTCCACTCTTCAGGTTGCTTGAATAAGCTTGCAACACGGTTCTGTGTATTTATATAGGCTTCCAAATCTGCAAGAACAAAGAATGGATCTCCCTCATTTAAAAGTCGGTTTACAATAGGTTTAAATAAGTCCTTATCTTCTTGAGAGAACTTGGCTTGCGCAATCATATCAAGAATTTCTTGAATTGTTGGATTTGCGTTACAGATGCCTTGAGGATAGTATTCTTTGCGTAGCTCAGAGATTTCCTCTTCTAGAAGACCAAAAATGAACATATGCTCTTTCCCGATATGTTCAGCCATTTCGATATTGGCACCATCCATAGTGCCAATTGTCAAGGCTCCGTTCAAAGCAAACTTCATATTCCCTGTCCCAGAAGCCTCCATTCCGGCTGTTGAAATTTGCTCAGATAAATC
CP166121.1_gap14	440868	441475	607	CGAAACGCTTATGCTCTGTAGAGTAGCGGCCTCCTACATCACAGACGTACTCACATTGCGCCAACTTTTGGGGATCTCTGGTACGAACGATTTTGTTCTCATCAACAAGATCAAACATGATCAATAAAGCGCAAGCCGTCACTTCATCTGCGTGAAAAGAACCATCATGTGTGCCAACACTTCTTGGAATTTGCATTCTCATTATCCTCCGTGATCCCCTCGACAATAGAACAACAAACAAACCTCGGCCGGTAGTACCATATCCAAAAGCTGAAAATCCTCCATCCTACTTGCAGTTTAGGATTAATATCAAGCGTTCCGCTGAAGGTATTTTCCTGTTCGAAGCCCTAGATCTTCTTTACCTACATCACATTTAAAAATAAATCCTTTACAAAGCTCGCATTAAGCAGCATATAGCGTTCTTTAAACTCTCTTTTTAAAAATTTTTCCTATAAGCTGGTTCTTCACACACGAGGATTCCAATGACGCTCTTTCATTCTCATCATGATGCCGTCTCTCCAGACAGCTACCTATGTTCTTCCCTTCAGTTAGTTGGTACTGGCGTATACGAAGGAGAAATCGAGATTCAAAATATCCCCTCTTATTT
CP166121.1_gap15	443217	447070	3853	CTATTGAATACTGGAAAGAAAAAGTGGCCCACGCCTACGAGATCAACCTCAAAGCAGGAACCATCCGTGGATCCGAATGGATCAGCAACTGCCTATATTGTATCACTTCTCCGGAAGCTGGAATTGCCGTATTCGAACAATTCCTAGCTGGAGAACTCCCTATAGGATACGACTATCCTCCAGCTCCAGATGGATTAGTGATCGTCTAAAACAACAATTCCCTTAGGATTTTTTTCCTGTAGTGGAGGAAGATTCTGAGGGAAATTGCTCAAGTAAGAAGGCCTTTATAGATCTAGGCAATAAAACCTTTTTCCTACGAGAGGCCTCTCCCGCTATTAAAGTAACATCGCTTTTAGGAATAGATAAAAAATTTGCAAGTAATGCCACAACAGCATCGTTGGCTTTACCTTTTTCTGGAACTTCAGTTACCCGAACTCTTAATATACCATCTTCCAAACATACGACTCTATTCTCTCGCGCCTTTGTAGTGACCCTAACCTCTAAAACCCAAAAGCCTTCTAACAAAATATTCTCCTTCTCCTTACTCAGGAGTTTTAAAAGAAAACGCACCGTTTTTACGTTTCCTCACACAATTAACTAACAAGCATACTCATTCTGGATTTCATTGCCTCCTAAAATTCTTAGTCAAATCCGAAAGAAGCCGACACTCGAGCGCTCTTCTCCTAAAAATCTTGTTTTTTCTCTGCTTCCGAGTTATAACGCGGCTGTCTCATAACCCACACTAACATGATGAAACCTCTACGTTTCGGTTATTTCTTTTGCGCAATCTATTTTACTTTGTTACAGGCAGCGTTTGCTAAAGAACCGAATTCTTGTCCCGACTGCCAGAATAATTGGAAAGAAGTCACCCACACGGATCAACTCCCTGAAAACATCATTCATGCTGATGATGCTTGTTATCACTCTGGTTATGTACAGGCTCTCATTGATATGCATTTCTTAGATAGCTGCTGCCAGGTCATCGTTGAAAACCAAACTGCTTACTTATTTTCTCTTCCTACAGATGATGTTACGCGCAACGCCATTATCAACCTAATTAAAGACCTTCCATTCATTCACTCCGTAGAAATCTGCCAAGCATCCTATCAAACCTGTCATCATCAAGGCCCTCATGGAAAGACTTCTCTTCCAGAACAACGTTCTTTCTGTACAAAGGTCTGTGGAAAAGAAGCTATTTGGTTACCACAGAATACCATCCTATTCTCGCCTCTTGTAGCAGATACTAGACAAGCAACTAATAGTGCAGGTATCCGTTTTAACGACGAAGTCGTAGGAAAACGTGTTGGCTCTGCTACCTTCGGTGGAGATTTTATCTTCTTACGATTATTTGATATCTCCCGATTCCATGGAGACATGGATATTGGTCTCCAAGGAGCTGTATTCTCTGTTTTCGACCTGGATCATCCAGAAGCTTGCATGGTCAACTCTGACTTTTTTGTCGCCGCTTTGTGCAACTTTGCAGTGAACAAATGGAGCTACCGCTTCAGACTATGGCATCTTTCTTCTCATCTTGGCGACGAATTTATTCTTGCCAACCAGTTACCTCCTAAAAAACGTTATAATCGAAGCGATGAAGCCGTCGATTTCTTTGCTTCTTTTCGTTACACTCCACAGATCCGTGTTTATGGAGGTATTGGGTATATCATTAGTCGAGATTTAACATTCCCTGAAGATCCTCTTTACTTTGAAGGAGGTATCGAACTACGTCCTTTCGGATTACGGGAAGACAACCTTCATGCCCAACCCGTCTTTGCTATGCATTTTCGCTTTTGGGAAGAGCATGACTTCTCTATAGACCAAACTTATATAGTAGGCATGGAGTGGTCCAAATTCCAGGATGTAGGGAGAAAAGTGCGCGCTGTATTGGAATACCACCAAGGTTTCTCCCACGAAGGACAATTTGTCCGAGAAGAATGCGATTATTATGGCTTTCGATTAAGTTATGGCTTCTAGCTTTTCTCAGTGCTCTCTAAAAATTACGCTGGACAGATGAGAGTCTCATCTTTATATTACCGTCCACCATTTTGACTCTCCCGTGTTTCATGGACTTTAGGTGGTTTATGAAAAGAAACCCTCACTTCGTATCATTAACAAAAAATTATTTATTCGCAGATTTACAGAAGAGAGTCGCCCAATTTCGTTTAGAAAATCCCCAACATACAGTTATTAATTTATCTATTGGAGATACCACCCAACCACTAAATGCTAGTGTCGCTGAGGCTTTTGCCAGCTCTATTGCCCGTTTGAGCTCTCCTACAACCTGTCGCGGATATGGACCAGACTTTGGACTACCTGCATTAAGACAAAAATTATCGGAAGATTTCTATCGCGGCTTTGTTGATGCAAAAGAAATTTTCATTTCGGATGGAGCAAAAGTAGATCTCTTCCGTTTACTATCCTTTTTTGGTCCCAATCAAACAGTGGCTATTCAGGATCCTTCTTATCCTGCATATCTCGATATCGCTCGCTTAACAGGGGCAAAGGAAATTATCGCTCTCCCTTGCTTGCAAGAAAATGCATTCTTCCCAGAATTTCCAGAGGACACTCACATCGATATTTTATGTCTATGTTCTCCTAATAACCCAACAGGGACTGTTTTAAATAAAGACCAATTACGTGCGATCGTTCATTATGCAATAGAACACGAGATTCTCATTTTATTTGATGCAGCTTATAGCACCTTCATTTCCGATCCTTCTCTCCCTAAAAGTATATTTGAAATTCCTGATGCACGGTTTTGTGCAATAGAAATCAATTCGTTCTCCAAACCTCTAGGATTTGCAGGCATTCGTTTAGGTTGGACCGTCATCCCTCAAGAATTGACTTATGCAGACGGCCATTTTGTGATTCAAGACTGGGAACGCTTCCTTTCAACCACTTTTAATGGGGCTTCTATCCCCGCTCAAGAAGCTGGCGTTGCAGGATTGTCCATTCTCCCTCAACTTGAAGCGATCCACTATTATCGAGAAAATAGCGACCTACTCAGAAAAGCGCTATTGGCAACAGGATTTGAAGTATTCGGTGGGGAACACGCCCCTTATCTATGGGTCAAACCCACTCAAGCGAACATCTCTGATAGAGATCTTTTTGACTTTTTCTTACGAGAGTACCATATCGCAATTACGCCCGGAATTGGATTTGGCCGTAGTGGTTCGGGATTTGTACGCTTCTCTTCCTTAGGGAAACGTGAAGACATATTAGCAGCCTGCGAACGTTTACAAATGGCTCCTGCTCTGCAATCATAAGGTTTGTATGCTTTTGCGAAAATTTTGTGGCTATCTTTTTTGTAGTTCCCTAGTTTGTTCTTTTATTTCCGTCATTGTTGTTTCCTTTCGTTCAGAACCAATAACGCCTAGCATTGCTATCTTCTCTTCCTTTTCCCATAATTCTCTTAGTGAATGCATAGAGAGTTGTCAAAAAGAACTGACCAGCTTTGGGAACATGCCCACTATCTCTCTATTTAATGCTGAGGATAATGTAGTCAAAGCAAGAAAAATCGCTCGCACCCTTCATAAAGACCCTAATGTTGTCATGATCATTACTTTAGGCCCCATTGCAACTAAAGTAATGAGTCAAATCGAAACACAAAAACCGATCATTTATGCTGTTGTCCCTGCAGGAGAAGCTCTCCGATTCCCAAAAGAGCAGGTTAATATATACGGGGTTAATGGTAGCGTAGACACAAACCAATGTTGTTTCGCGATTCATGCGGTAACCAACAACGCGAATTCGTTGGTTTATCTACAACCCCGCGAACCTTTCCCTTCTTCCTTACAGGAAGAAATTACAAATAAACTCCGCGCGTCAGGCATTAAAGTGACAGAACTTCCTA
CP166121.1_gap16	453112	455319	2207	TCGACGGAGTCATCATCAACTGGATGCTTGATGAATTCAAAAAACAAGAAGGCATTGATCTAAGCAAAGATAACATGGCTTTGCAAAGATTGAAAGATGCTGCTGAAAAAGCAAAAATAGAATTGTCTGGTGTATCGTCTACTGAAATCAATCAGCCATTCATCACTATCGACGCTAATGGACCTAAACATTTGGCTTTAACTCTAACTCGCGCTCAATTCGAACACCTAGCTTCCTCTCTCATTGAGCGAACCAAACAACCTTGTGCTCAGGCTTTAAAAGATGCTAAATTGTCCGCTTCTGACATTGATGATGTTCTTCTAGTTGGCGGAATGTCCAGAATGCCTGCGGTACAAGCAGTTGTAAAAGAGATCTTTGGTAAAGAGCCTAATAAAGGCGTCAATCCAGATGAAGTTGTAGCGATTGGAGCTGCTATTCAGGGTGGTGTCCTCGGCGGAGAAGTGAAAGACGTTCTGTTGTTGGATGTGATTCCCCTCTCTTTAGGAATTGAGACTCTAGGTGGGGTCATGACTCCTTTGGTAGAGAGAAACACTACAATCCCTACTCAGAAGAAGCAAATCTTCTCTACAGCCGCTGACAATCAGCCAGCAGTGACTATCGTCGTTCTTCAAGGTGAACGGCCTATGGCGAAAGACAATAAAGAAATTGGAAGATTTGATCTAACAGACATTCCTCCTGCTCCTCGCGGCCATCCACAAATTGAGGTAACCTTCGATATTGATGCCAACGGAATTTTACACGTTTCTGCTAAAGATGCTGCTAGTGGCCGCGAACAAAAAATCCGTATTGAAGCAAGCTCTGGATTAAAAGAAGATGAAATTCAACAAATGATCCGCGATGCAGAGCTTCATAAAGAGGAAGACAAACAACGAAAAGAAGCTTCTGATGTGAAAAATGAAGCCGATGGAATGATCTTTAGAGCCGAAAAAGCTGTGAAAGATTACCACGACAAAATTCCTGCAGAACTTGTTAAAGAAATTGAAGAGCATATTGAGAAAGTACGCCAAGCAATCAAAGAAGATGCTTCCACAACAGCTATCAAAGCAGCTTCTGATGAGTTGAGTACTCGTATGCAAAAAATCGGAGAAGCTATGCAGGCTCAATCCGCATCCGCAGCAGCATCTTCTGCAGCGAATGCTCAAGGAGGGCCAAACATTAACTCCGAAGATCTGAAAAAACATAGTTTCAGCACACGACCTCCAGCAGGAGGAAGCGCCTCTTCTACAGACAACATTGAAGATGCTGATGTTGAAATTGTTGATAAACCTGAGTAAGATGCTTTATTCATCTTCCTTAAGCAAGAGCCTCTTGAAAAAGGGGCTCTTGCAGCTTTTTTTTAAAAAATCCTTCTCCTCTCTTCTTTCTTAAGAGTAATTAATCCCTTTGTTCATGTATGCTAGATAGTACGTATCTTGACTGTTATGGCATAAACACCATTTCTAAGAGATGTTGCATCATCAAAAACCGGCTGCCCTACTAACCCCAGACTTCAAGATGCAAAAACATTCCTTGGGGGTTTGAGAAGTAAGAATGTACCGGCAGTACGACAGTAATGGAGTTTAGCTTGTGGGAAAAGCTAAAAACAAAAAGAAATTTCTAAAAAATAGAAAGCAGGTTTTGGTTCCTGGTACCTTATTCATCCATTCTAGAAAGGGCTTTGGATTTGTATCCCCAGATCAACCGGAGTTATATCCTTTTGATATTTTCATCTCAGCTAGCGACTTAAAAGGTGCTTTGGATGGAGATCATGTTCTCGTGGCTCTCCCCTTTTCTCTTCGTGGAGGAGAAAAAAGAAAAGGGGTCATTCATAAAGTTCTTTCTCGGGGGAAAACAGTCTTAGTAGGGACTATTGTCTCTCTTATCAATCCAACTCTAGCTATGGTTTGTGTGAATACCATAGGCCCTGAACATCCTTTAAAAGCCGAGCTCTTACCTAAAAGGACTTACAAACTAGGAGATCGGTTGTTACTAAAAACTCCTGTGTGGAAGGAGAATTATCCCAGTAAAGAACCACCTCCCTTGGCTATGCTGGAATTTATAGGCAATATCTCTAATGCTAAGACAGATTTTCCTGTTATTAAAGCCGAATTCTCTATTACAGAAGAGTTCCCCGATGCAGTGGTACAGGAAGCTAGTCAGTTCTTACAAAAGCACGTAACACAAGCGTTACACTCGAGGAAAGATCT
CP166121.1_gap17	460422	463029	2607	TTTCTGAACTCGAAGGCTTTAGTATTCTGTTAACTCAATATGAGAAGAAGATTATCAACCGGCTTTTACAGATAAAAAATGCCTTTTGAGGGTTTAATAACATGAAAATCTGTACACTCACCTGAAGGCGGTTAAGCACTCCCTATGTTACACTAAACATTTTTTGAAACCACAGAAAAGACGCTTAAACCTTAAAGAAAACGAAGAGAGAAAACCCTCTTCGTTAAAAGATCTCTAACCATTTTGAGGAAGGATATCCTCTTCACCCTCATTAGAAGAGGAGAACTCACCTTCTCCATCTGCAATATATAAAGCAACAACTGCATCCCCTAGAATATTCATAGGAGTGCCTATGATATCTCTCAAACGATCGATCCCAGCTAAGACTGCGATCCCTTGGATAGGGAGTCCCACAGAAGTGAGCACAGACCCTAACGTAATCATTCCTCCTCCAGGGACTCCTGCACTTCCTACAGCAGAGAATGTCGCAGTCACAACTAAAAGAAGTAAACTAGTTAAAGAAAGAGGACAATTATATGCCTGAGCAATAAAAACTGCGGCCATCCCTTGAAAAATTGCCGTACCGTTCATGTTGACAGTCGCACCTAAGGGGAGCACAAAACCTGAAACTTCTGAAGAAACGCCGAGATTTTTTGAAACGCAGCGCATAGTAACAGGCAGTGTTGCAGAACTACTAGCAGTCGATACAGCACAAGAAATGGCATCCATCATCGACGACAAAAACTTGCTAAATGAGCTCCTGCACCCTAATCGAACTAAGCCCCCGAATATCAATATAGCATGACATATACAGGCTAAATAATAGACAACAAGAAACTTGCCTAATTGAAGTAGGACGGTCAGACCATGATTGCCAGATATCCAAGCCATACTTGCTGCAACTCCATAAGGAGCAAAAGACATAATCATATTTACCATGCGCAGCATAATCTCATTACACCCGTGAACAAAACGTTCCACAGGGCGAGCAGCTTCTCCAGCTAAGCGCATAGCAATGCCTGTAAACAAAGCAAAGATGATGATCTGTAGGATATTCCCTTCTACAAAAGAACGTAAAGGATTTGAAGGGAACACCTGAGCGAATGTAGCTAAAAAATTCATCCCTCCAGATGATCCGGACGAAGCAAGATCCACTGCATTAAAACCTTGGAGATCACACCCCTTTCCAGGACTGAAAAACAGAGCAAAAGCTAACCCAATACCAATAGCAACGGAAGTTGTCGCTAGATACAAACCCAAACTTCTTAAGCCTATACGCCCTAATTTCTTCATATCGCTAATCGAAGCGATCCCCAAAACCATAGAGCAAAAGACTAAGGGATATACTACCAGGCTGAGTAGATTTAAAAAGATATCCCCAAAAGGTTTCACAAAAACTGCTTTGTCTTCCAGAATTAAGCCGGAAACAACCCCGATAATTAGGCCTATAAAAATTTTCATCCATAATTTCATGTAGTTACCCTCTTATTCTTCTGGATGGCTTCTATTGCATCCAACATGGCCACCATTCGTCTTTCATTGCAAACGCAAGAAAACCGCATGCGGACTTCTCCAACCGGCAATGATATTTCTTCAGCAAGCGCTCCTATTTTTACGCTATCCTTTTCTGTACACAGGATACCAACTCCTTGGCGCAAAATGATTTTCTTACAAAAAAGTTCTAACTCTTGCTTTGTTATGCCCACATGGTCAGGTAATAGATACGTACCTAAAACATGAATTCCTGCATCTCTTAACATAGCTAAGAATCCTTTAGGAAACCCTAACCCACAAAATACCCCCACACCTAGACCTTCCCAATGATCTCGAGGCATGTTTACAGATTGATTCAACCAAACAATTTCCGAAATCTGAGGCTCGATCACGATCTTCTCTTCGGGGTGCAATCGATCCAACTCACGTTGATCAGAAGGCGAACATCTACCATTAATCATGACGTAATCCGCCTTCGCCAATCTTTCTGGGAAGTCTCGAAGTCTTCCTTTTGGGAAAAAAGAGCCTCCTCCAAAAGGATCCGAACCATTCACTAATACAATCTCTACATCTTTATGAAGGCGATTGTATTGAAATCCGTCGTCCAACAACAAAACATCAAAATCCCCAGCACTCTTCTCCGCAAGAGTTTTTCGGTCCTTTTGTATCCGTACCGTCCCTGACGGCAAATGCTTGGCTAAGAGCAAAGGTTCATCTCCAACACAAGAAGCGGTGTGAAGCGCTGGATTCACAATAGTAAATGCTTTTTTCTTACTATATTTCCCTTTGTATCCTCTCGAAAGCACCGCACAAGAAAGCCCTCTTTCACGCAGTGCTTGGGCTAGCCATAACACCAAAGGAGTCTTTCCTGTCCCGCCAACAACGATATTCCCTACACTCACCACTGTTGCTTGTACTTGATGAGGAGATTTCGCAATCTTATGTCGCAGCCAAACAGAGCCAGAAAACACTCTAGCTATGACTGCCCAAAGCCAGCCTAAACGATCAGACAAGGCTCCAGAAGTCGCAGATATGATAAGATGACGGAAAAGGTCTCGAATACCAGAAAAGAAACTGAATCTCATGGGCGCCCTACTCAAGTTCTTCCTAAAC
CP166121.1_gap18	583573	584586	1013	AGAGTCTGCAACTACCTCTTCTTCAGAAACAATCGTATTATCTTCCGATACAGAAACTATTGGAGCCACCTTCGGCATCTTTAGTAAAGCTTCCCGACTACCAACAATCTTGACTCCACGATCTAAACCAACAGCTTTAAGGTTGATTTTAGCATCCCGGATTTCCATCACTTCATAATCAGATGCTGGCAGTAAAAACGGCTTACTATGATCGCAATTACGGAAAAAACTAGTCCCTCCTAAACGGACAACCTCTATAGCCTCAACGACAAAAGGATCTTGGGACAAGTGTTTCGAATTACGAATGGATAACTTATATCCTTCTCTAGATGTAATAACAGTCTCTATGACTGGATCTCTTGTAAAATACACGAACGAACCTTTATTTAGAGTTTTCTTGTACGTACTCTAATAAATCCACTATGCGAGTTGCATAGCCTATTTCATTATCATACCAAGCTACCAATTTGAAAAATCGATCGTTCAAAGCAACCCCGGCTTGAGCATCGAATACAGATGAATACTCACAGCCAATAAAATCAGAAGAGACTACAGCTTCTTCCGTGTAGTACATAATATTCTTCATGCTCGTGTTTGCTGCATGCTTCACAGCTTCACAGATAGCCTCGTACGTCGTGGCTGAGCTCAACTTAACAGTTAAATCTACTACAGAAACATCTGCTACAGGCACTCTAAAGGCCATTCCTGTTAATTTTCCTTTAAGCTCAGGCAAACACAACCCTACAGCTTTAGCAGCTCCTGTCGAAGCCGGGATAACATTCTGAAAAGCTCCTCTACCCCCTCTCCAATCCTTACGAGAAGGGCCATCAACCACACTCTGCGTAGCTGTTGCAGCGTGAACTGTTGTCATTAGCCCTTCTTCTATACCAAAATTATCCAATAGAACTTTGGCCAAAGGAGCTAAACAATTGGTAGTACAGGAAGCATTAGAAATGATGACGTCAGCTGGGTCAAACTGCTGATGGTTAACTCCCATAACAAACGTAGGGACA
CP166121.1_gap19	616329	618979	2650	TCTCCTGAAAATGTTATCCAACGCTCTCCTAAGGAGTTGTTGAAAAGAGAAAAAGAATTACTTGGAGTATATTTGACTGCCCATCCTATGGATGCTGTTGAACACATGCTCCCTTTCTTATCTGTAGTCCCAGCTCGAGATTTTGAAGGACTCCCTCATGGAACCATTATTCGTACAGTCTTTCTAATCGATAAAGTCACTACTAAAATTTCCTCTGCAGAGCAGAAAAAATTTGCACTTTTACAAGTCAGCGATGAAGTCGATTCATATGAACTTCCAATCTGGGCCGATATGTACGCCGAATACCATGATCTATTGGAAGAAGATCGTCTTATTTATGCCATTTTGGCTATAGATCGACGTAGTGATTCCTTGCGTCTATCTTGTCGGTGGATGCGAGACTTATCTACCGTTAATGATTCAGTAATTGCGGAATGCGACGAAGTCTATGATCGACTGAAAAGTCAGAAAGTATACTCTTCAACGAAAAAATCAACTGGAGCCCAGTCCTCAGCAATGATAAAAAAAGTAGAAACTAGAGAGATCTCTCCCGTAACCATCTCTTTAGATTTAAATAAATTACGCCATAGCCACTTATTTATTCTCAAAGGGCTGATACGCAAATATTCTGGATCTCAAGCACTCTCTCTTGTATTCACAAAAGATAATCAGCGGTTCGCCTCTATCTCTCCAGATGCAGATTTTTTCGTAACAGATGATATCTCTTCTCTTCTTCAAGAAATTGAAGCAACCAATATCCCTGCTCGCGTTCTAGCCACTACAGTATAACTATTTAAAAGTGAGATGCTCCTCTCTTTTTGGTAAGATCTCTACATAAGTCTCTTGCCTTTACCGCACTTTGTCGTGGCGATCCAGACAATGGTCTCCTAAATCCTATACCCGACTAAAAAATTTTGAGGCTCTCTAGCAAACGAAGGCGGAGCTACTCCACCTTCATTTCAAGAGAGATCTATGAAAAAAGCTATGCGCGGAAGGAAAAAGAAAAAAAGAGGTCTGTGCTATTTGCAGTATGTAGGAGCGAAATCGAAAGGTTTCCCTGTAATAGCATTAATATACTCAACACGAACACTACTATCCGAAGCTGCAATAGAAACCTTATATACCGGAACGTGAATCTGTTCAGAACTCAAAATAAAGAAATTATCGCCAAAAATCATTTCCACAAGATTTTGAATACGATCCTCTGGATATACCACGGAACATACCGTAGATCCTTTCGGTTTTGCTAACCAAACAGGAGATGAATTGAATACAGTCATGCATCCCTTAATTGGCTGAGGCTGCTGGAAATGACTGTAAATCAAATTATCATGGGTAAATATTAATTTCTTCTTCTGACATGCACGAATCACACGATCGGCACGAACATTACGCATAGACAATGCTTGTGAAAGAACTTCTCTCGATGCAGATCCTCCCATACCAGCTAAAACCTGCATAAGCTGCACATCTTGTTTCCCTGCTTTTAACATGAGGCATTCTCTAAATCCTTTAGAGTATGTCCAAGATCCAGTATTCAACACCATCTCTCCATTAGACAAGCTCCAAAGCATAGCTCCTTCGTGACTTCCAGCACGTTTATCTTCTTCCCCCGAAAAACGTACACGCATAAGGACATGAGGAACAAATAACAATTCTGCAGACGCTTTGTCTTTGGCAAACATGGCTAAGACCTGTTCTTCCGATACACGTCTTTCAAATACGCATAAGCGCTCATTACCTGAAATCTTACGAACTAATTGAGAACTTTTTTCAACGAGTTCGATTCCGTAATCCATAGCAAATTGTTTGATTCTATGTGAATAAGGGATCTTATCCCAAAACACAATAGAACTAAAAATAGCCGCAATAAAAACAACTTTCTTCATAACCCAACCTTTTTATTTATTTTAATAAATAAAAACAGCGATGCCAAATAAATTTTTTTGTTTTTGCTAAACAAAAGCTATAAGAGATTTGACAAATTCTCTTTTTCTTTTTTATGATGACGCTTTGTTATTATTGTCCCTGCGTCTAGCTATGAAAGTCATTTTAAGAGCGCTTTGCTTGTTTCTTGTGTTGCCCTGCGGATGTTATGCACGAGTGCCCTCTTTTGAACCTTTCCGAGGCGCTATCGCCCCAAACCGGTACACTCCTAAACATTCCCCAGAACTCTATTTCGAGATGGGAGATAAATACTTTCAGGCTAAAAAATTTAAGCAAGCTCTTCTTTGTTTTGGAATGATAACACATCATTTCCCAGAACATGCTCTTCATCCTAAAGCACAGTTTCTTGTAGGGCTCTGCTATCTTGAAATGGGCCATCCTGACTTAGCGGATAAAGCGCTAACTCAATATCAAGAGCTCGCCGATACAGAATATTCTGAACAATTATTCGCCATTAAGTATTCTATCGCACAAAGTTTTGCTAACGGAAAGCGTAAAAATATCGTTCCTTTGGAAGGGTTTCCTAAGTTGTTGAAAGCAGATACAGATGCTCTGCGTATTTTTGAAGAAATTGTGACAGCATCTTCCGACGCAGACCTCAAAGCTTCTGCTCTCTACGCAAAAGGTGCTCTTTTGTTCGACCGAAAAGAATATTCGGAAGCGATCAAAACTCTAAAAAAAGTTTCTCTTCAGTTTCCTTCAC
CP166121.1_gap20	638218	639061	843	GTCTTAGTGCCTTTTAGCATCTTGTACAACCAACCGGCTTCCTCTTCAGGGAGGACTACCGTCTCAAGACAATCCGAACCAAGCTCTTGAGCTCGAGAAATAATCTCATCCTTTTGAGCAAGCAAAGCCTCTATAACACGATACTCCGCACCTTGAGGAATGAGCTCTGACTGCACATACAGTCCTTGTAGCAACCTAGCAAAAATAGCATATGCTGAAGAAGGATCTCCATAATTCTCCGGAGACTCTTTCAGCAAAGAATAAAGATTGAACCTAGAATTATTTGGCGGCCGAGAAAAAGGGATTTCTAACAGTCGATAGCGCTTCTGCCGAACAACGACACTATCACGCTCCTTATCTTGCGTACGAGGCTCTGCTCTTTTCGCCTGGGAAGACAATCGTTTCGTTTTATCTCTGTAGATCACTTCAGAAATAGCAGATTGTTGCGCAGAAAAAGCTACTTCTTCCTTTTCTTGAAGTTTTGCATAGGAAATTCTCTTACGAGTTCCGGCAGCATCCAAAGATACCACGGTCACCAACGAGGTTAAACATAGTAGTGTGAAAATAAAATGCATAGGCTCTATCTACCCACAGCAAAAATATAGGAAAGGGTTCTTGGTGGCAAGGCCCCAACCTTCCTTACTAGTGTTAAGTACACTCTATCTGGTCCCTCTCCTAGACCTTGATATCTAAGAACTTTCCATTCCATAGAAAGAACATGCGTCCATAAGGAAATTTTCTCCTGACGGGCCTCCTCTCTTTCACTCGCTACTATTAGAGAAATTTCCTGAGTGATGGGGTCATAGTGTAACGTCCCTTGCACAACACCTGCTAAGTGAGGAT
CP166121.1_gap21	644923	648779	3856	TTTGCCTCTTTCAATTCAGCATTAAAAGATGAAATATGCGAAAAAGGGGCTAGCGATTCCGTTTTTCCTTCTAGAGAAGCCAATTTTTCTGTAATCGTGATGGAAAAACTAGGAACCGTCAAACTTCCCAAACAAAAAGTCCCTAGAAACCCATAGCCCAAAATATTTTTCACCTAAGATCCTCCCCCTATACGAGAATTTTTCGTCCCACTCTCCTGACCTAAATGACTCTGTGCAACAGTCTCTAGAACCTGCTTAAGCGGTAAAGAGATCGTCTCAACAACTGTGCGCTGAGTATTAAATACATGTCCTTTGAAAACAAATTCCCCGTCTTCCTTATCAATTCTTTCAAAAACTAAAAGAGGGCTCCGAAGCTTACCTGATAGGTAATCTTCTAATTGTCTTTTTGAAGTTACCCTCTCCCAGCGCTCCCCTGTATGGATGACCCAATCATCTGCAGAAAGAACCAAACGATCTTTCCCTGCTGTAATAATAGGGCGAGACCATGTTCGCATACCCACAAACGAAAACTCCTTCACCAACTCTGCGATTTCAATAGGAGAAGAAACTTGTTTCACCAGCGTGATCTGCTGGCTCATCAACCCATCGATGCTCCACAGCTCAATCACCATCATCCGATCATCCAAACGCTTGACTTCGAGAAGAGGGACTTTAGTACCATCTCCTTGGAAAGTCTTATAAGGAATCCATCGATCCTGATCCCATAAAAGCACATCTCCAACAGCCAAATATTGGCTATACGCTTCCCCAGATAAAGACTCGAAATCTACTCGTTCTTTGGCAGCCTGTATGACATAATCTGCCCCTCCATGCATAAGAAGAAACTTATCCCCTCCCACACAGCGGATACGCTGCTTTACAGCGATACTAGGCTCCACTCGCATTCCCCCAATTTCCCATGTCTGCGAACATCTAGGTGCCATGGATAAAGAAAAATGCGCGTGCTCCTTAGGAGAAGAGACAGCCCCTCCTAAAGCGCCTTTCATACGAACAACAACATCCAAAGAACGCCCGTCCGAAGAAGGCCGACACTCCAACCATAGAGGGGTAGGCTCAGCACTAAAAACGAGTGTTTCTTCGTCCGGCCCTTGTCGAAGAAAAACCTTTTCCCCTAAAGAAACTTCTTGAATCGCATTAGTGGTCGCAAGCTCTAAAAAAAATTCACCAATTCGCGCATCCGGACGCTTATTACAGCCAAGGAACACAAACCGATTCCGTAAATCCGGGAGTTCTTCCTCGATAGAAAAGTCTTGTAGCGCCCAAGCCCCTGAACACGCAGGCTGCTTCTCCTCTGCTGTAAGAGGAGAGCATACTCCGGCGATCGCGCCTATCAAGGCGGCGCCTCTTATCCATTGATAAAAAAAGAAATGAAGTTGGCGCATGACAACAGAGAAACAAAAAAGAATTGTATAAAGTAACTGATTTGAGAAAAAAAATCAATTTTTACAAAAAAAATAAGAAAAGCCGTTTTTTTGTTAAAAAACAAAAAAATCGGCTTTTATATGAAATTAAATGATAATTATCTCGGAAGAGACCTTTCGGTTTGTTAAATTTAAATTTTCATTCACACCTATCATGATCGTATCTTCAATCCGGATCCCACCTACACCAGGGAAATATACCCCCGGCTCTACAGTCACAGCCATATTCAATTGTAGCGTGGCATCCGAAAAAGGCGATAACCTAGGGTATTCATGGACCTCTCTTCCCACGCCATGCCCTAGCCCATGAATGAACGCTTTCTCCATTCCATGTGCACGTAAAATACGCACAGCTTCCTTATGAACATCCCGACAAGGCACTCCTGCCCGACAGAACTCTATGGCTGCACGCTGAGCCTCAGCAACCGCAACGTATCCATCCAATAGCTGCTGTTCTGGAGCCGCTCCAAATGCCACCGTTCGAGTCATATCTGAACAATATCCTTCATAGCAAACGCCAATGTCGATCAACACCACATCCCCCTTTTTCAAAGATCGATTCGTTGGAATTGCATGGGGGAAAGCCGCATTCTCACCAAATGCAATAATGGGAGGAAAAGAAACCTTTTCTATACCAAGGTTAGCCCAAAAGACGTGAAGCATCCGAACCAGTTCTTTTTCTGTAATCCCTGGGCGTAATGCAGCCAGAACAAAATCATATCCTGCAGAACCTATTTCCGCAGCTCGAGTCATTTTTTGGATTTCTTCCGTGCTTTTCACACAACGTAACTTCTCCGCAACTAAACTTTGCGGAGAAAATGCATACCCGCTGTTCATTCGTTTTTGTGCTATCCCGTAAGGAGTATACTCGCTGTCAAAGCCTATCGTTTTTAACCCTGTATTTTCGATATAACTGCCGAGTTCCTGATCCACACTTTTAGAATAAGAAACAAGCACCACGTCCTGGATACGAGCATAGAGATCTTTATCTAATGGAGACACAAACAATACTGCTTCATCACGAGTGATCAATAAAACTCCTGATCGAGCCTGATCTTGTAAAAAGTAGCTAATATCCTCGTCTTTCTCTATCAAAAAAGCATCAAGTGCGCGCTCCACTAGAGAATCTTGCAGTCGTTTGATCGGATTTTGATTCATATCCTATCTCCTACATAAAATCGTCATCCAAAACTAACCGACGTATCATCTCTCCGTCAAACGCTTTTTCAGGCTTGCCAAGCTTCCACAAAATATCAAGCCAAGCATAATCGAATGCTCTTGCATTTCTAGAGAAAACCAACTTTTGAACAGTATTTTCAACGAGTTGTTCAAAAGACTCCCCTACATGCAGAGCTCCTTCTTGAGCTAGCGCAACAATCCATTCTTTCAGTTCTTCTTCTTGAATAAAAGGCGGCGCACTTTCTATTGCAAAACTGTCTGGGCTAATACGCGATAATTCGATTCCTAAAGCAGTCAAAGCTTCCAAACGCATCTGTAAAAAGTCTGCTTCCAACTTAGTCATCTGTACAGATGGAGGAAGTAAAAACGTTTGACAGGCTAACCTCGACTCTAAACACTCGGATAATAAAGAAACATAAAACAAATGTTTACGCGCAGCCTGTACAAATACAACATGGACCCCTTCAGAATCTTCGACTAAAAGAACTTTACCTAGGGATGTAAGAAAGCGTACTTTCTCAACAACAGAAAGAGAACTCGAGGCAGAGTCTCTAGACACAATCGTAGCCATCTCTGTTTTCAAATAGGGTTGCTGCGAGAAAGTAGGACAAGAAAGCGGGGCAGAGACAATCGCAGGACGAATAGATGAAACGCTGATCCCCTCATTTTCTATAGGGATTTTTTCTGTAGGGACTTTCAACACAGTCTCTTCCAAAGAGGGTGATCGACGCAACAACGCCTCTGAAATTGCCTCAATAAGCAAATTACTAATCTGCCCTTCCTGTAGTAACCGTACCTCTGTTTTTTGAGGATGCACATTGAAGTCGCACCACATAGGCGGCAAGAATAACTTCAATACAAATATAGGGTAGCGTTGTGCTGGGATCATCCAAGCATAAGCTTCCGCTACCTTTTTAGATATGAAAGACGACTCTACAGCACGATTATTAATAAAAAGCCGCTGTCCCTGCCTAGTAGAACGATGCTGGTTAGGAGAGCCTAAAAATCCTAGCACCCGAAGATCCCCTTGCTGCTTATCAATAAAGAATGCTTCTTGAACAAAAGACTCTCCCAAGACTAGCGCTACACGCTCTATGAAGCCTTGTTTCTTAGCCACATGGAGTTCTTGACGACGCTCACTAATCCACGTCCACCCAATGCCTTCTGAAGAAAGAACACTATTTTCCAACAAACGACGAATGGCCAACCGATCCATCTGCGGAGATTTTTGGAAA
CP166121.1_gap22	677586	679750	2164	TCATAAACACAACACTCTCTCCGGTTTAGCAAATCATCAAACAACAGAAGAGTTGTTTTTGTTTTTGCAATTCATTACACACCAAAAAGGATCTTGGTTCTATACAAGAAATTTGTTAGGATCGTCTAGGAACTCGTTGGTTAGGTCTACGTCCTTATGTTCCAACTCGCAAATAATCCCATCATTCAGTCCTTTCAAGAAGCCGATCTTTTTGGAAAGGTCATTTTCTTTTCGCTGTTCGCTCTTTCGATATGTACATGGACAGTCCTTCATCAGAAACTCTCCATTCAAAAGAAATTTCTAAAATCAGGGAAATCTTTAAAAGAGTTTTTAATAAAAAATCGTCATTCTCCTCTCTCTTTAGATATTCATCCTGAATCCACGCCTTTTACAGACCTCTATTTTACTATCAAACGTGGAACCCTGGAATTACTAGATAAGAATAGACAGTTGGCTCCAGAACGAACTCCTTTGCTTTCCGTGGAAGATATTCAATCGTTGGAAACGCTTTTTAATGCAGTGATGCCGAAATATAGAGCTCTCTTAAATAAAAATAACTTCATTCCAGCAACGACCATTAGTCTCGCTCCTTTTCTAGGACTATTAGGGACCGTTTGGGGGATTCTATTAGCTTTTGCGCACATTAGTACCGGACAAGCCAATGGGACGATCATGATGGAAGGCTTAGCAACAGCATTAGGAACAACTATTGTAGGGCTATTTGTTGCCATCCCCTCACTAGTAGGTTTCAATTATCTACGCGCCCACGCCTTCCAAGTCTCTCTGGAAATCGAGCAAACTGCTTTTCTTTTACTTAACTCTATTGAAGTCAAATATCGACAAACTAGCTTATGAAACGCTTCGTTTACGAAGATCTAGAAGAAGACCCTAGTGTCAATCTTACTCCTCTGATCGATATCGTCTTTGTAATTTTGATGGCGTTCATGATCGCCATGCCTCTTATTAAAATTGATCGTATCTCTTTAGCCACAGGATCTTCCTCACACCAAGCCTTCAAAAAACAAGAGTCTCAGCAAGCTGAAATTAAAGTGTTTCGAAACCATACCATTACTCTCAATGACCTTCCTGTGTCTCTCCAAGAGTTACGCTCGCAACTGACAGTCATCCATGCGCAACACCCTAATATAGTTCCGCTGCTCTTACAAGACGGTGATACAGCTTTCAAACTGTATCAAGAGATCAAATCGACTATCGAAGAAGCCGGATTTCAGGAACTTCATATTGCTTTAAAGAACTAACTATGCCAAAATTTCAATATGCCCCTTTTCTTTGCGCTTCTATAATCATCCATATTGCTCTTGGAGGAATGCTCTTTTTCTCCGCGCCTCAAAAAAAGAAGCCTCGTCTCTCCCCTTTTAAAGAACGTATCGTCGCCCTACCCCCTGAACCTAAAATCACTACCACTTTACAGACTCCCTCTCCACAACCTATTCGTAAACCGGTAAAAAACGCTCCAGCTCCCGAGAAAAAAGCTGCAAAACCTCCCGCGATCTCTAACCCTCAAAAATCTCCTCAAAAACCAAACAAAGCGAGTCCTACGCCGCGTAATGAGACACCAGAGAAAAAACAAGCTACTCTCAAAAAATTAGCTCAACTAGCTAATCAGCTGGCCGAAGAGGGTGAGACACAAGAATCCCACATCGCACAATTTTCTTGGCCTGCTCAAGCGCAAGTTCTTACTGAAAACACATCCTATCAGCAAGATGCCTTCTGTGCTTTATTTCAGCAGTACGTGAGTCTTCCTTTCCCTGGAGAGGTTCGCCTAAAACTAGAATTTTCTAGTGAAGGCGCTCTTCTCCATTGCTCAATCTTATCTACTATTAGCCATGCTGATAAACAACATATCCTGAACCAAATTCAGAAAATTCCTTTTCAATCTTTCTTTAGCGCATACAAAACCTCGAAAAATATCGTTTTTCATATTAGACTGCAGGGAAATTCTGCTTGATGAAAGGCTCCGTTGTGTTTCTCCGTTCTCTTCTCTGTCTACTTTGTCTTCTCTCTTCCACTCTCCACTGTGAAGATTTGGAAATTCATGTACGATCAGAAAGCTCTCTCCTTCCAATCGCAGTCTCTTTGCTCTCATCACCAAAAGACTCTCATCAAGCTTCCTATCTTGCATCCCTCCGAGACTTATTTGCTC
CP166121.1_gap23	710098	713943	3845	CTCGGAAAGAAACCGAATCTGTCAGACCCATAACAAACTGATAGGAAACTCCTTTATAGTTAGTAAAGCCGTTAGATTCTTTAGGATCCAATCCTTGTTTGATAGCTTGAGCAAACCAATATTTCATTTGGTTTCCGCGACCAATACCCGCGACATCAATTTCTGGAATCGCTAAAGCTTCAACATACTCATAACGAACTGTTGCAGACCAGTCTCCAGCTCGTCGAACACCGCCTAGAGAGCAGCCGATGAACCAAGCATGGTTTTCCTTACCATTTGTAATTTTGGTTGCAGGAGTTGTTGATTGTTTCCAGTTCTCTGGTATTTCCGCTAATGGATTAAAGAGATAGGCTCCGTAAGTGTAAAGATTTTTTGTTTGTCCATTAAACCATGGCATAGCTGTGCTCTTCCCAACCAACCATTGCCATACTAAATAATCGTACTTGGTATTAGGTTTAGCTGGTTGTGCAGCGCTTGCGTCTGCTGGATCATTCGTTTTTGCTGTTAACGTATTCCAGTCAACAACACTCGTTTTCACAACGAAATTTCCTGGGAGTTTATTCAAAATAGCTTCCACGACCCAAGCATACTCTTTCTCTGCCATATTCACGACAAAAGGACCACCATGAACAATCATAGTGAAAGGAAGTTTCTCACTAATACGTCGCGCAGCGTACAAATGAATTCCGTCGAAATTACTATTAAACTGAACATCGGAATCAAAAATATCTCCTAACCCAGAGCGACCAATCTCTGCAAATACTTCTGCTTGCGTTTCTGGGTTTTTGTAGAATCGGTATCCTAAGAAGGCACGATTAATATCTAACCCTGCTGCAGAAGATTCTCCGCCAGCAATCGTTACCCAATTCATTTTCGAAGTCATCCAACTATTAGCAGCGGTGTAATCCACATACAAATTGAATTCACTACGATAACGATTGATAGGTAAAATAGGTTTAGTAGGAGTCTGAGTTGTCTCAAGATCCTCTTTTGCATAAATCCATCGAGCGCGGACATCTCCAGCTAAACGTAAAGCTCCATCGCGCTTACGAGTTTCTACAAAACCCTTGGAACTCAAATAAGAATCTAAATCTTCAACAGACCATAGCTGGCTATCCATCGAACTAGCCTGCGCAAAAGCCAAGTTTGTAGACCCACAAGCTAATAAAAGCGCGCCTACAAACCCTTTATAAAAGTATTTTTTCATAATGTCCTTAGCAAAGTTTGACATCTCATACAACGACCCATGGTTTGTATTTTATTATTGAGAAGTGCTCACGGAAATCTCTCTTCCTGGGACGCTTGATTTTTTTCGCAAACGGTTACAAATCTCTTACTTACATAAGCATGATCGTAACCAAGCCAAAAACTATAGCTCAGGAAGGATTTTTTCTAAAAATACAGTTCTATTCTTGGAAGAAAAAGATGTCCTAAGAGACTAGCTTACAGCTAGTTTCTTAGGATAGACTGATGCCCTTTCCAGTATTGGAAAGAAGTAAGATTCATAAGATCTTCTGTCTTTAGTAATTTAGCTAATCCAAACAATACCGATAAGAAAAGTGCCGATTCTGCAAAAAAGACTCCACACTGATCTAAAAAAGACACTAAAGGTTTTGTTGGGACTGTTAATGGCTCGATAAACACTACGTACGTGGTATGCGTTACTATGTTCACACCAATCGTAATAACCGCTGCTAGAATGGTTGTAATGACAGTTTTCCCACTCTCTTTAAATGTTCTCCACATCAATCCTTTGTAAGTAGGAAGACTCTTACCAGCACAATACCATAGCATCGCTAACTGACCCCACGACGCTAAAGAAGTAGCGTAGGCTAAAACAGCAACCTGTTTGCAAACTAAACATCCGATCACATTAAGAACCATATTCACTACGGCAGCAATGATCCCTACCAGCATCGGAACTTTGTAATTCCTTCTTGCATAGAATAGAGCCGATACGAGAGGAGCTAAAGCCATAGGGATAATACTTCCACTATACCCTCTTAGAACTTCTACGATAGCGTGCACAGCTGTTGTAGGAAACACTCCGTGCTCATATAACACTCGTACCCCAGGCAAAGCAAAAAGCAATAGCCCCATCGTTATAACCACCATAACAGCAACAGTGAGCTTCAACGAAAACCGCAGGAGATCATATCCTTGTTGATGTTCTTGATCTTGAACACAACGAGAAATCGCAGGTAGCAACACTGTGAAGACTCCAAGACCAAATAAATGGACAGGTAACTGCTGTATTCGCACGGAATACATCAGATACAGAGGTCCTACCTCATTGATATATCGCGCGAGCCACATATCACATAGTAAGTTCAACTGAAAGATTCCCATGGATAACAATCCTAGAGACAGTGGGGCAATAAGAGCACGGATACTATCCCGCTCCTGAGGAACCTCTTTACTTTGTCCCAAAAACTTCATGACTCCAGGAAGCGTAACAGCCCATTCTAAAATGAAGCCTACGACAAGGACTACAGCTAATCCAAAAATACGATTTCTCGGATCATAATTCCGTGCTAAAAAGACCGTTCCAATCCACAACACATTAACAACAGAAGGAGCAAGTCCTACGCTGAAAAACTTTTTCTCACAATGCAACAGCGTGGAATTCACTGTATACATCATCAGAAAGATCCCGGAAGGTAGCAATATGATTGTTAAAAGTAGGGTATCAAATAGGCTTCCTGTAACGCAAGAACACCAAACACAGAGTCCTAATTCTATAATTAAAGTAAATAATATAGCGCTGTAACAAAAGAATCTCGAAAAGCTTCTAAAGAAAAACGTTGCTCGAGAAATATTTTGCGCACGTAAAAACTCGAAATGCGGAATAAAAGCGAGTCCAAGAATAGGACCACCTAAAAGCTTTCTTAAAAAAAAGATCGTCCGAAAAGCCAGCCAAAAAGATGCTACTAAGGGATCGGCTCCGAAATATGTAGCCATAACAATTTCTCGTAACATCCCAGTAAGACGACTAAAAAACGTTCCGGACAGCAAATTAAACAATGAGCGCACTAGCGATCCTTCATCATCTTTCCTCATCACTCTCCTCTTTTTGTGTCTTTTAAGCCTTTTTAGGCCCTTTATACCGAATAACGGCTAGTGATATTTTTCTGATAATGCAATAACTACCACTATTCTCGCTATTTATAGTTTCTTTAATCAAGAACCTCTGGCAATCTTCTATCATGAATGACTAGATAGAGAACGGGCTATGTTTATACTTCCTCCTCCTCAAGAGCCTTTACTAGGAGCCCACACGTCGGCTGCTGGAGGACTTCATAATGCTCTTTACGAAGGGCGCGATATCGCAGCAACCACCGTTCAGCTATTCACTGCAAATCAACGTCAGTGGAAGCGACGAACATTAACTCAAGAAATGGTGGATCAGTTCCGCATAGCACTGAATGAAACTTCTCTATCTTACATCATGAGTCATGCTGGTTATTTAAATAACCCTGGTGCTCCTAATCCGGAGATTCTAGAAAAAACTCGAGTGTGTATGCACCAAGAAATAGCAGACTGCATCTCACTCGGTATCTCTTTTGTTAACTTTCATCCGGGAGCAGCTCTTTCTGATTCTAAAGAAAGTTGCCTCGATCGTGCCATTGCTAGTTTTTCACAAATGGCCCCCCTTTTTGAAAACAATCCTCCACTTGTTGTCCTTCTTGAAACAACCGCAGGCCAGGGTTCCCTAATAGGAAGTTCTTTTGAGGAACTTGCTTACCTAATTCAAGGGATTAAAGCCCACATACCCATAGGTGTTTGTCTAGATACCTGCCATATTTTTGCCGCTGGTTACGATATTTCATCGGTCGCGGGATGGG
CP166121.1_gap24	737505	738110	605	CCTTGACATTTTCCTGAGACCCAATATCATTGGGTCCCGGGAAAACTCATTGTCCTGCAAGTTCTTGCTTTAGCAGGCAGGTTTTGTATGACACAAAGTCTTTCACCTATAAGCTCTTTTGAGAGCTTTCTTGGAAAGCTTGAAGAGGTTTTCTCGCAGTTCTTCTGTCAATTTTTATCGGCGGATAGGTTAACACCCCGTTTAAAGTCCCTGACAAGGCTTCTCGTTAAGGCTTTACGATATAGGATCGTGTAATTAAAGTTTTGGGAAGAAGCTGAGTTTTCTTATGTTGCTATTCCACAAGAGCGCTTCTTCCGCTCCTCGGAAGAGAAGAGCGGCCTAGCTCATCAATGCGAATAGCACCTGGGATCTGCTTCGGATAGTATGTCTTGAAGTATTGAGAACTCTTTTTGCTTACGAATTATAGGATACTTCTGCTTCGTTCAGGAAGTCCTCAAAGAAAACGGCTCATAGGGAAAGAAACAAAATTCTTCTCAATGTTTGCTGCTGTTTCATTAAACAAAAAGTGGGTGTGAAGAACCGTAATTTTTTAAAAAAGAGTCATTAGAGAAAAAGCGTCCTTTGGAAGGGAATAAAAATCATAA
CP166121.1_gap25	739431	741040	1609	GATACACTCGCGATTCGTATTACGACGAATAAAGGTATCGATCTGCGTGCTACAGGCTCTTGTTTGAAATTTAAAGGGTTCTTAGCTGTTTACGAAGAGAAAAGAGATGAAGAAGGGGATGAAGAGGAAAACATTCATCTTCCGAAGCTTAATGAGCGAGATGTTCTAACAAAGGAAGAGTTAGAAGCAGAACAATCGCATACCAAGCCTTTGCCGCGATTTACAGAAGCTTCTTTAGTGAAAGAACTCGAGAAGTCAGGAATAGGGAGACCTTCTACCTATGCCACTATCATGAATAAAATCCAGAGTCGGGAATATACGTTGAAAGAAGGGCAAAGGCTACGTCCTACTGAATTAGGAAAAGTAGTTTGTCAGTTTTTAGAAACGAATTTTCCTCGTATTATGGATATTGGTTTTACCGCTGGCATGGAAGATGAGTTAGAACTGATTGCTGATAATAAAAAACCTTGGAAGCAGCTATTACAAGAATTTTGTGAACTCTTTCTTCCTTTTGTAGTCACGGCAGAAAAAGAAGCCTTTATCCCTCGTATTGTGACAGAAATAGACTGTCCAAAATGTCATAAAGGGAAATTAGTAAAAATTTGGGCTAAAAATCGCTATTTCTTTGGTTGCTCCGAATATCCTACTTGCGACTATAAAACTTCGGAAGAGGAGCTGACGTTCGACAAAAACGAGTATGCTGAAGACACTCCTTGGGACGCACCCTGTGCTCTGTGCGGAGGAGAAATGAAAGTCCGGCATGGGAAATTTGGAAGTTTCCTTGGCTGCGAGAACTATCCGAAGTGTCACTACATTGTTAATCTTTTCAAAAAGGGAGAAGCTGGGGCTGAGCCTGAAGCGACAGTGCATTGTCCTGCAGAAGGATGTACAGGACACCTTGTGAAAAGACGCTCACGATTTAATAAAATGTTTTATTCTTGCTCCGAATATCCTGCATGTAGCGTGATTGGTAACTCTGTAGATGCTGTAATTGAAAAGTATGCAGGAACGCCTAAAACTCCTTATGAGAAGAAACCAAAAGCGAAAAAATCAATAGCCTCTACCAAGGGAAAGGCTGTAAAAACAGTGAAAAAAAGCTCAGCAACAACAAAAAAACGAGCTACCAAAGCGTACACACCCTCTGCTGCTTTAGCAGCGGTGATTGGCGCGGATCCTGTAGGGCGTCCCGAAGCCACTAAGAAGCTATGGGAGTATATTAAGGAAAAAGGATTGCAATCCCCTCAAAATAAAAAAATCATTATTCCTGATAGTAAATTGCAGGGGGTGATAGGAGCTGATCCAATCGACATGTTCGCGCTATCTAAAAAATTAAGCGCGCACTTAATCAAGGAAGAGTAGGGGCTTTGTCATGACTCGGAATAAGAGGATTATTCCGAGAGAAGCTCCTCTTCTTCCGTGGGTTCTTCAAAGCCGTCAATCAGTTGATACACCTCTTGTGATGAAGACGCTTTAGCTAAGTTGGCTCGTAGAGAACGTACTTTAGGAGAAAGAATGAGGTAATGCCCACACAGTTTACGAGTATCTGTTAGTAGCTTCTCTTCACTTTGATAATACTCTTCTATCCATTGTAGATGCTGTACGAACGCCT
CP166121.1_gap26	806881	807782	901	GGAGAAAGACATCGATTATATTGTGCGCGATGATCAGATCGTGATCATCGATGAACATACAGGACGCCCGCAACCAGGACGTCGTTTTTCAGAAGGATTACATCAAGCGATTGAAGCGAAGGAACATGTAACGATCCGTAAAGAGTCGCAGACCTTCGCGACGGTTACCTTGCAGAACTTTTTCAGATTATATGAAAAATTAGCAGGGATGACAGGAACCGCAATCACCGAATCTCGAGAGTTTAAGGAAATTTATAGTCTCTATGTGCTGCAAGTCCCTACATTTAAGCCTTGCTTGCGTATAGATCATAATGATGCCTTTTATATGACAGAGCGTGAGAAGTATCAGGCTATTGTTGCTGAGATCATTTCTGCGCATCGTTCCGGAAAGCCGATTCTGATCGGGACAGAATCGGTGGAGGTGTCTGAGAAACTTTCTCGTATTTTGCGGCAAAATCGTATTAATCATACTGTACTCAATGCTAAAAACCATGCGCAAGAAGCGGAAATTATCGCAGGAGCTGGAAAGGTTGGCGCGGTTACGGTGGCTACGAATATGGCTGGTAGAGGGACAGACATCAAGCTGGATGAAGAGGCTGTGGCTGCTGGAGGACTGTATGTTATCGGTACGTCACGACATCAATCTCGACGTATTGACAGACAGCTGCGTGGTCGTTGTGCACGTTTAGGAGATCCTGGTGCTGCGAAATTCTTCCTTTCTTTTGAAGATAGATTGATGAGGCTTTTTGCCTCTCCAAAACTCAATACATTGATTCGCCATTTCCGTCCTCCAGAAGGTGAGGCGATGTCGGATCCTATGTTTGATCGATTGATTGAAACAGCGCAAAAGCGTGTTGAAGGACGTAACTATACCATACGTAAGCATACCTTAGAGTATGAT
CP166121.1_gap27	825081	827534	2453	CAGACATTATTTAGCCCAGTTTTAGAGTTAGTGAAAAGTTTTAATAACGCGCCTATCGTTTACAACTTAGGCTCTTACATTGGGCAGACAGCAGGAACTGCGAACTTTAAATATGGCTATCAGATGGTCTTGGATCGTTATGAAACAGAGACTGGCCAGTTGAGAAAGGATATTAAAAATGCTGAGAATGCCAAGCAGCAGCTGGCACAGATTATTAAGAACGTAGAGGCAAATAATTCTTTAACGACAGAGCACAAGACTCAGCTCAAGGATATGGCAAATGGGTATATTCAGACTTTAGATGTCTGTATCTCCCAAATGCAAGAGCTGTCTACTGGATTGCGAGGATTATCATTTATCCCTGGTAGAGATGAATACAGCCCTGCTTATGAGATTATGGGATCTTCTTTTTCCGTAGTTACTTTACAAAACTTGGAAGGGAAGGTTGTCGATGGGGAGATCAATATTTCCTCTGGAGAAACGAAAGGTGGGCTTTTAAACTTCTTTACCTATTTTCTTGCAGACGTACAGAATTTTGGAGATTTAGCACAAACGAATCAGTTGATGTTAGAACTACAAATGCGAGCTATGCATCAGCAATGGAGTTTAGTTACAGCCTCTCTGAAACTCTTACATAATGTATATAGAACATTGGCTTCTAGCTAGACATGAGAGGAAATCTTCTCTTAATCTCCCTTGAGGGGGAGGTTAAGAGAAGAGGGTTCGGGGGGTTAGAATTGGAATCCTCCGGAGACGTTCACAGCGCGCTGGCTTCCCCATCTTCCTTCTACGTTGTAGAAGAAGTTATCGGCGATATAGTTTGTCGCTCCGATGCAGATGTTTCCACGATGAGAGCTGGTAATTTTACGAACTTTAAATTTGAGGTTAGTGAAGCGATCTTCTAATTTTTTGAAGCTGTCGTCCGGAGCTTGGCGAGAAACACTCCCTATAGAAAACGCTAAGTAAGGAAGAACGTAGTCATTCACATAGGTAGTAAGACCTACGCAGACACTCCACTCCTTGAAGTTCAGTTTCCCATCCGAGTCAGCGATGAATACTTCTGGATTAGCTTGACTGTTTGCAATGATGTAGTCAATAGGGCAAGAAGCATGGCGATAGTCTGCACCGACGCCTACAAAGGAAACGCCATCTTTCCATATGACTTTTTTCAAGCTAACATCCCAAACAAATCCGTAATTGGACTGTACTTCAATCATCCCGTCCGTAACTTCTGATTCAGAATTGAGAGGTTCCGAGGTGAAGTCTCGATAGGCATTCATGGGAAGGCGGTAGTATTGTTTCAGTCCTCCTACTTTCACTTCGAAACTCACATCAAACAGAGGAATCGCGCTCAGCGAACGATCAGGAAGGGAAAAAGCTGCAGCTACACAGTTTGCATTGAGATTACAGTTCACGAGATCGAAATTTCGCGTTTTGGTTGTCGAAGTAATATCAGGAGAAGGACCAACCCCAGCTGTTGTCACAGAGGTAACAACAGGGACATCTTTTACCTGAGCTTCTTCTGAAAAAATATAATCTCCGCAGAAGCAGAGCTTCAGGTTACCGGACAGTGCGGATAGTACATCATAAGAATTACATAAATCGAAAGAACAGGCATTTTTCTGTTCAATATTAATCCCCGGGATGACTGGAAACGCCGGATTCCCCGCAGGCATAGCGTCTAATGAAGTAGATGCGATCCCTAAAAAAGATAGGAAAGTCAAACGGAGATAGTTCACTAGCTTGCTACTCATTTAGTCAAGGGCCTTTCTTTGTGGTCTGGGACTGAATCCGTATCTTTAGCAAATGCCAAAAAATTGTACAAAGGAAAAACATCGTCTCTCTAGCAGGGAAGGCGTTTTAGTCTTTTCTCATTGAAGAAGAACCTTACAAATATTCTTCTTTTGTATCACGTTGGAGAAGCTGAGCGATCCCTTCCTGAATATCGAGATTTTCGTAGAGAACGCGATAGACGCTGGTGGTAATCGGCATGTCTATTCTGTGGTGTGTAGCAATTTGATGAGCAGAGAGAGCCGTGTACACCCCTTCGACCACCATACCAATTTTTGTTTTAGCCTGTTCAGGAGTTAGGCCTTCGGCTAGCAATTTCCCAAAGAGGGTATTTCTACTGAAAGCAGAAAAGCAGGTGGTACAGAGGTCTCCTAGACCTGCGAGCCCATTCAAGGTATCTGGACGGCATCCCATGATGGTGGCAAATTTACGAATTTCATGCAGACCTCGGGTAACAAGTCCAGATTTAGCATTATCCCCGAATCGGAATCCGTCAGAGATTCCACAGGCTATGGCGATTACATTTTTCAGTGCTCCTCCTAACGCAACTCCTTTTAGGTCGCTATTAGGATAGACACGAAATGTAGGGGTGAGAAAAGCTCGATGAATTTGTTTTAGAGTATCAGGGTTATACGCACTGATAACAACCGAGCAAGGGCATC
CP166121.1_gap28	831817	834968	3151	AAGATAGAAGGTAGCAAAGCCTAGAATTCCAAGGCTTAGTAACACAATAGTAATACTCAAGACAATCGAGGATAGGCGAGAAGTTTTGTGTGCTACGGGTTTTAGGAAAGGGACAATATCTACAGACGGATGCATTTCTGGGAATGCTGAGAGAATCTCTTGCATATGCGAGAGCAACTTAACACGTGCACCTTTAGGAAGAGTATTGAGGTAGTCCTCATCGATGAGAAGTTGCAAATGGTCTTCATCCGCTACAGGAATATAGTTTAAGGCGAAATGCGTTTGAGGAAGAATCGTTTGTAGTGAGCGTTCTAATGAGGTAGTGAGTAGGGTATTACTTTGTTCGAAGAGAGGGGAGTAGAGATTACCATGCTGATCGGACAAGGTGATATGTTCTTTAGTTAACCCAGGGACGCTGCGTGTCAGGTAATCAGTGATTGAGTGCACGAGTGATGGGGATAATGTCGAAGACTGAGGAAGAGAAAGGATCACGGAGATTTCTGCTAAGGAGTCTTCTTCTTGGGATAGAGCAACCGTTGCTTGGAGCACAGGCTCAAATAGAGTCAGATCTTTTTCTAATTGCTCTTTCTTTGCTTGGATTTCTATCGATTGAAGATTCCCTAAATGGGAGAGCTTCAGCCAATGTGAGGGTTTTTTCTCTGTAGAGGCTACAGTAGGGGTAGGCTGAGGAGAGGATGGTTTATACAACATGATGAAGCCAATAAGAATAGCTGCAAGAAGGTAGCCTAAAGATTTAGTGGAGGCGATCTTATTTTTTAGAAAGCGAGGTAGCACCGGCATTCTCCATGAAGTAAGTTTTTACAAAAGCTCTACGTATAGGTTGAGGAATAGAGCAAGGGTAGAGCCCGCTAAGTATCCTGCAAAGAAAAGGATGAAAAAGAAGGCTTCTTCTTGTGAACAAGAAGAAAAATTAGCATCCGGGATGACCGAGAAGCTCAAAAGGGACTCTCAATTAAAAGAGCCCTTTTGTCCTCTGTAACAAAAAGAGGCTATTAAAAACAATAGGTTATCTAAGAAAGATTTCGATAGGATTTTGAATCAGTTTAAAGGGATTTAAAATAGTAGAGACTGTTCGTCCACTTTTATTTCTAATAAAGGATAGACATGAGCTCGAAAGAGCTGCCCTATCGAATTGAGAGTAGATCCTACAGAGGATAGACAGGACGAACAATTTCCTGAGTAGGCAATGGTTACAGTAAGCCCTTCGAAATGAACGATGCGAACATCTCCGGAATCCACGGCGACGAGAGGTGCTATTTTCTCTTTCATCATAGTATTCAATGCTGAGAGCTGTTCGTCATGGGAGAGAGCTCCCCACTCTTCTGTGGAGTAGGGATTCCCTTCGCTAAGCTGAGATAGTGCATCTTTGAAAGGGAAAGGGCTGTCATTCACGGGAATATCCACACATTGTTCAATAGCAATGTCTAAGGCATCTATGACTAGATGGTAGAGAGGAGAGAGGTCTTCTAGGAAAATGGAAGGTTGCGCGTGTCCGCGGACTTCTTGGTCTAGATCATTAATTGTGATTTTATACGCTTCGGCAAAAGTTTTCCCAATGACTAAAGAGCAGGTGGCTTCAGCAAGTACAAGGAGATAAGGGTGTCCGAAATATTGAAATTTAGCTTCACGGATTATGCCATTGGTTTTGTCTACCAGCCAGTAGAACAGCAAAGTGTTTCCCATGAGTAGGTGCCCTTGCTTTCCTATGACAAGTTGTATTTCTTCATCCTCTTGGTCATGCGATAGGGCTCCGCCATGTTTAGGTTGGAAGAAAAAGCGTAAGGATCTTGCAGGGAAGCTCCCCCATAAGGGGAAAGGATAAAATGGAATCATCATAAGGATTGAGTAACCAGTGGTTGTAGGTGAGAGATCCCTTCTTGTAAGGCGGTTGCTAATGCAGAGAAGTGTGTAGTAGGAGTACGTTCAGTAAAAGATACGTGTAAAGCGCTGTGGCATAAGAAGGGAGAGATGCCCGAACTCTGTAAAATCTGCGATAGAGGCTGGAAGCGTTCATAGCCTAACCCTACAAAAATATTTTTCTGGGAAAGGAAAAATCCTAAGGACTCTGCAGGGATACCAGGAACAGCAAAGACAGCGACATTAGGGAGACGAGGGGCACTGTCTTCCAAAAGGAATTCGACTTGAGGAATAGCGGAAAGAGCCTGTTTAAGAGCTGCTCGAGAAGAAATAGCAGAAAGCACAAGAGAGGAGAAAGCGGTTGTACGTTCCTGACAGGCAAGAGAAAAAGCTGCAAGAGAACTGAGGCAGGTAGGGACTTGTGGATTACTAGGAAGCCATAAGGAAAAATATTTTGTTAAAGCGGGAGAAATAAACATCGCTCCTGAGGGACCAATCCCACCAAGAGACTGTGAAGAAAAAGTAAGGATATCTGCTTGATAGAGTTCTGCGGGTAGCGCGCATCTTCCTAAGATATCACTCAGGTCTATGTGGAAAATTACCCCGCGTTCTTTACATAACGCAGCAAGCTCAGGGATCGCTTCCAGAAATCCTGTCATACCATTCGCAGCAGATATGGAAAACAGCAAGGTCCGCGGGGAAAGAGCTTCTGCTAGATCAGATTCTTTTACGCGGCCGTTTTTGCTGGTTACCCAATCATAGGTTGTCCCTAAGTTTTGCCGACGGCAGAGAGCATTGATGATAAATTGTTGCTCGCAAGAAGGAACAAGAAGGTGATTACGCCCCTGGAAGGCATTTTGGTTTTCCAGAAGAGCGGCCACGATAATGGCCGTGACATTCGGGTAATGAAGAATAAAATGAAAGGTAAAAGCCTTCTCCTGACACCCTGTGAGTTTGCGGGCAGAAGCTTCAGCTTCTGCTTGTAAAGTCAGAATGGAGGTATTTGCGCTGTACGAAAATACGTCTGCGTAACGTTGAAAAGCCTCCTTCACCATTTCGGAAGGAGGGATGGCTTGTTGGTTGTTTAACCAAGAGAAGGAGCGTGTTTCGTGAATTTTTGTCCCGTCCATTCGTATACAATAGGCTGTCCTGTTGGCAACTCCAAAGAGAGTACTTGTTCTTCAGATAATTTTTCTAGGTCCATAATTAAGGAGCGCAAAGAATTCCCGTGAGCAGAGATAAAAATATTTTTCCCTTGCTGAAGGAGAGGGAA
CP166121.1_gap29	839296	840212	916	CTCTTGAATTTTCGAGAGCTTGTTATCAGGAGTCAGGTCGTAGAACACCTCATCGATACCCAGAAGTCGAGCTGTATTTTCGGCGCTGATACGATGGTCTCCTGTGAGCATACATACAGGATACCCATTCTTTTTCAAATAGGATACGATATCTGCAGCATCGTGGCGTGGGACATCTCGGAAATAGAAAAGGGAAACACGTTTGCCTAAGCAAGCTATAGAACATGTGTCGCCGCGTTCTTGAGCTTGCTGAGCGCGTTCGCGAAGCTGTTCACGGTATTCTTCAGGAACGTAACGTAGCGCCGTCGAGACGCGCCCTACAAAGGCTTGTTCTCCGTTAAATTCTCCGCTTACGCCCTCTCCTGGTATCGTTGTGCATTGTGTCGCTGGTAGCGACTGAACTTGCTTCTCAGTGAGGTAGTTGACAATGGCTTGAGCAATAGGATGAGAGGACGACTGCTCCATAGCCAATACGCAAGAATAAAACAGAGGCGATTCTGGACCAAAATCTTCGCATCCTGAACAGGTTAAATCTCCTGTAGTAAGCGTTCCCGTCTTATCCATAACTACAGAATTGCAGGAGACTAGACGATCTAAGACTACGCCGCCCTTAAGCAAGACACCATGTTTAGCACAAGCATTAATAGCGCTAAGATAAGCAATTGGAATAGCTATGATAAGAGCACAGGGAGAAGCTGCAATTAAAAATGCTAGAGCGCGGTAAAAGGCACTGTCTGGTCCGAGGAAAGGCAGTGTTGTGAATAGAGAGCCTCCTATAGCTATACATGCTGAGATAGCGAAGATGGTTAGAGCATATGTTGATGAATAGCGGTCCAAACGTTGTTGTAATTTAGGTTTGGAGCTTTGCGCTTGAACAACCAGATTGATGATGTGAGCAATCGTGGATTCTGCACCG
CP166121.1_gap30	846796	850956	4160	GAGAGGCGAGCAAATGATGGGCTTAGCTCTGGGAAGGTGTGTAGTACATGCAGAGCCTTAGTGTAAAAAGCCTCTCTTTGCATTTCTGAGAAATAAGGTTTAAACGCAGCAACAGCCTTAGTTGAACAGCCTAAGTGACGTAAGACGATAGCTGTCTCTAACACTTTAACAGAGTCATAAAATTCCTTAGGGGAATTTAAAAATAGAGTTAATTGCTTATGCAATGCAAGGAATTGCTTAAATGTTAGAGGGGATTCGCTGGTCTGTAGTTGGATCAGTTGAGCATAGGCTTGGCGGGAACCCTGGATTAATAAATGTAAGTGAATCAAACTGCGCACTGCGATATCGAAAGCAGGGACCTTTTTTTGGAATAATGTTGGAGAAAAGATGGCTCCTGAAGGAGATTTTAAAGAGGCTCCCGTAGAGGACGGCTCTACTAACCATAAAAGCTCTGGATATTGGCGGACTTTTTGTTCAATCCAAATTTCTGATCCAATTTTTGTGGTCGAGCTAGGAAGCGTTCCGCGAGGTTGAGGTGCTGAGAAAACAGGGACACTAGACAGTGTGACAAGGAACAAAAGACAGTTGCGAAAGGTAAAGTTTATTAACATATGATCCTCTGCTACTCCCGGGCTTCATCCCCTTCTTAATACGGATTAGAGGGGTAACTTGTAAAGAGCTTAACGGGGAGTTGTGTGGTTGATATCAATAGCCGGTGGCAAGCCTATAAAAAGGGCGTTGCATAGAGTGTATTCAAGAAGCAAACACCCTGTAGTTCTCTGGATTCCCCGAGAGATTCTACCGGCTTCATGCTAACATGATTTTTTGTTAGGGGCAAGGTTCTTGCAAAGATCTTTTCATTCCTACCCAGAGAGGATAGAGAGGGATTGTTAAGATTTTAATTTGATTGGGATGTTGAAGCGCCTTTATAAACTATTTAGTTAATAAGATTTGTGCTATAATACTACAAATTTATTTTTAATTTTGGCAGGTTTATGAAAAAGTTTATCTATAAGTATAGCTTTGGAGCTCTCTTGTTGCTCTCCGGGCTCTCCGGATTGAGCAGCTGTTGCGCCAACTCTTATGGATCGACTCTTGCAAAAAATACAGCCGAGATAAAAGAAGAATCTGTTATACTTCGCGAGAAGCCGGATGCCGGCTGTAAAAAGAAATCTTCTTGTTGCTTGAGAAAATTTTTCTCGCGCAAGAAACCTAAAGAGAAGACAGAGCCTGTGTTGCCGAACTTTAAGTCTTACGCAGATCCAATGACAGATTCCGAAAGAAAAGACCTTTCTTTCGTAGTATCTGCTGCTGCTGATAAGTCTTCTATTGCTTTGGCTATGGCTCAGGGGGAAATTAAAGGCGCATTATCGCGTATTAGAGAGATCCATCCTCTTGCATTGTTACAAGCTCTTGCAGAAGATCCTGCTTTAATTGCTGGAATGAAAAAGATGCAAGGACGGGATTGGGTCTGGAATATCTTTATCACAGAATTAAGCAAAGTTTTTTCTCAAGCAGCATCTTTAGGGGCTTTCAGCGTTGCAGACGTTGCCGCGTTCGCGTCGACCTTAGGATTAGACTCGGGGACCGTTACCTCAATTGTTGATGGGGAAAGGTGGGCTGAGCTGATCGATGTCGTGATTCAGAACCCTGCTATATAAAGGCCATTCTAAAGGCCCCCTTTCCTCGGATAGGAGAAAGGGGGCTTTTGTATTTTCCGCTTATTTGCCTCCGAAGCGGGTGAAAGCATAAGAGTAGTAGGACAATGTTACAGTTTTTAAAGCAAATCAATCACTTTTTAACTTCTTTTTGTGTATTCCCCTTGATTCTTTGTTTGGGAGGGATACTAACTTGGAAATTACGAGGGCTACAGTTTACTTCTTTAGGAATGAGCTTTCGCTTGATGCTGAATAATCAACAGGAACAAGCTGGTGCAGAAGGAGAGGGGGTCTCGCGCTATGAAGCTGTAGCAGGTATGTTAGCAGGGAACTTTGGTACAGGGAATATTGCAGGGATGGCGATTGCTGTCGCTAGTGGAGGCCCTGGGGTATTACTTTGGATATGGATCGTCACTCTTTTTGCTGCAATAGTCCAGTATGCAGGCGCTTTCCTTGGATGTAAGTACCGCCAGTTCCAAAAGGAATCCCAGGAGTATATCGGAGGACCGATAGCTTGCCTAGGATATAAAATGGGCAGCCGATTCTTGGCTGTTGCCTTTTGTGTCGCTAGCTTGATCACAGCATTTTCTGCAGGGAATTTAGTTCAGGTTAACAGCATTATCTCTCTTTGTGCTGATGGGGTCTCAGCGAAGATCGCAGTAGGGATACTGCTCGCGCTCTCTGTTTACCCTGTTTTAGCTGGCGGAAATACTCGAGTTCTCCGCTTCTCTGCTAAAGCGATTCCTTTCGTAGCAGGATTCTATTTCCTTTTCTCCGTTATAGTTTTGGCTATGCATTGTGATAAAATTCTTCCTGCTTTGCAGCTCGTTTTCTCTTCTGCTTTAGGTGTCAAGGCTGGGATAGCCGGGGTTGGGGGCTATACATTAGGACAGGTAATCTCTACAGGATTAAATCGTGCTATTATGGCTACAGACGGTGGAAGCGGAATGGTTTCTATTCTGCAATCTAATTCTAAAAGCACGAATCCTGTGACAGACGGATTAGTCACTCTCTTACCTCCCGTTATCGTTGCGGTCGTATGCTCTATTACGATGATGGTGCTTCTTGTGACAGGAGCCTATGATTCTGGAGAGTTGGGGGTTTTGATGGTTATGAATGCTTTCAAATCTTCGTTAGGCATGTTGGGCGGAAGTGTTGTTCTTATATCCATGATCTTGTTTGGGTATACTACAGCTCTGTCATGGTTTGCTTGCGCAGAAAAAAGTTTAGAATATATGATCCCAGGGAAGCGCGCTAACCTATTGTTGAAGGCTATTTATATCGCGATAATCCCCATGGGTGGTGTCTTAGGAATGCAGTTTATCTGGGCGCTATCCGATCTAGGTTTTTGCGGGATGGTTATTTTTAATTCCATCAGTTTGATCGCCTTGTTCAGAGAAGTAATTGCCACTCGGTATGAGGTAGCCCTTCTCCGTAAAGAAGCGCAAGCCCAGTCTGATCCACTACGACAGTAGTACAAGAATAGGGCCACGCTTTACAGAGCATGGCCCTAAATACAGGAGACCTCAATTATGCAACTCACCTCACAAGCTTTTTCTTACGGCCGTCCGATTCCTAAAAAGTATTCGTGTCAGGGCGTTGGGATCTCCCCACCGCTGTCTTTTTCTGATGTCCCTAGAGAGGCTAAAAGTCTTGTTCTTATTGTTGAAGATCCAGATGTTCCTCCTAGTGTTCGAGAGGATGGGTTGTGGATACACTGGATAGTGTATAACCTTTCGCCTGCAGTCTCTAATCTTGCAGAAGGAGCACAAATTTTTGCTGTCCAAGGGTTAAATACTGCTGGAGAAATAGGATACTGCCCTCCTTGCCCTCCAGATGCGAAGCATCGCTATTACTTTTATGCTTATGCGCTCGATGTTGTGCTTTCCGATGAAGAAGGAGTGACCAAAGAACAGCTGTTAGAAGCTATGGACGGACATATCATAGCTACGGCAGAGCTGATGGGCACATATGAAAAAGACTAAATCAGAGATTATTCTTCTTGGGGAACGAATTCCTCTCGCTTTTTACGGTGCTTCCAATACAACGGACCATAGTGATAGCAGAGCTCTTCCCCAGGAAGAATGTCTTTGATTGCCCGAATGATAATATGGAATATCCCGTTTTCAAAGGCCCCGATCGCTTCTAGATTAGGGTTGTCACTGTGATTAATAAACCGAGTCACATTTCCTTGCATCCCGCTATCAATAGTGAAATAGCGGAACGAATAGCGGGGGACCGGGTAGCGGAAACAGTAATCGTTTTCATCTAGCCAAAGAGCCTGTCTTCGACGCAAAATCCCTGTATATTCTCCGATGTAGCTCCATGCCGGGATGGATTCACGAGCAAAGACTCCATATCCTACATAGGAATTAATCCAACAGATGGCCACTGGAGGATTTTTTGGAGCGCGGAGATGTTGCTTATGGAGCTGCCCTAGCCATTTGGCTAGAGAGGAAACGGCTAAACGTTTTTCTTCTCGATAACATAATCGTTGAATGC
CP166121.1_gap31	852093	856896	4803	ATCTAAATCTTCAGGATCCATAGAACCTGGATCGTCATAGGTATTAAAAGAAGGGATCACATATTTGCATGGGAATCTTGAACATAAATCTTTAATGACTTTGTTGATGTCGTCATCGCAAATATAGGCGCCTTGAACACGAACAGGCGCAAAAGATCCTGGAGAAACTACTAGCATATCCCCATTCCCCATCAAGTTTTCGGCTCCGGGCTCATCAATGATAATTTGGCTATTCACTTTGTTGGCAACTTTAAAGGCGATTCGAGAAGGGAAGTTTGCTTTGATTAATCCTGTGATCACATCTCGAGAAGGGCGTTGTGTTGCTAAGATTAGGTGGATTCCTACAGCTCTAGCCATCTGAGCTAAGCGTACAATAGGCGTTTCGATATCATGAGAGGAAGAAAGAAGTAAATCAGAAAGCTCGTCAATGATGCCAACAATAAACGGCACTTTTTCTGGGATCTCTTTATCGTACGAAGCTTCGATATCCACATTGCGAGTTCGAGAATTAAAGGATTGGATGTTTCGTAGCCCTAAAAATCGAAGAATTTCATAACGTAGTTCCATTTCTCGAACAAGCCAAATTAAAGCGCTATGGGCTTCTTTAGATTCTGTGATAACAGGAGTTAGCATATGAGGGAGTTGCGAGTATCCTGTTAACTCTACTTTCTTAGGATCCACGATTACGAGTTTTATGTCTGTAGGGGGAGAAGTCATAATAAGAGACATAACAATCGTGTTAATGCAGACAGATTTCCCAGATCCAGTGGTTCCTGCAATAATTAAATGGGGCATGGTTGCCAAATCTGTCCAAAAGTTATCGCCATTAGCTTTTTTCCCGAGAAGAAGAGGAACTTGGAGTCGTTGTGTTCCTTTTTGGTAATCTTCTAATAAATCTCGGAAGTTAACGGGCTGAGGATCTGGATTGGGGATTTCAATTCCTACCGCAGCTTTCCCAGGGATAGGGGCGATGATGCGGATGCTAGAAGCTTGCAAGTTCAATGCAATATCATTTTCTAAAGCTTTGATTTTTTGTACTTTGACTCCAGTGTTGGGGAGGACTTCAAAGGCGGCAAGGGTGGGGCCCGAACAAATGTTTCCAATAGCAGCTTCTATTCCAAAGCTAGCCAGTGTTTGCTGTAAAATAGCAGCTTTCTTTTTTAATTCTTCCAAGAGAGATTCTGGGCGGTGCACATTCCGCTTACTCAAGAGATGGTATTGTGGTAAGTCCGGGGCGTCTCCTGCTAATACAAATGGGGATGGGGTAGGTAAAGGCTTGTAAGATGTTTGTGCAGGAGCTGAAGCCGAGTCTTTCGGCAAAAGATTAGGAAGATCAGTTCTTTTTTGAGGCGATAATGTTCTTTTTGTCGGATGCGGTGGGGTGAGAAAAATGGTGCGGTTCACAGAGGAGTCATCGTGTAGATCTTTATTTTCCAGAGGAAGCGAAATCACCGGGGTTGGAAGTTTGAGCATTTCCTTTTTAGCAACAGAAGGCGAAGATGGAACGCGAAGAGAGGGTTCGGGGACATAAGACTTATTGTTAACAAGATTTTTTAAAAGCTTTTTGCAGGCGTTCCAACATGCGTAAAATTTGTTTTTGAGAAATTTTAGGAGATCGTCTAGGAGAGCTTTTTTTTTTAACACAAAAGATTTAGGGATAAGATAAAAGATCGCGCATAGCAATATGGCCAGAAAGATTAATCCTGTTCCCACTGCACCAATTAACAGTTTTAAAGAAAAAGAATTTCCATCGTACAGCAAGTAAAACGGAATGCCCCCTAGGTACGCTTTAGGAGGTTGAAGATCCATGACAACCATGGGCACTCTTGTAGCTAAAAACTGTGGAAGGTTTTGAGCTGGAGAAATCATAGACAATAATACTGCGCAACAAACCGGAATTGCGCCAAAAGCTGCTGCTTTTCTAAAAGCTAAAGGAGCTGGGGTTCTCTTCATATTTAGAAAAGAAAGCCATCCAAAATTTAGGGGGATTAAAAAGGCAGCGACACCAAAGTTATATAGCAAGAAGGAGCTGAGGGACCAGCCGAGTAAACCTATCCAGTTTTGTGTGTAAGGTTGATTATGTTGGAAACTCCATAGACTTAATCCAGAGAAACAGGCTAGGGCTAGATACACGCATGTTTTAACAGCAAAGACTGTTTGTGGAGAAAGAGAAACGCTTGCTTTCTTCCGTTCTTTTCCCATAGTTCCTCTCTCTTATCTAACTGATAGGGACTCTTAACAGAAATAGCGCTTATATGGAGGTGTTAGCCTATCATTGCGGAAGCTCTCAATGATCCTAGCACTCCAACGCACATGTGTAGCTTGTTATAACAGGAAAAATAAAAGAATCGAAGTAGTCTTTTTAGGAAACTATAAAGAAGGGCGAACGACGGGGTTCGAACCCGCGACCTTCGGAACCACAATCCGACGCTCTAACCAACTGAGCTACGTTCGCCATGGTGAAACTCCCCAACTAGCAGAGCGTGCAGGCGCTCTACGTTGGGGAAAGGGAAGTATAATAAAGAGATTGTTTTTATGGAAGATCAAGGTGAATAAAATCTAAAGCGGTGTTTTTGAAAAAGGAAGCGAAGATGCAAAAAGATTTTTTTGAGCAAAAAAAAGAAAAAAAGAGAGGAAAATTTTGTTTTATAAAAAGGGTTGAGGATAGTGTGTGAGGGGATAAATTGAGAGGTTAAGAAAAAGGGTTTTTTGGGGAGTTGATAAAAAATAGGTGCATAAAAAATAGGGGGTAGCATAAGATGTAGCTTTCTTTCGAACGAAGGTTGAAGGAAGGCCTCTTACGTGGATGAGAGGGCGCGACAGAGTGGAAGGCTGAGAGGCTGGAAGCTTTTCTTAACAATGCAAATGAGATAGAATGCAGGCCAGTATAGATGCTTGTGAGGATTTCTTAAGAGATTAAGGAACCCGTTAATAAATCAAAGTATATATTTTTTCTGAGAATTTGATCTTGGTTCAGATTGAACGCTGGCGGCGTGGATGAGGCATGCAAGTCGAACGGAGCAATTGTTTCGGCAATTGTTTAGTGGCGGAAGGGTTAGTAATGCATAGATAATTTGTCCTTAACTTGGGAATAACGGTTGGAAACGGCCGCTAATACCGAATGTGGCGATATTTGGGCATCCGAGTAACGTTAAAGAAGGGGATCTTAGGACCTTTCGGTTAAGGGAGAGTCTATGTGATATCAGCTAGTTGGTGGGGTAAAGGCCTACCAAGGCTATGACGTCTAGGCGGATTGAGAGATTGGCCGCCAACACTGGGACTGAGACACTGCCCAGACTCCTACGGGAGGCTGCAGTCGAGAATCTTTCGCAATGGACGGAAGTCTGACGAAGCGACGCCGCGTGTGTGATGAAGGCTCTAGGGTTGTAAAGCACTTTCGCTTGGGAATAAGAGAAGACGGTTAATACCCGCTGGATTTGAGCGTACCAGGTAAAGAAGCACCGGCTAACTCCGTGCCAGCAGCTGCGGTAATACGGAGGGTGCTAGCGTTAATCGGATTTATTGGGCGTAAAGGGCGTGTAGGCGGAAAGGTAAGTTAGTTGTCAAAGATCGGGGCTCAACCCCGAGTCGGCATCTAATACTATTTTTCTAGAGGATAGATGGAGAAAAGGGAATTTCACGTGTAGCGGTGAAATGCGTAGATATGTGGAAGAACACCAGTGGCGAAGGCGCTTTTCTAATTTATACCTGACGCTAAGGCGCGAAAGCAAGGGGAGCAAACAGGATTAGATACCCTGGTAGTCCTTGCCGTAAACGATGCATACTTGATGTGGATGGTCTCAACCCCATCCGTGTCGGAGCTAACGCGTTAAGTATGCCGCCTGAGGAGTACACTCGCAAGGGTGAAACTCAAAAGAATTGACGGGGGCCCGCACAAGCAGTGGAGCATGTGGTTTAATTCGATGCAACGCGAAGGACCTTACCTGGGTTTGACATGTATATGACCGCGGCAGAAATGTCGTTTTCCGCAAGGACATATACACAGGTGCTGCATGGCTGTCGTCAGCTCGTGCCGTGAGGTGTTGGGTTAAGTCCCGCAACGAGCGCAACCCTTATCGTTAGTTGCCAGCACTTAGGGTGGGAACTCTAACGAGACTGCCTGGGTTAACCAGGAGGAAGGCGAGGATGACGTCAAGTCAGCATGGCCCTTATGCCCAGGGCGACACACGTGCTACAATGGCCAGTACAGAAGGTAGCAAGATCGTGAGATGGAGCAAATCCTCAAAGCTGGCCCCAGTTCGGATTGTAGTCTGCAACTCGACTACATGAAGTCGGAATTGCTAGTAATGGCGTGTCAGCCATAACGCCGTGAATACGTTCCCGGGCCTTGTACACACCGCCCGTCACATCATGGGAGTTGGTTTTACCTTAAGTCGTTGACTCAACCCGCAAGGGAGAGAGGCGCCCAAGGTGAGGCTGATGACTAGGATGAAGTCGTAACAAGGTAGCCCTACCGGAAGGTGGGGCTGGATCACCTCCTTTTAAGGATAAGGAAGAAGCCTGAGAAGGTTTCTGACTAGGTTGGGCAAGCATTTATATGTAAGAGCAAGCATTCTATTTCATTTGTGTTGTTAAGAGTAGCGCGGTGAGGACGAGACATATAGTTTGTGATCAAGTATGTTATTGTAAAGAAATAATCATGGTAACAAGTATATTTCACGCATAATAATAGACGTTTAAGAGTATTTGTCTTTTAGGTGAAGTGCTTGCATGGATCTATAGAAATTACAGACCAAGTTAATAAGAGCTATTGGTGGATGCCTTGGCATTGACAGGCGAAGA
CP166121.1_gap32	912827	917657	4830	GTTGATGAAGCGCATGCTGTGGGATTATTTGGAGACGCTGGGAAGGGATTTTGTGCCTCGTTAGGGTATGAAAATTTTTATTCTGTACTCGTTACCTTCAGTAAAGCTTTGGGATCCGCGGGTGCAGCTTGGTTATCTTCTCGCGATAGGAAGCAGGATTTGATCAAAGAACCTATGGTAAGTCTTTCTACAGGAATACCTCCCTATTTGTTAGTATCTATACAAGTTGCATACGAATTTCTCTCACAAGAAGGAGAACTTGCGAGAACACGATTACGTCGTATTCGTGACTATTTTGCTCAAAAAATCTCTTGGGCAGCAGCTGGATTTGTGCAACCACTCTCTCTCCCTGGGATCTCTGAGCAGGAATTGTATCAAAAATTAGTTGCCACAGGCATTCGTGTTGGAGTCGCTTGTCCTCCTACAGGTAAAGTACTGCGAGCCAATTTACATGCTTTCAATACCGAACAAGAAGTAGATATTTTGGTTTCGTTGCTTGCCACGGAGCAAGTAACGTATCAGAAGAATGTCGTAACAGGATCTACATCAACAATGCAACGCACTTTAGAGGACAATTTTGCAGCGGCTAATGCCTCTTGAATCTGTTTATTCGCCACGAGGATGTTGCGAGTTTTGATTAGAAATTGATAGTGAAATAAGTCTTTTACTTTGAAATGTCCACAAGGAGATATTTCCATAAGAGAGGCTTGAGAATCCAAATTTTGTTTAATCAGTGTGTGTACACGCTGAGTTTCCTTTAAAGTATAATCCGAGCATTTTCCAAGAAAAATACAGCGGATTAGTCGTGTGAACGGAGGATAGTTACATACTTTTCTCCCTAAGATCTCTTCCTTGTAGAAAGCTGGGAAATCTTGTGCTAAGGCATGAGATATAGTCGAGTTTTGAGGAAGAAATGTTTGGATAAGAACTTCTCCTGGAAGGTGGCTGCGTCCTGAGCGTCCAGTGACTTGAGTAATCAGTTGAAAGACTTGTTCTGCTGCTCGAAAATCTGGGATATATAGACCAGAGTCTCCGCTTAAAACTACAGAAAGAGTCACGGCAGGAAAGTGCATACCTTTTGCAATCATTTGTGTGCCAATAAGAATATCGGCTTTCCCTGTGGCAAATTGTTTAACTAAAGCATCATGACTTCCGCGGAATCGTGTGGTGTCAGAATCTAGCCGTATGGTGCGGGCTGTTGGGAAGAATTCTCGGAGAAGAGTCTCAATTTTTTCTGTTCCAGCACCTCGGTATTGAAGTGTCATAGTGCCCAGGCATTGAGGGCATGAGGTAATGGGCTTTGAGAGGCGGGTGTTGCAAAGGTGACACAAGAGAATCCGCTCAGTTTTGTGAAATGTCAGAATCATGTCACAATGAGGACATTTCAAGGTGTACTTACATGATGAGCAGGATACATTAGTATGGAATCCGCGACGATTGAAGAAAATAATGGTCTGTTCTCCTACTTCCAAACGTTGCTCGATGCTCCGAATGACCGTTTGAGAGAAGAAAGGCTTTTTCCGAGTTTTTTCCATCTCCAAGTTCATGTCGATAAGAAAGACTTTAGTAGGAGTAGACGTAGAAGCTCTTTTTGAGAGAACGGAAAGCGTGTATTTCTTAGATAAGGCATTTGTGTAACTTTCTAAACTTGGAGTGGCGCTACCTAGGATGACTGTAGCATTGGTCATTTTCCCTCGCATGACAGCCACATCTCGAGCTTGATAAAAAGGAGGCAAATCGCTTTGTTTATAGGCGCTGTCGTGCTCTTCATCCACAATAATGAGTCCTAAGTTTTGTATAGGACAGAAAATGGCGGATCGAGGGCCTATAATGATGTTAATTAGGCCTCGAGACGCCTTGTGCCAGGTCTGTGTACGTTCACTGTCACTTAACTTGTAGTGTAAAACGCCCACTTCGGAACCAAAGTGCATTTTAAAAAAGGAAAGCGTTTGAATGGTTAAAGCTACCTCAGGGACAAGAAGAATCACGCTCTTCCCTAAAGCTCTAGCTTTGCGAATGACTTGCAGATACACTTCAGTTTTCCCGCTCCCTGTCACTCCGAATAGCAGACAGGTTTGAAATTGTTCCGCAACGAGCGATTGCGAGATGGTATTGACTGCATCTAGTTGTTCTTGATTGAGTGTGGGGGGATCTGGGAGGAAATAATGGAGTTGTTCGTCTTGGATTTCTAGATCTGCTGAGTCGACAATGCGAATGAATTTTTGTTTTACTAAGGCATCCAAAGTTTTTGCAGATACCTCTGTTTTTCTCATCAGCTCAGGGGGAGTGAGAGGCTTTGTCGTTTTGAGTAGTTTACGCAGAACAGCGATTTGCTGTGGGTTATCAAGTGTTTTGAGTATTTCTTGTGTACGCTCTGCATTTTGCCCTAAAAATACATTGTTCTGATGCTTAGTTGAGTGCGTTTGCGCGTATACCGTGGGTAGGAATAAGGATACGGCGCTTCCCAGAGGACAAAAGTAATATTGACTGATCCAAAAAATCAAATCGATAAGGTCTTGGGGAAGGGTAATGCCTTCATAACTGATATCTAAAATAGGCTGGATTACATGAACAAAATCAGAAGAACTTTTAATTTTGAGCACAATGGCAATTTTATATTTGTCATTTGTTAGTTTCCTTTGCAGGGGAACCTTAACAACAGATCCTACAGTTACTAGGTTTTCCAATTCAGCAGGAATGCCGTAGTCTAGGATTTTATTGATATTTGCATTGACTATGACTTCTGCATAGAGGCGGAAAGGCTGGTGAGTAGGGTCCATAAATCTCTTTTTAATGCTGAATCTTTTTCATATTGGGAAGAGGAATAAATGGGTATGCAGGTTACTTTATCGTGCAAAACAGGATCGTGATAGTTCACTTGCGAATTTTTATACCTGATTGTTGGTAAGGGCGCCAAACAAAAAGGATGAGGGGAATGACTAAAATCAGACAAAGTTTTTTGGTGAAAAAGAACGAGGCGAGTAGGAAAAATTTTCTGTGAAAGAATTTTAGCTAAGCGATTAAAGAAAAGAATCTCATGTTCCTGAGATTCATGGACAAAAATGCCACATGAGGCCCTTGCAGGTCGTTGAATATAACGTTTTAAAGCAGGATAATTTTCTTTCAGTAGTTCTTCATGAGAGAGTCCAGGGTAAATAGGAACACAGGCCCAGGAGTGTTTGGATTCTTTAGGATGGGAAGGTGGGGGAATAGAAGTTGTAACAGGGTCTTTGGGAGTTTCTACCAGAAGAGCTTGCGGTTCTAAGCCTGGGGGATTAAGAATAGGAGCCGTGGATGGAGATAAGTCCTCGGAAAAGGTAAGAGGTTCTTCTGGAAAATATAGTGGGACCAGTGTAGACGTGGCGGGGTAGGGCTTTTCTGTGTAGCGATTAAAAATTTCTTGAAAAACAGCAAGTGAATGCATGGCGTGTCAACAGGTGCACAGGTTGTAAAGAGAGACATTGTTCCGGAGGGATAAGGTTATCAGCCCAGACGAATTCATTGCAATCCACGCATCATTGTTATCATATTAAAGGCTAGATAAAGCAATTCCTTACAATTAAACAAAGAGAGAAAATTATGAGAAACTGGTTATTAGGGAGCTTGCTCATCGCATGTATGGCGGTCACAGCTCCTTGTTTTGCTGCAAAACGTCGTGCTGCGGGTTCGCAGAAGATCAATAGGGTTGCAGAGACCGGAATTCACTGGATGTCTTATCAAGATGCTTTGAATAAGGCAAAACAGGAAGGAAAGCATGTAGCCGTATTTTTCACAGGATCCGATTGGTGTATTTGGTGTATGAGAATGCAGGATCAGATTTTACAAACAGCTGCATTTTCCGAGTTTGCTAAACAATATTTGTGTATGGTGGAGATAGATTTCCCTCACAACAAAGAACAAACTGCAGAACAAAAAGAGCAGAATCGTCATTTGAAAAGTTTATATTCTGTAGACGGATTCCCTACCCTAGTTTTACTCGATTCCGAAGGTAAAGAAGTCGCAAAAATGGGATTTGAGCCTGGAGGCGGAGAGGCATATGTTTATAGATTAAAGAAAGCATTACATATCTCCTGAGTACGCGCGTAATTCTCTTTTTTAATAAGAGAAAAACGTGTTCCCACTCTCGGATTTCCAAGAAAGAGAAAACGACCCAGTTTTCTCTTTCTATTTTGGAGAAAGCAAGCTGCATATCCTCTCTCTTCAAAATTTCTCAAGTTTGATGTAGCATGATGAGTCTGCTTGAGACTTTAGTGATTGTCGTAAGAAGAAAAATATTGCTACTATTTTTGAGCCAAAGGACGGTTGATGTCTGTAGAAGTTGAATACTTGCAACACGAAGATTATTTGTATAGAACAAGCAAGCTAAAGGAAATCAGAGATTTGGGCATAAATCCTTACCCTTATCAATACACTGATTGTCTTGAAGTACAGGAAATTCGTAATCAGTTTGTAGATAACGAATTAGGAGATAGCGAAGCGGCTTTTCGTAAAGAGACACCTAAGGTGCGTTTTGCCGGACGACTTGTTCTTTTCCGTTCTATGGGGAAAAATGCTTTTGGGCAGATCCTCGATAATGATGCAAAGATTCAAGTGATGTTCAATCGAAATTTTTCTGCAGTGGCAGGGTTAGCCGCGGATGCTGGGATTTCTCCGATTAAATTTATTGAGAAGAAACTTGATCTAGGAGACATCTTGGGTCTCGAAGGGTATCTTTTCTTTACTCACTCAGGAGAATTAACGGTTCTCGTTGAAACGGTAACGTTGTTATGTAAATCCTTAATTTCTTTGCCTGATAAGCATGCAGGATTAGCAGATAAAGAAATTCGCTAT
CP166121.1_gap33	927783	931829	4046	CGGACACTTTTAAAGGAAGTTCTTGGATAAGCTCTGTCGATAACGTTTTTATGAGAGAGCATAGAGGGGGAGCAATCAAAAACTTATTCTCTAAAAATTCGGGTAGAGCACAGTTTTGCAAATTGTCTGCAATGTGTGTACAAGAGAGCAGCGAGTCTCGAAGCGTTCCAATATCTTTCGGAGTAGCCAGACTAGTTGAGATTTTAGTAGATAGACGTTCTAAGTCTCGTACACAGGACAACTGACGTTTTAAGATTTTTCGAAGATCTGCTTGCTGTAAGAAAAATTCTACACTGTCCTGTCTAAGAGTGATTTCTTTTAAATCATAGAAAGGATTGATTAAGGTATTTCTTAATAAACGACCTCCCATTGGGGTGGAGGTTCGTTCCATAACTTGAAGCAAAGATCCTTTTCCATGCTCACCATGAATAGGAGACAGTAGTTCTAGATTTGTTTGGGAAGCTTTATCAATAAGTAAATGTTTCTGTTGTCCATAAATTTTTGGAATAGAGAGATGGGAAATAGGAAGAAGAAGTGTGTCCTGAATATAAGACAGTAATGCTCCGGCCGCATTAATAGCAGGGACTAGTCCTTGCAATCCAAAACCATCTAAAGAGGAAACTTGAAAACACGTATATAATTTCTTTGTTGCAGACTGATACTCGAAAGCCCAAGAAACGTATTCGGATAGTGTGATACGTAAATGCTGTTGGAGTTGTTTAATAACAGCTTCATTTTTTTGATAAAATTTTGCGTGGCTCAATAACTCTGTAGGAGCCAGCCGACAGATCGCCTCAATAAGGTCCTTGGTATTATCGTATTCAGCAACAAGGAAAGTTCCTATCGACAAGTCTAAACAGGAGAGACCATAGAGAGACCCTACTTGATTGATTGCAAGGACATAGTTATTTGCTTTTTCTGGGAGCAAAGAAGAGGATAAGAGTGCTCCAGGGGTTATCAATCGGTTGATTGTCCGAGGAACGAGGCCTTTGCTCCCTTCAGTATTATCGGCCTGCTCAGCAATGGCTACCTTAAAACCGCGGCTTACTAAACGGTCCACATATCCATCCAGACAAGTTGCTGGGATGCCGCTCATCGGCACATTCTGTCTCTGTGTTAAAGTAATATCTAGATTTTGAGCTAGGATCAAAGCATCGTCAAAAAATGCTTCATAAAACTCTCCAAGGCGAAATAACAATAGACAATCACCAGCTTGCTCTTTGCACTGATGCCATTGCTGCATCATTGGGGTTAGTTTGTGTGTCATAGCTTTATCTAGTATTGCGTGATCGAAAAAATTTTTTATTCGTAGTAGGGGAACAGGCTCTTATGTATCAGAAAACCTTCGAAACGCGAGTGTACAACGGTGTTGAATTTTTGGGGAATACAAGACTTTGGGAAGCAAAATTCTTAAGAGAAAAAAGAATCCATCAGGGAGAAAGAAGCACACATTCCCAAGAAAATTATAGTGCGTTACCATGGCGGATCCTTTATCACCGAAGAGCGGGCATCGCGTGTAAAAAAAATATTGTACGATGCTTATATTCACGAATAGTGGATCATAAGAGAAGAGCAACAAGAGGATTGGAGCTAGGCTAGTATGTATTACACAGAAGAAAGCTTAGAGACTCTAAAACATAGTATTGATATTGTTAGCATTTTGGGGGAATACGTACATTTAAAGCGCAGCGGTGCAGATTACAAGGCTTGCTGTCCTTTTCATGATGAGAAAACACCGTCATTTATCGTGTACCCAACTAGAGGCCACTACCATTGTTATGGATGTGGAGAGCATGGCGATGCCATTAATTTTCTTATGAAACAGCAGGGATATTCTTTCTCTGAAGCGGTACTTTTCTTAGCGAAAAAGTTTCATGTTGATCTTGTTGTCAGAACTAAAGAGACCTCAGGGCAAGATTCTAAAGATAGTCTTCGGCGTATTAACAGAGAAGCTGAAAGGTTTTTTCAATACTGTTTATTACATTTGCCGGAAGGAGAAGAGGCTTTAGCCTATTTATATAAGCGAGGGTTTTCTCCCGATACGATAGATCGTTTTCAGATTGGTTATGCTCCTGAGCAAAGATTATTTATTCAAGCGATGGAAGAGCGCAATATTTCTGTGAAGCAGCTAGAGTGGGCTGGGTATCTCGCTAAAGACTGGTTTTTGTTTGCTCAGAGAATCATGTTCCCGATTCAAGATGCTTTAGGCTATACCATTGGATTTTCTTCTCGGAGGTTCAAAGAAGGTGGGCGTGGTGGAAAATATATTAATTCCCCGGAGACCATTTTATTTAAAAAATCTCGGGTATTATACGGGTTACAATTTTCTCGTAAGCGCATCGCTAAAGAGCGGAGAGTGATTTTAGTTGAAGGTCAGGCAGATTGTTTGCAAATGATTGATTTTGGCTTCAACTGTACTTTGGCTGCTCAAGGGACTTCTTTCACAGAGACTCATGTGCATGAGTTAGTTAAATTAGGAGTATCAAAAGCTTATTTATTATTTGATGGGGATGCTGCTGGAGAAAAAGCATCGTTACGTGTTGGGGATCTTTGTCAGGCTGCAGGGATTACTGCTATAGTCTGTCGGCTTCCTTCTGGGCAAGATCCGGATTCTTTTTTAATGCAACGAGGGCCTGAAGAGTTACGAGAGCTTCTCGATAGAGGAGAGGATTATCTTTCCTTTCTAGTTTGGCACAAGATTCATTCTTATGAACAGTTTACTCCAAGAGAAAAAGCTCGAGTAATCGAAGAGGTAATTCAACAGGTGCGTTGTTGGGGAAGTCCTATTACCATTCATGAGTACTTGAGGCAGTTGGCTTCTTTGGTCAAGGTTCCAGAACCTGCTGTTTTGAGCTATCTTTCTTCCATTACGTCTGCTACTGAAGACAAAGGGAAAAAGGTCTCCGCAAAAGAACCTTCCTCAGAGTCTGAGCAAACTTCTACAGAAGGAAAAATTTCAAAAAAAATTTCTCCGAGGATGATTTTAGAAGCTGACGTGATACGGTGTTTGTTATTTGCTAAGCCCGAAGATGAGTTTGTCCCCGCAACGGTAAAGCAGTATCTTTCTCCGGAAGAGTTTCATTGTGCAGAATATCGAGCTATATTTGTTATGGCTATGAATCACTACAATGATCGGCAAACACTGCCCTCTACGGACGAGATGATGTCTTTAGTTGTTGGTACTGAAGCAATGACTCTTCTTGTTGCCAGACGGATGAATACCGAACTTATGAGAGACATTGTTGTTCAATCGATTCAGAAATTATTGGACAAACATTGGCGAGACAGAAAGCGTAAGCTATGTCATCAGACGGGTAAAGGTTTAGATTCTTTACAAGAGTATGTTCGTCTTTCCGGAGAGAGAGTTAAGGTTTCTTTAGTTTCTTAATTATAAGAATCTTAATCAAGTTTTAACAATATTGCTTATTAGTTTCTTTTGTTATAGAATATTGGCTCGTTAGTTCTCAATTTATTGGGTTTTATGAGAAGTCTTCACTTTTTATTAACAGCATTTACTTTCTCCTTGTTTTGTGGAGCAGCTTTGACCGCTTCATCTCCTAAGACATTGAGTTTTTTTGCTGCGGAAGCTGCTGGAGTGGGCGCTGCACGTCCTTCCTCTGTTGCTTCCCTACTAGATTCTGCCCATGAAGTTGCTAAAAGTGCTGGGGTTGGGTACGGCTCTGCCCATATTCTAAATGAACTACAAAATTTACAGAGCCAGGAATTAGAAGGGTTACTCGCTTCTCAAGAAAATATTTAGTTGAGTTTCAAGAGTCTATAGACTGGGAATTTCTTCCCGGTTTTTTTTAATTTAAGCAGCTATTTTTGTTACATTGTGATAGCCTTGATCGCAAAATTCTTATTTTAGTAGAAGAGGAGTTCTCTCATGAGATTCTTGTTAGCTTTATTCTCACTGATACTAGTTCTTCCTGCGACTGAGGCATTCTCAACAGAGGATAAGCAGTGTCAACAAGAAGCAGAGGAAGACTGTAGTCAGGTAGCGGACACCTGCGTATTTTATAGCTATGCAGAGGGTTTAGAACACG
CP166121.1_gap34	1019905	1020765	860	CCTTTACCAGTAACGCGAATAAAATCATCACTGATGTCCCCGATACAAAGATCACATAGTTCGGATACACGAATTCCTGTTGCATAGAATGTATACAGAATAGCGGCGTCTCTGCTTGCTATATGAGTGTCTAAATTAGGGATATTCAAAGGTTGATCTAATAAAGAATTCACTTCTTCTGTGGAAAGGATAGAAGGGAGTCTCTTCCAGATTTTCGGATGTTCTATAAAGGGCTGTTGATCGAGCATTTTCGCATCTTTTAGGAAATGGAAAAAGACTTTTAGGGCGATCAGTCTGCGAGCTAAAGTCGTTTCAGATTCTTTAGCTTTATGGCATTTTTCTACAAATAGGAAGACACTCTCTTGGTTGATTCTATCGGTAGCCTCAATAGAGGCGCGTTGTAAAAATAAGAGAACATCTTGGCAATAAGCTTGTACGGAAAGAGGGGAGATCCCGCGATCCACGGAGAGAAAGATCGTAAATTGTTCTATCAGTCGTTTGTGAAAGAGGGCAGAGGGAGTCATTTTGTTTATTAGGAATATTTGCAAGATAAAAGCACGAGCAATTTTTTATAGGGATAAACATTTTTAGAATAGAAGAAAGCGTATTTCCTCCTGACAAAATAAGATTTCTTTTAATTACGAGTGTAGGAGGTCGCTATGTTGATAATAACGTTTCTAAAAGGTACCATGGAATAGCTCTCCATCCTACTGAAAGAAAGATGATTAAATATAAGGTCTGGAGAGGATAGTACAAAGACGCTGGGAGTTTTATGATCAAGATAGCACAAAGTTTCAAACCTTACATAATGGAACCCGGAGCTAAAATCCTTATTCCCGGTTCGACTTTGTATGCGCAAG
CP166121.1_gap35	1023877	1025102	1225	TTTTCTGTAACGCTACAGTAAGATTTGTTCTCTAATCCGTAGTTGGCCAGCTCAAAGATGAGTATCTAGACATAGCTTGTTCCGTTGTAGAGATAAAATCAGCGAGTAGAGCTCTTCTCTCAGATGGGTTTGTAGGTACTTTCTCTTCAAGATCAAAGTCAGGATTTTCTAGGTACCACGCCAAGAATTGACAGCACCAAGCTCCACAGGTGAATTCTCCAGGAGATTGGACTTTTACTGTCGATCCGATGCGTACCTGGAAAGGAGAAAGTAATTCTTCTTGATCGGAGTCTGCTCCACCTTCTTTGGGATAGATAGCTCCAAGGGAGACGGCAAGTCCTTCTAATTGTTCCCGCATTTGTTGTGGAGAGGCTACATAGTTGTGCAAACTGTCGAAGAATGTGACACATCGATACTCGATATCTACGATAACCAGTACCCAGTGACTATTTCCTACTCGGCCAGAGCTCATAGTCTGATCCATTTTCGTAAGCATAGCTTCTTGCGTATCAGCAGAAGGATCATGCCACATAACGAATGGGAATACACTAGAGGTGCACAGAAGTCGTCGATAGTTTTCTGGTGTGCAAGTCGGAGGACAGAAAAGCTCGCACATGTCGGTTTCGTTGACGTTGACGGATTGTTTCGTCATGAGGCAGTTACAAATACATTCTAAGAAATTGAATTTGGTAAGCGGATTACAGATGTCTATAGGGAGAACCCGCCTGTGTTTGTTCTGCATTAAGCACGAGAATTGGAACAAATGTTCGTTATCCCAGATAGGAAGAGGAGGACCGGTTAAGACCTTATCTAGTTGTTGTAAAAGCTTAGTTGTTTGCTGTGGTCCCTCTTGTGCTGAGTAATCCGCATCTAAAAGGTCACGGAATGTATATGCGCAGAGAATAAGTCCGCAAGAGATCACTATGAGGAATAGCGCTATGATGATTCTAGTAACTTTAGTATCGCAAGAAGCATCTTTGAAAGATGTATAGGTAGTTGAAGGTCTAGAATACGAACATGTTTGTGGGGGAGGATTATGAATTGGTTCCATAATAAATTGTTCATTTATTAAACGGACAAATAATTATATCTGAAAATGGGGTTTTCCAGTTAAAATTAATCAAAAACAAACGTTTTATAAAAATTTTTATTAATTTCAAAAAACAATATCCCTGCTGCTTATAAAAAGAGCAGATGAAAAATAGTAAGAAATAAGAGCGGCTAT
CP166121.1_gap36	1042245	1042745	500	AAAGGAAGCGAAAATTTTGAATGGAAAGATCTCCTTTTTCTTTAAAAAGAGCCTCTTTGGGGTCCGTGATATGGAGTTTAGATACGAACCAACAGTAGGAATTTCCAAGTACATACAAAGGATCATCTTGTGATGCATGAGCACAAAGAGCAGGAAAGAGGCTCTCCATGGTACAGTCCTCAAAAAATGTACAGACGACATGATTAGGATTTTTAGTGAGGAGGGCGGTTTCACCTAAGGGATCCTGGCCAAAGAGGACCGCTGTGGATGACAAAATAGCAGCACATAGACAACAGAAGTTCATATGATCAGGTCGCATGGGATTCCCCCTAAGAGTCTAAAAGAAGAGGTTATGTCAAAAAAAAGTAATAATTTACAGACTTTTTCCTCAAGGGCTCTGTTTCATGTCTTTCAAGATGAAGAGTTAAGGAAGATTTTTGGATTGTGAAATTAGAAAAATCAGAATTATCAAATTAGATAGTTTTTAAAAAATTAAATAA
