gap_id	start	end	length	sequence
CP169960.1_gap1	49769	51756	1987	TACTAATAAATTTAAAAACCCTAATAACACCAAGCAAATAATAACATAATATCAAAATAATAATGTTAACTATGCCTATAACGCTTAATAAGTAAAAATTATTAAAACTAAATCCTATATCCCACTTCAAATTTTTTAAAAAAAAATAAAATAAATATAAAGGAATAATCGAAATAAATGACTTAATAAAAACTATTATGCTTTTATTAAGTTCAAGATTCATGTCATGCCTCAACCCAATAAAATAAAAAATAATAATGCATATAATAAAAGAAACTGATTGCGCAATAGGCAAAACATTTACCGTTTGATAATACTTAATACCAAAAACTGAAATAATAATATCAATAATAGAAAAAAGAATATTAAAATATAATGGTATTTTGGAATTACGTATTGCAAAATAATATTTTTGAAATAATCCAAAAATTGAAGAAAATAATAATCCTAATAAAAAATATTGCAGCACACCAACGGTCCTTTGAGTATCATATACAGAAAATTTACCACCTGTAAGTAATAAATTCAAAATAGGAGCAGCCCAAACATACATTAAAAAAGACATTGGAACTAAAAGAAAAATTAACATATTAATTCCCTGATTAAAAATTGCATTCAAACGTTCTTTATCACCCAAAGAAGCATATTCAGACATCTTAGGAAAAATAACCGTAGCAATCGAGACATAAAAAATCCCCACAGGAAGCTGATAATAAACAATTGCATTACTTAAAACAGAAACACTTCCAATATCCAAGGTTGATGCTAGAGCAAATGAAACTTGTTGAGTAATAATTGCAAATAAGGCTGATAAAATCATATGCGACCATCTCTTTAAAAACATTAAAAATGAAGAATCATTAAAATTCAATATTGGTCTATATATAAGACCAATACAAATACAATTTATCATCTGAATTAGAAACTGTAAAATCCCACCAACAATAACCCCAATAACAGCACTATATATACCATATTGGCTATAAAAAAAATATATGCTTAATATAATGCTACAAGAAAGCATAACAGGAGAAAAAGACGGTATAAAAAAAACTTTATAAGAATTTAAAACCGATGCAAATATAGATGACAAACTTATTAGCAATATATAGAGTATTAAATAATTAAATATATAACTGGCTAAATCCAAATTACTATCTCTGTAAGAAGATACTAAATACATAATTTGCTTAGAAAAAAAAACCATAACACAAATAATAAAACTAATAATTATAATATTAAAAGTGATAACCCGCCTAAAAAAAACAATAGCATGCCTATCAGATTTCTGTTTTTCATGAGTAAATTCAGGCATAAAAGCTGAAGTCATAGCACCCTCAGATATGATCTTTCTCAAATTATTGGGAATATTAAAAACATAATTAAAAATATCTGCTTCAATATTTGCACCAAAATAATAAGAAAACACTTTTATCTTAATAAAACCCATTACACGAGAAAAAAAAATTGCAATCATAACAACAACTGTTGAAATAACATCTCTACTCATTCAAATTACCTTCATCATACTTATCCAAATAAAGCTTTCTAAATTTTACAAAATTATCATTCATAATTGCATTTTTAGTCTTGTTAATTAGTCTAAACATATAATGAATGTTGTGCTCACTAGCTAACATAACTCCAAGTGCTTCTTCTGATTTAAATAAATGCCTTAAATATCCCCTTGAATATCTCGTACATAACGTACAAGAACATTCTCTTTCAACAGAACAAGTATCAAAACAAAATTCAGCTCGATTAATACGAAGTATTCCATTATCAGTCAAAAGTGAACCATGTCTAGCAATTCTTGTAGGATTAACACAATCAAAAATATCAATCCCATTATATATTGCATCTAATATATAATGAGGAGTACCAATACCCATTACGTACTTTGGTTTATCTTTAGGTATTAGTGAAGAATTATATTCAAGAATTTCTAAATATCTATCTCTTGGTTCCCCAACAGATATCCCACCAA
CP169960.1_gap2	59723	62525	2802	ATTTATCAAGAATACCTGTATGTCCAATGCGACTTGTAGAGAAATATTTTTTTATAGGATAAAGAGCCTCATAAGAGGTCATTCCAACTAGCTTATTTAATAAAATAATCCCATCCATTAATTTTTACTATTCTTCACTAAAATTTAGATTTTCAATTATTTTATTAACATAAAAAGCCTTAGAAATAGTATCATCTCTTATAAAATTCAATTTAGGAGTATTTCTCACCTTAATACGCTTAACAAGTTTTCTTTGAATAAAACCTTTAGCATTATTCAATGCTTTAATAGCGTTATCAAGAGATACACCTTCTTTAATAGACCCAACAAATACTTTTGTATTAATTAAATCATTTGCAATCTCAACCCTTACAACAGTCAAAAATTCATGCACTCTAGGATCTTTAATTGATCTTGTTACTATCAAATTACCAATCTCTTGAACTAATAAACTCTCAAGTTTTGATTTTCTTATTGCTTTTTCCATACATAAACACAAACAATTATTAAGACTCAAAACGTCTCTTCACTTTCTTAACTTCAAATGCCTCAATGACATCACCTTCTTTAATATTAGAATAATTATCAATCATAATACCACATTCATATTGAGCACCAACTTCCTTAACATCCTCTTTAAATCTCCTTAATGAGAAAATTTTACCAGAATGTATTTGATATCCATCCCTCATGATATTAGTTACAGCATCACGCTTTATGCATCCTTGTGACACATAACATCCAGCCACTACCCCAACCTTAGGAATATTAATAACAGCACGAACTTCAGCAAATCCAATAAACTGCTGTTCAATATCTGGTTCTAACATACCTTCAAGAACTGATTTAATATCATTAATTGCATCATAAATTATATTATACTTTTTAATTTCAACTTTTTCTTGATCAGCCAAAAATTGTGCTTTTGCTGTAGGCCGCACATGAAAACCAATAATAACTGCCTCACTCGCTGCTGCAAAACTAATATCGGTCTCTGTTATTGCACCTACCGAAGAATGAATAACTTTTACTCTAATTTCATTATTAGTCAATTTTTCAAGAGAATGCTTTAAAGCTTCAACAGAACCTTGCACATCTGCTTTTAAAATTATCTTAAGTTCTCTTAATTCCCCATCCTTAATTGAATCATAAAGATTTGACACGGTAACTTTTTTAACATTTTTAGCATCTTCATATTTCTTAAGATCTTGCCTTTTAGAACTAATTAATTTGGCTTCTTTTTCTGTTTTTGTAACTTGAAATGGATCACCGGCTTGTGGAATTGATGAAAAACCTAAAACACTAATTGCTTTTGCAGGACCAATACTCTTAACAGATACTCCTCGTTCATTAATCAATGCCCTAACTTTACCATGATATACTCCTCCAACAAAAGAATCTCCTATAGAAAGAGTTCCATCCTCAATTATAACAGAGCAAACCACTCCTCTACCCATATCAATCTTAGCATCAAGAACTCTCCCAACAGCCCTCTTGGTTGGATTTGCTTTTAATGACATTACTTCGGCTTGCAAAATAATCATATCAAGAAGTTCTGTAATACCAATATTTTTAAGAGCTGATATTGCAACAAAAATTGTATTCCCACCCCAATCTTCAGGTATCAAATCATACTCTGAAAGTTGATGCTTAACCTTATCTAGATTTGAATCTGGTAAATCAATTTTATTAACCGCAACTATGATAGGCACATTTGCATCCTTTGCATGATTAATAGCCTCAACAGTCTGTGGCATTACTCCATCAACAGCAGAGACAACAAGAACAACAATATCAGTAACCTGTGCTCCCCTGCTTCTCATCATTGTAAAAGCCTCATGTCCTGGAGTATCTAGAAACGTTATTTCATGTTCATTATAATTAATAGTATAAGCCCCAATATGTTGAGTAATCCCACCAAATTCAGTTTGATTGATATCAATATTCTGCAACACTGATAAAAGTCTAGTCTTTCCATGATCAACATGTCCCATTATTGTAATGACAGGTGGTTTTGTAACTTCTTTACTCCCATCGCCTTCCTCTGCCTCTATCACTGTTTCATCATAAATTGAAACAACATTAACTCTTGAACCATATTCTTCAACTAAAATAGTAGCAGTATCAGAATCAATCTTTTCATTAATAGTAGCCATTACACCTAAGGTCATTAATTTAGCAATTAAATCTGAAGATTTTAAATTCATTTTTCTTGCAAGTTCAGCAACAGTAATACTACCCATAATATCAATTGATTTAGGAATTGAATTTGCCAAATTTTCTTTCTTCTTTTTCTGAAGTTGTTCAAAGACTTTTTGTTCTATTGTTTTGCTCTCAATTTCCTCTTTCTTCCTTTTATAAACTTTTTGGCTTTCCTGTTGTTGCTTCTTTTTTTCGCCAAGTTTTCTATTAAGAAGACCCTTATTATCAGAATCAGAAGGAGGTGATATAGTTGCACTAGAGACAACCTTAGTCCTAATTACTCTTCTAAATGACTGGGAACTATTATTACTACTATTACTATTATCCCTACTATTATGAGTATAGTTTCTATTAGAATATACCCTATTACCTTGTTGCACCACCCCAGAATTATCTTTATTATCCGTAGTACGAAAAGAAGAAGATTTTATACCTCCCCCTCTAGAATAAGAATGTTCTCTATTATCTCTATTATAAGTAGAGCTTCTATTAGAATACCTTCTATTACCTTGTTGCACCACCCCAGAATTATCTTTATTATCCGTAGTACGAAAAGAAGAAGATTTTATACCTCCCCCTCTAGAATAAGAATACCCTCTA
CP169960.1_gap3	65672	66404	732	TCGACTAGTCAAACTCTTAAGAATAATATTAGCTCTTTTTACAACCTCTAAAGGTATGCCAGCTATTTGAGCAACATAAATTCCATAAGAATTAAGAGACGGTTTCTCTTCAACTTCTCTTAAGAAAATAAGTTCATCCCCTTGTTGCTCTATTTTCATTGAAAGATTCACAAAAGAATCATGATTAATAGCTGATAGTTCATGAAAATGAGTTGCAAATAAACTCCTAGCCTTAATATGCTTTAAAATATATTCAACAATCGAATATGCAATAGCAAGTCCATCATTAGTACTAGTACCTCTACCAACTTCATCCATAATAATCAAACTATTTTGAGTTGCATTTCTTAAAATATTAGCCGTCTCATTCATTTCTACTAAAAACGTAGATTCACCTTTAGAAATATTATCACTTGCACCTATTCTACAAAAAATCTTATCTGTAATCCCTATTATCGCCTTACTAGCAGGCACAAAAGAACCAATATGACTCATTAAAACAATTAACGCAGTTTGACGCAAATAAGTTGATTTTCCTGCCATATTAGGTCCCGTAATCAAACAAAAATATTTCTCACTATTAATTTTGACAGAATTTTTAGTAAAAGCTTCAATTCCTCTCATATAATGCTCAACAACAGGATGTCTAGCACACTCAAGAATAATTTCTTTATTATTTGTCAAAATAGGTCTTACATATTCATTTTTTCTAGCCAAATATGCAAAATTTGC
CP169960.1_gap4	126530	130782	4252	TGCTAGGCTCAATTGTTCCACCCAAAACTTTCAAAAACGTGCTCTTACCTGCACCATTAGCTCCTATTATTCCATAACAATTTCCAGAAGAAAACTTAATATTTACATCTTGAAATAGAATTCTCTCTCCAAATGTAACTTCTAAATTATTTACTCTTATCAAACTATTTTTCCACCTAAACTTGACATTTTATTAAAAGAATTATCTTTAAAATAAAGCTAATTTTCAAGTGCCATTAAAAGATATTGACTTAACGCTTCACTTTTTCGTATATTTATATTATCAAATTAAGGAGATGTTTGAAAATGAAAAATATTAAACCTTTAGCTGATAGAGTTTTAATAAAAATAAAAGAAGCCGAAAGTAAAACAACTTCAGGATTATATATACCAGAAAATGCAAAAGAGAAAACACATATTGGAACAGTTATGGCTATTGGCTCCAACAAAGAAGAAATTAATGTTAAAGTCGGAGACACAGTGCTTTATGAAAAATATGCTGGGGCTGCTGTAAAGATTGAAGATAAAGAACATCTAATTCTAAAAGCAAAAGAAATAATAGCTATTATAGAAGAATAAGAAAAAAGAGAAGCTAAATCGTAATTTAGTTTCTCTTTAAAAGAAAAAATTTTTAAATTTAGTAGCTACATCCTATTATCCTAGTCAAACAAAATTCAGGGTCAATATATATATAACATTACTGTTATTATCTTTAAGAGTGATGGATTTTTTAATTTATTCTCTCCTAGAGAGATTAAATTATTATCTTATAATTTATTCATAAAAATGACACACAAATTAATATTCAAAGGTAAAACAATATATTCAAGTAAATTTAAAGACATTTATTACGATCCTCAATATGGACTTGAAGAGAGCAATTACGTATTTATTAAAGGATGTCAACTAGAAAAAGAACTTACAACCACCAAAAACATAAAAATTGCAGAATTAGAATTTGGAACAGGGCTAAATTTAATAGCTCTCTTAAAATATTTAACAGAAAACAATATTAAAACAAAAATCAACTATTACTCAATTGAAAAATTTCCATTAAAAAAAGAACAAATAAAAAAATATCACAATTTTTTAATAACGATATACAATATTTCAAGATAATGCTTAAAAAATATCCAAAAATACCAATAAAAAATATCAAATACAAAATATCAAGTAATATTAATTTAAAAATCCTCATTGGTGATGCTAAAGACAAACTTAAAGAATTACCAAAATACATAGATTACTGGTTTTTAGATGGATTTACTCCAAGCAAAAATATTAGAATGTGGAACAAAGAAATATTTACAATAATCTCACAAAAAAGTAAAACTGGAACAAAACTCTCAACATTTTCTTCAGCAAGAATTGTGAAAGACGGATTAAAACTTGCCAATTTTAATTATCTTAAAATAAAAGAATTTAACAACAAAAGACATATGCTAGTAGCACAAAAAGAATAATACAAACAAAATCTAATTAGTAACTAGATTTCTTTAAATTAGAAATATAATTACTAATTCTAACAATAAAAGAATCAAATTCTTCTAATTTTAACTTCTCAAAATTAATAATTTCATCAGGAGCATTTGATAAAAAATTTTGATTCCCAAGCTTTTGAAGAGTTACATTTTTAAGTTTTTCATATTTTTCTAATTGTTTACTAAGTTTTGTAAGTTCTTTATCAGTATCTATGAGATCTTTAATATCTGCAAAACTTTCAAAATTAACATTAGGAACTCCTATCATATTTTCATAATTTTCATTGTAAAAAATATAATCAAAATTAATAAGTTTTTTTGCAATATATTCATTTCTTCTAAAATACTTTTCAGACTGAAAAGTATTACCAAATTTCAAAGCAACATTAATCTTAATATTAGGAACTATATTAAATTCACTTCTAAGAGTCCTAATTGAAATAATAAAGTCTTTAAATAAATTAAATTGTTGACATGCTTCTCCAAAATCCCTTTGCATTGTAACTTCAGGATACTTTTTTAAAGCCAATATATATTCTAACGACATAACCTTAGAATAAATTTCTTCGGTAATAAAAGGAATAAAGGGATGCATAATAAGCAAAGATTCTTTTAGGAAAAAAATTAATTTGGAAATGGTTATATTCTGTAAATCAAAATCATCACTACATAAATTAATCTTACTAATTTCAATATACCAATCACAAAAATCATTCCAAAAAAATTCATATACCGCTTTTGTAGCCTCATTATACTTATAATTTTCAAATGACCAATCTATAACAGCAACAGTTGCATTTAACCTTGTAATCAACCACTTATCAATGTCATCAAATTCTAAACTATCTAATACTAGTCTACCCTTCAAATTTGATAAAATAAACTTAGATGCATTAAATACTTTATTTGCAAATTTAGCTCCAAACATAAAATCTTTAGTGTCAATATTTAAATCCTGTCCTTGTACGGACAAAAATGAAAGAGTAAATCGCAATGCATCACTTCCATACTGCTCTATAATCTTTAGAGGATCGATGCCATTACCTAAAGATTTTGACATCTTTTGTCCCTTTTTATCTCTTAAAAGAGGAGTTATATATATATCTCTAAATGGAACTTCTCCCATAAACTCAAGTCCTGCCATTACCATCCTTGCTACCCAAAAAAATATTATGTCATAAGCAGTAACTAAAGTAGTTGTAGGATAATAATTTTTAAGATCAAAAGTTACATCCGGCCATCCAAGAGAAGAAAATGGCCACAACCAAGAAGAAAACCAAGTATCAAGTACATCTGAATCTCTAACAAAACTTCTTCCACTATAATTTTTACTCAATGAAGGATCAAATTCACTAACAACAATCTCTCCTGTCTGAACATCATACCAAGCAGGAATTCTATGTCCCCAAACCAACTGCCTAGATATACACCAATCTTTAATATTTGATAACCAATGCTTATATGTATTTTCCCATTTCCTAGGATAAAACCTAATCTTACCATCAATTAATGCTTGTAAAGCAGCATCGGCTAACGGTTTCATCTTTACAAACCACTGATTTGATAAATAAGGTTCAATGACTTCTCCAGATCTATGACAATGCCCCACCTGATGCTTATGATTTTTCACATCTATTAAAAATTCTTTATCTCTTAAATCTTTCTCTATTTTACTTCTTCCAGCATTAACACTTAAACCTTGGTACTCAATTGGAACATTTTCATTAAGCTTTGCATTCTTATTCAAAATATTTATCTTGGCAAGATTATGCCTTTTTGCAATCTCAAAATCATTAGGATCATGAGCAGGTGTTATTTTTAAAGCTCCACTACCAAATTCCATATCAACATAATCATCAGCTATTATCTTAATTTTTCTATTTGCAATAGGAATTATAACCTCTCTTCCAATTAAAGATTTATATCTCTCATCATTGGGATTAACAGCAATAGCTACATCCCCAAACATTGTCTCAGGTCTAGTAGTTGCAACCTCAATAAAACCACCATCACACAATAAATATTTAACAAAATAAATCTTACCCAAAATTTCCTTATATTCAACTTCTTCATCACTAACAACACTTCCAGAACCAGGATCAAGATTTACAAGATATTCTCCCTTATAAATCAGCCCCTTATTATATAAATCAATAAAAACTTTATTAACAGCCCTTGAAAGTCCATCATCAAGAGTAAACCTCTCACGTAAATGATCATAAGAAGCTCCAAGCTTTTCTACCTGATTAACAATTATTTTTCTATGCTTATTTTTTAATTCAAGAATTCCTTCAATAAATTCTTCACGACTAAAATCATCTTTACTTTTGCCAAGTTCTCTAAGTTGTTTTTCAAAAACTGTCTGAGTTGCAATTCCAGCATGATCTGTCCCAAAAAGCCAAAGAGTATTAAATCCCTTCATCCTTTTATAACGAACAAGAATATCTTGCAAAGTAAAATTAAGAGCATGTCCCATATGAAGAATACCTGTCACATTTGGAGGAGGTGCTACCATGCTAAATTTTAATTCGATCTTATCATCAGGACTAAAGACACCATTATCCAACCATCTCTTATAAATTTTATCCTCAAAAACCTTAGGATCATAACTGCTTGAAAGTTCTTCGCTCATTATTTAAGCTTATCTCCTATAACATTAATTCGACTTAGATTTTCAAAAAGTTCATCATAATTATTTGAACTCATAATATTATAAAAATATTCACTACATATCTCATTTTCATTAAAATAAATTTTGAAATACTTCTTAA
CP169960.1_gap5	299229	304026	4797	AAATTCAAAATAATAAAATTCAATGCATCAAAAAACCACTACTGGTAAAACTTAGAAAAAAATATAACAAACTCATCAATAAATTTTTAAATTCGATTAGTATCAAATATTCTCATTTTTTAAAAGCAATTCTTACAAATAATAAATCAGAAATAACAACATATGAAAAACATTTATTTCAAAAAGCAGGATTATCACACATACTAGTGATATCTGGTCTACATTTTTATTTGATTTACATTATTTTAAATTACTTACTAAGCATAATTATAAATTACAAACTAAAATATACAATCATAATCATAATATTACTCAATTATTTAATCTTAACAGGCTTATCACCATCTGCATTAAGGGCATTTATAATATTAAAAACTTTTATAATTTATAAATTAATATACGGAAAAATCAACTTATTTAGCACATTATCAATTAGTTTTATAATAAACGCCATCATTTTCCCATACACATTAAGTTCAATAAGTTTTCAGTTATCTTATCTCTCAGTAATTGGGATATGCATTTCTATTGCACTTAATAAAAGATACAACTTAAATAAAATTATATACCCAATGCTTACAACCTTTTTAATTCAAATACTAACAGCTCCTATTCTTTATATAAATGATCTCAATATTCAACCAATATCAATACTATCAAATATAATAGTTACTCCTCTAATTTTAATATTTTTTATAATAACAATATTTAGTCTATTAACTTATGCAACTAGCACAAATCTATTTCTATTTTTTGATCTAATTAATAGTTATATATTCAAAACAATAAAAAACACAATCACTATTTTTAGCAAAGTTGAGGTAATTAACAATTCAAACATAGGCATATTTTTAATATTAAGCACTATGATACTATCTTACCTAATCTACAAGCTAGAACAAGAAAAATACTATAGAGAAAACATAAAAAACTCATGATAGATAATAGCTATATGATATTATTTTATTATCTATGAATATAAATTATAACAGCATAAACAGCATAAAGAATGTGTTAAAAAACAAAAATATAGCACCAAGAAAGATATGGGGACAAAATTATTTGATTAATGAAAATATAAGAGCAAAAATAATAGATGCACTTGACATTAAAAAAAATGAAAAAATTTGGGAAATTGGTCCAGGACTTGGAGCAATGACAGCGACCTTATTAAATAAAGCAAATTTTTTAACGGCATTCGAAATTGACCCTAAATATTCAGAAATCCTAAATGAAAAATTTGGTCAACTGAAAAATTTTAAACTAATTGAAGGTGACTTCTTAAAAACATATAAGCAAGAAAAAAAAAGCATCAATAAAATAGTTTCAAATTTACCTTATAACATTGCATCAAAGGTAATATCAACTCTAATTGAAGATGAAATATTAATACACATGGTATTTACAGTACAAAAAGAACTAGCAGACAGAATGATTGCCAGAGAAGGAAACAAAAATTACTCATCATTTACAATATTAGTACAATCACATTTTAATGTAATTAAAATAATGGATATTGATAAAAAAAATTTTTATCCAATTCCTAAAGTTAAATCAACAACCATAAAATTAATTCCTTGTAAAGAAAACATTAAAAATTTTCAAATATTCAATAAATTAATCAGAACAGTCTTTACAAGTCGTAGAAAAAAACTTAAAAATACAATCATCAACTTTATTAAAAATGAAAACATTCTTAAAAAAGACTTTCTGAAAAACTTTTTAGATAAAAGACCTGAAGAAATCTCCGTTAAGGAATTCATTACAATTGCAAATAAATTAACTACATATCATTAAGGCACTTGTTAATACAATATCATTTACAGAACAACCTCTTGAGAGATCACTAACAGGATTCTTTAGTCCTTGCAAAAAAGGACCGTATGCTCTAGCAAAAGCTAATCTCTCAACAAGTTTATATCCAATATTACCAGACTCTAAATTAGGAAAAATAAGAATATTTGCAATACCGGCAACCAGAGAATCACTACACTTCTTTTCTGCAATACTTTTAACTAAAGCTGCATCAACCTGAAGTTCTCCATCAATCAATAAATCTGAACATTTGCTTCTAACAATATCTAAAGCATCTCTTACTTTTCTAACCTCTAAAGAATCAGCAGATCCTTTTGTAGAAAAGCTTAAAAGAGCCACCTTTGGCTCTTGATCAAAAATATTTCTAAATGAATTTGCACTATGCATTGCAATTTCTGCAAGTTGTATAGAATCAGGATTAATTATTACAGCACAATCAGCAAACATTAAAATCCCTTCATACCCAAAACAAGTTTCAGATTGAGCAAAAACATTCCGAGTATCCACAATCATAAAAGAAGACACAAATTTAGTTTCTCTAAATCTAGGAAGTATCTTAAAAACGCTTTTTAAAACTTTAGCAGAAGAAGCTAAAGCACCACAAACACAAGTCTTAACATCACCAAGCCTAACCATCATCATAGAAAATACAATATCATCTAAAAGCTCTTCCTTAGCTTTACTAACATCTAATTTTTTATCATGGAACAAACTTAAGTATTCATCCAAATACCTATTAAAGTCTTTAAAAGAACTAGGATTTATAATTTTTATCATATCCAAAATATCATCTCCAAACCCCATAAGTTCTCTTAATTTCCCTAAAATAGTATCTCTAACTCCAATAAGTACTACAAATCCTGCAAGACCTTCTCTTAAAATATTAATAGTAGCTTTTAAAATTCTAATATCAGTGCTTTCAGGAAAAACAATACTAGCCTTATCCCCATGATCTATTACATTTTTTCTTGCTCTAGCATAAACATAATCCTTAAAATTAAAAAAACCCATATATTCCACCAACCCCTCAAGCATAATTTATTAACAAAAGCATAAATTAATAAAAAACTAAACGAAATGATATGTTAATATTAAAATTATGGATATTATGAATATAATGTATCAAAAAAGGAAAAAATAAATCAAGTGCAAAAAAAGAACTTAATTACAGCAGCATTACCATATGTCAATAACATACCTCACCTTGGAAATTTAGTCCAAGTCTTATCTGCAGACGCTTTTGCAAGATATTCAAGAATGATGGGAATAGAAACACTTTATGTTTGTGGAACAGATGAATATGGCACAGCCACAGAAACTAAAGCCTTAATTGAAAAAACCACACCTGAAGAATTGTGCAACAAATATCATGCAATACACAAATCAATTTATGAATGGTTCAATATAAAATTTGATATTTTTGGACGCACAACTAATAAATATCATAAAGAAACAGTACAAGATTTATTCTTAAAGTTAGACAAAAATGGATATATTACAGAAAAAGAAAATGAACAATTTTTTTGTCAACAAGATCAAATGTTTTTAGCAGATCGATACGTAACAGGAGAATGTCCAAATTGTGGAAATAACACAAAAGGAGATCAGTGTGAAAATTGCTCTAATTTACTAGTTACAAATGAACTACTAAACCCAAGATGCATAATTTGTAAAAATATTCCTATTATAAAAAAAACTAAGCATTTATACATTGATCTACCAAAGATAAAAAATGAATTGGAACATTGGATACAACAAATTGACCAAAACACAAATTGGAACATCAATGCCATTAAAATAACAAATGCATTTTTAAGAGATGGACTTAAGGAACGAACAATAACAAGAGATTTAAAATGGGGAATACCTGTCCCTAAAAAAGAATATGAAAATAAAGTATTTTATGTATGGTTTGATGCCCCAATTGGATATATATCAATTACAAAAGAAATAATCAAAGATTGGGAATCTTGGTGGAAAAATAATGAAGATACAAATTTAATACAATTTATTGGAAAAGACAATATCTTATTTCATACTATTATGTTTCCTTCTATAGAACTTGGAAGTCAAGAAAATTGGACAATGTTAAATAAACTAGCTTCAAGCGAATATCTAAATTATGAAAACTTAAAATTTTCAAAATCTGCAGGAACTGGAATATTTGGAAACGATGTTATTACCACTGAAATACCTTCTGATGTTTGGAGATTTTATATATATTACAACAGACCTGAAAAAGCCGATTTTCAATTTATGTGGGATGACTTTATGGAAAGAATCAATAGCGAACTCATAGGAAATTTTTCAAATCTTATTAATAGAGTATTAACATTTTATAAAAAATTCTTTGGAGATAAAATTGACAAAATAGAACTAAATGAAAATTTTTGGCAAATAGTAAATATTAAATATGAGAGAACAATAAATTTTTTCAAACAAATAGAATTAAAAGCAGCTTTAAAAGAAATTCTTGATATCTCAAGAATAGGTAACAAAATATTTCAAGACAAAGAACCATGGAAAACAAAAAATAGTACGCCCCAAACAACAAAAGAATTACTCTTAAATCTAATATACTTAATAAGAGATCTCTCCATATTAATCTCACCATTCATGCCACATACAAGCGATAGAATAAGAAGTTTTTTTGGTAAAAGTTATGAAATATCCAATAAATTTTTAGGAACAAATTTAGGATTAACAACAATACAATCTACAGAAGTATTATTTACAAAACTAGAAAAACAACTAATTGATAGTTTAAAATTAAAATATTCGGGGAGAACAAACATGCAAGATGAAAAAAATAAAAATTCAATAAATTTATTTAGCGAACAAATATGCTTAAAAACAGTAAAAATCAAAACAATAGACAGAAATCCAGATGCAGAAAAATTATTCATCTTAAAACTTGACGATGGAACTCCTGAAGGAAAACAAATTGTAAGTAGCATTGCAGATCACTACACAGAAGAAGAA
CP169960.1_gap6	383544	385180	1636	TGGATATATGCCAGTGATATAAAAGGACAAGCAATAAATAACACTAAAATAACTGACAACAAAATTGCATTAATTATGGGCAATGAAGGCAAAGGAATACATAACCTACTAAAAAATAATTCTGATTTTTTAATTAAAATACCAACTAAGGGAAAAATAGATTCTCTTAACGTATCAGTCTCAACAGGAATTTTAATATTTGAAATAAAAAGGCAACTTAACTTGCTTTAGTTTATTCTATCCAATTAAATAAACTCACTTATCCCAAAAAATTTCTAACTTCCACAGAAGCCAAAAACCCTTCAGCAGCAGCCGTAATGGCTTGTGCATAAAGCTTATTGCTAACATCACCGCATGAGAATACTCCATTAACACTAGTTTTCACAATATCTTGAGTAGAAATATATCCATCATCATCTAATTCCAAAAATCCTTTTACAAACTCTGTATTTGGTTTATAACCAATAGCTATAAATATTCCATCTACATTTAATTCAAAAGCAGAATTATGCTTATTATCCATAATATGAATTTTGGAGACAATATTCTCCCCACTAACCTCTCTAGCCTCACAGTTATATAAAATATTAACATTAGATAATGTTTTAATACTTTTTTGTAACATATCAATAGCTTTCATATAATTCTTTCTTACAATAACATACACCTTTTCTGCTAGTTTACTTAAATAAATAGCCTCTGAAATCGCCGTATTACCTCCACCAATTACAGCAACAGTTTTTCCCTTAAACAGATGACCATCACAAATCGCACAAACAGAAATACCTCTATTCCAAAATAAATCTAAATTCTTAAGAGTATCTAATTTTTTAGGTATAGAGCCTGATGCAATAACAATAGATTTGCTCTTATAGATATAATTATCCGTATAAAGACAAAAAATATCACCTCTTTTTTTTATAGATCTCACAGTTTCAAAATAAGTAGTAGCACCTAAATTGATAGCTTGCTCCTTCATATTTAACATCAACTCTCTTCCATTTATACCATTTTTAAATCCCGGATAATTATAAACTTCTGTGGTTGTTGTAAGCTGTCCTCCAGGTTCAGGTCCTTCCAAAATACTTGTCTTATATCCACTCATAACAGTATAAATTCCAGCAGTAAGTCCTGCAGGGCCTGATCCAACAATAATCACATCTTCAACAAAATCTACCTCTGTTCTTATAATCTCTCTATTACATTTCTTTATATCTAATACCTCAAAATTTAACATAAAACCTCTTAACTCAATTTAACTTTAAACGATATAAAAAAATTCTTAAATATACTAACTAATTCACTCACATCAAAATATGCTGACACTAATTTAAAAGACCATTAATATTAATCTCTAAGACACAACATGGGACCATAATTCCAAAATTGTTTAATATGTAAGGTGACACTTCTCCAAAACAGCCTAAAACAATATCATTTACTAAAATATCAGCGCCTCTGCCATCTATATAAAGATTTTTACTTGACTCTTTTACTTTAAATCCAATATTTAAATAATAAAAAAGAGATGAAACTAAAGAATTAATTTCATTAAATGAAAATTCCTTATCAGCCATTAAAAAAGCCAAATTATCATAAGTAACAGTACCCTCATCACTAACTAAATCTTTTAAAG
CP169960.1_gap7	468089	469554	1465	TATGCAAATAAACTTTGGAGATTTTATATAAAGGGTAATAAATTTGTTTCTAAATATTAGTTTGGTTATTGATTTTTGATAATGGGATCAATTATTTCTTTTATAAAATCTTCAACTTGGGATGATGCAAATCCTATATTTTTATTTGGATTTAAGATTTCATTTATATCTTTGGATGTTAATTTAAAACTTTTATCATTGAGAATTAATTGAATTAAATTGTTTTCATTTTTTCCTGAGTATAAATTTTCCTTTACTTGCATTGCATAAGTTCTTATCTTTTCATGTAAGATTTGTCTATCACCGCCATTTTTGGTTGCTTTCATTAGTATATCTTCTGTTAATATAAATGGCATTTCTGTTTGAACATGTTTTTCAATTATGCGTTCATTTACCTTAATATTGCTAAATATTTGATTAAGTAATATCAAAATAGCATCAGTGGCCAAAAATGCTTGAGGAATATTGAGTCTTTTGCAGGCCGAATCATCTAGGGTTCTCTCAAGCCATTGAGTTGTTGCTATAAGTCCACCACTTGATTGTAGACTTATTATGAATTTAGCAAGTGAAGCTACTCTTTCACTGTAAATGGGATTTCTTTTATAAGGCATTGCTGATGAGCCTATTTGATGTTTTTCAAAATTTTCTTCAATTTCTCTAAGATGTTGCATAAATCTAATGTCATTTGTAATTTTGTGGGCACTTTGAGCTAGGTTGCTTAAAAAGTTCAGGATTGATGAATCAAATTTTCGATCATAGGTTTGACCAGTTATTTTGTAAACCTTTTCAAATCCCATTTTTTTTGCGAGATTAATATCTAGATCTTTTACTTTGTCAAAATTAGAGAGAAATAATTCTTTAAAGCTGTTTTGATTACCAACTGTTCCCTTTACTCCTCTAAAACACATATTTGAAAGTATGAATTTCAGTTCTCTAAAATCAAAAATTAGACTTTGAAGCCATAAACTACTTCTTTTCCCAAGAGTTGTTAGTTGTGCTTCTTGTAAATGTGTATATGCAAGTGTTGCTAGATCTTTATATTTTATTGAAAATTGTTTTAATATTATAATAATTTCTGTTAATTTTTTTTCAATTAATAATAAAGCTTCTTTGATTTGGATTAAGTCTGTATTATCCATCAAATATGCACTTGTGACACCAAGATGTAAAATTTTTTTAGCATCTTCTCCAACTAAATCAGCATAAGCATAAAGATGTGCCATAACTTCATGTTGGAATTTTTTCTCGTATTTTGCTACGAGTTTAAAGTCAATGTTTTCAATTTGTTTAGATAGTTCATTAAGTTGATCATTATTGATGTTTATGCCTAATTCTTGTTGTACCAAAGCCAAGTTATACCATAATTTTCTCCATGTGGTATATTTAAATTTAGGTGAGAAAATATAGAGCATTTCTTTGCTTGCATATCTTGATTTTAATGGGTTTAAATATTGCTCCACTCTTG
CP169960.1_gap8	593479	595618	2139	TTTCAAATAATTATAAAGTCTTATATTCCAAGAATAAGATAAATGAATATGATAAGAGTGTTTTAATCATTTTTGATAAAGACTTAAATTTTAATTTGGAGTTTTTTGGTGATTTTATTTATAAGGATGATAAAGTTTTTTTAATGGATAATAAAAATTTTGATATCGTAGTGGTTGATCAGTATAATAGACAGATAATTAATCCTTTATTTGTTATAAAAAATAGAAATAATTTAAATATTATTTCTTCTTTTTTTGTGTCTGAACTTTTTTTAAAAAGTAAAGATAATATTGTATTTTTATTAAAAGAAAATGTAGATCTAGATTTAGAGTTAGGGAATTATACTCTTGTTTTGAATTTTTTAAAAAGAGATGTTGCTAAGGAATCAAGAATTCTTACTGGTATTTATTATTTTGAAGTATTATTAAATAATAACAGTGTTTTTCGTATTGATTTTCAAAGTATATATTTAAATGGTAATTCATACGTTGTTTCTGGAAATAAAAATTATAATTTAAATGTTTTTGATTTAAAGAAAAATAATGGAAGTATTAAGATAGATAATCTTGAATTTACTAATGGTAGTAATGAGATTAAAATCAAATATGGGGATGTTTATAATGTCGAAAATAGTTTAACTTATAGGTTTACACTTAATGGGTGACATTTTTCATATTCCTGTGCTTCTTGAGGATGTTATTAATCTTGTAGAAACTATATATTTAGATGATGGATTTGTTTTTGTTGATTGTACTCTTGGAGAAGGTGGTCATTCAAAAGCTGTACTTAGTAAGTATCAAAATATTAATGTGATTGGAATTGAAAGAGATGATGTTGTTTTGAATAGGGCAAAAGAATCTCTTGTAGAATTTAGTAAAAGAATTTCCTATTCTAATACTTGGTTTGATGATTTTTTTTGTAAATATTCTTTACATCGTCGATTTAATTTTATTTTAGCTGATCTTGGTATTTCTATGTTTCATTACAAAGTTGCTGGTAGAGGATTTTCTTTTTTGGAAGATGAAAAATTAGATATGAGACTTTTTCCTTCTGATGGGGGTATTAGTGCTTATGATATTGTTAATACTTTTGATAAAGAAATGCTTGAAAATTTGATTTATGAATTGGGCGGTGAATATTATTCTAGGAGAATTGTTAAGGCTATCTTAGAGTATAGAAAAATTAATAAGATTCAAACCTCAAGAGAACTCCAGAGAATAATTTGTAAAGCGTATCCTAATGTGAAATTTAAAATAAATCCAGCAACAAAAACTTTCCAAGCATTAAGAATTTATGTTAATGATGAGTTGGATCGTTTAAAGAGAAGTTTGCCATTATGGATAGCAAATTTGTCAAAGAATGGAATTTTGGCCATTATTACATTTCATTCTTTGGAAGATAAAATTGTAAAAGAATTTTTTAAAGGTTTGACTAAGGATAAGTATTGCATACTTACTAAAAAACCTATAACCTCAAGTTTTAAAGAAAAACAGTACAATAATGCATCAAGAAGTGCTAAGCTGAGGGCTGTAAAAAAATTATATGAGTAAGATTAAAAGATTTGAAATTGGTTTTTACTGTTTATTAATTTTGCTATTAACAATTATAGTATGTTTAAATATTTATTTTAATTTTAGATATGTTGTAAAGTTACGTGAGTTTGATGAGTTGAATAATGAACAAAATGATATTATTGATGAAAATCTTAGATTGTTGACCATAATATATGAGCTTCAAAGTATTGATAGAATAGAAGATCTTAGTCAAAATTATTTAGATTTAGAAAAAAAAGATAATAAAGATATTAATATTATTAAACGATAATATCTATGAGGATATTTGGTGCATATAAAAATTAAAGATATTTTAGATTCTCTAAAGGATGTTAAATTTATTGGTGATGTTAGTAATGTGCAAAAAATTGTATCATTTTATTCACTAGATAGTCGTGAGATAAATGTAGAGAATAGTGAAGTTAGTCTTTATTTTGCTTATAAAGGTGATAGGGTAGATGGATTTTTTTTTGTTAAATATTTAATTGATATTGGTGTTAAATGTTTTGTATGTTCTAAAGATCGGGAACTTTTGTGTATTGAATATTTAAAAAAAGATAAGGATTTAATTTTTTTGCTAACTAC
CP169960.1_gap9	642228	646145	3917	GCTGCACGAATTATTGAACTGATGGAAGAGATGGGATATATAGGTCCTGTGAATGGTTCAAAACCACGAGATGTTTTTATTTAAAGAGTTTCAATGTAAAAAAAGGACATTCACCATGAATATCCTGATTTTATTATTTACCAATTTTTTGTTTTAGTTTTCTTACTTTTTTTGCTTGTTTTCTTTTGAATGCTTTTTCTTTTTTAACACGAATAGTAGATGGCTTTTCATAATATTCTCTTCTTTTCCATTCTCTGATGATTGCTTCTTTTTCAATCATTCTTTTAAAACGTTTCAATGCTTTTTCCAATCCTTCATTTTTGTCCACATTGACAGTTACCAAAAAATCACCCCCTTTTTTTTACTCTATCTTTTTAGTGTTATTGATTATTTGATTTTTGTCAATAAGCATTTCTTCTAAGAAAAAATCTGGATTTACTGCAATTCCATTAATTCTAATTTCAAAGTGTAGATGAGGACCTGTTGATATTCCCGTATTTCCGACATTACCGATGTATTCTCCTGTATTTACTATTGTATTTTCTTTAACTCCAAATTTTGATAGGTGTAGATAAATTGTAAATACTCCTGGTAAATGTTGAATGATAATGGTTTTGCCAGTGATTTCTCTGTCTCTTGCAAATACTACTTTTCCTCTACCAGCTGCGAAAATAGGTGTTTTTTCTTTTTTAAATGGCGCGTAATCTTTTCCGTTATGTATTTTTTGGCTTGATATTTTTTGATTGTCTTGCATATAAATTCTTTGGTCTCCATAAGGACTAGTTATTTGATATTTATCTTTTATTGGATGGACAAATGTATCATAATGATAAATTGTTGTATCACCTATACTTCCAATGATATTCCATAATGTTAGAGCTTGTTTTTTTGCTTTAGGTGATTGTTGACTTTTGATAAGTTTAGATTTGCTTTTATTAAGTTTGACAGTTGTTTTTTTGAATGTGAATTTTTTGATTTCAATTTCCTTTATGTATTGTTTATTTTCAAACTCTATTTGAATTTTTCTTTTTCCTTCTTTGATCATTGGTGTGATTCCTATTAAAGCTATATAGTAGTCTTTATTACTTATATTACACTTAAAAGGCGATGCACTTAAAATGGGTTTTTGATTTGTTGATAAGAGAGATAATTTTTTAAAGTTTTTATTGCTTATAAAATAGATGTTTCCCCCTTGAAAGGTCTCTTTTTTATAGTATATTTTTGTAATGTCGTTATTTTTTGCATTAACTTTAAATAATCCTATTATAAATATAAATGCAAGTGTAAATATAAATAAAAGTTTTTTGATGTTGTGCACTAATTTTTTCTCTTGTTTATATCAATAATTTTTAAAATTTTATGATTTTGATTGTAAATATCTTCACTGATTGTGAATATTATGTCTATATTTTGACCATCTTTGATACCAAGTTCTTGAATAGTTTGAGTGCCATTAAAGTAAATTGCTTTATAATAATCTATATTATTAATGATTTTCATGCTTATGTGTTTTGAAGTTCCATTTTTATCAATTGTTCTGATGTCCTGAATGCATACATTTTCCATCATTAAAATAAATTCTCTAAAATCATGTCCATATGGTTCAAACAAATCTATTGTTTTGATAAGTTCTGTTTTACTTAAATCTTGAGGTATTATAGCATCAATTAGTATTGAATCTTCTTGTAATTCTTTATATTCTATCTTTTTAAGAGCATTTTCAAGTTCTCTTATAAATTCGTTTAGTACATTTTCATACAATGTAAATCCAGCAGCAGCTTTGTGTCCTCCAGAATTTATTATTAGATGTTTTGGGATCATTGAAATTAGTTCTTTGGAATTTACTTTATTATTTGATCTAATATATCCTTTAATTATATCTGATTGTTTAGTAAGAAAGACAGCGACTTTTTTATAATAGGATGAGAGTCTTGTTGCCATTCTAGAACTAATTCCTTTTGGAGTATTTTTGTCATAGCATACTATGAATTTATCATTCTTAAAAATGGTATTTTCATTATGAGTATTCCAAGATATATCTTCTTTATATTTTCTTAAAGTGTTTATATTTTTGATTTCCTTAAATTTATTTTCTATTTTATTAGTATCTTGACTTAATAAAAATCGTATTGTAATGTCTGCTTTTTCAAGTCTTCCTGTTGAATTTAATATTGGTGCAATTTTAAATGCAATATCTGTTGAAGTGATTATTGGTTTTGTTAATATATTGACTTCTTTTAATAGATAATTTATAGATATATTTTCTCTTAATGCTATTTCTTTAAGTCCTTCTTTTACAGCTATTCGATTTTCATCAATAATTGGCATATTATCAGCTATGGTTCCTATTGCAACAAATTTAAGCCTTTTAAGGCAATTTTGCAGTAAATTTTTGTTTGTTTCAAATATTATGTTATAGAACATATAGTACAGTTTTTCATAAATATTAATTTTTCTATATTTAAAATATTTAGTAATTTGCATAAGTTCTTTTAGTGTTTTGTTGGCATGTTTGGGATATTTTTTTATAAAATTTTCATTAATATCAATGATTTCTATATCTATTTTTTGTTTAAAAAATTCATTTAAAAGTTGAGCTTGTTCAATTTTATTAAATACAATTATGTGTTTATTTTGTGAAAATTCTTCTATTTGATTAATATTAATTTGTAAATCGTTATTATTGTCTAGAGTTATATGCTTTTTTAAAATGTAATTGTTAATTTCTATTGCATGAAGTTTGATATTGTTTTCGAATTTTTCTAAAAACATAAATATTAAGTCTTTGTTATAAAAATTGGTAGTAGAAAGATATAATGCAAGACATGCTTTGAAACTTACATAACATCCAGCTATTTCTTTAAATGGATAAAGATCACCTTTTAAATGGGGATCTATGATAATATTTTCTGTGTCGATTTCTTTGTTTGGAAGGTGATGATCTGTAATTATTACTTCTATATTTTTTGATCTTGCATAATTTATTTCTTCAATGTTAGAAATTCCACAATCAACAGTGATTATTAGTGTTATTTTGTCGTTAAATGCCTTATCAATAACTTCTTTTGTAAGCCCATAAAATTCTCCATTAGATGGTATTTTATAAGTTACATTAATACCAAAATCTTTAAGAGTTTCATACATTATTATTGTTGCTGTGATTCCATCAGCGTCTTTATCTCCAAAGATTAATACATTTTCTTTTTCTAAAATGGCTTCATTTATTCTATAAATAAATTTGTCTATATTTTTTAAAAAAAATGGGTTGTGCATTAAATTGACACTGCTTTCTAAGAAAAATAAGAAATCTTCTTCTTTAATTTCTCTGCTAAGTAGTAGTCTTGCTTCAAAAAGACTGATATTATATTTTTTTTTAATGTTAACTATATTTTCTTCTGCAATATCAATTTCTTTTTTTTTTCCAGATTTTCATTTCTTGTTCCAATTTGCTTTCTTTAGAGTAGTATTTGCTCAAATTCTCTATTTAGTTTGTTTTTAATCATAAATGTTAGAAGTTCTTTTGTTCTGTTAGTTAATTTTGCATTTAAAGTTGTGTTTATATTTGTTTGAATTGTGTTTTCTAAGTACTTAAAACTTTCTGTATTAATGTACTGATTTTTATTATTGGAACATTTGATGCAATTAAAACCATAAATGTGTGTGTCGTAATAATAATTTTCTTTTATTTGTTTATTACATTGAAAACATAAGTTTGATAAATATAAAAGTCCTTTAATTATTAAAAATCTTATTTTGTACTGCAAGTCAATTAATTGTGTTTTTCCTAAGCTTGAATTATTTAGCATTTCTGTAGCTTCGTTAAATAGTTTGAAGCATTCTCCTTCATCAAAACTTAAATTAATAAGCTTGATCCATAGTTTAATAATTGTTAGTTTTTCGTATGTTAAGTCTTGAAC
CP169960.1_gap10	649072	650682	1610	ATGTTTTTATTTAAAGAGTTTCAATGTAAAAAAAGGACATTCACCATGAATATCCTGATTTTATTATTTACCAATTTTTTGTTTTAGTTTTCTTACTTTTTTTGCTTGTTTTCTTTTGAATGCTTTTTCTTTTTTAACACGAATAGTAGATGGCTTTTCATAATATTCTCTTCTTTTCCATTCTCTGATGATTGCTTCTTTTTCAATCATTCTTTTAAAACGTTTCAATGCTTTTTCCAATCCTTCATTTTTGTCCACATTGACAGTTACCAAAAAATCACCCCCTTTTTTTTACTCTATCTTTTTAGTGTTATTGATTATTTGATTTTTGTCAATAAGCATTTCTTCTAAGAAAAAATCTGGATTTACTGCAATTCCATTAATTCTAATTTCAAAGTGTAGATGAGGACCTGTTGATATTCCCGTATTTCCGACATTACCGATGTATTCTCCTGTATTTACTATTGTATTTTCTTTAACTCCAAATTTTGATAGGTGTAGATAAATTGTAAATACTCCTGGTAAATGTTGAATGATAATGGTTTTGCCAGTGATTTCTCTGTCTCTTGCAAATACTACTTTTCCTCTACCAGCTGCGAAAATAGGTGTTTTTTCTTTTTTAAATGGCGCGTAATCTTTTCCGTTATGTATTTTTTGGCTTGATATTTTTTGATTGTCTTGCATATAAATTCTTTGGTCTCCATAAGGACTAGTTATTTGATATTTATCTTTTATTGGATGGAGAAATGTATCATAATGATAAATTGTTGTATCACCTATACTTCCAATGATATTCCATAATGTTAGAGCTTGTTTTTTTGCTTTAGGTGATTGTTGACTTTTGATAAGTTTAGATTTGCTTTTATTAAGTTTGACAGTTGTTTTTTTGAATGTGAATTTTTTGATTTCAATTTCCTTTATGTATTGTTTATTTTCAAACTCTATTTGAATTTTTCTTTTTCCTTCTTTGATCATTGGTGTGATTCCTATTAAAGCTATATAGTAGTCTTTATTACTTATATTACACTTAAAAGGCGATGCACTTAAAATGGGTTTTTGATTTGTTGATAAGAGAGATAATTTTTTAAAGTTTTTATTGCTTATAAAATAGATGTTTCCCCCTTGAAAGGTCTCTTTTTTATAGTATATTTTTGTAATGTCGTTATTTTTTGCATTAACTTTAAATAATCCTATTATAAATATAAATGCAAGTGTAAATATAAATAAAAGTTTTTTGATGTTGTGCACTAATTTTTTCTCTTGTTTATATCAATAATTTTTAAAATTTTATCATTTTGATTGTAAATATCTTCACTGATTGTGAATATTATGTCTATATTTTGACCATCTTTGATACCAAGTTCTTGAATAGTTTGAGTGCCATTAAAGTAAATTGCTTTATAATAATCTATATTATTAATGATTTTCATGCTTATGTGTTTTGAAGTTCCATTTTTATCAATTGTTCTGATGTCCTGAATGCATACATTTTCCATCATTAAAATAAATTCTCTAAAATCATGTCCATATGGTTCAAACAAATCTATTGTTTTGATAAGTTCTGTTTTACTTAAATCTTGAGGTATTATAGCATCAATTAGTATTGAATC
CP169960.1_gap11	665054	668776	3722	TCTACTGAAAAAAATTATGCACTTGCAGAGTCTGAGATTGAGGATTTTAGAAATACAGTTGTGGAGATTAATTCTGTTTCTAATAATTTTTCTAAAGTTTTAGATGAACTTAGTTCTTCTTTAAGAATCAAGGAGAATAATGTTGGTTTGAATAGAAGTAAATTAGATGGAGATCTTGCAGATTTTATTGATTTACAAATGTTAGAAGCCAATTCGTTTAAGGAATTAAATGATCTTAAGAATGTTAAGAACACGATTGAGGGGTCAATTTCGCCTCTTAAGAATATAGTTAGATTGCTTCATTCTCAAAATAAATTATTGAATGATATTCCTTCGCTTTGGCCTATTATTAAAGGAAATGGTATTGTCTCGTTGCATTTTGGTCCAGCTATTGAGCCTTTTACTAGACAGTGGTATATTCATAAGGGAATAGATATTGCAGGGGTTAGGATTGGAACAGCCATTGTTGCGGCGGCTGATGGTGAGGTTGTAAGAGCTAGTTATCAAGTGACAGGTTATGGTAATTTTGTCCAAATTAAACATAAATATGGACTTTCAACGCTTTATGCACACATGTCTAGATTGAATATTTCAAAGGGTTCTTATGTGAGAAAGGGTCAAGTTATTGGTTTTTTGGGACAAACAGGATATTCTACAGGTCCACATCTTCATTATGAAGTTCGCATAGGATCTCAAGTTGTAAATCCTGATATGTATTTAAATTTGGCTACGGGAGCTTCTAAATAGATGTTAAATTTATTGGTTATTAAAAGAGATAGAAAGGTTGGATCGTCTTTATTGAGTGATGAAGTTAAGACAATTGTTGGGAAAGGCGATTTTTTTAAAGGAGAATTGGTTTCAAGTAATTTTATTCGAGTTGATGGTGATTTTTTGGGTACTATTAATTCTACTAAAAGGGTTGTAATTGGGGATACAGGGCGTGTTAAATCAAATATTAATGCAAATGAGGTTGTTGTTTCTGGGATAGTGTTTGGCAATGTGCATGCTAATAATAAAATTAAAGTTTTTCAGTCAGGTTGCATTATTGGTAATATTTCATGCAAGTCAATTGAAGTTGAAGAGGGTGCAATTATTGATGGATATATGAATGTTGGGATAGGAAGTCTTAATTTTTCCGAGAGAGATGTATTGATTTATACAGGATCTTATAAAGTTGATGAAAATATTTTGATTGAGGTTAATAAGGGAATGAAATGGGAAAATCGAAACAAGGAGACTTGTGTTCGTGAAAATGATAAATATTTATTTAATGATGTGAGAAAGATGGATGAAGATTGATAATTTAGTTTCAGGTGCTTTTAATCTTGATTTAAAAGACTATAAGGCTTCTAAGAAAAAAATTAATTCTAGTAAAACAAATATTTTTTCTGCAATATTTAAATCTGAACTTGTAAAAGAAGATAAACATTTGATTGTTTTTGAAAATGGTGAATTTAATCTTGAGTTAATTAAAGATATGTTAGCTGAAATTAACGATATTGGTGAAAAGTTGTTAAGCGAACCTTCGCGTCAGAATGTTATTTTTTATAAAAAAACTATAGGTGAATTTTTATCTGTTGTTTTATCCAATTCTATTTCGCTTAAAGAGCAAAAAGGAGGTAGGAATGGTGAATTTAAGAGACCTAAATACCGTATTATTAAAATTATTAATGAAAAGCTTGATAAATTTGCTTATTCTGTTTTGCAAAATCAGATTTCTCAATTTAAGCTTTTAAGCAGTCTTGAAGAAATTCAAGGATTGCTTGTAAATTTATTTAGATGACCCAAGTTTATTTTGATATTTAATTAATATTTGTAGTAATGTAATGATATTTATAGATTTAAAAATAAAGGAGGATATGACTATATCCTCCTTTGATTAGATTAAATATTTTTTTGCTACTTTTTTAAAGTTTTTGATTTGCTCATTTTTCCAAGTTTCAGATTTGCCAAGTTTATGCATCATAATTTCAGCAACTTTTGGTGTAGCTTCGATTGTTGCTTTTGCATTGAGGAGTAGTGCTCTTGTTCTTCTGGATAAAACATCTTCAATGGTTTTTGCTTGTTCAAATTCAATGGCAAAAATTATTTGAGCTTCATTTAATGGTAATTCTTTATGAATTTTATTTTTAAATTCTTTCATTTTACTTAAATATTGAAAATCGCTTCCATAGACTCTAAAGTGTTCTGGTATTTTGTTGATTTTTTCTCGTTGCATATATCCGTGTATTTTTAAATTTTCTGTTATTGGCATTGCTGCAGGTATTAAATTTTCGTTTATTGCTTTTGTTAAAGCTTTTTCAGCCATCTTTCTATAGGTAGTGTATTTACCCCCGGCAATTGTGATGAGATTTGAGTTTGATATGAATATTTTTTCATTTCTTGATATTTTGGATGTGTTTTGTTGTCCTTTAGGGTCTGTTATTAATGGTCTAATTCCTGCATATGTGCTTAGAATATCATTTCTGTTTATTTTAATATTTAAATAATTATTCATATTGTTTAATAAAAATTCAATTTCACTGTCTAATCTTTTGGGTTCTTCTTCGATTTTATCTATTGCTATATCTGTACTTCCACAGATAATGACATCATACCAAGGTACGGTGAATAAAATTCTCTTATCAGCTATCTTAGGCATTAGCATTGCATATTGTGTATTTAGTTTTTCTTTTTTGATTATCAGATGAGTTCCTTGAGAAGGTTTTATGATATTAGAAGCATTAATGTCATCTAATTTCCTAATTTTATCTGAAAAGATTCCCGTTGCATTTATTATGCATTTACTCTTAACAGTAACTTGTTTGCCAGTTATTGTGTCTCGAATAATAGCACCAGATATTTTACCGTTTTTTTTGATAAATTGTGTAAGTTCTGTATAATTAAAAGCATTTCCTCCTTTATTAATAAAAGTTCTAAGCATGCTAATTGCCATTCTGACATCATCAAACGAGTCATCATAGTATAAAACAGAACATTTAAGACCTTTGGTTTTAATGTTTGGTATTTTTTTTATTGTTTCTGATTTTGATAGCAATTTTGTTTTATACTTGTGTTTTTTATGTTTGCCAAGAAGGTTGTGATACCAACTGAGCCCTAAATAGTAATAAGGAATACTTGAAATATTATACATGGGCGTAATAAATGCACGTTTATTTACTATGTGAGGGGCATTTATTTCAAGCAAAGCTTGTTCATATAAAGCCTCTTTTACCAAGGGTAAGTTAAATTGTGCTAAATATCTTACGCCCCCATGTATTAATTTAGTTGATCGAGAAGATGTGTGCCTTTAGCATAGTCATTTTTTTCTATAAGTAAAGTTTTATATCCTCTTGTAATCGAATCTACACTAATGCCAAGGCCTGTTGCTCCTCCACCAATTATTATTAAGTCAAAGTCTTGATTATCAATATCCCCCAATACTTTTTTTTTATGTTCTAGCATAAATGAGATATTCTCCTTATTAAAATTATGGTTTTATTGCATAAACTTTATTGATATATCAACAAAGTCTGTAAATAGACCATCTACTTTAGCTTTTATAAATAACAATTCTAATAATTCATTTGGATCTTTTACATATGAAGGCAATGCATCAATTCTAAACGTGTAAGGATAAACCTGCATGTTATATTTATGAGCTAAACTTATAAGACCTGTGATTTGCCCATTAATAATGATTTGGGGTATCCAAGGTCCAATTCCGTCAGCATATTTTGCAA
CP169960.1_gap12	674819	678951	4132	ATTGGTCTTATTGTTTTTTTCTTGTATTTTTATAAATTTATTTGCAAGTAATGATTCTTTAATTGATGAGAGACAAAAGGAACTTGCTATTTTTTATTATGAGGTTGGACAACGGTATATTGATGTTGGAAAAGTTACAAAGGGGAAAATTTTTCAAAAAAAAGCTTTGGAAATGTATCCAAAATTAAAAGGGGAAGTTGATCTAAAAAGTGCTGTAGAGGATATTGATTCTAAGATGAAGTTAGAAAGTGAGGCAACTTTTCTTTCTTTTGATGATGTTAAACTTGATGATATTCCAGGAATAATTCACGATAAGATTGAAATTAGTGAAGTTACAAATGCTCCTAGAATAGAATATGTTGCAAGTAGAGAAAGAGAAAATCACAAAGAGCAAGCCGTTAAATTTCAATTTAATAAATTTGTAAGGGCTTTTCTTTTGCAAGATTTAAATTTGCTTGACTCTGTTATTGCTGATGATGTTAAAGTTTTAGGTAAAATTGCACCTAAATCCGATTTTATTGCCAATTTGGAATTTGCTTCAAGTGATTTTAATAGAGATGATTTAGGTTATCTTTCAGTTGATGATTTTTATGATCTTAAATCTTTAAGTATTACAAAAACTACAGATACGTCTTATACTGTCAAAGTTAAAGCTAAGAAGAATGATATTACTCAAAATATTCCATTTTGGAGAGATGTTCAAACTTTATGTTTTGTAAATCAAGATAATAAATGGTTACTTTTTTCAGTTAAATGATATCTTAGGGTCATAATTACAATTGCTATTGCTAAAGCATATATAAAGAGGTCTCCAATGTATTCATAGATTGTTGTGAATCTTGGGGGCAATTTTATTTTTGATACTAGATATCCTTCTTTAAATGTTTCTAAACTTTTTACATTCTCACCATATTCGTTTATTATAGCAGTTATTCCTGAGTTAGTAGCTCTGATTGTTTTAATTCCGTTTTCTATGCTTCTAAATTTTGCCACTACAAAATGTTGCCATTCTGATGAATTTGTATGTGACCAAGAATCATTTGAAAAATTTAATAGTAAATTGGCATTTTGTTTTTTATAGCTTCTTGCAAGATCTGGAAACGCATCGTCATAACATATTAAAAAACCTAGATTAAATTTTTTAAGCTTTAAGATTTCAAGTCTATTTCCGTTAGTTTGTCCAAAAAGGCCAAAATTTTTATAGAAAAATTGTCTTATAAATTTATATTCATAAAATGGTATTTTTTCTGAAAATGGAACCAAAAATATTTTAGAATATATATTAGTTATTTCAAGGTTGGGATTTATTGCATAAACAGAATTTTGATGTGTAAGTAATCGTTTATCTGTTTTTGATGGTGAGCCAATTGCAAAGTAGGCTTTATTGTTTATTATAAGTTCATTTACTGAATTATATAATTCAAGCAATTCTTGATCGTAATATGCATAATCTTTATAAGTATTGAAAGGATAAGTTAATACTCCTTCACTCCAGAGCACGAGTTCTGTATTTGGATGTTCTCTTAGTGCTTGTTTTGTAATTGTAATAGATTTTTTAATTCCTTCTTTACGATTGCCAGGCAACCAAGAATCAATATTAATTTGAATTGCTGCAATGTTTAGTGTATCTATTTCTTTATTTAAGATTGGATTCAATTCTATTTTTTTTATGTTTCCATAAGCAAAAGATGTACTTATTAATAAAATAGAAAATAACATACTTAGTATATTTGTTTTATTTTGATTTATTAAAAAATTTGCAATTCCTGCATTAAAAAAATAGACTACAAAACATACAAAGAAAACCCCAAATGTATCAGCTACTTGTATTAGATCATTAAAATTATGTACCATAAATGCTGAAAATCCCCAAGGATATGCTGGAAATCCAATTGATTTTGAGTAGTCATATAATGTGAAAAGTATAGCTAAGGTTAATGTTTTGTTATTAAAAGTTTTTAGTGAGTAATATAATAAATATCCTAAAACTAAAGCATAAGGAATATATCCAAGTATTGCTCCTAAAAAAGTAATGATACCGAATGAATAAAAGAATGCAAGCCAAAAACTTTGTAAACTATTGGCTATTAAAAAATAAAATGTTGTTAGGGTGATAAGAAATTTTTTATTTTTTGTTTTAGTTAATGCAATAAAAAGTGGTATGTATGCTATCAAACCAATGTGTGAATATCCCATATTATTTATTTCATTTGGAATTGCTAAACTTGTAAGCAATCCAGAAAATGCGGCTAGAGAAAAATATTTTGTTTTCATTCTTTTCCTTTTTTGTTTTGTTTTTGTATATAAAAATATATTATATATTCAAGAATACAGATATTAATATACAATATTGCATAGTATAATATATATAATATGTTTCGTGTAAAAATATTAAATTTATATAGTACTTGTTTTAGTATTAAAAAAATAGCTTTGATGTTTAATATATCCATTTTTTTAATAAATGCATTTGTTTTAAATGCTCAAGGTATTGTTACTAACAAGGATGCTCAAGAAGAATTTAAATGGGCACTTAATTCTTATAATAATGGTCTTTATGATGATGCTTTGTTGTCTTTTAAGAGAGTTTTAAGCTTTGATCCAAGTAATCTTGATTATCATTTTTGGATAGGAAATGTTTATTATAGATTGGGGCATGTTGAGGAAGCTTTAATGGAATGGCGAAATTTGCAATCTCAAGGGTATAAATCGGCTTATCTTAGGCAGTTGATATCTATAATTGAACAAAGAAGAGGTATATCCTTAAATAATGAATTTAAAAATATTGAAAAATTTGTTCAAGTTGCGCTTCTTGATAATTCCATTTATAAACGACCAAATGGATATCAGATTACATCTCTGAAGGCCGATCAATATGGTGGTTATTATGCTGCTAATTTTGTAGGAAATGAAATTTTACATTTTGATGCTAATAATAATATTCATGTTTTAGTTAAGGATGGAATTACTTCTATAAAGTCACCTTATGATGTTATTGAGCTTGATAAACTTTTATATGTGACACTTTATTCAAATGATGAGATTGGTATATATGATAAGACTTTTGGCATTAAAAAAGGTTCAATTGGAAAGAAAGGTACTGAAGATGGTGAGTTACTTGCTCCTCAATATATAACAGTTGATGAGAGAGATTATATTTATGTTAGTGAATGGGGAAATAAGCGAATCAGCAAATTTGATGCTAAGGGTAGTTTTGTTTTGAATTTTGGCATGAAAACGGTTGGATATGCAGGGCTTTTAGGTCCAACAGGTGTTACGTATTTGAATGGAAATATTTATGTTGCTGATGCTCCTAGAAATTCTATTGAAGTATTTGATACTAGTGGCAATCATTTGTATTCTATTTCAACTTCTTTTGAAGGTATAGAAGGTCTTAGCAGTGATTTTGCAAGTAATAGCATTATTATATCTTCAAAATATGGTGTTTATAAATATAGTGTTTCAAGTAAAACTTTTGTTAAGCTTTTAAAAGCAGATAAGATAGATTCTAAAATTTTATCTTCAATTATTGATGTTAATAATCAAATGGTTGTATCAGATTTTGATAATGCTCATATTGCGATTTATAAAAGTGATGTTAGTGTTTATGATAGTTTAAATGTTGATGTTCGTAGAGTAATTAGGGCGGGAGGTTCTAAAATTTATGTGGAGCTTAATATTAGCAATAGAAATGGATTACCAATTGTGGGTTTAAAGAGTGAAAATTTTGCGGTTGCTAATGAGAGATATTACATTGTAAATCCAAAAATTGCTTATGATATTAATACTTCTAATGATATGAATATTGCAATTGTTTTTGATAAATCTTTTTCTATGAAAAATTACGAGTCAGAACAGATTATGAGTGTAAATACTCTTATAAAATCTAGAAAAAATAAAAAGTTTAGTTTTATAAATGCAACTAATTTACCTTTGGTAGATAATATCGATAGTTTATTAAGTATGATTCATAAAACAAATTCTCTTGGTGTTTATGATTTAAATGATGTAAAGACGGATGTTAGTCTTAAACTTGCAGGTTCTGAACTTATGTCAAAGAGTGCAAGAAGGGCCGTTATTTATTTTAGTGATGGATCTTTGAGTCATTCTGCTTTTAGTAGGTATTCTGTGG
CP169960.1_gap13	766293	770398	4105	TTCATATTTTTTACATTCATTTATAAGATTGATAGCATTGCCATTTAGTATATTGATATTTTCTTTTTGGATGTTTATATGTGAAAAAAAATTGTTCCACATAAATGAATAGTAACTTTCAGGATGATTTTTATCAAGACCTATGTATTCGTCCATATTGAATGTGATCACATTTTCAAATGATATTTTATTTAATTTGTTGAGTTCAATTAGGTTTTGGTACATTCCAATTGGTGAACTACCTGTTGGAAGCCCTAAAATGAATGGTTTTTCTTTTGTAGGTTCCCATTCTTTTATTTTTCTGGCTACATGATTAGCAGCCCATCTTGATATTTCATTATAAGTGGCTCTAATAATTAATCTCATTTGTTGCTCCTTGTATTTTTGGATTAATAACACTAAAGTTTATTGAAAATTATTTTTGATTCTATCATTGTTAATTTTAGATTTAAGTCTTTGTCAAGAACATTTATATTTGCATCATAACCATGACATATTAAACCTTTTTTTTCAAGATTAATGATTCTAATCGGATTATATGAACTTGCTTGAATAGCATCGCTTAAACTGTATCCAAATTCTACTAAATTTTTAATTCCTTGTATCATTGTAAGTGCAGATCCTGCTATTGTGTCACTCTCTATAATATAAAATAGGTCGTTGTTTTTAAGATATACTTTTTCTCCATTGGCTATTAATTCTCCAGATGGTTGTAGTGTTGGAGTTAATCCATCAGTTACAAGTACCAACTTGCTTATGTCTTTGAGTTTTCTAAGCATTAAAACAAGTTTTGGATGAATATGATGTCCATCAGCAATAATTTCACAAGATACATCTCCATGAATTAAGGCAGCTCCTATTGCATTTGGATTTCTATGGTCGAGTTTTGACATTGCATTAAAAAAATGAGTTGTGTGAAGTATACCTACTTGAAAACCTTCTATCATATTTTCGTATTTTGCATTTGTATGCCCTGCTTGAAGTGTAATATTGTTTTCCATACAAAATATTGCAAGTTCCCTCATTCCTTTAAGTTCAGGTGCAACCGTCATTGTTGCAATATTTGTTCTTTTTCTACCAAAAGAGTCTGTAAAAGTTCCTCCTGCTGCTTCTATAAATTTTTTCATTATCTCAATGCTTGGTTTTTGGAGATAAGAAGTAGGATGAGCTCCTTTTTTTTCGGGAGAAAAAAATGGTCCTTCAAGGTGAAGTCCTAAAATTTTTGCACCCTTTTCTTTTCCTATCGCTTGTGTGCATGCTTTAATTGTTTCAATCATTTCTTCAGTTGGACGTGGATAGAGTGTTGGTAAAAATCCTACTACTCCGTATTCTGCTAAATGTTCTGACATTTTGATAATAGAGTTTGTTGAACATTGATCAGTTCCATATCCATAAAATCCATGTATGTGATTATCATAAAGACCAGGTGTTATGTAATTACCTTTGATGTCAATCATTTCATAATCTTGTAATTCAAGTTTTTCAAGTCTGTCGGATGTTACGATATCAAAAATTTTATTTTCTCTAATCAGGACAGCTGAGTTGTCTATTTTATCATTTCCTGTAAGTACAGATTTTGCGTTAAATAAACAAAAATTTGACATATGTGCTCTCCTATTAACTTAAATTTTACTATAAATAAGGATCTTTTTTAAAGATACTTATTTGTTATTTATATCTAAAATTAGATTTTTATTATTGGCTTTAAAGTATAATATTATTTCTTATGTAATATCTATATGTTTTTATGTTAAACTTTCTACTTAAGAGGTGTTGTAATGTCTTCTGGATTTTTTGTTCCTGGTGTAGATAATAAATATAATACCAAAGAAATCCGTGAATCAATGCTTAAGCCTGATAAGTCTAAAATAGATTCGTCTGTGCAAAAGCTTGAAAGTTTGCAACAGGAAAAACGTGCTTGGCAAACAATTAATAAAAAGGTATCTGTTTTGAATTCTCTTGCAAAACAAATTACATCTCTTGATGGTCCTTTTAATTATATGTCGGGTAATTCTAGCAATAATGATGTTCTGTCTGTTTCTGCTCGTTATGGGGCTAAAAATGAAAATTATAAAATCGGTGTTAATCAAATAGCAAGTTCTGATGTTTTCTTATCTGCAAATTTTAAACAAAAAGAAATTAATATTCCTGTAGGAGAATATACATTTTTAGTTGGGAAGAAAGAAATTAAGATTAGAAATAATGGAGATCTTGAATCTCTTGTTAGAGATGTTAATAATAGAGGCAAGGGATTTTTGTCTGCTAAAATTGTTAAGAGTGATAGTTCTGGTAATAGTAGGTTAATTTTGCAGTCTTTAAAGGAAGGTGAAAATAATAGACTTATTATGAAAGATGAAGCTTTAAATCTTGCTAAGAAAATAGGCATTTTAAGTGAACGTACGACAAATTTTAGTCCAAATATAAGGGAAATTGTTAATAGTCAACAAAATAGTAGTAATAAAATTTTTCTTGATAAAGATGATATTGTGTTAGAGCCCCTTTCAGAGATTGCAATAAGTATTCCAGACAATATTGAAATTGGTAAGGGGAGTAAAATTAAATTTGAAATTAAATATTATGATATGGATGATAAGAGTATTTTAAATGAAATAGTTTTTAATCCTGGTGAGGCTACATTTGAGGGTGCTAAAGTTGAAGGTGAGGATAGTATTATTAATCTTGAATCTGATTATAAACCTTTTTTGAAAGAAAAAAAATATATTCAAATGAATATGATTAAGATTCACAGTGGTACAGGTTCTTTAGAATTACCCCCAATCAATGTTGCAAGTGATTTTGAAAAAGTTGAGGTTGAAGTTGGGTCTCTTTTAGGTTTAAAGGAGATTAATATTGAGAATAAATTAAATAATAAGGCTTTTGTTATTCGAAATATTGAAATATTTGATCCAAAAAACAGAGATGGTCATTTGCCAATTAATGCTAAAAGCTTTGCAGAGAATGCAAAAATGAAGTTTGATGGAGTTGATGTTGAACGAGATTCGAATACTATTAATGATTTAATACCAAATGTTACATTAAATTTAAAACAGTCATCAGATGATACTGTTGATGTGCGTGTTGAACCTGATTATGAAGGGATTAGGAAACTTTTATTAGATTTTTTAATTGCCTATAATGAAGTTTTGGCTGGGATTAATATTGTAAGCTTGAATGAAGATAATGTGGATACTCAAAAGTCAGATTTATTAGAGGAATGGTCTTATTTAAATGAAGAGGAAAAGGAAGAGGCTTATAAAAATTTGGGAATTCTTAGAAGTGAATTTACACTGAAAAATCTTAAATCAAGATTAGAATCAATAATGTTTAATGTTTATAGAACAAATGATCCTAATTTTTCACTTATTAATCAGATGGGAGTTTTTACTAGTTCTATGTCTTCATCAGGAGGATTTTCACGTTATTTAAAACTTGATGAGAAGAAATTTAATGAGGTTTTACAGAGTAATATTAGTTCAGTTAAAGAGTTTTTTGCGTTTGATTTTAATGATGATAGAATTTATGATGATGGGCTTGCTAAGGTGCTTGGTGATTATTTGTCTCTCTTAATAGGTGCTGGGGGATTTATTTATAATAAGATAAAAAGTTATGATTTTAGAATTCCCAATCAAAAAAATATGGTTGAAGATTATAAAAGGAAATATGAAGAGAGAGAAAGAAAGGTTGAAGGAGAACTTAATACTTTGGATTTTACTGTAAAGCGAATGAAAGAACAGGAAGAAATTCTTAAGTCTTTAAATTTATATAGACAAAACAAGTAACAAATTTAATTTAAATGAATATTGTATTTATTTTTTTCTTGTTTTTGTGATATCCTTTTAAAAAGACGACAAATGGATTTGTCGAAAACATCAAAATTATATTAATTTATCACGGAGGAAATGATATATGATCATAAATCATAATACGTCAGCTATAAATGCTTCAAGAAATAATGCTATTAATGTTGCTAATCTTAGCAAAACTCAAGAAAAACTTTCTAGTGGGCATAGAATTAATCGTGCATCTGATGATGCTGCTGGTATGGGTGTTGCTGGGAAAATTAACGCTCAAATTAGAGGGTTATCCCAAGCTTCAAGAAATACTT
CP169960.1_gap14	778840	781791	2951	AGAGAGATTCAGTATAGAGTTGATAATCGTGTTAAGAGTCTTTATCCTATTTTAAATTCTTATGCTTTATCAGATAGAAATTCTCTTGGTGGGTCTCCTATTGCAATTAAAATTAGATCTTTGAATTTTGAATATGCAAAGGAATATGGAGAATTGTTGATTAATCTTTTAAAGAAAAGATTTCCAAGTCTTATAAATCCTAGACTTAATATACAAGAAGAGCCGCAAATTGATATAGATATAGATAGGGAGAAAGCTTATTCTTATGGGATTAATATAGAAACTATTTCAAGAGAAGTTGGAGCCAATATTGATGGGATTTCGGCAGGAAAATATGTTGAAAATGGAGTGAGTTATGATATTTTGCTTAAGCTTGATAGAAATAATATTGTTGGATTGAAAGATTTGAATAATATATTTGTTATAAATAAATTTGGTGTAAAAATTCCTCTATCTTTAATAGCTAATTTGAGAAAGACAAAAGGAGTTAGCAGTCTGTTGCGAGAAGATCAATCTTTGGTAATTACACTGACAGCAGGTATTGCTCCAAATGAAAGTTTAGCTTCTGTTACGGAAGATGTAGTAGATTTTGTAACTAATAAAGTTCCACAAAGGGATGGTATATTGGTTAAATTTGAAGGAGAATATGATTCATTTATAAATAGTATGCAGCAATTTAAAGTAATAATTTTAATGGCTGTCTTGCTTGTATTTGGAGTAATGGCAGCACAATTTGAATCTTTGCTAAAGCCTTTTATTATTCTATTTACAATTCCATTGACTTTAATAGGTGTTATACTGATTTATTTTATATCAGGAGAAAAAATTTCTGTTTTGAGTGCGATTGGTATGCTTATGCTTGTTGGTGTTGTTGTTAATACTGGTATTGTATTGGTGGATTATATTAATTTATTGATTAAAAGAGGATTTAAGCTTAGAGAAGCAATAGTTGAAGCGGGTCGTTCTAGATTTAGACCAATTTTGATGTCTTCTTTAACCTCAATAATAGGACTGTTTCCAATGGCATTTTCAAATTCGAATAATAGTGAACTGATTAAACCAATTGCTTTTACCTTTATTGGTGGAATGATTGCTAGTACATTTTTAGCTTTGCTTTTTATTCCTATGCTTTTTGAAGCTTTTTCTAAGTTTTCTATAAAGAATTTTATTTTGATAAAATTCTTCTTTTTTGTCTTTAAAAGAGATCGTAAAAAGAAACAAGATGGCTTATTAAATAAAAAAGAAAATAAAGATGTTATTTCTAAAATTGGTACTGATAGAAATGTTAAATTTAATGATTTTTTTATTAACGAAGATGAAAATTGATATGGAGGATGTGTGTATAGGGTTGAAATAATTTCTAACTTTTCTTTAGAATTTGATTTTCATGAATGTATAACTAGTATAGAAGAGGAATTAGGAGAGGTTATATATTATTCTAAAGTATATAATGTTAAGGGTAAAGGAACAAAAGGTGAAAGGCAGGGTAATGAAGTATGGCCTGAAGAGAATTTTATTTTTATAGTTTATACAGATAAGTTAATTATTGTAGAGAAATTAAAAAATATTACTGAAATTTTGGATAAAAAATATCCTACTGAGGGAATTAAATTTTTTGTTATTGGTAATTAGGCTTTTATTAATTTTTACTTTATATAATTTTGTTTTATAGATGTTTGTTAGTAATTTGAGAATTTGGTAAATATTATAAATTGTTACATTAAATAAGATTAAGATATATCTTATTAATTGGTATATTCTCAGGCAAGATTAAGTTATGATTTTGTTATTTAAAATGTTATAATTGTTAGTAATAATTCTTTATAATAAGTTTGTAGTAGGATCATATGTCAATAGTAAAGACTTTTTTTGAGATTGCTAGTAAGCATGGTTGTGGAATTGCACAAATATATAAAAATAATAAAGACTATTTTAAAGTTACTTATGCTGATTTGAAAGAGAATGTTTTAAAATTTGCTTCCTTTTTAAGGAAAATTAATTTAAGATATCAAGATAAAGTATTTATTTGTTCTGAAAATAGAATTGAATGGAGTGTTATAGATTTTGCGATTTTATCTTTAGGTGCTGTTGATGTTCCTAAGGGTATTGATATTACTCTTTTTGAGGCTGAAATAATTATTAATAATATTGTTCCGAATGTAATCATAGTTGAAAATGTAGATCTTCTTGATTTAATTATTAAGCTTAAGTTTCAAATAAAACCTACTGTAATTGTTATTGATGATTTGTATGAAAAAGATAAATTACGTTTTAGTGAGTTTGAAGTTTATACTTATAAAGAGTGTATTTTAATTGGAGAAAATGCGAGACAGGATGAAGAGATTATTGAGACTGTCAATAATATTAGTCTTAATGATATGGCAACAATAATATATACTTCTGGTACTACAGGAAATCCTAAAGGAGTGATGCTCTCTCATGCTAATTTTCTTTATCAGGTGTCTAGTTTTAGTCGGATGATTAGTGTTACTGAGGGGCAGATATTTATGTGTATTTTGCCAATTTGGCATTCATTTCAAAGGTCATTTTCTTATAATATTTTTCTTAAAGGTATGACTTGTTTATTTTCAAATATTGTTCCAAGAAATATGCTTGATGATATTAGAAATATTAATCCTCATTATATTGCTGCTGTTCCTAGACTTTGGATTGCAATAAAACAAAATATTGTTAAAGAGATTTCAAAAAAAAACTTTTTTGTAAGGTTATTGTTTAGGATTTTTGTTAAATTTGCATGTATTAGTGACATTTGTCGTAGAATAATTTTAGGTTTATATCCTGATAATGGACTGGATTTATTAATACCTTTCAAAAAAATTTTAAGTATTTTGGGAGTAATAGTTTTATTTCCTTTGAATGTTTTGGGAAATTTGATTGTATTTAAAAAAATAAAAAAAGTTTTAGGCAATAATTTTGTTGTTGGTATTTCT
CP169960.1_gap15	865651	866171	520	AGGTAAAACTGGAGTTAAGGTGAAGACTTTTAGTTATAATTCAGGGGGAGTATTATATTTGAGTAATATTTTAAGTTCTTTCTCTAGAGATTTTAATGATTATTTACCAAAAAAGGGAAAAATACTTCAGATTAAAAAAGATGATGTTTTAATTAATCTTGGGTATGTAAATGATGTAAAATTAGGCGATGTATTTTTAGTTCTTAAAGAGGGAGCTTTAAAATATAATAGTGATAGTGCGAGCTTTATGAGTTATAGTAAATCAGATATTCTTGGGGAAATTTCTATTGAGGAGATAGGTGATTATATTTCTAGAGGAACTTTAAAATCATCTGCACTCTTAAGAGATTATATTCAGGAAGGATATACGGTTTTTATAAAAAAATAGTTTGACACTTGGTATTAATTAATTTATTATTTAATAATTCTAGTAGACAATAAAAAATGATGGAGGAGTTGTATGAAGTTAGCTATTAATGGCTTTGGACGTATAGGCAGAAATGTTTTTAAAATTGCTTTT
CP169960.1_gap16	896525	897046	521	TCTAGAGACAGGAATGAGGCGCTTGATCATGTGTTTTTAAGTGGTCCTCCGGGACTTGGAAAGACTACTTTGGCTAGTATTATTGCCCTTGAAATGAATACTACGATTAAAATAACTTCAGCACCAGCTTTTGAGAAACCAAAAGATATTGTTGGAATTTTAATGACCCTTAATGATAAGAGTGTTTTATTTATTGATGAAATACATAGACTTAAACCTGCAATAGAGGAAATGCTTTATATTGCAATGGAAGATTATAAGATAGATTGTATAGTTGGCCAAGGTGCTGTTGCAAGGACTGTAAGAATGTCAATTCCTAAGTTTACTTTAATTGGGGCTACTACAAAGCCAGGAAAAGTAGCGTCACCCTTGTATGCAAGATTTGGAATTGTATTTAGATTTGATCTTTATAATGAGGATGAGCTTTCAAAAATTATAAAAAGAAGTGCTTTTATTTTAAATGTTAAATTGAATGATAAAGCTGCCTTGCTTCTTGCAAAAAGTTCAAGAGGAACTCCTCG
CP169960.1_gap17	898298	900901	2603	TTTTACAAATTTTCATACACCAGAATCGACACTTTTAATGTTAGTCTCTTCTTTTGGTGGTAAAGATTTCGTATTTGATGCTTATAGAGAAGCTGTTACAATGAATTACAGATTTTTTTCTTATGGTGATGCTACTTTATTTTTAAGTCATATATAGATATTAATGATTAATTATTTTAGTATTTACTTAATAATAATTTAGATACATCTTGAAAGGAGAAGATATATGATTTCAATTTTGCAAAAGGAAAGATATAAGTATGTTCCAAGGTTGCCAAAAATTTTAACAAATGATTTTCAAAACATTAGTGTAGTTTTTGGTGACAAGACAGATGCTCTTGGAAATAAAGATGAGTTAAGAGAAGTTTTTGAAAATACTTATGGACTTCCGGTTGTTAATTTTATTCAAGGTTCTTCGAATGTAGATTTTACAAAAATTTTAAATGTAGGAATAATTCTTTCAGGTGGGCCTGCTCCTGGAGGACATAATGTTGTTGCTGGTATTTTTGATGCAATAAAAAAATCTAATTCAAATTCAAAAATTTTTGGTTTTAAAGGTGGTCCTGCAGGTTTGTTAGATGATAAAAAAATTGAAATTACACAAGATCTAATAGATGCTTATAAGAACACAGGTGGTTTTGATATTGTATCTTCTGGTCGCACTAAAATAGAAACCTATGTTCAATATGAGCAAGTTTTGTCAGTAGTTCTTAAAAATAATCTTAATGCTCTTATTATTATTGGTGGCGATGATTCAAATACTAATGCCGCTTTATTAGCAGAGTTTTTTAAGAAAAAACATCATGATATTCAAGTTATTGGTGTCCCTAAAACAATTGATGCTGATTTGAGGAATGAGCATATTCAAATTTCATTTGGATTTGATTCTGCTACTAAAACTTATTCTGAAATGGTAGGTAATTTATGTCGTGATGCTATGTCTGCTGGAAAATATTGGCATTTTATAAAGATAATGGGAAGAAGTGCGTCTCATGTTGCTCTTGAGTGTGCTTTAAAGACGCATCCTAATATTTGTATTATATCTGAAGAAGTTTTGGCAAAAAATAAAACTTTATCAGAAATTGTTGAAGATATAGCGTCTGTTGTTATAAAGCGTTCATTGAAAGGGTATAATTTTGGTGTTATTATAATTCCTGAAGGAGTTATTGAATTTATTCCTGAAGTTAAATCTTTGATGATTGAATTGTGTAGTATCTTTGATAGTAATGAAGAGGAATTTAAGGGATTAGATGTTAAGGATATAAGAAAAGTTTTTATCTCTAAGCTTAGTGAGTATATGAAAAAAGTTTATGTGTCTTTGCCATTATTTATTCAAATTGAACTTGTAAATTCTGTTTTAGAGATAGATCCTCATGGTAATTTTCATGTGTCTCGAGTGCCTACTGAGAAGTTATTTATGGAAATGGTTAGTGTTAGATTAGAAGAGTTAAGAAATCTTGGTGAATATAGTGGTAAATTTTCTCCAATTGATCATTTTTTTGGTTATGAGGGTAGAAGTGTTACTCCTTCAAATTTTGATAGTGATTATTGTTATAGTTTGGGTTATAATGCTGCATTGCTTGTTTTAAATGGTTTTACAGGCTATATGTCTACTATTAAAAATTTAAATAAAAATTCTACTGAATGGATTGCAGGTGGGGTGCCTATAACAATGATGATGAATATGGAGGAGAGATATGGTGTTTTAAAACCTGTTATTAAAAAAGCTCTTGTTGATTTAAATGGAGCACCTTTTAATGAATTTGTGAAGCATCGTGAACAATGGGCAATCAATAATTTATATGTTTTTCCAGGGCCTATTCAATATTTTGGTGCATCTGAACTTGTTGATGAGATAACTTTAACATTGAAGTTAGAATTGGAAACATGAATTATTAATGATGATTATATTTTTGCTTTTTATTTGCAATATTTTTATCCTTTATTCAAATTCTTTAGGTTATACTAAATTAGATTTTGAATATTTAAATTTAAGTCAAAAATTTTCGCTGGAGAATGAAATTTATTTCAGCGAAAATAATACTAATTTTGGTAATGAAATTTTTGATAAGTTTCAATTTAACGATGATTTTTTTTATAAAGATATTCAGGAAAATAAGGATTTAAATATAGAAAAAACTATTAATTCTAATTGGGGTAAAAAAGTTTTTAGGTTTTCAGCAATAAGTATTGGTGCTTTTCCTATAGCTTTGTTTTTAGGTTTGTATTGTTTTGATTTATCTTATTATTTTAATAGCACTGGTGCAAAAAGTTTCCCATATCCTTTTGCGATTAATTTTAAACTTTCTAAAGATGAAAATTTTAAAAAATTTGTAGTTTCTACGTCAGTTGGACTTGCAATATCATTAATTATTGCTTTGATTGATAGCTTGATTTATTCTTAGATGGAAAAACTTAAAAAAGAGTTTATTGTAAAGCATAATTCTCAAAGATTAGATATTTATTTATCAGAACATTTGTGTCTTTTTAATAGAAGTCAGATTAAAAAGAGGGAATTAAAAGCATTTAAATTTAATGATGGTTATTTTAGTGCAATTAAATTATCTAAGCCCGTTTTTATAAATGATAGAATATTAATAGAA
CP169960.1_gap18	908022	908716	694	TTGGTAAACTGATGATTTCAATATCTTTAAGTGAATATTTTATTTTACTATTTACTAGTGGACTTAAAGCTTTGAGCAATGATTCTTTTGCTGAAAACTTACCGGCTAAACTTTCTAAAACTCCTTTTCCTTTCATTTTTAAGTTTTCAATTTCTCTTTGTGTAAAAAATCTTTCTAGTTTTTTTTTATTTTTTAAAAAACTAGAAAGTCTCATGACCTTTATTATATCACATCCTATTGATTTCGTCATTTTATTATTCATTGGCAGTTATTTCTACTTGTATTGTTTTAGGTTCATATTCATATACTTCTATGCCATAAGTGTTATTTTTAAGTATTATGTCTGTTTTAATATCATAAATTCCGGGATTTTCGATTTTACTTAAATCGAGGTTAAGATTAATATTGTTATTATTTATATGCATTTTGGTGATTTTTTCTGATAGTCCACTTCTTATTTTGATAAACATTTCATTTTCTGAATCCAAAATTTTTTCTTTATTTTTTATTTCTAGCCCATTTTTTAGATTATTAAAAATTAAGTTAGGTTTTGTTATTGTTGTTTGTATATATTTTTTACCTAAGGTAATGTTAAGTATTACGTGGTTTTTTTCAAGCGTTATTAATTGATCTGGAGATATTACTTCAAGATGATCAGAAATAAATACAGTGTTTGTGTCAAATTCTTTTATTT
CP169960.1_gap19	909947	914135	4188	TTTATAGATATAATAGACTAAGATGCTAATTAAACTTATGTCTAATATCCTAGAGATGATATCTTTGATTTGATTTATATTATTTATGTCTATCATAAGCATTTCTTTTTAACTGATGTTGTACATAATATAATTTTACTATACATAATGTATTGAATATATTCATACTTGTATATATATTTTAATACAAGTTAATCTTAAATTAAATTTATTTTTTATTTATGAGTAAAAAAGAAAAAATTATAGCTTTTATCTTTGATTTTGATGATACTTTAATTTATGGTAACATGCAGCAAGTACTTTTTGATGAGTATAATGTTGATGCTAATTTGTTTTGGAGTGAAGTTGAAAATTTATCTGTTACTTATAATGAAAATAGTTGTAATATTATTACTAATGAGATGATATATTTATCACATTTTTTAACTTACGTAAGAGAAGGTATTTTTAGAGGATTAAATAATAAAATATTATTTGAATTAGGTTCAAAGTTAAAGTTTTTTGAAGGTGTGATTGATTTGTTTAAAGAAATAAGTGATATAAATGAAAGTCTAAAAAAATCAGATGCAATTGTCAACATTTATATTGTGTCTAGTGGTTTTAGACAAATGATTTTGGGTAGTAGTATTGCTTCTTATGTTACTAAGGTCTGGGCTTGTGAATTTGTGGATTCGTACCTTATGCCTTTTTATCAGAGTTTAGATAATAAATTTTCGGAAAATAGTGTTTTAAGTAGTGTATGTTATTTTGTAGATCATACAATAAAGACTAGAGTAATTTTTGAATTAAATAAGGGATCTTATGATAAAATTAATAAGCGAATTCCAAAAAGTAGAAGAGAAATTCCTTTTGAAAATATGTTTTATATTGCAGATGGTTTTAATGATATTCCAGCTTTTGAGATTTTGAATAATAATTTAAATCACTATAAAAATACATTAACAGTTTATTATGGCAATAATGAGAATGCTAAAAAGTTAGTTAAGGAAAAAAGGGTAGGAGATTTGGCTGAGGCTAATTATGGTAAGGGAACTAAGTTGTATAATTGGATAATGGAAAAAATTTTTTCAAATATATGAACCATGTATATGTTTTGTATGAGTTTAATTTTAATTAATGAATTTAAGTTTTAGTATTGACTTTACTTTTAAATTATTTTTCATAATAATTTTAATGGGGGGGAAATAAGAGATGGCTTTAGAAATAAAAACAACCGATAGATTTAAGTTTGTTAGATTACAGTCGATTTTTTATGTTGTAGCTTTAATTATAATGTTGATTACTATTTTAAAAGTGGCCCAAACGATATTTAAGCCTTTATCTATTGCAGTATTGCTTGGATTTTTAGTTTATCCTATTTATACTTTTCTTAAAAAGTTAAAGATACCAAGAGTTTTAATTATTTTTATAATTTTTTTTGTTCTTTTTTTATTTTCTTATTTAGTTTTTAGCTTTGTATATTACAGTGTTACTGTTTTAATTGATCAACTTCCTTATTATCAAAAACAATTGATTTTTATTATAGTAGATATTCTTGAGAAGTATAAATTAGATAGTGCTATTATTAGTAATATTGATTTTTCTAAATATATTTATCCTTTTTTAACTAGGATATCTAATGAAATTATTGGATTTGCAAGCAGTTTGGTGGTTTTATTTTTATTATTATATTTTTTGTTATCAGAAATACATATTTTTGACATAAAAGTTAAAAATGCGTTTAAACGATCTGTTTCAAGTATGTTTATTGAAGTTTTGAGTACAATCAATAATCAAATTAGTAAATATTTGGGAATTAAGGTGTTTGTTAGCTTTCTTACTGGATTGTTGGTATTTATAGGTTTAAAGTTGTTTGGGCAGGATTTTCCTCGTGTATGGGCTGTGCTTACATTTGTTTTTAATTTTATTCCAAGTATAGGTTCGATTTTGGCTGTTTTTTTTATTATGATAGCTGCTTTGGTGCAGTTTTATCCTGATTTAAATTTAGTGCTTTATATATTTATATATAATACATTTGTTCAGATGTTGATTGGAAATATTCTTGAGCCAAAGATGCAGGGACATAGACTTGATCTGTCTCCTTTTTTATTGCTTTGTTTTCTTTTCTTTTGGGGATGGCTTTGGGGCATAGTGGGACTTTTGATAGCTTATCCTTTTACAGTTATTATAAAGGTAATAGTAGATAATATAGTATATTTGCGACCTTTTTCTGTATTTTTAAGTGGTTCTAAGATATTAACCCTTGATAATATTGATAATAATTTTAATAATAAGAAAAATTGATGCAAAAAAAAGTTATTCTTACAGGTGATAGGCCTACAGGTTCTCTTCATTTGGGGCATTATGTGGGATCTATTGTTAACAGATTAAAGTATCAGGAAGAGTATGAGACTTATATTATTATAGCGGATTTACATACTCTTACTACACAATCAGACCTAAAGAGCATTAGTGAGATATCAATTAATGTTAGAGAAATAGTTTTGGATTATTTGTCTTGTGGAATTGATCCTGAGAGAGTTAATATTTATTTGCAATCAGCAATACCTGAGCTTTTAGAGTTAAATTTAATATTATCAATGATTGTTATGGTTAATCGTTTGCAAAGAATTCCTAGTATAAAAGATATGAGCATTAATGCTGGACTGAGTGAAATTCCTTATGGGCTATTAGGTTATCCTGTTTTAATGAGTGCAGATATTTTAATGGCAAAGGCTGATTTTGTTCCTGTTGGACGTGATAATGAATCTCATATTGAGCTTACAAGAGAACTTGCTAGAAAATTTAATTTTCTTTATGGTGAGAATTTTTTTCCAATTCCTGAAGCTATATTTACGGATTTTCATACTCTTGTGGGAATTGATGGTAAAACTAAGATGAGTAAAAGTCTTGGTAATGCAATATTTTTAAATGATGATGAAAGATCATTACGCAAAAAAGTTATGTCTATGTTTACAGATCCAAAAAGAATAAGAGCGGATATACCGGGAGAAGTTGATGGTAATCCTGTTTTTATTTATCATGATCTTTTTAATAGTGATATGGATGAGCTTTGTGAACTTAAGAGTAGATATAAAAAAGGTACAATTGGAGATATTGAAGTTAAAGAGAGACTTTTTAATGTTTTAAATCAATTCTTAATTCCAATTAGGGAGAGAAGAGAATTCTTTAAAGCTAAGAAGGGTTATGTTGATGAGATAATTTTTGAAGGTACAAATAAGGCTCGAAAGGTTGCATTAGAAACTGTAAGAGATGCTAAGAATTTAATGGGTATATCAAAAACATGGAATGGAATTAGAAGGAATATAGAAAAAATGGCGAAATATAAATAAAAAAGTAATTTTGAGTATTAATTGTTTTAATTGTGGCTATAAAGTAAATTGTTAATTTTTATTTTCAGTGTTGAGATTATATTATTGAGTTTGCAGTTTTTATTAAGTGTTTGTGAAAATCCAAAATATCGTATAATAAATTGTGATATTCAGATTTAACTTCGCTTAGTACTCTGAATATAGGTTCTGTTTTTGAGCCACGCATCCATAAGCTGCCAATTATTTCGTGTTTGTCATTTTTGAGTAAAACTTTAAGGCCTCCTGATGCATCACGGGTTCTAGTAGTAGTTTGTGTTATTCCTTCGTAATTAAGGATTTCATAATTGTTAATTTGTAATTGGTTTATTATCGTATTATTTTTGTTAAATTCTGTTTTTAATAGTTTTTCATAGTTAGTTTTTAATGTTTCTTGATTTTGTACTCTTATTTTAAGTATAGCTTCTTTTGATGATACTTCTACATTACTGTAAAAGTTGATTGTTTTTAATATGTCATCGAGATTATAGTATTCATTATATGAATTTTGAGATAATGTGCACCATATTTTGTAAAGATTTTTGATTTTAAGTAATTTTATAATGCTAAAAACAGTTGCAAGTGGGTCTCTTACCTTTGAAGGATGTGTGATATTTCCTCCATTTGATCCTTCTCCAAAAATTTTTATTATTAGTCCTTTGTTTCGTAAAATATCAGCCATTTCTGTTAAATTTGCTTCTCCTACTTCAACTCTGTAAACTTTTGCATTAAATAGTGAGGCTATTTTTTCGATATTTAGAGAAGTTGCATCATTAACCACTACAGCTAAGTTTTTTTTAATTCCTATATGATAAAGGTAACTAAGTTCTGAGAGTACTGA
CP169960.1_gap20	931832	932332	500	TTGCAAGAGGAGGAACAGCAGCTCACCTATCAACTGCTGATACACCAAAAGCATCAGCAGCAGTAGCAGGGGGTATAGCGTTACGTTCATTAATATGCGAAAACTATTATTTGATATTCAAAACTTGTTTGATCCTGAATATGAGGAAATGTGAAGAAGAAATTTTGAAGATTAAAGGGTAAAATGGCCCTTTAAGGGAGTTTATTCTAAAGCAGGTTATAAAAAGATTATTTTACAAAAATATGAACAAGAGACTAAGGCTAATGATGTAAGTAAACTCTTGGAAGATTCTCGACAAATGGTACTTAGTATTATGAGAAGTTCATATAAAAAATTGTTATTAGAATTGGAAAAGAATTCAAGAAGTAAAAAGCTTTTTAGAAGAGTTTGTGTATAAAAATAAAAAATATATTAATGATTAATGAAATAGAATAGGTTATTACGTTAGTAGTAGTTTATCTATGTTTATTTTGTTGTTGCCAATCTATACTAATAACAAT
