gap_id	start	end	length	sequence
CP179890.1_gap1	3198	4291	1093	CAAAGAAAAAAGCCAAAACTCATTGGATTTTAAAAATTGATCAGTATCAAAAATGCAAGATTTGCGGTGCAGAAAAAAGAAATAAGCTGGGCGATATTAGTATTAAAAGAGGAAAAAGATTCTGCAGACATGATTTTAATTCTTTTATAGGAAGCTGCCAGTTAAAAAAAGTAGACAATCACAGGTTTTTTTTAAATATGTTTTTAGCAGCCAAGAGATTATGGGAGCTTTCCAATAGGCAGCAGCTCTCACAGATCAAAAACTATCCTAATATGACTAAAACTCATTTAACTCTTTTTTAATATTCAAATGGAAGAAAAAATTACAAAAAAAATAGCTGATGAATTGATGAAAATCAAAGGAGAGGTGAGGGGGATTGCTCCTAAAAGTCATGTTCAGTTTGTTGTTGAGGAAAAAGGAGAAGAGGTTTTTAAGAAAGTAGAAGATAAGATGGCAGAGCTTGGTCAGATAGTAAAGTATAAGAGTATGAAGCCAATGAGTTTTTATCCAATAGGACTGGAAGCTGTAACGCTTTTAGTTGTAAGAGAGCTTTTTAATCTTAGTGATGAAAAGTTAAGAGAAATAGGTGAGTATCAATCAAAAATTTCTTTAATTGTTAAGCTTTTTATGAAATATTTTGTTTCTATGCAGGTAATAGCTCAGAAAGCGCCAATTATGTGGAGAAAGTATTACAATATAGGATATTTTAAAGTTACAGAGCTAAACGAAGAAGAAAAATATGTTGTTTTAGAGATTAAAGATTTTAAGATTCATTCACCTCATTGCCGGATGCTTGAAGGATATTTTGCCAATGTGGTTAAAATGGTTGTTAATAAAGATACTGACTGTAAAGAAACCAAGTGTCCTTTTAAGGGTGATAATTATCATCAGTTTTTAATAAAATGGTAGAAGATATTATTACAAAAAAAATAGCTGATGAGTTAATGAAAATGAAAGGAGAGACAAGAGGAATTTCAATTAAAGGTGATATTGATTATGTAATTGATAAAAAAGGCAAAGAAGCTCTAAAGAAAATTGAAGATGAAATGAGAAACCTTGGTTATCCAATAGATTATGAAAAAATGAGAAACAT
CP179890.1_gap2	79163	83043	3880	TTGACTAACAACTCTTCCGTGATCACTGCTCGATCTGTCTCTTTGAAAACTATACGTGGCTTGAGCAAACTGTATTGAAATATGAAATGCTGAATAATAAGACCTGTTGATCGCCGAACGAAACATTGATTCACCACTTAAATCAACTAATGTCTTGGCTAACGCTAAAAAATCGTCCCAACTTGAGAATGGCATAATAATTATGATCTAAATTCAAGATTTATATTAAAGAATTGAGAATCTATTCCTAAATCATCGAAGATTTCTTTATCAGCTTTTTCCAGCTTTTCTAAAGCTTTTTGGGGTGACAAGTCAGTTACGATATAAAGAAATAGAATTTTTTCAGGAGTAGTCATTTCGGGTTCGAAATAGGTAACTAATTCTACCTCAAGAGATTCTTCGGTAAAATGCCTACGAATAATACTCTTTGCATTAGATAGATAGTTTTTAATTTCTGAGTGACATTTTAAAAAGGCTAAAATCTCTGATTGATTTCTTAAGATGATGCTGTCGTCCAAGGGAGGAATAATCGCTACTTCGATGGGAGCAACGACATAGGTATAAGTGCCTCTCCAAGAATCGTGAGTTTTTAATTCTGAAACATTAGAAAAAGAAAAGAGTTCACCATCTGTGTATTTTTCCTTTCCCCTTAATATATTTTTTAAAAAATCCCACGCCCAAAATTTATCACTCCTTGTTATCTGATCGTGTATAACTCCTGAAGGAAAAAGGTCTTCGTTAGTTATTTCTGGGCTCGGAGTTAGAATGTAAGAATCACCTTTTAATAACAGCTCTATTGGCATTTTATTTCTTTAAAATATTAAAGGTAAGAGGGATCTTCTTTAAAGTTTTATCATCAACTATTATCTCTACATTAAATGTGCCCTCTTCTTCGATTTTTAAATTTCTAATATTTACTAAAAAACCGAAGCTCTCATCCAATTCTTTTACTGGACCAATGTCTCTTTTAAAGGCCGGCATAATTTCTTTATCAGATGGAGACTTTATTACAACCTTAAGATGATGGGTATCTTTATCGTCCATACTGAAATTTAATATTAATGATGTATTATTCCTTATAACAGGCAAAGAAGAGGCGGTCATCTTCGAAAATATACCAATAATAACTGGGGTTCCATTCTCTAAAATGGATGCGTATTCACATAAATGAGAGAAGTTTAGTCTAACCATATTTTTATATTACATTAACTATTTACAAAAGTCTAATACGATAATTGTTATTGGATATAGACACTTTAAAATAGAATTGACCAGATTTCAAGAGCGTAATTAAATCATTGCTATATGGTATTACAATACAACAACATACAAAAAAGTAATGAAAAATGTAATTGAAATTTTAAAAAATTGGCCAGAATGACTGGGCTTTTAAAAATTATTGGCTTCTCTAACTGTTATAAAATCATCACTCTAAAACTTTCCTTTTAAAGACAAAACTTACCTTTTTTGTTTCAGGTTCTTTGAAACCAGTTCTACCAATCAAAGTAAAAATTCCAACCAATTCCCACCCTCTTCTGCCTAAACTATTTAACGAAACTTCTACTTTGTCGTTCCCAGCTGATATTCTTGTTCCACCAGTAAATCCTCCGCTACTGCTAAATTCTATTATATTATATTCCCATTTTGTCATAATTTATTTTTTAGCCATAATTTTATTTATTTAATTTCTTCAAGCTGTTTTGACAAATCAATTTGTTTAGTTGTCAAATCAAGGAGTGGAGGGACAAGTAAATACATTTCTAAAGCATTTGCATTGACTATATCAAAATCAAGATGGTTCGTTGCGACAAAAGCTTCTGAACAGTAAAACATAGCTTCTGCACTTATTGTTAATCTCTGGTCGGCTACTTCCATAATTTGTCGCCTGAGATTGTTTTCTTTTTTCAATAAAGCCATTGGCTCTTTACATTCGTCCACATATTCAATTTCTCTTTTTATCACTACTTCTGGACTTACTTTTTCTATAATTTTGGTTGGTGTCGGAGAAATAATCATTCCAATCATTAGGAAAGCCCCAGCGATTATCAATTCTTTTTTATTAGACTTTGCCCAGTTTTTAATTAGAAGTTGAAGGTTTTTCATCGTATAGATTTTATAAAATTATTTTAGCCATTCTATAAGTTTCTCGATTTTTTCTTTCGCTTTGGCTTTTGCCTAATAGATCTTACATTGTGGGTAGAATCATCTTTCATCTTTCTTTTAGTAATTCCTAAATAAGGAGATTTTTTATCTGATTCCCAAAACTCTTTAATCGGTTGTTTTACTTTAGCCATAATTTATCTTTTTATTTTTCATTTTATTTATTCTACCAAAAAATCGCCATAATGGCGATTTTTAGCGGCTCTGGTGGTAAGATTTAAAATTTATTCAACAACTGCCCTGATTCTTCTTATTCCAGAAGCAACTGATTTTTCTTTAATAATTTTAAAACTGCCTAATTCTTTGGTTTTTTTAACATGAGGGCCTGCGCAAACTTCTTTTGAAAACTCGCCTATTGAATAAACTATTATTTTGTCAGGATATTTTTCTTTAAAAAATACTAATGCGCCTGAATTTATTGCATCCTCATAGTTCATCTCCTCTTTTTTAATTTCCAAGTTTTCTTTTATTTTTTGATTAACGAGTTTTTCAACTTTTTTAATTTCATCAACTGTCATCTTTTCTGGATGAGAGAAATCAAAACGCAATCTTTCATGAGTAATATCAGAACCCATTTGTTTAACCTGCTCTCCTAATACTTCTCTTAAAGCCTGATGAAGCAGATGAGTCGCAGTATGAAGTTTTATAGCTTCATAACCAGCCTCTTTGCCAATGCCCCCAAATTTCTTTTCAGCTCCAGCCCGGGAAATCTCTTGATGTTTTTTAAAAGCTTTTTCAAATCCTTTTTTATCAACACTCAATCCTTTTTCTTTTGCCAATTCTTCTGTTAATTCTAAAGGAAAACCATAAGTGTCATATAAATGAAAAGTGTCAATGCCTGAAATTTCACCTTTTGCTGCAGCTTTTTCAAACTGTTTTAATCCTTGCTGTAAAGTATCTTCAAATTTTTCTTCTTCTTTTTCAATAATTATTAAAACAGTGTCTTTATTTAAACTTACTTCAGAATAATCATCTTTATAAATCTCAATTACTTGCTGGGCCAAAGGAGATAAAAAATTCTTAGGCAGAGCAATTAACTTGCCAAACCTTATTGCTCTTCTTATAAGTCTTCTTAGAATATATCCTCTCTCAGTATTTGAAGGAATAATTCCTTCAGAAGCTAAAAATACAATGCCTCTAATATGGTCAGCAATAACTTCAAAAGCCTTGGTATTTTTTTTATATTCCTTGCCTTTTGACAATTCTTTTATTTTTTCAAGCACAGGCATAAAAACATCAATTTCAAAAATACTGGTCTTATTCTGAACAGCTAAAGCTATTCTTTCCAATCCTCCGCCAAAATCAACGTTCTTTTGCGACAATTTTTCAAAACCCTTTTCTGTTTTTACATATTCCATAAAAACATTGTTCCCAATTTCAATAAAACGGCCGCAATCACAATTAACATGACAAGGTAAATCCTTCCATTGAGACTTTTCGTGACGCTTTAAGTTTTCGCCTAAATCATAAAAAACTTCGCTGTCTGGTCCTCCTGGCTCGCCTATTGGCATATCAGCAGGTGCTCCTGACCGAGACCACCAATTTTTAGTTTCATCATAATAAAAAATTCTTCCATCCTGTATGCCATTCTTTTTACTAAAATCAACATCTTTTGCTTCAATCTCAATATTAGCGAATAGTTTTTTCCATATTTCCACAGACTCCTTGTCTTTATCGATGCCAATACCTTTATTCCCACGAAAAACTGTTACATAAAGTT
CP179890.1_gap3	85623	88786	3163	GCCCTGCCTGTAGCAATTATCACCCAGTCTTTAGAAACCAGATCAAATCTTAATTCTGAAGGAAATTTCGTTTTCTTCTCACCTTTCATAAATACCCTGAATCATATTCAACCTTATTTTAAACAAATCAATTGCCATTTTAACCATGCTTTTGAGCTTCACTGAGCTTCTTTTGTCATTGACCCAGTAAACCGGAATTTCCTTTATTTTGTATCCCAGCTTTTTAGCAATAACCAGCATTTCAGCGTCAAAAGCAAAACGCGAAATCCTGGTTTTTGAAAATACATCTTCTGCAGCTTTCTTTGTAAAACCCTTAAACCCGCACTGGGTATCTGGAATACCCCAGAGCCCGGCCATAATCTGAACAAGCAAATTAAAAGTATTGCCTATCATTGTTCTCCAAAAAGGCTGAGGAACAGCTAACTTAGCGCCCTCAATGTCACGTGAGCCAATTATTATTTCATGTCCTTTTTCAAACTCTGGCCACATTTTTTCAATCTGGTCAATTGAGGTTGAATTATCAGCATCAGTAAAAAGACGATATTTTCCATTAGCTGCCAGCATTCCCTGCTTAACAACATAACCCTTGCCATGATTCTCTTTATTGTCAATAATCTTTAGGTTTTCAATCTGAGAGCTTAAATCTTTAACCACACCAGCAGTATTATCTTTTGAACCATCGCTAATAACTAAAATCTCCCAATCATAGGATTGTTTTTTCAAATACTGATGAATCTCTGGCAATGTTTTTGGCAGTTTCTTTTCCTCGTTATAAGCGGGAATAATAACTGAAAGATATGGTTCTGGCATGTTTTAATATTTTACCATAATCTAAAAAAGAAACAAAAAATGAGCGCCTGAAGCACTCATTAAATCCAAAAATACAAAAGAAAACTTTCAGGTCCTTTAATAGACAGAGTTGACCTTTTTATAACTGTTCCTCAATTAAAATATGATAAATTAACTGCAGCCGATGAGGAAAATTCAAGTCTAAAAATAAGAGAAAGGGTTGCAAAGACTCGTCAAATCCAACGAGAAAGATTTAAAGCAGAAAAAACCAACTCAGAAATAAAGATTCCCCAGATAAAAAAATGCTGCCAAGTTAATCTGGCAAGTTAGAGTCTTTTGAAAAAATATGTTGATTCTGGAAAATTATCAGCCAAGGGTTACCATCGGGTTTTAAGGGTAGCACGCACTATTGCTGATTTAGAAAATGCGAAAAACATTCTTTATCAGCACATTTCAGAAGCATTAATGTATAAAATAAGAGAAGATGTTTAGGATTTATGGTCTAGGGTTTAAAATTTTAAACACAGTAAACATCAAAAGGAGCCAAAAGGAGCTTGAAAGTGATTTGACAAAAAACAAAAGACAAAGTAGAAAAAGGTAGATTAAATTTAAAATTAAAAAGACGGAGGTTGAAGAAAAGAAGATGATTTTTAATGTTGAGATAGAAAAAATAGAAGTAGAAGACAGATATAAAAGTATAGATTTTGAAAATCTAAAAATGTATCATAAAGAATGCTACGGAGGAGAAATAGAAGTCAGTGAGATTAATGGTGGACATTGGTATAAAGACTCTAAACCTGAAAATTGCATAGCTCTTATTTGCAATAGATGCAAAAAAAGAATATGGATATTAAGTTGTGTGAATGTGAATATCTATAAATTGTTTGTAAAAACTGCGGTTGACGGGAAGAAAAGGGAAATAACATCAAATGCTTATGGGATAGGAGATGTTTTTACTGACTACAACCCCCAAAAACTATATAATGATAGTGCCCCATTTGAGATGAACAACGAAAATTCTTTATTCGTATCCCAAAAAGGAGTTGAGGAAGTTATACTTGAAGAACAAGAGTTATACTGTCCCTACTGTGGAGGTCAACTGATACCAGAAGGTTCATATTGCCCTTTTTGTGGAATAAAGTTAGATGAACGTATTGAAGAAATAAAAGAAGCTTCTGTAAGCAAATAATCTAAGTTTAAAAATTAATTTGGTGCAACAAGCACCAATTTTTTTTATTCCAAAACAGTCAATACCTCAGTTCCTTTTTCAGTAATAGCAATAGTATGCTCAAAGTGGGTTGATAATGAGCCGTTTTCTGTCTCAAACCCAAAACCATCGCTAGATTTAATAATCTTTCCATTCCCTGACATTGCGAGCATCGGCTCCAGGCAAAAAACCATGCCTTTTTTTATCTCTAGCCCAGCCTTTCTTTTCCCATAATTTAAAATCTGGGGTTCTTCATGTAAATCCCTGCCAATCCCATGGCCACATAAATCTTTTACCACAACAAATCCCTGGCTTTTAATATGCCTTTCAATTGTATTTGAAATATCCCCAAAAGTGTTTCCAACTTTAGATTTCTTAATTCCCCTCTTAAGAGCTTTTTTTGCTGCTTTAATAAGCCGACTTGCTTCAGGATCAACTTCTCCAATACTAATTGTAATTGCCATATCAGAATGGAATCCATTTTTAAAAAATCCCAGATCCAATGACAAAACATCTTTTTCTTTCAAAACCCTTTCAGATGGAACACCATGAACAATTTGCTCATTAACTGAAGTGCAAAGTGCTGCTGGAAACCCCTCATAGTTTTTAAATGACGGTTTGCCTTCATATTTTAAAACAAGGCTCTGAGCAAGCCTGTCTAATTCTAGAGTAGTGATCCCTGGCTCTACTTTATCTTTTAATTTATTTATTATGGAAGCCAGAATCTTGCCATTTTCTCTCATTATTTTAATTTCTAAATCACTTTTTATTGGAATCATTTTAAAGCTTTCAAAATACTTTCAAAAACAACGGCTGGTTCTGGAGAGCCATCAATTTTAATAATTTTTAATTCTTCTTTTTTGAAAAATTCAATTAAAGGACTGGTCCTGTCTTCGTATTGCTTTAATCTCACTTTAATTACTTTTGGATCATCATCTTTTCTAATAATTAACTTTGAACCGTCAAAAGGGCATTTAGTAAGCTTTTCCGTCTCCTTGTTGTAAATCACAGTGTGACGAGCAAGCTCGCAAGCTCTTCTATGAGAATTTCTAAAAAGAGATTCTTTTTCGCTTAAATCAATTAAAACAACCTGTAAATTATCAACTCCGCAAAGATTCTTTAAAAATGGAATCAATCCTTCTCCTTCATATAATGTACGAGGAGAAC
CP179890.1_gap4	97501	98823	1322	TAAATTCTCTACTGCCCTTTTAATCTCAGTTTTGTTTGCTCTGTCATAAACCTTAAAAACATACTTGCCATTTTTAGCTAAATCTGTTGCTTTTTCTGTTATATGCGGAGCTTTTAAAATCCTGTAAGCGAATCCTTCATCAGTTTTTCTCCTTGCTTTTTTAATGGTCTTAACTGTTTCTTTTTTAATTTCTTTCTTAGCTTCAGCAGCAGGAACCAAAGAAGGTTTCTTTTCTTCTTTCTTTTTTTCTGGTTGTTTTTTTCTTTTAAAAAAATCTCTTAATGCCATAGTTATTTGCTTTCTGGTTTTTTCTTTTTATCTTGCTTTTTCCTTTTTTTATCTAAAATTTTAGAAGAAGTTGCTTTGGCTAAAAAAGTTCCTTCTATTACTTCAATGCTTTTTTTAGGCATAATCAAATACTTAAAAGACATAATATCCAAGCAGTTCAAATCTCTGGCCTGAATAGTCCTTGCATAAGGAATGTTTTTGGTTGCTAACACTATATTCTTATTTAATTCCGGCAAAGCAATTAAGGAAGTTTCTTTTTTAGGAACAACTTTATTTAAAACTTCAAGCATTAACTTTGTTTTAGGTTTATCAACCTTTAACTCATCTAAAACAATCAATAAGTTATTCTTTGCTTTAGCTGATAATACCATGAATAAGGCTAACTTTCTCATTTTTTTAGGAATTCGTTTCTTAAAAATCCTGTCTTTTCTTGGGCCAAATGTTACTCCTCCACCTATCCAGATTGGCGAACGTATTGAACCATGCCTTGCTTTACCTAAACCCTTCTGCCTCCATGGCTTTCTTCCTCCTCCTCTTACCTCACCTCTGTTCTTGGTATGAGCTATTGGTCTTCGCCTGTTAGCCATTTGAGAGACAACAACCTGATGAATTAAATCATTGTTTGCTTTAACTTCAAAAACTCTCTTTGGCAGCAAAGTTTCTTTTAATTTTTCACCTTGTTGACTATGTATTGTAACTTTCATAAATATCTCTACTTAGACCTGATTTCCAATAAAGTTCCTTTTCTTCCAGGAACAGCTCCCTTTACCATTAAAACATTATTCTTTTTATCAATTTCAACAACTTTTAAGTTTTTAACTGTTATTCTGTCAAAGCCCATTCTGCCAGGCATTTTCTTTCCTTTAATAACTCGTGAAGGTGTTGAAGCTCCTATTGAACCTATTGATCTGATTGAACCCTTTGATCCTCTGGTGCTTGGCTGCCCCCTAAAACCCCATCTTTTAACTCCACCAGCAAACCCTTTTCCTTTTGAAAAACCTGATATTTTAACTGACTTAATATCTTCAAATAAA
CP179890.1_gap5	195165	199199	4034	ATAATGAGATGGGTCTTCATCGTTTGAATTGGGTGTTTCATCAGCAAAATCCCAAGTATAAGTCAAAGGATCATTATCTAGATCATAAGCACTAATATTAAACTTAACAGAGCAATCGGTTTGAGTGGTTGGATCCATACAGCAAACAAACTGATCAGTACACTGCTGGTCTGGAGTAGAAAAATGAGCAGTATAATAATTTAAACTAGTGATAATTGGCGCACTATTTCCAAGATTTTCAGCAACACTAACCAATACTTCATTACCCCATCCCACCTTTCCCGCTGCATCTCTACAGGCAAATTTCATATAATAATCATCAGAAGTAGCAAAAATATAATTAACTTCAATGGAAGTAGGAAAAATAGAAACAGGGTTTGGTTGTGGTTGATAAGTTCTATTTTTTTTATAAAGCCAACAAGCAGAAATACTACCTGAATCATCTAAAGATGCAGTAAATGTTTGCTCTATTCCCTGAGTAGCAGTTAAGGGAGAAATCTCACCAACAATGGGGTCTGTAAAATCAATATTATAATACTTAATTGAGTTATTTTCTTCAGTGGGAATGTGCTGATTACCAGCATTATCCCGAGAACGAACCTGTGCCCAGCAAGCCTGGTTTCCCTCATAAGGACAATCTTCGCCTGATCCTACAGTAATAGTAGCTAGAGAGCTACATGTCCTTGATAACCAGCCAGTTGAATACTCACAAGGAAAAGGAGTGCAACTATAGTCGTAAGAAATAGCCTTATATTCACAAGCAGTTAAATCTAGCAACGAAAGCAAATCTTCATCTGAAGTTTCTAAGAATATGTCAGTCTCGTGCCAAGAATTTGAACTTGGACTTATAATTTGAGAACTTGGTTGATCTTTGTCAAACAGCGCTTTAATTGGCGAACTCTCAGTTCCTATATTGCCCATATTGTCTAAAACATGAATTCCATACCAGTAACGCTTGCTTTCGTTAGGAGAATCAGAGGCAGAGCTTAACCACAAATCAGAATCAGCTGGAGCATTATAATTTGCTCCAATTTGACTCCACGTACCAGGAACACCACCAACATCATCTGCTCTCCAAACCTCAACGTGGCTCAGGTGAGAACCGCCCGAATCACTAACAGTCCAGGAAATATCAATTGAAGTGCTGCTCCAATTAGGATCTGATGGGCTGACATTAAAAACATCAACAACTGGATCAATTGAATCAATATCTACTACTACCTTGTAATCAGAAGTTCCACAAATCCCCCTATCAGCACAATTAAAGCTAATCCATCCAATTACTGTATCTGACCAAGCCCAATTTCTAAGCTCATTAGGAGAAGTTGAATCATCCTGCCAAACCCCATAATCTGTGTTTCTTAACCTTATCCAGCTATCTATGTCTAAGGCTTTTGCCCAACCAGAAACTTCTTTTGTTGAAAAATCAAGTTTCGCCTGACAGGTCCCGCTTGGGCAACCAACAAGCCCTGCTTCGTTAAAACTAATCCAGCCAATATTTTCTGACCAGGAATAACCAGAAAAAACTCCTGTTGAAAAATCAATATTAACCCCATAAATTATGTCTCCGCCACCACTTGTATTATTAAAACTAATCCAGCCAATATTCTCTGACCAAGCCCAACCAGAAACATTATCATCTACTCCTGCATCTGTTGGCCAAGCAATAAAAAAGCCCAAAACAAGAAAGCTTATCAGTAGAAATGTTTTGTTTTTATTTGAAAAAAAGCTCATATAGAAGAATGGTCTAATTATTACTATTTTAGCAAAGACCCATAAATTAAGAAATACCAAGCAGGTAAAACTGTAAATAAAAATCAATTATCAAATTTTCAAAAAATAAAGCTAAAAAAGTGCCAAGAACTAAAAATGGCCCGAAAGGAATCTCTGATTTAAAAGTCTTTTTACCAAAAATAATCAAAATTATTCCAATAATTGCACCAATAAAAAATGCTGAAAATAAAGCGATTAGTATTTTAGGAAAACCTAAAAATAGGCCCATAAAAAAAGCTAGCTTCACATCTCCCATACCCATCCATTTGCCCTGGGAAACTAAAACTATGAATAAAAAAAATAATGAAGCGCCAAAAGCAGAATAGATAGCACTTAGCACTTTGTCTTGAGTATAGAGCTTTAAAAAACCTGTTATTAATATAAGCGGAAAAATTACTTTATCAGGAATTATGTAGTGCTTAAAATCATAAGTAAAAATAATTATTAGAAAACTAAAAACAAGAAACAAGAAACAAGTTTTTAAGAGGACAAAAGAGGAAGGATTGTATAGTAACAAATCAATATTCTGAGAAATTATTAAAACAAATGAAATAGCTGTGGCCAGTTCCACTAAAATATATTGAATTGATATTGGTTTTTTACAATAACGGCACTTGCCTTTTAACATAAAAAAACTTATCACTGGAATCAAATCATACCACTTTAAGTTTGTTTTACATTCCGGACAATATGATTTACCAAATAAAAAATCCTGGCTTATTGAAAGCCTATAAATCACTGAATTTAGAAAAGAGCCAATAATTAAGCCAAAAATAAAAACTAAAAGATAAATTAAAAATTCCATCTATCTATTAAAATAAATTCCATATAAATTATCTTAACACTTTAGCTGATTAAAATAAAAAACTGACAACCAATGCTGAGCTGTCAGCTTTCTATGTTTTTTTTAAAATCAGTCAGAATTACCAGATAAAACAAGTACATCCGCCCGAAGTACTTGGAGCTGTAGCTAAACTTAACTTCCTAGTGCCTAAATGAGTAGATACGAAATAAATAGTTTCTCCAGTTGTTGCGCTGTCTTCTTCCAGTGTTGCATAAGCGCAGAACCACTGACCAACTGAAGCATCATAACTATCAGTTGTACAACCCAGATCGCCTGTGTTGTTTGTCCAATTGTAATGTGTTGTGCCTCCTAAAGGATCGTCAACGGATTGCAGATAAGTAGAAATAGCGGGAACACCATCAGCAGCAATATTTGTGAAATAAGCATCATTGTCTGCGTAATAAAGCTCCTCAGCAGTGCTAATCTGGCGCATATCAGATTGTCTTACTGCATCTCTGGCTTTTGCCCTTGCTCCACCTAAAGAAACTAAAACAATTCCGGATAAAGTTCCGATAATTGCAATAACTACTAGTAATTCGACTAAGGTAAATCCTTTTTTATTGTTCAACATATTTTTGAAAACTGTATATTTAGAATTCGACCTTTTTCTATTTTTATTACAAAATAATTTTATTGGGTAACATCAATTCCGCAACAATCAGGGTTTGAAGGCGTATAAGTTGATGCTGTCTTGGAAAATACTCCTTTATTTGAGCTGCAAAACCAGGTATCTGCCAATGATTCTGATTTAACATAAAGACAATAATAAGCATCGGTTCCTTCTGTCCAGGTATACTGATAAGGAGCGGTATTTAAAGGGTCAAAGGGCATTGATGTTATGATGCTGCCAATTGAAGTTAAAGTATTTACTCCCTGAGTTGTATTAATATACTTATCAGTGCCAGCACCACAATTATTATCATTATAACATAACTCCATAGCAGTGTTAATCTGCTTGAAATCTGCTTTTCGTCTAGAATCTCTTGCCCTTTTTCTGGCAGGACCCAAAGTAACAAAAGCAACGCTAGCTAAAACAGCAATAATAGCAATGACAACTAAAAGCTCTATTAAAGTAAATCCTTTTTTTCTCCTCACAATTCTAATAATCTTTTTTTATTAAGTAATATAATTAATTTTAACACTTTTTTTCAAAAAAGGAATACACAATTTAAATGCCAATGATCTGGTAAAGAGGCATTAAAATTGCAAGCATCATGCCTCCAACAACAACTCCCAATACCATAAGCAGCACTGGTTCTAAGATTGCTAAAAAATTAGTGATTCCTCTTTCAACTTCTTTTTGATAGAACTTACCAATGTTCATCAAACTATCATCTAATCCCCCTGTTTTCTCTCCAACCAAGGTCATCTGAACAAAAACTGGAGGAAAAATATCTGGAGAAAGAGATAAAACCGA
CP179890.1_gap6	328614	330849	2235	GCTCCTAATGAAAAATAGGATGTTACTGCAGTAAATATTATCAAAAGAGCCAAAGCAATTAATCCAACTCTCCATAGAACAAAATCAATGATATTTTTTAATAACAAAAAAATGTGTTTTATTTCACAAGGATCTCTTTCGTTCCAGGGGGTTTCAGGACTATCCGAAACTCTACCACAAGGCACAAGACCGAACTGGGCTGGTGGAATGGGCTGGATAAAAGTAAAAGTTAGCACAGGGCTAAGAATGCTTGTTTCAATACAACTTGTGTCAAGGCAGGATCTGAGCCACCAATTATATGTCCCTAAGCATTTTAGAGGAGGGCGGGCAGAATGATTAGTGGTGATGCCCTCAACTAGTGGTTGACCAGCTATACAGGTTTCATCAGCCTCTTCTGGGTCTTTTGTTGCATAATCAATTTTATACTTATAAGCTTTAGCTCCTTCAACTGACTGCCATGAAATATTTTTCTGATAAGTATAAAGAGTGCCGTCTATTTCAGGAGAGGGGCAGCTTTCATCAAGCACGCCATCAAAAACACAGGGAGCGCTAAGACGAAAAGTGGTAAAGTCTTGAATACTGCTCCATGTCCCGCAATAGCTACTTTGTTTATCAACACAGGTTTTTACCCGCCACCAGTATTGTGTATTTTGAACCAAGCCAGGATAAGTTTCACCAGGATAATAGTCTACGCTGGCTTCTAAATCAACTGTACTGTCTCTAGTAACAATATTTGTCTCACTAAAGGAATTATTTTTAGAAACTTCATATACATAAGAAACAGCCTTATAAACATCGTCCCAATCAAGCTTGACTGGAATTATGCTATTATCAACACTTAAATTGACTGGAGGTGCTCCAGTAGTTTTAAAAAACCAGGTCTCGCTAAATTCAGAACAATTTGTTCCGTCTTCATTGTAACAAGATTTAGCATGCCAGTTATATGTAGTGTCACATTTAAGTGAACCCCAAATATCATCAAACGAAACAGTAACATAAGGTCCATTTACAGGGTCAATAATTATATTTGTATCTTTTTTAACCTCATAAACATAAGAACTGACTAATGAATTGTGGCTCCATCCTAACAAGTCATCCATATTTACCACAGGAATTTCGTTTGGATCGGCTGGGTCGTAGAAAGGTTCAATCAGCTCAGGAGGAACAAGTCCAACGTCTTTTGTTGTAAAACTCCATCTTTCGCTGAAATCAACGCACTCATCAATTGGCTCGTCATCATCGCAACCTGTTCCACAGTTGGTATAATCATCATTAGCGCAAGCAGCAAATTCCCATTCATAGGTTGTGAGTCCTGTAAAAATACCTAGCCAATTTGGTATAGTGATTTTAGAGGCGGTAGTAGTTCCTTGCCCATATCGAAGATTTCCATCTTTATAGATTTGAACATGGTAAGAATTAGCATTTACGTCATCGCACCAGTCAAGATTAATTGGGACAGAAGGGTCAATATCAGTTTCTCCATCAGAAGGAGAAACAGGATTAGTGCAGGTAGCTTGAACTAAAAACGGAAAAAGAATCAAGAAAGATAAGATAAAAATAATTTTTAAAATTTTCCTCATTATTAAATCTTAAAACTTTTTGTTAATTTTTGCCACTCATCAACACCTAAAGTTTCAGCTCTTTGGCTCGGCTGAACATTATTTTCTAAAAGCCACTCTCTAATTCTTTCTTTTTCTAATTTCAATTTTTTTGCTAAATTATTTATTAATTGCTTTCTAGGATGAGAAAATCCAGCTTTAACAATTTTAAAAAATTTCTCAGTAAACTTCTTTGAGAATTTTGTTTTTAATGGAACTATTTTAATAATTGCAGAATCCACCTTTGGTTCAGGCCAGAATGATTTTTTTGAAATATATGAAATAATTTTTGGCTTGGCGTAAAACTGAACTGAAACAGCTAAAAGACTCATTTTTGTTGGTTTGGCGCATATTCTTTGAGCAACTTCTTTTTGAATCATTAAAATCATTGATTCTGGTGGTTTTTTAAATTCAAGAAATTTTCTAATAACAGCTGAGGTAATATAATAAGGCAGATTAGCAATAATCTTGTAGGGTTTTAGGGTATAGAGTATAGGGTTTAGTTTTAAAACATCGTTATTAATTATTTGAACATTTTTAATTTCTTGATTTTTTAATTCTTTTTCTAATATCTCGCACATTCTTTTGTCTTTCTCAATTGCGATCACTTTTTTAGCTTTTTGAGCTAATTTTACAG
CP179890.1_gap7	339359	341561	2202	GGTTTCAATACCAATCTTTGTTAAAGCTTCAAAAAAAGGCTTTTCCTCTCCAGTTTTTGTGCTGACCACATAAGCAAAAGCCCTTATCAGATTTCTTTTACTAACAGCTGTTTTTAAAATTTCATTAAAGTTAACCCGTGCGCTGTGAAGGTTTTTGGCAGAATGATAAAGATTTTGAACATCAATCAGGAGCGCTACTCTTTGGCTAACATGCTTCATTGTCATAATTATCTTTTGAGACCTACTTTTTTAATAATCGCATTATATCTTCTAGTGCTTTCACCTTTCAAGAATTTCAAAAGCTTTCTTCTTTTTGAAACCATTTTCAATAAGCCCTTTTTTGAATGAATATCTTTGGGATGTTTTTTCAAGTGAGATAAAAGCTCTTTAATCTGTTCAGAAAGCAAAGCAATCTGGACTTCAGCAGATCCAGTATCTTGTTCGTGCTTTTTATACTCTTTTATAATTTTTTCTTTTTTCTTTGAAATTAACATATTTTTAAACCATTTAACCTATACTAAAGAGGTTGTGTCCCCGGAGGGAATCGGACCCCCATGTCCTGCTTAGAAGGCAGGTGTTCTATCCGTTGAACTACGGGGACTTTTAGAATAAAAGGATATCATTATTTTAGCTTAAAATCAAATAAAATCAAATTTTTTATCTTAAAGTTATAATTTTATTATCTAGCAAAAATATCTAAATATTGTTTAGTAGCAGTTTCTTCAAACCGTTCTTCTCTGCTTTGCCATGTTTCTAGGATTTTCTGATACATATCTGCTTTAAATTTTAACCCCACTTTTGCGCCTTCTACAGACTCTGACTGAGGTATGACACTGTATTTATAAAATATGAGACTGCCAAATATTAAAGAAAGCACAAAAAGCCCTAAAAAAGTAAGAAAGGCCTTTTCCGCCAGCTTTTTAGGCAGTTTTTTAATAAAAACCTTTATTTGCTTTGCTTTAATTGTTTTTGGTATTTTCATAGTTTGAAAGGTTAATTAGCAAAAGCCTTAACTGAAAAACTGGCGCTGGCGTCACCAACAGAATATACTTCTAACTCTTTTGACCTTAGAGCGTCTGAAGTTAAACGAATTATATTAATATTCTCAATCTGGACTAAATAAGGGCCAGACTCTAATTTTTCAATTAACTTTAAGAGGTCAGGAAAGCTGGAAACAGCGTTAACTTGGAAAATAATTGAATACCAGGGATCGCCTGGTTTTTTCGCTGGCTCAGAAGGAGAAATTCTAATAGAAACATTAGAAGCCTCTGAGATATCTTCTAAAAAACCAATAAAATCAACAGGTGCCTCTGAATTAACAAATAGACTTTCACCTTTTTCTAAATTTGCTTTTATTTCCTTATAATCCTTTCGAAAATCTTCAATATTTTTCAGCTTGCTGTCAAGATAAAGAGAATCCTGTTTTTTAAAAGATAATTCTGTAGCATTTTCCTTAATATCTTTAAAAAGAGGATAAATCAAAAAGATAATCATAAAAGCACTTAGAGCAAGGAAAATGACCAGTGATAATTTAACTTGATTTTTTAAACTCATTGGATCTCTTTGTTAAGTTTAAAATTAATACTAAAATCAAGATTCTCTGACTCTATCCAGCTCTCAGGGGCAACATAAATATCAGACAAACTTTGTTCATTTTTAAGATTTTCTTGAAAACTTAATAATCTATCTCTGTCAGGACTAAGGCCGTGTATAGATATGCGTGGATTGTCTTTACTTGTTATTCTTGGAAGCGCAAAATCAAAACTTGTTAAATAAACTTCACTGGGAATAAGCTCATCAGTAAGTTCTAAAAGCGGAGTTAGCTCTGTTATTTGTTGATAAAAAGAATCCAGCTCAGAAAGAAAGAAGTTTGACTCTTTTATTTCTTTTTCCAGATCCTGGTTTAAAGAAAGCGTTTTTTCTTTTTCCAGTAGTAATATTTTTTCAGCTTCCAAATCCCATAAAGTGTAATTCTTTATTAAAAAAAGAATTAACGATAAACAAATCAAAAAACAAATAAAAAGAGTGCCTAATATCAGAATTAGTCTGAAACGCTCTTCTTCAAAAAGTTTTTGTTTTTGCTCTTGTGGCAGTAAATTAATCATGCGCCATATTTATTATTTTCTTTTATTGCTCTTAGGGCTAGCCCTAATGCAGTGGCATACGCCAGGGATTGTTCTTTTGTTAAACTTGCCTCACCCT
CP179890.1_gap8	343251	345016	1765	GCTCAATTATAGAGCCATCAACATCGCAATCATCAAGAATCCCTCCTGTAACATAGGTCAGGTCGCCTTCAATATCACAATTTTCGCAGCTATAAGCCTTGGCGTCTCTGTCAATGCTTAATCCCTGTATCTTATTGCCATTTCCAGCAACAATAATTGTATCTTCAATTGTGCCTGCTCCGAATACAGTGCCATTAGAATAAATATTGCCCCTGACCAGAGAACCATTTCCCATTTCCATTCCTCCTTCTCCTATTTGAGCTCCGTAGTGAAAAGAAACTTCCTGAACAGAAATTCCGTATCTAGCTTCCATTTTCCTGATTCTGTCCAAGATATTTGCCTCAGCAGTAATAATTTTTGAATTTTCAAATTCATCAGTAATATCAACCACAACAGAAGTGTTGCCCACATCAATGCTGTATGGGACTGATAAGCTCATATCATTTTCAAGCCTTAAGAGTGCGTCTTCAAGCCCAGCTTCAGCTCCATAGTAAGCTTGAGTTGATTTTACAATATTTTGAAATATTTTCTGCTGATTATATACAGTCACAGAAATACCAATAACAACGACAAGAACCACTGCTAAAATCAAGATAGCGCCATAAAATAATGCAAATCCTTTTTCTTTATTATTTTTATCAAATAAGATTTTGAACATTTTAATATCTTCTTAGTGAGACAGTGGAAGTGGTATTTACTGATGCTTGATATTCTGGTTTATCAGAAGGAGCAATATAGCTAATTTCTAAATTTATCTGAATAGAATCTGTGCTTGTACTGGTATTTACTTGAAAGAATTTTAAACTATCAACCTTTACTTTCTCAGAAGTTAAACCAGTTGGATTCTGGTTTTCTTTTTTTAAACAAACCTGATTCCCGCAAATGAAGAAATCAATATAGCTTGTTTCCTCGCCTGTCTGAGCATAGTTTTCAGTTTCCAATGACAACTGGCCAGTACTGCTTGAGAAAACAGAAGTTGGGCTGTAAATACTCTGGGCATGCTTTATTTCATAAACAATTGTTTCTATAACTCTTTCACTATTATTTAATACTTCTTTTGATGCTTTAATTTTTACATTGGAGCGGTTAGCCCATAGAAAAAAAGAAGAGATTGCTAAAACAATGATTGATGAGACACTGATATAAATTAGGATTTCTGTAAGGGTAAAACCTCTTATTGTTTTTTTCATTTCCAGTTTGTTAAATAAGTTACTATCTCTATTTGGTGGTCTTTGTTTCTTTCCTGCCAACTGACAGTTGCTGTGATCTTTTTAGTATTTGTATCATTGGTTCCTCCCATCTCAACAATATTATCCAGCCCATCTCTTTTTGCTGTTTTAAAAACAATTTTTTTTGTAAAACCATTAATGGTTTCTGTTCCTTGAATTAACTGCCACTTCAAAGGTAAACCAGATTTTTCAATATAATAATTAATACCAGTGGTTAAACTTGCAATGCCATCTACGCTCCAATCAGTTGAATCTCTAAAGCTTCTGACTTGCTCTATTAATTCTTGGGCAATATTGTTTGCCTGAGAAGTTTGTTTTGTTAAACTGGTAGCATTTAAAGAAAAAGAAACAAGTCCTAAAAGACTTGTTAAACTAACAGTGATAATTGAAATAACTATTAATATTTCTATTAGCGATATCCCTTTTTGTTTGTTGGGCTTACTGCCAAACTGGTTCTGAAACATAAATAGAAGTTCCTTGAGTGGTTTGTCCACTGGCATCATAATTAATTAAATCACCGGTTGAATCGGCATCCA
CP179890.1_gap9	349379	353328	3949	TAGGATATTTTCTGAACGGAAGAATTTCTGGAAAATATATTTATGGTCTTTTTGGGGAATTCCTACTCCATTATCTTTTATTGAAAAAAGGATATCATTATTCTTTACAGAAAGCGTTATCTCAACCCCTCCTTTTTCATTACTGTATCTGATAGCATTGTCCAGGAGGTTCTCCATAACCAGCTTAATGCGTGAAGGATCAGAAAAAGCTTTGGGAAGATTTTTGTCATCTAAAAAAACAACCCCTACATTTGAAGCACTTGACAGAGCTTTATACTCATTAATTAAGCTTTTTGTTAATTCTTCCATTGAAAACTCCTGTTTTTTGAAAGGCAATTTAGCGCTTTCAATTCTTGATACTGTCAGCAGATCAGAAACCAGGTCATGCATTCTTCCGCTGTTCTCTTTAATGATTTTAAAATATTCAGTTTGTTTTTCTTCAATTTTCCCTAATTTTCCAGACATAAGTAATTCAATGGTCCACTTTAAGTTGGACAAAGGAGAGCGCAGCTGATGAGACACAATTGAGATAAATTCTGATTTTAAGCGGCTTGCCTCAGCCAATCTTTCAAAGCTGCGAGTAATAATCACAGCAATAATTAATAAAATTCCTGCTAAAAGCTGTATAATAAATGCAACAATTAATGGGTCTTCAATATAGCGGGTGCCAAAGGCATAGGCAAACAAGCTGGATGTTATAATAATTACTCCCATAACCAAAAAAAGGAATTGAGGGCATTGCCACAAAGAGAGATTATATTTTTTGCACTGGGCAAAAATATTTAACTCTAAAAGAATTTTTCTTAAATTCATATTATTTTTTTCATTTTAACACATTAATTGACCAAACAAAAACAAATTGCTAAAATTCTAAAGCGCCGGGACATGGTGTAATGGTAGCACGAGTCCTTTGGGAGGATTTAGTCCGAGTTCGAGTCTCGGTGTCCCGACAGCAAAAATGAGCGGGTGTAGTATAACGGCTATTATGCGACCCTTCCAAGGTCGAGACGAGGGTTCGATTCCCTTCACCCGCTCCAAAGAGCAAAAACAGCGGAAATTCCGCTGTTTTTGTTAAGGCTTCTATAGTTTACTTTGCGTATTCTATCACTCTGCTTTCTCTTATTACATTAACTTTTATTTCTCCCGGATAACGCAATTCATCCTGGATTTTTCTGGCAATTTCTCTGGCCAAAACTTTGGCTTGAAAATCATCTATTTCTTCTGGTTTAACAAAAATCCTTATTTCTCTTCCTGCTTGAAGAGCCCAAGCTTTTTTAACTCCATTAAAAGCTAAAGCTATATTTTCCAAGCTAGACAATCTTTTAAGGTAATTTTCTAAAGTGTCTTTTCTTGCCCCTGGTCTAGTGCCTGAAATCTGGTCTCCGACCTGGACAAGAATAGCTTCAATGCTGCTGTAAGGATATTCTTCGTGATGGGATTTCATTGCATCAATAACCTCTTTTTCTATTTTAAATTTCTCTAAGATTTTTATCCCTATATCAACGTGAGAACCTTCTATCTGATGGTCAACTGCTTTTCCAATATCATGGAATAATCCTGCTTTTTTACAGACTAAAGAATCAGCTCCAATTTCATCAGCTAAAAATGAAGATAAATATGCTACTTCAATTGAGTGAAGTAAAACATTCTGACCATAACTTGTTCTGAACTTTAATCTGCCTAAAAGCTGCATTAGTTTTGGATCTAATCCAACCAGGCCAAGTTCATAAGCAGCCACCTCTCCAGCTTTTTTAATCTGATTGCCTATCTCTTGCTTAGCTTCTTTAACCTTCTCTTCGATTCTGGCTGGTTGAATTCTTCCATCTAATATTAATTTTTCCAGTGCAAATTTAGCTATGTGGCGCCTCACCGGGTCAAAGCCAGAAATTACAACTGTTTCTGGTGTTTCATCAACTATTATTTCTACGCCTGTTAATTTTTCAAGAGTTTTAATGTTTCTGCCTTCTTTGCCAATTATTCTTCCTTTAATGTCTTCATTGGGCAGAGCAACAGTAGTGGTGGTTGTTTCTTGGGTCTGGGATAAAGCATACTTTTGAATTGCAGTGACTAAAACCTCTTTAGCTTTTTTTTCATATCTTTCATATCCTTCTGTTTCTAATTTTCTTAATCTCTCTAAAATATCTAGCTGGTATTTATCCTCTACTGCTTTTAAAAGCTTTTCTTTAGCTTCCTTTTTATTCATTTTGGCAACACTTTCCAGTTTTTTGACAGCTTGATCCTTTAACTCTTCTAAAGAAGATTTAATTTGCCTTACTTTTTCTACTTTTTGTTCAAAATCTCTCTGATTTAATTCAAAATTAGATATTTTTTTATCTAAAACACTTTCTCTTTTTAAGAGCAGTTGTTCTCCCCTGATTAGTCTTTTTCTTGTTGCATATACTTCTTTTTTTGCATCATCCAATACAAAAGAAGCTTTGTTTTTAGCATTAGAGACAATCTTAGCTGCCTCTTGAGTTGTTTTTTCAATCTTTTTTCGTATTTTCCCTTCAATTGTCTTCCAATCCTTTCTTGCTATTGACTGACGAGCATAATAACCGAGCATTGTTCCAATTGAAAGAGAAACAATCCCTAGAATTAATAAGGTTAGTTGAGTCATATTTCAAAACAGGAAATTGGCTATTTAGCACAATTTCAGCAAATTGTAAGATTGTTTTTTCAAAAACTGACATTGTTTTAATAGTTCCAAATTCCAAAATTAATTGACATAAATTAATTATATCAGAGATTTTTTAAAAGTCAAACTTTTATTTATTAAATAAAATTTTATCTGTTTTTACTAACAAAGAGATTATCTTATTGGCAGGCAGTGGTTTAGGAGGCTGGCCAGTCTTCTATCATCAAGCACTTTTTCTTGTTTTTAATTGGCAGTTCCTGATAAATTTCTTCAGTAATAAATGGAACAAAAGGATGAAGCAGCTTCAAGGAAGCAATTAAAGTATAAAGCAATACTTTCTTTGTTTTTTCTCCCTCGATTTTAGTTTTAGCTTTTGAAATTTCTTCTTTTGAATGTTCAATACACTGGTCACAAAAATCATGCCAGAAGAAATCATAAAGTGCTTGAGATGCTTTTCCAAACTCAAATTTATCTAAGTATTTATTAACAGATTTAGTTGTTTTATTAATTGCACTTAATATCTTTTTATTGTTTTTCGAAAGTTTTAATTTTGAAATCTGTGCTTTTGTTGGAATCTCTAATTTTGAACCTTTAAACTGCACTATTACAAACCTTGTTGCATTCCAAATCTTATTACAGAATTTCTTGCCCATAATAATTGTATCTTCATTAAATCTTACATCTTGTCCGCCCGTTAAGAGCCAGGCCAGGCCAAATCTGGTTGCATCAGCGCCATACTTATCAATCAGCTCCAGCGGGTCAATGCCAGTGCCCAGTGATTTAGACATGCGCCTGCCGTCTTTTGCCAGAATTGTTGGATGAATATATATATCATTAAATGGTTTTTTGCCTATAAATTCCATGCTGGAAAAGACCATTCTTGCCACCCATAAATTAATAATATCTCTTGCGGTTGAAAGTACATTAGTTGGATAAAACGTTTTTAAATCCTTTGTTTTTTTAGGCCAGCCAAGTGTTGCAAAAGGCCACAGAGCTGAGGAAAACCATGTATCTAAAACATCTTCTGATCCTTTAATAGGAACTTTATGGCCCCACCAGATTTGTCTTGAAATGCACCAGTCCCTGATATTAGAAAGCCAGTCAAAATATGTTTTTTCAAATCTTTTTGGATAAAACTTTATTTTTCCGCTTTTCACTTGTTTTTCGGCCATCTTTGCTAACTTATCCATTTTTACAAACCATTGTTTTGAAGGAATAATCTCGATTGTTGAGTTACAGCGGTAGCATTTAGGAACCTGATGAGTATACTCTTTTATTTTTTCAATCAGCCCTAATTTATTTAAATCATTAATA
CP179890.1_gap10	389742	390530	788	AAAACCAGAGGAAGTAGCAGATTTGGTGGCATTTTTATGCTCAAATGAAGCCAGTTTCATAACTGGAGCAGTAATTAATATTGATGGAGGGTTGTCAATTTAATGATGAAAAAAAACCAAATTAAAAAAATTATTCCTTATGATGAACCCTTTTTATGGGTTGACGAGATAGAGAGCATTTCAGCAAGAACTATTGTTGGTTATAAGGATACGTCAAAAAATGACCCTCACTTCAAGGGGCACTTTGTTGGGTTTCCAATTATGCCAGGAGTATTGGTTATTGAAGGAATAGCCCAAACAGCAACAATTCTTTTGCGTACAAAGATTGGTTCTTCCCATAAGAATAAGCACATGTTGGCATATCAGGTCAGAAGCGCTTTTTTTTATGAGCCCATTTTTCCTGAGCAAAAGATAAAGTATAAAGTCCAGCTTTTGGGTTTTTATGGCGATAAACTTGCTAATTTTAAAGGAGAGGCCTTTGTTGATGATAAAAGAAAGTGTGAAGTAAGATTTAGCATTGCAATTGTAGATAAAGATGATTTTAAAAAAAAGTTCTTGGAAAAACACAGCAGGCCTGTTCCTCAAACCAAACTCCCTCCTTTAAAAATTGGAAATCTTTTTGCTAAAATTCCAATAATTCAAGGAGGTATGGCAGTAAGGGTGTCTCTTCATAATTTAGCTGGTAATGTGGCAAAAAATGGAGCAGTAGGTATTATTGCTGTTTCAGGAATGAATGATCCGAATGAAGTTAAATCAGAAATTAGAAAAGCCAGAAAAATTGCTGGATC
CP179890.1_gap11	395853	400608	4755	TGTTAAATTCTCAATAATGGGAATTGGCCTTAATACAAATATTGACAAGTTTCCTGGTGATTTGGAAAATACCGCCACATCACTTAAAATAGAGTTGGATAAAGATATAGATAATGAAAAGATTTTAAAGCAGATTGTTAACGGACTAAAAGAGCAATTAAAAACTATCAGTCAATAATATTTATGTTTTTTAAAAAAGACATTGAAAAACTGAATAAAAAGTTAAAGGAGCTGAACAATAAAGAGTTAATTGAAAATCAGCATCAAAAAGGGAAATTAACTGCCAGAGAAAGGATAGAGCTTCTTTTGGACACAAACAGCTTTACAGAGTTTGATTCTTTTGTTGAAAGTCGCTTCAGTAATTTAGGAATGAGTAAAAAGAAATTCCCAGGTGACGCAGTTATTACTGGCTTTGGAAGAGTTAATAACCGTCAAGTATATGTTTTTAGCCAGGATTTTTCTAAGATCGGAGGTTCTTTAGGTGAAATGCATGGCAAAAAAATAGTTAAAGTAATTAACCTGGCTCAGAAAACAGGCTGTCCTGTAATTAGCATCATTGATTCTGGCGGAGCTAGAATTCAGGAAGGCATATCAAGTTTGGATGGTTACGCAGCAATTTTCAGGTCTATGATTAAATGTTCTGGTGTGGTTCCTCAGATTTCTGTAATTGTAGGGCCTTCTGCTGGCGGAGCTTGTTATACGCCAGGACTTTCAGACTTTATCTTCATGGTTAATGGAATTTCACAGATGTATATCACAGGACCTCAGGTCATTAAAAAAGTAACAGGAGAAACTATTTCTTTTGAAGATTTAGGAGGAGCGTCAGTGCATGCTTCAAAAAGCGGATGCGCACATTTTGTATATGATAATGAAAAAGATTGTTTTTTGGCAGTTAAGAAGCTGCTGTCTTATCTTCCCTCTAATAACCTTCAAAATCCTCCACAGGAAAGAAGTCTTTTGGCTGAGTTTTTTGAGAAAGAAGAAAGCTTAAAGCTTCTTGATCTGGTTCCTGAGAAAGAAGAAAAAAGCTATGATATGAAAGCTGTGATTAAAGAAATTTTTGATAAAGGAACATTTTTTGAGGTTCAAGAATCCTTTGCAATAAACTCAATTGTGGGCTTTGGAAAATTAGCTGGTTTTGTTGTGGCAATAGTGGCAAACCAGACAAAACACATGGCCGGCACTTTAGATGTTGATTCTTCTGATAAGATTGCCCGTTTTGTCAGATTTGCTGATGCTTTCAATGTTCCTTTGATTAACTTAGTTGATACCCCAGGATATCTTCCTGGCGCCAGCCAAGAAGCAAAAGGCATAATACGGCATGGAGCAAAGATTCTTTACGCTTTTTCTGAAGCTACTGTTCCTAAGATAAGCTTAATTTTAAGAAAAGCATATGGGGGCGCATATATCGCGCTTTGCTCACGTGAACTTGGCTATGACAAGGTTATTGCCTGGCCGTCAGCTCAAATTGCTGTTATGGGGCCTGATCAAGCAGTAAAGATTATCTTCAAAAAAGATTTGGCTAAAAGCAAGAATCCTCAAAAACTAGAAAAAGAAAAAATAGAAGAGTTAAAAAGAGCCTTTTTAGATCCCTACCAGGCAGCCAAGCTTGGCCAGGTTGATATGATAATTAATCCCAAAGACACAAGAATAGTTTTAATCAAGTGCTTAAAATCACTCTTAAATAAACGAGAGAGTAAAGTGCCAAGAAAACACGGAAATATTCCTTTATGATCTGTGCTTTAATAAACAATTATTTCAGCTTTTACTGGGTAATTGTTTCATATGTTCTGGGCTCTTTTCCTTCTGGATATATATTTACAAAACTTTCTGTTAATAAAGATATTTTACAAATTGGCTGGCGTAAAAGTTCTGGTTCAAATGTTTTCAAAAATATAGGCATCTGGCAGGGAGCGCTCACAGCTGTTTTTGATGTTGGGAAAGGGTATTTAGCAGTTTATCTGGCCCAGTATTTTGGGCTGCCAGCTTATCTTCAAGCGTTTTCTGGAGTAGCTGCAGTTATTGGCCATAATTGGTCTTGTTTTCTAAAGTTTTCTGGTGGAAGAGGTATTGGGACTTTAGCCGGTGCTTTTTTAGCTTTGTCTCCTGAACTTGTCTGGATCCCAGTTATCATTTTAATTATTCTGGCAGTTATCTGGAATGCTTCAATTGGGACAATTGTTTTTCTAATAACCTCTTTGGTTTTAGCAGCACAATACAGCCAGCTTGAAACAATTGGAGTTTTAATGCTGGGCTCTTTAATCCCGATATTTATTAAAAGATTGAGTCCAATAAGCGAGATTAAAACCGCACAGAATAAATTTCTTTTAATAAGAAACCGGCTCATTTTTGATGACGATAAGCCATCAGGTCTGCGGATTAAAAGAATAATAAAAGGTTCAGGCTGGTGGTAGTTAAAAAGGTTGACAGACTAACATTTATTTGGCAAAATAGAAATTAGTCCGTTAAAACGCGGACATTTTTATTAAGAATAGATAATTTTCCAATTTAAATTATGGACATGAAAAACTTTACTTCAGCCATTAGCCAGATTGCTGAGGAAAAAGGAATTTCTTCAGAAAAAGTTTTAGAAACGATTGAACAGGCCTTGGCTGCAGCTTATAAAAAAGATTATGGGAAAAAGGGACAGGTTATTAAAGCAAAGCTTGATGAAAAATCAGGTGATGTTAAGTTTTGGCAGGAAAAAACAGTTGTAAGTGAGAAAATGATTTATTCAGAAAAGGAACTGGAAGAATTACAGCAGTCTTCTGCTAAAACCGCTGAAGACAAAGAAAAGATTCGTTTTAATCCAGAAAAGTATATCATGATTAAGGATGCAAAAAAAATAGATCCTAAAATTAAAATTAATGAAGAATTGATTATGCCCTTGGAAACCAAAAAAGAATATGGCAGAATTGCTGCTCAAACAGCCAAGCAGGTAATCATGCAAAGAATCAGAGAAGCTGAAAAAGAAAGTATTTTTAATGAATACAAGTCAAAGGAAGATGATATTATTTCTGGTATTGTCCAGAGAGTAGAAGGCAGAAATGTGTTTTTTGATATTGGAAAAACTTTAGGGGTTTTGCCCAGAGAAGAGCAAGTGCCTGGAGAGTTTTACAGACCAGGCCAGAGATTAAAACTTTATGTTTTAAAAGTTGAAACAACTTCTAAAGGCCCTAAGATTTTTCTGTCTCGCGCTTATCCAAAATTAGTTTCAAAACTTTTTGAATTAGAAGTTCCAGAAGTTTCTGCTGGTACAGTTGTTATAAAATCAATAGCAAGAGAGCCTGGCTCAAGAACAAAGATTGCTGTTACTTCGCTTGAAGAGGGCATTGATCCAATTGGAGCAGTTGTTGGCCAGCGCGGAACCAGGGTTCAGGTGGTAATCAATGAGCTGGGAGGGGAAAAGATTGATATTATTGAATACTCTGATGATCCAAAAATGTATATAGCTAATTCTTTAAGCCCAGCCAAGGTTGAAGAAGTTAAGATTATGCCTAAAAACATAGCTTTAGCTATTGTTCCCTATAACCAATTATCTTTGGCTATAGGCAAGGATGGTCAGAATGTAAGATTAGCTGCTAAATTAACTGGCTGGAAAATTGATGTAAGAAGTTCTTCTTCCCAAGAGGAAACAAAAGAAGAAAAAGAAGAAAAGCAAGAACCAGCCCCTATTAAAGAACCAGAGGTTAAGGAAAAAAAGAAGAAAGAGAAAAAGAAAGAAGAAAAGACAAAAGAAGAATAATTAAGTAAAATATATTATATGAACTTAATTCCTACTATTATTGAAAAAACAAAATACGGAGAAAGGGCCTATGATATTTATTCAAGACTGCTTAAGGAAAGAATTATTTTCCTGGGAGGCCCTATCATTGATCCAATAGCTAACTCTATTATTGCCCAGATGCTTTTTTTAGCTTCTCAAGATCCCAAAAAAAGCATTCAACTTTATATTAATTCACCAGGCGGAATATTAACTGCAGCCTTGGCAATTTATGACACTATGCAGTATGTGAAGTGCCCTGTTTCAACTGTTTGCGTTGGTTCTGCTGCCTCAGGAGCTGCGGTACTGTTAGGAGCAGGAGAAAAAGGAAAAAGATTTGCCCTGCCTAATTCCCAGATTCTGCTTCATCAGGTGGCTGTCAGCGGTATAAGTGGCCAGGCAATAGAAATTGAAATTGCTGCTAAACAGATTGTCAGGTTGAAGCAACAAGTTAATAAAATCTTGGCAAAACATACTGGGCAGAAACTAGAAAAACTTGAAAAAGATACTGACAGGGACTTCTATCTTTCTGCTGAAGATGCCAAGGTTTACGGATTAATTGACCAGGTAATTAAAACAAAAAAATAATCTTTTGAAATGAAACTCCTAAAATCAAAAAGGTTTTGGTTAATAATACTAACCCTTATTGTAATAGGGGTTTTAATTTACTTTATTTTTTTTAGAAAAGACATGGTTGAAAATGGGGTTATTCCTTCAAACGGAGAAAGTGAAGAGGTAAAAGATAAAACAGAGCCCGCTTCCCAGATTAGATTTCCTGATTCCGGCTCCTGGTATGGAAAAAACTTTGTTCTTGAGGTGCTGGATGAGGATTTAGAGTCTGGCCTAGATTTCTGTGAATACAAAATTATAACTTATGATAGTGAAAAAGAATATTCCACTGACTGGTTAAAAAGAAAATGTAATTCTGATTTGAGTATTTCTGTTGGAGAAAGGAAAATGTGCGGCTTTGAGGGAAGAAATGCTTGCTGGAT
CP179890.1_gap12	402635	405748	3113	TAAATTATTTTTTATAATAACTATTAAATAACCTATGCTTGCATTAAGTATATTTTTTAAAGCTTCACGGGGCGTTTTCCCTTCTACAATTAAATCAAATTCTAAACAAACACCAATATAATAATTGGATTTTTCTTGATAACTAAAAATAGTAAACTTGCCCTTTTTTTTGGTATTTTTCACGTTTTCTTGAAATAAATTTAAAATAAAAATGGTTTTTAATTTAAAAAACCGCCCATAGTAACAATAGACCAATCTCGAATCATAATAATAAAATATTACTAATTAGATTACCGACCTTTGTTTAAAAGATATCTCAGTTTTATTTTTTCATATACACCTAATGATGTCAACTTGGCTAAACTACATACTTACCTATAATTTTACTCTTAGTAAAGCAGTGAATTTTCCACAGTTGTATTTTATTCCTGAAGTTCTAAAATTAAGAAATATGAACAAGCTTCTAAAACTTTCAGTTTTAATTATTGTTTTACTTCTCATTACTGGAGGAGTTTTTTATTGGAAAAATCAGCAAGAAGTGGCTGGTTTAAATAAAGAATTGCCTGACAGGGTAAGGGTAGTAAAAACTTTACTTGGTGATTATGTGGTCGTAAATAAAATTGATGGGTATAGTTTTAAAATACCAGAGGAGTGGGGAGGGATAAAAGAGCTTTATTACACAGCTGAAAGAACAGAAGAAGGATATACTGCGGATAGTATTGAGATAGAGGGGAAAAAAGGGATTTCTAGATTTATTGGAATAGACCGTTTCAAAATTAAAAAAGCAGATTTAGATTTAGAAAGATGGGCGAAAGATTTTTTCAATACATTTGATCTAATTGGTGATTTTAGTAGAGATAAAGTAAGAAAATTTGAAATAGTAAAAACCCAGGAAAATGTGCACTTTGGAGGAGAGTACGTATATTTTTTTAAGAAAGGTTCCGGAATTTATACAATAACTGGTGCATCAGAAGAATTTATCCGCGAGATTATTGATAGCGGGAAATGGTAAGAGGTTTCTATGTTTATTAAAGATGGTTTCTATTTAATAAAATCGTTATGTTTAGCGGTTATGCTCTGCGTAATCGCTAATTTTGTATTGGGAAATATTGTTTTTGCTAAAAATATAGCTGAGATTGATAATAAAGATGTTGAAAAAATAAAAACAGGCTTGGATTTAGTAAAAGCAGTAATAAATTTTACTATTAGAGATGACAAATTAAAAACTATTTTAAATACAGCTATTGATATTGGCGATACATCTACGGACATTACCTATGGACTGCTTGTCCTAACCGCTTTAAATGAGATGGAGTTTATAGACTTGGTTGTTTCACAACGTTATAAAACAGTGGCAAGAAATTATTTTAATAGTGTTTTGGACGAAAGATTAAATCTTCTTAATTATTATACAGGCATAGGATATGACCTACCCAGAATAATATCAGGAAACATTGCAGGTCCCATCTCAGTTCTTACTTTAAACGCATTTTCAATTACTAACAAAACCATTGATATTTTTATTGCTTTGGAAAATATAAAGACAGTAAAATCGTATAATGGTTTGTGGTTTTATTTTGATTTAAGGAAGAGTAATGAATCTCACAAAACAGCATGGGAAGAAGCAAAAATAATAATGGGTTGGGCGGCTGAGTCTACCTCTTTCTGTAGGAACATTAAAAGGAACGATATCAAGTCTCAGCTTGAACTTCAATTTGCCGCTCTTTTTGACGAATGGGGATCCCGTGTGACTATCAATAAAGGGGTTAATGAACAATACAAAAAACAAGTTCAAAAAGAACTTCAGAATACTGTTGTAACAGCATATGAGAGCTATAAATTTGTTGAAAAAGAAGTTCAGCCTTCTTTTACAGAGAGGGCAAGAATGTCTTTGAATAATTTATTGGAAAAAATAAGTAAAATACCAGTATTTGTAGCAAATACTGGCAAAAATATTCAAAAAAAAGCTCAAAAACAATTAAATGAGATAAATTCACAAATTCAAAAATTAGCAGGTTTTATAAGTAGTTTTGGGCCAGGTATGGCTGTAAAAGTAGAGGAGGCTTCAGAACAGTTAGTTGAACCAGAAATTGTAGAAAAAGAAACAGAAATAAGTAAATTATCAGTAGTAGCAGAAACACAGGAATTACTACAAATAGGAGGGCCAGAACCAAGTTTGGACAGGCTTAGCCTGTCCAAAGAAGATATACAAGAAATAATTGATGATATTTCTGAAAGAGTTGATATTCTTGCTCAAGAAGTGAAAGAATTGATAGGTGAGGAAGTTCAAGTTGAAGAAGAATTTAAGGAAGAGATAGAAGAAGAACAGGAAGAATCAATTCAGGATGAAGAACAGGAATTAGCTGAAGAACAGGAATTAAATGAAAACATTGTTTATTACAGTGGCGGTGTGTCTTACTCTCCACCAAGCCCAGTTTTTCTTAAAATTTTAATCACAGAGGTTCAAATCGCCAGCGAAAACAATAAAAAAGATGATTTTGTTGAGCTCTATAATCCAAATTCTGAAAATATTGATTTAAGTAATTGGTATGTTCAGAGAAAAACAAAAAGCGGAGCTAATTTTTCAACTTATGCCTCAAAAAATTTATTTTCAGGAAAGTTCATCAAGACTCACGATTATTTTCTAATTGCAAACGCTTCCTCCTCTTTTTCAGCTGATGTCCTAACTACTTATCCTTTAACTGAAGATAATACTCTTGTCCTCAAAAATCCTAATAGAGAAATCTCTGACAAGGTTGGATGGGGTCAAGCTCAAGATTTTGAAACCAATCCAATAGAAAATCCATTGGCCGGTGAAAGTATTGGCAGAAAATGGTCAACAACTAATGGAAACTATATTGATACTGATAATAATTACCAAGATTTTGAAATTCAAGAGCCGAGCCCGAGTATCCAAAATAAATCAAAAATAGAACCGGAACCTGAACCTGAACTGGAAAACCAATTACCAGTTGCCTCTTTTATTTTCACTCCTGAAAAACCCTTTGTTGACGAAGAAATTCTTTTTGACGCTTCCTCTTCAACTGATTCTGATGGCCAGATTGTATCTTTTGTCTGGGATTTCAGTAATGGCAGTTCAACTACAACAAATC
CP179890.1_gap13	406763	407419	656	TTTCAAAAATAGCTTTGGTTCAGAATTAAATAATATAATTGTAAAATACGGAGGAGAATTGTCCCCGACCGGCGCGCCATTCCCTGACTCGCATCTTTTGCCAGCTATTCATATTGAGGGAGGAGAAGTTGATGTTAAAAATGCGACAATTACAGATAATTTTATAAGGGGAATGTGGATAGATAATTCTTCAAGCACGATAAGCAATGTTTTGTTTTCAAACATCAACAATTCCAGTTCTACCCGCCCAGCTGCAGCTCTGTATATAACAGAAGGAGCGCCGATTATTCAAAACTGCAGTTTTTTAGACAATTCAATTGGAGTTGAAATTAAAGACGGAAATTCAATTATTAAAAATTGTAGTTTTTTGGATAATACAACTGGAATTCAAATTCAAAACGGAGCTCCATATATTGAAAACAATACTTTTGAAAACAATGAAGTTCCGATTTCTCTCCTTCCGTCGGCTTCCCCTAACTTTTTCGGAAATATCGCCCATACTCAAAATAATGACATAAACGGTATTTTAATAGGGGAAGGAGATGTTATTACTGACACTACTTGGCAGGCTGATTTGCCTTATACTATTAATATGAATCTCATTATTACACAAACTGGCAGATTAACTCTTCAGCCTGGAGTAGTGGTAAAGTTTA
CP179890.1_gap14	426022	430090	4068	ACTGCCAGCACAGCCCAGTTTTTTTTAAAAAAAGGGGTTTTAAATTTAACCGATTTAGACCTGTCTTTTTCTGGCCTTTTAAAGCTGTTTGTTTCTATTTTTCAGAACAAATGGCTTTTTTCAGGAGCTTTGTTATTCATTTTCAGCTTCGTTTTTTATCTTTTTGTTCTTTCTAAGCTTCAATTAAATTTAGCTTATCCGGTCATGGTTAGTGCCGGAATTGTATTAGTCGCTATTGGTTCTTGGGCCTTCTTTCAAGAGCAAGTTTCTCAGTGGCAAATTTTAGGAATCTTTCTAATCATTTTTGGCATATTTTTATTATTTCCTAAAATTTAAGAAATATGAAGCTTATAATTATAAGTCAAAAAGTAGATAAAATATGCCTATTTGGTTCACAATAGATCTGGACGTGGAATTTGATAATGAAAGATTCGACAAACCATATGGTTCTAAAAATCCTGGAATTGAAAAAGGAATTCCCTTATTTTTGAGTCTTTTTAAAAAATTCCAGATTCCAGCTACATTTCACATTCAGGAACAATCAGACATTCATGACAGCATTTCTGCAACATATCCTCGCATCGTAGAAGCCATTCAAAGGGATGGTCATGAAATTGGGCTTCATACTCATTTTAGAAAAGGCTATGATCCAGAATCTCGTGAAAAAGAAATAGCTTCTGGCATCAAACGTTTAGAAGAAAAGTACGGCAAAATTGTATCTTTTAGGGCAGGGAAGTATTTCACCAGTGAAGCTACCATTAAGATTTTAGAAAAGTATGGTATTAAGTATGATGTTTCTCCTTATAAGAATACTTCAATCGGCAACATGAGATGGTATAACATAGCTGATTCTCCCTATCACCCAAGCTATAAAGATATAACAAAGATCAATAATGCAGGTATTTTAATGATTCCTATTACGAATAAGCGGTTAGGCATCATCCTTGATAGTTCTATTTCGCTAGAATTGATGAAAAAAGGAACAAATATATTAATTTCTGAATCAAAAAAGATTAAGCAGCCAATTATCATTTTTCTTAGCACCCATTCCTGGAAGTGCATAGATCCAGTCACGAATAGTTTTAGAAAAGATATAATTCAACGCCTTAAAGAATATTTTGCATTTCTTCAGCAATTTAATAATATAGAATTTATGAATGTAAGAACTTTAGGAGAAAGATGGGAGCAGGGAGGATTTACTCCTTATTTTTTAAATACACCCGATTTATTTGGCCAGAATTTCTCGTTTTTTTCTCCCAGACGTTATTTCTGGTTTTCTAAATATTTTCTTTTTTGGCGCAAATATTTTAAATACATTTTATTTAAAAAAATTGATTAATTATTCAAATTACAATGACTACCAATCACACAAATCCAAGATTAAAGAGACTGCTTAAAAGATATGGAAAAAAAGCTTCGCCTGTCAGGTGGGATTTTTTTGTAGGATACCGTCCAGTTGTTCGTTATAGAATGAAGAGGCAGACAAAAAAACTTTTAGGATTAATAAAAAAAAATCAACAGAGCAACCAAGAATTTACCCTCCTTGACGTAGGTTGTGGTACAGGACGTTATCTTACCCACTTCTTATCTTTAGGGAAAGCAGTGGGAGTTGATATAAGTAAGTCAATGTTGGGACAAGCTAAAAAAAACACCAATGGTCGTGCGACATTAATACAGGCTGATGCGGAAAATCTACCTTTTAAGGACAATACTTTTGATGTGGTTACTTGTTCATATCTTTTAGAAAATCTAAATGGACTAAAAGATAATCCCAAAAAAGTTCTCAATGAAATGTATCGGGTAACAAAAAAGAAAGGCCAGATAATTTTTACTGTTGAAACATGGTATTCAATGCCAAATCTTATTAGTTATGTTATATCATTTTTAAAACGGAAAATACCGCTTAATTTCTATAGCGTTAAAAAGATAAAGGAATTAACTAAAAGAATAGATGTTCAGTCAATTAATATTTATGGTCTTTCTCCGTTTACTGTATTTTTTCCCTGGGCTAGAGCTTCTTTATCAATGATGAAATTAATCGAGAAAATTGACAATAAACTTGAAAAGCTTATGCCGTTTTTTGGTACTCAGCTAATAATAGAAATTAAGAAATGAATGCAGAAATGAAGAAAATGAAATTATTAATAATCACTCAAAAAGTAGATATAAATGATGATAACCTTGGTTTTTTCCATGGTTGGCTTGAAAAATTTTCAGAAAAATTAGACAAACTCTACGTAATTTGTCCTACCCAAGGAGACTATAATCTTCCCTTAAATGTCAGCGTCTATTCGTTGGGTAAAGAAAAAGGAGTTTCAAAGCTTAGCCAGTGGATTTGTCTTCAGAAAAATTTAATTCAAATTCTTCCTAAGGTTGATGGTGTTTTTATCCATATGTGTTCAATATATGCCATAGCATCTTTTCCTTTAGTAAGAATTTTTAACAAAAAGATGATTTTATGGCACGTTCATAAATCGATAAATTGGAAATTAAAATTAGCTGAAAGGTATGTAGATAAAATTTTAACTGCTTCTGAACAAAGTTGTCGTTTAAAAAATAGAAAGAAAATTGAGATTGTGGGTCATGGAGTAGATGTGGAAATTTTCAAGCCTGGTTATAATCTAGATGATGCGAATTGGAGCACGGCTCTTGAGAATAAAAAATTTAACATTTTAATTGCAGGAAGAATCACTCCAATAAAAGATCATGAGACATTAATTAGAGCAGTTGATGTTTTAGTAAATCAAAAAAATATTCAAGATATCAAAGTAAATATTGTCGGCAGTTCCTTAGAGGATTATGAGAAAGAATATTTCGAAAAACTTAAGAATTTAATTCAAGAGAAAAAACTTGAAAGCTACATTAATTTTTTAGGAGGTGTTCTTCATAGTAAAATGCCAAAATATTATCAAGAATCTGATTTAGTTATAAACCTTACTCCTAGCGGAAGCTTCGATAAAGTATTATTAGAAGCTATGGCTTCTGGTTGTTTAGTCTTGACATGCAATATGGTTTTTGCGAATATTTTGAGTGATAAATACCTATTTAAAAAAAAGGATTTTCAGGAATTAACTGAAAAGATTATTGAATTAAAGGAGGTTGATAAAAGTGACACGCTGAGAAAAATAGTGACAAAACATCATAATTTGAACAACTTAATAGAGAAAATTGTCGGACATTTTATTTAAAAATTATGGTAGCTAAAATTTTAATAGTCACAATAAAGTTCCCTTTTCCAACTATTGGTGCTTGTGAATCTGATAGGATAAATGGAATTTTAAGATTTAAAAACCTGGGTTTTGACATTAAAGTAATTACTAAGAATACTAGGTATCAACCAATAGAAAAAGTTCAAGAGATTTCAAAAAACTTGGGCATAGAAATGACGCCTGTCAGCTATAAGTTTGATACTAAAGCTTCTAAGATTAAAAAACTGAAAGAGTATATATTAAGATTTTTTAAAAATCCATTAATATTAGACGGCGCTGCTTCTGAATTTGATGACCCAGAATTAAAAGATCTTTTGGAAACCAAAATAAAGGATTGGCAGCCAGATATTGTATGGTTTGATTCTACCTATACTTGGCCATTATATGCAATTGCAAAGAAGTATAAAACACCAGTTATAGCAAGGTCTATGAATTTTGAACCAATACATTTCTTAGAAGAAAATGGCTACAATCTTATTAATTACATTAGATTTATTCCCAAGTTTATTGGTGAACTGATGGCTGTTAGAAAAAGTGATTTACTTTTTACTATAACTCCCAGAGAGGCAAAAACTTATAAAAAACTTGGTGCTAAAAATGTTGAAATTTTACCTTTAAGAGGACTACCAAAATGTTTGAAGAGAAAAAGAGATATAAAAAACAAGCAGAAGTTGAATGTTTTTTATATGGGATCAGGATACAGCGTTTTTCACATGAAAGCAGCGCTAGAATTTATATTTAAAAAGATAGTTCCTCGAATTGACAAAATTGCTCCTAATAAATTTTCTTTTCATGTCTTTGGGGCAAAGTTTCCTAAAGAATATGAGAGTTATTTAAAGAACAATGTAGTTTATAGGGG
CP179890.1_gap15	517637	520655	3018	TCTAAGTGATATTTTTCTTTTTTTTAGCATGCTTGTTTTGTTTCTGGGGCTTGGTTTTTCAGTAAATGAATGCTTTGATTTAGAAGAGGACAAATACAATAAAGAAAAAACAAATATTTTACTTAAAAAACAAATAGGTTTTAGAGAGGCGCTTATCTTTTCCATTGTTCTTGGGGTTTCGGGACTAGTTTTGTCAATAAAGTTTGGATTAAAGGTTTTTTTGTTCTGTTTAATGGGTTTATTGATAGGTTTTTTTTATTCTGCCAAACCATTTCGTTTTAAATCACGTCCTTTTCTTGATTTGATTTCACATGGGTTGTTTGCCGGTGTGTTTTTATTCTTGCTGCCCTTTTTGGTTTTTAATGCAAAGATAACATTAATTCATTACCTTATTGCTTTTTCTGTTTTTTATCTTTCTTTGAGTTTGGAATTAAGAAACCATCTTGAGGATTATGAATTTGATAAAAAAGCAGGAATCAATACCTCAGTCTGCTTTTTGGGCTATAATAAATCAGAAAAGCTTTTAAGGTATTTAGCTTTTCTTTACCCTTTAGCTTTTCTGCCCATATTTTTATTAGTGCCCAGGATTTATTTTTTCTTATTCTTAATTCTTAGTGCTGCTTTTCTTCTCTTTTTCTCATTAAGGAAAAATTATACAATGCTTAGGAAGTACAAAATAATGGATATTTACAGCATTTTATCTTTTGTACTGATTTCAATTTCATTAATCTTATAGATTATGTCTTCTAAAAATAAAATAACTCAATATTTAGAGAATCTAAGGCCAGAGATTGATAAAATTATTGAAAAGTATATTCCTAAAAAAGTAAGTTCTCAATGGCTTGAGTTTGTTTTTGGCAAGTCTCATTACCAGTATACTTCTGAAGCAGCTCAGAAGGTTTTAATAAATCCAGTCTGGGATTTTTTAGAAAGAGGGGGTAAAAGGTGGAGACCAGCCCTGTTTTTATTAATTGCAGAAGCTGTTGGTGGTGATATTAAAAAACTCAAGGATTTTTCAATTGTTCCAGAATTAATTCATAATGGGAGCTTGATTATTGACGACATAGAGGATGAGGGTGAGCTAAGAAGAGGCAAGCCCTGTCTTCATAAAATCTTTGGTATTGATGTTGCTGTGAATGCTGGGAATTTTATGTATTTTTTGCCTTTGATAGTTTTTAAAAACAATAAGGATAATTTTGAATCAGATGTTTTGTTAACTGCTTATAATATTTATGCCCAGGAAATGATGAACATTCATCTGGGGCAGGGTACAGATATCTTCTGGCATAAGGGCAGAGCAGAAGAAATCAATGAAAAGGAGTATTTTCAGATGTGTATCTTTAAAACAGGGTGCTTGTCAAGAATGGCAGCCAAGCTTGCCGTTATTCTTTCAGGAAAAGACAAAGGACTGGCTGAAAAAGTGGGCAGAGTGGCTGAGGCAATAGGGGTTGCTTTTCAGATTCAGGATGATATTTTAGATATTTCTTTAGCTGGCCAGGAGCGTGAGAAGTTTGGCAAGTCATTTGGCAATGATATTAAAGAAGGAAAAAGAAGTTTAATGGTAATTTACACACTTCAAAAAGCAGCTGATAAGGATAAGAAAAGACTGCTTGAGATATTAAACAAGCATACTGAAGATATTGGTGAGATTAAAGAGGCAATTAATATAATGGAAAAATACAAGAGCATAGAGCATGCCAAAACTACTGCTAAAAACATTATTACTGATGCCTGGCAGGATGCAGACAGGTTTTTGAAAGAATCAGAAGCTAAAACAAGATTAAAAGACTTTATCAATTATCTGGTTGAAAGAAGTGAATAGAGATATTGACATAATTTTCTAAAAATATACAATAAGACTGGAGAGATTAATAACCAAGAGAAATGACCAAGAAGAAGAAAAAGAAAAGATGTAAATAACTGAATCATTGATTGGAAATTGCGGAAATGATCAGGATATCTCTTCCTGATTTTTACTTTAAAGGAAAGAACATTACAATTTAATATTATTAAATAGTAAGGACCTAGTAATTAGTTTTTTAGAGTTGTCCCGACTTTGCGGGATTAAACCCGATTTATCGGGTGAGAACTCGTAGTTTATTTAGAGGATTTGATCCTAGTCCAGGATGAACGCTGGCGGCGTGGATAAGGCATGCAAGTCAAGCGGGTCACCTTCGGGTGGCAAGCGGCAGACTAGTTAGTAATACGTGGATAACGAACCCTAAAGACAGGAACAACCTGGAGAAATCCAGGCTAATTCCTGATGTTCTTATTTTCTCACAAGAGAAGATAAGCAAACGGAAGGTTTTCCGACCGCTTTAGGATCGGTCCATGGCTTATCAGCTTGTTGGTAGGGTAACGGCCTACCAAGGCTATGACGGGTAGGCGGAGTGAGAGCTTGACCGCCAACGATGGCACTGAGACACGGGCCATACTCCTACGGGAGGCAGCAGTCGAGAATATTGGTCAATGGGGGAAACCCTGAACCAGCGACGCCGCGTGCAGGAAGAATGCCTTCGGGTTGTAAACTGCTTTTGTGGAGGAAGAATCTCCCACCATTTTTCGTGAATTATTCGTGAAAAGTGGTGGGGGATGACGGTACTCCAAGAATAAGGGGATGCAAATTCTGTGCCAGCAGCCGCGGTAATACAGAATCCCCAAGCGTTATCCGAATTTACTGGGCGTAAAGGGTCCGTAGGCGGTTTAATAAGTCTAGTGTTAAATACCTTTGGCTTAACCTTAGGAGGGCGCTAGAAACTGTTAAACTAGAAGGCGTTAGAGGTGAGAGGAACGCACGGTGTAGGGGTGAAATCCGTTGATATTGTGCGGAACACCAAAAGCGAAGGCATCTCACTGGGGCGACCTTGACGCTGAGGGACGAAAGCCAGGGGAGCAAAAAGGATTAGATACCCTTGTAGTCCTGGCTGTAAACGATGGATACTGGCTATTTGTAGTGTCGACCCTACAAGTGGCGAAGCTAACGCGTTAAGTATCCCGCCTGGGAAGTACGGCCGCAAG
CP179890.1_gap16	645842	646352	510	GAAGAAAGATTGCAAACAAAATCAAAAAGAATAAAATTAACGACCAAAGCTCTATTTTAGCCACTGCTTTAATGCCAAAGAAAATTAAAACTGCTCCTAAGAGAAAATAAAGATAGCTGTAAAAAGAAGCACTGCCTCCAAAAACTGGAAAAAGCAGGCTGTTTAAAAACTCTCCGCCCACAATAAGATAAGCCAAGATTGCTCCAGATATTCCGAAAACCGTGGAAAGCATGGTTATTTTTTTCGCCCATTCCCCCAAATGCACCTTTGCAAATCCAGGCAAACGTTTGAAGTCAGGCGTGGCTAATGATAATTCTCCAAAAATTAAATGAATTAGCATCACAATAGCTCCTAGAACTAAGAAATAACCAAGAATCACTAGATAACCTGTTTTTGAAGCTATATAGGGTAAAGAGAACAAACCAACCCCTATAATAGTGCCTGATATTGTAGCTACTGGATAAATAATCTTTTTAAATGAATTAATCATATTCTTTTCTTGTTATAAAA
CP179890.1_gap17	653376	658250	4874	TAACAATCGCTTTTCTTCCTAAACTGTTTCTAAACTTAGATGGTATGGCTAATCTTTTCTTGTGATCTATTGTGTATGAATATTCACCAATAAACATAGTTATCCACAGAGATGGGTACTTATTAACATACTTATCCACAATTCCCCACCTGTGTATATTTTATCTTTAAAAATATATATAGGTCAAGCAAAAATTAGTTTATGTTAAAATGAATATAAAAACTGTGGTTTTTCCACAGGAAATCCACAGTTATTAGATGCTCTATTTAAAAATCTATATAAAAAACCGCCTTTAAGACGATTTTTAACTTTAACGACTGATTTTACTCTTTATTTCGTAATTTATTTAATTGTTCAGAAACCTTTTCACTGTGTTTTTTTGTAGCTTCAGCTAAATTTTTCAAAAGGTGTTTTAATTCTACTGAATCTCCCTCAAAGACTTCAAGACATTTTCTCTCTATTAAGGAGCTCTCTAAATAATAAGCTGTAGATAAAGCGTTGATCGGCAATAGCTTTTTGAATTTGGCTTCTGATATTTGTTTGTTTACTTCACCTAAAAATGTCTTTATTGCTTCCAGTCTGAATCTATCCTCATTAAAAAAAGCTGAGCCTTTTTTAGTCCTGTCCCGAAGATTACGTATCCAATTAGCGTGAACTGTTTCGTCTTGTGACAAGCCCAACCAAAATTCTTTATCATCAGGAAACTTTTCACTGTATATTTTATACAATTCACTCAACGCTTCTTCGTTGTCTATTAACCCTTCTATTGCCTCGTTTTGATACTCTTTTAATTCCATAGATTTATCTTATTTTATTTTAACAAAAAAACAGTTTTCTGACCAATTTTTTAATCAGAAAACTTATCTTTTTTAAATCTGAACTCATTATAGGTTTACAGAAATTCATTGTCAAAACAAACCCGCACTTTGGTGCGGGGTTGTTATGATAAAAAGACAAAAGAAAAATTACTCTTTTTCTATTGATGTTACAGTGTTGCTTCCTAAATCTATGGTAATCCAGTAATTTTCACTTGTGCTTTCTTTTTCTAAAACTATAGTAACAGTTTCTACCCTCACTTCTGTCATTGTCTCAGTTTTGGTGGTAATTGACTTTGACCTGATAACTTCAAGAATCTCATAATCATTATCCTTCAATAAATCTTTAATTCTCTCATCTTTCTCGCCAATTTCCTTCAGGAGCATTGTAAACATCTCTTTTTCATTGGTGGCTATATCTCCGCTTGCACTTGGCGATGGTACAATATTAGAACTTGGTTTTGGGAGGAATTTCCAGCTATTGAACCAATAAAATGCTTTTCTTTTTAGCTTTTGGGAAGATAGACGACATTAGAGCCTATTTTTTGAAAACTGTGAATAACTCTTGTTTGACATATAATTTTGTGTTATATTTAGATTGTCTATTGGTTCAGTCGTGGAACCATTAGGGTATTACATCCAAGAACCACCTTCCTTGCGGAGGGTGGTTTTCGTTCAGCTTTACTTTTCTTCTCTATATTTTAATTTTTTACCCCAAATTTCTTCTATTTTCAGCACATCCCAATATCCATCTCCTCCAGTTCTTAATTCTTCAGAGATGTTATTCTGAGAAGAAAATATATAAACTTTTTTGCCACTATTCTTCAAATACGAAACTAATGCTAAAAAATCAGAGTCCCCTGTAAAGAAAATAGCGGTATTATATTTTCCTAAATGATGTAATGCATCAATGGTTATTTCAACATCCATATCTCCTTTTTCTTTTATGGATTCTCCGTGCTCGGTAATTATTGATATTCTCTTTAATTTTTTCTTTCTAACTTCAAAACCAAGTCCCTTTTTTAGAAAAGTAAAAAACTTGTGTTTTCCATCTAAACTATAATCTCTTGTCCCTTCAGCTGGAAAAGCACTATAATAAAAGACTTTAACTGATGATGCTTTAAAATTTTTTCTGATAAACTTTAAAGTTTGTTCGTAATCTAAAAATCTACCTTTCACCTTTTGTGCCTCCCAAAGATTTGAAGCATCAATAAAAATATAAATCATATTATCTCTGTTTTTCTTATTGTCTATTTATCCTATCAAAAAACCGCCTTTCTGGCGATTTTTTAATATACAATTACATCCAATTTTATCCAATTTGGCTCCGAGGATGGTACAATATTAGAACTTGGTTTTGGGAAAGATTTCCAGTGATTGAGCCAATTAAATTATTTATTATTTAAAATAAGACTTATTTCGGTAGCAAAATACCAACATCTTCTACATATTTTAGACCCCTATAGGTAATAAAACATTTATTCTTTTTGCAAAAAATAAAATCGTTGTTATATTCCAGCCGATACAAAGCTGCTTTAATATTTTTTCGTTGACTCGGTTTCAACCACGAAGCTAATTCATCTACGGTGGCACCCTTCTTTCCTCTCTGATATAGAGTTGTTAAAATTCTTTCTTTTGGGCCCCAGGAAGGATTTAGGGTTTTCAGAAATCCATCAAAATCTTGCACAACCAATAATTTTCTCTCAACTAGTTCTTCTACAATTTTTTGAGCTTCACTTGGTGAAACCGAGTGATACAATCTTACTAACTCAGCCATCACCCAATCACAGGCTGCTACTACAAAGGTAGTATCTTGAACATTTGGATTAATACCATCAGCTAAGTGAGCAGCGTCTCTTTTTGAACGAATATCATATATAACTCGTAAGGTACGAGGTATGTGTAATCTTATTGACTCGGGTTGCTGGCCAAATGGTATACTTTGCAATTCAGCAATCAGTCTATTAGTATCAACCTGTTTACCTAAAGGGGTGTATCTCCCTTTTAACCTATGCTCGAGGATTCTAAAAACGGCCTCTGCAAATCGGCCGCCTTCAACCTCATTAGGACGAAAATGGTTAAGATAAAAATTATTTTTTACTTCACGATAAGACTTTAGTAGCTCAGAAACGATAACCGTTGGCAACGATTTTTTCAATTCTCGTTTTACAACCTCAAGCATAGTTTACTTGCTTTTTGTTCTCTTCCTTTTTTTAGCTCTTTTCCTTGGCTTTTTAGAAGATTTGATTATTGCTTTGACTTTCTCGTGATCCGGTAGTGCATCTACGATTTTCTCCCCTAGGGTGCTTAATTGACGACCAGTTTTGACTCCCTTAGTTAAAAAACCATATCTCGTTTCTGCTTTACCAATAACATCTGCTGGGTTACCAATTTTAGCTTGTCTTGCTCTACGATTTGCAAGATCTATTTCTTTGTTTTTAAATTCGTTGACCTTCTCACTGTGTTTCAAATAATAAGCTAAAACTGCCACACGCTGGTATTGATCTTTGGGATTTTTTTCAGCCACGAATTTATCAATACTTTTACTGACCGGAGGAACCTCCTCTTTTTCGGGGCTAATACCTTTAGGACTTAAAGAAAGCTGACGAATTCCCAACTGCTTTAAAGCAAAATCAATAATGTCTATACGCTCTTCCTCACTGAACTTATTTAACTCTTTAACGATATTCTCTATCGCCTTGAGTTTGATGGACAATTTTAATTTCTCTTTTTCTGCCATAATAAATACATTTTATCGAATAAAAACTGAAAAGTCAAGTCAGTTTATCAATCTTGACCCTATTTTAAAATAACGAGTGTAGTTCTCTTTAAAATTAGTTTTTAAAAAAGATAACAGTTCTAATAAAACAGACTGACTCCCTGAAGTTAACGGCTTACAAACTTTCTCTGTTGTTCTACCAAACCTCATTCATAAATCAAAAAAGAGGAATTTAAAACGTTGAAAAGTACCCCCGACTATTAGTAATTTCGTTATCATCTTACTATATTGGTAATGCTTCGGTCGCCCGCCTTCGGTGGGCTCCCTCGCCAAACATTTTCTTCGAAAATATGGGTAAAATGGGGGTTGGAAAGGTAAAATATCATCTGCTAAAGATGACGTTTACTTTGCGTTCTATAACGCAAAGTCGACATTTACTCGACATTCTTAGAGTGTCGAGTTTTTTAATAGCTTTTTTATCGCCTTTTGGGATTTTTTGGCTCCCGGAAACTGGTCGGTTTTGGGTTTCTCACATTGGTCAGTCGCCTCAATTTTCAAAAGATTTTCCAGTAAAAGATTCACATTTTTTTTGAATTTATGCTTTTGTATTTCGAGACAGCCCTTAACCTTTTTACTCCAATTTACCCCTTTTTTGATTCATTATCAAATGATTTTTAAGGGAGAATAAAAAAACCATTAGGTTTATCCCCTAACAGTTTCTCCTTCTAAACATCTCGCAAATAGTCTTGTATACAATTACTAAAGTTTATTTTTTAAATCTGGTAGTTCTAATTCTACGAACCGTACCTGCAGGAATTCCGGTTATTTTTTCTATCATCTTTGATGTAAAGTTCAATAAAGATAATATTTTAATTTGTTCCTCTTTTTTTCTTTTTCCTTGTATCGCAAGAAGTCCTATTATGATATCTAGTTTTTTGCTAATTTCATCTTTATTTTTCTTTCTTCTTTTTTTTGGCATATTTTGATAAAATCATTTTTTATTTTGGTACTTTTAACGTTATTATATCTTCTTTATCTCCAATATCTTTCATAAGTGCTTTAAAATCCTCGTAAATAGTATCTATTCGTTGTCGGTCTACTTTGTTGGGAAAATTCATATGAGCCACTACATTTCGGGGTAATCTCATATCTTCAATTTTTAAAACCCACTCATCTATGGTTGGAATTAACGGGACAAAAAACCCTGAATTTGTTCTAGTAATTTCATTTAGATCATTTAGATCAGTAAAATAAATAAGGTGCTCCCCTGGCATAGTATGCCAAGGTTTGTTTAAATAATTTTCTTTAAACCTTTCTGATTTTCGCTGAATAGGCGGAGG
CP179890.1_gap18	661551	666469	4918	GTATTCTCCTGTGTGAGCACCCGATTTATCTCGAGCCCCAATAATCCAAAGACTATCAGTAAGGATATCTTTGTATTCTTTCCAGTTATTTAAATTTAAGTCGTTAATTTTAGCCATATTTGTTCTCTTATTCAATTTACACTTTTTTTTGTCCTTTATCAAATAATTTTTGGCAAAAAAGCGAAGCCTTACGCCTTCGCATGTTTAAACTATTCTTTACCTTTCCAACCCCCATTTTACCCATATTTTCGAAGAAAATGTTTGGCGAGGGAGCCCACCGAAGGCGGGCGACCGAAGCATTACCAATATAGTAAGATGATAACGAAATTACTAATAGTCGGGGGTACTTTTCAACGTTTTAAATTCCTCTTTTTTGATTTATGAATGAGGTTTGGTAGAACAACAGAGAAAGTTTGTAAGCCGTTAACTTCAGGGAGCCGAGTAGCGAATACAAACTTATTTTGTTGAGGGGGGAGGAGACTTTCTTTTCCGCTCTCTATAAATTTTGCCCTGTCTTGCTATCGCAAGACAGGGTCTCTTTTATTATCAGGATTTTCTAAATTTTCCGAATAAAATAGGTGGTAAGTAGCGATTATTTAAAAAATTTTTCATAAGCCACTATTAACTTAGTGAGGTCGTCACCATCTATTACCCCATAATAAATCTTCTGTCCCGACATAGCTTTTCCCAAAGCAAAAGCCTGCATTTGAGAAATGAGCCCTGAGCTAATCTGTCCCTGGTAAACTACTAAAAACAATTGGGCCGGTTCTTGGAATAATCGTCCTACCTGATCCCCTCTTTTACCCATCTTTTCAGGAGTTAACTTCCCACTAGTAGCCCGACCTTTGAAAGCAATAGCAGTGGCGACCCTCTTGCCATGGATTTTTAACTTTGTTGAGAACAAATCGCTTTGCTCTCCAGGCCAATCTTTAAATTTACCAGATTCACCAATTATTTTTTGAAAAGCTTTTTTGATAACTTTCTCTAGCAACCTCCCTGAAACACCCCGCATGACTTGAGGAATAGTGACATTCTTTATGAGATTAAAAGAATTAATGTCATCAATTGTTATCTGTTGGCACTTCACCCGAGGACTTGTGATAATTCTGACATAACCAGGTTTGGAAATTGTATTCCGTTTGGTCGGAACTTTGTCCATCTTTTTCGGATTCATTACGAAATCAATAATCTTCCTATAATGAGTGGAATAAAAAGGTATTTTTTGGTAAGCAGTCCGGGGAGGATTTCCCACCTTCACCTTTTCAATAATCTGATTATCAGTTAATTTTTTTCCCTCCTGAAGCACTCTGACTTTTCTTTGTGAAGGACTTACGTCAGACAAAATCGACTCTAATTCTTCAGCGGTCTTTATTTTTCTCTTTCCGTAATATATAGCTCTAAAAATTTTAAGCCGATGTTTAGACCGTCCAATAGTTTTGGCTGCATGCAAAAGCTGTTCAGGCGCATTTGACCTTATATCAGAGACATCAAAATAATTTGACATAAATTATTTCTTCTTTTTAGGACTGTCTAAAAACTTGGAAATTCGGCTGACATTACTCATCCTAATACCCAACACTTTTCTAATTTCTTGCTTCTTCATGTTGGCTTTTGAGGCTTCTAGAATAAATAAATTCTGCAGTAACTCAACAATTAAATCAAGTTTTTCTAAAACTTTTTTTTCAAGATCTTTATTCTTCATAAACTATTTTTTGGGGACTTTACGGCTTCTTTGTAGGGTCTTTTGAACGGCAGCCAAGTTTTTATTAATTAAACTCGCAATCTCCGAATTTTTAAAACCGGCTTTGTGCAAAAGAAGTTCGACCTTTTTCGCTTCCTTACCCTTTTTATTGTCCGGGTAAGATTCTCTTGCTTCGAGGAGGAGCAAAAGAAGAGCAGACAATCTTTTTTCTATGTTTTTTAAGATTTTTGTATTGTCCATATGTTTATTCGCTTATTTAATACCAAACTATTAATAGGTGGACAACCTTTTAGTTATTTTAGCAAAAATACAGAAAAAAATCAAGTGTTTTGAAAAATTCTGTCCACTTGGAAATAGGATACAAAATTCATTGTTGTTCGAATGAAGGCAACTCACCCAAATTGAATTCCCCAAATAAAATAGGGGGAAATTTGTTTGACAATAAAAATTTGATATAATGGAAACGGACACAGACAATAACCACTTTTGCAGTTTTTATTACAATCATTAAACTTGTAATAACTAAAGGGGCAACTTCTGCTCAAATTTGCGAAAGTGAGTTTGTGTCCGCAGGGTTGTCCCTTTGGTTTCTAAAAATATGAACAAAACAAAATTCAAACAATGCGCTATCTATACAAGGGTCTCGACAGACATGCAGGCTGAACAAGAATTTTCGTCTTGTGAAGCCCAAGAAGAAAAAATCAAATCTTTTATTAAAAGCCAAAATAATTGGCAGATTTTTAAAGTGTATTCTGACCCGGGTTATACCGGAGCCAACACTAGCAGGCCTGCCTTACAAGAATTACTTGAAGATCTAAAGCAAAACAAAATTGACGTCATTTTGGCATATAAAATTGACCGGCTCACTCGTTCGCCAAAAGATTTTTACCAATTGATAGAATTTTTTGAGCAACATAATGTTAGTTTTATTTCTATCACTGAAAGATTTGACACTTCCACCCCGTCGGGAAGGCTCTTGAGAAACATAATGCTTACTTTTGGGCAATTTGAAAGAGAGTTAGCTTCTGAAAGGACAAAAGATAAAATGCTTGAAAGAGCCAAAAAGGGAATGTGTAATGGTGGCAATGCTCCTTATGGATATAAAAGGAGAAATAAAAAACTTGTTATCAATAAAAAAGAGGCGAAAATCGTGCAATTGATTTTTGAAACCTATATTAATACCAGCTCGCTGTGTAGAACTTATAATTTGTTGAAAGAGAAGAATGTCAAAAACAGACAAGGAAAACCATTTTACAAAACTGTTCTGGGTTATCTCTTGAGAAATGTTGTTTATAAAGGAAAAATCAAACATGTTGATCAAGTTTATCAGGGAATTCACCAACCGATAATCTCTGAAAAACTTTTCGAACTTGCTCAAAAAATTCACAAAAAGAAATCGAGGAAGTTCAGAGTTTACAAGAACTTTCTTTTTGGAGGCTTAATCAATTGTGCAGAGTGTGGCTCTAAAATGACTTCTTGTTTTACTAACAAGAGACCAAAAGGAAAACTTAAAAGATATTATTACTATCGTTGTACTTCTACTCAGCACAAAGATTGGCAGGCCTGCTCGACAAAACAAGTTAGCGCTACGAGACTGGAAAAATATATTTTGGAAAATTTAGAAAGAATTTCTCTGGATAAAAACTATATCGGAAATCTTGTTTTTAAGCTAAATCATAGCTCGGATAGTTCGAGTCCTGAATTAAAAAAATCAAACACACCCCATCGTTCAGGATTCGAACTAAGGGAAGTATGCTCCAAATTCAGTCCGAAAAGCATACTTTCTATTCTCCAATCTCTGATTTCTACTCTTGAAAAAAGGAGGGGGGTCGAAAGAAATCTATTCGTTAGAAGGTTTATTAAGGGCATTGTTTATTCCCAAGAAAACGTCAAAATTACCCTGTTTTATTCGGAAAATTTAGAAAATCCTGATAGTAAAAGAGACCCTGTCTTGCTATCGCAAGACAGGGCAAAATTTATAGAGAGCGGAAAAGAAAGTCTCCTCCCCCCTCAACAAAATAAGTTTGTATTCGCTACTCGGCTCCGGCGGTAGGATTCGAACCCCTCTCGGTCACCCTAGCGCGATAGGTCTCTCGGTCACAGGAACCGAGCACTAGCCTGCTCCGGGGGCTGGACGAGATTAAAACTTGTTTGGTGGGGGTTTTGAAATAAAAAAATGCGATATTTTTATACCGCTGATTAAAAGTCTTAACAAACCGTAACTTTTGTTTCGGTAACATAAAGGATGTTGCTTTCTTTTGCTGCCACTTCGGTAAAATCATGTATTCTTTTAAATAATTCATCGTCAATCAGACATTTATTTCTCCGTAGAGATATTTCACTATCTTCATAATCTAAATGAATTATCAATTCATCTACAACGACTACTTCTTTAGGAAGTTCCAAATAACTACCATAACCTTCTTTGATTTGTCTTAAATCCAAATCTCCGGCAATCTTTTTAAAAATCATCCACTCATAATTCCAAAGTTCTAATGTGTATTTTACTCTTTCTCTAATATCTTTAATTAAAAAATACTTCCTGTCTGCATTTAAATCGTTTACAAACTCTAACGTTGCCCCTTTTCTAACCATTGTTATCTTCTCATTTTCATCATCTAGAAGAACCTTCTTTTTATTAATCTGCATTAAAAAAATTTCTATTTTACCACTCTCAACTAATCCTTCTAAACAACTTATAATATCGCTCTGCCTTACTGGAGGCACAGACCCAGAACCCCTATATTCTTTTACATATCTATCTTTTTTTCCTGACATTTTTTCACAAACCACCTTTTTTTTATTTCTTTTTTTATTGTAAATGTTCAATAATACTCATTAACAAAATTCAAAAAAAGTGTCAAGTTATCTACCAAAAAAAACCGCCTGATTGGCGATTTTTTCTCAAACTTTTTCCAAAAATAAGATGGGAATCGGTCTCTCGAACGATTCGCTACTTGGCTCCGGCGCTAGGATTCGAACCAATAACAACATCAAGGATTAACTATTAATTTAAAATCTTTTGGCTCTATTTCTACCCTATCCCCTGGCTTAACTTCATCACTAAGTAAAGCTTTAGCAAAGACATTACCAATTTTATCCTGAATAACTCTATTCATTTGCCTTGCTCCAAATTTTGTATCATAGCTTAAATCAACTATTTTTCTTTTAATCTCATTAGTTACAATAAACTCAATATCTTTTTTGGCTAAATTT
CP179890.1_gap19	675139	675639	500	AATATTTGTAATCTGTTTTGCTCTTATCAAAATAGGTTTAATATCTCCAACCTTGGCAAAATTAAGCTTTGAATCCTTGATTGAGAGAATGAAAAAATCCAGATTTCCCAACCAGCTCACATCTCCTGACTTGGATATATTATCCAAAAACTTATTAGCTTCTTTTAAGCTTGACTTTAAAGCCCTTTCAGCGCTGCCAGTTCTTGAGCTGTAGTATTTTTCTTTTATAACTTCTGCTAATCTTTTTAATAAACGTTTGTTTTTTGGCAGCGTGTTTTTTAAAAGCCCCACTATATATAAGCTTCCCAGGCTTTTCTCATAAGAGCTTTCCGGTTCATAGCAAAAACTATCAAGAACTAAATCCTCTTTTAATTTAGGATTAAAGTGAAACTCAAAAACCTTCATATTATACCTATTTTAACAAACTTTACTCATCTTATGAAATTTATTAATATTTATAGATTGGGCGCATGGCTTAGTGGTAGAGCGCTATCTTCACA
