gap_id	start	end	length	sequence
CP179927.1_gap1	3087	7390	4303	GGCGGCAGATAATGGTGCTTCTTAAACACCGGAATGTCCAGCAGGCTTTAATAAAGGCCGGGGCAGTTATCGGCCAGAAGATTATAACCGGCAGGCTGGAATGGTATCTTTAAAAACAGGCATACTGGGGGGGACTTTTGACCCTATTCATACCGGCCACCTGATACTGGCAGAAGAGGTAAAGAAGAGGCTGGGGCTGGATGAGATTATTTTTATACCCACCGGCCAGCCATATTATAAAGCGGACAAGACTATCAGCCCGGCTGCAGACCGCCTGAACATGGTTAAACTGGCTATATCCGGCAAGCCCTATTTCAGGGTTATGGATATTGAAATAAAAAGAAGCGGCCCTACCTATACGGCAGATACCTTAAACGACCTGAAGCTTATTCTGCCCGAAAAGACCGAACTTTACTTTATATTGGGCTGGGATAATCTGGAGGCTTTGCCGCGCTGGCATAAGGCTTCGGAAATAATACGGCTCTGCCAGCTGGTGGCGGTGCCCCGGATAGGACAGGCAAAGCCTGATGTGGACGAACTGGATGACAAACTGCCCGGTTTGCAGCAGAGCCTTATTATGCTGTCCAAGCCGGAGGTAGATGTCTCTTCGTCTCTGGTAAGGGAAAGGCTGGAAAACGGACAGGGCGTGGAACATCTGGTGCCTGAGGCAGTGGCTGCCTACATCAAAGAGCACGGTCTGTACCATAGGCAATAAAGCCGCTATTTTAACGTCAGACAAACAGCTAAGGGGCGTCTTAAGACGCCCCTTAGCTGTTTTCAAAGGCTTTATTTCAGCCTTAGATATCCAGATTCTTAACTGTTTTGGAATGGGACTGGATAAAGGCCTTGCGGGGAGCCACTTCACCGCCCATCAGCAGGTTAAAAATCTGGTCTGCCTTGGCGGCATCTTCCACTTTTACTTCAAGCAAAGTGCGGCTGGCCGGGTCCATGGTTGTCTTCCAGAGTTGCTCGGCACTCATTTCACCCAGACCTTTGTAGCGCTGGATATCCACTTTGTTGCTCTTGGTTTGGGAAAGCAGGGTCTCTTTTTCGGCATCGTTGTATACCCAGTGTTCGTTGCTGCCTATTTTTATCTTGTAAAGAGGCGGCTGGGCAATAAACAAGTGGCTTTCGGTAATAAGCCGGGGCATATGGCGGAAGAAAAGGTCAAAAGGAGTGTCCGTATATGTGAGCCGTCCACGTCAGCATCTGTCATGAGTACCAGACGGTTATAGCGCAGTTTGGCGGGGTCAAAGTCATTATCTATGCCGGCTGCCAGAGCGGTAATGATAGCCCTGATTTCCTCGTGGGCCAGCATCTTGTCCGGTGAAGCCTTTTCTACGTTTAAAATTTTACCCCGCAGCGGGAGTATGGCCTGAAAGCGGCGGTTACGCCCCTGCTTGGCTGAACCACCGGCCGAATCACCCTCTACCAGAAAGAGTTCGCACAGCGAAGCATCCCTTTCCGAACAGTCAGCCAGCTTGCCCGGCAGGGTGCCTGTATCCAAAGCGCTCTTGCGGATAATCAGGTCACGGGCCTTGCGGGCGGCTTCACGGGCCTTGGCGGCGGTGATACACTTTTCCAAAATACGTTTGGTATCATCCGGGTGTTCTTCCAGATACAGGGAAAGCTGTTCGGTAACGGCACTTTCCACAAAACTCTTTATTTCAATATTTCCCAGCTTGCCTTTGGTCTGTCCCTCAAACTGGGGTTCGGGCAGTTTGACGCTGACAATGGCTACTATGCCTTCGCGTACGTCATCACCCATCAGGTTGGGGTCTGTGTCTTTAAGGAATTTTGACTTGTGGGCGTAGTCATTGAAAGCCCGGGTCAGGGCGGAACGGAAACCGGTAAGGTGAGTGCCGCCGTCAATGGTATTTACACAGTTGGCAAAGGTCAGGGTGGAATCCGAGTAGCCGTCATTGTACTGGATAGCTACTTCCAGTATAGTGCTGTCTGATTTTTTGGTTATATAAATGGGCTGGCGGTGGCGTACCTCGCGGTTGCGGTTTAAATGGCGGACAAAGCCGGTAATGCCGCCCTCAAAATAATACGTCCGCTCCTGGTCAGATTGTTCGTCATAAATATAAACCTCAAGCCCTTTGTTGAGGTAGGCTATTTCCCGCAGGCGGTCAGTCAGGGTCTCAAAGTCATATTCCGTAGTGGAAAATATCTGCGAGTCCGCTTTGAATATAGTGGTGGTGCCGGAACCGTCTGATACCCCCACTTCTTCCAGCGGGGTGCTGGGTTTGCCGCGCTGGTAGCTTTGCTGGTAGATTTTGCCGTTGCGCCTGACCTTGACCGTAGTCCATTCGGCCAGCGCGTTTACTACTGAGGCGCCCACCCCGTGCAGACCGCCGGATACCTGATAGGTCTTGCCGCCGAATTTGGCACCGGCATGCAGGACGGTCATAACTGTTTCCAGGGCGGAAATCTTGGTCACAGGGTGAATATCTATCGGGATACCGCGGCCGTTGTCTTCAACGCTGACGCTGCCGTCTTTATAAATAATGACCTTTATGCGGTCACATACCCCGGCCATAGCTTCATCTACGCTGTTATAAACAATTTCATAAACCAGGTGGTGCAAACCGCGCTGGTCAGTAGAGCCGATATACATGCCCGGTCTTTTGCGGACAGCGGCCAGACCTTCCAGTACCTGGATATCACTGGCGTTATAGTTTTCGGCGTTTGCACCCGGTTTGGCTTTATTTTCATCTAACATAATTTCATTTCATCCTGCGGCTTAAAATATACAAATGAGCGGAGTTTAATACCAAGGCTCTTTAAAAAGAGACAAAAAAAGAGAGGTTTCAGAGGAGGGTTTTGACATACTCTAAAAGCTTTCATTAGATATCCAATTATAGCACACAGGCTTAAACGGGTAAAGAAATCAGCTACACCCCAGCTTTGGAAGGCAGGGCAAAATCAGCCGGACCTTGAGCCGTCCGCACCTACCCGGCTGATACTTATTATGCCGCGTATACCCTCCAGTTTGGCCATTAATCTGGTCAGCTGGGAAAGGCTTTTTATCTGGGCGGTCATGGCAAGGGTGGTAGTTTTATCGTCATTTTCAGTTACGGTCATGGAGAGGATACTTATTTTTTCTTCGGCTACCATGGTGGAAATATCCCGTACCAGACCCACCCTGTCCCAGGCCTGCATACGGATAGAAGCCGGGTAAAGTTCTTCTTTGGGTATACCCCAGTCTACGCTCACCAGTCTCTCCTTCTCTTCCTCGTGGAGAATATTGTGGCAGTCCTGACGGTGTACTGTAACACCCCGGTTACGGGTGACATAACCTATTATATCGTCACCGGGTACCGGGTTGCAGCATTTGGCAATATTGGTTAAAAGAGAACCGGTGCCCATCACCGAAACACTGCTCTGGGAGGAGGGCTTGGCGGTCTGAACCGCCGGGGTAATAACCCTGGGCTGTTCCTGCTGGCTGAGGAGTTTCATGGATACCTGATGGACTGAAACCGCCCCGTAGCCTATGGCCGCCAGAAATTCATCTGCATTTTCGTATTTAAAGGCTTTGGCCAAAGCCTCACGGTCAACTGTTTTTATGCCGATATGCTTAAGCTCTTTTTCCAGCAGCTCCCGGCCGCGTTCCAGGTTTTCCGTCCGTTCCTGTTTCTTGAACCAGGCCAGTATCTTCTCGCGGGCGTGATGGGTTTTTATATAACCCATATTGGCATTCAGCCAGTCACGGCTGGGGCCGCGGTCCTTTTTGGTGGTGACTATTTCCACTACCTCACCGTTTTTCAGCTGGTAATCCAGGGGTACCAGCCGCCCGTTTGCTTTGGCACCTATACAGCGGTTGCCCAGTTCGGTATGAATGCGGTAAGCAAAATCTATGGGGGTAGCCCCTTTGGCCAAATCTTTTATTTCGCCTTTGGGGGTAAAGACAAAGACCTGGTCGTTGAAAATATCGGTCTTGACGGATTCCAGAAATTCTTCGGCGCCGCGCATATCACGGTGCCACTCAATAAGCTGTCTCAGCCAGCCGATACGGTCTTCAAAGTTTACGTCTTCTTTACCGGCGGTTTTGTAACGCCAGTGGGCGGCCACACCGTATTCGGCAATATGGTGCATCTGGTAAGTGCGTACCTGAACCTCAAGCGGGGTAGTGCCTAAACTCATAACGGCGGTATGCAGGGACTGATATCCGTTCGGTTTGGGGTTGGCTATATAATCATCAAACGCACCCGGTATGGGGTGCCACAAACTGTGGACAATGCCTATGGCATGGTAACAGTCCGGTATGTCATTTACCAGTACCCTCAGGGCGAGTACGTCA
CP179927.1_gap2	29942	31120	1178	AAGAACATGGTAAGCACCGCTCAGGAACTGGATGAATTAGTTAATAACTGGGCAGATGTAGACAATAAAGTTGCCCGGATAGCCGATTTGGAACACGAGGGTGACAGTATTGCCCACCAGATTATAAACCTTCTCCACCGCACCTTTGTTACCCCCTTTGACCGCGAAGATATAGCTTTGCTTGCCCACACTATGGATGACGTGACCGACTTTATTCATTCGGCGGCGGATTTTATGTTTATTTACAAGACCGGGCGTCCCGGTGAACGTGCCAAGGAACTGGCCGGTATTATTGTGCTGGCGGCCAAGGAAGTTGCACTGGCTGTGCCTCATCTGCGGCACAAGTCCGAGATGAAACAGGTTATTGTCCACTGCGTAGAAATAAACCGCCTGGAAAATATGGCGGATGTGGCTTTCAGGGCAGCTTTGGGAGAGCTTTTTACTGATTCAAAGGACATGGCAAACATTATCAAGTGGCGTGAAATATATGAACATATGGAAACGGCCACAGACCGGTGCGAAGACGTGGCCAATGTTCTTGAGGGGGTTGCCCTGAAGAATGCCTGATGCCTCGTTTATCCCTTATCTGATTATTATTCTTTTAGCTATAGGTTTTGCCTTTGTAAACGGTACCAATGACACGGCTAACGCCATTGCCACGGTGGTGGGTACGCGGGTTTTGTCTCCCCGCAAGGCTATAATCATGGCGGCAGCGGCCAACCTGGTGGGTGTTTTTACCGGCACGGCTGTTGCCCGGACTATCGGCAAAGGCATACTGGGGGCTGAATCACTTACCTATGAAACAGTTATTGCCGGGCTGATAGCCGCGGTTATCTGGTCTATGGTGGCTACCCGTAAGGGTCTGCCGGTCAGCCTGACGCACTGTCTGGTGGCGGGCTTAGCTATGGCCGGGGTAGCTATGGCCGGGGTTGGGGCGGTAGACTGGGGAGTTCTTTTAAAGATTGTGGCGGCGGTAGGTATTGCCCCCATTATGGGCATGGCGGGCGGTTATCTGCTTATGGTTGCCCTGCTCTGGATATTTCGGCGGAGTGTTCCTTCCAAGACTCACGGCCTTTTTTCCCACCTGCAGATATTTTCAGCCGCTTTTATGGCTTTCAGCCACGGGCGGAGTGACGGGCAGATGCCTATGGGTATTATTGCTCTGGGCACAGTCCTTT
CP179927.1_gap3	112203	114563	2360	ACACCGCCGGCTACCACTGCCACGCTGTGGGGCAGACGGCCGCTGTAAATGGCGGACATTTCATGAGCCAGGCGGCGCATATTCAGGCCTTCAACATAATGGGCAACTGCGGCCTGGGCTACCTTTTTGGGCAGGCGGTAATCACCTTCATATCTGGGGTAGAAAGGCGCCAGCATGGACATATCACCGGCAGCCAGAGCCCGGGCAATGAAATCTTTAACCTTCAAAAGTTCAGGGTCAGTGCCGTCATAATCTGCTACTTCGGTTACGTCTACATAGTCCAGAGCGGCCAGATGGTAGAAATGGACTATGTGGGAAGCAATGTAGTTGGCACCCTGAATAAGGTTGCGGAGTATCCGCCCGTTATTCGGTATCTTGTCAGCTACACCAAAGGCAGAGTCCAGGTTTAAAGCGGCGGTAGTGCCGTGGGAGGTGGGGCAGACGCCGCAGATGCGCTGGGTAATATGAACAGCATCACGCGGGTCACGGTCCTTCATAAATATTTCAAAGCCGCGGAACAGAGTGCCGACACACTTGGCATCCTTGACCTCGCCGCCGTCTACGGTGGCTTCGATTTTTAGATGACCTTCAATCCTCGTTATGGGGTCAATTACTATCTTCTGCATTTTCTTCTCCAAAGGTAAGATTACGGTCTACTAACCCTTTTTTGCGGCATTCCGCTTGGCTTTTTTAGCAAGTTCTACGGCTGCTACACCGGCAGTCAGTACCACGGCAGTACCGGCAATACCGATAGCCAGTTTGTCAGTACTATTGATAACAGGCGGCGCTTCAAACATGGGAGAAACCGCATCCGGGAAGCCGGGGTGGGCACAGCCGATACACGGAGAATCAGCTTCTACGCACCAGCGGGTCTTATTGTTCCAGAGCCTGTCAGAACAGTCAGCATAGGTCACCGGACCTTTGCAGCCTACCAGGAACAGACAGTAAGGCTCGGACAGTTTGGTGGCAAACAAACCCTTTTCGTAGTGACCGCGGCGCGGGCACTGGTCATGAAGGAGTTTGCCGTAATAAGCCTTGGGGCGGCCCATCTTATCAAGGTCAAGTGCGTCAAGTCCGCTCATAAGTATGGTAGCCAGAGTGCCCACTACCCAATCCGGATGAGGGGGCAGCCGGGCAGGTTTACAACCGGGGTAGTTATATTATGGTCTTTAAGGATGTCTTCAAGAGGCTGGGCACCGGTGGGGTTGGGGGCGGCAGCGGTGATGCCTCCGAAGGCGGCACAAGTACCGGCAGCCACAACGGCCAGTGCCTTGGGAGCCAGATTCAGTACATGCTCCAGTATGGTAATGCCTTCGCCGTTCTCTTCGCCTACCTCAGCATAAATCCCGTTATCTTTGAGGGGTACAGAGCCTTCAAGTACCAGTACAAACGGCCCTTTGGCCACAGTATCGGTGATAGTGCTCATAGCCAAATCACCCTGAGCGGCCATGATAGTGGGGTGGTACTGCATGGAGACATGAGTACCGGGGACTACCGAAGTAAGCAGTAAATCCTGAATGGTGGGTGAAACAACGTTTAGAGTAGAGATAGTGCATCCGTTGCAGCCCGCACCCTGGAGCCATATAACCGGGATTTCTTTCAAAGCCTCGGCAAACATTTTTTCAAATTCGGGGAGCTTCAAAGCACCCAGACTGAGGGCGGCGGTAGAGCCGGCGGCTAGCTGTACAAAATCCCGTCTAGTAAGTTTAGTATTAAACATTTTTCCTACTCCATTCCAAAGTGGTTCTTTTGTCTAAACCCGCTTACGCCGGTCTAGTGCTTGCCAGCCTTGTTTTCAGCATGCTCGGCATCGTGTGCCTGCGCCTGAATTCTGCGGCCGCGGAAATACCATATGCCAACCATCAGCGAAGCTACTATAGAGATTTCCAAAGGTATGTTGCCCAGGAATTCTCTGGTGAAGCTGGGGAAGAACTCATTCTCATGCATGTCAAAGCCGATTTTTTCGGGTTCAACACTGCTTAAGTACAAAACATGAGTACCGCCGGCTTCTTTTTCGCCGTAAACATAGGGGTAATATCTGTCAGGGTCATTTGCAAGTCTTTCATAGGCTTCGGCCAGCAGGTCAGCCCGTTCGCCGAATTTAATAGCACCGGTGGGGCAGGTAGCTGCACAAGCCGGTTCTACACCGTTTTCCACTCTGTTCCAGCACATGGTGCATTTGGTGATTTTAGCCCAGTTGTCATCCCACTCAAATTTGGGGATTTGGAAGGGGCAGGCGTTCTGGCAGTAACGGCAGCCGAAGCATTTGTCCTGATCCCAGACTACTGCACCGGTAGGCCGTTTGTGGAGGGCACCGACCGGACATACCGAAACGCAAGCCGGTTCATAGCAGTGCAAAC
CP179927.1_gap4	129658	132033	2375	CCGTCCTTGTGGAGCATACGGCAATCCTTGTTATAAATAATTTCCCCGCGGTTTAGGCTGGCAATATGCCTGCGGACTTCATGGCGGAAGGGTTCTTCCACAATTTCCAGAAAGCTCATTCCCACCAGTTCGGCCGGAGTATAGCCCAGTATTTCCTGAACACGCATATTGCAGTCATTTATAATACCGTTCTGGTCAAACGAAATAATAATGCTGGCGGCTGTTTCAAATATAGAGCGGTAGCGGTTTTCACTGCGGGTAAGGGCATCACGGGCATTTTTCAGACGGCTTATATCTGTGAAGGTGGTATAAACCATGTACGAGTTTTCCTGGTTGAGGCGGAACAGCGGCAGGGCAAACAGGTTGACCCAGCGGACCTCACCGGAAAGGTTATTCTTTATGCCCATAAAAACATTCCGCACCGCTTTGCCGGTCTTAAGGGCAGTTATTACCGGGTTTTCCTCCGGCGGCATTATTGAGCCGTTTTCCTGCACATAAGTCCAGACCGGGTCGGCAATATTTGTTCCCAGCAGTTCGCTTTCATGCCTGCCGAAAATAGTATTGGCGGCCGGGTTGGTTTCAATTATGATGCCCTTATCATCAATATAAATAGCCCCCTGGGCCATAGTTTCAAACAGGGTGTGGTACTTTTCCTCGGACATACGCAAAGCTTCTTCAATATGTTTAAGCTCGGTGACGTCTTCGCCCGAATAGAGTATTGAATTAAGTTTTCCGTCCTGGCTGCGGATAGCCGTAGAATGCCACAAAATCACCTTTTCCTGGCCGTCTTTAGTCAGGACTACATCCATATAGCGTTCCGGCAGGTCGGCTTTGCCTGAGATAATTTGTTTGTACATGGAGTGTTTGATAAGACGGCGGTAACCGGGCACAAAACTCTCAAACCAGTTACGCCCCACAATTTCCTGGTATTCATAACCCAGTATTTCGCAGCCCCGCTTGTTAATCTGTAAAACAATCTCGTTTTCACTTAAGACAACTATAATTACCCCGGCAATATCCAAATACAACTGGGCTTTGTCCCGTTCTTCTTTCAGACGGATTTCAGTTCTGGCCAGTTCTTGACGGTGGCGTATTTTTTCCACCCCCAGAGATATATCCTGGGAGACCTCCCGCAGCAGGGAAATTTCTTCTCTGCCGAATACGTCCGGGTTATTTGAATAAACGCATAATACCCCCAGCAATTCATCCCCGAAATCAATAGGCGAACAAAGCAGGCTGCAGCAATGCTGACAGCAGATATCATCACCGGGGCAGGTCTGGATGTCTGGAACTACTATCAGGCTGCGGCTTTTTATAGCCTGCTGGATAGGTTCTCCGGGCAGGTAGAGGCAATGCGGTGCCGGGCACTCCCCGGCGGGAAGCTGGGACGGCTGCCCGCTGGCAGCGTGATAGCGGGGTTCAACTGTCTGCTGGTCAGGGGTTGCATAACCTATCCAGGCTACCTGATACCGCCCGGCATAGACCAGTCTTTCGCACACCCTTTCCATAAGCTCTTCTTCGTTGTCTATGTGGGTGATATGGTGGTTTATATCCCGTATCATGGAGAGTATCTGGTTGAGTTCTTCTTCGTGGCTTATTACCCGCCGGTGGTTGTTGATTATCAGCCCCACCAGACTGCCGGCACCCAAAGTTAGCAGCATAACGAAGAAAATAACCGGCTCAAACAAGTCCATTCCAACCATCAGCAGCATACCCGGTATGAGGATGCTGCTGACCCAGATTATGGAAACTTTCAATCCCCAGCGCCAGGTGGCAATGGCAATAATAATAATGGTAGTGGATGCCTCCACCATAGTGGCAAAAAGCTTCCAGTTGGCATTTTGAACGAAGTCCTGCAGGGATAAGACTGAGTATAATCCTAAGATGATTACCAGTACGGATAAGCCGGTGACGTACGTAAAATATTTATCTTTGAAAAGAGGGGGGATTGCTGGTTTTTCATTGTCCTGTTTTCCCCCTCCTGTTTACCAGATTATATTAAAACAAAACCTTTTGGATTATTCAAAGCAAATCAGGTATGCGTCAAATAGCATAAAAACCTTTGGAAACACGAATAAAATTCCTAGCCAGGTCCGGGTTTGTGCCGAAATGGAGATGCAGGTAACTGGCCAGTACATTAGTACTATTTCCTATAATAAAACCCTCATTCTGTCCGGCATATTCAGCCGGCTCCAGCAGGGTATAGGCCGGTTTGGTTTGGGGGGAGGGCAGTTTTGACCAGTGGAAAATATGCCCCCTTAGTTCAGTTCCCTTGCCGGAAAGGATATTATCGTTCTGGACGGCGGCTCTGGTATAGCCCAGACGGTGCAGTTTTTTCTGCATGACAGATACGCCCGGCAGAAGCCCCAGCATCA
CP179927.1_gap5	133048	136735	3687	CTGCTTGAAGAAATACCGGCTATGACAATACGTGGAAAATTCATACAGCAGAGTATATCACTCAGGATTGATTTGCGTAAAGATTAGTTTTCTTTGAGAACTTTTATGTATACAGTCCGTCTGCGCGGGCCGTCAAATTCTGCAAGGTAAATACCCTGCCAAGTCCCCAGCAGAAGTCTGCCTTCTTCTATAATCAGGTTCAGGCTGCTGCCCATAAGGCTGGTTTTTACATGAGCGGCGGAGTTGCCTTCCGCATGGAGGAAGGGAGTAACAGCCGGGACTATCCGTTCCAGCTGGGCTTTGATATCGGTTATGACATCAGGGTCGGCATTTTCATTTATGGTCAGCCCGGCGGTTGTGTGGGGGACAAATACCTGACACAGGCCGGAGGTAACACCGCTCTGGCTTATAAGAGAACTAATCCGGCTGGTAATATCTATAAATTCGGTCTGGCTGCGGCTGGGTATTTCAAGGCGGTACAGGGGCAGGGAGTCAGGCACGCTTGATAAACTCATTTATCTTGGTTCGCAATTCCCGCGGGCTGAAGGGCTTGGTAATATAGCCGTCAGCACCCAGCTGCTGGCTGAGTTTCTTGTTCAGTTCATAGCCCACTCCGGTCAGCATGACAATAGGAATGGCACTGGTCTGTTTATCACCTTTGAGCATACAGCAGGCGGCCAGCCCGTCCAGTTTGGGCATCATGATATCCATCAGTATCAGGTCAAAGTCCTGCTCTCGGGATTCTTTTACCGCCTCTTCGCCGTTTTTGGCTTGAACTATCTGATAGTCTTTGTCCAGTATGCCGCAAACAAGCTGCCGCACATGCTCTTCATCATCAGCTATCAGTATTTTCATTTTGGGCATGGCTGCCTCCCTAGGATACCATAGGTAATAATAAATAATAGTATAACATTCAATGGTAGGTGAAAACAGGTAAAGTTTTAAAAACCTTAGTTTTGGGCCTTAAGTTTTTCTAAAGTTTCGCTGACTATCTTCTTAAGGTCACTTGGGGTGAAGGGTTTGGGTAAAAACGGCTGGCCGGTGGCATCCAGAAAACCCTGGGTGCTTTCGTCCATGAGGTCACCGGTAGTAAATACCATCCGTTTGGCGGTTTCCGGGTAATAGTTCAGCGCATAGGTGTACAGATTTTTGCCGTTTATAATAGGGGTGCGGATATCTACCAGGCAGAGGTCAAACTTTTCCTGCTGGATAAGCGACTGACCTATCTGCCCGTTTATGGCAATAGTAACATCAAGCCCCATACTCTCCAAAGTGCGAAGGCATACCTGACATATGGATGGTTCGTCTTCAACTACCAGTACCCGGTATTTTTTATCAGTCATAGAGTCCTGCTTATCGGGAGGTGAGTTTGGATTGCTATAATGGGTAATTTATTTATACTAATGGTATATTGTATCACAGTGTTGACAGCTGTCAATAGCGGGGTACAGAAAAGTGTTAATGAGGCAAAAATGAGGTCAAAATGATTAGAATCTAAACTTGCCGCGCTGGATAAGGTAACCGCAGGCAAGCCCCACCAGTAACCCTCCCAAATGACCCTGCCAGGCAACTGACGGCAGGAAGGACAGGATAGCAAAACTGCCCAAAACTGCAATCCAGAGGGGAATAGGTATGGGCAGGGGGAAAACCATAACCTTGGAGTTCGGGCGGAGTACGGCCAGAGCGCCGCCAAGTGCAAAAACCGCCCCGGAAGCACCTATGACATACCCGTAAGAGCCGGCGTTGAGGAGTATGAACAGCAAACTGCCCGCCAGACCGCCCCCGAAGAATATGATGAGCCAGCTGCGCTGACTTACCATCTGGAGCAGGGCATTGCCGAAGAAATACAGGGTAAGCATGTTGGCGAAAAGATGCCACAGGTTTGCATGGACAAACAGGCTGGTTAAAATAGTCCAGGGGTGGCTTAGGGCGGTTGCCGGCTGAAGTGCCAGGTACGGCCCGATTTGGGGAGCAAAATTAACCCCGAAGAATACCACCACACAGGTTATTATTATCAGGAGTATGATATCCGGCTGGTTGCGGTAGTTGGAATATCTCATATGGAGTCATTCTGACAGTTTTATCCAAGGCGTGTCAAATTTTTGGCAACAGACGGGGAGAGCTGAAACAAAAGTTTGGCCGTAAGGTATTTATCAGCTGAAATTACGCTCAGGACTCTTGGGTGAGCCGGATGCCGCTGTTAAGAAAATATGGCGTCAGCTAAAATGCCCTTATCAGCGGGCAGACAAAACTAATACTTTCCATAGCCCTGAGGCAGCATGTCCGGGCTTCAGGAAGTGGTTTTTTTAGAGGGTGTCTGTTTGGGGGCTTTTAAGTTTACTTCTTCGGCGGAGAAAGGTGAATAACCCTGTATTATTTCACCTTCGGTAATTATTTCCAGTTTGCCGCCGCACTGGGCACAGGTTTGATGGCGGGCATTTAAAAGTGCCCAGCCATGATAATGCCCCCGCACCTGGTACATCTTGCCTCTGGTATCTGCATACTATTATATTACCATTAAGGTAGGTATAAGCTGTCAACTATTTTGTAGATACTCTTTTAAAAGAAGCCGGTTTTACTGCCAGGCACCGTTTACAAAGGTAAGGTTTGCCCAGTCACTGTCTTCAGGCATCAGGGCGCTTACTATCAGGCCTTTTTCATTCAGGGTATAAATACCTATTACTTCGCCCATAACAAAATTATGAACTGCCAGGCTTACCGAAGGTGAGCCGTAGCTGACATTTGAGGTATGGCCGGAGCCGACTGTCCCGCCGTCATTCAGGGTGTTTATTTCCGCATCCACCATAGCTGACAGGACGGCCAGACGGACATTTGCCAGTTCGGTATTGGCAGATTCTACCTTACCCTCGTGCATAAACTTTACTACATTGGGTATTACCACTCCGGCCAGCACCCCCAGTATAGCCACAACTACCAGTATTTCAATCAGGGTAAATCCGTGTTCACGTTTAAAAATATTTCCCGGCATTTTCATAAATTCCCCCTTATGACGGCAACTGTGCACATTTATATAGCCAATAGTACTAAAACCGGGTAAACATTTTCAATACCTGTCTTATTAAATGCCTGTCTTGCTGAAAATAGTCTCTGGCTTTATACTTTAGCCATGCCTGAGCATAAAATACTGGTAGTTGAAGATGATGCCACCTTGCGTGAGCTTTTGTGTTACAACCTTGCCAAGGAGGGATACCAGCTGGAATGTGCTGAAGACGGGCTTAAGGCGCTTGGTATGTACCGCCGGTTTAAGCCGTCTTTGGTTATACTGGACGTAATGCTGCCGGGCATGGACGGCTTTGAACTTTGCCGCCTTATCCGCGCTGAGAGCAGCGTGCCCATACTTATGCTGACCGCCCGTTCAAGCGAAACAGATAAAGTAAACGGGCTGGAAGTGGGGGCGGATGATTATCTGTCCAAACCCTTTGGCATGAAGGAACTGCTGGCCAGAATGAGGGCACTCCTCCGCCGCAGTCAGATGCAGAACTCCCAGCCAGAGCCTGTAAGCGGCCTGAAAATAGATAATCTGGAAATATTTTTTGAACGCCATCTGGTCATGCGGGACGGGGAGGCTTTAGACTTTTCCCCGAAGGAGTTTGACCTGCTGAGTTTTATGGTTCAGAACCGGTGCCGGGTTTTCAGCCGCGAACAGCTGCTGGAAAAGGTTTGGGG
CP179927.1_gap6	185488	188341	2853	GGATATATTTTGAACCCGGCAAAGGGGTTTATTTCGGTTACCAGTACGCCCTGGGCATAGCTTCCGGGGAATACGTGCTTTTTCTGGACAGTGATGCCTATCTGGATAATACCAGCCTGACCAGCGTTCTTAATACATTTACCGACCCGGAAGTAGGCTTGGTGGGTGTATATTCCTTCAGCCCGGACAAAAGCCGCCTGGGCAGGTGTGCCGGGCAGTGGTGGGACTACCACCGTATGCGTCTTTTAGCCCATTCCAGCTCTTCACTATTCGGGCGCCTTTATCACCGGGTAGTGGGTTTTGGGGCGGTCTATACCAGCGGCCCGTGTTTTATAGCCAGCCGCCAGTGTCTGGAAGCAACCGGCGGCTTTGCCCCCGAATTATACCTGTATTATCTGCACCCGAAACTGGCCTATCCCGGTGATATTATGCTTTCAAAACGGGCTGTTAAGGCCGGGTACAAGGCGGTTTGGGCAAACTGTGGGAGGGTTGGGCATTACCCTCCGGCAAACGCCTTGGAATTATGGCGTCAGCGGGTCAATTGGGGGCGGGGTGATGCGGCTTATCTAAAGATATGCCGTACCGGTTTTACCAAAAGGGCTACGTGCGTGCTGTCACGGCTGGGTTCTCCCTTTATGGCTTTGTATCTGGCTTTCAGGTACCGCAACCCGGTTCATTTGTGGTATTTGCCGCTGGCTCAGCTGGCCTGGCTGAGGGGCTATTTTAATTTCAGGCTGAAAAGATGAAAAACGAAGCCCTTTTGCTTTCGTTTTCAAAGCTGTTTGGCATTTTGGCGCTGGTTCTGTGGGGTTTTAGCCTGGCGGGAAGCACTTTCAGCCCTGACACAGAAAATATACTCAAGCCGCCGCTGCTTCTTTTTGTCTTGGCGGTGGCATCTTTGTGTATGGGGTCGGCATTTCTCTGGAAAATGCGCACCCCGCAAACCCGTTTATTGTGTTTATATACCTTTATAATGTTGATTATGCTCTGGCTCAGCCCGGTTATTCTGCAGTCCAGCCCGGTCTCTGCCCAGTGGACATATGGCATTTATTACCCCAATACCCAGTTTATCAGCCAGACCGGCGGTATAGACCCGGCCGCCTATACCTTTCATAACTGGCCGGGGTTTTTTATACTGGATTATAGTTTGTCTGCGGTATCTGGTACTTCCTGTCTGGATTTTCTGGCTTTTTACGGGCCTCTCCTTATGCAGATATTGATGTTTGTTCCGCTGTACTGTTTATTTAAGAATATTATCCCCAATCCCAATCACCGTTTTGCAGCTATCTGGGTGTTTTATCTGGCAAACTGGGTAGCCCAGATTTATTTTGTGCCCCAGGGGATAGGGGTTTTCTTTTGATTTGCCTTTTGGCCCTTATCACCAGCCCAGGTTTTTCCCTTGCCCAGGGAAATGCCGTTTCCCACCGGGTAGTGGTTATTCTGGTATTGGCAGCACTGACGGTAACTCATTTGCTGACCTCGGTGGCAGCTTTGCTGTGTGTGGCGGCTTTAATCTTAAGCCGTCTGGTAAAGGGGTTTAATCTGGGTATTCTGGCAGTGGTAATGGTGGGCTGCTGGACTATTTACGGGGCGGCCACCCAGTTTGATTCCCAATTGCCGGAGTTTGTTAACCGGGCTTTTGAGCTTGAAAACCTTTTCCAGTTCAGCTCCGCAGGCAGCGGCGGGGAAGCGGGAGCGGCATTCCTGCAAATATCTCAGGTAAGGTTTATCTTTTCAAGCTTATTTGCCGGCCTGGCGGTTTTGGGGGTGCTTTTATCCCTCAAATACCGTCACCGTTTTGATTTCCCCCTGCTGGCTCTGGAAGGGGTGGCAGCGGTGATTTTATGCAGTATGCTTTACGGTTCGGAATTCTGGACGCGGGCATTTCTGTTTTCGCTGGTGCCCATTGCGTATTTTACGGTTAAACTGCTGCGTAACCGCCTGAGTACTCTTATAATGGTGGCCGTTTTATTGGTGGCTATTCCCGGGCATCTGCTGGCTCACTACGGGGCAGTATCTGATATGGTCAGCCGTTTTGATGTATCTGCCTGGCAATACCTGGAAAACTATACTCAGCGGGGCTATATAAGCGGTGGTATCAGCTATATAAAACCTGACTATCTGAATCTTTCGCTGAAAAAACTAAGCTGGCAGGATGGTTTGCTGGTTGGGCAGGACTATACAGGCCGTTATCCCCAGTACCTGCAAATAGGCAGGAGTACCGATGTGGACTGGGTTTATTACTATGGGGACAGCCAGTATGTGCCTGCTCTGGAAACTGTGCTTGAAGATTCGCCTGGGTATGGGCTTATCTACCAGAACCGGGAGATGAATATTTACTTTAATCAGGGGGCCAACTGAATTGGAAGACAGCCTGCCTTTGTCTGTCATTGTTTGTGCCAGAAATGCTGAAAAGACTATCAGCCTCTGCCTGGAGAGCATCCGTATAAATAACCCTTGGGAGATAATACTGGTGGACGGAAACTCCACTGATAAAACAGTTGCGCTGGCGGCCGGTTTTACCCGGAATATCTTAAGTGACCAGGGCAGGGGAACCAGCTTTGCCCACCAGATAGGCTCGGAAATAGCCAGTCAGGATTACATAATGTTTGTAGATGCTGATGTGGAACTGCCGCCTGAGGCTTTCAGCCGGATGTTTGCCGAACTGAAAAAATCCGGACTTGAGGGCATATATGCCCAGACCGAAGGGGCAGGGCGGGGAAATTTCTGGGAGAAAGCGGCATCGGACTTTCTTTCCTGCCGCCCCAGTCCGGCCGGAATCTGGTTCGGGGCAGGGCTGGTTAAGCGTGAGATAGTCCTCAAGTACGGCTTTGACTCATTTATAAGCCCAGG
CP179927.1_gap7	195767	196713	946	TCGCTTGCGGGCGGCATAAACTGGTTTGATACCGCCGAAGCTTATGGCATGGGGCAAAGCGAAGAGTCTCTGGCCGAAGCTTTGAAGCAGGCAGGTATCCGGCCGGGTGAGTGTTTTATAGCTACCAAATGGCAGCCTACCATGCGCTCGGCCTCTTCTCTGAAGACCCTTTTGCCCATACGTGAGGGCTTTCTAAGCCCGTATAAGGTAGATTTGTATCAGGTGCATTTCCCGGGGCTTTTTGCCTCCATTGATGCCCAGATGGATAACATGGCCGCTTTGTATAAAGAAGGCCGGATACGGGCTATAGGCGTCAGCAACTTTAATGCTTCCCAGATGCGTATTGCCCAGAAACGTTTAAACAAACACGGGCTGTCACTGGCTTCAAATCAGGTCAAGTATAATCTGCTGGACCGGCAGATTGAGACAAACGGGGTGCTAGAGACCGCCCGAGAACTGGGTATCAGCCTGATTGCTTATTCTCCGCTGGCTATGGGTGTTCTTTCAGGTAAATACCAGCGTAATCCGGAGTATCTGGAGATGGTGCCTTTTATCCGCCGTAAAACTATCCACCGCGCGCTGGAAAAGAGTATGCCGGTTATCGCCAAGCTCTCTGAAATATCTGCCAGGTACAATGCGGATATAGCTCAGGTAGCTTTGGCATGGGTAATTTACGGGCAGGGGGACACTGTTTTCGCTTTAGCCGGTGCCAGTACCCCGGTGCAGGCACGTGAAAACCTGAGAGCCCTGGATATAAAACTGACCGCCGCTGAAATAGCTGAATTAAACAGTGTTTCCGGGTCTTAGGTTTGTCCGGGAGGGTCTGTTTGGGAAGGAGGTATTTGCCGCTGGCAGCAGGGACGGGCGTCCAGTTCGAAAACTCCCCCTCTATCCGCAGGGCTTTACCTTTTAAGAGGGCGTCTGCTACTTTGTATCTGGCGGAATA
CP179927.1_gap8	243807	246987	3180	ATACCACTTTCAGCTTTTTATCGGCAACCTGCGACTCGCTAGCATTACCGTTAGAGGAAGGAACGACTTTGACAATGTTACTTCCGCCTAAAGCCTTAAGATAGGTAAGAAAGCCTTTACGCCCCAGAGTATAATCATTGACCGTTACTCTGTCGGCTAACGCCCTTGATAAGGCATTTACCAATGTCGCCTTGTGCGTTACGAAGCCCTCACCTGAACGCTTGCCCTCAATATTCAGTTGTTCTATTTTATTCACCCCCTATTGGCTATCCGACAGTGGGCAAGGCTATCGGCTTTGCCTAGCAGTAAGCTACTGATTATCCGCAATCCGCTGGCATAATCGGTGCTCCCACTATATATACCGTTTTGAGAGGGTAAAATCTTAGGAAGCAATCAGGCTTTTTTGCTCCCTTTGTCGGTAATACCATAGATATTGATGTTCTCTATTAGTAAGAGGTTCACCAGCTAGCTTTTTATGGGCAATCTGGACTAACCTTTGCGGACAACCGAGTAACCAAGTTCTGGCATCAATCCAAGCTGAGACATCAATCGCCTTATCATCGGCAACCGTATTGATTAGCTCGGTAGTGTCTCCATCTCCGTTGTCTATCTCAGTTTCTAGGCTGAGCATTGTCGGCTTACGGCTCGCCTTGCGCCAGTAGTCGGCAACTACAAAGCTAGCTACTCTATACATCATAGCCTTACTAAACGGCTTGTCTCCGTCTCTGGCTCTGGCAAGGGCTAACTCCAATATGATATTATGCCGTATGTCCCCTCTATCCTGTGCTGGCACTTTTCGCTCAAAGCGGTGAGCGGTGTCATACCACTGCCGCCACTCACCGTCTAGCCTGTCATAGGATAGGGGGTCATTATCTTGTGGGCTGGCTAAATTGACAGTCATCACTTATCCCCCTTTGTTTGTAGTAGGGCAAGCGTTCGGGTCAGAGCTTCGCTATTCAGTTTTTAAGGTGCTTTTTGTTGTTTTCCAGCTTCATTGTCCAACAAAAAGTCATAAGGTAAAATTTCAAGAACTAGCTATATAATCACCCCTCTTACCCTCGATAAACCGATTTTCATATGAATAAATGGACTTGACAAAACAAAGGATATATGTCAGTATAAGTTAGTTAGGTGGTTAGGCTATATGATTAGATGTCCGGAATGTAACAGTACAAGACTAATAAAATTCGGAACTAAGTTCTCGAGGAACACTCGAACTGGGAAAAGACATGTGGTACAACAATACCAGTGTAAGAATTGTGGCCGTATCACTATAAAACCTAGGGGGAAATAACAGAATAAAGCAATTTGATATTGCTTAGTAAGTGATGTGATAGTAGGAGGTGATACGTGTATAAAAGGAAAAACAAAAGCCACTTGAGTAAAAAATGGTCAAACTTGAAGAAGGAAGGATGGAGTACTATAGAGTCGGGACTGGGATTTGTTCCGGGACTAGGGACCGCTTTGAATATCCGAGATACGACCAGAAAGGCTATAAGGACGGCAAGAGCAGGTAAAGAATATAGTAATGCTTTGGGTGATGAGATCCGCAGACATCTCAGGAGATACCAGGTTTAGTTGGGGTTTTGGCAATATGGAGATAGAATATGTTTGTCCAGCCTGTGGAAAGCCGGGAAAGTCAAGACAATCAATATTGCTTCATTTTCGAAAAGCACTTGAGGGATGGGACCCGATTTGGAATCGCAATATGCCGCATAGCAATTGGGCAAAAGCTCGTGGATTGAAAGTGCAGGAAGGCGGTTATTTCTTGGATGGCGAAGCTATAAAGCGAGTATTGTACGATAACTTTGATGGCCAACAACGATAAAGGATCTTATAAGTGATACAAACATTGAATCATTTGAAAAATTTGTAATCTGAGGTAAGGAAGCGTTATTGTTTCGATTATGAAGAGTAAATCTACACATAGAAAAGGAATGGTATCTCGAACTCCCGCGAGAAACATCGCATCGAGGAAAACCTCTCCGAAGAAAGCCTCTTCCTCCCCAAAACCAGGGAAACGGGTCTTCGTTAGCTTTGATTTTGACAAAGATAAGAGTAAAAAGAATCTACTCGTCGGTCAATCGAGAAACAAACGTACTCCTTTTAAGATATCCGATTATTCACTGAAAGAAGCAGCTCCCGATAAAAAATGGGAGAATAAGGCCAGAGAGAAGATAAGACGTTCTGATAAGGTTGTAGTTCTCTTGGGTAAACAAACACACCGCTCACCAGGTGTTAAAAAAGAAATCAAGATAGCTCGTCAGGAAAAGAAACCGATAATACAGCTAGCTTCGGAACCAAAGCACAAGTCTATTCCCAATGCTGGGAAAAGGCGTAAGTGGAACTGGGATAATCTTCGTAAGGAATTGAAATGAAACATGGACACAAAGACTAAAACATTTATCAGAAACTATGCTAAAGCACTTAAGGAAAATAATGCAGCTATCTTCGCTGGATCTGGGCTATCCAAAGAAAGTGGTTTTGTTGATTGGCGAGGATTACTTCGTCATATTGCAGAGGATTTACATCTCGACGTAGATAAAGAGCAGGATCTGGTTGCTTTAACACAATATCATATAAACGAAAAAGGTGGTAATCGATCTACTATTAATCAAGCGCTTTTAGAAGAATTTACAAGGGGTTCTACCAAGACGGAAAATCATAAAATTATCGCCAGCCTACCAATAAGCACATTTTGGACCACTAATTACGACAAACTCATTGAAGAGGCACTTTGTGATGAAGGAAAGACCCCGGATATAAAAGTATATCAAGACGACCTATCTACAAACCTCCCCAAAAGAGATGCTATCGTTTACAAGATGCATGGCGACATTTCTCATCCATCTGATGTGGTAATCTCAAAAGATGACTATGAGATCTATAACCTCAATAGGCCATTGTTTTCAGCTGCCTTACAAGGCGATCTTGTATCCAAAACTTTCCTTTTTATCGGTTTTAGTTTCAATGATCCTAATTTGGACCAAATATTAGGCAGAATAAGAGTATTACTGGGAAAGAATCTCAGACAACATTATTGCTTTTTCAAGAAAGTAAATCGTGGCGACTATGATAGTGACGAAGATTTCCAATATAACAGTATTAAGCAAGGTCTAAGGATTAACGACTTAAAACGTTATGCCATTGAAGGTATATTGGTAGATGATTACTCACAGA
CP179927.1_gap9	276363	278599	2236	CCGGCCGGTCTCTTTGTAGTTAAAAAAGACCAGCGGCGTGAGGAGTTTAATAAAGAAAAATTGCTGAGCGGTCTCAGGCGTGCCTGTGAAAAACGCCCTTTGCCGGCCGGAGCGGTGGATAAGATAGCCGGAGATATAGAGGCCGAACTTTACAATATGGGTAAGGCTGAAATACCCAGTACCCTTTTGGGGGATATGGTTATGGAAAAGCTTAAGGCACTGGATAATATTGCCTATGTGCGCTTTGCCAGTGTCTACCGCGAGTTTACTGATATTACCCAGCTTAAAAAAGTGGTGGACAATCTGGTAAGCGGGCAGGATGAGGGCATACATAAAGGGCAGCTGAGCCTGCTGCCTGAAGACAGGGTCTCCCCCAAGACCAGATATCAGAGGAGATGACATGGTAAATCACATAAGCGGTAAGAAACCAACTCCGGTTAATCGTAACCGCGTGGCCAGAGCTATGTTTGCAGCCGCGGCCTCAATGGGTATTTCCGACAGAACCCAGATAGAAACACTTATCAGCCAGCTTATAAAGAAGCTGGAAAAACCGGTAGGTTTACCTGGTATGGAAGATTTGCTGCCCAGTGATTTAAAAGCCCCTGCGGTACTGGCCACCGATGACGAAATAGATTTAATGGTCAAAGAGGTGCTGGAGGAAGGCAACAAGGACAGGCAAGCCCAAAATAATACCCAAGCCAAGGAGGAAGAACCAATGCCGGTAAAAGTACAAGTTAAATCTGAAATTAAGGCTGATGCCAAAACTGAGGGGCTGAAGCTTACAGATAATGCCATGTGCGTGCTGGAACGCCGCTATCTGAAAAAAGACAAGCAGGGGAAACCCTCTGAAACAGTGGAAGATATGTTCCGCAGGGTTGCCCGCACTATTGCCATGGGGGAGCTTATTTATAACCCCAAGGCAGACGTAAGAAGCCGCGAGGATGAGTTTTATAATATTATGACCCGGCTGGAGTTTTTGCCCAATTCCCCCACCCTTATGAATGCCGGGCGTGAATTGGGTCAGCTTTCGGCCTGTTTCGTGCTGCCGGTAGATGATTCCATAGAGTCCATTTTTGATGCCGTAAAGCATACCGCCATGATACATAAAAGCGGCGGCGGCACCGGCTTTTCGTTTTCCCGCCTGCGTCCCGAACAGGACCGGGTGGGCACTACCGGAGGGGTGGCCAGCGGGCCTGTATCCTTCATGCGTGCCTTTGACGTGGCAACTGATGTTATCAAGCAGGGCGGCACCAGACGGGGCGCCAATATGGCTATCTTGAGTATTGACCACCCGGACATCATGAAATTTATCCATGCCAAAGATAAGGCCGGGGTGCTGACTAACTTTAATTTGTCGGTGGCTATTACTGATAAATTTATGCAGGCGGTTAAAGACGGGGTTGATTATGATTTGCTTAATCCCCACAACGGCGAGGTGGTTTCCCGGCTGAATGCTACCGAGGTGTTTAACAAGATTGTCCACATGGCCTGGAAGACGGGTGACCCCGGTATTGTGTTTATAGACCGCATAAATGCTTATAATCCCACTCCCCAGCTGGGGCGGATTGAAAGCACCAATCCCTGCGGTGAACAGCCTCTGCTGCCTTATGAGTCATGCAATCTGGGGTCTATAAACCTGTCCCGCATGGTGACCGTAAGCGGCGGCCAAGCGGTGGTTGATTATAAAAAGCTCAGCCGGGTTGTAAAGAGTGCTGTCCGTTTCCTGGATAATGTTATTGATGTTAATAAATTTCCCCTGCCCCAGATTGAGGAGATGACCAAGAAAAGCCGCAAGATTGGTCTGGGGGTAATGGGTTTTGCGGATATGCTTTTGGAACTGGGCATACCTTACAATTCGGAAAACTCTATCAAGCTGGCAGAGGAGATAATGTGCTTTGTAAATGAGGAAGCCCACAAGTTCTCTTCGGAGCTGGCGGTGGAGAGGGGGTGTTCCCGGCTTACCGCGGGAGTATTTATGAAAAGAGCGGCCGCCCCATGCGGAATGCTTCCTGCACAACCATTGCACCCACCGGTACTTTGTCTATTATAGCCGGCTGTTCTTCGGGTATTGAACCCCATTTTGCCCTGTGCTTCACCCGCAATATACTGGACGGTACCAAGATGATAGAGGTTAACCCGTATTTTGAGCGGGCGGCTAAAGAAGGCGGGTATTATTCCGAGGAGCTCATTAAATCTTTGGCGGAAGGGGCTCATCTGGACGAAGCTGATGTGCCGG
CP179927.1_gap10	288494	292014	3520	ACTTATGGCACAAATACGAAGGGCTTTGTATCCTGGCGCTGGTGGCCGGAGGGGCTTTTCTGGGGCACTGGCTGTGGCACAGTGTTTTGTGGTATTTACTGAATTTTACTTTCGGGTATATTGCCGGGCATCTTTTCTGGGGGAAAGACTATATACCTGACCAGAAGGGAGACTAAATGTACCCGCTAAGCCCATCACTTTTAGCTGCCCAGCAGTCCGGCTATGCCTGCCCGAAGGTAAAGCTTGCGGTCAGAAACTGTTTGGACGGGGCTTCCAAACTAAGATGGGAGGAAATATATGCCGGCAGTCAGGCTGATGGCTATCATGCCATGGCTATAGCCGGAGACGGGGCTATGATACGTATCCGGCTGGGGGATAACCCGGATGACTACCGTCTCTATTTTCAGCGGGTTGCCCAACCGGGACCGGGGGCTGATTTCGGGCAGTGGACATACAGCGGTTCATATTTTTTCAGCCGGGCAGATGTGGCCAGTTTCGGTAACCGGGTTTATGTAATAGCTATAGACTATTACCGGAATATGTTTATTTTTGAAAGCCTTGATAATGGCCAGACCTGGCCAGCCCCTGTGAGTATAGGCCGCAGTAATAATACCCAGATAAACGGACTGTCCTTAGCCTTTAAGCCAAACGGAGATATGGCTGTATTTTATATAGAGTTTAATACTCTGTGCTACAGAAAAAGAATCAACGGAAACTGGCAGTCACGCCAGATTTGGGATAAATCCAGCGGTGCTCTCTCAGGAGTGAGTGCGGTATATGATGGTGACTGGCGGCTGGTAGTTTCGGGGTCTGATGGTACGGGTTGCTCTAAGGTGTGGAGTGTAAGCCTGGGTGACGGGGCTGATTTTGGAGTGGGGGTTTGGTCTCCCCTGTACGAATTTGCCTCCGCTCCGGCCGGAGGGCTTTACAGCTACAGTGCGGTTTCTATGGACTGCCCGGATGTATTCCGGGTGTGTTATCTGGAAAGCTATACCGGCAGTGTGGCAGATAAACGGGCATTCCTGAGCCATCTGGTAGCGGATAACAGTTTTAGTGATAATATCTGGTGCGAAAGCGTGCCTACCAGCATGAGCAGTGAATTTGGCTTTGCTATGGAACATGACGGGCAGTATGTATATCTGGCCGGGGTGAACCGTATTTACCGTGCCAAAATTGCCCAGAGCAGTTTGGAAATAGGGGCAGATATACTTAAGCTTGAAACTGACTGCGGTAACCTGAGCGGCAGTTTGGCAGTAGAGCTTGATAACTCAGGCGGCCGTTATAACCGGGCGGGCAGCGGTGAGCTGGATATGCTTACCCCCGGCAGTGAAATCCAGTTTTCCCCCGGCTGCGGGACAGACAACGGTGACGAATACGGCCCGGGGCAGTTATATGTTATCCAAAGTTTGGAAAAGCGTATTTCGGGCGGTAAATCAAGCCTGCTGATACGGGCGGAAGATACTTTTTGCCGCTTGAAAAGGTGGCGGGCAACCAACCAGATGCGCTGGAACCGCAGTTCCTCCCAGCTTTCGGTCAGAGGGATACTGGGATATGTCTTAAGCAAAGCGGGTATCCGCATGGAAGTGCTGAGCGCATCCGCCCAGCTGGATAGTTTTTACCCGGATTTTACTATACACGTAGGTGATGACGGGTATGAGCTGCTGGAGAAGCTGCTTAGTTTTGTGCCTGATTTGGTCTTTTTGCAGGGTCACTGTATTTACTGCGTTTATCCCCGGGAAACAGACAGCCCGGTGTACAGTTACGGGCTTAATCACCCTGTATTCAGCGGAGTTTATGCTGACACCTTTTCCGAAGTAAACCGGGTGGTGCTGGAAGGAGTGGATTCTTCTTCCCGTATCTTTATGGTTCAGGGCTTCCTCTGGGATGAGATTTACCAGAACCATGACCGTACTCTAAGGATTTATGACCGCAACATAAACACACTTGCCCAGGCAAGGGAAAGGCTGGATAGCTATTTCAGAAAAGCGGCATTGAAACAGCAAACGGGGCGGATAGTGACGCCCGTAAATTGCGGGCAGCAGCTTTTTGATGTGGTGAGTATCAGCCAACCGGAAAGCGGTCTGGAAGGGCTGGTCCGGCGCATTAACGGTATCCGTGTGGTTTACGAGCCGGGCAAAGGGATATACCGCCAGGAATTAAGTTTGGGAAAGGTGTAATTAAATATAAAATGGAGATAAAACGGGCAGTCCTGAAGGTTTTTAATTCTGCAACTTATACCGCCTCTATCCAGCTGGCGGGTGATTATAAATCTATGCTGGAAGAAGTAAAAGTGGCCCGGAATATCCCTGCCGCCGAAATGCTGGCCGGGCGGAATCTGGGGGTCTGGTTTTTTGATGACCACAATACCAAAGATACGCTGGTAATTGCAGTTTATTCTTAAAATGGGGCAGGCACGGGTTGATTGAATTCGGTTTTTTAAGAGGTGCAGGCTGGTTTTTGGCTTGCACCTCTTTATTATCAGGATAAAAGGGTTTTAGGGGTGTGTTTTATCTCAGCTTGAGCCTTTGGCGCTTCTGGGGTGATAAGCTTCGGCTGCCTCCAGGCAGAGTGCCAGACTCATCAGGTAGTCATCGTGCCCGCGGGCGGTTTCCACATAAAAATTCATCTGCTGGCTTTGGCGGTAGTCTGCCCGTGCCAGCTCCATTTCCTGCCAGAACAGGGCATATTCGGCACTGCCGTTGGATGCATACATCTTCAGGCGGCCTGAATTTATAGCTGAAAGCAAATTAAAGCCCAGCCGTGATTTTGAAGAAGGCTGGAAAACAAACGGCAGAATACGGCTGCCCAGTGATTCCCTCAGGAATGAGGCTACCGGCTGCCCTAAACCGGTGGCATCCACGGCCACTTTGCGGCATTTCCAGACCTTGCCCAGCAGTTCCACCAGTTTTTCATAAAGCAAGGCATGGCGTGCTCCCTGCCAGCTATAGTGGCAGACCAGCCTGACCTGAGGCAGGTTAAAAGGTGCTTTGGCAAATGTATAGTCCAGCTCTGCAATGGTAAGCACGCTTGAGTCCCGCCGCAGGTTTACGGCTGTGGGCAAATCAGCGGCTGATTGTACGTCCTCACCTGCCAGGTCCAGCCCGGCTACGTACACCTTGCCATTCTCCGGGTATAACTGGCAGGGGTGGCTGCCCTTAAGCAAGCCAAGCTGTTCGCTGCTGAACATGCCCCCGCCGCCGCTTACCGGAAGCAAGCGGTACTGGGTGAGGAACAGGGGGTGATTTTCTCCCAGCCGGTCTTTTTCAGACAGGGCATATGCCAGATAAGCCGGGTTGTGGGCGGCAACTTCTTCCCAGTCATAGCGGAAATGCCGTTTCAGACCGTCTTTGTGTTCTTTTTCTATATTCTGTCTTTTTATCTCTTCCAGCAGGCTGGAGTTATCCCAGGTAGTGCCGTACAGAACGGTGGTTACATTGGTGGTGGCACCCATGGGTTTAAATTCCTTGCTGTACTTTTCCTGGTTTACGTCCTGGGCTTCGTCTACTTCAAGCAGCAGGTG
CP179927.1_gap11	314105	318022	3917	GGAAATGGTCAGGACTTCACTGTCTGAAAGCTGTCCCTCCAGCCAGAAAACGTCTATTACCCGCACTTCGCTAACTGAGGTAATGCCAAGGTCTTGTATATCACGGCAAATGCTGTTGCCTTTCGGGTCTGGCCACTCCGGTTTCAGGGAGACTTCTATCCTGTGCACTTTTTACCAGCCCCTCCGGGAAATCAGTTTATCGGGTTCTATCTGTTTTATATCCAGACCGGGCATGGCATCACCCAGACCCTTGGATATTTCGGCCAGTACTTTGGCATCTTTATAGTGGGTTACCGCTTTGACTACGGCTTTGGCCATGGCGGCGGGGTCAGATGATTTAAATATACCTGAACCTATAAATACCCCGTCCGCCCCAAGCTGCATCATCAGGGCTGCATCAGCCGGGGTAGCCACCCCGCCGGCGGCAAAGTTTACTACCGGCAGTTTACCGGTCTTGTGAAGTTCAAGCACCAGTTCCAGAGGTGCATTTATCTCTTTGGCATAAGCGGAAAGTTCGTCAGAGGACATAGACTGTACCCGTCTGACAGAGCCCATAACGGAACGCATATGGCGTACCGCTTCCACAATGTTGCCGGTACCGGCCTCGCCCTTGGTGCGTATCATAGCCGCACCTTCGCCAATCCGCCTTAAGGCCTCGCCCAAATCACGGCAGCCGCAAACGAAGGGGACTTTAAAATCATGTTTCCAGACGTGAAAACTTTCGTCCGCCGGGGTAAGCACCTCGGACTCATCAATGTAATCAACCCCCATGGATTCCAGTATCTGGGCTTCTACAAAGTGACCTATGCGGCACTTGGCCATAACGGGTATGCTGACTACTTTCATAATCTTTTCAATAATAGTGGGGTCTGCCATGCGGGCAACGCCGCCGGCCGCCCTTATATCCGAAGGTACGCGCTCCAGCGCCATAACGGCACAGGCGCCTGCTTCTTCCGCTATTTTAGCCTGTTCGGGGGTGGTCACATCCATAATCACCCCGCCTTTGAGCATTTGAGCCATGCCAGATTTTACTTTGAAAGTACCGGTTTCCATATCTAATCTCCCCTGAGGGTTCTCCCTCCTGTCCTATTCGGCTATATTCTACTATTTATGCCCCTTCGGGGCAAACATAATTGCATATTATTACGGCAGGTATCTGTTAATCCGGCCTGATCTTTGTGCTATACTTTTGTAGTCAAACGGGAAGTCTTTAAAGTAAAAACAGGGAGGCTTTGGTGAATATTTTTAAAGCTATCATGGGTAAATGTGATACCGCACCCTTAGCTGACGATGTCTGGAGTGTGATGGACAGCCAGATTACCCTTGATTTGGAAAAGCTGCCGGGGCTGTCTTTAAAGGGCGGGGCGGGTTATATGGCGGGCAAAGGCCTTGCCAAGCCGGTACTGGTAGTGCGCGGGCAGGATAACAACCTTTATGCTTATGAAAATGCCTGCCCCCATGGCGGACGCAAAATTGACCCCGTACAGGGCGAAGCCAGACTCCGCTGCTGCAGTGTAAACCACTCTACTTTTGATTATAACGGCAAGGTTCTTTCCGGGCCTGCCCAGCATAAGCATGAACTAAGGCGTTTGCTGACCAGCCAGGCTGATGGAAAACTCCTTATCAGCCTTTAATATCCGGGTTTAAAAAACTCTGCGGAACTGCTATCGGTAGTGACGGAAATATCCGTTATGCTATACTGTTGCCTGCGCCAGCGTGGCTCAGAGGTAGAGCAGCGGTTTCGTAAACCGCCGGTCGGAGGTTCGAATCCTCTCGCTGGCTCCATTTATTTATGACGAGGTATAAGACTAAATGAGCAAATTTGTAGACAGGCTTAAAAATGTTTCCAAGGGCTATGTGCGTCCCATGGGCTTTAACGCGGTTGCCTCTGCTCCCCCGCCCAAAATGCTGCTGGCAGCCGAGCTGGATATTGAAAACTTGACGGATAAAGAAGCATTTGGCGGGGCAGACGTGGTGCTTGTCTCTGCCAGTAAAGCCAGTGCCAAAAAGCTGAAAGAAGCGGCTGATTTGCTGGGAGAGACTGTTTGGGGTGTTATGCTGGGTGATAAAGCAGCCGATGCCGCAAAAATGGCCAAGGCCGGGGCAGATTTTGTGGTCTTCAGCCCGGATGCCGAAGTATCACCCCTGACCGCTCTTGAAAAAACCGGTAAAATAATAATTCTTGAAACCAATCTGACTGATTTCATGATAAGGGCGGCGGACTGTTTGTCCGTAGGGGCGGTTATAGTGGGTGAGCAGGCAGATACGGCTACTCTTAGCTGGCGGAAGATTATGCTCTACCAGCGTTTTGCGGATATACTGTCAAAACCCTTTCTGGTAAGGGTAAGTTCCAATATCACGCTTTCAGAGCTTCAGTCACTCTGGGCTTTGGGTATAGACGGGGTACTGGTAAGCGGGAGCGCAGGTTTGAAAGAACTGCACACGCTGATAGACAAGGCGGAGTGGACTCCTAAACGCAAACGCGGGCATATGAGTGCCATTGTGCCGTCTCTGAAAATGCCTGCGTCCGAATCAGTTGCCCCTGAAGAGCCGGAAGAACCTGACGAAGGTGACGAGGAGTAGCCGCTTCTTTTCGGATTTGAATTTCAGCCAATAAAAAAAGCCGGTTTAAACCGGCTTTTTGTTTTATAGTTTAGACCGAATACTTTATTGGCACTTGGAGAGCTGGTAGCTTTTGCCTTCGGTGGTAATAGCCGGGGCAATAACCATTTCAACCTGCTGCATTTCGCGGATGTTGGAAGCACCGCAAACACCCATGGATGTCTTAAGTGCGCCCACCATATTTTGAGTGCCGTCAGTAACGGAAGTGGGGCCGAACAGTATTTGCTCCAGACTGCCGGTAGTGCCCACTTTGATGCGGGTACCTCTGGGCAGGGAGGGGTGGGGATGAGACATACCCCAGTGATAACCCCGTCCGGGAGCTTCGGCAGCCTTGGCAAACGGTGACCCCAGCATGACGGCATCAGCACCGGCACAGATAGCCTTGCAGACATCGCCGCCCTTTTTAAAGCCGCCGTCGGTAATGATGGGTACATAGCGGCCGGTTTCTTTATAATAAGTTTCACGGGCAGCGGCACAATCCATGCTGGCGGTTATCTGGGGAACGCCGATACCCAAAACCTCGCGTGAGGTGCAGGCGGCACCCGGGCCTACGCCTATTATTACACCGTGAACACCGGTGCGCATAAGCTCAAGGCAGGCCTGATAGCTGACGCAGTTGCCAACCAGTACCGGTACTTTAATCATTTTTACAAATTCTTCAAAAATAAGCCCGTGGCTGCTCTTGGAGACGTGGCGGGCTGAAGTGACGGTGGAAGCAACGGAGATAATATCCGCTCCGGCTTCTACTGCTACGGGAGCCAGTTTTTTGGCGTTGGCAGGCATAATGGAGACGGCACAGATGCCGCCTTTGGCCTTTATTTCGCTTACCCGTTCGGCAATCAAATGTTCTTTAATAGGTTCGGCGGTATAAACCTTCTGCATGAAAGCAGTTACTTCGTCAATGGGTTTGGATATAATCTGGTCAAGAATTTCCTGGGGGTTTTCATAACGGGTATAAATACCCTCCAGATGCAAAACGGACAAACCACCCATTTTGCTCATGGCAACCGCAGTATCCACGTTGGTTACGGCGTCCATGGCCGAGGCAATAAAGGGGATGGAGAAGTTAATATTGCCGATTTTGAAATCAATTTCTACCTGTTCGGGGTTAACTGTTAACCCGCCGGGGACAATGGCTACCTCGTCAAAGCCATAGGTACGCCTGAGGGTTTTAAATTCTGGTACTGTCATCTCAGCTCTCCTTACTATTAAACATGAACTATATCAGAGCCGGCAAAGTCAAGTCAAGGCAAGTTATTTAGCTCTATTATAACCTTGCATAAGGCCAAAAAATA
CP179927.1_gap12	325502	328724	3222	ATTTATACCCAAATCTCCCCGTACCGTACCCTTTTCAGATTTGGCAGGGTCAGTGGCGCCCATAGCCTTGCGCATTTTCTCAACGGCATTTTCGCCCTCAAAAACAGCGGCTACAATAGGGCCGGAGGTAATGTAAGTGACCAAATCCTTGAAAAAGGGGCGTTCCCGGTGGGGGGCATAGTGCTTGTCAGCTAAAACGGCGTCCATCTGGAGCATCCGCAGGCCAATCATTTTCAGCCCCAGTTTTTCCATTCTGCCCAGTATTTCGCCGGACAGGCCGCGGTTAACGCCGTCAGGCTTAACCAGTAAAAGTGTTCTTTCCATATTTCTCCTTTATTTAGCGCCGGCCAAACCTATAAAACCGGCTATATCTTCTACACTAATCTTGCCCAGGGTGTCAACTATCATATCAGCTTCGCTCAGGGCTTGGGGTTGCTGGCTGTTGGTAACAGCTATGCATTTCATACCGGCTTTCTTGGCGGCTTCCACTCCGGCAGGTGCGTCTTCTATTACCAGGCACTCTTCCGGGCTGGCGCACAGTCTGGCGGCCGAGAGCAAAAACACCTGGGGGTTGGGCTTGCCCTTGGTGACATCTTTTTCGCTGACTGTAGCCAGGAAGTAGTCCCCTATACCCAGTTTGGTCATAACCAGCTTAATATTGGCCAGCGGTGCCGAAGATGCAATAGCCATGCGGTAACCGGCTGTTTTCAGGGATTTTAAAAGTTCTATCACGCCGGGAAACAGCTTTATCTCCTGCCCGGCGTATTCACGGAAAAGGTGTTCCTTGCGGTCAGCCAGAGCGTGGATAGTATCCGCGTCTGACTTTTCACCCAGCACCGAGTAAATTATCATGTCATTCCGCAGGCCGAAGGTACGGTAAAAATCTGCTTCGGAAAAAGTATAACCTATCTCCGCAAAAGTAGTCTGCCATGCCCGCATATGAAAGGGGGCGGAATCTGCAATTACCCCGTCCATGTCCCAGATAACGGCTTTGTTTTGGGAAAGCGGCAGGCCGGTGCGGTGTTTGCGGGGGGATATCTGGGGGCGGCGCAGGTAAAGCGGCTGCAAACCGGCAGGGCTGTCAGTCAGGCCGTCTTCAATCCTCTTTTTAGCCAGCCGTGCCAGCGAGGCTGCCCTTGAAGGGCGTATATCAGCCGGGGCAAATACTGCTTTTTTATCTCCAAGCAGGGCTTTAAGCTCGTCTTGGCTGGTTTGGCTTATCGGCCCGCAGATAACACAGGGTTCACTGACTTCAGCGGCTAAATCAGCCAGATTGGTGATATAGGGTTTAACCACTTCTTTTAAGCCGTCTCCGTTCTTTTGGTAGACCGCTGCGGTATATTCCTGCTGCCCTGAGGGCAGTAATGCCCACACCTTAAGGCCGCTTGCCAGATAGGGGTAGGCGGCCAGTTCCAGTGTGCCGATACCGCACAAGGGGATATCCAAAGCAAAAGCCAGGCTTTTGGCGGTACTCAGGCCTACTCTTAAGCCGTTAAAACTGCCCGGCCCTATGGAAACCGCAATGGCGGAGGCATCTTTAAGGCTTAGCCCGGCTGACTCAAGCAGCCACTCCAAACGGGGCAGCAGCTCTACCGTCTGGTTCTGGTGGCTTAGCCAGTTGTACTGGGCCACTATTTCATTATCTTTAAGAATAGCCAGCCCGGTGTCCGGGGTGGCGGTATCAATGGCTATTAAAACCGGCATCCTTTACCCTCTGTGCAATCTCATTTAGCAGCTCTTCATAGCGGATACCCCAGGCAGACAGGGTCAGTTTCCGCTTATTTTCATCCAGATAGGCTATTTCTATCCGCAGGTTTTCCGTAGGCAGCAGCTCATCGGCCTTGTCAGCCCACTCAACCACCGTTACTCCGCTGCCGTAAAAATAGTCATCCAGTCCCAGTTCCTCTATTTCTTCGCTCAGGTCCAAACGGTATAAATCTATATGATACAAAGGTACCCGCCCGTACATCTCACGCACCAGTACAAACGAAGGGCTCAGGGCATTTTCGGTAACATCCAGTCCCTTGGCTATTCCCTGGGTCAGGTTCGTTTTGCCTGCTCCAAGGTTCCCCACCAGGAAGATAATATCCCCGGCTGATGCCAGTCCGCCTATTATCTTGCCCAGGTCTTGGGTTTGCCGGGTACTGTGACTTACCAGTTCAAGTTGGTTCATTTCGGTTTTTTAAAATGCTCCCAGCCGTTCTTTTCCGGCTGAAGGGCCCTCCCATCTTTATCCACTAATTTCAGTTCATCCGGTTTACCCGGAATAATCTCACCTATAATAGTAACCGGTATAGGGCTTTGGGCTGATATCTGCTCTATCACTTTGGCCGGGGCAGTAAATAACAGCTCGTAATCTTCCCCCCGTAAAGTGCCATGTTTTGGGCTTGGAGAGGGCAGCAAAGACGCAGGCTGGGGTGGACAGGCAGCCTCTCAAGCTCAATTCGGGCACTCACCCGGCTCTGCCTTAGGATATGCAAAAGGTCAGCCGCCAGCCCGTCACTGATATCTATACAGCAGCGAACCCCCTCTTTTACCAGCAGCCGGGCTTCATTTATCCGCGGTTCGGGGCGGTAAAATGAGCGGTAAAATATCTCCCGGCTTTCGTCTGGAACTTCGGTTTGGTTTAAAAGCATATCCAACCCGGCGGCGGCATTGCCCAGATAACCGGTAACCGCTATTTTTTGCCCTGGCAAAGCCGTATTCCGGGTAAGCAGCTTGTCCGGGTTTTCTGCCGAACCCAGCAGGGTAACCGCCAGATTTATTAAGGAGGATTGGTTGGTATCCCCGGCTATTATGGCTGTCTGGTATTTGTCAGCCAGGCTTCGCATGGCGTTATAGCAGTCTGTCACGCTGGAAACGAGCGTATCCGGCGGCAGGTCAATATTCACAATAGCATATTGGGGGACCCCCCCATGGCGGCAATATCGCTTAGGTTTATCGCCAGGGCTTTGTAACCTAAGTCTGCCCAGTTAAGCATACTGCGGTTGAAATGTACCTTTTCAATAAGGCTGTCCACTGTGACCAGCTGGTATCCCTGAGGCCGGAAAACAGCCGCATCGTCACCAATATCCAGTATCAGGTTTTGACGGGCAGGGGTGGTTTCATCTGTTCCCTGGTGCAGAAGTTTGTTCAGCTGGTCTCATCAGCTGGCATTCGCCTATGTCAGAAACCTTCATAATGCAAGGATTATACCATTTTCAGCTATCGCCTGCAGGGTCT
CP179927.1_gap13	350903	352155	1252	GAAATGCAAATACTGGCCTTAGATTTACCCTCCGGTCTGAATGCCGATACCGGGCAGGCGGATGAAGCCTGTTTGAAAGCTGATTTTACCCTGTCACTGGGTATTGCCAAACAGGGGCTTTTTACCCACCGCGGGCTGGAATTAAGCGGGGCGGTTTCGGTGGCGGATATCGGCATACCGCTGGGACTTACAGCTGATATCCATACCCGTCTGATTGAAAAAGACTGGGCAAAGGGTGTTTTACCCGTCCGTTCCCCTCATGCCAACAAGGGCAGTTTCGGCCGGGTGATGATTGTGGCGGGAAGTGACCGTTACATAGGGGCGGCCATGCTTGCCGGAAGTGCCGCCATGCGCATTGGTGTGGGCTTGGTTACCCTGGCACTGCCTCAAAGTTTAACCGGGGCGGTAGCCGCCAAAATACCCGAAGCTACCTATCTGCCGTTGCCCGAAGTATCTTGCGGCACTGCGGATAGCTTTGCTTCACGCCTTATCCTGAGTGAACTGGGCAAATATGACGTGCTTCTGATAGGGCCGGGCCTGGGGCAAAGTCCATATGCCGCCAGGCTGGTTACCGAAGTGCTATCTAACCTGCCTGAGGGGCTTAAAGTGGTAATAGACGCTGATGCTTTAAATATACTTGCCGCTATACCCCGGTGGTGGCTGGAATATAGTTTTGATGCTATACTCACTCCGCATCCGGGTGAAATGGCCCGCCTGGCCAAAACCACAGCTGAGGCTGTCCAGTCTGACCGCTTCGGCATTTGCCGTGAATCTGCCCGCAAATGGGGTAAGACCATTATTCTTAAAGGTGCCGGAACAATAGTTTCATCACCGGAGGGTGAAACCCTGTGCAACCCGGCGGCTAACCCGGTACTGGCTTCGGCCGGAACGGGTGACGTACTGGCCGGAATAATAAGTGGTCTTTTGGGGCAGGGTTTGAACCTGTTTGAGGCGGCGGGTTTAGGCGTTTATCTGCACTCGCTAGCTGGGGCAACTCTGCGGAGTGAAATGGGTGATGCCGGTGTACTGGCTTCGGATTTGCTGTTAAAATTGCCTGCGGTTATAAAAGAATTGAAACAGAGCTGAGAGATGGATAAACAAATGTCTGAAAAACTGGTGGCGGTAGATATCGGCAATACCAGTGTAAATATAGGTATATTTGAGGGCGAAAAACTGCTGGCAAACTGGCATCTGGGTTCGGTTGTACAGCGTATGGCTGATGAATATGCCAGTCTGCTCTTAGGCCTGTTGC
CP179927.1_gap14	475662	480287	4625	TATCTTATGCCGAAAGCTTCACTCTGGTGAATTATCTTATTACTAATTATGGTTCTGAAAAGTTTTCAGATTTGCTGGAAACCTTCAGCCACGGTGCCGGTTATGACGAAGCCTTGCTGGCTGTTTACGGTTTTGATATCCAGGGTTTAAACACCAAGTGGCAGGCTGCTTTAAAAGACGGTACTATTGAAATTCAGCCGGTCAGGGCCATTATCCTGACACCCGGGTTAGTAGTCCTTTTTACCATAGTAGGCGGGGGCAGTATTATAACCGCTTTCTGGTTATGGAGTAACAGAGTTGCTTCCCGCACCTAGAATGCGTGATTTGCCGCTGGCCGAAAGACCCAGAGAAAGGCTTCAGTCTTTGGGGGCTGGGGTGCTTTCCTCAGCCGAACTTCTGGCGGTTATTCTGGGGCGGGGAGTAGCGGGTGAACCGGTTTTACAGAGCGCTCAGCGCCTGCTTACCCATTTCGGCGGTCCGTCAGGCATAGCCGCAGCCAGCGTGGAGGAACTTTCAAAACTGAAAGGCATAGGTCTGGCCAAAGCCTGCCAGCTGAAGGCTGCTTTTGAACTGGCTAAACGGGCAGGAGGGATTCAGGCTGAATACCAACCCTGCATAAAAACCCCGGAAGACGTTTTTCAAATAATATACCCGCTGGTCCGTGACGAAAAAAAGAACATTTTTTCTGCCTGATGCTGGATGTCAAAAGTAAGCTTATCCGGGTAGGGCATATATCTGCCGGCAGCCTGGATGAGAGTGTGGTGCATCCGCGCGAAGTCTTTAAAGAAGCACTTTCCACCAGTGCCGCAACCGTAATACTGGCACACAACCATCCCTCCGGGGACAGTGAACCCTCGCCGGATGATATCGGCCTGTCCGCCCGCTTAAGAGAGGCCGGGGGTATAATGGGGATAGAAGTGCTTGACCATGTAATAATAGGCGGACAAACTTTTACCAGTTTAAAAAGACAGGGGCTTTTATAATTATGAAAAAAATACTGTTTGCCATTTTTTCGGTCTGCCTCAGCTTTAGTTTAGTGCTGAGCGGCTGCGGTTATGCGCCGGATGATTCCGCTATGCCTGCCGGTGACAATGTGCTAACCCTGATTGGGGAAGAGCCGTATACCCTTGACCCGGCCAAGGTGAGCGATACCACTTCGGTTGCCTATATTTACCAGATATTCAGCGGTCTGATTAAGATGGGAGATGACCTTACTCCGGTTGCGGATATTGCCGAAAGCTGGGAGGTAAGTCCTGACGGGCTTACCTATACTTTTCATTTAAAACCTAACGTGAAATTCCATAACGGCCGGGTTGTCACTGCCGCAGATTTTAAATATTCATGGGAGCGGGCGGCCAGCCCGGAAACCGGCTCCAGTACTGCACTGACTTTTCTGGGGGATATTGAAGGCGTAAAAGAAATGACCGAGGGGCAGGCAAGCTCTATCTCCGGCGTTACAGTGGTAGATGAGCTGACTTTAAGGGTAAAGCTGGTATCTGCCTGCAGTTTCTTTCTCTCCAAGCTTTCATATGCGACCTCTTTTGTGGTAGATAAGAATAATGTATCTTCGGGCAGTGACTGGTGGAAAAAACCGGTGGGCACTGGCCCGTTTATGCTTACCGAACTTACTCAGGGAAATTATATTATTCTGGATAGAAACCCTGATTATTATGATACTCCGGCCAAAATTTCAAGCGTTATTTTCCGCTTACAGTCCGGTCAGCCCATGGATTTATACGAAGTGGGAGGGGTAGATGTGGCAGGTGTGGGCGCTGATTATCTGGCCAAAGCTACCGACCCTGACGGCATTTTTGCCTCTGATTTGCAGGTAATACCCCAGCTTGGATTTTATTATTTTGCCTTTGTTACCAGCAAAGCCCCGTTTGATGACCCTAAAATCAGGCAGGCTTTCAGTATGGCGGTGGATAAATCCCGCATTATAGAGCTGGTTTACAAGGGAAGTGTCAGCGCGGCCGAAGGTATCTTACCGCCGGGTATACCCGGCTACAACCCTGATATTACCGGGCTTGAGTATGACCCGGAACGTGCCCTTGAGCTGATTGCCGAATCCTCCTATGGCAGCGTGGAAAATCTGCCTGTTATTACCCTGACTACTTCAGGCTGGGGAGGTTTGATTACGGAGGAACTGGAAGCGGTAATTGACCAGTGGCGGCAGAATCTGGGGGTAGAAGTGGTAGTCCGCCAGATAGATAACGAAATGTTCTTTTATGACCTGCAGGCGGAAAAAGACAATATTTATTACTCCGGCTGGGTAGCTGATTATCCCCACCCGCAGGATTTTCTGGCAGTACTTTTCGGGACTGGGTCTGCTTATAACAACGGAGATTACTCCAATCCCGAAGTAGATGCCTTGCTGGCTGAGGCAGCTGCCACTCTGGATACCGAGGAGAGTATGCGGCTTTATGCCCAGGCTGAGCAAATACTGATAAATGATGCAGCCTGCCTGAGTTTCTGCTTTGGTGAAAGCTATATACTGGTCAAACCCTATGTAAAAGGCTATAAGCTGAATGCAATGGGGGTGCCTGTTCTTACCGGTGTCACTATTGAAGACCACTAGATTAGGCTGAAAAGCGCTCTGAAGAGGTCTCAAGCCAATCCGCTGCTTCGGGGCGGCCTGTGCAACACTAAAAAACCCTGGCCGGAAATTTATAACTCCGGTCAGGGTTTACTTTTGGCATAAATGGCGGAGGGGGTGGGATTCGAACCCACGGTTCTCTTTCGGGAACAACGGTTTTCAAGACCGTCACCATAGACCGCTCGGACACCCCTCCCGGTACTGGATAGAGCTAAGGCTAACTCTTTCAGCTATGCATTATCAGAATAAACTGCGGGCATATTATACCTGCTGGCAAATCCGGCGTCAAAGCTAATTCAGGTATCCGTTCAAACATGTGGTGTCTGTGTACCGCAGTCCCAAAACACCGGCGTTTAGTTGGTATTTAAAAGGCGGGCAGTTTTCCGGGTATTCCGTTCAATATCTATCAGGCACTGCATAAGCTCGGCTGAGGCAAAAATAAGTACGCCGGTTATCAGCGAGCCTAAAATGCCCATAATACCGGCAAAAACCGAAAAGCTGGATGCTATCTCAAAAAACGTGACGCTTTGTCCTGTCATAACGTAAATAGACATAACCAAACCGGCTAGGGCTATCAGCACCGCCAGTATTTTTAAAACTATTATTATGAATTGTAGTACCGGATATCTGCTTCGCATTTTTCAGGTTTCACCTTTCAGATTCGGGTTATATTTTAGCTGTTTTGGCCATTTAACGGCTATATGTTAGTGTTTATTTGAGCGGCTGTTTTGTGAACGGATACTTTTTGGATAAATGTTTGCTGACAGTCATAAAGCCCCTCTCAAATAATCTAAGGGATATTATAGTCTAAAAAACAGAAAATAAGAACCAATAAATACTAAAAGGCAAATAAGTCTGTTTAGAGGGTTGAGTTTGCCGTTATATAGTCCTCAAAGACCTGCAGCACTTCAGGGAAATCTGCCCGTCCGAACCCGATACGGAAGTGGTTTTGGCCATAGCCGTACACTTCCGAAGGCAAAAGCATGATACCTGCTTTTTCTAAAACCTGACGGCAAAAATCCATACAGGGGTTATCTGTATTCAGGCGGGGAAAGCAGACCGAACCGGCTTTGGGCTTTACCCAGCTGAAATCCGCCTTGTGCCTGCCCATAAAGTCTTCAAGCAGCGTTAAGTTTTGGTTTAGCCTGTTCAGTTGGGAAGGTATAATTGTTTGCTTGTTTCTAAGGGCTATTACAGACAGTATTTCGTCTGTGGCACTGCCGCAGATGGTAGTATAGTCTTTAAACCCGGCCATTTTGGAAAGCATATTTTCATCCCGGCAGGCAAGCCAGCCGCTCCGCAGTCCCGGCAGGCCGAATGATTTTGAAAGCCCTCCCAGGCTGACAGCCCTTGAGGATTGGTCACAGGCGGCAGGCAGGCGGGTATCAGGGGCATATTCCATCAGGCGGTACATTTCATCTGAAAAGTGCCAAAGATTATGTTTGTTTATTATTTTCAGTATGCGGGCGTAGTCTTCCCTGTCCGGCATTGCCCCGGTGGGGTTGTGTGGGAAATTTGTGATTACCAGGCTGGTATCAGGGCGGATGTTTTGAGCCAGAAAATCAGGGTTAAACCTCCAGCCGTTTTCTTCTTCGGGCATCCAGTGGCTTACTTCGCAGCCCAGGGTTTCCGCCAGCTGGTAGAGTGACTGGTAACCGGGAAAGGTGCAGATAACATGGTCGCCTTTTTTAAGCAAGCAGTTTAAAGCTATAAAAATGCCCTCTTCGGGTACGGCGGTCAAAACATCTGCAGGGGTGGTTATTTGATACAGTTTGGCTATTTCATTCCTGAGCAGGGGGTGTCCGTCTGAATAGGTATATCCCAGCTTCAGGTTTTGCCAGAGACTGCGGCACTCGGTATCCGCCAGTGCCAGCAGGGCAGAGAGTGCCAGCGGTTCGCAGTCTGAGCTTGACATAAGGTATCTGGCGGAAAACTCATGCCGGGCAAAGTAACGTTCCAGTTCAAAGGGTTTTATCTCCAATAAAACAGTCCTTTTCTTAGCAGATAGCATCCACTCCCATAAAGGGGC
CP179927.1_gap15	494704	498617	3913	TGCAGCTGCGGCATGGGCAACTGCCAGTGAAGTGGCCAGCATGGCGTTAGCCCCCAGCTTGGCTTTATTGGGAGTGCCGTCCAGTTCTATCAAAAGATTATCCAGCCCCTGCTGGTCTGATGCTTTGAAACCGGATATGGCCTTAGCAATGGCGGTATTTACATTAGTAACTGCCTTTTGTACGCCAAGCCCGTTATAGCGGGATTTGTCTCCGTCACGCAGTTCCACGGCTTCATGGCTGCCGGTGGAAGCACCCGAAGGTACAGCCGCCCGGCCGAAAGAGCCGTCAGATAAAACTACATCCGCTTCAACGGTGGGGTTGCCACGGGAATCCAGTATCTCTCTGGCCTTGATAGACTTGACTACTGCAGACACAATTACCTCACACTCGTATTAGTTTATTAAATCCAGAGCCATTGTAACTGCTTCAAGGGCATTTCCGGCTTTGATTACAGCGCCGTCAGCCTTGCCGTTCTGGCTCATTGACCAGCTGTTTAAAGTAATTACCGGCAGTCCGCTTTGCAGGGCATAGGCTATTTCAGACAGTGTTCCGTAAGCACCGCCCACCGCAATAACCGCCTGGGCAGATTTGACCACCATGACATTCCGGGCAAAACCTATACTGCTTATTATGGGTATTTGGACATACGGGTTTGCCTCTTCACGGCTGTTTCCCGGCAGTATACCTATGGTTAGCCCTCCATTTAAAGATGCACCCCGGCAGGCGGCTTCCATTACCCCGCCCATGCCCCCGCAGACAAGTGTAACCTGCCTAAGCGCAAGTTCTTTGCCCACTTCCTCTGCCAAACGGGTTTCCTCAGGAGTGGCTTTGGAGGCACCTATAACCGCAATGAAAATACGTTTATTATCCATGAAAAGCAAGGGAATTATAACACCCCCGTGCTATTTGGGGCAAAGATTTAAGAGTTGAAACGGTTGGAGGCGGTATCCAGCCCACAGGTCAGCAGGCAGGTGAGTGCTTCGGAAGCACGGGTAATAGCCTTGTCCATAATCTCCTGTTCTTCCCCGCCGAAATTGCCCAGTACATGGTCTACCACCTCAGTTCCGTTATTCCGGCTATCCGGCTTGCCGATACCTATCTTCAGGCGGATAAATTCCTTGGTGCCGATGTCTGTAATAATAGACGAAATGCCGTTATGCCCGCCGGCACTTCCCCCAGCCGCAGTCGGATTTTGCCCGCAGGCAAATCCAAATCATCCTGCACTACAATAATATCAGCGGCTTTAAGGTTGTAGCGGCGAAGCAGCTGGCTGGCGGCTTTGCCGGAGAGGTTCATATAGGTCTGGGGTTTGGCCAGCACTATTTCCTCGTCATTTATGCGTCCTGAACCGGTGCGGGAAAGGCAGCATTTTTTGTCAAAGCTGATATGGTTGTCTTTGGCAAAACGGCTCAGGCACTGGAAACCCACGTTATGGCGGTTACCCGAATATTCTTTGCCGGGGTTTCCCAGCCCGATAATAAGTTTCATCAAGATTGCTCCAGCATATTTATAAATTCCTGTTCGGACAGCTCTTTTACCCCCATACTGCGGGCTTTGGCCAGCTTGGAGCCGGCATCAGCACCTACCACCAGATAGCGGGTTGCTTTGGTAACATTGTCCTTGGCCGTGCCGCCAAGTGAGCGGATTTTTTGCTGTGCTTCTTCGCGGCTTAAACCTTCCAGTTTGCCGGTGACTACAAACTCCACTCCGGAAAGCGGCAGAGGTTTATGTGAGGGTTTTTGGTCTGAAGCAAGCTTTACTCCGGCTGTTTCCAAACGGTGGATGACCGCTATGTTTTTTTCTTCGCTGAAATAGGCTTTTATGCTGCTGGCTATCTTGGCACCTATATCCGGTATGGTTTGCAGTTCATCAAGACCTGCCCCAGCCAGTGCCCATATATCCCCGTAGCGGCTGGATAGCAAAGCGGCTGTCTCATTTCCCACGTGGCGGATACCCAGCCCGAATATTACCCTGTCCAGCGGGCGGCTTTTGCTGTCTGCGATAGCTTTTATTATATTATCCGCACTTTTTTCACCCATGCGCGGCAGTTTCAGTAAATCAGCCGCAGTCAGGTAGTAAAGGTCAGATACGTTTTTGACCAATCCCTCTTGTGCCAGTATCACGCTCAGGCTTTCGCCGATGCCGCGGATATCCATAGCCCCTCTGGAAACAAAGTGTTCCAGCTGGCGTTCAAACTGGGCGGGGCAGGAAACGTTGGCACAGTAGTGCATAGCCTCACCTTCAGGGCGGTATATTTCCCCTCCGCACACCGGGCAGGCCGGGCGGTTAAGTTTGGGGTTAAACAGGGTTTCCTCCATGCTGAAGGGTTTTGATTCGGGGCTGCGTTTAGCCAGCACCGGGGCAACTACCTCAGGTATTACTTCCCCCGCCCGCTGGATTACTACCGTATCCCCTTCACGGATATCCTTGCGGAGGATATCATCTTCGTTATGCAAACTGGCCTGTTTTACCACTACCCCGCCTACATTTACCGGTTCAAGGATGGCATACGGGTTTAAAGTGCCGGTACGGCCTACCGATATGCCTATTTTGTTAAGGAGGGTAGTGACCTGTTCAGCCGGAAATTTATAGGCGATAGCCCAGCGGGGTTCACGTCCCGCATCCCCCAGTTTTTGCTGCAGGGATACGGAATCTACCTTGAAGACTACCCCATCTGCTTCGTAGGGCAGGGAATCCCGGTTTTCCGCCATCTCACGGTAGTATTCTTTGGCTTCTTCCAGGGTGTTTACCAGACGGTTACGCGGGTTTATCCTGAAACCCAGGCGGCTGAAGTACTCCAGTATCTGCCAGTGGCTGTCAGGCAGCAGGCTGTCTTCCGCATACCCCAGAGCATAAATAAATATATCCAGCGGTCTTTCGGCCGTTACTGACGGGTCAAGCTGGCGGAGTGAACCGGCGGCGGCATTGCGGGGGTTGGCAAAAAGGGATAGCCCTTTATCAGCCCTTTCACGGTTGAGTTTGGCGAAGCCTTCTTTTGGAAGATAAACTTCACCCCTTATTTCAAAAACAGGGGGGTGTCCTCCTCGGTATTTAAGGGTATAGAATGGATAGTTCTCAGGTTTCGGGTAATATTTTCACCCTGAAAGCCGTCACCCCGGGTAGCGCCGGTGGTAAACTTGCCGTTTCGGTAGGTAAGTGCAACTGCCAGCCCGTCCATTTTGGGTTCGCAGTCTATCTGAAAAGCGGCATTCCCCAGCAGTTTCTTTACCCGCAGGTACCAGGCTTCCAGTTCCGTATCTGAAAAGGCATTTGCCAGAGAAAGCAGCGGATAAGGGTGATTGACAATGCCGAAGGCCTTTAGCGGCTCAGCCCCCACTCTTTGGGTGGGTGAGTCCGCCGTAACAAGCTCAGGGTGGGCTTCCTCCAGCTCTTTTAAGCGGCGGAGCAAGGCGTCATACTCGGAATCAGATATTTCAGGGTTATCCTGAACGTAATACAGCTGGTTATGGCGGTTTATCTCGCGCCTCAGGTTTTCTATTTCCGTTCGGGGGGAAAACATATCTTCCATACAGGTTATTAGTATATCACAGCCCCTGTTTAGAGCAAGTACAAAAGTACAACCGTTCACGTTTGAAAGGGGCTTGCGTCAGACGCCGTTCTAAGTTAAACTAAAACCAGATTTTGGAAAGAGGGAGCTAGAAAAATGGCTGAAGTTCGGGCTTTTCACGGATTACGTTACAACCCTATGTTTGTAGATGATATGGCAGATGTTATCTGTCCGCCTTATGACATTATCAGCCCTGAACAGGAAAAAGCCCTTAAAGAGCGCAGCCCTTACAACTATATACGGCTGGAATACAGCCAGCCCACCCCCAGGACAATATTGTAGATAACCGCTATACCCGTGCCGCCGCCATCCTGGAAAAATGGATTGGCGAACGGGTAATGACT
CP179927.1_gap16	533917	537342	3425	ATACCCGCTGCTGTTCTGACCCTTTGGAAGAGGCTCATAGTTCGGTAGTGCCTGGGCTGGTACACCGTTATCCTGACAGGGTGGTCATGGTGCTGACTGATATATGCCCGGTACTGTGCCGCCACTGCACCCGTAAAAGGGAATGGAAAAACGGCGGTTGGGTGCATACCCAGGCAGAGATAGATGCCATGCTGGCATATATACGCCAGCATCCGGTTATCCGGGATGTAATTATCTCCGGCGGTGACCCCTTAACCCTGTCTACACCCCGCTTGGAGAGTGTTCTTTCGGCTCTGCGTTCAATACCCCATGTGGAAATTATCCGAATTGGTACCCGCTATCCTGTGGTTCTTCCCCAGCGGATAGATGATGAACTATGCAATATGCTTTCCAAGTACGGTCCTATCTGGCTTAATACCCATTATAACCACCCTAATGAAATTACCGAGGAATCCCGTCAGGCCTGTGACCGTCTGGTCAGGGCGGGCGTACCTGTAAATAACCAGTCGGTACTTTTAAAAGGCATAAATGACAATGTGTCTGTTCAGAAATCCCTTTGCCACAAGCTTTTAATGAGCAAAGTGCGCCCTTACTACCTTTTCCAGTGTGACAATGTTCAGGGTACAGAGCATTTCCATACCCCCATTGAAACCGGGGTGGGGATTATTGAGGGCTTGCGCGGTTATACCTCCGGTTTGGCTGTGCCGAATTACGTTATAGAACCTACCGGGTGGCGGCGGCAAAATAACTATTCAGCCGGACTACGTGCTGGATAAACAGGCTGACGAATATATAATCCGTAATTACAAGGGTGATATAATCCGTTTTAAAAATCCGGGTGAACCCAAAGTTTACAGCAATACCGGCCGGACAGATTTACTTAATAATGCCGCTAAAATAAAGGGAGAAACAGATGCAGATAGGGCTGTCATACGATCTTAAACAGGCGTTAAATCCGGTTAGCGGCGGCCCTGATGATGCTCTGGAAGAATATGACTCACCGGAGACGGTTGAAGCTATCACTAATGCTTTAACCCAGGCCGGGCATACGGTTTACCGTTTGGGTGGGGAAAAGAGTTTTTACGCAGGGTACAGGAACAGAAACTGGACCTGGTTTTCAATATTGCGGAGGGTTTGGGCAATTACCGCAGCCGTGAGGCTCAAATTCCCGGTATTTTAGAGATGTTAGATATACCGTACACCGGCTCCGACCCGCAAACACTAGCTATTTGTCTGGATAAACCCCTGACTAAGAAACTGGTAGCTGATGCCGGTATAAAAACTGCCCGGTGGCAGTTAGTCACCAGCTGCGAAGAGCTTTCGGCTATAGACTGGTCAGGGTTCCCCTTGCCGGCTTTTCTTAAGCCTGCCTGTGAGGGTTCTAGCAAGGGTGTCAGGTTTGCTTCACGCGCCGGAAGTGCCAAAGAAATAGTAAACATGGCAGCAGAGCTGCTTACTGCCTATGAGCAGCCTGTTTTGATAGAAGAATTTATAAGCGGCGAAGAGATTACGGTAGGGGTTACCGGTAATATACAGCCCAAAGTTTTGGGTATCATGCGGGTTGTCCCCAAAACCAAAACCGATTATTTTGTCTACTCTGTAGAGGTGAAACGCAACTGGCGGCAGATGGTGGAGTATGAGGTACCGGCGGCTTTGCCTGCTGAGACTTTATCCCGCATTGAAAAGGCTACGCTGGATGCGTATAAGGTGCTGGGCTGCCGTGACCTGTGCCGTATGGATTTCAGGGTCAGCCCTGATGGCACACCTTATTTTCTGGAAGTAAACCCTTTGCCCGGTCTAAACCCTGTCAGCGGAGATTTGCCGATTATGGCATCTAAACTGGGTATCAGTCATGCTGAGTTGGTGTTAAAAATACTTTACACTGCTCTGACCCGCCACAGTTTGGCTGCGGCAAACTGCCTGCCTTGAGTTAAATAAAATGTTATATAAAAGCCTCCTTCGGGAGGCTTTTTATTTTAAGGGATAATTACCCCCCGTGATTCTTGCTATTTGAAAAAGCCGTAGCTATAATTGAGAAAACCTATCAATTAGAAGGATTACAGTGCCAACTATTCAGAGCCGTATCCGCCAGAATAAATACAAGATTACTCCCCAGCGGCAGGCTGTTTTAAAGGTACTGTCTGCTGCTACCCAGCCGCTAAGCCCGTCAGAAGTGCATGAACTGGTGCAGGCGGCTAAACCTTCAACCGGTATGGCAACTGTCTACCGTTCTCTCCAGCTTTTGTCCGAACTGGGGCTTGTTTGCGAGCTGCATACCGCCGGCAATTGCCACCGCTATCTGCTTAGGCGTATTGATTCCCATCACCACCATTTGATTTGTTCCGGTTGCGGTCAGGTTATTCACGTGGAGGGGTGCGGGCTTAAAGAGATTACGGAAAACTTGTCCCGGCAGACCGGGTTTGCCATAGATGCCCATTTGCTGGAGTTTATCGGGCGTTGCCGGAATTGTCAGAAAGAGGCGGGAAAAGTATGAAATTAAGGACATTATTTTTGAGTTTGGCTTTAGGCGTTACTCTGCTTAGCAGTTTACTGCTGGCGGGTTGTCAGGAAGATTCATCTTCTGCTGCCAAGCTCAAAATTGCAGTTAGTATAGTGCCCCTGAAAGAATTTACCCAGCAAATTGCCGGGGATAAGGCTGAAGTAATTCTTATGGTTCCTCCCGGGGCGGAGCCGCATACCTACCAGCCGCTTCCTTCCCAGATGGTAGATATAAGCCAGGCAGATATGTACGTGAAGCTGGGCTCTGATTTTGGTTTTGAGCAAACCTGGATTTCAAAAATATTGGCTTTAAACCACTCTATGCTGATGGTAGATAGTTCGGTAAATATTACACTGGAAAGCAGTCCGGAAGGTGACGGGGCAGACCCGCATATCTGGCTTTCACCGCGTAATGCTATCCAGATGGTCAAAAATATCACTACGGGGCTGATGAGCCTGGACCCGGAAAACAAGAGCTATTATGCAGCCAACCGGGATGCTTATTTAGCAAAGCTTGAGCAGTTGGATAATGAAATAACCCTGGCTCTCAGCCACCTGCATAACCGTACCTTTCTGGTTTTTCATCCTGCCTGGGCTTATTTTGCCAGAGACTATAATCTGAAAGAACTTTCCATTGAAATAGAAGGCAAAGAACCCACCCCCAGCAGATGATAGAAATAATAGATTTGGCTATACAAAATAATATCAGCATTGTCTTTGCTTCCCCCCAATTTTCCAGCCGGAGTGCAGAGTCAATTGCCTCTGAAATAGGCGGGCAGGTGATAATGATAGACCCGCTGGCCCAAGATTACATAAAGAATATGGAATTTGTTTACAAGCAAATGCAAGAGGTTATGAGCTGAAAATGTCTGACACGCCAGCCCTGGTGTTTAGGGGAGTTAGTGCCGGTTTTGACGGCCTTACGG
CP179927.1_gap17	572244	576491	4247	ATTATCTTGCTCATGCGTTCCCGCAGGTCTGCCAAGCCGGTAAAAACCGAAAGTATGGCCATCACCTCTGAGCTTACGGATATGCCGAAGCCGGAGTGCATCTGGTAGCCGTCTGTTTTACCGCCTATACCCATAATGATTTCCCTGAGGGACTGGGCGCAAAAGTCTATTGCCCATTTCAGTTCCACTCTGGCAGGGTCTATATCCAGCCGTTTTAAACTGCGGCTGGACAGAAATTCATCTGTATTATTCGCTTCGTGCTGAAGTCTGGCCTGAAGGGCGACCATGGCCAGATTGTGGGAATTGGTAACAGCATCTATATCCCCGGTCAGCCCCAGAGTAAAGGGTGAAAGCGGCAGGCACTGGGAGCGTCCTCCTCCGGCTGCCGAGCCTTTTATATTGAAGGTGGGGCCGCTGGAAGGCTGGCGGATTGCCCCGGTTACTTTCTTGCCCAGATTGCCCAGCCCCTGCACCAGCCCCATAGTGGTGGTGCTTTTACCTTCACCCAGCGGGGTGGGGGTAATGGCGGTTACATCTATATACTTGCCGTTTGGTCTGTCTTTCAGGCGGGTAAGTACCCCGGCAAAATCCACTTTGGCAACATATTTGCCGTGGGGGATTATCTCATCTTCGGTCAGGCCCAGTTCCTCAGCCAGCATTTTTGACGGCTTCAGGAATTCTTCGGCCTTTTCGGCTATTTCCCAGTCTTTCATCAGGCCGGGGTCAAGGTCTTTTAAGTGTGATTTGCGGTTATTTATAGTCAAAATACTCCCCGTAAAATCTTTAAAAGGTACTGAACCCAGTATATCAGACAGCCCCTTTTTTGCAATGATTTAAGTATAGAAAATGGTAATACGAAAGGCTTTTCCTGCCGGTTCTGGTATAATAAAAAAATGCACGAACTATTGCCCTTTTACGGCAAACGCCAGAAGTCATTTCTGAAGTGGTATATGCGTCTGGCATCACTCAGCCGCTGGCCGCTTGCAGGCGGTCTGGTAAAGAAATATGCCAACCATTATGCCCGCAAACAGCATGGCGGGTATTTGCTGAATCTGTCCGAAGCCAAAGAGATACTGGACATGTCCGAAAATATTTATCTCGGCCCGTGCAGCTGCCGTGAGGTTTTTAAAAACTGTGATGCCCCGGTTATGGCGGAGATTATAATAGGGGCGGGCGGGCATGTCTACCGGGATACACTCGGGAAGTTTAAGCCCATCAGCCGTGAGCAGGCACTGGAGGTTATTATTTCCTGCCAGCAGGCCGGGCTGATGACCACCCTGGTACACTGCAAAGAGCATTTTTATTCTATCTGCAACTGCTGCCGCTGCTGCTGTGTGCCGTACCGTCTGAAGCACCAGTACGGCATAGAGTTTGCCCTGGTACGGGATAAAAATATTGTTAACCGTTTTGCACAGTTTCTAAAGGAGGAAGGCCTGCATGGAGTACCGCAAGATATACAGCCGCCTAAAACCTGAGCTTCTTTTTGATACCCTTAAAGACTTAATCACCAAACATGGCGGGCATCTGGAAAGTGCCAGCAGTGACAATTATTCCGTAACCGACTCTTCTTCAGATTTCATTTTCAAAGGCACAATGGTCTTCAGCCGGGTGAAAAACAGCTCTGCTGCCTGTGCCAGTGTGTATGTAATGGGGTCTGAACGTAAGGACAGCCGGGTAATACTGGATATAGAGCCGGGTGCTTTCGGCGAGGCGGCTGTAAAATGCCTGCTGGATGAGGTGGATTTTTTGCTGGGTGAATACGAAAAAAAATAGCTTTCAGCGTTTGAACAAACACAATGTATAGGATATAATCTTTTCTAATTGTCTTGACTAAATTTAGAAGGTGCGCATGCTTAAAACTCATAGCTGTGCCTTAACTCAGGAAAATATTGGCACTGAAGTTACTCTGGCAGGTTGGGTACACCGCCGCCGAGACCATGGCGGGGTTATATTTATTGACCTTCGTGACCGGGAAGGCATTGTTCAGGTGGTATTTAACCCCGAACAGTCCGCTGCCTGTCTGGATATCGGTAAAGAGCTGCGGAGTGAATATGTCCTGCAGGTAAAAGGCACTGTCAGCCACCGCCCGGCCGGTACGGAAAACAGCCGTATGCCCTCCGGTTTGGTGGAAGTGGTGGCGGAAGATGCCAAAATCTTAAATACAGCCAAAACCCCGCCCTTTTATATTAACGAAGAGGTAGAGGTGGACGAGAGCCTCAGGCTTAAGTACCGCTATCTGGATATACGCCGCCAGGGCATGAAAAACAACCTGATTATCCGCCATAAAACTGTCAGCTTTATGAGGCAGTTTTTAAATGACCGGGGTTTTATAGAGATTGAAACCCCCATTCTGATTAAAAGCACGCCTGAGGGGGCGCGTGACTATCTGGTTCCCTCCCGCTTGTTTCCGGGGCAGTTTTTTGCCTTGCCCCAGTCTCCCCAGCAGTTAAAACAGCTGCTTATGGTGGCGGGTATGGAAAAATACTATCAGGTCGCCCGCTGTTTCCGTGATGAAGACTTAAGGGCAGACCGCCAGCCGGAATTTACCCAGCTGGATATGGAAATGAGCTTTGTTGACGAAAATGATATGATGCAGCTCATGGAAGACCTGTTTACCGGGCTGGTAGCCAGTGTCCGCCCGGATATGAAATATAATAAAAAGTTTCCCCGTATCAGCTTTGCTGATGCTATGGAGAAATACGGCTGTGACAAGCCTGACCTTCGCTTCGGTATGGAACTGGCAGATATTACCGATATCGGCGCTTCCTCGGCTTTCGGTGTTTTCAAAAATGTGGCTGCCCAGGGCGGGGCTATCAAAGCCATTTCCGCTCCCGGTTGCGGCGGGTACAACAAGAGCCAGCAGGAAGAACTGATAAATCTGGCTAAAAAGTACGGGGCGGCCGGTTTGGTACCCATTTCACTGGGTGCGGAAAGCGGAGAGCTTAAAGATTTGACTATGGAAATGGTTAAATCGGTAGCTGCCAAGTACCTTACTCTGGAAGAAATCAAAACCATAGCCGAACGCAGCGGGGCTAAGCCGGGTGACCTTATTTTGATTGTGGCCGGTGCCCGTAAAATGGTAAACAGCGTACTGGGGGAGATGAGAAACCATCTGGCTGCAAAGCTTGGTTTGTGTGATAAAAATGAACTCAGTTTTGCCTTTGTGGTAGACTTCCCTCTCTTCCAGTGGGATGAGGAAGGCAAACGCTGGGATTCGGTTCATCACCCCTTTACCGCTCCGCTTGAGTCTGACCTGCCCCTTATGGATACCGACCCCGCCAGGGTAGGCAGCCGGGCTTATGACGTGGTTTGCAACGGCTATGAGATTGCCGGCGGCAGTATCAGAATCCACCAGGCAGACCTGCAGAGGAAAGTATTTCATCTGCTGGGGTATAATGACAAGCAGATAAATGAACGCTTCGGCCACCTGCTGGAAGCTTTTGAATTCGGGGCTCCCCCCACGGAGGTGTTGCCCCCGGTATAGACCGCTTTGTAATGCTGCTGGCAGGGGAAACTTCCATACGTGAAGTCATACCCTTCCCCAAGAATCAGGCCGCTCAGGACCTGCTGTTCGGGGCTCCGTCAGTGGTAGATGACAAGCAAATAAGGGATTTACATATCCGTATTCAAACGGAAAAAGAATAGTTTTTTAGATTGAGGTGCCATGAAAGTAACAGATAAAAAGATAGAAGGCTGCCAGGCCAGCATAACGGTAGAGATGGATCCGGCTGAAGTTGAGGCGGGTCTTTCCAAAACTTACCGCCGTCTGGTAAAAAAGGTGGAAATCCCGGGTTTCCGCAAGGGTAAAACCCCCAGAGACGTGTTTGAAAAATACCTCGGCCGTGAAAAAATGCTGGATGAGGTAGTGGACGATATCGTCCCCGAAGCTTGCCAGCAGGCTATAAATGATGATGAGGAAATAAAACCCTTTGCCGCCCCCAAGATAGCCATGGTCACCACCGAACCTTTTGTGTTTTCCGCCCGCATACCCCTGCCTCCGGTAGTGGAACTGGGTGATTATAAAACCATAAGAGCCTCTAAAGAAAAGGTGGAAATTACCGAAGAAAATATTGATACCGTTATAGACCAGGTACTCCACCAGAGAGCTACCTGGGAAAAAGCGGAGCGCCCTGTTAAAATGGGTGATATGCTGCTTATGAAGGTTGAAAGTACCCTGAACGGCGAACCTTATCTGAACCGTGAGGATATGCAGTATTCCGTAAGAGAAGAAGCTATTTATCCCGCCC
CP179927.1_gap18	580020	583048	3028	CACGTCTATTTTTCCTTCGGAAGCCAGCCTTTCCAGTTCCGAATCTATCAGAGCCGAACCCCTTAGTTTGTCATAAGGGTGGGGAATGCAGACCAGAGCGTCCTGGGCTTTTATCCGGGATACACATTCGTCTACTGATATTCCGCTGGGTATGCTCTCCTTGAGAAACATACCCATAATCTCTCCGTGGGGGTAAGCACTTCCTCAGAGACTATTATTTTGATGGGGCTGTTTTTAGCCAGCATTAAAGCTCCCTCGGCTGTGCCGTGGTCACACAAAGAAATGCAGTTTATGCCTTTTTCAAGACATCTCTTTATCAAATCTTCGGGTTTGGTATTTGAGTCCATAGAATAATTGGTATGGACGTGTAAATCAGCTTTTAACATTACTAATTGGTTGCCTTTCCCAGATATTGGCCGCTGCGGGTGTCTACCCTGATTAGGTCTTCGTTATTTATAAATAAGGGCACCTGTACCACCAGTCCCGTTTCCAAAGTAGCCGGTTTGGTAGTGGTGGCAGCGGTGTCACCCTTAAAACCCGGTTCGGTATGGGCAATTTTCAGGTTAACCGATGCCGGCAGCTCAACCCCGATGGCTTCTTCCTGAAAGGTCATTACCCTGACACTGCCGTTTTCCAGCAGGTAGTTGACAGCGTCACCCAATACACTTTTATTTAGAGCTATCTGCTCAAAAGTTTTGTCATCCATGAAATGGTAAACGTTTTCGTCATTATATAAAAATTGCATATGGCGGTATTCCAGGTTTACCAGATTGAACTTTTCGTCTGACTGAAAGGTTTGTTCCATAGTATGCCCGTCCCGTATATCTTTAAGTTTCAGACGGAGCAGGGCGGTGTGTTTCATCTTGACATGTTGGATATCCATGACCTGAAACAGGCCGTTTTCCTGTTGGATGATGCAGCTTTTCTTTAATTCGTTTCCAGTGGCCATATAAACCTTTCTTCTTTAAATATAGGGGTTTTGTTTATCTGATTTTGAGAGCAATTCTATTTTACCATTTTTAAGGGTGCAGGTATCTTCTATACGGATGCCCCCCAGCCCGGCAGGTATATGCCCGGCTCTATGCTGAAAACCATTCCGTCTTCAAGTATATCCGCACTTCTGGGGCTTAGGCGGGGTGCTTCATGCACCTCCAGCCCCACCCCATGTCCCAGACTATGCCCGAAATTGGCACCGTAGCCGGCTTTTTCAATAACCTCTCTGGCTATAGAATCAGCCTCCTGCCCGGTCATTCCAGAGGTGATTTGGTCTATGGCTTTTTGCTGGGCGGCCAGAACTATATCATATATTTTCTTAAATTGGCTATCCGCTTTCCCCTGTAATACAGTTCTGGTCATGTCACTGGCGTACCAGTTTACTTTTGCCCCGTAGTCCATGAGCAGGGGCTGCCCGCAAACCACAGCGGCCGGGCGGGTTCGGGCATGGGGCAGGGCGGAGTTTGCCCCTGTGGCGGCAATAATCTCAAACGGCATAGACTGGCTGCCGCGGTTTCGCATAAATTTCTCAAGTCCCCAGGCCAGCTGCTGTTCGGTTATACCCGGTTTTAGCAGGGAGGGCAGGGCGGAGAAAGCGGCATCACCAATGGCGGCGGCCTGTTTGATATCGTCTATTTCTTTTTCAGATTTTATCTGCCGCAGTTTGCCTGCCAAGTCTGCTGTTTCTGTAAGTAAAATATCTAAACCGCCTTCGCTGAGTGCGGTCTTTAGTTTGCTGTATTCTTCAAAAGTAATATAGAAAGATTCAAAACCCAAACGGCGGATATGTTCGGAGCTTAACAGTTCGGGCAGCCAGCGGGACATTCCGTTAGTAACTTTACATAAGGTATATTCAGGGGATTCATTTTCCGCTTGCTCGTAGTAGCGGAAATCTACCGCAATAAAAGATTGTGCCTGGGTGATAAGCAGGTGACCTTCGCCGCCGGTAAAGCCGGACAGATAAAACATATTTTCAGGTTTGGACACCAACAGGCCGTCCAGCTCATTTTCGGCCATAAGCTTTCGCAGGAGTGCAAGCTGGGTGTTTGGCTGTTTCATTCGTCTTCGCTCCCCGAAATATCATTCTGCGGTTTGGCCAGCGGGTGGCTGGACATATAGACTTTGCGGGCTTGGCTTTTGGTAACGTGGGTATATATCTGGGTAGTGGAAAGGTTTGAGTGGCCGAGTAGCTCCTGTACTACCCTTAAGTCTGCCCCGCCGTCCAGCAGGTGAGTGGCAAAGGTATGGCGCAGCATGTGGGGGTGCACGTGTTTTTCAATACCGGCTTGGTGTGCCAGCTTATCCAGTCTTTCCTGAAAACTGCGGGCACTCAGTCTGCCGCCGTTTGGATTAAGGAATAAAGCCGGAGTATTCCGCTTGCCTTTCAGCAAAGGTCTGCCCAGGTTTAGATAGGTTTGGATTGACTGAATTGCCGGCAGACCCATCAGAACTATGCGTTCTTTAGACCCTTTGCCCCAGACCCGTATCTGGTGGGAGTGCAAATCCAGGTTTTCTATATCCAGTTTGACCAGCTCACTCACCCGCAGGCCGCTGGCATAAAGCAGCTCCATAAATGCTTTGTCCCGCAAACCCTGGGGGTGGAGGAATCAGGTATCCGCAGCAGTTTACTAACTTCAGCGGTAGTCAGAAACTCCGGCAGGCGTTTATCCAAACGGGGGCTGGAGGCATTTAAGGTGGGGTTTTTCTGAATAAGACCTTCCCGCATAAGGTAACGGTAAAAAGAACGTACAGCCGAAAGTTTGCGGGCAATACTGCCTTTAACAATCCCTTTTTCTATCAGGCTGGACATATAATCCCGCAAAATATAGCGGTCTACCTTGTCAAAAGAGCTTACCTTTTTTTCAATCAGGTAGTTAACAAAACCAATCAAATCTGTGCGGTAGTTTCTAAGGGTATAAGCCGAAACATTTTTTTCTACCGTCAGATATTCAAGGTATTTGTTAAAATTCTCCTGCATTTAGCTTTCATCTTCAAGTTTTTTGCGTTTACCGCACTTGGTGCATTTGGCCCAGTT
CP179927.1_gap19	636788	638078	1290	CCGCTCTTTTGGAGATGCCGCAATGAATGACACTTCCGAATTAATAATGGTAGCTATGAGCGGCGGGGTGGATTCCTCGGTTGCGGCCATGCTCCTTCTGGAGCAGGGATACGATGTAGCCGGGGTCAGCCTGCAGCTCAAGTCCAATAATGAACCTTACGGCAACGGCTATAACCTTAAACTTATTAACAGGGCGCGTGAAGTTGCGGCTGCTCTGGGTATCCCCCATTATGTGGTTGATTTGAGTGATATTTTTTCCCAAAGGGTTATTGCAGATTTCTGCCAGCAGTATTCGCAGGGTCGTACCCCGAACCCCTGTATCCGCTGTAATTATTATGTAAAGATAGGCGCTTTGCTTGAAAAAATACCTGATTTCAATGCCGGTTATTTAGCTACCGGGCATTATGCCCGTGTCCTTTCAGATGAAAACGGCACTCACCTTTTAAAAGGGGCAGATGAGAAAAAAGACCAGTCATATTTTTTATATACCCTGCCGCCCGAATCACTGTCCCGTCTTATATTCCCTCTGGGCAAAAGGTATAAAAAGGATATTATCCGTTTAGCGGCTAAGATGAAACTGCCCGTGTCCCAAAAGGAGAGCCAGGACGTGTGCTTTATACCTGACGGTGATTATAAGTCTTTTCTGGCTACCCGTATAGGATTTACCCCCGGCAAAATTCTGGATAAAACCGGCAAAATACTGGGCGAACATCAGGGACTACCTCTTTATACCATCGGCCAAAGGCAGGGACTGGGCTTGGCTTCAAATGAAAAGCTCTTTGTATCTGATATGAATCCGGAGGCCAATACCATTACGGTTGCCAGCCATGACCATCTCTACACCAGCCGCATATTGCTGAGCAACTTTATCTGGCGGGAAAGCAGTATTCCGCTGGATACCCCCGGAATGATAGTCAAAGTCCGCTACAAAGCCGCCCCGGCTGAGGTAAAAAGGATATCCCAAACAGGTGATTTTTATTTACTTGAACTGGCAAACCCCGTTTGGGCAGCCACCCCAGGTCAGGCAGCCGTTATTTATCTGGGTGATATGGTACTTGGCGGGGGTATTATTGAACACTGCGGGGACGCCGCCTGATATGCCTGCCGCTATCTGCCCCGGCTGGGCTGAGGAAAAACAGCTCTGGAAGCAGGGTTTTTCCTCAATTGCCGGTTTAGACGAAGCCGGCAGGGGGTGTCTGGCCGGACCGGTGGTAGCCGGAGCGGTCATCATGCCGCCCCGGTTAAAGGGCGACTGGGTGGCTATGGTGCGGGACAGCAAGGTGCTTACAC
CP179927.1_gap20	677319	678234	915	CGGGAAGCCAGTCAGGTTTACGGGCTGGATGTCGTTGCCGCCGCGGGAAACTCCGGCCCCAAGATGACCACGGTCATGCTGCCCGCCTGTGACTCGGAGGTAATCGCCGTGGGAGCGATCGAGACCAACGACGAGCTGGTCGTCTGGGAAAAATCAGCCCGGGGACCGACGGTGCAGGGCGAGACCAAACCTGATTTCGTTATCTGGGGCACCAACCTGGAGATGGCCAGCCACAAGAATGACGAAGAGTATGTGTCCAAGTCCGGCACCAGTTTTGCCGCTCCCATGCTGTCTGGTCTTACCGGGCTGCTCTGGGAGAGCGGCCGCAGGGCTTACGGCGAGTCCTGGCCGTTCCGCTGGATCGACGCCAGGCAGTACGCCCCTTATTTCTCCACCAAGCCGGTCGATGCGCCGGTGAAAAAGGACAACGCCTACGGGTTCGGGCTGCCGGCGATGGGCACCATGCTGGGCCAGGTGGCGCAGACATCGGCACCGGCTGACGAAATGACCTCGGCCATGAATATGCTCATGATGATGACGATGATGGCCGGGATGACAGGAGGTTTTTAGATGGACGGCAATGACTTTATCACATCAATCGTCGCGCTGGGTGGCGTTCCCCTGATACTGGGACTGGTCCAGCTTTTCAAGCCCTTTATCACGGACACGCGCCTCTATCCGCTGATAGCGGTCGGCTTCGGGCTGGCCATCAACCTTGTCGCCGGCTGGGCGCTGGGAGCGAACGGGTCTTCCGACTGGATAACCGCCCTGTTCAACGGCATCATCGCTGGCCTTGCAGCCAGCGGGCTGTACTCGACCGGCTCCACTCTAAAAGAAGGCCCAGCAGCGGATAAGGAAAACCTACAACATGAAGGAGACCGGCATGAAACTGACTAGAGGCCTGGCTATCGCCCT
CP179927.1_gap21	715359	716503	1144	TGGCACCCACTCCGGATTAGCTAACTCCAGCATCACTTGACGGTCGATTCCGCGGGGCGCCCCGTAGTCGATATCCTCCATTGAGGCTTCTTGGCGGAGCTTGGCCTTCTTGAGCAACCGCCGCAGCCTCAAATTGTCGCGGTACAGCTTTTCATCCTGCACCAGCAAGCCCACGAATTCGTCATGGGACAGAGATGCCTGATTAGAGTCGGCCAGCCGTTTCTCGAAGCTCTCCGCCATACCATGTAGTTTGAGGGAGTGCAGGATAGAAATCGTTTGTTGATTAAGCATAGCTTATTACTCCTTTCACCGGTAATATTCCGGTCCTCTAATATTCTGATGCGGCGGCAGTCCCGACAGACGGGGTTGCTCTCCGTTATCGGGATGGCGGTCGAGTCCGGCGGACAGGATGGCCTTCATCGACCGGTAGGAGCAGGCTTTATACTTTAGAGCCCGGCGTGCCGCTGCTTCGACACGTACCGGTTCGTAGTCACGCGTCAGGTTGATGATACCCAGGCATGCCTTGTAGCCCTGCTCCGGATAAGGGCGTGTATCCAGTATTTTTTCCACCAGCCGGGCGGTAGCCTCTCCAGTCTTACTGGCCCACCGGATAAACCGGTCCGGATTCCACTCGGTGTAAAACCGGTGTTCGGGAGGCATATGCTCCGGGAGCGTGGTATAGCCGTTTTTGTGATAAGACCGGATGTGGGCGGCAACACGCTCGCCTTTACGAAAAGCCTCTACAATGGTCGCGGTCAGCCGAATATCCAGCTTATCGTGCAAAAGCCGGTAAGGCACGCTGTAGTAATGATGGTCCACCTCAATGTGATAATTGATCTGCACCCTGGCCTTGTACCATTCGGCGTATTCATACGGTTTTGAGGATAATGGCAGGGCATTGGGCCTGTCTACGGCTTCAAACAGCTCACGGCGTGATTTCTTCGCCTGCCGCATCGGCCGGGTATTGAGACGCTCCAGGCGCTCGCGTATAGCGGCGTTGAGATCGGCCAGACTGTAAAAAGTGCGGTGACGCAGCACCGCCAGTATCCACCTCTTGGCGATGAGCACTCCGTTTTCCACCTTCGCCTTATCCCTGGGTTTGCGGGGTCTTGCCGGCAGCACGGCGCAGCCGTAGTGCTCGGCC
CP179927.1_gap22	724998	728049	3051	CAATAGCAAACTGGGTAAAGCGATCGGTACGCCTCACCTGTTTGCGGTCGATATATTGAAGAGGATCAAAGCCTTTGACCTCGGCGGCAATTCTTACATCGAAATCACTGGTGTCGAAAAGGGTTATATAGTCTACGCCCGATTTACTGGTTACCAATGCTTGCCATGTCGTTGGTACATCTAAGCCCAAAGGACTTACTATGCCCATTCCGGTAACGACGACTCTATTGTCCATTGATATTCTCCTGTTGCTATCGATTCTTATCTCTTGCAGCGAGGCATAAGCCGTAAATTTTCATGCTGCATGAGGATGGATTCATATTCCTAACACAGTTCTTCTGCCCGGCGCATGCCGGAGAAAAGCGCTTCAGCGATTTTCTCTCGCAATTCATCAAGTGTAGGCGGTAAAGATTGTTGCACCAGCGGATCGATTATGGGGCCGAAATGAGCCACTGTTCGTGCGCCCGGTAGCGGAATCAAGTGTTTATCCCGACGCTTGGGCAAGTTTATTTGCCAACTGGATCTGATGACTATCGGAACCAGCACAGCGCCGGAACGCTTTGCCATCAGGGCGGCCCCTGCCCGAACCTGGAAAGCTGCGCCATCCGCACCGTCAACCGCTATAAGCGCATCGTAACCATCCTCGACCATATCAATGACCTTGGCGACACCTCTTGCCCATCTGAATGAATTAGGATCATTGCCGAGGAAAACTACGCTGATTTTCCTGCGGCGGGCAAAACGGGCTAATATGTAGCCGCCAAAATTATTGCGCACCATAATAACTGCCCGGGAATCCTGCCCGAACATTCTTAGGTAAACACCGATATTAATGAAATTGTGCCCATGCCAACCCACAAATATCATCGGACGGCCCTGTTTCTTTAACTTGAAAATCTCGGCGTAGCCGATAGGTACAAGCTTAATCCACCGTATGACTACCTTATTCGATAGAGTAAGGAACTCACCAGCCAGGAATATCCACATGCATATCTTCCTTTCCAGGTAAAATCGTTATAAATACTTATCTCACGCACCCAGCCCTAAGCTGAAGAAAATAGTTCCGCTGACCACCAGCCCAATTAAAAAGCCGGTCACCATCTGTGCCGGCGTATGTTCGCCAAGCTGATATCGGGAAATCCCTAAAACAGGTATCAAGAGGAATGTTATCAGGCAAACCGAGCCGAAGAGAAAGCACAGTGACGTTAGCATACTGGTAACCATAGACAGGTGAAAGCTTGCCCGGTATTTCAGGTTAACCAGGGCAATTACAAACATAACCGCGGTACATCCCAGCATGATAGCCAGCAAACTGTCGGGTCCGTTAAGAAAATGAAGAATCAAGATAGACGGGATACCGAAAAGACACGTCATGATAAAGAGCTGCTTCGGTTCATTACGCACAAGTGAACGGGAAATTTTATGCTGTATACCGCCTCGGGACAACATCGCAGCCCTGACTTTGGCGTAAAGTAACGGAAAAAGGATTGCCGGCAGATAGGCTGCCAGAGTCCATTTAATACACTCAAGAGAGTTACCCGTTGCATGGTAAGCCGCCGAAGCTAGTACTGGAACCAGCACTATCCAGGGGTGAAAGATATTAGACACCAGGTTAGCTCTCTTCAGGGCTATATTTTCATTTGCTTCTATCATGTTCATTTTTTGTCTTCCCGTGGTTTATTCCGAAATATTAAATCTATTCGTCGGCAGTTGTTTCAGGATTTGTGGTAAAAGCGAATCCATCAGCTTGGCCTTATCCTCGTCATCCAGACCAGCCAGGAGATTTACTATCCCCTTTTCAACCATATTCTGGATAAAGCTTAGTTTTTCCTCTTTAGTCATGGTGCTGAGCATCCGTTCCATAGCGCTATTCATCAACTGCTCGAGCTCATCTTTACTTAAAGTCTGCAGCGCCTGTTGCGCCATCCGGCTGAAGATTCCCATATTTTTTATTCTCCCTTTGAATGGTTATCTTGTGGTTGTGCAGCTCCTGCGAATCTGATACGAAGATGCCCGTCATCCAGCTTCGCCCCTTTTAACTCACAAGCTAAAAGTACCTGTGGAAGAAGAATGCTATGTCGCTGGCTGCCTATCGTGGCGACAAGCTCATCCCCGTTTCTCATCAAGGACACGTCCCCTTTGGCCACGAAGGGTAACGGCATGTTAATCACGTAGCCCGTATCCTCCCGGCTGATACTCATCGTTTTCCCCTCAAAAAGTATATGGGTGGGGTCGTCATCGCCGTAAAGGTGACGGCCAATCTCTTCTAGGGCTTCAGTTCCGACCACCTCATTTTTCAGAAGCGGCACCTTCAGGATAGGTAGCGGGGAGAAACGCTCTTCGATGAAATGCAAGTACTCGGCCTGAGATTCTTTCCATTTCTCCCAGTAGCTGCCATCAGCGTCCTGCGGGATAATACGGTTGCAGATAACGGCGTCCGTGGGATATCCATACAGATTTAGATAGGTGTAGGTGCGCTGGGCTTCCTTGATTACCATCTTCTCCGGGTTCATAACAAGACGTATCGTTGTAACCTGTGGATTGGTCAGCAGTGAACGTAAACCTTCAAGCTGCTGGAAAAGCTCATCTATCGTTGAGAAGATTTGCTCATCGGGCAAGGGCATATCGGTAAAGCGATGTATTATGGGAAAGGTCACCGGCATAAGTTTGCGCCCCACAGGCAACAGCTTGTTAATCCACCACTGCATTACTTCAGGAAAAGTGAGCAGCCGGAGCGATTCACCCGTAGGAGCGCAATCTACCAGAATAACATCATAATCGCCCTGCTGCTCATAGTTGTAGACCCAGAGAAGGTTGGCCAGTTCTTCTATCCCCGGAAGGACGGCGATTTCTTCCGCAACGATCTCATCGACGCCCCGCCAGGCCATCAGCGCCGCCAGCCATCTTTTGACCGTTCCCCAGTGACTTTCTAGGTTGTAGAGGACATTTGATTCCTGAGCCCACAGGTTTGCCGAAACCTGACGCGGCTCCGGTCCGAGCTGGCAATCCAGGCTATCGCCAAGGCTATGAGCAGTGTCCGTACTCATAACA
CP179927.1_gap23	729487	733481	3994	TCGGTAAAATCCACCTCGCCTATTATCCGCTTTAGCCGTGCTCTAATTTTCTGCCCGCTCAGAAATCCGGTTTTGGGTGTCGAGAAAGCCAGCATCTTGGCCATCTCTACCCACCCCAAATCCAGAGCTGCTTCCTTGATCTCGCCAGCATTTTTACCCTGAGCATACATGGCACCAACAATAGCGCCCATACTAGTGCCGGCAATCATATTTACGGGAATCCCCTCCCTCTCCAGGACTCCCAGCACACCGATATGAGCCAGCCCACGCGCTGCACCGCTGCTAAGCGCCAGACCGACTTTCTTGTTCGAAAGCGAGTTGCTCAATAAAGCCATTCCTCTCTATTGGTTTATTCCTTAATTCTTCTCTTCCTCAACATTTATGGCTTTATCAATGAGACTTCGCACGGCAAGAAGGACTTCCTTTTAGCTTCTTTCAGGTGCCCACCTGTCAGATCGGAATCAAGCTTGACCTGTGGTGCCTTGAATCTCAGAATATACTCTCCACCTTCTTCGTGCTCAACTTCGAGTCCCTGCTCAAATTTGATCTTGGCCATTTCTCGCCTCCTTTTTGCTAAGTGTTATTATGGTGACTTCGACGGAGTGTAAATCTTTCCACCGTAAACTAGATCCCACTCCTCACTTAAAAGATCACGACGTCGAACTTTAGCAAGGTTATCCCCAATTTTAAAGGACTTTTTCATAAGCACGCCCATAACAGACGAACCCTTCGAGTCAATTACATTGCCATCAACCGAGACTTCACCGTTATCTATCCCCGCTTTATACTCAACAACATGGTCTTTCCCTTGACCCGTTATCTGGAAAACCATATCATTCATGTCTGGTATCACCTCCTGGTTGAACACCACATCTGTTTCAATTCTTATCTCATAGCATTACTTAAAACCTTTTGAGCTTCATCCATAACCTCATCACGCACCTTTTTCGCCTGCTCCAAAGTTTCCCGGTATTTTATATCGGCTTCCTCTTTAGCCTGTTTATCGTTGGCCTGTTTTATAGCCCTCTCATGCGATATGTCCGCTTGCTCTTTAGCCTCAACATATTCTTTAAATGCCTTAAGAACAGCCTCTTCATATGCCTTTCTGGCTTTGTTTTGCTCCTTTGTATCAGTGTTAGACGATCTTCTTTTCAGCTTCACGCTTCCTCTATCGCTATCTTCGTCCTTACCTTCTCCTGGGGCTTTCTTGTTGCAGTACCAGCTAACTGTCCGAGTGCCAAAAACACTTCGTCTCCAGCATGGGTAAAATGTTCCATGACTTCGCGAGAAAGAATTCCGCTATGCTTTAAACAGACTTCAATTCCTTCCTCAGTATCATAGGTCACTTCACAATTAAGCTTGAGAATGCTCTTACTCATTTACTTGGCACATTCCACATCAATGATTTATAATATTCCAAAGAAACCAAAATATATGATATACTATCGTTAAATGGTTGTCAAGTTACCTGTACAACGGTGGTTTGCTAGTAAAATAAAATGGTAAGCGAGAAGAACAGAGAGTTCATTATAGGTATTGTCTCATGCTTCGAAAATTACGTATAGCCGTCCTCATTTTAGCGTCAATATATTTTCTAACTTCTCTGAGTATTGCCTATGGGTTCTCAATGCCTGGAAAAACGATCCCAGCTACAACCCCTGCTGAATATAATATAGCTTATGAAGACGTCTCTTTTGAGAGTATCATCGACCATGTTTCATTACAAGGCTGGTACATGCCTGGCGAAGGTAATACGACTATTATTGTGATGCATGGCGGCAGGGCAAACCGGGCCGATGAATCAGTGGGATTGCTGGAACTTTGCATGGAGTTGGCAAAAAGAGGATTTAACGTACTCACCATTGACAGGCGGGGTGTGGATTATCAGCCTCACCGTCTTTTTATAATCGTGGTCATCTGGAGCGTGACTTTGGAGGCGCGGTGGAATTTATCCGTAACAGAAATGGAGGGAAGGAGAATATATTCCTGCTTGGTAATTCCATCGGGGCACAGGCTGCTTTCGTGTATGCTTATGAGTACGGGGCAGATGTGATAAGCGGTATAATTTCGGATAGCGGTTTTGCGAGAAGACAGAGCATCGCGGCCAGAGTTTTAAACCAAGCGGCAATATCCACAGGGATTTTCGCACCAGGCGCTTTGAAATTAGGCGAATGGGTGTTCGGCTTGCCGAACCTCGATGCTGTTGATATTGTGGGAGACATCAACCATCCCATATTGTTCATTAGTGGTGAAAGCGACCTTCAGATACCGGTGGATGCAACGTATCAACTGCTCGAAGCATCGGATAATCCTTCCGACGAGATATTGATTGTTTCTGGTGCAGCACATAACATGGCTTATAAGACCAGCCCAACCGAATATATCGATAGAGTTAGCTCATTTATTCAAACACTCATGGATAACTGAACAAATGTGGATTATATTTGCATTCGGCTCAGCGGTATTTGCAGGCATGACTGCAATTCTAGCAAAATTAGGCATCAGAAATGTTGATTCCAATCTAGCAACTGCAATTCGTACTATTGTCGTTCTAATTTTCTCTTGCCTCATGGTTTTTATTGTAGGTTCGCAAGACACCCTTGGTGATATCAACAGTAAAACTGTAGTATTTCTTGTGTTGTCCGGAGTCGCGACCGGTGCGTCCTGGCTATGCTATTTCAAGGCCATACAGCTGGGAGATGTGAATAAAGTAGCACCGATCGACAGGTCCAGCGTGGTTTTAACAATGATCCTGGCGATTATCTTTTTCAATGAAGCTATCACCGTGAGTAAGGTTATTGGAATCATCGCCATCGGTATCGGAACATTATTGATGACTTATCATAAGCAAACTGACGGGAAGCATACTGTCAGTTACCAATGGCTTATATTTGCGATTCTTTCGGCTGTTTTTGCCGCCTTCACAGCTATCTTAGCCAAGGTAGGAATTCAGGGTGTGGAATCCAACCTGGGAACGGCTATCCGGACGGTTGTCGTGCTGATTATGGCCTGGGTTGTGGTATTCGCCGTAAAAAAACCGGGCGCGATAAAGCACATTGATAATAAAAGCTGGCTATTCATCTGTTTATCTGGAATAGCTACCGGGGCATCATGGTTGTGCTTCTACCGGGCCCTACAGATTGGACCAGCCAGTATCGTTGTACCGATTGATAAACTCAGTATTGTCTTTACCGTGGCTTTTTCGTTTTTCTTTTTAAAAGAGAAATTATTAATGCGGCCTTTTATAGGTCTGGTTCTGATTGTTGGAGGAACTCTTGGGTTATTGGTGTCATGAGATGGCTCCAGCTATGGAGATTCGAACTAACTACCTGAGATGGATAAGTAACCTCTTCAGTACCAATACAGTCTCATGCACTCAGGTAATGACATTAACGTAATAGCTTACTTTAGTTATAGATAGTATCCTTCTACTCCATTGGCAGATAGATAAATGTTGCTGTTATACGTCTTTATGCTATAATAATTGTGGCTGTGCTCAAGGCTTCGGCTTCTTAAGCAACTCTCTTAATCTTGGTAGCAAGTCGGGGCACAAGAAGTTCGATTTGAGTCCTGGGTGGCCAGCCAAATAAAGCGTTCCCGAGTAGCTCAGTGGTAGAGCGGGCGGCTGTTAACCGCTTGGTCGTAGGTTCGAATCCTACCTCGGGAGCCAACGTATATTAAACCGCCTGCGTCAGGCGGTTTTTTTATGCCGTTTTCAGCTATTGACGCTTTTATAAAAGCGGATTATCATTCGGCTGTATTTCAGGAGGCCGCCGTGTCTGCAAAAAAGGTTATCATTATTGGTGCGGGTTTAGCCGGACTTTCTGCCGGTTGTTATTCCCGCATGAATGGTTATGATACCCGTATTTATGAGCATCATACCAAGCCCGGCGGTGTTGCCGCCTCCTGGCGGCGGGGTGATTACCTGGTTGACGGCGGTATTCACTTCATTACCGGCTACAAAAACGGCACTGATTTATATAATATCTACCGC
CP179927.1_gap24	735402	738106	2704	TTTCGCACTAATAAATCTAACTATATTGATACTAACTCTTGCGGGTGTACGCTTGCTGCGGGTATTATGAATCAAGAGCAGTTCTGAAAACTTGGGAATATCCGGCTGAGAGTCAGGCTAAGGGGTTAGTTTTTAGAAAGCCTTTGCCCAGACAGAAAGGGACACGTTATGACTGATACAGCTATCAGCTTGAGGGATATATCTTTCAGCTATAAGCGCATTAAAGCTTTAGATGATTTGAGTTTGGAGATTCCCTGCGGTATAAGCTTCGGGATAATGGGGCCTAACGGGGCAGGCAAAACCACTCTTATCCGGATAATGGTGGGGCTTCTCCGCCAAAAAAGCGGATATCTTGCCATACTGGGCAAAGAGTTCAGCCGCCAGCTGGAATATCAGCTGGGGTACATGCCTCAGATACATTCCCTGTATACCGAACTGACAGTCAGCCAGAATATAGATTTTTTTGCCCGTATCTACGGGCTGCGGGATAAAACACTGCGCAAAGCCCGTATAGAAGAAGTAATCAGGCTGGTAGACCTCTGGGACAGACGGAATGATGCTGTTATGAACCTTTCCGGAGGCATGAAACAGAGGGTAAGTCTGGCTTGTGCCATTGTCCATAATCCGCCGGTAATCTTTTTAGACGAACCCACTGTGGGGCTTGACCCCGAACTGCGCTGCCGCTTCTGGGAGTACTTTAAGAGCTTGAACCAGAAGGGGTAACAATAGTAATATCCAGTCATACCCTTGATGACGCCGCCCACTGTGACCGCCTGGCATTTCTGCGTGAGGGCAGAGTTATTGCCGAAGGTACTCCGTCAGAATTAAAGGCGGCTACAGGCAATGCCGATGCCAGTTTGGAAGACGCCTTTTTATATTCCATCCGCACAGGAGGTGCTCTCAGCCATGAATAATATACTGGCTATTGCCCAGAGGCTTATCCGCCAGTTGCTCCATGACCGGCGGACTATGGCCCTTATTATAGTAGTGCCGGTGGTGGTTATGGGGCTTATAGGGGTAAGTTTCCCGGATGCCACTGTACTTGATTATATTGCCCCGGCCATGCTGGCCACTTTAGCCCTGTTTTTCAGCTTCCTGCTGACCGGCATTTCATTCCTTAGGGAGACATCTCAGGGTACTATGGAAAGGCTTATGGCGGCACCTGTTTCCCGTCTGGACATAGTTGCCGGTTATCTGCTGGGTTTTTTCGTGTTTGCCCTGCTGCAGACACTTATCATTGTTCTTTTTACTATCTACGTGCTGGGTGTCAACTTTCAGGGTGAACTCTGGCAGATTCTGCTCTTTCAGGTGCTTATTATTACCGGGGCAGTTACACTGGGCATTTTCACCAGCAGTTTTGCCAAAAATGAATTTCAAATGGTCCAGTTTATACCGCTTATTATTGTCCCTCAGGTGTTTCTGTGCGGTGTTATCTGGCCGGTTTCCCAAATGCCGGAATGGCTTCAGTACCTGTCAAATATACTGCCGCTGACCTATGGCGTGGACGGCATGCGGGAAATAATGCTTCAGGGGAAAAATCTGGCTGAAGTAGGCTTTCAGTGCGGGGTTCTGATACTGTTTGCGGTTATTACCACCGCTTTGGCGGCACTCACCGTTCCCAAGCGCCGCTAAGGTTAAAATAGTCATGCCGCCAGTTGGCGTGCAAATTGCATATCCGCCGCTTTACTGGTAACATTTAATATATACTAAGCATAAATGCAGGGGTATTTAAAATGGATTCAGAAATTTTGCTTGAGGTAAAAGACCTCCACGTTGAGGTAGATGGCCGTGAGATACTCCACGGAGTTGACCTGGTACTGCCTGCCGGAGAAACCCATGTAATTTTCGGGCCTAACGGCAGCGGCAAAACTACTTTGCTGATGACTCTGATGGGCTTCCCCCGGTACAAGATAACCCAGGGACAGCTTATATTTAATGGCAAAGATATTACCCATGTCCCCATTGATGAGCGTGCCCGTTTAGGCATAGGCATAAGTTTTCAGCGCCCGCCGGTAGTTCGCGGGGTAAAACTGAGGGAAATGGTCAGGAGTTCGCTTCGGACTAAAGAAGACTCAGGCTTGATTGATGAGCTTGCCAAAAAAGCCCACATGACAGATTTTCTGGAAAGAGACGTAAACCACGGCTTTTCCGGGGTGAAATAAAGCGTTCCGAACTTTTGCAGTTACTGGCACAAGGGCCGGATATGGTGCTGCTTGATGAACCTGAATCCGGGGTGGATTTGGAAAATATTGCCCTTATCGGCAGCCTTATAAATGACCTGCTGGAGAAAAAACACCCTATCCGCGAACGTAAACGGGGTGGTCTGGTAATAACCCATACCGGGCATATTCTGGATTATGTAAACGCCCGTACCGGTTATGTGCTCTGCCACGGGCGCATAAATTGCACCGGTGACCCGCGGGATATGCTGGAAACTATAAAGCAGAACGGTTATCAGGAGTGTGTAGAATGTCCCCGAAAGATCTAAGGCCTAATCTGGCTGATAAAGCCGGTGCTGCTGTAAATAAAAAACCCGCCATCGGTGATGATATTTTATTAGAAAAATATACCGATAATACCGATGACCATAAATACGTAAATAAACCGTCTGAGCTTGGGGCTGAAGATAAATCCCGTATGCTTGAGTCAGGTGTAGTACTGGATGATCTTAAGGAGCGCAGCGGAACATTTATCCAGATGGATA
CP179927.1_gap25	748665	752507	3842	CGTCAACCCTGAAAAGACCTGCCTTGCCGCCGGCCTCTATAGCCATATTGGACATGGTAAAGCGGTTTTCCATGGAAAGGGCATCAATGGCCTCTCCGCAGAAATACATGGCAGAGTACAAAGCCCCGTCTACCCCTATCTGACCTATGGTGTATAAAATCAGGTCTTTGCCGCCAATCCATTTAGGCAGCTTACCCGTATAGTTAAATTTAATGGTGGGGGGACTTTCATCCAAACCTCACCGGTGGCCATGGCGGCGGCTATATCGGTTGAGCCCATGCCGGTAGTAAAAGCGCCCAGTGCCCCGTAAGTGCAGGTATGGGAGTCAGCGCCTACCACAATATCCCCCGGCAGTACCAGACCCTGCTCGTGCAGGATTACATGCTCAACACCCATTTTGCCGCATTCAAAAAAGAGTATACCCTGCTCACGGGCAAACTCACGCACCATTTTTACCTGTTCGGCAGATGCAATGTCCTTGTTGGGTACAAAATGGTCAGGCACAAAAACTATCTTTTTGGGGTCAAATACTTTGCTGACCCCAATCTTCTTAAACTCTTTTACGGCTATAGGTGCGGTAATGTCGTTAGCCAGCACCAGGTCTACCTTGGCGTTTATAAAATCACCCGGGCTGACCTGAGTTTTGCCGCTGTGGGCGGCCAGTATTTTTTCAACTAAGTTCATCATAACCTCTCCAAGAATATCTAACGGAATTTTACCCGGTCAATAAGTAATATAAGCAGTATCACACCGGTACCGACGGCGGATAAAAAGTACATACCCGCACCGGATGCCAGGCCTATACCGGCAACAGCCCAGATAGTGGCGGCAGTGGTTAGCCCCTCAACATGTCCCTCTGTCTGGCGGAGTATAGCCCCTGCACCCAGAAAGCCCACCCCGGTAACTATACCGGCGGCTATCCGGCTGATATCCGTTTCCGCAAAACCGTATATGGATACCAGGGTTATCAGGCAGGAACCCACGCAAATAAGGGTATTGGTACGCAGCCCGGCTGCCTTACCTGAGCGTTCCCGTTCATAACCAATAATCCCGCCCAACACCACGGCCAGCAGAATGCGAAACAGCATTTCCACTTCTATCGGCATGGCATGTCGCTCCTTTTAAGATGCGTTCTTGACCCTGAGCAAACGGTTTAAGGCGTTCATATAAGCCTTGGCGCTGGCTACTATTATATCGGTATCAGAGCCGCGTCCGGTATATGTTACCCCGTCACTCTCAATCCGGATAAGCACTTCACCCAGTGCGTCAATGCCGGCCGTAACAGACTTAACCGAAAATTCAGTCAGTTTGTTAGGTACATTTACTATCCGGTTTATGGCCTTGTAAACAGCATCTACCGGCCCGCTGCCCAAAGCGGCATCTTCTGCTGCCCCGCCGTTCGGGGTGGTTAGTCTGACGGCAGCAGTGGGTATGCCCCGGTCTCCGGAGGTAACCTGTATCCTGTCCAGATGATAAAGCTCAACTGTAGTCCGCAGTTCCTCGGCAACCAGCGCTTCTATATCCCGGTCAGTCACGTCCTTCTTTTTATCGGCCAAATCTTTAAAGGCCTTGAATGCGCGGTCAAAATCCTCTTCGTTCAGGTCAAAGCCCAGCTCTGTCAGGTGCTGTTTGAAGGCATGGCGGCCGGAAAGTTTGCCCAGCACCAGACTGGAAGCCTGAATACCCACTTCTTTGGGGTCCATAATCTCAAAAGTTTTAGCCATTTTAATAACGCCGTCCTGATGGATACCAGACTGGTGGCGGAAAGCGTTTTCACCCACCACAGCCTTGTTGGGCTGGATAGCAAAACCGGTCAGAGCGCTGACCAGGCGGCTGCTGCGGTATATTTCCTGGGTGTTTATACCTGTTTCAAAATTGAAAAAGTCACTCCGGGTGCGCAGCGCCATCACTACTTCTTCCAGTGCGGCATTGCCGGCACGCTCGCCTATGCCGTTCAGGGTGCATTCCACCTGTCTGGCACCGTTTTTAACCGCAGCCAGCGAATTGGCTGTGCCCATGCCCAAATCATCGTGGCAGTGTACGCTTATTACCGCTTTGTTTATATTAGGCACATTCTGGCGGATACCCTTTATGAGTTCGCCGAATTCACTGGGAATAGCGTAACCCACCGTATCAGGTATATTCAGGGTGGTAGCCCCGGCATCTATAACTGCTTCCAGCAGTTTATACAGAAACTCCGGGTCAGAGCGGCTGGCATCCATCGGGGAAAACTCTATATCATCAGTATAGCTTTTGGCTCTGGCAACCATAGTGCGCGCCAGCTCCATTACTTCTTCACGGCTCTTTTTTATCTGGTGAACCATGTGTATTTCAGATGAAGAAATAAACACATGAATTCGGGGGTGGGCAGCTTCTTTCAAAGCCTCCCAGGCACGGTCAATGTCAGCCGGTATAGCTCTGGCCAGACCGCAGATGACAGGGGTACGTACTTCCTGGGCTATCAGCTTTACCGCTTCAAAATCACCGGGAGAGGTGATGGGAAAACCTGCTTCAATGATATCCACCCCCAGTTTTTCCAGCTGCCGGGCTATCTCCAGTTTTTCCTGTGCATTCAAAGAGGCACCGGCAGCCTGTTCTCCATCTCTGAGGGTGGTATCAAAAATCTTTATTTTGTCCATGACAAAAATCCTTTCTGAAAGAAAATTACTCTATATTTAGCATTATAACCGGATACCCCTCTTCGTCCAGAAAGAGGGGCTGCTAAGGATGAGAAGTTTTCCTTCAGCCAGGCTGTGATACAGTCCGCTTATATTATTTGGAATGTAATCTGTCATGGTTATTTTTAAATGCCCTTTACTTTTTCTTTTTCAGCCAGCTCATCATAGAGCGCAGTTCGGCACCCACTTCTTCAATAAGGTGCTCAGACTCCATGCGGCGGAGGGAATTATAAACAGGGCGTCCGGCCTGATTTTCCAGTATCCATTCCTTGGCAAAGCTGCCATCCTGAATCTCGCCCAGTATCTCACCCATAGTTTCATAGGTTTCTTCGTTGATAACTCTGGGACCGCGGGTGAAGTCACCGTATTTGGCGGTGTCAGAAATGGAATCACGCATATAGGCAATACCGCCCTGATACATCAGGTCTACAATCAGCTTGAGCTCATGCAGACATTCAAAATAAGCTACTTCGGGCTGGTATCCGGCTTCCACCAGGGTTTCAAAACCGGCTTTGACCAATGAGGTAGTGCCGCCGCACAAAACGGCCTGCTCGCCGAAAAGGTCAGTTTCGGTTTCTTCGGCAAAAGTGGTTTCCAGCACGCCGGCACGGTTAGAGCCGATACCCTTGGCATAAGCCAGAGCTATTTCTTTTGCCTTGCCGCTGGCGTCCTGTTCAACTGCAATAAGAGAAGGAGCGCCCGCACCCTCGGTGAAGACCTGTCTCAGCATATAGCCGGGGCATTTGGGGGCAATCATAGTCACGTCTACAAAAGACGGGGGGACTATCTGCCCGTAATGAATATTGAAGCCATGGGCAAACATCAGCATTTTGCCGGGTGTTAACCCCTGTTCCACCGAATCTTTATAAATTTTGGCCTGAGATGTATCCGGGGCCAGCATCATGATAATATCGGCTTTTTTAGCCATTTCGGCTACGCACATTACCTCAAAACCGTCAGCGGTGGCTTTTTCCAGCCGCGTCCGCCTTCAACGCAGGCCACAATAACCTTCAGGCCAGAATCACGCAGGTTCTGGGCATGGGCATGACCCTGGGCACCATAACCGACAATACCGATAATTTTCTTTTCAATAAGGCTTAAGTCACAGTCCTTATCGTAATATATAACAGCCATCTTTCCTCCTAGAGCTTTTTACTCTTTTGT
CP179927.1_gap26	900750	901396	646	CGTGTTTCCAAGAAAATAGGAGTTGGCTGACATGAATATGGATAAAGAATCACAGAAAAAGTTATGGCTGAGAATTTGGAAGGAGACGTTTTTCATTAGCCTGCAAGGGATAACGATATGAAAGTCGCGTTATATGCCAGGGTAAGCACTGTTGATAAGAACCAGAATCCGGAAGTCCAGCTGGCCGAGCTCCGTGAATATTGCCGGCGGCAGGACTGGGAAATATCTGAAGAGTATATAGATCTGGCTTCTGCCAGTGACTTCGTCCACCGGAAATCCTGGGCGCGGGCCATGGAAGACGCTGCCAAGCGAAAGTATAAAGCCCTGGTGGTCTGGAAAATGGATCGGGCTTTCAGGGATATAGAGATGGCCTGGCGGACCGTAAAGATTTTACGGGGTTATGGTATCGATATGGTTTTTATGACCCAGCCGGAGCTCAATGTCGCCGGTCCGGCCGGAGACCTTATCTTTACCATCTATGCAGGGTTTGCCCAGTTTGAAAGAGACATCATCCGAGAGCGGTCAATGGCGGGGATGTTACATGCAAAAAAGTGCGGCACTAAGTCGGGTAATCCAATCGGCAAGCCCCGCATAGATATTGGCATCACAAAAGTTTGTAAAGCCTATCAGCTAGGCGGTAGGAAGT
CP179927.1_gap27	914755	917166	2411	CTTTGAAAAACAGGATCGTTTTACCGCCATGGTAAGTAAACTGGGCGGAGAGCTTGATCTTGGTATTGGTGCCAAAGCCCCTTCTCTGGCAGATCTGTATAAGCTAAAGGCTCGTGGTATCTACAATACAGTACGGGATATCTTTATCCCTAACCTGCAGAAAAAAATCAATTATGAAGCCTTAGCCAAGTCCAACCCGGAGCTTACTGTCAAGATTGAGAAGGTCTTTACTGCTGACGCGGATACTCAAAAAGCTTTACTGGCTGAGATACGGGAGAAATCTCCTAAACTGGCTGATAAACTGGAAGATCTGCTTTCTGAACGGAATATGTCTAACGCAGCCCGTTTAGAAGCTGCCCGGCAAATAGCACCTGATTTAATACCTGAGGTAAGGGAGTTACTGCGTTCCGAACAGCGGTCTATGTCTGCTGCCCGTATAGCTGCCATGACAGCCGGACGGGATGGGCGAGCCAGTGCTCTTGTCATAGCTGGTAGGCTTGCTAAAGTGGCTGCGATGGAGAAAGTCCGTCTTGAAGAAGAAATAAACCGCCGTGCTAAGCTGATAGAAAAAGAGCTGCGCAAGTTACCGGTACGTATGCCTGGTTTTGGTAATATGAGCAAAACGAGAATCACCGCTAAAACACTGGAAAGGAAACTGCGCACAGGCGGAGGCGATTATGTTAGCCTGCGCAGCCGAATACCTCCATCCAGAGGGGAAAGGGTGCCACCACCGAGGGTTCCTACCACTAATCCACCAGATAATTCCTTGCCTAGAGCTGAACCATCTCGTATTAAACCGCCAGATTTTAACTACAAAGGCGGCAAAGAGCACACGGATAGCCAGAAAGACAGTGATACCCGTAAACCAAGACTAAAAAGTGGCGATGTGGCATGGAAACAGGGGGAACTGGGCACCGGTGATGATAAACGCCCAGTCTGGATAATAAAACGTGCCAATGGCACTCATGAATATGTTTTCCGTCCGCCGGAAGGGGCTACCCGGTTGGAAGGTACTCCTGAGGAAACATTCTTTACGCGGGGGAAAAAACCGCCTACCAATCTTACTCAAAAAATGGGTGTTACTACAGCTAAGATAAATTTGAAGGATAATCCTGAAATTAAGTTTGTCCAGACTAAGGCGCCTAAGTTTAAGCCATATATCCCGAAGAGTGTCCGGCGGTCTATAGGCATGTGACAAAGTGTCACAAATATTCCCGGATATAAGAAAAGGCCGAGTGCTTTACTCGGCCTTTTATACTTCCTCATTTTTTATTACCAAACATGCCCTTCCTTAAGGGCAGAATCATCTGGGATTTTAAGAATCTGGCTTATATCATGCTGGGCTACCTCATATCCATTATGAAATGTCGCAGATAATTCATCCAGCTCCGACATGGTTGTGTCCGCCCTTATTTCGCCCTTAGCAATATCATCGTAAAACTGGTCGATATAATCTTTAGTGGCATTGGCAGATAACCAACCTTGAGGGTTTTGGTTAAATCCCTTTTTAAGTGTCTGTGATATTCCTTTCTCATGCAATAAAAATGAAATATATTCGGGACGAACAGGGTCATTGGCTTGGTACGGGCATTGGTTTTCTTTTTCTATTCGAGTAACCATATTCTTTACTCCTAAACATATTATACTTTATTTAACTTAGTTTACACATTTACACACTAGTTGTCAACTATTTTTATTATTGTATAAATACGTCAATATTGGTAATATATTGATATATGAAAACGTTGAAAGAACTAAGACTAGACAGACTGATAACTCAAACTGAACTGGCTAAATTAGCTAACCTAAGTCGAGCGTATATTAGTCAAATAGAAAAAGGACAGCAAAAACCCTCCGAATTAACAATTCGTAAGATTTCTAAGGCGCTCGAAATCAATCCAGAGGAAATTGAATTCTAATGAAGTTCGAGTGGGATACCCGAACCAGAACTTGGATTGGATACTTCTTTATCGTATTGGCGCTTGGAATCCCTACTTTTGGACCCGGTTGGAATGATGATTCATGGTTGGCTGTGCTAATCCTAGCCTCACCAGGTATTGCATTAGTTGCTTATAACCTTATTAAATACGGCCAGCTTCGTGATTATTACTGGCTATGGTGTATGGAAACAGACGAATTCTTCGGCCCGTTCAATAACGATATTGAAATGAAACGTTTCCAGCCACCACATTATCTGCCTGGCGGTTGGCAAATCTTCTGGATACCGGCCAAAGACCCTCTCCAAGCTACCAAAATCATCCGCAAGTGGGTTAAAGATGCAGAGAAAGTTCTGCGTAAAGACCCCGAATATAAAGACAGAATGCCCAAATAAGAGGAAAGCACTAAGGGAACATCGATTGGATAAATTCTGGAGTCAAGCTGAGCTAGCTAAGCAAGCAGGTATCGGAGCA
CP179927.1_gap28	982218	984853	2635	GGCATCTGCAATGCCATATGCGCGACAAAAGGCACCGATAATACCAGGTTTGGAAAGCGGATCTGCCTGTTCAGATAATCCATGCTGTACAACTTCCGATTGCCGGGAGGACACCGGCCACGCGCATAGCTCGCCATGCATGGAACGGCGCCATAGACAAAACCCAAACCATCCTTGATAAGAAACTTTAGGAGAATTCCAATGCCTGACATATTTTCCGATGAAATAAGAACATTGAAACGCACACATATGGAAGAACTTAAGAATTCTTCCATATCCCTTGACGTCATAAAAGAGCGCGGTTATATAACTGAGATGGGTTCAAAGAAGCTCAAAGAGGCAGGGTTTAACAAAACCCAACAATGTTTATCCCCGGGCATCCTTATCCCGCTTCATAGTGTAGACGGCAAGATATATTGCCACCAACTTAAACCGGACCACCCGCGTGAGGATAAAAAGAGCGGCAAGAAGCGCAAGTATGAGAACCCCGCCAGCTCCAAGATCCGCCTTGACGTCCCGCCCAGGTGCCGCAAGAACTTAAGCAATCCGGCTATCCCCATCTGGTTCACCGAAGGAATCAAAAAGGTGGATTGCCTTGCTTCTCAAGGTGTCTGCGCAGTGGGTTTAACCGGGGTGTGGGGATTTAAGGGTCGAAATGAGTTTGGCCAGAGTACTTTCCTTGCAGACTTTGACTACATCGCACTTAAAGGAAGGCATGTTTATCTTGTCTTTGATTCTGATTACACCACCAAGCCCCAGGTAAGAGCTGCGCTGGACCGCTTTAGCGAACACCTTAAACGCAAAGAAGCACATGTCCATATTATCCAACTCCCGCAAATAGGCGATGATAAATGCGGAGTTGATGATTATATTGCCTCAGGCCATACGATAGAAGAGCTTAAAACCTTAGAGGTTAAAGAGTATGAAGACAAAAAAGAAGAGACTCTCTATCGCAAGTCAGGCGGCAAGTTCAAGCTTGAGGGTGGATCTATCTGCTCTGTTAAGTGGGATCGTGATGGCGGGGAAGATATAACCCCTCTTTGCAATTTCAATGCTTCCATAAAAGAAGTCATTATCAAAGATGACGGCGCTGATCAGGCGGGATACTTCAAAGTCTCAGGTATAAATAAAGACGGATGCCATTTGCCTACCGCTGAAGTACCTCTCAAAAGCTTTAACTCTATGAACTGGGTGACCGAAGCCTGGAACCTCCGGGCTATTATCCGCTCAGAGAACAATACAGAGCGTAAACTACGCGAGGCAATCATGCTGCAGAGTGAAGATGCCCCGGTACGCAATGTTTTTACCCACATAGGCTGGAGGCAAGTCGATGACAAACAGGTTTACTTAAGCTCAAACGGCGGATTGGGGATAGATAATGCCGAGGTAGAGCTGGACCAACAACTTGGCAGGTACTACATCCCCCAACCTTCGGGTGAAGCTAAAGAAGCAATGAAGCACAGCCTCGATATGATTGACGTGAGTCGAAGGCGGGAAGTTACCTTGCCGTTATGGGCTTCGATGTTTCTTTCTCCTCTTGCCGATATTATCCACCCTTCTTTTACCCTCTGGTATGTCGGGGCTTCAGGCAGTTTTAAGTCTACCCTCACCAGTTTGGCCCTTTGCCACTTCGGAGACTTTGATTCCCGGCATATCCCTGCTTCTTGGGTTGATACCGATAATGCTTTAGAAAAGCTGATGTTCTTATGCAAGGATGCCCCTCTTCTTATTGATGACTGGGCACCGGGGCAGGACGCGGGAAAAGCCCGCCAGCTGGAAACAAGAGCGGAGCGTATTGTCAGGGCCCAGGGCAACCGCCAGGGCAAAGGGCGCTTAAGATCTGATACATCTGCCCGCCCGAGCTATATTCCCCGCGGTATGCTCATTACATCAGGGGAGCAACTGCCTTCCGGCCACAGCCACACTGCCAGGCTCTACACGGTAGAGCTGGAACGTGAGGATATAGATATCAATAACTTAACTACCGCGCAGCAAAACACCCCGTATTATCGCCAGGCAATGGCCCACTACTTAACTTGGCTTTCAGGTAAATGGGATTCTATTAAGAAATCCATCCCGGATGATTTTTTGGCGTTAAGGGGTCAAGTTATGAATAAAGGCCTTCATGCACGGTTGCCTGAGGTTATTGCTCTACTTTGCTTAGGGCTTAAGTATGGGCTTGATTTTGCAGTGGAATGCGGAGCCCTCACCCTTGAGGAGTCTAACGAGGTTTGGGAAGAAGGGATGAGTGCATTTATTTCACAAGCAACAGACCAAGGATCTAGAGTTGAAGAAGAGCGGCCGGCAAAACGTTTTATTGAGATACTTAATTCACTAAAAGAATCAGGATCCGCGATACTTGGCGATAGGAATGATGACTGTATAAGGCAAGTGGGCCCGGCACAAACACTGGTTGGGTGGAATGATCAGCAAAACGGACATGTCCTTATACTTGGCCAAACTGCATATAAAGCGGTTAAAGATCATTGCCGTCGCACTGATGAACCCTACACTATCAAATACAATGCGGTTATAAAAGATTTGAGAAGAATGGGGTATATAGACTGCCCCAGTCAAAAAATAGCTACTCATAATGTCTGTATAGCCAATGGGCAAAAAAGAGTACTCAAGCTTA
CP179927.1_gap29	1013851	1015979	2128	ATATCCCGCACCTCTTCACCCGGTAGTTTGGCTTGGTAAATTTATATCCTTTCTTAATCGCTTCAGTCCTTCACACAGTCCTAAAATCCAGTTTATTTACGGGGCATTTCTAAGCATACTGACCGTGAGTATATCTTTTGCAGCCGTATTTTTCATTCTGGGGTATCTCAAAGCTTTTAATACCCTGCTTTATATAATGGCGGGAGGGCTTATGCTTAAACCCGCCTTTTGCCTGCGCAAGCAATGGACAATAGCCTTGAAAATAAAAAAACTGCTGGGGAATAATAGCAACAGTGTACCCCCCAAAGAATTGGAAACACTGATAGGTACAGTCCCGCATACCCAAGAAGGCCTCAGCCGCAAAGACATTATTTCCGCTTCCATACGTTCCATTTCGGAAAATGCCAGCGATTTTTTTGTAGCTCCCCTCTTTTACTTTATATTTTTGGGCGTACCCGGGGCTTTTGCCTACCGGGCTATAAATACACTGGACAGCATGATAGGTTATCATGGCCAGTACGAATACTTGGGGAAATTTGCCGCCCGGCTGGATGACGCAGCTAATCTTGTCCCAGCCCGCCTGACCGCCCTGCTTTTTGTAATAGGAGCATTTATTCTTCGGCAAAACCCCAAACGGGCACTGCACTCTGCCTTAGCAGACCATGCCAGAACTACCTCCCCTAACGCAGGCTGGCCTATGGCTGCCATGGCCGGAGCAATTGGTATTTCGCTGGAAAAGGCTAACTGCTACACTATAGGTAAGCCGCTTCACCCGCTAAGTGACACAGACCTGAGTGTTGCCGTCAGGCTGTATAAAGCCAGTATGTTCATCTGGGCAGGTGTATGCATAGCCATTGCCTGGATATAAATAACAATGGTCTGAATATTTGCAGGAGTTGAAAAGTGAATGATACCCCACAAACGGCTAAGTACCATACAGGTCTTGTTCAGATATTTACCGGAGACGGCCGGGGCAAAACCTCGGCAGCCCTGGGTACAGTTATGCGGGCATCCGGTTACGGACTAAAGGCCTACATAGTCTTTTTCTTAAAGGGCCTTCACGCAGGCGGCGAATACAATTCGCTGAAGCGGCTGCCGGGGATAGATTACGCTATTTTCGGCCGGAGTGATTTTATGGGGCCGCAGTATACCACTCAGGCAGATTTGGACTACGCCCGACAGGCCTTAGCGGAAGCAAAGAAGGTGATTTCAAGCGGTGAATATGATGTAGTCATGCTGGACGAAATAAACACCGCCTCTGCCTGGAAGCTTATAAATGTAGAAGATGTGATTGAACTGGTAAAATCCAAACCGGAAAAAGTGGAACTGATACTCACCGGACGCCATGCGGATACCCGCCTGGTAGTGCTGGCAGACCAGGTAACCGAATTGGTGAACCGTAAACACCCCTTTGAAAAAGGAGTGGATGCAAGACAGGGGATAGATTACTAATGACTGAAACTTTTAAAGTAGCCATGCTGCATATAGAGCCCAAAACCGCAGATATTGAAGCCAACCGTACCCTAATCTCAAATTCCCTCCGCAAAGCCGCTCTGGCCGGGGTAAAATGGGTGCTGACCCCCGAAATGGCCGTTTCAGGCTATTTTTTTGAAGAAGTCATAGGCACAAAATGGATATCCCCCCAACCCGACCGGTGGCTGACAGAAATAATGGAGTTATGTAAATCTCTGGATATAGGGATATTTCTCTCCTACCCGGAAAGAGAGCTCTCCAGCGGTAAATGCTATAACTGCTTGTTTGCCATAAACCGTAAAGGTGAACTGGCAGGTAAACACGCTAAAATAGAAGTACACCCCGGCGCGGAGGAAGGCTGGTCAAGCCCCGGAAACAGCCTTTCAGTCTTTGATATGGACGGGTGCAAGCTGGGTATGCTTATCTGTGCGGACACTTATGACGGCAAACATGCCAAAATACTTGCCGGGCAGGGTGCAAAGCTTATTATTGCGGCGGCAGCCTGGGGCAGTAAATACCCGCCGGAGGAGCGCTGGAAGAAACGCACGGTTGAAACAGGCCTGCCCCTCTGGGTGTGCAACCGTACAGGCCGGGAAAAGCAGGTTGATTTCACTCAGGCCAGAAGCGTGGTAGTTGAAGACGGGGTTGAAAAGCT
CP179927.1_gap30	1066268	1068626	2358	CGCGAAGAAGGAGTGGAATCCATACTGGTAAACTCCAACCCGGCTACTATTATGACTGACGAAAATGTTGCGGACAGGGTGTATATTGAACCCCTGACCGTTGAATCTATAACCAAAATCATTGAAAAAGAACGGCCTGATGGTTTGCTGCCTACTTTGGGCGGGCAGACCGGGCTTAACCTGGCGGTAGACCTGGCAGATGCGGGCGTGCTTGCCAAGTACAATGTCCGTTCCCTGGGCACTCCCATAAATACCATCCGCACTGCCGAAGACCGCGAACTTTTTAAAGAACTGCTGGCCAAGATAGGCGAACCTGTTCCCCCTTCTGAGACAGTAACCACCGCCGAAGACGCACTCAAAGTCGCCCGTGAAATAGGTCTGCCGGTGGTAATACGCCCGGCGTATACCTTAGGCGGTACAGGCGGCGGTTTCGCCAATAACTGGGATGAGGTAGAGGAGGTAGCTCAAACAGGACTAAATGCCTCACCCATCCACCAGATACTGGTGGAAAAATCGGTTGCCGGCTGGAAGGAAATTGAATACGAAGTAATGCGTGACGGGGCGGACAACTGCATTACCATATGCAACATGGAAAACTTTGACCCCATGGGAGTCCATACCGGAGACAGCATTGTAGTTGTCCCGGTGCAAACCCTTACCAACAAAGAATCCCAGATGCTGCGCACCGCTTCCATCAAGATAATACGGGCGCTGGGTATTGAAGGAGGCTGTAACGTACAGCTTTCTTTAAACCCGAACGGCAATGAATATTATGTAATTGAGGTTAATCCCAGAGTATCCCGTTCATCAGCCCTGGCCAGCAAGGCTACCGGCTACCCCATTGCCAGAGTGGCATCCAAGATAGCCATTGGCAAACGGCTGGACGAAATACCAAACGCGGTTACCGGCAAGACTCTGGCCTGCTTTGAGCCTGCGGTAGATTATATAGTAGCCAAAATCCCCCGCTTCCCCTTTGACAAGTTTGCACTCGGTGACCGCGGACTTGGCACCCAGATGAAAGCCACCGGCGAAGTAATGGCCATTGACCGCAGCTTTGAAGCGGCTATCCACAAATCTATCCGCTCTCTGGAATTCGGCAAGAAAACCATACTCTGGGAAGACCGAAGCTGGATAATGGGAGATGACCTTTCCACCTACCCCCTGCACGCCCATGATACCCGCTTATGGGCAATACTGGCCGCTCTGCGCCGCGGGCATACACCCGAAGCTATCCACGAAAAAACCAAGATAGACAACTGGTTTTTATACAAACTTAAAAACATTACCGATATGGAAAAACGCCTGCTTAAGGAAAACCTGACCCCGGAGCTGATGCTTCAAGCCAAAAAACTGGGTTTTTCTGATGAAGAAATAGCCACCCTGTCAGGCAAACTGGCCGAACAGATACGCCAGATGCGCCTGGAGTGGAATATAAAACCGGTGTTTAAAATGGTAGACACCTGTGCCGCCGAATTTGATGCCGCCACCCCTTACTTCTACTCTACTTATGACGAGGAAAATGAGGCTCTGCCTGAGAATATTAAAAAGGCCGTAGTTATAGGTTCAGGTCCTATCCGCATAGGCCAGGGTATAGAGTTTGACTATTGCTCGGTGCATGCCGCCTGGGCTTTGGAAAAGGCCGGCTTGCAGAGCATTATGATAAACTCCAACCCCGAAACGGTGTCTACAGATTTTGATACCTCAAACCGCCTTTATTTTGAATCTCTGGACGAAGAGAGTGTCCGGGATATACTGGAAAATGAAAACATCTCCGCCCCCGAATCCACCCCCAGCATTGTCCAGTTCGGCGGGCAGACAGCTATAAATCTGGCCTCACCCCTTACCCGCAGCGGCAACCCCATTATCGGCTCATCAGCCGAAGCTATAGATTTAGCCGAAGACCGCCGCCGCTTTGAACGGCTGCTTTCGGAAATGGGTATACCCCAGGCACCGGGTGCCGGTATAACCACTCTGGACGAAGCCCTGAGCATAGCTGAAAGCATTGGCTACCCGGTGGTAGTCCGCCCAAGTTACGTACTGGGGGGACGGGCGATGGAAATAGTCAGTGACGCATCTGACCTGATACGTTATATGAGTGCCGCCATAGAGCTGAATACCGGACACCCCATTTTGATAGACAAATATCTGGTGGGCAAGGAAGTGGAAGTTGACGCCATTGCAGACGGGGAAACCGTGTTTATCCCCGGCGTTATGGAGCATATTGAACGGGCCGGCGTCCACAGCGGGGACTCTATGGCAGTCTATCCCACCCAGAACCTGAATGCCCATGACCTGGCCACCATTTCGGACTATACCATACGCATAGGCAAAGCCCTGAACGTACGCGGTCTGATGAAT
CP179927.1_gap31	1100454	1105351	4897	CTTGAGTCCGTCAAAGAAGAGGTAGCAGATATTATGATATATCTGTTGTATATATGCGACAGTCTAAATATTGATATAACTTAACCTGCCCCCATTAATTGTACCAATTGTTAAGTTAGTACAGCGCTCATTACGGCCTCTGGAGCCGGTGGTCTGTAACCCAATGCGCTGTGCGGGCGTATTTGATTGTAGTCCTTCCTCCATTCTTCAATCAATACTTTTGCCTCGGTAAGGGTAAAAAATATTTCCCGGTTGAGCAGTTCATCTCTCAGTTTCCCGTTGAATGATTCTATGTAACCGTTCTCCCAGGGGCTTCCCGGCTCAATGAACAAAGTATTTACACCGATCCTATTCAGCCATTTCCTGATTTGCTTGGCCGTGAATTCCGGGCCGTTGTCCGACCTGATGTTTTCCGGGATGCCTCTCAAGAGGAATAGCTCGAACAGCTTATCAATGACCTCCTGGGAGGTGATCCGCCGGCCAATCTTCATAGCCAGGCACTCGCGAGTGTACTCATCAATGATATTCAATATCCGGAACGCCCGGCCGTTTACCGTCCTCTCGGCCACGAAATCGTAGCTCCAAACATGATCCTTATGCTCGGGGCGCAACCTGATGCAGGAACCATCATTTAGCCATAGTCTACCGCGCTTGGGTTGCTTCTGGGGCACCTTCAGACCTTCCTTTCTCCAGATCCGTTCGACTCTTTTGTGATTCACTCTCCAACCAGCTATTCGCAAAATCGCCGTGATTCTTCGATACCCGTATCGTCCGTATTTGCTGGCCAGTTCAGTTATTCGTAGCGTAAGCTTCGCTTCGTCGTCAGTAATCGATTCTTTACGGCGCTGTGTTGATCTGGCTTGACCCAGCACCTGACAAGCCCGTCTTTCAGAGATTCCAAGGCTGATACGCACTTTGGCTATCACTTGTCGCCTTTGGGACGGGCTTAGGAGTTTCCCCGGGACGCCTCCTTCAATATGGCCTTATCGAGTGAAAGATCGGCCACAAGGCGCTTTAGCTGGACGTTTTCTTTTTCCAGGTCCTTAAGGCGCTTGGCCTGGTCGACGTTTAAGCCGCCATATTCCTTGCGCCATCGATAGTAGGTCTGATCGGTAACTCCAATCTTTCGGCAGGCGTCGGGCACCGTTGTGCCCTGATTCAGAATCAGCTCGGCTTCACGAAGCTTGTTGATGATCTGTTCCGCGGTAAAAGCTTTTCTAGGCATCTAGTCCCCTTTCTTTTCGGTCACAGTCTAACATTAAGACTGGACTCGTTTTAGGGGTCAGGTCACTGACCATAACGTGTAATTAGGTGAATAGGAATACACAAAAGCCCCAAAAGAGAATAATGGAATATCAATTTGTGCATAAGTCTTCAATCTTACCTGATAGGTATTTCCGGGTGCTAAGCTGACACTCAACGCTTCCGCTATAGAACCCCCATAATCATCATACGAACCACCCGTAGTCAAATCATAGACATCACTGTATGCAATTCTTGACCAAGCACCACTAACATACTGGTATACTTCGGCTGTTACTGTAAACGTAGCAGAAGAATTAAGTCCCCAGAAACATCTGCATATGAGAATCCATTAAACCTTATATAAGCTTGTTGAGACCCTCCAGATCCAGATACAGTGAAACTTTCACCTGTATATACCCAAACATTTCCTGCCCCTAACCATGTTCCAGAAATATCTAACTGGTTACGATTAAAGCCTACATCTGAGTTATAACTTACATCAATATCACCCGTATATGCAGTGGCAGCATCTCCTAATGTCGCAGAATAAATAGTGGTATCTACACCTTTGGTGACAGATACAGAACGGAGGCCTGGAGACTCGGCTTTTAGAGTTTTAGAATAGCTTAATTCACTTGATTTAGCATTCCACGCATTACAGACAACCATAACGATTTGATTATCAATTTTTTGTGCATCATTTTTAGACAGGCTACCAAAATAATCCATCAATGACTGTAATGTAGGCAAGTCTAGTTGGAATATCTCCGCCTTACTCATTCCCAACAAATCTTGATATGTAATTTGCTTTATTGCTTGAGCTGAAACATCAACTCCACCTGTCACTACTGAGGTTAAGAAGATAATCGAAAATAGAGTTGTTACTAATTTTCTCATGCTATCTCCCTTGTTTTTTGAATAATTTGAAAGTGATTCAGACCTCAAATTTATATATTTGACCTTGCATACTTACCTCCTTTTAAAGTAATTAGCTAAGTTTACAAACCTAATCTGAACTGAAAATGAATAGTTTAAGTACAATTAGATGAAAATGCCAGTACTTTAGTTAATTTGCGATTCAGCTTGGGTGTTATAATATATACTTATGAAACTGCTGTTAATCGAAGATGATGCCAATCTGGCAAAAGTCATTACTTCCGGCCTTGAAGAAAATGGATATGTAGTCAACTGGGAGTCCAATGGCAAACTTGGAGCTGAAATGGCTTTGGCCTATACCTTTGATGTCATCATCCTGGATATAATGCTGCCTGAACTTGATGGTTTCGCTGTATGCCATAAAATCCGCTCTAAGGGCAATCAAACCCCCATCATAATGCTGACCGCCAGATATCAGGAAGCTGACAGAGTAAGGGGGCTTAACTGCGGAGCGGATGACTACCTGGTGAAGCCTTTCAGCTTCCCCGAACTGCTTGCCCGCCTGAGAGCCTTGCTTAGACGGGCCAATAACCAGCATTCTCCCTCTATTAAGCTCAGGAAACTTACTTTAAACACAGTGGACAGAAGAGCTTTTTACGATGGCAGGGAAATAGAGCTTACGGCTAAAGAATACGGCATTCTTGAATATTTGGTACTGAACAAGAACTGTATAATTACCAAGAATATGATTGAAGAACATATTTGGGAATCTGAAAGTGACATTTTTTCTAATGTCATAGAGGTGTTAATCAGCCGTATCCGCAAGAAACTGGACAACAATAATAAAAACTCTCTTATAAAAACGGTAAAAGGGTTAGGGTATATTATTGAGGATAAATAGCCTGCGCACCAAGTCCGCCGTCTTTTTCGCCACCTCAATGCTCCTTTTATTAGTGGCTTATCTGGTTATAGCCGGGTATTCAAGCTATCAAAGGGCTATCTACTCAGCTCAGAGACTAATGGAAGTCGGCCCCGGATACTTAAGCGAACAAATTGCAACTGAAACCAACAAAGATATACCTATAGCTACAGGGATATCTATTCAAAATGTTCTGGAAGATTTTAACCCCTGGAAAATGTTTTAACCAGCAGTGGCGTAGATAATGTAAATCAATTACTTAGCAAGTATATATTAAGATACTATTGCTAAATAAAGGAGTATACCACTATGGTCAAACTTAGCAATGCATTGACAGGCGCCTGTGGTTTATATTACGCAGCTGCAGAACTTACTAGATTGGGTTATACCACTGCACTGACAACAAGAAACGCAAAGGGAATCGACATCTTAGCCTCAACCTGTGACGGGAAGAGATCCGTTCAGATCCAGGTTAAAACTAGTAATTGTAATCCTAGATATAAATTCATATTAAATAAAGATGCAGAAACACTGTACGCTAAAGATCTCTTTTATATATTTGTTCATCTGAACGGATTATCTACAACACCATATAAGCCAGCTACAAAACCAGATTATTACATTGTTCCAAGTAAAATAGTAGCAAATCATGTTAGGACAAGTCATGAGGAATGGTTAATGAAACTAGGGAGGAACGGACAAACTCATAAAGACACCCCCATGAGAACATTTATTGATCACAACGACGAATATCGTGAGAAATGGGAACTACTAGAGCAGTGAATTAACTTATTTTATGCTGACATACGCTTCAAAAGGCAGATATCCCCATGTTCGTGCAGTGGTGAGTACGTTCAAATCAAGGTAACCTTTGATGCTTACACCTTCCGGAGTAGCTGAAATTTTCAAATCCAGATAGGTGTAAGCATCTTTCTTTTCAGCGTTTGAGCAACTATCTAAACAGGGTACCACCTTAGCACAAAGTTCTTTAATGCTTTCCTGCATCTCCAGAGCCTTTGCCAGGTTTTCTTAAGCCTGGATAAGAACGCTGAGTATACTATGCATATCTTACTTTATGTTAAGATATGCCTTCGTTAATTACGATACTCTTTCATATTTGAAATAGTAGTACCAAGCAGTTCCTGAATGCGTAACCAAGAGAATTTTAAACGCAATTGCATCTTCGGGTTTTACTCCATCTATAGAGTAAATTACGGGATTAAGCCTGCCACCATCGTCCGGAGACGATAAGCTGCCAAGTTCATATTCAGCAGCAGTACTAGTTGCCGCATCATAAGTTCCTAAAGGATGTATATTAGTTAATACCTGCTGCTTAGCTACTAGTTTGCCTGTGTTAAGATATAAATGCCCCTGATAACTTATTTCCGAAGGCACTGGGGTTGCCCCCATAACGCTTCGCCACTATCGCACCCGGTAAAACTTAATGCGGAAAAAGTGAGTATACTAAGTATTCCCAATAAGGCTAATCTGTTTTTCATTTTAATCCCGCCCGCAATATAATATCGAGTAAACAAATAGCACCACTTCTGTATTGCCTGGATTATCCATGGCAAAAAACTGTCAGCAGCGCTGCATAATTCATTTACGCAGGATAAGATAAGCTATTGAACCCAGAGGGGGAGCAAAAAGGTAAAGATACCCCAGAATAGGTATGAGGACATCTGATAGCCACGTTTTTTGGCATCCCGCACAACAAGTATAGTGAACAAAACACTCATAACCAGCCACAAGAAAATTGGCGGGCTCAGCAAAATAGACCATATTTCATGCCAACCGAATACCGGCATTTTTTGATTCCTCCTGTTTATTTTTCAGAATGTAAGGCAGTATCTTAAG
CP179927.1_gap32	1112629	1116127	3498	CGAATCCCCCGTGACGGTTAATAATTTTGTATTTCTGGCTAAAGAAAACTACTACAACGGGGTAATCTTCCACCGCATAATGAAAGCTTTTATGATTCAGACCGGTGACCAGACCGGCACCGGCAGAGGCGGCCCGGGTTACCGCTTTGCTGATGAACTGCCGGTAAAACATTCGTATGACCCCGGTATAGTTGCCATGGCAAACGCCGGCCCCAATACCAACGGCAGCCAGTTCTTTATTTGTACCGGCGCACAGGCTAAAAACCTGGACTACCAGCCCAATTACACCCAGTTCGGCCGGGTGATTGAAGGAATGGATGTGATTACCAAGCTGGCGTCAGTACCGGTAGTAGCTAACAGTTATGGTGAGGTAAGCACCCCCTCCAATCCCCCCAAGATTATCAAGATAACTATAACCGAAGGCTAAAACAGCTTTAACTTAAACTAAATATAAACTAAAGGCGGCTTTTAAAAGAGCCGCCTTTTTATTAGTCCGGATAAACCTATTTCTGCATACCGCCGAAGTGTCCTTTCAGTTTATCCAGTTTCGGCTGGATAACAAAGCGGCAGTAAGGCTGATCTGAATGTGAGGCATAATACTGGCGGTGATAATCTTCGGCCGGGTAAAACTTTGTAAGGGGCAATACCCCGGTCACTATCCGCCCTGAAAAGACGGCGCTTTCGTCAAGTTTCTTGATAGTCTCCTCAGCCTGCACTTTCTGGGCAAGCGTAGTATAAAAAATAACCGAGCGGTACTGCGTGCCTATATCTTGCCCCTGGCGGTTTGGGGTAATAGGGTCATGCATTTGAAAAAAGACATCCAGCAAATCAGCATATGAAACCAGAGCCGTGTCAAATTCCAGCTTTACAACTTCGGCATGCCCGGTATCTCCAGCGCAGACTTGCTGATAAGTGGGATTCGGCAAAGTCCCCCCGGCGTATCCGGGTTCAACCTTGAGTACCCCCGAAAGACGGCTGAATACTGCCTCCATACACCAGAAACAGCCCCCGCCGAATACGGCTGTTTCAGTCATTTGCCGCCGCTCTCAGGCATAAACTTAATCGAAAGTGAATTTACACAGTGGCGGGTATTTTTGGGGGTAAAGCTTTCACCATTAAAGACATGACCCAGATGTCCGCCGCAGGCAGCACAAAGTATCTCAGTCCGCCGCCCGTCCGGGTCAGGCTGGCGTTTAACAGCTCCCGGCAGTTCATCATCAAAGCTTGGCCAGCCGCAGCCGGAGTGGAATTTGTCTTTGGCGGAATAAAGGGGCGCACCGCACCGGCGGCAAACATATGTGCCGTCTTTAAACAAATTCACATATTCGCCGCTGAAGGCCGGTTCAGTTCCTTTGCGGATTAACACCGCTTCTTCTTCGGGGCTTAATTTATTGTATTCCATATGTTTTATTCCTTTTGCTCCTTTATACTTTTAGCATAATAAGCCGCAGGACAAAACACAATACTTTTTTACTTAAAAAATTAACGGGGCTGACCCATCCAAGTACAGCCCCGTAACCCCCAGATTCAGAAACCTAATTCAGTTTTTTAAGCAAATCCGCCATATTTTTACCGAGCTGGATAAAGGTATTTTTGCCCTCTTCGTCTTTTTCAATATCACCCGGCGCTCCGCCCAGAGTCATATTCCAGTAAATAGAGCCCGGAACTATCATCTGGTTAATACCAAAGAAAAAGTTGATAGCCGAATAAACAAAGGTAGCGCCCGCCCGTCTGGCAGCCACCAGCGGCGCACCGACCTTACCCTTAAGGGCATGGTCATTAGCCCTGGCTACCATGCCTGCCCGGTCAATCAAGGCTTTTACCTCGGCATTTACATTGCTGAAATAAGTGGGTGAACCTATAATGATGCCGTCTGCCTCAAACATTTTAGCTATAAAAGCATTCATATCGTCATCATTACGGGCACAACGGAGATTTTTATTTATTTTGCACTGGCCGCAGGCCAGACAGCCGAATACCCTCTTGCCGCCCAGCTGAACAATCTCAGTCTGAATACCCTCTTTCTCCAGCTCAGCCAGAACCATTTCCAGCCCCCGGCGGGTATTGCCCTGCGCCCGCGGACTGCCGTTAAACGCCACCACTTTCATGTCTTACCCCCAAACATATTGATTACTATGTTAGCCCGGATACGTTTAAATCTGTTATAGTCTCTTAAACGTATACTATACTATCTACTATACCACTTAGCCTGAGAACACTGTCAAAACCGGCAAATATAGCTTTAACTTTTTTCACCGGATATTTTTTCAGACGCCAAACTAAACCTTGATTTAAAAAGGAAACCTGTTCCCAGGCATAAGAGAGCGAGCCTTTTAAGAGGAGGATTTTAGACTTCAGCCACTTTCACAGCTTGGCTTAACAGTTTTGGGAAATAGCTATTTTTTGGAAGCCTTTTTGGCAGCTGCCTGCCTGGCCTGTACAACCGAACGTTCTGCCCATTTAACAAACAGAACCTCATCTTCAAATACCTCCGGCGGCACTTCGTAATACGGCATAGGTTTGAACTGGCGGCTGCCGTATGAAAGGTAATCAGCCAGGTTGGTTTCTCCGGCCTTGAAGTACAAGCTATTTTCATCTGCCAGCAGCCCGAACATAAGCCCCTGGGAATAAATGCCATAGCCGCCAAACATAGCCCGGCTATCAACTCCGGGCAGGGCGGAAAGTTTATCCAAGACCAACTGGAGAAATTCTTTGGTGGCTCTCACCAGAGTATCCTTTCCGGCGGTCAGGCCTTTTCGTACAGCCCGCGAGCCTTGTTCTGCTGGACAATATTATAATACTCTTGGTCTACACTGACCCCTTTTTCCCTGCAGGACCCGCTCGGTCATCTCTACCGCATGATTCAAATCCAGGAACTGGTGCAGCCATTTCTGGTGGTCTTCGGGGTTAGCGGCGTAGGCCTGGGCAAATTCGGCATACTCTTCAGATATTTTTTTATACTGGTGGTCCAGGGTGAAGTTGCCCTTTACCCGGGGAAACTTGAATATCTCTTTAACCCGGTTAAAATGCCGCTGAAATATATACTTATCTACGTACCAGAAGACACAGGCCAGCACAAACTGGTTTAAAAGGAAGGCAGGAATAGTGGCAATGCCCAGTTTATCTGCAAATACAAACTGGATAAGGGCACCGGCAATGCCGGAAAGCAGCAACCAGCGGCCTATTACGTATACAAACCACTCTTTGGAAAACATCTGAACTCCCCTCCTTGCACACCTTTTACAAGCCAAAACCGGGTGATTTATTATAGCTCTAATCCGCAAAACTTACACTTAATCCCGGCGGATATGCCAGAATTTATACCTGCCAAAAAATGCCTTTCTCTCCCCGCCGCTAAACCCTTTACGGATACTTAAAATAAATGCCTGTCAGGTTTGGCTGTCTTTGACAAAAACCAGGCCTGATTATATACTATTTCGGTATATACCGAAATACTTTTTGGGAAGTGCAACCTTTGGACAATCTAGTCTTCAAAGC
CP179927.1_gap33	1117322	1121884	4562	AGTAGCGGCAGTGTTTATTGTCACTTCACTGGTAGGTACCTGCCTGCTGTACATACCCTTCAAAATAAACACCAACAAATAGCCCGGTAATCCGTCAGGATGCACCTTTGAGTGTAGCCGCCAGCGTTTGCCCCATATCCCGGGCAAGGCTGATAAGTTCAGCGTTGTCTTTGGCGTCTCCTTCACGGGCGGCATAACCGGTCAAAACCACCAGTTCATGGGCTTTTACTTTAAAGCTGCTGTCCAGATACTGCACCAGGGTATTCAGGGTATCATCCAACCCCTGCTCTTCGGCCAGTATCACCACCCCTACAGCTTTAAATTCCAATGATATATCATGTTTATACAGAAAATAATGGCGGTCTATAAAGGCTTTCAGCTGGGCAGTTACGTTGTAATAATAGACCGGAGTAGCCACAATAAGGCCGTCGGCTTCTGCCATGTCTTTAAAAATGGCATCCATATCATCGTGCTGGAGACACTTTTTGTATTCGGCGCAGTTATCGTGCCCCAGACAAGGCTTGATATTTGCCTGGGCAATGTCTATTCTCCCGGTCTCAATACCTGCCTTTTCCAGCTCGGAAAGAACTTCATCCAGCAGAAAGGCGGTGTTACCTTGCGGACGGGGACTACCCGATACGGCTAAAACCTTCATCTTAAACCCCTTATATAAAACAGATATATCATAATACCTTAAACTTTATAAACCGGCTATATATATTGACAAATAATCTGCTTCGGTTGATTATTATAGTGCCGTGGTTTACGAGGTGAATATGTATAGCAGTGTAGTTGAGCAGGCTTGGCAGAGGTGCGGCGGCAAATGCGAATGCAAAGACCAATCTCACGCCCACACTTATATCCGCTGTAACCGCAAGCTTGTTTATGAGAACAAAGACAAATCCCGTATTGACGGCTGGAAGGTAATTTACCTGACCGGCGCAGCCGCCGATACCGCCGAAAATATCCGCATTTACTGCCAGAGCTGTTTCAAACAGGACTAAGCTGACAAACCTGCCCTTTTGAAGTCAAAAGAGACCCCCGTTTTGCCCTGCCCGTTTTCGCCAAATTACGTACTCCCACTAATAGCAATCCCGCAGGATATAACATAAAATATATTTAGACACCCTGTCCTGCAAGGAGACTATTATGGGACACACCCATGAATGGGTAAAACAGGAAAGCGGGGTTTATACATGCCTTTGGTGCAAGCGCTCTATGACCAAAGATGACCTGTACCTGTGGCTGACCGGACAACGCAGCAGCCTTTCCCGGATTTGGCTGGATTCGCCGGTACGGGAAGAATTCTTGAACCTCCGCAAAGCTGTTAAGACCCATAACCATGTAAGCACTTAGTAACGCCCTGCCCCCGAACAGGGTAACTGACCCAAACCCGCCCTCATAACGGATTTGGAAAGCGGATATTGTGTATTTTGGCTTTCACCCTTCAGCCCAAACCTGCTTTAAAATCACTTCTCTTGACATATGTGTATTATAGGTTATTATACATATAATAATTTTAAATATTATCAGCCTGAATAATATCTGTCTGCAGCTTGGGAGGTGCGACCTTGATAGAGGTATATGAACTGCTGAAACTGGTAGTAGACAACGACGCCTCAGATTTACATATCAAAGCCCCTACCGCACCGGTACTGCGCATAAACGGGGATTTAATACGCCAGATGCAATACCCGCCTATTACTCCGGAAGATGCCGAACAAATTTTCACCGCTATCACTACCCCCACCAGCAGGAGATATTTGCCGCCGAAAATGAACTGGATTTTGTCTATTCGGTTACCAATCTGGCCCGCTTCCGGGTCAATGTACTCCGCCAGAGGGGTAGCCTGAGTCTGGCTTTCAGGGTAGTCCCCTTTGCTATCCGCAACATAGATGAACTTAAGCTGCCGGTTATCCTTAAAAACCTGATTATCCGCCCGCGCGGATTGCTGCTGGTTACCGGCCCTACCGGCAGCGGCAAATCCACCACCCAGGCCGCCATGATAGAGCACCTGAACAACTGCCGCCGGTGCAACGTGATTACTATTGAAGACCCTATAGAGTACCTGTTCCATGACAACGAGTGTATCATATCCCAGCGTGAGCTTGGGGGAGATACCCATTCCTTTGCAACGGCCTTAAAACACGCCCTCCGCCATGACCCTAATGTGATAGTCATAGGCGAAATGAGAGATTTGGAAACCATATCCACCGCCATTGCCGCCGCCGAAACAGGCCATCTGGTAATAGGCACCCTCCACACTACCGATGCCCCCCAGACAGTTGACCGGCTGATAGATATGTTCCCGCCCTCCCAGCAGCAGCAGATACGCCTCCAGCTTTCCCAGGTGCTGGAAGCCATTATCTCCCAGACCCTTATTCCCAGACTGGATAATAAAGGCCGGGTGGCCGCTTTTGAAATACTGATTGCCACCAATGCCGCCCGCAACCTTATCCGCGAAGGTAAAACATTTGAACTGCTGACCATAATGCAACTGGGCAAAAATGAAGGTATGCAAACACTGGATAATGAACTGACCCGCCTGGCAAAAGACGGGGTAATAAGCACCGAAAACGCTGTTTTAAAAAGCAGTAACCCCGAAAGACTGCGTAAGACCCTGTGCGGTGTGAACCGGGGGACTTAGAAACCCTGCTGACAGGCGGGTAAATTTCACCTTGCCCAGGTGCCTTTTTAAATTGCCCTCCGGCTTGGGAAGTGGTATATTCTAGTGCTATGAAAAGCAGTATAGATATTTTGCCTGACGGCAGCATTACCACACCCAAAGGTTTCAAAACCGGCGCTATTTATGCGGGTATCAAAAAGAAGTCCAAGAACAATCTGGATTTAACTATTTTGTACTCGGATACACCCTGCGTGGCCGCAGGCATATTCACTACCAACAAATTCCGGGCTGCCCCGGTCTATATTTCAGAACACAATCTGGGTTTCCCGGATAACCGGGCTATTGTAGTCAACAGCGGCTGTGCCAATGCCGGAACAGGTGAAGCCGGTATGGCAGATGCCATTGAGATGGTAAAGACTACGGCTGAAACCCTGAATATGCAGCCCAAAGATGTGCTGATAGCGTCTACCGGGGTTATCGGCCACCGCCTGCCCATGGATAAAATCAAAGAGAGTATCCGCCTGATAGGTCTTTCCCAACGCAACGGGCATGATTTTGCCCGGGCGATAATGACTACCGACACCCGCAGCAAGGAGATTGCAGTCCGGGTAAATATAGAAGGTTTCCAGTTTTACATAGCCGGAGCGGCCAAAGGGGCGGGCATGATTCACCCCAATATGGCTACCCTGCTGGGTTTTATAACCACAGATGCCTCCGTAAGCAAGGATTTTTTGCAGTTTGCCCTTAAAGAAGCGGCGGATATCAGCTTCAATATGATAACGGTAGACGGTGATACCTCTACCAATGACAGCCTCTTCATGCTGGCAAACGGCCAAGCCGAAAACCCCACCTTTGCCGGAGATACCGAATATTCGCTGGTATTCCAGCAGGCACTTAACATTGTCTGCCAGTCTCTGGCTAAGAGTGTTGCCCGGGACGGTGAAGGCGCTAAACGGCTGATTGAAATACAGGTGGAAGGCGCAGCCAGCCTGGAAGACGCCAGACTGATTGCCCGCGCGGTAGCCGGCTCACCGCTGGTGAAGACCGCTGTCCACGGGGCTGACCCCAACTGGGGACGGATACTGGCGGCCGCCGGACGGTCCGGAGCTGATTTTGATATAGAACGGGTGGACTTGTACCTTGGCGAAAGCCGGGTACTCCAAAAAGGCCAGCGCACAGGTGCAGACGAAAAAGAACTGTCTTCGTGGCTTAAACAGGTAGAAGTTATTATAAAACTGAACCTGAACCTGGGCGAAGGCAAAGCCACCGCCTGGGGTTGTGACCTTTCAGCCGAATACGTAAAAATAAACGCGGACTACACCACTTAAACTGAAATGAATGTATCCCAAGTGAGTAACCATATAGTTGTAATAAAGCTGGGGGTTCAGTCCTTAGTTCCAAGGACACCTCCCTGAAAGATATTGCCGCCCTAAAACAGATGGGGCTTAAACCGGTGCTTATCCACGGGGGTGCCAGCACCGTAAGTGACTGGTCTGCCAAGCTGGGGCTGGAAACACGCCTTGTTAACGGAGAACGGGTGACAGATGACCCTACTCTGGACGTAGTTGCCGCTGTTTTAACGGGGCTGGTGAATAAGGAAATTGTGGCCGCCCTGCTGGATATGGGCGTACAGGCCGCCGGTATATCCGGGGTGGACGGGGCTACCATAACCGGGCAAATGCGGGCAACCGAAACCGGCTATCTGGGAGATGTGACCGCAGTAAATACCGGGCTTATTAACGCCCTGCTGGATAAAGATATTACTCCGGTGATTTCACCGGTCAGCTTCCATCACACAAAACGCCCGTCCGGCAGCCGCCGTTTAATCAATATAAACGGAGACCCGGCCGCCGGAGAGATTGCAGCCGCCCTTCAGGCCGAACGGCTGGTCTTTATGACAGATGTACCGGCCGTAAAGGGCAAAAACGGAGAGGCA
CP179927.1_gap34	1150840	1152521	1681	CCTGCTGCAGGCTGGAAATATCTCCGCCCAGGCTGTTTAGTGAAGCCAGGCTTTGGGTCAAAGAATTTATTTGGGTTTCAGCCTGGCTAAGCTGGTCGGATTTTTGAAAAAGCATCAGGGTATTAAACCCGGTAACCACCACCAGAAGGGCAATAACTGACATACTTACCCAGCGAAATCTGGCACTTTCCACAGCTGCCTCCGTTAGTATAAATTCAAACCGGATACTCTATAATAACTCTTTCAAATGCCGAAATGTTAAAACGCCGGAAAATAATTTCCCGTTAGTGTCCAAAACTGGCTCTCTGGAAATAAAACAGGGGGCTGAAGAACAGCCCCCAGCCCCCGCTCCTGCGGTATTTTGCAGATTGTCACACTGACTTTTTAAAATACACCTCGGCTGCATCTGCAATAAAAGCGGCCAGTCCGGGATGAATTTTGTCAAAAAAGGCCCTGAACTCAGGGTCATCCCGGTAACCTCTGGCCAGGCCAAGCAAGCCTTCGTCAGTATACCGGGCAAAGTTTTCAAGCCATTTCTGCCATTTGGATATCAGCTCCTGAGCGATAGGATGGGCAGGGCCACCCGGTATATTCTCAGCCAGTTCTTCAAATATAGACTGCCCCTGTGCCTGAAGCTCTGCCATTTTGGTTTTACCCATTTTTACTACCATCTCTTCGGAACGCTGCACTGTCTCTTCGCCATAACGGCGGCGGGCTTCACGGCGGTAATAATCAATCTTCTCCTGAGGCAGACCCTGATAATATTCGTTTATTTCCATTTCTATTTTCCCTTCCAGACTGGATATAGTTTTCTGAATTGTATTTTGCAAATCTAAGAGCTGTTTTTCCCTGTCCTTTAGCAGACGGCTCTGGCGGCGCAGGTTTTCAAGCAGGCTGACAGCCGGGTCATCAACCAGCTTTTTTACCTCTTCCAGCGAAAACCCCAGCTCACGGTAAAAGAGTATCTGCTGAAGGCGCAAAGCTTCATCCCGGCCATACTGCCTGTATCCGGCAGCAGTATAACTGCGGGGTTTCAGCAGTCCGTGCACATCGTAAAAGCGCAGAGTGCGTATACTCACTCCGGCCATTTTGGCAAGTTCGCCCACTGTCAGCAGTTTTTCCATAACCCTATCATAAAGCATTACCTAAGGTAACGGTCAAGAGCCAAGACTAGTCTAACTTTAACCTTGCCATTTTCCGGCCCAGAGTTTAATATTTGTGTATCACCGCGGCTTAGAGGAGAGACAATGGAAAAAGCACTGCTGGAAATAGAAGAAAAAGCCCGTCTGGCCAAAGCCGCTTCCCGCCCTTTAAGCTATGCTTCATCCGCCCAAAAAGACGCCGCCCTTAAAAATATTGCCGCCTGCCTGCTTAATAACGCCCCGGCCATACTGGAAGCTAATTTGAAAGACCAGACCGAAGCTAAAGCGGCGGGTATGACTGCTGCCATGCTGGACCGCCTGATTATTACCCAGAGCCGGCTGGAAGGGATTGCCAAGGATACGCTGGCTATTGCCGCCCTGCCTGACCCGGTGGGTGAAATATTTGATATGAACACCATGCCAAACGGACTGGTGATAGGCAAAAAAGAGTGCCGCTGGGTGTTATTGCGGCTATTTATGAAAGCCGCCCCAATGTCACAGTGGATATTGCCGCTTTGTGCCTGAAAGCCGGAAATGCG
CP179927.1_gap35	1154554	1157723	3169	CCCGGTAGCTGCCCACCCGCTGGCTGCGTTTAAATAAAAGCACTTTGCCATTTTTTATAAGAAAAGCGGTTACCACCGGCTGGATATGGGACAGGTTATTCACCAAAGGTATCTTCCAGGTATTCCTTCAGTATCTCTAAAACAGCCATAGCCGCCTGATATTTTATTTCCTCACGGCTGCCCGTAAAACGGCGTTCAAATGCTTTGACACCCTCCGGGGTGGCTAAACCCAAATAAAAAAGCCCCACCGGCTTGGACGGGGTTTCACCCCCGGCCCGGCAATGCCGGTATCCGACAAACAAATATCGGCACCCAGCAACTGCCTGCCCCCGAAGCCATCTGGCAGGCGGTTTCGGCACTCACCGCACCCTGGCTTTCCAGCGTTCGGGTGGATACACCTAGAAGTTTTTGCTTGATACTGTTAGAGTAACTGGTGACCGAGCCCAGATAATAAGCCGAACAGCCGGGGATATTGGTAATGGCGTGTGAAACCAGCCCGCCGGTTGCGGATTCCGTAACGCCCAAACTGAGCTTGCACTTATTAAGCAGCCGGCCTATTTCCCCTGCCAGAAGAGTTAGTTTATAATCTGGGTTATCAATCATAGTATTATATTACCTTTTAGAGGGTTTAATATGCCAGCCAAAGAAAGCCCGTTTAGGGTAAATTTAAAAATATTGCCTTCTGCCCAGAGGAATGAGCTGACCGGGTATGAAAATGGTCTGCTGAAAATCAGGATAGCTGCCCAACCGGAAAAGGGCAAGGCCAACAAAGCCCTGGTAGACTACCTGAGCAACCTTTTAGATACCCCGAAATCAGAAATAGAAATATGCCGCGGGCTTAGCGGCAGAAACAAAGTGGTAGCCTTTTACTCACTTAGTCAGGCAGATTTTGAGGCAAAGATTTCGGCAATTTTGCGGGGGTCTTAGCGTTCACCTTCACCACCACTACTTCGGCGGCCTTTTTCCGGGATATCCGGCTGTTTTTAACAGGCAAATCTATAATAAACCGCGTTCCCTGCCCCAGCTTGCTTTCAAGCTGTATCTTGCCGTCATGTTCCATAATAATACCGTAACACACACTCAGTCCCAGCCCCGTACCCCGGCTGTCTTCCTTAGTGGTGAAAAACGGGTCAAATACCTTTTCCGCAATTTCAGGTGAAATACCCGGCCCGTTATCTTCTATTATCATGCGGATATAATTGCCCATATTCTGGGTCTTAATAAGCAGTCTGCCCCGCCCGTGAGCCTGATACATGGCCTGTTCGGCATTAAGTATCATATTAATCAACACCTGCTGTATCTTGTAAAAATCCAGCAAAGTAGCCGGCAGATTTTCCGCCAGTTCCAGTTCCACCACTATATTCTGCACAACCAGCTCGTATTCACGCAGTTCCACAGATTTACGGATAATTTCATTAAGTCCGCACAGCTTCTTTTCCTGCTGGTAGCTGCGGGCAAATGTGCGCAGGTTATCTATTACCTTGGCCGCCCTCAGTGCTTCCGTATGGATACGCTCAATATCCCGGTGCTGTTCTTCGCTGGTACATTTACGGGCCAGTCTTTCCGAAAAACCGAGAATACTGGTAAGCGGGCTGTTTATTTCATGAGCTACTCCGGCTGTGAGCGCACCCACCGAGGCTAAGCGGCTGGAAAGATTAAGGTCTTTTTCTAATCTGCGTTGCTTCTCTTCAGCCTTTTTGCGTTCAGAAATATCCCGGATAGTTAAAAATACCAGATTTCTTTCATCCAGATGGAATAAATGATAATGTATTTCTATGGGTACAGACCTGTTGTCTTTGGTCTTATACAGGTATTCTATTGAAAGGTAACGGCTTTCCAGCAGGTCCAGCCATACAGTCCGGTTTATATTGAAACACTCAAAACTGACATCCGCAGGCTGTATCCTTAAAAACTCTTCATGGGTATGGCCGAGGTAACGGCACATTTGCCCGTTGGCCTCCAGGAATTTGAGCGGCTTTCCTTCCGCAGAGGCTTCATAAACCGCCACCGCATCCAGCATATTATCTAAAAATAAATGAAAAAGTTCGGCTTTTTCCATCAGTAATTCCTATAAAATATACGGTATCCCCCGCCAAATCTGAGTAGCCCCGAAAGCAGTATCAATAACGGCCTTCCCCAATACAGCCGGACTTTCTGACACCGCTTAATTTGCTCGGATATGTTTTACCCCGCTATACAGATTATTACGTCTTTTATTATACATGTTTAAAAATGCCTAATAAAGTACAGAGTTGAAAAGAAAAAGACCAGCCTGAGGCTGGTCTTCTTTTAGAGTAAAAAATTAAAACTGCTTAAGCTTCGGGGGAAATGCGGAGAAAATTCTTGGTGGCGTTTATGATATCCATCTCACCGAAGGGCTTGTTCATAACACCAAAGGGACCTTGTGCCAATACTTTGGCCATAGTGTCGCTGTCAGGATAACCGGTTATGATAGTAACCGGCAGTTTAGGTTTGATGGCCCGAATCTTCTGGTAAAGTTCCGCCCCATTTAAACCGGGCATTTTGAGGTCAAGGAATACCAGGTCAAAGTCTTTACTTTGCAGCTGTTCCAGTGCTTCGTCCCCGTTTTTGGCCATGCTGACCGCATGTCCCTGGTCTTCCAAAGTCTCTTTGAAAAGACTGCGCACTGTACTTTCATCATCAATAACCAGGACACTTGCCCTTACGCCAACCGCACTCTTGCGTAACCATTCGTCAATAGATGACTTGTCAAAACGCCAGCTATGGCTGACCTTCAACGCCGGAATAGCATTACGCTGGAGAAGACGGTAAATTGTTTTCTGGGTAACTCTGAGATATTCGGCTACTTCGCGAACAGTCATTAAATCAGCCATGATATTCTCCTAATCCTTTGTAACAATATATTTATACTCTTACCAGACTCTTTTTACATTATAGCAACTCGCTATGCAAAGGACAAATAGGGACAAAATCTTGAACATATTATATACACACTATGATAATCTGGTTACTATATCTTTACAGCCTGTTCTCAGCCCCAAATCACCCGAATCCCCGGAATAGCCCAATAATCCAGGAGTATCCGCCCAAACAGCCATGCTGTATCTTTAATCATGCCAAAGCTGATGTTACGTTTTTTAGGGTCAGTGTGTTATTATTGTAATCCAGTAAGGTATTTTAAAATAAT
CP179927.1_gap36	1206140	1209043	2903	TAGTACCCCGTGCCAATAGCAACGGGCGGGTAGTGGCAGTGGAAATAATGCTGGGCAGCCCGGCGGTCAGAAACCTTATCCGCGAGGGCAAGTTTTACCAGCTGCCGAATGTTATCCGCACCAGCCGTGATGAGGGTATGATAACCATGGATGAGGCTTTAGTGGAACTTTACCGCCAGCAGGTAATCAGCCGGGAAGACCTGTTTAACTACTGTCAGGACGCAGCCGAGGTGGAAAAGCTGATAAGCAGCAGCTCCGCCAGCCAGAAACGCAAAAAGCTGGCGGAAAGCAGCAAGAGCCTGCTTTTTAAAGAAGCTGCTACTAAAAACAGATTAAGGGCGGTCTAAACTAACCGCCCTTTTTGTTTGGCCAAACAAGGTTACTAAATATAATAAAGGTCTGCTTTAGGGCAGACCTTTATTAATTAGCTAATTAATAGAAACTTTAAGACTCGGTTTGTGTCACTACACCCGCAGTTGTAATGGCATAGTAAAATTCAGTAGTCAAAGTCACCAGATATGGGGCAATAGCAGTCCCACTAAAGCTATTGGTTTTAGCAATAGCTGTTGGCAACGTATCAGTGGTATTGTCAGCCATATAAGCTGTAACAGCCAACTGAATTGTATGCAATTCTGTTGCCATAGCCTCAGTCTTACCGGAACCAATGAACTTGGCAACGTTAGGGACAACTACGGCCGCCAGAACGCCCAGAATGGCTACCACTACCAGAAGCTCAATCAGGGTAAAGCCTTTCTGGTGCTTGCGGAGTTTCTTCATGAAATTGTACATTTGTCTTTCACCACCTTTCTTTTTTTGAATTATGTTTTACCATGTTTTGTAATGATAGTTACACTAAAGATACTTTACAGACCGTTATGGGGTCAATAGTGATATAGTAACACTTTCACATAGTGATTATAATACACTCTATGCCCATTTGTATACAACCCGGCAGTACTTTAGTATGCAAATCACTTGACGGTTCGGCAAAAAAAAGCCACAATATAGTTCATGTTTACGGGTTGGGTTATATTTTTCTTCGTTTTAGGAGCGGTGCTTGGCAGCTTTATAAACATGCTGTCTGACCGCCTGCCGGCTAATAAATCCATCGTCACCCCCGGCTCTGTATGTGATGCCTGCGGCAAAAGGCTGGGCGCAGCTGAGCTGATACCTGTTTTCAGTTATATTTTCCTAAAGGGGCGCTGCCGTTCCTGCGGGGCCAAGATACCCGCCAGAGCTTTGTGGGTGGAGATAGCCACCGCCAGTTTGTTTGCCCTTTTCTACGTGATAATAGGCCCAAGCGCGGAGCTGGCCATAAGCCTGGTATACCTGTGCGTATTTATCACTCTGTTTGTGATAGACCTGGAAAAAGGGCTTATCCTGAACGTGATTATTTACCCCTGTATGCTGCTGGCACTGGCGCTTTCACCCCTGTACCTTCAGTCAGAAGGGATACTGGCGAACCTGTCTTCTTCGTTTTTCGGCGGGCTGAGCGGTTTCGGGCTGTTTCTGCTTATTTATATTGCTTCACGCGGGGGTATAGGTGAAGGCGATATAAAAATGGCCGGATTTATCGGGCTGGTATGCGGTTTCCCCAATATTTTTGTAGCTATATTTACCGGCATAGTGCTGGGCGGTCTGGCAGCCGCCGCTCTGATGCTTTCAGGCAAACGCCGCAAGGGGCAGACTATCCCCTTCGGCCCTTTTCTGGCAGTAGGGGCTGTAACCGCCATGCTGTTTGGCAGCCAGATTATGGACTGGTATCTGGGTCTCGCCTGAGCCTTCCTGCCAAAACCATTTCCCAAACCTAAACCTTGATACCTGCCCGGTTTCCGCCTAAAATAAGGCTGTACGCCGTACCGGCGCACTTAGACCTGTTCAAAGGAGTTTTCCATTATGCGCATTGAAAGCCTGCGTCCCGCCGAACACCTGGGGAATGTAACCATACACGGCGTAAGGCGTTTTTTAGAACTTGATTCCGGGGCTCCCAGCCTGCCTCACCTGCAGGAAAGCCGTGAGGTGGAGATGGTAGACCAACAGGCTATTTCAGATGTTGAAAAGAAAATGGCCATTATCCTGCCTATAAAAGACGAAGACCTTAAAGTTTTTGAGGGTGTGCTGAGCGGCATACCCCATGACTGTTTGATGATAGTTATCAGCAACAGCTCCAAACAGGAAGTGGATAACTTTAAAAACGAAAAGGATATTGTCAGCCGCTTTTGCCGTATAACCCACCGCCAGGCGATAGTTGTCCACCAGAAGAACCCCGAACTGGCAGGTGCTATTGCAGATGCCGGCTACCCCGAACTGCTGGGTAAAGACGGGCTTATCCGCAGCGGCAAAGCCGAGGGTATGATACTGGGGATTATCCTGACTATGTTCAGCGGGCGGGAATACGTGGGTTTTATAGATACCGACAACTATATACCGGGAGCGGTCTGGGAATACGCCAAACATTTCGCTACCGGTTTTAATCTGGCTCAGTCACCTTATTCCATGGTGCGGGTACTCTGGAAGTACAAGCCCAAGCTGGTGGGAGACCTGTATTTCAAACGCTGGGGCAGGGTTTCCGAGGTTACCAATAAACACCTTAATCACCTGATATCCAGCAAGGGCAAGTTTGAAACCGAGATTATCAAAACCGGCAATGCGGGTGAGCACGCCATGAGCATAGAGCTGGCTAAACGCCTGACTTACGGCACCGGCTATGCAGTGGAAACCAAAGAGATTATGTCTATACTGGAACAGTTCAGCGGGATACTGCCTATAGAGGACAGGGAAGTGGCGGAAGAAGGGGTGGAGATACTCCAAACCGAAACTATCAACCCCCACCTCCACGAGGATAAGGGCGGTGACCACCTGATACAGGATATGCTTTTGCCCAGCCTGGCAGTTATCTATCA
CP179927.1_gap37	1229010	1230040	1030	TTCGCGGAAAACGCAACTGACACCGGAGTAATCATATCCTACAATACCCAGGCAGCGGAGATTGAGGGTAAGAACCTGATAGTTTCAGAAGGGGCTTTGGTAATAAATCCCATCAGCTGGACCAGAAATGAAGCCCCGGCTTCGGCATCAGAAAATCTTGGCTCGTACCTGCCCGGTGCGGACGGCTATATTCCAATCAACCCGGATACAGAGTTAAAAAAAATCATGGGGTTAGCTGATGCCCGTGTTGACAGCGAAAAAGGCGTGCTGGTATGCAGCAGTGTGGATGCGGAGGCATGGTTTCCAGGAAACCCCGTGCTGGGCAAAGGGGTTTATCACAGTTACGATTATTCGTTTTATTACTATAACCTGAGGCAAAATGCGGCAGACAGAGCCAGGGCGTTTCTGGATAATAACGGCTAAGCCCCTGCCAGCCTGTTTACGCCTGTGATAAACCGGGTAAAACCCCAGTGCCACAGCACCAAACCGGATGAAGTAAAAAAATAAACGTAATCTGAAAGAAGCAAAAGCTGATGAGAAGTTCGGCAGATACAGATGCCGCCGTTACCCCTTATCACTGCCTGGCTGCAACAGCTTTTTTATTGTATTGGCGTTACGAATAGTGATGTTGACATAAGCGGAGGTAGAAACGACTTTCAACCACCGTGTGCGGGAGAAGGTTTTTATAGGTGCAGACCAAAAAATCACCTGCCCATGATATGCCACCTTCTCGTATTCAGGCTTTGCCTCACCGACCGCTTTTATGACAGTGTCTGCCTTGGCCGGAGCAATAACAACGATGGCGTTGTGCTTGGAATCAGCATCGCGGTCCCACCATTCGGGGGCATGGTTTAACGCATCAGCAAGGGCGTTTACGGACAGAACAGCAATCGGTATCTCCAAGCTGAAGGTATCCAGCACTACCTGCCGGCATTGCTGCTGCAAATCAGTGATTTCTTTCTCCTCACAGGAAAAAAAGACGTTTCCGCTGTTGATGTAAGTGCTGACTTCGGTAAATCCGGCATTTTCA
CP179927.1_gap38	1232065	1232919	854	TTGGGTACTTCAAATATAAGCTCGTCATGCACCTGAAGCAGCAGGCAGCTTTTCAGCTTTTCTTCTTTAAGCTTTTCGTCCAGCCGGACCATAGCCAGCTTGATAATGTCAGCAGATGTCCCCTGTACCGGCATATTGATAGCCATACGCTCGGCTGATTCACGCAGAATACGGTTGGGTGAATTGATTTCCGGTATATAGCGGCGTCTGCCCAGCAGGGTTTCCACATAACCCTGAGTACGCACCTGCTGCTTAATCTCCGAGAAATAAACAGCCACCCGCGGATATTTTTCAAAATAGGCTTTTATAAATTTGTCGGCTTCTTCCAGCGAAAGCTCGGTAGCCTGTTCCAACCCGTAGCTGCTCATGCCGTATATCACCCCGAAATTTACGGTTTTAGCCAAGCGGCGTTGTTCTTTAGTCACCTTTGACGGGGGAATGTTCAATAGTCTGGCGGCGGTAGCGGTGTGAATATCCTGGTCACTTTGGAAAGCCTCTATCAGGGCGGGGTCTTGGGAAAGATGGGCCAGCACCCTGAGGTCTATTTGGGAGTAATCTCCCGCCAGCAGCACTGTGCCTGGAGGTGCAATAAATGCCCGCCGTATCTCCCTGCCCATTTCGCCCCTGACAGGTATGTTTTGCAGATTAGGCTCGGAAGAAGATAACCTGCCGGTAGCTGTACGGGTCTGGTTGAAACTGGTATGCAGCCGCCGGGTATGCGGGTTTACCATACGCGGCAGGGTATCCAGATAAGTAGATTTCAGCTTTACCAGCATACGGTATTCCAGTATCAGGTCTACAATACGGTGCTTGCCCTTCAGTTCTTCCAGTACCTCTGCCCCGGTGGAATAGCC
CP179927.1_gap39	1380076	1380593	517	TGGTAGAGGCAGTAGATTCTCAGGAAAATATTGACCGGATTCTGCCCGAAGTAGAAAAGATGATGGGAGACGGCCTGATAACACTGGAAAAAGTAAAGGTTTTAAAATACGCCGCCGGACAGCAAAGCCCAGACTAATCCCGCCTGAAAACCCTTGCTGAGAGTCAAATAAAAAACAGCTTCTTTGGGGAAGCTGTTTTCGTTTATGCTAAACTTAAGCCCTAAAGGCTGATCAGTGAATATTCAATACTGCGGTCTTTAAGGCTGGAAACCAAAGCATACACATCTTCCTCAGTGCAGACCACCGCCGAAGACAGCCCGTGCAAAGCCGCATCTATAACCACCCCGGAAACATCATAAAGATAATTCGGCTCTATACCCGCCCGGTGGAGCGCCGCCACAGATTCAAGCCCAACTGCCCCTACATGGCTGACCCCTTTGAGTCTGGTCTTTAAAAGTGCCAAATCAATATGGCGTGAACCGCCCTTGGCAATACCCGGCACTACCAGAATAGTCAC
CP179927.1_gap40	1400625	1405105	4480	GCCAATATACCGGAATTCAACCGGACAGTATTATCTGAAGCCGCGCGCTGAATCCATGAAGGGGTAGTGGTATAACCGTCAATGGAAGACTGGCTTACGATACTTACCACATACAGCTTCTTCGTGCTGGGAATTACCCATTTCTCGTCATCTTCATAGCCCTGATCTACCGCTTCAAATTCATAACGCTTGTATGGGGCTACTCTGGGATAGGTATAAACCAGTTTCTTAACATTTTCGTCAAGTTCAACTACACCTATATCTGCCGCGCCAAAGAAACGCAGGGCAGAACGGAGCATGGCAGTATTTTCTTCCGGAGTGCCTTGCCAGGCGGTTGTACCCAGCTTTTCGGGGGTGGGGGATTTCTGGGGACCCAGCCAGGTATAGCTGGTGACACCGGGGCTGCCTTCACCGCCCATAGCCCCTCTGTAAAGAGCATGGTCACGCAGGGTATAACCCGGCTTTCCCTCTTTTATCCAGTTAGCCTGGTTATCTGCGGCTACCTTCTCTACATTCGCCCATTCTTCAGTACTGACCCATTGGGGCGGTCCCATAGGGCTGTTCATAACCTTGCGGGCATCAAACCGCTCAATCTGACTCCAGTCATACTCAACAGTAGCTTTATCTACTTCTTTAACCCACCAGGCTTTTTTAGGCGCAGCACCAGAGGTTATCATCCCGTCAATATCTTTAAATGTGGTCGAGGCTGCGGCAGCTGTACCTATCCCGGCACCGGTGATACCCAGGGCTTTCATAAAATCCCGGCGACTTAGTGAAGAATGAAATCTAGACATTGTGTTACCTCTTTATACAATTTTGAAACCGATTGATAATGACAATGCTATCCAGCAAGTTCAGGAGTAAGTGTTATTTAAATCCCCAGTCCGGTCACCTCCTTTTCCGGCAGTACCATCTTAAACTGCACAGATATAGCAAAGGCAATATTTGGGGTAATTTGCTATATAGAATACCTAAACAAATCAGGCCAAAAGCGGCCATGGAAAATAGGGCAGAGTTAATAAGTTTTTAAAGACTTAAACTATAACTTAAGTTTAAAGCAACATTACGTAACTGTCAATGTCCAACGTACGATATTCTATTACGTAATGTCAGTTGATAAATCACTTTGATGATATTATAATTCACCCGTGACACATACTGATGCAGATATACAGGAGCTTTATCAAATAGGAGATTTAGTCCGTAAGGTTGGGGTAAGCCTGCGGACAATCCGCTATTATGAGGAAGAAGGCCTGCTGAAACCGACAGCCAAAACCCAGGGCGGTTTAAGGCTGTATAGTGAGCGGGATATATTCAGGCTTAAGTATATAACCACCTTAAGACACCTGAATATGAGTATTGAGGAAATAAAAACAGTTCTGAGTCAAAATGCTGTTTCCCCAGACAGCAGAAGTGACCTGATTAAACGCTCTTATTACGCTATGATCCTGACCAAGCAGAAGATAGACGAAGAACAGAATATCCTGAATAGGCTGAAAGAAAATATGGCTGAGGCTTTGGAGTCTATTCAAAGTTGTCTTGAATGCCAGAAACCAAGTTGCACAGGCTGCCCCCAGAAAAAGTTCATACTGGCCTAAACGCTTTTAACCAGAAATACAGGTGGACTGGCACCCGGCATTTCCGAAGGACATTTTAATCTGCAGCCTTATTTTCCCCTGATACCGCCAGCTGAGAAATGGACCTAAAGGATAGTCCCACCTTAACCGGAATCACCGGACAACATTCTCTCCAATCTGGACTATATATATCTCTAATTGGCCATTGACAGTGGAACGATATCTGAGAAATCTGGTAAGACTAATTACACTTATCAAAATGACTGGACAGAAATTGATACAAGCCCCGGATAAAATGGAATATATAAGGAATAAGGATACTATTAGAATTCTAAAATGAGCAATTCGTACTGCGAAAAACCAAAGTAGGCAGTTTAGCATATTGTTTTCATAATGGCTGCACAAAGCACTATGATTACATGACAATGAGCTATGGCTTCAGTGATATCTTCAATGAATAAAAATAAAGCTAAATCTTAACCCCATCTCCATCTCTGAGTAAATCATGCTATAGAGCGGGGAATTCCCCGCTCTATAGCAATCAATCCCACCTACCCTTAGGCTTTCTTAAGCCTTCTGCTGGCCAGCTGCCAGGCTAACGCCAAGAATATAAGCGAAGGCAGACCGGTTACCAGCAAGAACATACTGGCTGCTTTGCTTTCTATTTCGGCCAAACTGCCAAAGAAATTCTGAATGGTGAAAAGCAGCAGTACCACCCCGGCAAGGCCGATAAGCCATTCGTACCATTTAAGGCTAAAGTTATGGCGGTTCATCAGCCACAGAAACCCGAGTATCAATCCGCCTACTATTAAACCGATTACAAACCACATATTTTAGTACTTCCTTTCCTGACCTATTTACCTGGTATAGAATTACCCCGACCCCAAGGCAGAAAAGTCCCGTGGGTGTCAGGCATGATATCCCAGAATTCGTCCGCCTCCTTGAATTCCCCGTAACCAAAGAAATCATCCATCTGGCGGAAGAAGGAATTGAACACGGCAGTAGTACCTACAGTAGCCTTGATAACCTCATGAATATTACCGCCCTCCATCTTGGAGAAAACGCAAACATTCTGGCAGATACCGCATCCGCCGTTTACCACACTGCCGGGGTTACCCCGGTAAGGATGGCAGTTATCATAATTAACATGGTACGATTTTAAGCCAAACCCGTTAGACTCCGGGTGCTCAATGGTATAAGACGGATCTCCCTCAATGGGAATAGCCCCGGACGGGCACATTTCGGCGCATTTCTTACAGGTCTGGCAAAACTTCCAGATACCCGCATCTATAGGCTTGGTAGAGGCTATAGGCAGGTCAGTCACCACGAAATCTGTGTACCGTACATTAGCCCCGTAATCCACATTAATCAGATAGTCTGTACGCCCGTGCTCACCCAGTCCGGCCAGATTGCCATGGGCAACATTCATACCGCCGCAGTTACGGCTTATAGACAAATACCCCAAAGCCCCCAGGAAGGAAAGAATCCGGTTCTGGATAATATCCCCCATGGAGTATCCAATACCCATGCTAACCTTGTTAAGGATATTGAAGCCGTCCGGGGCACTGTACTGACCCACTCGAGACATAGGCACTACCCAGGTCAAAACGGTTTTAGCCTTGTTAGGAATAAGGCAGGCATGATTGCTGTCTGAAGAAGCATTATCCACGTCAGCAAAGGTATAAGGACGGCCGGCGGGGTCTGCTGAGTAGAATACTTTCTGGGTTTTTTCATTAATTTCATGGGCACCTACATCATGCGCTCCCCAGAAGCGGAGCACAGCCGTAACCATTTTCAGGTTTTCTTCGGGAGTGCCTGACCAGCGCGGCAAACCCAGTTGCTTGTAGTTATACCCGCCCGGCTGGGTAGTACCGCCAAAGGTATACATAAGGGTGGCATCTCCCTTAGTCAGCGGCACACCAGCCCCGATGGCATCTGAAGCCGACCCCGCAAAGAAGGCGTAATCCTTGGCTGTCATGCCGGTATTAGGAGTTGTCCATTTGGCCTTTATATTATCCAGCTGAATCTGAACCCGCCTTTCGGCTTCGGCAGGACTGACTACCGTGAATTTGCGTTTGTCGTAACGCTCTTTCTTGTCCCAGTCCACTTCAACTGTGAGGTTTTCGGCCTCCCGTTCATTAATATACCAGGGCAGTTTACGCGAAGCACCAGAGGACATTACCTCATCCATGTCGTGAAATACCGGAGAGGCCGATGCGGCAACTCCCAAACCAGCACCTGCCAACCCCAGTCCTTTCATGAAGTCCCGCCTGCTTACCGAGCTGTGAAATTTTCCCATAACTGTATACCCTCCTTTCCTAAGTATTGACTTGAATTATAAGTATGGTAATTTTAAATGACATCGTACCCAACACGTAGCTGTTTAGGTCTTCTGGATACCTTTTAGCGCGGAAGGATACACCCAAATTACTTAGAAATGTGAACGATTAACAAAAATAAGGGGGAAGCAAATACCCGTCTGTATTGTCAGAAGGCGGCCTGGTTTCGGTTATCACCGAAGAGCTGAGTGCTTTGAAACTAACCGGTATGTCAGCCGAACTGACAACCGATAAAACCGCCCCGATACCCAAACCGGTTGCCGAAGTACTCTACCGGATATTCCATGAGGCTATCTGGAATGCCCAGAGACATTCCAAGGCCAGCCATATTGATGTTATACTAAAAATAGTGGAAAACGGCGTAAGACTGGCGGTTATTGATGACGGATGCGGGTTTAATCTGTACAAATCCCTGCAATCCGGCAAATTTGGCGGGCTGAAAAGTATGCGCAGACGGGCCGAACTGATGGGCGGCAGTTTCAATATAGAAAGTGAGATAGGTAAAGGTACATCTATCGAAGTTTTTATCCCGTTTTCAGTAGAGTAGGGAAATGCTTGAGAGTA
CP179927.1_gap41	1409620	1413632	4012	TGACCTGAGAAAATCAGGTGCCAAACCCACTGGCACGCCGCAAAAACAGCCATAATTTATAAGCAGGAGGGATGAAATTAATGTCCAGCGTTAGCCCGTATCCGGCCACTCTAGATGTTGATTACCAGGACAAACCCCGTGACAAAGTAAGTGTAGCTTTCCGCTTTCTTATGATTATCCCTATTGCCATAATCTTGTCACTGGTCAGCGGCGGCACTTATGAATACACTATGGACAACGTAACTTATTCCGCAGGCAATGCCGGAGGCCTTATTATCATGGCTACGGCGCTTATGATTCTAGTCCAGCAGAAATACCCCAGATGGTGGTTTGACTGGAATCTGGCTCTCAGCCGGTTTGGCTACAGGTTTATCTCATACTTCGCCCTGCTTAGGGATGAATACCCCTCAACTGACCAAGAACAATCAGTTCATCTTAACCTGACTTACCCCGATGTAAAAACCGACCTTAACCGCTGGATGCCGCTATTCAAGTGGTTTTTAGCCATACCGCATTATATTATTCTGCCGTTTCTGGTATTTGCCGCATTCATAGCTGCCATTTTCGCCTGGTTTGCCATTCTGTTCACCGGGAAATACCCCAAATCATTGTTTGATTTTGTGGTAGGGGTAATGCGTTGGGGACTTCGGGTATCTGCTTACTCAGCCTTGCTGATTACAGACACCTACCCGCCGTTCAGTCTGGAACCCTGAGCCGCTTTTACCTGCCGGAAGGGTAAGACTGCCTTCTCCGGTACAATAAAAAATATAAACCCTGCTTTGCCAGCCAGGCAAAACCTGGCTGGCAGATTGTTATTTGGCGCTATAAATCCTGAGGCCTGCAAATAGATTACTGGCCACCATACCACCCCCGGCCTGGCATAAGTTTATACGCCCCCTAATCAGGCCGAATACCGGTATTGGTAGCTTTAAATAACCAAATGAGCCCTCCGGGGTATTTACACTGGCAAGTATTTGGAGTAATACTATCATTAAGGGTAATGTACCGACAAAAGGTCATTTCTAACTCTGATACATCAAGAAGGAGACTGCCTAAAGCCTGCCCCTTAAATTGCTTGAACTGCCAAAAATTAAGAAATAATAACCGTATCAGATAAAATGCCGTCAGCCCGGGCGGAAAGCCCACTCCAGTTTATAGCCAGTTTGCGGCTGACAGGTAAAGAGGTACTCTGATTGTGAAAGATAAACCGCAAGAAAATAACCAGCCAACAGAAAAATCAGCAGACAACAACCCCGTACCAAATACCCGGCTAACACCTGATGCCCCAAATACGTCAGCCGAGAATTTGGCTAATCTGGAAAAGGCCAAAAGACATTACGGGGAGCTGGCGCTTAATCTGACTGATATTTTCTTTGAGCTGAATACGGATTTAAATATTACATACTGGAACAAGGCCTTGGAAAAGCTTATCGGGATAACGGCTAAAGACGCTTTAGGCAAATCCATTTATGCCCTTTTTCCTGAGAGCCGGGGTTCTGAGCCTGATAAAGCTCACCGGAAAGCGGTGGAAACTCACCTTCCCCAGCACCTTTTTGCAGAATACCGCATTGGAAACCAGCAACGCTACTTTGAAATCAATATTTATCCTACTGCCCACGGCGTATCTGTTTTTGCCAAAGATATTACCGAATCCAGAAATACCCAGGAAAAGCTGCATCAATCCAATATTTTGTATTCCACCCTGGTGGAAAAAAGCAACGACGGGATTATTATAATGCAGGACGAGCTGCTGGTTTATGCCAATCCCAAAATGACCTCCCTGAGCGGCTATTCGCTTAAAGAAATCACGGGCAAACCCTTTATCAATTTCATTTCCCCGGAATATAAAAGGCTGGTCCTGGAACGATACCGGAAGCGGCTTTCAGGAGAAGAACCTCCCAGCCAGTATGAGATAGAAATTGTTACCAAAGACAGCCGTAATATGCCGGTTGAGGTGAATGCCAGCCGGATTGAGTACAAAAACAAACCGGCCAGTATGGCTATACTCCGGGATTTGACTGAATACAAAATGTCCCAGATGAAGCTGGCCGAAAATGAAATCCGCTTCCATGAGCTGTTTGAAAACAGCTATGATGCTGTTTTACTGACCATTCCGGACGGGCATATCCTGGCAGCCAACCCGGCGGCCTGCCGTATGTTCGGCCGAACTGAAGACGAATTACGTACAGCCGGGCGGAACGGGCTGGTAGATGTAAATGACCCGCGCTTAAGCAAAGCCCTGGAAATCAGGAAGTCCACCGGGGAATTCAGGGGAGAACTAACCTTCCTCCGCAGTAACGGGACGCCTTTCCCGGGTGAAGTCACCTCCAAAATATTTTCTATAAGCAAAGGTGAATTCCGGACAACCATGATAATACGGGACATCAGCGAACGTAAAGAAGCCGAAGAAAAGCTGAAAGCGGCTGAAAAACGTTACCGGGGTACTCTGGACAATATGCTGGAAGGTTGCCAGATTATCAGCTATGACTGGCGCTATATATACCTTAATAATTCGGCCATCCGGCAGAACCGCCAACCCCGTGAGGTTCTGGCAAACCATACCCTGATGGAAGTATATCCCGGAATTGAAAAAACTGAATTATTTACCACACTCCGCCGCTGCATGGAAACAAGAACTGCTGAAAGAATGGAAAACCGGTTTATTTTCCCGGATAGCACCGAAGGCTGGTTTGAACTGAGTATTGAACCGGTTCCGGAGGGAATTTTTATACTTTCACTGGACATTACCGAACGCAAAAAGGTTGAAAAGCAACTCCAAATCAGTGAAGAGCGTTTCCACCGCGTATTTGACCAGGTACCTGTGGGCATAGCTATTACTGATTTGAATTTCAGGTTTACCCAGGTCAATAAGACCATGTGCAGAATGATGGGATATTCCGAAGAGGAATTTACCTCAATCACGTTTAAAGATATAACTCCCGCCAAATTTTTAGCGTATGACCTTAAACGGGTAAAACTCCTCAATACCGGCGCAATAGAACCATTTTGAACGGGAAAAACAATACATCCGCAAGGATGGCAGTGTTTTCTGGGGACATGTATTTGTGGGCACTATAAGAGACGAACATGGCAAGATTTTATATTACACCCCCTGTGTTATAGATATAACCAAACGCAAACAGGACCAGGAATCCCTGCAAAAATATAAAATGCTGGCTGATGACAGCCGGGATATTATCTTGTTTTTAGACAAGAACAGCGGCCGGATTCTTGAGGCCAATACAGCCGCCACCAAGGCTTATGGCTATACCCGTAAACAACTGCTTCACCAAACAATCTATGATATACGCCCCCCGGACACACGGGACGCTATTCCCCGGCAACTCTCACAGGCAGATTCCGAGGGAATACTTTTTGAATCGTACCACCAGCGCAAGGACGGGAGTACCTTCCCGGTGGAGATAAGCTCAAGAGGAGCCAATGTAAACAATACCAGGGTAGTGGTAAGCGTAATACGCGATATCAGCGAACGCAAGCAAGTCGAAGAAGCTTTTAAAACCATATTTAAACACCAGGAAACAGTACTGGCCACTGTGCCGGATATAATTGCCGAGGTAGATGTAAATAGGGTCTATACCTGGATAAACGAATCCGGACGGGAATTTTTCGGAGATGATGTAATAGGCAAAGAAGCATCTTACTATTTTTCCAAAGAACAGGATACCTACCAGAAAGTCGCCTCTGTTTTCAGCGGCAATGAAAACACTATTTATGCTGAAAGCTGGCAGCGGCGTAAAGACGGTGAAAACCGTCTGCTGGGCTGGTGGGTGCATTCCCTGAAGGATATCACCGGCAAAACCGTAGGAGCGCTGTCGGTTGCCAGTGATATTACCGACCGTAAGAAAATGGAAGAGAATCTGGTCAAATCAGCCGCAGAATGGAGCATAACCTTTGACTCTATAAATGACATGATTTGCATTGTGGGTGCTGACTATTCCATTCTCCGGGTAAACAATGCCTTTTCCAAATTTTTAAATAAACCGCCTGAAGA
CP179927.1_gap42	1416402	1417513	1111	TATACCAGGCTTTGCAGGGCAGCCTGAAAAATATACTCACTATAAGACAGAGCCCCTGATTTACTTTCCTGCTAGCGCCGGTAATTTTATTTGTATCTGTCCAGCGCTAAGCATAAGAAGCCGGATGATTACCTGAGCAGGAAGGGTATGACTACCGCCACCAGCCCGGTGAAGAGTACTGCCAGCATAAAGAGATTGTATCTGAGGGCATAATCACTAAGCATAGACGGGTCATAGTAATCTGCCACACCCTGGTCTTTGTACATCTTGAGTAAACCCTTGATTAGTTTAGTCCGCATCTGGCGGCCGCGGATAAGCCCTACCTCAACTACAAAATTGACCACCAGTATCAGCGCCACAAAAGTAAACATGACTATTGTCTGGGTGCTATCACCAGAGGAAGACGCTATACCGGAGTTTATACCCAGAGTTACCAGGTTCAGGAAAATAGCCGTCAGGACAAATATAGTATCTGTGCGGGCATTGGAAGCCAGCTCAGCAATCAAGTGTTCATGCACCCGTTCAATCATCTTATCACCTCAAAACCTGTTAATTACGGTTGAAGTGGCGGTAGAACAAAATAAAGCCGCCAATCATCACCAACCCCAGCCCCAGACCCACCCATTGCCAAAGGCCGGAGGTATCCCTGACTAATACGGCAGTACTGCCAAAAGTGCGTGTACCGGCAGTTTCAGCTATAAAGACCAGATTGTACTCTCCGCGGGAAGTATTTTCAGGTGCCAGCACTACTGCTTCCAGCGGGATGCGCTGACCCGCACCCAGATACGGAATAGATATGGGAGTATATTCCACCGTCCAGTTTTCAGGCAGGTCTGCCAGCAGGTCTATGCCGGATATACCCTGAGTACCGGCGTTTTCAATCTCCAGGTAAAGCGTTTCCGGCTCACCGGGTATAATCTCCGTATAGTAACCTGAAAGAACATACAGGAAAATATCAGGTTGTTCTGTCTGGGCAGTTACCCTGGAGGACAATACCAGTCCGCTGAACATACTGCCAAACAGCAGGGCGGCACAGACCAGCCCCGCCAGCATCCTGTATATCTTGAAATTTGTTATAAATTTATTCATTCCGGGTTAATAATAGACGTTT
CP179927.1_gap43	1442968	1445232	2264	AAGCCCAACCTGGTTATCCTTGACCTGAGCCTGCCGGATATGGACGGGCTGGAAGTTCTGAAAGACGCCCGGCTTTTCTGTGATACCCCCATTATTATTTTGACGGTACGCTCGGAAGAATCTGATGTAGTGGAGGCGCTGGAGCTGGGGGCAAACGAATATATCATAAAACCCTTCCGCCAGATGGAACTGCTGGCCCGGATACGTTGCATACTCCGCCGCCCCATAACCACCAGCAAAGATGCCCTGCTGGAATGGGGGCCGTTTAAACTGGATTACTTTAAAAGGCTGCTGTTTATAAATGAGAAAACTGTCATCCTGACCACTATTGAAAGCCAGATTATGCATGAACTCCTTAAAGATGCCCCCAATATAGTAACGTATTCAAGGCTGTCCGAACTCATTTCAGGGGGGCATTACCCCGAAGTGGTCAACAGCATAAAGGTCCATGTATATAACCTGAGGCATAAACTTGAGGCGGATTCCTATGCCCCGAAATATATTATGAATATGCATGGGGTAGGTTATTTTCTATCCAAGTAAGTGTAATCACCCTGATGAAAATCCCGTTTAAGTATAAGAGCAAGATAGATTAAAAACTAACCGGTAAATTCGTCTTTGGCAGCCAGCAGCAGTATAACCGCCGGAATACCGGTCAGGATAAATGAGCAGGCCGCCGCTGCGGCACCAATCAGTGCCCATTTCCATTTCTTCCGAAGGAAAATAAACACACTCCCGGCCAAAGCCGCCAAGGTAATTACAAGCGCCGGTATGGGAGTATCAAAGATAATACTGGGCACAAAAGGCGGAATATCCCCTCTGCCAAACCCGCTTCCGGCTTCCCCGAAAATTCCCACCAAATAATTCAGTATGCCCAATGCACCCAGCAGGGCTGAAAGAATACATAGACCGCCGGCAATCACTCTTCCCCGGCTTTTCTTTATCTGTTCATTCATGCGCTTGCCTTTCTCCATGATAACCACCAGTCAGCCTCAAATACAAGGGCAGGCGGGCGGCAAAGCCGGTACCACAAAAGCTCCGGGGTATAAAAAACGGGGAGCGGGTTTTAAACCCAGCCCCCCGTTTTAGATTTGATTAAGATTTAGCCCTAGGCTGCGCGGTTACGGAAAAACCCTATTCCTATAAAGACAATACCCACGCCAACCACTATCCAGAAGGCATAAACACTGGCCCACATAATCAGACTCTGGGTAGACTCGGCAGTGCTCACCATCTCGTCAATGGTTTCAGAGGTATAGGTTCTTTGGAAAACGGGCGCTATAACCCATCTATTATTCTGGCTTTTAAGATAGCCCGCTATTTCGGTATGAGCATTGAAGAAATTTTTACCTATGATGAGGAAGAACAATGAAGAGAATTTTGTATTTACTGGAAATTATACTTGGGATAGCCTTATTTCTATTAGCCGCATATGTATTTACATCGGAGCAGACAAAAACAATTTCCGGGAATTGCATCGGTTTTGGCAGCGTGCTGATCGTGTTTGGGATTGGCAACCTGGTTTATTCGTTTGTTTTATCCAAGGAGAAAGAAAGCGCTTTATTAAAGCAGAAGATGATAGAGGTTAACGATGAGAGAAATGTTGCTATAAAAGAAAAGTCCGGTGCTAAGGTTAACCAGATTATGACTTATTTATTATCCGCGTTTGTAATAGGGCTATCACTATTCGGGGCGGATAAGGCTATCATTATATGTGCCGCATCATTGATACTGATTAAGGGGCTTTTATACGTGCTGATGGTAAACCGCTATGCAAAGGTGCTGTAAACAGGCTTTGTATAGGCATATCCGTCTTGCCCGTGATAACATAACAAAAAGCCGGCCTTTTTGAAGCCGGCTTTTTATATATTCTTTTAAAACCCTGTTTTCAATCTTTTAAAAAACAGCCGGACTATTCCTCAAACACGCTACCCTGTTCATATGAACCCAGAACATGAATAGTCTCGGTTACCTTTGCCAGCTCCTTCAGGGCGTGCTGGGTTTCAGGTGTATTCAAGCCCCGTTCAAAATCCAGATAGAAGTAATAACCCCAGGTGCGCCCCATAACCGGGCGGGATTCTATCTTGGACAGGTTTATGCCCTGGTCATAAAAACACTTAAGGCACTTATAAAGGCTGCCGGCATTGTTCTCGGCCTTTATGGCCAGAGAAGTTTTATTCGCCTGAGGGGGTATTTGGGCTCTTTGGCTATGATAAGGAAACGGGTATAGTTCTGCTTTTCAGTTTCAATATCTTTGGCCAGTA
CP179927.1_gap44	1475470	1480467	4997	TCCGGTACAACCTGAGAAATGTATTCCTTGTAGCCTAAATCCTGATGGGTAAAACCATATATAGCGGCCAACCCCAGACTTAATAAAGCCAGCAGAGTTATTATCTTACTGCGATTTGAGCTAAACCAATTTGAACTTTTCAATCACTTGCCCTTCCGGGGGTATATAAGAGGAGAGGCTTTATTCAAGCCTCTTTAAGATACACTTAGTTTACTCTAATCTATTAGTGAAATTCAAATAGGCTAGGAGGTTCACTTTTTTGTGACTAAGATTCGCTGACTTCCCTCTTCTTGCGGTATACCAGTTTTGACAGCCAGATGGATATTTCATAAAGAACAATCAGCGGACCGGCCATGATGGTCTGGTTTACCGGGTCAAAGGTAGGTGTAATAAGCGCGGCAATGACAAAGGCCACGACTATCCAGATTTTGCGCTTGGAAGCCAGCCACTTGGGGGATACCACTCCCAGTCTGGCCAGCACCATAATAACAAAGGGGGTTTCAAATATAAGTCCCAAGGCAATGAGTATTCTGGTGACTACATTCATATAGTCCCGGATACCTACCACGGTGAGTACCACATCATCGCCCCAGTGCAGCAGGATATTTAAAGCCGGAGGCAAAGCCACATAATAAGCAAAAGCCAGACCCAGCAGGAACATTCCAGTGACCGCCGGTATGGCCGTAAAAATAAATTTCTTTTCATTGCGGTTTAGAGCCGGGGTAATAAAAGCAATCAGCTGGTAAAGAATGTAAGGGGAAGCCAGAATAAACCCCGCCCAGAGTGATACATTGAAAAAGACCGAGGCATATTCCATGACCCCCAGCTGGGCCGGTTTGAAATCCGGGCCGCCGGGAGCAGTTAAAAAGCCGATAATGGGAGTGGCGAAGAAAAAGGCCACCAGTACACCCACTATCAGGGCAATAATACTCCGGGTAAAACGCTGGCGAAGCTCATTAAAATGCCCGCCGATAGGCATTTTGCCTTTTGCCTTGGCTTCCTCCGGGGGTTCTTCTTCGTCCGTTTCGGGAGTTTCGTTCTTACTGCTCACGCCTTACCCCCGCTTCCAGGTCCGTTCAGAAAATTTTCAAGTGATTTAGATTTGCTGGAAGTACTGGTAGAACCACTGCCGGTCTTCTTTTTACCGGGAGAGGCCAGATTTTCAGCATCAATAGCTCTGGTAAAGTCTCTGGTCATCTCACTGGTTACCTTGCGGAAGGAATTAACGAACTGTCCGATTTGGCGGGCAAACTCAGGTATCTTGCCGGGCCCGAAGATCAGGGTGGCCACAATAAGCACGATAATAATTTCACCGAAGCCGATTCCCAGAAAATCCATAATCTAACGCCTTAATCCAAATTACTAGCGAATTTTACTTTAGAGCCTAGTAAAAGACAAAAGGGCTTAAGACTCTTTTTTAGTCTCAGCTATCTTTTCGTTTATCTTGGCGGAAACCGCATCATCCTCCAGTTTTTTTACAACCTTCGGCTTGGGAGTTTCCTCTTCAAAGTCATTCTTCTTGCGGATATTGTGCAGGGCTTTACCCAGTGATTCGCCGATTTTGGGAATTCGGCTGGCACCAAAAACCACCACAATCAGAAGTACAATAATGAGTATCTCTATTGGGCCAATCTTAGGCATAGCCTACCTCCTATTTAAAACCTTTCACAGGTTTTCAAAACAAATCCCTTCTATACATATAAAAGGGGTTAATTCAGTTTTATTTATTCTGATTTTTCAATGGGCTTGGTTTCTTCCTTGGTCTCAACTTCCTCTTTTTCTTCTTCACCGGAGGAAGCCTTCCTGAAGTTTCTGATGCCCTTGCCGATAGCATCTCCGACCTGAGGAAGTTTGCCTATACCGAACACCACTACAACCAAAAGAACTATGATAAGTATTTCCATAGGACCAATCTTAGGCATGTGTGACCTCCTAAATTAAACCTGAAATGGACTTAGACTGAGGCTTAATTGCGATATATCAAATACTCACAACCAACGTTTTATGATACTCGCTAAAATTTGGCTTGTCAAACTACATAAAAAATTAGTTAAGGCTCAAAATACTTTGATTAAGCCCTTTTAAGCTTGAAAATGACGGCTGGGCGGCAGTATTTGCTTGCTCCTTTTATCATTTGCTGAGATAATCATCACAGAGGGGAAAGTTAATGGATTTACCCGCAAAAAAACCTGAAGAAAGCCTCTTCGGCTCAAAACAATTCGGCTGGGGAGAGCGTACCTACATAATGGGTATAGTCAATGTCACCGCTGACTCCTTTTCAGGTGACGGACTGGGGGCTGACCCCGAAGCCGCTCTGGAACAGGCCCGCCGTTTTGCTCTGGAAGGGGCAGATATACTGGATATAGGCGGTGAAAGCACCCGCCCGGGCAGCCAGCCGGTAAGCACCCGGGAAGAACTGGACAGGGTCATACCGGCAGTCAGGCTTATTTCCCGAAATCTGGATATACCCGTAAGCGTAGATACCTACCGGCGAGAAGTGGCGGAAGAAGCCCTGAAAGCCGGTGCCTGCATAATAAATGATGTCTGGGGGTTAAAAAAAGACCCTTCCCTTTTTGAGCTGGCAGCCAAAAGGCCTGCCCGCTGGGTGATAACCTCCAACCAGCGGGAAAACCCGGCGGAAGATATAATGGCGGCAGTCACCCGTGAACTAAGGGAAACTGCTCTGCATCTAATGACCGCCTCACTTTCTGAGACACTTTACCAACCGTCTGCGTACCCCAGAAATGATTGTTTATTAAAAACTATTATTAAATAAATAATTCACTGATAATACTACAACTAAATAGCTAGTTTATCACGCATATATTTTATTGGCAAGCTCAAGTATATACCTCAGATTTTCCTTTAAAACAGGCTATTCAGTCTACCAGCCCGGTAGCTTTTACTAGCATAACTATCAGACTGAAAACAGCGCAGAACGCTATCATGACCGCCAGGAAAATATCTATTACCTTTATTTTTTCTTTAACAGGCTTTTCCATTTGTTTCCTATCCACTTACGGGTCTTTACTATTATATCCAGCGAAGCCCCTACAGGGCAAAGATAATTACACCAGAAGTTGTAAAAAATTATGGCACCTATCAAGGTGGCTATCATGAGTATCCACTCCTGAAAGTCCCCTTTGAGGCTGAAAAACAGATTCCAAGGTTCAAAACCGGACACATTGGGCGCTCTGAATATAAACACCAGCATCAAAGCCAGCCAGAGAAGCGCATAGCGCACCCACCTGAAACGTTTCTGGGCATTGGAAGAGGGTGAAATGCCCTCTCCGATAAAATGAAGCCCTTCCTGTACCGCAGAGAAAGGACACAGCCAGTAACAGTAGTAGTTTTTGCCAAAGAGGATGGCCAAACCCAGTATTCCCCAGACTACAATGTAAAAGATAATAAACTGCTCAAGGCTGGGGGCATAACCTACCAGGAAACTGGCAATATTGTTCAGGCTAAGGGGTACTGAGAGCCAGATACCCACTATAAAAAAGCTGTAGGTAAGTGCCAGATAACGGGCACGTTTGGGATTTTTAAAAGGCTTGAAGGTGCGCACCCAGAACACAAAGGCCAGACCCAAACAGACCATAAATTCGGGTAGACCGAATTTTATACCCGGAAGCGGGTCTTTATAGTCTGACCCCAGTTCCTTCACCACCAGAAGCCTTCCGGCCTTAACAGCCATGGCGACCCCGTTTGAAGAAACGGTAGAACCGGAAACAGCGTCTATGTCTTCATGTATCTGGATAGGGTCTTCGTAGCCGCGGCCTATATACTGGTCAAAAAAATGTCTGGCTTCCAGAACCCGCCACCATGGAAGGTCTTCGTGCTGAACGGGGACAGATATCTGCTGAATAATGCCGTCAAGGCTCCAGTTAAGGGCAACCAGCAGAGGGCCGCCGTAACCCTGTCCCTGTGAAATAGTAACATAGCTTTGAGGCTGACCCTCGTCATCCAGTATGGCGTAAAGCACACCCTGACTGGTAGCCATTAACTCTGTATACTTAGAATCTTCCGGTACAACCTGAGAAATGTATTCCTTGTAGCCTAAATCCTGATGGGTAAAACCATATATAGCGGCCAACCCCAGACTTAATAAAGCCAGCAGAGTTATTATCTTACTGCGATTTGAGCTAAACCAATTTGAACTTTTCAATCACTTGCCCTTCCGGGGGTATATAAGAGGAGAGGCTTTATTCAAGCCTCTTTAAGATACACTTAGTTTACTCTAATCTATTAGTGAAATTCAAATAGGCCAGAGTATTCACTTTTTTGTGACTAAGATTCGCTGACTTCCCTCTTCTTGCGGTATACCAGTTTTGACAGCCAGATGGATATTTCATAAAGAACAATCAGCGGACCGGCCATGATGGTCTGGTTTACCGGGTCAAAGGTAGGTGTAATAAGCGCGGCAATGACAAAGGCCACGACTATCCAGATTTTGCGCTTGGAAGCCAGCCACTTGGGGGATACCACTCCCAGTCTGGCCAGCACCATAATAACAAAGGGGGTTTCAAATATAAGTCCCAATGCAATGAGTATTCTGGTGACTACATTCATATAGTCCCGGATACCTACCACGGTGAGTACCACATCATCGCCCCAGTGCAGCAGGATATTTAAAGCCGGAGGCAAAGCCACATAATAAGCAAAAGCCAGACCCAGCAGGAACATTCCAGTGACCGCCGGTATGGCCGTAAAAATAAATTTCTTTTCATTGCGGTTTAGAGCCGGGGTAATAAAAGCAATCAGCTGGTAAAGAATGTAAGGGGAAGCCAGAATAAACCCCGCCCAGAGTGATACATTGAAAAAGACCGAGGCATATTCCATGACCCCCAGCTGGGCCGGTTTAAAATCCGGGCCGCCGGGAGCAGTTAAAAAGCCGATAATGGGAGTGGCGAAGAAAAAGGCCACCAGTACACCCACTATCAGGGCAATGATACTCCGGGTAAAACGCTGGCGAAGCTCATTAAAATGCCCGCCGATAG
CP179927.1_gap45	1488378	1488951	573	AGATAGACGGGCTGGTAAAGCTGGCTGGCAAACACCACCTGCTCACTACCGGCGGCAGCGATTACCACGGTCTGGACGAACTTACCGAAACACCCATCGGCGGGGCGGAAGTACCCTTGCAGGATGCCAAAAAGCTGATTGCCAAAGCCCGCCAAATAAAGGCCAAAGGGCTGGCGGAGGATATGGAATGAGCCTGGTATTTATAATCATGGCCATAGCCGGTTATCTGGTAGGGGCTATCCCCATGGCCTACCTGCTTTCCCGCTGGCGCAGGGGTATAGATATACGCCGTTACGGCAGCGGCAATGTGGGGGCTTCCAATGTTGTTAAAACCGCCGGCAAGAGGCTGGGGCTGGCTGTTTTTATTTTTGATGTTTCAAAAGGGGCTGTGATGATACTTCTGTCTGGCGCTCTGGGACTGGCGCTCTGGCAGCAGATAGTAGTCGGTTTGTTTACTATTGCCGGGCATAACTGGCCGGTCTTTCTCCGCTTTAACGGGGGAGGGGTATTGCCACCTCACTGGGAGTGGCTCTGGTAATGGCACCCGTTCCAGCTTTGATAGCTTTGGGAATA
CP179927.1_gap46	1492055	1494762	2707	GTACCCTTCCGCCATACTTCCGCTTTGGAGGAGCTTCCCGAAGAAGAACGCAACGAGCATTACCGTCTGGTCTGCCGGGCGGTTGCCGTACTTAAAAATGAATACAAACCTGAAGGCTTTAATATAGGTATGAATCTGGGACGGGTGGGCGGTGCCGGTATAGACAAACACATCCACACCCATATTGTGCCCCGCTGGAACGGGGATACCAACTTCATGCCGGTTATAGGCCAGACCAAGGTTCAGAACGAAGCCCCGGCAGATACCTACCGCCGCCTTAAGCCCTGCTTCCAGTCCGTTTAAATAAGCCCGTTTTTGTCTTTGCCAGCCTTTCAGAAACTTTATTTGCAAAACCCGCCTGCAGGGTCTTGCCTTTTAGTAATACTTGTTATACTATTCATACTAGTAGGATATGTATTATTATCCCCAGATATTTAAACGGGAGGCAGTGGAATGAACCCACAACAGATGGAGATTTTTTACGGTTCGGGTTCGGTGGGAGCTAAGGGGCAGATAGTCATACCGGTAAAATTCCGCAAAATATTCAATATTCACCCCGGAGACCAGGTGATTTTCATGGGAAACCCCCAGCAGAATGCTTTTGCGGTCATGAGGGCTGACCAGCTGTCTGCCATGCAGAGCCAGCTGGACCAGGCAAGAGCCCAGATACAAAGAGCTAACGCCGAACTGGCAAACGAAACAAAGAAGGAGACTAAAACCAAATGATACTTACCAATACCGAAGATGTAGCCGGACACAAGATTATAAAAAACCTGGGGCTGGTAAAAGGAAATACTATCCGGGCTAAACACATAGGCAAGGATATTCTGGCCGGATTAAGGAGCATTGTGGGTGGTGAAATTGAGGAATATACCCAGATGCTGGACGAAGCCCGGAATGAGGCCATACGGCGCATGGAGGCTGAGGCCAAGGAAAAGGGGGCTAACGCTATTATTTGTGTCCGCTTTTCAACCTCAGCGGTTATGCAAAATGCTTCCGAAGTAATGGCCTACGGCACAGCCGTAGTAGTGGAATAAAAGGCGGGAAAATAAAATGGATATTAACTGGGCACTTATTGCCCCTCTGATTGTCCTCCAGCTGATACTGCTTATTATAGCGGTGGTGGATTTAGTCAAACGCCCCAAAGTCCGCTGGGACAACAAGTGGGTCTGGGCGGTAATAATCGTATTTGTAAACATTATAGGCCCGATAATCTACCTGACTCTGGGCCGGGAGGAAGACTAAACCTTGGATGCCATACTCTGCCAAAAGCTGACCAAGAAATTCGGTGATTTCACCGCCCTGGACGGGCTGGACCTGGCGGTTGAAAAAACCGGGTTTTCGGGTTTTTAGGCCCGAACGGGGCAGGCAAGACTACTGCCGTACGGATGCTGACCGGCCTTTCCCAGCCCACCTCAGGCAAGGCTTACGTATCCGGCGAGGAGGTAACACCCCGAAACCTGTCACTCCGCTCCAAGATTGGCTTTCTGCCGGACGTACCTGCCTTTTACGGCTGGATGACAGGACGTGAATTTATGCTTTTTTCAGGTGAACTTCACAAATTAGCTCCCAAAGATAATAATCTGCGGGCAGACGAACTGCTGGAGCTGGTAGACCTGAAAGAGGCCGGTAAACGCCGGGTGGGCGGGTACTCGCGGGGCATGAAACAGCGGCTGGGTATTGCCCAGGCCCTGGTAAACAAACCCGAAGTGCTCTTTATGGACGAACCCACTTCTGCCCTTGACCCTATGGGGCGGAGAGATGTGCTGAACCTTATTGAGCGCCTAAGCGGGGATACCACTGTTTTCATGTCCACCCATATACTTTCAGACGTGGAAAGGGTATGTGACCGGGTAGCTATTATAAGCGAAGGCAAACTGATAACATCGGCCAGCGTGGAGGAGCTTAAACGCAAATACTCCACTTCGGCTTTTGAGATACAGTTTGAGGAAGAACCCACCCCCATTCTGACCCAGCTGCTGAAAATGCCTTATGTCAAAACAGCCGAGGTACGAACCGAAGGTGACCTGAAGGTGGTGTATGTTCAAGCCAGTGACCTTGCCAAAGCCAAAACTGAAATACCCGGCATAATTGCCCAAAGCGGGCTGACCCTGACCCATTATGAACTTACCACCCCCAGTATTGAAGATGTATTTATCCAGCTTGTAGGGAATGGTGCGAAGGCATGAGCGGACTGATACCTTTATTTAAAAAAGAACTGAAGGAGCAGTGGAAAACCTATAAGACACTTATAGTAGCCATTGCCTTTGCCTTCTTCGGCATATCCACCCCGCTCATTCTGGCCTACCTGCCCCAGATTATTGAGATGAGCGGGCAGGGGGGCGACATACCGGTGGTAATGCCTGACCCCACCCCCTCATGTCCATGCAGGAATTCGGTCAGACCATGCTGCAGGTAGGGGTGCTTATCTGCATTCTGATTGCCATGGGTGCAATTTCCGGGGAACGGGATAAGGGCACGGCCATGCTGACTCTGTCCAAACCGGTCAGCCGGGGGGCATTTGTAATGTCCAAGTATCTGGCTCTGGGACTGCTGGTGCTGGTTTCCATGCTGCTGGGCGCCGGGCTGTGTTACTGGTACACCGTTATGCTGATAGGCGACTTTTCATTTATGCCTTTTCTGGGCAGCACCCTGCTGATGAGCCTGTTTTTGCTCTTGTGTCTGGCAGTTACCCTGTTTTTCTCCA
CP179927.1_gap47	1498454	1502999	4545	GCGGAAATCAGCGCTGATATCTATAACCCGCATACCTTTTGAGAGCAAATCAGGTACCAGTGACGCCCCTTCCTTGTGGGGCAAGGCCATAAAGGCAACATCCACTTCCCCTTCCAGGCTTTCAGTAATAGGTAAATCAAGGCTGTGCAGGTAAGGAAATGCATCCGAAAGCTTTTTCCCGGCCAGACTCCGCCCGGTTACCGAACAAAGCTCTACCGAGGGGTGGCTTGCCAAAATACGGGCAAGCTCCAGCCCGGCATAACCGGTTACGTTTATAATACCTGCTTTATATTTTTTCATCTGCTTTTCCCATTAAAAGATGCTAAAAGTATAGCACATCCGGCCGCAGCCGAAGCTACTCCGGTTTACCCATATTCCGCAGGCTGTTTAAAATGTACTGGATTTCAATGGTGGTCATGCCGAAGCGGTGCATGGCGTGGCGTGAAAGTTCCAGACCTACCTCAAACTCAGGCTGGACTACCTCGCTGACACCCATTTTTTTCAGCTTTTCAGCCTGGATGTCACTGGAAACTCTGGCTACTATATCCAGCCGGTCGTTTATCTTGCGGGCATTTTTAACCACCTGTTCGGTATCCGCAAAACCGGGCATGGCGCATATAAGCAGGCGGGCTTTATCCAGGCGGGCAAACCTGAGTATTTCGGGATTAGCGGCATCACCGTAGATAGCGTGGGCTTTCTGGCGGCGAAGTTCGGCTATGGTCTGGGGGTCTAAATCTATCACCAGAAAGGGGAAATTACGGCGGTTCATCACCCGGGTCAGAGTCTTGGCAACACCCCCTGCGAACAGATAACCGCATGGTTGGAAATATCCAAATCCATAAACTCCGCCTGGCCGGAGGTGCGCAAACTGACCAGCTTGCTGGCCAGCGGCCACTGGCTGACCTTTCGGTAAGCCGCACCACTGAAACTTAAGGCAAAAGGGGTGATTATCATGGTAATAACGGCACTGCTGATGGTAATGGCATAAATACTGTCTGAAATAACTGATGATGCCAGACCCACCCCGGCCAGTACAAAGCTGAATTCACCTATCTGCATCAGGCCGATACCGGTAGTAAAAGAGGTCTGGAAGGTATAGCCGAACAGCCAGGGGACTGCCCCGGCCACCAGACTTTTGATAACCAGCAAAAATACCACTACCAGCAGAACCAGACCTATATTTTCCACTGCAAAGTTAAGGTTTGCCAGCATACCCAGAGAAACAAAGAACAAAGCCCCGAAAATATCCCTAAGGGGGATTATATCTGCCAGTGCCTGCTTGGCATACATAGACTGTCCTATAAGAAGCCCGGCTATAAAAGCCCCTACCGCCGGTGAAAGCCCCAGCGCAGTTGCCCCCAGGGCCGCCCCCAGAGACAGGGTGATAACAGACAGCAGAAAAAGCTCGTGCGAATGGGAAGCCACTCTCCCCAGCAGACGGGGGAAAACCCAAAATCCCAAACCAAACATGGCCAGAATAAAGGCCGCCGCTTTAGCAAAGGCAACACCTATGGTCAGGCCGATGTCCCCGCCTTCACCCCCAAAGCCGGCAAGATAATCATCAGGGGAATAAGGCAGATATCCTGCACCAGCAGGATGCCCAGCATCACCCGTCCGTGAGGGGCTTCGGCTTCACCCTTGTCCATAAGTATTTTAAGAACTATCAGGGTAGAGGAAAGAGAGACCATAAACCCGAAGAAGATAGAGGCGTTTACATCCCAGCCAAGGCCTCTGCCCAGCAAAAACCCGAACCCGGCGGTAACCACTATCTGGATAAGGCCGCCCAGCACCGCCACCTTTCCCACCCGCTTAAGCTCATCCAGCGAAAAGTCCAGGCCAAGGGTAAAAAGGAGCAGAATAACGCCGACTGTAGCCATGGATTCAATAACACCCGGAGACTGCACCAGACCAAAACCGTTTGGCCCTATGGCTATTCCCGCTCCCAGATAACCCAAAAGGAGCGGCAGTCTGAAGCGGCGTGCCAGTAAACCGGCCAGAACAGCCGATACAAGCACAATGATTAAGTCCAGCCCGAAGCTGGAGCCTAATTCTTCCAATGCCCTCTCCTTATGCGGGGGAAAATCGGGGATGCAATATTCTAACATATAGACCCGTACTTTCTACACAGGCTTTTGTAACTAACACCCCAAGATAGCCAAAATATTTTCTGAATTGGCATTTGGCTAAATAATGTCTATACTAAGTGTCTGATATGAGCTACACCGAAGAAACCAACAGCATCACTTTTCTGGGTACAGGCGGGGCCAGATTTATGGTCAGCCGCCAGATACTGGCTTCGGGCGGAATCTGGCTGAACCTTGACGGCAAACGGTTCCTGATTGACCCCGGCCCGGGCAGTATTGTGCAGGTATGCCGTCTGGGCTTAAACCCGGAAAACCTGAGTGCTATTCTTTTGTCCCACCGCCATCTGGACCACTCCGGTGATGTAAACGTAATGATAGAGGCCATGACCCAGGGCGGCTTTAACAAAAACGGCCATTTTCTGGCCCCTGAAGATGCCCTGGATAATGAACCGGTTATATACTCGTATCTAAGGCCGTTTCTGAATGACCTGACCGTGCTTGAGGAAGAACACGAATACAATCTGGACGGGATAAAGGTTTTCACTACCCGGCGTCATCAGCACCCGGTGGAAACCTACGGATTTATATTTGAATCTTGCGGAAAGCGCATAGGCTACGTAAGTGATACCCGCTATTTTGAAGATATGCCCCAGATTTATGCCGGCTGTGACGTACTGATAATAAATGTTGTTCTTAGGGAATCTATAGAACGCATTTACCATTTGAGCATAGCGGATGCTGCCAAACTTATCAGCGGGGCTAAACCCAAAACAGCCATACTTACCCACTTCGGACTGCAGCTTTTCCGGGCAGACCCGGCCAGGATGGCAGCCAAAGTTGAAACCGAAACCGGCATACCTGTCATAGCCGCCGCAGATGATTTGCTGTTTAAGCTGGAATAAAAGCAAACCATATTTTAACGGACTTGTCCCAGAGAGGAACTTTTGTTGAACTACCCCGAACATATTCTCCATCAGGTTGAAAAACCCGGCCGTTATACCGGCGGGGAATGGAATTCCGTTTGTAAGGAATGGTCTAAAACCCCGCTTAAGGTTGCCCTTAGCTTTCCGGATACTTATGAAATAGGCATGTCCAACCTGGCCATACCACTGCTTTATGATATTTTAAACCGCAACCCGGATATTCTGGCCGAAAGGGTTTTCAGCCCCTGGCTGGATATGGAAAACCTTATCCGTGAGAGAAAGCTTCCCTTTGTCAGCCTGGAAAGCGGCCACCCCGTAAAAGAGTTTGATATCTTGGGTTTTTCACTGGGGTATGAGCTTACCTATACCAATATACTGAATATGCTTTCTCTGGCAGGCATACCCATACTTGCTTCCGAAAGGGGAGGGGATTTTCCGCTGGTGATTGCCGGCGGCAGCTGCAGCCTCAATCCCGAACCTCTGGCAGATTTTATAGATGCTTTTGTAATAGGTGATGCCGAAGAAGCTATACAAGACCTGTGCCAAGCTGTCCTTGATTCTAAGAAACAGACCCTCGGTAAAGACCAAGTCTTGCGGGAACTGGCTAAAATCCCCGGCATTTACGTACCCAGCCTGTATCAGGCTGAATATAACCCTGACGGTACTTTAAAATCCATCACCCCCACCGCACCTGAAGCACCTCCCGTAATAAACCGCCGCATTTTGCCCACTTTGCCGCCGCCAACCGTAAAACCGGTAGTACCTTATATAGAGGTGGTGCAGGACAGGGGAGCGGTGGAGATAAGCCGCGGCTGCAGCCGGGGCTGCCGTTTCTGCTCTGCCGGCATTATTTACCGCCCGGTCAGGGTACGCCCAGCGGCAGAGGTTGTAAGTGCCGTTGAAGGCATAATGGATAACTGCGGTTATGATGAAATTTCGCTGCTTTCGCTGAGCTGTTCTGACTACCCGGGTATTGAAAATCTGGTAAAAACCCTGGCGGAAAAATACGCAGACAAACACCTGGCCCTATCACTGCCCAGTTTACGCCTGACCCCGGATTCGGTCGGGCTGGTAAACGTGCTGGCGGGCGGGCGTAAAAGCGGGCTTACCTTTGCACCCGAAGCAGCCAGCGAGCGTCTCCAGAAAGTTATAAATAAACTTACCTCTGAAGAAGAGCTGTGTGATACCGCCCGTACTGCCTTTGAAAGCGGCTGGACCAGCTTCAAGATGTATTTCATGATAGGATTGCCGACCGAAACTGACGAAGATGCCGCCGCTATCTGCCAGATGGCAGGCAGGGTAAATTCACTGTCCCGCGGCGCTCCCGGACGCCGCCCCCAGATACGCCTGAGCCTGGCTTCATACGTACCCAAAGCCCATACCCCATTTCAGTGGGAAGCCCAGCTGGACGAGGAATCCCTCTACCGCAGGGCGGATATAGTAAGGCAGGGGCTGAAACGCTGGGGAATAAAGGTTTCCTGGTCTGATACTAAAATGAGCCTGCTGGAAGCCGTGTTTTCCAGAGGAGACCGCCGCCT
CP179927.1_gap48	1505915	1509649	3734	ATCTCGTATCCGCCTTCTTCTTTGTCACCCTCTTCAGATTCGGCGCTGACCGCACCCTTGGAAAGCCCTCTGGACGAGAATGAGGGAATGCCCATCTGCGAGGGGTGCTGGAAGGTTTCGCGGATAATAACCACCAGTTTTTCTTCATTGGAACTGATAACGGTGGCTGAATATTTGTTGCCGCCCTTCATCAGCTTTATAAGCCGCTTGGAAGTGGGTATGTCCACCATACCCAGCACTTCCCCGCCGCAGTTTTCCACCCACAAATTGGCACCGTCTATCCGCAGACAAAGCTGGTCACCGGCTACAATTCTGGCCAGTACCCCTTTGGGAGCTAAACGGGTCAGGTTTATCACCCCGGCCTTGCCTATTTCTTCAAGGAAATCCTGGGGCTGAACCCGGTGAATAACCGTCCCGGCAGATGCATTTTCTTTGCTGAGTACTTCCAGCCGGTGCAGATTTTTTTCAGCTATTATATTATAAGGATCTATTTCTTTGGCACGGGTATAGGCGGCAATAGCCTCCGGGTAGATAGCCAGTTCCAGATAAGCCCGCCCCAGACGGTTAAAGGCCTCCACATCATTGGGGAACTGCTCAATAATCTTTTTATTAACCTCCACCGCCTCTTGCCAGCGCCCTTCCATGGCTAAACTTACAGCCTGTTTACTGCTCTGGCGCTTGAGTCTTAGCTGTTCCTCTTCTTGGTATGCCATAGATTCCTCATTTTCAGTTATTTGCTAAACGAGTAGTTATTTTACTGTATGCTAAACCCGTCTACAAGTATGAGAAACCCTTTATCCGGTTATTATACTCCATATAGCTTAAAAATTCGCTTATTTCAGGGGCAAATTGACACCATTTCCGGGCTATGGTACTGTAAATTATAGGTGTTTTAATAATTTTTATACTGCTGGAAGGAGCTACTAATGCTGGAAAAAGTGGAAGCCGTTCTGGATAAAATCAGACCGGCCCTGGAAGCCGATGGCGGCAATGTTGAACTGGTAGAAGTTGTGGACGGAGTCGTAAAAGTAAAGCTGGTGGGCGCCTGCGCCGGCTGCCCCATGTCTACAATGACCCTGAAAAACGGCATTGAAAAAATCTTGAAGCGCGAAATACCCGAAGTCAAAGAAGTAGTGGCTGCTTAAGGCAGCCACTCTCTTTTTATATACAGTTTAAACCCCGGTTTATACCCTTTTACAAACCCCTAGTCTTTTTCCATCTCAAAGGCCTTGTGTATAGCCTTAACCGCATCTTTTACCTTATCTTCTTCTATAATACAGGTTATGCGTATTTCCGAGGTGGAAATAAGCAAAATATTTATTCCGGCATCTGACAAAGCTTTGAACATGCGGGCGGCATAACCGGGTGCATTTAACATGCCGGTGCCGATAATGCTGACTTTGCCTATCTTGGAATCACTCAGCACTTCCCGGGCCTGAATATCCTTGGCAATAGGGCCGATAACCTCCAGCGCCTTGCCCAAATCTGACTTGGTAACCGTAAAGGTCAGGTCTGTTATATGGTCCTGGCTGGAGTTCTGGACGATGGTGTCCACGCTGACTCCGGCTTTGGCCAGCGGGGCAAAAAGACCGGCCGCTATGCCCGGTTTGTCAGGCACCCCGAGTATGGTTATCTTGGCAACCTCAAAATCATGGGCTATTCCGCTGACCCTGTTTCGTATTTCCATATTTTCCCCTCCATGTATCAGTGTGCCGGGATTTTCATTAAAGCTGGACGCTACCAGAATGGGTATATTGTACACCTGACCTATTTCCACCGCCCGGGGGTGCATTATCTTAGCCCCGTAAGATGAAAGTTCCAGCATTTCTTCATAACTTATTTCCGCAAGCCGCCGGGCATCCGGTATCAGGCGGGGGTCAGCGGTATAAACGCCGTCCACGTCTGTATAACGCTCACATATACTGGCACCCAAACTGGCCGCCAGAGCAACCGCTGTAGTATCAGAACCACCCCGCCCCAGGGTGGTTACGTCCTGACAGTCTGAAACGCCCTGAAAACCGGCCACAATTACCACCCGCCCTTTAGCCAGTTCATCATGAATACGCTTGGGGTCAATGCCGGTAATGCGGGCTTTGGAATGAGCCGAATCCGTACGGATACCTGCCTGCTGGCCTGAAAGGCTGATAGCATCCTGCCCCATGTTTTTAAGCGCCATGGCCAAAAGGGTGCTGGAGACTATTTCACCGGTAGACAGTAAAACGTCCATTTCCCGCGGTTCGGGACAGTCATTCAGCTTGTGGGCAAGGGCAATCAGGTCATCGGTGGTATCTCCCATAGCCGAAACCACCGCCACCACATCGCTGCCCTTCTGGCGGGCGGCAATAATCCGCTTGGCTACGTGTTTAATCCTTTCGGCATCACCAACCGAAGTGCCGCCGTATTTATGAACTACAACTGCCATACTAAACCCCAAACAATCTGTTTATATTTTGCCTGTACGTTTTAAGAACTGCACAGGCTTAAAAGACGGTTTTGCCCTATATTATAAACCTTTAGCCTGAAAATAAAAGGCTCAGGCGCGGCTGCCCCACCAGAGCACAAACATGATTATCACCAAAACCACCGCCCCGATAATAATCCAGCTGAACAGGCTGCGTTCCACGCTCTTGCGGCGGGCATTTCCCGCCAGCCGCCGGCGGGTGCAGTCCACACAGGTACAGGCCGGGGGATGCCCGTTGTACATGGCGTTCCGGTATCTGTCATCTTCTCTGGGCATATTTATCTACCTCTAACTAAATCTACTTGAGAAAAGCCTGCATCAGATTGCAGCCCTTTTCAAATATTATACCTGTTTTAGCCGCTTCTTTCTCTGTAAAGCGGGAGACACCGTTAGAGGCAACCCCTTTGCCCCACATCAGGAATGGTACCGGCTCTGTCACATGGGTTTTAAGCTCAAGCGGGGTAGGGTGGTCAGGCGTAACCAGCACCCGTATATCTTCGGGATAAGCCAGAAGCTGGCCAACCATAAGCTCGTCTATAAGCTCTATTGCCTTTACTTTATCTGCCAGGCTGCCGGCATGACCGGCTTCATCCGGCGCTTCTACATGGATTACCGCCAGGTCATTATCCCCAAGTGCCAAAAGTCCGCCCCGCATCTGGCCGGAAAAATCATTATTAAGCCCGTCTGTTATGCCGTTTAGTTCCAGTATTTTCATATTCATCATAATACCCAGCCCCCGCAGCAAATCCACCCCTGAATTTAAAACTGCATCCAGCCCGTAAGCCTTTTTGAAAGAGGGCATGGGCGGGATAGGGCCGCTGCCCCAAAACAGCCAGATGGAATTAGCCGGCAGTTTACCCTGACTCTGGCGGCGGAGGTTTAGCGGGTGGTCTTTGAGTATCTGCTGGGAGGAGCTGATAAGCTGGTTTAAAATAAGGCTGCCCTCACCCTGCGGCAAATACGGGGATACCTCACGGTCGGAAATATCATGGGGAGGGGTGCAAAGCGCTTTGGCCGTATCCCCCATGCCCTTTAGTTTAAGCAGGTGGCGGTAATTTACCCCAGGGTAAAACTTTACCCGCTCACTGCCAAGCTCTTTGGCTACTGCCTCAAGCAGTTCGGCCGCCTCTTCGCTGGAAATATGCCCGGCCGAATAACTGGCCATTTTGCCGTCTATTACAGACACCAGATTACAGCGGAAAACAACCTCGTCAGGGGCAACATCTACCCCCATGCTGACCGCCTCAATAGCCGCCCGCCCTTTGTAATATAT
CP179927.1_gap49	1513836	1514336	500	GACCATGGAACGGGAATAGACCGGCCCGGTATCCAGCCCGGCTTCCAGTTTCATCAGGGAAACGCCGGCCCATTCGTCACCCCCCAGCAGAGTTGCGGCCACCGGGGTTGCCCCGCGGTAACGGGGGAGCAGGGAGGGGTGGATATTTAAGACCCCGTATGCCGGTATATCCAGCACCGCCTGGGGCAAGATAAGGCCGTAAGCCGCCACTGCTATTAAATCCGGCTTAAGCCCGCTTAAGACTGCCTGCTCTTCGGGTTTCTTAAGGCTTTGGGGCTGGTAAACCGCCAGTCCGTGTTCCAGTGCCAGCGCCTTTACCGGGGGAGGACAAAGCTCACGCCCCCGCCCGGCCGGACGGTCAGGCTGGGTGTAAACCCCGCAGATATCGTATTCTTCGGCAAGGAGCATCTTAAGAGGAGTAAGGGCAAATTCGGGGCTGCCCATAAAAACAATCCTGAGTTCATTCATCACCGCCATTGTAACACCGCCTAATTACCATA
