gap_id	start	end	length	sequence
CP176590.1_gap1	1362	3107	1745	AGTAAAATTTCTATAAAAAAAGACTTTTAAAAAGCATTTCACATTTTCACATTATTTATTATTATGATAAAATAAATTTAAAAACAAAGGAAGTAAAAATGAAAATTAGCATTAATAAAAACACTTTAGAATCTGCCATAGTTTTAACTAATTCTTATGTAGATAAAAAAGACTCAAGCAATATCGCTTCTCACTTACTTTTTGAAGTAGTTGAAGATAAACTAATCATAAGAGCAAGTGATTATGAAATAGGTATTAACTATAAAATCAAAAAAATCAAAGTTGAAAGTGTAGGTTTTGCAACTGCTAATGCTAAAAGTATTTTAGATATTATTAAAAGTTTAAATAATGAAGATGTAGTCTTAGAAACTATAGAAAATTTCCTTTTTATTAGACAAAAAGGAACTAAATATAAACTTCCTATGTTTAATTATGAAGATTTCCCAAATTTCCCAAGCACTGAAGGAAAAGATAAATTTGATATTGATTCAAGTGATTTAAGTAGATCTTTGAAAAAAATCCTACCTGCAGTTGATACAAATAATCCAAAATATTCTTTAAATGGTGCTTTACTTGATATAAAAACTACTCACATTAGTTTCGTTGGAACAGATACAAAACGCTTAGCAGTTTTCACACTAAATAAAACAAATGAAAAAGAATTTAACCTTTGTATCCCTAAAAAAGCTATTTTAGAAATGCAAAAAATCTTTTTTGAAAAAATTGAAATTTATTATGATGAAAATATATTAATCGCAAAAAATGATAATTTTGAGTTTTTCACAAAACTTATTAATGATAAATTCCCTGATTATGAAAGAGTAATTCCAAAAAATATCACAAAAGAATTTATTTTTAAAACTGAGGAATTTATGGATGCATTGAAAAAAATCAATGTAATCACTGAAAAAATGAAATTAAATTTCCATAAAGATAAACTTGTATTTGAAGGTATTAGTTTAGATAATATGGAAGCAAAAACTGAACTTGAAATGGAACTTAATATAGATGAGGAATTTAATCTTTGCATTAAAAATAAATTTATCACTGACTTTTTAAATTCTATTGAAAGTGAAACATTCAAACTTAGCATAAATGAACCTCATATGGCGTTTTTAGTTTCAAGTGAAGAATTACAAACTGTAATTATGCCAGTTATTTTATAAGGAAAATAAATGCAAGAAAATCAAAATTACGGCGCAGGAAATATTAAAGTTTTAAAAGGCTTAGAAGCTGTTAGAAAACGCCCTGGTATGTACATAGGTGATACCAATATAAGCGGTCTTCATCATATGATTTATGAAGTAGTAGATAATTCTATCGATGAAGCTATGGCAGGTTTTTGTGATACAATCAATGTAGAAATTACCACAGAAGGTTCTTGTATAGTAAGTGATAATGGTAGAGGGATTCCTGTGGGAATTCACCCTACTGAAAATATTCCTACTTTAACTGTAGTTTTAACCGTACTTCATGCAGGTGGAAAATTTGATAAAGATACTTATAAAGTTTCAGGTGGTTTACACGGGGTTGGTGTGAGCGTTGTAAATGCTTTATCAAAAAAATTAGTTGCTACAGTGCATAGAGATGGAGAAATTTACAGACAAGAATTTTCAGAAGGTAAAGTCACAAGTAATTTTGAAACCATAGGCAAAAGTAAAAAAACAGGGACAATCATAGAATTTTGGCCAGATGATCAAATTTTTGAAGTAACTGATTTTGATTATGAAATTTTAGCAAAAAGA
CP176590.1_gap2	5141	7194	2053	AAATCATTCTGACGTTAAAATACTTTATATCATTTTTTCAAAAGAATATATTTTGCAAAATTATAAATTAATCTATCAAAATGAAAATGTCATAGAAAAGCGTTTATTTAGCGAAAAAGAAGAAATAAACACTCTTATTTTAGATCATCAAAAACTTAAAACTCAATGTGAAAATTTAAATCTTCCTTTTATAGAAATTCAAAAAGACTATGAAGCTGAATTAAAAAATGCAATAGATTTTTTTGCCTAAAAGCAAGTAAATAGTTATATAATATCTAAAAAATTATAAGGATTAAAATGCATTTTACTCAGCAGCAATTACAACGATTAATGCTTCATTATGCAGGGAAAATCGCTAAAGATAGAAAAGAGCAAAAAATAAAATTAAATTATAATGAAGCTTTAGCTTATATATGTTATGAATTAATGGAACTTGCAAGAAAAAATTTAAGTGTAAGTGAATTGATGAGTATAGGGAAAACTTTACTTACAAGTGAAGATGTGATTGATGGTGTTGCAAGTATGCTTGATGAAATTCAAATAGAACTTCCTTTTGAAGATGGTACAAAATTAGTTACTATACACGAACCTATAGCAAATGATGATAAAATAAAAGCTGGAGAGATATTTTTATCATCAGAATTTATTGTGCTGAATGAAAATAAAACTTCTATAGAAATCAAAGTAAGCAATAAAGGTGATCGTCCTATACAAGTTGGCTCGCATTTTCATTTCTTTGAAGTTAATCGCTTTTTGTCTTTTGATAGAGAAAAAGCTTATGGTAAAAGGTTAAATATCGCTTCAGGAACAAGTGTGAGATTTGAACCAGGTGAAGAAAAAACAGTAAGTTTAATAGAATTTGGTGGTTTAAAAAAGGTTTTAGGTTTTAATAATCTTTGTGATGATTTTATCAATGATGAAAATAAAACTAAAGCTTTATCAAAAGCAAAAGAGAAAGGATTTCTTTGATTAAGATTAGCAAAAAAGACTATGTGAATATGTATGGTCCAACAACTAATGATAGAGTAAGATTAGCAGATACAGATTTAATTTTAAGAGTAGAAAAAGATTATACTTTATATGGTGAAGAAATTAAATTTGGTGGTGGTAAAAATATCAGAGATGGTATGGCTCAAAGTGTGAGTGAGGGAGACTTTCCGGATTTAGTTTTAACTAATGCTTTGATTGTTGATTATACCGGTATTTATAAAGCAGATATTGGGATAAAAAATGGCTATATAGTAGGTATAGGAAAAGCAGGCAATCCTGATATACAAGATGGAGTTGATCCTAGTTTAGTTATAGGTACAAGTACAGATATTATTGGTGCAGAGGGTTTAATAGTAACTGCAGGTGGTATTGATACTCATATACATTTTATTTCTCCAACTCAAATTGAATGTGCTTTATATAGTGGTGTTACTACTATGATAGGAGGTGGCATAGGACCAAGTGAGGGAACAAATGCTACAACTTGTACAAGTGGGGCTTATCATATACATTCTATGTTAAAAGCTACGCAAAATTACCCTATGAATTTTGGCTTTTTAGGTAAAGGAAATTCAAGCAATAAAAATGCCTTAAAAGAACAAATCACAGCAGGTGCATGTGGGTTAAAAATTCATGAAGATTGGGGTGCTACTTCTAGTGTGATTGATGCTAGTTTAAAAATAGCTGATGAAATGGATATACAAGTAGCTATCCATACAGATACTTTAAATGAAGCAGGTTTTGTAGAAGATACGATTAAAGCTATTAATGGTAGAATTATCCATACTTTTCACACTGAAGGTGCAGGTGGTGGTCATGCTCCTGATATTATTAAAATGGCAGGTTTTGAAAATGTTTTACCTGCAAGTACTAATCCTACTATGCCTTTTACTAAAAATACCATTGATGAGCATTTAGATATGCTTATGGTTTGTCATCATTTAGATAATAAAATCAAAGAAGATGTTGAATTTGCAGATAGTAGAATTCGTCCTGAAACTATAGCAGCAGAAGATAAACTTCATGATATGGGTGTTTTTAGCATTATGAGTAGTGATTCTCA
CP176590.1_gap3	37272	39096	1824	ACGGCATTAAGCCGATGAATTGTGTAGGGCATATTAAAATTTATCAAAGTGATGTTAGAAGCTATCGTGATTTACCTTTGAAATTTTTTGAATACGGTGTGGTGCACCGCCATGAAAAAAGTGGAGTTTTACACGGGCTTTTTAGGGTAAGAGAATTCACTCAAGATGACGCGCATATTTTTTGTATGCCAAGTCAGATAAAAGAACAAGTTTTGGAAATTTTAAGCTTTGTTGATACTTTGATGAAGGCTTTTGAGTTTGATTATGAAATGGAAATTTCAACACGCCCAGCAAAAGCAATAGGCGATGATGAAATTTGGGATATAGCTACAAAGGCTTTAAAAGAAGCTTTAGATGAGCAAGGTTTAAAATATGGTATTGATGAGGGTGGTGGAGCTTTCTATGGTCCAAAAATCGATATTAAAATCACTGATGCGCTAAAAAGAAAATGGCAGTGTGGTACTATACAAGTAGATTTTAACTTACCAAGCCGTTTTAAACTCGAATACACAGATGCAGATAATGAGAAAAAACAACCTGTAATGCTTCACCGTGCTATTTTGGGTTCTTTTGAAAGATTTATAGGAATTTTAGTAGAGCATTGTGCGGGTGAGTTGCCATTTTTCATAGCACCAACTCAAGTAGCTATAGTGCCTATTTCACAAAATCATCATGAATATGCAAAAGAAATAGCAAGAAAGCTTTTAGAGCTTGGTATTGATAGTGAAGTATATAATAAAAACGAAAGCTTAAACAAAAAAATCCGCACCGCAGAAAAAGCACATGTGCCTATGATACTTGTTTTAGGCGATGAAGAAGTAGCAAATAAAAGTGTGGCTTTAAGAGATAGAAGAGCAAAAGAACAAAAAACAATGACTTTAGATGAATTTATAACCCTAACCAAGGAGAAATTAAGTGAGGTATGCTTTTGAGTAAAGAAAAAGAAGTATTGCTAAATGAAGAAATTCAAGCAGATGAGATCAGATGTATAGGTGATGATGGCAAGGTTTATGGCATTATTAGTAGTGATGAAGCACTAGATATAGCAAATAGACTAGGGCTTGATTTGGTGATGATAGCCCCCGAAGCCAAACCACCTGTATGTAAGATAATGGATTATGGAAAATTCCGTTATCAACAAGAAAAGAAACAAAAAGAAGCAAAGAAAAAACAAAAAGTTATTGATATAAAAGAAATCAAACTTTCTGTGAAAATCGCTCAAAATGACATTAATTATAAGGTCAAACATGCAAGTGAGTTTTTAGAGCAAGGCAAGCATGTGAAATTTAGAGTGTTTTTAAAAGGTCGTGAGATGGGCTCTCCTGAAGCAGGGGTAGCTTTGCTTGAAAAAATTTGGCAAATGGTTGAAGATATAGCAGATAGAGACAAAGAGCCTTTACTCGAAGGACGCTATGTAAATATGCTAGTAACTCCTAAAAAGAAAAAATAATCACAAGCCTTTTTAAGGCTTGTATTTTAAGTTTATGCTAGAAGAAAATCCACAATTTTTAAAAGAACAAATCATAACTTATCTTGGTAATAAAAGATCTTTGCTTGAGTTTTTAAATCAAGGCTTTAAATTCGCACAGAATGAGCTTAAAAAAGACAAATTTAGCTTTTGTGATGTATTTAGTGGTTCTGGGGTGGTTTCGCGTTTTGTGAGGCCTTATGCGAGTTTTATCATGGCAAATGATTTGGAAGATTATTCTAAAATCATCAATGAGTGTTATTTGAGCAATCAAAATACACAATTTTTACAAGAATTACAAAAATATTATGATTTTTTAACTTCTGATTTAAAACTCAAAAAAGGCTTTATAAGTA
CP176590.1_gap4	42252	43484	1232	AAGAGCTAGATAAAAGTTCAAGCATGGTTTTTTCCTTCACAGCAACACTGCTCCAAGCTAAGCTCCACATCACAAAAATGCGTGTGATTTTGGCTTAAATGTGCTAGTAAATGTGCCTTTTTTTCAGGGGTGTTTTCATGCAAGAATAACTCTTTGTTTAAATACGCGATTTTATTTGCATAAGCTAAGCTTACATTTAAATCATGGCATATTACTATCACACCAACCCCGCTTTCGTGTAATTTTTTCAAAAGCTCAAAAATCTGCACAGAGCCTTTAGTATCTATACTTGCAGTAGGCTCATCAAGGATCAAAAGCTTGCATTCACTTGCTAGGGCTCTTGCAATGTAAACTCTTTGTCTTTGACCTCCGCTTAGTTCGTTGATTTTTTTATCCCAAAAATTTCTCATACCTACTTTTTCTAAGGCTAGCAAGGCTTGTTCTTGATCTTTTTTGGTGTAAAAACCAAAGAATTTTTTATCCACCCTTCCCATCATCACCACTTCTAGCACGCGTACTGGAAAGTTTGGATTAGCTAAAGTATTTTGTGGGACATAGCCTATATCTTTTAAGCTCAATCTCTCAAAGTTTATGTTTTTATGGCTATTTAGCAAGCCTAGTATGAGTTTTAAAAGTGTAGATTTACCCCCGCCATTTGGCCCTACTATAGCTAAAAAGTCTTTGCTTTCATAGTTTAGGTTGATATTTTTTAAAACCTCATCTTGATTATAAGAAAAGTTTAAATTTTTAATATTGATTTTTATCATTGTAAAACACTTGCTATATTTTTTGCATCTTTTAAAAGCTCATTTTTATAATCACTTGGCAAATGATCAAGTTCTATGATTTTAAGATTATAATTACTCGCCATAGCTTTAATAGTATTGTTATTGGCTCCTTTAGGTACAAAAATAGCTTTTATTTGCTCTTTTTGTATGAGTTTTGCAAGCTTGGCTAAGTCTTTTGGTTTAGGTTCTTTTCCTTCTATTTCAATAGGAATTTGGCTTAGATGATATCTTTTTGCAAAATACCCCCAAGATGGATGATAGACTAAAAAATGCTTGTTTTTTGCATTTTTAAATAAAGCTTGTATTTGTAAATTTAATGCATCCATTTCTTTTAAGAAATTTTCTAAATTTTGCTCATAAAATGCTTTATTTTGTGGGTATTGTTCTATAAGTGCTAGGGTGATATTTTTAGCATGAGTTTTTGCCAAAAGTGGATCAAGCCAT
CP176590.1_gap5	52046	52572	526	GGCTATATAGGGCTTTGTGAGAGTTTAATAGCTTTGATAGGTTCTCATCATGGACAAAGCCAAGAAGCAAGGGAGCTTGGCTTGCAAATCGTGCGTTTTATGCGTGAATTTGTCGATGAAAAAGCACTCAAAGATAAGCTGAATTTTTCACTCATAGCTACTCCGGCTGAGGGTTTAAGTGGAAGATTTTTAAAGCTAGATCAAAAAAAATACGGCATTTTAAAAGGCATAACCGATAAAGATTTTTATACTAATTCTTTTCATATTCCTGTGGATTTTCCTATTAGCATATATAATAAAATTCAAATAGAAGCTCCATATCATGAGCTAAATAATGGTGGGCATATTACTTATGTGGAATTAAATGGCGATGTGAGTAAAAATTTAGAAAGTTTTGAACGCATTATAAAATGTATGAAAGAAAACAATATAGGTTATGGTTCGATTAATTTCCCACTAGATAGGGATCCAGTGTGTGGTTATAGTGGTGTGATAGATGAGTTTTGTCCAAAATGCCACAGAAAAG
CP176590.1_gap6	53879	57566	3687	TTCATCCACTAAACTAAATGCAAGTCTCTTAGAGCCTCTAAGAGACTTTATATTAAAGTTTTTTAAACTAACTTTAAACATTCCTCTCTTATAATTCCGATTTATTTTTATCATAAAAAATTCTAAGGAGTTTTAATGTCTTATTATTCTACGGGGGGGGGATTTGAAAATTCTCAATCAAATAATACCTCTTTAAAATCATCTCATTTAAACAATAATCTTTCTTTTACTAAAAAAACTTTCTTATCTTTAGCAACAATATCTTTTCTAGCAACTTGTGCTAATGCTAGTGTAGTTACTATAGGTGATCAAGCTTCTAATGGTTCTATAGAAATAACCAAAGCTAAAGACTCTAAAATACTAAAAGAAAAACAAGTAAAAAATTCAAGAAGTATTAGTGGTGGTGGTGGTGGTTGTGATGGTAACACAACTTGTACTATAGATGGTAGTCAAGATGGATCAGTAACTATAGGCAATGGTGGTGGAACATTGACTATTACAGAATATGGTAGTATTAATGGTAATAATAGAAATGCTATTGTTGTAAGTCCAGGAGCAAATAATGTAACTATCAATAATGCAGGTAATGTTAATGGTGGTGGTAGTAGTGGTGCTGCAATTAATATAGGAGATAATAGAAGTGGTGGTGCTACTATAAATAATTTCACTAATAGTGGAACTATAGGTAATGGAAGCAATAAATTTGCTATTACTGTATGGGGTAAGAGTGATAGTAAATCAACAATTGAAACATTTAATAATTCAGGATTAATTCAATCAGGTAGTGGCGAAGCTATATATTTAGGTAATACTACTATAAATGATTTCACTAATAGTGGAACTATTAAATCAACAGGTGGGGTTGGTGTTAATGTAGCAAGTGGAACCAATATATCTACTTTAAACAATAAAGGCACTATTAGTGGTAGTCGTGAAGATGGTATAGCAATAAAGAAGAATGCTACAGTAAATACTTTAAATAATAGTGGTGTTATTAGTGGTGGTAGTAATGGAATAGTTTCTTATGGAACAATTAATACATTAGAAAATAGTGGCAATATAATTGGTTTAGGATACGGAAGTAATAATGCTGGTATTAAATTAGAAGGTGGAGGAAGGATTGATACTATTACCAATACCGGCACCATAGAGGCAAATAGTGATGGTATAGCTGTATCTTGGGGTTCTTTTGGAACTTTAAACATAAAAGACGGCGGAATAATAAAAGCTAAAAGAAATGGGATAAGTATAAGTCAATGGCAAGTTTTAGGAGATTTATATGTTGATAACGCTAGTATTACCGGAGCGGAGAGTGGAATTTTGTTAGGTTTAGGTTCTACTACAAGCGATATATCTATAAAAAATGGTGGGAAAGTATACGGTGGTAACTACGGATTGTGTCTCGTTCATGCAACCTTAAACGAAAATACAACCATAGATGGAGAAAATTCTATCATACATGGTGAAACTGCTGGAATTTATTTAAGCAAAGGATCTGCTTTAAAAGGAACTATAGAGGTTAAAAACAAAGGTGTGATTTCAGGTGGTGATAATGGATATGGCATTATCAATGCTGATAATGCTAATATAGGTGGTTCTGTTTTAATTAGTAGTGGCGGTATGGTTGCTGGTATTTTAAACAAAGATAATGCTAAGATTACCGGGACTATAAAAGTAGATGGAGAAGGTTCTTCTATAGTAGGTGGAATAATAAATCAAGATAACGCCAAAATAGAGGGCTCTATAGAGGTTGATAACAAAGGACAAATAGATAATATCATCAATGTAGGAAGCGGAGAGATTAGCGGTAGTGTGAAGGTAGATAATAACTCTAAAATTGATAATATTATCAACGGTGCTTTGACAAGTTCTTTTTATAGCGGAGTTTCTACTGGTAAAATATCAGGAGATGTTAGCGTTGATAATGGAAGTATAGTTGGAAATATTATAAATGCTGGACAAGGAGAGATTATTGGTGGTATTAAGGTAGATAATAATAGTGAGGTTACTAATATTTCCAATTCTGGTAAAGGGTTTATTAGTAGTGATATTAGCGTTGACAATGGCTCAAAGGTAGGTAATATCATTAATGATGATTATGGGAAAATTACAGGAGATATATTTATAGGCAAGAATTCTAGTGTAGGAGGAGTTGTCAATAGTGGTTATGGTGAAGTTAGTGGAGATATTAAAGTAGAAGGTGGTGGTAAGGTAGATAATATTGTTAATGATGGTAACGGACAAATAAATGGCGGTATTAATATAGGAGAAGGTTCTTCTGTAGGAGGTATTACTAATAGTGGTAATGGTAATATTGGTGGAGATATTAAAAATGATGGAGATTTAGGAACAATTAATAATAGTGGATCTATTTCAGGTTCTATTGAAAATAATAATGGTGATTTAAATATTAAAAATGATGGAGATTTAGGGGGATCTATTACTGTAGGTAGTGGTGGCAATACTTCTATCTCAAATGGTTCTAATGGTAATATTGGTGGTGGTATTATTAATAATGGTAATGGTAATATTGATATAGATAATAAAGGTACTGTTCAGCCTGGTAAAGATGGTAATCATATTGTTAATAATGGCAATGGTAATATTAATGTAGGAGATTGGCTTACTAAGCCAAATGAAGATGGTAGTTTTGATGGAGTTATTAATGTAGGTGGAAATGGAAGTGGATCTATAAATATAGATAATATTACTGTAGATACTTCAGATCCAAATTATGATGCGACTAAACCTATTAATCCTAATGATATAGTAAATAATAATGGAAATGGTGGTAATATAGGTGTTGGTAATATAAATTCAAACAATGATTTATTAAATTTAGTTTATGATCCAATTTCAAAAACTTATAAATCCTTAGCTGATGTAAGTGCTGGTGTGGGTTCTGTTATGGCTCAAACTTTAGTTAATACCTATATAATGAGATCATTCTTTATTGATACTGTAATGGATGATGCTTCAAGAATGGCATATAAACATGCAAGAGTACATGATCATAAGAAAAACAAAGACTTAGTGAGATTTAGCACAGATGAACATTATCATGGCTTTGTATTGCCATATTTTTCATCAAATAGTATTAAACTTTTAGGAACAAGTGATTATTCTAAAGGACATACTAAAGGTATAGTAGCAGGTTTTCATACCTTAAGAGATATAGGTATGCTAGGAGCTTATTTAGGAACTGAAGAAGCTAATATGGATACTAAAGATTATTTCTCTTTAAAAATGCAAACAGTTTATGCAGGTTTGAAATATTCTAATCTTTTATTAGAAGATGAAATGAAAGAAGCTTTCGTTAAAGCACATACTAAAGTATCTTATACTAAAAATGATGTACAAAAATTCATCGATAAAGGTAAAAAAGAAGCTAATGGTAATACAGATACTTATGGTTATGGAGCAAGTATAGGTACTGGTATGAATTTTTATTTAGATGGTATCAATAATGTTATTACACCTGAAGTATCATTAAACTATGAAGGTGGTTTCACAAAAGCATTTAGTATGCATGGAGAAGGTGCGTTAAATCATGAAAGATATTATAAAAGTGAATTAAATCTTTTCTCAAGTACAGCATCAATTAAATGGTTTAATCAATGGCACCCACAAATTAGCACTTCATTTGAAGCAGGTGCAAGAGTTAATTTTAACCCTGAAGTAGACTCA
CP176590.1_gap7	59029	60603	1574	AAGGTATTTTAACTAAAAATGTTTTAAGGCTAAATTATGCAAAATGCTTATTTTGTAACTTCAAGTATAGCAGGTGGAAAGTCAAGCTTTATAAAAATAGTTCAAAATTTGGGTTTTGATACTTTAAGTGCAGATGTGATAGCCCATGAGCTTTTAAATAAAAATGCAAATTCCATAGCTAAGATTTTTAATAATGATGATTTAATCATAGCAGGAAAAATAGACAGAAAAAAACTTGGTGCTATTATATTTAATGATTTAAATGCCAAAAAAAAGTTAGAAGATTTTTTACATCCTAAAATCAAAGAAGTTATTTTACAAAAAGCCCAAATTTTAGATAAAAAAAATAAGGCTTTTTTTATAGAACTACCTTTATTTTTTGAAAACAATCACTATCATAATTTAGGAAAAAGTATATTGGTTTATACTCCAAAAGAAATTTTACTTCAAAGACTAATGCAAAGAGATAATTTAGATGAAAATGAAGCTTTAAAAAGAATTAATTTGCAACTTGATATAGAAGAAAAACTAAAAAAAGCAGATTTTGTGATAAAAAATACTTCAGATTATGAAAATTTTGAGAAAAATGTGCTAAATTTTTTAAAACACACTTTAAAGGTAATGAATGAAATTTTATAAGTATTGTGCTAGTGGGAATGATTTTGTGGTATTTGCAGATAGTGAAAAAAGAGATCGCAGTGAATTGGCTAAAATTCTTTGTAATCGCTATGAGGGCATAGGTGCTGATGGGCTTATAGTGGTTGTGCCTCATGATAGATATGATTTTGAATGGGAATTTTATAATTGCGATGGGAGCAAAGCAAGCATGTGTGGCAATGGTTCACGCGCGGCAGCTCATTTTGTACATCATTATTTAAAAAAATCTCAATATTTAAATTTCTTAACCGGTGCAGGGCTTATAAAGTCTTTTGTTGATGATGATATAGTTGAAATAAAACTTAGCGGGGTAAAGGATATTAAAGAAGCTTTTGAGTATAAAGGTAGAATTTGGCAAGGCTGTAATACTGGAGTTCCACACATAGTAACCTTTGTTGATGATTTAAATGAATTTGATGTAAATTTATGCAAAGAAGTGCGTAAAAAATATAATGCAAATGTTAATTATGCTAAAGTGGAAGATGATGAGTTTATAAGAGTTAGAACTTATGAACGTGGGGTGGAAGATGAGACTTTAGCTTGTGGTACGGGCATGGGGGCTTGTTTTTATCTAGCGTATTTAAATCAAAAAGTTAAAGATGATATTTTGGTAAAGCCAAAGAGTAATGAAAGTTTGTATTTTAGATTAGAAGAGGATCAAATATTTTTTAGAGGAAAGGTAAAGTGCTGTTTTGAAGCTGATTATAATTTTACTTAGTAGTGTCTTATTTTTAAAAGCCGAATTTGTAGCAGGTTTTGATGAGAAATACTATACTTTAAGTATAAAAGAAAAGCGTGAAGTTTTTATCAAAAAAATTAATGCTTTATTGGATGTTTCTTTTAAAGAGATAGAAAAGGAAAAAGAATTTGTAAATATTTTTTTTAGGGAAGCTTTAAAGAATAATTTTAGAAAGCTA
CP176590.1_gap8	65024	66912	1888	TGCTAAAACTCGCCGTAAAAAAGCTAGCGATAAGCTAATAATTTCAAGAAGAAAAGGAAAGTAAGATGGCTAGGTCACTAAAAAAAGGTCCTTTTGTTGATGACCATGTAATGAAAAAAGTCATCGCTGCTAAAAAAGCTAACGATGGTAAGCCAATTAAAACTTGGTCAAGACGCAGCACTATTATACCTGATATGATAGGTTTAACTTTTAATGTTCATAATGGAAAAAGCTTTATTCCAGTATATGTTACTGAAAATCATATCGGTTACAAATTAGGTGAATTTGCACCTACTAGAACATTTAAGGGTCACAAAGGCTCTGTTCAGAAAAAAATAGGTAAGTAAGGGAGATTTATGAGTAGAGCGTTAATTAAATTCATAAGATTATCTCCAACTAAAGCGAGATTGATTGCTAGAGAAGTTCAAGGTATGAATGCAGAGCTTGCATTAGCTAGTTTGAAATTTATGCCAAATAAAGGTGCTAAATTTATAGCAAATGCTATTTCAAGTGCTGTAGCAAATGGCGGATTTGAAGCAAATGAAGTTGTTGTTTCAAGTTGTCGTGTTGATGCTGGTGCGGTTTTAAAAAGATTTAGACCAAGAGCTAGAGGAAGTGCTAGTCGTATTAGAAAGCCAACTTCACACATTTTGGTAGAAGTTAGTAAAGTAGAAGCAAATGCTGAAAAAACTACAAAAGCTAAAAAAGCATCAGTGAAAAAGGAAAGCTAATATGGGACAAAAAGTAAATCCGATTGGTTTAAGACTAGGAATTAATAGAAATTGGGAATCAAGATGGTTTCCTACAAAAGCTAATTTAGCAGAAAATATTGGTGAAGATTATAAAATCAGAACTTTCTTAAAAAGAAAACTTTATTATGCAGGAATTAGCCAAATTCTTGTAGAAAGAACAGCGAAAAAATTAAGAGTAACTGTTGTAGCTGCAAGACCAGGGATTATTATTGGTAAAAAAGGTAGTGATGTTGATATTTTAAGAAAAGAACTTCAAGATTTAATCAAAAAAGAAGTTAATATTAATATCAAAGAAGAAAGAAAAGCGGGTGCTTCAGCTCAGCTTGCAGCTGAAAGTGTTGCTACTCAACTTGAAAAAAGAATTGCTTTTAGAAGAGCAATGAAAAAAGTAATTCAAGGAGCGCAAAAAGCAGGTGCTAAAGGGATTAAAGTTTCAGTTTCAGGCCGTTTGGGTGGTGCTGAAATGGCAAGAACTGAATGGTATCTAGAAGGTCGTGTTCCACTTCACACTTTAAGAGCAAAAATCGATTATGGTTTTGCAGAAGCGCACACTACTTATGGAAACATAGGTATTAAAGTATGGATCTTTAAAGGTGAAGTTTTACAAAAGGGTGTTCAACCTGAAAAAACCGAAGAAAACGCTCCAGCTAAAAAAACTAGAAGAGCAAGAAGAGGTAAATAATCATGTTAATGCCAAAAAGAACAAAATATCGTAAAATGATGAAAGGGCGTAACAGAGGTTATGCCAACAGAGGGACTGAATTTACTTTTGGTGATTTTGCCCTAAAAGCAACTGAAGCTGGCCGTATCAATTCACGTCAAATCGAAGCAGCTCGTATTGCTTTAACTCGTTTTGTAAAAAGACAAGGTAAAACTTGGATTAGAGTTTTCCCAGATAAACCTTTAACTAAAAAACCTTTAGAAACTCGTATGGGTAAAGGTAAAGGTGCAGTTGAGGAATGGGTAATGAACATTAAACCAGGTCGTATTATTTATGAAATGGCAGGGGTTAATGAAGAAATGGCAAGACAAGCTTTAACTTTAGCGATGCACAAATTGCCATTTAAAACTAAGTTTGTTACAAGAGAGAGCCAAAATGAAATATACTGAGATTAAAGATAAAACAGCAGGTGAGC
CP176590.1_gap9	87664	89955	2291	AACATTACCTAAAGCAAAAGAATTAAGAGGTTATGTTGAAAGATTGATCACTCGTGCAAGAAAAGGTGATTTCAATGCTCATAGAGCAGTTTTTGCTAGCTTGCAAGATAAAGAAGCTACAAACAAGCTTGTAACAGAAATCGCACCTAAATTTGCAGATAGAAACGGTGGTTATACAAGAATTATTAAAACAAGAATTCGCCGTGGTGATGCTGCAGAAATGGCTTTCATCGAATTCGTAGCTTAATTTTTAGCCTTTTTAAAGGCTAAAAACTTCTTATTTTTATTTATTTACTTACTATTTTTTGTATTTTTATCCATTTTTTGCTACTATTAATCTTTTTAACTACAAAAAAGGAAAAAAATGCAAGAAAATTCAAGATTACGCATAGCTATACAAAAATCAGGTCGTTTGAGTAAAGATTCTATCGCCTTACTTGAGTCTATAGGCGTAAAACTTCGCATACACGATCAAAGCTTGATTACTTTTTCTACAAATTTACCTATTGATTTACTTAGAGTAAGGGATGATGATATACCAGGATTAATTTTTGATGGAGTAGTAGATCTTGGCATAGTTGGAGAAAATGTTTTAGAAGAAAATGAGTTAGAAAGAAAATCAAAAAATGAAAATGCAGATTTTATAATGCTTAAAAAACTTGATTTTGGTGGGTGCCGTTTGTCTTTAGCATTGCCAGAAAATAGTGAGTATAAAGGTATAGAAAGTTTTAAAAATTTACGCATAGCAACTTCTTATCCACAGCTTTTAAAGCGTTTTATGGAAGAAAATAACATTCCTTATAAAACTTGTATGTTAACAGGCTCAGTTGAAGTAGCACCAAGTGCAAATTTGGCTGATGGAATTTGTGATTTAGTTTCAAGTGGCGCTACTTTAAAAGCAAATGGACTTAAAGAAGTTATGGTAATTTATAAGTCAAAAGCTTGTATAATCCAAAGAAAAGAAAGCTTAGCTTCACACAAACAAGAATTAATCAATAAATTACTTATTAGGATTAATGGAGTTATGCAAGCAAGAGAGTCAAAATATATCATGTTACATGCTCCTATTGAAAAGCTAGAAAAAATTACAGCTTTGTTACCAGGTGTTGAAAAACCTACGATTTTACCTTTAGAAAATGATAAAGCTAGAGTGGCATTACATATGGTAAGTCAAGAAAATTTATTTTGGGAAACTATGGAAGCTTTGAAAAAAGAAGGTGCAAGTGCGATTTTAGTTTTACCTATTGAAAAAATGCTCTCTTAAAGGATAAAAATGCAAATACTTGATTTTGAAAAATTAAACCAAAGCGAACAAGAATTAGCACTCAAGCGTCCTGCTATAAGCGCTAATGCGCAGGTTAAAACTATAGTAGAACAAATCATTGAAGATGTTAAAATAAATGGCGATGAAGCTTTAAAGCAAATGGCTGTAAAATTTGATAAAGTAGAGTTAAACTCCATCAAACTAAGCGATGAAGAGCTTAGTAATTTAGCAGAGCAAATTGATGATGAGTTAAAACAAGCTATTAAAGTAGCTTATGAAAATATCTATAAATTCCACAAAGCTCAAGAAAGCCAAACCATAGAGGTTCAAACCTTTGAAGGGGTAACTTGTAAGGTGCTAACAAGAGCTATTGAAAAAGTAGGGCTTTATATACCAGGAGGCTTAGCACCACTTTTTTCAACTGCACTCATGCTAGCTGTCCCAGCTAAAATTGCAAAATGTAAATTCATAGCCTTAGCCTCCCCAGCACCATTACATCCTGCCATTGCTTTTGTGGCAAAACTTTGCGAAGTTGATGCAGTGTATCAAATAGGCGGAGCAGGAGCTATAGCAGCACTTGCTTATGGAACGCAAAGTGTGCAAAAAGTAGATAAAATTTTTGGCCCAGGAAATGCCTTTGTAACTGAAGCCAAAAAACAAGTTAATAATTATGGAGTAGCTATTGATATGCAAGCAGGGCCTTCTGAAGTGTTAGTTTTAGCAGATGAGTTTGCTAATGCTAAATTTATAGCTTCAGATTTACTCTCACAAGCTGAGCATGGAGCAGATTCTCAAGCGATTTTAGTTTGTACAAGTGAAAAACTAGCTAAAGAAGTAGATAGTGAAGTTGCTTTACAGCTTGAAAAACTCTCGCGTAAAGAAATTGCTTCAAAATCTTTAGCACACTCTAAAATCATTCTTGCAAAAGATATAAAACATGCCATAAGTATTTCAAATGACTATGCACCCGAGCATTTGATCATTCATACACAAAATCCATCTAGCTTACTTGATGATATTATGCATG
CP176590.1_gap10	97421	100176	2755	TTGTTTATAAGTGTTTTGAAAATAAATATAAAGTTTTTTGAAAAAGGTTCGATATAGTTAGTGAATCTTTTCAAAAATATTGCTTAATTAAGCGTGAGAAATCACGCTTAACTTCTTTTTGATTTTATTTAACTTTCTTTTATTAATCAAACTTAGATAAGAAACCAAAGATAAAAATGTACAAGTACCTACAATAAGCGATAATAATATGGGTGTATTAGCATTTAAAAGACTTACAAAAAATGCCATTACTCCTGCCATAGCAAATTGTGCTGATCCTAAAAGTGCTGAAGCACTGCCTGCATTTTGTTTTGATCTTGCCATAGCTAGGGCAGTTGTATTGGGTAAGATAAAGCCTAAGCTTGCTATAATCAAGCATAAAGGAATTTCAAAAACCCAAAAACCTAAATCAAAAGTTGCTCCCAAAATGAGTAAAAAGCTTAAAAAAGTAATTACCGTAAGAGCTCTTGGCAAAACATAATAAGGCGAGAGCTTAAGAACTATTTTTGCGTTAATATTGGCACATATAACAAAACTTAAAGCATTTGTACCAAAAAGGGCTGCGTATTGTTGAGGGCTGAGTTCAAAAATACGCGTAAAAACAAAAGATGAGCCGGTTAAATAGGCAAAAAATCCTGCAAAGACTAAATTCCCGCAAAGTAAATACACTACAAAACGTCGATCTTTTAAGATTTTTTTGTAGCTTTTTGTAACTTCTTTGTGATTGAACTTTTTACCTTGAGTGTCAAGGTTACTTTCTTTTAGAGCAAAAACAACAAGCATAAATAAAATAAGACCTAAGATAAATAATGTCAAAAATATACTACGCCAAGAAAAAAATTCAAGTAAAATCCCACCAAAAGTAGGAGAGAGCATAGGTGCTAAAGAAGTAAAAACCATCATCAAAGCATAAACTCCGGTCGCTTCTTTAAGTTCAAAAACATCATTTACTATAGCTCTTGCAACAACTACGCCCACGCAACCCCCTAAAGCTTCAAAAAAACGTAAAGCTATAAATACATGAATAGAATCAACTAAAACACAAGCAATACTTGAAGAAATAAAAAGAAAAAGTCCTATATATAAAGGTTTTTTTCTCCCAAAAACATCACTTAATGGCCCATAAAAAAGCTGGCCCAAAGAAAAGGCTATGAAAAAACTTGCAAGGGAAAGTTGAGTATAAAAAGAATTGGTTTGAAAACTTTTTTCTACTTCATTTAAAGCAGGTAAATACATATCAGTTGAAAGTGGTGCTATGGCTGATAAAAAGCCTAGTATGAAAATGAGCTTGAGTTTCTCAAAACCCTTTAATTGAGTGCGTTTTTGCATAAAAAATCCTAAAATATTTTTTATCATTGTATATCAAAAAGTCTAAAATAAACAATAATTTACATTTTTTAAAGGCAAATAAGATAAAATTAAAATAAAAATAATCTAAGGAAAAGTTATGAATATGCCTTTTAGTGATGAGGAATTAATAGAGCCTGTAAAAGCAAGTCTAGCTAAAACTATGCATATTTTAGAAAATGATGGTGGCGGGCTTGATTTTTTAGGGATTAAAAATGGTGTGGTATATGTGAAGCTAACCGGAGCTTGTCATGGTTGTCCTTCAAGTGGAACGACTTTAAAATATGGCTTAGAAAAACAGCTTAAAATCGATATACACCCAGATATTACTATAGTAAATTTAGCAGGTGGGGAAAGCGAATTTGCAAAATTATAAAAAAATAGCTATAGAGTGCTTTTATAAAAAAGATTTTAAAAATGCTAAGATGTATTTTTCTCTTGCTTATGAAAAGCGTAAAAATAAAAGACTTTTAACTTTTATTAATATTTGTGATTTGGCGTTAAAAAGTTCTGAAGAAGCCTTTGTGTTTTTTGAGTTTTTTATGCAAAATTATAAAAATACTAAAATAGATAAAGATATTGAAAAACTTATTAATCTTAGTCAAAGTGTGCAGTTTGAAGAAGATAGTGAGGATTTTGAGGGTTTGAGTTATCAAGATTTTTTACTTAGTGAAGCAAAAGTTGGGTTTAAACAAGCTTTGGAAAATGTTATAATATCAAATAAACTTATCATTAATGATAAAGAAGATTTTGTGGATTTTTTAGAAAAACTTTTAGAGCATGGTTATAAAGATATGCTTGTAGCCTATATGGAAGATGTTTCGGTGCATTTTTATTCTAATTATAGATTTATCAAGCTTAGTGAGAAAATCAAGGAATTAAATTATGATAGTAAAGATTGAAAATACTTTCATTTGTGATAATTCTAATGAATGCGAAAAAGATTGTTTTTTCTTAAAAACTGCTCAAAATGAAAAATTTCTTCATCAAGCTTTAGAAAAACAAGCAAAAATTATAAATATAGCTGAGTGCAAGAAACTTTTAAATATAGATGAAAATATAAAAATCATAGGTATAACAGGAACCAACGGCAAGACAACTACTGCGGGGGCTATTTACTCTATCTTGCTTGATTTGGGTTGTAAATGTGCCTTGATGGGAACTAGGGGTAGTTTTATAAATGATAAAAACATCACTCCAAAAGGCTTAACTACTACTCCTATTTTACAAACTTTAGAGCTTTTATCTTTAGCAAGTAAGGAAAAATGTGAATTTTTAATTATGGAAGTAAGCTCGCATGCTTTAGTGCAAAACCGCATTGAAGGACTTGAGTTTAAGGCTAAAATTTTTACTAATATTACTCAAGATCATTTAGATTTTCATGGAAACTTTCAAAACTACCAAGCAG
CP176590.1_gap11	116747	119039	2292	TGATGGTTTTTTCATCTTCCCAAAAGGCTAAGCCACTAGTTAAATCCGTAAGAATTAAATGAAAAAAATATTCCGTTTGAATTTTGCCATTGTAAAGTTTGACAGTATCTTGTCTGATTTTACCTGAAAGTGAGAAATTTGGAGCTAAAAGTGTGCCTTTTTTGGCAATGGAGTTTTGATTAAATTCTTCATTGTCTCTTAAGTCTCTTACATTATGAGATAAGCTATCTTTTGCTCCGCCTGCTGCTACAGCGGTTGTTAGTATAAATTTTCCAGATTTTCTTAATGCTATGGTAATTTTTGAAGTGAGTTTGTCTGTGTCTATTCTTTGTGGGGTGTCATTGATGATTTTTCCTATGGCAACAACTTTTCTATTAGAGCTATTTAAATTTGCAAAAGCAGGATCACTAAGTAAGCTTTGTATCATATCTTCAGCAGTTTTTTCAAAGTCTTCTCTATCAAGTCCCAAAGTAAGTGCATCGCCTTGCACTTTTTGAGAAGCTTTACCATCGGTATACTTTGGCTGTGAAGAGCAAGCACTGAAAACTAAAAGTGCAAAAATCATAAAAAATAAACTTTTTTTCATTTTATCCCCTTATTGTTCTTTAATTTTATAAATAATATTTGAATTTGGCACAAAAGATCTTATAAGTACAATATAATTTTTATCTTTTTCCAACGCATCTTCAAAGATTATTTTTTCTTTATCATCATAAATTTTAACTAAACCTTCATTTTTTAGCATTAAAATACTAGCACTTTTTGGTAAAGCTTGCCACATTCTAAGATCGGCTTTGTTAATTAAAGCAGTGCTAACAGTGCTAATAAATGATAAAAAACCACTAGAATCATTATTGGCTATGGCTAAATTAATTGAAGTTTTAAGTGCGCTTGAGGCTAGGGTTTTCATCACCATAGAAGGTAAAAGAGTTTTAAATTCACTTGCTATAATATCATCAAAATAAATTAAATTTTGGGTTTTTTCATCTTGACTTTGCAAGAATTTATAAGAAGCATTTCTTGATTTTAAATAAGCAAAAGCCACGCTAATATTTGCAAGATTATCATTAAAAACAAATGGTAAAGTGAGATTAAATTCTTCTTTTGTAGCACTAAAACCATCTTCATAGATAATAAAAATATATTTTTGTTGAGGGAAGGATGTTTTTAAATGAGTGAATTTTTCAAATACTTGAAATTGTTTTTGAAGTTGTTTGTTTTTCACATCGCTTAAAGCTACTTCTTTTAAAAACTCATAGGCTTTAATATAATCTTTATCAAAAAAGAAAAATAAAGCACTAAGATAGCTAGCATAGACATTAGTATAGTTTTTATTTGCGTTAAATGTACTAAGAAGATTGTCATATTGTTTATAGATAGGGTTTAAATTTTGCTGAAAACTCGCATATGTTTTTTTATCTTTTTGAAGTTCTTTTTGGTATTCTTCTTGAGCTTTTTGTATATAATCATAAAAATATTCTTTCATTCTATCTTGTCTGTATAAAGCTCGGTTAAATTCCACTCTTGCGTTTTCAAAATCACCCAAGCTCATATAATTTAAACCTTTGTAAGTATTTAGCATAATCCTTTCATAAAAATAACCTTGATAGTCATTGATGGTATCATTAAGTAAAATCTCACTAAAATTTTTAGTGACTTTTTGAAGCTCGTTTTGTAAATCTACATCATATTTATAAGCTTCTTCTGCTTTATCAAAAAATGCATTACTTTTTTCATAATCTTTACAAACTCTTGCTAAAGAGGCTAAATTTAACCCTGTGTATATGGTGTCTTTATCTGCGTTTTTTAAAGCTAGGATATTTTCATCACATTGTTTATTTATAAAGGCTTTTTTATAAGATAAATTAATATTAGCATGATTTGAACAAGCGCTTAAAAAAAGTAAAACAAAAAGATAAAAACAAGAGTAAAAAAGCTTCATAAATTCCCTTTTTTAGTGTAAATTTAAAAAAATAAGTTATAATTTTCGTTTTTAGAGAGGTGTCCGAGCGGTCGAAGGAGCACGCCTGGAACGCGTGTGTGGGGCAACTCACCGAGGGTTCGAATCCCTTCCTCTCTGCCACTATGCGCTTTTGTTATACTGACTTCCTATGTAATCTTGTGATGTATTTTGTGTGTATGATTTTATAGCTTTGGATTTTGAATTTGTTTTTTCTTCATTCTCGTTTTCGCTTTTTTCATTTTGTGCTTTTAGCTCTTCTGCTTTTATTTTAGCTTGTTCGGTGCGCGCATCATTTTGCATTTGCATAGCATTAGCTGCTACTTTATAAT
CP176590.1_gap12	133093	135920	2827	AAGGAGGAGCTACTTTATTTTTGGCTACTTTTACTTTAACACGGTTTCCAATAGGCTCATCATTTTGTTTTAAAGTGGCTGTTTTTCTTACATCTAAACGCACTGAAGCATAAAATTTTAAAGCATTTCCGCCAGTTGTTGTTTCAGGTGTACCATAGCCCATCATGCCTATTTTCATACGAATTTGGTTAATGAAAATTACAGTAGTGTTCATTTTATGGACAATACCGGTGAGTTTTCTTAAAGCTTGGCTCATTAATCTTGCTTGAAGACCTACATGCTGATCTCCCATGTCACCTTCAATTTCTGCTTTTGGAGTAAGTGCAGCAACGCTATCTACTACTATTAGATCAATAGCCCCACTTCTTGCTATAGTTTCAACGATTTCTAAAGCTTGCTCGCCAAAATCTGGCTGAGAGATGTAAAGATTTTCTGTATCAACACCTAAATTCTTTGCATATCTTACATCTAGTGCGTGCTCAGCATCGATAAATGCACAAACTCCACCTTTTTTTTGACATTCTGCTATGATGTGTAAGGTAAGGGTGGTTTTACCTGAGCTTTCAGGTCCATAAATTTCTATAATTCTTCCTTTTGGAACCCCACCTATACCTAAAGCTAAATCAAGCCCAACTGAACCTGTAGGAATAGAATCAATCTTTTCAACTTCTTTATCGCCAAGTCTTAAAATAGTACCTTTTCCAAAGGTTTTATCAAGACTTTTTAAAGCTGCATCAAGTGATTTTCTTTTATTATCATCCATGCTTGTTAATCCTTTTATAATATGTTTAAAATTGTATCAAAAAGAAATTTAATATAAGTTTTTATTTTGAATTTTGCTAAAATACTTTTTTAAATTTTTCAAGGAAAAAAATGAATAAAAAAATTAGTGTAGCGCACTCTCCTGATGCCGATGATATTTTTATGTATATGGCGATTAAATTTGGTTGGGTTGGGAATGCTTATGAGTATGAAAATACAGCTTTAGATATACAAACTTTAAACGAGCTTGCATTGCAAAATGTATACGATGTTAGTGCGATATCTTTTGCGCTTTATCCTTTGATAGCTAGTGAATATGCCTTGTTAAAAACTGCTGTGAGTTTTGGCGAGGGTTATGGGCCAAAGCTTATTAAGAAAAAAGATAAAAAATTAAAGCCAAATTTTAAAGTTGCTTTAAGTGGAGCGCACACTACTAATGCTTTAATCTTTCGTATAAAATACCCGCAAACTAGGATAGTTTATAAGAATTTTTTAGAGATTGAAAAGGCTGTTTTAGAAGATGAGGTTGATGCGGGAGTGCTTATACATGAGAGTATTTTAGAGTTTGATTCTAGTTTATGTGTTGAGGCTGAACTTTGGGATATTTGGCAAGAATTAGCCAAAGATGATTTACCTTTGCCTTTGGGTGGTATGGCGCTTAGAAGATCTTTACCACTTAATGATGCAATAGCGGTTGAAAAAGATTTGATTAAAGCAGTAGAAGTTGCTGATCATAATAGAAAAATCTTAGCCTCTATGCTTTTAGAGCGTAATTTAATACGCGTAGATGCCCAAAAACTTGATGTGTATTTAAATTTATACGCAAATAAAAACTCTATAAATATGAATGATAAACAATACAATGCCATAGATAAGCTTTTTGAGCTTGGATTTAATCATGGATTTTATGAGAAATTAATAAAAAGCAAAGATTATCTTATACCTAGTGAGTATGAAGAATTTAGAAATTCTTGATAGAATTTAAATTTTAAGGAGAAAACATGGAAAGTACTTTAGTAGCCTTGGGTGTACAAACTTTTAAAATCACACTTATGCTTTCTTTACCTATGCTTTTAGCAGGGCTTATTGCAGGGCTTATTATAAGTATCTTTCAAGCTGTAACGCAAATTAATGAAGCTACGCTCTCTTTTGTGCCAAAAATTTTACTTGTTGTCGTGGTGATAGTATTTTTGATGCCTTGGATGATAAGTTCTATGATAGATTTTACAACGAATATTTTAAATCAAATTCCAAGCTTTATTCGATGATTATTGATTTTTCTAAGTATTCTTCTGTGCGTATAGGTGCGAGCTTTGAAGTGCAAGTGCTTGAAGAGCCTTGTGAATTTGATGGTTTTTTAATAGGCGGGGCAAATAATCTTTTAATTTCCCCAAAGCCTAAAAAACTTGGAATTTTAGGGAAAAGTTTTGATTATATTAAAATTTTAGAGCAAAATGAAAAAGGTATGTTTTTAGAGATAGGTTCTAGTGCGAAATCTTTTAAAATGTATCATTTTGCTAAAGAAAATAACCTAAAAGGCTTTGAGTTTTTAAGAAATATCCCAGGAACTTTGGGCGGTATTTTAAAAATGAATGCAGGATTAAAAGATGAGGATATTAGTAAAAACTTAATCAGCATTTGCACTTTTAACCAAGAAATTTTAAAACAAAACATCGCTTTTGCTTATAGGTTTAATCCTATTAAAGAAGTGATGTATAGTGCGAAGTTTTTTTTAGAATATGGATTTGACCCAGTTAAAGATGAACTTTTAAAAAATGCAAGAAAAAATCAACCCAAAGGTGCTAGTTTTGGCTCTATTTTTAAAAATCCCAAAAACGATCATGCAGGAAGGTTGATAGAGGCAGTTAATCTTAAAGGTTTTAGTAAAAATGATGCGATGTTTAGTAATGAACATGCAAATTTTTTAATCAATAAAAAACACGCTAGTTTTGATGATGCTTTATTTTTGATAGAGCTTGCTAAAAAAAAGGTTTTTGAAGAATTTGGGATTATTTTAGAAGAAGAAGTGGTGATTATATAGTATTTTTAATATCTTCATAAACAA
CP176590.1_gap13	140225	142840	2615	TGATTTTACATAGACATTTTGAGTTTGAGAGATAGCAGGATTCATTTGTGAAGCTAGGAAGCGATTGTATATTAAAGTATATAATCTTGCTTCATCTTTTTCTAAAAACTCACTTGCAAGTTTTGGAGTAAAACTAAGATTAGTTGGTCTTATAGCCTCATGTGCTTCTTGGGCGCCTTTGCTTTTAGTGGTGTAAATATTTGTTTTGCTTGGCAAGTACTCTTTACCAAAATCACTTTTAATGAGCTTTCTTACTTCTTCTAAGGCTTCTTTTGCGATGTTTAGGCTATCAGTTCTCATATAAGTGATCACACCCATAATGCCTTGATGGGTTTTTACGCCCTCATAAAGTTTTTGAGCAATCATCATGGTTTTTTTAGGGTTAAAACCTAGGCGATTGCTCGCGCTTTGTTGTAGGGTTGAGGTCATAAAAGGCGCTTGTGGAGCTATTTTTCTATCTTTACTTTCTATATCTTTTATTTTAAAACTAGCATTTTTACAAGCTTCAAAGATAAGTTTGGCTCTATCTTCATTAGTTAGACTTAGTTTTTCTATCTTTTGATTTTGAAACTCAACTAGTTCAGCTTGTAAGTCTTTTTCAAAAATCATATCTATACTAAAGTATTTCAAAGGAACAAAGGCTTTGATCTCTCTTTCTCTATCGACGATGATTTTTAAAGCCGCGCTTTGTACACGCCCTGCGCTTAAGCCTTTTTGAATTTTTTGATTGAGTAAAGGACTTAGTTTATAACCTACTATGCGATCAAGTAAGCGCCTAGTTTGTTGGGCATAGACGCTATTTACATTTAAAGATCTTGGGTTTTTTAAAGCATTTTCTATAGCACTTTTTGTAATTTCATGAAAAACTATCCGTGGCAGGGAATTTTCATCTTTATTAATGGCCTTAGCTATGTGATAAGCTATGGCTTCACCCTCGCGGTCCTCATCGGTTGCAAGGTAGATGGTTTTAGCTTTTTTAGCTTTTTCTTTAAGTTCTTTTACTAAGCTTGAATGATCATTGGAAATTCTATATTCAGGTTTAAAATTTTCATCTTCTATTTTTATACCAAAGCTAGTTTTAGGTAAATCTCTAATATGTCCTTTAGAGGCTATTACTTCATAGTCTTTGCCTAGAAAATTACCTATGGTTTTAGCTTTAGCAGGTGATTCTACTATGATTAAATTTTTCATTATTTTCCTTGTGAGGATTAAAATTAGTAAAAGTGTATAAAAAAAAGTTAAATTTTTTGCTTAGAAAAGAAGAAAAGCCCACCAAAAGGTGAGCTTAGGAAATCGTAAATTAACTACTGAAGTAATCTTAATACATTTTGAGAAGCTGCATTTGCCTGAGCCATAGCGTAAGATCCACTTTGAGCTAGGATGTTAGCTTTAGAGTAGTTTGCGCTTTCGCTTGCAAAATCAACATCTCTAATTTGTGATTCAGCAGCTTTAACATTAACTTGAGTTACGCTAATGTTGTTAATAGTTGATGTAATTTGATTTTGTGTAGCACCAATATTTGCTCTAATGGTGTCAAGATTTGCTATTGCAGTATCAGCTATATCCATAACAGCCATTGCACCTTGAAGTGTAGTCACACCTGCAGTTTGTTTCTTACCTGCTAAAGCCGCTGTTGTCATAGCGTTAAAGCCCATAGCTGAAGCTATATCAGCGGAAATTTCACCTTTGATGCTTTCAAGGTTTACTGTTGCTTCAGCAGCTTTAGAACCAGCACTACCAAGTCCTATTAGTGAACCTCCATTAACAATAATATCACTACCATCGTTTTTAACTAAAGACAATCTTCCATAGTTTACAGAAGCTACAACACCACTTAAAGAAGTTCCCAAAGAACCACCTAATTCAATACCTCTACCATCAGCTGAATTTAAAACTAATTGACCATTTACCATAGAAGCTTCAACACCTGTTGTATCTTTTTTAGCATTAATTGCTGAAACCAAAGCTCCATCTTTATCATTGTCTTGAACACTTACTTTACCAATAATAACACCATTAATAGAAAAATCTTCTCCTGTTGTTCCAGCTTTTATGGATCCACTTGATATAGTTTGAACAGTTGCTGTAGCTCTAACTCCTGTAATATCTGAAGATTTATTAATCTCAGCTGCTAAAGCACCAAGCCCTGTTCCAGCACTTGTAGAGATAGTAACAGGTTGAATGACAAAATCGTTAACACCATCATAACTTTTAATGGTAAGCCCTGAAGATCCACTAGCTGTGATTCTCGCACCTGTTTCAAAACGAGTTTGACCAATTTTTCCTGAATTAGTTGCACCTATGGTTGCATTTACAGTTTGATTTGCTTTATCGCCTATTTGAAACTGTGCATTGGAAAAAGAACCACTTAATAATTGTTTACCATTGTAAGAAGTAGTGTTTGCGATATTATCAAGCTCTTCCATGAGTTTATTAATCTCACCTTGAATCATAGCTCTTGTTTTTGCACTTTGACCATCTTGAGCAGCTTGAGTAGCTTTTACTTTAATAGTGTCAAGTATTTTTAATTGTTCATCCATAGCTTTATCAGCTATTTGAAGCATACTGTTTGCATCATTTGCATTATTAATAGCTTGACCTAGAGTGTTAGCTTG
CP176590.1_gap14	243998	246958	2960	TGCTTTATTTGCTAAGGCACCAAAGTGTGATGATTTTGTGCAATTTATACAAAAAAGCTATGATGAAAATATCACAGATGAGTTTTTAACCCCAGTTATTAGTCAAAACTTTGATGGGATTAAGGCCGAAGATGGTGTGATTTTTATCAATTTTAGAAATGATAGAATGCGTCAATTAGTCGCTTCTTTAACTCAAGAAAGTTTTAATGAATTTCCAAAAGAAGTGCTTGTAGAAAATGCCATTACTATGAGTTTGTATGATGAGAGTTTTAAGCTGCCTGTAATGTTTGAAAAAGAAGAATTAAATAATACTTTAGCTTCTGTGATAGCTAATGCAAATTTAAGCCAACTTCACACAGCTGAAACAGAAAAATATGCTCATGTAACCTTTTTCTTTAATGGGGGAAAAGAAGAATTAGAGTGTAATGAAACAAGAGTTTTAATCCCGAGTCCCAAGGTAAAAACATACGATGAAAAACCTCAAATGAGTGCTAAAGAAGTTGCAGATGAGGTGCTTAAGGGTATAGAAAATGGTATGGATTTTATCGTAGTCAATTTTGCAAATGGTGATATGGTAGGACATACGGGTAATTTTGAAGCTGCGATTAGTGCGATTGAATGTGTGGATGAGTGCTTGGGTAGGGTTATTGCCAAAGCAAGAGAGCATGATTATGCTTTCATTATTACTTCAGATCATGGAAACTGTGAAGCAATGAGGGATGAAAATGAAAATATGCTCACTAATCACACAACCTTTGATGTTTTTGCTTTTGTAGAAGCTAAAGGAGTAGAAAGGCTTAAAGAAGGCATGGGACTTAGTAATATAGCACCAAGCGTGCTTAAAATTTTAAACTTACCTATTCCAAAAGAAATGGATGAGGCTTTATTTTAATTTAAAGGAGAACAATGAAATTTAGTGGAAAAAATGTTTTAATAACAGGTGCAAGTAAAGGTATAGGCGCGGCAATAGCTAAAGAATTAACAAGTTATGGTTTAAAAGTTTGGATTAATTATAGAAGTAAGCCTGAGCTTGCTGATACGCTAAAAGAAGAGATAGAAAAAAATGGCGGCACTGCGGCTGTGATTAAATTTGATGCAAGTGTTGAAGAAGAATTTACAAGCGCTATTGCAACTATAATAGAAAGTGATGGTGAACTTAGTTATTTAGTTAATAATGCAGGTATTACAAATGATAAATTAGCACTTAGAATGAGTATGGATGATTTTTCTTCAGTGATTAATGCTAATTTGAATTCAAGCTTTTTAGGTTGTAGAGAAGCATTAAAAACTATGAGTAAAAAGCGCTTTGGTGCGGTTGTTAATATTGCTTCTATAGTTGGAGAAATGGGAAATGCAGGCCAAACTAATTATAGTGCTAGCAAAGGTGGTATGATAGCATTAACAAAATCTTTTGCTAAAGAAGGTGCAGCAAGAAATATAAGATATAACTGTATTACACCAGGTTTTATAAAAAGTGATATGACTGAAGTTTTAAATGATGAAATAAAACAAAATTATATTAATAATATCCCTTTAAAACGCTTTGCTGATGCAAGTGAAGTAGCTCAAGCTGTGGCGTTTTTATTAAGCGATCATTCTTCTTATATTACAGGGGAAATTTTAAAAGTCAACGGTGGGCTTTATATGTAAAAGCAAGGTTTTAACCTTGCTTAGTTTCTATAGTCACTACTGCTATGGCAAAACCTCCATCATGTGCTACGCTTACACTTACTGATTTTATATTAAATTCTTGCATGATTTTTTGAGAAAAACTAATATGTGGGGCATTTTTATCATCTTTAGAGATGATGATGTCAAAAAAAGAACATTCTTTGGAAATTCCAACCCCTAAAGCCTTAGAAGCAGCTTCTTTAATAGCCCAAAATCCGGCTAGAGTGTTGGTATTTTTTATATAACTTTGCTCTTGCTTGGATAAAAATTTATCCAAGAAAAGCGTTTTGTGTCTTTCATAAATTTTTTCTATGCGAGAGCATACGACTATGTCACAGCCTATCATTAAGATACTACAAAGTCAGTAAAATAAATATTTTTGATAAAACCATCAGTTAAAACCTCATTGATCTTACCGGTTAATTCATCTTTTAATCTTTCTTTACCTTTTGTGGTGCTTACTTCTTCAAAGGTTTTTGAAGTTAAAGTTCTAATAATAATATCTCTAATAATAGCAACTTTTTTATCAAGCTCAGGAGTTAAAGTTTCAACATTTTGCTCAAGTTGAATAGTGCATTTTACATATCTTGATCCACCATCACTTAATAAATTTAGTGTAAAAGGTGCTAAAGGATACATAACGCCGATATTTGCATAATCACTTCCTCTAGCTGCCACTGCATTTGTTTTTTTGGGAGTTTGTGTTGCTTGAGTGCTTTCTTCGACTTGTGGAGTAGGATTTTCTTCAGAACCACCACTAAACATCAAATAAGCAATTGCCCCTACAATCACAAGTAAAAATACAAATAAAAATACAACGATAATAATTACTAAGGTATTGCCACCTTTTTTCTTTGATTCGGTCTGTTCATCCATCATATCTTCAGCCATATTTTTCCTTTTATTAAATTTAGAATGTTATTGTATCAAAAATTATGTTTTTTTAAAATTATGATTATTTAATCTTTTGTAAATGCCTATAAACACTAGGTTCGGAAATGCTTAAAAGTTCAGCAACCTTAGGAATAACACCTTTTACATTAAATACGCCTTTTTCATATAAACTAGCTATAATTTTTTGTTTTTCTTTCGGTTTTAAACTTTTATTCTTAAAACTTTCTATATCCATACCAGAAATATCTTCGATAATTTCTTCTAGATCAAGTTTTATGTATTCTTTATTTTCTTGTTCTGTGTTTTCATAAGCATTGTCATAAATATTTCCAAGGTTTAAGATTTCATCAGAGATTTTTTTAAATGCCGAAGTATCATGATTAATACAAAGCAAA
CP176590.1_gap15	422199	425668	3469	GTAAATAAAATGGATAGAATTGGTGCAAATTTCTTTAATGTAGAAGAGCAAATTAAAAATCGCTTAAAAGGTAACCCAGTTCCACTTCAAATTCCAATTGGTGCTGAAGATAATTTCAAAGGTGTGATTGATCTTATCACTATGAAAGCTTTGGTATGGGAAGATGAAAATAAGCCAACTGATTATGTAGAAAAAGAAATTCCAGCTGAGCTTAAAGAAAAAGCTGAAGAATATCGTACAAAAATGATAGAAGCGGTTTCTGAAACAAGCGATGAATTAATGGAAAAATATCTAGGCGGTGAAGAACTTACTCAAGAAGAAATCAAAGCGGGTATTAAAGCAGGATGTTTAAGTCTTTCTATGGTTCCTATGCTTTGTGGTACAGCTTTTAAAAATAAAGGTGTTCAACCATTACTTGATGCTGTTGTTGCTTATTTACCAGCTCCTGATGAAGTTGCTAATATCAAAGGTGAATATGAAGATGGCACAGAAGTTTCTGTAAAATCAACTGATGATGGTGAATTTGCAGGTCTTGCATTTAAAATTATGACCGACCCTTTTGTTGGACAATTAACTTTCGTTCGTGTATATAGAGGAAGTTTAGAAAGCGGTTCTTATGCATACAACTCAACAAAAGATAAAAAAGAAAGAATAGGCCGTCTTTTGAAAATGCACTCTAATAAAAGAGAAGAGATTAAAACTTTATACGCAGGAGAAATCGGAGCGGTTGTTGGTCTTAAAGATACACTAACTGGTGATACTTTAGCAAGTGAAAAAGATAAAGTTATTTTAGAGAGAATGGATTTCCCAGATCCTGTTATTTCGGTTGCTGTTGAACCTAAAACAAAAGCAGATCAAGAAAAAATGTCTATTGCTTTAAATAAATTAGCTCAAGAAGATCCAAGCTTTAGAGTTTCTACAGATGAAGAAAGTGGTCAAACCATCATTTCAGGTATGGGCGAGCTTCACTTGGAAATTATCGTTGATAGAATGCTTCGTGAGTTTAAAGTTGAAGCAGAAGTTGGTCAACCTCAAGTTGCTTACCGTGAAACTATTAGAAAAACAGTTGAGCAAGAGTATAAATACGCTAAACAATCAGGTGGTCGTGGTCAGTATGGTCATGTATTCTTAAGACTTGAGCCACTTGAGCCAGGTAGTGGTTATGAGTTTGTAAATGATATCAAAGGTGGGGTAATTCCAAAAGAATATATTCCAGCAGTTGATAAAGGTGTTCAAGAAGCATTGCAAAATGGTGTTTTAGCAGGATATCCTGTTGAAGATGTTAAAGTAACTGTTTATGATGGAAGCTATCACGAAGTGGATTCTTCTGAAATGGCATTTAAACTTGCAGCTTCTATGGGCTTTAAAGAAGGTGCTAGAAAAGCAGGTGCGGTAATCTTAGAACCTATGATGAAAGTTGAAGTTGAAACTCCAGAAGAATACATGGGTGATGTTATTGGTGATTTAAATAAACGCCGTGGTCAAGTAAATTCAATGGATGAAAGAGGTGGTAATAAAATTATTACAGCATTTTGTCCCTTAGCTGAAATGTTTGGTTATTCAACTGATCTTAGAAGTCAAACTCAAGGTCGTGCTACTTACTCTATGGAATTTGATCACTATGATGAAGTTCCAAAAAATGTTTCTGAAGAAATTATCAAGAAAAGAAACGGTTAAATTTATCAAGATGGGCAAAAAAAGCTCATCTTGAATTATTTATATCCTTTTGAATTAATTAAATTAATTACTCCTTCATTAGTTTCATATGCTTTCCCAAAATCTTTAATATGTCTTCTATTTTTCAGTATAAGTTGAAATAAATGAAAATCTTTCATATTTTTAATGACTTGAATCACTTCTTTATTATTTTCATTTTCATAAGTACTTAATACTTGCTCAAAGAGTTGATTATCTCTTGTTATTTCTATACATTCTATTCTAAATTTAAGTCTTTTTCTTGCAAAGATTAACATGCAATCTTTTTCATCTTCTATAAACGTAATTTCTATGTTTTTATTATTGTATTTTACTCCTTCAAAGTGTAAATATAAAAGTTATTTTTAATTTTTATAATGGGTGTATATGAGTATACTGTTTTTGATTATTTAAATTTAAAGAAGATATCATAATGCTTTTGCATTCTTGTATAAATTGATTAATTTTATCTTGTAATTATATATATTTTCCTTGTGGTTAGAATCAATAAGATTGTGAGGGTTGTATGAGAGCAAAAAGAAGAGTTTATCACTCTTCTTCATCAGTATTTTTGCGTACAACTTTAATACGTTCTATACTATTGCCATCCATCTTTTTGACTTCATAGTAGCAGAATTCATCTTCTATTCTATCTCCAACCACCGGTAAGCGTCCTAAGAGATTGAAAACATATCCACCTATAGTGACTTGTTCTAGCTCTTCATTAAAGCATATATTAAGCATTTCTTCCACTTCACTAATTTCATATCTTCCTTGAAATTCATAGATATTTTCTGCAAGTTTTTTAAAATGTGGACTAGAATCATCATGTTCATCGTTAATATCTCCAACGATTTCCTCCATAATATCTTCCATGGTTAAAAGACCGGCTGTCCCACCATATTCATCTACTACTAATGCTGTGTGTACTTGTTCTTTATTCATCATGAAAAGTACTTTGGATATGCTGATATTTTCTGGAACTAAGATCATTTTGATTAGAAAATCATCTAAATTTTTCTTATCTTTACTAAGTTCATTTTGCATGATGTCTCTAATGTGCACCATACCCAAAATGATATCTTTAGATCCATCTATATACGGAAAGCGTGTATGTTTGTACTGACAAACTATTTGCATATTTTCTTCATAGCTTCTTTGTTTGTTAAGACATATCATATCTTTTCTAGGTGTCATGATTTCTTTTGCTACTGTATCTGAAAAATCAACAGCATTGCGTATGATTTCAGTTTCAAACTCATCCAGTATTCCACCTTTTTGACTTTCACTTGCAATAAATTTAATTTCTTCTTCAGAGTGGCTTAATTCATGTTCTTTAGTGGGTTTAATGCCTATAGCTTTTAAAGAAATTGCAGCTAAAAAGTCAAATGTTTTGATAAAAGGTAAGAAAAGTAGCCAAAACAAATGCAAAGGTCTTGCAATCCATAAAACAGCTTTATCTGTAATAGCTATGGCAACGCTTTTTGGAACTAATTCACCTAATACAACATGTAATAATGTAATAATAGCAAAAGCAATAACAAATGCTATGGTATGAATTAATGCTGGAGCTAAGCCTAAATTTGCCAAAGGCACTTCAAGAATTTTAGCAATAGCGGGTTCGCCTATCCAACCAAGAGCAAGAGAACTTAATGTGATACCAAGCTGACATGCACTTAGATAAGTGTCAAGTTTAGAGGTAACTTCTAAAGCTTTTTTAGCATTGCGTTTTTTTTCTTTTACCATTTCTTCAAGTTTTGATCTACGAACTTTA
CP176590.1_gap16	461724	463064	1340	TTTGTAGATGAGATTGAAACGATTGCTATAGAAAGATGTAAAAAACTTTTTAATTGTAATTTTGCCAATGTGCAACCTAGTTCAGGTTCACAAGCAAATCAAGGTGTGTATATGGCATTATTAAATCCTGGTGATAGAATTTTGGGTATGGATTTAAGCCATGGAGGACACTTAACTCATGGTTCTAAAGTAAGTTCTTCTGGAAAAGTATATGAAAGCTTTTTTTATGGAGTTGAGCTTGATGGAAGAATTAATTATGATAAAGTTAGAGAGATAGCAAAAGAAGTTAAGCCAAAACTTATTGTTTGTGGTGCTAGTGCTTATCCTAGAGTGATTGATTTTGTTAAATTTAGAGAAATAGCAGATGAGGTTGGTGCGTACTTATTTGCTGATATTGCACATATTGCAGGTTTGGTTGTAGCAGGTGAGCATCCTAGTCCATTCCCTTATGCTCATGTTGTAAGTTCTACTACACATAAAACTTTAAGAGGTCCAAGAGGTGGGATTATTATGTGTAATGATGAAGAAATTGCCAAAAAAATCAATTCTGCAATTTTCCCAGGTATTCAAGGTGGTCCACTAATGCATGTAATTGCTGCTAAGGCAGTTGGGTTTAAATATAATTTAAGCGATGAGTGGAAAATTTATGCTAAACAAATCATTAAAAATACTGCTACTTTGGCACAAGTTTTAATAGATAGAAAATATGATTTAGTTAGCGGTGGTACTGATAATCATTTGATTTTATTAAGTTTTTTAAATAAAGAATTTAGCGGTAAAGATGCAGATTTAGCACTAGAAAGAGCAGGTATTACAGCTAATAAAAATACTGTTCCAGGTGAAACTAGAAGTCCTTTTGTGACGAGTGGTTTAAGACTTGGAACAGCGGCTTTAACAGCAAGAGGCTTTAAAGAAGAGCAAATTGCTATTGTTGCAAATTATATAGCTGATATTTTAGATGATATACAAAATACTAAATTACAAGAGGAAATCAAGGTTAAACTAAAGGATTTAGCAAGTAATTTTATTATTTACGAAAGGGCTTTATTTTGATTACAACAATGGATTTAGCTTTAATTAAAATGGTTACGAGCCATTATTATATAAAGCGTGATACTATAGTAAATAAATATGAATACAAGGGTAGAATTTTCTTTGATAAATTTGAGAAAGTCAATGCTCCATTAACTGCTAGTGTTATACAAGAGCATATGGAAAAAAAGATAATCGTGGCGCATTCTTTGATCAATAGTTTTGATAAGGTTGAAAATATTGTATTTGATTATAATGGTTTTAATGCGGAACGTTTTTGGCATAGAGCACAACTTGTTTTAAGAGAA
CP176590.1_gap17	524591	525824	1233	CACGAAAGCCGTGAGTTCTTTTTTTAGGGGTTTTATGTGGTTGGTATGTTCTTTTCATATTTTTTCCTTAACTTAAAATAAAAAACAAAATAATAAGCGAGTATGTTAGCAAAATCTTACTTAAATCTGCTTTTAATTAAGAGTTATTTCAAAACTTTTTGCTAAATTTTGATTTTATTTTGTAAATTAAGGAAAAATAATGGCTTTTGAAATTTGTGAGAGTAAAAAGGAAGATTTAGAAAAAATTTTAGAATTACTCAAAGAGCTTGCTATTCATGAAAATATGCTTGATGATGTAAAATGCACAACTAAAGAACTTGAAGAATCATTTTTTAAACATGAATACGCTAAGGCCTTGAGCTTAAAGGTTGATGGTGAGATAATAGGTTATGTGATGTATTATTTTACTTTTTCATCTTTTTGGGGTTTGGGTGGGTTGTACTTAGAAGATATTTACATACAACCAAAGCATAGAAAAAAAGGTTATGCTAGAGCTGTTTTTAAATATTTAGCGCAAATTTGTAAAGAAAAAAATCTCAAACGCTTAGAGTGGGTTTGTTTAAATGATAATGATTTGGGCATTGAATTTTACACCAAGTTAAATGCAAGACATATGAAAGAGTGGAGAACTTATCGTTTAGAGGGTAAAAATTTAGAAGCATTGATGTAATGAATAAACGCAGTTTGTATTATCTAAAAGCTTTTGGTTATGAATACTTTAATGAGCAAAAGCAAATTAGGCATTTTAACTTAAGCTTTAAAGAATTAAACGAAAGAGTGAAAACTTGCAATCTTTGTCATTTTTCTAAATTAAGAAAGCATAGTTTAATGGAAAAAGAAGCCAAAAATGCTAAAATTTTGATTTATCAAGCCTTTATCGATAAAGAAGAAAATGAAAGTGGAAAGTTTTTTGCTTCTAAAAATAAGCAAGAGTTTTTAATGCTTTGTAAAGAGCTTTTAAATTTAAAAGAAGATGAAATATATTTTTCTTATATGTTTAAATGTTTTAGTAATTTTAAAATAGATGATCAAGCATTAAAATTATGCTTGCCATATTTTTATAATGAGCTTGATTTTATAAAAGCAAAATTTATTTTATGTCTTGGTCAAGAAGCTTTTGCGAGTTTGGGTTTTGAGAATTTTCAAAAATACAAAGGGCAATGTATGCGTTTTAATAATGCTTTGCTTTTGCCAAGTTATGATTTGAATTTTGTGAGTAAAAATCCTAGCTTT
CP176590.1_gap18	527945	528532	587	CTCTAGCATAAAGCTCTTGTGCTCTAAGCTCTGAAGCATCGATTAGATTATGATGAGCTATGCGATTGCTTTTTAATTTTCTAAATAAATCTCTAAAATTTAAAAATTCATTATAATGATTTTTTTTTATTTCTTCTTCTAATTCTTCATGGTTGTATTGTATGTAATTATGCACTATATTAAACTGATTGGAAAAAGTACAATTTATGAATTTTGGTTTGTTATCCAAAGTGGCATTGTCAAAAACTACGATATTGCTAAATATTACATTTTTAAAATTTAAATACTCTATATGTATGTTTTCAAAATTGACAATGCCTTTAAAAGTAATATCTTGAAAATGGTATATTTGTTTTGTTGTGTTATTAGTGCTAGTTTTATCTCTTTCTTTATTGGAAATAAATTTTGCATTATTAAATTCCACTTCGCTAAATTTGATTGTATTTTTAAAAAAAGAAGTGTTTATAAAACTAGCTTCACCTTCAAAACATGCTATGCTAAAATCAACCCTAGCTTTAAATTCTGCCTTATCAAAAGAAGTTTTATCTTTAAAAACTGCTTCTATAAAATTATTTTCTATATTTTCT
CP176590.1_gap19	532967	533825	858	TAGATGAGTGGAGGCTTTTTGAAATTTTAGATCCATATAGAGCAAATATTATAAAAGCTTTAGATCAAGGCGCTGTTTGTTTGAATATTGATTCTAGTAAAGCAGGTGTTACTTTAAGTGATGAGGATTTAGCTAAAATGGATGCAAGTGATTCTTTTGGCGATATAGCAGGCACTGGAGTAGGGCGTAACTGGGCTCATGTAAATAGTGTAGATTATGATCCAAGTGATGATAGCATTATCATTTCAAGTCGTCATCAAAGCGCTATTATAAAAATAGGGCGTGATAAAAAAGTAAAATGGATACTAGGAGCACATAAAGGATGGGGAGAAAAATATAAAAAAGTACTTTTACAACCTATTGATAAAAATGGTAAAAAAATAGTTTGTGAAGATGAGTATAGTAAATGCCCTGGTTATGAAAATGAAGATGGTGGTTTTGATTTTACATGGACACAGCATACTGCATTTAGAATAGATGAAAAATCTGATAAAAGATATATTTATATCACAGCTTTTGACAATGGTGATGCAAGGGGTATAGAACAACCTGCTTTTGCTTCGATGAAATACTCAAGAGCAGTTGTATATAAAATAGATCAAAAAAATAAAACTGTAGAACAAATTTGGGAGTATGGTAAGCAAAGAGGTAATGAGTGGTTTTCGCCTGTTACTTCTTTAGCTGAGTATCATAAAGATAAAAACTCTATAGTGGTTTATAGTGCTACTGCTGGAATGGCTTTTGATTTAAACAAAGGTGTTGCTTTGGGCGAACCAAGACCTGAAATAGATGAATTTAAATGGGGAGCTAAAGAGCCTTCGGTACAAATTCGCTTTAGTGGAGCAAGTACTGGTTATC
CP176590.1_gap20	604174	608012	3838	ACCTATTTGTGAATTTTTTGGTATAAAATATCTATAAATAAGCTATTTTATAGCATAGTTCAAACCTTGCTGGGGACACCATTCAAGGAAAAAGATGTTTCATATAGTCTTGGTTGAGCCTCGCATACCGCAAAATACAGGAAGTATAGGTAGAATGTGTTTTAATGCAGGATTTACTTTGCATATTATTAATCCACTTTTTAGTATTGATGAAAAGGCGGTTAGAAGAGCAGGGCTTGATTATTGGAAAAAGTTAAATCCTTTATTATGGGATAATTTAGAAGATTTTTTAAAAAAATATGAAAAATTTCAAGATAGATTTTTCTTTGCAACAACTAAAACCACTCAAGCTTATTTTGATGTAAATTATCAAAAAGGTGATTTTTTATTTTTTGGAAGTGAAAGTTTTGGTTTACCTATGGATTTAATGCAAAAAAAATGGGAAAATGCTATTACTATACCGATGAAAGATTGTGGTAGAAGTTTAAATTTAGCTACGAGTGTAGGCATAGTGAGTTATGAAGCTTTGAGGCAAAATTTTGCCTCTTTTGAAAAATTTTAATGATTTAAAACTTGATTTAAAAATTCTTTCAATCTTTCATTTTTTGGGTTTTCAAAAGCTACTTTAGGACATTCATCTACTGCTATAATGCCTTTATCCATAAAGAAAATTCGATTAGCTACATTTCTTGCAAAGTTCATTTCATGTGTAACTACAAGCATGGTTAAACCTTCTTTAGCCACTTCTTTCATAATGTTTAAAACTTCACCTATCATCTCAGGATCTAAAGCCGAAGTTGGCTCATCAAATAAAATCACATCAGGATTTATCATCAATGATCTTGCTATAGCAATACGCTGTTTTTGTCCACCTGAAAGCTTGTGAGGAAAATAGCTTTCTTTATCACTTAAGCCAACTTTTTTGAGTAATTCTCGTGCTTTTTTTACTGCTTCATCTTTGCTCATGATTTTAGTTTGTACTGGTGCTAAGCATAAATTTTCTAAAACATTTTTATTATTAAAAAGATTAAAATGTTGAAACACCATGCTTACTTTTTGACGAATTTTATTGATATCTGCTTTTTTATCAAGTATATTGACATTATTAATATAAATATTACCACTATCTGGTGTTTCAAGTTTGTTTAAACAGCGTAAAAAAGTACTTTTTCCGCCCCCACTAGGCCCTATAATAGCAATAATATCGCCTTTATACACTTCAACACTAATATCTTTTAAGACTTCTAAATTTCCGTATTTTTTAATTAAATTTTCTATTTTAATCATGTTTATTTAATCTCACTTCTATAAATCTTGCAATGAGTGTTAAAATTTTAACACTTACATAATACACAAGTCCTGTAAAAATAATAGGCTTAGGGTTGTAATAGATTGCTTGTAAGCTTTTACTTTGCATGGTAATATCCATAACGCTAATATAACCCACTATTGAAGTTTCTTTAAATAAGGAAATAAATTCATTCATTAAAGAAGGTAAAATGTTTTTAATTGCTTGTGGGAAGATGATTAGTCTCATAGATGCAGAATAATTAAGCCCCATTGCTCTTGCTGCTTCCATTTGTCCTTTATCTACGCTTTGAATTCCACTTCTTACGATTTCAGCTACATAAGCAGAGCTATTAAGCCCAAGCGCGATAATAGCTACATAAAAATTATCACTCCAAGTAGCAAAAATCACTACTGAAAAAATTAAAAGTTGTAAAAGCAGAGGGGTTCCGCGTATAATGTCTATGTATTCATCTATGATAAAATTTAAACTTTGGATTTCTAAAAATCTTAAAAATGCTAGGAAAAAACCAAGCACTATTCCTATTAAAATTCCACCCACTGTTAAACCAAGTGTTGTGAAATAACTATAAACATAAGCTTTGGCTTCTATAGTATAAGCATATTCACCTGTGGCTAAACCATTTTGATCTTTAACTTGTAAAATTTCAATAGGGAATGAAAAATAAGCCCAAAAAACAATAATGGCAAAAAATACAAAAATTTTCATCGTATTTTGTTTCAACTTACACACCTTGTAAAATTTTAAAAATCTAAGTGTATAAAAATTAAGTTTTCTTTTTACTTAAAGGCGTCTTATGTGATTTTATTACTAGTATTTTGAGTTAAATTTTCACATAGCTTTAAAAAATAAAATAAATTTAACCTAAAATTATATTTTTTTATGACAAATTCATTTTTTTTATGATAAATTTATGCTCAGAAATTATAAAAAAGGAGATAAATATGGATTTGATATCCCAATTTGTTGCCTTTGTGAATAATCAGTATTATTCTATTTTAGTAATTTTACTTATTGTCACAGGGTTTTATTATAGTTATTTGACGGGTTTTGTGCAATTTCGAATGCTTCCTTATGTGTTTGATATCTTAACAGAAAAGCAAGAAAAGCATGAAAAGCACCATATTACTCCTTTTCAAGCTTTGATGATTTCAACAGCTTCAAGAGTTGGTATAGGAAATATCGCAGGTATTGCAGTAGCTGTTGTTCTGGGTGGACCAGGTGCTTTATTTTGGATGTGGGCTATGGCGTTTTTTGGTGGTGCCTCAGCTTTTGCAGAAAGTACTTTAGCACAAGTTTATAAAAGCCGTGATGGTAAAAGTTTTAAAGGTGGTCCTGCTTATTATATTAGCAAAGCCTTAAATTTAAAATGGCTTGGAGCTGTTTTTGCGGTGATTTTGATCATTACTTACGCTTATGGATTTAATGGTCTTCAAAGCCAAACTATGACTTCAGCGTTTGAGTTTTACTATAAAGGCATGGTTGATGCTAGCGAAGTGAGTTTTGCTCAAAGTTGGTGGCCTATTGTAATAGGAGCAATTTTAGCTGTTTTTGCTGCTTATATGTTTTTTGGTGATCATACTAAAATAGGCAAAGTAAGTTCGGTTATCGTTCCTATTATGGCGATGATTTATGTGGGTTTATCTATCATAGCAATGTTTATGAATTTTGATAAAATTCCTGAAGTGTTTTCTATGATTTTTAAAAGTGCTTTTGATTTTGAAGCTATTTTTGGCGGATTTGCAGGTTCTGCTTTGGTTATAGGTATAAAAAGAGGATTGTTTTCTAATGAAGCGGGTATGGGTTCAGCGCCAAATGCAGCAGCTTCAGCTCTTACAACTCATCCTGCAAAACAAGGGGTTATTCAGGCATTTTCTGTATTAATTGATGTGATTATTTGTACAAGTTCAGGATTTTTAGTGTTATTTTCACTTGCTTATGCAAATAATATCGGCGTAGATGGTAAGCCTATTTTAACAGCACTGCCTTTGGTGCAAGAATCCATGAAAGAATATTATGGAAATTTAGGTGTGCATTTTACTACTGTTAGTATAGTTTTATTTGCTATTACTTCTTTGATAGGAAATTATTATTATGCTCAAGCAAATATTAAATACCTTACTCAAAATCCTATTATTATCAATCTTTTTAAAGCAAGCGCTGTGCTTATGATTTTTATTGGTGCAAATATGGATTTAAAATTTGCGTGGGATTTAGCTGATACTACTATGGCATTTATGGCTACGATTAATATCATTTCTATTTTATTACTTGGTGGTATAGTGAAAAAGGTATTAAAAGACTTTAGCGAGCAAAAAAGACAAGGTAGAGATCCGGTATTTAGTGCTTCAAAACTTGGTATTAAAAACGCAGAGTGTTGGGACTAATGATAGATTATATTATTATTGCATTGTTTGTAGCTTTTATGGTTTTTCTTGTGTTTGGCTTTAACCGCCAAATGCAAGAAAAAGCTAAACAAAGAGAAGAAAAACTAAAAACAAAGAAAGATTTTAAAAAAAATAGGTAAAA
CP176590.1_gap21	776748	779769	3021	AACTACGAACAAGATTTACAACGAGAGCTTAGTTCTAGTGGAAAAGATGATCTAAAAACTATGATTTATAGGATTAAAGATTTAGAATTTAAAGCTCAAAGCATTATCTCAAGTCCTGCTAGGCGTTGTATAAAAACAGCACAAAAACTTTGCAAAAGCTTTTTTTTAAAAGAAAAAGATATTAAGATAGAAAAAAACTTTTATGATGGTAATTTAGAAGATGTATTGAAATTTATAAAAGAATTAAAAGAGAGTAGGGTAGTGCTAATTATGCATAATCCTTTATTGCAAGAACTTTGTGAATATTTAGCTCATATAGATTTAGAAAACTTTCCAACTTCTGCTATTTTATGCATGCAATTTGATATAAAAGAATTTAAAGATATAAAAGAACATAGCGGGGAAGTTGTGTTTTTTGATTATCCTAAAAGTCAAGAAAATAACTAATCTACATTTTTAAACTTCAATTTTATTTAAGCAAAAATACAAACTAAAATTTAGTTGAAATAAAAAATATACATCTTTAGTCTTTCGTAGCTACATAAAATAACTTATAATATTTTTCAAAAAATTATACTTATTTTTTTATGGATAAGTTATTTTCACTCAAAAATTAAAATGCTTTAAAATACTATATTATAGGTATTTTAAAATATATTTTACTTAAGAAAGTGCAGATAAATATAAAAGTTTGAAAATTATAGTTTTCAATACAAAATATATATAATTTCAAGATTTTACTATTTATCATATAATTTTACATATATATTAAGTTTAAATTAAAATATTTTTATGGGCTAAAAAAGCTAAAATAATGAGTAAAAAGGAAAATAAATATAATAAGGTTTAGCTTGTATGGATTTTTTAGTTCTATTTGGATTTTTGGATTAATCTTGAAAGTTGTCTTGCTAAAAGTTTAGCACTATTTTCATCTTTGCTAAGTTTTTTCATATTTTCTTTAAATTCATAAAGTCTTTTTTCTTGTGCAAAGTCATTGTTTGAAATATTGTTTTGTTTTACTTGCTTTTGCATGGTTTTTTTCTTAAAAAACATATCATTACCCTATTTTGTTTTTATAATTATAGCTTGATATTTTTTAAGTAAGATTTTTTTATAATTTTTATATTAATTTTAAAGGAAAAAAGTTTGAAAACCATAGGTTTAATAGGTGGAATGAGTTATGAAAGCACACTTAGCTATTATGAAATAATCAATAAATTAACAAATGAAAAATTAGGAAAATTACACAGCGCTAAGATAGTTTTAACTAGCGTTGATTTTGAAGAAATAGAAGAATGCCAACGTAAGAATGATTGGCAAAAAGCAAGTGAAATTTTAACCCAACATGCCCTACTTTTGCAAAAATGTGGAGTTGATTTTATATTAATTTGTACTAATACTATGCATAAATGTTATGAAAACATACAAAAAAACATTCAAATTCCTATCTTACATATAGCTAAAGCTATGCTTTTAGAGCTTCAAGAGCAAAAAATCGATAAAGTGTTGTTACTAGGAACAAAATACACTATGCAAGAAGATTTTTATAAACAACTTTTAATTAACTCAAAGATTGAAGTTTTTATCCCTAAAAGCAATGATGTTTTAAAGCTTAATGATATTATTTTCAATGAGCTTTGTAAAGGTATTATAAATAAAGATTCAAAAAAATATCTAGATGATTTGATTGCTCAATTTCCACAAGTTCAAGGAGTGATTTTGGGTTGCACTGAACTTGGATTGATTGTAAAAGAAAGCTCTAAAAAACTATTTGATAGTGTTTATATCCATGCCAAAATGGCTACTTTGAAAGCCTTGGAGAATAAGTGATGAAATATCCTCTAGATTGTGAAGAAAATTTTGAAAAGTCATTTTTATTTTGGCTTTGTAGATATGTGAAATTTAAGCTTAATTCTTTATCAAATAAGGAATTAAAAGACCCTCAAGCCTTGGCTGTAGTAAATTTAGCTCTAAGTAAGGGTGTTAAAAATATACAAGAGCTTGATGCTTATGTAAAAAAAGCAAGAAATGCAGGACTTAGCGGTGTAAATACGTATTTTAATCCTTTGAAAAAACTTTATGAATATTTGTTATTTTACAAGCTTTATTCGCTAAAACAAATTGATGAAGAGCTTTTAGTGGAAATTTTAGCAAGTATTAGCGCTTCTTTATCTGATGCGAGTAAAAAAAATTATCGTATAGCTGTGATTAATTTTTTTGCATTTTTAGATAAACAAAACGAAGAAGATCAAAAAGCACATATTTTTGATATCAACCTTAAAAATTGGGCAGGTGTAAGTGGCTCTAAAGGAGTTAAACTACCTGAGTATATGAGCGAAGATGAAGTGAGTAAATTTTTAGATGCTATTGATAATACAGATTTTAAAAGTAATACCATACGCAATCGCTTGATTATTAAAATCATCATTTTTACAGGAATTAGGGTTAGTGAGGCTATTAATATAAAATTAAAAGATATTAGCGAAGAAAATGATCTTTATATTATACGTATTAGAGCTAAAGGCAATAAATATCGCGTTGTGATGATTAAAAAAGAGCTTATAGAGCATCTTTTAAAAGATGTAAGAGTAAATTATCTTTCTTGCGATGGACTTTTATTTGTCAATCGCAATGGTAAAGTCCTAACCCAAGCTTACATTTCGCGTATAGTAGAACAAATTTTATTTAAAGCAGGAATTCGCAAGCAAAAAAATGGAGCTCATATGTTAAGACACACTTTTGCTACCCTACTTTATAAAAAACAAAAAGATTTAGTTTTAGTCCAAGAAGCACTAGGTCATGCAAGTTTAAATACTTCAAGAATTTACACACATTTTGATAATGAAAAGCTAAAATTAGCCGCAGAGGTAGCAAAAAAACTTCACGATAGAACTTAAATTTTTATAAAAAAATCCGATGTATCTTTAAAGAAAGGATGCATCATGCAAATAAATGATTATATTAGTAAAATTAATCCTTATATTTTAAATACTCAAAAAGAAGAAAAAGAAAGCAAAGAAA
CP176590.1_gap22	790036	792386	2350	AAAAGGTATAAATATTATTCACCAATGTGGTAAGAATGATTATGAAAGATGTAAAAAGGCTTATGAGGATTTAAATGTCAACGTAGAGCTTTTTGACTTTGATAAAAACATTATAGATAAAATTTCTAAAGCAGATTTAGCCATATCAAGATCAGGCGCAAGTAGTCTTTTTGAGCTTAGTGCAAATTTACTTCCTTGTATTTTCATACCTTATCCATATGCAGCTAAAAATCACCAGTATTTTAATGCTTTGTATTTAAAAGAGCGTAATTTATGTGAAATTTTAACCCAAGAAGAAAAACATAAATTTTTAAATTTGGTAGAAAATTTCTCACTAGAAGAAAAATCTTTAGCCTTACAAGAATTAAAAAGTGAAAATGGTGCAGATTTTATGATAGAAAAAGCAAAACAAATGGGGTTTATTTAAATAAAATACTCCCCAAACGCACCATATTTGAGCCACATTTTATAGCTAGCTCAAAATCCCCGCTCATGCCCATAGAGCAAATTTTTGCCCCGTGTTTTTGTAAATTTTCATAGATTTTAAAAGTTTGCTCAAAACTTTCTTGAACTTTTTCCTCATCCATAGAGCCTATACACATAATGCCTACTAGATTTAAATTTTTACACTCTTCTTGTATTTGCAAATACTCTTCTATGGCTTTATTTTGCTCTATGCCACTTTTAGAACTTTCATTGGCAGTATTTATTTCTAATAAAGTATCTAATTTATAATCAAGTCTTTTATCTACAGCTTTGGCGCTTTTTAAACCATTGCAAGATTGCCAAAGCAATGGGTTTTGTTTGATTAAAAGATTGATTTTATTACTTTGGAGATTACCTATAAAATGCCATTTGATTTTTAAGTCTTGAAGTTTTTCTTTTTTTAAAGCTAAAGCTTGAACTTGATTTTCTCCAAACTCTACAACACCTTGCTTAAAAAGCTCTCGAATTTGTTCATCTTGAACATACTTGCTAGCTGCTACTAAACGCACATTTTGTTTTATGGTTTTTTCAAAAATACTTTCTAAATTCATCTTTTCCTACATCAATTCATATAATTTTTTACGCTCACTTGAGCTTCCTATACCAAGTTGCATACGGTATTTTGTGATAGTTCTACGCCCTAGTTGCACACTTGGGAATTCTTTTTGAGTGAGTTCAAGAATTTTTAAATCACTCAAAGGTTTTTTAGGATTTTCTTTTTTAATTAAATTACTAAGAAAATCTTTAATAGTTGCATTAGAAGTTTCACCATCATCAACTGCGGTGGTAAAGAAAGATTTTAAAGGTATTAAGCCTCTGTCACAACTTAAGTATTTATTTGCAATTGCTCTTGAGATGGTAGAGGCATTTCTTTCAAGATCTTGTGCTAAGTCTTTAAGCTGCATAGGTTTAATATCCCCGCCCATGAAAAAATCATATTGATATTCTATAATCATTAATCCTAGTTTATAAAGGGTAGCTTTACGCATAGCTAATGCATCGATTAAATTTTTAGCATCTTTTAAATAAGCACTTAAAAACTCATGATCTAAGCCATCTGCCTCAAAAGCAATTTCGGGGTAATAATCATCATTGATTTTAATTTTAATTTCACCATTTTCTTGATAAATAAATATATCAGGAATGATTTCCATACTCTCTTCAAAATATTCTAAAAAAGGTGGAATAGAGATTTTTTTAATTATCGCTATAGCCTTTTTATACAAAGGATCTTTGATAAAATCTTTTGCATTTTCTAAATTTAAAATCAACATTTTGCAAAACTCATAAAGCTCATCATCTAAGTCAAAATGCTCTAATGCAAAAATAAAAGCTTCTTGATTATCTTTTGCTCCTACTCCAACAGGATCAAGGTATTTAAATCTTTGTCTGATTTTTTCTACTTCTAGAGGATCAAATTCACCTAAAATTTCCTCATCATACTCAAAATAACCTTCATGGTTTAAACATTCTATGATTTTTTCAGCAATGGTTTGAGATTTTTTAGTAGGAAAAAATGGTGGTATGATTTGCTCGCTTAAAAGTTCATACACATTTTTTACTTCTAAGCTTTTTGCATCAATCATTTGCGTGGTGGTATTTTTACTAAAATATTCTTGATAATACTTGTTTTGATTGTTTGTAATACTTGAGTTTTCTTTGATCTCTATAAAAGGATTTTCTTTAGCAAATTCATCTAAACTTTCTTTTAGATCTTCAATGTTAGCTTGCAATATAGGAAGCCAAGATCTTAAGGTTTGTGATAGTTTTGCTTTTTGCGTTATAGAGGTTTTTTGTTTAAGCATTATTCAAGTCTAAACTCACTTCCAAGATAGTATTTTTTAACATCTTCATTATGTGCAAT
CP176590.1_gap23	795478	798175	2697	GGAGAATAATGTTTCACGCAACTACAATTTTAGCTTATAAAGGTAAAAATAAGTCTGTAATTGGTGGAGATGGACAAGTAAGTTTTGGAAACACTGTTTTAAAAAACAATGCAGTTAAAATTAGAAAATTAAACAATGGAAAAGTATTAGCAGGTTTTGCAGGAAGCACTGCTGATGCTTTTAATCTTTTTGATATGTTTGAAAAACTACTTTCTAGCTCTAAGGGTGATTTATTAAAAGCTGCGATAGATTTTTCAAAAGAATGGCGTAAGGATAAATACCTAAGAAAACTTGAAGCAATGATGCTAGTATTAGATAGGGATCATATATTTTTACTTTCAGGAACTGGAGATGTAGTTGAGCCTGAAGATGGTGCTATAGCCGCTATTGGTAGTGGAGGTAACTATGCACTTTCTGCAGCACGAGCTTTAGCTAAACACTCAAGTTTAGATGAAGAGAAATTAGTCAAAGAAAGCTTGCAAATAGCTGGTGAAATTTGCATTTATACTAATACAAATATTAAAACTTATGTAATTGAGGATGATAAATGAATTTAACTCCAAAAGAGATTGTAAAATTTTTAGATGATTATGTAATTGGGCAAAAAAATGCCAAAAAAATCATAGCAATTGCTTTAAGAAATCGTTATAGAAGAATGCAGCTTAGTCCTGAACTTCAAGATGATATCATGCCAAAAAATATTTTAATGATAGGATCAACTGGAGTTGGTAAAACAGAGATTGCAAGACGCCTTGCTAAGATGATGGGACTTCCTTTTGTAAAAGTTGAAGCAAGTAAATATACCGAAGTTGGTTTTGTTGGGCGTGATGTAGAAAGTATGGTTAGAGATTTAGCTAATGCTGCTTTAAATTTAGTAAAAAATGAAGAAAAAGAAAAAAACAAAGAAAAGATTAATGAATTTATAGAAAATAAGATTTTAGAAAAACTTTTACCGCCTTTACCAAAGGGTGTTAGCGAAGAAAAACAAGAAGAATATCAAAATTCTTTAGAAAAAATGCGCGTGAAATTAAAAGCTGGTGATTTAGATGATAGCATGATAGAAGTTGAAATTTCACAAAGCGTGTTTGATGCTAATCCAAATTTACCACCTGAAATGGGTGCTATGCAAGATATAGTAAAAGTTATTGGCGTGGGTAATAAAAAAGTTAAAAAAGAAATGAAAGTAAAAGATGCAAGAATAGCTCTAGCTCAAGAAGCAAGTGAGAAAATTCTTGATATGGAAAGTATTAAAGGCGAGGCTTTAAGAAGAGCTGAAAATGAAGGGATTATTTTTATTGATGAGATAGATAAAGTAGCAGTTTCAAGCTCAAATTCAAACCGCCAAGATCCAAGCAAAGAAGGAGTGCAAAGAGATTTGCTTCCTATAGTCGAAGGTAGTACTATACAAACTAAATTTGGTCCTTTAAAAACTGATCATATTTTATTTATTGCAGCAGGTGCTTTTCATCTAAGTAAGCCAAGTGATTTGATTCCTGAACTTCAAGGGCGTTTTCCTTTAAGAGTTGAGCTTGATTCATTAGATGAGAATGCTTTATATGCTATTTTAACAAGACCTAAAAATTCCTTACTAACACAATACATTGAGCTTTTAAAAACTGAAAATGTAGAGCTTGTTTTTGAGGATGAGGCTATTAGAGAAATAGCAAAAATAGCAAGCAAGGCTAATGAAGAAATGCAAGATATTGGTGCAAGACGTTTGCATACAGTAGTGGAAAAACTTTTAGAAGATATTAGTTTTGAAGCAGATGAATATGCAGGTAAAGTATATAAAATAGATGATTTTAAAGTGCAAGTTAAACTTGGAGATATCATAGAAAATAAAGATTTAGCTAGGTATATCTTGTGAAAAGTGGCTTTATAAGCATAGTGGGTAGAACTAATGCGGGAAAAAGTTCTATCCTTAATTCTTTATTAGAAGAAAAAGTGGCTATGGTTTCTCATAAGCAAAATGCCACAAGAAGAAAGATTAATGCGATCATAATGCATAAAAATCATCAGCTTATTTTTATAGATACACCAGGTTTGCATGCAAGTTCTAAGGCTATGAATCAGCTTATGATTGATTTAGCGATTAAAAGCATTGCTGATTGTGATGTGATTTTATTTGTAGCTAGTATTTACGATGATATTAAAGATTATGAAAATTTTTTAAGTTTAAATCCTAAAGTACCACATATTGTATTAATCAATAAGGTTGATTTGGTAAAAAAAGAGGTTTTGCTTAAAAAATTAAGCGAGTATTCTCAGTTTAGCTCACATTTTAGTGCTATTATCCCCTATTCTGCAAAGCAAAAATTTTATAAAAAAATTCTTTTAGATGAGATGATTAAGTATTTGCCTGAACATCCGTATTATTTTGATCCTGAGTTTATTACTACAACAAATGAAAAGGATATTTATAGAGATTTTATCTTAGAAGCTATATATGAAAATTTAAGTGATGAAATTCCTTATAGTACTGAAGTAAAAATAGAAAAAATTAAAGAACTAGAGCAATTTTATTATATCAATGCCACTGTCATTACAGATAGTAATTCTCACAAAGGAATGATACTAGGTAAAGATGGTACTACAATTAAGCGTATAGGTAAAGAAGCTAGAGTGAAAATAGAAAAATTAGCACAAAAAAAGGTAATGCTAAAATTATTTGTTCAACTTGAGAAAAATTGGCACAAA
CP176590.1_gap24	803245	804464	1219	TTTGCGTTAAAATGAGCTACATTTGCATCTCTTTGAATATTATTGCTAATGTCCATTTTAAACTCCTTTTTAAAAGACTTTAAAATACTCTATCGACATAATTTTAAAAAACTTAATATTTAGATTAAAAATCTATATTTTCTTACAAGCAAAAAGTGTTCTCAAAAAGTTTAAAATTAAAAAATTTCAAACTTTTTGAATAATTTTTCATCATTTGGAAGTAAATTTTTAGCAATAAGTCTATCTATAACTTCTTTGGAGCAATTTGTCATTAAAGGCCATTCTTTATGATAATCTTCTAATGATCCTTTATTTGTTGCATCAATCGCAACGCAATCTTTTTTGATAAATATATCTCTTTTTGCATCGATATTATTTACCACACGCCAAACTAGGATATAAGGATTTTCTAAAATAGCATCTGTATCTAAGAAAACCAAGATTCTAAAATGCTTTTTACAAGTTTGTAATTTTTCAAAAGCTTGAGTTATTTTTTCTTTTTTATCAATCAAAATCACACAAATTGGAGCAAAGGTTTGGGTGTAAAACTGCTTTAATTTTAAAATATTTTGATCTTTTTCTTTAAAAAGTAAAAGTAAAGCCTCATCGCTTAGAATTTCAAGTTCAACTTTTTTCTCATCACCACACGCATCAAGCCCTGCTTTACCACCATAACAATAAGTGTTTGAGGCATGATCGAGTTGATCACAAATTCCTTCGCTAATAAGTAATTTTTCTTCATCAAAGCGATTGAGTATATAAGGTATGAGTTTGTCATAATCTTTCAAACAAGGTGCATTTTCATCAACAAAAATAGCATGTTTTACAAAACTCATTTGCCCTACTCCCCAAAAAGTATGCATAACTTGTTTTGCATGAGCTGGGTATTTTGCTTCTATTTTAGCCAAGATCAAATTATGAAAAACTCCGTTTTCAGGCATGTTATAATCTATCAAATCAGGGGCATTTGTCTGAAGTAAAGGTAAAAAAACTCTTTCTGTGCCAAGCCCCATGTATTTATCTTCTAAAGGTGGTTTTCCCACAACAGTAGCTTGATAAATCGCATTTTTTTTAGCAAAGATTTTTTCTACTTTTAAAATAGGACAAAGTTCAACAGGGGTATAAAAGCCTGTATGATCTCCAAAAGGCCCCTCAGGTGCAAATTCATTTGGATCTACAAAGCCTTCAATCACAAAATCACTATCATAAGGCACATAAA
CP176590.1_gap25	862310	864219	1909	TTAAAGCCGCACCACCAGGATAACCAAAAACTACTTTAACATTTTCTTCTTTTAATGCTTCACAAATCATTTGCGAGCCATTTAGCTCTTTCATTATTTTACCTTTTTGCTTAAAATGGAAAATATTATAACGATAATTTAATAAATATTATTTTATAAGGAGAGTTTCTTGAAAAATCAAGAAACTACTTGTGCTTTTTTAGCGTATTCTATGCCTAAATCAAAAGCTTTAGCATTTGCTTCTTTGGTTTTTACAGGCACCATATCAAGCATAGTTTGTTTTAATGCATCAATATCAATGCATTTACTCATATAAGCAGCTATAGCTAGAGCAACAACTGATTGAGTAGCTACATTCCCTACTTCTTCTTTAGCTATAGTAATAATAGGAATTTCAAAAATTTTCCATCTAGCATAATCTTCTTTACTCGGATGAACTAAATTTGGCTCTATAACTATAACACCACCATCACTAACACCATCTTTAAAACTATGATAACCCTTATCAGCAGTTGAAAGCATAAAACTAACTTCACCTTCTACTGCATAAGGAAAAAAGATTTCATTTTCATCAATGATAATATCAACCTTAGTTGGCCCACCTCTAACTTGAGAAGTATAAGTAGAAGCTTTAAAAGCATTGCGTCCTTCTTTAATGGCAGCTTTAGCTAAAATTTCACCTGCAGTGATAACCCCTTGTCCACCTTCACCGCAAAATCTTAATTGATATTTCATTTTAATGCTCCTAAATCAACCATTCTTTTTTCTTTCAAAGCTCTTCTAACTTCTTCATAAGCTTCACAATATTCTGCCTTGCTTTCATCTTGGTGTAAAATTCCTGTAGGAAATTTATCTGCTTTTTGCTCATAGTCTAATTGTTCAATTTTAGACTTTTCAACACAACGATTTTTAATCCAATCAAGCATGCTTACAGCTTCGCCCATTTTATTTTTTCTACCAAGATTAATATGGCAGTTTGAAAATACATCTACAAAACTATAACCTTTGTGTGATAAAGCTTTAAAAATGATATTTTCAAGCTTATTTGCTTCTATAACATTTGTTCTTGCTACAAAAGAAGCACCTGCAGCTTTAGTAAGCTCGCAAGCATCAAAATTTGGGTCTATATTACCTGCTTGAGCAGTAACAGTATAAAAGCCTTGTGGGGTAGTTGGCGAAGTTTGTGAATTTGTAAGACCATAAATAAAATTATTGATTAAAATATGGGTTAAATCTATATTTCTTCTACATCCATGGATAGTATGATTTCCACCAATTGCTAACGTATCACCATCTCCGCTTACTACGATTACATGTTTTTTAGGATTTGCTAGTTTAATCCCTGTTGCATAGGCAATAGCTCTACCATGGGTAGTATGTACTGTATTACAATTTACATAAGAACTCATTCTACCACTACAACCTATACCAGAAACTAAGCAAACATCATCCATATTCCAGCCAAGTTTTTGAATAGCTCTAATAATAGCTTTTAAAACAACGCCATCCCCACAACCCCAGCACCATTGTGTTGGAAGTTTATCTACTCTTAAATATTCATCATAATTAAAAGCCATTTTACATATTCTCCTTTATTTTAGCAATAATTTCACTTGGGGTTATAGGGCGACCATTTGCACGGTGCAAGTTAATAAAATCATCTCTTTTACTTACTCTTTGAATTTCTTCTAAATATTGCCCCATATTAAGCTCACTTACCATAACTTTTTCAAATTTAGATACCACTTGAGCTATTTTTTTCTCAGCTACTGGATAAAGCGTGATTGGTCTAAAAAGCCCTACTTTTAAACCCTCTTCTCTAAGTCTTAAGATAGCTTCTTTGGCAGATCTTGCAACGCTTCCATAAGCAATGATTAAAAACTGCGCATCATCACACATAAACTCTTCA
CP176590.1_gap26	866105	868396	2291	CAAGCATAATTTTAGAATTAATAGCAAAAAGCTCATCTCTACTTTGACCTTCTTTTCTAGCTACTCCCGCACTAAAAATAACCACTTGAGAATCTTTTGAATGCGCATAATCATCTGTGCAAGTTATTTTAATATCCAAATTAAAAGCAGCTATACTCTGACTTAATTCTAATTCTCTAGCAAAAAGCAAATCTTTATTAATATCAATTAAAACAAGCTCATCAACCAACTCTCTTAAAATCAAAGCATAAGCAGTGCTTACACCAACATTACCTGCACCTATGATGGCGATTTTCATTTTTACTCCTTTTTGTATTTATTTCACTAAATTAGCCGGCAATTCAAAAATATTTTTAATTAAATGATAAGGAAGTTGCAAGCTTTGCGCAATAAGCTGAGTCTTAAATTCAGGGTTTTCTACTGTTCCGCTTAATTTAATTTGCGTGCTAATTTGTCTATCTTTGCCTAATATGATTTGATTAATGATAGGAACTTTAGAAATAACTGAACTTGCTGATTTTAGAGTTCTAAGCTCTAACAAACCATCCACTTGATTATTTCTTAAGTTGATTTTAACTTGACCTAGCACATCTGCACTATCGCCATTAAAATTAAGTGCGTCTATCTCAAAAAGATCTTTTTTACGATTAAAACTTATACCAGCATTTTCAACACTAAAGCCTTTTTCATTAAATGTAGGTGCTTTAAATAAAATCAAACTAGGTATGGTATCAATAAAGCTTAAAAGCTGTTGATGAAATTTTAAATCTTTTAAATATGTATCTTTAAATAAAAACTTACCTTTGAAAAAATCAGTACTATTACCATCTATATAAAGATTAAACTCACCTTTTTCAAAAACATTTTGACGCATAAAAGTGTTTAGAAAATCATCATCCATTTTTAAAGCTCTAATTTGCATTTGATTTTCTTTAAGCAAAAAATCAAATTTAGATTCATTTCTATTTGCCCAAGCTTTTAAATAATCTTTTTTAATTTTAGCGTCAAATTGATCAAAATCTAAAGTTTTATTAAAATCTTTCAAAATCAAATCTATATTTTTCCCACTAATATTATAAGTTGAATTTTCAAGAGTATCTAAAGTATTTTCCGTATCTTGCTGAGAAATTAACAAATTAATATTATTTAAAGTAATATTCACATCATCATTATCTTTTTGCGCAAAAACACTACCACTTGCACTAGTTAAATTAAAATCATCTCCTTTTATTTTTATGCTAAAACTATCATATTCATAAGGATTGTTATCTTTATAAAGTAAAAATGATTCGAAAGTGGTATTATTAATATCTACATTAAAATCTTGGAAATTTAAAGTGTTTAAAGATAATTCCCCGCCATGTACTTTATTTTTTTGCATTAATTTAGAATAATTTTTATATTTTGCAAGTTTTTCAACATAAACAGACATACCTTTATCAAAATTTAAAGTTGTAGTAAATTCTTTATTATATAAACTAATATTTTTGTCAAAATCAAGACTTAAATCAAGAAATTTATTTTCCATTTTTAAGCTCTCTTGTGGTAATTCCAAGTTTGCTATAAAGGTTTTAAAATCACCTTTTTTTTGCTTTAAATCAACACTTGCATTAAAATCACCGTTAATCATACTACTTTGCACACTTGCATTTTGTATATCTAGCTTATCTTTTTTTAAAGTAACATTTGCTTGAGCTATCTTAAAATCACTTATATTTATATTTGAATTAATAATATTAAAACTACCATTATAAGTAATTTTCTCAGGATGATCAAAAGGAATTTTCAGTGTTAAATCAGTCTTTGTGACACCATTATTTTGTAAAAATGGTAATTTTATATCGTATAAAAGTAAAATTTTATTAACCCTATAATCAGCTCTAGTATTATCACTTTTAATGCGTATATAAATTCCTGCTTTTTCATTTAGCATATTATCTATATAAATTTGGCTTTGAGCTAAATCATAATTATTAAAACGCAATTCATCGTAAATAAAATCAAGTCTTTGTTTTGCAAATTCAAGTCTTACAAAAGGACTTACGATAGGATCTATTCCTTTATCTAAAACTACTTTTAAATTATTTACATAACCTTTAGCGTTGATATCATTTAAATAATATCTATGTTTTCCAAAATCTGCAAAACCGGTTAATTTTTCTATAAAATAAAAATCAGCCTTTACCTTACCACCCACCCAAAGAGCAAGATTAGAAGGTAAATCCACTCCATTTTCTACTAAAATATCAAAAATTTGCGAAATGTTATTTGAGCTTATATTTTCTAATTCA
CP176590.1_gap27	913035	913795	760	TAAAGTTATATAATAAATACTCATGATTAACATCCGCATTAATAGCTAAAAATAATTCAGCCTCTTCAATAATCGTAGGATTATCAAACAATAAATCATAAAATCCATTATCATTATTAACCACTTGAGCCATAGTATATTTTGGAGAAGTTATTTTTGCAAATAAAATTCTAAGTTGATTGATAAGTGGTAAAAAAGTACTAGTTAAGTTATCATGATTATATGCTATAAAATCAGAAAAAGAACTTTCAGCACTAAAGGCACTAAGATCTCCTTGAAAATCAACTAGTTTCTCATATAAATTTTCAGGATGTATTTTATCTTTGTTAATCATATACGAAAAAATAAAATGCCATTTTTTTAAAAGATTTAGCGACAAATAAGTACTAAAATCTAAGGTATTTTTAGTTTGATCTATACCTTTAAACACTTCAGTAAGTACTTCTTTGTGTTGTTTAATAGAATGAGAAATTTCTTCCAAAAATGATCTAATATATGAAGATTTATTTAAATCCAAACAAGTAGGTATAAAGTTTTCATCTAAATCTATTTTTTTATTCAAATCAATACTTTTTATTTTTGCTATAGGAATTTCAAGCTCGTCTGGAGTTTTACTACCTAAAAATCCTAATTTTAGTCTTAAACTAGCTAAAGTAATACTCATTTTTTCTTGTGAAAAAGTAATATTATCATCCTCGTATCCATCTTCCAAATCAGCATGTTTAAAAACATCATTAGCACTATCATCATACATTCTTGA
CP176590.1_gap28	915213	917752	2539	AAACAACGCAAGCTAAACAATCATCATTTAAATCTCCAGTTACGCAAGTAAATATTGATATAAAAAATACAAAGATTTCCAATCTTAACGATAGAGAATATAGAAGCCTACTAAACAACTTAGCAATCGAACTTTTAGAAAATGACTTAGAAAATACCAACGCATATTCACTATTTGCAGAAGCGACTTGGGGAAGATTAAAAACACTTCCACCACATTCAGATTTCATCACTAAAGTAAGATACCCTGATAAAAATTTAATAAAATTACTACTTGATAAAAATACAAATGAACTAGATCAAATAAAATGTTTTATCAATAATCTTTCACTTAATCCCTTTTGGATAGAAGGATTTAAACTATTTTGTGATTTTTTACATCATCATCAAAAAGAACATTCTTTAAAAATTTTAAATTTACTAATTTGCAATTTTATTCTCAAATTTAAAGATATTACCAAATTGAGATTTGATAATGGTGAATTAATGTGCAAAGAGGATACATTTAATTATTTTGTAAAACAAAGTCAAGAAATTAATAAAAAAACACATGTTGCATCATCTGATAAAAATAAAAAAAATAAAAAAGTGGAACAATTGCTCATTGATATAAACAATGAAAACTATAATAATTCTTTATTTTGCAATATAAATTCTTTAATAGCTATGGCACAAGTTTTTGAAACAAATAATATGAACAATAATGCAAAAATTATATACTTACAACTAGTTGAACTTATGGAAAAAACCTTATTGAAAGATTACTTAAATGATGAGTATAATTATGCAAAAAATAAAACTCATAAAAAAACGTAAACTTAGTTATTCTTTATTATTTTTTTTGTATAATTAAGTATAAAAAATTATAAATTGAAGGAGACGAAATGTCTGATGGATCAAGTGCACCAAAAGAACGTATAAATATAACTTACAAGGCAAAAACAAACGGACAAAATGCAGAAATAGAACTGCCTTTAAAACTTATGGTGATGGCTAATTTAACAGGTAAAAATGAACAAAATTTAGAAGATAGAGAAATTGTATCTATCAATAAAATAAATTTTAATCAAGTTATGCAAAAACTAGATATAAAAACTCAATTTAACGTTAAAAATACTTTAGGTGGAGGCGCTGAAGAATTAGATATTAATCTAAAAATATCAAGCATGAAAGATTTTTCTCCTGATAATATAGCACAACAAGTACCAGAGCTAAATAAATTAATGCGTCTTCGGGAGGCTCTAATGGCTCTAAAAGGACCTATGGGGAATATACCAAATTTCAGAAAAGCAGTTTTAGAAGCCCTAAAAAATGAAAAAACTAAAGAACAATTGCTTCTAGAAATCAAAAAAGAAAATAATGAAGAGTAAAGGAAACATAATATGTCAAAAGAGAAAGTAATTGATACTCCAATTATTGAAAGTATTATGGAAAAAAGTAAATACGCTAGGAATGATGAATGTTACAGTATAGCAAAAAGAGGAGTGGCTGAATTTATTTCTGCAATCGTTGAAAGTGACAATGTAGAAGATAAAATTAATAAATTTGCACTTGATGAAATGATTGCTCATATCGATGATTTACTATCAAAACAAATGGATGAAATTTTACATAATGAAGAATTCCAAAAATTAGAGTCAACATGGAGAGGGCTTTTCTTTTTGGTAGAAAGAACTGATTTTAATGAAAATATTAAAATTAATCTTTTTGATATTACCAAAGAAGAAGCTTTAGAGGATTTTGAAAATAATCCAGATATTACTCAAAGTGTTGTTTATAAAAATATTTATTCTTCAGAATATGGGCAATTTGGTGGAGAGCCAGTTGGTGCTATAATTGGCGATTATCAACTAAGTACTGCAAGTCCAGATATGACTTTTTTAAATAAAATGTCAAGCATAGCTGCAATGAGCCATTCACCATTTTTAACTTCTTTAGGGCCTAAATTTTTTGGTTTAGAAAACTACTCAGAATTAGCCAATATTCAAGATTTACAAAGTCTTCTTGAAGGCCCTCAATATACAAGATGGAGAACTTTTAGAGAAAATGAAGATTCTAAATACACAGGATTAATGGTTACAAGATTTCTAACAAGATCTCCTTATGATAGCGAGGAAAATCCTATTAAAAGTTTTAATTATAAAGAAAATGTTCACGCATCTCACAATCATTTACTATGGGGAAATTCAGCATATGCTTTTGCAACAAGATTAACAGAAAGTTTTGCTAAATATAGATGGTGTGGTAGCATAATTGGTCCAAAAAGCGGAGGAAGCGTAAAAGATCTTCCGACTTATTTTTATGAAAATTTTGGCAACTTAAAAGCTAAAATTCCTACCGAAGTTTTAATTACAGATAGAAGAGAATATGAACTTGCAGAAAATGGGTTTATAACCTTAACCCTAAGAAGAGATACTAATAATGCAGCATTTTTCTCAGCAAATTCCGCTCTAAAACCTAAGATTTTTCCAAATACACCAGAAGGAAAAGAAGCTGAGACAAATTATCGCTTAGGCACTCAACTACCTTATGTCTTTTTA
CP176590.1_gap29	927223	930160	2937	ACTCATTTGCAAAAAGCTCTTGATAATGATCATCATGCGGATCGATCAAATAAGCTATAAATTTAGAATGATAGTTTTCTTTATACTCAACTCCCAAAGCTTCGAAAATATTTATATCACTCATGCCTTTTTTGGTATTTTCTTCAAATTTATCATTAACCCTTAATAATTCTTCAATAAAATTTTTCATTCACAATGCCTTTAAAATAATTTTCACAATTATACTGCAAAAATATAGACTACCATTGTCTGCTTTTTTTAGCTATGATTTTCAAATCATTCAAAAAGGATTAAAAATGCTTCAAGCCATGAAACACATCCTAACTCACACCGATGAGACTTTGCTTGCAAAGAAATTTGGATATAACAATGTAGAAAAATTTACCAAAACAAAAACTTTGTTTTTAGAATGCGAAAGCATACAAGAATGGCTTTTAAAAGGACATTATGATATGGTAAATTCCTCTTTAGAATTTATACAAAAATTTGATTTTATCTTAGATAAAGAAATTTTAAATTCAATTTTAGAACAAAGTATTTTATTAAAAGATAAACACATAAAATTACAAGAAGCAAAAGCTATCATAAAAACAAATTTTAAACGCAAAAGCGAGCCTTTGCATACTTTGATGTTTTTATCTCATTTGCGCGTGCTTAAATTTCCTATTAGCAATGATATACTCTATCTTGATAAAACACAAATCATGCAAAAGCTCAAAGAACTAGCTATAAAGCATTATCCATACTTTAAAACAAAGTCTAAATTTAAAACACATAATCTTTTTACCAAGACTAGCTTATGATAGATACGCACATAGTGATGATATTAATAATTTTTCATAACTAGATAACTAAAGTCTAGTTATTTTGTTTATAATTGCATTATATATCTTAGTTTAAAGGTTTATAATGCAAACAAATACTTCTACTCTTACCCACATTGCGGATTTTGATTATTACTCACATAATGTAAAAGTCATCTCACTACACGCACAAATGCTCTCAAACAGCAAACAAATCAAAAAAGATTTTTACAGCGAATTTGAGGAAATACTAGAAAAAGATAGTAAAATCCCTAGTTTTATCTACAAACAGTACTCCAAATTTATCTATCCTAGCTTTTTAAAGAAAAATCTAAGTTATCTTAAAAAATACTTAAATTTTACTCAAGCAGAATGTGATGTGTTTGCGTTTTTTTACTATGCAAACAAAGGTAGATTTGCTTTACACCAAGGTTATAGCACTGCTTTGGGTAAAAAGATCATAGAAAAAATTTTCAACCACACTTCAAAAGATGTCAATAAAGCCTTAAGTGATGATTCTATGCTTTTTAAACTAGATGCCTTGTGCTATTATGATAGCGATGCCTTTGGTATAGATGTAAATAATTTTGAAAGCATTTTCACTCAAGATATTAGCAAAACTACACTTATGGGTGAGTTTTCGTATTTTTTACCTAAAACTAGACTAAATTTGAGTGATTTTGACTATATACAAGAAGAATTAAATACTATCATTACTTTTTTAAAAAAACGCCAAAAAGGAAATATTTTTATATATGGAAAAGCAGGCGTAGGCAAAAATGAGCTTAGCGCACTCATAGCTAAAGAGCTTGGAAAAGAAGCATTGTGCGTTAAAGATTGCGAAAATGATAAAAAATCAAATAGAATTTCAAATTTTTACGCACTTAAAAAGATACTCAATCCAAAAAAACAAATGGTAGTCTTTGATGAGTGTGAAGATAGCCTTTGCTATGATTCTTTAAAAGAAAAATTAAAAATCAATAAAATCTTAGATGAAGAAAATGGCATTTGTGTATTTTTATCAAATTCTAAAGACATGGATGAAGCGTATTTGAGGCGTTTTGATGTGATTTTAGAGCTTGAAAGTATGCCTAAAGAAAAGAAAATTCAAAATATAAAAAAGTTATTCAACAAGAAAAATATAAAAATAGATGAAGCCATTATAGAAAATATAGCTTCTCATCCTGAACTTTCTCAAGGGGTTATTTTAAAATGTGCAAACAATGCTAAGATCTTTAAAAGCAAAAGCCAAGAAGTATTTGTAAGATTGATCAATGAAAATTTAAAAGCAAGATCACTTCAGGGCATTTCAATGCCAAAAAAAGACAAGAAATATGATTTAAATTTAATAGAATGTGATTTAAATTTACAAGAACTAATAAACAATATCGATAAAAATTCAAGTTTGAGAATTTTAAGCTATGGCATAGCAGGTAGTGGAAAAAGCGAATTTGGCAAAGAACTAGCTAATGTTTTAAACAAAACTTTACATTCTTATAAACTTAGTGATATTTTAGATCCTTTTGTGGGCAATAATGAAAAAAAATATCGCAAACATTTTCAAAAAAGCTTCTAATGATAATGCTATCTTACAACTTGATGAAATCGATGCGTTAATTTATAGTAGAGATGAAGCAAATAAAAGCTGGGAAAAAAGTTTAGTTAATGAAATGCTTATGCAAATGGAAAATTTTGAGGGTATTTTCATAGCTTCTACAAACTACCTACAAAGCCTTGATAAAGCTAGCATAAGAAGATTTGATCTAAAGATAGAATTTCAAGCATTAAAGCAAGAAAAGCTTTTAAAGGTTTTTGAATTTTTTGCTAAAGAATTAAATTTAAGCTTTGATAAAAAACAAATTTCAAAAAGGCTCTTAAGACTTCAAAACATTTGTTTGGGCGATTTTGCGCTAATCCTTAGACAAAATAAAATTTTTAAAATCAAAAACGCCGATGAGTTTTTAGAAAAATTAGAAAAAGAATCAAAACTCAAATCAGATGATGAAAAAATCAACATGGGATTTTTATAAAAAGGATAAAACTATGAACATAACACTTCAAGGAACAATACACAAAAGCTTTGTGTATGGATTTAATGATATAAAAGCAAAAGAATACATTAAAGCATTATATA
CP176590.1_gap30	945765	948872	3107	GTAATTTTCAAACAATACGAAACCAAACTCCCCGCTGCACTCCCACGCCCTGGACCAACTGGTATATCTTTTTCCTTAGCTGCGGCGATAAAATCATGAACGATTAGCATATAACCTGAAAATTTCATATTTTTAATAATACTAATTTCTAAATCAAGCCTATCTTTATACTCTTGATGTTTACTCTCATCGATAAATTGAAGTCTTTCTTCTAAGCCCTTTTTACAAAGATACTCAAAAACTATATCATCATTATCAAAGCTAAATTCTTGATCTTCTTGACTTAAGTTTAAGCCATATTTTTTCGCATATTCACGGGTAAATTTAAAATTTGGTGGCGTAGGATCACCTAGTTTTAATTCTAAATTGCATTTATTAGCTATTTCTTGAGTATTTTCAATAGCTTCAGGAATGTCAGCAAAAAGCTCACTCATTTGCTCTGGTGTTTTCACATAAAACTCATGTACTTCGTGTCTTAAACGCCCAGGATCATCAAGCTTAACACCCATAGCTATGCACATAAATACTTCATGTGCAGCTGCTCTTTCTTTAAAAGTATAGTGCGTATCATTCGTTGCGATGATTTTTATATCAAGCTCTTTAGCAAGTTTGATGATAGAATCATCGATAAATTTTTGATCATCAATACCATGACGCATAATCTCAAGGTAAAAATCATCTCCAAAAACCTTTTTATACCAAAGCGCAGCTTCTTTTGCGCCTTCATAACCTTTTGCGCCAAATTTTAAATTTCTTTCATTTTTGGTATTTAAATGCCAATTAACCTCACCTTGCAAACATGCAGAAGAGCAAATCAAACCCTCACTATGAGCTTCTAAAAGTTTTTTATTAATCCTTGGGTAATAATACAAGCCATGTATATAGCTTTGCGAACTTAAATACATCAAATTTTTATAGCCAATTTCATTTTTAGCAAACAAACAAATATGAAAGCGTTGTCTTGAGCTTTTATCACTTAAATCATCGTGATTATGTAAATATGCTTCAAGTCCTATGATAGGTTTAATCCCTTCAGCTCTCATCGTTTTGTAAAAATCAATAGCACCAAACATATTTCCATGATCAGTCATAGCAACACTTGTTGCACCTTGTGCTTTTAGAGTTTTAGCAAGCTCTTTGAGTTTATTTGCTCCATCAAGTAAAGAATATTCCGTGTGTAAATGCAAATGTGTAAATTGGCTCATATTTTCCCTTGTATTTTTTTATTATTATAAAAAAAAACCTTAAATTTAAAACTTACAAGCATAAAAAATGTATAATAGCTTACTTTCAAAAAAGGAGTAAAAAATGGAAGTAAAAATTTATTATTGTAATCTTTGAAATTACAAACCACAAGCTGCAAGGGTTGCAGAAGAAATACAAAATAAATTCAAAGATGCACAAATTTCTACCATAGAAAAAGGTGGTGGTCATTTTATAGTAGAAGTAGATGGCAAAATCATTTATTCTAAAAAAGACTTGTTTAACTGTGAAGTAGATAGATTTCCTCATGAGGGTGAAATCACCAAGCTTATGAAATAAATGTCAGCTAAACCCTCATTAGCGAGGGTTTATTTTGTCAAAGGAACAAGCATTCCATCATAAAGTTTTTGATAAATTTCTTCTGAGCATAAATACTTAGCAAGCTCTAAACCAAATAAAATAGCCGTAGCAGGCCCAGCTGCTGTGATGACATTTTCATTTACTACAACTGCTTTATTTACCCTAGTTCCTTCAATACCTACTTCACAACCAGGATAGCAAGAAAACTCTCCATTAATTACCCCTGCTTTTGCTAACACCATAGGTGAAGCACAAATAGCCGCTACGATTTTTTTCTTAGCATGTAAATCTTGTATGATTTTTATAATAGCTTGATTGTTTTTTAAATTCATCATACCTTCAAATCCACCTGCCAAAGCAATTGCATCTAAATTTTCTTGATCAACACTAGTCAAACTCACATCAGCCCTTATGCAAATTCCATTAGCACCTTGCACTAAAAGCTCATCATCTAACGAAGCAATAATTACTTCTAAATTCCCACTAGCCTCCCCTGCTCTTTTTAAAACATCAGCTATACCTATAAATTCAGCTTCTTCAAAACCTTTTGCCAAAGGCACTAAAACTTTTTTCATTTTTTTCTCCTTTTAGTCGATAAATCTTTTATTTAATTCATGAAAATACTCTATGCGTCTATCGCGTAAAAACGGCCACCATCTACGCACATTTTCACATCTTTGCATATCAATTTCAATGATTTTACAAAGCTCTTGTTTATCATCAGCTCTAAAAAGCTCTTCGCCTTGAGCCCCAAAAACAAAAGAATTTCCCCAAAATCTTATACCGTCTTCTCTCTCACTTTCATCTTTTTCAAAACCCACTCTATTAATAGCTACTACAGGCAAGCCATTAGCTATAGCATGGCCTCTTTGCACACCTATCCAAGCTTCAAGCTGTCTTTGTTTTTCTTCTTTTTCATCTTTATCAAACCAACCTATAGCAGTAGGGTAAATCAAAATTTGAGCTCCTTTTAAAGCCATTAACCTAGCAGCTTCAGGGTACCATTGATCCCAACATATTAAAACCCCAAGTTTTCCAACACTTGTTTGTATAGGTTCAAAACCCAAATCACCTGGAGTAAAATAAAATTTTTCATAAAAACAAGGATCATCAGGTATATGCATTTTACGGTATTTACCTGCTATGGAGCCATCTTTTTCAAATACCACACTAGTATTATGATAAAGCCCTACACTTCTTTTTTCAAATAAAGAAGTTATCAAAACAACTTTATTTTCCCTAGCCACATTAGACCAAAATTTAACATCTTCTTCATAGTCATTTGCCAAATCAAAAAAATCTGTATTTTCACTTTGACAAAAATACTGCGTTTGATGAAGTTCTTGCAAGCACACAAGCTCAGCCTTTTCTTTTGCTGCTTGTTTGATAAGTTCGCATGTTTTTTCTATAGTTTTTTCTTTATTTTGTTTAAATTCTTGCTGAATGAGCGCTAATTTCATTTTTACTCCTTTCTTCTTCTGAATCATCATAAGGGTCTAAGTGTATATGGATATTCCAAAAATCATCTTTAAAATGCTCCCTTA
CP176590.1_gap31	1025523	1029934	4411	TAAATTTTATCCCCATAAAGCTCTTGTAGTTTTCCTAATCTTTCTTTGCGTCTTGCTATGGCTATAACTTTATAATCAAGCTCTATCAAAGCTTTTAAACTTTCTAGTCCAAAGCCTGAGCTTACCCCTGTTATTAAAGCAATTTTCATGGTTGTGCCTCTTCATATAACATCAAATTTTCATTTTCTTTTAAACCAAGTTTTTTTAAAAATTTAATATTTTCTTCTTTTTTTGCAATGATGGCAAAATCAAGAGCATTAAACCCTAAATCATCTATTTCTTTATAACTAGCTTTATAATCTATAAGTAACTTAAGCATTTTTACGTCTGCATAATTTGCCCCATGCATAAAGATATTTTTAGAAGTATGCTCAAGCGCACATAAGGTGATAAAATATGGTGTATTACTTCCCATACTGGCAATAGAAAGTTTTTCATTATCATTAATGTATTTTTGATTTACATTTGCACCATTTCCAAGCAAAAGCTTGGCAACTTTATAGTTGTTATATTCAACAGCATAAAACAAAGGTGTTTTCCCAAAAGAATTTTTATAATCAACCACCGCTTCATTTTCAAGCAAAAGCTTAACATTTTCTGCATTATCTAGTGCAAAAAATAAAGCAGACTCATAACCTTCATTTATTTTTACACCCAATTTGATAAATTCTCTTATAATCTCACTTTCTCTATTATTTAACAAGGCTGATTTAAAACCATTGTTTAATTCTAAATTACTAATTTTTTTAGTATAAATATACTCTTTAATTTGCTCTAAAGAATTATTTTTATTAGCCACAAATTTTTCAAAATCTGAAATATCTTTAAAAATTTTAGTCTCGCCAACTGCCCAATTTAAAAATTCATTCAAAGCATTACTAGCAAAATAAATTGCACTTGCTTTATCTAGGTTAAATTCCTTTTGAAAATATCTTGTTAAAGGATTAATCGCATTATTATATTCTTTCCAAAATTCCTTAAAAAGTTTAAAATTTCCAATACTTTGATAAGCCCAAAATCTAAAATACGCTTTTAATTTTGCAAATTTTTCTTCAAGTATTATAGGATCTTGTAAAGTCTTTTGATAGCCTTGTGGATCAAGTGCAATTTCTAATAATTTAAAATCAAATTTTCTCAAATCACTAAAATATTCTCCGCCCATACAAGCACTATTACTTCCTCTAATTTCATTAGCAAGTTCATATAGCCTTTTTGTGATTTGATGGTTTTTTAAAGAAAAAGCACAATTTAAATCCACTTGAGCAAAATCTTGTGTATTTTTTGGCTCAAACTCTTTAAAAAAATCAGCCTTATTTTCCTTAACATACTCACAACTATAATCCAAAGCTAAAGCATTTAAACTTATAATCAAACTAAATAATAAAATCTTCAAATATTTTCCTTGAATATAAATTAAATCACTATTTTAACTAATTTTTTGCTTTAATAACAATTAATTAATTTAAAATTCATACAATGCTTGCTTTTAAAATAAGGAAAAATATGTATCAAAGTTTTTATAAAGCTAGTTTTGCTTATATTCTTTTACAAAGTGATAAAGATAAACTTATTAATGTTGATTTTACTATATACAAGCCTGATTTTACCAAAGATAAACACCCTGTTTTAGAACAAGCCTTAGAAGAACTAGACCTTTATTTTAATAAAAAGCTTTTTGCTTTTAACACTCCTCTAGCTCTTTGGGGAAGCGAATTTGAACAAAAGGTATATAAAGCTTTGATAAAAATTCCTTATGGACAAACTAAAACATATCAAGAAATCGCTTCTTTTATCAATCATCCAAAGGCTTTTAGGGCAGTAGGCAATGTAAATTCTAAAAACAAACTTGCAATTTTTATACCTTGTCATAGAGTGGTAGCTAAAAATCACTTAGGTGGATATAATGGTGGTTTATTTATCAAAGAAGCTTTACTTAAATTAGAAGGCGCGCTTTAAAATGCCAAGTTTATTACTAGCAAGTTTTATTTGGGCTTTTTCTTTTCCGTTAATTGGGCATTTTATCACCCTAGAAATGGATAGTTTTTTTGCAGCATTTGCAAAAGTTTTTTTGTCTTTATTAGTATTTTTACCTTTTTTAAATTTCAAGCTAAATTTGCATTTAAAACTAAAACTCATAAGCATTGGAGCTTTACAACTTGGTATAATGAATTTATTTTATTATCATTCTTTTTTATATTTAAGTGTAAGCGAAGTAGCACTTTTCACCATCTTTACGCCTTTTTATGTTGTGCTTTTTTATGGACTTTTTTCAAAAAACCTTAGATACTTATACTTTATAAGTATTTTTATATGTATTATAGGTGCTTTTGTGGTTAAATTTGATAATATCAACTCTAATTTTTTATATGGCTTTTTACTTATTCAAGGGGCTAATTTAGTATTTGGAGCTGGACAAAGTTTTTATAAAATTTTATTAGAAAAAAATACAAAATTAAGTCAAAAAGAAGCTTTTTCTTATTTTTATTTAGGTGCAACCAGTATAACCTTACCTGCTTTTTTATTTTTTGGAGATTATAATAATTTACCATCCAATTTAAGTTCTTGGATAGCTTTGATTTATCTTGGGACTATTGCTTCAGGACTTGGATATTTTTTATGGAATAAAGGCTCTACTGAAGTAGATAGCGGAGTTTTAGCCTTGATGAATAATGCCATTATACCTATAAGTATTTTTATCAATATGAGTATTTTTGGAGTAGATGTAGAGCTGTTACCTTTTTGTATGGGGACTTTAATCATTCTTTTTTCATTTTTTATACATAAAAAAATCATGCATTATTATAATAAGAAATCTTACTCAAATACAAACCACTAGCAGGAGCTAAAAATCTACAATGAGCTTTTTTAGCATTAATTTGTTCTAAAAGCTCATTTTGGCTCATTTTTCCTTCTAATACTTTTAAAATACTTGCCATCATCATTCTAATTTGTGATCTTAAAAAACCATTTGCTTCAAAATAAAACACAGTGTAATTATTATAAGCATAAACTCTAGTTTTATACATTTTTCTTATACTTGTTTTATTATCAGAACCTTCTTTTTGAAAGAGTTTAAAATCATGCTCTCCTTCAAATAAAAAAGCAATTTCCTTGGCTAGTTTAATATTTATTTTTGGATAAAAATGCACATAAGATGCTAAAAAAGGATTATATTTTTCATGACTTATAATATAGCGATATGCTCTTTTTTGCACATCAAAACGCACTTGGAAATTTTCTTGTATTCTTTGAATATGCTTTATATGTATAAATGGGTGCACAAAATGATTGATTTTATTTTTTAAATACACAAAATCTTTAAAATATTCCCCTACTTTTACACAAGCGACTGCATTAAATGCATGCACACCTTTATCAGTTCTTGAAGCAAATAAAGGCTTTTCATAAATACCCAAATGCGACAAGGCCTGTGCTAAGGTATCTTGGACACTAAGCTTATGTGGCTGGGTAGCTGAACCTTGAAATTTAGAACCATCATAAGAAAAAGTTAATTTTAAAAGCATTAATACTTACTTGCAATTTTTGCTTTAAAATAAAACAAAGAAGTAATTAAAAAGCTTAAAAAAATCACAGCAATAGCTACAAAAGGTGGATTATAAAAACTAATCAAAAGCGTAAAATAAGCAAAAATAATCACAAAAATTCCAAAATAAGCTAAACCTTTTTCATAACGATAAGTTACTATACCAAAAGAGAGTGCAAAAAGCACACTAGCCAAAGGAAATAAAGCTATAAGAATATAAATAACAAATTCTTTTGCTTTTTCTTTATTGCTTGTTACATCAGACCAATACCCATAAAAACTTTGAGTATTTAATTCTTTAGAAGAAAGCTTGCTTTTAATTAATAAATTTTTAAAACTAGAAATATGCCAATCTTCTTCTTTAATCTCATAAGCCTTTCCCTCATCTAGTTTAAAAGTAATAACCCCATCATTGGTTTCTAACTTTCCTTCTTTAGCTAAAATCACTTGTTCTTTATCTTGTAGGTTTTTCTTTGGATGATACATTATGATATTTTTATAAGTTTCATCAGAATTTTTAGCATCAATAAAAACAAGCCATTCTCCATATCTTTGTCCAAATTCCCCTGTTTTTATGCTTACTTTAGCACTAATTTTTTTATAATCTACAAAATTATCAAAAAGTTCAAAAGATATAGGTATAAAAACCAAAACCACCAAAAGCATAAAAACACTTACTAAAGCTGCAATTTTTGCAAAAAAACTTGCTATCATGCTTGGAGCTATACTCAAAGCAAACAACACCGTGCTTTCATTTTCCCTAGAAAGTCTATAAAAAGCTAAAGTCAAAGCAATGAAAAAAGATATGGGTAAAGTAAAAATCAATATCTTTGGTAAAAGAAAAATATATAATTTGATTAATTCAAA
CP176590.1_gap32	1031906	1036238	4332	TAGGTTTTTTCAAAAGATTTTTAAAAGAAATCACGCTCTTATCTTCATAAACTTCAGCTAAGTACTCCTCCCCCACTTCAAGCTCTATCATACTTTTTGTTTCAAGCTTTTTGGTATTTAAAAGCAATACATAGCGATTATATGCGCGTTTTTCTAAAATTTGCATTCTTACAGGTAAGGTTGAATTGATAATATTCACCAAAGTTTCCTTAATTCTTGCGCTAAAATAAAACCAAGTTTTTCTTTGCTTTGTTTAGAACTTTGAGAAATGCTATCTTTAGTGATAAAACAAATGCTATTTTCATCACTTCCAAAGTTCATTTGCTCATTTAAAACATTTAAACACACCATATCTAAATTTTTACTAACTAAAGATTTTTTAGCATTTTCTAAAGCATTTTGCTCATCAAATTCCATTTTAAAGCCTATTTTTTTACCTTTAAAATCTAAATTTTTTAAGATGTCTTTATTTAGCTTTAATTTTAAATCAAGTCCGTTTAAATACTCATCTTTTTTAATCTTACCCTTGTAAGCCTCAAGAGTAAAATCACTCACAGCAGCAGTCATAATTAAAGCATCAAAATCTTTGTAGTTTTGCAATTTTTCTTTTAACTCTAAAGAAGATTCAAATTTTTCTAATTTATAAGGTGTTTTAAACTCTACTGAGCTAACTAGTACTACCTTAGCACCTAAAAAATATAAAGCATCAGCAATTGCTTTTGCCATTTTTCCACTTGAAAAATTACTAATACATCTTACATCATCAATTTTTTCTTTAGTTCCACCACCACTTATAACAAAACTTTTATCTTTAAAAAAATCTTCTTGCATTAAGCTTCTTTTTAAAGCATTTACAATGCTATCAAGCTCAGCCAAAGCTCCCAAACCCTCATCTTTACAAGCTAGGGTTTTAACTATAGGATCAATGATAATATAGCCTTGCTCTTTTAAATTTTTTAAAGAATTTTGAGTGCTAAAATGTAAATACATGTTTGTATTTGCAGCGGGTGCGATTAAAAATGGTTTATTTTTATCTACTGCTATTAAAGTTTGAATAAATAAATTATCTGCTATACCATGATTTAATTTATTGATAGAATTTATACTAGCAGGTGCAAAAAGCACACAATCGCAAGTCTTGCTAAAGGCTATATGATTATTAGTATTTTGCCAACTTTCATTATCTTCACATAAAACTTCATCCGCTAAAGCTTCAAAGCTAAGCTTAGTGCCAAATTTTAAAACTCCCAAGCTTAGCAAAACTTTAACCCTAAAACCTTCTTTTTTTAATAAAGAAATAAGCTCATAAGCTTTATAAAAGGCTATGCTTCCACTTACTGCTAGTAAGATTGTTTTCATTTTTTACCTAGTTTTTTATAGTAAAAATCTTCTATGATTTGCACTTTTGCCCTATTAATATGTAAAGAACCTTTTTCTACATCCTTACACACAGTGCTTCCTGCTGCGATGATTACCTCATCTTTTATCTCAACCGGAGCGATAAATTGCGTATCTGAACCCACAAAAACATTTTTACCTATTTTAGTTTTATGTTTTTTAACCCCATCATAATTACAAGTGATAGTACCACAACCTATATTAGTTCCCTCATCTATCTCACAATCTCCTAAATAACTCAAATGTCCTGCTTTAACTCCATTTAATAAAGCATTTTTACATTCTACGAAATTTCCTATATGGGTATTTTTAAGCTGACATTTTGGACGCAAATGCGCTAAAGGTCCTACATCACTATTTTCTACTATACTATCTTCAATCACACTTGAGCTTTTAATGATAGAATTAATGATTTTTGATTTTCCTTCTATACGCACATTTTCATACACTTCACACTCGCCTATAAACTCAACCTCATCTGAAATAAAAGTCGTCGCAGGCATGTGAAAAATCACCCCTTGCCTCATCCATTCTTTTTTAATCGCTTCTTGCATAAGATCTTGAGCTAGGCAAAGCTCTACTTTATCATTTACCCCCATAAAATCTTGCTCATTTACAAACACCGCATCGATTTCATAGCCCTTTTCTTTTGCTAAATAAACCGCATCGGTTAAATAATACTCTTTAGCTTTATTATCATTTTTTATCAAAGGTAATACTTCTTTTAAAATTTGTGCTTTTATAGCATAAACACCACTATTGCAAATGTTTATAGCAAGTTCTTCTTTGCTTGCATCTTTTGTTTCTACTATTTTTTGAATTTTATTTTCTTTTAGTACTATTCTTCCATAACTTTTTGGATCTTTTGCATCAAAAACAGCCACATTAAAATCACTCTCATTTAAAGCTATTTTTTCTAAATCATCTGCTTTAACTAAAGGCATATCACCACATAAAATCAAAACTTTTTCATGCTTACTCTCATAACCCCTTAAAGCTCCTGCAGTGCCTGGAAAATTTTGCAAGTCTTGTTCTAAAAAACGTGTATTTGGAAAATGCTCTAAAACAACTTGTTCAACCTTTTCTTTTTGATGAGAAAGCACCACACATACATCATCACTAATTTTATATGCTTGTTTTAAAATATGTAAAATCATTGCTTTTGAGCAAATTTTTTGAAGTACTTTTGGATTTTGTGATTTCATACGCGTGCCAAGTCCAGCAGCCAAAATAAGCACAGAAATTTTCATAATTTACCTTTGTTTTAAAAATTATTGCTTATTTTAACAAGCTAAAGTAAAAAAATATATTTAATTCAAACAAACTAAATATAATTTTAATTATTTTTGACATATTTTTTAATTCATTTTTAATTCATCAAACCAATTTTGTACTATATGTTGTGGTAATTTTATTAATTCTTCCGACCATATATTTTGATATGCATAATTAATATTTAATTCATTTGTTTTTAGATTATAAATAATTTTCATTTCAGTTGGAATTTTTTGATTACATCTTTTACATAATCTTTCTATTGCTTCAATATTAGTAAGCAACACATCTAAAACAATACCTTGACTATCAGAGGATACATCAAAAGAATAATCGTTAAAAGCTTCATTAATTTTATGCTTCATATACATTTTATTATTTATTTTATAAAAATAATCCCCCAACAAAGTACCATCCTCGTTACAACAATATATATAAACAACATCCACTTGATAATTGACATATTTTAAACAAGCTTTTAACATATTTGCTTGTAAAATACTTATTTCTTCTTCGAATATTTTTTTCATAGCAATAACCTAGTGTAATTTACGAAGACATATTATACTGTAATTTAAGAGTAATTTTGATATAGTAACATTATATTTATAATCAAGGGGATATTTTGAGGGTTTTGTTAGTTTTATTTTTATTAAGTTTAACTCTTTTTGGTGCTGAAGCAACCATACCAACTGTAAATTTAAGTCTTAGCGCTCCAAATAACCCACAGCAACTTGTAACAACCCTAAACATAGTCATAGTTTTAACTATATTAGCTCTTGCTCCTACTATTATTTTTGTAATGACTTCATTTTTAAGACTTGTAGTAGTGTTTTCTTTTTTAAGAACAGCCCTTGGTACTCAAACTATGCCACCAAATACTATTTTAGTTACCTTAGCTTTGATTTTAACTTTTTTCATTATGGAGCCTGTGGCTACAAAATCATACAATGAAGGTATAAAACCTTATATCGCTGAACAAATAGGCTACGAAGAAGCTTTTGCCAAAAGCGTGAAACCTTTTAAGGATTTTATGCTAAAAAACACCAGAGAAAAAGATTTAGCGCTTTTTTATAGGATTAGAAATTTAGAAAATCCAAAAACCATAAATGATGTGCCTTTAACAGTTTTAGTGCCAGCCTTTATGATAAGTGAGCTTAAAACTGCTTTTGAAATAGGCTTTTTACTTTTCTTGCCATTTTTGGTTATTGATATGGTAGTAAGCTCGGTATTGATGGCTATGGGTATGATGATGTTACCTCCTGTTATGATTTCTATGCCTTTTAAGCTTTTGATATTTGTGCTTGTAGATGGATGGAATTTACTCATACAAAATTTAGTCAAAAGCTTTTTAACTTAGCAGAATAAAATGTATATTTTTTCTTCCTTATTTAGTATATTTTGCTTACTTTTTGGTGGATACTTTGCTAAAAAAATCAAAATTTTAAAACAAAAACAAGCGCGTGCTTTTTTAGATTTTGCTATTATTTTTGCCTTGCCTTGCTTGATTTTTGAGCGCGCTTATCATTTAAATTTTGATTTTTCTTTAATTATTATTATATTGCTTGGGTTGGGTTGTGCTATTATTTCAGCATTATGTTGTGTATTTTTAGCTCTTTGCTTTAAATTTAGCAAAAGCACTCTTGTAAGTATTTTTTT
CP176590.1_gap33	1117586	1118365	779	CAATGCTTCATTTTTTGGCTTTGCAAATGATGAGAAAAATAATTATACCATAGGGGTTTTAGTAAGAAATCCTACCAAGGCTTATAGCTATTATGCTGCACAAAGCGCTTTGCCTATGTTTAAAGACACAGTAAATCTTATGATAAAAGAAAGTTATTTAAAGCCCATAGAAAACAAAGTGCTAAAAAACTAATCCAAACTAACTTTAAAATTTAGAGTTTTATTTGATCCTAAACTAAGCAATTTAAGACAAACTCTATAAACTCATTGCTATCATTAGGGCAAGCAATAAGCTCATAATCACTTTTTGCTAAGTGTCTATACTCTATTCCAAGCTCAAAAATCGTTTCAGAACAATCTATACAAAAAGATATTGGATAAATCAAAGCTTTTTGGTCTAAATTTTCTAAAATATCACTTGTATTAGGTTCAAGCCATTTTACTGGACCTAGTTTTGATTGATAGGATAAAATGATTTGATCAAATTCATTTTTAAGTTTTTCTTTTAAAATACTCACATGCTCTTGTACATGTTTTTCATACAAATCACCTTTTTTAATCACTGAAAGTGGTAAAGAATGAGCAGAAAAAATCAAAGTTTTATAATCACACTCTTTCTTTTTTTCTAAAATATGCTTTATAATCATTTTATTATAAAGCTCATCTTTATAAAAAACATCAATGACTTTTACATTGGCTTGATTTTGGATATTTCTTAGCTCATTTTCCACTACTTCTAAAGAACTAGTTACAGTGGTTTTAGAATGATGGGGGTATAA
CP176590.1_gap34	1126800	1128917	2117	ATTTTTAGCATTTATCAAATCATGCAAGAATTTGATATTGTAAAATCTTTGTATTTTTATAGTGGTATATTTGGCTTAATCTTTTTTGGATTAAGCCTATTTTTTTCACTTTTAAGGTATAAGCATACAAAAGATTACCCTAAATTTTTAGGTTTTTATGCTTTTTTTTGGGCTTTAATCCACTTTTTAAATTATTTTGCTTTTGGAAAAAATTTAGATCTAATACTTTTTTTCAAAGATACTTTTAGTAAAAATTTAGAATTTAGTGGCTTTGTATGCTTTTTCATACTTTCACTTATGTTTATAAGCTCTTTTAATTTTTTTAAAAAATTAAGCAAAATAAGAAAACTCGGATATTTTTGTTTTTTGCTAGTAGCTTGGCATTATTTTTTATCTGCAAAAATACCACAAATTCCACATTTTTTAGCTTTAAGCCTAGCCTTTATTTTTCTACTTATTAAACTATATAAAAATTATAAAAAGAGAAAAAAAGTAACTTTTTTGTAATTTCTTTCAAAAGTACACATTGTTTAAGAAAAATAATATAAAGTTGTCCTTAAAATAAGATGTAATATATCTTATTTTAAGGACAATCATGCAAAGAAGAGACTTTTTAAACGGAATGGCTTTAACTATACTAGCAGGAATGACTCCTTTGCAAGTATTATACGGCAAAGAAGCAAAAATTGAAGATTTTACCAAAGAATACTACCCGCCAAAGTGGCTTGGATTAAGAGGTAGCAACAATGCAAGTTATGAGTTTGCACATATGTTAAGAGATGGTGAAAAATTTGACTTTAGCGCTATCAAACCTAAACAAGAATATGATCTAGTTGTGGTTGGAGCTGGAATTAGTGGCTTAGCAGCTGCTTGTTTTTATCAAAATAAATTTGGAAAAGATAAAAAAATTCTCATCCTTGATAATCACGATGATTTTGGTGGACACGCTAGAAGAAATGAAATAGAATTAGAAGATGGTACTATTTTAAGTTATGGTGGTAGCGAAACCTTCCAATCTCCAAAAGCCTTATATTCTAAAGAAGTAGTAGATTTACTATCATCTTTAGGTGTGGATATTGATGAGCTTGCCAAACGTTTTGATGTAAATTTTTACCCTGATTTAAAACTTAGCAGAGGTGTGTATTTTTCTAAGTCTGAATTTGGAGTAAACAAAGTTGTAAATGGTAATCCTAGAAAAGTAATTTGCGATGATATTCCTGAAGAAAAAAGCAACGGAAGAAGCATTGAAGCCTTTATAGGGGATTTTCCACTTAATGATAAAGATAAAAAAGATCTTATTGCTTTATTTAAAAGCGAAAAAGACTATTTAAAAGGCATGGATAAAAAGCAAAGAGATGAATATGTAGCAAAAACAAGCTATAAAAAATTCTTAGAAGAAAAAGTTAAACTTTCACCGCAAGCTGTAAAATTCTTTGAAGGTATGACAGATGATTTTTTAGCTTTAGGCATTGATGCTGTTTCTTGCGAAGATGCTAGAGTTTCTTTTTTACCTGGTTTTGATAAACTTGGACTTGATCCAATCGAAGGAGAGGCTTTAGCTGAAATGGAAGAACCATATATCCATCACTGTGCTGATGGCAATGCTACTGTTGCTAGATTAATGGTTAGAAGATTAATTCCTGATGTGTCTAAAAAAGGCAAAGATATGGATGAGATTACCTTGGCTCATTTTGATTATTCTAAACTTGATCTTGCTAAAAACAAAGTACGTTTAAGATTAAACAGCACTGTTATAAATGTAGAAAATACAAAAGATGGAGCTTTGGTAACTTACATTAATAAAGGCAAAAATTACAGAGTAAAAGCTAAAAAAGTTGTAATGGCAAATTATAATAGTATGATTCCATATATAGTACCAAGCATGCCACAAGATCAAAAAGATGCTTTAAGCAAAAACGTAAAAACCTCTCTTTTGCACACTAAAGTTATCATAAGCAACTGGGAACCATTTATAAAACTTGGGGTTCATGAAATTTATTCACCAAAAATGCCTTATGCTAGAACTAAACTTGATTATCCTGTGGATATGGGAGGATATCACCACCCAAGAGATCCTAAAAAGCCTATTTGTGTTCACATGGTTTGTTCTCCTTTAG
CP176590.1_gap35	1198561	1201858	3297	GTGTTAAGTTCTGGCACTACTTGAGTTATTTTTTGCACACTTTCATTTAGTTTTTGCACGATTTTAGAATCACTTTGTGTTAAAAAAGGCTTTGAACTTTGATCCAAACACAACTCATAATCAAGCCCTTCGCAAGTCTTTTCTACATAAGCTTTTATATCTTCTAAGCTAGTTTGTGGAGAATTTCTCACATTAAACATCAATTTTAAATCACTTGGAGTTACATTACACACTTCCATACCACCGCGTATATCAGTAATAACGATTTTAGATGGTGCAAATACCTCATCACCCGGATCAAGATCAAATCCTGCTAAAAATTTCAAAGCAGAAGCAAAATTATGCACAGGATTAATGCATTTTTGCGGGTATGCTACATGGCCTTGTTTGCCTTTGATAAGTAATTTTGCATTGATAGAACCACGACGCCCTATTTTAATACTATCTCCAAATTTTTTATCACAAGTTGGCTCAGCAACCACAGCAAAATCAGGTAACATGTCTTTTTCTTGCATAAATTTAAGCACTTCAAGCGTGCCAAATTTAGCCTCACCTTCTTCATCGCTTGTTAAAATTAATGAAATTCTTCCTTTAAAATTTTCTACTTCCTTAACCGCACACATAAAAGCAGCCACGCCACTTTTCATATCTTGTGCGCCTCTTACATAAATAAACCCGTCTTTTTCTAAAGGCTCAAAAGGATCACTACTCCAACCCTCTCCCGCAGGTACTACATCTACATGCCCGCCAAAAGCCAAATGTTCCCCATCATCGCTAAATTTTTTAGTCAGCAAAAGATTTTTTACACCTTCTTTTTCTATAAAAAAAGCTTCAAAATCACTTAATTCCACTGCGATATAATTTAACGCTCCATCATCATCTGGAGTGATGGATTTAAATTTACTTAATTCTTTAAAAATTTCAACTACTTGCATGTTTTATCCTATAAAAGCTTTATACAGCATAGAAAGAGCAAAATACTCTAAAATAAATGCTGAAAAAAGATTAATGTAAAATATATGTTTGTTTTTTACAAGTGCTTTGAATTTAAACACAAAAAACGATAAAGTAAAAATCCAAAACACAATAAAACCCACCAAACCAAAAAGCAAAGCAAAAGAGTTTTTACTCTGCATGCTAAGCCCTGCCACACTCACCCAAAAGCCTATCACATAAGGATTGGTGATGTTTAGCAAAAATCCCTTGCTAAAACCTTTTAAAGGATGTGTTTTATTTACCTTGTTAAGATCGACTTTTCTTGTTTTTCTTAGCATTAAAAATACCATAAAACTCAAAAAGAAAAAGCCAAAAACCGCTAGTATTTTATAAAAAAATTCATTATTTGCAAAGCTTAAAAGCCCAAGATTAATCAAAATCAAAAAAAGTATATCAGCACTTAAAGCACCAAGTCCAACGCAAAAAGCATTTTTAAAAGAAGACAAAGCAGTATTTAAGATCAAAATATTTACAGGTCCAAAAGGCACAGACACACCCATACCTAAAACTATACCTTGTAAGATTACTTCTAGCATTTTGCTTCCAAGAAATTTTCTATATCGATTTTGATTTTATCAATGGCTGTGCAAACATCTTCTATGTAAACTTTCGTGAAATTACTTTCTAAATATTTATCCTCATCAAGATTGTTTAATATGCTTTGCTTACATACTCTTGCATACTCTCCCACGGGTAAAACCTGCCCGCTTGTGCCTATACATACAAATAAATCGCAATTTTGTAATTTATCATATAAAATCTTATAATTTGGCGCCATTTCTTCAAACATCACGATATTGTGCCTTACACTTTTGCTTTGACATTTTGGACAAATTTTATCATCACTATTTTCATAGCCTATGTTAAAAATATTTTCGCACTCTAAACACCTAAGCTCAGGTAAAAAACCATGCAAATGCACCACTTCTTCACAGCTTGCTCGCTCTAATAAATCATCTACATTTTGCGTTAAAATGCTAATTTGTTTTGGAAATTTTTGTTTTAATAAAGCGATGATTTCATGTGCGTGATTTGGCTTAACACTAGCTAGTTCTTTTCTTCTTTTGTTATAAAATTCCAAAACTTTTTTAGGATTTTTTCTGAAGCCAGTTGCTGAGCAAACTTCCATCACATCATGCTCTTCCCATAATCCACCACTAGCTCTAAAAGTTTTTATACCACTTGGAGCACTAAGTCCTGCTCCGCTTAAAATCATCACTTGTTTCATTCAATAAACCTCATAAAATTTATAAAGTTTAGCGAAAAATGCTTTAAGAAATATTGGTTTTTTATAATTTTATTGATAGTGAACTATTATTTTTATTTTTTATATTCTACATTTTTCATAAATTCATAATCTGGATTAGCTTTTAGAGCTCATAAGAAGTAATAATTTTCTCTTTTAATTCTTTTTTATTTGATTTCTCGATTAAAACTATATTTGATACTTAATCAAATAATAATTGGGAGTAAAAACAAATAAACATACTTATTAATTTAAGCTGTATGAGTTGTATAACACGATCACTTGTAATGAATTCATGGAGTAAAACGCACTACCAACACTTCCACTATTTGCCAAAGAAACACAAGTGTTAAATTTTCTTATTTTCATGATTATCTGTAAAATTGTCTATACTATTATTAAAATAATGAGTCTTTCCTTAAATTTGTTTATCTTTAATCAATCTTTTTCTTTGCTTAATTTCTTTGAAAATAAAGACAAAATAAATTTCTTTCTATTGAATATCCTACGATTTGTTTTGCTTAACAAAATCTTTATATCTATAAGAACAAATATCACTCTCACTATTGTCAACCTGAGTAAGTTTTGCGTTATAATAAGAGGTAATTTTTTCTAAATATTCTTTTTTTATCGCTTGCATATAAGTTTCCATAAACTTATAATCCGGACTACCCTTAGAATCTATAGGTAAAATGATTTTTCCTCTTTTTAATCTTGCAAGTGTTGCCCCATTACCACCCCAACTAAATTTTTCCATAAGTTTTTTAAGTAAAATAATTATAAAAAGTGCATTATATTTATTAAGTTCTTTATATGTTAAGATTTGGATATTTTGTCCTGTATAAAATTTATCACTTTGATAGAACGCTGTTTGAGTATCTAAGCCTATTGTGATCACATTTGATTCATTGTAGTGATAAACATCTTGCTTAGCAATAAAACTATCTATACCATTAATTTTATCACTTCTTGTAATATAAGGATAGGTACCTTTTTTACCATTTAATTTATTTTTATCAATACCACTAAGAGTAGCTTTCACTTCAAATATTTCG
CP176590.1_gap36	1203573	1206853	3280	CATAATGTCTTAAAGGAGTGCAGTTGATTCTAGAACCTTTTTTATCAATAATTTCACAAAGCTCATTAATTTTTTTAGTGTCTTTTATCACGGAAAATTGTGTTAGAACTTTATCAAGTTTTATTTGTGGTGCAAGATGAGAACGCTTAAGATTTTTTTCAATAAGCTCATAAATTTTATTTCCATCTGTATTAATATCATCATTATTAAGATAGCTTAAATTTAATTTTTGAACTTCCATTTCAGATAATGCAAGTAAAATCCCTGCTACAACCAAAGGCTTATTCCTATCGTCTAAAGCCCCATAATTTCTTAAATCCTCATGTAATGTGGCAGCAATTTTTTCAATCTCTTCTTTTGTTTTTTGTTTATTAGATTCTTCCTTTAAAACCTCTCTTTTGTAATATTCTTCTATATTTTTCTCATTTAAAAGCATAAAAGTTTCTATATCTTCCAAAGGCTCTTTTATCAATGCTCCATTATCTACAAATAAAGGTGTAATTTTATGTTTTTTGCTATCTCCACTTATAGCAATAGCAAAAACTTTTTTATAAGTATTTTGATTTTTAACAATATGCTTTGCATACCACAAAGCGCCATTGAGTGCGTAATTTTCTATATCTTTTTGCTCTTGCGAAATGAGATTTTTATTATTATATTTTACATGCTTATTCACATCTGCCTTATTTTCAATCACAATTACAAAATCTTTAACAACACCACAATATTCAGGATATCCTTGCTTATTTGTTCCTTTTTTAGATGCATTACTTAAAGCTTCATTCAACTCTTTAATATCTGAACCTTGATAAGTCAAATTAATGTTTGCTTCTTTCAAAAGATCATATACCCATAAGTCTGTTTGCGCTTCTTTTTTTGCCATCACAAAACTCCATTTCTTTACAATCTCACCACCTTAGCACCAAAGCCACCTTGATTAATTGGTGCGTCATTAAAGCTTTTTACACTCTTGTGGGCTTTTAAAAACTCTTTTACCGCAAAAGCTAGTTTTCCCGTGCCTATACCATGATAAACTATCACCTCATCAAAACCTACTATCAAAGCATCAGAGATAAATTTATCTAATCTCTCAAGCGCTTCATCACTTCTTAAGCCGTGTAAATCTAAAGTCATATTTAAAGCACTTGGACGGGTTATATTGACACTTGGTTTTACCTTTTGTATTGGGGTTTGATTGCTTTTTTTAAGAAGCTTTAAAGGCACACGCAAACTTAAACCATCGCTTTGAATCATCGCATCATTTTTTGAAATTGCAGTGATTTTACCTTTGATTTTTTCATATTTTACAAAATCCCCAACTCTAAGTTCTTCATTTTGCTCCATACTTGGTAAAACAATACTTTTTTTAAGTTCATTGGCTTTGTTTAAACTTCTTTGTTTTTCTTTGATATCTTTTAGATTTATCGTTTTTTTAGCTTCTTCTATGGCTTTGTGATATTTAAATTCTAAATTAGAAATAAGCTTTTTAAATTCTTGCTCATTTTTTTCTTTTTGATCTTTGAGTGAAAGTAAAATTTCATCTACTTTGGCTTCTTTTTTCTCAAGTTCTTCATTTTTCTTACGCAAAGAAAGCTCAAGATTGATATTTTTACTTACCATTTCTTCTAAATTTTCTTTATCTTCGCCATATAGCTTTTTAGCATTTTGCACTAAATTTGCACTTATGCCATATCTTAAAGCCGTTTCAAATGCATAAGATTTACCTATGGTGCCTTTTAAAAACTCATATTTTGGGCGTGATAATTCCTCATCATACAAAGCAGCGATAAGTTCTACTTGTGAATTTTTAGCCAAAAGCATAGCAAGGCGTTTGTGGTGGGTTGTGATGATGATTTTATTATCTTGTTCTAAAAGCTTAGAAATAAGCTCAGTATATAAACACGCAGCTTCTTCAAAATCTGTCCCAAGCTCTATCTCATCAACCCCTAATAAAACATTTTTCTTGCCCAAAAGCTTAGAAAAATGCAACATTCTTCCTGCAAAAGTAGAAATATCATTTTTTACATTTTGCGGATCTTCTAAAATCGCGTCAAATTCTTTGAAATTTCCTATTTGGCTTTTTTGTGCGTTAATTTTCATAGGAAGCAAATGCTTTGCAAGTAAAGCTGCACTTAAAATTCCTTTTAAAAGCATAGACTTACCACCTGCATTTACACCTGTGATGATTAAAACTTTTTTATTAAATTCTATATTAACACTTTTTGCATTTTTTAAAGCTGGATGTGCGAAGTTATATAAACTTAAATTATTAGAACTATCAGCTAAAACAAACTCATAATCATGTTTTTTAGCCATCAAAACTCTAGCACTATAATGATCAAATAAATCAAAAGCATTATTGATAAATTTCAAAAACATCAAATTTTTATAAAAAATCAAGCTGATTTTTTTAGCATATTCATAAAAAATTTCTTCTTTGGCATCTTTGATTTCATCTATTTGACTTTGGATTTTTTCTACACTCAAAGGCACCACATAAAATCCGCCACCACTACTTCTACCTATGATTTTTGCTTTTAAGATATGATTAAACCCACCACGTAAAAGCAAAGCTTCCATACCATTGATAAGATGGATTTGAGTATCGATTAAATACGCACTAAGACTTTTAGTATAGGTAAGTTTTTTAAACTCAGCTACCAAGCTTTCTTTTTTCATTTTTAGAGCTAAATTTAGATTAACAAGTCTTTCATCAACACTTTCTTTAATCTCACCCTTTTCATCAAAATACTCAAAAAGCTCTAAAATAGCCTGTGGAATTTCTATTTTTAAAAGCCATTCTTTTAAACTTTCTTCAAATTTTAAGCCCTTTAAGTATCCAAAATACATACAGATTTTAATAAATTCAAAGCTTTGACTTAAATGTAAAATTCCTTGCTTGCTAAGATGAGTTAAAGCACCATTTAGCTCTTCTGTTATAGGTGGAGGATTAAAATCAATCAGAGAAAGCTCATTGATCCTTTTATAATGAAGCTTGCTATCACCTTGTAAAAAAATTTCTTTATCTCTTGCAAAAAGTCCTCTAAAGTCTTCTATATAGCCATCTAAATCTAGCTTTTTAAAAAATTGCTCTTGCATTATTTATCTACCTTGCAATCTTTTATATCAAATACCAATGCTTTAAATTGTTTATTTTTACCATTTGAAATAAAACTTTGCGTCCCATGCTCAAAATTAAAATATTCTCTGCTCACATTAAAATCTTTACAAATTAAACTTTGCCCTTGTAAAAATGCATTGAATATTTCTTTTTTTAAAA
CP176590.1_gap37	1208950	1212665	3715	ACTTTTAAGCATAGTTTTTTTAAGCCATCATTTTCTACACTGATAAATGGTGCAATAATGTTTAAATCATACTTTTTAGCAAGTTTTATCAAGCTTGCTTTTTTACTTTGACTTTGTTCTTTAATCATACTTTTTGGCATAGTTTTTAGCTCACTAAAAAAGCTATTTAAAACATACTCACCTAAAACCACCAAATTCGCACCACTTTCCTTAGCAGCTTTTAGATAATAATCAAGCCTTGATTCGCTCAAAGCCAAAGTGGGAAATTGTAAAGCTACAACACTACTCATCTACTTGCTCGATTTCTAATTTAGCATTTTCAAGCATAGTTCTTGCTTGCTTGATACTTTTTAAACCATCTTTATAAATTTCCACACAAGTTTTAAGGTCTAAATCTTTATCGTTAAGTTTTTCCAAAGAAAGCTCAGCTTGTTTAATGTGATCTTCAAATTCCATTAATTACTTACCTTATAATTTGGTGCTTCAGCAGTGATAGTTACATCATGTACATGGCTTTCTTTTAATCCTGCTGCGGTGATTTCTACAAATTCAGCTCTTTCTTGGAAAGCTTTGATATCTACTGCACCTACATAACCCATAGAAGATCTAAGCCCACCTAAAAGTTGATGCACTACACTTTTTATACTTCCTACATAAGGCACCCTACCTTCAATTCCTTCAGGCACAAGTTTATCTTGAGCTGTACCTTCTTGGAAATATCTATCTGAACTTCCTTTTTGCATAGCACCTAAGCTTCCCATACCACGATAACTCTTATATTGTCTTCCTTGATAAGTAAATAACTCACCTGGACTCTCATCAGTTCCTGCTAAAAGTGAACCTATCATCACACTACTTGCACCTGCTGCAATAGCTTTTGCAATATCACCTGAGTATTTTATACCCCCATCAGCGATTACTGGCACGCCGTATTTACTTGCTTCTATCGCACATTCATCTATAGCTGAAATTTGGGGCACACCTACACCTGAAACAATACGCGTAGTACAAATACTACCAGGTCCTATACCTATCTTAATAGCATCCGCACCTGCTTCACATAGGTCTTTAACCGCTTTTGCACTTGCAACATTTCCTACTATCACATCTACATTAAACTCGGCTTTAATCGCTTTTAATGTATCAATAATCCCTTTAGAATGCCCATGCGCACTATCCATTACTATAACATCAACTTCAGCTTCCACTAAAGCCTTTACACGATCAAGCTGACCCACACCCACAGCTGCAGCTACTCTTAATCTTCCATAAGCGTCTTTATTTGAATTTGGATATTCTTTGCGTTTTTTCAAATCTTTTATAGTGATTAAGCCTTCTAAGTGATTATTTTCATCTACAATAGGAAGTTTTTCTACCTTATTAGTAGAAAAAATTCTTTCTGCATCATCTAAAGTAGAGCCTTTTTTAGCAGTGATTAAAGGCATTTTTGTCATTACATTTTCTACTAAGTTATCAAAATTGGTTTCAAATCTCAAATCACGATTAGTTAAAATTCCTATTAGAGTTTTATTCTCATCTACCACAGGAACGCCTGAAATTCTATATTCAGCCATGAGTTCTAGTGCTTCTTTAACACTTGCTTTAGGCCCTATATAAATAGGATCCATAATCACGCCACTTTCACTTTTTTTAACTCTTTTTATCTCTCTAACTTGTGAAGCTATATCCATATTTTTATGGATTACCCCTATGCCACCAAGCCTTGCCATCATGATAGCCGCTCTATGTTCAGTAACTGTATCCATAGCAGCTGAAATTAAAGGCATATTTAAGGTGATATTTTTTGTAAGCCTTGTTTTAATATCCACTTCTTTAGGTAAAACCTCAGAATATTGAGGAACTAGCAAAACATCTTCAAAAGTCAAAGCGCGTTTTATGATTTTCATAATTTTTCCTTTATTTGTTTTTGATAATTTCTTCCAAGCTCAAAGCACCATCTAATAAAGTTTGCTCATCATAAGCTTTACATATAAGTTGAGCAGAGATATTAAGTCCATTTTCATTTTTTCCTACTGGTACACTAATGCCACCAAGCCCTGCTAAATTCACTGAAATAGTAAATACATCTTCTAAGTACATTTGTACTGGAGTTTTTATATCGTTAAAGCCAAAAGCAACGCTTGGAGCAACTGGCATAAAAATCAAATCACAATCATTTAAAATTTCTTCATATTTTTGCTTGATAAATCTTCTAGCCTTTTGTGCTTTGATATAGTATGCATCATAATACCCACTACTTAAAACAAAGGTTCCTAACAAAATTCTTCTTTTTACTTCTTCTCCAAAGCCCTCACTTCTGCTATTTACATACATTTGGCTAAGATTGTCACATTTTTCGCTTCTTCTGCCATATCTTACACCATCATAACGACTTAAATTTGCACTTGCTTCAGCCGCTGCTATGATATAATAAGCTGCAACATCAAATGTAGAATCCATTAAGTCTTTATAAACAATCTCATGGCCATTTGCTTTTAACATATCTATGGTTTTTAATAAGGCTTGTTTTACATCATCATTAGTTTGCTCTACATAGTTTTTAATCACAGCTATTTTTAGCTTTTTATTTGCATTTAGTTTTGGAGCGGTTGGTTCAAAAGCTATGTTTGCGCTTGTGCTATCTTTTTCATCATAACCTGCAATAGCATCATATAAAATCGCAGCATCTTCAACATTTTGCGTTAAAACTCCGATTTGATCAAGACTTGAAGAATACGCTGCTAAACCATACCTACTAACTCTTCCATAACTTGGCTTAAACCCAACACAACCACAAAATGCAGCAGGCTGTCTTACCGAACCACCTGTATCTGAACCCAAACTTGCTAAAGCTATCCCCGCAGCAACTGCAGCAGCACTCCCTCCGCTACTTCCGCCTGGGACTTTAGTATTATCAAGTGGATTTAAAGTCTTACCATAAAAAGAAGTCGCACTCGTACTTCCCATAGCAAACTCATCCATATTACATCTTCCAAATGGAGCAAAATTATTTTTGCGTAAATTTACAATAGCGCTTGCATCATAAGGAGCCACATAGCCTTGTAAAATTTTAGAACCACAAGTTAATTCCCAATCTTTTACACTAATATTATCTTTTATAGCTACTGGCACACCAGCACCTGAAGTGCTTAAGTCTTTATTTAAAAACTGCTCTACATAAGCACCTAAATGCTTTTGCTGATGTGCTTTTTCATTTAATTCTTTTTTTAGATTTTCTAATTCTTCATTTGAAAATTTCAAAGCTTCTTTTAAAGTTACCATTATTTATCCTTAAATTTTTTAACCAAATAAAACAAAAAAAGCGTGATAAATAAAAAGCTCAATAAAGTAATCACTACCACGCTAAAAGGCAAAGCTTGCTCAAACATTTTTTGCTTTTTCCACACTATTACATCTTGGACATAAACATTCTTCTTCTTTTGCTAAAAATTTCCAACATCTTGGACACTTGTGTAACGAAGAACGCACGATTTTAAAACTATGATCATCTATTTTAAACTCACTCAAAGCTTCTTTATCGTCTAAGCTTTCTACCGAGCTTACCATAAACCAATCAGCTACTTCTTCAATATCTTCACTCAAAAGCTCATTTGCGCTTGTTTGCAAGCTTAACTCTAGAGTTGATTTGATGATTTTGTCTTTTTTTAATACATCAACAAGTTCAAAGAATTTTTCTCTTGATTTTATAAATAAT
CP176590.1_gap38	1283586	1285139	1553	GACTTTTAGAATTTTCTTCTAAAAGCTTATTAATCACATAATCATAACCTGAAAAAAAAGCCAAAGAAGTCAAAGCCATAGCCAAAAGTCCTATAAGTCCTAAATTTACGCTGTTTTTTAAAAATGTATTGATGTATTGTATGATTAATTCTTGTTGAGTTGGGATTAAAAAAGTAAAAATTAAATTTTTAATTCTTTCTTGATAAATTTCAAAACTTGGAATTTGGGTAAAAACCCAAAAACACAAAAACAAAAGTGGTATTAAAGACAAGATAGTATAAAAACTCAAAGCCGCAGCATAATTTAAAATTTCTTTATCTCTTAAAGCTAAAAGAATTTTAAATAAGTTTTTAAAACTCATCAAAGTCCCATTTTAAAAGGATTGAGTATATTATTTGGATCAAATGCTTTTTTGATATTTCTCATTAAGTCCATTTCAGCTTCACTAAAAGCAAGCTTCATAAAAGGAGCTTTTGAAATGCCTATGCCATGCTCTCCACTTAAAGTCCCACCTAAAGAGACCGTAAGCTTAAACACCTCTTCCACAGCTTCATAACCTTTTTTAACTAATTCAGGATTGTTTTTGTCACTTACCATTACATTAGTATGCACATTCCCATCGCCAGTATGACCAAAACAAGGGATTTTAAAATCATATTTTTTAGAAATTTCAGCTATGCCTTTTAAAAGCTCAGGTAGTTTTGAACGTGGCACTGTAATATCTTCATTAAGTTTTAAATTTCCATACATTGCTATACTTTGAGAGCAATTTCTTCTAGCAAACCAAATATCAGCTGCTTCTTGCTCATCTTTTGCTATTTTAAACTCTCTTACACCAGATTCATAAAAACTCTCTTGCAAGATTTTTAAATCTGTTTCCAAAGCCTCTTCTATATTACCATCTACATCAGCGATTAAAATCGCACCCACATCCGTAGGCAAGCCTTTTTGAAATTTTTGCTCTAATGCTTGTATGCTTAGTTGATCTAAAAATTCCATAGATACAGGGGTTACACCTTTAGCTAAAGTTTTATAAACTGCATTCATCGCTTCATCAATACTGTTAAAAATCCCCATAGCTGTCTTTTTAAACTTTGGCAAAGCAACTAGTTTTAATGTAATCTCACTAAGTACAGCCAAAGTTCCCTCACTTGCTATTAAAATTCCAGCTAGATTATAACCCGCTACATCTTTTATGGTTTTTTTACCTGCTCTAATAATTTCTCCATTAGGTAAAACAGCTCTTAAAGCCATTACATAATCTTTAGTTATACCATACTTAGCAGCCCTCATACCCCCTGCATTTTCGCTTACATTTCCCCCTAAAGAAGAATACTCCATACTAGCAGGATCAGGTGGATAAAATAAGCCATATTCTTTTACTTTTTCTTGTAAAGCCATATTTATCACACCAGGTTGTACCACTGCAACTAAATTTTCAAGATCAATTTCTAAAATTTTATTCATATGTTTTTCAAAGCTTAGCACTACTCCACCATTAACGGCCAAGCTTCCACCGGTAAATCCGCTACCTGAACCCCTAGGAATAACGA
CP176590.1_gap39	1333976	1337107	3131	AAACCTTGGGCGAATTAGATGAGCAAGTAAAATTAAAAATTTCACACCGCTCACAAGCACTAATGTTTGCTACTTATATTTTAAGAGCATTAGAAAAAATGGAGCATTGATGAAACAATTTATAAAATATATGCTTATTGCTTTTGGTGTTTATGTGATTTGGATTTTACTTTATTATAATTTTGCTTAAGATAATGATAGCTTAAAATAAAACTTGGCAATAAAAAAAGCGAACCAAACAAAAGCAAACTCATAGCCAAAACCGTAAGCAAGCCAAAATAAATCGTTGGGATAAAATTACTACTAATCATTACCAAAAAGCCTAGAATAATCGTAACACTAGTATAATAAATCGCACTTCCTATACCCATATGTGAAGCTTTTATAGCCTCTTCTAAGCTTTTATGTTTTAATTCTTCTTTAAAACGATGAATATAATGAATCATATCATCAACCCCTATTCCTATACAAATAGCAGCTATGGTAATACTCATAATATCAAGTGGTATATTTAAAATACCCATTAAGCCAAATACTAAAGCCAAAGGTATGAGATTAGCCAAAATCGCCACAAAAGCGTAAACAAAACTTCTAAAAATCACCACAAACAAAGCAAAAATCACAAGCACCACAAAGGCTAAAGTGTCAAATTGTGATGAAAAAAGACTTTGAAGCATATTATTATACAAAGGCATAATACCACTGATTTTAACCTCTACATTATCATTTTGCAAAAGTTCTTTTAAGTCTTTTTCAAGCTGTTTTAAAAAAGCATCGCGTCTTAAATTTGGATCACTATCTAACATACGCACACTAAATCGCAACTCATTATTTTCTACACTTACAAAAGGGGTTAAAACTTGCTTTTTAAAATTCTCATCTAAATTTTCATATAAAAACGCTAGAGCAAAATCATCTAAAACCTTACCATTATTAATGCTTTTTCCAAGCTCTAGCAAACTTTGTAAGCTAAGGACAGAACCTATATATTTTTGCTTACTTAAAAACTCATGAATCTTAGCAGCTATTCTTGTTTTTTCACTACTAAAAAAATACCTATCATCTTTGGCCAAATCATCAAATTCTTGTTCAAACTCATCTAAACTTTCATTTTGTTTTGGATCTTGCTTAAACTTGATAATCACATCTAAAGGCATAGTTCCACCTAGCTCTTTATCTATAATCAACAAGCCTTGTTTAATCCTAGAACTATCTTTAAAATAACTCACAAAGCTATTTTCTACTTTAATTTGTAAAATTCCATACAAAGCAAAAGCCACGCAAAACAAACTTATACCATAGATAATTTTTCTATGTTTTAAGCTTGCATTTGCACAAAAACTTAAAAATTTCAACGAATTTTGATTAAGCTCTTTAAAATTTAAACGCGGCATTAATACCAAAATGCTTGCAAAATAAATATAAGCTAAAATCAAACTCACACTAATACCAAGGCTCATCATAATACCAAGCTTGATAATAGGCTCAATATCTGAAAAAACAAAACTTAAAAAACCAACAACTGTGGTTAAAATAGCATAAAAACTAGGACTTGCTTTATCAAGTAAGGTTGAGAGTAAAAGCTTATAAACGCTAGCTTTTGGGTGTTTTTGTAAATTTTCTATAAAATGCACGATTAAGTGTATCACAACAGAAACAGTGATAATAAGCACTAAAGCTACATAGTTTGAAGACACTACGGTAATATCAAAGCCCAAAAGTGCGAAAATCCCACTTGAAGTAAAAAGCGAAATCACACAAATTCCCAAAGCCAAGAACACTAAGCGCAAAGAGCCAAAAAACCACCAAAGTGCTATAAATAAAAGCCCCATTAAACTAAGACCATAAATTTTTAAATCACTTTTTACATAATTAATCATATCATTAGCAATCATTTCTACACCACCAAGATGTAAAAAGTCTCCATTTTGACTATATTTAGATACTATTTTAGTAATTTCTTCTAATCTTTTTGCACTAAATTCTCTTGAGTTTTCTTGGTGTTTTTTAATCAAGACTCTAAAATGCTCTTTTTCATTTTCACTTTTTGCACTATCTCTTGAATTAATCAAGTCATTATAAACAAGATCAGGCGCTAGATAAATCAAAATTCCCGTTGTTTTTCCATCTTTTGAGATAATATTATTTTTATAAAAGGGTTGGTTTAAAATTTCTTTTTTAGCCAGATTAATATCCACATCTTGACTAAAAATATTAGGTATATTTTGGATAAGCTCTTTTAACTCTTTACCTTTAGAACTTGCAAGTAAAGGCGCATTAGTGATAGAAAATACCTTTTGCACACCATTGATTTTTTCTAAATCAAGAGTTAAATTTTTTATAGTTTCTAAATTTTCTTTAGTAAAAATAGCTTTATCTTTAGGAGCAAAAGCAAGCATTAAAAAATTATCATTACCATAACGCGCTGAAACTTCTCTATATAGTTTCAAAGCCTCATCATGCTCTAAAAGCAAGCTTTCAGCACTTGCATCAATACTTAAATTTTTAGCAAAAAAACTAAAAAATATACAAAAGATTAAAGCAATCCCCAAAGTTAGCTTTGGGAAATTAAGAAAAATTTTTAAAATTTTACTTAGCATTATTTAGAAAAATCAACACTAGAAAGCTTTTCAAGCAAGGTTTTAAAATCACCATTTTGTAAGACATCTTTAAATTGTGAGCGATAAGTTTGTATAATACTTATACCAAAAATATCTACATCATAAATTTGCCAGTCATTATTTTTATCATAAAATTTAAAGATTACAAAATTTTCTTTGCCATCTACTATCATAGAAGTTTTTAAAAAGGCTCTTTTGTTTTTTTCTTCTAAATTAATCACTTTTAATTTTTGAGAATCATACAAAGCAAGTTTATCTGTGAAACTTTTTTTAAGATTTTTTTCAAAAGCTTTGTTAAATTCATTTTTTTCATTTTCACTTAATTTTTCATATCTTGTAGAAAGACTAAGTTTAGCCATAAGCTCATAATCAAAAACACCATCAAATAAAGCAAAGATTTTTTCCGCTGCTTTGGTTTTATCGTTTTTATTTTGATCTAAAATCTTTAAGCTCTCATCAATTTTTTCTTGCATAGTTTTAGAAATATCTTGCAAATTTAAAGCAAATGTA
CP176590.1_gap40	1338158	1341201	3043	CCTTGCAAAAAGAATTTCAAAAAGAAAACCCTGATATTAGTATCAATGTAAGCTTAGGTGTTAGTGGAAATTTAGTCTCACAAATCAAAAATGGAGCGCCATTTGATATATTTATGGCTGCAAATATGAAATTTGCACAAAACTTGTATGATGATAATTTTGCTAGCACAAAACCTGTTATTTATGCTCAAGGAGCTTTAGCTTTACTCAGTGTTAGAATGGATTTAAGCAAAGGATTAGACACACTCAAAGAAGAAAAAGTAAAAATCATCACCATAGCTAATCCCAAAGCTGCTCCTTATGGTCAAGCTAGTATAGAAACTTTACAAAATGCTAAAATTTATGAGCAAACAAAAGCTAAAATCATCGAGGCAAAATCTATAGGAGAAGCACTTACTCAAACACTAAAAGCAGCTGATGTGGGTTTTATAGCAGCGAGTGCTTTATATGAAGATACGCTAAAATCTTATAAACTCCAAGAAGGAAAAAATTATATTTTAATCAATCCAAAGCTTTATGAACCAATCAATCAAGGCATTGTTATCACTTCTTATGGTAAAGATAATGCCAAAGCTAAGAAATTTTATGATTTTATTTTAAGCAAAAAGGCTAAGGAAATTTTCAAAGCTTATGGCTATAATATCCCATGATTAAAGCTAAAATAAATACTATAAAAAATCATGAAAATATAAACTGGGTAGAATTTCTTACAAACAAACATAAATTATATATGCTTGCTTTAGAACTTGATGAAAAAGCAAGCATTAATCAAGAAGTTTTACTTGCTTTTAAAAGTAGCGAATGCCTGCTTAGTAAAAAAAATTTAGAAAACTCATTTTTAAATACCTTTTATGCAAAAATCATTGATATTTTCCAAGGACAAATCATCACTATCATAAGATTAGAAAATGAAATTTGCACTTTCGAAGCTCAAATTAGCACCCATGAGTTTTTAGAGCAAGACTATCAAAAAAATGATTTTATATTTGCTTATGTACATCCTAGCGCTTTATTTATCAAAGAGTATTTATGCTAAAACTTGACTTTGAAAAAATCTTTAAAAATAAAGAAAAAGAATTTAAACTTAAGGTTAAATTTGAAGTTAAAGAAGGAGAATTTTGTGCTATTTTTGGAAAAAGTGGTAGTGGTAAAACTACGCTTTTGAGAATTTTAGCAGGTTTTGAAAAAGCACAAGGAATTTGCACTTTTAATAATACTGTATTTTTTGATGATAAAAACTTTCTAAGTCCACAAAAAAGAAAACTTGGCTTTGTTTTTCAAGATTATGCTTTATTTGAAAATATGAATGTAGAACAAAACTTACTTTTTGCCAAAAAAGATCTAAAATTTGCTAATGAACTTTTAGAACTTTTAGATTTAAGCAAACACAAAAAAAGTCATATTTTAGAACTAAGCGGTGGACAAAAACAACGCGTAGCTTTAGCAAGAGCTATTATGCAAAAACCCAAACTTTTACTTTTAGATGAGCCATTTAGCGCCTTAGATAATGAGATAAAACTACACTTACATGATTATCTTTTAAATATACATAAAACTTATAAAATCACTACTATTTTAATCAGCCATGATGTAAGTGAAGTTTATAAACTGGCTAATAAAGTCATTATTTTAGAAAATGGAGCTATCATCAAAGAAGGCTCGCCTAATGAAGTTTTTTTAAAGACGCAAGGCTCACAAAAATTTGCTATAAAAGCACGCGTTTTAAAACTACAAAAGCAAGATAGCATATTTATAGCCATACTTGCCATAGGTAATCAAATCAGCCAAGTAGCACTAAGCCCTTTAGAAGCTAAAGATTTTAAAGAAAATGATGAAGTGCTTTTGAGTCAAAAAGCTTTTGCGCTAAATTTAAGTAAAGTATAAAAAACTATAACTTGTATTAACTCGACACTTTAAGCCTTTTGGCTTAAAGCACATTCATACTTTGTATCATTACTTTTGCTTTACATTCAGCACAGCAATATAGTGTTTTTATCTTAGCTTCATCGCCCATAAATCTTGGCTTCATAATGCTAGCGATTTTTTCAATGGCCTTTTTAGTAGCAAATTCTTTCCCACACTCTACACAAGCAAAAAGTTCATCTTGAGCTAAAACCATAAAAGAAAAATACTCTTTTTCTAAATCTATCCCACTTCTTTGAAGTATCAAAGTATCTTTTTCAGCACAACTTGCCTCACAATATCCACAGGTAGTACATAAGCTTGCATTAAATTTCAAAGAATTATCCTTAGCATCAGCTACTAAAGCTCCTACATTACAAGCTCCCACACAAGAAAGACATAAGGTACAAGTGTCTGTATTGATAGTGATTTTTCCATAGCGTATCCATTCTTTGCTTGGAATATTGCCTAAATTTTCTTCTTTTATAAGCTCTCTTAATCTTATAGCAAAATCTTCTCTTTTTAAAAGCGCAGGATTATAAGAAATAAATTTAAGATTTTCTATAAAATGTGCTTGATTTATAGCCTCTAAAAGTTCTTTTTCATCTTTAGCTAGAAAAATTGCATTTTGTTTAAATTTTCTTTGAAAAATTTCATTCATCAAAGCTATCACTTCTAAAGCACCTTGCGATAAGCCATCACTATAAAAAATCACACTCGCACCACTTGTTTGAAGCATAGCTAAAAAATGTGCTTGATCAAGATAGTTTTCGCCTTTAATCATAAAAGGCATTACATCTTCTTTTAAAGTGATATTTAAATTTTCTATAGACATTTTCTCAGGGATTATTAAAATGATTTTATCTTCATAAAATTTTAAAATTTCATAAAAGCTATTACGTGGCATAGGTGCATAATCAAGCGCCCCACTAGGACAAATCCCCACACAATCACCACAGCTTAAACAATCCACATGAGAAAATTCTAATTTTCTTTGCTCATCATCTTTTAAAATAGCCACACTAGGACAAATTTCAGCACATTTTCCACAATGAATACTTCTTCTTTCATGGTATTGGCAAATGCTATCATCATAACTAATATAATTTCTAAATTTATATTTTGGAGAATTAGAATTTAA
CP176590.1_gap41	1344757	1347701	2944	ATCTTTTTATAGAAAAAAATGCCCTTGAAAATCTCATGCAAGAGTTTTTAAAGCTTTTGCAAGATCATCATTTAGATGTCGCTTTTGTAAAAAATCATTTTCAAATTTCAAGAAAATACGCCATAGCTTATTTAGAATACCTTGATAAAAACTATCCTCAAGTGATAAAAATCGAGGAAAAAAGAATGCTAAAAGTCTAAGTGTTAAAATTTACATTTTATAATGATAAAAATTTAAATTAAAGGAAAAAAATGAAAAAATCTCTAGCTCTTTTAACTCTTGCTAGCTCTTTATTTGCTGCAAGTAATGAAGAAATTATTAATTTTTTTAAGAAAAATCCAAATTTATCAAATGCAAATATTAGTGTTTCTAGTAGAGAAAAAATTCCTGATACTAACTTTGAAGCCGTGATAGTTAATTTTGAAATTAGTGGTAAAAATTTCCAAGAAATCGTTTTCACTCAAGATAATATCATCACAACTGAAGTAATTGATGTAAAAAAAGGTGAGTTTTATTCTCAAGTTTATCAAGCAAAACTCATGGAAAAACAACAAGCTGAATTTTCAAAAAAAGCCTTAGTGGAACTTAAAAAAGAAAAAATGTTTGTTTCTTTAGGTGATAAAAACAAACCTTTACTTTATGTTTTTAGCGATCCTGAATGTCCATATTGTAGAATGCATTTAGATAAAATAGAAGAAACACTAAAAACCCATCAAGTGAAATTTATCTTAACCCCTATCCATGATACAAGCGCATTTGAAAAATCTGCATTAATCTATAAAGAAAGTAAAAACGCTAAAGATGATGCACAAAAAATTGCTATCATGAAAAAATACTATGATAAAGATATAAAAGATTATAAAAAACCTAGTGAAGCTGAAGTTAAAGCAGTAAGAGAAACTTTTGCAAAATACTCTAAACTTGGTCTTCGTGCCGTACCAACCATAATCGATGCTCAAAAATAATCTTTTCTTACTTGTGCTTGCACTATTTTTAAGTGCTTGCACAGGCCCTATGCAAACTTTTATTCAAACAAACAATGAAGGTATTTTCCTGCATGCTAATAAAAATCAAAGTTTTTCTTTACACATCAACAACCCTTCAAAATTAAACACAAATTTAGAAGCTAAGCTCACTCAAAAATTACAAAATTTAGGATTAGTTTTAAATAATGAACAAAGTGATTATAAAATTTATATCAATATAGTAGATTTTAAAAAATTTTCTTACGCACAAAGGCTAATTGCCTCTAATGCGAGATTTTTTTATAATGACTTTGATAAAATAGATGATGTTTTTGAAATGGAAGTAGAAAATTACTATCTTTTGCAAGTTAATTTACAAATTAGCTCCAAAAACTCTACTCAAAGCACCTCGCTTTTAGCAAGAACTGCTTATCTTAGCAATATAGACAGAGCCAAAGACTCTTTAGAGGAAAAAATTGCTAATCAAATAACAAGCTTTTTTTATATGTATTAAAGATGGCATTTAAGCCATCTTTTTAAATATAACCATGATCAATCATCGCATCAACTACTTTTTTAAAGCCTGCTATGTTTGAACCTACTACTAAATTTCCTTCATGATTATAAGCTTTTGCACACTCGTATGAATTTTCAAAAATATTTTTCATAATCTTATGCAATTTTACATCAACTTCCTCAAAACTCCATTGACACATACTTGCATTTTGTTGCATTTCAAGTTGAGAAGTCGCTACCCCACCTGCATTTGCAGCCTTAGCCGGAGCAAATAAAAAGTCTTTTTGATTTAACATAAAATCAATCGCTTCAAGTGTGCTTGGCATATTAGCTCCCTCTGCTACCATACGACACCCATTGTAGTATAAAGTTTTAATATCTTCTAAATTTAACTCATTTTGCGTAGCGCTTGGAAAAGCTATATCACAAGGTATACTCCATACTCCATTACAACCTTGTTTATACGCGCTTTTTGGAGTAAAAACAGCACCTTTTTTAAGCGCTGCATAATCACTCACCCTAGCTCTTTTTACTTCTTTAATTTCTTTTAATAAATCTAAATCTATCCCATCTTTATCATAAGCAAATCCATCACTATCGCTTATTGTGATTGCTTTTGCGCCAAGTTGGTGTAATTTTTCTATGGTATAAATTGCCACATTTCCACTACCTAAGACTGCACACTCTTTTCCTTCTAATGCATTGTTATATTTTGCTAACATTTCTTGAGTAAAATACACGCAGCCATATCCTGTTGCTTCTGTTCTTACTAAGCTTCCACCCCATGGAATTTTCTTTCCCGTTAAGGTTCCATCAAAATTAGAGCTAATTTTCTTATAAGCTCCAAACATATATCCAATTTCCCTAGCAGCAACACCTATATCGTCCGCTGGTACATCAGTGCTTGCTCCTATGATTTTTGAAAGCTCAGCCATAAAAGCTTGACAAAAACGCATAATTTCTGCTTCGCTTTTACCCTTAGGGTCAAAATTTGCTCAACCTTTAGCGCCACCTATCATCAAACATATTAAAGAGTTTTTGAAAATTTTCTCAAAACCTAAAAAATTTTAAAACATCCAAATTCACACTGGAATGAAATCTAAGTCCACCTTTATAAGGACCTAAACTAGAGTTAAACTGCACTCTATAGCCAAAATGCGTTGAGTTTTGTCCGCATTGTTAATATGCAACTTAAATATAAGCTGATTTTCAGGATTATAATACACTCTCATATCGCACAACATTGGTAAATTTTTAAATTCAAGAAAGGCTCTAAAGAGTTTAACACAACGGTTATTACTTGGAAAAAGATAGGTTGTCTTGGAAAATTGTTTGAATTTTTTCTAAAGTTTCATTGATATATTGTTTAGCCATACTCATAAATTGTCCTTTTTATAGTATCTTGCTGTTTGTTTTAGCTAAAAATTTTTTTAGCGCCATTTGCTCCTTTGTTCCTATTTTGT
CP176590.1_gap42	1357057	1361169	4112	ACACCTTTATTCTATAGAGCATATGCCTGATGCCATACCTTATATCACAAGCTATTATAAAAAACGTTGGGGTTTTTGTATAAAACATCAAGATAGAATTAAACTTAAAGAAGGAAAGTATAAAGTTTTCATCGATGCTAAGCATCATGAAAATGGTGTTTTAAACTATGCTGATTTGATCATACCTAGTACCCAAAACAACAAAGAAGAGATTTTAATCTCCACCTATCTTTGTCATCCATCTATGGCAAATAATGAATTAAGTGGTCCTGTAGTAGCTACATTTTTAGCTAAGTGGCTTTTAGAACTAAAAGAGAGAAAATATAACTATCGTTTTGTTTTTATTCCTGAGACTATAGGAAGTATAGTTTATATTAACAAACATTTAAAGCATTTACAAAAATACACAAAAGCAGGCTTTACACTCTCTTGTATAGGTGATGATAACGCTTATTCGCTCATTCACACTCCAAACGAAAACACCCTAGCTGATAAAGTAGCCCTACATACTTTAAAAAATAAAACCAATTTTAAAGAATTTGGATTTTTAGATAGAGGGAGTGATGAGAGACAATACTGCTCTCCTTTAGTAAATTTACCCGTAGTTTGTATATGTAGAACTAGATTTGGAGATTATAAAGAATATCACACTAGTAAAGATGACTTGAATTTCATCAGCCAAGAAGGACTACAAGGTGGCTTAAAAGCCATGCAAGAAATCATCATGAATTTAGAAATCAATGGAATTTATCAAAATACAGTCTTTTGTGAACCAAATTTAGGAAAAAGAGGTCTATACCATACTATTAACACCTCTTCAACCAATAATATACCGATCTCTTGTAATTTTTTAGCTTATTGTGATGGCAAGAATGATGTTTTAGATATAGCCTCAAAACTTAACATACAGGCTTATGAATTAAAAGATTTGATAGAAAAATTAAAATTTCACAAACTAATAAAGCTAATATAATTTATACTATAATGCTATTTATATTAAATTATACAAAAAAAGGATTTATATGGAAATTTCGACAAAACTTATCAAAACTTTATTTGAAAACATTCAGCGACATGATATAAATGAAAATGATACAAATTTAGTAGAAGATGATATTATTGATAGTGTAGATATAATGAAACTCATAATGGAAATTGAAAAATATTTCAATAAATCATTAGATGCTAAATTTATAATACCAAATAACTTTGAAGACTTTCAAAGTATTCAAAAAATGCTTATGCAGGCTTTTGTAAATTAATCTATAAAATACTTACAAAATCTATCTTGATATTTTTGCTCTAAAATATCATATAGATTTTGAATTTTATTAATAAAATCATCATTTTTATATGCCTTCAATGTCATTGAATTTAATTCTTGCATAGCAAAAAAATCATATTTTTCATCTTCAGACATTTCATCTAAATATACTTCTTTTCCATAATACTCATATGTATATTTTTTCAAAGCTTCTTCTATATACTCTAAAGCTTTAAAAATAAATATCATAATAGGCTCTTGTTGTAATATTTTTGTATTTTTGTTAAATTCATTAACAAATTCATCCTCTGCTGTATGCGTAATCGTGCAAAAATTATTTTTTTTATGTTTATAAAAAATATCAAACAAAGCACAAGGTTTGACTCCTAAAAAATTACCATCAAAATCAACCTTTGGATAGTAAGGATATAACTTGCAAATCAAAGGTCTTAAATTATGTGGATTACATAAACCACCTAAAGAACACTTTATAAAATACACTACAAATTTCTTTTTATTTTTTAATTCATACACCACTTTATTGTGATTATTAAGATAGTTATTTCCTGCTTTCAATAAAGATAAATATTCAGCTTCAATTACAGGTAAAACAACATCATTAGAAGTATTAAATTTAAAATATTTTGCATAAATATTATGACAACATCCCCCATTACATGTCATATAACATTTTGGCGCAAAAATAAATTCTTTATCATGTAAAAGGTCAAAAAAATTTTCCATATTTTCCTCATTAAAACTATATAATTTTTAACTCAAATTTATCATAATTATCTTTAAAAACAAACATACTATTTCCGCAAGGATAACAAATTTCATCTTGTTTAAAATCAAAAATTTTACCCTGATATTTTTCTAATATTTTTGGTAGTTCTTTTTTAAATAATGCTTTTATGGAAATACCTCCCCCGTGATTAGAATGCTTAATAAATCTACCATCAATATCCTCATCTTTAATCAAATGAAAATTTACATCATATCCCAACATCTGATATATTTGCATCAATTGAATTTTATCTTTTACAGGACTCATTAAGTCAGTAGAACTATGATAACTTATATAATTTATAATATTATTTTTTTGCGCTTGTATATTTAAATGAGTCGGATTAAGTAAAGCTCTAATCATATAATTTTCATTTTTAAAACAATAAGAAGAATTAGGATCTATGTTCCAATAAGTTTTTAAAAAACAACCAACTGAAATATTTTTTTGTCTAATGTTAAACTCAACTTCATTTAAATTTCTACCTATAATATATTTCAACAAAAGTAGAGCTTCTCCAGAATTATCTAAAATAGCACTTACATGCCAAGGAGCTATTTTAGAAATTAATAAAGACAAATATCCTCCATAAGAACATCCACCATATATTTTAGGTAAACTTTGAAATTGTGGATATTTTTGAATAATATCTTTTAAAACATTTATATGATCAATTGCTGCCATAATACCATAATTTTGATATTCACCATGAGGTGGTATTAAAGTCGAAGTAATACTAACTTGAAAATCATCATCAACTTTAGATTTATTTTTTAATTCTTGTATATGCTGGTTCAAAACATTTACAAAATATCCTGCAGATTCAACACTTAATCCATCTGTTTCTATTTTCAACTCAGATGCAACTTTTCTTAAACTTTCTAAATCCTCTTCTAAAATCATCAGTTCTGCACTATATCGACCCCCTCCCTCTTGACTATCTGGTCTTACACCAAAACACCAATATATAACATTAACAACAATTACATTATATTTTTGAGCAATATATTGTCTATCAAATTCTAATATAGAAACATTCGATCCATATGCCCCTATCATAAAAACAATGGCTTTCATTTCTTTGCTATCATCGTAAGTAATTCTATATTCTAATTTATTTTTTCGTTTTATATTAAGTTCTACATCATCACAAGAGTCTATAAAATAAGTTTGATTAATAAGCATATTGGTCTTTCTTAATTGTATTTATGCTATTATAACTAAAATTTTCAAGGAAAATGATGATAACCCATATCAATGATTTTTTACAAAAAAGTGTTATTAAATTTGGAACAAGAAAAGCTTTTATTGAGTTTAATGGTAAAAGTACAAGCTATAAAGAATTTGATGACTTAAGTAAAAAAATAGCAAGTGAAATTCTCTCCAAGCTTCCTACAAAAAACACACAAGAGCCTATATTAATCATACTTCCTAAAGGAATTGATTGCTTGCTTTCTTTTTTTGGTGTTGCAAAAAGTGGAAATTTTTATACGCTTTTAGATGAAAAAAGCCCTAAAGAACGCGTAGAAAAAGTTATAGAAATTTTAAAGCCTAAACTTTTAATCACCTCTAAAAAATTAAATTTAGATTTTAATCTTGATACTATTTTCACAGAAGATTTTAAAAACTTTAACACAAATGAAAATGCCTTAGAAAAAGCCCTAAATAATCACATCGATACTAATTTGCTTTATGTATTTTTCACAAGTGGAAGCACAGGAACTCCAAAAGGAGTAAGTATAAGCCACAAAAGTGTGATTGATTACACTTTTTGGGTATGCAAGACTTTTAAATTACACCATAAAGATATACTGGCAAATCAAGCTCCATTTTATTTTGATAATAGCATTTTAGACATATTTAGCTCTATCAAAATGGGAGCTACGCTTCATATACTACCTAACCACCTTTTTGCTTTCCCAAATAAGATTTTAGAATATTTAGAACAAGAAAAAATAACAATGATTTTTTGGGTGCCTTCTGTGTTGATTTATTTTGCTAATACCAATGCTCTTGATGCCTTTAAGCTAGAACACTTAAATAAAATTCTTTTTTGTGGTG
CP176590.1_gap43	1553788	1557089	3301	CCATAGCTGCAGCAAACATAGGAGTAAATCCAAACAATGATGGTGAAAGCGTGAAATTATTCTTCCCTCCTATGACAAGAGAACAAAGAGAAGAAAATGCTAAAAATGCCAAAGCTATGGGAGAAAAAGCTAAAGTGGCCATTAGAAACATTAGAAAAGATGCAAATGATGCGGTTAAAAAGCTAGAAAAAGATAAAACAATTTCAGAAGATGAAGCCAAAAAAGCTTATGATGAAGTCCAAAAACAAACCGATAACTACACAGCAAAAGTAGATGAATTAGTCAAAAATAAAGAAGCAGAACTTTTAAAGGTTTAATAATGAACTTAGAACAAATTTATAAAGACTGTGGAGCATATTTACAAGGACATTTCTTACTTAGCTCAGGAAAACATTCTGAGTTTTACCTTCAAAGTGCTAAAGTTTTAGAAAATCCAAAACTAGCAGGTGAGCTTTGTGATGAACTTGCAAAAGTTATTGCTAGTTTTAACATTGAATTTGATAGCATTTGCTCCCCTGCTTTGGGTGGAATTTTAGCAGGCTATGAGCTTGCTAGAGCTTGCAACAAACGCTTTATTTTCACTGAGCGCGTAGAAGGAGTAATGAGCCTTAGACGTGGTTTTGAAGTAAAAAAAGGCGAAAAATTTATCGTTTGTGAAGACATTATTACAACAGGTGGTTCTGCACTTGAGAGTGCAAAAATCATCGAAAGTTTAGGTGGGGAAGTGGTAGGCTTTGCGGCTTTGGCAAATCGTGGCTTTTGCACAGTAAAAAATTTAAACAATCCAAGAAAAGAAAATGCAAAACTGCCTGAAAATTTACCACTTTTTGCACTAGGAAATTTCGAATTTGATATTTATGAAGCAAATGCTTGTCCACTTTGTGAAAAAGGCACCAAAGCTATCAAACCTGGTAGTCGTGGAAACTAATGAAAACTAAAGCAAAAATAGCTACTCGCTTTTTAAGATTTAAAGCTTTTTTGATTGATCTATTTTTGCTTTATGTGCCTGTTTTATATTTATTTTATTTTACACTTGGCTCTAAAGAAGCCTTTTTAAACAATCAACTTATAATTTTTTTATGTTCTTTGCTTTTTGGGCTTATACAGGCCTTATTTTTAGCAAAAAAAGCTCAAAGTCCTGGACTTAAAGCTTATGATTTATATTTAATTGATCTTAAAAATGGCCAAAAACTTAATTTTTTTAGAATACTCTTACGCTATATAATTTTTATCGTAAGTTTTGGTTTATTGATTGGGATTTTGGTAAGTTTTTTAAGAAAAGATACTTTGGCTTTACATGATATTTTAAGCCAAAGTGTTATTGTCACAAAGGTAGAAAAATGAATAGAAAAAGAATTTATAATCCAAAATCAAATGAAACTTTAAATGATAGAAAAGTATTTAATGGTAATCCTCATGGGATTTTAAATTTTACTAAAGCAAAATACACTTGGGCTTTAAAGCTTTGGGATTTAATGGAGGCAAATACTTGGTTTCCAAAAGAAGTAGATACAACCAAAGATGCACTTGATTATCGCTGCAATCTAACCGTAGCAGAAAAAAGAATGTATGATTTAGTTTGGTCTCAACTTATCTCAATGGATAGTTTTCAAACAAACAACCTTGCTGATAATATCAATCCTTACATCACAGCACCTGAAATCAATGCAGTTTTAGCAAGACAAGCTTATGAAGAAGCAAATCACTCAAAATCTTATGCAGTAATGGTTGAAGCAATCTGTGAAAATACAGACTTAATTTATGAAATGGAAAAACATGATGAAACTTTAAGAGAAAAAAATGATTTCATTTCAAGTATTTATGAAGAACTAGCTGGCGAAGTAGATGATAATAAACTTTTACTTGCAATGGTAGCAAATCAAATTTTAGAAGGGGTGTATTTTTACAGTGGCTTTACTGCTATTTATGCTTTAGCGCGCGCAGGAAAAATGCTAGGTTCGGCACAAATGATACGTTTTATACAAAGAGATGAGATCACGCATTTGTTATTATTTCAAAATATGATTAATTCTGTACGCAAAGAAAGACCTGATTTATTTAATGATACTAATGTAAGTAAAATCTATGACATGTTTAAAAAAGCAGGTGAGCTTGAAATCAAATGGGGTAAATACATCACTCAAAATCAAATCATGGGTTTTACAGATGATATTATAGAAGAATATATTCACTATCTTGTTGATCAAAGACTCACTGCTATTAATCTTGATAAAATCTACAACGCAAAACATCCTATTAAATGGGTGGATGATTTTTCTAAATTTAATGATCAAAAAAGTAATTTCTTTGAAAGTAAAGTTACAAATTACTCCAAAGGTAGTTTAAGTTTTGATGACTTTTAAGTCACAAAACTACTCATTTTTTTACACTTCTTAAATTAATTCTTTTTTATTGTTTAATATTTCTAATTTATTAAAAATAATATTATATAATTCGCAGTTTTTATTTTAATTTAAAGGGGTAATTATGGAGTTTTTAGAACTTTTGTTAATCTTTATCGCCATAGTTCTCATGATAGTTAAACCTGAAAAAGAAAAACTAGCTTTTTCTATACTTGTAATTTCATGGGCTATTATGGTATTTGACTATCTAGGTCGTAAATCAGGCGCAATCTTAGGCCTAATGAATCTATAAGGTGGCAAACATGTGTGATATTAACAAAACTAAATTCTTTTACTTTTTAATGTGTTTGGCAGGTTTTTTAGTTATTTTAATGCCTGTTGGAACAGCAAATTTAATTTTTGGCTATATGTTGGGTGATAGCCCTTGTACTTCTTGCTGGGGCCAAAGAGAATCTATGATTTATATCGGTGTAGCGGCTTTATTTATTGTACGCTATGGTATGAAAGGTAAATTTTTAGCTTTCCTTTTGATTGCAACTGCATTTGGTTTATGGCAATCATTCAACCATGTAAGTGGCCATGCGCATCGCGATCTTGATCAAGGTTTTGGCTTACCTATTTTTGGTTTACATACTTATTTTTGGGCTGAAGTGGTATTTTGGGCTGTGGTTTTATTGCTTGGTGTTATTTTTGCTTTTGCTCCAAAATTTGGCTCATTTGAAAAAGAAATGGAAGGCGCAAGCTTTAGAAAATTAACTAAATTTAACTTAGCTGCTATGGTTATTGTTGCTTTTATTGTAGCTTCAAATGTATTTCAAGCTTTCGTAAGTACTGGTCCTATTCCATATAGTGGACAAGGCGATCCGGTTCGCTTTAGTTTAAATCCAAAATACATCATTTGGGATGACTCAGGCTGGAGTAAAAGCTGGAAAAGCATT
CP176590.1_gap44	1618543	1620879	2336	TTTTTAGAAAATAAATTATTATTTTATGAAAATATAAAGGATAGTACATGCAAATTATAGAACCAAAAAACAAAAATTTTTTAACCCCTAAGCAATTAGAATGCGAATTTGGAATTAGTCTTAGTAAACAATATAAAATGCGTATGCAAAAAAATCAAAATCAAGCTAACTCCTTGCCTTTTATTAAATTAGGAAAAACAATTCTATATAAAAGAAGTGAGATTGAAATATGGCTAGATAAAAACATGGTCAAAGGGAATTTATGAATTCTATAAAGAGCAACAAGCTACTACTTAATATTGTTTTTGAAAAGAATTTTAAGCAAGTAAATATAGAAAAACTAGAAAATATTGATTTTGAATGGTTGATAGATAGTTTTCTTGTAAAACAGTCTTTAGTAATGTTTTATGCTAGTGCAGGAAGTGGTAAGAGTTATTTTATGTTATATTTAAGTAAATATCTACTTGATAATAACAAAATAGATCGTATATTTTATTTTGATGGCGACAATAATGAAAGAATATTGAAAGAACGAAAAGGAAGTGAATTTTTAAAAAGTTCAAATTTTTATTATTTTTTTTCTAACAATACAAATAAGTTTAGTCTTTTTAGAGATTTAAAAAAAGCTAAAGATTTAAAAAACACATTAATTGTAATTGATAGTATTATAAATTTTATTCAAGATGATTTTAATAAAGACTTTACAATGATTAAGGTTTTTGATGAATTGCAAAAAATAAGAGATAATGGAGCTACTATTATTTTTCTGCATCATCAACCAAAACAAAAACCAGATGAAAATAATAAAGCCTACAAAGGTGCAACAACTTTTTTAGATAGTGTAGATGAAGGATATTTTTTACATAAAAAAGATATTAAAACAGATGAAGAGTTTGTAATTCTTTTAGAGCCTCAAAAAAGAAGATTTGCTACAAAATCTCAGGCATTTAAAATAAACACATTAAATTTAGAATTTGAATTTGTGGATTATTTAGAATTTGCAGAAAATCATAAAACACAAATTACCCTTAATCTCGTTAAAGAAATTCTTAATGAAAACAAAAATGGTATTTGTCAGCAAGATTTAGCAAGTAAAATCAAAAAGAAAATTGAACAATATTATGTAGAAATAATAGGTAGAAATGCTTTATGGAAACTGCTAGATAAATATAAAAACATTTATTGGAATATTTTTTATGAAACACAAGAAAAAGGTGGAAAGAGGAAAATTTTTAAGATATTATAATGGTGATATCTTAAAAATATAATCAATTTAATTAAAATATAATTTTTTGAGCCTCGCAGAGAATATTTTGTTATTTACTTAAAAAATGGTGTCATTTTTTGGAGTAAATAGCTATCCTGCTTTTACTAAAATTTTCATCTTAATTTTTATATTTATAAGACAAAATATTTTATACTTGTAATTAAATAAAAATCAAAAAAGGAATGTTATGAATTTTAATTATCCAAATATAAAAAGACTAGAATCTATTTTAAATAAAACATCATTTCATCAAATTTATAATTTATGGATAAATAAACAAATTTCTCACTATGCTTTAAAAATATTAGAAAGATGGGCTGAAAATTATCCAAATACAATCAAAACTTTAGGAATGTCAGATCTAATGACTTTGGTATTGCCACAGGAAAAAATGGAAATTGAAATTTTATCTAGTGCAAATTCAAAAAAACAAATAGAAAATGGTTTAACTACTATGGAAATATTACAAGAAGCAGAAATAGATTTAAACTATTATATAAAAACAAATCCTCAACTTTATTCTCCACTTTTTCAAGAAACCATGCAACAAGATAAAGTACAAAAACTAGAAGAAAATATTAACGATGATTACTGGAAACTGCAAACACAAATTATGGATTTACAACATGACATAACCAAACAGGAGTAAAAAAAATTATAAACCAAACTTATGATAAAATTGAAATTCATAAAAAATACTGTCGTGCATTCAGTATTTTTTATGTCAAAATAAAATTTTATGGAATTAATTTTAATCCGAGCTCTTTTAAAAATTCATTATGTTTAGCCTTTGCTTCCTTAATTTCATTCTCAATTTTTTCAAGTTCCTGTTGCACTTCTTCAATATCAACAACTTCTTCCTCGGGTGCTGTACTAACATAGCGAGAAATATTTAGGTTATATCCGTTTTTCTTTATTTCCTCCATAGAAACTCGGCGGGAATATTTTTTGTCATCTTCTTTTCGGTATTGGTATGTTTCAATGATCTTATCAATATGCTCAGGTAAAAGCGTATTTTGACGCTTCCCTTTTTCAAAATACTCACTTGCATTAATAATCAACACATCAT
CP176590.1_gap45	1637693	1638193	500	TTTCACCATAAAAGCTACTTGTTCTTTAGTAGCTTTTGCTTTACCTGTTACGGTTTTTTTTACTTGCAAAGGTGTGTATTCTGCAAATTCTCCATGAGTTTGTAAGATTTTTAAACTCAAAGCTCCACGAAATTGTGCTAACTTTAAAACAGTTTTTGGATTATAAGCAAAAAATATATCTTCTATAGCTACCTCATCAAATTGATGATTTTTAAAGATTAGATCAAGTCCTTCACATAATTCTGTGATTTGATACTGCAAATCATTAGGTTTGATTTTAATAAGACCTGCTTCTATGAGTTGATTTTTATTATTAATTCTTTCTACTATAGCGTATCCACAATACCTAGAACCAGGATCTATCCCTAAAACTTTCAAATTTTTCACCTTTTTATTCACATAGATGTGAAATTTAAATTTTTATGTGAATAATTTTAACCATTTTTTATAAAAAATAAGCTAGAATTTTAAGTTTTACATCATAATTTATAAGAAAAATA
