gap_id	start	end	length	sequence
CP179889.1_gap1	53155	54719	1564	GCACAAGCTGTTCCATATTTTTCTTTCCCTAAAACCTCGAATTGATCTACAACACGAACACTATATTTCTCTTTGATTAGAAATTCTTTTATCTTTTCTTTTTTATATCCTACTACTAAAATCAGTTCTTTGTATCCTGCTTTTAAAAGATTATCTAAAAGATAACTTAAAAAAGGAACATCACAAGTATTAATCAGCTGTTTTGGCTTGTTTTTAGTTAAATGAAGCATACGGGTTCCTTTTCCCGCAGCTGCAATGATAGCTTTTTTAATCATATATTTTTAAAACTCTCATTTTTTATACCATAAATCTAAATTGAATCAAGGACAGAATGTTTAAAATTGCATTTCAATATTACAGAAATTTGACAAAAATTAAAAGGAGTGTTATTTTATCATCACGAAGTGAGAATTAGCTCAAATCTCACTTAATGATCTTTTAAAAATGTGAAAAAAAATGAATAGTGATAGAAAAATTATTGAAGATGCACAAACACTATATAACAAAGGAGAATGGGAAAAAACGATTGATTTTATTGATATGCTTTTTACAAGCAGAGATGAACAGCAAGTTGCGGAAATAAATCGAATCAAAAGTTGGAGTTATTACTACCTTGCAATTAAAGGAGATGAATCTTTGAAATCAAAAAATCTTGAAAAAGCTGAAGAATGCTTTAGATTGGCTTTGATAAAAATGGAAAAAAAAGAAAGTATAGTTTCCATATTAAATGGATTACCATTAGTTCTTTGGATTCAAGGAAAAAGAACAGAAGCTTGGGAAATAAGCGACAAAGCTATTAATAAATTTCCAGAAACGCCTTCGATTTGGAACACAAGAGGTATTCTTTGTCGCTGGGCAAAGAATTTCAATGAAGCTGTGGAAGTTGGACAAAGGGTTTTTGAAACCGCAGTAAAAGTAAAAGATTTTAGAACAGCAGGGCACGGAAAACAGAATAAAGCAGACGCACTAGTTCAATCAGAAAGAATCGAAGAGGCAAAGAAGGATTACATAGAAGCAATAAAGATGTATAAGAAATATGAAGAAAAAACTGAAGAAAGCGCGCTTTTTCATTTAAAACGTGTTCAAGAAAAACTTTCCAATCTTTAACTTAAATTCTTAAATTGTTAAACGCTTCGTTTTTTTAAAGAAGTGTTTTTTTATTTGCCAAAAATCAAGATTCAACGTATAATAACCAATTATGAAAAGGGCATATATAATTAAAGGAAGTAAAAAACCCTTAAAAGGAGAGGTGAAAATTTCGGGCCACAAAAACGCTGCTGGCCCTATTTTAGCAGCTACTATTTTAACAAAAAAGCCATGCATAATTGATAATATACCAAGAATAAGCGATATCTTGAATTTTATAGAAATGATAGAACAGATTGGAGCTGAGGTTAAATGGCTTAATCCTCATAAAATTAAAATAAGCACAAAAAATATTGATGTTAAAAAAATACCAGCAGATTTATTCAGAAGAATGAGAATGTCAGTGCTTTTAATTGGTCCTTTACTTTCAAGGTTTAAAACGTTCAAAGTTCCTCATCCTGGAGGTGATAAAATAGGA
CP179889.1_gap2	169594	170223	629	CGTAACGCTTCTTTCATATAACCTGCCAAGATTCACTGCTGATTTAATGAGATTATCTATGATTGGAATGATTATTTCATCAATAATCAGTCTTTTAATTCTTCCCCCAAAGCCAAAAAAACTTAGCAGGCTTAAAAATCTTTCAATGATTCTTCAGTGGCTGCTCTTGCCAATAACTTTAATTGTTTTTGGCGGCATTCCTTCTTTGGATGCACAGACCAGATTAATGTTTAAGAAATATCTGGGTTTTTGGGTGACTGAAAAAGAAAGAGGATAAACCTAAAAATTGGTTATTTATTATTTTCATTGTATAATTATTTATATAAGCCCATGAATAATTTTTTAAACTACCCTTTATACATTTTCTTTGGAGTACTGCCCAGTATAATCTGGCTTTCGTTTTATTTAAAAAGAGATTCTCATCCTGAGCCAAAGAAAATGATTTTAAAAATCTTTTTTTACGGAGCATTAATAACCATACCCGCAATTTTACTGGAAACAATTTTTTTTGAAGGAACAAGAAGATTGGGCCTGTCACCTCTTATCATATTTTGCCTAAACATTTTTTTGGGAGTAGCCCTAATTGAAGAGGCTTTAAAGTTTTTAGTGGTTAAAATAAAAGTTCTTAA
CP179889.1_gap3	180575	184661	4086	ATTCACCATCTTCTTTGTTTTTCTTAAGCTCCTCAAAAGTCATTTCCCTTGAAGCTTTGCTCATGGATAATTCAATAAAGCCATCCTCTGTTTCTAGGTCAGTTACTTTGGAAAAGACCTTATCGCCAATTTTGAGTTTTTTTAACTGATATTTGGCATCATAGAATTCTTTACCATAAACCACCCCAGTTCCAACTGGTCCCAGATCAACGAAAACAGAAGACCTTCCTTTTCCAACAATTGTTCCTTCAACCACTTCACCAACCCTTATTGGCCTTAGTAGTTCATTTTGTTCTAATAATTGTTTCATGGATAAATGGGCAATATTTAAGGTCCTGAAATACAAAATACTTCAGGCTCTTAAATAAGCATAACTTTAGTTTACACATTTTATTGATTTTTTCAATAGTTATGATATAGATATTAATATAACTAATTTCATTAAATTATTCCATGAATATAGTTTGGCATGGTCATTCTTTGTTTCAAATAACGACCAATCCCCAGAAGAATAGTGCAGTTAAAATAGTGATTGATCCTTATGATAAAAGCATAGGATTAAGAGTTCCAAAGCTTGAAGCTGATATATTGCTGGTTACTCATCAGCATTATGACCACAATAATATTAAAGCTGTATCAGGAAATCCTTTTTTAATTGAAAATCCTGGGGAGTATGATGTAAAGAATGTTTTTATTGAAGGGATTGCTAGTTTTCATGATGAAGAACAGGGCAAGGCACGGGGTGATAATATTATCTATGTTATTGAAAGCGAGGATATAAGGGTTTGTCATCTAGGAGACTTCGGTCAGAAAGAATTAACGCAAGAGCAGCTGGAAAAGATTGGTGATGTTGATGTTTTAATGATTCCAGTAGGCGGCACTTATACAATTTCAGCTCAGGAAGCAGGCAAGATAATGTCCCAGCTTGAACCCCACATTACAATTCCCATGCACTATGCTCTGCCAAACTTAAAAATTAAGCTAGAGCCAATCAGCAAATTTTTAAAAGCATTTGGATTAAAATCATTACCACCCCTTAAGAAACTATCAATTAAAAAGAAGGATATATCATCTGATGAAGCAAAAATAATTATTTTAGAAAAATGAAACAAATAAAAGAAATAATACAACCATTTTTAAAGAAAAAAATTCCTGATGTTCGGCCTGGTGATACAGTAAAGGTTTATCAAAGATTCAAGGAAACCTCTAAAAAGAGGAAAGAAGCTAAAGATAAGATTCAGGTTTTTGAAGGCATAGTTATTGCCAGAAGACATGGAAAAGAAATTGGAGCAACAATTATAGTAAGAAAAGTAATTGGTGGTGTTGGAGTTGAAAGAATCTTTCCACTGCATTTACCAACAATTGAGAAAATAGAAATCTTAAGAAGAAGTAAAACAAGAAGAGCAAAGCTTTATTTCTTAAGAACAGCCAAAGGTAAAAGAGCCAGATTAAAGAAAAAAGAGTTTATTGAGGCAATAGTAGAAGAAGAACCAAAACAAGAAATAAAAACAGAAGAAAAGACTGAAGTTTCAGAAAAAACTGAAGAAGTTAAAAAAGGAACAGAAGAGAAAATTTTAACTGAAGAAAAAGCAGAAAAAAGAGAGACTGAAATAAAATCAGAAGAAAAATAACTACTTAAATTCATGCCCAGGTGATGAAATTGGTAAACATGCCACCTTGAGGTGGTGGTGGGGGCAACTCCTTGTGGGTTCGAGTCCCACTCTGGGCACAATTTGGGCACTTGGCGCAGTTGGCTAGCGCGTCGCGCTTACATCGCGAAGGTCGGGGGTTCAAATCCCTCAGTGCCCACAGAAAAAAGAGCCTTGTAGAGCTCTTTTTTAGATATTAAAAAATCTAAACTCTATTTAATTTCTCCAAAATTCTCTTACAAACTTTTTTATTAACAGGAGTTTCAATCCTTACTTCTTTTCCAAGCCTAACTACTCCTCCATTGTAATAATCAATTTCATCTAAATCTTTTAATTTTCCCGTTCTTCCTTTGCTAATAATATTAGCTAAAACATTTCTAAAAACTACTAGAACAAATTCAGGCATTAAAGAAAATAAAGAAGATAATAATTTAACTGGATAATTTGAAAAATTAAGAAATTTGCCGTTAGATTTTTCAACAACTTCAATATATTCTTTTAAAGCTCTTAATTCCTCCTTAAATATTTCCTTATTCTTAAAACCATCTTTAACTGATAGATTATGCGAAGCGCTTGCCATTCCAATTAAATTTAAAAATAACTTTGAGAATTCTAAATTTTTTGTATGTTTTTGAGGAAACTCTTTAACCTTAAACCCAGCCTTTCTGAAAATTTCAATAAGTCCTTTAATGTCTGTTTGGCCCTGCGCTTTTGAAATAGCAAGCCGTATTGGCAAAGAATATTTAATGTATGTGTTATTATTTTTCTTTTGGTCTATTGGATTAAATAAAACACACCTGATTATTTTAATTTTACTTGCTTGTTCTTTAAATATTTCTTCAAGAGCTTTTTTTGAATCTTCTAATGCCTTTATACCATTTTGAGAAAGGAAAAGATCAGGTATTTTTTTACCTTTAAATTTCTCAAAATAGTATTTTATTACAGGAGCAACTGGGTTCTTTGTTGCTAGAAAAATAATGTCTGGAGTTAAGTCTGCTTTAAAATCAGTATCTTTTATAACTTTAACATTAAACAATTCAGGCTTTTTATCTTTTTTTTGAACAAAGAGCCCTTTTTGTTTTATTGTTTCTATATCTGTTTCCTTTCCCACACCTAAAACATTAGCAAAGTTCTCTAGTTCATGGGCAAACATTGTTCCTGTTCTTCCCCCAATACCAATAATAATTATTTTAATCTTGTTCATGCTTAATAAAGTATATCATTGTTTTAACTCTAAATAAATTGATTTTAGCTTGATTTTATGATAAATTTAAACATGTTTTTGTTTGATATTACCACTGGAGAGGTGCGTCGAACTGGCAAGACACAGGTTTCGAAAACCTGAGCCTATTTATAGGTTTGTGGGTTCGAGTCCCACCCTCTCCGCTCTGGTTTATTTAAATCAAATATATACTATATAATCAATTTAACAATATATGCCAATGTTTGAATTATTTAAAAAAAGTGATGAAATAGATCCAAAGGATTTACAAGAGGTTATTTCTCAGCTTAAGAATCTAAAAAAAGATTTTAGAAAAATGTCAATTGAATTAAATGGCCTTAAAAAAGAGTCTAAGTTTTCGGTTCAAAAAACGGGTATTGTAAGATTTAATCCCTTTAAGAATCTGGGGGGAAACCAGAGCTTTTCTGTCGCGCTTTTAGATGGTAACAATGATGGAGTGGTAATTACCAGTTTTTACAGTAAAGATGGAAACAGAGTATTTGGAAAGCCAATCAAAAAAGGACGCTCTTCGCACGTTTTGTCTGAAGAGGAAAAAAGGGCAATAGAAAAAGCTAAGAAAACTCGGATTAACAGAAAAGAAATTTAAATGACAAATACTAAAGACAAATTAACAAGCCGGCCTCCGGTTGTGGTAGTTTTGGGTCATATTGATAGTGGGAAAACAAGCCTGCTTGATAAAATAAGGGAGGCAAAGGTTGCTGAAAAAGAATCTGGTGGAATTACCCAGCATATTGGCGCTTATCAGCTTGAAAAAGATAATAAGAAAATCACTTTTATTGATACTCCTGGACACGAAGCTTTTTCTCAAATGAGGTCTCGTGGAGCAAAAACTGCTGATATTGCTATTTTGGTGATAGACAGCACTAAAGGAGTACAGATTCAAACCAAAGAAGCTATTGAGCATATTAAAAAGTCCCAGGTTTTTCCTATAGTTGCTTTTAATAAAATTGACAGGCCAGAAGCTGATCCTCAAAAAGCTAAGGGGCAATTAGAAAAACAAGGCATTGCTGTTGAGTCAGTAGGAGGAAAGATTCCTTCTGTTAATGTTTCAGCAAAAACAGGACAGGGCGTTGAAGAACTTTTAGAACTCATTCTTTTGATTGCTGATATGGAGAATTTCCAGGCTGATATTTCAAAGCCAGCTCAAGGAGTGGTTATTGAATCTTATTTGGATAATAAAAGAGGGCCAATAGC
CP179889.1_gap4	208477	209661	1184	CCTTTTATCTGCAATGAAAATGGAAAATGAAATAATAACTGAATTTGAAGGCAGGGTGAAAAAAGTTTTAGTTGATAAAGACCAAAAAGTAAATAAAGGCGATATTTTAGCAATTTTAGAATAATGAAAATAAAAAGATTTAAAAAAGTTTCATCAACAAGCGCTCTGGCAAAAAAAGAAAAGGCCAACCCCTGGCTGGTTTTATGGGCTGAAGAACAAAGTTCTGGTTATGGAAGGGGGAAAAATTATTGGTTTTCCCCAAAAGGAGGATTGTACTTTTCTGTGATTTTGCCAAAAACAGATATTGACGACTTGCAAACCCTAACTATTTTAGCTGCTTTTATTGTGGCTAAAATAATTAAAGATAATTTTTCTCTAGAGTGTTTTATTAAGCTGCCAAATGATGTATATGTTAACAATAAAAAGATTGCTGGCGTGTTAACTGAAAACGTGCTGTCAAACGATGTTAAATTCTCAATAATGGGAATTGGCCTTAATACAAATATTGACAAGTTTCCTGGTGATTTGGAAAATACCGCCACATCACTTAAAATAGAGTTGGATAAAGATATAGATAATGAAAAGATTTTAAAGCAGATTGTTAACGGACTAAAAGAGCAATTAAAAACTATCAGTCAATAATATTTATGTTTTTTAAAAAAGACATTGAAAAACTGAATAAAAAGCTAAAGGAGCTGAACAATAAAGAGTTAATTGAAAATCAGCATCAAAAAGGGAAATTAACTGCCAGAGAAAGGATAGAGCTTCTTTTGGACACAAACAGCTTTACAGAGTTTGATTCTTTTGTTGAAAGTCGCTTCAGTAATTTAGGAATGAGTAAAAAGAAATTCCCAGGTGACGCAGTTATTACTGGCTTTGGAAGAGTTAATAACCGTCAAGTATATGTTTTTAGCCAGGATTTTTCTAAGATCGGAGGTTCTTTAGGTGAAATGCATGGCAAAAAAATAGTTAAAGTAATTAACCTGGCTCAGAAAACAGGCTGTCCTGTAATTAGCATCATTGATTCTGGCGGAGCTAGAATTCAGGAAGGCATATCAAGTTTGGATGGTTACGCAGCAATTTTCAGGTCTATGATTAAATGTTCTGGTGTGGTTCCTCAGATTTCTGTAATTGTAGGGCCTTCTGCTGGCGGAGCTTGTTATACGCCAGGGCTTTCAGACTTT
CP179889.1_gap5	344531	346939	2408	CTTCTGATGTCCCAGAAGGAAAAACAGATAAAGATAATGTTGAAATTAGGCATTGGGGTAAACTGCCAAAATTCAGTTTTCCCGTTCAAGACCACATTACTTTAATGGAAAAATTAGATCTTGTGGATTTAAAAAGAGGAGCAAAAATTGGAGGTTTTAGACAATATGTGATTAAAAATAAAGCAGTACTGCTTGAACAAGCTCTTCTTCGCTGGTCTCTTGATTTTTTGGTTAAAAAAGGTTTTACTCTTTTTAGGCCAACAACAATGGTTAAAGAGTTTGCAATGATTGGAACAGGAATGTTTCCAAGAGGAAGAGAAGATACGTATAAGGTGGATGATGATTTATATCTGGTTGGAACAACAGAGGTACCTTTAATGGCTTATCATGCTGATGAGACATTAGATGAGAGAGATTTACCTAAAAAATATGTTGGAATTTCAAGCGCTTTTAGAAAAGAAGTAGGAAGTTATGGTAAAGATGTAAAAGGAATTTTCAGGATTCATGAATTTTTACAAACTGAACAAGTTATTATTTGTAAGAATAATGAACAAGAATCAATAAAATGGCATGAAGAGTTGCTTAAAAACTCTGAAGAGATGATGCAGCAATTAAAATTGCCTTATAGGGTGGTTAATTGTTGCGGGGGAGATTTGTCTGACGGGCAGGTTAAAAGATATGACATTGAAGCCTGGGTTCCTTCACAGAAGAAATACAGGGAAACGCATTCAGATTCTTATCTTTTTGACTTTCAAACAAGAAGATTGAATATTCGTTATCGAACCAAAGATAACAAGATTAAATTTGCCCATTCTTTGAATAATACTGGTGTAGCTGTGCCAAGAATCTTAATTCCTATTATTGAGAATTATCAACAGAAAGATGGAAGCGTATCAATTCCTAAAGTTTTGCAAAAGTATACTGGATTTAAAAAGATTCAGAGGAAATAAGAATGAAAGAAGAAACAATTACAATTAATAATCTGAAAATTAATTACAAAACTACAGGATCAGGTCCTGTTATTTTAATTTTGCATGGCTGGCCATCTTCTTCTGATTCTTGGACTAGAGTTATGGAAAGCTTATCCAGAATTGGCTATCAAATAATTTGTCCTGATTTGCCAGGCTTTAGTAAAAGTGATACTCCTTTACAGCCTTGGAGTATAGATAATTACATGGAGTGGCTCATGAGTTTTGTTAATGTTTTAAAGCTAGATAAATTCATTCTTTTAGGCCATTCTTTTGGAGGGAGGGTTGCAGTTAAGTTTTCAGTGAAATATGGTGATAAACTTAAGTGTCTAATTTTATGTGATTCAGCTGGAATCAGGCCTAAATTGGATGCTAAAAGCACAGCAATTTATAGGATGGTTCAGATAGGTAATAGTGTCTTTGCTTTTGGATTTTTATTAAAGATTAAAGATGTTTTAAGGAATATCTTATATTTCTTTATTAAAAACAGGGATTATGTTAAAGCTAAAGGTGTTATGAAAGCAACAATGACAAAAGTTGTAAATGAGGATTTAACTTCTTATCTGCCTAAGATTAAGAATAAAACTTTGCTTGTTTGGGGTAAAAAAGATAAATTAGTGCCAATAGAATATGCTTATCAGTTTAAGGATAAGATTAAAGATTCCAAACTTGAAATTATTCCAGGAGTTGGACACAGCCCTCATTTTAGAGCTTCTGAAAGATTAACAGAAATTATTATCATGTTTTTAAATGAATTATGATATATTTTCTAAGTTTTTTTTGGTTTTTAAGACAAATTAAAGCAAATTTATTCTGGCTTTATCTTTGGCAGTTAAAAGAATACCATATTGGAAGGTTTATTGATCATTTCAGAACTTATAAAGGAAAAAGGTTGTTTTTAAATAATTTAATGTTTGTTAAATTGTTTTTGCTTTTTCTTGCTTATGACTGTCCGGTTTGCTGGTCATTTTTATTAGTGCCTTTAGTATTAATCACATATCTGCTTGAATCTTCTAAGTTTGGATATAATGTAATTTTTAAAAAAAATCTTATTAAACCTGTTTTAACAAAAAAAACAATATTTTTAATTATTGTTTCTTTTATTTTTGTTTTTTGCTGGTATTTTTTCCTGTTTAATCCTGATTTAAAATCTTTTGTTTTTTATCTTTTGCTTTTTGATGTTTTAACTCCTTTTGTTATTTCTGGAATTGTTTTAGTTTTTCAGCCTTTTGTTGTTTTAATGAGAAATCAGGTTATTGCCAAAGCAAAGAAAAAAAGAGCTAAGTTTAAAAATTTGATTGTTATTGGAATTACTGGTTCTTATGGGAAAACATCTTGCAAGGAGTTTTTATATGAGGTTTTAAAGACTAAATACAATGTTTTAAAAACTGAAAAGAATCAAAATTCTGAGATTGGGATAAGCCAGTGTGTTTTAAATGA
CP179889.1_gap6	350014	353726	3712	AAGCCAACTTCATAAATGGGTAATTTTTACTCTATACTAGTTTTAATATAATATAAAAAGAAGTATGCCAAAAATTAAAGAATCAACCCCTTGTAAATCAGCGCTTAATGGTGTGGATTTATCTTTTATGAATGTACGAGAATATGAAAGAACAAAGCATGTTCATCGACTCCATCCTTATCTAGGAAAATTCATCCCTCAACTCGTAGAGGTATTTTTGAAAAGTTATTTCAAGAAAAAGGATTGGATTCTTGATCCGTTTCTAGGATCAGGAACAACGTTGATTGAAGCCAATGTGTTAGGAATGCCATCTGCGGGCATAGAGGTGTCACTTTTTAATTGTCTTATCGCAGAGATGAAAACTAAAAAATATAATATCAAATTATTAGAAAAAGAAGTAAGGGATATACTTTTAAAAACTCAAAAATACAGTAAATGGCTCATTGAAGGCACCGTTCATAATAACTTACTTAAACTCAAAGATTCTTTTAAAAAATATAAAACAAGAAGTAAGTATCTTAATAATTGGCTTTCCGACAGGGCATTACAAGAAATTTTGTTTTACAAAGACCAGATTAAGAACTATCAGAATCAGAATATTTTTAAGATTATTTTAAGTCGTGCTGCACGTAGCGCTCGCCTGATTACACACTATGACTTGGCAAGACCCAAAATGCCAATCAGAAAAGAATATTATTGTATTAAACACAAAAGAATATGTAGGCCAGTTAACGAAGCAATGAAGTTTATTAACCGTTATGGTTGGGATACTATTAGAAGAATTAAAAAATTTGATAACTTGCGAACAAATACAAAAATGAAAATTATCCAAGGAGATTCACGGGAAATTAACTTGAACAAGGTAAAAGGGTATAAAGGCGGAAAATTTGACGGTATTTTCACTTCACCGCCTTATCTTGGTTTAATTGATTATCACGATCAACATCGTTATGCCTATGAACTTTTTGGTTTTGACGATAATGGGTTTAAAGAAATTGGACCGGCCTCAAAGGGTAAAAGTATATTAGCCAAAGAAGAATATCAGAAAGACATAATCAAGGTTTTTAAAAACATGAATAGGTTCTTGAAGCCTAAAGCGAAAATATTTGTTGTGGTTAATGATAGGGATGGTCTTTATCCAGTTGTCGCTGAAAACTGTGGATATAAAATTGAAAAGATTTATCACAGACCAGTATCAATGAGAACGGAACGGGATAATGTTCGGTTTTCCGAAAGTATTTATTATTTTATAAAACAATAATATGGCGCTATCTACAGAACAATTAGAAAAAATAACGCATTTACTTGAAACTAAAATTGAAGAAAAGATAAAACGTTATACCAGAGAAACATCCTCAATGCCTTTTCTCGCTCGCTTAATTCAAGACAATGAAAAAGTAGCAGCTTATTCTTTTATTCACTCAATGGCTACAACTCTAGGGATGTCTATTTATGAAGATGTTTCTGTAATTATTGCCGAAGCAAATTCAGAAGAATGCTCTAGAAACTATGATATAAATGGTCTAATTTCTAAACAGCAAAAATCAGTTATCGCTGATATTATAAGAAAATTGAGAAATGGTGAAGAAATTGTTAATCATGAGAAAGAAGTTAAATTAGTGCTTTCAGCATCTTCAAAAGGTGGAAAAGCACAAAAAGAAGGCAAAATAGCTGATTTTTATATGTTACGTGGAGGAATAGAACATTATTTTGAAATTAAGACAGTAAAGCCGAATATCGATGTTTTTACAAAATCCAAGACTAAACTTTTAGAATGGGTAGCGCGCAGTAGAAAGCCGGTGAGAGTTTTTTTGGCTTTTCCCTATAATCCTTATCATCCGAAACCATATGAGAGATTTACGGAACAAGGAGTTTTAGAACGAGGAAAAGAGTTTTTGATTGGAAAAGAGTATTGGAATTTCCTCGGCGGAGAAAATACTTTTAAGCAAATTCTTAAATTATTTGATTTAGTTGGCAAAAACTTTAAAGAAAAAATTCAACAAAAAATTAAACAAGTTGCTGAAGAAAAAATGAAGATTTAAAATCTCAAAGTCACTCAGCAGTCTTGTTTTCCATTAACCTTTTTAGAGAATATGGCTATTTTGAGACAAAACAAGAAAAAAATAGAAGAATTAATTGAGAAATAAATCTATAAAAAGAGTTATATAAAATAAATAATTATATGAATGACCAACAAATTACATGCCCTAAGTGTCAGCATAAGTTTCCTCTTTCAGAGACATTTTCTAGGCAAATTAAAGAAAGTTTGAAAAATGAGCTTGCTGCTGAAAATAAGAAAAAAGAGAATGAGTTAAATGAAAAACTTAGAATTTTTAAGGTTAAACAAAAAGAAGAAAATGAAAATATAGAAAAAGAAAAGAAAAAATTACGAGAGAAGAGCGAGTCTATTGATAGGAAGGTTGAGAAGAAATTAAAAGAACAAAGAAAAAATATTTTAGAATCTGCTAAGAAAGAAGCTGAAAAGAAAATTAAAAAAGAAACTGATTTACAATTAAAAGACTTGCAAACACAAAACGAAGAAAAAGATAAAGAATTAGAATTAGCAAGAAAAAACGAATTAGATTTGAGAAAAAAAACAAGAGAGATAGAAAAACGAGAGAAGAATTTTGAACTTGAGATGCAAAGAAAAATGGACAAGGAACGAGAAAAATTAATTAATCAAATTAAAAAAGATGAGCAGGAAGAAAGCAGAAGAAAGATGTTAGAGAAAGATAAGCAGATAAATCAAATGAGGAAAACAATAGAAGAGTTAAAAAGGAAGAGTGAACAAGGTTCAACTCAAATACAAGGAGACGCACAAGAGGAAGATTTAAAAAGTATTTTAAAAAATAAATTTCCTATTGATGCGGTTGAAGATGTTCCTACGGGGATTAAAGGTGCCGATATTATTCAAACTGTAAATACAAATTCAGGAGAAAATTCTGGAATTATATTATGGGAATCAAAAAATACAAAAAAGTGGAGTAATGATTGGATAAAAAAACTTAAAGAAGATCAGGGAATTGTACGAGCAGACGTTTGTATATTAGCTTCTAGAGTTTTACCGGAGGGGATTAAAAATTTCGATTTTATTAATGGAGTTTGGGTATGTAATTATCACTTTGCTTTATCACTTGCTTCTGTCCTTAGATTACACTTATTGGAAGTCGGTAAAGTAAAAAGATCGCTTATTGGAAAAGATGAAAAGATGGAAGTATTATATAAATATTTAACTGGAAGCCAATTTAAAAATAGAATAGAAAATATTGTGATAGCATTTACTGAAATGAAAGGAGGGTTGGACTCAGAAAAAAGAGCTATACAAAGAATTTGGAGTAAAAGAGAAAAAGAAATTGAGAAAGTTATAGAGAATACTAGCGGGATGTATGGCGATTTACAGGGTATAGTAGGCAGATCTGCATTGTCTAAAGTTAAAATTTTAGAATTACCAGAAGCACAGGAGCCAGAATTAGAAGTTGAAGATAAAAATTAAAATTAATTAAAAAGATAAAAAACTATGGCAAAAGTAAAAGTTAAAGATGAAAAATCATCAAAAGAAGCCAAAGAAAAATTGCAAGGAACAGTTGATTTTCGAAAAACAAAACGTGGCGTAATTGTCGCAAAACAGAATGGCCAATTAAGAGGAAAAAATCAAGGAAAAATAAAAATTACAAGTTAAAAATCAAAAAATTCTAAATGAGTATGGAATTTA
CP179889.1_gap7	364362	368185	3823	TATAATACTTTTGAAAGAAAAAGCTATGATCAGTCAAAGACAAAAATCAGTACTGAATGCAATTATCAAAGAATATATTAACTGCGCTCAGCCCATCAGCTCTAAGTTTTTAGAAAAAGGGCATGGTTTTGATGTCTGCCCTGCTACTATCAGGAATGACATGGCCAAACTAACTGAACTGAATTATTTGTCTCAGCCTCATACTTCTGCTGGAAGAGTGCCCACTGATAAGGCCTACAGGTTTTTTGTTGATAGTTTACTGGAAGGAGAGATGTTAGTATTTGAACATGTTTTTGAAATGAAAGATATTTTTCAAGAGCAAAGAAAAGATACATTAAATTTTGTTTCCAAGCTGTTGAAATTTTTATCTGAAACATCATCTAGCCTGGCTATTGCTCATCTTTTTAACAGGGATTTTGTATGGAAAGAGGGCTGGGAGCAGGTATTAAAAGAGCCAGAATTTGAAGAAAAGCAATTTGTTCATTCTTTTGCAGGTTTTTTAGAAAGTTTTGAGAATAACATTAAAGATTTTGAACAGGACTGTGAATTAAGTGTTTTTATTGGCAGTGAGAACCCTTTTAAAATTCATGATTTTACCATCATATCTTCCAACTGCTCTTTTCCTGAAAAAGAAAAAGTAACATTAGCGCTTTTGGGTCCAAAAAGAATGGATTATAACAGAAACATCAGTTTAATGAATTCTTTAACAAAATTATTAGAGGATTTAGATTAATTATGAAAAAGAAAAAAGAATCAGAAACTAAAAAGCTTAAAAAAAAGATTGAAGAGATTGAAAAGCAAAAAAAAGAATATTTAGCCGGTTGGCAGAGAGAAAGAGCAGATTTTATTAATTACAAAAAAGATGAGCTTAAAAAAATTGAAGAACTTATAAAATATGCTAGTTTAGGGATGGTTTTGAAGCTTTTGCCAATCTTAGATAATTTTGATATAGCTGAAAAGAAAATATCAGAAAAAGCAAAAAACAATAAAGATATTAAAGGATTGCTTCAAATTAAAAGCCAGTTCAAAGATTTTTTAAAAAGCAGTGGCATTGAACAAATTGAGGTTTTAGGAAAAAAGTTTGATCCTGCCTATCATGAAATTGTTGAATTAGTAGAGGGAAAAGGGAAAGAATCTGGAGAGATTATTGAAGAAATTCAAAAAGGTTATCTGGTTTATGATAAAATCCTGAGGCCAGCAAAGGTCAAAGTGGTTAAGTAGTCAATAAATAAAAGTTTTTAAAATATTATTATGTCACAAGAAAAACAGCTTAATATTAAAGCGAAAAACGAAGACTTAAAAGGTAAATATTCTAACATGATGCAGGTTTTACATACAAAAGAAGAATTTATCTTAGATTTTTTCTTTGTTTCACCACCTACGGGCGGTATTTTAGCTTCAAGGATTGTAATGAGCCCCAGTCACTTTAAAAGGATGATTAAAGCGCTTCATGAAAATGTTAAGAAATATGAAAAAAGTTTTAATGAGATTGAAGAAGCTAAAGCCCCCGAATCAAACATTGGTTTTAATGCTTAAATAATAAATAAAAAGAAATAAAAATTAAAACAAAAGAAATAAAAACATGAGTAAAATTTTAGGTATTGATTTAGGAACAGCCATAACTAAGATGGCTACAATTGCTCAAGGAGAGCCAAAATGTTTAGAAACAAGAGAGGGTTCAATCTTAATGCCTTCTGTTATTGCATTATCAAAAAACAATGAAAGAATTGTTGGTATTTTAGCAAAAAGACAGGCAATCACTAATCCTAAAAACACCATTCATTCAGTAAAAAGATTTATTGGAAGAAGATTCTCTGATCCAGAGGTTCAGAAAGAACTCAAACGTTTATCTTATGAAACAAGAGAAAGGAAAGATGGTGGCGTTGAGGTAAAGATGGGTGATAAGTGGCACAGTCCAATTGAGATTTCTTCAATGGTACTTCAGAAAATGAAGCTTGACACAGAAGAAAAGCTTGGTGAAAAGATAAAGTCAGTTGTGATTACCTGTCCTGCTAATTTTGATGATTCTCAGAGAACAGCAACTAAAACTGCTGGAGAGATTGCTGGCTTTAAGGTTTTAAGAGTTATTAATGAGCCCACTGCTGCGGCTTTAGCTTATGGTTTGGGCAAGAAAAAAGAAGAAAAAGTAGTTGTTTATGATTTTGGAGGTGGTACTTTTGATGTCACTATTTTAGATCTTGTTCCTGGTGAAAAAGAAGACACAGTAGAGGTTTTAGCAACAGGAGGAGAGGCTCATTTGGGCGGAAATGATTTTGACCGGAACATTATGGATTGGATTGTTGATAAGTTTAAAAAAGCACAGGGGATTGATTTAAGCAAAGACCCGTTGGCTCTTCAAAGATTAAAAGAAGCTGCTGAAAATGCCAAGATTGAGCTTTCTTCAGCCCAGGAAACTGAAATTAATCTTCCATTTATTACATCAGATTCAGCTGGCCCAAAGCATTTAAACTATAAGATTTCAAGAGCTGAACTTAATAATATGAACAGGGATTTAGTTGAAAAATCAATAAACAGGGTGGCTGAAACTTTAAAAGAAGCAAAGCTTAGTAAAAACGATATCAATGAGGTGATTTTAGTTGGAGGAACAACCTTGGTTCCTGCTGTTAAAAATGCTGTTAAAGATTTCTTTGGTAAAAGCCCTAATACTTCAATTAATCCTGAAGAGGTTGTGGCCATGGGTGCTTCTATTCAGGCAGAAATACTCAGAGCCAAAGAAGAGGGTCGTGCTCCAGAAGGTGATATTAAAAGCGTATTGCTTTTAGATGTTTTGCCGCTGTCATTAGGAATTGAAACCTTGGGCAGTGTTCATACAACCATGATTGCAAAAAACACCACTATTCCTACTTCAAAAACACAGGTGTTCTCAACTGCTGCTGATAATCAAACATCAGTTGAAATAAATATCTTGCAAGGTGAAAGACCAATGGCAACTGACAACAGGTCGCTTGGCAAGTTTGTTTTAACTGGTATTTTACCGGCACCTCGTGGTCTGCCTCAGGTTGAGGTTGTATTTGATATTGATGCCAATGGAATTTTAACTGTAACTGCTAAAGATAAGGCTACTGGCAAGACCCAGTCAATTAAAGTTGAGGGTTCAATAGGTCTGTCAAAAGAAGAAATAGAGAAAATGAAAAAAGAAGCAGAGATTCATGGGGAAGAGGATAAAAAGAAAAGGGAATCCATTGAAATTAAGAATGCAGCTGACTCTTTGATTTATACTACTGAAAAAACATTAAAAGATATGGGTGACAAAATCTCAGAAGATACAAAAAAAGAAATTGAACAAAAGGTTGAAGCTTTGAAAAAAGCAAAAGAAGCTGATAATATAGATGACATAAAAACTAAAACTCAAGAATTATCTCAAACAATTCAAAAGATTGGTGCTGAGATTTACAAAAAAGCAGCTGAAAAGAAAGAACAGCCAAAACAAAAACCTGAAGCAGAAGAAGGAGAGTATAAGGAAAAAAAGTAAATAAGCCTATATGTCAAAAAATTATTACAAAATTTTAGGTATATCGCAGCAGGCCTCTCAGTCAGAAATTAAAAAAGCTTATTACAAACTAGCTCATAAGCTTCATCCTGACAAGGGCGGAGATGGAAACCAGTTCAAGGAAATAAATGAAGCATATAAGGTGCTGTCTAATAAAGATAAAAGAGCTCAGTATGATAAGTTTGGCAGAGTTTTTGATAAGGGAACTGGTCCTGGATTTGATTTTCAATGGAGCTGGGGTAAGCCAGGGGCTGGTTTTGATTTTAACATAGAAGATTTAAGTGATTTAGTTGAAGAAATGTTTGGCTTTTC
CP179889.1_gap8	370613	373412	2799	GAATTTGATTATTGTTCCTGGGTTGCCTGTATATGCTGCCCACAAAAATCCATCGTTTTGAAATACGCCATAGCACCGGATTGTTCTTTGGGTTGACACTGGGATATATGTTAGGTTGTCAAATATTTTATAAAGAAACGATACAGCGCCGAGGTGCTGATTTTCTGAACCCACATACAATGCATCATCAAGATAAGTCATGTCGTCAGTCACCTTTTTTTTCATAGTAACTGATTCGTATTTTTCAGGATTTTCTGGATTTATCCTAAATATTATAGTGTTTCCTAGGATAAGGGAGGGACAGGAACCCCATAAATATCCATTGCCACTGGTTAATGCGTGAAACTGGTTGCCCGTTGGATAATCATAGATTATATAACTGTAATCGTTAATATTTATTTTTGCTATTTTTCCAACGCCACCTCCAGCCCATAAATAGCCAAAGTCATATAGGAGTGAACCTCCATGACTCATTTCCTTAATTTCAATGGTTTTCTCTACTTTTAAGTTGTCAGGATTTATCTTAATGACTTTTGTCGGACCATTGTAAATGATTACAAAGATAGAACCGTTTGCTTCAATAATATCTTCGCCATCATTTCCATCTAGGAGTATTTTTTCATACTCCAGCGTATCAGGATTCATTTTTATAACCCTGGCTGGATTGGTTCTCGTTGAAAACCATAATGAATTATTATAGTATTCTGAACCATGAATTTGATTATCTCCATTCTTGAGAGTAATTGTTTCAAAGTTTATTTCAGGACTTTGTACAGAATCAAAATCCAAAAAAATCGATGGTTGTTCATAAGTCAAGAATAATGGTAAGGAAATAGCAATTATAACAAGAAAGATTACAGGAGTTGCATAGGGAACCCATTTCATTTGTTTAATTTTAATACTCATTTTATCACTTCTAATCCATATTTTGTTTTAATGTTCTTTATTATATTTCATCACATATTACAGGGCCTTGTCAAGTCAAGAAATGGTTAAAATTGAAATAAACAGTAAAATGCTTGGGGTTGTTAGGTCTGCTAAAGAATAGTATAATTGGCATAGGTAATATCTATCTTTAGATTAATATGAATCTTTCGAAAAAAAGAAAACTTAATTTAGTTGTTTTAGTATCTTTCATTCTCATTAGCTTTGGAATTGGTGTTTGGTTTGGAAGAATTCAAATTATATGTGATGTTTGCCCGCCAGAAGATGTTAATTTCTCTCTTTTCTGGCAAGCTTATCAAAAGATTCAAGAGAAATTCGTGGACAAAGACAAAATCAATACCCAGGAAATTATTTACGGAGCTATCTCAGGAATGGTGAAGTCATTAGATGATCCTTATACAGTGTTTTTTTCTCCTCAAGACACAAAAAGATTTGTTGAAGATGTAAAAGGTGTTTTTGAAGGAGTGGGAATGGAGATAGGTATTAGAAAAGGACAGCTTCAGGTTATAGCTCCTTTAGAAGGCACTCCAGCCCAAAGAGCAGGATTATTGGCAGGAGATAAGATACTGAAAGTTGATGATACTCTAACAGCTGATATTACAATTGAGGAAGCTGTTAATCTGATAAGAGGCCCAAGAGGAACAGATGTAGTTTTAACAATTTACAGAGAAGATTGGCAGGAATCAAAAGAAATTACAATTACAAGAGGAGTTATAGAGGTTCCTTCTTTAAGATGGGAGCTTCTTGAAAATGACAGCATTATTTATTTGAAACTGTATCAATTCAGCCAGAAAGCAGGTTTTGATTTTAGAAGAGCTGTTATTGAGATTGTTGATACTCCTGCTAAAAAAATCATTATAGATTTAAGGAACAACCCAGGTGGCTATTTAGAAATAGCCCAGGATATTAGCAGCTGGTTTTTAAAGGAAGGAGAATTAGCTGTGATTGAAGAATTTGCTGACGGAGCTAGAATAGAGTATAAGGCTAATGGCAACCCTGTATTTTTAGACTATAAGATTGTTGTTTTGATTAATAAGGGTTCAGCTTCAGCTTCTGAAATAATGGCAGGAGCTTTAAGAGACAACCGTAATGCCCAGCTAATAGGAGAAAAATCATTTGGCAAGGGTTCAGTTCAAGAGCTGGTTGAATTAAGAGGAGGCTCCAGTTTAAAAATCACAATTGCAAAATGGTTGACTCCTAAAGGCCATCTTATAACAGGAGTTGGACTAGAGCCTGATATTGAGGTTAAAATGACTAGTGAGGACTATGAGCAGGATAAAGACCCGCAATTAAATAAAGCTATTGAAGTGCTTAAAACTCTGTAGTAAACTAATCCTGTAAATATATGCGTATTATACTTTTAAAAGACATCGAGAATCTGGGCAAGAAAAATGAAGTAAAGGAAGTTAAAGATGGTTATGCAAGGAACTTTTTAATACCAAAAGGATTAGCAAAAATAGCAACAAAAAAAGCTATAGAACAATTAGAGTCAGAAAAAGAATTAGAGGCCCAAAAAGCAGAAGAAGATCTCCAAAAGGTTCAAGCTCTTATTGAGAGCATTGAGGGAAGAGAGTTTATTATTACAGTTAAGGTTGGTGATGAAAACCAGCTTTTTGAGTCAATAACTGAGCAGAAAATCCATGAAGCCTTAAAACAATCAGGTTTTGATGTGAAAAAAAACCAGATTGAAATTAGTGAGCCTATTAAAGAGCTGGGAGAGTTTTCAGTTAAAATTAAGTTTGAGCATAATTTAGAAGCCCAAATCTCAATAATAGTAGAAGAAGAGAAAAAATAAATGCCAAGATTTATTTTTGTTGCTGGCGGAGTAATGTCTAGCATCGGAAAAGGCATGAA
CP179889.1_gap9	375236	379400	4164	AGCTGTTTGTTTCAGCTTATATTTGGGGCTGGTTTAGAGCCAGTTTTTTTTATTTAAAATAGACAAAAACTTCTTAAAAACTTAAAATAAGAACCATGAAACACTTCGTGTTTCAGAACCTTGACTCTACGAATTAAGAACCTCGTAATTAATTTCACTCCAGGGCAAGTTTTTCTTTCTGTTCTTTTTTTAGGCATATTGTTGTGTTAAAATAGTACAAACAAGTATATATAAACAATTTATTAACCAAAATTAGCAAAAGCTTTTGATTAGAAATTTATTTCTAATAATGAGCTTTCAGCTAATTTAAAAACATGAACAAAAACAAAACACAACAATTATCACTAATATTAAGCGTTTTATTATTATCATTATTAACTGCTTTTCTTGTTCTTGCTTGGACTGATGCTCCTGAGATTCCGCCAGGATGTCCTTCAGAGTATCCAGGCTGTGATGCTCCAATAAATATTGGTCCTGCTGACCAGACCAAAAGTGGAGGATTAGAAGTAAATTTCCTGTCAGTAAGCTCAGCTGACAGTGATAAAATTAAGTTTTTTGGAACCCAAGTTGATCCTCATACTATTTGGCTAGGAGATAGTAAAGGAATAAGATTCTGGGATGATATTAATGGAGAATTAATGAGAATTACTAATACTGGCAACGTTGGTATTGGGACAGTAGCTCCAGAGGCAAAATTAGATATTGCTGATGCTGGCACTTCAGCAGGAGCTCAATTCTTAAGAATGGGAGATGATACATTTCTTACAGATATTGATACGGCTAATACTTTGGGAATTTATGGTATTCAAAATGATACCCAAGCCCATATAAAACTTGGCTCTTCAGGACCGATTATATCAGGATATGCTGGTAATGTCGGCATTGGTGATTCAACGCCTGATTATACGCTCGATGTTGCAGGCACAGTAGGATTAGATGACGACCTTACAGTGGGTGGTGGAGATATAACTGGGAAGAATGGTGAATGGATAGATATTGGAGAGGCAGAAGCTGATTCAGTGCAGATTTCAAATCATCTTGTCATCGGTGCGAATGATACGATTGATGACGATACATCTATTGGAGGAACTGCAGATGATTGGATTTCTTTAAGTGGATATATTGAAATGAGGTCTAATACTGATAGCTATGGAATAGTTTTAAGAGATAAAGACACATCAAGCTATTTTGGTATTACACAGGTTGGTGGTTATAGTTATTTGACTGACAGCAGTAGTTATAGTAATTATTTTTTAAGAGGAGGCGGGGCAAACGTTCATGTCAGGGGTGGTATAAGCATGGGTGCGCAAACTAGATATTATTCTCTTGCTCCATCTGATTTTACTGCCAGATATCCTTCCACAGACATGCACACAATAAATCCGAGTCGCGTTGAAGCTGATTGGGATGGTATATATTTTTCTGCTCCTGTTCACTTGCCTCATGGTGCTGTGGTTACAGGAGTTAAAATATATGGAGATGCTAGCGCTGCCGCTGAATGGATGTATATGAAAAGAGAGGACAGAGGGACAACTTCTTATGGTATGGCTTCAGCACATATAGGAACCCTAGACGCAAGCATAAGCTATGCTACAATTGATAATTTAAATTATTCTTATGTAATTTCTACAAGTAGTTTTGATAGAGACGATTATATATATGGAGGTTATGTTAGATATACTATTACTTCTCCGTATCCTTAATTTTTGTTTTTTTTATTGCTTATATTTATAAAAGATTTTTAATTGGATGGTTTAGTTAAAATATTGTGATGCATTATTGTTTTAATTGGTTAATAGAATTAAGAAAAGAAAAATTAGTGAAATAAAAAAAAACAGCTTTTAGACTGTTAATATTAACTCTTTTAAAAACATCGAAAGCTTTCTTAATCCTTTTATTACTGTAATTCCTATTAAAGGGAAACCACCGAAAATTAAGAGTGTTTTCCAAATTCTTTTCAAATAGATTTCCCACCCGGGACTAGGGTAAAAAATATACCAGAGCACCTCTAACATTACAAGAATACTTAAACTTGTAATGATTATTATTTCACCACTGATAAAATTTTTTAAATAATTATCTTTATCAGCTTTTTGAAATCTTTTGCTTTTTTTTAGCAAAAGGGAGGCTGGTAGAAATCCGATCACACTATAGCTTAATCCTGCCACTATTCCCATCATTGGTCCTGCTATCAAAGCAACACTAATTTGGTCAAGAGAATTAAGAAAAGTGAACCCTATCTGTCTTTGGGTTAATACTCCTATTATTCCTTGGATTGTGTAAGATATAGCCCCTCCGATAATAATACTAATTACTGGTAGAAGAGAAAGGGATGTTTTCAAACTTTCTTCTTTATCTTTTGAGTTCAAATTTATTATAACCTCTTTCTTTTTAAGTGCTTTATCGTATTTTAATATTATTTATAGATTTGTCAATAGCCTGTACTAGTTCATATGATATCCTCCACTTAGGTACTTTAAAATTCTATGAAAGGAAGATATTCTGGAGCCATAGGAATTTATATTAGTTTTTCAGCATCAAGGGTTTTCCGAGTGCTGTTGCTAATATTTATAAAAAATTTTTAATTTGGTGGTTTATGAAATATTGTAATGTATTATTGTTTTAATTGATTTATTATTTCTATTGAAAGTATTAAAATAATAAGGATTTATTAAAAAAACAATACATTTTTCAGTTTATTGTTCTGTCGGTGATTATTCTTTCTTATAACGTCTTTTTTTATTACAGAAACACAGAAAATTTAAGTATGGGGATAAACTTGGCTTATCGTAAAGTATAAATCATAAATTCTAAATTTTGGATTTCGTGCTTCAAATTTGTTTGGAACTTCGTATTTCGTACATATTTGGTTATTCATTGAAAATTGGAAATTGTGAATTGAAAATTAAGTTGGACGGGCTAATCCTGTCCAACTTTAGTTTATTTAAAATAGACAAAAACTTCTTAAAAACTTAAGATAAAGGATTACTATGAGTAAAGTATCGAAAATAATAGTTGAGAGTGATTTAAAGAATTCAATTGCAAAAGCAGTTAAAGAGATTGGCGGGTTTGAAAAATTTGTTAAGAAAGGAGAAACAGTGTTATTAAAACCTAATTTTAACACTGCTGATCCGGCTCCAGCATCAACTAGTTTAGATTTTTTAAAAACTGTTGTTGAACTCACTTATGATTGTGGAGCTAAGATTGTAATGATAGGAGACTCTTCTACCATGAGCTTAAAGAGAAGCGTTTAAGGGTCTAAACTACATTCCTTTCAATATAGAAGTCAAAGTTTAACTTTGGCTTTTTTTGTTATGTGGTAAGATGAAAATGGATACTAAATACTTGAGAATAAAAAGGGGCAATTCTGACTATTCTCAAGTAATAGTATCCAACAGAATTGCTCCTTTTTGTGTCGTTGTGTAGTTTGTGCTTTTAAGAAGATTAAAATAATTCACAACAAATGGCAGAGCTACAAGAATTATTATTTACAAAACATCTAAAAGATTTTGATAGTTATATCAGGTTTAGAAGCAGAATGGCCAAATTCAAAACACCTTTGTATAACCAAGCCGAAGACGTGGCTCAAATGATACGTATTAAATTATGGCGAAGATACCCATATTTTTTAACAAAGTGGCGTGGTAGTTTCTCAATGTGGGGTAAGGTTCTGATAAGATGTTTATTTTGGGAAATAGCACATAAAGATAAAAGAGAAATTTTATATCATAATGACGGACTGGGAAGACGCAGAGATACATTAGATAGCCAGTTTGAGAGAGCTAAATCAAAAGCAAAGGGAGGTGATAGCGAGGGTGGAGATAATTATTATGAAAACTTAGGAGATGAGAATCGTTGGTTAAAAGATTTAATCTGTGAGATAGACTTCAAACGAGCTTTAGTTTTAGCAAATATAAAAATAGAATATCTTGAAATCTTATATCTTAGAAGTCTGGGATATAAAATTAAAGAAATTGCTGAAGCAAAGAAAACAACAAAAGGCAGGGTAAGAGGAATTTTGGAAAGGGTAAGAGCCAAGATAACAAAGTCAGGTTTTAATTGCCGATTAGAATTAACGCCTGAGCAAATGGAAAAAAGGAATCAGAGAATTTGTCAATTATACTTTTTTAACAAAGTGCCGATAGTAAAAATCCAAGAGCAATA
CP179889.1_gap10	534015	534583	568	AAACCCTGCTGATCAGCTGTCATATCATTGAATTTCTTACAAAAACCAGGAATATTTAATCCATGCTGAGCTAAAGCTGGACCTACTGGAGGAGCTGGAGTGGCTTTGCCTGCTGGAATCTGTAATTTAATTTTTGCTATTACTTTTTTAGCCATAGTTTACATTTTTTTAATCTGTAAAGAGTCCAGTTCAACTGGCGTGTCTCTTCCAAACATATTTACTAAAACCTTTACTTTTCCTTTCTCCTGGTCAATTTCTGAAATCCTTCCATCAAAATCCTTAAAAGGACCATCTGTAATCTTTACTAAATCACCACGCTTAACCTCAATTTTATACTTTGGTTCTTTGTCCTCCATTCTCTCCATTAAAGAATCAATCTCTTTTTTAGAAACCGGAATAGGGGTGGTTCCAGCGCCAATAAAGCCAGTAACATTTGGGGTGTTTCTTACAACATACCAGGAATCATCAGTAACAATCATCTCAACTAAAACATATCCAGGATATATCTTTTCCTCAATTGTTTTTCTTTTGCCGTCTTTAATCTTTATTTTCTTTTCCTTAGGAACAA
CP179889.1_gap11	565794	569451	3657	TTTCCCATAATTTAAAATCTGGGGTTCTTCATGTAAATCCCTGCCAATCCCATGGCCACATAAATCTTTTACCACAACAAATCCCTGGCTTTTAATATGCCTTTCAATTGTATTTGAAATATCCCCAAAAGTGTTTCCAACTTTAGATTTTTTAATTCCCCTTTTAAGAGCTTTTTTTGCTGCTTTAATAAGCCGGCTTGCTTCAGGATCAACTTCTCCAATACTAATTGTAATTGCCATATCAGAATGGAATCCATTTTTAAAAAATCCCAGATCCAATGACAAAACATCTTTTTCTTTCAAAACCCTTTCAGATGGAACACCATGAACAATTTGCTCATTAACTGAAGTGCAAAGCGTTGCTGGAAACCCCTCATAGTTTTTAAATGACGGCTTGCCTTCATATTTTAAAATAAGGCTCTGAGCAAGCCTCTCTAATTCTAGAGTAGTAATTCCTGGCTCTACTTTATCTTTTAATTTATTTATTATGGAAGCCAGAATCTTGCCATTTTCTCTCATTATTTTAATTTCTAAATCACTTTTTATTGGAATCATTTTAAAGCTTTTAAAATACTTTCAAAAACAACGGCTGGTTCTGGAGAGCCATCAATTTTAATAATTTTTAATTCTTCTTTTTTGAAAAATTCAATTAAAGGACTGGTCCTGTCTTCGTATTGCTTTAATCTCACTTTAATTACTTTCGGATCATCATCTTTTCTAATAATTAACTTTGAACCGTCAAAAGGGCATTTAGTAAGCTTTTCCGTCTCCTTGTTGTAAATCACAGTATGACGAGCAAGCTCGCAAGCTCTTCTATGAGAATTTCTAAAAAGAGATTCTTTTTCGCTTAAATCAATTAAAACAACCTGTAAATTATCAGCTCCGCAAAGATCTTTTAAAAATGGAATCAACCCTTCTCCTTCATATAATGTTCGAGGAGAACCATTCATAATTATCCCCTCTTCTTCTTTAATCAGATTTTTAACCTCTTCCTTTATCCAAAAAGTTATTAAAGGAGGGCTCATTAAAATTCCAGAATTAAACCTATTCTCTTCTTCTAAAAGAGAATACTTTTCCCCTTCTATAATCTCAAAACTACCTTTTTTAACGTTTGTCAGTTTTTTCCGAATAATCTTGGAGGTTTCAAGATGATAAAAACCAAACTTTTCAGATAAAAGCTCTGCTTGAGTTCCTTTTCCTGCTCCTGGCGCTCCTAAAATAATTATTACTTTTTTATTCATTTTTTTTAATTTTTAAAATGTTTCATATTCTCTCATTTCCAGCTGAGCTTCAATTTCTCTCATTGTTTCCAGAGCAACAGAAACTAAAATAAGGATTGAGGTTCCGCCAACTAAAAAACTAAAAACAGCAATATTTGTTATTACTTGAATAATTGTTGGCATAAGAGCAACAAGTCCTAAAAACAAAGCTCCAACAGGTAAAATCCTGTTTAAAACAAATTCTAAAAACTTGGCAGTTGACTCACCAGGCCTGATACCGGGAACAAAACCACCCATTTTCTTCAAATTATCAGCAATTGATTTTGGTTCAAAAGTAATAAGAGTATAAAAATATGTAAAAACAAAAACCAGGGCAAAATAAGTAAGGCCGTAAGCCCAGATATTATTGAAAAACCCTTCAACAAGCTGGGATATCCTGCCCAAAAAACCTCCTGCCCCGGTAAAAAAACTGGTAATCATGGAAGGAAAGGTTAAAATTGACAGGGCAAATATAATTGGCATTACTCCTGCCGGATTAACACTTAAAGGAAGATAAGTAGATGAACCGCCATAAACCATTCTGCCTTTAACTCTCTTGGCATATGAAATAGGTATATTTCTTCTTGCCTCATTAATTAAAACAACTCCAGCAATAATTAAAAGCGCCATTACAAAGAATATCAAATAAGATGCAAGCATTGATGGTTCATAGACAGCTATCATTTGTCCAATATTTCTTGGAAAATCAGCAATAATTCCGGCAAAAATTAGCAAGGATACTCCATTGCCAATCCCTTTTTCTGAAATCAGCTCTCCTAGCCACATTAAAAAAACACTGCCTGCAGTAATTGTTAAAATAGCGCTAATCTTGGCAGCAAAACCAAATTCTGCAATTATCCCCTGCTTTGTAAATAGTGTTAGCATTGAAAAGGCCTGAAGAACAGCTAAAGGAACAGTTAAAATCCTTCCGTATTGTTCAAATTTTTTCTTGCCCTCTTCCCCGCTTTCTCTGTAAAGCTCCTCTAATTGAGGAAAAATCATTGTTAAAAGCTGAAGGATTATTGTTGCAGTAATATAAGGACCCAAGCCAAGCATAACAATAGAGAGCCTTTCCAAAGCGCCACCAGTAAAAAGATTTAAAAGACCAAGAACCTGAAATTGTTCAAAAAAACTCTTCAGGTTCTCAGGATTGATGCCAGGAATTGGAATATTTGCCATTATTCTAAAAAGGGCAAAAACTCCTAAAACAAAAAGAATCTTGTTTCTTAAATCCTTTATTTTAAATAATTGAATAACTTGATCGTACCACATTTATATATATTAAAATTTAACTGCTCACTGCTTAATTATTCCTTTTGCTTTTTTAATCTTCTCTTCTGCTGATTTTGAAACCTGGCAGTTTTTAATAATCAATTCTTTTTTTAATTCTCCCCTGTCTAAAATCTTAACCTTGGGAATTTTCCCTTTTATTCTACTAATTAGCTTTTTTTTAAGCAAGGTGCTTGGAGAAATTAAATCTCCTTTTTTAAAGTTTTTTTCCAATGTTTTCAAATCAACAGTTGCTGGCTTTGGAGATCTAATCTTAAATCTATATCCCCTTAACTTTGGATATTTTTTAATCAACTGCCTGATTGAAGGCACCATCTGACGGCCGGCACGGGATTTCTGACCCTTAATGCCTCTGCCAGAATAAGTTCCTCTTTTTCCGCCCCTTCCAATTCTTTTTCCCTTTTTCCTTTTATGAGTTGGTTTTAATTGATGAATCTGCATAGTTAACAAAATTATTTTTTTGTTTTTAATTGTTTCAGCGCCTTAATTACTGCCATTGCATTATTAAGCTTGTTAGTTGTGGTTCCTAAAACTTTGGAAGAAATGTTTTTCATTCCAGCCAAAGAACAAATCACTCTTACTGTTCCTCCTGCCACCAGACCTCTTCCTTTTTTCTGAGGCTTTAAAAGCACTTTAGCTGAACTGAATTTAGCAAAAACCTCATGAGGAATTGTGTCATTTACAATAGGTATTTCAATTATTTTCTTTTTTGCCAGCCGGGTTGCTTTTTCAATTGCCTTAGCAACATCAAGACCAGCAGCACTGGCTACCCCCACTTTTCCTTTTTTATTTCCTACCACCATTACTGCTCTGAATCGTATTTTCTTACCACCTGCTCTTGTATGTGAAACTCTGGCTAAATCTAAAAGCTTTGAATCAAATTCATCCTTAATTCTCTTATATTTTCTCATTACTCTTCTCATATATTTAAAACTTTAAACCTTCTTCTCTTGCCCCATCAGCCAAAGCTTTAACTCTTCCATGGTATTTATATCCTCCCCTGTCAAAAACAATACTCTCGATCTTTAATTCTTTGGCTTTTTTAGCAATTACTTTTCCAACCTCAAAAGCTACTGATAATTTAGAAGAAAGAGGTTCTTGTTTTCTT
CP179889.1_gap12	578770	580997	2227	GACATGGGGTTTTGATCTTATAAATTTTTGTTTTTCAGCCATTGTTTTAATAAAAGTTTAAGATTAAGAGTTTAGTTTTTTAATTAATCAATCTCCTAAACACTAAGTCTTAAAACCTATCTATAATATTAATTATTTATTGTTTTATAGCAATTTTTTAAAAAATTAGCAATACCTTAAAATAGAATCAAGATCTATTTCTTTTTCCCTTCAATAATATCCTTAGCTATATTTTTAGGTGTTTCCTGATAACTATCAAATTCCATTGTAAAGGTTCCCCTTCCTTCAGTCAAGCTTCTTATAGTTGTAGCATAACCAAACATCTCAGATAAAGGCACACTGGCATCAATAATCTTAAGATTTAACCTGTCTTTGGTTTCTTTAATCTTACCTCTTCTGGCTGATAAATCACCAATCACATCACCAAAAAAACCTGTTGGGATAACCACTTCCAGCTTCATGATTGGCTCTAAAAGCACTGGATTTGCCTTTCTGGCTGCTTCTTGAAATGCCATTGAAGAAGCTATTTTAAAAGCAAACTCAGAAGAATCAACTTCATGAAAAGAACCATCATATAAAGTAAGTGACAAATCAACCATTGGATAACCTGCTACTATACCTTTTTCCATTGCTTCTCTGGCGCCTTTTTCAACTGCTGGAATAAATTCCTTTGGTATGGTTCCACCTTTAATCTTGTCAAAAAACTCAAAGCCCTTTCCTCTTTCTCTTGGCTCTACTCTTATTACAACATGACCATACTGCCCCCTTCCTCCTGATTGTCTGACATATTTACCTTCTGCTTCAGCCACTGCTCTTATTGTTTCTTTGTATGCAACCTGAGGCCTGCCAATATTAGCTTCAACCTTAAATTCCCTCTTCATCCTATCAACAATAATCTCTAAATGAAGCTCTCCCATTCCAGAAATAATTGTTTCATTGGTATCAGGGTCAGTTCTCACTGTAAAAGTAGGATCTTCTTCAGATAATCTTTTGAGAGCAACTCCCATTTTTTCTTCACCATCCTTGTTTTTGGGTTCAACTCTAATTGAAATAACTGGTTCAGGAAAAGTTATTTTCTCCAGTATAACAGGATTATTTTCGTCGCAAAGAGTATGACCTGTTGAAGTGCTTTTAAGCCCTACTGTAGCAGCAATATCTCCTGCATAAATCTCATCAACATCTTCACGAGAGTCAGCATGCATCTTTAAAATCCTGCTTATTCTTTCCTTATTATCAGTAGCAGTATTTAAAACATAGGAACCCTTTTTTAATCTTCCTGAATAAACTCTGAAATAAGTTAGAGACCCAACATAAGGATCAGTGGCAATCTTAAAAGCTAAAGCAGAAAATGGCTCATTGTCATCAGTTTTTCTTTCAACAACTTGATTTGTTTCTGGGTCAGTACCCTTAACAGGAGGAAGATCAATTGGGCTTGGCAGATAATAAATTACTGCATCCAGTATTGACTGCACTCCTTTGTTCTTTAAAGATGAACCGCAAAATACTGGCACCAACTTATAACTTATTGTTGATTTTCTTAAAGATTCTTTTAACTGGTCAATAGATATTTCCTGTTTTGCTAAATACTTTTCTAAAAGCACCTCATCTTCTCCCGCAATTTTCTCAATCATTTTTCCTCTCCACTTTTTGGCTTCTTTTAATAACTCAGAAGGAATTTCTTTTTCTTTAACTTCTTCGCCAGAATCCCCTTCAAATCTAATTGCTTTCATTGTTATTAAATCAATTACACCTTCAAAGTTTTCTTCTGCGCCGATTGGAAGCTGAACTGCAACAGCGTTAGGGGTTAATTTCTCCAAGATTGACTTTAAACTCTCATAAAAATTTGCGCCCATTCTATCCATTTTATTAATAAAACAAATTCGTGGAACTTTAAATTTATCAGCCTGGCGCCAAACAGTTTCTGATTGTGGCTCCACTCCAGCTACTCCATCAAAAACAACCACTCCGCCATCTAAAACTCTTAATGATCTCTGGACTTCAGCTGTAAAATCAATGTGCCCTGGTGTATCAATAATATTAATTTTGTATTCTTTTTCTCCTTTTTGAGCTAAATCTTTAGGCAGCCAGGAACAAGTAGTGGCAGCTGAAGTAATTGTAATTCCTCTTTCTCTTTCCTGATCCATCCAGTCAGTAATAGTTGTTCCTTCATCAACACTGCCAATCTTATGAGTAATGCCTGTGTAATACAAAATACGCTCAGTTGTTG
CP179889.1_gap13	603887	607648	3761	ATCGCTTAGTTACTGAAGAAACAATGGATAACTGACCATAGCTGGAGTAATTGTCTAAAATTTGGGTATCAGTGTTGTTATAAAGTCGTAAACAGTAACTAGTGTTTTCTGCAGCATTAGATGTCTCAATCATAAAACCAAACTCAGTGTTATAATCAATATCAAGAGTATGAGCAGAGCTAGTGGAGACGTTTTCATGCCATGTCCCATTAGTAAAACCAGTACACCCATCATCACAAGAACTGGTAGTGTCAGTAACAGCAGCACTAATAGCATCTCCGTTTACTCCAGCCAGACCAAGAGAATAAGAAATGGCTGTAGTACCGGTGGCATCATACCAGGTCTCAGCTGCTGAACATCCAGTTCCGAAAGTTTTAAACTGAAGCTTGTAAACTTTGCTTGTAGCAGCAGCAGTTCCAGTATTGTCTAATTGAACCCTCCAGATAGCCCTCTCTCCTTTTTCCATTGTTAAAGAAGTGTCAGCATTAGCAGAATTAGTGTTTGAATTGACATTTGCTCCATTATCATTCTGCCAACGGTAAGAACGTTGGTTGAGAATCGGGCTAACTAGCGTATAAGTAATTCTCACTGGTATCCAATCATAAGAATTTGTTCCTGGACCACCCTGTTGATCATGTCTTACCCTTACCCTAAAGTTAGTATTATTTAATTTTGTATCATCCCAAGTAGTAGCAGAAGTAAAATCCCAATAAACTACAGTTTCACCATTACAATCACTTAATGCTGAACTTACTTGCTCAGCGCTCCAGTTACTTCCTCCTCCATCCCAGGAAACTGAAATTGCTATTTTCTCGTCTCCGCACGCTTCGTAACCAACTTCTACTTTATCAATACTATTACCCGATAATGAAATATTATAATCGTAATAATCATGAGAATCATCATTCGGTAATGAAGTGGCATAACTATCGTTTGAACTATAAGCATTGATTGGATCAGTAAAACCACCCACTACTGCTGCATTGTTGGTGGGACTATAAACTGTTTCAGCAGCTTTTACTTTTTGCGACTCTGACCTAAAATTAAAAATTGGCCCCATAAAGGAAAGAATAAGCACAACAATCAAAACCAGCGAAACAATCTGTTTTGAAGAAATTTCATACTTGATTTGTTCTGGCCATATTCTTTTTATCGTTAACGTGCTTTTCTGAAATATTTCTTTAGCTTTTACAACACCTTCAATATAGTTACTGAACGCGCCTGATATTTTCCCGTCTATTTTCTGAATTCCCTGCTTAACGCTTACTCCTAGCTCGTTTTGATACCATTCAATAAAATCCATAAAACCCAGCACTCTTTCTCCAGTTGAGTTCAATGCTTTTTTAAAAACCTGTTTTTCATCATTGCAAATTTCAAATAGTAATTTTCTATAATAAACAAGCAGTGCTTTGGTCTTTATTTTTATTCTTTCTTTTTTGTAAACAATCCTGTGCCAAAATCTAATTTTTAAAAGTTTAAAATGTATTTTAAATTTAAATAATTTTAAGTTTATGTTTTTGAAAATGAAAGCAAGAAGTTGCCTTCTGTGATTTATTTCACTCTTCAGCAACTTCTTTTTTTCTTCAAATGAAAATATGAATGATTTGTAATTTTTTAAAAATATTTTTTTATTTTCTTTTTTAAATAAAAATAAATATTTTTTAATTTCTTTTTCTGTTTTAATTCTTTCTTTTATGAATTCTTTTTTGTACTTGCTAAATTCATACCTTATAATTTTTATTTTTTTACTGGTAAAACGAATTGTTAAAGATCTTTGTTTCAACAAAGATCTTTCTAATATTTTAAATCTTTTTTGATAATCACAAGTATATTTTTTGGATAGTTTTTTATACTCATGAATATAATCAGAAATCGCTTTTTTAGCTTTATTTTTGATTAAATTTGCTTTTTTAGGTGCTTTATTAAAAACAGCTTGGAAAAACAATTTTTCCATTTCTTTTTGATAGCTTTCAAAAAAATCAATAAGTTTTAATGCTCCGTTCCCAATAGAATTAAACAGATTTTTAAAAACCTGTTTTTCATCATTAATAATTTCGATAAATAAATTTTTATATTTTATTAAGAAATAATTTATTTTATTTATTTTTTTATTTATTTTTTTAAATAAATTAAATAAAAATAAATATGTTTTTTGAATTTTTTTATTGTGAAAAACAACTTTTTTTTGCTCATTAAAAAAAGAAATTCCCAAAGATTTTCTTTGGGCTAAAAATTTCAATTCTTTTTTATATACTCTTTTTAATTTTCTTCTCTGCTCTTTGTATTCACTCTCAATGCTTTTTATTTTGTTCTTAATCAACAAGATTAATGAAACTATTTGCTTATAAAGCTTCTTTTTTTGTCTCTTTAGTAAACGAATATTCTTTTTTAAAAATCTTCTAATCTGAACCAACAAAACTCTGATTCTTTTCAAATGAAAAAACCTTCTAACTTGAATTAACAAAACCCTGGTTCTTTTTAAAGACCAAATTCTGATTTTTTTCCAAATTGTTATGATTTTTTTTGTCATGTTTTTTTTAAAATCAAAAGTATAGCCTCAGCTCAATAGCATAAAGGATATATTAGTTAATTATACGCCTAATACAAAGAATACGCCTGTGGATAAACCCACCAAGAGCCCAGCAATCATTCAGCTCTTGTCAAAAGCGCAATTATTCTTTTAAAGACGTTAGAAAAAAATACAAAAGAAAATTTATTTTAATATTTCGATATCAAGAGTTTTAAAAATCTTGTCAACAATAACACTTACCTATTTTACATTTTTGTTGGTCACAGAAACTTGATGTTCTTTTCCCTCTGCCATAGTTCTTAAAGTCTGACAAACCAATCAATAAAAGCAGTGTTGTAATAACTGCTTGGTAGTTTGAAAAAATTGTTAGCAATAATTGTTTTGTAAATTTCTAATAACTTCTTGTTTGTTAAAAAAATTGTTCTGTTGATTTCTGGTTAACAATTATTTGGCTAACAATTAAATTAATTTCCATTGCCAAAAATTTCAAACTCGCTCCATTCCCAACCTGAATGACAACCTCTCCAACTATGCTTAATTTGCAAATCATCAGACAGTGTTTGTGGCTTTAATAAAACATAATTGAAAATTAAAGAGAGGTTGTAATTTCAGTGATAATTATTACAATTGAATCCTTTTTCCTCATAAAATCCTTAATAAACCTTAAAAATCATTATAAATCATATCTATTATCAGGATGTCTGAGAAATAGCTAAAATACTTATAATATAAGCAATAATTTCTGGAATAAAACCAGTAAAAATAGTTGATGTGTTTCGAGAAACGAACGATATTAAAACCCATTTCTTTTTTTAATAGCTATCACCATAACACCTACCATGCCAATTAAAAAACCAAGAGGACAAACAAAAATTGCAATAAGGAAAAACGCCACGTGTAAAACTTCTGTCAAATAATTCAATAGAACAATATGACCAGTAATTATACTTAAAGCATAAAAGGCATTATGCAAAAAAACAAAGATAAAAAATCCAACAGCAGAAGCCCCTGTTAACAGCAAGAACTTTCTCAATACTCCTTTTATTCTTTTTTTCAAGGTTAAAAATATTAATACTACGCCCAAGAAAGAGAAAATAATAAATGGTAACAAAAAAAGCTCAGAACCTTTAAACAAGTTTCTAATTACTGGAATAAAAAATTCACTCAATATAAAAAGAAAAAATCCTACTAATGCCCAGAATGTTATCGTTAAAGATTTCTTCATTGCTTT
CP179889.1_gap14	629605	634098	4493	AGCAGTCTTAAACGGAGCTGCTACTTTACTCTTAACAATTTTAGCTTTTACTCTGTTCCCAATAATATTATCTCCTTGCTTTATCTTAGCGCTCCTTCTTAAATTAATTCTAACTGAAGCATAGAATTTTAAAGCCAGCCCGCCAGGAGTTGTCTCAGGATTACCAAACATCACTCCTATTTTCATCCTTGTCTGGTTTAAAAATACAACTATTGTTTTTGTTTTGGAAATTATTCCAGATAGTTTTCGAAGTGCCTGGCTCATGAGTCGAGCCTGAAGACCAATCTGAAACTGCCCCATTTCGCCTGCAATCTCAGCTCGGGGAACTAAAGCTGCAACTGAATCAACAACAATTACATCTACTTCTCCGGACCTAACCAAGGTTTCTACGATCTGAAGAGCTTGTTCTCCAGAATCAGGCTGAGAAATTAATAAATCATCTGTATTAACTCCAATTCTTTTAGCATAATCAGGATCCATAGCATGCTCAGCGTCAATAAAAGCCCCTACCCCGCCTTGTTTTTGAGCGCTTGCTAAAATATGAAGAGCCAATGTGGTTTTCCCGGTCATTTCAGAACCGTAAATTTCAATTACTCTGCCCCTGGGCACGCCTCCTATACCCAAAGCTAAGTCTAAAGAGATAGAACCAGTTGAAATTACATCAATATGAGAAAATGCAGCCTCTTTAAGCGTCATAATTGAACCCTCGCCAAACTTCTGTTTTATTTCAGCCAATGCTTCATTTAAATTAAGTTTTTCATCTTTTGTTTTTTTCTTTTTTACCATATTGTATTTTAAGATTATCACCTTTTATCCAGCACAGCAACTAAACTTGCTCCCAGCCCTCATCCTCATTCTCATCTCCGTCAGTATACTCCTCGCTTTCTTGGACCAGATAAACTTCTCTGGCTTTAGCGCCTCTGCTTGGTCCTATTATTTTATTGCCTTCTAACATATCTATTAACCTGGCTGCTCTTGCATAACCCACTCTTAGTTTTCTTTGAAGAAGAGAGGCAGACGCTCTTTTGTTTTCAACAACAATAACTTTTGCTTTTTCATAGAACGGGTCGTCAAAAGGAGAAACTGGTAAATTCTCTACTGGTCCTGCTTCTGTCTGGTCTAGAGCTTTTGTTAAGTTATCCTGAACCTCTTCTATTTCTAATCCTGCTTCCTGGTCTATGTACTGGTTGTTTTTTGTCTTTATCCAATTTGTTATTCTTTTGACCTCTTTTTCTGAAACATAAGCGCCCTGAATTCTTTTTGGTTTAATATTATCAGCTGAAATAAAAAGCATATCCCCCAACCCAAGAAGCTTCTCTGCTCCTGCCACATCTAAAACAGTACGAGAGTCAATCTGCGAAGCAACTTGAAAGGTTACCCGAGAGGTAATATTTGCTTTAATTAATCCAGTAATAACTTCAACAGAAGGTCTTTGGGTGGCAACTATCAAATGAACCCCAACTGCTCTTGCCATTTGAGCCAATCTCACAATCGCACTTTCCACCTCTCTTCCTTTAGATACCATTAAATCAGCTAGCTCATCAATTATTACAACAATGTAAGGAAGAGGCTCTGTTTCATTTTCAAAAGCCTTTTCATTATAACTTAGAATGCTTTTTGATTTTGACTGGGCCAGAGCTTTGAAGCGCCTGTCCATTTCTTCAGTTAACCACTTTAGGGCATTAGTAGCTCTCTGAGAATCAGTAATTACCGGGCATAAAAGATGGGGCAGTTCATTGTAAGCTATGAATTCAACTCTTTTAGGATCAATTAAAATAAATTTTAAAACATCAGGCGAATTCTTATAAAGAAGGGAAATGATTAAGTTGTTTAAAAAGATTGTCTTACCAGTTCCTGTTGAGCCGGCAACCAGTAAGTGAGGCATTTTTGCCAGGTCGTTATAGATAGTCTGTCCAGAAACATTGCTTCCAAAACAAAGTAAAAGACTGGAAGGACTATCCTGGAATTTAGGATTGGAAAGCAGTTCTTTTAACCGGACAAAAGTTCTTGCTTTATTAGGCACTTCAACACCCACCAAGCTTTTACCTGGTATCGGAGCTTCAATTCTTATTGGATGAACAGCCAGGGCCAGAGCAAGGTCATTTGATAAGGAAGTGATTTTGGAAAGCTTTATTCCTTCAGCTGGTTTAAAAGAGTATTGAGTTACAGTTGGTCCAATATTTATCTCCGACATTTCAACTGGAATATCAAAACTTTCAAGCGTATTTTTAATTATTGCTGAATTTAATTTAATATTACCAGCAGACGGTTTGCCCTTTGTTAAATCTAATAAATCAACGGGTGGCAATTCATATCCATTGATTGGGGCCTGTCTAATTTTCTTGGGTTTTAAATCCAGATACTCTTCTTTTTCAGATTTTTTTTGTTCTTTTGAAGATTGAACAGGTTCAATGTGTTTAACCTTAAAAGAAGGGGCGAAAATCTTTCTAATAAAAGATGGCTTTTCTTCTTCGTCAGTGTCTTGAGTATCTGTTTCTCGTTTTAATAAACGCCAGAAAATAATCACTCCTATAATAATAGCTGCAGCAAACAAAATCTGAGTTACCCAAAGACCGAAAAGCTGTAAAAGGGGCCAGATTAAAACAGAGCCCAATAATCCTCCTTGTTTTATGCCGGGATTTAATCTTTCCAGCGCTCCAGAAACACCCAAGACCGTTATCAGGATAGCTAAAAATGAAGGTCTTAGAATTTCTTTATACTCAGCTAAAAAGAATGAAAGGCCTGTGAGGAAAAAAAGAAAAGGAAGAATAAAAAAAGTTTTGCCTATTAAGAAATTAAGGCTGGTAAAAAGAAACTCTCCTATTATTCCTGCTTTCTGAAAATAACTGAGAATAAAAATAATTGATAAAAGAAAAAACACAATAGCTAGAATATGCCTTTGTGTTTCTTCCGGCAAAGAAAAGGAAAGATTGACAGAATCAATCGAGAAAAGCCCCTTGTTCTTATTTCTTCTTTTTCTTTTTTTTCTTGCCATCTTCAAAGTAAAATTACAACCTAATGCCTTATCTTAATCTAAATCAAAGCCCAAAATCAAGGTTCTTGCTGAAAGCAAGGTCTTTAATATTATATCTGTTTTAATTACTTTTGAAAACCTGTTCCTGCTGGTATCAGCTTACCAATAATAACATTTTCTTTTAATCCTCTAAGTGAGTCCTCTTTGCCTTCAATAGATGCCCTGATTAAAACACGAGAGGTTTCCTGAAATGAAGCAGCAGATAAGAATGATTCTGTTGTTAAAGCTACTTTTGAGATTCCCAGAAGAACTGGGACAGCTTTAGCCAGTTGAATGTTTTTGTCTTTTTTAATTTTTTTCAATTCCTTGAGCCTGATATTTTCTTCCATAAATACAGTTCTTTCAACGATTTCTCCAGTGGTGAAGTTGCTGTTTCCTGTTTCTTTAATTTTAACACGGGAAAACATCTGACGAATAATAACCTCAAGGTGCTTATCATTAATCTGGGCTCCCTGGGAGAAATAAATCTTTTGAATTTCTTTTATTATATATCTCCAGGTTTTTTCTTTATTAGTAAGTTTAAATAGTTCTTTAATATCCAAGCTTCCCTCGCAAAGCTGCTGGCCCTTTTTCACTCTTTGCCCTGGTTCAACCAAGACTATTGTCTGAGAAGAAATCTTATGCTCCACAATATCTGTTGCTTTCTTTTTTGACTTCTGATTTTTAACTTCAATCTTTATTATTTTATCCTCAGTTATTTCCTTAACCTTACCGTCAGCCAAAGAAAGCTCTGCCTTTCCTGCAGGAATACGAGCTTCAAAAAGCTCCTGCACTCTTGGAAGACCAGAAGTAATATCTCCTGCGCTGGCAACTCCACCAGTGTGAAAAGTTCTCAGTGTTAACTGGGTGCCAGGTTCCCCCACTGCCTGAGCTGCAATCACTCCCACTGCTTCACCAAGCTTAACTAGTTTATTGTCTCCCAAATCCAAGCCATAGCATTTCTGACAAACTCCTCTAACGCTTTTACAGCTCAAAGGAGAGCGAACCATTATTCTCTCTATTTTAGATTTTGCAATTTTCTCCGCCTTTTCTTTGTCAATTATTTCTCCTTTTTTACAAATTCCTCTGATATTTTCCAGTGAAATCTTTCCTGCTATTTTAAACATAAGGTCTTGGCCAATTTGATCAGCATCTTCTTTGAGAATTTCGATGCCAGTATCATCCTTGCAGTCTGGCTCTGAGACAATTACTTCATGAGAAACATCAACTAATCTTCTTGTTAAATACCCTGCAGTGCTTGTTCTTAGAGCTGTATCAGCTGTTCCTTTTCTTGCGCCATGAGTAGCAATAAAATACTCCAGCACAGAAAATCCTTCTTTGTAAGAACTCTTTACCGGTAATTCAATTATTTCACCAACTGGGTTAATAACCAATCCTTTCATTCCGCACATCTGAACAATTTGAGACCATGAACCCTTAGAACCAGCATTTACCATTTGAAAAATTGGGTTTCTTTGAG
CP179889.1_gap15	647040	647540	500	ACTGAAGGTAATCGTTAGTATCCCCGCTTGTCTTTAAATCCATTACTCCTGTGCTTGAAATAATAGATGTACTGATTGTAGTGGTGGCTGAACCGTCCCCAATTGCAATGTTTCCGCCAACCACTGTGAGTTTATCTGATGGGACTGTTGTCCCGATGCCGACGTTGCCCAAAGTGTCTATGGTTAATACCGAATCTGTTAAATCAGCATTAGTATCATCTGTAACAACATTGTTTAAAATATGTATTTTTCCAACTCCATAACTAAGAGTTCTTTCTTTAACAAAAGCACTTTTTATAGAACCAGAACCAGCATCCCAACCTCTAATTCCAAAACCTCCAAATGCATTCACTGATAAATCTGGACTAGCAACCACTTGAAAGGTGTTCTCGACTCCATCAATTTCTAACTTCGCTCCCGGCGCCGTCGTCCCGACCCCCACATTCCCTGTAACCCCATCAATGTATAAGGTGCCTGATTTAAAGTCTAAAGAGACATTG
