gap_id	start	end	length	sequence
CP179913.1_gap1	46049	48354	2305	GGTGCAATAATGCTGTTTGCAACCGTACAGTTCCTTGCGGTTCTGATTTTCGCACCGAGATACGGAATGCTTGCAGACATGCTGCGCAGCAGACGTGCAGTACCGCAACAGCTCACAGAGGATATAATAGGAAGCGTATTTAAATCCAATGGAGAAATTACTCTCCAGTCACTCACAGGTTATGTTGAAGCCGGCAAAAAGCAGTTTAAAAATGCACTGAACAGACTAACAGCAGATGGACTTATAATTAACAAAGGTGAGACAATAAGCCTCACGGAAAAGGGAAAAGCAGAAGCTTTACGCCTTAAAAAAGCACACAGGGTTTGGGAAACATATCTGCACCATATGGGTGTTCCTTCTGACCAGCTCCACGAACAGGCGCACGTCCTTGAGCATTATAATGATGCAGATGCTATTCAGTATATATATGAACAAATGGGCTCCCCCGTCACAGACCCTCACGGAGCGGTGATACCCGACATATACGCAGACGGTTCCTTCTGTCTGACTCAGATGTTCGGCTTTTCAGGAAACAAAGTAGTTGTAGTAACAATAGATACTGACAAAGGGATAAAGCCCGGAGATATCGTAAAGGTTTCGCAGGACGATGAGGGATTTGTTGTGGAAAAGGACGGTCAGACAATAGAGCTTACCCAAAAAGAAGCCGCCAGTCTCACCGTAAAACTGCCGGATAATCTTTGATTTTCATCTCTTTTTCTGATAGTTTCATGAACCGGTCCGGAGGAACAATGAAGAAGATCAAATATATTCTTTTCCCGTTATTGCTGTTTGGATGCGTTTCTGCAAACTTTTTCCTTAATCAGCCCCCAATGCAGCAGATAGTTACTATTTCACAAGGGGAAAGGAGCCTTAAGTTTGAAGCCGAATCCCTAATACAAGACAATACGATAAGAACAAAGCTAACTTCCGATCTCTATCGCGGTTATGCAGAGATAGTATACGACCACGGACAGTACAAAATTAAATCCAGAGCACTGCCGATAGACAAGAAGAAAGCTGGCTCACTAAAAGGCGACCTTTATGCTGCTTTCTTTGCAGGAGACTATCCTTTTAAATCTGATGAAAAAATGTTCGGTAAAGTTGAAATCACCAACATTAAAAAAAGCATCTATGCAGAAGACGGGTACCATCTCTATGACGTCTTTTACAACGGGAAAGAGATCCGTATTATGAATTATGTAAAAGAATACATCATTACAATATTCTCCGACAAAGAATATTAGCTAAACCCTGTGAAATCTCAGACGTAAAGTTGATATCCTGATATATTTTGAATCATTCAAAATCAAATTGACAACACAGGATTATATAGACAATAATATGTCTCTGACAATTGACGTAATTGCGTATTATCAAACCTTTTTGATCTGCTTTTACTGATCGGTTTCAATACAAACTACAGGAGTCCATAAGTATGAAAAAACTGATGCTTCTTGCCGTAATTTCGGCATTTCTCGCTATAACAGGCTGTTCTGACAAGCCGAAAGAAGAGTCTCAGACCGAGGCTGCAAAAACTGCTGAAACAGCAAAAGACATCAAAGCCGCATTCGTCTATGTCGGACCGGTTGGCGATGCAGGCTGGACATATTCACACGATCTCGGACGCAAAGTTATGGCTGAACTCCCATTCGTAAAAGAGACTAACTACATCGAATCTGTTCCTGAAGGGGCAGAATCTGTCAGAATTATAACAAGCCTCGCTCAGAAAGGCTACAACCTCATCTTCACTACCAGCTTCGGATACATGGATCCTACCATTGAGGTAGCTTCTAAATTCCCTGAAGTAACATTTATGCACTGCTCAGGATACAAATCATCCGACAACGTGGGCACATACTTCGGACGCATGTACCAGCCTAGATATCTTTCAGGAGTTTTAGCAGGCAAAATGACCAAAACAAACGTTATAGGGTACGCTGCTGCTTTCCCAATTCCTGAAGTTATCAGAGGCATAAACGCATTTACTCTCGGAGTCAGAAGCGTAAACCCTGACGCAGTCGTTAAAGTTGTCTGGACACAGACATGGTTTGACCCTGCAAAAGAGCGTGACGCAGCGGAATCACTCCTTGACGTTAACTCAGATATTATAGCAATGCATCAGGATACACCTGCGGCTCTTCAGGCTGCTGAAAAACGCGGTGCTCTTGCCATCGGGTACAACACTGTAATGCAGGAACAGGTTCCCAATGCATGGCTCACAGCTCCTGTATGGAACTGGGGATCAGTTTACACAAAAATCGCTGAAGAAGTACACGACGGTACATGGAAATCTCAGGATCTCTGG
CP179913.1_gap2	61902	66348	4446	CTTGTGCCTATCCTGCGTGCAGGGCTCGGCATGGTTGACGGCTTTCTTCGTCTTATGCCGTCAGCACGTGTGGGACACATAGGTCTTTACAGAGACCATGAGACTCTTCAGCCGGTTTCATATTATTTTAAAGTGCCGCCCAATGCCGAAGACAGAGACTTTATCCTGATAGACCCTATGCTCGCTACAGGAGGCTCTGCCATTGCATCTGCCGACAAACTGAAATCAGAAGGTATCAAAAACATTAAGTTTATGTGTCTGATAGCTGCTCCGGAAGGCGTTAAAGCTTTCTGTGAAGCTCACCCCGACATACATGTTTATGCTGCAGGACTGGACGAAAAACTTAATGAAATGGGTTATATTGTCCCAGGGCTTGGGGACGCAGGAGACAGACTTTTCGGTACTAAATAAGTATCACGACGATGTTTCTGAATAAAAATACACTTTCATAGACAAAATAGTATTCATAGGGGTGGTCACACGACCACCCCTATTTTTTTCTATATTTTAAAACTATCTGAATGGTCCGATAAAGAAGCAGCGTTATCCTGAAGACCTGCAGCCGCTTCTGCAATCTGTACGACAGCGGAAGATGCTTCCTGAATACTGGCAGATATCCCCTGTATTGAATAATCCACCATTTCTATATTCTTCGCTGAATCAGACATACCTTCTGATATTATTCTCTGCTCTGAATTGATCGTCTGCATATTGTCTGAAACCCTCTTGTAGAAGGACTCCAGATTCCGGATAAGACTCATCCCTTCTTCTACTTTCGCAACAGAAACTTCCATAGACTCTTTAGCACTGGCAGTATCATTCATCAGATGAGACACTATGCCTTCCACTTCGCCTGTTGCTTTCTGTGTACGCTCAGCCAGCTTGCGCACTTCGTCTGCAACAACAGCAAATCCGCGTCCTGCATCCCCCGCTCTTGCTGCTTCTATTGCAGCATTCAGAGCCAAAAGATTTGTTTGCTCTGCTATATCATTTATAACATGCAGAATATTCTCAATCTCGCTGGATGAATCCACGAGACGTACCATAACGTCAGCAAGCTGTGCTGTATCAGAGCTTATCTCTTCTGTTTTATTAATAACCTCTTCCAGGTGGTCAAAAGCCTGTCCGGTCTCGTTATTTGTGCTTTCCACAAGCCCAGTCATCCCATCAAGCCTGCCTATAATATCCTGCGACGAATTAGACAGCATCGTCATGGAAGCCGCTATATTGGATATCTCTGCTGACTGCTGACCGAATGTTACAGAAAACTCTTCTGAGGCTGACGAAAGTGTGGAACTGTTTTCAGTTATACTTATAATTGTTTCTTTCTGTGTCTGAACAAGCTTCCTGAGCGAACGGGTAAAGCTGTTAAAGCTGTCTGAAAGCTCGCCAATCTCATTTTCCTCGCTATAATCAACCTGAGTTGTCAAGTCTCCTGAAGCACCTTTCATAAAACTTTGTCTAAATAGGAAAAGCGGAGAGAGAACTGATTTGGTAATAACAAAAGATAAAATCCCTGCAACCAAAAGCGCAAAAGCCCCGAACAATACTGACATCATCATAACTTGCCCCTGCTTATCTGTGAGGTCTTCAAGAGCTTTTTCAAGGTGTTGTTTATGTTTTAAGACTATCTGGTTGATTGAGTTGCCAAGCTTTTCAGCATAGGGGTCAAACTGCCCCATAAATTCATTACCAGCAATGTGACCGGAACTGACGTAAACCTCCGCCATCTGCTTTCCGACACGGTAAAAATCATCTATTTCTCTTTTAATACCTGCGAGAGTACCTTTCATACCAGGCATTGAGGCGTTTTTTGAAAGCTTTGCGATAAGCTCGCCTGAGTGTTCGTAATAAGTTCTCGCCTCATCAAATCCGTCATCATACCCCTCTGCCCCTCTGGTGGCAGATACATCTGTGAGCCACTGCTGTATCTGGACAACATCAAGATTTAACTCCATCAGGAGAAGGGTCTGATCCACCGTCTCTATTTTCAGTAATTTAAGCTGCTGAAGTGATCTGTTTGTAGTAAAAATATTATATATGCTAAGCAGCATTATTAACACAGACAGCCCGACGAAACCGCCTATGATGCGGGTACGTATTTTAACTCTGAACATTGGAAATCTCCTCCTTAAAAACAAGCGCAGAAAAATTAATAAATATGTTTTGGTTATGGTTTTCGCGCATGATATAAAATAAATAATTGAATTATCTAAGATATAATAAGGAGTTGGTTCAGTTTTTCATCATCTTTTTTGAGCTGTTACAACAAGTGTATAGCTATCCTCTGAGGCAAATGCGGCACTGTCAAATCCACCGAATATACGTATATTACTAAAATTATTATTTGACAATAATTTACATACAGAAACGCTACTTAAAGGATACAGCAAAACTGATGATTCCGTAGATTCGTTTCCTCTCTGTAACTTTCCTGAAAACCTAATACTGTCAGCTAAATAATCATATGTTCTCAAAAACTGAAAGTCGCCTGTCTGAATGACTGGAAGTTCAGCCGGCTGTTCCCGCATTATCCTGTCATAATTAAGAATCTGCAATACAAGTCCCCCCCCAGGCTTTGTTACTCTGGCGAACTCCTTTATTACCACTGAAGGTTCTTTTGAGTGAACCAGTGTGTTCCCCGTGCATATCACACCGGAAAAATCGCCATCCGCAAACGGCAACCTGTGCATATCCCCCAAAAGAGTCCTGTCCGGAAATCCAACAAGTTCCGGAACATACTCCACCCCCCATGCATCTTTCCCTTCCGAACACAACCGCCTCAGAAGGTCACCTTTTGCACAGCCAACATCAAGTACCCGATCTCCACTTATATTATCTAAAGTAAATTTCAGCATATTTTCGCTGACCGGAAATATCTCTCTATAATTTTCAGAAAGCATTCTGTAAAATTCCATATATCACCTCTTTGCATATAAAATATCACACACAACTTATGATGTTTTGATTTTGGTCAATAATCCCAAATAACATTGTAATTTTGACTCTCGCCTGACTTTTTTAAAGCTGGATTAACTCATTTTACAAATGATTTATATTTATCCATTTTTTAAATACATACTATTACATTTCTCATTGAGAATTTTTCGATGCATTATTATTTTAACAATATAACTATTTTTACAGGTGCAGGCATGAGCGTATCAACCGAAATCAAATGCTTCCCTGGCGTTATCAGCAGCATAAGGGAAGTGCGTAATTTGACTGAATTGATAGAGTATATACTTCCATACAGTATTGCTAAAATCTATCTCACAGCAAACAGGAGATGGTCTTTTCTGGAGAAAAACAGGCGAAACAAAGCCCTTGCACTGCTCATAAACAGAATAATAAGACGCTTTGCATTTAACATATGGGATGTCCGTGCAGCCGGAGGCGGTTTTATTGAGGATTTTCACACCATGCCGATCATAGGCATCATAAACATACTCGCCACTGAATATGCAAAACAGGAAAACATGATCACCGAATCAGCCGGTCTTAATCTGGCTACTTTTAAGCTGTGCGGTAACGGGTATATCTCTGCTGATCTGAAATCATCAATCGATAAACTCTACATGCTGAAAATGCTTAAAGAGCATAACAGCAGACAGCCAAAGCCAGAGATCAGAACCAAACCATACCTTTATGAAGAAGCAGTGAACTCTCTTTATGAACTTGAGGAAAGCCTAATCAGAAGTCATAATAAAATAAGCAGGGTACAGAATACCTAGAAAATTACCTAATACTTTCGTAGTCCTTCCAAAGTTTTCTGATCTGCTCTCTAATGCGTATTCTATTTATAAGCCACACATGATTATGAATCCACTCTTTAAGCCCGAGTCTCCTCGCGCCAAGCCCGTCAATTATAACCAGCCTGAAGTTCTCTTCGTCAATTCTCATAAGGAGTATGTTGTTTGTTGTTGCATCAGCAAAAAGTATTTTGTTACCTGAAAGATACTGTGTGAGCTCATCCAGAAGTTCTTGCTCTTTATCTTTAGAGAGCAGCTTTTTCCGCACAGCTTCCCTGAACGTCAGAACTTCTGAACCATCGTAATTCTGAACTCTGTCAACAACCAGCCCAAGACCTTTCGAAGTTTCCACCCAGCCATAACATCTTGTTATAAAAGAATAGTCCACAACTCTATTCTTTATCGAATTAAAATACCGGTAGTCTATAATATTGTCGTTACGACGGTTTTGTTCCTTCTTTTCGAATCTGTAAATACCATGATTTGCTCTGGTCACCTTAATAACTTTCGTGTTGTCTTCCGGATGAATATAGCATTCACGCTGCCCGCCAGATGAAAGATATAAAGAATTATCAAGACTTAACACATCTGCACTTCCCAATTAAAATTACAGAAAATATACTATGAAAAACATTAATAATGCGACTTTTCTCACGGGCGTATAATACAGGCAATTAAGTTTTTTTTGCAACCG
CP179913.1_gap3	129778	132152	2374	GCAAACACCTTTCCGTCATTGCGAACACAGTGAAGCAATCTTACACCCTCAGCCACACCTCAAAAGTCAAGATTACTTAGCGATACCATTCATCTCAATAACAACAAAATTAACTGTCGTCACCCCACTTCAAATACCAACGTAATGAAAAGTATTTGACATATGCTGATCTTCAACTAATATCAATTCATTATTAATCTTTGAGGGGAAAAAAATGAAAAAAGTTTTTCTTGTATTCATCCTTGTAGTTATTCTCGGAGCCAGTGGTTACTACTACATGTCTAACCAGCCTACGAAAGTCGCAAGTCCACTGCCTATGCCTGCATTTGGGGAAATAACAGTGGAGCATGCCGCACCTCTTTTTGCCGATGGTCTCCCTTCGGACTACGCTATTGTAGACGTCAGAACTGCCGAAGAATTTGAAAAAATCCACACAGACAAAACAATCAACATACCTGTTGCCATATTTGAAGATGCAGACGAACCTTGCAAAGATATCATGGCAAAACTCCCGAAAGACAAAAAAATAATATTTGTATGCCCCTTCGGTCCCAGGTCTAAAGACATGTACCAATTCCTCACTGACCCTGTTGAAGACCTTGGCTGTGGTATGGCAAAAGAAGGTCTTTATCACCTCTGGGCAAACATTAAGTATAAAAAAAATCACATAGTCATTAAAGGAAAATAGATTCCCACTGGTAAACCCGTGGTTCTATTGCTTTGCGCATGATCAACACACGGAGTTACAACTTCGTTGTCACAGCCAGGGCATATGCAAAATACGTCACTGAGAAGCCCGCAGGGCTGTGGCAGTCTCTCGACTCGTTAGTTAATTCTGAGATTGCTTCGTCATTACATTCCTCGCAATGACTTATAAGCTCGAAAGCTGTGATTAGCTCATTCATACACGCATAAATGCGTGGTGTTCTGTCTTCGACCGCATAAATTTATCGACATATCCCATACTGAGGAAGAGCAAAGCTCTGACGTAAGATACTTTAACAGTAGCTTAACATTCTCACGCCGCACTCAGGTGCTCCTCAGAGTATTTTTCAGTCCGCTCCCCCTTTTTATATCAACTCTAAATTACCGGTATCCCAAACCGCTTTGCAACTTCTTCTTTATTCACCTCAAAGCCAAGCTCAACAGCATCCTTAATAATATCCCAGTCAGCTTCCGCTCTTATGTCCAAAACAAACTCAGGCGCAGAAACATTACCAAAATTAAGGTCTACGATCCACCGGATAAGTGTTTTCGTAACACGCTCTGCAAGGGCTTTTGCTACCTTATCACTTTTAACCTGAAGGGTTTCAAGATGCTGCTGGGCTAGGGAATATGAACCGTTTGTAGAGGTATCACTTGTGAGTATCTCCCCTGTAATAGCTTTCGATATTTCGGTATTACAGATATTTACCAGCTCAGAAAAATCCGCAGAAGTCCCCTTTGTCTCCAACACCTGCACACTATCCACATTTGCAAGAGCCACAGCCGCATCTGACTGTATATTATAAAGATTCTCTGCCAACTCCTTTGCCCTTGTCCTGCTCTCTGCATCATCTATAGAGTCAAAAAGGGCAAGCACTGTAGGTACTCCATATTTCTCCGCCACGGTCAGCCAGTAGCGAAATCCGGCTTTTTTGAACATCCACGGCCAATAGCATTTAGACAAAACAGGTGTCCCATATGGATTCTCATTTTTCGGGCTGTTGCGGTGGACAATAAATTTCAATTCCTCCTCCAGTGGAATGCTCACTGCACCGTCCACAAGGGACAATGTACCATCAGATGCAAAAGCAAACCTGTTTGGTCTTCGTCCCAGTGCCTTCGAGGGGAGCCATTTTCCATCCTTTTCTGCCCAGACAATCTCAACAACACTGAAACCATACTCCACAGCCATCATCATATCCTGCAAAAGCTGCTTCACTCCAAGCCCGGTGAGACACTCCTTCACAAAAACTGAAACCTCGCGGGATAATTCGTCAAACCCAGCCGGTCGCACATCCCACTGCATCCCGAAAACTCTGTCTTTCAACTGTTCCAGCTTTGCATAGATATGAGCATCCTGAAGCATCTCTTCAAATATGCTCATGTTCACCCCAGTTTTCCCGAAAAGGACATCCGGATTGCTCAGTGTGCCGAATGCTGTTAAGTCTGTATTCTTTGTCAAAACGCTTGTCAGTCTGCTCATTTATCTCTCCTTTTTAATATTTTTTAAATATCTGCCCTGTATGGCGCCCCACCCCAGCAAAAGATGCCTGCGGAGTATACCTCTTTTCTGTCTGGCTGAGCGCCTGTGTCATAGCGTCCACCATGTCATCATTTCTGCCCGACGGAAACAATGCCGCCTCGTCTATAAGTTCTGAGGAGAACTTTG
CP179913.1_gap4	141134	145507	4373	CAGACTGGGACTTGAAGAATTTGAACGCCATATGGTGCATATGCTGGAAAAATATCACAGGTCAGTCAAAATATATAATATCTCAATGGGAACAAACATTTCAACAAATAATACATTCAGTCTTGCTGCACATCTGCTCGACCACCTCCAGAAAAAATACGACGTCTTGTTCGTTATATCATCAGGAAATAAAAACCCCAGCTCGCCGCCTCAGCGGATAGCATCTCCGGCAGAATCCGTTCACTCTCTATCTGTCGGGTCAGTATGCCATACAGACACAAACATCCAGAAGAAATATGAACCATCTCTATTTACAAGGCATGGTCCCGGTCCCTGCATGTTTATAAAACCTGATGTATCGAGCTTCGGGGGCGCCCATGAAGAAGTATTCGGGAGGCTGAAATCAGTGGGAGTATTTTCAATAGGGGTAAAGAACGAACTGGCAGAAGACATGGGTACATCCCACGCTGCGCCTCTGGTCACCTCCCTTGCCGCAAAAACATATCACACTTATGAACACGCTTTTAAAAGTCCCGATATGACCAAAGCACTTATTATTCACCATACTTTTCTGTCAAATCCAGGCAAAGACGCAACCCCGTATACAGGTTTTGGGACAGTTCCGCAGCAACTCTCCACCGGAACAACTGCAACTTATATGCATCAGGGGGTTGTCAGGCAGGACAATATTGTAGAACTGCCGTCTATCCCCGTCCCAACAGATATGTTTGATAACGGACGATGCACCGGAGAAGTGCTCCTCACACTTGTATATAAAACAGAAACAAACATAAACTTTGCTGAAATGTATTGTATGTATAAACTGGAAGCATCGCTTGGGTATTACAAGAACGGAAAATGGTCTTCCCTTGTCACGGCTAAAAATACAGTCGGTCTGCCGGAAGATAAAGACTCCAGAGAACGTTTCTCATGGCAGCCTGTAAAAGTTATGAAAAGGGATATGTCGGGCTCAAATATACCTGAAACACTATCACTGAGAATAATACCCTCTAAAAGAGATTTCTATAAAGGAAACGGGGATATTTCATACAGTTTTGTCATTTCTTTTATACATCCCAACAAAAACCTTTATCAGTGTTTAAGAAAAAAGTTCAATGACTATGCAGACATTCTCGAACCCGCATCCGACATGTGGAAAACATGTGGACAAAATTGTTACTAATTAGGGGTGTAATTAATAAATATTACAATCTTCAACAATAACGTCAATATACCAGCTACTTACGAGGGATGCTTATTATTGCTGGGTTTCAATTGTCAAGCACTTTCTTTTCAACATAATTCTGGAAAACCTGTTAATAAACTTATCTGAAACCCCGTTGCTTCATTGTTTTAGCAGAGCTGCTAATTTTTTGAGCACCAAAAAAACTATTAATTTTTTATAGATCCCCACGGGTAAACCTATGGTTCTATTGCTTCGCACGTGCTTAACACATGCATTTACAACTTCGTTGTCAAAGCTAAAGCATATGCAAAATACGTCACTGCGAAGCCCGCAGGGCTGTGGCAGTCTCTGCACTCGTTAGTTAATCCTGAGATTGCTTCGTCATTACATTCCTAGCAATGACTTATAAGCTCTAAAGCTGTGATTAGCTCATTCATCCACGCATAAATGCATGATGCTCTGTCTTCGACCGCATAAAAAAATCACCAAATCCTGAGAGGTTCACCTTTTTTATAGTTTTTTATATCGAAACGAAAATCTTCCTGCTGAACCAGATCATCGGAAAGTCTTATCCCTTCTTCCAGAGTTCTTACAGCATTATCAAAATCACCCAGTTCAGCATAAGCAGCAGCCAGAACCTCGATGCACTGAACATCCTGATTCATATTAAACAAAGATTTTGCAAGGTTCAGCGCTTCTGCGCCGTTACGATAGCCGGAGATAGGGTTTGTAGCATATATCCATGCAAGCATCCTCTTTGCTTCCAGATTTGAACGGTCAAGCTCAATAGCTTTTTTCAGGTCTGCGATACTCTGGTTCGCATCTTTTGATTTATAGAATATCTTTCCTCGCAGGAGGTAAAGCTCAGAGCTCTCACCATCTTTCATAAGTGCTCTCTGCACATATGCTTTTGCGTTGCCATACTCGCCCATCTTGAAATACAGCTCCCCCATAGCTATGAGAAATTCTGCACTCTCCCCCCCTTTGCTGACAGCCTTATCAAGATCGTCCATAGCCTCTTTATAGTCACCTTTCGCAGCGTACGCCTTTGCACGTTCAACATAAGCAACAGGCATTTTGCTGCCTGCTAAATCTATTACAGAGGTGAAATCTATTATCGCATCTCTGAAAAAGCTCAGTTTCATATAAGCACGTCCACGCTTGAGGTTATACTCCGGGCGCCCATCGTTCCGCAGCGCTCTTGTATAGTCGTTGACTGCTTCACCATAATACCCGTATGCATAGTGTATATCCCCAAGCCCTTCATAATAGTAATGGGAATGGACTGACTTTGTGACGCCGGATTCATACTGAGCAACAGCTTCTTTATGAGTTGGGGCATTCATAGCAGCTTTCGAAGCATCAAGGTATGCCGCAGTATCCTTTACACATCCTGAAACAGCAAACAAAACAATGAGTAAAAACATAAATCTTCTCATCAAAACACCTCTTTCAAACACGAGTATGAAAACACAATAACTCTTATTAGATACCATTGGAAGAGTAAACTTCAGCCCTAAAGCCCTTTCAGACTTAACCCCTTTTAAACATATCCATCAGTACCTTCGTGTAGTATCTCCCACAGCAAAAGAGAACCTTTTCACAAAAGGAGGATTTATGAAACTGGAGCTGGCGAAAGCCGGAAACCACAACGGGATAACGATTACCGAAAAAGACCTGAAAGAGATGCAGGAAAACTTCAGCAACGATGTCCCGGTGACAATAGGACACGAGCTGGACGACACTATGCCTGCATACGGCTGGGTTAAAGCACTGAAACTCTCGGAAGACGGACAGACACTGATAGGCACAGTGGAGCTAAACGAAGAACTCGAACAATCTGTAGCAGAGGGGCGTTACAAGAACTGGAGTATTGGAGCTGGCAGCACAGAGGAAGGGGGTATGTACCTTCACCATGTCGCGTTTCTAGGAGCTGTCCCACCGATGATCAAAGACCTGAAGATTATTGAATTGGGAGACAAATCAAAAATATTTACATTCTCGATGAAACACGGCAAATGCTCTTTCACCCTTTCAGACAAAGAACTTGCAGAATTCAACACGCTCAAAAAGCAGAAACACGAAGCAACAGTAAAAAAGCTCTCCGATGCCACAGCGGGCAAACTCCCTTTCGGTAAGAGAGAAGAGCTGATCAGCTTTGCAGACAATCAGCTATCGGCAGGCAGAGAAGATATTGTCGAAATGCTTATCAGTGCTTTTGCCAGCGTAAAAAAGCCCGTCAGCCCGGGGCTGTCAGAAAGTATCAACTCAGCAAAATCAAGAATCACAGAAAATGTATTCAGTAAAATCTAGGAGGAATAAATGGCAACAGTTAACGGCATCATCGGTCACCAGACCGTCACAGACAAATCTGTCATCGACGACAGGCATCCGGCGGTTATCCGCTTTAAGCAGTTCAAAGCTGACAACGGCACCATCCCCGCAGGAGAGATAGTCGCACTTGACGCAAACGGATACGTTGTCTCTTACGACCCCGCATCCGCAGCAACAGAAGCGACCCCTGTAGGCGTTTGCATAATGGACACAGACACGTCCAAAGACACCATAGGGAATGTCGTAGTACACGGCACCGTCATCGGCAAAAACCTTCTCACAAACGGCACAGCGTCAAAACCTGAAGAAACCGCCGCCCTTGAAGCAAACACACTTATCTGGTCATTCTAGGAGGACACACACATGATACAGCTTGATCTCAGCAGATACTTCACAACAGATTCTCTCTTAAGGGCTCTCACCACTATGCCGGAGCTCAGGTCACCTGTTATGGATAATATCTATACTCAGGAGAGGCGCAGAAACCACCCTCTGCCTACAGTTTCAATCAGCGACCTTCAGCAGGCGGTCAAAAACATCGCAATCACCAGAAGAGGGAGCGAACCTCTGCCGGTTTATGAGGATTCAATAAATATCACCCATATCGAACCTCAGCCTTTCAGACCATCCGAAAGACTCAACGGTGTGGATGTGAACAATCTCAAGCTGCTTGACGACATTGGTATCGAGCTGCTTGTAAATAACAAGATAGACAGGCTCCGCAGGATCGTCAGAGCTTCCACAGAGGCGATGGCGGCACAATCTCTCTCCGGTTCTATAGCATATCCTATGGCTATGGACGGAGGATACGGAACATACAGCGTGGACTTCGGCACAACCCTTTCCCACAACA
CP179913.1_gap5	147489	151967	4478	CTTGCCTACAACGCAGCAGCAGGCACAGAATCCATTCAGGTTGTCTTCAAAGCGGCAGACTATGCTATCCCTGAAGGAGCACTTCTTTTGATTAAAGACAGTGCAGGCGGCACTGCGAATGTAAGAACATCCTCATCTGCCCCATGTACGGAATGGAACGGAAATACTGCCACCATAAAGCTTTCAGAACAACTGCCGGACAACTACACGTCTGACGGCACATATGTCGGTGTTATGATAGAAACAGGTGACCTCTCACCATCTGTACAAAACATCTCTGTTTCGAGCACAGACGGGCAATTTGACGAAAACGGCATAACACTGTTCAATGACGGTACAGAGACTGACACCTATTCCATTACATTTGAAAGTTCTTTCAGCTTTCTATGTGCAGGCGCAGAATCAGGCCCCCTCGCTTCCGGCACAATAAGCACAGCCTACGAACCACTTAATCCTAAAACAAATCAGCCGTATTTCAGCATCCCCGCTGAGTGCTGGTCGGGCATCTTTGAAGCTGGGAACACGATAACAATAACAACAACCCCAGCAAGCAGAGGCTTCTGGATAAAAGAAGTAGTCCCCGCAGGATGTGCCCACGAACCGAACAACAGCTTCAACCTCGACTGGATGATAGATTAGGGGGAAATATGTCTAATCTGAAATATGCAAATTTCGCCCTTTCAAAACTGGCAAAGAATGCAGATGTAACCGACACACAGCTTCACATCAATGATGACGCTCTCTTCCCTTCCGGCAGTTTTACCGCGGTGATATGGAGTGCAGGGTTAGGCTCCCCCCTTGATGACAGCACAAGCGAGATTGTTACGATGACACGCTCGGCAGAAGGTGTCTTCGATACAGTTAGAGCAGAGGAAGAAACCACCCCGCGCAAATGGCAGAAAGGGGCAAATATTGCAAACGTTGCAACAGCAGACACTATGAACCTGCTGCACTTCGCAGCGGGAGCTTTGACATCCACGTCGGAAATATCTGCTGACATATATGAAATGTCCAGAGAGTATCTCAGATGCAATTTCAATTTCTCCGATGAAGACACAGAAAAATCAGTAACTCTGCCTGAAAAAGCACTGTGCGGAGGACTTACATTCACTTTACATAATAACGGAACAGCGTCAAGGCATCAGGTTAAGCTCTCACCCTGTGCAGGAGACAGTTTTGCAGACACATCAAAAACATTCATCAGCATCCCCGCCGGAGCAACAATGGAGATGACAGCCTCAGATACAGGCTGGAAAATAAGAGGGATAAACAGTAACAGCTATAACTCACTCAGAATAGTTGACTCAGCAGATTACAACGTAACCTTCACAGAGGGGGTAATATACGCAGACAGTTCTGCCGGAGAGATAGAGCTCAGTCTCCCAGACTGCGCAGATGCATACGGAATCCCGCTGACATTTATTAAATACGACGATTCCGGCAACTACTTCCTTATTGATAGTTTCGATGGTCCTCCATACAGAGCAGTTCTGAATGGACAGTACGAATCCGCAACGTTCGTTATAGAACCGGACGGCAGAAAAAGGCTTCTGAACGTAACTGCCCCGAAACAAAAAAGCTTTGTCACACTATATGAGGACAAGCTCCTCGCAGGACACGAGCGGTACGCCTTCTGCTATGGAGGGGCAAACGGAATTACAGTTGATCTCCCTTTCCCAGACATAGCCTGCGGACGGACTGTAACAGTCAAAAAGATAGACTCAGAAGCCGGGGCAGTGATGATAAGTCCGTTCATCTCATCCATTGACGGAGACTGGCAGACCGTAGACCTCACTTCCCAATGGGAGTATGCGACATTCTCGTGCGATGGCGAACAGTGGTTCAGGGTGGGATGACATGCTTTTATATTCCGGTTCTTCTGTCCCCGCCACCCCTCTGTTTGCCGGAGGAGGTAAAAGCGGGAGCCTACGCATCACAACACCGTTTATCATCACACAAGGAGGAGAGATCATGTGCAGCCTCTCTCTGTCAGACACAATAACCATACCTGCTGTACGGAGCATGTACGGAACCCTTACAATATGCCCGCTCTCGGCAGAAACAGTTTGCGGAAAACTTAATATCCCCGTAAGCCTTTCCGGAACAAATTCCCCTACTGAAAATATCAGAACCATAACAAGTCTGGGTTCAGGAAACACCTGCAACATAGCCGGAGAACTATCTCCCTATGCTGACAGCTCTCTCAGCATAAAGAGCACTATAGGCGACTTCAGCACGGCAGGAACCCATAAAGTCATGCTCCCGATGGGGCGCACATCCCACAGTAACAGTCTTGACATACCCCTGCCACAAACCACAGGCAGAGTCATAACAGACAAACTTGCGGTGTTTGCAGACGGGAAAGACATTACAAAGTTATTCATAAGCGGTCAGATAAAGCTTTTCGGAGGGAACGAAGCTCTGACTCTTTCGGCAGAACTTACACCGCATGGGGAGCTGCCGGAAGTAATTACAATAATGATCAACAGCAGCAAATACACTTTCGAGGTGAAAACATGTGAAATCCAGCCCGGCAAATGCAGACTGACAGGCTCCGCCTCTGTTGCAGAAGTGACGATAACTCCTTCCACAATAACCGCAGCAAAGCTTTGCGCAGACAACACAGAAATTATTTTTTCAGCCTGTGATTTTGTAACAGCAGATATCTCCGGCTGTACGACAGAACACAAGCTGGCACAGATGCTCGCAGAGATGAGCGGTGCAGATGCCCGACAGATGCCCGACGGACGGAGCATGATATTCGTTACAAACAGAGCAAGCCCCGTCTATAAACCTGAAAATATCCTGAGCTGGTCAAAGACATCGGCAGATAAAAACATGGGCTCCGTGGAAGTTATCTACGGAAAAAGCGGTGATAACTACATAACCCTTGTCCCTTCTGCTAAAACTGCCCGCACCTCTGCCATGCTTCGTATATATGGAAAAAGCGGACTGTCTGTTAAGGCTGAAGGCGGCGCAATCAGCCGGCTAAGTACCGCAAAAAGAGAAACAGTGACAGAAGAGATAATCCTAGAGGAAGGTTCCGGCAAATTAACTTATCCAGCCCTGAAAGTTATAACATCCGGTGTCACCACTGACGGCAAGAAAATCAAGACAGATAAAGACTGCATCAGAAAACGGGTAACTTACGAAACTGCGTACGATCTTTACCGGATTAAGGCGGACAGCCCGGAAGTTACAGTATGCGTTTATCTGGAAAACCGAGTGGTGATCATCAGCAACACAGGTGATACAAAAACCATAACTGCGGAAAATATCTGCGACTACACCACAGCATACCGCATTGCAAAGGCAGCACTGGACAATAAAAAAGGACGGCTGCGCCTTGTCACCACCCACTCAGAACTCCTCAATACCCCCGCAGGGCTGAACATAAACACACCATACGGAGAAGGCGTTATCCGCTCCGCAACCATAAATATCAAAAACAACCCTGTGATGATAACAGATACACTGGAGGTTTTATAATATGGCAAAGGTTACTATAAGCTTTGTTACAGATACTGACGACAGCAAAACAACAATCGAAAGCGACCCTGACAGGAATAAGGATTATACGGGAAGTACAAAAACCAGATTCCGCTACGGAGACACAGCCTATTTCCGCATATACAGCCATGAACCCGACAAGCTGGCTGTAAGCACAACTGACGGCGAACTGGCAGATCTGGGAATATATGCCGGCAGTGTTGCAGACGAAATACTGACCTTTATCACAGACCAGACAGCGGAAACCGAAAAACCGGTCAGGTCTGTAACAGCATACGAGTGGCTGGGTAACTCCCTTGGCAAAATCACCATGCAGGACAGCTATACCCTCTTTGCAGAGAAGGCACCGTCAGCGGATAACATCGCCGCTGTAAACATCAGCTACACAACATCATACAGACTATACTCCATCACCCTCTCCAAACGTGCTTTTGATGAATATCCTGTGATGGTCTATGTGAGGTCGGAAGATGTCTAAATCTATTTTCAGCTTCACAGCAGCGGACACAGGACTGAATTCTTTCAGATTTGTGCTGGAATCCGCAGAGAACAGCGGAAAAACAATATTCGCACCAGACGAACGTGCCCGGCTGAAACTTTACCCCGGAGGAACAAACCCGCATATAAGCGTTACAAGCGGAAAGGGGACAATCTTTCTGAGTGCCGGAAAGCAGAAATACACTGAATATATCGCTTTCAGAGATTCAGACTCCGGCAGTGTCACCTATCATATAGAAAAGCTCGAAACCGCCGTCTGGGAGGGCTCCGGCAGAGGAAAGCCTCAGATTTACGGAAACAGACTCACACTCCCGGCTAAAACCACAGGAGTGCTGAAAGTAACCTATGAAACAAGCTATGACCTGATTGATGTAACATGCAGCCGCCCGACATATGTTCTCGTATCAGCAGAAACAAACTCTCTGGCAGGGGATTTTCTTCTGGACTTCACTGATGGATACATTACTGAT
CP179913.1_gap6	197326	198843	1517	GCTCCCCATACAGAGCCCCAGACAAAGCGCATAAAGATGAAGTATTATATCACACCGCCGAAATTATCTGCCGTTCTCTTCCAGAGCAACTTCGATAACGAAGACATCGTCACCGACCTTAAACGTCATGCCTATACACTGGACATTACGCTGTTTTCCGACCATATGGTTTTTCCCAACGACAACGTTTGGAATAGAAATTTTAAAACGGATCCCCTTGTTTGAGAAAACCTGTTTGGCACCGCCTGCAATCATGTTGAGAATCTCACCAATGGCATCCATGACATCTTCGTCCATCTCAGTTTTCTTCTCACCTAGAAAGTTCTCAAGCACCTTAAAAGCAAGGCGTTCCGTCATGCTGATCACAACAAAACCTGAAGCCTGTCCGGCAAGTCCTATTACGCCTGAAATGTCATAAGGAAGTTTTTCGTCTGATTTAAGATAGAGCTGTCCGCGTTCCGGTTCAATGCCCACCATAGTTTTAAAAACTTCACTGGTGGAGGTTATGAACGGGTTAATGTAATCTGCTTTCATAGTTTTATACAGCCAAAAAGATTAATTTGTTTTCATCGGCGTATCTGACGCAGGAATCAACATCTACGACAAATGTTGTACCCGCCTCCACCGCAATAACTTTCCCGTTATTATCAGCTATATTTTTTAAGGTGTCAACACCCACAGTTGGAATATCAAACCTTTTATCCTGTGAAGGTTTAGCACATTTGACAATAACTGCACCCTTACCGGCAAGACTACACCCTCTGACAACAGCCTTGTCTGTGCCCTCGATAGCTTCAAGAGCCATGACAGCTTTGTTCTTCACTACAACAGTCTGTCCGATGTCAAGTCTGCCAAGTTCTCTTGCGACTTCAAGACCAAACTCTATATCTTCCATCTGAACCTTAGAGGGCTTCTTTTTGCTGTAAATCCCTTTCCCGAGATACAGGGGATAAAGAGCCTCTGACTGCTCCATGACCTCTATCCCGTTAGCGTTCAGTTCGTGACAGATAACATCCATAATAGTATCATCTTTTCTGTTCGGGAGAGTTGCGAGCAGCTTCATAGCCGTGAGATCAAATTTAAGGTCTGAAAAAAGAAGGGACTTGTTCACCTTTCCGGCAAACAAGACCCTGTCCGAGTTATTATTTTTAAGAAGTTTGATTATTTTGCCCACCTGAGTGACACTTACTTTTTCCACCGTAACACCTAGCGAGCCCAGATCAGCAGTAACCTCTTCGTAAAGAGCTATTATGACAAGTTCATGTCCGTCTTTGATCAGGTTTTTTGCTGCGATAAGCGGAAGTTCACCATAACCGGCGATGAGCCCTATACTCAAACTTTAACCTCGATTTTATTCCCGTTGGCGCCTGTGAGGAGTTCGTCGACCTTCAGCGCAACTTTCAGGGAGCGGAGTTCGTGCTCCACAGTGACATTTCTGCACTGCTTGCCTGTTACACAGTCGAGGAAATGCTTAATCTCCATTTTAAGGGGGTTGTCTTTGTAAACAAAGAGTTTTT
CP179913.1_gap7	243424	244396	972	TTTTTCCCTGACACGGGAGAAATCCAGGCATACAGAACTGCCGCGGGGTTTGGTGTGCGGCTGGATGCCGGAAATGGTTTTGCAAACGCCAAAATTTCACCTCACTATGACTCCCTCTTGGTGAAGGTATCCACCCACGCCCACTCCTTTGCTCAATCCGCCCGAAAGATGCACCGGGCTCTGAGCGAATTTCGTATCCGAGGGGTCAAAACAAACATCCAGTTCCTAGAAAAAGTGATTTCTCACGAAAAATTCCTTAACGGCAACTTCAATACTACTTTCGTAGACAGCAACAAAGACCTGTGCGTATTCAAACAGAGACAGGACAGAGCAACAAAAGCTCTCAAATTTCTGGCAAATAATATAATTAACAACCCGTCCGGTTCACGTCTTTCAAAAGAGATAATACTCCCCAGTATCAATCCTCCGGTTGTTCCATACGGTGTGCCTGTTCCGGCAGGGACTAAAGATATTCTGAACAGAAGAGGCGTTCAGGGGGTTATAGACCACGTACGCAGATCAAACGAGGCGTTCTTTACCGACACCACTTTCAGAGACGCCCACCAGTCTCTCCTTGCCACCCGTGTCCGCACTAAAGATATGCTCGATATCGCAGAGTATTATGCACATCACCTGAACGGACTTTTCTCTATGGAGATGTGGGGCGGTGCAACATATGACGTTGCCTACCGTTTCCTTAAAGAATCACCATGGGACAGGCTGATACAGCTTCGGGCGAAAGCTCCGAATATACTATTTCAGATGTTGCTGCGTGCCTCCAACGCTGTTGGTTACACAAATTATCCCGACAATGTAGTCAGACAGTTCATAAAGCTCGCCTGCGAAAACGGAATAGACATTTTCAGGATTTTCGACTGCTTCAACTGGGTTGAACAGATGACACCTGCCATCGAAGAAGTGAAAAAGAACGGACGCATCGCAGAAGCTGCAATATGCTATACCGGCGACATA
CP179913.1_gap8	333451	334304	853	CATTGAAGGCAAATGACGTTAATTGCTAACTTTACTTGAAAAAAATCAAAAAACTCGACATAATGTCCCCCTAGCCTTATTGGAGGATATAATTGTGTCTGAGACCATATCTATCAAAGATGTAAAGCACATCGCAAACCTCGCTCGGCTCAGTTTTGACGAAGCCGGAGCAGAAAAACTTAAAGATGACCTTAACAGTATACTGGGATACGTGGACAAGCTGAACGAGCTGGACACATCCGATGTTGAGCCGACATCCCATACACTGGATATATATACTGTAACAAGACCGGACAAAGCAGAGCCTTCTCTCACTAACGAAGAAGCGCTGGCAAACGCTCCCCAATCTGAAAACGCACACTTTAAAGTACCGAAGGTGATGGAATGAGCTTCTTAAACAAAAACCTGAAAGAGCTGACCGACGGTCTGGCAGGAAAAGATTTTTCCTCTAAAGAGCTTGTGCAGTTCTATCTGGACAGAATAAAAAAATACGACAGCGAAATTCAGGCGTTCAACTACATAAACGAAAACGCACTGAAACAGGCGGAAGCCATAGATGCAAAAAGGTTAAAAGGGGAAACTCTGCCTGCTTATGCCGGTGTGCCTGTTGCCCTGAAAGACCTGCTGATAACAAAGGATATGCCTACAACATGCAGCTCAAAGTTTCTGGAAGGTTTCAAGCCCCCTTTTAACGGGACAGCCGTAAGCCTCCTCGAAGAAGCGGGATTCATAAACCTTGGCAAACTCTCCATGGACGAATTCGCCATGGGGTCTTCCAACGAAAACGCAGCATTTAAAAAGACACGCAACCCATGGGATACAACAAAAGTTCCCGGCGGTTCATCAGGCGGTT
CP179913.1_gap9	339924	340815	891	CAAACTGAACAGGTAACATCAGAGAAACAGCCTCATAGCCTCCCCCGGCTGCAATATGCATAACAAAACCGGAAAAGCCAAAGAAGGACGCATTACCGCTGCCGGTGATGAACGATGCAAAACCAACCAGCGAGATTGTCACAACATAAACCATCACATTGCTGCTCTGGGCAAAATGAAGAAGCCAGTCCATCAGACCAACAGCTTTTAACCCATACGCAAAAGTCTGGGCAGCAAAAATAAGCATCACAATCGACGAAAAGGCGGTTCCCATCCCGTTAAAAAAAGCTTTAACTCCTGCAAATGTCTTCTTAAGATTAAATATTCGTAAATATTCAATGACAATGCAGATAGTCATACTCAGAAAAACTGCCGAAACAACATCAAGCTTCACACGCCCAGAAATAGGATCACTCAGTCCAACAAGCAGAAAGACCGGAAGCATGGGAAAAAGGGCGTAAAAACCTGGCACATCCCTATATGCCGGACTGTCATGGTGGGCGGTAAAATTTCTCTGTCCGGCGAGAATATCCCTCCTGTCGAACCCTCTCTGCACGTAATAATGCAGTGCCCCGGTAAACAGCATCACAGGAAATGCGATAACAACCTGGTATTTTGTAAAATATTCGACAACACCTATCCCGAGAAGTTCCGCCGCAATATTCGTTGACGGGGACGCCGGCCCCATGTCGAGAGCTCCGGCTGTGGCTATAACAGCAGCGACACTCGCAGGGCTCAGCCCAATACGCACAAGAACCGGATAAACAGATACCATAAGAAGTATCCCAAGCCCTGAGGCACTAGGTATGAAGATGTTAAGTATCTGCGCTGCAAAATAAACAAGTACAAGGACAAAATATGGTCTCCTCACAAGCAGAAGAGGTTGAGTAA
CP179913.1_gap10	348051	352324	4273	AAATGATATGTCTGCACCACGCTCTTGCAGAACACGGCTCACAGTCTCCCGCACTTTATCTGCTGTGCCGACAGGTACGGTTGATTTATTTATTATGTATGTGTGTTTTGTAATATGTTTGCCTATCTCTTCCGCAACAGCGAGAACGTATTGCAGATCTGCGCTTCCGTCCTCCCCCATAGGGGTTCCCACTGCGATGAAACATATATCTGTTTTCTCCAGCGCATTCTTTATATCAGTGGAGAAGATGAGCCTGTCCGCCTTATTATTTTCTATGACGATACGTTCAAGACCAGGTTCATAAATAGGTATGATACCGTTGTTAAGCTTATTTATCTTATCTTCGTTAACATCGACACAAATAACATAGTTTCCCATTTCAGCAAAACATGTTCCGGTCACCAGACCAACATAACCTGTTCCTACTACAGAAATATTCATTATATCCCACCCTTCCTCTTCAATAAATTATCGAAGTATTCTATTGTTTTTACAATACCTTCCTCTAACATGACAGCGGGCTCCCACTCAAGTTCACGCTTAGCGAGAGTGATGTCAGGTTTCCTCTGCATCGGGTCATCCTGCGGCAGTGGTTTGAAAATTATGTTATTTTTATTTCCGATAATCTTTATGACAAGTTCAGCAAGTTGTAAAATAGTAAATTCATTAGGATTTCCGAGATTCACAGGACCGGTGAACCCTTCAGGGGTATTCATCATCTTCATAAATCCGTCTACCATATCATCCACATAACAAAAACTTCTTGTCTGTTTCCCTTCGCCGTAGATCGTTATATCTTCGCCACGGAGTGCCTGCATAATAAAATTGCTGACAACTCTGCCGTCCTGAGGATGCATTTTGGGCCCGTAGGTATTAAAAATACGGACAACCTTTATATCCAGCCCGTGCTGACGCTTATAGTCGAAGAATAATGTTTCTGCACACCGTTTCCCCTCGTCATAGCAAGCCCGCACTCCGATAGGATTTACAGACCCTTTGTAGCTCTCCGGCTGAGGGTGGATTTCAGGATCACCGTAAACTTCCGAGGTGCTCGCCTGAAACACCGGAATCTTAAGCCTTTTGGCGAGACCGAGCATATTTATCGCACCCATAACTGATGTTTTAGTTGTCTGTACAGGGTCAAACTGATAGTGCACAGGGCTTGCGGGACATGCAAGGTTATATATTTGATCCACTTCCACCGAGAGCGGAAATGTCACGTCATGGCGCATGAATTCAAAATCTTTATTGTCCATTAGTTTTTTGATATTGTCTTTTCTGCTGGTAAAGAGGTTATCCACACAAAGCACCTCGTGCCCCTGTTCAAGAAGCCTCTCGCAAAGATGGCTGCCGATGAAACCGGCTCCGCCAGTGACCAATACTCTTTTCATATCGACTCCGCTTTTATACAATTTACAATATATTTATCACAAAAGAGCCTTGAATACCACCACCTCAAACAGAAGGAAGTATATTATAGGCATTTGGAATATAGGCGATATTTTCAGCATTTTCAGCAAGTTTTTCTGCGTCTATTAAATTGGTAAGCTTTATGAAGCCCATTCTCACGCAGTCTGATTCAGGCAGGTCGGTATAGAGGTAGACGTCAAAACTCTCCAGCTTTGACCTAAGGTTATAGGCGGTCTGTCTGTTTATCTGGTAATCAGTTAACAGCTCTGTCAGCATAAGGTCTGCTGACTTTCTGTCAAAAAATTCTTTAAAATAGTCGTTGCCGTAGCCGTCGCCGCACTCTGCAAAAAAGATAACTTTTGCGTTATCTGCGAGGATCGGCGATATTCTATCCAGCGACTTCTGAGCCTGCACCATATTGATATCCTTCGGGTGCCCGCCTGCGGATAAAAACGCAAGATCGTATTTATTCTCTACTTTCACTGCTGAAACAGCGTCCAGCATCTCAGTCGCTTTTATGTGGGACATAAACAGATCGCCGCAGGTCATCCCTACAACATCCCCTGCATTATCAAGAATAGTATTTACTGCAAAAAATGTGTGTTCCGAGCGCGCAATCATAACACTTTCCACCAGATCATCATGAACCGGATTGTTGCGTAGATTGCCTGTAACAGCTTTTTCGTGGCGTTTTTTTGCAACAGGGTCGAGGGCAAGTTTATGGTTTGCCATAATAGTCTTTTTGGAAGCAAGCCCTGGGACAATGAGCTTCCGCCCGCCGCCGTAACCCGCAAAATAGTGATAGCTAACCGAACCGATAGTTATAATCGTATCGTGTTCACGATAAGCCTTGTTTATAAGAACGGTGGTCTTCCGTTTTGTAATTCCATAAAAGTCGTGATCATCGTAATTATCGCAGTCATGGACAATCAGCTTGTCTTTATGCTCACGATAAATATCTGGTGTGAAAATAATTTCAAGTTCATCTTCTGTGGGTTGTCTATGTGTGCCGACAGCAACCACCATATTAAAATTTTTATTCTGCTTCTCAATGGATTCTATAATATAAGGCAGAATCTGCCCTGCACCTGACTTGCGTGTTATGTCCGGCAAAATGATAAGAATATTCTCTGCATCCTCTAAGACTTCATTAAGTCCGTAGCTGTATACAGCATCATTCTCCATAATGTCTTTTATCCTGTCTTCCGGCAGAACATCTGTATCTATCTTTGAATCCAGCACATCTGCCGGTTTTGGTATCTGGAGCAGAACATGCTCTTTCCCGCAGGGGATGCTGAGCTTATCCGCCGATTTTGGACATGGTGCGTTTGTATCCATCATTTCTTTTCTCCAAAAGCACTTTATGCTCCTGATCCTTTATATTCAGCCCCTCTTCTATAGCTTCTATCAGTGCATTTCTGTCCTGATTCTTTATTGACGGCACAAGGTCGATCTCCGCGTCTGAAAGGAGGCAGGGACGAAGCTTCCCGTCTGATGTCAGACGAAGTTTATCACATTCACTGCAAAAGTGGTTTGATATAGGAGTGATAATGCCGATCATGGCACCGTTGCTTAGTTCATAGTTCTGAGCGGGACCGCCAAGCCTTGTTTTCTGGGTCTGCTTAAGGTCATATTTGCTTTTGATAATCTCCAAAATATCTTTACCAAAAAGGATATTCTCCTCTTTCCATTCGCTGAAGTTACCAACAGGCATAAACTCTATAAAACGGGTGATAATGCGGTTTTTAGCAGAAAACTCACAAAAGTCTAATATTTCGTCATCATTATACCCTTTGATAACTACCATATTGGTTTTAACAGGACCGATACCAGCACGCTGGACATGCTTAATGCTGTCAATGATCTTTTCAAGTTTGAAGCCGCCGGTGATATCTTTATATCTCTCTTCCTGAAGGGAGTCGAGGCTGACGTTCACACGTTGAATTCCGGCACTCTTGATCTGCTCGGTAAACTCTTTCAGAAGCGCACCGTTTGTGGTCAGCGTCACTTCCTCAAGTTTTTCCATCTTTCCAAGTCCCTCAAGGAATGAACCTATCCCTTTCCTTACAAGCGGTTCTCCGCCTGTAACGCGAACCTTTTTCACTCCGAGAGAGCAGAAAACATCTACAGCAAACAAAAGCTCTTCATAAGAAAGTATATTCTCGTGTTGCAGACATTTAAAATCTGTAGTAGGCATGCAGTATTTGCATCGGAAATTACATCTATCGGTTACAGACACACGGAGATACTTGATCTCTCTGCCAAACCGGTCTTTCATATTATTATGCGTAGACATCATCTTCATTTATCTCCCTTTTACGTCCGAATGCTTTCGCAACAAGAACACTGAGTTCATAGAGGAATATCATAGGACCTGACATCATTATCTGGGTAAAAACGTCAGGAGGAGTAAGCACTGCGGAAAAAATAACTATACCAAAATAAGCATAGCGTCTGTGTTTTCTCATCATGGCTGCTGTGAGAATACCCATTTTCGCAAGAAAAAGGACAAACACAGGCATCTCGAAAACAAGCCCGAAAGCCATTATAAGCCTTGTAACAAAGCTGAGATACCACTGTATTGACAGGTTTGCCGTCACATACCCCTCGGCGTATCCCAGAAAGAATTTAAAACCAAACGGAAAAACAACATAATAAGCAAAGCTCGCCCCGAGAAAAAACAGAAGGGACGACATAAAAACGAATGATACTATGTATTTCTTCTCCTGAGCATAAAGCCCCGGAGCTATGAACTTCCACATCTGATAAAAGATAAAAGGCATACTAAAGAACACAGCAACAAGCAGAGACAGCTTAAGCTCTGTGAAGAACCCCTCTGTAAGCTTCAAAAGCGCCATAGAAG
CP179913.1_gap11	354825	356444	1619	GCAGAGGTGAAACTCCCGACTTTGTGGAAGCCTATAATAAAAATAAAGATAATAACTTTGTCATCGTAGGTCTTTCTCTGGATAAAAAACCTTCTGATGCAGCAAAATTTTTAGATGAGTTTAAAGTCACATACCCAGTCTACATAGCAGACAACGCTCTCGGCTCGGAAATGAGCATAAGCACTATCCCCACCTCTCTGATCTATAAACCGGACGGAAAGCTTTTTGACATAGTTGTCGGTCCATTAACAGCTAAAGAACTGGACATTATAGCCGGAAGCTTTAAGGAATAACTAATTTCCTATTGCACTGCGCAATAACAGCGTTATTTTATAACATGTCAGAAAGATATAGCTCGGAGGCTATTTAGGTATGATAGAAACCTCAGTCAAATGCGTCATAAAAGAACCCCTAACGTCCAGATACATTCTGGTACTTGAAACCCTGTGCGGTCATTATCTCATCCCTGTTTACATCGGAGCTTTCGAAGCAGAATCCATATACTGCGTACAGAATAAGATCAAATCGCCACGACCAATGACATTTGACTTTATCTCCGGCATACTGGGATATCTGGATGAAGTAAACATAGACAGAGTCGTTGTGGACAGATACGAGGACGGTCTCTATAAAGCAAGTGTTTTTGTTATATGTAACAAAGAGGAAAAACGAATCGACTGCCGCCCTACCGATGCAGTTTCACTGGCTCTCCACATGGACATACCTATTTATGTCGAAGACGATGTGCTTAACTCCGGTAAATGTGTCGACAGAAACAATCTCACAAAGCTGGATAACGAAACTCTGGGCTCACTCATTGATGACCACGGCACAGTTTTCTGGAACGTCTGAGCACTAAATCTTTTACACAGGGCAATAAATAACTAATCATCACATTTGTTGCCTTTTTGCACATAATTCACATTCCATTGTATACCATCACTTTACATGGTAATCTAGTTGTACTGTTAATAACCACTTAGTACAGGCAGAAGGCAATGAAGAGTATCTTCTATGCGCCGGTTTTCATTTTTGTGCTGTTCATGATATTCCTTATCACTTTTGAACTTTATCATGGCAAACACAATTACAACGTGATAATGCAAAGCCGTGCAGACGAAATAATCAATACGGTAACAACTTACAGGGAATGGGCAGCGGACGTCGGGATGATATATGCTGATGCAGAAAAAATACCGCCTAACCCTTTTCTGGAGTGGCGTTCAGACAGAGATGTATACACCGAAAATCTGCACCTGACCATGCTCAATCCATCTTATATGACAAGGCTTGTGTCGAACCTTCTGAACGAACATAGCGGCTTTACACTCCGGATGGTGGGGGTGGATGCTATGAACCACTTTAACGAACCAAGCGAATGGGAACTGCGTGGGTTTGACGCATTCAAAAGCGGTCTGGGACTCTATACCGACCCTGAAAATGGCGCCCTTCTCCAAAAATCCTTCCGCTATATGAAGCCGCTTTTTACTACTGAAGCATGCATTCCCTGCCACCTCAAACAGGGATTTCAGGTGGGAGACCTCATCGGGGGGATAAGCATAGAAATGCCCGGGGGCAAAGTAGCATCAATACTGCTTCACAACACCGTACGAAACATA
CP179913.1_gap12	358376	359235	859	GTTTTGTAACATCTTTGCTACGCAGGAATGTCCAGAAGACAGCCTTTGTAACAAAAATAGCTGTGAAGAGCGACGCCAGTATACCTATTGACAGAGTAACGGCAAATCCTTTGATAGGACCTGTACCAAACTGAAAAAGTACAATAGCGGCGATTATCGTTGTAATGTTGGCATCCATAATGGTCGAGAATGCTTTCCCGTATCCATATTCCAGTGCATTCATCGGCGTTCTCCCCATACGGAGTTCTTCACGGACACGCTCAAAGATAAGAACGTTTGCATCCACCGACATACCGATTGTAAGGATAATCCCTGCAATCCCCGGCAATGTAAGGGTCGCACCGAACTGGCTCATAAAACCAAGAATAATCACAAAGTTTGTAGCAAGAGCGATATTCGCGACAATACCGGCCATACGGTAATACACCAGCATAAACGCAACGATCAGTGCAAGTCCTATCAATGCAGCCTTTACACCGCTGTTGATAGAGTCCTGCCCCAATGAAGGTCCAACTGTCCTGTTCTCTTCGATGCTGACAGGAGCGGGCAGAGAGCCTGCTCTCAGCACAATTGCGAGATCCTTCGCTTCCTGCATGGTATTAATGCCGTCTATATAGGCTGAGCCTCCAGGTATCCTGGAACGGATAACAGGAGCCGAATATACGTTGTCGTCAAGGACAATAGCCATACGATTTCCAATATTATCAGCAGTCAGCTCTTCGAAAAGTTTACTGCCCGCAGCATCCAGCCTGAACTGAACGATAGGGGTGTTGTAAGTGGTACTGAGATTAACCTCTGCATCTACAAGATATTCCCCTGTAAGAACGGCATCTTTTTTTACAACAAAAGGAACACGTCC
CP179913.1_gap13	372099	375073	2974	CTTGTCTCGGCATTCGCCGCAAGCGCGTATGCAGAGATCAGACTCGGTGCATTACTCTCGGTTACAGGCGGCGCAAGCTTTCTTGGCGACCCCGAAAAAAGCACACTCGAAATGCTGATCGAACAGACAAACGCCGCTGGCGGCATTAACGGAGAAAAAATTAAACTGTTCATTTATGACACCCAAGGGCGCGAAGACAGAGCGATAAACTATATCAACAGACTAGCACAGAAAGACAAAGTGCTCGCCATCATAGGTCCCTCAACCACAGGCGAATCATTAGCCGTTATCAACAGAGCTTCCGGGTTCAAAGTTCCGCTGATATCCTGCGCAGCCAGTGCAAGGATTGTCACTCCGCCAAACATTTTCGTATACAAAACACCCCAGTCAGACGTACACATTGCTGAAAGATTATTTAGCTATCTTGCGGATAATAAAATGAAAACCCTTGCACTCCTCTCTGTGCAGAACGGATTTGGTCAGACAGGACGTAACGCCGTACTTACCACCGCTGAGAAATACGGAATAGAGATCGTCGCTGACGAAAAATACATGGACAAAGACAAAGACGTAACTGTCCAGCTTTCCAAAATAAAAGACAAGAACGCAGATGCAGTCCTCTGCTGGGCAGCAGGAGGCTCTCCAGCTATCGTAGCAAGAAACGCCGCTCAACTAGGCATAAAAAACCTCTATATGTCACACGGGGTCGCTTCACCAAAATTCATCGATCTTGCAGGCGATGCTGCCAACGGTATCAAACTCGCGGCTGGCAGAATAGTTGTTACCGAAAAGCTGGATGAAACAGACAAATACAAGGCTATACTTAGCAAATACACTAACGATTATGAACAGTATACAGGAAAGCAGGTTTCACAGTTCGGCGGATACGCTTATGATGCTTTCACCCTTTTCAAAGCTGCATACATGAAGTCCGGAAAAAACAGAGTTAAACTAGCTCAAGAGCTGCAAAACCTTAAAAACGTCCTTTCTGTAACAGGGGAATTTAATATGACCGAAACAGACCACAACGGACTCTCCAAAGAAGCCGCTATCATGCTTGAGATCAGAGACGGTCAGTTTATCCCACTGAAATAAGTTTACTTTTAATTAAATTCTACAGGCGGAGCAAATAAAACTTCGCCTGTTTATATCTAAATACCACTAAACACTGTCAACCGATACTGAACCTACCATATAAACCACAACACCCCGTCTCAAAGCTTCTGCCATCCACATCTTTAGTTATACATCAAAACTAACAGACTGACTCCTACAGAAAAACTACGAAGTTTAACTTTTAAATCCAGCCTTAATTGTGTATAACTTTATTTGACCATTACTTAGTGATTGTCAATTTTCTCAGGTATGGAGTAACTATGAAAAAGGTATTAATTATAACACTTATGCTGTGCCTTTCAGCTACAGCATTCGCTGAAATCAGGCTGGGAGCACTATTCGCCGTGACAGGCCCGACAAGCTTCCTCGGCAACCCGGAGAAACTCACTGTGGAAATGCTTGTGGATCAGATAAACGATGCAGGCGGAATTAACGGAGAAAAGATAAAACTCTTCGTATATGATACGCAGGGGCGGGAAGACAGAGCTATATCTTACTTCAAAAGACTTGCCACAAAAGATAGAGTCCTTGCTGTACTCGGACCAAGCAGGACAGGATGCGCTCTCGCCATAAAAAATCTTGCAATAAGATACAAAGTCCCTTTTATTGCCTGCGCCGCAAGTGCAACAATAGTGGAACCGGCTAATGCATTCATATATAAAACACCTCAATCTGATATACATGTTGCTGAAAAACTTTTTGACCACCTTAAGTCCAAAGGGAAAACAAATGTGGCTCTCATATCTGCCCAAAGCGGTTACGGCGCGACGGGGAGAGATGCTGTTCTCCAGAATGCCGAGCGCTTCGGGATTAACATCATCGCTGATGAGAAATTTATGGACACAGATAAAGAGATGACCGCGCAGCTTTCCAAAATAAAAGATAAAAACGTAGACGCTGTTATCTGTTGGGCAGCGGGAGCAGCTCCTGCCATTGTCGCCAGAAACGCTAAAGCCCTCGGTATGAACAATATATACATGACCCAAGGGATTGCCTCCAGAAAATTCATAGAGCTCGCAGGAGATGCCGCAGAAGGCGTTAAACTTACAGCAGGCAGACTCATCGTAGCAGACAAACTGGACGATACTGACAGATTTAAAACTATGCTTATGAAATATAAAACAGACTACGAATCAAAATTCGGCGGCTCGGTTTCGGTTTTCGGCGGGCACGCATATGATGCTTTCGGGCTGTTTGCTGCTGCCGTGGCAAAATCCGGGAAAGATCCTGTCAAGCTTGCAAATGAACTTCAGCAGATCAAAGGATTTATGGGAACTGCCGGTGAGTTCAACATGTCTAACAGTGACCATACAGGTCTCTCAAAAGATTCTTTCATAATCGCAGAGATAAAAAACGGAGAATTTGTTCCGGCAGAATAAGTTTTTTGTTGACTGACTAAAAAAGATAGGGTATATCAATATCCCTGTATGAATGGCGGTGTAGCTCAGGTGGTTAGAGCATACGGCTCATATCCGTAGTGTCCGGGGTTCAAGTCCCTGCACCGCCATATAACGAGAGTTTAAGGGCTTCCGGAGAAATCTGCGAAGCCCTTTTTAATGTGTAAATAACGTAACCACAGGTTTTAACGTCTTAGAATAACGGTACTTTATTGAGAATGCACAAAGCCGACTACTCAGAGCCGGCTTTTTTTAACTTTTAATGTGTATGCAGGTTTGCAAAATATTTTGAAAGGACATCAGACTTCAGCACATCGTTTTCCCTTACAGCGACATTTCCGTCACCATCAAGCAGGATATACCCCGGGATACTGACGCCCTGCTCATGAGCTATACTCTCAGCGTCTGCGCCACTCAGAAACTTAGTAGGTATGCTGCGCTGAATAATACTCTCTGTCTTT
CP179913.1_gap14	537256	539273	2017	AGCTCAGGGAAGATGTCAAACAACTTGCAAAATTTGGCGGAGACAATATACTTGATACCCTGTACGATGAAATGGTGAAAGAAAAAAGTGCCCAGAAGGACGATTTCACCTGTATGATCATAAGAATTTAGAGGTATCAGTGGAACAGAAATCCCGTGAAATTCAGCAGATGTTTAACGACATCGCACATAAATATGACCTGCTTAACAGACTGCTCAGCTTCCGCACAGATGTACGCTGGCGTAAAAAAGCTATAAAGCTCGCCGGGATCGGTTCCGGTCAGACAGTTTTAGACCTTGCCTGCGGTACAGCAGATATGATGATTGAGATGGACTCCCGCATTGACGGAATCACACTCATCGGCGGAGACTTCAGCTATAACATGCTTAAGCTCGGACAGGAAAAATTCCCAAAAGGCGCATTTAGTGTATCCGATGCTCATATGCTCCCTTTCAAAGACAACAGCTTCGACAGAATGACCATCTCATTCGGTTTTCGTAACGTTACAGATAAACCGAAAGGCCTAAAAGAGATGCACCGTGTTCTCAAACCCGGCGGCAAGCTCTGCATACTGGAATTTTCACAGCCTGAAGGATGGTTTTTCAGCAGACTATACAGACTATATTTTACTAAAATCCTCCCCTTCATAGGCGGTGTCATATCCGGCAACCGAGGCGCATATGAATACCTGCCCGATTCCGTTTATAAGTTTCCCAAGAGGGACGTTTACAGACAGATGGTTCTGGAAGCAGGTTTCGAAAGCGTGGACTTTAACCCCATGACTTTCGGCATATGCGACGCAACAATCTGTCACAAAACAAATGTATGAACACAATTTTAACAACATCATAAAAAAACTCGACATGGCAGGGCACACCCTGCAAATGGATGGAAATGTCACAGGGATAAAAATGGCTCAACGGGCTCTGAAAGAGTGCCGCCCGGGCGGAAAAGCGCTTATATTCCAAAGAAAAATCCCTATAATTCTGAACCTTTTTGCATCGGAAACACGCATCGAAGTAGCGATGAAAGGTCCTGTAAGCAAATTTAACCCCGAAAGAGAACTTCATGACCTTCAGTTCATGTCTCCTGACAAGTACAAAGACATCAACTTAAGCGATCTGCCTATTCTGCCCCACCACGAAGAGGACGTATCAGGCTCTATCAACACCGGATGTGTCATAAGCATGGCTGACGGCATACACAACTGCGGGATGTACCGCATCCAGCCTCTGAACGATTCTGAAGCTATAGTACACTGTTATCCCGAGTCAGGGCTTGCCTGTCAGCTTGAGAAAGGGGAAGATATACCTGTCACCGTAGCAGTGGGAACTTCATTTCAGCTCATACTCACCGCTGTCAGTAAACTGCCTGCGGATGCAGACGAACTCAAAATCGCAGACTCCATAACAGCCAAAGGGCTGAAATATATAAAAACAGACAGACACCCCGTCCCCTACGGAACGCAGATAATCATACACGGAGTCGTCTCGGCAACTGAGAAACGTACCGAAGGTCCATTTCTTATCCATACCGGAGAATATTCTAAACCTGAGGATTACCCACTGCTGAAAATTGAATCTGTTAAAATGATTGAAAACGGATATTACCACGCTCTGGTAACAGGGCCTGATTACTGCGAAGGCAGAACACTCCTTGAAGCAGCGGAAAAGTTCACTTCAGGACTAAAAGAAGAATAGCAAAGATAATGATAGCCACAGAGACAACTCTTTTAAGAAAAGTATTGCTGACCTTTACGCTGATGTTTGCGGCAGTTACCGCACCGAAAGCCATTCCCGAACCAAGGGCGATTGCAGGCAGAAAAAGCACTTTCCCCGCATAGATAAATATTGCGACTGACACTGTTGCAGCGATGAGATTAAGAAAGAGTTTAACGGCGTGCGCCCGAACCATATCAAGACCGGACATAACACATGCGGCGGTCATCAGAAAGCCCACCCCTGCCTGTACAAACCCACTGTAAATCCCTATAAAGAAGTACACAACCGAGTTTATT
CP179913.1_gap15	540828	545087	4259	AGTGTGCACACGGGAAAGTCCCTGTGCCTGCCCCTGCCACATTAAAGATTCTGGAGGGTGTTGCAGTTAAAAGGACTGACGAACCAAACGAACTAACCACCCCGACAGGAGCAGCAATCCTTAAATATTACGTCTCTGACTTTTCAACAGAATATGAAGGTGAAATTGCCGGTTCAGCTTATTCGACAGGAACCATCACACTCAAAACCATGCCTAACATCCTGCGGGGCACTCTCATAAAAAATCAGTCTGCAAAAGAGCAGATTACCGTTATCGAAACAAACATCGATGACTGTTCCGGTGAAGTGATAGGAGCACTTTTTGATAAGCTGAAGAACGTCTCTCTGGACGTATTCTGCACACCCCTTACAGGTAAAAAGAACAGACCTGCGGTACAAATCACCGTCCTTTGTACCGATAAAAATATTGATGATGCAGCAGAAATTCTGTTCAGGCATTCATCCACGGCAGGGTTAAGGTATCACAAAACAGACAGAATCATTATGGACAGAAAAATTGTCCAGACGGATGTCAGAGGCGAAAAAGTTGACGTGAAAGTTTTAAGTTATAAGAACATCAGAAAATACAGCCCGGAATGGTCCGCTTGCGAGAAAGTCTCCGTAAAGCTGGGGCTATCGGCTTTTGAAGTCTATGATCTGGCAAAAGCATCAATGCTTGATTAAGCTTTTGAACTCACGATAGCAAGACTCTATCTCTGCCAGCAGGCGGGTAGTGAGAGCCTTATCATTTTTGTCAGCATTCTGCATTTCAGAGCAAAGCGCACAAAGCTCGTCCACCATCATATTTGCCGCAGCGCCTTTCATCTTGTGGGCGTAATGTTTTATGAATTCCGGTTCTGAATCTGCAACAGACCTGCTCAGATTTAATATCTCTTCATCCATCACATTAATAAATTCTTCAAGAAGCATCTCCATAGTGTCTATGTCCAGACCTATTTCTGCCCCGACATTTTTTAAATTGTAATTTTTAATCTGTGTCATCTCCACTGCTCTTTTCCAACATTTTCTGAATTGTTTCTATTTTGAAAGGTTTCGGCAGGAATTCATCAAAGATGCTCTGTTCGCCGATCTCGTCATCAGCAGAAATACAAACGATAAAAGGGCACTTACGACCTTCGGCTTTGCAATTCTGCCTGATCATTGCAGCCACTTCTGCCCCACTCAGTTCGGGCATATTAAAGTCAAGAAAAACCATATCAAAATCCCTTTCCATAGCCAACTCAACTGCCTCTGCCCCGTTGACGGCTGTCTGGCATGAGGCTCCGAATTTTTCAAGGAGCTTACATATCATAATCCGATTAAGCTTATCGTCTTCTGCCACAAGGACATTTATTACGTTCACTTCCTACCGCCTAGAAAAATTCAACAGATGACTGGCTGTCTTCTGCGGCAAGAACATCTTTCAACTCTGCCTCATTACGCCCTCTTGTAAACTCATCATCAGAGAGAATCTTATCTCCGAGGCTGTTATTAAACTCCATAAAGACCTCCTGAATACTTTCGTTAAATTCAGAAAACAGGTCTATGAGCTTACCTGTTGTGCTTTCAAAGAAGTTAAAGTATTTATCAGCCATAAATATCTCACGGAAGTTATTCAGCTCGCCGTCTAAGTCGAGGGTTTTCTGCATAACGTCCCCTCTTTTATTATCTGACTGAGTCTGACAAAGACCGCTCATGTCGACTTTTGCCGTTTCGAAAGTGCTCATAAAATCATTTCTGAGATTTTCCCACATATCGATATTAGAGTAAAGCTTATCTATCAGCCCATTAAGTTCATCTTCTGTCTCATTCATGGAAACAACGACACTGCGCAGACTTTCGTCATTTATCCTTGCAACTTCCACAGCAGTAATAACAACAAGGTTACGAAAAGTTTTAGAGTGTTTGGCGAGTACCCCGACGCTCCCCCTTGTTTTATAGAGCACAGCTCTTGTTTCGTTTATACTCTCACCAAGAGTGTCAATAGTGGTACACACATTACTTGATAATTCAGTAACACGTTTGAGTTCCGAACGGAGAATATTCGTTTTACTGGCTATGTTCTGCAAATCTGTATTAAAAGTGTATATAAAGTCACCCATAACAAGCTTTATCCCTTCCAGCTTGTCTTGAAGAGAATATTTGATAAAATCCAGCTTTGCGGTTGCCTTTTCATATACACCGAAGATGAGTCCGGCTTCGTATGGGGTATTGAAATCCGTCTTAGATACAGCCTCGTTTATTATCTCCATCTCCTGCATGAAAATATCATGAAACTGAGAATTTTCTATAAGAACCGACACATCTGACGTAATGACAAAATCCTCGACAGTTTCAACTTCGAAAGAGCTGTCTGTGGGAACAAGTTTATGCTCCACAAGGTGATCTGCTACATTTTTGAATCTGGCGAACATATCATTAAAATTGGATGAAATGATATCCAACAGACTTTTAACAGTTGTGGAATACTTCTTGATCTCTTTGCTGATATGCGTGATTGTCGAACCCTTATCGCCAAGTGCCATGGTTCTGCATATTGTATTATACGAGAGCAGTTCAAGCTCTTCTGTAATGGCAATGAAAGTCGATGTAGCCTCCACTATGTCCTGTTTCATCTTTTCCATGTTCAGGTTTTCGATTTTGCTGTTGATATCCTCAGAGATAACATTGATTACTTTGTCTGTCTCGCCGACAAAGCTCTCAGAGCCTTTCTGTATCTCTTCGCTGATCGCAAGCATATCTGTGAAGCTGTCAGTTCTGTGACCGACAATCTCATTGATTATTCCGACTATCTCGTAAAAACAATCATTGATCTCATTTTTCAGACTTTCAAATTTTACACTCATTTAATTGATGATCTCCTTCAGAAGAGCTTCTGTAATAGGCTTGAACACCACACTGTCAAATCCCGCTCTCTCAAGCATAGACCTCTCGCTTATGTCGGCAGTGAGCGCAACGAGCTTACATTTCTGCCATTTACCATTCTGTTTCAGGTAGGATAAAACATCCACTCCTGTCTCTCCGGGAGAAAGTCTATAGTCTATCAGTGCAACATCAGGCTCAGAAAGCCCGTCCATCCTCTTTTGCAGATCTTCAAGGGATGTAGATGTAGTCACTTCGTATCCAAGATTATTTAATAATATTTTACACATTTTAAGATGCAGCTCATTGTCATCAACCACAAAAACTTTCATAATAGACCTCTGATATTAAAACAGCTTGTTAACATTAAGAACAAGCACCGCCTGACCGTCCCCCAGTATGGTAACTCCGCCTATGTAGTTCAGGTGAGAGAAATACTCAGGAACAGGCTTGATAGCAATGTCCATTCTGTTCAGCAGTTCATCTACTATAATACCCGTTTTGCCGGCATCTGTAACTGTTATCACAACGCTGACCTCATCACTTAGCTCTTTATTCTCTCCTCCCAACAACTTAGACAGTTGAAAAAGAGGTAAAACATTCCCTCTGTAGTAGGTTCCTTTACCAAAATGAAGGTCTTTTACCTGCTCTTTCTCTATAATTATAGTTTCTGCTACATTTTCTATAGGAAAAGCATAAAACTCATCTTCGCCCATCTGAACCAGAAGCGAAGTAGACATACCGATGGTAACAGGGATCTTCATCGTTACCCGTGTGCCTTCACCTTCAGAAGAAGAAACATCTATAAATCCTCCGACACTCGTTATGGAGCTTTTAACAACATCCATACCAACGCCCCGACCGGAGATATCAGTAACTTTCTCGGCTGTGGAAAACCCAGGAGCCAGTATAAACTGTATTATCTCCTTTTCTGTGAGATTCGCTCCATCAGGGACAAGCCCTTTGCTGACAGCTTTTTCCAGCACTTTGCCGCAGTTAATACCTCTGCCGTCATCAATCACTTCGATATAAACAAAACTCCCTTCATTATATGCTTTGAGAATAAGGCTTCCGGTTTCATACTTGCCCGAAGCTGTTCGTTCCGCAGCGCTTTCAAGACCGTGATCACAAGCATTACGAACAAGATGAACAAGCGGATCTGAAAGGATATCAGCAATTTTTTTATCTATCTCTGTATCTTCCCCGATAATCCTCAGATCCATAGTTTTATTCTGCTTGCGGGAGATATCTCTCACCACACGGGGGAATTTATTAAATATCTGTTTGATCGGAACCATCCGCAGGGAGAGGATATCACGCTGCAAATCCTGTGATATTCTTGCGATCAGGTTCGAGTTATCTTTGAAGTCCTTCACAAGACTCGTTGGGAGGTCATAG
CP179913.1_gap16	551544	556489	4945	TCATCCACAAGGTTCTCCGGCTCCAGAGCCATCACAAGCCTTTTGCCGTCTTCAAGCTTCAAAACCGCAGAGACCTCTGAACCTTCCTGATCTTCATAGACTTTCGGAGGGAGTTCGATAAGGCTTTCATCAACACTTACAACGGCATTAACTTTATCCGCGGCAAAGGCAACCATCACATTGCCGATATCCACTATGACAACACGGGTCGTCTCGTCATCCCTGTTAAGGGTCATACCAAACCTGCTGTGAAGAGACAAAAGAGGGATAACCTCACCGCGCAGAGAGAAAATCCCGAGTACATAAGAGGGGAGACCGGGCACAGAAGTAACCTCAGGCATCCATATGATCTCGTTTATCTTATGGATCTCGATGGCATATTCCTGCTCTTTAATGTTGAAACTTATAAAACGTTTCTCGTCAATAGCCCCCGCAACAACATCTTCTTTCTTCTCTTTTTTAATAAGCGCACTGTTCTGTTCGAGGTATTTACCTGCCGAGTCGATATCTATAATTTCATCTGTATTTATCAATTGTATTATGGAAACGTCTTCACCCTTTCCGACTTTCAGTATGCCGGAGATATATTTCTTATCCACGCCGGCATTCAGTATGTCAGGGAACTTATCAATATCATGCATCTCAGTGGACTTGACTTCATTCACAGACTCAACGATGAGTCCTGTGAGTATCCCCTGTTTATCCACGACGATCACACGGGTATCTTCCCCGTGCACACAGGGGTGTTTGTAGCCAAGCCTCATAGAAAGATCCACCAGCGGGAGCACCTCTCCACGAAGGTTTGTCATACCAAGAACATAGTCAGGCATTTTCGGGACACGGGTTATCTTAGGCACACGTATTATCTGACGGACATCCTCTATACCTATGCCGTATGTTTCCGCCCCCACACCGAAGGAAACGTATATACTCTCTGTTTCTAACGTATTGTCAGACATAACACTCTCCTGTCCTGTCTTATCTGTGGGATCTTTAGAAAACCTGCATTTCGTCTGCCAGCGACGCAACCTCTTCAGACGCTGCCGCTATCTCCTGAAGACCTTTCACCTGCTCATCTGCTGCGGTTTTGGCTTCATCAGAAAGTGACTTAAGGTTTTCAGCAGCTTCAAGCCCCTGCTGACACGCTACCCTCACAGTTTCAACTTTTACAGCGCCAGACTCAACATAGTTGGCGCATTTCTCACGGAGATCAATAAGGTGCTTACGTATTCTCACAACATTCACAAGGTTGTCCACTGCGGATTGTGATTTCTCAATCTGCACCCTGATAAGGGCTGTTATCTCTGCAAGTTCATTCTGAAAATTAACCACACGCTCATACATTTCATCCAGAATGTCCTTCATCCTGTCTGCATTATCCGCTGACTCATTAGCAAGAGCGCGTATATCCGCTGCCACCACAGAAAAGCCTCTGCCGTATTCACCGGAACGTGCCGCCTCTATATTACCACTAACTGCAAGCATGTTCGTCTGTATCGCTACGTTTGTGATTGTGTCAACAATCTTTCTTATATTGCCAAAAGATTTATTGAGGAGAGCCACTTCGTCATGCACTTCACGCAGGTTATTTATTGAACCTACAAACCCTTTCACAACAAGCTCTATGCCGTGCCTGAAGTCTCTGAAATGCCCCTTAAACTGATCAACAGACGGCTTAACTTTATGAGAGAAAACCTCTCTGGCATCCTGCATCTTTCCGCTTTTCATCAGTTCAACTATTTCAGCCGCACCAAGGTGTACATGGTTGTGAGGTTCCCTGATAAATTCATAAGCTTTCTCCTCTTTCCCCGTGCCCGGCTTATAGGTCTCATACCATGCCCCAAAAGCACACTTTGTAGGGTCAAGCTGTCCCATAAAAGGCTTATTATTATTCAGTGATTCTTCAAGCTGATTTATAAAAACAATGTGGTCAAGCGCCTTTATCTCTTCCAGAGCATCATCAACAAGCTTACCGAGTTTCATGATAATGTCCCAGCTCTCCTGTCCGTTACTGAGATAATCAGAAATTGTATTAAACTCTCTTGTGATACCGGCTATCTCTTCGAATATTTCGCTTGTACCTATGTCCATCTGGTCTATAGCTTTCAAAACTTCATCAGCAGATGCATTCAGCTCTTCTATAGTGCTGGAGAGTTCTTCCGCTGCCGCTGCAACTTCTTCTGATGATTTTGCAATATCAGTAGAGTGCTTCAGCTCATCAGACATTTCTGCAAGCTCCTGCGCGGCAATGGTTAGCTCGCTAAATGCTTTTGACTGTTCCCCTGTAAATTTCCCCACTTCCTCTGAAGCGGCTGCATTCTGCTCTGCGGATGAGGCGAGTCTGCTCACAAGATCCATAGATTTGCTCGACTCGTCACTGATACTCTGTGACCCAAGCTTAACCTTCTCAACCTCCACACCTATCTCGTCTGTATGGCTGCGGACAGTTGTACATTGCTTACTTATAAAGTCCGCCTTAAAAAGATTTGTGCGGGAGAGCAGTAGAAAACTGTCCACTTTTCCCACAACCTGAGTTACCTGCTCTAGTGAGATATCAATTACACTTTTTATATTTTTTGCTGATTTTTCAGACACTTCCGCAAGGGTTCGCACCTCATCGGCAACAACAGCAAAGCCCTTACCGTGCTCGCCTGCTCTTGCCGCCTCTATAGCTGCGTTCAGAGCAAGGAGGTTGGTCTGGTCGGCGATTTTTGTTACCACCTGAACAATCTGACCGATAGAGTCCGCCTTCTCTTTAAGCTGGTCTACAAGCTGAGTTGACTCCTCTACTTTATCAGTGGTGGACTGCACGCTCTCTTTAAGGTCGTTTGCAGCATCAACAGTCGCTCCGACCCTGCTTATAAGCTCGGCTGTAGACTTCTCGTATTCTATAGAGGTTGTCAGAACATTCTTTGCATCGATCTCCAGAGCGATAGTATCGTTTTTAATCCCTTCTGCACTGGTGCTTGCCTGACTGGATGCAGCCGAAACCTCGTCCATAGAGGCATTGAGCTGACCGGAAGCACTGGAAGCCTGCTCTATCGCAGAAGCCATCTCTTCTGATGCTGTTGCAAGTCTTTCTGCATTTGTCTGTTGTTTCGCAAGAGTTCTTGCTCTTGCTTTCTCTGCGACCTGTCTTTTGGAATCATCCCTTCTTTTCAGGAGATCCTCTCCGTCTTTTCTCACTATCCCGGTTCTACCTTCCAGACTGGATGGTTTGGCGAGCTTTTTCATTCTCTCCCTCCGCATAAATATTTAGTATATCTTAATGTCTTTAATCTTTTCCGAATCTATCTCTGCCTTTAGCGTAAAGTCGTGCTCTGCACCTGTCTTAACATCTTTAGTCCAGACACTGACGATACCGCTGACATCTATAGCAAAACCGATATCAATAAGGTTTTCTTCTTCATTTTTATCTATTTTAAAATCAAACTTGCCCAGACTTACAAAATATTCAGGGTCATCTGTCGGGCTGTCCGAAATATTCAAAGCTGACCCGGCCATATCCTGAAGAGCGTGTATGGTGACTTTATCCAAATTGTTGTCTGTGGTCTTGAATCTGGTCGAGAATTCCACAGGGTAGGGCTCATTCTTTTTCATTATTATTTCAAAATCACCGTTGTCATCTTCTATACCCATATTATGACTTGTTACATCAAAAAACTTTTTATCTGTGACAACCCCCGTCTGCATGGCGGCATTCACTGCGGCACCGCTCACCACAGCCTCTTCAGGATTAATATCCTTACTTAAGGCATCACCGAACATCTCTGCAACAAGAGAGCGGACATTGCATATCCTGCTGGCGCCCCCCACAGGAAGTACACGGCTGATATCTTTTGTGTTTATACCGTTTAACTCCAGCATATCAGAAACAAGTTTTCTTATTTTATCAGTTATATGTTTTGTAATCTTAGTAAAAAGTTCTCTGTCTATAGTCTGTTTAAAGTGAAGAGGTCCCTTCGGTGTTATGGTTATATATGGTATCACGAGATTTGTTTCATTAAGTGAGGACAGTTCCATTTTTGCTTTCTCTGCCTGAAAAAGAAGCTGCTGAAAAGCTATAGGGTCGCTCCTCAGATCAATCTCGTTGATTTTTGCAAATTCGTTATTAAAGTAGTCTGCCACAGCAACATCAAAGTCAAAACCGCCTATCTGAGTTGAACCACCTGTAGCGACAACCTTCAGGCAATCTTCTTTAATCTGTATAAGGCTGATATCAAGAGTTCCTCCGCCAAGGTCGAATACAAGACAGAGCTCATCCTCTTTTTTGCCTATATTATTATAGTAAAGAGCTGCCGCAGTGGGCTCATTCAGCAGGGATAAAACATCAAAACCTGCCGCCTCAGCAGAAGCACGAACCGCCTCCCGTTGCAGGTGGTCAAAGTATGCCGGTACTGTCACCACAGCCTCCGCATCCTTCTCCCCTGTATAATCACTGTACAGAGTTTTAAGCTTTCTGAAAAAGAGAGCCGCAAGCTCCGGTGGGGTGTATTCTCTCCCATAAAGATCAAAAATTTTATCAGTGCCCATATATCTCTTAACATTAGAGATAGTGTTTTCTGACTCCAGCAGCTGCATACTGCGGGCATTGTCCCCTGTAACAGCTTCGGAAGCATTCTTAAAGTACACAACAGAAGGGAGGAACCTCTTTCCGCTGTCAGAGGATATCACCTCAATGCCTGAACCTTCCTTATAAACAGCAATCATTGAGTTCGTTGTGCCAAAATCTATACCAACAGGGTATTTCATACTTCCCCTCCAGTTATGGCAGTCTTCTCTTCTATAAAATCAGCAAGAAGATTAAAGTCCATATTACCCCTGCTCCTTGGAGCAAAAACGTTTATAGGCTCTCTGTATTCCGGAGCTTCTGCTATTTTTATGTCGTTTCTGATCCTCGGAGCGACCATATCGTCTCCGAAGTTTTCGTATATCTCCTTCAACA
CP179913.1_gap17	562839	566997	4158	CCGTCAAGTGACTCCACTTCTACCCTTATGAGTCCTCTCGAAATTTTACCGTTTGCCAGCCTTTCACTTATGGCGTCTTTGGAGTTGGAAAAGATATTCAGAAGAACCTGTTTAAAAAGTCCCTGTTCACCATGAACAATAAGCTGCTCTGTCTCCTCATTATCACCACGGAGCAGAGGTTCGATAAAGATACCGGAGTTACTGTAACTTTCATTAACCAGAACTGACACATCCTTAACCGTTTCAAAAAGATTAAAATCTTCTCTTTCGTTGCTGTCCGGACGGACAAGATTACAAAAATCATCTATGGTATTTGACATATGCAGTATAAGCTTAACAGCTTTTTCCACAGATTCTGTCAGGTATTCTTTTGAGATACCTTTTTCTTCAAATTCATCCATCAGATCCTGAACAATCATCCCAAGGGAATTAAGCGGCTGACGCCACTGATGTGAGATAGCGTTCAGCATCTGCCCCATTGCTGCCATCTTACTCTGTTCATGCAGAACCTGTTCACTTCTGCGTCTGTTCTCTGTTTCAACAGCGACTCTGTTTTCAAGGGTCTGATTAAGGTTCGCAAGAGCATCTTTCTGCTGAATGAGAAGTTTTTCAATTTTCTTCCTCTCGCTGATCTCATTCTCCAGCAAAGAGTTGGTCGCAGTCAGCTCTCTCGTCCGTGATTCAACCTCAGCCTCAAGTTTCTCGTTAAAGCTTTTAAGGTAGATTTCGGACTGCTCAAGCCTTTTAACACTTTTACTAAGCAGCTCATTTGCCATTTTATTTCTGTTGTAAAGTTCGAAACTTTCCAGAAGATGTGCGGTATTATTCATCACGATGGTGATAAGAGAAAAGACCGCATCGGGGACATCCTCTTTGTTCACATCAAGCAGGCATATAAACATCCCTCTTGTGCGTGAAACAGTGGAAAGCGCATGAACAAGAAGAACACCGTCCAGCACTTTGCTTCTGACTGTTACAGACCTGTTAGCTTTGACAGCAAGCGCAAATGTGTTATCCATAATGAGTTTATCTGTTTCGGAAACGATACTGTCCCTGCATTCCTCCGGGAAGAAGGCTGCGGGCGTGAAGAAACCGTTACTCTCATCAACCAGCATAAATCCTGCTGACTTAACGCGAACCAGTTTTGATATTTTTTTAAAGGCACGTTCGATGATAATATCAGTGCTTTCGAGTTTATTAAGGCTGACCGCAAGATCGTCAACCTCTAAAACATTCTCCAAAGCTTTGATACTCTCTGTTTTTTCCTGAAGCAAAAAATCAACTCTTGCCTCCAGAAATCCGAGCCTGTCGTTCTCATTCATTTAAAGCACCTTAAAGAAAACTTCCTCAATCTCTTCGATCTGCCTTTCTGACTGGCTGACAATTGGCTGAATAACAGAAGGCGAAAGCCCAAGACTGCCCCATATTTTTTCACTTACAGATGGAACAATCGTAGATGCGGAAACCGGCGCACCAAAAGCGATGGCAAGACAGTCCGCTATATTTATTATTGAAGATTCCACATCCACAGCAGAATCCGTATGATGAAATTTAACATTTTTTATGAGCCGTGACGGAAATTTCCATTTCTCCATCAGGGCACTGCCAACATCTGCATGCTCAAAACCAAAAAGTTCTTTCTCTACTTCTGCAAGAGGTCTGGACTGAGTCATACTGAGATAAAGCGCATATGCAGAGTGCTCCGGCAATGATTTAAATATGACAAGCCTGCCCACATCATGCAAAAGACCGGACACAAAAAGTCTCTCTGTTGAAACCCCTTCGAGATAAGTACCGAGAAGTCTGGCAAAAACACCGCAGGCAATGGAATGTCTCCAGAAGAGACGCATATTTGTCAGCTCCTGCGGTATCCCTTTAAATGCCTCTATGGCAGAAATTCCCACCGCAAGTGTTGCAAGCTCTTTTGTACCGATAATAGTAATGGCTCTGCGAATCGAGTCTATTTTAGACGGGAAACTGTAAAAGGCACTGTTAACGATCTTAAGCAGTTTAGCTGAAAGACTGGTGTCTTTCTCTACGACATCCGCCATGTGTGACGCTGAACTGCGGGGAGAGTTGAGAACCTCGTTGATCTTATAATATATATCAGGGAACGATGCCAGCCCGATCTCTTTGTCTACAAGATACTTCGGCGTAATGACATTCCGATCAACGGGTTGCGGTTCAGATATATTGCTTATATCCTGCTCTTTGAGAGCATCCGCTGCTTTGATTTTTCCGGACTTTATCCCTTCTGCGATATTGAGTTTATTAAGTCTGTATATCTCTTTCGCAACATCGGCGGTCAGACTGGTATTTCGAAAATTCCTCTCAAGAATACTTTCTGCGTCAGCAAGTATCTCTTTAGAAAACTCTGCTTCTGCCTGACTGTCCAGTATACTTTTGTCAACTCCCGTAATGAACGCTTCTGTAATCCCCCATGACCGGGCGATTTTGATATGCTTTGTTTCGAAAACAGACCCAGCACCCAACAAAAACCTTCCGTTAGGGCAGACAAGGTCTTTTTCAAGCTTCATTCCGGGTTTGATATCATCGATATAAACTAATCCCATATGTCTTTTTTACCTATTAGTAGTTATTTCCGTATATCACATATAACATTATGACACAATGACATATTTGCTCATGAGCCGTAATAAAGTGTGACCGTAAACTTCGCGCCGTCCTCTACATTGCAGGCTGTAAGCAGTCCCCCCATGTGGTCTTCCACCATAACTTTTGACATATAAAGTCCAATACCTGTACCTTCCCCTTCCGGTTTGGTGGTGTAGTACGGGTCAAAGATTCGTACAAAACTATCATCAGGTATCTTCACGCCATCGTTACTAATGGATACTGCAACTTTCATTTCCTTATATTCTATTGTTATATATATGTTACCAGCATCTCTGAGAGAATTATTTCTCTTTTCTGCTATCGCATCTCTGGCATTCTGAAGAATATTCAGAAGAACCTGTTTCATTTCACTGGAACTGATTAATATATCTTTCCCATATTTTGCATCAGCGTCAGGAAGCGCATTTTTAAAAATTTCCTCTTCTCTGTCGGAACGCACAATAATCTCATAGTCAATATTCTGGTTGCGAAGCTGAGTAGAGATAAGCGAAACGCTTTCAGACACCACAGAAACTATGCTCACAGGCTCTCTCTTGTTTGAAGAGTGAAAAAAATTTCGAAAATCATCAATAGTTCCGGACATATGATGTATAAGTTTCATAGAGTTTACAACAAATCCCCTGAGATACACCCCGTCAACCTCTCCGGCATCATAAGCATCTTCGATATCCTGCGTATATAAAGCAAGAGCATTCAGAGGCTGCCTCCACTGATGAGCGATAGCACTTATCATCTGCCCCATAGCAGCAAATTTAGCCTGCTCGAAAAGAAGCTGTTCATTCTTCCTTCTCTTTTCGGCTTCTTCAGTAACCCTTATCTCAAGATTTCTATTTATCTCTTCGAGCTGCATCTTTCTGTTCAAAAGCTCCTGATCCATCCGGATACGTTCGGTTATATCACGAAAAACATATACAAAACCAACAGCCTCACCTTTGTTGTTCACCATCGCCGAAGATGTCAGGTTAACTGTTACAGCCCCTGAATGCTCAGTGTCAATATTTGCTCGAAAAGTTTTGCTGAAAGAATCATTTATGCGTGTCAGCTCGGCGGAAAGATCAACTCCGGTATCAAAATCACGTATCTTAAGCACTTCTGCAACATCCCGCCCCAGCAAAAATCTTGTTTTCTGTGCCAGTATAAACTCCGCACTGCTGTTCATAAGTGTTATCCTGCCGGTTTTGTCCGCAGCAACAACTCCCTCTCCGATACTTTTAAGGGTAACATCAAGCCTTTCCTTCTCTCTTTTCAATGCATTCTGGATTCTGGTAATCTCTGTTATATCAATAAAAACAGCTATTAGTGCCTCTATAGTGCCGTCAGAATTATGCATAGGGTGCACGCTGCACAAAACAGGGAAGGACACCCCTGTTTTCTTCACCATCTCAAAGCGGGCTGTTGTCATATTTCCGCGTCTTAGAGCACCCTTCTGCAACCTGCCCAAGTCGTCACCGCCACCTTTCACCATCATCGCCGCATACTGTCCGATCATTTCAGAAAGCTTATAGTCAAGGATAAGCTGCG
CP179913.1_gap18	569157	569935	778	ACCTGAAAGCGTCCCCATATACCCAATATTTATTTTTTCTTCATTCTTGCTGCAACCAGCGACCCCTGCTGCAAGCAAAACCATCAGAAATATGATCCTTAACAATATTGTTAACCCTCAACCTAGTCCGGCTACAATAACATGAGAGCAAATTTTAAACAATATGATTTAAAAGTATATAGCGTGAAAAATAAACTCGTTTCTGCCTTATATTTTACGCTTTTTCATCAACATTGATGCCTTTGCCGGCTTGCCTAACCCTTGCTTTTTCCTCTCTGTCATCCGCTTTCGCCTCTTTTACGCGGACATCATCTCCCCGCCTCTGCTCGATGCTTTCCTCACGTATCCTTTCCGATTTTGCCTGCTCCTGCCTGCGCAGTTCTTTACTCTCCTGCTGACGTTTCTGTATCTGTTCAGCGTATTCCGCATTAGCAGTCATTCTGCTTTCAATCCTTGCCATATGAGCCTCCTCATTTAATATATCTCACATTACGCCTATGACCCTGAAAAGTTATTTACTGTCGGTAATCCCAAGCAGCATAAGCACTCTGCTGGGCACAAGATTAGCCTGAGCGCTCATCGCCAAAGCAGCATCCCTGCCCGCCACGGCAGCATAGTAATTAGCTGTCTCTCTGGGAAAATCAGTATCTTCATGAATGCTTAGATTAGACTCGAACCCGGCATACATATCACTGACAAGACTTGTGCGTGTGCTCAAGCTGTTAACGAGACTGCCTACTTTTGATGCCTCACTGCTGACAATATCCATTTTCTCATC
CP179913.1_gap19	656314	660458	4144	CTGGAAGATCCTTTTTATCTATCATACTTTTCACGTCTACAAGTATGCCAAAGTCATTGTAAAGATAATTCAGCTTATTTGCCTTAAACTTCTCATAAAATGATTTATGCTTCACGGTTATAATTATTGCATCGTAGGTTTTATTATTCAGGTCAGACATGAGCTTTATATCATATTCACGTTCTATAGCATCAACATCTGCAACTGGATCATACACATCGACTCCCATACCGTATTCTATTAGTTCATCGTAGATGTCTATTACTTTTGTATTTCTAACGTCAGGGCAGTCTTCTTTAAATGTGAAGCCTGCTATCAATACGTTAGAACCTTTTATTCTTTTGCCAACTTTTATCATTTCTTTCGTAGCTTTCTCAGCGATGAATTTACCTATACTGTCATTTACTCTTCTGCCTGCGATAATCATGTCGGGGTTATAACCTATAGCCTGTGATTTGAATGTAAGATAATATGGATCCACACCAATACAGTGACCACCGACTAGCCCCGGATAAAACTTTAGGAAGTTCCACTTAGTGCTTGCTGCTTCGATAACTTCATTGGTGTCTATGCCTATTTTGTCAAATATCAACGCAAGTTCATTCATCAGAGCAATATTAAGATCTCTTTGGGTATTTTCGATAACTTTTGCTGCCTCAGCAACCATCATACACGATACTCTATGTGTGCCTGCAGTAATTATAGATTTATACATGTTGTCAATTACCTCAGCGGTCTCAGGTGTACTTCCACTAGTAATCTTCATGATATTCGTAAGAAGTCTGTTCTTGTCGCCGGGGTTCACACGCTCTGGCGAGTACCCGCAGAAGAAGTCTTTATTGAATATCATACCGCTAAATTTCTCAAGAACAGGAACACAGTCATTTTCTGTACATCCTGGATAAACTGTGGATTCGTATATTACGATATCCCCTTTTGAAAGAACTTTACCTACTGTTTCACTTGCTTTAACAAGAGGTGTGAGATCGGGACTTTTATATTCATCGATGGGAGTAGGGACAGTAACGATATATGTATTACAAGCCTTTATCTCTTCAAGCTGATTTGTAAATATTAATGCATCCGAATCCCCTGTAGAAACTGATTTTAAGTCTTTTGCAGAAACTTCGAGTGTGCGATCCATCCCTTTGGAAAGCTCGTCTATTCTCCACTGGGCAATATCAAACCCTTTTACACTATAGCCTTTCTGAGCAAAGGCAACACTCAGAGGAAGACCAACATAACCTAAACCAATAATACATATTTTATGATTGAAAGAACTCAACAAAACACCTCTGTATATGAAATTATATAAGCACAGAAAATAATGCAGTAAACACTATTTATTAACCTATTTTCAATTATATAAACTGCATGAATAAATTAAACTTACCATAACGCATATTTATAAGCCAGTATTAATTATACAATAGCTTATAAATATGTTTATTTTAAGGGGATAAGGTACGATAAGTTTCGCAAATTTTCATATCGGCATATAGACGGACAAGGCCGCCGCCGTTTTGGTAGAATACGTTACGACACAAATTCACCATAGGAGACAAAGGCCATGTCCGATGAGAAGATTATACACCTTAACGAAGGTGCTATAAAGGGCGAGTTACAAGAGCTTGTCCGCCACAGTGTTGAAGAGACACTTAATAATCTGCTTGATCAGGAAGCACAAGCTTTGACCAACGCAGCTAAATATGAGCGTACTGAGAATCGTAACGGTTATCGTTCAGGTCACTATGAACGGAATCTTCTGACAAGCTCAGGAGATGTTAAACTGAAAGTTCCTAAGCTTAAGGGAGTAACTTTCGAAACAGCAATTATAGAACGCTATCGTCGTCGTGAGAGTTCAGTAGAAGAAGCTCTTATAGAGATGTATCTTGCCGGTGTATCAGTTCGCCGAGTAGAGGATATAACAGAGGCGTTGTGGGGTACTAAAGTATCTCCGAGTACCATCAGTGAGCTTAACAAAAAGGTTTATGTTCACATAGATGATTGGCATAACAGGGAGTTGAAATGCAACTATCCCTATGTTTATCTTGATGGAATTTATCTTAAGCGCAACTGGGGTGGCTCATATGAGAAAGAGGTGGTCCCCATATTCTGTACAGTTTTTAGACCGAAATAAGGTGTAAACTCTCAGTCATTTTATCATCTTTTTTCCAAATCTGAATCCCTAATCCGTTATAAGCTTCATATGGTGTTCTATCAGCCAGAGAAGAATGCGGTCTCCTAGTGTTGTATAAATTTATCCAGTTACTAAGCCCTCGCTTCAGATCGTGGCCGTTATCAAATGCATGCAGATATACGAAGCTATACTTCAATGTCCTCCAGATTCGCTCGATCATGACATTATCCATCCAGCGGCCTCTGCCATCCATAGAGATTCTAACACCAGCATCTTTAAGAGTCTGTGTGAACTCATAGCTGGTAAACTGACTGCCCTGGTCGGTGTTAAATATTTCAGGTGTTCCGTATTTTTCAAGAGCCTCTTCCAGTGCAGCAACACAGAAATCAGAATCAAGACTGTTTGAGAGTCTCCAGCTCAGAACTTTTCTGCTGTACCAGTCCATAATTGCCACCAGATAGAGAAATCCACGCCTCATAGGCATGTAAGTAATATCTGAACACCAAACCTGATTGGGACGGCTTATATCCAGCCCCCTGAGCAGATACGGGTACTTTTTATGAGCAGGATGAGGATTACTGGTCTTAGGCTTCTGATAAACAGCAGCTATCCCCATCTTATTCATCAGTCTGCGTATACGCTTACGACCAACATTGTATCCATACCTTCGGAGAGTCTTTGACATCTGCCTGGAGCCGAAGTCAGGCGTCATCATAAACTGCTCGTCTATAATACGCATAAGTTCAAGGTTTAAAGCAGACTCTCCAGACTCTTGATAATAAAAGCTGGAGCGACTGATACTAAGAAGCCGGCACTGCTTGCTAATTGAGAGCTTGCTTCCAGAATTTTCTATCATAAACTTCCTCCGGGATATGCTTACCGTTTCCCGAAGGCTCGTTGCAAAAAATCTCGTTCCACCGTTAGTTGTCCTATTTTTGCATGAAGATCCTTTATTTCTGCTTCTGACATTTCTTCTGACTTGCTGGACTTATTTGAAAAGATTGTCGACATTCCTTTGATGGCTTCACTCTTCCATTTAGAAATCTGGTTCGGATGAACATTATACTTGGCTGATAATTCCGATAAGGTCAGTTCTTCCCTCAGAGCTTCAAGAGCTACTTTTGATTTAAACTCAGCTGAGTAGCGGGTACGTTTTGTTTTTGACATCGTGTGATCCTCCAATATGCTTTTTCCACCTTAGCATATTGTACAGATTTCTGGGACCACCTCTGTGTTTACAAGTAGAATTTTCTCGTAAGACTAAGAGAGGAGATTTTGAAAGAAGCTGAGAACGGTGTTCCCGTTCCAGAATTATGTCGAGAATACGGTATGAGCAGTGCCTCATTTTATAAATGGCGCTCCAAGTACGGCGGCATGGATGTATCCATGATGAATCGTCTAAAAGAGCTTGAGCTTAATATGCGTATCAAGCTCAGAAAGCGAATTCAGCGAGAGAAGCCGGAGCCACTCTCCCAGCCAGATGCCGTAAATCAGGCATGGTCAATAGGCTTCATGCATGATCAGCTGGGAGATTGGCGTAGCGTAAGGTTGTTCAATATTTTGGAGGATTTTAATCGTGAAGGCTTGGGTATAGAGATCGACCTGTCATTACCTACTGAAAGAGTAGTACGCTCACTTGATAATATACTTGAGTGGCGTGGCAAGCCGGAAATGATACGTTGTGACAATGGTCCTGAATTTACCAGTAGGAAGTTTCAGGCATGGGCAGAGAAACGTAATATCCGTATAGAATATATTCAGCCAGGCAAGCCTCAACAGAACGCTTACATCGGGCGTTATAACCGCACTGTGCGATATGACTGGCTCAGTCATTATATATTTGGTAATGTTGATGAGCTAAGAGAACATGCCACACGTTGGCTGTGAACATACAACAACGAAAGACCGAATACTGCCATAGGCAGGATAACTCCTATGCAGAAACTGCGAAATACTGAAAAAATGCTACTGTAAATTACTGTTAAAAAAGGGAGAATTACCGTG
CP179913.1_gap20	667201	669133	1932	ATCTGCTACAGTAACTTTCATTGTATTTTTCTCCTTGATGTATGGAAAAGCGGGTGACCGGACTCGAACCGGCGACCTCAACCTTGGCAAGGTCGCGCTCTACCAGCTGAGCTACACCCGCTTGACTATCTTTTGAAAGGGCTTTTGGATGCGAGTGAAGGGACTTGAACCCCCACGTCGTTAAGACACTAGATCCTAAGTCTAGCGCGTCTACCAGTTCCGCCACACTCGCAAAGCAAAAAGAAAAGGGTGAATGACGGGGATTGAACCCGCGACAACTGGAATCACAATCCAGGGCTCTACCAACTGAGCTACATCCACCACATTCTTCATCTAACGCGCTCAGGAGGATTCGAACCTCCGACCTACGGATTAGAAGTCCGTTGCTCTATCCAGCTGAGCTATGAGCGCATAGCCTTACTTTACGAATCACGAAATCTATCAAAAGACTTCCAACAAGTCAATAGCATTTTTATATTTATTTTGCAAGTTACTGCTTGCGCTCCTGCTAATTTCAGCTTATTAAATTTAATATATTGATAAACACTGCAAAATCTGCACAAAATTAAGGATACATATAATGATACTTTTTGACAACACACCTTTTCATATAGGGACTGCCGGTTACAAATTTGATGACTGGACAGGTCCTTTCTACCCTAAGTTCACCAGAAACGAAGAGATGCTCGGGCACTACAGCAAAGAAAAGGGGCTGAAGTTCCTTGAGCTAACATTCACTTTCTACGCAGACCCTACAGAAGAGATCACTACAAATATAGCAGAAAACTCCGCAGATGACCTCATGTTTTCTGTTCGCCTCCCGAAAAGATTTCTTAAGAACCCCTCTTCGATATTCGATGCCAGCAGATTCAAAAATGGTCTCGACCCTATATACCAAAGAGTAAAGGCTTACTTCGCTGATTTCTTTTTCGGCTTCACGCCTTCCCGTGCGAACCTCGACCACATAGCCGCTCTCCGTGACAGATTTTCTGACAAGCCATTCTTTGTGGAACTTGCGAACCGCGGCTGGTATAAAGAAAAATATATTGAAGAGCTCAAAAAACTTGGCGTAGGTATTGTCGTCTGCGATTACCCTCAGTCAAGCGGCCTTGCTCCTTATTTCGTGCAGGCGTTCGAGCGCAACGCTTATTTCCGGCTCTACGGGAACAGTCCGAAATGGACATCACATGAAACAAGAAACCTGGAATATGACTATACCGAACGCGAGCTCAAACGGATAATAAAAGATGCAAGCGCTATGAGCGCAATCTCTGATAATGTTTTCATATCCTTCTGCAACTCTGCACAGGGGTATGCACCGAAAAACGCTATGGAACTTTCAAAGATGCTGAGGGACAAAAACTGTGAATGATATCCTACAGCAGTACGAACAGAAATTTACCTCTTCAAAACTGCTTTTTGAGAAGTCAAAAAACTTTTTTCCTAATGGTGTCTGCCACGACATACGAAACTACCCGCCATTCCCTGTTGTCACTGAAAAGTGCGAAGACATCTATATGTACGACACAGACAGCAACAAAATCCTCGACCTCTGGATGGGACACTACGCCCTGCTTCTGGGGCACGGGAACCCTGCACAGCTTAGAGGAGCAGCAAGAGGGCTCCAGTCGGGAATGCATCACGGCACACTGAATACTATGCAGATAGAATTCGCTGAACTGATGCAGAAAGCAGTACCGGAACTCGAACAGATGCGTTTCTGCACGTCCGGTACAGAAGCAACTATGTATGTAACACGAGTAGCAAGAGCATTCACAGGAAGAGATGTAATTGTAAAAGCAGAGGGCGGCTGGCATGGGGGCAATTCTGTTCTCTCAAACGGTGTAGTTCCGCCTTTCGTAAAACGTGAAAATGCCCCTGAAGGACTGAAAACAGTATCAGTTCCATACAACAACCCTGAAGTAACAATGC
CP179913.1_gap21	674497	679305	4808	GGATACTTTTTGTCATTTTTGTAGAACTCGATACAGGCTTCAGTTGTTATGGTGAAGCCCGGAGGGACAGGTATACCTATACTTGTCATCTCTGCAAGTCCTGCTCCCTTGCCCCCGAGAAGATTTTTGTTCTTACCGTCACCTTCCGTGCGGTCTTTGCCAAAGAAATACACCCATTTGGCGCCCATAAGGATAACCCCCAAGTTTTAAATTATTTTAGTCAGGTCTCCCAGCATGTTGAAGACACTTTTCAGTTTATTAAGCAAACTTAACCTGTTTAGACGTATTTTTTCATCTTTTGCCATTACCATGACATTTTCAAAAAAGTTATCTACAGGTACACTGAAAGTGAGCAGCTGGGTCATCGCCATCGTGAAGTTCTCTTCACTCACCTCTCTATTAATCTGGTCAGCCTTATCTGCGATAAGCTTAGCCAGTTCCCTCTCGTAATCATCCTCAAAAAGCGCCTCGTCATAGTTTTCAGATGTATGCCCGCTCTTTTTAAGAATGTTATTGATACGTTTATAGCCTGCTGCGATGCTTGCAAACTCTTTTGTCTGCTTGGATTCGCTCAGAGCTTTTGCAGCAGCCTCTATGGTTATGATATCATCCGATATCTCGCATGCCGCCTCAACACAGTCAGCAGGGATGCCTTCCCCTGCGAGTATCTGACGGTAGCGCTGTATTATAAAGTCATAAACAAGTTCGACAGTTTTTTCTTTATCAAATGAGATGTAGCCGGACAGAAGGTCTGCACTCTCACCAATCATCTTTTTAAGCCCTATGCGGTACCCTTTGGCTTTTATAGTGGACAGTATACCTATGGCTCCCCTTCTGAGAGCATAAGGATCCTGATTTCCTGTAGGGATAAGATTTATTGCGAAACAGCCGCAGATAGTATCCAGCTTATCAGCCATTGATATAAAAGCGCCTGTATCGCTTTCCGGCAGATCGTCCCCCGCAAAACGCGGAAGATAATGTTCTTCTATAGCTTGTGCAACAACGTCGTTTTCGCCTTGAAGCTTTGCATACCTGTGTCCCATAATCCCCTGAAGCTCAGGAAACTCATAGACCATTTCGCTAAGAAGGTCGGCTTTGCAGAGTGTTGCAGCCCTTTCAGTGTCAGTTTTCACCGAGGGGTTCAGATTTTCTGCCAAGAAGACTGCGAGTTTTCTGAAACGTTCCATTTTTTCGTAGGAAGTCCCGATTTTTTCCTGATAAACGACCTTTTTCAGCTCTTCAACACGATTTTCAAGCGGATATTTACGGTCATTAGCCCAGAAAAATTCCGCATCAGCAAGTCTGGCACGAAGAACCCTTGCATAACCGGTTTTAACAAGCTGCGGATCGTTGGGTGCGGTATTTGAAACACCGATGAATTTATTTACAAGATTACTGTCTTTATCGGTAACATAAAAATATTTCTGATGATTTTTCATAGAGGTGATCAGGACTTCTGCGGGTATATCGAGATATCTTTCTTCAAACTCGCCCATGAGAGCGACAGGGTATTCAACAAGCCCTGCAACAGTTTCCAGAAGATCTTCGTCAAGGTCAACCTTATAGCCGGTTTCTTTTTCTATCTCTGCAACCTGCGCCCTGACCTGACTGATGCGTTCCTCTGTGCTTGAAATGACTCTTGCTTCTTTCAGTTTAGCCTTATAGTCGTCAAAATCCTTCACTTCGAAATATTCGTTGGCGTGGATTCTGTGCCCCATGGTTTTATTACCGCTTTTAATGCCGTCAATGTCGAAACTGATAACATCACCACCGAAAAGAGCCAGAAACCAGTGGACAGGTCTTGCGTAGCGGAATGTTTTATCCCCCCAGTGCATAGACTTGCGGAACGGAATACTCTTTATCACATCTATGAGTATACCTTCTATGAAATCACGGGTGGGCACACCTTTTGTCTTTTTAACACCGGAGAGGTAAATACCTCTTTCGGTCTCTGCCTTTGTCAGTGAGTCCTCGGAAAGTCCTTTTGATTTTACAAAACCGAGTCCCGCTTTTGTCAGGTTGCCGTCTGCGTCAAAAGCAACGGCGGCAGGCGGTCCCATAATCGTATCTTCGCGGTCTTCCTGCTTTTCAGCGAGTCCCTTTATGCTGACATAGAACCTCCGGGGGGTTCCGTCCGATTCGATATCGTTAAAACCTATACCGGCATCGGTAAGGCGTTTAGTAAAGTCATTTTTAAGATACTCACACGCGCTGCCTATAAAACCAGCGGGTATCTCTTCGCTTCCTATCTCCAGAAGAAAATCCGGCATGATTACCTCTATTCAGTTGATTATATTTTTTTACCCGTACATCCTATATATAATCAGGAGTGATTTCAAGGAGTTTGTTAGAAAGAACAATGAATTATGCAGGCATTATTGCGATATTCGATAGAGTTATTTTTCCATTCTATACAAAAAAGGTCAGGAAAACAATAAGTTGCCACAACGGAGAGACAAAACCGGAACCGTGAAAAATAGTTCCACAACCCTGCTCCCCGTCATGACATTCTATATTTTACACAGAAAATGAGTATTCAAGCTCAATTTCCAGTTTTCTTACCGATTCCATACCGTTCAGAAGCTCTGCAAGCGAGTCATAAGTTCCTGCGAGGAAAGCCGCCTGAGCATTTGGTTTGATATTAACCTTATAGCTTTTACCGTTGAAACTTACGGAACTTTCAGCGACATCAAGCTCCATCTTTTCAGACGGGTTGGCTTCGATCTCTCTCATCAGTTCCCCACGAATATCATCCGGCGCTTCCGCACAAACAATGCCGAGTGTTGTGCAGTTTCCGAAGAATATCTCTGCATAGCTTCCGGCGATGATAGCATCAAAGCCAGCCTTTTTTATAGACTGAGGCGCGTGCTCACGGGAAGAACCGCAACCAAAGTTATTTCCACTTACGATAATATTAGCCCCTTTATACTGAGGTCTGTCGATAGGGAAATTAAGGGGCTTACCGTCTTCGTCAAAGCGCACATCATAAAAGAGCTGCTCGCCGAGAGCGTCAAATGTCACACATTTCAGAAAACGTGCAGGAATAATCCTGTCAGTATCTATGTCGTCACCGGGTACAGGTACTGCGTTCCCTGTAACTTTTTCAATTTTACCAAGAGCCATAATTAACCTCCGATCTCAAAAACTTCTCTACAGTCGCTGATTTCGCCTGTTACGGCAGCAGCAGCAGCCATCACAGGGGACAAAAGCAGTGTTCTGCCTGTTGACGAGCCCTGACGCCCTTTGAAGTTTCTGTTTGATGTGGATGCAGATATCTCTCTGCCTACAAGCTTGTCAGGATTCATAGCGAGACACATTGAACAGCCCGGCTCTCTCCACTCAAAACCAGCTTCTGTAAATATTTTATCAAGACCCTCAGCCACAGCCTGATCACGTACACCGAAAGAACCGGGAACAGCAAGGGCTCTCACTCCTGCTGCAACATTATGTCCTTTTACATACTTAGCCGCCTCACGAAAATCTTCTATGCGCCCGTTTGTACAGCTCCCGATAAAAACGACATCAACTTTTTTCCCTTTCATCATTTCGCCGCCGGCAAAACCTGTGTAATCAAGGGCTTCCTGCATAACATCATTTTTCGGAGCAGGTATCTTCTCTGTAATCTTTATAGTCTGCTCAGGGTTTATCCCCCATGTGATCATAGGCTCGATGTCCGCTCCGTCAAACTTAACGATGTCGTCATAGTCTGCGTCTGCATCAGATGCCACAGACCTCCAGTATCCGACCATTTCGTCCCAGTTATCTTTCGGAGCGTAAGGCTTTCCTTTTATGTATTCAAAGGTTGTCTCGTCAGGGTTAATGTAACCAACACGAGCGCCCCCTTCGATAGCCATGTTGCAGACAGTCATTCTGCCTTCCATGCTCATATTGTCTATAACGTCCCCTGCAAACTCATATGCATAGCCGACACCACCGCTGACACCCAGCTTGCTTATTATATAGAGGATAACATCCTTAGCATATACTCCGGGCTTAAGCTTACCGTTCACTTCCACCCGTCTGACTTTAAATGGAGCAATAGACATAGTCTGAGTTGCGAGTACGTCACGAACCTGAGATGTGCCGATACCGAAGGCTATAGCACCGAATGCGCCGTGTGTCGCTGTGTGCGAGTCACCGCAGGCAACAGTTGTCCCCGGCTGTGTGAGCCCCTGCTCAGGACCGACAATATGAACAACCCCCTGTTTCTCTGTCTCAGGGCTGAAGAAGGTTATGCCGTTCTCTTTTGTATTCTTCTCTATCGCCTGCATCATCTCTTCCGCCAGCGGGTCAGCATATGGTCTCGACCTGTCATCAGTAGGGATGATATGATCAACAGTAGCGAAAGTCCTTTCGGGGAATGCTACTTTAACACCAAGATCTTTCAGCATGGCGAACGCCTGCGGGCTTGTAACCTCGTGAATGAGGTGCATACCGATAAAAAGCTGGGTCTGTCCGTTGGGGAGTACACGAACTGCGTGTTTTTCCCAAACCTTGTTAAAAAGGTTCTTTCCCATATAACGCTCCTTTATGTTATGTTAGTTGTAAACATCTGTTCTTCCGGATATTATGAAAACAATCCACCCGAACATGTAATATAGTACAAACCTGTTCACGGTGTAAAGAAAAAAGTTCCGCTAGATTTAAAAAAGTTCAGGCATACTGGAACAATTGTCTCAATTGGCTGGAAGGGTAATGATAAAAGATGTTCCGGTTCGTGGATCAGTCTTAAAGTCTATTGTGCCATTATAATTCTGAACGAGTTCCTTCACAATATATAAACCTATCCCTGTACCGGTCGCCTTCGT
CP179913.1_gap22	697350	701459	4109	TTCTTATGCATTGCCTTCTGTACAAAGGACGCAAGCTGAAGCGATTCTTCAAGCTTAGAGTTCAGCATTATGTCTTTCAGAATGCCCTGCAGGTCAGACATTGATTTTTGTGTTGTCTGGTTCTCCAGTGCGGCAACAGCAAGTGCTTTCTTGTCATTTGTAACATTCAGCACATACGTTTCAACACCACGGGCTTTTTTATTAGGCGCCGCATTGACATGCACAGAGATGAAAAGGTCTGCCTTCTTTCTGTTGGCAAAGGCTGTCCGTGCCTCCAGAGGTATAAAAACGTCAGTATTTCTTGTCATATAGACATCTATATCTTTGTAGTTCTTCTTTATCATGTTGTAGAGCTCTTTGCCGACATCCAGCACTACATCTTTCTCTTTAAGACCGTAATAGCTGGCTCCCGGATCTTTCCCGCCATGCCCCGGGTCAATGACGATTGTTTTGATCTTAAGCCCGAAGACACTCGCCAGAGTACCACTGCCTTCACCATTGGCGATAACTTTTGTACCGGAAGGAACTTTTTTTGTTGAAGAAACATAGCTTGATGATGCTGGAGCCTTCTTACCCATGAAGTTACCGCTGACATCTATAACAATCCTGTCAGGGTTAGACATAGCGAACACTGTAAAATCTTTTACATTGTCACTGTCAAGAACAACGCGCGCCACACCAGGTCTGTTGTACCCCCAGCGGAGTGAGTCAAGGAGCCCGTCTTTGATGTTGATATCTTTCGGAATCTCCCTAGACATAACAGCGTCTTCGATATCCAGAAAAAGTCTGGGCGGTTTATTGAACTGCGGGTTAGCTTTCAGCCAGTGTTTCTCAAATTTCGTCTGACCGGAGAGGTCAAGGACTACTCTGGTATAATCTTCCGTAGAAAAGTACCGGACTCTGTTCACCACAACCTTGCCGGCAGGGACAGCAGACGATGCATTTTCACTTCCGTAGGCAACTTCTTTATTCTTCGCCGTAGCGGCGGATTCTGCTGCTGTATCATCTGATTTGTCATTATCCGGATTTTCTTTGTCAGTCAGGACAGAATTAACGGCTGGCGGTTCAGGCTTGACAGCGGTGGATGCTGTTTCAATTTTCGGGTTATCAGAGTATAGGCTTTTTTTGAATTTCTTTTCTATACCAGCAAGCTTCCCCTCTGCTGTCTTTGCATCTTCGGTATTAGGAAACCTGCTTATAAGCTTTTTCAGCATATACCTCGCCGAGGGGTAGTCTTTCTGCTCCTCATAAAGGTTCGCCGACTCTATGTACGCAAGGGATGCAAGCCTTGTCTGATAGTTTGATGCCAGCAGTTTAAAATTTTTCAGAGCATTCAGAAGGTCTGCCCTCTGCTTATAACGAACATAGCTTCTGTGGTATGTGCGTGCGGTATAGTAGAGAGAATCATCAGCCAGCTTACCGTTTGGGTCTTTGGCGTAGATACTGTGAAATTTGTCTGCGACTATGTGATATGATTTTCTGGTTACTTTGCTTGAATGCTCGATATAGTCCAGATCCTTTTTGGCGGACTGGTACTCTTCAATGCCGGCAAATGCCGCCGTTGCTGTCAATATCAGCATTATAGCAAGAATCAGTTTCTTCATGTAACAAGTTTACCCTTTAAGTATTTTCCTGTGTAGGAGGCTTTACACTTAGCGCAGTCCTCCGGTGTTCCCTCGAAAACAATCTCGCCGCCCCCTTCGCCCCCTTCCGGACCGAGGTCTATGATATGGTCGGCACATTTTATAACATCAAGGTTATGTTCTATGATGATGACAGTATTTCCGCTGTCTGTCAGACGTGCGAAAATTTTCACCAGCTTGTTTATATCATCAAAATGAAGTCCTGTCGTGGGTTCATCAAAAATATATAAAGTTTTTCCTGTGGGACGCTTCATCAGCTCTTTTGCGAGCTTAACACGCTGGGCTTCCCCTCCGGAAAGAGTTGTCGCGGGCTGACCGAGCTTTATATATCCAAGCCCTACATCCTTCAGAACCGCAAGCTTATTCTTTAATTTCGGAATATTTTCGAAAAACTCAAATCCCTGATTCACTGTCATGTCCATAACGTCTGCAATATTCTGCCCTTTATAGCGTATATCAAGGGTGTCACGATTATACCTTTTCCCATGGCAGGCATCACATTTAACATACATATCCGGCAGAAAGTGCATCTCTATCTTAATGTATCCTTCCCCCTGACATGTCTCGCACCGTCCGCCCTTTGGTCCTTTCACATTAAAGCTGAAACGGCTTATTTTGTATCCGCGAACTTTTGCATCCTGCGTCATTGCAAAAATTTCACGGATGTCTGTAAAAACTCCGGTATATGTTGAAGGGTTGGAACGAGGTGTGCGCCCTATGGGCGACTGGTCAATATCTATAACTTTATCAAGCTGCTCAACACCTGTCAGGTCTCTGAAAGCACCGCTTCTTGCGTTATTCCTGAGCAGTTTTTTCTTCAGTGCAGCCTGAAGTGTATCCATGATAAGAGTTGATTTACCCGAGCCTGAAACACCTGTCACGCATATATTTAAACCGAGAGGTATTTTCACGCTTATATCTTTCAGGTTGTTCTCTGTTGCCCCTGCGAGCTCTATACATCTGCCGTCAGGTTTTCTCCTCTCTGCCAGCATCTCTATAGCTTTTCTCCCCGACAGGTATTGACCTGTGAGGGACGCTTCGCAGTGTTTCAGCTCTTCCGGATGTCCGGTAAAAACCACTTCACCGCCCTTGCGCCCGGCACCCGGTCCCATATCAACCACAAAGTCAGATGCGTATATAGTATCTTCGTCATGTTCTACAACTATCAGCGAATTGCCTATGTCCCTCAGGTTTTTCAGTGTGGCTATGAGCATATCGTTATCACGCTGATGAAGACCGATGCTCGGCTCATCCAGAACATAAAGGACATCGGTAAGCCCTGAACCTATCTGTGTTGCCAGGCGTATCCTCTGGGCTTCTCCGCCGGAGAGAGTTGACGCCTTCCGTTCCAGAGTGATGTAGCTCAAACCAACATCGTTAAGGAATTTCAGCCTGCGTTTTATCTCATTAATGATCTTAGCTGCGACATCTTTTATAAACCCGTCAAATGTCACACCTTCGAAAAATTCCAAGACTTCACGAACATTCATAGCAGAAATCTCTGCAATATTTTTACCACCGACAAAAACGGACAGGCTTGTGCGTTTCAGTCTGGCTCCGTCACATGAAGGGCAATTCTGAGCAGACATATATTTTTTAGCAAAGTCTCTGTCTGTCTGTGTTCCGGTGTAAAGCTTCTCTTTCAGCAATCCGAAAACACCGTTAAACTTCTTATCGTAAAAAACTTTCTTCTCCCCTTTAAAGGTGAACATTTTAATCGGTTCGTCCAGCCCCTCGAGGAGAATCTTCTTATGTTTTTCAGTGAGGTCTCTGTATGGTTTGTTCATATCAATGCCGAACTGCTCAGAGAGAGCAACCAGCGTATTATAAAAATGGAAGTTATCAAACTGCTGCCACGGCTCTATGGCACCTTCACGAACACTTATTTCATCGTTAGGGACTATCGCTTCCGTGTCAAAAACCTGTTTTTCGCCAAGCCCCTCACACTCGGGACATGCACCAAAAGGGTTGTTGAACGAAAAACTTCTCGGCTCAATCTCTTCTATGCTTATGTCGCAGTCAGGGCAGGTAAATTTTTGTGAATACAAGTCTCTGCGGTCATCTGTCATAACCTCAACAAGCCCTTCTCCAAGCCCAAGAGCTGTTTCAACAGAATCAGTAAGCCTTCTGTTGACGCTCTCTTTTATCTTTATCCTGTCGATAACAACAGAGATACTGTGCTTAACCTGTTTATCCAGCTCAATCGGTTCTTCAAGTCTGCGCACCTCTCCATCTATAACAGCGCGGACATAACCATCTTTAAGGAGTTTTTCGAATAGTTTCTTGTATTCGCCCTTTTTACCCCTGACAACGGGAGCCATGATTTCAACTTTTGCATCTTCACCAAAAGCAAGCACCCTGTCCACTATCTGCTGAACGGAATAACTCTGCACAAGCTTTCCGCAGACCGGACAGTGCACAGCACCCGCACGGGCGAAGAGAAGCCGCATGTAGTCATAGATTTCT
CP179913.1_gap23	785271	787859	2588	GCCTGGTTCCTATTATTATATTTTCAGCACTTGGTTTGCTGGGCAATATCCATAGCTATGAAATCTTTTTCAATGTCAATCTAACATTTGGAGGAGTATTCGCTGTTCTGGCAGTTATGCTGTTAGGGCGTGTCGGAGTTATTGCTGCATTTGCAGCGAGTCTATACACCTTTTTTATATGGGGACATCCGTATGCAGTGATTATCTTCACCTGCGAAGGTCTCTTTCTGTCTGTTTATGGCAGAAGGTGGAATAATTTCGTTAAGGCAGATTTTATTTATTGGGTGTTTGTGGGCATTCCATTCATGTTCATCTTCTACTATTTTGCCATGGGGCTTAACTTATATATGGTTGAGCTTATAGTTATGAGGCAGAGCGTTAATGCTGTTCTGGCTGCATTTGCAGCGTCTGTTCTGTATGATATAGGAAGTTTTATAGTGCCGTCAGCGAAGAACGGAGAACCGAAATTTTCCTATCGACACATAGTCTTTCAGACAGTTTTGTCTATTATAATTGTTCCTATGGTTATTCTCTTAGCTATAAATGTTAATTCAGGCATGAAATATACCTCTGAAGGGCTTCAACGTGAACTGAATAACGCTACTCAGGCAGTGAGCACCGTTATTGATGATTTTCTGAGAGAAAATGTTAAGGTTATCAATCTTGCTGAACAGATTGTCAGAGATCGTGATGTCAGTCCGGATGGACATGATTTTATGGAGAGCTCGTTAATCAAGCTAATTCAGAAAAATGAGTATATGACAAGCATTAGCATAACAGATGAGACACTTCAGGAAGTGGGATATGTTCATCTCTCGAATAATAAGGATAATGTTAAGCCTCAGTCACTCGGTTTCATAGAGTTTGCTGATCCTGACTGGCGTGAAAAAGACCCATATTTTTCAGGAGTATTCACAGGGATAAGTGGAGGAAACCGTCAGGCTGCTATGTACATTGTGAAAAAACTGAAAGCATACAGCAGCAAGGAACCGATATATGTTATCGGTGCTCTTAACTTCGATACTTTCGAAGATAAAATAAGGCAGATGACAAAAGGTTCAGACGTTAAAATCACTTTGGTTGACAGAAACAGAAAGATAATGATGAGCACTGATAATGAGCTGATTTCAGGCAAAATGATGCCTGACAGGATGTCTCTTGGAAGTAATAGCGCTGTTAGCGAAGTGGTTGATCTGTGGGCTCCTGATGAAAATAATTATATTTCAGAAATGGCAAGATGGAAAAAGTCACTGTTCACAAGGACAGTTTATTTTACTGATAATGCCGGATATTCCATGATCATTGATATGCCCCTTGGGAGATATGTTGATTTCATGAATAGCAGCGGTGTAAGATCACTGTCTGTCATATTTATAATAATCATTCTTTCAGTGTGTTTTGGCTGTATTATCAGTAATTTTCTGACAAAAGAGATGAGAAACATCAGTGCGGTTGCAATAGACCTGCCTCAGCGTGTTTCCGGCGGCGAGAAAGTCGAGTGGGATGAAACTATATTGTTTGAAGGGGCTGAAATTAAAAAAAGCTTTAAGATTATGAGCGAAGAACTCAGTAAAAAATTCAGAGAGCTTCAAACCCAGAAAGAGGAGATAGAAACTCTGCTTTCTAATATCCCGATGTGTATATTGCTGAAAGATACTGATAACAATATAATAAAGGCGAATAATAAAGCAGCTGAAATTTTCGGGCTTAAAGCAGAAGAGCTAACAGGGAAACATCTGGGGTTGTTTCTGCCTGATGTTGGGTATTTTTATGAAGTTGATCAGGAAGTTATTGAAAAAAAAGAACCAATGATAAATGTACTGACAAAATATAACCCTGTAAACGGCAGAGAATTTTTAGCAAGAACAAACCGTGTGCCTATATTTAATGAAGCTGGTGATGTTGAGTCGATACTTGTTATTGTTAATGATATCACAGACGAGGTAAAAGCATCAGAAGAGAAAGAAAGGATGCTGGGGGCAATGAATAAGCAGGCAAGGATGGCGGAGCTGGGGGCGATGCTCAGCATTATCATACATCAGTGGAAACAGCCTCTGAATATAATATCGCTTGCATCACAGACGGTTCGTGATGACATACAGGATGATAGCTGGGATAAAGAAACGGTGAGTAACGATCTTGATACTATATTACAGAATACTGAATTCCTGTCACAAACAATATCTGACTTTACAGGTTTTTTTAATAAATCAAAAAACACGTCTCTGTTTAATGTTAATTCTGTAGTAAGTGAAGTTCAGCACCTGATAGATAAGCAGTTTATTAAGAATGGAATAATTGTAAATATCGATAATACTGATGCGTTTGAAATAAAAAGCCTGAAGAATGAGTTTAAGCAGGTTTGCCTGAATCTGTTTAATAATGCTAGTGATGCCATTGTGTCGAATAATGACGAAGAGAGAACCATAAAGGTGCGTTACCGTGTCGATGGTGATGAAGGGCAGATTATTTTTTCTGATACGGGCGGGGGGATAAGCTCTCAGCTTTTGCCTCATAAAATTTTTGATGCTTATGTCACAACTAAAGGGGAGAATGGCTCAGGTATAGGACTATATATCTGCAAAAAT
CP179913.1_gap24	798642	801976	3334	GTTTTGACAGATCCAGCGAGGTCGCAGTCGAAAACAGCAAACGGTGTCATACCGTCTTCCTGAGAGTTTTTCACCAACTCATATATTGCATCGCCGAAAGCGGAACGGCAGTCAGTTTTGACATCGAGTCCGTATTCCTTGTTGGCATATTTAACTTTTACTTCCGGTGCGGAGATTTCGTGGTGAGAAGGGTCGTAAACGAAGTCAGCTCTGATCTTTTTATATTTATCCAAGTCGTTTTCAAGACCGAGTTCTTTAAGAGCGTCGGCAAGCTGGTCTTCTGTCAGAGGTTTGCCGTGGTATCCGTGGATGTTCTCCATAAAGGAAACGCCTTTCCCCATGACAGTTTCAGCGAGAATAAGTACAGGCTGATCAACTGTGTGGGCATATGCAATAGCGCCGTACAGTTTTTCGAAGTCGTGCCCGTCAACACAGATGACGTGCCAGCCGGCTGCTGCGTAGTCATCTTTAATGTTCTGATACATGACTTCTTCTATGTTTCCGCTTATCTGGAGTTTGTTATAATCTATGAAAGCCGTGATATTTGTAAGGTCGTGTTGAACAGCAAATCTTCTTGCTTCAGATATCTGACCTTTCTGAGATTCGCCGTCACCCATAAAGCAGTAAACGTTGAAGTCCTCATCTCTGATCTTGCCTGCTATTGCAGCGCCACATGCAGCAGAAAGCCCCTGTCCGAGGTTCCCTGTTGTCCATTCGACACCTTTTACCATCCTTTCAATGTGTCCTTCATAGATGCTTCCCGCAAGACGGAACTCGCCGATAGCCTGATCAATATCAAAAAACCCGTTTCTGCCAAGTGCAGAGTATACACATGGGGATACATGCCCGTTTGAGACAAAAACACGGTCTCTCGTGGTACTTTCCCAGTTTTCAGGGCTGATATTTGCGAATTTATATACTGTGAGTAGCATATCTATAGTGGACATGGAGCCGCCGGGGTGTCCGCTTGCTGCAAGAGATGTGCATTTGAGTATATCCCCTCTGCAAGTTGCTGCGAGCTTTTCCAGCTCTTGTTTGTCTGCCTGTGTGAATTTCCCGTCGAAAGTCATCTGATTACCTCTATATAGTTGTAAAACTTGATTTAATACGATTGCGCACCATAAAATAGTAAAGCGACCCCGCACTGTCAGAATGCTCTGTCAGGTTAAAGCCGGCTTCTTTCTCCCGGCTATTATTATGACTCGGGGATTAAACGCTAGCAGGGTTATATAATGGATAGGGGAGGGTGTCAATTCATTATGACCTTCTGTCTGGGTCTTTATGCAAGTTTATGCAGGGCGGAGCAGGAATATCTGTAAGAAATACATCACCGTAGGTGAAAGTAGCTTCAGAAGGGTACGATTAAAAGCACACCGGGATTATTTTCACAATTTTAACATGATAATCTTACGAATCATACTCTATAGTGTGGTTGTCCGGTATCGGGCAGTATGATTGTCTGGAGGTAAATTTCGACATGAGCCGAGCAATTGAAAAATACGTAAGAAAACAGAACAAGATACTCGAAGCAGCAAGGACTCTTTTTCTGAGGGGCGGGTACCGACAGACGAGTATGGACAGTGTGGCAGAGGAGGCAGAGGTTACAAAGCAGACTGTATACAGATATTTCCCATCTAAAAAAGACCTCTTTGACGAAGTTCTGCGTTTTAATGCCCCAAAAAATGATGAGTACATTTTTGGTGACGGGGACGTGATAAGTGAACTGATGGAGTTTTCCGGCGAGCTGCTCCGCCTGCTTCTGACAGAGGAGAGGCTGGGTCTTTACAGGCTGGTAATAGCGGAAAGCGTTTCGGACTCAAAGCTTGGTGAGGCTCTGAACGATCTCTCTCAGAGCAGAAGACGGGAGCGCCTCTCTGATTATATCTCTTCTAAGCTTTTTGCCGACAACGCTGAAAAGGATGCCGAGCTCCTCATCTCGATGCTGCTTAGCCTGCGCAACAAGGTTCTGACAGGAGGTTCTGCAATGCCTGATGAGGTGGAGATCGCAGAGCACTGTTTCTATGTTGTTTCACTGTTCATAAACGGCAGACGGGCTGTCTGAGTATATCAATATCATTTGACCGTAAAGGTTTATCGGGGTATTTATAGTATATGAATATTATCAACAAATTTTTGGTGAGTACCTATGAGCGTGTTGCTTTCCAAAGCTACACATTGTCAAAATTAGCCAAAGCAGACAAATATTTCCGTAAAATTATAGCCATAGAGCCAGACAGAGTGGGAACATGTTATAACCTTGGCATGGTTAACCTCGCGCTGGGGAATTACGCTGAAGCTGAAAAATATGTCGGCAGGGAGCGTGCCCGCATAGGTGACACATACGAGATATGCCGTGCTATGGCGGACATTTACTGGCACATGAAAAACAGAGAGAGCGCTTACCGTTTTTTTAAACTTTCAAAAGAAACAGCTATGTCTGACAAAGATAAAAACCTTATGACGAAAAAGATGGGGATATGTGCCAGCGATAAAAGTTTTACTGATGCACTCGCCGCAGCGAAAATGTTCGAAGAAGCCGACAGGCTTATGTCGGAGAAGAAGTACGATCAAGCGGAAGAGCTTTATCTGGAGGGGCTTGAGAAAGACCCTTCAAACTTTCTGGCGATGAACAATCTCGGTGTGATAGCTATGAACATCAGAATGAACTATGATAATGCTGAGAACTTCTTTCGCATGGGTGATGCTATATGTCACCTGAAAATGATAGAGGAAAACCTTGTAAGGCTTATGAAGCTGAGGAGTAAGACAGGAAGATGAAAGACTACAGGGCAGATTTGGGGCGGATATTTATGTCTGCTGTGGAGTATGCCGACCCGGAGTATATGGTGCGTTCCCGTGTTCTCAATGACGACGGGTGTATTCTGATAGACTCTGAATATGTTTGTGATCCGAAAAAGATTTATCTTTTCGCTTTTGGCAAAGCAGCGGTGGGCATGGCAAAAGGATTCATGTCTGTTTGTGATGTTGACAGGGGTATTGTGGTTACAAACTCTGTAGAGAAATTTCCTGATAATATAAAAGTTATAAAGGCGGGGCATCCTCTCCCTGACAAAGGCAGTATGGACGGAGCGGAAGCTATGCTTGACCTCGCCCGTATGGCTGACAACAGCACTCTCTGCGTTTTTCTTGTTTCCGGCGGCGGGTCGGCACTTCTTTGCGCGCCTGCTTTCGGCATCACTCTGGAGGAAAAGGTCAGGACATTTGACCTGCTTATCCGTTCCGGTGCAGATATCGAAGATATCAATATCGTGCGCAGACACATTTCATATGTAAAAGGGGGCAGGCTGGCAGAGGCAGCCGCACCAGCGGTATG
CP179913.1_gap25	969568	973671	4103	TGAAATGTTCTGATATTGACGCAGTTGCAAGGGATTATATCGCCTCAAAAGGATATGAAGAATATTTTAACCATGGGCTTGGGCATGGTGTCGGTATTGATGTACACGAGAAGCCTGTGTTTAATCCGAGAGACCATACTGTCCTTGAAGAAAATATGGTACTGACAATTGAACCGGGCATATACCTTCCTGAACGTTTTGGTGTACGCCTGGAAGACACTATAGTTGTTAAAAATGACGGCTGTGAAAATCTCACGGCGGTTTTTGAAAAATACATTTATGACATTTAAAAAATGAGGTGTTAAATGATTACTCCGAACCAGTTTAAAAGAGGAGCAAAAATCGAGATTGACGGTGAACCGTACGGCATTGTTGAATATCTCCATATCAAATGCGGAAGAGGCGGCGCGACAGTGCGTACAAAAATGAAAAGCCTCCGTACAGGCGCTGTTATAGAGCGTACTTTCAAGTCTGACGAGAAGATAAAAGAACCCGATTTCGAAGATAAAGAGATGCAGTATCTTTACAACGACGGCACAGTTTTCTTTTTTATGGATACAGAATCATACGAACAGATAGAGATCCCGGCAGAATTTGTGGGTGATGATTCAGACTTTATGCCTGACAACATCATGGTGAATGTTCAGGTTTTTAACGGCCAGCCGATAGGCATCACACTGCCTAACTTTGTTGAGCTTGAGATAACATATACCGAACCCGGACTTAAAGGAGACACTGTGACAGGGGGGAACAAACCTGCAACAGTGAACACCGGCGGGACAGTTAACGTACCGCTTTTCATTAATATCGGTGACGTTATTAAGATAGATACAAGAGAGCAGACATATATGGAAAGGGTCAGCTCTGCTAAATAGGAGAGAGTAATGGATATTAAAGAGATCAAAGAACTTATCAAGTATATCGAAAAGTCTGAAATCAAAGAATTCCAGTATGAGAATGAGGAAGAAAGCATATATATTTCTAAAATGGACGATGCTCCGCAAATAATGGCACAGCCACAGTATGCGGCTCCTGTTCAGCAGACACAGGCTCCGGCTCCTGCTGCTGCTCCTGCTGTTGAGTCTCCCGCTGCCCCTGCGATAAAAGGGAATGAGGTCGTTTCTCCGATAGTGGGGACATTTTATGAGTCTCCTGCTCCCGGTTCTTCTCCTTTTGTCAAAGAGGGCGACACTGTGAGCAAAGGGCAGACCCTCTGCATCGTTGAAGCTATGAAGATTATGAATGAGATCGAAGCGGAATATGACTGCAAGATCGTAAAAAAGGTAGGTCAGAACGGCGTACCGGTTGAATATGGCGAGACAATATTCATCGTTGAACCTCTTTAAGGGGGAGTTGAATGTTTAAAAAAGTATTGATTGCAAACAGGGGAGAAATCGCCCTGCGTATCATAAGAGCATGTAGAGAACTCCGCATTAAGACAGTGGCTGTTTACTCTGATGTGGACAGGGAATCTCTGCACGTTGCAATGGCTGACGAGGCTGTATGCATCGGACCTGCTCAGTCGAAAGACAGCTACCTTAATGTCAAAAGCATTATAGCTGCGGCAGAGATAGCCAATGCAGATGCAATCCACCCGGGGTACGGGTTCCTTGCGGAAAACGCAGAGTTCGCTGCGATATGCGAAGACTGCGGGTTTAAGTTTATAGGTCCGAGCGCGGAACATATTAATATGATGGGTAATAAATCCAGCGCAAAGGAAGCAATGAAAAAGTTTGGCGTGCCGGTTGTTCCCGGTTCGGAAGGTGCTGTTAAGGATGCGAAAGAAGCTCGTGCCATAGCCGAAGCGATGGGATATCCTGTAATGATAAAAGCATCTGCCGGCGGCGGCGGTAAGGGTATGCGTGTTGCGCATAACGAACTCAGCTTTATGAATGCTTTCGAGATGGCTCGCTCAGAAGCCATGAATGCTTTCGGCTCTGACGAGATTTATGTTGAAAAGTTTATAGAAAACCCGAGACATGTTGAAGTGCAGGTCTTTGGCGACGGCAAAGGTAAGGGACTCCACTTCTATGAGCGTGAATGTTCCATCCAGCGCCGCCATCAGAAACTTCTGGAAGAAGCGCCAAGTACCGCTATAAGCCAGAAGACAAGAGAGAAAATGGGTAAAATTTCTGTTGATGCCGTCGAGTCTCTTAAATATGAGAATGCAGGCACAATAGAATACCTTGTTGATAAAGATGAAAACTTCTACTTCATGGAGATGAACACCAGAATACAGGTGGAGCATCCCGTGACAGAGATGGTGACTAATACCGACCTTGTTCAGCTTCAGCTCAGAGTTGCCGCCGGTGAACCGCTTGATATGAACCAGGAGGACATCGTTCTGCATGGTCATGCCATAGAATGCCGTGTAAATGCTGAGGATCCTCAGACTTTTATGCCTTCACCTGGGGCTGTGACAGGTTATGTTACTCCTGGCGGGTTTGGTACAAGAGTTGATTCTGCATGTTACGACGGATATTACGTTCTTCCGTTTTATGACAGCATGATAGCCAAGCTGATTGTATTTGGGCGTAACAGGGAGATGGCTATTGCCCGTATGAACAGAGCGCTGGACGAGTTTGTTGTTGACGGCATCAAAACCACAATCCCTCTGCACAAGAGGATTCTCGAACATCATGCTTTCATTGAAGGTGACATTAGCACAGAATTCATAGAAAGGTACTTTGGATGAGGAAAATAACCTCGCTGACTTTGCTTATATTTGCTTTTGCAGCCTTTGCTGAAGCCGGTATTGCCGGTTACTTCACCGCTGATCATAATGAAGCGGACTCCTGGTATGTGAAAGCATCCCTATACGAACAGGATGAGAATTTTGAGGAGGCCTCCAAACTGCTGGAGGCTGTCCTTGAATCTGTTGATGAAGAATATGTCTATCTTAAGCTTGCAGGAATTTACGGCAAACTGAACGACAAAGAGATGATGCAGTTCACGCTGGAGCGGGGCAGCAGGAAAATGCCTGATTCTGCTGTGCTGAAAGGTGCTCTGGCTGACATTTATATGACAGAGACAGAAAATATTGGAAAGGCTTATAAGCTCTACAGGCAGGCGTATAAAATTTCAGGCGATGTGATCTATGCCGAGGCAGAGGCAAGAGCTCATGCTTCCGCAAAAGATTTTAACAGCGCTATCAAAATCTACAGTGACCTGATTAACATAGAAAAGGTTTCAGACTATTATGTTCAGCGTGCGAGGTATTTTGAGAAGCTGGGGCTGAGTAAAGAGGCTCTCGACGACTATATTTCTGCATCTGATTTGGATAGTAACTTTATAGCATCGGCTAAACTTGCAGATCACTATATCGAGACCGGAGATAATGATAAGGCTATTGTCTATCTTAAAAAAGTGATAGATGCCAGCCCTGATATGGTGCTCGCCAAGTTCAGACTGGCGCAGATTCTCAGCAAAATAGGAAAGACAGAGGAAGCAGAGGGATACTTTACTGCTATTCTGGATTTTCTGAATGAGAGCGAAAAGATATATGTCCTCAAAAGCCTTGCTAATATGGCGTTTGAAAGAAATGAATACGCTAAGGCAGAAGAGTATTTTGCCCGTGCTTTCGAAATTGATAAAGACATACAGACTGCATATTCTCTTGCCATTATGGCGGAATCCGTTGGAGAAACAGCAACTGCAAAAAAATGGTATCAGGAAATACTGACGATACGTCCGGACTTTGTAGAGGCGAGCAAAAGGCTTGCTATCATATACCTTAAAGACGGTGAACCGGAAGAAGCTTTGACTGCTGTGCAGAAAGTCGGAGACATCTATCAGGATGTAGACTATCACAGAATAGTCGCTCAGGCATATAATGATATGGGTGAACATAAAAAATCTATCGAAGTGCTCACTGCCGCTGTTAAAGAGAATCCGGCGGAAGTTAAGCTCTATCTTGACCTTGCCCTCGCACTGGATAAGCAGGGGGACAGGAAAGACGCTGAGAATGTTATAAAAAGCGGGATGAAATATTTTCCTGACGACGCTTCCCTTCTTAATTTTCTTGGTTATGTTTATGCTGAGCAGGGTGTTAACCTTTCCGATGCGGAAGAGATGATCAGCAGAGCCCTTAAGCAGAATCCCGA
CP179913.1_gap26	983593	987656	4063	AGCAGTAATGTTCTGCCGAAGGATGTCCAGACACAGACTAGACTCACCCAAAAGATAACTTTGAACATCCCTCTGGTGTCCGCAGCTATGGACACTGTTACAGAGGCGAGGCTTGCTATCGCCATTGCTCAGGAAGGCGGGATAGGGTTTATCCACAAAAACATGAGCATAGAAGAGCAGGCAGCCGAAGTTGATAAGGTTAAAAGGTCTGAGTCGGGAATGATTGTTGACCCTGTGACAATCTCTCCGGACAAAACCGTTCAGGATGCACTTGACCTTATGGGTAAATACAAAATCAGCGGTGTGCCGGTTATAGACGGTCAGAAGCTGGTGGGTATCCTCACTAACAGAGACCTTCGTTTCGTAGAGGATTTCACTGCTAATGTTACAAAGTTTATGACAAGCGAAAATCTTGTAACTGTTCCTGTCGGGACATCCCTTGAGGAGTCCATGAGGCACCTTCAGAAACACAGAATAGAAAAACTTCTTGTGGTTGACGACGCATTCAAGCTGAAAGGGCTTATCACAATCAAAGATATAAATAAAAGAATCAAATATCCTCACGCTGCAAAAGATGGTATGGGGAGACTGCTTGTTGGTGCTGCAATCGGAGTGGGTGATGAGGCAAAAGACAGAGCCGCCGCTCTCATTGAAAAGAAGGTAGATATACTTGCTATAGATACTGCACACGGTCACTCGTATAAGGTTCTGGATATGGTCAAATGGATAAAGAAAGAATATCCTGACATGCAGATTGTGGCTGGTAATGTTGCGACAGCAGAGGCGACAGAAGACCTTATAAAAGCCGGCGCTGACTGTGTTAAGGTCGGTATCGGTCCAGGCTCCATATGCACAACACGGGTTGTAGCAGGAGTTGGGGTTCCGCAGATAACCGCCATTATGGACTGCGCTGCTATGGCCGACAAATATAACGTACCTATCATTGCTGACGGCGGTGTTAAATATTCCGGTGATATAGTTAAGGCTCTTGCGTCAGGTGCCAGTACCGTTATGATGGGGTCGCTGTTTGCCGGAACAAAAGAGGCTCCGGGCGAGATTGAACTGTTTCAGGGGAGAAGCTACAAGGTCTATCGTGGAATGGGTTCTGTCGGCGCCATGAAAGAAGGCTCTAAGGATAGATACTTTCAGGATGATGCAGACAACGAGAAAAAATTCGTACCCGAAGGCATAGAAGGGCGTGTTCACTATAAGGGAGAACTCCGCAGCACTGTTTACCAGCTTGTGGGTGGGATCCGTTCAGGAATGGGCTACACCGGCTGCGCAACAATCGATGATCTGCGCAGAGACGCCAAGTTTGTCAGGATATCCGGCGCAGGGTTGAAAGAGAGTCATGTGCATGACGTTATAATTACTAAAGAGGCTCCTAACTACTGGATAAGTACATAGAACTTGTTGGCAGGCAATATACTGTTAATGCAGGCTGAAACTGCACATCCTCGGCTTTAGGTAGTTGCACAATATGATGATGTCCTGATGCTTATAGCATGACAGGACGTTTTGAATAATAAAAAGATATGCAAGGTAGAAAATATGGATATACACAGCCAGAAGGTTTTGATACTTGACTTCGGTTCGCAATATACACAGCTAATCGCACGACGTGTGCGCGAGGCAAATGTCTATTGCGAGATATTTCCGTGTAATGTGGAATTCGAGAAAATAAAAGAATACGGGGCGAAGGGGATAATACTCTCCGGCGGTCCCGCATCTGTTTACGATAAAGATGCACCTAAAGTCTCTGACGAGGTTTACGAGCTGAGTGTTCCCGTGCTCGGCATATGCTATGGTCATCAGCTCACAGGCATGTATTTCGGAGGTGTGGTGGCAGAGGCTGACCACAGGGAATACGGGCGTGCTGAACTTTATGCTGATAAATCTGATGACTTTTTTGCGGATATAGAAGATGACAGTTTTGTTGTCTGGATGAGCCACGGTGACAGGCTGGACAAGATGCCTGAAGGTTTTAAAACCATCGCAAAGACAGATAACGCACCCGTTGCAGCTATGCGACATGAAACAAGACCTATTTACACAATACAGTTCCACCCTGAAGTTGCACATACTAAAAACGGCAGGCAGATCCTCGAAAACTTTGTAGTAAAAATATGCGGATGCGAGCAGGTCTGGACACCACATAATTTTGTCGAAGCTGAAATAGAGCGAATCAGAGAGCTTGTTGGTGATAAGAGGGTTCTCTGCGGTCTTTCGGGCGGTGTGGATTCTTCTGTTGCTGCGGTGCTGATACACCGTGCTATAGGCGACAATCTGACCTGCGTGTTTGTTGACAACGGGCTTTTGCGCAAGGACGAGGGGAAACAGGTCGAGGATGCTTTCAGAAATCAGTTTAAGATGAACCTCGTAGCAGTGAACGCAGAGGACAGATTTTTGTCTGTACTTAAGGGCGTCACAGACCCTGAGAAGAAGAGAAAAGCTATCGGTAATATGTTTGTCCGTATTTTCGAGGAAGAGTCAAGCAAGCTTGGCGAATTTGAATTCCTCGCTCAGGGGACACTCTATCCGGATGTAATAGAATCAGTTTCGTTCAAAGGACCATCTGCTACCATAAAAACCCACCATAATGTGGGCGGTCTGCCGGAGGATATGAAGTTCAAACTTCTTGAGCCTCTGCGTGAGCTTTTTAAAGACGAAGTCCGCCGTGTGGGGCTGGAGCTAGGCATACCTGAGAACTTCATCTGGAGACATCCGTTTCCGGGACCAGGGCTCGGCGTGCGTGTTCTTGGCGAAGTGACGAAAGAACGCTGTGATGTCCTGCGCGAGGCTGATGCCATATTCCTTGAGGAGCTGCACAAAGCAGACCTTTACACAAAGATATGGCAGGCATTTACAGTGCTGCTCCCTGTGAACACTGTTGGTGTCATGGGTGACAACAGAACATATGAAAATGCTGTTGCTGTCCGTGCTGTGGAGTCCACAGACGGCATGACTGCGGACTGGGCGCATATCCCTTATGAAGTGCTCGGGCGCATATCCAACAGGATCATTAACGAAGTCAGAGGGATAAACAGAGTGGCGTATGACATAAGCTCTAAACCGCCTGCGACTATCGAGTGGGAGTAACAATTGAAATTTGAACGCTTTGTGGCAGGCAGATATCTGCGAAGCCGCAAGTCGAATAAAATATTATCCTTCATCTCAGGTATCTCCATACTGGGGATACTTCTCGGGGTTGCCACACTGATCGTGGTGGTGAGCGTGATGAGCGGGTTTTCAGACAACCTGAAAAACAGAATACTTGGAGCAAATGCACATATTGTCGTTAATCGTGTGGATGTCTCGCCCATTAAGAACTGGCAGGGGATAGGCAAGATAATCGAAGATGTTGACGGTGTAACCGGCGTATCCCCGTTTATTCTGAATCAGGTGCTTCTCACCAGTGAAAATAATGTTTCCGGCGTGGTTGTCCGCGGGGTTGTCCCTGAGCGTGAGCTTAAGGTCACTTCTATCAAAAAGTTTATGACTGACGGATATTTTAACGATATCTCAAAGAAAGCTGAAAATGGCAACCCGCAGATAGCAGTGGGGAAAGAGCTTGCTGCCAACCTTGGTGTTCTCCCTGGTGATGAAGTTGTTATGGTTTCCCCTTTCGGCAAGAAGGGGCCTTTCGGCATAACACCAAAGATGAAGCGTTTCGAAGTTTCCGGTATATTTGATACCGGCATGTATGAGTACAATAACTCTCTTGCTTATATAGATATATCTGATGCGCAGGAGTTCTTCGGTACAGGAGACATCGCGTCCGGATTCAGCATCAGCACCGGGAATTTTGACAAAGCACCAGCTATTGCGGCACAGATTCAGAAAGAGCTGGACTTTCCCTTCTGGTCGAGAGACTGGATAAGCATGAATAAAAATCTGTTTTCTGCCCTGAAACTGGAAAAATATGCAATGTTTATAATCCTGACGCTGATTATCATAGTGGCGTCATTTAATGTAATAAGCATGATAACTGTTACTGTTAAAGATAAGAAACGTGACATAGCTATAATGCGTGCCATGGGTGCACCGGAAAAGATGATATCCC
CP179913.1_gap27	993341	994128	787	TGCGTGACTCTTTCCTTGTGGTTATTGATATTTTCCCCACAAGGACGACTCAGCTTGCAGATGTTGTCCTTCCTGCTGCGTTTATCTATGAGAAAGGCGGTGTGTATGGATGCTCCGAGCGTAGAAGCCAGCTTACAGAAAAATGCGTGGAACCTATGGGGAATGCAAAACCTGATGTGTGGATTGCTGCTCAGATAGCTAAACGCATGGGGCTTGAAAAGCTCATTCCGTGGAACAGCGATGACTCAATGAAAAACAATGAAATGGCGTGGAGCGAATATATCCGTGTGACAAAAGATACAGACCACACGCTCGCAGGCGCTACATACAGCAGATTGAAAAAAGAGAAGGCCGGGCTTCAGTGGCCTTGTCCGACTACAGATCACCCGGGCACATATAAAAGATATGTCAGAGGTATGGATCCTATGTTTGAGCATGAAGGGTTCCAGAAGAAATTTGGTATTAAAATGCCTCTGGACAGGCAGTTCTACTTCTATATGGACAGTAAAGGCGAAGGGAAAGCAAACATCTGGCTGCGGCCTTATGCCGGTCCTGCTGAAGTTCCATCTGCTGAGTTTCCGTTCTACCTCACAACTGGGCGTGTTATTGAGCAGTGGCATACAGGGACGATGACAATGCGTATCCCTGAGATAGCAAGAGCTCACCCGAACGGCTACATCGAAGTGCACCCTGATGATGCGAAGAAGTACGGTATCATCTCCGGAGATATGGTGGAGGTTACAAGTATACGAGGGAAGTCAATTTTGCCTGCTCATGTTACCAAAGT
CP179913.1_gap28	995377	998397	3020	TATCTGCGTTGAAAAATGCCCTACGACACCTAAATCCATTAATATATATCCGATCGGAATGCCTGTTGAGGCGGAAGGCGGGTTTTTTAGCAGAAAGCAGAAGGTTCACGGGGAAGAAGGGGCTGAAGGGACTGCTCACGGCGAAGAGCTTCTTGAGCGCAAACAGAACATAAGTTCTTTCGGTGTGAAACCGGACTTTGAATATAATGTCGATCTGGATGAAGACAAGGACGAGTGGCAGGAACAATGAAGATAAAAACACTTAGACATACTGCCCAGACAGCAACACTGATTGCTATATTTGTAATACCATTTATGAATGTGTGGGAACTGTATTTTATCAAGGGCACTTTTTACTCAATGGACATAGGCGATGCTGCTATAGCTGACCCCCTTGCCGTATTTCAGTCGATGCTTGCGTCACGCATTATAAATATTCATATGCTGGCTTCGGTGGTTATCCCTATTGCGTTGATGATACTTTTGGGACGTGTATGGTGCAGCTGGTTTTGTCCGTATTACTTTTTTACCGAATGGGTAGAATTTTGTAAGAAAAAACTAGGGCTGAAACTGCGGAAACCGTCTTATTCTGCTGCATATCCGTCAAAGGCTTCAAGGTTTCGTTTTATCTTTCTGCTGATCGGTTTTTTAGTAATGGCAGTTATCGGTGTGCCTGTCCTTAACCTGATATCCGCACCGGGGATTATATCGTCTCAGGCTCTGGTGGTAGTTAAGTTCGGCTATGTGACATTTGAGCTTCTGATAGTATTTGTCATACTTTTTCTGGAACTCTTCTACTACCGTTATTGGTGCAGGCTCTTTTGCCCCACAGGGACATTTTTGTCTTTGTTTCGTAACAAGCACGGGATGACTGTGCGGAAGGTTACTGATACATGCTCCATGTGCGGGAGCTGTATCAAGGCCTGCCCTGCTGTGATCAATCCCATGACAGAGGGGGGGAGCCTGCATTGCCATAACTGTGGGGATTGTATAGATATCTGTCCGGACAATAAAAAGAGGGATACCCTTAAGTTTACATTCCGGTAATCTATGATATAATACGCCTCATGGATAAAAAACAAGCAGTTGTGGCTTTTGCCCGGGATTTTTTCGGCAGTGATGACGCAGACCTGATAAAGCTTCTGGAAAATGTCTGTCGTTACCGCAGAGTGGACAAAAAACAGATACTCTTTATGGAAAATGAGGAGGGGAGCACGGTCTTCTTTCTGGTGCAGGGGAGCATAAAGCTTTACCGTACCAACGATGAGGGGCGTGAAGCTGTTGTTCACTTTGTCCGCAGCGGAGAGATTTTTGCAGAGATACTGCTTCAGCTCGGTCTTAAATATCCGGTCACCTCTATGACCCTCGAAGAGTGCGACCTTGTGGAGATTGACGCCAAAAAGCTGGAAGAGATTATCGCAGGTGATCCTATGGTTTCGATGAGGCTGATAGCGGCACTTTCGAGGCGTATAAAATATTTTGTAAACCTTATAGAGAGCCTGACCATAAATGATGTCCGTGCGAGACTTGTAAACTGGCTTGTCACTCAGAAAAAGAAAGAGTCAAAAGTTATCAAGCTCCCTGTGCCCAAAGGGGAACTTGCCCTTCTGCTGGGGACTACTCCGGAGACATTTTCACGTGTGCTGAAAAAGCTTGCAGAAGAAGGCTTTATCGAGGTACAGGGGCGTGAGATTAAAGTTTTGAAAGACCTTATTCAGCAGTAGCTCCACCGCTACTACAAGCCCCTTGCGGGGAAGCAACCTGCACATGTCAGCAGTGCCGCATGATACAAGATTGCTTCGTTATCTGATTTTTGGCAATTAGTCAGGTTATTTAAATATATGTAATACGACAAAATAATATTGCTGGTTGAGGATCCCTTAGTAATCTTTGCCTGCCGCCTGAACGTTTTCAGGAGAGAAAGCGTGGCATGGTGTCACGCCATATACCATCCCGCAGTCGCACTGCGCTTCAAAGGTTTCCATCTGAAAGGTTTTGCCGCATTCTGAGCACGGAACTTCAAGGGGAAGGGGCATATTACCGGAAGAAAACCCCATCGCTCTCAGCTTATCTACAACCTGTTTTCCTGACTCGAAAGAGCCGCTGCATCCATCGTGCATATTGACACTCCTTTTATGTGTATTGTTTGAGTGTACTATAGGTGTTTGACCGGTAGAAAAACTTGATCGCTGTCAAAAAATGAGAAAATATGCCGTCCAGAACCAGATCACTCCTGTGATAATGAAAGAGGCAAAGACCATTGCGCTACCGGCATCTTTTGCGGCTTTAGCTTTTTCGTCAAATTCCATGGTGACGAGGTCAACATTTCTCTCTATGGCGCTGTTTGCAAGTTCTGCGAAGAGGGGGAGGAAAGAAGATGTTGACAGGATCGCTTTTGCCAGCATAGGTACCGGGAGCAGAAAGAAAACCAGCTGGCATACTATAAATATATACACTTCTGTCTTGAATGATGATTCGTTGCGGAAAACTTCTGTCAGCCCCTGAATTGCGAAGGATGTATTTCTTATAAGACCGAATTTTTGTTTGTTTAGCATTGTGTCCTCTTTATTTAAATAGTCCGTCCAGTCCAAGTGTATCCCAGAAATTCCAGATATTCATAAAGAAAGCATCAAAACGGCTTCTGGAAACCTGTTGTTCTTCACGCTGCCAGAAGTACAGGTCGCTCACAGGGTAGAGGTATCCGAAGTCGTATGAGGTATGGCTCTGCATCTTTCTGGCGATAAGGGAAACGGGATATCTGTATTCAAGCTCCATGGAGCGGACGATACTTTTCGCTTGTTTTCTTGTTTTTGCTGCATTCGCAAGGAGGGACTCAAAATAATATTCGGAGGAATCATTAAGGTTATAGTTGCGGAAGGCTCCGGCCAGAAGTGTATAATACCTGTGTTTGGCACGAAGTGCAGTTATCTCCAGCGATTCCATTATCTCTGTCCTCAGCGAGTCACGGAGCGGGTCGGTTGGCTGTGCATTGTTATGAAGAGCATTAACGATAAAAAACA
CP179913.1_gap29	1003335	1007924	4589	GGATGCAAATGTTGAATAAATTACCTGTATCAGTGGCCATAATATCGTTTAACGAAGAAGCTAACATCGGACGTACTCTTGAGGCAATAGCTGATTTTGCGTCTGAAATAATCATAGTAGATTCCCATTCCACAGACAAAACAGCAGAGATAGCCGAAAGCTATGGGGCAAAGGTTTTTGATGAAGATTGGAAGGGGCATGTGGCGCAGAAGAATTCCGCTCTTGAGAAGTGCTCCTGTGAATGGATTCTGAGTCTGGACTGTGACGAAGTTGTTGACGAGGAACTAAGGAAGTCAGTTGTCCATGCTGTAGAACACCCGACATCAGACGGTTACATGGTTAACCGCAAGACTTTCTATATGGGGAAGTTTCTTGATTATTCATGGCAGCCGGACTGGAAGCTTCGGTTGGTAAGGCGCAAGTGTGCACCTGTATGGGGAGGGTATGACCCCCATGATGTCCTGTGCATTGAGGGGAGTGTTGAGAAACTTCGAAGCGGTTATTTGCTTCATTACTCATACAAAGATATTTACGACCACTATCAGAGGCTTGTAAAATACGCTAAAGTTGCGGCAGAGTCATATTATAAAAACGGGAAACGATTTTCATATTTTGGTCTCATAACTAAGCCTGCATACGCTTTTGTAAAAAAATACTTTATAAAGCTTGGTTTCATGGACGGATTCGCAGGGCTGGCTGTTGCTGTTAGCTCGTTTATATACGTATATCTGAAATATCTGTTTCTGAAAGAAATAAAGGATAAAAATAATGTCTAAAGTTATCTCCATAGGAAATATCAGCATGGGGGGCACAGGGAAAACCCCTTTTACTATCATGCTCGCCAAGCACTACATATCAAAAGGTAAAAAGGTCTGTATCCTGTCCCGCGGGTATAAGGGGAATATAGGCTACGATACAAATGTTGTCAGTGACGGCAAAAGCATACTTCTCGGACCGGACAAAGCTGCTGATGAACCTTATATGATAGCGGTGAACTGTCCTGAGGCAATAGTCATTACAGGGAAAGAACGCGTGCGCTCTTATGAATATGCTGAAAAGCATTTTAAGCCTGATATCTATCTGCTTGACGACGGGTTCCAGCACCATAAGATGCATCGTGACATTGATATCTGCCTGCTGGATCATAAAAAGCCGATTTCGACAGGGCTGATGTTCCCCTTCGGGTATCTTCGTGAGCCTGCATCGGGGATAAAGAGGGCGGATATCGTTGTCTTTACCCGTGCAGAAGATGATAGAATTCCTGAAAAGGCTGCGAAGTTTGTTAAGGGTAAACCTGTGTTTTTTAGTAATGTGGATTATTCCGGTATATACGGCGTTGACGGTAAAGCTAAAATAGCGATGAAGGGGAAGAAGGTCTTTGCTTTTGCAGGGATTGCATCACCGAAGAAGTTTTTCAGTTTTATTAAGTCCCTTGGGGCAGAGCTTGTGGGCAGAAAGTTTTATAGTGATCACCATTGTTATTGCGGGCGTGAAACATATGTTGTGGAGCGCAAGGCGAGAGAGATAGAGGCTGACCTGATCCTGACCACAGAAAAAGATTATGTAAAACTGCCGGAAGATGTCAAAGAAAGGGTACATTATCTTAAGATTGATATAAACCTTCGAGAGGCACAGAAGTTTTTTGAACTGCTGGGGTAGCTCTGCGGTCTGTGAACAAGTGCTGAGATTATAAAATAGAAAGCCCCCGCAAAACCTTTTTATCAAGATCTTCTCAGCGGGGGCTGAAGTTCGAGGTATTAATCGTCCTACCTCCATATTTATTTTAACAACACGGCGAACTCTTGTTTTCACTCGAGGCTTTTCCGCGCCTCCTACGTACTGTCCGAGCCGTTGTTGATAATACTAACATACGACTGGTAGCCAAATTATCAATAGTTATTTTGCATCATTATTACGAAAAAAGTATTTTCCGCTCACCATGCAAGGCTGTCTCTTTGTAGTTCTGTTTTGATATTCTACGATTTATGGTAATATTCATCAGGGCTGTATCTGGCTTTATATACAATTTCTGCTGTCAGGGTGTTTTAAATATACTGTGCCATGTTTTTACTAATCCAGTTTTTTATGTTCCGGGGGTAGTTGCATATGTGGTCGTAGTTTAGCTTTGTGATGAGAATATAGTCAGAGTGCGCAAGGCTGTCTTTAAGTTTGTCGTATATTGCGCTTACCGGTTCATCGGATGCAATGAACCAGCTGTCTTGTCTGTGCCTGACTCCGTCATAATCGTTTATGATCTTCTCAATATTTGCCATAGCAGGACTTCCGGCTTTAAAATCACAGTGTACAAGATATATGGTCATAGCTTCTCCCGAGTAACTAAATAACTTAAAAATTCACTTATTGCAAATAAAAGTAATATGTGTTACTATATGCTATACAAGTGAATATTATATATGTATTAGTATTAATTCACAGATGTAGAATAATTTGCAGTATGCATTATTAGGGGGTAATCATGGGAGATTTCAGAAAATATGCATGTGACATCAGCGGGGAACTCTTTAAGGCAGTAAATAAAAAAGGGATAAGAAGAGAAAAACTGGCGGCAGAGCTGGACATTTCAGTAAACCAGATTAAAAACTATGCTTACGACAGTAGCAAGTCTGCGACACTGGAGAATTTTCTCTACGTGCTTATCAATTACAAATGTGTCGATGTGCTGAATATTGTCGCACGTGATATGGACTGTTGCGTGTGCAGGCTTCCTGAGGCTTCTTCAGGACAGGCGCTAACCGACGCTGCAGCAGACGCTCTGGCTGAAACAGCAAGGGCTGTTGCTTCGTGTATGGATAAAGAGCATAAAAAAGATGAAGTTTTCCAGAGTTTACAGCGGTCTATAGAAAAGCTTGTGTATCTTCAGAAAATTATCTGAGGAACAAGTTTTGTATCAGCGATGCCTTGTAATAAAGACTTGAAATCAGACAAAAAAGGTATACTATATAAATATGGTTGCTGTAAAAGGCGAATCCAATAAAACCTCTACTCTCTCATTATAGCGAAACGGCGGGTGCAAAACACTCGCCGTTTTTGTTGATTGCACCAGTCAGTATTTGAGCTATACTTTTAATATTCATATTATTTAGATCCAAATGAACTAAACATACTTAATAACCGGAGGTCTGAGTGAAAAAGCTTTTTCCGTTATACTTCAATAAACTCAGCCCGTGCTATTCCCGTGATCATCTGGGGAACCACGGCTGCTATGCCAGAAACGACATACCGAGATTTTTGTATCTTACCGAGCTGGGACGTTTCGAAGAGGCGTTTTATGTTTTAAAAGAGACGAATCCGTTCAGTTCCGGCTGTGGACGTTTCTGTGATCATCCGTGCGAAACTGCCTGCAACAGGACGAGATTTGACGAACCTGTTGATATCAGGGCTATGGAGAGATTTGTTTCTGACTGGGGATACAGAAATGGTCTGGAGCCGAAAAGGCTTGCACCTGATAAAAATCTGAAAATAGCTGTAATAGGCTCGGGGCCTGCCGGACTTTCCGCTGCGTATTTCCTTGCGAGGCTTGGCTACCGTACAGATGTCTATGAGAAGGAGGATACTCCGGGGGGGCTGCTGACACAGGGGATTCCCGCTTTCAGATATCCCCGTGACGTCTTCAGTCATGAGCTTGATTTTATAATGAAAGCAGGAGTTAAAATTAAATGCGGCGAGAATATCAATAAAGATAAATTTCTTAACCTTACCCGTGAATACGATGCAGTTATTGTTTCTACCGGAGCGCATAAGCCTGCTGAGATGAATATTGAAGGGGAAGAACTTGCTGAATCCGCGATACCTTTCCTGCGGAAGATTAATTTCGGTCTGGCTGAGGAGCTTAAGATAAGGAAGGGCGAAAAGATATGCGTAATCGGAGGCGGTTACTCGGCTATTGATGTGGCAAGATGCAGCGTGCGTCTGGGCGCAGAGCCGACAGTCCTTTACAGACGTACAGAAGATGAAATGACAGCTCATGCCGGAGAGGTGGCAGATACTATTAAAGAAGGTGTTGCCTATAATTTTTTGCGGCAGCCTCTGAAGATAGAAAAGGCTGGAAAGAAACTGAAAGTGCAGGTTCAGGTTATGAAACTGGGGCCTGTGGACGAGAGCGGGCGGGCAAAGCCGTTTGCTGTTCCGGGGCTGGTGGAGGAGCACGAGTTTGACCGTGTTGTACTGGCGATAGGTGACAGACCTGATCTCTACTTTGTAGGCGAAAGCTTTACTGTGGATTTCCCGCGGATGATATGTCCTGATCTTCAGGAAGAGGACAGGGATAAAGTGTTCGTCACCGGTGACGCTGCGATGGGCAATGTTGAGAGTGTTGGTATGGTTGTCCGTGTGGTGGGGCTTGCTCAGGACACAGTAAAGGCTGTGCGTGAATTTCTCGGAGAGGATGCAGAGCCGGAATCAAGGCGGGATACAGCATTTTATAACATGCTTAATACAAAGTATTTTGAGAAAACAGGCAGGCTTGTGGAAGACGAACTCCCCGTTGCTGAAAGAGAGAATAATTTTAAAGAGATAGTGCAGACAGCGGAAGATGACATGGCAATGCTTATGGCTTCCAGATGTTTCAA
CP179913.1_gap30	1038696	1039798	1102	ATTATTTCACCTTTGTCTCTTTCCGGTGAGAAGATTTTGCTGACCCACGTAGGCGAGCCTTTAAGGCCGATAGTGTTAACGTCAAGCTTAAGGACGCTGTTGTCCCATACTTCAACCTTTGCATTCCTTGATGCCAGCCTCATGGGAACTGTGGGGTATCTGGGTCTGTTTATCTCACGTACGACAGTTATCATAGCGGGGAGTTTGCTTTCCACTCTCTCGTAACGCCCCTCAAGCTTTCTGCGTACAGTTGTTTTTTTTGCGTTAAAGTCGACATTTTCCACCCTGTCCACCAGAGTAAGCTGTTCCATCTCCATGCGTGTGGCTATACCGGGACCGACCTGAGCTGTGTCGCCGTCAATAGTCTGCTTACCGCATAGGACAAAGCCTACCTCGTCCTCTTCAGCAAGCTTTCTGATCGCTGCTGTGAGGACATTACTAGTGGCAAGAGTATCAGCACCGCCGAAGACTCTGTCAGAGAGGAGTATTGCCCTGTCTACACCGAGAGCCAGCGCTTTACGGAGGGCAGCCTCTGCATTAGGAGGGCCCATAGTGAGCACGACAACGGTTGCGCCGTATTGATCTTTCAGTCGGAGGCTTTCCTCCAGAGCGTGGGTATCATACGGATTGATGATAAAGGGGATACCGTCTCTGATAAGAGTGTTTGTTACAGGATCTATCTGAACCTGAGTGGTATCCGGTACTTGTTTGATACAAGCGATAGCTAGCATTAATAACACCGTCCTATATTATTAAGTTCATTTATAAAAAATCAGAATTCATCGTAATAATTAATGTCATACATATTTTTAGTATCATACACCGGAATTAAAGTCAAAAATGTAAATTTAAGTTAACCTGTTTGTAGGAGGGTGTTCAGAGAAGGGGTAAATGCTCATGATGTAAATATATTGTCAGAGCATTGTTTTTTCTGTTCAATGAATCTTTTTTCGGCTTATATTTTTTTTTATAAAAATTAACCGGATAACATATAGGAAAATATAATATTTAGAATATAATGCTGTTTGTGTTTTAAAATCGCAGTTGTATTAAAGGTATCAAAGATTATATGTATGCTAAATTATTGTAGATATGAGCTAAT
CP179913.1_gap31	1079632	1083466	3834	TACCACCTGAAAGACAGACCGTTCAGCGAGCTGTCCGGCGGTGAGAAGAGGCGGGCAATGCTCGCCAGAGTGATAAATCAGGATACCCCTGTTCAGTTTTTTGACGAACCTGTTTCCATGCTGGACATAAGGCATAGCCTTTCCATGCTGGAGCTCATGATAGATAGTGAAAAAACTGTAATTACATCCATCCACGACGTAAACCTTGCCCTCGAATACTTCGACAGGCTGATGTTTCTAAAGGATGGAAAAATGCTGTACGATGTCTCCAGGGCAGATGTCACAGCAAAGATGATATCCGAGGTGTTTGATGTTAAGGTTGGTACTGCTGCTGGTCGTTACAGCTTTTACCTTTAGTGCATTTGCTGCAGAGAGAGTGGTGCTTCTGGCGCCTGCTGCTGCGGATATTATGGAAAAGCTAGGCTGCGGTGAATATATCGTAGGAAAGACAAAGAGTGTGGAAGAATTCCCGGATGCTGTGAAAGTTGGGAGCCATATCCGCCCTAATCTGGAGCTGATAATATCTCTCAGCCCTGATCTGATAATAATTCCTTCTAATAGATTTTTTACAGAAGAGATGGTGCAGGATGCTGGTGTGCCTGTCGCTGAATACAACCCTTCAACTCTGGAAGATATCCTGAAAGATATTGATAAGCTGGGCAGTCTGATGGGGAAAGAGGCAGAGGCGAAAGAGCTTAACGGTAAACTCAGCAAAATGCTTGAATCTGTGGTTCCCCCGGCAAAGAGCCCAAGTGTGCTTTTTGAAGTTATGCAGATTCCATACACCATCGCAGGCGGGGGAAATATCGCCGTGGACATAATAAACCGTGCGGGGGGCGCTTATCATGAACATAGTAAAAAGAAGATGATAAGGTATTCCATGGAAAATGCCGTTGCAGACAATCCCGATATATACATCTATCAGGTTGGACCCATGAATAAGAACCCTCAGCCTCCGCAGGATAGAGAGATTTTCAAAACTATGAAATCTGAATATGTTCAGGTGGATGAGAGGGAGTTTTCAAGGGCAAACAGCCTGTCTTTTGAAAATGTACTGAAGCTGAATGCTTTATTCAACAGTTTCAGCGAGAGGTCAAAATGAAAGAACTTATAATCATAGGCGCAGGGCTCGGGCCCCAGTCTATTACCCTCCAGGGGATAAATGAACTTAAACGTGCTGATATTGTTTTATATGACAGACTTTTGCATCCCGGCATATTGGATTTTGCCCGGGGGAAGGAGCTTGTTCAGGTTGGAAAAACTCCCTATAAGCACTGTATTCGTCAGGATGAGATAAACGACCTTATCAAAAAATGTCTTTCTGAAGGGAAGATAGTTGCCAGACTAAAAGGGGGGGACAGCACTGTTTTTGCCCGTTCTATCGAAGAGATTGAGGCGGCAGAAGAGATGGGAGCTGACGTTATGATTGTCCCCGGTGTGACTTCCGCTGCGACACTTTCCGCAAAGATGCGAGCGGCTCTGACAGACAGGCGCACAGCGTCTGGAGTGGTGTTCATTACAGGTCACCCGAAAAACGGTGAAATAGAAGATACATATAACTGGAAAGCTCTGGCAGGACTCGGTCTGAGCATCGTCATCTATATGGGTGTTAAGAATGCCCCTAGAATATGCAGAAAGCTTGTGGAATTCGGCATGAGTGAGCTGACATCTGTTATGATCGGCGAAAAGCTGGAGACAGAACAGGAGCGGCTTTTCAGGTGTACTCTCGGAACGATTTCCGAAACCATCGAAGGCAATATGATAGAGAACCCTGCAACTATTGTTATCGGTGATGTGGGGTAGCGGCAGCTAAGAGATGGGGTAGGTGATGCAGATATTTAAGCCGTTGTCGTTTACAAATTCTATTTCGCCGCCCAGTTGTTTCGTTAGGGATCTGATGACAGTTAGACCCAGAGATTTACTCTCATTAAAGCTTGTTTCAGGCAGGAGACCGTTTCCGTTGTCTTTCAGCCACATTTTATAGCTTTCGCCGTACTGTTTGAATCCAACCTCAATAATTTTCTCCTGTTTTTTGTCCTTAAAGGCGTGTTTGACGGCGTTGGTGAACAGCTCTGTTATTATGAGTCCGGAAGGCACAGCTTTATCAAGGGATATTGCGACATTTTCAATGTCTGTGATAAGGGTTATGTCGTCGTTGACGGCAAACATATACTTCAGGTCAAAAGTGAGCTTTTCGAGATAGTCCTTTATGCTTAGGACATCAAGTCCCTGTGTCTGGTAAAGTAGTTCGTGTATAAGAGACATGGATTTGATCCGTGCTATTGAGTCGCTGAGGTAGTTGTATTGTTTTTGGTCTTCGAGTGACTCACTTTGCAGGGACAGCAGGCTGCATATGATCTGGAGATTGTTTTTCACCCTGTGGTGCACTTCCTGAAGGAGCACTTCATTTTCCTGAATCTGTGATACCATTTTTGCCTGAGTTGCGGTTTCTTCTGTAATATCTCTGAATATGAGTATGCATTTCTTTTCGTTATCATAATACCGCAGGAAGCTGACATAGGACTCTATAGGGAACACTCTGCCGCTTTTGCTCATCATGAAATCACGATATGAGCAGGTGTCCTCACCATTGCTTATGAAATGCATTAGCGGGCAGTCCTCTATCCCCCGATGCCCGTCTTCGCTGTCGTGGTGTATGCATTCATGGGGGTTTCTTCCGATGAGCTCAATGTCGGAATATCCGAGAAGCTTCTGAGCATAGGAGTTTACAAAGAATATATTTCCTGAATCGTCAATACCCATTACCCCTTCGTGGAGCGAGTCGAGTATTGCACTGTGAAGGGTAGTGATGTTTCTGAGCTGTTTCTGGAAGTGGGCCTCGCTTGTGAGGTCAGTGAAGCTTACATACAAGTATTGGGTATCTCCGAAAATTATTTTTGTTTTTGCTATGAGTACAGTTTTCAGATTGCCGTACCTGTCTATTGTTTTGTACCTGTAGGGGCGTTCAGCATCGCTGTCGCTGTTCCAGAACTTGACAGCTTCGTTCCGGCTGATAAAAAGGTTATCCATCCTCATGTCGCGAAGTTCTTCTATTCCGTATTTGTACAGCTCTGTGAACGGGCGGTTAGCATCTGCTATGAAGCCTGTTTCTGCATTGACGAGCATCTGCATACTGGTGGATTTCTGAAATATTGCCTCGTACCAGTCCTGTCTGTCTATGAGTGTGTCAAAGGCAAGAACATCCTTGGTTACGTCAGTGATATAGCCTATAGTTTTTTCTATTGTGCCGTCCATTCCGTAGTAGTCTGTTGATGAATACTCCAGAATGAGCTCTTTTCCTGATTTCGAAGTGGTTTCATGTATATTCGATCTTGCCGGTGTACTTGAATGCTTGTAGCTGTGTGTTCTGGCTCTCAGCAGGTAGTTCATGAAGAATGTATTCTGGAGTTCTTCTGAATAAAATATCTCTGCCACACTGTAGCCCGTAACTTTTTCCACAGAAGGGTTAACGTATTTTAGTTTCATTTCAGGCATATAATCCACAATAAAGATTATATCTCCTGAGACCTCAGCGATGCTCCGGAATACTCTTTCTCTTTCGTTAAGGTCTTTTTTAACTTTTTCGAAATGCATTAGCATTATGCCGGAAGCTGTTGTAAGAATGAGTATGAAGACTATGTGGTAGCTTACAGAGTTCAGCCATTCAACGTGTCTTATAAAAGGGTAATAAGCCTTATGCAGTCCCCATGCAAGCATGGATATGCCTGCAACTTTTCCTCCAATGCTAAACTTTCTGGTATGCATGAAAAGAGCAAAACCACTGTAACAATAAATATATGCACTTGTGAAGAAGACAAGAAATGCTGTGATTTC
CP179913.1_gap32	1159280	1163966	4686	CATTATGATTAATTAGCGTAATATATAAATGCATAATTGCTATGAAATTTAAACAGGTGATTTATGAGTGAATTTGAGGATCTTAAAGATTTAATAGACACATATGATTCGGATGAAGATGCTGCAGCGGAAAATATCGAAAATGAGTTCCAATACAATATTGATAGCTTCACCAATGCGATTCCTGTGGAACGCTTGATAGATGATTTTCAAAGAAATATAATCAAAATCCCTGAATTTCAAAGGCCTTACGTCTGGAATCGGCCTGACAATAAAACTGGCAGACATCGCCCTAGCCTATTTATTGACTCAATCTTATTAGGATTACCAATTCCTCCAATAACTGTTTACAAAGATCCAGAAGCACGTGAAGAAGGTTATTTAATTGATGGTAGGCAAAGACTAATGACAATGTCTTTTTTTACTAGAGGTCAATTCCAGAATGGTAAAGAATTTAAGCTAAAAGGTGAAAATATCTATAAAGATTGGCAAGGTAAAGCATATAAAGACCTACCAGAAAGTCTTAAAGATCGTTTTAATAGAACTTATATTCCAGTTATGTATATTAGGCAATTAAAGAAGGATCTACAAATGACTCCAGGGGCTAGTTCTATCTATCTTTTGTTTGATAGATTAAATTCCGGAGGTTATGCTCTCACTCCACATGAGAAACGTGGCGTACTTGGATTAAACAATAATCGTCTGTTAGTTCTTATGAAAAATGCATCGCAACTTCTTGAATGGAGATATATATTCCCACATTCATTGATGAATTTTCAAGATAAACCATATAATGAAAGTGTATTCCAAGAGAATGTATTTCGAACAATTGCGTTTTCGCTAAATTACGAACAATACGAAGGGAACATTACACGGTTCTTAGATAAATTTATGGTCTCATATTCAATAAATGATCCAGAGCCTATTATGTATTTAACTCAAGAAGTATTAAAAGTACTCATTACTAACAAAAATATAGATAAATTTTTTAGACCACGAGGTCGCTTCAGCATCTCTCTATTTGAATCAGTTTTCGTTGCTTGTTATAGGATTTTAGATAAAGGCAAAACTATAACTAATTTTGAAAAAAAATACCAGCAAGTTGTCGAAAATGGCTACTATCTTGCCCAAGGAAGTCGCAGTCTATCAAACAAATTTGATATGTTGAAGAAATTTAATAATACGTATGAGATATTTAATGCATGACTTAATTAATAAAATTTCATACTTTAATGATTTCTTTGATAATGAATTGAAAGATACATGGGTTTTCTATATTCACCTTATTCAAACTGATACACAAGAAGATAATATCGAAAACAGCAGAATACTCTTTTCATACGTTATTATTGCCAGTTTATATCTAGAGTCTTTTCGTGCTGTTATGCTTAATTTCTTTATTGCATACGATATAGATATTGATTTAATAAAACGTGGAAAATGGTTACCTAAAGATCTTAATATGAATTCTAAATTATGGTCTGGCATTGTAAGTTGTCAAAAGGAGCTATCACATATTGCTAATAATCCGTTATATTTCGATGCAATCAAATTCTTTTGTGACTCCGACAAAAGCAGCCTAAGTAGAAACATCGTATCTCATGACATAATAAGCTCATTAGCAAAAAGCAAATACATAACATTACAAGATATTAAAAATAACACGAACCATCTCATAGACTCTTTAATCAGTATACACAAAATTTCTCAAATCAAACGTGTAAAAAACAAAAGAAAGCTCTATTCTCATTCTACACCTAAAGCAGTAAAAAGAAGATTATCCCAATTAGAAAAAGCAATAATTCAGGCCTAAAATGATGACTTTCTCTACTATAAAAAACTGAATACTCCTATTAACTCAACTAAGTCATACTTATTCAAACACGAACAGGAAGTGAAACCATAGGTTGAATTTTTGCCAACACAGGATAAGCATCTAATATCTCATTATACAAATCAGAGTGTTTATGAGCTTCTATAGTAAGAATTAATGCATACGCTAATGGCTCTCCTCGCCTTGTATCTGCCCCTGCCTCCCTGGCAATGTAATGAATGTCAAAAACAGGATTATTCAGCGTCTTGCCCATAAGGCTTTTTTCGGCATGAAGAACGTTCTCCCATTTATTTAATCCCATTCGGCGTTCATTTTCAGTAGCATAAATCTTATTAGAGAAAAAGGAATCTGATGCCGCATTTTGTTTACCAGACTCTTTCTTGCTTTCATCTCGCCTGAAAGTAATTTCAAGTGATGCACGGGTATACGCCCCCACATCTTGCGGATCAACTGGAGAAGCATAACAAAATGTCGCCTTGATTTTACATTTACCAGTTAAACCAGATTCTGGTATTGGCAGTTTAGCTCTTATAAACTTACCTGGCTTCAGGGTCCCCTGATAAACAATTCTAGCAACCCCAGAATCACATGAAATAATATCCATGATATTCTCAGGCAATTTACCCCAACCAACTTCTTGCTTGTCATGTTCAGAGCTCTTTGCAGAATGTATCAAAAGAGCCTTTATTGCCAATGCTGACAAATCATCTCCCAAAATAGCACGCACCCCTACTGCATTCCTTAAAGCGAATGGAGAAGCATAGCTAGTACCAAGCTCTGGAGTAATATGTAAGCCTTTTTCTGCAGATACCACATGAAAATATTCTTTTGGAGATCCCCCAAACGCCAAAATATCAGGTTTAATAAAACCTGGTCGCCTACCTGGTCCAAATGCACTATAGGAAGCTTTAGACCACTCCTTCTGAATACTTGTAGCAGCCCCAACAGAAAGAGTGTTTACGCAGTCAGATGGGATTTGTATTCTCGCATTTCCTGAATCTCTATCATATTCACCATTATTGCCTGCAGCAACAGTCATAATGGTTTCACCATCACTCAGCAAGTCATCGAGAACCGCTGTCCATGTATGTATCTCTCCGTCTTCAATAGGTAAATCAGGACCAAGACTCAAATTCACAAATTCATATTGTCTAGACAATAATACCTGTTCAATAAGTCCTAACGTTCTATATAGTTCCAAAGGGTCTTCCTCTTCTGACTTGCTATCCAAGACCCTTAAATGGTTAACATAAGAAAATGGGCGTTTCGCAGTTTCACCTGGCTCAATGGGGCCAAATAAAAAAGCAGATGTAACACCGAGACCGTGATCTGGTCCACCATCATCTTCTGACAACTTATCTAAATCTGATTTAATTGAAGAGTAATACTCATCATATAATGCAGAGATATCATTAATACTCTGGAGTGTGTTATTGTCTTTTGCAACTTTAGCTGCCATAACAGCGATGCGAGGATTACCTTGGGAAATATCAGATATCCTTCTAAGGTAAAGTGAATTTGTAATCTTATATTCATCTTTAATAAATTCCTCAATCTCTTTATCCGTTAGAGGATCAAGGTTGATTATTGCAGGCTCCTCAAATTTCTTTACGTTAGCTATAACTGACTCTAAGGCATAATCCCTGACAGTTATACATACCTTAAATACTTGATCAGGTCGCTGTTCCTGAAACAGTTGATAAATATAATTAGCCCCACTTATCCTATTTGCAGAGGTGGTCCCAGAAATCTGTACAATATGCTAAGGTGGAAAAAGCATATTGGAGGATCACACGATGTCAAAAACAAAACGTACCCGCTACTCAGCCGAGTTTAAATCAAAAGTAGCTCTTGAAGCTCTGAGGGAAGAACTGACCTTATCGGAATTATCAGCCAAGTATAATGTTCATCCGAACCAGATTTCTAAATGGAAGAGTGAAGCCATCAAAGGAATGTCGACAATCTTTTCAAATAAGTCCAGCAAGTCAGAAGAAATGTCAGAAGCAGAAATAAAGGATCTTCATGCAAAAATAGGACAACTAACGGTGGAACGAGATTTTTTGCAACGAGCCTTCGGGAAACGGTAAGCATATCCCGGAGGAAGTTTATGATAGAAAATTCTGGAAGCAAGCTCTCAATTAGCAAGCAGTGCCGGCTTCTTAGTATCAGTCGCTCCAGCTTTTATTATCAAGAGTCTGGAGAGTCTGCTTTAAACCTTGAACTTATGCGTATTATAGACGAGCAGTTTATGATGACGCCTGACTTCGGCTCCAGGCAGATGTCAAAGACTCTCCGAAGGTATGGATACAATGTTGGTCGTAAGCGTATACGCAGACTGATGAATAAGATGGGGATAGCTGCTGTTTATCAGAAGCCTAAGACCAGTAATCCTCATCCTGCTCATAAAAAGTACCCGTATCTGCTCAGGGGGCTGGATATAAGCCGTCCCAATCAGGTTTGGTGTTCAGATATTACTTACATGCCTATGAGGCGTGGATTTCTCTATCTGGTGGCAATTATGGACTGGTACAGCAGAAAAGTTCTGAGCTGGAGACTCTCAAACAGTCTTGATTCTGATTTCTGTGTTGCTGCACTGGAAGAGGCTCTTGAAAAATACGGAACACCTGAAATATTTAACACCGACCAGGGCAGTCAGTTTACCAGCTATGAGTTCACACAGACTCTTAAAGATGCTGGTGTTAGAATCTCTATGGATGGCAGAGGCCGCTGGATGGATAATGTCATGATCGAGCGAATCTGGAGGACATTGAAGTATAGCTTCGTATATCTGCATGCATTTGATAACGGCCACGATCTGAAGCGAGGGCTTAGTAACTGGATAAATTTATACA
CP179913.1_gap33	1175078	1177756	2678	CGGACATCGTATCGGAGCTCGGACACTTTTGCCGCAAGGTAACCTTTTTCTGATTATAAGAACCAGTTCATCTATAAATCAAGCGTTATCCGCCTGAATTTTCCTTATACTTTCACCTTTAAGTTTGATCTTGTGACTGCTGTGAAGCAACCTGTCCAGAATAGCGTCAGCCACAGTGTCGTTGTTGAGATAGTCATACCAGCGATCTACAGGCAGCTGTGATGTAACGATAACACTGCTGATACCTGCACGATCCTCAATCACCTCAAGAAGGTCGTTGGCATCATCGGCAGTGAGCGGATTAATTCCGAAGTCATCAAGGATGAGCAGATTATACCTGGCTATTTTATTAAGCCCCTTAACATAAGTACCGTCCAGCCTTGCCAGTTTCATCTCATCCATAAGCCTGGGCAGTCGGTAGTATCTGGCAGTAAGCCCGTCCCTTACAGCCATATTGGCGAGAGCCTGAGCAATGAAACTCTTCCCTGTTCCTGTAGGACCAGTAATAAGGATATTCTGCTTCTTGTGCAGATACCCTCCTGAAATGAGTGAAAGCATAGCTGACTTATCAAGCCCCCTTGGTATGGTGTAGTCGATATCCTCAACTCTTGCGTTGAGGTCTTTGAACTTCGCCTGCGCCATGTTCCTCTTTATTTTGCGTGACAGCCTCTCTGCTGATTCCGCCTGCAGAAGCTGAAGCAGACGATCCTCAAACGGCAGATCTCTGTACTGTGGATTCTCCATCTGTCTGGAAAGAGCCGCCTCCAGTCCGGCGAGCTTCAGCTCTGCAATAAGGTTTTCTAACTTTGACATTTGTCCTCCTCTTTATAATAGTCTCTACCCCGCACATTGTTATGATTGCTGAGCGGGGCAGTGTTCTTGTCGTTCTTCTCAAGATATATTTTACTGTTCAGTATGGATTCAAGGCTCTTCACGGAATAAGCTCTTATCTCAAGTGCTTTTTTACATGCCATGTTGAAGTCACTTTTATCATGATCCTTTGCTCTGCTGAGGATAGCGATGCATGTCCTGTACGCATTTGCCGGATGACTTCTGGAATCCAGGATATTCTTCATGAGCCTTGCGGCATCAAAGCCTATAGAACCTGCCCAGTTGAGTATACGTGCAGGATTCCATTTCTCCTGCCACATGACATGATTAGGCGGCATGTGCTCTGTAAGAGTGGAACCTCTCTTTGATTTAGGATGGATGGCTACAGCATATCCTTGGTGATATATCTCTACGGTGGTGGCGGAGTGCCACACATCAACTTTGTTCTTTATAAGCTTGTAAGGAACAGAGTATCTGCTGCCGGAAATATCTACATGATAATCCACTCCTACATGCCTTATCAGATACTCACGGTACTGATATCTGCCCTTAGGCAGGGGCAACATCTCAGGACGGTCTATCTCTTCCAGAAGCTCAAGACGGCTCTTGCCGATACCTCTTATGACTTTATTGTTATAGGCCTCAGTAAGCGGAGCTATGGCAGAGTTCAGTTCCTGCACAGTGTTAAACAGTCTATTTCTGAGCTTTGCAAGTATCCATCTCTGTATCCCCTGAACTGCCTGCTCCACCCTTGCTTTGTCCTGAGGTTTCGCAGGTCTGGCAGGGATGACTGCGCAGCCGTAATACTTAGCCATGTCTGAGTAGCTGCTGTTGACCGTAAGAACATCTCTGGTGTGCTTGGTCACTGCTGATTTAAGATTGTCCGGTACTATGGTCTTTGACACTGCGCCGTAATATTCGAATGCAAGACTGTGTGACAGTATGAATGATTCTTTCTTCTGGCTTTCTGTTGCATGTACGAACACAGCTCCCGATGCTCCAAGAGCTGATACAAATATCTGTGCCTCGCTCACTTCTCCTGTATAGCGGTCTACTATATCCATTGTCAGGCCGGAATAGTCTACGAACATTATTTCACCGGCGTTGTATATCTGGCGCATGGTCGGACTAAGACGGGAGATGTGTTTCTTGCAGTACTCTTTGAACTGAGTGTAGTTATAGCCGTCTGGATGGACTGATTTATACTCCTGCCATAGGAGCAGCCAGGTGACTCCCTTGCGGCGTTTCTCTCTGGCTATATAATCCAGATCGGGCATCGGAAAGACACGGTTCAAAGGCATGGATCTTTCCGGAAAAAGACGGCTGTAAAGTTCATCTTCGGAAACCGACGACAGGTCTTCAGCCTTAAGACCAGTTATTCTGAAACGGTTTACATAGTCGGATACCGTTGATTTAGGGATTCCGGTGGATACCGATATCTGACGGATGGAAAGCTGGTTTATATATCTTAGGCGTATTACCTCTTTGATCTCGCTCATTGTTAACCTCGTCATATTTGCCTCCAACTTATTATTGGAGGACAGTTTAAAGGTTAACCTTGCTGACGGAAAGTGTCCGAGCTCCGCTACGCTGTCCGACGACCGCTACAGTGTCCGAATTTTTCCGCTACGGTGTCCGACGGGAAAACGCTACGCTGTCCGAATCACGCCGCTACAAGCACTAAACAAATCACTAAATTAGTTTACTAAACTACATTGCCTACCAAGCAGGAGCAGTATGTATATATTCTTTATAATTATCTGGAAGATTAATACCATTATATATTAATATCTCAGCCCCTTTACGTCTCTCTTTATTGGTTGAATAATTTAAATAAAAATCAAGCT
CP179913.1_gap34	1294913	1298345	3432	AGCGACACTCTGGTGACAAAGTTTATCAACAGCCTGATGTATGATGGTAAAAAATCTGTCGCTGAGAGAGTATTCTACAAGACGCTCGATACAATCAAAGAGCGTACCGGTAAGGAAGGTATTGAAGTCTTCCGCCAGGCTGTTGAGAATGTGAAACCGGCACTTGAGGTTAAATCAAGAAGAGTTGGTGGTGCCACATATCAGGTGCCAATCGAAGTTCGTTCTGTTAGAAAACAGGCACTTAGTATTCGATGGCTGATAGCAGCTGCAAGAGGCAAAAAAGAGAGAACAATGGTTGATCGTCTCTCTGGCGAGCTTATGGACGCTGCTGAAGGCAAAGGTATCGCTTTCAAAAAGAAAGAAGATACACATAAAATGGCAGAAGCAAACAGAGCTTTTGCTCACTTTAGATGGTAATGGAGGATCTGCGTGGCTAGAAAAGTTGCTCTCGATATGCAGAGAAACATTGGTATCATGGCCCACATTGATGCCGGGAAAACTACTACAACTGAAAGGATTCTCTTTTACACTGGTGTAAACTATAAAATCGGTGAAGTGCACGACGGTAATGCAACAATGGACTGGATGGAACAGGAGCAGGAGCGTGGTATCACTATCACATCCGCTACTACTCAGTGTTTCTGGAAAGACCACCGCATTAACATTATCGACACACCGGGACACGTTGACTTTACTATTGAAGTTGAACGTTCCCTTAAAGTGCTCGACAGTGCGTGTGCAGTTTTCTGTGCAGTTGGCGGGGTAGAACCTCAGTCTGAAACTGTATGGAGACAAGCCGATAAATATAAAGTACCGAGAATCGCCTTTGTCAACAAGATGGACAGAACAGGCGCAAATTTCTTTAATGTTGTTAATCAGCTTAAAGAGAGACTCGGTGCAAACCCTGTGCCTATTCAGCTCCCTATCGGCGCTGAAGAAAAGTTCGAGGGTGTTATAGACCTCGTAGAGATGAAGGCTGTCATCTGGAACGGAGAGGAGCTCGGTGCTTCTTTTGACGTTGTTGACATCCCCGCAGAATATAAAGAGCAGGCCGAAGAGTACAGAACTGCACTCATCGAAGCTGTTGCTGATTCTGACGAGGCTCTCATGGAGAAATACTTCGAAGGCGAAGAGCTTACTGTAGACGAGATAAAAGCCGGTATCAGAAAATGTGTTATAAATATTTCCTTCATACCTGTGCTTTGCGGGACAGCCTTTAAAAATAAAGGTGTTCAGACTCTTCTCGATGCTGTTACTATGTATATGCCGTCTCCGCTTGATGTTCCGGCTATCAAAGGTATTAACCCTGATACTGAGCAGGAAGAAGAGAGACCGGCTGATGATAACGCACCGTTTTCAGCTCTTGCTTTTAAAATTATGACAGACCCTTATATGGGACAGCTTACTTACTTCAGAGTTTATTCCGGTAAACTCGAAGCGGGCAGCTATGTCGTAAACTCCACAAAAGACAAGAAAGAACGTGTCGGACGTCTTCTTAAAATGCACGCCGACAAACGTGAAGAGATCAAAGATATCTATGCTGGTGATATTTGCGCCACTGTAGGTCTTAAGTATACAACTACTGGTGATACACTCTCTGATCCTGACCATAGAGTCATACTTGAGTCTATGACCTTCCCTGATCCTGTTATATCCGTAGCAGTTGAGCCTAAGTCAAAAGGCGATCAGGAAAAGCTTTCACAGGCTCTCCAGAAGCTTGCTCAGGAAGACCCGTCTTTCAGAGTTAAAGTCGATGAAGAAACTGGTCAGACAATTATTTCCGGTATGGGTGAGCTTCATCTTGAAATCATCGTTGATAGAATGATGAGAGAATTCAAGGTTGAAGCAAATGTTGGTAATCCTCAGGTTGCTTACCGTGAGGCAATTACTAAGTCTGTGTCCGGTGAAGGAAAATACATTAAGCAGTCTGGTGGTCGTGGTCAGTATGGTCACGTATGTCTGGAACTTCATCCGCTTAAACCAGGTGAAGGGTTTGTATTCGAGAACAAAATCGTTGGTGGTTCTGTTCCTAGAGAGTATATCCCTGCTATTGAGAAAGGTATCGAAGAGTCACTCTCTAACGGCTGTCTTGCAGGTTACCCTGTGGAAGATATCAAGGCTGTTCTGTTTGATGGTTCTTACCACGATGTCGACTCAAACGAGATGGCGTTTAAAATCGCTGCATCTATGGCATTCAAAGATCTGTCCAAAAAGGCAGGGCCCGTTATTCTTGAACCTATCATGAAGGTTGAAGTTGTTGCACCTGATGAATACACAGGTGATGTTATGGGTGACCTTAGCTCCAGAAGGGGTAAGGTTGAAGGGATGGATATGAGAGGCGGCGCTCAAGTCATCAAATGTATGGTTCCGCTTAAGGAGATGTTCGGTTATGCAACTCAGCTGAGGTCTATTACACAGGGTAGAGCTACTTACTCTATGCATTTCGACCACTACACTCAGGTGCCTAACAACGTCGCCGAAGAAATAATGAAAACTAACTAAAATAAATATTTTAAATTTTTGGAGGACCTATAATGGCCAAGGCAAAATTTGAAAGGAAGAAACCTCACGTAAACGTGGGTACAATCGGTCACGTAGACCATGGTAAAACAACCCTTACAGCCGCAATGACAACAGTTCTTAGTAAGCGCGGTTTTTGTGAGGCAGTGGATTTCGCAAATATCGACAAAGCTCCAGAAGAGCGTGAGCGCGGTATAACCATTGCGACATCTCACGTCGAATACGAATCAGAAGTTCGCCACTACGCACACGTAGACTGTCCGGGTCACGCGGATTATGTAAAAAACATGATCACAGGTGCCGCACAGATGGACGGAGCAATTCTTGTAGTAAGTGCATCTGACGGTCCTATGCCTCAGACACGTGAGCACATCCTTCTTGCACGTCAGGTAGGAGTTCCTACGATAGTAGTCTTCATGAACAAATGTGACATGGTAGACGACGAAGAGCTTCTTGAGCTTGTAGAGCTTGAGATCCGTGATCTTCTCAGTGCTTATGAGTTTCCTGGCGATGATACACCAATCATTCAGGGATCAGCTCTTAAAGCTCTTGAAGGTGATGTAGCTTATGAAGAGAAAATAATAGAGCTTGTCCAGGCACTTGATGATTTCATTCCTGAACCTGAGCGTGACATAGATAAGCCTTTTATTATGCCTATCGAGGATGTATTTTCAATTTCCGGACGTGGTACAGTTGTGACAGGACGTATTGAGCGTGGAGTTGTAAAAGTATCTGAAGAGATTGAGATCGTAGGTATTAAAGATACAGTAAAGACAGTAGTAACCGGAGTTGAGATGTTCCGTAAACTTCTTGATCAGGGTGAGGCTGGAGATAATGTCGGAGTACTTCTCCGTGGTATCAAGAAAGATGACGTAGAGCGTGGTCAGGTGCTTGCTAAGCCAGGTTCCATCA
CP179913.1_gap35	1300318	1302375	2057	TAACCTTCGCTGTTGATCCGAGAGCTACAAAGCTTCAGATCAAACAGGCAGTACAAAAACTGTTTGATGTTAAGGTGAAAGATGTCAGAACTATGAACACCAAAGGTAAAGAGAAACGTTTCGGACGCACAACAGGCAAAAGAAACGATACTAAAAAAGCAATTGTTGTTCTGGCTGATGGCGAAACACTGGAGTTTGTATAAGAGAGGATACCTTAGATGGGAATTAAGAAGTTTAAACCGACTTCAGATGGTGTTAGGTTTAGAACCAACAGTGATTTTCAGGATGTTACAGCTTCAAAGCCTGAAAAATCACTTCTCGCCCCGAAGCACAACAAAGCAGGTCGTAACAACCACGGCCGCATTACAGTTAGGCATCAGGGTGGCGGTAATAAACAGAAATATCGTCTGATAGACTTTAAAAGAAATAAAGACGGGATTGCAGCGAACGTAAAAACAATCGAATACGATCCAAACAGAAGTGCAAGAATTGCTCTTGTCTTCTATGCAGATGGTGAGAAAAGATATATACTCGCTCCAACAGGTCTTAAAGTAGGCGATCAGGTTCTTAGTGGCGAGCAAGCCGACATTAAACTCGGTAATGCTAAAATGCTGAAAGACCTGCCCGTCGGGACAGTAATACATAACGTGGAAATGAGGCCCGGGAAAGGCGGACAGCTTGCCCGTTCCGCAGGAACATACGCACAGCTTCTCGCTAAAGAGGGAACCTATTGCCACGTCCGCATGCCTTCAGGTGAAATCAGACTCATTAAAGCTGAGTGTAAAGCCAGCATAGGTCAGGTTTCTAACCAAGAGCATGAGAACATTAAAATCGGAAAAGCGGGCCGGTCCCGTTGGAAAGGCGTTCGTCCTACCGTTCGTGGTGTTGCCATGAACCCAATCGATCACCCACACGGTGGTGGTGAAGGTAGAACCAGTGGTGGTCGTCACCCAGTTACTCCTTGGGGTGTTCCTACAAAGGGATACAAAACAAGGAAGAAGAACAAACCGTCCAACAAGTACATCGTTACCCGCAGGAAGAAGTAGGAGGATTGACTAGTGCCTAGATCGCTAAAGAAAGGCCCGTTTATAGATGACCACCTCATGAAGAAGGTGACAGCAGCTAAAGAGAGCGGCGATAAGAAAGTCATCAAGACATGGTCAAGAAGAAGTACAGTACTTCCTGATATGGTCGGGCTTACATTTGCCGTACATAACGGAAACAAGTTCGTACCAGTTTATGTTACTGAAAATATGGTGGGACACAAACTCGGTGAGTTTTCCCTTACCAGAACCTTCAGAGGGCATAAGAAAGACGATAAAAAAGTAAAGGGTAGATAAGATGGAAGCTATAGCTCGTGCAAAATATCAGAGAGTTTCTCCTAGAAAGACACGCCCTGTAGCAGACCTTATAAGGGGTAAAAAAGTTGAGGAGGCTCTTGCCATCCTTAAATTTACTCCTAATAAAGGCGCTAAAATCCTTTACAAGGCTGTTAAATCCGCTGCAAGCAACGCAGAGGAGAACCACAACCACGCTGATGCTAGCCGTATGGTTGTGAAAGAGGTTAGAGTTGATCAGGGTCCTGTCTGGAAGAGATTCCTGCCAAGAGCCTATGGTAGAGCAACCGGTCTTCGCAAACCTACCAGCAACATAACAGTAGTTCTTTCTGACTAACGGAGGTATTTGTGGGACAGAAGGTAAACCCTAATGGATTCAGAGTTGGCGTGAACAAGCCGTGGAAATCGGTTTGGTATGCTAACAAAAAAGAATACAGGCAGCAGCTTCTTGAGGATATCAGAATAAGAAAATTCCTCAAAGACAGGCTTATGCAGGCAGGTCTCTCCCGAATCGGTATCGAACGTATGGGAACACGTGTCAGAATAACTCTGAACACATCACGCCCTGGTATTGTTATCGGTAAAAAAGGTGCAGAGATAGATAAGCTCAAAAAAGAGCTTAAGAAATTTACAAAATCAGAAGTGCTTCTTGTTATCAGAGAAGTCAAAAAGCCAGAGATCAACGCAGTTCTTGTAGCTGAGAACATCGCTATGCAGATC
CP179913.1_gap36	1304111	1304826	715	CCCGGATGGCGGCATTATGGATAAACCAATGCCTCTTAATATCTCTAACGTTGCGTACTACTGTAGTAAATGCAGTAAAGGCGTAAAGCTTGGTATTAAGGTACTTGAGTCCGGCAAGAAAGTTAGGTTCTGCAGATCTTGCGGCGAGATAATCGATAAGGACTAACGGAGAATAACTAATGGCGGAACTCAGAAGAATCTATAAAGAAGAGGTAGTACCGAAACTTACAGAAAAGTTCGGCTACAAGAACGTCATGCAGGTTCCTAAAGTCACAAAGGTCGTACTCAATATGGGTGTCGGCGAAGCGGTTACAAACTCTAAGGTTATAGAGGGTGCAATCAGAGACATGGAGCTCATTGCAGGACAGAAACCTGTCGTATGCAGAGCTAAAAAGTCAATCGCTACATTCAAACTGAGAGAAGGAATGCCTATCGGATGCAAAGTTACACTTCGCGGCGAAAGAGCTTATGAATTCCTCTACAGGCTGACTAGGATCGGACTTGCTAGGGTTAGAGACTTTCAGGGTGTAAACCCTAAGTCTTTTGATGGACGTGGAAACTACGCAATGGGGCTCAAAGAGCAGATCGTTTTTCCAGAGATAGACTACGATAAGATCGATAAGGTCCGTGGTTTCGACATCATTATAACCACAACTGCCAATACAGACGAAGAGGCTAGAGAGCTCCTTAGAGAACTCGGTATGCCTTTTGCAAC
CP179913.1_gap37	1306423	1309674	3251	AAGTTGTCAATATCGGAAGAGTAACAAAAGTTGTAAAGGGTGGTAGGATCTTTAAATTCACTGCTCTTGTTGTAGTGGGTGATATGAACGGTTCCGTTGGGATCGGATACGGTAAAGCACGTGAAGTGCCTGACGCTATTAAAAAAGCCCTCGAAAACGCTAAAAAGAGCATGGTTGCGGTTCCTGTTGTTAACGGTACTATTCCTCATGAAATCATCGGAGAATTCGTTTCTTCTGAAATCGTGATGAAACCGGCGGCACCTGGTACTGGTATAATCTCCGGAGGCGTAACACGTTCACTCTTTGAGCTTGCTGGTGTTCAGAACATACTTTGCAAGTCTACAAGAAGTAGAAACGCCTATAACTCCCTTTACGCTGTTATGGACGGATTTAAAAAAATAAGAACACTGGAAGATGTTGCCGAAGCTAGAGGCAAAACTATCCAGGAAATTATCAGGTAAGAGGTTATATAAATGGAACTTCATGATCTGAAACCGGCAGTAGGCGCCAATAAGAAGAGAAAAAGAGTTGGTCGAGGCAGCGGTAGTGGTCTTGGTACAACTTCCGGCAAAGGTACCAAAGGTCAGAAAGCAAGATCTGGCGGCGGTGTTAGACCCGGATTCGAAGGCGGCCAGATGCCTCTTAATAGAAGACTTCCTAAAAGAGGTTTTAATAACGCAAGATTTGCCACTGTTTACGAAATTGTAAACCTTGACTCTATCGAAGCCAAATATACAGACGGAGAGGTTGTTAACCTTGAAACTCTGAAAGAGAAAAACCTTGTTGCAGGCAACAAAAACGGCATTAAAATTCTCGCAGAAGGCGAGCTTACTAAAAAGCTTAAATTTGAGATCAACAAGATGTCTGGTTCTGCTCAGGAAAAATGTGAAAAAGCTGGCTGCGAAGTAGTCATACTGGGGTAATTAATGTTTAAAAAAGTTGAAGAGATATTCTCTATACCGGAACTTAGAAGAAGAATACTGTGGACTCTGTTTTTTCTGTTTGTATACAGAATTGGTGCTCACGTTCCCACTCCCGGTATCGATGGCGAAGCACTTAGCCAGTTCTTTGCACAACAATCAGGCAACCTGCTCGGATTTTTCGACATGTTTACTGGTGGTGCACTTTCGAAACTGACTGTGTTTGGTCTGGGTATCATGCCCTACATCTCAGCTGCTATTATACTTGAGCTGATGACTGTTGCTGTTCCGCATCTTGCAGAACTTAAAAAGCGCGGTCAGGAAGGGCGTGACAAGATCACAAGATATACAAGATACGGTACAGTTGCCATATCCCTTGTTCAGGGTATGGGTATCGCAATCGGACTGGAGGGGATGACATCTCCCGGTGGTTCACCTGTTGTAATGTTTCCCGGTACGGGTTTCAGGATAGTTACTGCTATCACTCTTACAACCGGTACTGTATTTCTTATGTGGCTTGGTGAGAAAATCTCTGAAAAAGGTCTCGGTAACGGTATATCTGTAATCATTTTTGCGGGTATTATCGCAGGATTTCCATCAGCGGTGAGCAGGACTCTTACGCTGGTTCAGACTGGTGAAGTGCAGCTGATAACAATTATAGCCGTGCTCGCCATAATACTCGCTGTTACTGCGGCCATAGTCTTCATGGAGACATCCAGCAGAAGGCTACCAATTCAATACGTTAGAAAAGGCGGCGGTGGGAAAGGCAATGTAGCCACTTCCTACCTCCCCCTTAAGTTAAACCCGGCGGGTGTAATCCCGATCATTTTCGCTATGTCCATCCTTGCTTTTCCAAGCACACTTGCGTCATTTAGCGAAAATCTTCTTGTCCAGAAGATCAGTTTTTTTCTGTCTCCGAGCTCATGGGTATATTACGCTGTGACACTCGGATTCATCATCTTCTTTACATACTTTTACACCTCTATCATTTTTAACCCGGATGACATTGCTGAAAACATCAACAAGTCCGGCGGAGTTATTCCTGGTAAAAGACCGGGTGTTGAAACTGCTAAGTTTATAGACTTCACTCTTTCAAGATTAACATTCGTAGGTGCACTGTACCTCGGTGCTGTGGCTATCCTGCCGCAGTTAATCATAAGGGGCTTTAATGTGCCTTTTTACTTCGGAGGCACATCTATACTCATCGTTATCGGCGTTGGGATGGATGTAATATCGAAAATCGAGGCGCACCTTGTAACACATAATTATGACGGCTTTCTCAAAAAAGGCCGTATACAAGGGAGGAGCATGATATGATTAACCTAATCTTCCTGGGCCCTCCGGGGGCTGGTAAAGGTACTCAGTCTGCGAGAATTATTGATGATTATAAAGTTGTTCAGATATCCACCGGTGATCTCTTACGTGCTGCTGTAAAAGCTGGCACACCCCTCGGGAAAGAGGCTAAGGTTTACATGGATGGCGGGCAGCTTGTTCCTGACACTCTGATCATTAACATGATGAAAGAGCGATTTGAGTCTGATGACTGTAAAAACGGGTTTATCCTTGATGGCTTTCCAAGAACAACAGCACAGGCAGAAGCTCTTGACTCTATGCTTGAAAATGAGCTGAAGACATCTATTACACATATCATCAGCCTTGAAGTTGATGATGAAGTTGTAGTGAAAAGAAACACCGGAAGACGTGTGTGTCCTAAATGCGGCGCAACATATCACATAAAATTTAATCCTTCAAAAGAGGGTGGAATTTGTGATAATGACAGCGAAACACTTGTTCACAGGGATGATGACCGCGAGGAAACTATCCGTAAAAGACTCGGTGTTTATCACGAGACAACTGCACTTTTAAAAGATTATTACGGCAAAACAGGAAAATTCGCTGAACTCAACGGTGATGACGCGCCTGAAAATGTTTATGCCAAAATCAAGGAAATACTTGGCTGATGGTAGTTATCAAGTCTAAAGCAGAACTTGAAAAAATGCGCGTTGCCTGTGGCATCGTGCGTGAAGTACTTGAAAAGCTAGAAGATTTCATCAAACCGGGAATGACAACATTAGATGTTGACAAATTTGTAGAGAATATTATAGACTCTCGGGATGCTGTGCCGTCCTTCAAGGGCTATCATGGCTTTCCGGCCGCTGCGTGCACATCTGTTAATGAAGTAGTTGTTCATGGAATACCCGGAGAAAGAAAGTTAAATAGCGGTGATATTGTGAGCGTTGACGTAGGGGCCTACATTAACGGCTTCCACGGGGATGCAGCTCGCACTTATCCTGTTGGGGATATATCTGAGGAATCAGAGAGACTGATTAG
CP179913.1_gap38	1342616	1345394	2778	TAAGGCAGAATTTTTTAATGAGATGCGTGACTGCGGTGTGGGGCTTCAGCTTCATTACATCCCCGTTCCTATGCTGCCTTACTATGCTGATAAAGGGTACAATATGCGAAATCTGCATGAAGCGGAGCTGTATTATGCCAGAAGCTTTTCTATCCCCATGTACCCCGCAATGGAAGATAAAGATGTCCGTTTTGTGGCGGACTGTCTGTACAAGTCAATTAAGTAATTTTAATAGAAAAAGGGGAGACGGTTTTAAACCATTCTCCCCTCTCAAGTCTGAGTAAATTTTCTATTTAATTCTATCTAAGAAACGTTTACTTCATCTCTTTGAGCATCTTTTCGGCATAAGCAACATTGTGGCTCATGACAACTTTTATCAGCTCAAGTTTCTTTTTCTTTTCTGCATCTTTTTCTTTGTTTATAAGATGATGAAGTTTTGCTGAAAGCTGAAGATATTCTGCTTTCCCTTCTGCATATTTCTTGTCGTCAAACTTAAGCTCAAAGTCGATACCTTTGACATTCCATACACCATTGTTGAGTATGAAAGGAGCAAAATGTTCTATTTTTCTGCCTTCAACAAGTTCAACTTCGGAGTTGGTGAAGTTGTCGAATGTTATGCCGTCTTTATCAGCTTTGATTGTATAAGAGCCGTAGAAAGGTTTCTTAACATCTGTCGGGCTGAAATATGTGTACCATGACGTAAAGTTCTGCTCGTGTGAGGCGTGGCAGCTATCGCAGTCCCTCGCTTCGCCTATGGAGTGAGACATTTTATCCATCTGTATCCATGCGAGCATTTTGTCACTGTCTCCGAAGCCGTCATATGTTCCGGTGATGATGTACATGTCGTTCACCTGATCAGCTTTACGTTCAATAATAAAGCTTTCCGGTTCGCCTATCTCAGTTTTGCCTTTTACGGTTGTTTTGTTTATGGTTCTGAGCTTAAGGTCTGTTGCAGGAACATCTTCGCCTATACCCATTGTTCCCATAGGATAGGGTTTCAGAGGTATCCAGAGACCTGTTTCAGGTTGTTTGACGAGCATCGGCTGGTCACGCTTGCCGTAGAACTCTTTATGTTTTGCGAACTTGTTATTAATGCCTTCAGACTTACCTGGACCCCAGAAGGTGAACTGGTAAGCGCCTACTTCCTGAATATGACATGATGTACAGTCTACATTCTGGTGGTCGCCGGCTTTCACGGCATCATATATCTCTGTGTGGCAGCTCTGGCATGACTGTCTTGCGTCCTCTGAGCCTATGTGCCCGTATGAGTGATCTTTGAAAGTGTGGCAGTCGCTGCAGTTTAGACCGGCTTCTTCGTGAGCATCCCTTGGAAGTTCATTTACAGGGAAAGCGAATTCCTGACGGAAGAAACCTGCACCGCGTCTTCTGTCCATGGGGCCTGCATGGCATATTGTCCCTTTACCGCTTCCGTAGCAGGAGAGTTTATCCGGAGTTTTTGTGAAAGAGTGTCTTGCTTCTGTTTTTTTGAAGCCTTCATAGTGGCAGTCGTTGCAGCTTGCGTGGCATTTGTTGCACCCTCTGCCTCTTGCTTCCGCCATAGTACCTTTATACTCTTCCGGCTTTGTGCACTCGCCTTTTACAGTTTCATAGTTTTCTTCATCGCCGAACCAGTAACCGCAGTTTTGCGGGCCGGGGGGCGATTTTGTCCATGATGTAAAACCTCTCTGATATTTGTTAAGTCCCATACCGGATTTGTTATAGTCTGTGACTTCCTGCTCATGGCAGTTTCCGCAGGTCTGTCTTGCTATTTCTGGATTGTAAGCCATAGTTTCAGGGTCGTGATCGTGATAGTAGAGCTGTATGATCTTTTTGATGCCAAGCTCTTTTGCTTTTTCAGGATCAGGTTTTCTGAGAAGAACTTTTGTTCTGTTTTTCCCTTTCGGCTGAATAGGATCGTAGTTTGTGATCTCTCTGCCTACGGCCTGATATTTATGATTTTTACCTATAGCCGCATAGAAAGGTCTTGGCATACCTTCATGAGCTTCGTTTTTATCAAGTTTGGTATTGTCACCAAGGTGACAGCTGACGCAGGATATCCCGCCCATGTTTACTTCTTCGTCCACTTTTGCAGGGTCGAGGTACATTTGGGGGTACCCGAGTTCTTTCATCATTACTTCATCACCGTGACAGCGGACGCAGGTAGAGTCGTCTTCGTATGCGAATGCTGAGAGTGAAAGCATGATAAATAATGTTAATAATACTGCTTTACGCACATTACACCTCCGTAATATATGAGAGTATATGTGCAATAGACGTGCCTGAAGTGATGGCATGTGATGAAGGTTTTTCGTGGTGTTTTTTGCAAAATGCAAAAAACAGGGCGTATGGATTCTTTTATTGCAAAAATAGGGTCAGTGCCTTTTAGAGTTATTGCGCAGGGTGGTTATCGTCATTGCTAACGAATGTGAAGCAATCTTATCCACTCAGCCGATACCGTATTCTTTTAACTTGCGGTATATGGTGGATGTGTCAACTCCGAGGGTCGCAGCGGCTTTCTGCTTGTTCCCTTCGTGTGCATCAAGGACGCTTAATATATGCTTGCGTGTGATGGTGTCAAGCGTCATGTCCTCATCGGGTACACTGCAACCGAGGTTGAGTGATGCGCAGGTCAATCTGTTTGTCTGCTCCAGAATCATAGCACGTTCTATGATGTTTGAAAGCTCGCGGATGTTGCCTGGGAATGCATAACTGCGCAGGCACGCCAATGCGGATTCTTCCAGCCCCATAACTTTTGTATTGATATGTCTGAATTTTTCT
CP179913.1_gap39	1379165	1380839	1674	ACCTGCAAAGTCAGGCGATACGCCAATAAGCCAGAGATAGCCGAGCCTCTGACCATTTTCGAGCTGTTCCGACATCCCTATGGTGAACCCCGCAGGAGTTCCGTCTATGTGTATTACTCTGATATCCGCCTTCCCCATGAAATGCGCGAAGAGTGTTTTATAAAAATTATCTGCTGTGGCTTTAGAGATATTTGGGTCTTTATATATACGTGAGTATGTGAACATCCCAGCAGCCATCTTTTCAACTGTGTCTGCATCTTTCTGTTGCAGGCTGCTGATGCTTATCCCATCCGGAAGAAGGGCTTTCTCCGGTGCTTTTTTACTGAGGTAGATATTCATAACATCAGTGGTATAAAAACCCAGCTTCTGTGCTGTCTGCAATATAATGTGCGAACTAAGGTCACAGCGGAAATCAATGAACTGCACACCCGAGTCTTCCATTTGCATTACAACTTTGCCCAGCGATTCCGGCAGTCCGGCACCGTTGTCGCTACAGGAGCACATAGTTATTCTTGCTGATTTGATCCCAAGAATGTCAGTATCCCACTCAAGGTCTACTCCTGACGTTTCACTATTGCCATTCTTATATGAGTAGGGAGCTTTAGGTGCAGTTTTATGTTGCAGGTTCAGATAATTTATCTGATAGTCACTGTGCATCTTTAAGTAATCCGTCCACTCTGTTCAGCTCGGAGCATACCTTTTCGTATTTTTCTGTGGCATCTTCTTTCCCTGCGCTGTACATATTTTTTGCGTATACCTCGAACTGCCTTACGATATAGTCTGGTATGTTCTTCTTCTGGTTACGCAGGTCATAGTCAGGGAAATATCTTCCGTTGCAGTCGCTGCACAGAACTCCCTGATCGTCAATCCATTTGAAGTCATTGTCGAGGTGGCACTGGCGGAATTTCCGGTATTTTTCTCCGTTCCAGATGTCGAAAAGGCTTTCTGTGTTTGCATCCCCGACAACATGGGCTTCATTATAGTCGAGGGGGCAGGGGGAGACTGTTCCGTCCCAGTTCACTGTGATGTTTTCCCATGGGGTTTTGCATATCGGTTGGTTGCCTTTGTATTGTTCGTGCAGAGCCTGCATGTCCACCTCGTGCGAAACGGAAGATGAACCTGCGAGATTAAGTATACTGCTGTTGAAAGTCGTGTCCACAGGGAGAGACATAAAGTATTCGTTATATTCATCTTTATGTTCTTCTGTTTTCGAAAACAGAACCATTGAGGCGCATATGAATGTGTTTCTTCCTGTTTCATAGTTTCTCTTTATAAAGTAGAGAATATTTCTGAAAGTAGGTAGAAATTTATTGCCGACACGGACACTTTCAAGAATCTCCTTGTCTATGGAATCAAAGGAGAAAACAACTCTGTCCAGCTTTAATTCCAGAAGTTTTTCGGTAATATCCTCAGTGAGTTTTGTGGCGTTAGTCAGCAGATTGACCCTTATCCCAGCTTCTTTCCCGTATCTGACCATGTCGAGTACCTGCGGGTGCAGAAGGGGTTCGCCGTGTACGTTAAGAGATATTCGGGCAACTTTCCCTTTGATTTCATCAATAATTTTGCAGTAAAGCCCGAAATCCATAAAGCCCCGTTTCTTGGTGGTGATATTCATATCACGCCCTGACTGACTGCAATGTATGCATTTCAGATTACAGGAGTTTGTAGGTTCTA
CP179913.1_gap40	1396059	1396772	713	ATTGACACAGGGGCAGTTGCGTTTGGAATGAGTATTTCCGCATCAACTTATCAGCAGCTCCCGGAGACCGGACAGAAGGCTCATGTTTATACTCATTTTGTAATGCGTGAGGATGGAGTTTATCTGTACGGATTTTCTAAAATGGAGGAGAAGAAGCTCTTTCTTCTGCTTATTACTATATCGAAAGTCGGACCGAAGCTGGCACTTGCCATACTTTCCGGTATGGATGTCAACAAATTCATGAATGCCGTTATGAACAGTGAGATAGGTCTTATCTCCACCATTCCGGGGATCGGGAAAAAAACAGCGGAACGCATAGTGGTTGAGCTTCGCGATAAATTCGGCAGCATGAGTGTCTCTACAGGTGACGAGCCTGTTGCAGGCGGTGCGGAGGATGTTGTGAGTGCCCTGCTTAATCTCGGTTATTCACGTGCAGACTGTCAGAAAGCTGTGAACAAAATTTATAAAACCGACTCCGGCTTTGAAGAACTTTTCAAAGGTGCACTTAAAGAGCTCAGTTCGTAGACTCTTTAATATTTTCAATCTAAACTTTACGTCATGGTCTTTGATTTTTCAGTGAAAGTGTATTAAAATCCTCAAAGAGGACATATGCTTCAGCATGTGTTTCAAACGAGTGGAAAGGATTTTAAATTGCTTGAAATAATCAATCTGAACAAAAGCTTCAAAAAGGGAGACTACACCCTTAATGTTTT
CP179913.1_gap41	1398664	1400801	2137	CTGAAGCTGGAACACGGCAACAAAGATGAGCTTCTTGCGAAACGTGCGGAAATACTTAAGAAGAGAAGTGAGAAACAGCCCCTTGAGTTTCCTTCCTGCGGTTCAGTTTTTAAAAGACCGGAAGGCGGCTATGCAGGAACACTTATCGAACAGTGCGGGCTGAAAGGTTACAAAATAGGCGGAGCACAGGTCTCTGAGAAACATGCTAATTTTATAGTAAACACAGGGAAGGCAAAGTCCGCAGATATATATGCACTTATAAATCATGTGCAGGAAACTGTATTTAAAGAAACCGGCATCAAGCTGGAAAGAGAGGTTCGTTTCGTTGGTTTCTGAGAAAATGCAAATCACCGAAATTAGTGATGCTGAAAAGAGGGAACTGATCATGAAGGTGTATCCCAGACTCAAAAAGAGAACAAAGCTTCTGCGTCTCTTGCGTGTTGGCAATGCGCTGTTTATCGCTTTATTTATAACTGCGTGTGCTACAACACAGCTGGAGCAATCTGCCGTGGTTGAAAAGAAACCGTCGCAGATCGGTATGCAGATAAGAAAAGGGCTTGTGAAATCAGATGTTCCGGAAGATTTTGAAAAAGAAATGCCCTCATCAGATATAACCCTTGCCTCGATTATAAGTTTTACTAAAAAGCCCACAGTAAAAGATATCGCTGATGATGTGACAGATCTTGACTATGAAAACGGGCTTCTCGTTCTGCTGAAAGGGCGCACCATTGAAACTAACAGAATTGACTGCCCGTCCATACTGCTCCCTGATGATAAATACCGCTCGATACAGCTTGAGAACGGACTTGCTGTAGTTGCAGGTTCTACCAAAGCGGTTCTGGCGGACATAGCTCAGTGCGGAACTTTGTATGAAACAAATTCTGCCGGTAAAGGTTTTTCACTTTCAAAAGATTATTTCCTTGAGATTACAGGTAATACATTTTCTATATACGATTCAAGAAGAACAAGGGAACTGCATAAAGGTGATTTTCTCGGAAGCGTATATATTGGAATGCTTTCCGGCGACAAAGCTATGTTTGTGAACGATAATGGCAAGATAGCTCTCATGAGTGCGAGGACAGGAAAGTATATCGCGATATACGGCGGTTCAGTACAGGTGAGACAGGCTTATTTCGAGAATGACAGCATCTATGTCTATGACGAAGAGAATGACCTGAGAAGACTTACTGCGGACTATAAGGCGGGCAGGCTTATTGATGACGGAAACACACAGGCCATTGACGGCTGTTTCTTTTTCAAAAGGAGCGGTAAGCTCTACTGTGACGGCTATATCTACGGGCTTGATATAGCGTATGATCTGCCTGTGGATGCTGACAAAGGGCTCATTCGTGACGGGCTGATATTCGTAGTGAAAGACGGTGTTGTCTCTTTTGTGGATACTACTCTTGCATATAAGAAATCAGTTAAACTGGCTCCCGCAGGCAACAGACTTTGCCTGAAAGACGGACTGGCATATTTCACAGATTTTAACGGTAGTTTTAAATATATCAGCGCATCCGGTGACGAAGAGACTGCTGATGAAATGCCTGATGAGTGTGACCATTCATTTGACTTCGAACAGGGAGCGCTTAGAACTCCTGACGGTAAAGAGATTTACAGATTTGCCGACATCGTAAACAGCTCAGAAAAGGCTTATATGTTGAAAAGAGTCATTGACGATGAAGTTTATTACTATTTCGAAAAGAAGCCTTTATCTGATTGATGGTGTTATGTTGTCTGCTCTGCCCTGAAGAACAAGCTTTTTAGTTTGTCCCATCAGGTCAAACGTCCCGGTGATGCTGACAACTGACTTTTCCGGAGTTCTGTTGTTAACCCTTATTTCGCCTTTCAGGTCAAGTTTCATACTGTCTTCGGAAGCAAGCTTCGTTAAGGTTATTTTATTTTTTTCCTTTTGAGCTGCTGCTGTTATTTTTTCAAAAGCCATAGGTCCCATAGGAGTATCTATTGATGCTTTATCAGCAGATGCTTCCATGCTCATTGTGCCGTCTTTAAGAGAGGCGTCCATATCAAGCAGAACATCCCCGTTAAAGCTGACTTTATCTGTTAAGTTGTTTATCAGACCAGAGCTCACTGTGCCTTTGGCTGTGACCCTTCCTGATGAGAGTTTACCTTTTAA
CP179913.1_gap42	1413325	1415412	2087	TACAGAAAGATCAATGAGCAGACGCCTCTTCCGGGAGCTGTGACAACTAAGGACAACTTTGAAGAATTCACTGTTCCTGAAGGCAAGTATTTTATGATGGGTGACAACCGTGATAACAGCTATGACAGCAGGTTCTGGGGATTTGTCCCTGAAAGCAAGATCAAAGGGAAGGCTCTTCTCATCTACTGGTCCCTTGAAACTCCTAAATACAACTCAGCATGGGCGAAATTCCCTCTCAGACCTCTTAGGTTTCTCAATCCCGAATACAACAGGTTTGAACGTTTCTTTCAGCTTATAAATTGAAATGAACTGACAATTGTGCAATAATTATTGGAATTTAATACAAGGGGTGATTGGTGACTAAACCTGCATACGAAACAATACTGCTGAAGCTCAGCGGTGAAGCTCTGATGGGACAGTCAGAGTATGGTATTAACTTTGAGACTGCTAGTTTTATTGTTAACGAAGTGAAAAGTGTTGTGGATCTGGGCGTACGGGTCGGCATAGTTGTCGGCGGAGGCAACATATTCAGAGGAATGCAGGGAACAGCAGAGAAGATGGACAGAGTGTCTGCAGACTATATGGGGATGCTCGCCACAGTCATAAATTCGCTGGCGCTTCAGGATGGACTCGAAAAGGTTGGCATACCTACAAGGGTGCAAACTTCTATTGAGATGCGCCAGATCGCAGAACCTTTCATCAGAAGGCGTGCTATGCGCCACCTTGAGAAAAACAGAGTTGTCATATTTGCCGCAGGCACGGGCAATCCGTATTTCACAACAGATACAGCGGCAACACTCCGAGGGACAGAGATAAATGCAGAGGTGATACTGAAGGCAACAAAGGTTGACGGCGTATACACTTCTGACCCTGTCGTTAATAAAGATGCTGTTAAATTTGACAATATTACATATCTCGATGTCATCAACAGAGGGCTGAAAGTTATGGATTCCACTGCAATATCAATGTGCATGGACAATAAGATACCTATAATAGTTTTTGATATATTTGGCGAAGGAAATATGAAAAAAGTTGTTCTCGGCGAGAAGGTCGGGACTATCGTGGAGGGGTAAGATGCCGGATTCAGTTATGAAAGATATGAAAGACAAAATGGACAAAACCATCAGCCATTTCAAAGATGAGCTGAAAACTATAAGAACAGGAAGAGCTTCTGTTGCGATGTTTGACGGTGTCACCGTTGATTACTACGGCACACCTACACCGCTTTCCGGTGTTGCTAGTTTGAACGCTCCTGAGCCCAGGCTCATCACTATTCAGCCTTGGGATATGAGCATTATCGGTGCGATAGAAAAAGCTATACAGAACTCTAACATGGGATTTAACCCTTCGAACGACGGTAAGATAATACGCATTCCTGTTCCTCAGCTTACGGAAGAGCGCAGGAAAGAAATTGTAAAACTCGTCAAAAAGATGGCTGAGGATAATAAAGTTGCAATCAGAAACCTCCGCAGAGAAGGTAACGACAAGATCAAGAAGCTTGAAAAAGATAAAGAGATATCTGAAGATGACTCTAAAAAGTTTGTGGCAGACATTCAGGATGTTACAAATGATTTTATCAAAAAAGTCGACGAAGTTACTGCTGCAAAAGAGAAAGAGGTGATGGAGATATAGTGCAGGATCTTAAAATACCAGAACACCTTGCCATTATAATGGACGGCAACGGACGCTGGGCAAAGATACAGGGGAAACCCCGTATCGCAGGGCACAGCAAGGGTGCTGAAGTTGTTCGTGATATTGTAAAATATACTTCCAGACTGGGGGTCGGCTATCTGACCCTCTATACATTTTCTATGGAAAACTGGCTCAGACCTAAAGACGAGGTCGGTTTTCTTATGGAGCTGCTTGAAGAGTACCTGAAAGGTGAAATATCTGAGCTTAATAATAACAATATCAGGCTGACAGTTTCGGGGCGGACACAGCTTCTCCCTGAGAAAACACAGGCTGTCGTTAATGAAGCCGTTGAAAACCTTTCGAAAAATACAGGTATGGTACTCAATCTTGCCCTTTCCTATGGTGGGAGGAGCGAGATTGTTGACGCTGCTAAACAGATGGCGAAGCTTGCCCTT
CP179913.1_gap43	1419484	1423424	3940	TATTACACAGTGACTGTAGGCGACACTACAGCTACTTCAACAGCAGATGTCGGTGTTACAGGTTTCTTTCAGAATCCTGGGTCAGGCTTTATAGTTAGTGCAGTCGGCACAGGCGCAGGTACACTTAGTTCGGTTCCGGGATATGTTGAAATCGAATTTTCAGAATCAGTTTACTCAGCAGCAGTAGGGCAGACAATCACTGCTAATGTAAGATTCATTAATGCTCTCACTGGCGAGAAAGGCGACTGGGGCGAGGTCACTATGACTGATGCAACAGGCAATGGTGTCTTTACTGCCGGTACAACAGATTTCGGCGGTACACTTAAGAACACAGACGGAAACGTAATAAACTTTGACATATCTGTGGGGTACTATACCGGTGCTGTGCAGTCTGGTGATAAAGTGCTCGTCAACGTTTCTCCTATGCCTGCCGGCGCTGTTGGTACAGCAGGGCTTACTTCTTCAGGAGGCGGTACCATTAAAGTTACCGGAGGTCCGAATAATCAACCCGGACCAACGATAGTCTTCACAGGCGCCAGCTCCCTTACATCTGCGGACAATGGTGATAACTTTATAGATACACAGGATAAAACTATTTACCTCGCCAGCATCAATACAAAAACAGGAAATATTGATGTTGGTAACTTTACAATGAACTTCAGAGAGAACACCAGCACAGCCAACACTGCTGTGGGGACAACTCTCACAGGAGATCTTTCCCTTGCAGTAACCGGAGCCGGCGAAGCAGCTTCAACAACAAGTAAGCTGAATGATCTTGCTGTTTTCGTGGATTCAGATGGCAATAATCTGTTTGAGAATAAGCAGGAACTTACAGTATGGGGTAACGGTACAAGTGCAACAATTTACCTTGAAGGCAATGATACTCTTGCTGATGTTGAAGAAAAGCTCACAAAAGCTATTGTCGAAGGGCTCGGAATGGGCTCAGATGACAACAACGTCAACAGCCACCTTGTGGATTATGTTTCTATAGCTGAGTCCGACGGTGTAAAATCTGTAAAAGGTACTTTTATCATACAGACAGCGCTGACAGGTGAGCAGGGAGAGATAGCTTTTTCAGGAGATCAGGCTCTGATAGAAGGGCTTGCTCTCAACGAGATACAAGAATCAACTAACAACACAACAAAAGTGGCTGTTTACGATGCTCACACAGGCGACCTGAAGGGCACTGATGAAACAGGCAACGACAGAGTATACGGCGTTATCGATGGTGTTGAAATCGTTCTTGACTCCAGAGCAGGTGTTGATGAATCATGGAATACAACTACTGGTTCCATCGATTTTACAACAAATAAAGCCGCAGCTCAAAAAGAATATTTTCTTCATATCGTTGATAACTCAACTGATTTGCAGATCGGTGCTAACGAAGGGCAGACACTTGCGGTAAGCATACCACAGCTTGATGTAACAGGGCTTGGGCTTGACAACGTAACACTTGTTTCTCAGGATCTTGCACAGAAAGCTATCCCTGACATAGATGCTGCTATCAATCAGGTAGTAAGCATCAGAGCGACAATAGGTGCTCAGATCAATAGACTTGATCACACTATTGTGAACCTTGATACAGCAAAGGAGAATATGACTGCTTCTGAATCAAGGATCAGAGATCTGGATATGGCCGAAGAGATGACAACATTTACAAGATATCAGGTGCTTTCACAGGCAGGTATCTCGATGCTTGCTCAGGCTAACCAGATTCCGCAAATGGCTCTTTCGCTACTTCAGTAAAAAACAATGATAACTGATGTAGAAAAATTTGGGAGGTAGTGCTATGGCTGCTATGAGTGTACAGAAAAAAGACAATAATAAGAATCAGATGGAGCAGCTCCAGGATATGCTTAAGGAAATGTTCCAAACAAGTTTTTACGGTTCTGTGGAAGTCAAATTCGAAGCGGGGCGTGTTACAATCGTCCGCAAAACAGAGTCGATGAAAATCTAAAGAGAAAATAGATGATCATAGAAGAGGGGGCTTGAGAGCCCCCTCTTTTTATTATACACTCAGATACATAATAAATGCAAAACCGGGGTACATATGAAAGTTGTCACATTTAATGTTAACAGCATCCGCACAAGAATTCATCAGCTTGAAAAGCTCATAGAAAAACACTCTCCGGACATTATCGGACTACAGGAAACAAAAGTCAGAGACGAAGAATTCCCTGTGGAAGAGATAAGTAGACTTGGATATCATGTAGAGTTTCACGGGCAGAAGACCCATTATGGTGTGGCGGTGATGTCAAAAGAAAAACCTGTTCTTGTGCAGAAAGGTTTCCCTTCTGACGACAGCGAAGCACAGAGAAGGCTTATTATGTGCGACTTTGGCAGTGTTAAGTTTATTAATGGTTATTTCCCGCAGGGGGAGAGCAGGACACATCCTGTAAAATTCCAGGCTAAAGCGAAGTTTTATTCTGATCTTTTGGCTTATCTTAACACCTCTTTCAGTGTGGATGATAATGTGCTGCTCGTTGGTGATATGAATGTTGCGCCGACTGATTATGATATAGGCATAAGTCCTGACAGTGTAAAGCGGTGGCTTAAGCAGGGGAAGACAAGCTTTCTGCCAGAGGAACGTGAGTGGATTAAAAATTTTGCTGACTGGGGGCTGACAGATGTTTACAGGAAAATTAAACCTGAATCAGATGAGTTTATGAGCTGGTTTGATTACCGCAGTAAAGGTTTTGAACGTGATCCCAAGAGCGGGCTCCGAATAGATCATATTATGGCTACCGAAGCCCTTGCAGACTGTTGTGTCGATTGCGGCATAGACTATGAGATACGAGGCATGGAAAAACCATCTGACCACGCACCTGTATGGGCAGATTTTCAAAATTAATGCGCAAAAATTGTGGGATACTTACTTTATACTGTCTTATAAATAAAGATTATATGTGCAATGTCTGTTAAAACTTGTTAAGCAATATATCTTCGGCTTTGTATTTCGGGACATAATGGTTGCCTTCAGCGTCGCGGTGGTATGCAACATCATCTTTGACAGTTTCCAGAACCACATTTTCAACAGGGTAACCGAGTGCGACCACCCACATCAGCTCGTATCTTTCATCTATTTCTAACAATTTTTTTATTTCAGGTTTTATGAAGTTTCCAATCATACAGCTTCCCACACCTTTACTGATTGCGTAGAGGCACATATTCTGCATTGCAAGTCCAGAATCAACAAGAGGCATGGCAATTTTCGGTGCCTGTTTATCCGCGAGCACTACTACATATGCAGTGGGGCGTTCTTCTTCTACGGGACCGTCCCACTCTTTGAGTCTGCCAGCCCAGAGCAGATGAGCGTATAGTTTTTCGCACATATCGGGTGTGTTTACAGTAATGTAGCGCAGGGGTTGTGCATTGGCTCCGCTTTGGGAAAGTCTGGCGGCGTCAACCAGCTCTGACAGGAAAGTGTCTTCCAGTTTTCTGCTGTTATCAAAACGGCGGTAAGATCTGTTTTTAGTAATCAATTGGAGAATATCCATTCTTAGCTCCTTCTGTTTCATAAATTAAAAACATAATAATATGATTTATATGTAGTTGTCATTGAGAACATCTCTGTTAGACTAAAAAGAAACAACTAAGGAGATAGTTATTGTGGGTAAATTTCTTGAACTGGTTACAACAGACTGTGGCTGGGAATATGTTAAGCGTGTCAACTGCCCGGGGGTTGTGCTCGTGATGGTGTATCATACGGACAGACAGGAATATCTGATGGTGGAACAATACCGCCCCCCAGTGGGGTGCAGGGTTCAGGAATGGGCTGCGGGGCTTATTGATAAAGGTGAAACACCAAAGCAGGCGGCTGTACGGGAACTTTACGAAGAGACCGGAGTTAAGGTTACTGAAGACAGGCTCATTGACCTTGGGCGGATATACAGCGGGGTCGGGATGACTGACGAAGAAGTGAATCTTTTTGCTCTGGAAA
CP179913.1_gap44	1450325	1453878	3553	CCGCTATCCTGCCGGCAAGCCGGTAAGCTCGTATTCCGTTAATATCTCCTTCGAGGTAGTTCCTTATATGTTCGTAGAACTGTTCAGAAGGCAGTGAGTTCAGCTTAGAATAAACTTTCCAGACAAGTTCGTTTTTTTCCGGCCATGGGGCTTTCTCCCCTGCACCGACACCTGCCAGCCTTTTCATCAGGGCTCCCGGAAATATAAAATCAAGATTTGCACTGATCCCTGTCAGCTCTGCCAGCTTTATACCTATCCAGCGCTGCATACCAGGCGTCTGTATGCATATAGGCACTTTAGTAAGCGGACCAGAGCCGGCACTGCATATGTTCATGTCCATCTTTTCCAGTAATCTTTCAAGCCTGTTTCCGGTGTATATTTTAAGCATTGTCTCTCCGATAAGAGATTATAGACTTTGAACGATTGATTGTGAAGCGATAGATAAGCACTTACTATTGTTTTTAATAGTCGATAATCTGAATATTGTCTGCTAATGTCTATGGCAACAATACAGATATAGGTTTACATATTGATAATAGAAAAAATATGCGACGAGCGTTTGTTTAACAGCTCTTTCATTGGCATAGCTCTTGTGGACGCGGCAGGGGCAGTAATACGCTTTAACAATAAAATGTGTGAGTTAACGGGGTACAGCGATGAGGAACTTAAGGGGATCCTTATTGCGACATGTCTGCACCCCGATTATGCTGACAGCCTTTTATCTTTTTTTAAACCTGTCTCTGGTGTTGTATTTGATGATGCTGTATTTTTTGTAAAGTTCAGGAAGAAGGACGGGGCGTATATTGAATGTGTCCTGAATTTATTTAGCATCAGTGATAAAGAAGGTTCTAATGCGGGGCATGTGCTCTATTTTAATGCACGCACAGGAGATGACGCTGCCCAGAGACAGGTGAATGCCGGCTCTGACATGCAGTGGATAGATATTGAAGATAAAGATAGAAAAGAGGAATTCCTTTGTAATATATTTCATGGGATTCAGGACTCTGTGCTTATAACTGATGCCGGAGGTGTTATCCTCAGCTACAATATGAAGATGCTGAAACTCCTTGGGTTGAATATGGAGGAGATGGCATCTTTTGCAAATCTGGCGGATATCTCTGCGGAAGACCTTAATATTAAGATCGCGGAGAAGTTTATCAGAGGGGCTTTTGACGGAGCAGATCAGCAATTTACGTGGCAGCTTAAGAAACCTGCTGACGACACAATTATTGACGTTGAAATCTTTGCCACAAGCATAAGCAAGGTGGGGGAAGATGTCCTGCTCATTACCATAAAGGACATTACAGACAAGAAAAGGATCGAAGACGAGCTTAAAAACTCTGAAACCAGATACCGTCTTTTAGTGGAACACTCTCCTGATGGAATAATCATTCATAAAAAAGGGGTAATAAAGTATGTAAACCCTGCCGGAGCAGTTTTGCTTGGCGGGGGGCAGGCTGAGGATATTCTTGGACGTCCTGTTTTGCAGTTTTTTAAAGAAAACGTTCATGGAGTTATCCGTAAACGCCTGAAAGACTTATATGACTATAAACGTTCTATGCCTCTTGAAGAAGGTGAGATGATACGTCTGGACGGACAGGTTATAAACGTGGAATTTGCCTCTATGCCCTTTGAGCTGGAAGGCGCAACTGCCGTTCAGGTTGTTCTGAGAGATATAACCGAGAAGAAAAAGCAGGATAAGTATATTAGATATCTTGCCATGCACGACAGGCTGACAGGTTTGCCCAACAGAGAGCTGCTGACTGACAGGATAAGCAAAGGAACCGCCAGACAAAAGAGGGGCAATCTGAAAAATGCGGTCATATATATTGATCTGGACGGATTTAAACCTATAAATGATACCCTCGGTCATGATGCCGGAGATGAAGCTCTGCGAGAGATCGCTGTCAGACTGGACAAATCTGTAAGGGGGAGTGATACAGTCTCAAGGATAGGGGGGGATGAATTCGCCGTTTTTCTGGAAGGGGTCGCAGGGAAAAAAGAGATAAGCAGAGTTGCCGACCGCATCCTGGACAGCCTTAATAAGCCGATAAGCATTAATGATCATTTATTTCATGTCGGTGCCAGCATGGGGATCAGCATCTATCCCGACGACACAGTTAATCTTGGAGAGCTGATTACTTTTGCCGATAAGGCGATGTATTACGTTAAAGAAACAGGTAAGAACAGGTATACATACTATAGTGATGTTCCGGCAGGTGTTTAGAAAGTGCCTTTTAAATTATGTTTTTTCAAAGTATGATATCAGTATGGGAAAAACAATAGACATAGCTGACAATCTGGTAAAAATGGCACACAGTCTTAAGTATGATGATTTTGACGCTAAAGACAAAATTTTGCAATATGCAGGTAAACTGATCGGGGATGAGTTCGGTGAATCGAGCATATATATGCAGAAACTCGGACTGATAGTCTTTTCACCAAAGGATGGTGCCGTGCTCGGGAGCATGGGCGCAGGGGAAGAACATCTGAAAAAGGCAGTTTTCACAAGCGGAGCTGAAAGGCTGGTCGAACTGCTGGAGCAGGTGCGTGATGCCATCGGGGGTATACCTTCGGACAGCGATAAAGTTGTTGTTATACAGGCGAAGGACAAAATCGCCGCTTCCCGTATCGTATCCCACATAAAAGCTAAAGGCTATGAACCGGTTCTTATAAAAGATACGGATGACTGGAAGAGTAAGATTGACGAACTTTTACCTTAAACAGGATCAGATAACTTTACTCTGTTTTTTCATGAGTTTTACGTTTGGCATAACTATACCCAGCATCAGCAGCAGAACTCCGTATATCTGATACACAACAATATTTTCACCTAAAAGTATCCCAGCAAGTATAAGTGTTACAGCAGGCTCTATTGAACTGAATACTGACACGTATGTTGCTCCTATAAGATCTATTGCCATGTATAGTGTGAGAATCGCTATGGCGGAAGGTACAACTCCGAGTGCAATGCCGACCATGAGCTGTCCGCTTGTCGCTGATGCAATGTCCAGACCGCCGTTCACAACGAGATAGCCAGCACCTGTAAACATCAGCATGTAAAGGGCTACACTTGCTGGACGTTCATTTTTGAGAACCACCTGACTCAAGGTAAGGTTTATGCCGAATGTTATCGGAGCAGCCAGTCCGAGCAGTATTCCTGTTATGTTTAGGTGGCGGGTGAATGCGTCATAGAAAACAAGGCAGCAGCCGGCCATGATCAGGATTATAGATATAAGAGATGCGAAACGGAATTTGACTTTTAAAAAAACTGTTGAAAGTATCAGAACTATCAGTGGATAAAGGTATAGGAGCAGTGATGTTGTGGATGCAGGAATATATTTCAGAGCAGAGAAGAAGAACAGGCTCTGGATCATGTAAATACCTATCCCCAGCCCAGCACACTTTAAAAGCAGCTTTGGTGTTGGAATGAGTGCTTTACGCCTGATAAACAAGAAGAGCACCGCCAAGGCACCCGCACCGAAACAAAATCGGTAAGTAAGCATATTTACTGCTGTTAATCCCTGTTCGTAACCTAATTTGGCTAAAATAG
CP179913.1_gap45	1454973	1455621	648	CCGAGTGCAAAAATAATAGTCATATGAGGATGGTGCTGTCTCATCCAGTCGAGAATCATGGATACTTCTTCTATTGAAAACGGATCAACTTTCTCTGTCTGAACTCGGGGCTTCTTAACATGTTTACACGGATTTTTAGATAGTAAGTCATCTCTGACAGCTGACTCGAATATACTGTGAAATACCCCAAGATAGTTGGCGATTGTTTTAGCAGAAAGCTCTGAATTAGATATATATTGCTGAATGTGTGATGGTTTGATTTCGCTTAGCTTAAAACGGGAGAAGTAAGACGAGAGTTTGCTTACAGCAGTGCTATAGGTTTTGTAGGTCGAGTATGCTACAGAGCTTTCGATACTGGATAACCATAGCTCTGCATACGTATCGAAAAACATATCAGAGTTGAGATGAAGTTGCTGGTTTTCTCTGACGTACTTTGAATCTGGAAAGTATGTTTCGTATTTGAAAGTCTTTTCTGCGATTTTACGTTCAATTTCACTAAGTAAAGCACTAGCAGATCGGCAATCTTGGCATTTGCAAGTATCTTTGCCAGTTTCGCAATAGTAAAGGCTTTGCTCGTAACGCCTTATACCTTGAAACATAAAAATTATTTCTAATCGGGCTTTTTTGCCTCTACGTCTAATGCTTCCC
CP179913.1_gap46	1472814	1477070	4256	GAAAATCAATATACCATTTATGTGAGACTTTTTCTATTATTATCCTAACTTTAACAACAAGTTATCACGCCATATCAAGGTGCGAAACTTGAGTTAATTATTTTCTTGTTGTTTTTTGAATTTTTCAATCTCTAAAGCAGACCTATCCCAAGACTGTGCAGATATTTGTAATTCTGCAATATATTCTTCAAAATCTGATATTTTTGTGTTCCAACCATCTGCCAGTGTTTCGAAAAATGGTTGCTTATCTTTCACCTTATGTATAGACCCATCGCCTAATTGTTTTTTTCTTTGACATTTTCCATTCTTAATATCTAACCAATTTTCTTTGAATAAATTTTGTATTTCCATCTGAAGTTTATCATAAGATGATGCTAGTGTTTCTTTATCTGAATCAAACTCCACTTCCTTTTGAACAATTATATCCCCAGTATCTATACCTTCATCCAAATAATGAATAGTAACTCCCTTTGGTGTTTCTTCAACAAAACTCCATAAATTAGGATCTGCCCCCTTATTCCAAGGCAAAAATGATATATGTAAATTTATTCCTGTATTATTAAAATATTCAATGATTTCTTTTGTAATAATATACCTATACCCGTAGCTAATTAAATACTCAAATTGATTTTCTTCTATAAACTCTAATGATATTTTTTCTGATGTCGGAAATACCTCATGATTATTATTCTTTAACCATTCAACAAGAGGGGAATCTTCATACCCTAAAAACAATACTTTACCATTCATATATTTATCCTTTTCTAATTTCTAATCTATCACCAAAACTATAATCTTTCTCTGAAACTTTCCCTAAAATACTCTTTAAATGCTTTGGGTGAGCACCATACCCTGGCCTAACACTTCTAATATTTTCTTCTGAAAACTTATCACCTTTTTTTATATCTCTTGATATATATAAACTTCTTGCAAATTGTCTACTTTGTATTTTTTTGTCAGTCATTGAATAATCAACACTACCTATTAATTTTTCAGCATCCCTAACAGCTTTTATCATATCTTTAAATTCATCTTTATCTAAACTAAAATCTGAATCAGCACCACCTATTGCTTTATCAAGTATAAAATGTTTTTCTATTACCTTAGCACCCAATGTTGTAGCTACAATAGGAGCTGTTATACCCAAAGTATGATCAGAAAATCCACTAATTACACCAAAAGTATCTGATAAATTATTTATTGTAATTAAATTAGCATCTTCCAATGGTGCTGGATATGCACTTGTACATTTCAACAATACAATTTCATTATTACCAACATCTCTACAAATATCTACGGCGTCTTGTATTTCATCAATTGTTGCAATACCAGTTGATATGATAATAGGCTTCATTTTTGAAGCAGTGTATTTTATCAACTCATAATCGGTTATTTCAAAAGAAGCTATTTTATATGCACTAGGATTAAACTGTTCAAGAAAATCAACAGCACTTTTATCAAATGGAGAAGAAAAAATATCTATATCAATACTTCTTGCATATTCAAATAATTCCTTATGCCATTCCCATGGAGTATACGCTTCTGAATACAACTGATGAAGTGACTTATCATCCCATAGTGTTCCACCCTTAATAATAAAATCTTCCTTATCACAATTTAATGTTAAAGTATCAGCGGTATACGTTTGTATCTTAATAGCATTAGCTCCAATTTCCTTAGCAGCTTTTATGGTTTCTATTGCATTTTCTAGAACACCGTTATGATTAGCACTAAGTTCAGCAATTATATAAGTTCCATCTTTTTTTAAATCAAAATTTCCTATTTTCATACATTCTCACTCAAGTTTCGCACCTTGATATGGTGTGATAACTTGTTGTTACAGTTAGGATAATAATAGAAAAAGTCTCACATAAATGGTATATTGATTTTCAAAGAACAATTACATCAAGGAGACTTTTTCTATGCTTGAGAATAAATCATGGCAGTCTGAAATACAAGCGGCATTGTGGAAAGAATTTGAAATATTCCGAGTAATGAAGGCTTTGCAACTGCGTACAATTGCCTATAGGTGCGGTATTTCAAAGAATCAGGGCGTTGAACCCTTTTCGATTCTCATAGCCTTGGTTTTTCTGACATTTCTCGGCAAAAGCGTTCACCATTTTGTTTCCCATTGCCGGAACAGTCTATTTGATTTAGGCGGTAAAGATGTTTTTTATCGTTTAAGTACACGCACAAGTATCAATTGGCGGCGTTTTATGAGTGATATATCTTTGAGAGTAATCAGTCATTTCAAATTATTCAGCAACTGGCAGCATCGTGTTCTCGTCATTGACGACACAATAATACACAAGACAGGCAAGAAGATAGAAGAGTTATCTTGGTTATATGACCATAGCAAAGGTAAAAGCGTGAAAGGCTTCAGTGCTGTTGTGCTTGGCTGGAGTGATCGTGCGTCATTTGTCCCTGTAGATTTTGCTTTGCAGCGAAGCAGCAGAAAAGTATTCAAACAATCGACAGAAATTGAAATGGATAAGCGGATGCTGGCGTGGCATCGTCGAGAGGAAGCAGTAAAAGACAAACCAACACTGGTAAAGGAAATGCTTAAACGGGCGAAACAGAAGGGGCTGGATGCTGGGGCTGTTCTGTTTGACAGCTGGTATTGTATGCCGAGGCTGGTCTCGTCAATTTATCATGAGATAGGCTATGACGTGATTGCCATGCTTAAAACTACACCGACATTAACTGTTGCTGTAAATGGCAAGGTATACTCAACCAAACGCTTATGGGAATGTGTTGTTCCAGCTTTGATTAAGGAAACAGTAACCATTGGCAAAGATCGGGTGTCTGTATCTTCCATCAATGCTTTTTTCGGTTCAACTCTGGTTAAGCTGGTCTTCTGTCAGCCATCTGAGAAAAGTAAATCAAAGAAGCCTATTATTCTACTGTCTACGGATACATCTTTGACATCGGCAAAAATAATTGAAACCTATGGTCAGCGTTGGGCGGTAGAAGTGTTGTTTAAAGATGCCAAGAGCAAGCTTTTCTTTGGGAAAAATCAATCCAGAACCTTTGAGGCTACTATTTGCTTCCTGACACTGTCACTCGTTAGGTTTATCATCCTGAGCTATATGGAACGGATAAATGGAGATTTCCGTCACAAAGGCCGTCTGTATGAGGGTCTGCGTTATGAAGTCGAAGAACTGAATATTCTGGCGTTTATGGAAAAATTTATAAACCGATTATTATCGATAATTGATGGAGCAAAGGAAACATTTGCAGTTTTTATGGATAAATTGACTGCTATTCAGCAATTGGTAAGGCTCTCAATTGAAAATTTACTCTTTCAAAGGTGCGAAACTTGAGTTATAATTTAATAACATTATTGAGCTTGTCAAGACATGAAAAAAGACTATAATGTTAAATATACATAACACGGATGTTTGTATAGGAGGACAAGATGCGATTAAAGGAACTGCGCGAAGAGAGAGGCGTTTCCCAAGCCGAGCTTGGTGAGTTTCTTGGGGTGTCGAGGCAAACAATTGCAGCATGGGAGAACGGGGACAGAGAACCAAGCGTGCTTCAATTTTCAAGAATATGTAAGCTGTTAAAAGTATCACTAGAGTTATTGCTTGACGAAGAACATAGCGCTGAACCTGTTCTGCTTTTTAGAGCCGATAAACGAGAGTTATTGTCAAATGATATGCGCAGGATATGTGCAACTAAAGCATATGATTATGCAAACATTGAAGCAATAGTGGGTGCCGTCCCAACCATTCCAATTACTCACCATCTGTATGAGTATGACGAAGTTGTTATTGAAAAGAAAGCCCTAGAAACGAGAGATTGGCTTGGGATTGAAGATGCGCCATTAGGTGATGTTTTGCAACTTCTTGAAGAAAAGGGTCTAAAAATATTTGAAATACCTCTTGATGATGAAGTGTCAGGCTTTTCTGCTTATGACGAAGATCATGGAGGGGTAATTTATGTAAATTCAAATCATAGAATTGAAAGGCAATACTTTACAGCTTTACATGAGCTTGGACATATGATTTTTCACAAAAAAGATTACATCAAGAATACCGAACTCAACAAAGAAACATCTAAGATTCGAGAGAAAATTGCTGATCGCTTTGCAGGTGCTTTGTTATTACCAAGGGACATCGCTGAATCTGAACTTAGATTGTTTCGCAAAAAGTGGATTCCTAATCCTGTATTGCTTGACATGAAAAAAAGATATAAGGCAAGCATGCGGACAATACTGGTTCGTGCTGCTCAAGTAGGAATTATATCAAATG
CP179913.1_gap47	1479031	1480007	976	TATGAGGATGGTGCTTTTTCATCCAGTCGAGAATCATGGATACTTCTTCAATTGAAAACGGATCAACTTTCTCTGTCTGAACTCGGGGCTTCTTAACATGTTTACACGGATTTTTAGATAGTAAGTCATCCTGTACAGCTGACTCGAATATACTGTGAAAGACCCCAAGATAGTTGGCGATTGTTTTAGCAGAAAGCTCTGAATTAGATATATATTGCTGAATGTGTGATGGTTTGATTTCGCTTAGCTTAAAACGGGAGAAGTAAGACGAGAGTTTGCTTACAGCAGTGCTATAGGTTTTGTAGGTCGAGTATGCTACAGAGCTTTCGATACTGGATAACCATAGCTCTGCATACGTATCGAAAAACATATCAGAGTTGAGATGAAGTTGCTGGTTTTCTCTGACGTACTTTGAATCTGGAAAGTATGTTTCGTATTTGAAAGTCTTTTCTGCGATTTTACGTTCAATTTCACTAAGTAAAGCACTAGCAGATCGGCAATCTTGGCATTTGCAAGTATCTTTGCCAGTTTCGCAATAGTAAAGGCTTTGCTCGTAACGCCTTATACCTTGAAACATAAAAATTATTTCTAATCGGGCTTTTTTGCCTCTACGTCTAATGCTTCCCATTGTTTTCCTATAGGTAAATTAATGTTTGAGTGCTTTAGGCGCAAGGAGTATCTTGATTTCGGGATAAAAAAATCTCAGTACACGATTTTTTATAAAATAGTGTTCGTTATATTTCAAGAATTCGCTTTTGACCCACCTGTCGATAGTGTCCTCAGAGATATCCAGCTCATTGGCTAAACGTTTTTTTACTCATAAAATCTGGCTTCTCAGGAAGTATGATTTCATTAACAATTATTTTACTCTGTTTCATCACGTCACCTCTGTCAGTCAGGCTAGCTCAAAAAAAAGTGAATAAGTGTTGTTTTTGCAAATCCTATAATTTTTTTTACATTGTTACTAAAATGTTGC
CP179913.1_gap48	1566358	1567435	1077	ATCATTTCATTAAGGCGTTCAGATTCCTTTTCTATTCTGTCCAGTGCAGGATATATTTTTTTGTCTGATTTGGTTCTGGCAAGTTCCAGTGACAGCCTGAGTCGTGTCAGCGGTGAGCGTAACTCATGTGAGATATTACGCAGGATTGTTTCCTGATTTTGCCTGTTTTGCTCGAGTTTTCCTGCCATAAGGTCGAAATCTTTTGCAAGTTTGCCTATTTCGTCTTTTGACTTGACCTGATGAGAAACTCTCACGGAAAAGTCCCCTTCTGCAATTTTCTGTGATGCCTGACTTATTGTCAGCAGTGGTTTTACAAAGTACCTTACTATAACAAAGCTGGCTATCGCAGCCAGAAGAAATATGTGTATGAGTATATGAAGGTGATAAGACAAAATTGGCAGAATAGAGAGATGAGTGTCTGTGTCTTCAGGATAGCTTATCAGTATAAAGTCCCCTGCTTTAACAACCCTTATCAACCGCATATCTGCCGGATCTTCTGAAAAACGTTTAATAAGTACGACCTTGCCGTCGTGCATCTCTTTAATAAGTTTTCTTGTGCCTTCCGGATATTTTCTATTTTGAAGCTCAGACATATTGTTGTCTTTAAAGATATATATGCTGGAACCGAGCTTTTTTTCTGCTTCATTTATCAGGCTTAAGAGCTGGTTTATGCTGTTTTCATGTGCGGCTTGTTTGATTTCGCTGTAAAGCTCTTTTGCTGTTTGTTTTTTGGTGAGGTTGGAAAATGTCTCCCTGTTGTCCTGACTGCCAAGCAGAAAAAGGAAAAGAGGAGTAAGTGCAAACACCATAAGTGTTATCCAGAGTCCGAAGAAAACTTTGAAGTAAATACTTCGTGAGGGCATTTTCATTAATCATTCTCCGGAATGAGCTGATAGCCCGCCCCTCTGATACTTTTGATTATGTCGGTATCAGATGCTTTCTTTCTGATATTGCTTATGTGTACGTCTATACTGCGGTCAAATGATGATAATTCTCTACCCAGAACTTTCAGCGCTATCTCTTCCCTTGTGACAACCCTGCCTATATTAATGAGCAGCATTTCAAGGATATTGAATT
CP179913.1_gap49	1573685	1578399	4714	TGCACGTTTCTTGGTGCCTATGGCTGTTTCGCTCGCTTTTGGAGTTCTTTTTACGACTGTTGTTGCATTGGTGCTTGTGCCGTGTGTGTATATGGTCATAGAAGATATCAAAAAAATATAATAAAATAATTTCTGCAACCGGCAGGGGATCACTTCTGCCGGTTCTTTCTTTATGCGGTCGAAGACGGAACACCACGCATTTCTGCGTGGATGTATGAGCTAATCACAGCTTTAGAGCTTATAAGTCATTGCGAGGAATGTAATGACGAAGCAATCTCAGGATTAACTAACGAGTCCAGAGACTGCCACAGCCCTGCGGGCTTCGCAGTGAAGTATTTTTTATATACTCTAGCTGTGACAGCGAAGTTGTAAATCCGTGTGTTAAGCACGTGCGAAGCAATAGAACCACGGGGTTCCCCGTGGGGATCCATAGTTTCCTCTACGACAAAACAGGTGGGCACGAATCATGGCAGCTTATCGTTGACAACCCAGCAAAAGCTGGTCTTTACTATAAAGATGGGGATGGTGACATAGAAAGCCAGATGACAACTGCTGAACTGGCTCAATATGGTTACACTGCAAACCTTATGAATGACGTTCACATGTCTCACGCAATGGAGTTCGGTTATCCTCAGAGTATGAGAAACTGTGCAACTTGCCACGACGGCAAACTTAGCGTTGTTCTTGCGGATGCAAACTTTCAGTATGAAACCTGTATAAGCTGTCACCCTGTAACTGGGGGTACCGACACCGCTGATGCAGATGGTAACTATACATCCGACACGACAACATATGCCCTTACAACACTTGCTAATGCAGGTTATCCTAACCATTCAAACATTTTGAATGCATCAACTGACTGTACAACATGTCACTCTGCTGCCGGTGGTATGCCGACATTTGCAGAGATACATACAGGCGGTTATGATCCGGCTATTTACACAACTACAGGTGACAAATATGCTGAGGATGTTACAGTTACGATAGACTCTGTAGCGCTTTCCGGTACATCTCTTACAATAGCTTTCAGCGCAGCAAGCACAATTGCAGGCGTTGATGCTGCTGATATAGTTCCTTCTGTATACGTTGCTGCTTACGGCTATGATACAAAAGACTTTATCATTTCCAACCACGGCAGAGATGCTGACGGTAACAGGCTTGGTGAGTATACATTCGGCGGTGACGCTAATCCGTACTTCACTAATGCAACTGCATCCGGCGCATCATGGTCTGTGACTTACGATATCAGTGCTTTTGATACTGACAGCATGGTTACGGACGGCGTGATTAAAAGAGTTGAGGTCGCTGTTGCTCCTTCTCTTGAAGTTGGTGATGTTACTGTTGGTCTGAATGCTGTTTCTACTACATTCAACCTGGAAGATGCTGCTGTTGAAGCTGGCTTTTTCGGACATGATATAGCTGATGCAAACAGTTGTAACACTTGTCACGATCAGCTTGCTACAACATTCCACAGCCCTGACAGAGGCGGAAGCATTACTGTATGTCGTATGTGTCACGTGACAACCAGCGGTGGTTCCCACCTTGAAATGCAGTCACGTTCGATTGACTCATATGTACACGCTATTCACACATTCCAGCCTTTCGATACTGATGATATCGACTTCAGTGACCCGTTTGAGCAAATGGAGTATGACCACCATATTGGCAGCACATACCCAATGTTTACAACAACTAACTGCGAGTCATGTCACAACTCAGACAAGTACAATGTACCTGATCAGTCTAAATCTCTTCCGGGTCTGCTTTCTGCAGCCGGCGAGTGGAGTATGGACAGAGATATAGGTGCTGTGCCTAGCTATGTGAACGGTCCTGCTTCAAGAGCTTGTGGATCATGTCACAGATCAGAGTTTATTAATGCCGATGAGGCAGGGAAGCTGGCTTCCTTTAATGCTCATACAAAAACTTTCGGGTTTTTAGAAGAGAATCAGGATGGTCTGCTTAACGCTGTTATTGATGCTGTTATGGCTAAATTTCAGTAATAGAAAATAAACGAAATTTTAGGGGCGCTCGTTTTGGGCGCCCTGTTTTTCAATAATTAAACTGTTTTAATATGATATCACTTTGTCGGAAATTGTTGCTGGTTTTAGGGCGGCAGTAAATTAAGAATAGGGCTTATGCTGGGAGTATGTTCGTTTATGAATACTCAGATACACGGCAATTCCGGTGGTTAAGTGCTGATTCTGTGATATATTTTATTTATAGTGATGTGAAGCTCTTTTTTTAAGTGTGAATCTTGATTAATGGCTGCATCAATCTTTTTTTTATTTATTTTGGAGCTGATGATGAGAATATATGCGATTATTGCTGTCATGGTCTTCAGCGTCTTTTTAAGCTTCAACTCGTACAGTGCGCCAACGGCAGTCCTAGATGACGAAAACTGTATGATGTGTCACAAATATCCGGGGCTTACCCGCGTTAATGATGAAGGTTATCTCCGACTATTTTTTGTAGAATCAGAGCGGTATGACCATTCTGTCCACACGAAAGTGAAATGTTCGGGGTGCCATACTGACGTGACTGAGATACCCCACAAAGAAGCTAAAAAAGTTGACTGTACTACAGAATGCCACATAAAAAATAGTGGCTCAGAAAAACCATTCTCCCACAAAAAAATACAGGATGACCTGCAAGCCAGTATACATAATCCGGAAAATGAGTATGTCAGGGCGAAGATAATAGAAGATTTTCCTACCTGCACTAATTGCCACAACAATCCGTCCTATCGGTTTCTTGAAAATGATATGGATAGTATATCTGACGCCAGACATAAAAAGAGAGTTTTGCAGAAATGTAATGTCTGCCACGACAACACTGCTGAATATACATATTTTTTCAACCATGTTACCCACAGGATAAAAGATCTCGCACCGTCTGAGGATGTTGTTGAAACTTGCAGCAAATGTCACTCTAAGGACGAAATGGCAAAGAAGCATAAACTTAAGAATGCTGCTGCAACATATCTTGATACTTTCCATGGAAAAGCTGTTGAGTTCGGGCTGGAGAATGCACCGACCTGTATTGACTGCCATGTTAAAACAGGTGAATCAGCTCACAAGATTATGAGCTATAAAAATCCTCAAAGCGCAACTTTCGAAGAGAACAGGTACCTGGCATGTAAAGATTCTGACTGTCATGCAAACCCTGGTAAAGGATTCGGAACCATAAGGATGCACACTGTTATCGACAAGGACATCTATCCGGTTGAATTCTATACGGCACTTGGTTTTACCATTCTTACCATCGGCGCATTTTATCCGTTGCTTGGTTTGATGATTCTTGAGCTGATACGGGAGCTGTTCCCTAACTTCAGCTTCAGAAGAAAAAAGAGAAAGGACTAAGAGGGTACTGACATGATGAGAAAAATGCCACTGATCAAAGTGAAAAACGGCGAAAAACATTATTTGAAAATTACGCACGGACAGAAGCGTCAGCACTATATTCTTATGACAACATTTTTGCTTCTCGTCCTTACAGGGTTCCCTCTTAAGTTTCATTATTATGGCTGGGCGGGTTCCACAATAGAGTTTCTGGGCGGACTGACCGTCACCAGAATAATCCACCGGATCTCCGGAGTGATTATGGTTGGGCTGTTCTTTTACCACTGGTATTACCTTATAAAGAACGTCATGAACTACTATGTGACACCAGCAAGAAAGACAGGCACATACTCCTTTAAAGAGCTGATGCTTTTTATGTATTATTCCCCCATGTGTCCACGTAAAAAAGACTGGGACGATATCGTAGACTTTGTTAAGTTTGCTCTTTTCATCTCAGACGAGAGACCTAAGCATGAAAGATTTCACTGGAGAGAGAAGTTCGATTACTGGGCTGTTTTCTGGGGTATTCCCGTGCTTGGGATAACGGGTATTTTTCTGTGGTTTCCGGTATGGGCATCTTCTTTTATGCCGGGCTGGGCGGTCAATATTAGTTACATAGCTCACTCAGATGAGGCAATGCTTGCTGTCAGTGTTATTTTTATCTGGCACATGTATAACGCCCATGTCAATTACGATAAATTCCCTATGTCGCCTCTGTTTATCACCGGATATCTGCCGGAAGACCTTATGAAGCATGAATACTATGTGGAATGGGCGCGGATAAATAACGTTGTAGAGAAAGATCCGTCTCTTATGGTGGATATAGACAAACAGGAGGAGAACGAGAAGCTTTCATACGAAGAGAAGCTGAAGATCGTCAGAGATCAGATGTCCTTTCTCAGGAAAAATGACAGGGGAGAGGAATAATGAGCAGAAAGCCAACAATACTTAAAAAAATTTACTGTATCCTCGGCATTGCGCTGATGGTCTACTGCGGATACATAGTTGAGATACTTGTAATGCACATCTGGCACAAAGCTCCACATAGTGAACACTCAGATGTTGTAATGACAGAGGATGACAGGCTTTTTAAAGAGATGCTAGAAGGGGTTGAAAAAGACCACAAAGGCGTAGCTCGTAAAGATATGAACGAAACACATAAACTTTATGAGTTTCATAAATCTGAACGTGAAGCTGTGCTCGATACACAGAGCTTATGTGTTGCCTGCCATGGTGATGTTCCTCATGATAAAAAGAAAGAGATCAGAGCTTTTCTGAATATGCATACATTTTTTATGGCTTGCGAAACATGTCATATTAAGACTGACGAAGGTGTAGAAACAAAATTTGTTTGGTACGACAAACAGTCTGGTGAA
CP179913.1_gap50	1588340	1592564	4224	CTCCGCACAACTGTAATATCTGTCACGAGAATATGAAAGTTATGCGTCCTGATGACCATGTGAACAACTGGATGACTCTGCACGCTGCGGAAGCGTCACTTAACATGAAAGAGTGCGAGAGCTGCCACAAAGACTGGTATTGCGAAAGCTGCCATACTAAGCAGAATTCGGCTGAAAAGATAAGACACTCCAGGTCTTTTAAACTCAAGCATTCGATGGAAGCCATGATTGACCCAGGTTCGTGTGACACTTGTCATCGGGTGGATTTCTGTATGACGTGCCACAGAGACGGGTTTAATTTCTTATCTGGAAGGAAAAAATAGATGAAGAATAAAAAGTTATTAATTAAACCGTTATTTTATATATTAACTTTAATATTGGTGTCAGGTGTTATTGCATGCGGAGGGTCAAATACAGGCGATGGAGCCTCACCCGTGGATGCATCAAAAGGGAATGCTCCTCAGCTGATTAAACCGTCAGATCATGGTGGAGGATTTGGGTGGGAGAATGAGAAATGCTATCTTTGCCACACTGTCGCTGAGCTTGAAGATGCGCATGATTTCAGCCCAAATCTCATTGATAGTTTTGGGAAGCTTGATTCCGCTGATACAGGCGCCTGTCTTTACTGTCACGGAACAAACGGGCTCTCCGGAATTACAGCAGAATCTTATCAGTGTACGAAATGCCATGCTGACAGCAATATTGTGCGTTCGGCAGATATGTTCAAAGGGCATAATACGCACGACATGAACGGTGACGGGGAAATGACTAATGCCGACTGTGTTGTCTGTCACTCGTTTTCTGACATGAACGGAGAGATAGATGTAAGCGTAGACTTTACTAAAGGGAGCACAGCATATACTGACGTTTCTTCCTTTTGTCTGAACTGTCATGACGGAAACGGTGCCTTTGGCATCATGCCTCCGGCTCTGAAGTTTGATGCGGATACGACAAATCTTTACAGCACTTATATGGGTGTTGGAGAGACTGAGAGTGTTCAGAGGCAGACTGCGGATATTCATGGCGTAAAGAATGGAAATGGGCAGAGTTTTGCAGATTTCAGAGGGCTTTATGCGTCCAATACAACAGTGTCATGCCTTAGCTGTCATAAGGTGCATACCTCTGATAATAAGTATCTTATAACTGATTCCGGTGAAAGTGCAGACCTTGCCGATGCCGCTGCTTTGGGTGCTTCAGTATCTGTAAAGGATGATGATTTTTCTGAGTTATGTGCCCTTTGCCACGTTACAGTTGGCGGTTCGCCGACAGACAATGGTCTCACAGGAGTTGTTCACTCCAGTACATATTCATCCAAATGTACCGACTGTCACTATCACGGTGCGGGGTACGGTGCAACAGAAGATTTGTTCTGACAGACTGATAAATCTAAAGTTAAAAAATCCCCGGCTCCTTTAAAGTGTCGGGGATTTTCTGTATACAGTGTCGGTTAGTTTGTTTTTCTAAGTGTTTTCAGAGTTTCAGACATCTTTTCCAGATATTGCCCTTCATATCCAAAGGCGTCAACAATGCGGTCTTTGCTGTCCAGAATGATTGTCAGCGGGAGCGCGACTATCAGCCAGTCGTTAATATATCCGGTCTTGTCTGTCAATGTTCTCACAGCTTTATCGTTGCTGGTTTTCCCGGCAGTGTCTAAAGCTAAGCATATAACCTTCTTTTCGGAGCAAAGTTTACTGAAGGATACATATTGTTTTTTACTCAGGCGTTTTTCGCTGTTCCATATGAATAATAGCTTTGTGCCCGTTTTGGTGGTATCGCTTTTTGTATAGTTTAGTTTTGACAGGTTAACGACATCCCCCTTGTTCATGTTTCTTATGGGGAAAGCATTCAGGGTTACTGCTGCTGCCAAAGCCAGTGCGGTTATAAAAACTTTCATTGGCAGCCCTTACTTGTTCTCTGCCGGAGTTTCTCTGTCGTAGGCTTTCTTTTTATGACAGCCGACAACACATGACCCGCCGTTTTCGCTCTGCGTAAATTTTATCGGCAGTTCCCAGCCGCTTGAGCCGAAAGGTACTTTAGCTCGTATATGAAGCGGTTGAGATGAGGCGTGTACTTCGTGACACGCTTTGCAGCTCCTCCCCTTCTTTTCCATAGTGACATGAACCCAGTGGAGGTTCTGGTCGCCGTTGCGGAAGCCTGTGTCGCCCTCTTTAGACAGTTTGCTGTCGTCGTGACACTCGAAACAGAGCTTATACAGCCCTTGTTTATAATCGTTATAAAAGCTTTCAGGGAAATAGTCGTAGAGTATATATGGATTTTCTGAACCGTGTACATTATGGCATGCGGGGCAGCCGTCGGCTTCAACAGGAGCATGGACATATTCCATTTTGGTAACTCTTTCGCCGATGTCGCTGTGGCAGTCAAAACAGAGCTCAGATATATCCTTTTCCAGAAACATTTCATGGTCAGAGTTATGAGGGTTATGGCAGGTAGTGCAGTCCTCTAGGACGGGCTGATGTTTGTGGGCTATGGTCATGGACTCATTTTTTTCTGTGTGGCATCTGAGGCATAGCTGCTGTGTGTTTTCTTTAAGCTGGTATTTGTTGTCTGAGGAGTGAGGGTCATGGCAAGCTGTGCAGTCGCCAGCAGCAACAGGACCGTGTACGTATTTTTTTACAGTTTTGTTGTCTTCGTGGCACATAAAGCAGAGGACTTCACCATCGGAGACAGGGGCTTCAAAGCTTTTGTGTGTTTCCGGATCTTCCTCGTGTGCTGCTATAAGTGAGTCATCCGCCATATGGCAGTCAAGGCAGGATCCTTCCCCCGCTGGTGAGTGGACATTTTTGCCGGAAATTATATCAGAATGGCAATCGGAATAGCTGCACGTTTCTGCAAGAGCAGTTAGTGCTGAGAATGTCAGCACTGCAATAAATAGATACTTGAACATAGGATATCTCCTGAATAAATAGTAACTATATGATAAACGAGATTTCTTTCTGAAACAACTGAATAGTAAGGGGATGAGGATTTGGCGAAATATGAAGGCGTCATTGCGAACGTAAGTGAAGCAATCTCTGAGGTTCAGTGGTGTTTCATGGGTTAAGATTGCTTCGTTATTTCATTCCTCGCAATGACCGGGAGGCGTCATTGCGAACGTAAGTGAGCAATCTCTGAGGTTCTGCGGCGTTGTATGGGTTAAGATTGCTTCGTTATTTCATTCCTCGCAATGACCGGGAGGCGTCATTGCGAACATAAGTGAAACAATCTCGGAGGTTCTGTGGCGTTTCACGGGTTAAGATTGCTTCGTTACTTCATTCCTCGCAATGACAGGGAGGCGTCATTGCGAACATAAGTGAAGCAATCTCTGATGTTTTGTGGCGTTGTACGTGTTAAGATTGCTTCGTCATTTCATTCCTCGCAATGACCGTGAGGCGTCATTGTACCCCTTGGAAATACCAGTATTCAGAACTTCAGAGTAGCAAAAAGATCCTCATAGGTTTCAGCACGTCTTATCATCTCTGCTGTTCCGTCAGCTTTAAGCAGGAGTTCGGCAGAGCGAAGTTTACCGTTATAGTTGAAGCCCATAGAGTGACCGTGTGCCCCTGTGTCATGTATAGCTAAAACATCGTCAATTTCTATCTTAGGCAGCTTTCTGTCTACTGCGAACTTGTCGCAGTTTTCACAAAGTGAGCCGACAACGTCATATGTAAAAACGGGTTCTGCATTTTCTTTCCCAAGCACTGTTACGTGGTGGTAAGAGCCGTACATTCCCGGGCGCATAAGGTTTGCCATGCTTGCGTCCACGCCGATGTATTCTTTATAGATGCTTTTAGTGTGTATAGCTTTTGTGACAAGGTAGCCGTAAGGTCCCGTTATCATGCGTCCGCACTCGAAATAAATCTCTGGCTGGAAACCTTTTGATGAGAGTATTTCGTCATATTTAGCCTTAATCTTAGATCCTAGTTCTTCGAGATTAACTTCATCCTGCTCTGGTTTGTATGGGATGCCTATCCCGCCGCCAAGATTTATGAAGTCGAGGTTTATGCCTACTTCGGTTGCGATTTCTGCTGCCATTTCAAAGAGTATGACGGCTGTTTCAACGAAGTAGTCAACGTTAAGTTCGTTAGATGCTACCATTGTGTGCATACCGAATTTTTTAACGCCTTTTGATTTCATAATCTTATAGGCTTCTATCATCTGAGTTTTTGTCAGCCCGTATTTTGCGTCTTCAGGTTTGCCTATGATGTCGTTTCCGCCCTTCAGGGG
CP179913.1_gap51	1739192	1741008	1816	TTCTCTGGTCACAGGGTATCCGAATTTTCCGAGTTTGTTTTTAACCAGTTTGCTCATGTTGTAAGGATTGCCTTTCTTGCCGCCGTACTCATGCCAATGGCTTCCGCCCAGCATCATGCCGCCTTCCCAATCAGTGTTGCCGAGCATCACATTGAGAGCAATGATAGCTGTTGCGTTATAATAACCGTTAGTATGCTGCACCGGACCACGATAGAAATCTATTGTCCCCTGCTTGCCTGCTTTCGCAAATTCGTCAGCTACATCTGTGATGTCGCGAACAGGAACACCGCATTCATCTGCCCAGTCGGAAAGAGACTTTGAAAAAGCGGATTCTTTATAAATAGTGAAGCCGGATTTAACCTTTATACCGTTGATAACAGTGTCCACCTCAAGCTCACCAAAAACAGAATCGCCTTTTTCAGTGCCGGCGAACGGCTTACCGTCTTTCATCACAACAAAATCGCCCTCAAGTCCGATTTCTGAAGGTTTCAGAATATCTGCCGGACCGTCAGCCTCTATTTTGACCAGCCATGTTGAGTTTGTGAAGTTTGTTTCATTTATGCTGTTGCCGGCTCTAAAGTTAGCCGCAGCAAGATATTTGCTGTCGAACAACCTTTTTTCTATCATATATCTTCCCATACCGAGTGCGTATGCAGCATCAGTACCGGCTTTTATAGGTATCCATCTGGTAGCTTTTGCAGCTGTTTTAGAAAATCTGGGGTCAACTACAAAAACTTTCATACCTCTTTCAGTAAGACCTTGTGTGATTTTTTCGCTGAGTGGTGGAGGTCCGAAGTTTGCTTCGAATCCGCCTGTTCCGAAATACAGCACGCATTTGGAGTTCATGAGGTCAGGCTTTAAGTGGTGTTTACCTTCAAACATTTCACCGTAGCCTATGTGGTGAGACTGCTCGCATATAGTTGTATGCTCAAAAAAGTTAGGAGAACCGAAACAGTCGTTCATAAATCTCTTCATGAATTCCTTACGCCCGTGTTCGATACGTCCCCCCATAAATACAAACTGAGCATTTGCCGGGCCGGCATCCGGATGGTCAGGATTTGCGAACAAGTCCATTTTACCTGCGTATTTCGCTTTAAAATCGGTCATAGACATTTTTTTATCTGCAACAGCCTTAGCATCCTCAGCCATCTGTTTCATAGTTTTTGCGTCACGGACTCTATAAATATCTTTGAGTCCTTCTACAAAGCGGTTCTCTTCACCGGGAACGTTGGAGAAGAGGTTTCCTCCGTCAACTATCTCATCAATAGCTTGCTGAAAATCTATGCTCACCCATTTGTTTTCGCCTCTTTTGCCTGCCCGTTTAAGAACCTTTGTGACTCTATACGGATCGTAAAGCGATTGTATACCCGCTTGCCCTTTGGGGCAGATTTTTGCATCAATTCTGGCGCTCCTCTCCAGAGGTTCGTCCAGATCAAGGTTAGGGTAAAGGTTTTGTGCAGCATATGGATTACCGTCAATCTTCAGAAGCACACCCTCTGCCACCTTACCTTTGATAGCGCATGCAGTGTGGCACTGCAAGCAAATTGAATAGATGACATGCTCAGGAGATGCAAGATCGTACTTGCTGTTTATGGAGTTGTCAGTCATTTTTTTCATTGCTGAATTCGCACATCCCAGATTGGAGATGAGCATGGCTGAACCGCCCAGAAGAGCCGAGGTTTTCATAAACCCTCTCCTGCTTAGTTCCAGTTTATTAAGTATCTTTTTATTTTGACTCATATTATTCCTCCGACCCTGTTATCCGTGACACTTTTTACAAAGTTCTACGCTATCTGTAATGAACTGTGTTGTTGGT
CP179913.1_gap52	1778260	1782878	4618	GTCTTTCTGCTATGATCGCAGATGATGCTTTTGGCACAGCAGTGACAGCGGTTTTAGAATCCGGTCCTACTTATATAGTCAGTGTTCCTCTCAGTGACAGTGACCTCCCCGGTGACGACAACGCAAAGAGAGCTGCTTATTATTACAATTCAAACCTTGATGTAGGTTATAAAGCGAGGAAGCTTGCAAGTGATATCAAAGACGATGATCTGAATGATGACATAAATCTTGTCGCAGTCAGAAACTATGCACAAGCAGGGCTTAATGCTAAGGCAAAAAGTATTGCTGATTCGCTGATAGTCAAAACACTTAATCAGTCAAATGCTTATCGCAATATTGCAAAGAATAATACTACGCTTGGTGGTGATCTCGCTGAATCCGTAACTTATTTACAGAAAGCGGAATCACTTATAAGAGGTCTCCATGATACTGCGACTGCAGAGCCTTTTACAACCAGCGAAGCTAAAGAACTTGCTGACATAATGGAAGAATATATGAGCGCAGGCGATTTGGAAAAAGCTGCTTCTCTGGAATCCTATATGGACACTGTACTCGCCGACTTGGATGAAAGCGAGAAAGGTAGTGCATACAGTGCTGTGGTTAGTGCTTTCAATTCGGTTGTTAAAGATGATGTGGAAAATGGCGAGCTGGATAATGTTGAAGCTATGACTGATAAGATTGTTAAATATGTTGATAATCTTTCTCTTGGAACCAAGGAAGGCAAGATTTATGCAACGCAACTTGTGTTTCTGCAAAATGCATTAATATTTTACAATGCCGTAGGTGCTTCGCAGAAAGTTGTAGATACTTACCATAATATTATTAAAGATATGATCACTTTCGACTCCTCTTCGGGTAAAACTAACTGGGAATTTTATGCTTCAAAAATGACAGGACCTCTCTATAGAGCAGGGGACAGTTCTGCTGCAATGGATCTTTTGGGGTCAATTACAAAATCTAACTATGCCGCAAATGCGGCGGAGTCTATAATTGTTGGCGTATATAAAGATGACTTTGACGAAGCTGTTTCGATTTATGAAGCAGGTGTGCCTATGGATACGGACTTCGACAACATAGCAGACTACATAAACTCATGGACTTATTTAGCTTCTAACCGTAGCAGTCAGGGGATAGCTATGTATGCCCTGAATGACGGTCTGAATGACCTTGCAGAGAAAGCTGTAGACTACACTGAGAGTAAAATGGATGCGGCGGTTCAGTATTTCAAAGATAATAATTCTGATTTTGCAGAATATCTTGTGAAAATGGTGACCTCACAAAATAGATTTTATGAAACAGGATATGTGAAGAATGCATATCTTTATAATGAACTGGGGCTGAAGACAAAAGCTCTTGCCTCAATACAAAAAGCTATAGACTATGCAGATTTGTGTGTTGATTCGGTAAATAAGGCAACGGCGTACAGTACAATAGCATACTACGCTATGCTTATTGACCCAGCCTATGATGCTTCTCCTCTGTTTGCAAAGGCAAGGACTGTTTTCGATAATGCTTCAGGTGATACGGCATTTTCTAATGATAATCTGTTTAATATAAAATTTGGTATTGCTGATGATTATATTTTACAAGGGGATACAGCTACTGCTCTTCTGACTATGGAAGAGGCAGTTAACTATGCTGAGCTTACTCATCAGCCAGGTGTTGGCACAGAAGAAGATAAAGCTGTAGTCAATGAGTCTGAGAACTTCAGAAAACTTGCGGAATGGTACTACACCATGCAGGACATGGGGAAAGCTAAGCTGATGCTCGAAAAGTCTGCGGCTGTGGCGCCTCAGCATTCAAAAGCGAGCTCGGTAAGTGGTCAGTACAAACAAATTCTGCAAAAGTATGCTCAGTTTGGTCTGTATGATCTCGGTTATGAAAAAGCCAAAGTAATGTTCCCTGTACGTGGTGACTTCATCAAAGGGATGGAGGATTTTATAGGGGCAATGCTTAATGTTGATGATTTCGATAAGATAGATGTTGCTTCCAGAGACCTTGACAAAGACGGCAAGCCTGACTTCTTTCACCTGTCTGCTACAGCGGAAGAGATAGCTGCATCCGGTCTTGTTCTCGATGATGACACTGACGGTGACGGCGTGGCTGATGTACTTGATGCTACACCGTTTTATGCTGATTAGGTAATATCTATGTTTAATACATTTGTTAATATGAGGGTGGCCGCTTATGCGGTCATCCTTTTCATTATGGTGACATTTCCTGTATGCGCAGAAGAAAAACAGGATACCGGGCTTTCCTCTGCTGAGCTTGAAAACATGCTTGTGATAGATGAAGTGGAAGTCAAAGGTGAGCTGACCGAAGAGTCTATAGAAGGCAAAACTGTTATTAATGAAGAAACTATAAAAATGCTTCCCAGAGGTAACGGCGACATAACAGAAGCTCTGCGTATTGCTCCCGGAGTGCAGTTTGATGATGATTACAGAGATTCTTTGACTGCCGGCGAGATCGAGCCCGGGCGGATTTCCATATCCGGTGGGAAGGATTACCAGAACCTTTTTATGCTCGACGGTATGAGCAATTCAAGTATTCTGAACCCCGCAGAAGAAAGTATTTACGATACTGATAATGTCTCCGGAAACCCTCAGAAGTTTTTCATAGATTCCTCAATAGTTAAAAAGGTTACAGTTTTCGACAGTAACGTTCCGGTGAAGTACGGCGGTTTTCTCGGCGGTGTTGTGGATGTGGAAACCATAGACCCTACTCAGAATGTATGGGGGAATATTTCTTACCGCACAACAAGATCTGAGTGGGCTAACTTTTATGTAGATGAAATTAAGCAAGACGATTTTGAAAACTCTAATGACTCGCAAAAGGGGCAGCCGAAGTTTGAAAAGCATCATTTCAATGCAACTCTTAATACCCCTGTAACAGATAAGCTGGCTGTGGTTTTTAATTATAAAAAGCTCGAATCAACTATACCTGTCAGGTTTTATAATAAGTGGCAGGATGAAGAGCGCCTTAACGAAACATTTCTGGTGAAAGGTCTGCTGAATATCAGCAGTTCCAGCTATCTGGATGCCACTGTCAGTTATGCTCCTTATAAGCAGAAAATATATTTCCCGAATGTCAAAAACAGCGGGTTTGATGTACATGGAGGCGGCTACTACGCTGCTGTGAATTATACAAAAGAGAGCGGTGACTCAAAGCTGGAAATACATGCAGATTATTCTGTGTCTGAAAACAGCAGAGACGCTTCAAATGTTTTCTATCACTGGGCAACGACATCGTCTAAAGACTGGGGATATATGAAAGACCCTAGTTCTGTAAGTGAAGGTAGCGTTGGCGGTAGTTATGAAGGCGGTTACGGCGACCTTTATAAAAGCGAATCTGTATTCAACTTTAAGCTGGATCATGATCCTTTCCGCTTTAAGTTTGGCGGTGACCATGTTGTTTCATACGGTTTTCACTATTCAAACATCAAAGGCATAATGGACAAAAGCGAATCAAGCTATCTGTACAAAGACCCGGTAGTGGATTCTGATGTTATATGTGGAGGGCAGCAGGGTGTGGACTGCCTTGAAGGGGAACAGTATTTTTCAGAGAAAACAATAGCACCTTCTTTTAAAAATGAAGCACTTATTAATACCGTAAACTTTTATGCGCAGGACGAATATGATATATGGCGTCTGAACTTCAGGCTTGGGCTCCGCTATACTTATGATGATTATATGGAGAACCATGACATAGCACCGAGAACATCTTTTGAGTATGATATTTTCGACAGCAAGAGAACAGTTCTGCTTGCCGGATATAACAGATATTACGGTACAAATCTTCTGGATAATAAGCTTCGTGAAGAACAGCCTGATGATCTGGAATATATACGCTCAACCTACCGCAATGAAGTGCAGGACTGGATTACAGTTACCCCTGCCGTAGATACTGTTTATAAATACAGCGATCTGAACACCCCTTATTCTGATGAATATATGGTCGGTGTTGCCCAGTACCTTTTGGGCGGAACACTAAATCTTAAATATATCACAAGAGATAACAAAGACGAGTTTGCCAGCGAGATTTATAGTGTCAATGGCAAGAAATACAGAAAGCTGAACAACAATGGTGAAAGTTCATTTGAATCATTTCAGATAAAATGGGACAGATCATGGAAAAATCACTATGTAATGCTTAATGCCATGTGGCAGGAGTCTGAAACTGCGCAGGATAGTTATGATGATGAGTATGATCTGGAAGACCTTGATAAAGATATCCTTTATAACGGCAGTAAAATAAAGCTTGCCGAACTTCCGAAAGATAATTTTAACAGACCGATTACCGTTAATCTTACTTATACAGGGAAATTTTTTAAACACTTAAGTGTTTCTCCCGTTATTAAATACCGCTCATCATACAGAGATATACGGCTTGTTAACGGTTCTCAGATTATCGGGACTACCGGAGAGACGGACCCTGAGACAGGGGCTGTTGAGTATAAAACAATCGCATCTTATAAAGATGTGACATTCAATCACAGTGTTCTCGTTGACCTGCGTTTTTCCTGGGAACAACCTGTGTATAAAACTCATACAATCAAAGTTTCCTTTGATATCAATAACCTTTTCGACAGGAAGATTGTGAAGGGGTACGGTTCAACATC
CP179913.1_gap53	1828942	1832194	3252	CTTTCTGGCGAATACAGGAATTATCTCTGAAACAACACCCATTGCAGGGAGAACCATTATATAAACAGCAGGGTGGGAATATATCCAGAATAAATGCTGATATAAAATGGGGTCGCCACCCTTTGCAGGATCAAAAAGTCCCACACCGAGGATGCGTTCAGCCATAATCAGGAGAACAGTGATACCCAGCACCGGAGTGGCAAGCACCTGTATCCAGCCTGTTGCATATAAAGACCAGGCAAAGAGTGAGAGCTTCTTCCAGCCGAGCCCGGGGGCACGCAGGCGGTGTATGGTGGTTATGAAGTTCAAGCCTGTCAGTATAGATGAAAATCCAAGTATGAAAACGCCTGCAACCGCTGTATTGACGTTAGTTGTGGTGAATTCGCTGAACGGTACATAGAATGTCCAGCCCGTGTCAGGGGGGCCGTCACCTGTGAAGAGTGACAGAAGTGCGAGAAATGTACCGAACATATACAGATACCATGAAAACAGATTAAGACGGGGGAACGCCACGTCCTCTGCTCCCAGCTGGATGGGTAGGATGATGTTACCGAAGGCAGCGGGTATGCTGGGGATAACCACAATGAATATCATTATGACGCCGTGCAGTGTGAATACTGCGTTGTAGGTTTGTGCCTCCATAATAGTCTTGCCGGGAGCAATGAGCTCCAGCCTGATGGCAAGTCCGAGACAAACTCCGACAATAAACATCCCAAGCACCATATAGAGGTACATCAGTCCGATCCTCTTGTGGTCGGTTGACGTCAGCCAGCTCATAATGCCTTTTCTGCCGTTCCCTGAGTCCTCGAAGAATGTCGGAAGGGGGGAACTCGTCTGGTTTTGCATAATTGAACCCCGTTACTTTCTTTTTTTGCCGCCGAAAAATAAGAATCCGGCGAATATGAAGAGAACTGTCAGGACAACAAACCCTGAAACCCTCATTACATTAAAAACATATTTCTTCCCTTGCGGATCATAGCTGAAACAGTATGAAACAAGTTTTTTCACAGATAGCCCTGTCTGCTCTTTACTGGCTTCAACGGTTGCCATCGTGAGTTCAAACGGAAGAATGTCTGTTCCGTATAGATAACGGACTATCTTACCTGTGGGGGAGACAGCCATAATTGCAACCGGATGTGCAAAATCCACACCGCGCCTCAGGAATTTGAAACCAACGGAGTCCGTGAATTTCAGTATGTTTTCCCGGTCACCGCTGAGAAAGTACCATGAATCCGCCGGTATTTGTCCGTCAGCAGCCTTCATATAGTTAATCTTCTTGTTTTTGGCAGTTTCCGGTGTGTCGTTTTCATCAAAACTGACAGAAATAACCTGAAAATCTTCACCTGGTTTGAGCTTAACCTGTGGGACAACATCTGCGAGACTCTCCTGAAGGAAGTTGCATACGTTAGGACAGCTGTAGTAAACAGGAGCAAATATGGTTGGTTTATTTACTATATCGGCGAGCCTGATGGTATTACCTTCGGAGTCTGTGAAAACTGCATCAAGAGCAACCTGTTTACCTAGTTTTTCGGTAACACCGATGTTTATTTGTTCCTCTTTTGTTGGTTCTTTATGAACATGGTCTTTCATATCCATATCTTCACTGTCGGTCATTTTATGGTTTTGATGATCCATGTCAGGCATCTCAGTCTGGCTTCCTGCACTGTCTGACATGATATTGTCAGCAGCATAGGCCGGCAGGGACAAAGATATAGTTAAGGTTAGGATGGCAAATGCTAAAAGTTTATTTCGCATAAGCTGTTAGAATTTTGAGATATAGTCTGCCAGTGCAGCTATGTCATCATCAGACAGTCTTTTTGACTGGCTTTTCATAATGCTTTTCTTAGCGCCGCCGTATGTGTCGTCTTTATAGCCTTTAAGCTTGTTTGCAATTTCGGCTTTGGACTGACCTTTTATAATGGCAGAATCAACACCCAGAGGCGCTTTTGAGCCATCTGATCCGTGGCAGCCTTTACATTTTACATACTCTGAGCTGCCGTCCGAAGAAGCAGCTGCAAACATTGTAAGGGCGAGAACAAAAGTAAGAGCGAGAATTGATTTCTTCATAAAACACCTCAATAAAGTTAGATTACGTATAGTACAAGTATTCCCTTCAAATGGTTTACAGTCAATCGAACATTCAGTTAATATTTAAATAAATATACGATGCGAATACTAATGCTGCAGTGCATGCAGAACCGAATAGGTGATTTCCCTGCTTTTATCGCAAAGCCCTGCTTCTTTTAAGCTTTCTGCTAAGGCTTTAAATGCGGTCTCCATAACATTTTTATGCTTTATGTTCATAGGGACTGGTATGGATTCGTTCAGAGCGATCATACTCATAGCATCTTTGCATGCTGAGGCATCTGCGGAAGTCACTGACCTGCACATCAGAGGGCGCACAGGATAGATACTGCATCTGCCTGTATCATCAAGAAAAATACATTTCTTGTTTATGAAAATTCTCTCTTCTTCATCCATAAACTTGATCTGACCGAGATGTTTTTCCATTTCGATTTTTAAAGTGTTAATTTCACTCTTTGATTTTGTTTCGATAATGAATTCTTTCACGGCAATGGCTTCAGGGAGAAGAACAGGTATGTTTACACGGCAGCATACAGAGCACCCCGCTTTACACTCCATGTGCTCTTTTTCTGTTTCCGAAACCAGAGTACAGGCGGTTATTTCTGCTGTTTTAAAGATCTCTGCCATCATTAATGCCTGGTGGATATTCTTGTTAGGTTTGGATAAGTGCTCCGCCGCAATGTTTTTAACAGAGTTGTGCACACTCTTAATATTAGCACTGAACATACATCACCTTATTAAAGGTTAACAAGGATTAAAATATGATTCAACAGTATATTTGTGTTTAAAATATTAAGTATAGGTTAAGTCTATTCGTCCCCATGAAGGCTGCTGCTGCATTTTAATTGTCTGGGGATATGTATTTTGAATGTTGCGCCCTTGTCTTCCTCTGAAGATACCTCGAGGAAACCCTTATGTCCGTCCATAATACGTTTCACTATTGAAAGTCCGAGTCCTGTTCCGGAGAAGCTGTATTTCACATTAGAGGCCCTGTAAAAGCGTTCAGTAATACGGTTAAGTTCATTTGCCGGTATTCCTGCTCCGGTGTCCGTGAAGGCGAGTGCTTTGTGAGTTTCGTTTTCCGAATAGGTGATAGTGATTGAGCCTTCTGGTTTATTAAATTTGACAGCATTGGATATAAGGTTAGTCAGAACATGTCTGAAAGAT
CP179913.1_gap54	1841981	1845485	3504	GCGCATTCTGAGCACCACCGCACAGGCGACAAATGGTGCATATATCCGATGTATGATTTTGCACACGGACTGGAGGATTCGATAGAAGGAGTTACTCACTCTATCTGTACCCTTGAGTTTGAAGATCACAGACCGCTTTATGACTGGTTTCTTGAGCAGCTCGGCGTATTTCATCCGCAGCAGATAGAGTTTGCCAGACTGAACCTCACATATACTATGATGAGCAAGAGAAATCTGCTTACACTGGTAAACGAGGGGTACGTCAGCGGGTGGGATGACCCAAGAATGCCGACAATTGCCGGACTCCGCAGGCGCGGATATACTGCCCAGTCCATAAAGAACTTTTCCGAGATGATAGGAGTGTCCAAAGCAAATTCGATCGTCGAATACGCACAGCTGGAATATTGTGTCAGGGAAGACCTTAACAAAATTGCACAACGTGTTATGGTCGTGACTGATCCTCTGAAAGTGGTTATAACAAACTATCCGGAAGATAAAGAAGAGATGCTTGACGCTGAAAATAACCCTGAAAATGAATCTGACGGGAAAAGGGAGATCCCTTTCTGCCGTGATATATATATAGAGCGGGACGACTTTATGGAAAACCCGCCTAAGAAGTATTTCAGGCTGTCGCCAGGACAGGAGATGCGTCTTAAACATGCATATTATATCAAATGTGAAGAAGTGGTAAAAGATGATAACGGAGAGATAGTTGAGCTACGGTGTACATATGACCCCGCAAGCCGTGGCGGGTGGACAGATGATGGACGTCGTGTTAAAGGAACTGCTCACTGGGTGTCTGCAAGACATTATATAGAAGCAGAAGTGCGTCTGTATGATCACTTATTCACAATCCCAAATCCGGGACGCAGGAAGAAAGGTGAGGTTTTCACCGATAACGTAGACCCTGATTCTTTGAAAGTTATTACTGCATTTGCAGAACCCTCTCTGGCAGACGTTAAACCGTTGCAGAGCTACCAGTTTCTGCGCATAGGTTATTTTACAAGTGACAAGGACTCTGTATCAGGCAAACCGGTTTTTAACAGAACCGTAGGTCTGAAAGATACCTGGGCAAAGATGCAGGGCGCATCTTCTTAAGTGACAGGGTTGAAGTACTACAGTTCAAATGAAGTGGTGTTACTTGGTCTGGCTTTTTAGAAGACTTGTTGAAATTTTAAAGAAAAATAGCAAGATCCCCAGTTTTGATAACAAGATTGGGGATCTTTTACTCTAAGGTGATATTTTCATAGATAGGTCTCTATGACAGTGGATTATGTCACCACGAGGAACAGAGTAACGAAGCGATCTATTCCATAAATGGTTCGCAATGACTTTCACCGAAGTTGAGAAATCGTCCAGACAATGATGTTAATGGTGGAATCTATTCCGAAATTTGGTCAGAAAAGGTAACGGAATAGATTTATAGCGATTATCCCTGCAACGAGACAGGTTATAAGTCCGAATTTCCTTAAAGCGAATATAAGAACCACAGCAGAGGCGAGATATTCGGGAACTCCCCCTTCAATTATAGATGGGGCGATGATTGAAACAATGATTGCGATAGGCACACCTGCAAGAGCGGTCTTAAATCTGGGAGTCATTTCAAAGCGGCTTGCTATGTAAAAGCCTGACATACGTGTGACATATGTTGCTATGCACATGCCGAGGATAGTGAGAAAGCTAACTGCGGTCATAAGACAACCACCCCGCTAATCCTCCTGCAATACCACCTGCAAGAATGTACCATTTACCACCGACAAACTGATATGTAATCACGGCAAATATAAAGGCTGTCAGTATTATCGGTATATCTTTCCTGCCTCGGAAACTGCCTGCACCAATAGTCAGAAATACTGCTGTAAGAGTGAAATCTATGCCTATTGCTTCCGGCGAGGGTATTAGAGCGCCCATTGTCCTGCCTGCCATCGCCGCAGTTACCCAGAATATGTAATTAATGACCCCAGTTCCCAGAAGAAAGCCGATACGCGCAGTCCCCTTCCTGAACTCGCCCATAGAAAGTGCCCACCCCTCGTCAACCATAAAGAACATTGTAAAATAAGACAGCCATCTGTTTTCATTTAAGGCGTAAGGGTAGACAGATGCAGACATGAGCATGTGTCGTAAGTTTATTATAAATGTTGATAAAATGATCATATAAACAGGAAGAGGGTGCTGCCACAGGTCGAGTGCGAGTATCTGTGAAACACCGGCATAAACTATCAGACACGACAGTATTGTTTCCGGTGTGGTCAAAACATTTTGCGTGAGTATTCCGTAGACAACACCGTATGTACCAACCCCCACAGCCAGAGGCAACCCCATTATCATGCCTTTTCTGAATGATTCGAAATTTGTCATAGTGAAAGATTATAGCGGAAAAAGAAAAAAATATTGAATAAAATTGCTATTTTCTGATTATAGAACCGGGCGGTGTTCCGTATATCTTTTTGTATGCACGGGTGAAATGTGCCTGATCAGAAAATCCGCATCCTGCGGCTATGTCTGCAATGTTATTGTCTGTAGTCAGCAGTATTCTGCGGGCACGTTCGATCCGAAGCATGTTCAGATAAGCATGAGGTGTTAGCCCTACAGTTTTTCTGAAAGAGCGCAGGAAATGGTATTTGCTCATCCCTGCCTTATGTGCGAGTTCGTTAAGGTTATGTTTTTGCTGAGGTTCGTCAGTCATAGCTTCAACAGCTCGCTGTATCCCCGAAATATTATGATATACAGGTATGTCCGCAGCGTTCTCTTTATAAAATAGCAGTCCCATGATAGTTTCAAAGCTGTGCTCTTTCTCCATTTCTGTCTCAGAATCGACTGCGTCTCTGTAGGTTTTTATCAGTCTGTTTCTAAGAAAAGCATCATCTTTTTCTGTCTTGCTGAATATGAGCTTGTCCAGTCCGTTCTCTTCTGCGAATTTGTCTGCGGAGTTCTCGTCGAATAAAAGCACAATCTGCTGCCATCCTTCCTCTGTGAGACTTTCTCCTGAGTGAATTTCACATGGGTTCATTGTGACCAGATTTGCGCAATGGAGTGTGCATTCTGTTCTGCCGGCTCTGAAATGTTTTAATCCGTCCGTGAGAATCGCAACGGAATATGTTTCGTGATAGTGCTTCGGAAAGCTGTAATATCTCTGGTCTGTTAAGATAAGGTGAGCGTGGTGTTTGTTAAGGCTGTGTGTTGTTACCGGAGCCAATTTTCACCTCTTGCTGAGTGCAAGTGCCACTCCCAGCCCCATAAGAACTGTCCCTGCCAGTTTGTTGAGCAAGCCGGAGCTGTTATTTTTACTTTTAAGAACTTCGCCAATCTGCCCTGAAAAGAGAGCACAGGCGGAGAAAACAAAAAAAGTACATATGATGAAGACCACCCCCAGAAGAGCCATCTGTATTGATTCGTGCCCGTTTTGAGTGCGTATGAACTGTGGGAAGAGAGCTATGAAGAATATAGCAACTTTTGGATTCAGCATATTAGCTGTGACGCTCTGTATGAAAACGGTCTTAGGGG
CP179913.1_gap55	1853324	1855298	1974	GCATTTCATAGGGCTGTTCCCCTTTGCTGACATTCACAGCGCGCATATTTAGCAAAATACCGTCAGGGAACACTGTTGTTCTCGGTCTTGTATCCTCGTCAGTGAGGCTTTCTATTATCAGTTCGTCTATGTCCTGCTGGAAAAGCCATTTCTGGGTGCCGAGACTCTCTCTGTGTAAGTGTATCCAGTGAAACATGTATCCGCTGTCTTCTTCAGGGATAATGTCTTTCATGTCAACCCATCTGCCGTTTTCCGTAAGTATAAGGTTTTGAAGGATATGCTCACTCATTGCTCACCATCTTTTAAAGTTTATTCTATAGTATCATTGTATTTTTGGTGCCAGTCAATGCAACTTTCAAATTGTGTCAGCAGTCACAGTCACTATTGACTGCAAAGAATAGTAGTATTATCTTAATCATGTATGGCTTTCTATTATTTATTCAGGAGTCCTTATGCGCTTGATTGCCCTTGTATTTATCACTTTATTTGCATTCTCAGCTTTTGCAGATGATATGCCTGCTGTTGATTTGGATGGACTTTTGAAGGAGGTCAGAGCTCATGATGCTAAAACAATGGTGGTTTTTTGGGCTCCGTGGTGTCCTTTCTGTATTCGTGAGCTGAAAATACTGCGTAATAATCCTCAGTTTGCTACAAATAATAATCTTCAGATAATAGGACTCACTAAAAGAAACGACAGGCGTGCAGCGGTGAATTTTGTAAAAAAGCAGAAGATGCCTTTCAGGTTTTTTATAGCGGAGCAGGATGTTTATGACAAGCTCCAGCGGATAGACGCTGTACCGCTGACGGTTGTTTTCAGCAAAGAGGGGAAAGTGCTGGATTACGAGTACGGCAAGCAGGATATTGAGGATCTTGCCCTTATGCTGGAGGATTAGTCAAAACGTACAAATATGCATTTAAGATATGAGCCTTCATCGAAGCCGGCTGTGTGGTCTATGGCATGACCAGTTCGCTCAAGCTCGCTGAATTTTCTGCCGGAGGCTCTGCATACTTTCAGAACAATATTAAAGAATTCTTCGGCTGATACTCTGGCAGAACATGACGCCGCAGCAAGTATCCCGCCTTTTTCTATCAGGTTGACAGCTATTCTGTTAACTTTTTCATACGCTTTAAATGCGCCGTTAACATCGGATTGTTTTCTGGCAAATGATGGCGGATCTACTATTACCATCCCGAACTTTTCACCGTTTTTGCGTAGCTTTTCCATCTCTTCGAAAGCGTCACCGCAGATAAGCCTGTGTGGTGTCCGGAATCCGTTCAGACGGAAGTTGTCTCCGCAAGCTTCGAGTGCTGGTTTGGATATGTCAAGGCTTGCAACACTTTTTGCTCCTCCGGCTGCGGCGTAAAGGGAGAATCCACCTGTATAGGCAAATACATTTAGGACGTTAAGTCCTTTTGAAAGTTTTCCCGCTATTAGTCTATTATTACGCTGGTCGAGAAAGAAACCTGTTTTCTGACCTTCAGCCGGGTCGGTGTAAAACTGTATATTGTTTTCAGTGAATGTGATCGGCTGATTGATTTTTGTACCGAATATGACTGTGCCGTCAGCTATTTCTGAGAACTCTTTAACAGACCTGCTCATTCGGAGCACAATCCGCTCAGGGTGAACCAGAGAGATAAATATATTAGTCAGTTTGTCAAGGTGAGGCAGCCAGCATGTGGAGTCCAGCTTAATGACAAGTGTGTTTTCGTAAATGTCTGCCACTATCCCCGCCAGTTGATCGTTTTCACCGTTGACCAGCCTATAACCTGTTGTTGAACTATCATTTATCAGGGATGCTCTGCGGACTATACTTTCAGATATCTTTTCTGACAGCCACTCTTTGCTCAGGGTTATAGGTTTTCCTGAGTGGAGCACGCGAACCATGATTGGTGAGTGGATATCAAGGAGACCAATACCGGCGAATTTTCTTTTGTTGTCGTAGAGAACGGCTATATCACCGGAATTCCCCTGTC
CP179913.1_gap56	1926995	1931685	4690	TGCTGCACCATTTAAAAAATTTACCAAATATACCCCTGCAAAAGTTCTGGAAAAGATGGTACTAAAATTTGCCCAGTTTCCGGACAAAGTTATTGAAGATTTTTTTAAGAGGTGTAAAAGCCCTGTTATCCCCTTAATGGTTGAGGGGCAATTTTATATACTTATGCATCAGCTTAAGTTTCTTATGAACACAAATATTGAAGAAATAGAGTGGGATATGACTGGAGTCACTCTTCTTCACGGGGCAGAAGATGTAATCGTTGATATCGAAGCATCACGTGATATCCAGTGGGAGACTTCGTGCCTGCTTACTGAGCTGGACGGGGTGGGGCATTATATTCCGCCGGAGATACTTAAACAGCATAAGATATGAAAATACACATTAAGCGTTCGTTCGACGCATCATGCTCCACATATGACTCATCCTGTGACATACAGCGCATGGTCGCCGCCTGTCTTGCCGAAAAGCTTTCCTCCGGTCACAGTAATATTCTTGAAATAGGCACGGGGACAGGGGTTTATACTGACGAACTCCATAAGAAATATCCCGATGCCAGAACAACATGTGTTGATATTTCTCAACCCCTGCTTAAAGAGGCTATGGGGAAACATCCGGACAACTTATACATTTGTGCAGACGGGGAGCGTCTCCCCCTTAGTTGCGGGTTTGACCTCATCACCGGTTCGTCAACGCTCCAGTGGTTCTCGAATCCTGCGGAGAGTATTCCGGACATGCTGAAACTTCTTAAGCCAGGTGGTAGATTCGGTTTTTCTATTTTTGCAAAAGGCACTTTTACTGAGATGGCAATACTTAATAAAATGACAGGTTTCGGCTCAGTATACGATCTGCGTTCATGTGATGAATACATCGAAATAATGCAGGGGTATGATGTGGAGTTTGAAACGAAAGAATATGTGCTCTTTTATGATTCAGTTAAAGAATTTCTTCAAAAGCAGAAGGGTACCGGAGCGACATTTACAGGGGCAAAGAAATTTACTTCAAAGTCTTCATATCAGAAGTTCGTAGAGCTTTACCCTGAACTGTTCGGTGAAAAAGGCAAGATACCTGTGACTTACAATATTTTATATATGCACGGACGGATTAGATGATCATGCAGAATAAACCTAAGTAGGTTAGATGCGCAACATTTTTGTGGGGCATTGATGCCATTCCCTGTTGATGATACAAAGCTTTAGAAGATTATAAGGTGTATTACCCCCCTGATAGTAATGCCGAGCATTGCGCCAATTATTGCAGGTCTGGCTATTGATGCTGTTTTTGCCCCGGCTGTCATCAGTACGGCTATCCCCACCAGATCGAAAGGATTCATGATAAATCCTGCAATCCTGTTGAATTCAGGTACAGACAAGATGCCTTCTTTAAGCATATCAAATGTGATGCCCATCATTGCTGTACCCCCTGCGAGAAACTTTGTCACAATGGGCAGAACACTAGCTCCGGTTATTCCAAATACTCCGAGAATGGGGGAAAGTATATTTTCGAGCATGGTTATTGCATTGAAGTGTTTTAGAAAGCCTACAAAGCAGATGGCAAGTATCAGTAGCGGAATAGATTTGAAAACAATATTGAGGGCTTCCTGACTGCCTTTTATTACTGTATTTAGAGCATTTTCTGTATGGTTGGATGTCACTTGCAGTGTGTCAGTAAAAGATTCTTCCCCCAGTGTTCTGGCAAATATATAGTATGTGGCGGATGCAGATATAAGGCCACCTATTAGGGATGTTGCAAAGATTACAGGGAGGTTTAGCCCCACAGCCGCCATAGGGAATGTTACGTTTGCCTGAGACATCGTAAGAACCATAGAGAAGACAGTGGCTAATCGCCGCTTGTCTGTACCATCTGTCTCCATTATCGCAAATGTTGCCATGGGGGCAGCAAAGCTTACAAGCATTATCTGGAGGGCGGCAAATATCCCGATACCAGGGATCCCGAAAGGCTTTACGAGAGGTGCGAGCAGTTTGGCTGTGAATGCGAGAACTCCTTTTGCCTCCATCAGCTTCATAAAGCCCATCATAACAACCAGTATAGGCAGCAGGATGTATAGAGCGATGTCAACTCCTGTTTTACCGGAGGTCAGGATAATATTAATTATAGCTTCCATATGTGATTATTACACATATTAGAAACAAATTACAAAGCTATCTCCTGCCGCATACAGGGCAGTCAGGGTTTCTTTTGAGTTTTGGCGTTATGGTACGCATGGTGTTGAAGTCTATATGCATCATTTTCCCTTTCAGCGGTGTTCCGTGTTTCGTGATTATCTTTACAGCTTCGACAGCGGCGAGCGAGCCTATTGTCCCTGACACTGCGCCCAATACTCCAAAACCGAGCTCTTTCCAGTCTGGCACGTCTTCTGATACAAAACATCGCAGACATGCAGTTTCATGTGGGAATATGTTAAAATAATAACCGACCATATCGTCCATTGCTGCTTCTATCATCGGTACACCGAGCTTAACACATGCGTTGTTCATCGCCATACGTTCAGGAAAGTTTGGTCTTGCTGACACGGCAACATCGCACCCTTCGATAAATTTTTCTGCTTTATTTTCGTTCAGGCGTATATTGTGCATTTCAAGTTCTATGTCTGGGTTTATTTTAAGAATGTTTTCAACCGCGATATCTATTCTGGGCTCGCCAATACGGTTGACATCCATCAGGTGCTGACGATTCATATTGCTCTCAGTGAGGTTTCCGTAGTGAGATATCACCATTCTGCCTATACCTGCTGATGCGAGATATGCAGCTGTTGCACCACCCAGACCGCCTATCCCCCCTATAAAAACAGAAGAGTTTTTTAATATATCCTGTTTTTCTCTACCGAAGTCCTTTAGCATTATCTGACGTTTATATCTTTCGTAGTAATCATGCATTTTCCGCTCCATGTAAATAATAATATTGATATTCTAGAACTATCTCCGGAAATTGCAAGATTTGCATATGGAATATATGTATTGTTTTCCTCTATGATGTTTGACTGTCGCTGACTATGTTTGTCAATGAATTGTAACATTGAAAAAGGGGTACCCTGCGGCACCCCTTAAAGAAGGTTGAAATGTATAAACCTATTTTTAGTGGTCTGAAGCGGAATCTGCTCCAACACCAAGGTAAGTACGTATTTTTTGCTCCTCGAATTTTTCCTGAGCTTCAAGATCCGGAACCATTATAGAACCTATCCATGAACCGATGAAAGCGAGAGGCAGTGAAACTACTGTAGGAAATTTATAAGGAAAGAGTGCTGTTTCGTTGCCGAGCAGCTCAACCCATACTGTCGGGCTGATAATGATGAGTACCATTGCGGAAAGCCCACCGAAGAGGATACCCATAACAGCGCCCGTCGTGCTGAACTTCTTCCATACTATAGAGAGGAACAGCGCAGGGAAGTTTGAGCTCGCTGCAATGGAGAATGCCAGAGCGACAAGAAAAGCAACGTTCTGTCCTTTGAAAAGTATCCCGAGCCCCACAGCAACAACACCGTAGATTATTGTGGCAACTCTTGCTGCTTTCAGTTTTTCACTGTCGTCAGCCTGTCCTTTTTTAAACGTGCTGATGTAAAGGTCGTTAGCAAGGGCAGCAGAAGCAGCCAGCGCAAGACCGGCAACAACCGCAAGGATAGTTGCAAAGGCAACGGCTGAGATGAACCCGAGGAAAGGTGTTCCACCTACGAGCTGCGCCAGCATAGGGGCAGCCATATTACCGCCGGAACCAACAGCCATTATTGCCTCTTTACCCATAAGGACAACTGCTGCGAAGCCGACTATAGGAATTATCAGATAAAAGTATCCGATGAAAGTTGTAGCATAAACAACGGATTTTCTCGCCTCTTTAGCATCCGGCACTGTGAAGAAACGCATGAGGATGTGCGGAAGTCCCAGAAGTCCGAGCATGAGAGCAAGACCAAGTGAAACCGCTTCCACAGGGCTTTTTACCAAACCGCCGGGGCGGAACATCTCTGCACCTATCTGTGTTTCAACTGCACCGTACAGGTTGCTGGGGCTGAAACCGAATTTAGAAAGAGCAAGGATCGCAAGCACTGTTACACCGAAGAGAAGGAGACATGCCTTGATGATCTGTACCCATGTTGTGGCAAGCATACCGCCGAAGATAACGTACATGAGCATAACTGTACCAACTATGATTTCAGCCATAGTATAAGGGATACCGAACATAAGCTCTATGAGTTTACCTGAGCCGACCATTTGGGCTACTGTATAGGATATGACAACCATTAAACCTGTTATAGCAGAAGCTGTTCTGATAGGTCCCTGCTTGAGGCGTGATGCCACAACGTCGGCAAAACTGTATTTACCGAGGTTACGAAGGGGTTCTGCTATAAGGAACATAAGCGCAGGCCATCCGACAAGCCAGCCCACAGCGTATATCATACCGTCAAATCCTTGAAGAGCCACCATACCTGAGATCCCGAGGAAGGATGCGGCAGACATATAGTCACCTGCAAGTGCAAGACCGTTCTGAAAGCCGGAGATTCCGCCTCCGCCAGTGTAATAGCTGCCTGCGGACTGCTGCTGTTTTCTGGATACAAACCATGTCACTGCAAAAGTGAGCATTACCACGAGTACGAAGCAGCCTATTGCGACTGCATTTGGTTCGCCAAAATTAAACTTCATTGGTCAGCCCTCCTTACAGCATCTTCTTAAGTTCTTCGAC
CP179913.1_gap57	1973606	1974966	1360	CAATCTGTCAAGTGACATGTCTGCGATATAAACCCTTGCTCCCAGTCCGCATGCTATTTTGGCTGCATTGATGCCTACCACACCGCCTCCCAGTACAACGACAGTTCCAGGTTCCACACCGGGGACACCGCCGAGAAGCTTCCCTTTGCCTCCGAAAGACATTTCCAGATATTTTGCTCCCTCCTGAGCAGCCATCCTGCCTGCAACCTCACTCATTGGTGTCAAAAGCGGGAGCGAGCCGTTACTGCTCTGTATTGTTTCATAAGCTATGCAGACTGCATTACTTTTTATGAGAGCCTCTGTGAGCATTTTGTCCGCAGCGAGGTGCAGGTATGTGAATATTATCTGGTCTGGTCGGATCATTCCGTACTCTTCGGGCTGGGGCTCTTTGACATGCAAAACCATATCGGCTTTGTTATAGACTGCTTCTGCATCTGGCATAACGCCAACCCCTGCGTTAACATATGCTTCGTTGGTGAATCCGCTGTTAACACCTGCTGTTGACTCCACTACGACACTATGCCCTGCCTGCACTAGTATTTCTGCTCCTGCGGGTGTCATAGAAACTCTATTTTCATCTTTTTTAATCTCTTTTAGGATACCGACTATCATAAGAACTCCTTATCTGAAGGGATGGGGTGAGTTTAGTTTGTATATCTCTCAAACGGAACATTGTGTCTGGCTGCCGCTATAACTCCGCCCTTTAGGTCTATAGCTTGGGAGAAACCAGCCTGTCTGAGAAATTTGACCACTCTGGCAGTTCTGTTGCCGGAATTACATATTATCCCGAAAGGTTCCTGCGGATTTACAATTTTCTTAAGTTTCCTCACGAATTTTTCTGCATCATACTGCCCTTTCTCATTATAAAAAGTCATTATATAAGAACCTTTTACTATTCCTGTCCGTTTCCATTCCCTTTTGGTTCGTATGTCTATGATTTTTATGCCTGTTTTATAAAGTGCTGTTGATAGCTCCTGATCTCTGCTTTTTGGGCTTTGCATAAATGCGTTGCTGGTGGCTGCTATGGATAATATTAAAAGCAGGATAATAAGTTTTGGTTTCATAATTTTGCTCCGGATTTAACATGAATATTCATCGTTTATGTTGCTGAATAATATATATATGATATCGTTAATATTATATCATTTTAAGTATTTTGCGAGGTAATCTTGTTCAAGAATCTGGATTTTCTACAAACAGGTAATGTCAGAGTTCTGGTTATCGATGGTTCACAGAGTGAGCTTAAAAAGATGTCTGATATCCTCAGTGCCAACGGCTATGAGCCCTCTACTTCATGCAGTGGAGAGAGAGGCATCATGACAGCCAGACAGATTCTGCCGGATATAATACTGCTGGAAGC
CP179913.1_gap58	2117929	2119161	1232	AACAACATGGTAGTTTGTTACTATGGTACCGTCCTCTTTTATCACAACACCGGAGCCCAGTGATTGTGTTTTGTATGTTCTGTTGAAACCGAAAAAATCGTTTAAGAAGTTATCTGTAAGGGCATTATCGCCAAAGAACGGGCTTTGCTTTTTTATAAGTTTTTCCGTTCTGATATTTACCACCGACTCATCAATTTTCTGTATAGCCTGAACAACAGGGGTCATCCGGTGGCTTGTCTGGCTGACTGTCTGCTCTGCAGGGGCTGTTTGGGGGATAGCCGTGGCTTTTTCCTGTTTCTCTTTCCGGTCTGCCGGATTCGCACATGCGGCGGTTAGTATTATTATAGTGATGGCTAATGTTGTTAGTATTCTGTTCATATTTATATCCCGAAAAAATTAATGTAATAAATATATTTGAAACAATGCATTTATTCAACTATTGTATTCAGATGTCAATGGATAAGTATTTCAGCAAAGTTGGTTCACTCTCTGATATTCTCCCAAGATACAGACAGAGAGACGCTCAGCTAGACGCTGCCAATTTTATTTTTGATTCCATGAAAACCTATCAGCCGGCGGTTGTAGAGGCGCCTACAGGTTCAGGTAAAACCTTTGCCTATCTTATACCTGCTTTTGAGCTGGGCAGGCGAACCATTATTTCTACAAAAACAAAACAGCTTATGTCCCAGATTGCAGGGAAAGATATAGAGGCGGTAAACCGCATATTCGGTGATGACAGGTTTGTGGCTGTTTTAAAGGGGCGTAGAAACTATTTCTGTCACCTACGTTTTTTCCGGTTTGTCTATCCTAATCAGGGGCGTTTCGAGCGGGTGGTGGAATGGTACGGGTCTGTTGTTGATCAGGAGATAATAGATGTGCCTATAGGTGTGTTTTCGCCGCACGAAATAGAGCACATTTCAACTGATTCATGGCAGTGTACAGCTTCTAAATGCGAATTTTATGATATCTGCTCTTTCTACCGGGCAAAAGAGCAGGCAAACAGTGCAGATATTGTAATCACAAACCACTACCTGCTTATGAGTGACTTTGCTCTGAAATCTGAAAATGAACATGCATCCATTTTTGATTTTGCAGATCATATTATAATGGATGAGGCTCATTCTATCCCTGATATCTTCCCTCGCTTTGCAGGAACAGAGCTTTCACTGCGGAGTTTTCTCAAACTTATGAACGAAAACAGACAGGCGTTCGACCCCCGTGAGATAGAGCTT
CP179913.1_gap59	2121084	2121952	868	TTTCAAAGAGGGACCAGAAGATAAAGTGGTGACCTTTATAGAAGTTGAAAAGCATGAAAAAGATAAAAAGATTATGGCAGAATATGACGACTACGGTTATCTGGAAGGGCACAGTCTGGGCGAGCTCTGTAATATTGAGCTGCTCACAACTGAGGCAGCTCTCAAAAATACCGGCAAGCCGTCTGTAAAGATATCTGTTGATTCGCTGGACGAATATACTCTCGGCTCTCTTTTTATGCTGTGGCAGTATGTTGTGCCTGTTATAGGACTTGCCTGTGATATAGACCCTTTTGACCAGCCTGGTGTTGAAGAAGGGAAGAATTACGCCTATGGGCTTCTTGGAAAGTCAGGCTATGAAGATATGAAACAGAAATTTGAGGAGATATTTACAAAAAGAGATGACTTTATCGTTTGAGAAAAAACTCTCGTCCAAGCTGGGCGATTTTGTTGGCAGACGTTTACTCGTGGCATTCTCAGGCGGGAAGGACTCTGTGGCTCTTCTGCATTTTCTTAAGAGGAATGAAGGTATTCAGGGCTATAGTGTTTCGGCATGTCATATAAATCATCTTTTCAGAAAGACATCCCTATGGGACGAAAAGTTCTGCGCTGATTTTTGTGAGAAGTTATCTATCCCATTTATATCATACCGTGCGGATGTGCCAAGGTACTGCGAAGTGAAAAAGATGAGCTTTGAGCATGGTGCGCGCATAGTCAGGTATAGGGCCTTGTACAATGCGATGAAGCATTTTGACGCTGAACTGCTGCTTACTGCTCATACTAAAAATGATGTTGTCGAAACTTTTTTTATCCATGCGGTGCAGGGGGCTTCTGTTTTCTCCCTAAAGGGCATCACAGAGCGGGATAGAGA
CP179913.1_gap60	2304183	2308028	3845	CTCCCTCGTTAAGGTGGCTTTCTATACTTGCAGTGAGAACACCGGCAGCTATGGAAACAATAAGTTTATCTGCAACAAGGTCTTTAATCTCGTCAAGAATTTCCGGAATAACCTGAGGCTTAACAGCAAATATTATCACATCTGCATATTCAACGACTTTCTTACTATCTTTCGTTATAGCTTCCACACCGTACTGCGTGCGGAACATCTCCAGCCTGTTTGTGTTCAGGTCACTCACAGCAACATCCAGCGGTCCGGCAGAACTCAGCATCCCTTTAAGTAACGCTTCTGCCATATTACCGCCGCCAATGAAACCGATTTTGTTTTTACTTAACATCATTTGCTCCTCTTTCATTCAGCCACTCAGCTATTGTAGTAAACATTTCTTCTCTGTAAACATTTTTTTCAGACACAAGTATATGGTTTTTCATCTTTTTATTGGGGAAAATAATAAGTTTTTTGTCTTCGGCAGGAGCATTTTCAAAGAACTCTTTGGTTGCTTTTCCACTGACTACAGCATCGTTCATGAACTGAAACCCGAGCATTGGAAAATCCATCTTTTCCATATGGGTACTGATATATTTTGTATACATAAGAAGCTGATAGATCCCTTCAACAGGCCACTTGTCATAGTATATATGTCTTAATTCTTTCTTCCAGTCACCCGCTTCAACCTTTGGGATTATTTTGACAAAATGTCTGAGAAACGGGCTGAGGTTAACAGCGGAATTTTTCATTTTTATGCATGGCGACAGGAGTATAGTTCCGTCAGTATCGTTATATGCAGCAACACTCAGAGCTACCAGTCCGCCCATTGATTCACCAAGAATATAAACTTTTTTACAGTTTCTTCTTAATATAAAATATCCGTATCTTGCAGATTCGTACCAGTCCTCATATGTGGTGAGGTTCAGGTTTGCCGGTTCTGAACCATGCCCAGCAACACGAACCTGATAAGTTGAAAAACCGGCTTTCTGAAGATAATCAGCTAAAGGCTGCATCTCCAGAGGCGACCCTGTAAAGCCATGAACAATGAGTACACCTACATCTCCGCCTTTATAAAACTGTGGGTAGTTTTCGGGCAGCCGGACATCCTCCGATTCTGCTTTTTTAAAATCAAGGTCGGAAAGTTCTCCGTCATCAACTTCGCTCAGGTCAATAAAAGGCATAAGTTCATATTGTGGTCTTCCGGAAAACATGTAAATCACCGTAAATATAATTAGTATTATCAGCCACGCATACTTTCTCATAAAATATTAAAGGATTTTCCCTTTCATACCATCATAAAGCACGTCATAGAGCTCTTTTTTGTTGCTGTCATATCTGGACGTAAAGTGGAAAAAACGGGCAAAATCTGCACCACTTTCTCTGAAAATATACTTTGAAAGCTCCAGAGTCAGATGTTTTTTGTAATTTGCATGGAGGACATCTTTCTTTAAAAACATCCCCTCTATCAGCAGGATTGTGGATTTATCCGCGAATCTTATCGCCTTGGTGACATTATCAAAATATGGCGCAATATCAGTAATATACGTAACTGACTGAGGCTTAATTCCTTCTATAATCTGGTCACGCACTTCACCAACGCTCCTGATAACTCTCCCGCTGCTCGTGTTTGTTTCTATGTTCTCATTCAGCTTGCCCGCAAGAACTTTCTCTTTCAGCTCTGCAAGCCATTTGCCTGAAATATACCCGTGCTCTGCAACTTTCTCTTTTGACACAGCAACCATATCCGGCTCTGTAACACGATAACCTACAGAGGGCACTCTGTGGTCAAAGAATTCGAAATCAAGCTTAAAACCACCGTTTAGAACCATGTCAGAGTGCTTAAGGATACTGTCCTCTCTCTCGAAACCGTTCGCAGCAGAGAAAAACGCTGTCTTATACTCTTCTTTGTCCAAATTCAGCTCTATAACTTCATAGCTGACAGGATAGCTCTTAATGAGATTCCAGGTATAGGAATCAATCTTCCCCTGAACATTTTTAATAATCCCAGGCGGTCCGAACACACGGAACTTTTTCCCTGAAAGCAACGTCCCACGAAGTATACGGTCAAATCCATAAAAATGGTCTATATGGGTATGACTGATGAGTATCTCGGATATAGACAGAACTTCGCTATTGGAGAGCCCGCCTATACGCCCGCAGTCGAAAAGAAGTCCGTCCGGCTTATACACGTTCCTAAGGAAGAACGCTGTGTCCTCGAACGGCGAATTCACCTGTTTTATTTCAAAATTATGCTTTATCAATTAAATATCCGATTATTGCTTTTACGTTATCTTCTGGTTCTCCGGTTGTTTCCACTTCAAAGTCTGAGCCGATATCTTCCGCCGAAGCTTTCTGTGCTTCGTATATTTCAGGTCTGCCATCGGATGCTGTAACTGCTTCAAGACGTTTTTGAAGTCTGTCCATAACAACATCTTCCGGAGCGTGAAAGCGTACCTTAGTGAATTTTCCGGTATATTTACTACAAAGTTGATCAATATAACAAATTTTAGTAAAACTGCCGTCAATAAGAGTCATACGTCCCAGAGCTTTATTGCTCTCAACCATATCACCCATATACTCATAAAGCTTTGCAGAGTTTTCAGCAGAATAAAGTTCTGCGCCGAAATCAACATGAACTTTAGCATCTGGGTCTATCCCGTGCATAAGCTTACGGACAACATCTGTATTCACATGCTCAACAGGGTAAGCCTCTGCAAAAGTTCTGGCGTTTTTAGTCTTTCCACTTGCCATAAGCCCATAGAAAATAACAGCTTTTGTCTCAAACATGTTCAGACTGTATATCACAGCCATCTCCATGTATTTAGCTATTTCAGCTCTTTTATCTTCGTAAAATTCAAAACTTTCATCTTTATCCGCAAGGAGGAAACATGCAACCTTTGCACGCACCATAGCCCGGTATGCTTTATAGAAATTGATGAGGTTTGCGCTCCCTTCATCGTCATAAACGCTTAAAAATCCGTCCATAAGACCGTCAGCAAATGCAGTATCCCCCATCTGGTCAGACTCGGTACAGAGAAATCCCATCTCAGACATAACATCGTTGAATCGGAATCTTTTGTTGAATTCAATGCAGTCTATCAGTCCGAATGTATCCCCTTCCATATAGATATGTTCCAGCCGGAGGTCACCATGACCGTCAACAACAAAGCCGTCTTTAACACGTTTATTAAGAAGATCCATATTAGAGTCAAGAAATTTAACCGTCTGCTTCTGCACAAACTCAAGAGCCTCTTCGGTTATAAAACGCCCGCAGAAAGGTCTTATCTGGTCGAAGTTCTCTATGCAGTTCTGACGGACAATATCCGCACCGCCATTAAGTTCCGCAGCTTCCGGGTCTGTCACGATCCCTTTAAAAAGCTCTGCTATCTTTCTGCCTATCTCCGCTGCGTCTGATGCATCAACCTCCCCCTCCTTTATCTTATGAGCGAGAAATGACTCTTCGGGGATTCGTTTCATCTTAACACAATAGTCAAGAGTTATCAGACTGCTGTCAAAGGGTACGAGCTCAAAAGTTTTTTCTTTACGTGCGATCTTCAGCACATCAAGATATATCCCTTTACAGAACCTCTCATTCAGCTCTTTTTCCACAATACACATAACTTTGCGTTTCTTTTTGGAGGAAAAATCGAGAAATCCGAAATCAACGTTCTTTTTCACTTTATATACAAAATCATCTTTTATAAAAACCTGAGAGATGTGTGTCTCTATAATTTTATCAGGCTTCAAAATTTCTTTCATAACAGTAACTACCGGTGTCTCTATGACTTCCATATCAGCACTCCCTATATGACTTAAGCAATTCTATTTCTTTTTTATAATTTTCTTCAACAGGTGTT
CP179913.1_gap61	2421114	2422896	1782	CTTTCAAAAATATTCGAGCGCTACAGGCTTGGAAGCAACAGATCTACTGAATACAAAGGCACAGGGCTGGGACTTGCTATATGCAAAAAAATAATAGAAAGACACGGAGGAGAGATATGGGCAGAAAGCTCCAAAGGGGAAGGAACCCGATTCTACTTTACTCTGCGCTATGCCTGATATTTTTATCCGGCGGGTGCGCACTGCTTCCGGACAAATCAGACAAAATATTCAGAACCTACATGAACAGAGGAAATTACAAACAGGCATATGCTACCCTCGAACAATCTCATAAACAGCAGGAGGACAAACGGATGTTCGGATATATCCTTTTGTTTGCAGACCCCCAAAGCCCGTACTTCAGCAAAGAGAAAGCAATCTTTACCTCAGACAGGCTTTTAGAAAAATATCCCGAAAGTGCTTTTGCCGTATATGCTGAAAAGATAAAAAGGCTTGTGGAACGCATAATATGCTCTGAAATGCTGAATGCAGAACTAAGTGAAAAGCTGGAAGAATCTGCGGATATGCTTAAAAATCAGAATGAAATACGTGAATATATGGAAACCCACGAAGAGCTGAACAAAAAACTAATTGCAGAGAATAAAGAACTTTATAGAAAAAACAGACTCCTTAATAAAGAAAACAATGAAATCAAAAGACAGCTTGAAATGATGAAAGAAGTCGATCTCAACGCTGATGATAACATAATTAGGTAACCTAAATGACAAAAGTCTTATTAGTAGATGACGACAACAGCCTTCTGGAAATTTTGCGGCTCAGGTTTCAAAGTTGCGGATACACCCCGTTTGCAGCAGACAACAGCCAAAAAGCTGTTTCACTGATAAAGAGTGATGTTTTTGATGCGGCAGTTTTCGACATGAGGCTTGACGACGGCAAAACCGGACTGGAGCTTCTGCGGGAGATAAAAGAGATCGACAGCGAACTGCCCGTAATATTTCTAACCGCCTACGGAACCATAGACGACGCTGTACAGAGCATGAAAGAAGGCGCATTCAGCTATCTGACAAAACCGTTCGACTATAAAGAACTTATTGCTAAGGTTGAAAAAGCAGTTCAGCAGTGCAGTTTCTCAAGACAGCTACTCCGCATTAACGCAGAAGAGAGCGACTCCCCTATTTCTAAAACTATCATAGGCAAATCTTCGAAAACGAAAATGATCAGAGAAAGAATAGCTATCGCCGCAAAAAGTGACGCAAATGTTTTTATTTACGGAGAGAGCGGCACAGGGAAAGAGCTGGTGGCAAGGATGCTGCATCAGTCAAGCCTTCGCAGTGACAAACCATTCGTAGCGTTTAACTCCTCTGCCATACCTGAAACACTTATGGAAAGTGAACTATTCGGTTACGAGAAGGGTGCATTCACAGGAGCGGATAAAAAGAAAAAAGGATTCTTTGAACAGGCACAGGGCGGAACAGTCTTCATAGACGAAATATCTGAAATGCCTGTTTCCATGCAGACCAAACTTCTGCGGGTTCTTGAAAACAGAGAAGTATCGCCACTTGGCAGTGAAAAGACTATCAAGCTTGATATCAGGCTTGTCACAGCGTCAAACAAAAACCTGAAAGACAAGATAGAGAATGACGAGTTCCGGGCAGACCTGTTTTACCGTATACATGTTATAGAGATAGAGGTTCCCGCCCTCCGAGACAGAAGGGAAGATATCCCTTTGCTCTGCGGTCACTTTCTTAAAAAATACACTGACAGATACTCTCTCGGCACAAAATCCTTTTCCGGAGATGCCATAGATAAAATGGTAAACTATGA
CP179913.1_gap62	2426889	2431785	4896	AGCATATGTAAAATACGTCACTGCGAAGCCCGCAGGACTGTGGCAGTCTCCGGGCTCGTTAGTTAATCCTGAGATTGCTTCGTCGTGACATTCCTCACAATGACTTATAAGCTCTATAGCTGTGATTAGCTCATTCATACAAGCATAAATGCGTGGTGTTCTGTCTTCGGCCGCATAAACACCAACCTCGACTTCCAGCGGACAGAGTTGTTAAAATTATGTCTGATACCGGCCGACATCCTCTGAACATTTCTCAAACATAAACATATAATAAACTGAGAGTTTTACGGATTGTTTCAGGTTTTATCAAACTCTGACATCGATTTGACAAGTATTTTACAAAAATAGAGTAAACCTTTTTTAGCGGACAAGAAATCAAAACCCTTTCAGGAGGATATGTAAATGAAAAAGTTTCTCACACTCGCACTTGTTGCTGCTTTCATGACAATGTCAACAGTAGCAGCTCACGCAAGAGACCAGATCCGGATCGTAGGTTCCAGTACAGTTTACCCTTTTGCCTCTTATGTAGCTGAAGAATTTGGAGCTACAACAGGCAACCCTACCCCAATCATCGAATCAACAGGTTCAGGCGGTGGTCATAAACTCTTCTCAGCAGGAGTAGACATGAACACACCCGACATAACAAACTCTTCAAGAAGAATGAAAACTTCTGAATTCGACAAAAACATGGCTGCAGGCGTTAAGAACATCACAGAAATCGTTATCGGTTATGATGGTATCGCTATTGCATTCAACAAAACCAACCCCGACATCAACTTTACAAGAAAAGACCTTACACTTGCTGTTGCTGCTGAGGTTCCTGTTAACGGCAAGCTGGTAGCAAACCCATACAAAAAATGGAATGAAATAAACCCTGCTCTCCCTGCTAAACCAATTCTTGTTTACGGCCCCCCTACATCATCCGGGACAAGAGACGCTTTCGAAGAGCTGGTTATGGAAAAAGTTACAAAGAAAATGGCTGAATATGGTAACAAAGGTTACGGCAAAATCCGTCAGGACGGGATATATGTCCCCGCAGGTGAAAACGACAACCTTATTGTTCAGAAACTCTCTAAAGATAAAGACGCTTTCGGGATCTTCGGTTACTCTTTCCTTGAAGAAAACGCAGACAGAATCAAAGGTGCTTCCGTTGACGGTGTAGACCCTGTTCCTGCGAACATCTCCAGCGGTAAATACCCGGTTTCCAGATCTCTTTTCTTCTACGTAAAACTTGCTCACCTCGACAAAGTTCCGGGTCTTGAAAAATTCGTAGATATGTTCCTCTCAGAGCAGATGATAGGCACAAACGGTCTCCTTAAGACTATAGGTCTTATCCCGCTCCCTGATGCAGACAGAGACGCTGTGAGAGCCAGATGGTCAAAACGCCAGAACCTCACAAAAGCTGACCTTGCACATTAATTGACACACTAACAACCTGCCGACCTGTATTCAATACAGGTCGGTTTTTCCTTATCAACCGGAGTGTTAAATGCTTAAAGTTCTTTTATATTTTGTGATCGGTGTTCTGCCTTTATGCTATATGGCATTTTATCTAGGCAGAAAAAAAGCACGAACAGGTGAAATGAAAATCGGTCAAAGATTTCACTCCAGACCAGGTCATTACGGCTGGTATACTGTTATATGGATGGCACTTCCATCTATGGCGGTATCTCTCCTTTTCAGCATCCTCGGCTCATCACGCATATTTGCTGTGCCAGTTAGTATGCACATTGTTACGATACTTCTTATCGCTGCCGGCGGTCTGTGGTTTGCTCTGCGTACCATAGAGGAAAACCTCCGTGCACGAAACTTTATAGAGAATACAATCAAGCTTTTCCTCATACTGGCATCGCTTGTTTCAATAATAACAACAATAGGTATAGTCATATCTATCCTGTTTGAGTCGATGAAATTTTTCTCACATGTAAACTTCTTCGACTTCATCACCGGTACTAAATGGAGCCCTGACACTGCATTCCTTGAGGGAGCAGGCAGAGACGGCGCTTCCGCTGCTAAACCGGAGTTCGGCTCTGTGCCCATCTTTGCCGGTACTTTCATGATAACATTCATAGCTTTGTCTGTGGCTGTTCCGGTCGGGCTTCTCTCAGCTATATATATGAGTGAGTACGCCACCCCTAAAGTCAGGGGCACAGCAAAGCCTATCCTTGAGATACTTGCAGGTATTCCCACAGTTGTTTACGGTTTCTTTGCTGCAATAACCGTCAGCCCGCTGGTTGTAAAATCAGCCGAAGCGCTCGGTCTGAATGCTGACTACACCAACGCACTCACACCTGGGCTAGTAATGGGGATTATGATAATACCTTTTGTCTCCTCTCTTTCTGACGACGTGATAAACGCTATCCCGCAGAACCTTCGTGAAGGCTCACTTGCACTGGGAACAACAAGGTCGGAGACGATGAAACACGTCATGCTTCCAGCAGCGCTGCCCGGGATAATTTCCGCTGTTCTGCTGGCTCTTTCCAGAGCAATAGGCGAAACAATGATTGTTGTGATGGCGGCTGGGCTTCGTCCAAACCTGACATGGAACCCTCTGGAGGGTATGACAACAGTTACAGTACGGATAGTTGATGCGCTTACCGGAGATCAGGCTTTTGACAGTCTTGAGACTCTTTCGGCATTCGGGCTTGGCTTTGTTCTGCTGATAGTGACACTCTTCCTTAATATAATTTCGAGTGTGATCATCAGAAAATTCCGCAAACAATACGATTAATTAACGGTGTGAATAAACATGGATAAAGAAAAAAGAAGACTAAGACTCATTAAACGAAGATACAGACAGGAAAAGCTTTTCCGCTTTTTGGCTATGTTTGCCATAATACTTGCAACATCGTTCCTCGTCTTCTTTCTGGCTGACATAACGAGAACAGGCTACTCAGCTTTTCAGCAGACAGAAATACAAGTTGATGTGACATATAACGCTGAAACAAGCAAATTCACACATCTCGCTGTTCCCAAAGATTATCAAAGACTCATAAGCCGCGGCTTTCTAAGGCTTATTCCGTTGGAGATCAAGGCTAATCCGGAGCTTATGAACACAACTGTCAAACGCTGGATAATAGCAACAGCGGAAGTTGACCAGTATATGAAAGATAAGGTAAACAGACTAAAACCTGACCAGAAAGCATTTGTGGAAAGCCTGAAAGCTAATGGAGATGTCAGGATGTCCTTCAACACAGGCTTCTTCACTAACGGGGACTCTAAGCTTCCTGAGATAGCGGGTATATTTTCTGCTGTGATAGGGTCTGTCTATGTTCTGCTGCTTACCATGCTCTTCTCTGTTCCTGTGGGAGTCATGACAGCTATCTATCTTGAGGAATTCGCACCAGACAACTGGTTCACCAGAACTATAGAGGTTAACATCAATAACCTTGCAGCCATTCCGTCTATTATTTTTGGTTTACTTGGTCTGGCTATTTTTATAAACTTTTTTGGAGTACCCAGATCTTCTGCACTTGCAGGGGGTCTTACTCTCGCACTTATGACACTGCCTGTGATAATCATAAGCACAAGAGCCGCTCTCCGCTCTGTTCCCGACAACATCCGTCAGGGTGCACAGGGGGTGGGTGCTTCCGGCTGGCAGGTAGTCTGGCACCATGTGCTTCCGCTCTCTCTGCCCGGCATACTGACAGGCTCTATCATCGGGCTTGCACAGGCGATGGGCGAGACAGCACCGCTTCTGATAATAGGTATGCTCGCATACATTCCGGAAGCTCCGGGCGGTATAACAGAAGCTGCGACAGTTCTTCCGGCGCAGATTTATACATGGTCAGGAACATCACTGCGGGCGTATACTGAAAGAACAGCTCTCGGCATTATGGTTCTGCTGTCAGTGCTTCTGGTGCTTAACGCATGTGCTGTGTGGATAAGAAATCGATTTGAGCGTAAATGGTAATGAAAAGAATATTCAGCCTCTATGGAGTAGAGATATAATGGAAAAAAACATTAAGATGAAATCTGAAAACCTGAACTTCTACTACGGGAGCTTTCATGCCTTGAAGGACATAAACCTTGTCTTCCCTGAAAAGCATGTGACAGCCCTCATCGGCCCTTCCGGCTGCGGTAAGTCAACTTACCTGAGGTCTTTTAACAGGATGAACGACTTGATAAAAGACATCAGAGTAGAAGGAGGAATTTATCTTGATCAGCAGGAGATCCATGACCCGAAGCTGGATGTCGTTGAGCTGAGAAGAAGGGTCGGTATGGTTTTCCAGAAGCCCAACCCCTTTCCGAAGACAATATATGAAAACATAGCCTATGCACCCAGGATACACGGTCTAGTTTCCAAAGGAAGCGAGATGGATGATCTGGTTGAAGGTTCTCTCATAAAAGCTGGACTTTGGGAAGAGGTTAAAGACAGGCTCAAGTCTCAGGCGACAGCTCTTTCCGGCGGACAGCAGCAGAGACTCTGCATAGCAAGGGCACTCGCTATGGAGCCGGAAGTTCTGCTTATGGATGAGCCGGCATCAGCCCTTGACCCCATAGCAACACAAAAGATAGAGGAACTCATTTACGAGCTTAAAGAGAGGCTCACTGTTATAATAGTTACGCATAATATGCAGCAGGCTGCCAGAGTGTCAGATTTTACAGCTTTCTTTTATATGGGGGAGCTCATAGAAGTTGGCGACACAAGTACTATTTTTACAAACCCCACTGTCAAAAAGACAGAAGATTATATTACCGGACGTTTCGGTTAAAATACCTACAGGTGGCGGCTGTTATGCCGCCTTTTTTTCTCTACAAACATTTAAAAACAATCTTACAAATATCTGACATCACGCACATATCATCTGTATAAAATAATATTCCAGTGTGCGGTGGTAAATGAATATCAAAGATATGCAGATCAAGACCAAAGCCCTTATACTTTTTATAACA
CP179913.1_gap63	2438552	2442311	3759	GCTGAGGATGATATTATATTTGTTCATGAGGATCTTGTCAGCCTGATAGAGTCTGTCAAAGGACGTATCGCCACTGTTAAAGATTACTATCTATTATGCGAAACTGAAAAAATACCTGAAACAAACCTCGGGTTCGCCGGAGAGTATGAATCTCTTATCGCAGACAAACCCGACACATACGACTTTCCTGACTTTGACGAAAACACAAGAGCAACAACATTTTACACTACAGGCACAACTGGTATGCCCAAAGGGGTTTATTTCAGCCACAGACAGCTTGTTATGCATACACTCGCTCTATCTTCCACATTCGGCAGCATAAACACACACGGAACTTTCCGCCGTGATGATGTTTATATGCCTATCACCCCCATGTTTCATGTGCACGCATGGGGATTCCCGTATGTTGCAACATACACAGGGGTAAAGCAGGTCTACCCGGGCAGATACGCTCCAGACACACTTTTAAAATTGATTATAAGCGAAAAAGTAACTTTTTCTCACTGCGTGCCTACAATACTACACATGCTTCTCAGCTCGCCGCTGGCAGAAAAAAGTGACCTGAGCAAATGGAAAGTTATCATCGGCGGAGCTGCCCTTTCAAAAACACTGTGTCTCAGAGCAATTGAAAAAGGGATAGACATCTTCGGCGGATACGGGCTCAGCGAAACATGCCCCGTATTAAGTCTTGCTCACCTCACCGAAGACATGCTTGAGCTGGACAATGAAAAGCAGGCTGAAATCAGAACTTACACAGGCACCCCTATGAGCTTTGTTGATATACAAATCGCTGATGAAGACATGAATTTTCTCCCCTGGGACGGTGAATCCACAGGAGAAATAGTTGTCCGTGCCCCATGGCTGACACAGGGATATTTCAAAGATGTAAAAAGCTCTGAAAACCTATGGCGAGGCGGGTACATGCACACAGGTGACGTGGCATTCGGTACACCTGACGGCTATCTGCGAATAACAGACAGGGCGAAAGATGTTATCAAAATAGGCGGCGAATGGGTATCATCCCTTGAGCTTGAAGACATCTTCAACCACCATTCAGATGTTGCTGAAGTTGCTGTTATAGGTGTTCAGGACAATAAATGGGGGGAGCGTCCCCTTGCTCTGATAGTCCTTAAGCCTGAAAAAATAGTTACAGAAAAAGAGCTACTGAACCACGCAAAAGACTACATCAAAAAAGGCGTACTGGGCAGAGAAGGAATGCTCGTAAAAGTACGCATTATAGAATCCATAGATAAAACCAGTGTTGGCAAAATTGATAAAAAGCTCCTTCGCCTCAAATACACCTGACAGGCTTCTTTTGATACATTTCGAGCAAGTGTTCAGTATACAGCAGTAATTACCGGCACGCCGTTATACCTTATACTATATAACGCTTGACACTAAGCCCTGTTGCGTTATATATAACAAAACATAACGAATTCGGAGGAATATTAATGAGGAAACTATTACTGCTCATAATGTGTACTACAGCTTTCATGACAGCCAATGCGGAAAAACTGACTATTTATGCTGCCGCGTCCACTACAAACGCTGTAAACGAGATCATAGCCAACTACGAAGCTGAAACCGGAAACGAAGTTACAAGTTCATACGCATCTTCCGGCACACTCGCAAAACAGATAGACAACAGTGCTCCTGCTGACATATTCATCTCTGCCAATGTCAAATGGATGACATGGCTTGAGGGAAAAGGAAAAGTCGACAAAACCACTGTTGCACCTCTCCTTGCAAACAGGCTTGCACTCATTGCACCATCAAAATCTGAGATCAAAGCCAGTGAGACACTGGATAACGACACAGCAGTAAAACTGCTCACAACATCAGGCAGAATAGCAATAGGCGACCCTGCACACGTGCCCGCCGGTATTTATGCCCAAAAAGCTATGGAAAGTCTCGGTGTATGGGAAGAAGTTTCCGGTACAGTTGCAAGAATGCAGAACGTACGTGTTGCTCTCGCCACTGTTGAAAAGAATGCTGTACCTCTGGGTATAGTTTATTCCAGCGATGCAGCAAGGTCTAAACAAGTGAAAATTGTCGGTCTCTTTGACGAAGAACTTCACGGAGCCATAAGATATCCTGTAGCTGTCGTTGCGGGGAAAGCAAATGACACAGTAATGAGTTTTTATAACTACCTTAAAACAGAAAAGTCTGCTAAGATTTTCGAAAAATATGGATTTAAAGCAGTAAAATAAATGTTTGAACTGACCAGTTTTGAAACTGAAGCACTTTACCTGAGCCTGAAGATATCCTTATGGGCTGTCGCAGCAGGACTCATACCCGGTATAGGGATCGCTTACCTCCTCGCCAGAAAAAGCTTCCCGGGAAAACTTCTTCTAGACGGGCTAGTTCACATACCCCTGGTTATCCCTCCAGTAGTTACAGGCTATATATTGCTTATAGTTTTTAATGACAACGGTCCGGGAGGGAAACTCCTTACAAGTATATTCGGAACCGGCATAGCCTTCTCATGGAGAGGTGCTGTGCTGGCTTCCGCAGTTATGGCCTTTCCGCTTCTGGTCAGAAGTGTAAGGTTGTCTATAGAATCCGTTGACAAAGGGCTGGAGGAAGCATCAAGAACACTTGGTGCAGGGCGTTTACGTGTGTTTTTCACGATCACCCTTCCTCTATCTGTCCCCGGAGTAATAACCGGAACAGTGCTTGCATTTGCAAGGTCTCTCGGCGAATTTGGCGCAACGATAACTTTTGTGTCTAACATACCAGGAGAAACCAGCACTCTGCCTCTGGCACTATTTAACCTCACCCAAACCCCCGGAACAGAATATGAAGCAATGAAACTCTGCATCATATCAATCCTCCTTGCACTGATCGCCATAGCAGCTTCCGAATTTTTCAGCAGACGCGCGGCAAGCAGACTGAGAGGTGACAATGCTTGAGTTCAGAGCAATCAAGAAACACATCGGATTCACTCTGGACGCTTCTTTTGTATGCGACAGCGGGATGGTTACAACACTCTTCGGAAAATCGGGCTCAGGCAAGACCAGCATTATAAATATGATTGCAGGTCTCCAGACCCCTGATGAAGGCAGAATATCAGTAGGGAGCAAACTTCTCTTTGACAGCTATCAGCGGATCAACATCCCTACCCCGAAAAGACATGCCGGATACATCTTTCAGGACGGCAGACTATTCCCTCACATGACAGTGAAATCGAACCTCCGGTATGGACTGCGTAACGAAAGCACATCAACGGAAGAGTTCACACAGATTATAGACCTGCTCGGCATTTCTGAACTGCTCGAAAGGCGCCCGCACAAGCTCTCCGGTGGAGAAAAGCAGCGTGTCGCTATCGGACGGGCACTTCTCTCTTCACCTGATTTCATGCTTATGGATGAGCCGCTATCAGCTCTGGACACAGCGAGAAAGCAGGAACTGATCCCATTTATAGGACGCATGGTTGAAAAATTTCATATGCCTGTTGTATACGTTACACACAGTCTCGACGAACTCCTTGCACTGGGGGATAATGTTGTTCTGATGGATGATGGAAACTGCGTCGATTCAGGCAGTGTAGAGGATGTTGTCTCAAAGCCGGAGAACATGTCTACCCTCGGGCTGACAGGCAGAGTAACAGTGCTGAGAGCAGAAGCAGTGGGTGCACACGAAACTTCCAGCATAATCAGGCTTGAAAATAAAAAACTGCTCATCCCTACATCGCAATATAAAAAAGGGACAAAACTCCGTGTAACACTCCACTCAGAAGATGTAACTCTAAGCGTTCAA
CP179913.1_gap64	2458303	2460729	2426	CATTGGTTCTTTGAAGATACCGTTAATGGCAGGTATTCCTATATGCTGGGTATGCACATTTGTCCTGTCGTGATACTGAATGAACATCAGAGGGTATTTCTTACCCAGTGGTCCTTTCGGGTCTTCGAGCATAGGTGTGTAAACAGGCAGTTCGTGCCCGACAGGTTTCAGACGTTCTGAATAGAACTCAAACCTGCCTGTCTGGGTTTTATATTTCTGATCCATGAAAGCATTGACGATATCAAACCGTCCGTCTTTCCTGACAAACATTCCTTCTTCAACAAACTTTTTCCAGTTGAATCCTGCCATAGCCGGGTGTTTAGACCCTTCCAGATAGACACGGATCCAATCTTCATCTGTTCTGTTCCAGTATTTACCTTTTCCAAGTCTTTCAGCCACGGCGGAAAATATTTGTATATCAGATTTGCTCTCTCCATAAGGTTTAAGCATAGGCTGCTGAAGCATGATCCACGGTGTTTTATCAAATATGTCCCAGTTTTCGAACATATTTGTTGTAGGCAGCACAAGGTCGGCATATTTAGCTGTGTATGTCCAGTAAGGGTCGGAATGAACAATAAAAGATAACTTAGGAAGAACTTCATTAATAACACGGTTGGTGTCGGGACTTTGATTAAGAAAATTACTGGAAGCTATCCACAGAAAATCAATCTGATAAGGATCTGCCTTTGATATCATGTCGTAAATCTGGATGCCGTGCATTTTGCTTGCATCCGTACCGCCTGTATCTGCCCATGGGGAACTGTTGAAAACAGGAACGTTGATACCGGGGATAGGGTTAACACCGGAAGTACCGCCGGCATGGGACGCTCCGCCGCCGTTGACTCCTATGTAACCACATACAGCCGCAAGTGTCGCCACTGTACGGAAAGGAGAATGTGAGTTATAAACTCTCTGCATCCCCTGCCCCATACGGATAGCGGAAGGACTCTGCAAATAATCGCTGATAAGCTCTTTGATGACATCTTCACTGATGTTAGTTGCCTCAGCTGTCCACTTCAGCGTGTATTGTTTCAGACTATCCTGAAACAACGCAAAAGAGGTTGAACACTTTTCACCCTTATAGCTCACAGAGCTGCTGAGCTGTGCTTTAACCCCTGGAGTGTCAGAAGCTACGACCTTACCCTTCTCATCAACAACGCAGAACTTATCGCCCATTTTCAGATATTGCCCGTCACTTTTTTTAACAAGCAAAGGACCGCAGCTGTTCTGAGTCAGCCACTCTTTATCATGGAGATCTTTGCTGATGATATAGCTCATCATCCCAAGAGCAAGAGCCGTGTCTCCACCGGGTTTTATCGGAATCCATTGATCGGCGATAGCAGCAGTGGAGCTGAATCTCGGGTCGATAACGATAACTTTTGTTCCATTCTCTTTTGCGTTAAGATAAAAACGGGCTTCACTGGTGTGAGTATCTACTAAGTTACGCCCCCACACAATGAGTGTTTTAGAGTTCATATAGTCTCTGGAGTCGTGCGAACCGCGTTTCTGACCATAAACAAGATCCATCCCCATACTTGCGCCGTGGTCACTCATGATGCCTTCAGGTGTGAACGAAGTCCCTTCTATCGTTCTGGCGAAACGAAATGGTGAATCCCATGCAAATTTAGCAAGGTTCCCTGTCATTACGAAAAGACCTACGGACTGTTTTCCGTATCTCTCCTGACTCTCTTTGATCTTTTCTGTGATCAGATCAAAAGCTTCATCCCATGAAATACGCTTAAACTTCCCCTCGCCTCTCTCTCCGACACGAAGCATAGGATATTTCACCCTCTCCTCTGAGACTGTTCTCAGTGGGAGCGCCATCCCTCTCAGGCAGGCATTGGAATAGTCCGGTCTACCCGGCAGAACTGAAGGAGTTACACTTTGGATACTTCCATCCTGAACATGACAATTCAGGTTGCAGCGTGATGTGCAGTTAACAGTACAAACTGTGCGGAATGTTTTACCAAGCCTGTCGGCTTCCGGCGATGATGCGGAATACATCTGCGCCATAACATTCTCGGACAGCATACCGTAAGTTGCAACTGCCATACTGCCTTTGATAAACGTACGCCTTGTCAATTTACTCATACTTTCTATCCTCCTATAAGATAAGCATAAGCAAAACATAGGCTTTCATTACGATGTTTTAAAGACCAGTTGGAATGAAAAAAAAGAGTCAGTTTAGAAAGAATAAAGTGTCAGACAATTGTTTTAAGCTGCTTTCTTGCCTCACGGGCAATAATCCTGACCGCCTCTTCGAAGTTTTCTATTGAATCGGCAAATGGGGCAAGGTGTAAGCTGTGTGAGTCTGTATTGTCAAAGAAATAACCGGGGAGGAACATTATCTCTTTGCAGTCGTCATATATTTTGACTACATCAATCTGTTCGCTGAATACAACCCAGATGTAATAGCCATAAACCTT
CP179913.1_gap65	2473099	2474480	1381	AAACAAGACTGAAAATAAGAAAAGCTCTTGAAGAGACAGGTGACGGATATGTCTATTCTTTCTGGCCTGATGTGCTCACTCTGAAAGAGATAGGCGACCCCACAGATATCGGAACTTATTTCAACCTGTGGCAGGAAGATGAAGACTTCACAGCCAAAATCATCACCGCCCAGTGCCGTCAGAACACAAACTACGACATCGTACGCTACGCTGCTCACCCGTTCTTCCTCCAGGGATATACCGCCCTCGCAAACGGAGAGAACACCTTCTATGAAAAGAATAAAAATATACAGAAAAGTCTCTACAGCGGGTATATAGGGTTCGAATCCGACTCCCAGTGCTTCCTTTACACCCTGCACTATATCCACAAAAAGCTTAAATGGCCGCTCAGCTATTATAAGCACACCATAACCCCCCTGCCGTTCGACGAAGCCGAACAGAGGGAAGACAAAGAAATACTTAAAAGTATCCGTGCCGCTCTGGGCAACCTTGAGATCAACGGACCGAACACCATCATCGGTGTTCTCCCCGACGGAACACTTTTCAACACCTGCGACGCTAAAAAACTGCGTCCTGTTGTTATCGGGTGTACCGAAGACACCGCTGTTATTGCGTCAGAGGTAACAGGTCTGAACGAGATTCTGCCTGACAGAGACTGGTCAACAGACATATACACCAATGAACGTGAAACAGTAGTTATCACAAACGATCTGGAGGTGCAGAGATGGCAACAATGAAGGTAAACAAAATCTCCAGAGATGATCTGGACTGGAAGATATCATACAGACCTGACAGGTGTACACTGTGCGGTAAATGCGTTGCTGCCTGCCCTTTCAAAGCAATCGAGGCGGGCGTTGAAAAACGTAGAAAGGTAGTAAGCGACCACCTAACACCTGAACCCAAAGTCGAGTTTAAGACTATCCCTGTCATAAGACAGGTTGTTAACGAATATGAATTCTGCCGCGGATGCGGTATATGTGAAAGGGTCTGCCCGAATGAAGCGATAAACCCCGAGCGCAATCCTGACTCACGTTTCGGCGCAAAATACCGTGCTACAGTGGCAGATCCATACAAAAGAGGCGGACGGGCAAATCTTGAAACAAGTGTTCGCACACTGGACAAGATCAGAGTGGGACGAATCTCTCAGATGACAGACCCGTCACTGGACGCACTGCGCCACACATTCGACATGCTTGCCCCCTTCGGACGTGTACTCCCTGCAGGGGAAATGCCTTTCGAAATACAAAACGGCAAGCTCGTAATGAACGATGCAACACCGAAGGTAAACTGGATATACCCCATAGTCATAGGAGACATGTCGATAGGTGCTCTTTCATGGCGGATGTGGGAGGCTATGGCGATAGCTGTAGCTTATCTGAAC
CP179913.1_gap66	2518718	2521316	2598	TAATCTATAGTCGCATCATGCATCTGAGATTTTGACAGATACTCATCTTTGGTGTCCAGCTTCCCTTTATCCATCATATGCACGATAAATTCCATATTGTCATATATAGGCTTAAGCCACGGGTCGAGCTTTTCAGATATCCCGCCGGGGAGATACCCTATATCACGCCCCATAGGTATCGGCGACCTGGTAACAATAAGCTTTTTAAACCTTTCATTAAGGACAGAATGAAGACCTGCGCACAGAGCGAGTAGAGTTTTACCTGTACCTGCAATGCCTATAGCAAAAACCACATCAATTGAGGGGTCGAGCAGCGAGTCCATCAGATAAATCTGTTTTCTGTTTGCCGGAGTAATGCCGAGAATAGGCTCATTCTGATGGAGCAGCCTGAAAATACCTGATTCATCAGCACCATTGACGACATATCTTGCAAGTGCGCTCTTCTGGTTATTAATCTGCCCCTTTAGAATAAAATATTCGTTCACACGTGGGGAGAACTCTGTCTCATCCTGCCTGTAGACACCGCTAGGGCAAGGAAGCTCCTTCTCCTGATAAAGCGTGTCAATATATTCATCCGGAACATAAAGAGTATCATCGTGCTGTTCAATGAAGGATGTACTTTTTTCGTGGTAATAGTCCTCAGCGTCAAGCCCCATGGCATTAGCTTTAATCCGGAGGTTAACGTCTTTTGAAACAATTATAGTCTCTCGTTTAGATTCTTTCTTAACCTGCATGGCAATGGCAAGTATAATATTGTCATTCTTGCCTATTTCAAATCCTGCGGGGATCATGGCTTTGGTGCTTTCATCCTGAAAGCGTATGCTGAACTTGCCGCCAGACTCCAGCGGAACTCCTTTGAGAAGGTCACCCTTCTCTTCTCTGTAATGCTCTACAACCCTGATAAATGATCTGGCATTGTAGCCGTTAAGGTCAACATTTTTTTTGAAAGAATCAACTTCTTCCAGCACCACAGCGGGAAGGATGATGTTGTTGTTCTCAAATGTTTCTATGCAGTTAGGAGAATACAGGATTACGTTGGTATCGATTATGAAATTTTTGACTTTGCGAGGTGTCATAGCAACTCCGGTGTTAAGATGTGATATAATATGTTAGTCTTCACTATAACTGATTGTCAAGCAAGAGTTCACATGGCAGCACCCTTTGACAAATAGTTTATATGCATCATCACGGAGCTTTATTTGGCAAACATGGAAAAGCACTACGGAAACGTAAAACCGGTCAGCTTCAAATCCATATACGAAAAACAGTTGTACAATATTCTGAGTGACCTCAGACTACCTCTTATGACTGTCATCTTTTTCACTACTGTATATGTTCTGCTAATGATGATTCTGAACGGAAAAACAGACGGCGAAAGTGTCGCAAATTACTTCTTTCACACGATTATAACATTCACGACCATCGGATACACAGAAGGCTACACAGACAGCATCACAGCCAACAGGCTTGTCACCTCTGTTTTCCTGATGGTTGCCTTCCCGCTGGTTTATTTCTATGGTCTTGCCGCCACAGTGCAGGTTATCCTGCAAGGGGAAATTAAACATAAATTCAGACACTGGAGGATGTACAGCAAAATGGAACACGTCAAAAACCACTACATAATATGCGGTTTCAACGAAACCTCCAAAGAGATCATGCGAAGCTTTGTAAAGCGCAAAATCCCTTTCATACTCATAGACCCCAACGAATCGAAACGTCAGGAGATAATCGAATTCGGAACAACATTTTACGTCATCGCTCAGCCACAAAGGCGGGATTCTCTTCTGGGGCTTTTTATTGAGGATTCTAAAGGCTTAATCACAACATTTGACGATGACACCCTTGACATCGCCATCATAGTCACTGCAAGGCTCATCATGCCGGACAAGGAGAACTACTTCATATTCTCCACCAGCACATCTGAAATGGATTCTGAAAAGATGAAGCTTCTGGGAGCCAACGAAGTTATCGTACCCGCAGTCACAACCGGCAGACGGATAACGTCATATGTCCTACACCCCCCGTCACCGGCAATGAGCGGCTTTCTCGACCTTGTGGCATACGGAGAGAAGAGCAATGTGGATATCGTAGAGATAAGGATAAGCGAGGAGTCAGAGTTTGCAGGAAAATCTATTGCAGATTCGCTCTTCAAAGATAAAACAGGCACTAACATTATCGCAACAGTTGACAGTAAAGGCGACATAAACACCATACCTGACAGAAACACTATATTGGCTACAGGTACTTCTATCATTGTACTTGGGACACCAAAACAGCTGGAGAAAGTCGCTGCATATTCCAAAGGGGGGACAAAATGATACAGTGGAGCAAGGTCTGGTCTGACCTTTTTATAATTCTGGCACTGACAAGTAATATCGGATTTTTAGTGAGCAAAGACCCCTATCAGCTTGTGATAGCAATTGGCGTCAACCTCATAGCGACTGTACTGAAATTTAATATAAAGAAATTTCTTGCGGCAGAGCTTCTGGCAACCGCATTCATATCTGACCTTCACCTGATCCCCGCAGCGATACTCTACTTCTCCGGTTCGACATCATCGCTTGTTACCGGACTGGCTGTGGGCGCTGCTGTTGCAAA
CP179913.1_gap67	2558559	2563303	4744	AAACTATCCTAACGGAGTAACATATAAATGCAGAAAGAATACCCTACCAGAATCGACCCCGCTGAATTTGAATCTTCAATTTATAAAGAATGGGAAGAAAGGAAATATTTTCACGCTGATGAAACCAGCGACAAGCCCCCATATTCCATAGTTATTCCTCCTCCGAACGTTACAGGATCGCTCCATATGGGGCACGCCCTTAATAATACATTACAGGACATTATGATCCGTTTCCATAAACTCAACGGATACGAAACAATGTGGATGCCGGGGATGGATCACGCAGGTATCGCCACACAAAATGTTGTGGAGAGACTCCTCGCATCCGAAGGGAAATCCCGCCATGAGCTCGGACGTGAAGAATTTATCGAGCGTGTATGGGAGTGGAAAGAAGAATCCGGCGGAAAGATCATCAATCAGCTCAAAAGACTTGGCTGCTCATGCGACTGGGACAGAGAGCGGTTCACTATGGACGAAGGACTAAGCAAAGCTGTTCGTAAAGTATTTGTAACTTTATATAAAGAAGGTCTTATATACCGTTCAAAAAATTATCTCGTTAACTGGTGCCCGAGATGCCATACAGCACTCTCCGACCTCGAGGTCGAGCACGAAGAGATAGACGGTGCTTTTTATCACCTGCTCTACCCTGTTAAGGGGACTGATTTCAAATTCGAAATCGCCACCACAAGACCGGAAACAATGCTTGGTGATACCGCTGTTGCAGTTCACCCTGATGACGACAGATATAAACACCTGATAGGCAAAACAGTTATCCTTCCTCTTATGAACAGGGAGATACCCGTCATTGCTGACGAATACGTTGACATGGAGCTGGGTACAGGATGCCTTAAAGTCACACCGGCACATGACCCTAACGACTTCCTCCTTGGTGCTAAACATAATCTGGACTCCATAAGCGTTATGGACGACGACGGAAAAATCAATGCCGAAGGCAAAGGCTTTGAAGGGATGGACAGGTTCGATGCAAGAAAGAAAATCATCGAGCTTCTTGATTCTGTCGGTCTATTTGTTAAAAAAGTTGATCATAAACATCAGGTCGGGCACTGCTACAGGTGCAAGACCATCATTGAGCCTAAACTCAGCGATCAGTGGTTTATTAAAATCAAGCCTATGGCTGATGAAGCCGTGAAAGCTGTTGAAACAGGTCAGATAAAAATACTGCCGGAAACATGGCACAAAACATATTACAACTGGATGAACGAAATCCGTGACTGGTGCATCAGCAGGCAGATATGGTGGGGACACAGAATACCAGCATGGTATTGTGATGATTGCGGAGAGATCGTTGTTGAGATGGAAGACCCTACAGAATGTACAAAATGCGGAAGCAAAAATCTCCGGCAGGAGACTGACGTTCTGGACACATGGTTTTCTTCCGGTCTCTGGCCGTTTTCAACACAAGGCTGGCCTGAAGAGACTGAAACTCTTAAAAAATTCTATCCTACATCATGCCTTATAACAGGCTTTGACATCCTCTTTTTCTGGGTGGCAAGAATGATGATGTTCGGTCTGAAATTCAGAGACGGAGTTGAACCTTTCAAAGAGGTTTACCTGCACGCCCTAATCCGCGACAAAGACGGACATAAGATGAGTAAATCTAAAGGGAACGTTATCGACCCCCTTACCATGATAGATAAATACGGTGCAGACGCTTTCCGTTTCACCCTTGCGGCATTTGCTGCTCAGGGGCGGGACATAAAGCTGGACGAAGCCCGGATAGACGGTTACCGCAACTTTGTAAACAAGATATGGAACGCATCAAGGTTTATCCTCTCAGGCTACAACGGGCAAAAGCTCGAAAGCTTTAATAACCTGGAGATCGAAGATAAATGGATTCTGCAAAACCTTAAAGAAGCTGAGCAGAAAATATCAAAAGCAACCAGAAACTATGATTTCAACGAAGCAGCCGGCTCTATTTATCAATTTTTCTGGCATAAATTCTGCGATTGGTATATTGAGCTCATCAAACCACGTATCTATGACGATGAAAGGAAGGAAAAAGCGCTTGCTGTTGCTTCATATGTTCTGGAAAAATCTCTTATACTTCTGCACCCGTTCATGCCTTTCCTCACAGAATACATTTATCGTCTGGTCACAGAGAAAGAGTCCATCATGCTGGCTGAATGGGAAACATTCGAATACGACTTCGCAAATGACAGAGCAGAAATGGATGATGCTATAGAACTGATCAGCCTGATAAGAAACATCCGCGGCGAATACAACATAGCACCTTCCAAAGAGCTGAATGCATTTGTTAAAACTGAAAAAACTGACGTTAAAGACACCTTTGCAAAAAACAAGGCTCTCATACTGAATATAGCCAGACTTGAGAAACTTGAACTTACAAACAATAATGTTGATAAGTCCGCCTCCAATATCTCTAACAACTTTGAGGTATTTGTACCCCTCGAAGGATTGGTTGATTTCGAAGCGGAGATACAAAAGCTTAAAAAAGAACTGAAGAAACTTGAAAAAGATCATAACATCTTCGGTGGTAAACTTAAGAATGAAAAATATCTTGCAAACGCTAAACCTGAAATTATCGAAAAAGATAAGGCAAAGTTTACTGAGATCGATGAAAAACTCAAGAAAGTTAACGAAACAATTGAGAGGTTGTCCAGACTATGCTGAGAGAAAGATTGATACAGCTTGCACTTGAAGAAGACATAGGAACGGGAGACCTTACCGCAAGAGCCTTCCGTAAACAAAATAAACGTGGAATCTTTAAGTATCTGGCAAAAGATGACTTTATACTCTGCGGTACGAAATCAGCCTCCCTCGTCTTTGAAGAGCTGGACGAAGATATCAACGTCCGATTTTATCACGAAGACGGAGCATGCCTTAAAAAAGGTGAGTATTTCGGTGAAGTTGAAGGTCCTATATATTCTATCCTCACAGGGGAAAGAACATCGCTCAACTTTCTTCAGCGTCTTTCAGGTATAGCGACTGAGACAGCAAGCTATGTTAAAGAGCTCAAAGGAACAAACATAAGGCTCCTAGACACAAGAAAAACCACCCCCGGGTGGAGAGTCGCTGAAAAATATGCCGTACTCACAGGCGGCGGACACAACCACCGCATGGGACTTTTTGACGGTGTGATGCTCAAAGACAACCATATCGACGCAGCTGGCGGGATCAAAGAGGCTGTGGATCTGGTCAAAAGAAACATCCCAAGCACTGTAAAAGTTGAAGTAGAGGTCAGAGACCACGAAGAGGCTCGTCAGGCGGCAGAATATGGCGCTGATATAATTATGCTGGATAACTTTGCTGTGGAAGATATACAAAAAGCTATCGACATAATAAACAAAAGAGCCAAAATAGAAATATCCGGAGGAATCCGCAAGGAAAACCTGAAAGATTATAGAAATCTGGATATAGACTATATATCAGTTGGCGCACTCACACACCATGCCACAAGTGTGGATATCAGCCTTAAAATACAGAAAGGATGAGATTTAAAAACTTAGTTAACAGCAAAAGCATACTCGTGTTTATACTCGTCGGGCTCAGCTTTCATATGCTCTACAAATACAGAGCGAATGTAAATGTGTTAGAAGCCGGACTACAGGCGCCTGATCTCGCTTTTGAGACATTAGACGGTCAGAAATTTGATCTTTATGATTTTAATTCGCCGGTGATGCTTGTTTTTCTTAATACAAAAACGCTTATGTCCAGCGCTCTCTACCCCGATCTGCTTTTAAAACGCATACCGAAACTGAAGCTTATAGAAAAACGAAATATAGCATCACTAATCGTAATGTTAGACACAAAGCAGACCCCAGAGGCTGTCATGGATAAAATCAGGTCAAAAAAGTATAAAATTCTTGAAAATACTGTCTATTTAAGTAATATAGAAGTTGCAACAGAAAAATACGGGCTTTCAAGCTGGCCCCATTTTTTTCTTATAGACAGCACACATAACGTTATTTATGAATCAAAAATACCATCTGTGAGCGTCATAGATTCTATTCTGGAAGGGAGTTGATATGCAGGATTTTTTCAATGTACAGGACATCAAAGACGAATACGATATTGTTGTTTTAGGAGCTGGCCCAGCCGGGCTCACTGCTGCAATGTATGCTGCAAGAGACAAACAGACAGTGCTCGTTCTGGAAAAACAGTTCCCCGGCGGTTTTGTTGCCATAACTGAATGGGTTGAAAATTATCCAGGCTTTTTCGATGGAATAATGGGAGCTGATCTTTCAGAAAAGTTTTATCAACATGCTGTAAAATACGGCGCTCTTGTAAGAAGCGGAAACTGCACTAACATAGAAAAAGATGGTAAATATAAACTTGTTCACGTTGAAAACCGTGAAACTCCTGTTAAATGCAAAGCTGTAATCATAACCTTCGGGTGTGAGCCTAAGAGACTTGACGTACCGGGCGAGAATAAATTCTACGGACGTGGTGTATCTTTTTGTGCAACATGTGACGGTTCATTCTACAAAGATAAAGAGGTTGCCGTTGTTGGCGGCGGTGAGTCTGCACTTGAAGAAGGGATGTATCTCACCAAATTCGCAAACAAAGTAACAGTGATTCACAGAAGAGATCAGTTCCGAGCCTCAAAACTTGCAACTGAAAGAGCACAAAATAACGAAAAAATGGAATTTATATATGATTCTGTGGTAGAATCTATTAATGGAGACACAAAAGTCGAGTGCCTGACAGTGAAAAACCTTAAAACAGGCAACGTCACAGAACTCGCTGTTGACGGACTTTTCAT
CP179913.1_gap68	2568735	2570098	1363	AGCAGAGATTTTTTAACACCCTTAACAGCCTCGATTCTCTTCTCTTTGTTTGAGGCAAGCTCGGCGGTGAGTTCTTTGTTCTCATCGTCTCTCTGTTTCAGACTTGCTTCATAAGCAGCTTTGGCATCTTCGAGTTTCTTAACAACCCCGTCATCCTCAGACTTATGTTTGTCCACAGACTCGCCGAGTTCAAGAAGCTTGTACTCTGCTTCATTAACGTGCTTTTTGAGTACATCCATCTCTTTAAGAACAGCTTCATACTCTTTGTTGTTTTTAACTTCGGGGAGTTTTTGCTGAGCTTTTTCAAGCTGGGCTTTGTTTTCTTCGTAGCCTGTCTGAATTTCGTTTTTGGTGTTTAGGTCTTTTTCGTATTTCTTTTTGAAAGAATCAAATTCTGACTGAGCTGTATCCAGCTCATTTTTGGCGTTCTCCAGATAGTCCGGCACTCCGGCAAGTCTCTGTTCCGCATCTGCGATAAGATTGTCCAGTCTCTGGATCTCAATTAGCTTTGAGATAGCTTCAAGCATTGTATATTACCTCCAGTTTATGACAGAGGGCTCTTCCTCTATCACAACAGTCTCTATGTTAAATTTTTTGCTTATAAGTTTGGAAAGGTAGTTCATGAAAATTTTCTCAGTTTCGTAATGTCCCGCGTCAACAACCAGAATGCCGTTTTCCGCTGCATCTATTGCATCATGATGCTTCAAGTCACCTGTGAGCAGAACGTTAACCCCTGCCCCCACGCAAGCTTTCCACATGGAAGCCCCGCTCCCTGTGACGACAGCAAACCTCCTGACACTGCCAGTCGGTTTTTTATTAAGCCTGAGAGTATCACAGCCGAGTTTTTCTTTAACAAGTCTAAGAAAATCTTCTGTCTCCATAGGTGCAACAAACTCTCCGATGCGTCCGAGCCCATACGGTTTGCCCATATCAAGCTTATAGATGTCGTGTGCAACCTCTTCGTATGGGTGCGCTTCAATAACAGCGGAAAGGAGTCTGCCGACATCTCTTTTATCAATAATTGTTTCAATACGCAGCTCATCGACTTTTTCCATGACATCTTTTGTCCCTATATAGGGATCAGTTCCTTCTCCGGGGATAAATGTCCCTTCACCAGGGATGCTGAATGTACAGCCTGAGTAGTTGCCTATTGAACCGCCGCCGGCATCAATAATGGCCATCCGAACTGATTCTGCATGTGTTTTAGGGACAAAAACTGCAAATTTTACAAATTCGTGTTTACCCTCTTCCACAAAAGAGGAATGAACTTCCGCACCCAGTATTGTGCAGATGTAGTCGTTGAGGCTGAAGTCTGCAAGATCCAGACTTGTGTGCGCAGCTATTACAGAGAGGTTGCCTTTGA
CP179913.1_gap69	2572446	2575685	3239	TTAACTTCGGGGCTTTTTATCTTTCGAGACATAGACATAAAATACGAATCCTCCGGGGTTTACTTTTCCTGCAGCTTCTTTTTAGTATTGAACTTTTCTATTACTAATCTGCGCTTTTCATCCATATCAGAAGCGTCTTTTATCTTACGGTTCATGGAATCTTTCACAGAATTAGCCAGTATCTTTTCTCTACTGGCGGCTGCTGAACGGTACAAATCCGAATTCAAATCACTAACAAGAACAGGAGAAAGCTCCTTAGCTATATCGGGAGTACTCAAAAGGACATTGATATTATCACCATTTTCTAAAACATCAAGCACTTTCTTGTAGATTTCTGACATTCTTCTGTCATGAAAATATTCAGGCAGAATGTTGTCTGTATAGTTAAGCGCCACATCCTCCGGCAGCTGTACCAGAGCTGCTATGAAATCTCTCTCACAGAAGTAGGTAACACCCCTGCCCCTCTCCTGCTGTTTCTCAACTGTACCGCTCGTCCTTTTTAATGTAGTTTTCGCGGCAGAAATATCAATATCCTTTCTTAAGGTATTTTCATCCACCTGAAACATAACAGCTAATTTCTGTGCATAATAATCCTTCCGATATGGACTTTTAACGGATATAAGCATGCTCTTAATTTTATCAAGACTTCTGAGTTTTGCATTGAAATCTTTTGACTTTTTTAGAAGTACCTCTGCGGCAAAGAGAAAAAGATCCTTTTTCGCCCCTATTAGCTGGTCAAAACTATCTTTTCCATGCTTATCTATGAATGAATCCGGGTCTTCACCCTCCGGCAGAAATACCACATAAGGAAACGTATCCGCCTGCACGAAAGTTTCAAGACTTTTCAATGCAGATTTATAACCAGCCTGATCACCGTCAAAAAGCATGTATATATCTCCGGTATATCTCCGCAACAGACCTATATGATCGCTGGTGAGCGATGTTCCCATGGAGGCAACACAGTTTCCATAGCCGTATTCATGCAGACGCATAACATCAAAGTACCCCTCCACGACCATTGCGAACTCAGATTTGCGAAGTGACTGTTTCGCCTTGTCCATGTTGAACAGCACACGGCGTTTTTTAAATACCTCTGTCTCAGGCGAGTTGATGTATTTGGGCTGCTGGTCACTGATTGTCCGTCCGGAGAAAGCTATAGTCTTCCCCGTAACCCCTTTCACAGGGATCATAACACGATCGTAAAACATCAGCCGAAGCCCGTATTTCCCCTCTTTAAAAAGACCGGAGTTAATGAGAACCGACTTGTCGTATTTCCTTATGTATTTGGCGGGGTCAACATTAGGCGGGAAATAACCCACCTGATATTCCTCGAGGAGCCTGTCGCTGAATTTTCTTTCAGTAAGATATGCAAGAGCCTTTTTCCCTTCTATTGAATAAAGGTACTTGCGGGAATCTATAATAAGCTCTTCGTGCAGAGCAACGATATCTTTCGCATCCTTTGACGCTGTCTGGTCATACTCAATCTCCACACCGCAGCGCTCGCCAAGCATGCGCACAGCATCAGGGAAACTCAGTCCATGATATTTCATAGCAAAGGAGATTGCGTTTCCGCCCTCACCGCAGCCGAAACAGTGGAAATACCCTTTATCCGGATGTACGTTAAATGACGGCGTTTTTTCAGTATGAAAAGGGCAAAGCCCCTTAAAGCTGGAACCGCCGGCTTTCTTCAGCGGGACTACTTCATCAACAAGCTGATAAAGATCCGTTTGCTCAAGAATTTCATCGATTTTCGAGTCAGGAATTTTCAAGTGTGAAACCTCTTTTGAAACAGAGAAAAAAAAATAAGCCAAACCAGGTGCAACAGACAACCAAAGAAACTTTTACGAAAATTATTGGATTACTGTGCAAAAAACACTCAGAATGACTACACTTCTTAACATCTCTATTTATATTTTATAGACATAGACGGAAATATCAAATATATTTTTCTAATGCTTGAAGTCAATGACCTAACAATAGAGCTGAAAAGCTCATCCAACAGCTTTATAATCCTGCGCAGTGTTAACTTCACCCTGAAAAAAGGTGAGATTCTGGGCATCGCCGGTGAATCCGGCAGCGGCAAAACCATACTGGCAAAGACTATACTCAACCTGATTAAAAATCCAGTTGTAAAAACAGCAGGCGAGATTATTCTGGATGGAAAGACACTTAAAACTGAAAAAGATTTCAGAGCTGTCCGCGGCAAAAAGATATCTATGATATTTCAGAACCCCACCGCATCACTGAACCCTGTGTTCACTGTCGGCAGTCAGATCATAGAAACTATCCGCACCCATAATCCGGAAATATCAGCAAAAGAAGCGGAAAAAAGGGCAGAAGAACTGCTGTCAGAAGTTGAGATACCCCACCCCAAAGAACGGCTTAAATCTTTCCCCCATCAGCTTTCAGGAGGGATGAATCAACGGGTAATGATTGCGATGGCTCTTGCCTCTAGTCCCGAAATACTGATTGCGGACGAACCGACAACGGCACTGGATGTGACCATTCAGCAGCAGATAGTGGAACTAATTAAAAAACTTAACCGAGAAAAAGAGCTGTCGGTCATTTTCATAACTCACGATCTCTCACTTCTGGCGCAGGTAGCGGATGAGAGCTTTATAATGTACGCAGGGGAAATGATGGAGAGACTAACCAGCAAAGACCTTAAAGATGGCAACATGCGTCACCCATATACCAGGAACCTTCAGAACTGTGTGCCAAAACTCGGTGACAACAGAGAATTCCTGAACACAATTAAAGGAACCATAACATTCAACAATTCAGATTTTGATAATGCCTGCATCTTTCACCCAAGATGTGAAAAAGCCACTGATAAATGCCGTAAAGAAAAACCTGAATTCATAAACGGCTTCTCCTGTTTCTATCCACACTAGACCTTTATCGTCTTCCAGTGACCTTTACGAAAACGGCGCATGAGCACAAAAGCCCTGAACACCACTTCAAAAACGCAGACAACATATATCCATACGGGGGTATCAGTTACATATGATAAAACCCACGCAGGGAATATACGCACCCCCCAGAGAGATGCGGTATTTATATAAAATGTCCACTTTGTATCACCGGCTCCACGGAGACATCCGGACAATACGAATGTAACCGCAAGCGGAACCTGTGAAAACCCCATAATACGCAGATACATAGCCGCCTCGTCCACTGTCGCCTGATTATCCGCAAAAAGACCTGCGAGGGGATAAGCAAAGGCAAACATCACAAAC
CP179913.1_gap70	2581576	2583228	1652	TCTTCAGCAAAAAGCCCTTCTTCCTCAAGTTTTTTCCTGACCTCTTCGAAAAGCTGCCAGAACAGCCCTACAGAATCGTAGTCAAGTTTTTTCACCAGAAGCTGATAGTTCCCCCCTGCCTCATAGACAGTAAGTTCCCCAACAGCTTCCACGCTATCTCCGTTTTTGGGGCTGTAATTGAGTTTCCCAGCCATCCCACGAAACATAACACACTTTATCTGTGCTTTTTCGTCCTTCATGACAAAATACAGATGCCCGGCGGGCGAGCGTGAAAAACTGGATATCTCGCCTTTCACAGCGACATTATCCGCAAAGGTATTTTCAATGAGCCCTTTTACAGCTCTTGTAATTTCCGTAACGGTATATTTTTTCATTTATTCTTTTCAGGAGTTCCTTCGGGAGTATCTTTAGGGTCTTCGATAATATACAGGTCTTCGTCAGGTTTCTTAAGGCTTAATTCTTTCTTAATAATCATTTCGAGATATTCGACATTCTTACGCACCTGCTTAAGTTCGCTATCGAGATCGTTCACTTTCTGCTCTGTAACGTGAAGCTGAAGCTCGTAATTATTTTTTATGCGTACAAGTTCCCTGTATTTAAGCAGACCGTTATGGCCAAATATCATATAGGCGGCAAGAACGGCTATTACTATCAGGAAAACTATATTAACCTTCATGAAACCTCTTTAAAAATAACAACTTAACCAAAGCTTTCCGCTACTTCGATCATTATATATTTATACCATATTTGAAGAATTTTGTCATAATAAAAATCTACAGCTAAAAGTTTAAGTAAAACCCTGCATCACAATCTTACAAAAAAATAATGAATTATTGAATTATCTTGAAGGGACAATACCGCAAGTGTCAGACATTCCGATACTCTCTTCCAGAAGCTTACGTGCCTTTTCGAAAAAGCCCAGCGTAGAATCAAAAGAGTAGTCCTGAAATGTCCACTCCAGAGGGACATAGCGCCCTTTTCTGCGGTAAAGCTGAAGATCTCCGTAGATATTATCTCTGAGATAAACTCTGTGGGTGAAATTTTTTGTACTGGCTGCAACGATTTTTTCCATTGCAACATAACCAGGGTCAATATTGATCACTCGTTTGCAGTCCTGCTGAAGTCCATCTTCGATGCTGACGGCATGTATCTTATAATCAGGAAGGTCGTCAGGCTGTTCAATCCTGTCATAAAGCGCAAAGTATTTGACAAGATTCTGTCCCATCTCAGGTTCATAGTATGAAGTATGGGAAAAGTCGAACTCCGGAGACCTCAGTATAGGCTCACCAAAAATAGGTGCAGCTATAGAATCCGGATCTTTCACCAGGTCTTTGTTGTAGAGTATCGCGTTAAAATAGATCACCTTTCCGGTTTGTTTAAAACCGCCGCCTGTAACCATCAGTTCATTTCGATTTCGAGAATCTCCTCAGACGGCTCGATGGTTGAAATTGCGTGTTTGTAGATCATCTTCTGAGATTCATCTTTAAGTATTACAACGAAATTGTCGAAGCCTTTCACATAGCCTTCGATTTTTACACCGTTAACAAGGTATATAGTCGCAGATATGCGCCTTTTTCTAAGGTGATTGAGAAATACATCCTGAATATTGATCTTTTTGCTCATCCGGTTTACCCCCTGAATAAAGAAATCAT
CP179913.1_gap71	2678249	2682569	4320	TTGCGATTTCATCAAAGATGTCGAAGAAGCTAGTTTTGTCTATGTAATCAGCAAAGTCCAGCCTGTTGAGATTAAGATGCTTTGCGCTATTTTTAAGATTGTCAACTATCAGGATATCGTTGCGCCCCTTTTCATTAAGTGCCTTAACGATATTGCTTCCTATAAATCCTGCCCCGCCGGTTACTACTATCATTTATTAACTCCCTGCATATCTTCAATTGTTTTTGTCGTGGAGTACCCCTCCACAAAATCCACTATCACAGTTTTTTTGGCATATTCACGCCCGACAACATCTTCAGCTTTATAATCCCCGCCTTTAACAAGGATATCGGGCTGGATAGTTTTTATAAGCTGAAAAGGCGTATCTTCATCAAATATCACTATTGCATCAATGAATTCCAGTGCAGCAAGGACTTCTGCTCTGTCCATCTCACTGTTCATGGGTCTGCTGTCCCCTTTCAGCCTCTTCACTGAAGCATCGCTGTTCAGTCCCAGAATAAGTACATCCCCCATAGACGCAGCTTTGCGAAGATAAGTCACATGCCCTCTATGAAGGATGTCGAAACACCCGTTTGTAAAAACTATTTTACGCTTCATTGAGCGGATATTAGCAACATAACTGTCAAGCTGGAAAGAGTTAAGAACTTTCGAATATGTGTTAAAAGATTCATTCAGCTCATCAAGAAGCACAGGAGCTGTGCCGACTTTACTGACAACTATTCCGGCGGCCTTGTTTGCCACTTTCACAGCTTCGCTTATATCGCTCCCTTTGCCAAGGCAAAGAGCGAGAGATGCAACGACAGTGTCGCCTGCACCTGAAACATCAAAAACTTCTCTCGCTTCAGTAGGGATGTGCATATATTCATCACGCCAGACAATGCTGATCCCTTTTTCACTTCTGGTAACAACGAGATACTTGACTCTTGTTCTTTCTATAACCTCTCTGGCTGCGAGAACAACCTCTTCGTCAACATTATCAACTTTGCGCCCGACAGCCTCAGCCAGCTCTTTTACGTTTGGAGTAATGGTTGTTGCTCCGGCATACTTACGCCAGTCAGCCCCCTTAGGGTCAACTATAACAGGGAGCCCCTTATTACATGCGAGCCTGATCACCTCTTCACATATCTCAAACGAACAGAAACCCTTTCCATAGTCAGAAATAACTACAGCAGAAGACTTTTCCAGCTCTTTTTTGATATGATTAAGCGCCTTTTGAGCAAGCTTGTCTTTAACAGGAGTAACCTCTTCAAAGTCAAGCCTGACTATCTGCTGCTTATCACCTATTACACGAAGTTTTGTTGTGGTAGGACTTTCTGTCTCCACAAAAGAATATCTGGTATTTATCCCATCCAGCATCTTTTTAAGTGTGGCGCCGTCAGCGTCTTTCCCGCACGCACCCACAATAACGGAACCTGATTGAAGCCCGGATATATTATTTGCAACATTACCAGCTCCGCCAAGAGTTTGGGTCATTTTCTTAACATTCACCACAGGCACAGGAGCCTCAGGTGATATCCTCGAAACCGTACCAAAGTGATACCTGTCAAGCATCACATCCCCTATAATAAGGACGCTAATCCCCGTAAAATCATATTCTGACATCATCTGCCTCATTTTGTATTCATCAGTTTAAGCTCGTTTATCCTCTGCTCTGCCTTTTCATAATTATCATCAAAAGGCTGAACCTGCGAATACCAGTAGATTGCGTCTCTGACAAGGTGCTCATTAACACTCGGTTTTCCTGCAAATCCGCTGTAACGTTCCTCACCGAGGCGAAACGCTATATCGCTCATTTTCCGCCTGACCTTTTCATTCTGGACATCTATATTGCTGAGGGCTTCATAAGCTCGTAAGAGATTTCCATCCCCTTCATGTTTCAAAGCATTTTTATAGCGTGCTTCCGGTGCATTTTCAAGCACAAGGGTTGAATCACGCTCAATTTTTCTCAAAAGCTCATCTGCCTTATCCTTAACCATAGAAGTAGATGTAACTTTAGATGCAAGTTCATAAGCTTTACTCATAGATAATTTTGCAGAGGATATCTGCCCGTTAAGAGCAAGATTTATTGCTTCCTGATATTTCGCTTCTGCTTCTTTAAGGTTCTGCTGTCCTTCGACAATAGGATAAACTTTCCCTTTAAGGGCTATTATTTTCCTGTTAAGCGGATTTTTACTCAGACCGATCTCAAGCAGATCATGCGCTTTTTTATATTGCCCCTCATCATAGAGGACTTTAGCCTTATCATAGTAGTCATAGCTCACATCTGAAAATGTGTAGTAGAGACCACCCGCAGAAAGAGCAATTATTAAAAGAAGAATTATATACTTCCTCACTGGGTGCCTCCGTTATATTTTGCTTTCAGTGATTCGTCCTTTATGCCTGAGGCTGTGCTGTCCGCAACATCTGTTTTACCAAGTTTACGGAGTGCAGACGCTGTATAGAATTTGTCCATGTCGTCCTCTTTTTTAAAGAACATGTTAACCACAGACTGGTATTTTTCTTTTCTCATAAGGATTTCAGCGATCTTATATCTCTCTTCGCATTGATAAAATTTTGACTCGGATTTTCCTGTATAAAGCTCATTATAAAAAATATACTCTCCATATGAGCACATACCTGAAAATATAGCAGGTTTCAAAGAATCGATAAAAACCGTGACGTTTTCTTTATCACCCGCCTTAACGAGACACGCCCCTTTCACCTGCACGAACTCAACTGAATACTCCTGCATGCATTCATTTATAAGATCACAATCGAAAGGCTTTTCGCTTTTCTTATAAATATCTATTGCCCGGCAAGCATTTGCACCTGCCAGTTCATATTTGTCTTTGAATTTTTCAAACCCGACAATAAAACTTTCTTTCTCACCCGCCTGCCACATCCTGTCCAGATCAAGCCCCACAACATCGCTGTCCTCATATACTGCACGAACTTTGCTGAAACGCTCCATGTCGCCGTTTTTATAAAAGTACAGTGCAAAGTATTTCTTAGTTTTATCATCGAGGGTTGTCAGGTCGATACTGTCAAATACTGAACCTACAATTACAGGCTTATCAGAAAACTCGGATACAACTTTCAGTTTTGTACCTGTTTCTGTCGCGTTTTCTATTATTATCTTTGCAGCACTCTCGTCGGGTTTACACTCTGAGTCAAGATAGTAATTTATAGAATCTTCATCATTGGCTTTAACAAGATATGCTGATGCTGCACTGCAATCAGTTTTCGTGAGCATAATCATCATGTCTCTGGTCATCTGCTCTCTTTCAAACCGCCTGTCAACAACATCATCCACAGCCTTCAAATGAGCCAGTGATTTCTGATAATCTTTATCTGCCATATATATACGATAAAGTAGATAGTGCGCATAATCAGCCTTTCGCTTATCCGTTTCACCACCGAGATAGCTCTCAAGGGTTGGTGCGGATATTTCATAAAGTCCGTCACGAAATGCGCTCAGCCCAACGATATAATCATCCTCTCCGGCTGAAACTGATAAAGGTGCTATCAGCACAGCGGAAAGCACCAGAGCGAATAAAGTCATTATTTTTTGAGACATTCAGCTATAACCTCTATGGGATGCTTGATAACTTTTCCTCCGCCCATATGCACCATCTGAATAGTACATGTCGGGCAGTCTGTCACTCCTACAGGCGCATCAGAGCGAATAAGCTTTTCAGTCATCGGAGAGCCTATCTCTTTTGAAAGGTAATAGTTCTCCGCTTTCATCCCCCAGCTCCCAGCCATACCGCAGCAATTACTTGCGAGGTCTTCAACATCTATCCCTTCAACACTGCGCAGCATATTTACAGAGCTGTCGTTATCAGGCAGAATGCGGAAATGGCATGACTTATGATAAGCAAGTTTAACACCTGAAGCTTCAAGTTCCAGCTTATCCCTGTTTTCATTCACTAGAGTGCTGATGTGTACCAGCTTACCCTTTATTTTATCTATAATCTCATCACTGCGTATATACGCCCACTCTTTATAAAGCGAGAGCCCGCAGGATGTGCAGGTAGTGACAATATAATCAACTTCATCAACAAGATGACCCCAGCTCTCAATATTCTGGTCTATCTTCTTTTTTGAACCGTCACGGATACCTTTCGAAAGATGAGGCAGCCCGCAGCAGTGTTGCTCAGGGACAATAACCTCAAAGCCTGCCTTTTCCAGAACCTGTACAGCAGACATCCCTATGTTCGGTCTGACATACCCGGCGTAACATCCGGAGAAAAACATAACTTTTTTGCCCCCCTCTGGAGATTCATGACCAGCAAGCCGGTCAAAAAGTGAAAGTCTGTCCAGAGGAACAAACTCACGCTC
CP179913.1_gap72	2684359	2688788	4429	AATCAAGAATTATACCGTTTCCGATGGCAGAACCGCAAAGACCGCTCCCTGCACCCCTGCTGTGAACGGAAAGTCCATACCGCGAAGCAAACTTAACCGCAGTCACAACATCCTCTACATCCTTTGGATAGACAACGCATGCCGGCTCAACCCTAAAGATCGAACCGTCTGTGGAATGAAGATATCTGCGGACTGTGTCGGTATAAACATCCCCTTTTATATTTTCTGAAAGTTCTTCAAAAATGTTTTTAGTAAGTTGTGGCATTTTGACTCCGGATTTTATAAAGTGCAAAACCTGCTGATGCTGTAAGCGATCATAAGTTTTTGTATAGTACAGTTATTTTTTCTTCATTTCAAATGCTTAATATAATATATAAAGGACTTTTTTACGCAAGTTTTTAACACTTGAAACAGTGGGGACAATGGGATATTCTTTATGACTATGAAAAAACCAAAGATTGCAATAACAACAGGAGACCCCTCCGGCATAGGTCCAGAGATAGCATGTAGACTTGCCTCAGAGCTTGATGGTTCTGAAGAATATGATGCAGTTTTTATCTCATATGAAAACGTGCTCAAGTCAGCATTTGAAAATATCATAAAAGCACCAATGCCTGAAATGACTATAATTGAACCGGATGAAAAGCTGGATCTGAAGATCGAACACGGTCTGATCAAACCTGAATACGGCAAAGCATCCATGCTCTATGTGGAAAAAGCAGTACAGATGGCAATGAGCGGCGAGGTAGATGCAGTTGTAACATGCCCTATTAACAAGGCATCCATCAAAGCAGGCGGCTATAATTACCCCGGACATACAGAGTTCCTCGGCTACCTGACACGAACAAGATATTTCTCCATGCTCATGGTGGGGAAAAATATACGGACAGTGCTCGCGACAACGCATGTTCCCATGGCGGAGCTTGTGGATAAACTTGATGAAAACAGCATCATGAATGCGATTGTAAATGCACATGAAGCAGGTCAGTTCTTTTGTGGAAAACGTCAGCCGAAAATTGCTGTGTGCGGACTCAACCCACATGCAGGAGATAACGGCGCACTCGGCGACGAGGAAATTACCCTCATAACACCAGTGATTGACATCGCACGGGCAGGCGGGATGGATGTAGAAGGTCCGTTCCCAGCGGATTCCCTATTCCCCAAGGCTGCAAAAGGGGAATACGACTTTGTAGTAGTCATGTATCACGATCAGGGGCTTATACCTGTGAAGCTGGAAGCGTTTGGGAATGCAGTAAACGTCACTCTGAACCTTCCTATAATAAGAACATCCGTGGACCACGGAACCGCTTTTGAAATAGCCGGAAAAGGGATCGCAGACCACCACAGCCTCATAAGGGCTATCGATGTGGCTGTAGAAATGGTGAAAAATGCTCAATCTGCTTGATATATATAAGAGAGAGTTCGGGTATACGAAAAAGAAATTCGGACAACACTTTCTCACAAGCAAACAGTTTATAGATATGATAGCGGAATCTCTCGCCTCTGCCGAATGCAGACAAATTGTGGAAATAGGACCCGGCTGCGGTGTTCTAACCCACGCTATGCTTGAAAAAGGCGCAAGTGTCACCGCTGTGGAAATCGACGAAGACCTTGCCGAGTTCCTCCCTAGATATTTATTTATCTATAAAGGCTTTAAGGTCATTAATGCTGACTTTATGCTCATCACAGAAGACCAGCTCCCTGACGGTAAAATCGCTTTTGCCGGGAACCTGCCGTACAACGTTTCTGTGGATATCTTGATGCATTGTGTCAAATTTTTCCACAAAATTGAAAAAATGACATTCATGTTTCAAAAGGAAGTAGCAGACAGAATTAATGCGAAACCAAATAATAAAGAATACACATCACTATCAGTCATAACCTCTTATTTCTTTGAAAAGAAAAAACTTAAAGACATATCAGGCGGACAGTTCTGGCCCAACACGAAAGTACATTCGACTGTTCTGGAGTTTTATCCGAAAGAACGCCATTTCAGCGCAGAAAAAGAGTTACGCTTTCTCAGTTTTGTAAAAAATTCTTTCATGATGAAACGTAAAACTCTGCATAATAACCTGAAATCATATCCAAACCACCTTGAAGCGATGGAAAAAGCCGGACTTGCCGCCAACATCCGCGGAGAACAGATGGAGCTTAAAGACTTCATACGACTTTTTGAGGAAATTGATGTTTGATATACCATTTGACCAGCTTACATTCACAGTTTTTGACACAGAAACTACAGGTATGTCACCTGACAAAGGCGCGCGTCTGCTTGAGATAGGTGCTGTAAAAGTTAAACCGGGGCTGGTGCTCGACCTGCAGGATTCTTTCTGCACACTGATAAACCCTAAAGCTCCGATACCTTATAACGCATACTCCGTACACGGGATAAGCACAGCTATGGTCGCAGACAAGCCAGAGATAAAAGATGTTCTGCCCGGCTTTTTCAGTTTTACCGAAAATACTATCATTGCAGCACACAATGCCCGTTTTGACTGTTCATTTGTGTCTCACCACAGCGCCGAGTGCTGCATTGTCAACCCGATGACCAAAATAGTTGACACAGTTAAACTTGCCAAAAGTGCGCACTCAGGGCTTAAAAGCTATTCTCTTGGAAACCTTATACATTACTTTAGTATGGATATACCCCTTCCCGACACCTACAGACACAGAGCGTTATACGATGCAGCCCATACAGCTCTTCTGCTGACTATTTGCCTTAAAAAACTCGCCGCACAAGACATATGCACCATGCGTCACATATCTAAACTACCAAAATCACCTATCTACCTCTGGCAATAATCCGAGAAAATTCTTGCAATTATATATGAACAGTTTTAGAATTGAACCAGTTAGCATGTTACAGGGACACCTGTAAACATTAATTGGAGTCGATATGGGTATTAGAGATTTTCTTAGCGAAAAGATACAAAAAGTTGGCGTTATTGCCAAAAAACAGATTGACGAAAACCTCTGGATGAAGTGCTCTGCCTGTGGTGAGGTTAATTATCACCGCGAGGTAACAAAAAATCTTAACACATGCCCCAGATGCGGGAAACACTTCATTATCCCCGCAATGGATAAAATCAATATACTATTAGACAAGGGCTCCTTTCAGGAAATGGACTCCGGTCTCAAATCACTCGATCCTCTGAAATTCAGAGACAGTAAAAAATATACCGACAGAGTCAAAGCCGCTGTGAAGAAAACAAAGATGAACGATGCTTTTGTTTCCGGCGTGGGTCGCATAAATGGGAAACCTGTGCACATAGGTGCATATGAGTTTAACTTCCTTGCCGGAAGTATGGGAAGCGTTGTTGGCGAAAAGATTGTCCGCCTCATAGAGAGCGCTATTGAAAACAATCAGCACGTCATCACTATAAGCTGCTCCGGCGGTGCCAGAATGCAGGAGAGCATACTCTCACTAATGCAGATGGCAAAAACTTCTGCGGCTCTCGTTAAGCTGCGCAAAGCGGGGCTTGCACACATTTCTCTCCTGACAGACCCGACAACCGGCGGTGTAACCGCAAGTTATGCAATGCTCGGGGATGTGAACATAGCCGAGCCAGGTTCTCTGATCTGCTTTGCAGGACCGAGAGTTATCGAACAGACAATACGCCAGACACTCCCCGAAGGCTTTCAGCGTGCAGAATTCCTCCTTGAGCACGGAATGATAGATATGGTTCTCTCAAGGAAAGAGTGGAAAGAAACTATATATAAACTGCTGGAATTTTTCGGTTGAAAACACTCTCTGCCTTTGAATCGTTTTATAAAGACAGAGGCGAGTTCAAAACAATGGAACTCACTCTGGACCGCATCAGGTCAGCTGCTTCCGAGTGCAACATTGACGACAATATAGCCAAGATCGTTATACACATCGCAGGCACTAACGGCAAAGGCAGCACCGCAGCTTTCATTGAGCAGATACTCAAACATAGAGGACTAACCACCGGATGCTACTCTTCACCACATATAATCTCTATTGAAGAGCGCATAAGAATCAACGGCAGCGATATCAAAAGAGAAACCTTTGACGATTTATTTAATGACTTAAAAGCTGTGATAGTTAAACACGACCTGAGCTATTTTGAGGGGCTGACTCTCATAGCCTTCAAATATTTTAAAGATAATATGCCCGATGCTGCAATCATAGAAACCGGACTCGGCGGTCGTTTCGATTCCACAAACATTCTTGAAAGAAAAATACCTGTAATAACTTCTATATCAAAAGACCATGTTGAGTATCTCGGCGATGATGTATTACAGATTGCTGATGAAAAGATAGCAATCGTCAAAAACAACCTTCTGGTATTTGTCGGTAGCAATACTGAATATATGAACAAGTATCTAGATTATAAACTTCACTCAAAAACTATTGTCCAGGCAAAATACAGCAGCAGCGAGTATATGGGGCAGCCTTACCCCTTTT
CP179913.1_gap73	2690402	2691463	1061	ATACATATATAACTACACATCAGAAGCCAAAAATGCAGCAGAATACCGATATGACAGAGATCATTTAAAAGTTAAGTTTTATAAGCCGTTTGACCTTTATATAGCAACTTTTACCCCTTCTCTGAGTCTTATGCAAACCAGATGGTATAACCTCAGCGACAACCTCAACATACCCGCTGACCATGATGTTTCGTCTTTCGCAAGCGTTAACGCAGGAGACGACAGCTACAGCAGAAGGATTTACAGTCAGAGACACACATTGAAATTCAATGAGATTTATAAAGAGTACAGCCCTTTCAGGCATTCTATTTACAATACAATTGAATATCTTCAGACCCCTTATGTTAACCATAAATACATCCCAGATAACATTGCTGACGATCTGATAGACGTAGAGAGAGAATATATCTATACATTAAATAACTATTTCCTCGCTGAGAAATGGTCAGTATCACTGAAAAACAGCCTCCGTCATAACCTGCGCGACGAAGATAAAACCAGTGACGGCAGAGATTACTACCTGACAGATTTAACAATTAACACCAATCCGGTTGCCTTTCACATTAAACATGAATATAACAAAGACAAACGCACAGACGATTTTTTAAGCAGCTCGATACGATTGAAGTTCAACCCTTTCTACATAAGAGCAGCATATTCTTTTGACAAAGACGAATACAATGGCGAAGATAACAATACTTCTGCTGAGCTTGCATTTGTGTACTCTACAAACAGATACGACCTCTCATACACAAGAAGCATCTCCGGTATGAATACGGCAGCAACCACAGCAAACCTTGACGAAAGAGCGGATACGCTTGAATTCACTTACAAAAAAGACTGCTGGTCATTTGGCATCAGCTATATACGCGAAACAGACCCGGCAAATGTCGATATGAAAGACGGAAACGAGGTCGAGCATACGATTCTGTTCCACATAGCTCTGAAAGGACTAAGCAACCCAAAAACGGGTTTCAGAAATACAAATACCACATATTTTGATGAGGATGATACTGATGATGAAATTTAAAGCTCTTACCATAATCTTTATTCTGTTAATA
CP179913.1_gap74	2826892	2829347	2455	TCTATGTGCAAGTATCTCTTCAGCCGGCACTGAATGCAAAAGCTTCCAGTACATAGGGAGTGCGCCCCACATAACAAAAGCTGCCACCGCCGACTGGAAACCTGTCCTTTTTTCAGAACCCATCATACAGTCAACTGCTTCCCGTTGTCATTGCGACCGAGCTTAAGAATAAATGATGAGGCTCTTTTTCCCCATTCAGCTGGATCTTCTGCTGAAGATGCCTCGGTACCGAAGACGCCTTTAACCATATCAGTGTTTATAAATCCGGGGTTCAAACTGACCACAGCAATCCCCCCATGAACTTCCTGAGCCATAGCCATACTCAGCCCTTCAATAGCGTATTTCGATGCGCAGTATGGCGCAACTTTCGGCGACACGGAGCGTCCCCATCCGGAGCTCATATTCACAATCACGCCCTCCCCGCTCTTCTCCATAGCAGGATAAAAGGCTCTGATAACATTCATCGTTCCCGACACATTTATATCCATAAGCATATTAAATTCATCAGCCGGCACTTCCCATACGTTTGCAGGCCTGTTCATAACAGCTGCATTATTTATAAGGATATCGGGGGCACCCATCACAGAGATCACATTATCAGCAAAAGCCTTTACAGAAAGCGGTTCGGTGATGTCCACGGAAGAACACAAGACCATACAGCAAGGTCCCTCACCAGATCTGCTGCATCCGGCAACTTTATGCCCCATAACAGTAAAAGCCTCTGCAAGCTGATATCCAAGCCCCTTCGACACTCCGGAAATTACGATTTTCTTACTCATCCGATACCTCACCGATACAATTACATACATCACCTGAGTATACTCCGATCAAATACTTGCCGTCCACCTTTGCGCACCGAACCGAAACATCTTTCACTTCGGGTTTTATCTCATGCAGATATGCCAAACTTACAAATTTACCGGATATATCCACCCCGTCCGCAACAAGAACAGTATCCAGAAACTGTCCATAGGTAACATTGCTCACATGTCCGTTCACATCAAAATCCGCAGGTCGGACAGTGATATTTTTTTCGTCCCCGTTAAAAGGTGGTTCTGTAAAATTCAGATTCTTGATCCTGTCACCAAAAACTGGCACATCTTCACTCTCATAACTTGCAACAATGTCCTCTGCGGGTCTCACAGGTCTTCGTTTCTCTATGTTCAGATAAATCCATATGCTACTGCCCGTTATACACTTCTCGCCGTCCGCATATATTTCGTAGTTACGATATCCTTTAAATTTATCTATCCCTCTTGACCATGTTTTAACTTTAAGTTTCTGTCTGAAATCAGGCAGCCTGTCCGCTTTGAACAGATTTTTATTATGCATCCATATGCTTCCGCTGCCCATGTAGCTTTCTGTCGGGAACCCCACACTGGTAGAATGGAATATTGCAGCTTCCTGAAAGATCTTCAAGATACTGTCAGAACGCAGTAAGCCCGCCCCGTTGTAGTCCGCAATATCAAAATGCCTGTCAAATTCGTAGAACATTACTTACCTCATCATTTAGCTCAGATACTCTTTGAGAGTTAGTTTATCCGATATTTCTGATTTGATTTTAAACATGAATATCCGCGATTTTTAATAAGCGTGAAAACTAAAATACAGTATATTTATAACACTAATTACTGACACTTCCCAGCACAAATGGCACAAAATGCTCAGTTGTAAGGATTCGCTCACCAAGACTGAAAGGAGTAAAGCCTGCCCTGATAAAAGTTTCAAGCTCTCTGTCAATAAAACCGCCCTCCGGACCAATGGCAACGGCAGCAGGAGACCGAACAAAAGCTCCTGAATCTCCATATGGGTGAGCGATAAACCTTGTGCGCTTCTCAGGGATGGTCGGCAGACCCTCTTCGAAAAAATCTGTAAAAAAACGGTAGAAATGTATATCAGGCATGACAGTATCACGGCACTGCATTAATGCTTCAAGGCAGTATTTATTTATGTTTTCATCTGAAAGATAAGGACTTTGCCAGTAGCTCTTTTCAACCCTCCATGTGTTTATGACATGAACATCCTTGACACCGGCAGTAACGATACCAAACAGTATCCTGCGAAACGCCTTTGGTCTGGGAAGAGCTAAAATTAATGAAACATCACAAGCTTCCGGAGGTGCTTTCTCCGGCTGAAAACTGACTGTAACGCCTGAGTCACTGATATCCTCAATGACTGCCTTACCTATTTCGCCGTTCAGAATGCCGGCTTTTATGGTTTCCCCTTCAGCAGACTTCAGAACATAACGGATGTGGGATGCCCGCCAGTCTGTGACAACTGCTTTTCCACCGTGCATCTCCAGTTGATTCAGCACAAGGAGGTTCATAGTCTCCTAATCTTCCAGAACTCTGATAATAGTAGCTTCTTTACCGTCCTGGCTGTAGTATATTTCATCGATAATACGACGTGATATCTTTACACCTTTCCCGTCATTCTGCTCTTTATCATACATCCA
CP179913.1_gap75	2832619	2835017	2398	GCGCACGACAGGGATGTTATCGATTTTATAGGCAGGCTCAAAGATTTCTCTGTAACAGGAGTTCCCGCTGAATTCAAACAGGTTATTATCAACATAATGAATAACGCCGTAGATGCTATCCTTGAACGTAAAAGAAAAACCACAGAACATGTTCAGGGGCAAATCTCTGTGGAACTGGAAAAAAGCAGTGGCAAGCTTAATATTTACATCAGAGACAACGGCATAGGGATAGAACATAACGCCGTGACAAAGCTGTTTGAGCCTTACTATACCACTAAAGAGGACGGATCCGGCATAGGATTATACATGTCCAGAATTATCATCGAAGAACATATGAATGGGAAAATCAGTGCATCTCCGCTGCCCACAGGCGCTATTTTCACTATAAATCTTCCCGTAGAGTAGAAGTTACCCTGTACTAAAAAACACTACACAATGCAGATGTACATTGTATATTTATTACTACAAACAAGCTGCAATGATTAACCGCAGGTGGCTACATGACAAAACATATATCCAAGATAACACTACTGACCGCAATTACTATTGCAACAGCCTTTTCGACAATAATATTATGGAACTTATACAGTATCTTTGAAGAATATAATGCCAACAATAATCAGAAATTAAAGCAATTCTATACAAAACAGCAAAAAGGACTCATACAAAATGAAGTTTCAAGGCTGATTCAGCGTATTAATGCTACAAGAAACGCTGTATTGGAAGACACTAAACAAAATCTGCGGGACAGAGTCAACTCCGCAGAAGCCTATATTGAAAATATAAACTTTAACCATGTCACAGAACATGGGCAGCAGCATATCAGCAACCTGATTGCATCATTCACCTGGAACCATAATACAGGCTATTTTTATATAATATCAAAACAAGGCACTATTATGCACCATGGCGGCGACTCCACACTTGCCGGCAAGTCACTCAGCGATATACATGAGCAATCTGCTGATATTTTTAACTTTCTAAACTCCGCAATAACTAATGGCGAGGCTTTCGCCGAATATGATTACTACCCCCCTGACGGCAGCAACAACTCCAAGAAAAAACTGGGGTACGCAAAATATAATAAAAAACTGGACATGCTCATAGGTTCCGGCATTTATTTTGACACTCTGAAGACCAAAGTGCAGAACGAAATCCTTGAAACTGTTAAGAAGGAACGTTTCGGATACAACAACTACGGGTACTTCTGGATATTTGACACTAATTACAACACAATATTTCACATAGACCCAAACATGTACTCCCGCGATATGTACACTCTGAAGGATACTCAGGGCAAGTATGTAGTCAGAGAGCTTTTGGAAATAGCCAAAACTAAAGGGGAAGGCTTCACTAGCTATTACTGGAATATCCCGGGAAAGGATATAGGATCCGAAAAAGTAGCATATGTCTCTTATTTTCCGGAATGGAACTGGGTGATCGGTTCAGGATTCTATTACGAAAATTTTCATAACCTTATCGCAACCGAAGAGGCTATCAGCCAAAGTATTCTGGCGGATGAATTGACAAAAAACGGCATCATTATCTTTGTAATGTTCACCGGAGTAGTCATCATATCGCTGATAATATTCAATAAGATAAAAGTGATCGAACACGAACAGCAAGATTATGTAAACGACCTGCTTCAATACAAAACAGTCATCGATACAAGCGCAATTGTTAGCATCACAAATCTGAAAGGTGAAATGATGCATGTCAACGATCAAATGTGCAACATCACAGGCTTCAGCGCAGATGAACTAATAGGGATGAAGCACAATAAGATCGGTCACCCGGACAACCCGCAGGAAACTTACAGAGAGCTCTGGGGGACAATTACAAAAGGGGATGTCTGGAGAGGAATAATCAAAAATCTCACTAAAGACGGTGGTTATTTCTATCAGAAAACAACAATTACTCCGTTCAAAAATAAAGAAGGAATAATAACAAATTACATTGCAATAAGCCATGATGTTACTGAACTGTTTGAAAACAAGTCACAGCTTCAGAAATATCTGCACATTGACCCTCTCACCGAACTTGAAAACAGAGCCAGTCTCCTGCTGGAGATAAAAAATTCCCGATCCGGAGACCTCGCAATTATTGACATTGACGGATTCCATAAGATAAATGAAACATTCGGAATGAAATTCGGAGATACACTACTTAAGAGTTTTGCAAACAGACTATCTGAAAACGTTAACCTTAACAGATACAACACCTATCGGCTGCACTCAGATGTTTTTGCGGTATTCTCCAACCAGAGTGACAAAAACCTATTCATCACAAACGTGGAAAATGCAGTAAAAAACATAACAAAAGATTCTGTAAACATTGCCGGAAAAGATATTATAATAACATCAATAACAGGATATGCTCACGGCTCTGACAATATCCT
CP179913.1_gap76	2847415	2850447	3032	CGCTTTCTTCCTGTCTATCCCCGCATTCTCTATCTCGTCAATGAGAACAATCGGTGATTTGCTGAGAAAAGCTGTATCGGCTATCATAAGGGCTCGTGACTGACCACCGGAAAGGGCTGTAACAGGAGTATCACCGCTGAACTGCTCGCCTGCAAGCTCGTTCGCCTTTTTTATGATGAGCTCAACCTTCTCTTCAGGATTCTGAACAAACCGGCTTTCTGCGTGAATCATAACAAACTCTCTGGCAGACAAATCCATTACAAAGTTCATATTCTGAGACAACTGCGCCACTGGCTTATGCTCCGGAGAGAAACGCCAGCTTTTGTCCGCATCCACACCGTTTATCTTTATATGTCTTTTTGTGGGGGTGTCTCCCATAGCCATCCATTCGATATCAGCAAGAAGGCGGCTCTTACCCGAACCTGTCGGTCCGACTATGCATATAACTTCTCCGGATTTAACTTCTATGTCTACATTCTCCTGCTCACCAGTCTTGTTTAACCCGCCGATGATGCGCAGTGTTTTTATGGTTGTTGTTTTTTCTGTGAGATTCCCTACAGCTTCAACAAATGATACAAAATTCTCCATAAACTCAACAGGTTCAATGCCGAGATCCTCCAGCGTGTCTTCGCTGAGACTGTCTACGAAGTCCCTGACGTTCCCTTTCGGAATCTCCAGCCCCTGAGATTCAAAAAAATCTCCGGCAAAGGGCATTTCTGCAAGTACATCCTGAAAATCTATATTAAGAAGTGTCTCTTTATCCATTATCCACATCCATTTTTCTAACATTACCCATCTGATATTCCGCACCTATACGCTTTTCACCCAGGCAGTATGAACAGAGCGCTGACGGCATGGAGAAACGTAAACTTTTACCGTTCAGTGTTTCTGTTTCTGTCTTATCATCCGCAAAAAGTGTTGAAAGCTCAAAAGCCCCCTGACCTGTAATTCCGTTCACATGCATAATGCTCGCAGTTGGGTTCACAGCTGCAACCCTCGCAGCAAAAACTTCACGCTCCGCCTGAGAGACTATGTCCCCTTTTGTGATGATAACAATATCAGCAGATTTCAGCATGGGACCGATCTTCTTCGGCGTGTTGATACCTGAAAGATTATCTATCACACAAACAGCAAGTATCTCTTTTATATGCGGAGAACATCTGTTGCAGAGACCTGCGCTCTCACTAATGAGAATATCAACCCCCTGCTTTTTCCCCCACTCGAAGCTCTCGGAAACGTTGCTTACAAAGTAATGGTCAGGGCAGAGTGCGCCTGACAACCCTTTTTTCACAGGGATTCCCTTCTGCTCATAGAGCTTGTCGTCATCAGTGTAGAGACAGTCAAACTTCACCACACCTGACTTCATCCCTCTCTGCTGAAGGCTCTCTACTGTTTTCAGAATAACTGATGTCTTCCCCGAAGAAGGAGGACCGCTGACTGTTACAAATCTCATTATTTATGCCCCCAGAGCATCGTTGAAAACTTTATCAAGCTTCTCAAGCAATGCGCCCATGTCTGTTTTATAAATGTAATCCCACCCTACCCAGTTGAACTTTGCGCCTTCAGGGAGGTTATTATCCACTTGCGGATTCAACGCAGGAAAGAGTCCCCTGTGACTAAGTATCTCGCCAACTTCTTTTCCGTAAAGGAATTCCGCCACAGGTCTTGCCACATCCTCTCTGTCTGCTCTGGTCAGCATAAAGATCGGGCTTATTATACTACCCTCTTCAGGCCAGACGACCTCTGCGGACTTACTGCCGAAAAGCATCTTTGTGAAGAAGTACGGCATTATCGTAACAGCGGGCTTCGCTTCGTTCTTACGTCCGGCATTTTTCACCATCTGAGCAGGGTGCATGGACTGAACCATATTATCGGCAAGCTTAACCACCCCTTCCTCACCGAACATCTTATGTATATGCACCAGAAGTGCGTTAAAAAGGTCAAAGTCGCCCACAGGGAGAGACACAGACTTCTCAAACTCAGGAGAGAGCAGATCAGCCCAGCTCTTCGGAACTGCACGCCCGTCAAGGGCATCTTTATTTACAAGAAATACTGCAGGCACAACACCTATCATTCCATAGTTCCCTTTAGGGTCTTTCATATGGCTGAAATAGCTGTGAGTGTCGCCTGTCATATCTTTAAACATACCGTTCCGAACGTGCTTACCAAAAGAACGTTCATCAAAAAAGACATCGAATCCGGCGGACACGAATACATCCGGCACATCCTCAGCTCTGATGCCCACAACATTATCATTCAGCCACTGCTGACCGGCAGAAGCGGCTATAAGGTCATGAGCAACGCTCAAGCCTGTTTTCTCTGTGATGCTCTCTGCAAAAGCGTCAATGCCTTCAAGGAGAGGCAGCCGAACCGGACAGGGGAGAAGCCCCTTCACAGTGATGTCACCATCTTTCTTTGAATCGCGGAGGGTTATATCAACCTTTGCATCATTGTTGCTGTCTATCTCGTTCAAACTCTCCAGAAAAGTTTTTATATCATAGTTTTTCTGTTTAATAGCTGTTTCAAGCTTCAGAAACTTTCCTGCTGATTTAAGTGTAGTCTCTTTATTAAAATTATCGAATCCTTTGCTGACAAAAAGATTAAACGCCTCTGGGTGGTTTTCTGAAAGCTCAAGAACTGTTATATTTCCGTTTATCATTTTTCACTCCATCTGTTACTGTATGATATGGAATATAGCTGAATTTTCACAGATTTAATTGATGTCAGTCAAATTTAACAAAGTCGGCACTTCAATGCATACCGGAATATCGCTAATATCCCTAATGCCGTAAAATATCACTGTTCACTTCTGAGGATTTAATTAAGAAGAGAAACGTCGGCAGGCTGTAATATAGATTCCCACAGGTGACCCCGCGGCTCTATTTCTTCGCACGTGCTTAACACACGGATTTACAGCTTCGTTGTCACAGCCAGGGCATATGCAAAATACGTCACTCCGAAGCCCACAGAGCTTTTGCAGTCTCTGAACTCGTTAGTTAATCCTGAGATTGCTTCGTCATTACATTCCCCGC
CP179913.1_gap77	2858963	2862367	3404	GCTCTTTAAATTCTTCCTTTATCGCAATAAAACTTTCGGGAACATCTCTGAAAAACTGACCAGCGAGATTCAACCTAAAATCTCCTGTCATTTCACGTAACTTACAAAGAGCCATATAAAACCTTTCCGGTGCTTTATCGTATTCCCACCTGTGGTTCCACAATATGGACGGTTTGTCGTGTCGGTATTGGTATTTTCTGAGCGGATTTATAGGAACACTCAGCACTCTGCTCTTGTTTTTAATAATTTCTGTCAGCCCCGAGGGAACGTGGTCAGGCATTTTTCTAAGCAGTTTTCTTGCCCCATGCAGAAAAGTCTGTCTATTATAATCTGTGTTAAAAACAACGTGATCCGCAGCAAGAGCATTGTAGATTGAAACAAGTTTGGCTTCTATGTTGTTGTGAGACGATCTGTTTTCAGGGTAGTCGAACTGATTTTCATGGAAATAAACTATCAGAGGAGTGTTGGCGATCTCAGGCACCAGTCCTCGTAGAGCTGTCATATCAGTCATTGAGGTCGCAAATATGAGATCATACCCTGCTGTCAGAACGTCTCTGTTTTCGTATGCAAAACTCAGACTGTTCCCGCGGGAACGCCACGCAAAATATCTTGGTGGAAGGGTAAGCAAACTGAAATCAACTTCACTGAAATTTTGAATCAGCCCTTTATTTAAATGCTGGTGACTAACAGCGTTATATGCGGACAATATGAGTATCTTCAAAATAACCTCAAAATAGCAATAGTATCATTATTTATATGTAGAAAGAGCCCCCTGACTGGGGTGTAGTCAGGAGGCTTCATCAGGAAACAAGATAGAAAATTTACTTGTGAATACAGGCAGGACGGCTTTCGCCGCATGTTGAGGACCGCCTGCATCCTTCACATGTATAATAACAAAGATATCTTAAAAATATCTTAAATCAAGCACTTTCTTGAGAATAATTCTTTGATGGACATCCGAATATTTTAATTCATAGAAACATTATTCAGCGTATTTTGAACATCGATAAAACAATGTTCGTCTTTTCTCCACATACAATACCATTTGTAATCATACTATTTTCTGACATATAATCAAAGTATGAAAGACAAATTTACTGACACCAATACACTTTACGACAACAGTTTTATTATCAAAAGAGACAGCAAGATATCTGAGCTCGCCTCTATGAGCAATTTCCATAACATTTTCATGTTCAGCGCTGTGCCTGGTGCGGGGAAATCCATTCTCGCCAGACAAGTGGCAGAAACTAATTATGCAAACAGTATCTGGCACGACATAACAGACAGCGACAAAGCCCCGTTGTCTTTCTGCTGGTCACTTTATAATGCGATAAAAAAATGCTTTCCGAACTATTCCTGTGCAGAGATGGAAACACCGACAGGAAATCACGATAAACTGAAATACGAAACTTATATAAAAGCAATTATGAAATCACTGAAGAGATACACACGAAGAAAAACAGTGATCGTACTCGACAACACAGAGCTTCTGCCGACTATCGGACTGGGGTGCAAAGCTGTTAAAACCGCTCTGCTTGCCGCGTCATCAACCCTGCACTTCATAATCTGCTCCCGGAGAACCTGTACAGACTCAACACTTGCAAACAGACTTGAAAAGCAAATAATCATTTTCGATAACAGCTTTTTTTATTTCACAAAAGAGGAATTCCACAAGCTAGCTCTGGCACAACTGGAGCACATCATAGACCTTTCAGGGATAGACAGGATATACGCTATATCTGAAGGGTGGGCGCACGGAATAGTAACAGGACTTAAATATTTCAGAACACGGGGCAAAATCCCGGATTCATCAATAATTGCAGGACAGCTTGATAAATTTTTTGAAATTAACGCTCTGCGTCCGGAAGATATTAAGCTGTACAGCTCCTTCGCTGCCCTCTCTCTGCTTGAAGAGATCCCACTCGAATTTTCCGTTAAGTTTTCAGGAGGGACAGAGCTGGCGAGTTTTCTGATTAACGCCCTTGACAGCAACAACTTCATACAAAAGAAGAAAAAAGTCACTTTTATCCTGCATAACATCTACAGAAGCTGGCTTATTGCTACGTCTAAAGAAACATTTCAGAAAATTAACGCCGCAGCCTTCCTTAACGCCGCGGCCTCTTATGAGCTAAACAAGGGCAGCCTGACACTGGCAATAAAATACCTTATAAGAGCTCAGGCATACTCCCGCCTTGAGTCTGTCATGAAAGACAATATTGATGAAATACTACGCTCTGATAACAACAGAGGATATAACGGAATCCTTTCAGATGTTCCTGGCAAAATACTGCGCAGCACTATGTGGACAGCTTTGGCTTATGCGTACACTTCTATTAATATTATGCCGGAGCAGGCTTGCAGGATGTTCTGCATTACCTTACAAAAATTCATCGATTGTAACGACAAAACGGGAATACTTCTCAGCTACACCGGTCTGGTAAACTTTCACTTCTTTCTGCGCGGAACAAGCATAAACGGACTTAAGTACAAACAGCTTATACAAGATTGTCTTACAGCCGAAGAAGAGAATCTCTCACCTGTTAAAATAGTATCCATATACACATCCCTCGCTTTCGGCGGAATGAACTACTACCCCCAGAAGATTATAAAAGAGTTTATAAATAAAGTCCTACCGCTGGTGGAAAAGGAACGTATGTTCCGACAGAAAATAGAAATATATTATGTATATGCCCTCTTCAACGAACTAATGGGCTCTATGCAGCTTTGTGAGAGATTCACAGATCTTCTTTTTGCAGAGCTGCATACAATAAAAAAAGATCCATTTTCTCTCCTGACTTTTATAATGAAACTGCACAGGTTTTATAATATCCAGGGAGAAACAAAAATATCTGAATACATAGGGCAGTATGCTCAGAGAACAATGTCTGTTCATATGGAGCTAAGTATGCTCTATAAGGCTCTGCTGGATATTTATGAAACTGATAACTTTGCACACTCCGGAGACATCGAAAAGCTTCAGAGACATATGGAAAAATACAGTATGCATGAACTTAATAACCTTCCGGCGCATATTCGTGCAGCAATGACCAGCCATATAGCACTCGGACTTGCAACGAAATTTGATGAAACATCAAGAATACTGGCAGAAAAAGCTCTTAAAGTAGCTATTGATGCTGAGATGAACGAATATACGGTCAGCGAATTTTATTTCTATGCCGGAGCGATTTACACTCTTCTGGGTAATTTTAAAGAAGCTGAAATGCGGCTGACAAAGGCCCTTGAACTTGCACAGGAATTTTCTAACGAAAGGATAAACGCTTCATCCTGTGCATATATGTCATACCTTTATGATACTATCAGTGACAGAAGAAATGCAGCAGAATACGCAGTCTCGGCTGTACGTTTTATGATGAAAACCAGACAGAAAAAACTTAAATGGT
CP179913.1_gap78	2879257	2880503	1246	CTCCGGAAAAAGAATCACAATAGTCAACGCCACCAGCTGTATAATGATAAAAGGTATGATTCCTTTGTATATGTGAGCAGTTGTAACATTAGACGGGGCAACCCCCTTCAGAAAGAAGAGAGCAAAGCCGAAAGGCGGTGTAAGGAAAGAGGTCTGAAGATTCATAGCAAGCAGAATCCCTATCCAGAGCAGGTCTATCCCCATATGCTGAAATATCGGAGCCACAACAGGAACAATGATAAACGTAATCTCTATGAAATCTATAAAAAAACCTGCAATAAAAACCACAAGCATCACTACCGCTAAAAAAGTATACGGTGAAAGATTTGACCCCACAATAAGCTCACGCAGATAAACATCACCATCCATACCCCGAAAAACCAGTCCGAAAGCTGTTGCCCCAACCAAAATTGTAAAAACCATACTTGTAAGGGCTGTTGTCTCTTTCATCACAGCCAGAAGAGTCTTATACTTAAACTTTCCCTGCACAGCCGTCAGGAATGTTGCACCGAATGCACCCACAGCAGCGGCTTCCGTAGGAGACGCTATCCCTTTAAAAATAGAACCGAGGACGCAGAGTATCAGAGCAAAAGGCGGAAGAAATGCTCTCAGAAGACGGGCGATCATAGCCCATCCGGTAAACCCCGCAAGCTCCTCAGCAGGCATAGCAGGAGCCGCTTTTGGTCTGAAAAGAGCTACTGTCATAATCCAGATAAAATAAAGCCCCACAAGCATAAAGCCCGGCAACACCGCTCCCATAAACATATCACCAATGGAAACACCGAGAATGCTGCCCAGAAGAACAAGAACTATAGAAGGCGGAATAATCTGCCCTAATGTACCCGCAGAGCAGATAGTACCTGTCGCCACTTCGGGGCTGTACCCTCTTTTAATCATAGTCGGCAGGCTCAGAAGTCCCATTGTAACGACTGTTGCACCAACTATACCTGTAGACGCAGCAAGCAGAGCCCCTACAACCACAACAGATATGGCAAGACCGCCTCTGACACGTCCGAAAAGGAGCGCCATAGTCTCAAGAAGTTCCTCAGCGAGACCAGACTTTTCCAGCATAACCCCCATAAAAACGAACAGAGGCACGGCAATCATAACGTAATTCGTCATAACCCCCCATATCCTCAGAGGGAGAAGATTAAAAAAGTCCATTCCGAATGTGAAATACCCGAAAATGAGTGAGACTCCGCCGAGTGTAAACGCAACAGGAAACCCAAACATCAGCATCGCAAAA
CP179913.1_gap79	2934945	2935445	500	TCATCAATTACAAGAACACGCTGCTGCCAGCTGCTGAATGATTTGAAATATCTGATCACATTAAGCGATATATCCATCATAAAACGCCGCCAATTGATACTTGTACGTGTACTTAAACGATAAAAAACATCTTTACCGCCTAAATCAAATAGACTGTTCCGGCAATGGGAAACAAAATGGTGAACGCTCTTACCGAGAAAAGTCAGAAAAACTAAAGCCACAAGAATCGAAAACGGCTCGACGCCCTGATTCTTTGAAATACCGCACCTATAGGCAATTGTACGCAGTTGCAAAGCCTTCATTACTCGGAATATCTCAAATTCTTTCCACAATGCCGCTTGTATTTCAGACTGCCATGATTTATTCTCAAGCATAGAAAAAGTCTCCTTGATGTAATTGTTATTGGAAAATCAATATACCATCTATGTGAGACTTTTTCTATTGTTATCCTAGCTATAACAACAAGTTATCGCACTATATCAAGATGCGAAACTTGAGTT
