gap_id	start	end	length	sequence
CP171104.1_gap1	158174	163164	4990	CATTTATGGGCATACGGGGCTGACATAACGAGCTCTGTTGTTATCAAGGCGGATCTTTGCGTTTAGCCACCTGTAGCCGTGAGACGGGTACCTCAAATGATATTTCTCGAACATGACGATGCTGCTGACAAGGCGCTTTGTCCGATCTGATGGATTTGAAAGGCTCATTTTCCAGTTGTAAAAGCTGCTCCTTGGAATATTCATTAATTTGCAGAGCAGGTCTATATGGAACTTACCCGACAATTCAAGGATCACCTGATACTCTTGCTGTTTATGGAAATGAATTTCTTTTTCGCACCAACCCCCTTCACCATGTATCCTTTTTTTAAGCGCGCTTCGTTTATTCTGGCCATGACTAAAGCCGTTATAAGCTCATCTCTTGACATGGCCTCATATTCTTCCATTCCAGGCTGTGGAGCAGGAATCGGGATCATAGCAACCTCCACAGGTTTTTGATTTTGATATGGTTTTTTATGCGGAAGATTGTTTTCGTCCCTGTAGAGCCACATATAATTACGGGCCGTGCCAAAGCTGATGGAATATTCCTCTGCGGCCTGTTCCTTGTTGATCTCATCATCATAAATACGGCGTCCGATGAGCAATTTTTCTTCTTTCGAATATTTCATTGTCATACCTCCTGTCCGCCTTGTTGATTATCGAGGACTGTTTTTTAGTATTCCGTGTCTTGTCTTGCATGTTTACATGCCCTAATTTGACCCTTTTCGTGTCCAATATTAGTTTATCACTTCAATATAACAACGGTTCTGCGCTTATTTAGCTGGGAGAAAGCACAAAAGTCAGGAAAAAAGCTGCGTTCTGCAGCGGCGACTAGTTAACTACACGGTTTGTTAAATTTGGCAGATATTCAAGTATTGACAAGGAGGTTGCTACAATATTTATTCTAACAACATTAGCGATATATATAAAAGGAGTTGTTGCAGATGTTTTTGTATAGTGCGCTATTGGTCTTTTTGAATTGGATTTGGGGCCTGCCCATGTTACTCTTCCTAGGCGGCGGAGGGGTGATTCTCACGATTAGCGTGGGTTTTGTGCAATGCACAAAATTCGGATACGTTATGCGGCATACTTTTGGAAAAATGTTCGAAAAAGCGGATAAAAATGGAATATCGGGCTTTCAAGCCGTCTCTGCCGCGTTATCATCAACTATTGGCACCGGCAACATAGTTGGTGTAGGCGCTGCTATCGCAATGGGCGGCCCTGGGGCTGTTTTTTGGATGTGGTTAATAGGCTTTGTTGCAATGGCTACAAAATATTGTGAAGTCATAGCTTCCGTCAAATACCGGGAGCCAAACCCGAACGGAGGGTGGTTTGCTGGCCCTTATATGTATATTAGAAAGGGACTTGGCAACACGTGTTTCAGTAGGGGGCTTGCCGTTATTTGGGCGATAAGCATGATTTTTGCATGCCTTGTCGGCGCTGCGCTCCACACGGGATCTACACTTGACGGACTGGGCACTCTTAATATCCCAAGAGTACCTCTTATGATTGCTATCCTTGTCCTTGACGGATTCGTGCTTTTTGGCGGGGTAAGACGTCTTGTCAATATTACTGATAAACTAGTTCCATTCATGGCTGCTATATATATTATTGCAGGGTCAGTCATTATATTTTCCAACATAGGTACACTTGCCTCTGTAATAGCTATGATTTGTCGTGAGGCATTTACTGGCACGTCTGCCGTTGGTGGTTTTGCAGGGTCTACCCTTGCGATTACAATCCGCTGGGGTGTCGCGCGCGGCATGTATTCCAACGACGCCGGCGGAGGTGTGCCGTCGATTGTGCACGGTCAGGCAACTTGCAAGCATCCTGTTGAACAGGCAATGTGGGGAATCTTTGAAGTATTCTTTGATACCATCGTAGTCTGTTCTTTCACCGCCTTTGTCATACTGTGTACAGGAGAATGGCTTACTGGCGCGCCAGGTTCGGTACTGGCCATCAATGCATTTGCAACAGGATTAGGTTCGGTAGGCAGAATTTTGGCTCCAATATGCCTTGCACTATTTGCGATATCCACAGTCATGGCAATTGGAATCTTTGCACAAATGCAGGCAGAAAATTTATGGGGAACCTTTGCATCTAAAATGGTCTCTGTGCTTTTTCTTATAATGATAGTTTTCGGATTATTTGGTGTTGACCTGATCATTCCATTTTCCGATCTTGCGAACGCATTAGTAATTATAGGCTCACTGACATCACTTTTGTTTATGATTAAAATGCTGAGGGCTGAAACTAAAGATTATTTTAGCACGATAGATTCAATAGAAAAGAATAATAAATAATCTGCGTCTGGCAATATTTAAGATCCCCGGAGGAGATATTATGAGAAAAAAACCAGTCATAGGCATTACATGTAATATTAGTTATGATGACAAACTGCCAATGGCGGAGGGTATAGGCGTCGCCAAACAGGATTGGCAACTTTTAGCTGACGATTATATTTCCGCTGTTGAAAAGGCAGGCGGCATTCCGCTGATAATCCCGTTTGTGAAGAATATTGAAATTTTGAAAGACGTTATCTCCTTGATCGATGGGCTGTTTTTAACAGGTGGCAATGATATCGACCCAAAGTATTATCATCAGTCAGTGTACCCGGGTTCTGTAAATTTAGTGCCAGATCGCGACAGACAGGATTTATTTTTGACAAAATACGTAATTGAGGAAACTACGCTCCCGTTTTTGGGCGTGTGCAGGGGAATACAGATATTGAATGTGGTCATGGGCGGCACGATCCTTCAGCATATTGATGAAAGTCGTTTTAGTTTTCATACAATGTTGATGTACCCTAAATATGAATGGTCGCACCAAATTAAAATAACGCGAGATAGTCTATTGTATGATATAATAAAAAAAGATATGTTGGGTGTTAACTCTTTTCACCATCAAGCGGTTGATAAGCTCGGAACTGGGCTCAGAGCTATAGGGTATGCTGAAGATGGCCTGATAGAAGCGGTTGAGCTGGAAAACAGAGACGATCGTTTCATTTTGGCGATTCAGTGGCATCCCGAAATGATGAGTTCAAAATACGATACCCAACAAAGTATCATAGACCGTTTCATTGAGGCGTGTAAATAGTAACTACCCTCGCAGCAGAGCGGTTTGAAATTTAATTACATTTCGCTACGTAAATAATCCAAGGACTACCTAAAACCGTACGATTTTTCTTAGCCCTTGGATTTTATGAGGTGTGATAGCTGTGAAAATAAGCGAGATTTCAAATCTTTGCAATGTACCAAAGGAAACCATAAGATATTATGTTTCACTTGGCCTACTTTTTCCGCAAAGAAAGGGATCTTCCGTAATATTTACTGAGAGGGAGATTGCGGATTTAAGATACATTGGACGATTGAAAAATATGCATTTTAATCTTAAGGAAATCCAGGCTATAACCTCTATCAAAAAGAGTTTTTATAGTATCGAGCCTAGCTATTTCAAAGAATTTAAAGAAATATTAATAAACAAACGCCACGAAGTTCTTTCCAGAATTACTGGATTGAATAATTCAGTTGCCGCGATTGACAAGGAATTAAACGAAGTAGATGAAAACTCGAATATTGTCACCACTGAGACTGGCGTTCCTATTGCCGCCCTATCCATACTATTTTGTCCTTGTTGCTGCAAGCCACTCTCTATCCAGAACGCCAACATGACGTCACAATACATTATCAACGGTTGGCTCGTTTGCGAATGCGGTTACCGAGCGGAAATAAAACAGGGAATCATTGTGACGGCAAATAAATGTATGGATTCCGATGATCACCCAGACGTTACCAGAGATCTTTACAGAGGGTTACATCCTGATTTTTTCAAGCTATATCAGCAATCCTATGATTTGATTGCCGATGGTCTACACTCATTGCCGCTGCATAATAAAATAATTATGGAAGCAAACGTCAACGGCTATTTTTTCCTTTATAATAATTTTAAGAATCTACCAAAAAACGTATTATACATTGTTATTGACAAATACCCAGAAATGCTCTTTATGTATAAAAGCCTTCTGGAACGCCTGAATCTTAATTTTGATATTTTGTATATCGCGGATGCAAAAGTGCAATATCCTATCAGGCTTGGCTCAGTCGATTATCTGATAGATTTTTTTGGTAATGCACAATACCAGTATTATTGCCATGATAGTTTTATTGATGATGCGGACAAATATTTAAAAAATGAGGCAGCGGTATTAGGCTCATATATGAACTTTGACGCAAATGCGAAATCACGTTTACGGATTGCCCAAAAATATAAAAGGTCCTCTCCAAGGACGCATATGTTTTCCGCGTTAAAATCGGATTACGAACACCTTAATTATGATGTGACATCCAACTATGTTGGTTCTGTTTTTAAGACACAGGATCAGTTTTCATTTACATGCCATGTTGATGGGGAAGAAATGCGAATTTATTATTATACGGCAAAAAGGATCTCACGTAACAAATGACAACGCTCTTTTACATGCAGAAACTTCATGAAACAATTCCTGAATATAGGGCCCTCCTGCAGCCCTCCCCATCAATAAAGGCTTAAATTAGCCCTTTCTACTGACAAAAACAATAACCTGCAAAGTGGTTCGTAGCTATATTGACACTGACCTCTGTTATTCACATACGACAATCCACTGCCATAAATCGTCTGAGATAATATCACCATGAAGCAGGCGCTAATGACATTGAACAGTCTGTATTATGGGCGGATGAGGGCGTTGGAGAGATTGCAGACTGGCATCATAATAATCAGGTGGCCGCGATTTTTATTGAGGTAACGGCGCGCCAGACATGAGGCTAAAAAATGCAGAGAAAGAAGCAAGAGAAGATGTCGTGCCATAGGCCGGACATTCACCATCAACCTTGCGTTCCAATTTACTAAGGGCTAAGAAATAGGTGATGAGAGAAATCTGTTTATATACGCCTGATAATCCTGATAATATAGATATGCAAAGCTCTTGCAAGTATGCTCTTCCCTCCAATGGCGC
CP171104.1_gap2	204521	208806	4285	TATGCGGAAAGGACAGGAAGCCAGGCTGAAGAGGCTGACGATAGGCATCGACGTCGGCGGGACCAACACGGACGGGGTGCTTTACGATACGGAGACGCGGAGCATCTTATCCTCCGTGAAGACCTCCACCGATCACGCGGATTATAGGAGCTCGATCGAAACCGCCGTGGGCAGGCTGCTTCAGTCCGCCTCTCCCGGGGAGATAATATCGCTCAACATCTCCACCACTCTGTCGACCAACGCGCTGCTGGAGGGCAAGGGCGCTCCCGTGGCGCTGGCACTCATCGGCTACGAGGATTTTCCGCACATAAAGGATGAAATACTGCGGGAGGTCTCTCCGGCGGCGCTGCTTTCGGCCCGCGGCGGCCACAACGGCTGGGGGAAGGAGCGCCAGGCTCTTGACCGCGAAGCTTTGCTGCGGTTCGCGAAAGAAAACTCCGGCGGCTATTTTGCCGTTTCGTCGCTGTATTCGCCGCGCAACCCACTTCATGAGATGGAGGCCGCCGGCATCATAAAGGCCGCGGGGTGCGCGGGCGTCACCTGCGGACATGAGATGGCGCGCTCAAAGCTGAATTCAGTAAAGCGCACGGTGACTGCTTTCCTGAATTCATCGCTGATGGATGTGACGGAACGCCTGATCGGCGGCGTGGAATTCTGCGCGGCCTCCCACGGCCTCCGCTGCCCCGTGATGTTCCTGCGCAGCGACAGCTCGCTCGTCTGCGGACAGTGGTGCGCGCGGTTCCCGCTGGAGACTGTTTTTTCTGGGCCCGCCGCCAGCATGCGCGGCGCGATGCTGCTCGGCGGCGTCAAGAACGAGGACGCGGTCATCGCCGATATGGGGGGGACCTCTACGGACATCGGCGTCGTAAGGAACGGAAAGGCTCTCTATTCAAAAGAGGGGGCCGCTATCGGCAATTATCGTACGATGATCCCTTCGCTTGAGATAAACTCGATCGCTCTCGGCGGCGACAGCTCGGTCAAGATCGGCGAAGATGGGCGGCTTGCCATCGGCCCGGAGAGGGTTCAACCCTACTGCCGGGCATCCGCGGGGGAAGAATGCGGCTACACGCCGACCGACGCTCTGGCCTCCCTCGGCATCGCGGCGGTCGGCAGCAGCGGCAGAAGCCTCCGCGCCTCAAATGAATACGGCGAGAGGTTGGGCCTGTCGGCGATAGAATTCGCGAGGCTCGTGCGCAAAGAGGTTTCGGAACGGCTGCGTGAAGCGCTTGCGCAAAGCGGCGAAGAGGCGAGGCGCATCTGCGTCGGCGCTCCGATCGCGGCCTTCGCCGGCGGAGACAACTGCTCGGTGCCTGACGATGCGGCGATCGCCAGCGCCGCCGGGGCGGCCTCAAGCTCGCTTTCGCTGGACTGCACCGTCTCCATTCTGCACAATTTCTTCGACGGTAATTTTTACGCCTTTCTTCCCGTAAGCCAGATAAAGGGTTCGGATCTGGAGTCCGTCCTTTCGCGGTCGCGCGCCGCGCTTGAAAAATATCTGACCGAACAGGCCGCGCTTATGGGGTTTAAAGATGTCTCGGCCGGGATCAGCGAGGAATATGAATATATCGGAAGAGAAAAATGCCTTTCGTCGCTCGCGGCGATCACTTTGAGCGGCAAGGTGATTGTGCATAATGTATAAATAAGCGGAAGGCATTTTGTTTAATTTCTTTAATAAGTTTATAAAATTATTTATTATGCACAAAAATAAAATCCAGAAAAATCAATCTTTCATCAACTCTTTACAATGACGTTACGGAAAAATGCATATAAAGTATGGGCTACAGGTTGCAGGCCACGTACAATTTGGAGGCATTAAAAATGATAATTTCACTAAAAGACCGCATTGCCGATATATTGAAGGAAACGCCGCTCCCAAAGGCCAAGGATGTAACGGACGAATCACACAGGCTTGCCGCGGAGATAAACATTGGCCGCACCAAATTTATGGATAAATATGACGTTTCGTCGGAACTTGAATATAAGCGCAGGTGCGTCAAAGAGGGGCGCATCATGTATCACGCCCACATCGGCATGAACACATGGAATGAGACGGTGATTGCCCTGGGCGAAGTATATGATTTCGCCGAAAAAAACGGTTTCGTACTCGACCGCGCCGGTATTTGCCTCGACCGCCGCATGTCGCTGCCGCCGGAACTGAGAAAGTCCGCGCCGCAGGAAACGGGGCCGTACCTTGAGACCGAGGGGGACTGGCGGCAGGTGGGGCAGGCCGCGCCAATCCAGCCGCACATGGGAGACTTCATCATCGGCTTTCCCGCCTCGACGGTAAACGCGATGGCGGCGCTCCGCGCCGGCGTGACGACGGTCGGGAATCTTTCGCAGTTCTTCGCCCACGAAGCGCCGATGTGGAAGCGGACCGATATCACGACGGTCGAGACCGTCAAAGCGATCGGCATTATGGGAGCGTTGAGAGAGAAGGGGACGCTGATGCACTCCTATCTCGACGACGGCTTTGGGGCGCTTTTCCTCGACTGCGCGACGAGCGCGGCCTGGGCCTATCTCGAAAGATACATCGTCGAGGATCTTCTCGGAGCCAAGCTCGCCCACTGCGTCGGCGGACTGGTCTCCGACCCGATCAAACGCACGGGTTGGGTCTTCGCGCTCGACGAGATACACGATCACGACTGCATCGGCTCGATGTTCTACGGCGACACGATCTCCGCGAGCAGCGTGCCGGAGGAGAACCGCTCGCTGGCGGCCGAATACCTGATATGGGATATAATGGCCCAGCTAGAATGCCCAACTGGCCACGGACTGATGCCGGTGCCCTTCACTGAGGCGCTGCGCGCGCCGTCGCTCGAAGAGATCTGCGAAATACAGCAGTGGGCGCGCGAGATGGAGCGTATCGCCAGGCGCATGCACCCGCACTTTGACTTTACGGCGAGCAGATCTTTCGCCGCCTCGATCTGCGCCAAGGGCAAAGGCATTTTTAAAAACGCGCTCGACTTCTTCGCCGACTGCGGCGTGGATACGAGGGACGCGGTACAACTGCTTTATATCCTCAAAAAAATCGGCCCGCGGGCCTTTGAGGACGAACTCAACCCCGGCGCGAGAGACAAAGAGAAGACCTCCGCGGGCGGCGAACCGATACCCAACGACATCTTCACGCGGACGCTGGAACAGGTCGACACCTGGCGGCCGCACTACGAAAGCGGCGAGGTCCGCGAAAAGCTATCGGGCATAAAGGTGCTGCTCGCCTCGACGGACGTGCACGAGCACGGCCTGCTCCTCATCGACCGGCTGCTTACGGCGGCGGGGGCGCTGGTGGATAATATCGGCGCCGAGCGCAACCCCGACGAGGTCGTCTCCGAAGCGGCAAAGCACGGGGCGGAAATGGTGTTCATCAGCACCCACAACGGCATGGCGCTGGAATACGCGCGCAACCTTCTCGACGAAATGGAGGAGGAGGACTACAAGGTCCCCGTCTGCATGGGCGGAGTGCTCAACCAAAACACCGCGGAGGGCACCACCCCGGTGGATGTGAGCGGGGAGCTTGAGGGGATGGGCGTGACGGTGGTAACGGACCTGCGGCTGCTGCCGGAGCGTACCGCCGCCGCAAAGAAACGCGTTTTATAAGGTTTTGCAAATCCATACATACAAAAGGGGAGATTCATTATGCTACACAGAGGTTTTTTTAAGTTTTTAGCTTCACCGTTCGCGCTGGCCGTCCTGGTACTGCTGCTTTGCGGGGCACGGAGCGCTCAGGCCGCTCCGCTGGTCCTCAAGTTTGCCGGGCAGAACCCGCCCGATCACTTCGCGACCGTTTCGATGAGGGACATCGCGAAAGAGGTTGAGAAAAATACCAACGGGCGTATCCAGATCAAAGTATTCCCCGCAAACCAGTTGGGCGACTATTCTCTTGTGTATGAGGAACTCATCCGCGGCACCATCGAAATGGCGGCGATCTCCTTCCCCAGCCAGTTTGACAGCAGAATGGACCTCATCTATGTCCACGGCTACACAGGCAGCTACGCTCAGGTCGCGAAAGTATACGCCCCCAACGGCTGGTTCTTCAAAAAGATGGACGAGTTCAACAAGGCGCTCGGCGTCAAACTTCTCGGGATGTACCTTGAGGGCATGGTCGGCATGGGCACGGTGAAAGAGATGAGAGATCCGCTCAACCCGAAAGTAGACCACGGCGTGCTGCTCCGCATACCGAACATGGACGTCTTCAAGACGGCTCTTGAAGGGTCAAAGTACCGCACGATCTCCATCCCCTTCGCGGACGTCTACCAGTCGATGCAGACAGGAGTCTGCGACGGCGACA
CP171104.1_gap3	326914	330904	3990	GGAGGCTTTGGAGAAGGCCGGTATTACCCCCGTTGCCTTCCAGCTGAAAGCGAAGGACGCTTTGGCGCTGATCAACGGCACGACGATTTTCACCGGAATGGCCGCGCTGAATTGTTTTGACGCCGAGCAGCTTATCAAGCAGTCCGAGATCGCCTGCGCGCTGAGCCTTGAGGCCATGCGCGGCGAACAGGCCGCCTTCGACCCCCGCATACAGGACGTCCGCAAGCAGGAAGGGCAGAAAAAGACGGCGGCCAATATCAGGCGCCTGGTTCGCGGCACGACGCGCGCGACCGATGAATGCCGCAAGGTACATTTGAAGAACGACATCATGCACCCCGTCTATCAGGCCAGAGTCCAGGACCTCTATTCCCTGCGCTGCGTGCCGCAGGTTCACGGAGCGTGCCGCGACAATCTTGAATACGCCAAGCAGACGCTTGAGCGCGAGATCAACGCCGCCACCGACAATCCGCTGGTATTCTGGGGCAAAGACGGAAAGCTGGAATTCCTGAGCGGCGGCAACTTCCACGGGGAACCGGTGGCGTTCGCGATGGATATACTGGCTATGTCGCTGGCTGAAATCGGAAATATTTCGGAGCGCCGCAGCTTCTCCATCTGCGACCCGACCTTGAGCTATGGACTGCCGCCCATGCTAAGCGGCGAACCGCACGGACTCAACTGCGGCTACCCGGTCATCACCTGCGCCGCCGCCGCGCTCGCTTCCGAGAACAAGACGCTCTGCTTCCCCGCCAGTGCGGATTCAATCCCCACCAAGTCAAACCAGGAAGATCACGTAAGCATGGCGCCCTGGGCCTGCCGCAAGACGAAGCAAATAATCGACAATCTCTATAAAATCCTCGGCATTGAATTCCTCGTCGGCGCGAGGGGCGTGTGGGTGACGCAGAAAGACCTGGGCGAATTTGAACTGGGTGAAGGAACGAAGGCCGCCTACAAGGTTCTCACCGACGCCATCCCCTACGAAATGGACGACATCTATATGCAGCGGCAGTCTGTCCCCGCCATCCGCCTGACACAGGAAGGCGCCATCCTTAAAGCGGTGGAACAGGCTCTGGGGTGCGAGCTGTAAACTGTAGGCTTTGAGAATATCACAATGAGCCCTGATGTATATAACTCATACATGGCGGTGGATCTTAACAAATTAAAAAGTAATTTTGAGAAGATTCGCGCGCGCGTAGGATCAGGCGTTGAGGTTATCCCCATATTAAAGGGAAACGCCTACGGGCTCGGCGGAGTTGGGTTGGCTAAGTTTTATGCCGGTACATTGGGTTCTAAAATGATTGGCGTCGCGCATGTGCGCGAAGCCGCGGAGCTCCGCGAAGCGGGGATCAGCTGCGAATTGCTGGTGCTCGGCGGGGCTCCCTTCAACAATATACCCGCCGCTGTAGCCTATTCAATACAAACCACCGCCTTTGAGCGCGAATACGTCGACCTGCTGGACCGTGAAGCGGAGAAACAGGGAAAAATCGCCGAGATCCAGATAAAAATCAATACGGGATTGAATCGTATCGGCGTTAAGCCAGGGGAAGAACTCACAAACTTTGTCAGATATATAAAAACAAAGACGCATATCAAAGTGCGCGGCGCCTTTACTCACTTTGCGGCGAGCCATATCGAGGATCACAGCCTTACTTTAGGACAATTCGAGCTTTTCAAACAGGCAATCGGGGAAATAAAGGCCTGCGGCGTGGAGCTGGATTACATACACGCCTGCAACGGCTGCGCCGCCGTATGGTTTTCAGAGGCATACGGCACCGCCGTCCGTCCCGGGAACCTGCTCTTTGGTTACGACAACAATGAAAAGCCTAAAAACGCTCTTGGCGTCGAACCGGCAGTGACCTGGCGCTGTTTCGTTACGCAGCTCAGGACCTTGCAGCCCGGAGAGTCCATTGGCTATAACCGGTACTTTATCGCTAAAGAGCCGATTCGGGTGGCGACCATATCCGTGGGCTTCGGCGACGGTTATTACCGCCCGATGCTCATGGGCGGAGGGTTCGCCTTAGTCAACGGCAAGAGGTGCCGCTTCCTCGCCACATCCATGGATCAGACCTGGCTGGAAATAGACGGAGTCACGAACGTCGCTCTCAACAATGAAGTCACTCTGCTCGGCAAAGACGGGGACGACGAGCTCACGGTCTATGACTGGCGCAAATTCTGCGGAGAATCGATAGTTTTCTTGAGCAGCATAATCAGCAACCGGGTCGAGCGCGTCTTTTTGTCGTAAAACCCGGTAAAAAAACAAGGTGGGGCCGCTCATCAGAAAATGTTGCGGCTTCGGATGTGGTGTGAACTGTAAAAGATGGCAGGAGAAAGAGGTGCATGAAGTGAAAGATAAAAAATCCCGAAAGATCACTTTAGCAGATGCTTTTATAGTATTTGCTTTCCTTATCGTATCCATGCTGAGCACGATACTCCTATTCGGCGGGAAACCGCATATCCCGCTGGTGGCCTCCATCGTGGTCGCTTCCACGATCGGTATGCTGAAAGGTTTTTCGTGGGCGGAAATCGAGGCGGGCATCATCGACTCTATCGCGTCGGCGATGGCGTCTATCCTCATGCTGCTGGTAGTCGGTATCATCATCGGCACATGGACGCTGGGCGGAGTTGTGCCCACGATGATCTATTACGGACTTGAGCTGCTCTCGCCGAAGATTTTTCTGGTCACGGCCTGCGCTATCTGCGGCGTGGTCTCCTTGTTCACCGGAAGCTCATGGGGGACGCTGGGAACGGTCGGTGTGGCTTTACTCGGCGTCGGCCGGGGTTTGGGCATCCCCGACGGCCTGATAGTGGGCGCGCTTATCTCAGGTTCCTATTTCGGCGATAAGCTTTCCCCGCTCTCCGATACGACCAATCTTGCGCCGGCGGTCTCGGGAGCTACTCTGTTTGACCATGTAAGACACATGATGTATACGACTATTCCCAGCATACTGATCGCGATGGCTATATATGGCGTGTTAGGACTTAAATTTGCCGGAACTGAGCTGGATTACGATAAAATCAGCATCCTGCGCAACGCGATATCAGGATCGTTCAAAGTCTCCTTGTTGATGTTCCTCCCCCCTGCCGTCGTCATCATGTTGGTGATTAGAAAGGTGCCCGCTCTGCCCGGGCTGATGGTGGGCGCTATCCTTGGAGCCGTCTGCGCGGCGCTCTTCCAGGGCGCGGGCATGGCGGATATCATCCGCGCTTCGCATCTGGGCGTGACGGTGAATACAGGCGTCGCCGAGGTGGATAAGCTTCTGAGCGGAGGCGGCATCAATTCCATGTTGGGCACGACGGCGCTGGGGCTGCTGGCCCTCTCCTTCAACGGCGTGATCGAGCGCATCGGAGTTGTGAACGTGGTCATTGAGCGTATCATAAAATTTGCCGATACAGACGGAAAGTTGATCTTCTCCACGCTCCTTACCTCGCTGTTCATCAATTTCGCCTCCGGTGTGCAGAAGTGCGCCATCGCGCTGCCCGGCAGGATGTATAAGGATATATATCGCCAACGCGGCCTGGCGCCCAAGAACCTGTCGCGCTGCTGCGAGGACGCGGGCACGGTGGCCGCTCCGCTGGTTCCCTATTCCACCGACGCGGCATTCCTTTCCGGCACGTTTGGGGTCGATCCTATGATGTACATCCCATATTGCTTCTTCAGCATGATCAGTCCGATCATATCAATGATATTCGGCTTTACCGGCTTCAGTATCGCCAAGCTCTCTCCCGAGGAAATGGAAAAGATTGCGCAGGAAGAAGCTGCCGCCAGCAACCCTGTGGTTGTGGGATAGAACAGAAGGTTTACAAAAAACCTGAATGCGGCACAGCGATCTGTGCCAATGAAATGAAAGGAGTATTATTATGGACATACTATATCTAAACGCAAAAGACATAGACCAGCTCGGCATCACCAATGACGAAATATTGGAGGCCGTCGAAGAGAGCCTGCGGGCTCAGGGGACGGGGCAGGCGATGGTGGAGCCGCGCGTCCACATC
CP171104.1_gap4	484108	486692	2584	GGTCACTTTGAGCGCGACGACCGCTATCAGGTGGTTATACTGTGCCCGGTTGTATTCAAGCTGCGCCAGCGTCAGTGAGGATTGCGCGTCAAGCAGGTCCAGCTGGGGCGTGACCCCTTCGCGGTAACCAACCTCGGCGAGGCGCAAAGTCTCTTTCGCGAGCTCGAGCGCCTTTTCGGAGGCGCGCAGGCTGCGGCGGCTGGTATCTATATCGGACCAGGCGGTCTCCACCTCCGACTTTATGTCAAGCTCTTTCTGTTCGAGCGCGATCCTGTCCTGTTCGCGCACCGCGCTCGCGCTCATTACGGAGCTGCGTGTCACGCCGCGGTCGAAGATGGGTACGGAAAGGGATAGCTCCGCGCGCCATGAATCGCCGCTCTTGTCCTGCTGGCGGTATGGGTTGGACCAGCCGCTCGAAAGTCCGGCCGTCACCTTAGGCAGCATGCCGCTGCGTTCGATCTTGATCTGGTTTTCCTGGTAGCGGAGCTGTTCCGCCAGTTGACGCCGGTCAGCGCGGAATTTTTCCGCGAGTGCGAGAGACTGCCCCCTGTCGCCGGAGACCGCAGGCTCATAGAGCTCCCCGAGCACCTCCCGGCGATCACTCGGCTCGATCGCCATGTAGTTCATCAGCGATATCACCGCGGTCTCGTGGAGGCCGCGCGCCGTCGCGAGGTTCGCGGTGTTGGTGGCGAGCTGCTGTCCGGCGCGTATCACCTCGAGCTTGTTCGCAAGGCCCAGCTCCGCCATCTGCGTCACCTGCTTCAGGTGCAGCTCCGAGGTCGCGACGGCGTCAAGCTCCGCCTCTATCTGTTTTTTCTTGAGCAGCACGTTGTAGAAGCGCGCGTAAAGCTCTCCCACGGCGCTGTTTTCTCCGTCCGCGACTGCCATCTCTGCGATGGTCCGCACCTGCGGCGCTTGGGCGCGCTGCGCGCTGTTTTTACCGCCCGAATAGATGACCTGTTCGAGCGTCGCGTTTGCCGAGCGGCTGCCTCCGCGGTCGGAACCGTCAGTGGTCTGCGGTTCGCGCTGGGCGTCCATAACGCCGCCGGCGGAAACCGAGGGCAGCAGCGTGCCGTCCGCCCGCAGTTTGAAGGCTTGGGCCTTTATGAGCTCCTGACGCAGCGAACGCAAGGCGGAGTTGTCCTTCAGCGTCAGCTTTACGGCCTCGCTTATATCGACCGGTTCCGCGGCGCCGGCCGCGGCAGCGGCCAGCGCGCAGAGCGCGGCGGCTAGTAATTTTGCGGCTGGTCTTATCATCATGCGCGTCCTCCCTGCCTGAGTCTTCTGTATGCGTTGTAGCGCCGTATCTTCGCGCGCGCTTTATCCATAAGGTCGTCGAGCATAAGATAGACGACCGGAATGACGAGCAGTGTCAACAGCGTCGAGGTGAAGAGCCCGCCAATGACGGCGACGGACATCGGCTGGCGCACTTCGCCGCCCTCGGAGAGGGCGAGCGCCACCGGCAGCGAGCCGATCATCGTGGAGACGGTCGTCATCAGGATCGCGCGCAGCCGCAGCGGTCCGGCTTTGAGTACAGCCGTCAGCTTGTCGTCGCCGGCGGCGCGCAGCTGGTTGATGAAGTCGACGAGCAGTATCGCGTTGTTGACGACGACGCCGACCAAGAGGATTATTCCCATGAAGCTCATGACGGAGAGGCGCAGCCCCGCCAGCGCCAGCAGGCCGAAGGAGCCCGCCGTCATCAGCGGCAGCGAAAACATGACGGTGAAGGGGTGAATGAACGATTCAAACTGGATCGCCATCACCATGTAGACGAGGATGATCGCGAAGACGAGCGCCACCGCCATGTAGCCGAAGCTCTCCTTCATATTCTCGGAATCGCCGGTCGGCACCATGCTGTAGGTGCCGTCCTGAGGCGCGTATTTCCTGAAGACCTCTTCCATTATGAGGATGCCCTCGCCGGGGGAGATGCCCTCGACGTTGGCGCCTATCTGCAGAGAGCGCTGGCGGTTATATCTTTTGATGACGTTCGGCGCCATGCCGATCGAGCTTTTTACCAGTCCCTCGGCGGGGATCGTCTCGCCGGTTTTCGTGGTGATGAGCGTCTTCAGGACTTTCCCCGGATCGTCGCGCCCCTCCCTCTCCGACCTGATGGTGATGTCGTAGCGGTAGCCGCCCTCGTTGAACGAGCCGCCCTTGTCTCCGGCGAACCAGGTGAGCATCTCGTCCGACAGGTCGCGGATGCTGACGTTGAGGTCGTCGGCCAGCGCGCGGTTCAGCGCGAGATTGATGCGCGGCTTGTTCATCTGGAGGTCAGTCGTGATGTCGACGAGGCCGCGCGCGTGCTCCGCGAGATCCTTCTTGATCAGGTCGCCGATGTCGGCGAGCGATTCGCTGGTCGGTCCCTGAATGACGAGGGTGATGTCCGAGCCGCCCCAGGTGCCCATCTTTATGTCCGCGTCACGGAAACGGGCGAGCTTTTCGCGGAGACGCCTCATTATCGCCGACGCCTTGGGCCGGAGCTTCCTGTCGATAAGTTCGATGTTGATCGTAGATTTGTAGACCTCCTGCCCCGAGCCGCTGCCGACTACCCCGTAGGTATAGGCGACGGCCTTGTCCTGCTGGA
CP171104.1_gap5	537925	539724	1799	GCAAGGTAATTGAACGACAGGTAAAAGACATTATCGCCCAAACAGCAGAGATCGAGGATGATATAGAGGTACTTCTTTCAGACAATGCCTCGACGGACGACACACGTATCCTCATCGAACCTCTTTGTTTTCCAAATTCTAAAATTAAGTATTATCGGCAAAAAACAAATTTAGGAGGGGAGGGAAACTTCCTTTTTTTGGCAAAAAAATCAACGGCGAAATATTACTGGTGTATTGGGGATGATGATATTATTCGCCCCGGCACAGTCGCTTATGTTGTCTCTATCCTGAAAGAATATAACGACATCGGTGCAATTGTGTTAAAGTGCGGAGGTGTCTATCCTTCGTTATCTACGAAACACGTCCGTTGGAGGAAAGCCGATTTTAGCATTGACGATAAGTGTTTAATAAATTATGTTCCTGAAGTCCTTAAAATACACCCAAACTTTCCAGTGGATACAGACTGGATGTTTATAACTAAATGTATTCTTCAGAGGGATGCATATATTAAAATTGCTGAGGATAAAAACTTTCAGGGCAATTGTGCATTGTCTTTATTTGCGACGTGCGTCTCTATAAAAAATAAAAATTTTTATTATGCAAATAAATGTGGATATATTACGGGCTTTGGAGGTACGGACAATTGGCATTCCAAGGCTGATAAGGTATGCCAAGATATTATTTCTGGGATTAGAATGCTGGATAAATTTGGTTTTTCCTGTGAAGAGAAAAAGTGTCTGTTTATATCAGAAGAACCTCATCTTTATTATGTAAATACATTAGGATGTATGGAAAAGGGAATGTCAATAAGAGAGTCTTTAGAGAGTAATTTTGCGCTACAGAAACAACTTGAGATACCTGTATCTGAAAAAGCTGTGTTCGATGGATTGCGTAAGAAAGACCCAGAATGCACCGTTTTTCTTGTCAAAGAAGTACTTAAAATTGCATATAATCAAGCTCCAATATCTTTATATCTTAAAAAAAGGGCAGAGGCGAAGAGATACAATTATTTACCGCCAAAATTACGTGAGTTAAAATGGGTAGTCAAGTATATGGTTATTATAAATCTTGCTTGTAGGCTACGTAATATATTAAAAAATGGGAAAAAATCTTAGTAATATTCTTAAGTCGGATGTTGTGAAAAACATCTCGTCCATGGTAGGGGCAACACTGTTAGCCCAACTAATTGGTATTGCGATTCTCCCCGTACTTTCCAGGATCTATTCCCCTGCGGATTTTGGTGTGCTTGCGATTTATACTTCCGTTGTAAATATCCTGACGATGTTTACGGGGCTGCGTTATTATCTTGCTATTCCTTTGCCAAAACAGCGGAAATATGCGTTGGCTCTGCTTTATTTAACACTGGCAGCGCATGTAGTGTTTGCCGTATTGCTATTGTTGCTTTCATTATGCGGCGGTGATTATATTATTGTAACACTGCGGCTGCAATCTCTGCGCCCTTATCTGTATTTAATCCCTTTAGGTGTTTTCGCAATGGGGCTATATACTATTGTGACACAATGGGCGGTGAGAGAGGGCTTTTTTTCTACGATCGGATGGACAAGAATTGTGCAGGCTTTGAGCGGCAACGGTGCGAAATTCTTGATCGGTTTTGCGGGGTATAAACCGGCGGGCCTGTTGTTTGGTGCGATCATAGCCCAGGGATGCGGCAGCTCTACGATTATAAAAAGATCTCTAAAAGAGGGTCTTTCTTCTCATATCTCCCGCACGGATATAAAAAGGGCTGTTATAAAGTACCGGAACTTCCCGCTGTATGACATGTGGACTGCTGTGATAAA
CP171104.1_gap6	542950	546006	3056	ACTTGAATAAAAACTCATGAGTTCCTGTTCGCTAATATACCCGCATGCGAAAAGAGCACAATATAATGCTGCTACCGTATGTCCTTTAGAAAAGACTAAGGAATCTCTATCTGTTTCAAGTATCCCATTAAGTAACACATAAACAGCGGGAAGAATTGAAACGCCCCCTCCTATATGTCCTGCTCCTGTGTCTTTGTATAGTTTTAGTAACCGAAGGTATGTATCAGTATAAGTCATCATTGTATAATGACCTCCCATTAATTACATAGTCATCTATCTGCCTATCCATTATGTTGTGAATATCTTTATTGCTGATCCACGCCTTTGTCCACTCGCATGTTTTCTCAATAGCGGTTTTTATATGCCATTTAGGTTTCCAACTTATTTGAGATTTGATTTTAGAGCAATCCAGCTTTAGGAAATTAGCCTCGTGCGGGCCTCCTGAATACCGGTTCTCCCATGTCATGCCCTCTCCCCAGACGTCACAGAAAATCTGAGTCAAATCCCCGGTGGTCACGCAGTCAGTGTCATCGGGCCCGACGTTATAATAATCGGCGAGATTTTTATCTTTGTATTGTTTTTCCGCAATCGCCATGTAGGCCGTTATCGGTTCTAAAACGTGCTGATAGGGCCGTGTAGAGTGAGGGTTGCGCACGATTATTGGTTCTTTGTTGATCGCCGCGCGAATGCAGTCCGGTATGATGCGGTCTTTTGCAAAATCCCCTCCGCCGATTACGTTTCCAGCTCTCGCCGTGGAGATGGCGATGGGCGCAGCGGAGAAAAAACTGGACCTATAGCTATGAGTGACTAACTCAGAGCAGCTTTTGCTGTTTGAGTATGGATCATATCCGTCCAGAGGGTCAATTTCCCGATAGCCCCAATGCCATTCGTTGTTTTTATAGACTTTATCTGTTGTCACGTTGAGAAAACTTCTTACGCCTTCTGTATTGCGTAAACATTCCAAGATGTTTACCGTTCCCATGACGTTGGTCTCATAAGTGTAACGGGGGGCGGCGTAACTTTCTCTCACGATCGGCTGTGCCGCTAAGTGAAAAACAATATCCGGGGCGGCGGTTCTAAAAGCGGTTTCCAACTTTTTGTAATCGCGTATATCTCCTATTTCTTCATCGATTTTAGGAGACAAACCGATAATATTATATAGACTAGGTTCGGTCGGGGATGGCAGACTATATCCTGTAACTCGTGCCCCGAATTTTAAAAGGGCGCAGCAAAGCCACGACCCCTTGAACCCGGTGTGGCCGGTTACAAAGACTTTTTTGCCATTCCAAAAAGAAGCTGTCACCATAGTTTCCAAGGAGCCTTGCCGTTTTGCCACAGGTCTTCAAGATATACTTTGTCGCGCAAGGTATCCATAGGGCGCCAGAATCCGCTGTGTATCCACGCGGAAAGCCTGTTTGTATGAGCCAGTGTCTCAAGCGGGGCGCGCTCAAAGATGGTTGAGTCGCCTTCAATCAAGTCAAAAACTTCTGGCTCCAGTACAAAGAAGCCTCCGTTTATCCACCCGCCGTCACCCTGTGTTTTCTCTTCGAAAGCGGTTACCTTGTCTCCGTCCAGATTTAAAAGCCCCCAACGTCCAGGCGGTTGTACGGCTGCCATTGTAGCGCAGTTGTTATTTTCTTTGTGGAACTTTATCTCATTACCGATGTGGATGTCTGATACACCGTCGCCGTATGTCATACAAAATGTCTCGTCTCCGATGTATTTTTCTATGCGTTTGATGCGTCCGCCTGTCATGGAATGCTCCCCGGTATCTACACATGTGACTTTCCACGGCTCTGCATAGTTGCTGTGTACTTCTATATTCCCACTTTTCATATCAAAAGTAATGTCGGACATGTGCAGGGCATAGTTGGCAAAGTATTCTTTTATGATGTATCCTTTATACCCGCAGCAAACAACGAAATCATTTATTCCAAAATGGGAGTATAACTTCATGATATGCCACAATATAGGGTAGCCGCCTATCTCTACCATTGGCTTAGGTTTTATCACTGTTTCTTCTGAAAGCCTTGTGCCAAGGCCTCCCGCAAGAATTACACATTTCATTGTTTTGCCGATCCCCTTTGACGTTATACTCTATATAGCGATGTTTTGTAATTTTCTGCTAACAGCCCTAAGCTATTCCAAAGCTTGCTCCCGTTTAAAATAGAATTTTTAGGTCTGGCTGCTGGCGTGGGGTAATCTGATGTTCCTACAGGAATGACTTTTGCGAGTTTTTCAAGTCCTTCCGTCATCAGCTTCTCACCTATCGCCACCGTAAAACCATGCCATGTAGTTTCTCCGCCATTAGTCAGGTTATAAACGCCGGAGATCTTCTGCATGTCTGCGCGGCACATGGGGCTCTGTACCTGGCTCAACACCTGCCCTGTCACTTCCGCTATCGTTCTGCACCATGTCGGCGCGCCGTATTGATCGTCGACAACTTTAATCTCATCTTTCTCTTGCAGCAGCTTTCTCATTGTCAGATAGAAGTTTTTGCCGCGCGCGCCGTAGACCCAGCTGGTGCGGAAGATGAAATGGTCGCAGCCGGAGTCCTGGATGTTGATATCGCCGGCCAGCTTTGATTCGCCGTATACGTTCAAGGGGTTTGGTTTGTCTTCCTCGGTCCACGGCTCCTTTTTTGTGCCGTCAAATACGTAGTCGGTGGAGTAATGGATCATCAGGGCATGGTTTTTCTTCGCCCAATCGGCCATGATGCCGGGGGCCTCCGCGTTGAGCTTGAAGGCAAGCTCACGTTCGCTCTCCGCCTTGTCCACCGCAGTGTAGGCGGCCGCGTTTGCAATTATGGTCGGCTTGAATCCGTCGAGGTTTTCCAGAATTGAATTTTTATCTGTCAGGTCGCATTCGTCGACGTCTATGGCATGTATTTCGCCAAGAGTTGACAGGGTACGGCATAGCTCATACCCTACCTGTCCGTTTTTGCCAAAAATCAAAATTTTTGAAGTCTCTTTTTTATCCATTATCTGTCACCTGTCAATCAAATAGAAGATCATCTGTCAAAGCATGGAACATGGGGTGCCTGGTATCCTTTTCGG
CP171104.1_gap7	549175	553303	4128	CGCTCTGAATTAATTCGGGAAACGTGATGCAGGAAACGGGTTTATTGATATCCACTTTACAGAAAAGCATTCTTCCCACCTCCTAATTTATTGCTGCGGCTCATCGAGTATTTTTGAGAGGTTTTCGATCAGCTTTTCATAGGCGTCGCTTTTCACAAAATCTGCGGTGAATTTGTTTATGTAGTCGGGGTCGACGAAAAGATAATCATCCGCGTCGAATTTGAAATTTATCGTCTGCCGGCTGACCTCTTCGCAGTTGGTTTTCTGTACCCATTCGAACTGTTCCATTCTGGAGTGGTAGAGCGAGATGGTGACGATGGGCATCCCCATAAGTGATTCGCAGATGAAAAGCAGATGGGCTATCTCTTTGTTCGTTTTCTGTTCCGCGAAGCTTCCGCTGATCTCGCCGCCGATCACGGCGAGGGTCTTTTTGGCTATCGCCATGCCGCCTCCTGTGATGTCCGAGCCCAATACGGCTCCGATGATGTTGGTGTTAAGCGATGCTTTTGTGGTGTCGGAGTTGAAGGAGCGCGCCTCTTTGCCCATTGAGACGAAGAATCCGCTGGAAGCTATGATTTTGTTTACCGCGTCGTAGTTGAAGAGGCTGTACCCTTTTTTTGCCAGTGCGGCGGTCCACGCGCCGAAGAATACTATTACCTTTTGGAAAGTCTCTCTGACGGCGGGGGCGATGTTGTCGGTGTCATGTGATGTTGTCACGACCATGATGTGCCCTTTTTCATCGAAAGTGTAGTATTTATCGATGCTGTGTTCGTCCCCATCGGCAGCGAGGTACTTTTTATACGTGTCTCTGTACTTTTCCTGTTTCAGCATGCAGCAGCGCCGTCTTTCCGCAAAGTTATCTCTGGTGTCCATCTTTCGATTCCTCCCGTTTTGTTTTATGTTCCCTGCCCCTTGTCATTATTTAGGGTGGTCAGCGATATTTTAAGCCTCATGCTTAATCAAGGTTAAGCATGAGGCCGTGTATTTCGGCCTCATGCTTAACCTTGTCAATAGCCTTTTAAAGGTTCCTCTGGTTTTTTCATCAAATGCGGAACTCGATCGTGATATTTAGAAAGTCACGGCAATCCCAGCCGCACGAAGTTTTACAGTGCGGCGGGGATTTGCGGAAAGAAGCGCGCGTATAGCGATTTCGCTTTAGTTGGCTGTTTCTCAGATGTTTTTTTGCTGTAGTAGGATTTGTGTTTGGATATTTGCCACTGCCAGCGGTGTCGAGAAATGCCTACGCCAGATATTTTCTCGTCAGTATGTCCCATGAACGTTTGGTCGGTTCAAATTCGTGCTCATAGATGTCGGCGTAGATGCGCGGCACTTTTTTGAGGCGGAAGTTCATTTCTCCAATGTCGAAGGAGCGGAGGTCAAGTTTGTCCGTGCCCAGCCAATCGCGGAGTTCTTTGTATCTGGGGCCCCTTCCCTTTTTGAATTCCGCGGCGAGCTCTTTCAGCCCGAATGTTCCGCCGCAGTCTTCGATGATCCCGTAGCCTTCGCCTTCCAATACTCTTGGCAGTTCTTTGGCTGGAAGTTCGCTTTTTTTGTAGACCTCTTCCAGAACCAGCGATATCGTCCAGTCATCGCCGTAGTCGTATGTGAAGGTCATAATGTTGCCGGGGGAAAATACAGTGTCTTTGACCTTGACGCCGGTCGCGTCAATGATCGTCCTGTCTTTGGGGTCATATCCCGCAAGGTTCTCGTCGATTATTTTCGCGCGCCAAATTCTGTGTTTCGGCTCAAACGTGTTCTTGACATCCTCTTCATTAAGATCAAGTTTTCCCGTTAAATCATGTTCCAACATTTCTTTTACGGTGTTGTCCATGACTGGGATGTCTAAATGAAAGAGGTGGCTGGCCTGCATCTCGAACATGGTCATGACGATGTATCCCAGTTTTGCCATCGAGATGTTGGCCGCCGTTTGGAAACGCCGCCAGATTTTTGGAGTGTAATCGCAAAGTTCCGCTTGAAACTGGTAAACCGTTCGTGACGCCACTTAAAATCAGCCCCTTATGTAAAGTCTAGTTTTTTGTTTTAAGATATTCTAACGATCTTTTCTGTAATTTGGAGATAAATTTTTTGTAGTAATCTCCAATAAAATCTGGGTAGAAATAACACAATGTGTTCAGGATGTCGTCGATATAGTGCGCATCGATCTCTTGTATATACTTAAAGGGCTCTAGATAGTACGCTATATATTCTTTGCCATGCGGCAGAATGCATTTTTGTATGGCGTAATCAAACCTATCGTCTGTCCAGGATATAAATTGCTCTTTATTTAATATGTATTTTCTGGTCTCCTCTTTGATATTCATTCCGTCATATTCGATATTAAGGCCTGCTGAAAATAGGTCGTGTTCACATATTATGAATGAACTTGTCGTATCGACCCTATATAGATAACCGTCGGAGGCCAGAGGCATTTCCAGGCTGTCACATTCAAGAAACATATTATATGTTGCAAGGAAACGGAAATAATCCTGCCAGTTAACAGCATGCTCACGGATCTGTTGGTATGTTGGGTCAGGTATCTGTAAGTCCAGATATTTAGCGCCGATGATATATTCTGTTGTAAAACAGCGTCTTTGCTCACCATCAGATATTTGAAACAGGACGACCTCCGGCATCTTCATGCCCATGGCCAACGCAAGTTTAGTATATATGAATTCATTTGCCGCGCAGTCGCAGTAGGCATGTTTCACCAGGTACTTTCGTTTCGCGTCTGATTTGGATTTCGCAAGCAGTAATTGCCCGCTGTCGCCGACCCTGCCGCCGGGAGTTATTTTTGAGAATGTATAATCCCCTGTTTGTACGACGTCATTAGATTCCAGAGGGGGCTTCGTATGGTTGTCACTATCTCTATCTTTTTTGCGTAATTGCGTTATGTAATTTAAGGAAGCCTTCGGGTGTTTCAATAGATGTTCCTCCTCACGCGTAGAAATCTATATTTAGTCTATCATAGATGATACGGAATAAGATGTAATTTATCCGTCGATTTATCTCTGTGGAATTTTAAATAATGGTATTGATTGTCTTGTTAATATAAGTTTTACTTGTAGTAAATAATAAAACGAAATATAGCTATGGTAATTCGTTATAGCTTGCAAATAATAAAAATGAAGGACAGGAGATAAACGCTAATTTGAAATTTATACATAGCACATGAGCTTTATTTGCGTTCTATTTTTTTATTGCGAGGTGTGAAGAAGATGTCCAGATCAATGAAGCTGCAGAGGGTACGTGACCCGTTGTACAATTTGATCGAGTTCCGGGAAGAGCGGGTTGCCGATTTGCTCTGGCAAATTATTAAAACTGAAGCTTTTCAGCGGCTGAGGCGAATTAAGCAGCTGGGATTTTCTGAATTTGTATATCCAGGGGCTACACATACCCGCTTTGCGCATAGTTTGGGTGTTTTTCATTTGGCGCGGCGTCTGATTGAGATCATCGACGTCAAATTAAAGAAGCGCGGTTCTCCGACTTCGAATAACGCGGAGAAGGACGCGGCTCTCTGCGCCGCACTGTTGCATGATTTAGGGCATGGACCGTTCAGTCATGCTTTTGAGGAGGTTGGTAAAAATTTCAGCTAGCTTCGGTAAATCATGAATCAATCACAGATAAGCTTATCCGCGAAGGTGAAATTGGCGCGATTTTAGATCGTTATTATAAGGGGTTTAGAAATAATGTTGCAGCTGCTATCGGCGAGCATTCAGATATTTACAGCTCCGTAGTCTCCGGCCAGTTTGATGCGGATCGCCTGGATTACATGCAGCGAGACAGGATGATGACCGAAGATCATCCAATATGTAAGTTTGTGAAAGGCATGCACTCATGGCAGTCATCGCTTCTTCTTGATGACACAGTGATATGGGGCATGCTGGAACAGCTCCGCGGCGCTGGCGATAGAAATATAAGAGAACTATCCGAGCGGTTGTATAATAGAAAACTGTTTAAATCAATAAAAATGCCGATAAAAGATGTTTTAATTAAGAATAATATAAAGAAGAAAGAGCAGGACAAAGAAGAGATTATAAAAAGGTTTTTAAATAAGGCCTATCCGGATTTATTATCTGATATTAAAAACTGGAATGACGAACATTCAAATGTAAGTGATAAAATATTTAT
CP171104.1_gap8	566449	570675	4226	ACGGCTCCGGTACTCAGAGACCGGCTTATTTAGCCTACGGCACTTCTTCGCGCCGATTTTTTTGTTATTATGCAAAACTGCTATCGTTGATTTCCTTTGGGAGAGGGGGGAGATAAACTGCGATTTACCGCCCTTCCGTCGCTCCGGCCTTCGAGCCGGAGCCGAGTGGCGTTGGTTTTTTTTGCTTTACAATCGATGTTGGAACAAACCTGAAGCCACTGGATGCCGGGCCAAGCCCGGCATGACAAGATAAATCGCTGTTTACCGTTCACTCCCAATCGCGTAAATCGCAATTTATCTTTTCCCCCCAATCGCGTAAATCGGCGTTTAGACGTGCCGGATGCTAAATAACTTTGGGGTCTGCGCCCGGAGCCGTATATTAATACGGCGATTGCAAGGCAATGTCCCCCGCCAATGGCGGGGGACTCTTTCAAATTATCCAAATTGTCGCAACATGCGGATGCGTTTACCGCAGGACCCGAAGTTATGACGCAGACGGCGCGTATAAACGCCGATTTACGGTTTGACTAGCGGCAGTTCGGGGTCCCCGGCCCAGGCCTGGAATCCTTCGTCGTAGCTCTGGCTCTTCGTGAAGCCGCTGTAGCGGAGGAGCATCGTTACGAAGGCGGAGCGGACTCCGGCTGTGTCGTAGACGACGATCTCGCTGTCCGGGGTTACGCCGTGCTGCGCGAGGAGGGCCTGCACCTCTTCGGCCGGCTTAAAGTGGCTCTCCTGTGTAAGGAACGATTCTCTCGGCACATTTATCGCACCCGGGAGGTGTCCCGCGCGTTTTTCCTGGAACGGGCGGATTTTTCCGAGGAACTCCGGCTCGGTGCGGACGTCGAGGAGCACGAGCCCCGGTTTGCCGAGGTTGTTGTTTATCCACTCCGTCGTGGCGGTATAGTTCGGAACGTACTGCTTGATAGTGAAGGCGACTGCTTTGTTGACGTTTTTCGTCTTTGTCACCTGTCCGCCAGCCGCCTTCCAGGCGCCGATGCCGCCCTCGAGTATCTTGGCGTTTTTGATCCCGGCCTGGCGCAGTATCCAGAGGGTCCAGCCGCTCTGTCCCCAGCCGCCGGCGTCGCAGTAGGCGATGACGGTCTTCTTGCCGTCTACGCCGAGCGCGCCGATGCGCTTGGCCATCGTCGCCGCGGGCCAGATGACGCCCCATTTTTCAGTTCCCTGTTTTGCGTTCATGTTCGCGAAGTAAGTCCACGGGGCGTTGACCGCTCCGGGGATATGCCCGCCGCTGTAGAGGCTCTCGGGGCGGGAGTCGATAAGTACCACTTTGCCGCGGTTGGCTTTAAGCCATTCGGCGGAGACCGCGACGCTCTCCTTGGTCTCGGGGGCTCCGGCCTGCATCGCCGTCGGCTTCAACGGCCGTCCGGCCGGTACCTCGCCGGCGTCGGCGGCATTGGCCGCCGGCTGGGCGGGAGCGGGCTGGGCGGGCGCGGGTTCGGTCTTAGGCTGCGCGGGCGCGCTCTTTGCCGGTTCAGTCGGCTTTACCGCCTTAGCCGGTTCAGTCTTGACCGCCGCGGCAGGGGCTGCCGGATCTTTCTTTGGCTCCGCCGGAGTGACGGCCGCCGCGCCCTTGTTATTCGGTGAGGACTCCTGTTCCTTTGCCGCTTTGTCCGCAGCCTCTTTGACGATCTGATCCATCGTGGCCGCGGCCTCGTTTTTCTTGGAGGCCTCATTTTGCGCGGGAGCCGGCGCCTTCGCCGCCTCGGGTTTTTTATCTTCGGTCTTTTTGGGAGCCGATTCCTCTTTTTTGTCGCTGGCCTTTTCTTTGTTTGCCGCTTTATTGGCCTGTACCTGTGCAAGTATCGAATCAGCCGCCGAGCCGCCGTCCTTTGTCTCCGTTGCTGCCGCGACGGCGGAAGCCGCGCAGGCGACGAGCGCCGCCATAAGCATCATTGTGAAAAGCTTTTTCATCTTACCATTCCTTCCTTATGTTTCACTCATTGCCGTATCCGGAGCTGCCGCAGCATCCTCCGCATATATCGAAAATTATAGCATATATTGTTTTTTTATTACTCATTATGCTGAAAAATGTTACTTCCAGTTGTCGTATATCCATTGCGCGGCGCGCTTCGCCTCGTTGAATTCCTCAGTCGCCTCCCCGTCGGGAGTAGCCTGCGAATTTTCCCGGCGCACGCGCAGCCAGTCCCTGTACTCTATCAGGGAATCGTTTCTCGCGAAATGATCAAATACGAGATCGAATTTTGGTATGCCCCAGAGCATATTGGGAGAGACAGCTCCCGCGTTCACCAATGAGGCCGTCGCCTTCTGGAGCAGGCTCTTGAGGCCGCCCCGGTGTCCCACGCGCAGCAAAACGGCGCGGTGTCCGCCTGTGATCGTCTCGGAGACCATGTTGACCGAATCCTCCGTACAGAAGACCTCCCTCGAAAAGCCGAGCATCGCCGGGATCGGGTTGAAATCGTCCTCCGAGGCGACTAGCAGGTATTTGACGGCGGGGGAGTGCGCTGCGAGCGTCTTCACCGTCTTCACAGCCGCGGGGCTCGTGCGCCGCGAGGTGGTGATGTAGACGTCCGCGCCCGCGTGCTGCGCGAGGTTCAATATCTGCCCCAGCTGTTTCTTGACCCATTCCGGGGTGATGACGTAATTGGCGTCGTCGCCGCCGATGAGCACGGACCAGATCTCCCCCGCGGACGACGGGTGTTCCGCGAGCAGCGCGGCCGCCTCTTTTTTAAGGTTTTCCCTGATGACGTAATTCGGCGAGCCGAGGGTCACGAAGATGTTCGGCTTTCTTTCCGGGTAGTCGTGTTCGGGCACGATCGCGAAGTCGAAGGGATCGGTGCCGAGCGTGCCCGGCGTCATTATCGTCGCGCAGGCGCAGCGCCATATATAGCCGAGGGCGATATTATAGGGAGCGGGCGTGCTGCCGGCCGATATTATCAGTACGGTCCCCGAGCCCTCCTGTATATTGCGTTCCGCAAACCACTGTCCGACGCGGCGTATGAGGGCGTCTCCGTCGGCTGCCGCGAGCCAGTCCCGCGCGTCGCGCCGCGTTCCTCCCGCAAGCGCGCGCGCGGCGGCCTTCGCGCGGGCTTTGGCGGCCCCGGTAAGCAGGGGGACCTCGCTCTCAAGTATCTCCGCGCCGGTCAGCCGCGAGAGCCAGTGAGCGACGCCGCGGCTCTGGTTGAGGTGGCCGCGGATGCCGTCGCTGAGAATGAGGATCGCCTTCAAGGAGATTTCAGCGTTCATTTTTCTTCGTTTTTCTTCTGGGCGAAGATCCGCCGCGCCTCCTCAAGGTCCTCGAGCGTGTTGACGTTGGGTCCTTCGGAGGGGTACTTTGTCGGGATCACCGCCATTGAATAGCCGTGCTCAAGTATCCGCAGCTGTTCAAGGCTCTCGGTCTGCATCAGCGGCGTCGGCGGCAGCGCCACGAACTTGAGTAGGAACTGCTTGGTGAAGGCGTAAATGCCGAGATGCTCCCAGACGGCGCAGCCTGCATCGTTGCGCGGATACGGTATCGGCGAGCGGCTGAAGTAGAGCGCGCGTCCGTTGCGGGCGCGTACCACCTTTACGATATTGGGATTATTGAAATCTTCGTCCCGCGTGATCGGCACGCATACGGTCGCAGAATCGGCCCCGGCGTCGGCGGTCAATCCGGCGGCGAGCTCGCGCAGCATGCGCGGGTCGAGCATCGGTTCGTCTCCCTGGATGTTTATGACATAGTCGGTGTCTATCTTCGCGGCGATCTCCGCGACGCGGCTCGACCCGTCCGGATGGTCGGCGCGCGTCATGAGCACGTCCGCGCCTATTTTTTCCGCGGCGTCGTAGATGCGGTGGTCGTCGGTCGCGATCACCACGCGGAAGAATACGCCGGAGGCGAGCGCGCGGCGATAGACGTGCTCAAGCATCGTCTTGCCGCCGATCTCGAGCAGCGGCTTTCCGGGGAGGCGCGACGAGGCGTAGCGCGCCGGTATCACTCCGAGAAATTTTGGTTGTGTCATCTGCACTTTGCCTGCCATTCTCTGAATTTTGCGAGCATTTTCGTCCGGTCGAGCGGCCTGACGTTTTTCACGATCCATTCGCGCATCGCCCTGCCCTCTTCCGTCTCTTGCTTGTAGCTCATGAATTCCAGCCCGATGCCGAGGGCGTCTGCGATCTTCAGTGCGAATACCGGCCAGATCATGCCGATATCGCCGATCACGGGGAGGCTCCCCTCGTGGCGGGCGAAGGCCGACATCTCCATACGGAAG
CP171104.1_gap9	665643	668528	2885	CTTAAAAAAGCGATGAATTTATCCACGAGCTGCGGATCGAGGCGTGTTCCTGCCTGGGCGCGCAGCCGTTCTATCACTTCTTCGTCGGTGGGGAGGCGGCGTCCAGGCCAGGGGCGCGTCATCTCGTTCCAGGCGTCCACGACGGCGAATATCCTTGCCGACAGCGGTATCGCGCTGCCGGAGAGTCCCTGCGGGAAGCCGGTGCCGTCCCAGTTCTCATTCCACGCGTACGGCAGCGCGGAGGCGGGGCGCAGGAGCTCTATCTCGTTCATGAAGTCTCTTGATTTTATCGGGTATTTGCGGTATTCACGAAGCTCCGCCGGCGTGAGCGGTGAGGTCTTCGTGCGTATGGAGAATGGCAGCGAGAGCATGCCCATGCGGCTGAAGAGCGCTCCCAGGTAGATATAGATCAGTTCTTCCTCTTCCATGCCGTTTTCTTTGGCGAAATCGCGTGTTTTCGCGGCGCATCTGATGAGCCCGGCGCGGAATTTTTCGTCTCCCGGAGAAAAAGCGGTCGCGATGTCCTCAAGCGCCTTCATACAGAGGCGCCGGCCTGCTTCCGCGAAGCGTCTGTAAACGGAGATCGTTATATCGTCCGCCTTGTTTTTCTCTCCCTGTTTGAAGTCGAAGAAGGCCATGAAGTCGTTCATCGTGCGCTGGATGCTCGTGATCTCGTCACGCCTGCGGTCGATCGTGATGCTGCGCGCGTCTCCTGATTCGTCGCGGATGGCCTCGATCTCACGCTGCAGCCGCTTCATGCGGTTCGTTATCTGGAATTTCATGAAAAATCCGAAGAGGAATACGACGAAGAGCGCGGCGACGGCGAGGATGAAGAACAGTATCTGCAGTTCACGCTCGGCGCTTTTGATATCCACGTTGGGGGCGATGCCGGAGATCCAGAAGGCGGGCACTCCGGCGTGATCCCGCACGAGTATGCGCCCTGTGATGAACGAATTTCGCGGGTCATTGTTGAGTATCATGTTCGGCAGCTCCCGCCCCAGGTCTTTCTTGGAGACGGGTTCCACGGCAAAGGTGAAATGGAGGCCGCTGGCTACCTTGTGGATCATTTTCGGCGAGAGAGCCATCGTTGCGATAAGATATCCGGCCTGGCTGCCGCCCTTATCGGAGCGGCGGATGTGCTTGACCGCGAAAAAGATCGGTTCGTCGCCCTTCATCACGATACCGCTGGTGCCGTCATCCGGAAGATTTTTGAGCATTTCCTCTCCCTGGTTGCTGAAGATCGCGCCGATCTCGCTCTCAGGCGTGGAGCTGTCGTCGGGGGCGCTGTAGTCGCGGGAGAATTTGACGTTGAAGTCGTTGTCGATGAATATCAGCGAGGAGACGCCGATCTCCGTCAGCACGGTGCGGTTGAGATATATATTGGGATAGTCAGGGTTGAGCCCTGTCATATAGTCCCACGCCTTGTCCGAGTAGGCCCAGTTGCCGGCTATCGCCGAGAGGGTGCGCGCCTCTCCGTTCAAGGTCACCACCGTCCTGGAAAGGTCCCTGGTCATACGCTCTCTGTCTGTCTGCTCGGCCGATGTGATCAAAAAGTTTGTGAACATCACGTCGAGTATGAGTAATACGGACAGCAGTATCATTCCGAGAAATAGTTGCGTTTTACACCTGAGCGTCATCTGCACCCCTCCGGCTGAATATGGATTCTCTAATTTATATCAACATATATTGTAACAGAATTTCTTGGAAATAAGACAAAAAAACGCTTAAACGGGAGGCTGATAAATTGTGAAATCCCACAATTATAGGGTAAAATAATTAAGACGGCGTGGAGTTGTGAAAACAGGCGCGGAATGGGTTTGAGATACCGCGTACTTATGTATGGGAGTGATTCTTTTGACTTGTGACGGTGCGGTTGAATATATGAGGAAGCGGTCAGCCGGCCGCGGAGGCGCCGCCGTCGTCTCTCTGCAAGTCTGCCGCGAAGCGGCCGCGTTGAGCGGCCTTTCCATGCGCGAAACGGAGATATCCGCGCTGCGCGGCGGGATGTGTCCCTCGCGTTATGAGCGCACGATCGGTACCTTTGGGCTTGAGGGGCAGGCTAAGCTGCTTGAATCCTGCGCGGCGGTCGCCGGCTGCGGCGGCCTCGGAGGCTGGATAACAGAAATTCTCGCCCGCGCCGGCGTAGGTAGGCTCATTCTTATCGACGGCGACGCCTTTGACGAAAACAACCTCAACCGCCAGCTTTACGCCACGGAAGAAAACCTCGGCGAGCCGAAAGCCGCCGCCGCCGCGGAGCGCGTGCGGCGCGTCAATTCGAGCGTCTCGGTCAAACATTATGAGATCTTTATAAATGAGACAAACGGCGTGAATATGATCGCTCCCGCAAATGTCGTGCTGGACGCGCTGGATAACAACAGCGGACGCCGGGACGTGTTCAGCCTTTGCCGGCGACTCGGCATTCCGTTCATTCACGGGGCGGTGGCCGGTTTTTTCGGGCAGGCGGCGGTCATGCGCCCTCAAGACAGGGCGCTGTGGGAGAGTGCCGATACTCCCGATAAAGGAATAGAGCTGACGACTGGCAATCCCCCCTTTATACCTCCGTTCATCGCCTCGGTGCAGGCGGCGGAGGCACTGAAAATCCTTGCGGGGCTTGAGGGCGGGCTGGAACACACGCTGCTCTGGTTCGACCTCATGCGCTGCGATATGCAGAGGCTGAAATTAAGATGATGAAGACAAAAATAGTACTTGACGCGCACTTTGACATGCTGCTCGATGTGCTGACGCTGCGCCGGCGCGGCGGGCATGCCGTCATGGAGGAGCGTTTTCTGCCGGGGCTTCGCGCCGCGGGGGTGAACGCCGTGGTCTGTTCGGTGTTCATTCTCGACGAACTGGTCCCCGAGGGGGCGTTGAGAAACGCGCTCGAC
CP171104.1_gap10	677458	681556	4098	CTCCAGCTCAACGTTTCGGCCAACAGCCCCACCTTCGGCAGCAGCATAATCGGCCCGATCTTCCTCACCCATGTACTCACCTCGTCGCTCGCGGTCTCGCTTGGCGCCGAGGCGAAAAAGTCCTTTGACGAGCAGGCGAATTTCCTGCATGACGAGAGGATATTCCACCCGATATTCGGCCTCAAATACTGACATCAGCCAATTTGAGAGAAGAGGAATCGAAAAACGGGGAGGGCTCGCTGAGAGTCCTCCCCGTTTCAATCTTTGACAAAACTCCGATCGTCAGCGCTTCCAAGTGAGGGTGTCGAGCTTTTCCATCGGGAAATTGAGAAGCGTGTCGGCCTGCGGGGCCTTGCCCTCGGCGAGACGGTTGAACTCCGTCAGCATTCGCACGTAGGCAAGCCTCTTTTTCGGAGAGCTTTCGCCGTGCATCCCGGCTTTGAGCAGGACGGCGAGCTGCTTATAGACAGAGGGTACTGGAACGAAGGCCGGCCCCTCCGGCGTCAGCATTATCGTATAGATGAAAGAATAACTGTCCTTGCCGCTGTATTGTTTGTCGAGCATTTGATAGAAGGGAGCCGCCGGGGCTATATAGATGCTCGTGCCCTTGGGGACCTCTATCTTGGCCGGCAGCGCGTGCCATCTTGTGTACTGGAAGGGCGTCGAGGCGATGAATACGCGCGGCGCCCATGTCGTCATGCCGATCCAGAGGTGTACGCCGTCACCTTCGAGATTTGTGAAGGAGAGCCGCCAGAGCAGGTCGTTCTTGGAATCCTGATCTACCTTGGAGATGACCGGGTCGCTCGATATGAAAGACAAGCCGTCAAGCTGGTCAAGTTTCCTCGCTCCCGCCGGCGTCCTCAGCCAGGCGGAGGTTATCGTCCCCTTGTCCTGTTCGAGGACGACGATCACCGGAAATTCCGGCACCTCAAGGGTCCTGATGCTGATATTTTTGTCGCTCATCTCAGCGGCCGGCAGCAGGTAGAGAACGAGGGCCGCCGACAGGAAAAGGAACGGCAGGAACCACATCGCGCGGCTCTTTTTTTTATTCGCTGCCTCGCGGCGATCTCCGAAGTCCCGTTTGAAAGGCGTCATATTTCCGATATCCACACCATGCCGTCCCTCTCGGAAGAGGGCAGTTCATCGTACAGCTCCGCGACGCTCTTTTCAAAGAGGGGATGTATCATCTCGGGAGCTATCTCCATGAGCGGCTTCAGCACAAATCCGCGCTCGTGCATGCGCGGGTGGGGGACGGTCAGCTTCGGGTCTTTTAAGGAGAGGGAATCGAAGAAGATGATGTCTATATCTATCTCACGCGGTCCCCAGCGCATACCCGCGGAACGTCCGAGCTCCGCCTCCGTCTTTTTCAGCAGGCAGAGCAGTTCAAGCGGCTCCAGCTCGGTGCGGGCGGCCGCGCACATATTGAGAAAGAGCGGCTGGTCCGTCACGCCCCATGGCTTTGTCTCCCAAACGCGGCTCTTGGCCTCTATATGTATGCCCGCGCCGGCCAACCTCGCGACCGCCCTCTTGAGTATGTCGAGGCGGTTGCCGAGGTTCGATCCGAGGGCGAGCATCACCTTATGGTCAGACATATTTTGCCCTCCGTACCGCTTCCGTCATCATAATGACCTCTTTATTCTCTCTCACATCGTGGACGCGTATGATGTCGGCTCCCTGCCAGCAGCATACGGAGGTCAGGGCGAGCGTGCCGCAGAGCCTATCCTCCGCCCTCTTTGTCCGCGTGGCGGTCCCGACGACGCCCTTGCGCGAGGCACCGACCAGCAGAGGGTATCCGAGGGCTTTAAAGCTTTCGCAGTGGCGCATCAGCAGCAGGTTCTGGTTGTAGTCCTTCGCAAAACCCACCCCCGGGTCAATGATGATGTTTTTTCGCGGGACGCCAAGCCTCTCGGCCTTTTCCGCCGCCTCCCGCAGGAAAGAGCATACCTCGGATATGAGATCCCCGTATTCGCACTTCGTCTGCATATCTCCCGGCGTGCCGCGCATGTGCATCACTACGAGCGCGGCCCCATATTCCGCGGCGGCCTGTGCGATCTTCTCGTCGAACTGAAGCCCCGAGACGTCGTTGATGATGTCGGCGCCCGCGTCTAGCGCGGCGCGCGCGACGGAAGAGCGTGTCGTGTCTATCGAAAGCGGCATCAGCGGAAGTTCGCGGCGTATGGCCCTCACCGCCGATTCCATACGGGATATTTCCTGTTCTTCGGGTACCCTGCCGGCTCCCGGACGCGTCGACTCCGCGCCCAGATCGAGGATGTCGGCCCCTTCCGAAGCCATGCGCAGCGCCCTTTTTACGGTTTCTTCCGTCTCCGCGCCGCTTCTGCTGCCGGCAAAAAAGGAATCGTCCGTGAGGTTTATTATCCCCATCAGCAGCATCCCTTCCCCGAAGGCCAGCTCCGCGCCGCAGGGCAGTTTCATCGGACAGGGGCCCTTGGGGGCGATCAGGGCGCGTATATCGTCCGCCAGGCGTTCGAGCCCCCACCACGGCATCCGCGCCAGTTTTTCCGCGAGATGGCCGAGCTGTTTCGCGGTGCCGAAGATTATAACGTCGCTCTTGCTCACGCCGCAGGTGATGACCTGCGCGTGCACGGCGGCGTCGCCGCCGCGCGCAAGCATCTCCTGCTTGATGATGCTTGCCGCCGGCGCGGGGACGTCCGTGACGCAGAGCTGGAGCATTTCGCGGCGGTTCTCAAAGTAGGGCAGGGATTTCATATCGCAGCCTGCCTTCGCCACGGCCTCGGAAAGTTCGATCTTATCCCCAAAGCGTATGAGATGGACCGGCGGCATATTTAGTCGAACTCCTGGATGATCGGCAGGCCCGCGAGGTGTTCGGTGTAATTGAGCCCCATGAGGCAATAGCCGTGCAGGCTGTCGAATGTGAGGAGGCTGTAGGAGGCGGTGTCGACGTGGAGCCTCCAGTAGCAGGGGCGGCTTACGCCGAGCGCTCCGGCCATGAGCGGTTTCAGCACTCCGCGGTGGGCCACGAGCGCGATGTTGCAGCCGCGGTGCTCCTCGATGACGCGGTCGAGCTCGGCGAGCGCGCGGTCGCGCACCTCGTCAAGGGTCTCCCCGCCCTCTATCTTGAGCTCCTCCGGCTGATCCAGCCAGGTCTGCCATTTCTCAGGCTCCTCGACGGCGAGCTCGGCCTTCTTTCTGTTCTCCCACGGTCCGAGGTGGATGTTGCAGAAGCCCTCGCGCCCCTCGTAGGGAAGCCCCAGCGCGTCGCCAAGTATCCCCGCCGTCGTCATTGCGCGTGACAGCGGGCTTGAGTAAATATACTCTATGTTTTTATCCTTCATTGCCTTCGCGAGCGCGTGGGCCTGAAGCACGCCGTTTTCATTCAGAGGGAAATCCATACAGCCGCGTATGCGGTTTTCTTTATTGCCGGCGCATTCGCCGTGGCGGATGAGGTAGATAGAGGTCTTGTCTTTCTTCAATTTCTTCACTCCTGTTGCGATTGCAGATCATATAGAAATACCGGAAACCGGCACGTTCCCTTTTTATGCCGCGGGAAACGGGTCCGCCTGCCCGATAGCTCAAACATTCGCTCATTATACAACAATAGCGCGGTGATACGCCTTTCGTTGACTCCGCGATTTAAAATATTTTATCCCCGCTTTTTAAAATAATTTTTTTGACCTGTATTGACAAAAGCCTCTGCGACGATTATTATTTAGCTGTCGTTGGGGTGTTGGCACTCATAGGTATCGAGTGCTAACAAGAAACGAATAACTTTTATGGCAGGTGAGATGTGATGGTCACAGAAAGACAACTGGAAGTCGTACTCTCCGTGGTATACGAATATATAAAGAGCGGAGAGACTGTAGGCTCCCGCACAGTCTCACGACGCTACCTTACCGGACGCAGCTCCGCGACGATAAGAAACGAAATGTCCGATCTGGAGGATATGGGTTTCCTTAAGCAGACCCACGCGTCGTCCGGACGGATTCCCACGACTCAGGGATATAGACTATATGTCGATTCGGTACTTCAACGTGTAAATAGCGCCGGGCCGTCTGTAAAATTACTAAAAAAGATGATGGAGCACCGGCAGGGGCTGGGCAAAGTGCTTGAATCGGCCTC
CP171104.1_gap11	701910	706408	4498	TTCCGTGCTGGTATATTTATGGTTCAGCTTTTTTTCAAGCAGCCTGTATATGAGCAGTGAAATAAAACAAGTAAGGAAGTGCGCTTTTATCCGTTCCTCGCGGCGAAGAAACACCGGCCGCGCTTTAAATTCGCTCTTCATTATACGGAAGCACTCTTCGATCTCCCAACGTCCGTGCGATATGCCCGCCACTGTCTCCGCGTCGTCGCCAAGGTTGGTGCACACGGCGTAGAAACCGTCATAAGCCGACTCTTTCTCTATCTGCGCGCTGTCTATGGAGAAACGTTCTTTTGCCTGCGTTTCATTCCCCTTCTCATCCACCATCTCGCGCTTTATGAAACGTCTGTAATCGTTGGCGTTGATCTTATCAAGCTTTCCCGGGTCGGATTTGATCGTTTTCTCGGCGCGCTCTATCTGCCGCCCGCGTACTTTTCGTTGATACTCCCTGTACTTTAGAGAATAAGTGACGATAAGATTTTGTTCCAACTTGTTTTCCTTCATTCCGCGTTCTTTATAGAATATTTTATCCCCGTACGACTCCGCCGCTTTCTCGTCATTTTCCGCCTCCTTCTCAACGACAGACAAGTCATAAGTCTTATTTTTGTCAGAGCCCTTCATCTTCCAGCCGGACGTATCCAGAGCCCAATCCCGCAGATACTTCTTTAATTTCTTTATAGACTGAGTCGTAATAAAAGCTTTGTCCACGCCGTCGTTGAACTTCCTGTTGGCGTCTGAAGCAAGCCCAGCGTCCGTGCAGACCACAAACTTAGAAAGCTTGAAATCATCCATCAGCTTCTGCTCGAGCGGCTGCAAAGTAACCTGCTCGTTCGTATTGCCCGGGTTGATGCAGAAAGCGAGCGGAATACCTTCGTAATCCATAAAAAGCCCCATCTGCACAATAGGATTCGGCCTGTGCTCCTTGCTGCAGCCGTAGCGCCTCTCCTCATCCTCCTGCTCGATCTCAAAATAATAATTGGTGCAGTCGTAATACACCACCCCCGTACTGCGGGCAAACAGCCTGCCGCTTGCCTTATACAGCGCAGACTGGATATAGCCGCACTCCGCGGCCAGGACAGAAAGAGCCCTGTAAAGGTGATGCAGCGCAAAGTCGGGAGCTTCAAGGAACGTCTCCGACAAACGCAGCGTGGCAAACTTTGAAGCGGGGAAAATAATGCGGCTGTAGACCAAACGCGATAAAATAGAATTCAAATTAAAACAGAACGCATGCTTGTCTGCCACCTTTTGGCAGATCCTATCCAACCCCAGGGCATAATATATCCACTGTAAAAAGAGATATCCGCCGTTGAAAGAACGGCGCTCCCCCTTGTCAATGATCTTGGCAGGAGAATACTTCACGATAACATCCGGCTCTGCGCCCTCTTTTTCCTTTTTGTTCAGCTCTTCAATATAGCGTATGGCCCATTCCTCTGGATCCTCGCCGCCGAGCTTTTCCTTGAGCTGAGCATAAGTACCGAGTTTCTCAACGATCTTAGTAGAACGTCTGCCGTTGACGTTAGTAGATTTGATAACATAGAGAGAGACGGCGTTTGTAGAAACAGACTTCATGAGCCTCATATAAATCGCCTCCATATGCGCTTATTATAACACAATACGACACAATACGCAATATCTGTATAAGAAGATTTGACGAAAAAATAAGCCTATTACCGACTTTTTTAAGTATTTTTTAGATGAAAAGTGTCAAAGACCCGAGGCGAAGTCTCTATAGATAATACCCCTGGCAGGCCGCATCTACAGGGGGTAAATCGGCGTTTATAAAAATCGGCGCGAATAAGCACCGTATGCGTCATAAGCCGGCCCCTGAGTGTCCTCGCCGTATGGAGAATACGGCTCCGGTACTCAGAGACCGGCTTATTTAGCCTACGGCACTTCTTCGCGCCGATTTTTTTGTTATTATGCAAAACTGCTATTGTTGATTTCCTTCGGGCGGGTAAAAGATAAATTGCGGTTTAGCGGGCACTCGCAAAAGACTATTTGTCGATATTCAGCGATTGCGGTTTACGCTTTTAAAGGGGGCTGTGTGAAAACTTAACGGCAGATATATTCTTTATAGTTGCTTTTCTTTATATTTTATATTTAACATAAATTGTAATATAATTATATTAGCAGCTAATTATATTATTAAAGCGACCATAAAAATATAAATATAAGGCGGCGTTTATTTTGAGCAGAAGAGCCGGCGTTCCCGTCCACAATAAAGTCGTTTTTAAGGATTATAACCACAAGCAATCAATGCTCCCTCTGGATATCGATACTTCTGTTCCTGATAAACACATGGTTCGTATCATCAATAAGGCCGTGGACGACATGGATATGACGCCTCTTTTCGCTATGTATCCGGGCGGAGGCCGTTCCAGTTTCCATCCAGCCATGATGACCAAACTTTTGGTTTACGCTTATGCGGACAAGGTATATTCCAGCAGAAGGATTGCGAAGGCGGCAAGAGAAAATATTATGTATATGTGGCTGTGCCGTGGTCAGGCGCCCGATTTCAAAACGATAAACTCTTTCCGCGGCGAGAGGATGAAAGAAGTTTTTCTGCATGTGTTTTCAGAAGTCGTAGAACTTCTGCTGATGAGCGGCTACATAAAGCAGGAGAATTTTTTCGTGGATGGCACGAAGATCGAAGCTAACGCCAATAAATACAGTGCGGTATGGAGTAAGAACGTGAAGCGTTACAAAGAGCTTGTGAGAAAAAAGTGCGAGGTTGTCGGATATTCTGAAAAACAAGCTCCCAATCAACCTTGTCGGAGACGCTGGCTACGGGGGAGAAGAGAACTACGAGTACCTTAAAGACAATCAGCTTGGCAATTACTTAAAATATAACACTTTCGACAAAGAACAGAGCAGCAAATGGCGTAATGACCCGCTGAAAACGCAGAATTGGAAATACGACGAGTCCATAGATGCCTACCAGTGCGCCGGTGGACGCCATCTAAACTTTTCGCATGAAGAAAAACAGCAAAGCGCCGCCGGGTATGAAAGCAGCGTACGGATATATAAAAGCAACGACTGCCATGGCTGTTTATACAAGGCGGACTGCGTTAAGAGCCCCCGAGCGGAGGCGGTACGCCAAATGCAGGTAAACCGCAGAGGCATCGAACTCCGTGAAGAGGCAAAGAATAACTTGAACAGCCCAAACGGTAAAAAACTGGGAGCGCGGCGTTCCGTGGAAGTAGAAAGCGTGTTTGGCGATATAAAAGCCAATGGAGGAGTGCGCAGATTCACGCTCCGGGGCTGTATAAAAGTGGATTTAGAATTTGGTCTTCACTGCATCGGGCACAACTTCAGAAAACTTGCCATAGCGCAAAGCCGAAAGGCATAAAGAATTTTGCTCTCTTAAAACAATTACGATCCCTAACATATTTGAGCCTATACAAGACTTGCGAAATTGGGATTATTGGGGCTGCATGATTATGTTTTCACACAGCCCCAACTCTTTCAAATTATCCATATTGCCGCAGCATGCGGGTGCGTTTGCCGCAGGACCGCAGACCCCGAAGTTATGACGTAGACGGCGCGTATAAACGCCGATTTACCATGTTTATGGCAATTGCTGATGTGTCTGTTAAAAGTATATATATCAGGTTTGATATTTACAATGAATCTCATGATATACTTACGGACAGAGCCGTGTTACGGGGTGGTTTCGCCGAAGTTCCGACCTTGTCATGTACAAGTTTGGGATGGAGGTGATGTCTCATGAAGAATAACGATTTCCATACGATTATTATGATCATGTTTGGATTCGGTACCTTCATTCTGGCGCTGCTGACATTTATTTTCACATTTGTCGGCAGATAGCCCGAAAAAAGGCATAAAAAATTACCCCTCCTACTTTGACGAGTTACGCGGGGTAATTTTTTAACCTAAAGGAACTTCGGCAAACCACCTTGTGGGCGGCTCTGCCTTACCTGAATCAATCTTATCACATCACGTTTTTTTTTTCAAGCGCCGAAAAAAGGCGATGATGGCGGCGGTGCCCTGGAAAAAATTAAGTAACAAATAATCATTCTTTGACGTCCGGACGCACGATTGTCGCAGCTTGTATGAAAATGAACTCAATCGTGCGTTCAATTCAAAATTTTTAATTAACTAAATTAACCATGCCAATTTTCCTTTACATATGGCTGACATAATTATAAAATAAGTGAAGCAACAAGCTGATACACAATACAATATGGAGGTGCACTATATTGAAAAAGGTACTGGCTTTACTCGCTCTCGTTATCGTTGTTTTCGCAGCAGGAGCCGCTTTTGCGGCTGAACCGATCAAGATCGGTTATCTTGCCGCACTTACTGGGGACTACGCTCAGTATGGGATCACGGAAGTCAACATGGCCAAGCTGGTCGTGGGCGACATCAACGCCAAGGGCGGCATACTCGGACGTCAGATCGAGCTTATCCCTTATGACACGAAAACAAGAAATGAAGACGCGGTCAATGCGGTACGTCGTATGATCGAAAGCGACAAAGT
CP171104.1_gap12	714101	716683	2582	GGAGGCCGCCTGGTACAACACGATGACGGGCATGAAGGAGGGCTCTCTGCCGGTAAATGAGGAAAAGCTCGCCGGCGGGGCCGCGGTGAAGGTCATATCGGTGCCGGACGACACCGTTGGCCGTGCCGTGGTGATCACCGTCAAAGAGAACCGTGCGAACCGTTACGGCGTGGACGAGACGGTCAATATGGCCGGCAGCCTGCCGATATGGGAGCAGAACGTCAGCGTCGAACTCCCGGAGGGAATGGAATTGTTCTGGATCGGCAGAGACATGAAAGATCCCGTCGTCGCCAGGCAGAACAACGTGCAGCGTTACAGCTGGCAGGTGATGAACCAGCTGCCGTGGCACGGAGAGGGTTTTGTCGTGAATGAACGCCCGATGCTTTCTTTCAGCTCCAAAAAAGGGGTGACGCACAGCCTTCGCATGCTGAATGATATCGCCAGGTCGATGCCCGCGCCTTCGGTGCCGGTTTCTATGAAGGGCGACGCGGCGCGCGCCGGGGCAAAGCTTATCGAATGGGTGACCGCGCCGGAGCGCACGCTCCGGGACTATCCGGAAAACTGGGTCCGCGCGGCGGACCGTATCCCCCCCGAGGGGCCGTGGACCCCATGGGAGCAGACCCTGCTCCTGAACAAGTGGCTTGCCTCGCAGGGCTGGACGGTATCCCTCTGGTGGGAGGCAAAAATGCCGCTGAACGCTTCGACACCGGCCTCGACGACGCTGTTTGCCTATCCCATCTTAGAGCTTAGGCCGAGAGAGGGCGCCAAACCATCATATTTCAAGGCAGGCCTGCCTTTTGCCTTCGACCGCCTTCCTTCGTCGATCGCCGGCTCGGAGATATACGGCTTGAAAGACGACGAATATGTGACGAAAAAACTTCCGTCAGGCTCTTCGTCGGAAAACCGCCTCGCGCTGCTGTGGCGGCTCAAGCTCGACGATCAGGGGCGGGCGGCAGGGACGCTTGACGTGACTGTCACCGGCGGCTGGAGCGACCTCTTTTCCGGAAACGAGGTCCCGTCGCTGAATAAGATCGGTCCCCTTCTTCTCGCGAAAATAAATTTCGCGATACCGGGAATGAATATCACGCCGACGTCGGTCGAGCCGCTCTCTGCCGGTTATAAACTTTCGTTTGACGTAAGGTGCGTCCCGGGGATAATACACGGCGGCAGCATGCTGCTCAGACTGCCCGGCGGAATCCCGCTGCTTGTCAGCGAGATGATCGGCAGGGAGAAAAAATACACGCTGCGCTTCCCCTTTATCATAGACCAGAAGGTCCGTATGTCGATGCCCGGAGGCTTCAAAATGCTGCAGACGCCGCCGCTCAAACAGCTTGGCTCCGGCACAAAGGCGATTCTTAAAGAGTCCATCACGCACTGGCCGAAGAAGGCTGAGCTGCTCGCGGACAGCACCTGGGTCGTGAAGAACCGTGAAATAGACGGCGTTCTGGCGCAGCTCCTCAGAGAGGAGCTTAACGCTTCTCTGAGATGGCCGGTGCTGGACCTGCCCTTCCGGAAGTAGCCTGGTATCTGAAAGATATTGCGCGATACGCGTTGAACATAGTTTCTAAAAAGCTAACAGATAAGGAGTGTCGGACTTGCAGAACATGACAGAGGAACTGAAACAGGCGCTTGATACCGCTGTAAAGGCGGTCGCCGCCGAGAAAGATTACCAGATACCGGAGGGTTTCATCGTGCGCCTTGAACGTCCGCGCCAGGAGGGGCACGGCGATTGGGCGACAAACATCGCGATGCAGCTCTCGAAACCATTCGGCGTTAAGCCGCGGGAGCTGGCCGAAGATATAATCGCCAAACTTCCGAAAGATTCCGTGGTGGAAAAGGCCGAAGTCGCAGGCCCGGGCTTTATGAACTTTACCCTCTCCGCGAACTGGGTGACGGAGACGGTCAAAAACGCGATCGAAAAGGGCGACGCCTACGGCAGGAGCGACATCGGCGGCGGTCGGCGCGTTCAGGTCGAGTTTGTCAGCGCCAACCCGACGGGGCCGCTTCACATGGGGCATGGCCGCGGCGCGGCGGTCGGCGATATAACGGCAGCCCTGCTGGATTTTGCCGGTTATGACGTCGAGCGCGAATACTACATAAACGACGCCGGCCTGCAGATGGAGCTGCTCGGCAAATCGGCGCAGGCCCGCTACTTTGAGGCGCTTGGGCGCGCCGGCGAGGCTCCGATGCCGGAAGACGGCTACCACGGCGAATATATGAGCGACATTGCGCGGAGCTTCGTTGAAAAATACGGCGACTCGCTGGCCGCCAAACCGCTGGAAGAGACGATAGAATTCTTCTCGCGGGAAACGGCCAAGATGGTCCTCGCCATAATCAGGAAAGACCTGGAGGACTTCGGCGTCAAGTTCGACGTCTGGTTCTCGGAGAAGTCTCTCTACGACGACAACCTTGTCGAACCGGCGATGGAGGCGCTCAAGACGCGCGACTACGCGTACGAGGATGCGGGAGCCCTCTGGTTCCGTTCGACGATGTTCGGCGACGACAAGGACCGCGTCCTTATTCGCTCAAACGGGATGCCCACATACTTCACATCCGACGTCGCCTATCTCAAGAATAAATAT
CP171104.1_gap13	720934	722493	1559	TGCGAAACGCCTTCAAAAAAGCAAACCGGTAACGGACGCCTTCTTCGCGTGGGCCGCATCCGCCCGCGCACTGCCGCAGTCCACCCTGGGAAAAGCGCTGCACTACGCACTTGAACAGAGGATATTCCTTGAGACCTTCTACATGGACGGCAGAATAGAAATCTCCAACAACCGTGCTGAACGCAGCATAAAACCATTCGTCATAGGAAGAAAAAACTGGCTCTTCTGCTGCTCCTCTAAAGGGGCGAAAAGCAGCTCGGTGATCTACTCGATAATAGAGACCGCCAAAGAAAACAACCTCAAACTCTTTGAATACCTGGACCATATACTTGAGACCATGCCCAACATAAAGCCGGAACAATACCATACGCTGCTGCCATGGAGCGAAAACCTGCCGGAAACCTGCCGTCTGAAAAAGAGTACTGACAGATCGTAAAACAACAAACAGATACGGCAGAATTTACATGAGCTCACCACTATCTGACACATACCCTGTCGCAGGTTACATGTCGCAGCTTTCACATACCCTCCATACCTCCACTACAACAAAATGATGATAACAGGCTTCCTGCTTTGAGGGGAGGTACTGATTGTTTGACGCTTACCATGATTCTGTTAAAACATGGATATCTTTATATAAGAGCGGACAGAAGGACTTACTGGATGATACAAGGAAAAAAAGGACCTACAGCAAGGCTGTAAAACTTGAAGCTGTTTCGGCTCATTTAGAAGAGGGACGTACTATGGTAGATGTTACCTCATCTTTTAACATTTCAAGTCCCTCTCTTTTAAGACGATGGTGTAAGGAATTTATCGAACAAGGGGATATTTCTAGTTCAAAACAAGACTGTCCAGATAAGAAATTGGAAGTTACAAATAGCATAGAAAAGATTAAAGAGCTGGAAATGCAGGTCGATGTATTAAAAAAAGCCTTAGAGCTGCAAAGGTGGTGATAGAAAGAAATATTAAATACAGAATCATTTTTGAATTTTCAACAAAACATTCTGTCTGTGTAATGTGTAGATTTTTGTCCGTATCTCGTTCGACATACTACAGTTGGCTAAAGCGGCGTGGAATGGAAGATAAAGACGGTCCTCTCATAGAAGCAATAAGAACGGGACAGAATATCAACAAAAACACTTATGGGTACAGGCGAATGACTCTGTGGCTCAACAACTTCATTGGCATTCATGTAAACAATAAGAGGGTAAGGCGTGTTATGAAAAAAGCGGGACTTCAAGCGGAAATAAGAAAAAAGAAAAAGTTTAAAGTGATGTCAGGAAATATCCACAGCTATGAGAATATCCTGAACAGAGAATTTCGTTCCGACAGACCAAACCAGAAACTGGTTACTGATATCACATATATACGAACAAAAAAGGGTAATATATTCCTCTCCATGATAAAAGATCTCTTTGATAATTCCATACAGGGATATCAAATCAGTCGTAATAATAATATTAAGTTAGTAACCGATACATTGAAGAAAGCATTTGAAAATAATAATAAGGTGGTCGCTGATGGACCAATCCTCCACAGCGACCAGGGGTTTCAATATA
CP171104.1_gap14	732137	735498	3361	CGCGCGCGCGGCGGCGCTCGATTCCCTGTCGCTCCAGGGGACGCTGCCCAATATAGGCGCCTGGATAGACGGCCCCGACGGGACGCAGCTCTATCTGAAAGGGCAAAACGTGAGCGGATACACGCTGGAAAAGATAAAGTACGGCGAGGTGGTCCTCTCCGACGGGAAAGAGGAGCACTCGCTCTATTTATTCCTCTCGGGAGGAACGGCGGCAAAGTCCGCCGCTCCCTCGTCCGCATCGTCTTCCGCTCAGCAGCCATCCGGGCCGAAGCTTGACTTCTCCGGCATCGAACCGGCAAAAGAGGGGCAGGAGGGGGCCGTGCCGCGCGAGCTCGTTGACGCGCTGCTGATGAACCCCTACGACGAACTGGGCAAGCTGCGCATGACTCCGGCGGAAGACGGTTCCGGCATGAAGCTTGAACGCATCGCGCCCGACAGTGTCTTCGCGCGTGTCGGCGTCTCACAGGGAGACGTCATACAGGCGATAAACGGCGTTGCCATATCCAATATGGCTGACGCCGCCAACGCCGTGAACTCGCTGATGGCGGGGACGCGCTTCGACGTTACGGTCCAGCGCGGAGGAAAGCCGCTCGCCCTCAAGTATCAGGTGAAATGAAGTATGTCACGGCGGCGGAGCGGTTTCACCCTCATAGAGGTGATGATCGCCGTCATGGTGCTCGCACTCTCCACAACGGCGGCGATAAGGCTTGTGATAATGGCGCAGAACACGCTCTCCGCCGTCAAGGACAAGGAGGGCCTCATAAACGCCGCGCAGGCGGTGGAGGCCGGGATATCTACGGAGGAGCTCTCCGATGTCGGTACCAGCGGTGACTTTAAGTGGGAGACGAAGGACAAGGAGACAGAGATGTTCGGCGAGGGGTTCGGACGTCTTGATTTTGACAAAGCTGCCTCCGGCGACGGCGCCGAGCCCGTGCGCGTAAAATGGCGCGAGATCACCGTCGCCGATAAAAAAGATAAAAAGATAACGCTCTACATCCCGTCGAAGGAGGATTCCGAGGAAAACGTTGCGGAGGGGCTGTCGGCCGATAAAAGTGAAAAAAGCGAAAACACTGGACAGAGTGGGAAAAAATGAACTGCCTTTATAGATAAATATCGCAGCAGGAATTAGGAGTGGTAGGTAATGCACAGCAAGAAAAGGTTTTTCTATACATTATTCATAGCGGCGGCCATCTCCGTATCCGCATGCACCATGTCGACGGCGGCTGAGCCCGACCAGGAGGAGCTGAACCTGATCAAGGCCGCGCAGGAGATGAGGGCGGCGGGGCGCGTACAGCTGAACTTCAAAGACCTCGATATGGCGAAATTCATTCGCTTTATGTCGGAGCTTCTCGGCGAAAACATCCTTGTGAACCCCGGGGTCTCCGGCAAGGTCTCCGTCGTCTCGCCGAAGGCAGTCACGCTCAAGGAGGCGCGGCAGGTGATGCTCTCCGTGCTTGAGATGAACAACCTTTCGATACAGGACATGGAGGGCTATTCAAAGGTCGTGCCGCTCTCCACCGGGGGCACCGCGAGCAATATGATCGTCAAGGGAGACCAGAGCGTCGACCCGAGCGATACGATAATGGTGCAGCTCGTGCCGCTGAGCTATGTCAAGGCCGGTTATGTCGTTTCGCCGCTCAAGACGGCGATCCCGCAGATACAGATCTCGCCGATCGGCAACGGCAGCTCCGTATTGCTCGTAGGCAAGGCGGCGCTGCTCTCCCGCGCCGTGGGCGTCATCCGCGCCATCGACGCTCCGGACAGCATCCGCACGATAAAGGTCTGCACGCTGCAATATGCTAACGCTAAGCTGCTCGAAGCGCAGCTCAACGCGGTCGCGAAAGACGCCTCCTCAAAGCTCGCGGGGATGGTGGCGGTCTCCGACGAACGCACCAAGAGGGTGATCCTCGTCGGCAGCAGCCAGAACATCCGCGAGGCGGACCGCATCATCAAATCGCTCGACGTCCCCTCGCGGACCGAGAACTTCCACGTCTACCGGCTGAAAAACGCCGACGCGAAGACGGTGGCGGAGCAGCTCTCGCAAATACTCTCCGTCGCCGCGAAGCTATCGCCCGACCCCAAGGGCGCGATGCCCTCGACGGTCGTGCCCGACCTGCCGACGAACAGCCTGGTATTTACGGCCACGCAGGAGCAGTTCAATTCCCTCAAAACCATCCTCGAACAGCTTGACACGCAGCCGAAGCAGGTGCTGCTGCGCGGCATGATCGCCGAGGTCAGCCTCAACAAGCTCAACAGCGCCGGCATCGACTGGGCGGCCTGGGGCGGCGACATCTTCGGCAGCATAGTTGGGGCTGGTAATATACAGCTTGGAAACACCGCCGTGCCGTCAGACATACAAACGCTTTATCAGAGTTTAATAACAAAAGAGGAAACAGTTCCTTTATATGATAAAAATGGCAACTACCTTGGTAATAGTACAACATCAAATACCCAGGGGGCGGGGCTTGTATATGCCTACATAAAGCTGCTCAACAAGTTCGACGCGGTCAACGTCCTCTCGATGCCGCGCCTGATGTGCACCGACAACCTTCAGAGCTCGCTCCAGGTGGGGCAGGTCATCCCGCAGCTCAAGGGCAGCCTTACGAACCAGACGAACACTAACTCTGTGACGAACACCTATGAATATAAGGACGTCGGCCTCATCCTCACGGTGACGCCGCACATCAGGAGCGGGAACCTCGTCGCGCTCGACATCGAACAGCGCATCGAAGACCTGCTGACGACGACCAACTCGACGACGCCGATCACCTCGAAACGCGAAGTCAAGACCAGCGTCCTCGTCGCGAACGGCGAGACGGTCGTCATCGGCGGCCTCATCAAGGAGGCGGAGAAGGAGCTGAAAAACCGCGTGCCGCTCTTCTCCTACATCCCGTTGATCGGAAACCTCTTCAAGTCGCAGGAAAAACAGCGCGAAAAGGTCGACCTGATGATCTTCCTTACGCCCTATATACTTGAGACGCCGCAGCACGCCTCGAAGATCACGAACGAGATCATCACCGACGGACAGAGGCTCAGCGAGGCGGAGCGCATCCTGCTGCAGCGCAACAACGAGGACTATCTTAAATCGACAAAACAGCAGGGGATCACGCGGGAAATGCTCGACCCGCACGGACAGCTCCCCGGCATGGGAACATCCGACGATGTGAAGCCGCGGGAAAAAGCGCCCGCAAATAATACGGATAAGCAATAAGATGACGGAGCAGTCGCTGAAAGACTTGAACATAACGCCCGAGAGCGTGCTTGAGCTTATCCCTTCGGGGGTGAGTCTGGACGCGCTGCGCGACAAGTGTTTCGTGCCCATCTCTCGGGACGGGGAGGTCGTCACCTTTGCGGCGGCTGA
CP171104.1_gap15	774544	779421	4877	TGGGCGCTGATCTGGTCGTTCCCATCAACAGGGTAAAATTGCACACTGATTTCGTCGGGGAGATACAGAGCGGCATCTGCAAGATGCTGGTTATCGGGCTTGGCAACCAAGTCGGCTGCACCTCGGTACACGAGGCGGATTTTGACAATTTCGCCGATATTCTGATCGAGGCCGCGCAGATGATCATGGGACGCGCCCACGTCGGATTCGGCGTGGCGATACTTGAAAACGCCTATGACGAAACCGCGATGATCGAGGCTATCCCAGCCGAAAGGATCGTCGAACGGGAAAAAGAGCTGGTAAAAATCGCGAAAGGCAATATGCCTACGCTGATGATTCCCGACATAGACGTCCTGATAGTCGAAGAGATCGGCAAAAACATCTCCGGCTCCGGTTTTGACCCCAACATTCTCGGCAAAAGCTTCCTGCTCAAAAAATTCGTCCTGCCGGTGCCGAACATCAAGCGCATGGTCCTCTTTGACGTCACTGATGAATCTCACGGCAACGCCGTCGGCGTGGGCATTTTTGACGTGATAACACGTAAGGTTCGGAATAAGCTGGATCTTCCCCTGATGTACGCCAACGCGCTGGCCGTCAAATCGCCGGAAGGCTCGAAGATCCCGATCACCGCCGAATCGGAAGAAGAGGCGCTGCGCTTCGCCATTCAATTGGCCAGGGGAGCCGACAGGGACAGGCTGAAAATCGTGAAAATCAAAAACACGCTGGAACTTGGAATAATAGAGGTCTCCGACGCGCTGCTCGATCATGTGGCCTCTCATGAAAGACTGACGCTTGTTGATCCGGTGTCGTAATATGCGCGCAGCGTGGGCGGAGGTCAGCCTGGACCAGATCCGGAAAAATGTGAGATACCTCATGGGGCGCACGACACCTCCGACTAAATTGATGGGGGTCGTAAAGGCCAACGGTTACGGTCATGGAGTCATTCCCGTGGCGCGGGTCCTCGAGGCGGAGGGGGCAAGTTATTTTGCGGTGGCTATCCCGCAGGAGGGCATAGAACTTCGCGATGCGGGCTTCAGGGAGCCGATACTCATACTTGGACGTTCCTTTGACGAGGACTATCCTTTGGTGCTGGAATACGACCTGATGCCGGCGATCTTCTCGACTGAGCAGGCACGCGTGCTGAACGAGGGCGCGGCTAAAGCCGGCAAGATCGCGTCGGTTCACATCAAAATAGACACCGGCATGGCTCGCCTTGGCTTTGTCCCCGGACCGGAGGCGATGGAAGAGATAGCGCGCATAGCGGCGATGCCCAACATCAGGATCGAAGGGATATTCTCGCATTTTGCGACTGCTTCCAGCGTCCGCGACGACAGCTATTGCCGCGGTCAGTTTGCTAAGTTCACGAGTTTTACCGACGAGCTTGAGGCAGCGGGGATAAAGATCCCGCTAAAACACATCAGCAACAGCGCCGCTGCGATCCTCTACCCGGAGATGCAGCTTGACATGGTGCGCCCGGGAATGGCGGTCTACGGCCTCTATGCCGGCCCCGAGTTTATGGGATTGCCAGGAGTTGAGGTATACCCCGCGATGGAAATAAAGGCGAAACTTGCCTCCGTAAAGAGAGTACCGAGCGGGACGAAGATCGGTTACGACGGGACTTTTGAGACAAAGCGGGAGTCATTGATAGGCGTGGTCCCCATGGGCTACGTGGACGGCGTGCGCCGCAGCCTCGGAAACAAGGGGGTGGTGCTGCTGCACGGCAGGCGCTGCCCTATCGTCGGTAAGGTCTGCATGGATCAATTCATGATAGACATTACTGACTTGGACGATCCGCGCGAAAACGACGAGGTTGTGATAATCGGCAGACAGGAGGGCGAATACATTTCCGCGGAGGAATTCGCCGAGAGCTGCGGCAGCGTCTCTATCGAAGTTCTCTGTCAGCTTGGCAGGAGGATGCCGATAGTCTATAAATGAGTATGATGTCAGTTTTATGAGCCCGTATCTTCACGAGGGTATTAGTCGGGCAAAGATAAAGTATAGATAAGAACGCCGGGCTTTTCTCCCGATCTCATCAGGATTCGTTCTCTCGGCTATAGGACGGTGCAGTTTTTGTACCGTCCTATAGCCGTATCTGCCGACGGATGAATTTTGTTTGGCATGGCGGTCGTTTTTGTAAAGCGCAGAATATGCGGCTCCATCTGACGATTGTTTTGAGCTAATAGAGGTATTTTAAGAGCAAAAAACTAAAACATGGTTTTTATCTTTACTTGTAAAATTGACTTGGCTGGCGGAGAAAAGATTTTTACAAGTAATAACAAGCGGCATGCGGCGTATTGCGGAAGGCTGCAGTCGTCCGGATTGGCCGCGCAGGAGCGCGCGATTGAGTAATATGTCAACAAAAAATAATTTAAAGGTGGCTAAGTTATGCAGGACAAGAAGAAGATCGTTGTTTTGGATGGCTACACAGTACATTCGGATGATTTAAGCTGGAAAGAATTAGGCGCTTTGGGAGACCTGACCGTGTATGACCGCACGTCGCAGACGGACGAGCAAGAGGTGATAGACCGCATTGGCGACGCCGAATTGGTTTATACGAAAAAGGTGCCGATCACGAAAAATATTATCGACGCCTGCCCGAGCGTAAAATTCATTAATATGCTGGCGACGGGCTACAACATAATCGATGTCGCCTACGCGAAAGAGAAAGGCATCCCCGTCGCCAACATCCCGACTTATGGCACCGCCGCTGTGAGCCAGTATGCGATCGCGCTGATGCTGGAAGCCTGCCTCCATGTAGGCCATCACAGCGCGACGGTACATGAGGGAAAGTGGGAAAATAACGTCGACTGGTGCTATTGGGATTATCCGCTGATCGAACTGGAGGGAAAAACCCTGGGGATTTTAGGCCTTGGCAAGATCGGCGTCCATACCGCCGCTACAGCCGGCGCTCTCGGCATGAAGGTGCTGGCCTATGACCCTTATCCCACGAATGCCGGGCGCGCGGTGGCAGACTACGTTGATTTTGAAACGTTGCTTGCCTCCGCCGATATTATCGCGATGCATATGCCGCTCAACTCATTCAGTAAAGGGCTTATCAACAAGAGCAATATCGAGAAAATGAAGGACGGCGTGATCATCGTCAACAACAGCCGCGGACAGATAGTGGTTGAACAGGATCTGGCGGACGCGCTGAACTCAGGCAAGGTCGCCGCGGCGGCTGTCGACGTAGTCTCATCCGAGCCGATAACAGGCGATAACCCCCTTCTTCACGCCAAGAACTGCATTATCACGCCGCATATTTCCTGGGCTTCCAAAGAATGCCGGCAAAGGATCATCGATTGCGCCGTGGCCAATGCCAAGGCATATATCGCCGGCAAATGCATCAACATCGTCAATAAATAAGTTCTCATACTTTACCATAATCGCATCCTCCAAAGTTGCGCCCTCCCTCCCATTGTGGTAAGTATATTGTATAAAATAGCGTAAATCTGTGCAGGCCGTGAAGAAGATCGCGGCCTGCGGCTCAAGGGGGAAACTGAAATGACGGTAAGCAATCTTAATTTGGATGAAGTTCGCAAAAAATACGAAGGTTTGAAAAAACTTGGACTGAAGCTCGACATGTCCAGAGGAAAACCGGAGACGGCACAGCTCGACCTCTCAATTCCGATGCTTCACGCGCTGGATGACAATAATTTTATCAGCGAAAACGGTATGGATGTGCGCAATTACGGCGAATATAAAGGGATACCCGAGGTGCGCCGCCTTTTTGCCGAAATACTCGGCGTGTCGGCGGAGCAGGTCCTGGCAGGCGGAAGTTCGAGTATCAATATGATTTCAGACGCGCTTAAAAGATGTTTCATCAACGGCCCGATGCCTGGGTTCACGCCCTGGTCTAAGCTCGGCAAGGTTAAATTTATCTGCCCGGTTCCCGGTTATGACTGGCATTTCCACATCTGCGACACTTACGGGATAGAAATGCTCCCCGTGGAGACTCGCGAGGACGGCCCCGATATGGACGAGGTCGAGAGGCTGGCTAAGGACCCCGAAGTGCGCGGGATGATCTGCGTCCCGATGTATTCAAATCCCACAGGCTTTACGTATTCCGACGAGACCGTCGAGCGGCTTGCCGCGATGGCGGCGGCCCCGGATTTCCGCCTGATATGGGACAACGCCTATTGTATGCACCATCTGTACGACGACGAGCGGGATTCGCTCGCGAACATCTACGACGCCTGCGTCAGGCATGGGAACGCTGACAGGGTGCTCCTCTTCACATCCACATCTAAGATAACCTTTGCCGGCGGCGGCGTCTGCGCGATGGCGGCAAGCCCCGCGAATATCCAGTGCGCGGGCGACCTCATCCGCTATCAGCTCGTCTGTTATGACAAGGTGAACCAGCTTCGCCACACGCGCTTCCTGCCTGATAAGGAAGCCGTGGAAAAGCATATGCGGAAGCACGCTGATATCGTGCGCCCGAAGTTTGAGCTGGTGCTGCGGGAGCTGGAGCGCGAGCTCGGCGGCCTCGGCATCGCGCGTTGGGGCAAACCCAAGGGCGGATATTTCATCTGTTTTGAGGCGCAGAAGGGCAGCGCGAAAAAAATAATCCGCCTCTGTGAAGAAGCGGGAGTCAAGCTGACGCCGGCCGGCGCGACATACCCGCACGGCAGCGATCCGCAGGACAGCATAATCAGGATCGCCCCCACCTATCCGCCGCTGGAGGAGCTCCGGCAGGCTGTGGAGGTATTCACCACGGCTGTGAAGTTGGCGGCGGCCGAGAGGGCGTAGTTTACGGGAGCGCCGGAGAGAGCAAAGATGAATGGCATAGAGAGCATATCTGAAATGGAAAATACGCGCGCCGATGATATGACGCGCTCGCTGCTGCTGTTTAGAGAGAGCTCTCCCTGCTGGGACGAAGA
CP171104.1_gap16	786138	788974	2836	CGGCGGCGTGTCCGATGACGGCGATGCCGCAGACTTCCACCTCATCCGGCAGCTTGAGGAATTCCCTCACCGGAGGTTCTTTAGCGGCGCGCGCGTATACGCCGTACCAGAGGGAGCCGAGTCCCAGCTCCGTCGCCGCGATCAGCATATTTTCCATCGCCGCGGCGCAGTCTTCGAGCCAGCCGCTTCCCGGGCCGTAGCCCCGGCGGTCGCCGCAGACGGCGATAGCCCATTGCCCTTCAAGGAAGGGGCCTTTTTGGTCTATCCTTTCCGCGAGGGCAGCCATCGCCGCCTTATCAAGCAGAATGAAGCGCACGGGGCGCTTATTCATGGCGCTGGGCGCGGCGGCTCCGGCCTCGACTATCCTCATCGCACTGTCGGCGGGGACCTTTTCCGCCGTAAACTTTCTTATACTCCGGCGTTTCATGATTACGGACGTCATATCCATCGCTCTCCTTCTCATTGATTTCACCCTCATTATATACAAAACAGAGGGAAAGTGGCCGCGGCCGGCAAAAAAATAAAGCCCGTAATAATACCGCTATGTTAAAATATAGGTACAGCAAGACGGCGGCAGCAGAGTAAAAATAATGAAGGAGGACTATACAAATGGCACAGTACATGCACCTAGGCGTACCGGTGAAAACGCCGCAGCCCAACGAAGTCTATTCTCCGGAGATGAAACTCTTTCTTACCGATCCGAAGGACCACCCGTATCAGTATGAATGCCTGCGCTTCGAGCCCGATTCGCAGATGCCCGAAGATCTAAAGAATTACCCGCACGTGGCCTATAAGGTGGAGGATCTTGAGGGAGAGCTCGCAAAATGTGAAAAAATCGTCCTCCCCGCAACGCCGGTCGACGAAAAGACAAAGATCGCCTTCGCCTGGCGCGACGGGGTGCTCTTTGAGTTAATGGAATGCAAGGAATAAATCGGAGGAGGATAATAAAATGGCGATGAAAAAATTTATCAACGACTCGGAGACACTCACGAAGGAACTGCTCAAGGGCATGGCGCTTGCCTTCCCGGATAAGATCGAAGTGCGCGGGAACAATCTTGTCATCAACAAAAATATAGAAAAGGCCGACCGCGTCCATATCGTCACCCTTGGCGGCGCGGGCCATGAGCCGGCGCTCTCCGGCTTCGTCGGCGACGGCATGTTCGATATATCGGTCGTCGGCGACGTCTTCGCCGCCCCCGGACCGGCCGCCTGCTTTGAGGCGCTTTCCCTCGCCGCCGCGCCTAAAGGGGCGCTCTTCGTCGTGCTGAACCACGCGGGAGACATGATGACCGCCGAAATGACGATGGAACAGGTGGAGGACGCGGGGATCAAAGTGGCGCGCGTCACGACGCAGGAGGATATCTCGAACGCGCCGCGCTCCGACGGCGGCAACCGCCGCGGGCTCGTAGGCTGCATCCCCCTCGCGAAGATCGCCGGCGGAGCCGCCGCTATGGGCAGGGACCTTGAAGCGGTGCGCGCCGTCGCGCAGAAATTCGCCGACAACATGGCGACGATCGCCGTCGCCTGCCGCGGCGCCACCCACCCGGCAAACGGAGCCGAAATATCCCACTTTGACGACAAGGACATGGAGATCGGCATGGGACAGCACGGCGAGGGCGGCGGCGGGCGCATGACGATGAAGAGCGCGCGGGAGACCGCGGCGATCATGACCCAGGCCCTGCTTGACGACCTCTCCATCGAAAAGGGCGAGGAAGTCATGCTCATCGTCAACGGCTCGGGGGCGACGACGCTTATGGAACAGCTCATCGTCTTCAAAGACTGCGTCGAATATCTTAAAGACAAGGGCGTCAAAGTCGCCGCCTCACATGTAGGCGAGCTGCTGACGGTGCAGGAGGCGGCCGGCTTCCAGCTCTTCATGGCGCGCATGGACGACGAAATGATGAAATACTGGAAGGCTCCCTGCGACACGCCCTACTACACGGTGAAATAGAGCGGCAGGCGTGACAATGGAAAAACTTGAATACAGCCGTTTCGTAGAGATGCTCGGCAGCGCCGCGTCGGCGATCGCGGCGGCGAAGGACGAGCTTACGGAGCTTGATTCGCAGATAGGCGACGGCGACCACGGCACGACGATGGTAAAAGTGATGGAGAAGGTGCGGGAGACCGCCGAAAGCTATGGGGGCGGCGATTTCAAAGGAATGCTCTCGGCAGTCGGCATGGCCGTGCTCAATATGGGCGGCGGAGCCACCGTGCCGCTCTTCGGTTCCCTCTTCTCGGGCATGGCGCGCGCGATACCCGAAGGCGTGAGCGAACTGACGAAAGAGCAGCTTGCGGAGGCCCTCAAGAGCGGCGAAGCGCGGCTGCTGAAATTCTCCAAAGCCCCCCTCGGAGCTAAGACAATGGTAGACGCGCTGACACCAGCGGTCGCGGCCTTCGCGGACTGCGGCGGCGATATCGCGGCGTCGTTCGAGGCGGCGCGGCTCGCGGCACACGAGGGCTGTATGAAGACCAAAGACTACGTGGCGCACTTTGGCCGCGCGAAGAATCTCGGCGAACGCGCTCTCGGCGTCCCCGACCCCGGCGCGGTCTCCGTCTCGATCATATTCAAGGCTTTCGCGAAAACTGCGGCGGAGAACTAAGGAGAATTTAAGATGGCAGACAAGATAGGAAATATATTGGCGAAAGATTACGGCCTCGACAGGCCGGTGGAACAGAAGAGCTTCTACGTCAAAGGCGCCGAACACTGCGACTGGGGCATGAAGGACCGCCTGTCGCGTATCTTCGACCCCAAGAGCGGGCGCACCGTCATGCTCGCCTTCGACCACGGATACATCATGGGGCCGACGGCGGGGCTTGAACGCCTTGACCTCGCGAT
CP171104.1_gap17	804818	809179	4361	TCGATAATATATAGCCATAAACATCATTTTTCAAACAATATGAAGCGATGTATTATGTTATTGTTTAGTTATTTTAATGAGATTGTTTTATGGATTACATTATTATCAAGACCAAGGAGGGAGAGAGGGCATGGAACTGATCCAGAGACACCCGATACTGGACTACAAGCACGGTAGGGAAGTGACATTCACCTTCGACGGGCAGGAGTTCAAGGGATACGAGGGAGAGCCGATAGCGATGGCGCTGCACGCCAACGGGGTTCTCATCTACCGTGTCACGCCGGAGATGAAAAGGACGCGCGGCTTCTTCTGCGCGATCGGCAAATGCAGCTCATGCTTCATGGTGGTAGACGGAGTCCCCAACGTCCGTACCTGCGTCACTCCGCTTTTGGCGGGGATGAAAGTCGAGACGCAAAGGGACAAGGGCCGCGTCCCCATGGACGCCTGCTAAGGAGGGGTATATTAAGATGAAAAAAGTACATGAGACAGACCTCCTCGTGATCGGCGGCGGAGCGGCGGGCCTCTGCGCGGCGGCCGAAGCAGCGGCGGCGGGAGCTAAAGTCACGGTGATAGAGAGCGATCTCCACCCGGGAGGGCAGCTCGTAAAGCAGACCCACAAATTCTTCGGTTCCAAGGACGAATACGCCGGCACCAGAGGCTATAAGATCGCCGACATCCTCCTGGACGAAATAGCTTCTCTCGGAGACAAAGTAAAAATCAACTGCAACTCCACCGTCACCGGCTGTTACCCCGAGGACGGCGTCTACACTGTAATGGAGGGCGAAGAAAACTACTACCGCGTCAAAGCCAAAAAAGCCGTCGTGGCGACCGGCGCCCAGGAAAGAATGATCCCATTCCCCAACAACGACCTTCCCGGAGTCTACGGCGCGGGAGCGGTCCAGACACTTATGAACGTATACGGCGTCGTGCCGGGCAAAAAAGTCGTCATGGTGGGGGCGGGCAACATCGGCCTCATCGTCAGCTACCAGCTCACCCAGGCGGGAGTCGAAGTGGCGGCGGTCGTGGAAGCCATGCCGAAAATCGGCGGCTACTGGGTCCATGCGGCAAAGATAAGACGCCTCGGCATCCCCATCCTTCTAAGACACACCATCGTAGAAGCCGTCGGCGATAAAATCCTCGAAGGGGCGGTCATTCAGGAGCTTGACGATAAATTCCAGCTCATCGGCGAACCGAAGAAAATCGACTGCGACATCATCTGCATGGCAGTCGGCCTCACGCCTACGACGGAACTCTTCTGGCAGGCGGGCTGCAAAATGCAGTTCGTCCCCCAGCTCTGCGGCTACGTGCCCTTCAGAGACAAAACCATGCAGACCAGCAACCCCGACATCTGGGTCGCGGGAGACGCCTCCGGCATAGAAGAGGCCTCCGCCGCCATGGTGGAGGGAAGGATAGCGGGTCACTCGGCGGCCAAAGCCCTGGGACACAAAATAGACGACAAGAAATTCGACGAATACTGGACCCGCCTTCACCACCTCCGCGCCGGAGAAGTGGGAGAAAAAATCCTCGCGGGAATAGACCAGGTCCTCGTAGAAAGATGGGAGGCGTAGACAATGGGCTGCACATGCGCATGCGATAAAGAAAAACTGTTCAACAGCGGCGTCCTCGTGGAACACACGGAGGGAGCCGTCCTGCCGCCGAAAGAGGCGTGGGAAGCAAAAAAAGGCGGCTACGCGGTCATAGAATGCCCCAAACGCATCCCCTGCAACCCCTGCTACACAAGCTGCCCGACAGGGGCGGTCCTTCCCTTTGAAGACATAAACGACGTACCGCGGATAGACTACGCCAAATGCACCGGCTGCGGCATCTGCGTATCGAGATGCCCCGGGCTCGCCTGCTTCGTGATCGACATGACCTACGCTTCGGACAAAGCCGTCGTCAAGCTGCCATACGAAATGCTGCCGCTGCCGGAAAAGGGCAAGACGGTCAAATGCCTCAACCGCGTCGGGGAAGTCGTGGCCGAGGGAGAAGTGATCGCCGTCACCGAACCCTCCAAAGACCGTACCTATGTGGTCAGCGTAGTCATACCAAAAGAGCTGACGGATCAAATCCGCGCAGTCGCGGTGAACGCGCCCGCATGCCTGCGCCCGGAGGAGGAGTGCTGAAATGGCGAAAGTGAATGTGATATGCCGCTGTGAAGAGGTAGAGATCGACGAGATCCGCAAATGGATAGCGGCGGGCTACACCGAATTTGACGAATTGAAGCGCATCCTGCGCGTCGGCATGGGACCATGCCAGGGACGCGGATGCCGCGACATCATCATCCGCGAGCTTGCGCGCGCCACCGGAAAACCGATCGCCGAAGTGAGGGCCGGGGTCATCCGTCCGCCCGTGAAGCCGATAAAGGCCATGCTTTTGGCTGACGAAGACTAGGGAGGTAGTATGCCATGACAGTAAAAACTGCTGATGTGATCATAGTTGGCGGCGGCGTGCATGGATCGTCTGCCGCCTATGAACTGGCGAAGGCCGGAGTAAAGACGGTCCTCTTTGAAAAGGAATACCTCTCCTCCGGCGGTTCCGGGCGTTCGGCGGCCGGGCTTCGCCAGCATTTCGGGACCGAGGTCAACCTGCGTATGGCCCAATATAACCTCTCCGTGTTCCCGACGCTTGAAGAGGAGCTGGACACGGGCATGAAGCTCGAGTTCACTCAATGGGGCTACATGTGGGTCGCCTATTCGGATCCCTGCATGGAGCAGCTCAATAAAAACGTCACGCTTCAGAAAAGTCTCGATATACCGTCTGTGATGATGACTCCCGCGGAGATCCACGACAGATGGCCTTATCTGAACCTTGACGGCATCCTCGGCGCCGCCTTCTGCGGCGACGACGGGCATATCAACCCGCAGACGCTGACGCTGGCTTACGGGCACGCCGCGCGCCGCCTCGGCGCTGAGATAAAGACATACACGCCGGTCGCGAAGCTGCTTGCGGAGAACGGCAGGATAAAGGGAGTCGTGACCGAGAGCGGTGAAGAATGGCACGCGCCGAAGGTGCTCCTTACCGCCGGCCCCTGGTCTACGCCGCTTGCGGCGACTGTGGGCGTGGAGCTTCCGGTCTACCCCGAACGCCACAATATACTTATCACGGAGGCGGTCGAGATCTTTAACTGCCCGATGGTCCTCTGCCTCGACGACGGGGCGTATTTCAAGCAGTGCCCGAACGGCACCTTCATGTTCGGACGCGACGACCCCGGCGAGCCGCATACGGTAGAGGCCGGCAACAGCGCCAAATTCCTCGAAGGAGTTACCACCAGCATCCTTAAGAGGATACCGGCGCTTCGCGGAATCCGCGTCGTGCGCCAGTGGTCGGGGGCCTATGACAACACGCCGGACCACAATGCGATCATAGACTGGACTCCCGTGGAGGGACTTCTCGTCAACTGCGGCTGGAGCGGCCACGGGCTCCAGTTCGGTCCTTCCGGCGGGCGTGTCTGCAAGGAACTTCTCATGGGAGAGGCGCCATTTGTCGATCTGCACAGATTCCGCCTTTCAAGATTTGCGGAAAACGACCTCTTCTTCGAACCTGCGTTCATTTAATAAACTCTCTCTTTACAAGCGCGGCCGCCGTGAGGGCGGCCGCGCTTGCGCTAGAATAATGCAAATTTTGTGATAATTTGGAAGAGAATCCCCGGAAGTAGTCTTTTTTTCGATAAATTTTTCTCCTTTTATTATTGACTTCCTGCGATTTTATGATATAAAAATAAATGAACGGCACTTATCAGAGGCGTTATTCTGGTAGGTCCTTTTTTGTGCCCTTAGAAAGGCGGCTGTTCAATGAAAAATAAAACTTTTCTGCTCCTTCTGCTGCTCACCATCTTTGCCTTTGCCGCGCTTCCCGCTGAGGCGTCGGCTGAAATAATCAGCGGTTCCGGGACCATCGGGATCGTAGTGATGTGCGTGGTGGTGATAATCTGCACGTATCTCATGAAAAAATTCATGGGTTAAATATTTAGGTAAGAATACGCAGTTGAAATATTAAGTAAAATGGTATTTAATCTATACGGGATTTTTGATTTAACAAGGAAGGAGTGCATGGTGGATGACGATCGCTTCTACACAGTCTAAAGAAAAGACGGCGCTTGCTCTGTTCGTACTCATCGCCATGCTCTTCGTGGCGGGTTCTCCGCTTTCCTTCGTCTCGCCTGGGTATGCAAAGGCCGATTCCGATATCGCGCACCTTTCAGCCAATACCGATATCCCCTTCGGCACCATCTGCGTGCCTGTGAATTCGGTTCCGGTCACGGTGGAAAAGAGCCTGCGGATACGTGACGACAGTTCGTTCGATACGCTCCGCGTCAGCCTTCCCGTCCTGACGGAAATTGGAACGGGACCGGTCTCCGCCGC
CP171104.1_gap18	817506	820677	3171	ATAAACGCTACCACGATGACGAAGATCACAAAAAAATTCCTCGCTGGAAGCTATGTTTTCTACGCCGCGCAGGATAAGTATCCTCTGATTTCTCAGGCTCTTGAACCGGAAGCTCAGCGTGCCTTCTTTGGCAAAGACGTGAAAGACCCCTCCGCGATCACCGGCAAGGAACAGCCGTTCTACCGCTATGTGAAGGCTGAGGCGATAGCTGACGCGGAAAAGAGAGAACTTCCGAACTTTAACTTCAAGGCAGTTATGGTTAGCAAAATAACGGCGATCCCGGAAAGCGAGATAACGGCTGCGCGTGAAGCTACCGCCGCCGGAGCGTATGGCTGCAAAGTATACTTTGAAGGCTACACAACCGGTGACTTAAAGACCTACCTTCAGTTTGACGCGGATAAACGAAGCTGGTTTGTCTACGATAACGAGGCCAAAAAGTATATCAGCCTTGCTCCTGAATATGACACAACGCTGAATCGCTACACGGCGACGATTCCCGCCTCCTGCATAAGCAATGACGGAGCGGGTGTCTCCGTCTTCAAGGCGGCGGTGACGCCTGCCTCGGAGCCGGAGCCGAGTGACAGCGGCAGCAGCGGCGGATGCAACGCCATGGGAGCTTTCGCAATGTTGCTTTTTGTGACGATGCCCGTCGTCCTGGTAGTGAGGAAGAAATACCGTTAAGTTGCGTATGATTTTCTGGGTGGATAAATTTTCACTCTAAGCGCATTAACCGACCGCGGGAGAGGATAATGTGAATATCCTCTCCCGCGGCTATTTGTTTTATATGTAACCTGAGTATCTTTAATTCGAGAAGGTAGCCGGAATATTATCATATTGCGGCTGTAAAAGGCGCCCTGCAAGACTGGCATCGACGGCAGTTCCGAAGACTGCATATGTATCTGGAAGTATATGGAATGAACCTAAAATAAGGATACAAAACCTGATGGAGCTAGGCATATCCGAATGGCAGGCTTTAGTAGCCCCCTCAGAGGGCATCCTCTCAATCAGCGGAAGGGCCAACTTTGCCCGATTGCCTGAGCCGCGCCCTGTTCTTTTTAGTCATTGCCGCGGCGGTTTGCCGGCGGTGTATCATATTCTTTAGAGCGCTTGTAATTGTGATACGAAAACCTTGTTCCATTTATATGCATAACTGTAAACACGTCCGCATGTCTGTATTTTAAGGAGCTGACAGTTGATACTTGCTTGATAGAAGTATATAATAATTAACGAGACTTTTGATAATTTACCGGAACGACAGCGTTTTGCATAAAAAAGTATGGAATCTTGAGCAATCAGGAATTTATTTTATTGTGGGGTGTGTGAAAACCCCCCGTTCCCGTGAAATTATTTTTTATGTCTCAAACTCTCCACGGAGGAGGAATTTTTTGTGAGCGAAACAGAAGCAAAGGTAATTGATCAGGTGGAGGAAAACGCGCAGATCGACCTTGACGATCTGATGCGCAAGTACGACACGGAGGCGCGTTTCAGGGCGCTTACCGGCTGGCAGGGCAAGATGGTGGCTCTGCTCGCCGTGGCAATGTCCTGCTTCCACTTCTACACTTCGGGGTTCGGGCTGCTGCTGGCACAGAAACAGGGCGCGGTCCATCTGGCTTTCACGCTGGCGCTGGTATTTCTTCTTTATCCGGCCTCGTCGAAACAGTCGAAGACGAGCGGCATCCCCTTCTATGATTTTATTCTTGCTGGACTTGGCGTCGCCAGCGCGATGTATCTGGTTGTCTTCTTTAACGACCTTGTGACCAGGGCCGGACTGCCGACGACCGTCGATCTTGTAATGGGGTTCGTCCTGATCGCTACGCTGCTTGAGGCCACGCGGCGAATATCTAACCCCGTTCTGCCATGTCTGGCGGTCGTGGCTTTGCTTTACTGCTACTTTGGAAGGTATATGCCGCAGATGCTTGCGCACAGGGGATTCTCCGTCGCGCGTATCGTAAACCATATGTATCTCGGAACGGAAGGCATCTTCGGAACGCCTCTCGAGGTGTCGTCGACCTTCGTATTCATGTTCATCCTCTTTGGCTCGGTGCTTGAGAAGACGGGGCTCGGACGGTTCATCATCGACCTCTCGATGGCTCTCGCAGGGTGGTCTACAGGCGGTCCTGCGAAGGTAGCCATCGTGAGTTCCGGCCTGATGGGCACGGTATCCGGTTCCTCGGTCGCCAACGTCTGCACGACGGGCATGTTCACGATCCCGCTCATGAAGAGCGTCGGCTATGAACCTCATTTCGCGGGCGCGGTCGAGGCCGTCGCCTCCACGGGCGGGCAGATAATGCCGCCGGTCATGGGAGCGGGAGCCTTCATCATGGCGCAGTTCCTCGGCGTGCCGTACATCGAGGTGGCGATCGCCGCCGTCGTCCCCGCCCTTCTTTACTACTTCGCCGTCATGGTGCAGGTACACTTTGAGGCCTGCCGTCTCGGACTCAAGGGAATCCCCTGGGCGCAGCTGCCGCCTATCTGGCCGCTGCTCAGGTCGAAGGGCTTCCTGCTCATCCCGCTTATCGCGATCATCTACTTCCTGCTCGCCGGCTACACGCCGCTTATGGCGGCTTTCAACGGCATCCTCGTCAGCTTCGTGCTCTCCTGGCTCAATAAGGAGACGCGCCTGACCCCGGCACGGATTTTTGAAGCCTTCCAGAGCGGCGCGCGCGGAGCGATCGGCGTGGCCTGCGCCTGCGCCACGGTCGGTATGGTCGTCGGTATGGGAACGCTTACGGGACTTGCCCTGCGCATCGCCGGCGCGATAGTGTCAGCCGCGGGCGGCAGCAAGATACTGACCCTCGTCTTTACGATGTGCGCGAGCATCCTTCTCGGAACGGGATTGCCGACGACGGCAAACTTCATCGTCACCAGTACGATGGCGGCTCCGGCGCTCTTCCAGCTCGGCGTTCCCGCTAAGGCGGCCTATATGTTCGTCTTCTACTTCGGCATCGCGGCTGACCTGACGCCGCCAGTCGCGCTCGCGGCTTACGCGGGTTCCGGCATCGCGGGGTCAGATCCGATGAAGACGGGGATGACGGCTTTTAAACTCGCGCTGGCGGGATTCCTCGTCCCATATATTTACGTCTATAGCCCGATGCTGCTATTTATCGACGTCGTGCCTTTGGAGATGGTCCAGGCGATCTGCACGGCGCTGATCGGCGTATTCCTGCTCGC
CP171104.1_gap19	830813	833901	3088	TCGTCGTCTTCCTCGGCATCATGTCCAACATAGCCTCCGACGCCGGATACGTCGTTCTCATCCCGATCGGGGCGCTGATGTTCATGGCCTACGGGCGTCATCCAATGGCCGGCCTGGCCGCCGCCTTCGCCGGCGTCTCGGGCGGCTTCTCCGCCAACCTCGTCATCGGCACCACCGACCCGCTGCTCTCCGGCATCTCGACGGAGGCCGTACACATCCTTGACGCGGCGCGTTCCGTCGAGCCGACCTCCAACTGGTACTTCATGATCGTCTCGACATTCCTCATCACGATCATCGGCACGATCGTCACAGACTACATAGTCGAGCCGCGCCTTGGCAAATACAACGGCAAATTTCTTGAGGGAGCCTTTGAATCGAACCAGATCACGGAAAAAGAGCGGAAAGCCCTTAGAATGGCGAACGCCGCGCTGCTCGTAATGACCCTGATCGTCGTGGCCGTATGCCTACCCGCCGACTCATTCATGCGCAACCCCAAGACCGGAAGCCTTATAGCCGGCGCGCCGCTCATGCAGAGCATCATCGTGCTCATCATGTTCTTCTTCCTCATTCCCTCGGTGGTCTTCGGCTATGTCTCCGGCAAATTCAAAGACAACAAAGACGTCTGCGGCGCGATGGGCAAGGCGATGTCCTCGATGGGAGCCTACATCGCCCTCTCATTCGTGGCGGCGCAGTTCATCAACTACTTCAGCTACACGCACCTCGGCACCATCATCGCCCTAAAAGGCGCGCACGTCATCGAATCGACGGGCATCGGAGGCATCCCGCTGATGATCCTCTTCATCCTCTTCAGCGCCTTCATCAACCTCTTCATGGGTTCGGCCTCCGCGAAGTGGACCATCCTCGCGCCGGTATTCATCCCGATGTTCATGCTCCTCGGCTACTCGCCGGAGCTGACACAGGTCGCCTACAGAATAGGCGACTCGACGACGAACATCATCACGCCGCTGATGTCCTACTTCGCGATGATCATCGTCTTTGCGAAGGAATACGACGAAAACTCCGGCATCGGCACGCTGATCTCGACGATGCTGCCGTACTCGATATTCTTCCTCATCGGCTGGTCGCTGCTGCTCGTCGTCTGGATGTTCTTCGGCCTGCCGCTGGGGCCCGGCGCGGGGTTATTTATGTAAATAAGGGGTCAGGCGATCCCTTGCGGCCCCCCCGCATCGTTCATCTCGGGATAATTTTGCCGATAATAGCCTGAAAATAACCCCAGGCGGAAGTATAATGATAAAAACCTGTGAAAGAAGATGAAATTTTTGATAAACAAAGAACGTCTCTTAAAAAACTTTCTTGAATACCTCGCGATCGACAGCGAAAGCGGAAACGAGGCGGCGATGGCCGGCCGCGCCGCGGCCGACCTTAAAGCGCTTGGCTGCCGCGTCCGCATAGACGAGGCAGGCAGCGTCGTAGCGGTATTCGCGGGAGAGGCGCCGGCGCTTCTCATGAGCGCCCACATCGACACCGTTACGCCGGGCAAAGGTATCCGCCCCATCATCACCGACGGCGTGATACACACCGACGGCAGCACCATACTCGGCGGAGACGACAAATCCGGAGTCGCGGCGATCATCGAGGCGATCACGGCGGCGCGCGAGCAGGGGATCGCCCACCGCGCCGTCGAGGTGGTCCTCACCGTCGGCGAAGAGGTCGGCATGATCGGCTCCAAGTCCCTCGACTACTCCAAACTCTCCGCGAAAGAGGCGGTCGTCTTTGACTCCAGCGGCGACGCGGGCAAGATAATCACCGCCGCGCCGGGGCAGACGAAGATCCGTGCCGAGATAAAGGGCGTTGCGGCGCACGCGGGGCTCGCCCCCGAAAAGGGCGTCAGCGCGATACAGGTCGGGGCCGCTGCCGTCTCCGCGATGAAGCTGCTGCGCATCGACGAGGAGACGACGGCCAACATCGGCACCTTCAAGGCCGTCGGCGCGACGAACATCGTCAGCCCCTGCGCCTGCATTGAGGCCGAAGTGAGAAGCCGCGACAACGCGAAGCTCGAAGCGCAGACGAAGCACATGGTGGAATGCCTGGAAAAGGCCTGCCGCGACTTCGGCGCGAAGCTCGACTGCCAGGCGGCCACCAGCTACACCGGCTACACCCAGCCCGACGACGAGCCGCTCGTCATTACCGTAGTGGAAGCCTGCAAAAGACTCGGCCTGAAGCCCGTCATCGGCTCCACCGGCGGCGGCAGCGACGCGAACATCATGAACGCCAACGGCATAAAGACGGTAGTCCTCGGCACCGGCATGGACAAGGTGCACACCACCTCCGAGCGCATAACGGTGAAAAACCTCGAAGATACCGCACGTCTCGCGCTGGAATTGATGAGGCTGTAAATATTTCTGTTGAATAGAAAACACTGGTTGTGCCGTATGATTAAAATGTTTTAAAAGAGCAGCGGATATGCCCTTAATGAGATAGTTATGTGTAAATGGCGTTTCGGTTTATAGTTAGCCGAAACGCCATTTGATATACTCAATCTAAAACATTGAATTCAATAGTATTATACTGAGGTATTATTTTTTTAAGGCCTCGTCACGAGCTTTTATTGCATCGTTAAAGAATTTTTCTCCGATATCCTTTTTTAGCTTAGGCCAGGAAAAATCTTGTATCGTTTTATGGAAAGATGCCACCTGTTTTTCATTTAATTCGTGTATTTTAGTGCCTTTTTCCGCAAGGCGTTTAAGCCAGTTGTTTTCCTCTTGGGCAGCGATTTTAAAACGATTCTTTTCAAATTTGTTTGCAAGATCGGTGATGATTTTCTGATCTTTAACATCGAGGCCATCAAACGCGTCTTTATTAACCACCAGGAAGAATATATCAGATTGGGCTCTTATGGGGATATAACTTTTTATAACATCCCTAAACTGAAGATAAACAACTTCCGGCCCATTCCCATAGCTGCCGTCGACAATTCCTGTCTGTATGGCTGTAAACAGGTCATTCATTGGAATAGGGGTTGCAAGATAGCCGATGGCTTCGGCAGGATACCTGAAAGAGTTTAGAGTCGCAGTTCGTATTTTTTCTTTATGTTTTGTGTCGGCATCCAGCATTCCGTCAACCGGAT
CP171104.1_gap20	842289	846359	4070	CGCGAGGCGGTCGAGGTGCACGTGGCCGAGCCCAGCGTCGTTCGCGGTGTTCACGATGCCGATCAGCGGCTTGGCCAGGTCTCCGTCGTCATAGCCACAGCCCTTGTAGATCGCGCGGCGCGACGATGAGCCCCTGCCGGAAAAAAGTCCCAGTTCCTTGGAGCGGTATGTCATTTGTGCTCAATCCCTTCTATAAATTCATACAAAATTTGACCGATCCTCAGAGCAGGAAGCCCTCCGGCATGGGGTCGGCCGGGTCGAGGACGAACTTGTTGAAGCCCGTTATCCAGGCGGGGCCCGCGACCTTCGGGATTATCGCCTCGTAATCGCTCTCGGTGACGGCGGCCAGCGGCGTGCCCTCGAACTTTGTGTCGATGATGCTTGCGGCTTGGAATTTTTCTCCGATATCAAGTTCTTTGCGCGAGACCAGCAGCGCCATCCGCGCCGAGGTCCCGGTGCCGCAGGGGGAGCGGTCCACCGAACCGTCGGCGAAGACGCAGATGTGCCGGCTCCGGCAGCCATATTCCGTCCTTTCGACAGGCGAGGTGATGAGCACGCCGTAGATGCCGTTGATCTCCTGCTTCTCCGGGTGGCGGATCTCGAGGTTGGCGTTTGCCCAGCGCTTCATCTCCATCGCGCGCGCGACGAGCGCCGCCGTCTGCTCCGGCAGCACGCGCAGCCCGAGCTTTTCCTCCTCGACGAAGATGTAAAAAGCGCCGCCGTAGACGATCGCCGCCTCCGCCGCACCGGTCCCTTCCACCGGTATCGTCATGCTCTCTTTATATACGAAGGCCGGGACGTTGGTGAAGGCGACGTGCTCGACATGTCCGTCTCTTACGGTCGCCTCCGCGGTGATGCGTCCGGCCGGAGCGTCTATCCTGATCGTGTTTTCTCCCTCGCGCAGGTCGAGCAGCCCCGTCTCGGCGGCGGCCTTCACCGTGCCGATCGTTCCGTGGCCGCACATGGTGCTCATCCCCTCGTTGTGCATGAAGAGGATGCCGAGGTCGGCGTCGTCGGTCACAGGCGGCACCAGCACCGCGCCGAACATGTCCTTATGGCCGCGCGGCTCCTTGAGCAGCATACAGCGGATATTGTCATAATGGCTCGCGAAATATTCCATCTTTTCCAGCATCGTCCGTCCCTCGACCTTCGGGATGCCGGAGGTGACGACGCGTATCGGCTCGCCAGCGGTGTGGGCGTCGATGGCGTCGATAGTTCTCGTAAAATTCATCATGAAGGTGTTACCCCCCCCTTTCTGCCTCTTGATAATTTTATACGTTATTAACAATATTTTGTCAATTATATCATGACGCGGGAAATTAAGAGGATTTTTCGTCTTGGAACACGGGCTGAATAATACAGATGATTCAAGGGATCATCGGCATTAACATTTTTTTTTGCGAAAAGAGAAAAAATATTGTCATTAACAATTTTTTTATGATAGAATAGACTAAAATGGGGGCGACGGATGATGAACAAACATAAAACGCCCGCGGAACTGCTGTCATATAAGGGCCTGGTGGCGGGACTGGGAGAGATACTCGGAAAAGACTGCGAGATATTGCTGCACGACGTCTCAAATCCGGAACACTCGATCATCGCCTGCGCCAACGCCCATGTGAGCGGCCGCGGCGTCGGTTCGCCGATGACCGATTTTGGGCTGCGGATGCTGAAAGATCCCGAATACCGCAAACTGACGGGCGTCTATAACTATCGGGCGAGGACCGACGACGGCAGGCTGCTCAAATGCGGCGTCTGTTTTATCAGAGACTCTTTGGGGGAAGTGATCGGCTTTCTCTGCATCAACATGGATATCACGAAAATCAGCGCCGCGCGCGAGGCGCTTGACGAATTTTTCCGTATAGACCCCGCCGACGCCGGCGTGCCCGAGTACCGCGAGCATTTTTCAAAGGATGTCGACGACGTCGTCTCCGGCTCGATCGCGGCGATCAAAAAAGAGTGGGGCGGCGACCTATCCGCGCTGACGCGCTCCGACAAGGTGAAGGTGGTGGCTCGCCTCGACGGGATGGGCTTCTTTCTCGTCAAAGGGGCGATGGAACGTCTCTCGGAAGAGATGAAAAAGAGCAAATTCACGCTCTATGCCTATCTGAGATCGGTGCATTCCAAAGAATAAATATCCTTAAAAGAGGAGTGGTTGATATTGCTGGTACTTAATGAAAAAACGCTCGTTGAGACCGTAGACCTTGAAGAATTGATCAGTAGGATGGAACGGACGATGCTCTTCGCGGATGAGGGGAACTTTGCGATGCCGCTGCGCTCCAGCGTTTCGCTTAACGGCGGCGACTCTCTCATGCTCATGCCCTGCGTGACGCCCGATGCCTGGGGCTGCAAACTGCTCACCCTGCGTCCGGGAAACCCGCAAAAGGGACTGCCCTTCATCAACGGCGCGGTGATGCTCTTTGACGCGAATACCGGAGACCCGAAGGCTCTGCTCGAGGGCAAGATGGTGACGGCGCTCCGCACCGGGGCCGTCGGCGGCGCGGGAATCAAAAACACGGCGCGCGCCGATATCGGCTCTCTCGGGCTTGTCGGCACGGGCGCGCAGGGTTTCTGGCAGGCACAGTTCGGCTGCGCCGCGCGCAAGGGCGTCAAAGAGGTATGGATATACGACGCGCTGACGGAAAAGCTTGCACCCTTCGCGGAAAAGCTGCGGGCGGCGCTGCCCGGCGTGACGGTGAAGATCGCGGTAAGCGCCGCCGAGCTGCTTGAAAAGACGGAGGCGGTGATGACGGCGACGCCCTCCAGAAGCCCGCTCTTCCCCGACGACGAAAAGCTGCTCGCGGGACACGCCTTCACCGGCATCGGCTCCTATCTGCCGGAGATGAGGGAATACCCCGACGCCCTCTTCCGGCTCACGGGCGGCGACGTCTACGTAGACACGCCCCACGCGCTCGATGAAACTGGCGACCTCATAACGCCGCTGGAAAACGGCGCACTCAGGCGCGAAAACATCCACACGCTCGCGGAGCTGATCGGCGGCAAACGTAAAAAGGAGAGCGAGACCACCTTTTTCAAATCGGTCGGCATGGCGCTCTTCGACATCGCGGCGGCGGACTATCTCTGCGAAAAGGCGGCGCAGAAGGGACTTGGACAGAAAGTGGAGTTCTAAGGAACCGCTGATCAATTCACTTTGCCATATAAAGCCTAACGCATCATCGTCCGCTGATCACGTCCGGAGAGCCGAAATCAGCGGTTCCTAACTGCCGCGAAGGACAAGGTATGACACGGCTTTGATGTAAATAAAAGATCAGCGTTTTTTACCGGCGACCGAAGCCCGGTTCCCAATAGGGGACCGGGCTTTTTGCTTTTCTCTCAAGAGGTTCTTCACGCTGGAATTGCGATATTCCTGCTTGACATATCAACTGCAACTTTTATAATTACATTTAGTCTCAATAAATAAAAAATTTATCGACGAAGGGAGTTGCGGGGTATGAAAAAAATAATAGCGGGGGCGCTGATACTCGCCGGCTGGGCGTTTTATATCTCCTATATATCTCGGTACCAGGCCAATTGCAGTTATGACCAGCCGCAGTCAGGCGTCGTCGCGCCAAGCTCCTGACGTCCGAGGTAAAAATGCCGCCGGGCCGGCGGCTCACGGTTTGTAAAATAAGCGGTACGGTTGCCGGGCCTCTGGTCAAGCCCGGGTGCCTGCATGACAAGATAAATCGGCGTTTATAAGCGCGATTTGCGTCATAACTTAGGGCTCTGGCGTCCTCGCCGTATTAATATACGGCTCCGGTTCCAGAGCCCAAAGTTATTTAGCAACTCGCACTTCTAAACGCCGATTTACGCGATTGGAAGGGAACGATAAACTGCGATTTAGCGGGCGCTCGCAAAAAACAATTTATCGATATTCAGCGATTTTAATTTATGCCTTTAAAGGCCCCCTCGGCTGAACAGAGTCCCGCAAACCGGACAACGCTATAAAAGCTCCCAAGGGTATCAAAAATTTATTCAATAAAGAGACTTCGATATTGCATCGGAGCCTTTTTCAATTTTATCTGTATCCTGTCGTTATTATAATACCTTATATATTCGTCTATAGCATC
CP171104.1_gap21	863175	865149	1974	CCGCGCTGCGCTTCATCCCCTATGAGGAGATGGACAAAGAGGGGTACGGAGAATTTAAAAAGTACGTGGAATAGATAAAGGCAAGCTTTAATTCCATTAGATAAAAATACTAAACGGGCCTCCGTCTTTTATATGCAAAGGGGAGGCCTGTTTTGCGCGTTATCCTTCGGCGTATGCGGAAAAAGATATCTAAGCTCTTTTTTCCTTCGCCACGGGGCATGTTATGGGAACGAAACCGTCTATCTCGGTGGTAACGGTATCCCCGTCGGAGACGATCGCGCCTTTGGGCGTCCCGGTCGAGATCACGTCGCCCGGCATCCACTTCATGATTTCAGAATGGAATGAAACGAGGTAATCCGGCGTGAACATCATGTTGCCAACATAATCCTCCGCTTCAAGCCTGCCGTTATGGATCGTTCTGACCTTGAGCTTCATGACATCGTCGATTTCATCAGGCGTTATAAGCACGGGGCCGAAGGCGAAATGAGAATCATAGCTTTTTGAGATACAGAGCTTGCGCAGGCCTTTATGGAATACGTCGATCACAGTGGATTCTATTGATGTGGTAAATCCGGCGACGTAATCCAGCCAGTTCTCTTTTTCTATATTTTTGCCCTCCTTGCCGATAACTACGACAAGCTCGGCCTCTCCGTCTACCTCTTTCGCATAATCACCGGCTCCGTCCACCTCTTTCGGGAGGAAGGGAATGATGATTTTTTCTCCCGTTCCGATTATTGACGTCGGCGGCTTGTAAAAACTGCCGGGAAGGTCTGTCGCCGCGGTATCGTTGATCGTGGCCGCCTCCGCCTGATAATTGAGTCCGATACAGAATATTTTGCCCGGATTGCGATATAATGGCCCGTATTCGACCCTGTCGAAAGGAACCGTTATCTCTGCCGCTTTTTCCAATTCTTCTCTTCCGCCGGATAGGTACCACTCATTGATCCTCGGTATCTCCCCATTGCAGATCATCGAAAAAAGATCCGTGCTCCAATATGTTTTTTGAGTCTCATTGATAGACTTGACGGGGACGGCGCCGTTTTTCGTCAGAACGGCGGCTGTCTCTCCCACCGCGATATCGCCGGCGTAAGTTTTAATGGTTGCGAACCTCATGATTTATCAGCCTTTCTCGAACAGGATGAGCTTTTGATTTACAAACGCATACTACCTTTTGCCGTTGGCGCCGTCAAAGACCTAAAATTTAATATTATCATTATCAAATTGTAATGAGGGCATGAGATACCGCCTGTGATAGAATCATCAATAGACGCTGGAATATTTATCTGGAAAGGGGATTTATTATGGCGATCGTCAATAAGAACCCTGAATACTTTCTAACGATTGCTAAGGAGGGCAATATATCTAAGGCAGCCGAGATATTGTATGTCTCGCAGTCATATTTGAGCCAGTATATTTCCAAGCTTGAGAGCTCCTTTGACGTCAAGTTATTTGACCGCTCGAAGGTGCCGATAGAATTGACCGAGGCTGGAAGGATATATTACAACTACCTTCAGGCCAGCAACCAGCTGTATTCTAAGCTTACCTCTGATTTTGACGCCTTGAACCGCGAGCGGGCAAATACGCTTAATCTCGGCATTCCTCCGTGGCGCGGGGCGACGATGCTGCCGGAGATACTCCCCATCTTTGCGGCGAAAAATAAAAACGTTCAGATCAACCTCCATGAATACTCCGCGCGTCAGCTCTATGACCTCATAGAAAAAAATATCGTCGAAGTGGCGATAATGAACGTTTCCCTGGACGAGCACGACATAGTGAGCACAGAACTCTTAAAGTACGAAAAAATATTGCTTATTGCGAATAAAAATAACCTGTGGGCGAAAAGGCTGAGAGAGACAGAGGCACGAAATGAAAGAGTTGATATAAACGTTCTCTCCGACGAATGCTTCATCCTCATGAAAGAGGGGATGGCGTGTGCGGAATGGATATATAAATATCTGGAAAAGATACATTTTT
CP171104.1_gap22	976243	977329	1086	TGACGGTCGCCGCCGTCGCGCTGCCGCTGGCGCTCGCCTTCGGCGTGGGCAGCGGCGCCGACGCCGCCGCGGGGCTCATTACGGCGATCATCGGCGGGATAGTGATGAGCCTCTTCTCGGGAGCCTCCTTCCAGATATCGGGTCCGACCGGAGCGATGTCGGCGGTGCTGGCCATCGTCGTCGCGCGCTACGGCGTCGACGGCCTCTTTACCGTCAGCTTTATGGCCGGCGTCATTCTCTTGCTGCTTGGTATTTTCAAACTGGGAAAGTTCATCTCCCTGATCCCGGCTCCGGTGATCACGGGCTTCACCTCGGGGATCGCGGTGATAATCGCTCTGGGACAGATAGACAACATGTTCGGCACGGTATCGAGGGGAGAGACGGCGCTGGAGCGTCTCATCTCCTATCATTCGCTCGGCTTCGACATAAACTGCGCCGCGCTCTTCGTCGCCTTGGCGGTCATCGTCATCATGGCCGCATGGCCGAAGCGCCTTGCGGAGAAGGTCCCATCCTCGCTTGCCGCGATCGCTATCGCGACGCTCCTCAGCCTTTTATGCGGCTTTGACGTCGCCACCGTGGGCGATATCCCGCGCTCGCTCGTCTCCGAGGCGCGCCTTTCGCTCTCGGGGATAGATTTTTTCCGTCTTCCCTCGATGCTGTCGCCGGCGATCACGATCGCTGCGCTCGGTATGATCGAGAGCCTGCTCTGCGGCGCGAGCGGCCAGCAGATGACGGGCGGCAGGTTCGACGCCAACCAGGAGCTGATATCGCAGGGGATCGGCAACATGCTGATCCCGCTTCTCGGCGGCGTTCCCGCGACGGCGGCGATCGCGCGCACGAGCGTCGCGATAAAATCCGGCTGCCAGACGAGGCTCACCGGCATATTCCACGGGGTCGGACTGCTTGCCTCGATGTTCTTCCTCAGTCCCGTGATGTCGGCGCTGCCGCTCTCCGCGCTCGCCGGGGTGCTGATGATGACGGCCTGGCGCATGAACGAGTGGCACGCGATAAAGAAGATATTCTCCAGCGGCTTCAAGAGCGCGATGCTGCAATTCCTCATCACGATGGTCTGTACGGTGGTATTCG
CP171104.1_gap23	992569	993232	663	CGGCCTCGGTGGAATGCGCGCTCAAGATGAGCTTCCAATATCAGCACCAGTGCGGCCATCCCGAAAGGACGCGCTTCCTCTGCCTCACAGACGGTTACCACGGGGAGACGATCGGCGCCCTTTCCGTCGGAACGATGGACCTCTACGCAAAGATATACCGGCCGATGCTGATGGATACCGTGCGCGTCGAGGCGCCCGACTGTTACCGCTGCAAATATGGACTGGAGCGCGATAGCTGCGGCTGCGAATGCTTCGCCGCCGCGGAGGAAACCTTCGCCCGTCACGCGCGCGAGTGCTGCGCGATGATCGTCGAGCCGCTTCTTCAGGGCAGCGCCGGCATGAGGATATACCCGCCGCTGTACCTGAAAAAACTGCGCGCGCTCTGCGACGGCTATGGCGTCCTTCTCATCGCCGACGAGATCGCCACCGGTTTCGGCCGCACGGGGAAGATGTTCGCCTTTGACCATGCCGGTGTGAGCCCGGACATCATGTGCGTCTCCAAGGGCCTCACCGGCGGATACCTGCCGATGGCGATCACCGTCGCCACCGACGAGATATACGACGCCTTTTACGCCGATTACGGCGAGGGGCGCGCCTTCATGCACAGCCATACCTACAGCGGCAATCCGCTGGGCTGCGCCGCGGCGCTCGCGGTACAAAAAG
CP171104.1_gap24	1000715	1001360	645	CGGCGGGAAAGATCATCAGCCCCGCGAGGAAAGCGACCGCCGTGTCGATGAAGCATATCTGCTTCACCGAAGAGATGATGTTCTCCGTCCTGGGCAGATAACTGCCGTAGATCATGATCGCGCCCGCGCCGAGCGAAAGCGAGAAAAATCCCTGCCCCAGCGCCGCGAGCCACGTCTCGGAGGTCACTTTTGAGAAGTCGGGTTTGAGATAGAACTCTATCCCGGCCATCGCGCCCGGCAGCGTCACCGCGCGGAGAATGAGGATAAGCATCGCCACGAACAGCATCGGCATCATTATCTTGCAGCTCCGCTCGATGCCGCCCTTTATCCCGAACAATACGACGATCGCCGTGACCAGCATAAATATTCCCTGATAGAAGATCACCTCCGTCGGATTTGAAACAAAGGCTCCGAAAATCTCGCCGGTTTTTCCCGCTCCGGCATATTCTAAAAGATCGGTGAAAGACATAAAGAAATATTTTACGATCCAGCCGCCGATGACGGAATAATACGAGAGGATGATAAAGGTACACAATATCCCGGCCAGCCCGACCGGCTTCCACCTCTTGCCGCCGAGCTTTTCAAAGCCGTCCGCCGCGTTCAGCCTGCCCATGCGCCCGATAAGGACCTCCGCCGTCATCGCGG
CP171104.1_gap25	1102070	1103709	1639	CAGAGAAAAAGGGAAAAGTAGTATTGGCTTACAGCGGCGGGCTTGACACATCGGTGGCGATCCCCTGGCTCCACGATCAGGGCTATGAGGTTGTCACGCTGACGATGCACGTCGGCCAGCAGGCCGACAACCTTGAGGAGATAAAAGCGAAAGCCTACGCGGCTGGCGCTTCTAAAGCTTACCTGGTGGACCTCCGCGAGGCCTTCATCGACACCTTCGTATGGCCGTCGCTTAAGGCCAACGCCGTATACCAGGGGATATATCCGCTCAATTCGGCCCTCTCGCGCCCGATGATCGCCCAGGCGCTCATCTGGTGCGCAGAGAAAGAGGGCGCGGTCGCCGTCGCCCACGGCTGCACCGGCAAAGGGCAGGACCAGGTGCGCATCGAGGTAGCCTGCAACGCGCTGAATCCGGAGATCGAAGTCCTCGCGCCGGTCCGCGACTGGGGCTTCACGCGCGAAGAGGAGATGGATTACGCCGCCGCGCACAACGTTCCCGTGCCGACGACGAGAAAGAGCCCCTACAGCATCGACGACAACCTTTGGGGGCGTTCGATCGAATGCGGCATCCTCGAAGATCCGTGGAACGAGCCGCCCAAGGACGCCTATAAGCTGACCGCCGAGCCGACCGAAGCCCCCGACGAAGAGGTCACCGTCGAAGTGACATTTGAGGGAGGCGTCCCCGTAGCCGTCAACGGACAGAAGATGGGCTCCATTGAACTGATCGACTTCATGAACAAAACGGCGGGTGCCGCCGGATATGGCCGGATCGATATGATAGAAGACCGTCTCGTCGGCTTTAAGAGCCGCGAAGTTTATGAATGCCCCGGAGCTCTCGCGATCATCGCGGCCCACAAAAAGCTTGAGACTCTGACCCTCGCGAAAGATACGCTTAAAACTAAGAGGGAGCTTGAGGTGAAATTCGCCGAGATGACCTACGAGGGGTACTGGTTCTCGCCGCTGATGGAGGCGGTGCAGGCCTTCATGGATTCGACGCAGAAGTCCGTCAACGGCACCGTGAGGATGGTCTTTTACAAAGGCAACTGCATCATCAACGGCATGAAATCCGAGAGTTCAGTCTACAGCAAGGCGCTTGCCACCTATTCGGCGGGAGACATCTTTGACCAGTCCGCCTCCGTCGGATTCATCAAGATATGGGGCATGCCGATCAAGACTTGGCGTCAGACTCATAAAGAAAAGAACATCAACCCGATAGACAGCCTCGTCATGCAGAAGGGCAAAGACGCGACAAAATAAACCGTGTAAAATCGAAAAAATATAAAAGGGCCGGACGGATTTGCCGTTTCCGGCCCTTTTTGTTGTACCTTTGTTGTACCTTGCCTGTTAAGATGAGATCCATATGAATAACCCACTGCATGACTGAAAAAGAGGGGGCCTTGGCATGTTGAAAAAATTTTTTGTGCTGGCGGTGGCAGTACCGACGCTCTCATTGAAGGGTACACCGCGGAGGAGGCCGAATGGTACAGAAAGCTCAACGATAAACTCTGCGCCCCGCTGGGAGAGGTGGAGGTATGTTCGCTGCTGGACTTTATCCTCTTCGGAGACGACGACCGCGAGTTTGATGTGGTCTCGATCGATATAAAGCTTGCCGTCCCTCTGACGGAAGAGCAAATAAACCG
CP171104.1_gap26	1178817	1182176	3359	GTTTGGCCGCGACGTGTTTTCACGCATCGTCTACGGCGCCCGCATCTCGCTCACGATCTCCCTCTCCGTGCTCGTGGTGATAGGGGTCATCGGCTCCGTACTGGGGCTGCTGGCCGGTTATTACAGCCTCGCCGACACGATAATCATGCGGTTTATGGACGGGCTGATGGCTTTTCCCACCGTGATCCTCGCGCTGGTGATACTGACCGTGCTCGGCTCGGGCATTCCCAACCTCGTCCTCGCGCTTTCGGTCTCCCAGATCCCGCGCGTAGTGAGGACGGTGAGGACGACTGTCATATCCGCAAAACAGTTCGAGCACATCGAAGCCGCCAGGGCGATGGGAGCCACCGATATGCGCATCATGTTCCTCTATATTTTCCCTCTCTGCATATCGCCCCTCATCGTGCGCCTGACGCTCGCGATGGCGCTGACAGTGCTCAGCGAGGCGAGCCTGACCTTCCTCGGCGTCGGCCTCTCGCCGGAAATACCGAGCTGGGGCACGATCCTTTCGGAGGCGCGCCAGCATGTGAGCACTTCGCCCTATCTGATCTTCCTTCCCGGCCTCGCCATTTTGTGGTCGGTCCTTTCGCTCAACATACTTGGCGACGGACTTAGAGACGCGCTGGACCCGCGCCTCAACTAAGGGGAGACGATCATGGAAAATATATTTGAGATCAAGAACCTTAACGTTTCATTCTCCTCCTTCGGCGAGACGGTATCGATAGTGCGCGATTTCAGCCTCGGCATCGGCAAAGGAGAGATCGTCGGCATCGTCGGCGAGTCCGGCTGCGGAAAGTCGATGACGGCCCTTGCCGTAATGCGGCTTATCAAGTCGCCCCCCGGGATCATCTCCGGGCGGGTGCAGCTTGACGGGACCAATCTGCTGGATCTGAGCGAAGCGGAGATGCGGGCCGTCAGGGGAAACAAGATATCGATGATCTTTCAGGAGCCGATGACCTCGCTCAACCCGGTCTTTACGGTCGGAGAACAACTGATGGAAGTATTCCGCTTCCATCAGGGGATGAACAAAAAAGAGGCCAGGGAAAAATCGATCGAAATGCTGCGGATGGTAAATATCGCTCTGCCCGAACAGCGCATCGACGAATACCCGCACCAGCTCTCCGGAGGCATGAGACAGAGGGTCATGATCGCGATGGCGCTCTCCTGCAATCCGATGCTCCTCATCGCCGACGAGCCTACCACGGCGCTTGACGTGACGATACAGGCGCAGATACTCACGCTGATGAAGAAGCTCGGGCGCGAATTCGGCACCTCGATAATGCTGATAACGCACGACCTCGGCGTCGTCAGCGAGGTCTGTTCCAGGGCCGTGATCGTATACTGCGGGCAGATCGTGGAGGAGGCCTCTTCGGAAGAGCTCTTTTCCAGGCCGCTCCATCCCTACACGAAAGGGCTGCTCGACTCGCTGCCGCATCCGGGACGCGGCGAAAAACTGCACGTCATTCCCGGAACGGTGCCGAGCCCGAAGAATTTTCCCCAAGGCTGTGTTTTTAACCCCCGCTGCGGCCATGCCACGCAGCGGTGCGTGGAGTGTCTGCCGGAGCTGGCGGAGATCTCGCCGGGGCATAAAGTCAAATGCTGGCTTTATGACCGCGGCCCGAATAAAAATGGATAACATGGGCGGTGGACGAAGATGAACGATATCCTGCTGAATGTGGAAAACCTCTCTCAGTGGTTCCCGCTCCGGCGCGGCCTCTTTCTGAATACGCGCGGCTATATCAAGGCGGTCGACGACGTAAGCTTTTCGGTCCGGCGCGGCGAAACTCTCGGGCTGGTAGGAGAATCCGGCTGCGGCAAGTCGACGCTGGCGCGCACGATTTTGCGGCTCATTGAACCGACGTCGGGGAAGATCGAATACGGCGGAGAAGATTTTCTGAAAAAGAAAAAAGACGAGCTGCGCGTGATGCGCCGCAGAATGCAGATAGTATTCCAGGACCCCTTCGGCTCGCTGCACCCCAAGATGCGCGTGGGACGGATATTGGAGGAGCCGCTTATCATCAGCCGTTACGGCGGCAAAGAGAAACGCCGCGAGCGCGTGCGTGAGATGATCAAGATCGTCGGCCTCAGCGAGGAACACCTGAACCGTTTCCCTCACGAATTCTCCGGCGGGCAGCGCCAGCGCATAGTCATCGCGCGCGCGCTGGCCACGAACCCTGATTTCATCATCTGCGACGAGCCCGTATCGGCGCTTGACGTCTCCGTGCGCTCCCAGATACTCAACCTCCTCGAAGAACTTCAGGAAAAGTATAAGCTCACATACCTTTTCATCAGCCATGACCTCAGCGTCGTGGAACATATCTGCAGCAGAGTGGTCGTAATGTACCTCGGCAAAGTGATGGAGGTCGCCGGCAAAGAGCAGCTCTTCAACTCCGCGGCGCATCCCTACACTCAGGCCCTGCTCTCGGCCATTCCCGTCGTCGGCAAGGCGAACAAAAGAGAACGCATCATCCTGGAGGGAGATATCCCCAGCCCAGCCAATCCCCCCGAGGGCTGCCGTTTCCGCACGCGGTGCCGGTACGCGACGGAACTCTGCAAGACGCCGCCGCCGCTTCGCGGCACGGGGGACCCCAAAGACGGCCACCTTGTGGCCTGCCATTACAATTCGCCGGATTTTTCCAAACGCTGGGAGGACCGCAGATGAACGACGTGAAAAATAAAATTTGCGAAAAAATAGACTCATACAAAGACGAACTGATCGGGCTTAGCCACTGTATCCACGACAATCCCGAGCTGTCGGGAGAGGAATACGCGGCCGCCGCCGCGCTCGTCTCCTTCATGGAAAAACATGGCTTTAAGACCGAGACGAAATTTTGCGGAATGGATACGGCCTTCCGCGCCGTCAAAAAAGGCGCTGCGGCGGGGCCCGTCGTGGCCTTTATCGCCGAATACGACGCGCTTGAGGGGATCGGCCACGCCTGCGGCCATAACATCATCGCCTCCGGGGCGGCGGGGGCCGCGCTCGGCCTGGCCGGATTCATTGAAGGCGAAGGCGGCGAGATACGCGTCATCGGCTGCCCCGCGGAAGAGAAGGGCGACGGCAAGATCACGCTTTTAAAAAACGGGGCCTTTGACGACGTGGACTTCGTCCTCGAGGTACACCCCTCAAACAAAAACATCATCAGCCGGGGCAACATCGCCTGCACCGACATGGTCGTTGAATATTTCGGAAAATCCGCGCATTCTTCCGACCCGGCCTCTGGCGTAAACGCGCTCAGCGCCCTGATCCTGCTTTTTAACCAGATAGACGTGCTGCGCCAGCGGTGGAATACCAACTGGACGCCGCGCGTAAACGGTATCATCAGGGAGGGCGGCAAGGCGGCGAACGTCATCACACCCTA
CP171104.1_gap27	1204975	1209915	4940	GGTGGTGGTAAGGAACCTTGAGCAAATGGAACTGGTTTACCGCCGCGATAATCCACACGACAGGCGCTCTTATCTCATTGGGATAACTCAGAGGGGCAAGGAACTGATGGACGCTACCTTTGCAAAACATATGTCCAACCTTGCCGAGGCTTTTTCAAAACTGACGACCGCGGAGAAAGAACAGGTCGTCTCTATACTGAAGAAACTGCGATAAAAAAAGCTTAACGGCTTTTACTGATTTTGTTTCAAGAAATACCACTAATTAGTGATATTTCCATAAATGTTGTATGCTTAAAAATAAATAAAAGGAGGGGGGATGCGGTGCGGTTTCTTTTCTGTTATCTCAGCAAATGAAATTTTTCACAGAGCGCAAAGACCACACACAATCGCACTAAACCAGGACGTCTCATTATGTACTTATTCGAACGGAGGGGAACCATGCTAGAACATTGGACCGCTTATCAACCCGAACTTGCAAAGTCTTACGAAGAGAAAGGCTATTGGAAGAAAGAGAATTTTTCACAGGTTTTTGATAATATTGCGGAACGTTTCTGGAACCGCGAGGCTCTTGTAGGAGGCGAACAGCGTTTTACCTACGGAGAACTCAAGAAAGGTTCGGACCGCCTTGCCCTGCACTTCCTGAAGATGGGGCTTAAGCACGAAGATCGCATAATCATCCAGCTGACAAACATACCCGAGTTTGTTTTTATCTACCTCGCACTGCAGAAGATCGGCGTCATTCCCGTTATGTGCCTGGCACAGCACAGATATACGGAGATATCACAGATCGCGGCAAAGGCGAAAGCGGTCGGCTATATTATACCCGGTTTTGCAAATAAATATAACTATGTGGAATTAGTAGATCAGGTGGCGGCTGAGCTGCCCGAAATGAAATATAAGATGATCGCCGGCCTCGGCCAGGAGATCCCCGCGGGATACCTCTATGTCAATGACCTGCTGGCCGCTCCGGTCGAGGGCGAGGATGATCCCGACCTTCTCAGAAAATATCTGCCGGACCCGCACGACGTCTGCATCCTCCTGCTCTCCGGCGGCACGACCGGAATCCCGAAGCTCATCCCGCGCGAATACAACGCCTACCGCTATGTGGCGGAAGAATCGAGCCGTGAGCTTGGCTATAACATGTACACAGTGCAGCTTGCGGTGGCACCCGTAGCTCACAACATGGTACTGGCCGCCCCGGGAATACAGGGAGCCTTCTCCTTCGGCGGCAAGGTCGTCATGAGCACCTCTCCGCGCACCGAGGATATCTGCAAACTGATAGAGAAAGAAAAGATCTCCCACATCCCGATGGTTCCGGCAATGATAATCAACATGCTGAATTTTGAAGACAGGGCGAAGTATGACCTCTCCTCATGGAAGATCGTCGTCAACGGCGGTTCCAAGATCGAGCCTGTCGTCGCCGCGCGCGTATATCCGGAACTGGGCTGCCGCCTCATCTCGCAGTTCGGCATGTCCGAGGGTACCATTACGCAGACTAGCCTCTTTGACGACGACGAGGTCACTTATAACACGATCGGCCTGCCGGTATCGCCCGCGGACGAGTGGAAGATCATCGACAAGGACAACGGCGAGCTGATCGCGGAGAGCGTACACGACGGCAGCGCCGTCTTCCGCGGCGAAACGGAGCGCCCGGGAGAGATAATCTTCCGCGGCCCCTATACGATACGCGGTTACTATGACGCCCCCGACCACAATAAAAAGGCCTTTACGGCCGACGGCTTCTACCGTTCGGGAGACCTCGCCGCTATGCACAAGAGCGGCAAGGGTTTCGTCATTATGGGACGCATCAAGGACGCCATCAACCGCGGCGGCGAGAAGTTCAGCTGCGAAGAGGTGGAGAACCTGGTCCTGAAGCATGAGAAGATCCATGACGCGGCGCTCGTGCCGATGCCGGATCACGTGCTGGGCGAGAAGGCCTGCCTGTTCGTCTCCATGAGGAACCCGGGAGAGACCATCACGCTTAAAGAGATAGTCGAGTTCCTCACCGGCAAGCTCGCGAAGTTCAAGCTTCCCGAACGCCTTGAGATCCGCGACGATCTGCCGCATACGAACATCGGCAAGGTCAAGAAAGAGGAGCTCCGCCAGGAAATTTACGCGATCATGGCGGAAGAGGAAAAAAATAAGGCGTAATACGAACACTTCCCTGTTCGGCCACCCATAAAACGCGTGAAGGGCTCTTTAGCCCTTCACACCCCTAATAAAATAATTTTGGAGGTATAATTCCATGAAAATATTAGAGCCTGTAAAATTCAGAAATCTCGAACTTAAAAACCGTTTGGTGTGGCTTCCCGCCGTCACCTGCCTCGCCGACGAGGTCGGATTTGTAACCGACGCGCTCATCGAACGCCACGTGGCGCGCGCCAAGGGCGGCTTCGGCCTTATCGACGTCGAAGCCTGCGGCGTGCTCGACAGAAAGAGCCCCAACCTCCTCCGCATCTGCGACGACAAGTTCATCCCCGGCCTCAAAGAGATGACCGACGCCGTCCACGCCGAAGGCTGCAAAATGACGGTGCAGCTCATCCACTACGTGAAGCAGTCTGTGCGCACGGGATGGAAGCAGGCCGTGGAAGACCTCACCTACGAAGATATCGACCTTTGCAAGCGCCAGTTCGTCGAGAGCACCATCAGAGCGAGGGAAGCCGGATTTGATGGCGTGGAGCTGCATGTGGCGCACGGATACACCCTTTCCTCATTCATTTCGCTGCTCAACAAGCGCACGGACAAATACGGACGCAACACCGAAGGCCGCTGCCGCATCGTGACGGAGATCATGGAAGATATCCGCAAAGAGGTCGGCGACGATTACTGCGTGGGCTGCCGCATCTCCGGCGAAGAGTTCGTCAAAGGCGGCAATACGCTTAAACAGACGACGGAAATAGCCAAGATATTCGCTGGCGCGGGAATGGACTTCATCAGCGTTTCCGCCGGCGGCAAGACGGAAGACGGCGCCTGGTACACCGGCTACAGCGGAAACCGCTGCATGCCGACCGCCGAATACCCCTGGGGCCTCCATGTCTACCTCTCCGAGGGCATCAAGAACGCGCTGCGCGAGATCAAATCTGATATCCCCGTGGTAGTCTCCGGCAAAGTGAAGGACCTTCAGCACGGCGAAGAGATATTCGAATCAGGCAAAGCCGACCTCATCGGCGTCTGCCGCCCGGCGCTCGCCGATCCCGACTGGATCAAAAAGCAGGTCGAGGGGCGCGAGAAAGAGATAGTGAAGTGCGTCTACTGCAACGGCTGTCTTGAGCGCGACCAGAGGCACGAAGCGGTCAACTGTGTCATCGCCGACAAGATCGCGGAGCGCAAAGCCGCCCAGCAAAACTGACGACGGAAAGCCGGGAGCGGTGATCCGAGTGGAATTCAGAGATACCCTTTGTTGCGGGACCGATGTGGGGGCGGGGGGAAAAACGCTTTCCTTGAAAAACAAGCCCCGCTGCTCGCCGGGCCGCGCGAATAAGAGGCGGTATCAAGAGAGATGGGAGGCAGGCTATGGATATTCTAGGCAAGGTCAATAAAGTACCCGGCGGCATCATGGTCGTACCGATGATCATCACCGCGCTGATAAACACATTTATTCCGGCTGTGCTCAAAATAGGCGGCCCCACTACCGCGGCTTTCAGCGGCGCGGGAGCGATGGCGACCATCGGTATGCTGCTCTTTGTCGCCGGCAGCCAGACCAAATACAGCGACCTCGGCGCGGTATGCGCGCGCGGCGGCCTGCTGGTGGTCGTCCGTCTGGCCGTGGCCTTTACCGGAGCCTGGCTGACGCTGAAATTCTTCGGCATCGGCGGTATCTGCGGAGCCTCCGCGCTGGCGATCACGATCTCTCTCGCCAGCTGCAACCCCGGAGTCTACGCGGGGCTGATGCAGTCTTATGGAGACAACGTCGATAAAGCGGCCATGGGCGTTCTCAACCTGATCGCCGTTCCCGCCACCCCTCTGGTGATCCTTGGCATAGCCGACGGCACCGGCTTTGACTACATGAGCGCCGTCGCTTCGCTCGTTCCGTTCGTTCTCGGCATGGTCCTTGCCAATTCCGACGAGAAGATACGCAAGCTCTTTTCGACGGCGACGCCGGTGGTCCTCTTTTTCCTGGGCTGCTGTCTGGGCGCGAGCATAAACCTTAGAGCGCTCTCTCAGGCCGGGGCTGCCAACATCGTGCTGATCGGGCTCATCGTCTGCGTGTTCCTGCCGATAATGATAACCGCGGACAAACTTATCCTGAGACGCCCCGGATACGCCGCGGTCGCGGCCACCTGCCTGGGAGGGCTGTCGGTCGTCGCGCCGAGGATCATCGGCGAACGTCTGCCCCAGTATCAGCCCTATGTGGAGTCGGCGACGGCGCAGATGGCGGTGACGCTGGTCTTCTGTATCTTTGTCTTCCCCTACATCACAAAGTTTGTGGTCGGCAAATTCGGCAGCGGCGTTGTCACGGACAAAACGAATTAAATCGGACTGTTTTAATTTTCCCGCCGCCTTGTGCGGCGGGAAAACCCAAGAAAAACGTGAGGTGAGAGAAGATGGGCAAAATTATTTCGTCTGCTGCCGCAATATCACTAATTAGAGATAACGACGTGATCGGTATCGGGGGATTCGGAGGTTTTTCCGCCCCCGACGAGATACTGCGCGAGCTGGCGAAATCTTTTTTCACCCACGGCAGGCCGAAGGGACTGCACGTAGTTTCCGGCATCTCTCCCGGCGACCTCACGGAAAACGGCTACGGCCTGAGCATCATTAAGGAGCCCGGCATCATCGCCTCGATCTACGCCTCGCATGTGGGGATGTCGCCCTCGATAGGGCGGGCGGTCAGCGCAAACCAGATCGCGGGCTACACCGTGCCGCTGGGAGTCTACGGACATCTGCTGAAGGCCATTGCCGGGAAAAAACCGGGCGTGCTGACGCGCATCGGACTGCAT
CP171104.1_gap28	1274604	1277901	3297	TGCTTCCATTCGGACGATATCGCCAGGGTGATGGAGGAGCGCAACATCGAGGTGCTGCTGCTGGCGGTGCCGGCGGCAGCAGCGCAGGCGTGCGTGGATAAGGCCGTCGCCTCGCCGACGCTGAAGGGGATACTTGCCTTTACGCCGGCGACGGTGGTCGTTCCCGAAAGGATATTGTTCTACCGCGTGGATATCTTCGTTGAACTTGAGAAGCTTCTCTTTTTCCTCAAGGAGCAGGAAAAACAGCATTAGCGTCAAAAGAGAAAAAGGATATATGCACAACGGGCGATATCATGATAAAATACCCGTTGTGGCGAAAGAAACAAATTAAAAACAAGTTTTGTAAGGAGGAATTTCTTTGGGCCAGCAGGGCGGTTTGACAGGTATGTTGCTACCTCTCGCAATGTTTGCGGCGATATTCTATTTCATGATTATCAGGCCGCAGAAGAAGAAACAAAAAGCGCATGAAGATATGCTTGCCAGCATCAGTAAGGGAGATACGGTTATAACTGCCGGAGGGTTCTTTGGCGTAGTTCGCGAGACCCTGGACGACAGCTATATAGTCGAACTTGACGAAGGCGTTAAGGCGCGTATCCTCAAGAGCTCCGTCTCAATGAAAAAGAGCGACGGCAACATGACGGGCTCACAGCCGAAGAAAAAGAAATCCAAGAAATCTGAGGCGTTGGTTGAAGAAACTAAGCCGGCGGCTGAAGAGGCCAAGCCGGCGGAAGAGGCTCCCCTGCTGGAGGCCGCGGCGGTCGAAGAAAACCCCGAAGCCGCCGTGATCGAAGACAGCGTTGCCGCCTCTGAAAATAAAGATGAGGAATCCAATAAAGAGGCTTAGCCATAGCCTATAACGTTACTCTGTTTTTTTTACGGAGAGGACAACTTACGGGTCCACTCCGTTTTCTTTGTGAGGAGGCGCATGTAAGATGCTAAAAAGAGACAAATGGCGGCTTATTCTGGTCGTTGCAGTTGTCATAATCGCCGCGGCGGTGGCGTTCCCGATAAAAGGGAAGGTACGCCTTGGCCTTGACCTTAGAGGCGGCGTCCATATCATACTTCAGGCGAAGGGAACGCCGGAAAATCCGCTCACCCCTGACAGTCTGGAAAGACTTCTCGTGGTCCTCCGCTCCCGCGTAGACCAGTACGGCATCGCCGAACCGGTGATCCAGCGCGAAGGCGACGACCGTATCGCCATAGACCTGCCCGGGATCGAAGACCCAGAGGCGGCTCTTGACCTGATCGGACGCACAGCCGTTCTTCAGTTCCGCCAGGTGCTTGGCGAATCGCCGCGCGTGCCGGCAAAACCCGTGCGCTCGAACTACGACAGCGACGAACAGTTTAAGACCGCCGAGGAACGCTGGTCTGCGGCAAAGGACGAGGTCGACCTTTACATCAAGCAGATGGAAGAGGCGGTTAAGTCGAATTCCGACATGGCTGTCGCCAGAAGTGAAAGCGGCAGCGCCTACCTTCTTGGCAAGCAGTATGTCGGCGGCGGGGATCTCACAAAGGCGGAGACGAATTTTGACCAGTTCGGAAAAGCCGCCGTCTCCCTCAAATTCAACCCCGGCGGCGCCAAGCTCTTTGACGAGGCGACGGCCGCCAACATAGGCAAACAGATCGCCATCGTGCTTGACGGCACCGTTATTTCCGCTCCGGTCGTCCAGCAGCGCATCTCCGGCGGAGAGGCGCAGATCACAGGCTCCTTCTCGACCGCCGAGGCCAACCGGCTCGCGATCATGCTTCGCGCCGGCGCGCTCCCTGTTTCTGTCGAAGTCCTTGAGAACCGCTCGGTGGGGCCGTCCCTCGGCGCCGACTCCATACATGACGGCATAAAGTCCGGACTTATCGGCGCCGCGCTAGTCGTCATTTTCATGGTGGTCTACTACGGACTGCTGGGGATCGCCGCCGATGTCGCGCTTGCCGTGGCGATGCTTCTCGTCGTCGCCGCGCTCATTATGCTCAAGTCGACGCTTACGCTCCCCGGTATCGGAGGTATGATCCTTACGATAGGCATGGCGGTAGACGGCAACATTCTCATATATGAGAGAATGAAAGAGGAATTCCGTTCGGGCAAGACGATGATGGCGGCTCTCGATACGGGCTTCCGCAAGGCGCTTATCGTCATTCTCGACTCGAACATTACGACGCTCATCGCCGCCGCGATACTCTTCTACTTCGGAAGCGGCCCGATACGCGGCTTTGCCGTCACGCTGAGCATAGGCGTAGTCGCCTCTGTCTTCTGCAATACGGTGGTCACGCGGACGCTGCTGGGCATAGTCCTGTCAGCGCGCAAGAGCCATACCCTTTAGAGAAGGAGGCAATAAGAAATGGCTACATTTGACGCTTCAAAACTAAATTTCCCGTTTATGAAGTACAGGAAGATGCTGATAGGCATCAGCCTTGTATGTATCCTCGCGTCGTTCGGCCTCCTGCTGGCGAAGGGGCTTAACCTCGGGGTCGATTTTACCGGAGGCCTCGTTCTGCAGGTCAAATTTGAAAAAGCGGTGGATATCGCGGATGTGCGCTCCGCGCTCAGCAAGATAGGCCAGGGCGGCGCAACGATACAGGCCTTTGACAACTCGGACGTGCTCCTTCGCTTCCAGGCGCAGGACGACCAGGTTCGCAAAGATGTGCTTGACGTGCTCAAGTCCGATATCGGAGGCTACAAGGTGCTCCGCGTGGATAAGATCGGCCCCGTCGTCGGCGGAGAACTTCGCGCGCAGGCTACCTACGCGCTGCTGCTCGCGCTTGCCGGCATCCTCGTCTACATGGCATTCCGTTTCCGTTTCCGTTTTGGCGCGGCGGCGGTCATTTCGCTGATGCACGACGTCATTCTGATGCTCGGAGTATACAGCCTCACCGGCAAGGAGGTCTCAGTCACCTTTATCGCGGCCATCCTTACCGTCGCCGGTTATTCGCTGAACGACTCGATCGTCGTGCTCGACCGCATTCGTGAGAACTGGGGACAGGTCCGCAGCAAGGGCATCGTCGATCTTGTCAACACTTCGATCAACCAGACGCTCTCGCGCACCATCAATACCTCGGTCACGACGCTGCTGCCGGTCGTCTCCATGTACATCTTCGGCGGCGAGGTCATCAGCAACTTTGCCTTCGCCTTCCTCATCGGCATCGGCGTGGGGACCTACAGCTCCATCTATATCGCGAGCTCGATGCTCGTCGAGTGGTACCTGCGCTCGCCGAAATATTAAGATACCGCATACGTCAAATACCTAAAAAAATCTCTCTCCCCGGTAAGGGGAGAGATTTTTTTTATGTTATGTTGTATGATAT
CP171104.1_gap29	1290699	1291261	562	AGCCCGACCTGGGGAGTTCTCTGGTCTATGCGGTCATGCTCTTTGCCGTCTTCGTCGCGGCCGGCGCGCCGGTGAAAATACTGGGTTCGATCGTCGGGGCCGGGGCGGCGATGCTGCCGCTGGGGTGGATGATATTGAAGCCCTACCAGCGAATGCGGCTGCTGGTTTTCCTCGATCCGATGATAGATCCGCAGGGCGCGGGGTATAATGTTATACAATCGCGCATTGCAGTCGGTTCCGGCGGACTTTACGGCAAGGGCTTCATGCATGGCACGCAGGGAAAGCTCCATTTCCTGCCGGAGCCGCACACCGACTTCATTTTCAGCGTATTTTCCGAGGAGTTTGGCTTTATCGGCTGCGCCGTGGTCCTTCTGCTCTTCGCGATACTGTTATGGCGCATTCTGAACGTTTCGCAGTACACAAGGGACCTGCAGGCGAAATTGATGTGCGCCGCGATCGCGGCATGGCTGTGGTTTCAGATAATGGAGAGCGTGGCGATGAGCATGGGGCTCGCTCCGGTAACGGGGCTTCCGCTGCCGCTCTTCAGCTACGGCGGCAGTTC
CP171104.1_gap30	1294262	1295051	789	CATCATCAGGACCGTCGCGGAGGGCTGCGACGCAGACGGGCTGCGCGAGGACGTCGAAGGACTCCTCTCGCAGTGGGAGACGATACGGCGCAACGCCAAACAGAACAGCGCCCCCTGCCTCATCCACCGCGACATCGGATCGCTCGAGCGAGTGCTGCGTGACGAATTGACCGATGAGATAGACGAGATCGTCATCGACAGCGAAGAGGAAAAAGAGGGTGTAGAGGCCATCGTCAGAAAGTTCTTCCCCGAGAAGGAGATCGACGTGAATCTCTTCAAAGGCAAGATGCCTCTCTTCGAGGTCTATGGACTGGAAAACCAGATATCGGAGCTTCAAGACCGCAAGGTCTGGCTCCCCTCGGGGGCTTACCTCGTCATAGACCAGACCGAGGCGCTGACGGTGATCGACGTCAACACCGGTAAATTTGTCGGTTCCAAGAACCTGAACGATACGGTGCTCAAGACCAACCTGGAGGCCGCGGTCGAGATAGCCCGACAGCTCCGGCTGCGCGCGCTCGGCGGCATCGTCGTCGTCGATTTCATAGATATGGAGAACGAGGAGGACAATCACGCCCTCGTGCATCAGCTGCAGGAGCTTTTCAAGAACGACCGCTGCAAGGCGCGCGTCTACGGCGTCACGGGGCTCGGCCTCGTGGAGATAACGCGCAAACGCGCGCGCACGGATATCAGGGCGGCGCTGACGCGCGGCTGCCCTTTCTGCGGCGGCCTGGGAACCGTCACAAAAGAGGAGGGCGTGGCGATACAGATAAAGCGCTTCATCAGGAAGAT
CP171104.1_gap31	1369705	1373251	3546	GCATGTGCGTAACGATATCGGAACTTGTAAAATTTTTTAACTTTATCCTCCACAAGAGCGAGAACGGCATAGCGGTACTGCTCGGGACGGTACCGCCTCCTACTGCGTTGGAAATACATGAAATGCGCAAGGGTTCCGCATCCGATTATGGTGTACGGATCGACGGAGGCGAGGATGTGCCGATGGCGCAGAATATCATTGAATCAGCGGAAGATATTGAAGAGATAATCTCCGCGGTCGGCGGCTGGGTGGAGATAAACAGAGCCTTCCGGCGATTCAGGGAAGAATACCCCGAACAATGGAAATTTATTGAGGCTCATGCGCTCTTTATCAAACCAGGAGGGCTTATTCGTGACGGCAAAGGCGGCATGACAGCGATGCTTGGCCGTCAGTACAATGGTGTCACAGCAAAGACACAGCGGCGGCGTAGTAAACGGCTGCTGAGGTCGCTTGCGCAGTATCTGCTGTCATGGAGCTACACAGACGGCTATAACCTTTCATATACACCGCCGAAAAGAGTACGCACAAATTAAAAAATAAGGTGTCCTCACTAAGGGCCTTGTAGCGTTTTGTAAATAGAGTATACTTATATCATTCCATGAATTTGGTAATGCTTGAGGTAACTAATAAAAGAGCCTTGATGCTACGATATTGAGGCTCTTTGTTATGTATTGCATTTCTCCTCATCCTCTCTGATCGCCCCGTTCGCCGGCACACCGGACGGGGCTTTATTATTGCTTGTATAAGGAAGTGATATTGTGCATTACGTGCAGCCGCTTCGGACGAAGACGGACATCGAGAAAATAAAAGGCGTGCTGAAGGAACGGAACCTGCGCGATTATGCACTCTTCGTGTTGGGGCTCAATACGGGGCTGCGGGTTTCCGATCTGCTGCGCCTCAAGGTCAAGGATGTCGTAGAGCCGACGGAGAGGGATGTAAAAATCAAGAATCGCCTTGAGGTCGTTGAAAAGAAAACAGGAAAGACCAACGACATACCCATAAATACAGCGGCCCGTTCCGCTCTCCGCGAACACCTTAGAAAGTCAATGCTTATATATAAAGAGGATTCGCCTCTGTTCCCTTCAAGGATAGGACGCGGCAGCCGGGCGATCACGCGTTATATGGTCTGGCTCGTCCTGCGGCTGGCCGCTCAGGAGGTCGGTATCCGTGAAAAAGTCGGCACGCATACAATGCGTAAGACTTACGGATACCAGCTCTTCAAGCAAGGGGTAGACATCACTAGGATACAAAAAATGCTTAATCACAGTTCACCGGAGATAACGCTTGCTTACATAGGTATCACTAAAGACGAGACGGACAGCCTTATTAAAAACCTTAATCTCTAAGAAGTTATAAGTTTTTTCCGAAAAACCTGAAAAAGCGCAAAATGTTTTTCAACCAAAACACCAATAGAGCGTTGCGGCATCGGGCTTTGTGATGCGCGGTTGAAATTCAACAAACCTTAGATATGTTGAATTTATAGCATTAAAGCGCGAAAGAATTGGCGGTATCACCGATTTGGATGGCGTGAAAATAAACTCACCGTCACGCAATATGTTGAGTTTAAAAAGGGCCTCAAAAAATATGTTGAATTCAGTATGCACCGGATATCTGTCAGTATATAGATTTTTGAATACAAATAGTATAAAAAGGTGAATGTGATGGACGTTCGTATAGATACAAACCTTGCTGAGCTGCCGATATGGATAGACGGCAAAGTGCTCAAGCAGATGAAGTTCGCAACTTCTGTCGCGTTGTATGAAACGGCGAAAGAAGCGCAAGAGGCTGTGCGGGAAGATCTTCCGAAGATATTTACGATACGAACCAATTGGGTGGCAAAGGGGATTCGCATCAAGCCCGGAAGTTCAAGGGGAATACGCGGTAGCGGTGACGGCCTGAATGGCATGTCGGTCGAAATTGGGACAGTTGATCCATTTATGGAAAGACAAGAGCTAGGCGGGGAAAAGAAACCGTTCAAAGCTCACAGTGTGGCTATCCCTAACAGGGATCCTCAGACAGAGATTGCGGACCGAAAGAAATGGCCTAAAGCTTTGCTCAAGAGAGTGTCAGGCACATTCTTATACAAGAGAGTGGATGGTAAAGAATTTATATTGCAACGCGAAGGAAAGAACCGATATCCAATAAAACTTCGCTATTCATTTGCATCGTCCGTGAATGTTCCCGCGCGGTGGAACATGCGTGAGCGGATTCAGAATCTTGCCTCAGAAAAATACTACATCAACTTTGAGAGAGCCTTTAAAAAGGCTATGGAAACTGCTAGATAATATATACCCCCCAGGTATTAGGTTCTGTGCGCCGACAAAGGCTGAGGGTGACGCGAGGCGCGGCGTTTTTCTAGCTGTGAGTAAAAAAATCAGGCTTATGTATACGGGAGGTGACGCCTTTGCCTGAACTGATAAGCATGTCGGAGTTTGCCCGCCGCAAGGGCGTCACTCCGCAGTCGGTATGCAAGGCCGTTAAATGCGGGCGCATCGGCGTCATTCACGAAAAAGGCAAGCCGAAACTGGACTGGGAGATTGCATCCGTCCAATGGGACCGGAGCCGGCGTGTCAGAGCCGAATCTCTCCAAAAAAGTGCGGAACGCCCTATCATAGAAGTACCGGAAACGCCGGAAGCGGAAGCGGCCCACATTCTCGACGACGATGAGCCGGTCATTCCTCCAGGGACGATTTATGCTGAGCAGCGCGGCGCGACGGAAGCGTACAAGGCAAAGCTTGCACGTCTTGAATACCTTGAGAAAAAAGGACAGCTTGTTAAAGCCATAGATGTCAAATACGCATCTTCAAAGATGGTAGCCGCCATAAAGCAGCGGGTTCAGTCCGTCCCATCTAAGGCAAAGATACGCCTGCCGCATCTTTCAATATCAGACATGAGCGTGTTGGACGACCTGATGCGCGAGACGCTGACGGAGCTGTCGGAGTGGAGCCTTAAAAATGGCTGATATCGATACTCTTGTAAAAGAAATTATGTCAGGTTTCCGGCCGCCCCGTAAACTGACGCTCTCTGAGTGGGCAGACGAGAACGCCTATCTTTCTCCGGAATCCTCAGCGGAGACAGGCAAATGGCACTGCTTCCCATATCAGCGCGCTATCATGGATGCCTTCACGGATCCGTCCGTCGAGTACATCGTCCTTATGAAGAGCGCCCGCGTCGGCTACACCAAGATGATCAACCATGCGATAGGCTACTTCATTCATCAGGATCCGTGCAGCATGATGGTCGTCCAGCCTACTGACCAGGACGCGCAGGACTACAGTAAGGACGACATCGCGCCTATGCTGCGCGACACGCCCTGCCTCCAAGGTCTGGTCTCCGAGGAGAAGAGCCGAAAGTCCAACAATACGCTGCGCAAGAAGCTTTTTAAAGGCGGTCAGCTGCTTCTCATCGGTGCAAACGCTCCTACCGGTTTTCGCCGTGTTACCATGCGTGTGGTACTATTCGACGAGGTTGACGGCTATCCTCCAACTGCCGGCGCTGAGGGCGACCAGATACGCCTTGGTATCAAGCGTACAGATACATATTGGA
CP171104.1_gap32	1374596	1377591	2995	AGATGACAGACGGGAAAAGAGATATCATCAGATACCTACTTCAGGAATACGATATCAAATCTGCAAAGGATATCCAGGATGCGCTGAAAGATCTTCTGGGTGGTACGATTAAAGAGATGATGGAGACTGAGATGGACGAACATCTCGGTTATAAGAAATCTCAGCGTTCAGAAGGCAGCGACTACCGCAACGGATACAAACAAAAGCATGTAAACTCAAGTTTTGGAGAGTTTTCCATAGACGTTCCTCAGGACAGGGAATCCAGCTTCGAGCCTAAGATAGTAAGAAAGCGACAAAAAGATATTTCCGAGATAGACCAGAAAATAATATCTATGTACGCTAAAGGAATGACTACCCGTCAGATATCGGCAACGATACAGGATATTTACGGGTTCGACGTCTCAGAAGGCTTCATATCGGATGTGACTGACAAGATAATGCCGCAGATCGAAGAATGGCAGAACAGGCCACTCTCCGAAGTCTATCCCATTGTTTTTATAGATGCGATTCATTATTCTGTTAGGGAAGATAACGCAGTAAAGAAGCTCGCAGCCTATGTAATACTTGGAATCAACAGCAACGGTATAAAAGAAGTGCTTTCTCTGCAGGTGGGGGAAAATGAAAGCGCCAAATACTGGCTGACAGTCCTGAATTCCCTGAAGAACCGTGGTGTAAGGGATATCTTCATTCTCTGTGCAGACGGCCTTAGCGGAATGCGCGAAGCAGTCGAAAGTGCGTTCCCGCAGACCGAATACCAGCGCTGCCTTATACATCAGGTCAGGAGCACTATGAAATATGTGGTTGAAAAAGACCGCAAAGAATTTGCCGCAGACCTGAAAACAATCTATCAAGCTCCCGACGAGTCCCATGCGCTGGAAGCCAGGGATCGTGTTGCTGAGAAATGGGGATCAAAATATGCAAATGCAGTGAAGGGGTGGGAGCGCAACTGGGATACGATCTCTCCGATATTTAAATTTTCTTGCCAGGTAAGAAAGGTCATTTACACGACAAACGCGATAGAAAGCCTTAATTCCAGCTATCGCAGGCTCAACAGCCAAAGAAGCGTATTCCCCAGCGCAGGCGCCCTTTTAAAAGCCTTATATCTGGCTACTTTTGAGGCGACCAAAAAATGGAGTATGCCAGTTAGGAACTGGCGCAGTATCCTTGGTGAACTAGCTGTAATGTATGAAGGACGGATGCCTGAATAGGCTAAGATTAATAAAAAGCGGTCAGTGTTTGTATTGACACTGGCCACTTAATAGGTTGATAATTTTGTTATACAGGGATCGTTATTAGCCCTAGTTGTATTGGATTTCTCACAGAAGGTCCATATTTACAGAGTTTTTTTCACACGCCCAGAAAAAAGAGTCCAGCTTCTGGGGCTAGTGTATAATTGAACGGTTATCGCTCCCATACCTGATAACAGGGAGGGGGTGTGTTTCAATGATTTTCATCACTTTTCTGGTCTCTGTCGCGGCGACTGTAGTTGGTTACTACGTCTGCAAATGGTTGGACAGAGATAACAAGCGATAATCAGCCAGCAGAAGAAAGCCTCCGGGTCGCAACCGGAGGCTTTTTGTGTGTTTCCTGATCTTCATCACTTGGTTGACTATATTGTAGCACATCGCAACGCACCGTCAAGGTGTGGCTGATCGTGTAGGGTATTATAGCATGCCGCCTGCGAGGGCGGTTTTTTATGTTCGGAGGTGGTGGCATGGCATTTACACAGAGCGACCTCGACGCGATAGACGCCGCGATCGCCAGTGGTGCGCTCAAGGTCAAATACAAGGATCGGGAAGTCCAGTATCAATCTTTAACGGACCTTCTCACGGCAAAGGCCCTCATCGCGAAAGAACTCGGCGTTGGGGGCCGACGTTATGTATACCCGGTTCATTCAAAGGGGGTGTAGGGAGGTGTGAATTTGGAGCTGAATTTATTGGAGCGGGCAATCTACAATCTTGCTCCGCGCATGGCGCTGAAACGCCACATGGCGCGCCAAGCGCTGGATGTCGTGCTTGCCTATGAGGGGGCATCGCATGGACGCCGCACGGCCGGCTGGACGAAAGTGTCATCCGCTTCGGCCAATACCGAAGCCAGGCCGGCGATAGCGATACTACGAGAACGTTCGCGTGATCTTGCCCGCAATAATGTGTATGGGCTGCGCGCGATAACGATGATCACCAACAGCATGGTGGGCGGCGGGATCAGACCGGTATTTAAATCAAAAAGCCAGGCAAAAACCCGCACACTGAACGACTTGTGGCAGGAATGGGGAGAGGACGGAGTCCAGGCCGATTATGACGGACAGGGAAACATCTACGCGCTGCAGGGCCTGATCGCGCGGATGGTTGCCGAATCCGGCGAGTGCGTCGTCACGCGCCATTTTGTAAAAGACCCGCGCAAACGCATACCGCTTGAGATACAGGTACTCGAACCCGACCATATAGACAGCTCCCGCGACTCGCACCGGCGGCAGTACGGAGAGCCTTTTTCCTGTCTCGGCATCTCCTTCGACGGCCACGGTAAACGCAGCGGGTACTGGCTGTACGACATCCATCCCGGCGAATGTGTCGCCATGGGCGAGTCGAAGCTCTATCCGGCGGATGGCGTGATTCACGTCTACCGCCGCGACAGGGCTGAACAAATACGCGGCATTCCCTGGCTTGCGCCCTGTGTGCTACGGCTGAAGGACCTTGACGACTACGAGGACGCGCAGCTGCTGCGGCAGAAGATCGCCGCCTGCTTCTGTGCCTTTGTAACAGATGTTGAGGGTAACGCATCGGGCGGTATCGGAGAAGATGACGATTTCGGCAGACTGGAGCCAGGACGCATCGATGCTTTGCCGCCTGGCAAACAGATCGCCTTTTCTTCGCCGCCCGGCGCCGAGAATTACGACTCCTACACGAGGCAGGTGCTGCGTGGGATCGCCGTCGGCACCGGTATTACCTATGAGATGCTGACCGGCGATTATTCCCAGGTGAACTTTACATCGGGA
CP171104.1_gap33	1454027	1455884	1857	TCGGCGGCGTATTCGGAGTGATTTGGATGGTTTACACGTTTAAATACAAGCGGGCGAAGATGAACGGCGAGTGCCGGAAACCTGTATTATGGGGCGTCACCGTCGACAACATCTCGCTTAACTATGCCCTCACGAAGGTGCAGCACTGGATAAAGACGGAACGGACGCCTCACATAATAGTGACTCCCGACGCGCTCGCGGCGCTGCGAAGCCGCACCGACGAGAACTACCGCCGCATCGTGCGCGGCGCGGGGCTTGTCCTGCCGGACGGTGCTGGGCTTATCGGGGCGCTTAAACTTATCGGCACCCCTATACAGGAGCGCATACCGGGTGTAGAATTCACCGAACATCTCTGCCGCCGCGCCGCCTATGAGGGCTGGCGCGTTTGGATGCTGGGCGGAGCTCCCGGCGTTGCGGAGGCGGCTGCGGACAGGCTCGAGGAAAAGTTTCCCGGACTCACGGTGGTCGGGACCTGCGACGGCTTCTTCAAAAAGGAGGAGACCGACGACATCTGTGCCGCGATACGCGGCGCGGAGACTGATATCCTCTTCGTCGGCCTGGGCGTGCCGAAGCAGGAATATTGGCTTGAGGAGTATCTCGGCAGGACCGGCGCGGTGATCGGCATGGGGATCGGCGGCAGCATGGACGTCATCTCCGGAAGACTCACGCGCGCGCCGAAGATGTGGCAGAAGGTCGGAATGGAATGGCTTTACCGCGTGATACAGGAGCCGTGGCGCTGGCGGAGGCTTACAAAGCTGCCGCTGTTCGTCTGGTATCTAGCGCTGACATATTTGCATATCGACAGCTATAAAAATGACGATATAAAGGTCGATAAGTAATTTGTCCATGATTTTAGCGATAAAATATGCTATTTTATAATAGAAATTGAAAGGATTGATCCGCGATGAAGATGGATAAGATAATCAAACAGGCTCAGAGGATGCAGGCGCAGATGGCGCTCGCGCAGGAGGAACTGCAGAACACGGTCCTCGAGGGCGCGGCGGGCGGCGGCGCTGTTAAGGCGACGGCCAACGGACATGGCGACATCCTCTCCGTAACGATCGATAAAGAGGTAGTAAATCCTGACGATGTGGAGATGCTCGAAGACCTTGTGCTCTCCGCCGTAAAAGAGGCGATCTCCAAGTCCAAGGAGCTCTCAAACGATAAGATGAACTCCGTCACCGGCGGCATGGGCGGCATGGGCGGCTTACCGGGGCTTATGTAGAGGCGCTTCGTTGTCTCTGCCGGGGCCGGTCCATAAGCTGATAAAACAGTGGAGCAAACTTCCGGGCGTCGGTGAAAAGACGGCCCGGCGGATGGTTTTTTATCTGCTCAGGCAGGAGCCGGGGCAGATAGAGGAATTTGGCCGGGCGATCATCGCTCTGACGGAGAACATCCGCCGCTGCAGTATATGCGGCGCGATAACTGATATCGACCCCTGTCCCATCTGCACCGATCCGCTGCGGAACGGGAAGCTGCTGTGTATAGTTGAAAGCGAAGAGGACTGCGTGGCGATGGAACAGGCGGGGATATTCAACGGCATCTATCACGTCCTCGGCGGCAGGCTTTCGCCGCTTGACGACGAAGAGATACCGGAAGAGAGCATCGAGCGCCTGCGAAAGCGCGTTGAAGAGGGCGGCATCGAGGAGATAATACTCGCCACCTCTCCGCGCATAGAGGGCGATCTCACCGCCTACGCGATACAGGAGGCGCTCGCGGAACTGCCCGTGAAGATATCGCGCCTCTCCTACGGCCTCCCCGTCGGGGGCAGCATCGGCTTTGCCGACCGTGTGACGCTGCATATGGCGATGGAGTCAAGAAAGGAGATGAGCTGATTTCGCAAAAGTCTGCATCGGC
CP171104.1_gap34	1480655	1483869	3214	CCTGGCGGCCGGCGAGGATAATGTCAAAATCTCCGAGCTGCCGCACGCCGGCGGCAAGCGTGGTGGAGGTGGCGCAGGTATCCGCACCGCCAAAGGCGCGTGAGGAGAGCAGATAGGCGTCGTCCGCGCCCATCGCCAGACATTCCCTGAGCATATATTTGGCCTGTGGAGGCCCCATCGACATAACGGAAACGGTAGTACCGGGGTTTTTATCTTTCAGTTCGAGCGCCGCTTCAAGGGCGTTGGCGTCGTCGGGATTCAGTATCGAGCGCACTCCTTCGCGGATAAGCGTTCCCTTTACGGGGTCGATCTTGACCTCGTTCGTATCCGGTACCTGCTTTGCCAAAACGATTATTTTCATTATGATCACCTCCCGATAATGCTGCCCGCGATCACCATCTGCTGTACCTGGGAAGTTCCCTCGAAGATGGTGTAAACGCGGCAGTCGCGGTAAAAACGCTCGACCTTGTAGTCCTTGATAAACCCGTATCCGCCGTGGATCTGCACGGCCTTGGCCGCGATCTCGTTGCACGCCTCTGAGGCGTAATACTTCGCCATCGAAGCCGCCACGCCCGCGTCGGGGCTGTTCGTGTCCTTGAGCTGCGCGGCTCTGTATACGAGCTCCTTCGCGGCCTGCAGCTTCGTCGCCATATCCGCGATCATGAAGCTGACGCCCTGAAAATCGGCGATACGGCGGCCAAACTGCTTGCGTTCTTTAGCGTATTTCACGGCCTCGTCGAAAGCGCCCTGCGCGACGCCGATGCTCGTGGCGCCCACGCCGATGCGTCCGACGTCGAGCGTTTTCATGGCGTTCTGGAACCCCATGTTTTCCTCGCCCAACAGGTCGTCCTTGTGTACGCGCACGTCCTCAAGAATGATATCGGAGGTCGGGCAGCCGATGATGCCCATTTTACGTTCGGCCTTGCCGCAGGAGACGCCGGGCAGCTTCATATCCACGATGAAGGCGGAAATGCCCTTCGACCCCTTCTGCCTGCGGTCGGTCTTCGCGTAGACGATGGCCCAGTCCGCCACCGGCGCGCCCGTTATAAATGATTTGCGGCCGTTGAGCACATAGTAATCGCCGTCCTTAGCGGCGTAGGTGACCGTGCCTCCGGCGTCGGAACCGGCGCCGGGCTCGGTAAGCGCAAAGGATATAGTCTTTTCCCCAAGGGCAAGCGGCGTCAGGTATTTTTTCAACTGTTCTTCGGTCCCGGCCAGCAGCAGCGGGCCGCTGCCGAGGGCGTTGGGCGTTCCCGCCCATATGGCGCTCACGGCGCTCACGCGGGCGATCTCCTCAAGGACGATGACGTAGGATATATTGTCGGAGCCCTGTCCGCCATATTCCCTGGGTGTCTTGATCCCAAAAAATCCGGCCTTCCCCATTTTGTCGAGTATTTCCTTGGGATACTGTCCTGTTTCTTCTATTTCGTCAAGGATCGTACCGGTCAGCTCGGTTTCCGCGAAATCGCGGGCCAGCTTTCTGATAAGATCATGTTTTTCAGTAAAAATCATTCTTCTTCCCACTTCTCTCTTAGCTTGTTGAGGTCATGCTGCGGTCTGTCGATGAGAGAGGCAAATCCTTCCTGGGTTATGTGGAATTGGAAGTCGTTGATCAGGCGGCGCTTCCAGTCGCGCGTCAGCAGATGATGCGTCATACAGCGGGTCGCGCGCGTCTGCTTCATGATCTTTTCCGCCAGCTCCAATGCGCGCGCCATCAGTTTATCCTTTGGGACGACTTCATTGATCATTCCCCACGCCAAAGCGGTCTTAGCGTCGATATTCTCACCGGTGTACACCATATGGGCGGCGCGTTTTGCGCCGATCAGCTCCTGAAGAGTCACTAGCTGCCCGTCGCCCGGCACGAACCCCAATGAAAAGTGTCCGTCCTGAAAGACGACATCGTCCGTACACAGAGTCATATCGCACAACAGCGCTATTTCCGTATGAAAACCGGGGCCGTTCACCGCGGCGATGGTGGGGATGTCGACGTCAAAAATCAGGTTTTCAAGCAATTTTGTCGCGTCAACGTAATAGGTATTGTAATCCATCACGAAATCCGCGTCGTGGTCCATCACTCCGATCCAGTAAGGGTCGGTCGACGTCAGGATCATCACATGGTTCTCGGGGTCGTTACCGATATCGTGGAAAGCCTGCGGCAGCGCGCAGTGCATCATCTCGTTCCACAGGACCGGCCCGTCGTCATGATGCATACGCAGCACGATGATGCCGTTTTTGCGCTCCATAGTTATATAGTCTTTGTATTTTTCTTTGTATTCCTCAAATTTTGGTCTGGCGACAGGCTTTTGAGCGGCCATATCATGTTGCCTCCTTAAAATCTTCATTATGTCTATGCTTTATCGCAAGAGTATGGCTGTACTGCTTGTGATGTTGAAAAATCAAAAAAGGGGGGATGAGCTCCCCCCTCCGCATTTACGGTTTTAGCGCAGATACTTGCCGGGTGCCATCGGCTTGGGGTAGTTGGCGCTGTCGTACATTTCGAAGCCCATCTCAGGGTTGATGATGCAGCGCAGCTGTACTCCGGCGTGAATGCCGTACTTGAGCATGCAGCCGATATTGCAGCGCTTGCACCTGTTGATCTCGTCCACTTTTCCGTCCCTTATTTTGTTCGTCCAGTCGGGATCGGCAAGGGACTGACGTCCGTGCGAGAAGATGATGTTCTTTGTTTCGTTTGCGAGTTGAGCGGCGAGCACAGGATCGTGGACCGAAGGAATCAGGACCGGCACGTCAAGTTCCTTGTCAAAATAGTGTGCCTGCTCGATTTTAAGAGGCATCTTGTCTTCATCGGGAATGAAGATGTCCCATCTCTCATAGCCGGCGCTGTCGGAGAGGTCAACAAAGGAGCTTCCGAGCTCGATCAGCATCTTGTGGAATTTGACCATATCTTCGTATGTAAAGCCTCCCGGCGTATGCTCTGCGGCGCTGGTCCTGCAGCCTGCCACGAACTTGCCCTCGACGCCCTCGTCCCTGATGGCGCGCATTATCTGCTTGAAGGATTCTCTGGCGAAGCGCGTCCTGTTCTCCCAGCTTCCGCCGAACTCGTCCGTACGGAAATTCTGATTGGGCGATAAGAAGTTGTGTCCCGAGTAGCCGTGGCACGTATGGTACTCTACGCCGTCGAAGCCGGCCATGATGGCCATTCTTGTGGACATGTAGTAATCTTCTATCGCCTTATATATCTCAGCTCTGGTCAGCT
CP171104.1_gap35	1575729	1576813	1084	CAGGTGGAGTATGCGCGGATCGCGGAAGATGTGCCCGAGGCTCTTGATATATACAAAGAGGAGGAGGAACATGAACGCGAGCTTATCGCGATGGTCGACGATGAACGGCTCAAGTATATCAGCTCGATGGTGCTCGGCATCAACGACGCGCTTGTCGAACTGACGGGAGCGCTTGCCGGTTTCACCTTCGCGCTTGGCAATACCACGGTCATCTGCATGGCTGGATTTATCACGGGAAGCGCCGCGACGCTTTCAATGGCGGCCTCCGAGTATCTGGCGAAGAAGAACGACCCCGGGGAACATCATCCGCTGAAGGCCGCTGTCTATACTGGCATCGCCTACATGTTTGCCGTCTGTATGCTGCTCGTGCCCTATGCTTTTATCGGCTCCCCGCTGTTCGCGCTCGCCGGATGCCTTCTCAACGCCGCCATCGTCATCATGCTGTTCACCTTCTATGTTTCGGTGGTGCGCAAGGAGCCCTTCACGCCCGCCTTTAGAGAGATGATCTGCATCAGCTTCGGCGTCGCCGGGCTCTCCTTCCTCATCGGCTGGGGGGCGCAGAGGCTGCTGGGGATCTCCATGTAACGGTAAATCGCAGTTTATCTTTCCCCTCCAATCGCGTAAATCGGCGTTTAGACGTGCCGGATGCTAAATAACTTTGGGGTCTGCGCCCGGAGCCGTATATCAATACGGCGAGGACCGCAGACCCCGAAGTTATGACGCAGACGGCGCGTATAAACGCCGATTTTATTACTTCGCGGCTTTCTTCTCCGTGATGTACTTATCGATGGCGACGGCGGCGTCCTTGCCGGCGCCCATCGCGAGGATGACGGTGGCCGCTCCGGTGACGATGTCTCCGCCAGCGAATACTCCGGGGACGGAGGTCGCTCCGGTCTTTTCGTCGGCTTCTATGTAACCCCATTTGTTGAGTTTCATTTCGGGGAAGGTGGAGAGCAGCACTTTGTTAGAGCCCTGTCCGATGGCTTCGATCGCGCAGTCCGCCTCGATGAAGAATTCACTGCCTTCCACGGGGACGGGACGGCGTCTGCCGGAGGCGTCGGGTTCGCCGAGTTCCATTTTGATG
CP171104.1_gap36	1582306	1586611	4305	GACCTGGTGCCGATGAAGAGGGACGAAAACGAGCTGCGGCCCTTTCAGGAGGAACGTTTTCTCTTTATCAACCGCATCGCGATCACCCTCATCGCCTCTATCGCGCTGATGCTGAGCCACGCCGGACTGCCCGGTTATATAAGGCTTGGCACGATAAGCTGGACGCTCGTCGCGATCGCCTATTTTTATCCGCTCTTTACGCCGCGCCTCATCGTTAAGGAGATATTATTCGCCGTGCTCACCGTTGCGGTCATGATGCAGTTCCTGCTGGTCTTCGGCTTCCGCATCGAACCGGAGTACGCGATGCTTATCGTGCTTGCCGGAGAATATTTAGTTTTTGCGGCCGCGAAGTTTATGAGGTCAAAAAGATGTCTCACAGAGTAAGTCTTGAGACCCTTATGAAATGGATATTCCTGTTGCTTGCGCTGTCGATGGTGCTGCTGATGCTCGGCGCGCGCCTTCACCAGAGTTACAGCGACAAGCTTTCCGCCGCCGCCGAATCCGCCGAGCGGCTGAACAGGCTGATGACGGACTACGATCTCAGATACAGCGCCGAGGTGATAACGCAGGAGCTCGGTCCATACTGGCGCAAAGCGGCCGAGGGCGAAGTCCCGTCGCTCGTCATAAGGAGCGGAGGCGCGAAGCATGGTTTTGTCTCCAACTTCCAGTCTATCTATGTCGACATGGTCGAAGAGGAGCGCTACCTGATACTTGTCGGTATGCTTGGGCTCATCATCGCCGTGGAGCTTGCGGTATTCATCTCTTATGTGCTGACAAGGCCGCTGCGCCGGCTTACCTGGATGTGCAAAGAGGTCGCCGGCGGGATCTCCGTAAGGATACCGCAGACGGCTCTTTCCCCTTATGAGTTTCATGAACTTGTCGACAGCTTCAATAATATGTCGTCACAGCTTGAGCGATGGCGCGAGGTGCAGCGTCAGGTAAGCCGCATGGACCGTCTCGCGGCGCTCGGCGAGATGATATCGGGGCTGGCGCACGAGATACGCAACCCTCTCGCAAGTATGCGGATACAGACGGATCTGCTGCGCGACGAGATCGAGAGGCTAGCGGGGGAAGACGGCGGCGAGGAGGCGGCGGACGCCAGGGAGCAGATCGCCGTCCTCGGCAGCGAGATCGACAGGCTCAATAATATCGTGATGCAGCTTCTTTCGTTCGTGCGTCCGCGCCCGACCGTCATTACGCCGGTGAAGCTGGACGACCTTCTCCCCTGGAGCGGGGCGATGCTCGGCTCGCTGGCTCAGAAGTATAATGTGCGGCTGATGCTGCACAGCACCGCGCAGGACGTTACCGTTATGGCGGACGGAGAACTGCTGCGCCAGCTGGTCATGAACCTTGCCCTTAACGCGATGCAGTCGATGTCGCCGCTGAAAGGCGGGACCGATATGGCGCTGACCGTCACTATCGGCTATGCGCCGGCGCGGCGCGGGGAGGAAAGGATGGGCATGATAATGGTCTCCGACACAGGCCCCGGAATCTCCCCTGATATCGAGCACAGAATATTCGACCCCTTCTTTACCACTAAAAAAGAGGGCACTGGACTTGGTCTCAGTATCGTGCAGAGGATAGTGGAGGGGCTGGGCGGCGCGCTCTCGTTTGAGAGCTCCCCGAACGGAACGACGTTTAAAATTTATCTGAAATTACAGCACGGAGGAAGAGATTATGAGCATCTGGATAGTTGACGACGAGGTCAATCTTGCCAACGGCCTGAAAAAAGCCTTTGAGAAAAAGGGTTATAGCGCAAAGTGTATTTCCGCGATACGCGAGCTGCAGGAGGCGCTCAACGCCGAGATCCCGTCGTTGATATTCCTTGACCAGTGCCTTCCCGACGGGAACGGCCTCGATATGCTGCCGATGATCCTCAAGGTCGCGCCGCGCTGCCGCGTGGTGATGATGACGGCCTTCGGCGATTCGAGCCTCGTGGTCAAAGCGATCCGGCAGGGAGCCTATAATTATCTCGACAAGCCATTTCCGCTCGACGCGGCGATGAATATGGTGACGCGCGCCTTTGAGTCGATACAGCTGCAGAATCAGGCCGAAGTGATGATGGCCGACGAGCCGAACCTGCTGCTCGGCTCTTCTCCGGCGATGGAAAAGGTCAGCGAAACGCTGCTGAAGCTGGCTCCCTATCAGGATGTGACGGTGCTTCTCACGGGCGAAAGCGGCACCGGAAAGGAGGTCGCCGCGAGGATGATCCACCGCTCTTCCAACTGCCAGGGGGAATTTGTCGCCGTCAACTGTTCGGCGATCCCGGAGGCGCTGCTGGAGGCGGAGCTTTTCGGTTACGCGAAGGGTGCCTACACCGGCGCCGACTCAAACAAGCCGGGGCTGATCGAGGTCGCCGACAAGGGCACGCTTTTTCTCGACGAGATAGGCGACCTCCCGCTCTCTTTGCAGACGAAGCTCTTCCGCTTCATAGACCAGCGCACGATAAGGCCGCTTGGAAGCACGAAGGAGAAGAAGATCAGCCTCAAGCTCATCTGCGCCACCTGCCTCGACCTTGAGAAAAAGGTCAAAGAAGAGAGCTTCCGCAGGGACCTCTATTTCAGGATATCGGTGATACCGATAAAGCTGCCGCCTCTGCGCGAGCGCGGAAAGGACATCCTTGAGCTGGCCTCTTATTTCCTCGGCGACTGCTCTAAGAGGATGAACAAACCGGTCCCCGAACTGACGGAGGAGGTGCAGGAGGTCTTTATGAGCTATCCTTGGCCGGGAAATGTGCGCGAGCTGCGCAATATGATCGAGCGGATACTGATCCTGCGCAGCCAGACGGATTCGTTCGTGCGCCTTTCGGATCTGCCGATGGAGGTGCTTGACGCCCACCCTGTCGGGATGGTTCAGGAGACTCGTGCCGGCGACGGCGGAGTGTCGCTGAGCGAAACGCTTGACCGAGTGGAAAGGGAACTCATCACCGCCGCGCTCGCCAAATGCGGCGGCAACCGCACGCAGGCAGCCGCCTGCCTTGGCATCTCGCGTTTCTCCCTGATACGGAGGATGCAGAGACACGGTCTTGAATGAACTGAAACTGCTGCATAGAATACACGGCGCGCATAATCTTTCGCCGAAAGCTTTTCTCGGCGGGAATTTGCTGCTCGCGCCGGCCGCCGAGCTCACCGGGCTTTGCCGTACGCTGGCGGGGGATAACGCGCTGATCAGGTTTTCACCGCCCCGAGGCTCTTCCTCAAGGATAGAAGATTTCGAGGATTTCTATGAAAATATCGCCGAAAATCCTTCGATAGACGCCGCCCTGCACCCGCAGATATGCGTCTGCCCCGGCTTTGCCTCGTTTACCGGAGCCGCCGCGAGTCCGGCGTTTTGGAGCGCCCTGCTTGACGGGCGTGGCTTTTTGAACAGCACGCCGGAAGAGGCCGCCGCTCTGGCCGGTATCGGCGATGAAGAGGCCCGCCGGTTTATAAAGAGTTTGCAGGACTATGTGGAGCCGGCCGGCCTCTTCGCTGCCGGCCTTAAAGAGTCATTGCTGATACAGATGAAACGCGCCGGCCTGGAGGGAAGCCCGGCCTGGAGGCTGCTCTCCGAGGGGAGCGACGCTTTGCTTTCCGGACGCGCGGATGAGTGGGGCAGCTCTCGCGGGCTCGGCAAAGGTCAAATTGAATCGGCGCTGCGGCTTTTGCGCGGCCTCGACCCCGCTCCCGGTAAAAATTTCGCGCCGACGGCTTTCACGGTCCCCGATATAGAGTTTGTCATTGCGGGCGAAAAGATAACGCCGCGGCTCATCGTGGAAAATATGCCGCTGGTGGAGAACTGCTTTGACGAGTTCGAGAACTTTTCCGGCGAACTGCTGAGGGAAAAATGGCTGCGCGGAGAATGGCGCGCAGCGAGAGAGACGCTCAAAAAGCTGGGCATGCGCTACCGCACCCTGCTGCGTGCCGCGCTCTTCCTCCTCTCCGTGCAGCGGGAAAAGATCATGACGCCCTCGCTCCCGCCGAAGCCGCTGACATACGGAGATGCCGCCGCGGCGCTCTCGCTGCATACCTCGACGCTTTATCGGGCGATGCAGAATACCGCCTGCCTTATAAGGGGGACGAGCTATCCGATGAGGGTATTCTTCTCACGGGCCGCCGCGGCGGATAAAAACTTCAGCATCGCGTCACTGCGTACAGAGATAGCCGCGATGCGCGCGCGCGGGCTGACAAACCGCGAGATCGGCGAACGCCTCGAACTGCCGACGCGCACGGTAGCCTGGCACAGCGCGAAGATAAAGGCGGCCTGCCGGCGCTGATCCGCGCCGTCCGGCCGCCGGTCGGGAAATTTTATTTCGAAGCGCTGACA
CP171104.1_gap37	1616435	1619231	2796	GAGCGGGTCAAGTGCCTATTCTGGGGAGACCGCGACGAGCGGCAGGCATCGGGCAACATGCGCAACGCCGTCTATCTGCTGCGGAAGACGCTGCCCCATAATTTTTCCGCCGAGCGCGGATATCTCAACCTTACGGATTTCGAGACCGACCTGGGCGGACTCGACCTCTCCGCCGAGATACCTTCCGTGGTATTCGAGGAGCCTCTTCTCGGTTTTGAGTCGGTGGATTCGGCCGATTTCTGCGAGTGGCTCGCCGGTTCGCGCAAGCGGATCAGGGACGAGGTCTCCGGCCTCCTGCGGACGCGGCTCGCCTCTCTCGGAAGCGAGGGGGCAGAGAGTGAGCGCCGCGGGATACTCTCCGCGCTGCTTGAGCTCGATCCCTGCGACGAGGAGAGCATGGCCGGGCTGCTGGAACTTCACATAAAAGAGGGGCAGGCTGTCAAAGCCCTCTCCCTCTGCCGGACCTTTTGCGAAAGGCTGGAGAGGGAGGTGGGCGTGAAACCCGGGCTGCGGCTGCGCCGCCTTGAGCAGGAGCTTCTTGCGGAATCGCCGCGCGGCGGCGGTTCGGGACAATGTTTTTGCTGCCGCGACAGAGAGGTGCGTAAGATCATCGATATGGCGTCCGCTCCGGAGGGGCGTATGCCGCTCTTTTTCATACACGGAGAGGCGGGCGTGGGGAAGACGGCGCTCGTAAATTACGTTACGGAACTCCTGTCGGAGGAGAGTGGCGATGTCTTCTCCGCCTGCCCGATGTCGATCGGCGAAAAATACCCCTACTCATCGTGGAACAATATTGCCGTGCGCCTTGTCGAGCGTTTCCGGGAGGAAAACATGGCGGTCGATGCGGGGACGCTCTCCGTCCTCTCGCGCCACTTCTACGGCATCTCCGGAGAGGATTGCCGCGGTACCCCGCTCATCCCTGAACGTGACATTTTCGCCGTGGGAAAAGCGCTTGCCGGACTTTCGGCCCGCCTGTACAGGGGCAAGCCGCTCTTTTTCATATTTGAGGATATGCACTGGTTCGACGCGCAGTCGCTTGACCTCTTGCGCGTCTTCCTCCCCGAGCTGCGCGTGCCGGCCGTGATCTTCATGACGAGCCGCCCGGAGAGCGCCGAAGCGATAATCAAGATGATCTATAACATAAAACCCGTCCCCGCGCGGAACTTTATGCAGATGCGCCTCATGCCCTTCACCGGCGAAGAGGTGCTGCGTTTTTGCCGTGCCTTTCTCTCCGACGAGGTGCTGAGGACGAGAGGCGCTGATTACTTCATGCGCGAGAGCGAGGGGATGCCGCTGCTTCTCGCCGAGATGGTGCGGATACTGCGCGGCAACAGCGGCGCCGAGTGCCGGGACGGCCTCAGAGGGCTTATCATGAGCCGGATGGACGAACTTTCGCCGCCGCAGCGCGAAATGCTCTCCGCGCTCTCCGTTTTCGGCGCTCCCGCGTCTGTCGAGGATCTCGCCATGCTCATTGGCGAAGACCCTGGGCTGATAACCGCCGACGCGGAAGAGCTGCTGCGGCGGGGACTGATATGCGAAGTGAAGGAAAACGACGACTACTGCGTCGATTTTATCCACGTCAACGTGCGGGAGTGCGTTTACGACGCGATCCCCGGTTTTAAGAGGAAACAGCTGCACCGGCGTATTGCCGAAATATTGAAGCGGCACTATTCGCCCCATATATGGAGCCCCGCGCTCTCCGCGATGCTGCGCCATCATCACAGCATGGCGGGAGAAAAGAGGGCGGTCCTTGAGCAATATCTGCGGGAGATGAGCTTCCATATAAACCTGAACCACATCCTCTTCCCGATGATAAGGGACGCCGTCCTGCTAAAATGCTCGCTGCCCTTCAGCGGCAGGGAGGAGACGGAGGCCAAGTTCGGCAGGATACGCGATATACTCCAGAGCTGCGGAGCCGAGGAGGTCTCCGGAGAATCGGAGCTGCGCCGGCTTGAAGCCTCTTATCTCGAAATGTACGGCGGCTACAAGATCAACTGGGGCGAGTATGAACAGGGACGCCGCTTGACGGACTCCGCGCTGCGGATAGCCGAAGAGGGCGGCTATGACGAGACGGCGATGCACTGTCTTGAGGATATCGCGCACCACTACCTGCAGACCGACAGGAGCGCGGAGCTCGGCGCGGAGGGAAAGAAGATCCTCGCCCTCGCGCGCGGGCTGCGAAAGGAAAACCATGTCGGCCTCGCCCTGAGGCTGATCGGCATGGCGAGCCTGATAGAGGGGGACTATGAGGAGGCGGAAAGGATCTTCCGCGAATCGATCAAGGTCTTTGAGGGGCTTGAGCTGACGGGGAAATTTTACACGCTGAACCTTCTCGCGCCCACCTGCTACATCGGAGAGATGCGCCAGTGGCGCGGGGAAAGCTCGTTTGCGCTGACGCGGTTTGAATACTGCATAGAGCGCTGCCGGCGGGCGGGGCTCTTCTGGGGGCGCAGCCATTTCTGCGCGCACGCGGCGGACGCCGCGCTCGACCTCGGTGACTGGAAGCTCGCCGCCCGCTATATAGGAGACGGCGTCTCCCTCTTTGAAAGCTCGCGCGGCGGCCATTGCAGCTCTATCCTCTACAGCCTCAAAGCGATATGCGACGCGCGGCGCGGAGATTTTGGGGAGGCTGTGGCCTCTCTTGAAAAGGCCGACTTCCTCTCGGCGATCGGCAAAAAGAGCTGGTGCGCCGCCCAGTTTATGGCAAAGGGCTGGGTGGGCAAACTGGCGGCGGGATCGTCGCCGGCCGTCACAGACTATCTTGACAGACCCTGGGACTATTACGCCGAAGCCGCG
CP171104.1_gap38	1632442	1634288	1846	GCAAACAGATAGGCGTCGGAATAATCGGCTTCGCGCTCCTATTCATCGGGATGAATATGATGCAGGAGCCGCTTACTTTTTTGAAGGATCGCCCCGACCTTCTGACGGCCTTTGGCAGCCATCCTGGGCTTGCTTTCATGGCCGGACTCATAATCACGCTGATCGTGCAGTCGAGTTCGGCCACAGTCGGCCTGACGATGGCGGTCGCGGCCCAGGGGGTCATTCCGCTGCAAACGGCGATCGTGATCATCCTCGGGGACAATATCGGCACGACGATAACGGCGGTCATCGCCTCCATGGGAGCCAATCGCGCGGCGAAACAGGCGGCGGCGGCGCATGTCATGATAAAGATATTGGGGACGGCGGCCATTCTGATGGTTCTGCCGATGTATACGATGCTCATCGAGCTGACGGCTACGACCATCTCGCGCCAGGTGGCGAACGCGCATACTATATTCAACATCATTATCGCCTTTATGTTTCTGCCCTTCGTTTCGCAATATGCTAAGTTCATCCGCAGAATCATCCCGGACGACAAGAACGCGGTTGCTACCGGGACCATCTACCTCAATCCCGTGCTGATCACGGCCTCCCGCGCCGCCGCGGTCGACGCGGTCCGCAAGGAGATGATACGCCTCGCCTGCCTGACGCTGCAGATGATCGATAATTGCCGCCGGATACTTATTGAGAACAACGAAAAACTTGTCGACGACGTCGGACGTACGGAACTCAATGTCAACGAGATGACCCACGAGATAGTCCGTTACTCGACGGAGACGGGGCAGACCGGTCTTTCGACGGACCTTTCCCTGCTGCTTAACTCATGCACGAACGCCGTGGGAGATGTGGAGAGGATCGGAGACCACGCGACGAACCTTGTGGAGATGTATCAGTATCTTCAGGACCATAAACTTTCATTGTCGCGGATGGCGCTCGAAGAGGGCAACGAGATGTTCGAACTGGTCATCTCAGCGCTGACGAAGAGCATCCAGGCCCTCGAGGATGAAGATCCCGCGCTTGCGAAAGAGGTCCTGGCGCTTGAGGAACGCATAGACTACATGGAAAAGACCCTGCGCGCCCAGCACATAGCGCGGCTCAACGCCGGCGGCTGCAGCCCGGGAGCTGGTGTAATATTTATAGATATATTAAGCAATCTTGAACGCGTGGGCGACCACGCCAACAACCTTGCGATGGTGGTCTTCGATATAGAGAGGCTTCACCATAGCACAAAAACAGCAAAAGTGTGAGGTGCCATAAATGAATATTGATGTGATAATTCTCGGTTTCGTACAGGGCTTTACAGAATTTCTGCCGGTCAGCAGCTCCGGCCATCTGGCGCTTGCCAAGATATTTCTGGGGATAGAGCTGCCGCCGCTCAACTATGACCTGGTGCTGCACGTTTCGACGACGCTTGCCACGATATTGTTTTTCTGTACGGATATCTTCACGTTTCTCGCGCAGTGGTGCGCCGGATTCACAAACGCCGAAGCCAGAAAAAAAACCGGCTGGCACATAGGCTGGGCGGTGATCGTCGGTACGATCATAACGGGAGTGATCGGATTTGCGCTTAAGAACTTTGCGGAGGAGGCATCGCTCAATTCTCTGATGGTCGGCATCGGGCTAGTCGTTACCGGCATTCTGCTCGTGGCTTCCCGCTGGATACGCGAGGGATACGGCAGGGTGGCGCTGATGGACGGCGTTTACGTGGGGATCGCGCAGGGGCTTGCGGTAATGCCAGGCATCTCGCGCTCCGGCATGACCATCATGGCGGGGCTCGCCGCCGGGCTTTCAAAGGAATCGGCCTTCCGCTTCTCCTTCCTTCTGTCGATCCCGGCGATAATCGGCG
CP171104.1_gap39	1720484	1723896	3412	GAACGGCCTAGAGGACAAAGTACATATCTTCCAAATCAACAACAGCCAGCTCGACATGCGCTGCTACAAAGCCAAATCCGGCCCTAAAGAACAGAACCACTGCGGCACCTGTACGCACATGCGCTGTATCGGCTTCGACGGCCTCATATACGGCTGCAATCGCTTCTGCACCATGGCCGACCCCATACCGATCGGCTACGTAAAAGAGGGCAAAATCGTAATCACCGGCAAAGACTTCTGCGACGAGGTAGCCAAGCAATACGAAGCGTGGCCCAAAGAATGCAAAAAATGTGACTACGGCCAGCAATGCCCCTCCTGCACGGCGATACCCTACGAGCAGGACGGCCCGGAAGCATTCTTCGCGCGGAAGCCTCAATGCGGCTTCACCCACGCACAGGTAGCGGCCCGTATGTACTTCCGCAAGCGCCTGCTGGAAAAGGGTAAGGATAAGGATGAGCTGAAATGAATTGGATACCAAGCGATAAGGTGATTCGCTGGCTTGCACCGGCGCAGAGGTGGAGCCGCCAGACGGGATGTCCGGCGGCTTTGATTTTGGCTGTGATTCAGCAGGAATCGGGCGGGGATCCTGCGGCCACAAGGTACGAACCGGAGTACGAGGAAAGGTATAGGGCGCGGTGCGAGGAGATCGTCCGCGCCCGCGCCTGTCGTTTATCTACAAAAGATGTAGCTACAAGCTACGGATTGATGCAGCTGATGCTGCCTCTGGCCTGGGGGTATATGGGGCCGGAGACGCGTCGTGGCAACATCGTTGTGGCGCTGCTGGATCCGGACCACAATATACGCTTCGGGGCGGCTCATTTGGGCGTGCTGCTCAAGAAGGAGCTCTCTAAACATAACGATGCGATGAGTCTGGCACTCGGCAAACGGCAGGAGATTGACGCCGCGGTTGTCCGTGTGGTTGCGGGCCGGTATAACGGCGGCGGGAGCGGATCGGCTTATGCGCGGAATGTATGCGCACTATGGCAGCAGTATGAAAGATATCTGAAGGAGGCCGGTGCTTGATGGCTATGGCTCATGATACGAGGAATTTCAAGGCTGCCGAGTTCGCCTGCCGGTGCGGGCGTTTTGATTGTCCGCATCATGCTGTCGATCAGCGTCTTATGGATGCGCTTCAGCAGCTGCGGGATTTAATCGGCGCGCCTATCCACGTTAATTCGGGATATCGATGCCCTGCCTGGAATAAGCGTGTCGGAGGCGCTAAGAACAGCACGCATATGCGCGGGATCGCCGCCGATATCCGCTGTGATGAGCTTACGCCGGCGGAGCTTGCGAAGTTCGCGGAGGAGGTGCCGGCGTTCGCCAATGGCGGGATCGGGATATATAAGAGTTGGGTGCATGTCGATGTCCGCGGGAAGCGCGCGCGGTGGAGAGGATAGGATAGGAGGGGCTGGGGATGGGTGAGACACGAAAAGCTGTGACCAAAGAGCTGTCGCGGCTCGTTACGGTCGCGGATCACCGCATGGCTTGTTTTGATGGAGGCGGCGATTCGAAAGACTTGGACGAAGCGATGAGAGCCTACAAGATGATCCGCGAGTTGTGCGAGTCGCAGCTTGTTGTGATCGCGGCCGCAAGGATGCATAGATGAGCCAGCAGGAGATCCAAGGCGCTTGGGATAGTTTCTGCTCGATCTTCGCCGTGGTGCTGCCGTTGATGCTGGTTTCGGGGATCGTCAGCTTGTGCAACTATTTCCAGCGCCACTGGGGCGTGGAGCCGTTCGTGCTGTCAAAGCTGCTGATCGGCGTGGGGACTGACGTTGTGTACGGATCTCTTGTCGGGCTGGCGGCGATCGGGGCGGGGAGGAGCCATTTTCTCGCCTGGGCTCTCGCGGGCGGCGCGGTGCATTGCGGGATACGGCGGCTGGAGTATGTCTGTCGGCGGCTTTTGTATAGCAAGTATGGGATAGATAGCAGGGAGAGAGCAATGGATGAAAGAGCTGATAAATAAGCTGTTTCTGTATCTGAATAATCTGCCGTGGACTAAACCGGTGGCGATAATTGTCTGTTTTGTCGATCTCGCTGTATTTGCCCTCTCTTGGATCACCGGCAGGGATATCCCACCGAATGCCACTCAGCTGGGGATATGGTTCGGTGGGGCGATATTCGGCATCGCCGCCGGCAAGTCGGTCTATGAAGGTACGCGGAGGTCCGGGCATGGGGAGGATGATCCGAAGGATGGACCCGAAGACGATATTTGATAACCGCTGGCGCTGGTGGGCGCTGTTTGTCGCGGCGGTGCTGCTGGTGGCCGTCGGGTGTTATGCTGGGCGGCTGTTTGAGGCGCGAAGGTTTAGGGCCGATGCGCCGGTATTGCCGCAGCAGGAGATTGTAGCCGTGGATAACGTTACTGAAAAGCTGAAAAACGTTATTGAAAAGGCGCAGATTGAAAAAAACAAGCTGCCGGAGGTGATTAAACGTGCGAAAGATGATATTAGGCGTGATGTGGCTGGCCTTGATAACGACGGCGTTGCTGACCGTTGGAACGGCCTGCTGGGGCGATACCGGGAGGGTCGAGCTGCGGCCGAAGGGATACTCCCTGACCGGTGAGGCGTATGTCGTGCCGCTCCAGGACGGGCGCGACACTGTGGAGCTGATCGAAACGCAGGCGGCGGAGATTGGAGCACTTAGGAAATGTGTATCTTCGCAGGACAGGATTGTTGATGCCATTAGCGCCGATATCGCAGTTCTGGAGGGTGCTGTCGTGCGGGAGAGGGCGGCGTGGCAAAAGAACGTCGAGGAGATACAAAGGTCGAATAAAAAGCTTAGGTCGCCGTGGTCGATCGGAGCGTTCGCCGGGTATGACGCGATCCACCGTGAGGCGTGTGTTGGCGTCGGGCTGGTGTATTCGTTCTGGCGGTTTTAAAGGAGGCTGTAGATGAACATTGCAGGAATTCGCTGAAATCTTTGAAGCTATTGGCGGATGGCGTTAAATAATGTGATAAAATAAATCCCGTTGTAAGTTTTATAGGGAAAAAATGTTGATAGAAAGCCTCATAATCAGCATGTAAAAAAGCACTAAAATAATTTTATAGGTATGCTAAAATATGTTATATCAATAACTCTTATAGTCTGTTGGGAGCCGGAAGTTGGCTCCACTGAAGTGTCGAGGGCTTAGGAGATTCTCCTAAGCCCTTTTCTTTATTTTAGATGGTTGTAAAGATAGAGGGAGGGCATGATTTGAATAATAAAAATGAGGTAAACGAGGCCCCCGGACTCAGCGCGCCGATCACGGGCAAAAAAATTTTTTTTGTGCGTCACGGAAAGACGGAATGGAACAATCAGTTTCGTTATCAGGGAGTTACCGATATCCCTCTATGCGAAGAGGGGCGTGAACAGGCGCGCAGGACGGGGCTGCGCTTTGCCAAGGCGAAGATAGAGGCGATAATCAGCAGTCC
CP171104.1_gap40	1761108	1764217	3109	AGGCCTCTAAACGGCGGGATAGAGGGGACTATTGGTGGGAATTACGCCCCTGCCGCTATTATGATGTCTTTAAAAGGCCGAAGATCATCCTGCCAGTGATATGCAAGCGCATCTCCGCTGTGCTGGAACACGGGCGCGCCTATACTAACGACAAAAGCTGCATTATCGACAGCGACGACTACTTCCTCCTCGCGCTGCTCAATTCCAGGCTGATGGGTTTTGTCTTCCGTTCCGTGTCGGCGCCGCTCCTGAATGACTACTTTGAAATGCGCCCGTCAACTTTGGCAGAACTGCCGATAAGGGGCATGATTCCCGCGAACGCCGCACAGCAGCGCCTCCGCACGGAAATTTTTGCTTTCGGCGAAAAACTGTCACGCCTCTACGAACTCAATCCGCCGACGAAGTACGGGCGCAAAGATGCGGAAACGCTGCAAACGGAAAAGGAACTGAATAAAGCGGTATACCGTCTCTACGGACTGACGCCGCCGGAAATAAACATTGTCGAAAATAACTGACGGATGATGTATAATCTCCCCTGTGCCGACTGCTTGACGGTATTTATAAATTTTTAGATGGTTGGGGATATCGATGAATAACCGTCGTATGCTCTCTGTAATGATGCTCTCAACGGCTTCGCTCATATGGGGCACCTCTTTTGTCGCGCAGGTATTAGGAATGGAGCTTATCGGGCCTCTGACATTCTGTGCGGCAAGATATGCGGTCGCTCTCTTCTTTGTTGTGCCGTTTGCCCTTGTCATGGACAGGCGAAAAAAAGCGGAGACATGCGCAAAATCCGACGTCGTCTCGGACTGGCGGGGTTGTTTAAGAAGCGGGATACTCTGCGGCGGCGCTCTATTTACCGCCTCCGGACTGCAGCAGGTGGGACTTCTGTTCACAACGGCAGGCAAGGCCGCATTTATCACGGCTATGTACATCGTGATAGTTCCCATTTACGGACTTTTTATGAAAAAGATCCCCTCGAGGATTACGGCCTGCGCCATTATCCTGAGTACAGTGGGACTCTACCTGCTCTCGATAAAGGAAGATTTCAAAATAGAGATCGGAGACGCCCTCATCCTAGCCAGCGCCCTTTTTTGGGCGGCCCATATAATGATTTGTGACCGTTTCGCAAAAGATTATGACACGATAAAACTATCGACTATCCAATTTGGGACCGTGGCCCTCTTTTCCTCGGCGGCGATGTTTTGGCTGGAAGCCCCCGAATGGGGAGCCCTGTTTGCCTCGTGGGCGCCGATATTCTATGCAGGCCTTTTCTGTACAGGCATTTCATATACGCTGCAAATGGCGGCACAGCGGGACGTCAGCCCTGTGGCTACCTGTATAATCCTCAGCGCGGAGGCGCTTTTCGCCGCGATTTTCGGTTATCTTATCCTTGGAGAACGCCTCTCAGGGCGGGAGCTGATCGGCTGCGCGGTGCTTTTTGCCGCAACTCTGATCGCTCAAATACAGGAGGTAAAATCCGGCGTCGATCCGGAAGCAGGAGCATAAAATTATAAATTTATCCCTTTAATTTATCAATTCTCATGGTATAATCTCTCCGTATTCGGGATGTAGCGCAGCCTGGTTAGCGCACCTGCTTTGGGAGCAGGGGGTCGTCGGTTCGAATCCGACCATCCCGACCACTAAAAGCAAAAGTTTGCGGGGCCTCTCAAGAGGCCTCGTTTTTGTCTTGATGAAACTTCCCGGCTGAGATGGTGGTTTTGAAATAGTCCTCATTCTTTATAGTGGATCGTCCTGCGCTGGGAGCGGTCCGCGTCGGTGATTTCCTGAAATGTCATACACACGATAGGCGCGCGGGTGTCTTTATTGATGCCGAGGATGACGCCCTCTATATGCATAAGGCGGCCGTCATCGTTATAGCGGCGGAACTCGACATTCACGGGGCGGCCGGTAGATATCGCTTCTTCTATGCACTGTATGTACATGGAACGGTCCTCCTCATGCACCTTCTGTATGACGTCATTGGAGTATGATCTTTCCTTGCCTCCGCCCATTATGCGGTGGTATCCGTCGCTCGCGCGCAGCATGCCAAGCTTCCCGTCTACATATTCGTAGAGGCCAAACCCGGAACAGAGGCTGCTCAGCAATAGGTTTACCAAACGATTGCCGCCCATAAGTATATCTATCTCTTCCGTGCTGAAGGCGACGCTGTCCCCTGAGCCGCGCTTCGCCCTCGCGGGGCTCAGCAGTAAAGCCTCCCATTCACAGGAGGGCAGCGGTTTGGAGTAGTAATAGCCCTGGATGGCGTCGCCGCCGACACTTTTGATGAAATCCGCCTGCTCCTTGGTCTCGACGCCTTCGGCCACCACCGGCAGCGCCAGCCACCTTGCCATGCGCAGGACGGAGGTGACGATCGTGCCGACACGTCCTCCCTTTTCAAAGCCTTCCATAAACCGCATGTCCATTTTCAAAGTGTCGGCTTTGATGTCTTTTAAGGTGCCCAATGAAGAATCGCCGCTGCCAAAATCATCTATGGCCACGCGAAAACCATATTCGTGCAGTTTGCTGACAGCGTCAGTTAAGGTTCCAGCCTCGAGCGTAAAGGCGGACTCCGTAAGCTCGATCTCAAGCAGCCCATTGGGAACATTGTATTTTTCCCTGATTGCCAAAGCTTTGTCTGGAAAGAGGGGATCAAAGAGATGAGCTCTTGAAAAGTTCACCGAAACGGGGACGACTTTTATTCCCCGTTCGATCTGCGCAGAGAGCGTCCGGCAAACTTCATCGAATATGTAGAAATCGAGTTTTGTGATCAGCCCGTTTTTTTCAAACAGTTCGATGAACCTGGCCGGGGAAACAAGGGTGCCGTCACTTTTTTTCCAGCGCACGAGCGCCTCGGCGCCGACTAGGCATTCGTCGGACGTGCCGTATTTCGGTTGATAGTACGTCATGAACTCGCCGTTTTTGAATGCGTCATCCGACTCCATAAGCAGCGCCGCGTCCTCGCTCTGATCTGCATATAAAGAGTCATCGTAAAACATGACAGAATCCACACGGTTTTTATCTGTTATTTTAAGAGCAAAAACTGCCCTGTCATACATGGATTGTATCGAAACTTTTGAGTCTGTGATGATGTAGACGCCGTTGCTTA
CP171104.1_gap41	1799806	1802412	2606	GCGTCGGCGGCAGTTGGGCTTTTATGATTATCGAGCCGCAGCGGTGGGCCTTGCCGAGAGGTGTGATGAGCCCGTCGCAGAGTCCGAAGGTGCCTAGCCCTGCCGCGTAGCAGGCGTGGCGCTCCGACCAGTTTGAGGCCACATAATATTTTTGCGAGTTAAAACGTTTTACCTCCGCCGGGTGTCCCATGGGGAAGACGGCGGCGATATTTCTTTCGGCGAAGAACTTTTCCAGCCGCAGTCCCATTGAGATATAAAATTTCTCGCCGCAGAGCTTGGCGCGCCCCCATACCTCCGCCGGCTTCGCGCCGGAGTTGGCCGCACGCGTCTCCGCCCTCTGCGGCAGCACCCAGCAAAGAACGGTCAGCTCGGAGGCGGAGGTATCGAGCTCCGGGTAAAAGGTCCGAAAAAGCTCGAGCGGCGTAAAGCAGGGAAAATCCGCGTCGCGGCGCAGCTTTTCAAATATCGGGTCGTCACCGGCGGCGCAGCCGAGAATAAAATTATCCCATGCCGGAATCCCGCCGCCAAGGTCGTTTTCCGGTGAATCCAACTCGCGGGAAAAGAAGTCCGTTATCTCACCTTTAATTTTTGAATGCACGTCCCGTACCTCCCTAAAAATACGATGCTTTCCTGTCATTATATCTTATTCATATTTCTTTTAAAACGCCGCGAGCCCGACGTCAGGCGCACGCCGAGCTCGCGGCTGGAAACGTTTTCTTTAGCCATTAAGAACGGCTTCAGGATCTTCGGCTCCGCAAAGCTGGCTTTGCGTCAAGTCATTATATTTTTCCATGTCCAACACGCCTTCGCGCGCGGCTACCGCTGTTGAGACCACCAAGTCTCCGATTGAATTTGTCGCGGTGTGGATGCCGTCGATGATCTTATAAGCTCCGGCGACGATGGCGACGATTTCCAGAGGGAATCCAAGGACGGTAAATAAGGTAGTTGCCATGATAACGCCGCCGGAGGGAACCGCCGCGGTGCCTATGGCAAGCACCACACACTCAAAAGCTATATAGGCGAGCATGCTGAACGACAGCGGTATGTTGTATATTTGCGCCGCGAATACGGCCAGCAGCCCCAGATAGCAGCAGATCCCGTTCATGTTGGCGGTGGCCCCTATCGGCAGAACGAAGGCCGAAATTTCATTAGGAATGCCCATCTCATCGGCCAGCCTCATATTTACAGGCAAAGCGGAATTTGAGCTTCCCGTCGTAAAAGCTATGATCCACGGTTCCACCGCCCTTTTCCAGAATTTTAGAGGGTTTGCTTTCGCCAGTACGAGCAATATTAGATTAAAGAGGATTGCCTGAATGAAAATTAATCCGACCCAGTCAAGAACGAAAAATTTAAGCATCGGTCCCAGCAGCGCCGCGCCAAACTTGCCGATCGTTCCGGCAATCAGGGCAAAGGCTCCGTAGGGGGTGATTTTCAATACGATATCAACTATCCGGCCGACCACGGCTGTAAAATTACCAAAAGCTTCTTTGACCGCGTTTCCTCTTTCCCCCGCCAACAGCATCGCGCAGCCGCAAAAAACAGAAAAGGTGATGATAGGCATCATGTTCGCGTTGGCTAGCGCTTCGAAGGGATTTATCGCAAAAAATCCCAGAAGGACTCCATAGAGGTTTGGCGTCTCCACGGCTATGCTGGTTACAGAATTTCCCAGATCGAGGACCGCGCCGACACCCGGTTTAAAAATAGAGCCCAAAAATATGCCCAGCCCGGCGGAGATGATTCCCGTGACTATGATGTAGGCGAAAGTTTTTACGCCGATCGACCGCAGTTTTCCCACGTCGCCGAGGTTGGCGACACCCTCGGCTATGGAGAAAAAGACCAACGGAACGACGCACATCCTGATCAGGCGAATAAACAGATCTCCAACGAATGTGAGCAGCGGGAATACCCACGCGGAAAGTATCTCATTGTTCGCCCCGCCCGCGAAATTGAATGCGAAACCGGCGGCGATACCTGACGCCAGGCCGATAATAATTTTCGTCTGCAAATCCAGTTTTTTCATAACTACATCATTCCTCTCTCTCCATTGGCCGAAATACGCTTACGCCGGCGGGATCTTTCAATATTCCTCGGCGACGAGCACTATCGCCTCTATTTCAACGGTCATCCCCGCCGGCAGCGAACTCATGCCCACGGCGGAACGTGCGTGCCGCCCCTTATCGCCAAGCACCTCGACCAAAAGGTCCGAGCAGCCGTTGATCACCTGCGGATGGTCGGTAAAACCAGGCTCGGCGTTGACCATGCCGAATATTTTGACGACGCGCTCGACTCCGTCCAGCGAACCGAGAACCTGTTTGAGCGTCGCCAGTATTTGCAGGCCGATCTGCCTGGCATCCGCATAGCCGCGCTCGACAGAACAGTCGCGTCCCAGACGGCCGACGCTGACTTTGCCGCCGGCTGTGCGCGGCCCCTGCCCTGATAAGAAGAGCAGGGAACCGGCGGCAATTCCAGCCCCAGCTCCGCCAACCGATTTTCAATCTTACTCATATATGGATTTCCTCAATTTTGAACGCCCAAACACTTCAATCTATTTTCAGTGCGCGTTCAACGGCGGCCAGAGCGTGAGCGACCGTCGTATCTATGAGCGG
CP171104.1_gap42	1905774	1910352	4578	GGCTGTCGCAGACCATGCCGCCGAGTTCTATCGAAGCGGGATCACATCCGTCGGGAAGGAACGTCTCGTATTTTATCGAATTTTTCGCGAGCTCCGAAAGCAGCCCGCTTAAAAGTATCGCCATCTATGTAATCCCACCTTTCCACATATCCGGTCCGCACGGCCCGCGGGAGCGCGGAGAATGACGCTACAGAATCTCCCTGCGGTTGATGCGGCACCAGTCCTCCATGATCTCCTTGTCGACGAGCGGTATCGGCCCGTCCCTCAATATCTGATGGGTCTCGGGACCGCGTCCGGCGATCACAACGACATCGTCAGCTCCCGCCTGGTCAAGCCCGTAATAGATGGCCTGACGCCGGTCGACGATCGCCGCGTACGGGGTGTCGTGTTCCTTGACTCCCGGCTCTATCGCGGCCATGATCGCGGCGGGGTCCTCGCTGCGCGGGTTGTCCGAGGTGATAACGACAAAATCCCCCAGACGCGAGGCGATCTCGCCCATCACGGGGCGCTTTGAGGTGTCGCGGTCCCCGCCCGCGCCGAAGACGACGTAGAGTTTCCTTTTGCAGATCGGACGCACCGCGCCGAGGACCTTCTCCAGCCCGTCGGAGCTGTGCGCGAAATCTATCACACACGAGGCCCCGTTATCCAGACGATAGCGTTCGAGGCGTCCCGGCACCTGCGGCATCTGCCCCAGCGCATCGAGCGCCGACTGCGCGGAGACGCCTATCGACCAGGCCAGCGAAAGCGCCTGCAATGCGTTCATTACGTTGTATGCCCCTAATATGGGCAGTTTTATAGATTTCTTTTCAGGAGATTCAGGGGTTTTTACCTCTATATCCAACCCTTCGACCGTTACGTTCTTCACCGCGGCGAAGAAATCGGCCTCCTCGTTAAGCATACTATAGGAAAGTGCTCTTTTGCCGAGCGCCTCGTAAAGGCGGCGTCCGTAAGGGTCGTCGATATTTACCGAAGCCTGCCAGTTGTTTCTCATGTAACCGTCAAAAAGCGTTTTCTTCGCGAGGAAGTAATGCTCCATATCTTTATGGAAGTCAAGGTGATCGAGCGTGAGGTTTGTGAAACCGGCGCGGTCGTAACGAAGGCCGTCTATGCGCCCCTGCACGATCGCGTGCGACGAGGCCTCCATCACGCAGGCCTTGCAGCCGTTTTCAACCATGCGGGCAAGCATGTTCTGAATGTCGCAGCCCTCGGGGGTCGTATGCTCGGCCTCTTCTATTTTTTCTCCGTCGTCGTAGAGGACGGTGCCCATCAATCCCGTTTTTATACCCGCACGATTCAAGATCGCCTGGGTCATAAAGGTGGAGGTAGTCTTGCCGTTCGTACCGGTAAGGGCGATCATCGTCATCTTCCTCGCGGGTTCGTCATGAAGCAGGGAGGCCACCTCTCCCATCGCCGAGCGCACGTTGCGGCAGATTATCTGCGGTACAGGAACGTCTGCCTCACGCTCGCAGAGCACCACCGGCGCCCCGGCCTCCACCGCAGAGGGAATGAAGTCATGGGCGTCCTTATGGCCGCCCTTCGTCGCCGCAAAGATCACGCCCGGGCCGGCCTTGCGGCTGTCACAGACCATGCCTTTCAGTTCTATCTCGTCCGCGGCGCATCCCTCCGGGATATGTATCCTATACTCTATCGGGCCCTTCTCCAACGTCAAAATGAGCTTGCACAAATTCATAACCAGCACCCCTTCTCCAATTAGACACTCAATACCAAAGAGCCGTTTTTACGGCCTTCTCCCTAGATCTTTCCGGGAGCGATCTGAACTATATCTTCCACTATCGATTTAAAAACTGGAGCCGCGATCTGGCCTCCGTAATAACGTGCGCCTTTAGGCTCGCCGATGCTGATGAGCATCACATATTGAGGCTTCTCGGCGGGCCAGAAACCGACGAAAGAGGCCACATACTGTCCCTTAGCATACTGCCCGGAAGCTGCGATCTGCGCGGTGCCGGTCTTTCCGGCGATCGACACCTTATCAGACTTGGCAAGCTTCCCGCCGCCCTCGGCGACGACTCGCCGCATCGCCTCTCTGATAAAATCCGAGGTCTGCCTGGATACGACCTGATAGCGGACGCGGCGCGTACCCTTATGTATCACTTTGCCAAGGCTGTCGCGCACTTCGTCTATCACATACGGTTTAAGCAGAGTGCCGCCGTTTGCGAGGCTCGAAATAGCCATGACGATCTGCAGCGGCGTTACGGCGATGCCCTGACCGATAAAGATGTTTGCGGGAACGGTTCCCAGCCACTCTTCCGGCTGCTTTATCAGTCCGGATTCTTCCCCGGCGATTTCCACCTCGGTCTTGTCGCCGAAGCCAAACTGTTTCAGCATACCATAAGCTTGGTATTTCGGCACCCCCATGGACATTAAAGACATGCCGATATTACACGAATTCATCAGGACATGCGTCAGGTCCTGCTTCCCGTGAGCCCTTTTGTTGACGTCGCTCATCGTGCGGTCGAACAGCTTCATCGTGCCGTGGCAGGTGTAGCTGCTGTTTCTGCCGGCGCTGCCGGTTTCCAGCGCGATCGACATCGTGATCGGCTTGAAGATCGATCCCGGTTCAAAGACACGCCCCACGGCGTTATTGCGCACGGCATTCGTGTTTGCGAGATTCTTCCTGTTGTTGGGATTTAAGGTGGGATAGCTGGCAAGCGCGACTATCTCGCCGGTATATGGGTCGACGCATACGCCCGAGGCCCAGGCCGCGTCTACGGCCTTCGCCCCTTCGCTGAGCCGCCACTCCATGATCTGCTGTACTCTGGAATCTATCGTCAGCTTTATCGAGCCGGCCGTATCCTTCACCACTCCAGACCGGCCGCTCATAATATCCATCGCGTTGCCCTTTGAATCGCGGGCCAGGAAGCGGGTCCTGGGCGGCGAATATAGTATATGGTTCCACGCCAGCTCAACTCCCGCCTGCCCGTATTCATCTATATCGCAAAAGCCCAGCACATGAAAAGCCAGTGATTCATGCGGGTATATCCGTCTTTTTTCGGATAATGTATAGAGGCCGGGGACCTTCATATCCGCAAGCTTGTCCGCCCGCTCTTTCGGCAGGCTGCGTCCCACCCAGTGAAAGCGTCCGGGCAGTTCGCGGGAAAATTTTTTAGCCGACGCCGCTCCGAATGTGCCTTTCAGCACGTCGGCGCTCGCGGGGTCCCAGTATTTAGGGTCGATAAAAAAACTTGTGGAGGGTACCGATATGGCGAGCGGCACCCCCCTGCGGTCCTCTATTTTACCGCGCGACGCGCTCACCGCGACATTCGCCCAGTATTGTTTTTGGGATTGCAGCACAATGCGGCGGTCCGGCCAGAGCTGTACCTTGGCCGTCCCTATTGCCAGCACGGCCAGGACTATATAGGCCGCCAGCCACACCGATTTTGAGCTGCGCCGCTCATCGGCCGGCTCTCTTCTAATTCTTGGCATGAGCCTGCTTTACGAAGGGATTCAGGTTTTCGATAAACCCGCCCTTTTCCACAGCCTCTTCCTTCACCTGCGCCAGCCTTACAGACCGTTCGTCAAGCTTGATCACCTTTATATTCTCGGCGTTGTTCATGCCGAGGCTGCAGCGAGCGTAATTATAGACCCTGGCGGGAGAAAGAAGCTGCGCGTAGCGGCGGGAGAGAACGAGGTTTTCCTCCTTGCTGAGCTCTATTCTGCTTGCAGTCTCCGAGATGCGGTGTTCCAGATAAAGGCCATAAAGTCTAAGCGTCCCCAGCGCCGCCGCGCAGAGGAAAACGCAAAGAAAACTTATCACTAAAAGCGACGAATGCTTTGTCTCGCTTTCATGCTTGTGCTCCTTGTAACGCATTATATTTCATCCCCCTCTTTCTCATCGTCCTCTTCATATCTCTGAAAGATCCTCAGTTTTGCGCTGCGTGACTTATAATTTCTTTCGATCTCTTCCTCTGTCGGCAGAATGGCCTTTCGCGGGACCGGCTCTCCGAGCTCATCTTCCTTCCATTTACGGAAGCGGTGCTTCACCATCCGGTCCTCCAGCGAATGATAGGAGATGACGATCGCCTTTCCGCCCGGATTCAGCAGCTCGGCCGCGCCGTCCAACGCCTCGCTGAGAGCGTTTATCTCGTCGTTTACGGCTATCCGCAAAGCCTGAAAGATCTTTCTCGCCGGATGCCCGCCCATCTTGCGCTGGACCGGCGCCGGAAGTATCCTCCTGATAAGCTCCACAAGCTCCGTCGTGCTGTGAAGCTCGCCGCCATGCTCGCGGTGGCGTACGATGCCCTTGGCGATCTGAAAGGCATAGCGTTCCTCGCCATAGTCGCGGAAGATCTCCGTCAGCTCCCTGATGTCGGCAGTACGCAGTATCTCCTCAGCCTTTGGATGACAAGATTCCTCGTCGCCGGCGTCCATCCTCATATCGAGCGGGCCGTCATACTGGAAAGAGAAGCCGCGCTCAGGCTCCGTTATCTGCAGGTTTGAGACTCCAAGGTCGAACAGGATGACATCCGCGCCCGCGAAACCCTCTTTTTCTTTCAACAAGCCGATGTTTCTAAAATTATCCGCGACAATCTCAAAACGCGGCGCGAAAGGAGATAGCCG
CP171104.1_gap43	1914175	1916242	2067	TCTGTTCGAGCATCTGCGGCAGCGTCTGGGCACGGGCCATGAGGAAACCGCCGTAGCAGTCGCCAAGCTCGCGCTCCACCTCTTTGCGCAGCTCATAGACGGCCCGCGCGCGGACGAGGAATTCCTTTACAAGGGCGTCCTGCTTGTCCTTGAGAAGTTTGTGTCCCCTCTTGGCGACGACGAGCAGCCTCTTGAGCCGCGAAAGCTCCATTCTATTGGGGTTGACATTAAGCGCCTTTGCCATCAGAGGTCACCCCTTCCTACGGCTTAGCCAGCTGTTCGAGATCCTCTTGTGCGGCGACGAGCGGCTTCAGATACTTCTCTATGTATTCGTCTCTTACGCGCTTGAGTTCGCGCACCGGGACTATCGTCAGCAGCTCCCATCCGAGGAGCAGCGTGTCTTCGATGGTGCGGTTCTCATATTCGCCCTGACGCACGTATTTGTCCTCAAAATCGTCGGCGAACTTCGCGAAGGCCTTGTCCTCGTCGGAGAGCGCGCCTTCGCCGAGGATCACGGCGAGTTCTTTGGCCTCTTTACCGCGCGAGTAGGCGGCGAAGAGCTGGTTCATGAGGTCGGCGTGGTCTTCGCGCGTCTTGCCCTTGCCGATGCCCTTGTCCTTGAGGCGCGAGAGCGATGGCATGACGTCGACCGGCGGGTAGATGCCCTTGCGGTGCAGCGTACGCGCGAGGATGATCTGTCCCTCCGTGATGTATCCCGTCAGGTCGGGGATCGGGTGGGTCTTGTCGTCTTCCGGCATCGTGAGGATCGGTATCTGCGTGATGGAGCCCTTTTTGCCGCGCAGACGTCCGGCGCGCTCGTACATGGTCGCGAGGTCCGTGTAGAGGTATCCGGGATAGCCGCGGCGTCCGGGGACTTCCTTGCGCGCCGCCGAAATCTCTCGCAGAGCTTCGCAGTAGTTCGTAAGGTCGGTGAGGATGACGAGGACGTGCATTCCCTTTTCAAAGGCGAGGTATTCCGCGGCGGTCAGCGCGAGGCGCGGCGTGGAGATACGCTCGATCGCGGGGTCGTCGGCGAGGTTGACGTACATGACGGTACGTTCGAGAGCGCCGGTCTTGCGGAAGTCGTCCATGAAGAAGGATGCCTCTTCAAAGGTGATGCCCATCGCGGCAAAGACGACCGCGAAATCCGAGTGTCCGCTGATGACCGTCGCCTGGCGCGCGATCTGCGCCGCCATCTTGTTGTGGGGCATGCCGCTTCCGGAGAAGATAGGCAACTTCTGCCCGCGTACCAGCGGGTTCATGCCGTCTATCGTCGATATGCCGGTCTGGATGAACTCCGAGGGGAAGTCGCGCGAGAAGGGGTTCATCGGGTTTCCGTTGACGTCAAGGTAGGTCTCAGGGATTATGCCGGGGCCGCCGTCGATGGGGTCTCCGCGTCCGTTGAAGATGCGCCCCAGCATGTCTTTGGAGACCGGGAGCTTGAGGACGTCTCCGAGGAAGCGGACTTCCGTCGAGTTGACGTCTATGCCGCTGCTTCCCTCATATACCTGGACGAGGGCCCTGTCCTGGTCTATCTCAAGCACGCGCCCGCGGCGGTGTTCGCCGTCTCCGAGCGTGATCTCCGCAAGCTCGTCATAGCTGACGTCATGCACCTTGTTGACCATCATAAGCGGGCCCGAAAGGTTCGATATCGTCCTGTACTTCTCAGGCAACCTCATCGTGCTCACCTCCAATTGCAAGCTGTTTGCCGAGTTCGGCTTTTATCTTTGTCTCAAGTTCGTCGAGTTTTGCGATGTCCGCCTCTTCCGTGTAGCGCATACGCGCGATCTCGTCACGTATCGGGAGGTCGATGACGGAGCGCAGCGAACCGCCGCGCTTCAGCGCCTGCATTCCCAGCTGATGGAAGGTGAGGATGTTGCGCAGCATCTTGAACTGTTTGTCCATAGAGGCGTAGGTGTCTATCTCATGGAACGAGTTCTGGTGGAGGAAGTCCTCTCGAATCGACTTCGAGGTCTCAAGCACCATGCGTTCCTCTTTTGAAAGGGCGTCGACGCCGACGAGACGGACGATCTCCTTCAGTTTGTCTTCGTCTTCGAGCAGGGCCAT
CP171104.1_gap44	2047188	2050046	2858	GAGGTCTGCTTCTTTGATGTGAGACGCCACTTATTGATGAGTTCTTCACCTTTGTAGATACCCATAACTGTATTTGTGTTTCCAATGTCGAACACGAGGAGCATATCCTCATTCCTCCCAGCCTGTTATACGGTCAATTTTTATATTTTACAACATCGAAGGGCAATAGAATAGGAAAAGTACGAAAATAACCGATATGATCGAGGCCCTTTTCAGCCCCGCGCCGCAGCGAAGAGCGGCGCAGGCGGCAAAAAGCGCCACCGAAAGGGCAAACTGCGGAACGCCCCACCCCACGGCGCCCGGTAAGAGATCGGTTCCCCACTCAAGAGCTCTCTGAAAAAAGGAGAGTATCGCCTCGGATGATTCCGCGGCGACCCAGGAAAAGGGCAGCCCGAGGAGCGGCGGCAGCGAGAGCAGGAGCACCAACGGAAATATGACGCCGAAGGCCGGTACCGCTATAATATTCAGCGCGAGACCGGCAAGCGGCGCCTCGCCGAAGGCCCGCGTCACCAGCGGCGCCGTCACAAACCAGAGGAGGACCGGCAAAGACACCGCGCGGCCGGGGCCCATTTCCAGAGAAGAAACGGCGGAGATGAAGAGGGCGCAAACGACGGAGAGACGCCAGCCAAGGTCAAAAAAATACCAGGGATTAGCCAGCAGCAGAAGCACGGCCGCCACGCTGACATTATTAAAGGCGGCGGGCGGACGCCCGATCACCAGCGCCGCAAGCAGCAGTTCGATCATGACGGCCGCCCTCACGCCCCCGACCGGCAGGCCGGAGAGGAGCAGGTATCCCCATACGAAGAGCGATATAACGAAGAAGCGCGTCAGGTTTCCGCGCAGCAGCAGAATGAAGATCCCGGCGATCATCCATACGTGCAGGCCGGAGACGGCGAGAAGATGCGAAGTGCCGGCTCTTTTGTGCAGCGCCTCTATCGGAGAATCTCTCCTGCCTACGGTAAAGGCCGCCATGTACGAGGCCGAAAGCGGCCTGAGCCTTTCATATATCAGCGCTTCGAGCTTCGCGCGCCATTTTGCGAGGCCGGCGGGGGGACTCGTCTCCCCTATCTCAAAAAAGACGATCTTCTTCACCGCGCCGCGGGAGCGCCAATAGAGCGTCTCGTCGAAGCCTCCCCGCCTCTCCGCCCGCTTAAAGTCAAAAAGCGCCCCCCGCAGCGCCACGCCGCTTCCCTCCGCCGGCGCGTCTTTTTGCGGCACATATCCCGCAAGTTTTCCGTACGGCGTCGCGATAAGCAGCGCCTTGCCGTGTCCCCAGCGCCGGGAATACAAGACCCGCCCGCTCGTCTCGACCGTGTCGGGCAAAGCAGTTTTTCTATTTATGACATAAAGGGAATAGAGCGAAAAAAGGGCCGCGAGGATAAAAACGATGGCAAAGACTGCAAGCCAGCCCTCCGCCGGCCTCTTAGTGCAGGCAAAGACAAGCGCCGCCGCAAGCAGCAGGGATACCGCGAGCGCGACCGGCGGCGGAACAAAGGTACCAAGAAAAATCGAGGCGCAAACGGAAAAAAGGATTAAAAAGGCAGGGGCCTCAGAGAGCGGCCCCTCTATGGCGGCGGCGCGGTCAACGGCATTGGTTTCGACCTTCAACGGCTCTTCAGCCGCCAACCGTGATCCGTCCCTTCATCGACTCAAATTTTTTAGGGCCGATGCCCTTAACGTTCATGATATCCTCGACACGGGCAAAACTGCCATTCTGGCTGCGGTACTCGATTATCGCCTGCGCGGTTTTGGGGCCGACGCCGTTTATCGACTCAAGCTCCGCCTGCGAGGCGCTGTTGATGTTTATCTTTTCCGACTGCCGTGAGGAGGAAACGCCGCTCTGCGCGGAACCGGCGGGCGGCGGCGACGCGCTCCGTTCCGGGTCCGCCCGTTCGCCCTTACGCAGGAACTTTATCTGCGCGCCGTCCTCAAGCTTCGCCGCAAGATTGACAGCCTCCTGATCGGCATTCGCGGCAAAACCTCCGGCGGCGTTCAGCGCTTCGTAGACGCGCGCTCCCGGCGTCACCTCATATACGCCCGGCTTCTTCACCGCGCCCGTGACATAGACTATCCACTTGGCGGAGACCTCTTCCCCGCCGGAAACGCCCTTTACCTGCCGCGGCTCGCCGCGCTCCGCCGAAGGGGCCGGAGTCACGTCGATAGTATCCTCCATCACCGGCATCACCGAAGGTTTGCCGGCCGTATCCTTGCCGAACTCTCCCTTAAAAGTCCCCAGGAGGACGAACGCGAGGATGAAACAGAGGACCCCGGCTATCGCGAGAAGCTTTCCCGAACCGCGCGGGCCCATCGCCTTAGATCCTCTCTCCTTCAAGAGACCAGTGGCTGGCGCGGGTAATCCTGACGGGAATGATCTTGCCGAAGTCCTCTTCGCAGCCGGGGATGATCACTACCTTATCGGTCATCGTTCTTCCCTGGATCTTCCCCTCGCCGCGCGGCGCGAGGCCGTCTGCCAGGATCTCAAATTCCGCGCCGACATATTCCTCATTGGCGGTGCGGGCTATCTGCGACTGCAGCGCGTTTATCTCGTTGAGCCGCGCCGCCTTGACGCGGTTGTCTATCTGGCCGTCCATCATCGCCGCCCTCGTACCTTCGCGTGGCGAATAGGCCGCGGTGTGGACGATGTCAAATTTGACCTCCCTGAGCAGATCGTAGGAGGCGCGGAAATCCTCGTCCGTCTCTCCGGGAAAACCGACGATCAGATCCGTCGTCAGGCTTACGTCAGGCAGGGCCCCGCGGATCTTATCGACAAGCGCAAGGTACTGTCCGGAGGTATAGCCCCTGTTCATTTCACGCAGTATCCGGTCGCTGCCGGACTGTACGGGAAGGTTGATCGCGCG
CP171104.1_gap45	2087920	2088945	1025	TCTCCCACGCGCCGTCCGGCCTGCCCTGCAGCACGAGTTCGTAGCGGCTGCAGATCATCTTCGTAAATCCCAGTTCGTAAGAGACGCCTTTGATCGCCGCGACGTTGAAGAGGAAGTCGAGCTCGTTGGGGATCTTCCCGAAGCGGTCCTCCGTCTCCTCGCGCAGTTCGAGCACCTCCGCGAGAGAATCCGTCTTCAGCAGCCTCCTGTAAAGCGTTACGCGCAGGTTTTCCTGCGGCAGGTAATCGCCGGGGATAGAGACGGGGAAGCCGATCTCCAGCTCCATCTGCGGCCTGTACGTGCCCTTTATCTTGGATATCTCCTCCGCAAGCAGGTCACAGTATTTCTGATAGCCGATCCGGCTGGAGTTTCCGTGCTGCGAGACGCCGATGAGATCCCCGCCGCCCCGTATCTGAAGATCGCGCTGCGCGAGCTGATAGCCCGCCCCAAGCTCATCGAGTTCCGCGATCGCCTCAAGGCGCTCGCTGGACTCGACGGAGATATGGACGTCGTTAGGATAGAATAAAAAGGCGTAGGCCTGTTCCTCCCGCCGCCCGACGCGCCCGCGAAGCTGGTACATCTGCGCCAGTCCGAGCTCATGCGCGTCGTCGACGATCAGCGTATTGGCCGCGGGGATGTCCAGTCCGCTCTCAACGATCGTCGTACAGACGAGAATGTCTATCCTTCCCGCGGAAAACTCGGACATCGTCTTTTCAAGCGCCGACTCCGTCGTCCGGCTGTGCGCCATCGCGATGTTGAGTTTCGGAAAGAGACGTTTGAGCATGACGGCGCGCTCCTGCAGGTCGTTTATCCTGTTATGGACAAAAAATATCTGGCCGCCCCTGTTCTTTTCCCGCAGCACCGCGTTCTTCAGAAGCTCTTCCGAAAAGGGGCGCACCACGGTGATGACGGGCAGCCTCCGCTGCGGCGGCGTCTGCAGTATCGACATGTCCCGCAGTCCGCTGACAGAGAGCGAAAGCGAGCGCGGGATCGGCGTCGCGGAAAGCATCAGCACGTCGACGCCC
CP171104.1_gap46	2268674	2273668	4994	ATTTTCATTAGAACCGAGTTGCCTCCCTTAATCTGTTTGCACCGCCCTTTGTGGTATCCTAATGAATATGAAAGGACGGTGGACCTCTATGCTTTACCCCGTCGCCGGGATTGTTGCCGAATATAATCCGCTCCATAAGGGGCATCTTTACCACGCCGAAAGAGCCCGTGAAACGTGCGGCGCGGAGGCCGCCGTCGCCGTGCTCTCTTCAAACTTCGTCCAGCGCGGGGAACCGGCTCTGCTCGATAAATGGACAAGGGCAAAAACGGCTCTCTCGTGCGGGATAGATCTGGTCCTCGAGCTGCCCGTAATATTCTCCTCGCACAACGCCGGCGTCTTCGCGAACGCGGCCGTAGACATACTTGCCGCGACCGGCGCCGTGACGCATCTTTCCTTTGGCGCGGAAAACCCAGACTGCCTTGTGGACAGTATTATTGATATCTTACTAGAAGAACCCGAACCTTTCAAGTTATCTTTGAAAAAATATTTGACGGCGGGGTTTTCATACGTCGAGGCGCGCGCGCGCGCGGCGGAGGAGCTGCTTCCCGGGAGCGCCGCGCTGCTTGCCGGCAGCAACAACACGCTCGCGCTCTCCTACATGATGAGGATAAAAAAGAAAAACTACCCTATGCGCCCGGTGCCGGTCAAACGCCTCGGCTCCGCTTACAACTGCGCGGAACTCGAAGAAATCCCCAGCGCCACGGCGATACGCGCGGCGCTGCGAGAGGAAAGAAGGAGCGAGGCGCTCCTTTACATGCCCGCGGCGGCGGCGGGAATCTTAGAGGACGCGCTCAACACGGGGCGCGCCTGCGTCAGCCACGATACATTCTGGAAGTTGCTGCGGGCCGTGATCCTGCGTACAAAAACGGAAGAGCTGGCAAACTGCGCGGAAATCGGCGAGGGCGTCGAATATAAAATGCGCGCGGCGGCGCGCGAAGCGAAAAGCTTCAAAGAATGGACCGACGCCTGCACCTCGAAACGCTACCCCGCCGGACGCATCCGCCGCTCGGCGGTCCACGCCGCGCTGGGGCTGGACCATTGGACGAACCGCGCCGCCCAGCGCCTTGGGCCGCCGTACATCCGCGTGCTCGGCATGAACGAAAAAGGGCGCGCGCTGCTCCGCGAGATGAGGGAAAGATCCGCGCTGCCCGTAGTCACGACATACGGCAAGGCGGCGCGGGTATCGCCGTACGCCGCAAAGGCCGCGCGCTATGAGGCGCTGGCCTGCGAATTATGGGAGGAGCTGATCCCCAACGGCAGCTACGGCGAAGAACATAAAAGGAAGGTAATTATGGTATGAAAAAGGGCGGTATGAACGTCACATACAAAACAGGCCTGAAGAATATGGATATGGCAAGGGTGACGGATATGCTTTCAAAAACCTACTGGTCGCCCGGCATCGGGCTCGCCGAGGTGACAAAAGCCGCGCAAAACTCAGCGCTTGTGATCGGAGCCTTCGGCGAAGAGGGGCGGCAGATAGGATATGGGCGCGTGATATCGGACAGGACCCACTTCGCTTACCTGACCGATTTCTACGTCGAGGAAGAGTATCGCGGCGCTGGCATCGCACAGGAAATGATAGACCGGGTCCTCGGCGCGCCTGAACTTTCCGACGTCTATCAGTGGTTGCTGATCACCAAAGACACCCACGGCCTCTACCGCAAAAAGGGCTTCGTCCCCACCAAACGGCCGCAGGACCTGATGGAGATAAGACGGCCGCGGCCGGAACGCTGATATTTGGACCACCGCGATCCCGGCGAAGAGAAGGTAACCGGCGGATATGGGTATGCGGCGCCTACAGATTTCGCGGCGGTATCCTTTCGCGCAGCCTTCTGTAGACCCCGGGGGGGACCATGTCTCTTACCGCGCCGCCGAACTGGAAGGCGTCTTTGATCGCGCGGCTGGAGAGGTAGGAGTATTTGGCGTCGGTGACGATGAAGAAGGTCTCTATCTCCGGCGCGAGCTGGCGGTTCATCTGCGCGAGCTGGAATTCGTACTCGAAGTCGGAAAGGGCGCGCAGGCCGCGGATGATGATGCGGCTCTGCTGCTGGCGCATAAAGTCCGCGAGCAGGCCGTTGAAGTATTTTACCTTGACGTTCGGCAGGTGGACGAGCGCCTCGCGCGCCATGATCTGGCGTTCTTCCTCGCTGAAGGTGGAGCGTTTTTCCGGGTTGACCAGCACGGCGACGATCAGTTCGTCGAAGAGCGCCGCCGCCCGTTCCGATATATATAGATGTCCGTTGGTTATCGGGTCGAAAGACCCCGGGTATACTGCCCTAATCATCGTTATTCCTCCTGCTGTAGAAACTCAGTACCGTGCCGCCGTATCTTCTGTCTTCGCGTTCCCACTCCGCCTCGTCCATCGCGGCCGGCTCTTCCTCTTCGGAATGTTCAAAGATTATAACGCCGTTCGGCGCTAAAATCTCCCCGTTCGCCGCCATCAGTTTGGGAAATTCTTCGCCCCAGCCTAAATTATAGGGTGGGTCGGCAAATATTATATCGAATCGTTCGCCGTTTTTCGCGAATCTGGCGACGGCGCGGCGCACGTCGAAGCAGAGGCATTTCACCCCCGCGGGCGCTTTTTTGACGATCTCGGCGTGGCGCTTCCGCTCCGATTCGACGGATACGACCGGCGCGGCCCCTTTCCTCGCCGCCGTTAAAGCGATCTGGCCGCTGCCGGAAAAAAGGTCGAGAAAGCTTCTGCCGTGGATGTTGCCCAATATATTGAAGAGCGCCAGCGTCACTTTGCCGGTCGTCGGTCTCATTTCTTTCATAAACTTATTCCTCCCACTGTTTCACACAAAGAGTATAATATCGGATAGTTTTGATGTATATATGGATATTGGAGGATTTTTTATGGATTCGACCGCCGCCTGTAATGATTGCCGCGCCATTTCTAAGAGAAACAAACGCACGCTGTTCGGAGTGATCTTTCTCCACGGCCTCAACGATATGCATTCGACGGCGCTGCCGACGATCATCCCGATGCTGGCACAGTCTATTTCGCTGACGATGAGCCAGGCGGGGCTTTTGAACGCGCTTTTCGGCATTACGAATATTTTCGGACAGCCGGTCTTCGGTTTCTTTGCCGACAGGCTCAGACGTCCGTGGTTCGCCGTCTGGGGGCCGCTGCTCTCCGTCACGGGCGCGGCGCTGCTCCCCCTTTCGCCGAGTTACGGCACGGCTTTCATCTTCGTCGGGATGATGAGCGTGGGGACGGCGCTTTTTCATCCGCAGGGCACGGGCAGATGCGGCGCGACGGCGGGTGAGAACGCCCTCGCCTTTTATCTTTCGCTCTTTCAGGCCAGCGGCAGTTTTGGCAGCGCCATCGGACCGATATATGTCGTCTTTATGATCTCGATGCTGGGCAAGCCGGGCTTTCCCCTCGTCATCATTCCCGTCGCGGCGTGCGTCTGCCTGTCACTCTGGCGCCGCATGGGACGGCGGGCGGATGAAGCCGCCCGCGAGGCCGGCGAGCGCCCGCAGTTCCTGCGCAACCTGCGTTATCTTATTTCCAGGGTAGGCTGGATCGTCTCGATAACGAGCATCCGCGACGCCGTTTTCCAGTCGATCAAGATATTCCTGCCGATGCTGCTCATCACACGCGGCAGTACCATCGCGATGGGCGGCATGGTCCTATTTGCCGCCACGCTTTCAGCGACGTTCGCCGGTATCGTGGGAGGAAAGCTGGCAGATATGATCGGCGACGAGAAGGTGCTTTTCGGGGCGCTTGCCGCTTCCCCGCTCTTTCTCATCATCGGCCTCCATGCCTCGAATCTCTTTTGCCTGCTCTCGCTGATGGTTGGATTTGCTTTTTTACAGGCCAGCACCCCGGTTACCACGGCTATGGCGCAAAGACGCTGCCCCGATTCCCGCAGTATGGTAAGCTCGTTGTCCAACGGGGTGTCATGGGGCATCGCCAATCTCTTCGTCACGCCAGTCGGCATCATCGCCGACATCGCGGGGCTGCAGGCGACGCTCAATGCCGTCGCTTTCCTGCCGTGGCTCGTTACTTTATTGTATATAGGCAAAAAATTGCTCAAAAAATAGGCTTGAATTTTCGCAAGGGCGGAACAACCGCGCTCCGCCCTTTTTCCCATCGTATGAAAACAAATATTATCAAAGATAACGAGGTCGTTAATTTTCAGCCGCGGCCAGCGCCTTCAGCAGCGCCGCCCTCATCGCCGGAGTCCTGTAGGGGTGTCCCACGGAGTCGACTTTGATGGTGACGCCTCGCGGGTTGGGGATCACCTTGAGGTAGAAATGCTGTTCAAATTCTTCGTCGGCGGTGATGACGAGCATCAGCCCCACTCCGCCGTCGGAGAGAAAGGCGTCGCGGAACACCCAGTGTCCTTTGCCGCCGACTCCCTCTCCCTCGCAGTCTTTCAGCGAATCTATGACCTCTTTGACGCTCTTTTTCGTCGACGCTTCACATTCCATTGGCCAGTCGTCCTCCCCCGCCGGTTTTTCCGTAAGTTTTACATCCTTGTGTATCGTCAAATGCCAGGTATCCTTTCCCATCGCCTTCCATTTGCGTTCGTATTTCGTCACGTACGGGCGCGCCGGGTTTACCGCCACGGGATCGGCGCGGAAGGCGGGATCTCCGGAAAAGACTTCCGCCGTCTCCAACGCGTACCAATCGACGTCGGTCGCGAGCTCGAAGGCGCCGCCGGGGCTGATGAGGTATTTCATCAGATCGGCGAATGACGGCACCGTGACGCGGCGCGAGGCGTGCCTCGTCTTCGGCCACGGGCAGGGAAAGTTCATGTATACGCGCTCCACGCTCTCCGGCGCAAAGCAATGGCGCAGCAGAAAGCGGGCGTCCCCGTGCATCACGCGCGCGTTTTCATAGCCGGCGGCGAGTATCCGGCGCGCGCCCTTCGCGGCGCACCACTGGGAGACCTCGACGCCCACGATGAGCGCGTCGGGGTTGCTGCCGGCGAGGAATTCGAGGAATTCCCCGTTGCCGAATCCGATCTCGACAAGGACGCGCC
CP171104.1_gap47	2289246	2291297	2051	GCGGAGGTTGTCCTGGTCGTCCATGAAGGAGGCGATCTTCGCGAGGCTCATGTCAAGCGTGCCGGACTCCTCGCCGGAGCGCACGAGCGGTATCGTGATCGCGTCGAAGCATTTGGGGTTCTCGGCGAGGGCGCTGCCGAGCGTCGTGCCGGCGCTGACGCGTTTGTAGACGCGCGTGAGCACGCGGCGGAAGCGCCGGTTCTGCGTCTGGTCGACGAGGATAGCGAGCGAGGAGGTGACTGGGATGCCGGCGGCGATCATCGTCGAGAGCTGGCGGAAGAAGATGAGCTTGTCGCGCAGCTTGATGCGCGGGGAAAGGTCCCAGAATTCGCTTTTGCCCTTCGGATCGGCGGCAAGCTTGTCGCCCGGGGCGGAGAGCGATATTTCCAGCTGCTGCGAGACATTGAGCGGGACCCAGCCGTTGCCGCGTATCCACGAGAGGACCTCCGGCTCGCCCGGCTCGTTGCGTGTGCCGCTGACCGTCTTCCCGCTCTTGTCCTTAGCCTCATAGTAAAATTCCATCAAAACCAACTCCCGCTTAAACGCTTACGTCTGAGAGAATATAGTTATTAGCGAAAAAAGTCAACGCAAAGCGGTAAACGGCGGGTTACCAAAGACCTTTGGCTCCCTCTTTGAGGGGGCTCCGGCGAAGCCGGTGGAGGAGGGTTGACCTTGGTTCTGACCTTATCCTCTTCCGCGGCTTCTGCCGCGGGCACTGTTTAGCGCGAAAAACCGCGCCAAACAGTACAACACTCCTTCCGACCCGGCGCAAAAATCGCGCGCCGGCCCACCTCCCTCGGCGAGGGAGGCTTAAAAGGCATAAATCGCAGTTTATCTTTTCCTTGTAATTGAGTAAACCGCGATTTGTCCGGCCTTTCTTGACGCGTTTGCCGCGGGATTTTATCCGTTTCGCAAACGAGTGATGATGTCAGAAGAGCTATACAATACGCGCAGTACCGTGACACAATCTCCCTCCACCACATAGATTGCGGAGTAATTCCCGACAGGCAGTTGTCTCAAACATAAGTCGCACTCCGGCTGGAACGCAAATAATTTATACCGCTCAGGGAATTCATTTAGTGATTCAATCCCATCCGCAATGCGGTCGTATTGTTTCATCGCCGTATCCGAAACTTTGAGATTGTCCGCGATATACTCGTAAATCTCAGCCATGTCCTCCAACGCTTTGTTGGTGATTTTTATTTGATATTGTTTCATCTGTGCGATTCACGAAATCTGGCAAAGGCGGTGGAAGCATCCTGTGTGCTGCCTTGTCTCATCTCCTCATAGCCGGCCATTAGCTCCGCGCGAAGCCGCTCCGCCGACATGGCGTCGGCATTGACGGCGGCCGGCACTTTGGGCAGAGATACTTCAAAGGGAATGCCTCCGGTCAAAGTGATCTGGCGCAGAAACATATCCACAGCGGTCGCCATCGGAACGCCCAACTGCTTCAAAACATCCTCTGCCTGCATCTTTACTGTGGGATTTACCCGCAGGTTTAGCGTCGTAGACTTTTCCATAAGATCAACTCCTTCCATAGACATTGTAACGTAAATTACGTTACCGATCAAGGTTGTTTTTACAAGGCCAATTAGTGAGCGCATCCCCCCAGAGCTGCCTCCGCCAATCTCCGCGCAGCGGCCGCCGTTATGCCCGCCGTTATCCCACGAAAGAGGCCGGAGACTGACGTCCCCGGCCTCTTTATTGTTCTGTTTTTTTGCGGTCTGTGGATTATGCGCCCGGACTTAGTAGTCCATGCCGCCCATTCCACCCATGCCGCCCATTCCTCCGGCCATGTCGCCGAGGGACTCTTTCTTCTCGGGCTTGTCGGCGACGACGGCGTCCGTGGTGAGGATCATCGCCGCGATCGAGGAGGCGTTCTGGAGCGCCGAGCGCGTTACCTTCACCGGGTCGATGATGCCGGCTTCGATCATGTCGACATATTCGCCGGTGGTCGCGTCGAGGCCCTGTCCCTCTTTGAGGGTCTTGACCTTTTCGATGATGACGTCGCCCTGCATGCCGCTGTTGTGGGCGATGAGGTAGAGGGGTTC
CP171104.1_gap48	2292377	2296623	4246	CCCGTCGCCGGCGACGTCGTTGGTCTTGGAGGCTACTTCTTTGATGAGCTGCGCGCCCATATTCTCGAACGGATCTTCGAGTTCGATCTCTTTAGCGATGGTCACGCCGTCGTTGGTGATGGTCGGCGAGCCGAATTTCTTCTCAAGGACTACGTTGCGTCCCTTGGGGCCGAGTGTGATGCCTACCGTATCCGCGACTTTATTGATCCCGCGCTCCATCGAGCGGCGCGCGTCTTCTCTGAAAAGCAGTGTCTTTGCCATGATATTATTCCTCCCGTTTATCTATCTAAATAATTACTTCTCGATTATCGCGAGAACGTCTCTTTCACCGATGATGAGGTAGTTTTCGTCGTCGACTTTGACTTCGGTCCCTGAATATTTGCTGTAGATGACTTTGTCGTCAACTTTGACTTCCATCGGCTGGCGCTGTCCGTTGTCCAGGACTTTGCCGGCTCCGACCGCTACGACGATGCCCTCGACGGGCTTTTCTTTCACTGTGTCCGGAAGAACGAGGCCGCCCTTAGTCTTCTCTTCGTTCGGCGCTGCCTTTACTACGATCCTGTCTCCAAGTGGCTTAAGTTTCATTAAGAGATCCCTCCTGTTATTTTTAAAGCAATTTGTTTTTTGTGTTAGCACTCACATTCATTGAGTGCTAATTTTCTTTACGCCTGAAATTTTACTGACTGACGGCGCTTTTCTCAAATATGATTATAGGCAAATATTTTTTGTTTTACTCTGTAATATTGCTTTATCTTCGATTTGCTTTATTATCCATAAAAATTTTTGACTTTATTAAATCTTACGGGTAAATACTTATTTTGTTGATGAATCATCGATACTTATCGGAGAGCCCGCCGCAGGGCGGGCAGGACTTTATGTTCCCATTGTATTTACTCTGCGGCCTGTCTAACGTTTTTTATTATAATAGTTAAAAAGTGTTATAATAAACATGAAGAGATAAAGGGGGCGGCAGAGATGATCTGGGATTATATCGCGGCAAATTATGAAGAAAACCAGCCTATACTGGCGGCGCAGCTTAGAAAGGCCTCCGGCGTGCCGTCCAATAATTTACGCCAGAACTTAAAGTTCCTTACAGACAAAGGCAAATTGAAACGGTTTGACAACGGCGTCTATTATATTCCCGGGAGGTCAAGGCTGAAGTCAGGAGCGGCGCTTTCGCCATCGAGGGTGGCGGAGGCCAAATATATAATGCAGGATGGCTGTGTATGCGGCTATTACGCGGGGCTAAAGTTTGCAAACATGTTGGGTATCACGACACAGGTGCCAAATGTCGTGGAAATAGTTTCCAACAACGCTTCCGCAAAGCTGCGTACCGTTGAGATGCGCGGCATCAGGATCTTGCTGAGAAAAACGCGCGCCGTGATAACATCTGAAAACTACTTGGCATTACAGTTCCTCGACATGCTCAATACGGCGGAGGCTTACTCCGAGTTATCCGAGGACAGATTGTACTCTCTGCTGAAAGGATATATCAAAAAAACCGGTATAACCAGCGGTATGATCTCTAACTATATCGGAGCGTTTCCTGACAGAGTGGCGAGGATATTGATCGAGAAGAGGCTTTTCAATGTTTTTGCATAGCGACGCGAAGCTGTTCGGTGAAGTTTTAGCGGGAGCGGCCGGCTTTCTGGGTATCCATGATGCCATCATAGAGAAGGATTATTATGTCACTCTGATCCTGCGAATCCTGGCGAAAAATGTGGAAGAGGCGGTCTTCAAGGGAGGAACGTCTCTGTCAAAATGCCATCATGTGATCAGCCGTTTCTCGGAAGATATCGATATCGGATTTGTTTCCAAACTGTCGGAGGGCCGCCGCAGAAAACTCAAAGACATTATCGTAACAAATTGCGGCGATATCGGCTTTTCTCTTGCAAATCCCGGCGAGATCAGGAGCCGGAGGGATTTTAACAGGTATGTTTTCCTGTATCCGGCCGTCTGCGCCGCCGCGGTGAATCAGACGCTCGCGCCGCACGTCATACTCGAGACCTTCAACGGGGCCTCCGCCGCCCCGACCGTAAGGTTGAATGTGGACAGCTACGTTCTGCAATATCTGACAAGCGCCGAAGAATTTGAAATCATCAAAGGATATGAACTCTCAGCCTTTGAGATGCAGCTTCAGGATCTGAAAAGAACCTTCGCCGACAAGGTTTTTGCGATATGCGATTATTATAAGGAGTCAAAACCCGACAGAAATTCAAGGCATGTCTATGATCTCTGTAAGCTGACAAAAGAGATCCGTTTCGACGACGAACTTAGAGAGGTAATAGAGGCTGTACGGACGGAACGCAGGGCTATGCACAAATGCCCGTCTTCAGCGGAGGACACGGATGTCAGCAGGCTGCTTACGGAAATAGTCGATTCAAATTTTTATCGGGCCGATTATGAGGGGATAACGAAACAGCTGCTGCATGAAGAACTGAGTTACGAAACATCCGCGGCCGCGCTGACTGAGATAGCAGGATCGGGCATTTTCAGCCAGCGCGGGTAAACTGTGCGGATCAGACAAAAAACCGTTTGTCCCTAGACCGCGGCCATTATCGTCTCTTCAAAGAATTCGTGGGCCGTTTCCGGCGACACGCTGTATATTTTCCCGTCCACGTCGACCGATACGTCGTTCTGGCACTGCCCCATGCAGAAGGAGCCGCTTATCTCTATTTTGTCGTGGAGCTTTCTCTTCTCTATTTCGTGCTGGAATAGCTGCAGCACGTTGTAGGCCCCTTTGAGGTAGCATGATGTGCCGATGCATATTCTTACGACGGCCATGACTTACGCCTCCCCGTTCGCGCGGTAGTGTACGTGGAGCAGGTCGTGGACGCGACCCTTGAGTAGCCCGCTGTAGAGCGCCATCATCAGCGGGTTCTCTTCGGAGCGTTTTATGCTCGACATTTTGTCCGCCGAGTAGAGCCCTTTGCCGCGGCTCTCTTTGCTCTCGTGGAGGACGAAGGGCTGTCCCGCGCCGCAGACGCAGCCGCCCGGGCAGGCCATGACTTCCACGAAGTCGTAGCGTTCGCCGTTTTTGATGCGGCCTATCAGTTCATGGGCGTTGCCGAGGCCGCTCACCACCGCGATCTTAAGTTCGCGGCCGCCGTATTTCACGGTAGCCTCTTTGAGGCCCTCATTGCCGCGCACGCCCTTGAAGGCGATCGCCTGCAACGCCGCCGCCGATTTGTCGGAGACGATCCGGCGCAGCACCGCCTCGGTGACGCCGCCGGTAACGCCGAAGATGACGCCGGCGCCGCTCATGGTGCCAAAGGGCATGTCTACCGCCTCCGGCTCCAGTTCGGAGAATACCAGCCCGGATTCTTTGATCATCTGGATGAGCTCCTGCGTCGTGATCACGCAGTCCACATCAGGCCCCAGTTCGCCGCGGAATTCTTCGCGCGCCGCCTCGGCCTTTTTCGCCGTGCAGGGCATGACCGCCACGTGCACGTGTTTTCTCGGCGAGTGTTTGTGGTGTTCTTTGATCACCGCCGCGAACATCTGCATCGGCGAACGGCAGGTGGAGAGGTTTTCCGCCACCTCGGGCTCGTTCTTCTCCGCGTAGTTCACCCAGGCGGGACAGCAGGAGGTGAAGAGCGGCATCTCATGTTCGCCTTCGCCGAGCCGCGCGAGAAATTCCGCGGACTCTTCGAGTACCGTGAGGTCCGCTCCCGTCGAGGTGTCGAATACCTCGTTGAAGCCTATACGGCGCAGGGCGGCGACGATTTTGCCCATCGCGTTTTCGCCGTCGCCGATGCCGAGCTCTTTTCCGAGCGCGACGCGCACGGCGGGCGCTATCTGGACGGAGACGCGCGTCTCTTTTTCGTCGAGCGCCTTCCAGACTTTCGCGCTGTCGTTCCTGATAACGATCGCGCCGGTCGGGCAGACGGCGGCGCACTGGCCGCAGCCGACGCAGACGCTTTCGCTGATGGGGATGTCGAATACGGTGCTGATGGTCATTTTTGAGCCGCGCCCCGCGAAGTCGATCGCGCCGACCCGCTGTATCTCGTTGCACATCCTCACGCAGTCGCCGCAGAGGATGCATTTGTTTTGGTCGCGCGTGATGCAGAGAGAGGATTCGTCGCGGCGCGGGGTCTCGGCCCCGTTCGGGAAGCGCACGCCGTCGATGTTGAAGCGCATCGCGAGCTCCTGCAGCTTGCATTTGCCGTTGTTGCCGCAGGTGGTGCAGTCGCGGCAGTGGTCGGCGAGCAGCAGTTCGAGGATCATTTTGCGGTATTTGCGCAGG
CP171104.1_gap49	2377152	2380669	3517	CGTATAGATGTCCGAGTTGGCAACCTTGTTGATGGCTGCGCGGAATATCTTCTCTTTGAATTCGGGATTGTCGAGTTTCGGGTGATTCATCCCGAAGGGGGACGACGCGAAGAATGTGTAGAAGTCCAGCCACTTGGCCCCTGACGCGGAGTCTACGATATGGCTTCCCTTTGACTGTTCCATATCGATGACGATATCGAACCCGTCACGAAGAAGGAGCTTTTCAATCGTTGAGAATACATCTTTCGGCGCTACTGAGCAATTTGACGGCATGTGAACAACCTCCTCGGTTTTTGTACTTCTTAGGAATATGAGTTCATTTTACATATTACCAACTTATATAAGTTTACAATCGCGGGGGAATAAAATCAAGTTTGAATTTCCAGAATACAAGGGACAATTAAGGTCTTTTTTCTCGCGCCTTAAAATATAATATCCAAAATTATCTAACAACGAGCCTTTATTTTTTGTATTAATATCTACAATATTTCCGCAGATGGCAAATTTAAGAATTTTTTGATTATTCCCGGAGAATAATATTTTCCGTTGTTCATGCCTGGACATCTATTAGCGTAAAAATTCCAAACTTTTTTGTCTTTTAATATTGAGGGCCAGAAGGGGAATAAGCGGCATTGGAGCGGGCGTACTTTGTAAATCTTACAGCGCCGCGAGTTTCGTTCAAGAAAAATGCAGTCATAATTTTCCATCTCTTTTATACTGCATCTTCCCTCGCGGCGCGTCAGATATTCTTTTCGCAGGGCGATCTCGTCTATCCCAAGCTCGCCGGCGATCCGCGCGCGCTCGGCGGGCGTCACCCAAATGGAGCCGGGCTCTCCGCCGCAGCAGCGGCCGCAGGCGGTACACTCAAAGCGGACGCCGTCGCGCTCCCACCAGTAATGCATGGGGTTATCTGCCTTTGAAACCTTTCTTCGTCGCGAGGTAGACCGCGCCGGTCTCCTTGAGTTTGTCGAGCGACTCCAGGGCGATGCCGGTGCCCAGCGCGACACATTCGCCGGCCGATTCGGCGACCACGGCGTTTATCTCCGTCTCTTCCATGATCAACTCGGCGAGGCCGCGCAGGTAAGCGCCTCCGCCCGTAAGGATGATCCCGCGGTCCATTACGTCCGCGGAGAGCTCGGGAGGCGTCTTTTCAAGGACGCGCTTTATCCCGGCGATGATGCTGCTCACCGGCTCGTCGATCGCCTTGGCGACGTCGACGCTGTTGACCGTGACCTGGCGCGGCAGTCCCTGGACAAGGTCGCGTCCGCGAATGTCCATTATCTTGTCGGGAGACGCCTTCGTCGGATCGCAGGCGCCGATCTGTTTTTTCACGTCTTCCGCCGTCTGTTCGCCGATAGCCAGATTATACTGCTTGCGCATGTAGCGGACGATCGCCTCGTCAAACTTGTCGCCTCCGACCCGCAGCGATTCAAATACGACCAGACCGCCGAGGGAGACGATGGCGATATCCGTCGTGCCGCCGCCGATGTCGACGACCATGTTCCCGACCGCCTCGCCGACAGGCATATTGGCTCCGATCGCGGCGGCCATCGGCTCTTCTATCAGGTAAGCCTCTTTAGCACCCACCTCAAGCGCGGCCTCAAGCACGGCGCGGCGCTCCACGTCGGTGGCTCCCGCCGGCACGCCGATCATCAGGCGGTGGCGCACGATGCGCTCCATGCCGGAGGTGGTCTTTTTCAGGAATTCGCGGAGCATGACCTCCGTCATGGTGTAGTCCGCGATGACTCCGTCGCGCAGCGGGCGTATCGCCACCACGTTGCCCGGGGTCTTCCCGATCATTATTTTGGCGTCCTCGCCGACGGAAAGTATCTTTCCCGTGCTCTGGTCCATCGCTACGACCGACGGCTCGCGGAGGACGACCCCCTTGCCTTTAACGAATACCAGCACCGTGGCGGTGCCTAGATCTATACCTATATCTCTGTTCCACAAACCTGCCAGCCTCCCTATCTCTCTATACAGAGGTCTTCTTTTGCAACGTTCCTATATAACTCAAATAGTTATTTTACCATATAAGCGGCCATACAAAGAGGCTTTTATCACAGAGCGCGGAGCAAACGCATGAAAGCCGGGCGGCGTCCGGCGTGGCAAAAGAATGAAAGCCATCCTGCCTGTCACCATAGTTTTTCGTCATACGATATCTGCCACAGGTAGAGGCCGCAGGCGGGAAAGGTGCGGCCGCCGTCGGATCTGGTGCTCCCGCGCGTATCGAGCAGCTCTTTTATCTGCCGTGGAGTTATCTGCCCGAGAGCCGCCATTTCCAGGTTTCCCAGTATTATCCGCACCATGTTGTGCAGGAAGCCGTTCCCTTTTATCCGCAGGATGATAAGCGGTCGTCTGTCGATCAGGCGTATTTGGGTGATCTCTCTGACGGTGCTGTGTTCGCCGCCCTCAAGGCGGCAAAAGTTTTTGAAATCGTGGCGGCCGAGCAGTTCCTTCGCCGCCTCGGCGGCGCGCGCCCAATCGTAGCGCTGCGGCTTGATCCAGCAGGCCTTTCCCTTTATATGGGGATATATTGCGCTCGCGTTCCAGATAAAGTAGCGGTATTCACGCTCTCTGGCGCTGAAACGGGCATGGAAATCACCGGGGACGGCGGCGGCCCGCATGAGGCTGACGCCCTCCGGCAGATGCGCGTTGACCGCAAGCAGCAGGCGGCGTGGCTCCCAGGGCCTTTCCATATCGAACGAACAGACCTGCGCCCTCGCGTGCACGCCGGCGTCAGTTCGTCCCGCGCCGGCGACGGGGGTGTGGCGGCCGTTGATTTTGGAGACCGCCTCTTCCAGCGACCGCTGTACCGTGGACAGCCCCGGCTGTATCTGCCAGCCAAAGAACTTTCCTCCGTCATAGCTGACTTCCGCCGCGTAGCGGTTCATAGCGGGAAGACCTTTTCTCCGCAGACGATAACGGCGGAGAGGAGGATAAACGCCGCCAGCGCGGCGCTGTCCGAGGGTCGCCAGCGCAGGGGCTTCATACGCGTGCGCCCGGCGCCGCCGCAGTAGCCGCGCGCTTCCATCGCCACGGCAAGGCTCTCGGCGCGTTTAAAGATTATCACAAATAGCGGTATGAGTACCGGGATGTAGGCCTTCGCGCGTTTCATCAGGCTGCCTTCGTCAAACTCCGCGCCGCGTGACTTTTGCGCCTTGATTATGCGTCCGGTCTCCTCGAAGAGCGTCGGTATGAAACGCAGCGCGATCGTTATCATCATCGCGATCTCGTGGGCCGGCACGCCGACGCGTTTCAGCGGCGACAACAGCCCCTCCAGCCCGTCAGAGATCTGCGACGGCGAAGTCGTGAAGGTGAGCAGCGAAGCGTACATGACAAGGCAGGCGAGGCGCATCGACATCGTCAGCGCGAGGAAGGCGCCCTCTTTCGTGACGGTCAGCCTGCCGAACCGGGCGATCTCGTCGCCGGGAGTGAGGAAAAGGTGCAGCAGCGAGGTAAATATTATCAGTATAAGGACGGGTCTGGCCGACGCCGCCACTACGCGCGGCGGTATCCG
CP171104.1_gap50	2385673	2390613	4940	GTCGTAGGGCGAGAGCTGCAAAAGCACCCGGTCGCCCGGCAGTATCCTGATAAAATGCATGCGCATTTTGCCCGAGACATGAGCCAGTATCTTGTGGCCATTTTCCAGCTCAACGCGGAACATGGCGTTTGGCAGCGGCTCCACTACCTTGCCCTTTACCTCAATTACCTCTTCTTTGGCCATTCGGCAGCTTCATCCTCCTGTTTGCAAGATGTGCCGCTGTTTTCCAAAACCTTGGAAATTTTCTGCATCAACCAGCCGTTGTCCAGAGGTTTCCCGCCAGCGACACGCCCAGCCACATCTTCGAGATTATAGTGCGTTTGTTGCAGGTGAATAACATTTTTCTTCTTGGGCCTCGCCGCTGTGTATTCAGCCCCGTTCGCTATCAGTATCCTGTCGTCACTGGCCCCCATCACGGCAAAGGGCTTTCCCGCGTACTTACCGCGGCGCACAATGACGATGTCCCCGGTACGGAACCCCTCTTTATATGCGGAGGAGTTTATTCCCATGGCGTAAGTATCTCCACGCCGTCATCTGTTACGAGGAGGCTGTACTCAAAATGAGCAGCGTCGCTTCCATCGTTCGTGACGACGGTCCACCCGTCAGAGAGGGTCTTCACCTCTTCAGCTCCGGTCATCACCATCGGCTCTACGCAGAAGGTCATCCGCGGTTTGACGGTTATGCCGCTTCCAGGCTTTCCAAAATTGGGAACCTGTGGCGCCTCATGCAGCCGGTGTCCGATGCCGTGTCCGGCATAATCTCTCACGAGACCGCAGCCGGCGGGGATCACAACGTTTTCTACCGCAAAACCGATGTCTCCGAGGGTCGCTCCCGGTTTCACCGCGGCGGCGCCTTTATGGAGGGATTCAAGCGTAAGATCGAGCAGCCGCTGTCGCTCTTCGCCTATTTTCCCCACCGCAAAGGTGCATGCCGCGTCACCGAAAAAACCCTCGATCGAGGCGCCGGTGTCGATACTGATAATATCTCCCTCTTCAAGAACCCTGTCCGAGGAAGGAATTCCGTGCACGACTTCATTGTTTATCGACGCGCAGATCGTGCCTGGAAAGGGAACCGATACCCACGGTACTTTATATCCCTTGAAGGCCGGCTTCGCACCTGCTTTTTTTACCAGATCCTCCGCCGCCTCGTCAAGTGTCAGGGTGTCGATCCCCGGTTTGACCATTTCTCTCATTAATTTGAGAATGTCCGCAACGATCTGACCCGCCCTGCGCATCTTGGCTATGTCGCGATCGCTCTTAAAGGTGATCATTAAATACAGCCTCAGCCTTTCCGCTGCTCAAGGATCTTAAGGACCGCGTCTTTGCCGCCGGTGGCGTCAACTGTGACGAGAAGGCCCTTATCACCATAATAATCGATGAGCGGGGAGGTCTGCTCATGGAAGACGGAGAGACGATTGCGTATGACGCTTTCCTTGTCGTCATCGCGCTGGATGACTTCTCCGCCGCATTTGTCGCAGACGCCCTCTTTTGCCGCCGGCTTCAGCACGGTGTTGTATATCTCACCGCACTGCCGGCAGACTCTTCTTGCCGTAAGCCTGCCGACGACGGTGTCGTCGTCTATCGCAAGGCTGACCACCGCGTCAAGTTTGATGCCGAGCTTGGCGAGCATCACGTCAAGGGCCTCGGCCTGACCTATCGTACGCGGGAAACCGTCAAGCAGGAAGCCATCTTTGCAGTCGGCCTCCTGAAGGCGTTTTTCCATCATGCCGATGATCACTTCGTCGGGAACAAGTTTGCCTGCGTCCATATACTCCTTCGCGCTCTTGCCAAGCTCGGTTCCGGCTTTGACATTGGCGCGCAGGATATCGCCTGTCGATATATGCGCTACGGGATACTTGCCTTTAATGCTGTCGGCCTGCGTCCCTTTACCTGCCCCTGGTGCTCCAAGAAGAATGATCCTCATTTTCTATTCGCCTCTTTAATGATTACAGTTTTAGCAAACCGCCGCTTTTGCCGCCGCGGCGCTTGAGGATGCCCTCATAATGACGCATGAGGAGCTGTCCCTCGATCTGGTGAACTGTATCAAGCGCGACGCCGACTACGATTATCACCGCGGTCCCGCCAAAATAGAAGGTATTGATATTCATGAGCCCCGTCATCACTGTCGGAATGATCGCGATCACCGCGAGGGCGATCGAACCTCCGAGCGTGATGCGTCCCATCACCTTTTCGATATAATCAGTGGTCGGTTTGCCGGGGCGGATGCCCAGGATGAACCCGCCGTTCTTCTTCATATTGTTCGATATATCCTCAGGCTTGAAAACGACCGCCGTGTAGAAATACGAGAAGAAGATTATCATCAGCACGTACAGGATCATGTATATCGGGCTGCTCGGGCTCATGGCCTGCTGTATCATCCTCGCTATGCTGTGCTGGAAAAGTCCCGCGATGGTGTACGGGAAAAGCAGCACTGACGACGCGAAGATTATCGGGATGACTCCCGCGGTGTTGACACGGAGCGGTATAAAGCTCGACTGACCGCCGTACATTTTGTTTCCGACCATACGCTTCGCGTACTGGACGGGAAGGCGGCGCTGTCCCTCCTGGAGCATGACGCATCCCGCGATGACAGCCACCATTATAATTATGGCGAGCAGCATGACGAGCACGTTCATTTCACCAAGACGCACGAGCGACACCGTACGGATGATCGCTTCGGGGATCCTTACCACTATACCCGCGAAAATCAGCAGGGAGATGCCGTTGCCTATGCCGTGGTCGGACATTATCTCTCCAAGCCACATGACGGCTACGGCGCCGGTCGTGAGGGTGAGCGACACGAGAATGATGTCAAGCATGCCGCCCGAATATATTCCAAGCCCTCTCAGCCAGCCTGTCATACCGACTGCCTGTATGAACGCAAAGACGATCGTTCCGTAACGGGTCCACTGAACGATCTTTTTGCGTCCCTCTTCTCCCTCTTTCTGCATCTTCTCAATGCTCGGCACGACGACTGCAAGCAGCTGCATGACGATGCTGGAGTTGATGTAGGGGGTGACACCCAGCGCGAAGATGGAAAAACGGCTGAGTGCCCCTCCCGCAAAGAGGTCCAGGAAACCAAGCAGAGTCCCCTGATCAAAAAGTTTTCCAAGGGCTGCTGCATCCACTCCGGGAGTGGGTACGTGCGCACCCAGACGGTAGACGAAGAGCGCTGCAAGAGTAAAAAGGATGCGGCGCTTCAGATCGGGCAGCCGAAAGGTATCCCGGAAGGAATCCAGCATTTATATCACCTCTGCCTTGCCGCCGGCGGCCTCGATCTTCTTGGCAGCCGATGAACTGTAGGCATTCGCCTTTACGTTAAGGCTCTTGGAGAGCTCGCCCGCGCCGAGGACCTTGACTGGTTTTGCGGCGTCCGAGATCAGGCGGAGCTCGGTGAGCTCCTTCGCGGTCACTTCCGCTCCCGCCTCAAAACGCTCTTCAAGATCCGCGATGTTGACGATCTCATATTTCACTGCGAAACGGAAGTTGCTGAAGCCGCGCTTAGGTATACGGCGCGCGAGCGGCATCTGTCCGCCTTCGAAGTTGGCTCCGATATCAGGGCTCTTGCGGGCCTTCTGACCTTTGTGGCCCTTGCCTGCCGTTTTTCCCTGTCCGCTGCCCAAGCCCTGGCCGAGGCGCTTTTTCTTCTTGCGCGATCCCGGCACAGGTGAGAGTTCATGAAGTTTCATGGCAGTTCCTCCCCTTATTCCTCAACAGACCATTCCAGCAGGTGGCCGATCTTGTTGACCATGCCGCGAATCTGCGGGCTGTCGTTGTGATATACGGTCTCATTGAGCCTGTGAAGGCCAAGAGCCTTTATTATTCTCTCCTGACTCGGAGGACGGCCTATCGTGCTCTTCTTCCATGTGATACGAAGTTTAGCCATAGCTGTGATACCTCCTAGGCTTCCTTGCGCTCTTTGCCGCGGAGACGGTAGATCTCTTCCGGCGTGCGGAGCCTCTTGACCGCATCCATCGTCGCGTAAGCGATGTTGATGGGGTTGGAAGTTCTTCCGGTCACCTTGGCGATGACGTCTTTGATCCCGCCGAGCTCCATGATCGGGCGCACCGATGAACCGGCGAGAACTCCGGTTCCGGGGGCAGCCGGGCGCATGAGGACTTCCGCCGCGCCAAACTTGCCGATAATGGGATGCGGAAGAGTATGTCCCGTCTTCTTAAGGTCGATCATGTTCTTCTTCGCATGCTCGATCCCTTTTTTCATAGCCACGGATATTTCCTTGGCTTTGCCCATACCGAGGCCGACCTGACTCACGCCGTCGCCCACTACCACGAGTACGCTGAAGCGGAAACGTTTACCGCCTTTAACGACTTTGCTGACGCGGTTGATGGAGACTATGCGCTCTGAAAGTTCAAGGCCTCTGCTGCTATAGGATTTTGTATTCTGTGTCTCTCTCGCCACTTTATTGCGCCTCCTCCTAGAACTTCAGACCGGCTTCGCGGGCTGCTTCGGCAAGGGCCTTTACTCTGCCGTGATAAACATGGCCGCCTCTGTCAAAGACAACTTCGGTGATTCCGTGTGCAAGAGCGCGCTCGGCTATGAGTTTGCCTACAGCCTTTGCTGCTTCCTGGTTTCCAGTGCCCTTTACGTCGTCAAATTTGTCCTGTATGGTCGATGCCGATACAAGAGTGTTGCCCTTCTCATCATCGATAATCTGAGCACTCATGTGCTTCAGGCTGCCGAAGACTGCAAGACGGGGGCGCTCGCCGGTGCCGGAGAGATGTTTCCTGAGGCGACGATGGCGAAGCTCCCGCATTTCGTTACGACTGCGATTATTGATCAACGTCCTTCACCTCGCCTTACTTCTTGGCGCCGGCCTTACCGGCCTTGCGGATTACATATTCGCCGGCATATCTGATTCCCTTGCCCTTGTAGGGTTCGGGCGGGCGATATCCGCGAATGTTTGACGCGACCTGACCGACA
CP171104.1_gap51	2397303	2402009	4706	CTGACTCCTATTACGTCAACAACTTCGCCATTCTGGAACAGAGAAACGGTGATCTCCTGTCCCACCTGGTAGTCCGCCGTGCTGTCCACGCGGAACTCCCTCAGCCAGCGCCTGGGCGCAACATCCTGCTTCTCGAAGTAACCCTTCATCGGCTTTGTCAGCTTAACGGGCTTTACATCTCCGAGGCCGAGCTGCACTGCGCTGTAACTGTTTTTTTCAGGTGTCCGGATTTCAACGATCGTGCAGGGCCCTGCTTCAATAACTGTCACAGGTACCGCCTTGCCGTTTTCGTCGAAGACCTGGGTCATCCCTACCTTGCGGCCCAGAATCCCCATACTCATTAACGTTTCACTCCTTTTTCAGATTAGAACTGTTAAAGTTTAATCTGTATATCCACACCAGAGGGCAGATTCAGCTCCATAAGAGCCTCCATCGTCTTCTGCGTTGGGTCTATTATGTCGATCAGGCGCTTGTGCGTCCTGATCTCGTACTGGTCGCGCGCATCCTTGTCGACGTGCGGCGAGGTGAGCACGCAGTAGCGGTTTACCTCTGTCGGAAGGGGCACTGGACCCGATACTCTGGCGCCTGTGCGCTGCGCCGTGTCGGCTATCTGGGTAGCCGAGGCGTCGAGTACGCGATGGTCGAAGGCCTTAAGTTTTATACGAATTTTCTTTGCCAAAATATTTCCCCTCCTGGGGTTACGCTATGATCTCAGTGACGACGCCGGCGCCGACCGTGCGGCCGCCTTCGCGTACTGCGAAACGAAGTCCTTCCTGCATCGCTATCGGCGCGATGAGTTTGACTTCAAATGTGCTGCTGTCTCCAGGCATTACCATTTCCACTCCCTCGGCAAGTTTGATCTCGCCGGTGATGTCCGTCGTACGGAAGTAGAATTGGGGCTTGTAGCCGCTGAAGAACGGCGTGTGACGGCCTCCCTCTTCCTTCTTGAGAACGTACACTTCGCCTTTGAAGTGCGTATGCGGCTTGATGCTGCCCGGCTTCGCGAGGACCTGACCGCGCTCCACGTCGTCTTTGCCTACGCCGCGAAGGAGGATGCCTACGTTGTCTCCCGCTTCCGCGTCGTCCAGGATCTTGCGGAACATTTCAAGGCTCGTCGCCACCGTCTTGTGCGTGTCTTTGATACCTACGATTTCTACTTCGTCGCCGGGGCGGATTATACCTTTTTCCACACGGCCCGTTACGACTGTGCCGCGGCCCGTGATGGTGAAGACGTCTTCGATCGGCATGAGGAAGGGGAAGTCCACTTCGCGCTCAGGCGCCGGGATGTAGTCGTCGCACGCCTGCATCAGGTCCATGATCCCCTTGGTCCAGTCGTTGTCTTCGTCGCTCTCAAGCGCTTTCAGCGCGCTGCCGCGAACGATGGGGATGTCGTCTCCGGGGAACTCGTATTTGTTGAGGAGGTCGCGGATCTCCATTTCGACGAGGTCGAGGAGTTCGGGGTCGTCTACCATGTCGCACTTGTTCATGAATACTACGAGCGCAGGAACGTTGACCTGGCGCGCAAGCAACACGTGCTCACGGGTCTGCGGCATCGGGCCGTCGGCGGCGGATACGACGAGGATCGCTCCGTCCATCTGCGCGGCTCCGGTGATCATGTTCTTGATGTAGTCGGCGTGGCCCGGGCAGTCGATATGGGCGTAGTGGCGCGCGGGCGTCTCGTATTCAACGTGCGAGATGTTGATGGTGATTCCGCGCTCTCTCTCTTCCGGCGCTTTGTCGATCATGTCGAAGGGCGTGAAGTCAGCTCCGCCGTGGCGCGCCAGCGTCTTGGTGATCGCCGCCGTCAGCGTCGTCTTGCCGTGGTCTATGTGACCGATCGTACCGATGTTGAGATGCGGTTTGTTGCGTACGAATTTCTCTTTTGCCATACCAGTCTAACCTCCTTGAGGTAATTCCTTGATTAATTCTTGAGCAGTTCTTCGGCCACATTGCGAGGAACTTCCTCGTAGTGGTCAAAGCTCATTGTATATGAGGCGCGGCCAGATGTCTTGCTTCTGAGATCTGTCGCGTATCCAAACATTTCCGCGAGCGGCACGAATGCCTTGACGATACGCGCGTTCGCGCGCACGCCCATTTCAGCCACACGTCCGCGGCGCGACGAAAGGTCGCCGATGACGTCTCCCATATACTCTTCCGGGACGACGACTTCAACGTTCATTACAGGCTCCATAAGGACGGGATCGGCCTTTTTAAGGGCCTCTTTGATAGCCATGGAACCCGCGATGCGGAAAGCCATTTCCGAGCTGTCGACTTCATGGTAACTGCCGTCGACGATCGCGACCTTGATGCCGATAACGGGATAACCGCCGAGAACTCCGTTATTGAGCGCCTCTTCAACGCCCTTCTGGGCAGCGGGGACATATTCCTTCGGCACGACTCCGCCGACGATCTTGTCGACCCATTCAAAGCCCTTGCCATCTTCGAGCGGCTCGACTTCAAGGACGACGTCGCCGTACTGACCTTTACCGCCGGACTGCCTGACGAACTTGCCCTGCGCCCTAGCGGGCTTGCGGATCGCTTCACGGTAGGCGACCTGCGGACGTCCGACCTTGACCTCGACATTGAACTCCCTGCGCAGACGGTCGACGATGATTTCCAGATGGAGTTCGCCCATACCGCTGATCAGCGTCTGCCCCGTGTCTTCGTTTACGGAGACGCGGAATGTCGGGTCTTCCTCGGAAAGCGCCTCAAGTCCCTTCGCAAGCTTGATCTGGTCCGCCTTGCTCATCGGTTCGACAGAAAGCGAGATGACCGGCTCGGGGAATATGAGGTTCTCAAGGAGCACCGGATGTTTTTCATCGCAGAGCGTGTCGCCGGTACGTACCTGCTTGAGGCCGGGGATCGCGACGATGAGTCCGGCCTGGGCGCCGTCCATCTCCTCACGCTTGTTCGCGTGCATGCGAAGGATGCGTCCCACGCGCTCGCGGCGGCGGGTATTTGTATTGTATATCGACGTTCCGCTCTCGATCGAACCGGAATAGACGCGGCAGAAAGCGAGCCTTCCGACAAACGGGTCGACCATGATCTTGAAGGCGAGCGCCGCAAAGGGCGCATCCGCCGATGCCTTTACTTCGATCTCTTTGGCGGTATCGTCCGGGTCCACGCCAACGAGGTGCGGCATGTCGAGCGGGCTGGGCAGGTATGCCACGACCGCGTCGAGCAGGGGCTGTACGCCCTTGTTCTTGAAGGCCGAACCGCACATCACGGGGACGATGTCCAGGCTGATGGTAGCCTTTCTGATGACCCGCTTCACCATATCGAGAGGGATATCGGTCCCCTCAAGGTAAAGCTCCATCATTTCGTCGTCATAGTCGGCGAGCATCTCAAGCATTTCCATTCTCGCAAGGGCGGCCTCTTCCTCCAGCTGGGGAGGAATGTCGGCGCTGTGAAATTCCGTACCGAGGGTATCATCATAGATGACAGCCTTCTCGTGAACGAGGTCCACCATGCCGGTAAAGCCGTCTTCAACGCCGATAGGGATCTGGATGGGGATCGCCTTTGCCCCCAGACGCTTGCGCATCTGGTCGACTACCGCAAAGAAATCAGCGCCTACTCTGTCCATCTTGTTGACGAATGCTATCCTTGGCACACCATATTTGTCGGCCTGACGCCAGACTGTCTCTGACTGCGGCTCAACGCCGCCGACAGCACAGAACACGGAGACAGCGCCGTCAAGGACACGCATGGAACGCTCTACCTCGACGGTAAAGTCCACGTGTCCGGGTGTATCAATTATATTGATAAGGCAATCGCCCCAGAAACAGGTAGTAGCCGCCGATGTGATCGTAATACCACGCTCGCGCTCCTGCTCCATCCAGTCCATTGTGGCGGCACCCTCGTGGGTCTCCCCCAGCTTGTGCTTACGGCCTGTATAGAAGAGGATACGTTCCGTCGTCGTCGTCTTACCTGCATCTATATGCGCAGCTATTCCTATATTGCGCACTGTACTTAAGTCGATGCCCTGCATCGTCAACACCACCAAACTAAATCAAGATTTGTAATATTTTCCACTACCAACGGTAATGGGCGAATGCACGGTTGGCTTCCGCCATACGGTGCGTATCCTCACGCTTTTTAACCGAACCACCCTCGCCCTTGCATGCGTCGCCGAGTTCGCGCGCAAGGCGCTCTACCATCGGGATACCTTTGCGTGAGCGTGAGAAGTTGATTATCCAGCGGATCGCCAGCGCCTGCGCCCTGTCGGGCTTCACTTCGACGGGGACCTGGTAGGTCGCACCGCCTACGCGGCGAGGACGAACTTCGACCAGAGGACGAACGTTTGTCATTGCCTTCTCAAATACTTCGGCAGGCTCAAGGTTGAGTCTGCTTCCGGCCAGATCCAGTGCTCCGTACAAAATCCTCTCCGCCGTGCTCTTCTTGCCGTCGAGCATCAGACAGTTGATGAACTTTGTGATCGCGGGGTTCGCGTAGACTGAATCGGGCGGTGTAATACGTTTTTTTACATGACCTTTACGCGGCATAAAAACTACCTCCCATTAAAGTTATTTCGGTCTGCGCGCACCGTAGAGCGAACGGCTCTGGCGACGGTTTTCAACTCCGCCGCAGTCAAGCGTACCTCTGACTATGTGATAGCGTACGCCAGGCAGGTCCTTCACACGGCCTCCGCGAACTAGCACTACTGAGTGTTCCTGAAGGTTGTGACCGACTCCCGGTATATAAGCTGT
CP171104.1_gap52	2407391	2411850	4459	CGCGGAACTTCGGCCCGCTGCGCTTATATTTGCCGCAGGCGCACTCATAGCTCCTGATGGGGCCAAAGATACGCTCGCAGAAAAGGCCGTCCTTCTCCGGGCGGAGCGACCTGTAGTTTATGGTCTCCGGCTTCTTGACCTCCCCGCTGGAGAGTTCCCTGACTCTCTCGGGAGAGGAAAGCTTCATTCTTACTCCGGCGATTTCATGACTCACATTTGCCATTAATCTTCATCCCCCTGCTCACCGGTCTGTGGCTCACTTTCAAATAGATCGTCGCTCAGTATGGCGGCGTCCCGTTCCTCGTCGGTCTCGTGCAGCTCAAGTCCGCTGTACTCCACCGAGCCCTCATGGAAGAGGTCGCTGGCGCCCGAGGCCTTCGCCGGGACTGTCATATCCTGGTTGAAGACCGCGTCGAGGTCGTCTACCGTCGCGTCGGGCTTGAACGATACGTGGCGCGGGCTTCTCTCGTCCTCGTCGTCATTCAGGACGAGCTCGCCGAAGCTGCCGTCGGCGTACATGATCTCGACGTCCAGCGCCAGTCCCTGCAGCTCCTTGATAAGGACGCGGAAGGATTCGGGAACGCCCGGCTTCGCGAGATTCTCGCCCTTCACGATGCGTTCGTAAGTCTTGAGGCGGCCGCGGATATCGTCCGACTTCACAGTCAGCATCTCCTGCAGCATGTGGGCCGCGCCGTAACCCTCAAGGGCCCAGACTTCCATCTCTCCGAAACGCTGCCCTCCGAACTGCGTCTTACCGCCGAGCGGCTGCTGCGTGATAAGGCTGTACGGCCCGATCGAACGCGCGTGGATCTTGTCGTCGACAAGATGTATCAGCTTAAGCATATACATGACTCCGACCATTACCTGGTTCGCCATCGGCTCGCCGGTACGGCCGTCGTATATCGTTATCTTGCAGTCGTCGCGCATCTCGGGATACCTGTTTTCCTGTACCCACTTGACGTCGTCCGCTATATCTTCGGCCGTCGCCGATTCGAAGACTGGCGTTACCACCTTATAGCCCCGCTGCATCGCGACGAAGCCGAGCATCGTTTCAAGGACCTGTCCGAGGTTCATTCGGCTAGGAACGCCCAGCGGGTTCAGCACCACGTCTACCGGCGTGCCGTCCGAGAGGTAGGGCATGTCCTCTTCCGCCATGATGCGGGAGACGACGCCCTTGTTTCCGTGGCGTCCCGCCATCTTGTCGCCCTCGGTTATCTTGCGGAACTGCGCGACATAGACCTTTACGACCTCGTTGACTCCGGGGCTCAGATCCTCGCTGTTCTTTTCGCGGCTGAGGCGCTTGATCTCGACGACCTTGCCGCCTTCGCCGTGCGGCACGCGCAGAGAGGTGTCGCGCACCTCGCGCGCCTTCTCTCCGAATATCGCGCGGAGCAGCTTCTCTTCCGGAGATTGGTCGGATTCGCCCTTCGGCGTCACCTTGCCGACGAGGATGTCGCCGGCCTTGACCTCCGCGCCGACGCGGACGATGCCGTCCTCGTCGAGATTCTTCAGGGCGTCTTCGCCCACGTTCGGGATATCGCGCGATATCTCTTCCGGGCCGAGCTTGGTGTCGCGTGACTCGACCTCGTATTCCTCTATATGTATCGAGGTATAGAAATCCTCTTTTACCAGCTTTTGAGAGAGCAGGATCGCGTCTTCAAAGTTGTAGCCCTCCCACGAGACGAAGGCGACGACGACGTTGCGGCCGAGCGCGAGCTCTCCCTGGTCGCAGGCCTGCCCGTCCCCGATTATCTCGTTGGCGTCGACATGCTGCCCGGTGTAGACGAGCGGACGCTGGTGGATGACCGTCCCCTGGTTCGAACGGCGGAACTTCGGCATATGATATTCGTCCTGCCCTCCGTCGTCGGTCCTGATGACTATCAGGTCGGCGTCGACATAGGTGACGGTGCCGGCTCTGCGCGATACGACACAGGAGCCGGAGTCCTTGGCGATACGGTGTTCAATGCCCGTTCCCACGATCGGAGAATCCGGGAAGACGAGGGGAACCGCCTGGCGCTGCATGTTGGAACCCATCAGCGCGCGGTTCGCGTCGTCGTGCTCGAGGAAGGGAATGAGCGCCGTCGAAATGGAGACGATCTGCTTCGGCGATATGTCGAGGTAGTCGAGCTCCTTCGGGTCTATCTCTATAGTGTTGTCATGGTGACGGACATAGATGCCGCCTGTCGAGGACGGGAGGACGTTGCCCTCGTCATCCATAGGCAGGTCGGCGCGCCCGACATAGTATTCGTCCTCGTCGTCCGCCGAGAGATAGACGATCTCCTCCGTGACCTTGCCGTCCACCACCTTGCGGCGCGGGCAGACAAGGAAGCCGTAGTCGTTGATACGGGCGAAGGTGGCGAGAGAGGTGACGAGCCCGATGTTCGGGCCTTCAGGCGTTTCGATCGGGCAGACGCGTCCGTAATGCGTATGGTGGACGTCGCGCGCCTCAAATCCCGCGCGCTCGCGCGAGAGGCCGCCGGGGCCGAGGGCGGAAAGACGGCGTCTGTGCGTTAGCTCCGCAAGCGGGTTTGTCTGGTCCATAAACTGCGAAAGCTGTCCCGAACCGAAAAACTCACGCAGCGCCGCCGATATCGGACGGACGTTGATGAGATCCTTCGCCATCGCCGTGGCAAGATCCGGCGTCGTCGTCATACGCTCGCGCGCGATGCGCTCCATGCGCAGAAGCCCGATGCGGACCTGGTTCTGAAGCAGCTCGCCGACTGCGCGCACGCGGCGGTTGCCGAGATGGTCGATGTCGTCCATGTGCTCGCTGCCGTCGCGAAGGCGGATCAGCCCCTTGATTATCGCCACGATATCGGTTACCGTAAGCAGCCTTTCCGAATTGGAAAGTTCGAGCTGCAGGCGGCGATTTATTTTGTAGCGTCCGACACGGCCGAGATTATATCTTCTGGAATCGAAGAATATGCTGGTGATATATTCACGGGCGTTCTCCATACGCGCCGGTTCGTTGGGGCGCAGCTTGCGGAAAAGCTCAAGCATCGCCGCGTCCGGCGTGTCGGTGTTGTCGCGCTCTATCGTCACGGCGAGGGCGGGATCGATATCCCATACCCATACCTTCGTGCGCCCGTGGTTCCAGAGGACCTCCATGTGCTCCTTTGTCAGGCGCGTGTTCTTGCGGATCTCCACGGCGCCGGAGCCGTCGTTCGCAACGATATCCTCCGCGAGAAGCATTCCGCGGACATCGTCGTCAACGAGATCCTTCTCGACCTCTTTGCCGTCAAAGAGAGAGATTATCTCGTCCGTACTCTGGATGCCGAAAGCTCTCAGCATCATCGTGACGGGAATCTTCTTGCGGTTGTCTATCTTTACGGAGAGAACGTCCCCCGGGGCGAGGTCAAACTCGATCCACGCTCCGCGGTCCGGGATCAGCTTCGCCACAAAGGTCTCCTGTCCCGGAATGCCGAGGTCCGCGCTGTAATAGACGCCGGCCGAGCGGGCCAGCTGGTTTACAACGACACGTTCCGTGCCGTTGATGATAAAGGTTCCCCTCTCCGTCATCGCGGGGAAGTCACCAAGATAAATTTCTTCTTCCTTGATCTCGCCGGTCTTCTTGTTTATCAGGCGGATCGTCGCACGCAGCGGTCTCGACCACGTAAGGTCCCGGCTGCGAGCCTCATCCAGACTGATAGGAACAGGATCGACATAATATCTTACAAATTCCAGAGCGAAGGAACCGTCGTAGCTCTCGATAGGGAAAATCTCATCGAAAAGCTCCTGCAGCCCCTGTGACGCGCGCATATCAGGCTCCCTGTCGGCCTGAAAAAACCACTGGTATGAGTTGCGCTGTACCTCAACCAGATCCGGAAGTGCTATCAAATTCTTCTCTTTACCAAAAACTACACGCCGCTCAAATGCTTTGCCCGAAGTCTGTTTAACCTGCATGGGAGCATCCTCCCCATTCGAGAATATGATGAGAATGTACAATCGTACAAATGAGGATTATAACAAAAAAGCGACAACTGTCAATAGACAGACGTCGCCTGTTTTTATTTTTTATGAAAATATTCTGCTGAAATCGTCGCCAAGTTTCCCGACAGCCGCTATTATGGACCCTCTCCGAGCCTTTTGTCAAGCGGCGGAACGGCTTTTGGGACCTTTCACATATTTGCGCGCCCGATATTTTCCTCCGCGCGCGCAAAAACTCGGCATAAAAAGCTGATGGGAGAATTTCTCTCTGCTCTTCCGTTTAAAACCTCACGATTGCCCCAGGCGGTGTAGACTGTATTTTACAGTCTACCTATTTTAAAAATATGGTCCTATAGGCTTATATCAAATATTCATTAGATATAAATAGTAAATATTCTAAGGTAAAAAGATACATTTATTATGGCGCGCGTCGTTTTGCCCCCTCCTAAAAACATGGTTCATATCCCGATTTATAAATTTATGCCGCACACAAAAACGTTAAATACTTTAGCACCCCTTTGGTATCTATAAT
CP171104.1_gap53	2425655	2428401	2746	ACGCTTCCGCTCACTCCAAAGAGGGACCTGCGCGAGATCTGCGGCGGCTATAACGAGATCGCCTCAAAAAAATTTTACGACGGCCTCGACACCGGCGATTACTTCCACATCACACTCACCGATGAAGAGGATGTGTTCGACGCGGTCGCCAGACTGCGCTCTATCTATCCGCGCATTATGCGCCTCGATTATGACAATAGCCGCACACGTTCACAAACGGACGTGTTCACCGCCGCGCGCGCCGAGAGCAGAACTCCGCTCGAACTCTTCGACGAGCTCTATTTCAAGCAAAACGGCGCTGAGCTGACGGAAGAACAGAAAAGGATCGTATCGTCGCATATCGAAGACATCTGGGAGGACGCTCAATGAGACCGCTAAAACTTACGCTCTGCGCCTTCGGGCCATACAGCGGCAAGACCGTCATCGAGATGGACAGGCTCGGCGAAAGCGGCCTATATCTCATCTGCGGCGACACCGGCGCGGGTAAAACCACCATTTTTGACGCCATCACCTACGCGCTTTACGGCTCGGCGAGCGGCGAAATCCGCGAAACGGAGGCTTTCCGCAGCAAATACGCGGATGCCTCTGCCCTGACTTTTGTCGAACTGGAGTTCCTGTACGACGGCAAAAGATACACTGTGAAACGCAACCCCGCCTATCTGCGTCCGAAACAAAAGGGCAGTGGTTTCACAAAGGTGGCTGCCAATGCCGAACTGTATCTGCCGGGAGGCGGCGCCTGTTGCGGCTTCAGGCCGGTCAGCGACAGGATAAAGGAGCTAACGGGCCTTGACAGGGCCCAGTTCTCGCAGATATCGATGATCGCGCAGGGTGAATTTCTCAAGCTGCTGCTGGCCTCGACGGATGAAAGGGGCGCTCTTTTCAGCCGTATACTAAAGACAGAATACTATCGAAAGCTGCAGGATAAGCTGAAAGAGGAGGCGGCGGCACGGGAAAGGGCCTGTACCGAGTTGGGCGGCGCTATCGCGCAGTATATGGACGGTGTCGAAACACCTGAAGACGAAGAACTGCGCGAGGCGCTGAAAAGGGCAAAGGGCTCTCCTCCGGAGGAGGCTCTGGCCTTAGTCCGCGAACTGCTGCGGCTCGACGGGGATACTGACGACAAGCTCTCGTCGGAGCTGCGCGAAACGGAGGAGGCGCTGGCAGCACTCGGCGCCGGACTGGTCCGCGCCGAAGAGGCGGAGAAAACCAGAAAAAACCTTACCGCAGCAAAGGCTGACCTGACGGAGAGAGAAAAGGAGCTGACGCTGCTCACGGAAGAAAACAGCTCCGAAGAGCAAAAAGAGACGCGGCGTCTGGCGCTGGCCCATGAGATCGAATCTATCAGGGATGAACTCCCCGCCTGCGACGAGCTTGCGGCGCGCCGCGCAAAACTGGAAGCGATAAAATCGGCGATCAGCAAGGACAAAGAGGAAATAGAACGCCGGCAGGCAGCGTTGGCAACGCAGGCCGCCTCGACGGAGAGCCTTAAAGCGGAGCGCGCGGGACTCAAAGAGGCGGCGGCGGAAAAGGCGGCCCTGGAAGTTGCGCTGGAGGCCGCGCGGAGCCGTTCCGCAGTATTGGCGGCCATCCTGAGCTCGGCCGGGCGGCTGAAGAGTATGAAGAGAGAGCTGCTGGATGCAAAAGAGGCGAAAGAAAAATCGCTTGGCAAATATGCGGAAGAGGAAAGGTCCGGGAACGAGCGGCTGAGGGCGGTCAGAGAAGATGAGGCGCGGGCTAAAAATGAGGCCGCGGCACTGCGGGAGGCGGATCTCACATTTGAACGGCTGAAAAACAACCGCCAGGAAAGCGGAGAGAGGGCGCGGCGGCTGCGCGAGATAGAAGAGAGGCTTGCCGAGCAGGACGCGGCGCTGAAAAAACTCGCCATAGCCCGGAAAGAATTTGCCGAGGCCGAGAGCCGCTATGAGACCGCGAGGGACAGTTATGAAGATAAAAACCGCCTCTTCCTCAACGCGCAGGCGGGCATCCTCGCTTCGGCGCTGGAAGAGGGGCACCCCTGCCCCGTCTGCGGCTCACGCGATCACCCGTCGCCCGCTTCGCTCACCGGAGAGGTACCGACGGAGAGGGAGCTCAAAGAGGCGGCAAAAAATAAGGGCGCGGCCGAAGAAAAGTACCGTTCGCTGAGCGCGCTGGCCGGCGGCCTGGAGAGCGAAGCGCGCGAAAAGCGCGGAGTGACAGCCAGACTGGCAAAGGAAATCCTCGGCGAAACCTCCGCGGACAAAATCCTGCCGGCGCTGGAGGCAAAACGCTATGAGAACAAGACTCTCCTCGTCTCTTTAGATGAGGCCCTGACGGCGGCGGCCAAAGATGTAAAGAACAGGAACGAATCAGAACAAAAGGCCGCCGCATTCGCCCAAGAGATAAAGATGCGCGAAGAAGAGCTGTGCCTCCTCGCCGAAGAATGGCGGCAGGCGCAGGCGGAGGCCGATAACGGAATCAGCAGGCTTGCCGGGATGATCGAAGCGGACGAACGTTCACTGACGGAAGATTGCGGCAAAGTCCTGGCGGAATGCGGGCTGGATAAAGCAGAGGCCCAAAGCGCGGCGGAACTCAAAGAGGCGGAAAAGACCGTCTGTAAGACCAAGAGGGCGATCGCCCTTGCCGCGGCAAAGATCGAGAGGACACTGGAACTTGAGACGCTAATCCCCGCGGGGGAGGAGCAAAGAAACACGCTCGAACAGGCGATCCGCAGCGCCGAAATAAAACTGACGGAGGCTGCGGGGGCGCT
CP171104.1_gap54	2439043	2443360	4317	AAAGAGATCATAGTCATCGTAGAAAGAAACATCACCGCACCCCACAGCGGAGCCGCGCCTCTGCCGTTCATAAACATTATCGCCGCGAGCACGGCGGTCAGCGTCACGCCGGACAATAGGTAAAGCTGTTCCCAGCTCAGCCAGCCCTTTCTCTTGAACCAACCGGCAAGGATGCCGTTGCCAAAATAACCGAGGGCGGCGCCGCCAAAGGCCAGCATCATATACATTCCCGCCTCGCCGATGTCCATCCCCGCGACGTCAAGCATCCACGGGCCGACCCAGAGATAGAGGTAGGCAAACATCACGCTCTGCGCGGCCGTCACCAGCGGCGCGACGAGCCAAAAACGCCGGTCGGCGAAAAAACAAAACATCTTGCCGAGGAGCTTCCAGAAAGAGCCGCGCTTCTCATCGCGGCGGACCGTGTCCTTCGGGACGACGAACCAGACCAGCGAGGCGCTGCAAAAGCTGATAACCGCAAGCATGACGAATACATGCCGCCAGCCGAAAATATCAAAGGCGATCGCGACCGGGCGCGTGGCGAACATTCCTCCGATCCCGCCCATCAGCGATTGAACGCTGTAGACAAGCGGAAGCTTATCCGCCGTCAGCCATGAGGCATAGGCCTTGAACGCCGCCATCAGACTCCCGGCAAGGCCGATGCCGATCAGAGCGCGGGAAAGGACGAGCGCCGCGAAGCCCTCCGCCGCGGCGAAGAGCAGCGCGCCGGCAACGGCAAAGAGCAGCATCGGCGCAAGCGTAACACGAGCGCCGTACCGATCGAGAAAGACCCCGAGCGGAAACTGCGCCAAACCGAAAAAAATCAGATAGACCGAGCTCATAAAGCCAAGGTCGGCGGGAGAAAGCGCAAATTCCGTTATCAGGATCGGCGCCATCGTCGCGTTGGCGCTGCCAAGAAAGACAGATAAAAAATACCCCACGCCAAAGGGAATAAAAAGCCGCATAAAGAGCGGCGTAAGCAATATGTTTTCCTCTTTCAAAATACCCCTCCTAGGCTTAGCTGACTAGGGAGATATTATATATCAATTTATCATCACCAGCAGCAGCTTGTCACCGTTGTGAGAATTAGCCGGCCAGCTACTCATAAGGCGTATTATGGAGGGGGTAAAAGACTAACATTCCCAAGACGACAATGAGCGCGAAGAATGCCGACGGCGCGGCAATCTGTGGTAAAACCATCATTTCGCTCCACTTCTGGATGAACGCTCCTGAAAACCATTGGCTCAGCAGCACACTCAAAAACAGAATAACATTGCAGGCTCCCGTTACCGTCCCGACCAAGCCTCCGCCAACTATTTTAAAGAGAAAGACATTGCACAGGACATTTATAATTCCCAAAGTCATGCCGATCAAAAATGTTAAGGCAGCTAAGGCCTCCCATTGCCAACAATAACTTACCCCGGCGATCAATGCCGTTAAGCTTATCATTTGTATGATGTAAAAGCCTCTGAGATATGCCGCCGACGTTGAGAATCTGTTGCCTGTACAGCCGATGACACACGCTCCAGTGAGGACGCCAATGCCCCCCATCGACATACAGTTCCTCGCAATCTCCAGCGGCAGCGAGCACGCGCTGCTGATCCAACTTACGCCCCATAGGCCTACCAGATTCATCTGGAGTATCATGGTTATCGACCAAGTTATTACCAAGACGACAAGCGGTCTGTTGCTAAAAACAATTCTGAAACCTTGCAGTACTCCTCCGTTGCTGTTTACTTGCCCCTCTTGAGGACTTACAAACAAAAAGCGGCGGTTCAGCACGCAAAGCATAAAAATTATAATTGCGGAGAAAACAGCAAGAGTATAATGTACAGATTTGTAGCCTAAGGCATCAATTGCCGCTCCCAATGGGGTTATCGACACGACGCCTCCGAAGTGGCCGAACATTATTGTGAAGCCCATAAATTTAGAAAACAAATGCGGGGGCAACGCTCTCGCTTGAAAAACCATCAGGCTGCAAAAAGTCGGTCCCGCGCCAACTCCTAATAAAAATCGCGCTGCGCATAATAAAAATGTGCTTTCAGCAAGCGCAAAAAGCAACAACCCACAGGCAAACACCGCAAGCCCGCACATTTCCGCGACCAACGGGCCTCTATTGTCGCACATCTTTCCACAAAAAGGCTGCGTAACAGTATAACCATAAAAATACATCCCTGAGATTAGGCCAACAGCCGTGGAAGACAATCCTATTGACAAAGAGAGCCCCGGAAGAACGACGCCGCCTGAAGTTCTTATTAAACAGCTTAGAAAATACGATATGACCAACAGCGCATATGTGGTATAAACGATCGCTCCGTTTGCTTTTTTCACCAACATCCCCCCGTAATAAGGAATAAAAAGGGGCCGTCAAAGGTATTTTTACAATGACAGCCCCTTCGCCCTCATCTGCGCGGCATTACATAAAACGTGCTATTTACAAAGATCTCCGTAAAGGTACGGCAACCGCTTTTCAAATACCTTCAGGAACTGGCGGTTTTCGTTTATGTTTGTAACATCAACCGCGACAAACTTTCCGTCGCGCGTACCGCTGCAAGAAACAAGGACCTCTCCTGTTGGCGAAGAGACGAAAGACTCGCCGCCAAAGTCGATATCTCCAGAATAATCACAGTTATTGACCGCCACGGTATAGAACATATTTTCTATGGCATGGGCGCGTATCATCGTACGGTAAAGATCCATGCGTCCTCTAGTCCATTGGCTGCAAATGAACAGCGTTTCGATGCCTCTCAAGGCGTAGACACGTATCCACTCTGGGAAACGAATGTCATAGCAGATCAGGCTTCCACAGGTGATGCCGTCCATATCGAAGACACACGGTTCTTCTCCGTGCTCGAATACGCCGTCCTCCACCGTGATAAACGGCACAAGATGCACCTTATCGTAATGGGTCACAAGCTCGCCTTGAGGGTTAATGATAAGCGTTCTGTTGTAATACTTTCCATTATCTTCGGTCATCACAGAACCGCCGGTAAACCAACAGCCATACTTTTTAGCCATCCGTCCCAAAAACTCCGCAGCCTCCGCCGCATTCCGATCCGCAAGCTTCGGAACGGCATCCAGCGCATAACCAGTATCCCAGAGCTCTGGCAACGCAAGTGCCGTCGTCATGTCGGCAGGCTGATAATACTCGGAGAGCCAGCGCTCCACACTCTCCATATTTGCCCGCCTGTCACCTAAGACAACCGGAATTTGGACCAGGCCAGCTCTAAACTTTTTTTCTTTCATTATCCGCGCCCCCTGTTTTAGTATCCAAGGTTTTTCTTGGTCTTTAAAACAGTCTCAAGAGTTCTCTTATTTTCTGCGGAGATATCGCTAAAGGCTTTATATACCGGCTGAGAGGCTTTCTCAAATTCCGCCGTCTCTTTAGAGTTAAGGCGGTAGACTGTCATACCGTTTTCACCAAGGTATTTGATGATCTTTTCGTCCTCTTCCGCAACATACTTCCGCTGCTGGACAATGTTTTCTTTTGCAGCTTTTAGGATTACCGCTCTTTCGCTGTCTGAAAGCTTATCGAACCACTTTTTGTTGGCGACCATCAGCCCCATGAAAAGCCCGTGCTTTGAAACGGTAAGATATGGTTGTACTTCGTTAAATTTCTGCGCTTTGATAACAGAGAGCCCATTTTCACCGCCATCGACTACCCGCTGCTGCAAGGCCACATAAAGCTCTCCAAACTCGACGGGGGTCGGGTTGGCGTTCCACGCTTTGTACGTGAGTTCCAGAGTTTTAGACGGCATTATTCTTATTTTCATGCCGGAGATATCTTTCAGAGATTTGACCTGTTTAGAGCCTGTATGTAGGCTCTTATATCCATACGGAGCGATGCCAAGAAGCACAAAGTTCTGCTTTGCCAGTTTTTCCGCAAGGACTTTCGTCAGATCTCCGTCTATGACTTTCCATGCCTTATCATAATCCGTGGGAAACAGGAAAGGTAAATCTAAAACGCCTACCTCAGGCACAAATTTTGAGGCCGCCGAGGCCGCGACATAAATTGTTTCTATAGCTCCGCTCTGGCAAGCTTCATAGTGTTCCCTCATACCGCCGAGTTGACTGCCGGGGAAAACCTGAAGCTCCATTGCGCCATTTGAATATTTCTTTATATTTTCCTTCATCGTGGCGGCGGCAAAACCTCCGGCGTCATCCATATTGACGGTCATCGCATGTTTGATTTTTTTTACGGCGGCTTCAGAGATTCCCGTAACTGCAAGCACACCTATCAAAACCAACGTAGCCAACCTAAATGTTCTTTTCATAAACGATTCCTCCTTAGATGTTTTTATTCCCCTATGACAGCAACGA
CP171104.1_gap55	2468389	2470306	1917	CGGAACCATATTATAGGGCCAGGCCTTGATCAGCGAGGCGGCAAGCACCGCGGCGAAGAGCGTTATGATGAAGCCCGCGGCGAGGGCGCAGAAGAGCGTGAGCGCCGCGTCCCTCCCGCGATGAGGGATCACGCGGTAGGCCATGCTGCGCGAGCTCACCGTCACGCCGTTGTCGCTCGCGGTGAGGCGCTCCGTGACGAACATCACCACCGCCGGTATCATCAGCAGCAGCCCGACGACCGAGCCCATGCCGAAATTCTGCTGCCCGATCACCTGTTTATAGATGTCGGTGGCCAGCACGCTGTAATTGCCGCCGACCACCTTCGGCGCGCCGAAGTCTGAGAAACAGAGGGTGAAGGCGACGAGAAAGGCGCTGACAAGGCCAAACTTCGCTCCCGGCAGCGTGACCGTCCGCAAAATGCGCAGCGGGGCGGTCCCCATCGCGCGCGCCGCTTCGTAAAGGCGGTTATCGGTATAGGAGAGCGTGATATAGAGGATCAGAAAGGCTTGCGGGAAGGTGTAGACGACCTCGGAGACGATGATCCCAAGCGGCCCGTAGAGCGGCAGCTTCAGCCCCAGCATCGTGATCACGCCCTTATTCCCGATCAGGTAGATCAGCGCGATGCCGAACATCATGGTCGGCGCGCAGAGCGGCAGCAGCGCGATGAACTTGAAAAACCCCTTTGCCGGCACCTCCGCGCGCGTCAGCGCGTAGGCGTAGATAAAGGCCAGCAGCAGCGATATCAGCGAAACGACGGCGGAGATCGCCAGAGAATTCCAGAGCGCGCCGACGAGGTGCGGCGACGCAAAATATTCGCGAAAATTTGCAAGGCCGATATAGGCCCCGTCAAAATCGGTAAAGGCCTTTGCAAAAAGAACAGCCATCGGCGCGGCGACGGCTGTGAAAAGCAGGCACAAACTTATTATGAGAAGCGCGCTTTCCAAGCGGTTGGCGTTTTTGATCTTTTTCATCGTCAGGCGCTCTTGAGCATGATGACCTTATCCTGCGGGATATCGATATAGAGGCGGCTGCCGAGCCGCAGGACTCTGGCGTCACTCTGCTGCGAGGGGATATCTATCATCAGGTGTCCCACGTGCGTATCGACCTCGAGGCGGTAAAAGGCGCCGCGGTACTCCACGTCACAGACCTCGGCCTGGACCGCGCTGTCCGACAGCGACTTGCTGAGACAGAGGCTCTCCGGGCGGATCGCCCTCCCCGCGCCGACAAAGTTAGCCGTGCCGACGAAATCGGCGACGAAGCCGTTGACGGGCGCGTCATAAAGCGCCTGCGGCGTATCCATCTGCTCGATGCGCCCCTCGTTCATGACGATGATACGGTCCGCCATCGAAAGCGCCTCCTCCTGATCGTGCGTCACCATGATCGTGGTGATCGCGAAACGCTGCTGTATACGGCGTATCTCCCGGCGCAGCCGCAGGCGCACCTTCGCGTCGAGCGCCGAAAGCGGCTCGTCGAGAAGCAGGAACTCCGGGTTAAGTACCAGCGCCCGGCAGATGGCCGCCCGCTGCTGCTGGCCGCCCGAGAGCTGCTGCGGATATTTTTTATTGTGGCCGCCCAATCCCGTCATTTCGATGATCCCGGCGACGCGCGCCGCGATCTCATCCTTCGCAAGCCCCTTATTCCAGAGGCCATAGGCGATATTCTCCTCGACGTTGAGATTCGGAAAGAGAGCGTAAGACTGAAAAACTATCCCAAAATTTCTTTCAGAGGGGGGCTCGCAGGTGACGTCGCGGCCCCCGATCTCTATCGTTCCCCCGTCTATGGCCTCCAGCCCGGCGAGCGCGCGCAGAAGCGTGCTCTTGCCGCAGCCCGAAGGACCTAATATGCAGACGAACTCTCCGTCGCGGATCTCAAAGCTTACTTTATCGAGAGCCGTCGTGCCCTTAAATCTCTTTGTA
CP171104.1_gap56	2659254	2662015	2761	TGGTCCCAGTAGGGAAGTACAGAATTTATCATCAGCCGCAGCCTCCTTTTTCCTATTTGGGATGATTATAGCATCACCGGGCGTCGCGGTAAATCGCCGCGCCGAAATCAAAACGCGGTCATAGGCAGATCGTTACTTCACCGGCATGTATACGCTGTTTTTGCCGCTTCCTTCAAGCCGGCGCCGGCGGCATTCTCAGGCAGCGTATCTATCGGTTCCGCAAACCGTGCCTTCGGCCCATCTTCGTTGCGGTTTGGAAGTGTGACGCGGAATGCTCCTTTAGCCGTCTCAAACTGGGGCTCTTTCCCCTCGCCGCTATAGAGGCGGATGATTTTCCCAATGCCGGTCCCATAGCTTTCGATCAGCCTCATACGATAAAATACCGCGGCAAGATTGGGGTTCCGCGACTGCGAAGTCCGTGCGGTTCAAGCCGGAAAAGGTCGCCTTTGTTTTATTGTTTATATCTATCAGCTGATAGACGTCGCGCAGCTGTTTGAGAAGCGACCCGGAAAACTCCTGCCTGCTGCGAAAGACAGCCTTATCCGTACCCTGGAAAATAGCCGTTTTGATCGTATGGCCGCACTGGTCGGAGAGCAGCCTCGCCAGGTTCGTGTAAAGTCCGTCCTCCCCTATGAGATGGAGGGTCCGCATCTGGGAATCCCCCAGTTCGACCGACCTTTCCGCCATCTCACTCTCAAAGGCGCGAAAGGTAAGATCCTGTTCCATGCTGCGGCAGTCCTCATAGGATTTTCCGCTGTTCTGTATGGTCATCTCCCGAATACCTTCGTCGCTCAGGGGTATAGAGGCGCTGCCCCGGCGAACGTATACACCGGATGGCCTCAGTCCTTTATCCTGTAAATAATAAGGCCTCGCCGTACCTGTTTGAACCGCAATCTCAATGACAGCCGTTCCCTCCCGTTCGACCGCCCGGAGCTGAACGAAGGGCATCACGTCCGGCCTGATGGAATCTCTCAGCGCGGAAGATATACGCAGCATTGCATCGTCTGGGTCCTCCACGCCGATGACCTTGCCGTCCATGCTGATTCCGACAGACAATACTCCGCCGTCTGTATTTACAAAAGCCAATACCTCTTTTTTATATCCGGAACGTAACACTCTTTAAACTCGACATCTAAATTTTCAAATGGGATCATCACGCCGCCCTCTCTTTCGCTCTGATTCTCTCGCTTTCATTCGTTTTATCTCGCAAATATACATAACTATTTCCGAAAAACGAGAGAATCCAAGAGAACGCGAATGAATGGCGAGAGAACCTGAAGAACTACGGAGGCGGTATTTTTCAGGCAAGAGGGCCGCGGTATCTTTCCGCGGTTCTTTTGTCTGGGGCGCCATCTTCCGTATTTTCCATCAGCGGTCTAGATGCCACTTCGCGAACAGCTCTTCCACCGTCATCTCCTCGCGGATGCCGTATCTCGTCAGCGCGAAATCGTATTTCACAGGGTCGCCGGGGCATATCTCCCGGAAGTTCTCTGTGATCTCCGCCGCGGCCCTGCCGTTCGCGCTCCTTGAACGGCAGAGCCCGAGCGTCGTCGTGATATTGAACATGTGGGTGTCGAGCGGGATCAGCAGCTCCGCCGGCGATATGCCGCGCCAGCCGCCGGGGTCGACGTCGTCGCGGCGCACCATCCAGCGCAGGAAGAGCGCCATGCGCTTGCAGGCGCTGCCCTTGGAGGGACGCGGCAGCAGGAACATGTTCTCGCGCCCCGCGCAGCGATTGAAGGTGTCGGCAAAGTTTTCCATCGCCGCCCCCATATCCCCCTTATATCCGGTTACGAAGAGCTCTTCAAGGCTGCCGCAGCGCCGCAGCACCTCGCCGGTCGCCGCAAGGAAGCCGCACATCTCGCCGCAGTCGGTGAAGCGATGGACAAAACCGCAGAGCTTCTCTTCGTGATCGCGCCGGCAGCTGTTTTTAAGGTATTCGGCGGGGTGAGGTCCGAGCGCGTCAAGCACCTTTCTGACGCTCTTCAATATCTGAGCCACCTTGCCGTAGGCGAGCCCCGAGGCTATGAGCCCGACTACCTCCCTATCGGCGGTATCTTCATAATCGTATAAAAACTGAAGCGGATCGGGTGACACATAGATCCGCTTGTTGTAATCGTCGTATATCTTTTCAAAAATCTCCCGGCTCGCGATCCTTGCCGGCGTCTCCTCAAGCGGTTTCAAGGCGCTACTTGAGGGTGTTGAAGCCAAAGGTCGGCGCGGTCTTCGGCGATTTACCCTTTTTGATCTTGTGGTAGTCGCTGTAGGTGAGCAGCGGGGCCTCTTTGAAATAGACCGACTCCTCGACCTCCCCGATGAACAGCATGTGGCTCGGCATCTCTATCGTCCTCACGACTTTCGCGTCAAAGGCCGCGACGCTCCACTCTTCGATGAGCGGGGTCCCGGCTCCGGCGAGGCTGTACTTGACGTTTTCAAACTTGTCGATATCGCGGCCGGACTTGAAGCCGAACTGGCCGATAAAGGTCATCGGCACATCCTGTTCGAGGATCGCGACGGAAAAGCGTCCGCTCTTCGCGACCATATCCGTCGTAAGGTTGGCCTTGTTGAGACAGGTGGCGACGCAGACCGGCTCCGAGGTGATCTGCATCACGGTATTGGCGATCTGCCCGTTGAGCCTGCCCTCAAGATCCGTGCTGACGATATACATCCCGTAGGTCAGTGAAAAAAGCGCCTTCATATCTATATTGCCCATCCTATTTACCTCCCTGTCATATTTTTGGCGACACCCTTATATCGAATG
CP171104.1_gap57	2666140	2669101	2961	AGCATAAGGAACCGGACGGCAGAGTGGTGGGAGGCCCGGCCTTTTATATAATGAACGGGCTGAATTGCAAACCCCTCGCGGTATTCTTCTCCGTCTCCCTCATCATCGCGCTCGGATTCATCGGCAACGCGGTGCAGACGAACTCGATAGCGGACGCCTGCAACGTCGCCTTCGGCTGGAATAAGCTATACGTCGGCATCTTCCTCGCCGCGCTCGGCGCTTACGTATTCTTCGGCGGCATCGGACGCATCGCCGCCATCACAGAAAAGCTCGTCCCCGTAATGGCGGCGATGTACCTCATCGGCGGCGCGATCATCCTTATAATGAACTTCACGCAGCTCCCCCACGCCTTCTGGATGATATTCAAGGGCGCCTTCAACCCGGCGGCGGCGACTGGCGGCCTCATCGGCGTCTCGATCAAGCAGGCGGTACGCTACGGCGTGGCGCGCGGCCTCTTCTCCAATGAAGCCGGTATGGGCTCCACGCCTCACGCGCACGCGGTGGCAAAGGTCAAGCATCCCTGCGAGCAGGGCTACGCCGCCATCATCAGCGTGTTCATCGACACCTTCTGCGTCCTTAACATGACGGCATTCGTCATCTTCGTAACGGGAGCGATCGACGGACATACCAGCGGCATCGCGCTTACGCAGAAGGCTTTCAGCATCGGCCTCGGCCAGCTCGGCGTACCGTTTGTGGCGCTCTGCCTCTTCTTCTTCGCCTTCTCGACCGTCATCGGCTGGTACTTCTACGGCGAGCAGAACATAATTTTCCTCTGCGGCGAGAAGGGACTTCTCCCCTACCGCCTCATCGTCGTAGTCTTCCTGGTGCTCGGCTCGGTGCTCCAGCTCGACCTCGCCTGGCAGCTCGCGGACTTCTTCAACGGGATAATGGTCTTCCCGAACCTCGTCGCGCTGCTCGGCCTGGCCTCGATAGTTTCAAAGCAGCTCAACGAATACGAGAAGGACGGACGGCTGAAGGCGGCAAAGTAAAATTTTCCAGACAACAGAAAACGGGAGGCATCTCAAAGAGGGATGCCTCCCGTTTTTTATCGTGAATGATCAGCGTCGCACAGCTAGCAGAAGAGCCAGGCGAAGGGCGCGAGCAGGAATACGCTGAGCACCGCCCTGATGAAGTATATCCCCGTCAGCTTCCAGAAGCCGAGCGGTATCGACGACTGGAGGATGAGGACTCCGACCTCGGTCATGTAGATGAGGCCGGTGCCGGAGATGCAGGCGCACATAAACTTCGCGGCGACGGCTGTGCGGCCGGAGCCGACGACGGCGGCAAGGAACTGGTCCGCGTAGGCGAGCAGGAACGCGGGGGCCACCTCTTTGGCCTCGGGTATCTTCATGAGCTGGAGGCACCAGGCGAAGGGCGCGGACAGTATCTGGAATACCGGCGTGTTGTTGGCGATGATGAGGACGACGGTTCCCCAGGCGACGACAAGCGGCATCGTACTGACGACGAGCGAGACGAAGGTCTTCACGCCGGAATCGATCGTCATCGCCGTGGTCTGCTTCGCCGAACGCTCGACCGCAAGTTTGATCGCCCAGTCGCCGAGCGAATATCCCTTAGGGATGTCGTCGCCGATGCGCTGTTTGCCGGCCTTGCCGGAGAAGGTGTCCGGCATCGAGGAGAGCGGCCAGACGCGCGGCATGATGAGCGCGAGGATGAACGTCACCGCGTAGACCGCCGCCATTATCTGGAAATACATGTTCGGCAGGCCGACGAAATCCGCCATGACGTAGATGTAGGCGATGCTGATGACGGAGAAGGCCGTCGTGATGATCGAGGCCTCCCTGTCGGAGTAGTAACCCTGGTCGTGGACTTTGGTCGTGATGACGACGGCGACAGAGCAGCTGCCGACCCAGGAGGCGAGGCAGTCGACGGCGGAACGGCCCGGGAGTTTGAACATCGGGCCCATGATCGGGCGCGCGTAGGTGCCGACATATTCCATGAGGCCGTAGTCCGTCAGCAGCGGCACGACGCCGGCAAGGACGATGAAGATTATGAGTAGCGCCGGGGCGAGGATGATCGCCGGAGTGCCGCCGTTATCCATGTTCCAGACTATCTCGGGGCCAAGTTTGAAGAAGATCACGATATAGAGCGCCGCGCCGAGGAGACGCGAGGCGAGCCAAAAGGGCCTGACGATCAGCAGTTCGCCCCAGAAAGAATCCTTTGCGATCTTTTCAGGTTTGCAGAGCGTCGCCCACAGCGAGGCCAGGGCCGACAGCACGACGAGCACCATCGCGGTGCCCGGCAGCCACGGCTTCAGGATCGCCTTTCCCCAGTCGATCGCGATGCCAAGTATGGTATTGAGGCTGCCCTTCATTGGAATGGGCAGAAGAAAGACTATGGCACCGATAAGCGACGGGATCAAAAAACGCATGATTTGCGCGGATGTGTACTTCTGTTTTGCCGCCATTTTCAATACTCCCTTTCATAGTGGTTTTTTGACTTAAAATGCGAGACATCATAACGCGGCCTGCCGCAGACTGTCGTCCCCCCTTTTTCGGCGCGCCGCTTCGACCGGATCTTTTAGTCGAAAATTTTGCCCGGATTCATTATGTTGTTTGGATCAAGCGCCAGCTTTATCTTTCTCATGAGTTCAAGGTTCTGCGGCGGGCAGAGCTCCATAAAATAGTGTTTGCGTTTGCTGCCGATGCCGTGCTCGCCGCTGATGACGCCTCCGAGCGAGTCTGTGAGGCGGAATATATCCCATTCTATCTCCGTTTCGACGCGCTCCCACTCCGGGAGCGTCATCTCCGCGGGCTTCAGAATCGTCGGATGGAGGTTACCGTCGCCGGCGTGGCCGAAGTTGGCGATCGGCACGCCGTATTTTTTCTCTATTTCGCGCAGGCCGCGGGCGACTTCGGGTATCCTGGAGATCGGCACGACGATGTCCTCGTCTGCCTGCACCGGGTCCGTAAGGCGAAGCGCCTCGTCGATGCTGCGGCGCAC
CP171104.1_gap58	2670172	2671227	1055	TCGGCGCTTGACTTTATAATAAGGAGATTTTCTATGGCCGCTGGTTTTGATATTTCAACAATGTCGCTGATATTGGTATGTTTTTTAGTATTTCTCGCGGGATTCGTCGACGCCTCGGCTGGCGGCGGTGGGATCATTTCACTGCCAGCCTATATATTCACGGGTATGCCGGCTCATCTGGCGCTGGGCTGCAACAAGTTTTCAAGTTCCTGCGGCACCACTCTCGCGGTGTTCAAATTTTGGCGCGGCGGCGCCGTCAACCTGCGCGCGGCGGCGATCGCCGCGGTCGGCTCCTTCATCGGATCAGCCGTCGGCGCTAAGACTGCGCTGATGCTAAGCGACCAGACGATCAAGACGATGCTCCTCATCATACTGCCCTGCGCGGCGGTGGTCATATTTCTCAAGAGAAACCTCGGCGACAGTGACGATTCCGCTCAAATGGGGCGCGACAAAGCCGCGGCGCTCGCCTTTATGATCGGGCTGCTGATCGGGGGATACGACGGCCTCTTCGGGCCGGGAACGGGGACCTTCGCGATCATGGCCTTCTCGTCTCTCATGAAGTTCGATCTCAAGACCGCCTCGGGAAACGCAAAAATACTTAATCTGGCCTCAAACTACGCCTCACTGATAACCTTCGCCTTCGCCGGCACGATAATGTACGGCGTGGCGATCCCGGCCGCGGTCTGCGGCATCGCCGGAAACTACCTCGGCGCCCACTGCGCGCTGACGAAAGGGGCGCGTTTCATCCGCCCGATGATGCTCGCCGTGCTGGCGCTGCTGCTGCTGAAGCTGCTGTGGGACATCCTCTCTTAAAAATACGTCCCGCGGCGCGTAAAATGCCGCGCACCTCAAAGATGCGCGGCATTTATCTCAATCTCTATCAGCAAAAATTATTTAAGGAAACACTACCTTCCGGGACGGCCCTCCACCGCCTCTTTGATCCTCTTCATCCCCTCTTCGATATAATCGTAAGAGCGGCAGTAGGCGAGGCGGATGTGCCCCGGCATTCCGAAGACTTCGCCGGGGACGGTCGATACTCCGGCCTCCTCGAGCAG
CP171104.1_gap59	2690669	2692975	2306	ATGCGATCCGCAAGGCGCTCGGGCTTGAGCCGGTCAAGAATACGCTTGAAGGTTCGCCGGAGAGCATCGCCGCGGCCCGTCCGATCGGCTTCTGCGCGGGATGCCCGCACCGCGGAACCTATGTCGGAATGGAAAAAGGCTTCAAAGCTTGCGGCCTGAAGAAGGAACAGGTCTTCATCACCGGCGACATCGGATGCACGATTCTCGGCAGCTGCCCCCCCTACAACATACTCTGGACGGAGCTTGCGATGGGCGCGAGCATCCCTCTCGCGCAGGGCGTGGTACACAGCAACATCCCCGCTCCGGTATTCGCCACTCTCGGCGACTCGACCTTCTTCCACGCCGGACTTCCCGGACTGGCGAACGTCATCCAGCATAACGTGGATATGACCGTAGTCATCCTTGACAACGGCTGGACGGGAATGACCGGCATGCAGATCAACCCCGGCACGGCTCAGGAATATCAGAAGCATGACTGGAAGCATATGGATATCGAGTCGGTCGTCCGCGGCATGGGCGTGAAGAACCTCTGGGTCGTAGACGCCTATGATATCGACGGCGTTGCCAAGGCCACCGAAGAAGCTATCAAGACAAAGGGGCTCAAGGTCATCCTTTCGCGCCGTGAGTGCAAGATCCAGGCCGACCGCCACGGCGTCAAGAAGTATTACAACGTCGCCGTCGATGAAAAGAAGTGCGTCGGCTGCAAGATGTGCATCAAGGTAAGCGGCTGTTCCGCCCTTGAACTCGTCGACAAGAAGATACGCATTGACGCTTCGCAGTGCAACGGCTGCGGCGTCTGCACATACACCTGCCCGACAAAGGCTCTCCGTAAAGAAGACTAGGAGGTAGTAATGATGAGCAATTATTTTGATATATACACCGTAGGCGTTGGCGGTCAGGGTATACTGACTATATCGGATATCATCACACAGGCCGCCGTTCAAAAGGGACTTGATGTCAACTACTATCCTTCAAAGGGTATGGCTCAGCGCGGCGGCTTCGTAAGATCACAGGTCCGCCTCGGCCGCAAGCAGGGAACATTCTCGCCGAGCATCTCCCCCGCCGGATCGGACCTCGTCGTCTCGATGGAACTTTCCGAGACGCTCAAGGCCATCCGCTTTGCGAAAAAGGACGCCGACTTCGTAATCCTTGGACTCCGCTGGCTCCCTGCCGACGTGATGATGGGCGACGCGCCCTATCCCGAGACCGAGGCTGTCCTTGAAGAGATCCGCAAGGCGGGCGGCAAGCCGCACTACTTCGACCCCGCAAAGGTTCCCGCCGGCATGAGGCCGAACCTCTATGCTCTCGGAGCGGTCTGCGCGAATTCAAGGCTCCTTGAATTCCTCTCAAAAGAATTCATCGAAGAGTTCATCGCCAATAAATGGAAGAAGGTTGCCGAAGCCAACCTCGCGACATTCAGAGCCGGATTCGACGCCGCACCACAAGATTAATCTTGGCTGCTTCCCTGTAAAGGCGTATAGTCTATGCGCCTTTACAGGCTTTTACAGAAAGGCTGGTAATAGCATTGGAATTTCAGAATTTATTTTATCCTAAAGCGGTAGCCGTCTTTGGCTCGGCCAGCGAAGGCAAACTAGCAAACGTATTAATCAACCGCCTGCTCGATGGCGGCATGGAACGGGTCTTTGCCGTAAACCCAAAGGCTATTTCTGTACGCACGGCGAAGGGTTGCGCCTCGCTGAACGACGTCCCCGAAAAGGTCGACATGGCCGTTATCGCGGCCCCAGCCGTCACGGTCAACGGGATCCTGGAGGACTGCGGCAAATGCGGCGTAAAGGCCGCCATAATAATCAGCTCCGGCTTCTCTGAGGCGGGAAACGCCGAAGGCGAAAAGGAAATAATAGCAACTGCGAAACGCCACGGCATCCGCTTCATCGGGCCGAACTGCGCGGGTATGGTCTGCACGCAAGGCAATCTCGTCGCTACGCTTGAGACTGCGCCTCCGAGCGGCAACATTTCGATCATTTCACAGAGCGGTGCGATCGGCGGCTCCTTCATGGCCCTTTCGGCACAGTTCGGCGTCGGCATCTCAAAGTTCCTGAGTTACGGCAACGGCGGAGACCTTACGGTCCTGGAGCTGCTGCGCTATCTTAAAAACGACGAAGAGACAAAGGTCATCGCGCTCTATCTTGAATCAATTCCCACGGGCCGCGAATTCATGGCGGCCGTCCGTGAGGTGAGCGCCGTGAAGCCGGTCGTCATCGTCAAATCCGGCCGTTCAAACGCAGGACAGCGCGCAGCAATGTCACACACCGGCTCAATGGCCGGAGCGGACGTGGTCTGCGATG
CP171104.1_gap60	2705386	2710057	4671	CAAACCAGCAGGTCGAGCATCGACAGGGGCACGCCTAAAACCTGGCGTGGTTCCAGAGAAACTGTGTTCCGCAGTTTTTCCTTCGCATCCCCGATCTCACGCTGCCTGGTCATGAGTTCATCGATTTCGTTCTGAAGCTGGTCATACTTTCGCTGCATGGCGCATATTATATCCACAACATCCTCAGGCTGCTGCATGCACGAAATTCGATAACGCGTCAGCACGGAATGTATTTCTTTAAGAGAGAATCCCCATTTTTTATAAGTCAGGATAAGCTGCAGATCTCTTTCGCATGTTTCGTCTACAAAATATTGTTTTCCTTTGCGCGGGGGGACGATCAACCCTATATTAATGTAGTAATAAAGGCTGTCTACCGAGATTTTGTACTTTTTAGCAAGTGTGCCGATACGCATTTTCTTTCGCCTTTCTATAAAACATGAAAAAGCTTATGCCTGACGTCCATCACCTGTACGCAATCAATCAGAATTTTTCTTTGGAAATATTTTTCCATTACCATTAAACGAACGCAGTTACACTTTACTAATATTATATAACAAAAATGGGCCTCTGGGCAGATTTACTTGCGGCAAATCAGCCGGGCCACATCCTAAATAATTTCTTTTATTTTCGTGCAATTTGTCAACTATAAGTAGTTGGCTGACAAGAGCACGAAAGCCTCCGTTACACGCGACGGCCCCGCATTGCCCCTGTCAGCCAGGGATCAGAATTCGCACCCTTTCCACAGAGAACGAGCTGCTGATATCTATATTTTACACATTATCGCCGTAAGATAAACCAAAGAAACAGTTATATTCCAGCGTTATTTTTCCGTAGCGACTATTTTCAGCTCGGTAACGTCATGGAATCCGTATATACCCTGATGTCGGGCGATTCCCGAAAGCTTGTATCCGCCAAAGGGATTCCACGGTTTTAGGTAATACTGGTTGTTATGCCCCACCATGCCGCTTTCAAGCCGCGATGCCACGCGCTCGTAGCGGGCGCGATCCGATGTGTAAACGTACGCACCAAGCCCATATTCGGTATCGTTGGCCAGTCTGACCGCCTCTTCCTCCGTATGGAACGGCATTATCGGAAGCACGGGGCCGAAGACCTCTTCCGACCATACCGCCATATCGGGGGTTACGTTCGTCAAAAGCGTAGGCGCGTAGTAGGCATCTCCGAGCTCGGGCAGGGACTTGCCACCGCAGACGACAAAAGCTCCGGCCGCTATGGACCGCTCAACCTGGTCCTCCACCTCTTTTTTCTGACCTATTGATGAGAGCGGCCCCATATCAACGCCCTCTTCAAAGGGATCTCCGACTTTTTTGCCTTCTATTAGAGCCTTCAGTTTCTCTACCACCTCGTTGAATACCGAGGACTCCACCAGGAGACGTTTTTGCCCGTCACATACCTGTCCGCAGTTGAAAAAACGGTTGAAATATATCGAATCCAGCACCACGTCTATGTCGGCGTCCGCAAAGACGATGCCGGGAGCGGAGCCGCCCATCTCCAGCAGGACCGGAATGAACTTCTTAGCCGCCGCCTCGTACAGGCCGCGTCCAACCTTCGTGCTGCCGGTAAAGCAGATGATGTTTATATCCTGCGCCGTCAGGTAATCGGCGTCCGCCCCTTTGACAAAGACCGCCTGATAGAGGTCCTGCGGCAGAACGTCCTGGAAGAGTTTCGCGATTAGCTGCGAGCTGAGCGGATTCTCCGACGAATGCTTCAGAATGACGGCGTTGCCGGAGAGCAGATTCTGCCCGCACTGCCAGATCACACTGGAAAATGGGAAGTTCCATGGTACGATGGAACAGGCCAGGCCGCGCGGCTCACGGTAGACGGTGTGTATCACATCGTCGTCTTCATGGATGATCTGCGGGGCCAGCGCCTCCTCCGCGTGGTCGATGTACCACTGCAGGAAAGAGATGCCGGTATCATCGACGTCCCCATAGGACTGGTCCAGCGGCATACCTATCTCTTTCGAGACGATCTCCGCTATTTCCCGCCTCTGCGCGGTCAGGTGATCGGCAAGTTTCTGCATTATCTCCCTGCGTTCGCCAAGCGGCCTAGCCGCCCATAGTTTTTGCGCCGCGTGTCCGCGTATCACCATTTCGTCTATCTGCGGACGCGTCGTAAGTTCCACTTCACCAAGCAAAGAGCCGGTCGCGGGGTTGAAAGATTTGATTGTCGCCATGTCTTTTTCCTCCTGTTTTGTTCTATGATAATCTGCCGGTATGATCCGGCACCTTTTATGAAGCGCCTTTTATGAGGTTTGATGTTATCGTAGCCTAATGATATATTAGATTGCTTTTCAGCCGACCGTAAACGCGTGTCCCGATCTTAATTCCGCCGCGGCGGTTGTCTTTTATACTATCGTGACCGATTCTTCCTCCTCATCGAACGCCTCTTCATTTTCCATAACCTCTAATTTGGCGCGAAGCTGTTCCAGCGGCACAGTTTCAAAAAGCGGCTTTTTCATGACAAATTTTACCCAGCAAACGCTCCATACGGCACATAGCGCAAGCGATGCCCCGGCAAAGAGAAATATTTGTCCGGAAATAACGGGGTCAGGATGGATCATGATGATCATTATCACCAAGCCAATGCAGGAAAGAATTGGCAATATCGGACCTCCAGGCACTTTGAAAGAGCGCGGCGCGTTGGGATATTTTTTACGCAGGATCAGCACATCGACATGAGCGATAATGTATGAGATCATCCAGCCGATGCACCCCGAGAGCACGTATGTCGAAATCATCGCCACGGAATCCGGGTCGTTGAATGCCAAAAGCATCACAGTGATCACAAAAACAAGCAATACTCCCACGTAGGGGGCGCCGTATCGGTTCAGCCTGGCAAACACTCGGGGAAATTGTCCCTCTTTGGCCATCCCATAGAGCATACGCGGAATGGCCGCCACAAACGTATTAAGCGTGCTTCCTGTCGCAACCAGAGAAATGATCCCGATCCAAATCTGGCCGGTACGCCCCATAACGGCCGTCGCCGCATCTACATGAGGCGCCGTGGAACTGGCAAGCTTATCAAGCGGCATATATTTCATGGCCATGAAGCCAAAAAGGATGTCACTGATAAATATAATCACGATACCCGAAATCATCGCGATCGGGATAAAGCGCTGAGGCTCTTTTACCTCTTCCGCCAAAGGACAGACGAACTCCAGACCGACAAACAGCCAGAAAGCGATCGACAGCATGGACAGGATGCCGCCTCCGGCTGCGATATCCCACGTAAGGTTAGTTTTCAAAGGCTGCCCGCTGCCAAGTTCAAACAGACCGATACAAGAAAGTATTACCATCGACGCGATCATCGTTCCGGCGAGAAATACCTGAGAATAGGCGAAAGATTTTGCTCCGAACAGGTTGATCACGGTCAACACCGCCATCATTACCAGCGCCCAGAATGTCGGTCCGACTCCGATATCAGGCAGAAAGTAATCATGAATTACCGTGCCGGCAATCGTAGACTCGGAGGCGTTCGAAAGTATGGAGACCAGGAAATAACCCGCAAGCACGGCGAAGATCCCGACCGTCCGTCCCATCGCGGGAAGCGTATAATGGTTGATGCCGCCGGCCACCGGCAGTAATCCTGTCAGTTCGGCAAAAGAAAAAGCGACAAAAAGATTTACTAGAGCGGCAATGACCATCGCAATCACAAACGCCCGGCCTCCAAGGCCAAATCCCTGTCCCAACATCAGCAAAGCCGAGCTGGAAACAACAATGCCGACCGCAGTGGCGACAGCCGGGATCAATCCAACCTCTCTCTTTAACTCACCCATAATTTTGCCTCCTTAAATAAATTAAAAGTAATAAAATCTGTGAATTAATGATATTTTTTCGAGCACACTCGGTGTCAATAAGCAACTTATATATTTTTTTATTATTTTTTTGTCACTACTCCACAATTAAGACTGACAATTACAATTTTTCTTAAAATTCGAGTCGGCTCAAATTATTTCGCAAAAATTGTCGAATTCAATATTGACATTGAGTTAACTTTATAAACTACATTATCATCATCGATATTTTTAATACGGCAATGACGAATTACCGCGTTATTGCAAAATATAACTAAGGAGGGCTTTACAATGGGAAAACAGGAAATACTTCAGGAAGTAAACCGCATATTGTGGTACATCGAAAACGGCGACCACCTCAGCAAGGATGATATTGCGACGATCAAGCAGGATACGATCGATAATTACCATGATTATTTCAACACCGGATATCTTGATTTCCGCAAATCGATCACGCCGGACGGCGCCACGATAGAGTGGGTGGGCAGCGGTGAAAACATCATCGACCTTGAGGGCAACAAATATATCGACTGCATCGGCGGCTTCGGGACCTATATCGGAGGACACCGCAACCCGGAGGTCGTTAAATATGTAAAGAGTCAGCTGGACCGCCTGACTCTCTCCAGCACAGAGCTGCTTGAGCCTCTGCGCGGATATCTGTGCAAGGCCATCGCAATGATCACCCCCGGCGACCTGCAGTATTCTTATCTGACAAACGGCGGCGCTGAAGCCGTTGAAATGGCGCTGAAGCTGGCAATTCTGTACAACGGCCCCGGCTATTTTATCTCCACTGTCGGCGGATTCCACGGGAAGAGCCTCGGAGCCGTTTCGATGACCGGCAAAGATTGCTACCGTGA
CP171104.1_gap61	2718981	2722420	3439	GTCGAGGTAGTTCTTTGCGACGCGGCGCTCCAGCGTCTCGATGTCGGCGTCGATGACGATCGCGACGCCGCCGTGCATCTTCATCGCCCAGGTCTGGTTGCCGCCCATTCCACCGGCTCCAGCCGTGAGAAGGATGCGGTTTTCCATATTTCCGCCGTAATGTTTGATGCCAACGGCGGCAAGCGTCTCAAAGGTGCCCTCGATGACTCCCTGGGTCCCGATATATTCCCACGGCGCCGCCGTGTACTGCGCAAAGATGGTAAGATTCTTCGCTTCAAGATCGTAGAATGTCTCCCATGAGGGGCGCATGAAGTTCGTCGTCGCCATGACGACGACCGGCGCGTATTTGTGAGTCTTGAATACCGCCACCGGCATACCTGACTGCACGACCAGGGTCTCGTCGTCTTCAAGCTCTTTAAGACTCTTGACGATCGCGTGGTAGGACTCCCAGTTACGCGCGCATTTGCCGTTGCCGCCGTAAATTATCAGCTTTTCCGGATGTTCCGCGTTCTCCATGTTGTTTTCGAGCATACGGAGGATCGTCTCCTGACGCCACCCTTTACACCTCAATGTGTTTCCGCGCTGTGCCTTTACCTCGTAGAGTATCTGTGCGTTGCCTGCCATAAGAACATCTCCTTTTTCATTATTAATTGCCTTGCGGCACGTTTTTTCTTAACTTGACAGGTCAATGGTAAAACAGCGTTATCAAAGAATCGTCAGGCCGAAAGAGGCCGCCGCATACTTGCATTGATGAAGGGCAGTTCCTTTTGATAAAAAATTAATGGTAAATGTCTATACTTTTTATATTGGGGGATCGTTTGGACAATATAATTAAAGTTTGCAAGGGCTCATTCTCAATATCGCTCGCGACGCCGGTCATATGCCTGATTTCCGCAAGAGGGCACGCAAAGCACCCACCCTCATTCGATGGCGGGCTCTTTGCTTGATTAAAGCCCGAACCGCTCCCGCAGCATCTTGACCCGATGCGGGACCGGGATTTTTGCGTATATTTCAGCGGCCTCTTCGGCATATTCTTTCGAAGATTTTTTGAGGATTTTGTTAAACTGCGGAGGCAAGCCGCCCTCCTCCAGCATCTTCGCGAGCCAGGCCTTCGCCATCGCATGTACGGAGATCCATGAATGCTTTTTTATCGGCGACGAGAGCAGCTCGCCGATCTCAAGCGAACGATAGGCGTCGTCATAACGTCTGCGCTCGGCGTCGGCGATCGACTTCAGACTATACAGGATCGAACCGCAGCGCCCTCCCTGACAGCGTTCAAAGACCTCCGTGCCGCGATAGATATTCTTAAACATCATCTCCATGTCCCCAAGGTCAAAGGCCACGTCCGCAAGGTGGGCGCGAAAATGGCTGCTGCCCCAGAAAAGCCCCTTCTCTTCGCAGACGCTTATGCAATGGTTGAAATGCTCCACAGCCCGCGCGAAATCTCCCTGCCAGTGGTAATTCTCACCTATATAACATTCGGCGGCCAGCATGCTGATAGTATAGTTCTTACCAAGCAGCGCCTGTTCCTCGAATATGGAGATCGAACGCCGCAGCACCTTTTCCGACCTCTCGTAATCTCCCATGATCTGAAAGGCGACGCCGATGTAACGCAAGGCGATACCCATATACTTTTCGCGTTCGTCGTCCCGCGCCGCGTTGAGCATCTCACGCGCCGTGCGCATAAGGGGCTCTGCATTGTCCGTCTGCAAAAAATAGTGCCCCATATTCGAGAGGGAATGAATGTATATCGTACTGAACGAATGCTCACGCGCTATCTTCATCGAGCGGTTAAGGAGAACGCGGGCTCTGTCGTATTCTCCCCAGCAGACCAGATAGCCGCCGCATAATTCCAGATAAGAGGCCTCCATCCGCAGTATCTCTTTCTCATTGTCGGCCCGCATGTTGTTTCTGATGTCGGACAGCAGCCTGCTCATAGCCTCCATTTTTTTCTCCGTATCAGAGCGGTCGTTGTAGGGATGAGTACAGGAAAAGAGCACATCATCCTGAATGAGCGGGAAGAGATCATGGTTCAGCGTTATGTCGAAGATCATTTCGCACAAATGTTGATTCAGGACATTCTCTGACAATCCGGCCTTAGTATAATGGTAACAGAGCATCGAACTGAGCGCGGGATCCCATTTCTTTGGGGAATACTGGCCGCTGAGCATATCCGCGACCTTCTTATGGTACTCGCTGAGCTTGAAAGCGGGTATGGCTTCATATACGCAGGCCCTCAGCTTGGCGTGGCTGAAATCTATGTGGACGCCGAAATCCATCGTCTTTATCTCTTTTATCAGCATCTTGCCAAGAAGCTCTTCCGCGACCGCGGAGACTTCCGTGGGGGAATCCCCAGTCACTTTGGCGATCAACGAGATGGTGGCCCCGTTTGTAAAGACCGACAGCACCCGCAGAAACTCCCTCTGTTTTTCGGATATCTCGCCAAACCTGGCGAGCATGACGCCGCCGAGTCCGCTGCCGGTAAATTCAGCCTTGGCATTTGCCCTCAGCATCTTCACCATTTCGGCGACGAGCAGCGGCACTCCCTCCGTTTCGTTATAAAAATAGTCCTTGTCCCTTGACTCGAGCAGCTCTTTATCGAGAAAATGGCTGCAAAAAGAGGCCGTCTCCGAACGATCGAACGGTTTGAGGGGTAGGTGGATAAAGTTCATCCTTCCGGCCTCCTTAAGCCTTGTCAGAGTGCGCGTTATATAACCGCTCTTCTCCGGACGGCTTGTGATAAATATGGTGGCGGGCAGAGAGAGGTTCTCAATAAACACCTCAAGCATATGGATCGACTGTCTGTCAAACCAGTGCATATCCTCCAAAACTATCACGGGGCGCCGCCCGGCGGCTGCGCGGCAGACAAGGCGGCTGACCGCCCTTCCTATGACTATGGGTGTGCGTTCCAGAACGACGACGGAGTCCGCGTTGTAAGATATGCGCCTGCCGCTCACAAAATTGGGAAAGACCCCGGCAAGCAGCGAAAAATTTACGCCGTCGTCCTCAGGCACCTCCTCGGCGCAATACAGTGCCGCCTGCTGTACAAGGTTGCTCCATGATGAATATGGATAATCCAGCCCCGCCTCGTAGGATCTTGTCGACAGTATTATATGGCCGTCGCCGTCAAAAAACGACAAAGCTCTGCGGAGCAGCGACGTTTTGCCTATCCCCGCCTCCCCGTCTATGAAAATAGCCACGGTACCGTTAGCGTCCTTTTCCAGCCGTTCAAAGATCAACTCCTGTTCCCTTTTCCGGCCGACAAAAAACGAGTCGGGAGAATCTCCCCCCTCTTCGCCCTCATGCGTATCCAGAACTATCATGCGCTTAAAATATTCTTCCGCTCTGGCCGAGGGGGTGAGAGAAAGCTCTTCGGTGAGGCGGCGCCTGTACTCGCGAAAAAGCGTGCTCGCCTTCGCCGCGCCGCGCCTTTTAAAAT
CP171104.1_gap62	2725277	2727454	2177	CCTTCATCGCGTGCATATCCGGAACGGTGATCCCAGTCCATATCGCGTTCATCCCCATACTGATCCCTCCCCTCCTCTTCCTCTTCAACAAACTCAATGTGGACCGACGTCAGGTCGCCTGTGCCCTCGCCTTTGGACTCAAGTGCCCCTACATCACGCTGCCGATAGGATACGGGCTGATCTTCCAGGGAATCATCGCCGCGGAGATGGGACGCAACGGCGTGGAGGTGGCCAGGGGCGCCGTCCCGTCCTTCACATGGATAATAGGCATAGGGATGATCATCGGCCTTCTCATCGCGGTGTTCATCTCTTATAACAGACCTAGACACTACGAGGACAAACCGATAATCGGCGGTACCGTAGAAAACCTGCCGGAGACCCTTACCAGGACACATTACCTGACGCTGGTGGCGATTATAGCGGCCTTCGCCGCCCAATTATGGTCCGGTTCGATGCCGCTGGGAGCCCTTGTCGCGCTTATCGTCATGATCGCCACCGGAGTGCTGAAATTCAAAGACCTTGACGACAGCTTTCTCGGCGGACTGGAGATAATGGGGCTGATCGCCTTCGTCATGCTGATCGCCGCCGGTTACGGCGCCGTACTCAGGGAGACTAAAGCGGTCGAACATCTTGTGAACAGCGTCGTTGGGCTGGTCGGTGGAAGCAAATTCTGGGGCGCGTTCCTCATGCTGGCCGTAGGGCTGCTGGTTACGATGGGTATTGGGACATCTTTCGGCACCGTTCCCGTAATAGCCGCTATCTACTGTCCGCTCGCGATGCATCTGGGTTTCTCAGTCGGAGCGACGGTCTGCCTCATCGCCGCCGCCGGCGCGCTGGGAGACGCGGGGTCTCCAGCCTCTGACACAACGCTCGGGCCAACGGCCGGACTGAACGCAGACGGCCAGCACAACCATATATGGGATACCTGCGTACCGACGTTTTTACATTACAACATTCCAATATTCATCGCCGCAATGATCGGCGCTTTGATGCTTTACTAATAAACACAACCTCTTTCAATGGGTCTTGTTCCTCCCACCCGCTATGCGGGGATGACAAACACGGTCTCTTTTGCCAGAAGGAGGGCCGTGTTTGTCATCTTTTGATTTATCAGAGGATATCAAAAATACATCAATATTATCTTAACAATAGCTCCTTGCGTCCGCTAAAATTTGATAAATCAATTACATTCATCCGCTATTATTCCCATATTGGTACATTTTTCAATTTTTGTTTAAGTAAAATCATACTTCATCGAGAGAAAGCAGTGAGGACAATGGAGCTAACAAAGGATCAGCTTGATATGCTGCACGGCGCGCAAGGGGATGCCGTAGCTTATGCGATGAGAATACAGGAGGGGCTCGGTCGTGTGTTCGGCGCGAAGCGCATGGTGCCGATCACACGCGCACATGTGGCTCTCAGCGCTCAGGACGCGGACCTGTGGTTTGTCGAAAAATTGGTCGATATGGGAGGTAAATGTAAAATACCTCCGACTGTCAATCCCAGCATCGACATCGGCTATTTGAACCGGCACCTTGCGGAAATACCCCGTGAAGGCAAGGATATAGTATCCAAAACAAATGACGCCTACCGCAAAATCGGCGCTCAGCTGACTTTTAACTGCACACCTTATTTACAGCAAAACGTTCCCGCCTATGGGGAGGTCATTGGCTTTTCCGAATCAAGCGCGACGCCTTTCGTCAACTCCGTCATTGGTGCCCGCACTAACAGAGAATCTTCACAGAGCGCTTTATGTGCCGCGATAACCGGCCTGGTCCCGGAGTATGGGCTGCTGCTTGATAAAAACAGGAAAGCGGAGATACTGGTCGAAGTAAAGGCTGAAATAAAAGACGACTTTGACTATCAACTGCTTGGCTGGTGTTATCCCCTCATCTACAACGGACCGGAGGTACCGGCATTTATCGGCATCAGCGAGCGGGCAACTCCGGAGGGATTCATGAATTTCGGCGCGCAATTGAATACATCCGGCGCGGTCGGCCTATACCATATTGCCGGGATCACGCCGGAGGCTCCCGACCTCAAGACGGCGTTTGGAGGAAAAGAACCGAAAAAAAGGGTGGTCATTGAACAGAAGGATCTCGAAATGGTACGTGAGCGTATCTGCGGTCAGCCCGGAAAGATAGACTTTGCTATGTTTGGATGCCCGCACCTCTCTA
CP171104.1_gap63	2728782	2733611	4829	CGGCAACACACGCAGCGGCCGGTTTTTGTCCGGACATCCCGCTGGGAATGGTCGAAGGAAATCCCTGTCGAAGGGGCATGGAAGAGGTCGCAAAAAGGGCAAATCTCGCTTTTATTATTAATGTGGTAAAAAATTATAATAATAAAGTTGCCGGAATATTTGCCGGAGATTTTCTGACGGCGCATCGCGAGGGGGTTAAGCTGGCACGGGAATCTTTCAAAGTATCTTTACCGGAATTGGCTGATATAGTCATCGTCAGCTCATCTCCAGCCGATCTCGACTACTGGCAGGCAGAAAAGGGGGTCACAAGCGCCTACTTCGCGGTGAAGAAGGGCGGTATCATCATCTTTGTATCTCCATGCTTCGAGGGACTCGCGCACAATCACCCGCATTTCCGCGAATGGCTGTCGCTGCCGCTTGAAGAGACCTTAAAAAGGCTGCGGAACGCCTCTCCTTTCGACACCAGCGTAGACATCATTTCCGCAGTGCTCGCAGTCTGCAACAGCCGTGTGCGCAACAAAGCGAGTATCTTTTCAGTGAGCGAAGGCCTGCTTCCAGAAGATATCGAAGCGATGCAATATACGCCTTTTCCAAACATTGAAGAGGCTCTGAACGAAGCTTTGAGACGGATTCCGCAGGCGACCATCGGCATATTGCCCAAGGGGGGCATCTCTCTCCCCATGCTTGAAGGTTGAAACATTAGTTTTGTCCACAGAAAGAAAGGAGGCATCTACAATCAGTCACTCTAAATTTTAGGTGAGATCGTTTCTGTTTATTTGCGGCGTATTTTTATATGTTGTTTGTCCATTTTAAAGGAGGAGAATAAAATGAAAAAACTGATAGCGATAGCGGTCTCTTTTATGGTGATGAATGCGGGCGCAGCTTTTGCGGCGCCGGAATATGTCATCAAGGTCGGATCTATAGTCTCCGAAACGCATGCGGATATGCTCGCCATGAACAAAGTCTTCAAGCCGCAGGTCGAAAAGTTATCAAATGGAAGAATCAAGGTAGAGCTCTATCCGAACGCGCAGCTTGGCGGCGACCGTGAGCTTTGCGAGGGCGTGCAGATGGGCACGATCCAGATGGCCTTGCCTGCGAGTTCCGCTCTTGCCGGTTTTGACAAGAAAGTTCAAGTACTTGATCTGCCCTACCTTTTTACCAGCAGAAAAACGGCGTTTGAAGCTCTTGACGGCATCCTCGGGAACAAACTGAATCAGTATCTGTTGTCCAAGGGATTCGTCGTCCTCGGTTATCAGGAAAATGGCATGCGCCACGTGACCAACAGCAAACGCCCCATCAAGAGCCCCGCTGACCTCAAGGGACTCAAGATCCGCACGATGGAGAACCCGATGCACATCGCCTTCTTCAAGGAACTCGGCGCCAACCCCACCCCGATGAGCTGGGGCGAGCTTTACACGGCACTGCAGCAGGGCACAGTAGATGCGGAAGAAAACCCCTACGCAATGATAGTGGACGGTAAATTTTACGAGGTGCAGAAATACGTATCAGAAACGGGACACGTATTCTCGGTGACGATGCTTATAGCCAATAAAAAATTCATGGACAAACTCCCCGCAGACCTGCGCGGGATCATCGTAAAGGCCTCTCATGATTTCGCCGCCGAACAGCGCAAAACAATAGCGGGGATGGAAAACGGCTTTAAAAACGAATGTATCAAAGCCGGAATGCAAGCGAACGAACTGACGCCGGAGCAGAAGAAGCCCTTCGTCGAAGCGACCAAAAAGGTTTACGCGCAGTTCGAGAAGGATCTCGGCAAGGAGATCATGGATATCGCAAGGAAGGTCCAGAAGTAATTCTTTCTCAGACCTTGAGCAATTATACGCGCGTCCCTTGCAAAAGGGACGCGCTTTATGCCACCACAGGAGGTTGTTGTTAGGATGACCGTCAAAAAGTTTTTTGATAATTTCGAGGAGTATTTCTGCGTCTGGACTATGGCCATTATGACCATTCTCGTCTTTATCCAGGTCGTTATGAGGTATGTCTTCTCTAATTCGCTCTCTTGGAGCGAGGAGTTAGCCCGTTTTATTTTCCTCTGGCTTTCCTGGATCGGCGCCAGTTATGCGGTAAAGGAGCGCAGCCATTTCCGCGTCGAGATGTTCGCCAATATGATAAAAGGAAGCTGCCGCAGGTTTTTTGAGTATTTTGTCCTGATCGTCTGGTTCGTTTTCAGTTTCATTCTCACATGGCTCGGCACAGAGCTGGTCATTTTTATTTATGATACGGGGCAGGCGTCCGCCGCGATGGATATCCCGATGACATGGCCCTACGCCTCGGTGCCTGTGGGCTGCGGACTGATGTGTATCCGCCTGATCGTTGAGATGTATAAGATTTATAAGGGCGAACCGGTCGGTTCGGAAAAGGGACAGGAAGAATTGGAGGAGATGATATAGATGGAGGCCGTTATTCTCTTCTCTCTGCTTATTGTAACGATCGGGCTCAGTATCCCGATCGGCATCACTCTCGGGCTTTCCACCGGCATCGCTATGTGGCTCACTTCGGATATCCCCATGGTGATGCTCGCGCAGAAGTCGGTGACGGGGCTCGATTCTTTCCCGCTCCTGGCGATCCCATTTTTCATCCTCGCGGGAGCGCTGATGTGCAACGGCGGCATTTCGCGCAGACTCGTCAATCTCGCGGAAAGCCTCGTCGGTTATATCACGGGCGGCCTCGCGATGGTGACGGTGCTCGCCTGTATGTTTTTCGCGGCGATCTCCGGCTCGGGGCCGGCGACGGTCTCGGCGATCGGCTCTTTTATGATCCCCTCGATGAAGGAGCGCAAGTATGACGCGGGTTTCGCGGCGGCGATCACCGCGGCGGCGGGAACGATCGGCGTCATCATCCCGCCTTCGATCCCCTTCGTCATCTATTGTATCGTCGCGCAGTGTTCGATCGGCGATATGTTTATCGCCGGCATAGTGCCGGGCGTTATGATCGGCGTCGCGTTGATGCTCGTCTGTTACTGCACGGCGAAGAAACGCCATTATGTGAGCGTTACGGAGCGTCCGAAGTTAGCCACGGTGTGGAAGGCCTTCAGAGAGGCTTTCTGGGCCCTTCTGGTGCCGGTAATAATTCTGGGCGACATCTACGGCGGCATCTTCACGCCGACGGAGGCGGCGGTCGTCGCGGTCGTCTATTCGGTTGTCATCGGCAAGTTCGTCTATAAGGAGCTCGACGGCAAGACTTTATATGAGTGTCTGCGCACGACGGGCCTCATCAACGGGGCGACGGAGTTTATGATCGGCCTTTCGATGGCCTTCGCGAGCTATCTGGCGATGGCGCAGATACCGGCGCATATCGCCTCATGGATGACGAGCCTCGCGCACAGCCCCTTCATCCTGCTGATGGTGATAAACGTCTTTCTGCTGATAATCGGCTGTTTCGTGGACAACATCGCGGCGGTGATCATCCTCACGCCGATCCTGCTGCCGGTGGTGAAGGCGATCGGGATAGATCCGATACACTTCGGGCTGATAATCACGGTGAACCTGGCCTGCGGCTTCATCTCGCCGCCATACGGGATAAACCTCTTCGTCGCCTCCGCGATCTCGGGAGAGAGCATCGAGGATATCTCAAAGGCGATACTGCCGTCTTTCTTCGCCATGGTCGTATGCCTGCTGCTCTTTACCTATTTCCCCATCTTCTCTATGGGGCTGCTGCAGCTTCTAAGATAACTCTCAACATAATATAAAAGGTGGTCGGACAGAAATGTCAAAACAGGCGTTTGAAAAAGCACATCGCTATCTTGCTCAAAAAAAGTCGGAGATGACGGCCTTCAGCGATTATCTCGCGGCCCATCCCGAGCTATCCGAAAAAGAATATGAGTCCAGCCGCATGATGGCGGAAAAATTATCCGCCGCCGGGTTCTCCGTGGAGTATCCTTATCTGGGGCTGCCCACCGCTTTCAAAGCCGTAAAAAGATCGCCTGACGGCGTGGAAAAGAAACCGGTGGTGGCGATCATGGCCGAGTACGACGCGCTGCCGGGAATCGGCCACGGCTGCGGGCACAACCTTCACGGAACGATGGCTCTTTTCGCTGGATTGGCAGTCGGAGAGGCCATCGGCGACATCTCCGGCGAGATACGTGTCATCGGCACGCCCGCTGAGGAGACGGACGGAGCGAAGGTACAGATGGCCGACGCCGGCGTCTTTGACGATGTAGATCTGGCCTTTATGTTCCACTCCTACGCAGGCGAGAGCTTCGCCGATTACAGGGCACTCGGCATCGACGGACTGGAATTCTCATTCACCGGGCAGACCTCTCATTCCGCCGCCTCGCCGTGGAAGGGGCGGAGCGCGCAGAACGGGATGATTCTCTTCATGGATGCCCTCAATATGCTTCGCCTGCATATGCACGACTATTGCAGAATGCACGCCATCATAAAAGAGGTGCGGGGCGCCGTCAACATCATCCCCGACCTCGCAGTATGCCAGGTCGAGACGCGGGCTCCGGACAAAGCGATGCTCGCCGGGCTGACCGAAGCGGTAATCAACTGCGCGACGGGCTGCGCCGCCGCGACAAATACCGCGGTCTCGTGGAAAAAATTCATGAGGAGCTTTGATGCGATGCTGCCAAACCTTGCCGCAGAACGGCTCGCCGAGGAGACTATGGCGGAATACGGCGTCCTTTGTACAAAAAACCACCTTCCCACAGGGTCGACGGACGTTGGAAACGTCTCCTACCGATGCCCGGCCATACAGCCGGAGCTGGCGATAGCAAGTGAAAAGATGGACCTCCACACACGCGAATTCGCTTCGGCCACAACCAGCGAAGAGGGGCATTCCGCCCTTGCCGAAGGAGCGGCCATCAT
CP171104.1_gap64	2740881	2741748	867	ACCCGAAGACGGGACGGATCATTGAAGACGGGCACTCACTCAACGGCGTCGACGTCTCTGGTAAGATCCTCGTCTTCCCCGGAGGCAAGGGCAGCTCCTCGGTGCAGCTGGACGGCCTTTATCAGCTGATGCTGAACGGAAAGAGCCCGGGGGGAATGATCGTCGAGTACGCAGACACGATCCTCGTCACCTGCGCCATTCTGATGAAGATCCCGCTTGTCGACCGGCTGCCGGGAGAATTTTATGAAAACGCCGCCGACGGCGTCTTATGCAGGCTCGACGCGGATAAGGGAACGGTCGCTCTTTCAGACTGATTCTTCGGGAGGGATTTCCTTGAAAGAAAATTACAGCTACGCGGGCAGATCATATCCTATCAACGACGCCGTATATAAGACGACCGGCGAGATGATATATGCCTCGGACATCAGACTGCCGGGGATGCTCTATCTGGAGCTGGCGTGCAGCACGCACCCGCACGCGAGGATACGCGCCGTCGATTCACGCGCGGCGCGCCGGCTGCGGGGAGTAGTCGAGGTATTCTCCTACGAGAATTCTCCGCATAAGAGGTACAACAACTGCCGCAAGACGCCGCTCCAGCAGGGCGTGCCCGAGGACAAGCTGCTCTACACGGACCGCGCGCGCTATGTCGGCGACGTCGTCGCTGGCGTCCTCGCCGAGAGCAGGGAAGCGGCGGAAGAGGGAGCGCGCCGGCTCGTCATAGATTACGAAGACCTGCCGGCGGCGGTCTCCATGAGCAAAAGCACGGCTCCGGACGCCTGCCCCGTACATGACGGCGGCAACATCCTCTGCAATGTTGATTTCTCCTGCGGCGGCGGCGCGGAAGCGGGGCTGACGGAGAGCGGCCGC
CP171104.1_gap65	2846387	2847954	1567	CACGCTAAGCACCACATGATATTCTTCGAGAAGAGCACCCGCTCACTGTTCGCGGGAGACGCCTTCGGCATCTCCTACCTTTGGATGACGGGTAAGAGGGGCCGCTGGGCCTTCCCCACCGCCTCGCCCGTGCAGTTCGACCCGGAGGCGATGATCGCGACGACAGAGATGATAACGGCGCTCGCGCCGTCGCGGATATTTATCACCCACTTCGGCGAACTGACGAACATAGGGGAAAACAGTGAGCTGCTTATCGAGGGCATAAAAAAATATGTCGGGATAACGGAGGCCGCGGCGGGCGACAAGACGAAAATAAAGGCCGGACTGGCAAAGCTGTACGCCGAGGCGGCAAAGGAAAACAACACAAAACTCCCCGCCGCGACGATCGAAGAATCCCTGCCGGTCGATCTTGAACTCAACGCGCAGGGGCTGTCGTTCTGGTACCGGCAGAGACATAAATAGCCGGATACAGCCGGGGAACCGCACTATATACGCAATGCGCGCCGCCGGCCATCAGCGCCGGCGGCGTTTGCCGTCCGGTGCGTAAAATATTGTGACATAAGCGCCCGATTTATTGAGAATAATGTGACAGGTGACAGATGGTAATATTCCTCCCTCCGTCCCGCTCAAGTACCCAAAGGGCTGACATATGAGGTGGATATTTCTGATTTAAGCGTGTGACAAAAAACGGCCGTACACCGGTGATATAGCCATACGTACACAAACCGCCTGAACAGAGGGCGTTTTTCGTCGCTCTGTTTTAGCGCCGGAGACTGCGGCGGCCGGCGCATTTTCAAATCCGCCGGTCTATGTTATTCTTTTTCATGGTATGGAGCTTGACCTTTTATTTTAGCGGCGGCTTTCAATGTAAGTGGCGGGAGCCGCGGACGGAGAATCATCATGGTGGAAATCGAAAAATTCAGCGCCGGGATCATATGCGGGGAGGACACTCTCCTGCTTGGGAACAACGAAAGGAAAAACGCCAGCATCGGCAAGATAATCGAAATGTGGCCCGAAGCCTGTCCGGACCATGCGCTCGTCGTGCTCGACCACAAGGGGCGTCTATATGAGAGCTTTGCGGGCGACGCGCTGCTTGCCGATCTTTCCAGCGAGGGATCCGTCATCCCGGACCTCATCGAACCCTTCGCCGCCAACGAAGACATCGGCGCTGGAAGCGAAAACATCGCCTACGCGCTGCGCCAGGCGGTCTATCAGGAGATAAAATCCCGCGACGCCAACGACAAGTTCTTTGACGATCTCGGCAAGCTCTCGACGGACAGAATGCTCATCTATATGCTGGAAACGGCGAAAAACGTCGTCCACAACATCGCCGCCTGCGCCGGCGAAGAGGGCGGGGAGGGCGTCGTCCGCCTCCTGGCCAGACTGAACCTCTTCAAGATCTTCTGCCGCCAACACAGATTTATCGAGACGCTGATGACTAAGACCATCGGCGGCGAGCCCGACACGCTTCCGGTGAAATACAGGCTCAAAGAGGCGGAGTCGAAGAGCGGCTTTATCACGAGGGAATTCGCGCTGGCGAAATACATTCTCGACCACGAACTGCGAT
CP171104.1_gap66	2850711	2852442	1731	CGTTCTGCAGATTCGTCTGTCCCGAAGGCGCGCGATACGGACTCGTTTCTCTGACGCGCTTAATAACCGTGACCCGTGATAAAGACCTCTGTATCAGCTGCGGCGCCTGTGACAGAAAATGCCCAATGGCGATCAAAGTGTCAAAAAGCACCGTCGTTGTCACGCCGCAGTGCATAAGCTGCGGAGAATGCCTGAAAGCCTGTCCGAAAAGCGGCGCGCTGACGCCGGCGCTGCGTCCGTTCAAAGAAGCGGTCCCGCTCGCGCTTATGGGCGTAGGAATCTGGTTCGCCATAAGATATGCCATGGGCATCATGGCGCAATTCGGGTAAACAAGAACGATCAAGGCTCGGCGGACCATAGCTCGGCGGTCCGCCGAAGTCGTATACGAAAAAGACAAGAAGAACTCTTCGGAGGCCTCAAAAAAGCTGCACAACAGCAATTAGCTTCTATCTTAAAACTTAAAAAATTGCTTACTCACTCGTCATAGCAAGTGCCCTGAATCATGCGCAAAATTTTCATAGTACCCATTCTTTCTGGATATATCAAGTCCTGCTTTTTTTAAAATTGGGATCCATTTTTCTACTGTTATTTCATCAAAACGTGTGGAAGGCAAAGTTATATTCAGACTAGCCACGATCTGCCCGAGGTGATTGAAAATCGGCACGCCAATACCGGCCGTATCGTCGCGTCGTTCTTTATAACTCACCCAATAGCCATCTTTGCGCGTCTTATCAAGTATCCTTTCAATTTTCCCTCTGTCTATTACCGTATGTTCCGTTAATTTAGGAAATCCTATGGTCGATTCCAACATATCGAGTTCTTTTTTGGTCATACCAGCCATCAAAATATTTCCAGAAGCCCCTCCGTGTAAATAATTAGCCTCCCCTATCTTTGCCGAATACCTAATAGATAAATCGCTTTCGACTTTGGCGATACAGATTTTTTTGAATCCTTTTCTGATAAAAAGAGAAATAGTCTCATTCGTCTCTTCTTTTAATTTTTCCATGAACGGCCGTGCCAGAGAAACGATATCTATGGATGAAACAGCGGCGTTCCCCAAATATATCATACTGGGACCGAGAGAGTAGAGCTTTGATTTAGGATCGACATCCAACAGGCCACAAGTTATCAGAGTAGCTAAAAAACGGTATAGGGTGGCCTGAGGCAGATCCAGTCGGTTGTTTATCTCCGCAAAACTCAGTCCGCTTTTTTCACCAAAAAGTTCAAGTATTTTATATGCTTTATAAACGGACATGATGACGGACTTTTTATTACCCATTTCTTCGCCAAATATGATATTATCTTTATCTTTCAAAAATATCCGCCCTTTTATTATGTATATAATTTTAGCTACACCACTGAGAATTATAATTGCATTCTGCCAATGCTTGCAATTATCAGTTCCATGAAAAATACCCGCACAGATAAACCCATTTTGTCACATATAATTATGCCACAAACATGTAGTCAGTGAGAGCTTTACATAAAATACCAGGGAGGACGTCAAACTTCTAAATTGAGCTTTTTAATAATTTCATAAGGGCTCCCAGCTCTGTTAAACTATCAAACTTCCATACTTTGTCACATATTTCCATTATCGTTTCTGTTGAAATTAATCCTTTAGCCATATTTTTAAATTTTTCACAGAGCTCCGGATAACCTATCGGCAATTCAGGCGAACCTTTTAAGGTATATACCGTTTTCTCAAATGAAGTCCCGTTTTTTAACTCT
CP171104.1_gap67	2890383	2891812	1429	GAACATGTCGGCAGCAAAAATTTCCGTTCTTATATGAACGTCGTACACCGCGTCCTGCGAAAAAACGGCATCTTTCTGCTGCACACGATCGGAGGCAATACCTCAGGCATAAATTGTGACCAGTGGCTCAACAAATACATCTTCCCCCACGGCTCGCTCCCCTCGGCGGCACAGATAGCGTCGGCGGCGGAGGGGCTTTTTGTAATAGAAGACCTTCATAATCTCGGCGCCCATTACGACAAGACCCTGATGAGCTGGTATCGTAATTTCACGAAATCGTGGCCGGCCTTTGCCGAAAGATACGGCGAACGTTTCCAGCGCATGTGGAGCTACTACCTGCTCTCCTGCGCCGGTGCCTTCCGCTCCCGCGCCATCCAGCTTTTTCAGGTGCTGATGACGAGATCGTGCGACGCAAGGGAACAGCCATCCGCCACGCTGCGGTAAAAGATAAAAGGACAGTTGACAAGCCGGCCCTATTCTTTTAGAATGTCCCTCAATTAAACATGGAGCAGGCGATGACTCAACTTTGAGCGTGGGGCTGGGCCGGGACAACAACCCGGCAGCGGGCGATGAAATTTATGCGGCTCGCGGGACCGTTAAAAACGATTCCGCGGGCCGTATTTTTGTACAGCGGCATCAGCGAGACAGGGAGTGTTTGCAGTGGCGGAGATAACTGAAAGATACTGTGGATTGAGCGCCGCCGAAGTCGAAGAACGGCGCGGGCGATATGGCAGGAACGTGATCGCGGAGGAGGAGGGGAAAAACCCTCTTAAAAAGGTGCTCAAGTTTTTCTCGGAGCCTGTCTTTTTATTGCTCATCGGCGCGGCCTGCCTCTACTTTTTCCTGGGAGAGCCTCGCGACGGCGCCGTTATGCTCATCTTCGTGGCATTCATGGGCGCGATAAATATCTATCAGGAATGGAAGACGGACCGGACGCTGGAAGCGCTGAAATCTCTTTCATCTCCTAAGGTGACGGCGGTGCGCGGGGGCGAGGTCGTCACAGTCCCATCCGAAGACCTCGTTCCGGGCGACATTATCATTCTCTCGGAGGGAGAGCGGATCTCCGCTGACGGCGACGTGCTTGAAAACGACGGCTTCGGCGCTGACGAGTCGACGCTCACCGGCGAGTCGGAGATCGTCTGGAAGGTCTGCGCTCCCCAAGGAAAGGCCGGACGCGGCTGGCGCACCGACCGCTGCTATGCCGGAACAAACGCCGTGGCCGGACGCGCCGTCGTTTGCGTTACCGAGACCGGGGCACACACCGAATACGGAAAGATCGGAGCAGATGTCGCCCTGGCCCCCGACCGCCCGACTCCGCTTGAAAAACAGACACGCCGCCTCGTGCGCGATTGCTCCGTCTTCAGCCTTCTGATGCTGATATTCGTCGTCGCGGCCACATATTACAGGGGCGGCGGCATCATCGAGGCAG
CP171104.1_gap68	2928226	2931869	3643	GATAAGAAGATTACTCACAAAGTTCAGATGACAGACGGGAAAAGAGATATCATCAGATACCTACTTCAGGAATACGATATCAAATCTGCAAAGGATATCCAGGATGCGCTGAAAGATCTTCTGGGTGGTACGATTAAAGAGATGATGGAGACTGAGATGGACGAACATCTCGGTTATAAGAAATCTCAGCGTTCAGAAGGCAGCGACTACCGCAACGGATACAAACAAAAGCATGTAAACTCAAGTTTTGGAGAGTTTTCCATAGACGTTCCTCAGGACAGGGAATCCAGCTTCGAGCCTAAGATAGTAAGAAAGCGACAAAAAGATATTTCCGAGATAGACCAGAAAATAATATCTATGTACGCTAAAGGAATGACTACCCGTCAGATATCGGCAACGATACAGGATATTTACGGGTTCGACGTCTCAGAAGGCTTCATATCGGATGTGACTGACAAGATAATGCCGCAGATCGAAGAATGGCAGAACAGGCCACTCTCCGAAGTCTATCCCATTGTTTTTATAGATGCGATTCATTATTCTGTTAGGGAAGATAACGCAGTAAAGAAGCTCGCAGCCTATGTAATACTTGGAATCAACAGCAACGGTATAAAAGAAGTGCTTTCTCTGCAGGTGGGGGAAAATGAAAGCGCCAAATACTGGCTGACAGTCCTGAATTCCCTGAAGAACCGTGGTGTAAGGGATATCTTCATTCTCTGTGCAGACGGCCTTAGCGGAATGCGCGAAGCAGTCGAAAGTGCGTTCCCGCAGACCGAATACCAGCGCTGCCTTATACATCAGGTCAGGAGCACTATGAAATATGTGGTTGAAAAAGACCGCAAAGAATTTGCCGCAGACCTGAAAACAATCTATCAAGCTCCCGACGAGTCCCATGCGCTGGAAGCCAGGGATCGTGTTGCTGAGAAATGGGGATCAAAATATGCAAATGCAGTGAAGGGGTGGGAGCGCAACTGGGATACGATCTCTCCGATATTTAAATTTTCTTGCCAGGTAAGAAAGGTCATTTACACGACAAACGCGATAGAAAGCCTTAATTCCAGCTATCGCAGGCTCAACAGCCAAAGAAGCGTATTCCCCAGCGCAGGCGCCCTTTTAAAAGCCTTATATCTGGCTACTTTTGAGGCGACCAAAAAATGGAGTATGCCAGTTAGGAACTGGCGCAGTATCCTTGGTGAACTAGCTGTAATGTATGAAGGACGGATGCCTGAATAGGCTAAGATTAATAAAAAGCGGTCAGTGTTTGTATTGACACTGGCCACTTAATAGGTTGATAATTTTGTTATACAGGGATCGTTATTAGCCCTAGTTGTATTGGATTTCTCACATAAGGTCCATATTTACAGAGTTTTTTTCACACGCCCTCCGATGCAATATCGAAGTCTCTTTATTGAATAAATTTTTGATACCCTTGGGAGCTTTTATAGCGTTGTCCGGTTTGCGGGACTCTGTTCAGCCGAGGGGGCTGGCTCGGCGGTGTTTTTCCGCCGAGACTGGAGGAGGCTTGACCTTGGGTTTTGTGTTTTGATCTTGATCTTATCTTCTTCCGCCTTTTCCGCGGCTTGCGCCGCGGGCACTGTGTGGCGCGGAAAACATGCGCCGCACAGTACAACACTCCTTCCGACCCGGCGCAAAATCGCGCGCCGGCCCACCTCCCTCGGCGAGGGAGGCTTTAAAGGCATAAATCGCAGTTTACCGTTCCCCCGCAATCGCGTAAATCGCTATTTATCTTTCCCCGTAATCGTTTATAAACGCCAATTCACCCTCTGTTGACGCGGTTGCCCTGCGCGCGGCACTCTTAACTTTTGTGCCCTTTGCGGATAGAATATATAAAGACGGGCAAGGTTTTGCGGCACCGTCATTCCTGACAGAAGGAGGGTACGCCGCTGGAATATATTTCGATAAAAGAGGCCTCGCTGAGGTGGGGGCTCTCACAGCGCCGGGTGCAGACGCTTTGCAGCGAGGGGCGCGTCGCCGGAGCCGTGAAGTACCAGCGTTCCTGGATGATACCTGCCGGGATCGGGATGGATGAAGACTCGCGGGAACGGCGGCTGGCGTCCCCCACGGTCCGCCATTCTCTGCCCTACAGGTGTCCGCCCTTCATCATGAGCCGCGTCTACCGGTACCCCGGCGAGGCACGGCAGACGATCGAGCGGCTGCGGGAGAGCTGCCCCGACGCGGCGCGCCTATTTGAGGCATCTCTCTGTTATTACAGGTTTGAGATAGGCCGCGCCGTCGAGATCGTCGAAGAGCTGCTCGAAGAGACCGACTGTTTTGACACGCGCATCGGGCTGGCGCACATTTTATCGCTAAAAGCGCTTTATATAGGCAACGCCGCGCTGTGGCGCAGAGCGCGGGATATCATCCTCATGTCCGATTACGGGTCGGAGCAGGATCTGGCGCAGATCGAGTTCAACCTCGCCACGCTGGACAGCGCCATCTTCACCGACGAGAGCTTTCCCGAGTGGTTCCGCAGGGGCGATTGGGACAATCTTCCGGCCGACTCTTACCCGCCGGCCCGCTATGTATATCTCAAACACCTCTACATCAACGGACGATTCGGCGCGCTCTCCGCCACAGCCGGACCGTTCATATCGCAGTGCCGCGCGGAGGGCGCCCTCGTCGCGGAGATTTATCTGCGCGTCATCGCGGCGATGGGGTTTCACGACAACGGCGACGATATGCGCGCCGAAGCGTACTTAAAAGGCGCGCTGGATTTGGCGCGCCCCGATAAGATCTACGCGCCCTTCGCGGAGTACCGGCGTTCCTTCGGCGGCCTCCTCGACAAAGTCATACGCGGTGCCGAACCGGAGATGCTGAAAAAGATCGCCGCTGTCAGCGAGGAGATCGTCGCCGGCTGGACCTCTTTATATAACGAGCTTTACGGCACGAAGCTGACCAACGAACTGACGCTGCGCGAATATGAGGCGGCGCGGCTCGTGTGGCGCGGGATGGGCAACGCCGAGATCGCGCGGCACATGAATATATCGCTGAACACCGTCAAACTTTATATGAAGGCGATATATATGAAGCTCGACGTGAACAGCAGAGAGGAAATCTCCCCCTATATCTGGAAATAGCCCAAAAATGGCGTGTTTGCGGGTGTACCGCGCCGGCGCGCCGCGGCCTATACTTTAAAGGTGATCTGAGCGTCTTCTTGACGCGATTCTTTAAAGTATGGGAGGGTTCGGTTTGCCCGTAAAAGAGGAAGTTCACCGGCACACGGCGTTAAACGGCGATCGGGAGCCTCACGGCATCCTGCGCCGCGGGCTCCCCTACGCTGACAACCTCCCCGTCGTCCTGCTGACCGCCGCGATCAACCTCGCCTGCGTTTTTATCTTCTATTACGGAAGGGAGATCGACCTTAAAGGCGTGCTCACCGATTCATTTTATTGCGGCGTTATAACGCCGTTTATCAACGTATTTGTCATCGGCTCATGCGTCGCGAGGCTGCGCGCGTTGGGCAGCCTGCCCGCCGCGGTACCTGTGAATGCGCTGATGATGCGGCTGCCTAAGAATAAATTCCTGCTCGCGCTTCTCTTCGCGGCGGTTTTCGGCCCGCTCACGCCGCTCGTCAATCTCGCGCTGATCAGGTTCTACGGCATAACGAATTTCGGCTTCGTGC
CP171104.1_gap69	2959459	2964338	4879	GAAAACGGTGCCGGCAAATATAAGCGATAAGATAGTGGTGTCTGCAAGAGCAATACAGCCCTGCATCACATTATAAATAGCCTGTTCCATTCGTCAGCACCTCCTTTAAAAAAGAAACCCTTCAGGGAGCCTTAATCCGAGAAAAGATACAAAAAGCGCGTATATCACACCTAAAAATACTGTAACAGCGATTCCCATCGGCAAAATACGTTTCTGGCCAAACATTGACATCATCAAAAACATATATATTACCGTACTGACAAAATAACCAACATACTGAATAGCAAAAATATACATTGCTGTTGAAGCAAATACAATAAAGGGTACTTTCATTACCTCTTTAAAACTTGCATGACACTCCGCTTTTGCTGTTGTTTTGCCCATTATGTTCCGCACCAAAATCATTACGGAAAAAAGAACCATCAACAAACAGAGGAAACGTGGAAACTGAGACGATTCAGCTGGATACCTGAAAGCCTGAATTGTGAGCAATATCGAGATCACAGATATGCCTATAGAAAATATGCGTTCTTTGCTCATTAACAACACGATCACTCCTTATATTTTACCCTTTGTCCCCATATCACAGAGATAAAGGGTAAATATCTTTGTTAAATATTATTTGGCATTAAAAAAGTGATTTATATTCTTCAACGATCTTAAGTGATTCGTCAACGAGTTTGCCTGACTTTTTCGCATCTATAAATTTGATTATCAGGCCGAGAGATTTTGCCTGCTCTCTAAATTCCGGATTCTTTGTAACCTCTTCAAAGGCCTTTTCAATGGCGGCAGCTACTTCCGGATTGATGTTCTTGGGAGCCGCAATGCCGCGCATCGCCGTACCAGCGGAAGGTATAACTTTTTTGAAAATTTCTTTTGATGATTTAATAGCAACACCTTCTATTTTTTCATCATAGAACATTACTAGCGGAACAATCCTTCCAGACTCTATATATGAAATGGCGGAGCTCAGCGTAGTGAGCGCAAGGTCGACCTGGTTTCCCATAAGAGCCGCGAACGCCGGCCCCGAGCCGCTGTATGGCACAAAGTTGCTCTTCATATCGAGAGCCTTCTCATTTACGAGATGCTGAAGCTGGACGTTGCTCTGCGGCCCGTCTCCCGCGACGTTGAGTTTTCCGGGATTCTTTTTCGCGAAATCAAGCACGCCCGCAGCGTCCTTAAACTTACTCCCCTTGTTAACGACCCAAACCAGCGGGTCTATCTGAAAATTGCAGATATACTGAAAATCGTTCAGCTCAAAAGGAACATTTTTACGCAGCACCTTTACAAGCACCATCGACGGCTGGCTCGTGGCGCCGACGGTATAGCCGTCAGGCCTGGCCTTTGAAAGCGCCGTCCAGCCGATCTGCCCGCCGGCTCCCGGCTTGTTCTCAACGACCAGCGACTGCCCGAGCGCGGGAGTCATATATTTCGCGATGAGCCTGATGACGATATCGTTGCCGCCGCCGGGAGAGAACGGCACTATCGCGAGAACCGGCTTGGCCGGAAAGGAGGCGGCGAGCGACGGAAGGGCCGCGCCTGCCGCGGTAAAGAGCACCATAACAAAGATCAAAGACTTGAAAAACTTTTTCACGAGAAAATCCTCCTCTATGATATTGTTTTGTGGGACTGAAATCTTACTTCTATAAATTTACCTTATCTCCGTCGACGATCACCCTTCCGTCGACCTCGATCCTGGGATTCCACATCAGAAGGTCATAATGGGTGGGGGCCTTGACGACGCCGCCGAGCGTGATGCTCGTGCCGATGCCGATGTGCGCCGTCGAGATCACGCCTTCGTCCTCGAGCATGATGCCGCAAAGCCTGCATTTGGGGTTAAGGCCGACGCCGAGCTCCGCGATGTTGTAGCAGTTCGGGTCGTTGTGGCTCGCAAGATCCCTTTTCAGCACTTCAGCCTGCCGCCCGCCCCTGATGTCGGTGATGAATCCATCTTTTACGTCCACGACCACCGGCTCGTCCAGCACGCCGATCCCAAGATAGGGAATGCTGGCGTCCGCTACGATGCGCCCGTTCGCCGAGCCTTCGACGGGAGATGAGTTGGCCTCTACAGTCGGTATCGTGGAAAATTCTCCCGGTTCTACGACGCAGTAGAGGGCGTTGCCGCGCCTGCCGGTGATGTCAAGCCAAAGATCGGTGCCGCCCGGCGTCGTGACGTGAACCTTGCTGCCCTTAGCAAAGGCGTCGGCCACCCCTTTGCAAATCGGCTTGATTGACCTGAAGTCGGCCTCTATGCCGCCGGAGATGAGCATCTCTTCCGTGAAATCGGTGAGGACCAACAGCCGCGCGCCGCTCTCCGCCGCCTCTTTCACGGCGAAGGTGTGCGTCACGGAATAACTGACGGGAATTAGAACGACATCCGCGTGCTTCATGCTTTCGGCGATGATCTTAGGCGGCTCCTCTCCCGCCCTTTTACGCGGCTTCATTATGCTCACGATGACCTCCGCGCCGCGCTCCACCGCCGCCGCCGATAAGACCTTGGCGATTTTTTCCTGGACCATGTCGGTAACGATGAACACCGTCTCCCCGGCCCTGAGCGAGACGCAGTTGTCCATGATCGTCCTGGCTCCCTGCATCATAAGCGCCTCTTTCATTTCCAAAAAAACCACTCCTCTTTGATAAAGCATCTGCCTGTGAAACGTTTTTCTAAATGATCATTTTATAATATAATACTACAATCATACAAAAAATATGTCAATAGCTTTGGACAGTTTTTAAACATTTTTTTGTATTTCTGTAAAAATTCAATCAAAATAGTTTTATGCGCGGCGATACTTGCGGTAAACTAAATAAAAAGGTAGGATAATGATGATTCGGAAGCAGTTTCGAAAGAGGGGTTCTCATATGGATCCAATCCTGGAAAAAAATATTCCGCCGGTGATGCCGGTCAAAGCGGAAAGATTGTCGTCTCAGATATCGAAGCTGATCTTATCCGAGATACAATCGGGACAGCTCACTGTGGGAGACAAGCTGCCGCCGGAGATTGAGCTTGCCCAGAGGTACGGCGTGAGCCGCACCATTCTCCGCGAAGCCATCGCCAGCCTTAAGAATGAAGACATCCTCGAATCGAAGCAGGGACGCGGCATCGTTGTGAAGAACGCGCGCAGCCGGCAGGCATTCAGGTTTTCCGACGTCTTCGAAACGATTTCCATGGACGAGATAAACTATTTCTATGAAATGCGCGCCCTGCTTGAATCAGAGGCGGCCGGGCTTGCCGCGACGCGGCGCACGCAGGAGGATATTGAGGAGATAATGGCCTCTTTCAGGGAAATGGAAGAGGCTGTCAGCGACAAGACCCCGGGGGCGGAGGCCCACGACCGCTACAACGCGGCGATCGCGCGCGCGAGCCATAATCCGGTGTTGATAGAATTTATTCTGTTTTTACAGGGAAAGCTGCACGACCTGGCGAAAGAACTGCGAATACGGACGATGGCCTCGCCGGAGAGGGCGCATAACGTCCTCGAGGAGCACCGGCGCGTGGTGAAATTCATCTTGGCCAAAGAGGCCGCCGCGGCGCAGGAGGCGGCGCTCACGCATCTCAAGAATGCCGCGGAGCGCGCCGGAATAAAAATATACGGCAAATGACGCCGCATATAAAGGCAGATTCTTTATAAAGAGGGACATGTCGATAAACGGCATGTCCCTCTTTGATTTTATCTCATTCCCCGCATCATCGCGGGACATCCTCCGGTCTTTACGGCCAGGCTTTATTTAACCGCGCCGAAGAGGTCGTTCAGCGCCTCGCTCATCACGGGATGCGTGAAGATCATGTCCCGCAGCACCGTATAGTGGAGTTTCTCATTCATCGCCAGCGTGACGATGTTTATCAGCTCGTGGGACTCTTCACAGTACAGCGCGGCGCCGAGGATCAGGCCGCTGTCGGCGTCAACGACGGCCTTCAGCAGTCCGGTGTACTTCCCCAGTACGTGGGATCTGGGCAGCCCTGTCACCGGGATCACCGCCGTCTTTGTCTTGTATCCCTGTGCCAGCGCCGCCTTTTCCGTCAGCCCCACGCGCGAGAGCGGCGGCGCAAGGAAGATGCTGTAGGGGACGTTGCGCCCGGCGCTTGTCCTGCCGCCGCCGCTGAAATCGGCCATTACGATACGCGCGTCATCCTGCGATATGTAGGTAAACTGGGGGCTGCCGGCGACATCGCCGATGGCCCATATGCCGGACACAGACGTACGCATATTCCCGTCAACGGCTATCGCGCCGCGCGGCGTCGTCTCTACGCCGGCCGCCGCCAGATTCAGCTCGCGAGTATTGGGGATACGTCCCGTGGATACGAGCACCGCGTCGCCCTTTGCCTCTCTTTCCACGCCGCCGGCGCTGTATCTCACAATTGCGCCCTCCGCGTCATTCTTCACCGACAGGACCTTCACGCCGAAGACAAACTTGACGCCCTGCCGCTCCATCGTCTCTTTGACCGCGGCGGCGACGTCGGCATCCTCGTTCGGGAAGAAGTCCGGCAGATCCTGAAGCACCGTCACCTCCGAACCGAACTGGCGGTAGAACGAGGCAAACTCAAGTCCGATGTTCCCGCCGCCGATTATCACAAGGCGCTCCGGCAGCTTTTCAAGGTCGAGCATGCCTTCGCTGGTATACGCGCACCCGCACTCGCCAAGGCCCTCGATCGGAGGGATGAAGGGAACGGAACCGGTGTCGATCACGATCCTGTCCGCGGTGGCTGCGGCGGTGAAATCTTTGCCGCGAATCTCTATCTCTTTCGGAGAAACGAACTTCGCCGTTCCGGTATAAAGGGTGATATTGGGGTTGCTGTCAAACATGTTAAACATTTTGCCAAGGATCTTCTTCCGCAGCTCTTTTTTATCGAGTATCGACTCTCTGTAAAAAGCCGCCT
CP171104.1_gap70	2971765	2974225	2460	TCAAAACCTCCGTGCCGGCTATATAGGTGGTCCGAAAGAGCAGGGGGGGCAATATGACCCAGTACAGGGTCTTCATCAGGGCGGAGATGTCGTTTGCGGAATAAAAACCGCGGGCGCGCAGCTGATTTCCGGTTATAATTATAATGACGAGGGGCAGTACAAGAAAAAATCCGAACATTCGGCTCTCCCTTTCAGTCTCAACTAAGCAATTATTATAGACCATATCGTTTTATTTTGACGTAACTCGAAAGGCGGCACAAAATTGAAAAACAAAACAAAAATCCTCCCGCAAGTATTGCTTACGATGCTCCTGCTGGCATACGCGCTGTTCTCCGTCGTTCCCGCGGTCGGCGCGGCGCCGCCGCTGCGCTATTACGCCGTCGACGTCGGGCAGGGGGATTGTTCGCTCTTTATACTGCCGAACGGACAGACCATAGTGATAGACGCCGGGCCGGAGAAAAACGCGAAGAAGACCGTGCGCTATCTCAAATCCTGCGGCGTAAAAAAGGTGGACCTGCTGGTCGCTACGCACCCGCACGAGGATCACATCGGCGGCATGAGGGAGCTGCTTTCCGCATTTCCGGTAGAAAAGATATGGGATTCGGGGTACAACCACGGATCGCGCATACAGCGTGACTTCTACCGGGCCATAAAGGAGGGGAAGATCGCCTTCGGACGCCCCAAACGCGGATTTTCGGATAAGTTCGGCGATGTCGAGGTGAAGGTGCTGGCCCCAGTGAAACAGCTGAAAAACACAAACAGCGACGCCAACAACAACGGTCTGGTCCTCCTCGTCACATACGGGGACATCTCTTTTCTCATGACAGGCGACATGGAACGGGAAGAGCGCGCGACGATAGCGCCGCTTCCGCGGGCGGTCGTCCTCAAGGCGGCACATCACGGCAGCCGCAACGGGACGGACAAGAGGACGCTCCGCGAGGTCTCGCCTGAAATAATAGTCCTCAGTTACGCGAAGGGCAACAGCTACGGACACCCGCACAAAGAGGTGGTCCGCGCGATAAGGGAGGCCGGCGTGCGCCGCTTCGACACCGCTGACGGCGCCGTCAAGCTGCGCACAGACGGCAAAAGCATCACGTTTGAGAGAAAGAGGGCGGTCAAATGAGAGATGGGACAAAAAATGGCATCTTCTTCATCGACGCGATAGAAGGCAACACCGCGCGGTTGCTGCCAGAGAAGGGCGGCGCCGTTGAATTTCCCGCGTCGCTGCTGCCGGCGGGAGCGCGCGAGGGCCGCCGCGTCGAGATCTCCGCGAAATTATTGTGTGACTCGGGGGACCGCGCGGAGATCGATTCCCTGCTCGGAGAGCTCGGGGACGATCCCTGATGGATAATAGACAAGCGCGGGCTCTGTTAGTACAATAAAAAAGGCTTTTATCCGAACTATCACGAAAAGGGGAATATAAATGGCTGAAACCGCCTCGAGATATCATAAGAATTATCCCGTATCATGGGAACAGGTGCAGAGAGACTGCCGCGCCCTGGCCTGGAAGCTGCTCGACATCCGCAGCGACTGGAGCCGTCTGATAACGGTGGCGCGCGGCGGGCTGGTGCCGGCTGCGATCATCGCGAGAGAGCTGAACATCCGCCTCGTAGACACCGTCTGCATCTCGAGCTACACGATGCGCGATCAGACAGCCGCCGATATACTGAAACGCCCGGATCTCGTGGGAGTCGACGAGAAATGGCTGATAATCGACGACCTTGTGGACACCGGCAAGACGGCGAGGATCGTCCGCGGCATGTTCGGCCCCGCGCACTTCGCCACCGTTTACGCGAAACCGGAGGGACGCCCCCTGGTCGACACCTTCGTCACGGAGGTCAGCCAGGACACATGGGTGCTCTTCCCTTGGGACACCGCGCCGACGACGGCCTTCATTCCCCCGATAGCGGATATGAATCTGGAAAAGTAACGAAACGATCCCCCGACAAAAACAGACCGCCGCTTTCGCAGAGATCAAAGGGCGGCGGCATTAAGATCCAATCAGCGTCCGCCATGTGCCGCAGGCCGGGCGCTGTTTTCTTTCAGACGCCGCCTTTGACATTTTGATAGATTATGGCAGCGAAAATATCCGTTCAACATTTAAGGTGATATAATCTTGAAACCAGATTTAGTGACATTTACATAAAGCCTTTTTTACAAGCATAAAAGTCATTTCAAAGCCGCCATTATGACGAAAGGAGTCGGATCAGCCATTGCTATGAGTTGCCGCCACCTGCGAGAGGACCTGTTCCTAAAAATTTATGTCCGGCGCGGCCGTCTGCTCGTCATCGCCCTCGTTTTTTTCATTTTATTTGCCGCGGGCGTCGCCGCGCTGGAGTTTCTATGTCTGACGGATTCTGACGGAAACCTTCTATTATGGAAGGACCGGCTTTTGTGTTACAGATCTTACGCATTGGTCTGTATGACGGCAACTGTGGCGCTGATGCTCCTGTACGTCGC
CP171104.1_gap71	2982085	2982979	894	AGCAACGCCGCCATCCACTGGATGCCCGACCAGTACGCCGTCGTGCGCCGCGTCTGGAACCTGCTGAAGCCAGGCGGGCGCTTCGCCGCCGAATGCGGCGGCGAGGGCTGCGTGCGCATCATCCGCGAAGGGATGAAGATCGCCCTCATCAAACGCGGCATAGATTACAAGGCGCGCAATCCGTGGAAATATCCCGAGCTCGGCGCTTTCTCAAAAATCCTTGAAAATCAGGGCTTCCAGGTAAAGTTCATCGCCCGCATCGACCGCCCGACGCCGCTTCCCGCCGGGCTGCGCGGCTGGCTCGAAGTCTTCTCGGCAAGCCATACCGCCGGATTCACAGACGGTGAAAGGGACGCCTTTTACAAAGAGGTCGAAGACTATTGCCGCCCGACGCTCTACGATGAAAAGAAGGGCTGGACCGCCGATTACGTCCGCCTGCGCTTCCTCGCGGTGAAGCCGGAGGAATAATATCCCCTCGAAAGAGGACTGACAAATAAAGCAGGGCCGCGCTCCGCGAATTTCGGGCGCGGCCCTGCTTTCGTCACCATAATGCGGAAACTATGTTCATTAAGCGCAATGCAAAAACGTGAACGGCGCCAATCATCGCCGGAAGAGGCGCGCGGCTTCAGCCCTTTCTTTGGTTCGTCATGTAGATATCGATGAAATCGACGGCGCACCGCGGGAGCGCGGCGATATTTTTAGCGATCACCCCAAAGTTCGTCGTCGCCGGCGGCGTGCCGACGCAGAATAAATCGACGCGTTCTCTATGTGAGATATAATGGATATAGCCGTCCGATATCAGCGACGGCCCGACGCCAAGCTCGGTAAAACGCAGCGCGTCCACGGTACTTTGAGTCGTCATTTCGACGCTGGGAATAAAATTTTCATGTTTGA
CP171104.1_gap72	2987896	2991148	3252	CGCCTCTTTACGAAACTGTCGACCCTTTCCGCCGTGCGATTGTAAACGGCGACGGTGAATCCCCGCGATTCCATGTTCATAACGAGGTTTTCGCCCATCACGGCGAGGCCGATGAGGCCGATGTCAGCCTTTTTCATCATTCCGCTTCTTCGCTATTTTACGAGATAGCCGCCATCTACGGGGATGATGGCGCCGTCAAGATAGTCCGACGCCGAAGAGGCGAGGAAGATGATCGGCCCCTTGACGTCTTCGGGCGTACCCCAGCGCTTGTGCGGGATGCGGTCCGTTATCTCTTTGAAACGCGGGTTGTTCGGATCGGTGAGCGCCGTGTTCATCTCAGTGTCCATATAGCCGGGGGCGATCGCGTTCACGTTGATATTTTTTTCGGCCCATTCGTTGCAGAGGGCCTTCGTGAGCTGCGCGATCCCGCCCTTCGAGGCGGCGTAGGCCGGAACGGTGTAGCCTCCGAAGAAGGCGAGCATCGAGGCAAAGTTGATTATCTTGCCGCCGCTCCCCTGCCTGATGAAGGTCTGCCCCGCCATCTGCGAGAGTGCGAAGACCGCGTTGAGGTTGACGTTGAGCACGAACTCCCAGTCTTCCTCGGGAAATTCTTCGCATTTATGGCGGCGCTGCACCCCCGCGCCGTTTATCAGGATGTCGAGATGCCCGCCGAGCTTTTCGACTGCTTCAAGGAACTTCTCGCGGCGCTCCTTTTTGTCGCCAAGGTTAGCCGTCACCGCGGAACATTTAAAGCCCCTCTCGCAGAAGGCCTTCGCCACGTCGGCCACCTTGGGGTTGATATCCATGATGCAGACTTCCGCGCCGGCCTCCATGAGCCCCTCCGCGGCCCCATAGCTTAGCCCCTGCGCCCCGCCCGTCACGATCGCTTTTTTGCCTGTCAGATCGGTAAAATTTTTTGCCATAATTTGCCCCTCCTTTATTCTTTCTTCAAATCAATTTACAGCGTATTTGCATTCTCCCGTCGTCAGCACGTCAAGTACGTTCCGCGCCGACATCAGGCTCATCTTCGCGCTTGCCTCCTTCGTCGCCGCCCCGGCGTGGGGCGTTACGATGCAGTTGGGAAGGGTGAGTATCTCCTCGCCGTAAGGCGGCTCGGAGACGGTGGCGTCGAGCGCGGCGCCCCGTATCGCGCCGCCGCGCAGCGCGGCGCAGAGCGCCCTCTCGTCGATGATGCCGCCGCGCGCGGTGTTGACGATGATCGCGTCGCGTTTCATCACGGCGAACTCGCGCTCACCGAACATATTCTTCGTCTCCTCCGTTAATGGCGAGTGTATCGTGATGAAATCCGACTCGCGGATCAGCCTCTCGAAGGAGACATATTCGGCCCGGCACTCGTCTTTGAACGCCTCGTTCTGATAGACGTCGTAACACAGGATCTTCATGCCGAATCCGCGGCATCTTCTCGCGACGCCCTGGCCGATGCGGCCGGCCCCTACCACACCGAGGGTCTTTTCAAACATCTCGACCCCCTGCGGGCGCTTCTGCGCCTCCGCCCTCATCGCGGCGTCCATCAGGGGGATATTTCTCGCCGCCGCGAGCATGAGGCCGACGGCGAGGTCAGCGACGGAGTCGCCGTTGGCTCCCGGCGTGACGGTGACCTTGATGCCGAATTTGGAGGCCGCTCCGACGTCAACCCTGTCATACCCGACGCCGTAGCGGGATATGACTTTAAGCTTCCCGCCGCGGGCGAGCAGCCGTTCGTCATAGTCGTCAAGCCCGGCGATCACGGCGTCGGCATCGGGCAGCTCGTTTTTGAGCTGTTCGTATATCGGGCCGTCCGCCTCTTCAAGCTTTATTACGGAACAGCCGTCTTCCTCAAGCAGTTCGCGCGCCTTTGAGTCCGTCTTGCCAAATGACCTTGCGGTCACGATAACCTTATATTTTGCCATTGCCTGTACCTCCGCTACGCCTTGGCGGCGAGCGCGACGGCCTCCCTCGTAAGCCTCGCGACCTCGCCGAAGCTGCGCGCGCCGATGAGCGATTCCTTTACCATCCAGCTTCCGCCGCAGGCGATAACCTTATCAGAAGAGAGATATTCCAGTAGATTTTCGGCGCTGACGCCGCCGGTGGGCATGAATCTGATCCCGGGGAACGGCGCGGCCAGCGCTTTTATCGTCGCGAGCCCGCCGTATTGCTTGGCGGGGAAAAACTTTACAACTTTAAGCCCGAATTCTAACGCGGCCATTATCTCGGTCGGCGTGCAGACTCCTGGGAAGATCGGGATGCCTTTTTCCACGGCGAATTTCGTGACGGCGGGCGAAAACCCCGGCGAAACGATGAACTTCGCGCCGGCCTTCACCGCGCGTTCCGCCTGTGATATATCCACCACCGTACCGGCTCCCACCAGCATTTGCGGAAAAGCCCCGGAAACGGCGCGGATCGATTCCTCGGCCGCCGCCGTCCTGAAAGTTATCTCCGCGATGGGAAGGCCGCCGTCGATCAGCGCCTCCGCCAGCGGCGCGGCATCCTCCGCCGTGTCGAGCTTCACCACCGGCACGATTTTAAGGGCTTCGATCTGCTTATAGATATCCATTATTATTTATTTCCCCCTTTGCAAAAATTTTCATTATATACGTCCAGATAGCGCCGATATTTCTTAGCGTAAAGCTGCGCATTCTGAAAATCCGGCTTTATCCTCTCGCAGGCCTCGGGCCTGTAATCCTTCGCGTCGCCGATGACGCCGAGCAACTCCATCGCGAGTACCGCGCCGCCGATGAGCGACCCCTGTTTCTCCTTGTCTATCTCCATCTCTTCCTGGAAGATATCGGCGCACATCTGCGTCCAATTCTGAGAGTGAAGGATGCCGCCGGATAGCTTTATCTTTTTCGGCTTCCCATTGAGCTTCACCAGATGCTGATAACACTGATAAAGGTTGTACAGCACACCCTCCTGCACTCCGCGGTAGAGATCGCGGCGCCCCATCTGCGGCGTTATATCGCTGAAGCCCCCGCGGCGTTCGTCATCCCACCCCGGGCACCTTTCGCCGAAAAGGAACGGCAGGAACACCGGAGTATCGGCCCCGGCGTCCAACTCGCCGTCAAGCTCGACATAAGAGCCGCGCGTCTCAAGAAGGCTGTTCATGAACCAGTCGATGCAGTTGCAGCAGCCGGAGGTCGCCGCGCCGCTGAGCCACGATTTCGGAGACAGATAACACCACGTGCTCGGGACGTCCGGTATCAGCGCCTGCGGCGTCGTAAGCCGCATAGCGCCGCTCGTGCCGACGGAAAAAGT
CP171104.1_gap73	2992884	2995233	2349	GCTGCGAAGAACATACATACGACGACCGTGACGATAGCAAGCCCGCCAGTTATCCTGCCAAGGAAGGCGTTACTTACATTGAGTATTCTGCGGGAGACCCCGCCTGCCGCCATGAGCTCGCCGGCTAAAATGAACAGCGGGATGGCCATTAGCGTGAAAGAGTCGCTTCCGGCTATCATCTGCTGGACAAGGAAGGTGTTCGACATAGTACCGCCTGTAACAATGGCGGCCAGCGACGAAAGCCCGATGGCAATTCCGACCGGCACGTTGAAGATGAGAAAAGCAAAAAGGCTCAAAAAGAGCACAAGAGCGACCATATCTATTCATCTCCTTTCCCAAGCCGGCCAAAGCGAAAAGCCAGCGTCTGGATCTGCCTTATCGTGACAAGGGCAAACCCAGTCACAGGGGCAAATGTTATATATTCCATCGGAATTCCAAGGGCTGCGGACGTTTTATGCAGCCTTATCTGCATCAGCGTATATTTCGATCCCGTATAGACGATGTAAAGCGCGAAGAGCAAAAAGAGCACGTCGCCCAGTATCACTATATACGGCCTCGACTTTTTAGGAAAAAGGGAGAGCCCCGCGTCTATCTTGATGTGCTTCATTAATTTACTTCCATAGCTGATAGCTATATATATAAGCCACACAAACGTGTATCTTGCAAGCTCCTCGGACCAACTCAGGGAATTGTGCATCACATAACGCATAACGACCTGAAGAAAGATCAGAACCGTCATCAGCGACATAAGAAAGACGCTGACTGTGAGCTCAAGATAGTTGTCCAGCCATTTCAAAATCTTCATCGCAAACCCTCCAGTAATAAAGACGGGGCCCCAGAATCTGAGGCCCGAAAAAGGTTTTTTCTAATTACTTCTTGCGCGCCGCCTGAAGTTCTTCAAGCATCTGCTGGGCGTATTCGGGGTGCTTCATCTTCTTTTTGATCATCGCAAGGCAGTTTGCGCTCTCTACGGCTTTCTGGAAAGCCTGTTTTTGTGCCGGCGTGAGATGCGTGACCTTTACACCGGCCTTCTCAAGCATTTTGTCGGAGCTGTCTTCAATGGACTGCGATGTCTTGTACTGATAGTCTGTGGCCTCTTTCATCGCTTTTGTAAGCGCCGCCTGCTGTGCGTTTGAAAGCGATTTCCATTTGTCGGCGTTCATTAGGACGCAGTAGGGCGTATATACGTGTTCGGTATAAATTACGTTCTTCTGTACCTCATAGAAACGGTTTCCCATGATGATCCCGATAGGATTTTCCTCACCATCGACCGTACCCTGCTGCATCGCCGTGTAGAGCTCTGTAAAAGCCATCGGCGTCGGGTTCGCGCCCATTGCCTTCCACGCCGCGAGGTGGACGTCGTTTTCCATCGTCCTGATCTTCAGTCCCTTAACATCCTTTGGTTCCATCGCCGGAGTTTTCTTCGTCGTAAGATTTCTGAATCCGTTCTCCCACATACCAAGCCCCTTAAGGCCAAGCGACTCGACACCGTCGACTATTTTTTTGCCTGCCTTGCCGTTAAAGCCAACTTTATAGACTTCATTCTTTGAGAGAAACATATAGGGCATATCAAAAATGTAGTAATCAGGATAAAGAGGTGTAAGTGAAGAGGTCGAACTCACCGCGATGTCACAGTCTCCGACCTGCGTCATTTCTACTACCGTCTTGTCATCGCCAAGCACGTTGTCGTCGAAAAGTTCAACCTTGACAGAGCCGCCGCTGTACTTCGCAAGCAGTTCTTTGAACTTTGCGCCGGCCTTCTTAGCGCTGTCCGACGTAACATTGCCCATTTTGAGCGTCACGTTCTTGTCGGCGGCGAAGGCGCAAGATGATGCGGCGAGCGCCGCAAGCGCCAATACCACAATAAAGGTTTTCATAAACTTTCTCTGCATTTTTGTTTCCTCCCATTTTTTATTATTGCCGCACCCTTTTGAGGTGAAGCTGTAATCACCTGTCCGCTACTGCCGACAGTCGACTGCGATTTTAACCGTTCCGCACGCTGGATCAGCTATCATGTCAAACACCTTCGCGCTTTCAGAGAGAGGCACGACATGCGTCACGACCTCTTCAAGTTCGTCTTCAAGCGCGGCCGTAAGCCCGACCGCCTGCCCAAACTCTTCTTTTGTATATACTCTGGAACCAACAAGCGTCTGCTCCTTGAAATTAAGGTCGCGAAGGTTTACTTCGTGCGGAGCCTTATGTACGGCGACCATGCAGATATGGCCGCGCACCCTGGTTATGTCCGTCATCTGCATTGCCGCGGACGGAGCGCCGCTGCACTCGAAAAAGACGTCGGCGCCTTCTCCGGCCGTCGCTTCTTTTACGATTTTTTCAAGATCTTCATTCGCC
CP171104.1_gap74	2999588	3004136	4548	CGTCAAACGTCTTGAACTCCGATAGTTCGCCAGTCTTGATGCTGACCTGTTTGCCGGTGAGGAGGTCTACGCCGTTCGAAAGGGCGTATTCGAGAAGCTTCGGCACGTTGAGGTAGCCGTGGAGCAGATAGGCCTCCTTGCCCGCGCAGCCCGTCTCGATACAGCCGCTGGTGCCGCCTTCGCGGGCGTCCTCAAGGGTCTTGCCGACGCGCATCTGTTCCTGGATGACCATGTCGGCGTTGAACATCGAGGGGTAGCCCATGCCGTTGCGGAAGACGCGCGCCGCGGCGCGGAGCACGTTGTCCGGCGTGCGTTCGCTGACCTGGATGTTGCCCTGCGGCTGAAGGAGGCGCAGTTCGTCGAATATTTCCAGGCAGATGTAGGTGACTTCGCTGGAGCCGTCGGTGCCGTCTCTTTTAAGTCCCGCGAGGTTGATGTTCGTAAAGTCGTTGTAGGTGCCGCTCTCTTTCGCCGTGACGCCGACCTTCGGCGGCGCGGGGGTGTTGTTGACCTTGATCCAGAGGCAGGAGAGGAGCTCCTTCGCTTCGTCGCGGGTGAGCGTGCCGCCGGCGATGCCCTTCGCGTAGAAGGGGGCGAGGTGCTGGTCAAGGTGTCCGGGGCTCATGGCGTCCCAGCCGTTGAGCTCGGTGATCGTTCCAAGGTGCACGAACCAGTACATCTGCACCGCTTCCCAGAAGTTGCTCGGCGCGTGCGCGGGGACGCGGCGGCAGACTTCGGCTATTTTAAGCAGTTCGGCTTTGCGTCTTTCGTCCTTCTCTTCGGCGGCCATCTTTTCGGCAAGCTCCGCGTGGCGCTCGGCGAAGATGATCACCGCGTCGCAGGATATGGACATGCCCTGAAGCTGTTCGTCCTTCGCCGTGGCGTCGGGGTCGTTGATGAAGTCGAGCTTCGCGCGGGCCTCTTCAATATCCTTTTTGAGGTCGAGAGCGCCCTTCTGATAGATGAGCCCGTCGAGCGCGGTGTGTCCGAGAGCGCGCTGCTCGCCGAATTCCGTGAAGGTGCCGGCTTCATAAAGGAGCGTCCAGTCTTCGGGCATACGCTCGAAGAGGCGGTCTCTCATGCAGCGTCCGCGCCAATATGGCTCGACCACCTTTTCGTAGGTTTCCATATCCTCGGGCGCGACGGTGTAGTTCTGCTGGGCGCGCGTCGTGAGGATCTCGAAGTCGTGCCTTGAGTGGCAGGTGAGTTCGGGGAAGGTCGAGACGGCCTTCGGCTTGGGGCCGCGCTCGCCGACGATCAGTTCTTCGGGGCCTATGTATATCGTCTTGTTCTCGCAGATGTGCTTGAAATTCGCCGCGCGGAGCACGGGCATGGGAAGCTTGCCCTCGTTCTCGCGATAGAACTCGGTCTCAAGCAACGCCCTTTCGATGTCGATCGAAGGGTGTGTGTCAAAGCTTTCGTCACGCAGACGCCGGATTCTTTCGTTCATAATTATTGCCTCCCGTTCTTGATGTGAAATAAGTTTATTTATTTAAAAAACAGTGAAATCTTTGCCGGCGTTTTATCGTCATCCCGCCGCCGGCCGTCAACCGCCGATATGTACCTTGAGGCCGTAGCTTTCAAGGATGGCCGCCGCGTGGCGCGTCTGATTCTCCGTCGGGGGGAGCAGGTCGCCGAGCTTGTATTCCATGTGCCAGCGGTCGTGCTTGCCCTTCGCCACCGTGTGGTACGGCAGGATGTTCACGCCCGTGATCCCTTTGAGGGGGCGGACGAACCTGCCGAGCGCGTGCATGTTCTCGTCGCCGCTGTTCAGCCCCGGCATGAAGGGGACGCGGATGTTGATCTTCGCGCCGGCCTCCGATATCGCCCTCAGGTTTTCAAGGATGACGACATTGTCCACGCCGGTGTATTCCTTATGCCTCTCGGGGTCCATGTGCTTTACGTCGTAGAGGTAGAGATCCGCGCGTTTCACAGAGTCGACGATGACGCTCCTGCTCACGAAGCCGCAGGTGTCGAGCGCCCGGTGATAGCCGGCCCTCCCGCAGGCGTCCAGCGCCTCGAGGAGAAATTCCGGCTGCATGAAGGGCTCGCCGCCGGAGAAGGTGACGCCGCCGCCGTCGCGGAAGAATATCTCGTCCTTGTGGAGCTGCGTCATCAGCTCTTCGACGGTGTAACGCCGGCCGCAAAGTTCGCGCGCCTCGGGAGGGCAGACGTCGCAGCATTTGCCGCAGCCGTCGCAGAGGCCGTCGTCCGTAACGAGCGTGCCGCCGCGTGCGGAGATCGCTCCGTGAGGACAGCTCCTGACGCAGGAGCCGCAGCCGATGCACTTTTCGCCGCGGAAGAGCACCGTCGGCATCACCGATTGGCTCTCGGGATTATGGCACCACCAGCAGGCGAGCGGGCATCCTTTGAGATGCACCGTGGTGCGCGTGCCGGGGCCGTCGTGTATCGAATATTTTTTTATGTCGAAGATGATTCCCGTCTTACTCAACTGCGCCGATTCCCTCCTCAGATAGGTCAAGGTCTAGGTGCTTGGCAAAATAATATTTACGGATAAAGCGTTCCTGTACGGAAAATGACCAATGCACGTCCCTGATATAGTCCGCGGCGCTGTTGAAGTCATGGTTCCGCAGCATCTCGATCATTGTTTTATGTTCTTCAAGAGAGTGAAGCTCCCACTCTTTGACAAAGGTCTTGTTTCTCGGAAAATCATAGAGGCGCTCCTTGTGTATCTTTATTGAATGGAGCATCTCGGCGTTATCCGACATTTCAAGGTACACGTTGTGGAACTTCAGGTTTGCGTCGTAAAAGACGGAAAAATTGTTCTGATCCAGCGCCTTGCTCATCTGCTGGTTGTATCGTTCCATCAGTTCGGCGTCGCTTTCGCGGAACCGGACGGCGACGAGGACAAGCACCGCGGACTCCAGAGCGCCCAGCATCTCATAGATGTTGCGTATCTTTTCAAGGGTCAGCGCGTTGACGACGACTCCGCGCCTCGGGAAAATGGTGATGAATCCCTCGGATTCAAGCTGAAAGAGCGCGTCGCGCAGCGGCGTCCTGCTCATGCCCAGCTCTCTGCTTATGTCGTTGAGATTCAGGAATGAACCCGCACGAATCCTTCCCTCATTCATTTGAATGCGGAGATAATCGTAAACCTGTTCTCTGAGCGACTTTAGTGTGAATTGCGATTCGCACGTCATTAGGATATTCTCCTCCCCTAAGGCTAATTGTATCACAGATATATCAGATTACAATATACTTTTAAATATATTTTAAACCTTCTTCTTATAATATTTAGACAACCCCGCTATAGCAAGGATTTTATTTATGCCTTCTCGAATTTTCCGTGATATTTTTCAAACAATTTCTCTCCAATTTTTCAGGCAGCTATGGAACTACATTATTATATTATAAATCAAGATAAGATTTGCTGAATAATAATTGACAGGAGGGATTACAGCTTTTGAAAAAAAGGTTATACTGTATGAATAACGACGCGTATAGCACGATTATTAAACGTCACAGAAAACTTTATAGATGAAAGGGGAAACTTTAATGAGAATTAAAGCGTTCAAGCTCGAAAGACTATTTGCCAGGTATGCGGAACAGGCTAAATATATGCTGAGCCAATCCTCCTGCGAAAGCTGCTCGATGAAAGAGATCCTGGATATGGCCGACCCGGAATGCAAGAAGCTCTGGGAAAACCTGAGCCTGGGTTACACAAGGCCGGCGGGCTTCGCTCCCCTGCGCGAGGCGATATCCCAGCGTTACACCTCGATCCGTCCCTCCGACATCCTCGAGCTCACCCCGGAAGAGGGCATCTTTATCTTCATGAACAATATGCTGGAGCCGGGCGACGAAGTGATCGTCATGCACCCGACGCTCCCGTCGCTCTACGAGCTGCCGCGCACGCTCGGATGCAAGGTGATAAAGTGGCCGCTTGAAGTCACCAGCTGGGGCTGGCGCCTCGACGTGAACTTCCTTGCGGAAAACATCTCGCCGAAGACGAAGCTGCTCATAATGAACGTCCCCAATAACCCGACGGGATATATCCCCGTGCGCACGGAGATGGACAGGATACTCAACCTCGCCGACCGCATGGGCACCTGGGTATTCAACGAAGAGACCTACCGCGGCATGGAACACGACCCCGCGGCGGCGCTCCCCTCACTCGCCGACATCTATCCGCGCGCGACGGTCATCGGCGGCCTCAACAAGTACGGGCTCCCCGGCACGCGCATGGGCTGGCTCGTCTCCAAGAACCGCCAGATCATCGAGGAATGCGCCGGATATAAAGATTATACGACATACTGCAACAACGCCCCCGGCGAAATACTCGCGACGATCGCGATGAGAAACGCCCTCGACCTCCTGCAACGCAACCACAAGATAGTCCTCGAGAACCTCGGCATCGCCGAGGCCTTCTTCAAGAAACACCGCGACCTCTTCCAGTGGATCCAGCCCAACGGAGGCTCGACGGCCTTCCCGCGCCTGCTGCCGCCCTATGACGTGACGGAGATGTGCGAACGCGCCATGACCGAGAAAAAGCTGCTCATCATCGGAGAACGCGCCTTCGGCCTTGACACG
CP171104.1_gap75	3046049	3047217	1168	TCGACAATTTGCGTTTTGTGAGCGCCCGCTAAATCGCTATTTACCTCTCTCCCGGCCTTTGTTGATGTGTTTGCCCTGACTAAAGGACAGCGGGGCTTGACAACCTTCCGCCGCTGTCTGACAATGTAGACGGAATCCCATTATCAATATTATGGAGGCTGCTTATATGTACAAACTCGTTCTGATAAGACATGGCGAGAGCACGTGGAATAAAGAAAACCGCTTCACGGGGTGGCAGGACGTGCCGCTTTCGGAAAAGGGGCTGGCCGAGGCCAGGGCCGCGGGCGGGCTGCTGAAAAAAGAGGGATATCTTTTTGACAAGGCCTACACCTCCGTGCTGCGCCGCGCGATCAAGACGCTCTGGTGCGTGCTTGAGGAGACGGATCTCATGTGGATACCGGTCGAAAAATCGTGGCGGCTCAATGAGCGCCACTACGGCGCTCTGCAGGGGCTCAACAAGGCGGAGACGGCGGCGCAGTACGGCGACGAGCAGGTGAAGATCTGGCGCCGCAGCTACGCGACGCGGCCGCCGCTGCTGACGAAGGAGGACGAACGCTGGCCGGGCCATGAGAGCCGCTACGCCTCCCTGTCCCCCGACGAGCTGCCGCTCGGCGAGTGCCTGGAAGACACCGTGGCGCGTGTCGTGCCCTACTGGGAAAAGGTCGTCGCCCCCGACGTCAGGTCCGGCAAAAAGCTGATCATCGCCGCGCACGGCAACAGCCTGCGCGCGCTCGTGAAGTATCTTGACGACGTATCGGAGAAGGATATCCTCGAACTGAACATTCCGACTGGGGTGCCGCTCGTCTACGAGCTTGACGAAAACCTCCGGCCGCTGAAGCACTACTACCTCGGCGACGCCGAGGCGATCGCCGCCGCGCAGGCCGCGGTCGCCAAACAGGGCTCGGCGAAGAAATGATCCGGCAAAGATGATCGCGGCATAAAAATGGCGGGGCCTTGCGGCCCCGCCTTCTGCGTTTATAGGAATATACGGCTTCGTCCCGCCTTCAGCGCATGCCGCGCGCGGTTACCTCTTCTTTCCGCGCATCGCCAGCGGCAGCAGCGCGATCAGCGCGAGGGCCGCGAAGCCCGCGGAGCAGCCGCCCGAACTGCCGGAAGATGCTTTGCTCTCCGTCTGCACGATCGCCGCGGGGTCACATATCTCGCGCTC
CP171104.1_gap76	3077784	3080964	3180	GGTCTGCCCGAAGATATTCTTCTTGCCCTTGGCGGACCATGCGTCAGTCTTCTCCGCCATCGGCGAAGAGGGAGTGATCGGATATATCGCCGCCACTTCGGTAAAGGCGTAGGCTATATGGGCCGCCGCCTCGTTTCCGTCCATCGTTACCAGTTTTTTTTCTTTCACTGCACGGACCCCTTTCAAGCGTTCCGGAATTTTATCTTAACTACTTTGCCAGCTATTGCCGCAATTAATGAACCAATATAGGAGACTGTCTTATAGATTCTATCACAATGTATCTATTGAGGATAAATTGCTGTTTACCGCTCTGCCCTCCCGTCGCTCCGGCCTCCGAGCCGGAGCCTAGTGGCGTTGGTTTTACTTTTTTAAAGGCTCCCTCGCCTGAACAGAGTCCCGCAAACCGGACAACGCTATAAAAGCTCCCAAGGGTATCAAAAATTTATTCAATAAAGAGACTTCGATATTGCATCGGAGCCTTTTTCAATTTTATCTGTATCCTGTCGTTATTATAATACCTTATATATTCGTCTATAGCATCTTTGGCCTCCTCGTAGTTCTCCCATTTTACTCGGTTGACGAGTTCTGATTTAATGTGACTAAAGAAGTTTTCTGCACAGGCATTATCCAAACAATTTCCTTTCCTTGACATCGAGACCTTGAGTCCGTATCTTTGTGTCAGGTTGAAATATGCATGGCTTGTATATTGAAACCCCTGGTCGCTGTGGAGGATTGGTCCATCAGCGACCACCTTATTATTATTTTCAAATGCTTTCTTCAATGTATCGGTTACTAACTTAATATTATTATTACGACTGATTTGATATCCCTGTATGGAATTATCAAAGAGATCTTTTATCATGGAGAGGAATATATTACCCTTTTTTGTTCGTATATATGTGATATCAGTAACCAGTTTCTGGTTTGGTCTGTCGGAACGAAATTCTCTGTTCAGGATATTCTCATAGCTGTGGATATTTCCTGACATCACTTTAAACTTTTTCTTTTTTCTTATTTCCGCTTGAAGTCCCGCTTTTTTCATAACACGCCTTACCCTCTTATTGTTTACATGAATGCCAATGAAGTTGTTGAGCCACAGAGTCATTCGCCTGTACCCATAAGTGTTTTTGTTGATATTCTGTCCCGTTCTTATTGCTTCTATGAGAGGACCGTCTTTATCTTCCATTCCACGCCGCTTTAGCCAACTGTAGTATGTCGAACGAGATACGGACAAAAATCTACACATTACACAGACAGAATGTTTTGTTGAAAATTCAAAAATGATTCTGTATTTAATATTTCTTTCTATCACCACCTTTGCAGCTCTAAGGCTTTTTTTAATACATCGACCTGCATTTCCAGCTCTTTAATCTTTTCTATGCTATTTGTAACCTCCAATTTCTTATCTGGACAGTCTTGTTTTGAACTAGAAATATCCCCTTGTTCGATAAATTCCTTACACCATCGTCTTAAAAGAGAGGGACTTGAAATGTTAAAAGATGAGGTAACATCTACCATAGTACGTCCCTCTTCTAAATGAGCCGAAACAGCTTCAAGTTTTACAGCCTTGCTGTAGGTTCTTTTTTTCCTTGTATCATCCAGTAAGTCCTTCTGTCCGCTCTTATATAAAGATATCCATGTTTTAACAGAATCATGACTAACACCAAGTTCTTCAGCAATCCGCCTTCGTGGAATTCCCTGTTTGTGCATCTCAATTGCTTTTATTCTTTCTTCTGTTTTACGTTTACGCATAGAAGAGCCCCCTTTATATGTATTTAGTTTTATTATAATCCAGGGGCTTTATTTGGCTGTCCGATTTTCGGGACTCTGTTCAGCCGAGGGAGCTCCCCGCGAAGCGGGGTGAGGGAGTGTTGACCTTGGGTTTTGTTTTTGTTCTGGCCTTATCCTCTTCCGCGGCTTCCGCCGCGGGCACTGCGTGGCGCTGAAAACATGCGCCGCACAGTGCAACACTCCTTCCGTCAGCCGCAAAAAACACGCGGCTGCCACCTCCCTCGGCGAGGGAGGCTTAAAAAGATAAATCCCAGTTTATCTTTCCCCCGCCCGAAGGAAATCGGCGTTTATATGCAGCGAACCAAAACGCCGGTTTTAAGCGGTTTTGACGGCCGCCGCATTCTCCAGCCCGTACTTCTTCACCGCGTCCTCGCGCATCTTGTATTTCAGGATCTTCCCCGCCGCGTTCATCGGGAAATCATCGACGAAGTCGATATACCGCGGGCACTTGTGACGCGCCATGTGCGAGAGGAAAAATTCTTTGATCTCGGCCTCTGTGGCCTCCTCCCCCTCCTTGAGCACGACGCAGGCGCAGATCTCCTCGCCGAGCGCTTCGTCGGGGACGCCTATCACCTGCACATCCTTGACCTTCGGATGCGTGTAGAGGAACTCCTCCAGCTCCTTCGGATAGATGTTCTCGCCGCCGCGGATGATCATATCCTTCAGGCGGCCCGTAATGCGGTAATCTCCCGCCGCCGTGCGGCAGGCGAGATCTCCCGTGTGAAGCCAGCCGTCGGCGTCGATCGCCGCCGCCGTCGCCTCGGGCATCTTGTAGTAGCCCTTCATTATATTGTAGCCGCGCGCGACGAACTCTCCCGGCACCTCGTCGGGCAGCTCTTCGCCCGTCTCCGGGTCCACCACGCGGCACTCGATCTCCGGCAGCGCGTGTCCGACGGTCTCGACGCGCACCTCCAGAGAGTCGCCGGTGTCGCTCATCGTGCAGCCCGGCGAGGCCTCCGTCTGTCCGTAGACGATGACGATCTCCTTCATATTCATCTTGTCGACGACGTCGCGCATCTTTGAGATCGGACAGGGGCTGCCCGCCATGATCCCCGTGCGCATGTAGGAAAAGTCGGTTTTGTCGAAATCCTCATGCTCCATCATCGCGATGAACATCGTCGGCACGCCGTGGAAGCAGGTGATGCGCTCCTGATTGATGCAGGCGAGCGAGGCCTTCGTCGAGAAATAGGGCAGCGGCGACAGCGTGGCGGCGTGCGTCATCGAGGCAGTCATCGCGAGCACCATCCCGAAGCAATGGAACATCGGCACCTGGATCATCATGCGGTCGGCCGTCGAGAGGTCCATGCGGTCGCCGATGCACTTGCCGTTGTTGACGACGTTGTAGTGCGTGAGCATGACGCCTTTGGGGAAGCCCGTGGTACCGCTGGT
CP171104.1_gap77	3083027	3084026	999	GGAGATCCAGTGCATCTGCGCGATCGAGCGATGCAGCTCCGTGTACTTTATGCCGCTGAAAAAGCCGCAGTCGTCGCCGCGAGTGCGGATGATGTGCGAGGCCGTCTCCAGCTCGGGCGCGCAGCCGCCGCTGACGACCACGTCGACCTCGGAGGCTCCCGCCTTGACGGCCGATACCGCGCAGGCCGCCGCCATCGAAAGCTCGTTGGAACACTTGACGGCGAGCGCCGCCTCCTTGAGCTCCGGCACGTTGGCGTATATCTCTTTGACAAAATTATTGAACTCGTAGGGCATCATCGTCCCCGCCGAATCGCAGACCGTAACGGTGGAAGCGCCGGCGGCGAGCGCCGTACGCAGCGCCTGATAGAGGAACTCCGGCTCGCTGCGGGTGGCGTCGACGGCGGCGAACTCCACATCTTCGCAAAGCCCGCGGCTCTTGCGCACGAGCTTGCCGATCATCTCGATGATCCCTTCTGGCTTCTTATTGCAGACAAACTCCATCTGCACCGCCGAGAGCGGCGCCTCCACATAGAGGCGCGGATGCGCGGCCTCCGCGACGGCGCTCCACGCCGTATCCACCCCGGCCTCCGTATAGCCGACAGGCATGGAGAGCGTGCTCTTCTTCACCGCCGCCGCGACCGTGCGCACCAGCAGCGAATCGATCTTCACATTTGCGATCGGCGCGAGGCTGATAACGTCAAGGTTGAGTCGGTCGAGGATCTTTGCCATCTCTATGATTTCTTTGAAGGAGAGCGCCCCCTCAAGTCCGCGCGCCGCCTCGCGCAGCGTGATGTCCGTAAATTTGATTCTCTTCATCGCCAACACTCCTTTTACTGTTTCTACAATTAAATTCCCGCCAATGCCCGCGCCCCGCGGGCATAAAAAAATCCCCGAGGCATAACATGCCTCAGGGACGAATATACAAATCATCGCGGTACCACCCTGATTGCCGCGAAATATCCGCGGCCGCTCATTGGCGCCTATAACGGGGCCAGCCGT
CP171104.1_gap78	3211914	3215186	3272	TAAAAAACGGCATTCCCGTAAACGAGACGATTTGGGACGAAATGCTCGCAAAGGCCGCGTCGTTTCCTCACGCGAAAAACCCGACTTCCGCGCTTGATATGTGGATGAAGATGCGTATACAATCGGCAAAATAGGCCCGGCATCTCTCTGTGGATGCCGGCCTCTTCCCGGTGGATTGAAACAGTTCGGGGACGCGCCGTGCCGCCAAATGCCGGACGGCCGCCATTTATTTCAATTCTTCCTGCCTCTTTTCTCCAGAGCCGCCGCTAAACGGTCTGAAAGGACCTTTCCCAGCCAGCCGGTCAATATCCCGATCATCGCGCCGGCGAGCACGTCCGTCGGGAAATGCAGGTAGAGGTAGAGGCGCGAGAAGGCTATCAGCGCCGCCAGCGCCGCCGCGGGCCGCCACCAGCGGCAGCGGCTGAAATAAAGCGCGGAGGCCGCGGCAAAGGCTGCTCCCGTATGACCGGAGGGGAATGAGAAATCACCGGGGCGCTGGACGAGCAGCTGTACGGCGGTATTAAAGTCGCAGGGGCGGGGGCGGGCCACAAATGGCTTGAGGATGCCGTTGCAGATCACGACCTCGATGATCAGGGCCAGAAGCAGCGCGCCGCCGGCCCTGCGCACGCGCCCGTTCGGAAAGAGGAGCGCCAGGCCCCCCGCGGCGAACCAGAGCAGCCCCGAATCGCCCAAGCGCGTGATCAGAGGCATCAACACGTCGCCGATACCGCTGCGCATATTGCTCTGGATAAAATCCAGGAACGTAAATTCAAAGCTCATGGCGGATCATCCGTTCCACTCTTGAGATACGGCGCGAAACGTCCGCGCCGGCCATTTACGGCGATCGGCCTTTAAAATCGACTTTTGCATCCTCCGCATGAAAAGCACCTCCTGTTTCCTGCTGCGGGTACAGGATAACAGGAAGTTATAAACCGGATATTTTATGAGTTTAAACAGATGATAAAATCCGCGGCGGCGTCCAGCGGGAATACGGCCCTGCCGTCATTGCCCCTTAAAACGGTAGCCCGCGCCCCAAACCGTCTGTATATAGCGCGGTTTGCCCGGGTCCTCTTCGATCTTTTCGCGCAGCCTGTTGATATGGACGGCCACGGTAGAGTTGTCGCCCATCGCCTCCATGCCCCAGATATTTTCGTAAAGCGCCTCGCGGCTGAATACCCGCTCCGCGTTCAGCATCAAAAAGAGCAGCAGCTCATATTCTTTGTTTTTCAGTTCCGTCTCTTTGCCCTCCACCGTCACCCGCCGCGAGGCCGTGTTCACCGCAACGCCGCCAAGCGTTATTTCCGCGGGCGCGGCCGAGGGCTGGGTCAGGCGGGCGTAGCGCGCCAGATGGGCCTTCACGCGCGCCACGAGCACGCCGGGCGAGAAGGGCTTTTCAATGTAGTCGTCGGCTCCGAGGCCCAGACCGCGGATCTTATCGATGTCCTCCTGCCGCGCGGTCACCATCAGGATGGGGATGTCGAGCTTTTCCCGCAGCTTCCGGCAAACGGTAAAGCCGTCGACTCCGGGCAGCATAAGGTCGAGCAGGATCAGGTCGAAGCCGCCCGAAAGTCCGCGGGCCAGGCCGCTCGTGCCGTCCTGGGCGCTTTCAACGGAAAATCCGTTCAGCTCAAGGTAATCGCGTTCGATCTCCGTGATCGAAATGTCGTCCTCGATGATCAGAATTTTACTCATGTGCGTCTCCCTTCCCGGGCAGCCAAATCAAAATCGCCAGCCCTCCGCCGGCGGCGTTTTCCGCGCTGATGACGCCGCCCATCCGTGATATCGCCTTCGCCGCGATGGCGAGCCCCAGGCCGCTGCCCTGCCGCGGGTCGCGGCGCGCCGGGTCGCTGCGGTAAAAGAGCTCGAATAGCTTCGGCAGCGCCTCTTCGGGAACGCCGGGGCCGTCGTCAGTCATCGTCAGCAGAAAGCCTTCGCCCTCCGGCCGGAGTTCGACCGTCATGCGCCCATGCACGGCGGTCTTATATTTCGCGGCGTTGTCCAGCACGTTCGTCAAAACGCGGCGCAGCTCCGTGGGATCGGCGAATATCTCCGCGCGGCTGAGACTTGAATCTATGCGCAGCCCCCTCGCCTCATACTCGCCGCCGATCTCGCGCAAAAGCGTTTCGATCTCCTCATCGAGACGAAGCGGCCTCGGATGCACCGGGTATTCCTCCAGATCCATTTTGGAGAAGAGGAATATCTGCGAGACCATTCGCTGGATGTCCTCCGCCTTCGCCTTGATCGTCAGCAGGTATTTATGGCGCGCCTGCGGCGTCTGCGCGACGCCGTCCAGCAGCCCCTCGACATAGGCCTGTATCGAGGTCAGCGGGGAGCGCAGGTCGTGCGAGATGCCGGCCATCAGCTCACGGCGGCTCTCCTCCTGCCGTTGAGTCTCGTCCACCGAGGCCTTCAGGCGTCCCGCCATCTCATTGAAGGCGTCGCAGACCGGCGCGAATTCGTCCCGTTCGTTGTAGACGATCCGGTGGTCCAGGTTGCCGTCGCGGATCTGGCATACTCCGTCCGCCAGGATATCGAGCGGATCGGCGATCTTTTGCAGCATGAATTTAGTCAGGAAACGATTCGTCAGCAAGACGGACAAAAATATGGCAAAGAGCAGCACTATCGCGGCAAAGACGACGGCGACCTTGAGCGTGGAATAGGAGAACTCGCTGTTGCTGTGAAAGACGTATATCTGCCACAGCCCCTCTTTGGCGGCCATCCTGTGAGCATAGAGGTTTCTGCCGTCGCGGGAGAGCATGCCTTCGCCCTGCAGCGCTTCGGCCGCGGAGACGAACGCCGCGTCATGCGCGGACCGGCTGCCGTAAGTAAAGTAGGATTTTCCGTCCAACAGGACGGAGAGCGTCATTTCGCTGCGTTCCAGGAACCCGCTCAGCTCCCTGAGCTTATCCGCCCGTTCCCCGGGCTTTGCCCGCAGAGCCTTTTCCACCGTCTCCGAGATCGCCGCCGCGGCCTCGAAAAAGTCCTCGCTCTCCTCGAAGCCCAGGCCGGTCCCGTGCTCCACCACATACCAGATGCCGGAGATGCAGGCGACGCCGACAAGCACCGAAATGAAGACCGGCGCGAGGATCATGCACAAATTGGAGAGAAAAAGCCGTTTTTTGATCGTCACCTGAAACACCCGCTTTACGCACGTTATTCCGATACATAACGATACCACGAAATCTTAAACTGTCGATAAACTGACGGAAATTCCCGGGACAGACACATGAACGCCGGCCGCCCTAGCCCGCGGCGACCGGCGTTTTCATTAA
CP171104.1_gap79	3218563	3223155	4592	GCGTATCTTATAAGAGCGGACGATCTGCATATCCTCGCGCTTGAGCCAGATATTGGCTCCATACCGTTCGGACAACTGGATGTTCAGCATAAGCGGCGTATTTACCACTACGCCGCTTATGCGCTGCTTTGCTTTCTGAATATCGTGAAGCTGAGGCCGGTAGTCTGACATCTTAAGACCCTAAAGCCTTACGTTGATGATCGCCGTGACGCCCACGCCCTTGACGCGGCGGAAACGCTGGATCGGGTTGAGCGAATCTATCGGGATCAGCGCCGTCGCGCGGACGCTGCTGAATTCTCCCTCAAGCTGTGCCACCGCCTTGGTACGGTCGATGGCGTCCTTGGTCGTAGCGCCGACCTGGGCGGCGCCGATACGCGTGCCGTCGCCGATCGAGACGATAGGCACTACCTTTGTGTATCCCTCATACTTGACGCCTTTGTTGAAGGTGATCGTGTTGATGAAATCGTTCATCTGCGGCGAGATGGCCGTTACGAGCCAGCCGCCGGCGACGCCGATGGCTCCTTTCTTGAGGATGTCGCCGAGGTCCAGCGCCTTTGCCGCGGGTACGGATACCACCATCACCGCGCAGATAAGCGCCGCCGCCACGGCGTTATGGATTTTTTTCTTCATCATTCTCATTTCAGACCTTTCTTTTAATATACCGCTAATATGCTACCGAACTTGGCCTGTGTCTTTTATCGAGTATCTCGATCATGACACGGTCCACCGTTCTCATTCCTTCGCGCGATATGCGCCCGACATTTTCCACCGTCTCTTCGATCGTCTCGCCGAAAACTCCCTGCGGGACGGCAAGCTTCTGCCCCATGAGCGCCCACTCCGCCGCGTAATAGGCTTCGGCGGCCGCGGCTCCGACCTTCAGCGCGCAGCTCTCCTTTGCCCCGTCGCAGAGCATCCCCGCGATATTCGCAAGCAACAGGCTCATCGCGGTGCATATCTGTTCGTAGCTTCCGCCCATCAGATAGGTCATGCCCGCGGCGGCTCCCGCTCCCGCGGCGACGGAACAGCCACAGACGGGGGAGAGGCGTCCCAGGTTATGCTTGACGAAGCTCGTCGCGATATGGCTCACGGCGACGGCCTTCGCGATCTCATCCTCGCTCTTGCCGGCCCGTTTCCCCAGCACCGCTACGGGGAGGATCGCCGTTATCCCGTGATTGCCGCTGCCGGCGCTGCTCATGACGGGAAGCAGGATGCCGGACATCCTCGCCTCCGCCGCGGCGGCGCAGGTGCTGCGTATCTCCATCACCACGGGGATCGGGCCGCAGGCAGGGTCGATCTTAAGCAAAGAACGCCCGAACTTGCTGCTCTGAAGACAGGCGCCGCAGCTGCTGCACTCTTCCTGAGTCTTGAAGCCGCCGTCCGCGACCCTGTAGTTCATGTTGATGCCGTCCCATATAAAACTGACATCTTCGGCGTCGATCTCATCGGCCAGGGCGAGCGCCTCCTGCAGAGTCTGCGGGAAGCCGTCGTCAAAGCCGCTTGCAGACACACCATTGCGCTCAGCTTCAAATTTAGTTTCGTTGTCCAGCACTGTTTTGACAACGTTAGAATGGCTGTTTTCAATGAGGCAGACCGCCTTGTGTCCGGGGGTAAACACTGATGCAAGCACGTATACGCCGCTCCGGTCCGGATCACAATAGATGGAAACGCGCTCGTCGCGCACCCAGGCCTCGGCCTTCGCCACATCCTCAAGCGTGCTGCTGCGAAGCACCTCCAAACCTAAAGAGGCGTCGCCGCAGATCGCGCCCATCGCCGCCGCGATGGCGTTGCCGCGCGCCCCCTTCGTTCCGGGGATGCCTACCGCCATGCCGTTTTTATAGATGCTTGAGCTGACCGTCACGCGTACCGCGGCAATATCGTCCCTGTCCGGCAGCTCCGCACAGGCGTGGGCCACCGCGAGGGCCACCGCCCCCGGCTCGGTACATCCCAACGCGGGTTTCACCTCATTGCGAAGAAACTCTTTTAATGTCAGCAATGTTTTCCCTCCTTAATTTCGATAATCATTTTTTCCGGACAGTGCCGATAGATACCATGTCCCCCAGCACTACGCCTCGTTCTTTTGCCGAACGTCTGTCGTGGCTTTGAATGATGATATTCATATGGTTAGGCATATGAATATCGTCAAAGCCGACAACTTTCCCTATCAGCCTGCCTGCTATATATAAGCCATCGCCTAAGATTATATGCCCTCCCTGCAAAACTTCAAAGAAGCAGATATAACCTATTTTATTCACTTCTCCGCCAAGCTCGATGCCGTCTTCATCCGTAACTATCACCTCATGGATATCATATTTTTTCAGCGACCTTGCGTAGTGGTTTTCAACCTTCAGCTTTCTGTCATCCCTCGTCCCATCCCAAACGACGATCACCTCTCCCTCGGCATCCCTTTTAGCGTGAAAGATATCGGGGTTAAATTTTAAAATCATCCATCATCCCACCCTTTCCATGATCTTTAAACGGCATAACATAATATAAATCAAGCCCTCCTCTATGATCAAAGGAGGGCCTGCAAAAACAATTCACCGGAGAATAATATTTAATTGGCCGCCCGCAGTGCCTTTCCACTCTTTTTAAACTGCGCGAACATCAGCGCGAATAACATTGCGAGTCCGGCGATATCCGAGATAGTCTCCGGCACGATGAGAAGGAGTGCCGCGACAATGAACAAAGCCCGCATCGGCCATCCCATGCTGCCCTTCCAGTAGCCGATGACGCCTATCCCCAGCCCCATTATACCCATCACGCAGGTAAAAAAGACCCAGGCGATGGACGGAACAGACCCCAAGCCAAGCAGCGCGGGATTATAGACGAAGACAAACGGTATAAGGAAAAGGATTATGGCGAGACGTACCGCTTCGATGCCGGTCTCCCACAGGCCGGTCTCCGCAATACCGGCCGCCGTATAAGAGGCGATTGCGACTGGCGGCGTAATCATCGACATATTGGCAAAATAGAAAATGAACATATGAGCGACTATCGCCTCCACGCCAAGGTTCTGCATCGCCGGCGCCAGCAGCACGGCGCTCATAATATAGGCGGCGCTGGTAGGCATACCCATTCCCATGATAATTATCATAACCGTTGAGAGGAGGAGAGCCAACAACAGGCTGTTTGCGGAGAAGGAGGCGATAACGGAACTGAAACGCAGCCCCAGGCCGGTAAATACGACCTCCCCAATGACGATCCCAGCCAAAGCACAGGGAAGGGCTACTATTACGGATGCTTTTGTCCCATCGACTCCCATATCGATAATCTCTCTGATCGACAGCCGCGTATCTTTCTTGACCTGGCAAAGAAGGATGAGTACCACGGTGGAGGCAAGCGCGGAATACATTAGCGAACGCCCCATGGCGATCAGAGAGACAAGTACGACTATCGGAAGCATAAGGTGCAGATAGCCCTTTATTATGGCAAGGTGTTCTTTAGCGTCTATAACCTCGGGCTTTATTTCCTGCTTGCTGGCTTCAAGATGTACTTCCCAGAGCAGCGAACCGACATAAAGCAGCGCCGGCAGCGTCGCGCAGAGAATGATTTTGAAATAGGATATCCCGATCATATCCGCCATAATGAACGCCGAGGCCCCCATTACTGGAGGGATAAGCTGTCCGCCTGTACCGGCAGTGGCAAGGAGCGCCGCGCTGAATACCGGCTTGAAGCCGCCCTTTTCCATCATTGGGTATGTAATGACCCCGACGGAGGCGACATTTGCGGCGGCGCTACCGCTGATCATCCCGAACAACCCCGACGCGAGAATAGAGGCCTTGCCCGGGCCCCCGACGGAATTACGGGTGGCGTATTTAGCAATCGAAACAAATAATTTCCCCGCCGGCGTCGCGGCCAGAAAAGCTCCGAAAATCATAAAGTAAAAGATCGTGTCCGCGGAGGCGGCTATCGGGCTCGAGAAAATACCGCCGGTGGTCATTACTTGATTTTCCACGAAGCTGATCAGATCCACTCCAGGATGAGACAGAATGCCGGGAAGGCTTTTGCCGAAAAAGCTGTAGGCCATGAATATCACGGCGATAATCGTCATCGACCAGCCAAGGTATCGCCTGCCGGCCTCCATCAAAAGAAGAACGAGGGAAAAGGCGAAAATCTTGTCCAGCAAGAACAGGTCGTCAACGAAGGGAATCCTCTCCACGATTCTCACTGAATTTACTGCGATGTGAATCATAAACGCGAAGGTGACCAGGAAACAGGCGGCGTCAACAAACGCTGAAAGCACGGGCTTGTCCTTGATAAAAGGTTTAAGGAGGAAAACCAGCAGCAATGCAAAGCCAACATGCAGCGGTTTTATGACCATTCCCTGAACAGGTACAAAAGCTATATATATCTGCCCCGCCAGCCAGCAGAGAGAGACGATAAAGGCCAGCCGTTTACGTATATTTTCCAATTAAGACCATCCCTTCCAAACGATCTTGCCCTCAAATGTCACACTAGAACGGGTTCCGGGTTAAGAGACAGGGGGAAAGGCTGATTGCTGAACTCAATTCCCCCTGAGAGCTGCGCTATAAAAATTTCTTGACGAATATCGGGTTATTTAATATATCCTTTTTCTTTGTAATACTTCGCAG
CP171104.1_gap80	3386367	3387021	654	GCCATTGCCGCGGGACCGCAGCCGCCGCTCACAGCCTTTGAAAAAAACCTGATCCGCGCGATGCTCGACGAATGCGGCGTGGCGCTGGAAAAGGCCCTGCTGTACGACAGATATGTGCCGAAGGAGGGCCCGCCGGATAAAGATGAAAAGTCATGCGTCCGCGAAAGCGCCAACGGCGCTGCCCCAGGCGGCTCAATCCCACGCCGCAGGGCCAGTTGCGGGTGATCAGTTCGTTGACGACAGCCATCCCCAGCCCCTGCTCGACCATTGAGAGCGCCGCCACGGCGGGGTACGTCACAGACGGATGGACGACGCGTTACCGGCAGGAGAGAACGCTTTTTGTTTCACACAATGACTTTATCACAGTAAAAATTCATCCCGCTAATGCCAGGGCAAACGCATCAAGAAAGGTCAGGTAAATGGTAAACTGCGATTTACGCGATTGCGGGGAAAGATAAACAGCGATTTAGCGCTCTTCCGTCGCTCCGGTCTCCGAGCCGGAGCCTAGAGTCGTCGGGTTTGGCTTTGCCCTTTAAAAGGCTCCCTCTCCTGAACAGAGTCCCGAAAATCGGACAGCCAAATAAAGCCCCTGGATTATAATAAAACTAAATACATATAAAGGGGGCTCTTCTATGCGTAAACGTAAAACAGAAG
CP171104.1_gap81	3405905	3406935	1030	CTGTCTGGGCATCCCCACATCCTTGTAACACTTAGCATGGGCTTTGGGACCTTAGCTGTCGGGCTGGGCTGTTTCCCTTTCGACTACGGATCTTCGCACTCGCAGTCTCACTCCCAATCTTGATCTGCAGGTATTCTGAGTTTGATTAAGCTCGGCAGGCAGTGCTGCCCCCTTACCTATTCAGTGCTTTACCCCCTGCAGTCTGTCGATTGAGGCTGCACCTCAATGCATTTCGGGGAGAACCAGCTATCACCATACTCGATTAGCTTTTCACTCCTATCCACACCTCATCCAGGCCTTTTTCAACAGGCTGTGGTTCGATCCTCCAACCGGTGTTACCCGGTCTTCAATCTGGACATGGATAGATCGTATGGCTTCGGGTCTATAGCACGCGACTTGCGCCCTGTTCAGACTCGCTTTCGCTGCAGCTGCAAACCTTGTAGTTTTTAACTTTGCCACGTACTATAACTCGACGGCTCATTTTCCAAGAGGCACGAGGTCACATCCGAAGATGCTCCCTCTGCTTGTTAGCACGAGGTTTCAGGTCTGTTTCACTCCCCGCCAGGGGTGCTTTTCACCTTTCCCTCTCGGTACTGTTTCTCTATCGGTCGCTGAATGTGTTTAGCCTTGGACCGTGGTCGGCCCGGATTCGTACGGAATTTCACGTGCTCCGTATTACTTGGGTGTCTGTCTAAGAGGCCTTTTTATTTCACTTACGAGGCTTTCACTCTCTGTGGCTCGATTTTCCAACTCGATTCGGTTATAAAACGGCTTTGTAACTCTTTCGGAGTTCTGCAGGACTCCGCGACAGGTCCCTCTACCCCATTTACACAACGCCTGCAGGCTTGGCATGTATATGGTTTGGGCTATGCCCCTTTCGCTCACCACTACTTGGGGTATCTCTTACGATTTCTTTTCCTCCGGGTACTGAGATGTTTCACTTCCCCGGGTTGCCGCCTATTGGATAGGCTCACAGGTTACTCTGTGAAGGTTGCCCCATTCAGAGATCCGCGGATCACGGGATGCTTGC
CP171104.1_gap82	3411809	3412532	723	CATGTAGGGCCAGGCCAGTTCGTCCTTATTAACGGCGAACAGCTCTTCGTCACGAGCCTTCGGAAATATTTCCAGCGCCGGCGAGGTATAGTATTGTTTTATGCCCCAGCGCTGAAGGTGGGCGGCGTTGAGAAGTTTCAGGAAGCCGCCCGCCCTTGCCGAACGGACGCGGTCGGCGGGAGCTTCTCCCGGTTTTTCTTCGATAAAGTTTTCCAGCGCGATGCGCCTGAATTCGGCGACGCCCGTTTCGCTGAGCGAATAGACGCCGTCCTCCGGCACTATCAGCCCCTCTTCAACGAGCCTTTCCAGCGCGGCCATGTCCACGCCCTCTTTGACGAGCATTTCTCTTGTCCAGCAGGGATAGAGGGAGTCGAAGAGGGTAATGAGCATCATATTGTCTATCATGAGGGTAAATGCCTCCTTTTTCCGTTTATTGTCATACCATGATATTATCTATCTCCGTTTTCATAAAGCGACAATAATTAACAGCGGCTGTGAGAAACTTTCACAGCCGCGCGCTATGCGGTCAGGGAGACGGTCATTTTACATATCGGGGATCATGCGTTTCGCGTAGGAGACGAATTCGAGCGCCGCGGGGGAGGCCTTTTCAAGAGAGGGGAGCGCGATGCCGAAGCTGATATGGCGCGGCGGATCGAGCGGCAGGATCGCGGCTTTGTTGAGGCGTCCTTTGGTTATCAGTTCGTTCATTATACTCATGCCGAG
CP171104.1_gap83	3413821	3416738	2917	CTGGATGCGCTGGGAGTCGGAGAGCACCTCCGGCGAGCAGAGGAGGCCGTTTATCTCATCTTTGCGCCTCTCGGCGAAGGATATCTCCTTTTCGCATATCTCGAGGCGCTCCACAAAGTCCTTCTTCGCGCGGTAGAGGCGGTTGCGCTCCTCAGCCTCGGCGCGCCGCTGCTCTTTCGTTCTCGCCTCCTGGCGGGCCTCGGCGGCCCCCGCGCGCAGTTCGGCGGCAAGTTTCTCCGCGGGGTCGGCAGCAGTCACGGCGATGGGTGCGGCCTCGCGACCGCTTCTTTTTTCGATGAACCACGAGTAGTTGCCGGGATAATCATAGAGCTTTCCGTCGCGTATCTCGACGACGCGGTTCACCAGGTCGTCGAGAAAGGCGCGGTCGTGGGAGACGATCAGAATGGTGCCGCCGTACTGGAGCAGCGCCTTCTGAAAGAGCTCTTTCGTACCGTAGTCGAGGTGGTTCGTCGGCTCGTCTAGGATCAGCAGATTTGACTCGGAGAGCAGCATCTTCAGCAGGCCGAGGCGCGATTTCTCGCCGCCCGAGAGGACGGAGACGGGTTTGTGTATCTCGTCCCCCGAAAAGAGAAAAGCCCCGAGCAGATTGCGCTTCGCCCCCTCCAGCAACTTTGAGCCGGTATTGTTGACCTCCTGCCAGATGGTGCGGCTGTAGTCAAGGTTCTGGGCGCTCTCCTGCGAGAAATAGGCCTTCTTGACGTTGAGGCCGAGCTCCGCCGTGCCGGCGGTTGGTTCTTCGCTCTGATTCAGCAGGCGCATCAGCGTCGATTTACCCGCGCCGTTGACGCCGACGAGGGCGACGCGCTCGCCGCGCTCGATGACGAGATCCACGTCCTGAAAGACTGTATGCTCTCCGTAGCGCTTCGCGAGCCCCGCGGCCTTTATCACCTCGCGGCCGCTGCGCGGGCTCTCCGGGAAATGAAAGCTCACGCTCTTCGAGGGGCCCTCAAGCTCCGTTATCTCCATCTTTTCCAACTGTTTGATGCGGCTCTGCACTTGGCGCGCCTTTGTCGCCTTATAGCGGAAGCGTTCGACGAAGCGCTGTATCTCGTCGATCTTCTCACGCTGCTGCTCCCACTCGGCCTCCAACCGCGCGCGGCGTTCCTCGCGCTCCGTGAGAAACTTTTCATAACCGCAGGAATAAAGATTTATCCGGCCGTTCGCGAGTTCCGCCACCGATGTTACCATATTGTCGAGAAAACGCCGGTCATGCGAGACGGCGATGATCGTGCCGCGGTAGTCGCGCAGCCATGATTCGAGCCATTCCATGCTCTCGGTGTCAAGGTGGTTCGTCGGCTCGTCGAGCAGCATGATGTCCGAATGCGAAAGAAGCAGCGCGGCAAGGGCGATGCGCATCTTCCATCCTCCGGAAAATTCGGAGGTCAGCCGCGCGGCGTCGCGCTCCGGCGCGAAACCGAGCCCCTTGAGCACCTGCTTGGCCTCGACGTCAAAGCCGAAGCCGCCCTTCGATTCAAAAAGCCTCTGCAGCCGCTCATGCTCGGAAAGCAGCCCCTTCACCGACGGATCGTCTTCGGCCAGCGCCGACATCCTCTGTTCACATTCGGCGAGCCTTTGTGATATCTCCGTGAGTCCGGCCCGCCCTTTCAGGTATTCTGCGAGAGGGAGCTCCCCGATCTCCACAAGGTCTTGCGGAAGATAGCCGACGCTGTGTCCCTTCGGCATCGTAATGGTACCCTCGTAATCGGCGCTCCCCGCCAGCACGCGCAGCAGCGTCGTCTTGCCGGCGCCGTTGTCGCCGACGAGGCCGATACGGCTTTTCGGCGTGATGAACCAGTCTATGCCGCGCAGTACCTCCTGTTCGCCGAAATTTACCTTCAAATCCTTTATCTCGATCATCTTAAGATGAATTCCTCCACTTTAAATGCAATTTGTATATTATAGTTGGAACGGCCCTCAAAGAAAATAGCGGCGGACGCCCGTCTGCCAGCCTCCCGGAGGATCGTCAAATGTTCGCGCGCGCTTTGGAGAGAAACCTTATTCCGAGGACAAATCAAACCGTTTTTTACTCTTCCGCACAAGAAAACTGTTATTAAGCATCGAAATGCTCTTGATTTTATGTTTAAGTCGTTGTATAAAGATACTAATGTGTTTGATCCCCCATTGGAAAGGGTTTTATATAATGGCAGAAGCAAAAGAGTACCAGAAAATGAAAGATATATATGGCTCGCTTGTCTTTGACCGGAAAGAGATGAAACAGCGCCTGCCGCAGGACGTCTTTGAAAACCTCGCGGGGGCGATGGAGGGCCGGCAGAAGCTCGACTCCGGCATCGCCGACACGGTGGCGCTCGCGATGAAGGACTGGGCGGTCAGCAAAGGCGCCGACCACTGGGCGCACTGGTTCCACCCGCTCACCGAGCTGACGGCGGAGAAGCATACCGCCTTCCTCACCGCCGACGAAAACGGCAACCCGCTGAACTCTTTCCGCGGCAAGGACCTCATGCAGAGCGAACCCGACGCCTCCTCTTTCCCCTCCGGCGGCACCCGCAGCACCTTTGAGGCGCGCGGCTACTCCGCCTGGGACCCGACGAGCCCCGCCTTCATCATCCGCTCCCGCAAAGGCGGCACGCTCTGTATACCATCCATATTCATCGCCTACGACGGTTCGCCGCTCGACCTCAAGACATTCCTGCTGCGTTCGATGCAGGCCGTCGAGAGCCGCGCCATGAAGATGCTCAAGCTCTTCGGCAACCGCGGCGTACGTTACGTACACGCCACCGTCGGCGGCGAGCAGGAGTTCTTCCTTCTCGACCGCCCGCGCGCGCAAAAACGCCCCGACATCCGCTTCTGCGGCCGCACGCTCGTCGGATCGCCGCCGCCGCGCGACCAGAAGATGGAGGACCACTATTTCGGCGCGATACCGACGCGCGTACTCTCA
CP171104.1_gap84	3421712	3422812	1100	TCACTCATCAGCCCAGGTTCATTAAATTCTATACTGAAAATAAAATCTTTTCCAGCGAGGGAAGGGGAAAGCGGAATAGATGTCACCGCCTTCATCATCTGATTTCTCACTGAAGGCGATGCGTTAATAAAATCAAAACCAAAAGCAATTGCTTCCAATATATTTGATTTTCCATAGTTATTCGTGGAGACAAGCGAGACAATACGTTCAAATTCTATCGTTGTCTTAGGAACATTTTTATAGTTGCCTACCGTAACACTTTTTATCTTCATTTCAAACACCTCTTCAATAGAGAAGATATAATATCAAAAATATTAAAATGTACATTTTTATATATTCTATCATATTATAGCGATATTTTTGCAAAAAATAAAAATAGAACCAATATATTTTATAGATTCATTATAATTACGTAATATAAAGACCATTTCTGACGGTACTTAAATAACAAATACAATATCGTTAGATCCCACCTGTCCGGAACGACGTTTTATTTTATAATGAGGGGGCACGCGGGATCTGTTTAGCGGCGTATAAAATCAAAAAACAGCGGGGTGAGCGTCGATGTCTTTGATCGGAAAAGGCCGCTCTATTTTGGCGGCGGTCTTCGTCTCTCTGAGGCACCGGGATTTCCGGATATTCTGGATCGGACAGTGCGTCTCGCTGATGGGCACCTGGATGCAGCGCACGGCGTTGGTCTGGCTCGTATACACGATCACGAACTCCCCGTTCAAAGTGGGGCTTGTCGGCGTGGCGCAGTATCTTCCGATATTACTGTTCACTCTCTTTTCCGGCGCGATCGTCGACCGTTTTTCAAAGCGCAGGCTGCTCATCGTAACACAGTCCCTGCTGATGCTGCAGGCGCTCGCTCTCGCGCTGCTTACGTTTTTTCACTGCGAACAGTACTGGCTGCTGCTGTTGCTCTGCACGGCGCTGGGGCTCACGACGACCGTCGACATGCCGGCGCGCCTGTCGTTTTTCATGGACCTCGTCGGCAAGGAAGACATAATGAACGCCGTGTCGCTGAACTCGACGATAGTGAACCTGGCGCGCATAATCGGGCCGGCCGCCGCGGGAATAGTCATGGAGCTTGGCGGAGC
CP171104.1_gap85	3451151	3451651	500	CATGTGGATAATTTTCTGTTTTTCCTCGCCCTTTATCGCTTAATCGCTGTTTATTGCATTCCTGTTACATTCATATAAAACTATACTTTTATATTCTCCGATGTATTGTTACAAATATTTTATGTTTTATCCACACTATCCACACCGGAGCACATATATTTTTTTATATCCCGTTTTATTGTAAAAAAAGAGTATCATCAAATATTATCAAACTTTGGGGTTTTTATTTTTTTCAGCGAGAGCTGGCTCTGTTACCGGTTTTTTATCGTTGTCAACATTTTTGTGTCTTCGGATGTGTATATGTGAATAACTTTTGTGGATTTCTTTAAAAAAAACGACCCGCCCCCTTGACTTAAAAAAATTTTTATGCCTGGCTGAAAAAAACATCACTTCCACGCCCGAAAGAAATCGTATAAATTTATTTTTTGGTCTTTAGCTGATTCATGATAAAATCTCTAGTTGGAAGAATCTCTATTTCATCTTCTGTTGGAGTGAACCGA
