gap_id	start	end	length	sequence
CP176809.1_gap1	1278	3022	1744	AGCCCCAGGATGTGACGAGCCGACATCGAGGTGCCAAACCCCCCCGTCGATATGAGCTCTTGGGGGAGATCAGCCTGTTATCCCCGGCGTACCTTTTATCCTTTGAGCGATGGCCCTTCCATGCGGAACCACCGGATCACTATGCTCTACTTTCGTACCTGATCGACCTGTATGTCTCTCAGTCAAGCTCCCTTATGCCATTGCACTCTACGCACGGTTACCAAGCGTGCTGAGGGAACCTTTAGAAGCCTCCGTTACTCTTTTGGAGGCGACCACCCCAGTCAAACTACCCACCAAGCAATGTCCCCCACTTATGCGGGGTTAGGCCTCAGATAAACAAAGGGTTGTATTTCAACAATGACTCCACAACGCCTAGCGACGCCACTTCACAGTCTCCAACCTATCCTACACATCATTTATCCAAGGTCAATACTAAGCTATAGTAAAGGTGCACAGGGTCTTTTCGTCCCACTGCGGGTAAACGGCATCTTCACCGTTACTACAATTTCACCGAGCTCATGGCTGAGACAGTGTCCAGATCGTTACACCATTCGTGCAGGTCGGAACTTACCCGACAAGGAATTTCGCTACCTTAGGACCGTTATAGTTACGGCCGCCGTTTACTGGGGCTTCATTTCAATGCTTCTGGTTACCCATAACATCTCCACTTAACCTTCCAGCACCGGGCAGGTGTCAGGCCCTATACTTCATCTTACGATTTTGCAGAGCCCTGTGTTTTTGATAAACAGTCGCCTGGACCTCTTCACTGCGGCCAGCATTGCTGCTGGCGACCCTTCTCCCGAAGTTACGGGTCTATTTTGCCTAATTCCTTAGCCATGAATCTCTCGAGCACCTTAGGATTCTCTCCTCAACTACCTGTGTCGGTTTACGGTACTGGTACTATTAATCTGAAGTTTAGAGGTTTTTCTTGGAAGCCCTTAGGCGCACTATCTCTTTGCCCGAAGGCTCCGAGTACTATCGTATTTCCCCAAAAACCGTGGATTTGCCTGCGGTTCTTATAGGTAGGTACTTCAACGAACTATTCCGTCAGTTCGCGGCGCTTTCATCACTCCGTCACCCCATCACAATTAATAGTAGTACGGGAATATTAACCCGTTGGCCATCGACTGTCCCTTTCGGGTTCGCCTTAGGACCAGACTAACCCACAGCTGATTAGCATAGCTGTGGAAACCTTAGTTTTTCGGTGTGCGGGTTTCTCGCCCGCATTATCGTTACTTATGCCTACATTTTCTTTTCTAACCAGTCCAGCAAGCCTTACGACTCACCTTCTACCCTGTTAGAATGCTCCCCTACCACTCCGTAAGTTAATACGAAATCCATAGCTTCGGTAATATACTTATGCCCGATTATTATCCATGCCCGTCCGCTCGACTAGTGAGCTGTTACGCACTCTTTAAATGAATGGCTGCTTCCAAGCCAACATCCTAGCTGTCGATGCAGACAGACCTCGTTCTTTCAACTTAGTATATATTTGGGGACCTTAGCTGATGGTCTGGGTTCTTTCCCTCTCGGACTTGGACCTTAGCACCCAAGCCCTCACTGTTATGAAACATTATATAGCATTCGGAGTTTGTCAGGAATTGGTAGGCGGTGAAGCCCCCGCATCCAATCAGTAGCTCTACCTCTATATAACTTTAACCATAACGCTGCACCTAAATGCATTTCGGGGAGTACGAGCTATTTCCGAGTTTGATTGGCCTTTCACCCCTACCCACAGATCATC
CP176809.1_gap2	44839	47384	2545	TTACATGCAAATATAAAACAAAAAAGCTACTTCCAAAAGAAAGTAGCTTTAGTATATTTATTGTTCTGTTAGATTATTTCTTTTTTAAGAATGTATCTACTTCTTCTGGTGTCATAATTGCTTCAACAAAAGTGTAAGCTCCCGTTGTTGGGGATTTTACCATTTTGATAGCTTTAGATAATCTTTTAGAAGCTGTTTGCAAACTTGCTACGGTTTTCTTTGCCATGACTTATTATTATTTAATTTCTTTATGAACAGTTACTCTTTTCAATACTGGATTGAATTTTTTGATCTCCAAACGATCTGGAGTATTCTTTTTGTTTTTAGTTGTAATGTAACGTGAAGTTCCAGCTACGCCAGAAGCTTTATGCTCAGTACACTCTAAAATTACTTGAATTCTATTACCTTTCTTTGCCATCTTGCTATATAGTTTTTAGGACCAGATTATTTTATAAATCCTTCTGTCTGCGCTTTTTTCAAAACTGCAGAAATTCCGTTTTTGTTAATCGTTTTGATTGTAGAAGCTGCTACTCTTAGAGTAATCCATCTGTCTTCTTCAGGAAGGTAAAAACGCTTTTTAATCAAGTTCACAGAGAATTTTCTCTTTGTCTTGTTCATTGCGTGAGAAACGTTATTTCCTACCATCGCTCTTTTACCAGTAAGGTCACAAATTCTTGACATTATATTATCTTTTTTCGTTATTCAAAATTCAGAGTGCAAAAGAACGAAAAATAAATGGTTGTAGCAAATTATTTTGAATAGTTTTTTAAAATTTCTTTATAAATCATTTCTAAAGCTTGATTTAAAGCCCTATCTATCACTTTTTCACGGGGTTGCCCAAAATTGAATTTTTCGGAAAAAACTCCTTTTGGAGTGGCAATTGCGATAAAAACGGTTCCAACTTCTGCATTTGCATCGCCTTTATTGGGTCCTGCATTTCCTGTTGTGGCAATGGCAAAATTTGTTTTAAATTTTTTTTGAACTTGTGTTGCCATTTCTTCAGCTACTTGAGTACTAACGACTGAAAATTTGTTTATTTTTTCTTGAGAAATACCCAAAACGGCTACTTTGGCCTCGGTAGCATAGCTCACGATGCTGCCTTTGAAATAATTTGATGATCCCGAAACTGATGTTATAGTTGAGGCTATTTTGCCACCTGTACAACTTTCTGCTGTCGAGATTGTTAGTTTTTTTTCTGTTAAGAGTTTTCCTAAAACAACTTCGAGGGTTTCGTCTTCTTCGAAGCCTACAATGCAATCGGAAATTATTAACTGTAGCTTTTGTACTTGCAAACTAATTTCGTTTTTTAGCACATTTTCATCGACACCACGAGCTGATAATCTTAATCGTACTCGTCCTGGGCTTGGCAAATAGGCTAGTTTTATAAATTTAGGCAGATTGTCTTCCCAGGTTTCTATTCGTTCTGCTAATAAACTTTCGCCAACGCCATAGGTTAGTATGGTTTTGTGAATAATGAAAGGGCGGTCGTATTTTGCTATTAATTTTGGAATTACTTCGTTTTCTATTAAATATTTCATCTCATAGGGTACGCCAGGTAGGGATATAAAGACGGTGTTTTCTTTTTGCAACCACATTCCTGGGGCTGTTCCGACTTGATTAAAAAGCACTTCGCATTTAGATGGGACAAGCGCCTGATCTTTATTTACTTGTGTTATTGGTCTTTTGAAATAATCTTCTATAAGTTGTGTAACGTGAACCAATACTTTTTCGTTAATTATTAGTTTATCGTTAAAATATTCGCATAAAGTTTTCTTGGTAATATCGTCTTTTGTTGGTCCTAAACCTCCTGTTATAATAACTACATCGACTTTGTTTTGTAGTAAGGAAAGCGTTTGTAAAATATGTTGTTTATCGTCAGTGATAGATAACATTTCGTGCACTCCTATGCCTATTTTGTCTAAGGATTTGGCTATAAATGAGGAATTTGTATCTATTATTTGCCCTATAAGAATTTCGTCGCCAACGGTTACTATGGTTGCTTTCATTATTGATAGTTTTTCTGTTTTTAATTTATAATAAAAAAATCACTAATTACCACGAGTTTATTTGTAGTTATTAGTGATTTTTTTGTTTATTTGATTGTATTTTAACTATTTAAAACACTTTTTTAATTTTTTTAGACCTATCGGCCACATATGAAACTAACCAAGCGATTCGACCTTCTTTGGCAAAATATAGCTTTTTATTGTTAATATTTGGCAAAGCTTCTAGACAGGCCTGAAGAATGTTACTGCCCGATATTAGATGTTTTTGGGAATATGTTTTTAAAACTGCTTCTACTTCCTTATCTGTTTTAGCAAGCTCTTCAAATTTTACAAAATTATTCTTTAGTATAGCGTCATAATCTATAACATCCTCTAATTTAAACTGGCTAAAATTTTGTTTCGCCGCTCCATTCATAAGCGTATAGAAAGCCCAAACAGCTCCTCCGGACATAAATATTTTTTCTTTTTCTAATGCTAAAGAACCAGCGGCATACATTGCGGCTATTTGCCTTCTAACTTCTGGCAAAAAACTAAATGAT
CP176809.1_gap3	130729	131710	981	AAAAAAATGCCCTCTAAAATAAAAATAGTAGCCGTTTTTATTGTATTATTAGGAACGGTATTGGCTACAAATTTAATTCAAAACAAAATAAATTTCGATTGGCGAGGTATTATTTTAGGACTTTTGGCAGCAGCCTCATTTACCACAACAATGTTTACCGCAAACAGCGTAGCTACACAAATTTCTTCGGCACAACGAAGTTTATACATGCTTTTAGGTGGTGCAATTATTGTTTTTGTTTTTACGCTTTTTACACAAACAACGCCATTTAATTATGATATTTTTTACAAATGGGGAATTCTTATTGCAATTTTCGGAACAGTAATTCCGCCTATGCTAATGAATGCTGGTTTTCCACTAACCGGAATTGGCCTAGGTAGTATCGTTTCTGCACTAGAACTTCCTGTTTCGGTAATGATGGCCTACTTTATTTTGAACGAAAGCGTTATTCTCACACAGTGGATAGGAATCATTCTAATCATCTTTGCTATTGTGATTATGAAAAAATAAGATAAATCGAAAGAAAATTCGCTTTCTGATGCAATAGACGCATATTCAATTGTATAATTTTCAGACTAAAAAAAACGAATTAACTGCAACATTCTACTACCCGCTGCTGAAGATGGGCTCCACCCAAACTGAACTAATGATTAAAATTTTTCATAGCCAAATATACGAAGTTTTTTGGGGTCGGGATTGGTTAATTAAAACTCATCTTTTGAATTGCCTAACTTATTAGTAAGAAAATAATATTCATTATAAGTACACCAATCACAACCAATATTAGAGTTGTGATTGGTACATTTTTATTTTTAAAAAAGCATTTAGAAAAAAATATAATAAAGAATTTTAATTAATAGTAAAGTTGAAACAGTAAGAATTGTTACTCTTACAATTGAAGTTGTACTTGGGAATTCGAATTGAATTTTCATTAATTATTTTCTTCTTTCTGGTTTAATTGGCTCAATTGGTTTATCAGCA
CP176809.1_gap4	177962	178619	657	TTCCCGCTAAAAAAAGCGGGAGATTTACATTTCGATCAGGGCTAAAATTCATAAAAACAACTACTATCAGCATTCATAAAAAACCGAAAACAAAAAAAAAAAACTATTTTAAATATTTCTAATAATAAAAAGGCTTTTATAAAACAAATATTACCTATTTTTAACAAAAACAACTTATCAAAAATGAAAATCGACAAAATTCAAGCGCTTCGTGGACCAAATATTTGGAGTATCCAACGTAAAAAATTAATCCAAATGCGTTTAGATTTAGAGGAAATAGAACAATTTCCAACCAATAAAATAGACGGTTTTCGAGAACGAATAGAAGCCATGTTTCCAACCATGATAGAACATCGCTGTTCCGAAGGTTGCCGTGGCGGTTTTTTCTCACGCATAGAACGAGGCACCTGGATGGGACATGTTATAGAACATATTGCACTCGAAATACAAACTCTAGCCGGAATGGAAACAGGTTTTGGTCGTACTCGAGAAACCAAAACCCCAGGAATATACAACGTTGTTTTTAGTTACACCGAAGAAAATGTAGGAATCTTTGCTGCACAAAGCGCTGTAAATATTGCAGAAGCATTAATCGCAGGAACAAAATATGATTTAGAAGCCGACATACAACAAATGCGTGTTATTCGTGACAAAGTT
CP176809.1_gap5	182971	185811	2840	TTTAGATTATATCATCGAAAACAACAAATAGCTTACAAAAAATGCCAATCGGTTAGTTACGATTGGCATTTTTTTATTAGAATATTTAAACTATAGATTTTCTGTTTTGGCATATCTTTTTAAAACAAAACCTAAAGCTACGTTTTTTGTTTTTTCTTTCTTGCAGCAGGAAACAATATATTGTTAAGAATTAATCTGAAACCTGGAGAATTGGGGTGCAAGTCTAAAACCGTAGGCTCATCGCCTACTCGATGCTGAAAATCCTCAGGATCATGTCCGCCATAAAAAGTAAAAAAGCCTTTTCCTTTTTGCCCATGAATATACCGTGCCTCTTCGTTAATTTGATTTTCTCCTAAAACAAGAACATTTGTTTTTATTAGTTGCCTCTCGAACGAAGTGGTTTGCCCCATAAATCCTTTTACTAATGAGGTATGATTTTGACATAACATGGTTGGAATTACGTCCCATTTTGCAGAGAATTCCATCAGTGTAAAATAATCTTTCTCGAAAGGAATCCTTCTTTTCTCGGTCATATCAATATCCGAAAACTCGTAATGCTCTGGCTTTCGGTCTAAAATAAAATCTTTAAAAGCAAAGGTCTTCGAATAATTTATTTTCGATTGATAATTAGCCTCACTCTCATCACCATCAAACATAGACTCACAAATATCTATCCCTTCGGCAGCTAATGCAATATCGAAACTATCGGTTGCAGAACACATGGCAAACATAAAGCCGCCGCCAATAACGAAATCTCTAATTTTTCTGGCAACAGCGCCTTTTTCTTGCGAAACTTTATTGTAGCCTAGCTTTTTTGCCAATGCCTCGGCATCTTGTTTTTGCTGAATATACCATGGTGCAGTCCTATAAGCCCCAAAAAACTTACCGTATTGTCCTGTAAAATCTTCGTGATGCAAATGCAACCAGTCGTATAAAATTAACTGATCGCTTAACACTTCTTGGTCATAAATGGTCGTAAATGGTATTTCGGCATAAGTTAAAACCATAGTCACCGCATCATCCCAAGGTTGCTTACCTGGAGGAGAATAAACTGCTACTTTAGGCGCTTTTTCTAAAACAACCACCTCCATATTTTGCGAAGGAGAAGAAATATCTGCCAATATATTATTGGTTTGATTGTCAGAAAGCACTTCAAAACTCACGCCTCGTATTTGGCATTCTTTTCTAATATCTGAAACATCTGGCAAAAGAAAAGAACCGCCACGATAGTTTAATAACCAACTGGCTTTGTATTGTTTTTCTAAAGCCCAATAAGTTATCCCGTAAGCTTTTAGGTGGTTTTTTTGAGACGTTTCATCCATAGGAAGCAAAATAAAATTTGCTTTCACAGAAAATGAAATGAGGATTACTAATATAAAAAATGACTTATTAAGTTGCATTATGATTTTTTAATTCCAAAGATAATAGTTTTAATGAATGAAAAATATAAAAATATACGATCAAAATTTGGATCAAATAAATTAATGAAAATAAATATTTTTTTATTTTTATTTAATTTGCTTTGAAAACTAAAAATAAACCTTATATTTGCACACGCTTACACGGGGTGTAGCGTAGCCCGGTTATCGCGCCTGCTTTGGGAGCAGGAGGCCGCAGGTTCGAATCCTGCCACCCCGACTAAAGTCTTTTCATTTACTTGAAAAGACTTTTTTTTTATAAAAAAAAAGAAAAAAGTTTGTTTCAAAAGAGTGAAATACATAAATGTTGTTATATTTACAAATCATAATGTTTTTTACAACTGTACTATGGAAATACTCTTACTTATTCTGGTTCTCATTTTTTTATTTTATATTTCTAATACTATAAAATTGCGGTTTGATACTATAGACAAGAAATTTATTGCGCTAAACAAATTTATAGATCAGGTAAAAGCAGAAGAAAAAACAGCACAATTTATACCTTCAACGGAGAATAAAAAACCAATTATAGCTTCTGATGAAGAAAAACAAACCATCAGTAAGCCTATAATTGAAGAAGAAATTTCAGAAGAAGAAAAAGAACTGTTTTTTACTCCGCTAAAAAACCTAAGTATTCCAAAAGAAGAAGAGCAAACTATAATTACACCTATAATTGAAGAATTTATTTCAGAAGAACACAAAGAAATGTTTTTTACTCCTTTAGAAAACCTAAACATCTCAAAAGCAGAAAAACCTGAACAAAAACAAAAACCTCATACTCCTTTGGCTCCCGAAAAATCGTTTTGGGAAAATTTTAAAGACAAAAATCCAGATTTAGAAAAATTTATTGGTGAAAATCTAATTAGTAAATTAGGGATTTTAATTCTTGTTCTAGGAATTAGCTACTTTGTAAAATATGCGATCGATAAAAATTGGATAAACGAACCTGCTCGTGTAGGAATTGGAGTCCTTAGTGGTGTTTTAGTTATGGGAATAGCGCACAAGCTAAAACAACAATATGCTGCATTTAGTTCTGTTTTTGTGGCTGGAGCTATTGCCATTTTTTATTTTACCATAGCAATAGCTTTCCACGAATACCATTTATTTAACAAAACCGTTGCCTTTATAATCATGGTAGCTATTACTGGTTTTAGTGTGTTTATTTCCTATTCCTATAACAGAATAGAACTTGCTGTACTCTCCTTAATTGGTGGCTTTGCAGTACCCCTTATGGTTAGCACTGGCAACGGAAACTATATTGTGTTATTTAGCTATATTATTATCTTAAATGTAGGTATTTTAGCATTAGCCTATCACAAAAAATGGAGTTTAGTAAATACCCTAGCCTTCGTTTTTACAATACTTCTTTATGGTGGTTGGTTATCCGCAGAAATAAATGAACCTAAACCTCATTATCTTGGC
CP176809.1_gap6	260794	261861	1067	ATTACGAGCTTCTAACAACTCGGTAATTCTTGGTAAACCTCCTGTAATATCGCCAGTTTTTGAGGAACGACGTGGTATTTTTACTAAAATCTTACCTGCTTTAATTTTCTCACCATCATTTACCATAAGGTGGGCTCCTACTGGTAAGTTGTACGAACGAATTAGTTCGTCATTTTTACCATACACTAATAAAGTAGGGATTAATTTTTTATTTCTTCCTTCAGAAATTACTTTTTCTTGGAAACCAGTTTGCTCATCGATTTCGACCATAAACGATTGTCCTTGTTCTAAATCTTCGTAAGCAATTTTTCCGGTAAACTCAGAAACGATAACTCCATTATATGGATCCCATTTACAAATAACATCTCCTTTTTCTACAACTTGAGCGTCATTTACATAAATACTTGAACCGTAAGGAATATTATTTGTAGCAAGAAGAATACCCGTTTTTTGGTCGATTAATTTCATTTCTGTAGAACGAGAAATTACAATATCAACTAAATTACCTTCTCCATCTTCACCTTTTACAGTTTTTAAATCTTCAATTTCTAAACGTCCTGCAAATTTTGCAAGAATGTTAGATTCTTCAGAAATACCACCTGCAACCCCTCCAACGTGGAAAGTACGAAGTGTAAGCTGTGTTCCTGGTTCTCCAATAGATTGTGCTGCAATTACTCCAACTGCTTCACCTCTTTGGGTCATTTTTCCAGTAGCCAAGTTACGTCCGTAACATTTAGCACAAATTCCTTTAGTAGCTTCGCAAACAAGTGGCGAGCGTACTTCTACTTTCTCTACTGGAGAGTTTTCGATAACTTTCATTATTGCTTCGGTGATTTGCTCACCTGCATGCACTAATATATCGTTGGTTAAAGGATTTACTACGTCTTGTAACACAACACGTCCTAAAATTCTTTCTCCTAATGATTCAACAATTTCTTCATTTTTCTTTAATGCAGAAACTTCTACACCTCTTAAAGTACCACAGTCTTCGATGTTTACAATTACGTCTTGAGATACGTCATGTAATCTACGTGTTAAGTAACCCGCATCGGCCGTTTTAAGTGCTG
CP176809.1_gap7	276756	277573	817	ATCGCCTATTCCGTATATTTTCATCAAATCGTCTTTTGAAGCTTCGTTGATGTTAACAATTGTAATTTTGTCTTTTTTACTAAAATCTTTGAAATTCGATTTTGCATAAGTTGGATAGTTTTTTTTGTTTGTTACCCAATCTGGAAATTTGAAATACGGTGCAATTATTGCCAGTAAAGAATCTGAAATTTGTGTTACTTTTTGAAATTCTTGTGCAGAATTTACATATTTATTTGTTTTTCTAAATGCTAAGAGCCTGTCTATTTCTGCTGCTTTCATTCCGAGTTTATAGCCTTTAAAATCCGTAATAAAATTAGGGTTAAAAGGATACATTTTATAAGTATCGTTGTTAGAAACTGGTTTTAATGAGTCTATTTCTGTTTGCATTGCCAGCCATTGCTCTTCTTCTTTTGTTGATGTTTTTGCGGTTGAAAAATCGACAAAAAAATACAACAATTGCACACTAATTATTAGTACAACTAATATTGTTATACCTATTTTTTGTTCTTTATTGAAAATAAAATACTGCTTAAAACTCATACACTACAAATCGAAAACCGAAGATCTTTTGGCCCGCACTAAATCCTTCAATTTTATTAAAAACCCTAATGTTAAATAAACGCCAAACCATAATCCTGCCGTTACAAAGGAGATGTAAATGAAAAACAAACGTACACTATTTGCTCTCATTCCTAACCTATCAGCAAGACGAGAGGCTATGTGAAAACCTTGTTTTTCGAAAAGATATTTTAGCTTTATAACGAATCTCATTTTTTGCTAATAGGTTATTATGTGTTTGGTTAATTGTCCTGTTGCA
CP176809.1_gap8	293948	298444	4496	TTTGCAAGACGAAACCCTGTCATGACTTCGTCAAAAATTAGCAACGCATTGTTTTCGTGACAAAGCTGCTGTAAAGCTTCTAAAAATCCTTTTTGAGGCGGAATACAACCCATATTTCCGGCAACTGGTTCTATAATAACAGCTGCTATTTCGTTCTTATTAGCATCGAATAAGTTCTTTACATTTTGAATGTCGTTGTAGCTTGCCAACAAGGTATCTTTTGCTGTTCCTGAGGTTACTCCTGGACTATTGGGCGAACCAAAAGTTATTGCTCCGCTTCCTGCTTGAATTAAAAAAGAATCGGAATGTCCGTGATAACAACCTGCAAATTTAATTATTTTGTCTCTTTTTGTAAATCCACGAGCCAATCTTATGGCACTCATACAGGCTTCTGTTCCTGAATTTACAAATCGAATTTTGTCTATATTTGACACCATCGAAACGGCTAGTTTTGCAATTTCGGTTTCTAATTCTGTTGGCATACCAAAAGAGGTTCCTGATTTTGCTTTTTCGATCACTGCGGTTACCACAGGCTCATAAGCATGGCCTAAAATCATAGGCCCCCAAGAGTTAATGTAATCTACGAATCGGTTTCCGTCTTCATCATACACATAAGCTCCTTTTGCACTTTTAGCAAATATTGGCGTTCCGCCTACCGACTTAAATGCTCTTACTGGCGAGTTTACCCCACCTGGTATTACTTTTTCAGCTTCTAAAAATAACTGACTACTTCTTTTGTATAACATTGAAATTTTAGATTTTAGATTTTAGATTTCAGATTTCAAAAATTGAAACTTCTTCCTTAAATTTTAGATTATTTCACATTTATATTTTGCCCTAACGACAATAAATTATCTATAATATTATTTTTCTTTTTTAATTCGTCGATAGTAATATTAAACTTTTTTGATATAGAATATAAAGTATCGCCTTTTATTACGGTATATTGATTGGCGTTATCGATTATTTCTTCTTTTGTACTTGTTTTTTTTGGTAAAAAATCTGACCCCAAAACTTCGGCATCATATTGTTGTAACTCGTATCTTTCTATTATTCCTATTAATTTATCTGGATATTTAATATCGGTAGCGTAACCTGCTTTTTTAAGTCCTCTTGCCCAGGCTTTATAATCATCTTTTGGCAATGAAAACAAGGGCTTATACCATGCTCTACTTGTTAAAAAATAAGAGTGATCGCGATAAGATTGCTCGGCATGATCATAGCTTCTAAAACATTCTTGTAATGTATCGTCGTCGTGTTTTATGCTGGCACCTGTCCATTCTTTATGGCATTTTATACCAAAATGATTGTTTGCCTGAACGCTTAGATCGCCTGTTCCTGCACCAGATTCTAATATTCCTTGTGCAAGTGTAATACTTGCAGGAACGCCATCTCTAATCATATTTTCTTTTGCGACGGTTTTAAATTGGGTTATATAATTTAAAACTATTTGGGTGGTAACTCTTACTTTTTGGGTGGCTTCTAAAACTTCTGTTTTAGGGGTTGTACTATCTTTTTGAGGCGTTTTTATTTCTACTTTTCCTGCTAGAGATTCTACTTTTTGTTTAACCGCAGCTTTTTGAGTTGTGTGTACTACTTTTTTAGGTTGCACTTTAGGTTTAGAGGCCCCGCAACTCACTAATAATAATGTTAATATAATAAATGCTATTTTATTCATCGAAAACTATTTTTTTCTTTCTTTTCTTTTCTAGTAACTCGTTCATTCCGCTTATTCCTTGCAATCCTCCCGTATGAATCATTAGTATTTTTGAACCGTCTGGGAAATAATTATTTGCCAATAAATGCATCACTCCGTAAACCATTTTTCCTGTATAAATTGGATCTAAAGGGATATTTGTGTCTATATAAAACTGGTTTATAAAACCAATTAACTCATCAGTTACTTTACCATAACCTCCAAAATGATAATTGCTATTTAATTCCCAATTGTTATTTTTTGCAAACTTACGAATTTCGTCTTTCAAAAAATCACCTTTTAAGGCTGGAAATCCAATAATTTTTTGATTTAAGTTGGCACTATTTATTATTCCCGAGATTGTTCCGCCTGTTCCTACGGCACAACAAATGTAATCGAAATGAGAATCTTCGCTAGTCAGAATTTCTTTACAACCCAATACTGCCAACTCATTTGTTCCGCCTTCTGGAAGTAAATAATAATTTTCATGCCTCGCATTTAATCCAGAAATAAAGGATTCTGTCATTTTGTTTTGATAAACTTCACGAGAAACAAACTCAAATTTCATACCACAATTTTGAGCAAAGAGCAAAGTTGGGTTGCTCGGAATTTTATCTAACAATTCATCTCCTCTAATAATTCCAACAGATTTAATCCCTTCTTCCTTACAAGCAAAGGCTACTGCGGCAATATGGTTTGAAAAAGCACCTCCAAATGTGATTAGTTTCTTACAATTATTATTTTTTGCATCAAGAATATTATATTTCAGTTTCCTAAATTTATTTCCAGAAACAAAAGGATGCAACAAATCTTCACGCTTTATGGTTAATGTGATAGTGCTATTTTGAGTTTCTATATTTTGATTAATAGATAGCATGCGCTTAATAAGTTATAAGTGACAAAGATACGAAGATTCTAAAAAAAGGTGTCAATCTAGCGCTCCAAATGAAGTATATTTACAAAAACCAAATAATAATCAGGAATTCGCATTTATTATTTGAATTTAAGCGAGAGAAAAACTTTTAAAACATTTTTTTTTTACAGACGAGATTTTTGAAACCGAAATCATGTATATCTCAAAAAGATTAATAACGCGTTGTCTTTTTGTAATGATAATGGTAGAATAGAATTAGTCAGAAAATTCGCTTTTCGAAATGAGCCGTTTTAAAGTAGCAACAAAACTTGGCAAATACACATTTAGTTTATATTGCTTACACAATATAGCTGTTGCTATTTCAAAAAAAAAAAAATTGTTTTAATTCAAGCCTTCTGTTTTTAGGTAAACTAACCATCGTTTCGCTAATTATTGTTGTAATTTTTAGTATAATAAATTATCATACTTTTGAAATTTTGGTTTCTTCAATTAAAACAGAAGTACTCGACAGGTTAATATTTTACAGTTCCTTCAATTTCTCGTTTACATACTCCGGAGGCAAGGTTGGTCGCCCTGTTTTCATGTCTACAAAGACCAAAACAGAGTTCCCCGTTGTTAACAACTCATTGCTCTGGTTATAAATCTCATAATCAAATTCTATCTTAACAGATGTCTGACTTTTAAAGATAGTTTTTACCGTTAACTCATCATCATATCTCGCTGGTTTTTTGTAATTCATAGTAAGCGAAACCACAGGAAGCATGATGCCATTTTCTTCCATCCATTTATAAGAAATCCCAAGGTTTCTAAGCCATTCTACGCGTCCCATTTCGAAATACTGCGCATAATTTCCGTGATAAACTACTCCCATTTGGTCGGTTTCTGCATAACGAACACGAACCTTAAATTGATACTCTCTCATTATAATAATATATAAATTTAATAATTGTTTAATTGAAAAAAACACCTTACTACGACATTTATTTTATAAAATCAATAGCACAAAAATTTTTTTTTAACGATTTTATGAACCATATTTGCTCTCCCAAATCAATCAAAAAAACTACTTGTTTTTTTTTGTAAATATAACCTTAATAATTTTAAAACTAAGCATGCATACAATGAATAAAACTGCTGAATCGGTATGGGACAACTGTCTATCTTTTATAAAAGATAACATTCAGGAGCAAGCCTATAAAACTTGGTTTGAACCTATTAAATCTGTCGAGCTAACTGATAACGCACTATATATTCAGGTACCAAGTAAATTCTTTTACGAATGGTTAGAAGAGCACTATGTAAAATTACTTAAAGTGGCACTTACTAAAGAACTTGGCAAAAATGCAAAGTTACTTTATAAAATTAAAATGGAAAACACTTATGGTAATAAACTTCCGTTTACGGAACAACTACCAAGTGCACACCGTTCGCCTGTAAGAACACAAGAAATTGACGTTCCTGTACAACAAAAAAACCCAGAATTAAGAAACCCATTTATTATTCCTGGAATTCGCAATCTAAAAATAGAATCACAACTAAATGCAAATTATAGTTTTGATAATTTTTTAGAAGGAGATTCTAACAGATTGGCTCGTTCTGCAGGAATGGCTGTTGCTAATAAACCTGGAGGAACCTCATTTAACCCATTACTTTTTTTTGGAGGCGTTGGTTTGGGGAAAACACATTTAGCCCATGCAATTGGCGTAGAGGTAAAAGAAAAATATCCCGAAAAAACAGTATTATATATTTCGGCCGAGATATTTACCCAACAATATATAGAATCTGTTAAAAAGAACAATAGAAACGATTTTATTCATTTTTATCAACTCATCGATGTTTTAATTATTGATGATGTACAATTCCTTTCAGGAAAAACAGGAACACAAGATGTGTTTTTTCACATTTTTAACTACTTGCACCAAAACG
CP176809.1_gap9	332226	334722	2496	TGTCTGATTTTCCCAATGCAAGATAAGTCATTATTCCGCCTCTTGACCATCCAAACATTCCAATATTGTTAGAATTGGCTTTTTCAACTTCTTTGATAGTTTCTGTTAAATTCAAAACGTCGTTAATTTCAGAACCACCAAATTCATCTTTTTCTCTAAAATCACTTCCAATTATTACATAACCTTCTGCTGCTAATTTTGATGTAAATAGTATCATTGTACCTACATTTAATCTTCCAAACGCTCTATTTCCACCTCGATTAAAAATTACAACTGGGTATTTACCCTGTTTTTTTGGTTCTAACAATATTCCGTTAACTTCTAATTCATCACTTTGATATTTAATGAAATAAAAATTTAATTTGTTTAAGTATTTATATTCCTCTCTTAAAGAGTCATTTATAGCTATTTTCCCCCAAATAGGCGTTTTAGACAAGTCTACAATTGTTCTTGAAATTATTTTGCCATTCTGCGAATAAATATTACCTAGATATAAAAAGAAGAAGATTAAATATGTTTTTTTCATTAAATTGTTTGCCTTTTATGTTTCTTCTTACTTGTCATTTTTTTTTAAGTTCTTTTATACTATTGCCCTTTATAAAAGAGTACGGTACTTATTGTTTTTACCATAATATTCAGATCAAGGTAAATGCTTCGGTGCTTAATATAATACAAATCATATTGTAGTTTTATCAAACTATCAGCAATAGTTTCTCCGTACGAATAATTTACTTGTGCCCAGCCTGTAACTCCTGGTTTCAGGACATGACGGGTTTCATAAAAGGGCATAATTTGAGCAATTTCTTTCACAAAAAAAGGTCTTTCTGGTCTTGGCCCAATGACCGACATATCGCCTTTAATCACGTTTATAAACTGAGGCACCTCATCTATCCTAGTCTTTCTTAAAAATTTACCAAAGGGGGTTATCCTAGAATCGTTTGCCGTAGCGAAAACAGCTCCAGAAGATTCGGCATTAATAATCATAGAACGAAATTTGTAAATTTTAAATATTTTTCCGTTTTTACCTACTCTGTCTTGTGTATAAAATAATGGTCCCCGATTGCCTAAGAGATTGCCTAATAAGACAAAAGGCAACATTGAAAGACCTATTAAAAGCCCAAAAACTGAAGTTAAAACACTTAAAACCCTTACTATAATTAGGTATAACTTGTTATGATTACTTCTTGAAAAGGGAAAGTATTTATAAAAATCTCGAGCTAAATATTGCACAGGAATTCGTTGGGTTATGCTTTCGTAAACTTGGGTATATTCTCGTATTACAAAACCATTTTCGAGCAATTTCATAAGTTTACTATACAATTCGACTGTAATACCTTCTGTTTTTTGTGATGCAATAACAATTTCTGAAATTCCTTTTTTTATAATAAAATCTTCAATAGTATCTAGATTAATAAGGGTTAGATAATTACTATCAAATTCTTTTAAATCTTTTGTGTCAGAATTTATATAACCTTCTATTTTATAATGAGGATCTACGCTTTGCAAGCCCTTAACTAGTTCTTCTAATTCTGATTTATTACAAATTAAAATTGCTTTTTTACCAAATCTTGTTGAGGCAAAAAATCGCACATAAATTATTCGCCAAAGAAATAATGAGACTAAAATAGAACTAAAAAAAAGTAGTATTTGAAAACGATTCTCTGGGAGTGCTGGAGTAATAATTGGTGTTAGTAAATACAATAATACTGTCGAAAAGGTTACTAACAAAATACTTTTTGTAATTTGAAACTGGTTGCTTGCCACTTGCAGATTATACATCTCAAAAACAGAACCAAAAAACAAAAGATATACCGATAAAATAATAGTCCAATAGAAATTAGTTTCTGAGATTTTAAAATAATAAAAATCGAAAACAATTCCTAGCAAATCTAATAAACCCAAAACTGAAACTACATCAAAGAACCGAAGAAGAATTTTTCTTTCAGACATTTCGAAATGTATTTTAGTTTTAACATTCATCATAGCAGGTTTTTACAAATATCTAAAAATATATCTATTTTTATTCGATATTTTCATTTAGTTTATTTTGGTCTTCAATACTGTAAATATGCAATAATGACAAGGCATATACAAATGCTGGAGCTGCTAAACGCATCGCGGCATGGTTTATTGTTAATATCCAAAAAGCGAAGAACGAAAGCAAATAAATATGACGCCTATTGTTTGTGTATAAAACCAATGGCGTAACAAACAAAATTACAATACCTAAAGCACCTAAAGAGCCATGTTCTGCTAACATTCTAGAAATTTCATTGTGAGAAGCTATTGATTCTCCTGTAGATTCCAACCTGTTTTCTCGCCCTTTTCCTACGCCTATTCCAAATATTGGATTGGCCAAAAACATATCAAATTCACTTCCAATAATCTCTTCTCGACCAGAAAGTAGTGTGCTTTTTACCCTACCTGATGCGTCTTCATTAGCATAGCGTTTTGCGATCAAACCATTTGTTTGACTCGAACTATAACTCCAGATTA
CP176809.1_gap10	421103	425993	4890	AACTCTACCTCCACCTTTAAACAATGGATTCTTTGCACTACCCGCACGAGCAGTTCCAGTTCCTTTTTGTTTTTTTATCTTACGAGTACTTCCAGCAACTTCAGCTCTTTCTTTAGCTTTATGAGTTCCTTGTCTTTGATTTGCTAAGTATTGCTTAACATCAAGATATACTGCGTGCTTATTAGGCTCGATTGCGAAAACTGAATCAGATAGTTGAACTTTTCTGCCAGTTTCTTTTCCGTTGATATTTAAAACTTTTACTTCCATTACTTCTGAATGATTACGTAAGAGTTGTTACATCCAGGAATACATCCTTTAATAACAAGTAGATTCTTTTCAGCAACTACTTTTAAAACTCTTAGATTTTGTACTTTTACATTATCTCCACCCATTCTACCAGCCATTCGCATTCCTTTGAATACTCTAGATGGATAAGAAGAAGCTCCTACAGATCCTGGCGCTCTTAAACGGTTGTGTTGTCCGTGAGTTGCTTGTCCTACACCACCAAAACCGTGACGTTTAACTACACCCTGAAAACCTTTACCTTTAGACACACCTTGTATATCTACAAACTCTCCTTCAGAGAACAAATCTACAGAGATAACATCTCCTAATTTGTGCTCACTTACAAAATCTTGAAATTCAACGACTTTTTTCTTAGCAACAGTTCCAGCTTTTTTAAAGTGACCTAAGTCAGCTTTAGTAGAATGTTTCTCGTTCTTGTCATCGAAACCAAGTTGTAAGGCCTCATACCCGTCAACACCAATGGTTCTGACTTGGGTAACTACGCATGGTCCTGCTTCAATAACAGTACAAGGAATATTCTTCCCGTTCTCGTCAAAGATGCTAGTCATGCCAATTTTTCTTCCGATTAACCCAGACATATTTAATTAATTATAATTACTACTTATTATTTTTTGAGTGTGCAAAAGTAGGGATTAAGTTTTGATTATCAAAACTTAATCCCTAAATACTTTTTTAGCTAACTAATTATACTTTTATCTCTACTTCAACCCCGCTTGGCAACTCTAATTTCATTAGAGCGTCAATTGTTTTTGATGAAGAAGAATAAATGTCGATTAATCTCTTATATGACATCACTTCAAATTGTTCTCTCGCTTTTTTGTTAACGTGTGGAGAACGTAATACAGTGAAAAGTTTTTTGTGAGTAGGTAACGGAATTGGACCAGTTACAACAGCACCTGTACTTTTTACAGTTTTTACAATCTTTTCAGCAGACTTATCTACTAACATATGATCGTAAGATTTCAATTTTATTCTGATTTTTTGACTCATTTTCTTAAGAATTAGGCGTTACCTTTTGCTTTTTTAATTACCGCTTCTGAAATATTAGAAGGTGTTTCTGCATAGTGTGAAAACTCCATAGTTGAAGTTGCTCTACCAGATGACAATGTTCTTAATGTAGTTACATAACCAAACATTTCTGATAAAGGCACATCAGCCTTAATTGTTTTAGCACCATTTCTGTCACCCATGTCATTTACTTGACCTCTACGACGGTTGATATCACCTACGATATCTCCCATGTTTTCTTCAGGAGTAATGACTTCCATTTTCATGATTGGTTCAAGAACAATTGCTCCAGCAGCTTTAGCTACTTCTCTATAACCCATTCTAGCTGCAAGTTCGAAAGAAAGTGCATCTGAATCGACTGGGTGAAAAGATCCGTCTAATAAAGTTACTTTCAAACTATCTACTTGGTATCCTGCAAGAGGACCAGTTTTCATAGCTTCACGGAAACCTTTTTCTACAGATGGAATATATTCTTTAGGAACGTTTCCACCTTTTACTGCGTTAATAAATTGCAATCCAACAGCTGGCTTACCATCTACTTCGTCTGCAGGCTCTAATTTAAATACGATATCACCGAATTTACCACGACCTCCAGATTGTTTTTTGTAAGTTTCTCTGTGTTGTGCAGATTTTGTAAACGCTTCTTTGTATTCAACTTGAGGCTCACCTTGGTTTACTTCAACTTTAAATTCACGTTTCATTCTATCAACAAGGATATCTAAGTGAAGCTCACCCATACCTGATATAATAGTTTGCCCCGAAGCTTCGTCAGTTCTTACTGTAAATGTAGGGTCTTCTTCAGCTAATTTAGCTAAAGCCATACCCATTTTATCTACGTCAGCTTTTGTTTTTGGTTCGATAGCGATACCAATTACTGGTGCTGGAAATTTCATTGACTCAAGAATAATTGGGTGTTTTTCATCACACAATGTATCTCCAGTTTTAATATCTTTAAATCCAACTGCTGCTCCAATATCACCTGCTTCAATATATTCGATTGGGTTTTGTTTGTTAGCGTGCATTTGGTAGATACGAGAAATTCTTTCTTTGTTTCCTGAACGAGTGTTCAAAACATAAGAACCTGCATCTAAACGTCCTGAATAAGCACGGAAGAAAGCCAAACGACCTACAAAAGGATCGGTAGCAATTTTAAATGCTAAAGCAGCGAATGGCTCTTTTACATCTGGCTTACGCAAAATTTTAGTTTGATCTTCTTCTAACAAATCAGCATCATCAGGATGAATTCCTTCGATACCTTCTTTATCCATTGGAGATGGCAAATATTTACATACTGCATCTAACATGAATTGAACTCCTTTGTTTTTGAAAGAAGATCCAGCAATCATAGGAATGATTGCCATATCCATTACAGCCGCTCTTAAAGCCACGTTGATTTCGTCTTCGGTAATTGAAGATTCATCTTCCATGAATTTTTCAAGCAAATTCTCATCATAAGAAGCTACTGCTTCGATAAGAATTCCTCTGTATTCTTTAACTTCAGCAAGCATATCCTCAGGAATAGGCACAACCTCGTAAGTTGCTCCCATACCTGCATCATCCCAAACAATAGCTTGGTTACGCACTAAATCTACAACTCCTTTGAAATCATTTTCTTCACCAATTGGCAAAGTGATTGCAACTGCGTTAGATTTTAGCATGTCTCTTACTTGTTGACAAACCATCAAAAAGTTAGAACCTTGTCTGTCCATTTTATTAACGAATCCAATACGTGGCACACGATATTGATCTGCTAATCTCCAGTTAGTTTCTGATTGAGGCTCAACACCATCTACAGCAGAAAATAAGAAAACTAGACCATCTAGTACACGCAAAGAACGGTTTACTTCAACTGTAAAGTCAACGTGTCCTGGGGTATCGATAATATTAAAGTGGTAAGGTAATGTTTCAGGTAACATTTTTCCTTGAGTAGTTGGAAAATTCCATTCGCAAGTAGTTGCAGCAGAAGTAATTGTAATACCTCTTTCTTGCTCTTGCGCCATCCAGTCCATTGTTGCAGCACCATCGTGTACTTCACCAATTTTGTGTGATTTTCCTGTATAAAATAAGATACGCTCTGTTGTTGTTGTTTTACCAGCATCAATATGAGCAGCGATTCCTATGTTTCTTGTATATTTAAGTTCTCTAGCCATTTCTTAAGAATTAAAATCTAAAGTGAGAGAAAGCTTTGTTAGCTTCTGCCATTTTATGTGTATCCATTCTCTTTTTTACCGCAGCACCTTCTTCTTTAGCCGCAGCTAAAACTTCTGAAGCTAACTTTTGAGCCATAGATTTTTCATTTCTTCTTCTTGAATAAAGAATCATCCATTTCATCGCCATAGAAATTTTTCTATCTGGACGAATTTGCATAGGAATTTGGAAGGTTGCTCCACCTACTCTACGACTACGTACTTCTACGTGAGGCATAACGTTTGTTAGTGCATCTTTCCAGATATCTACTGACGATTTTTCTTGGTCTTGTTTCTTAGCTTCTACGATATCCATTGCATCATAAAACACTTTGAAAGCTGTTGATTTCTTACCATCCCACATTAAGTTGTTCACAAAACGCGTTACCAGTTGGTCATTGAACCTTGGATCTGGTAAAAGTGGTCTTTTCTTTGCCGCTCTTTTTCTCATTTCTTTTTCTTAAAAGTTTTTAAAAATTACTTTTTAGCCTCTTTTGGGCGTTTTGCTCCGTACTTAGATCTTCTTTGTGTTCTTCCTGCTACACCTGATGTATCAAGCGCACCACGAACAATGTGATACCTAACTCCTGGCAAATCTTTTACCCTTCCACCTCTGACTAATACTATCGAGTGCTCTTGAAGATTGTGTCCTTCTCCTGGGATGTAAGCATTTACTTCGTTTCCATTTGTTAAACGTACACGCGCTACTTTACGCATTGCAGAGTTTGGTTTTTTTGGAGTCGTAGTGTAAACACGCGTACAAACACCTCTTCTTTGAGGACAAGAATCTAGGGCAACCGATTTAGACTTCTTAGTCATCTTGGTTCTTCCTATTCTTACTAATTGTTGAATTGTTGGCATAATTAAATACTAAAAATTACTTGTTTATAAAATTCCCGCTTTTTACGGGGTTGCAAATGTATGACTTTTTTTTGAGGAAACAAATCATAATTCATTAATTTTCAATGTTATTTTATGCTATCGATGATTAGTAGGCTAAGTTTGAAAAATAGTGGTGGTTTGAAAAAGTGTGGTGCGAATTATACAAATTAAGACGGATTTGAGTTTATTGGCGATAAAAATTTCGGGTTGATTTATGTATTTCGTGATTTAAATAATTTAATTTTGAAGGCTAAAGTGTGAAGGATTTTTTATTTTAAGTTACTATTGAACTTTGAATAACTATTTTTGATTGCTGGCGCATGCACCTGCGTGAGGGATTGAAGTGAAAATCCTTTTTTGAGGCTTTTCGCCGATGAAAAAGATTGTAACGGAAAGCCCGACCCGAGGAGGAACGACGAAGGGGCACGCCCTAAAAAAAACTAAACTATTATAATTTTGAAATTTATTTTTTCTTTTTTTGTTGTATTTATTTGTCAGAATGCGTTGG
CP176809.1_gap11	610597	612059	1462	TTTGCTAGAAAACGCCATCAAAAACGGATTACATATTATAAACGTTACACAATGCTCTGGAGGAAGCGTTAATATGGGACAATACGAAACCGGCTCACAACTTAAGCAAATAGGAATTATATCTGGCAAAGACATTACTACCGAAGCAGCCATAACAAAACTCATGTATTTATTAGGACAAAAAGTAGCTCCAAGCGTTTTTAAAACCATTTTCGAAACTTCTTTACGTGGCGAGATGAATTAATCTCGAAAATACTTAAATTCCAAGAAAATTATTCTTTTATTTGCAAAACATAAAGAGAGGTGGCCGAGTGGCTGAAGGCGCACGCTTGGAAAGCGTGTATATGGTAACATATCGAGGGTTCGAATCCCTTCCTCTCTGCTAAACTTCATTTAAAATACTTCAAGAACCCTAAAAGCGTATGTTTTTAGGGTTTTATTATTTTTACAGCCATCAAATCATTCATTAATTCACAAAGCCTAGGGGCACAATTCGGGGCACAATAATTTTTGAAATCAAAGTACCCCGAATTATCTGTAATACCCTGAATAATAAGGCAGTTCAAAAAATGAACATCTTGTTATCTTTTGATATTTTAAGTAAATTAATAACATCAAAAAGGTCACCAAAATGAAAACAACAATCTCTATTCTCTTTTACCTAAAAAGAGCCAAAGCCAATTCAAAAGGACTAGTTCCAATTTTTCAGAGAATTACTGTTAATGGTAAACGCATTGATAAAAGTACAAGTAAGTTTATTGATCCACTCAAATGGTCAATAGAAGGAGGGAAAATGAAAGGTAATTCCGAAGAAGCTAGAACAGTAAATAGCCATCTGGTTTATTTGAAATCAAAAGTTTTAGATGCCGAAAATAATTTACAACGATATGGTGGTAGAGTTTTGGCGGAGACCATAAAAAACAAGCTGAACGGTTTTGATGAACGTGATAGAATGCTAATTCCAATATTTCAAAATCATAATGATAAAATGGAAGCATTGCTTGGTCAAGAATATGCGCCAGGAACTTTGGAGCGTTATAAAACTTCATTGAAACATACCAAAGATTTCATCAAATGGAAATACAACCTTTCGGATATTAATATTCTTAAAATTGATTATGCCTTTGTCGCAGAGTATGATTTTTATTTTAGAAGTGTTTGCAAATGTTCTAATAACACAACAGTAAAATACGTCAAAAATTTTATGAAAATCATCAGGATTTGTTTAGCAAATGATTGGATTCAAAAAGACCCATTCATCAATTACAAAGCAACAACAAAGGAAGTAGATAGATTTTTCTTGACTGAAGAACAGATTTTCACAATAGCAAATAAACAACTTCATACACAAAGATTAAATCAAGTTAGAGATGCATTTTTATTTAGTTGCTATACTGGATTAGCTTATGTCGATGTCAAAAACCTTTCAAAAGACAATATCAGTATGGGTATTGATGGCGAA
CP176809.1_gap12	614098	614787	689	AGGATTTTTCGAGAAAATTGTAAACGATCATTCGTTAAATCCAACACACATTAGCCTGTATATTTCGCTGTTTCAATGTTGGAATACAAATCGTTTTCAAAACCCAATAAGTATCACCCGAGATGAGGTCATGCGAATTAGCAAAATATGTTCCAGAGCGACATATCACAAATGTATCAGGGAATTACACGAAAAAGGATACATCAAATACGAACCATCTTATAATCCATTTCGGGGTAGTTTGGTGTACTTATTCAATTTTGAAGAAAACCTAAAACCAGTACTAAAAAAAGCACGTAAAAGTTTAAATAATGAACTGGTTGCTGAACATCTTGTTGAACAAGCTCTGAACAAGTGCCAGACTAGTACCTTGATAGGTAGTGAACAAGCGCTGGTATCTTCATTAAACATAATAAACAATACAAACATAATAAACGATTTAAACTTGGGTGAGCAAACGCAAAATTTTGAAAACGAAAATTTAAATTTTAAAAATGAAGGTTTAAAAGAAAAAGAAAAAAAGTTGCGCGAAAAAAAGAAGGAAGATTTTGTCTCCTCAAAGAAGTCATCTCGAGCGGAGTCGAGAGACGAAAAACCAGCAACTTTAAAAGACGTCCAAAATTATTTTCTAGAAAAAAACTATTCCGAAATCGAAGCCGAAAAATTCTACAATCATTTTCAAAGTAATG
CP176809.1_gap13	660093	664680	4587	AAAATGGTTTTCAAATTTAAAACCACTTCTAGAAAACCCATAAACGACAAATCGCGATAATGTTTCACTAAAGTTCCGCCTGTTTGCTGCATGAGATCGCCACCCCAAAAACGAATATCTGCCTGAGAATCTTCTTTATAAATGCCTTTCATGAGATTCGAACCGTGCAAATCGCCCGATGCTTCTCCTGCAATAATGTAATATTTCATTTTCTGTTAATTTTTTAAACAAACATTGTAAATACCGCCAAAAGTATTGTTGCTAGTACAACCCCACGGGCCATGAGTTCTTTATTTATTTTTAACAATATGAAAAAAGCCACTAAGTTTAGGATAGCCCCCAATGTGATTACTTTTCCTAAAAAACCTTGGTTTTTCATACCTATAATACCTTCAGAAAAGCTATACTCTGTACAAAAAGTAAAGAAAAAATAGGTTCCTAAAAAAGTAGCAACAAATCCTATTAAAGCACCTATAAATAAATCTGTTTTGTTCATACTATTATTTATTTAAATCCCAATTATTTAACGCCTGAATCGCATGATGTGCCGTCATATCGAACTGAACTGGCACTACTGAAATGTAGCCGTTTTGCAAAGCCCACTCATCTGTATCTTCTCCTTTATCGTGGTTTACAAATTCGCCCGTGAGCCAGTAATAATCTTTGCCTTGTGGCGTTTTTCGCTTGTCGAATTTTTCCTCCCACATGGCTTTTGCTTGTCGGCAAATTTTTATACCTTTTAAATCTTCTTCTTTTCGCTTGGGAAAATTTACATTTAAAACCACACTATCAGGCAATCCTTTTTGCAATACTTCGAGTGCTATTTTTTTTATGTAAGGTTTAAAAGTTTCAAAATCGGCATTCCAATCATAATCTAATAATGAAAAACCAATGGCAGGAATTCCTTCGATACCAGCTTCTACAGCAGCACTCATTGTACCTGAATAAATAACGTTTATCGAAGAGTTCGATCCGTGATTTACACCAGAAACGCATAAGTCTGGTTTTTGTTTCAAAATTTCATTTACAGCCAATTTTACGCAATCTACAGGAGTTCCTGAGCAACTATACTCGGTTACAGCTGCATTTTCAGCAGAAATTTTATTCAAATGCAAGGTGCTATTTATAGTTATGGCGTGCCCCATGGCACTTTGCGGACTATCGGGCGCAACAACAACAACAGTCCCTATTTCTTGCATAACAGCTATAAGTGAGCGGATCCCTGGCGCCGAAATACCGTCGTCGTTTGTAACTAATATTAATGGTTTGCTCATTTTAATTTATATAAAAGGTAAATTTAACACAAAAAAGTGAGGCTAAATTAAGCATTTTTAATGGCAAGTAACTAATTTTACATCTTTAACAAAAAATTATAGCTTAATTAGTATTATGGCATAGTTTTTTATGTACTTTAGTTAAATATTTATGAATGCAATTATGAACTTTATGAAAAGGAATTATAAAATAATTTTAGCCGTTCTTGCTATCTCTGCCGCCTTGTGCAGTTTTATGTCAAAGAAAGAAAAAGACCCAGAAAAAGACAAAACACTTTTGGATCTAATAACCTTTGTTATAGAAAAAGCACATTATAATCCTATGGCTATAGACGATAATTTTTCTAAAGGAGTTTATAAAGATTATCTTGATGCGTTAGATCCTTCAAAAAGATTTTTTGTACAAGCAGATATAGATGAATTTAAAACTTATGAATCACAAATAGATGACATGATTCATAATCGCGACCTAACTTTTTTTAAACTAACCTATGAGCGTTTGCAAAAACGCATGCGAGAGGTCGAAGTAGTTTACAAATCGCTAAACGAAAAACCATACGATTTTACAATAGATGAGACTATTAATTTAGATTCAGATAAAAATGCTTTTGCGAAAAACTATTCCGAATTAAAAAACAGATGGCGTTTACAAATGAAGCTTTCTATATTGGCCACCGTAGTAGAAAAAGAAAAACAAGAAACCGCTAAAAAAGAAAAAGACCCGAAATATGTTGTAAAAACCTTTTCACAATTAGAAAAAGAAGCAAGAGAAACAACAATAAAAACACTAAAAGATTATTTCGATTTTATCAAAGAATCTAACGAAAACGACTGGTTTGTGGCTTATGTAAACGCCATCGTTACACAGTTTGACCCGCACACCTACTATTTCGCACCAGACGAAAAAGAAAAATTTGACGTGAGTATGAGCGGAAAATTAGAAGGTATTGGCGCAAGGCTTCAAAAAACAAATGACTTTACAGAAATTTCAGAATTAATCTCTGGCGGACCAGCTTGGAGAGGAAAAGAACTAGAACCAGGAGATTTAGTCCTTAAAGTCGCACAAGGCAGTAATGAGCCAGTAGATGTTACCGGAATGAGGCTAGACGAAGTGGTAAAAAAAATAAAAGGCCCTAAAGGAACCGAAGTAAGACTTACCGTAAAAAAAGTAGACGGATCGATAGTTGTTATACCCATTATAAGAGATATTGTAGAAATTGAAGAAACCTATGCAAAATCTAGCATTGTCGAGAAAAATGGCGTAAAATACGGCGTGATTTATTTACCTAAATTTTATATCGATTTCGAAAACAATGACAACCGCGATGCCGCAAAAGATGTTGCCATCGAAATCGAGAAACTTAAAAAAGACGGCGTTGAAGGTATTGTAATGGATTTACGTGACAACGGAGGAGGTTCGCTAAAAACTGTCGTAGATATTACAGGACTATTTATTGATGAAGGACCCGTAGTACAAATAAAATCAGCTAAAGGAAAAAAAGAAGTACTCTCTGATCATGACCCAAAAATACAATGGGACGGACCACTTGTGGTTATGATAAATAATTTTTCGGCTTCGGCATCAGAAATCTTTGCCGCAGCAATACAAGATTACAAAAGAGGTGTCATCATAGGAAGTAAACAATCTTACGGCAAAGGAACGGTTCAAAACGTAATCGATTTAAACCAGTTTGTTGCAAATAATGCCATGGGCGACTTTGGAGCATTAAAAACGACTACTCAAAAATTTTACAGAATAAATGGTGGGTCAACACAAATGGAAGGTGTCTCTAGCGATATCACCATGCCAGACCGCTACTCTTATATAAAAATAGGAGAACGTGATGTGAAAAACGCAATGCCTTGGGATAAAATTGATGAAGCTTCTTTTGAAGCCTTAAAATCTGTAAATAATTTCGAAACAGTAGTTGCCGATAGTCAAAAAAGAATATTAGAAAATGCACAGTTTAAACTAATAGATGAAAATGCAAAATGGATTAATGACAGAAAAGAAGACAATGTTATTAGTCTAAACCTTACTAAATTTAAGGCTGAGCAAACATCAATAGAAGAAGGAACTAAAAAATTTAAAGCAATTTCAAAATTTCAAAATTCGCTCAAATTTACTTCGCTCCCACAAGAAACAGAACTAATCAAAAAAGACTCATTATTGGGGCAAAAAAGAAAAGATTGGCACGAGAGCTTATCTAAAGACGCTTATGTTGAAGAAGCTATAAATGTGCTTAGCGATATAAAAAAACCTGCCCTTGCTAGCAAAGACAAAGTTTTGAATATAAAAAACAGAAAAGATAAATTAGTAAAATCTTAATAAAATATAACTCATAAAACAAAATGCCTCAGAAATTTCTGAGGCATTTTGTTTTATGAATATTTTTTTATCCCAATGCTGTTAAAATTTAAATAAAATATTTTATTATCTTAGTATAATGAAAATATTAAAATTTCCTATTGTCAGAATTTGCCTATGGTTTATTTTAGGCATTATAACAACTTATTATTACCCAATGAGTGTCAAATGTGCTTTTAGCGCACTAGGCATTTCTGTGTGCGTGTTTAGCTATTTTCTGGTTCAATCATATCGTAAATTCGAACAAAGAAAGGCTTTTTCAGTTTCATTATACCTTCTTTTTTTCGTTATAGGAATTACAACAACAATAATTCATAACGATACTTTCGAGGAAAACCATTATACTAATAACCTCAAAAATTTCGAGTCAAATCATAGTATACAGGTTACTATTATTGAAAAACTAAAGAATACCAGCAATAATGATAGATATATTGCCCAAATAACTCAAATTGACAACAAAACAAGTTCTGGAAAAATTTTATTGAATTTAAAAAAAAATCCAATTACAAAAGACTTTGTTATAGGAACAAGACTTAAAATCGAAGAACAATTGGTTCGGAATTTTAAACCAAATAATCCAGACCAGTTTAATTACGGAAAATATCTTGAAACAAAAGGGATTTATGCACAAGTATTTGCAGAAACTTCGCAGCTAAAAGTTAGCACCATAATAGATAAAAGCATCTGGTATTATACCGAAAATTTTAGAAGAAAAATTATTCTAAATTTAGAAAAAAGCGGGTTCAAGAAGGAAGAATTGGCAGTAATATCTGCGCTAATTCTGGGACAACAGCAAGACATATCGCCAGAAGTGTTGCGTGATTATCAGTATGCTGGCGCAGTTCATATCCTTTCGGTTTCAGGCTTGCACGTTGGGTTTATACTTATGTTTGTTACTTTTATACTAAAACCATTACCTAAAAACAATTACGGAAATTTTTT
CP176809.1_gap14	666227	670109	3882	AAAACAAGAATAAAGGTTTGTCTTCTTTTTTAGCAAGATCGATCGCTTCTTTAACATTGGTATGCCAAACTAAATCTTCTTTAGTGCTTTTTTTTGTTATTGCTGTCGTTGCTGTGTTCTGATTATATTTAAAGCTAGAGAACAACAGTACCGCCGCAACTGGTACTAAAAAAAGTAAATATTTAAATTTATTCATTGTACTTGTTTTTTAAATTATTGTTTGTAAATGTAAAAAAGAAATTATAACAAAAATAATTATCTTAAAATTTTTAACAATTCCTCATTCGTTTTATAACCTACTATTCGTTGTTGCGTATCACCATTCTTATCGATGATGTATATAGAGGGATAACCCTGAACTTTTAAGAAAGTAGTTAATTCGTGGGCGCTATTCCTACCTTTTCTATTGGGATCAAACCCTGGATTAGAAAAATTACTTCCTTTGAAGATAACGGCCGAATTCCCTTCGGCATTAAACTTTACGGCATAATAATTTTTATTAATGTAATCGATTACCTCTGCATCTTGAAAAGTTTCTTTATCAAGCATTTTACATGGCGCATACCAATCTGTATAAACATTCATAAAAATTGTTTTTGGATTTTTCTTTTGTTTAGCCAATGCCTCATCGAGAGTAACCCATCTTATCTCTTGCGCTTGAACAGAAATTGCTCCTATAAGTAAGAAAAAAGCTAAGAGTATTTTTTTCATCATTCGTTTTTCCTTTTACCAATCAAAAACAATGCCGAACTTCTAAAACTAATTTACTTCTTGCATTAATTTTTTTATCAGCGGCGATACCACGATTAAAACAACTCCTGCAATTAGTGCATAAATGGCAAGTTGATGGTATCCTTCGGTATATGATTGTAGTTTTGTTACTAATGTTGTGCCTGAATTAGATTTCGAAATTTCGGCACCTAACTTTCCCGCCGCTAATTGCCCGAAAGCTGATGCTAAAAACCATAATCCCATCATCATCCCGAATAATCTTTTTGGAGATAACTTTGTAATGATAGACATGCCTATTGGACCAAGACATAGTTCGCCAATTGTAGTTACTAGATAACCAAAAGTAAATATGTTTAATGATGTTACACCTTTGGCATTTGCAAAAAACTTGGTATAATAAAACACGAAAAATGAAGCGGAAAGAAATAAAAATCCTATTCCAAACTTAATTAAGGTATTGGGTTCTATTTTTCTTTTTGCCATCCAGAGCCATAATAATCCAATCATTGGACTAAAAATAACTACAAATAATGTGTTTGAAGAATTGTTTACAATATTTGGATCAATATGAAAAAACAACAAACTATCATTCAGATTGTCTTTTGCAAAAAGCGATAATGAACCGCCACTTTGCTCATAAATAGTGTTGAATAGAAAATAGAAAAATATAAATATGAATGCTGCAAATAATTTTTTTTGAAGTTTTATATCTTTCAGATTTAAAAGTTCATAGATAAAATATGCTAATGCGATAATTCCTATTGTGTACATGAAATAATCTGTATATTTAGTGTTTTTTACCATTTTATGAATAAATGGAATTGTAAGAATCGAACCCACATATACTGCAATTTCACGAATTTGTCTTGTCTTTGGCGCTAAATTAATTAAAGGAGAGTCCCCTATTGGCCCAAGATGTTTTTTAGTAAACAAAAAGGTTACCAACCCTAAAACCATTACGATTGCTGCGGCTAGAAAACACAAACTCCAAGATTGATATTTTCCTAAATAAATACACAAAGCACCACCTAAGAGTCCTCCAATATTTATTCCTGCATAAAACATTCCGAATCCTGCGTCACGACGATTGTCGTTTTCATGATACAATTCTCCAACCATCGATGATATATTAGGCTTAAAAAAACCTGTCCCAATGATTGAAAATGCTATACCATAATAAAATAAATGCTGTGGTGAAAATGCAATTAATAAATTTCCTATAATCATTACAATCCCTCCAAAAAACAAGGATTTTTTAAATCCTAAAATTTTATCAGCAAAAATTCCTCCTATAAACGTAAAAGCATAAACAAATGCCTGAATCGCACCATATTGCAAGTTTGCTGCTCCATCTTTCAGCAAAAGCTGATCGACCATAAAAAATGTTAAAACACCTCGCATTCCGTAAAAACAAAAACGTTCCCACATTTCTACAATAAACAAATACCAAAGTTGCTTGGGGTATTTGCCTTCAAAATTTTGAATTTGATCTAATGTTAAGTCTTGACTCATGGTTTTTGATTTTAAAAAAACAAACCTACAAGATTTCTTGTAGGTTTGAAACATATTATTACTATTTTTTGAATGATTAACGAACGCCGTGCATCATTTTTTTCAAAACAGGTGTTAGCGCAAACAATATTAATGACGCTAATCCTGTTAAAACAACAAATACCATAAAGAATTCGAAAAGATTATGAATTTCAAAACCAGCAAAAATAGGGTTGTGATCGCTAATTTGGTTGGTCGCTAATAATTTTAATTGTTCGGCAGTTGGCACAATTTTTTTATCTAAAACAGCTTGCAAATCGATTCCAAGCTCTTTTGCTTTATTAAATTTATCTCCTGTTGCTGGCATAATAGAACCTAAAGTTCCTGCTAAAGCGTAACCTGAGGCATTCGACAAAAAGAAAACTCCGTATAATAACGAGGAAAAACGTTTTGGCGATAATTTACCAACTAAAGATAATCCAATAGGTGACAAGCATAATTCAGCACAGGTTTGAATTAAATACAATAAGATTAACCATTTAATAGCTAACAAACCGCTGTTTCCTAAATCTTTTACATTGTGAGCAATTATAAAATAACTCAAAGCAATTAATGCCAATCCGAAAGCTTGTTTCATTGGAGAAATTGGTTCTCTATCTTTGCTTCTTAAGTAATCCCAAAGCATACTAAATGGAACTGCAAATGCAACAACAAATAGACCATTAAATATTTGCACCATAGATGGAGGCATGTTATAACCAAAAAAGTTTCTATCACACTGATTGTCTGCAATAAAAGTTAATGATGAGCCTGCTTGTTCGAAAGCTGCCCAGAAAAATATTACAAAAAAGGCAACAATATAAATCACTAAAATTCTATCTCTTTCTACTTTAGTTAAAGAAGAGTCTGAAATAATTAGCCCCGCCAAGGTAATACCACTTGCATAAATTAAAGAATAAATAGGGTTTTGGCCAAATACAAAATAAAACAAAAGACCCAAACCACAAAATGCAACTAATGCACTAATTAATGCTGTTTGTGAGAAAACTGCTTTTTGAGATTCTCCTTCTTCATAATGAGAATCATCGTTATCTTTTGGCAATCCGCCTAATGGTTTTCCTTCTGGAGTGACTACATATTTATTTTTTAGAAAATAAAAAATAATCGTTCCTATTAACATAGCAATTGAAGCGGCCAAGAACCCCCATTTGAAAGCATGAATATCTCTAATTCCTCCTGCGTCTTTAACATCTCCAACAATAGGGCAAATTAGCTGTCCTAAGAAAGCACCTAAGTTTATTCCCATATAAAAAATAGTAAACGCCGTGTCTAACTTACTTTTCTCTTGTTTAGGATATAAACTTCCCACCATACTAGAAATATTTGGTTTAAAAAATCCGTTACCGAAAATAATAATACCTAATGCTGACCACATGAATGTGGTTGCTAGAGAAATATTTGAGCTAAAAACACTTGCGCTAAAAAACAACAAAAACTGTCCTACAGCCATCATTAAACCACCTAGCATGATACAATTTCTATTTCCGAAGAAACGGTCTGAAATAAATCCACCCAACATTGGCGTTAAATAACAAAGTCCCAAAAACCCACCATATATTAATGATGCGTCTTCTTCTCTCATCATCAATGAATTTACAA
CP176809.1_gap15	671561	673320	1759	CAATGTGTTTGCTTCGTTTGTCCAGTTTAAACGAGCAATATAAAAATCGTTATAATTTCCTAAATCTACTTTCTTAACGTTTGCTGTTTTTATGTCATATATATGTAACGAAACGTCAGAATTTTTTTCTCCAGCTTTAGGATACTTAAACACATCTGTAACAGGATATAAGTCCTTACCATATATATTCATCGAAAATTCTGGAACTTGACTTTCGTCGAAACGAATAAAAGCAATTTTATCTGAAGTAGCATTCCAATCGAAAGCCCTCACAAAGGCAAATTCTTCTTCGTAAACCCAATCTGTAACTCCATTAATAATGGCGTTTTTCTTACCATCGGTAGTAATTTGTGTCGTTTTTTTAGACGCTAACTCATACACATATAAATTATTTTCTTTGGCAAAAGCAATTTTAGAACCATCGGGCGAAAAAGTAGGTTCTTGTATTTTATCATCGGCAATTTTTGTTAATGATTTATTAACCATATCATAGATATAAAAATTTGCCAAAAAGGAATGTCTAAAAATTTGATTTGTATTATTAGCAATCAAAATTTTCTTTTCGTCGCTACTAAAAGTATAACTATCTATCCCTTGCAAATCTGAAAAATCTTTAGAATTTATTAAGGTAGAAACTTTGTTTAAAGTAGCAAAGTCATATAAATCGATTGCACTCGAATTTTTGTCCGAATTTAAAACCGTATATTGATTTGTGTTTTTCAGAGCTGCAAGCTCCGTCATTCCTTTGGTTCGGAAGGCTCCGCCCCAAATTTCTTCTAAAGTAATTTTTTGCTGTGCAATTGCTGATAATGAAGCAAATAAGAATAAAATAAATGTTCTCTGTACTGTTTTCATGTTAAATAATTATAAACGATGCCAATTTTAGTGAAAATTTTGGACATAATCGCAATTATGAGTGTTAATTTCTGTTTTACAAAATAACAAACAAGTGCTAAATTCTGATTTTATATCGTTTTTTTTGCTAATTTTGAATATTATATACTTAATTATTGAAACCATCAAAATCGAATATAAAAGAAAAATTAATCGAATTTTTGAATGCTTTTTCTAAGAACGAATTGCATATTATTGAAGAATTAAATGCTTTTTTAGAAAAAACATTTTCTAAATATGAAGACTTATTTTACAAAATAGTTTCTAATTTATTGAATTACCAAGTTGTTTATGTTTCCGAAGATAAACCACAAGTTTTAAGAAAATTTAAAAAGGACTTGCTAAAAAATTTGAAATTCCCTTTTAAGTATAAAAAGTTAATCTATTTTGATAATATATTAATTAGAGATTATATTTTTAAAGCTCATACGATTGTTTATTTCGTTAATGAGCCTAAAAAATACAGTAGAAGTTTTCGAATTTATTAAACACATCGAATCATTATAGATTCGCTTACCCAAAAAACATTAAGCTACAATGCCAAAATTGACTACCGGATTCTCTAAACTATCTAAAGAAGAAAAAATAAATTGGATAGCATCTACTCATTTCTCTAATGCTGAAGAAGCAACCCAAACCATCAAAAAGTATTGGAATTCTGATTTAGAACTACAAAAACTTCATGATGAATTTATCGAAAATACCATTACAAATTTTTATTTACCCCTTGGTGTGGCGCCAAATTTTCTGATTAATGGCAAAAACCATACGATTCCGTTTGCAATAGAAGAAAGCTCGGTGGTTGCTGCGGCTTCAAAATCGGCAAAATATTGGGGAACCCGTGGCGGATTTAAAACCACAGTCC
CP176809.1_gap16	681667	683635	1968	AGGAATTCCTTTGCCAGAATCGGTTATTTTTATTTTAGTAGTTTTCCAATCGTCTTCAATAATTATGGCAATAGAACCTCGTCCTTTCATGGCATCTATGGCATTTTTTACTAAATTTTCTATTGTCCAGCTGTGCAAGATTGGATTTATCGAAATTGGTATTTTATGTTCGGGTGCTTTAAAGGTAAAAATAACTTGTTTAGAAAACCGAGATTGCAAATATTCGTAAGATTTTTGGGTTTCTTCAACCAAATCTGTTTGCTCTAAAACAGGTTCAGAGCCAATTTTCGAAAATCTATCGGTAATGTTTAATAATCGGTGAATATCTTTTTCTATTTCTTCGACCATGGTTTCATCTACATTATCGGATTTCATAATTTCGACCCAACCAATGAGAGAGGACAATGGCGTCCCTATTTGATGTGCTGTTTCCTTTGCCATTCCTGCCCAAAGTTTGTTTTGTCCAGATATTTTATTGGTTTTATAATAATTGTAAACGAGTGCTCCAAATAAAAAAATAATTAGCAATAAGGCAATAGGATAATATTTTAATTTGTTTAATAACGGCGAATTTGTATAGTACAAATAATGAAATTTTCCTTTTACATATTCCATTTCAACCCGTTTGTTGGCGTTTTTAAAATTTAGTAAAAGTGCTTTTGCTTTTATCGAATCTTTAATAATTCTTTCATCAATATTAATGGATTGCAAAATGCTGTCTTTCTCATTGGTTAACAATATAGGAATCGTGTTATTGTTAGATATAATTTGAAAAGGGAGGTCCAGATCAGTGTCTGACGAGGCATCGTTGATACTTTTTTGTGCCTCTGCCCATAATTCTATCTTTAAACGTTCTTCGTTTTTAAAAATTTGAAAAAAAGTATAGGTATTCCACAAAATCAGCACTGTGATTAAGAACGAGGAAATGATTAGAAACCAGCGAGTTGTGTTTTTATTATTTGAAAACTGCATATTTTATCTTGAGTGTATAAATATATAAAAAAAGGCGTTAATGATTCTCGATAATTATTTCTATTCAATTGCTTTTCTTATTTTTGTTGAAAATAAAATAATTATGCTCAGCCTTTCTCCAAAAGACATCACTACAGCACAACTACAAGGCTATTTGCAAGGAGCAGTAAGTCCTAGACCTATTGCGTTTGCCAGTACAATAGATGCTGATGGAAACCCAAATTTATCGCCATTTAGTTTTTTTAATGTTTTTAGTGCCAATCCGCCCATTCTTATTTTTTCCCCAGCAAGAAGAGTGCGTGATAATACCACAAAACACACTTTAGAAAACGCAAAGACCACTCGCGAAGTGGTTATAAATGTGGTAAATTATGATATTGTACAACAAACCTCACTATCAAGTACAGAATATGCAGAAGGAATTAACGAATTTTTAAAAGCTGGTTTAACACCCATTGCTTCCGATGTTGTAAAACCTTTTCGTGTGGCAGAATCGCCAGTTCAGTTTGAATGTAAAGTAAACGAAATTATCGAATTAGGTCAGGAAGGTGGCGCAGGCAATTTAATTATTTGTGAAGTAGTTCGTATTCACATTAATGAAAATATTTTAGATAAAAACGGGGCTATCGATCAATATAAAATCGATTTAGTATCGAGATTGGGAGGCAACTGGTATTCTCGTTCTAATAAAGGTTTGTTTGAAGTACCAAAACCATTAGTAACATTAGGAATTGGGGTAGATAATATCCCTAATTTTATAAAAGAAAGTACTGTTTTTGATGGAAATGATTTAGGTATGCTAGGAAATATCGAAGCATTGCCAAGTGAAGAAGAAATTACTATATTTGTACACGAAAATTTTGCCGTAAAAGGTGTTTTAAGTTCAGACGATGAGCAAAAAATACAGTTGAAAGCAAAAGAATATTTGAATAATCAAGACGTACTTTCGGCATGGAAAGTATTATTAGCAAAACGATAAGTTATGGAAGTTACAGG
CP176809.1_gap17	688007	688976	969	AATGGTTTGTCTATGAGTAAAACTTGACCGTTTAGATAATCTTCTGGAGTCATTAAATGAGGGTAAGCGGATGAATAAAAAAGTGAATAAGCAATAATACAATTCCAGCTACAATTCGGTAATAACCAAAAACTTTGAAACCATTTTTGCTTAAAAAGCCAATAAACGTTTTTATGGCTAAAAGGGCTACAAGAAAAGCGACTATATTTCCAATAATTAGAATATTTATTTGGTCGTGAGTGAGTATAAAACCGTCTTTATAATAATCGTAACATTTTTTGAGCGTTGCACCAAGCATGGTTGGAACTGCAAGAAAAAACGAAAATTCTGCTGCCGATGTTCTGGCTAGCTTCTGAGACATTCCCCCAACAATGCTAGCGCCACTTCTAGACACGCCCGGAATCATAGCAATACATTGAAACAATCCTATTTTGAAAGCTTTTAGGTAAGTAATTTCTGTTTCAGATGAATTGTTAAACCAATCATCTACTTTTAGTAAAATGATTCCTCCTACTAGAAGCGAAACGGCAACTGTAACAGGGCTTTCTAATAAAGCATCAATTTTTTTACTAAAAAGCAATCCTAAAACTACCGCTGGAATAAAAGCAACTAATAATTTGAAATAAAAATCTAACGTTTGAAAAAACCTTTTAAAATATAAGACCACAACCGAAAGTATAGCTCCCAATTGAATAACAATGGTAAAAAGTTTAGTAAAATCTTCGTGTGCAATTCCGAAAAAAGAACTGGCAATAATCATGTGTCCAGTTGAAGAAACGGGTAAAAACTCGGTAATTCCTTCTATAATAGCAAGAATAATGGCTTGTATATAATTCATTTTTTAGATTTTAGATTTTTAAATTGTGTTAAATATAATTTTAACCTAACAATCTAATTATCTTTCTTAGGGTTTTTCAAAATAGAATAAATTGTAATTCCGAAACCAATTAAAACCATTGTTGGCGCTAA
CP176809.1_gap18	760353	763247	2894	TGTAAACACACAAAATCGAACACAATTGTTTTAGCAAAAAACAAACAATTGTGCGCTTCAGGAACAGGACAAACCTCGAGAGTCGATGCACTAACCCAAGCCATTCACAAAGCAGTATCTTTTAATTTTGATTTGAAAGGCGCAGTAATGGCAAGTGACGCTTTTTTCCCTTTCCCAGACTGCGTAGAGATTGCAAAAAACGCAGGAATAGCGGCAGTGATACAGCCAGGCGGATCTATAAAAGACGAATTAAGCATAAATTATTGCGACAAAAATAATGTTGCAATGGTATTTACAGGAATTCGCCATTTTAAACATTAATTTTATTACTTTTGTTGAGCATTTAATATAAATAAATTTAACCCTGACTAAATATGGGATTTTTTGATTTCATGACCGAGGATATTGCGATAGATCTTGGCACCGCAAACACGCTAATAATTCATAACGATAAAGTTGTGATAGATAGTCCATCGATAGTGGCTCGTGATCGGATTTCTGGTAAGATAATTGCCGTTGGAAAAGAAGCTAGCTTAATGCAAGGAAAAACCCATGAAAACATAAAAACCATTCGACCATTAAAGGACGGAGTTATTGCAGATTTTGATGCTTCGGAGCAAATGATAAAAATGCTTATTAGAAGTATTCCAGCTTTGCAAAAGAAGTTGTTTACACCAGCTCTGCGCATGGTTATTTGTATCCCATCAGGAATTACCGAAGTAGAAATGCGTGCGGTAAAAGAATCTGCAGAACGTGTAAACGGTAAAGAAGTCTATTTAATACATGAACCAATGGCAGCAGCGATAGGTATTGGTGTAGATATCATGCAACCCAAAGGAAATATGATTGTAGATATTGGTGGTGGTACTACCGAAATTGCAGTTATAGCTCTTGGCGGAATTGTATGTGATAAATCCGTTAAAATTGCGGGAGACGTTTTTACAAACGATATTATTTATTATATGCGTACCCAACACAATTTATTTGTAGGAGAAACAACCGCCGAAAAAATAAAAATTGAAATAGGAGCTGCCATCGAAGATTTAGATTCTCCACCAGAAGACATGTCAGTTCAAGGACGTGATTTATTAACTGGAAAACCTAAACAAGTCGAGGTATCATCGAGAGAAATTGCCAAAGCATTAGACAAATCTATACAACGTATTGAAGATGCTGTAATGGAAACATTATCGCAAACACCACCCGAATTAGCAGCCGATATTTACAATACAGGAATTTATCTTGCAGGTGGAGGCTCGATGCTTCGCGGATTAGACAAACGCATCTCGCAAAAAACAGATTTACCCGTTTTTATCGCCGAAGACCCGCTAAGAGCAGTAGTTCGTGGCACAGGAATGGCACTAAAAAACCTTACAAAATACAGAAGTATCCTTTTAAAATAAAAATATAAATGCAGCAAATAATTAATTTTGTATTTAAAAACAGCACTCGTATGCTGTTTTTGCTGCTTTTGATAACTTCATTAACACTTACCATACAATCTCATTCCTACCACAGAAGTACAATCGTAAATTCGACAAACATCCTAACAGGAACTGTATTTGAAAAAGTAAGCGAAGTAAATACCTACTTTAACTTAAGAGAACAAAACAACAAATTAGCACAAGAAAATGCTACTTTGCGCAAAATTCTTTTCAACCAGAAAGACAGTACAACAATCCTAAAAAAAGACAGTTTAAAAGGATACGACAAGATCGATGTAATTCAGTCTCGTATAATTAACAACTCTTATAATGTCCCTGAAAATTATCTAACCATAAATAGTGGTTCACTTCAAGGAATTAAAGAAGATATGGGGGTAGTAAACAGCCAAGGAATTGTAGGAATAGTCGAAAAAGTTTCACCAAAATATGCCACAATATTAAGCGTTTTGAATATAAAATCTCAGATAAATGCAAAAGTAAAAAAGTCGAACCATTTTGGCTCGCTAGTTTGGAATGCAAAAAACGCAGGGTATGTACAACTAATAGATGTTCCTAGGCTTGCCACAGTAAAAAAAGGAGATACCGTAGTAACAGGCGGACGATCTACCATTTTTCCTGAAAATATCCCAGTAGGAATTATCGACAAAATTTATACAGATACCGAAACAAATTACTACACAATAAACGTAAGATTGTTTAATGATATGACCAATTTAAATCATGTTTACATCATCTCAAATAAAGAAAGTGCAGAAATAAATAAATTAGAAAAAGAAACAATCAAAGCAAATGAATAATGCATTGATACTAAATATCGTTCGTTTTATTTCCCTGCTTGCAGCGCAAATCGTCATTTTCAATAATATCGATTTGTTTGGTTATATAAATCCGTATCCGTATATATTATTTATCTTATTATATCCCGTAAATTCTAACAGAGCAGGATTATTAATAACAAGTTTTTTATTAGGTTTAACGGTCGATTTGTTTGCCAATTCAGGAGGAATTCACGCAGCATCATGCCTAATTTTAGCATACGTAAGACCCACCTTTTTTAAATTTTCATTCGGTTTAAGTTATGAGTATCAAACTATTAAGATTAACGATAGACTTTCCCCAGAAAGATTTACATTTATATTAGTTTCGATACTTACACATCACCTCATATTGTTTGTGCTAGAATATTTTAAATTTACTTTTATTTTAGATGCGTTACTAAGAACAATTGTTACAACCGTTTTTACATTAATAATAAGTATTCTAATTATCTATTTATTTAAGCCAAACAAACGATGAGAAAGCTATTACTTCCAGGGATAGTTATAATTGCTGGCATTCTTATCACAGCAAGACTCTTTTATTTGCAAATTATTGATGACACATTTAAACTAAAATCCGAAAATATTTCGATCAAGATTAAATATGACTATCCCGAAAGAGGTTATATTT
CP176809.1_gap19	767311	768732	1421	AAGCAAAAAAAACAAATTATGAAAACAAAAATCATCATTGCAGCAATAACACTTCTGTTAGGTGTTACAACAAATGCCCAAGAAACAACAGTGCTAACTAAAGAACAGATAAAATTAGTTCACCAAAAAGATTCTCTAATAAATATTCAGGCTAAAAAAGAAGAAATACAAGCAGAAAAAGAGAGAGAAAAAGAAAAAAAACGTGCCGAAAAAGAATCAGAAGACAGAATAAAAAAAGAAGAAAAAAGAAGAAAAGAAGCTGATAAAGCCACCCAAAAATTAGAAGCTGCCCAGAAAAAAATGGAAAAAGAAAGAGAAAAGGTAGAAAAAGAAGGAAAAAAAATTGCCAAAGCTCAAGACAAACTTGCAAGTGAAAAAGACAAACTTACAGCTATAAATAATGACATTGCAAAAAGTACTGAAAAATTAGACAAGCAAAATAAAAAAGGTAAATTATCGCCACAAGACATCACAAAGTGGAATGAAAAATTGGCAAAAATGAAAGAAAAAGCAACAAACCAACAAAAAAAAATTGAAAAAGCTGAAAAAGAAGCCAACAAAATAACAGATTAAATTTTACCATTAGCACGCAAAATAAAAGAGTATGAAGATTTATCTTTCATACACTTTTGCTTATAAACCTCACCATGTGGTCTAAAATTAAATAATTCTTACCAGCAAATTTACAAAATAAAAAAGGGGTTTAACTTTAATTAAAAAGTCAAACCCCTATATTTTTTAACTTACACACTTTTTAGGATAGCATAAGCTAGCTTAATTATTTGCATTTATTTTTTGGAGTAATCGCAGACATTTCTATAATCTCATCAACATTCATGAGTCCATCATAATCAGAAGGAAATCCATCTGTAGCCTTTGGCAATTTATAAACCTTCAATTTGCAATACACAGCTTCATATTTTCCTAAATTATCTTCTCCAACAATACTTGTGTAAAGAGAATCCATACGGCTTGTACTGTCATCTATCCAATAATCTAACTTTTCATTACATGGCCGAAAAGAGGAAACTTCAAAACCAATAGATAATTCGCCTTCAAGCAATTCGCTCTTACCACCAACCTGTTCTTTTGGTGTCTTCTCTTCTGTTGTCGTAATCTTTTGGTTGTCTTTCTTACAAGATAATAGTAAAAAGACAGATGTTACAATAAGAATATATTTTTTCATTTTATTTTTTTTTAAACCTTTAACTGTTTTCTCTTCCCTTAAAATAATTACATGACATTTTGAAGAACAAATTCAAAATAAGCATCTGTGATTGACTGATCGTTTGCTTTTTCAAATTTTATTCGAAACTTTAAATCATTCCCATTTCGTATAGCAGATTCTAAAACAAACCTAGGCGATTTTAAATAAATATCACGTCTTAAACCTCTTCCTGATAAATAATCGTCTCGCCAAG
CP176809.1_gap20	851703	854343	2640	CAAAAGACAATCCGAAAGCTTCCAAACGTGGAACCATTGCTGTGAAGCAAAATAATTTCGATCAGTTTGTATTTTCTTTTCCAAGCACCTTGCCTATTGTAGATGGCGTGGCGTATGAATATTATTTTGAAGTTTCGGATAACGATGCCATTCATCATTACAAAAGCACCAAGTCATCTGAGTTTTCGTATCGTGAAGCTACCGCCCAAGAAAAAGAAAATGAAAACTTGCAACAGCAAAATGAGAACATTAATGCTTTAGAAAAATCATTAAGCAAACAAGATAAGCAACTCTCTGAGCTACAAAAATTGCAAAAAACAAACAAAGAAAAAAATGATTTAGATTATAAAGACAAGCAAAAATTAGACGATTTTATCAAACGTCAGAAACAACAAGACGAAATGATGAAGGAGTTTTCTGAAAAAATTAAAGATAATTTAGAGAAATTTAAAGCTGAAGATAACGATCCTAAGAAAAAAATATTGCAAGAACGTTTAGAAAAATCGAAAGAAGAATTAGAAAAAAATCAAAAGCTTCTTGATGAACTAAAACGATTGAACGAAAAATTAGATCAAGATGAGATACAAGAAAAATTAGAAAAGTTCGAACAAAAAAGTAAAAACCAAACCAAGACTTTAGCACAATTGGTAGAGTTAACTAAAAGATATTATGTCGAAAAGAAGGCTGAACAACTTGCTGATAAATTAGATAAGCTTTCAGAAAAAGAGGATAAATTGGCTGACGATAAAAAAGAAAATTCTGAAGAAAAGCAAAATGAAGTTAATAAAGAGTTCGATAAAATTGAAAAGGAATTAAAGGATTTAGATAAAGAAAACAAAGAACTAAAATCGCCATTAGCTATTCCTCATGACAAAGAAAAAGAGGAAAGTATTAGTAAAGATTTGCAAAAGGCTTCAGAAGAGTTACAAAAAAAACAGCAAGACAAAGCTTCGGCTAAACAAAAAAATGCGGCTAAGAAAATGAAAGAGATGAGTCAGAAAATGACTCAAGAAATGGAAGGTGGCGAAAAAGAACAACTAGAAGATGATGTTGCAATGCTTCGTCAAGTACTAGATAACTTACTAGCATTTTCGTTTTCTCAAGAAGCATTAATTAAAAATTTTAAGGCGATTACAAACACTTCTAATGCGTTTTCTAAACACCTAAAAACACAACAAGATTTAAAACAACAATTCAAACATGTCGATGATAGTTTGTTTGCTATGTCATTGCGTCAACCAAAAATCAGTGAACAAATTACAACTGAAATAGGAAAAGTTTATTATAATATTGACAAAAGTATCGACTTACTTTCCGACAATCAAATACCTAGAGGCACCTCTAGTCAGCAATTCTCTTTAACGAGTGCAAATAATTTAGCCAATTATTTGAGCGATGTTTTAAATAGTATGCAAATGTCACTTTCCGGAATGGGTAAAGGAAAACCCAAACAAGGAAAGGGAAAAGGACAAGGAAGCGGAATGCAGTTGCCTGATATTATTCAAAAGCAACAAGATCTTGGCGAAAAAATGAAAGGCGGAAAAAGCAAAAAACCAGGCGACAAACCAGGTGAAGGAAAAGCAGGAAAATTAGGCAAAGACGGAAAAACTGGTAAGGGAAGTAACGGAAATAGCAATGGTGAAAACGGCGATGATGGCGAAGGCGAAGCAAAATCTGTTTTAGAAATACTAAAGCAACAACAACAATTGCGTGAAGCACTACAAAAAGAGCTTGAGAAAAATGGTTTAGGCGGGATGGGTCAAAACGCTTTAGAGCAAATGAAGCAAGTAGAAAAACAATTAATAAATAAAGGTTTTTCTAACGATGCAATTCAGAAAGCGCTTAGTTTAAAATATGAATTATTAAAACTAGAGAAAGCGATTCAAGAACAAAATCAAGATTCGAAAAGACAATCTATTGCTAATAAAAAGAGTTTTAATAATACCACCAATCCCCTACCGCAAAAGCTTCAAGAATATTTAAATAGTATTGAAATTTTAAATAGACAAACACTACCTTTGCGCTCAAATTTTAACCGTAAGGTTCAAGAATACTTTAAGAAAAATGATTAGTTTTAATTACGAAATAGATTTCGAAATCCGAGAAGAAACCAGTTATATAAACTGGGTTTCTAGTGTTATACTTTCAGAAAATAAATCTGAAGGAGAAATAAATTATATCTTTTGCGACGATAATTATTTACTCGAAATTAACCAGCAATACCTAAACCACGACACCCTTACAGATGTTATAAGTTTCGACTATTCATTAGGTGATGAAATACATGGCGACATTTATATTTCGATTGAAAGGGTTCGTGAAAATGCAGATGATTTTAAAGTTCCTTTTGAGGAAGAATTAAAACGAGTTATGATTCACGGCGTACTGCATTACTGCGGTTATAAAGACAAATCTGATGCCGACGAATTATTAATGCGCTCTAAGGAAGATGAAAAATTAAAATTGTTTCACGTGAAACAAAATTAAACCAAACCCTAAAATTGTTTCACGTGAAACAATTTTTTGTATTTTTTATAAGTAAGTTCCACGTGGAACAAATTAAATACGAGTTGTAAATTTTGTTCTGTGTAAATGATTTTTTAATAGTTAATTAAAAAGTTTCACGTGGAACAAAATGTA
CP176809.1_gap21	855647	856301	654	AATTACAAAAGGTACCGAAGAACCGTACAGAATGTTTACTTCTCGTGCAGAGTTTAGAACCTTATTGCGTCAAGACAATGCCGATTTTCGATTAACGCCCATGTCTAATACATTAGGTTTAGCTTCTGATGCTCGTTTGCGCAGAATGGAACACAAACTAAATGAATCAGAAAAAATGGTAGCTTTCTTTAAAGAAACCAGCATTACTCCTACTGAAGCAAATCCAGTTTTAATTGCAAAAAAAACCGCCGAAGTTAATCAGACCGATAAGATTTTTAAAATACTATCTCGCCCACAAATTGATTTGTCCGATGTTTTAAAATTTGAAAATGTGGCAAATTATGTTGCTAATAATAATGTTGATCAAGAAATATTAGAACAAGCAGAAATTCAAGTTAAGTATTCTGGTTATATCGATAAAGAAAGAGCCAATGCCGAAAAGTTAACTCGTTTAGAAGATTTAAAAATACCTGAAAAATTCGATTACCATCAAATAAAATCTATGTCTATTGAGGCCAAACAAAAATTATCTAAAATAAGACCAGTAACCATTTCGCAAGCCTCAAGAATATCTGGAGTTTCGCCAAGTGATATTTCGGTCTTATTGGTTTTTCTGGGAAGATAAATATTGTAGAAATTAGATTAACCATTTTG
CP176809.1_gap22	858698	859348	650	CAATCCATTCGAAAAAAAAAAATTGCTTTTGGTGGCGTTCAAGTTCTTTTTATTGGAGATTTATTACAATTACCTCCTGTAATTAAGGATGAAGAATGGAAAACATTGCGCAACTATTACAAAGGAAAATTCTTTTTTCACTCGCATGTAATACAGCAAAATCCGCCGTTATATATCGAATTGTCAAAGATTTTTCGTCAAACCGATGAGATTTTTATTTCTATTTTGAATAATTTACGAAACAATAGGATTTCGCCACAAGATATTGAGAATTTAAACCAATATGTAAAACCAAATTTCGACCTCAAGGCCAATAAAGGATACATTACACTAACCACGCACAATGCCAAAGCCGATGGTATGAATGCCAAAGCTTTAGACGATTTAGAAGGCAAACAATACCAATACAAGCCAGAAATTACGGGCGATTTTCCAGAAAAAATTTATCCAATAGATCAGCATTTACAACTAAAAATTGGTGCGCAAGTCATGTTTGTAAAAAATGACTTGTCGTTAGAAAAACGATATTTTAATGGTAAAATGGGGATTATCAAATCATTATCGGAAGCAGAAATTTTAGTGCATTTTCCAGACGAAGATGTCACGATTGAAGTCGAAAAATACGAATGGCAAAATATTCGCTATTCTGT
CP176809.1_gap23	961408	962793	1385	TATAATGCTGTTGTTTGAATAATTTACACAAATAGAAGTAATGGCTGTATTTGCGGTAAATACAAGTGAAAAAGCAACTCCTTTATCTGTGCTTTTATACAGCTGTGTTCCATTAGATACGTACATAATGTTATCATCACTTGGATCTACATAGACTAGCTCTATGTCTCCTGTGCCAATTGTTCCTGTGCTTTGTTGTGCCCACGCCACGCCACTTAGTTTGTACAATCTTGAATAACCTGCAAAAACCTCACCCAAACTATTTATAGCCATTGGTGTTACCCAGTTGCCACCATCATCGTTTGTACTTGTTTCTGCTATTGGAGCGGCTACACCTGAACCTAATGAATTTCCTGCATCGGTACTTATATACATACTGCTTCCATTTTGTATAAAACCATAGTATTTGTTGCCGTTGTTTGGGTCTACTCCAGTGTCCATGCCATCAGCGCCATAGTAATTTTTCCAAGCGTTATTGCTAAACGCATGACCACCATTGTCTTGTAAGCCACCCACCATGTTTGTTACCGATTGTTTGGAAACTGCAACTTTATAAAATTGGCTAATTTGAAGTCCCGCTGTTAAACTTGTAAAATTTACGCCCGAGTTGCTTGATTTGTATATTCCACCATCTGTTCCTGCATAAAGATCACCTCCAAAAAATTTTAAAAAATGAATGTCGGCATGTGTATATGAAGCACTTGCTGGAGCGCTCCAATTATTAACTCTTGTCATTGTTGCTCCACTATTTGTAGATTTCCAAATATTTAAACAACCTGTATAAATTTCGTTGGCATTTGTAGTAGATACTGCAAAGGCTAAATCGTATCCTGATTGAGTAGATTCGAACACGTCTAATGCTCCTGATTTTTTGGAAAAGCTAATTCCTGAATCTGTTGATAAGTAAATACCTTGAAACCCATAATATGGAGGAGTTGCTGCTGTATTAGGCGAATTTGCACTTAAAATATAAACATAGTTTGAATTGGCGGGTGTAACATCTAATAACAACCTATTAGAACTAGCGGGTAATCCAGTAGTTATGCTTGTAAAAGTAGTGCCTGTATCAGTAGATTTATAAAAGCCAGAATTACTTACTGCATACACATTAGTTGGATCATTAGGTTTTATTCTTATAGATCCTTTAGAGAAACTTCCTGCTTGTACATTTGTCCAAGTAGTACCACCATTTACAGTTTTCCAAATACCAGAGTTAGTTGCGCACCACAAAATCTGATTGTTTGTTGGGTGTATGATTAAATCTCCTGCTCTGGTTACTCCAGGCATTGTGCTTGTGGCGGCCCAGTTTATTCCAGCATCAGTAGATTTATAAACCCCAACAAAAGCAGTATCACCAGCGTCTTTATCGCCCGTAGCGATATATA
CP176809.1_gap24	964842	965716	874	AATTCCTACAATTCTGGTCATAAATATGTCCGATAGAATGTCGTATAAAGGAATTTCGCTAGACATTCCTTATTTAGAAGATCGCCTAAAAACTAAAATTGCCTTAGTGAGTTCTCGCAAAGGCGAAGGTATAGATGATTTGAAAAATCTTATCGTCAATTACAAAAATATCACGACCGAACCTTGTTTGAATGCTTCAAATATTGATGTGGCTTATTTTGATAATTTGCGTCATGCTTTTCCCAATGATTCCTTATATAAATTGTGGCTAGTTATTACCCAAGATGTAAATTTTGCTAATTTAAACAGAAACGAATTGCAAATTACTTCGTTTACAAAATCGAAAGAAGCGCTAAAAAAATTACAGCAAAAAGAAACCATCAAACGGTATCAGTTTATTAATGAAGTTCTAAAAGTTGGACAAAAAATAGATTTGGATTCTGCCAAAGGTTTGCGAAGCAAACTTGACAAAATACTCATGCACAAAGTATTTGGTTATGTCATTTTTTTCTTGATTCTGATGCTTATTTTTCAATCTATTTTCGATTGGTCTAGTATCCCAATGGATTTTATAGACACTTCGTTTACCGCCTTAAGCTCATGGACACAATCTAAATTACCCGCAGGAGTTCTTACCAATCTAATTGTGCAAGGAATTATTCCAGGTTTGGGCGGAATTGTTATTTTTATTCCACAAATTGCCTTTTTATTTCTATTTATTTCTATTCTCGAAGAAAGCGGTTACATGAGTCGTGTTGTTTTCTTGATGGATAAATCGATGCGAAAATTTGGTCTTTCTGGCAAAAGTGTTGTGCCACTTATTTCGGGAACCGCTTGTGCAATTCCTGCTATCATGGCAACAAGAAATATAGAA
CP176809.1_gap25	978956	980565	1609	CTTAAAATAGGCGCTTGATTGTTCTGGTTTGGGTTTCCAGAAGACAACGTTAGTTTTACTTTTTTCCAATCGATTCCTGTATTTTGAACCACTTGCGCTTTGTACATCATATTTATTGGCGATGTAACATTGTCTGCTCTTAAATCATAAAATGGCGACCACCAAGCGTTATTTGTTACATAAGAAATCTCTAAAGGAATATTTCCAGCCGTAGTATTCATAACTTGTAATACGAGTTTTCCCGACGAAGTTTTTTCTTCTTTAGTTGTATCTGTTTCGAGTTTGTTATTCAGTTTTGTGATTAACTCGTTCAATTTTTTTTCTTTTTCTTCAAGAGTATTTATAGTATTGCTAATTTCAGTTCGTTTCGATTTGTAATAATCGACCATTTTTGTCAATTCAATGACGCTCAACCCAGAATTTTGACCAAAAACCTGTTGATTCTTATCTAATAATTCGATGGTTTTACTTTCGGAATTTCGGGAATTGATAACTCGATTTAGTTCTTTTTGAACCAAAATAATACTGTCTTTTACTTTCTTAATCGCTGGCGAATTTTCATTGGTATCATATTCTGACATGTAATCGTTTGTAAATTGTACCGAAAGCACCGTTAGCGATGATGGTGCGCCAATTTGAACCGAGTTTTCATTCAAATAATTGGCAACATTTTTTACCACAATTTCACTCGTTCCAGAAGGTAACTGGACGTTTGTGCTTTGTGAAATTTCGGCCGCATTAAAATATACAGTTGCCGATTTTACTTTGGCAGAAACAAAAATAGGTTTCTGTGCAAATGATATTACCGAAACCAAAACAGTAAAAATTAGAATTATATTTTTCATAATACATGTGTTTATTTATATAGAGTACTTTTTTATGCAAAAGGTTGGGAAGGCGTAAAATTAATGTTTTTTTGACCACAGATTTGCAAATTGAAAATTCATCAAAATCTGCGAATCTGTGGTGAAAGGTTAATTAAAATCAAAATCAGTAAAAAGAGAATCTGCTGCAATAGAATCTTGTACTTTAAACTTCATGTGTTTTCTGGCACGACCCGAGATAAAAACAGGCATTTGCTGTCCAATCGTATCTTCTGGCGTTAATAATCCTCTACGCAACATGAGTTTGCTCATAAATTCTTCGTGTTTGTTTGCAAAGGATTTTAGTTTTCCTTGGTCATCAAACTGATACATAAATTTTTTAGGTTTAGGTACAATCGATGCTAGAAATAAGCATTCTTTTAAACTTAAATCGATTGGTTTTTTCTGAAAATAAAAAGACGATGCTTCTCCAATTCCATATACATTTGGTCCCCATTCTATGACATTAAAATACACTTCGAGCATGCGTTCTTTACTTGCAATTCGGTTGTTTTCTAACAAGTAAACCAATAATATTTCTTCCAATTTTCGGGATAATGTTTTCTCACGGGTTAAAAAAACATTTTTTATTAGTTGCATGCTAATGGTACTGGCACCTCGAGAGAATTTTTTTGTTCTAATGTTTTTAGTAATCGATTGTTTGAAAGCCTCATTTATAAACCCGTGATGAGAGAAAAATGAAGGGTCTTCAGATGTGAGTACACATTTTTGAAGGTAAGGCGAAA
CP176809.1_gap26	1031367	1034247	2880	GATAAGATAGCATGCGTGCATATTGCTCTTACGCTTAACGCTCCTTTTTCTATCATTAAATCTGCGGCTTTCGCCAAAGTGCCTCCGGTATCTATCATGTCATCTACTAAGATTACATGTCTTCCTTTTACTTCACCTATTAATTCCATCGTATCAATTACGTTGGCTATTTTTCTTTGTTTGTAGCAAATTACAACGTCTGACCCTAAGAATTTAGAGTAAGCATAAGCTCTTTTAGAACCTCCCATATCTGGCGATGCAATGGTTAAATTTTCTAAGCCTAAACTTTCTACATACGGCAAGAAAATAGTCGATGCAAAAAGATGGTCTACTGGTTTTTCGAAAAAACCTTGTATCTGATCTGCATGAAGGTCCATAGTCATGATACGTGTTGCGCCTGCTGTTTCGAGTAATTTTGCGACCAGTTTTGCTCCAATTGGCACTCTTGGCTTGTCTTTTCTGTCTTGACGTGCCCATCCAAAATATGGTATTACAGCTGTTATGTGTCTTGCAGAAGCTCTTTTTGCAGCGTCTATCATTAGTAATAATTCCATCAAGTTATCTGCACTTGGAAATGTAGAACATACAATAAATACACGCAATCCTCTTATTGATTCCTCATAAGAAGGCTGGAATTCTCCATCACTATATTGCGAGAACGTTACTTTTCCTAGCGTTGTTCCGTAGCTTGCGGCTATTTTTTCTGCTAGGTAAACACTTTGCGAACAGGCAAATACTTTTGCTTCGGGTTCTAGGTGTGGCATTAATTCGTTGTTTTGTAGTTAGTTAGTCGTGTTTCGTTTTACCGAGTTGCAAATTTAGGAATTAAATCGAAGTAAAAAAGAAAATTTTTAAGTAATTTTTTATGAATTGCAAAAAAAATATTTACATTTGCACTCACGGAATTAAAATTTATGTTTTAATTTTGACTGCTAATAAGCCCGGATGGCGGAATTGGTAGACGCGCTGGTCTCAAACACCTGTGGGAAACCGTGCCGGTTCGAGCCCGGCTCCGGGTACAAAAAAACCGTTTAAAGTCATTGATTTTAAACGGTTTTTGCTTTTTAAAGTACCCAAAAGGGTGACTAAAATTAAACGATGTCTTCAGTGTTTAATAAAAGGAATCAAGTTTTTAAAGTTGTCGAGTGATATAATTTTACGCATAAAGATTAGTTAGCCTAAAAAGGGGTTAATCTACAAGTTTTAGGATTGATCTCTGTTTTTGTTTATAAAACGGAGTTGCTTTATAAAAATAGTATGCAAAAAAAAAGACTTAAAAAACTATTTTGTAGTTAATTAAGTCTTGAAAATTTTGTGCGGATAATAGGACTCGAACCTACACGCCTAAACACTCAATTTGACAATTTTAAACACCTCCTTAAATCACTACAAAAACAAACCTAAACTATAATAAATTCAACGCTTACAATGCTTTAAAGCTAATTACAACCAATAGAATAAAATAGAATGATATTTAATAAGACTGACTAATTACTGACTAAATACTGACTAGAATTTTTTTAACTCAAATTAATGTTATAAATTTGAATGTTCAAAAGTTCAAAAATATGGCAAAGATTAAATTTCTACTTCAAAGCAAGTCCGAAAACTCGCAAATCTATATTCGGGTTTCAATAAGTCAATTCGTTTCAATTAAGAAAAAAACAGGATTTTCAATAAACGCAAAAGATTGGAGCGTAATAACCGACCGACCTAAACAAAACAACCCCGAAAACAAAATAACACACTCAAGTTTAAACAAATTAGAAAATTTTGTTTTCGACAACCTCAACAAAGATTTAGCAAAAGGTAGTTTGATTGATGCGTATTGGTTGGAAAATCAAATTAACAATTGCTTCAAAAGAGTGGTTAAAACCGATGCAGGTTTGCTGGTTAATCATATTCAGTACATTATCGACAATGCCAACACTCGCAAAGTTAAAACCAACGGCGGGTTTAAAATTGGATTAAGTAGTAGTACAATAAAAAACTACACTTTATTCAAAAACATTATTTTGGAATATCAAACGACCATCAAAAAACAAATTCAGTTTATAGAAATTACAAAACCATTTGTTGAAAAATTCACTAACTGGCTTGTAAATACTAAAAATTATTCGACAAACTATGCTGGTAAACAACTAGAGATTTTGAAAACCGTTTGTATTGATGCAGAAAAAAACGAAATACCAGTAACGCCCTATTCAAAAACAATCCAACATTTTAGAGAAAGTGAAAACGACCGTTACATACAAACATTATCGTTTGAGGAACTAGAGCAAATTAAAAACGCTGATTTTACCGATGCGGAACAACTCAAAGAATTTAAAAAAGCAAATTTAGAACTATGTAAAAATATTTCATTAACACCCGAAACAATAAATAATTCTAGAAATTGGATATTATTAGGGTGCGAAATTGGGCAGCGTGGCGGGGATTTACTAAAAATTACAAATGAAAATATTAGATATAAAGGCAAAAGTATTTATTTAGACATACTGCAACAGAAAACTAATAAAAGCGTTACAGTTGGTTTAATTGCGCCCCACGTTATCGACATAATAGAAAACAGTTTACCAAAAGAAATGCCACATCAAAAATTAAATGATTTTATAAAAATAGTTTGCAAACTGGCTGGAATTGATGCCGTTGTAAAAGGCACAAAACTTAATACAGAAACGAACCGCAAAGAATTAGGAATGTACCCAAAATATGATTTAATGGCTTCGCATTGTTTCCGCCGTTCCTTTGCAACGAACTATTATAAAAAGATACCAACACCGATTTTGATTAATATTACTGGACATTCAAAAGAAAGTTTATTTTTGACTTACATAAATAAACGAGAGGATAAAGATGCAAACGCTGATTTATTTATGC
CP176809.1_gap27	1132750	1135805	3055	ATGAATTTTGTATTCTATAAGTAAAACGAATATAAATCGACTTAAAAATGAAAAAGAAATTACTACTATTCTCGCTAATTATTTCATTAAATACATTTGCACAAAACCAAGGCGCTTTCGATGTAGGTGAATGGTTTAAGTTCAGAATTCATTACGGTATGATCACCGCAGGCTACGCAACCCTTGAAGTAAAAGAAGCCGCAATAAGCAACAAAAAAGTCTTTTATACAGTTGGGCACGGCTATACTTCAGGAATGGCTAAAACATTTTTTAAAGTCGAAGATCATTATCAGAGTTTTATAGATAAAACAACCTATAAACCCTATCAATTTCTTCGAAAAATAGACGAAGGTGGTTATACAAAAAACCAAGAAGGCTTCTTTAATCAAGACAAAAACACTGTTTTAGTTAAGGATCACAAGAATAATACCGACAAATCATTTAACGTAAGTGAAAATGTGCAAGACATTGTTTCTGCATTTTATTATTTAAGAAATCATCCAAATATAAACAGACTTAATGTTGGAGAATCAATCATGATAGATATGTTTTTTGATGACGAAATCACTAAATTTAAATTAAAATTTATGGGACGAGAAACAATAAAAACAAGCTTTGGTAAGGTAAAAGCAATGATTTTTAGACCACTTGTACAATCTGGACGTGTTTTTAAAGAAGAAGAAAGTTTGACGGTTTGGATTTCAGATGACGAAAATAAGATACCTTTACGAATAAAAGCTAGTTTAGCAGTAGGATCACTTAAAGCCGATCTAGAAATTTTTAAAGGATTAAAAAATCCATTTATGGTAATTAACTAAGATGACAAACAAATTTGAAAATATAGTTCAAGAAATTGACGAAAAATACAAAGCAATAAACCAAAAAACCGAAGCGCACCTAGAAGGATTGCTTTGGGCTAAACCCATTACTTATTGGGATTATATTCAAACAGATGCGTTGTTAAACCTTCAAATACAAAGAACAACTTTGCCCGATGAAAACGTATTTATTATGTACCATCAGGTAAACGAATTGTTATTTAAAATGATTTTGTGGGAAATAAAGCAATTATCATACACCCAAAAACCAACCACAGCATTTTTTACCGAAAGGTTAATGAGAATTAGTCGTTATTTTGATATGCTAACCACTTCTTTCGATATCATGGGCGAAGGAATGGAAGTAGAGCAATACATGAAATTTCGTCACACACTCACCCCAGCAAGCGGTTTTCAGAGCGCACAATATCGCATGATCGAGTTTTGTTCGACCGATTTGATAAACTTAATAGATCACCGTTTTAGAGCAACCATCGATAGAAACACAGCATTCGAACACGCATTCGAACATTTGTATTGGCAAGCAGCAGGAAAAGATTACGACACTGGCGAAAAATCATATTTACTGACAGAGTTTGAAAAAAAGTACAAAAAACAATTTCTTGATTGCATGCAAGAGTACAATACCATCAATCTTTGGCAAAAATTTAAAGAAATTCCAGAAAACGACCAGCATAATCCAGAACTAATTGCGGCTATGCGTCATTATGATTATACTGTAAATATCACTTGGGTTATGGGACATTTGAACGCAGCCCGAAAGTATATAGACAACGGTAAAGGTGATGGCGAAGCAACAGGAGGTAGCGATTGGAAAAAATATATGCACCCAAAATACCAAAGAAGAATATTTTTTCCCGAACTTTGGTCGAAAGATGAATTAGCCAATTGGGGCGAAAACCTTTAAAAAAAAAATCCGTTTGAAAAAAATTATAACGCTATTAGTCATTGCGCTACTAATTATTTCATGTAAAAAAGACAATGAAAATTTAGTTTTGCCCACAAAAAAAGCAGCGCCAATTCGCTATGAATTCGGGTTTAGACTCAATGATTTTTTTGTTGTAAATGATACCATAAAATCTGGAGATACTTTTGGGAGTATTATAAAAAAACAAAACCTAAACGGAAAAAAAGTATATGATATTGTTGCCAAAGTAAAAGACACTTTCGATGTGAGAAGAGTAAGAATAGGAAAGCCTTATACCATGTTGCTGTCTAAAGACAAAACAAAAAAACTGCAATATTTTGTTTACCAACCAGATCATTTAAGTTATTATATTGTCGATTTTCGTGATTCGATTGTGCTAGTAAACAAAAAAAGAAGGCCTGTAAGTTTTAAAAGGAGAACCATTGCAGGAGAACTAAATGGCTCTTTATCGGAATCGCTAAAAAACGAAGGCGCATCTTCTGCCTTGTCAAGTCAATTAATAGGAATTTACAAATGGTCTATCGATTTTTTTAAATCTAAAAAAGGAGATAAATTTGCAGTAACATTTACCGAAAGGTTTGTAAATGATTCTATTTATGACGGAATCTATTTTTTAGAATGTGCTTATTTTGAATACAAAGGAAAGAAAATATACGCATTCCCTTTCAAACAAAATGCGAAAGATAAAAAAGTAGATTATTATGATGACGAAGGAAAAGCATTGAAGAATTTCTTTTTGAAAGCACCACTAAAGTCTGTAAATATCACATCAAAATTTTCGAAAAGCAGGTTTCATCCTGTAGAATTGCGCTGGAAAGCCCATAGTGGTACTGATTATGCAGCCCCAACAGGAACGTCAATTATGACAACCGCAAGTGGCGTGGTCGAAAAATCTGGATATTCTATAGGGAACGGGAATTATGTGAAAGTAAAACACGATAAAACTTATGCAACACAATATTTGCACATGTCCAGAATTTTAGTTCGCCGAGGGCAACATGTAACACAAGGGCAAATTATTGGAAAAGTAGGAAGTACAGGGCTTGCAACCGGACCTCATGTGTGTTATCGCTTCTGGAAAAACGGAGTGCAAGTAGATGCACTAAAACTTAAATTGCCCAATTCGGTACCTATGGATAGTAGGAATAAACCAAGGTTTATTCAGTTTATGACACCGTTAAAGCGGGAGTTAGATAGCGTTACATTATTAAATAGTAAAAATTAGTAATCCCTTTTGTAATGATACAATGGATTTCAAATCTTTTTTCGACAACCAAAACCGAAGAAA
CP176809.1_gap28	1149317	1153815	4498	TTTTGGGTTTATTTTTATGAAACACAGATAATAGAGAGCTTACAACTCAGATTTATACAAATTTATACGTTTTTTTATATCTCATTAATTCGAAAACCTATACTTTGTAAATCGTTCCAAAAATTTGGATACGATTTTGAGACAACACCAGCATCTTCAATAATGATTGAAGTTCTTAATGCTAATGGTGCAAATGCCATTGCCATACGATGGTCTTGGTAGGTTTTAATTTTTATATCAGAATGTATATTTGACGAACCCTCTAATGTTAAACTATTATTGGTCACAGAAATTGTTGCGCCTAATTTGGTTAATTCGACTTTTAGCGCTTCTAATCTATCGGTTTCTTTTATTTTTAAAGTATGCAAACCTGTAAGATGACAGCCCACTCTTAGCCCGAAGCAAGTAACAGCAATGGTTTGAGCAATATCTGGAGCATTATTTAATTGATAATTGATAGTTGATAATTGACAATTATTTATTTTTGTAATTGATATTGTTTTATTGAGATTAAAAACCGTTTCGACTCCAAAATCCTTATAAATTTCTGCCAATACGCAATCGCCTTGCAAACTATTTTGTTTGTAGCTTGATAAGGTAATTCGTGTTCCTATTTCTGACAATGCAATTATCGAATAAAAGTAAGAGGCCGAGGACCAATCTGACTCAATTGTAAATTGTGAATTATGAATTATGAATTGTGGTAATACCGAAATCTTATTGTCAATAAATGAAGTTTCAATTCCTAAATCATTCAGCAAAGCCAAAGTCATTTTAATATATGGTGTAGAGGCAATTTCTCCCACTAAGGTTAATTCTAATCCGTTTTCGAGTTTTGGAGCGATTAGCAATAATGCCGAAATATATTGACTGCTTACATTTGCTAGAAGCGAAATTTTATGTTGAACAATTTTTTTTCCTGCAATTTTTATGGGCGCAAAACCTTCATTTTCTACATATTCAATTTCCGCTCCTAGTTGTTGCAAAGCTTCGACCAAAATCTTTATTGGTCGTTCTTTCATTCGAGAGGAACCAGTAAGAATTACTTCTTTGCCTTCTTTTTGAGCAAAATAAGCTGTAAGAAACCGCATGGCAGTTCCTGCATGATGAATATCTATTTCTTGAGTTTTAGAGGCAAGTGCTTTAATCATTACTTGCGAATCATCTGAACTAGATATGTTGTCTAAAGTTATATTTGGATATAAGGCTTGTAATAATAATAATCTATTGGTTTCAGATTTTGAACCAGAGATTTTGATTGTTGATTGTTGATTAATTATTATTGAATGAAGATGTAAATTCATTTTTATTGTTTTTTGTTATTTCGAGAAATAACAAGTTTAAGACTTTACTTTAGTTTTTCATTATTATGATGGCGGTCGTGGTCCCGATTTGTTTTTAGATCTAATTTCTTGTCGAAAGCAGCTTGCAGATCTATTCCTGTTTGGTTGGCTAAACACAAAACTACAAAAACCACATCGGCAAGTTCTTCGCCTAAATCTTTGTTTTTGTCGGATTCTTTTTCAGATTGTTCGCCATAACGGCGGGCAATAATACGGGCTACTTCGCCTACTTCTTCGGTAAGTTGTGCCATATTTGTGAGTTCGTTAAAATACCGAACACCGTGGTTTTTTATCCAATTATCTACTTCGAGTTGGGCGTTTTTTAGGTTCATTTGTTTATTTTTTTATGTGAATTTCTTTATGTGATTCCTCCTGCGTCGGAATGACAAACTGTGTGTGTTGTTCTGTTTTTTTTGTCATTCCGACGAAGGAGGAATCACATCATCATCTTTTATTTTATTAGTATTGTGTGATTCCTCCTGCTTCGGAACGACAAACTGTGTGTTGTTTCATTTTTTGTCATTCAGACACAGGAGGAATCGCATTATCCTTTACGAATCTATTATTTAAAAACTCAAAATTGTCATTAAAAGATTTAATCAAATCTAACTTTTTTTCTCTTCGCCAACCCTTAAGTTCTTTTTCTCTCGCGATTGCAAGTTGTACCCAAGTAAATTTTTCGTAATAAACTAAAAACTCAATATTATATTTAGACGCAAAAGTTTTAATTCCTTTTTCAATATTTTCTTTGTGTTGCTGTAATCTGATGCTTAAATTATTGGTAATTCCAATATAATAAGTTGACCTATATTTATTTGTAATGATATAAACATAATAAATATGACTTCCTTCGTTATATTCAATCATTGTATTGTTCATTTTATATCTATTTATTGTCAATACTTGTTGTGTTTCCTCCTGCGTCGGAAAGACAAAGTTTGCGTTTTGTTTTGGGTTTACTTGATGTGATTCCTCCTTCGTCGGAATGACAAAAATACCTCGGAAAGACAAAGTTTGTGTTTTGTTCTGTTTTTTTTGTCATTCCGACGCAGGAGGAATCGCATAGTTTATTTTTACTTTGTGTGACGTACTTTATGTGATTCCTCCTTCGTCGGAATGACAAAAATACCTCGGAAAGACAAAGTTTGCGTTTTGTTTTGGGTTTATTTGATGTGTTTCCTCCTGCGTCGGAATGACAAAAATACCTCGAAAAGACAAAGTTTGCGTTTTGTTTCGTTTTTTTTGTCATTCCGACGCAGGAGGAATCGCATAGTTTATTTTTACTTTGTGTGACGCACTTTATGTGTTTCCTCCTTCGTCGGAATGACAAAAATACCTCGGAAAGACAAAGTTTGCGTTTTGTTTTGTTTTTTTTGTCATTCCGACGCAGGAGGAATCGCATAGTTTATTTTTACTTTGTGTGACGCACTTTATGTGTTTCCTCCTTCGTCGGAATGACAAAAATACCTCGGAAAGACAAAGTTTGCGTTTTGTTTTGTTTTTTTTGTCATTCCGACGCAGGAGGAATCGCATAGTTTATTTTTACTTTGTGTGACGCACTTTATGTGATTCCTCCTGCGTCGGAATGACAAAAATACCTCGGAAAGACAAATTTTGCGTTTTGTTTCGTTTTTTTTGTCATTCCGACGCAGGAGGAATCGCATAGTTTATTTTTACTTTTTGTGACGCACTTTATGTGTTTCCTCCTTCGTCGGAATGACAAAAATACCTCGGAAAGACAAAGTTTGCGTTTTGTTTTGCGTTTACTTGATGTGATTCCTCCCTCGTCGGAAAGACAAAAATACCTCGGAAAGACAAATTTTGCGTTTTGTTTTGTTTTGTTTCGTTTTGTCATTCCGACGCAGGAGGAATCGCATTATCCTTTACGAATCTATTATTTAAAAACTAAAAATTATCATTTTCAATATTTAGAGTGTTATAAATTGGATTATGTTCTTTCATAACCTCAAAAATATTCTTATACCCTGTGTTTACTCCTAAAGAATAATTAAAACCATTACCTAATAATAGATGATTTTCTGTGTTTTCAATTTCAGATAGCATTTCTGAATATTTCATTAATCTCATACTTGTTTTTTGAATTTTCAATTACCACCTTTTTTGATGATATCTTGTAATTAATCTTTACTTTTCATTCAATTTATCTGGATTTTTAAGTGCCTTTTTTTCGTCACTTACTAATCTTCTTTCAATTTTACTAATATCCTCTTCGGGTGCCAAATCTTCGGGTACTATACCTCTTGAAAGTAATGTGCTTCTTACGGATTTGTTATTTGTAATGTGTTCTTTCGAAATCTGATTTTCAGATTTCATTTTATGCTGTTTGGCATTAAAAATAGTTATTTCGGTTGCAAAATCTTTTGCTTTTAATAAAATAGTTGGTATATGGTCTGCCAAGGGTTTTGTGCTTGCCAAACCCCATTTTACTTTCATTTGTTGCGTGGTTCTGTTAAACAATGCTGTATCGCCTTTGCTTCTAATTAAAGCAAAATTTTGATTGCCACCTGTTTGTTCAAAAATAACTTGCGAAAGTTCCTTCTCGGTTACTTTGAGCTTGTTTCTGGCTTGCACTCGCTCGTATTCTAATATTTTTTGTTCAATTAACTCTGCTTTTCGGGTTTGAATAGCAAAATAGCGTTGTGCAAAAGCTATGGATTCTTTGCGTGAATCTCCATTTTGTGCAATAAGATAACAGGCATAACGTGTAAGCATTATGTCTTGAATTTCTTTTTCAGCACCTTTAGGCATTTGTATCGTTTTCCCGACGTCGGCAAAATGATGTTCAATATCTTCTCCTGATATTTCACAAGCTGTTTTTGCTTTAGAAATAACGCCTACAAAATTATCCCATTTGGTATATCCCAAAAGGTGTTGTAAATCTCTTGCTAACCAAAACTCGATTCCTTCTTCGGTTTGATTGGCGTGGGATTCGAAATTATTGGTTAAGGTATGTATAATTTCATTTTTCATACTATTTCATTTTTTAGATATTCTAAATAATGCTTATTGGTTTCAAAAGATTGAAAGTAATAATACAAACTCTATTTTTATAAAGGTTTCAGTTGAGTTATTAGTTCTTTAAATTAACTATTCTCAACAATTTCAATTTCCTCATTACTCAATCCATACAACTC
CP176809.1_gap29	1210792	1212548	1756	AAATGGCCTCTAGGAAAAGGGTCAAATCTCCGGTGGTAGCGGCAATATTTCCTGCGCCAAAAGCTTGTGAGAGATCCCATTCTTTATTAATAGTCCATTTTTTGTTAGTATAATTATAAGAATAACTTTCGTTTTTTGTTGGGTCTGTATTTGTTGCAATCGATGTGTTTTGCAATTGTAGTTTGTTTGTAATTCTTTCCTCAAGATTGGTTGCGTACTCTTTTTTAGTCACCTCTTCTAATATTTTGCCTAATATATAATAGTTAGAATTACTGTATTCGAATTTAGTATTGGGTTCGAAAACTGGTTTGTAACCTGAAATTTTTGCAATCATTTCTTCTTTTGATACTTTTTGGTAAACATTTACAGTCGAATCTCCATTAATAAAATCTAAAATACCCGTGCGATGATGCAATAAATCATGAATCGTGATTTTAGTAGCATTTGGAATTTGGGGGTAAAATTTAGATAATTTCGAGTCTAGTTTCAACTTTTTTTCTTCAATTAATTGCATAATCATTACGGCAGTAAATGTTTTTGTAATGGAGCCTATTTTGTATTTGGTGTTTTTATTGGCACTCAAATTATTTTCTACATTAGCAAAACCATACGCTTTTTCGAATACTACATTTCCTGCTTGGCGAATGCAAACTTGCCCCATAAATTTTTTGTTTTGATTTAAATAAACCAGCAAACTATCTATTTTGTCGAAACGTGTTTTTTGTTGTGCCGAAAGCGATAATGAGAATATAAATACTAATAATAAGATTGTTTTTTTCATAATATATTTGATCTTGAAAAATATTAATTAATGCGCTTCTAACCAGTTTTTGCCAATTCCAATTTCAACATCTAACGGAACATCTATTTTAAAGGCGTTTTCCATTTCGTATTTTATCATCGGTTGAATTTTTTCTAATTCAGAATTATGAACATCAAAAACCAATTCGTCATGTACTTGCAATAACATTTTCGATTGCCAGTTTTCTTGGGTTAGTTTTTTGTGAATATTAATCATCGCAATTTTAATAATATCGGCCGCAGAGCCTTGAATAGGTGCGTTTACAGCATTTCGTTCGGCACCACTTTTTACCATCATATTGGCCGAATTAATATCTTTTAAATAGCGTCTTCTTCCCAAAACAGTTTGTACATAGCCGTTTTCTCTAGCGAAATCTACTTGGTTGGACATGTACGATTTTAGTTTCGGATACGTTGCATAATAGGCATCAATTAACTCTGCGCTTTCTTTTCTTGAAAGTGAGGTTTGATTAGAAAGCCCAAAAGCCGAAACGCCATAAATAATTCCGAAATTTACCGTTTTAGCATTGCTTCGTTGTTCTTTTGTAACGTCTTCTAATGCAACATTAAATACTTTTGCAGCGGTGCTTTTGTGAATGTCTTGGTTGTTTTGAAAAGCTGCAATCATGTTTTCTTCACCAGATAAAGCGGCAATAATTCGTAGCTCTATTTGCGAATAATCGGCAGAAATTAACGTGTAATTTTCATTGCGAGGAATAAAGGCTTTTCGAATTAATCGTCCTCTTTCGGTTCGCACAGGAATATTTTGTAAGTTAGGATTGTTAGAGCTTAAACGACCAGTTGCAGCAACAGTTTGCATATAATCTGTGTGTACACGTCCTGTTTTTTTATCTACTTGGTTGGGTAAGGCATCAATATAAGTGCTTTGTAATTTTACCATTTGGCGCCATTCTAAAATGTCTTTTACAATTGGATTGTCATTGGCTAAATAGCT
CP176809.1_gap30	1294133	1294958	825	TATTGTGGCAAATAAAGGTTGTAAATAAATGAAAACGGCTACTGTTGTAGGTTTGAGTTCTTTCATAGAAAGTAAATTTAATAAATAAGTTAAGAATGTCGAAAAGATCACGACAAAACTTATTTTGTAAAAAATGGTTACAGGAAGATTTGACCAATTTACAGCTTGAAATTCAGTATATCCGAAAGGTAAAACCATGAGAAGTCCAAATAAATATATCCACTTTACAAACGAAAAAGCATTGTATTTATCCATGAGTTTCTTCACTATAATTAGGTAAAAACCGTAAGAAACAGCATTGATAAAAATTAATAAATTTCCCAAACCAGCTTTCGGGGCATTATTCATCGATTTTCCATACAAAATAAGAAATAATGTTCCTGTTAAGCCTAAGATTAAGCCTAGAATTTTTTTGGTTTTCATTCTTTCTTTTATCAAAATAGCCGATAAAACAAGAACAATCATAGGAGTTGTAACCATAATTACGGCTCCCATAATAGGCGAGGTATAACTTAATCCTTTAAAAAAAGTAAGCATATTGAGTGCCACACCAAAAAATGCTGCGGCTATAATTCTAGGAAAATCTGCTTTGTCTATTTTTTCTGTTTTAATAAACAAAGAGATTAACCAAAAAAGCAAGGTTGTACCGCCAACACGAAGTAAAATAAAACCAAAAGCATCTATGTGTTTTGGCATCACATCTTTAGCAATGGTAAAAGTTACACCGTATATTATAGAAACAATTGTGGCGCCAATAAGGGCTAGGTTTCTTTTAGACACTTGTCATGGCTTTGGTTAATTTGAGAATGTTGGGTTGTGTGTTTC
CP176809.1_gap31	1297604	1301527	3923	TATATGTCCGTTATCATAATAATAAGTGGTTTTAATTAAATTTCCTTCAATTTCATATCTTGGTTCGATAGGTTGAGCAAAAACAATTCCTGACAACATCAATACGGTTAATAGTATGTACTTTTTCATGGTTTTTATTTTTAGAGTTGATAATTAATTTCATATCAAATATATAAAATTTTTTACATAAAAAACACAGTAACTTAACTATTTAGTAACATGTATTAAAAATTTAACATTTGTTTTGTTTATTTCGTATAAAAAAACGGCTACAAGAAGTTGTAGCCGTTTATTAATTTATGATAAAAGAATATTTATCTGTTTTGCGAGTTTGTGTTTATGGTATTAAGTTTACACCATTTACTGTAGACCAAGATCCAGTAACTAATGAGCTACAACCTGTTGCCGAAGCACTAGTTGACCAATTTGTACCTGGAAATGATACTGATATAGATGCTGACCTTCCAATTGGAGTTAAAATATTAGTGTTTGTAACTTTAACATTTGTAACTTTAATTTTAGATGCGTTTACTTGATTTGTATTTGTAGTAGCCTCCTCAATTCTAACAACAGCACCTTCAAAAGTAACCGCTGGTGTTGCAGTGGTTGTTAAACCAGTGTAACCGTCTATTATTATGTTGTTAAAGAATCCGTTTCCTTCTCTCTTAAATTGGAAAGCATCAACTTGATTGTCATCTATTTCAGAACGACATCCAGCGGCTCTTTTTAGAGTAATGTTTGTTACTACGGGATAGTATGCGTTGTTGTTTGCTGAAGATTCTATTTCCATTCCGTAGTTTCCTTTTCCAGTTTGGTATGCGTACCAGTTTGAATTGTTTTGACCTTGCCATCCGTCTTGCCAGTCGAACGCATCATCATAGTTTCCGTAAGAGATTAGGTTCGTAGCGCTAACTGTTCCTCCAAAAAACTCATATCCGTCATCGGCACCTTTGTATGATACTAAATGGTCTAGTTTTGTTCCAGATCCGCAAGAATAAAATGTAAAGCCGTTATTTTCTTTAACACCAGAAGCTAATTGTGATCCAGCATATTCTACACGAGCATAATTTAATGACCCCCCATTGTGAGCAGGATTTGTTCCTCCATATACTATATTGTTACCATCTTCGGAAGTAGATGTTGTAGCACCACCAGCAGCATTTATTGGCGCATCACCGTATATGATAATTCCTCCCCATTTTCCAGGAATCTGAGATTTTTCTGTAAAAACTACTGGGTTAGAAGCTGTCCCGTTTATGTTTAATTTACCTCCGTTTAGTACTACTAATGCGTTGTCTACTGCAACAGTTTTGTCGCAAGTAATTGTTGATCCAGCATCGAATGTTACGGTTACTCCTGGGTTTATTTTTACAATTCCAACCAAGGTGTAGTTTCCGTATGCGTAAGTAATATTTGATGCAATTGTGCCTGTAATTGTGCCAGAAGCAGGAGCAGCAGCAACAGGAATTGCTATGGGGTCGTCATTGTTACTTGAGCAACCTGTAAAGATTAAAGCTATGATGCTTAAGCTAAAAATTAATTTTTTCATTTTGTTGTTTGTTTTATATTGTTTTCACAAAAATACTTCGACATACTTTTATAAAAGTTATCTAAATATTATATGATAGTTATGTAAATTGAATTAAAACATCAATATAACGTTAAGCAAATAAGGTGTTTTTTAGTCATAAAAAAAGCACTGAAATTTCAGTGCTTTAAGATTTAATAATTTTGTTTTTTAGAAGGTGTAGCCTAAATTTAGACCAAAACCAATTCCTTTTTTGTAGCTATCACTAATTAAAGAAGGTTCGTTTATTTTGATAACTCCAGCGCTACCAAATTCACGGTTTCTAGAAGGGTTTAATAAATTAGTGGCAGAGAATTTAACATCAAAATGATCGGATAATTTGCTTCCCCAAACAAAGTCTAATTGCTGGTATGGCAATTCGTAAGTGTTGTCTTGTTTGTTTGTTCCTATGGCATAAATTCTTTTCGAGAAAACAGAATACACTAATGAGATTGTGTTGCTCCATTTTTTATCGAAATCGAACTGATATTTTAAATCGGAATTTAAAATCCATTTAGAGGCTCCTTGTAGTTCTCTTGATTGATAGGTTTCTCTAGAAGGAATATTGTAGGTTATATTCCCGTCTTCATCTTGAGAATCATAAGTTGGACTAACTTTAACTTTGGTCGACATTAATGTAGCATTAAATCCTAGAGAAAAATCTGACAAATTTTTATTTATTCTTTCTAAATCTAATATAAATTCGGCTTCGGCTCCGTAAATATTTGCCGAATCAGAATTTAAAAAAGTAGTTACCGTAGCAGTGGTAGCATTAGATACGTAAGTTCTCTCTATAGGATTTTTTATGTATTTTGTAAATATACCAAGGCTAAACATTTCTTTTGATGTTGGGAAGATTTCAAATTTTAAATCAGCATTATAATTATCACTATTTTTTAATAACGAATTTCCTTGTATAGATGTACCATCTGCATTCAAATAAGTTAAAGGAAAGGCTTCCATAATTACTGGTTTTGTATAAGTTTTACTAGTTGCAAAACGAATATTTGCTTTGTCAGAAACGCCATATTTTAAGTTTAGTGAAGGCAAGAAATATATTTTATCATATTTTCTAGTTTCAAAAGGAGCGGTTTGCATGCCTAGTTTCCTAAATTTTGTTTCACGGTTACTTTTCTCTACTCTTAAGCCACCATTTATTTCCCATTTGTTATTAAATTTAAGTAATAAATTTAAGTAACCAGCATTAGTAAATTCGTTAAGCTTTACTTTGTAAGTCGCATTCGAATTTTCGATATTAAATAAATATGGAGCGTCAGGGCCATTTGTAATAACATCTCTATCTATTAAATCATTATTAATATGCGTATCTATACTATTTATATTTGTAGTAAATCCAGTTAAATTAGATTGTGTTGCAATGAATCTATAAGAACTTTCCATTGCTGAGGTGTTGCCGTTATATCCTAAAATTATTTTATTTTGCTTTTCTTTATTTCCAAATTTATAACTATATTCTGCTAATCCTGAAAGAAATTTGTTTCCGTCGATAGATAAATATTGATGCGAAAAATTTGTTGCGCCATAAAATGTAGTTATGTTATTATTATTGAGGCTTCCAGAAAAAGATTTTCTGTCTGGTTGGCTATATTTTGTGTTTGCAAAAGAAAACCCAGTTCTAAATATTTGACTTTTATCTTTAGCTAAAGCATATTCTCCAAGTAATTGAGCGTTCAAATAATCAGTTTTTGTAAGCTGATTGGTTCTAATAATATGATTTGGATCATCAGTCTTACGGTCAACAACACCAAATTGATCTTTTATAGAATTTTCTGTTGTTTTAATATAGAAAGTATTTAAAGATAATTTGATTCGTTGTGTGTTATAATTTAACCCCAATAATGTAGTTGCCGAGGTTTTGTATAAATATTCAGTTGCCATAAAATCGTTTGAAAATTTGTATCCAGTAAGGTCATTGTTTATTGTTCTTTCTATTCCAGATTTTACGGCATATTTATTATCAAAATTTAATGAAATTAAGTACGAAAAATTACGCTCGTTTTTTAAATTAAATTTTTCTGAATGTAAGAAACCAATACTGGTGTTTAAAGGGCTTTTTGTTTCGGTGGCATTAAAACCACTTTTAAAATATTTTCGAGATTCTTCAGTTGTAAAGGTATGGCTGAGAGGAGTACTTCCTACAATACTTGGTAATTCTCTATCCTTTCCATTAAATCCAAAAAAACCTTTTGTGTTATTGGCCTCCTCTGAAATTAAAAAATTATTTAAATTATTATTGGTTGTAAAACTTGTACCAATATTTAATTTGGTAATACTTTTTGCTCCCTTTGAGGTTTGAATATTAAAAGTTCCTCCTGCAAAATCCCCGTAAATATTA
CP176809.1_gap32	1310945	1313098	2153	CCTGTCATCACGTTTAGCTGATGGGTGATAAAAACAGACGGGATTTTCTTGTTTTTCTTACACCTAATCTATTGTCTGAAATTATCCCGGAAATATTGTATTCTTTAATGAGTTTCGTTGTTATTTTTTTTTCCAAAATAATTGCCAATACCATTTTTGGGCTATTAGCTAATATCTTTAGTTTAAAAAAAAATCCGTTTTTTGGATATTCAATATGATAAGAAGGCAACTCTATCGATGGTAGTTGCGGGAATTCTTTGCGTAATATTTCTAAAGCAACACCGTCTGAGGCTAAAATAGGAGAGAAGCCTTCGGTTTCTAAGGCTCTAATTATAGGAATGCATCGTGTGGCATGACCCAAACCCCAATTAAGGGGGGCAACTAAAATATTTTTATTCATTTTTGTAATCTTTCAAGAAAATGAGGAAGGTTTTGTACTTATTTTCTTAGTACACTTATAAACTGCTCTGCTAATTTAGTTTCATATTCAAAATCTAGGTCATTTTCCTGGAAATTTTCAGTTGTAATATGCTTGTAAAGTTTCCATTTTTTGTGATTATATTCTAAACTGGTTAAGTTTTCAATCCAATCTCCAGAATTTAAATATGTTGTTTTTCCGTGAGCGTTTTCAAATAATTCGATTTTTGGTTCATGTATATGTCCGCAAATAACATAATCATAGTTCTTTTCGATGGCTAAATCTATGCAAATTTTCTCGAAATTAGTAATAAACTTAACTGCCGATTTTACATTGTCTTTAATTTTTTTCGAAAGAGAATAAGGCTCTTTGTTCATTCTGGCCAAACACCAGTTTAAAAATCTATTAATTAAAATTAAAGAATCATATCCCCAAGCACCTAATTTTGCTAGCCATTTCGCATGATTAATAGAAGCATCAAAAACATCACCATGAAAGATCCATGCTTTTTTGCCGTCTAATTCTAGGGTTAATTTATTAAGCAAACTTATATTCCCGAGATGAAGATCGGTAAATTTTCTTAAAAATTCATCATGATTACCTGTCAGATAATAAACTTTTGTTCCTTTTGTACTAAGCGAAATTATTTTCTGAATAACTTTAAGGTGATTTTTAGGGAAATAGGATTTTCTAAACTGCCAAATATCTATGATGTCTCCATTAAGGATTAATATTTTGGGCTTTATAGAAGATAAATAATTTAATAATTCTTTTGCATGACAACCATAAGTTCCTAAATGCACATCTGAAATAACAACAATTTCTAGTTTTCTTTTTTCCAAAATATAATTATTTTATACAAAGACAAGAATTATAGGTAATGTAAACGTTATGTAAACATTATCATAAGTTTATATCTATTGATTTATATTTTCTTATTTTTGCCAAAATATTAATTGAAAACGTGGGAAGTAAAAATAAATTAAAGAGATTTGGAGAAAATGAAGCGTTTGGTAACGTTTTTCAGCCAACTCGTGAGGAAGTAGTATCAAATTCATTTGGTTTAAGAGGAAAATGGAAGCAAGATTTTTTTAAGAATGATAATCCAATTGTTTTAGAATTAGGTTGCGGAAAAGGCGAATATTCAGTTGGCTTGGCAACCAAATTTCCAAATAAAAATTTTGTTGGTATCGATATAAAAGGCGCTCGCTTTTGGCGTGGTGCAAAAACGGCTGTCGAAACAGGACTTCATAATGTTGCTTTTGTTCGTACGCAAATAGAATTGATAAATCATATTTTTGCCGAAAATGAGGTAGATGAAATCTGGATCACTTTTCCAGATCCTCAAATAAAATACAAACGAACTAAGCACAGAATGACCAATTCTGAATTTTTGCAATTGTACAAAAAGATCCTAAAACCCGACGGAATTATGAATCTGAAAACAGATTCAGAGTTTATGCATGGTTATACTTTAGGGTTATTGCATGGCGAAGGCCACCAAGTCTTATACGCCAATCATAATGTATATACAAATGAAGGGTCGCCAGAGGAAGTAACTGAAATACAAACATTTTACGAAAAACAATATTTAGCAATAAATAAATCTATTACATATATTCGCTTCAAAATTAAGTAGTTATAAGTATGGGCTTAACCCACCCATTAACCCCAAAAAATGTAAATAATGAGTATCATCACACCACTTTTTTTAGGTTTTATTACTTCGCTAGTA
CP176809.1_gap33	1337650	1338946	1296	ACAACACTTATTTAATAAAAGTTAGAGGAAATTCAATGTACCCAACTTTGCAAATTGGCGACATACTTATTGTAAAATCCGATTTGGATTTGAAAGACAATAAAATTGCAATTGTATCAATAAACAATAGCGATTATACAGTAAAACGATACAGTAAACGAAAAAAAACCTTTGTCGCCGATAATAGCGAATATCCAAATATCGATATCGAAGAAGAAGATTCAATACTTTGTTTGGGCGTTGTAAAAAACTTAATTAGAGATTTGTAAATTAATAAAAAATACAGCTACTTGTTTTTAAGGTAATCTTTTTTTCATTCAGTTGTTAAATAACAGTTTTACAGTCTTATTTTGAGTGATATATTTAAAAAATGAAACAATATAACAAAACGTAACAAAAAATATAACAATATTTCAAATCTGTGTAAAGAGTATAAACTTTGGAGTGCGTAACATATTGCAAACGATAGAAAATTCCTTTACAGTAACTAAATTGTTTTAAGCGTTGTTAATCTATAACAGTAATTATGTAATAATGATAAATACCTTTATATTTGTGAAATGAAATAAAAATTGAATTAAACATATCGGCGTCTTTATTCTAGTAAGCTAAATCGACCAAATTAAACAATTACACAAAAGAATAAGAATTGCACACGCAAAGGCGTGGGCTTTCTTATTTTGTGTATGCGTTCTTGGTCGGACGTTGCTTACTGATAGGAAATGTCCCACGCTGATTATTTAAACTAACATCTGTTTAGGGACGTTTGGGAATAAATAATTAAAAACAGAATGGAAAAATTCGACAAAACAAATCCTTACAATCCAAATGCTACTAAATCTAACAAGATAAATTTAGGCAAGAAAAAATTACCTAAATGGGCGAAAATTACTTTAATATGGATTGCTTCTTCGATAGCATTAATATTTATAATTGCTATCGTTTCTTTAATTAATGAAACACCTCAAGAGAAGAAAGCAAGGGAAGAATTAGCTATTCAAAACGAAAAACAAGAACAAATACAACGACAAAAAGAAGCAGAAATTGAGAGAATAAAAAATCTTCCAAAATATGAAAAAATGGATGCTTTAGTGCAATCACAACTTTATATTGAAAGCAAATTAAAATCTCCTGGTTCTGCAAAATTTGATAGTAGTATAGAAAGAGTAATTAAAAGTAATGACACAATTTTCACGGTAATTAGCTTTGTTGATTCGCAAAACGGTTTTGGTGCATTATTAAGAACTAACTATTCTTGCAAAGTAATATTCCACCCAAAAACAGATACACATGATA
CP176809.1_gap34	1386594	1387847	1253	ATCTGGCGAAAAACTAGCACTAGACGGAAAATTATTAACCCACAATGCCACATTTAACACCGCTGCGTTAACTGGCGAAAGTAAACCCGATACCAAACAAAAAGGGGATACTGTTTTGGCAGGAATGATAAACCTAAACACCATTGCACAAGTAGAAGTTACAACTGCTTATACCAATAGTAAACTATCCAAAATACTACAAATGGTGCAAGAAGCCACCGCCAGAAAAGCACCAACAGAATTGTTTATACGCAAATTTGCCAAAATTTATACCCCAATAGTTGTATTGTTGGCAATGGCTATTTGTGTGTTGCCTATATTCTTTACAGCCAATTATGTTTTTAGAGATTGGTTGTACCGTGCATTAGTTTTCTTGGTTATTTCTTGTCCTTGTGCTTTGGTTATTTCGATTCCGTTGGGCTATTTTGGTGGCATAGGTGCTGCTAGTAAAAACGGGATTTTGTTTAAAGGATCCAGTTTTCTTGATATAATGGCGTCTATTCAAATGGTCGTAATGGATAAAACAGGAACGCTAACTAAGGGGGTTTTTAAAGTTCAAAAAGTGGTTGCCGTTGGTGTTTCTGAAGCCGATTTGGTTAAATTTACATCGGCACTCGAAACCAAATCTACACACCCTGTTGGAACCGCAATACTACAATACGCAAACGGAACAGAAAAAAATGTAACCGTTACCGAAGTTCAAGAAATTGCAGGTCACGGGCTAAAAGGCAAAGTAGATGGAAACGAAATTTTGGCAGGAAATGTCAAATTGATGAAAAAATTTAATATTAGTTATGATGCCCAAATAGACAATACCCCATTTACAATTATTATCGTGGCAATTAACCAAAAATATTCAGGGTATTTTCTAATTGCAGACCAGATAAAAGAAGATGCAAAACAAGCTATCGAAAGTTTACACAAAATAAACGTAAAAACCATGATGCTATCGGGCGACAAACAAGCCGTTGTAAATGCTGTTGCCAAACAACTTAACATCGATTTGGCCTACGGAGATTTACTGCCAGAAGATAAAGTAGCAAAAGTTTCGGCACTAAAATTACAAAATCTAAAAATTGCTTTTGTAGGCGATGGTGTAAACGATGCGCCAGTAGTTGCGCTTGCCGATGCAGGAATAGCAATGGGCGGTTTAGGGAGCGATGCAACAATAGAAACTGCCGATATTGTAATTCAAAACGATCAACCTTATAAAATATATACCGCTATACACATTGGTAAAAAAACAAAACAAA
CP176809.1_gap35	1403356	1404062	706	CCTGTAATTTTATCTAATAATCGGTCTGGATTTATAATTCTTGTGGTAAATCCTAATACTTTTCCAAGTAAAGTTCCTTCGAAAATAGATTTTCCTAACCCCACTAACAGTAAATCATAATCGCCATTATTGGCTATTTCTGCAATATCAGTTTCAATATCTACGGTGGCTTTGTATATCGTATTTATGTCTTGATTTAATAATTTAGATTCTTCAATAATAGGGATAAAAGCTTCTTTTTCGTAATCTTCTAAATTGAAGCCGTGCATTTCGTCGCTTACTGATAAGTGCATTGCGGTTATGGTCGACACGTCTTTTTGCTTTTTAATGAGGCTATTGGCCAATCGTAATAGTGATTTTCCTTTTTCGTAGTTTCCAAAGGAAACAAGAATTTTATACTTATTTGTATCTATATCTTCTTCGGGAGTTAATATTCCTTTCGATTTGAAAATGTAATTGATTAAGTCTAAAGCCGGTCCGGTCATAAATGTGGTTACTAATGCCATGATAACCATCATGGTAAATATTTCAGAATTTAGAACACCTAAATCGTAACCTATATTTAAAACCACAAGTTCCATTAGTCCTCGAGTGTTCATTAGAGCGCCAATTGTTAAGCTGTCTTTCCAGTTTTGTCCTACAAATTTTGCAGCAAGAGCGCTTCCTATAAATTTACCAATAACGGCTACTAGAATAATATATCCAG
CP176809.1_gap36	1529428	1534229	4801	CTAATTTTTGTCCTGATACTGCAATTCCTATAATGTCTTTCGTAACATTATTTTTTTGCATATAATGTTGAACTTCAACTATTGCATCATTTTGAGAAGTTGCTTTAGCTTCTACAACAATTATGTAATCTTCTTCTTCAAGTAAAAAGTCAGGATAGCCTTTGGATGATGATGAGTTCTTTTTTGATTGGAATCCTAATTCGCTTGGAATTGCAGATTTTTCAATAAATGTAGATGAACCATAGAATTCTCTGAAAATATTTTCGGTTACCGTTTCACTAACCCCTTTTGTGTTTTTCGCCATTGTTGTCCGATTTACGGCAACAATTCAAACGGATTTTCATTCTAAATAGTTCTTATTCAGTCGGTTCCGTTAGCCTTGCTGCCAACGTTTCGCTAGTATAATTTCGGCTGGGACAAGTAAGCCTAGTCTTTCGGTTGAGAAACCATAAATCTGACACAAAATAAATTATTAATTAAGCCCGATGTAACAGCTGAAATATACTAGCTGTTATGAGTAGGCTTTATAAGAACAAACGAAATGGGAATTAAAAAAATAGCAAGACCAATTAATTCAGCTAAAAACAAATTTATCCAATGGCTCAAAGAGAATAAAGCCGAAAACATTGATGAATATGAAGGAGAGAAAAAAGAGGGTGATGGTTGGGATTATTATAGACACGTATCTGCGTTTGTTGGAGAAAATCTCTATACTGTTTATTTCACTATATGGAATGGAAAGGTAAAAATATGTTATTCTGACGGTGAAAACAGATATAATAATATGAGTGTATATGACTTTATGCAGTTGCTATGGTAAGCTTACTCATAACGTTTCGTTGCTAAAAGCAGTTTGGGACTAAATTAGCCAAAACTTTCGGATTGACCAAATTTTCCTGACACAAAACGAATTTTAAATTCAAGACTAAAACCCAAATTGCTTGTAGCAGCTGTTGTGGTGCGGTGCTACGAATCGGCACTGAATTTTTTAGAGGTTTTTTTTGCGTTTAGTTCAAAAGTAAGCGATTCAATTTCAGAAGTTTTTTCTCAACACTTTTTTGCGTCCAGTTCGGTAAAATTCTGAGGTTTCAAATTTTGGCAGTTCAAAAGCTCCAAATAAATTTCAACGACTTTTTCTCAACACTTTTTTGCGTTTAGTTCGGTACACATTTCAAACTTTAGTTTGAGCCAGTTCGGAAGCTATTTTCAAGTGTTAAAATCTCAAAAGTGAGAGGAAAAATATTCACGATTGTAGTAACCAGAGTCGATTCGGCACTGAACGACAACGTTTCGCTAGTATAATTTCGGCTGGTACAAGTAAACCTAGTCTTTCGGTTGAGAAACCAAAAATCTAACACAAAAACAATTATTAATTAAGCCTGATGCCAAGCTGAAATATACTAGCTGTTATCACTTCGGCTTTTTAACACCAAATAAAAATGAAAAATTTATTAAACATTGAAGTATTTCACATTGAAACTACAGATGAAGGAACTTTTGCTTACATTTCTTATCAAGACCCCAATTGGAAAGGCGATGACCCTACAAATGGTTTTAACTATATAAAAGTGCCTTTGAAATTAAGACCAATTCAATTATCTATTAGAGGTAATACTTTAGTTGACCAATCTGAAAAGGATTATGACTCGGTTTCGGCTTCGTAAGCTGAGTGATAACGTTTCGTTGCTAAAAGCAGTTTGGGACTAAATTAGCCAAAACTTTCGGATTGACCAAATTTTCCTGACACAAAACGAATTTTAAATTCAAGACTAAAACCCAAATTGCTTGTAGCAGCTGTTGTGGTGCGGTGCTACGAATCGGCACTGAATTTTTTAGAGGTATTTTTTGAGTTTAGTTCAACCGCAAACTATTCAATTTCAGTAGTTTTTCTCAACACTTTTTTGCGTTCAGTTCGGTTTTTTAGGTTTCAATTTTCGGCAGTTCAAAAGCTCAAAATAAATTTCAACGGTTTTTTCTCAATACTTTTTTGCGTTTAGTTCGGTACACATTTCAAACTTCAGTTTGAGCCAGTTCGGAAGCGATTTTCAAGTGTTAAAATCTCAAAAGTGAGAGGAAAAATATTCACGATTGTAGTAACCAGAGTCGATTCGGCACTGAACCACAACGTTTTGACGCTTGGCGAAGTGCAAAACTTCGTGAAGAGTCGGTTTAATATTTATTTTAATTTTTCTTTGCGGAATTTTAATTCCACTTTTGTTTTGCATTTTGCCAAACGGCTGTTGTGTGTTCGGCTTTCTTTTTTCTACCGCAATTTAAGAATATTTTTCGTATGTTTGGTAAAAATACTTTTTTACTATGTCAAAAGATTCAATACTCAAAGATAACCTACGAGTTTTAGATAACATATTGTTATTCCTAATTGATAAAAGAGAATATAAAACAGAAATTAATACTCTAGTTAATAGTATCTATAATTTACAGCTTAATCTTATAAAACCTGATAAACCAGAATCTTCTATCACATTAGGAGACATTGTTAAAAGGTCTGATGTAGAAGATAAGCTTCTCTACAAGGTAGAGAAATCTCTATTGTATCTTGAGGAACTTGGTTTATTAAAATCTACTGATAATTATTATGTATCACTAACTTATCAAGGTATCATTAAGTGTTCGGAAGGTTTTGTTATGGAGTACGAAAAACAGTCATCCGATAAAACCCGTTTGCTAAACGTTGAGAATTTTCAGCAACGTAACGCTCGTGAGATGTTTTGGATAACGTTCCTGATAATGATAGGAACGTTGGTGTCTGCTCTTTACTATATTCTTGAAATGATTTCAACTCCTTATTGCTTCTGTAAGTAAAAATTAACATCCTTACTGAAAAATACATGAATATTAAAAAGATTACTGATAATCCAACTATTACAGGTGTTTCCATTCTGTTTATGTTTTTTCTAAACGTTCTATTTTCAGCAGTGTTGTTTTTAAGCTGACACACAACGTTTCGTTGCTAAAAGCAGTTTGGGACTAAATTAGCCAAAACTTTCGGATTGACCAAATTTTCCTGACACAAAACCAATTTTAAATTCAAGACTAAAACCCAAATTGCTTGTAGCAGCTGTTATGGCACGGTGCTAAGAATCGGCACTGTTATTTTTTTAGATTTTTTTTGCGTTTAGTTCAACCGCAAACTATTCAATTTCAGTAGTTTTTCTCAACACTTTTTTGCGTTCAGTTCGGTTTTTTAGGTTTCAATTTTCGGCAGTTCAAAAGTTCAGAATATTTTCAGAAGTTTTCTCTCAACACTTTTTTGCGTTTAGTTCGGTACACTTTTCAGACTTTGAATTGAGTCAGTTCGGAAGCGATTTTAGGTGTAAAAATCTCAAAAGTGTGAAGATAAATATTCACGATTGAAGTAACCAGAGTCGATTCGGCGCTGTGCCATAACGTTTCGTTGCTAAAAGCAGTTTGGGACTAAATTAGCCAAAACTTTCGGTTTGACCAAATTTTCCTGACACAAAACGAATTTTAAATTCAAGACTAAAACCCAAATTGCTTGTAGCAGCTGTTATGGCACGGTGCTAAGAATCGGCACTGTTATTTTTTTAGATTTTTTTTGCGTTTAGTTCAACCGCAAACTATTCAATTTCAGTAGTTTTTCTCAACACTTTTTTGCGTTCAGTTCGGTTTTTTAGGTTTCAATTTTCGGCAGTTCAAAAGTTCAGAATATTTTCAGAAGTTTTCTCTCAACACTTTTTTGCGTTTAGTTCGGTACACTTTTCAGACTTTGAATTGAGTCAGTTCGGAAGCGATTTTAGGTGTAAAAATCTCAAAAGTGTGAAGATAAATATTCACGATTGAAGTAACCAGAGTCGATTCGGCGCTGTGCCATAACGTTTCGTTGCTAAAAGCAGTTTGGGACTAAATTAGCCAAAACTTTCGGTTTGACCAAATTTTCCTGACACAAAACGAATTTTAAATTCAAGACTAAAACCCAAATTGCTTGTAGCAGCTGTTATGGCACGGTGCTAAGAATCGGCACTGTTATTTTTTTAGATTTTTTTTGCGTTTAGTTCAACCGCAAACTATTCAATTTCAGTAGTTTTTCTCAACACTTTTTTGCGTTCAGTTCGGTTTTTTAGGTTTCAATTTTCGGCAGTTCAAAAGTTCAGAATATTTTCAGAAGTTTTCTCTCAACACTTTTTTGCGTTTAGTTCGGTACACTTTTCAGACTTTGAATTGAGTCAGTTCGGAAGCGATTTTAGGTGTAAAAATCTCAAAAGTGTGAAGATAAATATTCACGATTGAAGTAACCAGAGTCGATTCGGCGCTGTGCCATAACGTTTCGTTGCTAAAAGCAGTTTGGGACTAAATTAGCCAAAACTTTCGGTTTGACCAAATTTTCCTGACACAAAACGAATTTTAAATTCAAGACTAAAACCCAAATTGCTTGTAGCAGCTGTTATGGCACGGTGCTAAGAATCGGCACTGTTATTTTTTTAGATTTTTTTTGCGTTTAGTTCAACCGCAAACTATTCAATTTCAGTAGTTTTTCTCAACACTTTTTTGCGTTCAGTTCGGTTTTTTAGGTTTCAATTTTCGGCAGTTCAAAAGTTCAGAATATTTTCAGAAGTTTTCTCTCAACACTTTTTTGCGTTTAGTTCGGTACACTTTTCAGACTTTGAATTGAGTCAGTTCGGAAGCGATTTTAGGTGTAAAAATCTCAAAAGTGTGAAGATAAATATTCACGATTGAAGTAACCAGAGTCGATTCGGCGCTGTGCCATAACGTTTTGTTGCTAAAAGCAGTTTGGGACTAAATTAGCCAAAACTTTCGGATT
CP176809.1_gap37	1707408	1709855	2447	GGCAGTTTGTCCGCCTAATTGTACTATAACTCCTTCTGGTTTTTCATGACGGATAATATCGTAAATATGTTCCCAAAAAACAGGTTCGAAATATAATTTATCGGCCGTATCAAAATCGGTCGAAACCGTTTCTGGATTACAGTTTATCATGATGGTTTCGTAACCACATTCTTTAGCGGCTAAAACTCCGTGTACACAAGAGTAATCAAATTCGATTCCTTGCCCAATTCTATTGGGTCCAGAACCCAAAACAACGACTTTCTTTTTTGGAGTTACGATGCTTTCGTTGTGTACGTGTTTTTCGCCTGAAGCAGTTTCTATTTCAGCCTCAAAAGTCGAGTAGTAGTAAGGGGTAAGGGCTTTAAATTCGGCAGCACAAGTATCTACTAATTTATATACTCTATTAATGTTTTGCTCTTCACGTAATTTATAAACTTGACTTTCTAGACAACCCATCATGTGGGCAATTTGTCTGTCGGCAAAGCCTTTTTGTTTGGCTTCTAGTAATAAATCTCTAGGTAAAGTATCTATTTTATATTTAGAAATTTCTTTTTCTAAACTGTATAATTCTTCGTATTGTTTTAAAAACCACATGTCTATTTTTGTGATTTCGTGAATACGTGACAACGGAATTCCCATGGCAATCGCATCATAAATTACAAAAACCCTGTCCCAACTGGCGTGGGTAAGTTTGTCGATAATTTGCTCGTAATTTTTGTAGCCTTTTCCGTCTGCACCCAGTCCGTTTCGTTTAATTTCGAGTGATTGTGTGGCTTTATGCAATGCTTCTTGAAACGAACGTCCAATCCCCATTACTTCTCCAACTGATTTCATTTGCAGACCTAATGTTCTATCAGCACCTTCAAATTTGTCGAAATTCCAACGCGGAATTTTTACAATCACATAATCTAAAGTAGGTTCGAATAAAGCTGAGGTCGATTTTGTAATTTGATTTTGAAGTTCATCTAAGTGATAACCCAAAGCCAGTTTCGAAGCAATTTTTGCAATAGGATACCCCGTTGCTTTAGATGCTAATGCTGACGAGCGCGACACACGAGGGTTTATTTCAATCGCTACAATATCTTCTTTATCATCGGGCGAAACGGCAAATTGCACGTTACAACCTCCTGCGAAATTTCCAATACTACGCATCATTAAAATCGCCATATCACGCATTTTTTGGAATGTCGTGTCAGATAGTGTCATGGCTGGTGCTACGGTTATAGAATCTCCTGTATGAATCCCCATTGGATCCATGTTTTCTATAGTACAAATAATAACAACATTGTCATTTTTGTCACGAAGTAATTCTAATTCGTATTCTTTCCACCCCATTAATGCTTTGTCGATAAGGACTTCGTGAATGGGTGACATTTCTAATCCGTAGGTTAGTTTTTCGTCGAAATCTTCTTTTTTGTAAACAATGGCAGCTCCTGTTCCTCCTAAGGTGAATGAAGGTCGAATTACTAGCGGGAAACCAAATTCTTGCGCAATTTCTTTTCCTTTAAGGAAAGATGTTGCGGTTTTTGCAGGGGCTTGCGGAATGCCTATTTTATTTAAAAGGTTTTTAAATTTTTCTCGGTCTTCGGTAATTTCGATAGCGTTTACATCGACACCAATTAGTTTTACATTAAAATCTTTCCAAATTCCTTTTTCGTCAGCTTCTAAACAAAGATTTAAGGCTGTTTGTCCGCCCATTGTTGGCAAAACCGCATCAATTTGTGGATGTTCTTTTAGGATTTGAATGATAGATTTTGTGGTCAGTGGTAACAAATATACATGATCTGCCATGGTTGGATCAGTCATGATGGTTGCTGGGTTAGAATTGATAAGGATTACCTCGATTCCTTCTTCACGAATAGAACGTGCTGATTGTGATCCTGCATAATCGAATTCGCAAGCTTGCCCGATTACGATTGGTCCTGATCCTATAATTAAAACCGATTTTATTGAATTGTCTTTTGGCATCGTAGTTGTAGTTAGTTGTGTTATTAGTTGCTCAATTTAGCGAGCTAAAGCTTATACCTGAAACCCACTGGGCTTTCTCCTCTTAATATCAAATTTTTTATTTTTCCTTTAAAAATAAAAAGATTGAGGGAATAGCGGGAAATAGCTTCAAATAATTAATACTGTTTTATGAACGGATTTAAAAAAAAGCCGCTACTAATAAAAGTAACGGCTCTATATTGATTGTTAGATCATTATTTTTTGTGTCTTGGTTCGCAAGAAACAGTTAATTTATGTCTTCCTTTAGCACGACGACGAGCTAAAACTTTTCTTCCATTTGCAGAAGCCATTCTGTCCATGAATCCGTGTTTGTTTCTTCTTTTTCTTTTCGATGGTTGGAACGTTCTTTTGCTCATTTTGTGTATGTTTAAATTCTTTTATATATATCTTGTTGCAGGTTTCTTTCAAACCGAGTGCAAATATACAATGATTTTTTTTTC
CP176809.1_gap38	1712894	1715623	2729	CTTAAATTTCTTCTCTATCCTTCGCATATATTTGTAGTAATATAAGAAGAGTCTCTTCTAATTTGACTTCTTAAAGCGTGTGATTTTTGTTTTCCAAAAGTTGAAGTTATTTTATAGCCTTCAAAATTATCGAATGCTCCAATTGCCAAATATCATATTTTTTAAAATCTCTCTTTAAAGCTATACAATTGCCAAAATGTCTTCTTCACGCATGATTAGGTAATCTTTTCCTTCTAGCTTTAATTCGGTTCCTGCGTATTTTCCGTAAAGGACAGAATCTCCAACTTTTACAGTAAGTGGTTCGTCTTTTTTGCCATTTCCTATGGCAACTACGGTTCCTTTTTGTGGTTTCTCTTTGGCAGTGTCTGGAATAAAAATTCCTGAAGCTGTTTTTGTTTCGGCAGCTACTGGTTCTATAAGAACTCTATCTGCAAGTGGTTTGATATTTAATGCCATAATATTATATGTTTATTTTGTTTTAATGCTGTTATTGTCTTTTCAGAAATTATGCCAAGGATTTAAAACTGACATTTTTTCTTAATAAAAAATGCCAGCATTGACAGGCTGGCACTTTGGTTTTGTATTTCGTTAGAAATTATTTTTTTGTTCCTTCTGTTACTGGTTTTGTAGCAGGTGTTTCGGTTGTTTTTGTAGCTGCTGGAGTTGCTTGTGGTGCAGTTGGAATTGCTGGTGCTGCAAGAGCGCTTTCATCAATTACTTTTGATCCAGTATCGCTGTTGTTTCCATTAAAGCTTAAGCTTGACATTAAAATTAATACAATTAATATAGCACCAAGATACCAAGTACTTTTATCTAAAAAGTCTGTTGTTTTTTGTACGCCTCCCATTTGAGTGGAACCGCTTATAGAAGAAGATAATCCGCCACCCTTAGGGTTTTGAACCATTATGACTACGATAAGTAAAAAACAAACTATTGTTATTAAGACCAAAAAAATTGTAAATGTGCTCATTGTTTAACTATTATTATTTTGTTGTAACATTTTTATATCCGAAATTCTGTCTGCAAAGAAAGTAATTTTTTCTGGATATTTCAAAATTAATATTTCATAAGCTTGAATTGCTTTACTATATTTTTTTTGTTCTAAATAAACTTTGGCTAAAGTTTCGGTCATTAGATATGAATTATCTTCTGTTTTTATAGTAATAACTGGTGTTAAAGTGTCTTTTTTTGCTGGCGAAATTTTAGGATTTGTTTCTATGAATTTGTCGATAATTTCTAATTTTGACGATAAATTATTTTCTGAAATTTGATTTTCTTCTCTAATTATTGGTTTTATTTTTGCTAATTGTAACCATTCTTGAAACGAATGGGTTTCGGAATTATTAAATATTAAGGGTTTTCCTATTTCTAATTTTTCTTCGGTGGTTAGATTTTTAGCTACTTCTGGTGTTGTTTTTTCTTGAAGATCTTGATTGGCTTTTTTGATTGATGAAATAATCGATTTTTCGAGTTTATTTATTTCAGGTTTTACATCATTCTCAATAATTAGAGTGGTGTTCTCTGCAAGTGTTGTGTGTAGGGTTTTAGCTTCTTCAAGTGGTTCTTTGTTGATGCTTATAAAATTTTCGGAAGTTATCAAATCAAATAATATACTTCTATCGGTTGTAAAAGTTGCCGTCTTTTTTAATTCAGAATTGTATTTGAAACTACCTTGTTTGTATAAATTTTTTAATTGTAAACTTCTGGCACTTTGAAAATAAGGAAAATCATCTAAGATTTTTTCTAAAGCAATTATTTGCCTGTTGTTGAAGGCTTCTGGGTTGTTTAGTAGATAAGTATATTCTGTTACGTTCATTTTTAGATTTCAGATTTTCTTTGCCAGTTTGCTGGTACTTGGGTCGGATTTCAGATTTTGATCTGATTGTATATTGGCTAAAATTTAATGTTTAAAACATTACCATTTTGCTAATGTATCTTTGAACATATCTTGAGATATGCGTTCGAAAATTATTTCAAGCGATTTTTTTAGTTGTGCGCCTGTTGGTAAATTGTTGCCGGGAAAATCATCATAAAAAGAAAAACGTTTCTCGAAATCTTCTTCTGGCTTCTTTTTGTTTGAAAACTTAAGATTGATAGTTATTGATAATCTACTTTGTGCTGCAGTTAGATCGGCAGTTGCAGACATTGGGCTGATTCTGTAATCTACAATTTCGCCTTCGTAAACTAAATCGCCATCTGTTGCGGTTAGATTTAGGTTGGTCTGGTTTTGTATTAAATCTTGTAATCTCCTTGTAAAATCTCGGTCTATTCCTGGTTCTACTAGCGGTGAGACATTCTGAAAATAACTTACTTGAAAAGTTTTTGCGTCTATTTTTCCTGTTCCAGTAAAATTGTAAACTGAACAACCTTGTAGCACAAAAAAGGAGGAAATTAAAATTATGTGTTTTATTTTATTCATTTTATCTAAAAAATGGCTTTGTGAGTTGCCAGGTTATTATCAAAGATATTTAATTAAAATTATCCGTTTGTCAATTAAAGGTCAAATTGTTTTATTTTTCTGTATAAAGTTCTTTCGGAAATGCCTAATTCGTCCGCAGCAGCTTTGCGTTTTCCTTTGTTTTTTTCTAATGATTTTTTAATCATTTCAATTTCTCGTTGTTCTAGTTTTAAGACCTCTTCTTCTTCGATTGTTTCTGCGAAATGAAATTCTTCTTCATTTTCATCAAAAACACTTTCTTCATTATGGTTGTTGAATGTTGGATTTCTTG
CP176809.1_gap39	1880618	1883461	2843	AGCATCTACTATTGTTGCAATTACGAGTTCTTTTTCGTCTTGAGATAGCGTTGCAGATTCTGCAGTTGTTCCTAAAACTACTAGATATTCGACACCTCCATCAATAACATAATTTACGATACGTTTTAAGGCTTGGGTATCTACAGAAAAATCTTTTTTAAATGGCGTTACAAGTGCAACTCCTGTTCCAATAAATGCTTGCATGGTTTTATATTTTGTTTAAAATTTTTAAATATCTAAATAGTTCGTGAACAAAAACTTTATAATTTTCGGCATTGGTATTAATCATTAAATGATTCAATCTTTTATCGACAGTTGAAAAACCTACTTTAAACAAGGCTTTCGAATGGTTTGTAATAAGCAATAATGGTGCTTTTTCGGTATCATAATAACTTATTAACATATCGAAAGGTATATTTATAAAATCCTTAACGAAAATTGGGCTTAAAGTTCCTTTCCAACTCATATCATTATTACTAAATGTGGGCTGAGAGAAAGTTTCATTTTTTTTTTTTTATCTCTAAAAACAATCATTTTTATGTTACTTTCTTTAACTCCGCAAGCCACTAATTCTTTTGTAAGCTGTTCTTTATCTGAGAAATAACTTTCATCTATTACCAACCCCACCGTTAGTATTGGCGTTGTTAACAAACTAGGCTTTACGTTATGTAAACTTCTTTTTAATATTTTTTTTAAAGAAATTTCTTTTATATACTTTATAAACATATTACTTTTACATATTAATCTTGAAAAACAAATTTAATCAAATAAGATTCAAATGTCATGGTAAATGTAAAAAAGAGTGCCCTTGTTTTAAAACATTTTGTTTTAATTTTAACGTTAATCGCATTTGGGAGTAATTGTGCTGCGCAATTAGCTATTTCAAAAATAGAAGGAAAACAAATAAACATAAATGAAAAAACATATTCCCTTGCAGAATACAATGCTTATATTTCTCCTTATAAAGCACACATTGACAGTGAATTGAACACCGTTCTAGCAATTTGCCCAGAAACTTTAGACAAAAGTAAAGGAAAATGGCAAACCAATATTGGCGATTTTCTTGCTGACATTACACTAAAAAAAACCAATCCTATTTTCAAAAAACGTGAAAAATTAGATATTGATATTTGCATCTTGAACCATGGCGGAATAAGATCTATTCTTCCACAAGGCGAGGTAACTACAAGAACTGCTTTCGAAATCATGCCGTTTGAAAATACAACCGTAGTAGTTGGCTTACTTGGAGAACAAATTGCTGAATTTGTAGATTACTTTATCAAAGAGAAAAAACCACATCCTATTTCTGGTATAACCTTTACAATTGACACCGAAAATAAAGCGACAGATATTATGGTTGGCGAAAAACCGTTAGACCTTACTAAAATATATTATGTGGTTACTTCCGATTACCTTTCCAATGGTGGTGATAGCATGAATTTTTTTAAGAAAAATACAAAAACATACGATTTAGATTATAAACTTAGAAATATATTGATTGACTATTTTAAAGATGTAGATACAATTCCTATCACTAAAAAAGTTAAGGTAAATCAAAAATAATAATACAATTATATTGTACTACAAATAAAAGACACAAATGAAAAGAAGAGATTTTATTCAGAAAACAGCAGCAAGCGCAACGTTACTAACACTTGGAGGATTGTCTTTAAGCAGTTTTACAACAAATAATATTAAAAAAATAACAATTCTGCATACAAACGACGTGCACAGTCATATAGACCCTTTTCCCGCAACAGACCCTAAAAATCCAAATATGGGTGGTGTAGCTAGGCGTGCCGCTATTGTAGAACAAATAAGAAGGGAAGAAAAAAATGTATTATTACTAGATGCTGGAGATATTTTTCAAGGAACTCCTTATTTTAATTATTATGGAGGAGAACTTGAGTTTAAGCTAATGAGCATGATGAAATATGATTTAGCAACAATAGGAAATCATGATTTCGATAACGGAATAGATGGCTTATTAGCACAAATGCCTCATGCAGAATTCGATTTTGTTTCAGCAAATTATGATTTTAAAAACACCATTCTTGATACTTTTATAAAACCATATAAAATTTTTAAGAAAGCCGGACTAAAAATAGGAGTTTTTGGTCTTGGAGTCGAATTACAAGGCCTTGTTGACGCAAAATTATATAAAGAAACCAAATACAACAATCCTATTGAAGTTGCACAAGATATGTCACATATTTTAAAAGAAAATGAAAAATGTGATATTGTAATATGCCTATCGCATTTGGGTTTTAATTATAAAAATGAACCTGAAAAAGCATCAGATATAAATTTGGCCAGAAAAACTAAAAATATCGATTTGATAATTGGTGGACACACCCATACTTTCTTAGACAAACCTGTTATCGAAAAAAATATTGATGGCAAAGAAGTTTTGATAAACCAAGTAGGGTGCTACGGAATAAACCTAGGCCGAATAGATTTTTATTTAGATAGCCAAAAAAATGTTGCTGCAGCTGGTGGGAGAAAAATTATTGTTTAATCTTTCTCCGATAAAATCATGAATTTATAAAACGAAAATTGCGCAACAGCATAAAGTACCATTGCAATAGACTGGAAAATAGGCATCCTAATATAATACATTTTTATTGTAATTATAAACTGAATAAAGCCAAATAACATAGAACTTATTAGCAACCAAAAACTCATTTTATTAGTATTTATAAATAATTGAAAGAATAAAAATTGTTGCCATCTTCAAATTGCAATAATTTATTGAAAGGAACAACACTTTCGCTAAACAAACCCGAAAGCTTTGAAACTACTGAAAGAAGTTTTTTAGGAGCTATTTCCCGCTATACGTTCCA
CP176809.1_gap40	1967062	1968850	1788	CACTCCAGCCGATGCAGCCTTTGCAATAACAGTAGGTTCAGTAACTTCTGCCGAAGTAAAATCTGAATTTAGCTCTATTGGTCCAACAAGCGACGGGAGAATGAAACCAGATTTTATGGCAATGGGAACAGCAGCAGTCATTTCTAATACCGCAGGTACAATTACAACTGCAAACGGAACCTCCTTTTCATCTCCTATTTTAGCGGGAGCAATTACTTCATTTTGGTCTGCATTTCCTAATAAAACAAATGCTCAAATTGTACAATTATTAAAATTGTCTGCCAGCAGGTATGCCACTTCTATTGTAACACAAAATAATGATTATGGCTATGGAATTCCTAATTTTCAAGCCGCACTAACAGCAGCACTTTCTATACCAGAAGTTTCTACTGTTGCTTTAAATTTGTATCCAAATCCTGCTACTAACGAAATTACAATTTCAAGCCCAGCTAGTAATATAGGATATTCAATTAAATTGTATAATAATTTAGGACAGCTGGTCTTAGAGAAAAACATCGATAATCAGTCTCAAAAAATTTCTTTACAAACCTTAAATAGTGGCGTTTATTTTTATAATATTGCTTGCGCTGAAAAAACTTCATTTGGAAAATTAATTAAAAATTAATTTATTACAGGATAATAATTAACACAAAAGCTACAAAAGGAATAATTTAAAAGAAAATGATTTAAGCGACTCCTTTTGTTTTAAAATACACTAAATTCTGATTTCGATTAAATAATTTCAATGAATAAAATAACATCACTTTTCAATATAAAATATCCAATTATTCAAGGCGGAATGATTTGGAATTCAGGTTACAAATTAGCAAGTGCAGTTAGTAATGCAGGCGGTTTAGGACTAATAGGAGCAGGATCTATGTATCCAGAAATTTTACGAGAACACATTCAGAAATGCAAAAAAGCAACAGACAAACCTTTTGGTGTCAATGTGCCAATGTTATATCCAAATGTGGAAGAAATTATGAATATAATTATAGAAGAGGGCGTAAAAATCGTATTCACATCGGCAGGAAATCCTAAAACATGGACAAATTTTCTAAAAGAAAAAGGAATTACAGTAGTTCATGTAGTTAGTAGCTCAAAATTTGCATTAAAAGCACAAGAAGCTGGTGTAGATGCTGTTGTTGCCGAAGGTTTTGAAGCTGGTGGTCATAACGGAAGAGAAGAAACAACCACTTTAACATTGATACCAATGGTTAAAGAACAAATTTCTATTCCCCTTATTGCCGCTGGCGGAATAGCAACAGGAAGAGGAATGCTTGCCGTGATGGTTCTTGGTGCCAATGGCGTACAAGTTGGCTCCCGTTTTGCCGCTTCTACCGAAAGTTCTTGCCATGATGATTTCAAAAAAACTATTATCGATGTCAAAGAAGGAGGAACACAACTTACGTTGAAAGAATTAGCACCTGTCCGATTGATAAAAAATAAATTTTATAATGATCTTCAGGATTTATATACCAAATGCCCTACGCCAGAAGATTTGAAAACACTTTTAGGCCGTGCTCGTGCCAAACGTGGTATGTTTGAAGGTGATTTAGTAGATGGAGAACTCGAAATAGGACAAATTGCAGGACTCATTCACGATATAAAACCAGCGGCAAATATTATCGAAGATATGGTAGCTGAGTTTCAAAAAGCAAAACACGAAATGGCTAATTTATAAACATAAAAAAAAGAGATTTATTCTTAACCAATTTTAAGGATAATACAAAATCTAAATGTATTTTTGTACAAATTTTATATAAAATGAAAAAACTAATATTATTT
CP176809.1_gap41	1981918	1985954	4036	GGTGGTAAATAATTGAAAAAATAACACACCTGAAATAAGGCAAGCTACTGAAAATATCCAAAAAGGCTTGTCATGAAAAACAGAATTTACTTCGGCAATAGTAACCGTTTCGATTTCTGGATCTACAAATTTCTTTTTTTCTTTAACCAATAACCCAAATAATATAATCGAAATAATACAAGTAGATCCATCAATCCAGAAAAGACCAGAATAACCTATGTACATAATTATTAATCCACCCAGTGCTGGTCCGGCAGCAAAACCAATATTTATTGCCAGTCTCACTAAAGTTAACGCCCGAGTGCGATTTTCAGGTTTTGCATAAGCGCCAATAGCAACAAACATAGCTGGTCTGAACATATCTGCAATGACCATTAATACAAATAATCCTAAAACTAATCCCCAAAAAGAATTTACAAATTGCAATAGGATTAAAACAATTCCGCTCACAAAAAGGCTAAAAAGCATGATTTTATAAAAACCAATTTTGTCCGATAATTTCCCACCAAGCCAAGAACCGCAAACAGATCCAACCCCAAATCCAACCATAATCCAACCTACTTCGGAGTAAGTAAAATGCAAGTTTTCTTTCAAATATTTCGATAAAAAAGGCACAACCATTACCCCAGCACGATTTATAAAAGTTACAATAGCAAGAATCCAAATTTCTCTCGAAAATCCTCTGAAATTATTAATATATCGGGTAAAAAAGCAGTGAAACATAAATAATTAGTATAATTTTCAAAGTTACAATATTTCAACTTTGTAGCTTTGCAAGTTTTAAACTATTTTTGCATAAAATTCTTTCAATGAAAAAATACCTAATATTATTTACTGTTTTGTTTTTCGTAATTTCTTACGCTCAAGATAACAAGGCAGAAACTTCTCAGGAATTTCAAAACAATTTGAATAAAGAATATGCAGACAAAAAACAAAGTCCTCTTTCAGATGACGATTTTCAGGTTTTTAAATCATTAGACTTTTATCCAATAAACGAAAAATTTATTGTAGAAGCAAAGTTTGTAAGAACTAAAAACGAGAAAATTTTTGTAATGAAAACATCGACTACAAGACTTCCTAGATATAAAAAATACGGAGAATTGTCATTTGTAATTGATGAAAAACAATTTAAATTGAATGTGTATCAAAATATCGATTTGTCTAAAAGGGAAGGATACAAAGATTATTTATTCTTACCTTTTTCGGATTTAACTTGTGGTAAAGAAAGTTATCTTGGCGGAAGATACATCGATATGCGTTTTCCAAAATCGGAAACGGTAATTATCAATTTTAATAAAGCCTACAATCCTTATTGTGCCTATAATCACAAATACTCTTGCCCAATTGTTCCTTTAGAAAACGATCTGAAAATTGAAATTTTGGCTGGTGTAAAAAAATTTAATGACTAATGCAATTCATCAATTTACATACACATAGGCTCACAAAAGCTTTAAATGTATTAGAAATTGTTAATCAATATCCGCAAGAATTTGATTCGATTATTGCGTTTTATTCCATAGGAATTCATCCTTGGTATATTAACGAAAGTAGGGTAGAAGCCGATTTAAAAATTATTGAAGAAAAATTGCAAACTGAAAATTGTCTCGCTCTTGGCGAATGCGGATTAGACAAAAGAATAGAAATTTCGATCGAAATTCAAAAGCAAGTTTTCGAAAAACAATTAAAATTAGCCATCAAATATAAAAAAGCAGTAATTTTGCATTGTGTTTCTGCTTATCAGGAAATTATAGAAATAAAAAGCAGATTACAAGTTGAAGTTCCTATGATTATTCATGGTTTTTCTAAAAATAAACAGGTAGCAAAATTACTTTTAGACAACGGATTTTATCTTTCGTTTGGAAAATATTTATTAAGAAATCCAGCATTAGAACCTATTTTTGCATCAGTTCCTAACGATAGGTTTTTTTTAGAAACCGATACTATTGAAGAAACATTAGAAGAAGTTTACAAATTAGCAGCAAAATACAAAAACATCGAGGTTTCAGAATTACAGAAAATAGTTGAGAACAACTTTCAAAATGTTTTTTATAATATTAAAAAATAACATTGAATATTGATTGGCGACACGAGCGTAAGCGAACTAGCGAGCAATCTTTAATGTTGAAGTTTTAGTACTTTAAACTTTAAACAAAAAAATATGGCAGAGTGGACAGAAAGAGCAGCACTTTTATTCAAAAAAGAGGGTTTAAATAAATTACAAAATGCAAATGTTTTAGTCGTAGGATTAGGAGGCGTAGGTTCATTTGCTGCCGAGTTTCTAGTTCGTGCTGGAATAGGAAAAATAACCATTGTAGATGGCGATGTGGTCGATATTACTAATATAAATCGCCAGTTACCAGCCTTACATTCTACCGTTGGAAAGCCCAAAATAACAGTTGTAGGTGATAGGTTGATAGATATAAATCCTGAATTAAAATTAACCAGAATTCAAGAGTTTCTTTCGCCAGAAAGAGCTTTCGAAATTGTTTCTGATGAGTTTGACTATGTTTTAGATTGTATAGATAGCGTAACTCCAAAACTAAATTTAATTATTGCTGCCAAACGCAAACGTGTAAAAATAATTTCGAGTATGGGCGCTGGCGGAAAAATGGAAGCTGCTAAGGTAAAAGTTTCATGTATTACAAATACTACAAATTGCATGTTAGCAAAAACCATCAGAAAAAGACTTAAAGCTGAGAAAATAGACAAACTAAAAGTAGTTTTTTCGTCAGAAATACAAGATGAAACGAGCCTGAAAATGACTGATGGTTCTAATTATAAAAAATCATTTTACGGCACAAATAGTTATATTCCAGGGCTTTTTGGGCTGCACGCTGCGGAAACTGTTATTAGGTATTTGTTAAAGTAAAATATATTTAAGGATTTGCAACACTCTTAAAATTACTTTCAATAACTGTATTTATTGTATCTGCTTTTACAGGTTTTATTCTTACGGTTATTTTTTTGGGTCTTACAGGAATATAAATTTCGGTAACCCATTTTGCTGCCGATTTTTCGGTTAAGCTATTTTTAGGTATGATTTCGAAGATTTTATTGCGATCACTTCGCTCTAATTTATTTTTAGACATGAAGTCATATAGTTGTTCTAAAACTTCTTTCTTGTGGTTGTAATTCCCTGTAAGTGTTGCTTTTACTGCCTGAAAAGGATTGGTTTGTCCTGTATAAATATCGCTTTCGGACGAAGTGAAAACCTTGTTTTTAGTAGGAATTGCTACGGAAATGGTTATTTTATTTGCCAAGCTATCTACAGCATGGTATATTACAAAAGGATCGCCTTTTTTAGGGGTATTTGTAATTTTTAGCAACTCATTAAGTTTGGGAAGCGTTTTTTTAATTTTTGTGGGTAATTCTTCTACTTTGCAACTTATAACTTGTTGTATATAAAAAACGGTATCTCGGTTTACAAAGCCATCTATTTTTACAGAAAAACTATTTATTTCGGTAGTAAGAATAGTGTTTAGCAAAGTAAGTCCATTATCAAATTTTTCGCCAAAATCATTGTGAGTACCACGATTTATAATGCTTAAAAATTTATCTTTAAAACTCAATTTTCCACGAGTAGTCCAGGTTACAATTGTTTTTTTAATTAAAGTATCTTTAATTGTTAGTTTAAGTTCGGCAGGAATTTTATTTATAACAATATTTTGCAAAATGATTTCTCCATCAATTTTTTGAACGGATTGTATCTTTGCGTTTTCTCCTTTCCAAGGATTTATAGTTTCCCAGTTTTTAGAATTGGATACATAATTAAAAACTATTTCTTTTGGGACATTTATTTCTTTATGCTTCGTAACTACATAACTTCCATCTTTTGTAGCAACAAAAACTGAAATTGTTATGGTAATTAGTAAAAGTAATAAAAAAATGTATTTTGCAATTCTCATATAAGAATAAATAAAAATTTTGTTAAAAATATAAAATTTTTTCCAAAAAAATTAATGTTTTGGCTATTCTTTCATTAATGATTTAATAATGAATAAAAAACTAATAAATATAATAAAACCAACTAATATCC
CP176809.1_gap42	2074618	2078107	3489	GCAATATTTGTAAGTCTTATGTATATATTTTGAGGATTTGATGTGTTCCTAAAATTAGTAGAGTTTGTTATAGGGTTTGCATTAACCGTGGCATCGTTAAGAGATGTGTGAAAACTAGCTGTAACACCAGTTTGATTTCCAATAGCTAAAGTAGCATTTTGAGTAAAATTGAAACTTGTTTTATTATCTTGTACGTTGTCAGAGTCACATTTTTCTATGTTCAAAGTGTTTTCCGCATTGGGATTGGTATTTATTGTAGGAGGTTGATTGAAGGTTGCTGTTCCTGTCCAGTTGATCGAGAAGTTGCTATTACCATCAAAACGATCAATAACAATGTAATAAGTTTCTCCTATTTGCACGTCTAGCCATTTTATGAAACTATTTCCGTTTGCTCCAGGACCTTCCGATGTATCTGTTTCGGTGCCATTCATTCCTGTGGTATTATTTGTGGCATTTACAGCAGCAGGGTTTGTTGTTGAGCATCTGATTGCATTACCTAAATTTCCGCAAGTTGCAGTAGGTCCAAAAATATAAAAATCGAAATCGACATTTAAATTTGTATTTTGAGGTGTTAAAGTAAAGCCGAGAGTACCAGCAGTTCTAATATTAACCTTAATCCATAATGAGTTTGTTTCGTTTCCATTGCAAGTGTTAGCATTTGATATCTCGTTAACTCCTGATCCAGTTATATATAGGTCTGTGTAACTGTTGTTTCCACAAGCTGTTAGTGCATCTGTACAGTCATTTTGAGAATATATGGTTTGAGAAATAAGCAAAAAAATAAAAAAAGTAACGTTTTTTAATAATTTCATTTTGGTAAAAAATTAATTTAATCCCCCAAAAGTAGTTATTTATCTCTTAAGTATAAAGTGATTTTTTATAGTTTTGTTATTCAAAAGGGTTAGCACAAACCAGTAATCGTCGGAGGGTAAGTTTTCGCCATTATAAGTTCCGTTCCAGCCTGCAGAATTCGAATCTAATTGTTTTAATAATTTTCCAAATCGGTCAAATATATTAATGGTCGCACTGGGTCTAATTTTTATATTTTGTATTATCCAAGTGTCATTTATTCCGTCTCCATTTGGTGTAAAAAACTTAGGGTAATCTAATACATAAATTACTTTTGATGGAGTTGGCAAACAACCATTTTTATCTTTTACATAAATGGTGTACTCGCCAAGAGAAATATTTGTAAAAACGGGACTTTCTTGATAGTTTACTCCATCAATCGAGAATATATAATCGCCGCCATTGTTGGTATAAGTAATAGTTATTGTATTATTGTTTTCTGAAAAATCATTTATCACAGCATCAATATTTGTGGCTGGTGCCGATGGTTGTACGATAAATGTTTTAGTTGCTTTGCATCCGTTTGAGTTTGTAACTTCTATCGAATAATTGCCAGGGGTAAAAATTTCTGTTTCAAAATTAGCATCACCATTACTCCATGTGTAGTTTAAAAAAATTGGGTCAACGCTTAAAAAAACAGATGATCCTTGGCACAAACCAATAATTTCATCTTCAAAATTATCTGGTTTTAAAACATCAACTTTCAAATTCACATCAATAATTCCGCTACAATCAGGCCCATTAATAATTCGGGCAAAAATGGATTCACTATTTGCAATTACGTTCGTATAATTATTTGGTAGTGGGCTATTTTGAGTTATTGCATTATTTTTTGTAGCATAATATTTAACGACTAATCCGGGGGCAATATTGGGAGTAATTTCAGTATTTAAATCGAAAGAAGTTATACCGTCTTGGGCTCCAACTGTATCGCATTTTTTCTTTAGATAAGGCAAATAGACTGTGTTGTTAATTTGTAATGTTACTTGTGCAATGCTTTTGCAGTTATTAGAGTTAGAAACTTCGGCAAAAATGGTTTTAGGAATACTAGTATAATTTGATGGGTTTGTAATAGCAATACCACCAATGGTTTCGTAATAAGTTACGGCACTTAATGTATTGTCGTTTGAATTTTTAATCAAATCATCTAGTTTGGTAAGATTAAAAATAGTGCTTCCATCATTATCATCGTCGCATTGCACTAAAGTTTTATTGCTAAGTACTGGTATGGGGCTATATTCAATAGTTACTTCTCCTTTTGCAATACATGATTTTGCGCCAAGGCTTACTTCTACACTATATGTTCCTGTTGTCGAAACCTGATATGTTGGATTTGTTTGTCCAATAATTTCGATTCCGTTTTTAAACCATTTGTAGCTATTTATACCAGCTTCTGTAGCATCTAATAGATAGGTTTCTCCTTGACAAAGCGGATTTTTTGTAGCAATGAGTTTGTTTTCTCCAAGATCTGTACCTACCTGAAAGGTTCCTGCGCCTAGAAAAATGGCAGAATCATATTGCGGATTTGTTTCGTCGGCAATAACTAATTTTATATGATATTTTGTACCAGGTATAACCGTTGCTTTTGCCGTCATGACAACAGTTTGCCCGTTAAAGTTTATAGATGCATTTGGGCCATTATAACTGCCAAAATACGTTTCATTTATTGCCGAACAACCGTTAGGAATATCTCTGTGAACGGAGGTTACTTTTACAGGCGTGTTAGTGTTAGGTACTAAAGCTAAATTTTGATATGGTGCAGAACTTCCCGCAACTTTAAGCAAAAAACCAAACCCATCAGAGTATTTACAAGGTGCAGTACCATGATATTCTTCGGAAGCAAACAAATAATCGAAACTGATGTTACTTGCAAAGGGTATAAAATCGAATTCTAATATAGTTGCATTTGATGTGTTAGAAATATTTAACGCTTGCTCTAAATCTGTGTCACCAAACCAGCCAGTTGCATTTTCACTTAATAAACTGTTGTTTGGACCTTTAGTAGAAGCTGCTCTACTTGTACTAAGTACAATCCCTTTTGCGAAAGGAAAACCACTTGTTCCAGCATTAAAATAAGCATAACTTTGTTTTCCAGTTTCAAAATTTCCGCCTGTTGCAGAAAAATTTGAAACAAGGGCACAGGAACTATTTATGAGTGTGTTTTGTACTAAATCTTGTGCAGTAACATTGTCGGTAATTTGAATGTATTGCGAAAATGTATTTGTAGATACAAATAAGATAATACTAAAAATAAAAATTTGCAGATGTAATTTCATAGTTTACAAATATACTACAAATCTCGTTTTTCTAGAACTTTATAAGACATTAACATAAATATAACAGTCCAGACCAAAACAATAAGAATTGTAGTAAAATGTACAGTATAATCCTTAATATTGTTTACACCTATTTGTGTACCAATGGTTTTAATGACTGACAACCTAGAGAATGGTTCGACTATCAAATTTGACATTGCTTCTAATGGAAAAAATTGCGTAATATTTTGAGCGGTATTGCTATTAGGGAAAATTTTAAAAGTTAGCATTCCTTTAGCAATTCCTTCCACAATATTCCACACAAATAAAAATCCTAGTGCAAAGGCAGAACGTTTTACAAAAATGCCTAAAAATAAGCAGAAAG
CP176809.1_gap43	2095173	2097314	2141	ATCTAGCGAATGTGTTTTTCCAGAACATAAATTCACAATTTCTGATAAAAAATCACTTATTGCTAACTTATGGTAGCATTCACAAATAAAATTTATCGAATTATATTCTCTATATACATTAATATTTCCCAGTTCTAATACGCTAGCTTTTTCTTTAAATGCTTTCGTGATTTTGGGTATTACAAAATTTACATTTTGTTCTGGTGCTGTATAATTAAACGGTCTTGTTATAATTATTGGTAGTGTGTCAAAATAAGTTTTGGCAACAAATTCCATAGCTAGTTTACTAATCCCATAATGATTTACGGGATTAGGACATAAAGCTTCTGAAAGTACTGTTTCAGTTTGGTTTCCGTAAACGGTTGCGCTACTTGCTATAATTATTTTGCGAATACTATCTTTCGATTCGTTTTTTATTGCTTCTAGCAGGTTTTGTGTTCCTATTACATTTACATCATACATTTCGTTAAGATTCTCATGTCCAACAAAAGATATTGCTGCAAGATGAATTACGATGCTTGGTTGAATTTCTTTTATAATTGCACTTAGTTTTTCTTTTTCTAATAAGTTACAAATAAAGATATTAGGATTTTTACTTTTATTACTATTTGCTAAACCAAAAACTTCAAAGTTTTTATCTTCAAAATATTTAGAAAGATAAATTCCTGTAAAACCATTTATTCCAGTAATAAAAACTTTTTTAGAATGAGAATCCATTTGTGTTTCTTCTTATATCGGCTTCCACCATTATTGAGCAAAGTTTTTCTAAGCTTGTTTCAGGATGCCAGTTTAATAAATCATTTGCTTTTTTTGCATCACCAATTAACAATTCTACTTCTGAAGGTCTGAAAAATGCTGGGTTAATTTGAACTAATAATTCATTAGTTTTTTGATTAAAACCTTTTTCGTCGACACCTTGACCTTTCCAAACTAGATCGACGCCAATTTGTTTGAAAGAAAGTTCTACAAAAGTTTTAACAGTAAATGTTTTATTGGTTGCTAAAACAAAAGTCTCTGCATCCTTGTATTGTAACATTTTATACATTCCTTCTACATATTCTTTGGCATAACCCCAATCTCTTTGTGCATCTAAATTTCCTAATTCTAATATAGATTGTTTTTTAAGAGATATTTTAGCAACGGTATCTGTAATTTTTCTTGTTACAAATTCCCTTCCTCTTAAGGGCGATTCGTGGTTAAATAAAATACCGCTTACACCAAAAATATCATAACTTTCTCTATAGTTTATTGTTGCCCAGTGTGCAAAAAGTTTCGAAAAACCATAAGGACTTCTTGGGTAAAAAGGGGTGTCCTCGGTTTGTGGTACTTGTTGTACTTTGCCAAACATTTCTGAGGTACTGGCTTGATAAAATCTAATTTTAGGATTAATTATTCTAATAGCTTCTAATAAATGTAAAGCCCCAATTCCGGTTGTTTGTGCCGTAGAAATTGGTTGATCAAAAGATACCCCTACAAAACTTTGTGCTGCTAAATTATAAATTTCGTCTGGCTGAACTTTGTCTATTAGTCGGATATTGCTCGTTTGGTCATTTAAATCATATTCTAGTAAATGCAAATTTGGATTGTTTTGAATTCCTAATTCTTCAATTCTCCAGAAATTCATAGAACTAGAACGTCTATATGTCCCGTAAACTTCATATCCTTTGCTTAAAAGTAATTCAGCTAAATATGCACCATCTTGTCCTGTAATACCTGTTATGATTGCTTTTTTCATGTATATATATTAAATTTTTATTAACTGCTTTTATGCAAAAGTACATTTTTTTAAAACAACCCGAAAAAGAATTAATCAAAAGTATATCTTTGTCCCTGAAGTTTTATTAAAAGGTAATTTAAATTACTTTTGCATTTGTTTTTTTGTAAATTATTTTAACTATGAAAGAGAAAATTGGCGTTAACGTTTTTGGATATATAAATGGTGAATTTGGTCTAGGTGAAGCCGTAAGATTACTAATAAAAGCTATGCAAAACGTAGATATTCCAGTAGCATTAATAAATTTAGACATAAAAACAAATCATCGTCACGAAGATAAGACTTTCGAAAACTTTACAAAAGAAGCTCCTTATTCAATAAATTTAGTGTTATTAGGACCAGGAGAGGCAAGCTTACCGCTAACTTA
CP176809.1_gap44	2258720	2259454	734	GGAATGTTTAATTTTTGCATAAAAGGCAAAAAATCTGATGTGTGGTACACGGCAAACTTTAATTCGTTTTGTGTTACTTCGCTACATTTTATGTTTTTAATGTCGCACATAATTAGTTATCCTAAAGAGGTTATAGTAAAATAAATTGCCCATGCAACAAATGCAATTATTGCTGCAAATAACCAAGAAGGTACGCTTTTGGGTGTTTCGCTTCCATTTATTAAAAATTGTTTTTGATTTCCTTTGCCATAAGCGTTAATCATTAGTGGTAAAACTCCATCAACTACGTCATTATCATTTAGCCCTTCTATGGTAATTGCTGGTCCGTTTCTAACTATAAAAGGGATAATTTTTATGCCTTCTTTTCCTGTTGGGTCTTTACTTACTATTTTTAGTTGGTGCAATCCATCGGGAAGTTTATGAGTATCTAATTCAAAATTTACTGGCGCTTCAAATTTGCCTATTGGTTGAATTTCATTATCAACAAATATAATCACTTTGCTTTTACTATCCATAATTATTCAAAATTTATAATGGTTCTTTTTATGTGATTAGTTTGGTTTTCTTTTGGTTTTATTAGGTATTTTAATGCAAAAAATAAGGTTATTAAAACGGTTATTACCATTGTCCAAACGATAACATAATCTAAATTACTTTCTGGACCTGCACCGTGAGTAATGCCCCGTAAAACTTTTGGTTGTTGTTTTTCGCACATTGGGCAGGCATAAGTTGTT
CP176809.1_gap45	2261060	2266002	4942	AACTTTACTCCAAGAACCTTTAAATGTCATTAAATAATTTATAGTTCCAGATGTTACTGGAATTAACATGCCAACACTTCCAATAATAGCAACAGTTTGTAACCACCACGGCAAAGAACTAAAAACAAAATGATGCGTGCCTATGGTGGTATAAAAAAGAATTTGTGACCAAAAAGCTAAAACGCCTAAACTATAGGAATAAATAGGTTTGTTTACTTGTTGGGGCAGTATATAATATAAAATACCTAGCATAGAAAACATAAACCACATTCCAACTGCTTGATGCATATAATATCCTTGCACAATAGTTTCTCCAATGCCATCTTGTCCCATCGGAATGTAGGAAAGAAATGCAACTATAAGTATAAATATATAAGAAGCAACGATAAACCAATTAGAAATATAAATTTCGTGAGTTGTTCTTTTTGCAATAGTTTTTATAAAATTAGTAACAGTTAGTAGCAAGCCATAAGCCCAAACAGCCATTATGGGCCAAATAATTTCTCGGTATTCGCCACCAGCATTATTTATTCCTGCCATAAGTGTAATTGCACCAACGAACATTGCCAAATTTACCGCAATTAGAGCCTTCCAGCCATTTTTTATATTGTTTAAAGGGGTATTACTTACCATAGGAACAATATAATATCCCAAACCCATAATTCCAATAGTAGACCATGCCCAAAACACTAAGTTGGTATGTACCGCACGTAGTCTTCCTATGCTTAGCCAACTATAAGTATCGGCATCAGGGGCAATAAATTTGATGCCAACATATTCTCCAATACTACTTCCTATTAGGAGCCAAAAAACTGCGGTTCCTAAAAACCATAATACTAATTTTGTTAATTCAGGATCTATTTTAGGACGTTTTATAGCTGGTCTTTTAGAAGCAAAAAAGCGATAATTAGTTTCTGAACTTATGTTTTTTAATAATCCCTTTGCATCATTAGCTTTTTTATTACCAGATAATTCATTTGAAGTTATACTATAGTTCAATTTTTTTCTAATTCTCTCTAGCTTTGCATTGGTTGGAATGTTGTCTGCTAACGAAATATAAGCAGCAAAATCTTCTGCTTCTTTTGTTTTTTGAAAATAAAAATAATCATTAAAACCCTTATACACTTTTGTAGCCAAATAAAGTAAAGCAAGAAATAAAGGTATAAATATTAGAACTAACGTAATTAGTACACCTGGTTGCGAAAAAATACCCTCTCTTTTTGCTGGAGCTGTTTGCGCAAATGTAAATTGTGGTGCTAATGAAATGAAACCTAAAATAAGGATAGAAATAATTTTATTTATTTGATTTCGCTTCTTTTTTAATACTTCAATTTGCCAAGAATTTAGATTTACTAAATATTTTTTAAATTTTTTATCATTGCCTAAACTTGTATCTTCTAGATTATCATTTGCTTTTGTAATTATTTTTAAGACTAAAAAAAGTACAAAGCCCACAATAATCATTACAAATATTGTTAAAATTTCTATAAAACCTATCGATTTATTAGGAAAAAAGCTAACTCCATTATCTGTTTGTGCAGATGCAATTAACGGATAAAAAAATGCCATTAGTCCCAGTAATGTAAACTTTTTTTGAGGTTTAGAAATGAGATTTTTGTTTTTGAGTTTCATAATTGACCTGTTTTTAAATGATTAGGCAAAATTGAAACAAAAAGACACATTACCAATGGCAATAAAAGGGTTATTGATGGTACTTTTTACTTTAAATAAAAAACACTGATAAATATCATTGTTTATAAAATTATCCCATCAGCCATTTCAATAATGCGATCACTAGCTTTGGCAAAATCATTATCGTGGGTTACGGCAAGAACAGTTTGGTCGAATTGGGTTGTAAGTTGCTTAAATAAATCGAAAACAATAGCTGCATTTTTACTATCTAAATTGCCTGTTGGCTCATCTCCCATAATAATTTTGGGATCATTTATTAAAGCTCTTGCAATGGCTACACGTTGTTGTTGTCCCCCTGAGAGTTTGTTAGCAGGTTTAAGTGCTTGGTCTTTTAAATCTAATTTTGTTAGAATCGAATAGGCTCTTTCTTCAATTTCTGGTTTAGAATATTTGCCTAGTTTTAATGCTGGTATCATGACATTTTTTAAACTCGAGAATTCAGGTAATAAATAATGAAACTGAAAAACAAAACCTATTTTCTCGTTGCGTATTGCGGCTAATTCTTCTTTTGTTTTGTGGGTTAAATTTTCGCTATCAAAAAAAATATTTCCTTCATAATCTGTGTCCATTGTAGAAAGAAGGTATAGTAAAGTTGATTTTCCTGAACCCGATTTTCCTACCATAGTTACAAATTGCCCTTATGTATATCGAATGAAATATTATTTAGAACCTTAAATTTTTCAGGTTCATAAAAATATTTACTTACATTTTTTGCTTGTAATAAAAGTTCTTTTTGTATCATTTTCTAAAAATTGTTATTGGATCTAATTTTGCTGCTTTTCTTGCAGGAATATAGCCCGATAAGGTTGTTATTAGTAATCCTAGACCAATTCCTGATGCGAAAAATGTTGGGAAAAACCGAATTGGAAAAAAGCCAATATCGCCACCAACCCACATATTACCCATTAATTTGACTAAAATTAAGGCTAAAATTAATCCAAATGCAATTCCTATTATTCCGATAATCATGGCTTCTTTTACAAAAATCTTAATCACATCTTTACCAGAAAAACCAATGGCTTTTAGAATTGCAATGTCATTTAATTTTTCGATAATAGTCATATTCAGAATATTATAAATACCAAATCCTGCCACTAGCATTATTGATAATGAAATTGCCATTGCCATCATTTTTCTAATTTTGTTGGATGCTGATGCTGATGCGTTTGCGGTTTCCCAATCTTCGACCTCGTAACCACTTAATTGTTTGAATTCGGGTAAAACTTTTTTAGCGGTTTCGAAATCTTTAATGTTTACAAATATATCTGTAATATAGTTTGCGCCTTGTTTGTTTAGTTGTTGTGCTGCCGAAATGTTTGTATAGGATAGGGTTTTGTCTGTATTGGAAACGCCTGTTCTTAATAATGCGACGACTTTCATTACTTTTGAAACGCCATAGGCTGTGGCTACCGAAATATTATCGTTTAATCGTACGTTGAGTTTTTGGGCTATGCTAACGCCAATGATGATTCCGCTTTGGTTTGATTTTAAGTCGGAGTATTTGCCTTCTACAATATAATTTTCGAGATGAAACATTGTGTTTTGCTCTTCGATATTTACACCAGATGTTCTGCCTATTACTTGTGCTTCGCCATTGTTATAAAAAACATTTGCCGAAACATTTGGTGTTACGCCAATTACTCCAGGTTGTTTTTTTAGTGTTTCGATGATTAAATTGGGATTGATTAGTCTCTTGTTTTCCTTTGTGATTTTTGGGTTGGCGAGTATTGCTAGATTGTTTGCTGAATCTGCTACTAGGGGTTGACTAATTTTTTCTTCTTTATAAATGCGTAAATGTGGTGTTGATTTGAATAAACTTTCGATCGAATACACTTCAAAGCCATGCATTAGCGAATTCATAAATATGAAAATGGCAATTCCTATTGTTACACCAAATGCGGCTACTAAGGTTTGTTTTTTTTTTGAAAATAAATGGGTGTAGGCTATTTGAGCATTAATGTTGTGGTTGTAGTTTTTAGCCATCTGGTTTTTTTGCGTTAAGGATTGTAGTGAAAATCCTTTTTGGCGATTTTTCTTCGCCAAAAAGATTGTAACGGAAAGCCTGACCCCGATTTTTCTTCGGGGTAACGCCCTAGTTTTTCTAATCTAATTCTTTTAGAATGGTTTGGTTTTCTTTTAGACCTTGTAAAATTTGTACGTAATTTGAGGAGATAATGCCTGTTTGTACATTTATTTGTTTTTTATTGGTGTTTAAAACTTTATTTCCATAGCCTAAATAGCTTCTTGGAATTACTAATGTGTTTTTGCATTGGCTCACTAGAATATTGGCTTCTAGTTGTGTTCCTGATATGGCAAAATCTATTGGTTTGGTAAAAATGGCTTTGACTATGAAGGATTGCGATTGCTCATCGAAGGTGGGTAGGATTTCTGAAACTTTGGCTTTGTATCTTTTAAGGGCATTTACATTTAGTTTGATAATGATTTCTTGGTTAAGTTTTATTTTTGCTATGTTGGTTTCGTCTATGTTCAGGTTGGCATAAATTTTTTTGTTATTGGCTAGTATTGCAATAATATCGCCTTTGCGCACATAATCGCCAACTTGCTTTTTTTGTTTGTAAATTTTGCCGTTTGCTAATGCTTTTACTTGGTTAAAATCCTGAATTGTTTGGCTGTTTTCGAGTTGTTGGTTTAGGATGATTACTTGCTCATTGGCTTGAATTAGGAGGTTTTGATATTGTTGGGCTAATGATAAAAGTGCTGCTTTTGATGTTTTTGTAGCAATAATTTTATTCTCGTATTCTAGTTTTGACGTGGCGTTGGCCTCTATAAGTCTTTTGTAGCGTGCTTCTTGTAGTTCGTCTTGTTGTAATTTTGCTTTGGCCACTTCAAGATTTGCTTTGGTTTGTAGTAATAGTGGTGCTTTGTAAGTGCTATTGTTTTGTGCGATTTTTAATAATTTTGAGCTGCTATTTGTGTTTGTTGCACTTTGAGGATTGTTTATTATAGCTAGTATTGTTCCTGTTTGTACTTCGTCGCCTTCATTAAAATTAATTTTGGTAATGTAACCTTCGGTTTGTGACATCAGGTTGTATTCCTTGTCTGCTTTTAGTGTTCCTGAGGCAAAAATCATTTCGGTAATGTTCTTGCGTTCTACTTTTGTTTGTTCTGTTTTTTTGCCACATGCAAATAGGGATAGAAGTGCGATTACAGGGCTTATTTTGTTTAATATTTTTGTGCTATTTTTGTTTCGGAAATATTTTTTTTCTTTCATTTTATAATTGTTAGTAAT
CP176809.1_gap46	2397184	2399134	1950	TGGCTGTTAGCCAAATCCTTACGAACCGTTAAGGAAGCATTTAAAAGTAAAATTCCTTGCTTTGCCCAAGACTCTAAATTACCAGAAGTTGGCGAAAAAACTAGATCATATTCAGCATTTATTTCAGCAAAAATATTCTTTAACGAAGGCGGAATTTTTACACCATCATTTACAGAAAAACACAAACCATTAGCTTCCCCAACCCCATGATAAGGATCCTGACCAATAATAACCACCTTCAAATTTGTAAAATCACAAAAATTAAAAGCATTAAAAATCAAATCCTTTGCAGGAAAACAAGAATAATTTTCATATTCTTGATCAATAGTTTTCATTAAATCTTCAAAATAAGGCTTCTCTTTTTCAATTTCAAAAAAACCCAACCAAGAATTAGCATTAATCATAGGTAACATTTATTATTATTGCACAAATATAATCAGTTTAATTCATTACTACTGCTAAACTTTGTAACTTTGGGGCTTTGCAACTTAGAACCTTTGCAGTTAAAAAAAATGATTTCAATTACCGAAAAAACCCTTCAAGATTTACAATTTTCTACTGTTTTAGAAACAGTTTCTAGCATTTGCAATACTGATATTGGTGCAGCAAAAGCCCTAGAAATAACACCTTTCAAAGACGAAGAAACAATGATGACAGCTTTGCATCAAACCTCAGAATATATAGCTTCTTTTCAAAATAACAATGCCATTCCTAATCATGGTTTTGACGCCATTACTTATGAAATAAAATTTCTAGGCATCGAGGATAGTTTCCTAGAAGTAGGAAGTTTTCGGAAAATTGCAACTTTATCTGAAAACACAAATGTTTTACTTCAATATTTCAAAAAATTTGAAGATTATTATCCTAATTTATATAAAAAATCAAGCCAAATTGAACTCACAAAATACATCATTAGTAGTATAGCCGATGTAGTCGATAAATATGGCGAAATAAAAGACAATGCTTCTCCCAATTTATTAGAAATTCGTAGGGATATGAACCTAGTTCGTGGCAAAGTAAATCAAAGTTTTGGCATGGCACTAACCCAATATAATAGTTTGGGTTATTTAGATGATATTAAGGAAAGCTTTGTTAATAACCGTAGGGTTTTAGCGGTCTTAGCTATGTATCGTCGCAAGGTAAAAGGAACCATTTTAGGAAGCTCTAAAACAGGAAGTTTAGCCTTTATAGAACCCGAAGCTACACTAAGATATTCCCGAGAATTAAGTAATTTAGAATATGAAGAAAAAGAAGAAATAACTAGAATTTTAAAACTATTAACTAATATAATTCGTCCGTATTTACCACTACTAATTCAGTATCAAGATTTTTTAAGTGACATCGATGTAATTGCTGCCAAAGCAAAATATGCCAACAGAATAAACGGAATTTTGCCAAAAATAACAAAAGAAAGAAGAATATATTTTCGTGATGCCTACCACCCTATTTTGTATTTAACAAATAAAGGGAAAAACGAAATTACACATCCGCAAACCATCGAATTTGATTCTAAAAACAGAATTATTGTAATTTCTGGACCTAATGCTGGAGGAAAAACTATTTCCTTAAAAACTGTAGGACTGCTACAATTAATGTTGCAATCTGGAATGCTAATTCCAGTGCACGAACGAAGCGAAACCTGCTTATTTGATCGAATTTTAACAGATATTGGCGACAACCAATCGATTGAAAATCATTTAAGTACTTACAGCTATCGATTAAAAAATATGAACTATTTTCTAAAAAAATGCAATGCAAAAACATTGTTTTTAATCGACGAATTTGGTACTGGTTCCGATCCTGATTTGGGTGGCGCTTTAGCAGAAATTTTCTTAGAAGAATTTTACCATCGTGAAGCTTTTGGAATTATTACAACACATTATACCAATCTTAAAATACTAGCTAATGAACTGCCATTTGCTACAAATGCCAACATGCTTTTTGACGAAA
CP176809.1_gap47	2482429	2483458	1029	GATACAAATAACGATCATCATTTTATTACCGAAAAACCAGCTTGGGATTTATTATACAAACTCATTAAAATTAACCCAATTAAAGCCCAAGATAATTTTAGAAAAACCTGTGGATTTGAAGGCGTTATTAGCAATGATAATTATTCCGATTTATTAGAAAAACGTCATAAATACTTAGGCAAAAATCTAAGTATTGGATACAAAGAAAACCTAAAAATTGTAAAAGGAGCACTTCAGTATTTATATGATGACAAAGGAAAAACATACATAGATTGTGTTAACAATCCATCACATGTAGGGCATTGCCATCCGGTGGTTGTGCGTAGCATGCAAAAACAAATTGCAACCCTTAACACGAACACAAGATACTTAAATAACACTATTTTAGAATATGCCGAAAAACTAACCGCTACATTACCTCCCCAATTGTGCGTTTGCTATTTTGTAAACTCAGGAAGTGAAGCAAATGATTTGGCAATACGCATGAGCCGCCATTTTACCAAACAAAAAGATATTATTGTACTAGACCATGCCTACCACGGAACCTCGACAGTAGCCATGGAAATGAGTCCCTATAAATTTGACAGCAAAGGCGGTTCTGGAAAAATGCCTTGGATACACAAGGCAACGAACCCAGATCTTTACAGAGGAGAGTTTAAATATGGAGATGAAAATGCAGGCCAAAAATATGCCGCCGATGTGCAACGAATTATAGAAAATCTAGATAAAGAAAATAAAGCTCCCGCAGTTTTTATTTGCGAAACACTATTGGGGGTTGGCGGTCAAATGCCATTACCTAAAAATTATTTAAAGACTGTTTATAATCAGGTACGAAAAGCAGGCGGTGTTTGTATAGCCGATGAAGTACAAGTAGGTTTCGGAAGAGTTGGCGATGCTTTTTGGGGTTTCGAACTTCAAGATGTTATTCCAGATATTGTAGTATTAGGAAAACCAATTGGTAACGGACACCCATTAGCAGCAGTAATTGTAACTAACGAAATTGCTGATGCTTTTAATAATGGATTGGAA
CP176809.1_gap48	2521622	2523354	1732	TACTTTCCAAAATGTAGCTTTTACCTATCCATCTCGAAAAGAAATTCAGGTTTTAAAAGATGTAAGTTTCAAAGCTAGTTTTGGTCAAAAAATAGCCATTGTTGGACCAAGTGGCGCAGGAAAATCAACAATTTCATCCTTATTACTACGTTTTTATGATATAGAAAGTGGAACAATTCTTATAGATGACAAAAATATTTATGATTACGATTTAGAAAATCTTCGTGGCAATATGAGTATTGTGCCGCAAGATGTGATTTTGTTTGGTGGAAGCATTAAAGAAAATATTGCTTACGGAAAACCCGATGCCACCGAAGAAGAAATTATCATTGCTGCCAAACAAGCCAATGCACTCAATTTTGTAAACGGATTTCCTGAAAAATTTGATACCATAGTTGGCGAACGAGGCATTAAACTATCTGGAGGACAACGCCAACGTATTGCTATTGCTCGTGCTTTACTAAAAAATCCTAGTATATTAATTCTAGATGAAGCCACTTCTTCTTTAGATAGCGAAAGCGAAAAACTAGTTCAAGAAGCACTAGAAACCCTGATGGAAGGACGCACCAGTATAATCATTGCCCACAGATTATCGACTATTAGGAATGCAGATGCCATTTTGGTTCTCGATAATGGTATCATTGCAGAACAAGGAACGCACAAAGAACTTATCGAAATTGAAAACGGAATTTATAAAAATTTAAGTAATTTACAATTTCGGGATTATTAAAATTTACCTTTTTAGGAAACAATAAATTTAAACTATAATCTTAATAACAACTATGTGCTTTTTTTTGAAGATGAAATGTTGTCTTTAACTCATTAAAAACAACATTTCATTTGCTATATTAATCCTCATTAGACCATAATATATAAAATACACTGGCTAGATTAAAAGCGTTTGATCTGTTTCTAATTTTAAAATTTGTTTTACTGACACCGAGTTTTTCGTTGTGTCAATCAGTGTGTCAAAAATCCTGTCTTGTTGGGTAAATAGCATAAATCAAAGTTGTAAAAAAATTAACAAAAAAGCACATAATACAAGGCTTCCCGAGTATTGTGTGCTTACATTGATTTGCTTATTTAAAGGCAATAGTGATCGCGCCAGGATTCGAACCTGGGACCTACTCATTAGAAGTGAGTTGCTCTATCCAGCTGAGCTACGCAACCATTAAAATTTATTCTCTAGACAACTAAAAATTGTCGGGGTGGCAGGATTCGAACCTGCGGCCTCCTGCTCCCAAAGCAGGCGCGATAACCGGGCTACGCTACACCCCGAGAGCTAAAAAAAAGCGGAGAGTAAGGGATTCGAACCCTTGGTACAGTTTCCCATACGCATGTTTAGCAAACATGTCCTTTCGGCCGCTCAGGCAACTCTCCTGTAAGGAAGTAATTCCCTTCTCTTAAGCGGTTGCAAATGTAAGACATCAAATGGATACTACCAACATTTTTTTCATTTATTTTTATTTTATTTTAAAAATAAATTCAAACTATTTAATAATCAATACCATACAACAAACACAAATAATTTATTAAAACATAAATAAGTCTTAAATTTAAAAAAAATCATTAAGAAGCGCAAAATCTTTTTAAATTTAGTAAATTCGCAACTGTAATTTAAGAACATTTCAAAAATGAAAAAAGTAGTTATAGTATCAGCAGTTCGTACTCCTATTGGAAGTTTTATGGGAGCGTTATCTAGCGTTCCTGCGCCACAATTAGGCGCAATTGC
CP176809.1_gap49	2524597	2528042	3445	TCAAAATTCATCATTTAAAATTTAAAATAATTTTAATGTTTGGAATTTGTAATTTAGCCAATATCCCTTTAAGAATAGAACCCAGCGACCGAAGCGAATTGGTTTCGCAAGTTTTGTTTGGCGAACATTTTAGTATTTTAGAAAAAACTCAGAAATGGTCTAAAATTCGTTTGAATTTTGATGATTATGAAGGTTGGGTAGATAATAAACAATTTACAACAATTACCGAAGAACAGTCTGAGCAATTATCTAAAGACAGTATTATTTTGAGCTCCGATTTGATAGAATATATCACTTGTTCAAAAAACTCATTAATTCCTATTCCTCTCGGATCGTCATTGTCTTTTTTAAATTATGAATCGATAAATAAAGATAATTTTTCGTTTGATGGTTTGAAAATAAATGGCATAAAACAAAAATCAAACCTAATAAATACCGCTTTTATGTATATGAATGCACCCTATTTGTGGGGAGGAAAAACACCTTTTGGCATTGATTGCTCTGGTTTTACACAAATGGTTTACAAACTAAATGGCTACAAGCTATTTCGAGATGCTTCGCAACAAGCAACTCAAGGGGAGGCCTTAAGTTTTATCGAGGAAAGCGAACCTGGAGATTTGGCTTTTTTTGACAATGAGGAAGGAAATATTATACATGTTGGCATTATTATGGACGATAATTACATCATTCATGCCAGCGGTAAAGTGCGTATTGATAGACTAGATCATTTAGGAATTTATAATGCAGATGCTAATAAACATACACATAAATTGAGAGTGATTAAAAAAATCATTTAACCTTTGCAAGTATATGGAAGGAATACCAACTAACAAAAAAATAATTATTTTTGATGGCATTTGCAATTTGTGTAATTCGTCTGTACAGTATATTATAAAACACGACAAAAAAGATGTGTTTAGATTTGTTCCTATACAATCTAAACTAGGACAAAACATCATAAATTATATAGGAATTTCTTCAAAAAATATAGACAGTGTTATTTTGTATAACCCAGGGAAAGCCTATTACTACAAATCGACTGCTGCATTAGAAATTGCAAAAAGTCTTGGTGGCTTTTTTACTTACGCTACCCTTTTTAGGATTATTCCTTCAGCAATAAGAGATATACTTTATGATTATATTGCTAAAAATCGTTACAAATGGTGTGGCAAAAACGAATCTTGTAGCATTCCTACACCCGAATTAAAATTGAAATTTTTAGAGTAAATGATATTTATCATAAAAGTATTCCTATTATCGTTTTACTTTTACCAAAACTTAAAAACTTAAAAAATTAAACAATGAAAAATTTAATATTACCATTATATTCATGGGGAAATGGCGCATTTATCATGATTATTGTGTTCGGACTTGTTATATTTGGTTTAATTGGGGCTGTTATGCTTATGATGAATACTGATAAAAAGAAAAAAGATAACGATTTATAATATAAACCGTTATCTTTTTTACTTAAAAGATGTAATTTATTCTTTTTCCCACTTCCCTACAACACTTGTAGCTAATGCGTTACCTAATACATTTGTTGCGCTACGAAACATATCACAAAAATGATCTATTGGTAATATTAAGGCAATACCTTCAATAGGAATGTCAAACATGCCACAAGTAGCTGCAACAACAACTAAACTTGCCCTTGGTACACCTGCAATACCTTTACTGGTAAGCATTAGAACGAATAACATGGTAAGTTGTGTGGGTATATCAAGATGTACGCCATAAGCTTGGGCAATAAAGATACTTGAAAATGTCATATACATCATACTACCATCTAGATTGAAGGAGTAACCTAGTGGCAACATGAAAGAAACAATTTTATCTTTTATACCAAAACGCTCTAATTCTTCTGTCAATTTTGGAAAAACAGCTTCAGAACTTGTAGTTCCAAAAGCAATAATTAATGGACTTACGATATGTTTTAGCAAAGTTTTCATTCTGTGTCCTAAAAAAACAAATCCAATTAGCAACAAAAAAATCCACAGAGTTGAGATTCCTACTAAAAATGATCCGAAGAATTTAGCATAGGTTAACAAAAGTTCGTTTAGATCTCGAATTGCAAAAACGCCCGCAATAGCACCAAAAACACCAATTGGAGCAAATTTCATGACATAGGTTACCATTTTTAGTACAATATGTGATGTTTTATCTAAAGCATTTACAACTGGTTTTGTAAAATCACCTAATGATGCGGCTGCTAATCCGAAGAAAATAGAGAAAATTACGATTTGTAATATCTCGTTATTCGCCATGGCTTCAACGATACTTTTCGGGATAATATGCTCTACAAAATTTTGGGCTGAGAAGCTTTGTGTTTTTTCGGTTACTTCGGTCGCTGCCGAAACATCTATATTAGAAAGTTCTAAACCTGCTCCTGGATGTAAAATATTTACCCAAAACATTCCTATTAATAGTGAAATAAAAGAAGCTGTAAAAAACCAGACCATTGCTTTTCCTCCTATTCTTCCTACAGATTTTATATCTCCTAATTTTGCAATTCCTACAACTAATGTGGTAAATACTAATGGCGAAATTATCATTTGTACCAAACGTATAAAGACTGTTGCTAACATTTTTATATAACCACTAAACTCTTTGGCTGCTGCTGCTGAATAATTATTGTGAATAAAAACACCTAGAATAGCACCTAAAATCATGGCTATTAGAATTTGAACTGTTAGGTTGCTGAAGAATGTTTTTTTTGTTTCGATTGTAGATTCTGTTGAATTCATAGATTATGGTTAAATGTTATTGTTGTTATTTTAGCTCAGATAGCTCCAGAAATTATCTTGCTTTAAAAAGCAAAAGATTATTTCAATTAACGTTTATTTTAATTACAGTTCAGTGAACTTCGCTTGGAACGAATAGCGAAAATAACTCTTAATGATTATTATAAATTTTATTTAAAAGAAAAAAATCAGCCATTACTATTGCTGCCATTGCCTCGACAATAGGAACTGCACGTGGTACTACGCAAGGATCATGACGCCCTTTACCTTGCTGCTCTATTATTTCATTTGTATTTGTGAGTACTTCTTGTTTTTGAATTAATGTGGCCACGGGTTTGAAAGCGATTCGAAAATAAATATCCATTCCGTTAGAAATTCCGCCTTGAATACCTCCTGATAAGTTAGTTCTCGTAGTTCCGTCTTGGTTATAAGGATCATTATGATTGCTTCCTTTCATCTTTGCCCCACAAAATCCGCTACCATATTCGAAACCTTTTACGGCATTTATAGAGAGCATTGCTTTTCCTAATTCGGCATGAAGCTTATCAAATACAGGTTCTCCTAAACCTATTGGTACGTTTTGTATAACACAAGTTATGGTTCCCCCTACTGTATCTCCTTGCTTTTTTATTTCTTTGATATAGTTTTCCATTTTCTCTGCCGAAGCCAAATCTGGACAGCGAACGGCATTGGTTTCTGTT
CP176809.1_gap50	2534872	2538358	3486	TAAATATTCTTTAAGCAAAATAAAAGTAAAATCGCTGTATTTGTATTCTTTTTTATCTAACAATTTACTACTAATAATTTTTTTAATTATAGTATCATTGTAATCATTTCTAATAAATAAATTTTCTGAAACTTGGTTTTTAAAATTCTCTGAATAAGTATTATTATAATACTTTTTTAGAGGAATTTTATTAGAATCTAATGTCGATTTATAAAAAGGAATCCAAGCTTGCAAACGGGCGTAATGTGATAATAAATCTTTAAATGAGATAGAATCTTTATTTGTGCCTCTTGCTTCTGGAATCATAGTACCCAATGTGGTAGCTAAATTTATTTTTTTTGCATCATATTCTAGCATTACATTAGGCAAGGTTGATACTATTTTTGTTAGCGATGCTACGTCATAAATATCTGAATTTTTAACTTTTGTTTCATTTTTATAGGTGTGATAACCAAACGATTTTTGGTAAACTACTTTTCCTTTTTTGGCGACCAGAATTTGTGCGCCTGGTGTCATTTTTCCGTCGATGGCTTTTTTTGCAATGGCATCAATTTTAGATAATATTTCAGAATTCATACCCACATTTTCTGGTGTTGTAAATCCTAATCTGTTTGTCATTTTTGTAGTTAATCCATCTCCTTGATTAAAAAAATTGGCAATTGAAACTGGAATTTTGCCTTTTGCTTCGATAGATCCAAAAATTAATTCGGCCGAAACTTCTTGTGCAATATCGCCATTTTGATAGGTTAAAATTAAACCTTTTATATTATCAAAATTCTTAATTTGTAACAAAGTATAAGGTTTTGCAAATATATCGAGAATTACAGTATTGTTTTGTGCTATTTTTTGAATCCAAAGTAATTCTTTTTCGGTAAATTCATGTTTTTTCCAAGCTTTATCAGATTTATGAAAACCTATAATAACGGTAGTATATTGCTTCAAATCCTGATTTAAACTATCAATATTTTCATTAAAAACTTCTGTAACTTCGGCATATTTATTTAAAGTTGATAAGAAAACGTTTCCTGAATCGTCTCCTAATTTTACATAAGCAATTTTGCTTTTAGCCAAATCATTTATGGGCAAAATCGAATCTTTATTTTTTAAAAGTGTAATCGCATTTTCATACAATTTATACTGTAATGAATTGGTAATTGGTTTGTTTAAATCTTTATACAAAGTACTGGTTTCTATAGGCTTGTATTTATCTAAACCTGCTTTATGTTTGTATTTTAATATTTTTTTTACCGAAAATTCTATTCTATCATCTGTAATTAATGTGTCTTTGTAAGCTTGTGTAAATTTCTGAATCGCCGTAGGAACATCTTCTGGGAAAAGCAAAATATCGTTTCCAGCAAGGAAAGCCTCTAGGTCTATTTCGCCTGGTTTTTTAAAATTACTAGCTCCTTTCATGTTTAGTGCATCGGTAAAAATTAAACCTTTAAAACCCAAATGTTTTTTTAAGATATTGGTAACAATATTATAGGATATTGATGATGGATAATTGGCCCTAGTTTCTAAACTTGGTACGTTAAGGTGTGCCACCATTACCGATGCCAATCCTAAATTAAACATTTTTTTGTACGGATAAAATTCTACATCTTCTAATCGTTCTTTAGAAAAATTAATTATTGGCAAACTATGATGAGAATCTGTTTCAGAATCACCATGTCCTGGAAAATGCTTTCCTGTTGAAAAAACACCTTGATTTTGAAAACCTTTCATTAATGCAACGGCTCTTTTAGTTACTTCTTCTTTGTTTTCGCCAAAAGAACGATTGCCTATAATTGGATTGTTCGGATTTGTATTAATGTCTATTACTGGTGCAAAATTAAACTGAATTCCCATTCGCTTGGTTTCTTTGCCCATTTGCTCACCTAATTCTTCAATTAGTTTCATGTCCTGAATGGCACCAAGTGTCATATTCCAAGGATAGCGATAGGTAGAATCTAGTCGCATGCTTAATCCCCATTCGGCATCGTTCCCTATAAATAAAGGAGTTTTAGATACTGCCTGAAAACGGTTGGTTAGTTTTGCTTGACGAACTGGACCTCCTTGAAAGAATATTAGACCCCCAATTTTATAATTTTTTATTAATTTGTCTAACGAGTTAAAATGAATAGAATCTTTGTTAGAGTAGGCTGCAACCATAAATAATTGTCCTAACTTTTCTTGAAAAGTCATGGTGTTGTATATGCTATCTACCCATTTTTTTTCTGAATGATTGTCTTCAAAAAGGTTAAATCCAACTTTCGAAGGATCGATAAATTTTTCAGTTTTAGATTTTGCTTCATTGTTATCGACAGCAATATTTTCGATACCCCTATTTTTATTTACAGAACAATTGACCATAAATAAAGTAAGTATAGAAAACAATAGAAATTTAAAAACTGAATTTTTCATTATAATATTTTATGATTATCCGCTTTACGGACTATGCGTATTTTACTGCAGATTGCTTTGCCTATTGGCTGTTTCTCGGGTCGCAGATTTTAAAAAAATCTAAATTTATTTAAATAATCTTTTAAAATCTTCGAATATCTGGTAAAAAAAATTAAAAGAAACGACTATGCCAGCTATCTTCTGCGGCAACTTCCCAAGATTCGTTAAATTCTTCGATCGAATTTACTAGGTTATTAAAAACAATAGTAGATCCTGTAACGGCTTTATCTTTGGCCATTTTTTTGAATTCGATTAATGTTTTATGAGCTACAAACTCTCCGTTTTTGAAAGTTACGTTCATTTTGTCTAACAAATCGACTTTGTATTTTTGTTCTAGTTCTTGAATAAACTGAACAGATTTATCGATAGAACAACCTGTTGCAGGTTGCACTTCTGGATTTACTGCAAAAATAATAAATCGATTGTATTTTAGTAAATAGGAGGCTTCAAGACTTGCACCGTGAGCAGACCAATTTTGTATAAATGCTTCTGCTGCAATCTGAATTTCGGTAAATTCCTCATCGGTAAATTTACGGTTGGATTGGTAAATCCAAATTTTAGATTCTAATGGTAGATTTTCGAACGGTATGTACATTTTTTTTTATTGTTAATTGACAATTATCAATTGATAATTATCGCTTAATCCTACAATATACAGCTTTTTTAGATTTCATTATTTTGGCTTTACCAAGAGTTGGGCATTAGGTTGCAAACGAAGTGCACTAAACTCGGATAAAAACAAAAGTATTGTGAGGTAATCTTTTTGAGGCAGAAAAAGTCTCGAAAAGGATGTTTTCTTCAATCTCTAACGCAAAATACTGTAATTAATAGAATTAAGCCGTTGTTATTAAAGGTCTTGGGCGTTTGCTATTAGTTCGGCGATATCCATCACTTTTACATCGGCTTCTCCTTCTTTATTTTTAACACCATCTGTTAGCATGGTGTTGCAAAATGGGCAACCTGCGGCTATGATTTCTGGTTTGGTTTCTAGAGCGTCTTCGGTTCTTTCTATATTAATTTCTTTGTTTCCTGGTTCGGCATCTT
CP176809.1_gap51	2547542	2552396	4854	TCAGAATAAACCTTGTCTTCTTCTTCAATAGCTACGTCTCCAAATTTCATAGCATATTTTTTGTAGTCTGCTAAATCATTATCGGTAATTACTTCTTTTGTATATATTTTTTTTAATGCTTTCATTTCATCCTTTTGCGCAAATGTTGCTAAAGAGAAAAATAACAATCCTGTAATGATTTTAGATTTTGTATTCATTTTTTGTACCAATTATTTTATTTATTTATGGGGTTTAAAATAGGATTTTTAATATCTATTAAAAATCCTATTTTATATATTATTATGCTTCGTCGTCAGAATCATCTTCCTCTTCTTCCGAATCGTCGTCGTCTGAATCCTCATCATCGTCATCATCGTCTGCTGTTCCGTCATCTTCAAGAACTTCTAATACTGGTTTTACTCTTTCGATGACTGATTCTATAACGTTTCCGTCTTCATCAAGTAGGATTTCTTCTACATCGTCTTTCATTACTTTTGTAACGGCTGCGATAGAGTCTTTTCCTTTTAGATTAATTAGTTTTACGCCTTGTGTTGCACGTCCCATTACACGTAAGTCTTCTACAGCCATTCTTATGGTTAATCCAGATTTATTAATAATCATTAAATCATCGGCATCGGTAACTGTATTAATGGAGATTAGTTGTCCTGTTTTTTCGGTAATATTTAAAGTTTTTACCCCTTTTCCACCACGGTTTGTAATTCTGTATTCATCGAGACTAGATCGTTTTCCGTATCCGTTTTCGGCCACTACGAGAATTTCGCTATTCATGTCGTTTACAGACACCAATCCGATTACTTCATCAGATTCATCTTTAAGCCTAATTCCACGTACTCCAGAAGCTGTTCTTCCCATAGGACGGGTTTTAGTTTCTTCAAAACGGAGTAATTTTCCTGATTTAACCGCTATGATTATTTGACTATTTCCGTCTGTTAATTGGGCTGATAATAATTCATCTCCTTCTTTGATAGTAATAGCTGCAACACCATTTACACGTGGTTTAGAATATTTATCTAAAGATGTTTTCTTAACCATTCCTTTTTTGGTCACCATAATCAAATTATGGCTAGTCGTATAGTCTTTATCTTTAAGATCTTGAGTACATATAAATGCTTTTACTTTGTCATCACTTTCTATATTAATCAAGTTTTGTAAAGCACGTCCTTTTGCTGTTTTACTGCCTTCAGGAATTTCGTAAACACGCATCCAATAGCATTTTCCTTTTTGAGTAAAGAACATCATATATTGGTGGTTTGTAGCCACATACATGTGTTCTAAGAAATCGGCATCACGAGTTCCTGCAGATTTTTGACCTACGCCTCCTCTGTTTTGCGTTTTGTATTCATTAAGGTTTGTACGTTTGATATAACCTGCATGAGAAATGGTAATAACTACATTTTCGTCGGCAATTAAATCTTCAATACTTACATCGCCACCAGAATATTCAATTTGAGAACGACGCTCGTCACCGTATTTGGCACGCATATCTTCTAATTCTTCTTTTATTAATGCGGTTCTTAGGTTTACATCGGCAAGCAAAGCTTTCAAATGCTCGATCAATTTCATTAACTCTTCATACTCGGCTCTTAACTTGTCTTGTTCTAGACCTGTAAGCTGACGCAAACGCATTTCTACGATAGCACGTGACTGAATATCAGATAGTTTAAATCTTTCGATTAATTTTTCTTTAGCTTCATCTGTGTTTTTAGAACTACGAATTAAAGCAATTACTTCATCAATATTGTCTGATGCAATGATTAGTCCTTCTAATATATGTGCTCTTTCTTCTGCTTTTCTTAAATCGAATTTTGTTCTACGAACTACTACATCATGACGGTGTTCTACAAAATAATGAATTAAATCTTTCAGATTTAACATTTGCGGACGACCTTTTACTAATGCAATATTATTTACAGAAAAGGAAGATTGTAATTGCGTATATTTATATAATGTGTTTAATACTACGTTTGGTGTTGCATCACGTTTTAAGATATATACGATACGCATACCGTTTCTATCGGATTCGTCACGAATATTGGATATTCCTTCTATTTTTTTCTCATTAACTAAATCGGCAGTACGTTTAATCATGTCGGCTTTATTCACTTGGTAAGGAATCTCGCTCACGATAATGCATTCACGACCATCTACTTCTTCAAAACCAACTTTTGCACGCATTACAATACGACCACGACCTGTTTTAAATGCTTCACGCACCCCTTCGTATCCGTATATGATACCGCCAGTAGGAAAATCTGGTGCTTTAATATGTTGCATTAACTCATCAATCTCGATATCGTTGTTTTCAAGATAAGCTAACGTACCGTTAATAACTTCTGTTAAATTGTGTGGTGGCATATTTGTTGCCATACCCACTGCAATTCCTGTGGCTCCGTTTATTAATAAAGTAGGAACTTTAGTAGGCATTACTTTTGGCTCGTATAAAGTATCATCAAAATTTAACTGAAAATCGACCGTTTCTTTTTCGATATCGGCCATAATTTCTTCCGAAATTTTACGCATTCTAGCTTCTGTATAACGCATGGCTGCTGGACTATCTCCATCTACAGATCCAAAATTACCTTGACCATCTACTAATAAATAACGCAAAGACCATTCTTGGGCCATACGAACCATGGCATCATATACTGATATATCTCCGTGTGGGTGATATTTACCCAATACTTCTCCTACAATTCTAGCAGATTTCTTGTGGGCAGATTTTGAAGTTATTCCTAAATCATACATACCATACAAAACCCTTCTGTGAACTGGTTTTAAACCATCTCTTACATCAGGTAAGGCACGCGATACAATAACTGACATCGAATAATCGATGTAAGCTGTTTTCATTTCGTCTTCAATGTTAATTGGAATTAACTTTTCTCCTGTCGACATACTCTATTTATGTTTAATTATATAATTTTAAAAATCCTGCTAATATAAGCTTTCTCGATTATTTTTTACACACAAATGAGTATAATTTTCTTATTTTTATTAACAATATTAAAGACCAATTTGGTTAATAAATAATATTGCTTTTAATACTTATTTCTAAATATTTTTTCGTCAATTAGCTGTCAGTACATTTGGTGCGGAATGATTTTTGCATTTCTATTGATAAATCACTAAATTTACATTAACAAGATATAATTATGGATGATAATTTTTCACCAAGAGTCAAAGATGTAATTACTTATAGCAAAGAAGAAGCCTTACGTTTGGGTCACGATTTTATTGGTACCGAACATTTAATGCTTGGTATGCTACGTGACGGAAATGGTACAGCAATTTCTATATTAAACAATCTTTCTATCGATTTAAATCATTTGCGTAGAAAAGTAGAAACACTAAGCCCTGCAAATCCTAACGTAATTGTAAGCAACAATAAGAAAAATTTGCACCTTACAAGACAAGCCGAAAGGGCTCTAAAAACTACTTTTCTAGAAGCTAAGGTTTTTCAAGCTACATCAATAAGTACTGCACATTTGCTGTTATGTATTTTGCGTAACGAGAATGACCCAACTACTAAATTGCTTAATAAATTACAAATTGACTACGATGTAGCCAAAGAACAATATTTGAATATGACACCAACAAATAACGAAGAAGATTTTCAAGATAATTTTCCTAAAAACGAATCTTCCTACGGAGATGATTCAGGACAAGATGACAGTATAAAAGCAGATAATTTCAGTAATCCTGCCAACAAATCGAATAAAAAATCGAAAACACCCGTTTTAGACAATTTCGGTAGAGATTTAACCGAAATGGCCGAAGAAGGAAAACTAGATCCTGTTGTGGGTCGTGAAAAAGAAATAGAACGTGTTTCTCAAATTTTAAGCCGAAGAAAAAAGAATAACCCTTTACTTATAGGGGAACCTGGTGTGGGAAAATCTGCTATTGCCGAAGGTTTAGCTTTGCGCATTATACAAAAAAAAGTTTCTAGAATATTATTCGGAAAACGTGTTGTAACCCTAGATTTAGCCAGCCTTGTAGCCGGCACAAAATACCGAGGACAATTTGAAGAGCGCATGAAAGCCGTAATGAACGAACTCGAAAAAAACAATGACATTATCCTTTTTATCGATGAAATTCATACCATAGTTGGCGCTGGCGGTGCCACTGGCTCGTTAGATGCTTCTAATATGTTTAAACCCGCTTTGGCTCGTGGCGAAATTCAATGTATTGGAGCTACAACACTCGACGAATACCGTCAATATATAGAAAAAGATGGCGCTTTAGAAAGACGCTTTCAGAAAGTAATTGTCGAACCAACTTCGGTTGAAGAAACCATTACCATCTTACATAATATTAAAGATAAATATGAAGACCATCATAATGTAACTTACACCGATGAAGCCATCGAAGCTTGTGTAAAACTAACAGATCGTTATATGTCTGAGCGATTTTTACCAGACAAAGCGATTGATGCGTTAGACGAAGCTGGTTCTCGTGTGCACATCACAAACATTGATGTTCCTAAAAAAATTCTAGAATTAGAACGCCAATTAGAAGAAGTTCGTGAACTAAAAAATTCAGTTGTAAAAAGACAAAAATATGAAGAAGCAGCCAAGCTTCGTGATGATGAGAAAAAGCTAGAAAAAGACCTAGCCATTGCTCAGGAAGAATGGGATGATGATGCTAAAAATAACAAAATTATAGTATCCGAAGATAATGTTGCCGATGTGGTTTCTATGATGACAGGAATTCCTGTAAATCGTATTGCACAAACCGAAAGCAATAAACTAGCCCATTTACCAGAACTTATTCAAAATAAAGTAATCGGACAAAACGAAGCAGTACTAAAAATTGCTCGTGCAATACAACGAAATCGTGCTGGATTGAAAGATCCAA
CP176809.1_gap52	2598998	2599711	713	AATTCCAGAGGGTTTAAAGAATAAATTAAAAACTGTTTTACATGGAGTAAAAAATGATTTTCTCCCAGTTCCATCATTATTTATAATAAGCGATAAAAATGAAATCGAGTTTGAATATATAAGTCCAGATTACAAAACTAGAATTTCTAACGAACTATTACTAGCTGTTGCTACTGCACTAAAAAAATAATTTATGACTTTTATCATTATAAGAGATACTTTAGAAAAATTAAAGGACTTAATAAACCAATTATCTAACGAAGATTTTGTCTTGCCAATCTTATATTTAGGCAATTCTTCTATTGGCGAACATTCTAGACATATTATCGAGATGTTTCAATGTTTGCTAAATTCGTACAAATCTGGTTTGTTAAATTATGATGACCGACAAAGAAATAATTTAATTCAAACAGATACTAATTTTGCCATTCAAACGATAGAAAACATTATCAATTCTATCGAAAGAGAGAACAAAAATATAGCTTTAAATCAGATGCTTTATGAAAATCAGGTGTCTATACAAACCAATTATTTCAGAGAATTATTGTACAATTTAGAGCATTGCATACACCATCAAGCACTTATAAAAGTAGCGGTTTTTCAATTAGAAAACATAAAAGTTACAGAAAATTTCGGGATTGCACCATCAACTATCGAATATAAAAAACAATGTGCACAGTAAGTTTTATAAATAGTAACGGCAAATATATCTT
CP176809.1_gap53	2633219	2634965	1746	TTGCCTTCAATATTCAGATCGCTTCCGCTTGTGGCTTCTAGTATAATTTTCTCGGCTTCAACATTTGCAATTATATTGCTTGCACTACTGGTTTTTAAATAAATAATATTGCCTTTTATATTATTTTTTGTAACTAATATTGAGGCGCTTGTGGCTTCTAAACCTAAAATAATTGGTATTTGAACTTTTATTTTTTTAGCTTTTACGTTATTAAAATTACTGTATTTTGATGATATTTGCAATACCCCATTTGTCACTGTTGTAATGATGCCGGCTTGTAAATTATCGTCGGCTTCAATTACAACTTTTTGAATATCTCCTTGTGTTACTTCGCAGTCTAAACCTTGACTTACTTCAATTTTTGTAAAAGGGGCCAAGCTTCTTTCTCTTGTAATAACATGACCGCTTCCTGTTATTTTATTTCCTAATTTTATATCATATTTGCAAGAAGAAAAGAGTATTGCAATTAGCAGTCCAACAACAAATTTGGTTAGTAGTGTGATGATTTTTATCATGATTACTTAGTTTTTATAATGATTCCGTCTTTATTTATTTTTAATTCTTTAAAATCTTTAGCACTAGATATTGTAGTGTCATTTTTAATAGAAATCCCGTCTTCATTGATGGTTACATTTGGCGTGCGAATGTTTGTATCATCATCTTGTTCATAATCTGATTCTTCGTTTTCGTTAGCAGGACAGTTCGTGCATTTTACTTTATTGTCTTCTACTTTATATACATCATTTTTAGATTCTGGATTCCAAGAAAAATAATCACCATTTGTTTCTTCATAACGTCTTAATGAACTATCTGGTTTTAAGTAAGTTCCTTTAGGAAGGTATAAAAACAATGCTACACGCTGGTCTCTAAACCTGTTTTTAACGTTGTGCAACAAATAATTATCTAAAATTAATTTATTTCCTTCAATTTTTAAATTGTAGATTATTTTTTCGGCTCTTTTCTGAGCTTCATCTGGCGTTTTTCCGTTGGCTAGTTTTTCGATTTGTAAGTAGGGTAATTTCTCATCGGTTGGCATAATTTCGATAGATACATTGTTAGAATATACTATTTCTTTACCATGCTCGTCTTGCATTAATCTAAAATCATCATGATTATCTATATCTTTAGAATAAAAATCATTGTTTTTAAATTTTACAAAAAGAGTATCGGTTGGACTAATATTAATACTTTGTTTTTGAACCACTTTGCCATCAAAAGCAAGTTGTGTAGCTTCTTTTATTCCTAGGACAATAAGAATTGCAAGAGCGATTATCCAAAGGGAAAGCAAACTATACTTAGCGATACTTCCTATCGATTTTAAGTTTGTGACAAGTAATTTTAATCCTAATATTAATAAGAAAAAGAAAGGAATTCCGAAAACTAATAGAAATAATATTCCCTGAATCCATAACGGGATTTCCAGACCAATAGGAGTTGATATGTAATTGAGTGCAAAACTATCAGGCATTGTCGAGGAAAAAAGCATCACTATACTTGCAACAAAAAAACCAAGTAATGATATTGATGCAACCATTACGATAAAAGCGCCTAAAAATTTTGCAAAAATACCCAAAATACTGATAATAACATCGCCTAAATTACTTCCTACTCTAGACGAATTAGATTTCATTTTGTCGCTAAAATCATTACTAAAAATTTTCACTTTTTCAGAAACCGTATCCATACCGTCTTTAAAATTCACATCGGCATTTTTAAACTTTTCAGATAAGTTTTCAAACTCTTCCT
CP176809.1_gap54	2647582	2651818	4236	ATTTAATATGCTCATTAAAATCGGAATCGGCTATTATTTTTTGCAACCATCGTGATGCTGCCGAAAGAATTAGCGATACACTAAACGAAAAAGGAATTTATGCCACATATTATCATGGCGGAATGGATCAGGACGAACGTGAACGAGCCTTAATCCAGTTTAGAAACGGAAGTGTAAGTTATTTAATTACTACCGATTTAGCCGCTCGTGGATTGGATATTCCAGAAATGAAACACGTAATTCATTATCATTTGCCCTCTAAAGAAGACGAATTTACACACCGAAACGGTCGAACCGCTAGAATGTTAGCAACTGGAACAGCTTATCTTGTTATTCACGAAAGTGAAAAAAAACTAGAATATATAGATTATAAAATGCCAGTTTTAGAGGTAGAAAATTCGACTTCATTACCCAAAGCACCAGAATTTCAGACGATTTATATTTCTGGCGGAAAGAAAACAAAACTGAATAAAATAGACATTGTAGGTTTCTTTTCTCAAAAAGGAAAACTCGAAAAAGGTGATTTAGGATTAATCGAAGTGAAAGATTTTATTTCGTTTGCCGCCGTAAAATCTAAAAAAGTAAAAGATTTGCTAAACAATATTCGTGACGAAAAAATGAAAGGCAAAAAGTTTAAAATTGAAGTAGCGAGGAAGGTACTTAAAAAAGAAGAGGATTAGATAGCAGATTTTAGATTAAGAATGTTTTTTATCTAGATCTGCAAACTGCTATCTAATTCGAAGCATGTTCATAAGCACCAATATCTGAAGTAGGAAAAGTTCTAGAATTACCATCGGCATCTAAAGTTATATAATACGGAGCATTTGAATTTGCTCTTCCTTTTGCAGCAGATGCCAACCCAATTCGTAAATTATTTTTAGCCACATTTTTAAATTTAGGATCAAAAGTTGTTGTGCTATTACTCCTCAAATTGTTATTAGACGGCGCAAATAGATTTGTATATAAAGGGTTGTCACTAAACTGATTGTTAGTATCATTAAACTTAATCAAACAATTTGTTATATTGGTCATGAAGTTTAAACCAGGAGTATCTACTTTATTTATTCCCATTTCTATATTATTTGGACCATAAATAATACAATTTGTAAAATTAGCCTGCAATTGAAGAGAAACGCTAACAATTTTTCCGTTTTCTGTGTAAGCATTGTCTAAATAAACCGTAGGACTTTGCCTAGAAGTACCTTGCCAATAATCAGCAAAAGTACAATGTACAAAATTATAAGTTCCTCCTAATATGCAAGCAAGACTAGATTTTCCTGCATTATTTATTACAATATTATCCCCATTTATTTTTCCTTTTCTAGCTATAATACCATAATTAGAGCTGTTATAAATTTGTGTGTTCGATATTTGAACTGCTGTGGCATCTTGCCTATCTATAAAAATTCCTACGGTCGAATTTTTTATAGTAACGTGATTAAACACATTGTTCGTACTACCTTCAGCAAGATAAATAATTCCCCATTGCCCTGGTGTTTCAGCAAAAGAAGGCTCTAGCCTATCCCCTTCAAAAATAACTTCATTAACTAGTGGCGTTGCTGTAGGCGAAGGCAAACCGTTTACCTGAATACTGCCACCTCTTTTTACAAAAATTCCTGATTTGTCATGAAAATGTATGCGAGCACCTTTGTCTATAATTAATTTTTTGCCTGAATCTACTCCAGCATAACCGTATATTACATAAGGTTTTGCTTTGGTAAAATGCAATTTAGTTCCAGTTAATTCGAACCCATAAGTATAACTATTAGGATCGTTATTATCTAATTGCAATTGCTCGTTTATAGTCCTGTCAGGAAACAAAAAAACAGCATCTTGTATGAGTGTAACTAAATTTACTTTTTGTTGTAAAGCCCCCGCATCAAACAAAATTTCGTCGGTATAAAGCATATCTGCGGGATTTGCAGCAGCTATATCGACCGTGGTTTCTATAAAAACAAATAAACTATCGTGGGCCAAAAGTTGAACATTCGGGAATATTTTTCCGTTTGTTCCCCTCATACCATCAACCATCAGTCTATATTTAGAGGCATTTCCTTTTCCTAAAGCAATACTCGGAATGGTAATATCATTGTTACTCCTGTTATAAACTTTTAGCATATAAGTACTTGACCCAATATTTGCAAAAACAGTATCTAAATATACGGTAGTTTTAGAAAACTCTAATTTTCCTGAACTGGGAACAGTCTCAAAATCCTTTCGGCATGAAGTGATACAAATAACTAAAGCAAGTATAAATAGGATCGAATAACGCATTGGTAATTTAATTTTTTATAAAAATAGTAAAAATGTACTAACGAACGAAAATGTTTTTTATTTCACCGAAGATTTTCGTGAATTATTTTAAAAAAAAACTAATTTTAGTATAGTTTATAAATTAGTGCAATTAAATGCTCTTTTTTATTCTCTAAATCTGCAAATCTTGGCTAAAATATTTTAGTACGAATACCAACATCCCTAATAAATAATCTTATTTTTTTTGTAAATTTGAAACACAAAAACAAACATTATGACTTTCGACAAAGATAAAATACTCGCCATGTGCAACACCATGTGCAAAAATACATTGATGGAAACCCTTAAAATTGAATTTACAAATGCTGGAGAAGATTTCCTAGTAGCCACAATGCCTGTAAATTCTGGCGTTCATCAACCCATGGGATTATTACATGGCGGCGCTAGTGTTGCCCTTGCAGAAAGTGTAGGAAGTGCCGCATCGATGCTATTTGTAAATCCCGAATTAAGCGAAATAAGAGGCATCGAAATATCAGCCAATCATCTTAGAGCAAAAAGAGAAGGAATAGTTACAGGAACAGCAAGAATAGTACACAAAGGAAGAAGTATTCATCTTTGGGAAATAAAAATTACCGATGAAAATGATAAATTAATTTCTCTTTGCAAATTGACGAATATGGTTTTACCAAAGCGAAAAATTTAAAACCATAATGAATATTATTTTTAATAAAGGAAAAGATTTTCTCAGCAAAAAAATACCTTTTGTTATATATTGCAAACCCAATTCTAATAAATTAGTTGGTGTTTTTCAAAAAAATGACAATCTATTTGAAATAGAAAATTTTGAAGAAATAGGCTTTGCTTTTGTTTCTTTTGATGGAAAAAAAAAATATTTAATACCAAAAAACGAATCAGATATTTATATAGAAACAATAACCAAAATAGATCATTGTACTGAAAATAAAATTAATATAAATATTGATGCCAATGCAAAAATAACTTTCGAAAATTTAGTTAAAAAAGGAATAAATGCAATACAAAACAAGCAATTTGACAAAGTAGTATTATCCAGAAAAGAAACATTAAAAATTAATGTTTTTGATTTCCAAAACGTATTTAATAAGTTTCTTTTTAATTACCAAAACACATTCAAATATTGCTTTTACCACCCCAAAATTGGCTTTTGGATGGGTGCCACACCAGAACAATTTTTGCAATCGTATCAAAACACAATTAAAACAGTTTCTTTTGCAGGAACGCAACCTTATTGCGAAAAAGAAAAATATATTTGGGAAGAAAAAGAAAAACAAGAACAACAGTTTGTAACCGATTTTATTTTAGATAATCTAAAAAAACATAGCACTCAAATTTTATTTTCAGAACCATATACATTTAGAGCCGGAAGTGTTGTACATCTTAAAACAGATATTGAAGCAATAATTAATACCCAAAATAACTTTAGCAATATTATTAAAAATCTACACCCAACGCCAGCCGTTTGTGGCTTACCTAAAGACCGAGCCATGCAATTTATAATAAACAATGAAGCCTATGACAGGACTTATTACACCGGTTTTCTTGGCGAATTAAATATTGATTTTGAAACTCTTAAAAACAAAAAATCCGATTTATTTGTTAATTTAAGATGTATGAATATCGAAGATAATCTTGCAAATATATACATTGGTTGTGGCATTACAAAAGATAGTATTGCCGAAAACGAATTTACAGAAACAGTAAACAAATCGAAAACAATGACAAAAGTTTTATAAAAAAAAAAGCATAACAATTTCAGTAGAAGTCGAAATTATTATGCCTTTTTTAAAATCTAAATAATCAAGAATTATTTTTTTCCGAACAAACTATTAATATCTGCTTTAGTCATCGAATCTGAAATTCCAGTAGCCGTAGTTACTTTATTTTTACTCATAAACTGCATAGTAACCAGTTTTTGTAAGCTTTTTGTGTAGTGCAACCAAATAA
CP176809.1_gap55	2711079	2715203	4124	CCAATGTGCTCTTTTTACATGAAACTACCACTGTTAATGCCAATATAATAACGAATAACTGTTGGGTTTTCATATACTATTTATTTGAAATTTTATTAATAATATCGATATAACTTTGTTTTGCTTCTTCGACAGAAATATGACTTATTTGCAACCATGCATTATTCTTAAAAGCATCTCTAACATCTAAATTTGAGTAATTTACACTTCCTAAAGAACCAAAAGTTGCTTGCTTATAATAAGCATAACATCGCAACTGCACGTCTTGTGGCAATGAAGATTGTGCAATGGTTTGTGCAAGATGTATGGCTTCTTGAAATTGTGTTTCTAAATCTTTTTCAAACATTTAACCTAAAGCTATAATTGTTTTGTTTCCTATGGCTACTTCGTTTAGCTTTACATTTACTTTTGTTCCTAAAGGTAAAAATAAATCTACTCGTGAACCAAATTTTATAAATCCAGCATCTGTTCCCTGAATTACTTGCGTGCCTTCTTCTGCATAATTTACAATTCGTTTTGCAAGAGCTCCTGCAATTTGTCTGTATAGTATTTCGCCAAAGACTTTATTTTCGACAACTACTGTTGTACGCTCGTTTTCGGTACTTGCTTTAGGATGCCATGCCACTAGAAATTTTCCTGGGTGGTATTTGCTGTATTTTACGAATCCAGAAACTGCATATCGTGTAACATGCACGTTTATAGGTGACATAAATATAGAAACTTGCAAACGTTTGTCTTTGAAATATTCTGGCTCGAAAACTTCTTCTATAACGACTACCTTACCATCTACGGGTGCTACAATCTGACTGTCATTTGCAACAATATTACGGTTTGGATTTCTGAAAAATTGTAAAATGATAATATAAAATAACAACGCTACCAGCTGAACTGTAATCTTAAGCCAACTTAAATTGATGAACTCTCCTGCTAATACAATACTTGTAACAAATAAAAATGTTGCTACTAAAATAATTTTCGAACCTTCCTTATGAAACATATACTATAATTTTATAAAATAAAAATAAAAATGGAGCAACAAATATAATACTGTCTAACCGATCTAGCATACCGCCATGACCTGGCATTATATTTCCACTATCTTTTACGTTAGCCATTCGTTTAAATTTAGATTCGACCAAATCGCCAATTGTGCCAAAAAAACTAACTATTATTGCTGTTATTATCCAAAAATAAGTTGGTTTTAAAGGGTCGTAGTTTGCAATTATAACTGCAGCAATTATTGCAAAAACTAAACCGCCTATAAATCCTTCTATTGTTTTTTTGGGAGAGATAGATTCGAATAATTTATTTCTTCCAATAGTTTTTCCTACAATATAAGCAAAAGTATCATTCGTCCAAATGAGTACAAATATACTAATTAGTAATGTAGGGGCAAAAATACCATTAAAACTTGAAATTTTTACGATAAATATAAAAGGCAAAATAATATATCCGATTAGATTTACCCACTTTCCTTGCGTGTCTATTACAATTCTTTTTTCTTTGAATAACCAAAACAACAATCTAATAGATACAAATAAGGAAGCAAGAATTAGCCCAAAATCAGTCGATCTATTTTCGGTCAAGAAACAAGCAAAGATAAAATATAATAAGCCAGCCATTAGCATTGCTGGTATTTTTGGTAAAAATATCAAATTGCAAAATTCTCGTACGGTTTGCAACATAAATACACCAAAAAGCAATAAAAATGATTCTCTAGAATAAAGTGTGGCAGAGACCAGTAGCAGTATATACACTAGCCCTGATAATGAACGTGTTACATTTTCATTCATTTTACAAATCTTCTAAAAGCAATAAATACAAATGTTTTGGAGAACTTCCGTAGTGCAAGAAATCTTCTTCTTTTACTTTTTCAAAATATTTAAAAGTAGTAATATTTGTAGGATAATCTGTGGTATAACGTTTTTTTATTCCCCTCAAACCATCACCTTTATTTAATATAATTTGGCTTGTGGTTGCTACTAAAACTATATTATCAGGTAAATCGTTTGGTTTATTTTGTTTAATTTGATTTGATGAAAATAATACTGAACCTTCATCGGCAATGAGGTTTTCGCAACTAGCCAAAAGAAATTTTGGATCTTGTGGCTTATCGAAAGAAATCTTGTTATCCTCAAGCATTCTAAATAATCTTGACTCTAAACACATGGCTTCAGATTCGAACCAATCGTTTTCTTCTAAAATATTTTCAAATTGCTCGCTTAGTTCGGCTGTATTTTCACAATACAAAAACTTACCTCCATTCTTTTTAAAATTATAAGTAAACTGCTCGTCTACAGGGATTTGGGAATCAATTCCCTGAAACGGATTGAAGTCATTTTCGTTAGTATCGTTTGGCGTTTCACTACTTGAGCCAAATATTTTTCTAAAAATACTCATATACTTAAAATACGTGGAAATTATTACTTAATTGCTACCAAAGATAAAAAAATCTCAATCGAATTAAGCAATTAGATTGAGATTTTTAAGTATGTTATTAACTAAGTTTTAAACAATTTGAGGAATTGCCTCAACAAAATTTTCTTTATCGAATGGTCTTTTTCCAAAAATAGTTTCTAAATCGTCTTTAAAAATAACCTCTTTTTCTATAAGAATATCTGCCAACTGATTTAGCTTGTCTTTGTGCAATTCAAGAAGCGCAATAGCTCGTTGATATTGTCCTTCTATTAAAATTGAAATTTCTTGATCGATTGTTCTAGCTGTTTCTTCAGAATATGGTTTAGAAAAATTATAATCTGATTGCCCTGACGAATCATAATAAGTGATATTTCCTAACTTATCATTAAGTCCGTAAACAGTAACCATTGCTCTTGCTTGTTTGGTAACTTTTTCTAAATCGCTTAAAGCTCCTGTCGAAATGTTATTAAAAATAACTTTTTCGGCAGCTCTTCCTCCCATGGTAGCACACATTTCGTCTAGCATTTGGTTGGGACGCACAATTTGTCTTTCTTCTGGCAAATACCAAGCGGCTCCTAAACTTTGTCCACGTGGCACAATTGTTACTTTAATAAGTGGTGCTGCGTGTTCTAGCATCCAACTTACAGTGGCATGACCCGCTTCGTGTATCGCTATGGCTTTCTTTTCTTCTGGTGTAATTATTTTATTTTTCTTTTCTAATCCTCCTACAATTCTATCTACAGCATCTAGAAAATCTTGTTTATCTACAGCCGTTTTGTTATTTCTTGCTGCGATAAGTGCGGCTTCGTTACAAACATTTGCTATATCTGCTCCTGAAAAACCTGGCGTGTGTTTGGCAAGAAATTCGGTATCAAGATTCTCTACTTTTTTTAGTGGCGCAAGATGCACGGCAAAAATTTCTGCACGTTCTGTAATGTTAGGTAAATCGACATATATTTGACGATCGAAACGCCCAGCACGCATTAAAGCTTTGTCTAAAACATCGGCTCTATTTGTTGCTGCAATTACGATTACGTTCGAATTTGTCCCGAAACCATCCATTTCTGTAAGTAACTGATTTAATGTGTTTTCACGTTCGTCATTTCCACCAGACATATTTCCTTTTCCACGCGCACGCCCTACTGCATCAATCTCGTCTATAAAAATAATAGAGGGCGATTTATCTTTAGCTTGTTTAAACAAATCACGAACACGTGAAGCACCTACTCCTACAAACATTTCGACAAAATCTGATCCCGATAATGAGAAAAAAGGAACTTGAGCTTCTCCTGCAACAGCTTTTGCTAATAATGTTTTTCCTGTTCCTGGAGGTCCTACTAGTAGTGCTCCTTTTGGAATTTTACCTCCTAAATTAGTATATTTTGTTGGGTTTTTAAGAAACTCTACAATTTCTTGTATTTCTTCTTTTGCACCTTCTAATCCAGCTACGTCTTTGAAGGTAGTTTTAATATCTGTTTTTTCATCAAAAAGTTTTGCTTTAGATTTTCCGATGCTAAAAATTTGAGGGCCACCAGCTCCTGAACCTCCACCTGACATGCGTCGCATCATGTAAATCCAGAATCCTATCAGTAAAATAATGGGAAGAAAACCAACTAAATCTGTCCACTCACTCGATGTTTTATAATCAACCCCTATGCTATTTGTTTTTCTAGCTTCTTCTAATTTATTTTGAAAACTTTCAGAAT
CP176809.1_gap56	2716222	2718840	2618	TTGTAATTGCTGTGAGTATTATTCAGGTGTTAAAAGATATTAAAATTCCTAACTTAAATATAAAATGGCCTAACGACATTATGGCAGAAAATAAAAAAATAGCTGGCATACTTATAGAAAATAGTATTAAAGAAAATGGAAAAATAGAATCTATCGTGGGAATTGGATTAAATATAAACCAAACGAACTTCGATAATTTACCTAAAGCTTCTTCTTTAAAGAATATAACGCATCAGGATTATGATATTGACACGCTGCTAGAAAAGATTGTAACGAAAATTGAAAACAATAGTAACAAACTAAAAAACAATGATGTCGATTGTTTTTGGAATGATTATGAAAGTTATTTATTTAAAAAAGGGAAACCTACTGTTTTTGAAGATATAAATAAGCAACGATTTATGGGAATTATAAATGGTGTAAATCGAATAGGACAACTGGAGATTGTCTTAGAAGATGATAGTTTGAAATGTTTTGAAGTAAAACAACTCGTAATGGTTTGAGTAGTCCTAATAATAAGCACCGCTTTTTTTAAGACTACTCATATAATTTTTTATTTTTTTTTAGATTACTTCTTTTTTTGCTCTAAAAACAAAAAACAATCCTGCTATTACAAACGGAATACTTAACCACTGACCCGTAGATAATAATCCTAAAGCAGACTCGAAACCTCCTTGACTTTCTTTAACAAATTCGACAAGAATTCTTACCGAAAATAACATTATTAAGAACATTCCAAAAAGAAAACCTTGTTTTTGGCGTGCATCTGTTTTCCAATATAAAAAGAATAAAATAGCAAAAACAAAAACATATCCAAATGCTTCATACAATTGAGATGGATGTCTGAACGGAATTTTATTTAATGTTTCTACAAAATTTGGATCCGTTTCTATAAGTTTGTAAGCTTTATTTAAATCGCTTGTTTGTGTAATTTGATATATATTTTTATCGATCCAAAACTCATCTTCACGGATAAATTTAACACCATAAAAAGGTTTGCCAGAAACAATAGGGCCATAAATTTCAGAATTGAAAAAATTACCCAATCTTACAAAAATAGCGCCACTAGCAACTGGAATTACCACCCTGTCTAGAATCCATAAAATAGGTCTTTTAAGTGTTTTTGTAGCATAAAAATACATTGTAATGATAACTGCAACAGCAGCACCATGACTGGCTAATCCTCTAAAACCTGTAAATTCCCAACCTTTTATAAAATAAAATAAAGTAGCGTTTGGATTTTCTCGTATTGGTAAGAAAATTTCAAGCAAATGGTCTGGATAATAACTACTCCAATTATAGAAAATAACATCGCCCAATCTGGCACCTATTAATATAGCAAGAACCATATATATAAATAAACTATCTAATTTTTCGATAGGTTCATTTTCTCTTTTAAAAATTGGTTTCATGATTAGCCAACCTAACATAAATGCGACTACAAACATTAAACTGTAAAAATGAAGGGTAAATGAACCAATATTTATTCCCTCCGAAGGATTCCAAACTATTTGTAAAAAATGTGTCATGTTTTTGTTTTATGATATTTGGTGTAAGCCAAAAGTAGTATTTTAATTTTTAATTGCTTCGCTTGTTTGCTATCAATGTTTTAAATTAGGATTTTTTTAACTTCAACAGTTGGTATTTATGTTCGTTATTTCAAACAAAATTTTAAGGAACTGGATCATAACCACTTGCTCCCCAAGGATGACAACTTAAAATTCTTTTGGCTCCAAGATAACTCCCTTTAAATAAACCATGTTTTTGCAAAGCCTCGGCAGTATAATGAGAACAAGTTGGCGTAAACCTACAAGTTGCTGGAGTTAGTGGCGAAATGACGATTTGATAAAATCGAACCAAGAATAGAAAGGGAAATATTAGAACTTTTTTTAAACTCAAAATATTATATTGAAAATGTTGTACCTTCTTTTGAATCTTTTAATTGAATTCCTAAAGCCAATAACTGATCTCTAATCTGATCAGACATTGCAAAATCTTTATTATCTCTTGCTTGCTTTCTCATTTGGATTAACATTTCTACAACGCCATCTAATTTATCATTGTTGTTTGTCGCTAATTTTTCGTCTTCCAATCCTAACACATCAAAAACAAAAGCATTCATAGTAGTTAAAAAATCTAATAAATCTTCCGTTGTAATTGTCTCTTTATTTTCTTTTAATACATTTACAAAACGAACACCCTCAAACAAATGAGCAATAAGAATAGGCGTGTTAAAATCGTCATTCATAGCATCATAACAATTTTGTTTCCAAGCTTTTATATCTATCGAAGTAGTGTTTGATGTTGTAAATTGAGCTGTGTTTTTCAAACTCCCAATAGCTTCCATTAATCGATAAAACCCTTTTTCGGCTGCCAGAATAGCATCGTTAGTAAAATCGAGATTACTACGATAATGCGCTTGCAACATAAAAAATCGTGCTACCGATGCGGAAAAAGCTTTGGTTAAAAACGGACTTCCACCTGAATATATTTCGCTAGGCAAAATATTATTTCCCGTAGATTTCGACATTTTTTTTCCGTTAAGAGTTAGCATATTGGCATGCATCCAATAATTTACAGGCTCTTGCCCAGTACAAGCTTCTCCTTGAGCAATTTCA
CP176809.1_gap57	2744805	2748028	3223	TAGCACGTAATCTTTTGTAACGCCATATTTTACGGCCCTTGCACCTCCTGCATTTTCGGCAACGTTTCCTCCTATCCAACAGCTTCCTTGGCTACTTGGATCTGGCGGATAAAACAATCCTTTTTCTGCGACTGCTTCTCGCAAAACTTGTGTAATTACGGCTGGTTCGACAGTTACTTGTAGGTTTTTCTCGTCGATATTTAGGATTTTATTAAAACGCTCCATCGACATACCAATGCCTTGATAAATAGATAAGGCACCGCCACTTAAACCTGTTCTGGCTCCTATTGGGGTGGTTGGTATTTTATGTTGGTTGGCTACTTTTAGTATTTCTGAAACTTGGTAAGCATTTGCTGGTTTTACTACTACATTTGGCGGGAAAATATAATCTTCGGTTTCGTCGTGACCGTAATGATTGCAGGTTTCTTGGTCTGTAAATACGAAAGTTTCGCCTACTATTTTATGTAATTTTTGAAGTATTTGTGTGGTAATTTGCATTTGGTTGTATTTTGAAACAAATTTAATAAACTTAACTATATAGTTTGCAAAGGTTTTGGCAAAGTTCAGAATTTTTTTTGCCTAGAATTTTAAATTTAAGACGCAAGCCCTAGCCCCGATTGAAACGGAAATCCTTTTTATTTTTCCTTTAAAAATAAAAAGATTGCAGTGTAAAGCGGGAAATAGCTCCTAAAGAAATTATACTTTTTTCTTGTTTATATTGGGTAAGAAATAACAAATTATTCCTAGAATTGGCAAGTAGGAACAGAGTTGATACACGAACGTAATTGAGGTATGGTCTGCTAGGATTCCTAGTAATGCTGATCCTAAAGCGCCCATTCCGAAGGCAAATCCGTAAAAAAGTCCTGATACCATTCCTAGTTTTTTGGGTAATAATTCTTGTGCATAAACGATGATGGCTGGAAAAGCTGAGGATATGATAATTCCTATGATTATCATGAGAATATCTGTATAGAAAAGATTGGCATAGGGTAGTAATAATGCAAATGGTGTGGCACCAAAAACAGAAAACCAAATGATGTATTTTCGCCCAAATTTATCGCCCAAAGGTCCACCAAGAATTGTTCCTAAAGCATAGGCTATTAGATATAGAAACATGTGATATTGTGCTTGCTTGATGGTTAAATTAAATTTTTCGATGATAAAAAACTGATAATAGGTAGAGAGGCTTGCGGAGTAGAAAAACTTAGTAAAAATTACAAACAGTAAGATGGCTATGGCTATTTTTACTTTTTGCTCAGGTAAATCATGTTGTGCGATAAAAAGTTGTTTTTTGTGTAATTTTAGTTTCAAATTATCTTGGTACCAAAAGGCAATTTTAGAAATTATAATTAACCCAAGAGATGAAGTAACTAAAAACCATAGTATGTATTTTTGAGAATTTGGCACTACGATTGCAGCAACTAATAAAGGTGCAATGGCTGTACCTAGGTTACCGCCAACTTGAAAAATAGATTGTGCCAATCCTCTTTTTCCGCCCGATGCCATGTTAGAAATTCGAGCTGATTCTGGATGAAAAATGGCTGATCCTAGACCAATTAGCATAACTGAAACGATTATCCAGGGTAAATTATTAGCGTACGAAATGGAAATGATACCCAAGGAAGAGAATATCATACCGTAAACTTGGGAAAATGGTTTTGGATATTTGTCTGTATAATACCCTACAAATGGTTGAAATATTGAGGCTGTGAGTTGAAATGAAAAGGTTATTAATCCGATTTGGGTAAATGTTAATCCGTAATTTTGTTTTAAAATTGGATAAATAGATGGGATTATAGCCTGAATTAAATCGTTAAGTAAATGGGCAAAACTTATTGAAAAAAGGATTGAAAAAATAGTTTTTTGAACTAAGTTGCTTTTATTTTCTAGGATAACACTTTCTGTAGCCACAAGAATTTATATTTTGGTTGCGCAAAAATACTATTTATAGATTTGAAATGAGTGGCATTTATTTAATTTTTATAGTATTTTTACACAAAGCATAATTGAAATTGAAAAATAAAAATAAAAAATCGGCATTAACAGAGAATCAAGGCATAGAAAAACCTGAAATTATTAGTACTGTTGCTGTTGCTCAAATTCAACGATTTAGAAGGATTCAGCCTTCATCAGAAGCGTTGGTAAGTGGTATTTTATCAGGCAATATAACGGCTTTAAGTCGTGCTATTACACTCGTAGAAAGTACTAGTTTTTCGCATATAGACAAAGCCAATAAAGTCATAAATACTTGTTTGCCTTATGCTAACAAATCGGTTCGTATTGGAATTACGGGTGTTCCTGGCGTAGGAAAAAGCACTTTTATTGAAGCTTTTGGAAAACACTTAACAGGTTTGGGTAAAAAGGTGGCCGTTTTAGCTGTAGATCCTTCTAGTACAATTTCTCACGGAAGTATTCTTGGTGACAAAACCCGAATGGAAGAGCTAGTAAAAGACCAAAATGCCTATATAAGACCAAGTGCATCGGGAGAAACTTTAGGCGGTGTGGCACGAAAAACTCGTGAAACTATAACACTTTGTGAAGCTGCTGGTTTTGATACTATTATTATAGAAACTGTAGGTGTAGGACAAAGTGAAACGGCGGTACATAGTATGGTCGATTTCTTTTTACTTTTGAAAATTTCTGGTGCTGGCGACGAACTACAAGGTATAAAACGTGGTATTATGGAAATGGCAGATGCTATTGTTATAAACAAAGCTGATGGTGATAATATTAGAAAGGCTAATTTGGCTAAAACCGAATTTAATAGGGCCTTACATCTTTTTCCTGCAAAAAAATCAGGTTGGATTCCTACAACTTCCACTTGTAGTGCTATTACTCATGAAGGAATTCCTGAGGTTTGGAAAACGATTTGTGATTTTACAGCACTTACAAAATTAAACCATTATTTTTTCGAAAAACGAAAAGAACAAAACCAATATTGGATGTTGGAAACCATCAACGAACAATTGAAAACAAATTTTTTCAATCATCCCCAAATTTATAAATTATTGGAAGAAAACAAAAAAGCAGTTGCAAATGATGAAATTTCACCTTTTGCAGCCGCTCAGAATTTGCTAGAAACGTATTTTAAAAAATAAACTTATTCTTTCTCATAACGTTCCATTTCTCGATCATAAAAAGCGTTTGCTTGTTCTATTAATCCTTCCATTTCAGTATTTAGCTCCCCTTCGTCTAGATCTTCGGCTTCTTCCATAAACTCGAC
CP176809.1_gap58	2762286	2764363	2077	CCATATTTTCTACTATCGATGATATTGCTGTGGGTGATGTGCGTACAAAAATAAAAGATATCTTAGGAGCGTTTATGTTTCAAGGCGATGACATTACTAAGAAAGTAAAAGTGCTTTCGGGTGGAGAAAAAACCCGTTTGGCGATGATAAAATTATTGCTAGAACCGGTTAATTTATTAATTCTAGATGAGCCTTCAAATCACTTAGATATGAAAACCAAAGATATTATTAAAGATGCTTTGCGTGATTTTGATGGTACATTAATCCTTGTATCTCACGATCGTGATTTCCTCGACGGATTAGCCACCAAAGTTTTCGAATTTGGCAACAAACGTGTCAAAGAACATTTTGAAGATATTACTGGGTTTTTGGCGAGTAAGAAAATGGATAGCATGAAGGAGATTGAGAAGTAAAATATTTTTGAATATCGTGTTTTGATACTCGAATGATTTAAGTTTGTATAAAAAATATAAAATGAAAACAAAAATTTTGGCAGTTCGATCAATGAATGAAAACAAGTTGTTTGTTATTCCTTTAGAGATACATTATATTGATTTAATTAATCAAGGATTTCAGATTTATAAGGATATGAAAGAAAATAATGTTTTAAGTTGTAAACCTATTCTGGTTTTTCCTGATATACGTGGGATAACAATGTTTTCGTTAAATAAAGGAATTGAAAACAAAATTGGAAATGGTTTTAAAGTATCAATTGATTCTATTGAAAATATGTTTTTAAATGAAAATCAAGAGTTATTTTATGATTTTAGAGATTCACATTTAGTTAATAGTTTTCAAATCTTTGAAAATACAGATCATTTATTTGAGAATTTAAATGATAAATCATTTTTATCTAGAGGTTTTTTTGATTTAGTTTTTGAAGATGATTCTTTACATATAAAATCGAATAATCAAATCGAAAACGAATATTACTTATCAGAAGCAATGAATTCTAAAATATTTCTTTAACATATTATTATGAAAAGAGATGCGTATGTTGAATTATTCAACTTGATTGATAAAAAGGTTTTTTTTGAAAATAGTATAAATGATATTATTTACATTGATTTTGAAAAAATAGATGAACAGTGGTTAAAACTTAAACATGATATTTCTAATAAAAATGAGGTATATATTAGAGGATATGGTCGAGACGCAAAAAAATCTGAATGGTTTTTAGAGTTTTATAAAAATTTATTTGACAACCCTAATTTTAAAAAAGATTCTACAAATAACGCCCAACCCACAAAGTTAATTGCTACATTAACAAATTATACCAAGGTTAAAACGGGTATTTATAAAGAGAAAAATTTGATCGTAAACTATCAAATTTCACACTTATTTGGAAGAACTAAGAATCCATTTCTATTTAATTGTATTTTAGCCCCTTAATAGTTCAGAGTGATATTTTAAATTTCAAATAGTACATTTGAGATATGAAATACAAGAAATGGAGCTTAGAAGAAAAGCTAGAAATTCTATGCTCTTCAGAAGAATTAGGAGTTGTTGAAACCTGCCGCAAATACAGCGTTAGCACTGGCACTTTGTATAGCTGGAAGAAGAAACATGAGAAGCAGGGAGAAGCTGGTTTAAAAGTAACTTATGATACTAGTAGTAAAGAGCTAAAGCAAGCTGAGGAAGAAAACAGAATTCTACGCAAATTATTAGCTAACAAGGAAATCGAATTAGAAATAAGTCGTGAACTTTTAAAAAAAAAGTTTGGGACATCCGATCCAAGAAAGATTTAGTTGACAGTATTTATAGTAAACATAAGATTAGTAAAACCAAAATTATCACTATGTTAGGCATGGTTCCAAGTAGTTATTATCGAAGACCAAGCTCAGGCAAGAAAGGTAATAAACCTAGTGAATTTACTTTTAATAAATCTAAAGGATATGTAAGTCAAGATGTTGTTATTGAATCTGTTAAATCCATTTTAAGCAATGAATTTATTGACTGCGGTTACCGTTTAATGAGTTGTTATTTAAAACGAGAAGGTTACTTAATTAATCATAAAAAGCTGTACCGAATTATGAAAGAGGAAGGTTTATTGAAACTAGAAAACCGAATAAACAGG
CP176809.1_gap59	2767207	2769967	2760	GTATAAAAATCTTTTTACCATTCATTTTGTAAAAATTAATTCAGTTTTAGTACCAATTATGGAAGTAAAAACAGTGTATAATCAACCTTGTTATTATGGAAATAATGAAAACAATAATTTTTATTACAGAACCGAAAATGGTTTAAAAGTAATGAATGATACAGAAAGCATTGTGAATTATATATCAAATACTATACTGAACAACAAAGAAGCGTTAGACAATTTATTAGAAAGTTTATAATGGATACACAATTATATTACATACACGGTTTGTACGGTTCCGCTAATTCGTTCAAGTTTTTAGAATTAAAAGAAAAATACCCAAATATTGAATGTTTATCTTGGTCGGAAAACGATAATATGCAACTAAAGTTACAAGAATGGAGGTCAGTAATCATTAGCAATAAACATGAAAACAGTTGTGTAATTGCGAGTTCTACGGGTTGTAATTTTGCATATCAATTAAGAAAATTGTTGAACCCTTATTTTATAAAAGTGGTTTTTATTAATCCTCTTTTTGATGTTTCAGATATTGTGAAGCCAAATTTAATGCCATTTCAACTGTTGCAATATTTAGTGAAAATTGAAAAACATTCGGAATCGTTACTACTGTTTTCGGAGAATGACGAAGTTTTAAACAACAAAAAATATTTTTCTACTGATTCCTGTTTTTTTAAAAACAATCAAGTAATTATTGACCATAAATCCTCACATAAATTTGAGAATTTAAAACAATATTATCCAAAAATTGATAATTTAATAAACGCCATTTATTTATGAAAACGCCATTAGAATTATTTGAAGAAAAAAAAGAAAAATATATATCTTTGATTCCAGTTGAAGCAGAATTTAGATTTGCAAAATACAAACTTGAAAGTGATGATGAAAATAAAGCTATACTTAGTCAGAATAGAAATTTGGTTCTGGCAGAAATGGAACAAATTTTTATGGAGATACTAAAAATTTATGATTCAGAACCAATATCAACCTCAAATAGATCACTTAAACTTGCAATTTTAAAATTTAAAGCTAGTACATCTATGTTTTCAGTAAACTTTGAACTAAATCAAGAAATAAAAAAGCAAGTTCAAAATTTGTTTTTGCAACAAGAACATGCGGTTAAAACCCAAAATTTTGTTCAGGCAGATTTGATAAGTGGCGAAGCAATAAAGCTAATGGCATTCTCAAGAAAGTCATTAGATTTTTTCTTGTAATTTATTCCTTTCTAAAGCTTCTTGAAATATAGAAGCTATTTTTTCCTTTAAATGTAAGGGTTCTATAACTTCTAACGACCAACTTCTGGAAAGTAATTCCATAATAAAATCTAAAGTAATTCTTACGTTTAAAGTAATAAAATATTTATTGTTTTCTGAATTTAATTGACAATTTTGCGAATGATGTATGGGAAAAGATTTAATGTAATTGCCATCACGTAAATCAAAACTTAATTTTACAAATTCTACTTTTTCATCTGTAAACATGGCAAAGGAATCATTATAATAATTGTTTATTTCAGAAATAGATATTTTAGATTTGAATTTTTGATCTACTTCATATAAATCGGTTATTCTATCTAATCCAAAAGCTCTAATATCGCTTTGGTTTTCGTAACTTCCAATCAAATACCATCGGTTTTTACTTTCTTTTAAAGCGAGGGGTTTAATTTTTTTGTGATTAATTTCGTTGGTGTCGTATTTAAAATAATCAAATTCAAGAAATTTATTTTGATTAATCGCTTCGGTAATAATCGAAAAATGAACCAATCCGCTAGCTTTTCTTTTTTCTGGAATAATGTATTCTGGTAATCCAGAACTATTTAGTAATGAAGAAAATATTTTAAAGGAGTTTAATAATAATTCTAGTCGAGTGTCATCAATTGAAAAAGAACTTAGGGTATAGATATTACTTTTTCTTGAAAATAAAACTTCAATACCAAAGTCGTTTCTAATATCTTTTAAATCACGCTTAAAAGCTAAATCGAGATAATTAAAATTCTCGTTAGATAGATTAAATTTTTTTTCTACAAATATGACAATCTGACTTTTAGATAAACCTTCTGGATTTTCCAAGAGTAAATTAATTATTAATAATTGCCTTGATATTTTGTTTTGGATCATTATATATTTTCATCTTGATTCAATTACAAATTTAATGATTCTTATGGTTTCCTAAACGGATTAGCCACCAAAGTTTTCGAATTTGGTAACAAACGTGTTAAAGAATACTTTGAAGATATTAAAGGTTTTTTAGCGCACAAAAAAATGGATAGTATGCGAGAAATTGAGAAGTAATGCCAATTAATCTTTAAAAAACACATACCATTTATTGAGGATGTTGTCATTCCGAGGAACGAGGAATCACATAATCTAATTAATTTTATGAGATTCCTCATTCCTCGAAATAACAAACAGTGTGATTGTTATTACAGTTAATCTCAAAATTAAAATGGTATAAAAATTATTTTAACACAAAATAAAACCCGTCTCGTTTTTAAGAACGAGACGGGTTTTTCAATAAAAAAATTAAGTAAAAACTTATTTTACAGCTTCAACCAATCTAATAAATTCTGCTTTGTAACCATCTAAATCATTAGACAAACCCAATCGGGCTAGTTTTTTAATATCTTCAGATGATTTGTTGGCAATGAGTTTAGAATCTCTTAGTTTTAATCCAAACCAAGCTACTGCTGTTGCAAATTTTAAATCATTAGTAGCGTTTTCTAATACGGTAGATTTGTTTTCAATAATCTGAACCATTTCT
CP176809.1_gap60	2779182	2780644	1462	ATAGAAATACTATAAAAAATCTTAATTACACCGCCAATAGTTCCTATAAAACCTAAGGTTGGCGCAATACCTGCTATAAGTCCTAGATGCCCCAAGCGTTGTTCCATTTGCCCAATTTCTATATTGGCCACTTTTTCCATATTCGATTCAATCTCTGCAATAGGTCTGCCTATGGTATGAAGCCCTTCTTTTATAACATTTCCGGAGGCTGTGGTGTCTTTTTCGGCAGAAGCAATTGCCATTTCGATATGACCAGAATTTAGATGAATCCTGATGTCTTTCATCAAATGAGTATCGTATTTTGTGTGCTTTTTTAAATAGAGATACCGCTCGATGATTACATAAATCGTGTAAAACAGTAATAAGGCAATTGGGATTAAGAAAAATCCGCCTTTCATAATAAATCCTAAAACTGAAATTTCGTTGTCTTTTACAACATTTTGAATGACTGCGCTAGATGCAGCAGCAATGGTGTCGTTTTGGGCTTGTAAAAAAAATCCAATCATGTGGGTAAAGTACTTTATTTATATTAAAAAATAGCTCAATTTTGCATAAAGGTAATTGTCTATTTTATATTAAACTAAAAAATAGATAAATTATTTTATGAACAATGAAAATAACTTATTATAACCAATTTATAGTTTTATTTTTTCGTGAATTAAAAAGAACTTGTATTTTAAATATTTATTTAATCATTATATGAATTACCAACAAACTTTAGACTGGCTATTTGCACAACTACCCATGTACCAGCAGCAAGGTGCTTCGGCATACAGAAAAGATTTAGTAAACACCATTTTGCTGGCCAATCATTTGGGAAATCCTGAGCTAAAAGTAAAAACGATTCACGTAGCAGGAACTAATGGTAAAGGCTCTAGCTCGTCTATGATTGCTTCGGTTTTACAAGAAGCAGGTTACAAAGTTGGGCTATACACTTCTCCACATTTAAAAGATTTTAGGGAGAGGATAAAAATAAATGGACTAGCAATTTCTGAAGATTTTGTAATAGATTTTGTTGCTAAAAACAAACCTTTTTTTGAAGAAAACAACTTAAGTTTTTTTGAAATGACAGTGGGCTTGTCTTCCGATTATTTTGCAAAACAAGAAATTGATGTTGCAGTCATTGAAGTAGGAATGGGCGGAAGACTAGATTCTACAAATATTATTAAACCGCTAGTTTCGGTAATTACTAATATTGGTTTAGATCACACTCTCTTTTTAGGCAATACATTAGAAGCTATTGCAAACGAAAAAGCGGGGATCATAAAACCCAATACCCCTGTAATTGTAGGAGAATACAACGACAAAACCAAAGCTGTTTTTTTAGCTAAAGCCAAAGATTGTAAGGCAGATATTTATTTTGCTTCAGATTTAATCACTAAAGAATATCCGAGTGATTTATTAGGCGATTACCAGCAACAAAATAAGAAAACAGCTATTCAAACCATTAGGGTTTTAAAAC
CP176809.1_gap61	2782455	2784690	2235	GTTCCGATGAGAGAAAAACCAAATCTGGATCACCTTCTAAACGTATTTTTTTGAGCTCTATTGTTGGATAGCGTTCGCCTTTATCATAAATATTTTCGAAATTATTTAGTTTTAATAATTCATTGATAAAATTATCTGAACCAGCTACCATATAAGGATTTTTCCAAATAAAATAAGCCGCTTTTTGTATGGGTTTATCTTTTATAAATTTTTTAAATTCGGTTAATCCAAAGCTTAATTTGTCATTTATCTTTTGTGCTTCGGTACGACAACTAAAGAGTTGACCAAAGTCTGAAATCATTTGAAAATTATCTTCTATTGTAATAATATTGGTTACCCAAACAGTACAAATTTTTCGCAATTCTTCGAGTATTTCTAACGTATTTTCTTCTTTATTGCAAATAATAATATCAGGATTTAATGCGCTAATTTTATCATAATTTATTTTTTTTGTCCCGCCAACAATCTTTTTTATCGATTTTAAATAATACGGATGGACACAAAATTTTGTTATCCCTATAAGATTTTCTTCTAAACCCAAATCACATAATAATTCGGTTTGAGAAGGGACTAAAGAAATGATTCTTTTCGGGGTACTTTCAAAAGTATGTGTATTTCCTAGTTGGTCTGTAAATTGCTTCATTAAGGTTATTTTGATTTAAAGTTATTTGATTTTTTTAACTTTAAATTGAAAACTTCAAACTCATTATTTCTTGCATTTCTAATTGTATTTTCAATGCTTCTTCTCTTGCTTTTTTGGCAAAATCTAATTTATTGGAAGCATAAATAATACCTCTAGAAGAGTTAATTAACAAACCTATATTGTCATTCATCCCGTATTTGCAAACTTCAGACAAGCTGCCGCCTTGTGCGCCAACACCTGGTACTAAAAGAAAGCTATTGGGTACAATTTTTCTAATTTCAGAAAAATACTCTGCTTTGGTTGCGCCCACAACATACATTAAATTTTGACTGTTTTTCCAAGTTATTGATGTTTCTAAAACCTGTTTGTACAACTGTTTCCCATTGGCATTCAAAGTCTGAAAATCGAAAGCTCCTTCATTAGATGTTAAGGCTAACATAATGGTATGCTTGTCTTTAAAAGCTAAAAAGGGTTCTACCGAATCTTTGCCCATATAAGGAGCTACGGTAACGGAATCGAAGTGTAAATCTTCAAAAAAAGCTTTGGCATACATGGTTGATGTGTTGCCAATATCGCCACGCTTTGCATCGGCAATAGTGAAAATTTCTGGATGGTTTTCGTTAATATAATTGATGGTTTTTTGCAACGATTGCCAGCCTTTTATACCATAAGCTTCATAAAAAGCAGTGTTGGGTTTATAGGAAATGCACAAATCGTGTGTGGCATCGATGATGGCTTTATTAAATTCGAAAATAGGGTCTTCGAGTTCGAGTAAATGCTCTGGGATTTTAGTTAAATCGACATCTAAACCGATGCAAAGAAAGGATTTTTTACTTCGAATTTGTGCTATTAGTTGTGGTGTTGTCATGGTGATTTGTTGTGGTGCAAATTTATAAAAAAAAACGCCCAAAAAGCAGGACGTAGTCAAAAAGTTGCTGTTTTTGATTTGCGGTTTTTTTAGAGATTAAAAAAACTTATAAGAGGCATTTTACATATTTGTAGAATAGCATAGAACAATAGTTATTGTGTTTATTTGGCTATTTACTGTAAATAAAAAAGGCGTTTCTTTTTTTATTATTCTTAAAAAAAATGATTTTATATAATGAGTAATACTCCTAATTTGTTTTAATTATACTGTCTTAATTTTAAAAATATTGTAATATTTGGTACGCATATTGTTCCTTCTGAGGAACGAAAAATCTCAGAATTTAAATCATTTGACAAAATTTCTAATTTCTCGCAAAAACAAACTGTGTATTTGTTATTCTAGTAAATTTAACAATAAAATGTATTACTGCAATGTTAACCCTTAAAGTTTCTTATAAAAAAAGGAGTAAAGAAACTTGGTTCTCTACTCCTTTTTTTTATAATTATTTGCCAATAATACTAGCTATTTTGCATTAGTCTATTATTATTTTGTGACTATTTATGTCTGAATAAAGTTATTTTTTATGTAACGCCTCACTCATTTCGTTAGAAATTGCCGAACGTTCCATTTTAAGTTTCCCAGACATTGTTTCGATAACAATTGTTTGTTGGCCAAGTTCTGCAACTTTGCCGTGCAAACCGCTTTTCGTAACTATTTTGTCACC
CP176809.1_gap62	2788764	2789793	1029	TCGACAAGGTTTCACTTATTTACCAAGATACGAATATTAAAGCGTTAGACAATATTAGTTTTTCGGTAAATAAAGGCGAAACACTAGCTATTATTGGAAGAACTGGCTCAGGAAAATCGACTATTTTATCATTAATAAGTAGATTATACGATCCTACTTTAGGCAATATTACAATTGATGGCGTACAACTTCCAGAAGCAAACCTAAAAGATTTACGAAATAGTATAGGTGTTGTACCACAAGACGCCTTTTTATTTTCCGATACGATAAAAAACAATATTAAGTTTGGAAAAGAAAATGCTTCCGATGAAGAAGTCATTACTGCGGCAAAAAATGCTGTGGTTCATAATAATATTATCGGTTTTAAGGATAAGTACAAAACCATTCTTGGCGAACGAGGCATTACGCTTTCTGGTGGGCAAAAACAACGAGTTTCTATTGCACGAGCCATTATTAGTAATCCCAAAATTTTATTATTAGACGATTGTTTATCTGCAGTAGATACCGAAACCGAAGAAACTATTCTCAACAACCTTCAAATCATTTGCAAGGACAAAACAACCATAATTGTGAGCCACAGGGTTTCCTCAGCAAAAAATGCAGATAAAATTATTATCATTGATGGTGGAAAAATAGTACAAGAAGGCACTCATAATCAATTAGTAAACCAAGACGGATATTACAAAGCATTGTATTTGAAACAAATTGCCGAAAAAGAAATGTTATAATTGTTGTTTTGTACTATTTTTTTTTTCACTTTTGACGAAACAAACAACCAAAAACCCACAGAATGAATAGAAATGAAAATGATATGTTAGAAAAGGAAGAAATTTTTTCTAAAGTATTAAGAGCAGGAAGAAGAACTTATTTTTTTGATGTCCGCTCTACAAAAGCTGATGATTATTACATTACCATAACCGAAAGCAAAAAATTTACCGAAGAAGATGGCTCTTTTCACTTCAAAAAGCATAAAATATATTTGTACAAAGAAGATTTTACCGCTTTCGCTGAAATTCTCGAAGAAATGAC
CP176809.1_gap63	2831402	2832685	1283	CACTTATATGTTTTTAGGTAAAATGAGTGAATCTCGGGAAATTCATAATAAATACAAAGAACAAAATGTATCTACAAACCAAACCTGGAAAAATAAAACCATCAACGATTTAGATAAATTTCAGAAATCAAGCTTACCAAATGACAATTTTAAGAAAATTTTGAGATTAGTCGATTAATTTAAAAATAACCACAAAGAGCACAAAGTTAAAATCACAAGGTTCACAAAGAATATAAATTCACACAGCTTTGTGTACTTCATGAAAACTTCGAGAGCTTAGTGGTTAATTTACCAAAACCCAAAACCTATTTTGAAAGCAACTTACCACAAATATATTCTCGATTTCAAAAAACCATCAGGAACCTCACGGGGCGTTTTAACCCAAAAAGAAACTTGGTTTTTAGTGTTACAAAACAACGAAAAAAAAGGCATTGGAGAGTGTGGCATTTTGCGTGGTTTAAGTTGCGATGACAGACCCGATTATGAAGAAAAACTGCAATGGGTTTGCAATCATATTCACTTAGGAGAAAAAGCACTTTGGGAAGCCTTAATCGAGTTTCCTTCTATTCAGTTTGGTGTCGAAATGGCGTTCCAATCCTTAGCTGCTTCAAGCCCTTTTTTATTGTTTCCGTCAGGATTTACTTTGGGTACAAAAAGCATCTCAATAAACGGACTAATCTGGATGGGAGAAGCGCAAGAAATGAAGCAACAAATTGAAGAAAAAATAGCACTAGGTTTCAAATGCATAAAACTTAAAATAGGCGCTATCGATTTTAATAAAGAACTAGAATTACTAGGCTATATTCGTAAAAATTTTACTCCAGAACAAATAGAAATTAGAGTAGATGCTAATGGCGCTTTTAGCCAAACCGAAGCATTAATTAAATTAAACAAAATAGCTGGTTACCAACTTCATAGTGTCGAGCAACCAATACAAAAAAACCACACTGACAGTATGTCAGAGTTATGCAAAAACAGCAAAATTAACATTGCACTCGACGAAGAACTTATAGGTGTGTTTTCGACCCAAGACAAAGAAGACTTATTACTTAAAATAAGACCACAATATATCATTTTGAAGCCTAGTTTTGTAGGTGGTTTTAGAGGAACAAATGAGTGGATTAGGCTAGCCGAAAAACACAACATTAGCTGGTGGATCACATCGGCTTTAGAGTCTAATATTGGACTAAATGCTATTGCCCAATTTACGTTTTTAAAAAACAATACAATGCCGCAAGGATTGGGAACTGGAGGATTATTTACAAATAATTTCGATTGTCCGC
CP176809.1_gap64	2842613	2843883	1270	GTAAATCCAATAGACCCAAACTATTTGGGCAAAAGTGCTATTGCAATGGAATATGCGCAAGTGATTTTAAACAATCTATTGCCCGAATCTATCAAAAAGCCTGATTTTTGGATTAGTAACGCAAAGATGATTCTTGCAGGGGTTATTTGGTACTTAAGAAAAGAACATCCGAAATATTGCACGCTTCCTCACGCTATTTCTTTAATATTACACAGTCAAATTGATGTTTTGATAGAAAAGATTTCGCAAGATTACGAAGCAGGCGGAATGGTTGCTAGTTTGCGTGAAAGTATCGAGCGAGGAGCGGAAAGAACTGTTGCGGGAATGTTGTCGACGCTCCAGAATGCTTTATCAGGTTTAAATTCTCATGATATTTTTTGGATTCTGTCCGCCAATGATGTCGATTTGCATTTAAACAACAAAGAAAATCCAACTTTTTTATGTCTTGGAAACGATAGTACTTTGCCAACCACCTATACGCCTGCAATATCATTGATTATTTCGGTTGCACTACGACAAATGAACCAACCTCACCAACAAAAATCAGTTGTTCTTTTAGATGAAGCCCCTACTATCTTCATTCCAAATATTGAGCAAATCCCTGCAACAGCAAGAAGTAACAAAATAGCCACTATTTTTGGAGTTCAAGACTTTGCACAACTCGCCGATAAATACGGAAATGAAAAAGCGCAAGTGATTATTTCTAATTTAGGAAATCAATTTTTTGGACGAATCACGAACGGAAAAACTGCCGAGATGGTGCAGAACCTATTTAGCAAAAAAGATGAAATTTTCATTTCTAAAAATGACGGAACAGGCACAAGCGGACAATTTGTACATTTGGGAAGCAACACCAACGCAGGAACTAGCGAGGCAGTTCAAGAACGAGACCGAGTGAAAATCTCCGATTTAGTGAACTTATGCCAGGGCGAATTTTACGGAATAATTGCTGAAGGAACGCCCAGGGAATTTTTGAAAACACAATTTTTACAAGCAAAAATAAAAGGCGAATATATTAATACCAAAATTCCAGTAAATGCTCAAATAATGGAGGATAATTACATGCGCATAATAGAGGAATGTAAAACTATTATTGAATAAAAAGTCCAAAGAAGTTATTAATTTAAAAAAAAAGTCCACATGAAAGAAATCACAACAGCCGAATTTATTAAGAAAGCTAAAGCTTTACTTGAGAGTAAATACACTTATGGAGAAATCCTAAATGAAAGAAAAACGAGAAAAATAACAAGAACCGAATTTATAAATCGTG
CP176809.1_gap65	2855607	2856107	500	GACCAGGAGTATCGATAATATTAATTTTTGTACCTTTATACTGAACTGAAACATTCTTTGAAGTAATTGTAATACCTCTTTCACGCTCTAAGTCGTTGTTGTCTAGAATTAAATCACCTGTGTTTTCGTTATCACGAAATAGTTGACAGTGATACATGATTTTATCAACCAAGGTAGTTTTACCGTGATCGACGTGAGCAATAATTGCAATGTTTCTAATAGATTCCATCTGTGTTTTTTTGTGGGTGCAAAAGTACATAAAAAAATACTTAAATCATAACTTTCTTTTATCTCTTTAATTTTGAAGTGAATAAGTTAACGTTTTAATTACATTATTAAGCAAAAAAAGAGTCTTTAATAAAAAATCAAAACTCGAGATCAAGATTAAAATTAGAGAAAAAATTAAAACGCTGGTATCTAAATTTCCAAATCAGATACAAATATAAGACAGTGCAATACAAAAACAGCCTTTAGATTGTCAAACTATTGTTGCTTTCTTT
