gap_id	start	end	length	sequence
CP177226.1_gap1	3524	5429	1905	AATTGGCTTTGTTTTGGAGATAATCTACTAAGGGTTGAGGTTTAGCAATACCGGTAACCAAAATAATGTCTTTGCCTTTGATATCGATTAGACTTCCTTTACTATTGATGGGTTCAAGATAGTCGATATAGCTAAATACAATTAAAGCTTCTTTGTTATAATACCTGATTTTGTTTTCTATCCGTTTTTTTTCTTCGGTCGAAAGATCAATAGGACATTTCGTAATTACTATGATCTGTGCTCGTTTGGCCTCCATCAGGAGATCCCTAAAGTTTCCTGTGGGAAATACGAGCATAGGTTGAGAAAATGATAAAAAATCAAATAATAATATATTGAAAAGAGGTGATAATTTTCGGTGTTGATAAGCGTCATCCAGAATAATAAGTTGATGAGTTGACTGAAGTTTTTCAATTCCAGTACAACGATCCTCACAAACTGCAACAGTGACAGCCGGAAATTTATTTTTGAACTGCAAGGGCTCGTCACCGACGTCCGTGGCCGATGAATCCGTCTGTACCAAAAAGAAACCTTTGGTGCTACGTCCATATCCTCGACTGAGTATTGCCGTTTTAAACTGACCTTTAAGGCTGGATACCACAAATTCTGTCATTGGGCTTTTTCCTGTCCCACCAACGGCAAGATTTCCTATTACTACAGTTGGAATGTCAAAAGACCGCGATGGAAGCAGCTTAAGATCATATAATCGATTTCTTATCCACACCACAAGGGCGTAGATGATGGTAAAAGGAAATAATAGATATCGTAATAAGCGTATCATTTTGGAACAATGGTTAACCCTACGTCTGTGATTTCTTTCAACGGATTTTCTTTCATGTTCTGTTCGATGGAAATCGTATAAATTCCTGTATCCGGAAATAGGTAATCTTTATGGATGATGGATTGATTGTTATACAAGCTACCGGAGGATTTTCCTATCCATTTTCCATCCGATCGGGCCATTTTTATTTCTTTACGAAAAGTATATTGCTTTTTACCTGGGCCTCGTTGGTAAATAAGTACAAAAAGATTGGAAAAAGCATATTCCGGTGTATGACGGACATCCATCAATACATCATATCGTTTGGTATTGTCGCCGATATGAAATTGAAAACTAGGCGGTGATGTATTCAGCCAAGCTTTATTATCAATGGGTTTATTTTCATTTATGACAAAAGTTTGGTCACAAGAACACCCTATGCCGATACATAACAAACCAATAAGGAGAGGAGAGCTTTTGAGTTTCATGTTTATTTATAAAAAGAATATGCCTAATGGGTTAAAATTAGGCATATTTTTTTTATTCTGCTTTCGGTGCAGCATTGTTGTTATTACCTTTGTTTTTATTCCGATGGCGATTGAAGCGCTTTTTGGGTCTGTTATTAGATCCTTCTTTATTCTCTTTATTCGCGGCCGAAGCTGCGGCATCGGTCGAAATCTGAGGTTTAGTACTTTGTCTAGGTGTACTTTGTTCGGACTTCTCAGTTTTTTGTCCAGCCTTACTTTCAGGTTTGACCGTATTGCTTTTGGATTTTCTTTTTTTCTTTCGTTTATTCCGGTCATCAAGTCGAGTTAAGCTATCTTGTCCGACTACATTTTCGTAATCGTAATTGATATTTTTCTCTTCTCTGACTTCATCGTTATCTACTGCACTCGAAATTGCTTCCGGTTTGATCCCCTGTTTATTCATATCGACAAGCTCTTTAACTTGTTGAACAGGCAATGCAATCCAGTTTTCTGCTCCAGGAAAAGAGAACCACATCATTTTCTTGAAAATATCGGTCTTTTGAAGATAAGCAACCCCTTTTAGCGTTTCGATGCGGTCGATATTATTCGGGATGTCTTTTAAAGCATCCATGTAACTATCTAATTCATAATTGAGACAGCATTTTAATTTACCGCATTGTC
CP177226.1_gap2	176174	178992	2818	GCAATCCTTGCTACACATGTATATGGAAATCCTTGCGATGTAGTTGCAATACAAAAGATTGCTGATAAATATAATCTCAGAGTGATATATGATGGTGCACATGCTTTTGGTGTTAATGTGAATGGAAAGTCTATTTTTGAGTATGGGGATATTACTACCTGTTCACTCCATGCTACCAAATTATATCACACGATTGAAGGAGGCCTTGTAATTACAAAGGATTCTAATCTTTTAAAAGAGCTGGCCTATATTCGTAATTTTGGTTTTGATGGTCCTGAGGCTTTTGCATGCCTAGGATTAAACGGTAAAAATTCTGAATTTCATGCCGCTATGGGCTTAGCTAACTTGAGACATATCGAAGCAATACATGAGAAAAGAAAAGAACTGACAGAACGTTATGATGAAAAGCTTAAAGGTTTAAAAGCGTATAAACCGAGATGGCATAAAGAAGCTAATCTTAATTATGCTTATTATCCTCTCGTTTTGGAAAGTGAGGAACTTTTATTGAAAATTAAATCAGTGTTAGAATTAAATGAGATTTTTGTAAGACGATACTTTTATCCATCTTTAGCAAGTACACTACCTTATTTGGAATCTAAACATCTGGAAGTCACGGATAGAGTTTCTAAATCGGTGGTATGTCTTCCTTTGTATTTCGATCTTACACTTGAAGAAATTGATTTAATTGCTAGACTTATTTTAAGAACACAAAATAATTAAAATGCAAGGTGCAATGCGTACCATATCTAGTGATCTCGATTTATATCAAAACACTTGTATGTATAACGCCAAGATACATTTGAATATTTATTTGAAAACGGAATTGAGCATTTTTTTTGAATTTAAACTGGAGGAAAATATTACATCAAAATTATGGTAAAGCCTTTAGTAAGCGTTGTAATGATTACATACGGACACGAGGAATTTATAATTGAAGCTATTAATGGGGTCTTATTACAACAATATGACGGCGCTATTGAGTTGATAATCGCTAATGATAGATCCCCAGACAATACAGATGAGATTATAAAGTCTTTTCTTCAAAAAATAGAAATTCCGAAGAATATTGATGTGAAATATGTTTTACATGAGAAAAATAAAGGTATGCTGGCTAATTTCCTCTGGACGATTGAACAGGGGCGAGGGAAATATATCGCTATTTGTGAAGGGGATGACTTTTGGATCGACCCCTTAAAAATTCAGAAGCAGGTTGAGGTTTTAGAAAAAAATTCGGAGTATAACCTATGTGTTCATAATACAGTTGTTTTAAAAGGTAATATCGAGGAAAAAGAAGATTGGCGCTGGGATACGAAAAGACAGATTTTCGATTTGAGAGATTATATCTATAGATTATTTTTCCATACTAGTTCTGCTCTTTTTCGAAAAATGGATAATTTACCTAGTTATATATTTAGAGAGGGGACAATGCAAGCAGATATAGCTCTGTTTTTAGCTGTAATTGATGCGAAAAAGGTCTTTTTTATTTCTGAGTATATGTCCACTTATCGTATTCACACAGGAGGCATTACGAATTCCTCCTTACATAAAAATCAAAGAAAGGCTTATCAATCATTATTGTCTATATTTGAGGGATTTCTTACATATTCTAATTCCAAATATAAACGCGAAATACTTTTTAAAATGGAATTAATTAAAAGATTGATTATTGTTTTTGATGATAAATCTAATTTTTTAAAAAGGTCAAAAGCTAAGATCGAATACTATTTTTACAAGATCGCATTGCGTTTTGCCACAATATAGGACGAAAAGTATATTAGAGGAATTTAAGATTGTTTAACGTAACAAGGGAGAATGTTTATATTGCTTACTTTAATTAGTGAGCAGATAATTAGAAAAAATCTATGTTGTCAAATCTACTCAAAGGACTATTTGTCTTTTCTATCTTATATGATACAACTTTTAAAGCCATACCAATAACAACAGCAAGGTTGGGAATTTTAGGACTTTTTCTAGTTATTATGCTAACAAAAAGGATAACACTAAAAAAAGATTTATTCTCGATTATTATTCCGTTGTTAATTTTTGCTGCGTTTTCGATTTTACAGGGAGCATATTCAAATGATTTTACGCAAACATCAAGATTATTATTCTTTACCTTATACTCTGTGATTGGAGCATATTTTTTTGTACCCTACATTAGAGGAAAAGAGGAACTTTTATGGCTGTTTTTAATTGCCTGTAGTTTTCAGTCTATAATTCTCATATCTACCTTTTTTACCCCTTCGGTGAAGAGCTTTCTTGGTAGCATGATTGAGTTTGGTGGCAACTTTAAGGAGGATAATGTCTATAGGTCGTTTGGTTTAGCCAGTACAACTGGGGCTGCATTATCTGTAATACAGAGTATAGGCGTTATTTCCTCTGTCTACATTTTAAAATATTATCGTCCAAAGCGTCAAATGTTTGCTAATATAGTATTGTTGATGGGGATTTTGTGCTTCCTTAGTAGCATTACTGCGGGCAGAACAGGTGTGATAATAGGTCTTGTCTTTTTTATATTTCTTCTATTTAGAACTTTCAGCGTTAAGTCGCTCTTTGTCGGAACGATAGTTTTTTTTGCAATATTTGTTTTAGACATTGAATCCCTTGCAATAAAAATGCTGGGACAGATAGAAGGTTTTTCCACTGAATATTTTATTGACAAATGGCTAAAGGAAGGACTATCTACACAAGATAATGAGACGTTAAATGCTATAAATAGAATGAAGGTGCCACCAATTGGATGGGATACTATCATTGGAACAGGAAAGATAGTTGGCCTCTCTGGAGAAAATGCGTCAGGGAACGATTCAGGCTATAT
CP177226.1_gap3	362258	362903	645	CATTCTTCGATGTGAAAACCGTGAAAAAGTATTTGGATGTCATGGCATTATACAAAATGAATACGTTTCATTGGCATTTGACGGATGACCAGGGTTGGCGGATTGAAATAAAGAAATATCCGAAATTGACCATGGAAAATGCGACGGTATTTCATCGAACAGAAAAGCAACCTGCAGAACGCAGTGGATTTTATACACAGGAGCAGATCAAGGAAGTTGTCCAATATGCACGGGAACGCAATATTACGATTGTGCCCGAGATTGATGTTCCTGGACATTCATGGCCGACCATATTAGCTTATCCTGAACTTGGGGTCAACAAAAATTCCTACCCGAATCACATTTTTCCTTTTGTGTCATCTTGGGGCTATTGGGGAAATCAATTTACCCCCAATACATTGGATCCGACAAAAGAGTTTACCTATGAATTCCTGAATAATGTGTTCACTGAAATCGCGAATCTCTTCCCAGGTAGTTATATCCATTTTGGAGGGGACGAAGTCCGTCATGACTTGTGGGAAAAAGAACCACACGTGCAGGATTTTATGAAACAGCACCAGATTAAGGATGTCAAAGCACTGCAGAGCTATTTCGTTCAACGTGTTTCTGCTATCATTGTCCAAAAAGGAAAAAAACCGATCGGGT
CP177226.1_gap4	381605	384172	2567	AATAACGTTGGTGAAACCGAGACCATATTTAGTTGCTGAAAGCGCTGCTATAGCATAGGTTGGGTGTAGCTGAAAAATTATTATAAAATGAAATCAAAATTTATATTGGTAGGATTAGCCTGTTTGTCTTTTGGGACAAGTATAAAGGCGCAGGACTTGATCAAACAGATCCCCGAAGATGCAGAAATGATTGCGGCTTTCAATATGAAAGATATTGTACAGAAGGCTAATGCAAATAAGCTGAACGAGTTGCTTCAGAAAACTGGTTTTTTTGAGAAGTCGGGAATTCCAGCAAATAGGGATATTAAAAATCTAGGTGTAGACCTGTCTCAGACCGCTTATTTTTATACAAGGAAAACTGACAGTATAAGCTTTACGGAATTCATATTTCCTTTAAACAATAAAGGGCAATTTGAGAAATTGCTTCATGAGGCTGGTGAGCCGAAAGCATTTGCTAATGGATATTTAAGCGTCGGTCTTAAACCAGGTAGCATGTTGGTCTATAATGATCGGATTGCTCGATTTATTTCGGCGACGACGAATACCACCTTTTTAGACAATGATTCAATTGCTAGTCGGTATGGAATCAAAAAGGTTGATTACGTCGCGCGCCCGTCTGACGATTATGATGCATGGGCAGATACGACAGTTGCCGCTGTGGATTCAGTTGCCGAGGTTTGGGATGAGGATGAAAAACCGCTTGCCGTTCCGGTAGCACCGCCAGTTGCTATTGCCGTTGAACCCGATACGATCGCGGCCGCTGCGACGGAAGTATTACCACCGGTTGTTGATATCGCTGCGGGTGATCCCGTTGAAATGCATGATCCCAGTTATTATGATTCGCTTTATACGGCCTATGAAGATCAAAACAGAAAAAATGATTCTATTCGTACTGGTTTGCGCGATAAATGGTTGTTGAATGAAGCGTCCCGTTTGCTTTCAGGAAATTATAAGTCCCTGTCAATTTCAGATCAGGAGAAAGTTCTAAAAAATCTGGGACTTATTCGATTGTATGTTCCTCATGTAGAGGATCTATATCGTGGTCTATTGCCTTATACCACCTCTCTTCCTTATTATTACATGGGGATCAAACTGGATAAGTTCAAGGCCGGTTATCAAGATGGTCTATTGGATTTAGTGCAAGAGGGAAATGTGTTGAAGTTAAAAGGGTCTGTAGGCTTAGATAAAACTTTGGCAGAGATTACAAAAAGAATGTATGCGAGAAAACCCAATGCGAAGTTCAGTAAATATTTAACCGATAAGACTTTGGGGTTTTTTAATGTGAACATTAATTCAGAAGCGTATTTAAGAGAAATGCCGGCTTATATGGCTAAGTATTACAGTGGTTTGCTTGGTCCGCAACAAGATGTTGTGGAGTGGGGGCTGATGGCGCTTGAAATAGCATTAGATGAAAAGGCCATTGCTCAGGTGATGCCTGGAGACCATCTTGTCGTTGTTAACGGTCTGCGCAAGTTCAAGAAAGACTATATCGATTACACCTATGATGATGATTATAATGCAACTGAAGTGAAAAAGACAAAAGAAGAAACACTTCCTGTATTTATTTGGATGTTTACATCAAAGGATCAACGTTTGATAAAAAAGGGGTTGGAAATGGCCGTTTCAAAACAAGCTGGGCAGATTCATGACGGTATTTATTCGTTTTCAACCAAGAAAGCCATGGACTTTCCAATGTATGTTCTCCTGAAAGAGGATTTGGTAATGGTCAGTAATGATTCGTTGGCCTTGAATGATATCCGTCAGAATAAGATGAACGCCTCTGTAAATAAGGATTTTGTGAAGCTTATGAAGCAAAATAAGATGTCTGCGGCTATGGATCTGCAAAAGCTGCCTGGAATGTTAAAGGAAATGGGGGTTGCACCTGGTAAACAATGGGAAACAACACTGGCGCAACTCAATCAATATGGCAGTACCGCAATTACTTCAAAGGGCGTAGTGGGTAGCCGTGCCGAAGTTGAAATGTCGACAAGATTGCCGCAGACCGGTGATGGTGCGATCAGTTATTTACTCGATCAAATCTTGGCTGAATTAAATAAAAAGTAACTAAAGGAGGGTGCGAAACAATTTTATTGCACCATTGTTTGGGTTTCTTTTGTAATATTATGGTTATATTTTTATAATGTTAAAATAATATTAAGATCGTTTGCTTTGTTTATGGTACTTTTGACGTTTAATAAATTAAGTTAACAGACAAAAAACGATTTTATACATCACGATATGGGGATATTTTCAAAACTGTTTGGAAACAAAACTCAGGAATCAAAAGTAAAGGTTGTCGGTAAATTGGCCTTCTTGGAGGTAGATATGCATAACCATATCCTTCCTGGAATAGATGATGGAAGTCAATCAATTGAACAATCATTAGTATTGTTGAAAGGGCTTGGCCGAATGGGCTTCGAGAAATTTATCTGTACACCGCATATTATGGATGGCGTACATCCAAATTCGATTCGTACGATTGAAGCTGCGAAGGACAAATTACTGGCTGGCATCGCTGGGCAACCTAATATGCCGGAAATTCATGCGGCAGCTGAGCATATGATAGA
CP177226.1_gap5	385333	390151	4818	TGGTTACAGATTTGGCCTATTCGATCTTGGAAGAACATTATGAAGTTGCTCCTGAAAATGAAAAGTTAAAACTAGAATATGCTTTGGACGAAGGGGCGAACTATTTTGAAGTCCGTAATTTTATTGAAAAGCTTGTCGCTACAAATTACCTGACAGCAGGTGAATATAACACCAATCTCAATCATTTGATGCAAGTTGCGGAGATAGGGCGATATCAACACGATCAGAATCAGTTACAACAGATGGTCTATCGTGTTCGAGATAATCATTTCAATAATTATAGGCTACATCTGTTTGCATTGAAGGCATCTGAATTTGTAGCTGAGGTGATTGGCAAAGAACATGCGCTATATGGTATTGTCAAAACCTTAGGTAATCGTATTAATAGCTTTTTTGACTATGTAAAAACGGACGAGCTTTATGTGCATGTAAAACATATCGGTACAAAGACTGCATTTAAAATCTTTAAGGACTCTATACAGCAATTTGTTGAACCTACAGAAGCCTTATCTTTCTATATGGAAATTGTACCATGGAAAGATGCCTGGAATCTGTCGGGAATCATGACCGTTGTGAATACCGACGAAGTAAATTTTGATTTACCGGAACAATATGAGATGACTTATCGCATTGAGGCCTTGAATGGCAAGGACAAGAGCTTGAAGAAAACAGAAAAGCAGCTGAAAGATATGGGTAAATTATTCCAGTCAGAGCATAAGGCGGCTGTTGCGTTTATGGAAGGAAAAGACGTGAAGGAATTTGCAACAGATTTCTTTAAGAAATATCAACAAAAATATCCGAGCAAAGAAGAATCTCCACTTCCAGAATCAAATTTGGATCTTACAAAAGATGCGAAAGTCACGGTATTCTTTAATCCGAAGACAGGATTAGAAGTTTTTGGTGGTATAGAAGAGTTTTTTCCATTAAAAAATAACGACTTTGTGGAGAAAGGTAATCAAAATGACGTGCCTTATGCACGATATTTTTTGAATCTTTTGGTTGAGGATTTCTTTCCGAGCGAGTTGCCTAAGTACTATGTCAATCTATTTAAGGCGGAAGTGGATAAGCAATTTTTCTTTCCAGTGGACGATGCGGTACTTGATTTCTTTCTCCGTTTCTATAAACGAGCGACTTACTTCTTGGGACCATTTCCGTTGTTAAAATAGAAAGCAGTATTGTAATCAATAGAAATAAATAAAAATTCCATGGCATACATGTCATGGAATTTTTTTATGTATTTAAGTCAGGTTTTTCTTTGCTGTAGAAGATGGCGTGGTCTCCTGACCATTATTTTGTTGATCGAATACTCCATGCACTTGTGTTAATTTAATATAAATTGATTATAACTAAATCGTTATCACTTGTTAGCCTTGGGTTTGTAGGTCGTATATCCTGTGTATTTCATGGGCATATTTTAAAAAATTCTCACTAAACTTGTAGGATCAATTATAAGTGATGAAGCATGCCTATTGAAAATAATAATGCCTTGGATTTTAAAACTTTCTTCTTGCTGTATAAGGACAAAGTGTATAAATATGCGTATTTACACCTGAAAGAAGAACCAGCTGCCGCAGATTTGGTCCAGGAAACATTCTCCCGAATTTGGAAAAAATGGGCAGAATTGGACGGCGATAAAAATCCACAATCCTATCTCTATACGATTGCCCGCAATCTTGTATTTGATGAGCTTCGGAAACAAAAGGTGAGATTCCAATTTCAGGCTACAGATATCGATCAAACCAAATTGGTAGACAATTCAAATGAGGAAGCTATTCGGTTTAAAGATTTGGAGCGAGTTTATCGCGAGGCCATTTCAAAACTCCCAAAATCGCGACTTGAAATTTTTCTTTTGAGTAAAGAAGAGTTTTTGGATAATCATGAGATTGCTGAAAGGCTCGGTATATCTGTGAATACGGTCCGTGACCAACTGGTTAAAGGAAATAAGTTTGTGCGCCAATATATTCTTGATCATTTTGAGATTTCAATAGCCCTATTGATTTTTTTAAATATTTTTTAGAGCCGCATCGTCTTCCGGTCATCTAGGTACGTATATGTATTTAAAGATGGGCATAGATGATGAATTCCAAAATAGCTGCTTTATATAAAAAATTCCTTAAGGGAGAACTTAGTCCCGAGGAAAACACCATATTTCTTGATTTGCTGACTTCTTGTGAGAGGGATGAGCTTCCGGATGTGGAAGAGGTGGTTGCGCTAGACGATCGTGATTGTGAGCTGAACAAAACAATTTCTGAAGATATTTTCTTTACAATCACCGGAACCTCGTTGACGCCGCCCGTAATACCTATTTGGAAAAGACGTTGGTCTGTCATTTCCGCTGCCGCTTGCCTACTGTTTATCGGTCTTGCTTGCCTATTTCAATTTAAATTTAAGGAACAACATGTGACTAGGGCTTCTGAAATTGTTCATTATTCCAATCCGACAAAATTTGTTAAGCAACTTGTATTGCCCGATGGTACACATGTTTCTCTTCGGCAAGGTGCGCATATTGAATTGTTGTCAGATTTTGATGCAGATAGTTTACGTCGGATAAAGCTTTCGGGGGAAGCATTTTTTGAGGTGGCTAAGAATGCTGAACAACCTTTTGTAATTGCCAGTTCTGGGGACTTTGATGTACGTGTATTAGGCACAGCATTTAATTTAAATTGTTCTGAGGGGCGTAGCAGTCTGGTGTTGAATCATGGTAAAGTACGCGTTTCGCGCGGCGGGCAATATTCATTTGTTACCCCTGGCCAAAAAGTCGCCTATGATGCGCGACAAAGACAATTTGATGTAGCCAAAACGGATACGAGCACTGCATCGAACTGGAAGAGTGATCTCTTGTCATTTAATCAAGTTCCACTCACGCAGATAGTAGATGATCTAAATAATCTTTATCCGGATAGCCAACTCGAATTGATAGACTCCTTCCGGACTGAAAGTTATACCGGTTATCTACCGGCTAGCGATTTGGAAAAGTCGCTCAAGATGCTCAATACTGCATTTAATCAAACAATTATCCATAAAAAGTAATTTATGAAAAGAACCAATTACTATTTAAAACTCATGGGAGGAGCTTTGCTATTCCAAACGCTCGCGCTTCAGACCATGGCCTCACAATTTTCTAGCAGTGAAGGAATCGGGAAAATCCTCACGCGAATGGAACAGAAATTCAACGTTAAATTTGGTTATGACGCTTCGATCTCGAACCAAAAGATCAATGAATCCGCTGACCTTGATAAATTGAAAAAGGAACAAATTGTTCAATTTATACAGACGATTTCGGACGGAAATCTTGAGGTCAAAAAAATTGATGAAAAGCTTTATGTGATCTCGAGAAAAACCGGCGCTGATGCAAGGGTGAAAAACGAAAAACCGGTTTCTAATACAGCCAAAGAGATCAATGGTAGGGTTGTGGATCAAGAAACGGGGCAGCCTATCGCTGGTGTAACCGTACGTGTTAAAGGGACTGCTGCTGCTGTTTCTACTGATGGAAACGGTCTATTCAAATTGACAAATACTGCGGAAGATGCTATTCTTCAGATTTCCTTCATTGGGTATGAAAGTATTGAAATTTTGGGATCGCAGGCTGGAACAATTAAATTGGTAAAGTCATCACATTCATTGGATGAGGTTGTTGTAACAGCTTTGGGGATAAAAAGGGAGCAAAGAGCCTTAGGGTATGCAACGCAGAGTGTGAGAGGGGAAGATTTGACGCGTGTGAAAGGGGTAGATGTTGGAACGACTTTGACAGGACGGATGTCAGGAGTACGTGTTTTGAACAGCACCGAGTTTAATAGTACACCTCAAATTCAAGTAAGGGGATTAACACCTATTTTAGTGATTGATGGAGTGGCTTATGAAAATTTGACCTTGCGCGATGTGCCGGTAGATAACATCGAGGATATGACCGTGCTAAAAGGTGCAACAGCCACAGCTTTGTATGGTAGTATGGGAGCTGGGGGAGCGATTATGGTTACCACGAAAAAGGGGCTTGGAGAGAAGGGAACTGAAATTACGGTCAATAGTAACAATATGTTCTTTTCGGGCTATTTAGCGCTTCCTGAGGTGCAAAGCTCTTATTCATCCGGTGAATTTGGCAAGTTCAATAACAATGATTACGTCTGGGGAGATAAATTGGACATCGGTCGTACGGCTTCGCAGTGGAATCCTTTGACCAAGCAATTGGAAATGCAACCGTTGACTTCTCGGGGGAAAAACAATTTTCAAAATTTTCTCGAACCTGGCTTTATATCGAATAACACGGTAAGTTTCACGAATCAAGGTGAACATGGAAGCATACGGACATCCATTAATCATATTTATAATAAGGGACAGTACCCTAATCAGAAGCTGAATATGACGAATTTGTCGGTTTCTGGACAGACCAAGATCAGTAGCAAGGTCGATTTGGAAACACGACTTGCTTATAACCGGAATGCATCGTCTAATAACTTTGGTGCGGGGTATAATGATCAAGGTTATATTTATAATATTCTAGTATGGACAGGACCTGAATACGATCTTCAGCAATATAAAGATTATTGGATGATTAAAGACCAGAAACAAAACTGGATGTACAATGGCTGGTATGATAATCCCTATTTGATAGCTTATGAAAAAACCACACCTAGTCTAAGCAATAAATTGAATGCGGCAATCACGCTTAACTATAAGGTTGCAGATTGGGGTAAATTTATGCTAAGGACAGGATACGATTATTTAAGTGAAACTAGAACACAACAAAACCCGATTGGGATTTATGGTACACGTGGTGGTTTTACGGATTTTGGCGGGTTTGATAGCAAGGGAAAATATATG
CP177226.1_gap6	476514	480171	3657	TTTTCGGTGTATTCAATAAGTTGATAAGCCACATCCGGGATTTCATTTACATAACTTGCCAATTGATTGTCGTTGTGTAAAAGGACGATCAGACTTTTGGATTTATCTCTTCCTTTCAGCTGGAAAACTTTCTCCACGGCATCAGGATTGGTGGCATCACAACCGATCCCCCAAATGGTGTCGGTAGGGTATAGAATTAATCCGCCGTTTTTTAAGGTCTCCAAGGCCTTATTCAAATCCTCACGATCTACGAATGCACTCATCTTATCTTTATACTAGTTTTAACTTTATACAGCTACATTATGATCACGTAGTGCATCATTTAATGAAGTCTTTTTGTCTGTAGACTCTTTACGTTGACCAATGATCAAAGCGCAAGGAACTTGATATTCCCCTGCCGCAAATTTTTTGGTGTAAGAACCCGGGATAACAACAGAGCGGGCAGGTACATAACCTTTATATTCTACTGGTTGAGGTCCCGTAACGTCGATAATTTTTGTTGACGCTGTCAATACCACATTAGCACCCAACACAGCTTCTTTCTCTACACGAATACCTTCTACTACAATCGCTCTTGAACCAATGAAAACATTGTCCTCAATAATCACTGGAGCTGCTTGTACAGGCTCTAATACGCCACCAATTCCGACGCCGCCACTTAAGTGTACATGTTTACCAATTTGTGCACAAGAGCCAACAGTTGCCCAAGTATCCACCATGGTGCCTTCGTCTACATAAGCACCGATGTTAACGTAAGAAGGCATCATAATCACTCCTTTAGCCAAATATGCACCTAAACGAGCAGAAGCCCCTGGTACAACACGTACTCCAGTGTGCTTGTAGTCTGTCTTTAATTTCATTTTATCATGAAACACAAAAGGACCTGCAGTCATTTCGCGCATATCATTGATTGGAAAATATAAAATAACAGCTTTCTTTATCCAGTCATTGACGTGCCATCTTGTACCGATCATTTCAGCGACGCGGATTTCACCGCTATCTAATTTCATGATAACAGTGCGGATGGCTTCTGTATATTCTTTATATTCCAATAATTGCCTATCTTCCCAAGCTTCCTCAATCAGTTTTTTAAGTGGCTCTACCATATTATTTATTTTCTTATTTGAATTAGTTTATTTTGATGTACAAACTTAGATAAAGTTGGACTTAAAAACAACTTTATCCATTGTTCCTTGCAATAGACTTTCCTGATAACAACACCCTATCAGATTATGGTCAACTCCTGACTCCAACCACAGTGTATGCACAGTGAGTCCACGTTGAGTCCACCTTTTTAAGGTGCATTCACACTACAGACATTGTTTTCACACCCCGCTTGCAGTCAGGACTTGGTATGGATTTGATGACAACTTGTCCGCAATTAGCTATTACACTCTTCCGGTGAACGGATGAAAGACGTTTTAATAATTGAACTCAGTTTAATCGGAATTTTCCATAATTGCTTTTGGTTATAATGGTTCTAAAAATATAATTATTTTTGTATTATGGCTGGAACATCAGAAAAATTGAGAATTGATAAATATTTGTGGTCAATTCGCTTATTTAAGACAAGAACTTTGGCAACAGAGGCCTGTAAGGCAGGTCGGGTGAAACTAAAAGGCCAAAATATAAAACCCTCCTATGAAGTTAAGATCGGAGATGTATACCATGTCCAAAAGGGAATTGAGAAAAAAGTGGTGAAGGTGACAGGTCTTTTGGAACGTCGTGTTGACGCCAAGACTGCTGTTCAATTCTACGAGGATCAAACACCTGTTGAAGAAACTGTAGGGTTTAAATCCGTATTTCATGCTCCTGTCCTAAAACGCGACCGCGGTACAGGGCGACCTACTAAAAAAGACCGTCGTGAGATAGATGATTTACAATCTTCAGAATGGTGGGAGAAGGAAGATGAATAACCTCAAGATATGCGCCATAATAATTGTGGGAAGCCTGTTGGCAATTTCCTGTAAATCGTATCAAAAACCTGTGGCCATGACGGAGGGTGAATTTGTTTTGGCGATCCATGGTGGAGCGGGGACGATCTTGAAAAAGAATATGACAGATTCGATGGAGCAGGCTTATAGGATCGTCTTGGAGCAAGCGCTTCGTATCGGCTATCAAAAGTTGCAAGAAGGTAAATCCAGTTTGGAAGCCGTCGAATCTGCTATCCATGTTATGGAAGACTCACCTTTGTTTAATGCAGGGAAAGGAGCGGTTTTTACACATGACGGACGCAACGAACTGGATGCTTCCATCATGGATGGTAAATCCTTAGCCGCAGGCGCCGTTGCAGGAGTGACGACGATCAAAAATCCAATCTCGGCAGCCAAGGCGGTGATGGAAAAATCTGAGCATGTTATGATGGTGGGTAAAGGTGCCGAAGAGTTTGCGAAGCAAGTGGGATTGACCATTGTAGACCCTTCTTATTTTTGGACGGAAGCGCGTTGGGAAGCTTTGCAGAAAGTGAGCAAGGATGACAGTACACGAACACAACTAGATCACGATCAAAAACAAAGCTCACGCTTAGGCATCATCAATAAAGATGCTAAATTCGGTACAGTAGGATGTGTTGCCTTGGATAAAGCAGGAAACTTGGCCGCGGGTACGTCTACAGGAGGGATGACAAACAAGAAGTTTGGGCGGGTCGGAGATTCACCAATTATTGGTGCTGGAACGTATGCGAACAATAATACCTGTGCTGTTTCCTGTACTGGATGGGGTGAATATTATATCCGCACCGTGGCGGCATATTCGGTGTCCGCTTTAATGGAATATAAAGGTGAACCTGTTGATCAGGCGAGCAGGCAAGTAATTGATCGGATTGGTGAAATGGGCGGTAATGGCGGCATGATCGCATTGGATAAAAATGGACATGTTGCTATGCCTTTTAATACCGCCGGCATGTATCGGGGTACGGTGACTAAAGACGGTAAAATAACAGTAGAAATTTATAAGTAGCCAATTCAGCTGTTTTCAGCTTCATAAAATATCCCAAGTGATCAATACAATACATGTTGAAGATCGCTTGGGATATTTTATGCTAATTATTTTTATTGAACAGCAGTTATGGCCTATTATGTCAAATTGCCGTTAGGTATTGTTCTATCTCATCAAATTGGATATCACCATGTGAAGCGTCATATAAACTGTTTTTTCCTTCAACAATCAGTATTTGAGGTGATTGATGTTCTACATTCCAACGTTGGGCAATCTCATTCGATAAAGGGCGGTAACGCAAAAGGTCTAAAAGATAAATCGCATAATCATGGTCTGAAGTAGCAGACATACGCTCAAGACTACGCTTAGCCATATTGCTAATACCACAAGTCGTGCTATGTTTAAAGATGGCTACAACTTTATCGGATTGATAAAGCTCCTGTAGCTGTTCTTCTGTATTTAATTCTATCCAATTAATCATATTATAGTTCTGTAAATTTTTTCTGTTCTACCTGTACAAAAGATGAAATAGAGGAGAATATACAACTCTTTTGGTCATTGCTTGTGGAATTGAAGAAACTGGGTAAACGTATCCCGTCGCCAATCTCTTTATATTTGCTCACTTCATAGGTGTTTTTTTCGCCCTTATCTGTGTATTCGTAACGCACAATCTCACCAGTATTTTGATCAATATAAAGCAAACCATCAATCTTTGAACCA
CP177226.1_gap7	535990	537030	1040	ATGCAAAGAACGAAGGTCAAGAACGTATTTCGGTCTATGATGATGATACCATGCCATACAGTTTCTTATGGTGGTTGCATAAGACGAGATTAGAATATGCTGATACCTATCAGCCCTATGTTAAATCCCCATTAGGGCCAATGAAGCCCTCCAATGACGATATTGCTAAAATTCATGAGAAACTAGATACTCAGCTACTCGATCAACAGATCCGGGAGAATATTTTTCATTTACAATCGCCTGAAGCAAAGTTGAGTGATGAGGTTAAAACGACAATCTCTTTTCAAATACCGCGTAAAACTGATGAGGTGATCGAAAAGTTTATTCGTGAAGAGCCTATGATTCAGCCTTTACAAGCGGAAAAATTAGACTTGGAGAATAAAGCTAGGAAAAGTTCGGAAGATCAACATACACTTGTTACCGAAACGCTCGCAAAGATCTATGTGGAACAAGGCTTATATCCAAAAGCAATAGAGGTTTACAAAAAATTAGTTTTGAAATATCCAGAAAAAAATGCTTACTTTGCGGCACGCATAACAGAATTAGAAAAGAAATTAAATTAATAACATAAAGAGATGCAAGGATTATTAATCGGTCTAATCATATTAGCTAGTATTATTTTAGCGTTTTTGGTTTTAATCCAAAATCCAAAAGGAGGTGGTTTGTCATCTGGTTTTTCAGGTGGAACGAATCTTATGGGAGTAAAACGTACAGGTGACTTTTTGGAAAAAGGTACTTGGATCATGGTTATTGCCATTATGGTGTTTAGCTTAGGTGTAAATATTATTGGCACATCACCAAGTACATCTAAAGGTGGATTGGGCGGTCAAATTGAAGCGCCTAAACAACAAGGTCCATTGAATTTGGGTACTGGACAACAACCTGCTGGTACTCCTGCGGGACAAGGGCAAGCTGCTCCGGCTCAATCGCAAGAAAAGGCCCCAGTGACTACACCGGCAACAAAACCAGCAGAAGAAGCTAAGAAATAGTTATCAATAAAGAATTATGAGCCCCGTTTGTTTCACAGACGGGGCTTTTTT
CP177226.1_gap8	538585	540597	2012	TAGAAGATATCGCTATTTTAACTGGCGGTACTGTTATCTCTGAAGAAAGAGGTTTCAAATTAGAGAATGCTGAATTATCTTACTTGGGTCAAGCTGAAAAAGTTCAAGTTGACAAAGATAACACAACTATTATCAATGGTTCTGGTAATGTAGAGGATATCAAAGCACGCGTTGCTCAAATCCGTTCACAGATCGAAACAACAACTTCTGATTACGATCGCGAAAAACTACAAGAACGTTTGGCAAAATTGTCAGGTGGTGTAGCTGTATTATATGTAGGTGCAACTACTGAGGTTGAAATGAAAGAGAAAAAAGACCGTGTTGATGATGCTTTACATGCAACTCGTGCAGCTGTTGAAGAAGGTATTATTGCTGGTGGTGGTGTTGCATTCATTCGCTCAACTGAAGCTTTGGTAAACCTTAAAGGTGATAACGAAGATGAGCAAATCGGTATTGACATTATTAAACGCGCTATCGAAGAACCATTACGTCAGATCTGTAATAACGCTGGTATCGAAGGTGCGGTAATCGTTCAAAAAGTGAAAGAAGGAACTGCAGATTTCGGTTACAACGCACGTACAGACCGTTACGAAAACTTAATCGCTGCTGGTGTAATCGATCCAACTAAAGTATCTCGTGTAGCATTGGAAAATGCAGCTTCAGTTGCTTCAATGTTATTGACTACCGAGTGTGTATTAGCTGACGAAGCTGAAGAAAACCCTGTAGGTGCTGGTGCTCCTCCAATGGGTGGCGGTATGGGTGGAATGATGTAAGATTCATCCTTATAAAAAAAAACCTGTTATCTTAGATAACAGGTTTTTTTTATGCCTTGTACTTAATGACGCCTTCTATATTTCTCGTAATAATGATCGTACTCTCGAGGTGAATAATTAATAGTTTAATCATTTTTAATCTAATAACCTTTCGCTGTATCGTCTCCACGTGGATCGGCTCCTGTCTGTAATTTACCATTTGGTAAGACAAGTATATTCTCCACACGGCCGATTGCCCCTCTCGGATTTATCGTATAGCCATCTTTTGTCAATTGGTCACGTAAATTGGCATTGATAGCGTTATTTTCGACATCAATGCGATCAGGAAGCCATTGATGATGAAATCTTGGCAGGCTCACTGCCGATTGTGCATTTTGTCGGAAGTCAATAACGTTGAGGATAGTCTGAAAAACAGAGGTAATGATGGTTGATCCCCCGGGGGTTCCCACAACCATGAATAGTTTGCCATCTTTTTCTACAATAGTGGGTGTCATTGAGCTGAGCATTCTTTTGCCGGGCTGAATCTCGTTCGCTTTTTCCCCTGTAAGCCCATACATGTTTGGGACACCGGTCTTCACAGAGAAATCATCCATTTCATTGTTTAGGAGAAAACCTGCGCCGGCCACAAATACTCCCGAGCCATAAGAATCATTGAGTGTTGTTGTAATGGATACTGCATTCCCTTGCTCGTCTACGATATTGAAATGTGTCGTTTGTTCACTTTCATAGCCAGGAATGACATCTGCATTGACATCTTTGCTTAATGTCGCTTTACGGAAATTGAATGAATTGAGTTTATGTGCATTTGAGCTGGAGTCAATAAGCTGTTGGACAGGTACCCTAATAAAATCAGGATCTCCTAAATATTTGGCCCGATTGGCATATACATAACGTTCAGCTTCGACCATGACACGAATGGTTGAATCGGTTTGAAAGCCCCAGCGTTGAAGTGGAAACTGTTCGACTGATTTGAGCAGGGCCAAAAGAGATGTTCCCCCACTCGAAGGCGGCGGCATGGAAATAACTTTGTGCCCCCTGTAATTTGTGGAAATTGGGGTACGCCAAAGTGCCTGATAATCCAGTAGATCTTGATGATTGATAATGCCTTTCCCTTTGTCCATTTCGGCAACAATTAAGTCGGCCGTTTTACCTTTATAGAAGCCGTCTCGCCCTTCTATTGCGATTCTTTCCAGCGTTTTCGCGAGTTCCTCCTGTATAAATAGGTCACCGGTTTTCCAA
CP177226.1_gap9	731281	733866	2585	TTTACTCCTGCTCCAATTGAATAGTCCTGAATAGGAAATGTTATAAGATTTAAAGACTTTAGCTTCTATACTGGGTTGAAATAGATAGCTCATACTTCTAATAGGGACTAGGGCATTGTTTAACAATTGATTGTATTTGAAGTGAGAAATGCTTCCTTTTAGTTTGAGGGTACTTGCCAGGGGGAAAATGTATTTATCGAACCCGATCTGAGAAGACCAGCGCTCCTGCAGGTTATCCATATTGACCAAGATATTTTCGGTGATGTTATTTTTTATAACGGAAGATAATATCGTGTTGGAAAGCGATCTTGAATAGCTAACACCAGCATTTGCAAATAATACTTTTAGGGTACGGGCTAAATTATAATTGAGATTAAATGTATGTTTTTTGGATTCATTTAGCGCTGCATTATTTTGGCTGAGCATTCTATAGTTCCGTAATACCGCACCGCGGTATATATCTTCTATGTTGCCAATGTCCTGCGCAAATTGATAGTTAAATTGAAGATAGTCTTCTTGAGAAACCTGCCATCTCGCTTTTAAATTAGGATTGATCAGCACAGAATTTTTGGAAGTGGACAGCTGATGACTGACATCTTCATAATGCGTAAATAAATAGGTGACCGGGATGTCGAGCTGGGTTTCAAACCGACTTGTTTTCCAGGAATATTGAGGAGTAATAAATGCTTGGGACCTGCTCCAATGCAGATCATTACGGGTATTATCGCCCAAAGTTCGAATATGTTGATCATTATCCGCTATTGTAAGGAGCGAGTTGAAGTGTTGGCGATCTGTATCGAAGCCAATTTGATAGTATTGCTTGATTCTGCCTTTATTGAAACGATAACCTGTACTGACCTCCGTAAAAAAGGAAGGAACTTCAATTTGCTGGCGGCTACTTTTATAGGGAATGCTATCGTTGAGTATTTCTGGAAAAACACCGGGATAGATCTGTAAAGACTGTGGTTTATTACCATAATTTAAAGTCCAGTTGATTGCAATAATGTCGTTGTTTTTAAGTTGGGGTATATAGCTAAACAAGTTGCTGAATCCCTTGATGTGGTGTTTTTGGAACTGCTCGATCTGGCCTGAAGAGTTTGTCAACAATGCTGTTATATCTTTTTTTTCATACTCAAATGACAAGGCATTACTCGCATATTTCTTTTCCGTATTGGTGGATGCCGAAAGTCTGGCTGCGCCAAGCCATCGCGCTGTTTTCAGCTGATTTTGCTCATTAAAATAGACGTCGCCATCATCGAGCAGGTATTGTGTGCTTGAGGCATTATTTTGCCTATTGTTGTCGTATAAAACCTGAATATTTGATTTTAGCTGCCAGTGATTCTTAAGGTTATATAGATTATTGGTGTTTAGCGAACCTGTATTGTTGAAATAATAGTTGTTTTTAGGGATATTTGGACTGCCTGTTGTGCTCGTCGCCAGGAGATTGTTGATGGGCGAGCTACCAAACTTGGCCAGTAAAGAGGACTGATTGGCGCCGATGATATCTCCGGAAAGATCATTGCCGGTATTATTACCGCTGAGGACATTCAACATCTTAACTTTTTTGTTGAATAGGATTGAGTTCAATTCAGGATCATAGAGATTGGGCGTGCCGACGCCAATTTTGGCCTGCCCAGTGAGTTTTAGCTTTGCTTCCTCTTTGATAACGAGATTTATGGCGACGTCTTCTGTAAACCGTTTATTTTTAAGAACTTTATAATGTTCGTGATTGTCGAGTACCTGAATGTCTTTTACCATTTTATGCGGGATTGTCCGTGTACCTACACCATAGCGGTTTTCCAATAGATCGTCACCGTCAATGTAAAGTTTAGAAACGGTTTTGTCCTGGTATTTAATAAGACCCGATTCAGTAACTTCCATACCCGGAAGACGTTTGATTACGTCGCCTATATTTCGATCCTCTTCTTTGGCAAAAGATCCGACGTCGTAAGAGATCGTATCATTTGAACGGCTTACTTTAGGTTTGCTCTTTACAATGACATCTTGTAGTAGATTGGTTTTTGGTACGAGGGCGATCCGAAGATTCGATGTCTGCGTGCCAAGTTTGAGTTCAAATTTTTCGTAAGTAAGGTGATTGATCTGCAGGTAGAGGCTTGCATAGTCCTTTGGTAATGTAATTGTAAAACGCCCTTCTTTATCTGTCGGTTTGAAAGCGATGATTTTGTTGTCTGAAAGGATGTTAACACTGGCAAAGGGTACGGGATGCTGCGTCTTATCCACTTGGACCGTTCCACTAATCGTTTGCTGGGCAAAGGTTATTTGCCCAAGCAAAACGAATATAAATAAACATAAAAATACTTTCATTAAGGCGTCAGCTCTATCGGATTGTTGGTAACTTTTGAAGGTTTGTATTTATCGTCTCTTGAAATATTGAAACTCTTTATTTTTGACGGATCCAAAGCACCAGCAGGGGAGCCTCCTCCGGAGCCGGAACTGGATCTAACTGCAACCATATTTCCCGATGAACCTACACTGATGGTTCTGTTTTTTCCCGATTGGGCTTGCATATAAGCTTGTGGATTGGCCTTAAAGGCTTCCTGAACTTTTTTTACCTCTTCTGCAGT
CP177226.1_gap10	736245	741109	4864	CTTGCGCATGATAAACAATAAGGTCCACTTTCGTTTGCGGTGAACATGATATGATCGTCAAGCAGAATAAAAAAATGATTATTGGGAAGGTTTTCATAACCTAAAAATAGGAAAAAGCTTTTAATAAACTGAAACTAGACTTGGGGCTAGGTCTGCTGGATATGCGGACTTGAGGTTTTGGCTGATCGAATTGCTTTAGCTGATCGAATTGCTTTACGTGAGGCGCCTATGCTGAGTTGCCGCTTAATGTTCGGACAGGAGACCATCTGTAAAGTTTTGAAAGGGGACGTGCAGGAAAAGTAAGGAAAATACGAATTATCCAATAGACAAAAAAGGCTATCCAAATAACTTGGACAGCCTTTTTAATTCAAAAATCAAAATACGTGATTAACAGTACTCGTCAAATGCTGCAACTAAATTGTCAGCAATCATTTGTGCCGGGCGACCTTCAATCATATGTCTTTCAATCATGTGTACCAATTTCCCGTCTTTAAATAAAGCCATTGCTGGTGAAGATGGAGGGTAAGGCAACATGTAGTTACGTGCAGTGTTTACTGCATCAGTTTCCATACCTGCGAAAACAGTCACCAATTTGGCTGGGCGTTTTTCGTTTTTTACAGCAGCTTTTGCGGCTGGACGTGCATTTGCAGCAGCGCAACCACAAACAGAGTTTACAACCACAAAAACAGTTCCTTCTGATGCGATAGCCTGATCAACTGCTTCAGGTGTTTTTAATTCTTCGAATCCCGCATCAACTAACTCTTGACGCATTGGAGTTACTAAATATTCTGGATACATTATTTCTTAAGTAAAATGTTAATATTCTATTTTAATTGTGTTTATAAAGCTTTCTGTCGCCGGGCAAGTATACTTACTCCGCATAAACAACAGCTATACTTTATTCTTACAAATATAGCTGTAAAAGGCTGCTTCGTCAAGACACTTGTCTCAAATCAATGTCAGAAAATCTTTTACAGCATGAAGTCCATTTTCAAGACGTTGGTCGCCGAGACCCGAAACAAGACGATAATTCGCATTAATGGCGTTCAATTCGTTTTTCCAGATCTCCATGAAATGTTCGCGCTGTTCGGGAAAATCCCGTAGTGGATCGTCCTGCCAGGGTAGATCGATATCCATCAGCAGATAGAGATCGTAAACATGTTTTTGAATTTTATCGGTGACTTCCTGTGGTGTATGACCGAAAAGATGATCTGACCAAATTTTGACCGTAAGGAAGGTCGTGTCACAGATGAGGAGCTGTCCTTGTGCTAAAGGGACCAGCGCTTCCTCCAAAGCGACCTGTCCATAAAACATATTGACTTCGTCCTGTAAGGTATATTTATTGTTGAGGCTTTGACAATAATAACGTGAATATTCGGGCACGCATACCGTCTGAAATTCCTTGGCAAGAAATTGTGCCATCGTTGATTTTCCGGTGGACTCGGGGCCAACAACGGCAATTTTTATGAAATCTTTTCCCACATCGATCGTTTTGATAGGCAATATTACGCAAAATTTTTATAGGTTTTCTGCCAATCGCGATAGCCATTCCAAGCGATGAGTGTGAAAACAAGGTAGAGTACTGCGGTCAGCATAAGGTCTTTGTGTATATAGAGCGGGATATAACAAATATCCACAAATACCCATAAGAGCCAGTTTTGGAGCACTTTGCGTGTCATCAGAAATTGAGCAACAAAACTTACGGACGTGCAGAAAGCGTCAATATAAGGAACATCGGAATTTGTCTTGCTATCGAGGAGATAACCGATTGACAGTGTCAGGACGAGGATTGCCAGGAGGCAAAGGAGCAACTGCCCCTTGCTGGCTTTGACGATGGGTTTCTTTTTCTCTTCTTTTCGTTTTATCCAATAATACCAGCCATAAACAGCAGTAGACAGAAAGTAGAATTGCAGTACAGTATCTCCATATAGTTTGGCATCATAAAATAGAATAGCATAGGACGCCACGCTGATGATACTAATCGGCCAGTTCCATATATTTTGCTTAGCGGCCAAATAGACACAAAGAAAGCCTGTCAGGGTACCTAACCATTCGAGCCAAGAGGTCTGGGCAAATTGACGTGCAATCTGCTGAAAAAAATCATGCATGTGGTGTATTAAAAATTACACCCTAAATATACAAAGTCTGCCTTATAGTCAATTATTGAACTTGTTTATTAGCGCAATTGGTACTGGCAAAAGACTCGGGCTTAGCCTTAAAAACAAATCCCATACCCATAATATAGCCCATGGCTTCTTTCAGGGCAACATTTGACTGGAAATTTGGATTGGTGTTGATGTCGGCGTGGACTTCGAGGTCTACTTTGTGTTTTTCGAGGAGGGGGCAGAGTTGATAGGCTATATCGATGGATTTTTGGACTTCGAGTAGCATCCTTTCTTTAATGCTCATTCGGTGGTGCCTTTTGTCCCGTTGGATAAACATAAATCCACCTTTATGTTCCCGGAGAAAGACGATGACTGTTGCGAAGTCGATGATGCCTCTCTTGACTTGGGAATCGGTGCCGATATAAACCTTGAGCTTATTCCCTAGGGCATCTTCTCGTTTAATGACTTCTTCAACAGCATCGAAAATCGTGGAGCGAATGGATTCGCCATTGTATTTTTGCCATCTCATAGCGATATAAATTAGATATAAAAAAATTAAACTTCATCATTGACATAAATTTACTGAATTTCAATGAGCTAAGTGTTAATTTAGTTTTAAATAATTTATCCACATTAATGGTGTTTTACACCATAGGCCAGGTCTCCGGCATCACCGAGCCCAGGTACAATATAGGCTTTTGAGGTCAGTTCGTGGTCGACGTCGCCAACCCAAATATGCGCCGTGGGTACAAAAGCCTGAACGTGGTTTAGTCCTTCTTCGGATGCAATGGCCGCAACAATGTGTAATTCCTTGATGTCATATTCAGCCAGTAGATCCTTACAGCATAAAACAAGGCTCTTTCCTGTGGCCAGCATGGGGTCTACAATGATTACTGTACGGTTGTCTAAGTTTGGTGTATTGACATATTCCTTATGAATTTCAAACTCACCGCTCTTTTTTGTATGCCGATAGGCCGCAATGAAGGTGTTGTCGGCCTGATCAAATACATTTAAAAGTCCCTGATGAAAGGGAAGACCCGCTCTCAGAATTGTAGCGAGTACGGGTTGTTCCATCAAGAGATGGGTTTTGGCCACGCCTAACGGAGTTTCAACTTCAACAGGTTTGTAGGCCATCGTCTTGCTGATTTCATAAGCGAAAATTTCACCTAATCGTTCCAGATTCCGACGAAAGCGCATACGGTCCTGTTGAATAGTGATATCTCTCAGCTCGGCAATAAAATGATTTGCAATGCTATTTTGGGTAGATAGAATAGTGACCATGGCGTGTGTGCTAGTTCAATTAAACTAAAGATAATAAATAATCAATTGAAAGTAATAACATCTATGGTATTATTATAGTTTGCGCTAAAATGGTAAAATTTTTAGTAAATTTGTGTAAGACCATAAGAGGATTTGGCCTGGGCTACAGGTTGAAAAATCCTCTTGTTAGCAGATTGAAACCATCGGATCATAAAGGCTTTTTTTGAGCCTACGGCTCAAGTAATTCGTGGTGCAATGTTTGCTGAAAGAGGCCTGAATAGTTTTCTTTAAGAAATAGGAAGTATATGAAATTTGAATTGACATCGGAGTACAAACCCACAGGCGATCAGCCCGAAGCAATTAAGCAGTTGGTAGCAGGTGTAGAGCAGGCAGAGCAATACCAGACACTTTTGGGGGTAACGGGATCGGGTAAGACTTTTACTGTTGCCAATGTGATTCAGGAAACGCAAAAGCCAACCTTGATTTTAAGTCACAATAAAACATTGGCGGCCCAGTTGTACGGTGAATTCAAGCAGTTCTTTCCCAATAATTCGGTCAACTATTTTGTGTCTTATTACGATTATTATCAACCCGAAGCTTTTATTGCTTCGACAAATACCTACATTGAGAAGGATTTAGCGATTAACGAAGAAATCGAAAAGTTACGTTTGGCGACTACCTCGTCATTGATGTCGGGTCGGCGTGATATTGTTGTCGTTTCTTCGGTATCCTGTATCTACGGTATGGGAAATCCGGAGGATTTCTCCCGATCTATTTTTCGTTTTGGTGTCGGTATGACTGTCACAAGAAATGCTTTCCTGCATAAATTGGTCGAGATCTTATATTCACGGACGACCACAGAGTTTAAACGGGGTACCTTTCGTGTTAAAGGTGATACGGTGGACGTGTTTCCGGCATACTTGGATAATGCCATTCGGATTTCATTCTTTGGAGATGAAATTGATGAACTGAGTGAGATCGATCCTATTTCAGGTAAAACGCTGAACAAGATGGAAGATCTTGCTCTTTTTCCGGCAAACCTTTTCGTTACACCGAAAGAAAAATTCAAAGAATCAATCTGGGCTATTCAAGATGAATTGATGCAACGTAAAACGCAACTGGAAGAGGAAGGCTTAATGCTGGAAGCGAAGCGTTTGGAGGAGCGGGTCAATTATGATTTGGAAATGATGCGTGAACTGGGCTATTGCTCGGGAATTGAAAATTATTCCCGCTTTTTCGATGGTAGACAACCGGGGATGCGTCCGTTCTGTTTGCTGGATTATTTTCCGGAGGATTACCTGTTGGTCATTGATGAAAGCCACGTCACCTTACCACAATTGCGTGCGATGTATGGTGGTGACCGGTCGCGAAAAGTTTCCTTGGTTGAACATGGGTTTAGGTTGCCAGCAGCTTTGGATAACAGACCTTTGAACTTTCCGGAGTTTGAATCCCTGACGAATCAGACGATTTATGTGTCCGCGACTCCGGGCGATTACGAA
CP177226.1_gap11	812835	814773	1938	GCCAAATGACCGTACCATCGAAATCGTGTAAAGGTTTGGCATAGGTAGCTTGTGCATCACCCCATCTAACTAAATCACGGTGACGGTCTGCCCATTCCCCAGCAAGCTCATTGCGGCGCTCACGTTTTAAATCTACAAGGGTCATTCCGCTTTTTGTGACTAAACCGGCCCGCTTCCTAATCTTATTTAATTCAGTATCGCCAGCACCGGAACCATTTAAGTTAATGGCGGCTTCAGCCTTGATCAATAGTACTTCGGCATAGCGCATCAATGGAACATTTAGATCTGTAGTGCCGTTATCTCCATTTGGATTGACATGTGTTGGAATAGGGTCTTTATAAGAAAACGGCTCCATGTATTTCTTGAATTGGTAATTGGATGTAGCGCCGCCGTCTTTTGTGAAAGTGCGTTCATTGCCGAAAAACTGAAATTTGTCTCCAGGTTTCAAGATTGTTGCTTCACGGCGTAGATCGCCAGATTCAAAAGAATCATACAGTTCTTTTGTCGGTAGATAATAGCCCCAGCCATTGTAGATTCCCCAGGCCTTGTTGGTGAGCATAACTCCAGGAAGCTTACTTCCCCATCCAGTACCGCCACCATTTGGCGTACAGACCACCGACCAGATATATTCTTTGGACCAGTTGTTGGCAGCTTTAAATACATCGACAAAATTAGGCAGTAAATCATGTTTGCCCGAATTGATCACCATATCTGCATATTTGGCCGCATTGGTATAGTCCTTTTTGTACAGGTATACTTTTGATAAATAGGCCCATGCCGCAGTTTTGTGCGCTTTACCGTAATCTGAGGTATTCATGTCTGAGAAATAGGGAAGGTTCTCCGCAGCTTTTAGAAATAAAGAAGCAATGTAATCATAGTTCTCGTTGACATTGTTAGCACGGGGTACGGGTACGGTTGCATCAGTTTCAGGTTTAACGATCGGAATTCCAGCTTTGTCATTACCATAGTTTGCAGCCAATTGAAAATAAACCAGACCTGCATTGAAATAGGCATCGCCAATGATCTGTTTTTTTCGCGCTTCATCCATGGTTATATTGGGAACATTGATAATAATATCGTTAGCTCTTTTTATAATCGCATAGCGCATGCTCCATTGCGATTCGGTATAACCACCACCGATATAATTGCGGTTGAAATTTTTGATATTATCGGCTTCCGGTTTGTTACGCCCTGTTACCATGTCGTCACTGGCATTAATAAACCAAAACATTCCGCGGCCATAATAATCCTCTTCATTGTATTTTTCATACATACCAGCCTCTGCTTTGATGGCATCCTGTTCGGTTTTCCAAAAATTCTGCGCGGAAGGAGAACCTTCAGGCGATATATCCAACTGTTTTTCGCACGATGCAAAAAGTGCTACTGCTGCTATTGCAAGGTATTTGATATTCGTTTTCATCGTTTTATTTTTTTAATGACTGATAAAACCTGCTTAAAATCGCCCGTCTGTGAATGACAACTTTTATTTTTCGGTTTCATCCTTTTTATTTTTCTCGTTTTAATAATCGATAAGATCTTAAACTCAATAATCCTTGTATGAGGTCACCTTCGTTTAGATCCCATTGGCATTCTGCTAAGATTAAAAATTGACATTTAGACCGAAAATAAAGCTTCGGGCTTGTGGGTAGCGTCCGACATCAAGTCCATTGTTGTCCATACCAATTTCCGGATCAAAACCAGTGTATTTTGTAAACGTAAATAAGTTGTTCGTAGTCGCATAGACTCTCACGTTTCCAAGTTTATATCTGTCAGTCAAAGATTTTGGAAGTGTATAACCTAATGTGACATTTCGGATACGAAGGAAAGAACCATCTTCGATATAGAAATCTGATGCATTAAAGTTTCCATTGGCGTCTGAGCTTGAGATAATAGGCACTTTCCCATTCGGGTTTTCTGGTGACCATGCATCGAGGATTC
CP177226.1_gap12	815879	818749	2870	TGCTTGGATTCGTCGTCAAAGCCCGTTCCTGAAGCATTCAAATAACTACTTTTGGTCTTTTGAAAACTATAACCTCCGGTCAAATCAAGTTGATGATGGTCAAATTTGGTTTTATAATTTAGGACTTGTTCGGCAAGGATATCATTTGCGTCACTCGCTCTTTCCACCAGACTATTGCTCAAAACGGGTTTACCTATTTCAGGACGTTTTGGTGTAAAGCTTTTATATCTAATGTTCGATTTTGTAATGCTTAAGTTGGATCTAAAAGTTAAGCCTTTTGCCAACTGGATGTTGGCGTATGGATTCACAACCAGGACATTGACCGGATTGTTTATATCGATGCGCATTAATTCTGCAACCGGGTTGATGATATCACCATAGTCACCAGGGAAAGGACCTGGAAGACCCGCAAAACTACCATCGGCATTATAAGGTGTTCCATTGGTGGGATAATAAATGGCCGACAATAGCGCTCCTGTATAGTCGCTGCTTGTATTAGCACCATTTCCATTGGTACTGCTATAGGAAAGATTTTCACCTATTTTTAACCATGGTGTAACTTGATGCTCTGAGTTTATCCTGAAGTTGTAACGCTGCGTTTTCGTATTGAGTACAATACCTTCTGCTTTGCGGTAATTGAAACTTAGGTAAAAATTTGATTTTTCATTTCCGCCATTAATTGCACCATTGTAATCTTGCAATGTCGCGTTTCTAAATACCTCATCCATCCAGTTTGTTTTGGTCACTAAACCTTCTGGATATTTAGCCGGATCGAAAGCTGGTAAAATGGTTGTCCCACCATTTTTTGCAGCTGTTGCGGCGACCTCGGCACGTTGTTCGGCGTTTAAAGGTTTTAATTTACGCCATGCACTTTGCTGGCCGATCTTGGCATCAACATTAATTTGCATCTGTCCTTTTTTTCCTTTTTTTGTGGTGATCAATACCACACCACCAGAAGCTCTCGCACCATAGATAGCTGCTGAAGCATCCTTTAATACGGAAATAGACTCAATGTCGTTGGGATTTAATTGTGGAGTACCTAAGAAAATCGAACCGTCAATAACGTAGAGTACATTTTCACCATTGATACCACCGGCACCCCGAATATTGATACGTGGGGGCGATGTCGGATCGCCACCTTCGTTTGTCACAATGACACCCGGAGATTTTCCGGCTAATACTTCACCGACACTGTTTACCGAGCGTGAGGATAATTTATCAAGGGATACCACACCTATAGCTCCTGTTAATGTTTCTTTTTTCTGGGTTCCATAACCAACAACAACAACTTCGGATAGGGTCGAACGTTCTTCGCTTAGCGTTACATTAATAACTTCATTTTCACCAACAGAAACATCTTTAGAATGAAATCCGACCATCGAAAAAGAAAGGACGGCTTGTGGTCCAGCCTCAATTCGAAATGCACCCTTTGTATCTGTTGTGGTTCCTACCTGCGTACCCACTACTTTTACAGAAACACCTACAATTGCAGCCCCTGTTGTATCTCTTACAAAACCTGTCACGATGCGGTCTGCCTTGAGGTTTGCTTGCGTGTTCAAGATCACATAGTCCTCCTTTTCTACCGCATTGATTCCGAGTTTATTCAACAGTGAGCGAACAGGCTCGGTTTTAAAGCTACCGCTTAAGACGGTGTTGTGTTCTTGCAATAGATCAGGGTTGTAAACAAAATGAAGGCCCGAAAGACTCTCGATTTTGTGGAGGATGACATCGAGTTTTTCGCCCTTGCTTATTTTGATGTTTACGCTGCTTTTGTCCAAACGTTGGGCCATACCGGGTGAGGCCATTAGTGAACTGCAAAATACCGACGTAATCGAAAATGCAATGCAGGGATACTTCATGATCCGATAAAAAGAGAATTCTCTTTTGAATGCAGGTGTTTTCATTTTTTTGTAATGATTAGGTAATGAATTGCGCATGGTGACTAAGATGTTTTAGGTAAATTTTTAGACATTATTTTTGGATTTTAAATATTTTATCCTTTTCAATCGTCCTGTACTTAAGGTGATGCAGGCTGCAGATAATATCCAGTATTTCGGCTGGATTTTGTGTGCTATTGAATGTGGCTGTTGTTTTTAGGGCCGAAAGCGATGTATCCTTTAAGATAATTTCAATGTTGTAGATATATTCCAGTTTTTTTGCGACCTCTTGGAGGTTTGTTCCATCAAACGCTATGGCGACAGCTGTGTTTTTTTCGACCACGCTACGCGAAGATTGTGAGGTTTCTTTGCTGTAACGTAGACTTTGGTTTTTGGTTAATATACCCAAGATTTTATCTTGTTGCTGTACCGCCACCTTACCGGTAGCAACGGTGACTTCGACTTGGTCGGAAGCCTGATAAGCTTTTATCCGAAAGGAGGTACCCAATACTTTAACCACTAGCTTGGATGCAAGCTGTACCTGAAATGGGTGTTGTTCGTCGTGGGCAATAGCAAAGAAGGCTTCCCCCTCGGTAAGTGCTATTTCACGGATATTTCCCTTGAATGTACTTGGATAGCTGATTTTTGAAGATGGTTCCATGATAATTTCCGAACCATCTGCCAATACAATCTTTTTATGTTCATCTGCAAGGGTTGTTGTGACGATCTGCGCAGATGGTGCGATAGGTTGATTATTTACTTTCCAATAAAGAAGTCCTATGGACGCAATCATTAAAATAGCGGCCGCTATTTTGAATACAGGTGAATACAGCAGGGAAGGTCGTTTACTTTCCTTTTCTGAAATACCGGACTGGATATTGGCCAATAATTGTTCGCGCAAGGCCGCTTTGCGTTCCTGCGGAATTTTTTTTGATGCGTTATCCAGTTGGGCGTACCAATCTTCGACTTGTTTAATCTCGGTGGCGCTGGCCT
CP177226.1_gap13	905311	909284	3973	AGATCCAATTGGTTTCACTCGTTTTGAATACGCCAATACATTAGAGGATTATGAACGTGCAGGAAGAGAAGTAAAAAGTCCTTTGGTCGTAAATGCCGAAAATCTTGAAAAAGGTAAAGCTTTGTTCACTACTTACTGCTCGATATGTCATGGAGTAGAAGGTAAAGGTGATGGTCCTATCACAAAAGACCGTAGCGTGACTGATTCAAGAGGTACTCGTCAATTAGAGAACTTTCCTCCGCCACCATCTTATCACAGAACAGATGCGGCGAGCTCTTCACGGGGTGGTTTGATGGCTGACTTGACTGATGGTAAAATTTACCATACAATTTATTACGGACACAACTCCATGGGATCACATGCATCTCAATTGTCTCCAGAGGAGCGATGGAAAGTTGTTATGTATGTTCACGAATTACAAAAGAAATAATCTAACATCAGATATATAAATGGGAACTCACAGTCATCATCACGATTATAATTTCAACGAGCGATACGAGTTTGCTGGCAAAGCTAAAATGTTCAGTATTGTCGCTGTTGTACTAGGCGTAGCTGCTGTAGCTTTCGGGTTGCTTTCGGGCGATCACGTTACTGTAGAGCGTACTTATGCCAACTTGTTATTGATGGGTTATTACTTTACATGTGTATGCGCAGCTGGAACATTCTTTGTTGCCTTGCAATATGTAACGCAATCTGCATGGTCTGCAGGTTTGGTACGTATACCTCAGGCTATGGCGAGTGTTTTACCAATTGCATCATTAGTTTTATTAGTTATTGTAGGTTTAGGTTTAACCACACATAACTTATATCACCACTGGAATGCAGATGGTATCACTGATCCGCATAGTACAAATTTTGACCCTATTATCGCAGGTAAATCTGCTTATTTAAATGTTCCATTCTTCTTGATCCGTCAGGTGGTATTTTTGGGAACATATAGCATTTTTGCTGTTATTTTTGCGAAACTTTCTTATAAAGAAGATTTGGAAGGCGGATTGGCTTCTTATAAAAAGTCATTCAAATTGTCGGCAATCTTCTTAGTTATCTTCGGTTTTACTACACCTATCTGGTCTTTCGATACAGTAATGTCTTTAGAGGCACACTGGTTTTCGACAATGTTCGGTTGGTATAACTTTGCAGCAATGTGGGTTAGCGGTATTTCATGTATCACGATCATCGTTGTTGTATTGAAGAAAGCTGGTTATATGAACTGGGTAAACGAAAATCATTTACACGATTTGGGTAAATTGATGTTCGGTTTCTCGATCTTCTGGACTTACGTTTGGTTTGCACAATTCATGTTGATTTGGTATTCAAACATGCCAGAGGAAACAGTTTATTTCTACAAACGTTGGGAACCTGAATACAAACCTTGGTTTTGGTTGAGTATTATCATTAACTTTGTGGCACCATTGTTACTATTAGTGGATCGCGATGCTAAACGTAAACAAAATGTAATGTTGTTCGTAGCGATTCTATTATTGGCTGGTCACTGGCTAGATTATTATATCATGATCATGCCTGGTACTGTTGCTGAACATAGAGGATTTGGTATCATTGAAATCGGAACTGCACTTGGTTTCTTAGGTTTGTTCATCTTCTTAGTGATGAGTAAATTGAGTAAACAAGCATTGGTGCCTAAAAATCATCCTTTCTTGGATGAGAGTTTGCATCACCAGATATAGTTTCACTTTTAAAGGAAGGTTACGTAAAAACGTTATAAAAGAAATGAGCTTTAAATTAAATAATAGATTCAAATCCATCTCGGGTTTTGTGCTTGCACTAGGATTGCTTTTTGCGACTCCTATCCTAGCAAGTCAACAAGATACAGTAGCATCTGATTCTGCTAAAGCGGCAACTACAGCAGTAGCTGCCCCTGCAGCAACGGATTCGGTTGCAAAAGATACAACAGCGGCAGCAGGTACTGCTGCTGTTGCATCTGCTAGTTCTTCTACAGAAGCTAGTGCTGCTGCTCCTGCTGTTGAAGAAGTGAAGCAAATAGACCCTCAGGTTTATAAAAACTTCACATATTATGTCTTGTTATTCTTGGTTATATGTACAGTTGTTGCCGTTATCGGTAAAGTACTTTCGATCTATGAATTGACAAGAAAGATGAACGGTAAATACAATCCGTTTGCGAATAACACATTTCAATCGGCATTGTTATTCATTTTCTTGGTTGTATTCCTTTATGGTGTATATTGGTCATATGTACACTGGGGAGCTGCTTATTGGAGATCGGCAGTAACTGAGCACGGTGAGCGTATTGATACGATGTTTATCATTACGACAGCAATTACAACATTTGTATTGGTTATCACACACATCTTGTTGATGACATTTACATTCTTGTACCGCATGCGTGCAAAACGTCAGGCTTATTATTATCCTCATAACAATGCAATCGAGAAATTGTGGACAATTGTTCCAGCTGTTGTTTTGACAGTATTGGTATTGTTCGGTTTCTTTACATGGAGATCGATCACAAATATTCCTGAAGATCTTCAAAAATCAGCATTACAAGTTGAGGTATTAGGCGAGCAATTCCAATGGAATGTCCGTTATGCTGGTTCAGATGGGATTATTGGTAAACGTAATTATAAAATGACGACACCAACCAACCCTTACGGTATTGACTTTAATGATAAAAATTCCTGGGATGATATTCAGGGATCTGAAATTTGGTTGCCTGTAAACAAACCTGTTCGTTTCCATATCGTTTCAAAAGATATTATTCACTCTTTCTATATTCCTGATTTCCGTGTTCAAATCAATGCGGTACCAGGGATGACCAACTATTTCCAATTCACACCTACTGTAACAACAGAAGAAATGCGTGATCGTTTGGGTGATTATAACTATGACTTCGTGATGTTGTGTAACAAGATCTGTGGATCTGGTCACTACAACATGCAAAAGAAAGTGGTTGTCGTAACTGAAGAGAAATATAAAGAGTGGTTAGCTAAACAAAATAAATATTTTACTGAGGATTTGCAAAAAGAGTTCAGTGGTAAAACAGCTAACGTGAAAAAGGATAGCGTACAAGTTACAGCATCTTTGAACTAATTAAGAATTTTTGAATATAAAATCGAATATGTCAAGTACAGTAATATCGCATAGCGCTGAACATCACGATTCGCACGGCCATCATCACGAGGAGTCGTTCATCAGAAAGTATATCTTCTCGGGTGACCACAAGATGATTGCTAAGCAATTCTTGATCACTGGTATCATCATGGCAGTTTTTGCGATGCTTTTATCAGTATTATTCCGTATCCAATTAGCATGGCCGGATAAAGAGTTCCCTATATTAGAAGTATTCTTGGGTAAATGGGCTGAAGGCGGTCGTATAAAACCGGAGTTTTTCCTTTCCTTGGTAACCATTCACGGTACCGTTATGGTATTCTTCGTGTTAACGGCTGGTCTATCGGGTACTTTTAGTAACTTATTGATTCCATATCAAATCGGAGCACGCGATATGGCATCTCCTTTTATGAACATGTTGTCTTACTGGTTGTTCTTTGTAGCATCAGTTATTATGGTTGCATCGTTCTTCGTAGAAAGTGGACCTGCTTCTGCTGGTTGGACAATCTACCCGCCACTATCGGCTGTTCCTACTGCAATCGCAGGATCTGCAACTGGTATGACTTTGTGGTTGGTGAGTATGGTTCTATTTGTAGCTTCACAGTTGATCGGTGGTATTAACTATGTAAGTACAATTTTGAACATGCGTACAAAAGGAATGGACTTATGGAAAATGCCTTTGACAATCTGGGCGTTCTTCTTAACTGCTATCGTAGGTATGTTGTCATTCCCAGTATTGGTTTCGGCGGTTGTTCTGTTGATTTTTGACCGTGCTGCTGGTACGTCATTCTATTTGTCGGATCTTGTTGTTCAAGGACAAATTTTACCGAACGAAGGTGGTTCACCAATTTTGTTCCAACACTTGTTCTGGTTCTTAGGTCACCCTGAG
CP177226.1_gap14	916155	917236	1081	TAGCGATATTTTAGTTTCGCTTATTCAGGAATAGTGTAATGATGCATATATTTTGCTATCGCATTTGCGCGTCTATTGACATAAGCAGATGGGTTACGTGCATCCCATTCTCTGGGGTTAGGTAATATGGCTATAATCAATGCGGCTTGTTTTTTGGAAAGATTGCTGCCTGTTTTGCTAAAATAATAGGAAGCTGCCGCATCAGCACCATAAACTCCCTGTCCCATTTCAATCACATTGAGATAAACTTCAAGGATGCGTTTCTTGCTCCAGAATGTTTCGATAAGAATAGTAAAGTAGGTCTCGAAGCCTTTTCTTAACCAGGAGCGCCCCGGCCATAGAAAGACATTTTTGGCGACCTGCTGACTGATAGTACTTCCGCCGCGTAATTTCTTTCCCTGTGCATTTTTTTTAATGGCATTCTGAATGCCTTGCATGTCGAATCCCCAGTGTGTCATAAAGTGAGCATCTTCTCCTGCAATGGCTGCTAACTTTAGGTTGTCCGAAAGTTCATCGTAATCCAGCCAGTTTTTTTCCAGTTTAAATCCCTTGCCCTGTTCTTTTAGCTCAAACCCACGTTGAATCATCAACCAAGTGATGGGAGGGTTAATAAACCGCAGGCTAATGACCCAAAAGAGTGAAATACCAATAAAATAAAGGACTACCCGTGTCACAATGCGCAGGATAGGGGATTTTATGGACTTCAATGGGTTGAAGGATTTTTTTTTGAAGGTATTTTGTTGTTTGCTGGACGTATTTTGTTTACCAGATCTTTTGATGGCCATGACTAATTTTTTTCGGATACAAACTTAGCTTATATTCTTGTTTAATGGAAATGATTTTGTCGAGAAGTTGAGTGTATCGTTTGCCAAAGCGACGATATTATCCTATTTTTACGCTTCATAAAAATTGATTTTAAAAGTTGGCAAAAGAAAAGAAAGTAACCCCATTGATGCAACAGTACAATGCGATCAAGATTAAGTATCCTGGAGCGTTGTTGTTGTTCCGTGTTGGCGATTTTTACGAGACCTTTGGTGAGGATGCGATCAAAGCTGCCCAGATTTTGGGCATCGTTTTGACA
CP177226.1_gap15	1035042	1037510	2468	TCGCTTTACGCGTATATTGACGGCCGCACTTGTGCCAGCAAAACCTCGTAAGAAAACCAAAACTCCGTATTCGAGTGTTCTCAAAAGGCTGGATCGAAAGAAACAACAGTCGCAATTGAAAGCTTCAAGGAAAAAGAATTTCGATGAATAAATATGACAATATTTCGTATTGAAAAAAAATAATACACTGATTATCAGTTTATTGATTATTAAACTAATTTATTAGTTGTTAAACTATGTTTTTAGTTATAACTTGTCTATTGATTTATTATTCAGGTATTTATTTTATTCTTGAGGAGTTATGGAGGATTTTAAAGAGTTAACGAAAGCTGAGGAGCAGATTATGCAAGAGCTCTGGGAGATGGGCCGTGGCTTTGTCAAAGAGATTATTGATCGACTTTCGGAACCGAAACCGGCTTACAATACGGTCTCGACCATCGTTCGTATTCTTGAAACAAAGGGCTTTGTAACGCATGAATCTTTTGGGAAAAGTCATCGATATTTACCAAAGATTTCAAAAGAGGAATATAAGAAAGGTATTACAGGTAAGTTATTAACCAATTATTTTGATAATTCGCCCAAAAGTATGCTCTCTTATTTTTTGGAAGAGAACAGATTGGACATCAAAGAACTTGATGACATCTTGTCCATCATCGAACGTAATAAATAACAACCAATCCTCTTTTATAAACTTTTGATTATGATTTACTTATTGATTGTCAATATTTCATTGATTATCAGTTTTGTGCTCTACAAACTGATTTTTAGAAAACTTACTTTTTTTCAGTGGAATCGGATCTATCTGATTGGAATGGTTGCATTCTCTTTATTAGCTCCCGTGGGTATTTTTATTGAATTGCCCAAGACAGAGATGATTTCCAATCATATTCCACAGGTCGATTTAGGAACATATATGGATGTCGAAATCGGGAGCCCGATCGAAGAAAAACCTCTTTTTCTATTGGATATTCTTACCAAGATCTATTGGATAGGAGTGGGCGTCGCCTTTTTTTTCCTGGTGGTGCGCATCAGGCAACTTGTTCGAGTATTGCGCTCTTCTCCTGAATACCTGAGTTTTTCTTTTTTTAATAGGATCGTGATTGGAAAATCGATTAAAAACAAGGAGAATATTGCATGGCATGAGCAGGTCCATACTGCGCAGGGGCATTCCTACGATTTGGTGTTGATTGAGCTGCTGAAAATTTTTAATTGGTTCAATCCTGTTGTGTATTTCTTTCAAAAAGAAATCAGGTTTCAACACGAGTATATTGTAGATGAAATTTGCTCGACCGATAAAGTGGCTTATGCAGAAATGCTGGTTGCTCATGCATTACGTACAGATCAATTGGCTTTTTCACATGAGTTTTCCAACCATTCTTTTTTAAAGCAGCGCATCACGATGTTATTTAAAGTTAAATCTGTACAGAGACAACGCTTGTTATATGTGATTGTGTTGCCCATGCTATTGGTGGTATCGGGGTCTACGTTGGTCTTTAATACGAGTAGGGCCAAGGATATGGTAGCAGATGTTGAAGAAAGCGTCAATAGGTTAACTGTGATTGATGAGCAGACATTATCGAAACAACCTGAGGAGTTAAAAAACGAACAGGTAAATGAAGACAGGAAGGTCTACAAAGATCCGGAGGTATTGGCTATTCCAGTTGGAGGAATGAAAAAGTATGTCATGGGATTGGCCAGTAGAATCCAGGTGAGTGATGAAGCAATCAAGAATAATGTGATCGGGGTAATTGTTATCACAGCCATCGTGGAGAAAAACGGTGATTTGAGTCATATAAAGGCTAAGAATGATTTGGGCTATGGCCTGGCATCAGCTGTGGAAAATGCTGTAAAAGCAAGTGGGAAATGGAAACCTGCAATCGTCAATGGAAAGGTCGTTCGATCGCTGCTTTCCTTGCCCGTTACCGTTGGCGGAAAAACAACTTATTTTTGGGAGGAAACCGACACATTGGGCAGAAAGGCTCGGATGTCATCTCATTCATTCCCAGGTGCTGAACCTGGTGAAGACACAGAAAAACAACTCAAGGAAGTAAAATCGATAAGGACAGAAGATGAGCGCGACCGCTGGAATCTTTCGTTGGATTTTCAGTCCGATTTAGTAACTTTTGATAAAGTTGAGGTGCAACCAACACCTATTGGGGGAATGCGATCTTTTATGATTTGGGTAGGCGATAATTTTGTTTTTCCTGAAGCAGCAATTAAACGGGAGGTTATTGGTATTGTTGAAGTGGCTTTTATTGTCGAAAAGGATGGTAGTTTATCCCATGTTGATGTAAAAAAAGATCTTGGTTATGGAACCAAAGAGGCGGCATTGGAGCTCCTAAAAGGTGCGAAAAAATGGAAACCGGGATTAGTCAACGGTAAACCGGTACGCGTGGCTTACACATTGCCGATTCGTTTAAATTTAAAGAAGTAAAGATTAGATCATAAATATGCAGAGCAGATTCATT
CP177226.1_gap16	1057871	1062373	4502	CACCAAAAGAGAAGGAAAGAAGTAGGCTGCTATCCAAGGAATGGTCAAGGATTTGTTGGCTAGTTGGTTGAATACGGGTAGTAGTAGCCAGCTTAGAAAGAGCCCAATAATCAGTGACAATACACTATAGCAAATTGCTTCAACAAGGAATTGCACAACAAGCAGCTTCCTGGGGGAGCCAATAGTCTTACGGATACCAATTTCTTTTGCTCTAGTTGCTGCATTTGCTGTCGACAAGTTGATGAAGTTAATACAGGCAATGAACAAAATAAATAAAGCTATTGTTGCGAAGGTCCAAACCAGGCGAATATCGCCTCTGTTCAATGTACTAACTTTATCGTCGCTTATATCCGCAGATTTTAAATGCATGTCGAGTGCATTCTGTAAAGTTATTTTTGCCTGCTTGAAAAGCGGATTAAGTTTACGTCCTGATTTTAGATATTCAGGAAGATAATGTATTTCTAAATAATTCTTTGAAATTTCTTTTTCTGCCAATGCAGCATCGGCGTTGGGTTTTAATTTGACATAGACCGTATAATTGTTATTGAGCCAAGCAGTCTGTTCGCCTTGATAAAAAGGTTCTCCAGCGAGCGACATAAAAAAACTATAACCGGCAAGGGTCGAATTGTTGGGCATATCTTCAATGACCCCAGTGATGGTATAGGCCTTCGATTTATTGTTGTTGAGATAGATCGTTTGTCCAATTGGATCATTTTTAAAATATTTTTCGGCTTTGCTTTTGGTGATAACCAATGTGTTGGGCTTATCGAGTGCATGGGACAGCTGGCCCGAAACCATTGGCATAGGAAACATGTCGAGAATGGACTGGTCGATATAGACAAATCCATCATCGTAATGGCTATCCGGGCTGTTATTTAATGACAATTGGTTGCTGCCCGCACCGAATAACGGATTAGGTAGGATGCGCCCTGTTTGCTCAATGGAGGGTATTTCTGCTTTTAGGGTTGGCGCTACGGGGGCAGAAAGTGAAACCCAGCGCTCGATCTTATTCTCAATGGGTAACTGGACGACCAGACGGTAAATTCTATCCATAGCTGGATAAAACTTATTGTAGCTCGTCTCATGTTTTAGATATAAAACAATAAGAATACAGATCGCAATACTAAAGGCAAAGCCTCCAATCTTGATGAATGAATATAGCTTGTTTTTTGCCATATTCCGCCAAGCTATTTTGAGATTATTTCCTATCATAGCAGAGATTTTTAACGCCTGAATGACTGGTAGTTATAATCAAAACAGACGTTTAAGCTGAAATCAATTGCGTTGCCATTTTGTTAATATGCTGATAATTAGTTTGTTGTCTTTAATTTAAAAAGCTCGTCTGTACGATATCGAACAGTCTGGCGTTCAGTATCGCACAGATGAGCTAGGTGCTGGCGATAAATAGCGAATTGCTTAGTCTTCAATCTCTTTCAGCTGGAGATGATCACATAACTCGAACATCATTTTAGCTGGATCTGTATCAATAGCCAATGCGATCAGGTACATTTCATCCAAACGCAATTTAGCCGTTTCGGTCATCGTTAACTCATTGATTCTTGCCTTACTTAAACCTGTTTTGCGCGCAATTCGCGATTTATTAACGGATTTCTTCTCTAAAAATTCACCTAGTTTTGTCATAGTTATGATTTAGTATGCTCTTGTTTTGTATAGATAAATATACAAAATGTTATTTTTATTTATACAAATGTTTTAAAATTTTAAAAGATTTCTATTCCTTTGTATGGAATAACTATATGAACTATGATTGGAAATAATTTTAAAGTGTTCAAACGGGTATATAAGCATCGTTGTCAACCGTTGGAAATGCAGTTCTTTTATCGGATGCTATTACAGCGTATTTCAAATGGTCTCTCACCCGAAGAAGTATCTTTTTTAATGGGAAAAGCACTGGATTTTATAAGTAAAGTTGAGTCTTTCAAAATTAAAACGATTCTTGCTATTGATTACTATATTTTTTGTCGTGTGTTAGAAGTGGGGAGTATATATGCCATGATGCCTTTAGGAATGAATTTATCCAAGCAAAAGTATGCTTATGAGTTGCATGTCAAAACATTGGATGATGAGGTTATTTATCACTTATATAGATTACCCATTGAAGAAGGGGTACAGGAGATCGAATTTAAGATAATGGACATCCGCCATAATTTTGATCCAAATAAACCTTCTACATTGAATGAGCTTCGGAAAGTCAAGAGAATTATCGAAGCGCAGGTTGGCACAGGGTATTTTAATAAAAATAGGAGTCCTTATGAAATACATAAATTGGTTTGTATAATACTCGGTACATATGTAAAACCTAAAAGCCTGATGAAGATACTTGAAGATTTGCTCAATCGGTCTGATGAGCTTAAACTTATTCGGAAAGAATCAAAATATGGATTTGTTTATCTATCGAAAAGCTATGCTGGTTAAAGGAATAAAGAGTTACCCTTCCAGTAGCTGTTCGCAACGAATAGCTACTGGAAGAGTATAAAGATACTGAGCCGTAGGGAATCAATTATAAACTACTACACCCAATTCAGCTTGATAATAATTTTCGCACACTCTACGGCTTATTTTTCTTATTCATCTCTTAATTTTTCAACTGGATTAAACCGGGTTGATCGAAATACAATAATGCCCACCAATAAACTCAGCAAACCAATTAAAGTCCCCAATGGTAACAAGTAAGTAAATGCATTGATTTCTACTCGGATAATGTAATTTTGCAGCCAGTATTGCATCAATAGATAACTCAGTGGAACTGTCGTAAATGCAGCAAATAGGAAGATTCCGTAGTACTCTTTTGAAAAGAGTAACATCAAATGTGCTAGTGAAGCTCCAAGTACTTTACGAATGCCTACTTCTTTATTGCGAAGATGGATGGAAAGCGATATTAATCCAGTAAGTCCCAAAGCCACGATCAGTAGCGAAACAACCGTAGCAATCTGGGAAGCGCGATGCAGCTGCAACTCAGTTTCATATAAACTTTTGATACGTTCATCCATAAATTGATACTCGAATGGTGCATCAGGCAGCAAGGTTTTCCATTTTTTTTCTAGTTGTTGTATTGTATTGGAAAGAGAGCCTTTTTGTAAGCGAATACTGAGGTATCGGTATTGAAGGCTCTCATGTACATCTATCCAGATAATTGGCGGGGATGCCTGATGAAGTGTGTTGGCTACAAAATTTTCAGCAACGCCCACAATAGTCATTTTATAACTAGGATCATTTATTGCTATTTGCTGACCAATCGCCTGCTCGGCATTTTTAAAGCCAAAATCATCCATAGCTTTCCTGTTGATGACAACTGGTCTATTATCCGAATGAGTAGCATAGTTTTCAGGAAGAAAAGTTCCCGCAATTAGTGGTATTTCATAGGTTCCCAAAAAGTGACTATCACTTGTAATCCGTTGTACCTGGATTTCTTTGTTTTCAACCGTACCGAATGCAGATTGCATATTGAATCCCAGTAATCCCGGTGTTTCATAAGATAAGCTTACAGATTTTACTTCTGGTTGCTGGCTGAGTTCATGTTGTAAAGTCTCCATTTTGCGAACACCATTTTCGGACCAATCTCTAGGTACTTGAACGGTTAATAAGTAGTCCTTGTTGTAACCTAGATTGCTATGGAGAAATAGATCCACTTGTTTGGAAATAATTAGTGTGCAGACAAGCAGGAGCAAGGCTACCCCAAATTGAAAAAACAAAAGAATTTTTCGTACCAGCTGTTTGCCTCCCAGCGTCGAAAACTGATTTTTGACTGCCGGAAGTACCGCTATATTGGAAAGCTTGATTGCAGGATATAGACCCGCCAGCAAACCAATTAATAAGGTCATTATACCCAGTAGACCAAAAAAATAAATCGGCAATTCCATTAACGTAGGCAGCTTGCGCATCAAGATATGTTCGAAGATTGGGCTTGTCACGATATAGATTGGCAGACTGATGAATGTTGCTATGGCCACGATCAGGATATATTCGGTCATCAGTTGTTTAATAAGTTGCACCCGAGACGATCCCATCATCTTGCGAACACCCATTTCCTTTAATCGCGTAATATGCTGAGCGATACTAAAATTAATGAAATTTATAATGGCCATGATCAAGATAAAAATAGCCGTCAAGACCAATGTCCGTATCATTTTGCGAACAGCCCCCTGGTTGTCGTCCAAATAATAGGTTTTCAATGGTTTTAAACTAGGGCTATATTGGCTGGAAAATTCCTTATCTGTATTTTTGCTTACCAGTGTCTCTATGGCAGCGTCTACCTGTTCCAAACTGATACCTGGCTTCAATTCAATGTAACCAGCAATATATGGATTATTCCAATTGTCTATAGATCGGCCAAAGAATTGCTCGTTGATGATCGGTAAAAATATGTCGGCATGCATATTCTTTGTGAGATCCATAATGGCATTTTGGACGTCGGATTTGATGATTGCTGTAATTTCAAAATCGTGTTTTTCACCCTTGAAATTTTTTATTTGTAGCGACCT
CP177226.1_gap17	1064570	1067300	2730	GCAAATACGATATTACTATAGTTGATAAATGCCATAACACCGATGCCCACGGCGATAACAACTAAGATGTTCAATAAGGTTCGTTGGGTCCCTTTGCCATAATCCGCGTCAAAATGAAAATGGGGTAGTGGCAGTAGCTTATAATGAAAATATTGAAGTACATCCTTGTCCCAATATTTCGTGATTAGCTTTTGTATACTTTTTTCCACAGCAGCCTGATCGGATGTATGTTTTAGTTTTAATATGATGTTGTTACTTGAATTAGTATAGCCCCAATTGAGAAAGAATCCATCATCTTTGGGAATCTGCCATAAATTTGTCAGTGAATTTAACGATATATAGATATCCGAACGAAAATCGGAATTTCTCTTGCTGTCATCGATGATACCGATGACCTTTATGGGGAATTTGCCATCTACTAAAATTATTTTTCCGATCGGGTTTTCATCTTTAAAATAAATTTTTGAAATACTTTTAGTCAAGGCTACCGTATTGGGTTGATCCAGTTCCTCCGGTTTGCCTTGTATCCAATGAAAATTTAATATGTTGAAATAGCTGGAGGAAGTAAATGACGCTTTGCCTGCTGTCTGATATAATTGATCCTCTATACGTAGCGTAAGATTTTTATTATCGATATATAATGCTGTTTTTTCTACTTGGGGAATTTCACGAGATATGGCGTCATACATGGCATAAGCGCCCCCTTTGCTGTGTTCTATCTTGTCCAATTTTAAATCTTGTACGACTAAAAAGGTTCGATCTTTATCGACGTGAAACTGATCAAAGCTCAATTGGAAACTATTGTAGATGTAGATAAACAAACTACAGGCCATGGCTAACCCTAGCCCGCAAATCGTCAGCATTGTATAGTAGCCATGTTTAAATAATTGTCTTAAAGCTGATTTAAAATATAGCTGAATCATTGTTTGAGGTTATTGTATCGATAATTATAAACATTTTTTATTCATCACGTAGACTGTCAACAGGCTTTGTTAGGGCTGCGCGTATCGCTTGTGAACTTACAGTAATTAAAGCAATAAAAACGGCTAGCGCTCCTGCTAGCACAAACATCCACCATTGCATCTCAATATGGTACGCAAAATTCTCTAACCATTTGTGCATCATCCACCAAGCTAGGGGAGAAGAAATGATAATGGCTATTAGCACGAGTTTGACGAACTCCGTGGAAAGCATACGCGTGATGTCGGGAATTGTAGCTCCAACAACTTTTCGGATCCCTATTTCTTTTCTGCGTTGATTGGCGGTGAAAATAGCCAAGCCGAATAAACCAAGGCAGGCCACAAAAATTGTCAGTCCCGCAAAGATGCTCAGTAATTTACCCGTTTTCACCTCTGCTTGGTAAGTTTGTGCGTATCGGTCATCCAGAAAGGAATAGCTGAATGGAATGTCTGTTGGAAAGGAACGATAGAGAGATGCTAATTTTTGAATGAGCTTCTCCATATCGGCTGTTTGGGTTTTGAGAATCAAACTCCCGGCTTGATCGCTAAGAACCATCACAAGCGGAGAGATCTGCTCATGTAAAGAGCGAAAATGGAAATCCTTAACGACACCAATAACACGATAGCTTTTGTTGTCTTTATTGGTCAATATTTTGCCAAGGCTATGATCGTTCCAACCGAGATCTTTTGCTGCGGTTTCATTGATGATGACAGAAAGGCTATCATTACCAAATGTTTTTGTGAAATTTCGTCCTTCTTTAAGCTGCATACCCATAACTGGAATATATTCTTCATCTATATCGTAACGAATCGTTTTGACCCATTGATCAGTATTGCCATCTGGATAGATGAAAAAATTGTTGTTGTTACTTTCTCCGGCGGGGAGATAGGACGAATGGGAGACATGCTTGATTCTGCTATCTTGCATCAATAAATTATAATATGTCTTTTCGTTTTTCCCTAAAGGCCAGCTCGGTATAATAAGGACATTATCCTTGTTGTATCCAAGTTTAATATGACGCATATAATCCAGCTGCTGAACAACGACCACGGTTCCAAAGATAAGTCCGACGGAAATGATGAATTGAAATACAACAAGCCCACTGCGTAAATTAAGGCCTTTAGTCGAACGACTTATTTTCCCTTTTAATACACGGAGCGGATTAAATGAGGACAGATATAACGCGGGATAGCTGCTGGAAAATAGACCGACGACTAAACCAAAAGTCAGCAGGAAGGGGATAATTTTAAAAGCGTCAAGTTTTTGGATTTCAATCTCTTTGCCTGAAATCTGATTAAATAGAGGAAGGGCAAGTAAAACAATTCCCAAAGCTATTCCCAAGGAAATATAAGTCAGGAGGATGCCCTCCAGCATAAATTGTCGCATCAGGTTTTGTTTGTCGGCACCCAGTACTTTTCGTACTCCTACTTCTTTACACCGCCTAAAGCCACTGGCTGTAGATAGATTCATGAAATTAATTGTAGCAATCAATAGCATAAAGAGTGCAATAGCACTAAAAATATAAACGTAACGTATATCCCCCGGAGCGCTGAGGTCGTAGTTGAAATTCGAATGTAGATGGATATCTGTGAGCGGCTGTAGGTAAAGTCCGATCTTATTTCCCGTTTTCTTGTATTCTTGGTAACTCATACCAAAACCTGCCATAAATTGTGTGGCAACATGTTTGTCGAATAGTGTGGCTAAGTTTTTTTCGAGCTTTTCACGTGAAGCATTCTTCGAAAGCAACGCATAAGTATAATATTCGGAAGT
CP177226.1_gap18	1071279	1073147	1868	TTGCTATAAAAGTCTGTTACAGGCGACATGTTCTTTGATACAGAAACAACCGCATTGCTGGCTAATAACTCATCCCGCAGGATTTTATAATTCTTTTCCAAGTCTCCTTGAATACTGCTATAAAGTAGCCCATTTTCATTGTAACCTCGGTCGCGCTGTTTGGTATATTGGATTTGTTTCGCGACAATGACTGTTGCGATAATCAATATAATAGCGAGACTAAATTGAATGACGACTAAAAGTGAGCGAATACTAAGGCCTCTTGTTTTAGAAACAAATTTCCCTTTCAAGGTCTTGATAGGCTGAAATGAAGAAAGGAAAAAGGCCGGGTAGGTACCCGCTAACACACCCGTAAATAAGGCAAAACCAATTAAAAAAAGCCAGGTTGATAAGTTTAATAACGATAGGCTTAGCTGTTTTCCCACCAGCTCGTTAAAAAATGGCAGGACAATAAAAACAAGTAACGTAGCTAGTACCATGCCGATCAGGCTAATTAATATGCTTTCAACCAGGAACTGCGCCATTAGGCTTGTCTTATTTGCCCCGATTACTTTGCGGACACCGACTTCTTTCGCACGGCGTTCGGAACGTGCCGTACTCAAATTCATAAAATTGATGCTTGCCACCAATAAAATAAATACACCGATCCAAGCAAATAGCTTGACGATATCGATACGTCCGGAAGTATAATTTCCTCCTTTTCCGCTATTGTAAAGGAAAGAATCTGGATAGGGGAAGGCAAAAATCTCACCCGTATTTCTTGCAGAAGTATAACCGGCAGCTTTATTACTCGTATTGATATGATCTCTCAGATAGGTTCTGATTTTGTCGTTAAATGCGTTGACTGAAGTACCTTCTTTTAACAGGACATAAGTAGTTATTGAATTATTGCTCCAGTTGTCGTCTACATAACCGATTATTTTTGCATATTCAAATGGGAGGAGGATGTCAAATTTGAAACTTGAATTGCTCGGAAGATCTTTGAGTACCGCTTGCACGGAGACCTGATTAACCGAATCTATTTTAACGGATTTTCCGATAGGATCTTCGCCGCCAAATAGAGCTTTTGCATAACTTTCTGTAAGGACAAGACCCTTTGGGTTATCAAACTTAATATTCTGTTCACCTTTCACAAAAGGAAGCGAGAACATCTTGAAAAAACCAGGATCTACAAAAACCGTGTTTGCAATTAATTTCTTTTCTTTAAATGTTGTTAAAAATTGAGACCCCTCATTATATCTGGTAAAAGCTTCGATATCTGGAAAATCTGCAGCCAATGAGGGTGCTAATATTTTAGGTGTATAGGCCCAGGCTGATTTTTCGCCTTGAAATTCGTCACGATTGCTCAATACGTGCAGGCGATCACCCTTTTCATGAAAGCGGTCCATGGTTAACATGTTCTGCAACCAAAGTGCTATAAGTAATGCTCCGGCCATACCGATCGCCAATCCAATGATGTTAATCAAGGAGAAGGATTTGTTTTTCATCAGGCTCCGCCATGCTATTTTGATGTAATTTTTAAGCATATCTGTCGTATTTTTATCGATAAATAGAAAAAACTTGAATTTTAAAGGCCCAGCTTGTTATTTATCAGATGTCTTTATTTTTAATAACTACTTCTACAATTATTCATCCCTTAAACTATCCACGGGATTGGTGGTTGCTGCTTTTACAGTTTGAAAACTGATGGTTATAAATGATACCAGTAATGCGCTGATTCCAGCTAGGATAAATACCCACCAGTCCAACGTAATGTGATAGGCAAAATTTTCTATCCAGCGATGCATAGCAAACCATCCCAATGGTATACTAATCAGCAAGGCAGAGCAGACTAAAACCATAAAATCAATGCTTAATATCTTGACAAT
CP177226.1_gap19	1081079	1081743	664	AATCCAATAAACGGATATTTCTTCCTGCTAAAAGCGGAATCTGATAGACATCTAAATAGTTTTCATCACCCGATCGGCTATCAAAAGTCAAGGATTCCTTATTTGGCGATTGATCGTAAGCGATTGCGGTAGTCATCCAGCCATTCATTGCAGGAGCGATATTCCCAAAACTTATGGCCTTGATATCTTTTAGCTTTTTGAGTTCATTTTTAAGAACTACACCTTTGGCGGAATTTTGGAACGCTCCAGGAATATATAGATTGACTATAGCATCTTTCTGGAAGCCCATATCTTTATGCGTAACATAATTTATTTGGCGAACGACGATAAGCACGCAGATCAGGAAAGCCTGGGCCATGACAAACTGGAAGATGGTCAGTGCTTTGCGTATCCATGCACTTCGGGAAAGATTGGTATTCTTTCCAAGCTGATTTTTGAGCGCTAGCACCGGAGCATATCCTGTGAGTACCCAGGCAGGATAAAATCCGGCAAGTAAGGTTACTAAGATCAACTGTCCAAATAGAAAGAAAACAATAACAGTTTTGTCTAGGCCTTCTACGCTTAGGTTTTTCGGAATAAATCCTTCAAAGACATGTAAGAACAATGGTAATAATAAGACTGCAAGTACTGTTGCAGTCAAAGTTATCAGAAAGGTTTCGATCAA
CP177226.1_gap20	1084262	1086746	2484	CTGTTTTGCATTTTTCTGTGATTTGGCTGTCGCAAGATTCATATAATTGATGCATGCAATTATAATCACGAGAAGGGCAAGGACTGATAATGTTCTAATGATGGTTATATTTACAGAACGTGTAGTAACTCCACTTGTTAAATCTGCTGAATAGAGGTGTACTGCTGATAACGGTTGTAGGAAAAATTGTGTATAATATTGATTGTCTTTTTTGACGTACTTATCAATTAATTTGCTCGCTTCGTGCGCAATGGCTGCTGGGTCTGAACCTTTTTTTAATAGGATATAAGTTTCGTAACTCGCATTGCTCCAGTGTACATTTTGACCCATCCATGAATCCATAATATTCATGACCATATTACAATCTAATGTGCTATTGGCAGGAAGATCTTTGAAGACACCGGTTACCTGTACGGTATCCCGTTGATTGATGCTGATTATTCTGCCGACTGCTTCCTGTTTTCCAAATAGTTTTTCTTTGGACGATTGGGATAGGACGATGCTTTTTTTATTTGAAAAAGCAGTACGCGCATTCCCTTCAATAAATTGAAAATCAAATATCGAGAACAGCGTCGAATCTGCTAAGTATAATTGTTTTTCAGAGAAATTATCATTCCCGCTGCGGATAGAAGCCGTTGCACCATAACCGTCTTTTACCAGACGTACCATATTATCTACCTGCGTAATGTCTGATTTTAAAGCTGGGCCTACCGCATTAGGGAGCGAGAGCATTTTTTCCTGATTATATTCTGCGGATAGTTTCATGTAGACGCGGTAGATATGCTCAGCTTTAGGATACATAGTATCAAAACTTAGTTCCTGTCGGATAAAAGCGAATAACAATAGCGATACACAGATACCTATGGCCAGTCCACTGATATTAAGGATACTGAAAAATCGGTTTGCCCTGATCGTTCGCCAAGCTGTCTTTATATAGTTCTTTATCATGATCGTGTGTTTTTCAAAGTTATCTGATGACCTGTTCTAATAAAAGATTGTTCATAGCAGAAGTATAGTGATTGAATAAAATGATAGCTGATTATTCATCTCTTAAGCTGTCTACAGGGTTTGTTCTCGCTGCTTTAAGCGTTTGATAGCTTACGGTTATTAGCGCGATCATAATGGCGGCGACACCGGCAAAGGCAAACATCCACCATTGTGGTTCAATGTGATAAGCAAAGTTGTCCAGCCATTTTTTCATCGCTATCCAAGATAGGGGAGTGGCAATGAGGAGTGCTACAGCCAATAGTTTAATGAAGTCAGAAGAGAGCAGGAGGATTAAATGATAGATGGATGCACCGAGAACTTTGCGTACGCCGATTTCTTTGGTCCGCTGTTGGGCTGTATAAGTCACAAGCCCCAATAAACCTAAACAGGCAATAAAAAGCGCCAGCCCAGAGAAGGCTGTGAAAAGTCTTCTAAAATTAAAATCCGCTTCATATTGTCGATTGAAATTGTCGTCAAGAAAGCTATATAAAAATGGACGGTTTGGTACAAGTTCGTTCCATAGTTTGCCGATTCTCGTAACGGTCTCAGGCTGGTTTACATGTTGGATATTCAAGGTTAAATACCGGCTGCTGGTTGGTTCAAGTCGCAGCGCTAAAGGCTCAATCTTACGGTGTAAAGAAAGATAGTTGAAATCTTTCACCACACCAATAACGGTTCCTTCTCTTCCCCATTGACGAAATTGCTTGCCAATAATATCTTGTGGATTGGAGTATCCCCATTGTTTTGCAGCAGATTCATTGATAACAAGTGAATGAGCTGTGTCGGCAGGGAAATCTCTGGAATAGGCGCGTCCTGCGGCCATTTGTAAACCGATATTAGGAATGAAGTCGACATCGACTTCATATAAAAAAGGAGCAAATGAAGTCATTGTTCCGTTGGCTGACATGATTTCGGTCCCTGCATTTGGAAAAAATGTTCCCGGTACCGTACGTGATGCAGTGACAGACAGCACATCTTTATCTTTTGCAAGTGTCGATTTTATCGCTTCCAGGTTATTGTTTACCTTATCATCGAAATTATAATCAATGACAAGCCGTTGATCTTTTTGAAATCCAAGATCGCGGTGCTGTAATTGATCTAGTTGAGAAAAGACGACGACAGTACCCGCAATGAGCGCAATGGAAAGGCAAAATTGAAAAACAACCAATATGCGACGTAACCAGGTGCCACCCTTACTGCTGCTATAGTTTCCTTTAAGTACTGTTATGGGTTTGAAATTTGCTAGAATCAAGGCTGGATAGCTAGCTGCAAGTAGCCCGGTAAAAACGGTAGTGAATAGGAATATTGCCCAGGTCGTTCCATTTTGCAAGGACGAATAATTGAGGTGTTTGCCCGAGAATGCTTCCAAAAAAGGAAGGAAGGCGAGAACGAGCAGTATGGCTAAAATGCTACTGACGAATACAAGAACCAAAGACTCCGACATAAATTGAAAGATCAGGTTGCTTTTGCTGGCGCCTATGGTTTTTCGGACCCCGA
CP177226.1_gap21	1090555	1094947	4392	CGATTTCCTTTACACGCATTTGCGCTTCGTGAGTTGCCAGGGCAAACAGACCTAAAGCAGATATAAAAATGGCGATGCCGGCAAAAATATTGAACAACAAACCTGTGCGCTGCTCGGATTTATATAGATTATCAAATTGCTGATCAATAAAGGTGTAGTTAAAAGGAGCATCTGATGGATAGCGGTTATAGATCTTTTCTAAAGCTTTAATGGCTTCAGAAGCCTTTGTCGTGCTGGTTTTAACATACAGCGTGCCCGATCCCCAGCGCGTCCAGAAGACCATCGGACCGATCTTATCTTTGATGGATTTGAAGTGGAAGTCTTTCACAACACCGATAATTTGTCCAGGGAAATCGTGGAAACTCATATTGGATCCGACATAGGGCGGTTTTAATCCCATCTGTTTGGCCAAAGTCTCGTTGATGATATAGCCGGACGAATCAACCGGCATGCCGCTAAAGTTTTTTCCTTCGAGGAATTGCATGTTCATTAAGGGAATAAAATCCTTATCGATGGTCGCTTGAGCAACAATGAGTTTGTTGTCTTTGGACTTGCCTGGCCAATCGATATCGCCCGTGGCATTTCCGAAATCCGTCATGTTGTAAACACCGGATAGAGAGACTGCCTGTATGGCATTGTTGCTTTTGAGTTCGGCACGTATCGCGTCCATGTGTTTGTAGGCTTCCTCTGGAAGGCCGAGGGTCAGGACATGGTCTCTGTCATAGCCGAGGTTGATCTTCTGGATAAACGCCAATTGGTTTCGGATCACCAACGTACATACAATAAGGGTCACGGAGAGCGTAAACTGGAAAACCACCAATATTTTACGCATGGTATTTGAGGAAACACCTCTTACTGATTTTCCTTTTAATGAATGAATGGGATTGAATGAGGAAAGCTGTATCGCAGGATATATACTGGATAGTCCCAATGTGCCTATAATTGCTGCCCCAATATACAGCCATATCGTCGTATTATGGAAAGAAAGACTGATTGATTTCTGCGCGATCTGATTATAGCCTGTATGAAGAATCACGATGAGGATGAAAGCAATCAGTAGTGAACAAAGAAATACAACAACAGTTTCGGTGATAAATTGTAGGAATAAATGGAGACGGTTGGCGCCGATTATTTTGCGGATACCAACATCTTTCGCCCGATCCAATGCTCTTGCAGTACTTAGATTGACATAATTTACCGCACCGATCACCAGGAGCAATATCGCAATGATCCCAAAAATCTGAACCATGCGAAGCGTCGATTTATTTCCATCAGGAGCGATCAAATGCATGGTTTTAAGAGGGTCTAAAACAAATATAGTCGAGTTTTCACCGTCGCGGGCTTTGGTATAAGTATCTGTGACCGATTTTCCGATAAGTGCGGCAGAAGCATGAGGTTTGACTTTAATATAAGTCGAAAAACTGTAGTTACCCATATCTTCATCTATTGTTTTCCATTTACCGTTACCGCCCCAGTTTGTAAACCGCTGTGCATGATAACCCAGTGGGATAACGACATCGAATTGCATTGAGGAGTTTTGTGGAATATCGTTTAGGATACCGGCTACGGTGAAGAGATCTTTCTGGTAACGGAAAGTTTTTCCAATGGCTTTTTGCGTACTAAAAAGTTTTTCGGCAGTCGATACGGTAATAAGCGCCTGTTTATAATTTTCCTGAAAACCTGCAAGCGAGCCCTCTCGTAATGGAAAATGAAACATCTTGAAAAAATTACCATCTACATAATAGATGTTCATATCAGTTACCGGACGTTTCAGTTTGTCATTGACCAATGTGGTATTGTAATCCTGTGAAACCCGCGTTGCGTAATCTACCTCCGGTACATTTTGTGCATAATTTCCTATAGGGCCGGGAGATGTCCCCCATATCGAACCGTTGTGCTCGGGATCCAAATGGGAATTGACCTTGTAAATCTGTTCAAAATCTGGATGGAATTTATCAAAGCTCTTTTCATCCTGTACCCAGAAAATAATTAATATCGCTGCCGTAAGACTGACCGACAGACCTAATATATTGATAGCAGTATAGAATTTCCGTTTCCTTAATTCTCTAATGGCAGTTATTAAATAATTCTTTATCATGGTGATAGGCTTTTTTTGATTAATTCTATTGTTTAGTCATTCTTTGCAGTGCATTATTCAAAACAAGGATTGTGATGGGATCATTGCTGATTCCCATCATTCTCCTTGATCACTATTGAGCTTCTTTTCTGTTCTATTCATCTCTTAAACTATTTACGGGGTTTGCACGTGCCGCTTTTATGGATTGGTAGCTCATTGTAAAAAATGCAATAAGTAGGGTTGCGGCTGCCGGTATGATAAACATCCACCAGGATAGATCTATTTTATAAGCAAAATCATCCAACCATTTGTGCATCGCCCACCAAGCAATTGGGGTAGCGATCAAAATAGAAATGAGTATAAGTTTGATATAATCTTTTGATAATAATCCAATAATCCCCAGTACGGTACTTCCCAACACTTTTAGAATACCAATTTCTTTTGTACGCTGTACCGTGGTGATGGTAACCAGTCCGACCAATCCCAGGCAGCTGATGAGAATTGTCGTCGATGTAAATAGATTGATGATCTTCGAGAATTTTAGATCACTGCTATAAAGTTCTTTGATTTGCTGGTCATAGAAATCATATTTGAATGGGGCTTTTGGATAATATTTTTGCCATTCTTTTTCAATCTGTTTTAATGTTTCGGGCCAGGTAGCTGAATTATTGTTAAGTTTGACACTTAGTCTGTTTAATTCCCATTTTTTAATGGAACTTAGCATAACGACAGGCTGAATGGCTGCATGGAGATTTTTTGTGTGAAAATTGTCGGTTACCCCCACAATCTGACGCTGTTTGTCGGTATACGTAACAAAGCTCCCTACAGCGTTTTCAGCAGATTTAAAACCTAATTTTTGAACGCTGGCTAAGTTTAACACGATGCCTGTGCTCGTATCGGCCAACTGCAGCGGGCGGCCAGCAAGCATTTTAAAATTATAGAGCTTAAAGTTATCCTGATCGACAAATTTCATTTGCACATCTGCTTGTACTTGTCCTGTATCACTTTTTGCAAACAGTGCATTTCCCCAATGGTCGTTACTCATGGGCAGATGCCCCAAGGAAGCCTGCTCTACACCTGCGATGTGCTTAATCGCCTGTTTGAAAACAAAGGGATCGACATTACTGTCCTGATAGCTTTTACTCGGGAAACGTAGGGTAATGATCGCATCCTTATCGAAGCCGTAGTTATTCTGTAGTGCATGTTTCAATTGTAGACCAATGATGCAAGTTGAAATAACAAATAGCTGGGCAATCAAAAATTGAAAAACAATGAGCATTTTTCGAAAAGAAAGATTGCCAAATTTGATCGTTTGCGCATTCGAGATTTTAATGACTTCAACAATCTTGACTTTGTTTGTTAATAAAATCGGATAACCTGAGGAAATTAAGGTAATCGTAATTGTAAGTGTTGCTAAAAATAGCGATACACCCCAGGGATCTGGATATAGCTTGAGCTGATCGGGAATATATGCGGCTAAAACGGATTGAATGAGAATAAGTAAAGGCCAAGATAAAAGCACCGAAAAAGCCGTAATGCAGAATGTTTCTAGCAGAAAGGACTTTGTAATTCTTTTCTGGCTTTCTCCCAATGTCTTTCTGATACCAATTTCCTTGGCGCGTTGTGGGATTTGGGCGGTAGCGAGATTGATGTAATTGACACAGGCGAGTAAGAGCAAAAATATACCTATGCCGATAAGACCGTACATTATTTTCTGATCAACATTATTTTGCGCGTAAGAAGTAAAATGTAAATCTTTTAAAGGAATTGTATTTACATGCATTTTAAATCCAAACTTATCAAATTCGGCATGTGTCATCTCATAGGCCTTTTTGTCGGCTGTCTTTATGAGGTTAGGAAGGGAAGCTGATGATTTTACCTTAATAAAGAGCTGCCAATTTGAATTTGAATTACTCCAGTTTGTACTGTTCCATTCCTGTTCTGGAATCCGGATAAATTCTTTTCCCAAAAAGCTGCTTGGATGCGCGAGGTCTTTTACAATACCAGTTACATTGTACAATGTACTATCATAGGATAAGGTCTGTCCTATGATTTGGTCTATTGACGTGTTTGGGAAATATAATCTAGCCCGCGATTCCGTCAGGACGACTTCATGGCTGTTTTTTAATATATTCCTTTGGTCACCAGCTAACCAAACATAAGGTGTCATTTTGAAATAGTCTCCCGTGGTACCGATGATTTCGGGCTGATCTTCAAACTCTATTTTCTGCGCTCTGCCATTATTACTGACACGCTCGAAGTATTGTTTAAAGATGGGTACTGTCAGTTCAACATTGACAAAGTTTTCCTTGATA
CP177226.1_gap22	1150751	1154382	3631	GAAATTTCTTATGCTATTTCCAACATTAATATTTACCGGCCTGTCCTGTGTTACTTCGCTTAGCGTTCATGGACAAGAGGCCGGTACTGTCAAACGTATTTATATAAGCACAAAAGGAAATGACCGAAATCGAGGGACCATAGGAAGCCCTTATGCCACAGCTGAAGCCGCATTGCGATCGGTAGAAAAACAGAAACAAGGGAAAAATACACCGGGCATCGAAATCATCTTTATGGCAGGCACCTATCAGCTGGATAAACCGATTGAATTGTCTGCTGGGATATCCGGTACAAGAAGGCAACCCTTGCGGATTAAGGCCGAGGATGGAGCACAAGTTACGCTGAGTGGGGCCAAATCGCTTAACCTTAAATGGAAACAGGGCGATCATGGTATTTGGGAGGCTAAGGTCACAAGAGGAGTAAACTTCCAAAGTCTATATGCTAATGATAAGCATCTTGTCCGGGCACGTTATCCAAACTACGATCCCACAGTCTTGCCATTTCAAGGCTATGCTGCAGATGCATTAAGTCCCGAACGTGTCGCAACCTGGAAAAACCCTAAGGGGGGAATTGTACATGCTTTGCATGCTGGTAGCTGGGGAGGATTCCATTATAAGATTACCGGAAAAGATGGCTTATCAACAGTTACACTTGAAGGTGGACAGCAAAATAATCGTCCCAGCAAAATGCACGAGACCTATCGCTTTGTAGAAAATATCTTTGAAGAACTCGATACCTTTCAGGAGTGGTATTTGGATGAGGAGAAGGCACTGTTATATTATATGCCTGCTAAAGGAGTTGATCCCAACCAGCTGAAGTTTGTAGCACCACAATTGGAAAATCTAATCTATCTTTCAGGTTCATCTTCCAGACCAGTGCATGATATTGAGGTTAGTGGCCTTCGCTTCATGTATGCTGCTCCTACCTTTATGAAAACAAGCGAACCACTCTTACGTAGTGATTGGACGATCTATCGACAGGGAGCCGTAAAGATTGAAGGTGCGGAAAACTGTATCTTCCGCGCGAATGATTTTATCGCTTTGGGCGGCAATGCAATATTTGTTAATAATTACAATCGCGGGGTCAAAATTGAAGGCAACCGGATTGAACAGATCGGTGCCGGAGCGATCAATTTTGTAGGAGATCCAGCGGCGGTTCGCTCACCGGAATTTCGATATGAAAAATTTGTTCCGTTTGACCAAATGGATACCATCAAAGGGCCAAAAACCGATAATTATCCCATGGACTGTGAGGCGAGTGACAATCTGATTCATGACATTGGATTGATCGAAAAACAAGTAGCAGGTGTACAGGTCTCTATGGCTGAATCTTTACGAATTTTGCACAATACCATTTACAATGTGCCTCGAGCAGGTATTAATGTAGGTGATGGTACCTGGGGCGGACATGAGATAGCTTACAATGATGTTTTTAATACAGTCCTGGAAACCAGCGATCATGGAGCCTTCAACTCATGGGGGCGCGACCGATTTTGGCATCCCAATCGAAAGGAGATGGATGAACTGACGGGGAAGCATCCCAATTTAATAGTGTTGGATGCAGTCAAAACAACTAAAATTCATGATAATAGATTTCGCTGTGATCACGGTTGGGATATTGATTTGGACGACGGATCTTCCAACTATGAAATTTACAACAATCTATGTTTAAGTGGGGGACTAAAACTAAGAGAAGGATTTTATCGTAACGTGTATAACAATGTGATGATCAACAATGGTTTTCATCCACATGTCTGGTTTCAGAATAGTCACGATGTTTTCCGTAATAATATCGTGATGGAATCCCATCAGGATATACAGGTCAGGTATTGGGGGCAAGAGGTAGACCATAATATCTACAGAAGGCAGGATGACCTAGACAAAGATCGGGCGAAAGGTATCGAAAAACATGGTCGTGTTATTCAATTGAACTTTATGAATCCTGCCGGTGGCGATTTCCGATTGAAGAACTGGAAAGATCAGGATTTTAAAAATTTTGACATGTTGCATTTCGGAGTTACGAGTAAAAGGCTTAAAACTCTTGCTGCTAGACCTGAAATACCTCAGTTGATCCAATCCGAAGCAAAGGAGCAGGGGAGCAGATGGGCCTGGAAGTCGGGGGTATTTAAATCAGTGGAGACTTTGGGAGAGCAGTCAGCAGCGGGCCTACCCGCGATAAACGGCGTGCTGCTACTTCAGTTGGATGAAAAAGGCAATCTTTATAAAAGCGGTTTGCGTGTCGGTGATGTTGTGCTGAATTACCAGGGCGAGAAAATAGATCAATTAACAGACTTGCAACAAGCGATTAAAAAGCATGTACACGCAGACCAGCCGAAGGTGTTAATTTTTAGAAACCAACAGCAGCAGGAATTAACCCTGCAGCTGGAGCAAATTTTCTATAGGAAGATTGAAATATAGTATTGTACTTTGGCTTGTTGACACGCGATATCACTATTGTGGGGATTTAGCAGTAAAACAAGGCAGTTTTGATAGATCGGTCATCTTATGACGATACTTAGTTTTTGTTTATAATTTTTATTTCCATTAGGACTATTGCGCATCTTGGTCGTCATTATAACAGTGTGTTATCACATAATGAAGTAGACACCTGATATTAAATTCTTATTCGTATTAATTGATGTATAAGGCTGTACAGCACCCATGTGTTGGCAGCCTTATTGATTTCCCATGGAATGGAATTAGCTAGTTAGAATAATGCTGAATGGAAGTGACGGTTTGGTGAATGATGATGTATCGCTATAAAGACATAACCATAGATAGGGCGATGCGGAGTCAATATGGGCTGGCTGTACAAAATTTCTTAAACTGGTTTAAGTTTGGACTGTTTTTGTTCGCTTAAATTTGATTCATATCGTTTATACCATATTTATATAATTTACACCATGTATAATCAACTTTTTGCACGTATAGCTGTATCAACAGCATTTTTGTCTGCTGTTGCAGATCGTTTGGGTCTATGGGGGGCGCCGGGCGCATCACATGTTTCTTGGGGAAATTGGGCCAATTTTGTAGCCTATTCAAATACCCTCAATTTTTTTGTGCCAGTATCCTTCGGTAATATACTTGCTATCGGTGCGACATTATTGGAGGTTATCTTAGCTATCCTGTTGTTGATCGGCTATAAGCTGCGTTTTAGCGCATTAATTGCCGGGATTTTACTGATTAGCTTTGCGATGGTGATGACCTTATCGTTAGGAATTAAATCGACGTTTGATTATTCGGTCTGGGTAGGAGCGGCTGCTTGTTTTTTACTCCGTACAGCTGATAACTTTCCTATAAGCATAGATCGTTATATCGAACTTCGTAAAAAGTAGAGGAATCGGTAAATGAAGGGGCGAAGATTTTCTCGTCTTAGCAATATGTTTCAAAAAGCACAAAAAATGCCGTTAAGCAAAGCGGTTTAACAGCATTTTTTTGATTACATTTCTTTTAAATTTACCTCTTTCTTCTCACCGTCTTTGTCAATGGTGACATGTTTTTCAATATTAGCTTTGTCGACATAAGATGATTTTGCGGTACCATAATTTGTCGTTGAACCTGTATACCCCCAATAGTTATAATAATTGGTGTAGCCCGACACATAGGAGTAGTTGTATGAATTGGTGAAATCGA
CP177226.1_gap23	1245337	1248410	3073	TATTGATCTTTCGGTAGGTGGCTCTAATACTGAATCTTGGATTGATCGAAAATCACTGGAAAACGACGATCTGCTGGCCTCTTATATCCACAATTGGCAAAAGTCAGATTTTCTGCAGGATTTCTGCCGTGAACGTGCCGGTCAGAATCTGGCTGTTTCGAAGGTGAAAAATCAACGCCATCCGTATCAACCTGCTTACAATTTTGAAGCAGGGGTCAGTAAATGGTTGGGGACAGGATTGAAAGGTATATTATGGTATCAAGGCGAAAGCAATGCCCATAATATAGAACTTCACGAACGTCTTTTTAAAACATTGGTTTCTTCCTGGCGGAAGAGTTTTCACCAAGAGCTTCCTTTTTTCTTTGTTCAGCTTACCAGTATAGATAGACCTTCATGGGGCGATTTTAGAAACTCACAACGCTTACTGGAGAAAGCCATTGCTGGTACACACATGGCCGTAACGATCGATGTGGGTGATTCTTTGGATGTACATCCCCGTGAGAAGATAGTGGTAGGTCGGCGTTTGGCAGATTTAGTGCGTCAACATGTGTATGGCGTTGAATTGAATGCAGATCATCCTGAACCGGTCAGCTATGCGCTTCGCGATGATAAGCTGTTATTGACATTTGACCATTGTATAAAATTAGTAACCCAAGGGAATTTGGCTGTGAAAGGTTTTCAGGTAATGGACAATAAGGGGGAAATTTATGATGTAAACGCAAATATCCTATCGGGCAATGTCGTTGAAATCGTTAAGCCAAGTTTCGGAATCAGCAGAATCCTGTATGGATATGAACCTTTTAGCAGGGCAAATCTTCAAAATGAAATTGGAACGCCAGTGTCCACTTTTGATTTAACGATCAACTAAACAGAAATGAATTGATTCAAAAACTAGAAAAGATGAAACAGATAAGTATAAAAGATACCGCAAATATAATTGACACTGATTACTTGAAGGAGTTGGAAGCTTTTTATCGTGATCAGCTTTTAAAAGACACGGTACCATTTTGGTTTCCACGATCGATTGACCATGAATGTGGCGGCTACTTATTTATGCGTGATCATGATGGGACGTTGATTGATACAGATAAGGCCGTATGGATACAGGGAAGGGCATGCTGGTTGCTGGCCACACTTTACAATACAGTTGAGCAAAAAGAGGAATGGCTGGAAGGGGCCCGGATAGGCTATGAGTTTTTGAAGAAACATTGTTTTGACGCAAACGGCAAAATGTATTTTCATGTAGATCGCACAGGTAACCCTATTCGTATGCGTCGTTATTTCTTTTCGGAGACTTTCGCGGCAATCGCTTTTGCTGCCTATGCAAAAGCGACGGGAGATGACGGTATTGCTGCGGAAGCACGTGAGCTGTTTGGAATTTGTCTGGCTTATGCACAGGGAGAAAGATTGGTGGAACCAAAATACGAACAGACCAGACCAATGAAAGGGATCGGTGTGCCGATGATTATGATCAATACAGCACAGCAAATTCGCGAAACCATTGGAGATCCAAGGTGTGATTCCGTTATCAGTGATTTTATCGCGCAGATTGAACGTGATTTTGTAAAAGATGACATACGTTGTGTGATGGAACAAGTTGGTCCCGAAGGTGAAATTGTTGATCATATTGACGGGCGCACACTCAATCCCGGACATGCCATAGAAGGAGCTTGGTTTATCTTGCATGAAGCGAAATATCGGGCGAACGATCCGCATCTGATTGATCTTGGTTGTCGTATGCTCGATTATATGTGGGAGCGCGGCTGGGATACAGAATATGGTGGTATACTATATTTTCGAGATGTCTATGGAAAGCCGGTACAAGAATACTGGCAGGATATGAAGTTTTGGTGGCCACAGAATGAAACGATTATAGCAACATTACTCGCTTACCTAATGACGGGAAATGAGAAATATAAAAGTTGGCATCAGCAGATCAATCAGTATGCCTATGATCATTTTCATGATAAAATCAATGGTGAGTGGTATGGTTATCTGCATCGTGATGGAAAGATTGCGCAAACGGCAAAAGGTAATTTATTTAAAGGACCTTTCCACCTCCCTCGTCAAGAGTGGTACTGCATGCAAATACTAAAGGAATTTAACACGATTAAAGGGTAACATGATGCGACAAACTGTAGCAACAACTAAGTTCCTCCAAAGGCTGATGATGATTATCATGATGATCTCTCCGCTATATAGTATGTGTGAAACTATCAGACCTTTGCTTCCCATGCCGCAGTCTGTTACCTGGAAAACCGGGTATTACCAGGTCAAACATATTGTGTGTGTACGCACCAAAGGAGACGTGTCAACTACAGATAGACAGACGTTGACAGCATTGCTAAGTGATTGGAATGGAAGGCGGACAGACTTCGATAGCAAAGAAAATATAGCTATAACGATTAGTTGCAATAAAAAAATAAAACTTCCCTCGCCTTCTTTAGAAGGCTATCGCATCGTCATAGACAAAAGGGGCGTAAACATTGAAGCCCGGGCGGGGAAAGGGGTTTTCTATGCGCTGCAAACGCTGCGTCAACTGGGGGGGAGCGATGGTAAGTTGCCGTATTGCAACATTACAGATTATCCATCTTTTCGCTGGCGTGGCTACTTGGTAGACGTGGGAAGAAATTTTCAGTCGATAAAGGTGCTGAAGGAGCAGATCGATATGATGGCGCGGTATAAACTCAATATTTTTCACTTTCATTTCACCGAAGATATTGCGTGGCGACTGATCAGTAAAAAATATCCCGGTTTGACCGACTCGGCAAATATGGAGCGTTGGAAGGGAAAGTATTATACAGTCGACGATATGCAGCAGCTGATCCGGTATTGTCGTGATCGCCATATTGAGCTCGTACCCGAAATTGATATGCCGGGGCATTCTGCCGCATTTCGCCGTTATTTTAAAACGGATATGCAGAGCGATAGCGGTGTAGCGATCATCAAGGAACTGGTGAAGGAATTTGCGATCACCTATCCCGGACTACCTTACCTGCATATTGGGGGGGATGAGGTGAAAATTTACAATCAAGCATTTTTGCCGATGATGACAAAATGGACGGAGGACTTG
CP177226.1_gap24	1298132	1299354	1222	AATAGCGTGCAGCGTAATGTGTTGCCGCATCCTTACTCAGATTTTATATATGCTATTATTATTGAGGAGTACGGGACAGTCGGTGGGGTAATCCTACTATTTCTATATCTGGCCTTTATGTATCGTTGTATACGTATTGTCACGATGAGTCCCAAAGCTTTCGGTACTTTTCTGGCAGCGGGTTTGGGGTTCAGTTTGACGATCCAGGCCCTAGCAAATATGGCTGTTGCAGTAGGCTTGGGACCAGTTACGGGGGTTCCGCTTCCACTGGTGAGTATGGGAGGAACATCGATTTTATTTACGAGTGTCGCCTTGGGAATTATCCTGAGTGTGAGCAGAAATATTGAAGAATTAAAAGGTAAAGAGGAGCTGGATGAAAAGCCTAAACCGAAAAAAGTGGTGATAGGATCAATTCCAGCATAATAAAAAATTGAGCATGGCAATTCGTGTAATTATTAGTGGTGGTGGAACCGGAGGACATATCTTTCCGGCGATTTCAATTGCAAATGCACTGAAGGCAATGGATCCTGCAAATGAAATTCTATTTGTGGGTGCCAATGGCCGGATGGAAATGGATAAAGTGCCAGCTGCCGGTTATCAAATTATTGGACTTGATATACAGGGGATAAATAGAAAACAGCTGTGGAAAAATATCTTCTTGCCATTTAAGCTTATGAAAAGCTTGAATATGGCGAAAAGTGTAATTAAGGATTTTAGACCGGATGTGGCTGTAGGTGTAGGTGGTTTTGCCTCCGGACCTTTGTTAATGATGGCTAATAAATTGGGTGTGCCAACTGTTGTGCAGGAACAAAATTCTTATGCAGGTGTGACCAATAAAAAAGTTGGGGCAAAGGCAGCAAAGATATGTGTCGCCTATGAGGGGATGGAGCAATTTTTTCCTGCGGAGAAAGTATTACTCACTGGGAACCCAATAAGACGCGAGTCCATTGCGATAGCAGGGAAAAGAGAAGAAGCTTTAACGTTCTTTGGTTTAGATCCACACAAAAAGACAATTTTGCTGCTCGGTGGAAGTTTGGGAGCTAAAACATTAAACGAGAGTGTGCTTGCTTATCTGAATGATCTAAAGGGAGAGGACGTACAGTTGATTTGGCAATGCGGTAGTTTCTACGTTGACAAGTTGCAGGAAGAGTTAGCGGGGAAATTGCCGCAGAATATTAAGATGTTGGCTTTTCTACAGCGTATGGATTATGCTTATGCTGTG
CP177226.1_gap25	1302810	1303432	622	ATGGAGGAAATCATTGAGCACGTGTACTATGAAATCAAATCTTCTGGATATGAAAATAAGCTGATCGGCGGTATTGTTATTACCGGTGGTGGTGCTCAATTAAAACATTTGGTACAACTTGTTGAGTATATTACTGGAATAGATTGTCGTATCGGATTTCCGAATGAATATCTTTCTAAGAATGAGGTTTTACCAAAACCGTTGTTTGAAGAATTGAAAAGTCCTTTGTATGCAACAAGTATTGGCTTGTTGATTAAAGGGATTCAATCGCATGAGGAAGAAGAAGATAGCCGTAGAGAAATGCACACCCCATCGAAAAAAGTGCAGGCAGCTACGGTGACAACGAAAGAGGTTTCTGAACAACAACAAAAAGAGCAAGGATTATTGTCATGGTTCAAACGTTTTATCAAAGACGGTAACGAAATCGATGACGCTAGTTTTTTAGATAAGAAGTAAGTTTTCCACAATAGTTGAAGTTTTCCACAATTTAACAAATGTGGAAAACTTTTGTTGAAATTATATTATTATTACATTACATATAGTGGGTTTGATTCGTTTTGATATCATCTTCATTGTAAGTTAAATAGGGATAAGTTATGTCAATACAGTTTGAAATGTTAAA
CP177226.1_gap26	1316254	1320871	4617	TAAGTGTATCGGGAATGCATGTTGCTGTTTTATTCGGTTTTTTATCCCTTATTTTCAAGCGCATTGCCTGGCCTTCCTATCTTAGATGGCTGCCACTAATTTTGTTATGGAGTATGATCTGGATATATGCTTTTATTGCCGGTCTTGATCCACCCATTACACGGGCGGCTATTATGATTAGCTTTGTGCTATGTGCACAGCATTTTAAACGAAGCTTTTCAACACTGAATTCGCTTATTATTGCCGCATTATTGATTCTGCTTGTGGTTCCACGAGCTGTCGTCGATGTGGGGTTTCAGCTGTCCTTTCTAGCCGTTTTGGGTATGACGATATGTTCGCCGCTTGTCGAAGAATTCCTTCCGGTCAAAAGACCGATATCACGGCTTTTGAGAGATGTTTTGGCTGTTTCTATTGCTGCGCAGCTATTGACTACACCACTGAGCCTTTATTATTTTGGGCAATTTCCGACGTATTTTCTGATAGCCAATGTATTAGTCGATTTGCCTTCAACCTTAGTGATGTATCTTGGTTTTATCATGACAATCAACCCAATACAGGTGCTTAACGATTTATTGGGTTTCCTATTGGAACACCTCATTGCTTTCATCTTATCCTGTTTGAAATTTATCGAACATTTGGCTTTCTCAACAATAAAAGTTGCACCTATGGGACTGGAGCTGCTATTCTTGACCTATTTTGCACTATTTTCTTTTTTATATGCTTTTCAATGGAAAGATAAAAAATACGTTTGGCTAGGGGGATGCTGTGCAATTGGAATACTATTGATCACTGCGCAAGAATATTTAGAAAATAAAGATGTAGAACGGTTTCGGGTCTATAATACGAAACATGAGTTGACGATCGGGTATTTCAACGATGGGCGCGGTATCGTTTACAGCACATTTGATTCTGTGCAATCTCCAGGCTTGCAATATGCATGTGGAAGAGAAATCCAATTATTGACGCGGGAAAAAGTTCAGTTTGTAGCTTTGAATGGTCGGGAGCGGAAAAACTACCTTGTTACGCTACCTTTAGGTAGAATTGCCATTTTATCGCATGCAGGGGGAACAATGACGCATGCCGACCTTGTCATTGTCAGAAAAAATTTACTAAATGGTTTACCGCGTTTATTGAAGCAAATTAGACCAAAACTTGTTATACTGGATGGATCCAATTCAATGGAGAAATCCAAGCATACAAAACGTATGTTGGATAGTTTGGGGATACAGAATTATCTCATGAAAGATAATTTTGCGTATGTTTGGGATAAGGAGAACTTATGACGCAAGATAGTATATCAATCTTAAGGCAATACTGGGGATTCGATTCATTTAGACCCCTGCAGGAAGAAATTATTCAATCGGTCATTTCAGGTAAAGATACACTGGCTTTATTGCCGACTGGTGGCGGAAAGTCGATTTGTTTTCAAGTACCTGCCTTGATGCGGGAAGGGATTTGTATTGTCGTTACACCGCTCATAGCATTGATGAAAGATCAGGTTGAGCATTTGAGAAAAAATGGAATTCAAGCGGTCGCGATTTATGCTGGAATGCGGAAGAGGGAGGTGGATATAACATTGGACAATTGCGTCTATGGTCAAATAAAATTTCTCTATCTTTCTCCTGAAAGATTGTACAATGATATCGTGAGGGAGCGCATACGATTTATGAATGTAAATCTTTTTGCGATAGACGAAGCACATTGTATTTCTCAGTGGGGGTATGATTTCAGACCACCCTATTTAGAACTCGCTAAGTTACGGGAACTGCACCCCAAGGTTCCTTTTCTGGCCCTTACAGCGACTGCAACTGAGCGTGTCATTAGCGATATACAACAAAAACTGAATTTTCCGAAAGAAAACGTATTTGTCAAAAGCTTTCTCCGCGACAATTTGGCTTATATGGCCATTGAGGAAGAGGATAAGATGGGACGTATAGTCCGCATCATACACAAGTTGGGTGGATCCGGTATTGTCTATGTCAGAAACCGGCGGGAAACGCAGGAGATAGCCCGTATTTTGGTCAATAATGGCATTTCGGCAGATTATTACCATGCCGGGCTCACGGGGCAGGAACGCGATCAGAAACAGCAAGGGTGGATGACAAATGTTGTTCGCGTTATTGTAGCCACAAATGCATTTGGGATGGGAATTGATAAACCCGATGTACGGTTTGTCATTCATCTCGATTTGCCTGATTCGCTGGAGGCCTATTATCAAGAAGCCGGTAGGGCAGGAAGAGATGGCAAGAAGGCCTATCCCGTTATTCTTTATCAAAAGGCAGATGAGCGGAAACTTGTCGATAATTTGCAAGCGAGCTTTCCTGATATTCCATTTATTCAACAGACCTATCATTACCTTTGTAATCATTTTCAGATTCCCTATGGTTCTGGAGAAGGAGTGACTGTAGATTTTGATGTTGTTGCATTTGCAAAAAAATATCAGCTGCCGTTGGTTCCTGTTATGAATGCGCTGAAGTTTCTGGAGCGGGACACTTGGTTGGTTTTGTCAGAAGCTGTCACAATACCTTCACGCTTTAAGTTTGAAATTGATAGCGCCGAATTGTATAAAGTTCAGGTGCAGTATGTCAAATATGATAAGCTTATTAAGGCTATTTTGCGCAGCTATGGTGGTGTATTTGAAAACTATATCCTCATCAATGAATATGAATTTGCACGTAAGTTAGGTCTGCCTTATGCTCGTGTTGTCGAGCTGTTGAAGTCGTTGGAGACACTGGAAATAGCGAGCTATCTGCCTTCTACAGATGCGCCACAATTGACCTTTTTGCAGAACCGAGTCGATTACAAACACCTGCATATCGATCATATTTTTATTCGCGATCGCCATCAGGTGAAGGAAGAGGAAGTCAATGGCATGATCGCTTATATTGAACAGAGCAATTGCCGCAGTCAGTCGCTGTTGTTATATTTTGGAGAGAAAAATGCGGGATTCTGTGAAGTATGCGATTTATGTTTGATCCGCAATCATCAGGAAAAGCAGCGGGCAAAAATAAAAGCAGAAATCAAAAGCAGTTTACTTGCTGGAGCTAAAAATATTCACGATTTGGTGGCGAGTCTGACGATAGGTACAGAAAAGAAAAGAATAGAGATCATCCGTGATCTCCTGGACGCGGAAAAAATCCGCTTGGAGGATAATCTCTATTCTTGGAATACCTTGTTTTAAGCTATTTTTCGACGGGAAGATTGAGCTCTTCACGTCCCCATTCTGACCAGGAGCCATCGTATACACGGATTTGCTCGTGCCCGGCAAGGTGAGCGGCAAATGCTAAGATTGAGGCCGTGATTCCCGATCCACAGGAGAAAATGTATTCATTTCCGGTCGCGTTAAAATGATCAAATTGCTGTTTCAATTCATCAACGGGTTTATAAACGATTCCATCAAATAATTCTTCGAAGGGTAGGTTTTTGGAATGGGGGATATGCCCACCATGAAGGCCTTTCCGGGGTTCAGCTACTAAGCCGCTGAATCGACCTTTACTTCTGGCGTCAAAAATATTCACTTGAGCATCCCGATAGTGGGTTAAGACGTACTCTTTATCGGCATACAGATTTGCTTGAAATTGCGCTTTAAAGTTGCCGGCTTTTGCAGCGGTTGTATACTGGTCTACGACTGGCAGATTGCTGTTTTTCCAAGCGGGAACACCACCATTTAAAATATAGACCTGTTCAAATCCCATCACTTTAAACATCCACCAGGCCCTTGGGCTTGAATAAACGCCCCATCTGTCATATAATACGACCGTACTATCCTGATTTATTCCCAAACTTTGCATTTCCCTTTCGAATACCGCTGCAGAAACGAGGGTATGCGGTAATTTGGAAGTAGCATCCGAAAGTTTCCCTTCGATGTCAAAAAATTGAGAATGGGGAAGTACTTCGAACTTGGTATCCTTGATGGATTGACCAACTTTGTCGATGGTGCAATCGAGGAGGACAATGTCTGTATGCTGTCCCAGTGATTCCTGAAGTTCTGTGGGGTTAATTAAGGCTGATTTGAATGACATAACAATAACGTTTATTGTTACAAAATTACAAAAGCATCCCTATAAAAACAAAGCGGCTGTCCTTTTGGAACAGCCGCTTTTTATGGATTGAAATTGCTAATTACTTAGCGTTTTTATCATTTTCCATTTGCTCTTTCAATTGAGCTAATACGTCTAAGTCGCCTAAAGTAGATTTTTCAACAGAATCTTTTACTTTTTTCACAGCTGAAGACTCAGCTTTAGCGTCTTTTTTACGGTTGTTAGACTCTTCTTTGCGAGCTTCTTCTTTCTCTTCTTCCCAGATACGAGAGTGAGAAATTACCAAACGTTTGTTCTCTTTGTTGAACTCGATGATTTTGAATGAAGTAACTTCATCAACTTTCAATGAAGAACCGTCTTCTTTAACAGAGTGTTTAGAAGGACAGAAACCTTCAACACCGTATTGTAAAGCTACGATATCACCTTTGTCACCAACTTTGATCACAGTACCTTCGTGGATAGAACCTTCAGTAAAGATCGTTTCGAAAGTATCCCAAGGGTTTTCTTCCAATTGTTTGTGACCTAAAGATAATTTACGATTTTCTTCATCTAATTCTAAAACAACTACGTCTAATGT
CP177226.1_gap27	1322040	1324388	2348	CTTGGTTAACTTGGTTGAAAGTATCTGCGTATTGTGCTTCAAGTTTAGCGCGTTCAGCATCGCTATAATTTCCGAAACCTTTATCATTTGCATCCCAGTCAAATTCACCTTCTGGTGTGATCCAAGTGTTTGATTTGATTTCGTCGATTAAGTTTGAATCAGCTTCTGATTCAATTTTTTCAGTGTCTTTCACTACTTTAGTGTCAGCACCTTGTAGCTCTGCGTTTTTCGCTGCTAATTCTTTTTCTGCTTCTTGTTTTTTTGCCATTAATTAATTTTCTCCTTTTTCCTACTTTGTAGGAGTTGCAAAGGTACAAAAAAACTTTAAATGCAAAATTTTATTTTTCTTATTTTATTGAAAGACTTTCAGTTATAGGGGACTTTTTACATGCCAGCCCCGTAGGGGATGGTATTTGAATTGTACTATTGCTAATTCTCGACTTTATTTGCGGAAATCCTTTTCCGATAAAATAGATTTTAAGTGGCTGAAGACGACTTAGTCTTCTCGCTTAAAAGAGTTGAAAATGCGTGGCTTGGCAATAACAATGGTTTGTTTGGACAGCGCTATTGCCGCATTAAGCTCATATCCCAATAATAAAATAAGCGTATTCAGGTAAATCCATAGCATAATGACGATCAATGTCCCAATGGATCCATACAGTTTGTTATATGCACCAAAATGATTAATATAAAAGGTAAATATCGAAAACGTCAATATCGCTAAAATGGTAGCCATAGAAGCTCCTGGACTGAAGAGTTTCCATTTATTGGAGTTGGAGGGACCAAATTTGTAAATACAACTTACGGTGAAAAAGTAAATAGCAAATATGATCAACCATCGGGCTACTTTAAGTAGAATAGCCCAGAAGCTGGATTTAATACCTGTCGTTTCCTTGAGGTAGTCTATCGTAATGCCAGCTATGGTAAATATCGTCATCCCCGCTGTTAAAGCAAAAATAATCAGAAAAGCCAAGGCTAAGGCAAGCAGTCGTTTTCTGATCCAAGGTCTTCTCTCCGTCATCAGGGAAGCCTTATTGAAGGCATTCATGAGGGAGGCCATGCCATTGGTCGCAAAATAGGCCGCGAACACAAAACCAAAAGACAGCAATCCACCATTTTGGTTTTTGATAATATCCTCCAATGTCGTTTCAACAACGAGAAATGCATTTTTAGGAATTACTACCGCAAGGAAATCCAACAACTGTTCCTGAAAATTATTAATCGGAATATAAGGGATTAATGTAAATAGAAAAATGATTCCTGGAAAAATGGCCAATAGAAAGCTATAGGAAAGGGAAGAAGCCTTGCTGACGATGGAATCTCTGGAAAGCTCCTGAAAGAAAAATACCGCCACAGTATAAAGTGGTAGTGAGCCAAAGCCAGGTAGTACGACACGTTTACTCCATTCGATTAATCTAAAATAAGGTTCAAAATTTAATAGCCATTGGTGGATTTTCCCCATATCAATTAAAATATTTACTCATCTTATCCAGGAAAACCTGTGGCGGCATACAAGGTCTATTTTTCTCCATATTGACAAAGACCAAGGTTGTCTCTCCCTGGTTGAGTAGTTCCCCACTTTCATTGAAAAGCTCATATTCGAAAATGATACGTACGGCAGGTTTCTTGCGGATTGTTACCCGTATCGTGATCAAGTCATCGTATTTGCCTGGTTTCAGATATTTGGTCTTCATCTCCGTAACGGGGAGCATGACACCCATTTCTTCCAGCTCCTTATACGATATCCCCGTGCTCCGCAGCATTTCAGTTCTCGCTATTTCATAAAACGCAGCATAGTTTCCATAATAGACATAGCCCATTTGGTCTGTTTCTGCGTAGCGGACGCGAATCTGATGGTCAAATACAAACATTATTTTTTAATATTTCTAGCGTCCAGAGCCTGTTGGAATTTACGTGCATTGATCAAATGCTCAGCCTCTGTTTTTGCAAAATTATGGTAACCCGAAAAATCATCTTTGGCACACATGTAAATATAATCATGTTGCTTAAAGTTTAAGACCGCATCAATTGCAGCGATACTTGGAATTGATATAGGGCCTGGAGGCAATCCTCTATAGATGTAAGTATTGTAAGGATTGTCTGTTCTGAGGTGCTTATTCAATACCCTTCTAATGGTAAAGTCATTATTAGCAAAGATCACCGTAGGATCTGCTTGCAATAACATACCTTTTTTGAGACGATTTAAATATAAGCCGGCTATCATGGGCATTTCATCCTGGTGCAAGGCTTCACCTTTCACAATCGATGCCAATGTGCTCACCTGTTGTGGTGTCAGATTAAGCGCTTTTGCTTTTGCCGTACGATCCGCATTCCAAAACTTTTTCCAT
CP177226.1_gap28	1325967	1327288	1321	TGAAGGCCTTTCACTTTAGGAACGGCGATAGATTCATCATGTTTGGTATATATTTTCAGTCCAATATAAACGAAAAGGAATAGACATACTATCGCGATAACAGCGGCAATAAGATTTTTCCTAAAAGTGGGGGTCTGAAGATATTGTACGACTTTGGACATTTCTCTGTTTGATAAAAATTAATTCTGCATAGAACCGCAATATTAAAGCCAAGTTTGCAGAATGATTAAATAAAATTATTCCTCACAAAATTATTCGTTTTTCCGTGTATAGCAAATTATATTTGCTATTCGAATCGCTAAAATTTATGAAAGCAAAAATAGCATTAATAACTGGAGGTTATACAGGAGAAGCTGAAGTTTCTTTTAAAAGTTCTGCCTTCGTCAATTCTCAACTTGATCACGACAAATACGATATATATTTGATTACAGTGACCAAAGAAGCATGGTACTATGAAGATTTAGACGGTAAGCGTCATCCGATTTCAAAAGCTGATTTTACCCTTTCATTGCATGGGGATATCTTGACTTTTGACTTAGCTTTTATTATGGTGCATGGTGTGCCTGGAGAAGATGGAAGACTTCAGAGCTATTTTGATTTATTGGATATTCCTTATACGTCATGTGATGCTTTGACATCTGCATTAACCATGAATAAAGGGTATACAAAAGCGATCTTATCGGATATTCCCGAGTTGCATTTGGCAAAATCGGTCCTACTGTTTGAATCGCAACGCTCGGAGGCACTCAAAATCGTCGAAAGTAATCTTTCACTCCCTTATTTTGTGAAACCTAATGCCGGAGGAAGTAGTATCGGAATGACCAAAGTAAAGGAATCGGCACAACTGCAGGAAGCGATTGACAAAGCTTTTGATGCGGAAAATACAGGAAAACAGGTTATTGTTGAAGAATTTGTGACTGGACGCGAATTTTCCGAGGGAATTTTTCGGAATTCAAAAGGCGAGCTTGTTGTTTTGCCTGCCACAGAAGTTCGAACTACACGCGAATTTTTTGATTATGAAGCCAAGTATGTACCTGGATTAACTGAGGAGATTACGCCGGCGGACCTGACGATCGAACAGCAGGAGCGTGCTGCGCGTATTTTAAGAGAAATCTATGTGAGATTGAACTGTAAAGGTATGGTTCGGGTAGACTTCTTTTTGGAAAACGATACCGATAAATTTTATTTTATCGAAATCAATACCATTCCCGGGCAAACTCCACAAAGCTTTATTCCGCAGCAGGTACGGGCTTTTGGAATGAAGGAGGGGGATTTTTACGGTGAGTTGATCGAAACAGCCTTACAATCGAAATAGTTCTAT
CP177226.1_gap29	1403061	1407932	4871	TGGTCCTCAAGTTCTTTTCTTATTGCATTAAATTCATAATAAAGTAGCGCAAATGTTTCGTTGGAGAGTGAGATAACAGGATTACGCTGATAGTAAGCAAATGAAAAATGGAAATTGGGCGAAAATTTCTCGAAGTATTCTCTGTCGACCATCAATTGGAAGCCAGTGGTATTGGCCCCTAATTTCCAGCTATGAACTTGCTTTGGAAACAGGATATGGATTTGATGACGATCAATGTGATAATCTTTAAAATCAATCGTATGAACACCTTCTGCTTGGTCAAAAAGTACCAATAAAAAAAAGTGATGCTGATGTGGACGCGCTATATGATGTTCACCACGTAATTCCGAGTATAAATATCCTTGATTACCTGCAAGCTGGTCTTTTCTAAATTCTTGAATATCTATTGTCGGAAATAACTCCATCGAAATGATTTTGAACCTAAATATAGGTGTTTTATTTTAAACCATCTTCCAGTACCTGTTTGTTGATGGTGAATTCACGGTAGCCAAAGGCTCCGGACTTGTAACCAATTACAGCACCAAATTCAATGCTTTTTGAGGAAGAGGTTTTTGGGAATACAGAAGAGCGGTATACATTGGCCGCGGCTAAAGGTTTTTCGAAGACGCGAAAGTGTAGACCATCCTTTGAATAGGCTAGATAATTCATATCTGAGGTAAATCGATCTACGTTTCCAATTGCCAGACATAGAAAGTAATACCCATCAATATACGAGCCTTGCAGATGCCAAGTCGAATATCCCTTGCTGAATTCTAGCCAAGGTTTATTCATAAATTCAACTTTCTTACTGTCGCGATAGGCGGTAAAATCTAAGCTATTTGTAGAAATACGCGATAGGATATTGGTCATAATTGGAGCTTTGTAGCTTGGCATGAAATCCACTTCGTAACTCATCGTTAGGTTTTTCGAATTTCTCACAAATGTCGGTGAAAGGATGTGGTTGTCTTGGAAAGAAGTAGGTTCATTACTATTATACACGAGTTCGAGGGGTGTCCAGTCAATCCCATTTTTTGATGTTTGTCTTACAATAACACGTTCCGCTTCTTCATTTAATTTTCTAGTGTTGTTTGCGCTTTTGGCGCCCCATTTTTTTAAAATTTTGCTCGAGAAAAAGCAACCTCTATAATATAGTTCGAATTCTTTTCCGTTAAAGTTCCAGTCTACATCAGACCAATATCCCTGGTTAGGGCTACCATCTTTTTGTATGAATGAGTCTTCCAACGCCGGACGTCTCTGAATAGGGTTCGCCAGCCCAGCTGGAGTAATCCATTCTTTCACATCGTTCGACACCACCACTGTGGGATTCTCATACAATGATGCTGTTCGGTCAGCTCCTATTATTCCAAAATAAGGGGTGAATACCATCCAATATTTGTATCCATTGAAACCTGTTGGAAAATATTCCACATCGGGATGGCAATAACTCGCATTATTTCCGGAAATATCTCGTATCAAAAAAGGTTGCTCTTCACCCGGTTGATTTGCATTGGCAATAGCATTAATTTTTATGGTACCAAGATCATTGGTAAAGCCTGCTGGGATAGGTAATTTATCCTTTTCGATGATTTCTGGATCGGGCGGCACAGCTCCGGGGTGAATATCTCTTTTACAACTAATACACAATATTACGCCCAAAAAGAAATAGGCAATTCTTTGATATGACATAGAGAATCAATAAAAATAAAATTCGAAAGGTAATTTGTTATGGTCTTACTTTTCCTGTTAATCTCAGCTAAATGATAGCAAAAATGATTTATTTTTTTTATTTCTCAAAATCGATTTTTAAAAATATTTTATATGTTATAAATATTTGTTTTTCTGGTTTATAAGTGTTTTTTTGACTTGTGTTTTTTGAATTCCCTGAGGACAATCTTAAGATATAATCGTTAATTTTAAGTTATTGAATTAAATATTCTATAAAATAATCTGTTAATTACAATTGAACATGGAAGATGGTCTACTTTATACATTGATTGCACCTAGTGAAGAACTTGCATGCTTTGTGGATAGCTTTTGGTGCTTGCGCAATGAAACCGGGGTAAAGAAAGAAACGATCGGTTTACCAGATGGACGTGTCGATTTGTTTCTTTTTAAATCGGCAATAGATGAATTTCGGATTATTTTATTGGGGTTGGGAACACAGCCCCATGAAGAGGCGACTATTCCTGTAGATGGACAATTATTTTGTATCAGCTTTAAATTGCTTGCCGTAGAATATCTTTTGCGTGAAAATATTGTGGATATTATCAATTCAGGTAAGTTTTTAGTACAGGATTTTTGGGGATTTTCAGAACAGGATTTAGTGAGCTTTGACCAATTTGTAGATAAAGCAGTAAATAAAATTAAATCACTGATTCCAAATGATATTGATGAACGAAAGCGTAAATTATTTGATCTAATTTACAAGAGTAATGGAACAATTCCCATCGCTGAACTCTCCGAAAAGGTTTTTTGGAACAGTAGGCAGATCAACCGTTATTTTAATCAGCGATTTGGACTTTCCCTAAAGGCATATTGTAATATCCTACGTTTTAGGTCCTCATTAGATCATATTGTAAAAGGAAAGCTCAGCCCGGGTGAGCATTTTTTCGATCAGACTCATTTTATCAAAGAGATTAAACGTTTTTCGGGAGTTGTCCCCAAAGAATTGTTGAAAAATAAAAACGACCGATTTATACTATTATCGTCTTTGACATCTCATTAGCTTTGTTTTTATAAATTTTAAACAAATAGGATGTTAACACAAAATAAGAAAATAGCAATAGTTGGCGGTGGAATGGGAGGGCTAACCTTGGCTCGCTTATTACAGTTACATGGGGCTGATGTATCTGTTTATGAACGGGATTTAAACCGGAATATTCGTGTCCAGGGTTCTACATTGGATCTCCATGAAGGAACTGGGCTCGAAGCAATGAAACGCGCAGGACTTCTAGCGGAATTCTATAAATATCATCGTCCAACAGCTAGTAAGCTACGCATTGTCGATAAGGGGCTCGTTGTAAAATTTGATGACCACGATGACCATGTATCGGCAGCTGAAAATCGACCAGAAATTGATCGTGCACCATTGCGAGATATCTTGCTAAATTCCCTGGAAGAAAGGACTGTGATCTGGGATAGCCAATTCGTAGCCATGGAGAAGTCTGGCTATTGTCCTTTAAGAATAAGCAGGATGCCTATGCAGATCTTGTAATAGGTGCGGATGGAGCCAACTCAAAGGTTCGCCCCTATTTAAGCGATGTAAAAGCTATGTATGCTGGAATTACCTTAATTGAGGGTAATATTTATGAGGCAAAAAAAAATGTGCCAAATCTTTTTGAATTAACAAAAGGAGGAAAAGTGATGGCTTTCGGTGAAGGGCAATTTATTGGATACGGTACAAAAGAAGATGGTTCAGTGATGTTTGTGGCGAGTACAAAAATGCCGGAAAACGAACTGGAGAAGATTGCTGTTGATTTTCGGGATAAAAAGCAAGTGTTGCATTGGTTTAAGAATTATTTCTCAGGATGGGACTCGAGTTGGTATGAGTTCTTTACGAATGACAGTGTTCAGTTTATCCCTCGTCCCCAATATTATTTTCCACTTGATCAAAATTGGGAAACGCAGACTAATCTTACAATAATAGGGGATGCAGCCCATCGTATGCCGCCATTTGCTGGCGAAGGAGCAAATGTAGCGATGCAAGATGCATTTGAGTTAACTGAATGTTTAACAAATGGGAAACACGAAACTTTGTTGGACGCAATAGGATATTTTGAAAAAGATATGATAAGACGTGGTGCTGAAGCAACACAAGAAACCTTGGAAAATAGTGATAGAATGCACTCGACAAACGCTTTGTCGACTATGTTGGCCTTTTTCGGGCAATCCATAAAAGATTAGTCTTTATGGATTGCCCGAAAAAGGCTTGCTGATTATGAATTTTGTTTTCTTCAAAAGTGAGCTATTTTAGAGGTTTTACTCTTGAGAATTTGCTAATGGGTCCACTTCCCAGTTATGCTTTGTTGGAAAACTCATATCTTTTTTATTGCATCCAGTACCTTTTTGTAATACCTAGTCTTATCAGACTCGTCAATTACAATGATTTCAACATCGTTTGCCTGAAGTAACTGCATTTTATCTTTGGAAAGCCCATACCACTTTTTTGTTGTGTAATAAAATAATTGATTTTTAATAAAGCTACTTCGTCTATAATATTTATGTCGTGCACGATAAGTTAAAAGCCACCAAAGATCTATTTCGACAAAATCAAGAGAAAGACCCAAGATGTGGATATCTTGAGTAAAAAATAGATCAATCCACGATTGGAGCTTGGTATCCTTATTCTGACTTAATCGTTTAATCAGAGCATGCTTATAAACAGTTTCCGAACTGTAATTTGTTCCATTAACGACATAATCTCTCATTTTTTGCAATTGTCCACAATAATGCTCATAGCCGAGATTAATGGACGACGGGTTTAGACAGTCACCATGTATATGCCAATAGTTTTTGTTCTCGTTTTCGTGTTTACGAAATATACTGTACGTCGTTTCGCGAATTAGTCCCGTATTAGTGGTTGTGATTTTCCCTTCCAAACTAAATTCATAATTCGTAGTAATGATGTTTTCGGTCGGGAAATCCCGGATTAATTGGTGTATTTCGTTTTGGTTGATCTGAGAAACACAATCAGCGATATAGGTTTTAAGCTCTCTCTCATTGATATGTTTTTCTTTTATCGCATGAAGGAATATTTCTTCATACAACATAGGGAAGGGCTTTTGTCCATTTTCTAATGAACTAACCTTATATTTTTCTTTGATATTGTGTAGTAGATCACTCCAGCTGATCCCTGGTGAAATATTATTGAT
CP177226.1_gap30	1411395	1413480	2085	CAATAGCCTCCAAAAATAGACGCTATCTTCAGATTTAATGTACTCAGATTTAAAGAGTAGAAAAAGTATACGTCTACCTGGAATATATGTGCAGATCAACTCGCCAAGGACCTGAGTCAACTATTCATTTTCATTAAAAGTATTGTGAAGAAGGGCTTGCTAAATACCCGTAGATTTTTAATCGAATATCTTATTTAGAGCATTTTTCCTGAATATTCGGTAAGTTCAATATACCGCCTACATACACTTGTTATTCCGTTTTCAGCCAGCATACGTCTCTTAACTTTGTATTGAGATAAAGCCAATTAGGTATTGTTTAGGTGCTTCCTTTTGGATACCAGTAGAAGTTCGGGTTTATATTAAAAGCAGCGGTTAACTATCTGATTAATTTATAAAAGAAAAAGGTATTATGGAAATTAAAGAAAACAAGTTATTAGGTGTAAGATATAGAGAAACACCTAATAAAGGTGGAATTATTGAGCCCATTTATATTATCATGCATTATGATGAAGCGTCCAATGCGACAAGTGCAATCGATTGGATGACAGATTCCCGAAGTAAGGTTTCAGCCCACCTTCATATAAGTCGTGATGGTGTTGTAACGCAATTGGCTCCATTTAATATCAGATGTTGGCATGCAGGTGTCAGTTCATGGGCCGGACAGAAAGATCTGAATACGTTTAGCATCGGTATCGAATTACAAAATGAGGGCAGGGAGATTTATACCGAAAAGCAGATCAGCGCGGCGATTGCCGTATGCCAGACTATTATTGGTAAATATTCGATTCGGGATATTCTGGGGCATTCTGACATCGCGCCAGGAAGAAAAGAGGATCCAGGTAAACAGTTTCCCTGGGAAAGATTTAAACCGTTAATAAAAGAAAATTATGATGGAGTTACTTGAAATTTTAGAGAAATTGATTATTCCCGTAGTGACCGCAATCGGCGGATATCTAGTCGGAAAGCCTAAACAGCAAGCCGAAGTGGAAGCGACAAACGTTGAGAATGCAGGGAAAGTAATTGAAAAATGGGAAGGATATTCAAATAGGTTAGCAAAAGATATCGAACAACAGCGCGGCGTCATTGAAGATCTTAATGAAGCACTGCATTTGGCAAACGACGAACGTATAGCCTGCTTAAAGACCTCAACAGACCTGCAAGTAAAATTTGATGACCTAATGAAACTTTATAACAGACTACAAATTGAATTGAAACGAATACAAAATGAAAAATGCACTACAGGTGATCGCAATACTGCTGCTGGTTAGCAGTTGCGGTCTGTTTAAGAAGAGGTTCAAGGTTAAGGAATCGAAAGAATTGCAGGTTATAGAAAAAACACGTGAAAATTTGCGTGTTGAACTTGATTCAGGAAATGTACAAATCGCGCAGTCACATGCCGCAAATTTAACAGGCGATGAGGAAATTCTTCGAATTGAAGGAGAAGGGGTTCAAATCACCAGAGATGGTATTATCCGGCTCCATAAAGGGAAAATCTATCAAAAGCAAGGCCACTATTCAAAGGGGGTACTGATGAAGGAGCAACTTCATACAGACTGGAAAAGTCAAAAAGTGAAGAACGACAAACAGAATAAAAATAAAATAGCAGGTCAGGAGGAACAATCAAAATTGACGACAAAACCAGCTGTGGCAAGCATGCTCTATTTTTTAATAGGGTTAGGAGTGCTGATCACGATAGTTGTATATTGGATAAAAAAACGTAAAGTTGCCATGCCCTGGTAATAGTAGGGAGGATAAATTTGGAGCCTAAAAGATAGTCCTTGAGTAATCATTTTTCAAGGACTATTTATTCGTTTATAGTAACAATAACCGGATTTGTCGGAAAAATTAGTGTTTTCTGGTAAAGGATCACTGGTCGTTATTGAAACGGGTATCAATAAGGTAATAATTTGCAATTTGCTTGATCTCTCGTTTGAAGTCTCGGTATAGGTCAAATTGGTTGCAGGCGCATATGATGGATTTCTGTATTGTGTCATTATTTATTTTTAAATAGGGCCCTAGTTCTTTATATATGCTGCTTTTTACTTTTGTTTTCTGATTATCCAACTTTTCAGGTTGAAAAATGCG
CP177226.1_gap31	1433909	1436450	2541	GATAAAAGCGATAATAGGAAATCAGCGGATTGATTATTTTATCTATAATGTTGGGATATGGGAAAAAGATGCATTTACGGAAGCGTATAATTTTGCAGATAGCAGCGCCTCCGAAATAATAAACTTAATCAATACGAATATTACGTCTTGCATTTTAAATGTACAGTCGGTAATAGATAATTTAAGACAATCGTCCAACGCTAAGATTATATTGATTGGTTCTACTTGGGGTTTAGATAACCACAGTGGAAAAGAAGTTGCATTCTCTGCGACAAAGTTTGCATTACGTGGTGTTGTCCATTCCTTACGAGAAAACCTTAGAAAAGATAAAATAGGTGTTTCCATATTAAATTTGGGCTATTTAGCGACAGAATTTGATCATAGTGAAACAATAGAAAACGTTATTGTACAAACACAAGGTAATCTTATTCCCCTGCAAGATGTAATCCAGGCATTACGATTTATTATCTCTACTTCGGCGGCAAGTTGTGTAAAGGAAATTAATATGCCGGCAATGTGTGATATTAATCTATAACATTGCTTTTGATCCGCACTTCTTGCCGTTATAAATTTTTTGACATCGCGATAAATTTGCATTTGGTCAACGTATACATGCACTATATCAAAAAGATTGGTGCTTGAGCCGTCCAAAAGCTTCCTTTGTTGAAAAAACATGAGGAAACAAGTATTAGGTGCAGTTATACTCAGCGGTTTTACTACGCTGGCTGCACATGCTCAAAATGCAGTATCGGGACAGGTTGCTGTGGATTATGTCCCACTATCAAATTATATTCGCCCTGAAGATAGTGTTAAGACAGGTTCAAAGAGCGATTTTAGGCGGATACAGTTTAACCTGGAAGTTCCACTATCCACCAAAATAGACTCTTCTGGCAATATAAAACGCTGGTCCTGGAAGATAGGGGCAGCTTATGCAAAGATGGAAAATAGAGGGTATGAAGAACCCTTATTCCCGACTGAAATGCTCAATGCAGAAATGGGACTTCAATACCTGACCTCATTAAGGAAAAATTGGTCTCTATTGACTTTCGCCTCCGTTGGGATTTATTCAGACCTCGTTAAAGTAAATGGTAAGGATGTACTGGGGCAGGGGGGAGTGCTTTTTATCAAAAAATTTAGACCGAATTTAGCTTTTGGTTTTGGCCCTGTGTTGAGCAATAGTTTTGGCGTGCCAATGATCTTACCTGGCTTGTATTTTGACTGGAAAACAAATGGAAAAGTGAAGTTCAATGTGAATTTCCCACAGGGTCTTTCCGCATCCTATCACCTCAATGAAATGGTTGATCTTCGTGCTGTCGTTAATCTAGATGGTATGACTGCAGAGCGAGAAAAAAATGGGAAATCTACTTTGGCCGGTTTTATGTTATTGACAGCTGGGCTTCAGCCTCAGTTCAATTTGGGCAAGAGCCTGAAGCTCCAGCTGACCGGCGGAAGCACACTTGCTAGATTGTATGTAGAAAATGATAGGTCGCTGAAAAGTTTATTCAAGAACAAAAGTCAGGCGGACCCCCGGTTTTCTCCAACCTTCTATACTTCCGTAGCACTTAAATGGAATATGCCTTAATCATCTGCTGAGGAGCTTCTTAAAAACAACATTTTGGAGAAGCTCCTCTCTTTTTGTACGCGATATCGGTAATTCTTGTTCCTGTATATATACTCTCCCTCCAGTAATAATATCAATGTGGTTTACATTGACTAGGTAGGATTTGTGAATACGAAAAAAATGGTTGCCGGGTAATGCCTCTTCCAAAGCTAACATGGTTTGATGGATTGTAATTGTACGTTCTTTAAAGTGAAGTTTTGTATAATTTTGCATACTTTCCGCGTACAGAATATCTGTCCAGGAGATTTTAACAAAAGCATCCCCCTGTCTTACAAATAACATATTGTCATTCGGACTACTTTCCTGTAAGGGTTTGTTCCGCTGTACAAAAAGCTGATAAGCTTTGGTGCTGGCCTGATAGAAACGCTGGAAAATTATAGGTTTGAGCAGGTAATCAACAGCTTGAAGTCTGAATCCTTCCAACGCATATTCTGAATAAGCTGTGATGAAGATACATAAAGGCGGGTTTTCAAGGGAGTCTAAAAAGTCTATACCATTGAGATAGGGCATATTAATATCTAAAAAAATAAGATCTATATCGCCCTGCTGTAACCTCGAAGTTGCAGCTAGTGCTGAAGGAAATGTTTCCACTAAATCCAAAAAATCGATCTGCTCGGTCATTTCGGCAATATGTTGGCGCAGCATAGGTTCATCGTCTACGATGATACATTTCATTTTAATTTCTTCCATTGTCAATAGTTAGCTGTTAAGATCGATGGTCAGTTGTATAGTAAAACTGTCGTCAAGTTTATGGATTGTTAACGAATAGTTGTTTTCATATTGCAGTTCCAGTCTTTTTTTTACATTTTCCAGCCCTATGCCCGAGTGTCCTGTCGAAGCTAATTGCGGATAGTCCTGATAACTATTACTGATGTTGAATTGAAGTTTTCCTTTTTCCTCAGCACAGGATAGCGCTATGC
CP177226.1_gap32	1466347	1469053	2706	GGCAATTCAACTTGCCCTTGATGGAGATTTGACGGCTCAGGGTTGGACAAAGCTTTCGGCATTGCAGGTAAAATAGAAAATTTTATTAACAACTAACACCTATTATGATAAAGCTGATCAATCTATCTTTGATATTGTCCCTTTTTTTTAGCCTGATAACCTCCAACCTTGTTGCACAGCAAAATATGGCCAATGTGTATGGTAGGCGAGCTCAATCCTTAAATGGAAAGTGGGACGCTATTGTAGACTTATACGACCAGGGAAGAAAAAACCAAATCTATCTGAATAAAAAAGCCGAAAACAAGACTGATTTTTATGAATACGCTTTCGAGAATGGGCTCCGTTTAAATGTACCTTCAGATTGGAACAGTCAAATGCCTGAACTTAAATATTACGAAGGTACCATCTGGTATGGGCGTAAGTTCGATGTAGTGAAAGAAAATAACGAAAGGTTGTTCTTGTATTTCGCTGCGGTAAGTTACCGTTGTCGCATATATCTCAATGGACAAGAGATTGCACAACATGAAGGTGGTTTTACCCCCTTTCAGATTGAAATAACAGATGCAGCTAAAGAAAACGATAATTTTTTGGCAGTTGAGGTAAATAATAGCCGGCAGGTTGATGCCATTCCGGCAATGGCCTTTGATTGGTGGAACTATGGCGGTATTACCCGAGATGTCTTTTTGGTAAGCACGCCAAAAGTTTTTATCGATGATTATTTTGTGCAATTGGACAAAACCAAAGCCGATAAAATCAATGCGAAGGTCAAACTTTCGGAAACGATGGCCAATTCCTCGGTAACTATCGAAATACCGGAACTACAACTAAAACAAACGCTTAAAACAGATGCTCAGGGGGAAGTAAAAACTTCATTCCTATCGAGAAAAATCAAACGTTGGTCGCCTACTGCACCCAAACTGTATAACGTGAAGATTTCAACGCGCGACGATCAAATAGAAGAGGAAATAGGTTTTCGCAATATTTGGGTAAAAGGGGAAGATATCTTCCTGAATGGCGAAGCTATTTTTCTCAAGTCCATTTCATTTCATGAGGAAATACCTCAGCGCAAAGGTCGTGCTTTTTCACAGGCAGATGCAGTGATGCTGCTTTCAGAAGCGAAAGCTTTGGGCTGTAATATGATTCGTTTGGCGCATTATCCACAAAATGAATATATCGTGAGAATGGCCGAAAAAATGGGTTTCTTGTTGTGGGAAGAAATTCCCATTTGGCAAGGCATCGATTTTGAAAATGAATCGACCAAAGAGAAAGCCGGTAAAATGATGCGGGAAATGGTTGCTCGAGACAAAAATCGTTGCGCACTAGCTTTTTGGGGAGTAGCCAATGAAACCCAACCATCCGAGCCTAGAAATGCTTTTATCAGGCATTTGATTGCTACATGCAGAGGCATTGACACGACCAGGCTTATAACCGCTGCTTTTGATCTTGTTCGTTTCAATAAGGAGAAGGAAACCTTTGTTATGGATGATCCTTTTACGAAAGAATTGGACGTCGTAGCTGTTAACAAATATTTAGGCTGGTACCACTCCTGGCCAGTTTCTCCTGATAAAGCAGTATGGGATGTGGCAAAAGGCCAGCCTTTAATTATTTCTGAATTTGGAGGCGAGGCGCTGTATGGCAAAACGGGCGAAAAGGATGTCGTCAGTTCCTGGAGTGAAGATTACCAAGCGACTTTGTACAAAAACAACCTCGAAATGTTTAAGCATATTCCAAACCTGCGCGGAACTTCACCTTGGCTGCTATTTGATTTCCGTTCGCCGTTCCGTTTTCATCCGACCAACCAAGATGGCTGGAACCGCAAAGGATTGATCTCAGACCAAGGCTACCGAAAGAAAGCCTGGTTTCTGATGAAACATTATTATGATAATAAATAAGACTTCAATTACGAAACCGAGCTTAAAGAGGAGTACCACAGTGACACAATTTTTTCGATGCCTACAAAAATAATATACTGAAAAGAATGAAAGCACCTAAACTATCGAAACACAAAATGGATAAATACAGGATAAGCATTTATAAATACTTTAAAATGATGTGTCTAATGGGGCTTTTGCTGCAGGTAGCCTTGTTAAAGGCTCAAGATGCTATCGATTTATCAGGCACTTGGGGGTTCCAGACGGATGTGATGGATTTCCGTAGAGGCTCGCTGTCCCCCCGCTATAATCATCTTTTGCAAGAAACAATTAAGCTTCCCGGTATTACCGATGATTATCAGATAGGCTATAAAAATCCCTATAAATATATCGACCGTCTGACCCGAAAATACGAATACATGGGACCGGCATGGTACCAACGTGATATTGAAATCCCTGCCGAATGGAAAGGGAAAAAAATATTCCTATACTTTGAGCGTACCCACTGGTTGAGTTCAGTTTTTATAGATACCAAGGAAGTCAGCAGTATCGATTATGTAAGTGTACCCCACAACCACGATCTGAGCTCATTTGTAAAGCCCGGAAAGAAGCATCGCATGACCATTTGTATCGATAACCGGTTTCAATATAATACACACAAATGGGATCATGCGCATACTGAATTTACACAGATTAACTGGAACGGTATTCTAGGAGAAATAAAACTGCTGGCCATAGACCCAGTTTATCTGGAAGATCTTCAGGTATATCCAACTATAGCCGATCAGTCCATAAAAGTAAAATTACGGGTAAATAATGCGACCAAAAAACAGGT
CP177226.1_gap33	1581378	1582385	1007	CGGACACCAACGACGGTCAACTGGCGTGATGTATTGATTGAGATGCTTCGCGAGACCGATCGATTAAAAATTACCGAGGTCGGCGAGGCTTTTGTAGATAAACAGCAGATCCATCTGTTGGATATATACTTTGATTGGTTTTTGACCGAGGTCGAAGAACTGCTGCACGGGGGACTGGTCAAACAATATTATCAGGAAACTAAAGATACTCTAGCGCTCAAAGGGAAGCTCGAGTTTGTCGGGCATCTACAACGTAATCTCATTCATCAAGAGCGTTTTTACAATACCCATCAAGTTTATGGGACAGATCATCGGTTCCACCAGATTCTTCATCTGGGATTGGAAGTTGTCGCACGCTTATCGCGTGGAACCTACCGTTATGGACGTTGTAAGACGGCCCAATTAAATTTTCCAGAGGTCAGGGAGATCCGGGCGGATGAACAACTCTTCGAACGACTTTCCTATAGCCGTAAGACAGAATCTTATCGCACTGCAATTGAATTAGCAAGATTGATTATCCTAAATTACGCCCCCAATGTCAAAGCAGGACAAGAAAATATGCTGGCCCTGCTTTTTAATATGAATGAGCTCTGGGAGCAGTATGTGCTTACGCAGCTGCTAAATTATTCGAAAGACTGGACGATATGGGGACAGGAGAGCAAACGGTTTTGGCGTGACAAAACCCTGCGCCCCGATATTCTGCTTAGACATCGCACTAGTGGTAAGCAGTTTGTTATTGATACCAAGTGGAAGAATTATAGCTACGATACGATTTCCTCACAGGATCTGCGTCAGATCTATGTGTATGCAGACTATTGGGATGCGGTAGGTGGTATGTTGCTTTATCCACATACCGAAACTTTAAAGAAGGACGAACTTTGCGCTACCTATCATGGCAAGGCGTATGTTGCGCAGATTGGCCTGTTGTCTATTTTGGATGAGGGGGGGAGTTTGAATAAGAATTTGGGAAAGGATATTCTTGGACTGATTGATTTTACCTAGTTATT
CP177226.1_gap34	1585882	1588156	2274	TTCCATGCCTGTAAACCCAAAGGAGCGGGAGCCGCCGTGAGTGGTGATGCCGCTGAGAAGGTATATGTTGCCCCAGGGAAATACGATGAATTCTACAATTTCGTATCCGGGGGATTTAGTGGGCAGCTCTCCGTTTATGGACTTCCATCCGGCAGATTATTGCGTGTAATACCCGTTTTTTCACTAGATCCCGAAAAGGGCTGGGGTTTTAGTGAAGAAACTAAACCGATGCTCGAAACGTCCCATGGCAATGTACCTTGGGATGATTTACACCACGTGCAGCTTTCGAAAACCGATGGAAACTACGACGGCCGCTGGGTATTTGTCAATGCCAACAATACCCCCCGTATTGCCCGGGTGGATCTGACAACTTTTCGTACGGCTGAAGTACTCGAACTCCCCAACAGCGGTGGAAACCACTCTTCGCCGTACATTACTGAAAATACCGAATATGTTGTTGCAGGAACGCGATTTTCGGTTCCGCTGGACGGTGAGTCGGGCGATGTACCTATCAATACCTTTAAAAAGAATTTTCGCGGAACATTGAGCTTTGTCAGCGTCAATAAGGATAATGGCAACATGGAATTGGCTTTTCAGATTGAGACACCCGGTGTAAACTATGACCTGAGCCGAGCCGGTAAAGGGACTTCTCATGGTTGGTTCTTCTTCTCCACCTACAATACCGAACAGGCAAATACATTGCTGGAGGTCAATGCATCCAAAAATGACAAAGACTTTATATTGGCCGTCAACTGGAAAAAAGCCGAAGAGTATTTGAAAGCCGGAAAAGGGAAAAAGGTTACCGGGTTGAAGTATGCCCATAACACTTACGACGAGAAATCACATACCGCAAAAACATCTTTTAATACAGAAACGATCGTATTGAAGGCAGAGGAGCTGGAGGGGCTATGCTACTATATCCCTTGCCCAAAATCTCCGCACGGTGTCGACGTTGATCCTACAGGCGAATATATTGTAGGGTCGGGTAAACTGGCTGCGGTCATACCTGTATTCTCGTTCGCTAAGATGCAGAAAGCAATCCAGGAAAAACAATTCGAAGGAAAATTCGGTGGTATCCCAATTATCAAATACGAATCTGCGCTGTACGGCGAAGTCCAAAAACCTGGCTTGGGCCCACTGCATACAGAATTTGATGGCAGAGGAAATGCAATCACGTCATTCTTTGTGTCTTCCGAATTGGTGAAATGGAATATTAAGGATTTAAAGGTGCTCGACCGTACACCAACATTTTACTCAACAGGCCATTTAATGATACCTGGTGGAGATACCAAAAATCCAGAAGGCAAATATGTCATCGCCTATAATAAGATTACGAAAGACCGCTTTCTCCCTACAGGACCGGAGTTGGCTCAGAGTGCCCAATTGTTTGATATCTCGGGAGACAAAATGCAATTGTTGTTAGACTTTCCGACCATTGGTGAGCCACATTATGCGCAAGCTATCAAAGCGGAGAAAGTGAAAGACAAAAGTGTGAAGATTTTTAAAATTGAAGAAAATACCAGCCCATTTGTTGCCAAAGGAGACAAAGATGCACGCGTTGAACGTAAAGGTAACCAGGTACATGTATACCTGACATCCATCCGTTCACACTTCACTCCGGACAATATCGAGGGTGTACAACTAGGCGATGAAGTCTATTTCCATGTGACCAATATTGAGCAGGACTGGGATATGCCGCATGGCTTTGCTGTCAAAGGCGCAAAGAATGGAGAATTGCTCATTATGCCGGGAGAGACACAGACATTGAAATGGGTTCCAGATAGAGTAGGTGTATTCCCGTTCTACTGTACGGATTTTTGTAGCGCGTTACACCAAGAGATGCAGGGGTATATCCGTATCTCAAAAAAAGGAAACAATGTTCCGTTGATTTATAGTCTGGGAACCAATCAACCGCAAGAGAAGACCAATTAATATAACCTACAATGATGAAAACTACAAGTCACCTGTCAGCAGTACATCGGATTCTTTTGATCCTGAGTGGCCTGGCCCTGGTAGCGGTCATCTTCCTACCCATCTGGCGTATTGAGCTCGACGCAGCACAATACCCAGAAGGGCTAGAACTACAGATCTATAGCAACAAGTTGGCCGGACAAGTTGATATTATCAATGGACTGAACCACTATATCGGGATGAAAACGCTACATGCGGAAGATTTCATAGAATTTAAGGTCTTGCCCTATATCATCTTATTTTTTGCGCTTGCTTTTTTGCTTACCGGTTTCGTGCAGAATAGAAAACTGCTCTATGGCTTAT
CP177226.1_gap35	1773537	1774235	698	TATAAGTGATACTGCAGTTCATATCCAGACGGTAACTGAAGGTTTCGTGCTCCCGGGGCAAAGCAAAAATCAGGTATTTCAGCGGAGATAAAACCCAGTTTTCAGCAGTGAAAGAACCTATCTTATGCTGCTGAAATAACGGTTAAATGGTAATTAAATTGTATTTTGTGTTAAATTTTGATAGCCTATTATGGGAAATAAACCTGAATTAAGCATTAGCCAGGTCATCAATATGAGTTTTGGATTTCTGGGGATACAAATGGGTTTTGCGCTGCAAAATGGCAACGCCTCCCGTATTCTCCAGACATTTGGTGCTGATGTGGAGCATCTTTCACTTTTTTGGCTTGCTGCTCCGATTACGGGGATGATTGTACAGCCAATTATAGGTCATTATAGCGATCGAACCTGGAATAGACTGGGGCGGCGGCGACCCTATATTTTGGTGGGTGCACTGTTGACTACTCTGACTTTATTTTTAATGCCCAATGCGGCATTATTGACCACATTATTGGCCCCACTTTGGATCGGCGCCGGCTTGTTGATGTTTATGGATGCTTCCATCAATGTGACCATGGAGCCCTTTCGGGCGTTGATCGGTGATAATCTGCCAAGCAGTCAGCGGAGTCTGGGCTTCTCGGTACAGACCTTTTTAATCGGGATTGGCGCTGTCCTTGGCTCGCTACTTCCCTTTATGTTGA
CP177226.1_gap36	1775538	1779129	3591	CACATTGAGATCTATCGTTGAAATATTCTCATAAATAACCGTATTCAGCTGACTGATAAAATCTTTGTCGGGTGCTGAAACGTTAATATCCATTAAGTTGGAGCTGGAAGAATTGGTTAGGTAATTCTTGATGATTTTACGGTTTTTGAGGATGTTGCGTATCTGTACCATAAGGAATTCAAGCGAAAAGGGTTTTTCGATATAGGCATCAGCACCATTTTTTAATCCCTGAATTTTTGAATCCAGTGCATTTTTTGCCGTTAGAAAAATAACGGGAATATGGCTATACAGAATATCTGTTTTGATGCGTTTGCATAGCGCCAGACCATCCATAATGGGCATCATAATATCTGTTAGTACAAGTTGTACATTCTCTTGATCTAATATTTCGAGGGCCTCGGCACCGTTCCCTGCCCGTAGAATAGTGTAGCTGGTTTTCAATTCTTTATTGAGGTAGGCCAATATTTCTTTATTATCCTCGACGAGCAGAATCACCGGCTTTTCTTCCTCCTGTTCATCGGATCTATCATGCAATACATGATCGTCATTATCTTCCTGAAAAGATTTGATGTCGAGCGATTGTTCCTGAAAGATTGGGATCGATAGCAGAAATATATTGCGGTTCTCTTCCAGATGTACAAGGGATAAGTTTCCTTGGTGCAATTCAACCAAGGAGCGGGATAAAGGAAGACCAATGCCCGTCCCCGTATCTTTATCGGATTCATTTAAGCGATAAAATGGTTCAAATATTTTCTCTCTTTTCTCAAAAGGAATGAGCTCACCATCATTCTTCAACTCGATATTGAACATAATATCATCGCTATTAAAAGGGAGGAGTTTGACGTTGACTTCTTGATCCGCATATTTGATGGCGTTATGAATCAGGTTGGTAAAGATTTTTCGAAGGGCTTCTTCATCCACGTAAGCCGTGAGACTGATACGCGGGAGACTGAGGTCATAGTGCAGCTGTTTATCTTTTGCAAAATAATTTAAATCGTGAAATACTTCGGATAGGAGTGCATTAATATCCGTTTTAGTAAAAATAAGGCTCATATTGTTGGTTTCTGCTTTTCTAAAATCAAGTAATTGGTTGGTGAGGCGAATTAATCGCGCTGTGTTTTTTTCAATCAACGCAAGGTCTTTGGCTGTGTCGCGATCGGTAAATTTATGGTTATTGATTATTTTCTCAAGGGGCATCTTGATCAGCGTGAGTGGCGTACGAATTTCGTGGGCCAGGTTGGTGAAGAATTCCAGCTTGAGGTTATATATTTCCTGTTCTTTTTTTCGTTCATAACTATCCATCTTTTGGGCATTGTTGGCCTTTATAAGGAGAAAGTAATACCGCAATACGAGCAGTGCAATGGTGCCGAAGCTCAAAAAATAAAGTAAGTATGCCCAACCTGACTGCCACCAGGGTGGCGAAACGATGATGAGCAGTTTTTTTTCATTCGGATTCCATACGCTGTTGTTATTTGCACCTCTGAACTTAAACGTATAGGTGCCCGGAGGAAGTTTATTGTAATAGATTTTTTGATTGCCTGTAATATCGGTCCATTCTTTATCGTAACCTTCCATGATATAGCGATAAGGATTGCTCTTTGGGGAAACAAAGCTCAAGGCGGCGATATTGAAGCTAATATTGGAATTGTCGTAGGTCAGTTGGATCTCTTCTGATAGGGAGATGGATTCTTTCAGTATACCATTTTCACGAACCGGTACGCTCACATTGTTAATCTGAATGCCGCTGATGAATATAGGAGGAATAAAGCTGTTCTTAATGGATTTTGTCGGGTTGAAGCTAACCATTCCTTTAATCGTCCCGAAATATAAAGTCCCGTCGCTATCTTTGTAAGCCGAATTATAATTAAACTGATCTGCAGGAAGCCCGTCTCTCGATGTATAGATGACCCTACGCGGAACACCTTCGTCCAGTCTGACCAGTCCACCACCTGTAGATATCCAGATGCTCCTGTTGTCGTCTTCTAGGACCTTGAATACCTGATTGGAAGGTAAACCGGATTCGGTCAGATAATTGGTGAAGCGCCCATCACGACGGTATTTTGAGAGGCCGCTTTCGGTGCAAAACCACAAGTTATTTTTGCTGTCTTCAAATAGACCGTTGACATAATTATTGACGAGTGTATTTTGTTTACCTTGTTCGGATAACAGATGCTGAATTTCTCCCGAACTGCGATTATATTGGTAGACCCCACTACCGTAGGTGTTGATCCAAAGTATACCATATTCATCTTCATAAATGCCTTGTATCCATGCGGTAATAGGAAGGAGGTCAAAACTGTCGCTATTTTTGTTGTAGCGGTATAGTGCGCGGTCTGTCCCGACAAACATGCTGTTGTCTTTAGACTTATAGAGGCATACGGCAAAGCTGCTTTGTAGAGGGCCTTTGCCGATACGGTCATAGTGTTTTTTTAGTTTTCCGGTTTTTACGTCGAGAACGTCTAGTCCATGTGTTGTGGAGCCTACCCAAAGATCGTCGCCGATTGTTGCCAGGCCATGAACATTGTTATGCGCTATACTTCCCTTTTTCCCATTGGCAAGGAAATGCTGAATTTGTTGTGTTTGCGCATCAATTTTGTTCAGGCCGCCATCTTCTGTTCCTATCCAGAAATTTCCATAGCGATCTTTTTTGATATCGTGTACAATATTGCCCGATAGGGCCGATTTTCCAAATCCGGATAGATACTTTTTGAAATTGTCGAATTGGTTGCTGTATTGGTTAAAGCCGCCGAAAAATGTTCCAAACCAGATGTTGTCTTCACGGTCCCGATAGAAATTCAGGACAGCATTGTCAGATATGGCAAATGGATTGAGCAGATCTTTTTTGATGTGCTGGCTCTGACCTGAGTGAATATCATAGGTATATATTCCAGTTTCAGTTCCAATCCAGTATATCGACTCCGTTTGTTGAATAATACAGTTTGCCTGGATAACTTTATTAGGGTAATGACTTGCAAATAGATTTTTCAACCGACCATTTTTGAAATCAAACAAATAAGCCGAATTGATTGTTCCAACCATCAACAGGGAATCATTGATGGCGTAAACGGTTTTAGTATTTGCCAATGCTTTTCGATCGATTTTTTTAAGGTCAACTTCGACAAATTTACTCGTATTAACCTGATACCGTTGTATGGTACTGTTATTGTCCGTTGTCCACAACCCGCCTTTTTTGCTACTGGTAATCGCTACAATGGTATTTTTGTTCTGATCAAATGGAATTATTTCTGTTGTATAAGAATTATAGCGATAAAGTTTTCCGTTCGAAAGTAACCAGATAAAACCGGCGTATTCGTGTATGGCATTTACTTCACCGATTGGTACACCCCTGAATGGTGTAAAATTTTCTTTAATAGGATCGTAACAATAGGTACCGCGTGTGGTTCCCACCCATAGCACTCCTTTACTGTCTGTGAGAATACTTAAAATGGACGAACTTCCGATACTTGTAGAGTCTGAAGCATTGTGTCTAAATATCTTAAATTGATTGCCGTCAAAGCGATTGAGGCCATTCCTTGTCCCTAACCATAGAAAACCCTGAACATCCTGTGTAATACATTTGACTGTGCTATT
CP177226.1_gap37	1799760	1804154	4394	TTAGAATGGCGTTTTTCTTCACTAATAGATGCTGATTAGAACTTGTAACCGACCATAATGCCGATTGTTTTATTTTTTGCATCTAAGGTCTTGTCGATATTCGTAAAACCATGGCTGTAATAAGCATCTAATGTAAGGCGGCTGATATCTACACCGATCCCGACTCTACCATCAAATGAAAATTTCTTATAATCGGTAGTTGCGCTGGACTTTACTGTTTTTACATCATAGTTTAACTGCGGTCCCAATAGCCCACGGAGGTTGAAGTCGCCGTTTTCCAAAAATTTATAACCGACCTGTAGTGGTAGATTTATTTGATAGAATTTAGGTGTTTTCTGCACATTTTCGAAGGTATATTCTTTACGTAACAGACTGGCACCGATTCCGGGCTGGAAGAAAACGCGATCTCCTATACGGGCAAATCCTGCTACAGATACGCCGACTTTGCCATTATTATCTTTGACAGACTTGTTACCAAAGGAACTCATATGATAGTTGCTTCCGACCTGTAAACCATAAGTGATATCTTGCGCTTGTGTAGTACCTGCAATTCCTAATAATGTCAATCCCAACAGGGCTACTTTGAATGTTGTTTTCATTGTTAAATTATTTTTTGTGATCAATTGTATGTTGTTCTTTCCTTTATGACAATGGAAAATCCATATACCCTTAGAAAAAAAATATTTTATAAAATAGATGACTTACCTTTAGTCGTCACAAAAGCCTTTTTATAAAGTTTTTTGGGTAAATATCATTTGACCGATGTGAGGATGCCACATACTCGCCTGAGCATCTATACGAAAAGAATTACGAATAGGGATAAATAAGGGATTTGAAATTATATGGCGGTATCGAAGTTGATATTAAAAAAAAGTGAAAAATATGTAAGGGTAATAGTCTATTGGGGTGTCTTACTAATAAAGTGGATTATTTAAACAATAAGACAGATTTGATCAATGTCGGAAAATAAAGAAAAGAATTTTGAGCAGCTTTTTCGGGCGCACTACAAAGAGTTACATCGTTATGCCTACCGGTATCTAGGCGATAGTGATGTAGCGGAAGAGGTTGTGCAACAGGTGTTTTTGCGGCTTTGGGAACGCGATTGGGAGGAGCAGATACATACTTCATTAAAAGCGTATTTATATCGGGCTATTTATAATGAAAGTATGAATGTGCTGAAAAAGGAGCAACGTAAGCTAAAATATCAATCCCACGAACAGCATAGACAGGATTTTGTACCTGCGGTGGATGAAAGTACGCGGGATTTGAACGAAAAGCTACAGGTCGCATTAGCGGAATTACCTGAAAAAAGCCGAACGGTCTTTGAGTTAAGCCGTTTTCAGGAAATGAAATATAAGGATATCGCAGTAACCCTGGATCTGTCGATAAAAACTGTTGAGGGACATATGAGCAAGGCACTGAAGCATTTGCGTATCGAACTTATGGATTATTTAACATTGATTATTTGCTTTCTTATCTATACGCTATGAATAAGGAACTGTTAGAAAGATATATCATTGGTGAGACCAATGAAATAGAGAATAGCATGATACACGATTGGTTAGAAGAAGACGCTAACAATAAGGAGGAGTACATAAAAATGAAAAAAATGTGGGATAGTTTGCCCAAACCCCTGGATGTTCCTGATGTGAACGTGGATAAGGCTTGGGCTGACTTCAAAGTTGTGCGAGATAAAAGAGCGGCAGAAGCTGCGGTAATCCCCCCAAAAAAGACTTCTGTAATTCAATGGAGCTGGTGGTTAGCAGCAAGTATCTTGGTCTTTTGTGCTGTAGGATTCTATGTGTTTGATCAATCTCATCGTGAGGAAATGTTTCTTTCGAGTATGGAGCAAGTACGACAAGATTCCTTACCTGATGGTTCGGTAGTTACCTTAAATAAAAATACGGAGCTGGCTTATTCAAGCAGATGGACCAATAAAAATAGAAATGTGGCTTTGAAGAGAGGAGAAGTGTTTTTTCAGGTTCACAAGGATAAAAAACATCCCTTTGTCATTGAGACAGGTAAAACCAAAATTACGGTATTGGGCACCAGCTTTAATGTGCGCCGAACATCAGATGCGACGGAAGTTATTGTTGCTACAGGATTGGTTAAAGTCGGTTATGCAAATAAGGAAGTCTTTTTGCGACCACAACAAATGATTACAATCCGGGATAGTGATACAATAAAAGTAGGAAAGGAACCTGTCAAGGATCAATTTTATAAATATTATGTGGATCGTCTGTTTGATTTTGAGAACACCCCATTGCAGCGTGTTGTTGAGTTGCTAAATCAAGCTTATGCATATAAGATTATTATTGACCATCCTGCTGATCAGAAATTATTATTGACAGCAAAATTCGAACAAAATAGTTTAACTGAAATTTTGAAAGTCATTTCTAGCACATTTGGATTAAAAGTAAATGTGAAAGGCAGAGAGATTCATCTGACGAGGTGAGCCAACAGATAGATATATTTTCAGAACAAAATTGTATAGAAAACAACATGATACTATTTTTTATAAAGAGGGTAGAGCTTTATCTCTTCATTTTAATGCTGTGTTCGTTCCATTTGGGAAGGGCACAGCAAAAGCTCGCTGCAGCGATTCAAATACCAGCCTATCCAGAGACTACAGTAGGTGAAGTTTTTCGCTTGTTGAAGGAGCAGCAGGATGTATTGTTCTCCTTTAATGGAAACATCCTACAGACAGACAGTGTGATTCATACTAAGGCCTTCAAAGGGAATTTGTATGATTATCTGGATCGAATTTTGGGCAAGGAATATAGTTTTAAAGAACTTGGAAGGCATATTATTATTCAATATACACCTCAGCGGATGTCGGTGGAGTTTGAAGTGAAGACACCTCATAAAAACAAAGTTGTTATAGCGGGGTATATCAAAAATATTCGGACTAATAATCCGATTTCCAATGCCAGTATCTTTGATCGAAGTGCTTTATTGTCTACGTTGACGGACCAAAATGGTTACTTTGAGTTGGACGTAAAGAAAAAAAGTAACCTCATTGCAGTGAACGTTAGTAAGGAGGCTTTTCGGGACACCAGTGTTATGGTGATTTTTCCGATAGAAGCGCAAATTGGCGATAAGAAGAAGCGTGAATACGGCTATTTTGAAGGGTATGAAGAAGATCATGGTCTTTATCGATCTTTTTGGGGACGGGTATTTCTGTCTCCTGCCCAAAAGATCCAAAGTATGAATTTAGGCGGGATGTTTTTGTATAGCCCATACCAAATTTCGATGACACCGGGATTAAGTACACATGGTTTTATACAATCGCAAATTGTGAATAAATTTTCCATAAACATTATTGGTGGATCTACTGCGGGGGTAAAAGGTATTGAGCTTGGTGGCGTATTTAATATTAATCAATATGATATGCAAGGCTTGCAAATGGGCGGTGTTTTCAATGCCGTTGGGGGAAGTGTGCATGGCGTACAACTTGCCGGTGTAGGAAACCGTGTGTTCGGAGAAATGAAAGGTTTGCAAATGGCAGGCGTCTTCAATGGTGTGGGAGGAAATGTAAGTGGGGTACAGATCGCCGGTGTGGGAAACCATGTTTCCGGGGAAGTGAAAGGTCTGCAAGTAGCTGGTGTTTTTAACAAAGCAGATACGGTTAGAGGTGTTCAAATCGCTGGTGTTGTAAATTTAGCTAATGAGGCTCCAGGGACGACACAGCTTGCTAGCATACTTAACAATAGTGAATCGACTGTTGGAAGTCAAGTAGCAGGCATCGCTAATAAAGCTAAAAAAGTAAGGGGAGTTCAGCTGGCAGGTATCGTTAATATTGCTGATAGTAGTGATTATCCCATTGGTCTGCTTAATTTTATTAAAAATGGTGAGCAGAGTCTTTCAGTAGCGGTCAATGAGGATAGCTATCTCGGACTACAATTTCGTTCAGGTGGTCGTGTACTCTACAGTATATTATCGATCAATAGGGCACTCGATGGCAATAGACCGGATAAATATGCCTTTGAAGCAGGATTAGGGGCAATATTGATCAATAGGACCAAGTTTAGTCTGCGTACGGAAATAGCTACACGTAATTATCTGACAGAGAAATTTAAAAGCCTGGATAATCATCAGTCGTCGCTGCGGGTAATTCCAGCGTTTAAACTAAGTGAGCGCATGTCTATATTTGTGGCTCCCAGCCTGAACTATGCGGAAAGAGACGAGAATTCAATTTATGGTGGTAGTACATTGTGGAAAGCTTGGCGGAGAGACCGTACCCGAAATACGTTTTATGGTGGTGGAATGGCAGGTCTTATGCTAAAATTATAAAACTAAAAACTATTTGGTAATAGCATTGTTCTATAGATAGCTTTTAAACATTTAACATTTTACGTAAACGCCCGCTATCAATCTGATAGCGGGCGTTTATC
CP177226.1_gap38	1827673	1830629	2956	ACAAGAAGAATTTTGTTATCACTTTTAAGGATGAAGGAATAGGTATTGAGAAGGCAGAGTTTAACAACATCTTCAAAAAGTTTTATAGAATAAAAAGTCAATATAATCAGCAAGGAAGTATCGGTTTGGGCTTGGCTTTCTGTAAAGAGATTACCGAATTTATAGGCGGTGATATTACAGTAAAAAGTCAATTGGGACAGGGGACCACCTTCACCTTGGTATTTCCGGTTTAAAAAATAAATTTAAATATGAATAAAGACATCACTGTTGCTGTTATTGAAGATGATGAGAACTTACGGTTCTTGGTAAAACATCGATTGGAATCCGAAGGCTATCAGGTCATTCAAAGTGGAAATGGGAATGAAGCGGAAAGTTTGATCTTGGAAAAGAGACCCGATGTGGTTTTGTTGGATTGGATGCTTCCAGGAAAAGAAGGCAACGAAATCTGTGAAGATGTCCGTAAAGCCGGGTTTGAGAACATCATTATCATGATGACAGCGAAATCTCAAGATGTGGACAAAATTGAAGCCTATAGCTTTGGTGTGACTGATTACATTAGTAAGCCATTTAACATGGATGTGCTTATTGCTATGATCGATAATAAGGTGAAATTTTTCTTACCGAAGAACAGTCCCGAAGTATATAAATTTGGCCAAACGGAACATCATCCGAATATTCATTCCTTAATACGTGATGGAAGGAAAGTTGAGTTGACCATTTTGGAAAACCGAATTTTGCTTCATTTTTTACAAAACCTAGGCCGGGAGATTACACGCGAGGAGTTAATGGAGGTTGTTTGGGGTTATAGCTCAAATGTCAACACACGTACGTTGGATATGCATGTGGTTCGTTTGAGGAAAAAGATCGAAACAAATCCAGATAAGCCACATTATTTACAAACAGTTCGGGGGCTGGGATATAAATTTGTTGATGAGGAAGAGATTTAATTTTATTTAACGGGTAAGAATTTGTTTTGTTGAAAACAATTATTATCTTCGTATAGATTCAAAGCAAGACCATGTTTCCTGACGAGGGAAATATGGTCTTGTTTCTTTTTTAAAAAGTAGAAAATAAGAAAAAAGATAAAATTATGGCAGAAGTAACTTATTTTACGGAAGAAGGATTGCGTAAGCTTAAAGAAGAATTGGCTTATCTGAAGACGGAAGGAAGGTCTAAAATTGCCAATGCTATTGCAGAGGCTAGAGACAAAGGAGATTTGTCAGAAAATGCAGAGTATGATGCTGCTAAAGAAGCTCAGGGGCTTCACGAAGCTAAAATTGCCAATTTGGAGAATACATTGGCGACAGCACGTTTAATTGATGAGTCTAAATTGGATACATCTAAAGTTTTGGCCTTATCGATTGTTAAGATCAAGAACAAAAAGAATGGTGCTGAAATGACGTATCAATTGGTGGCGGAGTCAGAAGCAGATTTGAAGTCGGGCAAGATTTCAGTTAAATCTCCTATTGCCCAGGGTTTGTTGGGAAAATCGAAAGGTGATACAGCTGTTATTGAAGTGCCTGCCGGTAAAATTGAATTCGAGATCGTAGAGATTTCAAGATAATATATGTCGGTTATGTGCGGTATGCCATAACCGCACATCCACAAATTAACTTTATATTAAGAAGGTCGTGATATAGCAATCGCGACCTTTTTTGTTTATATTTGTTGGACAGTACAAAAACAGGGTATGAAAAAATCGGTAATTAAATCTTTAATTGCTGACATACCAGAGGCTTTGCAATTTAAAGTCTGTTGTTTGCTGATTATTGTTTAAAAGATTTATTCCAAGATTAGAATAATATGTCGACAATTTTTTCAAAAATCGTTGCTGGCGAGATCCCAGCTTACAAAGTTGCAGAAAGTAATGATTTTCTAGCTTTTTTGGATATCAGTCCATTGGCTAAGGGGCACGTTCTTGTGATTCCTAAGAAAGAGACCGATTACATTTTTGATATAGAAGATGATGAATATATGGCACTTTGGGTGTTTGCTAAGATTGTTGCTCAAGGCATTAAAAAGGTAATTCCCTGTGTAAAAGTCGGTGTAGCGGTAGTTGGTTTGGAGGTGGCGCACGCACATATACATTTGGTGCCGATTAATAAAATTAGTGATTTAAACTTTGCTGGACCTAAATTGAGCTTGGCAGAGGACGAACTTCATCAGATTTCGACAACTATTCGCGAATCTATCGTCAGTATAACTGCTCAAAATCAATAATTAGAAAGATTATATTACACTTGATTTACGATCGTTTTTTAGAAGAATGCTATATTTGTACTTTGTTGTTTCAAATTCGTACAGAGATAAGCGTGGGAGTTGTTCTAAAAAAGGAACGCAACATTGATTTTTACTAAAGGTTATGCATGAACTTTTGTTGTCATTTCAACAATTATTAAACCCGGAAGAGCTATTAAGTTCAGGCGGGTTTTATCTGGTTATCTTAATTGTATTTGCTGAGACGGGCCTATTTTTTGGATTTTTTCTACCTGGTGATTATTTATTATTTCTTGCAGGATTATTTTGCGCATTAAATAAAATTGACGTTAATATATACACGCTCTGTTTGGGCTTGTTTATAGCGGGAGTATTAGGGAATTTTACAGGGTATTGGTTTGGGTATCGAGCAGGACCGATGCTATTTAAGCGAAAAGATAGTTTTATCTTTAAGCGGAAATATGTGGTCATGGCCGAGGAATTTTACCATAAATATGGTGGAACAGCTTTAATTATAGGAAGATTTGTTCCAATTGTTCGTACTTTTGCACCTATCTTTGCAGGCGTAGTAAAATTAGATTTTAAGAAGTTCGTTCTGTATAATGTCGCAGGGGCTGCCATTTGGGTATTAGTGTTGACCCTGTCTGGATATTTCCTTGGTATTGAGTTCCCTTGGATTATACATTACGTAGAATATGTTGTCGTTGGTATGATTGTGATCGCATTTTTACCAATTGCA
CP177226.1_gap39	1876756	1880158	3402	TAATTAGAACCTGTATTTCTAGTGTCATTAAATCCCTTTTTCTTGTTGTGTCCAATGTTAATATTGGTGCCAAACTCAAGATTGTCCACTATTTTTTGTGTTAGGTTAAGACGACCTGAAATACGTTCGAAATCATTGACTCTGATTCGGCTTTTATCTGTCGTATAACCTAGAGATGAGAAATACTTTGTTGCGTCAGTTCCTCCCGAAAGCGAAAGATTGTTATCTTGATAAATGCCCGTACGGAATAAGGCTTTATCCCAATCGTAATATTTACCTTCTCGATTTTCGATACCATCGGTCATTCCAAGGATGTTCACATTGTCGTATCGGCCAGTACTGTTGGTTTCGAAACGATAACCGTGTTTGTTAAATTTATTATTCAGTTGGGTTAAAGCATAGGTGTTCGCTTCCGTTTCAGTTTTTCCGTTTGAGGTACGGTAGTCATAAAAGATCTGATACAACATATTGACTTGATCCTGTGGCGACGCAGTTTCGTAGTTGTCTGTCGCCCAAGTCGGGGTAAAGCCAAGAGAAGTCTTGAAGTTTACCGTCGGTTTTCCCGTTTTTCCTTTTTTTGTTGTAATGAGGATAACGCCATTTGCAGCCCTTGAACCATATAAAGATGATGCCGCAGCGTCCTTTAATACCGTAATTGTTTCAATATCATCGGGATTTAAGTTGCCCATAACATTATTGGATGTGTAAATGTAATCACCCATTTGTCCACCCGACCCGGAATTGGCTGGTACTCCGTCAATGACATACAGGGGCTCATTGGAGGCATTCATTGACCCAATACCCCGAATACGAATACTTGGTGTAGATCCTGCTTGGCCAGAAGGGGTGGATACGGTAAGTCCGGCAACACGTCCACTGAGTGCACCTTCAAATGAAGTGACCGGTACATTGTCGATGTCTTTAGCTTTTACGGTAGCAGCGGAACCTGTATACGTGCTTTTTTTTGTCGTGCCATAGGCGACGACCATAACTTCATCCAAAGTCTGTTGATTGTTCACAAGGGATATACTAATGGTTTTTCGGCCATTGACCTGAATTTCTTGTGGACTATAACCTACTGCAGAGATACTTAATATCGCGTTGGTGTTTGCGTTTAGCGTAAACAGGCCATTTTCGTTTGTTGAGGTTCCTTGGTTAGCGCCCTTTACATTAATTGTAACTCCGCTAATTGGTTTTCCGTTGCTGTCTGTTATTTTACCAGCAATTTGGATCTGTTGCGCATATAAAGACTGCATCGAACTACAGGCTATGAGACACAACGTTGTGAGCACATGTTGTTTCATAAAAGTGTGAATTGATTAATTTAGTTTGTTAATATTTTGGTGCTGTCGGATGTTGGTCAAACTTGCGAAAGCAATTCAGTGCAATCTTTTTTTTAAGAAAAAAACATTGCACTGAATATAGGGTTATTTCCTTAAAATTCCAATTCCAGGACGGTCGGGAAGAAGGCAATTGCCATTGACAACGGTCATACCGTCATAAATGTCATTTCCGATCAATAAAGCACCATCTAAATCAGCCCAGTCTGTTAGGGGAGCGAGTTGTGCTGCTGCACTGATTGCACAGGATGTTTCGGTCATGCAACCGATCATAACTTTCATTTCCAGAGAACGCGCAAGCTCAGCCATACGTTTGGCTTCCCGCATGCCAGTACATTTCATCAATTTGATGTTGATACCCGAATACACACCCTTTAATGCGGGGACATCCACAAGACGTTGACATCCTTCGTCGGCAATAGTTGGGATAGGGCTATGTTCAGTAAGCCATGCATTGTCGTCTATCTGCTCCTTAGGCATCGGCTGTTCCAAGAAAGAAACATTTCTTTCTGCAAGCCAATGTGCCATTTCGAGAGCCTCTTCACGTGTTTTCCAACCTTGATTGACATCGGCACATAATGGTCGATCGGTAACCTGACGGATAGTATCGATGATCATTTTATCCGTATCGAGACCCAGCTTGACTTTCAAAATTTTAAATTGATCCGCTTCCGCCACCTTTTTACGGATCATTTCTTCCGTATCAATCCCAATAGTATAGGATGTCGGAGGGATAAGATCCGGATTTAATCCCCATATTTTATAATAAGGTTGATTCATTATCTTCCCTAATATATCATGTAATGCAATATCAATAGCGGCTTTTGCTGCGGTATTTTTCAATGCAAGCTGATCGATATAATGGAGAATCTCCTCGGTTTGAAAAGGAGAGTTGAAGCCTGTCAGATCGATCTGATTAAGGAATGATAAGACACTTTCCTGCGATTCGCCAAGATAGGGTGGCATACTCGCTTCACCATAACCGACAATGCCGTCATACTCTAGTTCGGTCAATACAACCGGTGTTGTGCTTCGACTAAATGAAGCTACAGTGAAGACATGGCGCAAAGTTAGCGTGTAAGGTCTAAACCTCAATTTAAAGGTTCCAAAATCTTTACTAATCCATTCAGATTGATTGCTCATCACTATGTTTATTTATTGTTGTAATAATTGCTTTCAACGACCTTCTGTATTGCGCTATCCCGTGCGCCAAGGTAACGACGGGCAGCAACTACAGTCCGCGTTTGGAAATCATCGTAGTTTGCAGCGTCCTTAAGCATACTGTTGATCCGGACCAATCCGGCAGCGTGAATAAAAGTTCCGTTGCCGATATAGAGTGCAACATGTGTTACACGCGCATTAGGATTGCTGTTTTTGCCTGCCGCAAAGAACAGTAAGTCTGCCGGTTTTAGATTTTTGAGTGCTTTCTCAGGGTCGAAATGTCCTTCTTGATCTAAAATGTCGATTTTTTCACCTGCGAGTACTTGTTGCGATGCATCTCTCGGAATTACGAAGCCGTTCATGAAAAAACTTGTTTTGGTAAAACCGCTGCAGTCTACACCTTTTACCGATGTTCCCCCCCACAAATAAGGTAGGCCCAGCATTGTTTTTGCACTGGCGATAATATTTTCCGCTGTAGGCTGGCGCGTTTCAAACCAATTTTTTAAGGTTTGACTTTCTGATTTTTTAATATAACCTAAACGTCCGTCCGGATATGCTATTTCATAAAAATTGCCTTTCTGTCCTTTTAACTGAAGGATGTCGCCATAGACGAGATCAGACACTCGTTGGCTTTTTTCATTGGGTTCAGAATAGGATTTTCCAAACTCCGCTGTATAGATAACTTTTTCTGCTTGTCGCCAATTGGCCAGCATGGTTTTGTCCATCGCTTCAATGGACGAAGTAGGTACCCATGCGATATAACCATCGGGGGTGCGCACGCGATAGTCGCCGCTCTTTTTTTGCAGAAGATCCACTTGCGTTCCCAATAAAACCTGGCTGGTTAGCTCCGCAGCATTATCTGGAAATGTGCGCATATTTGCAACGGAGAGCCTGATGACTC
CP177226.1_gap40	1905355	1909101	3746	AAATACCTCCGCTATTGGATTGAATAGGTACATACGCTTGCTACTCAACTCCATGCATTTATAGCGTTTTCTTATCTTTTCGATACGTTGAAATGAACGTCCATTTTTTAATCTAAAGAAGTGGCCATCCTCCAGGGATTCCACGGTAAGTGCACTGGTTTTGACGGTGTCGTATGATTTTAAGGTCCGAAACAGGTGGAGGTCTGTGCAGCTTGAGGCCGCGGGGTTTTCCATGTAACGATGAATAGCACTGCTGATGTCGATCGGAAAAATATTCAATTTAAGGAAAGGCTCCATTAGTTCTTTAAAATTATTTTTCCACTCGGTGCCATGTGGCTTGACACGATGCTGATGTTTATTCCAGGTTTGTAAATGGGCAAATTCATGGATCGTCGTAATCAAAAATGAATAGGAATTTAAGTCGTGGTTAACCGAAATACGGTGCGGACTCCCTCTAAATGGCGCACGATAATCGCCCAGCTTGGTACTCCTTGAACGAGATATCTTAAATAAGCAACGCGTATGATTAATCCAGTTGGATATTATCGGAGCTGCTTCTTCGGGCATGTATTTTTTAAGCGTTGCACTATAATCTTGCATGCCATAAAAATAGGGATTTATTCATGTTGATGGAGCTCCATGTGAACATTCTTTTGTCAAAAATAAAATCTATTTGCTAAAAAAAGTAGTTTTTAATTTGGAAAAATGATATTATTTTTAGTATTTAGTGCTTGGGAATATAAAAAGTGGGCATGTTATTAAAACAAAGCAGCTTTTTTTTTAATAAAATATATTGAAATCGCCTGAGTTTTAGGTAAATTACCTACAGAAAGGTTCATGAAACATAGGATCCGATTGAGGAACGGTATTTCCTCTAAACAGTAATTAGACCTTCAAGAATATGCTAGATACCTTACATATTAAAAATTATGCACTCATTAACGAATTGGAAATCCAATTTGATAAAGGCTTGAATATGATTACCGGCGAGACCGGTGCGGGTAAATCCATTATCATGGGAGCACTTTCGTTGATTTTGGGGAATAGGGTGGAGGGAAAGTATTTTTTTGATCCAACAAAGAAATGTGTTATTGAAGGGGAGTTTAAAATTGGTTCCTACCAATTACTCAGTTTTTTTGAAGAAAATGATCTCGATTACGCGGACCACACGATTATTCGAAGAGAGATATCTCCCGATGGTAAATCCCGGGCATTTATTAATGATTCTCCTGTCACCCTGGCTATCCTTAAAGCTTTAGGCGAGCAGTTGATTGATGTGCATTCCCAACATGCAACATTGCAGATTAATACGGAAGATTTTCAGTTCCTCGTGGTCGATAGTGTAGCAGGCTCTTTCGGACTGAAGCAAAGCTATCGAGAGAGCTTCTTCGCTTATAAGAAAGCAAAAAAGGAACTCGAAGAATTTAAGGATCTGGTAAAAAAGGCTGCAATAGAACAGGATTATTTTCAGTTTCAATTTGATGAACTTGACGCCGCCCGATTGGTAGCGGATGAACAGGGACAACTCGAAGTACAACAGCGGCAGTTGGAAAATGCAGAAGATATCAAGCGTGCACTAACTGGGGCATCACATCTTTTGGAAAACGAAGATACAGCAGTTTTAAGCCGTTTAAAAGAGACGATGAGCCAGGTAGAAGGCATTGCCTCATTTCTGCCTGAGGCTGCAGATTTGGCTGCACGATTAAAGAGCACATGGATTGAACTGAAGGATGTTGCAGCGGAACTGAATGTGCTTGAAGAAGATACACAAATCGACGAAGGTACTTTATTGGAAATCAATGAACGCTTGAGCTTACTCTATTCATTGCAGAAAAAACATCATGTGGACTCCGTTGAGGAGCTTATCCAACTGCGGGATGAGCTTGAGTCCAAATTGATGGCGATTAATTCTTCGGATGAGCAATTGGAGCGATTGGAAAAAGAGGTTGTGGCTAAATTAGCCATTGCCCAGAAAAACGCAAAGGAACTATCAGCAGCCAGGAGAAAGGTACTGGAGATGATCGCAAAAGATGTGCAAGCGACCTTGTCAAATGTAGGTATGCCTAACGCACAACTTCAAATTAATCTGGAACCATTGAGGGACGGTGATATGAGGGAGTCAGGAATGGATGCTATTCAGTTTTTATTTTCCGCCAATAAAGGGCAGGCTTTACAATCGATTCATAAGGTTGCCTCCGGAGGAGAGCTTTCTCGCGTTATGTTGTCCATTAAATCTTTAGTTGCTAAAACGTCTGCATTACCTACTATTATTTTTGATGAGATCGATACAGGAATCTCTGGAGAGGTTGCGCTACGTGTAGGGGAGGTGATGGAAAGTCTTGCAGAGAACATGCAGGTCATTGCTATTTCCCATTTACCGCAAATTGCCGCTAAAGGTACCGCCCATTATAAGGTATATAAGGAAGATAAAGCTAATCGGACAATATCTAACATTGTTCGATTAGATCAAGAGGGGAGAGTCAAGGAAATTGCTCAGATGCTCAGTGGATCCAACCCAACTGAAGCTGCTATTAAACATGCCGAGTTGTTATTGGAGTAAGGGTTAGGGAGGACCTATCGTAAATACGATTTTGCTTTGGTAGGTGGCCGCAGGGATTGTGACTGATACACCTGTTAAACTTAATTGAATAGGAATATTGCTATAAGATGCAAGCGCCAGTATGGCATTGATATGAAATAATTCGGTGTCTATGGTAGTGATAGACTGGTAATTAGTGCCGTTAATTATCGTGCAGCCCACACATGCTGTTGTACCGTTTCCGGTGCGTTTAATGGATAATGCGAGCGAACTATGCCAAGTAGGATTGGGTTCATAATGGACAGAAACTTTGCCGCTCCCGAGCAACAAAGGTACTCCCGCATTTAATAAAATTTGATTGGAAAGACTCTCATAAGTGCCTGCATAATTGCTTCCCGCCTCGGTAATGGATGGAATGCTGAGCGTCCAATCCGTTCCGTTTACAGCCAAGGTTCTTGTTGTTATTTGAGCTTGTCCGCTGTGTATACCTAAAATAAGAAATAGCATTGAAAGTATACGCTGATAGGAAATAAAACCGCTGTATTTGTCTCTTTTCATTAATCACTGATTGTATAACGAATAATAATTGAAGTACTATTTGCAGAAGATAGAGTCGCATAATTATTGGGGCTTATTGTAAGGGTTAGTTGATGCCCAAAGTTTGCGCCATTACCAGTATAAGCGCCACCAATACCGCTGACTATGGTTTGAGCAATTGTTGTAAGGATAATCTGACCGCTGGGAGTCCCCAACGCCCCGCCTCCACCCATAGCAGCACTTGCTGTCGATAGCTTGATATCGATGCCCGGAACAATCTTACTGATGGAAGCGGTAATGATGCGATTACTTCCTGCAGCTGCAATAGCGGATGTATAATTGAGCCACTTACTCGTATTTGGTGTTGGATTTACCAATGGACTGCCTGCTTCGGTTGGTGCTGTAAAATTCATATTAATAAGCCCTGCTGGTTCTATATCTAGTAGTGCTACTGTAGGAAGAGTTAAGATAACATTTTTGGATCCAGTAAGCTGAGCTGCTGAAGAAAATGGAAACGATAATGTACATATATATATTAAACGCTTTATCATGCTCATTTTGTTTTTTTTGTTTCTTGATAGCCTACATTGATAGTTTCCTGTTGATACTTAATTTCCGATTGTCGCTTGAGTACCTCTATCGTAATATCTTTTGTATCCTTTGGGGTCAA
CP177226.1_gap41	1927313	1929882	2569	TCCGAACAGCAAAAAGAAGAATTGACAAATGTTGTCTTAATGGGGATCCCCGGAGAGAAAAATGTGGAATTGGATGCGTTAAAGGCGAGCATTGATACCTATAAACATATTGGGAAAGGTGGTTTACGCAACAATTTGGTTTATTTCCTTCAGGGAATTGCGGCAACTTGTGAGGAGAACGGTATATGTATGACCATTCATCCCGATGATCCACCGTATCCTATTTTAGGTTTGCCCCGCATCGCCAGTAATGGTGCAGATTTCGATTATTTTTTGAATGCGGTTCCACAACGATTTAATGGTGTCTGCTTTTGTACAGGGTCTTTGGGGGCCAGTCAGACAAACGATCTGCCGGCTATCTTAGAAAATATTAAAGGACGGGTAAACTTTGTTCACTTACGGAATGTGAGGAAAGATGCGATCGGAAGCTTTTATGAGGCAGACCATTTGGATGGGGATGTCAATATGTATAAAATCATGAAAATCCTGGTTGCTGAAAATCAATTGAGATCTACAGCGATCCCATTCCGGCCAGATCACGGCCATCAGATGCTGGATGATCTAAATAAAGTAACAAATCCAGGGTATTCTGCCATTGGAAGATTGAGAGGGCTTGCGGAATTGCGGGGCCTAGAGTATGGTATTGTTGGTGAATGATACCCATAATTCGGGCGAAGATTAGAGATTATGACCTGTAATATAGGTCTCGCATAAAGACAGTCGGGAAATAGGGGAGCTAATTTCTTATTTCCCGACTGTTTTGTTTTAAGTATGTCGACGAGACTATAATCAAAAGAATTATAAGGAAGATTTGCGAATGATGAGCTGTGTTGGAAGCTCAATCGTTTCAAATTCATGTATTGGTCTTGTTTGGTTAATGGTGGCGATTAATTTATTTGTCGCCAGTTCCCCAATTTCTGTTGCCGGTTGTACAACTGTGGATAGTGCCGGATTTAAGGAAGCTGCTATCTGTGTGTTTGAAAAACCAATAACGGCCACTTCGGAAGGGACTTGAATCTGAAGCTCAGCCAAAATACCCAGTGTTCGGGTTGTAATAACATCCGTAGCACCGAAAATCGCATCTATACGTTTATGTTCAAGATATTCTTTGCGCAAAATCTCCCGAATTGTTTCGTCTATATCGGTGGTATTATTAAAACTACATTCGATATAATGTCTATTATCAAAAGGGATCCCCGCATCTGATAAAGCAGATCTGAAGCCATTTAATCGTTCGGCTGCCACACCTAAGTTCTTTCCGGTGATATGCAAAATATTCTTTTTGCCTTGTTCGATGAGATGCTTTGTGGCATTATATGAACCTTGGAAATTATTGACACCAACCTTGAATGTGTCGAGCTGGTGATTGATACGGTCAAAAATAACGACTGGAATCTGCGATTTTATCAATGCTTTTAGCTCTTCAATATTTGAATCGGAGGAAACCGGAGATATCATTAAGCCATCAATACCGCGCATGCGTAAGACGTCAATACAATTTTTTTCGATCCGTTCGTCTTCCCGGCTTTGCATGAAAATAACGTCATAGACCGTCTGTTGAGAGGCTATTTGAATTCCATCGAGGATTTGTGAAACGAATGTATTGCTAATGTTGGATACAATAACCCCTATTGTATTGGATTTTCCTATTTTTAAGCTCCGTGCCAACTTATTTGGGTGGAAATTATGCTTTTTGGCATATTCCTGAACCATCTTTTTAGTCGCTTCACTTATTTCGTAGCTGTCTGATAATGCTTTGGAAACCGTCGAAACAGAAATATTGAGTGCCAACGCTATATCTTTCAGGGTAGTTCTGCTCATCGCTCTGGTGGTTATTTTAAGAAGATAAATCTACATAAAAAAATAGATAAATAGGTTTTTTATCTTGATAAGTGGACCAATGCTGCTATTATTTGGCTTTTCATATTGATATTTTGCTTGTTTCAGCGGCAGTTTTGACAAAAGGGGAGGCCTGTTGTTACCCCGCTTAGGCTCAAATTGTATCCTGATTTACTATTACCACCACTATAGCACCGATTTAACAGGGGGTTAATAGGGGTTGTACCCCTGCTAACCCCCTGTTAACCCCCTGTTATCCCCCTGTAATACCCCTATTAGTTAACTATAAAAGTTAAACGAAATTGGTAATAGATCCGGTCCGAAGCCTCCCTCCATACGCTATAGGATGACCTGGGTTTCTCCGAAGGTCCAATCTGGCGGCCGGATCAGCCATTCCAGCCCTCCGATCACCTGTTTTACAAAAAGAATCGTGCACCGTTACAGGCAGTTAAGGGAAAAATGAAAATAATAAGAACAAAAGGCTTGGAAGTTTGTTCCTAAACTCCCTATCTTTGCACCACTCCGCAAGGGAGGGACGGTTACCCCGAAAGAGGGAATCCTGAAAAAAGAAGGGTTTAAGAGAAGTCTGGCAGGATCTAAAATCCCGTTCAGTTTATTTTAAACGCGGAAATCGAAAAAAGAGGAAAGAAAAAAAACTTCAAAAAGTTTTTGGAAGTTCAGAAAAGATTTCTACCTTTGCAGTCCCAACGGAAACGAAGGGAAAAACAAA
CP177226.1_gap42	1953053	1957578	4525	GCGATCATAAACTTTAAATCAGGTCGTCACGGCTTTTACCGCAGCAATGGTTTACAACTTGAAGCCGAGCGCCAATTGTGGGAAGAAAACTTCCCGGATCTTCCACTTGATGCTGCATATAATTGGTCGCCAAAGGAGTGGCGTGGCGAAACTCCAACTTACAACCTCAAAGATTGGACAGGGGAGATTACCACTGCGGAAGTTGAAGCAGTTATGACCCTTGCAGATATTCGTTATGCAAGTAAGGCAGAATCTAAAGTTTACACAACTATTGGTGGTGTGTTCAGTATTGCAGATCGTGAGCAGGGGCTGTCCTCGGTTATCCGTCGGGAGGGTATTGGTGAGTTTGTTGGAAGAAAGTTTGGGGTTGCGGAGGAGACAATGGAGCCTATACAGAAGGGCGGTGATAAAACTCAGAATTACGTTGAAAAAGCTTATAAGGCTGCTCAGAATATCGAAGCCCTTCCAAAGAAGTCTACTGTTATTAACGAACCAGTTTCTGATCCATTACCTTTTTAACCATGGAAACACAAGGAAATCAAACTACAGGTCTAGCAATATACCTGTCCCAAACAGACCTGCAAAGTGCAGGTGCTGTTTATACAACGTCAATCGCATACCTTGAAAAGAGGAAGTCAAAATTTGATTCACTTATTGCGAAGGCTAATGCCAATGGTGATAAACTTCCGAAAGAATTGGATGACGAGTTGATGCAATATCAAGTCACAAATAAAAAAGCCGTTTCTTCCATCGAAGCACAACGCAAGCCGTTTACCGAAAAAGCACACGCTTTCATTAAAGCATTTACAGCCATTGAAAATGAGTTGGGAAAAGACTTGTACGATCCTATCCAAAAACTGCGTGACAAGTCTGCAAAGATTCATGCAGAAGAAGCAGCTGAAGCTGCACGTAAAGAACGTGAGGAACTCCAACGTAAGCAAAAGAGGATTGATGACATTGCCAATCTGGAAACGCAATTGAGAAACGGGTATGCGGCATTACTTGGCGAAACGAAGCGTACAATCCTACAAGTGTACAGTAATTTCGATTTGGCAAACGCTGAGGAAGCCAAAGCAGCTATCCAATCTTTCGTCAATGCTAAGCTTTCAAATGAAGCGTGGGAAACTATTACGTTGGTTGGCTCGGAGGATTTGATCGGAGAGGTGCGTACAGCTGAGCGATTTGCAAATTCCTCAACTCATTTTACAAACGAGGTTACCAAATACGCAGAATACATTTTGGAAATGTTCCCTACTCGCGTTTCGGAATTAGAAAAAGGTATCGCTGACAATAAAGCGGCTGAGGAGCTAAAACAAAAGCAGGAGCAGGAAGCCGAGGAAACTCGGTTGGCAGCAGAGAAGCGAGCGGCAGATGAAGCCGCCAAGGCAAAGCAACAAGCAAATGTTACTGTCATGGTGGCGCAGGCAAATCGCCAGGAGGAAGCACCAAAGACTATTGAATCGTATTCGGTTGTGGTGGGTAGTGTGGATGGGTGGCGCGGTATAGTGGATTACTACCTTACCAACAGCGGCACAACTGCGGAAGATCTTGCAAAGGTAAAACTAGATAGTATGCGCATGTTTGCGGAAAAGCAGGCCAAATCTACTGGTGAAATGGTTGAACATAAGGACGTGGTTTATGAGCCTAAATACAAGGCTGTGGCACGTGTTACTGGTAAAAGGAGAGCAGCGTAATGGATAAGCAAACAGTATCGCAAGGACATTTCTTCGCTTTGTATATGGGGCAAGATATTTGGACTTGTCCTCAATGGGAAAATAAATACCCTGTGGATTTATATTTCTATAACAGTTGGGACGAGATCGAAGAAGGTGATAATAGATTCAATATTGACAATAATTTCATTGAATTAAAACCACTGTCTTCTCTAACCAAAAATGACTATGATGAAATATTGGACAGCAATATAATGAACCCAGCTCCTTGGGAAGACTTTGATGTAACGGATGGTAAGCTTGGAGGGATAAATATCAGTGACGTAACTACAATTGACTTCTTGCGATCAAAAGGTTATGCGTTACCGTTTATGGGAGTATCAGTTGAAAAGTTGGTCGAATACGGCTGGGTTCGTCTGAAAGGAGACCCCAAAGCATGAACCAAGTCCACTTAACACAAGACCAAGCCGAGGAAATGTATTATCAGATAAATGCGTATTACCTTTTCTTGCAGTGCGCAGAAAACGTCGATAAATGTTTCTTCGAACCGATTAAATTTTGGAATCCGTTAATGAATAATCATCTGCGGAAAGCACGCGAAAGTTCCGCATTCTTGCTCAAAGAGTTCCGAAGACACTTCAGCCCACGGGACAATGATACCGTCCAGTTCGAAGCGCCTGCGGAACTATATCGAGCGATGGACTTCTTTTCGCGACTAGCACCTGAAACCATTTCGGATATCATGGATAACCTGGAAACGGATCGAAAATTAGAGCAAAATAAATTACAAAAAGCAGTATAACAATGGAAATTAGAGGTAAAGTACACGAAGTTGGAACAACAGAACAAGTGACAGAATCATTCAAAAAACGCGATATGATAGTCGCCTATGCAGAGAATCCGCAATTTGTGGAGTATATCAGATTTGAAGCTACACAAGATCGAACATCAATTTTCGACAACCTAGCTATTGGCCAAGAAGTCGAAGTGTCTTTCAATCTCCGTGGCCGCCCATGGACTAACAAAGATGGTGTGACAACCTACTTCAACAGTCTTGTGGCTTGGAGAGTCACTAAACTGGGCAATACAACATCGGCTCCACCATCAGCAGGATATACAGATATGCCGCCGGCACCTGTGGATATCTCCTCAGGAAGTGACGACGACGATCTACCATTCTAATCCGAGTAAGAAGTTACTAAAAGCGGTGACTGTGGAGGGCAAACCCTTTCACCGCTTCATTAAAAAAATCTCTAACAAAAATTTATCCGCATGACAGATCATGTATTGATTTTTTGCGCGCTACCAGAAAGTGAGGTAGTGGCATGAAAGTTACGCTTCCAACATTACGACCATACCAAGCTGAATTTGTAAAGAATTTAGCTGTGGCCCTCAGAGATCACCGACGGGTTATTGCCTGCGCTCCTACAGGATCCGGCAAGACCAAAATGTTTATTGACGTTGCGTATAAGTCTATTGCCAATGGCCGTGCCGTAGTAATCATCAGCGAGACTACTAAGATTTTCGACCAGATTATTGGTGAAGCAGGGGGAATTGAAATTGCCAATGGTAAAAAGCATGTCCAAATAAAACCTGGGCAGCTTTATATCGCAATGGCCCAAACTTTAACGCGTCGGCCTTTGATCCTGGAGCAATTGGCGCAATTGGAATTTCCACCACTTATTATTGTAGATGAAGCCCATATTGGAACACCATCAAATATCATCCGCCGATTGATCGAAGTGAGCAATCCTTATATCCTCGGGTTTACAGCAACGCCCGATGGTAGAGTAGCTAGACACCTATCCGAGCTTTACAATGCCTGTGTTGTATGCTGTCAGGTCGATGAACTGATCCAACAAGGTTTCCTTTGTTCATACCAGCACTTGGCCCGTACAAAGGCGGATACAGATATTCTTGAAATGCGTAATGGTGAATATACCGAGCAATCTCAGACTGCAGCCTTTTCAACCGCAGCCGTGTACGATGGTATTTTCGAAGACCTACGTTCCGCTACTTTTAAAAAGTGTATGATTTTCGTTTCATCGATCAAGCATGCCCGCGAAATGAACGAACGCTTGCAGGCAGAGGGATTTGCATCTGTGGAGTACCATTCACAACTTGAAAATGGTTCTTATGAGCTCGCCAAGTTTACTGAATTGGGTATAGCAAATATTTGCGTATCGGTAGCGAGTTTGACAAAGGGTTTCGACGCTCCGGCTGTTGATTTGGTTATTCTAAACCGCGCTACAACCTCACTTCCTCTTTATCTACAAATGATCGGTCGCGGTAGCAGACCTGTTTGGGCATCCGATGGAACTCCTCTTAAAACACACTTTCGTGTACTGGATTACGGTGGTAACTGGGAGCGTCATGGCTTGTACTTCGAGGATCGCGATTGGGAAAATATGTGGGAGGTAACCAAACGCTCAAAAAAAGGCGAAGGTGTTGCACCAGTAGCCCTTTGCCCTTCGTGCGAGTCCATCATTTCAACAACGCAACGTATATGTCCATTTTGTGGACACGAACGGCCATTGACCGAAAAGGAATTGGAGCAAGGGGAATTGGTGGAGGTAACTAGTCATTACAGCAATCTAGTTGGCCGAAAGATTTCCGAGCTATCTCCAAATGAACTTGCTATTTACGCCAAGATGAAGAAGAAGCAGGTTTTCGCAACCCGTGTTGCCAAGGCAAAGGAGCAGGTCCAAAAGGGTTTTCTTTCCGCTTTTGGAGCGGCTATGGGGTACAAGTCTACTTGGGTAGATATTCAATCCAGAATGATAGGAGCAAATACAATAGAATTTACAGACATACAATTACGATAAGATGGGGGTTGAATTAGGGAAAATATG
CP177226.1_gap43	1988490	1991995	3505	GCCTTTGGGATGGTAGGGTTTACAAATCCACAGATGATGGAGAAACGTTTGTAACTGTTCATCAAAATTTGAAACAACATTGCCATTCTTTAGCCGTCGATAGATCAGTTATTCCAAACGCTATTTATGCAAATTTTGACGGTGATGCTTATAACCATGGTCTGCCAACATCTGCTGGAACCTTCGTTACCTATGATCGGGGAGCAACATGGAACGAATTAGTATTTAATACTTTTTCGCCTGATTACGGCGTAGTTTGGTCGGCCAATGGAAAGACTCTTGGCGGTGGTGAATCACAATTAAAACCTACTCCTATGTTGTTCAAAAGGGAGAACAACAAAATTACCACAATTTTAGACGAACAATCTAATATAAGTGGAATGAGGGAACTTAACGGTAATCTTTACTTACCAGTTCTGACTGTAGATCAATACAAATACTCGAAGATTTTTAGGTCAGCTGATAAGGGGGAAACCTGGAGCGTTGTAATGGATACAGGTTATAGGAATGTAGATTCTTTGGCTGGATCTTGGCGTTATGGAATGCAAACTTCTTTAACACCTGTCGGTGACACTAAACAGTTAATGCTTCAATACTCATCATCAAGGGGGGCCAACTATCCAGCAATAAGAATCTACGAGGGTGGCGACCACTATCAAGCGATGTTTTATGTGAAAATAGGATTTCTTCCAGCTGCGGGTAAAACAATAAAAGTAGGATATGGATATTTAGCAGAAGACGTTTCAGCTGAAGTTTTTACAGATCAAAAACTAACATCAGAAGCTTACAGAATTTATCTTAATGAATTGGGGGACTATATTGCGGACAGTGAGAACAACACGTATAAATTAAACAACTCAAAATGGGATTGGAGCAAAAGTGTTGTAAGATTTGGCAAGACTTATCCTCATAAATTGCCTATGGAGAATAATGGAGCAGTAATCCTAAGTAACCCAATTCAGTTACCTGATCTTTCCCGTATAAAGAAAACGAAAGGATTTTCTTTCTCTTTTTGGGTCAGGACTACTGGGGCAACAGGCGAAATGGCAATTTTGGCAAACGATTATATATCATTTACATTTTCCCAAAATGCCAGGATAAATGCTAAATATAACAATTCAACAGTTTTGTTAAACAATGTCATTAAATGGCATCAGACACAACAATACGCGATGATGGTAGTAACCATAAGCGATGCTTCAACGCCAGTTATGACATGTTACACAAATACATATAAAACGATGGATCGAACTGTTGAGTTAACTGGTTATGCATCTCCTTCTAATGCAGGTAAATGGATTTTAGGAGGTAGTAATGACTTTTATATGAGTGATTTTAGATTTTTTGATAAAGAACTAACTCACAATGAAGTGATACAAATATTTGAAGGCGGAAGGGTAGCAAATTTTTAAATCATGCAAGTAAAATACAGTTTATTATACAGCAACGACGGGACGAGATGACAGCTAAAGAGAGAATAAAGGAATTACAGAAATCCGTCGGTGCGAGTGCCGACGGTATTATCGGTCGAGAGACATTGACAAAGTTTGCAGCCACATTCGGTAGAACTCGTGTGCAGACAATTCACTTCTTCGCCAATATCCACCATGAAAGCGGAGGATTTACAATCGTTCGCGAGAATATGAATTATACCGCTCCACGCATCATGGAAATATTCGGGATCGGAAGGCATTCGGCAAAAGTCACCGTTGCAGAAGCGGGACGATTGGCTGGCAATCCTTGGGATTTGGCAGAACGTATTTATGGCTTTGGTAATCCGAAAAAAGCTAAAGAGCTTGGAAATACTCGCCCAGGCGACGGTTGGAAATACCGAGGTGGGGGCGCTCTGCAATGTACCGGAGGATTCGATTACAAACGCTATGGTGGTCAGGAATTATACGACAATCCCGATTTGATAGGAGAATCAGCATACTACTTTACTACAGCTTTAAAGGAGTTTGACGCGAAGAATATTTGGGCTAAAGCAAAGGATCTATCACAAGCGAGTATTCGTGCAGTATGCCTTGCTGTGAATGGAGGATATAACGGCCTTGACGACCGTCGGGCTAAGATTAATTATTATGCTAGTTTGTGGAAATAATGGCAGAGGAAAAGAAAGAGCAACAACAACAACCAACATTTTTACAGATTGTCCGGCATCCAGTAACCTATGCACTAGTGGTGGTGGTTTCAGTTTTTTGGACGGTATTGTATTATGTGACTGATCGGGGAGATAGTCAAAATGATAAAATGATTGAAATGCAAGACCGCCTTTACAAACAAATGATTGAAGAAGTTCGCAAGCAAGTTACTCCTGCAGTGGATAAAGTAAACCAAGCAGCAACGAAAGTGGATAGTGCTGCAGTTAAGGTAGATAGCGTGGCCCAGCAGCAAAAAGATAAAAAAGGAGGTGTCAAATGAAATGGTTCATTTTAATACTAATGATAGGGGCTACGTATTCCGATGCACGGCCGAAGGTTGAGGTAAAAACGAATATTGCCGAGCCGCTTGAAGAACTTGTCCCGAAACTGGATAGTTTGGCCGGAAAGCTCACGGATCTATCAAACAAAATGCAATAGACATGAGGATATTTCTTATAACAATAGTCTGCATCCTGTTATCGGGGTGCGGGCTTTTCCGAAAGACGACTAAAGTTAACAAACAGTTAGACGCGGTATCGGTTTCCAGTGACGTAAAGGTTTCGACGGAAACCACTTCAGGTAAAGTTGATAAGTCCAAAGAGACGTTGAATACCTCGTCCAGTAGTGACGATAAAGTGAAGGTCTATCCAACACCAGGAACGGATGTAAAAATTGATCCTGATGGCTCTGTTACCTTCAAGGCAGACAGCATTGTTTCATTTACCAAACGGAAGACTGATCAGGCTCGTGAAATATTGAAGGATATAAAGGAAAACCTTCATCAGAATTTTGGAGCGTCAGCGAAGAAAGATAGCACTAATAAAAAGCAGTGGGAAACAAAAGACGTTGATAGGCGGCCAAGCGCTACCGGTATACTTTCTAATTGGATAGGGTGGGCAGTAGGTTTGCTTATTTTGATTTGCGGATTAATTTGGTTTTTAAGGAGTAAGTAAAAATTATGTATTTTCATTTAAATAGGCTAATTTTGATGCTCGAAATTATAGCCAGTTTTATGGATAATAAAAAAACTAAACCTTTAAAAGTCACCGAAATACAACAAAAGGCGTTCGATGTTTATTCCTATTATTGGAAAGAAATATGGTCGACTGTGGTTTTTCTCGTTGGTTTAGGAGCTTGGGTTACTTCATTTATAAGTAGCGCTTCAGGGGATGAACTAAACAAGATAAGATCAGAATATGATGTTAAAATGGACTCAGTTATTTCTAGGGAGAAAAGGACTTGCCAGGAAACCATGAACAACCTTACAAAATTTATGGTATCTATAAATCCTAATGTAAAGTCGACAATTGACTCATCAACAAACAGAAAGAAAAATGAAAACTAGAATAATAATATTTATCCTT
CP177226.1_gap44	2069796	2070351	555	ATCGCCCAAGATATTTAAGTGTTTTTGGAGAGGTAGCGAGAGGGGCAATCTATCCTGAAAAAATGGGTTAAGCAGGATTATTGATAGAACTATTATTCGATAGAAATCTTATTCATGTTGTGAATTTGACGTTTTATCGACAGATTTCTCAGCATAGAGTTGTGTGGCAGCAGCCAAGCGCTGTTTTATTCTCGTTTGCAATTTTTTTGGGGAGAGTACTTTAATGGATTCGCCAAAACCTAAAATTTCTCTTTCCAGTTCAAAGTTAAGTACAACATCGATACGAATTAATATTGAACCATCCTCCTTTTTGTCTAAAATCTGCTGTGACGCATGTAAGGGTTTTGTTGCTACATAAGGTGCATTTTTTGCATTGACTTGCAATATCACCCGGTGACCGCGGTCCTTTTGTGTCTTCGTTACGCCTATGGTATCTGAAAAGTGACGTTCGAAATCGACCCCTGTATATTCCCTGTATGAATTTTTGCCCATTTCCTCGATGGCATTGATCCGATCAAGCGCTAGTGTCATCAATCCTTCACTCTTTTTATGCTG
CP177226.1_gap45	2082442	2086364	3922	TGCTTCCAGCATCAATACTTTAAGCCCCGCATGTGCAAGTATATAACCTGCCATACCACCACCTGCGCCGGAACCAACTACGATGGCGTCAAATAATTCGGGATTTTCTTTAATTTGATAATCTGACATAATTAAATGAAGTAATTAATTGAGAGGCCTGTGCGATACATCTGCCCTAAGGCTGCTATGTAAATGAGAAGGTTCAATTAATTTAATGGTTATTGTTTCATGTTTAAAATCATCGTGAATATATCGATAAAAATTCGTTTTTTTTAAATTAATTTATCGATTTAGCAGATTTTAAATAAAGAATATGGGATTGTTACAAAAAATACCGTGTTTTATTAAAATTTTATAGGAAGCAGTCATTGAATACTGCGTTTATTCCGTTGCAACGAAATAAACGCAGTTGTCATTTACAGGTCTTTTAGTTTGATGACTTTGTTGATATGGATCTCCTGTAGAAAGACCGCATCATGTGAAATGACGAGTAGCGTACCTTTATAAAGCTGAATCGCTCGGGTTAGAATCCGGATATTTTGAAGATCTAAATTGTTTGTTGGTTCATCAAGGATAATTAGATCCGGCGACTGTTGCTGAATGGTGAGACAACATAATATCAGACGCATTTTTTCACCACCACTCAACAATTGGCAAGGCTTGTCCCAATCGTCTTTTCCAAATAAGAACCGATTGAGCCTAATTTTGATCTCATGTTCAGGTAGTGCGTCGCTATTGAATTGCTGGGCCTGTTCATAAATACTTAGATGCGAAGACAAAATGGAGTATGTTTGATCTAAATAGATCGAACGAAATGATTGACGTTCAATTTTTCCTTGTACAGGTGTCAATTGGCCGAGTAGAAGTCTGACCAATGTCGTTTTACCAGATCCATTCTGTCCTTGTAGTGCGATACGATCTCCACTGAATAATTGAAAGTTGATATTAGCTGGCCAGAGTCCTTGTGAGTCATACTTGAAATTGACATTTTCGACTTTGACCATACTCTTTCCGGTTGGAAAAGCACTGTTTCCTAAATCTATTTTAATCTCGTCCAGTGCAGATTGTGAACCTCGGAGTTCCTGTAGATCGGATTTGATATCTCCAATTTTGTCCTGATGCACACTTTTTATTTTGGCGGTACTTTTTTCAGCATTGTTGCGCAGTGTATTCATCATAATACGCGCTACACCTGCCTTTTCCTGTTTTTTTTGACCGCGGTTGTTTAATCTATTTTGGCGTTCGATTGTTTCTCTTTCTTTCTCCTTTGCAATTTTAATCGCCCTTTCCTTGTGGTGAATATCTTGTTGTAACGCATGGCGCTCGGTCTCTTTTTGAGTTTCGTAAAAGGCATAGTTCCCCCCATACCGCTTGATACCTTTTGGGGTCATTTCGGCCATGTCATCCAATAAATTAAGCAGGGCTCTATCGTGGCTAACAATAATCACTGTGTTTTTGCTTGATTGAATCCAATCGTATAGTAGCGTTTTGCTATCCATATCCAAATGGTTGCTGGGTTCATCAAGAAGAATAAGTTCGGATCGGTGAATGTGGATTCCGGCCAATAGGACTTTTGTTTTTTGTCCACCACTAAGGGAAGACATCTTCTGTGTCAACTGGATGTGGGGCAGATCCCATTGCGCGAAGGCTTCTTGGCATCGTTCCTCCAAGGTCCAATCATCTTGAAGTCTATTGAAATTTTCTTCAGACGCATCGCCAGCTAATATCGCGTGGAGTGCATCTAATTTTTGGGCAATGCCAAGTGCTTCGGCGACTGTGTTATCCTCAAATTGTCCCACAACTTGAGGAACATAATAGGTGCTGGTACTGACTTGTACGCTGCCACTGGAAGGCGATAGTTCTTTGGTAATCAGTCGCAATAAAGTTGATTTACCGACACCATTGTGGCCGATGAGCGCTATTTTCTCTTGCGCATTGATGTGTAGATTTATGTTCCCAAACAATAAATCTTTATTCGGATGTATATAAGAAAGTTGTTGTAATGAAAGCATGTTGAAATTCTTTAAATGTTAGAAAAAACCATTTGGACAGGTATTGTCAATGGATGGTATTTATTTCGTTCTAAAGAATTTTAATCTTACATGCAGTTTTAAGGATGTTGAGAGAAGCAAATATAGCGTTTTTATTTTGATGACGGGAAAGTTTTTGAGAAATAGTCAAATTGTTTATTTTTCTACTATTTGCTTCGGACAAATTGTACTTTTGAAAAAACGAATATTGTGAATAGAATTCTCCTTATAGATGACGAAGAGAAACTTCGGAAATTGATGGCCAAAATTATTAGCCTGGAAGGTTTTGATGTGATTGAAGCAGCTGATATTAAATCGGGGTTGAAAAAGCTTGAAGTCAGTGATGTAGACGTTGTACTTTGTGATGTTAAACTGCCTGACGGTAATGGGGTAGAAACGGCCAAATTAATTAAAGAACGGTATCCAATTGTAGAGATTATTCTATTGACGGCATACGGGAATATCCCGGATGGTGTTCGGGCGATAAAAAATGGTGCTTTTGAATATATTACCAAAGGAGATGACAATAATCGCATTATACCCCTGCTTTATAAAGCCAGTGAAAAGGTTGCATTGGCAAGAAGGGTACAGCAGTTAGAAAAGCGATTGGGAGATAGACTTTCTTTCGATAAGATTATTGGAAAATCTAGTGCAATAAAGGCCGCCATCGGCATGGCACAAAAGGTTGCTGTTACAAATACAACGGTCTTACTAACAGGCGAGACGGGGACCGGCAAAGAGGTTTTTGCGCAGGCGATCCATCAGGCAAGTGCGCGAAGAGATCGTGGTTTTGTGGCTATTAACTGTGCCGCATTTACGAAAGATCTGTTGGAAAACGAGCTGTTTGGCCATAAATCCGGAGCCTTTACCGGTGCTACTAAAGATCAGCGGGGCTTGTTTGAAGAAGCGCATTTGGGGACTATTTTTCTGGATGAAGTCGGAGAGATGGCTTTGGAACTTCAGGCCAAAATTCTCCGTGTTTTGGAAACGGGCGAGTTTTTGAAAGTAGGGGATTCCAAACCAACTAAAGTGGACGTACGTATCATAGCCGCGACCAACAGAAACCTCGAATCCGAAATTGCTTCTGACCATTTTAGGAGTGACCTATTTTATAGGTTGTCTGTTTTTACGGTTGAATTACCGCCATTGCGCGAACGTACTCAAGATATAGCGACTTTGGCACAATATTACGCTGATATCTTTGCTTTAAAATCCAACTTGAAACCTCTGCAGATGACCCCTGAGTTTGTGCAGGCATTGGAAAGTAACCCATGGCGAGGGAATATACGCGAATTGAAAAATGTAATTGAACGCAGTGTGATTTTGAGTGAGGGCGGTGTACTGGATGTTCAGAGTCTTCCTTTCGGTGAGCGTGATGTTAGGGAAGGTTCGGGTGTCTTGTCAAACTTTTCGATGGCTAACATGGAAAGACAGCATATACAACGTGTATTGAAACATACGAATGGAAATAAAGCTGAGGCCGCTCGACTGCTAGAAATCGGTGTGGCTACTTTGTATCGAAAAATCGAAGAATATAAAATCCAATAATTTGATTGTTAGTTTTCTCAACATGATTAATTCTTTGCGTCAGTATTCGGTTCGTTTGGGATTGAAAGATCCTGCAGCTTGCTACGCAGAGGCTGCAGGATCGGCACCCGCTAAAGTTTTATTTCATTGTCATCGATAAGTTTTGCATCACGTGTATTTTTTTGTACTGCGATAGCTGAAAAAATACTCAATGAGAAGGACATTGCATAGAATCCTTTTTCACTTAACAGCAGGTCCGCGTTCCATAGGCCTACAGTTAATAGCACGACGGCAGCAATTGTGGCAAACCAGCTTAAACCGTAGTACAATTCGGTAACAGCTAGTCCTTCTGCTTTATCTCTTAC
CP177226.1_gap46	2089429	2091801	2372	AGAGGAATCAGCTCTTCCGTTGCAAGCTCTTTTGAGGTGACATTCAAGTTATCTATGGCTATGATCGAGTTCAATTCCCCAATGTAATTGTCGAGAAATATTTCTATCCCATGAGAAATATTGGCTTTGTTCTCTTCCGTAAAATCGGGGTGAACAATAACAATATCGACTTCATCTGGATGGTATTTATGTTGAATGGGGTAAAAAAACATATCCTTGATGTCAAAAGTGAATCCATACATCGTGATTTTGAATTTTTCCATATCCGCAATAGCGGGTTTTAATGCAGTAAATTTCCAATGCGCTAATACTGGAGCAGAAGCGATCAGATGTTCTACAAACGCAATGTTTTTGATGACACCATCTGGCGTGACGACAAGTTCTGCAGTGTCATCATCGTACATTCCCGTTAAGAAATACAGTTCCTTGCGAAGAGCATCTATCTTCGGCGAAAGTTTGCTGAAAAAATTCTGATCAATTTGTTCTCCAGTCTTGACGATTTGAAAAAATGCGTGTTCGTTTTTTGTAAACCAATCCCAAAAATCCCCTATACTGTCCTTTTTATTTTCTTTTTTACCAAAAATATTGTTCAAAAATCCCATAATTAATAGCTGTTTGATTGAATCATCAAAGTGCGTATCTGTTACTTAAAATGTTTTTATAACCACAGAGGATTAAATGATCCGAATGAAACAATCATGAATACCTCTGTTCCTAAATTTAATTATATAATTATAATCCGGCAAGGGAATTTAAGTTTAAAAATAATTGGACAAACAATTGCGTATGGAGTTTGTTAGGATTATTGTTGAATTATAAATTAAAATTGGTCTTATGAAATTTAGCAAATTAACATTTTGTCTATTGGCAACTACAATTGTGCTTTCCTTTACGGCTTGCAAATCAGGTTTATCTGACGAGAAGTTGGAAGAAAAGATCGAAAATGCACTTACCGGTCGTAAAACCGTGGACGTCGACGTTAAAAAAGGGGAAGTTATCTTAAGTGGCACGGTTGCTTCCGAAGAAGAAAAGCAACAAGTGGAGTCTATTGCTAAAACAGCAGGCGATAAGGACATCAAGTCTATTCAAAACAATATTATCGTTAGCGCCCCAGTGTCGTCGACTCCAGCTCCTATTGAGGTATCCAATAATGATGCGGTGCTTGGAGCAGCAGTGAATACGTTTATGAAGGATTTTCCTACGGTACAGGCAAGTGTAAAGGATGGTGTGATCGCTGTTACAGGTACTTTGGAGCAGCCTAAGATAATCACCTTAAAACAAGGTTTGGATAACTTAAATCCCAAAAAAGTGGATCTAAGCGGTATTGTTGTCAAAAAATAAAATAGTGAAATTATGTCATTGCAGGAAAAATATAAGGTTCTTTTAGATACGGCACAATCTTCAGGTGTAAATGACCTGAACTATGCCGAAATGGATGGAGTATTGCAAATTCGTGGTACAGCACCAACAGCAGATGTGAAAAATAAGCTCTGGGAAATATACGGTAATATAGATCCTAATTTCCAAACCGGAGATGTGGTCTTAAATGTAGATGTTGCAACGGAAGTGCCCGGAAGCCAGGTGAAAGTTATAACAGAAAATAGCAATTTGAACATTCGAAAAGGCCCCGGTACAGACCAGCCTATCGTGGGAAAAGCAGCTAAAGGAGAAATCATCACATTGATTAGTAAGGCTAATGATCAATGGTGGTTGGTGAGAACCAAAGATAATGAAGAAGGGTATTGTTATGCACAATATTTAGAGTCTGTTTAGTTCTCGAATGTTATTCGCATGATGGGTACCCGTACCAATTGGCTTTGAAAAAAGGGGAGTTATGGATAAATAACTCCCCTTTTTTCATTTCACGCTTAAGCTTGTCTGTTCTGTAATATGGAGGTACTACAGCATCTATCGTATTGGGGAATTATTTGGAAAATCAACCGTATTTTAATTTTTGGTGTAATAATTGTATCATTACAATTGCAACAATTTTATTACATTATGTCGAAATCACGTTTTATCCTATTATTATGCTTGTGTTTAGCTGTTCAGTTGGGAGTTGCGCAAGAGTATGTTCGCTTGGACAAAGATCGTTATCAATTGCATTTATCAGAATATCCAAAAGATACAATCCGGGTACTTGAAAAAGGTAAAGAAACGAAGTTGAAACAGGGTAAATATATTCTGCAGAAGAATCAATTTATGGGACTTTCCAATGCATTTATAACGATTAATCAGGATGGCATTGTCGATGGTGATTTTAAAATTGAAAAAGATGGGCGTACCGGTGATGTTATCGTAAGACATGGTGTATTACAGCAAATGACTGTGAAATCTGCTGCATTGCCAGACTTTCAATACACCATAACGGA
CP177226.1_gap47	2109038	2110158	1120	TTATGATGCCTGGCAGCAATTTAAAAAGGGAAATTACCGAAAAACTCCTGTTTTTCGATATAGGCCCATGCCGATTGATCCAGATATTATCAAGAGAAACCTCTATAACTTGCATATCGAAGATTTATTTGATCCTTCCATTGCTTATTTGTTTCGTGATAAACGCAAGGAGCTTGATCAGATGATGACCATGTTGAGTGAGCGGGGAAAAGAAGGATTTTTGTTGGGCAGTATGCAGGTTTTTGGTACTGTCAATGAAAAATTGTTGGAAAAGGCTCAGGCAATTTTGACAATTACGACAACGGATCGAGAAGTGAGAACGAAAGAAGAGGATATTGTCTATGCCGAAGAGTTCGCTAAGCTCGCCCAGGAAGAATTGGATTATCTGAAAAATCAAGATCCAAGCTTTGGCACCACAGTGAGGCTACGGGATGATATTTATGGCGTGATGGTAAATCAAGGCGTACTCAATATAAGTAAGCAGTATAGTTTGCCAAGGAATAGGGTAAAGGCATTGATTCAACATGAGGTCGGTACACATATTGTTACTTACTATAATGGGAAGCAACAGCCGTTCAGTCTCTTTAGATTGGGGGTTCCCGGTTATGAAAAACTTCAGGAAGGCCTCGCTGTACTTGCTGAGTATTTGGTGGGGGGCCTCACAAATAATAGACTACGTATTCTGGCAGGCAGAGTTATCGCTGTCCATCACATGCAGCAGGGCAGTTCATTTATTGATACATTTTCAGTATTGGTAGATAAGTACCAATTTTTGACCGAAACAGCTTTTCAAATGACGATGCGGGTCTATCGAAGTGGTGGGCTTACCAAAGATGCATTATACTTGAGTGGTTTAATCGAATTGACTAATTATATCAAGAGTGGGCGAGATCTATCCCTGTTGACGATGGGCAAAATCCGCGAAGATTATATACCAATCGTTGAAGAACTCATGTTAAAGGGCGTCTTGAAGGCTCCGGTCCTGACACCAAGGTATCTAATGGATCCATACAAGGATGCCTTGTTACACCTCAAAAAAAGTAATGGAATATTTCAAATGATTCAGTAATCAGATATTTTATATGAAGATAGCATTCGTGATCAACCAAACCCATAAAGA
CP177226.1_gap48	2115121	2119400	4279	AAGGATTTTCGTTGTGAAGCTCCATCAATTGGCTACATAATTTGAAAATTTTTGAGATCGCTTTATTGTCCATCGTATTTGAATTGTTAAGCTACAAATATCTTAAATTTTAGGTCAAAATAACAATTCAAACGCGGATATTATAGCGTTAAATAATGTAAAAAAGCGACTTTGAATGCCTGTTTTTCTCTATTTCTTGAAATTAACAACAAAGTGACAAATGCATGTGCGCTTAACCAAACATTTTGGCTATGTTTGCCGTTTTTGGGTGTTAAAATTGCAGCGATTTTGTGAATATCTTATAAAAACAACCCTATTAAATAGTAAAATATCATGATAGCAGACATTAGTGACAAAGAAATCAGTGGGCTTTATAAAACAGGTATTATTCAACAAACTGCTTACTGGTCTGCAGTAAAAAAAATGCAAGGTATACAATCGAAGGCATTTAATTTTAAATCCAAACAATCCGATCTGTATGTCGGAGTCGACGACGATACCTATTTTATCGGTGATCTATTAATTATTATACAAGCCATAGATCAGGAACATAGCATAGCCTATGTACCTTATGGACCTGAGATTGAACCTTCAGATGAAAACCAGGGCTATTTTTTAGAACAGTTATCGGAAAGTTTACGTTCCCATCTGCCACCAAATTGTATAATGATACGCTATGATTTATCTTGGGAATCACATTGGGCTAAAGAGGATGATTGTTACGATCTTCATGGTAATTGGCTAGGGGTGCCGGAGAAACGGATTCAGGAAATGCGCTTTAATTTTAACACAGAAAACTGGAACTTTCATAAAGCCAATACGGACATACTTCCTTCAAATACTATTTTTATGGATCTTAGAAAGGGGGAGGATATGTTGCTTGGAAATATGAAATCTAAGACTCGATATAATATCAATTTAGCAGAGCGAAAAGGAGTACGTGTGCGTTCGCTGGGGCTTGAAAGTTTGGCGGTTTGGTATGAGCTTTATCGGCAGACAGCTCTTCGAAATAACTTTTTCTTACATGATATAAGCTATTTTAAGATCGTTCTTTCTGCAAGGGCAAGTGATACATTGTCTCCCGCAGATGTATATCTTTTAGTAGCCGAAGTGGATAGCCAGCCTTTGGCCGCGATGTTTTTGGTAATTGCAGCAAATCGGGGGACTTATCTATATGGAGCTTCTGCTTCCGAAAATCGTAATTATATGGCGACATACGCTTTGCAATGGCGTGCGATGCAGCTTGCGAAAGAAAAAGGCTGTACAGAATATGATTTCTTTGGAGTATCGCCACAGGCAGATCCGTCACACCCTTTATATGGACTTTATCGTTTCAAAACAGGATTTGGTGGTGAAATCTACCACCGTATGGGCTGTTGGGATTATCCCTTGGACAATAGGAAATATCAGTACTATGCGTCAATGGAGTTTAAAAACCAGCGCTATCATTTAAGTTAGAAACTAGAAGACCTCACCCAAGGTGAGTCTAACGCCACGGTGATTCTTACTGATACCATAGTCGATTCCAATGTTGGTGCCCGAGTTTTTGTTAAACTTAATTCGTGCACCAGCACCAGTGCCGACGTTCCAGTCTTCGAACATGGAATTCTTTGGCCCGTTTAATGTCGTAAAGTTCATAAATGCAACAAATCCAAATAAGCCATTTTGGGTGATATCACGACGATATTCCGTTTCTAAATAGTAAAGTGATTTACCACGAAAACGACTGACTGGAAAGCCTCTTCCCGAACTATTGTATGGATCCCATCCTAAATTCGGAAGATCAAGATAGGGCGCTTTACTATTAAATACCGTCCAGAAGAAACTCCTTATGGCAATCATATTTTGGCGATTTCTGTCTTGGGTAAGCCTATGGTATCGTCTAACTTCGAGAAATAGCGATTTCCAGTTCTGATCGCTTCCTAAAAATATCGGATTTACACGGAACTGTAAATTGGCATAGTTACCCGACCAGGTATTGATCGAATTGGCGCGCGTATCGTAAATTAAATTGAAGCTGACTCCTGAAGACATGGTATTGTCTTTTAAATCTGTTCCATAAGGGTAGGACGTGTAGTCTTCGAGCTTGGTATTGCTCGTAGACTTAATATTCATTCTATAATCCAGATCATAACCAATGCCCATAAAAAGGCCTCCATGAATTCTTTTTAATGCATGTTGGTATAAACGAAAGTAGGTGTAATCTAAATTAATCTGCTGATCACCATGATGCTCTTTGCCAATTCCCCAAGTTTCGTGCGGATATTTTAGTAGACGGATATCCCCATCAATCACCCATGTATTATCTTTTAACCAGATGTAAGAACGTATTGGCAGACCAAATCGTTTGCCAAAATTTGTGTAAGGCGTAAATGTCATTTTAGACATATAGGTGTCGGAACGATCTCCTAAATAAAATCCTGCGGTTGTACTTGTAATTAGAGCATGCCCCCCTCCGGGAACATTTGTCGAAAAGGGTAAAAAGGAAAAATAGATTTTCTTTCCTGTACTATCGACAGTTTGGGGTGGCTTGATATTTAATATTTCTTTTCCAATATCAATCAGATCACGTTGTTTACTTGTATCAGCAAGATGTTTGGTGGTTTCTATTTCATTGACGGGACGTTGTGCATATACAGTATCGCCAAGTACAAGTAGAACCATCAAAATAGACCATTTAATATAAAAAATATATGCGCTATCGTAGTGTGTCATGAAAGAATGCAATCTAGCAGGAAATAGATAGAATAACAATATTCAAACCAATAATTTATTCATTCTGTCACGTTTTGGCTATAAAGAGAATTGATTGGAAATTTCATTCGCCTAGAAAAAAAGAGCATTTACCGATTTTAATGTAATGTTAATCTAAATGTAATGAAATCAATATATGAGTTGTCTTAACTTTGAATCAGAAAATAAATAAAAAAAGTACGCAACAAATTTATATAGTTCGCGACAGTAGAATAAGAAAATATACTAATACATTATAAAATTGAAAAAGATATGAAAACTTTAGTAAAAACATTTGTAGCAGCAGCAATGATTGCAATCTCTACTTGCTCAATGGCTTCAGTTAAACCAGAAGAACGCAATTTAATTACTGCTGATTTAGCCATCGATGAATACGTTGGAGCAATGACCGAAGGTCAGGTAGCTAATTTAGATAAGCTTTTTACAGCTGATTTTAACCAAAAAGTTTGTGGCAAACAAGATTTGAAATTTAGCCGTCTTGAGATGGTTGAGTTTTTGAAAAAACAAAAAGGAATCAAGATGAACTGCAAAACAACAACACAGATCGTTGAAGAATTACCTGATTATGCAATAGCGAAAGTTACGATGCAATTTGATGGTTTTGCTAAAACAGATCTGATCACACTTGTTAAAGAAAACGGAACTTGGAAAATTTCTAAATCTGTAAACTCTTATAAATAAGAATTTGCTGTCAAAATTGGTCGATTAAAAATAAGAAAAGGGTACTTAAGTACCCTTTTTTTTGTGGAGCATATCAGATTCGAACTGATCACCTCTTCGCTGCCAGCGAAGCGCTCTAGCCAAATGAGCTAATGCCCCTGCTTTATTTGGTGTCGCTAAGATAGTACTTTTTTGGATAAACAAAGCCTCTTTTTTATTTTTCTACATATTTTTCTATGTATGTCATCTAGTCGTTTTTTTTTTGATACACAAATACGCTCGAGCTGACCACTCTATTTTTCTATTTGGATATCTTAAGGTGTTTTTATCTCGTTGAAAAACAAGAGAGTTTACCGGCGTAAAGGAGGACATGAACAATGTATTAGTGTCCCTCAGTAAGCAGCGCTTCGGTTCGCTTTATCTGACCTTTATCTTTCCAGGCATCATGCCCAGGAATAACCATATTAATTTCGGGATATTTTGCCAATAACCTCGCTAGGGATGGTTTCCAGGATTTTATATCCCCATCTGCCGTAAATCCTAGATCTTGGGCTTCGGAGCTTTTTATAAAACAACCACCGTCTAGGATCTTATATTGGGGAAACCAGACAACAACATTGTCCATGGAGTGTCCGGCACCAAAAAAGTTCAAAACAAAAGATTGTCCGCCGACGGTGTAGGTTTTATTGGTGGAAACAAGATGAGTGGCCTGGGCTTTGTGATTTACCTTTAGCAGGTCGTTCGTCATTTTTGTTGCGTAGGTTGGAATTCCAATACCGTTGTAATAAGCAAAGCCACCTGCCCGATCTTCGTGCCAGTGTGTCGCGTAAACAGCAATGACGGGTAAATTATGTTTCTGTTTGAT
CP177226.1_gap49	2122365	2124580	2215	ACTGGCCTACCAACATATAAATATCCATGCTCACATGTTGACGTGTTATTTCTGTCATCTTATCATTGAACCCGGCGTTGTTAATTTGTAAAACATACTGAAAACAGATGACGCGGGCGATTATCTTTCCAAGTGTAACCAGTTCACGTTGTTTGGGCTGTAGCGGAAAGTCAAAATTCAAGATTGATGAGAAAAATGGTGCTGCAAATTCAGTTGAGCTATATTTTTTTAAGAAAGACAACAAGTTACTTTCTTTGGTTTTGCGCATAAGTTTACCGATCGCTTCAGCAACTTGAGAATAAAGCATTTCATTTGATCCCTCAAAGATTTGAAAAGGTCTACTGTCTACGAGGCCACGACCGGCAACATGGTCTAACCTATAGCCATTTGCACCGGATAATTGCACACATGTTTGCGCGGCTTCATGCATTAAGTCTGTCACAAATGCTTTCACACTATTGGCATCTACACCATAGGCCGAAAGGTCATTATGGATAGAGCTGATCGAGACACTGTATGAACACATTGCAGAACATAAGGTAAATGCAGCCTGTATGCGCGACAACTGAAATTTAACAGCGTCTAATTCATTTAAACTAATACCCGCTACACGGCGTTCGGAACAATGTGTCATGGCCTCATCCAACATCCGTTTTATGAAACCCATTCCCATTCCAGGGAATTGTAATCTGCTGCGGTGGAGGGTGTCTAACATCAATTTAATTCCTGTACTTTCCGGATTTAGTTTGTGATCCATGGGAACATTGATGTCGATGTCGTTCACTCCATAAGGAATTGCATAAAGACCAAGGCTATTGTATTTCTTTGTAACAGTAATCTTTTGTTCTTCGACGGCGTTCTCTGTGACAAAGAAATCTATATCCCGCACCAGTTCTCCGTTTTCATTTTTCTTGCGTGCTGTCACGAGCCAAAAGTCAGCAGCTCCAGTGAGACCTTGCCAGTGTTTTTCACCTTTTATATAGTACTTATCGTCCTTTTGTTCGTAAGATGTTCGCATATTGAGGGCGTCACTGCCGTAAGCCTGTTCGGTAATCATTAATCCTCCCATTGCCTGGTTTTCCAAAAATTGATGGAATATCTTCTCTTGAAGTAAGGTATCGCCGTATTTGGCAAAGGGCTCCAAAAATAGCGCAATATTAATCCCGAAAATGAGCGATAAAGATAGTGATTCATAAGAAGCTGCCGCCAGTACACCCAAGCATTCTTTCACATGAAGGCCCCGACCACCGTGGTGTTCCGGGATAGCAACCGACAAGGGCTGCATTTTCATGATCTCAGCTAAAAACTCAGGCGGTAGCCCACGCGTTAAACTGAGCGAGTTGTAATCATACTCTTTATTAAATAAGCTTGATAGCCTAGTTTTAAAATCCGCAATAAACAAATCGAAATCTTGGGTTATATTGTTGTGTTCTGAAACCTTAAGCATCTTTAAATATGTGATTAAATGATGGAACAATGTAAATCGAAACATGAAGAAGAACTGCCCGTTGACCAAAAAATTCTCTTTTGCTTCAATCACTTACACAAAAATAACTCCAATCAATTTGATTCTCTTGTGTACTTCAGTATAAAAGATAGGACAAATCGTGCATGTTGAAAATCTAAGTTGCTCTGTTTCGATAAGAAGTAGGAGAAACACCAACTATTTTTTTGAAAAGCCGTGAGAAGTAAGAAGGATCGGAAAAATCCAATTCATAACAAATGTCTGCAATGCTTTTAGTGGATTCAAACAATAGAAATTGACTGTGCATAATCAGTACTTCAAGAATGAGTTCCTTCGACGATTTCTTGAATACAGAAAATACGCAGCGATTAAGGTAGTTTGTAGATACCGCGAGTTTATCCGCGTAGAATGAAATATTTTTTTGCTTTTTGAAGTTTTTGTGCACAAGCTGTTTGAACATCATTGCAATTTCCTGTCTCCGATTGAGCGCAAGGTTGGATGAAGATAGCTTGATAATTTTTAGAATTGCAGATTTTAATAAATTTTCAAATAGTTCTTTATAAGGTGATTCGGAAAGCAATTCATCATAAAGTAATCTGAAAAGTTCTTGAAGATCGCCGCTGTCTCGCGCAGTTAAGTTTAGTAAGGGCGAGATATTAAAAATATTCAAAATCTCCTGTTCCCTGAAGATGGAAGTCATCGCATTGTCGTTGATCAAAACGCAATGTCCTTTCGCGGATTTATCGACCG
CP177226.1_gap50	2131821	2133338	1517	CTACAGATCGTAATCAATGGCAAGCCCTATAATTTTGAGGTGGAGCGGGGAGCAGGAAATGGTGAGCCGCTAGAGAATCCTTTAAAATCTGGAAATTCTACGATAAATATACCGGTATCAGCTGATCTCATTAAGAAAGGCGGAAATCAGATTACCCTAACTGTCATAAAGGGAGGTTGGGTTGAATTTGATTCCTTTAAACTGCTTGGTCCACAGCAAGTAAAGTTAATAGCTAATCGATCTGTAATTGTTAAAAATGTACAGCAAGCTGATTTTGAGATTCTAAATGCAGGAAAACCCGTCCAAAATATGCTGGTTGATCTCTTGAAATTGAAAGATGATGAACAGTTGAAAGTAGTCTTGGATGGCAAGAAAATTTATGAGAAAACACTTGAAAAAGGTGCAGCGAAATTGGAAATACCAATGCCTTATGTCGCTAAGGATATCTGGAGTAAGTATGAAATTTATAATAATGGGCAATTAATACAGTCTTCAACAATCAAGCGGGGCCCAAAAAGACTCGGTGGAGTTTCAGATTATGTGAACACGATGATGGGTGCAGCACATTCCAGATGGATGATAGCCCCGGGACCATGGATGCCTTTTGGCATGGTAAAGATCAGTCCAGATAACCAAAATATTGGCTGGCAGGCAGGTTATGAACCTTCTATCGAATCTATTGGTACTTTTAGCCATATTCACGAATGGACAATGGCTGGATTGGGAACATTTCCGACAGCAGGTCAATTGAAAACTCGGGTCGGAGATCAGTACAGTACAAATTCAGGATATCGATCTGCAATAGATAAAACCAGCGAAAAGGCTCCATTGGGATATTATGCTGTTCATCTCCTTGATCACGATATCGACGTAAAATTGACGGCTGGTACACGTTCCAGTTTTCAACAATATACCTATCATAAGTCGGATACAGGACGTATCATGATTGATCTTAAGGTTAACGGAGAATATGATTATAAAATTAAAGATTTCTCGCTGAAAAAGGTTTCTGACTATAAGGTTGTGGGATACAGTAATCAATTATCTGAAAACGTTTGGTCCACGGATGCAAAACAGGATTATGTCGTATACTTTGTGATGGAGTTTGATAAACCTATCATAAACTATGGCACATGGCATAATGATCGGTTGACTGAACGGGCTGATTTGGTTGCTGATAGCGCTCAATTTGCGGGAATGTACGTGGAATTTGATGTGCATAAAGATAAGGCTGTACAACTGCGCACTGGGATTTCTTATGTGAGCTTAGCCAATGCAGAGGAGAATTTAAAAACGGAACTTTCGGAGCCATTCGGATGGTCCATTGATCGGGTCGTGGAAAATCAGCATAAAGTTTGGGATGAACTTTTAAGTAGATTGGCGATAAAGTCTTCAGACTATTTTGAAAAAGAGAAATTCTATACCAATATGTATCGCACTTTGGCAAGCCGAAATACATTTAGTGATGTGAACGGTCAATGGAGGTCTTCGGATGAAGTGATACGAACTTTAGCCCA
CP177226.1_gap51	2282067	2285489	3422	TGCGGAGACGATGGGGAATAGTGTGCCACAAGATCTCGAAATCTGGATGGCAGCCGAGGATTTTGCTTATTATTCTTATCGTTATCCCGCGCTGTTTATGTTGATAGGTACAAATAATGACGATTCTACCATACAATATGGTCTTCATAATCCACAGTTCAATCTGGATGAAAAGGCTTTCGAAACATCAATCGCTGTTTTAGTCAATGCAGCTATTTCCCTTTTGAATGAATCAAATGAATAGAAAAAAATTCTTGATGTCCTCCTTTGCATTTGGATTATCCTATGCCGTTAATGCGAATAATAAGGTGTTCTCTGGGCATGATAACGTAAAAAAGATAGGGATCATTGGGCTAGACATTACACACGCTGTTGCTTTTACAAGAGCGATTAATACGGCTGCTAGCAACCATCCCTACGGAAAATACAGGGTTGTTGCGGCTTATCCCTACGGAAGCAAAACAATTCCCTTAAGTATTGAGCGTATTCCGAAAATTACAGCTGAAGTGCAACAGCTCGGTGTTTCGATTGTATCAAGTATTGCCGAGCTATTGAAAAAAGTAGACTATGTGTTTTTGGAGACAAATGATGGAAATCTTCATCTGGAGCAGGCACTTCAAGTAATCAAAGCTAAAAAACCTTTATTTATCGATAAACCAATAGCGAATTCCTATAGGGACGCTTTCCAAATTTTTCAGGCGGCAAAAAACTACGGTTGCCCTGTTTTTTCATCAAGCTCCTTGCGTTATATTACCGGACTTCAGGAGTTGGATAGGACTAAGGTAATAGGCGCAGATGTCTATTGTCCGGCAGTAACGGAGCCTTCGCATAAGGATCTGTATTGGTATGGTATCCATGGGGTCGAAATGTTATTTGCATTGATGGGACCGGGATGCCGCTCGGTAAAAACGATTCAGGAACAAGGTACCTCGTTTTATGTTGGGGAGTGGGCGGATGGAAGAATTGCCTCACTTCGGGGCATTCGCGAGGGAAAGGATGATTTTGGCGGAACGGTTTTTTTGAAAGATCAGATTGTCCATTTGGGACAATTTATGGGATACGGCCCATTGTTGGATAAGATCCTTCCGTTTTTCGAAACAGGTGTAAGTCCGGTTGACGAAAAGGAAACCCTGGCAATATGCGCATTTATAGATGCAGCCGAAGAAAGTAAATTAAATGGCGGAAATGTTGTTCAACTTCAAAAATAGGGGGCGAGCCTGCTTAATAATTACTCGTCACCGTAATCAACAATGGACTATTAAAAATTGAGGCGGGTGATATGACCGTTTCATTCAGCGGAACGCTGTTACCATAACGCTCTTTCAGCTTAGCTTTCACTTCGGGGCTGCTTAAATCAAAATCTTTCAGTTTCTCAAGTTTCCCGACTTCGATGCCTGCTCCACGCTGGTATATTTTCCAGATCAATTCCGAGCAATAGATCTTATCGTCTGACCATTCGAATGTCGCGTCGTAATTTTTGCCGATAAAATCTTTGCCGATTGCTTTCATTTTGGCCAGTTTCGAATTGGTCAGTAGCTGGTCTGCATTTTTGAGGCGCTTGACCGCGTAATGCTGCTTTTCGCCACGCTGAATCCAGTGTTCTAACTTCGTAACAGTTACGGGCTGTACGGCTTCCAGTACGTAAGGTTTGCCCTGCTCGTAAAAAATAATCCCACAATGGGAATACAGAGAACGCGTTGCTAATTGGATGGCCTTGCATTGCGGTGAAATAGAAGACTGAAAGATCATATCGCCATCGTTGAATTGGGGTAGTTTTGAGTTAGCCTTCGATTGCTTAGGACCCATTGGCTTTTTTTGCGCATGAACTGGCAGTGTTAGCGCTGCGGTGATCACAAGATAACGAACAAGGGATATCAGGTAAATAAGTGTCTTTTTCATTGTTTTATTTCTGAATTTACTGAAATAGTTTAATGATTTTCTTCGACTTGGTCCTTTCGGCGAGTTGAAAAGCAGATAATACGTCGGATCCATACTGATATACTTTCTCTTTAGCGGCACCTTTCTGCAAAAGATACGCTATGGCTATGTTGTTTTTCGTTAAGATCGCTTTTCCTAGTAGTGTACATTGTGTGAAGCTATAATCGGCTTTAACTTCATCTATACCCAGACGGTTCAGACTATTTAAAGAGCTTTTACGGATAAAATCCATGTCGTTTTTTTCTATCGCCGCCTTCAGTACTTCGAAATCATCGACTTGTTTGTTTCTGGTCAGAAATAAGTGATGAAATTGTTTGGCAATAGCATACTGATCCTTTTCTAAAATCCGATGAATGGCATTGCTGCTAAACTCCTCCACTGTAGAAAATCCATGCAGCTGACTAAAAAATAAAAGTATATTTTCAAAAGGGAGCTTGGTTGCTTCCAGCTGCATTAGGCCGTTCAAATCGTTCGTGTCGAATAAGTTCTCCATGTGTCTGAGGCTGTCCAAAGCGATGAATTGAAATTCAGGTTGATAGTCCGCGAGCCAATTGGAGGATTTTGGTATTACAAAGTTGTTTTCAGTAACCCTATAGTTGATGGAGATAGCCGGTTCGGCATAGTTGATTATTGTTATTGTGCTGTCTGATAGTTTATAATATTTTGAACGAAGATGCTCCGCAGTTGCGGTCGGGAAAAGTCTGTTGAGATTGATCTGTATAGCGTATACGCCCATGGTGTCCACAGGCAAATTATAACAAAGCGTCCCTTGGTCCGTAATGTAAAAGGGTAGACTGTTTCCTGGCTGCTGCTGTGACTGAAAAACGATCTTGTTTTGATCTGCAAACAACGATGTTGCAAGGCCGGCTAGTAAGTAAAGAAGGCAAAGACCTCTTTTTAACCCTAAGCGATTCATTGGATAAAATGATCGCATGACTAATCGTGGTATTGTTCTAAAAACTGATTGATCTGATTGGTTAATCCAAACGATTCGGTTTCCAGTAAGTTGATCTCAGCTTGTATCTCAAGTGTAGTCGGCGACAAGATTTGTTTTTGATAGACCTGAATGTCCAGTTCCAAAACCGCTAATTGCAATGCTAGAAGCTGTTTGCCTTCTGTTGTATGGAGTTGTAGTTCATTAAAAGCATGTTTTAATCGTTCCAATTCAGCGATGGATTTTTTGACGTCATTTTCATCGGCCTTGCCAAAGTTTGGATAGGCTTCTCCCAGCGTACGAAAAGCATCCAGGTATTCTTCCTCGGACATTTCGTAAATATTCGAATAGAGCATATTGTACGCATCAATGGCGTCATAGGTATCCGCATCCATTAAGTCTTCGCGATAGTCCTCGACCAATTGTTTGATGTCTTGAGATTCAATTTGTAAGATTGACTCAATATCCTGTTTGATAAGATTGGCTAATTCCATGCTTTATGCTTAAGTAATTCAAATTCTTTGCTAGCACATTTGTGGGCTGACAAAGA
CP177226.1_gap52	2306629	2308381	1752	CGAATTGGAGGCAATCCAACCAATGAAAGCTGTGTTTGACCGTAATTTTGTGAAAAATTTGGACGGAACGCACATCAAATCTGAAAAAACTCGCCGTGAATTGGCAGATGCCGTGCAACGTGATATTCGTGAATTTAAAGAGAAAAACGGATTAGATCGTGTTGTATTGGTATGGTGTGGATCTACTGAGCGTTATATTGAAACAAACGAAGCTTTTTCAACTTTAGCTAAATTAGAGGAAGCATTAGACAATGATGATCAACGCATTCCACCAAGCATGATCTATTGTTATGCGGCATTGAAAGAGGGAGCTCCGTATGTAAATGGTGCACCAAATTTAACATGTGACGTTCCAGCTATTGTTGAGTTGGCGCATGAAAACGGTGTGGCAATTGCAGGTAAAGATTTTAAAACAGGTCAAACATTGATGAAAACAATTGTTGCACCTGGTCTTCAAGCGAGAGCTTTGGGTGTTGAAGGTTGGTTTTCGACGAATATCTTAGGTAACCGGGATGGATTAGTATTAGATGATCCTGAAAATTTCAAAACAAAAGAGGTCTCTAAATTATCGGTATTGGAAGAAATTCTGGATGCGAAAAAGAACCCTGAGTTATACGGTGATCTTTACCATAAAGTACGTATCAACTATTATCCTCCACACGGCGATAATAAAGAATCTTGGGATAACATCGATATCTTCGGTTGGTTGGGTTACAAAATGCAGATTAAGATCAATTTCTTGTGTCGCGATTCAATTTTAGCAGCTCCGGTTGCGTTGGATTTGGCTTTGTTTATTGATTTGGCTCAACGTGCGGGTATGTCGGGTATTCAAGAGTGGTTATCATTTTACTTGAAATCTCCTCAAACAGCTCCGGGATTACCTCCTGAACACGATATCTTCAAACAATTGATGAAATTGCAAAATACATTGCGTCACATTATGGGTGAAGATTTAATCACACATTTGGGATTGGATTATTACCAGGAGCTAGTAGATAGTATTCAATAAACTACCTTAATAAGAGAGGGGAAACAATTGTTTAAAAACAGTTTTTCCCCTTTTTCTTCAAAATCTTTACGATATTGAAGATTTGTGATATAACCCTCTGTAGACTTTTGCGCTTACGAACGCTGAGATAGTGACGGGGGTTTTGCTTTTTTATAAATGATTTTATTTTGCAATTAAAAGAAATGGAATTTGCAATTATAGCGGCGGGAGAAGGTTCTCGATTGCGAAAAGAGGGATTTAATTTACCGAAACCCTTGCTACCATTACATGGAGTTCCATTAATTGAGCGATTGATTCGCGTGTTTGTTAAAGAAGGGGCGCAAAGAGTTCATGTTATCATCAATAAACAATCTCCGGAGCTGAAATTGTTTTTGGAAAAAACAACGTTTGAATTACCTATTGTGCTAATAGAGGAAGATACTGCAAGTTCATTGCATAGTTTTGCCTTGCTTGTCAAAAATAACCCCGATTGGTCGTCCTGTTGTCTGACAACAACAGATACGGTTTTTAGACCACACGAATTTCATACCTATTTGGAAGCATTTCAGCAACATCAACATGCAGATGCTTTTATGGCAGTCACGCCTTTTGTCGACGATGAGAGTCCACTCTATGTGAACACAAATTCACAGCTTCGGGTGGAAGCTTTTTTGGATACAGCGACCGCAGAAACGAAGTATGTTTCTGGCGGAATTTATTGCTTCCGAAAAGCAGCTATGAATTGTGCATTAAGCTCCGTTGAA
CP177226.1_gap53	2309445	2310521	1076	AATTTGAGTGCATTCGAACAATCTTTAAAATCTAATGATACAGAAGAGCGAATTGATATTTGGTTTTATCGACCGATAGGGTATCGCATCGCCCAAGTCTGTGCTAAAATCGGTATTACACCCAACGCTGTGACAATTATTAGTATTTTCTTTGGCGTTGCGGCGGGTATTTTATTTTATTACCCTGCATTATGGATTAATGTGATTGGCATGCTTTTATTGGTTTTTGCCAATTCTTTAGATAGTGCTGATGGACAGCTGGCAAGAATGACGGACAATAAAAGTCGCTTCGGTCGTATTTTGGATGGTTTTGCTGGAGATTTTTGGTTTGCTTCTATTCATATTGCGATCTGTTTACGCAGTATTAATGAAGGATGGCCACAATGGCTATGGGTATTCTGTGTACTTGCAGGTGTATCGCATATGCTTCAGTCGGCAATGGCTGATTATTATCGTAATGTACATTTGTATTTTATAAAAGGTAAAGCTGGAAGTGAGCTGGACAATACACGTGATTTGAAAGTTGACTATGATGCGTTGTCTTGGCGCAAGAATTTTTTTAGCAAATTTGTGTTGAATGGCTACATGGGCTATACACGTAACCAGGAAAAGCTTTCTCCAAAATTGCAAAAACTACTGCATATTGTTAAAAATCGGTATAAAGATGAATTACCGAAACAACTGATGGTCGATTTTAGAGCTCAGAATAAACCATTGATGAAGTATACAAATATTGTACAGTTCAATACACGAGTGATTTTCCTATTTGTTTGGTTGTTTATCGGTCAGCCTTGGATTTACTTTTTCTTTGACATGTTTGTCCTAAATCCGATATTGATATACATGTGTAACCGACAAGAAAAGGTGAGTGGTTATTTTGTTGATAAATTAACAAATGATCCAACCTATGGGTAGTAAGATCTATAAAGTACTCTTTATGCTAATCGGTATAGGTACACTGGCCTATATGATTCAAGCAATGGGAATTGATGAGATTTGGAACAACCTCGAAAAAATTGGCTGGTGGTTTTTGCCCGTCCTCGGTAGCTGGGCAGTACTCTACTGGATGAACGCAA
CP177226.1_gap54	2317778	2320535	2757	ATATAATTGCTGAATAAATGTCAATCAAATGTCTCTGTACGGCGTTCTAGCGTATTTATTGATGTAGATCAATAAAATTGAAACGTTCGTACATACCAAGTAGGCCTGTAAGTCCGCCAGTATGAATAACGAGTACCTGATCTGCGGGGGTAAAGTAGTCCTTTTTGATCAGATCATCTACGGCATAAAGTAATTTGCCGGTATAGGTGGGTTCGATCATGATTCCTGTCGCAGCTATAAAATGCTGAACAAAGGCGAGTAAGTCGGTATTGGATTTTGCATAACCACCAAAATGATAATCAAGATGTAAAATAGGAGGAGTGATGTTGGGGTAAAGCTGATCGACTTCCTCCTGAATAAATCCTCCATTTTTTAAAACAGGTATGCCGTGTACGCGGGTAAATAGATCTCGTTTTTCTATCGCATTGGCTATTCCAGCTAATGTTGTTCCTGTGCCGCAGGCGGTAAAAATATGCTGGTATTCATGTTGGAGTTCATCAACGAGTTCAGAGCAACCTTTTGCTCCCAGTATGCCGTAACCACCCTCGTGTATATAGAACGTCGTTGGATCCTGACCAAAATAGGTGTTGTATAAACTTTCTTTATCTCGGTAAGATTCGCGGTCGACGTAAATGAGCTGCATCCCAAAAAGGCGGCACATCGCTAAAACAGGGTTGTTAACCCCTTCTTCACCTCGAACAAAAGCGGTTGTTTTAAACTTAAAGGTAGCTCCGGCGCAAGCGGTAGCTATAAGATGGTTGCTCCATGCGCCACCAAATGTAACAAGATGATTTTTCTGAAGCTGCAGGGCTTCTTCCAGATTATATTTTAATTTTCGCCATTTATTGCCTGAAATAAACGGATGTATGAGGTCATCGCGCTTAAGTGTTACTTTAATATGCTTCTTCTCCCAAGCCGGGAGGCACAATTCAGTTTCGGGGCTATGGATTTTGAAGGGCAACATAACATTAAATGAAAACAAATTTAACGAAAATTGTTTCATTTGGTTTATTTTTGTAGCATGACAGAACAAATAGGATCGCAAGATCAGGAAGAACAAGAATTATTTGAGCATCTACGTATTGAAGTGGATAAGGGACAAGCATTACTCCGCATTGATAAATACTTGATGAACAGAGTGGAAAATGCGACGCGGAGCAAAATTCAGCATGCTATTGAAGCAGGTTCTGTCATGGTTAACGGTAAGGAGATCAAGGCGAGCTATAAGGTTAGACCTGATGATGTGATTACATTGGTGCTACCTGACCCACCACGGGATAACGAAGTTTATCCAGAAAACATTCCATTAGATATCAAATACGAGGATGACGACGTGCTGATTGTGAATAAAGAAGCGGGTATGGTCGTACATCCAGGATATAATAATTATACGGGAACCTTGGTAAATGCATTGACGTATCATATACAGCAGTTGCCGCAGTTACCAGGAAACTCCGATCGCCCGGGGTTGGTGCATCGAATCGATAAAGACACTTCCGGACTATTGGTTATTGCTAAAAATGAAAAATCAATGGCCTTTTTGGCAAAACAGTTTTTCGATCACAGCATTACCCGTAAGTATATTGCATTAGTTTGGGGTGATTTAAAGGAGGACGGAACAATTACAGGTTATATTGGACGTCATCTAAAAGACAGACGCATCATGGCGATGTATGACAGTGAAGACAAAGGGCGTTGGTCGGTGACACATTACAGAGTTTTGGAGCGATTGGGCTATGTTACTTTAATTGAATGTCAGTTAGAAACAGGGCGTACACACCAAATTCGTACGCATATGCAGTCTATTGGTCATCCGCTATTTAATGATGCAATGTATGGTGGAGATAAGATTTTAAAAGGTACCGTGTTTTCAAAGTACAAGCAGTTTGTGGATAACTGTTTTTCATTACTGCCGCGGCAAGCACTTCATGCGCAGGTATTGGGATTTATCCATCCTACGACAAAAGAAAATATGTATTTTGAGGTACCATTTCCAGAAGATTTTCGTTTAGCTTTAGAAAAGTGGCGCGGATATGCGGCAAATTCAATGGCTATAGAAAATGATTAAAATTTAGAACAAAATTAAGATGCCAACAAACTATATCAATTTCAATGGCAGTGTAGTGCCGGAAGATCAGGAAATATTTAGCATTGAGAATAGAGGTTTCCGTTATGGGGATGGATTATTCGAAACGATGCTGTATAAGGATGGTGATATCCGCTTTCTAAATTTTCATGTCGAGCGTTTACAGAAAGGAATGGAGTTGATTCATTTGGATGATGCGAATCTATTCGATGAATTTTTTATTCGTTCGAGATCCGAAGAATTAATCCGTAAAAACAATATGTTGGGGCAGCAGGTTCGTATCCGATTGATCGTGTTTAGATCTGGAGGCGGATTGTACAGTCCAACGAGTAATAAACCTGGTTTTGTTTTGCAGGTGCAGCGCATAGAACCTAATCTTCGCGATAAGAAGGTCGGTTTGATTGTAGGACTTTACAATGAATTCAAAAAACCGTATAGCGATCTTTCCAAGATTAAATCTTTAAATGCGCAGATTTACGTGTTAGCTGGCATCTATAAAAAGAAAATGGCTTTTGATGATGTATTGATTCTAAATCAGGAAGGCTATCTATGTGAATCCTTGATTTCAAATATCTTTGTCTATTATGAAAAGGTACTTTATACACCAGCGCTATCCGAAGGATGTATTGAAGGAATAATGCGCCGGGTAGTCATGGACATGGCACAGGATG
CP177226.1_gap55	2405019	2407857	2838	TGAAGTACGCTCTTTTTTGATCAGCAATGCATTTTATTGGTTGGATCGTTTTCATATCGATGGACTTCGGGTCGATGCGGTAGCTTCTATGTTGTATTTGGATTATAGTCGAAATGCAGGCGAGTGGATTCCGAATGAATTTGGAGGAAATGAGAATCTCGAAGCGGTACAATTTTTAAAAGAGCTGAACGAGGCTGTTTACGGACATTTTCCAGATGTGCAGACAATTGCCGAAGAATCTACTTCTTGGCCGAGTGTCAGTCGGCCAACGTATGCTGGTGGATTGGGCTTCGGAATGAAATGGATGATGGGCTGGATGCATGATACGTTGGATTACTTTAAAGAGGATCCAATTAACCGCAGTTATCATCATGATCGACTCACCTTTGCGACAGTATATGCTTTCCATGAAAATTTTATGCTACCCTTGTCACACGATGAGGTGGTTTACGGAAAGCAGTCCCTAATTTATAAAATGCCAGGCGATGAGTGGCAAAAGTTTGCCAACTTGCGAGCATTGTACCTCTTTATGTATACTTTTTCGGGAACAAAATTGCTGTTTATGGGCGGTGAATTTGGGCAGACGTCGGAGTGGAATGTAAACCAATCACTTGATTGGCATCTTCTGGAGTTTGCGCCTCATCAGGGTATGAAAAGATTTGTAGCCGATCTGAACGCGATTTATAAAGCTCAACCAAGTCTTTACCAAAAGGCTTTCGATGCTGCAGGTTTCGAATGGATAGATGCCGGTGATCGTGAAAATTCGATTGTGGTCTATTGGCGAAAGGGATTTGACTCCTGGGATGATACGGTGGTTGTACTTAACTTAACGCCTGTCGTTCGGGAACATTTCCGTATTGGTTTACCTTACGCAGGTGAATGGGAAGTGCTGCTGAATTCGGATGATTTGACCTATTTCGGTTCAGGTATACATCATCCCGTTGTCCATAGTGAGCACCTGCATTGGATGAACCAAGTACAGTCTGCACAACTTCATTTGCCTCCTCTAGGAGGCTATATCCTCAAAAGGAAGAAGGAACTAAAGGATGTAAATCCGGTGAAGCAGGGAGAACGTACACCTGTATAATATGTTTCTCGAAAATTTGATGATGCACAAGAATAAGTTGAGTTATAAAATACGGATCTGGCCTCAATTTTCAGGTTCGGTAAATTTGTTGTAATAAATAGTAGGAAGGTCGCTTTTTGCCTTTGAAAGAGATAAAATATAGAACTTATTCGAATGAAAGTATTTCACTTGAGTGTTGAATGTTATCCGGTCGCCAAAGTTGGTGGCCTTGCGGATGTCGTTGGGGCATTGCCCAAATATCAGACCAAACTCGGTTGGGAAGCGGCGGTTGTCATGCCCTGGTATGACCGACCATTTGTTCGGGACCATACTTTTACTGTCGTTCACGAGGGTACTTTTTATCAAGGATCTGAATTGTTGAACTATATTGTTTATAAGGAAGCAGACAATATACTGGGATTTGAGCTTTATTTAGTCAAGATTCCAGGAAAACTCGATCGGCAGGAGGTGTATTGTTATCCCGATGAAGGCGAACAGTTTATCGCCTTTCAACATGCTGTATTGGCTTGGTTTAAGGATAAAGCTATAGTACCTGATATTGTGCATTGCCACGACCATCATGTCGGTTTGATGCCTTTTTTGATGAAGTATAGCAATGACTATAATTTTCTTGCCGATGTTAAAACGGTAGCCACCGTGCACAATGGGCAATATCAGGGTTGGACACATTGGAGCAAAGCCATTCTGTTGCCTGCTTTCGATAGCTGGAAATGGGGATTATTGGACTGGGATGGTTTAATTAACCCACTTGCGGCCCTAATTAAATGTTGCGATGCTTACACCACAGTATCTGAAGGCTATCTGGAAGAGCTCTATGTGGAAGCAAATGGCTTACAGCATCTATTTTATAATGAGCGAAATAAATCTGTTGGTATTGTCAATGGAATTGACTGGGAAATCTGGGATCCCAAAATTGATTATACCTTGTTCGAAAACTATGATGTTGTACAAGCTTTTTCCGGCAAATTGAAAAATAAGGAGGCTTTGGCGAAGCAGTATAAAATCAATCCAGATCGACCACTGCTTGTTTTTATCGGCCGATTTGCAACAGAAAAAGGAGCGGATTTACTACCGGAGATAATTTTGGATTTGACGGAGAAATATCGCGATAGATTAAGTATATTTATACTGGGTGCCGGAGACCCAGCGATCCAGTCGCGTGTGAAATCACTCGTCGATGATGGAATTGATAATTTTGATGTGTTCTTTGGTTATGATGAAAGCCTTGCCCATTGGCTTTATGCCAGTGCGGATTTTCTTTTAATGCCTTCCCGTGTTGAGCCCTGTGGGCTTAATCAGCTCTATGCGATGAAGTACGGTACATTGCCGATCGTGCATCAGGTGGGGGGATTAAAAGATACAGTAATCGATCTGAAAAATGATGGTTACGGTATAGGTTTTGATAGTTTGACAATCACTGAAATTAGTGCAGCGATTGTTCGGGCTATAAATTTTTACGACAGTAAAAAGCAGTTTGAGGAGAATCAACGTAAAATGATGCAGTTGGATTTTTCTTGGGATAAATCTGCAGCGAAGTATATAAGTCTATATAACCAAATAATGTAATTTGATATGTCACGTCATAATGTAGTAGCTATCGTCTTGGGCGGAGGAAGGGGCTCACGTCTGTATCCATTGACCGATCAACGGTCTAAGCCAGCGGTTCCCATTGCCGGGAAATATCGCTTGGTGGACATTCCCATCTCGAATTGTCTTAATTCGGGTTTTAACAAGATTTTTGTGTTGACACA
CP177226.1_gap56	2414531	2417640	3109	TTCAGTCAAATGAAAGGGATGACAGAAAGTATGGCAAAATTAATGTTGTCGGGTAATTTCGAAGAAGTATGGGATACCATTAAGTCGAACTATAAACATTTGAAATCGCTTTAATCACTTGTGATATTCGAATTGTTAAACATATTAAAAGCCCCTCGAAGCATAACAGCAGAGGGGCTTGTTTTGTGTTAAAAGTGAATTCGTTGCTGTCAAGCGATACGTTACTGACAGGCACTAATAGTCGAAATTTGGAGTAAAATGTTATCTCAACATTGACGTTGAACAAACCAAAGACTTTTAAGCAATTCTTCTTTACAGCGTCTGAGTTTTTCAACTTTGGATTCGGAAGAAATGGTAACTTGCTCTTTAACAATAATAGCTAAGTCTGTTTCAATGGACAATTTTGTGAGTGATGTACATCCACTATCAAATTTCTTAAAGCTTACATCTTTCATACTAATATTGGTTAAGAATTCCTGAATTTTATAGAGTACAATTTACTAATAAAAATTAGCTTTACAATAAGCCTGCAATAATTTTATTGTTACTAAATTGTTTATTTTTAATAGCTTATATCGTGCTAAAATAGCCGAGTGCTATCTAACTTATAAACAATATTTGCTTGCTTTTTGTTTTCTGAATTTTAAATTTTTAAATGTTAGTTATTTAAAACAAAATTTCTTTTGAATTGCTATCTATACTATCAAACAAAAAAACACGATGAGAATAATCAATTTTGGATTTATAGTGTTGCTGTGTTGCGCTGCTTGCCATCAGGAACAAAAAAAACAGGATACTTCGGCGAAACTCGATGACACTGTTCAAAGTACTAAACCATTGGATACCGGGAGGTTTCTTACAGGAAAGAGTACGTATCAATACCTTAAAAATGGCGATACCATTTCATTATCAATCACTGTTGATGGAGAAAAGGTTCAGGGTGATCTAAGCTATGCCTGGAAGGAAAAAGATCGTAATAGCGGACATATTGATGGCGTATTAAAGGGGGATATTTTAACTGCCGATTATACTTTTTCTTCTGAGGGACAGGAATCCGTCCGCCAGGTAATATTTAAACTATCCAAGGAGCGTGCACTGGAAGGTTATGGTGCGATGGAGGAGAAGGCTGGAAAAATGACTTTTGCCGATCCTAAAAAGATAGCTTTTGATGAGAAATTCGCCTTAGAAAATTTAGCGAAGGGCCAATGAGATCAGCTTGGGAATAAAAATTAAGAGGCCGATCAATAGTGCAGTGATGCTGCTGATCATCACTGCCGCTGCGGCAATATCTTTAATTTTTTTTATGTTTGGATTATTTTCAGGACAGATAAAGTCGGCTATATTTTCCAATGCGGTATTTAACAATTCACAGACAAATACAAAACCAATGGAAAAGAGTACAGCAATCCATTCGTGGGTACTTATGTGAAGCACAAATGACAGGGTAATGGCAATAATGGCCGCAGTACAATGCACCCTGAAATTATGTTCTTCCTGCCAGGCTGTTTTTAGCCCACTGAAGGCATAGTGAAAACTCTTTAATCTAGCACGAAATGAAAAGTTATTTTTGGCCATAGTTGTCCTACTATTTTCTGTAAAGATAGCGCTTTCTGCTTATCTAGGCATACTGGATTTTTTATTGTATTTAGTCCGAGTTATTCCTTTGCCATATCCATCTGATCCGCTTTCTTGTTCATCCATTTTACTTTATAGGGCTTTTATTACAAATGCAGCCTAATTTTGAGTAAATTGCTGTATGATCTATAATTTTGATAAAACGATTGTTCGTCGTGGTACCGAATCGGTCAAATGGAATCAACATGATTATGACGATTTGATTCCACTCTGGGTTGCGGATATGGACTTTCCAGCAGCACAACCTGTTGTGGATGCGCTTGCGCAGCGGGTTCAACATGCGGTATATGGGTATGCCACTATTCCAGCTGCTTTTTACAGCGCGGTTATGAGCTGGTCTTCGCAGCGGCATAAATTTGTACTTCAGCCGGAATGGATACTTCCTGTGATCGGTGTGGTACCGGCGCTTTCGGCTTTGGTTAGCGCATTTACTTCACCGGGTGATAAGGTTTTGGTTCAAGAGCCTGTATATCATTGTTTTTTTTCCTCAATAGAACGCAATCAAGCCGAGGTGGTTTCCAATGACTTGATTTACCGCAATGGCGAGTATGCTATTGATTTTGAAGATTTTGAATATAAAGCAAGTGATCCGAAAGTCAAGTTATTTATTTTATGTAGTCCACATAATCCCGCTGGCCGTGTTTGGACTAGAGCTGAGCTTGAACGTCTCGGTGAAATCTGTTTGCGGCATCAGGTCTTAATCATTTCGGATGAAATTCATTGCGATCTGGTATTTGACGGCCATACGCATATTCCTTTTGGGAGCATCAGTGCAGCCTTTTTGGCGAATTCGATTACCTGTGTAGCACCGAGTAAAACCTTTAATTTGGCAGGACTCCAGGTCGCTACGGTCTTCGTGGCCGATCCTGAACTCAGAAGGAACGTGCAGCAGGCTTTCTTAGCCAACGAGATAAGTAGCATAAGTCCCTTTGCTATTACAGGCCTGATCGCAGCGTATGAGTCGGGTGGGGAATGGTTGGATCAAGCTTTAAGCTACATTCATGCGAATTATGTTTATTTGAAAGGCTTTATGGCTGAATACCTGCCTGCTTTGCATGTCCTTCCTTTGGAGGGTACTTATCTGGTATGGGTAGATTGCGCCGCTTTGGGGATTTCAAGTCGAAAATTGGGGCAGCTCTTATTGGACGAGGCACATGTACAGGTCAATGTCGGTGCGATGTATGGCAAGGGGAGTGACGCCTTTATTCGCCTCAACATTGCTTGTTCAAGGGAAGTCTTGACAACAGGCTTGTTGCGTTTGAAGATTGTTTTCTCCTCTTTACTGCAAGGAGCAAAATAGTATACGGATAAATTCTAAGTGAGGAGTTGAATAGGTTCTGATATACGGCGAGTTTTCGGCTCATAGTATCGTGGATCATGGTATCTTCCCGCTTAGCGAAAAGAAAATAGCCTAATGAACAAAAAAAATCCGCTGTATCTCTCGATGCAGCGGATTTTTTGAGGTTTGTTTTAG
CP177226.1_gap57	2457608	2459540	1932	TGTACGTCCGGGATCCGAAAGTAGAGGGCCGGCAGGTTCCGTTCCATCCTGGGAATTTGTAAAAGCTTTTCCAATGAAAGATGGAAAGCTATATTCCGATCAAGCGGGTAAATACCATAAGACAGAAGATCAATTTTTACAATCCTATTGGGAAAACCGCGATCCGCGTTTTGACAAGTCTATTGTGTGGAATGCCAAAATCTATGAAGTTTCTGGCAAGACTGGCAAAAGACAATACACTTCTGTCGGTATTGCTCCGGCTTTAGATGACTTTGGCATTAACCCGAAGGCAAAAACTCCATCGTCCAATTTGGATCGATATAGTGGTTTTTTTATCTTAAAAAATTCCAAACTGTCATTAAAGCAAACCGAAGTGGAAACTCAGTATGATGTCGACTTTGTGTTGATGCGCTATGCTGAGGTCCTATTGAATTATGCTGAAACGGCAAATGAAACAGGAGATTTTGCGACAGCCTTAGACCTGGTTACACAGATTAGGAAAAGAGCGGGAATCGAGCCGGGCGCAGACAATAAATATGGCATAACAGCAACCACGAAGGAACAAATGCGTGAAGCTATTTTGGCAGAGCGTAATATTGAGTTCTGTTTTGAGGGACATCGTTTTTGGGATTTAAGAAGGTTACGTAAGCTCAATATACTGAACAATACAACCAAACATGGAGTTGAAGCGATAGCAATAAATTCAAATGGAACCGAGATGAATCTGGATGATGCCAATGCATTGGCCAAAACATACACATTGAAAGAAAATCAGTTCAAATATAGCGTCTTGCAGGTGCCAAGTACAGGAAATAAAGTGAATTTGGTGCCCGATACCTATTATTTCTTTCCCGTCGCGCAGTCGGTCATTGACAAGAACCCAAATATCAAGCAGAATAAAGATTGGGGCGGTACATTTAATCCAACCATGGAATAGTATTTTTGTCTAAACCCATTCAATAAAAAACACCCGCAACAGCTAAAGCCGTTGCGGGTGTTTTATTTAAATCTCATGTATGGTGAGTTTATTAATCGCCCGATTGAGCCTTATTTGGATGATAATTTAAAAACTCTTGAACTGAGTCTACCCTGGCCTTTGATTTTGATTTCTTTCGGATAGAGTTCCAAAAGTCCATAGGCATTGCTGGTAGCTGTTTCGATCATACCTTCTATGGTTACAAAAGGAATATTATTTGCCATTACATAATTGCCTTTATGATGATGACCGGAAAGTACCAGCTTAACTTCGGGGAATTGGTATAGTATATCAAGAACTGCCCGGTTATTGAGTGTTTCATAGCCGTTTTCTGGCAATAAAGGATGATGTGTCAATACAATCACATGCGCTTTGTTTTTCCGCGCTTGGGCAAGTTCGTTTTGCAACCATTTGAGTTGTTTACGGTCAACCCCGGCATTCCAGGGTTGCGTATTTTTCCTTCCGCTTGTCTGTAGGCTATCCACTAGGGTTTTCCATTCATGTTGGTCTGCTGAATTGGGCGTTGTGGCATATTCACTGAGCGCATTCGTATTTAAGAAAACAAATCGCCATTTTCCTTTTGTAAATGCGTAGTATTTAGCTGGCATCCCAAAAGTAGTGTGCAAAAGATCTGGTTTGGATACGTTGACATAGTCGTGGTTTCCAAGTAGACAATAAGTCGGTTTTTTTAAAGGGGAGAGATGTTTTATCAGTATAGGTAGATCTTTTGGACCTTCGTCGACAAGATCGCCAAGAATCAATGAAAAATCGACCTTATTGCGATTGAAGAAGTCTACAGCCGTATCGACCTTCATTAATGAATTGTGGTAGAAACGGCTACCGTGGTCTGCTTTGTCTGCGTATTGCATATCGGCCATGATACCGATACGGAGGACCGGTGTGTTGGATTGTGCCATGCTGAATAAGCTGGGTAAAGAGCAGATAACGAATATGGA
CP177226.1_gap58	2476289	2478467	2178	TACATGTATTGCCTCATTGGAATTGGATGCAAGGTGACCGGGTAGATATCGTCGTGTATTTTAATCAGGCTGACCGGGTGGAGCTTTATCTGAACGGTAAAAAGATAGGGGAGCAGTCCAAAGCCCCAGACCGGTACGACCTTGTATTTAAGGCCGTTGAATTTGAACCAGGGGAGATTGAAGTTATATCATTTCAAGGTGGCAAGAAACTGTTAAGTAAAACGATTCGTACAGCAGGGAGAGCGCATCGTATACAATTGTCTGCAGAAAACGTGACTTTCAATTCGGCAAACAAAGAACTTGCCTTTGTGCATGCCTATATCGTGGACGAGTTTGGTACGATTGTTCCTGATGCAGACGATAAAATCGAATTTGAGGTGGAGGGAGATGCTGCAAAAATTGTGGCGACAGACAATGGCAATACGACGGATCTGACAAGCTTCCAATCAGCTTCACGCAATGCTTTTCATGGTAAAGCCTTGGCGATTGTCACGAGTAAAAACAAAGGTAAAATACGGGTAAGGGCAAAAAGTGAAGGACTAATTTCGGGGGTTATTCAACTTGAAGCCAATTAGTTCTTGGCTCTGGTCTGCGCTGGATTTGCATGTTTTTTTACTAATACGAACAAGGTCTTACCATGGTAGGACCTTGCCTTTTTGTTGTATCGTGTGTTATCCGCAATCTGTTAAAAACTTCGTTTCTCCATTATTATCATTAATATCGATAAAAAGACTGTGGTAAGTACGATATATCCTGAAAAAGGAAATAATTTGATAAATCTTCGTGAAGATATTTATATTTGATCAGAAACCATTATTAGCACATGATACCTGTATCGCCGACAAAATAAGGAAATTTACAAGGTATTATTAAGTATTTTGTCCTTGGACCTAAAGTAAAAATAGCATGAAAGAAAAAGAATCATGAAAGAAAAAGAATTAAGCGAACTATCGGATCAAGAATTATTAAAAAAACGGAAAGATTTACTGATCTTCAAAAGATTCTATTTAATATGAACCGTATTGTGTCTGGAGTCTTCGCGATCATTTTAAAAACTGTCCACATGAAAATAAAAACACTAAATCTAATGCTAATATTGATGTTTTTGAATACGCTTTTATATGCTCAAAAAAATCAAATTTCATACGAATTCGAAGAAAGAATTAAAACAGAAATAGAAAATCCATCTTCACAGTATTTCTATCCTAATTTATTAAATAAAATAACAACTGAACCTGAAAAAATATCAAGTGAAGAAATTAAATTTTTGTACTACGGTCAAATATATAAAAAAGGAAGTGGGCTCGCTTTTTTAGACAATCCAAACGAGGATAATTTCAGAAAAGCGGTTATAAAAAATAACTGTTCTAAAATATTGAAATTGGGCTACTCAAATTTGGCGAAAAATCCTGTAGAACTCTCCACATTAATTCCTGTCTGTGGTTGTCAACAAAAAAAGGGGACAACAGATAACAATTATTTAGGTGCAAGATTAAAAATGGTTTTAGAAACAATTTTTGAGACTGGAGACGGAAAAACGAAAGAAACTGCTATAAAAATAGCAAATGTCGAAGACGATTTGTGGGTAAATGGAATTTTAGGATTTAAGGGAGATAAAGAATCGTTTGAAACTTCAAATGGTAGAATTTTTAGTGTCTGGGAAAATGGAAAGGAGAAAATTTACTTTGAAGACAGTTGGAACTATAAGTATAACTAATTCAAGAAAACTAGCGCTAACGTTGAATTGGCAAAAGGGCGCTGAATTACTTTGATTGAGTATATTTGATAATTGGCGGTAATTCAGACCGGTCATACAAAACGGTGAAACATTATGGACAATTTTAAAACCGACCCCCCGAATGAGAAATAAGATATTGACACTATTACTTTTACTAACAATCTTCACAGTCTACGGACAAAAGAAAATGGAACAGACATTCTTCACTTGGGACGATTTTGTTAAGGGATATAGCAAAGAAATAGTTTCTGCCGAAGACGTTTTTACTAATATGGTCAAGAGTGGTCTTAAAGACAACTGCATGACAAAAATGGATTTTACTTTTATCTCAGACAAAAAAGAGAACTTACAAAAACTTGGAGAATTTATCAAGGTACATTATCCCTATACCGTTCTAGAAGTTAAAAAATACGAAAAACTCTGGGAATTAAACGGTGAGA
CP177226.1_gap59	2480638	2485629	4991	GCTTTTTGTTAACTCATATTTATGTCATAAACAGGCGAATATGATGTTGAATCATCTTTTTCCAAAGTATGCTTTATCTTTGCAGTATTGTTTGAAGATGAGATATGAAAAAGTAAAAAAGCTAGGTTGCTCTGGTTAATTGTGCTAATTATTTGTCTTTTGCAACTGTTTTTTAAGTTCTTCTCCGGAACTTGGTCTTTTTGCATCATTAGTAATCAGTGTTCCTTGTTTATCAACTATTGCATAAATGGGTATACCTCTAAATTGTTTTTTGTTGTCGAATAAAAGTAGGTTTTCCAAATCCGTTGCAAATTGATTAGGTTTTCCGTCCGGAGCCTGGTATGTTACAAAATATCCTTTGATGTTCTCGGTTTTTAGAATTTCTATCGCTTTATCTGTCTGTCCAAAATTGTCGATACTAATATAAAGTTTGACTATATTTTCCTTAGCGAAAAACTTATCAAGTCCTTTAGAAATTTTAAGTTCCTGAATACATGGTTTGCACCATGAGGCCATGATATCTATATAAATAACCTTCCCTTTAAACTGCTTAATCAAATCACTAAACGATGAGGGATGCTCCAAAATGGTGAGTGTATCTTCAGGTTTCGTAAAGTCTGTCTGTCCATGTAGCTTTCCTAGTATTAACATGAAGAGGAATAAGGAAGTTAGATATTTTTTCATTGTAGTAGTGCCAATAATTTTATTTTTCATTTTTTCTAATTTAATTGATTTACCTAATTATTCTCTTTGCTGTATATATCCTTTCAACAGCGTATATTTAAAAAACTTTATTATCTAATATATTTTTGTTGTCCTCCTTTCATAATTTAACTGTACTTCTTTGGTTTTGTTGACGCAAAACCTATTTTTTAACCCGCTTCAAAAGAAGGAATCTTATACTTAATCACCAAAAAAACGGTTGAATGAATTCTTTCTCAATTCTTTTTTGTTTGTTTCTGAAAAGTTGTACTTTAAAATAAAGAATACAGTCTATCCATAATAAAAATATAATAATGGGGGGCCTTTAAGGAGGTTATGAATTTAGATTATAAAGAGTTAAAAATCTGTCTTGGAATAATTCTACTATTCATTGGGATAGGTCAGGGAATGTGGGTTTACAATATGTATGAAACATATGAATCTCAGTTGTCAATTGGTGTAAACAGGTCTGTTGAAGAAGCAGTTCTAAAAGAAGTTTCTGAAAGGCACGAGAGTCTTGGTGGCACCATTGTTTCTGTTCCGTTTGTTAATAATACAGATACTACCAGATATATTACCAAAACAGTAAGGGCAGAAGATACCACTTTTCAGGTGACCATCGATAGACAGGATCCAAATTCTGAAAAAAAATTATTTCAATTTTTGTTAAAGGACATTTTACCTTTAAGCACAGAACGTCTTGACCAATTGTTTAAAGATGAACTGAAATTGCGAAAATTACCTGTTTCAGATTCCTACGTCGAATTACTGGATCTAAAAACTAATAAGATTTTGGGTAAATCCATGCCAAAGAGAGTTGGCAATAAGGAGTTTGTGTCCTCAGATTTGCTTTCGATAGATATCATGAATTCAATGGGAGTGAGAGGATATGTTTTTAGCAATGTCTTAGCAATTCTGAACATGATGGCCTTTCAATTGTTTCTTTCCCTGGGATTGATTGCTGTGTGTTGTTTTTTCCTCTTTGCTATCGTGAAAAGTCTTTTTTGGAAGGAAAGAATGGAAGAAATGAGACAGGATACAATAAGTGCAATGACCCATGAATTTAAGCGGCCAATTTCAAGTGCAGTAGCTCATGCCTCATTAATACCTCATTTTATCAGAAAGCTGGAGAATCATAAAGTATTAGAGTATTCTGATAATATACTCATAGAATTGAATAAGCTGAACTTATACATCGACAGGGTTCAAAAATTATCCAATAATAGCAGGGAAAGAATTGATCTTACTAAAGAAAGTATTGAAATAGAGGAGTTTTTCCGGCAATTGATACAACATAATTATAGTACCAAAGAAAAACAAGTCACCATTGAGCTCGAAATAAGGAACTGTCACCCGTACCTGTATGTTGATTTTTTGCATTTTTCCAATGTAATTGATAATATCATAGAAAATTCAATTAAGTATTCGAAAGATCACGTTAACATATCTATTGTGGTCTATGGAAATCAAAAGGGTATAAATATCAGTATATCCGATAACGGATTTGGAATTTCTGATAAGGATATTCCGAATATTTTCAATAAGTATTATAGAAGTAAAAATAGTATTGTTCAGAAAAAAGTTGGATTTGGCCTTGGGCTGACTTATGTCAAAACCTTGGTTGAGGCTCATCAGGGAATGGTTATTGTCAATAGTGTTTTAGGTAAAGGAACAGAATTTTGTATTATTTTTCCAATTAAAGATGAAAGTAAAGAAGATACTGATTATTGAAGATGATAGTAATTTAGCAATTCCTCTTAAAGATTTTTTTGAGAATCATGGATTGTCGGTGGAGGTAGCTTGCTCAGGAGAAGATGGACTGTTGCTTTTTGCAAAAGAGAATCCGGATATTGTATTGTTGGATGTGATATTGCCAAATATGGATGGATTTTCAGTAATTTCGGAGATTAGAGTTAAGAATTCCCATGTTCCTATCATTATGATTACTGGTACCGAATTTAGCGAAGAAAATCAAACCACGTTTTATACCTCAATAGAATGGAAATATTAGAACAAATATTAAAAGATAAAAATAATCGCAGTAGCCTAATCAAACAGTTCCAGGAACTAATATGGAACGATGAAAATGCAAATGAAATACTTTCAGAACTGGCTTACGATTTAGATTTTTATGAACCTAATGAAGAATGGCGAAAAAAAGAACCTAGTTATTATGGTGATGATAGATTGGAAGAAGAAATAAAATCAGCAATACAAAAATTACAAGAGCAAAGCCCGCAATAGCGGGCTTTTTCATTTATTAAAGGCTTTCTTAGTCTTATTGTTCTGGATAACGTTATCAATGAGGAAAAACAGGTATTGCTTAGTGACTTCGTCCAGTTTTTCAATATCCTCGATACGTTTTAATAAATCCTTGTCCAGGGTAGCTAGTTCACCCTTTCCGATAATGTAATCTACGCTTACATTAAACACCTTCGCCAGTTTTAATATATGCCTATGACGCGACAGGTGGAAAGCTGAGTAAATATTTTACGGTTGGTACTACTACAACCAATACTTATTATGCCGGAGGGGCTGAATATTCTTCAATAGGAACGGGAGCAAAAAGTCTGAAGCTGTTCCAATTTTCCGATGGAGAAGTGAGACCCAATGGAGCCGCATTTGATTATCTATATCATGTTAAAAATCAAACGGAGAGTCCATTGATGACGCTTGCTGTGAATGCTGCAACAAATGCTCATACGATGTCCCAGATCAATAACTATTATGCATTCGGTAATGCAGCTCCTTATGTTGAAGGTAATTTGGTTTCGGGAACAAAATATAATTATCTTTATGGAGAGAAGGAGATACAGGATGAAACGGGGTTGTATGATCATCACGCACGGATGTATGACCCTGCGATAGGCAAATGGAATATACCGGGCCCCTTAAGTGAATATTTTTCGAACAAGAGTCCTTATAATTATTCGAGTAATAATCCAATTAATTTTAGCGAACCAACCGGTTTGGAGTATTCTGATAATATACTCATTGAATTGAATAAGCTGAACTTATACATCGACAGGGTTCAAAAATTATCCAATAATAGCAGGGAAAGAATTGATCTTACTAAAGAAAGTATTGAAATAGAGGAGTTTTTCCGGCAATTGATACAACATAATTATAGTACCAAAGAAAAACAAGTCACCATTGAGCTCAAAATAAGGAACTGTTACCCGTACCTGTATGTTGATTTTTTGCATTTTTCCAATGTAATTGATAATATCATAGAAAATTCAATTAAGTATTCGAAAGATCACGTTAACATATCTATTGTGGTCTATGAAAATCAAAAGGGTATAAATATCAGTATATCCGATAACGGATTTGGAATTTCTGATAAGGATATTCCGAATATTTTCAATAAGTATTATAGAAGTAAAAATAGTATTGTTCAGAAAAAAGTTGGATTTGGCCTTGGGCTGACTTATGTCAAAACCTTGGTTGAGGCTCATCAGGGAATGGTTATTGTCAATAGTGTTTTAGGTAAAGGAACAGAATTTTGTATTATTTTTCCAATTAAAGATGAAAGTAAAGAAGGTACTGATTATTGAAGATGATAGTAATTTAGCAATTCCTCTTAAAGATTTTTTTGAGAATCATGGATTGTCGGTGGAGGTAGCTTGCTCAGGAGAAGATGGACTGTTGCTTTTTGCAAAAGAGAATCCGGATATTGTATTGTTGGATGTGATATTACCAAATATGGATGGATTTTCAGTAATTTCGGAGATTAGAGTTAAGAATTCCCATGTTCCTATCATTATGATGACTGGTACTGAATTTAGCGAAGAAAATCAAATCCGAGGGTATCAATTAGGTACGATAAATTATATGAAGAAACCTGTTATCCCTTATGCAATATTATCGTTAATCCAAAATCTATTGCTAATCCCTAGCGATGTCAGAAAATTTAATATTGGTACTAATTCAATCACTATTCAGGGGCAACTTGTAACCATAGGTGATTTAAGTTACGATGTTAGAGAGAAAGATTCGAAAGTGCTTTTGTTTCTATTGGAGCGAATTGGCCAGATAGTCAACCGTTCGATTATTTTGAATCATATTTGGTATGATGATCATCCTGATAAGAACAATCTGTTAGATAGCTCAATATTACGATTGAGAAAATTAGTCAAGGAAATTCCTGGAATGAAAATAAAGTCAATATATGGTTTTGGATATATGATAACTACAGAAAATGTAACATAAATGAGGCGAGTAAGATAAAACAGAAATTTAAAAAAAGCCAACTTACGCGTTAATTACTACAAAATTAAATCCTGTAA
CP177226.1_gap60	2486942	2487448	506	TTTATGGCGTTCTGGCCCGAAACACGTATGACAGCAATAGCGCCATTTGTTCCGGAAGATGTCGCTAATGCAACAATGGTATCTTCAGTGATATATCCTGTATTTGACATGGTACAAAGATACGTTAAATTGAAGTAATGGATTCTATATATTGCGGCACAAATTAAATTCGTCGCGATCGATTAAACCTTTGTTCAAACATTGAAGTCATACCCATAGAAACGCTTGTAAAAAAGAATGGAACACAGGCGGAGTGGAATTGATTTTTAAATTTAAATTATACTGTTATGAGAAAGATGATATACTTCGCGTTGGCAATTGGAGGACTGGTTTTAATCGCTCCTCAACAATCTTCGGCTCAGCATCGTGGACATGAACGTGAATGGAAACAGGACAAAGAGCGTAGAAAATATGAAGAGAAAAGGGATAAGGAATATCGAAAATATTTAGAAAAACGCGAAAAAGAAGACCGTAAGTATCATAAAGAAGTAGCTAAGTCATACCGA
CP177226.1_gap61	2493107	2497021	3914	TTTCTTTACAGCTATTTTTATCGCAATTTCGTTGCGGAAAATAGTAAACCTAAACTTAAATCATCATAATAACCATTTATATCATGAATAGAATCTTCATTTTTCTGTTTCTCCTGTTGGGGATGTCAGCTGCTGTTCAGGCACAAAGGCAAGTATTGATCTTTAGCAAGACAAAAGGGTTTAGACACGGAAGCATCGAAAAGGGTGCAGCGATACTAAAACAGTTGCTAGATAACGAAAAGATAAAATCTGATCATTCGGAGGATGCTGCTCTGTTTACAGATCAGGGATTGAAAAAATATGACGCTGTTATCTTTCTGAGCACAACTGGCGATATTCTCGATAATGCGCAACAGGAAGCTTTTGTGCGGTATATCCAATCAGGAAAAGGGTTTGTGGGTATCCATGCAGCGACGGATACTGAATTTGATTGGCCATGGTATAACGGCCTTGTAGGGGCGTATTTTGCGTCTCATCCTGCCGTACAAAAAGCCAAAATTGATGTGCTGGACAGAAAACATCCGGCCACCAAGCACCTTGATCCGATCTGGTGGCACAAAGATGAATGGTATAATTTCAAGGACGTGAAGGACGGATTGCATGTGTTGATGAATTTGGATGAAAAAAGCTACCAAGGTGGAAAAATGGGGGATCAACATCCAATCTCCTGGACCCAGAGCTACGATGGAGGGAAAGTCTTCTATACCGGGCTTGGACATACCGATGAGTCCTATGACGAACCTGAGTTCCAAAAACATTTAATTGGAGGAATTTTATCTGTTCTTCCCAAGAAAAAGTAACTTATTTTATAGTTGGCGTTTTCTGAATTATGGCAGGGTACATGCTTCTATGTGGCAATAGCACAATGAAAAGTCCCAAATGGTCATTCCATTTGGGACTTTTTTATAATTGATGGCGAAATGGGAAGAGAACCGATTTTGCCATTTGATCGGGTTTAATAGTTCAGTTTATATTTTGCGCCGATACTAAACCAACGACCGGGCATTGGAACGGCGGCAGCTTCTATATAGCTCTTGTCAAATATATTCTGAACATCCACAAAGATGTTTAAGTCTTGAAGTTGGTACGATCCTCTTACGTCAGCGATGAAATAAGATTTGTAACTGATACGCTCATTAAAGCGGTTTGCAGAAGTTAACATCCAGTTCTTGTGGTTTATGGTAAAGTTGGCAATAACTTGATGCCTTAAGCTTTCAATAGCATATTTGGATAGTATCCCGTCTGCTAATGTTAGGCTTGGGTTGAGATAATTATAACTTAGCATTGTAAAGTATCGTGTCGTGGCACTGGGATCATTGATATTATATCGGAATGAAGCATTGAATCCATCAATTTTATTTTTTCCAATATTTATTGGTTTCCACGGAATGACCGTTCCACTTCCTGTAGTGGCATCCTCTTTTTGCCAGTCTATGAAATCGCTTATCCTTCGATGGAAATAACCCGCTTGAGCAATAATCCGATTGGATAAGTATTTTATACCACCTTCGATCTGATAGGCATTTTCAGAGCTCAGTGTGGGGTTTCCGACGTTGGCTGTCTGATTGGTGTAAAGATCCGTAAAGGAAGGGATCCGCTGGCTAGAACCTGCGTTGACTACAATCTTCCAATGTTCGGTAATATCATAGCCCAAATCTAGACCCGGGAATACCTGCCAGCCAAATTTTGAGTTATAATTGATGTAGGCACCTGAGTTGATCATCAGTTTTTCGATCGCCTCTGTTTTGAATTCAAGGTAGCCACCGTAATTCTCCCGGGTATGGTCGCCAATACTGGTGCTATTGATGCGTTCAAATCGACTTTCCAGTCCTAAGCCAAATGTACCATAACTTTGCTCCAATGTGGCATTAATTTCTGCTCCGAAGACGTTGCTGTAATGTTTGGATCTACCTTTGGTTGTTTCTCGGCCTAAATACCAATATTCATCTTCATTGTAGCGATTACTGAGGCGTGGACTGATGGAAAATGCCTGTGTTAATTGATGCTTGGACTGCAGGGAAGCGAAAGCCGTTTTAACCTGTTCATAAGCTTCCTTGTCACTCGGTGCAGCGTAGTAACCATTGGCTCCAAATTGATTGTTGATATAGCCAACATTGGCTTTTATCATATTAGCTGTATTCGGTTGATATGTCCCGTCGTAATAAAGTTTATTATTGTTGGAGGCTGTATTGTAACGTTGCCCATTGGAGTCTTCGTGGCCAAAATATAAACCGTGGCTTGTTTGCTTGGTTAAAAACTGTGAGCCAAGCTGAACACCTTTACCATAATACTTGCCTGTACTTGTCTGCTCATTATCTTTGAATGAAGAACCACTGTACAACTGGGCACTAATTTGATTTGATTCAATTTTCTTTGTTACGATGTTGATGGCACCCGTTAGTGCATTAATACCGAAAATTCGTGAAGCTGGCCCCCGAATGATTTCGATACGCTCGATGGCCTCCAGCGGAACCGGAAGGTTCATGTTGTGATGGGCACTCTGTGGATCGGTGATTTTAACCCCGTTGAGTAGTATCGCCGTCTGTTCAAAAGACCCACCGTCGATGCTTATATCTGCCTGCGAACCAAATGGTCCACGTTGACGAATATCAACTCCCGGGATATTGCTCAGCAATTCGTTGATTGATCGATTTGGGAGCCTCTGTATATCTTCCTGCGTCAATATTTGGATATTCTTGCTTTGTTTTGAAAAAGGGATCTGTAAGCGGTTTTGATTAATGATGACTTCGCCTAAAGTGGTTGTATCTTTAATCTGAGCAGTCGCAGCTCCAATACTCAGTACTAATGCAAGGTTTGTTAACGTAATATTCTTATTCAACATGCTTTCCTAGATTTTACGCTGCAAAAGTAGCTTAGCTGACTAAAAAATAAATAGTCCGGAGTGAATAATACTGGTAGTCCGGATGATGTTTTGTTACTTCTTACATCCACTCTTCTCGGCCGATACGCTTTTTTCCCGTTATATCGATGTGCTCTTGCTTGTCTGTGCCTTTTATTTTTTCGATGTTGGTCAAGTCGGGTTGGCCGGATTCGAGCCAGGCTGAATACCAATAGGAAGCAACGCGTAAGATGGTTTTTTGCATTCTCCTTTCAACCATACCGTTCATGGCTTCATGATAAGCTCTAGCATAACTGTCGGAATAGGTCCACACCAGTTGATTGTTTCGCTCAATAAAAGATTTTTTTTGTGATGCTTTAAATTGACGATTGAGCCGGGCTTCAATGCTCAATACAGAATCCACAAGGCGATTGCTTTCATGGACGATAGTCCAGGCCTCCGCTAAGGGATCTTTGATATAGTTGGCTTTTCCAACCCGGAGGTTGTATTTTTCTGAAAACATTTCCGGTAAACGGCTTTCCCAGAATGCGTGTATACCTTGTTGATGCGTAAGCTGTCCATTATAATTTTTAGTCGTGTGTAATGGAACATGGGCATCAGCAATATAATGCCCGAGTTCTGCTGAGTGTTTGATAATCCGTTTATAATCTTTTGCTTGAAAAGCTCTAACAAGCTTTTGATAGGTAAAGTTGATTTGCCAGGGCACAATGCCATTTTTTAACAATTGCTTTTCTTGAAATTTCTCTTTGGCCTGTGACCAATGTATCGGTATGGAGTCAACTGTACTTTCCTTGCGGTAGTCCTCTAAATCTATAAAGTGTCTTGGGCCTTCAGCGCTGTCTGTGAAGCAGCGTTTATCTGGATCAACAGCTTTTTCGGTAATAAGGTCAATATTGGATTTGTAGAACTTAGCCAACTGAGCGGGGAGCGCAAAGACGGCATAATGATTAATTTTTTTATGAGCAAAAAATCCCCACGATGTTAAAATTAGCATGGCGACTATGCAAAGCATCCGATAAAATAGAGACTTCATGGGGTATTAAACTGGCTATTA
CP177226.1_gap62	2650333	2651800	1467	CAGACCTGTGTTGAGAGTAATTTCTTTAAAAGATTTTAAATCAGAATTTTTAAACCTAAGTTGCCTTGATAATAACTCAGCGTCAACATCGGTTTTTTCATTAATCGATAAAATCTTCCCGTAGAGCCTGAACTCATGATCTTTATTCATCGAATCATTTTTAAAGCTTGCACCAATGAAAACAAATTTCAAATCTGGATTTTTGGCATAATAGGAGATATATTGAGCGATATAAGCTCCCTGAGACGTTCCAACAATTGAAATATGGTCATAAGAAACTCCATCGCTGTGTAAGCTGTCAATTTTAAGAATCATTTTCTTTGCATATATCTCGGGATTAGTGCCGGGCTTTCTTTTTTCAGATAGTATGACAGAATTTTTAGATTGAAGTTTTTCTAAAATAGCTGTATATGCCGCTGGTCCGTATTTAGGATGGGATTCATTTAGCGAATGTCCTTCCAAAAATTTATTATGCAAAAAAAATACATACTTTTTTTGAGTACTATTTTGAGCATTAGTAGCAAACGGAAGAAATGACAGATAAAGAATTATTAATCTAAGAAACATATATAAATTTGAATAACCAGCGTATTTTAAGTTAGGAACAATATAAAATTTTATTGTTCCTTATCCATAAAATGCCTTTTTGAGGCTCTTAATGCATACACCATAGGAATTTTATCTCCCAGATGAGTCTCTGTTTATTTTCAAATAATTGTCTTCTGCATTCATATTATTTATTTACTGTGGTGAATTGATTTTTTGCCAATCCTCGTAGCTGAGTACACCAAGTTCTGGCTGGCTTTTACCGTTCAGCATATGGATAAACTCCAGTTGATTTCCGTCAGGATCGTCAAAATAAAGAGCAAGTGCGGGCATCCAGGCAAAAACCATTGGTGCATTGCTGCCATTTTTTAGAAAATTATAGGCTTTTAATCCGTTTTTATCTAAAAAAGTATTTGCGTTATTTAAAATAAAATCTTTGGAACAGCTGAATGCAAAATGTCTTTTATGGAGATCTCCTTGTTGTTCCCAAAGTCCGAGCATGGCCTTTTTATTTTCTCCAATCCAAAGAAATGCAATCGGTCTGGTTTCATCATAGTGTGCAAACTCAAGTCCCAATATTTGAGTATAAAACTGAACTGCGTTTTCCAAATTGCTTACTTGAATGTGTGTCTCGTATAATCCTTCAATCATTTTTATATATTTTATTATTAATAATTATAGTATTTTGATCATTAAGGTCATTTGTCATCTAAGCATATGAATTATCGGATAATCTTTACCTGATCCATCTTTTTCGGATCGTCCTGATTTTCTGAACCCTAATTTTTCATAAAATCCGATAGCCTGATAATTTTGCTCATTGACGTCAACCTTTGTAATGCCTTTTGTCTCATCCATAAATTGAAATAGGCTCTTTCCATAACCTTTGCCGCGGTAGTCATTGTGAATAAAAAGCATTTC
CP177226.1_gap63	2666148	2667723	1575	GAGAAGTTTAATGTTGGTAACAATGGGTTGAGTAGTGCAGAAATCTATGAATTAATAATCTCTGGCATCAATGACTATAAAAGCAATTCGAAAGATTATTCGATAGATTTGCATCTCAGCGTTTTTGATAAGTATGTTGGTTCCAGAAATTTCGGAAAGACTGATATGAACACGAGAATTACATCGACTCACAGATGTTTTATATTAAACAATAATGTAAAATGCTACACATCGCATTTGGCACATGAATATATGCATCAAATTGGATTTTATGACAAAAGGAAATGGTTGGTTGGAACAAAAACTCAAAGCGTTCCTTATAAAATTGGAAATATTATAAACAAGCTAACAGGCAATTTGGAAAACTGCAGTGCCGTTAAAAAAAACTGTAGTTTTAATAGATCGGATAACAATAAATTTGAGTGACGTGACGATAAGGAAATCAAATAGTATTTGCTGCGTTGTTAAGGTGAATATTGATTAAAGTTATCACCACTCCAATTAATTTTGACATTGTTTCATAAAATATTGGGATTTTTAATGAACGAAGATAATATCAAAAATACTACCGATCTTTATATTAGATCGAAGCCCAAAGCCGGTTAACATTTAGCCAAAGCGGACATCTAGCTAACATTGCCTCCCTTGACGGTTAACAAGGGGGGCTTTTTATTTGAAAAAATAGAAGTATGACCAAATTCAAAGGACACATCGAAATTTTTAGAGAAACCTCCGGCACCCGATTTGAAGCCTGGCGCGTACTCATTGATCCACAGGAAAAGCTATATCCGGTATTTTTTAAATGGGATGAGGGTAAGTTTGAGAATAGAGAATTTGCTATTCAATCGATGAAACGGCGGTATCCAAACCTAGAGATTCGATTACATCGCTCTTAATTTGGCGCTATTTTAAAAAGATTGCCTATTTTGTGTTTATGAATGCAGAATTAGTTCCTTACCTCAGAGCCTTTACCCATGTTAAGAGAGCCAACACCAGATATGGATTGGCACCACATAAACCGATCCTGCTCTTAACTTTGGTTGAACTGATCGAAAAAGGGGCTCGTGATCAACAATCGCTTTGAAGTTAATGTTGATCTTGTTGGACTATTTCAGGAGAACTGGCGATTGCTGGTGCGCACAGTACATCAACCAGACTTTACCCAACCCTTCTATTATCTACAGTCCGATAAGGCAGCAAATGGAAATTTCTGGCGTCTATACCCAAATCCCGGTTTTCAGATTAATGCACATATCAAAAGTGTCAAGATACTCTCAGAAGTGGTGGCATATGGCTCGTTCGACGATAAGCTTGCCGTGTTGCTTAGTGGTCCGTTGAACCGCACGACAGTTCGAGATCAATTACTTTCAACTTATTTTCCAGCTGAGCGGCATGCATATTACCGTCAAAAAGAACTGAATGACGGCTTTTACCATGAAGTACAATCTTTGGTGCTGAACGAGCCCGAGGCACAGTACAAACATATTTCTATTCAGACAGAGGAAGATGTGTTTGTCAGATCGGGGTTGTTTAAACGCTATATCCCGCAACTCTATCAGGATACCTGCGCCATGA
CP177226.1_gap64	2668805	2670671	1866	CCGATTATACCTTTTTGAGGAGGGATAATATCTTGTGACTTTAGCTCATTTAATACACCCAAAGCTACATAATCATCACCGCCGATTATTGCATCGGGTTTTATGGGCATCGATATTAATTGCTTTGTTGCAGTTATTCCTCCCTCTGGCGAAAGCTCTCCAAATATTTGATATTCTTCCTGAATATTGATTCCCGCTTCTTTCATAGCATCTACATAGCCGCGGAATCGTTCGTTAAAGATGTGGACTTTATGATGAGTAGAAATACTTGCTATATTTTTATAACCTTGATCTAGGAGATGTTTAGTAACTATATATCCAGCTTTATAGTCATCAATTGATACAGACGAACAATCGATGGAAGGCTGGATTCTGTCAAAAAGGATTAGAGGCTTATTTTCTTCGATAAGTTTTTCAAAATGTTCAAAGGAATTCGTTTCCAATGACATCGATATGATGAATCCGTCCACTTGTGCTTCCAACATTGAGGTGATTCCTGTGATTTCAGATTCTAAAGATTCGTTGCTTTGATATAGTAAAATGCTGTACCCTTTTATCTTTAGCGTTTGTTCAATACTAGCAATCACCTTTGAGAAGAATTCTATCTTTGCGTCTGGGATAATAACACCTATGATGTTAGTTCGGCCATTGGAAAGAGAAGATGCCAACTTATTAGGACGATAGTTCATCTTTTTGGCTGTCTCTAGCACTAATCTCCTGGTCTGATCACTTATCGTAGGTACATTGTTAAGTGCACGTGATACCGTGGATTTGGTTAGGTTCAATGCCTTAGCAATATCGCTTATGTTAACTCTAGTTTTCAGAAGTATAGGGATTTTAAATAAATTTAGCTAAATCTAATCTGTAAGTTGATCTTAAAAAACAAATTATTGTTATCTTCGTATAACCAGCCGAAATAAAACTTCTTTTTAGTTACTTTGCTTGCTGTTCCGGGATTAAATTCATCTTCACCTGTTGATGGCTGTTCGAAAAAAGTATTGTTCAACAGGTAGTTTCTAAAAAGATTAAAATCGTAAATATGGAAACAAACAACATCACCATCTTCTTTTGCAACTATTACTCCTCCAAAAGAATCATATTCGCCATGCCAGGGTTTTTCTGAAGTCATTCCCATGGCACACTCGACCAGGAATTTTTTTATTTTATATTCATAAAGCTTCTGCGAGCTAGGCTCTCCACTATAAAAATCCAAGGGATCTATATCCTCAAGATATTGTGTAACTTTCTTTAAGGAATTAGTCCTATTGATCCAGCGAAAATATAGAGCATAGCCCAAAATCTCAGGTAGGTCTCCGTCAACCATTTTAAGGTTTCTCCAAAGCTGCTTAGATTGTATATCTTGAAACTTAACTAAAAAACCATTTTCTTCCAGCCTCCGAAGCCTATACCATATTTTGGATTGTTTTTTTTGTGGAGCATAGGTTTGCTTATTAAACTCTATTACATCTAAATCTTTTTGGCCAGTAACAGCGTAAATAAAATTGTTACCTGAACCAGGATTAAACAACGTCGACTTTCCTCCCAAAAGTGATTTAACACTAAATCCTAAATCTGTCTCTTTAGCTAGTCTGTGATCGTATATTCTTAAAGCGATATCTGCTTTTGAAGAAGATGCCGCCTTAATTTTGGAGATATTACATTCATCTAAAAAAGACTGTAAATTAGGTATACTAAAAGAATTGCCTTTTCCATTTTTTATACCAAGAAAAAGAAGATTCGATTGCTTTTCAAAATCTTGTTCTGTATAAAACTTAACAATATTAGACTTTTGCTGTTTAACTTCAATTCCGTTATTTCTAACAAATTCCAAGGAATTATTTAACTCATTTTTGTAGGCTTTTATAA
CP177226.1_gap65	2797925	2801888	3963	AAGATGAGTTGCGGCGTTCGGCCAAATCTAGCAATACTTCTGCGGTTACAAAAGGAGCGATATTATCTTCTACGGCGCGGAAATAAGCATAAAAGCCTTTCAATACTTCGGCGTAATCTGCTTCTGAACGAATATTTTTCAATTGGCGCACGATCGTTCCTTCTACGTTTTGGTGAGCTGCGTGCGTTTGCTCTTTGATATGTTGACTTAACATGTTTCTATTTTTATTTATAACGATTCTATACAAAGATTCGTATTTATTTCCACAAATTTATGCTGTTTTCTGCTTTATCATCTATGAAAAATGGTTTTAATTTAAACATAAGTATGATAAAATCCAGCTGCAATAAGTTTTTTACTTTAACCTAAAGTTTGTTTTAAGTAGCAAATTTTCGTCTGCTGGCATCGAAAAATTAGTAGCCGACGAAATTGCTGTGCGGTTTTCGTCTTTTACAATGTCCTTTAGCGCTGCTGCAAGCCAGGCTTCCTTTGGATCCCCGGGATGGCGGGAGGTTTCTACCGGAGCTAAGGCCAGGTCGACGGGTATGCCATCAAAATAATCACACCAGCCATTGGCATTCCGGATGAGAAATGAAGCTAGGTATACATCGAAATCTCCTATGTGGACTGAAAAAAAACCTACGGGTTTGCCAAATGTCTGCTGACCGATGAGGCGTATGGGAATATAAGGTTTGAAACTGCTGATCAGGAGTTCACTTGCCGAAGCCGTGCGTTCTGATACAATGCATGACAGCTGCTGTAATGAATTGAATTGTCCCTTTTTGATAAAGTAATGTGTATTGGCTTTTTCACTATAATCCACATCGGCGAGGGTGGCAGGGCGGCCTTTGTATTGGACCACTTTGCCATTGGCATCCAGATAGGGTTGTTTAAGGAGTAGGTTTGCTTTGCCTTGCTGTACATTCGGATGGAATTGCTCGCTGAACATAACTTTTTTATCCAGTTTGGCTGGACTAATGAGGTTGGCTAAATATTCTGCGGTCTCCACATAACCACCGCCGTTATGACGTAGATCGAGGATGAGATGTGTAACTTGCTTTTGCGCCAGTTCGGCTGCAAGCTGATCAAGTTCGGCCTTCACTGTCTGGAGCTGGGGAAAGGAGGGAATGTAAACATAAGCAATCCGTTTGTTTCCCGCAGACCAGTAGGACAGGTGTGTAGCATACCTGTAGGTTGTTTCTATACTGGCCATGTGACCACTACTTTTCTTGTCGTTACGACGACGCTCCAAATATGAATATTTGGGTTTATTGGGAATGGTCGACAATTCGTAAGGTCTATCTTTCTTGTGTAAAGCGTATTGGCTGAGGGCAAAAAGTGCCCGCTCATAAGCCGTTTGTTCGGGGTCTATCTGTGCATATTTCGTCCGCGGATCAAATGTGGTATATGAAGGGAGAGATTCCTGCCAGCGGTATAGCTGTTTGGCATACAGGTAGATTGAGTCGAGCGTCAATTCCTTTTTTGTTCCTGTTTTTGGACTAATAAGTTCATCGGGCAGAGTTGTTGTTTTACTGCCGTTCTGACAAGCTGTTATAGCAGTTATTGTAACTAATAGACCAACTATTTGGCGGATTCGACTCATTATTTGATGCGCATTTTGTTCCTCATCCCTGTAGTTGATTCGCTACAAAATGGATAATTATCTGAAATTTAATACTTTTTTACTTTTTTATTTAATATCAAAGCCTAATTTTGTGCCAATTTATTTAATTTTTGATGCCTCCGCTACTGTGGAGTATTCAAAATGTCCCAAAGGTATCCCCTTTGGGATTTTTTATTTTAGGGCAATACAGGTCGCTCTGTTTTGCTTGGCACACTGGATAAACTTTCCAAAAAAGCCAAGATATTTTCCTGTTCTTTACTGCTCAATCGGACATTTTGGATATGCGGCGATAAGGTGCCATTGATCTGTTGTCCCGCCTTTTGGGGCATGCCCTGACTCAGCAGGTTGATCAGTTCAGCTAAGCTCGAAATACTACCATTGTGCAGGTAGGGTGCAGTATGGATCACATTGCGCAGACCCGGCGTGCGAAATTTACCTTTGTCTGTTTCCAGTCCTGTTGCCTCAAAGCGACCATTGTCCAAGGCACCTTTGCTGGTAACAGCATAACCCAGGTTATGAAAATCAAGATCGGTAAAGAAGGCACCATTATGGCAGTTGATGCATTTCCCTTTTGTGCGAAACAGATGGAGGCCTTCGAGCTGTGCATCGTTTAATGCCAGGTAATTTCCTTTGATAAAACGGTCAAAGGCGGTTTCACCACTGCTAATTGATCTTGAATACGCTGCTATGGCATCCAGCAATCCTTCGACGCTCATCGTCTGGCTCGAGTAAGCCGCCTCATATAAACTGAGGTAGCCTGGTATAGCTTGCAGCTTAGCGGGTAAAGCAGCTGTATTGCCGCCCATTTCGATGGGGGAGTTGATGGCTTCGGCAATCTGCTCTCGATAAGTCATTGCGCGGCCATCGTGGAAGAGTTTGCCTTCCAGGTACCAGACATTTTCCATAGAAGGTGTATTGCGGTGATGCAGTGCGATACCATCTGCCGTTGTTTTTTGGTCGATCCAGTAGGTGTCCGGATTATGACATGAAGCGCAAGTCTTCATACCATTACCGGTGCGGGGGTCGAAAAATAAGGCTTTGCCAAGTGCTATTAGCTCGGCCTTATCTTTCGATGGGTTTTCGGGTAAAGCGGCCAGTTCACGTACCTTGATAGTGTTGTACCAAGTGGCAGCTGGCCATTGCGTTAACGATTTACTATATTGTTGACGTAAGGTTTCTTCTGGGAAAGTAGGAGCTGTAGGCTCTTCTGGGACAGAAGCGCTCTTGTTGCAACTGCATACTGCCAGTGCCGCGAAACATGCTGTTATTAAAGGTTTTGTACGATAGCGAAAATATGCGGCCAAAAATATCTTAGGCAAGGTATTAATTAATTTAAAGAGATGTTAAAATCACCTTCTGATAATAAGTTCCCGTTTTTATCCATCATCTTCAAGGATTTAATTGCGTTTCCCTGTACAGATACGGGAATGGATAGCTTTATCGTCATCGTTGCAACATCAAAGACTACATTGTTGATAGTATATTCGTTATTGAGGTTATCAATCGCTATAAAATGGTCAAAATCTGCCTTGAAATAAAGTTCATAAGTCTCTTTACTGTTTATGTTCAGCACCAGGTCGCCGCCCTTTTTGCCAGTATAATCCTGCCATTTTATGACATTGTATAATGTTGGTAAGAATACCTCAAAAGCATCGGTGAGTTTCGTGTAACGTCCGGAGATCAGTTTGATGTGGTATTTGCCTGGTTTGAGATCTTCAGGAGTATTAAATTGTGCAATGAAAGATGTTGGAGGTTGAGAAAAAGAAAGTAAGGTCTCTTTTCCATCCTTATCGACCAGATAGCCCTTGGTTTGCGCCTCGTCTGGCAAAATATTTTCTCCTCGTACTACCAAATCCTCATTTTTTGGGTAACTAAGGTAATATTTGCCTTCAAGCAGATTCATTTCTGCCTGTACCAGCGGCTGGTTGTACTGGAATACCAATGTATAATTTTTGCTGGAACCATCTTGTGCCCGCACAATATAGGTAATTGGTTTGTCGAATTGTAACTGTATTGCTGTCCCAGATGCAGGAGTAATTGTCGCTAATTCCGAAATTTTAATAGTGGGCGTAATGCTTTCGGGCTGCTCCACCAAGGGTGGCCAATATAAGATAATCTGGTCATTCACAATACTGGCTGACAAGGTTTTGCCATCAGCATCCTGAATGCTAAAGGATTCGATGTCGTTGTAGGGTAGGCTGGGGTATTCGGTTTTACAGGACCAGCATGTTAATGCTAGCATAAAAATAGCTAGAAATTGAATGATATGTATTTGTTTTTTCAAAAATGAGTGTTGCATAATTTTTTTTGGTTAAAAAATCGTTATGCGGATGATGATT
CP177226.1_gap66	2850555	2855118	4563	ATACATAACCGATAAATGAAGTTCAAATCTAAAAAAAAATGTATGGTTCTACATATGGACATGAAAAGATTTTATTATTCTGCAGTAGTATTTACTGGGTTATTTCTAGGAACTAATGATTTGGTTCAAGCCCAACAGGTTGTGGGGGTGGCAGAAGCCATTCGTATGACATTGGAACGGAACGTACAGATAAAACAAGCGGCGCTGAACAAAGATCTTGCTGAGCAGGACTTGTTTCAGGCAAAAAGTAATTTATTGCCGAACCTGAGTGCTAGCGTGGATCAAAGTTTTCGTTATGGCTTTGGTTTCGATTTAACTTCCGGACGGATCGTCAATAACACCTGGACAAAAGGAACCAGTGGCTCGGTGGGATCAAGTGTCAATTTATTTCAGGGCTTTCAACAGATCAATCAGATCAAAGCGAATAAGTTGCAACTGGAGTCTACGGCGACTCAGGTGGATAAGATCAAGAATGACCTTGTGCTCAATGTGTTGGTTAATTATTTAGAAGCTATTACCAATCATGAGATGATGGTTGCGAGTGAAGACCAGATCGCTTTGTCGAAACAGCAATTTTCACTGGACTCCATCCAGTTTGCAGTTGGTAATAAAACGATTGCCGATCTTGCCAAATCAAAAAATCAGGTTGCTACAAATGAATTGAACAAAGTTAATTTGAAAAATTCATACGAAATGTCTTTGTTGACCTTGAAGCAGCTGATGGAAATGCCTCCTGAAACGCCTATTTCCTTGGAACGTCCAAGCTTGGAATCTATATTGGTTCATGCAGTGGATAAAAATGCGGTGGATGTCTACCAGAAAGCGCTCACATTGCAGCCGGATATTCATAAGTCTGCATTGGATAAAGAGGTCGCATTGAAACAAATCGATATTGCAAAGGGGGGCTATTATCCGACACTCAATTTGAATGTGAGTTATGGAACGAATTACTCATCTGCGACAACAAGGCAAACAGATCCATTGGATCCTGCGACCCTTTTTAGAGTACCTTTTGGCCAACAAATATCGGATAACAAGTCTTTTTTTACCGGTTTATCTCTTGCTATTCCAATTTTTTCAAGAAATCAGAATAAAGTAAATGTGGCCAAGGCAAAGATCGGTTTGAAACAGGCTGAAGCCTCTGAGCAATTGGCAAAAAATAACTTAAACAAGGCCGTTAATCAAGCTGTATTGGATGTGAATGCGGCCAAACAACGCTATAGCTCGGCTACCGTAGCATTTGAAAGTGCTGAAACAGCATTTAAGGCGACAAAAGAACGTTACGATATTGGTATGGCGAATTCACTGGAGTTGTTTACTGCTCAAACGGAACGAAATAAGGCGGAATTTGACCTTATTCAAGCAAAATATAATGTAATATTCAGATCAAAGATCATTGATTATTACCTCGGAAATCCAATTCAATTCGATAACAATTAACCTATTTGATTTAACAAAAGAAATGGCAAAGAAAAAACGTAGCATTGGAAAAATTATATTAATAATAGTTGTGCTCTTGGTAGTCCTTGGTTTTATAGGTTTTAAAGCAGGCTGGTTTGGCAAAGGAGAGATTACCAAAGTCGCTGTGGATGTAGTAAAAGAGATGGATGTTGATGAATTAGTTTCTGCAAGTGGGAAGATTCAGCCTGAAGTGGAGGTTAAACTGAGTTCAGAGGTATCTGGAGAGGTTGTTGAGCTTAACATTAAAGAAGGTGATTTTGTTAAAAAAGGACAAGTACTCTGTCGGATCAAACCAGATATTTTGCAATCTGGTTATGATCGATCTGTTGCAGCAATGAATTCACAGCGAGCCAATTTAGCCGCTGCACAACAGCAATTAAAACAACAGGAAGAAAACTTCAAAAATGTAGCTGCTACCTATAAACGGAATCAGGAACTTTTTGAAAAACGTGTTATTTCTGCCTCAGAAATGGATAAAAGTTCGGCAGAATATCATGCAGCACAGGCTTCTATCCAAGCGCAAAGAGAGACTGTTCGTTCTACAAAGTATGGAATTGACCAATCGCAGGCATCAGTGAAAGAAGCACAGGACAATTTAAATCGGACGACAATTTATGCTCCATCTGATGGTATCATTTCCTTGTTGTCTATCGAAAAGGGAGAGCGTGTGGTTGGAACGGCACAGATGGCCGGTACAGAAATTATGCGTATTGCCAATATGAGTTCGATGGAGGTAAATGTCGATGTAAATGAAAATGATATTAACAATGTAAGAGTAGGGAATCAGGCTGAGATTGAAGTCGATGCTTTTAAGGACAGAAAGTTTAAAGGTGTTGTGACCGAAATCGCTAGCTCGTCTAAAAACATCGCAACGACAACTACGGCGACATCATCGACAGATCAGGTGACAAATTTTAATGTAAAAGTTCGCATCAGCGCAGAATCGTATCAAGACTTGATGAAAGAGAATGTGGCATCGCCATTTAAACCGGGTCTGTCTGCAACAGTTCAGATATTTACAAAACACGATAAAGGACTGGTTGTACCGATTCAATCGGTAACCGTGCGCTCTGATGATAAAGACTCTACAAATACAAATAAGAAAGTTGATGAATATGTATTTGTCCTAAAAGATAAAATAGTTAAGCAGGTTTTGGTTAAGACAGGTATTCAGGATGATAAAAATATCATTGTTACTTCAGGACTGAAAAAAGGAGATGAGGTCGTTTCTAGACCATTTGATGCGATTTCCAAAACCTTAAAAGACGGTAGTCAAGTTGAAAAAGTTGATAAGTCAAAGTTATAAATCTCTTTGTAGATAATAATTAATAAAAAGGGAATTGTTTTTTAATAATTCCCTTTTTATTTTCCTTATAATTTATTAAATTTAAACAACCCAATTGTTAGCGGCTTATGAAAAGGCTATTGGCTTATTTTAAATTTAGTAAAACAGAACAAAATGGATTTTTCATTATTTTGGTGATTATCGTTTTGTTTGCGACGATTTATACGCTGATTAAACGTAATACGAGAGAGCCTATTCCAAATCAGGCCAAACTTTTTGAACAGTCCTTTCACGATTCTATAGAGATTTCCAGTACACCCAACAAACAGGAGTTTAATAGCCCCTATGTGAATAAAAACGAAAGTGTTGTATCCATCTCGCCGACTACAGATTTAGATGATGAAAAGCTATTTTATTTTGATCCAAATAATTTACCTCACGCTGATTGGCATAAGTTGGGACTTTCTGATAAACAGATTGCAGTACTGAAAAATTATGAAAAAAAGGGGGGGCGTTTTAAGGTAAAAACCGATCTAAGGAAAATTTACTCCATTAATGAGCGACTTTACAAGAGATTAGAGCCTTACATCCAAATAAAAACAATTCCCGATTCGGAACGAACGAAACAACAGGACAGAGCACCTTTGCTATATGATAAATTTGAAAGAAATAAAGCTGAACTTATCGATATTAATACCTGTGATACTACGGCATTAATCAGTCTGAAAGGGATAGGCTCAATTCTATCCAAACGCATTTTGAAATATAAAGATGTTCTTGGTGGTTTCTATCGTATAGAACAGTTAAAGGAGGTTTATGGAGTTACGGCTGAAACGTATGATCTAATTAAAGACTATATTGTTGTAGCTAATTTAGATGGAATCAAAAAAATCAATATTAATAAAGTTGATGCAAATTCATTGGCTAAACATCCGTATCTTAGCCCTAAAGATGCGAAACTAATCGTCAATTATCGGGATCAACATGGAAGTTATGTCAATATAGAAGATTTGACAAAAATAGGAACACTTTCAGATCTTGCGATTGCGAAGATTGCGCCTTATTTAATATTTGAGAATGATTCAAGATAAATTGAAACTGGAAATCCGGGATATTGTGGATTTTCCTAAACCTGGTATTGTCTTTAAAGATATTACCCCTTTGTTGAAAGATGCGGCATTGTGTAGCGAAATGGTTGATGCGATTATTGATCAATTGCAAGGAATAGAGATAGATGCTATTGCTGGAATTGAGAGTCGGGGTTTTCTATTTGGATTTTTACTTGCCAATAGGCTGGGCTTGCCTTTTATTCCAATTCGAAAACAGGGTAAATTACCTTTTAAGACTGTATCTGAATCTTATGCACTGGAATACGGCCAGGCAACGATTGAAATCCATGAAGATGCTTTTGAAAAAGGAAGCCGCATATTGGTTCACGACGATCTTTTAGCAACAGGGGGTACCGTCGTTGCTGCCAGTAAACTTATTGAAAGACTTGGTGGCGAGATCGTCGCTTATAGTTTTATCATCTCTTTAGACTTCCTAAAGGCGAAAGGAAGATTATCCCGGTTCAGTGATAATATCTTTTCATTGGTAAGTTATTAATTTAAAAATATACGATTTAGAGCATTTCACATGATACTTTTTGCAAACGCTAAACTAAACATTGGACTGCAAGTAATTGCCAAGCGTACGGATGGTTATCATGAGCTGAACAGTGTTTTTTATCCACTTCCAATTTATGATATTATCGAATTATTGGATACGACTGCTACGGAGACAACACTAAATATTCAGGGAGAACATATCCCGGGAAA
CP177226.1_gap67	2876537	2879953	3416	GTGCTATCGAAAATAACCTTTAAGAGGTTGGATAGTGCTTAGCATTGAAAAGAAGCCTAGGATAACAACATATCCCGGGCTTTTTTACGTAGGATATAAACCATTCTGATCAATTTCGGAGGTATTCGATGCATTTTCTCCTGAATTGTGGCAAGGAAGCATTTTTTATTATAACTTAGACCTATGAATCTAATCAAAACTGTTTTGATCCCAATTATTGTTTTTCTATGTATTTGTTGTTCTTCAGGTGACGGAAGTAAAACTGAGCGGTTGCGGGCAGATTCGTTAGTGAATGAAGTTGTCGATGGTAAGTTAGATATTACAACATTAGCAGAGTCGAATGAATTTATGTATTTCAATGATAAATACTTTCATGAACCGGCAGATTTAAAGGTCATTCCAAAATTTGATAAAGTACAGATTCAAGTTGTTACTTACCGAATTTATCAGCATGTCAGACTGAAAAATAATCGTTATGAGTTCAAGGTGCAGAAAGCCAGTGAACTGCATATTCCAAATAGCGCTTTTGTGTATTACCAACGTTCTTTTGATGATATGAACCGAAAGGCTGCCTTGAGTAAAGATTCTATCCGACTTGAGCTGCCGGATAACTATGCATCCTTGTTGATAAATGAATGATCCAGATCTACAGCCAGGATGAAAGTCATATAAAAAGTCAAACTTAACTATAGTATGGATTAACAAACAGCCTTAAGATGAAAAAGAAAAATATTGTTGTATTGACGGGGGCCGGTATTTCGGCTGAAAGTGGTATACCTACATTTAGGGATGCCAATGGATTGTGGGAGGGGCATGACGTCATGGAAGTTGCTTCAATTGAAGGTTGGCACAAAAACCCAGCCTTAGTCCAGGAGTTTTATAATCTGAGACGGAAAGCCGCTTTGGTGGCACAGGCAAATGCAGCTCATCATGCGCTAGCAAGATTGGAATCAGCGTACGAGGTGAGTATTGTAACGCAGAATGTAGATCTACTGCATGAACAGGCGGGATCATCTCATATTGTTCATTTGCATGGCCGCTTGGATCAGGCTAAGTCGTCTATAGATGATCGCTTGGTATATCCCATTGTCGGTGATGAGATTAAGATGGGCGATCTTTGCGAGAAAGGTAGTCAGCTGAGGCCAAATATAGTCTGGTTTGGAGAAGCTGTGCCAGCTATTGAAGAGGCTATAAGCCTGGTTTCGAATGCCGATATTTTGATTATTGTTGGAACCTCTTTACAGGTTTATCCTGCTGCAGGACTTAAAGAATTTGCGCCTAGTCACTGTCAAACATTTTTAATTGACAAAAAAATACCTAGTGACAGGGCTTTACGTAATATACAGTGTTTTGAGGAGTCAGCGACAATAGCTGTTCCTAAGTTGGTAGAACAATTACTTTATTAAGTATTGTATAGTAGTATATAAAATAGAGGTTTATGAAAAAAATATTAGGGATTATTTGCCTATCCGTTGCTTTTGCTGCATGTCAAAATAATTCGGAAATCAACGTAAATACGAGTTCAAATGATCAGCCTTTAACCTTGGATAGTGTCCAAGCCAGGCATTTGCTCAGTTTGCCATTGCATTGCATCGAAGTGGAATATCCCAATAAGTTAGGGCAGGTACTCGGTGGTGATAGTGATCTAAGAGCACCACGCACATTGCATCCAATTTTTTACGGTTGTTTTGACTGGCATTCTTCTGTACATGGATATTGGTCAATTGTACATATTTTGAAGGAATTTCCAAATTTGGACAGTTCGGGTGAAATTCGGCGCCAATTGAACCGAAATATTACGGCGGAAAATGTGGCCGTTGAATTAGATTTCTTTCAAGATAAGAACAATAAGAACTTTGAGCGCACGTATGGCTGGGCCTGGTTGTTGCAGCTGCAGAAGGAGTTATTAACTTGGGAAGACACTGATGCAAAACGCTGGGCTTCGAATCTTGAACCCTTGGTGAAACAGATCGTAAAATCTTATCAAGAATATCTGCCCAAATTAGTCTATCCGATTAGAACAGGGTATCATGATAATTCGGCATTTGGCCTTTCTCTGTCCTTGGACTATGCAAGAAGTACGGGAAATGTGACGTTTGAAAAATCATTAATGACGAATGCCTCCCGTTTATATAGTCAGGATAAGAGCTGCAATATTGCTTTTGAGCCAAGTGGAAGCGACTTTCTTTCCCCTTGTCTTGAAGAAGCCCTTTGTATGAGTTTGGTGCTGCAACAGGAGGATTACCGTAAATGGTTAAAGGATTTTATGCCAGATCTGTTTAATCCCGATTTCAATTTAGAACCAGGTATCGTAAAAGATCGAACAGACGGACATTTGGTCCATCTGGATGGACTTAATTTTAGTCGTGCAAACTGTTTAAATGGTATCGCAAAAGCGCTGCCTGAGTTAAGTTACTTGCATAAGTTGGCGAATAAACATTTAAAGTACTCTTTGCCCAATATTACCACCAAGGATGACTATATGGGGTCACATTGGTTAGGTACATTTGCACTCTATGCACTATCAAAGCATTGATTCGGGGAGATTATCTTCTCCCCATTTATCCATTAGTGTTAATATTTCCTCGAGCGAACGGCCGAGCGCAGTTAATTCATATTCTACCTTTGGCGGGACTTGCTGATATACTATTCGAGTGATCAGGTTGTCCTGCTCAAGTTCCTTTAATTTAGCAATCAGCATACGCTCTGAAATGCCTACGAGCTTTTTCCGCAACTCACTATAGCGGAGTTTACCTTCATTTAACAGATAGGAAAGAATGTTGATTTTCCATCTGCCACCTATGGTGGCTAAGGTAAATGCAATACCACAACGATCTTTCCAGTATAGCTCATTGATATGATTGGTTGAATTCTCTTTTCGCGTGTTCATACGAACTTTTTTGTTGGTATCATACAATCTTGTACGTACTGTTATTCATGCAAATTAATAAAGAAATTTGTAGGAAAACAAAAAGTATAAAATGGAAATGATTAAATCGGTCGCTCATTGGTTGAGCTATGCATACTACCTTTATGTATTTGGTTATGCATCATTGTTTAAAGTGTTTCAGAAAGGCTCCATGATGCAAAGCATGCAGTCTCTGGGTTTTAATAAGACTTGGACGGTCATTATTGGAATTGGAGAGCTTATGGGAGTGGTGTTGCTCTTAATAGGTTTGTATAATCCGCAATTTAAGAATGGGGCAGTACTGGTATTGTTCCCCTTTGCAGTAGCAGCATTTACAGCCCATATGGCACATCAGGAATATCATCATTTCTACAACTCATTGCTTATGTGCATACTCAGTATTTTGCTGCTGGCCACAGACAAAACCTTTAAAATCATACTTTAACTCCGCATCCGCTTAAGCAAGATCGTCAGAAAATTTAGGTCATTTCTGCGGCTTAATTTTCTG
CP177226.1_gap68	2888533	2889975	1442	TATTTTTTTCCCTTTCTCGTCGTTTCGGGAAAGCTATACTTGTATTGTTTTTTCTAATCAATTCAGTCGCCGTTTATTTTGTGAATACCTATAGCGTTATTTTAGATGAAACGATGATCGGTAATATATTGAACACGCGATACTCCGAGTCTAGTGGTTTCTTTTCCCTGAAACTGATCGTCTATCTCGTGTTTCTTGGTATTATACCCAGTATCTTCATCATTAAAGCTAAAATAGTAAAGGATAAACCAAAAAAATTCTTAATCACTTCCTCCGTTTCATTGTTATTTATTGTCATTTTGATATTTGCCAATGCAAGTAACTGGCTTTGGATCGATAAGAATTCAAAGACTTTGGGTGCACTTGCAATGCCCTGGTCCTATACTGTAAACATTTCACGCTTTTACATTCATGAACATCAAAAAAATAAAAAAGAGATATTATTGCCTGATGCGATGATAACTAACCACAAGAAGACGGTTGTCGTACTTGTTATAGGTGAATCTGCTCGAAGAGGCAATTTTTCGCTATATGGATATCCGAAAAATACAAATCCATTACTTTCAAAGACACCGAATCTTTATCATTTTGATGCAACCTCTTGTTCTACCTATACGACAGCGGGAGTAAAGTGTTTATTGGAGCATAAAAATACGGATGATTTATACGAAATACTGCCAAATTACCTCTATAGGAATGATGTAGATGTGATATGGCGAACAAGTAATTGGGGAGAGCCACCGGTACATATTAAAGAATATGAAACAAGTGATCAACTCGCTACAACCTGCAAAGGCGAAGGATGTGCATATGATGAGGTACTTTTAACAGGCTTAAAAGAAAGGATATCAGCGAGTAAAAAGGATAAAATTTTTGTTGTCCTTCATACAAGCACAAGTCACGGACCAACTTATAGTAAGAAATATCCTGCTAATTTCGAGGTGTTTAAGCCTGTGTGTAATAGTGTGGAGCTAGGTAATTGTTCGAAAGAAGAATTGATTAATGCCTATGATAACACAGTCGTTTATACGGATTATATTTTACACAATTTGATTGAAGACCTTAAAGGATTAAAAGAATATGATAGCGCGATGTTATTTGTTTCGGATCATGGCGAATCATTAGGTGAAAATAACCTCTATATGCATGGCTTGCCAATGAGTATCGCTCCAAAAGAACAATACGAAATTCCTTTTATCGTGTGGGTATCTGATAACTCTAAACAGCTGAAACCAAATAAAACTTTGACGCAAAATCATGTATTTCATAGTGTATTGAAGTTTCTGGATATGAAGAGTCCTATCTACGATGAAAATATGGATATCTTCAAATAGTGGGTATAATGACTGTCCAGATGATAACGACTTGGCTCGTATTGCCTGATGGCGGGTATTGTTCGATATGATGTATTGGGAGGGGACTGAGTCATGATTGCTCCTTCC
CP177226.1_gap69	2892948	2894432	1484	GACCGCTTTTGACAATAAAATCTGATCTTTTTATAGGCGGTAAATTTCCAGCCTGTTTCGGCGAAGATTTAGTTTTTTTAAAATGTCTGTTAATTATTTTGAACGTATATACAATAGTATCAATACCGATAAAGAAAAGACAGATTATCTTACCAAAAAGCGCCGAAAGCGGAAAAAATACGAAACAGGCAGATTCAAAACTAGTCCATTTAAAAAATAAATTAAGAAATATGCACAGATAGGAAAGTATACTGACAGACCACCAGACTATGTTTAGTAGCTTTGGATTGGATTTCCAAATTGACAATGTCCGAATTCTTAAGAAGATTAAAAGATCTAAAAAAATGAATAGCATTAAAATTTTTAGATAAGCATAGAACTGTTGGAGCATATTCGAAGTTTAACTAATTTGGACCAGGCACCTCTGGAATAAATAATTGGATTACAAAACCTAAAATAGGTGTTTTTTTCCGTAATCATAATTTCATTGTTAAATTATTTTCATAGTAAAGACTATTACGCTTTGGAGCCTATAACCTCTTCTTGTTTTGTGTCATATTATTGACGAATGTGGTGTCACAGATGTAGGGTAGAAGTTTTAAATTTGTCCCTATTTGCAACGGATTGTACGCTATTAAAGAAATTTTAAATCATGGGAAAACGAAAAGAAAATTCGGCAAATAGGATTAATGAACAGTATATTATTGAATGTGATTTAGCCTACGCTGTATGTAAAATCGGCGGCCGATGGAAGCTGCTGATACTTGCTAAATTGCAGCATGGAAAGTTGCGGTTTAGTGAAATTAAACAATTGATTACAGGGATTACCGATCGCATGCTCACCTTGCAGCTCAAAGAATTGGAAAAGCAAGGACTTGTTAAAAGGATTGCTTATGCAGAAGTGCCCCCCCGAGTGGAATATCGATTGACTGAGATTGCGGCAGAACTTATCCCTATTTGGTGTCAGTTGGAAAAATGGGGCGCCAAGCATAAAATGATAACGTAACGGCAACGTTGTTTCCTGTAATTTTTTTATCAATACCTAGATTAAAAAAGATTATTATGGGCGCAATGGAAATTTACACTATGATTGTCTCTTAAAGATTTTTATTTCAGAAAATCGACCTTGTTTTAGATCCCAGGTATATTCGAAGGCAATGGAATAGCCTAAAGATCTAATTTTCCACACCTGGCCTTTTTCATGGCCAACTATATAGTGTAAGAACCCTGACATTGCATTTTTTCCAATTTCGTCAATATCTTGATTAAAAGGGATAATGCCATTTGAAAATGAAAATAGCTGCTGTGCAGCTTCGTCGGGTTGAAGTATATTACTTTTTAATGTTTGTTCTACCATTAAATTTTCATCAGAAGATAGTTTTAGTTCCTGCCAATTTGCACCTAAATCGTTTCCCTTCCCAGTTTCTTTAAGTATTTCATGTTGAACTTTAATGAAACGAGACTGATTTTTTAGGTAAAAAACC
CP177226.1_gap70	2933199	2933962	763	GTTGGGCCTTTTCCAAAAAATGAGCGATGAAATATTCAGACAATATGGGTAGTACAGCTGTACAATTTACAGTAATCCCAATGACGGGAATTTATCTTTATTGCATCAGTAATCTGAAATGCTAATCCGTCTTGTCTGCTCTATCACCGTCTGAGGAGTTGTGTCTTTCTTTTTGAGCCTTCATTTTAAAAGCGTGATTTTCCTTTGCGGCATCAATTGAGTGTGTGCAGGTAAGATCACCTTCCTGAAGCGCCAGTTTAGCGACGTGGGCATAAAATTTCGCAAGCTGATCTAGTTCTTCTTCACTGAGATCTTCCAAATTAACCATTCGGTTACTAGTGCCTTCGTGAGAGGCAATCAATTCATTGAGCTTGAGGTGGATTGCCTTTGAATCTTTATTCTGCGATTTTTGAATAAGAAATACCATAAGAAAAGTAACAATGGTCGTACCTGTATTGATGACCAATTGCCAGGTTTCAGAGTAGTTAAATATGGGGCCACTCACTGCCCAAATGATAACTGTAGAGGTTGCAATAATAAATGCCGCTGAACTACCGGTTGCGTGTGTCGCCCAGTTTGAGAACCGTTCAAATAAGTTTTTTCTCTTTTTCATTGCTAAACTTTAAGTTTCTATAGAGACCCCACTGAAACCGAATTTGTTTGTATTTATTGGCTTTATCTTAAAAGATCAGTTTTTCAAATGTTTTTCTGCTCCATAGCTAACAACAGCCTACTTGCTTTGTTGCTACTGCCGTATTTGAGC
CP177226.1_gap71	2945103	2946117	1014	CAGTGATTCTAGCAATCGCTGTGAGCAGACTGCTATGGAAACACTATTAAACCAAACGCATAACCATAGTGATGATGCATCTGATGCCTGTTCTATTTTCTGCTATTGCAATTGTTGCAGTGGAAATATAACGGCTTATGCCTATCAATTTCCGCAAATAGATGGTGTCCCGGTATCAATTTATTTTGATAATCGTAATCCTATCCGCAATACAGCGATTGTTTCCAGTTATTTTGGAAGCATCTGGCAGCCGCCAAAAGTTAATGCTTAATTTTTCGTAAAAATTCTAAAAACAAATCTGATGGAGCGTGCTATGCTGTTCTTTATTCAGCTTTGTGCTCGGAATCCGCTTGTTGTATTTTATTACGAGAAGCGATGAAGCTATTCTAACGAGCTATTATTTAAGCATTAATCACGTATATTGTGTTAGATCATATTATAAAATTTAGCATTAAGAACAAGATCGTTATCGGTTTAATGACCTTGTTGCTTATCATTTGGGGGGCATGGAGTGCGACGAAACTACCCATAGATGCCGTTCCCGATATTACCAATAATCAAGTCCAGATCTTTACCTCTTGTCCAACTCTTGCCGGACAGGAAGTCGAGCAATTGGTGACTTTTCCAATTGAGCAAAGTATTGCAACTGTACCCAAAATTGAGGAGATCAGGAGTATTTCACGCTTCGGGCTTTCTGTCATTACCGTTGTTTTTGACGATGACGTAGATATCTATTTTGCCCGTCAGCTGATCGGTGAGCGTTTAAAAGAAGCGGTGGATCAGATTCCACAGGGTATTGGTAAACCTGAGCTGGCTCCAGTAAGTACCGGATTGGGAGAAGTGTATCAATATATTATCCATCCCAAAAAGGGAAGCGAAAAGAAATACAACGCAAAAGATTTGCGAACCATGCAAGATTGGATTGTTGCTCGTCAACTTTACGGAACTCCTGGAATTGCCGAGGTCAATAGTTTCGGTGGTGAGCTTAAACAATATGAAGTAGCTGTTGATCCG
CP177226.1_gap72	2948170	2952267	4097	TGCTTATTTTTATGCTGTTGTATTTCACGTTCCATTCCTTTAAGCAAGCCACGCTAATTTTTACTGCCATTCCTATGAGTGCTATTGGCGGCGTATTTGCATTGATGTTGCGCGGCATGCCTTTCAGTATTAGTGCCGGTATCGGTTTTATCGCCTTGTTTGGTGTGGCCGTACTCAACGGTATCGTTTTAATTGGGACATTCAATCAGTTGAAAAAAGAGGGTGTCGATGATATTTTTCGACGTGTTAAAGAGGGTACTTTGACCCGTTTACGTCCTGTACTAATGACAGCGACAGTGGCCTCCCTGGGCTTTTTACCGATGGCAATAAGTACAAGTGCTGGTGCTGAGGTTCAGAAACCTTTGGCAACGGTTGTTATTGGCGGATTGATAACGGCAACTTTCCTGACGTTGTTTGTGCTGCCCTTATTGTATATAATCTTTAATTCTAAATTGAATATGAAACGAAGTAGGGGTGTTAAGACCTTTGTTACAGTACTTGCTTTCTTATTTATGGCCTTGGCATCTCAGGTGTTTGGCCAAGAGCGCATTTCTGTTACAGAAGCTGTGGAAACTGCGCTGAAGAGCAATCGTCAGTTTCAGATCAACCAGGCTGAAATCGTAGGCGCTGGTTTCAATGTTAAAACGGCGACCGAAATTCCCAAGACCGGTATTTTTTCAGAAAATGAAGATTACCGTCCTACGGATAAGGCCGGCTTATTGAAAATTGGTATAACACAAAGTATTGCCTGGCCCGGGCTCTATGCCGCGCGTAAAGAGTATTTTAAACAGCAACTAAAATATGCGAATTTAAATACGGATGTATTAAAAACTGCAATTACCAAAGACGTAAGGACAGCCTATTTTCAACTTTGGTATCTCCAGGATCGCCAAAAGCTGTATATAGAGCTGGATAGCATCTATACAGCCATGTTCAAAGCAACTGAACTTCGCTTTAGAACGGGTGACGTGGCTGCGCTGGACAAGATCGCAGCGGAGGCAAAACTGAAGGAACTGCAGGCGCAGCTTTTTCAAAACAAAAAGGACATTGTTATTCAGCAACAACAACTTATGCTCTTGTTGGACCGTAACGAGTGGATGCTCCCTTTGGATCAGCCCTTGGAGAAGATCGTCGTGAACGCCAGTCCAGCTACGGAAACAGCCCATCCTTTACTTGTTTTGCAGCAGCAAAATGTAAATATCGCTTCATCAAATATCAGTGTTCAGAAAAATACAAATAAGCCTGAGTTCTCGGGTCGTTTTTTCTCCCAACGTGTTTGGGGAGCCAAGGATCCCTTATCGGGATTTTCGGTCTCCGCAACTTTTCCGGTCTTTAGCCTAGGCGCGTATAAAAGTAAAGTGAAGGCTGCCAACGCTGAAATGGAAGTTCAACAGCGTAAGTTGGAATATGAGACGCAGGTATTCCAGACAAATAAAGGGAATGCACTTGCTGAAATTGACAAGAATAGTGCGTTACTACAATTTTACGAGTCTTCGGGTTTAAAACAAGCTGATGCCATCATTAAGGCGGCTAGTTTGGGTTATAGGACAGGGGAGATCAATTTTGCTGAATTAAGTCAATTTTTAAGTCAGGCCATTGGGATTCGCCAGAATTATTTGGAAGTCCTCAATCAGTATAATCAATCAGCAATTCAATATAATTACTTCAATAACAAATAAGTCAGCAATGAAAGTTTTCATAAAGATATTTATCGTATGTATAGCCGTTACTGTTTTTTACGGTTGCGGTTCTAATGAGTCGGAGCCTAAAGGTCAACCGGAGGGAAAGGAAGCGCCTAAATCCGAAGCGGGGCATGAGGAAGGTCCGGTTACTGTAGCGGCACTGAGTGCTGCGCAAATAAAAGCTGTGGGCATCGTTTTTGGAGGTATTGAAGAGAAGGAACTAACGGCTACAATCAAGGCCAATGGACTTTTAAGTGTCCCCAATAACAATAAAGCGAATGCAACGGCGCTTTACGGTGGTGTTGTAAAGACATTAAACGTGCAGCTGGGTGACCAGGTGCGCAAGGGGCAGGTGATCGCTACGATCACCAACCCCCAGTTTGTACAGTTGCAGGAGGAATATGTATCCCTTGCAAGTAAGATTACCTTAGCTGAACAAGAAATGGCAAGGCAACAGGAACTCAATGAAGGTAATGCGGGTGCACGGAAAAATCTGCAGGCAGCAACAGCAGACTTCAACAGTTTACGGGCTCGAAAGGCCTCCTTGCAACAACAGATCCAATTGATGGGCATTAATCCCAATAGCGTGAATCTTTCTAATATGCGGACCTCATTAGCCGTAACAAGCCCAATCAATGGAACAGTAAGTAATGTTTTTGCGAAAATTGGGAGTTATGTAGATGTCTCTTCGCCAGTGATCGAGATTGTCGACAATAGTCTGTTGCATTTAGATCTGCAGGTGTTTGAAAAGGATCTACCTTTGGTTAAAGTCGGACAGCTCATCAACTTTCAACTGACCAACAACCCGGATAAGACCTATACCGCAAAAGTTTTTACAATTGGATCTTCCTTTGAAAATGATAGCAAGACCATTGCTGTGCACAGTACGGTTGTAGGCAGCAAAGTGGGCTTGATTGATGGGATGAACATCACGGGTATTATCGGTGTCAATAATGTACGGACTCCGGCTGTTCCGAATGACGCAATCGTGGAGGCTGACGGCAAGTATTATATTTTTGTGGAGACAGACAAGAAACCTGAGGAGCATGAAGAAGGGCACGACGATCACGGGCATGCGCACGATGAAGGTGAAGCAAAACATGCGCATAAAAATGAGCAAGAAGCTGGGCTGCATGGCGAAGAACAGGCTAAAAACATCAATTTTGAAAAAATAGAGATTCAAAAAGGCGTGTCTGCTTTGGGATATACGGCGATTACCCCGGTTACCGAAGTTCCTGCCGGAACGAAAATTGTTATAAAGGGTGCCTTTTTTATCAATGCTAAAATGAGCAATACAGGTGGGCACGAACATTAATTGACAGTATTTGTTAAGATAATCAAAGCAAGTTATGGAACATCAACATAGTTATGATGCACAAGGCAGACAGCTTTGTTGTACACAGACAGAAAAAATATATAGTCAGGCGGGAGCTGAAGACCTTATTGGGAAAGCTCCGGCTTCCAGTCATAGTCATGATCATAGCCATGATGAGGACGGTCACGATCACTCAACGGCAGGGGCTAGTCAGATGCAGTTATTTCTACCCGCGCTAATTTCTTTTATTTTGCTCATTGCGGCAATAGCGATGGATAATTGGATTGCACAAACATGGTTTAAGGATTGGGTTCGTTCGGGCTGGTATATCGTATCTTATCTACCTGTTGGGTATCCTGTAATCAGAGATGCCCTAAAGAGTATTGCTAAAGGGGAAGTCTTTTCGGAGTTTCTTTTAATGAGTATCGCTACGATAGGAGCTTTTGCGATCAAAGAATACCCAGAAGCTGTAGCGGTGATGTTATTTTACGCCGTAGGCGAGGTATTTCAGACCTTGGCGGTGAGTAGAGCTAAAAGTAATATTAAGGCACTACTGGATCAGCGTCCGGATGAAGTGACCATTTTGGAGAATGGAAAGAGCAAAGTAATCAAAGCCGCAGACGCAGGTATCGGAGCGATTGTTCAGCTGAAACCTGGCGAAAAGCTCGGGCTCGATGGTGAATTGCTTTCTGAACAAGGCGCATTTAATACTGCTGCGCTGACTGGCGAGAGCAAGCCAGACACAAAAATGAAAGGTGATGTTGTGCTGGCAGGAATGATTAATATGAACACGGTGAGCCTAATTCGGGTGACAACAGCTTATCAAGATAGCAAACTGAGTAAAATCCTTGAGCTTGTACAGAACGCAACAGCTCAAAAAGCACCTACGGAACTGTTTATCCGCAAATTTGCTAAGATATATACCCCAATTGTTGTGTTTTTGGCTATTGGAATTTGCTTCCTGCCTTACTTGTTTGTCGATCAATATGTATTTAGCGACTGGTTGTATAGAGCACTCGTATTTTTAGTGATTTCCTGTCCCTGTGCACTCGTGATCTCAATCCCTTTGGGGTATTTTGGTGGAATCGGTGCCGCGAGTA
CP177226.1_gap73	3053541	3054352	811	CATTATATTCGATTGCAGTACCGTAGTGCCGACAAAGACGAGGTTGGTCATATTGCCCGATTTTCCCCTACCTTCAATTTTCTCGGAATAATGCATTGAGCTTACTGTAGTGCTGTCCATCGTTTCATAGATCTGACTGGGCCGATAATTGAGTTTTATTGACAGGCTCGACTGGGCATTCGCTTTGCAGGCTATAAGTAGCAATAGAATAATTAGGGCTTTACGCATAGATCCAAAAAATAGAAATGGTACCCAAAGATACCATTTTTGCAGCGTCTTGGTTGCAAATTTCCGTTTTTGCTACAACTTGCGGGGAAATTGATCTGTAGATTGTTCAGGTAATCAATATTTATTGTCCAAGGGGATTCGTGAAAGCAATTTATGATGCTGCATATGGTCATTGGGCACTACAATTTGTTGACCGTCCGCAATGCTTTTTTAATGATGTAGCTTGTTTCCCTGGTATCACTTTCCTTTTTCCAGCGTTCACAGAGTTGCAGCACAAACGATGCTTTTGTTTTGCTTGCATCATTCAACCAGTTCCCCACACTATCCTGCACATATTTTGTGTTGTCTGATCTTAGCCTTTCCACGATGGGCAGCCCCAGTTCGGGGTTTTGTTTCAGTGACTCAATATGTTCGCACCAGACCCCTCGAGGTCGTGTTGCTTCGCTCGCAAATCTTCTTATATTTTCGTCTCGGTTGGCTGTCCATCGCGCAAGTATTTCAATGCTCTGCAACAGGTTTGCTGCAATTTTTGGTCTTACAGCCATCCAGCAGATTTCCCTGACCCCAAAATGTGTATCTGCCG
CP177226.1_gap74	3060219	3065138	4919	CCAATGATAAACTTCAAATTTACGCTGCTATATTCCTCCCCTTTTTCAACAATATCCCTTACGATCCTTGATGATTCTCAGACGGAACATGTGATCAATACTCCCCTTAAAATTTGCTCGGATTTATGGGATTTTGAAAAACAGCGCCCCCGCAATATTTACCTCAAAAAAAATAAAAATTTAAATGCCAAGCTTGATAGGCTAAAAATCGGAATCGCCGAATACCTGAGCAATGTCGCGGCAAAAAACAGCAAAATTTCGCACATCAAACTCCGCAAGATCATAACAGAAAATTGTGATGGCACAAAGAATTTTCGCCCTGCCAACAGCCTACTAGATTATGTGGAAGCCTATATCCGGAGCCGCGCCCATCTTATTTCCGAACCGACTTCCAAGCGTTACCGGGTATTCCTCCATTTGCTTGAGCGATTTGAAGGCCATCGCAAAAAACACCTTTTACTGCACGAAGTCAATGCATCCTTTGTTAAAGAGTTCCTTGAATTTGGCGAGCTGGAAGAATACAATAAAAGTACGATTGGCCGCACCATACATTTTGTCCGGACGGTGCTCAATTTTCTGGAAAAAAGAGGGGTCAGAACCTATGTATATGAACTTGAACTTCCCAAGGAAAAGAAAGTCAATCTATTTGTCACCCTTAGTGAAGATGAGCTAGTAAAACTCAAGGAAACGGATGTCCCGCCAAGCCTACAGGCAGCCCGGGACTGGCTAATCATCAGCTGCTACACCGGCCAGCGCATTTCTGATTTCATGAATTTTGATATCCAGAACCTCGAGATAATCAAGGGAAAACCCTGTATCTCATTTGTCCAGCAGAAAACGCAAAAAGAAATTCTGCTGCCTTTACATCCGGTACCATTGACCATATTGTCAGGCAATTTAAACGTATTTCCCGAGAAGCTTACTGCGCAAAAGTATAATCTGCAGATCAAGGAAGTCGCGGAACTTGCCGGTATCAATAGCCTGGTCAAAGTCCGCAAAAGAAAGGGCTTCCGGGCGGTAGAAATGTTTGTCCAAAAATGGGAAGCGATCACGAGCCACATCGGAAGAAGAAGCTTTGCCTCAAATTTTTACGGTAAAATCCCTACTCCACTACTGATGGAAGCTACAGGTCACAGTACCGAGCAGATGTTCCATCGGTACATCAGTACCATTGATATCGAGCGGACAAGAACGTTGGGACAGTACCTGGAAGATGCTTATAACGATAAATTTAGGGTAGCCTAATTAGCGATTAGATCCGTAATTCGGTTACAAGTTTCCGTAATTGGGGTAAACATGCTGCAGGCTGTGCTTCGTAATTTTGGGTAACAAAAATAAGAAGCAGATGAAAACAAGAAAATTAGGCACGCAGGGACTTGAAATTCCAATGATCGGCTTAGGTTGTATGGGGATGAGCAGTTTTGCGTCCACTGGCGATATCTACGGCAAGGCCGACGAAAAAGAATCCATAGCTACCATTCACCGGTCCTTGGAACTGGGTGGCAACTTTTTGGATACGGCCGATCTGTATGGACCCTTTGAAAACGAAAGGTTGATCTCCAGGGCCATATGCGGCAAGCGAAACGACTATATCCTCGCCAGCAAGTTCGGCTTTGAGATTGATGATAACGACCAGGTGACCTGGCGTATAAACGGTCGGCCAGAATATATCCGGAAGTCTATCGAGCGCTCGCTGAAAAACCTCGATACCGATGTGATTGACCTCTATTATATGCACCGCCCCGACCCCAATGTACCCATCGAGGAAACCATAGGTGCCATGGGCGAGCTGGTCACAGCGGGCAAGGTCAGGTACCTGGGCATTTCGGAAGTCAGTGCCGAGCAGATCAGCAAGGCACACGCGACCTTCCCGATCACGGCTGTGCAGAATGAAATCTCCTTATTCGGACGCGAAGTAGAGACCAATGGCGTATACGATCTGACCCAGGAACTGGGTATAGGCCTGGTCGCCTACTCCCCTTTGGGCCGTGGATTTATCACTGGTGGAATCAAGTCGCCGGACGATATTCCCGAAGATGATTTCCGCAGGCTTATCCCGAGGTTTCAGGGCGAGCAGTTTTATAAAAACCTCGATCTGGTGCGTGAACTCGAACAGATTGGAAAAGAAAAAGACGTTACCTCGTCGCAGCTGGCCCTTGCCTGGCTGATCCAAAAAGGAATCGTGCCGATACCGGGGACAAAAAGAGTGCGCTATGTGGAGCAGAATATCGCCGCAACAGACATCCTATTGACCGCCGAAGAGCTGCAACGCATTGAGGCTATTCTGCCGGTCGGACTGGATACCGGGTCCCGCGATGTAAGTATTCCGCTGCAATCATAAAAAATATAAATGCCATGCCAGCAGAAAGCGCATGGCATTTTACTTAAATTAGGCTATTATTTAACAGGCAAAAAGAGCATGTCAAAGAAAGACCTCCTACTGATCAGGATCAATAGTATCGCTGACTATCATGAAGCGCTGCAGCTCCCCAAACCGCAGCATCCGCTTTTTAGCATCACGGATTTTTCCAAAAACAAGCATATACATCCAACGGTCGAGACCACCTTTCAGCTCAACCTGTACTGCATTTCCATCAAAGAAGATGCGCAATGCGTATTGGGGTATGGCCCACATCAGTACGACTTCCGGGAAGGTCTGATGACCTTCTTTAAACCCGGACAGACGATCAGTGTTGATCCCGATACTGCCCACGCCGAAGTAGGCTATTCCCTTGTTTTCCATCCCGATTTTATCCGCACCTATGACCTGGCACACAAAATCGGCAGTTACAGTTTTTTCGATTACGAAGTCAACGAAGCACTTTTTCTGTCCGACCGGGAGAAAGAGCAGATCCGAAATATCGGAAAAGGGATCTTAAGCGAATATGACAGTCCGATCGACAGCTATAGCCAGGATGCCATTGTCAGTTTCATCGAACTGCTGCTGGTGTATTCGCAGCGGTTTTATAACCGGCAATTTATTACACGTAAGGTACACAATGTGCCCTTGGTGAGCCGGTTTGAACAATTGTTGGATCAATATTTTGAAGCCGAAACCGAACGCAAGGGTTTACCGCAGGTGGGTTATTTTGCTGAGCGGCTGAATATGTCGAAAAACTATTTAAGCGATTTATTACGGTTGCAGACCGGTGAAAGTGCGCAGAACCATATCCAACATAAGCTCATTGAAAAAGCGAAAGATCTGCTTTCCAGGTCGGAGCTTTCTGTTGCCGAAATTGCCTATCAGCTCGGTTTTGAACAGCCACAGTCACTCAATCGTCTATTCAAAAAGAAAACGGAGCTCTCACCGCTGGAGTTCAGACGGAAGATGGCCTAAAGCTAAAATAGCATCCTTAAAATCTGCTGTATATTGAACTGCGGGCCACCATACAGCAGACCTTTGGTCTTAGAGGCGATATCGAAGCGATAAATTACGCCAGATTTCTGTCGCAAAATGCTGATCGGAATGCCTGTTTTCAAAAAACCAGTGGTCGCCTTTTTTTACGAGTTTTTGATCAATTCCATCAAGCGAAATTGGCAATTCCGTATCGAGCTTTGATAAAGACTTTTTCAACAACACCAGCTGATAATCCTGTCCTTTGTAAGTTAAACGGAACACCTGTGAACGATGTGGTTCCCCGCTTATCCCGTCAATTGTGCCTTGCATAAATATAGATCTACTAAAATTTTTAAAATACAGCAATTACGCCAATACGAATACGATAAAAAGTATAAAATCGAGCAAAAATCAGCTTAACATTGCATTATTTTTATAACGAATATCAACAAATAATCGTGCCAAAGTCGATGAATTTTCCGCTCCATTGACGATGATTTTTTTTACATATTTTGATTTCGTCATTTTGGCTACAATCAAGCTCAATTTGGAAACAGGTACCCGATCCCTTATTTAGACATTTGTGGTATGGAATCAAACAATAACAGCATGCAAAAGACAATTTTCATTACAGGAGCTTCTTCCGGTTTGGGAAAAGCAACTGCCAAACTTTTTCAACAGGCGGGTTGGAATGTGATCGCAACCATGCGAAATCCCGAAAATGAAACCGAACTTGCCGGGATCGAAAACATCAGGCTATTAAAATTAGATGTCACCGATCCGGCCCAGATCAAAGAAACTGTAGCAAAAGCCATCGGTATAAGTAACATTGATGTCGTTTTCAATAATGCAGGTTATGGGTTAATGGGTGCCTTTGAAACGTTGAGCGACGAAAAAATACTTCGCCAAATCGACACGAATCTATTGGGCGTATTGCGGGTTACACAAGCCTTTATTCCCCATTTTAGAGCACAGAAAAGTGGTTTATTTATCTCGACCACATCGATTGGTGGTTTTATGGGATTCCCGCTAAATTCCATGTATCATGCAACAAAATTCGCCTTGGAGGGCTGGAGCGAAAGCATGTCCTTTGAACTGAAAAAATTTGGAATAGCCATCAAAACAGTTGCTCCGGGAGGAATAGCGACAGATTTTGCAGGCCGTTCTTTGGATCTAAACCGAACTTCCGACTATCAGGACATCGAAGACAAACTGTTCGAACAAATGGGTCTGATGCTGCAAAATGCATCCACGGCCGAGCAAATTGCCCAAGTGGTGTATGAAGCCGCCACGGACAATAAAGATCAGGTACGTTATCTGGCAGGTGAAGATGCACATGCACTCTATGAAAGACGATTGCAAATCGGAAAAGAAGCCTTCAGGCAAGAAATCGCAAAACAATTTGAGGCCTAATTTTTTAAATCAGCAACTGCCTTGCAAGGCAGTTGTTTTTTGTAAATTTGTATAACAAAAACAGCATGCATCGTATCAATTCCATATCCGAATTTCATCGGCAATTGTCCTTGCCGGCCCCATTACATCCGCTCGTCAGTGTAATTGATGTAGCTGGCATAAAGCCCGA
CP177226.1_gap75	3144057	3146607	2550	TATTCAGGCGCTGCATGATATTGGTACCCGTCTGCTGCTTCAACATATCTTCGGTTATAATACCTACCGCGCCCGTTACCTCATTGGGCTTAAGGGTCTGATAGCCCGTATTCACTTCGACGACATCAAGATATTGGTCAGAATGCTTTATCGATAGCGGTTCCTTCTGAAAGAAATAATCTACCGAAACTGTGACGGTTGTGTAACCGACACCTGAGACGATTACCGAGTCTTTCCGATTCATTCGTGTCAGGCTAAATCTGCCTTCTTGGTCAGTTTTAGCTTTACTATTACCCATTTTAGAACGAACAGTAATACCGGCGATGGTATGCTGTGCCTCCTTATCCATAATGACACCCTGTACCACTATCCGTTGCTCCTGTTGGGCCTTGCCCAACAGGAAACACACACTGCAGAGCAGTGTCAACCAAAATGCTCTCATGATTATTTTGTGAGATAGATGTACGGAAATTCTTTAAGAGCCTTTGTCCTCGTCAGTATAATGCCTTTGTCTTTAAAAAAGTCGAGCTTTTCCTTCTCGGTTCGGTAGATAAAACCAGCGGGAATTGTTATGTCGACACGGGTCATCTCCGACTGATCTATTTCGATAGGTACTTCGAAAGCATAAGACAGATTTGACAGAATAGTATAAATTGGTATCTTTTGCGCATAAGATTCATTATCGGGCGAACTCGCTTTCGATATGACCATATTGTGTTTTGTCTTTAATTTTTCAAATGCAGGTGTATAAGATACTTTGTAGCACTCGACTGTATCTTTTCGCCTTTCTACGGCAATTTTAAAAAAGTGGACAAAATCTTTTCTATAGACATCCCGAATCTCCTTTTTGGTCACAGAATCCCGATTAAAATATTCGTACCAATACCGATTGCGGATCAGTTTGAGCTTAAAGTCTATTCCCAATTCGGGCGCATAGTATGCCTTTCTAACACTGTAGCCCTTCATCTCCAATGGGAACGCATAGGTTAGCATAAAACTCAAGGTTTGGTTTCCGATCCGCAAGTAAGTTGTGCCGTCCCTATAAACTGTATTTGGATAATCATCCAAAAAATTATCCCTTTGTTTAGCAAATGCTGAATAGTAATATGTGCTTGTTGTGTCAAATAATGATCCACCACCTCCTCTTCCTTCACCACCGGTGTTATAATAGATTCCTTTGTTTTTGATATTTCCCTTCGCCCCCTTAAGCCAGGCTTCAATATTACCATCTGTCAAGTTGTTTGCATTAGTCGTGGCGACAAACTCACCTTTGGAGTTGATCACAGCAGTTGTTGGCAAGGTATTGTGTTCAAAAAGTGTTGTAAATACGGTGTCGTCCAATATGGAACCTAGTTTAGGAACGTAATTAAAATCCTCCCTATATTTTTGGAAACGAGTCTTGATCCGCTGTGGGGTATCCTTATTGCGTTTACTATTGACCATCAGGATGACCATATCCTTTTTGAAGCGATCCTGTATCAATTCCATTTTAGGAATTCCCTCAATACAGGCTTTACAGCCCGTAGACCAGAAATCAAGGACAATCACTTTGCCTTTGAAATCAGCTAGCTTTACCGTCTTTTTCTTGCCGTCAAAATAATTAAGTTCCAAGGGCATCTTCCAGACAGCATCAGATATAGGCTCACCTGGATTGAGTGCGGTTAGTCCATTGAGCCCTTTCGCCCCGCTGTCCTTGCGGGGTGTCTGAGCCCATAAACTAAACATAAAAAACAATGCGAATAGCATTATAAGTACTACCTTATCCAATAAGGCAGTGAATGATTTTGATAATTTTATCATCTGCTTATGGATTAGGTATTATTCTGAAATTCGATTAAAGAAACTGTGGATCCTTTGCTTGGCTTCCAGATCGGCGATTATAACTTCTGCAGGCTCTGCAAAGGCAAATAGCACCGCATCGATTTCGATCTTGCGAAAGTGCACCAGGAAATAAGCGATCAGTAAACGGCACACTTTCATCAAAAAGGTATGCATCTGCTTTACATCAATAGCATCTTCCTGTACCGCATACTTTCTATAGTTTTCAAAGAGTGTCCATAGACTTTGCTGACAGTCGTTAATGGTATATTGGGACCAGAACTCTCGAATGGTATTTAATGGATCGTATCCATTGTCGTAAATTTCATAACATGCTAGCTCAAAGGGTAGCAGGTTGTTTGATTTTTGGTTCATAATTTAGTTTCATCAATTATGACAAGCCCTGAGGTGCTATAGAAAATTAGGCCATAGTATCCCCTATAGCGAAAATTTCGCATTCAAATGGCTTACCACTGCATAGCTCAAATGCGATCTATGCCAAATGGACAAATAAGATTAAAAGTCCGAAAAGCGCCTTGATACAATTTCAAGGCATAAATAGGGTTCATTATGGCGCTCCCTGCCGGAAAGAAGTAAAAACCGACCTACAGCAATATCGTCTTGCAATAAAAACTACAGGTAAAAAGTTTGGACTGAGTGAAAATTTGCTTAATTTTAAAGTGCGAATTTTAAATCAAGCTACAACATTGGCCAATATTACCTTTTAATCCA
CP177226.1_gap76	3196210	3197614	1404	GAAGCTGCAAAAGCGACGGATGAATTTTTGGATAGCTGCAGAGCGATCGAGCAAAAAAATCTCAATTCCACGATTTCACTGGACCTTTCGCACATTGGACTAGAAGTCTCTGAAAGTCTTTGTTATGAGCACTTATCTAAAATATGTGAAACAGCAAAGGACAGGGAAGTTATTATTAGTGCTGAAGGAACAGAGAGAACTGACCGCATTTTGAAACTCTATCAAAATGGTTCAAAGAAGTATGCAAACCTGTCCATTACCTTACAAGCCTACCTCCATCGGACAACTGATGATTTTGAAGCAATGTGTAATGAAAGGGGACGTATCCGTATCGTTAAAGGAGCATTTGAAACTGCTAAAGGACTGTCCCTACCACGTGGACAGGAACTCAATGACCGCTATATTTATTTTGTCGAACAGCTACTTTCAAAAGGCCACCCCTGTTCCATCGCAACCCATCATCATGAAATACAACAGGAAGTAAAAAAAATTATAGATACCCTAAAACCAAATAAAGAGCTCTACGAGTTTGAAAGTCTTTTCGGAATCCAAACCGATCAATTGGCCCAATTGAAAGATGAAGGCTATCCAACAAAACTCTATTTCGTTTACGGTCACGAATGGTATCTTTATCTCTGCAACAGATTAGCGGAATATCCATTAAATTTGTTCCGAGCATTGCAGGATATTGTCGAATCAAAATAGCAATTATTAATAGAAAGTTCATCAAAACGATGAATTTTCTATTACACAAAGTTTATTTCATTAATTTAATTATTATATGGATTCATATAGATCCTTTCAAAATAACTAGGCCGACATGGAGAAAATAGGTTAAAGGATTTAAAGAGTCTGGTATTAATGGTCTAAGTGAACTTAGAAATAAGCGAAACGATGTGTGTAAATCCCACATATTATCTGACGTCGTGATTAATCTTCCAGGAAAGCTTTTTACAGTTATCAAGGTTTTCAAATTTAAATATAAATATACGCAATTTGCCAAATTAGAAAGTTAATTTTAAAGTCAAACATGACTTATGATCATCCAAAAGTAACGATTAAAATAGCCTTACATACAATTTAAGGCCAAGATATCGGTTGAATGGAACAATCTACCACAATATCAAAAGCATCATAGTTATGAGTATCACCAAAACTAGATGGGTCATTGCCTGCCCGGATTGTTTAGACAAGCAAAATCGAAAAGTCATTATGTCTAGCTCACTTCTTGGTTGGAGGGGAATTCCCAGGAGGATACTGCCCCCGTGTACATCTATAGAAATTTAAAGGTAAAGGGAGAAAACAGGATCAGCGATCCAAACTGTCCGCACCTTTCATTTACAGCTGTCAATATAGGTCAAATAAAAGCTTTCGAGAATAATCCTGAAAAATTGAAAGATGTTA
CP177226.1_gap77	3326547	3329924	3377	TTAACACGGTTGGCGCACGTGAAAATCGAAAATAATCCCTTCAAAAAAGAAGGAATTATGAAATTAATCAACCAAAAGATACAAGATTTGGTCCGTTCAGAAAACCCTGCTGCCAGCCCGATAGCATTATCTAGATATAAAAAAATAGATGCATATGATGTCACTCAAAAATACCTCGTTACTGATAAGGTGAGCAAAAAGAATTTTTACGTCACCTTCTTTTTCTATGGCGGTATACTTTCCGGTTGGAATGTAGACCCAGCTCCAAATGCAGCCTAAAGGATGACCTACTAGGAAGAGGTGCTAAAAACGTTATCTATTTGGCACCTCTTTTCTTATTAATACACTGTTCCCTATCTTTGGAACGAATAAATAATTAAAAAATGAGAAAAAATGTTAGGTTGGTAGCCTGTATTATTGGCTTGATATCTTGCGGATCAATTCCTGTAGCCTTTGCTCAAAATAGCATTCAAAACCAGCAGGGTGCTAAATCTGCGATTGTTGATAAAGCATTGTTGGATAGAATATTGGATAAAAATAGACAGTCATTCAAAGAAGGTAAAGTAGCCGACTATATTCCGGAATTGGGTAAAGCCAACGCATCGTCTATTGCTCTTTCGGTCGTAAATAGTGATGGAACAATTGTTAGTATCGGCGACGTACAGCAAAGATTTACAATTCAGAGTATTTCAAAAATTGTTTCCCTAATAATTGCCGTACTGGAAAATGGCGAGCAAGTTGTTTTTAATAATATGGGATACTATGGCACGGACAAACCATTCAATCATTTTGCGAATTTGGAAACATCGGGTAAACCACTCAATCCAATGATGAACGCTGGCGCCATTTTAACGACATCGCTTATTAAAGGAACAGGTGAGGAACCTTTTCTTAAAATACGCAATATGATTCGTTTTATAACAAATAATGAAAAGATTGATTATAGTAAATCCGTATATAATTCGGAACGGGAGACTGGAAATCGAAACAGAGGTATGTTCTACCTGATGCGCAACAATGGACTCATTGATGGTGAAGGTGAAGATAAACTAAATAATTATTTTAAACAGTGCTCAATTGAGATAACCGCAGAGGATCTGGCTAAAATAGGTTTCTTTTTTGCCAATCACTGTGTGCGCTATGATGGAAATAAGCAATACAATAATCCAAGTCTATCTCAGCTAGTTCAATCGCAAATGCTCATTGCAGGGATGTACGAATTTAGCGGCGAATATGCCAGAACTGTGGGACTTCCAAGTAAATCGGGTGTTGGTGGCGGAATCGCTGTAAGTGTACCGAATAAAATGGGTATAGGGGCCTATAGTCCAGCCTTGGATCAACACGGTAACTCAGTGGCCGCTTATCGCATGATATTAGATTTGGTGAGAGAGAAATCACTAAGCCTCTTTTATTAACCTTAATAAATTCAAGTCAACGATAACATGATACGGACAGAACCAATCATCGCAGTGGATAACGTTCCCAAAAGCTCACAATTCTATCAAAAGCTTTTAGGCTGTACCGGTCAACATGGAGGAGAAACATTTGAAATTCTCACAGATAACGGAACTGTTATTCTCTGTTTACACAAATGGGGTGAACATGATCACCCTACTATGCGGAATCAAATACATGCAGGGAATGGATTCATATTATTCTTTAGAGTAGACAATTTACAGCAAATTTTCGAAAATGCCACTTTGCTAAATGCAGTCATAGAGAAGGATATACATTACAACGAGAATTCTTTGAAGGATCAATTTATCCTACGTGACCCCGATAACTATTACCTGATTGTATCAGCCTAGTCAGATCTATTTGTTTGTCAATCGCGTGCAGGATTGTATTCATCAGTAAAATCTCCGTTCTTAAACCAGTTTAACTTTTGTATTGAATGTTTGATGCAACTTTGTCTTATCAAAATTTAAAACAATGACTACACGATTTAATATTGCAAAAGTAGATGCAACCGCCTATAAGGCGATGATGGGATTGGAAACATATCTCAACGATATTTTTTTAAATCCTATTCAGAAGGAACTCATAAAAATACGTGCTTCACAGATCAATGGCTGCGCCTTTTGTTTAGATATGCACACAAAGGATGCACTGAAGTATGGTGAAACTCCACAACGGATATTTTTATTAAATGCCTGGCGAGAAACCGATCTATTCACCAAGGAAGAGCAGATATTGTTGGAGATGACAGAAGAGATCACTTTAATCCATCATAAGGGATTAACAGAGAGCACTTTTCAAAAAGCAAAAGAGATATTTGGAGAAAAAGAGATTGCTCAGATTATTATGGCGATTATTACCATAAATGCATGGAATAGAATTGGCATCAGCACGCATTTGGAACTATTAAAGTAGTTTTAGGCGCTTTCGCAAAAAAGCCTTTTCCAATATTGGAAAAGGCTTTTTCATTTACAAATAATTTCCTTTTATTTTCCTGTTAAAATCCCAATTATCATTTATCTTTATTAGGAAAACCTATATAAATACATGATTATGAAAATCATAAAAAAAATCCTCATCGTTTTAGCGATCATCATCGCTATCCCCTTAATTACGGCGATCTTCGTTAGTAAAGACTTCTCGGCCCAAAGTGAGATCACGATCGATAAGCCAAAGCAGGAAGTGTTCAACTATGTAAAAATGCTTAAGAACCAAGATAACTTTGGTGTATGGCAGCTTTCAGACCCAGAAATGAAAAAAACTGAACAGGGTGTAGATGGTCAAGTTGGCTATAAATCCAGCTGGGATGGTAAGAAAGTTGGTAAAGGTTCACAGACTATTACAAAAATCGTCGATGGCGAAACGATCGAAACGTCCCTCGATTTCGGCATGGGTGAACCAGCCAAAGGTTATTTTATCCTAAAAGAGATCTCGCCTAATCAAACCTCAGTGACTTGGGGGATTTCAGGAAAATCGCCCTATCCATGGAACTTTATGAACTTATTTATGAATATGAACAAAGATTTCGATCAGGGACTGAAAAATCTGAAAAACAGACTAAAATAGAGACTATACAAAGTAAAAACGGTGATTAAAATAAACTTTACTTTAACCACCGATTCTTATTTTCAAAATGAACAAAATTTATCTTCTGCGCATTAAAATTCGTAGAATGTACCAGAACAGCAACATTATCGATGAAAATAGCTGTAGGGCCGCCCCAACATATTGTTCGTTGCCGTAACTATACTTCAGATTTTGAGTTTGATAGAGTATGCTTCCGGAAGCAAGGCCAATCATTGCAACCGAGAACCATAATCCAAGCTCAAAACCAAAAATAGCACCAGCGACAATTGCCCCCAGGGATAAGAAGCCTCCAATTACCAGGATATTCCTGAGGAATGAAAAATCTTTATTGG
CP177226.1_gap78	3443286	3447237	3951	CAGCCGATTTGTAGAAAATAGAACGACTACCTCGATGTAAATTTTGATAACTCGCACCCAAAATAACGCCCAATTTATCATCCAAATACCGATTGCCTATTGTCAAATTGCCTACAAGATCTGGAAGGGGCTTTTTATAGGTATAATCTAATGCTCCCTTATTAAAATCAGCAGCGGTTGCATTGTAATTCTTCCCATGCTGTTCGTAGGGAGATTTAGCCGAGGTTCCGCCTGTTGAAAAGCTTCCAAAATCACGATTAAAATAACGTTGGCTGTAGCCTGTTGCCAAATTTGCTTGAAGCAATAATTTAGTCGGCGCCGATTTCATAACCATATTGACAACTCCACCCACCGCATCGGCTTCCATATTTGGTGTTAGCGACTTGTAGACTTCTAAGCGTTCCAACATATCTGAAGGAAATAAATCCAAAGGGACATAACGGTATTTATTATCGGGACTTGGAACCTTTACACCATTCACTAAAGTGGTATTGTAACGTTTATCCATCCCCCTCAGAATAGCATATTGCCCCTCGCCATTCGAATTTCTTTCTATAGATACACCCGAAACACGCTGTACAACATTAGCAACAGTGATATCCGGAGAAATCTCTATTGCACGCGCCGAAACAACATTCATAATTTGTGACGCATTCTTTTCCAAACGCCTTGCACTAGGATCATCATCCCCTCCATTCCGACGTCCCTTTATGGTTACTTCCATTAATGTCTGTTCGGCAGATGTCAGCTGAAAAATAAAATGAGGTGTATTTTCTTTTTGAATTTCGATTTCTTTAATTAATTCGGCATAGGCCATATGCTTGATATGAACCTTATCCACACCTGCAGATAATCCTTTGAATTCAAACGAACCATCCAATTGTGTTTTGGTCGATAGCCCACGCTGTTCCAAGAACACTGTTGCACCAGCAATGGCTTCACCAGTCTGACCATCTAATACCTTACCTTTGATTTTGGTCGCATAAGCAGCGCTGACCGAAATACTGGAGGCAAGTAATACCGTTAAAAAGTTTTTCATTTTGATTAGATTATTATGAATCTTTGATTGTTGTCGCAAAGATGGCAGCCAATTCTATTCACACAAAATATCTAGCGTTACAACAAGGAAACAAGGTAAAAAGAGCACTATACAGCAAGGAAACAAGAAGATATAAAACACTAGTAAGCAGTAATTTAAAAACAAATTACACGCCATTAACATTCTATTACTCCTGTGTTAAAAAATTATGAAATACCAACGAGATAACCCGTCAGATCCTCTCCTTGTTCCAATCTTAATTTTTTTCGCAATCGATGTCTGGCAACACGAAGGCTATCTTGTGAAATGCCCAATAAGACGGCAATATCGATATTATTCAAATTTATTTTAAGCAATGCTATTAATCGCATATCTGCGGCCGTCAAATCTGGAAATCGTTGAATAAGTTTTTCAAAAAAGCTGTGATGTACCTTTTCGAAAGTTCCCATAAACTCTTTCCAATGGATGCCCTGCGTAATATTTTCATTGATTTGCAACACCAACTTCTGCATTTGTCGTTTTTGATCCCGGCGTTCGTCCTTAACCATTCCTTTTAATTCATCACGAAGTTCTTCCAAAAATTGATTGTTACGGATTAGATTTAAGGTATGGGATGTCAATTCCTTTTGCTTGAGTGACAGTTCTTGTTTGAGCTGCTTATCTTCAAGCAACTGGTTTTTAAGAGCTACTTCGGTCAACTCACGTTCGGCCTCCTGTTTTCGCGATTCAGTAATCTGATTTTTGATCTTAATTTTCTGACGACTATGCAATACATAGGACAATACAATTAACAAAATTAAAACCACGATTGTTCCCCACAGCATGATTAAGTTGATTCTTTTTGTTACCTGCAATTTTTCAATCTCCTCAGCTTTTTGATTCATATCGTAGAGCGCCTGAAAAAAAGCTGTATGTCGAGCACCATCTACGCTATACAGTTCAAGCACTAACTTACGGCTCTTTTCTGCATAAAAATATGCGCTATCCATCTGCTCACGCAAGGCGTAGGTCCTACTCAAATCTTTTGTCGTAGCAGCCATTTGATACACATCACCCAAACTTTCCGCCATCTGATAAGCCAATTGTGTCAGTTTGATACTTTCTGGATATTTATTGGTCTTTCTAAAAATATCGCCCATATTATTTATGACCACAATTTTTCCATAATTGTCTTTTGTTTCCGTATAGAGAGTACTTGCTTTTTCAAAATGAAAAAAAGCGCTGTCATACCTTGCAAGATCTTCATAAATACTGCCTAAATTTTCATGGATCTTGGCTTCTCCATTTTTATTACCCACACTGCTATAAATGGACAAAGCAAGATTCTGGTAGACAAAGGCGGAGTCGTAGTTAGCTTCCTTTTCAAATAAATGCCCTATATTCCCTAATGTACCTGCCGCTCCATTTTTATCCCCTTCTGTTCGGAAAGAATGTAGCGCCTTGTTAAAATAAACTTTCGCTACATCATGTTGTTTGTTGAAAATATTGAGCTCCCCGATATCACTCCAATTCGAAGCAAGATGCTGTTTTGAATTTAATTGCGTATAAATTCGATCGGCTTGAAAATAGTAGTCCTGCGCCTGTCCATAATGTCCCTGATTGACACATAACCATCCAATCGCCTGTAAACAATTGGCTTGTAATAATAAGTCTTTATCCGTAACAGCTTTTGCATAACGTTTTTTGACGAGCATAATTGCAGAATCAGGATGGTTTTGACTTAATCCTCTAATATCCTTAAAGGATACAACCTGCGCAGTCCCCGGATGCCACAAAAAAAGCTGTATAAAAAAAAGTAGAAACAAAATAATTTTATCAGAAATCCTCATATCTAACGTAAATAATCGAATTGCAAATGTACATGAAACATGTTAACACAATATTAAATCACATAAAGCAATACGAGTTTTAACATAAGGAAGGATGACTTATTTTTATCCGCCGAGCTCAACGATATACTATTAAAAAAGCCCTTTTATTGACGACAAACATCAATAAAAGGGCTTAAAAATAGACAATCCCAAAACCGGTTAATTACCCGATTTCAATTCAATGAGCGGAGTGATCCGTTCTAATATATCAAATGCCACCTCTGCCATTTTATTACCTTTATTGTCCAATAACGGATTAACTTCAACAATTTCAAAACAAATTACCTTTCCAGATCGGATGATCTCTTCTAAAATCAACACAATCTCCCTTGGCAAAAACCCCTTAGGCACTGGTGTTCCCGTGCCATCCGAGATCAATTCACTATCCATGCTATCTACATCAAAAGAGATATAAACCATATCACATGCTTCTAGGATTTTCAATGCTTCAGCCACACAATCGGTTATTCCCCGCTGTCTCGTATCTTCCACACGATAGTTCTTAATGCCAAGTCGTTCAATGACCAGATCTTCCGGTTCTTCCGTATCCCTTACACCAAAATAAATCAAATGATTGGATTGTATTTTACCTACTGGGCCAGCTATTCGTTTTAGTTTATTCCAAAATTCTTGTGTCGATTCGTCTATTTCATTAATTTTGCATGGCAAATTATCTTCATTCAACATCGCCGCTAAAGGCATTCCATGCATATTGCCTGAGGGTGTTGTGTGCGGAGAATGAATATCGGCATGAGCATCTACCCAGATTACACCGAGTTGCTTATCGGGATAAGCGGACTTTATACCACTGATCGTCCCCATTGCGGAGGAATGATCCCCTGAAAACACCAATGGAAAATTGCCGGAAGATAAGCTATCTTCAACAGTGGAAGCTACTTGTTTGCATTGTTCATAAATCTGCTGAATATGTTTCGCAAAAGGATGATTATCATTCTGATAAATGGAGCTATTTCGAGTCGGCACATCAACAAATGGATAGTTAATGAAATATTGACTTCCTTTATTAATTGCAGCTATCTC
