gap_id	start	end	length	sequence
CP177252.1_gap1	8619	10870	2251	GGGCGAAAGCAGCCGCAGCGCCTCGGCGGGCCGCCCCAGATCCAGAGCGACCCGCACCCGCGACGATTCGACCTCGGTGGCCGTCATGGGGATTTACTGTACGGGATCGGGGTGGACGGGATCGCGGCGCGCGGCCCTACAGCCAGCCCTTCTCCCGCGCCGTGCGGGCGGCCTCCACGCGGTTCTCTGCGCCTAACTTGCCGATGGCCTCGGACAGGTAGTTGCGCACGGTGCCTTCCGAGAGGCCCAGCGCGGCGGCAATGGTGGCCGTGCTCGCCCCGCCTTCGGCCTCGCGGAGCACCTGACGCTCGCGGTCGGTCAGGGGGTCGCTGTCGCCCCAGGCTTCGGCGGCGAGCTTCGGGTCGATGGCGCGGCCCCCGGCATGTACGCGCCGGATCGCGTCAGCGAGTTCGCTGGCGGGCGCGTCCTTGAGCAGGTAGCCGCGTGCGCCGACATCCAGCGCCCGGCGCAGGTAGCCGCTGCGCCCGAAGGTCGTGACGATCACGACTTTCGTGCCCGGTAGTTCCCGCGCCACCCGCGCCGCCAGCTCCAGCCCACTCAGACGCGGCATCTCGATATCCGTGACCAGCACGTCCGGCCTGAGCGCCTGCACCTTCTCCCACGCCGCCTCGCCGTCCGGTGCCCCACCGACGACATCCAGATCGTCCTCCAGTGACAGCAGTGCACTCAGGGCACCCAGCACGAGGGCCTGATCCTCGGCGAGGAGAACACGGATCATGGCCGCCTCCGGCGGCGCAGACAGCAGAGGGCAGAGGGCCAGAAGCGGTTTGCTGTCAGCCCTCTGCCCTCTGCTGTCTGCGCTCTGCACCCGTTCACGCCGTCACCAGCCCAGCCACCCGTTCGGCCTCGCCCGGCAGGGTCGCGCTCAGGGTCGTGCCGCTCCGGCCGTCGCGTTCCAGGGTGCCGCCGATGGCCCGGAGGCGTTCGCGCATGCCGGTCAGGCCGCTGCCCTCGCTGGCCGTCCCTCCCACGCCGTCGTCGCGGATCACGAGCCGCCAGCCGTGGCCGGCGCGGGTCAGGCTGACCTCGACGGCGCGGGCATGGGCGTGCCGGACGACGTTCGTGATGGCCTCGCGCAGCAGCATGGCGGCGGCCTGTTCGGTAGCGGGGGGCAGGGTGGGCAGGGCCTCCGTGACACTCAGCTTCACGCCGGCCGTGTCCAGCGCGACCTTGGCACGGGCGAGTTCGGCCCCCAGACCGCTGCCCCGGTAGCCGCTGACGGCCGAGCGGACTTCCGAAAGAGCTTCCCGCGAAATGCGCTCGACCTCGCGGATCTCGGCGGCGGCGCGGGCCGGGTCACGCTCGGCCAGCTTGCCCGCCAGTTCGCTCTTCAGCACGATCACGCTCAGGGTGTGGCCCAGCAGGTCGTGCAGGTCGCGGGCAATGCGTTCGCGCTCGGCGTCGGCGGCCAGCTTTTCCTTCTCAGCCTGCACCTGGGCCAGCCGGGCATCCGCGACGGTGCGGCGGTACGACGCGTGATTGGCATATGCGGCAACCAAGGTAAAGACCAGGTTCGGGGCGAGCCATGCCAGATCCTCGAGCGCGTAGGTTCCGCTCCAGAAGGGCGTGACCATGACCACCAGATTCACGAAGGCCAGCCACAGCGCCACCGCGACGCGCCCCTGGAAGCCGATGATGCTGCCGCCGTAGATCAGAAAGGCTGTGGCCGTGCCGCCGATCATGGGGAGCAGCACGAAATAGCCTGCAAGCGCATAGGCCCATCCGGCGACAGCCCACCTGACCGCGTGTTCCGGCTGGCGTACGAAAAAGACTCTCGCGTATACGGCGACAAAGCCTGCCAGCACGGCCCAGAACAGAAGCCCCTCGTCGGCCGGGCGCGGATGGTCGAAAAAGCCCAGCACCGGGTACGCCAGGAACACCAGCCACAGCAGCGGGAACCACGCCCACACGCCCCGCTGCCGCGCCGCCACGTTCACATGCATCAGCGTCCCCCCGCCCGCCACCGCAGCGGACACTGGCTCCAGGAACTGCGGGGCCACCGCAGGGCCCTGCTCATGGCCGGGCCAGGTCGTGCAGGGGACGCGGATCGACGTCCTCCAGCACGAAGTCCGAGAAGGTCACGCGGAAGCCGGCGTCGCCGGGGCTGCACGCCATCACGCCCACCTGGGCGTCCAGCGCGGGCGGGAACGGGGCCACGCGCAGCAGCGTCCAGGGCTCGCCGGTGCCGGGCCGCGCGTGCAGGATCAGCGCGTCGTCCCGACGGACGCAG
CP177252.1_gap2	16827	21014	4187	ACGGATACCGAATTCCGCGCTGCGCTGGCGGCGGTGGGCCTGCATGCGGATACGCTCTGAGGGAACAAAGGGTGCCCGCAGAAACCCCACCTCCGCAGAGGTGGGGTCGGAGGGGCCGGGCATGCGTCGAGGCCGTGGTCGTGAGTGGTGAACGGTGTGTGTCAGGGGTGAGCCGTGCTGGGCCTGCCGTGTGAAACCGGGATGGTTCCGGGACGTCGCCCCGACGCCGTCAAGGAGGTGCAGCCTTTTCCCCGCTGCCAGGTAGGCCTCCGCCCGCACGTGGCCCCTCCACCTGCACTGTACCGCCCTGTATCGTCCTACGCGCCCAGTTCCGTCAGCCAGTTGGTCTGCTGGATCTCGGTCTCGAGCTCGCGGCGCTGTTTTGCCAGCGCGTCCACCTGCGTCTGAAGGTCGCGGGCCGGCACGGCCGACAGGATGCGCACCTCGCTGTTGCTGTAGCGCGTCTGCCGCTCCGAGGCCGTGGCCGCCGCGCGGCGCAGCACCTTCAGGCGCAGGTCGAGCATGTCGCGGCGGGTCAGGGCGTCCGTCAGGGTCTGTCCGCCGGTCAGGGTCGCCCCCAAGTTCGCGCGGTGGATGCGGGGCAGCAGGGCCTCGAGCCGGGCAGCGACCTCCGCGAACTCGGCCAGGAGCTGCCGGGGGTCTTCCGGCGGGGCCTCGCCCTCCTGCACCAGCAGATTTCGGACGATGCGTTCCTCCAGTTGCGCGGCGCGTTTCTGCAGGTCAGCGCGTTCGATCAGGGCCTCGGCGAGTTTCATGCGTTCACGCTACCTTGTGAGCTTCGTTTCTAAGCCACTCGGCGCACGGTGTCGGGTCGGGCACGTTGTTATGCTGCCCTCACGATGGCTTTCGATTCGCGTGCCCTGTCTGCCCTGGATTTTCCCCGTATCTGCGACGCCCTCGCGCAGCGGTGCGCGACGACACTGGGCACGGAACGGGCGCGGGCGCTGCGCCCCTCGGACGACGCGGGGCGGATCGCGCGGGAGCTGGACGAGGTCGAGGACGCGCTGTTCGGCGTGAGCCTGAGCCTGGGCGGGATTCAGGACATCCGCGAACTGCACGGCCGGGCGCGTGAGGGCCGGGTGCTGTCGGGGCAGGAACTGCTGAACGCGGTGTACTCGCTGGACGGGGCGATGACCGTGCGGCGGGCGATCAACGCGAATTCGCGGGGGCCGCTGCGCGAGGTCGCCCTGGGCCTGGGCGAGCACTCGGAACTGGTGCGCCGCGTGCTGGGTGCACTCGACCGCGAGGGCAACGTGCGCGACGACGCCTCGCACCACCTGCGTGACCTGAGAAAGCGCATTGAGCCGCTGCGGGGGCGCATCCGCGAGCGGCTGGCGGCGTCGCTGGAAAAATGGGCGGACGTCCTGCAGGAGCACATCGTCACGATCCGGCGTGACCGCTACGTGCTGCCGGTGCAGGCCAGCCGCGTGGGGCAGGTACAGGGCATCATCGTGGACGCCTCGGCGACCGGGCAGACCTATTTCGTAGAACCGGCGGCGGTCACGCAGCTGAACAATGAACTTACCCGCCTGATCCTTGACGAGGAGGCCGAGGTGCGCCGCATCCTGACCGAGCTGTCGGGGCTGCTAGCGCAGGACGAGGACGTGCCGATGACCCTGGCGACCATCGGGGAACTCGACCTGATCGCGTCCAAGGCGCGGCTGGCGCGGGACTGGCGGCTCAACCGCCCCGAGCCCTCGCCCGCCGGGGTCTACGACCTGCGCGAGGCCCGGCACCCGCTGATCGAGAACCCGGTGGCGAACGACCTGCGCCTGGGCGACACGAAACTGCTGCTGATCACCGGGCCGAACATGGGCGGCAAGACGGCGACCCTCAAGACGCTGGGCCTGAGCGTACTGATGCACCAATGTGGCGTGTACGTGCCCGCCGCGAGCGCAAAGCTGCCGGTGGTGCGCGACGTGCTGGTCGACATCGGGGACGAGCAGAGCATCGAGGCCTCCCTGAGTACCTTCGCGTCCCACCTCAAGCACCTGCGCTACGTGCTGCGCCACGCCTCGCCGGACACGCTGGTGCTGGTCGACGAGCTGGGCAGCGGCACCGACCCGAACGAGGGGGCCGCGCTGTCGCAGGCGATCATCGAGACGCTGCTGGCGCAGGATGCACGCGGCATCGTGACCTCGCACCTGTCGCCACTGAAGCTGTTCGCGCTGGAGACGCCGGGCCTGAAGAACGCCAGCATGGGCTTTGACGTCGACACCCTGTCGCCCACGTATGCGCTGCTGGTCGGGCAGCCGGGCCGCAGCTACGCACTGGCAATCGCACAGCGCATGGGCCTGCCGGACGATGTGCTGGAGCGGGCCACCACGCTCCTGGGCGAGGATGCCGGGATTATGGAACGGATGCTGGAGGGTCTGGAACGCGAGCGGGCCGACCTGGCCGCGCAGCTGGACACTGCCACCGCCGCCCGTCGCGACGCCGAGGGCGAGCTGGGCCGCGTGCGTCAGGAGCGTGAGACGCTGGAAACGCGCCGGAACGAGATGCTCGCTGAGGCCGCGCAGAAGGCCGAGTCGCTGTACGCCGACGCTATCGAGCGCGTGCGTACCCTGCGGGCACGGGCACAGGAGGACGGGGCACGCCCCCGCGTCATGCAGGAACTGCGCGACCTGCGCACGGCTGCTCAGAAAGCCCGCCCGGCCCCCCCCGTGCGCGAGGAACGCGGCGATCCGATCCGCGTGGGCAGCCGCGTGGACGTGCCCGCCTACAACGCCTCCGGGCAGGTGCTGGAGCTGCGCGGCGACGATCTGGTCGTGCAGCTCGGTGTGATGAAGGTGGGTGTCAAGCGACGCGACGTGCGCGTGCAGCCCGAGGTCAAGGTGCCGGTGGCGCGTGGCGCGTTCGTGGGCCGTGCCCCCACCACCTTCCAGGCCGAACTTCAGCTGCGCGGCCTGGGTGTCGAGGAGGCCGTGGAGGAACTCCGCACTGCGATCCTGGAGGCGTCCGCGCTGAAGGAGAAGCAGCTGCGGGTCGTGCACGGCAAGGGCCAGGGCGTCCTGAGGCGGCTCCTGCGCGACTACCTGAAGACCGACCGTAAGGTCGAGTCTTTCCATGATGCCGAACCCAACCAGGGCGGCCACGGCGTGACCATCGTGAATCTGCGGGCGTGACCCTGCGAACCTGAACACACCGACGGCAACAGGGGTTCTCACCACCTGTGATGACGATGTGCATGTCCGGCGGGTAGGGTGGGGCGGTCATGTCACCGCTCCGCCGTTCCCGAGTCCTGAATGTGATCCGTACCGGCCTGGGGCTGGCTGCCCTGGGCGTGTCCGCCGCTCAGGCCCAGACTGTGCGGTTGCACCTGCCGAACAACTACATGAGCCGCTTCGGCACCTCGGAGATCGCGTACACGACCGACACCGGCTACGGCGTGCGGTACATCCCGCTGCCCACCGATCCGGACATCCGGCTCTCGGTGGTGAAACAGGCGAATTACTGGGAGATTAACGCCGGCAGCCGCGTGAACGACACGACCCTGGCGGGCGGCGTGTACTTCAACGGCTACGGAGCGGCGGCGGGCATTCCCCGCATGGAGTACACCCACAACTCGGATCTGGGCGTGCAGTACAGCGCCCTGGTGCAGGGGGGCGGCCTGCACTCGCACCTGTCCGGCGGCTACGCGGCGAGGTTCGTCGGGAACCGCGTGCGCGTGCTGGGCACGGCCGGGATTGCCACGCAGGCGGACATCGTGGCCCCCTACACCCAGGCCGAGGTGGCGGGCAGCGTCGACCGGGCGTTCGGGGTGGTGAACACGGTGGCGGTGGCGACCCTCAGGACATCGCTGTTCCCGGCACAGGTGCAGGCACTGGGCAACGTGGATCTCTACGTGGCGGCGTCGTCCAGCCCGCTGCCGGGCCTGTCGCTGGCTGCCTCGCACTTCGAGCGCTTCGTGGTCGGCTCGGTGCCGCTCCCCGACTTCGGCATGGGGCGTGCCGAGGAGAGCAGCGCGTGGGCGCTGTACCGCTGGCCGACGACCGGGAATCTGGTGTCGGTGGGCGCGGTGCGGGGCCGGGCCGGGCGCAACTGGATCTCCGGGTACACGACCGTGTGGGCCGACGTGCTGCTGGACGTGCGGGGCCTGCCGAACCTCATGGGGCCGGGCGTGGGCTACCAGTTCGGCCCTGACGGGAAGGACAGCCGCTGGTTGA
CP177252.1_gap3	31477	32734	1257	ATGCTGCTCAACGCGAACTCGCCCATCACGGGGCGCGACCCGATTCCCTACGTGCGTGAACTCGCCGGGATCGGCGGCACCGTGCTGGCGGGGGCCTTTGTGGTGCTGGCGTACACCTTCAAGAACCCCGGCCCGCTGGCGGCGGCGTCGCAGGGGCCAGCGGCGGGCGCGCTGGACACGGCGACGACCGGGCTGCGCGGCGGCACGGCGCAGGTCATGGGTGAGACGCTCCTGACCCGCTTCCTGCTGCCCTTCGAGGCCGTCAGCATCCTGCTGCTCGTCGCCATCGTGGGGGCGGTCGCGCTGGTGCAACGCCCGGCGGCCCAGCCAGATGGCGTGCCGGACACGGATGAGGTGCTGTTGCCCTCGGCACCGGAACGGCTGCCCGAGCGGGAGGTGCGGGCGTAATGGTGCCGACGACGAGTTACGTAGCCCTGTCCGGCGTGCTGTTCGCGCTGGGCATGATCGGTGTCCTGACCCGGCGCACGGCGATCATGGTCTTCCTGTCGGTGGAACTCATGCTCAATGCCGCGAACCTGGCCCTGGTGGCCTTCGCGCGGGCGTGGAACGACCCGACCGGCCAGACCGCCGTCTTCATCGTGATGACCCTGGCCGCCGCCGAGGTGGCGATCGGCCTGGCGATCATCGTCGCCATCTTCCGTAAGCGCGAGACGACCAACGTGGACGATCTCGCGGGCATGAAAGGCTGAGTGCTCCGGGTGCCCCTGTTCCTTCTTCCCCTCCTGCCGCTGCTGGGCTTTGCCCTGCTGATGTGCCTTCCCCGCCTCTTTCCCGGCAAGTCCGGCGGCTGGCTGGCGTCCGGGCTGGTGCTGGTCAGCTTCCTGCTCGCCGTGTCGCGCTATTTCGGCCTGACCGACACGCCCCAGAGTGAAACGCTGTGGACGTGGCTGCCCAACATGGCCCTGGGCGAGGGAGGCGTCACCGCCAACCTGTCCGTGGGCTTCACGTGGGATCAGCTGTCGGCCCTGATGACCCTGATCATCACGGGCGTGGGCTTCCTGATCCACGTCTACTCGATCTCGTACATGGGTCATGACGCCCGGTTCACGCGCTTTTTTGCCTTCCTGAACTTCTTCGTGTCCATGATGCTGATCCTGGTGCTGGCCGACTCGTACCCGCTGATGTTCGTCGGGTGGGAGGGGGTGGGTACCGCATCGTTCCTGCTGATCGGCTTCTGGTTCTCGGGCCGGGGCAATCCCGCCGACGCAGCCACCTTCGCCACCCGCGACGCCGAGG
CP177252.1_gap4	39276	41025	1749	GCGTCGGCGTGGGCGTCGATCAGCAGGACGCGCGCGCCGGTGGCCGCCACGCTGCGGGCCAGCCGGGCGGCCACCGCGCTCGCGCCGGCGGTGTCCTGGGCCGCGCTCACCACGACGCGCTTCGTGCCGGGTTCCAGCTGGGCCAGGACGTTGCCGCGCAGCAGCGTCACCGCCTGATCCACTGGGGTGCCGGGCGTGTCCAGGGCCGCGCCGGCCAGCGTGGGCAGCCACCCCAGTTCCCGCACGCCGGCCACCGGAGTGGGGATCTGCGTTCCGGGGCGGCGTGGCGATCCCAGCCGTGCCGTCAGGGTGGTGCCCAGGGCGGTCACGGCCGCGAAGACCAGCAGCGCCGGCCCCAGCGGCGAGCGTGATCCAGACCGGGTCGGCTCGACGGCGGCGGCCAGCGGGTACAGCGTGCCGGTGGCGGCCTCCTGTACCTGTTCGAGCTGCGCCAGCCGGTCAGCCGCGATCTGCCGGGCCTGGAGCAGCGCCTGACGGCGGCCGGCGTCGGTGGCCGCCGCGATCCGGGTATCCAGGGTCGCCAGGTACGACCGCAGGCTTCGTTGCAGGCGCGTGACACCCTCGACCGCCCGCTGCCGATCCCACGCGAGCAGGGCGTCGGCCGCCGTGTCGGCCAGCACCTTCGCCTCGCGCGGCGCACCGGCCCGTGCGGCGACCACGTAGGTGCCGCCCTGCTGGTCGTTGATCTGCGAGGTCACCGTGAGGGTCTCGAAGTCCTGGGTGCCCAGCTCCGAGCGCAGCGTGTCGGCCAGCCGGGTCACGGTGGCGGCGTCCAAGCCGCTGCCCTGCATGCGCGTGACCATGTCCTGCACCAGCGCCTCGCTGTGCAGTGCCCGTTCGACCGCGCCCGGCGGCAGGGGCGGGGCGGTGGTGAAGACCGGGTCGCTGCTGCCGGACGGGGCGGACATCAGGCTGCTGGTCGCCGTGTAGTCCGGCGCGCGCAGGGCCAGGGCACCCCACGTGAGCAGGGCCGCCGCGGTGGCCGCGCCCAGGATCAGTGGGGCGTCGGTGCGCAGGGCGTGCCACAGGCTCGCGGCGCTCCAGTCGGTGGGGTGGGGGGGGCGGGGGGAATGCATTCGTACCTCGGGCGGGGCGCGTGCAGGAGGGCAGCGGCGGTCAGCTGCCCCCGGTGTACCAGGGCCGGCGTTTCCGGAACATCAACATCCGGGGAAAGGTGGGGAGGGGTCGTGGGGCGGTCGGTCAGCCGGGCGCGGCCTCCCCTGGGTCGGCCACGGCGGCGGGGGCGCGGGTGCCCAGCACCTCGCGGTAGATGTCCAGCGTGCGCGTGACCATGTGCTCGAAGGTGAAGTCCGCCAGGAAGCGGGCGCGGCCGTGCTCACCCATCGAGCGGCGCAGGTCGGGCGAGCGGATCAGTTCAGAGAGTGCCCCGCGCAGGGCGTCCACGTCGGCGGGGGGCACCACCCGGCCGGTCACGCCATCCGTCACGGACTCGCTCACGCCGCCCACGTCCGAGGCCACGACCGGCAGCCCGGCCCGCATCGCCTCCAGGATCGATCGGGGAAAGCCCTCCCAGTGGGTGGCGAGCACGAACACCTGGGCCTGCTGGAGCTGTTCGGCCACGTCGCGGCGCGATCCCAGGAAGCGCACCCGCTCCTCCAGGCCCAGCGAGGTCGCCAGAGCCCGGGTGGCCCCCAGCAGCGGGCCGTCCCCGATCAGGTCGAGTGTCCAGGGCCACTCGGTCAGGCCCGACAGAGCCCGCAGCAGCGT
CP177252.1_gap5	195870	196627	757	AGTGCCGGTGCTCATCGCCATTCGCAGCGCCGCCCGTTACCGGAACAGTTCCGGGTGGATCAGCCGCGCCAGCGACCGCAGTGCGGCGGGCAGGCGGGGGCCGGGCCGCGACAGGCTGCTGCTCAGCTCGGCGGGCAGTTCGATCACCCGACCGGATTTCACGGCGGTCAGGCCTGCCCAGCCGGGCCGCGTCGCCGCTGTCTTCCGATCCACGCCCAGCATCAGCTGCGGGTTGGCCTTCACGATGAACTCGGGATCGACCTTCGGGAAGTCGCCCATGCTCTCGGGGATGATGTTCCGTGCGCCCGCCTTGGTGAGCAGCACGCCCATGAAGGACTTCGGCCCGATCGAGTACGGCGTGGGGTCGATCTCGAAGTACGCGGTGGGCTTGTTGACGGCGGCGCGGGTGAGCACCTCGGTTCTGGCGATGTCGCGGGCCATGGTGGTTACCAGGGCCTTGGCAGCGGCCTCACGGTTCACGACCCTGCCCAGGATCAGGAGCTTGCTGAACACCTCGTCGTAGGTCTCGGGGTTCAGGGCGAACACCGTGATGCCCGCCTGCGTCAGGGTCTCGCTGACCTTGCCGTACTTGCTGACCAGCACCAGATCGGGCTTCGCGGCCACGATCGCCTCGATGTTCGGCGTGTACAGATCGCCCATCTTGGCCACGTTCTTCAGCTGTGCCGGGTAGTCGCTGTACTGATCCACGCCCACCAGACGCTCGCACAGGTTCAGGGCACACAGCGTCTCACTGGTA
CP177252.1_gap6	212773	214671	1898	GTTCTCGGTGACCACGTGCCGCGCCCGTTTCTGAAGCAACTCCGGCAGGCCGTCCAGGGTGGCCACGTCGGTCACGTCGCGCAGTTCCCTCACACCCAGAAGTCGGGACGCCTCCTCGACCTGGGCGCGGCGCTCGTTGTAGCCGCTCTCAGCGAGGCGGCGCGGCACGCCCGAGTCGATCACCAGCACCTCCGCGCCCGCCGGGAACGGCACGGCGCGCCTGTCCAGGCTGCGGGTGTCGATGAGCAGCATGGTGTCGGTGCCCGCCAGACTGGAGGCCATCTGATCCATCACGCCGCACTTCACGCCCACGAACTCGTGCTCGACCTTCACGCCGCGCAGGGCCAGCGCCACGTCATCGAGTTCCAGGGCGTACAGGTCGCGCAGTGCCCGCAGGGTGGCGACCTCCAGGGCCGCGCTGCTGCTCAGGCCGCCGCTGGGCACGTTGCCCTGGATGAACACGTCCATACCTTCCTGCACGCCGCTCAGATTCAGGCAGCCGGTGATGTACGGCGCGAACTCGGTGCCAACCTCGCCCACCGGCACGCGCAGGGTCGTGCGGCTATTGGCGCTGTGCAGGACGTGTTCCGGGCTTCCGTTGCGGCCTACGCTGACGGTGATGCGCTGCGGGATGGCGGTGGGCAGCACGAAGCCGCCCTGGTAGTCGGTGTGCTCGCCCAGCAGGTTCACGCGGCCCGGTGCGGACGCGGTCGCCTCGGGGGTACGTCCGAACACGGTCTCAAAGCTGCTCAACGGCCACCCCCTCCAGGGTCACGGCCCGCAGTTCCTGGGCGGCGACCTCGGGGAATTTGTCGTTGGCGAACTCGCCCGCGCCCTGTTCGGTGCCCGCGAGGTACTTCATGCGGCCCGGTGCCCGCAGGTACGGATAGACCTCGATGTGCAGCGGGAACGCCGGATGCGGCCCGTCCAGCGGGGCCTGATGCACCGTCAGCAGGTACGGCATGCGGCCCCCGAACAGCCCGTCGAGTCGCCGCAGCGCGTCGCGCAGCACACGCGCAAAGCTGGCACGCTCGGTGCCCGTCAGCTCGGACAGCAGACTGACCGGCCGCGCCGGCAGCACCCACGTCTCGTAGGTGTAGCGGGCAAACGGCGGCACCACACTGAGCGCCTCGCCGTCGTCGTGCACGATCCGCTCGGCGGCGGCGCGTTCCTCCGGCACGAAGTCCGCGATCCACGGGCGGCCCAGGTCGGCGTGGTAGGCCTCGGCGCTGCGTAGCATGGTCGCCTGCACGGGCGGGATGTGGTCGTAGGCATACAGCTGCCCGTGCGGGTGGTGCAGGGTCACGCCGACCTCCACGCCCCGGTTCTCGAAGGCCAGCACGCTCTGAATCGTGCCGGTGGCGGCGAGCCGCGTCGTGCGGTCGGCCCAGACCTGCAAGAGCAGCTCCATCTGTGCGTCCGAAAGATCGCACAGCCGGCCCGTGGCGTCCTGGCTGAACACCACGACCTCGCACGCACCCACGCCGGCGCGGGTGTCGGCAGGGCCGGCGTCCGGCTCGGGGGCCGTCAGGGTCAGGCTGGGAAAGCGGTTCTGGAACACGGCGATGTCGTACTGGCCGCGTGGCAGCTCGGTGGGGTGCTCGGGGTCGCTGGTCGGGGCCAGGGGGTTGTACTCGGGTGGGGGCAGGAAGGTGCGGCCCAGACGGTGCGCGGCGTACATGACCCACTCGCTTCTCAGCGGGTGCCAGCGCATGACCGGGCGGGCGTCGACCGGTTCCGGGCTGGGGCTGGGAATCTCGCTGTCCACGCGGATCGGCTGCAGGCCGTACAGCGTCAGCGAGCGCCCGTCCGGCTTCGTGAAGTCCTCTTGGTGCATGGGTGCCATCCTATCCTCCTGGGTTCGTTCAGTTCCGGACTTGCGGCAGGCCACCGGCCCG
CP177252.1_gap7	220475	223845	3370	TCCGGGTGCCCGGTGCGGGCGTAGCGGGTCTTGACCTCGTCATCCGTGTCTGGGGGCGCGAAGAATTCCAGCATGCCCAGCGGGTAGCTGTCCCACGACGCGAAGTCCAGGCCCCACGCGACCTCGTAGTGATCGAAGCCGGACTCAAAGATCATGAAATTGTGCGTGATGAAGCGCCCCGGCGACATCTCGCGCAGGATCTCCACCTGCTCGCGCTGGAACTCTGCGATCAGGCCCGAGCAGAAGCGGGCGTAGTCCAGCACGTGCGACGGATTGAGTTCCGTGACGGTCAGGATCGGCGGGCGGATCTGATCGAATGCCGCGTACTCCATGCTCCAGAACACGTTGCCCCAGGCCTCGTTCAGGCGCTCCACGACGCTGTACTTGCGGCGCAGCCACTCCGGGAAGGCCGCCGCGCTCGCTCCGCCGTAACTGCGCGATGTGGCGTGGCAGCCGAACTCGTTGTCGGTCTGCCAGCCCGCGACCGCCGGGTGACGGCCGTAGCGCAGCGCCATTGCCAGGGTCACCCGGCGCGAGTGCTCACGGTACACGGGCGACGCGAAATCATAGTGGCGGCGGGAACCGAATTCCCGCACCCGGCCCTGCTCGTCGTGGGGCAGGATTTCCGGGTGGGCGCGGATCAGCCACGCGGGCGGCGTGGCGGTCAGGGTACACAGCACGACTTTCAGGCCGGCGGCGTGGTACTGCTCGACCGCGTGATCCAGCCACGACCAGTCGTAGCGTCCCGGTTGCGGCTCGATGCGGCTCCACGCGAACTCTGCGATCCGGACGAAGTGCAGGCCCGCGTCCCTCTGGTGCTTGGCGTACCGTGCCCAGCGCTCCTGGGGCACGTGTTCGGGGTAGTCGCAGGAACCCAGCAACAGATGGGGAGCGACAGAGACAGACGGTTGGGTCATACCCCATCCTCCACCACACAGGACATCAGATGCGAGTGTAGAGCCCTGCCCTGTTACGGAACCGGGGTGAACCGAAGACGGATGTGAGTAGAGCGAGCAGGAGCAGGCCGCATGGAACGCTGGAAATCTATCCTGGTCTGTTCACGGCATAGCGTCAAATCGTTCCATGTGCGCTGCGTAGACGTTCCTCGCCGCCGAACCTGTGGTGGGTCAACATTGCCTCCGGTGCTCCGAGTGGGCACCGGGGTCGCAGGGTGCTGCAGTCAGCCGACGTCGACGAGTTCCACGTCGAAGATCAGGGTCGCCCCGCCGGGAATCACGCCAGGGACGCCCGCCGCGCCGTAGCCGAGGTGGGCAGGGATGGTGAGCTTTGCCTTGTCTCCCACGTTCAGCTGCGCGATACCGTCGTCCCAGCCCTTGATGACGTAGCCCACACCCAGCGGAAACTCGATGGGCTGCCCACGGTCACGGCTGGAATCGAACTTCTGGCCGCTTTCAAGGGTTCCGGTATAGTGCACCTTCACCATCTTGCCCATCTGTGCCGGGGCACCGTTGCCCTCGTGGTACTTCTCGACCTTCAGTTCCTGCGTCATGCGGGTCAGGGTACGCCCTGCCTAGCCGGATCTCCCCGCACCCTGAAGCGAACATGAAGATCAGCCCAAGGTGGTGATCCGTGCCTGCTACCCTGGGCAGCCATGACTGGTTCCCGCACCCCCCTCCCGGCAAGTCCGCTGGCGCGGGCGTGGCGGACGTGGATCCTGGGGGCACTGCTGCCGGTCTACGTGTTCACGACCTTTGTTGGCACGCTGGCCCGGGTGAACGGCGACTCGATGGATCCGACCCTGCACAGCGGAGACGTGCTGGTGCTGCTGAAATACCCTCGCTGGCAGCGGGCCTGGGGCCTGGGCGGGGCATATCCGCGCCGGGGGGATCTGCTGGTCTTCAAGGCCCCGGCGGACAGCCCCTACGCCTACGAGACCGTGTGGGGCGTGCGGCACCGCCCCTACAACATCAAGCGGGTCGTCGCGCTGGCCGGCGATTCGGTCGGCGTGCAGGATGGTCGCGTGACCGTGAACGGTCGCGCCCTGCCCGAGCCCTACGCCAGCGAGGGGTTTGTGCAGGATCAGCCCGCCGAGGTCGTGCCGCCGGGCAATGTGTGGGTCATGGGCGATAACCGCCGCCTGGGCGAGAGCCTGGACAGCCGCGCCTACGGCCCGGTACCCCTGCGGGACGTGGCGGGGCCAGCTGACATGCGATTGTGGCCCGATCCCGGTCTCGTGCCGCGCTGAGGTACGGGTGAGCCGGCCGCCTGTCTGTGCCAGCGCGATCCCAGGAGCTGGCGAGACCACGACCGACCGGTGATCGTGGCCTGGGAGGAGCCTGCACCTGATGTCTGTGGCCGCTGAGCGCCCGCACCCTGAGGGCTGGCTCAGTGTTCAACAGGATCAGGCCGACGTCCAGCCAGGCAGTGTCTACCGGGAGACGGAACGCCCGCTCAGTCACATCTCTGTCGACCTGCGTGGTCAGAACACCGAATGTGGCAGGCACCTGAGAAGCGGGGTGGGGAGCGGAGTTCGTGGCAGAGGGACACGGAACGGCTGCCACGACTTCGCGGCACTGCTCTGAACCTGCTGGCTCTGAAGGGCACTCAATTCCTGGAGATGTTGAGCGCATGGCTCGGTTCTTCAGTGCCTAGCGATTCGGTGGCGGGGCGGTCGATTCTCGGACAACCAGTTCCGTCTTGAACGGCGGAGGCATAGAGACGGCGCGTCCCTCAGCGAGGTCGACCAACATGTGGATGGCCAGCGTGCCCATCTCGTGCAGTGGCTGGCGCACCGTGGTGAGTGCTGGACGGGTCTGGGACGCGATGGGGAAGTTGTCGAAGCCCACCACCGACAGGTCGCGTGGCACACTCAGGCCCAGATCCTGGGCCACGTGGATGGCGCCGATGGCCATGGCGTCGCTCGATGCAAAGATGGCAGTGGGGGGCCGGGGCAGGCTGAGAAGCCGCCGGGTGGCTATCTCGCTGCTGGCCTTGCGGTAATCGCCGTCCTGCACATAGGCGCGTGGCACCTTCACGCCTGCCTCGCGCAGGGCGTCTTGGTAGCCGCGCAGACGTTCGGCGGCATCATCGCGGTCGTCGTCGGCCGAGTGTATGCCCGTGAGCGGATCGACCCGGAAGGCGCGTGCTCCGGTGATGATCGCGATGCGGGTATGCCCCAGGCCGAGCAGGTGCGCCATTGCCTGGTGCGCGCCACCGTAGTTGTCCACGCTCAGGGGGCGCGCGCTCGGGCCGTCCACACTGATCACGTGCTCTGGCAGCTGACCGGTACTCAGATGGTCGTGGCGGTCGGGCTGCACGAGCAGCGCCCCGACGGACAGTCGGCCCATCACAGACACGTCGCTGGCAGTGCGGGTACCTCGCATCAGGACGGCCAGATCGTAGTCCAGAC
CP177252.1_gap8	311491	316365	4874	GCATCGGCCCCTTTCCCACCGAGGACGAGGTGGACGCCGACCTGATCAACGCCGGCAAGCAGACCGTCACGGCGCTGCCCGGCGCGAGCATCTTCTCCAGCGCCGACAGCTTCGGCATGATCCGGGGCGGACACGTGAACCTCGCCATCCTGGGGGCCATGCAGGTCAGCGAGCACGGCGACCTGGCAAACTGGATGATCCCCGGCAAGATGGTCAAGGGGATGGGCGGCGCGATGGATCTGGTGGCCGGTGTGCAGCGCGTCGTTGTGCTGATGGAACACACCGCGAAGGGCGACGCGCACAAGATCCTGCGCGAGTGCACGCTGCCCCTGACCGGCAGAGCGGTGGTCGACCGGATCATCACCGACCTGGGCGTGCTGGACATCACACCGCAGGGCCTGACCGTGGTCGAGCTTGCCCCCGGTGTCACGCTGGACGACCTGCGGGCGAAGACTGGCGCGGATCTTCAGGGCTGAGCGGAGGCGACGGGAACGGGGCCGGGCACGTCTGTCGCTCGGCCCCGCTTCCGTCTCAGTTCAGTCCAGCACGCTGATCCCTGCCTGCTGCACGCGGCTGCGGACGTCGCGCACGCCGTCGCCGTTCACGCGGATCACGAAGCGCAGCTTGCCCGGCCCGCCCGGATACGTCGCCACGCTGATGATGTTGCTGGGCAGGATGGCGTCGGTGGCCGCCGCGAGACTGCCGGGCACGTCGTCCATCTCCAGGGTCAGGCGCTGGCCGCCGCCCTGCATGCCCAGGATGCCTGTAAACGCCTGGAGGATGTCGCGGGTGGTGATCATGCCGGTCAGCTGCCCGGCGTCATTCAGTACCGGCAGGCCGCCCACGCGGTGCTCCTGCATCCGCAGGGCGGCGTCTTCCAGATATTCGTTCTCGGCGGCGGTGACGACCGGCCGGGCCATGACCTCCGAGACGGTCAGCTTGCTCAGCAGGTAATTCAGTTCCCACACGCTGAGGGTTGTGGCCTTGCTGGGCATGGCGTCCTTGAGATCCTTGCGGGTCGTGATCCCGATCAGTCGCCCCTGATCCATGACCGGCAGGCGGCGGAAGTGGTGATCCTTGATGATCCGCAGGGCCTCCATCACGGGGGTGTCCGGCGTGATCGTCACAGGCTCGCGCGTCATCCAGTCTTTCACCAGCATGGCATCAGTCTAGTTCACCTGTGCCCCGCACACGCACCTGACGCACAGGTGACTTGGCACTTCATTCGGCTCAGAAAGGCACATGCTAGCGTTTCCATCATGAAGATTTCCTCCAAAGCGCTCGCACCGGTGGCCATTGTGGCTGCCTTTGGCCTGGGTACCCTGGCCCCGCACGCCCAGACCGCCCCGCAGAAGATCGGCTTCGTCGACGTCTCCAAGCTGCTGGCCGCGCACCCCAACGACAAGGACATCAAGGCCGTGCAGGCCAAGGCCGACGCCGAACTTCAGGGCATCGACAAGCAGATCAAGGCCATCGACGCCAAGGGTGCGAACGCCACGGCCGCCGAGAAGCAGCAGCGCGAGACGCTGGTCGCGACCATCAAGGCCAAGGCCGACGCCTACGACAAGCAGATCAACCCCAAGATCACGGCCGTTGAGGCGTCTGTGGATACGGCGGTCGGCGTGGTCGCCAAGGCCAACGGGTACTCGATCGTCATGGACAAGAGCGTGGCGGCCAAGAGCGGCCTGGTCATCTACGCCGATCCGACCACCGAACTGACCGACGCGACCGTCAAGGCGATGAAGCCCTGATCCGCATCATCCGCGGCACTGCCCGCAGTGCGAAAGGAATGCTGTCTTGAACCGAATCCTGATGTTGCTGCCCCTGGCGCTGCTGGCCACTGTGCCTCACGCCCAGCAGCCCAAAGCCCGCGTGGCCTTCGTGAACGTGGATACGCTGGTGAAGGCCATGCCGAACAGCGCCGCGTACACCAAGGCCATGACCCAGGCCGAGACTGACCTCAAGGCCCGACGCGCCTCGCTGCAGACTCTGCTCGCCAAGGCCAGTTCGAGTGGCAGTGCCGCCGACCGGCAGGCCGCGACCAAGGCCCAGCAGGCCTACGCGACCTTGCAGGCCGACCACACCAAGAAAATTCAGGCGGCCTTCGCGCCCCTGAGCACCAAGCTGAACGCGGCCGTCGCACAGGCCGCCAAGGCCAACGGCTTCACGGTCGTCATGGACGAGAAGGTCGCCGCGCAGACCAGTCTGGTGCTGTACGCCGACAAGAGCACCAGCCTGACCGCAGCAGTGCAGAAGCTGCTCAAGTAGGTCGGAAAACCCTGCTCGTCAGTACGCCGCCCGTGATCACAGGTCACGGGCGGCGTGCTGTCTGGTGGGGTCAGACAAACGGACACCGACTCGGGACTTCCCTCTCCGGGTCGGTGCCGTGGTGTGGTGAGTCGATCAGGCCTGGGCGCTCTGGCCCTCGAAGGCGGCCTTGAACTTCTGGAGGTCTTCCGCGATCTGCTGGCTAGGCTCCTCGCCGAACAGCTTGGCCACGGCGGCGCCCAGCGGGCCGGCGGGCGGGCGGTACGACAGCGCCACGTGCACGCGGGTGTGGCCATTGGGCAGTTCCTCGAACTGGACGCTGCCGGCATTGTCCACCGTCGCGCCGGGCAGTGAGTGCCACCCGATGCGCTGGCCGGGCTTGTCGTTCACGATCTCCGCTTCCCACTCGACGTGCGTGCCCAGCGGGGCCTTGGCGACCCAGCGGCTGCGCTTGGCGTCGAGTTCAGTGACGCTTTCCAGGTGGCTCATGATGCGCGGCAGGTTCTCCAGCTTGCGCCAGTAGTCGTAGACCTGCTGTGGGGCACGGTCGATCACGACGCTGTGCTCCACGAAGATCGGCTTGGACGCGGCAGAGGTGCCGCCCAGTCCGGCCGCCGCCATCACGGGGTCGTTGCCGGTCGCGGCGCGGTACGCGAGATAGCCGCCCACCGCTGCCATGCCCAGGCCCAGCACACCGCGCTTGCGCAGGCCCATGAGTACAAGGGCACCACCGGCGGCGCCCGTCATCATGCGCGTCTGATCCATTCCAGTCTGGTTGTTGGTCATCTTGTGTCCTCCGTGAGTGGCAGTGTAGGCGTCCGCGATCTGGGTGACGTGAAGGCTTGACCAAGCGTGCCTAGAGTAATCCCCGGTGCCGCCTTCACTCCGGCCCGTCCTCCGGGGCATGCTGGCGCTCGATTTCCTCGGTGGCGGCGCGGTCTGGCCCGGTCTGCGGGCCGCCCTGGGTGTTGGTGTCCAGATTGGTGTTCGCGCCGTGCGTGGCCGTGTCGCTGCCCGTGTGGGTGTCCATGGTCTCGGGGGTGCTCAGGGTGTCCTTTCGGTCGTCTTCCATGCGGGTGTCCTCCAGTGTCGGCCCCAGGTGGGGCGTGCTCGATCCGCATGGTCTCGTGGGATACGGCTGCGTGGGTGTACCCCGCCTTGCGGGGAAATTCAGGCTGACCGTGACCTGCGCGGGGCACGCCCTGCCCGCCGTGCTCTAGGCTGGGCCGGATGAGGGTGCCGTCCACTGCCGCTCCTGTTCCCGGCCGGATCGATCCGCTGTCCCTGGCGGCGATCCTGGTGACCATCGCGTTCTGGGCGTCGGCCTTCGCGGGCATCCGGGTGGGCCTGGAGACGTTCACGCCAGGCCACGTGACGCTGTACCGCTTTCTGGTCGCCGCCGCTGCGCTGGGCCTCTACGCCGTGGTGGCGCGGATTCCGCTGCCGCCCCCCGCACTGGCGGGCCGCATCGCGCTGCTGAGCTTCTTCGGCATCACGCTGTATCACGTGTGCCTGAACTACGGCGAACTCACGGTTCCGGCGGGCACCGCCAGCCTGATCATCGCGGCGGGGCCGGTCATCACGGCGCTCCTTGCCACGCGCTTCGCCGGGGAACGGCTCAACGCCCTGGGGTGGCTGGGCACGCTGGTCAGTCTGGTCGGCGTGACCGTGATCGTGCTGGGCAGCGGCCAGGGCGTGAGCTTCACGCAGGGGGCGCTGCTGATCCTGGCGGCGGCGCTGTTCACCTCGGTGTACTTCGTATTCCAGAAGCCGGTGCTCAGGGTCATGAACCCGCTGCACTTCACGGTGTGGTCGTTGATCCTGGGCACCGTGCCCATGCTGGTGTTCCTGCCGGGCTTCGCGTCCGAGCTGCGGGCCGCGCCGCTGGATGCCCACCTGGCCATGATCTACATCGGCGTGTTTCCGGCTGCGCTGGCGTACCTGACGTGGACGTACGCCCTCTCGCGGGTGGGGCCGAGCGCCACCACGTCGTTCCTGTACGTGTCGCCGGTCTTCGCCATCCTGATCGCGTGGCTGTGGCTGGGCGAGGTGCCGCACGTGATCTCTCTCGTGGGCGGCGCGGTGGCGGTGGCGGGCGTGGTACTCGTGAACACCGTGGGCCGCCCGCGCCCGGCGGTGACGCCGTGACCGCTGCCGCGCCGCCGGTGGAGGTGGACGCGCCCATCCGACTGGACGATGTGGCGGTGCGCCTGGGGGGCGAGACCATCCTGGGCGGCGTGACGCTGGACGTGCGCCGGGGCGAGTTCCTGGCGCTGATCGGCCCCTCGGGCGGGGGCAAGAGCACCGTGCTGCGCGTGATCGCCGGGCTGCTGCGGCCCGCGTCGGGCCACGTGCGTGTCGAGTCCACCCCCGCGCTGGTCTTCCAGGATTACCGCCTGCTGCCGTGGCGCACGGCACTGCGCAACGTCCAGCTTCCGGCCGTGCTGGGCACCGGCGGCGGCCTGGACGCCCGCGAGGCGCTGCATCTGGTCGGCATGGACGCCTACGCCGACTACTACCCGGCACAGCTCTCGGGCGGCATGCGGGCCCGCATCGCCCTGGCCCGCGCTCTGGCCCAGAGCGGCGACGTGCTGCTGCTCGACGAG
CP177252.1_gap9	342545	345387	2842	GGGTCGTCGTTCGTCGCGGCGATCACGGCGTCGAGCGCCCCGCGCATGGCCGCCGAGGCGTCCAGCAGGGCCGCCAGCCGGCGGGTCATGACCTCCATCTCCTGGGCACGTTCCTCGCGGTCGTCGTCGGTCAGGTGCCGCGCCGTCGAACTGGGTAGGTTGGCGACGCTGCGGGCAATGCTCGCCAGCTCGGCCCGCATGAGATCGGCCGTCCGGGCCGGCAGCTGTTCACTCGCGCCCACCAGCAGGCCGGAGAGAGACTTGGGCGAGATCGGCAGCCGCCGCTCCCAGTAGCGCAGTGTGAAGGTCGCGCCGTCGCGCTCCAGCGCCAGCTCGCGGCGTGACAGCACCCGGCCGTACTGGTCGCCCAGCAGCGGCAGCAGCACCTTGCCCTCCAGGGCGCGCTTGAGCGGCTGCCACGAGATGTCGAAGAAATGCGCGTAGCGGCTGGCCTGCCCGTGGGTCAGGACGTCCTCCCAGTACGGGTTATGGCCGCCCTGGATGCCCATGTGGTTGGGCACGAAGTCCGCGATCAGCCCCAGGCCCAGGTCACGTGCCCGCGCCGAGAAGCGCCGCAGGCCGACCACGCCGCCCAGTTCCGGATTCACCTGCGAGTGATCCGTGACGTCGTAGCCGTGCGTGCTGCCCGGTGTGCTCGTCCAGATGGGCGACAGGTACACGTCGGTCACGCCCAGGCGCTTCAGGTACGGCAGCACCCGCCGGGCCGCCGCGAAGTCGAAGTCCCGGTGCAGCTGGAGGCGGTACGTGCTCCCCGGCAGGTGGGCCGTGGGTGTGGGGGTGGCAGACTCCGGCATCGCCTCGGGTCGGGGGGGCAGGGCGGCCGTCACGGCGCACCCCCGCCAAAGATCGCGGCCTCGCCGGGGCCGAGCGTGCCGGGGCGCGGCAGGGTATCCGTCAGGCCGAGTTCGCTGTGCAGCAGCACATCGGTGGGCCGCTCCACATCCAGGTCGTCCAGGACGGCATCCTGCTTGCCCACGTTCCACAGCAGCAGCCGCTCGCCGCTGTCCGTTCGGGTGCGCACCCACAGCAAGTCCCCAGCGCTGCCTGCCCGCAGGGGCCGCCGGGAGCGCTGGCACAGCACCGGATCCTCGCGGCGCAGCCGGGTCAGGGTACGGTACAGCTCCAGCGTCCGGGCGTGCTCCCCGGTGTCCAATTCATTCCAGTTCAGTTTCGAGGCCTCGAAGGTCGTCTCTGCCTGCGGATCGGGCACACTCTCTCCAGCAAAGCCGCTGAAATAAGCGAACTCCCTGCGGCGGCCCTCGCTGACCATGTGGCCCAGCTCGCCGTGGTGGTCGCTGAAGAACAGGAAGGGCGTGCTCGCCGCCCACTCCTGGCCCTGGAACAGCAGCGGAGTCATGGGCAGCGTGAGCAGCAGCGTCGAGGCCCCCCGGTACTCCTGTGGGGTGACCTGGGGGTCGTGGTGCAGGCGGTCGCCGATGGCACGGTTGCCGATCTGGTCGTGGTTCTGGATGCAGTAGACGAAACTGGGGGCCTCCAGGGCGTCGGCAGGCTTGCCGCGCTGGTGCTCCTCGCCCTCCACGTTCCAGAACTGGCCCTCGTATTTCCAGCCCCGGTTGATGACCTGCGCGAGTTCCGGGGCGCTGCCGGCAAAGCCCCGGTAGTAGCCCTCGTGCTCATCGGTCAGGGTCACGCGCACCTCGTGGTGGAAGTCGTCCACCCAGATACCGTCCAGGCCGTAGTCCGTGACCAGCATGGGCTCGTTACGGTGATCCTCGGCCAGCAGCAGGTGCGTGCCGCCCAGGTGGTGCACCTCCTGCGCGAGTTCCTTCAGGATGTGGACGTCGCTGTCGTCCTGCATGGCGGCCGTGGCGTCCAGGCGCAGGCCGTCGAACCCGTAGTCGCGCAGCCACATGCGGGCGTTGCCGGTGATCAGCCGGCGCATGTGCGGCTCGGCGTAGTCGAGGCCCTCGCCCCACGCCGACTGGAAGCGGTCGGTGAAGTACGTGGGCGAATACGCCTTCAGGTAATTCCCGTCCGGCCCGAAGTGGTTATAGACCACATCCAGAAAGACGCCCAGTTCCAGCCCGTGCGCCGCATCGATGAAGGCCATCAGGTCTTCGGGCCGGCCGTAGGGCGCGAAGGGCGCGAACAGGGCCGCGCCGTCGTAGCCCCAGCCACGCTGGCCAGGGAAGGCGGCGACCGGCATGAGCTGCACGGCGGTCACGCCCAGTTCCTTCAGGTAAGGCAGCCGTTCCAGCGCGGCGCGGTACGTGCCCTGCGGCGTGAAGGTGCCGACGTGCAGCTCGTAGAACACGCAGTCCCGCAGCGCGACGCCGCGCCAGTCGGTGTGTTGCCACCTATACGTTCCGAAGTCGATCACCTCGGCCTCGCCATGCACTCCGTCCGGGAGAAAACGCGCATAGGGATCGGGCCGATCTGCTCCGTCCAGTACGAAGATGTAGCGGGCACCAGCCCCCACGGGCAGGATCACCTCAAAGGTGCCATGGCCCAGGGCGTCCATGGGATGAACGGTGCCGTCCACGCGGACATGCGCCATGGTCGTGGTGGTCGACCACAGTCGGAAGCGCGTGCTGCTCCCGTCCGGCTGGAGCTGTGCGCCCAGACGTGTTGAGTGGTCACCGGGCGTGGAGATCAGGTGGGACAGTGGAGTCATGATGGATCCTTCCTTCCGGGGCAGATGGGCAGGGGCGGCCCATGACGCGCCGCCCTGATCGGTCTGATGGGTGCCTGGATCGTCAGCTACGGCGGCAGCGGTACAGCTTCACGGAGCGGGCGTTCAGCGTGGTCTCCTCGCCGGCCGTCTCGGTACCGTGCGCGTCGTCGTCGGAGGTATCGAGCA
CP177252.1_gap10	346657	348280	1623	GTTACCGCGCCGCGCCTCGGCCGAGTAGCGCACGTCCGGCGCGAAGAAGGACAGCGTCGAGTAGCCCCAGTAGTTGGTCAGGCCCTTGTCCATCAGGAAGGGGTCGTCAACATGCTGGTGCACCGGCATCAGCTCGATACTCGTGATCCCCAGTTCGCGCAGGTAGAACAGGATCGGCTCGCACGCGATTCCAGCGTAGGTGCCGCGCAGTTCCTCGGGCACCAGCGGGTGCGTCATGGTCAGGCCCTTGACGTGGGTCTCGTAGATCACGGCCTGGTGGAAGGGGATCTTCGGACGCCGGTCGCCCTGCCAGTCGAAGTCGGGGGCAGTCACGATACCCAGCGGCGTGCCGCGCTGTTCCTTCTCCTCCATGACCAGATCGTCCTTGCCAGTCACATAGGCGAAGACTCCCCGGTCAAATTCCTCGGTGCCATCGAGCGCCTTGGCGTAGGGATCAAGCAGCACCACATTCGGGTTGAAGCGAAATCCCTTCTCGGGCGCGTACTCGCCGTGAACCCGGTAGCCGTAGCGCTGGCCCGGCGCGATCTCCGGCAGGTAGCCGTGCCATACGAAGGCGGTCTGTTCGTTCAGCGCATATCGCGTCTCCTGCCCGTCGGTGTTGAACAGACACAGCTCGACGCCGGTGGCGTTTTCGGAGTACAGCGCGAAATTGGTGCCCTGTCCGTCCCAGGTGGCCCCCAGGGGATACGGCGAGCCGGGGCGCAGACGTCGAGGTGCGTGGTCGGATGCGGGCGGGGTTGACGGTCGGTCTTGGATGGTCATGACAGCTCCTGGCGGTGCGTGTCCACAGAACAGAGTGGAGGTGGTGGGCATGTGGAAACGGATCAGACGATTCCTGATCCGCAGCTCATGCCGGAAACGCTACCAGACTGCTTTCACATGAAGCGTAAAACGGGCTATAGAATTGCCCTATTCATTAAAAGCCTCTGATATTTCTCATGTGCATCGGTCAAATACGCCATCACCAGTGTTGTCGTCTGCGCCGTGTACAGGCGTTCTGGATTGCGGGCGACGCCCTTCACTTGCTGCTTTCTGGGCTGCGGTATATGCCCTCACGGCCCTCCGGAAGTGCGGTGCTCAGGTGAGCGAGCGCCGGGGCCGTGGTATTGCCCCATAGATCTGGCACTCGCCGCTATGTCCAGCCCAAGTCAGCCGGGCCAACTACGCACCCAGGCGAACTGCACACGTCAGACTCAGGCCGTCACGATGGAACGGCCGCAAGATCGACTCTTGGTCTTCCTGGCACCGGATCGGTTCAGTTGGCCGGTGTGCGCAGCGCGATGACATCTGCTGTTGACCTGCAGACGCGTTCTGACAGCACGTCAATGAACCCGCAGCCAATCAACATCAACGGGCCAGTTCGGCCGCGCACTGACCTCGCTGGAGTCCGCGATGGCCTTTCAGATCTGCAGCGAACCTCATCCCGGCCCGGCGACCTCTGGCTCAGACGCCGCGCTCAGAACTCCAGTCGTCCGCGGGGGCCGTCCAGAAAGGCCAGTTTCTCCGGCGTCCACAGTTCGTAGGCGTACATGGGGTACTGGCGCTTGAACCGGCCGACCCTGTCCCACACTTCGCGCGATTCGAAGGGAATGACCAGAATCA
CP177252.1_gap11	452529	457231	4702	CCTGCCCGTCATGTGCGACACCCTGATCATGACCGAGGGCTCGGGCCTGTACCTCGCCGGGCCGGCGCTGGTGAAGGCCGCCATCGGGCAGGTCGTAGACTCCGAAGACCTGGGCGGGGCGGGCATGCACGCCAGTATCGCGGGCACCGTGGACTACCGCGAACCGGATGACGAGGCGGCCCTGATACGCATCCGGGCGCTGGCCGACCTGTACGCGCAGGGCAACCTTGCCCCCTTCGCCCGGCGTCGGAAGGAGACGGTGGCGGCCCCGGAACGCGACCTGACTGACCTCGTGGGCTTCGATGGCAGTAAGACCTACGACGTGCGCGAGCTGATCACCGCGCTGGTGGACGGCGGAGAGTTTCACGAGTTCAAGCCCGAGTACGGCGAGACCCTCGTGTGCGGCTTCGCCCGCGCCGGGGGCTACCCGGTGGCCTTCGTCGCCAACCAGCGCACGGTGATCAGGAAGAAGCTCAAGGCGGGCGGCGAACCCGGCCTGCGCACCCGCATCGAGGTCGGCGGCGTCATCTACGGCGACAGCGCCGACAAGGCCGCCCGCTTCATCCTGGACGCCAACCAGGCGGGCGTGCCCCTGGTCTTCCTGTCCGACGTGACCGGCTTCATGGTGGGCCGCGACAGCGAGCAGGAGGGCATTATCCGACGTGGCGCGAAACTCGTGAATGCCGTGAGCAACAGCGTTGTCCCGAAGATCACCATCATCACCGGGGGCAGTTTCGGGGCCGGGAACTACGCCATGAACGGCAAGGCCTACGCGCCGCGCTTCCTGTTCGCGTGGCCCAGCGCCAAGTACGCCGTCATGAGCGGCAACGCCGCCGCCAAGACCCTGATGGACATCCAGCTCGCCGCCCTGAAGCGGGCGGGGCACCAGCCCGACGACGAGGAACTGACGCGCCTCTACGACGAGGTCAAGGCCAAGTACGACACCGAACTCGATCCCCGCTATGCCGCCGCCCGCCTGTGGGTGGACGAGATCATCGAGCCGAACGACACGCGGGAGCGGTTGATCCGTGCCCTGGAGGCCTGTGCCCAGAACCCCGAGCAGGAGGAGTTCCGGGTGGGGGTGTTCCAGGTGTGAGGGGCAGATGGCTGAACGCAGATGGCAGAGGGCCAGAAGCGCTTCAGCACAAGCCCCGTTTGGTTTTGCCTTCTGCCTACCGCCCTCTGCCATCTGCGTTCCGGAGGAACATATGACCAGCACCCTGAACCGCCCTGACGCCACCAACCCCAACACGCAGCCCCTGAACGATGACCAGCGCGGCATCATCAGCGCCCTGAAGTCGTTCCTGAAGAACAAGGTCGAGCCGGGCGCGGCCGAGCGTGATCAGACCAGCGAATTTCCCATGCAGATCGTCCGCGAACTGGGCGAGATGGGCATCATGGGGGCGCAGACGCCCGAGGAGTACGGCGGCAGCGGTCTGGATACGGCGACCTTTGCCATGATCATCGAGGAAGTCGCGGCGGTGGACGGCAGCCTGTGCCTGACAGTCGCTTCTCACAACAGCCTGTGCCAGGGCCACATCCTGATCGGCGGTACCGAGGAGCAGAAGCGCAAGTTCCTGCCCGACCTCGCCAGTGCGAAGAAGCTGGGTGCGTGGGGCCTGACCGAGCCCGGCAGCGGCAGCGACAGCGGTGGCATGCAGTCGCGTGCCGTGGAGCAGGCTGACGGCTCGTGGGTGCTGAACGGCTCCAAGAACTTCATCACGCAGGGCAGCGTGGGCGGTACCTATGTGATCCTGGCCCGCACCGATCCTGCCCGCGAGGGGAAGGGCAAAAACGACGGGATTTCTGCCTTCGTCTTCAACCGCGACGAGGTGCAGGGCTTCTCCATCGGCCGCAAGGAGGACAAGCTGGGCCTGCGTTCTAGCGACACTGCGCAGCTGATCTTCGAGGACATCCACCTGCCCGCAGACGCCCTGCTGGGCGAGCGTGGCAACGCCTTCAAGGACGTCATGAAGGTGCTGGACGGCGGCCGGGTCGGGATCGCCGCGATGGGCCTGGGCCTGGGCCGCGCCGCCTACGAGTACGCCGCCCGCTACACCATGGAGCGCACGCAGTTCGGCAAGCCTATTGGGCACAACCAGAACATCGCCTTCCGGCTGGCCGACATGGACACGAAGCTGGAGGCCGCCCGCCTGCTGATCCGCAAGGCCGCCGACCTGAAAGACGCGGGGATGAACTTCACCGTGCCCGTCGCCCGCGCCAAGCTGTATGCCACCACGGTGGGCGTCGAGGCCTGCGACGAGGCGATCCAGATGCTCGGCGGCTACGGCTACATCAAGGAATATCCCGTCGAACGCTACTGGCGCGACAACCGCCTGACGCGCATCGGGGAGGGTACGGACGAGGTGCAGCGTCTGGTCATCAGCCGGGACGTGCTGAAGCGCTTCGCGGATTAACCTGATGGCATGACGCCAGAACTCGATCGCTTCGGTAAACTATTTATTGAGAACGTGCGTGACCGCTCAATTTGGCAGGCAGATTCGCTGTTATCCGGGATATTGAACGGTGAAAGCTCCAGCGTGATGATTGAACGCCTTCGAGCCTTGTCTCCTGAGTCCAGAGCAGTCATTCATGATCTTATCCCGCTCATCGTTGATGATGTTCTGTTTCATACCCTGTTTCACCTCGATGAGTACGACACTATTTTTCATAGCGATGCAGAAGACGGCCAGCGCGGCAAGTCCGTCGAATACGTTCACGGAGAACTCGCTGGCTGGCTCTTTTCCGACGAAGGTTGGATTGCCCGGTATAGCAAAGAAAGGCTAAGTATTGCGGACTGAAAATCCATACGCCATCACGCAGATGTGAATCTGAGGCGCGGCTGCCATTTTGAGTTGGTGCCGCGCCTCAAAACTATTTCCTTTCAAACACTGCTCAGCGCACGTGAAAAGCTGCCACTTCGCCCCGATGACCGCATCGAGCAGCTGTTGGAGCACTTCCGTGTGCCATTCGATGCCATGCGGACAGGGAAAGGCATCTGCCACCTTCAGCGGGGCAATCTGGTGCTTTGGTTCATTGAAGGTGTCCTGAACAGCGTGGAACTCACTACCGGTGGCCAGCATGAAGCATCTGATCTCGTGAGCTGGGGCGGCTTCGACATCCGTACCGACGATCTACTGGCGTGGTGTTCTGGACAAGACATTCTGCTGGCTCTTCGGGACGATCAGGAAGGCGGCCAGCTCTGGGTGTCGCCGTCGGGGGCGTTGATCGCCATCCAGAACCATCAACTCTGGAATGTCACGTTGGCTCTCTAGGTTCTGTCCGCAAAGTGTCATCCACAGGCAAGAATGACGTGTGGTACGACGCTATGAACTGACGGACGAGCAGTGGAGCCACCTGGCTCCACTGCTCCCACCTCAACGCCAGCGCACCGGACGGCCCTCCCTCGATCACCGCACGGTTCTGAACGGCATCCTGTGGATCAAACGTTCCGGAAGTGCGTGGCGCGACCTCCCCGAACGCTATGGCAATTGGAAAACGGTGAGCTCTCGGTTCTATCGTTAGCAGCAGCAAGGCCTCTGGACACAGCTTCTCGCCCGGGTACAGGAACGAGCAGATCATGCCAGCCACGTCGACTGGGGCGTCCATATGGTCGACAGCACCATCGTGCGCGCCCATCAAAGCGCAGCAGGCGCAAAAAAGGGGACGGCGACGAAGCGCTCGGCCGCTCACAAGGCGGATTCGGTACGAAGATCCACTTGAAATGTGATGGCCATGGAAGGCCGTTGGCCTTCCTGCTGACCGCTGGGCACCGCAATGATGCTGATGTTCGAGGCGCTGCTGGACGCCGGGCAGATCAAGCGCCGGAGTCGGGGCTGGCCCCGACTCCGGCCCACGTACGTCTTGGCGGATCGGGCGTACAGCGGCGACAAAGTACACCGGCTCTGTCGAAAACGAGGAATTCGTCTGGTGGTTCCTCCAAAGCGGGAGCACCGGCGGCCCCGGTCATACGACCGGGGACTGTACCGACGTCGCAACGTCATTGAACGGCTGGTGGGTCGCCTGAAGCGCTCTCGGAGAATCGCGACTCGGTTTGAGAAGCGGGCGTGTCATTACGCCGCGATGGTCACCATCGCATGCATCATGGAATGGCTTTAAAGGTTTGCGGACAGAACCTAGTGCTCAGTTGCCGTACACGATGAACACGTCGGCAGCGTTGGCAGTGCTGGTGCCCTCGCGGCGCGAGCCCATGGCGATGTACTTGCCGTTCTTGTTGGCGTACACCAGGAATTCCGCTCCGCTCATCTGCGTGGCCGGCAGGACGTTGTACTTGCTGTAGCTCGCCTGGCCGTAGCCCAGGGCACGGGTCTTGTAGATCAGGTCGTGGAAGGTCGAGCCCCAGTTGCGGGTGCCGTAGACCTCGACCCACGTCACCGGGACATTCCGGGCGCGGGCATTCGCCAGGACGTCGGCCCGGAGCTGCTGCGAACCGACGTCACAGACCTGCTGGAGCAGCGCCGTGCCCCCACCCGACGGGTACGTGATCCGCACCAGCCCGTTAAAGGCATGGGTCGGTGTCTTGACGCACTGCGCTCCGGCGGCTCCGCCCACGGCCAGCACCACACTGCACATGCACAGGGAACGAACGTTCATAACGACCTCCTGGATGAGGGTTACGGTAGTGGACGGACATTGCCAGACCTTGAGGAACCGGCCAGGGCCACAGCTCGTTTCATGAGAG
CP177252.1_gap12	534468	535894	1426	CGGCGTGCAGGCCGTGCGGATCGCCGAAACGGATGGGCTACCGCAGTTCGAGAAGCTGTCCGATGTCCGGGCTGCGCTGGACGCCTTCTGGGCCACCCACCCCTGACTACCCCCGGAATCTGGTCGTCACATCAATGGCTCATGCACGCCACATCAACACCCGATCATCCCCTGATCACGGGTCGCCGCGCACACTGCTGGTATGACCCTCCTGCTTGCCCTGGCTGCCATTGTCCTCCCCCTGCTGCTCGCGCCGGTGCTGTATCCGGGGCGTGGGCAGGATGACCTGCGGCCCGATCCCTGAAAGCAGTTCGGGCGTATGAGTCGTGCACAGGGTACTGCGGTGGCGGGGCCAGGAATGGCGAAGCGGGTCGGCAACCCACAGCGCGTGGCGCATTGGCCCATCGGACGAACCAGAACTGATCCTGTCGGGAGCGGTCAGCTCGGGCCAGCCGGGGGTGTGCAGGCCGAGGTCAGGAGACAGGGGGAGTCGCCCCTGGATCTGAATTCCGGTCTGTGCACCGCCTCTCGTGGTGTTCCTGACGCCGGGCCAGATCCGCGAGACTTCCCAGAATGGTGAGCAGGACGATCAGTCCGAGCATACAGCGTGCCTCCGTGACCCAGACTGCGCCTCTCGGGTCAGGTCGTCGTCATGATCCAGCATGACAAGCGCCGCCTGACACCAGTCTTGCGGCGGTCAGGCGGCGTGGGGTCAGACGGGTCTGGGCTCAGCCCTCGTCCTCGTCGTCGGGAAGGTCGGCGTTCGAGTAGACATTTTGCACGTCGTCGAGTTCCTCGAGTGCGTCGATGACCGTCATCAGGCGGCGGGCGTCCTCGCCGGCCACCGCCACCGTGTTCGTGGCGATCATGGTGATCTGGGCGCTCTCGACGGCGAAGCCGGCACCAGTCAGAGCGTCCTGCACGGCGTACAGGTCGTTCGGGGCGGTGCTGATTTCCAGGCCGTCCTCGGATTCCTGGATGTCCTCCGCACCGTGCTCGATGGCAGTTTCCTGGGCTTTCTCGCTCATGTCCCGGATCAGGAGGACACCTTTTTTCTCGAACTGCCACGCCACCGAGCCGCTGTTCCCCATGCTGCCGCCACGCTTGTTGAACACCGCGCGGATGTCGGCCACGGTGCGGTTCACGTTGTCGGTCAGGGTCTCGATGAAGATCGCCGTACCGCCGGGGCCATAGCCCTCGTAGGTGACTTCCTTGTATTCGGCGGCCCCTGCCTCGGCCCCGGCCGCCCGCTTGATGGCATTGTCGATGTTGTCGACCGGCACGGTGTCCGCCTTGGCGGCGGCGATCGCATTTTTCAGGCTCAGATTCCCGGAAGGATCACTGCTCCCGCCGGATCTCACGGCGGCCTGAATGGCGCGGATGTGCTTGCTGTAGATGGCGCTGCGCTTCTTGTCGTTCGCGCCCT
CP177252.1_gap13	601637	602843	1206	GCTTCGAGACGCGTTCTCCCTTGCGCCGCAGCGCCGTGTACAGCGCCGGCGAAAGCGGAAACTCCGCCTGGATGGCGCGCTCGATCGACTTCAGTTCTATGGACGTCAGTCCTGCCCTGAGACGAACCTGACCGTCAAGCAGGTACTCGAGGGACAGGCGGCGCAGGTAATCAGCGTAGTCGTGTGCCTCGTCCTCCTGAAGGCCGAGGTCGGGAGCCGGCGCGTCCAGACGCCGCATGAGGGTGTTCAGGCGCGCGCCGTACGCCCGGGCGCGCTCGAGACCGAACACATGCGTGAAGACGCACGTGCTGCCCACCGGGCCGCGCACCCGGCCGTCATCGCAGCGGACGAAGAAGGCATACTGCCGGGCCTTCCGGGTTCCACACGCCACGCACCCGAGCGCTGTCGTGGCGCGGCGGCTGCGCGCGACCTCGAAGCTCTCCGCCCGCAGTGTGAAGACGTGGCGACCGTCGTCACCCGTGAAGACCGCCTGCTCAATCCCCACCTCATGGGCCACCTGGGCGAGCAGGGCGGTGAATTCAGGGTGCCCGGCGAGTGGGTACCGGGGCAGGTCAGCCGCCCTCATGACCCCACCCGCGCCACGTCGCAGGTGGCCACGACGTCGGCCGCCACAGCCCGTGTCCTTGCGCCGATCGGGGAGGAAGACATCCACGCCAGCGTACCCGGAACTCCTGCCCTGCGCCCTGGCAGATGCGCCTGGAGTCGGAGACCCCTGCTGCCGCGCCGTCAGCGGCGCGGCGACGCCCCGACGTCGGTGGGCCCAGTCCCGGGCAGGTTCAGGCTGTCCGCGGTGAGCTCATCGGTCAGGCCCAGGCGCGCCGCCGCGATCGTGGTCGCACGCGTCCGGCGGCCGCTCACCCGGCGGGCGTATGCGAGGGTCATGGCCGGACTCGCGTGCCCGACCGCCTGCTGCACCTCGTGGGCGGGGAGGTCCTCCAGCACCACCGTGGTCCATGCCGCGCGCGTCTCGTGCAGCGGTCGGTGGGGGAGACCCGCCTGTGCGAGGAGCCGCTTCCATTCGCGCTGGACGTTGCGCACGAGGAGCGGTGTGCCGTGCCCGCTCGGGAACAGGGGCGTGTACGTGTCGCGCGCGGGTGGGGCAGGCACCCACCCGGCGACGTAGCGGCGGGTCGCCCGCTCGCGCTGGCGGTGGCGGGTCGCCTCACCGATCACCTTCTTCTCCCC
CP177252.1_gap14	605173	606879	1706	GGCTCACGAGTGAAGAAGCTCTGGTTGTCAACGCCTTCAATGTGAAGACCGGCAAAGGCCTAGACGGGGCGATCATGGCCGAGGCCCGTCGGCGCGGCATGATCTCTGTGGGGTGCCGGGTCGGCGCGTCTGTGGTTCACCCGATCCCGGTCTTCGTATTGTGTGCTGACCACCTCAAGTGGAACACCAACACCTGCAGGGTCATCCGGCGGCATCAGTATCACGGAGCCGGAACCATTGTCTTCGTGAGCAGGCGTCCAGACCCCAGTCAGCTTTACCCCCGGTCTGGCTGGGGCGGCGCTCCTGGTGTCGAAGACCTGGAGTGGCTGGTACCGGGTCTCGACGGTCATGCCCGCAACCTTAAAGTTGACCCGAAGGCTGTCCGGGACTACGTCGATGCCCTCCATGTGAATCTGTTGATCAAGGTGGGCGACGGTGTGCCCGGCATCCCGACCGATGCCCTGCAACCTCTGGAGAAGCTCGGGTCGCAAGACGATGTCCCGCTCCTCGAAAGCACCCGTGAGGTGATCGTCGGGATCGCCAAGAAGCTGTTCCGCTCGCATCAAGACCGGGCGGCTGTCGCCGAGACGCTTATGAGTGGCCATCTCGGGATCGACGTCTGGCGACGGCTGGCGCGGATGCAGATGGAGCGGCGCTGGGGCGCCAGCGATTGACGGCGGCCTGACGCCCCGTGTGTACCGGTTCGCGGCGCGTCGGCTGCGCTCTTGGCGCACCCAATCGGTCGGAGAGCCTTGTTCAGATGTCTGGAGCCCAGCCCATCAGGTCGGACACGGCACGCCTCTCCAAGGACAGCTCGTCCTCCCACCGGGACTCGAGCAGGTGGACGGGATATACGTCCCAGCGCAGGGCGACGTCGAGCGTCCAGGCGTCGTGGTCGTCCTGCTCGACGAATCCGAAGCCGGTTAACGACGCGCCGACCAGCCGGAGGGCCGGCAGCTCGGGTTCGACGTCGACGGCCAGCTGCCACACGGCGCGCGCCCAGCGCGGGAGCGCACCGATGTCAGCGCGGACGTCCGCGCCGACGCCGGCAATCGACACGCCGTCCCGCGTTGCCGGCGTGATCAGCCCCTCCCCGGCGACCGCGGCCCCCTCCTCAATGCCGCGCCGGCGCAGCCGGGTGGTGAAGGTGCGGCGGCCGGCCACCACGGCATACTCGAGCAGGCCGAGCGGCGCCCCCTGGGTGGCCCCGACCTGCTGCAGTCGCCGGGCCTCGCCCGCGACACTCCGGTCACGGTGATCCCAGAAGCTGTGCAGGAGACCGGACAGGGACACGTCCTCTCCCCGTACAGCACGCTCGGCCTGCTCGTGGGCGAGATCCCGGGTGAGCGCGGCGACCCACCCGAGGTGACGCAGAGCTTCCGCCTGCGCACCGGTCGGCATCAGGTGGATCGTGTAGTGGTGGATCTGCGGCACCTGGGACATGGCGGCTCCGGGTCACGCCCCTGGACTGGCCAGCGGGAAGGTGGTGGAGAGGGTTGCGGGTGGACTGCACTGGCTACGTGGCGCATGACGCCCGGCTCCGACCTGCGGCGCAGGCCGCCCCCGCCTGTCAAGGTGCTCCGCGTGGTGCTGGCTGGTTAGGCCCCGGCGGCGAACCACTCGCGCCGGGTGGAGCAGTACTCCCACGCCAGCCCGAGGTCACGGGGCGTCTCTTCAGGGTAGCCGAGCCGGTGGAACGCCACGGC
CP177252.1_gap15	609661	611559	1898	GGAGCCGGTGATGGCTGCGCCCGACACATTCACGAGCGGCGGCGGTGCCGCCAGGCCCAGCGTGGTCAGCCACACCGTGGCCGCCCAGTGCGGCAGGGCCAACACGTCGGTGTTGATGATGCCGTCCACGCCGGCGATGAGCGTCCCGGTGGCACTCGCCGGCCGGAGCAGGCCGTCACCGGCTACCGGCGCGGGGGCGTCGAGGTCGGGGCGTGCCTGGCCCTCTGCCGCGTCCCGGCGACCCGCGGCCACGGCGTACTCCAACAGCCCCTGCGGCGCGCCGCGCGTCCCGCCGACGGCGCGCAGCGCCGCCGCCTCGCCGGGAACCGACCGGTCGGGGTGATCCCAGGCGTCGTGCAGCACGCCGGCCAGGGCGATGTCCTCACCATGGGCCGCGCGCAGGGCCTGCTCGTGCGCCAGATCACGGGTGAGGCGGGCCGCCCAGCCGAGGTGCTGCAGCTGCTTGGCCTGCGCTGGGGTCGGGCGGATCGTCACGGTGTAGTGATGGATCTGCGGATCGGTAGTCATGTGGCTCCAGTGCCGGCGTCCAGCGCGCGGCGGATGGTGTGGGCGATCCAGCTGCGACCGTCGGCGGTGGCGCGCCGATCCCAGCGGGGCCGGAAGAGGGGAGAGGCGCGCAGCACGGCCTCAATGACGGCAGGATCGCGGGTGCGCCACGCGACCAGGCGCGCTGCGGCGTAGACCGCCTCAGAAGCACTCGCGTAGCCGCTGACGTCACCGTCCAGGAGCAGACGCTGCACCTTGGGTGCGTTGCGCTGAGTGAGGAGGGCTGAGAGCAGATCGGCGTGGTCCCCAGGGGGTGGGCCGGGGTGTAGTGGCGGAGGTGATGCCGCGCACAGTGCCGCCTGGAGCCGCGCGAGCTCGCCGGGCCGCGACGCGACGTCCGTCGGCGTGCCCGGCCAACGCCGCCCCGTCACCGCCAGGAAGCCAGTGGTGATGAGCTCCACGCTCAGGTTTTCTGCTCGTCCGCGCCGCGCCCCCGGCGGCACGTGGCCGGCGACGATGACGTGCAGGCCGTGGCCGCTGACGCTGAGCTCGGCATACGACGCGAGCTCGCCGACCAGAGTGGCGGCCGCGGCGCCGATGGCACCAGCCGACACGACGTCATCGAGGTCGATGGCGGCCAGCGGCAACCTGTTCAGCACGGCAACGCGCTCGTCGAGGATCAGCCCGATGCCGTCACAGCAACCGGCGTCCAGCAGCTCCAGGGCACGCTCGAAGGACAGGTGATGTTCTGCAGCATGCGGGTTGACCGGGTACAACTGGCGGCCCGCCCAGCGGCTCGGGCATTTGCCCAGTCGGCCGGACGCGCGCGGGCGCAGCTGGTAGGGGAGATAGGTACGCAGCCTACGCAGCTCAGGCGGCCAGCCAGACCGGAGCGCGCCCGTCACCGCGTCCCCAACAGGCGCTGGCCGCGCGCCCGGATCACCGCCGCCGCGTTGACGTCTGCCGCCTTCACATGGCCACACTGGGCGCAGTGAAAGGGGCGTCCGGAGCGGGGGCGCTTCCCGATGTGACCGCAGCGGCTGCAGGTACGCGAGGTGTACTCGGGCGGTACCGTCAGCACCTGGACGCCGTGCTGGGGGGCGAGCTCGCCGAGCCATTCCACCCAGTTGGTGAGGCCCACGGCCTGCGCGTAGTCCGCGAAGGCAAGGTGCCGCCGCGCGAAACCTGCCCACGCCATGGCCTCGAGAGCGACGACGCGGTGGTTGAGTGCGAGCTCGAGCTGCGCCTCGTATATCGGGAGCAGCCGCAGGAACAGGCTGCGGCGGTGTAGGGCGCGGGCGCGAGCGAGCTCGAGGCGTCCCACCCACGGCCGTCGATCCGTCAGCGCCGGCGGCCTGAACTCGCCGTGGAACGGTCGGGGCACCAGGATG
CP177252.1_gap16	674628	679177	4549	GGGAGGGCCGCCGAGCCGCAGAGGCCGAACAGGCGCAGCTGACCGCCACCCTGGAGCAGCGGGTCAGCGCCCGCACGGCGCAGCTGGCTGCATCGAACGAGGCGCTCGATGCCTTCACCGCGTCCGTGTCGCATGACCTTCAGGCCCCTATCCGGCACGTGGCGGGGTACACGTCGGTGCTTCGCCGGGCGCTGGCGCAGGGGGATGTCCTGAAGGTCGAGCGGGCGGTGGGAACCATCGAGCGTGCGGCGGCCCAGATGGACGCCATGACGAACGCGCTGCTGGAGTTTGCCCGCACTGCCCAGGAACCCCTGACGCGGCGCAGGGTGGATGTGGCGGCACTGGCTGCAGTAGCGCGGGAGCGGCTGACTCCGGAACTGGAGGGCCGTGACGTGCAGTGGGAGATCGGTGTGCTGCCGACTGTGCTCGGGGACGCGGCGCTGCTCCAGCAGGTCATGACCAACCTGCTGTCGAACGCGCTGAAATATTCCCGTCACCGCGACGTAGCAGTGATCCGGGTGACGTCGGTCACCAGCGCCGATGAATGGCAGGTCGAGGTGCATGACAACGGGGTGGGCTTTGACCCGGATCATGCGGGGCGACTGTTCAGCCTGTTCCAGCGGCTTCATCGCCATTCGGAATTTGAGGGTACTGGCGTGGGACTGGCCAATGTGCGGCGCGTGATCCTGCGACATGGCGGCCGTGTGTGGGCGCGGGGCCGGCCCGGCGAGGGTGCCACGTTCGGGTTCAGCCTGCCACGTGCGGAGTGACTGCGGAACCCTCCCAGTGCTCATCTCGGTGCGTGGAAGATTACTGGCCAGATCGGCTTTACCAAGCCTCGAGTATCACTGTCCACACGTCATCCAGCTGGCTTCGTCTGGGCCTGTCTGCCAGGCTCACCGAGGGCAGGAGTCCCGAGCTGTCGGTGCCGTCCTCCGTCCGTCCGGGCGGTAGACCCTGCCCAGGAGCACCATGTCCCGATGTCAGGCCGCCTCCGTGCTCGCCCTCTGCCTGGCTCTTGCCACCTGCGGAACGATCGTGCTGTCCGCTGTGGATCCTGTGCTGACCATCCACGCCTTTGCCACGCTGCACCCAACCGTCCACACTGAGCGCTCAGGCCGGAGCCATCATGGGCGCGCCAGGATGCTCCTTGGGCAGATCTATCTGAACGTCCTCGCGTCGGGTACGCCCAGGTTCGGCGGACGCTGACCGGCGTGAAGGCCAGCAGCATGGTGCCCGTCACATTCAGTGTGTGTCGCAGTTCCACGATTTGTGCCCACCCACTGGGGAAACGTGCCTTTCATCCTCCCTTGATTCGTACTCCATCCCGCACATCTGTGGGATGAGGCCGGAGTCTCCATGACTCCATGGTGCGTCCTGCTGATCTGTGGCAATACGCCGGAGTCGGGTTGAATCCTGCGGTCTGCTGGCATCGCGGCAGGTACCAGATGGCCTGTATGTCATTCGCTTGCCGCTGGTGTTCAGGCGGATGCCCTGGGCGGGGCGAGTTGCTCCACTGCCGTGCCCCACGTCCTGGAATGGTGTGCAGGAGCGTATGCCTTAAACCTATAGGGGAACTGCGAGGATCCGCGAGCAGCATTCAGTCAACAGTGATGCCGTCGATCTGCCGGTAGAACCGAAGAGCACGGTCTGGTTGCGCCGGTTACAGGGCAGAAACGATGAACAGGACGGTGGCGATGGCCAACAGCAGGAACCAGAACCAGAGCGGGAAGGATGGCTGGACGGGGTGCGTCTGTCCGGGGTAGACCTGTGGGGCGGCACCGCGCAGTCGGGCGCGCGCCACGGTGCCGGTGCTGGAACTTAATGTTGTCGCGTGTCTGCCCATACAGGTCTCCTCCCGGTGCCGATCATGTCGAGGTAAAGGAATCTTAAACTCACCGGAACTGTCAGAGCTGTGTGATTCCCGTCGTACAGGGCATCGGGGGTACCACCCCCCCCGGTACCGATGTCTCTACAACCCGACGCATCCCTGCTCTTCCGATGGACGTGGTTGACGAGATGCGCGCCGTGTGCAGTCAGCACCCGTCTCCAGGTGCCGACTCCATGACGTCGTGAGCCGCAGTAGATCTACGCATGTGACGGGTGAACCGAGTTGTGCTCACCGGTGAATACTGCGGAGAGGTCTTACGGAGTGGGTTTGGGATAGCGGTCGAGGGTAGACAGGGCCGCGATCTCGTACGTCTCCAGGGCGCGGTCATAGATACGCAGGTCATCCACATCGCCTGCGAAGGCGCGGTCACCGGTACCCGAAGTCACGCCGCCCTGCGCCTCGGCAACCGTCCACGGACGGCTGGCGCTCAGGACATAGGCACCGGCCACACTGGCCTCGGCGACCTGCCGGGCGGGGGTGCTGCGGTCGGTGGCGTTGTCCTTGCGATACAGCCGCAGGGTGGTCTGGGCAGGCGTCCCCGCAATCTCGACCCGCGCCACGTACTGTGTCCAGACGTTGGCCGGCGTGGTGGCGGGATCGGTCACGCTCAGGGGAGAACCGCCGCCGGGCGCGGCCAGGGCCGCACTGACCCTGCCGTCGGTGCCCAGGGTCAGGCTGAACGCGCCGCCCTCCTGTCCGGTCAGCCAGCCGCCACGGCTTGCGCGGGCGGCGTCTGGTCTGATCCAGAGATCCACGGTGAAGTCCTTGGGCAGTGGAATCGCCAGGGTATCGGCTCCGCCTGCCACGCTGACGGTGCAGCTACTGGCGGTATTGAACCGCTCGGCCTGGTTCGCCACGCCGTAGCGGTCGGCCACTGATGTGAAGCAGCCGCTGCCGGTATAGACCCCGGTGCGGCGGTTACCGCTCAGCTCGCGCGGCGTGGCAGCCCCGTCGAAGACCACGTGTGCCTGCGAATTCGTGCCGAAGTGGGTGACCTGGACGCTGCGGGAGTCGGTCACGGCGCGGCCCCCACTGTCGGTCACGGTGATGGTGATCGTGTACGTGCCGCTGGTCTTGTAATCGTGGGTCGCCGTGAAGGTGCCGGAGGTGCCTGCGCTGGACGCCGCGCTCGCATCTCCCCAGTCCACGGTGACGCCCTGGATGGTGCCGCTGCGGGCGCTGGCCGTGCCACTGATCGTGACCCGTTCCGGCGTGCCTACGATGCCGTTGACGATAGTTACGCTATCCACTGTGGGGGCGGTGGGATCGGCGGCCGGAGTCGTGACGGCCACGTCGGCGCTGTACGGACTGGTGCCGGCGGCCGTCGTGGCGCTCACGTGGTACGTGTACGAGGTGCTGGCGTTCAGGCCGGTGTCCGTGACAGTGGTGGCCGTGGGGCTGGGCAGGGTCACGGGGACGTAGGGCGACGTGCCGGTGCGCCGCTCCAAGGTGTACCCGGTCGCGCCGTCGACCGGATTCCACTTCACCGTGACACTGGTCGCCGAGGCTGGGGTCGCGGTCAGCCCTGTGGGCGCGGCAGGCAGGCCAGGAGTGATGGGCTCGGAGCCGCCGCAACTGCCCAGCATGCCAACGGTGATCAGTGAGGTCAGGGCAGTACGGGCGTGCCGGATGGATGCGGAGTGGGTCATGATCGTCCCCCTGTGGGTGCGAGTGGCGGGCGGTGATCTCGGGACAGTCTGGCCCTGAGGCTAGAGCCGCATCCGGTGGGGCGGATAGGGCAATGGTGAAGGTGGAGTGCAGGCCCAGGAGGGTTGCTCCCTGGTCGGTACACCGGCGCGGTGCGTGACAGATTCATAACTGTGACGGTAAAATTCTGTTATGAGCGAAACGCCGCTGGCCCCCCTTGTGCTGTTGCACGTCCCGGCCGGACACGAGGTCGATCCGCAGGCCCTTGACGATCTGAAGGCCCACGCGGCCGCCCGTTACGGTGCTTCAGTGCTGGTCAACCCACGCCTGCAACCCAGAAGTGATCATCGGCCCCTGCTGCTGGGCCACTGGGGACGCACCCTGCCCGGTCAGGTGCTGGCCGATCTGGAACCCCTGATCGCGCGGGTGTTCTTCAACCTCGACTGGCTGGCCGACGTCATCTGACCAGTCGTTCGGGCCATTCAGACGGAGTTCCGTTCAGAGGGCCATCAACATGAGGGTGTCTCGTGGTGCGGCTGGTTGGATGGCGCTGTCGAAGGCCCGCTGTGTGTCAGCAATCAAACGCTGTTCGTTGATAGGCCGAAACGGCCCGATCCACTGGCAGATACGATCTAGTGGATGACCACAGGGATGACTTGATCTAAGCTGAGGGATGGGACGACAGAAACAGTTTGTGGTGGTGTTAACGACGGATGAGCGGCACAGCCTGACGGACATCACCCGCAAAGGCGTCCACAGCGCGCGGGTCATGACCCGCGCACGTGTCCTCCTGTTGAGCGAGCAGGGTCTGAAGGATCGGGATGTCGCCGAGCGGGTGGGCGTCAGTACCGTGACCGTGGCCTCTATCCGCCGGAAGTTCATACAGGGCGGCCTGAAGGCCGCCCTGTACGAGAACGCCCGGCCGAAACAGCCGCCCAAACTGGATGCCCATGGGACGGCCATCCTCATCGCCGAAGTGTGCTCCGCGCCCGTCGGGCGCGAGACCTGGAC
CP177252.1_gap17	797931	802708	4777	TCGTCGCGCATATTGCGCCGCCTCGGGGCCATCGTTCCCGCTCGCGCCATCGTCAGCGCACCCACGCAGGTCTTTCCTGAAAGCACCGCTGCCGAAATGTTGGCCGGTTGCCACGCCATCACAGGGCAGGAAATTCCCTCCGGCGGTTCTGGATGACCGCGCCCAGGGGGCACGATGCAGACAGGATAGCGCACGCCCAGCACGGCGAATGGGGGGTGGAGTGGACAGGCGGGACTGGCGCACCGGATCCGGATGGGTCGTCACGGGAACTGGCTGTGGCGCGTGCCGGACGCCGCCCCTCAATTCGCGGGGTAGGCTGGAGCATGTTCTCTGCGTCATGGCTGCTTCTGACTGTGCTGGCCCTGGCCGGCGTGGCCGGGGCGAGTGTTCCGACCACCCCGCCCGAGATCCCGCCGCTGCCGCTGGAGTTGCCCCCAGTGCAGGGTCAGCCGCCGGAGCCCACGACTCAGGCTCCTGTTGCGCCTCGACCCTCGAGTCCGGCGCAGCCAGCGCCAGTGGCCCCCGCCGTCCTGCCTGGCGTGAGCGCCACGCTGTTCGTGCCGCGCACGGTCACGGGAGCCCTGACGCTCACCTTCACCGTCCGCAGCGCCCGCCCGGCCCCGGTGGTGTTCGGCGTGCGGCGCGACAACGACCAGAACTGCGCCTTCGCGCCGCTGCTGCGGGTCGTCGAGGTCGGCACGCAGCGGGTCGTGTACCCGGTGGCCGGGCAGCGGCGGCTGTGCACGCAGGAGATCGTCACGAAGTCCACGGCGGTTAGCGGCAACGTGTCGTTTACCCGCACGCTGACGCTTCCGGCCGGCGAGTACATGCTGGAGAGCTGGCTGTCGGCGCGGGTGGGCAACGCGGCCGTCCGGGTGCCCGCCCGGCCGGTGCGCGTGACCGTCCGGTAAGCCGGTGGGGGAGGGTCGCATCCCCCGCACTCTGTTGGAGGGGCAGCAGTCCGGGCGACCGGGTGTGCGTTAAGGTCAGGCCATGACCGCCCCCCAGCGACCCGTCACCCTCATCACTGGCGCGGCCGGTGGGATCGGCCTCGTGCTGGCCCGCCTGCTGGCCCCGGAGCACGACCTGATCCTGAGCGGCCGGGACGCCACGCGGCTGGACGCCCTGCGGGCCGAGATCGGCGGCGCGGTGCTGGTGCTCGACCTGACCCGGCCGGAGACCTTCGAGGCGGCGGTGGCCGGGCTGGGCCGCGTGACGAACGTCGTCCACAACGCGGGTGTGGGCGACCTGGGGGCCGTGGCGGACGTGGGCCACGCGGTGTGGACGCACACTCTGGCCGTGAATACGGTCGCGCCGGCCGAGCTGACCCGAGTGCTGCTGCCGCGCATTCGTAAAGAGAAGGGCCGCGTGGTGTTCGTGAACTCCGGCGCGGGCCGCACGGCGAATCCTGGCTGGGGAGCCTACGCCGCCAGCAAGTTCGCCCTGCGTGCCCTGGCCGACTCCCTGCGGGCCGAGGAAGCGCCGCACGGCGTCCGGGTGGGCACCGTGTATCCGGGCCGCACCGCCACCCCCATGCAGGCGCACGTGAGGGCACAGGAAGGCGGTGAGTACCGCCCGCAGGACTACCTCGATCCGGTCAGCGTGGCCCGCGCCATCGCGTTCATGCTGACCGCGCCGGAAGATGCCGACCTCACCGAGCTGATGATCCGGCCGGGGCCGCGCCCGTGACTGCTGCTCTGCCCGATCCGGCCGGGTACGACGTGGTCGTGGTCGGAGCCGGCCCCGCCGGGTTGAGCGCCGCCCTGACCCTGGGCCGCTCGCGCCGCCGCGTGCTGCTGCTCGACGGTGGCCCACCGCGCAACGCCGCGTCCGGGGCGGCCCACGGTCTGCTGACCCGCGACGGCATCGACCCCGATGCCCTGAAGGCGCAGGGGCTGGCTGATCTGGAGTCCTACGACGTGACCGTGCTGTCCGAACCGGCCCGCGAGGCGCGGGTGGTGTCCGGCGGCTTCTGCGTGCGGGCGGGGCTGTCGTGGGTGCCGGCCCGGCGGCTCCTGCTTGCCACGGGCGTGCGGGATGTCCTGCCCAGCGTGGCGGGCCTGCGCGAGCGCTGGGGCCACGGCATCTACCACTGCCCGTACTGCGACGGCTGGGAGCACCACGGCCGGGCGCTGGCCGTGTACGGGCGCGGTCAGCGCGGCCACCATCTGGCTCTGACCGTCCGGGCATGGTCGGAGCGCGTGACCCTGCTCACCGATGGGCCGTCCCTGCTGACCCCCGAACAGGAGACCGACCTGCGCCGGGTGGGCGTCCACGTGCGCGAGCAGGTCATCCGTGCCCTGACGGGTCAGGATGGCGTGTGCGTCAGCTTCCACGGTGCCCCGCCGCTGGCGCTGGACGCCGTGTTCGTGTCGCCCGAGCAGCAGCAGGGCAGTCCCCTGGCGGCGAGCCTGGGATGCACGCTGAACGAGGCGGGCCGGGTGGTCGTGGACGACCTGGGCCAGACCAGCGTGCCGGGCGTGTGGGCGGTGGGCGACATGACCGGTGCGCCGCAGTACGTCGTCCAGGCGGCGGCGACCGGCATGCACGCCGCGACCTGCCTGAACACCAGCCTGATCCACGAGGAGGTCGCGCAGCGCGGTGCGGCCTTCCACAAGGGGCAGCTTCCTGAATGAAGGCCGTTCTCTTCGATCTGGACGGCACCTTGCACGACCGGGCGGCCACGATCGGCGCATGGCTGGAGGGGCACACGCAGCGCTTCGACCTGCCGGCGGGCTACGGCGCACGCTTTCTGGAACTGGACGACTTCGGCTACCGCCCGAAGGCCGAGGTTATGCCGCTGCTGGTGCAGGAATTCGGGCTGACGCACGGTTCGGAGGCCCTGTTGACGGACTTCAGTGATCATGCCTTCAGCGCTCCGGTCGCCATGCCGCACACCCATCACGTGCTGATGGCCCTGAGGGGGGCGGGCGTGCTCGTCGGCCTGGTCACCAACGGCTGGTCGGAAAAGCAGCGGCAGACGATCGCCGGTCTGGAGATGGCTGACCTCATTGACGACATCGTCATCAGCCGGGAGGTCGGCCTCAGCAAGCCAGACCCGCGCATCTACACGCTGGCACTGGAACGGCTGGGCGTGGCGGTGGCCGACACGTGGTTTGTGGGCGACTCGCCGCGCAACGACGTGTGGGGGCCGCAGCAGGTCGGTCTGCGGGCCGCATATCTGCCGACCGGGCACGCTCTTGCGCACGAGGTGCCGGACGCCACGCTGCGCGACCTGCGGGACGTCCTCACGCTGAGCTAGGCCGGAGCGGTAGCATTCCCCGCGTGACCGCGCCGACCGACCTGCCCATCGCCGAGGTGATTCCTGCCGTGCGGGGGGCGCTGGCGGCCCACCCGCTGGTGGTCGTGCAGGCCCCTCCGGGCGCGGGCAAGAGCACCGCGCTGCCGCTGGCACTGCTGGATGAGCCGTGGCTGGCCGGGCAGGGCATCGTGATGCTCCAGCCGCGCCGCGTGGCCGTCCGCGCCGTGGCCGCCCGCCTGGCCGAGGGCCTGGGTGAGACTGTGGGGGGCACGGTGGGCTCGCGGGTGCGCTTCGAGTCCCGCGTGTCGGGCCGCACCCGGCTGGAGGTCGTCACCGAGGGCATCCTGACCCGCCGCCTGCAACGCGATCCGGAGTTGCGCGGCGTGGGGCTGGTGATCCTCGACGAGTTCCACGAGCGCAGCCTGAATGCCGACCTGGCGCTGGCCCTGTTGCGCGAGGTGCAGGGAGCGCTACGCGACGACCTGCGGGTGCTGGTGATGAGTGCCACGCTGGACGCCGGACTGCCCGGCCGCCTGGGAGCCCCCCTGGTCGCCAGCGAGGGTCGGGCGTACCCGGTCGAGATCCGCTATGCCGCCACCGACCCCACGGGCCGCATCGAGGACGCCGTGGCGCGGGCAGTGCGCCGGGCACTGGAGGCCGATACGGGCGACCTCCTGGCCTTCCTGCCAGGCGTGCGCGAGATCCGTGCGGCGGCGGGCCAGCTCGCGGATGTGGACGCCGCCGTGCTCCCGCTGTACGGCGACCTGCCCCTGGAAGCCCAGCAACGTGCCCTGCGGCCCGATCCGGCCGGGCGGCGGCGCGTGATCCTCGCCACATCGATTGCCGAGACCTCGCTGACCATCGACGGTGTGCGGATCGTCGTGGACAGCGGCCAGAGCCGCACGCAGGCCTTCGACCCGGCGACCGGGCTGACGAGCATGGTCACCACCCGGGTCACACGGGACGCCGCCACGCAGCGGGCAGGCCGGGCAGGCCGCACCGCGCCGGGCACCGCGTACCGCCTGTGGAGCGAGCGCACCCACGCCCTGCTGCCCGAGTCCCGCGTGCCGGAGCTGCTGGAGGCCGACCTCGCCCCCCTGACGCTGGAGCTGGCGCAGTGGGGGAGTCCAGACCCGGCTGCGCTGGAGTGGCTGGACGCGCCGCCCGCCCCGCGCATCGAGGCCGCCCGCACGCTGCTGTGCGGCCTGGACGCGCTGGACGACACGGGCCGGATCACCCCGGAGGGCACCTGCCTGCTCGACTTCCCCACGCACCCCCGGCTGGCGCACCTGCTCGCCACCGGCCACGCCACAGGGCGCGGTGCCCTGGCGGCCGACGTCGCCGCGTTGCTGGAGGAACGCGACCCCCTGCCACCGGGCAGCGGCAGCGACCTGACCGAGCGGGTGGAGGCCCTGCGGAACTGGCGGCAGCGCCGGGGCCACCGGGGAGACGCCGCCGTGCTGGAGCGGGTCGAGCGCCTGTCGCGCCAGTGGCGGCAGGAGCTGGAGGTGGCCC
CP177252.1_gap18	806102	809401	3299	ATTGGCTCCGGCGGCGACCAGCGCCCCGACCAGGATCAGCACGCGGCTGGGTACCCGGTCGGCAAGATTCAGCAGGGCGCTGCCTACCGCGCCGACCACGAAGCCCAGCTGAACGGCCAGCGCCAGCCACGAGCCGGCCTGCGGGCTCAGGTTCCACTCGGCCCGCAGCTGGGGCAGCACGGCGGCGGCTGAGAACCACGGGGCCATGCACAGCACCACGGCCACGCCCAGCAGGGTCAGGGCGGTCCACGGGCGGGTCGTGGTCGCCGGGACGGGGTGTGCGGTCAGAACGCGGCGTCCAGGGCCGTGCGGCGGGCGCGGGCGATCGGCAGGCGGTGGTCGTCCTCGGGCAGCAGGGCCTCGAGCACCTCCAGCACCTCGGGATCGTCAAAGCGTGAGGCGTAGCGCCACAGCAGATCGGCGTTCCGGGAGCGGCACACGGCCTCGCGCAGCGCCGCGTCCAGATAGTCCCGCCAGTACGTCAGCAGCGGAGATGCCGAGTGCGGCAGCAGCGGCCCGTCGTACAGATCGGCGGCGGCGCTGACCTGCCCAGCCAGCAGGCGTTCCTCGATCTCCTGTACGTCAAGCTGCACCGGCACGCTCAGGCGGTACGGGCGCGAGGCGATCTGGCCGCCCAGCAGCGAGCGCAGGGTGCTCACCTCGGACTTCAGGGTGCTCAGGCTGATGGGCTGGTCGCCGTACACGTGCGCGTGCAGGGCGTCCAGGGTCAGGCCGCCGGGGTGCAGCGCGAGCACGCACAGCAGTTCATGCTGGCGGGGCGTCAGGTGCAGGCGTTTGCCGCCGAACATGACCTGTGGTGGCCCGCAGAAGCGCAGCTGGAGGTCGCTGACCGGCGCGACCGGACGCCCGCTCAGGGCCAGCTCGATCTGCTGGGCGTAGTGACGGGCGCTCGCCAGCCCCAGCGGCGTGGAATGCTCCCACGTGGTGCTGAAATCCAGCACGCCCAGCAGCTCCCCGGTCTGCGTGTCGCGGATGGGGCTGGAGTAGCACACCCAGTCGTGCACAGTCTGCACGTAGTGTTCGGCGCTGAAGACCCGCACGGGCTGCCGGGTGCGCAGGGCCAGCGCCAGGGCGTTTGTGCCCACGCTGCCCTCGCCCCACTGCCCGCCGGGCACGAAGTTGATACTGGTGGCCAAGTCGGCCATGCGGTCGCTGCCCTGGGTCCACAGCAACGTGCCGTCGGTGTTGCCGATGCCGACGATCAGGTCAGCCTCCTCGGCCAGGCGGCGTAGTTCGGGGATCAGGCCACGCACACCGTATTCCAGGGGCGACTCCTGCCACGAGTGCTTCACGTCGGACTCGCTGACCACCGGAGCACTGACCCGCTCTGGGGGCACCGTCAGGGCCGACCGTGCCCACGACGCCGCGACTTCCTCGTCGACGTTCACTTCGGGGCGGGCCGGCTCATCTGATGGTTCGTCCGGGATCGCCAGCGCCGGCCCCTGCCGGGTCACGTAGCGGTACCACGCACGCACCAGTTTCTGACGTTCGAGGGCCAGACGTTCGTTCATCATCTCCTGCCGTACCTCGCGGACGTGCGGTAAGGGCGTATATCCAGTCCCGGTCTGAAACCTGCACCGCAGCTGGCCGGATCGTCTAACAATTTGGTAACTCAGGGTACCATGAGGCTTCGATACGCCAACAGTGTTCCTCTCTCCGTTTCAGACGGGTGCCCCCAGTGGTGTGATGAGCATTGCAGGACGCGGCAGGACATCGACACAACCTTTTTGCAACCCTGCCCGGCGCAGGATACGGTCGCCACCCCTGTCCCGAATGCCACCGCCACGCGGCGCTGTCGTCCGTCTATCTCTCCTTTCGCCGACCCTGCAAGGAGTTCCATGTTCAAGCCTCGCCTCCTGCTTCTTCCCACCCTTCTTGCGCTCGGCGGAACCGCCAGTGCCCAGAAGACCATCAGTGTCGGCCTCCAGGCGGGGGGCACGCTGTCGTGGGTCACCTACGCGATCACGCGTTACGGGCTGGATAAACAGCTCGGCTTCACGCTGAACGCCACCACCTACGCCAGCAAGGATGCCACCCGCGTGGCGCTGCGGTCGGGAGCGGCGCAGGTCGTCGTGGACGACTTCATCGAGGTCACGCTGCTGCGCCAGAAGGGCTTTCCCGTCAGCGCCGTGTATCCCTTCAGCCTGCTCGCCGGGGGCATCGTGGTGCCGGCGGACAGTCCGGTGAGGACGGTGGCCGATCTGCGCGGCAAGACCCTGGGAGCCACCAGCCTGACCGACAAGACCCTGCTGATCCTGCGGGCCTACACCCGCGCTACCGCCGGTTTCGACGTGCAGGACGCCTCGAAGGTCGTGTCGGTCTCCAGCCCGCTGATGGAGCAGTTCATGAACCGGGGCGAGATCCAGGCCGGGATACCCTTCTGGCACCACTCGGCCCGCATGGTCTCGGGCGGGAAGTTCCGGCAGCTGGTGTCCAGCGCCGACCTGCTGAGAGGGCTGGGCCTGCCGCAGAACGTGCCGCTGCTGTACGTGGTGGCCCGCACCGATACCGACCCCGCCACGCTGGGCCTGTTCCTGAAGGCCGTGCGCCTGGCCGAGGAACGCATGAAGTCTGACGACGCCTACTGGCCCGCCATGCTGGGCGAGAACCTGTACGTGCTGCCCGACCGCTCGCAGCTGCCCGCCCTGCGCACCCAGTGGGCGGCCGGGCTGCCGAGGCGATGGACGACAGCCGACCTGAACGCCACTCTGCTCCTGACGCGCAAGATGATCGCGGTGGCCGGGCCGGATGTGGTCGGTCTGACGCGCCTGGACACACGCGCCTTCAACACGACGTACCAGCCCTGAGCATGGCCGCGTGTTCACAGGAGTTCCGGTGACTGACCTCCGGCCCGCTGTGACGGCCCGCACCACGCCGTCCGGCCTGCCGTCGCCGGGACAGCGCTGGCTGTGGCCGGCGTCGGGGGCGGTGTCGCTGCTGCTGGCCTGGGCAGGACTGTCGTGGGCGCTGGGGCCGGACACCTTTCCCGGCGTGGGGGCCACGCTGGACTTCCTGGGCCGCGAGCTGCGCCGGGGCGCCATCTGGGGGCACGTAGGAATTACGCTGTGGCGCGTGGTGGCGGCGTTCGTGCTGGCGCTGGTGGTGGGGATTCCGCTGGGTCTGCTGCTGGGGCGCGTGCCGGCTGCCGCCGCCTTCGCCGCGCCCTGGCTGGCGGTGGGCCTGACCGTGCCGCGCATCCTGATCCTGCTCGCGGCGTACCTGATCCTGGGTCTGAACGAGCGGGCGATCATCCTCTCGATCGCGCTGATCCTGCTGCC
CP177252.1_gap19	822599	823507	908	TGACCGCCAGATACGCGAAGTCCCAGTACGTCGGTTCGTCGAGTTCTCCGTCGCCGTGGGCAAAGCGCACGCCCCGGCCGTCCCGGTAGTACCGGCGGGCATAGTGCAGGGTGTACTCGGTCTGCACCAACAGCCACGACGCGGCCACGGTGGCGACCGCCAGCCCGGTCAGCAGGATCTCGGCCGTTCCGGTCGTCCGGTGCGCGTCCGAGAGCAGGAAGCCCACGCCCACCAGACTCACCACGGCGGCCGTCAGGGTCACCGAGCCGGCCACGGCTCGGGAATCGTCCTCGCGCCGCGCCAGATCCCGTGTGCGGGCCGGGCCAGCCCGCATCATCATCGGCCACAGCTGCGCCATCAGGGTGACGCAGAACGTGATCCAGCCGATCACGAGCCGGGCATCCAGAAACCATCCACGCGGTGTCAGCAGCCCGGCCGTGAGTCCGGCCGCGACCCCCACGAGCATCCGGAGCAGGGCGTGGGGTCTGGCGGCCGGACTGGTCATGCCTGAGAGTAGCGGTTCCGGGCTATTCCGCTCCGGCTCCACGCACGGCCGCCTCAATCTCCTTGATGCCCGGCTGGCGCGACAGGATGCGCTCGGCGATTGCTCGCGTCTTCGCGCCCTGTCCGGTTCGGTTCCAGGCGAGCAGCGCCCCCTGACGGTACCAGTGGTATTGCAGGGGCACCCCGATGTCCACGGCGCGGTCGAAGGCCTGCGCCGCCGTCTCGTTGTCCCCGAGGGCCAGCCGCGCCTGCCCCAGCCCCCACCAGTCAAAGGCGGTGGCAGCGCCCTTGCTGGTGCGGGCCGTCATCTCGTCGCGCAGGCGAATCCAGTTGGCCCGCTCATCCCAGTCGCGACCCAGGATGGCCTTGACGTCGGCCTCCCGCGCTGCCGGGTACGCCACGAG
CP177252.1_gap20	824566	829384	4818	ACGTACCCGCGTGAGGCGCTGCTGGCCCGCCTGGAACGCCTGGGCTACGAGCGCGGGGAAGAACCCGGCTATGAGTTGCGCGGCGACACCCTGGAACTGCGCCTGGCCCCCGGTGCGGGTCTGCCCGCCGAGGCCGAGGGCGGCGTGTGGGTGCGCGCCGAGTTCTTCGGGGACGAACTGGACACCCTGCGGCTGCTGGCCCCCGGCGAGTTGACCGGCGACAAGGCCCAGGGCTTCATCCTGGAACCGACCGCCGAGTATCTGACCGAGGTGAAGTGGGACGCTACCCGCCTGGAACTGCTGCCGGGCCGGGTGTTTCTCGACTCGCCCGAGTTCTATGCGAGCAGCCTGGGCGTCCTGACCGACACGCTGTGGCCGAAGCTGGCGGGCCGCGAGGTCACGTCCTTCGGCCGGGCACCGCTGGAGCTGCCCACGCTGGACACCGGCCTGACCACGCTGCCCTTCTACCGCGTCCGCCTGAACGACCTTGAACGCGATGTGGACGAGTGGCGCACGGCCGGCTACCGCGTGCTGATCCTCGTGCGGCACGACCGCACCGCCGCGTATCTGGCCGACAAACTGCTGGATACCCACGAAATCCCGTGGCTGAAGTTCGCCCGTGTGGAGGAAGGCCGGGTGGGCTTCCTGCGGGCCGGGGGCGAGGGCGGCTTCGCCATTCCCGAGGCCCGCACGGTGGTCATCACCGAGGATTTGATCTACGGCTTCCAGGGGGGCAGCGCCCTGCGCGGCAAACGGCTGGGCGGCAAGCCGGTCACGGACGCGCTGGGCCTGCATGTCGGGGACTACCTGATCCACCCGGAGCACGGCATCGGGCAGTTCCTGGGGCTGGAAACCCTGACGGTGCTGGGCGTGACCCGCGACTATCTGGATCTGGAATACCGGGGCGGGGCGCATCTGCGCGTGCCCATCGAGCAGCTACCCGTGCTGCGCCGCCACCCTGGCACCACCGACGACCCGCCCGTCCTGAGCAGCTTCGACAAGAAGGACTGGGCGAAGGCCAAGGATAAGGCCCGCAAGAATGCCGAGGAGGTCGCCGGGAAGCTCCTCGTGCAGTACGCGGCGCGGCAGGTCACGCCGGGCAACGCCTTCCCGCCGCAGCCTGAGTGGGACGAGCAGATCGCGAAGAACTTCAGCTTCGACCTGACGGCCGATCAGGTCGTGGCCCTGAAGGACACCATGCGCGATCTGGAGAAGGCGAACCCCGCCGACCGCCTGATCAGTGGCGATGTGGGCTTCGGCAAGACCGAGGTCGCCCTGCGGGCCGCGCACCGCGTCGTGGGCCACGGCAAGCAGGTCGCCATTCTGGTGCCCACGACGCTGCTGGCCGAACAGCACACCAGTACCTTCGTGGAGCGCTTCAAGGGCCTGCCGGTGCGCGTCGAGGGCCTGTCGCGCTTCACCAGTCCGCAGCAGTCGCGCACGATCCTGAACGACCTGCGGGCCGGCAAGGTGGACATCCTGATCGGCACGCACCGCCTGCTGTCGGGCGACATTGAGTTCAAGGAGCTGGGCCTGATCATCGTGGACGAGGAACACCGCTTCGGCGTGTCGCAGAAGGAAAAACTGCGGGCGCTGCGAGGCTTGCCGCCCGTGACCAAAGAAGGGAAGATCGACATTCCCGAGGGCATCAAGGCGGTAGACACCTTGGCGCTGTCGGCCACGCCGATCCCGCGCACGCTGTACATGAGCATGGTCGGCCTGCGCGACATGAGCAGCATCCAGACGCCGCCGAAGGGCCGCCGCCCCATCCAGACGGTGCTCACCCCCTTCGACCCGATCACCGTCCGCGACGCCATCGTGTCCGAGATCGAACGCGGCGGCAAGGTCTTCTACATCCACGACCGGATTGCCAGCATCGCCGCCCGCAGCCTGTACCTGCGCAATCTCGTCCCCGAGGCCCGGATCGGCGTGGCGCACGGCCGCATGAACGAGGAGGAGCTGGAAGAGATCATGCTGGGCTTCGAGCAGGGGGCCTTCGACGTGCTGATCAGCACCACCATTGTCGAGACCGGTCTGGACATCCCCGAGGCGAACACGATATTGATCGAGCGGGCCGACCGGCTGGGGCTGGCGCAGCTGTACCAGCTCCGGGGCCGCGTGGGCCGCCGCAGCGTCAGCGCCTACGCCTACCTCTTCTACCCACCGCGCCTGACCGAGAACGCCCAGCGCCGCCTGTGGGCCATTGCCGACCTGCAAGACCTCGGCTCCGGGCACCTGCTGGCCGAGAAGGATATGGAGATTCGAGGCGTGGGCAACATCCTGGGCGAGGAGCAGCACGGGCACGTCCAGGCCGTGTCCATCGACGTGTACACCGAGATGCTGGCCGAGGCCGTCGCCCGCCTGAAAGGGGAGAAGGTCGAGGCCCCGGTCAGCATCTCCATCGACCTGCCCATCGACGCCCGCCTGAGCCCCGAGTACTTCGAGCAGGACGAGGAGGCGCGGATCGCCACCTACGGCCGCCTGAGCGATTCACGCACTCTCCAGGCCATTTCGCGCGTCGAGCGTGACCTTCGCAAGAAGTACGGGCCGCCCACGCCAGAAGTCCAGAACTTCATCGACCTCGCCAAGCTGAGGCTGACTGCCGCCGCCAAGCGCGTGCTGAGCATCGGCGGCACCATGACCGAGTTGCAGATCACCTTCGCGTATAAGACTCTGGACTACGACGCCGCTGGGTTGAAACGGTATCCGCATAAGACGGAAGTGCAGACCTTCCCGCCCAGCGTGAAAGTGGAGAAGCGCGGCATCAAGCCGGATGACTATGCGCGGACACTGATTGATCTGCTTGGGTACTTTGGGTGAGTTCGTTCGACCTTGAAGCCGTAGCAGACCATGTTGTCGCGTGGTTCGGAACACCCGAGGGTGGGGGCTCATTCGAGGCGCGTGGAAGGGGATACACGCTGCCACATGCGTTTTTCCGGTACCAACGGGCGTCATCTTCCCTGATAGTGTCCGTCGGCCATTCGGAGTTCGTCGTTCCCGGAAGTCAGCAGGCCTATCAAAACGGCAATAGCATGCGCCACGAATTCATCGTCCACTATCAGGATTCAGTGTCGAACGAGGCGGCGGCGGTGCATATCCTTGAACTCTTGTCTTCGTACTCACGGATTACCGGTCAATATCTCGGCCTGGGGAGCGTGTTGCCGCTCGGAACCGACCACTTTCTGCTGGTGGACAGGCATCCACAGTTCATCCTGCTGATGGAACCTCTCCTCGACGACGCCAACGTGTATGGGTCACTGCAGGGTCAGATGCACACGCCTGACGCCACGGTGCAATTCCTCTGGGCCGTCCCGATCTACGCCAGCGAGCGCGAGTACATCTCGACATCCGGGGACGAGGCGTTCATCAACCGCTTCCTTGAGCGGCGGACAGACATGTCGGACTGGACCCGGGCACCCGTGGCCTGAGACATGTATGGTCAGCTGGTTCAAGAGACTCACCCCTGCATTGACGTTCCGTTGACCTCCACAATATTCCCCATGACCCGTCCCCTTGCTTCCCTCCTCCACGCCGGAGCGGTGCGCCGGGGCCTGCGCTCGGGCGACACGCTGCCCGATGAACGCGAGGTCTTCGAACTCGTGCGTGATCTGCCCTACGCGCGGGCCAGCGGGCACGCCCCCGAGACCGTCATTGCCGAGTGGCGCGGCACCTGCTCGACCAAGCACGAGCTTCTGGCGGCGCTGTACGCGGAGCTGGGCGTGCCTAGCACCATCTACGCCTGCACGCAGGAAATCCGGCTGCCGGACGGCGCTGCGACCGAACTGGCCGCGTGGAACGGCGAGCCGGTCATCGACGTTCACAATTACCTCGTGCTGCACGAACGCGGCAGAGACCGCCTGATCGACGCGACGTGGCCGCTGGCGGCGCGGGCGGCGGGCCTACCAGCGAACGAGTGGGGCCATGACATGCAGATCGCCTGCACGCCCCTGGAAACCTGGGCACTGAAGCCCGGCGAGGACGTGGCGACCTTCAAGGACGCGAAACTGCGCGAACGCTACACGCCAGAGCAGCTGGAACGGCGCGACGAGTTCATCCGGGCCGTGGGGCGGCTGTTCACGCGGGGTGAGGCAGGTTGACAGAAGCACAACCTGATGGAGAGCACAACTACTTCCCCCTCAGCGCCCCCCGCCACCCCACCCTTGCCACCAACGCTTTCGTCCGCCGGGTCGCCTCGCGGTAGGCCGCTCCCGACTGCCCAGGCACACGCCCCAGCAGCCTCGCGTCCAGTTGCGCTCCGCTCAGGGCCGTCAGTCCGGTGGGTTCCGCTGAATCCCCCGCCGCCTCGCCGCTGAACAGCCGGGCCAGCCCCTCGGCCAGCCAGCGGGGGAGACCCGGCGGCTGCGCGGTGTGGAAGCCCTCGTGGCGGATGGTCGAGGCCAGGAGGCCCCGCCCGGCCAGCGCTCCCAGCCGCTGCGTCGTGATGGTCTGCCCGCGTGTGCTGGCGGCGATGCTGGCGGGTTCGCCGGTCACGCGGGCGAAGGTGGTGGCGCTGCTGGTGGCGGTGAGCCGCACTGGTTGAACAGTCAGCCCCAGCGCCTTCAGGTCGTCGGCGGTCTTCTCCCACGTGCGGAACACCAGCCCCAGGTGGGCACGGTCACGGGGGTCGGTATACGTCACGGTCAGGGTGCCACTTGTGACCGTGACCGGGGCGGCGTGGGCGGACATGCTCAGGACGAGGACGGCCACCCACAGGCCACGTCGCATCAGCGGTCGCGCACCGTGAAGCTTGCGGCGGAGCCGTAGCCCTCCACGCCGGGGTCATACATCAGGAAGGCGTGGGCGGGCAGGGCGGTGAAG
CP177252.1_gap21	986104	989969	3865	GTGCCCATCCGGTCACCGAGAACGGTGTCGAGGGCGTGCGATTCGCAGTCTGGGCACCCGCCGCGCAACATGTTAGCGTGGTCGGTGATTTCAACGGCTACAACGGTTACGACAACCCCATGCAGCGCCTGGACTTCGGGTACTGGGGTGCCTTCGTACCCACAGCCCGCCGGGGCCAGCGTTACAAGTTCCGCGTGACCGGGGCCGACGGCCGCACCGTGGACAAGAGCGACCCCTACGGCAAGTTCTTCGAGGTGAGACCCGCGACCGCCAGCATCGTGTGGGACAGCGACTACACCTGGCACGACGACGCCTGGATGGCCGCCCGCACCCAGCGCTTCGACCAGCCCGTCAGCGTGTACGAGGTGCATCTGCCCAGCTGGAAGAAGCGGGATGACGGCTGGTTCCTGAACTACCGCGACCTCGCGCACCAGCTGGGCGAGTACGTGACGTACATGGGCTACACCCACGTGGAACTGCTGGGGGTCATGGAGCACCCCTTCGACGGCTCGTGGGGCTATCAGGTCACCGGGTACTACGCGCCCAGCAGCCGCATGGGCAGCCCGGAGGATTTCAAGTACTTCGTGGATCACCTGCACGGTCTGGGGATCGGTGTGCTGCTCGACTGGGTGCCCGGCCATTTCCCCACGGACGACTTCGCCCTGGCACACTTCGATGGCGGTCCCCTGTACGAGTACGCCGATCCGCGCAAGGGCTTCCACCTCGACTGGAACACATACATCTTCGACTACGGCCGCAACGAGGTCGTGATGTTCCTGATCGGCTCGGCCCTGACGTGGCTACAGGACTACCACATCGACGGCCTGCGGGTGGACGCCGTGGCGAGCATGCTGTACCTGGATTTCTCGCGCACCGAGTGGGTGCCCAACATCCACGGGGGCCGCGAGAACCTGGAGGCCATCGCGTTCCTCAAGCGCCTAAACGAGGTCGTGCACCACATGGCCCCCGGCTGCATGATCGTGGCCGAGGAGAGCACCGCCTTCCCCGGCGTGACCACCCCGACCCCCTTCGGTCTGGGCTTCGACTACAAATGGGCCATGGGCTGGATGAACGACACGCTGCGCTATTTCGAGGAAGATCCGCTGTGGCGCAAGTATCACCATCACGCCCTGACCTTTTACAACGTGTACCGCACCACCGAGAACTACGTCCTGGCGATCAGCCACGATGAGGTCGTACACCTGAAGAAGAGCATGGTCATGAAGATGCCCGGCGACTGGTATGCGCAGCGCGCCGGCTACCGCGCCTTCCTGGCAATGATGTGGGCCACTCCCGGTAAGAAACTGCTGTTCATGGGCCAGGACTTCGCCCAGTCCACCGAGTGGGCTCACGAGGACGGCCTGCCGTGGTACATGGCCGATCAGCCGGATCACCGGGGCGTGATGAACCTCGTGCAGCGGCTCAATGCCCTGTATTGCCAGCGCCCTGACTGGCACACCGCCGACCTGAAGGACGAGGGCATGCTGTGGATTGATGCCGACGCCGCCGACGAGTCCGTATATGCGTTCCTGCGCCGCGATCCGGGCAGCGCGGCGTGGAGCCTGATCGTGGCGAACCTGACCCCGGTGTTCCGCGAGCAGTTCCCAATCGGCACCCCCCAGGGCGGCGAGTACCGCGTCCTGCTGTCGACCGACGACGGCGAGTTCGGCGGCTTCGGCACTCAGCAGACCAGCCTGACTGCGTCGGATGAGGGCTGGAACAGTCAGACACACTCCCTGCGGCTCAACCTTCCGCCCAACAGTGTCCTGGTGCTGGAGCCGCTGCAGGCGTCGGCGGTGAGCGACCAGCGGTGACGTCTCCGCTGCCACCCCGCCGGCCGGATGCCTGGACGGCTGCCAGCCTCGGGCTGCTGGCGGTGCTGGCCGTCCTGCTGTTTTTGCCACTGCTGGGCGGCCCCACCCCCAGCCCGTGGCTGATCGCCGCGCTGCTGCTCGTCCGTATCGGTGTGCAGGTCATGCGTGCCCGCACCGATGAGACTCTGCGCCGCCCGGCGTCGTGGGCCTTCGATCTGATCCTGGTGGGACTGCTGTTCTGGGTGCTCGCCAACCCGCCGGCCATGTGACTGCTCGCACCGTCAGCGGGAGGCCTGAATCGTTGCTCCGGGTGCTGGCGTATCCACCTTCTCCGAATCTTCGAATTCCGTCCTGAGAATGGGCCGCATGCGGTCTGCGTTCCCCCTGCTACGTTCTCTGCGTCCCCCCGTCCGGGTGCGCCACGTCTACGAGCGCCTGCTGGGCACCGAGGTCGAGATTCAGGCGGTCGCCGACTCGCGCCGCCATGCGGACGCCGGCGAGGAGGCTGCGCTGGCCGAGATCGAGCGCTTGACGGACGTTCTGAACCGCTTCGACCCGGACAGTGAACTGCGCCGCTGGCTGGCCCGGCCAGACGAGAGGGCGACGGTCAGTGACGATCTGGCCGCCGTGCTGCGGCTGGCCGACCACTGGCGTCAGGTGTCCGGGAGGGCATTCCATCCGGGCGCAGACGCCCTGGGGGCACGGTGGAGCACAGCGGCGCAGGACGATATCTTGCCCGATCCCGCCGAACTGGACGCGCTGGTGAACGACCTCCGTGATGATCCCTGGACGCTTCACAGCGACGGCACGGCCACTCTGCACGCCCGCTATCCACTCGGGCTGAACGCGCTGGCCAAGGGCTACATCGTCGACCGGGCCGCTCTGGCCGCTGCCACTGTGCCCGGTGTGCGGGAGGTGCTCGTGAACGCGGGTGGAGATCTCCGCACGGCCGGGCCGCATGGTGTCGTGGTGGCGGTGGCCGATCCCCGTTCCCGGCGCGACGACCTGCCGCCCGTTGCCCAGGTACGTGTGGCGAACGCTGCCCTGGCGAGCAGCGGCAACGCCCACCGGGGCGTGATGATCGCCGGGCAGTGGCACTCGCACGTGATCGATCCCCGCAGCGGGCGGCCGGTGTCGGGTACGGCCGGTGTGACCGTCGTCGCCCCCGACTGCGTGACTGCCGATGCGCTCGCCACCGTGGTCGGCGTCGTTGATGTGAGCGCTGCGCTGACCGTGATCGACGGACTCGACCGCTGCGCGGCCCTGATCGTGACGGACACCGGCCAGATTCACCGCAGTGCCCGCTGGACCGCTCTAACGTCGGACTAACGCCCCCACGCCACAGTCCGTTCACGTTCGGTATTCCCCGTCCTCAGGAGCATCCACCATGACCCACACCAGACGCCGCTTTATGGGCACTCTTGCCGCCGCCACCGCCACCCTGACCCTGGGCCGCTACGCTGGCGCGGCGGCACCGGCCGCTGCCGGTAAACCCTGGACGACCGGGATGGCGCTGGACATCGCCTTCACCGTTGCCACGAAGGCCACCGGCCGCGTCAAACGGCCCTACGTGGCCGTGTACATCGAGGACACTCAGGGCACCACGCTGCGCAACCTGACCGTGTGGCTGTCGCAGAGCCGCCTGAACCCGCGCTGGCTGGCCGAACTGCGCCGCTGGACGCGCCAGAACTCGGAACTGGTCAGCACAGTCAGTTCCGCCACCCGCAACCCCGGCACCTACGCGGTCGCGTGGGATGGCAAGGACGACCGGGGGAAGGTACTGCCGCAGGGCGAGTACTACGTGGTCATCGAGACGGCCCGTGAGCACGGCCCGTACTCGCTGGTGCGCGAGAAGGTGACCGTCGGCGCGGCCGCCTTCAAGAAGACCCTGGGCGTCGACAACGACATCGAGGCCGCCAATGTCAGCTTCGGCAAGGCCTGAGGTGACGGAGACGGACGACGCTTCCCGGTCGTCCGCTCCCGTCCGTCCCGCCCGCCGTGCCCGCAGCAGCCGGGCCCAGACGAACGTCGTCCTGCGCTGGCTGCACACC
CP177252.1_gap22	996202	998010	1808	GAGATCAGCGCGGCCACGGCGAAGCCCATGTGCGACGCCGTGGCCGACGCGGTCGCCGCCGGCTCGCTGGTGATCGTCGCGGCAGGTAATGGCTACGGCGAGACGCCGTACTACCCGGCGGCCTGCGACGGTGCGGTGGCGGTGGCCGCCGTCACCTTGTCCGGGGCCAGCGCCCCACGCCGCGCCACGTACTCCAACGCCTATACCCAGGTGCAGCTGGCCGCGCCGGGCGGCACCGACTACTTCCAGAATCCCACGTACTACAACGGGGCCACCTGGGATCCGCAGGGCGACGGCTCGCCGGAACCCTTCGTGGACTCGGTGCTGTCGACCGGCTGGGACTATGTGAAGAACCTGCCCAACTATGAGGTCGAGTCGGGCACGAGTCAGGCCACGCCTCAGGTCTCGGCGCTGGCGGCGCTGCTGATCAGCAAGGGAGTCACGACGGGTGCGGCCGCGACCCTGGAGCGCCTGAAGGCCACGGCCACCGATCTGGGGCCGGGGGGCCGCGACAGCGCGACCGGTTTCGGCATGATCAACGCCGCCGCCGCGCTGGGTGCCCCGGCCATCAGCGACACGCTGGGCCTGCGCCTTCAGGACGACCGGGGGCGGGCCTTCCAGCCGCCGCTCGACGCCATGGGCCGCTTCACCGCCTACGTGGGCGAGGGCACCTTCCGGGTGATCGCTGGCCGCGACCGCGACGGCAATGGCGTGTACGGCGAGGTCAGCGAGCCGCGCCGGGAGCGGCAGGCCATCCTCGGCCCGGACGCGACGACCGCCGACGTGGGCGAGCTGACGCCCCAGTAATACCGATTCCGATTGAATCGGTTCAGAGAACCGATGAAATCCGACCGTAGGGAGAAGGAATAACAGACCGGCTCTGCGGCATGGAGCCGCAACCGGCGCTGTCCCGGTTGTGGCGGAATAGAGCGGAGTCGGTATAACCCGGTCGGCCTCGATCAGCGCTGGACGTCGATGACCGTCCGGCCGCGCACGTGCCCGGCCAGGATCTCGTCGGCCAGCGCCGGCACCTCACTGAGCCCACGGAGCTGGGTGACCCCCTCCAGCCGGGTCGGCGGCAGGTCGCGGGCCAGCCGCTCCCACGCCGAGCGGCGCAGCGGCGTGGGACACGTCACGGAGTCGATGCCTAGCAGGTTCACGCCGCGCAGGATCAGCGGGAACACCGTGGTGTGCAGGTCGCTGCCCCCCGCCAGCCCGCACACCGCGACGCTGCCGTGGGTGCGCGTGGCGGCGTAGGCCCCGGCCAGCGTCGTGCCGCCCACGGTGTCGATCACCCCGGCCCAGCGCTCCTTTTCCAGGGGGCGGGTCAGGCCGCTGACCTCCTCTCGACCGATCACGGTGCTGGCCCCCAGGCTCCGCAGGTAGTCCGCCTCCTGCTCGCGGCCGGTGCTGGCGGTGACGGTGTGCCCGGCGGCGGCCAGCAGCGCGACGGCCGTGCTGCCGACTCCCCCGGCGGCCCCCGTGACCAGCACCTCGCCGTCGCCGGGCGTCAGGCCGTGGGCCTCCAGCGCCAGCACCGCGAGCATGGCGGTGAAGCCCGCCGTGCCGATCCCCATGGCCCACACGGCGTCCGTGCCCTGGGGCGCGGGCACCAGCCAGCCCGAGTCCACCCGTGCCAGCGTAGCGTAGCCGCCGTCATGCCGCTCACCGATGCCCCAGCCCGTCAGGATGACCGGGGTGCCGGCGGCATACGTGCCGGTCTCGTCGGACAGGAGGGTGCCCGCCAGGTCGATGCCGGGGGTCATGGGATAGCGGCGCAGCACGCCGGGCCGCCCGGCGACTGCCAG
CP177252.1_gap23	999835	1000764	929	CCATGCCACCGACAACGCCCTGAACGTGACTCCAGACGCCGCCCTGCTCGACGCGGCCCGGAGCGCCTTCGCCCGCGCCTACGCCCCGTACAGCCGCTTCCACGTAGGAGCCGCCCTGCGCACCGCCGACGGGCAGGTCTTTCAGGGCGTGAACGTCGAGAATGCCAGCTACGGCCTGGGCCGCTGTGCCGAACAGAGCGCCGTACAGGCCATGGCCACAGCGGGTGCCCGCTCGTTCACCGACATCGTCGTGTATTCCGAGGCCACGCCCCCGGCCAGTCCCTGCGGCGCGTGCCGGCAGGTGCTCTTCGAGTTCGCCCCGGATGCCCGCGTGGTGTGCGTGAATCAGCACGGGCACATCGTCAGCGGGCTGGTGCGCGACTTCCTGCCGCACGGCTTCCGCCTGGAGCAGCGCGATGACGGCCATGAGGTCGGCACGCCGTAGTCCCAGGACTCATCCAGCGGCCAGGCCGCCCGCTCCAGCTGGAGCGGGCGGCCTGAGTGTTGAATGCCTCAGCGGGTGGCGAGATCGGCGTTGGAGAGGCCACTGCCGAAGGTCTGCTTCTGGCCCACGTTCTCGGCGCTTCGCTTCAGGTACGCCTTGAGCTGGTTGGTGCTGAATTCGGGGTGCTGCGCCTTGACGAGCGCCGCCACGCCGGCCACGTGCGGGCTGGCCATGCTGGTGCCGGCAAACCACGCATAGGTCGGCGCGCCGGTCGTGTAGTCGATCACGCTCGACAGGATCAGGTGGTAGAAGTACGTCGCCGGACGGTTGGGACGGTTCACCGAGTCGCACCACGACAGGCCGTTGGCCGGGTTCGTGCCGCAGTCACCACCGGGCGCGGCGATGTCCGTGCTGGCCCCGTAGTTCGAGTAGAATGCCAGGACGTCCGGGCCGTTCGCAACGAGCTGGCCGTCGACGGTCTTCA
CP177252.1_gap24	1012121	1012644	523	CGTCAAACAGCACTTCATAGTTTCCGGCGGCATTCTTCTTCAGATTTGCGGCCTGAATGGTGGTGGTGAAATTCGGGTCTGCCTTGTCGTCCGAGGTGCCTGCCAGACTGACCTGAATCGACTGGACGCTGCCCACGGCTGAGAATTCGACCTTCACCTGTGTGGAATTGGCGCGGCCGGTGGTGGCACCATTAACCCGGTCGCATCCGGCGTACTGAACCGTGGGGCTTGTGCTGGTCGTGTATTCCGTCGACAGGTCAAGGATGCGTCCCTGGGCTTCGGCGTTGCCACCGCTGCTGCCGCACGATGCAAGAAGGGCGGAAAGGCTGACGGCGATCACTCCAAGCGCTGCTTTGTTCATGGTTCCCACTGTTACCTTTGCACCTGATGGGATCGTGATGTGACCTTGAGAAAACGTGAGGGCACGCCTGACCAGCGCGTCGCGTGCCCGCTGAGGTTTTTCATGTTCCGGTGAGTAAGCTCTGTTCGTGCGTGCCCTGAACATAGTGTGGTTGATTGGATT
CP177252.1_gap25	1013703	1017549	3846	GGATGAATTCGCAGATGGCGGGGGTGTCGGCCATCGCAGCGGCCACATCTTCCGTGAAGTTCATCGGGTGGCTGGTCGTGAACTTCACGCGGCGTACCCCGCTCTGGCCCACCAGCCGCAGCAGGTTGGCGAAGCTGGGATACCCGGCGAGCTGGGCACCCTGATCCACTCCGTAGGCGTTCACGTTCTGCCCCAGCAGCGTGACCTCCTGCACTCCGGCCGCCAGCTGCATGTCCAGTTCGCGCAGGATGTCGTCGGGCGAGCGGCTGACCTGCGGGCCGCGCGTGGTCGGCACGATGCAGTACGTGCAGTGGTGGTCGCAGCCGCGCATGATGGTCAGGTGCGCCTGCAGGGTGCCCTGCGGGGGCGGGGGCACGTGCCCATGCAGTTCATCCCGGAAGTTCAGCGCCCAGAAGCGCTCGTTGCCCTCCAGCGCCCTCCCGATGTCCAGCAGGCTGCCCGGCCCCAGCACGATGTCCACCCCGAAGGCCCGCGCGATCTGCTGGCCCTCGTCGAGCTGTGCCAGGCAGCCCATCAGACCGATCACCAGGGGCCGCTGCGCCTTGATCTTGCGCAGGTCGCCCAGCAGCGACCGCACCTTCTCGACCGGCTTGCCGCGCACGGCGCAGGTGTTGATCAGCACGACATCGGCCTCGTCCACGCTGGACACGATGTCCGCGCCCAGCGACACGAGCTGGCTCTGCACGAGATGCGTGTCGTACTCATTCATCTGGCACCCGTAGGTGATCAGGTGTGCTCGCATGCTCACTCCTTGGGCCTCACCGATGGATTCGGCGGCCCGTCCGGGCAGTGCCCGGCGCAACACCGGAGTTTACCGTGTGGCGGCCAGCTGCGGAGGTGTCGAGAAGACTGGCCGGGTGGCAGGTTGAATGGCGCCGCGGGCGAACCCCTCAGTCACCTTCGGTGTCAGCTCCCCTGGGGGGAGCCAACGCACAACATCATTGCCTCCCCTTGAGGGGAGGTGCCCCGAAGGGGCGGAGGGGTTTACCCGCAGCGTCACCTTGGAATTGTCGAACTTGCTCCTGACCTCTCCACCTCACGGCTGAGTCGGCACCGGCTGTGGCGTTGGCACGGCTGCGCCCGGCACCACGGTGCTGTCGCTGACCCTGTTCAGATCGACCACGTAGCCCAGCAGCTCCTTGCCCAGCAGCACGGTGCGCAGCGTGCCGCTGATCTTCGTGCCGTCGATCGTGGCGTGCAGGTTGGCGCGATGCTGGTCGCCATTCTCGAAGAAGCGCAGCTCCAGCGCACCGCCGTTGCCGGTGGCCTTGAAGGTGCCGCTGCCGGCATAACTCTTGCGGCTCTCGTCGTTCACCAGCACGGCCGATGCACGGCCCTCGCGCTGCTGAATGGTCAGGGTCAGGCGGTAGGGCACGCGGCCGGTGCCGCCCACGCCGATGCCCTCGTACAGGCCGTTCACACGGCGTTCCAGGGCGGTCTGGGGACTCAGGTACGCGCCGAAGGCGCAGCTGCCGAGCAGGGTGGGAAGGAGGATCGGCAGCAGGACGCAGGCAGCACGTGGGCGCATGGGCGGAGCGTATCGGGCACTCATGAAGCTGGGCTGACTTACTGGACGCGCTGCATGTTCAGTGCCGACGAAAAGCCGTTCACGCGCAGGCTGCCCGCAAAGGCGTCATGCCGGATGGTGCCGCTGAGCAGCGCCCCGGCCTTCAGCGGCACGTCGCGCAGGCCGATGCCGAACACGGTGGCGTTCAGGCGTGGCGAGTCTCCCGCGCTGATGTCGGCGGTCAGCAGGTTACCGTCCGGGGCGGGGAGCAGCGTGCCGGTCGCCTGGAAGGCGTCGCCGCTCGTGCGGTTCACCAGCGTGCCCCGGATCTCGTGGGTCACGGGGTTCTCGCTGAAGGTCAGGCGGTAGGTCTGAACGGTCAGCAGCACGCGGGCACTGCCCTCAAAGGTGTGGACGGGCTGCCGGGCCGGAGCGGGGGCACACGCCACCAGGAACAGCGCAGCCAGGACGATCCGCCTCACCGCCCGACCTCCAATGCGAGTCCCAGGCCCAGCAGGCGGTCGTCCTGCCCGTGCCGTCCCACCAGTTGCACGCCGACGAACGGGGCCGCGCTGGGCAGGGCCAGGGTAGGTGCCCCGAGCAGGCTGAACGGCGCAGTCAGGCGCAGCACGGCGCGGCGCAGGGGCACGCGGCCCTCACCGATGTCGACCTCGTCCTGGCCGATCAGCGGGGGCGGGGTGGGCACGGCGGGGGCCAGCAGCACGTCGTAGGCGGTCAACAGGCCGTCCAGCAGGGCCCCATACGCGGCGCGGCGGTCAAAGGCGGCGCGGTACTCGGCCTCTGTGATCGCCTGCCCCTGCCGCAGCGCCCCCAGCGTGAACGGCAGGAAGCCGGGGTCGTCCTGCCGCAGCGCGTCGGTGTGGACGTGGGCGGCCTCGGACAGGACGATGGGGGAGTAGGCGTCCAGCACCTCGGGGAAGGTGACGGGCTGGACGGTCGCGCCGCGCGTTTCCAGATCGTGGGCGTAGACAGTCACAGCGGCGTGAACGGTGTCGTCCGTCCAGCCATCCGGCAGCCACAGGCCGACCCGCACGCCGTTCCAGTCCTGCGGGGTCACGGCGCTTGTGGTCAGTGCCCGGTGTACCCGCGCGACCGTCGCCACGTCGCGCGCCAGCGGCCCCGCGTGGTCGCATGTCCACGACAGGGGCAGGACGCCGTCTGTGCTCCACGCCGGGTGGCCCTTCGTGGGCTTGAACCCCACCACGCCGCACCACGCGGCCGGCACGCGGATGCTGCCGCCCGTGTCGGTGCCCAGGGCAAAGTCCACCTGACCCAGCGCCACGCTGACGGCCGCGCCGCTGGAACTGCCGCCGGGCACCCGCGAGGGCTCGCGCGGGTGGGTGGTGCCGCCGTAGCCGTTCAGGCCCGTGATGCCCAGCGCGATCTCGTGCAGGTGGGTCTTGCCGGTGGCGGTGGCTCCCAGTGCCAGCAGGCGGGCCACCAGGGGGCTCTCGCCGGGATCGGGCACGGGGGCGCGGGTGCTGGCGTGCAGCGGCCAGCCGGGCACACCGTACAGATCCTTGACGCTGAAGGTCAGGCCGTCCAGCGGGCCGCCCGGAGTGCCGACAAGGGGCTGCTCCGGGCGGTAGGCCCACGCACGCTGCGGGTCGTCGGTGGGCGGTCTGGTCATGGCGTCAGGGTAACGGTTCAGAAGGGCAGGATCGGTTCCTGCTTCCACTGCCCCTGCGACAGCGTGAACGGCCCGAAATTCTGGAGGCCCAGCGGCCCCAGATCAGCGGTAAAGCCTCCGTCCAACCGGTATGTGACCAGCTGCCCACGGGCGATCTTCAGGAACGAGGCGGCGGTGTTCAGCGTCACCGGAATGGACACGTTCGCCACCTGATCCGCAGTTCCGCGTGCGGGCACGCCCACGTTCGGCAGGTTGACCCGGCCCACCGTGCTCCCGTCGATGATCACATCCGAAACGATGTTTGCCATCCGCAGCGCGATGGGGTTGGGGTTGCCCACCCGCAGGTTCAGCGTGACGTCGGCTATGGGGGTGCCGCCGAAGCCTCCCGGCAGCGACAGGCGGGTCAGGCGCACGCTCTGAACCGTCACGGTGGGCACCTGGATGATCTGGGTGGGGGCACAGGCCGTCAGTGCCACAGCACTCAGGGGCAGGGCGGCGATGAGCATCGTCGGGGAGCGGCGCATGGGTCAAGCGTACCCTGCCGACCTGACCGGAGCCATAAGACGCCCCCGATCCGGACGCTGCTACGCTCGGGGCCATGACCGTCTTGAGAAACAGGTGCAGGGGGCTGGCCGTGCTGGGTGCGCTGGCTGTCGCCGGACTGGGC
CP177252.1_gap26	1028601	1031220	2619	CGCTGGACGCGGCCGTGACGGCCCTGGAGGCGGCCGGAGCCACGGTGCAGGATGTGACCTTCCCCACGCGCACCGAACTCGGCACAGCCGGGTGGATGCTCGACGTGCTCGTGTATGAATTCCAGCGTGACCTGAATGCCTACCTGAGTGGCGTGACCGACGGCCCCCGCAGCCTCCAGGCCGTGATCGAGGGCAACGACGCTGCCGCAGACACGGCGCTGCGGTACGGGCAGACGCTCCTGCACGCTGCCCAGGGCACCCGTGGGGACGGCAGCGAGGCGCACTATCACCGTTCTCGTGCCCGTGACCTGGATCTCAGCCGCGACCGGGGTTTTGATCCGCTGTTCGCCTCCGGCGTCCATATGCTGCTGTTCCCCGGCATCCATGGCTGTCCCCTGGCGGCCAAGGCCGGGTATCCCAGTCTGGCGCTGCCCACCCCGCCGCTGGACGGTACGCCCGGCGGTGTCCTGCTGGTCTGCCCGGCCGGCACCGACCATGCCCTGTTGACCCTGGGTGCCCAGCTGAGCGACCAGCTCGGGGGGGTCACGCTGCCGGACGTGTGATCCCCGGTGCCTGCATAGCGGACTGGCCGGTCGCAGCTTGCATGGCGGCCCTGCAGCGTCTAGCATGTCAGGCCGCGTGGGCGGTTAGCTCAGCGGTAGAGCGCTCGCCTTACAAGCGATTGGTCGGGGGTTCAAATCCCTCACCGCCCACCACAGAAAACCCCGCCTGAAGCGGGGTTTTTCAATTCGCAACAGTGCTCACCGGTTCGCCGTGCGGAGGCCGTGCGGAATGCCCCCTCCGCCCACCCGAGTCAGCTCGTCAAGTCCGAGCGGACGGCGTGGGCGCTCGGACTTGTACACCGGGCGGTACTACTTCACGGTGAAGCCCACGCCGGCGTGACCGAGCTGCTTGCTCGCTACCTCCACCGGCATGCCTCGCATCACGCTGAGGGACGCGTAGGTGTGCCGCAGGCCGTGGATGCTCACGTGCCGCACGCCCGCCTGCTCGCACAGGCGCTGCATGGTGCGCCGCAGGTCGTGCGGATCGACCGTCGCGCCGAAGCTGTTGGTGAACACCCGTTCGGAGTCCTGCCACGGGCGCTGGCGCACGTACCCCGCCTTGTGGCCCCATACTGGGCCGCTCAGCGCGTCGCGGCAGAGCTCCTGGTACGCCCGCTGCTCGTGCAAGAGCTGCACCATAACCACACTGGAGAGAGGTGGATGGTGCGCCGGGAACCCTGGGTCTTGGGCATGGTGACGTAGATCTCGCCCTCGCCCCGCCGCATACCGGTCGAGAGCGCGAAGATGAACCAGCGGCCTGCAGGATCGTGCCGGGCCACCTCGACGGACGATGCGGGTGATGCGTGCCAGGCACTGGGCGTCCTTGAGGGAGCTGACGAGGAACTGGTGCACATGGCGCTGGCTGCTCACGCCCAGGCCCTCTTCGTTCAGGTGGTTGAACAGCCGGCGGAGGTCGCTGGGGGAGAACTTCTGGAGCTGCGGCCTGTCGCGTGGTCGGGGCGCTCAAGGGGGTGCGGCTGTCGGCATGGGAGGATAACTAGGGGGCTGCCGTGCCGACGGCTGCACGCCCAGCAGCGCAGCAGTCAGTCAGCCCCTGAGCATGAACTCCACTCCGACACCTCAGCTGACTCCGCGTGCCCTGATCATCAATGCCGTGTTCCTGTATCCGCCTCGCCTCGCCCATCGTGTTCCCACCATGCGGCCCACACCAGGTAGTCCTGCACCCACAGCGTCCAGTCCGCAGCCACCATCACCCGGTGTTGGATCGCGGTCTTTGTTTCAGGGGGGAGCATCTCCCACTGCATGCGGCTGACCACCATCAGGGTGGCGTGATCCCAGCCCAGCGTGGCCACCAGGGTCTCGATGCCGATCACTCCGTGCTCGAAGCGGCTCATGGCTGCCCGCTCCACGCCCTGCAGGTGCGCCCGGGCCTGCCACAGCCGAGTATGCCGCGCCTCGTTCAGCAGCCGCTACAGGGCCTCCCGTGCACTCCTCAAGTCTTCTGTCAGTTCCCGAAGCCCCAGCACCAGGAGAGCGTATGACATTGAATAAACGTGCGGTCAGATGCAGTGCCTCCATCAAATATTGGCCGGTTCTTGGCCGATCGGCTGACGCAGGGCCAGCCACCGCGCGGTACACTCGTCCTGTACCCCACAACACAAGCCGCCCGGGTGACGGCGGTCGGGCAGCCCCACCAGCCGTGGGGCTTTTGCACCGCCCTCACTAGCGTGGTCAGGCGGACGCTAGGTCGTCGAGCGTCAGGCCCACCGACATGGACGCGCTGAGTACCGCCGCCCACTGGCGCGGCAGGAGCGCCTCGACCGCGCCGCCGTCGTGCACCTGCCCACCGGCTGAGGTGATCACCACTTCACCCGTGCCGCTTACCTCGCACAGGAAGCCCAGCACGTCCAGGGCAGTCAGATGTGCCCGTAGGCCACGCGCGACCACGGTGTTCATACCTCACCCTACGCGCCGGGCCGCTCGACACTGCCCCATGTCTGCACGTTCTGCACGGCGTGAACGTACGCTTAAGGGATCCCAGACTCCTGCCGAACGTCGGTTCAGTGCCCGCCCGTCAGGAGCCCGGCGCGCCGAT
CP177252.1_gap27	1043104	1043640	536	CCGTTCGCAACGCTGAGCAGACTCCACCTGAAGCTGGGTCAGCAGTCATTCCTCAGCTCCTTCATGGATTGCACATCTGTGTGGTGCGCTGGCCCCCCCGACCACCCTGCAGGTGGCATTAACCATAGCTGGAGCAGGCTGGACGGGTATTCACAGAATTTTCATACTGAGGTGCCATGACGTCGTCAACTGCTCGTTCGACCCGCCAGCAGTTCCTTGCCCGCTGTATGCGGATCAGCGTGATGAAGCGCTGGCCCCTGCCCCTGGCGGTCGGTCTCTTCGTCCTGTCACTTGGATGGATCCTCCTGTTCCCGTGGTGGGTGTCTGCACTCCTCACCGTTCTGGGAATCGCTGTCTCATCCGGTGTCATCGCTCTTGACTCTTACCGGCGCCACCGGTGGGATTCCTGACAGGAGGACAAGCCTCTGAGTGGCCGTCGCAGCCCCCCGCACGCAGGCCGAGCTGATTCACGAACCGAATCTGAATCCTGCTGCGCGATGGCAATCCCACCAGTGCGATCTGGCTGACATGGCCAC
CP177252.1_gap28	1047293	1048277	984	CCCGGCAGTACGTGAAGCGGCAGGCCACCTTCATCCGGACGCAGCTCGGCGCCACGCTGCTCAGCAAGGCGGACGCCGCGCAGCGACTCGCCGCGCGGCTGGCAGGGGGCGAGTGCGAGGTCTAGGACTCTGTGACCTCGCTAAGTAAACCGTTCAGGCTGGCTGGCAGCGGCACGCTAGAGTGACGGCACGTCCACATCGCGTCCCGGTGCACTGACCGGCCGCACACGCCTTCTTTCCGCAGGGGGAACTGATGAAACCACGTGTCCTGGGTATGATTCTCGCGGGCGGGCAGGGTTCACGTCTCGCGCCGCTCACACAGAAGCGCAGCAAGCCTGCCGTCCCGTTCGGCAGCAAGTACCGCATCATTGACTTTGCCATCAACAACTTCATCAACTCGGGCGTGTTCAGCATCTATGTCCTGACGCAGTACAAGGCGCAGAGCCTGACCGAGCACATCCAGCGGGGCTGGCGCTTCGGGACGTTCCTGAGCGACTACTTCATCACGCTGGTGCCGGCCCAGATGTACCGCTTCGAGGAACTCGGCCCGGTGTGGTACCGGGGCACGGCCGACGCCGTATACCAGAACCTTCACCTGATCGATAACCACGACTCGGACTATGTGGCGATCTTCAGCGGCGACCACATCTACAAGATGAACGTCGAGCACATGCTTCAACACCACATCGACACGCGGGCCGACCTGACCATCGCGGCGTACCCCATGCCCCAGTCGCAGGCCCACCAGTTCGGCATCATGCACGTCGATGACCGCTGGAAGGTCACGGACTTCCTGGAAAAGCCCAAGGATCCGCCGGCGATCCCCGGCCAGCCCGGCATGAGCCTGACCAGCATGGGTAATTACATCTTCTCGCGCCGTGCCCTGGAGGAACTGCTCGAGACCAACATGGCCGGCGGCGAGGAGGGCTTCGACTTCGGCGGCGACGTGATCCCACGTGCCCTGGCCGACGGCTACAACGTGCA
CP177252.1_gap29	1070158	1074322	4164	CTCGGCGGTCATGCGGCCCAGGATGCTCGTCTCGCCCATCTGGGTGCCGTGGGCGGCCAGGGCGGCCGTCTTGTTCGCAGCGTAGGCCCCGACCGCCATGCGCACGGCGATGGTGCCCTCGGACACGCCGTACAGCAGGGGATCGAGATCCTGCCCCATGCGGGACAGCCCCTGCGCGGCCTCGGTGGTCATGGCGGTGTAGTACAGCCGCTGCGGGCCGCCACCCGGCAGGTGGCCGGAGCTGAAGAACGCCGCCACGGTGGCGCGGTGAACTTTCAGGTGGTCGATGTGTCCGTAGCCCCCGTGCGGGTCGAAGGTGATCACCACGTCGGGCTGCACGTCGTCGATCACGGCCTTCACGCGGGTCTCGATGGCCAGGGGGTCGAGGTTCATCAGAGCCAGGGGGTCGTCATGTCGGGTGCGCTCGTAGCGGCCCGAGTCGTGGAAGTCCAGAAAGACCGGTTCCGGGATCTCCAGGGCGCGGCACGCCTCGCGGAGTTCCTGTTCGCGCTGGGCACCCAAGTCGTCCACGGTCATGCCGGGCACCGTGATCTTGCCGGCCTCGCCGCGTGTGGCGCACGCGAGGACGACCCTCACGCCCCGGCGGGCATAGTGCGTCAGCGTGCCGCCGATGCTGAAGGCCTCATCGTCGGGGTGGGCGAGCACGGCGAGCAGGGTGGGGGTGGGTCGGGCAGTCATGCGGGCAGTGTAGGGGACGGGCCACGGCACGAGGCGGGGGGTCGGGTTACGCCTGCTCGCCGGCCTGTGCGAGACCAAGGCCACGGGTGTAGAAGTCCCAGAAGGCATCGGGCCACGTCTCGTACAGTCGGCGGCGGTTCGTGGCGTCGGCGGCCTCCAGCGCGGCCCCCAGGGCGCGGTAGAAGCGGCTGCCCTGCACCTGCATGGCCTGCGCCGTCCAGTACGGTTCCGAGGCCAGCAGGGTCGTCAGGCGGTCACGGTCGGTCATGCCTCCATGATGCGGGCCGGGCGGGGCGTCTGGTACGCTCCTGAGCATGGCAGCAGGGCCGCGCATCCTGGCGATCACGTCCGAGAAGGGCGGGGTGGGGAAGAGCACGCTGGCCGTGAATCTGGCGGGGGCGCTGGCCGCCGGGGGCAGGCGCGTGGTACTGATTGACGAGGACGGTCGGGTGGGCAGTGCGCTGCGCTGGGCCGCCCGCCGCCCGGAGGGGCTGGGCTTTCCCGTCCTGACCCCGGACACCGCGAAGCCGAAAGTGCTGAACGCCGCCGACACGGTCATCATCGATACCGAGGGCCGCCCGAAACGCCGTGAGCTGCGGGCACTGGCCGAGCGGGCCGACGCCGTGCTGATTCCCAGCGGCCTGAGTGCCCTGGAACAGGACGCGACCCGCGACCTCGCGGACTACCTGGGAGAGCATGGCGCGGCCCGGAAGGTGCAGGTCGTACTGTGCCGCGTGCCTCCCGTGGGCAACGCCGCCGACGAGATCCGCGAAGAACTGCGCGACATCGGCCTGCACGTGTGCAACGCCATCATCCGCCAGTACGCAGCATTCCAGAAGGCCGCCGACCTGGGCGTGCTGGTGCGCGAAGTCCGCGACCCCCGCGCCGCCAGTGCGTGGGCCGACGTCGTGGCCCTGGCAAGCGAGGTGGGCTGAGGGAATGCCCCGGTTCGCATACCTGGACACCCCGAAAAAGAAGGGCAGGGTCCGTAAGAAGGCCGCGAACGCGGAGCGCAGGAAGCGCCGCGAGCCCGCAGACGACACCAAGGTTCCCGCGCCTGCCACCGAGATCGCAGGCCGCTCCAGGGCCGACGCGCCCGTCACGGTGTACGTCCGGCGCGAGACGGTGCGTGCGGTCTGGCGCGAGGTCAAGCAGGACGGCGGCGAGAGCGTGAGTGAACTCGTCGAGGACCTGCTGCTGGCGTGGCTGCGGGAACGCACCCGGTGACCGCCACGTGGCGCGGGGTGGGCCGCTGGATCGGACTGGCGCTGGCGCTGCTGGTCACGGTGCCGGGGGTGCTGCGTCCCCTTTCGGGCAGCCTGCTCAGTACCGTGAATCTGGTGTTCCACGAGGCCGGGCACGTCCTGTTCGGGCTGTTCGGCGAGACGGTCATGCTGCTGGGCGGCAGCGTCATGCAGGTGCTGGTGCCGCTGGCCTGTGCGGCGGCGTTCCTGGCGCGGCGCGACCGTTACGCGGCGGGCATCGTGACGCTGTGGGCGGCCCACTCGCTGGCAAGCGTGGCCGCGTATATCCGCGACGCGCCGACCCGGAACCTCGACCTGATCACGGGTGATCCCGACACGCACGACTGGTGGCAGCTCCTGGGCGCGGCCGACGCCCTGCGCCTGGCGGCCCCGCTGGGCAGTGCCGTTGCCTTCCTGGCCTTCGTGGCGATCGTGGCCGGAGTGCTGCTGGCTGTGTGGGACGAGCTGAAGTAGACTTACCGGTCACAGTGGACGCCCCGCCGGATGCCCTACCCTGAACCTATGACTCCTGCTCCCCCCGCCGTGACCGGCCGCTTTGCGCCGAGTCCCACCGGGGCGATGCACCTGGGCAATGCGCGGACAGCGCTGCTGGCGTGGCTCCACTCACGCGCGGCGGGCGGGCGACATATGCTGCGCTTCGAGGATCTGGACACCGGGCGTGTTCGCGACTGGGCCTACGACGTGACCCGGCGCGACCTGGAGTGGCTGGGCCTGGACTGGGAGGAGGAATACCGTCAGTCGGAGCGGCTGGATCGGTACGCCGCTGCGCTGGAGACGCTGGACATCTACCCGTGTACGTGTACCCGTAAGGAGGTGCTCGCCGCCATCGAGGGCAGCGCCGGTGCCCCGCACGGAGACGAGCCGGTGTACCCCGGCACGTGCCGCACGGTGACAGCCCACCCGGATCGTCCGGCAGCCCGGCGCTGGCGCGTCCCGGATCAGACGGTGTACGCTCACGACGATCTGCGCGGCTGGACGCTGTGCCAGCACCTGCCCTCGCAGGTCGGGGACATGGTGCTGCGCCGCAACGACGGCGTGTATGCCTACCACCTCGCGGTGGTGGTCGATGACGCGCAGATGGGCGTGACCGACGTGGTGCGCGGCGAGGATCTGTGGTCGGCCACGCCCCGGCAGGTGGCGCTCCAGACCGCGCTCGGCCTGCCGCCCGTCCGGTACCTCCATGTGCCGCTCATGAAGGATTTCCAAGGAGAGCGTCTAGCCAAGCGTGGCGGCGCTCCGGGCGTCCGGGAACTGCGTGAATCGGGGCGTCCGGCAGGGGCGCTCGTGGCTGCCCTGGCCCGCAGTCTCGGCTGGGACGTGCCCGATGAAGTCACGCCAGCTGACCTCCTGCCCCTGTGGCGGACGTGGCGTCCCTGAACGGGCCAGAGATGAGGGAAAACTTAGACGAGTTGTCTAAGTTTTTGCTGTACCGGGTGCAAGCCGGAATCCTACCCTGAAGCTCCAATGACCCTTCACCTGCCTGACTATCCGATGCCGGATGAGCGCGGACGCTTCGGCCGTTTCGGCGGTCGATACGTTCCCGAGACCCTCATCCCGGCCCTTGACGAACTCGAGACCGCGTACCGCACCGCCAAGACCGACCCGGCGTTCCTGACCGAACTCGACCGGCTGCTGCGGGAGTTCGTGAACCGACCCAGCCCGCTGTACCTCGCCCAACGGCTCACGGCGCATGCCGGCGGCGCGAAGATCTACCTCAAGCGCGAGGACTTCAACTACACCGGCGCCCACAAGATCAACAACTGTCTGGCGCAGGCGCTGCTGGCGGTGCGCATGGGCAAGAAGCGCGTGATTGCCGAGACCGGGGCCGGGCAGCACGGCGTGGCGAGTGCCACCGCCGCCGCCCTGCTGGGCCTGGACTGCGTGGTCTACATGGGAGCCGAGGACATCCGCCGCCAAGCCCTGAACGTCTTCCGCATGCGGCTGCTGGGGGCCGAGGTGCGCGAGGTCACGTCCGGCACGAGTACCCTGAAAGACGCCACCAACGAGGCCATCCGCGACTGGGTCACCAACGTGCGTGACACCTTCTACATCCTGGGCAGCGTCGTCGGGCCGCACCCGTACCCGGCGATGGTGCGCGACTTCCAGGCCGTGATCGGCGAGGAGACCAAGGTTCAGCTCCACGCCGCCGAGGGCCGTATCAGCCCGGATGCCATCGTCGCGTGCGTGGGCGGGGGCAGCA
CP177252.1_gap30	1079800	1083489	3689	CTGGAGCCGCGGGCAGCGACGCCGTGCGGATCACTGCCTGCCCCGGCATCCGCAGAGTCTCGCCTGCCCGCAGGACGCCAGGGTTGGCCTGCTGGAGGGCGGTCACGGTGGTGCCCATGCGCCGGGCCAGCGTCCACAGCGTGTCGCCCGGCTGCACGGTATAGGGCTGTGCGTGTGCCGTGGTTATCATGGCGACCGCCAGCGCCGAGCCCAGCAGCGCCAGCCCCCGGAGCCTCACAGCTGTTCCTTCTCGGCCGTGCTCAGCACCTCGTAGCCGGTCTCCGTGACCAGTACCAGATCCTCGATGCGCACGCCACCCACGCCCGGCACGTACACGCCGGGTTCGATGGTGATCACCATGCCCGCTTCCAGCACGTCCTCGCTGGTGCCCCGCAGGCCCGGAGCCTCGTGCACGTCCAGGCCGACGCCGTGCCCCAGCGAGTGCGCGAAATACTCGCACAGGCCGTGCCCGGTCAGCAGGTCACGGGCCAGCCGGTCGAGGTCGGCGGCCCGCCCGCCCGGCCGGATCGCGGCGACAGCTGCCTGCTCGGCCTCCAGCACGGCGCGGTACAGGCGGCGCAGCTCGGCCGACGGGTCACCCACCGCCACCGTGCGGGTCATATCGCTGTGGTAGCCGTCCACCCGTGCGCCCATGTCCACGGTGACCAGTTCGTTGTCGCCGATCACGCGCCCAGAGGCCACACCGTGCGGCTTGGCTCCGTTCGGCCCGCTCGCCACGATGATGTCGAAGGCCGACTGTGCCCCGGCGCGGCGCATGGCGAGTTCCAGTTCCAGGGCCACGTCCAGCTCGGTGACACCGGGGCGGATCATCGGCCGCACCTGCGCGAAGGCGTGATCCGCGATGCGCTGGGCCGCCCGGATCGCGTCCAGTTCCCGCGCCGTCTTGGTCACACGCAGGCCGTGTACCAGACCGCGCACCGGCACCAGCGAGGCGTCCGGCCAGTGGTCACGCAGGTCGTCCAGCAGCGCGACCGTCAGGTGGTCGGCCTCGAACCCGACCCGCTGGCCACTTGTGGCCTCCCTGGCGTGGGTGTAGGTGTCGGGCGGCCGGGCGATGAACTGCGGCATGCTCGCCTCCTCGGCGGCCTGCACGGTGTAGCGCGCGTCGGTGTACAGGATCGCGCTGTCCGCCGTCACCAGTACCTTGCCGTCCTTACCCGACGAGAAGCCCGAGACGGCGCGTACATTGGCGGGGTCGCTGATCCAGAGGGCATCGATCCCCGCCCGGCGCATCGCGCTCCGCAATCGATCCAGTGCTGTCATGTCAGGCAACGGTAACATGCCTCCCACGAACCGGTCATGACAGGAACTGGCGGTGGTACTCGCCTCACAGTGTTCCCTTCTTGGGAACATCCGACGGCATCGTGGGCCAGCCCCGTATACTCACTCTTCGGGAACAAGCAGACGTGGTCGCGCGGCGACCGTCAACCCAAGGAGGAAGCACCGTGAAACTTCACGAGTATCAGGGCAAAGACATCCTGCGCCAGTTCGGCGTGAACGTGCAGGACGGCAAGGTGGCACGCACGCCCGATGAGGTGCGCTCCATCGCGCGGGAATACGGCCAGCCGGTCGTCGTGAAGGCGCAGGTGCATATCGGCGGGCGCGGCAAGGCGGGCGGCGTCAAGTTCAGCCCCAGCGAGGACAAGGCCTTCGAGAACGGCGAGAAGATCCTGGGCATGGACATCAAGGGCCTGACCGTGAACAAGGTGCTGGTCACGAAGGCCGTCGACATCGACGCCGGTACCGAGTACTACGTCGGCATGATCGTCGACCGCAACGTCCAGAGCTACACCCTGATGGCCTCCGCCGAGGGCGGCATGGAGATCGAGGAGGTCGCCGCCGCGACCCCGGACAAGATCATCAAGCACCGCGTTGATCCCGTCACCGGCCTCCGTCCCTACGAGGCGCGGGACGTGGCGATCCGCGCGGGCTTCAAGGGCAACCTGAACAAGATCGCGGACATGATGGTCAAGATGAGCGAGGCCGCGTTCGCGCGTGACGCCGTGCTCGTCGAGATCAACCCGCTGTTCGTCGGCCCCGACGGCGTGCCGCTCGCGCTCGACACCAAGTTCGAGATCGATGACAACGCCATGTACCGCCACGGAGACCTTGCCGACTGGCGCGAGCTGGAAGCCGAGCACCCGCTGGAGATCGAGGCCAGCAAGTACGGCTTCGCCTACGTTAAGCTCGACGGCAACGTCGGCGTGCTGGGCAACGGCGCGGGCATCGTGATGACCTCGCTGGACGTCGTGAACCGTGCCGGGGCCAAGCCCGCGAACTTCCTCGACATCGGCGGCGGGGCCAAGGCCGAGATCGTCTACAACGCCGTCAAACTGGTCAGCAAGGACAGCGACGTCAAGGCGATCTTCATCAATATCTTCGGCGGCATCACCCGCGCCGACGAGGTCGCCAAGGGCGTCATCCAGGCCCTCAAGGACGGCATCCTGACCAAGCCCGTGCGCATGCGCATCGCCGGCACGGCCGAGGACGAGGCCAAGGCGCTGCTCGCGGAAGTGAACAGCCCGCTGATCCAGATGTACCCGACCATGTTCGAGGCCGCCGACGAGGCTGCGAAAGAAGCCAACGCCGTGAGCCAGGGGAGCAAGTAAGATGGGCATTCTCGTTGATAAGAACAGCAGGGTCATCGTGCAGGGCATGACCGGCCGCGAGGGCGCCAGCCACTCCCGCGCCATGAAGGAATTCGGCACCCAGGTCGTCGCTGGCGTGACCCCCGGCAAGGGCGGTCAGGACTTCGAGGGCTGGCCCGTGTTCAACTCGGTCGCCGAGGCGAAGGCCGCGACCAACGCGAACGTCAGCATCATCTTCGTGCCGCCCGCCGGCGCTGCCGACGCCGTGCTGGAAGCAGCGCACGCCGGCATTCCCCTGGTCATCCTGATCACCGAGGGCGTGCCCACCATCGACATGATGCGCGCCGTGCAGGAAGTCCGCGACCTCGACGAGCGCAGCCGCGCCCAGGGTGGCGAGGGCGTGCGCCTGATCGGCGGCAACTGCCCCGGTCTGGTCACCAACGGTGAGGCCAAGGTCGGTATCATGCCGAACAAGATCTACGCCAAGCCCGGCCGCATCGGCCTGATCAGCCGCTCTGGGACGCTGACCTACGAGGCCGCCAAGCTGCTGAACGACGCCGGCATGGGCACCAGCACCACTGTCGGCATCGGCGGCGACCCCGTGATCGGCACGACCTTCGCGGACGTCCTTCCCCTCTTCGAGGCTGACCCTGACACCGACGCAGTCGTCGTGATCGGTGAGATCGGTGGCGCGGACGAGGAAGCGGCGGCCGAGTACATCAAGTCCAGCATGAAGAAGCCTGTTGTGGCCTTCATCAGCGGGCGCAGTGCCCCGAAAGGCAAGCGCATGGGCCACGCCGGCGCGATCATCATGGGTGACGTTGGTACGCCCGAGAGCAAGCTCGCGGCCTTCCAGGCGGCGAACGTGCCGGTGGCCGACACCATGCCTGAGATCATTGATCTGGTTAAACAGGCGCTGGCCAAGTAAGCACAGCGTTGATCTATGAGCGGGGGAACGTGGCCGGGGGGCCACGTTCCCCCGCTGCATGTGGGCCGGGGGAACGCCAGCCCAAGGTGGGCATCACACCGGAGTCAGGTCGACGCGTACACTAATCTCATGAATCTCCGCTCCCTGCTCCT
CP177252.1_gap31	1249089	1250522	1433	GTGCCCGTGATGACGAAGTTCAGGCCACTGAGCTGCGTGCCGCGCACCACCGCCGCCTCCTGCGGGTTCAGGCCGGCAGCCCGCAGTCGGGCGATCAGAGCCTGCATGCTGGGATCGGCCAGCGCTCCTGCGACGCTCTGAGCAATGACGCCACCCAGACCGGGCACGGCCGCGATCTGTTCCGGAGTGGCCGCCAGCAGGGCATCCAACGTGCCAAAGGCATTTGCCAGAGCCTGTGCGTTTCGCTCACCCACGTGATTAACCCCCAGGGCATTGACCAGCCGCCACAGCGGCCGGGTCTTGCTGGCCTCCAGCTGCCCCAGGATGTTCTGTGCCTTCTTGTCGCCGCCGCGCTCCAGGGCCGAGAGCTGCGCGGCCGTCAGGTCGTACAGGCCGGCGGCGTCCTGCACGAGGTTCTGCTCCAGCAGCTGCGCGATCAGCTTCTCCCCGATGCCCCGGACATCCATCGCGCCGCGCGACACGAAATAGCGCAGGCGCTCGAACTGCTGGGACGGGCACGCGGGATTCGGGCAGTAGGTGTTCGCGTCGCCCTCGGCCCGCACGGCCTCGTGACCGCATTCGGGGCAGTGGGTGGGGAAGGCGAAGGGCACAGCCCCTTCCGGCCGCTTCTCGGGAATGACGCGCATGATCTGCGGAATGACGCCACCGGACTTGCGCACCACCACCGTGTCGCCCAGATGCAGATCCATGTCGCGGATGTAATCCTCGTTGTGCAGCGTGGCGCGGCTGACCGTGCTGCCCTCGATCAGGCGCGGGTGCAGGTGCGCCAGCGGTGCCAGTTTCCCGGTGCGGCCCACGTTGATGGTGATCGACTCCAGCACCGTCTCGACTTCCTCAACCGGGAACTTGTAGGCGATCGCCCAGCGCGGAGCACGGCTGGTGAAGCCCGCCTCCTCCTGAAGACGCAGCGGATCGAGTTTCAGGACGGTGCCGTCGGCATCAAACTCGAAGGACTGGCGGCGGGCGATCATGCGGGCGTGGTAGTCCGCGGCGGCTGCGATCCCATGCAGCGTCTCGGTATCGGCACTGACCGGGAAGCCCTGGGCGGCCAGCCACGCCAGCACACCCGACTGCGACGTGACCGGCACGCCGTCGCGCCTGCCCAGCATGTAGAAGATGGCCTTCAGATTGCGCGAGCGCGTAACCTCGGGGTCTTTCTGGCGCAGTGCACCGGCTGCACCGTTGCGAGGATTCTTCAGCAGCGGCGTGCCCAGTTCCTCGGCCTGGGCGTTGAAGGCGGCGAAGTCGGCGCGGCTCATGTAGATCTCGCCGCGCACCTCCAGTTCGCCCGTCAGTCCGGGAAGCTGCGTGGGAATACCGGGCACGGTGAGCACCTGCGCCGTCACGATCTCCCCCACCGCACCGTTGCCGCGCGTGGCGGCCCACTGGAGTTCGCCGTCCACGTAGTACAG
CP177252.1_gap32	1308714	1310233	1519	CATATGCACGGTCTGCGGCGCACCGGCCACGCGGTCGCAGCGCCTGATCGGGGGCGAGCCGGCCCGCTTCGACGATCCCGTGGTGCTGGTAGGTGCTCTGGAGAGCTACGAGGCCAGATGCCGCGTGCACCACGTGGTCAGTGACGGCCGGTAGGCGCTACACCGCGTGCAACAGATGGAGTTCCGGGCCAGTGGGGGCAGTCTTGAGGAACACGGGAGGGTGGGCAGCCCAGAACGCCCCCAGATCCTTTTGAATCCGTGAACGTGAAACGATAGACTCCCGGACGTCTACCCCGATCCGTGTCTTCCGTTTCTGGAGTCTGCTTGCCCAGTTCACCTCCTGCCCCGAACCTGGCTCTGAATCCTTCCGAATGGCATCGCAGCCAGCGGCAGATGTTCCTGGCCCTGGTGATCCTGGTCACACTGGCCAGCGTGGTGGCCCTGGCTCTGCAACGGCCGAACTTCGATCCGCTGGATCTCTGGGCGCTGCCGGGCATGTCCGTGCTGCTGATCGCTCTTCAAGTACTGCTGGCCCTGAACCGGATGAGTCTCTCGACCGCCCTCCAGATCGCGTACCTGGGCGGAGCCACGTATGTGCTACTCGCCCTCTCGCACCAGTACGAGGTGATGCCAGCGACCTCGGTCACGCTGATGGAGAACACCTACTGGTTCGCGGTGATCTACGCGGCGGCGTTCCTGACGTTCCCATCCCGGCTGGCCACCGCAGTGACCAGTGGCATCCTGCTGCTTGCCACCGCGATCTGCACGTGGCACGTGACCATGACCGTGCCGGACGACATGCGCATGAAACTGGCTGCGGCCTCGGCCCAGTTCCTGCTGACCGGCGCGGTACTGATCGTGCTGAACCGGACGATCGGCGTGCAGCACCACCGCCTGATGGCGACCCGCACGGCGGCCTATACAGATGTTCTGACCGGGCTGGCCAATCGGCGCGCTGCGGAGGAACATCTCGCAGCCCTGGCACAGAGGGATACAGCCTTCACCCTGGTGCTGTTCGACCTCGATCATTTCAAGAGAGTGAACGACACCTACGGTCACGCGACTGGCGACGCGGTCTTGCGCGGTGTGGCAGGTGCCATCCGCCAGCTTCCGCCGGGGAGCATCGCGTCCCGCTGGGGCGGGGAGGAATTCCTGCTGATCCTGCCCCGACAGGATCGGGCAGAGATCCGCACCCGCCTGGACAGCCTGCGTGACCACCTGCGCGGCCTGGTGCTGGGACCGGTCAGCGGCGTCACGGCCAGCTTCGGTGTAGCGACCTCTCGGATCGGGGAACACCCGGATCAGGTACTGGCCCGTGCGGACACTGCCATGTACGCGGCCAAGGCCCAGGGCCGCAACGATGTCCGCGTCTCGGACACGATCTTCCGCCATGACCTGCCCGATCCGGCCAACTGAACTCTGATCTGTTGCAACGCTGAGCACACCAGCACATGGACGGAACCTGAACCGGGATCACGGGGGTTGTAGAACTCATACAGGTGAATGTCATGCTCCTGTG
CP177252.1_gap33	1312222	1314771	2549	ACGGTGGCCTGTACCGTGCTCCGCGCTACATCTCACGGGTGACCACCGCCCGTGGCGAGGTGCTCTACGACGCGGCCAACGATCCGGTGCGTCCCGCCCGCGTGTGGACGCCGCAGGTCGCGTTCCTCGGCCTGGACATGATCCGGGGCGTTGTGAACGACTGGACGGAGCCTCAGGGCGGCCTCGCGGCACGCTCCAAATTCGGGGACTGGCCGGTGGCCGGGAAGACCGGCACGAGTAACTTTGTCAAGGATCTGTGGTTCGTCGGCACCACGCCCCTGTACACCGGGGCCGTGTGGGTGGGTAAGCAGCAGGGCGGCGGCAACCCCGAGTACTACTACTCCGGACAGGTCGCCGCACCCATCTGGCGGCGCATGATGGAACTTGCACACCAGGGCCAGACGGTGCGGCAGTTCAGCGAGCCGCCAGGCATCCTATACGCCGACTCGCCCGATCCCCGCTACCTGCGGGACGTGAAGATCGCCGTGCTCGACCCGCAGTACCGAGATGCCGCCAATACCGAGGTGCAGGCCGACGTTCCCACGCCCACGCAGTACCGGGAGACCTCGTACCGGCGGCCGGCCAACGATCCACGCTCTGTGCTGATCAGCGTGGATCGCACCACCAACCGTCAGGCGACCGAATTCACACCCCCCGAGAACATCGTCCAGCGCCGCGTGTACATCGAGCAGCTGCCCGCGTATGCGCCCGATCCCAGCCCCCAGCCGCTGCCGGACGAGACACCGGATCCGGCGGCCGTGAAGGCCGCCCGAAGTGCCGGCAACGCGCCGCAGACGGTGCCAGTTCCCGCTACTCCGTGACCACCCGTCGGCCGCCTTCTCACGGGTTCCCCACGACACGCGCGGCGCAGCAGGCCATCATGTCGGGATGAGCCGACGCCGCGCCCCCCTGCTGACCCTGCTCCTGGCCCTGGGCGTCATGCCCGCGCAGGCCCGCGTGCGACTGGGCGAGCCGCTGCCGGCACACCCCTGGGTCAGCGCCGGGCGCGAGGTGGTTGTGGTCTACAGCCACGACTGCGGCGACCTGGGCGACCTGTGGACGGCGATCGTGGCGAGCGGACTACCGGTGCGGGCCGTGAACGCCGAGGACATCCCCGCACCTGCGCCCACGGGCGTGAATGCGTGGCGCGGCGAAGAGGCCACCGCGTTTGCCCGGACGCTGCGGGTGGGAACCTACCCCGCCGTGCTGCTGGTGCAGGGCGGGCGCATCCTGAACGCCTGGGAGGGCACCTTCGTGGGCGACCTGGGGCTGGCAGGGCTGGACAACCCGGCCCAGCCCTGACTTCGGCCACAGGACGCCTGCCCCGCCGCCCGACGCGGCCAGCCGCTAGACTCCGCGCATGACTGGTGCCGCCGCCTCTCCGACGCTGCTGATCGCGTTCGCGGCGGGGCTGCTGTCGTTCCTGAGTCCGTGCGTGCTGCCGCTGGTGCCCAGCTACCTGGGCGTGATCGGTGGGGCACGCGCCCCGCTGTCCCGTGCCCTGGGCTTCATCGCCGGGTTCGGGCTGGTGTTCATCGCGCTGGGGGCGACGGCCAGTACTCTCGGGGCGGTGCTGGCCCCCCACAAGATCCTGCTGGGGCAGGTGGCCGGCGTGCTGATCATCTTCTTCGGGCTGATCATGCTGGGGGCCGTGCGCCCGCTGCTGCTCATGCGCGACACGCGGGCCCTGGCCGACGCGGGCGGCTACGGGCCGGTGGCGCTGGGCGCGGCCTTCGCCTTCGGGTGGAGCCCATGCCTCGGGCCGACACTGGGCAGCATCCTGGGGCTGGCCGCCAGCAGCGCCAGCCTGAGCAGCGGGGTCGGCCTGCTGGCCGCGTACACGCTGGGGCTGGCCGCGCCCTTCCTGCTGGCCGCGCTGCTGTGGCACCGCCTGAACCTGCGCCGCCTGAACCGCTACGCCGGAATCTTCGAGAAGGGCGGCGGTGCCATCCTCGTCGCGGTCGGGCTGCTGATGGTCAGCGGGCAGTTCACGCGGCTGGCGACGTTCTTCTCGCAGGTGATGCCGGCATGGCTGATCCGGTAGGCGTTGGTCTGACCTCCCCCGAACCCACCACTCCCCACGCCGTCCAGCTGCGGGGCGTGTGGCTGCGCCTGGGCCGCGAGGTGATCCTGCGCGGCGTGACGGTGGACGTCCCGGCCGGGCAGGGGGTGACCCTGCTGGGCGAGAACGGCGCGGGCAAGACCACCCTGCTGCGGGTGGTGGCCTCAGCGCTGCGGCCCACCCGTGGCGAGGGGCGGGTGCTGGGCTTTGACCTGCGCGATGGCCGTTCGGTGCGCGAGGTCATCCATCTCATGCCGGTCGATGCCGGGCTGTACCCGGATCTGAGCTGCACAGAGAATCTGGAGTTCGCCCTGCGGGTGTACGGGCAGGACGGAGACGTGCGGGCCGCCCTGACTCGGGTGGGCCTGGAGGGGGTAGCGACACGCCGGGTGCGGCACCTGTCGGCCGGGATGCGCAAGCGGCTGGCCCTGGCCCGGGCGTGGCTGCTGGCCCGGCCCGTCACGCTGGTCGACGAGCCCTTCGCCAA
CP177252.1_gap34	1319472	1320705	1233	CGCGTTCAGCGGGGCGTACCGCGCCGAGACGCAGGCCACCCTGACCGTGAACGCTGCCCCCACGTCCCTGCTACACGAGCAGGTACAGGTGCAGGGCATCCGGCGCGAGCTGCGGCCCTACGGCGGCTCGACCGTGGCGACCGTCCTGATCGACGGGCGGCCCTTCCAGGCCCGGATCAACACCTACACCCAGTCGGGCAGCACCGGCTTCCCTGCCCCCGCCGTGCGCTATTCCCTGCTGGGCGACACATATCTGGTACTCACCGCCCAGGACAGCGCTGCTGCTCCGCAGTGGGTCAGTGTCCACCTGATCGAGAGCCCGCTGGTGTCATGGATCTGGTGGGGCACGCTGATCATCTGTATCGGAGCCGGGCTCACGCTGGTGCCGCCGGGCCGCCTCGCGCCGCGCCCGGTTCCGGCGGGGCTGGCACCCGCGACCGACTGACCACCCCCCCGCACTTCTGGAGACCGAAAAAGCCGATGACCACCTCCAACACCCAGTCCAGTCCTCCTGCTGCCCCCGTCCCGGCATGGCGACGGCTCGTGCCTCCCCTGTTCGCTGCCGCGCTGGTCGCGGTGCTTGGGTACACGCTGCTGCGCCCGTCACACAACGCCACCACCGGCGGGCCGCTGATCGGGAAGGCAGCGCCCGCCTTCACGCTGACCAGTCTGGACGGCGTTCCCGTCAGCCTGGAGCAGTTGCGGGGCCGCCCAGTCGTCCTGAACTTCTGGGCCTCGTGGTGCGGGCCGTGCCGCGAGGAAGCGCCGATGTTCCGCGAGCTGTCGGCCAAACAGGGCGGCGCGTCCGACGTGGCGATCCTGGGCATCCTCTTCCAGGAGACCAGCGAGAAGAACGCGCGTGATTTTATCCAGGAGTACGGGCTGGCATACCCCAACCTGCGCGATCCCGGCATCGACACCGGCGTGAACTATGGCGTGTCGGGTATCCCGGAGACTGTGTTCATCGACAGGGAGGGCGTCGTACAGTACATGGATCGGGGCGGTCTGACGCGTGAGCGCCTGAACGCCGGGCTGGACACGATCGGCGTTCCCGGCATCTGATGATGACCCGGATCACCGCTCTGGTGCTGACCGCCTCGCTGCTAGGCGGTGCCCTGGCCGCTGCCCCCGCCCTGACACCGGCCCAGGAGGCCCGCGCTGTCGCCATCCAGAAGAACCTGCGCTGTCCGCTGTGCGACACGGGCGAGTCCATCGAGCAGTCGCGCAGCGACA
CP177252.1_gap35	1467275	1472262	4987	GTGCCGCCGCGTACCGCGACCTCGTCGATCACCCGGACTTCATCCCCTTCTTCGAGCAGGTCACGCCGATCCACGAGATCGCCCGCCTGAACATCGCGTCGCGCCCGGTGCGGCGGCCCGGAGCGCCCAGCCTGAGCAACCTGCGGGCCATTCCCTGGGTCATGAGCTGGACGCAGAACCGCGCCAACCTGCCCGGCTGGTACGGCCTGCGCGAGGGCCTGACCGAGATCGGCGTGGATCTCGCCCAGGAGATGTACGCGAGCTGGCCCTTCTTCCGCACCGTGCTCGACAACGCCCAGATGAGCCTGGCCAAGAGCGACCCGCTGATCTTCGACGAGTATCTGGGCCTGACCGGCGAGCATCCCCTGGCCGATCAGCTGCGGGCCGCGTATCAGGAGACCGTGGCACTGGTGTCCGCCGTGGTCGGAGCCGAGCTGCTGGGCAACGAGCCGCGCCTGAAAGAGAGCATCAGCCTGCGCAATCCCTACATCGACCCCATCCACCGCATCCAGGTGGAACTGCTGCGTCGCGCCCGCGCCACCGACGGCGGCCTGGACGAGTTCGAGCGTCCACTGCTGCTCAGCATCCAGGGGATTGCGGCCGGGGTGCGCAACACGGGCTGACGCCAGCGCCCCTCAGCAGGCCGCTACCGACGCTCCAGCAGCACGAAGCTCAGGGTCACGGCCTCCTCGACGACCGCGCTGTGGCGTTCGCCCGCCGGGATGAATGACACGTCGCCGGCCCGGAGCGTGGTGCGCTGGCCACCACTCTCGGCATTCAGGACACCGGCATGAATGAAGCTGATCTCGTCCTGCTCGTGAGAGGTGGGCGGCAGCACCGTACCGGCCGGGAAGTGAAGGGTGCCGACCTGGGCGGGCAGGCCGGGCAGGTCGGCACGGTCACCGGGCTTCAGGGAGAGGTATTCCACGCTGTCCAGGGTGCGCCGCGCAGCGTGCAGACGCAAGGGCAGGCAGACGCTCTAGCATGCGCAGTATGCGTTCACTCGTGCTGCTGGGTGCACTGCTCGCCTCCGTTCAGGCAGGTGCGCAAACCACTCCTCTGCCCTCGTTCGAGGGTCAGGTCATCTATCAGGTCATGCCGGACCGCTTTGCCGACGGCAACCCCGCCAACAACCAGGGCGTGAATCTGGACGACCCCCGCGCGTGGCATGGGGGCGACCTCGCGGGCCTGACGGGGAAACTGGAGTACATCAGGGCACTGGGGGCAACGGCGGTGTGGCTCACGCCGGTGTATCAGCAGCAGCCGGTGAACACCTCGGGCACCGCGCCGTACCACGGGTACTGGCCCGCCGATTTCCGCAGCGTCGATCCGCACTTCGGGACGCTTGCGGACTTCACCGCGTTCGTGAAGGCGGCGCACGGGGGCGGAATGAAGGTCGTGCTCGATCAGGTCATCAACCACTACGGCTACGAGGCCGCCGCCGTGAAGGTCAGGCCGCAGTGGTTCACCACGGACGCCGAATGTCAGGCGAGCGCCCAGAAGGACATCGACTGTCCCCTGGCCGGTCTGCCCAACCTGAAGCAGAGCAACCCCGAGGTGACGGACGTACTGCTGGGCGCGGACGACTTCTGGCGCACCCAGGGCGTGGACGCCTACCGCTACGATGCGATCAAGCACGTGGAAGGGCCGTTTCTGAAGACGCTGTTCGCCCGCGACCGGGCCGCCGGCACCTGGACGCTGGGCGAGTGGTACGACGCCGACACCGGCACCGTCGCGGACTGGCAGAAGGCGGGCCTGGACTCGCTGTTCCTGTTCAGCATGCAGGCGGCCATGAAGAGTTCGATCATGGGCGGACAGGGGCTGGACACCGTGCGGGCCGTGCTGGAGCGTCAGGGCGAGTTGCCCCGACCCGGCGAGGTCGCGCTGTTTCTCGACAACCACGACGTTCCTCGCTTCGCGCAGGGCAGCCTGTTCGAGGACGTGGGCCGGGAACGCACGAAGTACGGCCTGCGTGCCCTGATGACCCTGCGAGGCGTGCCCGTGCTGTGGCAGGGCACCGAGATCGCGCAGCGCGGCGGCACCGATCCCGACAACCGCCGCCAGATGCGCTTCGAGAATCAGTGGACGCCTGAGGAACGGGCCGTGTACGACGTGGCCCGGGACGCCATCGCCGTGCGGAAGGCCAGTCCGGCCCTGAGCCGGGGCACGCTTGCCCTGCTGAACGTGCCGGACGCGCAGGCCGGGAACCTGCTGCTGTTCACGCGCACCGTGCAGGGTCAGCGGGTGCTCGCTGCGTGGCACGGCGGCAAGGCCCGCACGACCTACAGCCTGAAGCTCGCGGGCCTGACGCTCAGCGCGGCGGACGTGAGCGGCGTGAAGACCCTCTTCGCCGGCCAGGACGCGAAGGTCAGCGTGCGCAGCGGCTACCTCCACCTGAGCCTGCCCCCGCAGGACGCGGCGGCCTTCGTGCTGCCCTGATACGAAACAGTGAGGACGCCAGGGAAGCTCAACCCGGCGTCCTCGTACCTGCCCCGACTCAGGGAATGCGGTCAATCTCCGACAGCGACGTGGAGGTGGCGTCCACGCGCTGGCGCTGGAGTTTCAGGAGTTCCTCCTGATCCAGCGCCGTGTGCGCCATGACGATCGTCTCGCACAGCAGCATCATGGAGGCGCACACGCTGGCGGGCAGGCACTGGGTATCAGACTCCCGGAGCACCGCGCCCGTGCGGCCGTCGGTGAGCACCAGTACCTCGGGGCCGACCAGCAGCCCGGCCACCGCCGGCACGCGCCACGTGCGGGCACGCGAGGCCATCAGCTCGGCCCGCCAGTCGTCGGCAGTGGTGCCGTGCGTGGTGCCGGGGACGGCGTCACCGCCGCACAGGTCATGGATGACGTCGTGGATGACCTGCCCGTCTTCCGGGGGCACGCGCAGCAGCAGTCGGATGAGGTCGTCGCGGGTGGTCTCGCCACGCTGCCACGCGGTGATGTGGGCGCGGAGGGTCTGGGCGGTCTCTGGAGTGTCTGGCATGGATGGTCTCACGGGGGGAGGAGCGAGGGTCGGCGGTTCTGTCAGGGCACTCTAGCGCGGAGGGTGGCCTGGCCTCAGCCGGCCCGCACCTCGTCGGGGCGGCGGATGCTCAGCACCCGGCTCGCGCCACTCTGATCCGTGGTCACGCCCCACAGCGCCTGCGCGACCTCCATCGTGGCCTTCTGGTGCGTGACCAGCAGGAACTGGGCCCCACGTTCGCTGAAGCGCGTCAGGAAGGCCGTGAAGCGGCGGATGTTGGCCTCGTCGAGCGGGGCATCGACCTCGTCGAGCACGGCCAGGGGCAGGCCACCCGCGCTGCCCTCGCCGCCAGCGTGGTTCAGCGCGAACAGGAAGCCCAGGCCCGCCATGGTGCGCTCCCCGGCCGACAGCAGGGTCATGGAGCGGGTGCGCTTGCCCCTGGGCTGCACGGCCAGCCGCAGCCCGGTCAGGCGGCCGGTCGCATCCTCCTCAGGTTCCAGGTCGCCGTCGCCGCCCAGCAGCTCGCCGCTGTACTCGCGGAAGGCGGCGTTCACGCGGGCGAAGGCGGCACGGGTCGCGGTGCCCTCGGCGGCCTCCAGCTCGGTCAGGTGGGTGCGGAGTTCCGTGGCGGCGCTCATGGCGTCCTGCACCTCGGCCCGCTGGGCGTCCAGGGTCGCCAGGGTCTCGGCGTACTCGATCTCGGCGCGGGCGTTCACCGGCCCCAGGGCGTCCAGCTCGGCACGCGTGCGGGTCAGGGTGGCCGTCCACTCGCGGGGGGTGCCGGGGGGCAGCACGCCGGGAGCGATGTCCTCCACGCTGCCCTGGCGGCGGGCGATCAGCAGGCGCTGTTCGTCCAGGCGCGTTCGCAGCGCGTTCTGGGTGCCGATCACGTTCGCGTAGGCCAGCGCCGCCGCCTCGCGGGCCTGCTCGGCGCGGGGGAATTCGTGCTCGTCCAGGGTGCCCAGCGCGGTCTCGCGGCGGGCGACCTCGGCCTGGGCGGCGTCCAGGGCCGCGCCCTGCGCGGTGGCCGACTGCGCATTCACCTCAAGGCGGGCCTGCACCGCCCCGGCGCGGGCCGCCGCCGCACGGTAGGCCCGCCACGCGGCGTCCAGCTCGCGGGCCAGTGCCAGCGCCTCGGCGGCGGCGCGTTCGGCGGCGCGGCCCTGTTCAGCCGCGTGCCGGGCGGCCAGCAGATCGGCGTCCAGGGCCTCCAGATCGGGCAGAGGAATGCCTGAGGCCACCGCGCCGGCCGCCGGGGTCAGCCGGGTCAGCAGGCGCTCGCGGTTGGCGTCTAGGCTGCGGGCCTGGGCGTCCAGCTCGGTCACGCGGCGCTCGGCCCCCTGCTCCTCCTGCACGGCGCGTTCGCGGGCGGCCAGCAGGGTGTCATGGCCCTCCATGCTGGCGGACAGGGCCGAGCGCACGTCGTCCAGCGCCCGGTTCAGGGTCACGCCCTGGGCGTCGGTGGCCTCCAGTTCCGCGTCGAGTTCCTGAAAGCGGCGCTGATCGGCCAGCACGCCCCCGCCCCCGTCGCGCTGGCGGCCCCCGGTGATCGCGCCGCCGGGCTCGACCAGTTCACCGTCCAGCGTGACCAGCCGGGGGCGGCTGGCGTGCGCCCGCGCGATCCGGTTGGCGGTGCGCAGGTCGTCCACGACCAGCGTGTCGGCCAGGATCGATTCGGCCACCAGCGGCGGGTCGCTGGGGCACAGATCGGCCAGGTTGCCCACCACGCCGGCCTCACGCAGCAGCATTCCGTCGCGGCGGGGCCGTGCCCGGATCAGGTCGAGCGGCAGGAAGGTGGCCCGGCCCCCTGACCGCTTGAGTTCGTCGATGATCTCGCGGGCATCGTCGGCCCGCTGCACCACGACCTGTTCCAGCCGGCGCCCCAGTGCGGCACCCAGGGCCACCTCGTAGTCGGCGGGCACGGTCAGCAGGTCAGCCACCGACCCCACGATGCCCGGATGGTCGAGCCGCAGGGCGTTGCGGGCTCCCTCGCCGTAGCGGGTATACGAGTTCAGGGCC
CP177252.1_gap36	1629791	1633837	4046	CCAGTGCCTGCTGAGCACAGCCGACGAGGAAGGCCACCCGGCCGCGCTTCTGGCCCTTCGCGGGCGTCAGTTTCGCGCTGGGTTGCATGGCGGGCACATGCTCGGGCAACAGATCGAGGGGGCTTCTCAGCACATCCGGCAGCACCGGCGCGAGCGGCTTGGCGAACTGGCCGATGCGGGCCGCCACGCTGAACAGCTTCGGGGCGGGCAGGGCCTTCAGGATCGCGTAGCGCTTGACGCGGTCGAGGGGCGAGCGCTGGCGCTGCGGCTCGCTCCAGCCCCGGAAGGCGGTGATCAGCTCGCCGTAGGGCACGCCGGACGGGCACGCCGTCACGCAGCCCATGCACCCCAGGCAGCGGTCGAGGTGCGGCGCGGCGTCCATCAGGGGCAGGCCGCCCTCCAGCACCTCCTTCATCAGGATGATGCGGCCACGCGGGCTGTCCATCTCGTCGCCCAGCAGCGCGTAGGTCGGGCACGCGGGCAGGCAGAAGCCGCAGTGCACGCAGGCGTCCACGGCGTGGGCCATCACCTCGCCCTGCCCGCCGGGCACGTGCGCGGGAATGTCGTTGTTCAAGCGCGAAGCTCCATACGGCACAGAATAGGCGCGTGTGGATTGGAGGAAAGGGCACGGAGGCGCTGTGGACTAGGGGTGTGGGGAACAGGATCGCTGCGTTACAGTGCCCGCATGGCGGGCGACCCCTTGCACTTCAATGCCGTGAGTGCCCTGTATCACGCCGCCCGGCCACCGTATCCACCCGAACTGTATGGGCAGCTGGAAGCGTGGGGAGCGCTGCGGCCCGGTCTGACCGTGTTGGAACTGGGGCCGGGCACCGGGCAGGCCACGCGAGAACTGCTGGCACGCGGCGTGGCAGGTATCGATGCCGTGGAACTGGGCGGGTCAATGGCCGCCCACCTGCGCCGCACCCTGCCCGATCCGCGCCTGACCGTGATCGTCGGCAACGCGCACAAGGTTCCGCTGCCGGAGGACGCCTACGACCTGGTGGTCTCGGCCACGTCCTTCCACTGGCTGGAGCCAGAAGTGATGATCCCGAGACTCGCGCAGGCCACCCGCCCCAGCGGCGCGCTGGCGGTGTGGTGGACGCTCTACGGCGACCCGGAGCAGGTCACGCCCTTCCGCATGGGCCTGCGGCAGATCGAGGAGGCGCACGGGCTGGTCTCGGCGCGTGGGGTGGCTCCTCTGCAGACCGATGAGCGGCTGGCGGAACTCCAGGCGGGCGGGTGGTTCGGGCAGGGCCAGCACGCCCTGTTCCGCTGGTCGGTGGAGATGTACGCGGTGCAGGCCGCAGCGCTATTCGGCACCTTTCCGACGTGGGCAGTTGCCGAGTCAGCCGTGGCGGAGGTCGGGCAACTGGTGGAGCGGCTGGGGGGCCGGATCACGGATCACTTCATGACCGCTCTGTACTGCGCGTTCCGAACCGAGCGGTAACAGGACAACGGCAAGGTGAGCGAAAGGGTGCTTTCAGTTATGCGGCGGACGACCCCTCAGTCAGCTTCGCTGACAGCTCCCCTCAAAGGGAGCCAAGAATGGCACATCTGTGGGTCTTTTCCTTGCCTTTCTTAGGGTGAGGTGGCCCGAAGGGCTGGACTCACAGAGCTTTGAAGCAGAGGGAGTGTCCGCGCGGTGAGCACTGTAGGCACAGCTTTCGACTCTACAGTTTCGCCGCGACCAGTAAACGGATCAGTGCGGCTCTTCGTGACCCATCCCAGCGTCTTCTCGCCCGATCCGGCGCACACTCCCCTGCATGACTGCTCCCACTCCCCTGCCCCTCTCTATTCTTGATCTGGTGCCGGTGCCGCTGGGCTCGGGCGCAGCGACCGGCGTGCAGGATGCGCTGCGGCTGGCGCAGGAGACCGCCCTATGACTCTTTCTGTACCTCTTTCGCTCCTTGATCTCACTCGAGTCAGGAAGGATGAATCCGCCTCTGAAGGCATCGCCCGCAGTGTGAGGCTGGCGCGCACCGCTGACCGGCAAGGGTATCACCGCCTCTGGTTTGCCGAACACCACAATGCCCCCACCATCGCCTCTTCTGCCACGTCCCTGATGATTCAGCATGTCGCCGCTCAGACCGAGAATCTGCGAGTGGGCTCGGGCGGCATCATGCTCCCCAACCACTCGCCGCTGGTGATCGCCGAGCAATTCGGCATGCTGGAAACGCTCTATCCGGGCCGCATCGACCTGGGGCTGGGCCGCGCCCCCGGAACGGACGGGGCCACCATGAACGCGCTGCGGCGCGACGGACGCGAGGCAGACCGCTTTCCCAACGACGTGCTCGAACTCCACGGCTATCTCAGCGGGAACTCGATCATCGCCGGCGTGAACGCCTATCCCGGCGCTGGAACCCATGTGCCGCTGTACATCCTCGGCTCATCGCTGTTCGGTGCACGACTGGCGGCCCAGTTCGGCCTGCCCTACGCCTTCGCCTCTCATTTTGCCCCTGCAGCGCTCAACGACGCGGCCCGGATCTACCGGGAGACCTTCGACGCCGACGGGCCACTCGCAGGCCCGGAGGCGCAACCGCACTTCATCGTGGCTGCGAACGTCATTGCTGCCGACGACGCCACGACGGCCCTGGATCAACGGAGGCGGGCGGAGGATGGCTGGCTCCAGACGTTTCTGGGCCGGGGTAGATCACTGAGTCCAGAGGATCTGAGGGCCGTGCGAGGGCATCCCCAGGCACAGCAGATTCTGGGCATGCTTGAGCGCACGATTGTCGGTACACAGTCGGACGTGGTGAGTGGCCTTGAAGCGCTGGTTCGTGAAGTGCAGGCCGACGAGCTGATCCTGGTCAACCTGGCCGTGGCCGAAGAGCATCAGCACCGCACGCTGGAACTGCTCGCTCCTTCAGCAGGACGTCAGGGTGGCGCGCAGCAGAAAACGGGCGAGTTGACGGCGAGCTAGGAGCCGATCCCGACGACCTCGCCCCACTGGGATCCTGCTCGGCACTGAGCGAACCCGAGGCGGCCGACCTGCGCACCCTATGGGTGGCCCGGCCGTGCGGGCCGGGCGCGTCATCGTGCGCGACGACGACGGCACCTACCGATCCGTGCATTGATTCGGAGCGACCGTACCCGCTGCGTGAACTTGCGTCAGCCCATGGATCGTGAGCAACGTTCAGTCGAGGCGGCGAACCAGATGATGGTCAGAACGCTACCGACATACGCCCTGATCTATAACCACACGCGGTACTGGGCCTGGTGGCGCGGCCCACCGGCGTCTACTGAGAACTGATCCTCGGCCCGGCCAGCAGCGCGGCGCGAACCACGCGCGTCAGGGGAGCGCGCCGGTGGTGGAACCAGATCTCGCCACCGGCGCGCTCGACCACCTCGGCGACCTCACTGACCGGATCGACGCGATGCTCCGCAAGGCACGGCGTTGGGGCGTGCCCCCATGTCACCACCTGTGACCCCACATCCAACAGCGCTTGATTTACCTCTCATGGGCTCTCACAGTGTTAGCACCCCCTCTGTGCTGAAGGCAGACACGCCAGGTACGGGGCGTTGGAGGTACACATGCGCAGATGGCTCACACTCGTCCTGTGTTGTGCCTGGAGCAGGTCTTGGGGCATCCAATATGGGAGCGCTGGCAGCCAGCGTGCCGCTGGCGATCCTGGCGGCGGCCTCGCAGGTGACGAGCACCATTCGCCTGGGCCCGGGCGGCGTGATGCTGCCCAACCACGCGCCGCTGAGCGTGGCCGAGGGCTACCGCCTGCTGGGTACCCTGGCCCCCGGCCGCGTGGATCTGGGCCACGCCCCTGGCACAGACAGCCGCACGGCGCGGACACTGCGCGGCGCAGGGGCCATGATTGAGAAGTCGTTCGAGCACCAGCTGTCCGACCTGATCGCTTACGGTACGGGCGACTTCCCGGCCGGACACCCGTTCGCGGGCACCTTGGCGGCCCCGGCGGGCGAGGGCCTGTTTCCGCGAGCAGCAGCTGTCACGGGGCACGGGGCTGGCCTTCGCGTGGCACATCAACCCGAACACTGACCTGGCGCGGCGGGCGGCGGACGTATACCGGCGGAACGTC
CP177252.1_gap37	1775677	1777004	1327	TGCCACGCTCGTGGGCATAGTCACGGGCGGCATTCCACTGCCGGAAGAACAGGAACTGCGTGAACTTCACGCGGTCGAGCGCCTGCCCCAGGTTGTCGGCGGCAGCCTTCAGGGCCTGCGGGTCGCGGTCGCGAACGGCCGGCTCCCACGCATTCCACGGCAGGCCCCCGTAGGTGCGCTTCAGCGCCATGAACAGCGCGTAGTCGTCAAGCCACGACGCCTCGGCCGCCTTGAAGGTCTCGAATTCTGCCGCCAGGGCCGCATCTGTGCCCTGACCGAAGGCGAAGTGCGCGTAGGCCCGTTCCAGCATCTGGTTACGCCAGATGAACTGCAAGCCGAAGTCCACCTTCTGCGGATGGAAGTCCGGCACTGCCTGGAAGTCCGTGTCGAGCAGCAGGCTCTCGGCCCTCAGCTGGGTCAGGTCGATCAGGTACGGATTCCCGGCAAACGCAGAAAATGCCTGGTAAGGGCTGTCGCCGTAGCCGGTCGGCCCCAGCGGCATGACCTGCCAGTATTTCTGACCGGCCGCCGCGAGCCAGTCGATGAAGGTGCGGGTCTGTGTACCCAGTTCCCCGATGCCGTAGGGGCCGGGAAGGCTGGTGGGGTGCAGCAGGACGCCGCTGGAGCGCTGAATGGACATGGGAGGAACCTCCAGGGACAGGAGCCGTGAGCGGGAAGGGTGGAAGTGATTCCAGACAGCAAGAGGATAGTGCACCGTGCCGCGCTAACGACCCGGCCTCAGGGGACGATCAGAATTCCGTGAGACCCCATGTGCTAGCACAGTGAACGTGATCCGCCCCACCTTTAAGGCGACTGTGGCCGTGCGCGCGCTCGGGGCCGTGAGTATCCTAGGCGGCGTCCATGCGTCGCCGGCAGTCCCCGCCAGTCTGCAGGGTGCCCTGCTGGATGGGCTCCGGGGCCACCTCGCCACCTTCACGCCCGTCTCCGGCGAGGCGTCGCTGCTGGCCTATGCCCGGCAGGAAGCCCTGGACTGGACGGCCTTCCAGAACCTCTTTGCCACCCAGGTCACGGGCACGGCCTATCTGGACTGGCGCGGCCACTCGGTCACGCCCACGGCCAGCGTGTTCACCACCCTGCGGGCCGCCACCTACGCCGCCGACACGCGCACTCTGCTGGTCGTGAACCGCGAGTGGTGCTCGGCCGGCAGCTGCCAGACCCGCACCGCCTTCGGGTGGCTGGAACCGGACGGGCTGGAAGTCGTGAAGGACACCACCGTGATTCCACTGCTCCGCGACGCCGACTTCTACTCCGGTTCGGTGCCCGCGTGCCTGAAGGGAGTCTCGCTCGGCGTGACCTACGTTCCCGC
CP177252.1_gap38	1781802	1786600	4798	AGGTCTCACGTACCGTGGGCACGCCCACGACCTCGACCGGCACGTTCAGGTCAGTCACCATGCGCCGCAGGACGGCCAGTTGTTGCCAGTCCTTCTCGCCCAGGAACACCCGCCCCGGCTGCACGAGGTTCAGGAGCTTGAGCACCACCGTCGCCACTCCCACGAAATGCCCCGGCCGCGCCGCGCCGTCCAGCGGCTCGCTGACGCCCGACACCACCACCCGCGTGTCGAAGCCCGGCGGGTACATGGTTGAGATTTCGGGGAAGAACACGGCATCCACCCCCGCCCCCCCCGCTATCCGCAGGTCACGTTCGAGGTCACGGGGGTACTTCGCCAGATCCTCTTTGGGGCCAAATTGTAGCGGGTTTATGAAGATGCTGAGTACCACCACGTCACAGGCCTGCCGCGCCTGCCGGATCAGGGTCGCGTGGCCCTCGTGCAGGTAGCCCATGGTCGGTACGAAGCCCACCACGCCCTGCCCGGCCAGCGCCGCACGCAGCAGCAGGGGATCTCGGTAGACGGCCGGGGTCGCCACGTCATGCAGCGGGGCAGGCGGCGTGGTCACTCGCTCTTCCCGTCCAGGCCCAGCGCACCCACGATGGCGTCCAGCGCCCACGAGATCACGGTCAGGATCAGTGCCCCGATGATCGCCGCGCCGAAGCCGTTCACGTTCAGTGCCGTGACCGCCGCGACGATGTACAGCACCACACCGTTGACCACCAGCGTGAACAGCCCCAGCGTGAGCACGTTCACCGGCAGCGACAGCAGCAGCAGCACCGGCCGGATCAGCGCGTTCACGATCCCCATGACCAGCGCCGCGATCAGCACACCGACCACGTCCGCGCCGGGCGCGAAACTCACGCCGCCGTACACCTGCGTGAGCAGGTACAGCGCCAGGGCATTGACCAGCAAGCGGATGAGGAATCCCATGGGAACAGGATACGGGATGGGTCAGTGTGCGGCATGGCAGGGCACCGGCATCCACTGGCATAACATTGTGAAGAGACTCCTGTTTCTACCATTCCTTGCCGTCGCCTGCGCCCCCGGCGTTGCGTCAAAATCGGCGTCTCTGCCCTTGAATCCGGGGCAGGTGTGGCAGTACACCGTCACGGAATCAGGCAAAGCACCAAGAACCGGCACGATCAGGGTCAACAGCCCGAATGAACCACGGTTGAACGGCATTGTCAGCGACGACATGCGCTATCCACACGACGCGATTCCCTTCTACTACGCGAACAGGAAACAACTCATGCTGACCCTCTACGCCGGCCCCGGCGGAACGATCACCGGATGTACATTCAATGACATCGACGAGTATCAGAGCGTTTTCAGTGCCGATTACGCCTCAACGGCACCCACGAAAGACATCCTCGGAGCCTGCTCGCTGAAACGACTGAATTGAGGACGCGGTGACGGTCAGAGGCTCAGGTGCCCCGATCACTCCACGCCCTCAACCCAATGATCAATCTACTTACAGCCCGAACCGCGCGTAGATGTCGTCCACGTGCCTCAGATACCACTGTAGATCGAAGGCGGCGTCCAAATGGGCGTCGTCCAGCGGATTCTCGGGATCGGCCTTCAGCAGGTCGCGCAGGCCCTCGCCGGTTTCCCAGGACTTCAGGGCATTGCGCTGCACCAGCCCGTAGGCGGCCTCGCGGCTCATGCCCTGTTCGTCGATCAGGGCGTGCAGGACGCGCTGGCTGAAGACCAGTCCGCCCAGGTCGTTCAGGTTCTTCAGCATGCGATCCGGGAACACGACCAGATCGCGCAGCACACCGGTCAGGCGCCGCGTGGCGTAGCTGGCGGCAGCGGTGGCGTCGGGCAGGATCACGCGCTCGGCGCTGGAGTGGGAGATGTCGCGCTCGTGCCACAGGGCGACGTTTTCCAGGCCGGTGGTCAGGAAGCCACGCAGCAGGCGCGCAAAGCCGGTGACGTTCTCGGTCAGGATGGGGTTCTTCTTGTGCGGCATGCTGCTGCTGCCGGTCTGACCCTTGCCGAAGGGCTCCATAGCCTCGCGCACTTCGCTGCGCTGGAGGTGGCGGATCTCGACGGCGATGCGTTCCAGGGTGGTGCCCAGGATGGCGAGTGCGCTGAGCACCTCGGCGTGGCGGTCGCGGGCCAGGGTCTGGTTGGTCACGGGCGCGGCCTGCCAGCCCCACGCGGCGGCGACCTCGACCTCGACCTTGGGCGACACGTGCGCGTAGGTGCCCACGCTGCCCGAGAGCATAACGACCTGCACGCGCTTTCTGGCGGCATTCAGGCGCTCCAGATCGCGTTCCAGGGTCGCCATCCAGTTCAGGAACTTCAGGCCGAAGGTCATGGGTTCGGCGTGAATACCGTGCGTGCGGCCGACCGTGGGCGTGTGCTTGTACGTGACCGCCTGAATCCGGCAGACCGTGTGCAGCGCCTCGACATCCGTGACGATGATTCCCAGCGCCTCGTCCAGCAGCAGGTTCTGGGCGGTATCCACGACATCGGTGCTGGTCAGGCCGTGGTGGATGAAGCGGGCCTGTTCGCCGTAGCGATCCGTCAGGGCGCGGGTGAAGGCCACGATGTCGTGACGGGTGACGGCCTCGATCTCAGCGACCTTGTCGGCAAAGGCGTCGTCCAGGGGATCGGCGGCGCTCTGCGCGGTCAGGGCGGTGTGGGCCTCGCGTGGCACCTCGCCGTGATTGGCCTGGGCGTCCATGGCGGCGAGCTCCACCTTCAGCCACGCGCGGTACTTGCTGGCCTCGCTCCACAGGGCCTTCATCTCGGGGGTCAGGTAACGGTCGATCACGCCCCGGAGCGTAGCACCGCCCACCCGAAACGCCGGACACCACGGATAGGCCGGGACAACTTCCTACACTGACGGCATGACACCGACCGTCAAGAACGGGCCGCGCCGCTGGCGACGGGAACAGCCGTGATCCTGGGCCTGCTGCTGCTGATCCTGGTCAGCGTGAACCTGGGCGGGATCTTCAGCATGGTCATGCAGGTCGGGCGGGGCGACTGGCTGGCCGGCGTGGGGTCACTGCTGCTGCTGGCCGTGCTGGACGTGGCAGGCTTCTGGATTGTCCGGGCGCTGCGCGAGGAGGGCTGATCCGGACTGCAGATGGCCCGATACCGTGCTGTCGCTCCTTGCCGAGCGACCGTGAGGAGTGCCGCAGAGTGGGACTCCCTGCGCGTTCCGTGGTCTGTACACCCGGACTGGCACCGCAGTGACGCCGCTGGCGCTGTTCCAGCTGCTGCGCCATGCCGAGCACAGCGGATGACCGGCGTTCCTGCGGGCGTGTGCTGGCTTGCCGTGTGAGCGGCGTATCCGGGCCACAATCGGCGCGTGGATCCCCCCGGCCATCCCTTCCGCGCGTACACCCCGGCCGCGTACACCTTTCCGCTGCCGGAGGGGCACCGCTTCCCGGCGTACAAGTACGCGGGCGTGCGCGACCGGCTGTCGGGGGTGCTGCCGGTGCTGGACACCCCTGCGCTGCCCTGGGCCGACGCCGGGCGGGTGCACGATCCGCTGTGGTTGCGGCGCTGGCGACGGGGCGAGGTCACGGCCCAGGAGGAGCGGGCCTTCGGGCTGCCGTGGTCGCCGGGCGTGGTCGAGCGGGCACGCCGGGCGGCGGGCGGCTCGCTGGCCGCGCTGCACGACGCGCTGCGGGTGGGCTGGGGCGCGAATCTGGCCGGCGGCACCCACCACGCCTTCCGCGACCGCGCCGAGGGCTTCTGTCTGGTGAACGACGCCGCCATCCTGACACGCATTGCCCTGGACGATGGGCTGGCGAGCCGGGTCGCGGTGATCGATCTGGATGTCCACCAGGGTAACGGGACGGCCGCGCTACTGGCCGCCGAGCCACGGGCCTTCACGCTGAGCATTCACGGGGAGCGCAACTATCCCTTTCGCAAGGAGACCAGTTCGCTGGATCTAGGCCTGGGCGACGGCGTGACGGATCACGAGTATCTGGAGGTGCTGCGCCGCCACGCCCTGCCCGCGCTGGACACCCACCGACCTGACCTGCTGGTGTACGTGGCGGGGGTAGACGTGCTGGCGGGCGACCGCTTTGGGCGCTTTGCGCTGACGCTCGACGGCGTACAGGAGCGCAACCGGGCCGTGCTGACGTGGGCCAGGACAGCGGGGGTTCCGGTGGTCACGGTGACGGCCGGCGGCTACAACCGTGACCACGCGCTGACCGTCGAGGCCCACGCCAGTGTCGTGCTGGACGGCCTCGACGTATTCGCCTCGGGGTGGTAGCAACCAGCCTTGAGACGATGTTCAGGATCGCTCTCATGGTTTGACCAGGGTTGTACAAAGGTTATACAGTCACCGTCAACAGGCGACGAGCACCGCAGCCGCTGACCGGACGCCGCACCTGTGGCCTTCGGCACAGGAGTGGACATGACGTACATCAGCCCCACGGCCCCCGCGTACACCCATCACCCCGAGTCCACCCGTACCGTCCGCCGTGGCCAGACACTGTATTACGCCGGCGACAGTGCGCCCAGCCTGTACCGCCTGGAATCCGGCCTGATGCGGGCCGTGCGCCTGACCCCTCAGGGCCGCAACCTGACGGTTCGCCACATCCGCCCCGGCGACATCTTCGGCGAGGAGACGCTGCATGGCACTGGCCGGGCCCATCAGGTCGTGGCCCTCACCGACGCGGTGCTCACGCCCATCCACCCGCAGCACCTGACCCCGGCCGACGTGTGGGATCTGACGCGCAGCCTGTCCTCGCAGCTCCAGCGCATGATGACCGACGGCGTCCACATTCAGGACGGCGACCTGCGCGAGCGCATTGCCCGGTACCTGCTGAATCTG
CP177252.1_gap39	1795486	1796228	742	ATGTCAAAGAGCCGGCGGCTGGGGTTCAAGGCCTACCAGCCCACCGACGACGCTTTCTTAGACCTGTTCGCCCGGCTGCGCCGTGACCGCCTGATTCCGTGAACCTGGGAGCGACGGAAGAGTACGCGGTGCTGGGTTCGAGATCCACGATCCTACGCAGATGAACGAGACGCCCAGCCCCAGGAGCCCGGCGGACAGAAAGGTCTGATGCCGGTGACCATTCACCTTCGCTCAAGTCCGGCTTGCCCCAGAGCTGCGGGCGCAGCCTAGCCTCGGGGCATGACAAAGCGAGACGACGAGCAGGGCGGCCTGCCCAGAGACGCCGGCAACGGCATGAGCGACCGCGCCGGGAACTACGACGAGTCCGAGACGGGCATGACGGACACGCCCACAGGAACATCGACCGCTGGCGAGGGGGACGCGGTGGCGGGTGTGGACGGTGAGCGGCCGGCGATGGACACGGGAACCAGCTTTGGAGTCGATCCCAACGACGACGAGCGTCAGGGCGGCTAAGCCCTGCGGCCGGGCCAGGGCACGTTCCTTCCGGGGAGCGTGCCCTACACTGTGCGGCTGATGGCCGCGTCTCCCCTGCCCCCGCACACGCTCTCGGTCGCGCCGATGATGGACTGGACGGATCGGCACTGCCGGGTCTTCCACCGCACCCTGACGCGCCGGACACTGCTGTACACCGAGATGGTCACGACCGGCGCGATCATGCACGGCGACCGCGAGCGGCACCTGG
CP177252.1_gap40	1798344	1802272	3928	GCCCGCCATTGGGAGATCATGGACGCCACCGGCCGCGAGACCGTCGTGGACGGCGAGGGCGTGGTCGGCGAGCAGCCGGTGCTGCCGCCGGGCGGGTCGTTCACCTACGACTCCTTCGTGACCGTCGAGGCCACGCCGGGCCGCATGGGCGGGCACTACGTCATGCGGGACGCCTGGGGTGTGCAGGCGCAGGTGCCCATTCCGGCCTTCGTGCTGGACGTGCCGGGGTCGCGGGTGCTGAACTGAGACTGATTCCGATTGAAACGGTTCAGAGAACCGATTCAATCCGACCAGAGGGAGTAGGAAACAGATGCCGGCTCTGCGGCATGGAGCCGCAACCGGCGCTGTCCCGGTGGTGGCGGAATAGAGCAGAGGCGGTATGAGTCCCCACAGCGGACAGGCCATTCCTACGCCTGCGGCATCTCGGCCTCGATCACGGTGCCGTGGCCGGGGGCCGACAGCACGCGGTACTGGCCTCCCCGCGCGTCAATCCGCTCGCGCATCTGCATCAGGCCCAGGCCCCCGGCCGAGCTGACCCGGCCGCTGATCTGCTCCGGGTCGAAGCCCACGCCGTCGTCCTGCACGCGCAGGGTCACGCGGGCCCCGCCGTGCAGCGTCACGTTGACCTCGCGGGCACGGGCGTGCTTGGCGATGTTGTTCAGGCTCTCCTGAAGAATCCGGAAGATCACGGCCTCGTCGCCGGGCGACAGGTGGATCTCGCCGCTGACATCCAGGGCAGCCCGCACCCCGTTCTGCTCGCCAAAATCCATGACGTAGCGCCGGGCGGTCTCCAGCAGGCCGTAGCGCTCCAGGTCGATGGGCCGCAGCGCGAAGATCGAGCGCCTGACCTCGCGGATCTGCTCGCGCAGCAGGGCACTGGCGTCCTTCACCTCGGCCTCGGCGCGAACGGGGTCGGTGTGGAGCTGGCGGGCAACCACATCCAGCTTCAGGGCGGCGAAGGCGAGCGACTGCGCCACGCCGTCATGGATCTCACGGGCAATCCGGGCACGCTCGTCCCCGATGGCGAGTTCCTCGGAGTACAGGTAGGCGCGGGCGTTGCGCACGGCCAGGGTGGCCTGCCCGGCCATCAGCGCCAGCAGGGGCAATCTCGCGTCATCGAAGGCCCCGGTGTCGCGGTGCCCGAAGACCAGCACGCCGACCAGCCCCTCCTCGTCACGCATGGACAGGCCCAGGACGCTGCTGACCTCCGGGAAGACCTCGCCAGCCGCGACCCCGTCGGTGATCAGCGGCAGGGTGGACGCGGCAACCTCGGCGGCAAAGGGGGGCGCGGGCATGCCGCCTGGAGCCTCCCCCAGGTGATCCTGCGCATACTCCAGGCGCAGCACGCCGTCCTGATCGCTCAGGTACGCGGCGCGGGCATCGGCCCCGACGCGCTCGGCCATGGTGCGGGTCACGCGCGACAGCAGGCGGCGCATGTTGCGCTCGGCGCGGATGCTCTGATCCACCGAGTACAGCGTCATGAGATCCAGCGTGCGCTGCCGGGCGGCCTCGATGCCGGTCGTGACCTCGGACGCCAGCGCCTGGGCCAGTTCGCGGGTGTCAGGGCTGGGCGGCGTGTCGAAGTGCAGCACGAGGTCGCCGCCGCCGGGCAGCCGCACGGTCAGCGGGTGCAGGGCGGCGCTCGGCCCCGAGAGCAGCGTGTCCCCACGGGCGCTGCCGCTCAGGCCGCCGGGCACGCTCAGGGTGGCGTGGGTGGCTCCAGTGACCCGCACCGCGCCACGGGCCGCCACCTCCAGCACCGCGCCCATGTCGGGTGCGCCGCCCAGGTCACGCATGAGTTCCTGTACCGCCTGGAGCCGGGCGTGCGACACGCTGAGCTGCTGGTAGAGGTCGCGCAGTTCACGTTCAGCCCGTTCACGGGCACGGGTGCCCTCGGCGATCCACTCGACGCTGTAGAAGGTCACGGCCGGGCCGACCAGTCCGTAGAACAGTAGATGCGCCCACTGTTCGCTGACGGCGCTCGGCAACCGCGAGATCAGGAATTCCACCAGTCCCACCACCAGCACGATCAGGGGCGGCAGGACGTTGCGCACCAGCCGCACCCGGTCGGACAGCCGGCCCCGGCGCAGCGTGGGCGGGGCCGAGGGTGTGGGCAGTGTCCGGGGAGCCTGCATCGCTCCAGTGTAGGGCGAGCATCCGGCCGTGTCGGTGCCGCCGCAGCCACTCCTCTGGTACAGCCCAGCTGAAAGTGGCTGCTACCTCTGTTACCGCCCGTTACCTGATTCAACGTCAATCGAACCCACATCAACTGACTCGGAGTTAAGATTCGGACAGTTCACATCCTGTGCCCATGAGCCGCGCGTTAAGGCGTCGGCAGAGATGGCAGGAAGCCTCTGCCCCTGTCCTGACAAGGCAGGCCCCGCACCGGCACGTCGGGGGGCGTGCCCGTCGAGGATGTATGGCGAGATGAAGACTCTCTGAACAGGCCGCGTGCCGCTCACCTACCTGTCACCACCCACCATCTTGTTTCCGGGGGGAACCATGCTTCAGACCCGCCCACGCCCTGGGCTCACCAGGGCGGTCGCAGTCCTGTGCGCCGCCGTGACCCTGCTGACGGCCTGCAACCAGACGCCACGCACCCAGGCACCCGCCACGACCCCCGCCCCCACAACCTCTGCCACCACGGCGGCCACTGCGCCCATCCGGTCGCAGGCCGTCTTCACGCCCGCCGCGCCGTCGGCCCAGGTGAGCTTTTCCCTGGAGGGCTGCCGCAACGACGGCTCGCCGGTCATCACGCTGCCCAACTCGGGTGGCAAATTCATCTGCCCGGACGCCGCGTACACTTCGGGCAACCTGGGCAAGGGCTGGAACGAGCTGGATCTCGTGCCGCACCGGCTGACCGCGTCGGTCGGCAACCAGGCGAACGCCACGACGACCTTCAGCGTGATTCTCGCTGCGGATTATCAGTTGGGCACCAAGACCGGCTACGACGTCGTGACCGTGCCGGAGATCAACGCCGCGAAGTCCGATGCATCGTGCCAGCTCACGGTGCAGGATCAGCAGATCGGCGGTGGCGTGACCGGTGGTGCCGACACGGTGGTGTACCGCACCCTCAACATCACGCTGGATCGCGGCAGAACCTGCGTGATCGACTATGCCAACCGCCTCGCGCTGGGGGCCGCGCAGTATTCCGGGTCGTCGCTCCAGGCGTACATGTTCGAGAAGAGCGACTTCAGCACCGGCAAGCGCACCATCCCGCTCCCCGTGCGCGAGATCCAGCCGCAGAGCATCGCCAAGGAGATGAGCGCGTCGCAGGGGCGCGATCAGGTGTGGGACGTGATCAAGCAGCCCACGCCCGCCACCCTGAACTTCGGTGACGTGTGTGCCCCCGGTGCCGTGACCGAGAAAGCAGTCCAGATCCGGGTCGCGTGGGAGATCGTGAACGTGGTGCCGGGCAACGTCACGCTGCTGACGCGCATCTATGCCACCAATCCGGCGGCCCGCGTGATCACCGTGGACGTGACCGACCGCATGTACCGGGGCACCGATCAGAGCCAGGGCGTGCTGGACAGCGCGGCGTCCGGCCCCAGGGACGTTCCGGCCAACACGGCGAACGTCCTGATCCTGAGCCACACCTACGCCCTGGTGACCACCGACAATCTGGTCGGCGCGGCCTTCAACGACGTGGCGACCGCCACATACACCGACAAGGTCACCGGGATTCCGGTTCCCGGCACGACCACCGCGACCGCGAGCACCACGGTCAGCGCCGGCAGCGTGACCAACGCCAGCGCGGCCATCGCGGACAGCGAGTCCATCACCGGCCCGGCGCTGACCTTCTCGGTCGCCCCGACCACCCTGGGCAGCTTCAGCGGCTACACGCCCGGCACCTTCGTGACCGGCCCCGTGAACTGGAGCGTGGCGGGCCAGACCGCCGCCGGCAGCGTGACCTTCAGCAAGACCGTGC
CP177252.1_gap41	1804289	1808256	3967	GAACGTGAACACCCAGACGGCGACCATCACCGTGAAATACGGCGACACTGTGACCTGCGTGTTCGAGAACACCGGGCAGGGCGTCACGCGCACCCAGGGCTTCTGGGCAACCCACCCGCAGCTCGCGCTGATCGCGTGGAGCGGCGGCTCGGCCTTCGGTCACACCTTCCCCGGCGTGGCAGCCACCGCCGGCCTCGGGGACGCGCTGCTGTGCGGCAAACCCGTCGTGGCCGGCACCCTGGGCGTGGGCGGTTCCTCCGACCTGATGGGCGGGTTCTGGAGCGGGATCTCCAAGACCAGCACGAACGGTACCCGCAGCGCCCTGGATCAGGGCCGCATGCAGCTGCTCCAGCAGATGATCGCCGCACAGCTCAACGCCTCAGCCTTCGGGAGTGTCCCCACAGGTGGATCAGGCATGTTCGCCACGTGGGAGGCGGCCTACTGCGGCACGAACGCGGCGGCGATCAGCGCGGCGCAGGCCCAGGCGGCAGGCTTCAACACCGCCGGGGACAGCGGCACCTTCACGCCGGGCACCTCGGCCGACAGCAAGGGCGCACGCGCCATGGCAAACCTGCGGCGCTGGGACACGCTGCCCTGACCAGGGCCTGACAGCGGTAGCCAGATCAGTTGAAGGTGTTGACCTTCAACTGATCTGGGGCGAGCGGAGCGAGTCACCGCCACGCACAGCGGCCTACGTGGAGTTGAAGGGGGCGCTGTCGACCCGGAGGCGGAACGGATACCGCTGTGAGCATCGGGAAAAGAACCGTGGGAGGAGGACGGCCGCTATCCGGCGTCCTCCTCCCCTAGTTCTGGCTCTGGAACGGGCAGCGCGGCTCCGCCCGACCGGGCCGCCGTGTCCACCTTCCACTTCACCTGCCGCAGGAAGCCCCGGAACAGACGGCTCTCGGCGGGGCTCATCAGGGCGCGGTCGAGCATGGCCCGCCACAGGCGCAGGGTGTGGCGGGCACGCACCGCGTCGGTGTAGCCGATCAGCTGCATCGTCTCGCGCAGGTGGCCGTACATGGCCTCCATGTCCTCGCGGGTGGCGGTCTTGCGCTCACTGGCCGTGACTTCGTCGCCGCCCTGGAGGAACTCGTAGCACACCAGCAGCACGGCCTGCGCGAGGTTCAGGCTGGCGTAGTCCCCGGTGGGAATCCGCACCGTGACCTGACACTGCTCCAGATCGCTGTTGATCAGCCCGGTCTCCTCGGGGCCGAACACCAGGGCGGGCGCGGCGGCGGCCCTCACCAGGGGGCGCAGCGTGGCAGGGTGGCGGCCGGGCGGCAGGTCAGCCCGCACGCGGGCGCTGGTGCCCACGCTCAGGTCGCGGTCGGCCAGCGCCTCGCGCAGCGTGGGATAGATGCGGGCCGAGCGCAGCAGCCCTTCGGCATGCACCGCCATGGCGACCGACTGCGAGTCCAGATGGTCGCAGCGCGGCGCGACGATCCGCAGGTCACGGGCACCCATGTTCAGCATGGCGCGGGCCGCCGAGCCGATGTTGCCGGGAGTCTTGGGGGACACGAGGACGACCGCGAGGTTCACGCGCCGGATGCTACCGCGCCGCGTCGGCCGTCACAGCGGGGCCAGGATCGGCGTCTCGTCCACCACGCCCAGCCCCAGCGCCAGATCGTGCGCGAGTTCGGCCGGTGTGTCGCCCCACGAGTCCACGCTGATTCGCGTGATGCCCTGGTGGCGCAGCCGGGCATTCACGGCGTTCAGGAGCGCCGGGCGCAGGCCCGTGTGCCGCCAGTCCGGGCGCACGCCCGGCGAGTCCAGGCGACCCACTGGGCCGTCCAGCGCCACGCGGCAGATCCCCACCCCGCGCCCCTGGCCGTCCAGCGCGATGGCGCTCAGGTGCGAGTCGAAGCCGCCCACACCGTCCTGTGCCGCCTGCGGGGCCACTGCATGGTGTCCGACGCGGTCTTCGTAGGCCGCCAGGGCCTCCAGGCGCACGGCCACGTCCGGCACGTCCGCGAGCACGTGCAGGGTCATACCGTCCGGGATCGGCATGTGGCGGTACGGCACGCGGCCCTCCAGGCGGCGGTATGAGCCGATCTCGCGCCAGCCGGCGTCCAGCAGTTCCACCGGCGGGAACAGGGTGCCGTCCGCAAACACGTACACGCGGCCCACCTCGGCCTGTGCGGCACGGGCGACGGACAGCGCAGCGGGCACCTGCGCCAGGCCGGGAAAGGCTCCGCCGAGCAGTTCCGCACCGTGCTGCGGGCTGGGGCGTGCGCCCACGGCCGCCACGAGCACGTCCTGGGCGTCCAGCGCGACCCACCCAGCCGTGCAGCTCTCGGCCATCCACGCCACGTCGTCCTCCGACAGGCCGTACAGGGCGGCCAGAGCCGGCAGCAGCGCGTCCGGCGTGACGGCGCGGACAGTCAGGTCGGCGTGTGATCCGTCACGCACGGGCCAGCCGTCCGTACAGATCAAGGTACTGCCCGGCCGGCCCGGCCCAGCTGAAATCGAGTGCCATGCCCCGCTCAATCCGGGCGGCCCACGCCTGTGGGTGAGCATATTCGGCCAGAGCCTCACGACACGCTCCCAGCAGTGCATCCGGCGTGGCGTCACGGAAACGGAATCCGATGTCGTGTGGCACGGTGTCCACCAGGCCGCCTGTCTCGCGCACTACCGGCAGCGTGCCATAGCGCATGGAGATCATCTGCGACAGTCCACACGGCTCGAAGCGGCTGGGCATCGCGAAGGCGTCGGCCCCAGCGTAGATGCGGTGCGCGAGCGGCTCGTTCAGTCCCTGGCGGAACTCGACCCGCGCGTGCTGCGACCAGCCCATCAGGGCACCGGTCAGCAGCGGGTCGCCACCACCCAGCACCACGATATTCCAGTCCTTCACCAGCTCCGGCAGCGCCTCGACCAGCAGATCAATGCCCTTCTGATCGGCCAGGCGACTCACGGTCGCCAGCACAGGAGCGTCGTCCAGACCGAACTCGTGTTTCAGGGCAGCCCGCGCCGCCGCCTTTCCCGCCGCGTCCGCGAAGGCCGGGATGTCCGGATCGGTGCGCGGATCCCAGCGATCCTGATCCAGCCCGTTGATGATCCCACTGACGCGGCCCTCGCGGGTCAGGCGCACCAGCAGGCCGTCCAGGCCCTCGCCATACTGCGGGGTGGTGATCTCCAGCGCATAGGTGGGGCTCACGGTGGTCACGTGATCTGCGAAGACCAGCCCGCCCTTCATCAGGCTGATGTCGCCGTGGAACTCCAGCGTGTCCGGCCCCAGCGCCCACGACGGCAGCCCGGTCCAGCCAGACGCCTCCGGCAGGTTCCAGCGGCCCTGATATTGCAGGTTGTGCACCGAGAACACTGTCGTGATACCCGCCAGATGCGCATACGCCATGACCAGCCCGGCCTGCCAGTCGTGGCCGTGCAGGACGTCGGGCCTCACGTCCAGAACGTCCAGCACCGGCAGCACGACACGCCCGAACAGCGAGTACCGCCACACGTCGTCCGGGTGGTACAGTCCCGGCCTCTCGAAGACGTCCATCCCGACGAACACATATCGGACGCCCGCCTCAATCACCTCTCCTACCCGCACAGTGGACGGCCCCAGCGCACCCGAGACCGCAGGCAGCGTGCCCTCCCACACCAGCGCCGGTGTCCCAGCCAGCTCCGCGTACCACGGCGAGATGACGGTCACCTGTGCGCCCAGACGCGCCTGCTCGGCCGGGAGTGCCCCCAGGACATCGCCCAGTCCGCCGGATCTCGAGTAGGGGAAGACTTCCGAGCCCACGTGTACAACTTGCATGCCCGCACTCTACCCGTCCACTGCGCCGCATCATGCACACGCGTTTGACAAGCCGCGTATCCACTCGCTACACTTCCCCTCGCCTTGAAGGCGGGCACTCGGCAGTCCGGGCTCTTAGCTCAACGGTCAGAGCAGTCGGCTCATAACCGATTGGTTGCCGGTTCAAATCCGGCAGGGCCCACCAATGCACGCAGGCACAATGGC
CP177252.1_gap42	1924788	1929564	4776	GGGCACTGCGGGTGCGGGTGCTCGTGCAGCCGGAACACGGTGTCCTGGCCGTTCACGGCCCGGTACACGTCCAGCAGCGTGATCTGCGCGGGCGGCCGGGTCAGGGCCGCGCCGGCGACCCCGCGCTGCGTCCTGAGCAGACCCGCCCGGCGCAGCAGACCGGTCACGTTGCGGATCACGACCGGGTTGGTGCCCACGCTGGCGGCGATCTCGGCAGAGCTCGCGTGCTCCGGGTACGAGCTGATCAGGGAGAGCACATGGACGGCGACGGCGTACTGGCTGTTCATCTGCTCCTCCCCGCGACCAACATGTAATCAGTTTAATTACATCACAGGAGCACTGTCAAGAACCGGGCAATCACCTCCGGCTCAGGACTGCGCGAACTGATCGGCCCAGGCGTGCAGAAAGGCCCCCAGCCCAGGCTGCTCGGGCACCTGCGCGTGGGCGTGGCGGGCCAGCAGCGGCAGGGTGCCCACCTGCACGCCGTAGCCCGCGATCTCCAGCATGGCCTCGTCGTTGTCGCTGTCCCCGAAGGCGACGGTCTGGTGCGGCGGCACGCCAAGCGCGTCCGCGATCAGCGACAGGGCCGCGCCCTTGTGTGCCCCGACCGGCGTGACGGTCAGGAAGTGCGGGTACGGCTCCTGTGCCCCGGTGAGCACCAGATGCGGATGCGATCCGCGCAGCTGTTGCGCGAAGCCCGCCACGTGCGGGTGAAAATACCCGACCTTCAGGATCTCGTGGCGCGGCGCGTCGGCCAGGGGCCGGTAGCCACGAACCACCATCCACGGCTCGGGCTCGGTGCCGGGCGGCACGTCCAGGTACAGGTGCGTGGCCGTGAACAGGACGACCCGTGCGCCGTCCAGTTCGTGGGCCAGCACACCCTCCAGATCGTCCGGCGTGAACACGGCCTCGGTGTGCAGCGTGCCGTTCACCTCGATACGGCCTCCATTGTTCGTGGCGACCGCGTCGGGCTGCATGACCTCGTGAACGCGCACGGGCGCGGCGTCCCGCCCGGTGATGATCGCCAGTTTCACGCCCTGCTGCCGCAGCCGGCCCAGGGCACTCACGACATCGGCCGCCACGGCGTCTCCCCGATCCGGGATCAGGGTGCCGTCCAGATCGAAGGCCATCAGCAGGGGTAGGGTGGTGGGAGGGGGGGCGCTCACCGCCCAAAGCTACCGCATCGTCATGGGCCGCCAATAGAACCGTGCCGCCCCCACGGTGGGAGGCGGCGCGGCGCTGGAGGCGCGGGGCTTACTCGCCCTGGGCGCTCTCGGTGGTATCAGCAGGAGCAGCCTGGGCGCTGTCGGCCTCGGCCTTGCTGGCCTTGCTCGCGGCGGCGTCCTTCATCACGCGGCTGCGGTCGCTCTTGATACGGGCCGCCTTGCCGCGCAGATCGCGCAGGTAGTACAGCTTGGCGCGGCGAACCTTGCCGCGCTCCAGCACCGTGATGCGGGCGAGCAACGGGCTGCTGAAGGGGAACACGCGCTCCACGCCCTCACCGAAGCTGATCTTGCGCACGGTGAAGCTCCTGCGGCTGCCCGTGCCGTTCAGAGCGATGACCACGCCCTCGAAGGCCTGGTTGCGGGTGCGGGTGCCTTCCACGACCTTGGTCTCCACGCGGACGGTGTCGCCGGCGCGGAACTCGGGGTGATCCGTCTTGATATGGGGCTGCTCGACGGCGCGCAGGATGGCCCCACGGTTGACTTTCACGGCGTTCTGCATAAGTGCTCCTCTGGGCAGCGGACCGCCCCACAGTCCCGCAGGTGCGGGCAGAGGCGTTCGTACTCCGGTTCTCCTGACCCGCGCACGCTGGCGGCAGGTCAAACCTGAGCAGTATACGCGGGTCTGGCATGACCAGCAAGGGCCTGTATTCCCGTCAGCGCCGCCACCCAGGCTGTGAAATCTGCACCCCGTCACACTTGAGCGGCACAGACCACGGCAGCATCCGTCATGTGACCTCCCCCCAGCAACCTGACGATCTCCTGGCCGGAGCGGAACATGCGGCGGCCCTTCAGCGGCGGCGACTCGCCGAGGTGCAGGCCCGTGAGCACGTCGGCGCGGCTGGCTGGGCACAGTCCAGCACGCTGGAGGCAATCATTCGGGCTGGCCAGGAGGGCTTGATCGCCACTGAAGCGCTGCGCCAGGTGGTTGACCTGACCGGCGAACAGTTGCGAACACTGCCCCTGTCGATTGATGAGGCCCAGCGGGCCGAACGCGCCGCCACGCTCAGCGGAGTCCTGAGCAGCGGCCAGGGGCAGATCCAGATCGCACGGCACATCAACGATCTGGTCAGTGAGGCGCTCCGGGATGTGACCACGACTCCACTCACGGACATCAGCGTCCAGCGATTGAAAGAGGTGCAGCGGCGGGTGCTGGAACAGGTCGAAACTCTGCACACCATCATCCTGTCGGCCCATGCCCAGGCCGCCACGCTCGAGGAGGTGCACAAACTCGATCAGGTGATCGCGCAGCACCAGCAGAAGATCCGCGACCTGCGCATGGAGAGTGCGAACACCGAGGTCGAGGCGCTCGCTCACGCCGGTGAGGGCATTGTGCAGCGCCTGGGGGAACTCGACGAGGCCGCGCCCACACAGCTGGCCGCGCTGACCCGCATCGGGGAGGCGGTAAGCGAGCAGGTCGGCGCAACCGGTGCCGCTGACAATGAAAAGGCCCGGGCTCTGGAGCAGCTGGCCGGTGACATGCAGTCCAGGGCTGACACCCTGCGCGGCTCCCTGCCTGAGTGACCACCGGGTACCTGGCCGCATTCAGTTCAGCTCGATCCAGTACCGCCGGATGGCCTTCTCGTAGTCCGCCACGTGGAATTCGCCTTCCATTTCACCACCGTTCGCCTCGATCACGCGGCGCGATCCCAGGTTGTCCACGTCACAGGTCACGAGCACCTGTGTGAGTCCCAGGGTACGTGCCCGCTCCAGCGCCAGCCGCAGGGCCAGCGTGGCGTGGCCCTGGCGGCGCACGGACGGCCGGATCTCGTAGCCGATGTGGCCGCCGAACTCGCGCAGGCGGGCATTGAGGGTGTGGCGGATGCTCACGCGGCCCAGGTACGTGTCCCCCGTCACCAGCCACAGCGGCTCGGAATTCACGAAGCCCTCGGGCGGGACAGCGGGAGGCTCGAAGCGGCGCAGGTTTGCCAGGAAGGCCGGGAAGTCGCGCTCCAGTTCGGCCGGGTCGGCGCTCAGGGTGTCGCCCAGGCCGCTGCCGGTGCGCTGGGCCTCGCGCACGGCCTCCAGAAAGCTGTCCCTGTACTGCTCCGCCGGGGGAACGAGGATCGGCATGGGCCAGTGTGGCAGGCCGGCCCGCCCGTGTCATACGGCATCCGGCTCAGTACAGTTCGTCGGTGTAGGCCTTCTCCAGCAGATCCTCGGTGCGCTGCACGGCCGTTCCGGGGTCATCACCGCCGAAGACGGAGGCAAACTGCCTTGCCCCCAGAGAACGCCCAGGGGCCTCCCAGGCCTCGGGCTGCCACAGGTGCGAGCGGATGAACGCCTTACCGCAGTGCATGAAGCACTCGCTGATCTCGACCCGCGTACACAGCAGGGCAGGCTTGCCGTTCGCCTGCAACTCTGCCAGCAGCGCCGGGTCGCGGTGCAGGGTCGCCGTTCCCTTGACGCGCAGCGTCTCGCGCTGGTTGGGGATGACAAAGATCAGCCCGATCTCGCCGCCCCGCAGGATGTTCCGGAACCCCATCGTCAGGCGGTTGCCCGGCCGATCCGGAATGAGCAGGCGGCCGGCAGCGTCGATATGGACAAAGCCCGGCGCGTCCCCCTTCGGCGAGACATCGATATGCCCACTGGCATCGATGGTGGACAGGAAGATCAGCGGCGAGCGCCGGACGAACTCTGTCATCACATCGTCCAGGCGCGGCAGGATCTTCGCCCGGACAGCCTCTGTCGGGGTGCCGATCACCGCTTCGAGTTCCGCTTCCGTCGTGATCTGGTGCTTCATCTCCCCTCCCCTGTTCGCTTTGCGTGATCCCATTGCACGGCAGCCTGAATCGGTCACCCCGGAGACCTCCTAGACAGGGGCCTACCCCTCCTGACCCGGCCGCCCCCCAGCCGCACAGAGCCATCACGCCGCGTACCCGCACTCACCACAGGCGCTGGTGAATCTGTCCGGCTATTCCGTCTCCGGCACGGTGAGACCCGCCACCCCCGGTTTACAATCCAGAGCATGACGGCCCCCGAATTCACGATCCGCGACCTGGGCGTCATGCCGTACCGGGACGCCTGGGCGCTGCAACGCGAGCTGCACGCGCAGGTGCTGGAGGGGGGGCGGCCCACCCTGCTGCTCGTTGAGCACCCCCCGGTGCTCACGCTGGGGCGCAAGGCGCGCGAGGGCACGAATATCGTCGTGACCCGCGAGTATCTGGCCGCGCAGGGCATCGAGGTGCTGGAGGTCGAGCGCGGCGGCGACGTCACGTACCACGGCCCCGGTCAGCTGGTGGCCTACGCGATCTTCCCGGTGGGCCGCCGGGTCGTGGACTTCCTGAGATTGCTGGAGGACGCGACCATCTCGGCCCTGCACACCCTGGGCCTGGACGACGCCCGCCCCAATCCCGGCTACGCGGGCGTGTACGCCTCGCCGCGTGAGTTTGGCGGTCACCTCTACGACCAGAAGATCGCGTCGTTCGGCGTGGCCGTGAAACGCCACGTGGCCCTGCACGGGCTGGCGCTGAACGTGACCACGAATCTCCAGCACTTCGACCTGATCGTGCCCTGCGGCCTGATGGATACCCAGATGACCAGTGTGCAGCGC
CP177252.1_gap43	1931259	1933630	2371	CCCGTGGTTCACGCTGGATGTGGGCATGACAGCAAAATCACCGTTCGGGCGGGTACACATCTTCTCGCTGACGGCCTACCTGCTGACCCTGGAGGATGAAACCCTTCACCTGCATTTGCCCCTGCTGCGCGACCGGCTGCAACTGATCGGCGGGCTGTTCGGGTCGTCGGAACAGCACTGGACAGATGTGTTCCGGCCATAAGTCTGCCTCCGTCTGAGGGAACTCTGGCTGCCCCGGAAAACCCCACCTGAAGCACGGTCACGACGGCCCGGACGTGGTGTACTCCACGCATGCTCAAAGCGAACCGGGCCGCGCTGCTGGCGCTGGCCGCCGTGGGCGCGGCGCTCACCACGACCGCCCGCGCCACCCTAGAAGATGACGCCCGCACGGTTCTCAGCTACGGCCCCCGCGTGGCCGGTTCTCCTGCCAACGAACAGGCCCGCACCTATCTGGAGGCGCAGTTCCGCGCCCTGGGCTACGAGACCCGCCGCCAGCCCTTCACGTACCCCCGCTTCGACGACCTGGGTTCCGATGTGCAGGTCGGCACGCAGACCCTGACCGGCCGCGCCATGCAGGACTCGGTGGGCGGCAGCGTCAGCGGCGCGGTGGTGCGCGTGCCCGGTATCGGCAGCCCCGAGGACTTCGCGAAGGTGGACGTGAAAGGTAAGGTCGCCGTCGTGCAGCGCGGTCAGATTCCCTTTGTCCAGAAGGCCCAGAACGCGATCGCGGCCGGAGCCACCGGCGTGATCATCGTGAACAATACCCAGGGCGAACTGCGCGGCACCCTGGGCAGCCGCACCGCCCTGCCCGTCCTGGGTGTCACACCCGCCACAGGCGAGGCGCTGAAGGACGGCGCGACCGTCACCCTGAATGTCCGCGTGCGCGAGGGCGACGTGCAGGCCGTAAACCTGATCGCGTACAAAAGCGGCGTGACCGCCCCACAGATCCTGTTCGGTGCCCACATGGACTCGGTGCCCGGTGCCCCCGGCGCGAACGACAACCTGAGCGGCAGCCTGACCGTGCTGGAGATCGCCCGCCGCGCCGCGACCACGCCCCTGGGTACCCGCAGCTACTTCATGCTCTTCGACGGCGAGGAAGACGGCCTGCTCGGTTCCCGCGCCTTCGTCAAGGACAACACCGCCCTGGTCGGCGGTCTGAAAGCCATGCTGAACTTCGACATGGTCGGTGTAAATGCCGCGCCCCTGTCCCTGTCCGGCACCCCCAGCCTGGCCGACACCGTCCGCCGCGCCGGACTGTCTGCCCGCGATTCGGACGCGGGCCGCAGCGACCACGTGTCGTTCCAGCAGGCCGGTGTGCCTGCCCTGATGTTCTACCGAGGCGAGGACGCCAACTACCACCAGCCCGGCGACACGGTCTACGACCCGGCGCTGCTGAGAGATACGGCGGACGTGGCCGTGAAGGTGGCCGATGCGGTGCTGAGTGCCGTCCCAGCCAACTGAGCCCCCACAAGCAAAAGCCCCCGCCACATGCGGGGGTTTTCGTGGTGCGGATGCCCAGACTTGAACTGGGGACCTCACGCTTATCAGGCGTGCGCTCTAACCAGCTGAGCTACACCCGCGCACCGTGGGCTGCCGCCCTTGCGGACAGGCGGCAGTCAATGTAGCAGGGGGGCGGCGGGGTGTCAACGCTGGGGCGGCAGGCGTCAGCGGGGCCAGGGGGTGGTGCCGGGCGGTGGCGTCAGGCTGGCATGGATGTCCAGCGCATAGCGGTCGGTCATCCCGGCGATGTAGTCGCACACGGCCCGCTGCGTGCCGCACGTGGCCGCCAGATCGCGGTAGGGCGGCGGGAGCATGCTGGGCCGGGCCAGCAGCGCGTTAAACAGGGTGGTCAGCACCCGGCTGGCCTGCTCGACCTGCATCTCGACCCGCCAGTGGCGGTACAGGTTCTCGCGCAGAAAGGTGGCCGTCTCGCGCAGCAGGTCGCGGACACTCGGGCTGTAGGTGATCAGCGCGTGGGGATGTGTGCGGGCGGCGTGGGCACTGTCCAGGGGAACGGCGTGCAGGGCGGCGTTGCTGGTCTCGCTCAGGTCGGTGATCAGCCACCCCAGCAGTTCGCGGTGCAAGTGCCGCCGCTCGCGGTCGGAGATCCGCGTGCCGTCCACCCCGGCGCGGCCCAGCAGCTCCCGCCATAGCGGCACGTCGGCCAGCTGGGCGGGGGTCAGGAGACCGCTGCGCAGGCCGTCGTCGAGGTCGTGGGCGGTGTAGGCCAGGGCGTCGGCGGCGTCCACGACCTGGGCCTCCAGGCTGGGACGGCCCAGGTCGGCGCGGTCGTGCTTGTTCAGGCCGTCCAGGGTCTCCAGCGTGAGATTCAGGCCGGGCGCGTCCGGGCGGCGGTATTCCAGCAGCGTGA
CP177252.1_gap44	1964645	1966655	2010	CGCCCTCGTCCGACAGGGCCAGCAGGGCGATGACCTGCACGCCGCTGTCTTTCAGAGTGCGGGCACGGGCCAGCATCTCACGTTCGTTGCCGCCCTCGTACAGGTCGCTGATCAGCACCATGACGGTCTGCTCGGGGCGCTGGATCACGCCCTGGCAGTAGGCCAGCGCCCGGTTGATATCGGTGCCGCCGCCCAGCTGGATGCCGTACAGGACGTCCACCGGATCGTCCAGATGTTCGCTGAGATCCACGACCTCGGTGTCGAACACGACCACGCGGGTGCTGACGGCGGGCAGGGACGCCAGCACCGCGCCGAACACGCCGGCATAGACCACGCTGGCCGCCATGCTGCCCGACTGGTCGAGGCACAGGACGATGTCCCGGAGCGAGCGGCGCTTCCGGCCCATGCCGATCAGCCGCTCGGGAATGATGGTGTTCCGGTCGGGCTGATACGTCTTCAGGTTGGCGCGGATGGTGCGATCCCAGTCGATCTCGGCGGGGCGGGGGCGGAAGTTGCGCTGGGCACGGTTCAGGCTGCCACTCACGGCGGCGCGGGTGGGTTCCTCCAGGCGGCGCGTCAGGTCGTCCACCACCCTTCTCACCACAGCGCTGGCGGCGTCCTTCGCCTTCTCGGGCATCACGCCCTTCAGGGTCAGCAGCGTGCCCACGAGGTTCACATCGGGCTCGACGCCCTCCAGCATCTCCGGCTCGAACAGCAGTTGCTGGAGGTTCAATCTCTCGATGGCGTCGCCCTGCATGACGCGCACCACATCTGACGGGAAGAACTCGCGCAGATCCGCGAGCCAGCGGGCGACCTTCGGGGCACTCGCGCCCAGCCCGCCCCGCCGGGCACTGGGGTCGGCGTCGTACAGACCGCCCAGGGCATCGTCCAGACGGCGGTCAAGCGCGCTCAGTTCCGCCGCCGCGTCGCTCCCGACCGCCAGACCGTCGGCGTCGCCACCCCCCAGCACGAGACGCCAGCGGCGCCGGCGCTCGGCGTCTGCTGCCATCACTGCCACACCTCCACGGCATCCCAGCAGCGGATTGACCATTCTGTCATATACAGAATCATAGCACCTCGTTCTGAGCAACGTGGCCCAGCAGGGGCACCACCCCGGCCTCCGGTACCGGGGGCGAGAACAAGTAGCCCTGCGCATGGGTGCAGCCCAGCGCTGCAAGTTCATCATATTGCTCGGAGGTCTCCACACCCTCGGCCACGAGTTCCAGTCCCAGGGTGGCCGCAACCGTCACCATGGCCGAGATCAGGGTGCGGACATAGCGCCGTCGTGACCGCGCCACGACTCCAGTCAGGTCGGACACGAACATGCGGTCGATCTTGACCACATCGACCGGCAACTCGTTGAGCCGTGACAGCGACGCAAACCCGGATCCGAAATCGTCCAGCGAGAGCCGCACACCCAGCGCCCGGATGCCGAGTACGCTGTGCTCCACCTGGATGCGGCCGCGCATGTCGATGCCCTCGGTGACCTCCAGTTCCAGCGCCGGGGGCGGCAGGCCGGCACGGGCCAGCTCCTGCGCGACCGTCTGCGCGAACTGGGGCTGCATCATCTGGAGGGGTGAGATGTTCACGGCCACACGCACCGCCGTGAATCCGGCCGCGTGCCAGCGGGCTGCCGCTGTCAGCGCGTGTGAGAGCACCCACTCGCCCAGCGACGGGATCAGGCCGCAGTCCTCGGCAATTGGAATAAAGATGTCCGGCCCGACCACGCCGAACTCGGGGTGCTGCCAGCGCACCAACGCCTCCAGACACACGGGATGACCGGTCGGCACGGTGCAGATCGGCTGGAACTCCAGGTACAGCTGCCCACGTTCCTGAGCGTGCCGGAGTTCGCGCTCCAGCATCTGCCGGCGCTCGTCCTGATCCATCAGGTGTCCGCTGTAGAGACGCACGCCGTTTTTCCCACTGCGCTTGACGGCATACATGGCCCGGTCGGCCCGCAGCAGCAGGTCACGCGCGTCCGAGGCGTCATGCGGAAACCGGGCGACTCCG
CP177252.1_gap45	1973693	1974816	1123	GGCCTGGGCGGGCGCTTCGGGGATCGTCTCGGCGGGGGCGGGCACGGGGGACGGGTCGGCGGCCGGGTCGGGCCGGTGTCCGGCGGCATGCGCCAGCGTGTACACGGCAGCGCGGGCGAGCAGGGTGGCGGCGGCGTCCGGGCGGGTGACCTGCGCCGCCGCCTGCCCCAGCACGTCGGTGCCGGGCGTTGGCAGCGTGCCCCGCGCCGTGCCCACCAGCGCCAGGACCAGCAGCTGGTCGTGGCCGCTCACGTGCCCGCCGCCATCACGAGCGGAACGAGCCCGTCGCCCTGAAGGAGGCTCAGGGGGCTCAGCACCGCGCCGTCCCACTCGGCGTACAGCGTGACGGGCTGCCCGCCGCCCAGCGCGAGCAGGGTGTACCGACTGCGCTCGGTACCGGCCAGGGGCAGGCGGCCGGTCGCGTCCTGCACGTGCCACGGGTCGCCGGGACTCAGGAGCAGCGGGCCGATCCGGTGCGCGGTGCGTTCCAGCCACGGGTTCAGCGCCAGGGCCGCGCCGTGCCGGTCGAGCAGGGTATCCAGAGTGATGCCGTCGGGGTCTGGGGCCGCTGCGGTCACCGTCGCCTCGCCGCGCAGCAGGGCACGCTGGGGGCACGCGCCGGGCGCGAAACAGACCTCGGCCTGCACGGTCACGCCGGGTGGCAGCGCGGGCGGGAAGGGCCGGCCCCACGCGGAGAAATCGAGCAGCAGGCCCGTCTGGTCACCACTGACCAGCCACGTACGCCGGGTCACGAGCATGTCCTCCTCGGTGATGGCGTGGCCCATGACGCGCCACCGGGCGCGGATGCCGCCGCCCTCTGTCACGGCGGCGCTGTCGAGCGGGAAGCCCAGCGCAGATCGCAGGTCAGCCTGTTCCAGATCGTCCAGCGCGTCCCGACGGGGCCACGCCTCGGTCAGCAGGTGCAGGCGCGACAGGTGCGCCAGCAGCGCGGCAGGGTCGTGCAGATGCTCCGGGATCTGCCGCACCAGCCGCGCCGCGCCGGGAGCCTGGGCATCAACGAGCCGGGCAGCCTGCGTGTCCCAGTCGGTGTACGGCCGGGCCGGTGCGTGCGCCAGTCCGTCGCGGATCAGGTCATGCAGGAAGGTCTGGAGTCCGTCCAGCC
CP177252.1_gap46	2122728	2124360	1632	TGCCCTCGTATCTCATCTCGCCGCGCTGTGGTGTGCCGGGTGCCGTCATACGCCCTCCGTCCGGCCCGGCACACGTCCGGGGCGGGAATGTAGCAGCAGCGTCCCCCGATGCCTTCCGGGGCGACGCTGGACTGTCGCGGTGCTGGTCATGTGGGCTCCATCGCCGCCTCTCGGACGGACTTACCGCCCTGAGGGGCGGGGCGTCTCACGGGACGCGGGTGGAAGAAATGGGAGTGCAGCCCACGCATGGGGCTGCCTTACGTCAGGGTAACACCCCTGTGCATGGAGGCAGCAGGGGTGTTCAGGTGACTCGGACGAGGGCGCTCCTTCAGTGGCTGTGGCCGCCCGCCTGACCGCGTTTGCCGCTGACTTCCTCGCGGACTTCCGCAACCAGCACGGTGCAGGCCTCGGCACAGGGGATGCCACCGGGCACGCCATCCAGGAAGGTGTGCGCGAGTTTCTCGCCAGCCCACAGGCGGGTGCGCAGGCAGGACTTGCAGACCTCGCCGGCCACATGCTCGACCTGCTCGGGCGTCGCCTTCTGCACCCGCGTATAGATGCCGGTCTGGCGGCGGGCAGTGGTGGGCCAGGGTGTGGCACGCAGAGCGTGGCAGGAATGCGCGTAGGTCTCCTCGACGACGGCGGGGTACACGTAGTGCAGGGCACGGCGCAGGTCGGCCTCACTGAGCACCGCCCGCCAGCCGCGCGGCAGGTTTCGCAGCGTGTGCACCGGACGGTGATCACCGCCGTCGTCGCGGCGCACGGTATCGCGCACGCCCTCGGGGGTGACAAGGGTGCGCAGGTCGCCGCCAGGACGACCCTCATCAAGCATGTGGCGGATCTCGTACACACCGCTGTCAGGGGTAATGACCAGTTCCCCCATACGCAGGCCCCGACGGGCCCGTTCCAGCACAGCCTGCCACGCGTACTCGTGGCCGCGCTCCACGTCGCCGTCCTGCGCGAGTGCGCCGCTGGCTTCCTGGGCCAGGTGCAGGATCACGTCGGCCACCGCCGGGTGCGTGCCCACAGGTCTGGCGTAGTACACGGTCTGCTGGCCGTGCGGGTTCTCCCGGAAGGACGTCACGTCGCCGGTCAGGCCCATGTCCTCCGGAATGGTCTCCAGGGTATGCCAGCCCTCGCTCGCAAAGAAGGGCACCACGACCACGCGCGGCGCGGTGATGCGTTCAGGCCACGTGCCTACTTTCGGATCTTCATCGAGGAACAGCGCCTCGACCTGAGCGAAATGCCCGGCCTGCCGGATCAGGTCGGCGTTGTGGTAGATGACCCGATTGGAGTTCTCGTTGCGGGTGGTGCCGTGTCCCAGCACGATCAGGGCCGTGTCCTGTGGGTTGAAGTCCGCCAGGGCCTCTCGTGCGCGGGCCAGGATCACGTCGGTCATGCTGGGATGCACGCCGTACGGAAGCGTATAGCGCACCGTGCGTCCGCCGATCACACGGGCCACGCCACCCGGCGGCACCGGCCCCTGGTGGCCCAGGCCCAGTTCGCGCGGGATCACGACCTCGGTGAAATAGCCCTCGGAGATGAACATGGGGATCACGGTCACGTCGGTGCTGGCAGTGGTGCGCAGCACCTGGCGCAGCGAAGGCTCCTCCTTCCAGTAGCCCTCGATGA
CP177252.1_gap47	2165795	2167578	1783	GTCCTTTGTCATGATCCTGGCGATCGGGGTGCTCCTGATCGCCTTCCTGGGCCTGAACACCTATCTATCGGCCATCGCGCAGAGCCTGGGCGATACCATCGGGGCCGGGGCCTTCTTCGTGCGGGCGGGCACGCTGCTGCTCTCGACGGCGTTCCTGGCCCCCGTGTTCGCCGCGATCTACAAGGTGCTTCCCGACGTGAAGCTCCAGTGGCACGAGGTCTGGGTAGGCGGCATCTTCACATCGACCCTGTTCAATCTGGGACAACTGCTGATCGGACTGTACCTGGGACAGGCCGCGCCAGGCAGCGTCTTCGGGGCCGCCGCGTCACTGGTGATCCTGCTGCTGTGGATCTATTACTCGGCGCTGATTTTCTTCTTCGGCGCCGAGGTCACGTGGGTGTACTCGCAGAAGTTCGGCACCCACGCGGGCGGCGCGGCGAACGTGGCGAAAAAACAGGCCCTGGCCGCACAGGGCGCAGAGATCAGCACCGAGCCCAGCCATCAGGAACGGGAAGCGCTGGCCCACGCCGACACGGTGCGCGACGCACGGGGCCGGGTGCTGGGCGTGCCAGTGCCCCGGCTGCCGCGCGTACTGCGACCGGTGCCCCGCCACGGCGAGGGCAGATTGCTGCCCAGCGTGCGCGGCACCATCTGGAACGCGGTGCTGGCGATCATGGCCATTCCCGCCGTGATGGTGCTGCGCGTGCTGGGTATTGCCGGGGGGGGCAGGCGCAAGCGGCGATGAGCGCTATACCGACGGGCAAACCCCTCCGCCCCTCCGGGGCACCTCCCCTCAAGGGGAGGCAAGGAAAACGCCATGCCACACTTTCTTGGCTCCCCTTGAGGGGAGCTGGCACCGAAGGTGACTGAGGGGTTCGCCCACAGCTCCACCGAACTTACCCGGCCGCCCCCATCGCACACTCACTCCAGCGTGACCGGATACGGCAGCGTGCCCTCGTAGATCGCGCGGCCCACGATGGCCCCCTGGATTCCTTCCTCGTGCAGCAGGCGTATGTCCTCCACGTTGGCGACGCCGCCGCCCACGATCAGGGTGTTCACCCACAGCTGGCGCACCTGCCGCATCAGGTCGCGGTTCAGGCCCTTCAGGGTGCCGTCGCGCGTGACGTCGGTGAAGATCAATGTTTCCAGGCCCGCGTCGGCCAGCCGGGGCGTGAGTTCGGCCACGCTGACGCCGCTGCCCGCCGCCCAGCCGTGCGTGGCGACCTCCAGGCCACGGGCGTCCAGGCTGACCACCACGCGCTCGGGGCCGTGCGCCGCCACGAGTTCGGCCACCAGTTCCGGGCGGGTCACGGCAGCCGTACCGATCACGACCCGGTCGACGCCGACCAGCAACAGTTCCTCAGCCGCGCGGCGGTCGCGGATGCCGCCGCCGACCTCCACCGGCACGCCCAGTTCCTGCGTGATGGTGCGGATCACGCTCCGGTTCTCACCGCGCCCGGTGGCGGCGTCCAGATCGACCAGATGCACCAGCCCCGCGCCCAGCCCGACCCAGTGCCGCGCGGCGTCCAGCGGCGACTCGAAGTACACGGTCTCGCGGTCGGGATCGCCCTCGTACAGGCGCACGGCGCGGCCGGACTGGATGTCCACGCACGGAATGACGAGGGGCAGACCAGAAGCGTTCATGGCGTACAGGATAGCGGCGGGGCAGCCGCTCCCCTGTACCGGCATCTGCCCTGGTGCGCCATCTGTCCTGGCCGCGCCACGGCAACGCCGGTCGTATGAAGGGTTCAGACCAATGCTCTAGACTGCCCGCAGCGTGCGG
CP177252.1_gap48	2339591	2340199	608	TCCATTCGCGCGTGACCACCGCGTAGCCCTGCTGAGGGGTCACCGCCACCGCCTCCCCGTTGACGTTCAGGGTCGCACCCTGTGCCCACGCCGGAATCCGCAGGCGCACGGTGAAGGTCGCCGGGGCATCCAGCGTCATGGACAGGTGGATGTCGCCGCGCCACGGGTACATGCCCTCCTGGGTCAGCGTGAGCGCCCGGCCACCGACCTCAGCCTGCAGGGTGCTGCCAGCGTAGAGGTTCACGGTGACCTCGCGGGCACTCACGGCGTACACGTACTCGCCCAGCGACGCCAGCAGCCGCGCGACGTTCGGCGGGCAGCACGGGCACGCGTGCCACGCCCAGCGGCGGTGCGTGCCGTCGGACTCCAGTGGGTTCTCATACAGGAAGTGGTCGCCGCCCAGGGACACGCCGCTCAGGACGTTGTTGTACAGAGCGCGCTCCATCACGTCCGCGTAGCGGCCCTCGCCGGTCAGGGCAGCCATGCGACGCGCCCAGAACGCGAGTCCCACGGCGGCGCAGGTCTCGGCGTACGCAGTGTCGTTCGGGAGGTCGTACGGACGGGTCATGCCCTCGTTGCTGGCCGATGGCCCCAGGCCTCCCGTGACG
CP177252.1_gap49	2341332	2344833	3501	TCGCCGTCGGGAATGCCGACCAGGATGACCTTCCCTCCGATTCGCGCTGCCTCGGTGGCGTGGCGCGGCCCGAGCGGGCTGGTGGTGGCCTCGATCACCACGTCCGCCCCGCGTGTGGGCGTGTGCCGCACGGCCGCGAGGTAGCTGGGCACGTCCGGGTACACGGCCGTGGCCCCCAGTTCCAGCGCCTTCTCACGCCGGTATGCCAGCGGGTCGATCACGCTCAGGGTCAGCGCCCCACTGATCCGGGCGAGCATCAGCACGTACAGGCCGATGGTGCCCGCCCCCAGGACGGTGAGGTTCGTGCCGGGCCGCAGCCTGGCCAGATCCAGCGCATGCATGGCGACCCCCAGCGGCTCCAGCAGCGCCGCCTGCGCAGCCGTGAAGTCCGCCGGCACGGGATACACGGTACTGGCCGGCACCGCAATGTACTGGGCCATCGCGCCGGGGTGGGGTGGCGCACCGACGAACACCATGTTCGGGCACAGGTGATGGTTGCCCTCGTGACACCAGAAGCAGTGGCCGCAGGGCTGGGCGGGATCGACGGCGACCAGCGTGCCGTCCGGCAGGCCATGCGCCGCGCCGCTGCCCTCAATGACGGTGCCCGCGAACTCGTGACCGGGGGTAAAGGCCCCCTGAACCACCGCCGAGCCGATCTTCCCCTCGTGCCAGTAGTGCAGGTCAGAGCCACAGATGGAATTTGCGCCCACGCGGATCAACACCTGATCGGGGCCGGGCACAGGCCTGTCGATCTGCCCCAGCTCGATGTGGTGGGCGCCGCGCATGATCGCGGCCGTCTGGGTGGGCATGTCAGTTGTCTCCCTTCGGCAGGCCGCCCAGATCAGGCCAGCCGGCGGCATCCCACGTCAGGTGGGCGGTCTGGAAGTGGCTCACGCCGTTCTCGTTGCCGTCGTAGTAGTGGTACACCAGGCGCGGTTCCGTGCCATCCATATAGACTTCCTGCCCGCCGGGGCCGATATAGCGCCCCCTGGTGGACTGCACCTGCGTGCCGCCACCCCGCATCATCGGCACACCCTCGCGGTCGATGTACGGGCCAGTGATCGCCGCCGAGCGGCCGACCACGATTCGGTAGGTGCTGTCCACGCCCGCACAGCAGCGGTCGAAGGACACGAACAGGTAGAAATACTTTCCGTGCCGGACAATGGTGGCGGCCTCGACCGCCCCGCCCCCGCGCGAGGCAAGGTCGTACTGTCTTGTGCCCCTGAGTTTGCCGCTGACCGGGTCGAGTTCGCGCAGCTTGATGCCTGTCCAGTACGAGCCGAAGACCAGCCACGCCCTGCCATCCTGCGTATCAATCCGGTAGGCGTCGATGGCGTTGAAGGCGTCGGACTTCGTCGTGGTGAGCACGGAACCCTGATCGACCCAGCCGCGCTCCGGGTGGGCCGGGTCGAGCCCCTTGTTGGTATACAGGCCGATCACGCTGGTGTTCTCCCCGAACACGGAGGCCGCGTAGTACAGGTAGGTAGTGGTGCCGCGCATGAACAGCGTCGGTGCCCACAGGTTCGGGGGCTGGGTGCCGATCTGGTCGTAGATCCAGTCGGGAAGACGCACGCCCAGCGTGCCCGCATCCATCCACGTGATTCCGTCCGGCGAGGTGCGCAGGCGCAGGGTGCCGCCGTCCACGTTCTCGATACCGGTGCCCATGGCGACATAGCGGGAGCCGACCCTGAGCACGGTGGGGTCGTGGAGCTGCGTGTCGCCCTTCAGGCTGGGCTGCACGGGTGGGTTGCCCCCTCCGGCCAGCGCAACCGAGGTGAGCATGGCCGCGAGCACCACACGTCGTCTCACGCCCGCAGCCCCTGGGCCAGCACGTAGTACAGATCGTTCAGGCGCAGGCCCTCGCGGAAGGAACGCAGTTCGGTCTTCGCGTCAATGACGGCCAGTTCCACGCCGGCCATGGCGGCGAAGTCCTCGATCATCTCGGTGGTCACGGCGGTCGAGTAGCCGGTGTGGTGCGCCCCCCCGGCGTAGATCCACGCGGCGCACGCGGTCTTGAAGTCCGGACGGCATTCCCACACAGCCCGCGCCACCGGCAGCTTCGGCAGCGGCGGATGCTCGACCGAGTCCACCTCGTTCACGATGAAGCGGAAGCGGCTCCCCAGGTCGATCAGCGACACGTTGATCGCCGCGCCCTGCTGGGCGTCGAACACCAGCCGCACCGGGTCGTCCTTGCCACCGATCCCCAGGGGGTGCACCTCCAGCCGGGGCTTCCCGTCCGCGATGGTCGGGCAGATCTCCAGCATGTGCGAGCCCAGCACCTGATGCTTTCCCGGTTCCAGGTGGTAGGTGTAGTCCTCCATGAAGCTGGTGCCGCCCGGAAGGCCGTGCGCCATGACCTTCATGGCCCGCACCAGCGCGGGGGTCTTCCAGTCGCCCTCGCCGCCGAAGCCGTAGCCCTCGGCCATCAGGCGCTGCGTGGCGAGGCCGGGGAGCTGCTTCAGGCCGTGCAGGTCTTCGAAGGAATCCGTGAAGCCCCGGTAGCCGCCGTCTGACAGGAAGGCCCGCATCCCGGCCTCGATCCGCGCCCCATCCAGCAGGGACTGGTGCCGCGCACCGCCGGGGCGGAGTTCCTCTGCCACGTCGTACTCGGTCAGGTACGTGTCAATCAGCGCCTGCACGTCGGCGTCGGTGGCGGCATCGATCCGTTCGGCCAGATCCCCGATGCCGTGGGTGTTCACGGAAAACCCGAACTTCATCTCGGCGCCGACCTTGTCGCCGTCGGTCACGGCCACGTTGCGCATGTTGTCGCCGAAGCGCACGTACTTCGCGCCCTGCCAGTCGGCCCACGCCCACGCCGCCCGCGTCCATGCGCCCAGGCGGGCGTGGACGTCGGGGTCGCTCCAGTGACCCACCACGACCTTGCGCTCCAGCCGCAGCCGCGTGTGCAGGAACCCGGCCTCGCGGTCGCCGTGCGCGGACTGGTTCAGGTTCATGTAGTCCATGTCGATGCTGTCCCACGGCAGTTCGCGGTCAAACTGCGTGTGCAGGTGCACGAAGGGTTTGGTCAGCGTGCTCAGCCCACCGATCCACATCTTCGCGGGGCTGAAGGTGTGCATCCACAGGATCAGGCCCGCGCACGAGGGATCAGCGTCGGCCTGGCGGCACAGGGCACGGATCTCCTCGGCAGTGGTCATCACGCCCTTCGGGACGATCTTCAGCGGAATGTCGCTGCTCGCGTCCAGCGCGGCGGCAATCTGAGAGGCGTGCTCCGCGACCTGCGCCAGCGGTTCCGGGCCGTACAGGTGCTGCGAACCGCACACGAACCACAGAGAGGGGGTGTCGAGGTGGATCATTCGTGCTCCTTGGGGAACTTCGACAGACAGCGGTGTTCGTTCTGCCCGAGCGGAGTGGGTGGAAGAAGGAGGGCCGGGCGGAGTCCGGCCCCGCTGCGGACGGGCATCAGCGCTGCCCGTAGACGTTCTGATAGCGGTCGTAGAGGCTGTCGATATCGGCGGGGTCGAGGGTCTTCACCGGGGTGCC
CP177252.1_gap50	2351750	2352472	722	AGCGTGATTACCACACTGCTGATCACCTTCATGGTGCTGCTGTTCTCCATGCTGTGTGCGTACGCGCTGTCGCAGATCGACTTCCGAGGACGCCGCTGGCTGTACGTGCTGATCCTGGCAGGTTTCATGATTCCCTTCCAGGCGAGCCTGATCCCGCTGTTCATCTTCATCAACAAGCTCGGACTGGTGAACAACTTCGCGGGACTGATCATCCCGCAGCTCGCTGCCCCCGTGGCCGTGGTCATCTACAAGCAGTTCTTCGATCAGGTTCCGCCGGAGCTGGGGGACGCCGCCCGCATCGACGGGGCAAGCGAGTGGCGGGTGCTGTTCGGCATCTTCCTGCCGCTGAACTGGAGCATCACACTGTCCCTGGCCATCGTGACCTTCATCGGGGCATGGAACAACTTCCTGTGGCCGTTCATCGTCATGAACGATACCGCCAGGCTGACCATCCCGGTGGGCATCACGCAGGTGCAGTCCGCATACGGGGTGGCGTATGCCAAGAGCATGGCGACTGCCGTGACCGCCGCCGTTCCCACCGTGGTCGCGTATCTGCTGTTCCAGCGCCGCGTGACCGAGGGCATCATGGCGACGGCCGGCCTGAAGTAGTCCGGGCCACCTCGCCTCGACCGTCGGTGGCACCGCCGGCCTGCCCACCCCCGCTCCGCGCCCGGGGTGTGCAGGTGCGTGCCGTAGCCCCTGGCAGCCGTGCGGCCAGAATG
CP177252.1_gap51	2357347	2359969	2622	GTACACGACTGGCACGGTCAGTTTGCTCGCCACGAATTCGAGGTACGAACCTGGCAGGTCACCGGCCGCCAGCACGAGATCGATGTCGGGCAGGCCCTGAGGAAAGCTCTCGCGGTACACGAAGGGATGCACCATATCAGCCAGCAACAGCGCCCGCCGCCCCAGGGTGGGCGGGGCCGAGGGGTCGGGCACGGCGGTGACGGTGTGGGACGGATCGTTCATGTGGGGCGGGGCGGCACCGCGACGTGCTCGGGGCAGATCCGGTGCAGTCTGCCGAGTGTAGCCCGTGTCCCGCGCCGACGCAGGCAGAATCCCGAGAGCCGCCGTTCATCTTCACGTACCCTGCACAGCGTGGCGATCCTGAGCACCCCCCGCGCGTGGCTGTTGCCCCTGACCCGCCGCATGATCCAGCAGCGGCTCGACCAGCCCCGCTTCGACCTCGACTGTGACCTCGGCAGCACCCCTGACGGCGACGGGACAGGCGGCCCCGTGTCCGTCCACTTCCCGCCCGAGTGGCCGGGCGACCCGCTGGCCTTCTTCCCCGCCATCCTGGCCCGGCTGCGGCCCGGTCAGGAGGAGGTGCAGCCGGACACGTCCTTCACGCTGGTGACCCGCGATCCCCAGCCTGGGGGCCAACTCACGGCGATCGGCCAGCTGGGCACGACCGGCACGGTGAGTGTGTGGGGTGATCTGGAGATCGGCTACGGTCTGAATCCGGCCGCATGGAACCAGGGTTACGCGACCGAGGCCGTGGGAGTGCTCGTGACGCACCTGCACACCCTGCCCCGCGTGCGCCGCGTGGTCGCGGCCACCGCCCTGCACAACCGCGCCAGCGAGCGCGTGCTGGAGAAGACCGGCTTCACCCGCACGGGACAGCGCTGGAGTGCTGACGACGGCGACCTGACGACCTGGGCACACGAGCGCATCTGAAAGCGCAACATGAATATGCACCTGAATATGCGCAGAGGCCGTCCGTCACAGGGGAACCGGAAATAATGTTGCACGCGCAAGGCATAGTGCCTGAGCACCCCTAGACTGCTATTCATGAAGGTCTCGATACTGGGGATTCCAATGGATCTGGGTGCCGGCCGGCGCGGCGTGGACATGGGGGCCTCGGCCCTGCGCAATGCACAGCTCTCGCGCACGCTGCGCGACCTGGGGCACGACGTCACGGATCTGGGCGACGTGCCGGTGCCCATCCCGGAGACGCTTGACAAACACGCCAGCGGCGGCCTGGTCTTTCTGGAACCCATTCTGGATGCCTGCCACGCCGCCGCCGACCGGGTGGCCGCGCTGCCCCGGGATGTGTTCCCGCTGACACTGGGCGGCGACCACTCGGTCAGTATGGGCACCGTGGCTGGCAACGCCCGACGTCTGGGGGCCGGGGCTGGCACTGGCCGCCTGGGCGTGATCTGGGTGGACGCCCACACCGACTACAACACCCCGGACAGCAGTCCCAGTGGCAACATCCACGGCATGCCGGTCGCGCACCTGACCGGCCTGGGCGATCCCCGGCTGGCCGGACTGGGGGACGGCTGGACGCTGCGCCCAGAGGACATCACCATGATCGGTATCCGATCCGTGGACACCCGCGAGCGCGACGCCCTGCGGGAGGCTGGCATCCGTGCCTACACCATGAAGGACGTGGATCAGCTGGGCATCACGCGGATCGTCGACCGGACGCTGGAACAGCTGGACGGCGTGGACGGCCTGCACGTGTCCTTCGACGCCGACGCCCTGGATCCCGGCGTGTGCCCCGGTGTGGGCACCCCCGTGCCCGGCGGCCTGACCTACCGCGAGGGCCACCTGCTCATGGAACTGCTGTCGGACTCGCACCGCGTCACATCTATGGATATCGTGGAGGTCAATCCCATTCTGGACACGCGCAACCAGACGGCCGAGGTCATGGTCGGCATGGCTGCCAGCCTGCTGGGCCAGCGGATTCTGTAGCACTCAGTAGAGAACGCCGCCCAGACACTTGATCCAGGCGGCGTTGTCAGGTCGTACGGGCCTTGGGCGATTCCAGAACATGGCGTGAACAGATCACCATGTCCTCCCATCGCTCCAGTCCCGTATTTTTCTCATGCTCGCTTCGCTCGGGTTCGTCTTCGACTCACCTGAGTTCTGTATCAGAGCTCGTCGATCAGAGGTCGTCGTCGTCGAGGCCCAGGCCATCGACGCCGCCGCTCTGGACAGCTGTGACCTGCGGGCGGGCAAAGCGCATGTAGTCCAGCCACGGGGGCGTGTGGCCCAGCTGGCGGATCATCAGTGCGATCTGCGCCGTGTGCCGCACCTCGTGGGTCATGACGTGCCAGAACAGCTGATCCAGCGTGACCGTGTCGCTGGCCGGGTCGTCCTGCACCAGTTTCACGCTGCGGTTCATGTCCGGGCCAGATTCCAGGAAGGTGCGGGTGCGCTCGTTGACCTCGCGGCCATAGTCGATGATCCAAGACAGGTCGTACTGCGCGGCGTCCGGCTTGACCCAGTCGTGGGCGTAGCGGCCCTCACGGTTCACGCCGTCGCCGCGTGCCACCGAGTGTACCCAGTGATCCTCGACGTCCGTGACGTGCAGCACCAGATCCTTGATGGAATGGAACCGGTCGCCAGACTCGATCAGGTCAC
CP177252.1_gap52	2402532	2405140	2608	CATCGTGGCGTTCAGCCTGCTGCTGGTGGTGCGGGTGATCGCGGCCCGGCGGCTGAGCTGAGCACGAACTGGCCTCGTACGGGATTGCGGCGATGGACGAGCATCCGGGACAGCGCCGGATGCTCGTCCATCGCCGCAATCCCGTACGTGTTGCTACTCGCTCTGCTCGGATGATGCTCGCGCACCATCGCAATTTCGTATCACACCAGCCGCATCCCCTCGACGGCCTCCACCTCAGCCACCGCGCCCGCCACCAGTACGGCGTCGCCGGCCTGCAAGATTTCGCCGGGGCGGCCCACCACGGGCTGACTGCCGCGCCACACGGCCACCACCAGCGCTCCGGTCTCGCGGCCCAGGTCGGCCACCGTGCGGCCTACCAGCGCGTCCGGCACGCCGATCTCGCGCACGGCGAAGTGCTCGCTGGTCACGTCGCCGCTCAGGAGCCGGCTCAAACGGGGCGCGAGCATCATCGCCGCGATCCGGTTGCCGCTCAGCTGGTAGGGGTTCACCACCTCGTCGGCCCCGGCCCGGCGCATCTTGCGGGCCGCCGACTCGTCGCTGGCCCGCGCGATCACCCGCAGGCCCGGATTCAGGCCCTTTGCCGACAGCACCACGTACAGGTTGCTGGGGTCAGAGTTGATCACGCTCACCAGCGACTCGGCCCGCTCGGCGCCCGCCCGGCGCAGCACGTCCTCGTCGGTCGCGTCGCCCACCAGGGTGTGAATGCCCTGGGCCTCGGCCCAAGCCAGGTGCTCGGGCCGGTGGTCGATCACCACCACCTCGCGCCGCGCCGCCCGCAGGGCCATGCACACGGCCTCGCCCACCTGGCCGTACCCGCACACCACCGTATGTCCCTTCAGGTGTATCAACTTCCGCTCCTTCCGGCGCTGCACCGAGGCCGGGTCGGTCAGGCCGCGCACCACCGTCTCGGCCAGCAGGGTCAGCAGGTACAGCATCAGGCCGATGCCCACCAGCATGAGCAGCGTGCTGAACACCTTGCCGTCCGTGTGCAGCGGCCCCGGCGACCCGTACCCCACGGTCGTCAGGGTCATCACGGTCATGAACATGCAGTCCAGCCAGCTCCAGCCCTCCAGCACGCGAAATCCGACCGTACCGAAGCCCACCAGCCCCACGATCAGGGCCAGCAGCAGGCTCAGGCGACGGCGATCCATGTGGGATCAGTGTAGGGGGGTAGACACCACGGTCAGCGGGCGATGTTCTGGAGAAACGTAGACATCCCCAGACCGCCCACCCACAGGAGCACCAGCCCGAACAGCAGCAGAGGGAGATCGTGCCACGACGGTGGCCGAGCCTCTGAGCGCAGAATCCCCTCGGCATGTCCGGGCTTCTTCGGGCCACCAGGGGCGACCCGCACCGGCAGGAGCATTCCCAGGGTGACCCGACGCTGAGCCTCCTCCAGAATCAGCGAGTCTCCAACGGCGTACACGTCCTTCAGACGCAGTCTGGGCGGCCGGGCCACCTGAATATCTCGCAGCTCCTTCACCACGACGCGAATCTGGCGGTCAGGCAATTGAAAGACGAGGTCACAGGCACCATGCGAGCGCAGTCCAAACCACCACCACACATTCACTCCCTGGGTCAATCTATGACTGGCGACCCTCCCCTCGACCACCGGCCACAGGTCGGGACGGGCACGACGAGCCAGGAGGGGATAGAGAGTGATCAAGCACACCGAGACACCGCCCAACAGGCTGACAACGCTCCCCAGACCGTAGTACAGGCGGTCGATCAGTTCGGCTTCGGCCGCACTTGGATCACGCAGGATCACCAACAGCGTGAGGAAGAACAACGGGAATACAAGTACCCGTCCATCGCGCAGCAGCCGCTTCGTGTCCAGGCTCACGGTTTCAGTGTAAGCAGGTCAGGTGCCTGACAGCACTCGAATCTGGCAGATACCCCTATTGATGTGCGTCGTCCTCAGCCCTTCCCCGCCAGCTTCTCCACCACGTACGCCTTGAGCCGATCCACGTCGTTCGGGAGCACGTCGAAGTGCTTCTCCAGGCCCTCGATGCCCTCGAAGCGCTCCGGGCGCTTCGGCACGCGGCCCACCGCCTCCTGCACGGTCTCCTCGAATTTGGCGGGCAGGGCGGTCTCCAGGCAGACCATCGGGACGCCGGGGCGCTGGTGTCTCTCACCGATCAACACGCCGTCGGCGGTGTGCGGGTCAATCAGGCGGCCGTACTGCCGATCCACGCGGCGGATCGTGTCCAGGCGGTCGGCGTGCGTGCTGCGCCCGGAGGTCAGGCCGCTGGCCTTCACAGCGTCCCAGTGGGCACTGCCGCGCAGATCGACGGGGCGTCCTTCCCCGACGTCCTGCCACCAGCCATGGGTCTGCGGGGCGTCACTGCCGGTGATCAGGTACAGGTAGCGCTCGAAGTTGCTGGCCTTGCCGATGTCCATGCTGGGGCTGGAGGTCGCCGCGACCCGCTGGGCCGGGCGCACGTGGTACACGCCGGTGCTGAAGAATTCGTTCAGGACGTCGTTCTCGTTCGTGGCGACCAGCAGTTGCCCGATCGGCAGGCCCATGGACTTCGCCAGATACCCGGCGAACACGTTGCCGAAGTTGCCCGACGGCACGCTGAAATCG
CP177252.1_gap53	2415517	2419321	3804	CTTCAGATCCCCATCGAGATGTACTTCGTCTCCAGGTACTCGTCCAGCCCCCAGTGCCCGCCCTCGCGGCCCACGCCGCTGTTCTTCATGCCGCCGAAGGGCATCTGCGGCGCGGCGGCGCTGGGGCCACCGTCGTTGATGCCGACGATGCCATACTCCAGACCCTCGGCCACGCGGAAGGCGCGGGACAGGTTGGTGGTGTAGGCATAGGCCGCCAGACCGTACTCGGAGTTGTTCGCCAGGGCCAGCCCCTCGTCCTCGGTGTCGAACACGACGACGGGGGCGACCGGGCCGAAGGTCTCCTCGCGCAGGATCAGGGAATCGGGATGGACATCGGTCAGGACGGTGGGGTGGAAATACAGCCCTTCCTTGTGCGTGCCGCCCACCGTGGCGGTCGCGCCGCGTGCGATGGCGTCCTCGACCTGCGCCCTGACCTTGTCCAGCCCCGCCTGCTCGACGACCGGACCGACGCCGGTGCCGTCCAGCAGCGGATCGCCCAGCACGAGGTCGCCGGTCAGCTTCGAGAGGATGGCCGTGAACTCGGCCGCAACCTCGCGCTGCACGTAGACACGGTTGGTGCTGATACAGGTCTGGCCGGCGTTGCGGAATTTGCTCGCCATGACTTCCCGCGCGGCCTTCTCCAGGTCGGCGTCGGCGAAGATCAGGAAGGGCGCGTGACCGCCCAGTTCCAGCGAGACGCGCTTGATGGTCTTGGCGGCCTGCGTGTACAGCAGTCGCCCCACGGCTGTGCTGCCGGTGAAGGTCAGCTTGCGCACGCGCTCGTCGTCCATGAAGGGAGCGCTGAAGGCGGGCGCGTCGTTGGTGGGCAGGACTTGCAGGGTGTTGGCGGGGCCGCCCGCCTCCAGCCACAGTTCCGCGAGGTACAGCGCGGTCATGGGGCTCTGCTCGGCGGGCTTGAGGATCATGACGCAACCGGCCGCCAGCGCGGGCGCGGCCTTGCGCGTGATCATCCCGGCCGGGAAGTTCCACGGCGTCACGGCGTACACGATGCCCACGGGCTCGCTGCTGGTAAAGCCGCGCTTGTGGTCGAAGCGGCTGGGCACGCGCTCGCCGCCGATGCGGCTTGCCTCCTCCGCACACCACTCGATGAAGCTGGCGGCGTAGTGCACCTCACCGCGCGTCTCGGTGATCGGCTTGCCCATCTCCAGGGTCATCAGGCGGGCGAGCTGCTCCTTGTGCTCGAACATCAGGTCGTGCCATCTGCGCAGGATCTGGCCGCGCTTGTACGGGTTGACCTTCCGCCACTCCTTCAGGGCGACCTCGGCGGCGTCAATGGCGCGGCGGGCATCGTCAGCGGTGCAGTCGGCCACCGCGCCGATGCTCTGGCCATCACCGGGGTGGATGACCTCGAAGGTCTTCGGCGCGCTGCGCCACTCGCCGTCGAAATAGGCCCGGCTGCGGGTCACGGGATCGTTGAGCAGTGTGGTCATGGAAACCTCCGAGAGGACTGTAGGGGGCGGTCAGATGGGATCGGCCAGCACGCCGGGACGCACCGGGATGTCCGGCCAGTTCGTGGGGTCAGTGTCGAAGAGATCACCGTCGATGACCGTGAGGTCGGCGTACTTTCCGGGTTCCAGGGTGCCGCGCTCATGGTCGTCGCCGTGCGCGACCGCGCCGCCCCGCGTGTATGCCCCAAGGGCCTGCGTGAGCGTGACCGCCTGCCCCGGCACATAGGGTTCGGCCACGCCCGCCGCCAGCCCACACAGGGGCCGCAGCTCGCGCACCACCGGGCCATCGCTGGAAAAGGCCACATCCAGCCCGGCGTCGAACATGGCCCGCAGCGGAAAGACCTGCCCGGCCAGCGCGTCCGGGACGTAGCGGTCGTAGTTGGCCCGCAGTTCGTGCAGGAACACCGGCTGCGGCACCACAATCATGTTCAGGGCACGGGCGAGCGCCAGATGTCGTGCGCCCGGCAGGCCGAAGTGCTCGATGCGGTGGCGCGGCCCGCCAGGATGCTCGTGGAGGAGGCGGGCGTACACGCCCAGCACCTGTTCAAGGGCCACGTCCCCGATCGCGTGGGTGCCGATGCGGAACCCGGCCACGTGCGCCTCGCAGGCCAAGTCGTAGAGGTCAGCGGTGTCGAAGCGCAGAACCCCGCGCGTCCCCGTCTCCCTGAACGGCACGCTGACCGCCGCCGTCGCGCCGCTGAGGCCGCCGTCCGCAAAGAACTTGACCGAGTCGCAGCGCAGCATGGGCGAGACGTGCTTCTCGGGCAGCGGATACGTGGCCGCCCCGCCGTCTGGCCGACGGATGTAGAGAAGATTGACGCGGATGGGCAGGCGTCCGGCAGCGTCCAGCGCGCGGTACGCGGCGTACAGCGGCGGGTCAACCGCCGGATCGGTGGCCGCCGTGAAGCCCAGCGCCTTCAGGTACTCCAGCCCCGCCAGAATCCACGCCTCGAACTGGGCCTGACTCGGCTCGGGCATCGCGGCGTAGACCAGCCCGTACGCGGTCTCGGTCAGGAGGCCGCGTTCGTAGTCGATCTCGCCACCATCGGGGGCAGGCGTGTCGGCCTGGATGCCGGCCCGTTCCAGCGCAGACGTGTTCACGGCATGGATGTGGGCACACGTACGGGTCAGCAGCACTGGACGGCCGGGCGCGAGCCGGTCGAGCAGTGCTCGCGTGGGCGAGCCGCCCAGCCGCGCCTCGTTCCAGCCGCGTCCCCACAGCCATACGCCGTCGGGGAGCTCCGCGTGCCGCTCCTGCACCAGACGGGACAGCTCGTCCAGCGAGGTCGCCTCTCGCAGGTCGAGCAGCGTGGTACGCAGCTGCCCGACCTTCCACACATGCACGTGCGCGTCGGTGAAGCCGGGGAAAGCATGAGCACCGCTCAGATCGACGCGCCGGACGCCGGGGGTCTGGAGGTCGGCCACCGAGCCCGTCGCCACGACGCGCCCACCCTTGACCAGCAGCGCCTCGACCGTCCTCGCGTCGGCCCAGGGATGAATCACACCGCCGTGGTACAGCGTAGTCATGCCACCAGAGGGTTCCTGCTTCATTGCGAGCCCTCTGGGAAAGCGCCAGACGTCTCTCCATTTCGCAGGAGCCCTTTCTCTTCCTTCTCGCCCTGCTTCGCAGCTTTATAAGTCTGCTCGGTGTGCTTCTTCGAATCACCCAGGAATTCCCTGTTGCGCCACACGATGAACACGCCGTAATTGCGGCAGGACTCGTCCTCCAGATAGTCCGGGATGAGGCCCCACACGCCGTACCCACGCCGCAACTGCACGCTGAGCACCGGGTCGGCCAGTTCGCCACGCACGACGGCCATGACGTACTGCTCGATGCTCAGGGTGTCCGCGACCCGGCCGTAACCCTTGGGCATGGCTCCAGCCACGTGCCCGCGCAGGTTCAGGCGGCGGATCAGGTCGTGCCGCGCCCCGTACAGCAGCGTGGCAAGGCCCTGCCCCCGGCACGCCGGATGCACCCCGATATCCGCGCCGTACAGCCACTCGCCGGCCGGATCGTGCGTGGTGAAGAGGTTGTCGCCGGTCTCCTCCAGATACGGGTGGGCGTAGTGCGCGAAGTCCACGTTCATGCGCAGGTCGCTGCTGGAGGCCACGAGGTCGCCGCTCTGCACGTCCAGCACGGCCAGCTGCCCCTCGGGAAAGTGTGCCTGGTGCGACAGGAAGTGGCGCTGCGTGGCGATCTCCTCCTCCGACAAATCCGGGAAGCACGCCCGCTGCACGGCCTCCAGGTCGGGGGCATCGTCGGCGCAGGCCTGAACGACCACGTAGCGGCCGTCCGCCCGAGTGGCGAGCACATCCCGGCCCAGGAAGTTCCGCC
CP177252.1_gap54	2423271	2426579	3308	CACGCCCGCCGCGCCCAGCATCGTCAGCAGGACGTCCATGTCGTCGCCGTCGGCCTCGGCGTGGTTGGTGTAGCAGATGTCGCAGCCCATGGGCAGACCCAGCAGCTTGCCGCAGAAGTGATCCTCTAGCCCCGCCCGGATGATCTGCCGCCCGCCCAGCAGGTACTCCGGGCCGATGAACCCGACCACCGTGTTCACCAGCAGGGGCCGGAACCGCCGCGCCACCGCGTAGGCGCGGGCCTCCAGCGTCCCCTGGTCGACCCCGTGGTGGGCTCCGGCCGACAGCGCACTCCCCTGCCCCGTCTCGAAGTACATGACGTCCTGGCCCACCGTGCCGCGTCCCAGTTCCAGCGCCACCGCGTGCGCCCCCTCCAGCAGCGCCAGATCGATGCCAAAGCCCGCGTTCGCCGCCTGCGTGCCCGCCACGCTCTGAAACACCAGATCGACGGGAGCGCCGCGCCGTATGGCCTCCAGGGTGCTCGTCACATGCGTCAGCACGCAGGTCTGCGTGGGCACGCCCGTCCGCTGCCGGAACTCGTCGAGCAGGTGCAGCAGCGTCACCGTGCTGTCCACACTGTCCAGCGCGGGATTGATGCCGATCACGGCGTCCCCGGCTCCGTAGCTCAGGCCGTCCAGCGTGCTGGCCAGGATGCCGCGTGGATCGTCGGTCGGGTGGTTGGGCTGCAGCCGCGTGCTGAAGGTGCCGCGCCCCCCGATGGTGGTGCGGAAGCGCGTGACCACCTCGATCTTCGACGCCACCAGCACCAGATCCTGACTGCGCATGAGCTTGGCGACCGCCGCGGCCATCTCCGGCGTGAGGCCGGGGGCCAGGGCCGCCAGGCTCTCTCTGGTCGCCCCGTCCCCTAGCAGCCAGTCGCGGAATTCGCCCACGCTGAGGCCAGCCACGGGCGCGAATGCCGCCGCGTCGTGCGTGTCCACGATCAGGCGGGTGACCTCGTCGTCCTCGTAGGGAATCAGGGGCTCATCGAGAAAGACCCGCAGTGGCAGGTCGGCCAGCACGGCGCGGGCTGCCTCGCGCTCGGTGGCGGACGTGGCAGCCACGCCGGCCAGCTCGTCGCCAGACTTCTGCGGACTGGCCCGGCCCAGCAGGGTCTTCAGATCAGGAAACGAGAAGTGCGTGTGCCCCAGCGTGACGTGGTACATGGCTGCTCCTGGGAGGATGGGGGCGAGAGGATGGACGGTCATCTTCATCATCCGACAAGTGGGAGCCGCCCCCTCAGCCCGTCAGCGCGTCCAGTTGCAGGGCCAGCCACCACAGGGCGCGGGTGTCCGGCTGTCCCAGGGGCCGCCCGGTCAGGGCCTCGATCCGCTCCATGCGGTAGCGCAGCGTGTTGGCATGAATGCCCAGCCGGGCGGCGGTCTCGACCTGCGAGAACCCCGTCTCGGCCAGGGTGCGGATGGTGGCGACCAGACCGTCCGCGCCCCGGACACCGCGCAGTGGCCCCAGCAGGCTGCCCGTCAGGTCGGTCTGCGCGTTCCGGTCGCCGCTCAGGGCACGGGGCACGAGCACCTCGGCGTAGGAGCGGAGCATCCCTGGGCGGGCGTGCGCGGCCAGCGACAGGGCCTCGGCACGGCCCTGGGCCAGGGCGTCGGCCCCGGCGCGGGTGCGGGAGTACACCATGCCGCCGGGGGCGGTGGCCGACTCCTGCCAGCCCAGACGGGCCCACAGGCGCGCGGCGGGCACCGACGCGGGCAGCAGGAACCACACGGTGTTGAGGTTCACGCTGACCAGCGGCGACGCTCCCAGCGACGACAGCACACCTCGCAGTTCCTGGGCGGCCCGCTCGCGCCCGGCGAAGCCCTCCGGGGTCAGGGGCAGGGCGTCACGCAGCACCAGCATCCCCACGGCGTAGTCGCCGTCCGGGTCGAAGCCCAGCCGGGCGGCGCGTTCCTGCGCGGTCGGGTCACCGGTGAAGCGGCCCTCCAGCAGGGTGTCCACGAAGGCGTAGCCCAGTCTGGCCTCGCGCACCTCGGCGTCGCGCTGGGCCAGGAGCAGCAGGCCCACGACAGTCGCGGCGTGTTCGGCGGCCCGGACGGCCAGGTCGTCGGGGGCACCGTCCGGCCGGGAGCCGTCCCCGCCCGCCACCCACACGCCGCCCTCGCGGGTGCCGCGCAGCACGACGGGCACCAGCGTGCCGCCCCCCACGGCGCGGGGGCCGGTGCCGGGGCGGGCCAGCGCGGCCAGAAGCTCGCCGGCATCCGGGGCGGGGCCGGGCGTGAGCGGCGTGCCGGCAGCCGAGCACACCACGGCCGCGCGGCCCAGGCCGTCGGCCAGGGTCTGCGCCACATCCGCGACGCTGCCGCCCAGTGCGGCGCGGGTCAGGGCACGGTGGATACGCTCGCTGCGGCGCAGCACGTCGGCCTGCTCGCGCAGGATGTGGCCGTGAACCTCCTGCACGACCTGCGCGAAGGGCACATCGTAGGGCAGTTCCAGTGTGGGAATGCCGCGTGCGGCGAGCGGGGCGGCGACCTCGGGCGGGAAGGCGTCGAAGAAATGTGGCACGGCCAGCACCACGGCGGCCGGGTCACACGTCGCGAGGTCTTGGCCGAAGGCGGCAAGTGCCGCCCCGGTACGCGGCCACGACAGCCCGGTGGTGAGCAGGAAGGTACCGGGCGTGACCCAGCGGGGCGTCTCGGGCACATCGACCACATGGGCCAGCCTCACCTCGCGCTGCATGTCGCCAGCCCCCACCGCACGCGCACCGGCCAGCGAGGGCAGCGTCAGGGCGTCATGGACTCGCATCGGTTCCCCGGCGTGCTGGCGTCATGCCCCAGCTTAGGCCACGGCATGGTGAATGGTCTCCAGTGCCCCGAGCCGGCCATTGGAGATTCGCCACAAGGCGCGGCTGGCACCGGCCCTTTAGGCTTCATGAAGTCCCCCTGTTCCCCGTGTGCCGCCGCTCCCCCCGCGAGGTTCCTATGACCGTATCGAGTGCCCCCGTGAGCGCCGCACCCGCCCCCTCCAAGCTGGGCCTGTGGGGCGTGGTCATGGTCATCTATTTCGCCGTGGCCGGCGGCGCCTTCGGGATCGAGGGCCTGATCGGGTCGTCTGCGCCAGGTATGGCCCTGGTGCTCACGCTGGTCACGCCACTCATCTGGAGCATTCCCACCGTGCTGATGGTCACGGAACTGTCCACCGCCATGCCGGTCGAGGGCGGGTATTACGTGTGGGTCAAGCGTGGCCTGGGCCGCTTCTGGGGCTTCTGCCAGGGCTGGACGGCATGGCTGTACGGCGTGGTGATCGCGGCCTCGTTCGCCGCCCTGTTCCGCGACTACACGAGTTCGTT
CP177252.1_gap55	2461259	2463695	2436	GTCCGGCACGCTCGCGGGTGCGGGCGAGCAGGTCGGCGAGCGGCAGGCCACGAACCACGGCCGCGTCCAGCACCTGCACCTCGGCGGGGAAGGTGGCGGCCGCGGCGCTGCCCACGGCGGCGTACTGGCGGCGGATGAGCTCCCCGGCCTTGAACGACCACGGCAGGATCTCCGCATCGAGCACCACCCAGTCCGTGGCGAGCTCGTCCCACAGCCCGCCGGCCTCCAGGGCCGCCCCCACGCGGCGGATGACCTCGGCCTCCAGCGCCGGTTCCTCGAAGAACGCGCGGCCCGAGCGGGTGTACACCACGCCGGCGCGGCCGTCACGCGTCCCGAAGCGCGCCTGTGCCGCGTGGGCGCTGCGGGCGACGACAAGCGTGGCGCGGGAGCCCATGTGCTTCTCCTCGCACACGACCTGCGTGACGCCGGCGCAGCGATAGTGGTCGAGGGCCTCCGTGGGGTACTCCAGGACGCCGTCCCTCGTGCTGGTCTCGGATGGGCTCATGGTGGGCGGCAGGTACACCAGCCAGCGCGGATCGACGGCGAAGCGGCTCAGGGTCTCGAGCGCCGCGGCCGCCTCCTCTTCACGGACGGTGACGCGGCCACGCAGGCCCGTCTCGATCAAGCGCTTCCCGGTCACGTCGGCGAGGTCGAGCAGTTCGTCGTTCTCCTGCTGCGGCGTCACGTCCGGCGTGGCCGGCACCAGCGGCCGGATGGGCTCGGCATACACCGCACGCGCCGGGACGCTGACGAGCTCGAGTTCCGGGTAGCGCAGGGCCGTGAGCGCGCCGCCGAACACGCAGCCCGTGTCGATGTCGATGGTGCGGTTGAGCCACTGCGCCTCGGGCACCGGCGTGTGGCCGTACACGACTCTGGCGTCGCCGCGGTACTCGGCCGCCCAGTTCCAGCGGACGGGCAGGCCGAACTCGTCGGTCTCCCCCGTCGTCTCGCCGTACAGCGCGAAGTCCCGCACCCGGCCCGACGCGCGGCCCTGGTAGGCGGCCTTCAGGCCGGCGTGGGCGACGACCAGGTGTCCGCCGTCGAGCACGTAGTGGCTGACCAGTCCCTCGATGAAGGCCATAACGTCCCGCCGGAACTCGGGAAGCTGTCCGGCCAGCTGCTCCAGCGACCGGTCGAGACCGTGCGCCACCGTGACCTTCTTCCCCTGCAGGGCACGCAGCAGTTTCACGTCGTGGTTGCCCGGCACGCACAGGGCCGTGCCCGCGCGCACCATGCCCATCACGAGGCGCAGCACGCCGGGCGTGTCCGGCCCGCGGTCGACGAGGTCGCCCACGAACACCGCCGTGCGGCCGGGCGGCGGCGTGACGGTCGAATCATCGTGAACCACATAGCCGAGCGCGCCGAGCAGATCGCGCAGCTCGTCCGCGCAGCCGTGGACGTCCCCGATCACGTCGAAGGGGCCAGTGAGGTCGCGCCGGTCGTTGTACAGCCGCTCGCGCTGCACCTCCGCCGCCGCGACCTCCACCTCGGAGCGCAATACGGTCACCTGGCGGAAGCCCTCGCCGGCCAGGCCACGCAGAGAGCGGCGCAACGACCGCACCTGCTGTGCGATCACGCGATCCGGGAAGGTGCGATCTGTGCGGGCATGGTGCCGCGCGATCAGGACGTCCTCGGGCAGGTCGAGCACCAGCGCGACCGGCAGCACGTCGAACTCCCGGGCGAGCTCCACGATGGCCCGCCGCGCGTCCACCTGCACGTTCGTCGCGTCGATCACCGTGAGCAGGCCGCGGGCCAGCCGCTTGCGGGCCACGTGGTACAGCGCATCGAAGGCGTCGGCGGTGGCGTCCTGCGCGTTCTCGTCGTTCGCGACGAGCTGCCGGAAGGCGTCGCTGGACAGCACCTCCCCGGGTCGGAACAGCGTGCGGGCCAGCGTGGTCTTCCCGGAACCCGACGCGCCCACCAGCGCGACGAGGCACAGCTGCGGCACGCGGATCATGCGTGCTCCAGCAGGGCGGCGGCGTCGAGGAAGAGCGCGGCGTCGGCTGCGTCCGGATCGCGCTCGAACTGCCCGAACAGAGCCCCGAAGGGCGCGCCGCTCCCCAGCCACGCGGCCACGACCTCACTCGCGCCGGGCGGAACCCACACGTCCCACTTCTTGCCCAGGGCGACCTGCATGCTGTGCGCCTGCACGAAGGTCGCGAGGTGCGCGAGGGCCGTCCGGCCACCCTCCAACCAGGTGGCCAGGATCCGCGCGTGCTCTCCTGTAGGCAGGACGTCGAACAGCGTGGCGAGCACCTCGTCCACGTCATCGACTGGAGTGGCCTCCGTCAGCGTGCCGTGCCACCACGCGTCCAGATAGGCGAGGATCGCAGCCCCCTGCGCGGGCGTCCACGCGGTTGCCCAGGGCACGTACTTCAGCGTCCGGATCACGAACGGCCGATCGGGATACTCGAAGGCGTCGGTGACGGCAAGCTG
CP177252.1_gap56	2466852	2471252	4400	CCGGCCAACCTGCCCCTTCCTCCCCCGGCCTCACCTCCTGCTCAGCCTGGGGCAGACGGGGCGCGTCCAGCAGACGCAGCGGCGCCAGACCGTCCTGGCCCTGCGACGGCCCCCACCGTCGCGCCGCGCCTCTCACTCCCCCAGCCGCACCTGACTCGACCACCAGCTCCTGCCCCTCCACTCCAGTTCCCGGCCCTGCCGGGCCAGAAGGCCGCAAGGCCGTTGACCCCGGTGATCGCTCAACCCACAGCGCACCGGAGTCGGCCCGTCTCCAACCCACTGGCTCCGGCCGAGCCGCCACGGCAGTCCCCCCTGGTCGGCCACCTCAGTCAGCCGCCCGTTCCCGTGGAACCAGTTCAGCAGATGCCGGCGATCACGCCAGCGGCGCTGCCGCCCGTTGTGGCACCCGCGCCGCCAGTGCCCGCCCCGGTTCCCAGCGTGGTCGCGCCGCCCCTGCCACAGCCGAGCACCAAGTCTGTCCGGCCCCCTGCGCCAGACGGGCCGCCGCATCCCCTGCCTCCGACGCCGCGCATCCGGGTGCCCATGCCGGGTGCCCTGGTCCCGGACGGTTCCCCTGGCCCACGTGAAGGGGTCACCCCGGAGCGCCTGACCCAGCGCGAACGGGCACGCCGTGAAGCCGTCCGCATCGTCGACCGGTACGGCTGGGCACGCGGCTTCGTACAGCTGGCAGATCACCTTGACCGCGCCAACTGGGGACAGCTCCGCACCAGGATCGAGGCGGAAATCCAGGCGGGCATGACACCCGAGGAGTTCGAGCTGGTGCTCCTGATGCGCGCCTACTGGCACGACCAGACCCACTTCCAGGCGGCGCATACCGCCCGCTACGACAGCATGCCGTGGAGCCTGGCCCTGCGGCTAATCCGTCAGTCGGCTGGCGTGCCCTGCATCGACGAGATGACCATGCTGATCGAGCGGTTCTATGACTACGCCTGCCACACGCCGTACCGAAACATGCCGGCCTTCGCCCAGCGGCTGGGGGCCATCCTGGAGACCGCCGATCCAGACGTTGACCTGGACTACTGGCTGGGCGCGCAGGAGGCGCGGTGCTACTCCCGGTAACTGGCGCGTTCGTCGTTCATGTCCGGGACGGTCAGGCCGGAGTCGTGACGGGGCACCACGACAGCCGACTGACCGTCACGTGGACAGATCAGCGCTCCACCCGCACCGCCCGCCAGGATGTCCGCTGCGGCCTGCAGGTCGGGCAGACCGTGCAGGACGTCCCGCGTACCCTGCGGCCGTCCCTCGGTGAGGGTCAGGTGCTGGAGCTGCGCGACCTGGGAGGCCGGGAGCAGGTTCTGGTGGACTTCTGGGAAGCGGCCGAGCGGCAATGGCTGCCCTGGGAGAACCTCCGGCCGGTCTGGAGCGCGCAGGCGATGTTCCAGCATGGCGTGTGCCCCCCAGACGGCTACGCCGAGCGCTTCCGGCTTCGCCAGCTGGCCCTCGCCCTGCAGCACTGGCACCGCACGACCGGGGCGCTCGCCCAGGTGGATGTCGATCCGCTCCCGCACCAGATCCACCTGGTGCACCGCATCCTGTCGAGCGGCAACCTGAACTGGCTGATCGCCGACGACGTCGGGCTCGGAAAGACCATCGAGGTGGGCCTGCTACTCACGGCGCTGCGGCAGCGCGGCCTGCGGCGCTTCCTGATGGTGGTGCCGGCCGGACTGACGCGGCAGTGGCAGACCGAGTTGCGGGAGCGCTTCGGCATCCGCGAGGCCGTAATCTACGGACGCGACTTCGACATCAGCGACCCCGCGCAGTGGCCGCTCTACACCGTCGTTATCGGCTCGATGGACCGCTTCAAGCACGAGCGGCACCTGGAGATCCTGCGCGAGTCCGGGCGCTGGGACATGGTCGTGTTCGACGAGGCGCACCGGCTCTCGCGCAGCCTGTACGGCCTGTCCTACACCACGTCCGAGCGCTACCACCTGGCGGCCACGCTGCGGAGCATGACCGAGAACGTGCTGCTGCTCAGCGGCACGCCGCACCAGGGCCGGCTCGACCGCTTCGAGGCGCTGCTCGAACTGCTGCGTCCCGGGCCAGAATGGCGCGAGCGGATCCAGCAGCTCCGCATGGAACCGCAGATGCTCTCCGGCATGGTCATCCGCAACCGCAAGGCGGACGTGACCGACGCGCAGGGCACCTTCATCTTCAAGGGGAAGGTCACGCGCTCCGTCTCGGCCCCACAGGGGCCGGAGGAGGCCGCGTTCGACCGGGCCCTGCGGCGCTACCTGCGCAGCGGCTATGACGCCAGCAAGCGGGGCGGCAAGGGCAACCTCGCCATCGGCTTCGTGATGACCATCTACCGCAAGCTCGCCGCGTCGAGCGTCGCGGCCATCCAGAAGGCGCTCGAACGCCGACTCCAGCGGCTGCGCAACGAGCTGGCCGAGACCCTGTTGAGTGAGGACACCGCCGACCAGGATCTCTTCGTCGAGGACGAGGAGACCGTGACCGGCGGCGCCACGGAGTTCTTCGGTGGAGAGACCGAGATGCTGCAGGGCCTGATCGAACTCGCCACGCAGCTGCGCCGCAACGACACCAAGGTGCGGGCCTTTATCGGCACCCTGGTGACTGCCATCCTGCAGCTCAATCCGGACGAGCGGGTGCTGATCTTCACGGAGTACCGCAGCACGCAGGACTACCTCGTGGAGGCGCTGCAGCACCTCGCCCCCGACCGGGTGGACGTCATCAACGGCAGCCAGACGCTCGAGCAGCGCACCGCAGCCATTGACCACTTCGAGGGTACCGGGCAGTTCCTCGTCTCCACGGAGGCCGGCGGGGAGGGATTCAACCTGCAGCGACGCTGTCACATCCTGGTGAACTACGACCTGCCGTGGAACCCGATGCGCCTGGTGCAGCGGGTCGGGCGGCTCTACCGGTATGGGCAACAGCTCCCGGTGGTCGTGTTCAACCTGAATGTGCAGGGCAGCCTCGACGACGAGATCCTCAGCCAGATGTACGGCCGCCTCGAGGCCGTCGCGGCCGTGATGGCCGACGTCAGCGAGGAGTACCGTGAGGGGCTGCAGGAGGACATCGTCGGCGAGCTCGCCGGCTTCCTGGACGTCGAGCAGATCCTGGCTGAAGCGCAGGCCCACACGCCTCAGCGCACCGAGGCGCGCATCGAGGAGGCGCTCAGGCGGGCCCGGGAGGCTGCCGAGCAGCAGAACGACTTCCTGCGGCACTCCAGCGGCTTTGACCCGGGTGCCCTGCGCGGGGAGCTTCCCGTCGGCGAACAGCACCTCGAGGCGTTCGTGGAGGGCATGTTCGCGCAGCTCGGCGTCACCATCAGCAGCCGGCTGTACCAGGGCCGCGTGTGGGACATCAAGCTCAGCCAGGCGCTGCAGGATCAGCTGCGCCTGAACCAGAACCAGCGCGTCACCTTCGACCGCCCGCTGGCGCGCAGCGCGCGAGCGCTCCTCCTCGACGGCAACTCGAAGCTGCTCATGGCCCTCTTCGAGGAGGCAGGGGCCTACGAGTTTGGTGGTCAGGTGGCCCGCACCGATCTGCCCGGATCGCAGGTGCTGTGCAGCATGCTCCGCTGGCAGGACGACCGGGGCCGGCCGCTCCGTGACCGTTATCTCGCCCTGCTGCGCCGGGATAGCGGGGTCGAGTCCAATCCCGAGGAGTTTGGCGCATGGCTGCTCAGCCCCGCGACCGATCAGCCGGGTGCCCCGTCGCCCGATGAAGCGGCCTGGCCGGCCTTCGAGGCCACATTGCACGACCTGCTCGGCGTCGGCGCGTCGGATGAACTTCACCCGGCAGGGTTCTCGGTGACCGGCGTTGGCTCTGGTGGCCGGGGCAGCCACTGAACGGAGAGACTTCTCCCATACAGCAGAGCGTGCCTGTGGTTCTGGGAGCCACCGTGCCCGGGCAGGCAGCACACGGCTGAGCCATCTGCCCTAGGCCAGGCGGCGCTGTGTGCGCCGCGCCGCAGCCCGTAGCCTCGATCCCGTGTGCATCCAAGCCGCTCCCTCCACATCTTCCACGGTGAGTCCGCGTGGGGCATAGAGCAGTGCCGGAAGTGGGATCGTTCCTCCACGAACTCCAGCGGCAACAGGCCCTGGGCCGCGCCACGACGCAGGTCGAGGTGGCCCCTGAGCCCCGCGCTGGCCTCCTCCACGCCGCACGCCTCCGGGCCGCTCCGTTCCAGGTGCACGTCCAGTTCGGGGCCTCGGCGTGGACGCCGTGGATGCTGGTGGAGCCCGGCGACCTCGACACCGCATTGCGCGTGCTGCACGCCGATCTGCTCGGCGACGTCAAGCACCTGCTAGAGGCGCTGCGTCCACTGGAACACGCCGATCCGGAGCAGCGACCGCCCCGCGCCGTGCAGCGCATCCTGCAACGCCTGCTCGGGCTGCGCAGCCTGCTGGAACTCGCCG
CP177252.1_gap57	2560433	2562077	1644	GCCCGTGAAGACCTGTGGACGGTCGCCACCCAGGAACTCGGCATGCACGAGGGCTTCGACGTGGGCCTGGAGATGAGCGGGAACGGCCAGGCCTTCGCGCAGATGGTGTCGGTCATGAACAATGGCGGCAAGGTCGCGCTGCTGGGTATCCCCGCCGGCCGCGTGGACATCGACTGGAACGCCGTGATCTTCAAGATGCTGACGATCAAGGGCATCTACGGCCGCGAGATGTTCGAGACGTGGTACAAGATGGCCGCCCTGATCCAGTCGGGGCTTGACCTGAAGCCCATCATCACGCACCACTACGGGATTGCCGACTTCCAGAAGGGCTTCGACGACATGCTGGGCGGCCAGAGCGGCAAGGTCATCCTGAACTGGGAGGAGTAGGCCAGGTGGCGCGTGTGCCCCGGACACGGCGTCCTCTACGATGACTCTATGAGCTTCACCGCACAGACGCAGTGGTGGCCCGGCCCGTCCGGGAGCCCCTGTCCTGTGCCCTGAATTCCGACCCACGAATTCCGCCCAGACCGCGCCCGGAGAGCATCCAGGCGCGGCTTTTTCCTGTTCTCCGGAGGCCACCATGACGACTGCCGACCTGCCCGCCCCCGCCCGCGCCTCCTGACTGGCGACCGCCCGACCGCGCCGCTTCACATCGGCCACTACGTGGGCTCGCTCCGCACCCGCGTGGCCCTGCAACGCGAGTACGAGACCTTCGTGCTGATCGCAGACGTGCAGGCGCTCACCGACAACTTCGAGCACCCGCGCAAAGTCCGGGACAACGTGCTGGAGGTCATGCTGGACTACCTCGCGGTGGGCCTCGACCCGGCCCACGTGAGCTTCGTGCTGCAGTCCCAGGTGCCTGAACTGGCCGAGCTGACGATGTACTTCCTGAATTTGGTCACGGTGTCGCACCTGCGGCAGAACCCCACAGTCAAGACCGAGATCGCGCAGAAGGGCTACGGCGAGGCCGTCCCAGCCGGGTTCTTCGTGTATCCGGTGTCTCAGGCGGCGGACATCACGGCCTTCGGGGCCACCCTCGTTCCGGTCGGGGACGACCAGTTACCCATGATCGAGCAGACGCACGAGATCGTGCGCCGCTTCGGCCACCTCTACACCCCGGTGCTGACCGAGCCGCAGGCGCTGGTGGGCCGCGTGCCGCGCCTGCCGGGGCTGGATGGCCGCGCCAAGATGAGCAAGTCGCTGGGCAACGCCATCTTCCTGTCGGACAGCGACGACGAGGTGAAGCGCAAGGTCATGAGCATGTACACCGACCCCGCGCACCGGCGGGCCGCCGACCCCGGCACCGTCGAGGGCAACCCGGTCTTCGCGTATCTGGACGCCTTCGACCCGGACACGGCGCGAGTTCAGGCCCTGAAGGAGCACTACAGCCAGGGCGGCCTGGGCGACATGACCGTGAAACGTCATCTGGTGCACGTGCTGGAGGCGGTGCTCGCTCCGATCCGCGAGCGGCGGGCGGACTATGCGGCCGATCCGGATGGCGTGCGGACGACCTTGCGGGCGGGCACGCGGCGGGGGCGGGAGGTGGCGGCCCAGACCATGCACACGGTACGTGAGGCGATGAGCCTGACCATGCTGTAGATCCCAGGGTGTGGCCCTGGAATGCGGGGAGGTGACCCGGATCAC
CP177252.1_gap58	2650773	2652166	1393	AGCTATGCCGTCCGTGACCTGAACCTCGTCTTTCCCGACGGACAGCTCACCGCGCTGCTGGGGCCGTCCGGCTGCGGCAAGACCACGACGCTGCGCATGATCAACCGCCTGATCGAACCGAGTGGGGGGCGCGTGCTGCTCCAGGGCCAGGACACCCGTGACCTGCCCCCGGAAGCGCTCCGGCGCGGCATCGGCTATGTCATCCAGCAGATCGGGCTATTCCCTCACCTGAACGTCGCGCAGAACGTCGCCACGGTGCCGGATCTGTTGGGCCGCGATCGCCGCCAGACCGCCGCCCGCGTGGACGAGCTGCTGGCGCTGGTGGGCCTCGACCCGGACACCTTCCGGAAAAAGAAGCCGGCCGAACTGTCCGGTGGGCAGGCGCAGCGCGTGGGGGTTGCGCGTGCTCTGGCCGCCGATCCGCCGGTGCTGCTGATGGACGAGCCTTTCGGGGCGCTCGATCCGCTGGCCCGCGATGCACTGCAAGACGCCTTCCGCAAGATCCAGCAGCGACTGCGCAAAACAGTCGTGATGGTCACCCACGACATCGACGAGGCGCTGCGGCTGGGCGACCGGGTCGCGCTGATGAACGGTGGGCAACTGGAGCAGGTGGGCACGCCGGACGACCTGATCCACCGCCCGGTCAGCGCATTCGTGCGGCAGTTCCTGGGAGAGGATGCGACCCTGCGGCAGCTCGCGGGTCGCCGGGTCGCAGAGTTCATGGTGCCCGGCCCCGCCGCCGGCAGCCTGCCCACCGTAGACGAGGGTCTGAACGCCCGCAGCGCCCTGAGCATCATGCTGCGCGATGGCACCGACACTCTGGGCGTCACGCGGCAGGGCGAACTGATCGGCACCGTCCGGTGGGAGGCGCTGCGTACACCGGGCACGGGCGGGGCATGACCTCACGCCGACCCTGGTGGCCGTTGCTGTGGCCGGTCGCGCTGCTGATCTGCGTGCTCCCTGGTGTGCTCGGCACGCTCCTGGGGCCGCTCAACCTGGGTGAGGTGCCCGCTACCTTCGATCCGCCCCTGTGGCGGCTGACCCTCACGCACCTTGGGCTGGTGCTGCTCTCGACGGTAATCGTGGTGGCGGTGGGCGTGCCGGTCGCGGTGGCCGTCACCCGGCCTCAGCGCGAGGCGCTGCGTGGCCTGGCCGAGACGCTGGTCGGCCTGGGCCAGACCGTCCCCACCTTCGCGATCCTGGCCCTGGCCGTACCCGCCCTGGGCTTTGGATGGAAGCCCACCCTGCTGGGACTGATCGTCTATGGCCTGGTGCCGGTGGTCAGCAACGCTGTCGCGGGCCTGCTGGCTGTCGATACTGGTGTGCTGGACGCCGCACGCGGCATGGGCATGACCCGGGCGCAGCGGCTGTGGCGGGTCGAGCTGCCCCTGGC
CP177252.1_gap59	2658444	2659607	1163	AGCTGCGACAGGGCCTGCTGGAGGCCGCGCTCGCGCACCAGGCTGGTGTAGTACGAGTTGATGCCGTTCGGCCCGAGCTGCTTCTGGAGCGCCTGGGGCGTCAGGCCGTTCGCCTGGGCCAGCATGGTCATGGTCTGGTTGAACTCGGCGTCGCTGACCTGAACCTTCAGGTCTTCCGCGAGCTGCTCCAGGGCCAGGTCGCGCTTCACGCGGGACTCGGCGTTCTTGGAGAGGTCGGCCATGAAGTCGTCGAGCTTGTTCTGCTCCTTCATGAAGGCCTCGTACTCGCCCCACTTGACACCCTGGCGGCCCAGGTCATCCTGGATCTCTTCCAGCATCGCCTCGCGGCGGCGGTCGAGCAGCGCCTGCGGGATCGTGACCTGCATGCCCTCGACGAGGTGGGTGATGAACTCCTCGCGGCGAGCGCTGTCGCCTTCCTGGGTGGCGCGGCGCAGCAGCTCGTCTTTCAGATCCGTGCGCAGGCGCTCCATGGACTCGAAGTTCAGCGTCTTGGCGAAGTCGTCCCCGAGTTCCTGAAGCTGCTTGGTCTTCACGTCGAGCACGGTCACCGTCACCGTGTGCGCCGGGTGCTCGTGATCGCCGTGCTGATGTGCTGGCACGGTGATCTCCACGGTGTCGCCCTTGCTCTTGCCCAGCAGCGCCTCGCGGACGTGTTCCTCGGCCACGTCGAGGTACACGGGGTACGTGCCGCCGTCCTCGCCCTGCTCCTCAATGGTGACCTGATCCGACGCTTCAATGGGCCGGTCGACGCTGTCGAAGGTGGCGTTGCGCTCCTGCAGGTCGCTCAGGGTACGCTCCAGCACCTCATCGGTGATCTCGGGCGAGGTGGAGGTCAGTTCGGCCCCCTTCCAGTCGCCGAGTTTCACTTCCGGGTAGGTCTCGCCGGTCACCTTGAACTCGAAGGCCTGACCGCTCGCCAGGGGCTGCGGATCGATGGTGGCATCCACCAGGCTGAGCTTCAGTTCACGGGCTGCCTGCGTGTAGTGGGTCTGGAGCAGACGGTCGCGGACTTCCTGCTCGACGTAGCCCTTCCCAACGCGGCTCTCGATGACCTTGCGGGGTGCCTTGCCGGGGCGGAAGCCGGGGACGCGCACGTCGCGCGAGAGACCTGCCCACACCTGATCGTAGGCACGATTCACCTC
CP177252.1_gap60	2827378	2830620	3242	GGACCGGGCGCTACGTGACCATGCGCTACTCGCTGGATCACTCGCTGAACCTGCCCACCGTGCGGATCGGGCAGGAACTGGGCGTGCCGAACTTCGAGGCCAAGCTGCGCGAGCTGGGCCTGACCCCCCCGGCCGAGGGCGGGCTGTCGCTCACCATCGGGACGCTGGAGGCCAGCCCGCTCCAGATGGCGTCGGCGTATGCAGCGTTCGCCAACGGTGGGCTGTACTACGCGCCCAGTGTGGTGCGGCGGGTCGAGGACGGGCGTGGGCAGGTGCTGTACGCCCGCCCCGCGCCCACGCCGAAGCGCGTATGGGACGCCCAGACCGCGTGGCTGGGCCTGGACATGCTGCGCGGCGTCGTGAACGACCTGAGCGAGTCGCAGGGCGGGCTCGCCACCCGCGCACAGATCCCCGGCTGGCCGGTCGGCGGCAAGACCGGCACGACCAACGACATCAAGGATCTGTGGTTCGCCGGGGTCACGCCGACCGTCGCCGGCGCGGTGTGGGTGGGCAAGCAGGCGGGCGGGGCGCTGCCCTCGTGGGCCTACAGCGGCGAGGTTCCCACCCCCGTGTGGCAGCAGGCGGTCGCGGGGGCGGTGCAGGGCCAGAGCGCCACGGCCTTTCAGGAACCGGCCGGGATCACGTACCGCGTGGTGCGGCAGGTCGAGATGGCCTTCCGCGAGACCGAGGCGGATCAGGATCCGGTCGCGCGGGACGGCAGCGGCCGGGGGGGCGGCTTCTTCACGCGCCGCCGCACGCCCGTGCCGGCCCCCACCCCAGAACCCGCGCCCGAGCCGGTACAGGAGTCGGTCACCCCGGAACCGGAACCGGTGACGCCCGATCCGGCGATCATCGTGCCGGAGGAGGCCCCGACCGTCGATCCCGTGCCCGAACCCGGTCTGATCGACACCGCCCCCCCGGCCGACCAGATCGTGCCCGACGACAGCAGCGCGGGGACGGACGGGGCTGGCCTGGTCGACGCCGCGCCGCCCGAGGCGCTGCCCGACGATCCTGCACCGATTCAGCCAGACGGTGGAGACACCGGCACGGTTCCTGATGCGGGCGAGGTCGCCGACCCCCTGCAAGATCCCCTGCCGCCTGAAGCGCTGCCGCCCGCCGATCCGGCGGCCCAGCCGGACAACGAGATCCCGCCGCTGAACTGAACGCGGTTTCTGTCAGAGCGGCCGCGAATCCTGCGGTGGCCCCTGAGCGGCCACACGACGTGGCTCCCCCAGACGGGGGAGCCACGTCGTATAGAGGCAGACAGAGAACCGTGCTGCCGCAACTGACCGGGTGACGGCACATGCCCGCACGGCGGCACGTTTTTCTCATCCTGGCAGTTCTGTGGTTGCAGGCCCGGATCGACCGAGACCCTTCAATATGGAGCTAAATGGCGTCTTACAGCGGAAATAAATGCACCTGGCCGCCACGGCATGTAAGCAGGCGGTAAGAACCACTTGATTAAGCTGCCTTCATGTTCCGGAGTTTTCCCGGAGCTGACCTGCCGAACGTCGTCCCTATCGTCGCCCACCTCGAAGGAGATCGCCATGAAACCCCTTACTCCTGTGCTGCTGACCATTCTCGGTACCGGAACGGTACTGGCCCAGGCGGCCAGCCCGATCGCCCTGAACCTCACGCTGTTCGCCGTGAAGAGTGTGACCGTCGACGGCAAGGTGACCGAGCGCCTCACGGCCAATCCCGGCAACGTCCTGCCGGGTGATCTGCTGAGCCAGCAGGTCACGGTACGCAACACGGGCACCAAGGGCGTCACGAACATCCCGGTGACACTGCCCGTGCCTAAGAACACCGTGTACGTGGCACCCGAGGCGAGTATGGCAGTGACCCGGACGGAGTACTCCATCGATGGTGGAAAGACCTTTGCTGCTGCGCCGCTGAAGAAGACGGTGACGGTCACCGAGAACGGCAGGAGTGTGACAAGGGAAGTGGAGGTCAAACCCAATGAGTACACGGCGGTGCGCTGGTTCGTGACTGAACTGGGTGCCGGGCAGTCCGTGAAGCTCGGATACCGAATCCAGGTGAAGTAAGCGCAGCGCGCCCGCAGCGCAACCTTCCGTCTTCCCGCCCCCCGGCGGGGAGGCCCTCCTTACACCCCATTCGCTCCACGCTCTGGAGGACATTCATGCAGAAAGCCCCGCACATCCTCGTTCTGATGGTCGCCCTGGCGGCCGGCGCAGCCAGCGCCGAGGGCACCCTCGCCGGCACCACGATCACCAACACCGCCAGCGCCGAGTACCCGGATCCCACCAACACGGCCTCGACCGTGAGCACTCCGTCGAACACAGTGTCCACGGTCGTGCTGCCCAAGCCCGGCTTCGATGTGGCGTTCACGGCCGGCACCACCGACGGTGGCACCCAGAACGCACTGGGCACGACCACGGTCGTCACGACCGGAGCGGTGCCGGGGCAGCAGATCTCCACGCCGTACTCGCTGGTCAACAACGGCAACGTCGCGCTGACCATCAACCTCAGCGCCGACCAAACTGGCAGCGACCCCGGCGCGACCGTGAAGTACTACCTGGCCAACCCCGACGGCAGCCGTGGCGCAGAGATCACCACCGGCACCGTGACTGTGAACCCGGAGCGCCTGGACGATCCCCTCACCATCGGCGTGGATGAGGCCTTCGACGGCATCGTGAAGATCATCCAGGTGGTCACCCTGCCGACCGACCCGGCACAGATCGATTCCACCAAGGTCTTCGGGGCATCTCCGGTCGGCACCGTCACCGGTACGCAGGGTGCCGACCCGCTGACCACGCCCGGCAACGGTTACGCCAGCGGCGCGACTGCCACCGAAGAGGACAAGCCGGCCAGCACCGACCTGCAGTTCACGCGCGTCACGGTCTACGCCCCGGTGCTCGACAACAACCCCAACGGCACCGTCACGACGCCCGTGGACTCGGCCGGCAACCCCATCACCAATCTGGCAGTGATCCCGACGGTCGCGCCGGTGCTGGTGCCGACCCAGACCGTGGGCACACCTGGCGACGCCACCCCCGTGATCAGCACGCCCGGCTACACCAACCCCACGGCCGTGACCGGCGATCCCACGCCGGGCGGCACGCCGATCGCGCAGGTCTCGGCCGACGAGCAGGTCGCGTACCCCAAGGCCGACACCAACGCCACGCCCGACACGGTGGTGTTCACGAACGTCCTGACGAACAGCGGTGGCCAGGCCGACAAGGTGCAGCTGTTCCCCGCGCTGGCGGACGGCACGCCGGATC
CP177252.1_gap61	2834621	2838704	4083	CGCCCCGCTCCCTGGACGGCGTGAATCTCGACGACCCCCTGCCAGCGGGAGCGATTCTGCAAGACGGTCGAAATACCGTCATCGGTACGCTGGGCGAAGGTGAACACACCTTCACCTACCGCTTCACGTGGTCCGGGGCACCACAGGCCGCCACCACCGATCCGGTCATGAGCTGGAGGTACTGATCGTGAATTCCGTCGTGAAACGTCTCGCGACTGCCCTGACGGCCCTGCTGGCTGTCGGCCTGGGCGAGGCACAGGATCTCAGCACCAGCCTACCCCTGACCTCCATCGGCGACCGCCTGCTGTGGTCGGTGGGCGACCAGACCCTGACCCTGAACGTGCCAGCCAGTGGCCGCGTGAGGCTGGAGCTGTACAGCCCCCGCGTCGATCTGGCCGACTACCGGAGCAGCACCTACTACGGCGACGAGCAGTATGACGGTGGGCGCACCCCGGTCACGACGACCTTCACGCTGGTGCGGACCGACGGCACTGTGGTGCTCTCGCGCCGCTTTGCCCCCGGTGCCCAGGCGTGGGAGACGCTGCTGGATCAGGAACTGCCCGCCGGAGCGTACCGCCTGGTGGCGGCCACACAGGGCAACGCCAAGAACACCTTCGCGGTGCGGCTGGCCGGCGTCAGCGCCGTGATCAGCGCCGACCGCCTGAGCGTGAACATTCACTCGCAGGCCTTCGTGCCAGCCGTGCAGGTCACGTCTGACGGCCGGCCCCACGTACTGCGCGTGTACGACGGCGACGGCCCCCGTGAACTGGAAGCCCGGCTGCGCGACGCGCAGGGCCGGGTCTTTCCGCTGACGGTCAGCGCCGATCGGGCCTACAGCGATTTCGTGCTGCCCACCCAGGCCGGGACGTACACCGTGGAACTGCGTCAGCCCGCCACGGCCAAGCAGTTCTCGAACACGGTCAGCTTCAGCCTGACCCGTGCCGGGGCCGCCACCCCGATCGTGGTGAGCCGTGCCGACGAGCGCGGCACCCTGCGGGTCACCGCCGAACTGGTGTTGCCTGGCGGCGCAGCGCCCACCGAGGCGGCCGTCACCGTGGGCGACACGCCCGTCACGGTGCGCGGCAGCTTCGAGCAGCCAGCGGCGGCCGGCACCTATCCGGTCGTGCCGCTGCCGATTCCAGGAGCCGAGGTCACGGTGGACCACAGCCTGGTCACGGTGCCGGTCGGCGGCACGGCGGCCGCGCACGTGCAGATCCGGCCACAGGTGAGCCTGTCGCTGCACACCGACCGGCAGGAAGTCTGCGTGGGCGACACCATCACCGTGACCGCCCGGGCCGAGACTGACTTCGCCGGCGACCTTCCCCTGTCGCTGAGCGTGGATGCCCCCGGCCTGAGCATCACCGGAACACAGCGGCTGGACAGTGCCGTGCTGAGTGCCGCCACGCCCGGCGAACTGCGCGTGACCGGCGTGGCCCTGGTGCCCGGCCCGCTGGCAGTGAGTGCCCGCGTGGCTCCCTGGGCACTGGAACAGACGGCGGCCGTCACAGTGCGGCCGGACGCCACCAGCGTGCAGTTGAGCCGCGACCCCCTGCCCATCGCCACCCGCGACAGCGACATCGCGGTCACGCTGCGCGTCACGAATACGGCCGCTCACCCCGTTGCCTACGACCTGACCGACACGGCCGCTCCGGGCCTGAGCCCTCTGTCCAGTCCGCACTTCACCGGCACGCTCACCGCCGGCGAGACACGTGCCCTGAGCTACCGGGCACGTGTGACCGGCACCGGCCCGGTGGCCCTGCGCGCCGAGCTGAAGACCCCGGACTGCGCGGCCACGCAGAGCACGGCCACCACCCTGGGTGTGCAGGCCAGCACGCCCGGCGTGGCGGCGCCACCATCACAGCGCCGCGTGAGTCGGGTGCTGCTGCCCTTCGACGCACCCGCCGCCGCCACGCAGCTGGTCGTGGCCCACCGCGTACCGACCGGCTCGACCTACGTACCAGGCAGCGCCCGCCTGAACGATGCCGCCCTGCCCGATCCTCTGCGCGGGCCAGGCGGGACGCTCTACTGGGAACTGCCGGGCCGCGCAACCCGGACGCTGGGCCAGCAGCGCGGCACCGTCTCGTACACCGTGGCCCATCAGGGCACACTCGAACCGCTCAGCTCACCGGCGCTGCTGGCGCGCTTTGCCGGTGAGCGCAGCGAGATGCTGAGCGGACAGATCGATGCTGTGGATCTCTCGGCTGCCACCCCTCTGACTGGCACTCCAATTCGCCAGGAGAACGCCGGACGAATCGCCTCCCCAGTGGATGGCAGTCTGATCCGTGTCCGCGACCGGATCAGCGTGGTCGTCCGCGCTGGCCGCGGCGAGGCACCTGCCCTGCGGGTAAACGGTCAACCGGTTCCCGATTCGCAGATCGGTGAGGTCAGTACCGCCGCCGACGGTAGCCGGCGTGTCACCTACGTGGGTGTCCTGCTGCGCCCCGGTACGAATACCCTGAGTGCCGGCCAGGACAGCGTCCATGTGGAACTGGTCGGAGCTACGGTTCGCACTGAGGTCACGCCCACGGCGATGGTTGCCGACGGCAGCAGTCCGCTGCGACTCATGATCCGCACCCTGGATGCGAACGGCCACCTCACGGATCAGCCAGCTGTCACCGTCGCGTCCTCGCTGGAGCCGCGTATCCCCGACGCGGAACCCGGCACCAGCGGCTACCAGGTACGGCTCGTGAACGGTGAGGGGATGCTGGAACTCCAGCCCCAGGCGACCCCGACCACCCTGAAGCTCGATGTGCTCCAGGGCACGGACGTGAAGACCTACACCTTCGAGGTGCGCCCGGACGCCGGCCGCGTGGGCGTGGGGATGCTCAGCGCCACCGTGGGTCTGGACGGCGCCCTGAGCCTGCAGGACGACGTGACGTGGCAGGGCCGTGCCTCGCTGGAGACCCCGCTGGGGGCCGGCAAGCTCTACCTGGCTGCCGACAAGGACGGCCTGCCCACCGACCGCGATCCCCTGAAGCGCTTTGCCCAGTCCGGCGACAGCTCCACCGAGAGCGTGCCCCTCCAGGGCATCGATCCCGTGGCCTTCGCCTACGATCATCCCAGCTTCCGCGCCGCGTATCGCCGCAGCGCCGCGCCGGTCAACGTACTGCCAGTGGGCGAGCAGCTGACCGCGCTGACCGCGTCCAGCAAGGGCAGCGTGCAGGTCTCCGGCTTCGCGGCGCTGGTGCCCGACGCCCGCGTGACCGACGAGCGCCTCACGCCGGAAGGCACCCGGCTGCTGCGCCTGAGCCAGGGCGGCCTCTCCGACGGCAGCGAGACCCTGACGGTCGTGACGCTGGAACCCGCCACCGGCAAGGAACTGCGCCGCGTGGTGCTGACCCGCAACGTGGATTACCTGATCGACCTGAACACGGGCATCGTCACGCTCGCGCGGGCGCTCGACCGGGTCGACCTGAGCCTCAATGATGTCGTCGTCCTGGCCAGCTACCGACTCGCGGATCCCATGTCGCAGCGGCACCCCGCCTTTGGGGCGCAGGTGAAGTACACGGCGCGGCAGTACTCGGTGGGCGCCGCCGCCGTCCGCCTGGACGACACCGTCACCGTCGGTGCCCGCGCCACCTACGACGACGGCACCCTGCGCGCCGATGGCCTCCTCGCGTACTCGAACGGCCTCCAGGCCACCCTCGACGCTGGCACCACATTCGGCTCCACCACCCTCGCCGCCCGCGTCCGCTATCAGGCCGCCACCTACACCGGCCTCGCCCCCGTGACCCCCGGGGTCACGGTCGCGGTCGATGCGACCACCAAGCTCACTCCGGCCCTGAGCGCGAGCGCTCAAGCGGAGTACCACGACAGCGGCGCAGCCAGCGCGGTGCGGGGGCAGGGCGGCAGCGTGACGGCGCGGGCGGACTATCAGGTGGCGCCGTTCAGCGTGGGGGCCGGGATCAAGGCGGCGTACGGGGATCAGCAGGGCGTGGCGGCGGTGGTGGGGGTGGGGTATCACCGGGCACCAGTGGATGTGGACGTGACGCACAGCCAGCCGCTGGGGGGCGGGACGCTCGATCCCACCACCACCCTCACCGCCCGCTATGCCCTGTCCGACACCCTGAGTGTCAGCCTGCG
CP177252.1_gap62	2839768	2840401	633	GATGGCCCAGAACAACACCACGGTGCCCCTGCTGCCTGCCGCCACGAACGGCTTTCAGGCCATCACCACCGTGGACAGCTGTCAGACCAGTGCGCCGACCAGCCTGACGTGCAACGGCCTGGGCACCGTCACCATCAGCTTCACGAACGGCGCAGGCACCCCCATCCCAGTTCGCAATCCAGTTGTACACTTCTCCCGCTTCGGCGGCAGCGCCACTGGCACCCAGAATGTCTATTTCGCGGCCACCTATACCCTGACCACCGCAGGCGTGACCCTGGGGGCTCCGGCGGCCGGTGCCCAGAACCTGTCGGTGGCCGGCAACCTGATCAGGCAAACGACCGTCTCGACCGCTGTGACCGGAGCCTGCTCGACTACGGCCGGAGCAAATACAGCCGCCTGTGGTTCGGTACCGGTGTCCGGCATCACGTCCCAGTTGGCATTCAACATCGGTGCCGAGCGCCACAGCACCGCTGCCTCTGCCCCCTGGAATGCCAACGGTGGCGGAAATGCCGACGGCGTCTTCTTCACCGTGTCCTTCGACGAGGACTTCGGGGACGCCCCCGCCACCTTCGATCCCACCGCCGCCGCCAGCCACCTGCTGAGCGATCTGACGCTGGGCAGCACCATCGACGC
CP177252.1_gap63	2883661	2887183	3522	GTCTGGTTGGCGTCGACCGACAGGGGGTAGTAGAACGTCCAGCCGACCCCCGGTGCCCCACCGTTCGCCAGCCCCAGGATCACCAGGATCAGCGAGAAGATGAACAGCCACACCGCGAAGGTGTTCACGCGCGGTAGGGCCACGTCACGCACACCGAGTTGCAGCGGCAGGATCCAGTTCCCGAAGCCGAACAGGCCAATCGGGATCAGGAAGAAGAAGATCATCAGGGCGGCGTGCAGGGTCAGCACCTGGTTGTAGGTGTTACCCACCAGGAAGGTGTTGTCCGGCACCGCAAGCTGGAGGCGAATCGCCACGGCGAGCAGCCCGGCAAGCGCGAAGCCCAGGATGGACGTGCCGATGTACAGCGTACCGATCTTCTTGTGATCGGTGGTCATCATGTAGTCCTTGATGACCTCCCACACGGAGTGCCGTGGGGCCACCGTCTGGGGCTGAGGAGCATGCTGGATGGTCACTGCGTTCCTCCTGCGGTGGGCGCACCGATCACGGGCGAGTCCCTCCAATAGTCCGCTGCCTCGGGCAGCTGGAGGCTGCGTAGGTACGCGGCGATGTCGTCGATCTCGGTGTCAGTGAGCGTGCCGCCCTTCTGCACCCTGCCCTGGATCATGTAGTCGCCGCCGTCATAGCGAGGCATCAGGCTGCCGGGCTTGACCACGGGGCTGTGCTTGAGCCACGCGTGCAACTGCTCGGCGGCCTGCTCATCCTCCCAGCGCTCCTCGGTCATGGCCTCCCACATGCCAGCCCCCAGCGTGCGGCGGGTGCCGAAGAAGCTCAGGTCGGGGCCAGCGGCCCCGGCAGCAGGCGTGCCCTGTACGCGGTGGCACGCGGCGCAGGCCTGGGCCCGGGTGCTGGCCTTGCCCTGCATGAACAGCGCGTAGCCCCGCGCCTCGGCGCTGCCGGGGGCGGGCTCAGGGGCACGGTAGGCCTGCATGGCGTTCAATGTCGCGGTGTAACGATCCTGCTCCAACACGACGACCTTGTAGCGCATGTTGGCGTGGCTGGCCCCACACAGCTGCGAGCAGTTGCCCTGATACACGCCGGCCCGGTCGTTGTCGACCGTCCAGGTCTTGTTCACGGCGGGCATGGCGGCCCGCTGACCACCGATGTTCGGTGCCCAGAAGCCGTGGATCACGTCGCCGCTCGTGACGGTCAGGGTCACCCCCTGCTTCGAGGGCATGATCATCTCGTTGCCGTTGGTGACATTGCCGCCCGCCGCAGCGGTGGCCGCCGGGTACGAGAAGTTCCACCAGAACTGCCGCGCCAGCACGTCGATCTTGGGTGCCTGCGCGTCCACGGCGTTCACCACGGCCAGGCTCTTGACCGCCAGGACGCTCAAACCGAACACGATCAGCACGGGCACGACGACCAGCGCTACCTCCAGGCGGTTGTTGCCGTGGAACTGCGCGGGTGCGGCATCATGCTTGTCCTCACGGAACTTGTTGACCGTGTAGAACAGCGCGTACGACACGCCGATGAAGATGATGATCGACAGGGCGATGGCCCACAGGCTCATCCACCAGATCTCGCGGTTGTAGGCGGATGCGAAATCCCCGATCGAGAGCGATTGCCGGGTCTGCTGACAGCCGCTGAGCAGGGTCAGCAGGGGGACGGCGGCCAGGACACCCAGTCGGCCAGCGCGTCCCCGGATGCCGCGTGAGCGGTCTTGGATGGTGTTCAACATCACTCCTTTCCTCTTGCCCGCAGTTTAGTGCGTCGTGCGGGCCTGTGTGCCGCGTGCGTCCCGGCTGGCGACGCAGCACTGTGCTCCATCCCTACCGCTCGTTCAGGCATGATGCCCATGAGACACCATGAGCGCCGGGCAAGTGTCCTGCCAGTCCGACTGTTCCCAGCTGTTTGGCTGTCCTCAGCTCAGATACGCGAACAGGATGCGATCTGCCGCGCCCGCGACGAACAGCAGTGCCAGATACAGCATGGAGTACAGATACAGCGGCACGGCGACCCGGCGCTCGACCACGTGTCCGGCAGCCACATGCCGGTACAGCCGCCACGACAGCACCAGCAGCCACACTCCCAGGGCGACGGCCGACACAAAGTACAGCGCCCCGACCTCACGGAAGAAGACCGGCATGACCGACAGCACGACCGTATAGATCGCGTACAGACCTATCTGCGCGACCGTCAGCTTCTCACCGTGTACCACAGGCAACATGGGAATGCCGACCTCGCGGTACTCCTCCTTGATCATCAGGGCCAGCGCCCAGAAGTGCACCGGCGTCCAGAAGAAGATGATGGCGAACAGGAACCATGCGAACAGGTTCAGGTCGCCCGTCACGGCGGCCCACCCGACCAGCGGCGGGAAGCACCCAGCCGCGCCCCCCAGCACGATGTTGTGCCACGTGTTGCGTTTGAGCAGGGCGGTATACAGCCCTACATAGGTCACGAAGCCGGCCAGGCTCATCCACGCGGCCAGCGGCGTGGCCCAGAGCCACAATGCCACGAAGGACAGGATCTGCAACGCCGCGCCGAACACGGCGGCGTCGCGCAGGGGAATCAGACCGCTGGAGGTGGGGCGCTTGGCCGTGCGGGCCATCTTCAGGTCGATGTCGCGGTCGATGATCATGTTGAACACGCCCGCCGACCCGGCCGAGGCGTACCCGGCCACGCTGACCACGACCAGCAGCCACAGCCCCGGCCAGCCGCGCTCGGCCATGAACATGGCGGTGATGGTCGTCCACAGCAGCAGGCTGATCACCTTGGGCTTGGTGAGAGCCAGGTAATCGCGCCAGGTGGCCCGGACGGGGGCGGCGGGCAACATACCCGTCACCGTATCAGAGCGGGTCACACGATCCGAGGCCGTCATGTGCCCACCCGGCGGGCTCCGGCGGGTACCGTCACGCGCAGGCTGATCAGGGCGGCGTACACCACGCGCACGGTCGCCAGCCACAGTGCACACGCCAGCAGCAGGTGCGACAGCTGCAGCCACGCCGGGGCCTTCAGGGCCACGTTCAGGAAGCCCAGCACCATCTGGGCAGCGATCAGGCCCCAGACCACCGCGCTCCAGCGGGTCACGTCCGTGCCCGGCCGCTCGCGGCGAAAGAAGACCCCCAGCCACACCAGAAAGGCGCTGACCACGATCGCCAGCATGGGGTGGATCACACGAAGGTTCTCGATCACGCTGGCGGTGGCCCCGAAATCCCGTTTCACGGTGTCGATGGGCGTGCCGTCGGCGGGCAGGAACAGCAGGTCGCCCAGGGCCGTGACCGCCCCCGCCATGCCCAGCACCAGCAGCAGCCCCAGCGCCAGCGCACTCCACCCGCCGACCGCGCCCTGCCCGCCCAGGCGCAGGCGCGGTGACCCGGACGCCCACAGCGCCGTGAGCAGCAGCGCCCCCAGCAGTAAGAAGGTGTTGGCGAGGTGCACGCCCTGCACGAAGCCGCGTGCCGGATCGGTGCTGTCGGCGGTCAGGCCCAGCAGCACCTGCACGCCGCCCACCAGCCCTTCCAGAATGATCAGGCCCAGGCTCAACAGGGCACCCAGCCGGGC
CP177252.1_gap64	3025837	3030364	4527	GTGAGTTCGGTGCAGAAAGCACTGACCTCGGAACGCTCTGGGCGCACGAGGACGCTCCGCCGCTCGACCCGTTCCAGACTCTGCATATCCAGCACGCACACGCCGATCTCGATGATCTCATTCGTCTGCCCGGCGGGTGGCGGGCCATCCCAGCACGTGGCCTCGATATCGATGATGTTCAGCATGAATCCTTCCGGTGGCGACTCCATCCTCAGCTCAGCTCCTCGCCAGTTTCCTTGCGGGCGTAGGCGTCCGAGATGAGTTTGACGCTCAGGTCGCTGCCGTCGCCACTGGGGCGCGGCACGGCTGGCGTGAGCACCACGCCCTCGCGAATATGCAGGCCCGAGCCCGACACGGTCTCCAGCCCGCCGCGCAGGCTGCGGATTTGCTCCGGGTCGTAGGCCCCCTCGTACAGCACGGGAACGCCGTAGGTCTGGAACCACTCGGGCCAGTCGGCACGGGGCTGCACCTGCCCGGCCACGCTGAGCTTGAAGACCCGCAGGGTCGGTTTCTGCTGCCCGTAGCCGAAGCCCTTCTGCACCGGGATGACCTCGGCAAAGACCTGCAGCTCGCCGTCCGGGACAGCCGCGTCGGCCGCCGCGAACAGGCCCACGTTGCCCGCCGCCTGCCAGTACACGTTGGCGGCGCTGTCCAGCAGCGACAGACCACTGCGCGATAGGCCCTTGCTGGTCACGTACCACACGCCGCCGGTACGGAAGTACACCCCCTGCGAGCCGTGCAGCTTCTCGGTCACGATGACCGGCTCGCCGCCCTGAAACTCGTCGGCGTAGATGCCGAACTGCTCGACGTCGTGGTGATGGTAGTGCCGGGCCACCGGCAGCGGGGCCACGGCCCCCGCCATGTTCGCCGGGATCGGCGGCTCCCAGAAGGTGATGCCCAGGGCGGCCGACAGATCCTCGCCGAAGGGCAGTCCCTCCAGCCCCTCGCCGGGAATGATCACGCCCTGCGACAGCTCGCCGCGCAGCCGCACCGATCCGACCCGGTTCTTCTCGGGGCCGTGCAGATACGACGCGCCCGTGTCGGCGCTGACGTACAGCTGCGCGTAGTGCGGCGGCAACAGCGAGCGCTCCGGCGCGACGATGATGACGTCGCCATCGCGGTACTCGCCCCGGCGCACCACGAGCTGGAAGGCGCCCACCTTGCACAGCTCCAGCCGCTCGGCGTTCGGATGGGGAAAGAGGCGGGCGTGTTCCTTGACCACCTGACGTTCAGCCATGATCGGCTCCTTTACAGCGTGAATGGGTCGGTGTGCGGCGTGTGCAGCCAGATCTCATGCGCCTCACCGGCCTCGGGGAATTCCAGGGCATCCAGCTGGGCGGTGAGCACGGCCCCCGGCACCGGACTGGAGCGGGCAGTGTTGCGGGCTGTGAACTGGGCGGGCGGTGTCCACGCGACGTGAATGCGGGTCAGCGCTCCGTAGTCCTCGCCCAGCCGCAGCACCTGCGAGCGCTGGTCGCGGCGCAGGCTGGTGGCGTCCCAGATCACGTGGGCCCTGCCGCGCAGCCCCACACGGACGGCCTCGCGGGCGGCCTGCATGACCTGTCCGTTCACCGTCTGGTCGGTGTGGTCGCGGCCCAGGCGGGCACGCAGGGCGTCCAGGCTGACCACGTGCGCGTCCCCGTCGGCGTGCGCCAGGGTGCTCTTGCCACTGCCGCTGGGGCCGCACAGCACCGTCAGGCGCGGAAAGCCCCGGCGGGCGGCGTCCTGCACGCGGGCGACGGCCTCGTGCGGGGTGTGGATCACGCCCGCTTCCCAGTCGGCCAGGCCGCGCCCGGTGGCCAGGGCCAGCAGTTCTGGGGACGCGTCCGGTAACAACGTGTGGAGGTCGTGGCGGAAGGCGGCGGACGGATCGGCCCCATCCCACACGCCCAGGTCGCGGGCGGCGAGTTCCAGCAGCTCGGCCGTGTCCTCGCCGCGTGTGGCGTCACCGCTGAGCACGGTGCGGCCCCGTGCGTCGGCCCGCGCCAGGAGCACCAGCAGAGGCAGGGACACGCGCCGCGCCAGGGCAGGCACGCCCCGGTTCAGGTCGCCGTCCAGCGCCCGGTGCAGGCTGTGGTGCTCCGCGACCAGCTGCAGCACCGTCAGGATCAGGCCTGGTGGCAGGCCGCTGTCCAGCAGCCGGTACGCCAGGTAATCCCGCCCCCGCCGCGCGTGCCGGGGCGAGCGGATGCGGAGAACCCCCGCGTCGTCGGCCTCCTCGCGGGTGGTCAGCGCCTTGCCCACGTCGTGCAGGGCGGCGGCCAGCAGCAGGGCGGCCCGGTCGTGCCCGGTCAGCCCCGCCTCGTCGGCCAGGGCGTGGGCGTGCCCGACCACCAGGGCACAATGCGCGGCCACGTGGCCCTCGGCGTGCCACTGGGCGTCCTGGGGGGTGGTGTCCAGCGCGTGCAGCAGCGGCACAGTGGACTCAAGAGCGTCTATCATCCCGGCGAAGGCCACGTGTTCTCCGTTGCTCAGACGGGAAACGAGGTGTTGAATTGACGGCGACGGCACAGGAATCACCCCAGAATCTGTTCGAAGGCACGCAGCACGCGCTGCCGAGGTTGGGTATCCAGAACGGCAAATACAACGTTCTCGAAGGCTCCGGCAGCGTCAGTGGCCAACAGCTCACGGAACGTTTCGGCCACCACGGCGGGATCGTTGAGAAAGACGCCGCATCCCCAGGCACCCAGGATCAGGTTTCGCTGGTTCATCAGGGCCGCCAGACCCAGCACTAGAGTGGCCCTTTCACGCAACACCCTGGGAACCTCACGGAACAGGGTAGGGTGCCGGTCAAGCACGGCTCCGGCATTCGGCGCCGGCGCGGTGATCACGTTGACCAGTACAGGTGCAGGCAAAAAGGCCGCTGCGCTGTCCCTAAACACTGGAACGTCGGGGCTGTAGATCAGGTGATCCGTGTAAAGTGGCGTTCCATTCGCGAGGTTCGCCAGGTAATAAAACTCTGCCTCCGGCGCGGTCAATGACAGATATAGGGCGCTGCACCGCGCCAGATCTTCCTCCTGCGCCTTCGCGCCGCCGAGAAACCCGCCACCGGGATTCTTCGCGGAGGCGAAGTTCAGGGCCGTGACCGGGCCGAACCGGGTGTGAAGGCGTCTGGCCGCCGCAAACGTGTCCTCGCCCGTGACCTGCACCGTGGTCTGGTGCTGCCCCCGCGCAGTGTGCAGAGCGTCCCGCAGCCTCGGCGCTTCGAGAGGGGTGTATAGGCGTGTCCCCCGCAGCATGGGGCTGAGGTCGGGCAGGGTCACCGCAGAGCCGCCGCAGGGGTACTGTCCACGCCGTAAGACCTCCAGCGTTTCCTCCGCCAGCCGAACCCGCTCCTGACTGCTCGACATCACGACCCCTCCTTTGTCATCAGGCCGTTGGCCTCGACCGGCTTGCTGAGCCAGTGCTGATCGGTCTGCACGTGCCCGCGCCGCACCCACTTCGCCAGACGCGTGCCGAACTCCGCGAAGGGAATCTCGCCAGTCACGCGCACCACGTAGCCCTCCATGCGCTCGGGATCGACACGGATGGCCCGCAGCGCGGCCTCGTCCCACAGGCCCCGGTACAGCTCACGCGGGGTGGGCACGTCCAGCCGCGCCGCCCACGCCCGCACCTCGTCCCACGGGCGCGACACGTTGTGGTTGTCCCACACGCTGAACAGGTAGAAGTACCCGGCCAGATCGTCGTAGCGCAGGCTGTGCACCGCGTACACGTTCTCGCCGCACAGCCGCCATCCGTCCGGGATCTCGTAACCGAAGCGGCCCCGTTCGCCCTTGAGCCACGTGCGCGACGGGTGCGGGCGCGTGTCCAGGCTGCGGGCGTGCAGGCCATCGCGGTACAGCGAGGTGTTCTCACCGTCCAGCTTTTCCGTCACCACGACCTCGCGGCCCAGAAAGCCGTTCAGGTCACGGATGACCCGGTCGTCGTTCTGGAGGCCGGGCGACCACGGCAGATGGGGGGTAGAGGGGTATTTGACACGCATCAGCATTCACCGCTCCGCAGTCTGCCCGGCCTCAGGTGCCCGGCGCGTCCGCACACCGCGCACACTCCGTAGGCGTCCTGACCTATCCCGACCACTCCACCGCCGCCCGCCTCGCGGCGATCAGCCATGCCTCAACCTTGCCGAAATCGGGGCGCTCGGGCAGCGTTGTGCGCTCGAAGGCCCGGTCGAATTCCGCGTGCAACTCCAGCCGCCAGCGGTTCGACTCGGCCCAGTCCATCTGCCCGGTTTTGACGGCCAGCAGCGTGTCCCGGTGCTCGCCCACGCTCACCATGATCTCGCCAGTCCGCAGCGCGTGGATGCCGCTCAGCAGCAGCCGGAGCAGGTGCATCACGTGCTTGGGGCGGATGTCGCCGTGGGCGCGGCGGTCGGCCTCCAGCCGCTTGAACTGGCCCTGCACATACCCGTTGTACGTCTGGTACAGCAATCGGCTCAGGAACGCGCCCCGGATGTCCAGCAGCGCCTGCGCCTGTTCGGTCACGGTCAGCGGCAGCGGCGAATACAGGCACTCCAGCACGTTCGGATTG
CP177252.1_gap65	3034452	3038871	4419	CCATCCTGACCGCTGCCGGGCTGGGATTCATCGGCTTCGGGGCGCAGCCCCCCACGCCCGAGTGGGGCGCGATGGTCAGCGAGACGCGCAACTACATCGGCCCCGCGCCGTGGGCGTCGAGTGCACCCGCCGTGGCGATCCTGTTGACCGTGCTGGCCTTCAACCTGCTCGGGGACGGTCTGCGGGACGTGTTCGACCCGAGGGCGGCGCGGTAGGGAGGTCGCAAGGTCTGAATGGCCCGTCCATACTGCCCTCCATGAACCGCACGGATCGCCTGCTGGCCGTGGTGCTGGAACTCCAGGGCCAGTCGTGGACGACCGCCGCCGCCCTGGCTGCCCAGTTCGGCATCAGCGAGCGCACCGTGTACCGCGACGTGCTGGCCCTGAACGAGGCCGGCGTGCCGGTGCTCAGCGTGCCAGGGCGCGGGTATTCGCTGATGCCGGGGTATTTCCTGCCGCCGCTGCACCTGAGCGTGCCCGAAGCGGTGATGCTCCTGCTGGGGGCCGAGGCCGTGAGCGCCGCCTTCGACGCCGAGTACCGGGACGCGGCGCAGTCGGCCCTGAAGAAGCTGACGGCGGCCCTGCCGGACGGGCGGCGCGAAGAGGTCGCGGGCCTGCGCGACCGCCTGCGCGTGGTGCCGCCCGACGAGGGTGCGGACGCCGACACGGTGCGGCTGCTGCGGGGCGCGGTGCTGGGCGAGCGTGTGGTGAGCTTCACGTACCACAAGCCCGGCGGCGCGGGAGAAGCGCGGCGGGTCTTCCCGCTGTCCCTGGTCTACCTGTACGGCGCGTGGCTGCTGGGTACCTTCGATCCTGCTCGTGGAGACCGCCGCACCTTCCGCCTGAGCCGCATCGAGGGGCTGACGGTGGAGGCCACGACCTTCGACCGCGACCCCACGTGGCGCACCGGCCCGGAACCTGACCGGGAGGGACGGCAGGTGACGGTGCGTCTGCACTTTCCGCCCGGTCTGGAGCGTGCCCTGCGCGAGCGGCCGAGTTTCTTCCAGCAGGCAGTGACACCCACGCCAGGCGGACTGGAGGTCACCCTGCGCGTACGCGGCGCGGCGGACGTGCTGCCCTGGGTGCTGTCGTGGGGCGCGGCCGTGCGCGTGCTGGAGCCAGGGGAACTGCGGGAAGCGGTGCGGGAGCAGGCGCGGGGAATGCTCGCAGGCTCCTGACATAGGGCTGTCACTGGCCCTCGGCAGCATGTCGGTCAGGAGGCACCACCATGCACACGAATCTCGATTTCATCGCCCTGCACACCACAGATCTCACCGCCGCCCGCCAGTACTACACCGGGGTTCTGGGCTTTGAGACGACCGCCGGCCCGCCCAACGCGGCGGTGTTTGCCAGTGCTGGCGGCACGACCGTGGCAATCCGCGAGCCTCTGCCGCACGAGCACAAAGAGCACTTCGGCGCGGGCGTCAGCGTGTGGTTCGGGGTGCCGGACGCCGATGCGTACCATGCCCGGATCACGGCGGCGGGCGCACAGGTCACGCAGCCCCCGCAGGACGGCCCCTTCGGGCGGATGTTCAGCGTCCGCACGCCGGACGGGCACACCCTGACCTTCCATCAGACACAGGCGTGAGGTCGCTCTCTGTGACTGATCTGAATGCATTCGACCTCGGCAGGACGCTGACGTTGCCGAGCCACACCTCGACCTCAAACCCGGAGCGTGCTGTATGACCCTGACCCTCAATTACGTGAGCATCCTCGTCTCGGACATGGCGCGGTCGTTGGCCTTCTACCGCACGCTGGGCCTGCCGATTCCGGAGGACATCCAGATTGACGAGCACGTCGAGATCGAGGTCGGCGGCCTGCGGATCGCGTGGGAGACCGAGGCGCTGATGCGGGAGCTGAATCCCGACTGGACTCGCCCGGACGCCGGGGGCCGGATCGGTGTCGGGGTGCAGGCCACGTCCCCCGCCGGGGTGGACGAGGCCATGACCCGCCTGCGGGCCGCCGGATACGACGCCCCGGAGCCCTTCGACGCCCCGTGGGGCCAGCGCTACGCGACGGTGACCGACCCGGATGGCACCCACGTGGACGTGTTCGCGTGGAGGGCTGGCGAGGGCTGACGGCCCGTGACAGCGGTATTCCGTTACGTTGATGGGTGAAAGGCACCCCCATCCACTCCACGTAGGCCGCTGTCTGTTTCGGTGACTCGCTCCGCTCGCCCCAGAGGAATTGAAGGCCAATACCTTCAATTCCTCTGGTTACCGCTATGAGACGGCTCGACCGGTTGACGCCGCCCTGAGCGGCTATTCTGCCCCCGTGAGCGGCATCGTGTGGCTGGCGCTGGACGGGGTGGGGCACCCGGCAGACGCGCCGCCCGGCAGTGTGTGGGAGCAGGATCTGCCCACGCTGCGCCCGCTGGTGGATGCCGGACTGGCGCTGGACGCTACGCTGGGCGTACCCGGCCTGCCGCAGTCCGGCACCGGGCAGAGCTGCTGGCTGACCGGTACGGACGCCGTCCGCCTGATGGGCGAGCATTACGGCCCGCATCCGGGGCCGACGCTCCAGCGGCTGCTGGCGGCCTCCTCGCTGCCGGTGCGGCTGGCGCAGGCGGGGGTGCGGGTCGCGCTGGCGAACCACTACATGCCGGCGTACTTCGAGGCGCAGGCCACGTCGCCGCGCCGCAACCGCATGGGCTGTTTTCCGTACTCGTTCCGGGCGGCGGGGCTGCCGCTGAATCCGCCGGGCGTGCCGGGGGTGGGGGCCACGCTGGGGCTGGACTTCCGGGCACCGTGGCGTGCCGTGGAACCGCTAGACACGGTTCTCCGGCTGGGAGAAGCCCTGGCCGCCGCCGCCCACACGCACGACCTGATCGCCGCCGACCTGTGGTTCAGCGACCTGCTGGGCCACGAGGGCACCGAGCCCGTACCCACAGACGCGCTGGCCGCCGGCCGGGCCTACCTGGCGCGGGTCGACGCCCTGCTGACCGGGTTGCTGGACGCCGGGGCACGGGTGGCGCTGAGCAGCGATCACGGGAACCTAGAAGACCTGTCGGTCAAGAGCCACACCCAGGCCCGCGTGCCGTTCACCGGAACGGGGGTCAACCTCGGCTCCCCGGCGGACGTGGTGGGAGGAGGCCGGGTCATCGCGGAGTGGTTCGGTCTGGACAACGTGGAGACCGCTGAATTTTAACCCTGGGCACCATCTGCGCCGAAAGTTATCCACAGGCTTATCCACAATGGGTGTGGACAACCTGTGGATAACCCCATTCTGGGCCCGTGCCGCAGGGGGGCAAAAGCCTGTCTGGAACGGCCAGAAGATGACCCTGTTGCACGATTTCCGGATGTTCCGAAGTTATCCACAGGCTGCCGTTTCACTGTGGATAACTTTCGAGTTCGGCTGAGTGCGCAGCCCGGACAAAGGCCCGGACGGCGGCCGGATCCTTGACCCCCGGCGTCACTTCCAGGCGGCTCACGGCGTCCACGACCGCAGGACGGAGCACCCGGATGGCCTGGGCGACATTCGCCGGGCCAAGGCCACCGGCCAGCCACGCACCGGGCGGGAAGTGGGGGCGCAGGGCCTCCCAGTCCAGCGGCACGCCGCCCCCCGGTTCAGGCGCGTCCAGCATCAGGGTGACGCCGGAAACGCCCGTCCACACGCCTGCTTCCACCGCCAGATCGGCGGGGCGCACGACGCGCAGAACGGGATAATACGCGGCGACCCCCTCCACGTAAAGTCTTGACAGCGGGCCGTGAAGCTGCACGGCGCTCATGCGGGCGGCCTCGGCCGTGCGGAGCACTTCGTCCAGCCCCTGGTTCAGGAACACGCCCACCCGCGCCACGGCGGGGCCAACGCTCAGGCTGGCCTCGCGGGCCACCTGCGGCGTCACAAGCCGCTTGCTGACCGGCGCGAAGATGAAACCCAGGGCGTCCGCACCGGCCTCGGCGCTGAGGACCGCGTCGTGGACGGAGGTGGTGCCGCAGATCTTGACGCGGGTCATGAAGAACTCCGCTGCGCTTCCAGCTCGGCCACGCGGGCCTCCAGCGTCCGCACCTGCCGGGTCAGGGCCAGCAGCAGCAGCGCGTAATGGTCGTACAGCTTCGGGCGTTCCATGCGGTGCTCGTTTCCCATCCACCCGTCCAGCAACCGCTCGGCCTGGGCCAGTACCTCGTCGTCGGGCACGTCGCGCCACGAGCGGCCCTTCAGGATCTCGGAGGCGAAGTTCAGTTCACGGTCGGGCATGAGGAATTCCGGTGAGCCGAAGGCGAGCGCGGATGGAAGGACAGGCCGGGCTGTTCACGGCACGTCCTGGAATGACGGAAGGTTCGGCGCATGCATCCATTCTGGCGTGCCGGCCTGCGCGGCGAAGGTCTCGCGGGCGGCCATCACCTCGGTGTAATGGGCCTCGGCCCACTGCCACACGGCGCAGAAGGCCTCGCTGAGGCTCAGGCCCAGCGGGGTCAGG
CP177252.1_gap66	3040666	3042699	2033	GGCGGCGCACGCAGCGGGCTGGCCCGGCACCTTGCTCCGCCGGCTGCACTTCCAGTCCCACGGCGAGGTGGACGGCGTGCGCCGCGCCGATGTGGTGTGGCACGTACATCCAGAGGACGGCGCAACGCTGGACTGGCGGCCAGACAAAACGTGGAGTGACGTGCAGCGGGCCTGGATCACGGTGGCCCGGACGCCACCGTCGAACGTGCCGTGGATGCACCCCGGCTGGCACGCGGACGCGCTGGACTGGCTGGAGGGGGAACTCGCCGCGCAGGGCCTGAACCGCAGCGGCGAGCCGGCCGTGCTCAAGCACTGGCAGATCAGTCTGCTGTGGCGCGTGCCCACCGACGCCGGGGCGGTGTATTTCAAGGCCGTGCCCGCCTTCTTTGCGCGCGAGATCGAAGTCACGCCGCTGCTGGCCCAGGAGCTGGAGGGGGCCGCGCCGCCCGTGCTGGCCGCCGACACGGCGCGGGGCTTCCTGCTGCTGGAGGATGCCGGGGACGAGGTGAGCCACGCGCCTGACCTGAACGCCGTGATGACGCACGTGGCCGGGCTCCAGCGCTCAAGCGTTCCGCATCTGCCCGGCTGGACGCTGCGCGACCGGGGGCCGGAGTACGTGCTGTCGTGGCTGGAGCACCTGCACTCCGACGACGTGCTGCTGCCCGGCCGGGACGGCGGCCTGAGCGATGACGAGGCCGCCACGCTGCGCCGGGCGCGGCCGCAGCTGGAGGCCGCCCTGCGCCGACTGGCGACCAGTCCCATTCCGCGCACGCTGGGGCACGGCGATTTACATGGCGGGAACCTGCTGACGCAGGACGGCCGCCTCACCCTGCTCGACTGGTCGGACGTGTGCGTCACGCACCCCTTTCTGGACGTGAACCCGGCGTACTTCTTCCCCTACGAACAGGTCAGCGGGGACTGGAGCCAGCATGGCGCGGTGCTGGACGCTGCCCGCGACACCTATCTGGAGGCCTGGATGGACTGCGCGCCCCTGGATGACCTGCGCTCCCTGTTCACGGACGCGCTGGTCTGCGGCGAGCTGTTCCGGGCGCTGGGCTACGTGGACGGTATCCAGGGGGCCGTCGAGGATAAGACCGAGTGGGCGGGGGCCCATCTGGATCACCTGCGGCGGGTGCTGACCCTGCTTTCCCGCTCGCTCTGACCACCCGCACCTACTCGCACATCTTCCCGTCGCCGTCGCCGTCGAGCTTGACGTTGTAGCCGCCCTCGCCGCGCAGGACGGGCGTACGTCCGGCCGCGCGGGCCTGGGCACACGAGGCGTAGGGCGTGCGCCGCGCCGGAGCCGTGGCAGGCGTCGTGTCGCCGCTGCGGTAGTCGGCAGGATTCACGTAGGTGCCGGCGTGCATGCCGCGCTTTGCCTTCCGGGCCTCGGTCTCCTGTGGCACGTAGTCGGTACCGTACTCGCGGTACGCCAGCGCGTGGCCCCGCGACACCATCCAGGCGTTCACGTCCGTGCCACCGACCCGGCACACGGCGACCGTGCGGCCATAGCGGTCGGTGTCGCGGCGCTGACACGTGACAGCCTGGCCTCTCAGCAGGCCACGCAGCGCGGTGACCGCTTCCTGCCCACAGGCGTAGGTTTTGCCGGCGCGGCGGCAGGTCTGCGCCGACTCTGGTGCGTCAATTCCATACAGGCGCACCCGCGTCCCGGCAATGTCCAGCGTGTCGCCGTCGATGACGGTGGCCGCGCCGGTCAGCGTGCCGCGTGGCGGGGTGGAGGTGCGCCCGGCCGTTGACTCCGGGGTCTGGGCCAGCCACGCCAGTCCGGCCCCGACACCCAAGACCAGCAGCACCAGGCTCCAGCGCAGAGCACGGGTGCGGGCCTGGGTGCGCCGCCGGGCCTTCAGCGCCTCGCGGCTCACCGGGCAGTACGACGAGAAGGGGCGTGCACGTGCACCTGCGCCGCCACGCCCAGCGACACGGTCAGCGCCCGCCCGGACAGCGACACGGTCAGGGTACCCAGGGCGGCGTCCACGGCCTGCACCTCCACGGCCGCGCCGGGGGTCAGGCCG
CP177252.1_gap67	3045471	3047508	2037	GATGACGGCCACCTCTGCCCGTGCCCGGCTGGAACGCCTGTCCATCCCCGCCCGCCAGGCGCTGTTCTGGGCGCTGCTGCTGCTGGGCGCGTTCTCCTTCGTGCTGCCCTTCCTGTTCATGGTCTCGACGGCCCTGAAGTCACCACGCGAGCAGTACGGCCTGAACCTGATTCCCAGCGAGCCCACGCTGGGCAACTTCCAGGCCGTGTTCACGCAGATTCCCATCGGCCGGGCGATTCTGAATTCGGTGTTCGTGTACGGCACGATCACGGTCTCGGTGTTGCTGTTCTCGTCGATCGTCGGCTACGCCCTGTCGCGGCTGGAATGGCGCGGGCGCGAGTTCGTGTTCAACGTCATCCTGCTGACCATGATGATTCCGGGGCAGCTGCTGCTGATCCCGCTGTACCTGCTGATCGTGCGCCTGGGCCTGCCCGATTCCTACGCCGCGCTGATCCTGCCCGGCATGATGAGTGCCTTCGGCATCTTCATGTTCCGCCAGACCTTCAAGACCATCCCGCAGGATCTGATCGACGCCGCGCGCATCGACGGCGCGAGCGAACTGACCATCCTGTTCCGGATCCTGTGGCCGGTGTCGCTGCCGACCATCGTGACCGTGGGGCTCTTTACCTTCATGGGTGGCTGGAACGACTTCCTGTGGCCCGCCATCGTCAACCGCGAGGAAGGCCTGATGACCCTGACCCAGATGGTCACCACCTATGCCATCGGCGGGCAGGCGGGCGGCCAGTTCGGCTCAGTCATGGCGTCCAGCCTGATCGGGGTGCTGCCCATGATCGTCATCTACATGATCTTCCAGCGCTACTACCTCGAAGGCATCACGTCCACGGGGATCAAGGGATGAGGGGGATGGGGTGTGAGATACGGGTGCTGAGGCGTCGGGGGGAGAGTCGGAAGGCGCCGCCTGGGACGCTATGCCCGCTCACCCCCTCTGCTGCGCAGCTCTCCGAGTGCCCAGCCTCCCCTTCAAGGGGGAGGGGCAAAAAGATCGTGTTCATCGCAGTTGAGAGCACGGTTTGTCAAACCCATCCAGCGCAGCGTCAACACCCACTCCAGTTCATTTCAGAAGTTCCCAGAGCTAGGGCGATGAGCACAGCCTTTTCTCCTCCCCCTTGAGGGGGTGACCTAAGCCCCATCCCAGAGTCACCTTCCCTCGATCACCCACGAACACATCCCGCCCCACGCGAAAGGAGCCCCACCCATGACGACTTCACGCTTCCTCCGCACGCTCGCCCTGTCCGCGCCACTGACAGTGGGCCTGAGCCTCGGCATAGCCGGTGCCCAGGGCCTGACCTTCTGGCCGTCGTCCAATCCCGAGGAGATCGAGTTCGCCAAGCAGATCGTGGCCGCGTGGAACAAGGCCAACCCGTCCACGCCGGTCAAGATGCAGCCCCTGCCGGCGTCGCGGTCATCGGAAGAAGTGCTGCTGGCGGCCATTGCCGGCAAGACGACGCCGGACGTGGCGGCCAACATCTACCCCGGCGCGATCAGCCAGTTCGTGTCGGCGGGCGGGCTGTACGCGCACAACAAGCTGCCGGATTTCAAGAGCTTCATGACGGAGCGCAGCGGCGCGGACGTGCTGGAGGCCTACACCAGCTCCGGGGGCAACATCTACCAGATTCCCTGGAAGTCCAACCCCACGCTGCTGGCCTACAACACCGCGCTGCTGGCCGAGGCCGGGATCAAGCCGGCCGATCTGGCGACATATTCGGGCTTCCTGGCGGCAGCACGCAAGGTCAAGGCCAAGTGGGGCGGCAAGAAGTTCCTGTACGCGCCCACGGTGGACGCGACGTGGTGGCAGCGCTTCTTCGACTTCTACACGCTGTACATCGCGGCGTCGGGCGGCAAGACGCTGCTGGACAAGAGCGGCAAGGTGATCTTCGACGCGCAGCCGGGGCAGGAGGTCTTTGGCTTCCTGGCGACACTATTCAAGGAGGGACTGGCCCCGCGCACCCGCACGGCCGCCAACCGCTTCTTCGAAGGTGAGTCGCTTCTGGAGACCGCCGGGCCGTTCACGCTGCC
