gap_id	start	end	length	sequence
CP175956.1_gap1	117956	119083	1127	ATAAATCCCGACTGTGCGCTTCTGTTGCTAACCAATTATTATACGTGAGTTGATCGCCTGCTGTAAGTGGAAATCCTGTTGTATTTGTATACCCATCTATATTATCTGGTTCTACTCCATCACAATTTTTTGAAACAGCCAAATCCAATCTTGCCTGCATAATTGGTTGTAGTGATGCATCTCTAATATCTAACCATTTTTCACCAGCCCAACCATCCAAATCATCACCTTTCACAGATTCTGCAAAATCACCCGCATCACTACGCCAATCTTCCCAGCTCCCAGCAGAAAAATAACAAATAACTATTCTACCATCTGCATGTAATTCATCTATCTTACTTTGTGGAGTATCAAACAAATCAACATCATACATATCAACATCATATGAAGTATCCACATCTCCAGAATTCAATTGCCACTGCCAAGTTAAATCTTGCGCAGCAGTAGGTTGCCACCAAGCATCCGTAAAGCTAACTGGTATCAATAATAGTGCTATGAATAATATTATTTTTTTCATATATTTTTATATTCCTGAACACTCAGTATACCATAATTATAAAACTAATTTTGATTGATTTTTCGCTCTCTACTGTATGATTTTTGAAATTTCTTTGTTATTAAATCAATGATCTACCTTCTCCCCTTTTTAAAAGGGAAGATGTCCGATAGGACAGAGAGGGGTTTGTTATAGTAGCTTTTTAATCTTTGTATTATTTAGTTCTTATTTTTACCAAAACCACCCCTCAGTCCCCTCCTTAAAAAGAAGGGGAGGCTTTATTTATTTTTCTTTTCTTTGATTGTCAGCCAAATGAACATTATAAGACTAATTATCACAAACATTATACTTGCAAATGTTGATACTTGCTCTTTTGTATCTAATATCTCTATAAAACTCCCTGAACTTTCAGATGAAATCATAATCCAAATTACTGATATAAAAAAATACCAAAAGGTAAACTTTAACCATTTTTTGAATATTTTGTCTGAGATGAAAAATGTAAAAATTGCGGTTATTAATAATCCTAATGACATCCATGCTATCGGATCCACATACCAATTATATTCAAAAATTATTTCAAACAAATTATTTTTAATATCTAAATATGCTGCAATATAACTGTACGTAA
CP175956.1_gap2	125931	130527	4596	AATTTCCTTTGTATCTTCAGGTTTTGTGTAAGCTTCATCATCCATTATAAATTCTTTTCCCTCTACGGTCTTCACATCCCCACTTACAAAATATCTTCCATATCCCATAAATCTTTTTACACCTGGATGAATAATGTCATCTGTACCAAAAATAGTTTTTACATATTTATTCTTATTGATTTCATATATTGTAATATTTGTAAGCACAAATTCAGATTCACCATTATAAATAATGATTTCAGATGTAGTAACCAGGTTGCTATTTTCAATCTCTCTTTTCATTACATCATCAATATCAAGAATTATAGGCATAGCCCATACCTGCCCATTAACAAGTTTCATTCTGTCACATACACTTTTGAAATCATCTTCACCCACAAAGCCTGTAAGTGGTGCATATACACCATCTACAATATTTTGTGCTTCTTGCATAATCTCATCAGATACAATTATTTTTTTCATCTTTATTATACTTAAAAATATATTTATTACCTCAACCAAACAAATGCGAATAAAGAGACATTGTCATTCCGGAAGTGAAAAATTAGAATTTTAACTTCCGGAATGACAACTTTCGTAAAGCCCTTATTCTGCAACAACTAACTCCTTGCCATTTTCTGTATCCTGTAGCTCAAATATTGTATCTCCTTCAAATTCTAATTCTTTTGTATGTACTTTTCCATCTGATGTTATGACTGTGACTTTAAGTGGGATATTTCCAATTCCTGATTGTTTTTGAATTTTTAATTTATAATTTTCTTCTGTAATTGTATTTGGAAGCGTATATTGAAGCATTGTTGGTATTGTATCTCCAAGTAATACATCAAACTTATATGTATAGACCTGCTTGTCACCAAATACACCTTGTTCTGACCCAGGTGGTTCAAACCATTCTCTTACATACCATTTACTTCCATTTGGCACATACAATCTTGTAAGTGAATGATAATCCATATTGAAATAACTAGGCTGGGTTGCTGTATTTTCATATGTCATACGTGCAGTTGCCAATGGCTTAGTAGTAACAAATGTTCCATTCATAACTTGTTCTTTTATGTCTTCACCAATATATCGTACCATTCTACCTGCCGCTACATCATTTGCCTCTGCGCTCTTCCCTGTGAAATCAACTTTGTATTCCATCGCCCGTTTCATATAATAATCAGACTTCAGAGCTCCTACATTTGCATCAGATATCATAACGTAATCACCATTCCAATTTGTATCCACTTCACCTGCCCAATTTGCACTACTAGCTAATTGTTGTAACCCTTCATTTTTGAACCATAGCTGAATATCTTTTTCGTTTAAACTAGTAGTGACCATCTTTATCATTGGTTCAATATTTTCTAATTTTGCAAGCTTCGGCACAATCGCTTTTGCAATCACATCTATCACATACTTTCTTGCAGCTCTTTGACCATGGTTCATTTTTTTCATCTTCTTACCACCTTCATCATATTGACAATCTTCCCATCTATCGTCATCATCTGAAACATTTAATTTTTTCAATGCTTTTTCACAAGCCTTTCTTTCATCAGCTCGAAAAACTGGTTCCTCTACTATTTTTTGTAATTTCATCAAACCTCCATCACTTGTAAATTCACCATATTTTTCATAATCCTTTTCTGTCAATGATATCGGACCAGTAATCGCTAAGATATCTTCAAAAATAGAAGCATTCATCGCTATGACACCATCAAAATCATTTTCTTGTCCTGAAAGTCCATAGAAATGTTTCGCATTTGAAACATTAGTTGGATAATCTGGAGAGTAATTACTATCTCTAAACTTCCACTTCTTCGTATCACTTAAATATTTCTGTAAAGCTTCTGGCAAAAACTTGTCTGATTTATATGTATTATCCAGATTATTTGAATCTTCAACTTCATACGAAACTATCTCACCATTTTTCACTTCTACAACCGCAAATTGCCCTAAAAAACCTCCTCCAGGACGAAGTTCTAAGTTATTTTGAAGCAATATCAAATATCTCCTAGTTATATCATCTTGAGCTAACATCTGATTTGCAATATCTTGAATTACACCAAATTGTTCTCTAGTATTTTCATCGAGTTGATCAAATTTCAAAACATTATCAACAGACTGAATAGTCTTTTGTAATACAGCTCCTTTTTTATATTTAGCGACATACCAAATAATTCCTCCTCCTATCAGTGATATTATTAATAAGACAGCAATAAACTTTTTCATAATGTATGTATTAATATTTTTTATTTAATCTCATGATCCTCCCTGACCAACTTTTCATTATTTTTTTGAATCCCTTTCAAAACATACTCATCTACCACGTCTTCTCCTGATCTTTCTTGTTCACTTTTCTCAAGTTCTCGAGCATTCTTTATAATTTCTTGCTTTTCTTCATTTGTTATAGGTTCTCTCTTTTTTTTCTCTATTTCATCTGGTGTAAACATTTCCATAATTATTTCATTATCTTTTTACAATAAATTGTGGCAATATACCAACCTCTTTATTTATATCCGAAAATTTATTTCTATCAACTTCATTTGTTAACAACAAAAATTGTTCTAATCTTTGACTTTCTTTCATTGATTGCTCATTTTTACAAATTTTCCCTTCGTTTTCTTGAGCTTGTTTTTTTTGAGCTATAAACGGATTTACTTTTATAGGACTTCTCCGACCAACAACTTTTACAGTATTAGTTGATGCATCAAAAATTAAAGTGTTTTCTTCTCCTGGTCTAGCAACTATAGTTATTGAAGCAACCTTCTTATCTTTGCTACGAATTTTTTCTTTATTATCATATTTATGTTTCATACAATCTTTACATTTGTAAAAATTTATTAAATATGTTCCATTTTTTGCATCGTCAAATGTTGCATGTTTACCAAATTCAACTTCTATATATTTTCCGTCCCGAAACATCATCGCTTTATACTTGTCAGTATTACTAGTTCCTTTCACCGTATAGCTAATTGTTGTACCACCGTTTTTGCGTACCCATTCTGGTGAACGATATCCTTCACCCCACCAAGCATCTGCACTCACAAATTCAAAAGACATTGCAAAAAATAACATCGCTACTAATAAAAATTTTAAATTATAAGTAATTTTATTCATAATTAATCTTTCTTATATTTGCCACTAAGTGATTCATCCCACAATTTCATCATTGGATCCCTAAAGTTTGGCTTTGCACTTTCATCCAATGGCATATCTTTATTTATAAAATGTAATATGCTCTGTCCTCCATATGATGATTTATACCTCTTTTCTAATTTTTCTGGATCCATCTTTCTTGCTTTTTCTGCTGAAATTTGCTTTCCTGTCCCTTTGTGATAATACTTCATTTCTCCACTTTCGCCCATACCATCTGGACGATTTCCAGTGACCATCATATTACTTGATGATACTGCCGTATATGGCTTAAATTTTGTATCTGGTAAACTTTCTAATTCTCTTGAAATAAACGTATTCCACAACGGTGCAGCAACCCTTGAGCCGATACTCCCAGCTCGCATAAGTTTACCATCATTATTTCCAATCCATACCCCGACAGCTATCTCTGGTGTATAACCAATTGTAAGTGCGTCTCTGTAATCTTGTGTTGTACCAGTTTTTGCTGCAACAGTTTTACCTGGTACATAAACTGGAGCACTCGGACCAAATACATATGTTCTAGCTTTATTGTCTGACAATATACTATTCATCTTTCTGGCAACATCTTCATTTATTACTCTTTCTGATCCTGGGGCAGACCCAATTTCTTTACCATTAGAATCTATGACTTTATGTATCCCATGAACTGGAGTCCTTACACCATCATTTGCAAATACAGAAAATGCTCCAACATGCTCAAGTAGCTTTACTTCTCCACCACCTAGCACAAGTGACAAGCCATATCTATCTCTCTGGGTAAGAGTTGAGAAACCAAGTGTTTCTGCAAAATCAATAGCATTATCAATTCCAGTCAAATAAAGCATCTTTACTGCTGGTACATTAAGTGAACCCTGAATTGCTTTTCTTACTGATACAAGTCCATGATTTTGTCCATCAAAATTTTGTGGTATATAATTTTTACCACTTCCATCTGCACCAAAATTTGTAGGCACATCGTATAATAATGTCTCTGGTTGATATCCCTTATCAAATCCTGCTGCATACACAATAGGTTTAAATGATGAACCTGGTTGCCTCAAACTTGTCGTAACATTTACCTCTCCATCATTTTCTTTATCAAAATAATCAACACTTCCAACCATCACTTTTATTTCTCCGCTACTTGGTTCAATCGCTACCATAGCTGCATTTGATGCTCCAAATCCTGGCAATTTTTCTGCATACGCACTAACGTCGTCCTCTGCTCGTCCTTGCATATCATAATCAAGTGTTGTGTATATCCTCAGACCTCCTCTTCTGAGTACATCTTCTCCATACATTTTTTCTAATTGCTCTCTTACATAAAAAACAAAATGTGGTGCATCAATTTCCTCCTGAAAATTAACTAATTTTTCCAATGTGTTTGTATTTAATGCTTCTTGCACTTCCTCATCGCTATACATTTCTAATTCTCCCATCCTCTCTAAAATACTTGTTTGCCTATCTTCTAATTTT
CP175956.1_gap3	137962	138492	530	AGCTGCATTTCTGATTTCAACTGCTTCTTTCTTTTTCTTGTCTTCCTCAGCATGTGCTTCAGCATCTTTTTTCATATTCTCAACTTCTTCGTCTGACAATCCACTTGATCCTTCAATTTTAATTGATTGTTCTTTGCCAGAAGCTTTATCAACTGCCTTTACACTAAGAATTCCGTTTGCATCAATATCAAATGATACTTCAACTTGTGGAACGCCTCTTGGTGCTGGTGGAATTGAATCTAGGATAAATTTACCTAATGCCTTATTATCAGCTGCCATTTCACGTTCTCCTTGCAATACATTTATTTCAACACTTGGTTGATTGTCCATTGCAGTAGAAAATGTTTGTGATTTTGTAGCTGGAATTGTTGTATTTTTCTCAATAAGTGCCGTTCGTACACCACCCATTGTTTCGATTCCAAGTGTAAGAGGTGTTACATCTAATAGAAGAACATCTTTCACATCGCCTTGGAACACACCACCTTGGATTGCAGCACCCATTGCTACTACCTCATCAGGATTAACTGTCA
CP175956.1_gap4	147817	148470	653	TTGCTGTAAAGTCAAAACAATTTGCATTACAATGTTTTGTTGTATGTACTGCATTACTTCCTATTGGGTCACAGTCCCAGGTCCATGGTCCATTTGATGTTACTGCATTAAAGTTACTGACTGTTCCACCTGAACATAATTCGCTTTGTGCTGGTACAGAATCCCATGTTGCATCGTTGTGTACACTGCTACATTCTCCATCTTCTTCATTTGGAGCTGAACAATTTACTAAACCTGTTGAAGCTGTACATGTCCAATTCCAATTTGTTCCATTTAGTGATGGTGTTGATGCTGAATTTGATGGAACACATAAATTACTTGATGGCGCTGTGCCTGTTGGTACAGTATTTGCTGAACCACATGCAGGACATGTTCTTGTTGTTGCTTCATTTAAGTTTTGACAACTTGTTCCTGATGTTGAATGCTGCCTTACACTTGTTGCTGATTGGATTCCCGAGCTACTACATGAACCCCATGAGCTAACAGTTGTGTAATAACATGTCCTACTAGTGCTAGAAACTGTACGATATCCAGTACGTGTTACAGGAACCGTTGTTCTCACAGTACCCCAATAATCTCTAGGAGGATGATTTAGGCAAGCGCTACCACCACAATTGTTATAACATATTCTTGAATACAATGCGCAACCACGC
CP175956.1_gap5	152945	154638	1693	TCAACAGAAGAACCCCAAAATGATAAATATTTTATTCCAAGCTCTCTAGATTTTCTTGCTATTTCTTCAATTGCTTTTGCACCCTCCTCATGTCCTATCCAAGGATCAACTCCATTATCCTTAGCCCACCTACGATTTCCATCAGGTATAACGGCAACATGCAAAGGCATTCTATTATTTTCCATAATTATTTTTCACGATTATTAAGATAATCTGCAATTTCCAATAAAAAACTTTTCACATAATCATCTATCTTTATTTTCATCAAAGCCTTTTTTGATTCTTTTATTAATTTTTTTGAATATTCATCACAGTCTTTTTTTGCACCTGATTCAATTATCATATTTTGGAATTTTATAATATCTTTATCTGTCATGTTTTTATTTCCAAGATATTCATCTAATATATTTTTTTGATCTATTGTTGCATTATTGTAAGCACGTTTAACCATGAATGTTAATTTTCCTTCTACTATATCAGAACCAACTGGCTTACCCGTTTTTTTCTCGTCACCAAATACTCCCAACATATCATCCTGTATTTGAAAGGCTATTCCAATAGGAACTGCATATCCACCCAAACTATCACAAAATTCTTTATCTGCACCAGCTAACATTGCCCCTAATTGCAAAGGTCCCTCAAATGTATATTTTGCAGTCTTATTTTCATACATTTTCAAAACATCCTCTTCAGTTGCTTTCTTACTATACTCCATATAAACATCTTGGATTTCTCCTATACACGTCAATCCCACTATTTGCTGAGTTCTGTTCAATGCTCCTACAATTAATTTTGCATCAAATTTCGATTCAAATAACACCTGATTCCCCAATGAGTAAACGAAATCACCGATTATCATTGCTATTGATTGTCCAAAATGATCTGGTTCATTATTATTTAATAAAGATTTATTATAATCACGATATCTTGCATGAATTGTCTTTTTGCCGTGGCGAAAATCATCACGATCTATTATATCATCATGCATTAACAAAAATGAGTGTATTAATTCTATACTTATTGATGTCTTTAATATTTCAGAATGATTTTTCCCGCCAGCAGCCCTATATCCCAAACACATCATTATAGGTCGAATTCTTTTCCCTCCCGCTAAAATTGTCTTTTTATAATATTTTATAGCATCTATCATAAATATATCTAGATCTCTTTTTTTTGATTCAGCTATAACTCTATCTAAATAAATTTCAATTTCTCTATCTATACTGACCTTAAATTCTGCTAATTCATTTTTTATATCCATACTAAATATTTAAAAAATAATTTTAATAAATTGTACACTGATTTAACATCAAAAGCAACTATTTTTCAGTAGTTTTACCATTTAAAACTTCATCTGAACCAATCAGTAATCGTTTAGTAGTTCCTCCAACAATACTAATAAGAAGTCCAAATAAAACTAATCCCATAAATCTAGTTATTATAGTTATAATTTCACCAGTAATCGTATTTGGCATTACCTGTGGGACACCGCCCAATAAAACTTTACTACTCCAAACCATAGCAATTGGTATATTCACAAATGCTTCATGACTTTCTGCTTCAAAAAACCACATCAATGTTGCGCTAATTAAAATGACACTGACTAACGCCAATATGTAAATTTGCATAGTTAATCTAAACAAACTATCATGACCATGATTTTCAATATCAACATGTTGTTTTTGCATTCTCA
CP175956.1_gap6	178319	182195	3876	GGATACCAATCAATACACACTACAGTATTCGGACCAGATGGTCGAGTTATGGAAATACAAATAAGAACACAGAAAATGCATGATGAAGCTGAGTTTGGAATTGCAGCTCATTGGCTATATGAAACAAAGAAGAAAAAAGGTTGGCGAAGTTACTTCCTGCCAAAAGAAACTGAAGTTGATAAAAAAGAAGTTGAGTGGGTTAAACAACTACAAGAATGGCAAGAAGACCTTGGTAATAATCCAGAAGAGTTTATGGAAGGTCTTAAGGTAGATTTCTTAAAAAATCATATCTTTGCATTTACTCCACTTGGAGATATTATAGAACTACCTGAAGGAGCTAGCGTCATTGATTTCGCATATGCGATTCACACTGATGTTGGTCATACAGCAACTGGAGCAAAGATAGATGGTAAAATGTCCTCACTTGATTCTGTTGTGAGAAATGGACAAATTATAGAAATAATAAAAGATAAAAATAGACCTTCCCCAAATGCAGACTGGCTCAATTTTGTAAAAACTTCTCATGCAAAAAGCGCTATACGACGAGCTGTAAATAAAGAAAATACATAAAAAAATAACACATCATGAGACGTGTTATTTTTTTATAAATACTCTGAAGTTATTTTTGAGTTATTTGTAGATTATTTTTAGATTTCTTCTAATCTAATATTGACATTCACTTTTTCGTTTGGCAAATTAGTAGATTGTACAATTATTGCTTTACCGCTAACATGTCCATCAAACACCATACTTGAAACACCTTCTTGACGCACTGTTAATAATTCTCTTTCCACCAATCCCTGATCAGTCAATGACTTTTTATAAAAATCAACTACCTCATCCATTGATAGACTGGTCTGAAAATTTATACTATCCACTGATCCTTGTTCCATGAAATTTTCTACTTTTTCTGGTAATGGAAATTGAGAGGAAACACCTCCACAACCAACAAATATAAATAATACAACTGCTACAATTATCATTTTTTTCTTCATAGTTTTTTACTTTAAATAATTAACTTAATTTTAATTTAGATAATACGCCCTTCAATTCTTCTTCAGAAAAATAAGATACTGTTATATTTCCACCACTAGCACTTTCTTTCACTCTAACTTTTGTACCAAAATATCTAGTTAGCTGATCCTCCAGTCTACGTGCTTGAGGCGTCCTTTCTGTTATCCTTCTAGCTCTTTTTTCACTACTAAATCCAAGTAACTTATTTTCAGCTTGTCTAACTGTTAAATTTTCGTCTGTTATCAATTTATATAATGCTAGTTGTTTTTGTGGATTACTCATGCTCATTATAACCTTTGCATGACCCTCTGTAATCTTACTAGTCATTAGTCCTTTTTGAATTTCAATTGGAAGTGATACGAGTCTCATACGATTTGCAACAGCTGAACGACTCTTTCCAGTTCTTACCGCTATTTCTTCTTGTGATAAATCAAATTCTTCAGCTAATTTTTTATATGATTTTGCTTCCTCTATTAAATTAAGATCGTGTCTCTGTACATTTTCTATAAGAGCTAGCTCCAATTTTTTCTGTTCACTAAAGTCTTCTCCTCTTTTCACAACCACTGGAACATTCTTAAGTCCAGCTTTTTTTGATGCTCTCAACCTCCTCTCACCAGCAATTAATTCGTAATGATCTCCTTTATGAATTGCTATTAGTGGTTGCAGAATTCCATGCGTTTTTATAGAACTTGTTAACTCATCTAGCTTATCATCATCAAAATATATACGAGGCTGTTGTGAATTAGCTCGCACCATACCAATCGCCACATCTTCAACAAAATCCCTATCTATTTTCTCCACATCTATATCATCACTAACAACCTTTTGCTCTTGGCTTTTTTCTTGAACCTTTTTGTCAACACTTACTTTTACTGGCTTTTTTGTAACTATGCGTTTAGTTGCACCATGCATAATTGATTGTTTTTTTGTAACTGGCCTCATTTTTTCTACATCATCACTACTATTATTTTTTTGTGGAATCAGTGATGAAAGACCTCGACCTAATCCATGTTCTTGTGCCATAAACTTTATTTATAATTAATTTTCATCCTCCAAAGCAATTATCTCTTTTGATAATGCCTTATATGCTCTAGCGCCTTTATTTAAATTATCAAACATTGATATTGATTTTCCATAACTTGGAGCTTCTGCAAGCCTAACACTTCTAGGTATAATACTCTCAAAAACTTTTCCAGGAAAATGTTGTCTCATTTCTCGTACAACTTGCTTTGCTAATCTATTTCTTCTATCAAAAAGAGTAATTACTGCACCCATTATATTTAATTCAGGCTGAAGATTATTTTGAACTAAATCAATGGTTTCTAATAATTGTCCAAGTCCTTCCAATGCGTAATATTCTGCTTGTACTGGTATGATAACATCATCCGAGGCTACAAGTCCATTTATTGTAAGTAACCCCAAGCTTGGTGGTGAATCAATAATTATGTAATCATAATCAGTTCTAATCTGTCTCAAAGTATCATAAAGACGAAATTCTCTATTTTCAATATCGATTAATTCTACATTTGCACCTGCTAAATCAGCAGTTGCTGGGACTATGTGGAATCCCTCCATTTCAGTACCAAATATTGCATCCCTCAAATCACCCTTATTCATCATTGTAGAATACAAACTATGTTCTACACTTCTAGGATCAATTCCTAATCCACTGGTAGCATTGCCCTGTGGATCCAAATCCACCAAAAGAACAAATTTACCAGCCTCAGCTAAATAGCTTGCTACATTTACTGAAGTTGTTGTTTTACCAACGCCACCTTTTTGATTTATAAATGAAATAATTTTTGCCATCGTTCTATCACTTTAACTACTTACAATACTTGCTTATATAAAACAATTATACTATAATATCACGAGTACTACAAAGAATATGCCTCGGTGGCGGAATTGGTAGACGCGTTGGACTCAAAATCCAATGTTCGCAAGGACGTGAGAGTTCAAGTCTCTCCCGAGGCACACATAAAATTATAACTTAAGGAGGTATACGTTGTGGATATTAAAATTCGAATTGGTAAAACTCGTATTGTTATTACTATTGGACCTTATGCCTTTAAAGTTATACGTATCCGTTTTTTTGACTTTACTTATAAGTTAATAAAACTACACTATGACAAAATTAAATTTGGAGATATTGTAGCTTATAAAACTCTACGTAGACACAGTCGAATACTATTGTTCAAAGATATGTTCATTGCATGTTTGTTAGCAAATTACCGAGAATATCAATATTGGAATAGTGCCACAATAAAAAAGGAGGATTATGTACCTACATTATTTACACTATTGTATATAATAAACGTGCAAGAGCGTGATGATGTTGCAGATATAAATACTAAACTAATCGCACCTGCACATAATAGATGCTGTGGACGAACTAAACTATCTGATGAATTGAAATATTTAGACAATATATCAAAAACTGGTCGCATCTTGGACTATGGAAATAAACGTGTTACATCATAATGTTGTAACACGTTTTTACTATATCTGTTTTCTAACTAAATATCCTAATTCTACATTAAGACGATTGCCTCTTTGTTAATTCAACTATATTTTCAAGTAAACATGCGATCGTCACCGGACCTACACCTCCAGGAACTGGTGAAATTATAATTTCTCTATCTTCACAATCTATTATATCCACATCTCCAACAGTCTTATCTCCATCTTTACTAATACCTCCATCAATAATTATTGTATTATCACTTATCAAATCACAAGAAAGCAAATTCTTTTTACCACAAGCAGTAACTACTACATCCGATTCATTTATAGAAAGCTGCTCAGATGTACTGAATTCATCTTTATTTATACAAGATATAAACTTAACATTTGCGCCCTCAA
CP175956.1_gap7	188899	190716	1817	AATTAATTTTTTTTTCTTTTGTCTTCATACTAAAACTTTTTTTACTTCTATGAAATATTAAATGATCTGTATTCACTATACTCTGTAATTAAACTTATTGCACGAGCTAGTTTATCACTATCATGACGGATAAATGCTCGTGTATGAGCAAGTGCATCTCCATTAGTGGCTTTTATTTTTTCTTTTCTAAGTAAATCGCCTTCTACAATTCTATGGTTCTTATTGTCTTTATATTTACACAAAACCAATGAGTCTTTTCCTTCTTGCTTTTCATATTTAGCAATCATACTTTTATGTGGTTTTTTAGAATTATAGACTACAAAATCAACTCTATTTTTGCCTATTAATTTCTCTATATTTTTCACATAATCAGCTACTGTAAAATTATCAGTTTGACCATATTTATTTGTAAGAGGTGCTACAAAAATAACTTTTGATTTTGTTTTTTTGATTGCATTTTTTATTCCACTAACTAATAAATTTGGCACAATACTTCCATAATGATCACCAGGTCCTATTATTATAAAATCAGCATCATTTATTGCCTTAACAGCCCGCTTATTTGCTCTTACAGTTTTTGATAATCGCACTTCATGTATACCTGTTTGCCTAACTTGTTCATTATCATCCAACTCTTTTTCGCCCACAATTATTCGTCCATCATTTAACTTTATAGTAAGACGCATATCATCTTCACTCACAGGAACAACAGAACCTTTCACATTTAATATTTCAATAGCCTCAATTATTCCATCAGAAAAACTTCCGTTGATTTTTTCTAAAGCTGACAGAAAAAGATTTCCAAAATTATGACCTTTTAAATCACCGTTATCAAAACGATAGTTCATAAGCTCTCGTAATTTATCACTTGAGTCCGACAAGGCCACAAGACATTGTCTTACATCTCCTGGAGGTAAAACTCCCAGTTCATCTCTAAGTTTTCCCGTGGATCCACCATCATCAGCCATAGTAACAATTGCTGTAAGATCATATTGATAATTCTTTAATCCTGACAACAAAGTGAATGACCCCGTCCCACCACCAATTGTAACAATTTTTTTATTTTTCATGATTTAGTTATTACATAATGCTTTATATTATTACACTACTCTAACATAAAATTTACTTTAATGCTTTTAGTTTGTTGACAAAAAACAAGTTTTATGTAATACTACTAATTCAGTTTTTTAAATAGGTACTAACTACCTAAATAACAATACAAGGAGAACAAGCTGATGAAAAAGGGAAATGTACGTTTAAAAAAGAAGACTGCTAAAAAAATTGTTGATTTTGCCATTGCTATTGCAGATGCATTGGGCATTTCTGGATCTATTGCCGTTGTTGATACTGATAATAATTTCATTGATGGTATACTATATGGTCATGCACGTCCTATGACATACGCCATTGCGACAAATAAAGCAGCTCTCTCAGGCTATACTGGTGCTCGCACTGGAACTACTGCCCAACAAATTGCTTCTGGTGAACGCACATTGGAACTGTATGGTATTGATCCAGAAATGAATGTTCCTTTTCCGGGAGGTTGTCCAATTTACACAAAAAAAGGCATCCTCATTGGAGGAGCTGGATTTTCTGAACAAACTGGCATCACCGATGAAAGAATTATATCTGCAGCTATTGAAGCATGTGGTTTTCTTTCTGATACACCTGCAATGACTGATATTTCTGAGAAGCTTATCCAAAAGGCTGTCAAGAAAGTAAAGAAAAAACTGAAGAAAAAATAATTTTCTTCTCAATATATATCCCACACCGTCAATGACGTGTGTGGGCTATTTTTTTAAAAAATATCACATAGT
CP175956.1_gap8	219385	222080	2695	AGTCCTACTAGTACACATGAATAAGTTCCTTCTGAATCAATTCCTGCACTACATTCGTTTGTATATGTTCCACTTATAATTCCCCATTCCATAAATCTTTGTGGATTTTCAGATCCATCATCTATCACATTTCCATTTCCTGTTGCTGTTGTTGAATTTATGGATGTTGTATTTTGTGTTGATATAGTTGGTGCACTCAGCGGACAGTCAAGTCCTGCATCATTTATTGTCCAGCTATATGTTGATATGATATTTGATCGCTCTGTTGCACTATTACAATAATTTGCTGATGAATCTAGTTGCACATTATTTTGAAGTGTTTGTGATTCCCATCCTATTAGTGTGGCATCATAGATTGTTGTTGAGAGTCCTGAATTTACAAACATCCCAAGCATATCAGTAACACTTCCTATTTGCCATGAGCCCATATTTTGATTAAATGCGGATGCACCATAAAACACATATGACATATTTGTAACAGATGATGTATCCCATGAACTTAGATTTTGATTAAATGCATCTGTAAAAGAAAATAATTCAGACATATTTATCACACTACCTACATCCCAAGAGCTTATGTCTTGATTAAATACGTCTGCATTAGTAAACATCCTATTCATATTTGTTACACTATTTACATCCCAAGAACCTATATTTTGATCAAATGCTCCTGCATTAGAAAACATCTCATACATGCTTGTAACATTGCTTATATCCCAAGAACTTATATCTTGATTGAACATATTAGTACCTGTAAATAGTCTATCCATATTTATTACATTACTCGTGTTCCAAGAGCTTATGTCTTGATTAAATGAATTTGCACCATAAAACATTCCTGATATATCTGTAACATTACTTATATCCCAAGAGCTTATGTCTTGGTTGAATGTATTAGTAATTGCAAACATGTGTGACATGTTTATTACTGATGAAGTATCCCATAAACTTATATCTCCATTAAATGCTGGTGTATAGTAAAACATATATGACATATTTGTAACAGAGGATGTATTCCAAGAACTTAAATTACCGTTAAACGAAAATGCTTCTCTAAAAGCTTCCCACAATGACGTCACCGAAGATAGATCAGGAGTATCTGTAAAAGTACCTATCATATTAATACATCCTAAAAAAGACCTTTCCATCGAAGTCCAAATTCCTATTCCCCATTGATTGATATCTAAAAGCTTTTCTCTATCTCCTGTGTTATTGAAGTAAATTCTAGGAAATCCAGTTTTTAATCCTGTATTATCTTTTATTCTTATAGTATAAGTTCCTGCAGCTCCATAGTTACATGTATAATTTCCTGTTTGAGCTGTTGCGTCATCTGAACCATCATTATCACAATCTATATTATAGTTATAGCCGCCTCCTGTTGTTGGTATAGTAAATTGTGTATCTGATGAGCTTCCTGTGTTATCTGTTTTTACTGTTATTACAAAATCATTTTCTGGTGGTGTTGAACAATCCAACCCGGCATCGTTTATCGTCCAACTATATGTTGATATAATATTAGCTCTTTCTGTTGCACTATTACAATAATTTGCTGATGAACCTAGAGTTACTCCATTTTGTAATACTTGTGATTCCCAACCTATTAATGTTGCATCATAATTTGCTGTTGATAAATTTGTCGACAAAAATATATTTGTCATATTTGTTACATTGGCAACATTCCAGGTACTTAAATCTTGATTAAATGATGTTGAACGAAATACATTACTCATATCCATCACAGATGAAGTATCCCAAGAACTAACATTTCCATCAAATGCAGATACAACAAACATGCTATTCATATCTGTTATAGATGAGGTATTCCAAAGACTTAGATTTTGATTAAAATTAGGTGCATTATAAAACATATACCTTGTACTCGTTACACTTGATGTGTCCCAAGAACTTATATCTCGATTAAATACAGATGTTCCATAAAACATACCACTCATATTTGTTACATTTGATGTGTCCCATGAGTTTACATCCCCATTAAATACTATTGCATTCCAAAACATAGAATTCATATCCGTTACTAACGACGTATTCCAGGAATCTAAGTCTTGATTAAATACAGAGTTATCAAAAAACATATAACTCATATTAGTTACATTTGATGTATCCCATAAACCTATATCTTGATTAAAGATGGATGACATACCCGAAAACATCTGACTCATATTGGTTACATTTGATGTGTCCCATGAAGTTATATCTTGATTAAATGAACTAGCATGTCTAAACATAGCCCTCATATCTGTTACTGCTGATATATCCAATGTACTTATATCTTGATTAAATAAATCTGTATAGCTAAACATGGAGCTCATATCAGTTACTGCTGCAGTATTCCACGCAATTATATTATAATTAAATGCGTCTGCACCATAAAACATACTTGCCATATTTGTTACATTTGATGTGTCCCATGAAGTTATATCTTGATTAAATGCGATTGTGTCTGCAAACATGACGGACATATTTGTAACTGCAGATGTGTCCCAAGAACTTATATCTTGATTGAAAACTGGAGCATATCTAAACATATTATTCATATTGGTTACATTTGATGTGTCCCATGAAGTTATATCTTGATTAAATGAAGTAGCTTCATAAAACATGTAACTCATATTTGTTATTGAAGACATATCCCAGTTATTTATATCCTGATTGAAAGAGTCTGTACCTCTAAACA
CP175956.1_gap9	224149	225447	1298	TGGCTCTGCTACTGTTACATGAAATCCACTATTTTCATCAATCTTTGATACTGACATTGTTTGAATTACTACACTGCCTTTTGGAGTTACAAATATTCTACTATTTTCTTGCACTGCTTCAGTTGATACAAATACATCTATTGCATCCATTGCTATTTCAGACTCACCAATTGTAGCATTGTTTTCCTCACCTGTTATAACTATACTTCCAGCCTCCAACTTTCCAACTGTTATTATTCCGTTAATAGTTAAATCGCCATTTTCATCTGTATAAACAAGTGTATCCGGATTTATAGTAACAAAGAAATCCATTATCTCACTATGAGACAACTCTATGTCAGTCATTCTATCTTCCACATCACTTATCAAGTTTGCATTTATATTTGCATTATTTTGTATTTGTAGAGATATGTCATTAACCTGTCCTGTAATATCATCGAACTGATTTTCTATATCATTTAGGTTTTCATCTACTGACAGATGTAAATCTTCTAATGTTTGGATATTTGAGTTTGTTTGTAATTTATTTGTATTTATCAAAGTATTTTGATCTTGCACTGCTTGTGTAATAACTGGAATCATTCCAATAGTACTTAATTGCAGATATCCCGTTTCTTCATCAGTTCTTACTAACTGAGGAAGTATTTCTTTTACTTCTTGAGCTATGAATCCATAAGTTGGCAAGACATTTTCATCTTCTGTTTTCCAGTTGTATGTTTTTGGATTTAGTTTCATTAAAGTTTCTAGTCCACCCTGCACTGTTGCAATATTTTTCTTTAGCCTTTCATCTGAAGAACAATTCAATGTTCCTCCATTTGCTGTAAGTGTACAAGATGTATTTGTTGAATCATTATTAAATCTTGCAATTACAGTACTTGATCCTGTCGTTCTTACATCTAGCGCATACAGAGGATTATCTGTACCAATTCCAAAGTTTCCACTTGGCTCGACTGTTACTGCCGTACCGGCATTGTACGAGTATGTTGCATTTGTATTTGCACTTGTCACTGATCCTGTTGTCATTGATGTATCTGATGCTATCGCTGAAATTGTTACAGTATCCGCTCCTATTGTTATTTGATTTCCTACTCTAAATGTTGAAGTGAATTTTGTGTTTGTTCCTGTTACAGTTGTACCTCCAGCTGAATTTGTCACTGTACCAGGACCTACTTCTACAGCAGAACTTGTAACATTAAGTCCTGAGCCAATTGCATATGCACCAGTTGCCTGATCTATCCCAGAGAAAAAATCATGTGCATTTCCATCAAATTGAATTGATGTATCTTGTGCTACTCCAG
CP175956.1_gap10	307258	309228	1970	ATTATTTCCACCAAGGACTGAGTTAAACTACTTGTTGTGCATACACCATTCGTATGCATTTTGAAACATCTTCAGCCATGGTGCTACGTGACCATTTGCGTGAAGTTCACGTTTCATATCTTCTGGCAGATAATGACACTCCCATGACAGAAACGTTCGTTCAGGATGTGGCATCATCGCGAGATGACGACCGTCTTCTGAACACATGCCCGCCAGACCTTCTGGAGAGCCGTTTGGATTAAACGGATAGTCTTCTGTTGCCCAACCAGCATCGTCAACATAGACAATCGGCAAAAGCTTTTTCACTTTCAAATCATCAATCATATCATGATTTGGAAAATGTAATTTACCCTCACCATGAGCAACATTGATTCCAAAAGTCAATCCTTCCATACCCTTGAACATAATTGACTGACTCTTCTCAATTGTTACAGTTGACCACCTTGACTCAAATTTCTGCGAATCATTGTGAATAAACCGTGGCTGATCCTCCGGTGCAATCCCACGCCATGGAACCCAACCAAGGAGTCCAAACAATTGACAACCATTACATATACCCAATGAGAAAGTATCTGTACGATTATAAAATTCTTTAAAAATCGCACTAACTTTTTTATTGAACTTGATTGTCGCTGCCCAACCCTTGGCTGACTCTGGTACATCTGCATAAGAAAATCCACCTACAGCAGCAAGACCTACAAACTGATTTAAATCTTTTACCTTACCAGTAAGTAAATCAGTCATTGTAATATCCCACGGTTCAAATCCCGCAGCATAAAACGCCGATGTCATTTCACGATCAGAGTTACTTCCCTCTTCACGCAAAATTGCCACCTTTGGTTTATCGGTTGCATCCAAAACTTCCTGCGAAGTAACTTGAGGCGTAAAAGGCACAATATACTTTGGACCAGATCGATCAAAAATATTTTCCTTTTCTGCATCAGCACACGCTGGATTTTTCTGAATACGTTCCAGTTGATACGAAGTCTCTTCCCATTCTTGGCGAAGAATTTTCATATCTTCAGACAGAACTGTGGCACAGTCATACTTAATTTGAATTAACTGTTTCTTAGTTGTTTCTCCGATTACATACACACCTCCATGATGAGCGCCATGAGCACAGATAGTAGTAAAAACTTCATTAACATTACTATTCTCACACTCAATCACAATACCTAACTCCTCCGCAAACAATCGCGGAATTAACATCCTAAATGGTGCATGACATTTTGCAAGATCAATATTTATCCCACAATTACCAGAAAACGCCATCTCAAGCAATGTTGCAATCAAGCCACCATCACTCACGTCATGTCCAGCAAGAATTAAACCTTTACTAATCAATTCTTGAATAGCTAGAAATGCATTAGCTACTAATCCCGGATCATCCATATCTGGTGATTCATCACCAATTTGACCCCGAGTCTGAGCTAGTGCAGTTCCACCAAGACGCATTTTACCATCGGAAAGATCAATAAAAATAAGTTTGCTCTCACCTGGCTTCTTAATGTCTGGTGTCACAACTTTTGTGATGTCATCCATCGCACCATAAAGAGAAATAACAAGCTCACGTGGTGATTTCACTGTTTCATCACCCACAATTGTCGCCATTGACATACTATCTTTTCCGCCGTCAACTGCGATACCAATTTTTTCCATTGATCCACACATTGCCCTAGTGGCATCATTGAGAGCAGCTCCTTCACCCGGAAGCTTTGGCGCCCACATCCAGTTTGCACTGCATTTAATCTGCTCTAGATCCAATCCACCAGCCCACATCAGGTTTGTCAGTGCTTCACCGACAGCCATACGTGCTCCAGCAGCGGGATTCACCATCATCTTAATCGCTTGCTCACCAATTGCTGTCGCTCCACCTGTAAGTCCAAAATGACTCTGCGCAACCACTGCAACATCTGCAAGTGGTAGTTGCAACGGTCCAACACATTGTTGTTGTGCTATAAGTCCCGTTA
CP175956.1_gap11	369188	373618	4430	ATCACCTGCATTCGCCCTTGCTACAAAAGGTGCATCCAGAGAGATTGCAAGTGCAACAGGATTAATAGGCTCATCTATTACTCCCTGTGGTTGTGTAGGTGTAACTAATCCTTCTTGTGAAGTTGGAGCTGCCTGACCTTTTGTAAGTCCATAAATCATATTGTCATGCACAATAACTGTAATGTTGGGATTTCTACGAATTGTATGTATAAGATGATTTCCACCTTCCCCGTATACATCTCCATCGCCACTTGTCACTATCACAGTTTGTTTTGGATTTGATGCTTTAATTCCTGTTGCTACAGGTAGTGCTCTACCATGCAAGCCATTGAAAAAATTTGCTTTAAAATATTGTGGTAATTTTGCTGCTTGTCCTATTCCAGAAACAAGTGTTATATCTTTTGGTTCAACGTCAATATCTTGCATAACTTTTTTCAAAGTTTGCAAAATAGGAAAGTTTCCACATCCAGGACACCATTGATTTTCAACTGATGCTGGAACATTAAAATCTTTTTTTGTTTGTGATGCTGTAATCATATTTTTAGTATTTTAGTATATTAATTTTACCTACTTGTCATTCCCGCGAAGGCGGGAATCTATCGTACGGTATCAATATAATCTTACGGGAAGATTCCTGCCTTCGCAGGAATGACACCTTTTATAAAACATTTTTAATTTTTTCTGTTAATTCCTCAACACTAAACAACTCACCATTCCATTTGAGAATTCTCTTATCAATCTTTCTTTCACATTCTTTTTCTAATAAATCAGCAAATTGACCCGTTGCATTATTTTCAATAACTATAACCTTATCTGCCTTAGTTATCATTTTCTTTGCATTTTTATTCAATGGAAAAACTTGCACGAATTGCACAACACTAACTTCTTTATCATCAATATTTTCCACTGCTTCTGTGATTACGTTTTTATTTGAGCCCCAACATACAACAAGTGTTTTAGCAGATTTCTTGCCCATAATTTCTGGCTCTAGAGCAGTATCTTCTAACAATTTCTTTCTTTTGAAATATCTTTTTTCCATCATCTGCATACGCAAACCATCCATGTCTTCTGTTATGCGACCATGTTCATCATGCTCATCACTATCTGCACAAACTAATCCATCACCAAACCCAGGTACGCTCCTCGGAGAGATCCCATCATCAGTGATTGCATATCGCTTGTATTCCCTATCAGATTCCACAATATATTTTTGATGTGGTAAAACTGCAAATTCTTCTTTATCAATAGTATAAAGGGCATCTACAAAATATTGATCAATGAGAATGAATGTTGGAATTTGATATTTGTCGGCAACATCAAGTGCATGTGCTGCTATTTCATAAGCTTGAACAGGAGTTCCTGGTGCATAAATTGCTCGTACAAATTCCCCATGACCTGCATACAAGACTAGATTTAAATCTTCTTGTGCGGTTTTTGTCGGCAATCCTGTTGCTGGACCAGGCCTCTGAGCGATGTGTATTGTTATTGGTGTTTCAGTCATTGCTGCAAGTGATACAGCTTCACACATAAGTGCAAATCCTCCACCAGCAGTTGTGACTATCCCACGGGCTCCTGCGTAACTTGCTCCAATTGTCATATTAATCGCTCCCAATTCATCCGTTGCCTGTTCAACAACAACTCCACAATCTTTTCCATGTTGTGCCAAAAATGTTAAAAGTCCAGTAGATGGAGACATCGGATAAGAAGAACAAAAATCCACACCTCCCGCAAGAGCTCCAAACCCAACAGCATCAATTCCAGAAATAAACAAATCATCCATCACTCCTTCATCCGTTTCAAATGAACATGTCACATCATTGCTAAATGCAAAGTGTTCTCCCATTTTATAACCTTTTTCAAGTGCTTCCTGATTTTTTTTAATAATATCTTCACCTTTTTTCATGAAAAATTCTCTCAGATATTCTTTTGGACGATCTATTTCAACTCCCATAAGTCCAAGTATTGCGCCTGCTGCTACAGTGTTTGCAAATACTCTATGTCCGATTGCTTGTGCGATATTTATAAAATCAACTTCCATTATACAAGTTGAACAAAAGTCATTATTCTTAAATCCCAAAAACATTGTGTCATCAGTAAATCGTTTTTCACTATGTTTATATCCATTTGGGTCCAATGGCACAAATAAATCGATACTAGACTTATAAGCATCTCGTTTTTTACTTGAAATTCTAATAGTAGTAGAGTTCATTCCACCTCGAACACGAGACATATATTCTTTTGTAGCAAATACATGATAACCTTCACGCTTTAGCACATGAGTCAAAATATGAGAAACACTCTGAATTCCCTGACCAGCCTGACCTGCAATAACCAACGAGAAATCATCTTTAATATGTCGTGACATAGATATTTATATTATTTTTTATATTATACCTAGTATACCACTAACTAGTATTGTGTTCAAAAAAATAAAAACCACAACTTACTATTATAGTGAGTTGTGGTTAAATCCTATCGCTTTTCTATAGGAGCAATTGTGATTGTGGGAAGTTTTGATTTGTCCGTATTTTGATACTCTGACAAATCAATTTCCTGGCGACGATGCACGCTCATTTGATATTTCACATCATGTGGTATTGGTGGCAATACTTCTTCAATCATTGCACGTTTAGCTAAATTAATTGGACACTGCTTTAAATGAATAAATTTACTTATCACAATGAATTTCACATCAATTGTTAACTTCGACTGTTCTGAGCTAAAACTGGCATCAATATAGTAATACTTACTCATGCATGGATCTCCTTATTTTTTTATACTTCTTTTTAAAAATTATACGCTTTTTAAATAACCTCGAATTCACCACTATAGCACTTATTTCATGTTTTAACAATACCTCAACTCCTCACATCTCATTTTTCTATTGAAAACTTTTTTTGCTTATGGTAATGTTCTTATTATCAAGTTTTTTAAAATATACTAGATTGGATTTAAAACTCTACTTAACCAAAGGAGTGATTTATGCAACAACAACTGCATCAAGTTACGTATTGCAATAGATTCCGAAATAGACGACGATCTACAAAAAAGAAATATTGGTTCAAGTGCCTACATGCCTTACCTGAAAATCCACGTTTTGAATATCTACGTAGTAACCAAATTACTTTCAACATTTACTTGGGACACTACAATGCGCCAGTAGCTGTGGAAATAAAAAAGATTCGACATCTACGAAGGTCCCGATTTGGAAAACGAGTTGAATTAAGTTTAATTCATGTACGAGGTGATAAATCTTACAAAATAACAGCAATTTACAATATAAATAATGGCTCAATGGTAATTCACCCTGTGCCAAAATTTCTATTTGCAAACTAATACTTAAATGCCATGATATTTATACAAATATCATGGCATTGTTTTTTTTATTTCAAAATAAATCCAACATTAAAACATCCTGTACTAATCAAAAATACTATCATTAATATTGTGATTATAATTGTAATAAAAAGATATATCCCTGCTGATCTTTTAGAAAGTTGTGTTTTAGGTGGTATTTTCTTCATTTTCTTAGGCAACAAGTACAAAAAGAAAGGCAAAACCAAACATTGCAAAACACCAAATGTACACCACACTGAAGGATAAGTTACACAAATATTAACTCCATTAGTATAATGACTTCCTATAGAATAGGCTGCAGCAATCAAAAAAGAAATTGTCATTGAAAACAACAGATACATCCAAGACAATGATTTTGAAATATATTGTCCTACATTTTTTTGTTCAAATAAAATACAAATATTCCAATACATAAATAACACAAACCATGCAAGTGACCACAAAAATATCGAGTGATGTTCTAAATGGAAGTCTAACACTGTAAACTCTACTGGTTTTAAAAATAAATAGATCGCCACAATAGCTACGACAATACTTAATTCCCTGACATATAACTTACGATTATAAAATTTTTCCAAAGAAAAAAGATAAAACACCATTCCAGTTAATGAAATTAAAAGACCTATTTTATAAACTATTACACTCCCAGTAACTAAAGAAAGAAATTCGAAAATCTGATGAGTACCAATCATTGAACCTGCTATCATCAAATACTTCAAAAAAGGTATTAGCTCTTCTCTATTTATTTTTTTGTAATAAATGGAAGCGCTTAAATATCCGATTAACGCACCAGCCCAAACAACAAGACCTGTCATTAATTGCACTTTTTCTACATAATTCATAATATTTATTTTTATATTGACCTTGTTACGTAGCCTACTATGTACCAAGCATTTATTCTCCTAATTCTTTTTTCACTTCTTCAAATTCATTTTCAATTTCTTTTAATCGTTTTTTTGAATCTTTAATAAGTTTAGCTCCATCTTTCACTTTTTTGATTCCTTCTTCAACATCAATCTCATCTTGCCCATCAAACCATGTCACTATTTCTTCAATTTCTTTTAATGATTTCG
CP175956.1_gap12	401848	403196	1348	TTCATTTATAACTGTTGTCAGAGCTTCTTTTGCTACATCCATTTTTGATTTTCCTCCATCTATGATTCCTGCCATACTGCCTGATACATCCAAGATAATTTCGACATCATTACCTTTTATATCTACTGCCTGGACTTGTTGTACAAAAACCATACTGAATATGGCTAGACTGAGCATTATATAAATCTTGTTCATACTTTTATTTTTATTTATTACTTAATTATATTATATATCAATTTCCCAAAAAAATAAATATCACTAAACTCTTCATTAAATATTTATTTATTTATATTTTTATCACAAATATTTTTTAATACACATTCATTACATTTTGGTTTTCTTCCACAAATTGCACGACCATGTGTTATTAAATATTCATTCCAGCTTAAGTATTCGGATGGATTAATCAAATCACTTAATTCTTTACTCATTTTAATTGGTGTATTTGCATCACTTAGACCAAACCGCTTTGATAACCTAAATACATGCGTGTCCACTGCCAATCCATCATTTTTATCATACAATTTTGCTAACACTAAATATGCTGTTTTGTGTGATACTCCACGTAATTTCAATAAATCTTCCAAATTATCTGGTACTTCCCCATTTAAATCTTCTGTAATAATTCTTCCAGTTTCTTTTAATGCTTTTGCCTTTGATTTATAAAATCCCGTTGAATAAATTTCTTTTTCTAAAGTTTTTATATCTGCATTTGCATAATCACTGGCTGTAATATACTTTTTAAAAAGCTCCTTTGTTACAATATTCACACGTACATCAGTACATTGTGCTGAAAGAATAATTCCAATAAGTAATTCCAAAGGATTACTCCAAATTATAAAAGGTCCTGTTATTTTATATTCTTTTTTCAATAACTTTAATATCTCAACAACTTTATCTTTTTTATTCATATTTAAATTGTTACACAAAAAAACCACATTGACAAAAAAATATCTCACTGTTAGACTAAACCATTACAAAAAAATTGTTATTTTAAAAAACAACGGAGGAGTTACACATGTCAACTGAAAGAAGAGCTGCTATTATAAATGATATTCACAAATTACAAGAAGGTACTTCAACAGAGGCTGAAATAAAGATAGCTATATCAAAATTACTCATACTTCAAAGAGCCGAATCTTCAAAACATGAAGATGAGTCTCTTCAGTTATATGCACTTATTGATGAACTTACTGACAAGCTTGTTGAACAAAAACGTGTATACTCTTCTTTAGAATTAGCAACAAATCAAAAAGCATCTGAAATATCGATACTTCAAAAAGAAGCACAACTTCTTAAACGCAAGCTTCTTGAGAAAGATGCTGATTTGAACTCGCTATCAAGATAT
CP175956.1_gap13	501733	502774	1041	TAAAAATAAAGTATGCAAATTGTACCACAGTATATTGACATTGAAGATAAGATAGCAGGTCCACTTACATGGAAACATATAGGATGGTTATTTGGTGGTGGTGCAATTCTATCATTTTTATTTGTTACATTGGATAGAATTACATTTATGATTATAGCAATTCCATTTGGATTGCTTGTAATAGCAATGGCATTTTATAGACCACAAGGAGTTCCTCTTGTGGAATTTATGGGATATGGATTTTCATATATTTTTAAACCAAAAAGATATCTATGGTCAAGAGATTTTGAAGCAGGTAATCAACAGAGTGATAAGATTGTTGAAAGTGTTGTAAATGTGAAGCAAAAGGAAAAAATGACTATGGATGAAATAACAGCAATATCACAAACATTAGATAGTGGTGGTGTCCAGAGGAATAAACAGATGCAAGAATTAATAAAGAAAAATATAAGTACTGCAAATAAAAAATAAAAATATGAGTTTTTTTGGTTCTAATAGTGAAAATGTAAATAATTCAGGTATCAGTACATTGAAGTATGTTGATATTAAAACAATAAAAGATGGTGTTGTTGTATTGAAAAATGGAGGAATGAGAGCGGTTCTTTTAGTTTCATCAATCAATTTTGATTTGAAATCATCAGATGAGCAAGTTGCTATTATTGGAGCTTATCAAAACTTTTTAAATTCACTGGATTTCCCAGTGCAAATAATAATAAGTTCAAGAAAATTGAATATAGGTCCATATACGGAAATACTAAAAGAAAAAGCAAAAGAACAAAGTAATGAATTATTAAAAATTCAAATCATAGAATATAGAGAGTTTATATCAACACTTGCGGATGTTACTAATATTATGAATAAATTCTTTTATCTAGTTGTACCATTTGCTCCGGTTGAAGATAAAAATAGTGGAGTTTTAGATAAAATAACAAATGCAATAAATCCATCTCAAAGCATTACTCAACACAATGAATTATTTGAGACTTATAAAAATCAGTTATGGCAAAGAGTGGATCATGTAGCAGCAGCACTTGGTGGCAC
CP175956.1_gap14	504124	505894	1770	TACAGATGGTATATTTGGAGGATTTTTGAATAACCCAACAAATATTGAAGTTGATAATCAAATGGTTGTATTTAATATTCGGGATCTTGAAGAAGAATTGAGACCAATAGCAATGTATATGGTACTTCAATTTATTTGGAATGAGATGCGTACAAATCTTACAAGACGTATCGTTGCAGTAGATGAAGCCTGGGTTATGATGCAAAATGATGATGCAGCTGCTTTTATGTTTGGTATAGCAAAAAGGTGTCGTAAATATTATACAGGACTTACGACAATTACTCAGGATGTTAGTGATTTTATGTCCAGTAGATATGGGAAGCCAATTGTAACAAACTCATCATTACAACTATTGTTAAGACAATCCCCAGCTTCTGTAGATGTAATTACTGAGACTTTTTTCTTAACAGATCATGAAAAATTTTTATTATTAGAAAGTGGTGTGGGTGAGGGTATCTTATTTGCAGGACCAAAGCATGCTGCAATTAAGGTTATAGCATCCTATAGTGAAGATCAGATTATAACGTCAGACCCAAGACAATTAGAAGAAATCGAAAAAGCAAAAGCAGAGCTAGAAAATGAAGAATAGATATATAGTTATAAAATATGTCAGATGTGACTGTACAAAATAATATAAATCAACATGCACTCGAGCAACAACGTAATCGAGATTTTAAGGATGCTCGTATTGCTGAGCAGAAAAAACAACAAAAACTTAAAAAGGAGCAGTATGCAGGAGGTCTTGCAAGTGCAGTAAAAGCATCACATGTTAATACACAAAAAACAACATCAAATAAAACAGATGCTCAAACAAAAAGAGAAATAAGACAACGACAAAGTTGGTATGCTAAAATAATTAAAGCACGAAAAAGAAAAAAATCAAAAAAAATACTGACCAGAAAATATGAAAAAATAATCAAAGGGTATAGTAGAATATCATGGATATTATTGTATACAGCCGCAGTAGCAGACGCTTTTTTTGATTTAATTACTGTACCAATACTGTCTACTTTTATGTCTATATGTTTTTCACTTTATTTAAACTTAGCACTTTGGAGTGTTGGAGAAAAAAAAGATAGAGCAAAAAGAAGGCTTATCAGAGCATCTGTCTCAGTATTAGATTTAATACCAATTATAAATTTAATTCCTTTTTCAATTATGATAGTTTATAAAACACAAACAAGAGAACAAAAACGAGTTAAAAGAGCAAAAAAAATGATTGAAAAAATAAACAAATAAAAGTGTGGTATAATTTAAAATAAATAATGAAAATAAAATAAAATATTTATGAATAATGAATTAAAGACAAATATAATAACAACAGTGTTTGCAATAACATGTCTTATCTTGTATCTCGCATTTCCTTTTGGTGATTTGGAATTTGAAAATTGGCTTGGTATGTTATGTGTTTTATTTATTTTGCCTATTTTATATTCAAAAATTATTTTACATAAAACAAGTAGGGATATAGGATTTGGTAAAATTAACATGGATAAAAGAGGTTGGTTCTTTCTAGCTAGCTCTGTCATTGTTGGAGGATTGATTAGTTTTTTGATTATTAGTATGGAATTTGGCAGGAATGCATATATTGACAGTCTATCACCTACAATAGCAACACATTTTGGAGCATTTATGTTTTATGAGCTTATTTTCATGGCATTATCGATGTTTCTGTTTACCTTTTTTTCCTTTGGCTTTATATATTCTATAAAATACAAAAATGAAATATTCTCAAAAATATTCTCAATAGCAGTATTTATAGTATTTTTA
CP175956.1_gap15	514939	519118	4179	CAAAGCCTATGTTATGAGTGTTATAAATATAAGTAAGATTTGGGTATCTAGATTTGCAAAGTTCAAGGGAATTGTCTCTAGAGGCATTGTCGACAATGATAATATTTACGACAACATTTTTGTTGCGCATAATACTATCAATACATTCGATGATATTGTTACCACCATTATAATTTACAATTATGAAGTAGTGTTTTTTTTGTTGCATATAATTTATGATCTTTTTGGTAATATATGCATTATATCATTACGTGTGATAACGCGAAAGGTAAGAAGTAATATAGAATAGATTATTATAGAAAATCCTGCATTTATAAAGGGTGAAAAAGGGAAAAACAGGTAAACTAATATCATAGAGGCACCAGCAAATAGTATGAATGGTAGTCGGATAGTTGTTATTTCATAAGAAGTGTATTTGATAGCTAAGAACATAGTTATTAAAAATACAAAAACTTCAGTAATTACAGATACTACAGCAGCTCCTGTATATGAATATATAGGAATTAATATTATATTGGCACCAATATTTAGGATTGCAGCAATAATTAGCGCAAACATTAATTTTTTTTGCAGAGAGCCAGCTATGAGTATGTTTGTAAACAAATGTCCAAAAAATATACTAGCAAGTGCAAAAACAAGTATTTGTAGTACAGGAGCTGAATTTTCAAAACCAGGTCCACCCACAATTGCTATAATATCAGGAGCTAAAAATACAACACTAATAACTAAAGGAACAACAATAAGTGTAAACATTTTCAATATTATATTTGAGATTTTGATAAACTTCTTTTTATCGGTGAATATATATCTAGAAAAAAGTGGAAACATAAGTCCTATTACCATTGCTGGAAAAAAAATAAGAGTTTCTATGATTTTATAGGCCGCACTATAAATTCCTACGGCGCTAGTTGTTGTGAAAAATGATAAAAGAATTATATCAATTTTGAAGTATAAAAATGTAACAAAAGCACTTACACCCATTGGAGCCGATTCTTTCAAAAACAATTTCCAGTAGTCACTATCAAATTTAATGGATATTTTGGTATACTTTTTAGAAAGAAAAAATAACCAAATAAAATTCCAAAACATTGCAATAAAAATTGCTACTAATGTGTAAACAAAGCTTAGTTTGTAGTTTATAATAATGAGTAATATTATTACCTGTATTACTTTTCCAGAAAGTTCAACTAATGCAACTCTATCCATTGCAATATGCTTTTGGAATAATCCATTTAAAAGACCGTAGCTAGACGAAAAAAGAAAAGCTCCAGAAGCAATCAGTATACCAACCTTTATATCTTGTTCGTAAGGTAAAAACCAAACAAATAAAGCAGTAAAGAATAATATAGTTAGTGATATTATTAATCTTAATGTAAAAATTCTACTTAAAATCCAAGATTCATCAGAATTTTCACGTGATATTTTTCTTGTAGCTATTGAGTATAATCCAAAATCTCCAACAGCTGAAAAGAACGCAAAAAAGGCTAAAACAGTAGCATATTTACCAAAACCATCTGTGCCTAAATATCTAGTAAGCATTCCAATACCAAAGAGAGCCAAAGCAATTGATAATACTTTGGCTATCCCGTTTACAATAATGTTATATGAAATCTTTTGTGCAAGCATAGTTTTTATAATGAATCCATGATGCTTTTTGGTTTTATAATGACCTTGCGTTCTTCTCTTTCACCGATACTTTCTGTTTCAACTCTATCATCACTATCAACTGTCATGTGAACAATTCTCCTTTCGTAAGCATTCATAGGACGTAGTACAATAGGCTTTTTCTCTCCTGAGGCTTGATTTGCGGCATCCTTTGCAATATTAGCTATCATTCTATCCTTATCTTCTTTATAGCCGTTTATATCTATATTAACTCTATCAGAGTAGCCATTTTTATAAAGAATTGATCGAAGTAAATGTTCAAAGGCATATAAATTAGATCCATGTTGTCCTATTAAGAACCGAGAGTCTGTTTTTGTTGTGATGAAACATGTAATATTTTTTCTATCCGTTTTTGTGTCCAATTCTTCTTTTATAGAACAATCGGCATCAAAGTCCATTAATTTTAATATTTTATTTACACTACTTTCTATTGTCTCGTGTGCATTATCCATAATAATTACGTTATATTAATTACTTGTCATTTCGACTGTAGCAATTTAATAATTTTTTTATTAAAGCTACAGTTGAAATGACCGTGTGGATAATGTTTATTTGTAAATTTAAAACTATTTTGTTTTTGATTTTATTTCTTTACTATTCATCTTTTCTTTATATATAATATACCATTGTTGAGCAATCATGAAAACAGTTGATGTCAACCAGTACAAGGCAAGTCCAGAAGGAAATTTAATACCAATGAATAATGTCATAATAGGAACTATGAATAGCATTTGTTTTTGCATGATAGTTGCAAAATCAGGAGCATCATCCTTTTTAGCAACCTCAGCTTTTTTATCTTCATTTGCTGCAGTTTTAGCTTGCATCATTTTTAATTGGTAGAACTGTGCAGCAGCTGTAATAACAGCTAGTAGTATACTTGGTTCAGCAAGGTTCATAATTCCTAGGAACATTCCATTGATAACTTCAGGAACAGGAATAAAAGAATAAAGATTTTCAGCATGTATTGTTAAAGCATCATTTTCAGCAAGATTGATAATAACACGATACATTGTTATGAAAATAATCATTTGTATAATAAGCGGCAAACAACCAGCTGCAGGGTTTATTTTGTGTTCTTTATATAGGGCCATTGTTTTTTTTGATAACTGTTCCTTGTCATCTTTGTATTTTTTTTGTAATTCTTTAATTTTAGGTTGCAATTCTTGCATTTCCTTCTGTGATTCAATTTGTTTTTTTGATAAAGGAACAAGTAATAATTTTATAGCAATTGTCATAACAATTATAGCAATTCCAAAATCACCAAAAATGTCATAAAGACCAATAAGTATATTGTAAATAGGTTGATATATAAGTATAAATAAGATTTCCATAAGTATAATTAGTAGTTTTAATTAGATAATAGGGATATGTCATGCAGCATTGTTACTAAAATCTCGTAAGCCTCCTTATATGTTAGCACTTTATCACGATTTGTATAGGATATAATGATATCAAAGCCAGGCTTTATTTGAGGGTATAGTTCTGTCATAACAGATTGTAATATTCTACGTTGTCTATTTCTATTAACTGCTAGTAATGAGTGTTTTTTACCAACAATAAATCCTATTCTAGAGCACTTTTCATGATTCACTCTAAAAGACAACAACACGCCACTGTGAAAGTGACGTTTGCCATGTTTGAATACTCGTATAAAGTCTTTGTTGTGTCGAAGTCGTTTAGTTCTGCCCAACATGAAATTATATATATTATAGGTGTTTAAACAGAAAGTTTCGCACGACCTTTTTGTCGTCGTCTTTTCAAAACAAGCTGTCCAGATCGTGTCTGCATTCTTTTTAGAAATCCATGTACACGTTTCCGCTTACCTTTTTTAGGTTGGTATGTTCGCTTCATAACCGAAATAGTCATTAATTAAATATCCCAATAATCATAGCACTACATTGAACAAAAGTCAATAAAATGAAGGTGATTGGCAAAATAATTGTTTATATATGAGTGCATGTTGTGTGGTCTATGATAAAGTTATTAACATATACGCAAGTTCCTGTTAATAACTTATCCACATGTTATTAACTAACTGTGGATAACTCAACACATTTTGTTTATTTGTAGATAAATGCTATAATCCTTTAAGAAGAAATTAACTATATATTTACTATGTATGCATGTATAGCATGTGGATAACTAAAGTAAGGTCAACTTGGTGTGAAGTGTCTGGTACATTAAGTATTGTTAGAAGGATTTGTATTTAATTTAATTAGCAATTTAAAGTGATGAATAATTCAGAATTGTGGCGTTCAGTTTTGGGGAACATTGAATTGTCTATATCAAAAGCAAATTTTAGCACTTGGTTTAAAAACACAGCAATTTTATCTATTGAAAATAATCATGTTGTGGTGGGAGTGCCTAATGGTTTTGCAAAAGAATGGTTGGAGAATAAATATCAATCATATATACTTCAAGCCCTTCGCAAGGAAACACCAGAAATACATAGTATGAGTTGCGCTGTTTATAATCCGCAAGAGATAGATAATAAGGAAAAATCTAAAGAACAAT
CP175956.1_gap16	558178	561532	3354	TTGATTCAGCTTGCTCAACAATTTGCTCCTCTTGTTGTATATCTGACATATTATTTTTTTATCATTTATGATGCAAGTATATCATGAAAATATAAAAAATCAATAAAAAAATCAGCGCAACTACAGTTGTAGTTACGCTGATGAAGTTCAAGTATACTAATGTGATTGATTTCTGCGCATATTACGTAAGTGCAGAAATGTTTCATTAAACATTGCAAATGTTTCTATCATGAGTCTATTTTTTAAGATTTCATCATGATAGTGATTGAATGCACAAATACATCCTTCCAGCGGGAAGTTTGCAAGCTTAAGCATGAAAAATACTGCTTTAGCAGAAACTGTCTTAGATTTAATGACGGCTTTTATGATATGCATGTCATCGCGATTGATAGTACCAACAATATCCCAGGTAGTACTTTCTGTAAAAGAGTTTTTTTGCAATTCTTTGCAAAGATATTCTTCATAATCCTTGCCTGAAGTCATTAACACACAAACCTTGCCACAAATATCATAAGCAATCTTGTTTTGCAGTGGAAATTTTGAATTCATGACACACCTCTGTGTAGTTTTATTGTCTGCATAAAGCTTTGCGCAAAATGCGTAACATTTCAGGATCTCCACCGACATTATTGCATAATTCAACGGCATCCATTTGAAATAAATGTTTTTCAAAGCATTTTGCTAACCCACGTCCTCTGTTAGCATTTTTTGCATAGGCACCGTAAATAAGGTTTTTTATAAACTTAGGATCTGTAGTGTGTGTTTCACCAGCAACAATGCATAACATTTCTGAAAAACCTATTTTTTCTAAGATGCTAAGTGCTTTTGTTGCAGGAACTGATTTGGTTTTGAGTATTGTCATGATGAGTTTGTGGTCATCGGCGCAATAATCAAAAAAATCATCAATATCTGATGTAGTTAAATTCATTACAGAAAGATTTTCTGTTGCCAATGTAACATAATCATTACCACTCTGTTTTTGTGAAGTGATAACCGTTTTTAACACGTTGATGTTAATAGGTGTATGAGAAGACGTTGTTGTTTGCATAAGTTTTCCTCCATGCATTTTTTAAAGTGCTGTGATTGATTTGTCGCATTAATTGCGAACTTATTACTATAGCAAAAAATAGTGATTTTGTCAAGCTTTTATGTAGGATTTATGGATATTTGGTATATTGACAGTAGTTAATTGAGGGTGTATGTTAAATAACTGTGATAGTTATTTAAAAGTAATAGTTTTTACAAAGTCTACTGAGGAGGGTTGATGACGATGAAAACACAAAGTATGTGTGGTAGAACATGGTATTTTTTGTCACAAATCTTATTATTTTTTGGATCTGAAAAATTAGCTAATCATAGTTTGGTAAAATGTGAAAAGGACAATTATGAATTAACTGTAGAAATAGCAGATTTAAGAGATACAGTGGAAAAAATAACAGAATACCTAGCAAAAGAAAAAGAAAAGAATAATAAAGATTTTTTGACAGGTCTTTATAACAGATCTTTTTTGCAGGAGACTGGTACGGAAATAATAAAAAATTGTCAAAGACAAAATCAACCATGGGGAATAATATTTATAGATATTGATGACTTTAAATCGGTAAATGATACAATGGGTCATGATGTTGGTGACGGTGTCTTGGTAGAATTTGCAAAAGCATTGAGGAAATGCTCTAGGTCTGGAGATTTTTGCATTAGACTTGGAGGAGATGAATTTGTAGTATTGTTTTCTAATATAGATAGTTATGAAAATTTAGTTATATTTGCAAATAGGTTAAGTGATTTTGTAGAAGAAGCATTTGAAAAAACTTTTAAAATAACATTAAGTATAGGATGTAATTTTGTTGAAAAAGGGAGTCTTACGTCAATTGATAATGCTCTAAAAAGAGCAGATAAAGCAATGTATCATTCAAAAAGTAATGGTAAAAATCAAGCTCATTGCGCATAATACAAAACACTCAGATTTATTGAATCTGAGTGTTTTTTTCTTGCTTTAAGACCTTTTTTCATCTATGCTAATAAATATATTAATATTGAAATTATGAATAAAAACTTTTATATCACAACAACACTCCCTTATGTGAATGCAGCGCCGCACATAGGTTTTGCAAGTGAAATTATTTATGCAGATGTGCGAGCACGGTTTGAAAAATCTATTGGAAATAATGTGATTTTTAATACTGGGACAGATGAGCATGGTGCAAAAATTTGGCAAAATGCTAGTGATGCAGAAAGTGATCCTCAGGAATATGTAGATGAATATGCAGCAACATTTGATGAATTGAAGCAAATGTTGAATTTGAGTTATACAAATTTTGTGAGAACTACAGATAAGAATCATATTACAGCAGCGCAAGAAATTTGGAAAAGAGTGAATGATAATGGATTTATTTACAAAAAACAGTATAGCGTAAAGTATTGTGTAGGTTGTGAATTAGAAAAAACTGATAGTGATTTAGAAAAGGGAGAATGTCCATTGCATCCTGGTAAAGAACTTGAATTAATAGAAGAAGAAAATTATTTTTTCAAATTTAGTGAGTTTGGAGATAAACTATTGGATTTGTATAAAGATAATCCCGAGTTTGTAGTGCCACAAAAAAGATTAAATGAAATTAGTGCATTTGTAGAGCGAGGATTACAAGATTTTTCAATTTCAAGAGTGGCTAGTAAAATGCCTTGGGGAGTGTCTGTGCCAGGAGATGATACTCAGGTTATGTATGTGTGGTTTGACGCACTTACAAACTATATTTCTACACTAGGTTGGCCAAAAGATACAGAAAACTTTGAAAACTTTTGGGGGACTATAGAGAGTCCAAATGCAATCCAAATCGCAGGTAAAGATAACTTGCGACAACAAAGTGCTATGTGGCAAGCAATGCTCATGGCTGCGGATTTACCAACAAGTAAACAAGTTTTTATAAATGGATTTATAGGTGTGGATGGGCAAAAAATGAGTAAATCAATAGGGAATGTAATAGCACCTAGTGAAATGGTAGAAAAATATGGAATAGATGGAACTAGATATCTATTGCTAACAAAAGGAACTTTTGGAGAGGATAACGATATATCTTGGGAAAAGCTTGATGCAAAATATAATGCAGATTTGGCTAATGGACTAGGAAATCTGACAGCAAGAATTATTACGCTTGCAGGTGATATCGAATTTGAAAAACCAGAAGTTGATATAAAACAATTGGAAAGCAATATAAATAAAATGGCACTCAATAGTGCACTTGAAAGTATCTGGAAAATTGTAGAAATTGCAAATAAACATATAGAAGAAACAAAACCATGGGAACTTCGAAAAAATGATGAAAAGGAATTTGAAGTTGTAATGAAAAAGCTTTTAGTTGA
CP175956.1_gap17	593478	594602	1124	ATGCAAAAAATTATTACATGGCCAAATTGTATAACTGTAAGCAGAGGCTTTATTGGTATTTTGGGAATAATGATTGCTACACAGTCGGGTATGTTTATGATAGGTGCAGCAATTTTTTTCTTATTTGGAATGTTACCTGATTTATTAGATGGTTGGGTTGCTAGAAAATATAATCAGCGGTCTAGATTGGGTGAAATATTAGATCCTCTTACTGATAAAATATTGTTTTATGTGGCGATGGGCGTTGTTTTTGTAGACATTGTATGGATGCCAGCTTTAGTCATTTTATTTTTTTGTGATGTAGTATCAACCTATTTGCATTTTACAAAATCTGGAGGAGCTGTTTCATCAGGTAAAAGAAAATTTGTATTACAATGTGTTGCACTTGGATTGTTTACAGCTTCTATCATTATAAATGATGTATTGATTTCTTTTGGAAATATCGCATTAATGTTAGCTACTATTTTTGCTATTCAGTCACTTAAACAAAGATTTATAAATTAAATAATAAACATTCATAAGAATATTTATATATTTGAGAGGTGATTTTAATTAATTACCTCTCTTTTTTTATTAGTTACTATGTACTATAATTAAAATAATATAATTTATATCAGAACTGTATGAAAATTATCACATGGAATGTTAATGGAATCAGAGCTGTTGAGAGAAAGGGTGCTCTACAGGATTTAATCGAAAAACAAGAGCCAGACATTTTATTTTTACAAGAAATTAAAGGCAAAAAGGAACAATTTAGTAAATATTTAACTGATAGTACTAAGTATAGACAGTTTTACCATAGCGCTGAGAAGCCTGGATATGCAGGTACTGGAATTTGGATTAAATATGAATTACTTCGAGATGCGCGACGTATTAAATTTAATATGCATGTACCACAGCCTACAGATTCTTATGTTGAAAATGACGAATTGTTTAAAGGCGTGGAGGAGAATATTGGTATTTATATGACGGATTTACCAAATAGTGATGAGGGTCGTGTTTCACATCTTTCTTTTTTATATAAGGGAAAAATTTATGATCTAGCATCAATTTATTTTCCTAATGGAGGTAAAAGTGAGCAGGCTTGGGAAGATAAGTTAATATTTTTTGATAAGGTGTTGGAT
CP175956.1_gap18	595801	598124	2323	CAGAACATGAGTTTAGTGGATTTGAAAATAATAATCCCATTATTATTGATATTGGAGCTGATAGGGGAGAATTCATAGAACAATTGTTAGAAAAATTTGAAAATAATAAAAATTTTATAGTAAGCGAAATACGGAAACCTCTAGCAAGGAAATTAGAGAAAAAATTTGAAAAACATGGTAATGTTGTAGTTTTTGATGGTGATATGACAAGAAATTTTGAGAATATTGTAAGGACATCAATTAAAAAAAACGTGTTGATAGAAGAAATATATATAAATTTTCCAGATCCTTGGTTTAAAGAACGGCATAAAAAAAGGCGTGTTGTAAATATAAAATTTTTGGAAAGTATTAAAAAATGGACACAAAAAGAAACTAAATGGATTTTTCAAACAGACCAACAACAATTGTTCGACGAGACAGTAGAGCTATTAGAAAGTATTGACTGGATAGGTATAGAATTTTTTGATGAGTCTCCTTATGGAGCAACTACAAAGTGGGAAAATGCAAAAGTTGAGGATGGATTTAAAATTAATAGATTGAAATTTCAGTTTGTATAGTATGAAAAAAAGTATAATAATAGCCATTTTAATATCTATTGCATTCCTATTATTTTTTTGGTATCTGGTAGCAAGTTCTTTTTATGATAAATCTACTGCTATTCAAAAAGAATTCATAACAGACGGTTGTACATTATTTATTGAGTTCACTTGGAAAGAATGTTGTATGAAGCATGATGAACAATATTGGTTAGGTGGTAATACGCAAAAAAGAAAAAATGTAGATACAGAATTTAAGAAATGTGTGTATGAAAAATCTAATCAAAAAGTAGTTTCTCAAGTAATGTATGGAGTCGTGCGAGTTATGGGAACTCCATTTGTAGTGACTCCTTGGAGATGGGGATATGGGTGGGAATTTGGACGCGGGTATAGGTAGTATTGTATATACTGCAAAAATATGGTATGATTTAATTTAATATTTTTTAGATATAAAAATGGAGGTAACAAGAGCAGAATTTATAAAGAGTGTTGTAGGGTCACATAACCTGATTGTTGATGATTTGCCACAAATCTCGTTTGTTGGACGTTCAAATGTTGGTAAGTCTAGTGTAATAAATAAACTTGTTAATCAAAAGAAACTTGTTAAATCATCTAGTAAGCCAGGAAAAACTCAACATATTAATTTTTTCTTGATAAATGAAGATACTTATTTTGTAGATTTGCCGGGGTATGGATATGCAAAGCTGGGACTTAAGTATCGGGAGAAGTTGAGGAGACTTATTTTGTGGTATTTTATTTCTGGTGAAGCTCCAGTCACAAAAGTGGTAGTAATCATTGATGCAAAGGCAGGATTGAGAGAATTTGATGTTGAAATGATTGCAGTACTTAGGGAACATAATCATCCATTCATAGTTGTTGCAAATAAGGTTGATAAATTGAATCAAAAAAAATTGCATAAATCACTTATTCAGATACAGGGAAAACTTGGTGATGAAATAGAAATTTTTCAGTTCAGTGCCAAAACAGGTAAAGGAAGGGAAAAACTTTTAAATAATCTCTTGAGTGAATAGCTAACAGATTATATTTTCTTTAAAGATAGTCCAGCTAGAATGAAAAAAGAAAGCAGTCCGAAATGAGATGTCCAAGGCCAGTGGTCAAAAAGTGAGATAAATAAAAATGAGATAAATAGTAATATAAACATAAATTGTGAAAGATTTATGTTTTTTCTTTGTAAATAAATGTTGTATAAAATATAAAAAATAAATGATGTAAAGATAATAATTCCAATAAGCCCAAGTTCAGAAATTATTAGTAGATAAACATTATGGACTGGTTGAGTTTGCCAAATAGGGTTTGTATTTTGTGATAGGGTATGCAATGTATTTGTATAATTTCCAACGCCTGTTCCTAGTAAAGGACTTTCTTGAAAAAGATTTTTTGATTGGTTGATGTATAAAGTTCTATCTGTAATTGAATTGTGGGTAAGTGTCGAGTCTTGAGATGTTCTTATTGAGAATATAGACTGATAAAAAACAAAGAGCAAGATAATTGTTGAAGCTGTGACTAATGAAAATGGTAGGACTTGTTTTAATTTATATTTTTTATTTTTATAAATATAAATAATTATAAAAAATATACATAAGAGGGTTGTTATCCATATCGTTCTAGAAAAAGTTAATAAAATATTAGCTGTAAAAAATGAGGAAATTAATAGTAAAATAAATTTGTATAAATTTTGTTTTTCTTCTAGATATAAATATAGACTAACTAAAAGTGCACATAGCATAAATCCTGCAAAAATATTTGGATGAGGAAAACCACCATAA
CP175956.1_gap19	645353	646470	1117	ATAAGCCAGTAATTTGTGCTTTATTTGATCGACCACAGTCAGACAAAAGAATCTTTATAGATAAAGTAGAGGAGCATATTGAATCAGATAATGATGGCAGGGTTGTGGTATTGGATAATAATGATTATACAGAACTTGAGTTTTGTTATCCTAAAGATTTAGTTATGAGATTGTGTGGTTCAGATTTTGATATCAAAAAATGGCTTGAAGATTGGAAGACGGCAAACAATAGGGAGCGGAATGAAGTATCTGTTAATGCAGGAAGTTTGGGTGAAGTAACAAAGAGAAAATTTGCTCAAAAAGTATCAGATGAATTAACTAAAGAGCATTTGGAGAAAGCGAATGATGGTTTACAACAAATTATTTTATTGGTTGAGAAAGCAGAGTCTGTGCAAGAATTTTGGTCTTAGAGGACTTAATTATCAGATGGGATAATACAAATAGAATAATAATTAGAAAATAATTATAAAAATATGAGCGAATTACCAAAATGTATTAAATGCGGATCTGAGTTTACTTATCTTGATGTGAGTTTGTATGTTTGTCCTGAGTGTGGTCATGAGTGGTCTGGTGATGACGGGGAGATTGAAGATGAAAGTGTCAAAGATAGTAATGGCAATGTCTTGGTTGATGGTGATACGATTACTGTTATCAAAGATTTGAAAGTAAAAGGCACATCTCTGGTTGTGAAGGTTGGGACTAAGGTTAAGAATATTCGTCTGGTAGACGGTGATCATGATATTGATTGCAAGATAGATGGGATTGGTCCGATGAAACTGAAATCTGAGTTTGTGAAGAAGTTGTAAAAGGGGGCAGGTTCTTGTTGTATTTTTTGAGATTGCTTCGTCGTACCTCCTCGCAAAGATAGGTGAAAAATGTATTTTACGGGATGACAGGCTTTTTATATTGTTGTTTTTAAAATTTTGCATAATCTTCTAGATTCCCGCCTACGCGGGAATGACAACAGTGTGACAATAAGTGATTTTGTAATGTTATAATGAAAATATGCATAGGTTATATGATGAGTTAAAGCAATATTCTTTAGATGATGCTATAGATTTTGAAAAGTCTGATAGGCAGTTTTTAGCTTTGGAGAAGTTGCATGATAATAAGTTAT
CP175956.1_gap20	648863	651764	2901	AGAGTAAACGCATTTGATCGAGAAATCCTTGTAATTACTACACCAACTGGAACAGGCTGGATGGATCCTTATTCTATGGATACATTGGAATATATACATAATGGAGATACGGCTAATGTTGGAATACAGTATTCATATTTATCAAGTCAGGCAACATTGGTTTTTCATCCAAAACGAGCTAGTGAAACATCAGAGGCAATGTTTAGTGCTATTTATAATCATTGGAAAACACTTCCAAAAGACAAACGTCCAAAAGTATATTTATTTGGTGTTAGTTTAGGTTCTTTTGGAGGTGAAAAATCAACAAAGTTACATAAGATTATGCAGGATCCTATCAATGGTGCTTTGTGGGCAGGACCTCCTTTTGTGAATGATTTACATAAAGACTTAGTGATTAATAGGAATACAGGGTCGCCATCATGGTTGCCAACATATGAAGATGGTTCATTTGTACGATTTACTTCAAAAGAAAGTGCATTAGATAATTATAAAAAAGATTGGGGTGATATGCGCATAATATATTTGCAGCATGCAAGTGATCCAATGACAGCTTTTTCGCCAGATTTATTGTTCAAGAGTCCAGCATGGCTAGAGGGCGAGCGTGGACCAGATGTGTCCCCAATGCTTAATTGGCATCCAATGGTTACTTTTTTTCAAGTAGCATTTGATCTTATTGTATCAGTATCGGCAGCACCACTTGGGCATGGACATAATTTTTCACCAGAAAGCTATATAGATGGATGGATTGAGATTTCAGATCCAGCTAATTGGACTGATGACATGACAGTACGACTCAAAGAACTTTTCCTAAAATAAATTTAGAATGAATTATTTTGTTTATATTTTGCACTGTTCTGATGATACGTTGTATACAGGTATTACGACTGATGTAAGTAGGCGATTGGAAGAGCATAATGGCAAAGTTAAAGGTGCAAAATATACTAAAATGCGCCAACCTGTAAAATTGGTTTACTCTGCTGAGTTTTTGAATCGGTCTACTGCTAGTATTGAAGAATGTAGGATTAAAAAATTATCTCGTAAGCAAAAAGAATTGTTAATCAATCATAGTGCATGTATAATTTAAAATAGAGAAATAAACAAAAACTTAAAGTATAAAACCTAGGTAATAAAATTATCATTGAAGATTAGAAATAATATGATTGAAGTATTTAGAGCAAAAATTATTGAAGATGAAAAGGAGCGTGAAGCAGCTCTTGAAGTCATTGCAGAACGTGAGAACTATTATGTAGAGCTTTTTGCTAATGATGCAAGAAAACCAAGGATAACTGTAAAATACGAAGGTGCAAGTCCACTTACAGTACGTATTTTATTTTCTCCGCCTAGTGGTAAAACGGTAGTTGTTAATGAAAGTGGCTATGGGACTGCTGATTCTGTTACAAAACATGCATTCAAAAAACTTCGTCGTCTAGCAAAAAATCATTTTGTAAAAATGAAAAAACGTCATGGTAGATAAGTGTGTGGTATGATTAAAGTGTAATTACATTAAACAAAAAATATATGGGATTTTTTAGCAAGGTGACTGATGATGCAGTCGATAAGGCTGCTGACGCAGCAAAAGATGTAGCAGAAGATAAGATAGATGATACAGTAGAAGCAACTGGAATGGAAGATAATGCAATGGTAGAAGGAGTTGCTGATAAAGCAACAGAAATGAGTGGTGATGGCGTGGACGCGGCTGCTGACAAAGTAAAAGATATACTTGGAGGTGGCGAAGAGGGTGATACACACACTTGTGAAGGTGACACTTGTTCTCATGAATAATTGTTGAAATACAAATGAAAAAGGATACAAAATAAATTTTTGTATCCTTTTTATTTTTTTACTCACTTAGTAAAATTTCTTAGATTATAAATAAAGAAAGCATAAATTAATGACAAATTCTTATTTTTGTGCTTAAATAGATGAGATATGAGTACAAATTATTATGATATTTTAGGAGTTGAAAAGACAGCATCTGAGAAGGAAATCAAGATGGCTTTTCGTAAACTCGCACACCAACATCATCCAGATAAGGGTGGGGATGAAAGAAAGTTTAAAGAAATAAATGAAGCTTATCAAACATTATCAAAAGCTGATAAACGCAAACAATACGATACGTTTGGCAGTGCTTCAACGGGTGGTTTTGGTAATGCGGGAGGTTTTGGAGGAGCCCAAGGTGGATTTAATAACGCAAGTTATACTCAGTATGCAGATATGTTTTCTCGTCGCAATGGCACAGGTGGTAAAATATTTTCTTTCAAAAGTATACCTGGATGGGCATGGATATTTTTGTTACCAATTATAATAGTTGTGGCAGCGATTGGTCTTATTTTTGTATTTATGTGGATAGTATTTTCCACTTTTAGAGTTACAGTTAATAAATAAATATGAATGACATTCTTTTATATATAATTATATTTTTTGTAATCATGAATGTGGTTGCTTTTTTGATGATGTGGATTGATAAAGGTAAGGCGAACAAAAAAGGTGCTAACAGAATTTCAGAGGGCATGCTATTTTTTATGGCAACTTTTTTTGGTAGCGTAGGTGTATATTTGGGAATGTTTACTTTTAGACACAAAACAAGGAAATGGTATTTTATTGTTGGAATTCCATTTATTATATTACAAAATATTATATTTTTACTTTTTATTCATCAGGTATACTTAGGCAATATTTTTTTATAAAAAGTAAAAACGATATCATTATTAAATAATATCGTTTTTTTGTTAGTCTTGTATGCAATTTATCAGTTGTTTTTTTCTGAAATTGCTGGTTGAATTCATGTAATTGAAGAATTCGCCTCTTGCCATATAATATTCAGCAGTGTCCCCAAGCTTATCAGAAACATTCAAGGAACTAGCTGTTATTGTTAACATATTGCTATTGAAGCAATTATGG
CP175956.1_gap21	653499	655960	2461	ACAGTCTGTTGATTGTACCATTGTAGTTGTACCTGGAAAATTTGTTGAACAAGTTATACGTGAGAGTATAGATGTCTGTAAAAATTTTGTTGTTATATCAGCAGGCTTTGGGGAGACTGGAATGAAGGGTCATAATATGGAAATGTCATTGAATGCATTAGCCATGAAAGAAAACATAAATATACTAGGACCAAATTGTTTGGGATTTCTTACGCCATCAATTGGTCTTAATGCTTCATTTGCAGAGGGGCTTCCTGCAGAGGGAAAGACTGCAGTGATATCTCAATCTGGAGCATTAGCAGTTGCAATTATGGATAAAGCCAGAGAAGAAAATATAGGTTTTTCATCTGTTGTATCAATTGGAAATAAAATGCAAATTGGGGCGGCTGAATTAATAGAGTATTTTAGAAAAGATAAAAATACAGATACGATAGCATTATATTTAGAAGGAGTTAATCGTGGAACATTATTTCTAGAGGCTATTTCAAATGCAGTTAACGATGGTAAGAAAGTTATAATTCTGAAAGCAGGAGTAACACAAGAAGCACAAGAAGCGATTGCTCTTCATACGGGCTCTTTAGCTGGTAGTGATGATATATTTAGCGCAGCTTTGAAAAAAGTTGGAGGTGTACGAGCTAATAGTATGAGTGAGTTTTTTGCACTCATTAGATTTGCTCAGCATTATAAGAGTGATATTGATGGAGTAGCTAATATAGGTATAGTCACAAATGCTGGTGGTCCTGGAGTTTTGGCAACTGATGTAGTTGCTAGTGTTGAAGGAGTTGAAATGAGTAAATTGGAAAAAAATACGAGGGACATTTTAAAAAAGAAGCTACCAGAGGCTGCTTCAGTACATAATCCAGTTGATTTACTTGGAGATGCTACATTAGATAGGTATGAGATTGGTATTAAAAAAATGATTTCTGATAAGTCAGTAGATGTCATTTTAGTATTGCTGACACCACAAGATCAAACTCCAGTTAAAGAGGTGGCTAAGTTGGTGATAGAATTGCAAGCTAAGACAAAGAAATTGATTATAACATCCTTCATAGGAGGAGAACGCGTAAGAGGTGCTATCGAAGAGATGAATGCTGGTGGTGTATTACATTTTATATCTCCACGAGTTGCGTTAACTGCTGTATCAGCATTTGTGCGTAAGCGTGATGTTTATAATATTGTAAAAAAGCCTGTTTCCAAAGAGCGGTCTGACAAAGTCAGTAAGATTATAGAAAATGCTTCAGGACAGGAATCACTATATTTTCAGGAGTGTGCTGATATTGCAAAAATGTATAATATTCCAATGAGTAAATTTTGGGATGTAACAAATGGTTTGGATGCTGAAATGAAAATAAAATATCCATGTGTTGTGAAAGTTGATAATCCAAATGTATTACACAAGACTGATAGAGGTGGAGTGCTATTGCCTATAAATAACTTAAAAGAATTAATTGAGGCTAGAGAAATCTTATTAAATAGATTTGAAGAAGATGGTACTAGAGTTATTGCACAGCCAATGCTTAAGATAAAGACAGAATTGATCATAGGGTTAAAAAGAGATTCAGTTTTTGGAGTTGTGATTGTAGCTGGATTTGGAGGTATATACACGGAGGTGTTTAATAAAGTAAATTTTTACATATCACCATTGACCACGTCAGAAATAAAAAATACTTTACGAAGTGGTGCATTAAGTTTTTTATTTGATGGAACTCGTGGAGAGGAAAGTTATAATTTGAATTCTATAGCAGATATCATATACAATATGGCACTTATGGGGAGTGAAAATTCAAAAATCGTAGCGATAGATATAAATCCACTCCTTGTGTATAACGATGATAAACCAGACGTAGCGGTTGATTTTAAAATTGTATTGTAAAAAATATATGACATTACAAAATAAAAGAAACGATTTATTAAACACTGAAGATGCATACGACGATAATGCATTAGATTTATTTGATAAATACAGTGTAACAATTGATGAAGATAATCCAGTTGAAATTAATGCTGATTTAAGTATTGAAAATGAATTAGAAGAGCAAAAGGAGCCGCTAGTACAAGAAGAAGTTATAGTTAAATCGGAAGAATCAATAAACTCTACAAAAAGTGAGATTAATGAAAAAAATGATGACACCGAATCAATAAATAATATTTCTGTATCTGAGACTAATGAAGATGAAGCACCTATTCATGCAATAGCGCCCGTTAGAGATAATTATAATTCGGTTTCAAAACAGTTGGATACACATAATGTAATAGTTACTCAACAAGAAGAATCTGTCTATGAGGCTTCTGCTTCAACTAATGGCGTAAAAACTGAAAAAGAAAAAACTATAAAAAGGAGTTATACGGGGGATGTTGAGAAGTTTTTGGATAATAATATTCATGTAGATCCTAGTAAAAAAACAATACTTATTGTTGATGATGATATTGATACATTGGAGATGTATGCAGATGTATTTAC
CP175956.1_gap22	656983	659014	2031	AAAAGGCAATTAAAAATCAAGAAATAATAGGAATATTTGGTGACCATGATGCTGATGGAGTAAGTAGTGCTACTGTACTTGTTGAGGGATTAGAAAAATTAGGTTTGAATGTAGATGTTTATATACCTAATAAAATTACAGAAGGTCACGGTATAAATAAAAAGGCTATTGATGAGTTTGTTGCCATTGGAGTCACTTTAATGTTCAGTGTTGATTGCGGAACTTCAAATGTTGATGAAGTTGATTATACAAATGAGCAGGGGTTAGATGTTATAATAACGGACCATCATCATGCTCCTGACACTCTACCAAATGCTTATGCAATTATAAATCCACAATTACCTAAATGTAAGTATCCATTTAAAAATTTATCAGGAACAGCAGTCGCATTTAAAGTTGTGGAAGCACTATTTGATAGGATTGCACCAGAGAAATCTGAACAGTTAAAATGGTTACTTGATGTCGTATGTGTAGGAACAATAGCTGATTGCATGCCATTAGTTGGTGAAAATAGGACACTTGTTAAATATGGACTTATAGTTTTATCAAAAACTCAGAGATTGGGTTATCAGGAGATGTGCAATGTGGGTAATATAGCTATAAATAATGGAAGTATTCCATCAGCAACTACAGTAGCCTTTCAAATTGCTCCTAGGATTAATGCAGCAGGTAGAATGAGTCATGCAAAGTATGCATTTGAGCTTATGCGTGAAACTGATAAGTCACTAGCAATCAAACAAGCTCAAGAACTAGAAAAGCAAAATTTACAAAGACGAGAAATAACAGAATTACTAACAGCCGAGGTAGAACAAATAATAGAAAAGGATCATAAGGATAAGTCTTTTATAGTAATAGCAGATAGAAATTACCCAGTTGGGATAGTGGGGATAATAGCAGGGAGAGTTGCTCAGAAATATGGTAAACCAACAGGTATTTTTACAAAGTATGACAATGAAAGTAGAGGGTCTTTTCGAAGTGTAGAAGGTGTACATATATTAGATGTATTAAATGCATGTAGTGAGCATCTGGGTAAGTTTGGAGGACATGAACAAGCAGCTGGAGCAACTATCCAAAATGATAATTTTGATAATTTTAGCATTGCAGCAAATGAGTTTATAGATGAAAATATAGATTTGAAGAAAAATAAGCAATGCCTAACTGCAAATTGTGAGATAACATTTAAGGATATTAGTAGAAAATTATCGACAGAATTACAGAAATTTGAACCATTTGGAGAAAGTAATGAGGAGCCTGTTTTCATGTTACAAAATCTTGTTATAGATGACATAAGAACTGTGGGTAGCGACAAAAAACATCTTAAATTAAAGTTAGCACAAGAAGGCTTTGCACAATCTTATGATGCAATAGGTTTTGGAATTGGTAATTTAATCAATGAACTGAATAGGGGTGATTTAGTTGACGTTGTGGTTAATATTCAAGAGAATGAATGGATGGGTAATGTAAGTGTGCAGTTTAATATTGTAGACATTATGAAAAAGTAGAGTTTTAATATTACATACTTTTCAAAAAATATTTGAAAAAGTTTATATTTGTGGTACGGTTTAGTATAGTTTTTTAACAATAACAAATTTATAAATTACAAATAGGAGGAATTAATTGATGAAAAAGGTGACAATGGTTGTTTTGGCGTTGGTGGTTGGATTAATTAATTCAACTGTTGTGCAAGCAAATGCAAAGGATCAATATCATTTTTGGGATGTGGGAGTTGAATTATCAAATATTGTATATAAAGAGCCTGGTCGCATGAAAGAGAGTGGAGATATGATAGGAATAACTGGTTCTTATGCATATCATAATAATGTGATGATTAAATTTGAAGGCGTTTTCAAATATGGACAAGTAGATTATGATGGAAAATTACAAAATGGAACACCAATTACGCTAAATAATATTGATGATTATATTACAGAAATTCGGGGACTAAGTGGTTACGATTTTCAAGTGGCTACGACGACGATTACTCCATATATAGGATTAGGCTATAGGTATTTAATTGATACTATGGGATCA
CP175956.1_gap23	730936	733686	2750	TGACTCATTCCATTTTTTACGCCATTTATCCTCAATTTCTTTGTGCTTATAGATTTTCATAATTAAAAATACGATAAAGTTATATCTATAACCTTATCGTATTTTGATGTTTTTTTCAAACACCTGTCGTATTGCGAGGAAGCCCCGCTATCCTACACACATATTCGTACCAACCCTCATCTCTGTTTTGATGCTCATATGGAAATATTTTTGTGATTATATTAATATCCACAATATCCTCATCACACAACTCCCCTTGGGTCGGAGGATGCTTTTTTTGTTTGTAATAATTGCGTAAAAACAGAATGACCTCCCAACATCCAGCATCTTTGATGTGACAATCTGGAAAATGACTTCTACTCCACTTTTCATTCCAATCACAAAACCTTAGCAAGTACCCATAACTATCGCTATCATAATCTTCTCTTAAATCATCATACGTATTAACGGCCATAATAATTACCTCCTTGATAGCAAGCTTCTGATTTTAATGTTAAATTACTTAGTTTTTTTCAAATACATCAGAATTTTTGACGCATCGGCCTTTTACCTGTAATTTTTTTATCTACCGCGTCAAGGATTAAATCTTCCCCGCCAATCCATACACTACCTGATTCACTACTACTGAGGTAGTAACCTTGTGAAGAGCTTAGAAACTCTTCTGCAAGTTGATGGTACTGAAGCATGTTAGTACTGTTATGTTTATGTGCATATAAGATTGCACTTATCATCGCATGTGATCCTGGTTTAATAAAAATCACACAGTCCGTATTACGATCAATAATTGGCCAAAGCTCACATACACGCAAGATTTGCGCAAGATCACACCATGTACGTACAAAATCATTTCGCTGAAAAATCGGCACACAACCTCCACACTCTTTTACAAGATGAGCATACAACCAATCTTCAAGTTGTTTGCTTACATTGAATTTTTTAACAAATTCATCAATCGTTATAACAATTTCTTTCATCTCTTTTCCTCGAATATGTATATAATTTAAAAAAATATTATAAAAAATATAAAAGAACCAACTAAAAAGTATATCACTTGTTATCTATTTCGTCAATGATTTTTACAACTAATTTCTTTATGTTTATAAATTTCTATAATTTAAAATACGATAAGATTATTTCTATAACCTTATCGTATATTTTGATGTTTTTTCAAGTCAATATTTTTTGCCTTAATGAATCAAATACAGATTTTGCAAGAACAATGGATAGTGGTAAGCACACAAAACATGATGCTAAATATGAAATCCACTCTACTACAATCCCAGAACTAACATCATCCATGATAACAGCATCCCAACAAATAAATGATGATATCGTCACAATACTAACTCCCACAATAATAGATAAACCACCAACAAACATCTTTGACCACCATGATTTCAAAGATAACCCTATATCTAAATCATCCTCAAGTATAATGACAAGAGGAAAAATAATCGATGCTACTATGTAACACACAATCCCTATTGCTCCAAATAGCATTCCCAGCCAATCATTTGCAAAAACATTATCAGTTAAATATACACTAACCATTCCAATAATAGCAATAACTGGAATTACTATAAGTATTATGCAATTATGTACGAACATATGTGCAAATATTCCTACATAATCACCTTCAAATTGATATACTGACAAAATATTAATAAATAATATGCCAAAAGTGATTATACAAAGTGTAACTATATGCCTCTTACGCTTGGTTGTAAAATGCCCGTAATGAATATTTCTTGCTCATTTATCCTTACATTCTCACCTTTCCACAATTTCTTTTTTTGCTCTAAACTCAAAATGATGTCTTTTGGTACAGGCTCTGTTGCAAATTCTCCAATTTTTGTCCAATTTTCTACAATTATAGTACCATCCGCCTGTGTAACTTCTTCAAATTTTTGTACATCACCTGCAAAAACATTGTTAGCACACAAAATGCTAATCACTACAACTATTATCTTTAATATTTGCAACATCTTCTCTCCCCCTTTTAATATGAGTTCATTTCTTCATTGTTAAATTACGATAGTTCAATATACCATTATTTATTATCACCGTCAATCACATCAGTCTCATCAACAATCTCCCCAACTAACTCCTCAATGATATCTTCTAAAGTTATAAGTCCGACGAGATCGTTATCTTGTTTTGATTCTACCAAAAACATATGAGAATGTTTTTTATTCATCATACGAAATACTTTTTCTATTTCTAAATCTTCTTTTACGTATTGAACATCTGATACAAACTCTCCAAGTGGTTTATCACGCTCATCAGAGTTCAAAACTTTCATAATAGTATTTACATGTATATATCCAATCATCTTATCTTCATTGTCTCCCTCATATACTGGATAACGTGAATGTCCTATTTGTGATACTTGGTATGATATCTGTTCTACTGGTACAGTAGCTGATAATGCAATAATTTTTTCAAACGGCATCATTACATCAGATACTACAATATCATCAAACTGAAAAATATTTTCAATCATCTCATGTTCTGATTTGTCTATAATTCCATGTTCTACACCTATACGACTGAGAGTTCGTATTTCCTCTTCACTAACTATCTCAGCAGCACTATCAACACCCACAGCTTTGTGTAAATACTTACTCATACGATGCAATACAAAAACAACAGGTATAAAAATTACATACATAACATATATTGGCCACGCTGTAATTTGTGCTATTTTTTCATTTTTTGCTATTGCAAATGATTTTGGTATTATCTCACCA
CP175956.1_gap24	777312	782239	4927	CTTTTCCTGTTTCATTGATCAAATACGTATTGTGAAGCTGAGCCACTTCGACCTTAGAATAATCCTTTTCTTTTACTGTCCATAAGTCAGTTGTCTTTTTCACAATATCTGCACTATTTCCATCAAAGTCTGTTTCCTCTTGATCCGAGTTAAGCTGATAAGTTAGATCATTTTTAGTCAAAGTATCTTGAATCGCACTAGTTAAAGCATCCAACATTTCTTTTTGATTCAATATTTTCACTTCTTCCTTTCGTGGATGAACATTAACATCTATACTTTGTGCAGGCATTGTCACAAACAACATGAAAACTGGATAATCTCTAGGAGACAACAATGACTGATATGTTTCTCTAACACGCAGTGCAATTGCAGGATTTTTAATTGCACGATTATTTATAAAAAGAAATTGTCTTGACCTCGTTTTTGTAGATATTTGTGGCCTACCTATAAAACCACTTATTTGCGAATAAGCCGAACTAGCCTCAATTGGTAAAAGGTGCGAGAAAATCTCCAAACCCAAAACTTTCTGAACCCGAGCCTCCAAAGTATCTCCAGACAAAAAACGAAAAACTTCCTTATCATTATGAGTCAAACTAAAACTAATTTCTGGAAAAGTTAATGCTACATTACTTACCACTTGAAAAATCTTGCGAGTAACATTGCTTTTTGATTTCACAAAACGCAGACGTGCTGGAGTATTTACAAACAAATCCGAAACTGTAACAACCGTTCCTCTGTTCATAGCAATTTCTTTTATTTCTATCTCACCCGTAGCTAATGAAGTCAATTGATACGCAATATCCGCCTCACTAGTTTTACTCTTAATAACAAAATTACTCACAGCACTGATACTAGCAAGTGCTTCACCCCTAAATCCCAGTGAATCAATATTCCAAAGATCATCAATATCCGATATTTTACTCGTAGTATGTAAATTTATAGAATTCTCCAAATCTTCTCTACCCATCCCCACTCCATCATCCACAATACTTATCTTTTTGAAACCAGCACCTTCAATATCAACCTTAATATTTTTTGCTCCCGCATCAATAGCATTCTCAAGCAATTCCTTAACAACCGAAGCAGGACTTTCCACCACTTCTCCAGCCGCAATTTTACTCACTAATTCTTTTGATAATTGTTTTATTTTACTCATACAACTAATATCCCCCTCTCCCTCTGGGAGAGGGTTGGGGTGAGGGTCTTAATATACTTCAATTATACAACTATACCACAAATACAAATCTAGATTCTATCACGTCATAAAAAATCACAAATCACATGTCATTCCAGAAATGTTTATTTTTTGTAGGGACAGTGCCTTGTGCCTGTCCGTTCAATACTGATTAGTAAAAAATATCATTGTCCGGAATCTATACTAACAAATTTAAAGAAAGTCTTTGTTACAATAATATTCCTGCCTTCGCAGGAATGACACGGATAGTTACATTTTTTCATTTGTACAAGGACATTTTTCATGATAATATTTACAAATAAAACACTAAATATTCACATTTTATGAAATAAAAAATAACTTTATGAATTTTGAAAAACCACAATTTAACAAAACTGAGATTGAAGGAACGTTCTTTAGCTTTGATGAAAATGGCTTTGTAAGATTTGGTGATGTTGCCAGATCTTTGCTTCAACAACAAGCTCAATATGCAAGCCGTTATACAGATGGAACGTTAGAAGATTATCCAAATCTCGGAAAGGAACTAAAATTTGAAGGTAATTCAAGTGATTATCACAGTTTAAAAATCCACAAAGACGACATCCAAGAGTTTATTAACAGAGTGAGGAAACATCGCGAACAGTTATAAATATTTAATTATTTTTTCAAATATGAAGGAAAATAAAATTACAGTTATTATTGACAAACCCCTTGCGGAGGTATTTGAGTTTACTACAAATCCCAAAAATACTCATTTATGGATTCCTTCCATTTCAGAAGAAATTGCTGACGAATATCCTCCAAAAATAAATACAAAATATAGAAATCGTGGAAATACTGATGATTGGAATGAATACAAAGTTATGGATTTTCAAAAAAATAAAGTATTTATTTTATTTAATGTGAAAGATGCTTATTTTGTGAAATATACTTATCACCAGTTAGATAATAATAAAACTGAACTAGAATACTTTGAATGGATGACTACCGGAGAATTAACTAATCCTTTTACAGAAGATATTTTGGAGAATTTGAAAAAAGTAATGGAAGGATAATTTTATTGGCTTTATTACGACCCTCTTACAGATTTTTCTACCCAAATACGAAAAGTGTATATTGTATAAATTAGTATATTTTATATTATGAACGAATTTGATATGAACTTAAATTTTCAATTTTTACAAAACAAAGAAATCTCAAATGTTTTAAAAGAAGTTTTAAAATTATCTCCTAAAAATTCAGAATTGTACTTAATTGGAGGAAGTGTTAGAAATGCATTATTTCATACTTTTTTTAATACTTATTTACCTCAAAGAGATTTTGATTTAGTTTTTTTTGGTGACAGAAAAGAATTTGAGAATAATTTATTAAATAATTCTTATGAAGAAGGATCTTCTTTTTCAAAAGAACAAAAAGTTTTTTTGAAAAAATTAAATGATAATTCTTATTTAACTTTTGATGAATTAGTTTTAGATATTCATTTTTTAGAAAAACAAGATTTAATTAAGATGCTTGAAGAAAATGTTAATTTCAGATTTCAGGGAACAACAATTAAATTAGATTATATTTTTGAAAAAAATTGGTTTGAAAAAATAATTTCAATTAATTCTGCAATCGAGGATATAAAAAATAAGAAAATTGTATTAAATAAAAAAAAGGTAAAGATTCATGATACAACTTTTTATGCAATGCTTAGATTTAATTCTTTTGGATTTTCTTTACCTCCAAAGGAAGATATTGAACTTTTATTAATTGAATTAAAAAATGTTTCAAAAGAAAGGGTGAAAATTAGTGAAAATAAAGTCATTGGGTCAATTGGTAATAAAGAAAAATTGAACAAAATATTAAAAAAGATTGATTTGGAAGGAGATATATTTTCATATGAAGGTATTCAAAATAATAAAATAAAAATAAGGAGATGATTTCAAAGTATAAAAAAACTCGCCCTTTTAATTAGTATATCTTATATTATGAATGAAGTTGAAGTGAAAGCAAAAGTTTCAAATTTTACAGAAATTCAATCCAAACTAGTAAAACTAGGTTGTACTTTTTCTGAACCACTAATTCAAAAAGATCGAATTTATCTTCCTAATGGAATAGAGTTTCCTGACAAAACAAAAGGAACCCTGTTTCTTAGAATCCGAAATTCCAATGGCAAAAATATTCTTACACTTAAAAAACAATTAGATACTGAATTTGAATGTATTGAACATGAACTTATCATTGATAATCCTGAACAAGCAAACGAAATGGCAATGTTACTAGGTTTTCATGAAGTTTTATATGTATCAAAAAAAAGAATTACATGTAAATATAATGATATGGAAATTTGCTTTGATGAAATAGATGAACTAGGATCATTTATCGAAGTAGAAAAAATGACTTCTGACACAGAAACTAAACAAATTATGAAAGATTTATTTGCATTTCTAGAAACACTGGGAATAAAAAAGGAAGACCAAATCTTCAAAGGATACGCCACACTGATTTATGAATTACATAACAGCAATTAATCACAATATTAACATCTCTTTTTCAATTCAGATAATTTATTTAAAGCCTCAATCGGTGTCATCTGATCTATAGATAAATCTTTCAACTCTTTTTCAATTTTACTACTTTGAGTTTTTGGTTTCTTTTCAAACTCATCGTTAAATACTTTTTTCTCCAAATTATCCAAAATCTCTACTGCTCTATTGTTTACCAAATCTGGCACACCCGCTAATTTTGCTACTGCTATTGCATAACTGTGTGAAGCTTTGCCAGGTCGCACCTTGTGAAGAAAAACTGGTTCACCATCATCTTTTTCCATTACTACCACTTCATAATTTTTGATTCGCTTGGGAAACTTCTCTTCTAAAGTTTGTAACTCGTGATAATGTGTCGCAAACAAAGTTTTGGCATTTTTATTTTTGGTTGTAACTAAAAACTCAGCAATCGCCCACGCAATACTAATACCATCATAAGTACTAGTACCCCGACCAATCTCATCCATGATAATCAAACTTTTGTCAGTTGCATGATGCAAGATATGTGCTGTCTCAGTCATCTCAACCATAAAAGTAGAAAGTCCAGAAGCAATGAAATCAGCTGCACCACTACGCACAAAAATTCTGTCTACCATACTAATCGTAGCCTCACTAGCAGGCACAAAACTTCCGACATGAGCTAGTAGTGTGATAACTGCAACTTGTCTCATGTATACAGACTTACCAGCCATATTTGGTCCAGTCAAAACCAAAAGCTGATGATCCCCTGCATTCAACTTTGTATCGTTAGCGATAAACTGATCTGTACTATATTTTTCTACTACTGGATGACGCCCCTCCACTATATGTAATTCATCATCACTACTCATAGTAGGACAAATATAGTTTTCCTGTTCAGCAAGCTCAGCAAAAGATCCCAAACAATCAACTGTCGACAAATCATGAGCCAAAGACTGAACAAATTTTGTATACTTCAAAATTTCATCAACCAAATTCAAAAATAGATCATATTCTATTTTATTAATTCTCTCCTGGGCAACCAATACTTTTTGTTCGTATTCTTTTAAATCAGGTGTGATATAACGCTCAGCACTTACCATTGTTTGCTTGCGAATATAATTAATCGGAACTAAATGCACATTAGCCTTGGTAACTTCGATATAATAACCAAAAACTCTATTGTATCTTACTTTCAGAGAAGAAATACCCGTTTTCTCACGTTCTTGCTCTTCCATTTTGACAATCCAGTCCTTATTACCAGTAA
CP175956.1_gap25	793212	796404	3192	TGCCCATATGATCAAGTATCTGTTGTGATTTTTTTAACTTTTTATTTGTTTTTATATCTCCAGAATCCAACCCTCCATACAATCCCTTATATCCATAATTCTGAAATTTGCCATAATTTTCTACACCTGCATCACTTGCCGCCTCTGCGAGTGATGTATTATGTTTTTTAATTTCATCACGTAATTGTACTCTTTTATTATCTTCTATCAGCTCATCAGTTTTTTCTTGTCGTCGTGTCTGAATTGCAAAATATGTTTGACCAAGTGCCACGACCTCCTTGCTTGGATCTGAATTTTGAATAATAAGATAACAAGCATATCTAGAAAGATATACGGTATCAACTGAACGCTCAGCACCAGAACCAATCTTGACCATTTCGTCCACATGGGCAAAATGGGTGTGGATAACTTCTCCACTCTTCTCACATGCTAATTTAGCCTTTTCGATAACATTCAAAAATTTACTATAATTTGAATAATCCAAAGCTTTTGCAAGATCACGAGAAGACCAAAAATCACTCCCATACTCATTAACTTGCTTAATTTTTTCAAAAATTACTTGTGTCATATTTGATTTGTATTTTAATTATTAAAAATAGAAGAAATGTCCATCTACATCCCACAACTATGATTTCAACACATCAATTACCTTACCATTAACAATTAAATCATCCTCTTCGGTTAAATATATTGGTAAAAATTCTTCTTCAGTTGAACAAGGGAAAAGACCAATTCTATCCTGTTCTACATATCGCAACAGTTTTATTGTAGCAAGCCCATCGATAACAGCTAGTACAGGTATATTATTGTCATTTATAGAAGGCTTGTAACCACCATCAACTAGAACAAAGCTTCCATCTTCAATATTATTCTCGCGCACTTTATAATTATTCATAGATTCTCCAGATGCCTGAATTGCAAAAAGGTTTTTAATATTTTTTTGTCCAACAATACTTTTTGAAACTTTCAATGTTCCCTGCCTATATTGCTCAGCTACAATACTTGCAATTCCACAATTTGCACTACCATATACAGGAATATCAACAAATAACATCTTCCCCTGGTCAAGTAACTCTAAAGCTTTTGTATGTGAATTTCTCCGCACGACACCAGCATCTTTCAAATCATTCAAATATTTATGCACAGTTCTTGGGCTATTCATATCATATCCGCTAGACCGCAATTCGTCTCTAAGTTCCCGAATAGATGGCATTACGCCATTCTCTCGGAAAAAACTTTTCAGAGAACTGAGAACTATCTCATGTTTTTTGGTAAGATTTTTCATTTTATCTGTTTACTACTGTTTACATAACTGTATCCATCATCACATATTTTTAAAATATCGTCAACATAAAAAAATAAAAAAGCTGAAGTTCAATTGATGAACTTCAGCTTGTATACACTTTATCTATTGATATTTATCAATCATATTAATCATTTTGATAAGATATTGTCCTGCCATATCCCAATTTACAGGATCTAATGCGTTACCACTCTCCCTCAGTTTACCCTGTGCATCAACACTGATATTGTTATGGGATTGCATGACTGGTTCAGATAACTGATATGTCTCTGGACCAAGTCCACCCGCAATACTGATGCCGATATCTGGTAAATCATTTTGAATTGCTTCAATAAATGGAATAAGTGATGGTGCGTCCATACCGATTCCACGCCCCATACTTTTATCCAAGAGGACACGATGCAAAACTTCATCATATGCATATTTACCAAGTCTATCCACAAGTGCACGTGGATTGTTATCAATCTCTTCAAATGCTTGCTTACCGATTTGCAAAATGATTTCTGGATGTATTCCTGAGTCAGTAATAGCTGCAAAAATCTGATGTCTATCAGGCCAAACTAAATCTAGTTGTAAGGCGTGCATATATTTGCCACCATATATAATTGCCAATCTCAAACTTTTCCACAACTCTGGACGTTTTTTACTATCTGCATAATGCAAACAATACATAACATCATCTGCATAATCACCATCAAATATAGATGCGATTACTTCATTACGTGGGAATGCATCTGTCCACTTTGTTGGCCATCCATGAAGAGTTTTGTAACTCATCATCACACCAACATGCAATTTGTATTGAAAATTGCCTGGCTCATGAGAATTAAAGACTTTTGCCATAGCAACTACTTCTTTGACGTCCATAAAATCAGTAATGCCAACATATGGTTGCATATCACTCCTCCACTTTCAAAAAATGTTAAAAGATATAATATATCTGTTGTTAAAAAAACTATCAAGGTATATTATCACATATTTATATCTTTATCAAACAAAAAATATCCATTTAATGGATATTTTCATAATTAGATATAGCAAAGTGATACACTAAGATTCCTGCCTTCGCAGGAATGACATAAGATGAAAACATCCAGTGATACTGCTAGTTTTTGAGAATAACAAAAAACACCCAACCAATGAGTGTTTTATTTCTAGCAAGTTCCTGAATCAAGTTCAGGATGACATTTACATGTCATAATCTTTTGCGGTTAGTCCTTATCGATACTATTACCTTTGAGCCGTACATTACAATTATGTATATAAAAGATACATAATCGACCAAAATGGGTTTTAAGAACTTGATGTGACCATCAACTCTTTCACCTTTACGCCCTAGAAAGGAGGTGTTTGGGACCTGACATAACACGCAAAATTGTGCAAAAAACTACTATAACAACTGAGATGAGTTTGATAAATTAAATTACTGTTTTATATAGTCATTCTACTGCATAGCCAATAAAATGCAAATGCTAATAAAAAACCCTTATTTAAAACTATTATTAAAAATTCTATCCACATTGCGTTATCTAATATCTGTGTTAAAATTCGAAGTAATTGAATTATTTATCAATGAAAAACTAAAATATAGCATCTTTTTATTTTAAAAATGTTAATATACATTATGATATGAAAATTAGATTAAACAATTTAAATAACATTATTATTTTACCTGATAAAGTTATTGTTGACACAAATGACAACATTATATCAATTGCCGATGTCTCTTGTATAAACGTTATAAAAAAACTTTTAGATCAAAAACTAAATGGGGGGAATTCCGTTTTGGTTCTTAATAAAAAACAGTTAAACAATGAAAGCATCAAATTATTACTTAAAGAAAATATTTTTTTGGATACAGAAGAACATTCCATTAAAGAAGTCCTCCA
CP175956.1_gap26	973341	976310	2969	GTTATAGGATCACCTCTAAGTCCACCTTCTGGCTTGCGTGCTATCAAATAAACTTTATTTGCATATTTCATAAGATCAACAACTGCTTCAAGTCCACTATTTCCGCCACCTACAACTGCAACATCTTTATCCTTGAAAAAAGGCGCATCACACGTTGCACAAAATGCAACCCCCTTACCTTCAAAGTCAGATTCACCAGGAACACCCATCCTCCTATGTCGTCCACCCGAACAAACTATAACTGTTTTTGTTTCATATTTATCGTCTCCTACAATAACTTCAAAAGTTCCATCTTCTTTTTTATTTACAACATCCACTTTTTCACCAATGTGCAAATCAATATTATCTTTTTGAGATTCTAAGTGTTTTTTTAATTTAATAGCCAAATCAGCTCCGGCTATAACTTCTTCACCAATCCAATTTTCAATACCATCAGACACAACAGATTGTCCACCAATCTGCTGGGCAAATAAAGCTGTTTTGATTTGTTTACGAGCCGCATAAACGCCTGCTGCTACAGCTGCTGGACCACCTCCAATAATAATAGTTTCGTACATAATTTTATAAAATAAAAATAATAAATCTAATAATGAAGTGGATGAAAATATCTATCCACTTCATTCAAGATTGACTATAGTCCTAAAAGATTTGTAAGTTGAACTTGATCAAATCCAACTAATACTTCTTCTTGACCATCTTTCTCAATAATAATTACTGGAACTCCCATTTGTCCAGTTTTTTCTACCATTGCTTGAGCTTTTTGTTGATCTACAGAAACATCCACTTCTTCATATTCTACACCCTTTTCTTGCAAAAAATCCTTTGCCATTGTGCAATAACCACATGTTGGTGTGGAATAAATTGTTACTTTTGCCATAATGCTTTTCTTACTTATTACTTATAATACTAATTATTTTAGCATATAATCAATTATACGCACAACCTTGACTAAACACTTTTTTTTGTGCATAATGAATAAATACTGTTAATCCCATGCCCTCGTGGTGAAATTGGATATCACATTTGGTTTCGGCCCAAACGTTCTAGGTTCAAGTCCTGGCGAGGGCACAATAAATAAAAAAGCATTTATTATATAAATGCTTTTTTATTTTTATGTTATACATCACTTTCAACATCTATTTTATCTTCATAAAAAACATCTCGATATTCTTGCCTACCCTCATTAAACTTACTCCCACGAGCATCAATTAAATCATTCGCATTGTCAAATTTTTTCTTTTCTAAAATAACTTCCTTTTTCTTAGCTTCTACATACTCTACAGTTTCAACTTGACTCACCTCATTTTCATATAAATATGAGTACCAAAAGTAAACCAGAGTACCTGCCACAAAAATCGCTAATACAGCCAATATATACTTAAATGACTTTATCCACCATTTACGTGCTGATTTAATGATTTTACCAGCATTACTAACTGGATCATTAAATGTATCACGACCTTTTAATCCAAACATACACAATCCTTATATTACTATTTATTATCTAGATAAAACACGGTAATCATAGTTGTTTTTAATAACTCATTTTTCATTTCCTCAACATCAGTAGTGCTCATATTAATATTTGATTCTGTTCTACTTGTTACAAGTGATAATACATCATTAAAATATTTCATATTTTCCAATTTTTGCAAAAACTCTATTAAATCATTTTGATTCCCTGTTAATGCAATCTTTAATTTCATATTATTCTTTGTTAACGGTTCGATACTGACTTTTTCATCAGTTTCATCTTCTTTTACTTTTGCCTTTGTTTTCTTTACAACTACAGCACTATTCACAACCTCCAGAGATATCTTATTACCCGTATTATTAGCAATCTCTTCTAATTGTGAAAATAAATTAATTTTTTCATCATCATTATCTGGCAATAACACATTTAACCCTTCTTTTTCTATAGATATGTATTCGGAAGTTTTTTCAAATTCATAAACATTCACTAAAAACTCTTCAGCTAACGCATGACCTAATTGTAATTGCTCTAATTCTGCTGATTTATTTTTTATCAATCCAATAATATCAAAGGATTTATTGAACATAACAATAATCAATACTAAAAATATAAATATGGTTATTATTTGTTTATAATATTTTTTTATAAAATATGCCATAAATTTACTTCAAACAATCTAAATTAATCTTAAACGTCATTGTAAAAAAAATATCAACAGGAGTTGCTAATTGCTCCTCTGGAACAACAACATTTGTAAAACACTTTTTTTCATCATATTCCATATCCTTAAGTGCATTCTTAAACTCCACCACACTCTCCCGTGTATTTGCTTGAGCCTTAATTGATACAGAATCATTTGTTGTTTTTATGCTCTCAATAACTATACTACTAGGAACAGTTTCACTTAAAAATATAATCATCCTAGACCATTTTAAATGATTTTTATCTAACTTATTAATCAAATCAACCTTTTTATTCACTTCAATAAATTCATCATGCATTACTGCAACTTTTTTATATCTTTCATTTTCTGTAACACTAGACTTTACTTCTTCCATAACAGAAATTTCAGTCTTTAATATAAAATAAACAGCAAATAATCCACCTATCAAAAACAAAAACGCTATCATGACATGAATTTCCTGTTCCATTATTATTCTAAATGTTTTACGCCTATTCAAATGGTCTTTTTGTTTTTTTGGCAATAAATTGAATTTTATTTTCATATAATTTTATATACTCTTTGAAGCTAAACCAATCACTGTTGCATATTGAACGGACGCTTCTCTATTTATTGGTGGCACACTTTTGAAATTCACATTCACCCACGGATTTCCAAGCTCAATATTATAACCCAATCTACGAGATAAATAAGGTGCAATTCCCAATGTTCTAGCACCACCTCCACACATTATAATTTTATCTATTTTATCAGTATAATTTAATCCATTCAAATAAAAATCAATAGATTTTTGTGCTTCACCAGCAAAGTTCT
CP175956.1_gap27	984974	989878	4904	CATTTTCATTCCAATTCCACCACCAATTAATACAAATGCAATTAAAAAACCATGATTTTGCAAAGCATCACTCATACCTATTATAAATCTAGTAGCGGCAGGCAATTCAACTTCCATATCTCCAAATACTCCAAGAATTTGCGGTAAGATATACGTCAACATAATAACAGCCACAATCATCATAGCAAATACAATTACCGCAGGATAAATCATGGCACCTTTAACTTTTGATTTTAATTCATGTTCCTTTTCCATCTGAATAGTTACAATATCCAAAGATTGATCCAATGTTCCTCCGATTTCACCAACTCTTATCATGTTTACAAATAAGTCATTGAAAATAAGTGGATATTTTGCAAGAGATTCACTAAAAACGACTCCTTCTTGTACATCTTTATAGATATTTTCCAAAACTTCTTGAAAATGTTTATTTTTCGTCTGCACACTTAAATTCGATAACGATCTTCCAATAGTTAATCCAGATGCAATCATAACACTTAAATTCCTAGTGAAAAATAATTTTTCTTTCAAGCTAACACCATTTAATCTATCCATCAATTTAACATGTGGTTTACTGCCCTGCACTTCCATTCTTTCTATTGATGTAACAACAAAACCCTCACCACGCAATTGCATAGCAAGACCTCTTTCATTTGTTGCATCCATTTCTCCTGACTTAGGAGTACCGTCAACACTTTTTGATGTATATAAATATTTTGGCATTATTTTATTTTATTCTTTTGTTACTCTCATAACTTCTTCTATACTTGTTACACCTTGAATGATTTTATTAAATCCATCTTCAACCATTGTCACCATTCCATCTTCACGAGCTTTCCTTTCCATCGCATCCGATGTTGCATTTTGAGTTATCAACTTTTCTATTGCTTCAGTTATTTCAAATACTTCATAAATACCAGCTCGCCCTTTATATCCGCTTCCATTACATTGTGAGCAACCATTTGGCTTAAATAATTCAATATCGGTCCAACTAACACCCGGCTTTAAAACTTTAACTCTCTGAAGTGTTTTTGTGATAGCTTCAATATCATAATTAAGTGATAATGTTTCAACCTCCTTTTCATCTAACTTATACGATTCTCGACATTCAACACATAATTTACGAACCAATCGTTGAGCTACAACTATATTTGTAGTAGATGCTATTAAAAATGGTTCCGCTCCCATATCCACCATACGAGGAATTGCTCCAGCAGCTGAATTTGTATGCAATGTTGAAAGCACTAAATGTCCAGTCATGGCAGCATGAATTGCAATTTCAAGAGTCTCTTTATCACGAATCTCACCAACCATTATAATATCTGGATCTTGACGAAGAAGTGATCTAAGTCCAGCCGCAAATGTCATACCAATTTTTGACTGAACCTGTGTTTGATTTATACTATCCATTCTATATTCAACAGGATCTTCTACTGTGGAAATATTTACCTCTGGAGAATTTAAAATATCTACAATTGTATACAACGTTGTTGTCTTACCAGAACCAGTAGGTCCCGTCACCAAAACCATCCCATTTGGCTTTCTTATCTCTCTTTGTATTGCTTCCAATGATTCTCCCTGTAATCCCATTTTTTCCAATGTAAGTCCATGTGATGATTCATCTAACAGACGCATTACAATTTTTTCACCATCAAAAACTGGTAATATGCTTACACGAAAAGAAAGTTTATATTCATCAGTTTCCATTTTAAATCGCCCATCCTGTGGTAATCTGTGTTCATCCAATTTCAATTTTGATAATACTTTTATACGCGCAGTAACTCCGCTCATAGCATCTTTTGGCAATGTCATAGCCTGGCGCAAAATACCATCAATCCTATATCTAACAATTATTTTTTTCTCTTGTGGTTCAATGTGAATATCAGATGCTCCGTCTAAAATTGCATGTTTAATAAGTGTATCCACTATTCTAACTATTGGGAGATCTTCAGAAATTTTCACTAAATCTTCATTTTTTTCACTATTTTCAATATCATCAGCATCAGAATCCTTTATCATATCTCCAAATTCAGCTTCCAAGCTTTTCGTGTATTGTTTCAAAATAGTTTTAATACTGTCATCTGTTGTTACATATGGCATTATATCCAAACCTGTTTTTTTCTTAAGAAAGTCTATCATCTGCAAATCTTCTGGATCCAACATAGCTACCTTCAAAGTTTCACCAGCTTTCTCAAAAGCAACTACTTGAGATTTTTTTGCCACTTGTTCAGGAATTATATTTAATACTTTTGCATCGACTTCCTCCTTTGTTAAATCCACAAATGGAAATCCTAATATAGAAGCAAAGCTTTTTATACAATCCATCTCATTAATAATCTCTTTTTCCATTAATAACTCACAAAGTTGCACATTTTCTCTTTGAGCACGCACAAAAACAGGAGCAATCTCTGCTTCTTTTACAATTTTATTTTCTATTAAATAGTCATACAGTTGATCATTTTCTATTTTCATCCTATCTATTTTTATTTCAATTCTATTATACACCAAAAAGACAACACAACCAAATCAAAAAGCGAACCTAATTGGTTCACTTTTTGTTTAAATACTATCAATATTTAAATTTTCATTTTCTCTATATTTACATCATTCCACCCATACCTGGCATTCCACCACCCATACCTGCCATAGCTGCTGCAGCATCAGATCCGCCATCTTCACTAGGTTTATCAGTTATTACAACTTCCGTTGTAAGCAGCATTGATGCAACACTTACAGCATTTTCGATTGCAGTTCTAGTAACTTTCAAAGGATCAATAATTCCTGATTTCACCATATCATCTTCATATATATCTTCCAATGCATTATATCCAAATCTTTTTCCCTTTCCTTCTATTACAGCATTATACACAACTGCTGCATCTCGCTCACCTGCATTTTGGGCAATTTGTTTAAGTGGTGCTGAAAGAGCATTCAATAATGTCTTATATCCAGCCTTAAATTCATTACTAGCATCTTCATCTATTTTCAAAGTCATGCCAGCTTTAGCTAATGCAGTTCCACCACCAGCCACAACACCCTCTTCCACAGCAGCTTTTGTAGCAGCTAATGCATCTTCCAATTTATGACGCACATATCCCATTTCTGTTTCTGTTGCAGCACCAGCGCGTATCACAGCCACTCCACCAGACAACTTAGCAATTCGTTTTTGCAATTTTTCCTGTTCATAACTTGAATCTTCAGATTGAGCTTGTCTAGATATTTGTTCAGCTCGTTCTTTTATAGATTTCTTTGTACCTCTTCCATCAACAATTATAGTCTCGTCTTTTGTTGATACTACTTTTGCAGCACTACCCAAAACGTCAAGGTCTACATTTTCCATAGTCATTCCCTTGTCTTCTACAATAACAGTAGCACCAGTAACTATCGCGATATCTTCCAAAACATCTTTTCTAGTATCACCAAATTCAGGTGCCTTAATAGCTAACACATTCATTGTTCCACGTAATTTATTCACAACCAAAGTTGCCAACGCCTCACCTTCAAGCTCTTCACAAATAATAACTAAATCCTTTTTACCACTCTGTGCAATTTTCTCAAGCAATGGCAAAATATCATTTATAGCTGTTATTTTTTTATCAGTAATCAAAATTGCAGGTTCTTTAATTTCTGCTTTTCGAGATTCTGCATCGGTTATCATATACGGTGATACATAACCCTTATCAAATTGCATCCCCTCTACTACATCATAACTCAATCCAACAGTTTGAGATTCTTCCACGGTAATAACACCATTTTTTCCAACCTGTTCCATAACATCAGCAATCATCTGACCCATTTCTACATTTTCAGCACTAATAGTGGCTACTTGTGCAATTTCTTCTTTTGAAATCACTTTTTTTGAATTTTTTTGCAAAACCTCTACAACATCATTCTTTGCAGCTTCTAATCCTTTACGTATTCCCACAGGATTTATCCCTGTTTCTACAAATTTCAAACCTTCATTTACAATTGCTTGCATCATTATCGTTGAAGTTGTAGTTCCATCACCTGCTGCATCATTAGTTTTATCAGCAACTTCTTTAATTAATTCCGCACCAATATTTTCAAATTTATCTTCAAGTTCAATTTCTTTTGCAATTGAAACACCATCATTTGTTACAGTGGGGGCTCCGAATCCTTTATCCAAAACAACATTTCTACCCTTTGGTCCAATTGTAGTTTTTACTGCATTTGCAACTATATCAATACCTGCTACAACTTTTTTACGAGCATCTGCTCCAAATTCTATTTGCTTTGACATATCTTTATTTATCCCACCACAGCTCTCATTGAACAATGATAGATTATTATTATTTACATTTATAAATTAGCAATCTCTCAAAACGAGTGCTAATCACTTAAGTATTGTACCGAATTTCATCTTGCTGTCAAGAATTTTATACTTTAAATTCTACAACATCACCATCTTGCATGATGTAGTCTTTTCCAACTGTTTGTAAATCCCCACTTTCCCTTGATGCACTCCAGCTTCCAGCATCAAGTAATTTTTGCCAATTTACAATATCAGCCCTTATAAATGAATCCTTAAAATCATTATGAATTGCAGCTCCTGCCTCTGGAGCAGTAGAACCCTTCTTAATAGTCCAAGCTCTAGTTTCAATTTCACCAGTTGTGAGAAATGTTTGCAATCCCAATAACTCAAATGCCTCAACTATCAAATCATTTAGATGAGATTCCATTCCCAATTCGCTAGCTTCCTCCACACTCATTTCCATTAACTCTTCTTCTATTTTTATATCCAATTTCACATGCGGCCTTGATTCTAATTCATCTTCAAGTTTTTTATCAGTATCTGATACATTGTAAATATACATTATCGGCTTCATAGTCAAAAGACTCATTTCAGTAATAATTTTTTTATGAGGTTCATGTGTAAAATCTAT
CP175956.1_gap28	1175308	1177824	2516	ATCATCCCACGCAATCAATTCTCCATTAGCTACTGCAATGGCTTGTTCTGAACCTTTTCCTGTTATCAATATTACATCATTCTCATTTGCAAGTGATACTGCCTTTTCTATGGCTTCAAACCTATCTTCTATCAAAAACAAATTTTCTTCAACTACAGCACCTTTTTCAATAACTCCGCTAGCTACATCATGAATTATTTCCATAGGATCATCATCATATGGGTCTTCATTTGTTACTATGATGAAATCAGCTTTAGCTCCAGCAATATTCCCAAGCTCTTTTCTCCTAGATACATCCCTTCCTCCACCAGTTGAGCCTAAAACATGTATTATTTTATTTGGCTCTAGTACTTCAATTGTGTTATACAACTCTGTCACAGCAACAGGTTCAAATGCATAATCAACAATTACAGAAAAACCTTGTCCTTCATCTATTCTCTCTATCCTTCCTGGAAGCTGCGGTATTTTTTCGAGTCCTTTTTTAATAGAATGATTATTGACTCCAAGTGCTCTTCCTACACAGCCAGCAGCTGATGCATTAAGCGCATTAAATTTACCAAAAATATTCATCTGAATCTCCTCATTCTCAAAGGACAAGTTCACACCTATTTTATTTACACTATTATATTTATATAAAACTTTCTCTAAATTTTTATCAATAATTTTATTATTTTCATTTTGAGTAAATCCTATTTTTAAATCAGCATCATATCTGATAAAATCACTGGCATGACTATCATCCAGGTTAACAATAATAACTTTTTGATCTTTCCTGCTACACAATTTTTTTGTTTTACAATTACCCACATGCTCAAATAATTTTTCTTTGGCAGCTTTATAATTTTCAAAACTTCCATGTGATTCGATATGTTCTGGATATAATCCTGTAAAAAGTACTATATCATAATTTATAAAACGATGTCTGTACTGCACAATTCCTTCTGAAGTTGTCTCCACTATTGCAATATCACACCCATTGTCAACCATTCGCCTAAGCATTTTTTGCGTAAAGAACCGCCCCAACATTGTCATTTTTTTATCATTAAGCCATTCATTTTTACCATCAGAAAACATCGCCGTTGAAGTATATCCCACACGATATCCCGCATACTCAAGCAACCTTGCTGTCATAAATGTAACTGTTGTCTTACCCGTTGTTCCAGTAATTCCAACAACTGTCATTTTATTACTAGGAAAGCCATATGCAGCTGCAGCAATGAAATTTAATATATAATGATAAATTGGCTGCAGAAAACCAAATAAACTTTTGGGGATAATTTTTTTTATATATACCAATATTTTATTCATGTTTTATTTCTTAATTTTTTGTAAAAATCTATATATTCTATATTTAAACCCCTTCAACACAACATCATATGAACCTAATGTTTTAAATATTTCTGTCTTTGGTGAAAATCCCATTTTAAATCTAGTTATTCCCTGCTTACCACCATCTATGCTATCTGGGAATACACCACCAAAATCATACCAATTAAAATCTCTTTCTTTTGCATCTTTTATTGCTTGCCATTGCAACAAAAATGGTGCCATCACATTTCTATTATTGTCAGATGTTGCACCATGTAGATATGTTGCAACTCCGCCATAAAATGAAATAATATTTGCAGCAATTATTTCACCCTCATATTCTGCAACATATAATTTAATTATATCACCTGGTATCTTTGTAATTATTTTTTCATAATGTTCCCTATTATGAAAAGAAACATCCTTTCTATTTGCTGTCTTTTCCACTAAATCACAAAATGTTTTTATATGCTTTTTATCCAAGGTTGTAAAAATTTTCACACCCTTCCTTTGAGCCAATCTAACATTATATCTTGTCTTACTTTTCATTTCAGACAATAAATCATCTTCTGACTTTGATATATCTATAATAAAATTTTCTTTTGGCTGCATATCATGTGGTGCTTTTTTATATTTTAAGCCATTTGCCTCCACAATACTTAACAACTCATCACTGCACACATCTATTCGCATCCAACTAGCAGAACAAAGTTTTGTTTTTACCAACAGCTCATTAATTGTTTTATTATTGATATTGCAAGCTCTGGCAACATATGTATACATTCCTACAATTGGTAATGTATTTATAATACAATGAATTCCGTCATCACCTTCATCAGCAAGTGCTAGAACATCCTTCTTTTCAAAACGCAATAAATCAGCCCATTCACTAGACTGCAATAACCCACCTTCTGGTTGTTTTATATTTTCTGTATTCATTCTTTCATTATAGCAAACTATGAGATTTTTTTCTCCATTACATCACTGACAAAAAGTCCTATAGCTCCAGCAATTGGAACAGCTAAAAATATTCCTACAATTCCAGCAATTTTACCACCTATAAGAAGTGCCAGAATTATAAGTACTGGATTTAACCCAACTGCTCTATTCATTATTTTTGGAATAAGAAAATGATTTTCTATCAAATTAACTACAAAATAAGCTACTGCAACCATTAACCCCGTAGCTGAGTCACCTACAACAGTAGC
CP175956.1_gap29	1180618	1183738	3120	ATTCACATTAATAGACTCAGTTTCCACAATAACCTCAGTCTCACCAGCAACTATAGTAGCAGTTCCAATGGATGAAGCATTGATTTCGTTACCTTGTTCATCGTGTGTTGTTATATCGTCATTGATGTTCAATGTATTTGTTTCTATACTATTTACTTTTAAGTCATCTAATACAGTTAGACCTTCTATCGTGGTTATGAGTCTTGTAGTAGACATTGTATTATTATCTATTGTAAACAAGAATCTTTCATTTATGGCTAGAACTGTATCTGAATTTTTAGACACTGTACTTGCTAGATCTGACTGATATCCATCTAATTCATCCATTCTATCTTCTATTTCAGTTAGAGTTTCTGTTGCTAAAGTATTTGCATTTATTTGTAGTGACAGTACCTCGTGCCTGTCATTAATTCCTCCTATGTCATCCTGAACTTGATTCAGGATCTCAGATGCATCATTTGTTTGTAATGACAAACCTAATTGTTTATCATTTAAATCTATAATTTGAGTATCAATTTCTGTTATCTTTTGTGGAGTTGGTAGGTTTGATATATCTATCAGATTTAGATTTGGTACTTCTTGTCCTGTTGTTATATCTGTTATATATATTAGTTGTTGTCCTGTTAGTTTTTCTATCAATCTTACTGTTTTTGTCATATCTACATTTATTGATTTGTTGTCTTTTTCTGAGTAATAGCTCCATGCTAATTCTTCACTTTCTCCTCCGGGTATAGTTGAGAAATTATGTGGAGATAGAGTTGTTGTATTTCCTGCTTCATCTCTTACTCTTAGTTCATGGGACCCACTTTGATCTACTGCAAACAGTTGTATCCCATTAACTATTGATGTTGTTGGAGCTATTGAGTTTGAGATTGTTAGGATATTATCTGCTGTTGTTCCGTAGTTACTTGATCCTATTCCTACGTTTCCTGATGTGTAGGCTATATTATTTCCTGTTTGGGTCCATGGAGAGTTTGTGGAGCCTCCTGAGGTTGAGCCTCGATCTAATTCTACCGCTTTAACACCTACAGAAAGACCTGCTGAATCTGCCTTCACCTGAGTTTTTTCTACAGGATGAAACCCTGTCTTATTACCATAGTTAGTATTACTATTTGCTGTAAATAATTCATATGCAAATCCGTTTGCTGAAGGTGTACTATCATATGAGATACGCAAATAACCATTTGTACCACCAAAGAGTACAGTTTCTGCTCGTGTTACTGGAATGATATTTGAATAATTTGGATAATTCCATGTTGTTGACATACTTGTTGTAAATAATGGACCTGTATCTTTTGCGAAATAAATTGTATCACCCTTCATTATAAATTGTTCAATATTACTTGAACTATCTGTTACTACATACCCAAGCCACCTATATGAAGTAAATCCACTAGGTATATTTGTTGCATTTATATCTGTATCAAAACCTATGTCTGTTGTTCCATCATCTTTTTCTATTAGGAATACATAATACATTGTATCGTTTGCTATTGTTCCACTGAATAGACCTCCTTGGTCATCTCCTTCTGAGAAGCTTGCATCTAATTGTTTTGTTAATCCTGTAGCTAATTCTAGATCTTTTAAATCTGTTTCATCTTTTGCGTATCCACTTGATACATATACATCATGGTCTGTATCTCCTGAGTCATTTGATAAGTTGAATCCGTATAGGAATCCTGGGGTGTACGATGATGAGCTACTTCCTGATGATTCTTCTATTTTCCAGATTTTTAGGTCTGTGTATATTTCATATGGATTTCTATTAGAAGATCGTCCTTGTGCAGCAATATTATCTGTGTAAAGAAGGAAATCAATTATTGTTTCTTCTGTAAAGGTTACTTTACCTGTAACAGTAGCATTATCATAATCAGCATATGTTGTACTTGCTGCTAAAAATGTGTTATCAATTTTTTGAATTTCTAAACGTGTTTTTCCTAAAGAACCAGTTCTAAAGGAAAGACCTGTACCTTCTAAATAATAGTCCCCCGCAGGTAGAGTGATTTGATTTGATGCAAGTGACGCACCTGCAATTTCATTTGTCATAACTGTATTTAATTGAAGTTGATTTTCACCCGTTGTAATTGTTTGTGGTGCAGTATTAGTTACTTTCTGATCCTGCACATGCATAAGATTCCAAGTTTGTCCTCCTCCAGATATACTTGAACTTCCACCTCCAATTAATGAACCAGAAAAGTTAGTCCAATAACCACCACTCATATTTTTATTTGCAGCATTATCATGATAAGCTCTTACTTCGAAATAATCTGTAGTTCCATTTGCATCAACAACAACTGAAATTTTATTAGTACGATATGTACCCGTCAAATATCCATAATCACCTGTAACAACACTACCATTTTTATATATATACACTTGAGTTATATCACTATCATTCAAATTTTCCCAACGAGTAGTAAAAGTTAATAAATATTTACCTTGAACTGTTGGAGTAAACTGCTCTGTTGTTAAATCAAAATCGTTATTTGTATCAAATTCCTCAGCATCCCAAGTTACTAAAGTATTTGTAGAACTTGGAATACTTTGGTCTACAGTGTTTTTATTTATACTAAATGATGAAGTGTTTCCAACTACACCATCAGCACATTCCCAGTCACTACTCGCTTCATTATATGAAAGAGTTTGTCCATCTGTACATGTTGGTAATGATGATGATTCTGAACTTCCTGCGTATTCGTATATTATAACTACACCATCGCTACCTGCTGATGCAGATCTAATGGTTGAACCATCATAACATCCTCCACCCCCACCAGAACCATAGCCTATACTTGTTTCAGCATTTTTTCCATTCTGTGCACTTTTAGCATTTTCAAATCCTAAAAATGATAATCCTCCATCTCCAGCTGGACAAGCTTGATAATTTGATAATTCTTTTCCTCGTGAACCTGTGTTATTTATGTCACCACCGACTCCACTACCTGGAGCATCAGATACTGCCAATCTATTTCCTTTACCTCCACCAGTTGCTGATACATGTGTATCAAATGATGTATCAGTACCACTAGTATTTACAACACCACCAGCACCTACAGTAACTGGAACACTTGTAATTGATGATACATCTATTATTTTTTCTGCATAACCAGCACCACTACC
CP175956.1_gap30	1255245	1258458	3213	GAGCTGCAATTGCATGAGGAGTTAATCTTTTATGAATTGAATCAAGTGCACGCTCGAAATCAGCACCATCTTTATCTATTTTATTTATGAAACAAATACGAGGAACTTTATATTTATCAGCTTGACGCCATACAGTCTCTGACTGTGGCTCAACACCCTCTTTTCCATCAAAAACAACAACACCACCATCTAAAACACGCATTGAACGTTCAACCTCAACTGTAAAGTCAACGTGACCTGGTGTATCAATAATATTTATTTGATAATCCTTCCAAAAAGTTGTTGTAGCAGCAGATGTAATAGTAATACCACGCTCTTGCTCTTGCTCCATCCAGTCCATAGTAGCATCACCATCATGTACCTCACCTATTTTATGAGACATTCCAGTGTAATACAAAACTCTTTCTGTTGTAGTAGTTTTACCCGCATCAATATGCGCAATAATACCTATATTTCTCAATTGCTCAATTGGGGTTTTCCTCGCCATATATTTATTATAAATTAATTTAAATACTTTAAAATGTTATATAAATGTATCACATTTCAATTTCAATGTCACTATTTCTTTTTTGACTGTTTAACTATTTTCACTTTCTTAATTTCAGGAATTGTTTTCAAAACATTTTCAGTTTCTTCTACCTGTGGATGTTTTTTGATCCAAAGTAAATTTGCTATGAAAATTGCTATGAAAATAATAGTTGTCATGAGTGGAATATTCAATCCCAAAAACCCAACCATGAACACCACTACCGTCGGAATAAAATACAAATTAATAACCGCTTTGTATGCAGTCATATACTTACATTCAATATCAAATATTTTCGTAAGTACAAATAGCATAAGTGCCCACCAAAACGCACTAACCAGTCTAAATACAGAAAACCAAAAAAACATAAATACTCCAAGCAAGATTGTCAGAATAATTGAAAATGGGAAGATGAAATATTTGCTTACAAATTCTAATATATCATCCTTTGAAACAGTAAAATTTGGAATTTCTGAAAATACTATTTGATCAAATTCTGTACCATCCTTAAAATAAGCTCTATCCCCCAGAACAATGATTCCACCATTATATTCATCTAATGATGTTAAATCATATGCATCTGAACGTGTATCAATAATAATAACAAAACTTCCATCATAACTATTATCATCACTATGAGCATTTATCTCACGGAAGAATGGCTCATCTATGTTCTGGGTTGTTAACTGTCCATCTGTTATGGTTATTTGTGCAGATTCTGGAATATCACGCTCAAGCAAAGCCACTGTATCATCATATGAATCACACAAAAACACACAAAAACCTACAGCCACCATTAAAGACAATGCTAAACTAGACAATATCCAGAATGAAATTGTTGTTTTATTGTTCTTGCATTCTCCAGCAAAAAATTTTGCCAAAAAATCAAGCTTCCAAATATCAACAAATCGCTTTAATGCTTTTTTCATAATATTGTATTTTTGTTTTATAAAAGTGAACTATGCAAAATGTGCAAATGCTTTATTTGCCTCTGCCATTCTGTGAGTTTCTTCTCGCTTTTTCATTGCTAATCCTTCTTTTTCTGCTCCTGCAATAAGTTCATCAGCTAATTTTTCTGCAAAGCTTTTCCCTTTTCCTTTTCTTACAGATTCTCGTATCCAACGCATTGCAAGAGTTTGTCTTTTTTCTCCAACAACTGGTACTGGAACTTGATAATTAGCACCACCTACACGACGAGATTTCAATGCTACAAGTGGAGAAACATTTTTGATAGCTTGTTCAAAAACATTTAAACCACCCTTTTTAGTTCTCTCTTGAATAATATCAAAAGAATCATAAACTAAACGTTCAGCTATTGAACGCTTTCCATGTAAAGTAATTTGTCCTATGAAACGACCTACCAACATATTGTTGAATTGTGGATCTGGTCGCCATGACTTTTTAAAGGTCCTCTTTCGTCTTGGCATAAAAGTAAAAATTTAAATTTAAAATATAGTTTGAAATTTTGTATATAATTTTGACGTTAAAACGTACTAAAAGTATATATCAAAATTATGCTGTTGGACGTTTTGCTCCATACTTAGAACGACCTTGTTTACGGTCTTCAACACCAGCACAGTCCAAAACACCACGTACAACGTGATAACGTACACCTGGCAAATCTTTCACACGACCACCACGGATCATTACGATTGAATGCTCTTGTAAGTTATGTCCTTCACCACCAATATAAGCAGTTACCTCCATTCCGTTTGTTAACTTAACACGAGCAATCTTACGAAGTGCTGAGTTAGGCTTTTTTGGTGTTGTTGTAGAAACCTTCAAACATACTCCACGCTTAAAAGGTCCTTGTGATTTAATAGGTTTATTTTTCAATGTATTAAACACTGTTGTCATTGCCGGTGATTTAGTCTTTTTGACTTTACTCTTACGAGCCCGACGCTTCAATTGATTAATTGTAGGCACAATAATAACTGTTAATTTTAATTAAAACTTGTTTTGAGGCTACATACACCTCTAAAGCAACTCTTTTGCTTACACCCCATTACAAATATAAGCAAAAAACACTATCCGCAGATAGTTCCCATATATTACACATAAAATAACAAAATGTCAAACAAAAAAAGGAGGTCTGTATTAGCACCTCCTTCATAAATTGAGTCCTGAAACTCTTTGAAATAAATCCATTATTAAAATCTGACTTCACTTTTCAATATGAAAGGTTGCTATTTCAAGAACGGCTCCACAATTACTAGCGTAACAGCTTCAAAGCCTCACAACTATCCTACACATCCATATCTATCAAATTGTTAAATGCCAACAGGGATCAAACCCATTGATTACAAAATAGCCTGTTTTTCTAGACAAATTTTGCCCATGCATCTCAGAAAACTCAATTTAAAATTATTTTATACCAAAAAATACTTTTTGTCTACTAAATTGCAACTGATTTTCTTTTATTCTACTTTTTCAAATATTCTTTTAAAGCTTCGCTATAGTGTCTTAGTCTTTCTATTTTTGTCACCTTTAGCACTGATGAACTTGGACGCTCGGCTGGACGTGAAAATGTTTCTGGTGGCACTGGTTCTATTTTTGTATCCAATTCTGCTATTTTATAAAGTTCTTTCACTCCATCATACCAAGTGACGTCACCCTCATTTGCAACATGATAAATACCATTTTCCGAATTACTTTCTACAATTTCTTTGCTTTTTTTTGCCAAATCT
CP175956.1_gap31	1262007	1264488	2481	TTTTCAACAAAAGGAAATTCAGTAAAGCTATCATTCTTTCCATCTATCATATTATTTGCATCAAAACTTCCAAATGAATCACTTGCTCTAAAATTAATATCGACTTGTTTAGTTTTGTTTATAATGGTGGAAGGAAGTATAACGCCCATAGAATCTGTAACAATCACATAATTTCGAGAACCTTCATCAAAAGTCAGGGGAACGTCTATCATAGTTGGTACCGCAAAATTATTTTTTTCAATTTTAGCAATTGACTTAAATTCTCCTTTTTGATCCAAAGAGATTTTTTCCATTAACAGTCTCTCTGCAGATACTAAACCTGGAAAAATAATTATTATACTCAAAATGAATATTATTACTTTTTTCACTTTGTTCACCATAACCTTATTGGAATAAAGTTCTTTTGTCATATTAATAGTTTTATTTATTTTTTAGCTTTTTTTATAAACGCTGTTGATATTAATAATGTTCCCAATACAAATGATGTAATTATCCTCATTATTATATCCATATCCCAAAATTCTATAAATAAAACTCTAGCAACAACTATTCCAAATAATATTCCTCCAACAATCCTATATGGTTTATATTCTTCTTTTATACCCATCACATAAAACCCAACCCCCACAACTGTATATGTTACAAGTGCTGTAAATGTTGCGATATCATCATTCCCCATAAACAAGTGTGTCACAAACCAAATCAACATAAGTCCAAAGGCTCCACCCGTATATGCAAATATACGGAAAAATATCATATTTTCTTTATTGCTTATGTCCGTAACTCTAAGTATTGCTACAGCGACTGAAAACATTGTGATACATACCATAAATACAGTAAACAATTCTGGCATATAATTCAACACACTATTTTTATCCGGATAATCCAAATAACTAAATATCTCAGCAACTGCCACTAACGACATAATTACAGGGACAGCACATACTATAGTCAATAATGAACGCATTGTTGAATTAACACCTTTCCTTGCAAAGTATAATGTAATTATTGCAATAGCACTTGATTCTACTAAATAAGCTGTTATAAGTACTGGTCCATCAAATTGCAATGCAGTTGCTACTGCAAAAAGCGTAGCTGTAACTCCTCCATAAATTGCAGTTGGTGCTTTGCGTCCAGTTTTTACAAATATAACATATGAAGCTCCCGCAAAAAATAATATGGCAATAAGTAATAAGATAACCTCAAATTCTGCGCTTGCAAACGATAATATCCAAATAAGCATAAGAGTTCCTATGCCAAGTGCAGTCATAATATCAAAATGATTTGTTTTTTCTGACTTAATAATAGAAGAAATATTTGCCCCATAAAAAATTCCAGCAAAAATGAAAGCTAAAATAATATTACTCATACTTTCAGCATTCCCAAACTCAGTAGCTATGTATGTAATTGAATAAAAACCAACAATAGCTAACATCATGGTTGTCAAACCTCTCCATGAAGTAAATGCTACAACCCACAAAGTTCCTAGAGTCAATATAAACAAATATACAAAAATTGTATTAGTTGTAACTCCAAGTGCAAAAAATAACGGTATTATAGCTCCAAAAAATATCATAGAAGCTGTAAGTGATATACTTTTTTGTTTCAAAGATACAAGTGTTACAAAACCAACTGAAATAAGCATCACAAACATTCCAACTACGGGAATCATTATTTCATAATATATACCTGCGAGAGAAGAAATAAGCATTGCTGCAATTCCTATAATCAAAAATAAATTTCCTTGCGTTCTTTCTTTTTCTGCTCTCATGGACCCAAACGCAATTGCACAAATAGCTGCACAATACCCCAAAACAACTCTAGCAACCTCTGATAACCAACCAACAGAAGCTGCATAAGTCACAAACCATCCTATAGCAGCAATAACAAAAAAGCCACCTACTTTCATAGGCCAATCTTTTGCCAACCAAGAAAAAAATCTTTCGATAACTGATTTTTTATGCACTTTTGTAAATTGTGTATTTTGAGTTTGAAATTGAGTAGCTTTTGGTGCAATCGGAGCAGTTTCTGATAAATTTTCATTTACCATTTTTCCTTGTATATTCACGCCTGCATTTTTATTAGTATCTTCAGAATGTAATTTATTTATATACAACTGTTCTGCATCTGATAAATCTCTTCCATAATTTGAATTTTTTTTAATATTCTCTTTAGTGCTCTGAACGACATTCTTCTGTATGACATTATCTTGTGACTTATGAGACAAATGATCTACCTTGTTAGATAACTCATATACATCTGTTCGCAATTCCCCCACATCTTCTTTAAGTCCTTGTAATAATTCTACAATTTTATCTACCATATTTGTGTTTGTGCCTACCATGACTTATGTAAAGTAATGACAGTTTTTTACAAATTATATTTTTATTTTTGTAATTATATAATACCATATTATTCATGTTTCTAAAAATTAAAAGACATCTTGAAATGTAATTTAAAAGATGTCTCTCCAAAAATTTA
CP175956.1_gap32	1268563	1271509	2946	CCTAATTGCCAATCAATCCCCAGATGTGCATCATCCCATTTTATTGCACCTTCTGATTCTTTATTATATAAATTTGTACATTTATAACTAAAAATTGTATCATCTTCCAATGCTACAAATCCATGTGCAAATCCCTGTGGTATCCAAAACTGTTTTTTATTATCACCTGTCAACTTAATACTTTCCCATTTACCAAATGTCTCTGAACCATGTCTAATGTCTACTGCAACATCCAGCACGCTTCCACTAACAACCTGCACAAGCTTTCCTTGCGCATACGGTTCTTTTTGGAAATGCAACCCTCTTAAAACACCTTTTACAGATTTTGATAAATTATCTTGCACAAAATCAACATCAATGCCATTTTCTATATATCTTTCTTTATTATAAGTCTCCACAAAAAATCCTCTATCATCTCCAAAAATATCTGGTTCAATAATCAAAAGTCCCTCAATTTTAGTTTTTGTTATTTTCATCGCAATACAGTTAATAATTTATCTTATTTGAATTATACCATATCAAAAAAGCAGGTTCCGATTTCAAACTTATCACTACAAAATTTCAATCAACAAAAAGGACGCCCACAAGGGGCGTCCCTACATTTTATATTTTTTTGCTTTTATTTGAGTTCTGACAATGTAATGTCTGTATCCATGTAGAAACTATAATCCTCTGTTGATTCCATTCCTGGATTTTTTACATGCACTTGAACTGGCACATCGTGTACGCCAGATTGTTTTTGAATTTTTAGATCATAAGGATATTTATTTTTCATATCAATTGGAAGATTGTATCTAACTGTTACATCTTTTTGACCTCCAAGTGGCACATGAACTAAACATCCTACATATTTTTTGGCAAATTTATCTCCATATTTTGGTTCCAAAACACAACCTTCGATACCTGTGAACCACGTATCAGCAGGCGTATAGATTCTTACATATGTTTGATAATCACTTGTTTTCCAATCCTTCTGGGTTGCTGTATTTTCATAATGTACTGTTACAACAGCTTGTGGAATTGTTCCTGATAAATCTATATCATAATCAATGCTACGATTCATCACATGATCAGTTTTATAAGATGCTAGATTTGCATCTACTATCATTAAATAATCTTTATTCCATTCTGTATCTACTTTACCACTCCATTCAACCGCATCAATAAGTTTGTTCATTTTTTCATCATCAAAATAAAGTTGAATATCTTTATTTTTAAATGAATCTAAAAAGTTATTAACTAATGATATTTTTTCCTTTATTGACATTTTCTTGACTCTACGTATCATCTCCTTTGACAAATCATCCATTACAACTTTTCTATCACCTATCTCTATATTTTGATCTTTATATCCTTGTTCAACTTGATATTCAAGAGTCATAATAGCATCACCACTTTTATATGTATCTGGATAGTTATCAAGCTTAATTGGACCGGTAGCATCAAGCATCACATCTAATAATGACGCATTTACAGCTATCACACCATCAAAATCATCTCCACCTTTTCCAAGTTTATAAAATTTTTCTGCAATACGAGCATTTGTAGGAAAATCTGGCATCCAATTACTATCACGAAACTTCCATGATGGTATACCCATAGTTGATTCCATTGGAAATGGAGGCTTGATTGTATCTGGGATACGTCCATCAAAGTTTGCTGTATCATGCACACCACTTTCCAGTACCTCTCCATTCTTCACCTTTACAGTTGCAAATGAACCTATATACCCGCCACCTGGACGAAGTTCCATATTATTTTGCAAAAGTATCATGAAATTCCTTTCAGCATCGTCTTTTTGAAGTACATAATGCGCAATTTCTAATGCTGTTTCATACTTGTCTCCCAAAGGTAGTATTCTTGATGTATTGTATGCAACATCCACCATTTTTAAAGGATCATTTTTCCATTGCAAAAATACATACCATCCAGCCAAAAGAGGTATTGCTATTACCCAAAATATAATCAAAGTCTTTGTAGTAATTTTTTTAGACATAAATTTATAGTTTACCATTTAAAAGCTCGTTCAATCTTGCCTTTAACTCCTCCTCTGTTGGTTCAGTCTTTCCTGCCTCAATATCTTCCTGAGGAATTTGATTATCATTTTTATTATTTTTTTCAGACTCAGTATTACCACCAAAATCACTAATATCCACCACTGGCAAATTACCCGGCGTAGTAGGCAATCCTTCTGGCACTGAAACATCTTCAAATGATTTAAAATTATCAGCCTTTTGTTTTAAATTCTTTTTTTCCTCATCAATTGCATCAATAACTTCATTTTCATCCAAAATATCATCTACTACTGCCTCTTTCAAATCAGCGTCATCTTCTTGAATTTCTATTTCAGCGTCAACTAAGGCTAGTATATCTTTATCTGAAAAATCATTCTCTTTTTTGTTATTATATTTTTTAAATATTTTTTCACCGTCTATTTTTTCATCCTTTTCTTTTGTTTCATTTATAGATCCAAAGATCAATATTGCTCCCGACATTAACCCCGTAGCAACTATCCCAAACAGAACATACATAATCCATGCTGAAATATTTGTTTCATTTACACTTTGTATTCCAATAATCTTGATTGAAAAATCTGTACCAATATTATAATATTTTTCTATTGCGATTAAAGAACTCTTAAGTGCACTTTTTTCAACAAAAATAACATCCGACTCTGAATTAGCAAATGTTTTAAACTCAATGATATCAGTTCCTTTTAATCGATCTATTTTCACATCAGCATTATAATTTTCAGTAACTGCATTTAAACTTATAGCATCTTGAGATATTGCGACTATATTATTAACTGTATTATCTGCATTTTCTGCTATAATTGTACTTTCTGGAATTATTAATAATTCTGTATTTCCCACAAAACTAGATTTTTGCATAACAAAAGCTATGTACAAAATCATTGTACTGATTGCAACAAAAACTAAAAATGTA
CP175956.1_gap33	1285831	1286331	500	ATCCCACAATATATGCATAATTTCCATTAATTGCTACAGATGCTGATCCATTCATAATATTAGTATCATTTGGATCCCAATTAGCTGTTAGCGTTGGATTTGCTGGATTGGAAATATTTACTATTGCCATATTATTAGATATTCTTCCCGTAACATACGCATAATTTCCATCAACTGTCACAGAAGAAGCTGCATTCATTGTATTAGCATCATTTGGATCCCAATTAGCTGCTAGTGTAGGGGCAGCAAATACTGACTGTGTCATTACAAAAAAAACAAAAAATCCAGATATCATAAAAATACCCAAACTTAGCTTCTCTTGTACGAGAAAATTCTTTATCATATTTTTATTTTAACTTTTTATTTTATGACTTTTATTATATCACATGTAATCACATTTACAAAAAATAGCATTCTGTCAATCGGTTCAAATATCGCAAGATTTCCGGTTCAGGGTAATAGAAAAAAATACCCATTTAAAGAAATTTTTTAAGCTGCTC
