gap_id	start	end	length	sequence
CP176530.1_gap1	76274	78124	1850	TAAATTGGGGCAATATGAACCAATAACAAAAATTAAAGCTACAAAGACTGAAGGCACAGTCTTTGTAGAATCCCTAAAACTTATACTGGTTTAACCCACTGTTAACATTTGTTAAAGAAAGAAGGATTCGCATGCGTTTAAAGAATAAACTCAGCCTGTTATTGATATCTGCACTTTGTACGATGTCATTGAATCTTGCCCACGCGCAAGAAGTTCCACCGGACGTGGACACACCCGTTGATACTCCAGACGACACACCTACTGTTGATAAGGACAAAGTAAAAAAGAAATTAAGAGCCGATTTCTTTCTTGATTTTGATTGGGGTGAAGAAGTTATTAACTTAACTCCGCATCCAAAAAATTCAGAATTTTTTGAATCAGCTTCTGACACTTTGGTTATGGGCGATTATTCAAAAGGCTTTCGTGTTGTTAAGTACTCTGAAGTTTCAGCCGGCTTAGGCGGAAAACTAACTTGGAACTGGCCAAATAAAACAGGCTTAGCCGGTAAATTTTGGCTTTATGTAGGTCTTATGCCGATGGCCGGAAAAACAGCGGTCACAAATCAATTTCAACCAACATTTGAAAAAGCGATCAACGCAAAATCTCGTAAAATTCCAATGGAAGCCAGCGATCTTAACAGCTGGGCGCAAAACGATTCTGTGAACTACTCGACAACAGGGGGCTTAATTTTCTCTGTGGGTGCTGGTGTGCCAGGTATTAATGTCGGCACTGACTTTATCGTGCAAGGTACTTTCTCAACATACGTTGAAAAAACAAGTGCTGATGAAGTTTATGTGATGATTTCAAATACCGACGCTAAAAGCTTAGTGATGCAAGTTGATGCGACCGTGGCTCAAGTTGGTGTAACTAAGTATAAAGAAATCGAACAAGGTATGTCTTACATGATTAAATTCAAAGATCCTGTAGGTCAAAAAGCATATCACGATTTAATTCGTGGTAACGTGGCTGCGATTCAAATGTTATTAGCTGATCCAAATCAAACAGCCATTCAAAAATGGGAAAAACTAAACCGCATGCAAATGCGAAAATTAGCTCATTTTAATTTCGGTATTCCATTTATTATGTCATGGGGTTGGACTGCAGGAAAAATCTACGAATTCAGCGACACACGCGCTTACTACGACAATACACGTGCCGAAGTGGATTACGGTGTGTATGTTAAAGAAAAACGTAAGAAAATTTTCAGAAGCATGGCTGTTAAAACAGAATCTTTCTACGGTTCGGTTTACAGACTCTATAGCTATGATAATGACTTAATTACAAAATATATTTTTGGCCAATACGTGTTTAATGCCGACGATAATAAAACAAAAACTAAAGACATGAATAAAACAATCAATAATCTGATTGAAAAAACCGGCTTAAGCCAACAGTTAGCTTTAAATATTCCGAAATACAAAAAACTAAAATTTTCGCGTATTAATTTAGAAGTTAATTTTGACGAAGACCAAACATTAAGATTTATGGAAGCCGCAGCCCGTATGACGCCAGAAATGATCGCGGCCCGTGCTAACCAAATCGCAAATAACTTTATCATGAGCGAATCAACATCTTTGGCGTTATGTACTCCTGAAGAAACAGAAGTGCCTATGTCTACAGATGCTTGCTTAGCTAAATACATGGCCGAAAACACTGAAGTTTCAAGTTCATTAGTTAAAGCCGCGCGCGTGATGAAAACTCACTTTGCCGCTGGTCGCGATAAAGAATTTTCTATGGCTTACGCTGAATTTGGCCGTGCGATGTTAAAAAACGCCACGATGTTTCAAGCTATTTTAGGAATGGCCGGATCAGGAGCTGAAATTGTGTATAACGTACAAAATACGTACTTT
CP176530.1_gap2	79955	81508	1553	TAAACCTGGAATATCTGGGTAAACTGAAGCATCAACAACGCGTAGGTTTTTAACACCATGAACGCGAAATTTACTATCAACTACCGCTGATGGATCAGTTGCTAGACCCATTTTGCTGGTACAAGAAGCGTGGTGACCCCAAGCTTCTTTCATAATCCACGAAGATAAATCTTCTGATTTTGTCACATCATCACCTGGGTAAACTTCACGTTTAAAATATTTGCTGCCGATACTTTTGTTAATACGACGAGCCACATTTAAACCTTGGTAAACCGCATTTAAATCTTCGGATAAACCATTTTTTTCATCTTGAAAGTAAGCAAAGTTAATTTTTGGTGTATCACGCGGATCAGTCGATTTTAATTTTACAGAACCTGCGTGATTTTTTGTATGACCTTTTAAAATAGCCCAAGTGAAATAACTTGGATCATTTGGGTTTTTTGGAACGGCATCAGCGGAGTAACCTGGGTAATAACCAGTAAATCTACCTGGAATACCAAAAATACAAAGATCAGGAGTTTTTTGTGAGTCTGTGGATTTGCGAATTAGTGAAAGCGCAACACCGTTTGTACTGTAAATATGGCCATCTGGATTTTTCACATAATCTTGCCAGCACGGATCTTTCGCAAAATCATTATTTTTAGCAAATGTGCAGTTTTCAATTAAAGAAATAGGTTTATTCAATTCACTCACAACTGTGACTTCGTAACGGTCTTGTAAATTTAAACCAACACCCGGAAGATTTTTAACAACAGGAATACCGTGTTTATTTAACTCTTGTTCGTTGCCGATTCCAGAAAGCATTAATAATTGTGGCGTATTAAAAGCTCCGCCTGAAAGAATAATTTCACGTTTGGCCAGAGCTCTTTTAGGAGTTGCCATCCATGTAGGAGCTTTAGCTTTATTCATCACATCAGCACGATATGAATGGGCACCTTCGGTAAATTCGATGCCGATAGCTTTTGTTTTATCGTTCGGATCAAAAATAACTTTTGTGCAAAGTGAATCTGTTTTTACAAATAAATTTTTTGGATATTTTTGGCGCGTTTCTAAAATGTATTCACGCACACCTTGGCGAACACCGTTCATCGCATTGAAAGGCATATTAAATACACCTGGGTATTTGTTATTCACATAACCCGGATCGTTTGGATTTAAGCGTAAACTTGGAGCCACAGTGACCGCTTTTTCGAGTTCGTTCCAGTCACCTTCCCAAAGGTTGTCAAAAAAGCCTTTGGCTGCATCAACGGTATCAACCTTAAGAGCTGAGATAGCCATTTTAGTTAAAAAACGGTCTTTCATTAAACTCCATGGGCCTGCTTGGGTGAGCGATAACCAACCGCCCTTATTCGTTTGCATGTTTTGGAAACGCTTATACATGTCTTTGGCGTTCCAAGTTTGGTCACCAGTTTGTTTGGCAATGTTAGCCCAGTCTTCATTATCCGGATATAAGCTGATTAAAGCATTCACGCGCGTGCAACCACCGATACCGGCCGCACGTGGATAATAAATACTTTGATTTTCTTGTAAGAATTTAGAATTCATTTCTTCAA
CP176530.1_gap3	82563	87159	4596	ACAAAATTCATCGTGAAATGGCCAGTGGCATTGACCAACAACGTCTGACTTATTTCATGTTTGAAATTAATCGTCTTGATCGTGAATTGACTCATACAGAAGGTGAATTCTCAAATTCGCTGGGAAGCGCTTCGCGTCTGATGGAAATGGTTCTTATGGTGACACTGCTCATGCTTGTTATCGTGGTTGAATCAACGGGTTTATATTTCACATACCGCTTCGGCCGTCATTTAACCAACACCCTTCGTGAATTAAATAATACAGCGGTCACTGTTGGCGAAGGTGATTACACACAAAAAGTTATCGTTAAGTCTACAGACGAATTAGGTCAGTTGGCTGAATCGTTAAATAAAATGGTTGAGCGTTTAGAAAGCCAAACGATTGAACGTCAGCACGCTGAACAGGCCAGCCAAGCTAAAAATTTATTCTTAGCGAACATGTCTCATGAAATTCGCACACCTTTAAATGCGATTTTAGGTTTCTCTGAAATTCTGCAAGATCAGCATTTAGAAGAAAGAGACAAACAGCGTTACGCCGCGATTATTCGTCGTACCGGTGAAGGTTTGAATACAATCATTAACGATATTTTAGATATTTCAAAAATCGAAGCTGATCGTATTGAAACACAAGAGGCTGCGTTTTCATTGTCGCAGATGCTTTCAGATTTATATGCATTACTTAAAATGCGTTGCGATGAAAAAGGTATTCAGCTGATTTTTGAACGTATTGGCCAAGTGTCAGATTACGTTATTACCGATCAAACGCGTTTACGCCAAATTTTATCTAACATTATTGGTAACTCGATTAAGTTCACTGAAAAAGGCCACGTCATGCTTACGTATGAAGTGCGTGGCTCGATGTTATTTTTTACGGTGAGTGATACAGGTGCGGGTATTTCGCCAGAGCAGCGTGCGAATTTATTTAAAGTTTTTTCGCAAGGTGACAGTTCGGTTAGAAAAAAATACGGCGGTACGGGTTTAGGTTTAAGTATTGCGCAAAAACTCTCTCAACTTCTCGGCGGTGATGCCGGTTTACTAGATAGCGAAGAAGGCATGGGTAGTTTATTTTTTGTTCAGGTAAAATATAACCCAACAGAAAAACCCGCAACAGAACCTGTTGTGCAAATTCCTCCGTACAACACCCGCGCTATTGCGAATAAAAACATTCTAGTTGTTGAAGATTCTTTAGATAACCAGATGTTAATTGAATTTTATCTGACGAAGCATAAAGCCAATGTGGTGTTTGCTAACAACGGCCAAGAAGGTGTTGATGCGGCTCTTAAAGGAAACTTTGATTTAATTCTAATGGATATTCAAATGCCGGTTCTTGATGGGTATGCAGCCACTGAAGAATTGCGTCGCCGCGGCGTTGCGATCCCGATCATCGCCTTAACGGGTTACGCGATGAAAGAAGATCAAGATAGATGTTTACGCGCTGGATGTAATGAATTTTTAGCCAAACCTATTCACAAAGATAAATTGTTATTCACATTGGCTAAGTACTTCCAGCATTCAAAGCCAGAAACGCGTCCGCTTGATTTTATCTAAATATTAATTGGCCTTAACAAATTGTTTTAGTAGCGTTACGCGTATGAAATTAAATATCGTTTTTTCAATGTTGTTTCTATCTCAGTTAGCTTGGTCCAACCCCTCAGCACTTTGTGAAGCTAATGCCGAAGAAAAATTAGTTCAATTTTCACAAAACGTAATACCCCGCCAAGAAAAAACGATCGAAGTTCTGACTTGGAATGTTTATAAATTTAAAAAAGAAAATTCTTTTTCTGACCTAGTTTTATTGGCAAATAAATCAGATATCGCTTTTGTTCAAGAGGCTGTGCATTCGCAAGACTTACAAGCCAATGCTGCTCAGAATATTTCAATGGATTGGACATTTTTTAAAAGCTTTTGTCGTGACTACGGTGCAACCGGAGTTCAAACGGGAAGCCGCTTTCCGCAAATTACAGTAGAAGCTATCTTAGCTCCTGGTTTAGAGCCGGTGGTGAATACGCCGAAAGTCACAGGGTTTTCCACAGTTGAAATTCAAGGGGTGAAAGCTCTTTTAATTAATGTGCATGGCATGAATGCAAACAAAGGTTTAGATTTTGAAAAGCACATGGACCAAATCTACGAAGTGGCTAAAAATTTTCAAGGTCCGATTATTTGGGCTGGAGACTTTAATACCTGGAATCCGGTTCGCACAGCCTACTTAAACGCGAAAGCCAAAGCTTTAAATATGACAGTGCTTAAGCCAGAAGTAGATAACAGAAAGCTTAAGCTTGATCACATTATCGTGCGTGGTTTTAAAGCCAAATCAGTGACGATTTTAGAAAACTTTATTTCTTCAGATCATTTGCCGGTTAGAGCTGAGCTAGAATTGTCTCAATAGAATCGCTGACAATCAGCATATCAAGGTGGGCTTGCGAAATAAGTCCCGCTTTCACACTGACCTTTAAAAATTCCAAATAATGATCGTAATAACCATTGTGATTTAAAATAGCGATGGGTTTATCGTGAAGTTTAATTTGGCGCCAAGTGATGATCTCGTTTAATTCATCCATGGTTCCAAAGCCGCCAGGCAGCGCGATAAAAGCGTCTGATAGCTCCATCATCTTTAATTTTCTTTGGTGCATATTATCTACATGGTGAAGTTCGGTAATACCTTCATGGGCCACTTCAAAATCAAAAATTAATTGCGGGATCACCCCTAATACACGCCCGCCTTGAGATAAAGCGCCATCAGCCACCTGACCCATAAGGCCTACATTCGCTCCGCCGTAAACCACTGTGTGACCGGCTTTGGCGATTTGTTCGCCAACCTGGTAAGCCATAGGCATTAAATCGGGGTAATTTCCAGTACGTGAACCGCAATAAATACAAATCGATTTCATAAGATCTATATTGCAGTTAAAAAGCCTTTAAGACATCTAAAAAAATGGTTCCGTGTCTAGGTTCCAAGTTGGGTAAGACCAGATAATTTTGCCAGAGGGGAAATTTGACTCTTGCGACTTATAAAGCAACTCAGTTATACCTGCAGGCATTCGGTTTAAACCTATTAACAAAGGAATTTTAATGAAATCATTATTAGCTTTAACGGTATTAGTTTTATCAACAGTGGCTTCTGCAACAACTCAGTTACCAAAAGACAGCATCGCTTTAACAATCTTACCTGAAGGCCAAGTAACTGTTGAATCATTTATGCCTAACTGCCCAAAGCCAGCTATGTGTGACCCAGCGGCTATTTTAACAATCAAATTTACGTTACAAGGCTGCATGGATAAATTAGGTCCGGTAACAATCACAGAAACTGAAGCTACGGCTAACGGCAAAAGAAAATTTATCGTTACAGCCTATAACATCAATAACGAAGCTTCTAAATACACTAAATGTGTTCGTGCTCCGATTGGCGTTGCTAAAAAGGTTATCGGCATGGGCTTCATGTCTAACGACAGCGTAGAAGTTGAATTCGCAAATCACTCAGTTAAAACTGAAACTTTCTAATAGCGCAGGCTAAATCTTCATGCTCTAATTTTAGGGTATGAAGAAATTTTTAGCTTTAATTTGTTTTTTTAGTTATTTAAGTCATTCTCAGGCCGCATCGATTTTTGACAACATTCATGAAATCGACAAAGGCAAAATGATCCGCTCGGCGCAGCTCACACCCGTTGCGCTTGAGCAATTAATCCAAAAGAAAAATATCAAAACCATTATCAATCTTCGTGGGGCCTCTGAAGGCGAAGCTTGGTTTGATGGCGAAGCCGCCGTAGCTCAGAAATATAATATCAATTTTGTGAATATTCCGATGGATGCCATGCGCATTCCGTTACGTGAAGATCTGTTAAAGCTTTTAGAAGTTTATAAAGCAGCACCTCGCCCGATTTTAATTCACTGCTTACGTGGAGTTGATCGTACAGGTGAAGCCGCAGCTATTTATCAAATGGTCTATCAAAACAAATCAAAAGCTGAAGCTCTTCAGATGTTAAGTGCTAAGTTTTTCTATATTGAAGATTTAGTTCCTGCAAAATATTACTTCATCGATCAAGTTTGGCAAAATGAGCAATGGGCTTATGATCAGTATAAGCCCTGCGATAATGATTACGAATTTTTTGATAAGCGTACGCTTTGCCGCTAAATCATTGATTCGGGTGCTACAGATTCATGAGTAGGAATATGCACTTCCATCGACACATGAGTATTTAAAATTTTGCCAATCGGGCAATTATCTTTTGTATGACTTGCGATCTCGTCAATTTCTTTGGCGGTCGCTCCGGGAACAGAAGCAGCCACGCGTAAATGAATCTGCGGAATTTTCCAACCTGAAGCTGTTTTATCTAAATGAACCTCTGATGTGATTTCTAATTTTTCTGGAATGTAGCCGCGTTTTTCTAATTCGCCAGATAAGGCCATCGAAAAGCAGCTCGCGTAAGAAGCCCCGATTAATTCTTCGGGATTTGTTCCGTGATCATCTTCAAAACGTTTTCCGTAAGTAAATGAGATATCACGCAGCTCGCCACTTTCGGTTGATAAAAATCCTTTTCCGCGCTTTAAGCCACCATGCCATTGTACTTGTGCTGTTCTTTTCATATAAAGTCTCCTTTTT
CP176530.1_gap4	196394	198428	2034	ATACATTCCATCTGTAAACCGTTTCTGATATCAATACCAATCGGGCAGGCGTTAACACAACGGTTGCAGTTGACACAGTCATTGCGTTTTTCATCGTAGACAACATTCATTGAATTGTTATCTAGCAGTAAACCTTGAATACGACCGTACGGGCACATGATGGTGCAGAACTGTTCACGAAACCAACCGAAATCAAATAATAAGGCTGCTGTAAAAATTTGTGAGAAAATAAATAAGTTAAAATGGCTTTCAGGCCCATTTTTCATGATCTGAATAAAAGAATACGAACCGACAAAGTAAGCTAAGGCACTGTGGGCGATAAAAGCCGAAGCAAAATAATATAAAACCCATTTAATAGATTTACGTATAAAAAGATTTGCCGTCATGGGCTCAATCGCCTGGCGACGACGGGCGATGTAATTGCCTTCAATAAAATATTCAATTCTACGAAACACACCGTCGATAAAAACAGTTTGCGGGCAGGCCCAGCCACACCATACGCGGCCCCAGACCGCGGTCACGAAAGCTAAACTTAAAGCGCCGCCTAAAATCAGAAATAATAACAGCGGAGCATTATGCGCTTTAAACATCAGCCCGAAAAAATAAAATTCACGGGCTGGTATATCCAATAAAATACTTTGATAGCCGCCGATATTAATCCACGGTAAAGCTAAAAAAAACACGATCAAAATATTTTGTACCCAAGTTCTACGAGTGCGAAAATACCCGCTGACTTCAGCGGGGTGCAATCCAATGCGATTTCCGTACTCGTCAATACTTGTAATATGTTCGCTGGATAGTTTTGGTTTCATTACATACCTTTTGCTTTGATCAACGCAACTACGCCGAAGATTTCTTCAGCATTTAGTAAACCTTCCCAGGCCGGCATTCCTTTAGCAGAAACACCTTGTCTGACTGTTTGTACAACCTCAGAACTTTTTCCACCGTGCAGCCATACTTTGTCTATTAAGTTAGGTCCAATTTTACCTTCTAGATTATCACCATGGCACATAGCACATTTACCCTGAAATATACTTGCGCCCACTTTTACTAGATTTGGATCTTTAAGCTTTGCTTCAAGTTCTTCTTCAGACAGAGTCGGAAACTTATTCGCAGCCGCTGTTTGTAATTCTTTAAGTTCCTTCATCGAAACAGCTAATTCTTCAGTTAATGTCGGACCTTGTTTTGTTAGCTCATAGTGCAGGTAATAGTGAAACGCGAAAATAATCGCTAAGATAAATGACCACACCCACCAAGTAGGCATGGGGTTATTGTGTTCATCAATACCATCGTAAGTATGAGTTACATCGGCTGGGTTTTGTTGTTCATTATTTTCCATGGTCTTCTCCGTTAGAAAATGGAATATGGGCAAATTCGTTGATTTGTTTTTTCGGCGCTCGCAAAGCGTTGACTGTTATGTAAATGAAATACGAAAAGAAAATTAAAAACCCGATAACTGTTAAGTAAGTGTCTGTAAAAAATTTTAAGCCTTCTTGTTTCATAAATTTTTTCCTCGTTATTTATTTTCTGCAGTTTCAGTAGTTACTGCTTTTTGTCCCAGGGCTTGTAAATACGCAATTAACGCTACGATTTGTTTTTTCTCTAAACCTTTTGGAGCGCCTTGTTTTTCAAGCTCTTCAGCAATCACCTTGGCTTGTTTTTGCGCTACGATATCAGCATTGGCAATTGTGTCTTGGTCATACGGAACACCTAGGTCTTTCATCACTGAAAACTCGCGACGTAGAGAAAGAAAATCAGTATTTTTCTCTAATAACCACGGATAGTTCGGCATGATCGAATTCGGTGTGATCGCACGCGGGTTGATCATATGTTGAAAGTGCCACATATCAGGATACTTTTTACCAACGCGGGCTAAGTCAGGACCAGTGCGTTTTGATCCCCATTGATGCGGACGATCCCACATTGATTCTTCAATTGTTGAAGCTGGTCCGTAACGCAGCACTTCGGCAGCAATCGGTCTGATTTGCTGAGAATGGCAAACATAGCAACCTTCAGCAACGTAAACACCACGAC
CP176530.1_gap5	231082	232196	1114	CGCCCGTTTGGTAATTCAAACGACACCGCGTTCACGATAATGGTTGCTAGCATAAATATAACCTCGAGCGACCTAAGATACGCTCTTAAGAAAGAATTAAAATTTAAATGGGATAAATTGGGTTATTTATGCTGTTCTCATAAGTCTCTGGTTTAGGGCCAGAGATTTATAGAATAGCAAAACATAATTTGTTGTTAAATAGAAAAATACTCTTTACGATTTTTATATATGGAAAAATCGTATTACCACGCGCATGAATCAGCTTATCAGCAAATAAAATCAAATGGTTACGTAGGTTGGGGTAACGCCAAAACTCTAAATGATTTAGGGGATAACGTCACTAAGCAGTATCTGACTGATACAGTAAACCGCTTTTTTCCAGAGGTTAAAGGTAAAAAGGCCTTAGATGTCGGTTGTGGAACCGGAACAACGGCTTTTATGCTTTCGCAAATGGAAATGGATGTAACAGGAGTTGATATCTCTGAAACAGCCATCGAGATGGGCCGCGATCTTTCGAAACAGCAAAATTTAAATATTAATTTCATTAAAGGCGATGTGCTTGAGTTAGATAAGTTAAATCAAAAATTTGATCTGATTTATGATAGCCACTGTCTTCACTGCATTGTTTTTGAAGACGATCGCCAAAAAGTTCTAACGAGTGCGAAAAAATCTTTAAGCGAAGGCGGGATTTTTATTCTAGATACAATGGTGATGCCGAACGAACCACATGATCCAGCTCATACATACGATACTTTACGTTTTGATGAAGATTATATTCTTTGGCATAAAACAAAATCGTCATACGCAAAAGGCGTGATTGAATTAAACGGTCAAGCTTGGTGCGCGCAACGCCGTATTTATCCACCGCATATGGTTATGGCCGAAGTGGCGAAAGCGGGTTTTGTGGTAATTTCGGATCGACTCGATGCTCAGCCAAACGAAGTATCAATGCTTCGCCTTGTTTTGAGGTAATTTGCCCTAGCAAACAAATTGCTCCACTGTTGATGACACACGGAGGAGCAATTTATGAATCTGCAAAAAGTCATCGATGATGTAAACGGAAGAGTCGCAGTACCCATTCTTATGTGGTTCTTAGGTGCGCCGCTTGGTCTTG
CP176530.1_gap6	245989	250702	4713	CGCTCATGACTTTGCTTTTTTTCTCTAAGCCTGCGACCAAACGTTCGATAGCCTGCGTGAAATCATCTTCGGTTACGAAGTCAGCGTTTCTTCTCGTAGCTACGATAGCGGCTTCATTGATCAGATTAGCTAAATCAGCTCCAGAAAATCCCGAAGTCAAAGAGGCGATATGATTAAGATCTAATTTTGGATCTAGAATAATTCGTTTTGCGTGCACTTTTAAAATTTGTAAACGCCCAACTTGGTCAGGGGGGCTTAATAAAATTTGTCGGTCAAAACGCCCAGCGCGAAGTAACGCCGGATCTAAAATTTCTGGGCGGTTAGTGGCGGCAATCATAATAACACCTTCAGAAGTATCAAAACCATCCATCTCAGCTAATAATTGATTGAGTGTTTGTTCTTTTTCATCGTTACCACCGCTACCGATAGCACCAAATGCACGCGACTTTCCTAACGCATCAATTTCATCGATAAATAATAAACACGGCGCTTGTGATCGGGCTTGATCAAAAAGATCGCGCACCCTCGCGGCCCCAAGGCCTACGAACATTTCAACAAATTCAGAACCATTAATAGAAAAGAAAGTTACTTTCGCTTCACCGGCGACGGCGCGAGCTAAAAGTGTTTTACCAGTTCCTGGCGGGCCAACTAATAAAACGCCTTTGGGAGCACGCCCGCCTAAACGTGAATAGCGTTGTGGATCTTGTAGAAAGTTAACGACTTCGGCTAATTCATCTTTGGCTTCATCAACGCCGGCTACATCTGAAAAGGTGGTCTTTACGGTTTTTTCCATATAAATCTTAGCACGTGATTTAGTTAAAGAAAGAATTCCTCCAGCTCCACGGGTCATGCCCCGGGCGGCTAGATTAAATAAAAAGTATATAAATATGATCGGAATAAGCCAGGCAAAAGCGATTCGCCAAAAAGGGTCTTTAAATTCGCTTCTGAAGGTAATATTTTTATCGTGAAGCTTTTGAACTAAAGTTTCATCGTTGACTAAATTGGTTGAAAAGAATTTTACATTCTTTGGATCGTCAGATTTGATTTCACCGCTAATATTACTTTCTGAAATGACCACATTAGTGATTTGGTTTTTTTCTACCATCTGCAAGAATTCGCTGTAAGGTACTGTTTCAGCCCGCGAACGAAAAAAGAAGTTATTAAAAATAACCATAGCCATTAAGATGAGAAACATGACACCGAAATTCAGTTTATTTTCGCCAGGCTTTGGAAGTTTTGATTGATCGTCTTGCATGCAAAGATCTGAGAAGTTCAAATTTTATTCCACGCACAGACGCTTTTTACGCCACTTTCGCTGTGGCAACTTGGCTAACGCGAGTCGCCTTGGTCTAACGAAGTATGTTATTCTTCCACGTCTAACGCTATGATGGTTGAAGTGTCTTCAATCAATAAATATCCCACTTTTCATTATTCACAGCCCAGTGATTATCACTTTAGCCATGATTCAGTATTTCTGGCGCGTGAAATTTTTGAAAGACGCGGTAATCAGTTAGCAAAAGATAATGTGCAAATTCTAGATCTGTGTGCCGGCTGTGGAATTGTCGGACTGGATTTGTTATTTCACCAATTAAAAGAAAAATCTTTTAGTGGCGAAGTCGATTTTTTAGAAGTGCAAGAAATCTATAAAGAGCATTTCTTAAAAAATAAAGAGATATTACAAAGTCATTTTCCAAATAGTCCAGTGTCATTGAATTGGGTACAAAATAGCTATGCTTCTGCTGATGACAGTAAAAAATATGATTTGATTGTTTCTAATCCACCGTACTTTGTCGTGGGCCAAGGTATGTTATCACCGAATGAATTTAAAAATCGTTGTCGCTTTTTCGTCGATTCAGACTGGCAAACAATGATTCGCTTTATGCAAAATTCATTAAAGCCAGAAGGCCAGGCGTATTTTTTAGTGCGTGAAGAGCTTAAAGCCACAATGGCCAAGCAGTTTCCAGAGATGACGTTTCCATTTCAAGTGCGCGGCACTTGGGTTGCGCATATTGACGCTGGACCACAATAAAATTTTATTTACTAAAAATAAATTACTTTTATTATAAATAGCTCAACAAAACACGGAGGTTTTATAATGAAAAAAATTATTGTCTTTTTAGCAATTACTGCATCTTTTTACGCAAACGCACGCAATCTATCTGCAATGGCGTGGTCTTTTACTGCCCCTTCCTTATCTGATCCAGATGCTATCAGTCCAAAAACAGCTGGTGATATAGTTTTTGATACAACAACTGCAAATTTTTACGGTTGGGACGGATCATCTTATTTAACTCTTTCAGGAAAAGTAGCTACAGCACCAACAGTGCAAAAATTTACTACATCTGGCACAGCTACATATACATTACCGACGAATCCAGCGCCTCTATATATTAAAGTTAGAATGGTTGGTGGTGGCGGTGGAGGTGGCGGCAGTAGCACTGGTGGGCCAACTGCAGGTGGCAATGGTTATAATACTACTTTTGGCACATCTTTATTAGTAGCTAATGGCGGTTCTGGTGGTAGTACATCTGGAGTTGGTGGAGCAGGTGGAAGTGCTTCGTTAGGCAGTGGCCCTGTTGGTTTAGCAATTAGCGGTGGTTCAGGCGGAGGAAGTATGGTGACTTCTACGACTCAGGCATCCGGAGGAGTGGGTGGTAATTCTGCTTTTGGTGGTTCAGGTGGAAGCGGAACTATCTCTGCTGGATTAGCCGCGGCTACAAACAGTGGCTCAGGAGGCGGCGGAGCAGGCATTGGTATCAGTTCTTATGTTGGCGCTGGAGGTGGAGCTGGCGGATATGTTGAAGCAATTATTTACAATCCGAGTTCAACTTATTCTTATGCAGTTGGCGGTGGCGGTAGCGCAGGATCCGCAGGTAGCGGTGGTGCTGCCGGAGGAGCTGGTGGAACAGGTATAATCATCGTTGAAGAATATTACCAATAAGATTTATTTTAAAGAGAACGACGAAGTTTCTGCTTTGTCGTTCTTATTTTTTGAACTAGATATCAAAAACCTTTTTTATTTTCTTGCTTGGTTTTCTAAATCCAGATCTGAAATCTAAAATATCGTTCTGTGTTTTGCTTTTGAAATAACTTAAAAGCACCATTGTGCCGAAGCGTTCGTTTAATTCAAAACCGGTAATTTTAAATCCATATTTAAGCTTAGGAATAATAACATCGTTATTCGTCATAATATGGCGGCTGTAGATTGTGGTAAATCCTTGTTTTACAGCCTGATTGATCATTTCTTTCATCAAGCAAGTGTACAGACCTTTTTTACGGTGAGTCGGAAGAATGGCCGAATTACACATGTAATAAACTGTCGCTTGTTCCTGAAAGCCCCAGCTCCAGCCGACAAATTTATTTTTATAGTACAAGCCTAAATTAAGTTTAAAAGTTTTTGGAAACTCTTTGCGTAATTTGGTTTGTTGCGCCAGTTCCTGTTTTGTGAAAACTTCGGCATTTCTATAGAACATTGACACATCGTTAAAAATCTTTTTAGCAGGACGCGTCCATAAATCCCAAAATTCAGCGTCTGGAATTTCTCTAATTTCATAGCCTGGCGGTAGCTTGTATTTTAGACTCATAGTGAAAGTATATATGAAGCTAAAATCAGCCGTCAGTAAAATTAATGCCCGCGGAGCACTTCTGGTGTTTCCGATTAATAACAAAAAAGAACCAGCGTCTTTATGGTCAGAGTTTTATCCAAAATCTAAAATGCGCTGGGAGTGGGATTCAGATGGTGATGACCGTGTGGGCGAGCTTTGGGCTTTAATGAAAAAGCTTTCTGATAGCCGCGAAGTGGTTTATTCGAAATGGTATCAGGGGCGGGCAACATTTTTTTCGCGCAAATTATTTGCGGCGTTACTGCAAAAGTCTCTACATCACTTTGATGAACCGCATATTTCGCCTGTAGCTAAAAACTTGCTTGATACCTTAGAAAGTGATTCACCGTTATCGACAAAACAACTTAAGGCTCTTACTGAGTTGCGTGGTAAAGATAACGAACGATTTTATAACCGGGGAATGAAAGAGTTATTCTCTAAATTTTTAATCGTGGCTTTTGGCGAAGTGGATGATGGGGCTTTTCCGTCTTTAGCTGTAGGTGCCACTAAAAATTTATATGAAGATCTTTTAAATGAAGCTCGAGATATGACTGACGTCCAGGCCGATAAAATAATCGAGCAATATTTGCCAGAAGGAAATTTGTTTCGTAAATTCTTAGATAAACTTCAGAGGGAAAAATGAAAACTGCAGTGATCATCGGAGCAACAGGTCTTGTTGGAACAGAATTAGTGAAAGCTTTAAGCTATAGCCAGCATTACGATAAAATTTATGTGATCGCGCGCCGAGCAGTAGAATTTAATGATAAAAAAATTGAACCCGTGGTTATAGCTTTTGAAAATTTAGAACAGCAAAAGTTTCCGACAGGCGCTGATTATTTCTGTGCTTTGGGTACAACGATTAAACAAGCGGGGTCACAAGAAGCTTTTCGCAAAGTTGATCACGATTACGTTGTAAGCTTTGCTAAAATTGCCAAGACCTGTGAAGCTAATTCTTTTCATATGGTTTCAGCGATGGGCGCAAGCCAGGTATCTACAAACTTCTATTCACGTGTAAAAGGTGAAACTGAAAAAGACGTGTTAGCACTTGGTTTAAAGAAAACCCGTATTTACCAACCAAGTTTATTAATCGGTACACGTGATAACTTAGGGC
CP176530.1_gap7	356736	357522	786	CTCCAGGCTGTAGCAATTTGTTCAGCCCACAAACGCTTTTTCCAGATAAAATAAACCAAAGAAACGCTTGTTAAAAACATCGTGCTAAAAACGGCTGGAGTAAAAATTTTCCACGCCAATACTTGTGTTTCAGGAAAGAAACTTAAAAAGATAATGCCGACGATGGCTGCCAGGAAAATCATGTAAATTAAATTTAAACGCGGATGACGTTTTTTAATTTCAAAAAAAGCACGAATAAAAAGTAAATCGAAAAAAACCGTTAAGATCAGCACCGGAAAAACTAAAGTTGAACCGGTAAAAACAATATCACTTGGGCGGTAAGCATCCCAGATACCACGGTTAATAGTAATAGAAGCTAAAAGATTTAAATAAAATAAGGCATAAATCAAAAAACTGGGCTCTTTGAACGAGCTGAAAAAAATAAGCGCCAGTAAGGCCACGACAAGATAAACTCCGGTAGAAAGGCCGATAAAGTGAACCAAAAAAATCGTGGCCTTGTTGAAGTAGCTTTGTTTCATGAAATAAAATTCATTATTAATGCCACTAGCGCCAGGAACAACTTTTAAAAAATAAATACGATTTTTAAATTCGCTTTTTTTAACCGGAAAAGTGTATTGTAAAGTCGGCATAGGGTAGCCCCAATATTCTACGCCTTGATCATGGGTGATAAAGCCTTCCATTGACAGGGCTGTTTCATTTGATCCGGTAAAAAGAACGGCATCTTGTTCCCAGGTTTGTAATTTTTCAGGAACAGCAATTTTTAACCAAATAACTTTGGCTGTCGGT
CP176530.1_gap8	443628	447128	3500	TTTCGCGTACACAACAGCGTTAAGATCTAACGTGTTACGAGTAGCTGTTTCGAAAGTGCGGATACCGCGCTCGCAAAGAATAACGTTTTCATTTCCGCCAGCTAATACGTAATCAGCGGCTTTGATCCATTCGTCGATGAACGCTGAAAAACCACGTTTTAATAAAACTGGTTTTGGTTGGCGTCCCAATTCTTTAAGCAATGAGTAGTTGTGCATGTTGCGCGCGCCGATTTGGTAACCGTCAACGATGTGAGCGATCTCTTCGATTTGACGAACATCAGTCACTTCAGAAACTAAACCTAAACCCGTAGCTGCTTTAACTTTTTTGATAATATCAAAAGCTTCGGCACCTAAACCTTGAAAAGCTTTTGCAGAAGTACGCATTTTCCAGATACCGCCACGTAAAATAGAAGCTCCAGAATTTTTAACAGAAAGTGCAGTCGTCATAAATTGATTTTCTGACTCAATAGAACATGGGCCTGCGATTACAGTAAATTGCGGACCACCGATTTGAATATTACCAACTTGTACGACCATGAATGCCTTTGCTACAATTGTCACATTGTGGATATGGACCTTAACATAAACGAATTAGAGAGTTCAAACTTTTTAGCTGTCGGAGGATTACTTCAGACAGCTTCAGATCAGTTTATATTGCTTCTGGGAGACAGAAAGCCTGTTTTTAGTGCTGCCTCTGCCAATTCCCATCAGGTTTTCGTTTACAGCCCTCAGTTTTGGGAGTTTTTACAGACAAAAACTGACCGCACACAAGGGCTTTTTCAGGTCGAAAAAACCGTTAAAGTGAGCCGTCAACAACTCCTTCAGTTTTTAGAAAACCATGTCGTAAAAACCGCTACAGACTTGGCGTTGGTGAATAATCACAAAGCTGATTTTGAAGCGCAATTTATGTGGTCGCAAAAAACTTTTAAAAGCGGCGTTTTACAAAAAACAGTTCCCGCTACAAAGTATGAATTTGCCACTCAAGAAAAATTTAATTTCGCGTATCAGTTATATTTGTCATTACAAAAAACTCGCCCAGGTTATATCTACGGTTTATGGGATGAAGCCGGCGGATTTTTAGGATTAACTCCTGAAATGCTAGCGGCGTGGGATGGAAAAACTCTTTCAACAATGGCGTTAGCGGGCACATGGAGTAACGATAAAAAGTTTGCGCATGTTTCTGATGTCGATATGAAAACGCGCGAAGAACATGAGTTTGTGATTAACGATATTCGTGAACGTTTAGGTCAAATCACCGTGGGCGAAACACATATTTTAACGTTACCAACACTAAGCCATCTTAAAACTGAAATTCATAAAAACGATCTTTCGCAAAAAGACTGTGTTGAAGCGTTAGAAAAACTTCACCCAACAGCAGCGCTGGGAATTTACCCGCGTAAGCCTGAAATGGCGCGCGAGTTTTCTGAATTTCCGGTGCAAAAAGAGCGTGGTTTTTTTGGGGCTCCGTTTGGGGTTATTGGTTCTGATTTTGCCCAAGTGATCGTCGGTATTCGTGGCCTAATTTGGAGTGAAAAGCGCCTAAATATCTTTGTTGGTTGCGGCGTAACTGCGCAATCCGACTTGGCAGCCGAATGGCAAGAGCTTGAGACGAAAAAGAAAGCCATTTGCGAAGCTTTTTCGTTGCAGATTTCGTAAACAAGTTTCATACATTAATTTATGACTAACGCCGAACTGGTTTCGCATTTTTATCAGATTCTGATTAATCTTGATGTCGCAGAAGTAATTGTCTGCGCCGGGGCCCGTAATGCGCCGTTAGTTGTTGGTCTTGAAGGCCGCGCCTTTAAAGTAAAATCATTTTTTGAAGAGCGTTCAGCAGGTTTTTACGCTTTAGGAAAAATCAAAGCTTCTGGAAAACCCGTAGCGGTAATCACGACTTCAGGAACAGCGGTGGCCGAACTTTTACCATCAGTGGTTGAAGGTTTTTACCAAGGTTTACCACTGATTGTGGTCAGCGCAGATCGTCCGAAAAACTACCGTGGTTCAGGAGCTCCGCAAGCGATTGAACAGGCGGGGATTTTTACATCTTACGTTCACAAATGTTATGACTGGGATGTAAAGCAAACTGATTTAAAAGTTGAGTTTGATGCTAAAAAACCTCTGCATTTTAATTTATGTTTTGATGAACCGTTGATTGATGGCAACTTTCAGCAAACCACGTCTCGCTTTGTTGAAGTAAATAAAATCGAATCGTTTAAACCGCAGCCTTTCGATGCGGAATACGGGGCTGAAGCTAAACTTTTTAAAAATCCGTTAGTGATTTTAAGTCAGCTTTCTGCGAATGAAAAAGTTCAGGTGAAAGCAGCCCTTTTAAAATATCAAATCTATCACTACGCTGAATCTCTATCTGGTTTATTAGGTGATACTGAGCTTGCGCATTTACAAATTAATAACTGCGACGCTTTATTCGGAAGTTTTTTAGAAAAAAATATTTACTCTTCAGTTCTTCGCATCGGTGGAGTTCCGACATTACGTTTATGGCGTGATTTAGAAAAAAAACACGCGCATATTCCAGTGCTTTCGATTTCAGAACTTCCGTTTTCTGGTTTGGCTCGTAAATCATTGCAGGCCGGTTTTGAAATTGTTGATGCCTTATTAAATGCTGTTGAATATCGTCAAATCGATTTCGCTAAGTTAAACCAACAGCTTCAGGCTAAAAAAGTAACGGCGTTAACTGAGTTTAAAAACTCAGAGCAAAATTTTATTTTTCAATTAAGCCAACTCATCAAATTTCACCCCATCTATATTGGTAATTCGTTACCGATTCGCGAATGGGATCTGTTTTCGCAAGGGTCATTTCCAGATACCTACGGTAATCGTGGAGCCAATGGCATTGATGGCCAGACTTCGACCTACTTAGCTTGGTCTAACCAGTTTGATATGTCGTGGGCGATGATCGGTGATCTAACAGCGATGTATGATCTCGCGGCTCTAGGTTTAAACCGAGATGACAGCAAAGCCTCTCGTAAAAACTTGGTGATTATCAATAATAAAGGCGGCCAGATCTTTAAAAAGGTCTTTGATCACGAGAAGTTTTTAAACCCTCACGATATCCAGTTCAAAGGCTGGGCTGAAATGTTTGGTTGGAACTATCTACAAGTCGTGGACGTGGTTGATCTTTCGGCAGTACAAGATATCATTTCTAAGAAGGAAATGAAGAATTTCGTCATTGAAATTCAAACAGACCAGGCCCAGTCAAATGCGGTCTGGAAATTTATGGATGAAGCATGCAAAACCGTCACATATTAGCGTTACATGGATTTTTAGGTTCTGGAAAAGACTGGTACAAGGTTCAAACATTAACTCCTCGTCACCAGTGGATTACTCCAGATTTATTTTCACCAACGTCGCCAATCGGGGATATCGACTTAGCTTCTTTTAATAAATTGGCTGACCGATTAATTTCTTTTATACCCGACAATACGCAACCTATTTTTGTGGGCTACTCATTAGGGGCGCGAGTTGGTTTACATGTGTTAGAG
CP176530.1_gap9	457133	461132	3999	ATATCCTGAAGACCACCGCAGTAATCGACTAACTCTTCAGATAACGGATCGTAGAATAAAGCATTCACCGTGAAATCACGGCGGAAAGAATCTTCTTTTAAGTTTCCGAAAAAATTATCAGCACTCATCGTTGGAGCCGCTGGTAATGCCGGGTCAGCTGATTCAGAAATATTTAATTCTTCTTGTGTAGCTTCGCGTCTATAAGTCGCCACTTCAAAAATTTTTTCGCCACGTTTAGCGTGCACTAATTTAAAACGGCGACCGATGATAAAGCAGTACGGAACTTTTTTCTTCACTTCGTTCGGAAGAGCGTTGGTGGCGATATCAAAATCTTTGGGTTTAAGACCAACAAGTAAGTCGCGAACGCCTCCGCCTACAAGGTAACCATCGTATTTGTTGTCTTTTAGTTTTTTGATAATGCCGATCGCATGCGGATCAATGTCCGCGTAGGCTTTTTTAAGAATGGCTTTAAATTTTTCGATCGACATAAACCAGATTTATTTTTTAATTGAGGAATGGCTCCACGTCGAGTAATTACTTGAGATGAATGAGCTTTTTATCGAACTTTCACTATTCAGTTTTGGGGACTAACACACAAGAACGCGTGGTTTTTATCCACGGTTTGATGGCCTTTGCAGCAAATTGGAGAAAGATCGCCAATCGTTTAGAAAACGATTTTCAGTGCTTGATTTATGACCAGCGCGGCCACGGGCGCTCATTCAAGCCTGATTCAGGTTATAGCCCTGAAATTTTCGCTGAAGATTTAAACAAAATCACTGATGAACTAGGTTGGGACAAATTTCACTTAGTGGGGCATTCGATGGGCGGGCGTAATGCCATGGCTTTTGCCCATATGTTCCCCCATAAGGTTAGAACTTTGACTATCGAAGATATGAGCCCTGATTCAGATCCCACAATGAAGGGCTATTATGAGAATATGTTAAATAATATTCCGACGCCTTTTGCGAACAAAGCTGCGGTGAAAGAATTTTTTGATAATGAATTTAAAAAATCATTTCATGCGAAAGAGCCTCCTGCGGTACTTTCGACGTTCTTACAAGCCAACCTTGAAGAAAAGGCGGATGGCTCTTACGATTGGCGTTTTTCTAAACAGGCTGTGATCGAAATTACTCACGAGGGCCATTTAAAAGACCGCTGGCTTGAAGTGAGCAGCTTTAAAATGCCTGTGCTTTTAATTCGTGGTGAAAAATCGCACATTCTTAAACAAGAAACTTACGAAAAAATGTTGGCGGTGAATCCCAATATAACGGGTGTAGAGTTTGCTGGTGCAGGGCACTGGGTGCACTACGAAAAATTTGAAGAATTTGTTCAAGCGTTTCGCCAGTTTATAGCGCAGAATCCAGTCTAACAACGCAGAACATTAAGCGTGACTTAAGCCCCCCTAAAGCCTTACAAAAAAGGCTAAATGAAATACCTAGATCTACACTTAGACAGCCGCCTGCAAACTAACATCTCAAATCTTGGATACATCGACGCGACTCCGATTCAAGAACAAGCTTTCTCGCCGATCGTAAATGGCAAAGATGTTGCGGGTCTTGCACAAACGGGAACTGGTAAAACAGCCGCGTTTTTAATTCCAATTATCGAACGTATTTTAAAAGCTGAAGCACATCCTGAACATGAACGTGCGTTTAAAGACTGGAAAGCTTTTAACCAAGTTCTGATCTTAGTTCCAACACGCGAATTAGCCGATCAAATTCACGAGAACATTTTAAAATTAACGGCAGGCACAGGTTTAAAATCAGCGACATTCTACGGTGGTACTGGTTACGACAAACAAAAAGAAGCTCTCGCTGGAAATTTACAGTTCATGGTTTCTACACCGGGCCGCTTAATTGATTTATACAAAGAACACCACGTTGATTTCAAAAAAGTAAAAGCGATTGTCTTTGATGAAGCTGATCGTATGTTCGACATGGGTTTTAAAGATGATATGAAATACATCTTAAGCCGCATTGAACGTAACCGTCAGTTCTTAGTGTTCTCGGCGACTTTAAATTTTGATGTTTTAAATACAGCTTATCAATTTGGTTCTGAGCCGATTGAAATTAATATTTCAAAAGACGTAGCTAAAGCTGATCACGTAAAAGATATGATCTATCACGTAGGTGATGGTGAAAAGCCGCAGTTCTTGTTATCGATTTTCAAAAAAGAAACTCCGAAGCAAACTATTATTTTTACAAATTTTAAAAACAACGTTGATCGCGTAGCGCACTTTCTAACTGACAATGGAATTCCAGCAATGGGTATTTCGAGTTTGATGTCACAAGCACAGCGCACGCAAGTCATCACCAAATTTAAAGAGACAAACAATCAAAACGTGTTAGTGGCAACAGATGTGGCGGCGCGCGGTTTAGATATTTCTGATGTGGATTTAGTTGTGAACTACGAACTTCCACAAGATTCAGAATCTTACGTTCACCGTATCGGTCGTACAGGCCGCGCCGGTAAAGAAGGTAAAGCGTTCTCGTTAGTTTCTGATAAAGACGTTGAATCTTTATCGCGCATTGAAGACTACACGAAAAAGAAAATTGAAGTGGGCTTTATGGAAGACACAGAGCTTGTTAAAGAATTTAAAGCTTTATCTGAGCGTGAACCTAAATTTAAAAAATCATTTGATCGTGGTGATCGTAAACCTCGTCGTGAAGGTGATAGACCTCAACGTGGTGATCGTAAGCCGGGTTACAACAAAGAGCATGATGGTAAACACACACATCACGCCCGTGCTGAAGGTGGACCTAAAAAGCCGCACCATCGCGAGAACCGCGACGATCGTCCTAAGCATGACAAAAAGCCGCATGCGAAACATGAGCAACATGCAAAACACGATACGCACGGTAAAAAGCAACACAGATCATCTGAGCACAAACAGGATCACCGTAAAACACACGGCGTGACTCCTGGTCACTTAGTTCACAAACACCGCACGGGTTCTCACAGAAAGCCTGCACCTCAGTCCGGTCTAGTTAACTCTGTAAAATCGTTTTTCAAGAAGTTATTTAGCTAAATAACAATTACACTATAGGTGTATGAAAATAAATATTCTGACCATTCTTGTAATGGCGGTTATACCGTCATTTGTGTTTGCTCAACAAAACGCTGAAATTGTTGTTACAGCTCCACGCCCAAATGATAAAGCTGTGATGATGAAACTCACTTCAAATTACATCGTCCGTAATTTAAACGGGGAACAAGTTTGTAATTTAGCTAAAGGCTCGATGGTGGCCGTAACAGCTGTGGCTCCTGATGCAGAACGTGTACAAATCATGGTACCAAACGGTCCTTGTGCGGGCATCACGAATGGTTTTGTCTATATCAACTATTTACGTCCGGTGACTCAATCGGTTGATAAGTTTACTGAAACAGCGCTTGTTGAGTTGAACGGTTTAAGTTTACGTAAAGAGCCAAGCGTTGAAGACGGAACTTTTTCTTGTAGTCTTCCGAAAAATGCAAAAGTAAACATTGTCAACGAAGTGCAAAAGCGTAACCGTTGGGTTGAAATTGAAATTGAAAATCCGCCAGCGGGTTGTCCAACGAAAGGTTGGGTTGTAGCGAGTTATCTAAAACCTGATTTGGATTTAAAAACTCTTCCGAAAGCTTCGGGTAAAGTATTAACTGAGGCGCGTACACCGGTTGATTGTACTGAATGTGCTCAAGGTGAAGCTTCGGGTGGCAAAGTTTCTGAAACTTCTAAGGCGGCAAAGAATGCTCAAGAGATTGAACGTTTTGTGAATGCGCCTCAAGGAGCTCAAATTCCGAGTCCATTTACAGCTTTTGCTAAAGAGTTACAGCGTTCAAGAAAGTGTCCTCCAGCAAAGCAATCAGAGTACAAATGTAACCGCGGCTTAATGCAAATGCCAACTGATGGAAATGCGGGTTTTTGCGGAACACATCACTATACGCCGGATCGCCCGCCAGGAGTTGATACATACGCTGCCCCTCACACAGCCTGTTCCTTAGCGGCTGTAGCCCAAGAGT
CP176530.1_gap10	514045	514562	517	AAAGTTTAGCTGACCTGCAAGTGCAGCAATTAAAATTTTTCACCGAACAAAATTCAGAAATGCAAAAAGGCTCACATAAGTTTTATGTGAAGACGAAATTGAATTACGTTTTAGATCCTGAATCAGGTGTGCTAGCTGAGCATGATGAGGCGAGTGGAGATTTAAAGACGTACTGTTTATCTCAGGAATTATTAGTTGATGTGCGTTCGATTCTTTCGCGCTCGTCAGTGTGCCGGGGTGGCCCTTCAGCAACTGAAGCCTGCGCACAAGTGATTCAAGAACCTTATGCTGAAGTGGTTACTTCAAATGACGTGATTCAATTAGGTTCAGCTTCTGATGCCTGTGGATCTAATAAGGTTGATCTTTGTGAAGATCAACCTAGCGCCTTACGAGGCTGGATTGATACAGTTCGTAGCCAGTTACCACAGCTAGGTTGCGGCCAATAGCCAAAAAAATTACTGACAAATAGGAACGCCGGCTTTTCCGTCGTTGAATCTATTAAGCTCATTGGCAAGCT
CP176530.1_gap11	535737	539462	3725	CTGAGCTTGCGGGTAAGTTTGAAGATATTTGGAAAGTCATGAATCGCCAGTACAAAGTTCAAGATCAAAAGGATAATTTCATCTTCGGAGAGAAGAATTAATTAGTAAAAACTCCTATATTGAGCCTCAAAAAAGTCTTGTATTAATTTGAGACATTGACTCAAGTCTGTATCATCTTTAGCCGAAAAGAACCAATGAGGGAATGCATGAGCAAACTAATTTTAATTATCAGTTTGATGAATTTTATTGCTATAGCTGCATTCGCTAATCCTTCGACAAAAAAATCTTCGGTACCGATTTCAACTTGGGGTAAGCAAGGACCCACGCAAACTTATGGATACGGTACATCTACAAAAGTGCAAATTCCTTGTAAGGCGGGCGTTAACTGTCTTGATCAAGTAAAACCCCAAACACAAAAAAAACAACAATCAAGAAAAACGGCGTCAGCTCCTAGAACAGGCGAAGATAAAATCAAAGCAGATTGTTACAAAAAATTTGGCAACTATGGTGATCACTATCAAAAATGTTTAAGTGATAATGGTGTCTTTGCGGTTGATCGAAATATAAGTAGTGCAGATAATTCACAAAGTGATGCGCGTCTTTGTTATGTTGGCGATCCGCTTTGTGATAAGTGTCTCGCGCAATCGAGAAATGCTAAAACAAGATCAGAGCGTAGAAATCAGGTTCAAGACTGTCTTGAAGCAGATGCAGCGGCCAAACGTGCAGCGGCTAAAAAAACAAAACCAAAGGCAAAAGAAAAAGAAGAAACACCACGTAAGACTGTTGTAGCTGCTCCAAGTACGGCTTGTACTGAAGAAGCCCCGCACCGTTGCGCAACAAAAGAAAGTTGTGAAGAAAAACATGGGACTTGGGATGGTCGTGCTTGTGCCATAGCTCCATGTATTACAGGCACAACGCCGGACCCAAGTTCACCTATCCTTTGCAGTTGTAACGATGAAGGAAACCACTCTGTTCAGCGCGGTACTGATCAAATATGCCCAAATGCTTGTCGTGCTGCTGATCATAAAGTTTATGATTCAGAAAATCGTAGTTGTGTTTGTGCTGACGGATATCGTGATACAGCTGGTTTAGGTGGTGCGGGCGTGTGTGTAGCAGATGCTACGCCAGCGCAACCATCGACGGCAGCAGCAGAGTGTTTACTCGAAATGCAAGAAAAAGTAAATTCATGTAATTCAGCGGCTTCAACAGCTGTTGATCAATGTAACCCAGACCGTAAAGAAGATGATACCCTTGGCGCTCTCCAAACTTTATTACAAGGGGCTACAGGTGCTGCCATGGGAGCTTCGCAAAATTGTGCGCAAGCTGCTGTAGCTGGTTCAACAGGTTATTATGCATTAGAAGAACTTCGCGGTAAATGTGACACTGAAATTGGCTCGTGTAAAACAAGCTGCGGTGATGCGACTTCGTATATTAGCGCCAACAAAGAGCGTGTTTATCAAGAGTGTCGTAAAAAACAATGGGTTTATTATACAGGTAATGGTTTCACATGCCGTTTAGATAATCCATATCCTCTGGCATTTACTGAAGAGGCGTGGAATGCAGAATGGGATAGAGATAAGAAAGCTGAGTTTGATCAGCAAGTTCTGCAAATGCAAAATAACGTGGCTAGCAACAATACGAAATGTGAAACCGGCACAGCTGTGACCAATCGTGAAAAAATGAGTAACTATATGACTGATATGGATAACACTTTTAAAAGTGCCAGTCAGTGTGAGTGTCAGTTAAGTTCGGGTGGTTCTAATTGTGCTAATCAACCGGGTCCTAAAGACTGTTCGGCTGATCCAACACTTCCAGGTTGTACTGTTGCGCAGGTGAATTGTTTAAACCCTTCAGACAATTCTCCAAGATGTGTTTGCTTTAGGAATCCGAATAGTGATGAATGTAAAAGCGTAGCTTCAAATGTAAAACAGATAAATTCGAATTCTAATTTGAGTGGTTTTGCAGGCCCTGGCGGAAGTTCAGGATTTGGTGGTGTGGGTGAAGTCAGTGGCGGCAGTGACAAAACAGGTGTAGGCATTAACCCAGGTGATTTAAGTGAATTAAAATCAAATGAAGTAACAGCTATGAATGCTTCGGGAACAACAACTGCAGATGCATCATCACCATTCGGTGCGGCTAACGGCAGTGGCGGTAGCCCAGGAGTTAATGGTAACTTTGGCAGTGGCGAAAATTCAGTGGGCGGAGATGCAGAATCTTCAGCTGAATCAAGAATTCGCGGTATGTTTAATTCAGCCAAAGGTGCGCTTGGCAACTTATTTGGCGGCAGTAAAAAGAATAATAACGAAACTTCAGGCTATGGTTTTGGTAGCGGTGGTTTAGATGCGAACGGTAACCCGATTGACGCAAAAAAATGGCGTCCGGGAAAAATGATTCGCGGGCTTGCTTCAGGCAGTGATACTGAAATTGCCGGCAAGTTTGAAGATATTTGGAAAGTTATGAATCGACAATATAAAGTTCAAGATCAAAAAGACTCTTTTATTTTTGGAGAGAAGAATTAATATGAAAAACATTATATCCTACTTCATCGTCATATTATCTTTGCTAAGTTATCAACTCGCACAAGCTCAAAGCTGTGAATCGGGAGAAGTTAAACTTTCAGAGCTTAAGTTTCTTGGTGAATCTTATACTAAAGTTTTCAGAGATGCGCTTGGCAAGGATATCAGTTGTAAAAAAGTCCCGGCTAAACCTGCTACTGCGCGAAATGGTGTAAAGGCCTGTGGATCATCAGGGGTTGTTGTTAATCCAGGAAATCCGCAGTACATCGGACCGGGTCATGGTGATCTTCTTGATAATACTCTTGGATACTTTTTCTGCGTAAACGCCAGCGGGTCACTAAAAAAACAGCTTTGTACGCATATGAAAGGTCAATTATCTACAGAGATGGATATTAATTGGGACCCTAAATCAGGTAGTGATGGGGATTGTCTTTGCAAAACAAAAGGCGCTAAAGAAAGTGCGTATGTATCTTGTCCTGTAAATCCTGATGTTTTAAAAGTTGAAAATCAGACAGGTTGTACAGTTTCGGGTGCAGTTCAAGAAGGTTCTCGCTGTGTTTGTGAAAATGATAGAGAAATGGACGCAACAAAACCAGGTACAGTATGTCCTGGTGTTAAAGCAGCTCCGGTATCTCCAACGGCAACAGTAAAAGAAGAAGATTTTGCTGACTGCTTTACAGAAATTGAAAGTGCAGAAGCAGCTTGTTCTAAAAAAGGTCAGGATGCTTTCGATAAATGTAGTAAAGATGCTCCAGAGACTAATAAAAACATTTCTGAAGCCCAACGTGTTCTATCTATCGGTTTAGATGCTATGGTCGCCCAAAACGCAGGTTCGGGCGCATTGGAATCTTGTGCAAAAATGAGTGCGGCAGGAACTGGTGTTATCGAAGCTTTAAGTTTATTTCAAAAAACTTGTAAAAAGGAATTAGAGGCTTGTAAACAAGGGTGTGCAGACGTTAAAGCGTATGCTCAAGAAGATATTAATAAGTTGGAAGGCCTTTGTAAGGCTAGGTATGAAGCCAAAAATCCTGGTGGCACTTGGGGCGAAGAACATAAAAATGAATTTGCGGTGCGTGCTCAACAACACAAAAAGTATTCGGAAAATATTGATAAATTTTGTAAAGGCGATGCTCAGGTTGCTGAAGGTCAGTTCGATGATATGCTCGGAAGACTCGCGCAGAGTGTGCAAAAAGCTGATATTTGTAAATG
CP176530.1_gap12	554540	556135	1595	CGGGTGCTTTTTAAAAGAAGACACTTTAACTGAAGACTACCACTTAGGAATGATGGCAAAAAAGCTCGGCTTTAAATCGAAGTTTGCTTGTGTTCAGTACGAAAAAGAAGATGGCAAAAAAGAATTCATCGCTACTCGTGAATATTTTCCGGATGTCATGTCAGCCTCGATGCGCCAAAAATCTAGATGGACTTTAGGTATCGCCTTTCAAGGAACAGAAAACTTACAATGGCAGGGCCGTCTTGTAGATAAGTACTTTATGTGGCGTGATCGCAGAAGCCCATTCAACAGTATTTTAATTTTACTTTCTGTTATCTTGTTGATTGGCTTTGTCATTCTAGATCAGGAAAACTTCCTCCAAGGAAAACTCTTTCAAGCTTTATTAGGTTTAAATTTATTCAACATGGTTGTGCGTTTAGCGCAAAGAATGCGTGCTGTGGCTTTAACCAATGCCAAACACCATGTGGTGTTGGTGCCGGTGCGCTGGTTTGTGGCCAACATAGTGAATGTGGGTGCCACTTGGAAAGCTTATCGTCAATTTAGTGAAAGTAAAAAAACAGGAAAAAGACCTGTTTGGATTAAAACAGAACATCGTATGCCGGAGCATTTCGGACACGATATTAAGGTTCAGGTAATACAATGAAGAAAATTTCTTTCTTACTCATTACGTTTTTTTTATTCGGTGCATTTCAAGCGCGTGCCGAAGTACCTTGTGTAAATGTGTATTTTGACCGTTCGAAAGAACCATCTTACTGGATGGGAAAAACTTATGCCAATTTGTTACAAAACTTATTAGGGCATTTTCCAAAATACCAACAAGTGGTAAGCCCCATCGAACTTTATAAAAAAGGTGATATCGAAAAATGTCATGCGACGATTTATATCGGTTCTTACTTTAACAACGCGATTCCTTCTGATTTTCACCAAGATTTCGTAGCGACAAAAAAACAAGTAGCTTGGTTAGGTTACAGCATCTGGCAATTAGGTGAATCGTTTGAAAAGATTTTTGGTTATAAATATTCGTATTTAACAGCATTAAATCGTGAGCGCCTAGATTCAACAGGCCGCCCAAGCTTTTTCAAAAACATTCTTTATAAAGGTGAAATGTTTTACAAATACGGTAACTGGAGTAAAAGCGATGTTTCTATTTTCTTAGCTCCGTTCGAGCAGGCGGCACTGGTTCCGACAGAGCCGCAAAAATCTGAAATTTTAGCTCAGGCCCAACAAAACGTAACAAAAGAAATTCTTCCATACGCTTTACGCTCTGGAAACCATTTTTATGTGGCTGATGTGCCATTTAGCTTTATGCACGAAGCAGACCGTTACTTTGTTTTTGCCGATCTATTGTTTGATATTCTAGGCGAAAAACCACGCCACAACGGCAAATATGCTTTAGTGCGCATTGAAGACGTGCATCCGATGATGCCGCTATCTGAACTTTATAAAACAACGAACGTTCTGAAGAACGAAAAAGTGCCTATTCATATTTCGTTAATCCCGATGTACTTTGATCCATTACACCGTGGTGAATCTGGCCCTGAAGGTGATTTAGTCACTATGGATCGTAAAGTGCCGTTCATGCAATTTATCGAAGA
CP176530.1_gap13	572611	574315	1704	TTTAAATAACTTCAGTCATATTCTAACAAGTTCACAGGCGGGCATTAAAAACACGATGACGAATGCAGGCTTTGATAAAGCTAAAAAGATTCTCATTTTCTGGTGGGCGGCATTTATCGGTCTTTGGATTGCCTATCACTATTTTTATGCCAGCATCTTTTGGTCATATTTAACGACGATTGTTTTAGTGTTCTGGTCGGTTCCGACGTTTATGAAAATTGCCGAAATTCAATCGCCTGTGGGCTCTGAATTAGGTGATCTTAAAAAAGTGGGTTACAGAAACTTCTTATTGATGTGCGGCCTTATTGTGATCGAGTTCTATTGGTATTTAGGAAATAAAAACGATTGGTTTATCTAAATGGTCGAATTTGTTTTTGCCAATCCCGAATTAGAAGCTAAATACGGTCACTGGAAATCTTTCTTACAAGAAAATTTTAAATCTGAAGACAACTACAAAGTTCAATTTGATGGCGCTATTCCCACGATTTTTGATCCTGAAGGTCGTAAATTTAAAATCGATTTTTTAGGTGATAACCTCAACTATAATAAAGTCAAAAGTTCGGTAAATAAAGAACCGTTAGCAAAGGCTTTAGGAAGTGGAACGAAGGGTTTTAAGTTATTAGATTTATCAGCAGGCCTTGGCGTTGATTCGATTTTTTTACATCAATTGGGTTTTAAGGTGACGGCAGTTGAACGTAACCCGTTAGTTTACATGGCTCTTAAAATTGCCTCTGAGCAAATGCAAGAAATTGAAATCGTGTTTTCAGATTCGTTAAAATTTTTAGAGTCGGTCAATCCCGGTGATTTTGATGTGGCGTATTTTGATCCGATGTTTCCCGAAAAAAAGAAATCAGCTTTACCCAAACAAGAGATGGTCTTTTTTAAAAACTTAGTCGGTACAGACGAAGACGCTTCACAGATTTTTCATTTAGCCATTGAAAAGAAATTATTTAAACGTTTTGTTGTTAAACGCCCATTAAGTGCAGAGTCATTTAAAAAACCTGCGGGCAGCATTGAAGGAAAGATTATCCGTTATGATATCTATGGTCTTTGAGCAATTAAAGTTAACTCTTAAAAGTTTTTCTGTTTTAAAAAACCAACACGAAGCTTTGGTGACTTTAGATTTTGATAAATCACAACGCCGTGAAGCTTTAATGCGTTTATGTTTTTCGCCCATGGCCGCTTGGTTATTAGTTTTAGTTCTATTATTTTTTATTATCAGTCCGTTACGCCATCATTTTTCACTGACAGCGATGTTGGGAATGGAAAACGTAGTGGTGCGCACTTTGCTTGGTACGGATTGGCTGTACGCCGCTGTTTTATCAGGTGTGGTGTTTGTTATTAGTTATTTTACACGTAAAGAATTACTTCTGGTTGGCATCGTGGGATTTTTAATTTCACAAGGCGACATGCACTTATTTTTAGGATTAATGCTTTTAGCCTGTATTGTTTTAGCTCGTATTTTACTTAATTTACACTGGGTGCGCTTTTTAGAAAGCTATTCAAAAGGTGTGTGGCTTGTCACTTGCGGAATCAGTTTTGTGACTTGGGCCTTAGCGGTACATTTTTCATTTGAAATTTACCGTTCGCTTTTACAGGGTGGTTTTTTCGCACAGTCGATGTACGCCAACCGTTTAGAAACGTTTATTTTGGCTGTTTGTCTTTATTACGGTTTAGAATTAGTAGTTCTTTCGGTATGGGGTC
CP176530.1_gap14	595964	600024	4060	TCTATCAGTTATTGTTTCTAGTTTGTCGGCTTTTGCTGCTGAAACTGCGGCTCCAAAAGTGGCGGCCATTAAACCTCCGGAAAAAGAATTAGTAATTTACTCGGCTCGTAAAGAAGAATTGATCAAGCCTCTATTGGATCAGTTTACGGCTAAGACTGGTATTCCAGTTAAAATGCTTTCTGATGATGCGCCGAAATTATTGGCTCGTATTGAATCAGAAGGGGCTCAATCTCCAGCAGATGTTTTAATCACTGTGGATGTAGCGAATTTAACAATCGCTAAAGATAAAGGTTTATTCGCGAAATTAAATTCTAAAACTTTAAATAAAAATGTTCCGGCATTATACCGTGATAAAGACGGTGAATGGTTTGGTTTAAGTAAACGTATTCGCGCGGTTTTCTACAATAAAGAAAAAGTAAAACCAGAAGAATTATCAACTTACGAAGACCTTGCGAATGAAAAATGGAAAGGTTCAATCGTAGCCCGTTCATCTTCGCATCCGTACAACCAATCTTTATTTGCTCACTTAATCAAAGTTCACGGCGAAGACAAAGCTACGGCTTGGGCTAAAGGTTTTGTATCTAACTTAGCCCGCCCTCCACAAGGTGGCGATTCTGATCAATTACGTGCGGTAGCTTCTGGTGAAGCAAAACTTGCGATCTCTAACAGCTACTACTACGGTAAAATGTTAACTTCAGAATTACCTGAAGATAAATTAGTGGCCCAAAAAGTGGGTATCTTTTTCCCGAATCAAAAATCGGCTAAAGGTGAATTAAACGGAGTACACGTAAATATCAGCGGTGGTGCGGTTCTTAAAACTTCTAAAAATGCGAAAAACGCACAAAAACTTTTAGAATTCTTAAGCTCATCTGAAGCACAAGATTTATACGCAAGTTTAAATAAAGAATTTCCAGTATTAGCGACTGCAAAATCTGATTCTGTATTAGCTTCTTGGGGACCATTTAAAGAAGATAAAACTTTATTAGGCGCATGGGCACCTCACTCTAAACAAGCGACTTTAATTTCTGATAAAGTTGGCTGGAAGTAATTCCATGCTTCGAGCGGCGGCGCTGTTATTAGCCGCTTTATGTATAGCGCCGTTTTTGGTGATAGCCTTCGCATGGTTAATGCGAATTTCTCCAGAGACGGCGGCGGCCTGGCAACATGTGGTTCAGTTTCTATTAACTGACTACATTATCGAAACGTTGTTGCTGGGAATCGGTGTAGCTTTCACGGCTGTAATCGTGGGAGTTACAACGGCGTGGGTTTCTTCACGCTTTTCTTTCTTCGGACAATCTGTTTTACAATTTGCAATGATTTTACCGTTAGCAGTTCCTGCTTACGTGTCGGCTTACGCTTATGGTTGGCTTTTTGAATACGCGGGTCCGCTGCAAACGTTACTGCGTGAATTTACCGGGTGGGAAAAAGGTGATTATTATTTTCCACAGTTTAGAAATTTAGGTGGTGCGATTATCGTTATCGGATTTTCGACAGTGCCCTATGTGTACTTGTTAGCACGCACCGCTTTTTTAACTCAGCCTTTAGAGTGGTGGCAGGCGGCTTCATCGATGGGTTCATACCCTCGTCATTTTTTCTGGCGTGTAGCGCTTCCAGCAGCTCGTCCTTTTATTTTTGCCGGTGGATTAATGGCTTTGATGGAAGCCTTAGCCGACATCGGAACCGTGTCGATTATGGGTGTACAAAGTTTTGGGGCTGGCATTTATCGCAGCTGGTTTTACTTAGGTGAGCCGTTAGTTGCTGCGCGCTTAGCGGTGGTTCTTTTAGTTTTTGTATTTTTTCTGATGGCAGCAGAAGCGTTTAACCGACGCAGACAACGTTTTTCAGCCATTATTCAGAATACTGAAGTTAAAAAAATTCCGCTTACACAAGGTAAAAACTTTTTAGCTTTTTTAGTTTGTCTGTTTCCGGTGTTGGTTGGTTTTATTATTCCGGTTTTAGTTTTGTTCAGGCTTCTCATGTATAACAAGGTGTTTTCACTGGCGATGTTAGATGTGAATTTTATCTGGCAAACACTGCGCTTAGGTGGCTTAAGTGGATTAATCGTCGCAGTTGTAGCACTTGTCATGGCTTTAGCTGAGCGATTTCATCCGAAAGGGTGGCTTCGCTATTTTACAGGTTTAGCGAATGTGGGTTATGCAATTCCCGGAGCGGTATTAGCTGTAGGATTGATGTTACTTTTTGGTTTTCTACAAAAAAATTTATTTCCGAATTCTTTTATTACCGGAACGATCGTCGCTTTGTTAGTAGCTTATGTCGTGCGTTTTGTGGCAACAGCTTACCATCCGCTGCACAGTGGGTTTACGCGTATTCCAAGAGAGTATGATCAAGCTTCAGCCGCGTTAGGAAAAAACAAATGGGTCACTTTCTGGCGTGTGCAGCTTCCGTTGTTATGGCTTCCGCTTTGTGTAGCCTTCTTAGTTGTGTTTTTAGATACGGTTAAAGAATTATCGGCGACCCTGATTTTGCGGCCGTTTGATGTAAAGAATTTAGCAATTGTCGCTTTTGAATTTGCCAGTGATGACCGCCATGTTGAAGCGGCACCGTATGCGTTAACGTTAATTGGTTTAAGCACTGTGGCTGTGATTATTTTATTTCGCTTGTATGATAAGTTAAAGGTGTACCGATGAGTGTAAGATTAGCTAACGTAACTTATAAATATCCTGCCGCTAACCGCGGTGTTAACGATGTTTCATTTACCCTTGAAAGCGGAAAAATTGCTTGTTTACTTGGGCCATCGGGTGCCGGTAAATCCACTTTATTAAAAATAGTGGCGGGTTTTGTAACTCCAGACGGCGGTGATGTTTTTATTCACGATAAAAAAGTAGCGACGGGTAATAAAGAGTTAGTGCCTGTGCAAAAACGTGAAATCGGAATTGTATTTCAGCAGCACGCCCTTTTTCCGCATATGACAGTGGCTGAAAATATTTTGTACGGCTGCCGTAGGCCAAAATCAGAACGTAAAGATTTTTTATTACAGCTTTTAAATGAATTTAAAATCGAAATTCACAAAGATAAATACCCGCATGAAATTTCAGGCGGCGAAGCCCAGCGCGTAGCTGTGGCCCGTGCGATAGCTTCAGAGCCGCGAGTTCTGCTGATGGATGAACCATTTTCTAGTTTAGATCAAAGTTTGCGCGCACAAGTTGAACAGCAGTGTTTAAATATCATTCGCGAAAGAAAACTAACGGCTTTGATTGTGACTCACGACGAATCCAGTGCCCAAACTATGGGTGATTTAATTATCCGGATCTAGACCGACGTCTTAATTCAAGATTTTTTAATAATTCACCGATACGTAGGGTATGAATGTAAAAAATCTTGCCGGTAACGCCATCATTAATACATTACCATCAACTCAGCAGCAGCCTGAAACGAAGGCTATTAAGTCTGAGAATACGCATGACCGTGATGCCAACGGGCAACAGTTGTATCAAAAACAGCAAAAGAAAAAAGAAAAAATGACTCGCGAGCAGGCTGAAAAAGCCATTGCTAATTTAAATGCGAAACATTTTATGTTGGATATGAAATGGGTGGCTGTTTTAGTAGAAGACGAAGGTTATTTTTACGCCGAAGTAAAAGATCAAAGCCAAAATCTTATTCGGAAAATCGCAGAGCACGATCTGTGGGAAGTATTCGAAACTCCAACAAACGAAACTTCGCAAAAAGGCAATCTCCTTAAGCGCACCGCTTAAAATTTCAAAAATATTTTTCAATTTTAGCACTAGGACGACCGAATGGTCGGCCCTTTAGAATAAGGTCAGCCGGAGGCTGATCAAAACCAGAAGCTCTAGCGTTTAGCTTTGATTCCTAAATTGGTAATGATGAGTTTCTCATATTCTTTCATTAGAAAATTAAAAATCTGACGTTCTGGAATATCATAGAGCTTAATCAGCTTTTTTAAGATATCCCATGGGGGCGAGCATTTGCCGCGTTCCCAGTTAGAAACAAACTGCGACTTGCACTGACAGGCTTTTGCAACGTCAATTTGCGTGAGATTTTGACTCTCGCGTTTTTCTTTCAGGTATTCACCCAACTTACC
CP176530.1_gap15	605521	607987	2466	TTTCAGCCTTCTCGGGCCAACAGCAAGGGCACTTTCATGCTGAAGATTATCCTCAGGTGGTGGGTTTTATTAAAAAACCTTTTGACCACTTAAGTGTTGTGATACAAGAAATGACCAGTATTTATGAGAATTATATCAGGAAAGTATAAAGGAAGACCCTTAGTCAGCTTTAAGGCCGACCATATCCGACCGACCATGGATCGAGTCAAGGAAACTCTATTCAATAAATGGATGGGGTATGTGGACGAATCTAAAGCGTTAGACCTGTTTGCGGGTACCGGAAATCTAGGCCTAGAGGCCCTTTCACGTGGTGCCAAGCATGTTACTTTTGTGGAAAAGAATCCTAAATCTGTGGATATTATTCGTAAAAACATCGAACTTTTAAAGGTCGCTAAAGACGAACATATGATTATTCAAAAGGACGTATTTTCGTTTATAAAGTCGTATCAGGGCGAAGGCTTCGATATAATCTTTATTGACCCTCCATTTACCGAAAAACTTGCGGATGATGTGATGACGGCTTTAGCTAGTAGCCAATGTTTTCATCAAAATACCGTGATTGCCATTGAAGCCATTAAGCAGGAAAAGATCGGCACCGAATACGGCGATTTGATATGCTATGACAAACAAGATTATGGCGACAAAAGTCTTTCCCTGTTCTCTAAAAAAGCGCTAGATTAATCCCTGTTCGGGAGTAGTCACGTGTCACAGATCGCTGTATATCCAGGAAGTTTTGATCCAATCACATCAGGCCATGTGGATATTATCCATCGCCTGTCAGATATGTTCGGCGAAGTGATTGTTTTAGTCGCTCAGTCAGGTGACAAGACTTACATGTTCAGCGCTGAAGAGCGTGCTGAGTTTGTTCGTAAACAATTTTCTCACAAAAAAAATGTCAAAGTAGATATCTTTCAAGGCTTAACTGTTGATTACATGAAAGCCAAGGGTGCGAAAATTATCGTACGTGGTTTACGTGCGGTCGCTGATTTTGAATACGAAGGTACACTCGCTAACATCAATAAAAAAATTGCTCCTGAAATTGAGACGTTCATGATTTTCTCAAAACCAGAATACTATTTTATTTCTTCGCGTGGAGTAAAAGAGCTTGCGAAAAACGGCGGTAACTTGTCAGGACTTGTTCCGGATATCGTTATGCCTGAATTAGTTAAAAAACTTAAAAAGTAATTTTTTAAAAGAAGGATCGGTAATTATGTTGTCAAAAAGAGCGTTAAACCTAAAGTCTTCTCCTACATTAGCCCTTGTTGCTAAAGCTAAAGAATTACAAGCTCAAGGCCACAACGTGATCTCATTAACGGTGGGTGAACCTGATTGGCCAACTTACAAAGTAGCCGCTGAAGCCGGTGTCAACGCGATCCAAACTGGTTTTACAAAATACACAGCAGCTAATGGCACAATCGAATTACGTAAAGCCATTGCAATGCGCGCTGAAGCTGATCTTGGTTTTACTTACAACCCAGCAAAAGAAATCGCGGTTACAAGCGGTGCTAAATACGCGATCTTTGCAGCTCTTCAAGTCTTATGCGATCCAGGTGACGAAGTGATTATTCATTCTCCGTACTGGGTCAGTTATCCGGCGATGGCAGAACTGGCTGATGCGGTTCCTAAAATCGTTGATTGCAAAGCTGAACATAACTTCAAACTTTCAGCTGAACGTTTGGAAAAAGCGATCACGCCAAAAACAAAAGTTTTCTTATTCTGTTCGCCATCAAACCCAACAGGTTTTGTTTATTCAAAAGAAGAACTAAAAGCGATGGCTGATGTTCTTAAAAAGCATCCGCGTGTAGCTGTGATCTCTGATGATATGTACAACCGCTTAATGTTAAACGGAACAGCGATAGCGCCACACTTACTACAAGTAGCTCCTGAATTACGCGAGCGTACTGTTGTAATCAATGGGGGTTCTAAAGCGTACTCAATGACAGGCTGGAGAATCGGTTGGGCTATGGGGCCTGAGAAAATTCTTAAAGCAATCGGTGATTACGCCTCTCAATCAACAGGGGCTCCGTCGTCAATTGCGCAAGCGGCGGCAGAAAAAGCCTTACTTCATTCTGAAGCTGATATTAAAAATACCATCGAACTTTTAAAAACGCGTTTAGATGCGGCTTTAAAACGTATGGCACAAATCAAAGATCTGCAAGTTTACAAACCAGATGGTGCGTTTTACTTATGGATCAATGTTGAAAAATTCTTAGGCCGTAAATACAAAGGCGAAACTGTGCAATCATCTGCGCAATTTGGAAAAATCTATTTAGAAGATTTCTTTGTAGCCACTGTGCCTGGTGAAGAATTTGGTGAGCCTGGTTACATGCGTTTAAGTTTTGCCACTGAAACTGCAAAATTTAACGAAGCCATGGATCGTCTACAAAAGATGATCGATCAAATGTCGTAAAAATATGAAATCCCACGAAGCTTCTTGCCACTGTGGAAAGCTAAGTCTTACCTACA
CP176530.1_gap16	682289	686049	3760	AGCGGTGGTTCAGGCGGCCAATGAAAATGCGGCTCGCGAAAAAGCTAAAGGTTTAATTGCTCAAGCCAAACAAGTCGACGGTGACTGGGTTTGGGAAGCTTCTCGTAAAGAAGCACAAGAAATCGTGGGCGACAATACTCATGGTCCACGCGTTGCAGTTTTAGATTTCGGAGCGAAAGAAAATATCTTACGTGAATTAAAAAAACGCTGCTCGCACTTAAAAGTATTTCCTTCACGTGCTGATGCAAAGACAATCGAAGCGTATCAGCCAGATGGCATCATGTTAACAAATGGTCCGGGTGATCCAGCTGAAGTTAAAAATGCACCGGCAACGATCCGTCACTTCGTGGGTAAACTTCCTGTGTTTGGCATTTGCATGGGTCACCAAGTTTTATCCATCGCTTTAGGTGCAAAAACTTACAAATTAAAATTCGGCCATCGTGGTGCAAACCATCCGATTCAAGACCGTATTTTAGATATGATCTATATGTCGAGCCAAAATCATGGTTACGCTGTAGATTCAACAACGTTACCTGAAAGTGCCCAAGTCACTCATAAAAATCTTAACGACCAAACCGTGGCGGGCTTTTTTTCTGAAAAATTAAACTGCTTAGGTATTCAGTACCATCCAGAAAGTCACCCGGGTCCACACGACGCTGTAAAATTATTTGATTTCTTTGTTTATAAAATGATCCAGAAAAAGGAAAAACCGCACCATGCTCACCATTGATCAATTTGAAAACTCTTACTTAAAATTAGTCGGCCATTTCGCGGATGCGAAATTTCAAGACGAATTAAATATGGCTCGTAAAGAGTTTTTTGAAAACGCCGGAACTCTGGATGAAAACAAACCGAACTACACATTAAGAATGAACCAGTTTTATGATTGGTACTTTTTAACTCGTCCGTTAAAAGGCCACATGCAAACTCCGCTGATGGTTGTAGATATCCAGCGCGAGTTACGTTTAACAGATGAAGATAAAGAAGTGATCGAAATCTTAAAAAAGGCCCGCCATTCTTTATTTGAACTTGTGAAAGTTAAAAAAGACGAAATCACTTTAAAAGACTTATTCAAAAACGAAAAAGTTACAGTGAATGCCGATCAACATGTTTTTGAATTTGATGAGAAAGAATTTTTTGAAGCCCGTATCGTAGAGCTTGATGGCAAAAAATATTTCTTAAAAGGTTTTTGCTTTCACCCTGAATCAGCACAGAAGTTTATTTTGTCTGAAGTGAAAGTGTACCAAAAGAATCCGGATTTAGACCCGGCTGATTTTATGCTTCGTTTGGTAAAAATGCGTTACAAGTTCGAACAATACCGTCATGTAAAACCAGACATGATCTACACGAACGAAAACAAGTTAGGACTGTAATTTAATTTAAGTGTGTCTTCGACACGACTGGAGTACATAGGTGCCTCGTTTAGAAAAATTCAAAAGAGTTTTAATCATCGGTAGCGGTCCCATTAAAATCGGCCAAGCCTGTGAGTTTGATTATTCGGGAACACAAGCTTGTAAAGCTTTAATGGCAGAAGGATTAGAGGTTATCTTAGTTAACTCAAATCCAGCTACAATCATGACTGATCCAGATATCGCGACACGCACTTATGTAGAACCTCTTGAAGTTGAGTTCTTAGAAAAAATCCTAGAAAAAGAAAAACCAGATGCCGTGATTCCAACCCTTGGTGGTCAAACGGCTCTGAATTTAGCCTTATCTTTAGATAAAAAAGGCATCTTAAAAAAACACAACGTTCAACTTTTAGGAGCAACTCCAGAAGTGATCGAAGCTGCAGAAGATCGCGAAAAATTTCGCGCCATCTTAGATGAAATCGGCGCTAAATACCCACGTTCAGAGATGGTTAAAAACTTTGATCAAGGTATCGCAGCAGCTGATGTTTTAGGTTACCCACTTATTCTTCGCCCAAACTACACTCTAGGTGGTGGCGGTGGCGGTGTAGCTTACTCACCTGAAGAGTACAAACAAATGCTTGTGCAAGCTCTTCATGAGTCTCCAACATCAGAAGTTCTGGTTGAAGAATCCATCTTAGGCTGGAAAGAATTTGAATTAGAAGTGATGCGCGATTCAAACGGTACGTTTGTTGTCGTGTGCTCAATTGAAAATTTTGATCCATGTGGGGTTCATACAGGTGATTCGATCACAGTAGCTCCGCAACAAACTTTATCAGACCGCGAATATCAAGCGATGCGTGACGAAGCTTGTAAGATTATCAACCGAGTTGGTATTCAAACAGGTGGCGCGAACGTTCAATTCGCCACAAATCCTAAAACGGGTGAACGCGTAGTTATCGAAATGAACCCACGTGTGTCTCGTTCATCAGCTTTAGCAAGTAAAGCGACAGGTTTCCCGATTGCAAAAATCGCAGCCTTATTAGCGATTGGTTACCAATTACATGAGTTAAAAAATGATATCACGCAAGTAACACCAACATGTTACGAGCCGGCTTTAGATTACGTGGTGACTAAAATTCCACGTTTTGCTTTTGAGAAGTTCCAAGGCTCAAAAGATATTTTAACAACACAAATGAAATCTGTGGGCGAAGTGATGGCTATCGGCCGTACTTTCCAAGAATCATTTATGAAAGCTTTAGCGGCGCTAGAAAAAAACACTGAAGCTATTCAAGAAGTTGATTTCGATTTAGAAAAAGTTTCTTATCCAAATTCACAAAGAATCTGGCACATTTTTCAAGCTTTCCGTCATGGTTTAAGCTTAAATATGCTTTGCGAACTAACGCAAATCACGCCGTGGTTCTTGGAGCAGTTAGAAACGATTGTAAAGTTTGAATCAACATTTAAAAACGCTGAACTAACAACAGAGCTTTTATTAAAAGCTAAACGTTTAGGTTTTACTGACGCTCGTTTAGCGAAATTAAAAGATTTCCAAACTTCAAACTTAAAAAATATTCGTCACAAATTTGGAATTCGCCCTGCGTTCTTCCAAGTTGATACTTGTGCCGGTGAATTTGCTTCATCAACTCCGTATTATTATTCAACTTACTGGAGTAAACCAGAAGGTTCGATCGCTATTCCAAAAACTATTGCGGTGATCGGCAGTGGTCCAAACCGTATCGGCCAAGGTATTGAGTTTGATTACTCATGCGTTCGCGGTGTAAAGGCCTTACAAAAATTGGGCTACAAAGTGGCGATGTTAAATTCAAATCCTGAAACGGTATCAACAGACTACGACACTTCAGATTTATTATTCTTTGAACCATTAACACTTGAACACTTAACTGAAGTGTTCAATGTGATTAAACCAGAAGGCTTTATCGCACAGCTTGGCGGGCAAACGCCAATCAACTTAGCAAGAAGCTTAACTCAAGAAGGTTTTAAACTTTTAGGTTCTTCATTAAATTCGATTGATTTAGCTGAAGATCGTAAAAAGTTCGCTGAACTTTGCCGCGAATTAAATTTATCAATTCCAAATTCAGCTATGGCTGGAAACATCGGCGAAGCTTTACAAAAAGAAGCCGAAGTCGGTTACCCAATGATCTGCCGTCCAAGTTATGTGATCGGTGGCCGTCGTATGGAAGTGATCGAAAACCGTGGTGAATTAGAATCTTACTTTGAACGCCACAAAGATTTTATCGGTGGTAAAAATCCATGTTTAATGGATCAATTCTTATCAGGTGCTTTAGAGGTCGACGTCGATTTAGTGCGCGGAAAAAATTGGATTTTAGTTGGTGGTATCATCGAACATATCGAAGCGGCCGGAGTTCACTCAGGCGACAGTATGGGCGTGG
CP176530.1_gap17	687709	691268	3559	AAGTTATGGGTAAAGGCGAATTAATGCCAGCAACCTCTAAACAGTATGATCCGGTACGCGAAGTAAAAAAGGTATTTAATCAGTAATATGGATATTATTAAAGTTAGTGGTATTCAAAAATCCTTTCAGCCAGACTTTTATAAAAAGCCGACACAGGTTTTAAAAAACGTTTCGTTCGTTATTCCACAAGGTAAGTTTATTGGTCTTATCGGCCCGAACGGAGCGGGTAAAACCACGACGATTAAATGTCTTTTGCAGTTTATTTTTCCAGATAAAGGCACGATTCAATTCGGCGATAACCAATCTTTTATCGAATTTAAAAAACATATCGGTTATTTGCCTGAACGTCCGTTTTTCCAGGAATTTTTAACGGGCATGGAGTTCCTTAAACTTCACTGGGATTTATCAGGTGCTAAAAAGGATAATTTTAAACACCGTGCCGCTGAAGTTTTAGAATTAGTAAAACTCACTCATGCGAAAGACAAAAAATTAAAAGATTACTCAAAAGGAATGTTACAGCGTATAGGTATCGCCCAGTCACTCATCGCTTTTCCTGATTTTTTAATTTTAGATGAACCGATGTCAGGTTTAGATCCTGATGGAAGAATTTTAATTAAAGATATTCTAAAAGATTTAAAGAAAACTCATATTACAGTTCTAATGAGCAGCCACTTATTAGAAGACATCGATGAACTTTGCGAAGAGTTGATCGTGATTCATCAGGGTGAATGTTTTTATAATGGCTCTACGCCAGAATTCAAAAAAAACTACAGCACATTGCAAGAAGCTTACAAGGCATTCAAAGGTCAATTTGAGGTAAACTACAACGTATGATCAGATTAATGTGGGTAAACACGCAAGAGTGGTTTCGTCTTAAGTTTTTTCAAATCGTTTTATTTTTAGCGTTCTTATTTGTTTGCTTTAGCCAATTATTAGGTTCTTTAAGCTTCACTGAGCAGCAACGCTTGGTTGTTGATTTCGGTTTAGCGGGTATTGAAATCGCCTTAGTTTTTATTGCCTGCTTTTTCTCAACCCATTCCTTAGCTAAAGAAATCGAACGTAAAACGATTTTAGTTTTGTTAGCGCGACCAATTCCACGTTGGAAAATTCTCGTTGGCTATTTCGGAAGCTTGGCAATTTTAAACTTTATTGCCGCCGTCGTATTGGCTGTTACACTTTACTTCTTTATCACTAGTCCAAATTTAATGTTCAGTATTAATTATCTTTTAGCTATTGCAGTGATCTATCTTAAGTCACTGGTGATCGGATCCATTGGATTATTAATCAGCGTTATCGCACGCCCGATGTTTGCTTTTGTTCTTTCAATTACAGTTTGGCTCATGAGTTATTCAATCATCGAAGTCCAATTCTTTATGGAAAAAGCACAGATCGAAAACAGTAAAGAAATCTTCACGGTATTAAGTGCGATCTTTCCTCAGTTTTACAAATTTAACTGGAAAAGTTATGGCTTTTTAAAGTCACTCATCAATCCTTCAGATTTAGGCTGGGCTTTTTTGCATAGCTTCGGTTGGATTTTAGCCAGCATGTATTTAGCTTCGTTGCTATTTAGAAAGAAAGAAATTGTCTGATTTAATGCCTTTTTTCTATTTTATGGTTTTTCTTTTCGGAGCTTGCTTCGGAAGTTTTGCTAACGTTCTGATTTACCGTATGCCTAAAGGCGAAAAAATCACCGGTCGTAGTCATTGCAAAGAATGTGGTAAAACGGTGGCATGGTATCACAATATTCCAATGCTTTCGTATTTTATCTTGAGAGGAAAATGTGCCAATTGCCAGGCTAAGTTTTCAATTCGTTATCCTTTAGTTGAATTTATTATGGCGGCACTTTGGCTCGCTGTTTTTCATCTTTATGGCTTTAGCTGGTTAACTTTAGAATATTTTATTTTAGTTTTCGGTTTAGTGGCCGGAAGTTTTATCGATTTAGATCATATGATTTTGCCAGATGAAATCACTTTAGGTGGATGCGCTCTAGCACTTATCGGAGCTGCGATAAATCCTGAACGTGAATTTATGGAAGGTTTCATTGGATTTTTATTCGGCGGCGGCGTTTTATGGTTGGTCGCTTATGTATATTATGTTTTTACCGGCCGCGAAGGTTTAGGTGGGGGAGATATTAAACTTCTTGCCTGGATCGGAGCTTTATTAGGTTGGAGAGCCATCCCTTTTGTTATTTTGTCGTCATCAGTTTTAGGTTCTATTGTTGGAATTTATGTTTCACGGCACAGTGAAGACAAATTAAAAGCGGTTATTCCATTTGGTCCATTCATCGCCTTGGGTGCTATTTTATATATCCTAGGACTAAAGTCCGTAGGAAATTGGTATATCGATCTGTTTTTCCCACAATTTTAAAAAGTTACAGTTGCACTTAGGTTCAACTGGACCAGACGTCTAGAAATCGTACAAACTTTGACAAGACTCTACCAAGGATTGGATAATTTAGGTTGGGAGTCTGAGCAGCATGTTATTTTCATCAAAGAAGGTGATTGGACTAGATTTAGGATCAAGTTCAATCAAAATGGCCGAATTAAAACTTAGCGGAAACACCGCTGAGCTTGAAAACTTTGCGTCAGTTCAGACCCCTCCGCAAGCCATGACCAATGGTGAAATCACCGATTCTTTCTTATTAGGTGAAGCGATCAAATCTCTGCATAAAGAACAACGTTTCACTCGCAAAATCGTGAATGTTGGCATGTGGGGAAACTCAGCTATTGTTAAAAAAATCTCACTCCCAAAACGAGATCCAAAAGAACTCAAAGAACAGATTAAATTCGAAGCGCAACAGTACCTGCCATTTGATATTTCGCAAGTCACGCTTGAGCATCACATCCTGCCATTTTCTACGACTCCAGATATGATGGATGTGTTGATCATCGCGGCCCAAAATGACTTCATCGGAAAGTATGTCGAAGTAACAACTTTCTCTGGCCTAAAATGTAAAATCATCGATGTCGCAAGCTTAGCTTTAGCGAACATTTTTGAATTTAACTATGGCCGTTTCAACGAGCCGGTGGCGTTATTCAATTTCGGTGCGAACTCGACACAATTCCTAGTGATTCTTCAGGGCGAAGTTTTATTCGTGCGTGATATTCCGGTAGGTGGTTTTCACTTTACCAACGAGATCAGTAAAAACATGGGTATTACGCTTGAAGAAGCTGAAGCACTAAAGCTGACTCAGCAAGATCAAACAACGGAACAGCCTGAGAACACAAAAACTTTCATGAATATGGCTCTTGATTACGTGACAGAAGAAATCCGTAACTCGATTGATTTCTATTCAGCTTCAGGTGGCGATTTACAAATTACCAAAGCTTATTTTACTGGTGGAGCTAGTTTAACTGAAGGTATGACGGATCATCTTCAAGACTCACTCAAAATCCCATTTGAGCCGTTAAATCCGTTAATCAGAATTAAACCGGCCAACAAAAAATTAACTCCGGCTTACCTACAACAGATCACGCCGTTTTTATCGACGACGCTAGGTCTTGCATTGCGCGAAGTGGGTGACTCGTGATTAAGGTTAACTTACTTAAATCTTACTCAG
CP176530.1_gap18	692524	696759	4235	CTTAAAAAATCCTCTTTATATTTAGCGGCGATGATGTTGGCGTTGGCGGCGACTTATTATTTAGGTTTAGCGCCATTGTTACATGCCCAGGCGGATTTTCCAGATATGCCTGCATTTCCTGAAGCTAAACCAACTTCTCCTACGGCGCAGCCAGCAGCTCCTCCGCCAGGTAAACCGGCAGATATTCCTGATATGCCAGAAGACGCTGCGGTAGCAGCTCCACCGGCTCCGCCAAAACCGGTAGCTCCACCACCGCCAAGTCGTCCGAATATTTCTCCGGCAACGGGGATTTTATTTAAACACACAAAGTCTTACGTCGGTGAATTAAGTAACCCGGATCGCGATCCATTCCGTAAGCCGTTATATATTTTAGAATTAGAAGAAAAAAGTTTAAAACCGCAGAAGACCGAAGAAGTTCGTATCGACGATAAGATCGAAGCGATCCGTCGTTGGCCACTGCGTGATTACCGTTTAGTGGGTGTGATCTGGGATGTGAAGAGTCCGAAAGCTATGATCGTAGACCCATCAAACACAATGCATTTATTAAAACGTAATTACCGAATCGGTGATAAAGATGGAATTATATCAGCGATTTCCGAAGGTACGATCACTGTGATCCAGGATAATATCCCGGTCGTGATGGATATCTCTTCGTCAGGTAAATAGTTAGTTCGATTAGGAGGATTGAATGATTACAAAGCGACTGCTTTCATTACTATTAGTACTGAGCCTTACTTCGTTTTCTTGTTCAACAAAGAAAAAAGTCGTTGATGATGATTTCGGTGTCGAAGATGAAACAGGCACTGAATTAACTCTTGATGATACTGCCGATGCCGCAACAGCTGATCCTAATGCTAAAGACGAATTCGCTGAATTCGATAAGCCATCACAAGATGAAGCTCCACCAGAGCAAGCTTCTGAACCGCCACCTCCGGCACCGGAAGAAAATGTTGAAATCCCTCCACAACCCCAAGAAGTGGCTGCTGAACCGCCACCGCCAGTGGTTGATGGCCCTGCAGCTAAAATCAGTGATGTGAAATTCTTAGGTAATAGCAATGGCGGAACTTTAGTGATTTCGGCTGATAATCCGCTTCAGTTTAAAACACGTATGAACTCAAACACGAATCAATTAGTGGTTGAAGTTCAAAACGCTGTTGTGCCGGATCGTTTAAAAAGACCTCTAAATACTAAGGATATGACATCAAATATCGGAAGTATTGATATCTATCAAAACGCGAACTCAAACGTAGCCCGCTTCGTGGTTCAATTACGTTCAGGTTCACAAGAGCCACTGGTTCAACCAGAAGGTAATACATTATTAATCGTAGGCACTCCAAGTGGAGTCGATGATAAAACTCCAGAAGCCATGGCTGCAGCCGAAGGCGGAGAATCAGACGATGCCGCAAGCCTTGGAATCATGAATTCAGACAGTATCGAAGACTTCTTAGCTAATAATAATAAATTTTATGGCCGTAAGATCTCTATCGAAACAACAGATATGGATGTACGTGATGTCTTAAAGTTTATCTCTGAAGAATCAGGGATTAATATGATTTTTGATGATAATATCGCAGGTAAAATTAGCTTAAAACTACGTAAAGTACCTTGGGACCAAGCTTTAGTTACAATTTTAAAGTCAAAAAAACTAGCTTACCGCCGCCAAGGGCAAGTTCTTCGCGTGGGCCCGGTTGAAGCCTTGGCTAAAGAAGAAGAAGATGCACTTCGCTTAAGAGAAGCCAAACTTAAGAATGAATCTTTAGTGGTTAAAAACTTCTCTATTAACTACGCCGATGTAACAGCTTTAGAGACTAAAATTAAAGATTTTATCGCTGAAGGAAACGTTGCCGGACAAAATGCAGGCCGCGGTAAAGTGACGGTTGATTCGCGTACAAATTCATTAATCGTCACTGAAACGGTAAGTAAGCTGAGTCAGGTTGAAAAGTTAATCCAGTTATTAGACTCACAACCACAGCAAGTCGTTATCGAAGGCCGTGTAGTTGAGGCTTCTGAAACCTATGCTCGTCAAATCGGGGTTAACTTCGGTTTCAACTTAGCATCTACAGGTGATGCTAACCTTGTAATCCCAGGTCGTGACCGTGTGGTAACGGGAAATGGTGGTTTAAGCCGTTTTTACAGCCCATCCGCAACATTTAACCCATCAACGACAGGTTCCTTCACAGGTTCTCTGTGGATGGGGCAGTTCGGGGCTTTCGGTGATTTATCAACTCGTTTAGCGTTAGACGAAGAAGAAAATAAGGTAAAAATCCTTTCTTCTCCAAGAATCGCCGTATTACATAACCAACAAGCTACGATTAAACAGGGCTCGGTGATTCAGGTTCCTTCAACTGAAACACAAACGGCAGGAACAACAACAGTGACTCAAACCTTTAAAGAGGTTGAAGTGGGTGTAAACTTAGATGTTAAGCCGCTCATTTCAAGTATCGGCACTGTAAACTTAGATTTAAAAATCGAACGTTCTGCAGCTACAGGAACAGGAACAAGAACTCAGCGTGAGATCAAAACCAATATCATCGTAAAAAGCGGTGATACGGCCGTTATCGGGGGCGTATTTACATCGGATGTGACACATATCCGTAAGGGAATCCCTGGGTTAAAAGATATTCCTGTGTTAGGAACTCTATTTAGAACAGATGCTAATACGAGCCAAAAGACAGAGTTAATGTTCTTTATCTCACCAAGGGTCTTAAAAACGCTGGCAACCCCATCGTTTAAAGCTTCAAGTGGCAGTGAATTAGGTACGGAATAATTAAAAGAGTAAAAATAGAAATAAAAAAGGGGCTTAAAAGCCCCTTTAAATTTTTTGTGCGGAATACATCACGCTTTCTTCGTTTTTAATATTACTGAAAGAGTAGGCGGTATTCGCCGGTAGCTCCAGTTTATCTCCAGGGCGGAGAACAAACTGCGTTCCTGACAGATTAAAGATCAATTCGCCTTCAGCGATCTGGATAATTTCAGTTAAATGCGTTCTTTGATTCACTAAACGAGAACCAGATTTGATCTGAAAAGGTCTTGGTTCAAGCCCTTCGGCCTCAAAAAGTTTTAAAATAATGTCTTTATTTACCGGTATTTCAGCGGTCCAGCGGGTAATTTTCATAATAAGCCTAATATATTTCACAGATTCTTAATTTGATACAAAAATATTTTAAAGAGTCGCTCACAAGTGGTCGATAGAAATTTTGGTATATTACGGCAATATTGTGGAGGCCACCTTGAAGAAGCCAAATGAGAGAGTAAGTTCAGACAACATGAATGAGATCGTAAATTTTCTTGAATCTACTCGCTATGTAAAATTCGAATTCGATCAGACTTCTTTAAGCGTAACTCAGAATGAAGATCATAAAGCTATTAGCTTCAAGTTCGCAGACGTAGAAAAAGTTCTAGCGCGCACTGATTATGATGGATCGCAATTCATTCAGATTAACTTCCAAAATAAAACGAAGATTTTAATTACGAAAAATTTAATCGGATTCAAACCACTAGAGTTAGTGGGCTTTGATGCGACAAAAATCCCAAAAGTAGTGACTACGGTCGATCTAAACAGTGTTTATAAGGCTATTGAAGACCTTACAGACGGTGAAGATACGTACCAAACAGCCACTGAATTGGAAGTTTTGAAAAAAGTATATCAAAGTATTATGCTTGGGGCTGAGCAAGTCGGCTTCGAGATGAAGGCCGAAAAGCAATGGTTTTCAGCATTCTTGCTGAATCCGCTCGCAGCTACTGCCTAAAGTACTCACACTCACGCCTAAAAAAATAACAACTGGTTTGAAAAAACCAGTTTTTTAACTTTTTTTTAAAAAAGGTATTGCCAGAAGCTTTGGGATAAGCGACAAACGTCGAACAGCAAAAGACATCGGGGGCATAGCTCAGCTGGGAGAGCATCTGATTTGCATTCAGAAGGTCGCAGGTTCGATCCCTGTTGCCTCCACCAAATCCTCACTTTTATAAGTTGTTTTTAATTTTTAAAAATAATTTTAAAAAGTGTTGACGGAGTAACTCAGCTAACTTAAAACTGACGCTCCTTCGATCAATACCTTGGAATTGTTTTTAAAGTTCTTCGAATTTTAAAAAATAATTTTGAAAAAAGATGTTGACGAGGTTGGGCGGATGAATTAAAACTGACGTCCTTGTTGAAATAAAAACGCTAAGCGAAAGCAAAGCGAAATGATCGGGTTCTTTGAAAACTGAATAGCTAAAAGATTTTGGGCTAATAT
CP176530.1_gap19	701158	703950	2792	AAGTAACGGAGGCGCGCGATGGTCCCCTCAGCCTGATTGGAAACCAGGCGTCGAGTGCATTGGCATAAGGGGGCTTGACTGCGAGACTTACAAGTCGAGCAGGTGCGAAAGCAGGCCAAAGTGATCCGGTGGTCCCGCGTGGAAGGGCCATCGCTCAACGGATAAAAGGTACTCCGGGGATAACAGGCTTATTCCATCCAAGAGTCCATATCGACGATGGAGTTTGGCACCTCGATGTCGGCTCATCACATCCTGGGGCTGGAGCAGGTCCCAAGGGTTTGGCTGTTCGCCAATTAAAGTGGTACGCGAGCTGGGTTCAGAACGTCGTGAGACAGTTTGGTCCTTATCTTCTGTGGGCGAAAGAAATTTGAGTAGACCTGTCCTTAGTACGAGAGGACCGGGATGGACGTACCTCTGGTGTTCCTGTTGTTCTGCCAAGAGCAATGCAGGGTAGCTATGTACGGAATAGATAACCGCTGAAAGCATCTAAGCGGGAAGCTAACTACAAGATAAGATTTCTCTGGGGCTTCGGCCCCCTAAAGACCCCTCGGAGACTACGAGGTTGATAGGAATAAAGTGTACTTGCAGTAATGCATTCAGCTTATATTTACTAATAGGTCGTGAGGCTTTTTTAAAATAATTCTCGGTCGCAAGACCAAATTTCGAATCTAACTAACATTCGCTAAAAATCAATTAATACAATTTGCTGGTGTCTATAGCAGAGAGGTCACACCTGATCCCATTCCGAACTCAGAAGTTAAGCTCTCTTGCGGCGATGGTATTGCACGGGCAACTGTGTGAGAGAGTAGCACGATGCCAGCTCTATTTTTATAACCCCGAGTAGGAAACTATTCGGGGTTTTTTTTTGCCCAAAATCGGTTATTTGGGATTCAATAATGCGCTTTTTGAGCCTATGTCTAATCGTTAGACAGCTCATTTTGAGCTACCCCTCTTATATTTCATTTTAATAAAACTTTGACGGGCACTTTATTTGTAACAAGTCAGGTAGAGGTGTTCTATGAAACTGAAACAACTTTACTATGCTCATGTCTTTTTGTTGTCGGCTTTGGGCTCAGTTATAGCTTGTTCCCCTACTAAATTTTCTCCATCGGTTGCACAAAATGCAGATTGTACAGCTGGTTGTATCGTTGATCCGAGCGGTACACAGAATTGGGATCAATCTCATAAAGTAGGAACTGGAAAAGTTGATATTTTATTTGTTAATGATAACTCGGCTTCGATGTCGGTTATTCAATATCGTTTAGCTCAAGCTTTTACTGGTTTTATTCAACAGCTTGATGGTCGTGAAATTGATTACAAAATCGCAATGACAACAACAGATGCGACTAAACTTTCTGCTTCTCCGTTAATTACTTTTGCAAATAATTCTACATTTTTAACTAGAAGTGATTCTAACCGTGCAAATATGTTCAATGCCGCCATCGTGAGATCAGAAACTTTAGCCTGCGAAAACATGATTAAGTCTTACTACAATACTTATGGTCCTAGTTTTCAAACACTAGCTAGTTACAATACAGCTTACAATAACACTTGTGCTTCTGGTGATGAGCGTGGGATTAAAGCAGCTAACTATGTTTTAACTAATAATGTTGGTAGTTTTGTAAGAAGTGATGCTCACTTAAACATTATTGCTCTATCAAATGAAGATGTTCGCAGTGGAAATACATCATCGTTTGAAGCAGATGATCGCGCATCGGCATTAACATCATTAATTAACACTAAATTTTCTAGTAAATACTGGGAATTTAACTCGATCATCGTGAAAGATGCTGTTTGTGCGACGGCGCAAAAAGAAGCTTTTAAGACGCAAAGTGGAGTAACAATCAAAGACCAATACGGAAATTATGTTATTGGTGCAAATCCGGGAATGGAATACTGGGCTTTATCATCTTCAGCTTCGCAAGATATTGATGGTAACGCACAACCTCGCGGACAAATTATCAGTATTTGTGAGTCGAATTACTCAAACTACTTCAACAATATGGCAGCTAAAGTAGCTGATTCAGCTCGTAGATTTGATTTAAAATGTTCTCCAGCTGCAGCTCCTGTAGTTGAGGTTGCAAATAATCCGGCAGCGACTGTTCCTCACACTTGGAATGGTAGTTACATCGTATTCAACCGCGGTTCTGAAGGTATTCAAGTTCGTATTAAGTACACTTGCCCTAAAACAGGTGGCGTTCAGTAATAAACAAATTGCTGGCGTAAGTTACGTAATTAATAAAAATCAAACGAAGAGTGTCTTAACCTGAGACGCTCTTTTTATTTGAAAAAGAATCTTCGATGATTTCTCTAAAAAAATTCAAATTCACTCAGTCAACAGCCGATCATTTATCTATATGGCAATGGTAGATAGATACAAAAAATCCGGCGGTTTTATTCAATTATTACAAGTTATTGAAACTTGTGGTCCTAAAAAGCGTGAGCAGTTTATGAAAATCATAAATGAAGAAACGCCGAAGTGGGGCGAAGCGATTACAGCAAAAATGCTTAGCTTTGAAAGAATTCTTTCATGGAAGCCTGAAGGCATTATGGAAATTACAGCGCAAGTAAATCCATTAGCTTTCGGTACGGCTTTAAAATCTTTACCTCAAGAAAAATTCGATGAGTTTGCAGCGAAGCTTGGTCCTAACGAAAGACGTAAGTTCGAACAAATGTACAAAGAAGGTACGCCCGCGCCGAATGAAATTTCTGCGTGCTTGATGAAAGTAATTAACGAGACTCGCTTACTATTTGCCTCAGGAACATTGAAGTTTGATAAGATCGATCCAGAT
CP176530.1_gap20	706381	710760	4379	TTTTCAAGAAGGTGATTAAGATAATCAAGTTTTTGATCCAGAGAGGTCTTGGTATTAGTGGTGAAAAACCACGTCACAAATAAGATGTACCAGTTCCAATCCCATTTTTTACTTTGATGTGTGCCGAGTGAAATCAAATCGGCCAAGCTGACTTTTTGAGACATACTTATAGTGTAAGTAAAAACAGCGGAGGGTTCACCTTTTTTTCGCAATAAAATGGCAATTACGACTGATTTAAGTTTTGTCCTTCCGCGTTCAAAATCTTTGTTTGTCGTTTTGGCTCGATGAGAGGTGCCGGTTTAGGAATTCCATAATATAAATTTCTCACAGCGACATCATCATTGCTTGCGCCACTAGTTTCTAGAGCAAAACGCTCAGCATCTCTGCGGCGGATATCTTCAGCAATGGCTATGATGTCATCTTCAGGCACTTCCGCTGTACGTAAAGCTTCTTGTCCAAAGACGATGGCTGATTCGAAAGTTTCACGCATTTGATAATCTACACCTTCTAAAACTAATTCGCGTGCGTGAATACGATCGAAAGATCGCACTAAAATTTTGGCCTGAGGAAACTCAGCTTTAACTAATTGTAGAATTTTATTCGCTGTTTTTTTATTATCAATACAAACGGCAATAAAACAAACTTTTTCAGCGCCCGAAGCACGAAGAACATCCAGTCTCGAGCCATCACCATAATAAATTTTAAAACCGAATTTGCTGGCATTGCGAATTCTTTCAGGATTACTGTCAATAATTGTAATATCTAAATCGCGAGCCAGTAAAAGTTGGCTGACCACTTGGCCAAAGCGGCCAAAGCCGATCACTAAACCGCAGCTTGAAAGATCGCGTGCTTCTTCGACGCCATCTAATGAAGGCTCTTCCGAACATAAAAGTCTTTTCGCAATTAACGAAGCGAACGGAGTTAGAGCCATTGACAGAACAACAATCGCGGTCATGCTGGCATTAACTTCTCCGGGAATAACTTGGGCTTGCTGAGCCGCTGAATATAACACAACGGCAAACTCCCCACCTTGCGCCATTAATGAAGCGCGATCGACGGCTTCACGGTGAGAAGATCCCATAAATCTGGCGACGGCATAAATGCAAATGGCTTTGCCAAGCATCAGGAGAACAACGCCTGCAAGAATCGCCGGTGCATTTTGCGTTATGACTTTTATATCTAACGACATTCCTACGCCGATAAAAAACAATCCTAATAAAATTCCGCGGAAAGGTTCGATGTCGGCTTCGATTTGATGACGGAATGTTGATTCAGCTAAAAGAACTCCGGCCAAAAAAGCACCAAGGGCCATGGATAAGCCGCTCACTTGCATAAGTAAAGCCGTACCCAAAACCACAAATAAAGCAGCTGCTGTTAAAACTTCGCGCGCTCGTGAGCTTGCCAGAATATGAAAGAACGGGTTTAGAAGCCAACGGCCTGCTGCAATGACTAGAACAACAGCCCCAAGCGCAATTCCAATTGTACTCCATTGAATACCATCAGTGCGGCCAATCGGTGAAAGAATAGCGACCAAGGCTAGAAGTGGAACGATCAACAAATCTTCAAATAGCAAAATGGAAACTGTTTTTTGGCCGTGCGGAAGGCCCACATCACCACGTTCACCCAGAAGCTGCATGACAATAGCTGTTGAAGAAAGGACAAAACCAATGGCGCTGATAAATGAAACTGTTAATGAATAACCAAAAGCCAAAGCGAGTGCTGTTAATGCGATGGAACAGGTAGCAATTTGCAATGAACCCAGACCAAAAATCTGCCCGCGTAAACTCCATAAATGGGAAGGGCGCATTTCAAGGCCGATCACAAATAAGAACATCACGACACCTAACTCAGCAACATGAAGAATAGATTGCGGATCTGAAAATAAACCAAATCCAAAAGGTCCAATCACTAAACCGGCAAAAAGATATCCAAGGACTGAGCCGAGTCCAAGTTTGCGAAAAAGTGGAACGGCAACAACCGCCGCGCCCAGTAATGTAACAACGTGAATTAGATCATTCGAATTTTGTTCAATAGCCATTTTTAAATGTTGAACTACTTTTAGGTCGTAAGCACGGAAAAATGAAACTATCAAAAAAAATGCAATATTTTGCAGAGCAAATAGCAAATTCATTTGGAACTTAAATTGCTATCTCTATGCGGAGTGACGCATTTGAAAGTTAAAAATTGTCTAAAGCCCCATTTGGGGTGTTAGGCGCCATGCGTGGGTGTTTTGGGACAAAAGTATCCGTAATTATCCAGGGAGGATTCCTTTGAAGATTCAACATATGAGAACCAATTATGGGCCGAGTGTGTTTCATTCGCGCCCAACAATCGTAATGACTTTGGATCTTGAAAGATGGAGCGAAGTGGCGAGCACTTCAGTGCCATACTTTGCCCAAAAATTAGTTAATGTATTTCCTGGCTTGGCAGAGCACACATGTTCTAAAGGTTATGATGGGGGATTTGTTCAACGTTTACAAAGTGGCACATATCTGGCTCACATCATTGAGCATATGGCTTTGGAGCTAAGTACTCTAAGCGGTATTGGCGTGACTTACGGAAAGACAAGATACGCTGGGCGCAGTGGAAGCTATGAGGTTATTACGAGATTTAAAAACGAATGTGGAATGCAGGAGTGTCTTCGTTCGGCTGTTCAGATAGCGCTTAATTTATTAGAAAAAAAAGAAATTGTACTGAGCGAGTATATTGAGCGCATTCGTAATGAAACAAGTCGCACAGCTCTAGGAACAACTTCAGCGGCTTTGCTCGACGCTGTTCGTACAAGAAACATTCCTTATCGCTTTATCGGCGATGGTTCATTGTTACAAATTGGTTATGGCTGTAAAAGCAAAAGACTTCAAACTGCAGTCACTGAAAAAACCAATTTGATTTCGGCAGACTTAGCCCAAGATAAGGATTTAACCAAAAAAATTCTAGAGCAAAATTTTTTGCCGGTGCCATTAGGATTTATAGCGACTAAAGAAGAAGAAATTGTAGCTAACTTGCATGATTTAACTCCGCCTTATGTCGTGAAGCCTTTAGATGGAAACCATGGCCGTGGTGTTTGTTTAAATTTAAATTCTCTGGAAGAAGTGGTAGAGGCTTTTCATTTTGCACAGGGCATGTCAGAAGCCGTTATTGTTGAAGAGATGTGTGCAGGCAGTGATTACCGAATTTTGGTTTTAGATGGTAAATTGATTGCTGCGGCCGAAAGAAAACCACCTTCAGTTATTGGAGACGGCGAAAAAACATTAAGCCAATTAATTGATATTCTTAATAGCAATCCAGCACGTGGTTCAGGACACGATAATATTTTATCAAAAATCGAAGTGGATCATATTATTGAAAATCATTTAAAAAAATTAAATATTTCATTGAGTGATGTGATTGAAAAAGGCCGTGTCGTAAAACTTCGCGAAAATGCGAACCTTTCAAGCGGAGGCACGGCCAGTGATGTGACGGATATGGTGCATCCCGAAGTTGTGGCCTTGTGTGAAAGAGCTGCGCGAATTGTTGGTCTTGATATCTGCGGTATAGATTTGATTCACAAAGATATCACGTTACCCGCAAGTGCGGGTGCAAAAATTATTGAAGTTAATGCAGGACCAGGCATTCGCATGCATATTGCCCCTTCGGAAGGAAAAGGCCGTCCAGTTGCAGAAATGATTCTAGAAAAAGTTATGCCGTCTCCTGAAACTGGGCGTATCCCTATCGTTACCGTGACGGGAACAAATGGTAAGACGACAACAGTTCGCTTAATTCACAAAATTATTTCACTTAACCGTAAAAACGTAGGACTCACAACAACTGACGGTATCTGGATCGGAAAAGAAAAAATTTATAAAGGTGACACCACTGGGCCAAGATCAGCACAGGCTGTGCTAGCTGATCCTTCAGTTGAATTTGCTGTTTTAGAAGTTGCCCGTGGCGGAATTTTACGAAGTGGGTTGGGCTATGATTGGTCTGATGTCGCTGTCGTGACTAATATCAGTGAAGATCATATTGGCCAAGATGGCATCGAAGATATGGATGACTTAGTTTGGATTAAATCTTTGACCGCAGAACGAGTAAGAATCGGAGGAACACTTGTTTTAAATGCCGACGATGAAAGAGTGTTAGCGATCAGAGAGCGCCCTCGGGTTGTTGAACAAATGCTGAATATCTTTTTATTCGCTATGGAAAAAAACAACGCTCATTTTATTTCGCACATTGAAAAAGGTGGACGTGGTTGCTGTATCGAAAATGATTGGCTTGTTTATTACGATGGATTGCGCACGCAACATATTCTGAGGTTAAAAGAAATTCCCGTAACTCTTGGCGGAAAAGCACTATTTAATGTAGCTAATGTTCTGGCGGCTGCAGCTGCCTGTATTTCGTCA
CP176530.1_gap21	830081	831295	1214	TTTTCTTTGTAGTGTAATAAATGAAACGAGTATTAATCATCTTTGGTATTTTGATCGGATTGATTCTTATTCTATCATTTATCGGACTTACGACATTTTCATATCTAATGATAGATGAAATGGCTAATAATAAAACGAAATCAATAGTTAAAGAAAAAAATAGGCCAAATGTTCAAGCGACAATTAAGAATAATGTAGTGTCGCAGACATTGGTTGTATCATCGTCGCTTATCGTTGATGAACCGCAAAAAACTGACGAAATTTCTGAGGACGAGCCGCCTAGTATCGAGCAATTTCTTTCGATAAATGCCTTTCAGGAAGAAATACAAAATATAGAAATGCCGGAACTGTGTAGTATAATTTGTGAACCAAGCAGGTTTAAAAATACCATCGGAAAAAAAGAGCCAATTTACGATATTATAAATCATTACAACGAAGAAGGCGTGAGGGCTATGAGTGATCCTAAGTTTAGGATTGCCTACCATAGAGCTTCAATCGTTGGGAAAATCTTTACTCCCAAAATTTTGGAGCTGGTGAAAGAAATCGAAGAATTAGATAATGATAATAAGAAGAGTGAGACTGAGAAAATCTGGCTCGCCTCCAGAATAGTGCCTACTATAATACTCGAACTTCGTTTGATTGAGAAAAACTTTAAAAACGCTGAAAAAGAATTTAAGTATTTCAAAAAAATCGAGGAATTAGAAAAGTCCTGCGAAAAACGAAGTGCAGAACTTGTCGTAAATGAATGTCAGAAATTAAGTGTTAATTAGTCTTAAACTACGCTATTGATATTTTAATTCTGTAAAATTTGTTTCAGATCTTGCGGGATTTCTAAAGGTTGAAAAATCCCAATATTAGATAATCCCGTATTGCCTTTCGGCGCTCTTTTAAACCACGAACCAGGAGCAGCTAAAATCAGACGGGGAATTTGTCCTAAGATTTCAGTCATGTTGTGCGTTTTTAAACCTAAGCGCAGCATTAAAATATGCGTGAAGACATGCGGGCCTGCAAAGTACTGGCTTAAGATGTGCGCTCTGGCTAAATGCTTCCACGCTGATTCAAAATCGCGAGCGTTTTCGGCTAAGCGGGCTAAAGATAATTCTAAATTAAAATGTTCACGAAGTGTTGGTGACATCATTAAAATAACACTGAATCTGGTAAACCCATGCGGGCTGCGATCAAACGCACGATTTCACTGGCTGTTTCTTCTAATG
CP176530.1_gap22	833428	837618	4190	TTGTAATTGAGTCGTTAAACTTAGTTGCGGCCCACTTGAATCAATCATATCGATGAGTTCATCACCTTCAAGTTTTTCCACGAAATCCTGGACGTCTTTAAAGGTTTTATAAACACTGGCGAATCTAACGTAAGCTACGTCATCCAGTTGTTTTAACTCAGCCATAACTCGGCGACCGATCACGCGTGCAGAAATTTCACCTTCACCGCGAGTAATAACCCAAGAGGCAATTCTCTCTACAATGGCATCTAAAGCCGCTGTTGAAACTGGGCGTTTATTACAAGCGTAAGATAAACCACGTAATAATTTTTCTTTGCTGAAAGGTTCACGGCGTCCGTCTTTTTTGATCACAAACGGGTAACTTAAAACCACGGTCTCTAAAGTTGAGTATCTAGATTTACACGATAAACATTCGCGACGGCGGCGGATGCCTCCATCTTTCTGTACGCGTGTATCTAAAACTTTGTCTTCGGAATGTCCGCAAAAAGGGCATTTCATGGTAATAAGTCCTTACTGGTTTGTAACCTAGGTGACGGGGGGAATTGGGTCAATAAGGCTGAAGAACTAGACTCGATTTTTGCACGGCGTTAACGGGTAATTTGTGGTCAAATACTGGGCGCAATTTTATGCTCAAAGATATGAAATTGTTTAACATAATTCTTATTGGGTTTAGCATCGTGAGTTCAACAACTTTTGCAGCGGGCGCTCCCTTAGTAGGCAGAAAAGCCGCCGCGAAATATTTTCAGGCTAAGGGTGATTCGAGTTATGAAGCCGCAGAACCTCCGCGTTACCCATCTTCAATTGAATCGTTATCATCAGAAGATCATTACATGGCTTTAGGTATTTCAACTTACACTTCTTCTAAAGCTTACAAGTGGGGAACAAACAACGAACAGGATGTGGCTAAAACTGGCGTTGATATGACGTATCGTCTGACCCAAGACTATGAATTATTCGATGAAGTGATTCGTGTGAGCTATAACACGTACCGCCCGGCAGGACAAAAAGCTTCAAAAATGAGTTTTATGTACGGGATCACTTTTCCGGATGCGACCTCTAAATTTCCTCTGTATTTCGGTTTGGCTGCAGGGCCTGGAATTTTTTTCAATCAGTTAGACGGTGAATCAACGATTGCGCTGGATTATCAGATGTTTTTAGGTCTTCGCCTGTTTAATTTATTCGAGAGCACTGGTTTTTTTGTTGAAGGTGGTATAAAAAACCATCTGCATTTAACAAGCGATGGCCAGCTTAACGGAACTTACGTTTCAGCCGGCGCGATATTTACGTTCTAGCAGGAAGCTCCTGCAAAGGAGCTTCTCATGAGATTGCATTTTCATCTTTTAAAGAAAGTCGCTGAAGCTTTACACGATATTTTTGAAAACAAAAAATACGCGGATAAAGTGATCGAAAAATTATTCAAAGGGAACAAAAAATTAGGTTCCCGCGACCGTCGTTTTATTGCTGAAACAATTTATGAAATCGTTCGTTACCACAGATTCTATCAAACTGTGGCTGAATCAAAAGAGTCGTATAATTTATTATGCGCTCACCTAGTGAAAAACGGTTTAGACACTGAAGAATTTCAAGACGAATATCCGATTGATATCGACCTGATTAAAGCTAACCTTAAGAAAAAATATCCATTAGTGGTGACGGAGTCATTTCCTGATTGGATGAATGAAATGGGCGAAAAAGAATTCGGTGCTGATGAGTGGAAGCAAATCATGCACGCCTTAAATCGCCCGGCCGATGTGTACCTTCGTACAAACACTTTACGTATTGAGCGTGAAGCATTGATGAAAGAATTAGAAAAAGAAGAAATCATCACTGAAAAAGTAGACGGCTTGCCTGAGTGTTTACGTTTAATTGAACGTAAAAATGTTTTTACGACGCAATCGTTTAAAAATGGTTACTTCGAAGTTCAAGATGCCGCTTCGCAATTTATTGCGCCGTTATTAGATTTAAAACCAGGTCTTCGCGTGGTGGATGCTTGTGCGGGCGCTGGTGGTAAATCGCTGCATATGGCGTCGTTAATGAAGAACAAAGGTAAGATCATTGCGATGGATATTCACGAGTGGAAATTAGGCGAATTAAAAAAACGCGCCGCTCGTAATAAAGTAGATATCGTTGAAACTAAAGTGATCGAAGGCAGCAAAACGACGAAACGTTTGGAAGCTTCATTTGATCGGGTTTTGTTGGATGTGCCTTGTACGGGCTGGGGAGTTATCCGTCGTAATCCAGATACAAAATGGAAATTAAACCCAGATGAAATTGACCGTCTTTTAACATTACAGCGCGAGATCATCACAGACTATTCGAAGATGTGTAAAGTTGGTGGACTTATGGTTTATGCAACTTGCAGCATTTTAAATCAGGAAAACGAAAATCAAGTAAAATGGTTTTTAGCGTCTCCTGAGGGGCAAAAATGGAGCTTTAAAAAAGAAATTCGTTTATGGCCACATAAAGACAACTTCGATGGCTTCTACGCTGCTCTTTTAGAGAAGAAATCGTAAATTTGAGAAACGCGTTATCAGTCAGTAAATTCTTTGAATATTAGTGCAAATGTTCTAACCTTATCTTTTACTCAAAAAAAGGTAGGGTTAACTTGGTATCAGCTAATAATCTCATTGCCGGAAAATGGACTGTGGGTTCACAAGGTGAACGTTCAGTTGTTTCTCCTTACGACGGCAAACAAATCGGAACATATTCAGTTCCGTCATTAGAACAAATCAATACAGCGATTCAATCGGCTTCAGAAGCGCAAAAAGCGTGGGGCCGTTTACCGATCAAAGAGCGTAGCAAAGTTTTATTTAACTTTCGCAATATCTTACTTCGCGATATCGATAAAATTTCAAAAATCAAAGGTGCTGAGTGCGGTAAAGTTTTTGATGAAGCTAAAGCGGGCCTTATGAAAGGCGTTGAGGTTTTAGAATACGCTCTTTCAATTCAAAATTTAGATACGGGTGGAAAAACTGAAGTATCACGTGGTGTTTCTTGTGAATATCGTCGTGAAGCTTTAGGTGTGGTGGCTAACATCACGCCATTCAATTTCCCAGCGATGGTTCCGATGTGGACAATTCCTATTGCGATTGCTTTAGGTAACTCTTACGTTTGGAAACCTTCTGACAAAACGCCGTTAACTTCTTTCTTTATCGCTGAAGCGCTTAAAGAAGCAGGATTACCAGATGGCGTATTCACAGTTCTTCATGGTGGCCATGAAACAGTAAATGCGATCATTGATCACCCAGCGGTTAAAGCGATTGGTTTTGTAGGTAGCACTAAAATTGCAAAACTAGTTTACCAACGTGGAACTCAATTAGGAAAACGTGTTCTGGCTTTAGGTGGAGCGAAAAATCATATCGTTTTACTTCCGGATGCAAATCTTGAAATCAGCGGTGTAGGTATTTCTGATTCTTTCACAGGCTGTGCGGGTCAACGTTGTATGGCGGCTTCTGTGTTATTAGCTGTTGGTGATACGAATGGTCACATCGATCAAATCGTAAAACGCGCTTCTTCATTAGAGCTTGGCAAACAAATGGGTGCCATCATCACTAAAGAACAAGTTCAATTTTTAAATAATGCCATTGCTGCAGCTGAAAAAGCCGGTGCGAAAGTTATTCTTGATGGCCGTAAAGCCAAAGCGCCTCCGGGTATGGAAGGTGGCAACTGGATTGGCCCAACAATCTTAGATAACGTTCAGCCAAATTCTGAAGCTTCAAAAGTAGAATTATTCGGACCCGTGTTATCAATCATTCGTTGTAAAGATATTTCACAAGCCATGAGCATTGCGAACAGCAGTGAATATGGAAACGCGTGTTCAGTGTTTACTTCAAACGGCGGTTTAGCTGAGCGTGTAGCGCGTGAAGCTCATGCGGGTATGGTTGGAGTTAACGTGGGGGTTCCGGTTCCGCGTGAGCCGTTCTCTTTCGGTGGAACAATGGAATCAAAATTTGGTCACGGTGATATCACTGGCGAACAAAGTTTAAATTTTTGGTCGAATTATAAAAAAGTAACAGTTAAGTGGGAAATGCAAAGCGACTCTAACTGGATGTCGTAGGAAAGAAGCAGAGTATGGCAGAAACAAAAAAATCAAATCATATTATTTTAGCGTCGCACACGAATCTTAAATTCAAAGAAACACTTCCTGTAAACTGGGGTGCAAAAACAGCTACGGAGCGCGGACCTGTTGT
CP176530.1_gap23	838636	839863	1227	ATTCCTGCGGATGCGCAAGTTGAAATCGAAGCTAAAAAAGCGGCTGGATACTTTTCAGCTGATGGTGCGAAAGACGTTGAAGGTCTTAAAAAAGTAAAAGGACGCGACATTGAGTAAGCAAGTAACGTTATCAAATAACGAAATTAATTATATTCTATCACCGCAAGCCATTCGTGATTCATCGAAAAAAGTTTTCGACATGACTGTGGCAGGCGATGGTTACTTTACATTTAACGCTGATAAAATGCAGCCCACTGTTAATTACGTGTTAGACGTGATCAGAAAGAACTATCCGGATTTAAAAATTCCGTTTCATTCGCGTTGGGGGCACTTTCGTGTTGGTGGTGTTGACCGTTCTAAGCAGTTTGAAACAACGACTGATAAATTAGAATTAGCACGTATTAAATTAGACCTAGTGATCACATCAGTACTACTTGATGCTGGCGCGGGTGCTACCTGGAAATATTTTGAAGAAAGTTCTGGCAAACACTTTAACCGCTCTGAAGGTTTAGGTGTGGCTTCACTTTACATGTTTAAATCAGGTGTGATGTCGTCTGATAAAAAATCATGGAAAGCTGATGCCGCTGGCCTTCAAGCCGTAACAGCCGCTGATTTAGAAAAACACTTTCAAGTCACAGCTGAAAATCCTTTAGTGGGTGTGCAAGGGCGTGTGCAGTTATTAAATAACTTAGGCCGTGCGTGCGGACGTAATCCTGTCTTTAAAAAAGGAAATCGCCCAGGTAATATCATCGATCATTTAATTGAAAAGCATGGAAACAAAATTCCGGCGACTGCGGTATTGCGTGCGGTGCTTGATGGTCTTGGCGAAATTTGGCCAGGTCGTATTTCAGCAGGGGATGTAAACCTTGGTGATGTCTGGCAGCACTCAAAATTAAATTTAGTTCCTATTCATAAACTTTCTCAATGGATGACGTATTCATTGTTAGAACCAATTATGGAAGCAGGTTTTGAAGTTGACGGTGTTGAAGGTTTAACAGGCCTTGCTGAATACCGTAACGGTGGTTTACTGATCGATTCAGGTTTATTAACTATGAAAGATCAAGCGAACATGGCTAAAGCGTGGACTCCGGATTCAGATTTAATTATCGAATGGAGATCGTTAACGGTTTATCTTTTAGATCAAATCGGCGCCGAGATTCAAAAATCATTAAATAAATCACCCCAAGATTTTCCTCTAGCTAAAATTCTAGAAGGCGGAACTTGGTG
CP176530.1_gap24	853564	854156	592	AGTCTTTGTTATTTTTGAATTTACTGTAGGTATTGTTACAGGTTCAGTTTCGTTAGTGGCTGATGCGGTTCACAATTTTTCAGACGTTGTGACGCTATTTTTATCTTGGGTGGGTTTTCGCTTAAATCAGTCAAAGCCATCAGGCCAATACACTTACGGCTTTAAAAAAATGTCATTAGTGATTACGTTTTTTAACTCGATCACTTTGATCTTAAGCTTATTTTATATTTTATATGAGGCTTATCAACGTTTTGTGGCCCCACAAGCCGTGCCTGAAGATAAAATCATTCTGGTTGCGGGTCTGGGTATTGCTGTGAATTTCTTTTCAGCTTTCTTATTCAGAAAAAACCAAAGCGATGTGAACGTAAAAGGCGCTTACCTTCATTTGATGATGGATGCCTTTATTTCATTAGGCGTTGTTATTGCCGGCGTGGGTATTAAATTTACCGGCTGGACAATCATCGATCCGATTGCAGCTTGTTTAATCGTAGTCTTTATTGCTAAAGGTGCTATTTCGTTGTTACGCGAATCTTTTGTGTTGTTAGTGGGTGGTGTTCCTTTAGCAATTGATTCACAAAAGGTGCGCAAAGAG
CP176530.1_gap25	859896	860429	533	CGATCAACTTGTGTTAAATCCTAATGGAAATGTCGGGATTGGAACAAGTAGTCCGGTTGCTAAACTTCAAGTAGCTATTCCTGATAATAACGCAGTTTATTTTGGTCAAAACGATGGAGTTAATAGTAACTTTAGATTTTTGAACAAATACACAGACGGATACAATTTTATTCAAGTCGGTGTAAGTTCGACAGATACTACAGCTAAATTAAAATTCAGTCGTATGGGGAGTAGTTCAAACTTAGCTGATATTAGATTCTTATCTGACTACGCTTCTTTTAACGGAAACCTTGGTGTTGGTACAACGTCAGCCACACACAGATTACATCTTAATACGGGCAATCAATCGATGAAGTTTGATGGTTTTTCTGCTGGAAATTCGTTTACTTCACAGTTAAGTGGATCAGATTTTGGTTCATTCATCGAAGGACCGGACAACGGACAATTTGTCGTAGCGTTAAGAGATAACGATGTTAACGATGGATTTCGTATTCTGTCGGGTGGTGGCAATTACATGGCTGATTCTGTTTACG
CP176530.1_gap26	940947	943892	2945	ATCACAGATCAAAAGTGCGATCACCAACATTGGCAGTATGAAATCAATTAAGCTGACTGATGCGCAAGTTAAATCAATCAGCGATTATCTAAATAACTTAGATTAAGAAAGGGGGATATATGGTTAAATTAAAAAATAGCACAAAAAAAATTGTCCCTCTGTTAGGATTGATGGGCTTACTTCTATTTCAATTTCAAAACTGCGCAAAAAAAGAATTCGCCTTTGAAGATTCTCTGGTTACAGAAACTATGGACTATTTCGAATATCGCTATGAAAAAGCGACTCCGATCTATTTCGAAGTTCAGGTGTTGCCATCAACTTCAGATGCGACTTATCAGTCTTACGATATTTTAGGTTTTGCCACACCGTCAGATGGTTCAGAAGTAGCTATCGACTGGAAAATCAATCTGTATGATACGAGTGGTGCTGCCATTGGCGTTCAAAAAACAGGACAGCTTGCGGCCGGTGACACACGCATCAGTGAAACTTACACAACTTATAAAACAAAAAAAATAGGATCAGCAGTGATTCAAGTGAAAAAAGCAACAGAGGTAAACTATTATGAATACAAAAAAATATACAACTATTAAACTAAGCGTATTAACAACAGCCGTTGTCCTTGCCTTTACAATGAAAGCGCACGCGGGCCAAGTTGAAGCGTCGGTGGTCGTAAATCCTGTAGGTGATTTCACCGCAGAATTTAAAGATATCGATGGTTTTGCTTATGCTGACGGTGATGGTTTTAAAGCCGATGCTTTTACTATTCCATGGTCAAAAGTTGATACCGGCATGAGCGTTCGTAACAAACATACGAAAGAGTACTTTCACGCTGATAAACACCCCAATATCGAAATCATGCAAGCTATCGGTAAAGGTGGCAAAGGTGTCGCTAAAGTTAAAATGAACGGTGAAGAGCAAATCGTTAAGGGAACCTACACAAAAGATGGCAATAACATCGTGGCAGAATTTCCTGTGATTTTAAGTAAGTTTAAAGTAACGAATATTAATTTTAAGGGCGCTGGCGTACAAGACGAAGTCAAAGTTAAAGTGACTGTGCCTATCAAAGCTAAAAAGTAATCCCATTTTGAGACAGTGTCGGGCCGAGGGTGTAAAATGGCCTGACACATGTATGCATAACGCTTACACCCGTATCAAGTCGCCACAATCAGACACGAATAAACAAATTTAAGACGGCACAAGTTTCGCTTTATATCTTCTCTGGGTGGGGGAAATGATATGAAGCACATTTTATTTCTGAGTTTAATTATTGCGGCGCTTGTCGCCAATGCTCAAGAGTTCCAAGTTAATGTTGTCGAAGCAGATCCTAATCTAGAAATTAAAATCCAAGGCGCTGAAACAGAAGCACAAGCTGTTCAAGACTGTGTGGGTTGTAATGCGAACCCCTCACTGGCTCCACAACCGGTGGCGACGATTGCTGAAACCGGAGCTCACTTAGATAGAATGAGTTCTTCAGAGGGCTGGCAGAACGCTTGTACTGAGTTTGTGCAAGATGGTCAGATTGGCCAGTACGGCGAAAAAATTGTGAACGAAGTCATGAAAAGCCAAAACGTAAATATCAAAAAAGGTGATACCGATCTAGTTTCACTTTGTCCAAATTATCCAGTGATGGATGAGGGCAGTAAGGCGAACGTTTTTTTAATTATTTTAACTTCAATGGCCTTTGAAGAAAGTACCTGTAACAACAATGAAACTGCGCGTGGCCCTAACGGAACAGCCAGAGGATTCTTTCAGTTACACTCAGGCAAAGAAGGTTCTTACGGTCCAGAGTGCAGAAACTATGATAGCCGTACCCCTGAAGGAAGTATCACTTGTGCGGTGAGCATCATTAATAAAGAAATGGGCGCAGGTAATTTATTCGATCAAGGCAGTCACTGGGATGTGTTGCGCCCTATGCGCTGGGATAGAAAAAGAAAAAAATACTTTCCAAATCCTTCTTATGCACAAATCAGAAGTGCAATTACTGAGTTTCCAGCTTGTTATGAAAAACAAAGTACAGCCCAGAATGCGAATACGAATGTACACAAGCAATTATTCCAAGTGATGGATAAAAAGATTTTTCACAAATCTGAAGTTGTAGAATTTGACTTATAAGGCCTTACGAAAATACTTTTGTTGCAAGAAGGCGCACAGTGATGCGCCTGAAAGCACGATACACCACACCACTAATAACCAAAGCATAAAAATTGGAAACGACGCTAACGAACCGTAGATTTTATTTTGTCTAAAAACTTTTAAAGAAATCCATAAAAACGAACTTTGCACTAACGAAATTCCGAAAGCGGCAAGACAGGCGCAAATGAGGCTGGCGCGTTTTGAAACTTTCGTATCGGGAATAACTGCGTATAAAATCCATAACGCAAAGCCGATCACTAAACCGAATAAGAATTGCTGGTGAATGGTGTTGCCTAATTTTTCAATGATCTTGACCGAGCGTAGACCGATAAATCCCGCAAGGAGTGCAGGTAAGCTGATCAGTACAATTGAGTGAAGCCACATGCGTTGGATAAATGGTTTGCGTGGCTTAATGCGCCACAAGTGATGAAAAGCCGTGTCGATATTTCTAAATAAGCCAACGGTTGTAAAAATAAGAAAAATAACCCCTGTGTAACCTAAGGTTTTAGATTGGATTTTTGTTACCGAAGTTTTTAGGTATTGTGTGACGGTATTACCGGTCGCTTCTTTTAAATACGACATAAGTAAACCTTCAACTTGCGGGTAAATTTTTTCTAATTCACCGACAGATTGGAAGACCGCTAAGATAACCACTAAGAAGGGAATCACTGCAAATAGGGTCGAGTAAGAAAGGCTGGCTGCTGCAAAACGAATTTCAGCAAACTCGTCTGTCAGCTTTCGCAAGAAAGTTTTGATATTGCTAAGAATTGATTTTATTCCAGCCAGAAACGTTCCTTTACTTTAAAGTCGGC
CP176530.1_gap27	974114	976732	2618	TTTCTGGAAACCAGGCGCTGGTATCATTCACCAAGTAATCTTAGAAAACTACGCTTTCCCAGGTGGTTTAATGATCGGTACAGATTCTCACACGCCAAATGCGGGCGGTTTAGGTATGTGTGCTGTAGGTGTTGGTGGATCTGACGCTTCAGACGTCATGGTTGGTTTACCTTGGGAAGTTAAAAACCCTAAATTAATCGGCGTTCACTTAAAAGGTAAAATGAACGGTTGGACATCTGCCAAAGACGTGATCTTAAAACTTTGCGGAATGTTAACTGTAAAGGGTGGAACAGATAAAATCGTTGAATACTTCGGTGAAGGCGCTGACGCGATTTCTTGTACTGGTAAAGCGACAATCACAAACATGGGTGCTGAATTAGGTGCGACATGTTCTGTATTCCCTTACGATGCAAAAATGTCTGGTTACTTAAAAGCAACAGGCCGTGCTGAATTAGCTGCGATCGCTGATCAAAATAAAGATATCTTACGCGCTGACGATGACGTTGTAGCTAATCCTAAAAAATACTTCGATGAAGTTTACGAAATCGATTTATCATCTTTAGAGCCGCATTTAGTTGGTCCTCATACTCCAGACTTAGCTCGTCCGATTTCTAAAATCGCTGAAGAAGCTAAAGCTAACGGTTGGACTTTAAAATTATCTTCTGCACTTATCGGTTCTTGCACGAACTCTTCTTATGAAGATATCGGCCGTTCAGCGATGTTAGCTGAACAAGCTATGAAAATCGGTGTTAAGATGGCTCAACCATTCTTAGTGTCTCCGGGTTCAACACAAATCCAAAACACAATCACTCGCGATGGCCAAATGAAAACATTTGAAGCTGTTGGTGCGACAGTGTTAGCAAATGCGTGCGGTCCTTGTATCGGTCAATGGAAACGTGACGACGTTAAAGCGGGTGAGAAAAATACAATCATCACTTCTTTCAACCGTAACTTCCGTGGTCGTAATGATGCCAACATGGAAACATTAGCGTTTATCGGTTCTCCTGAAATCGTTATGGCGTTAGGTTTAGCGGGTCGTTTAGATTTCAACCCAATGACTGACGAACTAGTTGGTCCAAACGGTAAAGTGAAATTAACTCCTCCTTCAGCTCCAGAACTTCCTGAAAAAGGTTTCGTACCAGATACAGTGGGTTACCAAAAACCTGAAGGCGCTACTGCAAAAGTAACTATCGCTGATAACTCTCCACGTTTACAATTCTTACAACCATTCACAAAATGGGACGGTAAAGATTTTGTTGATCAATTATTATTAGCAAAAGCTAAAGGTAAATGTACAACAGATCATATCAGCCCGGGTGGTAAATGGTTAAACTTCCGTGGTCACTTAGATAAAATCTCTGACAACATGTTATTAGGTGCAGATAATGCGTTTTTACCTGGTGTTATCGGTAAAGGTAACAATCAGTTAGATGGTTCTCAAAAAGAATTCGCAGCAGTTGCGCGTGATTACCAAGCTCATAACAAAGGTTGGATGATCATCGGCGATGAAAACTACGGTGAGGGTTCTTCTCGTGAGCACGCAGCGATGTCTCCACGTTACTTAGGCTGTACAGCAGTTATCACTAAATCTTTTGCTCGTATCCACGAAACAAACCTTAAAAAACAAGGTGTTCTTGCTGCGACTTTCGTAAATCCAGCGGACTACGATAAAATTCAAGAAAAAGATTTATTAACTATCCGTGGCTTAAACGATTTAGCTCCAGGTAAAGACTTAGTTCTTGAAGCTAAACACGCTGATGGTTCAGTTGATAAAATTGCTATCAAGCACACTTACAACGCTGAGCAGTTAAAATGGTTTAAAGCAGGTTCTGCCTTGAATCTAATCCGTTCTGGCGGCAAAGTTTAATTAAGAGCTTTCTTAAATATTAAACTCGTAAAGGGCTCTCTAACCGAGAGCCCTTTTTTTATGGTCTGAGCCATTGTTTACAAGGATGTATGTCAAAGTTAAATTCTCAACTTATTCAACGCTTTCACGACATCATTAAAAGATCTTCTGAAGTTATTTTAGATAAAGAAAATCAAATAACGAATACCGTTGTATGCATGATTGCGCGCGGGCATTTGTTAATTGAAGACGAACCAGGCGTTGGTAAAACGACCTTAGCTCAAACCATTGCTAAGCTTACAGGTTTACAACAAAGCCGTATTCAATTTACCAATGATTTGTTGCCAGCTGACATTATCGGTCACATGGTTTTTAACCAAGATAAACACGAGTTTTATTTTAAAGAAGGCCCATTGTTTTCTGAATTAGTTCTGGCCGATGAATTAAACCGTGCTAATCCAAAAACGCAAAGTGCCTTACTTCAGGCGATGGAAGAAAGTTCAGTCACTGTTGATCGCAAGACTTATAGTTTGGCTGAGAATTTTTTCTTGATCGCCACACAAAATCCAAAAATGCAAATCGGTACTTACGCTTTACCTGAAAGCCAGGTCGATCGTTTTTTAATGTCGATTCATTTAGATTACATTTCTAAAGAGTCTGAAGTGAAACTTCTGTTAGGCGATAACCCGCGTAAGTTGATTGATGGGTTAAAGCCGATTATCGGTAAAAATGATTTGTTAGCAGCTTACAAAGAATCGCAAAGTGTTCATTT
CP176530.1_gap28	1006524	1010465	3941	TTTATCTTTCCACAGAACTAACTTTTTAAAGACGGGATCTTTACTGTCGATTACGCCATCTTTATTTAAGTCGTGCACAGCTAATTTTTGAAAGCCGTTTTTATATTCGCCAGATTCACCAAAAAGCTCATCGTTAGATGTCACTTTTCCTTGTTTATTTGGCAAAGCTACAAAATAGCCGGCGTGATTTTTTTCTGGCCAGTAAGTTCTTTGGCTTGCGCCCATATTAAACTCAACAACGTTGTTGAATTTTGGAATTTTTTTATCTAAGAAAACCATTAAAGGTGAATGATATCCGCCGCAATAACCTTCTTGCCCTGGAAAACCAGTTTCGACATCAAAAGTTTTACCATCTGACGATTGGCTTACGTTGATTGCGCTTGAAGAAAGTTGTCCAGTGTAAGCATAGTAAGAGCAGCTTGTGTTAAAACAATGCTGACCATGATTATTTGCAGGCCCTGCTTCTTGGTCAAATGTAATACCGCGCACCTGAAAGCGTTGTTGTGCGACGCTAATTTGTGCGGTGACAGGGTCAACTGTGTTCGTCACTGCACTTGGTATATTAATAGTTACTGTGTTGCCAGAGTAGGCTGCGCGCGACCCAGGAGGTAGTGAAAAACCTGATAAAGCATTTGTAGCTTGAGCAGCTGCGGCATCTTTACTTAGAACAGCTGATGCCGGAAAGCGAACAGTAAAATCTTGTTCGGCTCCATTATCAATAAGAACTTTACCCTTCATAATCACAGTACTATTAGGAGCAATAGGATTTGCGACACCACGTAAGTTAGTTCCAAAGCATGAAGCTCTGAAACGAATCGTGTAGTTATTTGTGGTTGTTCTTTGGGTAGCTCCAGCTACAGACATATCTGCAAGTGGATTTACAGCACCTTCGCCGCTATTAACAGTAAGGTCACTACCTAAAGCTGATTGGGTTAACCCTAGACCTAAAGCTAGCGATAATATATTGAGCTTACGTGATAACATATTTCCCCCCAGTTATCTCACATACTTAAGTATAGCTTTGTTTTCGGCAATCCTTACAAAAAAGTTAACAATGAATCATCTTGAGACATTCAGAAAAATTGTTTGTGCTCTAACTCAAATATAAGACCTTGGTCCGATCATTGTTTTATTTAAATACGTCGATAAATAACCGGGATTTTATAGGATCCATCGTGCATAAAGCACGAAAGTAATACAGGTGACTAAATATGAATAAATGGTTCAACAGCAGTTTCTACTTCGCGTTCTGGATGCTTTTAGCATTATTACCAATGAAATATACATTTAATATCTCGAATCAAATGGATCATGATTCACGAAAAGTCATCGTACAAATGCAGGAACAATCATCTATGGCTCCAAGTCATGATGAAGATCTTTATTCCTATGATCAAAGTGAATCAGAATTAAACGGCATGAGTGATCAAGATGTTATGGACGCTTTAGCGTTATCTGAACAAGAGTATCAAACTTCAGGTTCGCCAAATAATCCTTATGCTTTATCTCCGGCGCAGTTAGATTTTTACGAAGCTTCGTTACGTGAAAATTCAGGTTTAGCTTCAAACTCTGCGATTGATTTTACAACGATCGCTGACGAAGTGGCTGTGAATTACGAAGACGTTGCGGCGTGTAGTGCTGGTAAAAATAAAAACCGTGGAAATATCGAAGCTGTTATCGTTAAAGCAGCTAAGCAAAGTTCCATGTTTGCTGATGCGATCTCTGAGCGTAGCCAAGAAAGTCGTGAATTACCGCGTAAGTGTGTAACTCATGTGATGAATAAATTCGGCGCAAGTCCAAAAGCTTTAGCGCGTTGCCCGGGTGGGATGAACACAGCTCCACAGCGCGGTGGTTCTAAACCCTGTATTTCTAAAAATTTAGTGAACTTAACTTATAATCACTTCGTTGATGTAGCTGAGTGTTTAAATATCGATGCAAAAGATTTATTACCAAAACTTTCTAATGAGTCAGGTTTATTAATTAATACTTTAGGTGGCGGTTTTGATGCCGGAATAGGGCAGTTAACACAACCAGCAATTGAAGAAGTGAATAAGCACTATGACCGTTATTTGGCTGAAGTTGAAAAAGCCGCGATTAAAAAACCGGCTTGTCTTCGTGTGATGCAGTATAAGCCTTATTTAAAAAAGGCAAAAGATCCATTAGCTCATCGTTGTTCGTTTATCGTTCCACCCGAAAATCCAATGAAGAATATCATGTACATGGCGATCTACAATCGTATGAATGTGGATAATTTGTTAGGAACTAAATATATCGCCGGCGAAACTTTTATTGATAACAACGGCCAAATGGTAGCTTTAACAAATACACCATCAGACCGCATCGTCGGTGGTAAATTTGGTAACAACAATATTCAGGCGAAGTTTGCACAATTAGGCATGACGGATGTGAACTTAAGTAATTTAGCTACGATGGTGGCATTTAACGGTTATAACACAGGTCCAAGTACAGCATTTAACATGTTAAATGAGTATTTAGATAAACGAATTTCTGCAAAAAGACCTTTAACTGAAAGAGATTTTGATTTTCATAACCCAAAAACAGCCACTGATATCGATGGTAAAACTAAGTCGGTAACTGAGATCGCTCGTTTATTTGTTCGTTCAGCTTTTATTAAGAAGAACGATCCAGATGCTAAAATTAAAGTTAAGCGTGCCAAGCTTTTACCTGAAAAAATCAGAAAGTCGCACTTGTTAACGTTTCCTGAGTTCTTGGTCTACAATCAAAATAATTTTGATTCATCGATTTTGAATCCAAAAAACTTAGCGCAGAAAGATCACAGTAAATTTGAACGTTTTGCTGTAATCGGGGCTCCGGGGTATTTATCGTTCTTAGCTTCAAAAGATACAGCGTTAAGAACGGCATTTGAAAACTCAGGGGCTGATAAGTATTACTGTTCAAATCCAAATTTTTTAAAAATCAGAGATTATAAAGCTAAGCCTATGGCCGCAGTAGCAGCAGCTGCTGATGACGAGCCAACCCCAGCTCCAGCCGCAAAGGCCAAAGCTCCAGCTAAGCCTGAAGCGGGCGCGCGTAAAGCGACGACGAGTAAAAAGTAATTCTTTAAATTGAGATTAAAAATAAAAAACCCACACTTCGTTTAAAAGTGTGGGTTTTGTTTTTTGTATAAATGTGTTTTGAACTAACCTTGGCGTTGGCGCTTATCAACCGCTAAAGCTGCTTCACGAATCACTTCAGACATTGTCGGGTGAGAGTGGAAAGATCTTGCTAGATCTTCACTTGAACCACCAAATTCCATAGCGACAACGATTTCACCTAACATTTCAGAAGCACCAGCACCTACGATGTGGCCACCTAAGATACGATCAGTGTTTTTATCAGCTACGATTTTAACAAAGCCTTCGGTAGCCCCACGCGCTTTAGCGCGGCCGTTAGCTGCGAATAAGAATTTACCCACATTCACTTCTAAGCCTTTAGCTTGAGCTTCTTCAGCTGTCATACCCACAGAAGCAATTTCTGGGTGCGTGTAAACAATAGAAGGAACAGTGTTGTAATTCACGTGCCCGTGACCTGTCGCGATGATTTCTGCTACAGCTACGCCTTCTTCTTCAGATTTGTGCGCTAACATTGGGCCGATGATCACATCACCGACTGCAAAGATGTTTTTAACATTAGTTTGGTAGTGGTCGTTTGTTTTAACTCTGCCACGCTCATCTTTTTCGATACCCACGGTTTCAAGACCTAAGCCATCAGTGAATGGTTTGCGTCCTGTAGAAACTAACACCACATCACCTTGGATTGTGCCTTTTTTACCGTCTGGCATTGTCTCAAAATCCAATTCAACACGGCCACCAGCTGATTTAGAGCCAGTCACTTTTGTTGACGTCATAAAAGTTACGCCCATTTTTTTCATCGAGCGAACTAAAGTGTTTACGCAATCAGTATCCATCATTGATAAAATT
CP176530.1_gap29	1063482	1065618	2136	GATTTAACTAATCCAACTGAAACGCACCAAATGTTGCGTGATACTTTAAAATCTTTTGTACAAGCTGAAGTTGAGCCACAAGCTCACGAGTTTGATAAAAAAGAACAGTTCAATTTACCGTTATTTAGAAAATTAGGTGAATTAGGTTTATTAGGAATCACAGTTCCTGAACAATACGGCGGATCAGGCTTAGACGCTTCGGCTGTTGTTTTAGTTCATGAAGAATTATCTGCTTCTGATCCAGGTTTTGCTTTAGCTTACCTTGCGCACGCTTTACTTTGCGTAAACAACTTAGCGGTTAACGGTTCTGAAGCGCAAAAACAAAAATACTTACCAAAACTTTCTTCTGGTGAATTCGTAGGTGCGATGGCCATGTCTGAACCAGATTACGGTACAGATGTTATGGGTATGCAAACGACAGCAACTAAAAAAGGCGACAAGTACGTTTTAAACGGCCGCAAAATGTGGATCACAAACGGTGCAATAGATGAAAACCGCACATCATGTGACGTAGTTTGGGTTTACGCTAAAACAGGCGAGAAAAACGGTCGTGCGCAATTATCAACATTCATCGTTGAAAAAGGCGACATGGGTTTCTACGTGGGTCAAAAAATCCACGACAAACTTGGAATGCGTGCATCTAACACGGCTGAATTAGTTTTTGAAAACTGCGAAATCCCAGCTGACCGCCTAGTAGGTCATGAAGGTGATTCAATGTTACATATGATGCGTAACCTTGAGCTTGAGCGCATCGGCTTAGCAGCAATGTCTTTAGGTATTGCTCGTCGTTCAATTGAAATTATGAATAAATACGCAAACGAGCGTAAATCTTTCGGTAAACCTTTAAGCTTCTACGGCCAAATTCAAAAGTATGTGGCTGATTCTTATGCTGAATACAAAGCAAGTTCTGCTTACGTGTATGATACAGCTCGTAAGCATGATCTTCATAAAGAAGGTAACCGTTTAGATTCAGACGGCGTGAAACTAGTAGCTACAACAATGGCTAAAAACGTTGCTGACCGTGCGATCCAAGTTCTTGGTGGTTTTGGTTATGTGGGCGAATACGTTGTTGAACGTCTATGGAGAGATTCTAAATTATTAGAAATCGGTGGCGGTACGCTAGAAGCGCACCAAAAAAATATCACACGCGATTTATCTCGTTTAGGTTTCTAATTTTAAATGAACAATCACTTTCCGTTAACGACTCCTTTAGAATACAAACCGGGGCACTCTGCTTCGGTTGAAACCATCATGGAAAAAATTTGGCCACTGCTTACTCCAGAGCGCCAAAGAAAAATTGAAAACGTAGCGGCTAAACGCTGCTTTTCAATTCCGGTGGTTTTAGAAAGTATTTATGACCGCGGAAATATTTCTGCGGTGATGCGTACAGCGGAAGGTTTAGGTTTTGCTAACTTTCACATTATCGAAACCCAAGAAAAATTTAAAAATTCTCAGCGAGTCACTCAAGGTGCTGATAAGTGGGTAGAAACTAAAAAGTGGAAATCAACTTCTGAAGCGGTTAAATATTTTAAAGATAATAAAATTCGTATCTGTGTGACTTCATTAGAAGCGGCTAAACCCCTTCATGAAGTGGATTTTTCAACGCCTTTAGCGCTTGTCTTGGGTAATGAAAAAGACGGGGTTTCTAAAGAAATGTTAGAGGCTGCCGACGAACGTGTGATTATTCCGATGCCGGGCTTTGTACAAAGTTTTAACATCTCGGTAGCCGGTGCTTTATGTCTTTATCAGATCTTCCAAAGCCGTTTACATCGACTTGGCAAAAACGAAGATATTACGCCTGAACAGATCTCGATTTTAAAGGCATCTTATGCCTTAAGAACCCTGGATTCAGCCGAAGACATTTTACGCCTAGCCGCTGAAAAAAAGTAGCGGCTATCTCGCAAAACCCTGCCTTAACCAAAAACTGACCCGTATAAATGCCCGCTGGTGGTATAAACACTCCTGTTTGAAGCAAAACAAAATAACCCAACCCTTTAGGAGTGTTTATGAAATTCGCTATGGCTTTATTAGTTACTACGATCGCAGCAACATCGGCTTTTGCCGAAACAGTGTGTTTAAACGCAAAACTAACTGAAAATTCTCGCCCAGGCATGAGCTGCGGTGATGTGGCAAAAA
CP176530.1_gap30	1212665	1215014	2349	CTGTGAAAGAATTTCGATGTTGTTTTGAAAATAGATGGTTTTGCTTGAGAGTAAGTTTTCAAGTTGGCTCATGGGAAAAGCCAAGTAGTCTTGATTAGGTGCATCTGAAAACTTAAAATCTAAAGTTTTAATTTTTTTTCTAACGGCGCCGTAATAAGTGTTGTTTTCAACCAAATAGCCATCGCCCAAACTTAAAAGAAGTCCGGAAGCTTTGGTTGATTCATGCTTTTGTAAAAGGGCCGTTAATTTCATGATTTTCATGGGAGAATACGTCACAAAATCAGTTTTGGACATGAGGCTTTTCTTGGATTAAAACTTTTACATACGGGAAAAGGCAGCTATACCCCCTCTAGAGGCGGTAAGGGCATCAGCCCAGCCCCATAAAGTAACTAAACCTCGTTTTATCAAGACTAGGAGATGATGGATTATGAAATTTCTAATGGCCGCTTTTTTGCTGATTTCTACTCTGATGATCACAGAAACTACTTTTGCCAATGAAGTAAAATTAAACGACCCGGCGCCACTTTTTAAAGTAAAAAACCAGGCGGGCGTTGAGTTTGATTTGGCGTCACGCAAAGGGAAATGGACTGTTTTATACTTTTACCCCAAAGCGGGCACTCCAGGGTGCACAAAACAAGCCTGTGCGTTTCGCGATAGCGTCAAAAAAATCCGCGATTTAGGCGCAGAGGTTTATGGCATTAGCACTGACACCATTTCAGACCAGGCAAAATTTCATAAAGAACATCATTTAGGTTTTGATTTATTAGCGGATAGCGATGCAAAAGTGACTGAACTTTACGGAGCGAAAATGCCAGTGGTTAAAGTCTCAAAACGTTGGACGTTTATTATTGATCCGCAATTAAAAATCAAAAATGTGTTGAAAGATGTCGATCCGGCAATGGATTCCGACAGAGTGGTTGCAGAAATTAAAAAGCTGCAAAAGTAAGTGTGAAAAGCACTGTCTCAAAATAAGAAAAATTGTTAAGTCATACGTCTGGCAGACCGATATATATAGTGTGAAGACGTATGGTACGTTTCGTTGTTTTTTGTCTAAATCACTGATCAGAAATTTCTTTCTGATCGTAGCTCTTATTTTCTTTTCTTCGTGCCATAAACTTTTATTCAATGTGATGTCTGAAGACCTTCCGCTGTGGAGACCGGGCATGGCACCGATCATCGTATCAGGTCAGGTGACGGGGTTTTCAGTCAGCGGTCTTGGTTATCAAAAACTATCGCAATCAGTTTCAGCTCTTGATTGCAGCGAACCTCTAACTGTTAAACTTTATCGGTTACAAAGTGACGGAACTATTCAAACGAATTCGCCATTAGCATCAACCACTGTGGACGCTAATAATTATTATACTTTCGATTTAAATGAATTAGACATTGATGATTCAGCGTCAACGGTAGGTCTTGTTGTAAAAGCCGAAGACTGTAACGGTGATTTTATGGACCGTCCTATTACAGGCATCAATACCCAACAAGATATCAATGCCAGAACGACGGTGATTTCACAAATCGTGAATGCCGGAACGCTTGTTAATAAAAAACTAAATGAAGCTGAAAAAGCTGAGATTGACCAGTTACTGGAAACAATTACGGGCTCAACTGCGCAAGAAGTTATTGATTCACTGACCAATGGAGCGGCCTCGTCAGCTAAGTTTACAGAAATTTTTGGGGCGTCACCGACGGTGATGAAAGATGTAAAACCTGAAATCCAGTTTACTCAACCAGTCGCTATTTTAAACGAACAACAAGTAACAGCGTTAACGGTTGGAGCTTTTCACATTGATCCTAATTATTCTTTTGTCTACAAATGGAAATTAGATGGCGTTGTGGTATCTTCAGCTAAAACTTGGAATTATATTCCACACGCAAACGCCGCAGGTCTTCATCAGATTGATCTTTACGTCGGTAAAAATAATGGTAGCGGCGATATTGATATTACAAAACCTTATTATGTAAAAAGTTTTGCTGTTACCGTAGGTAATAATATCCAGCCAACAGCACCGACACTTTCTCTTCACGCCAGCACGCCAAGCCCGCGCACAACAAATACAATTAAATTAAATATTACAACCGGCCTTAGCATGGCTAATTGTGAAAGCTTCTCGCATATGGCTTTAACTGACAGTAATGTGACTCCGGGTATTGCGCAGTTTAATATAGATTGTACAACCAGCGGTACACAAACTCTGGACTTAACTTTAGACGGTATAAACGGGCATAAAAATTTCTATCTATGGGCGATTGATGATTTAGGAATGATTTCATTACCTAAAACTGTTTCCTATACTCTAGATACAACAGCGCCTGTGGCGTTATCGCTCGTCATCAATAACGGTGTTT
CP176530.1_gap31	1218403	1221580	3177	ATTGGCGAACAAAACGATTAAAGATGTAACCGTTGTCTGGGTGTACGCGTACGCAACCGTGAGAAGCTTTTGTACCTAATTTTTTAAAGTTAGATTCAATTGTTCCGTGAACAGCGTAACCAGCGTGTAAGAAAACGGCGTAAGGCATATTGCCTAAACCTTTATAGTCGCCACCTGGGTTAGCTTTAGAAGAGTATTTATCGTAAATACGTCCGTTGGGATGACCTTGCCATAATGGAGTTTCATTTTTAGGAGAGCCAGTTGAAACTAACCAAGTGTGAACTAAAGCGCCACGAACATATAAATAAAGCTTTTGCTCACTTTTTCTAACTTCAGCGTAAACCGGGCAGTCGTAACGTTGGCAAGAGATCTCTAAGAAATCAGGCATGATGTAAGGTAGCTGGCCTGTTTGACGGATGTATTCACGATCCATCTCTTGTAAGATTTCTTCGATATTTGGTGCTGCTGGATCTAATTCTTCTAGAGCATTAGTTTCTTCAGCTGAAACCGCAGCCATTGGCGCTACTGTTTCTTGCGCTTGCGCTTCAGAGTAAACTAAAACTGCTGATAAAAATAAAGTGATCAGCGCGATGGTTTTTAAAATTTGCTTTTTCATAATCATTCCCTTTTGACTCGAGTTCTGAGTCGAGGTGCTTTTTGTAATGTGGCTGCAAAAAAAATGCAAACGCTTTAATAAGGACAATGGCGACAACCGTTTCCACAACAGTAACCGCGTTTCAGATGATAATGTCTTGAGAAAACCATTAAGCCATTGGTGTCAAAATAGTAATCCTCGTTATTTTCTTGAGCGAAAGTCGGTGAGGTTTTTGTGTTTGCAAATTCATTCAAACACTTAGCGCATAAACAATCTTTAAATTCTGAAGGAATATTTTGCGCAAGAGGCAGGGTGGTACACCAGCAGGGCGTTTTGTCCCCATCGGTTACACCGCAAGAAAAATCAGAATGGCACCGCTCACATTTTTTCTTCGCCATGCGGCACACACTGTTGTGTCCACTCACCAGCTTTGTAGTAAGCGTAAGCATAGAACCAAATAAGTTCTGTTTTTTGATCAATAATATTTATTTTATGGACGAAATCTTCTGGAACAGTGCCGTTAACAGAATAACACCAGCCGTAAGCTTTCATGTCAGTATCAGAAATAACATCTAAGTCAGAACCAAGACCATGAATGCTGACGATACCATCGATATCGCCAACAAAAGGAATTTGGTTTTGCTTAAAAAAATCAACTGAAACCTGACCTACGGTTTTTGGCAGCGAACTTTCGCTTTCGCCAGAAAATAAAACTTCACCATTTTTGCCGATCACTTTTAAGGTAACCGCTTGAACGCTGGAAAAAGAAAATAAAACCGCAAGAAAGATTTTTAACATTACTGACTCACTCTTAAGTACTGTTGCACGTTAAACGGAACAACGATGTTACCCATATGGCCACCAAGTGGATATAAGAATAATCTTTCGCCGAAGTTATCACGTAATAACTGGATGTCTGTTGGTTTTAATAAAAAATCATCTTTATTCGTAAAAATAAAAACGCGCGGATCGTTTTTAAGAGCGTCCATTTGCGAATAAAGGCTTGTCTCAAATGGAATATTTGAGTGCTGCTGTTGTGGTGTTAACGTCGGAATCACAAACGTGTGCATATAAGCCATGAAGTTGTAAGTGAAAGCTTCGGCTTCAATCGCGTTTAATTTGAATTTTGAATACGGCGTTTTTAAAACACGGGGTTTTACAAAGTGAGACATTAAAATAATGTCGCGTAAACTTTGACGGTACTGATCACCAATAACCCATTGAATATCTCTGTTCTGGATTTTCAGGTCTTCCATCATGTTAAATAAAGCTTTTACTGGATCTTTCGCCGCAGTGATATCACCGGCGTGTGTGTAGATCGCACCCATCACCCAGTTTTTACGATTGAGTGACATTGTGGCGCCCACAGTGTCGTTTAACCAATCTAACTGTTGGATGCCGTAGATCACATCTATACCTGGATTGATTAATAAAACTTTTTTGAAAAGCGGCTGAGCTTGTTTTTTATCAAGCGGTGCTAAAAATCCTGCTAACACGCCACCATTTGAATAGCCCACTAAAACATTAGATGTGTAGCGCATACCACGAGCTTTAGCTTGCTCTAAGATCCATTTAATAAATTGGTAATATTCAACCGCATCGCGAGGCATGTAACCTGGAACACCAGTTTCAGAAACCGCTAATGTGTATGACCAAGATAAGTTACTTGGTAATAAAATAACGTTGTAACCAGCTTTGGCGTAAAGATCACCTAAGGCCGCTGAATTTGTTGAATAAGAATTTCCACCAAGGCCTGCGATAATCATCACTAATGGAGCCGCTTGATTTTTTTTGATCACTTGAAGATTGATCACCGGCTTTTGTAAGGGGTTCGGGTTCTTTAAGCGCTCTGGGCGGTAAGTTAGCTTCCACTCATCATATTTGGCTGTTGAAGGTGAAAAAGACGATAATATAGTTGCGATATATTTGTCTTTTGTTGGAAACGGGTATTGCGACTCCGGAACTTCCAAAGCCTGAGCCATTTGGCCAAACGATAAAAATAAAATAAACGCGATAGCGATCACAGATCGTACGACCTGCTGAATTAATCCTTGCACTTTCATTCCCCTGAAATGTTTTAGAGTGATCTATCTAGAGAAACTTCACTCTAAAGGGAACAGGAAAATCGAAAATGTGACAAAATGCGTGTCTGCCTGCGAAATTGTTTCATATCGCTCAAAAGTAGAGGTAAAAAAACATCAGTGGAAAATGATCTCTTCGAAACACAAGTGAATCCCGAAATGCTGCCTTTGGCAGAGCGAATTCGTCCTAAAAGCTTTGAGGAGGTTTTAGGGCAAAGTCATTTTCTATCAAACAAGTCGGCGTTCTATCGCATCCTAAAAAGTGAGCAATTACTAAACTTAATCTTCTGGGGCCCGCCAGGCACAGGAAAAACAAGCTTAGCTGTAAGTTTAGCCAAATCTTTGAAAGCTCACTTTATTCAAATGAATGCGGTCGATGCCGGAGTGAAGGATTTAAAAGCCGCCTGTGAAGCGGGTCGTACGCGTAAGCTTCAGTACCAGCAAAAAACTTTACTGTTCGTCGACGAGATTCATCGTTTTAATAAATCACAGCAAGATGTG
CP176530.1_gap32	1224997	1229136	4139	TTTATTTTTATTCATTGTTGCTTATTGGTTTTATATCGATGGCGTAGCAACGGTTATGTCGATGGCTGTTGATTTCGGAATATCAATTGGTTTTGAAGCCGCTGATTTAATTAAATCGTTATTGATTGTCCAGTTTGTAGGATTTCCTGCCGCTTATTGCACAGGATGGTTAGCTACAAAATACGGAAGTAAAAAAGTGATCATTGGCTGCCTATTAATTTATGTAGGTGTTGTGATGGGCGCTTCTGTGATGACTAAGCCCGAGCATTTTTACACCATGGCCGTACTTATCGGTTTAGCCCAAGGAGGCGTTCAGGCGCTTTCACGTTCATTATTTGCGTACTTAATTCCGTCAGAAAAAGCGGGCGAATACTTTGGCTTTTTTAATTTATTAGGAAAATTTGCTTCGGTTTTAGGGCCGTTGTTAATGGCCGTAACAGCGCGAGCTTTTGGTCATCCGCAAAAGACAATTTTAAGTTTATTGCTATTATTCGTGTGCGGAATTTATTTCTTAACACGCGTTCAAGTTAAAAGAGCTACTTAGGTAGCTCTTTTAACTTTCTAGTTTTGATTTGCTTTCAGCAAACCTTATTCTAAAGGGGGCGACTTCTCGCCATCCTGCTGTTTATTCTCATCAGTTTGCTGGTGTTTTTGGATTTCTAAGGCTTTTTTACCAGTGATTCCCACCCATTCAGGTAAAAAGATCGCGATCACGATAAAAACCATAGTACATAGTGCAAAAAATCCAATAAGAATCCAGATAAGTTCCATAATACAGCCATTATACATTGAACCTGTGACATAAGTCTAAAGAATTGGTATCAAAGCCCCATGAGTTATAAGGTACAGGATCACTATTTTAAAAAGGCTAAAGAGCAAAACTTTGTCGCGCGCTCTATTTTTAAACTTGAAGAGATTGATCAAAAATTTAAAATTATTTCTCCGGGCCAAAAGATTTTAGATCTAGGGGCATCTCCTGGGTCGTGGTCACAGTACTGCTCAAAAAAAATTGGTCCTAACGGTCGCCTTTTGGGGGCTGATTTAACTGAAATTCCAGAAAAATTGGCAAAAACCATGAGTAACGCCAAATTTATTCAAGCCGATTTGCGCGATATTAACCTTGAAGAAATTTTTAAAGAGTACGGCTTTAATGAACCATTTGATGTGGTGTTATCTGATATGGCACCAAAAACAACGGGTATTCGTTTTACTGACCAAGCTCGTTCGTATGAGCTTTGTGAAATTGCTCTTAACGTGGCTCGCAAGTTTTTGCGTAAAGACGGACACTTTGTTTGTAAGCTGTTTCACTCAGATGATTTTTCTAAGCTGCGTGAAGAGATTAAAAAAGATTTTCAAAAGTTCGAAGCTGTTAAACCTGATTCTACGCGCAAGATTTCAAAAGAAATTTTCCTTGTCGGTTTAAAGAAAAAATAGATGTCGATCATCAAAGTTATCTTTGAAAATAACGACTTTATCGCCTGTGATAAACCAGCAGGGGTGTTAAGTGTTCCTGATCGCCATAAAAGTGACCGTCCATGTTTAGGTTTAGAGTTACAAAAGCAAAAGAACATTCAAATCTTTCCGGTGCACCGACTTGATCTTGAGGTCAGCGGTTTAATTTTGTTTGCGAAAAACTCGCGCGGGCATAAAGCTTCGCAAGATTGGTTTTCTAAAAAGCTTCTGCAAAAGAAATACAAAGCTTTAACTTTGAATCAGGATTTCTCGCATTGGCCAGCTAATGTTCCAGCGGCCAAAGATAGATTAGATTTAAATGCAGGTTCTGAATTTAACTGGAAGATGAAAATCCTGCGCGGTAAACGCCGATCGTTTGAATCTCCGCATGGTGATCCTTCAGAAACAAAAGCGATCTATCAAGGTAAGCAGGGTGAGTTTAACGAGTGGGATATGTACCCAATCACCGGTCGCGCTCATCAGTTAAGATTAGAATTAAGCCGTCATGGATTTCCAATTGTGGGTGATCAGTTATACGGATCAAAAGTTACGCTAAAGCCAAGCCAGTGGCCGTTCGGCCCATTAGCACTGCGTGCGGTTGAGATCACTTTTAATGAGCAGATTTGTAAAGATTTCGATTTTCCTTACGTGCTTTCAGCTACTTACCTATAAGTAAGAACATTTCAGAAATTTAACTCGCGTAAATCGTCGCAACTCGATGCGTCGGTAGGTTAGGTTTTCTTCATTTCACCTGCAATTTTTACTTTCCAGATGGTTCCAATCTGGGTACAACCAGTGCGTCTCTGGAACCACTGGAGACCTTACACCCACGAAGGGGGTTAAAAATGAAAGCACTTATTAAGTTATCAGTAGCAGCTTTTTCTTTAGTAGTCGTGATGGGATCACAAACTGTTAAAGCCGATAGCGATATCGAAAAAATCATTGGAAAAGATGACCTTATCGCCGTAAACGCAGAAGCTACAAACGTACCTACTAAATTTAAATCTTTAGTAGATGCATTTGGTAAATTAGGTATGGGTTGTACTGCAACTCACATCGGTGATGGTTATGTATTAACTGCGGGTCACTGTTTTTGGGCTGGTCCTACAGCAATCGAAAACGAAGACTGCCCGGGTGCTGAAAATGAAATCCAATGGGGTTTCCGTGAAGGTAAAGAACCTTACTTAACTTCTAAATGTGAAAAAATCATCATGGCGCAAAGAACAGAGAAAATGGATTACGCTTTATTAAAAGTTAGCCCAGTTCCTCCAGTTGCGATCAAAGCTGATTTATACAAACGCGCTAAAGTTGGCGAAAAAGTAACGATCTTCTCTCACCCAGAAGAATTACCTTTACGTTGGTCACAGTCTTGTAAAATTCAAAAAGTTCAAGATTCTGATTTCGATCCGGCTTTAATTCACCACATCTGTGATACAAACCCAGGTTCATCTGGTGCAACAATCATCAACTACTACACTTTAAAAGTTGTAGGCATTCATGATGGTGGTCGTGCTGATGGTAACGGCGGTGGTTTAAACTACGGTACGTACATCTACGACACTCCACTTCGTAAAATCATTAAAGATTTAAATATCAAGTAATCAGCTCGGGCGATTAAGCGATGAAAAATATCTTTCGTCTTCTATCAGTTCTTTTATTGTGTGGTTGCATTCATGCGACCGCGCAAGACTCAAAAGTTAACGACAATTATCCTGATCAATGGTGGGTGTTTATTCCACCAAGTGAATTGAAAAGTTGGGAGATTGCTCCACAAGCGGCTGATCGTTCAAAAGGCGAAGTTATTCTTTCTAAGCGCACTGAACTTGGTATCTTCTCTAATTTATCTGAAGCTCATTTTGAAATGGATGGAACTCATTACGCCAGTGTTGAGGGGCTCTGGCAGGGAATGAAGTATCCAGAAGGCCCAAACGACGAACGAATGAAAGATCCGAACGTTGTTTGGCCTTATACGCGTGAGCAAGTTTACAAAATGTCAGGCTTTGAATCTAAAGCCGCTGGTGATGCAGCTAATGCTAACATGAAACAGTTAGGTATTAAGTGGATCACATATAAAGGTAAAAAGATCGAATACAAAACTGAAACGGGTAAGGTTGAGCACTACAATATTATCTACCGTGCTTCAGAACAAAAGGTTTTACAAAATCCAGATATCAAAAGTTTATTATTACGCACAGGTAATTTAAAATTCTTACCGGATCATACACAACAGCCAAATCCGGATCCTGCGTACTTATATTTCGACATTTTTATGAAGATCCGTTCGGGTCTATCAAGCAAAGCGGCGCAGTAATCCACCTGCGCCAATTACAATTAATTCTAAGTTTAAACAAGCTTCGCGCTTTGCGATAATGGGCTAGTTTTGATCTGAAATTCCACACACTTACGTTTAATTCACCTAGCACTTGGTCAAGAAAACTAGACCATCGCCTAGTTTAATAATGGAACCAGTAAAATCGCTTAAAATTTTTAAACAAACGTACAATGCTAGATCCACAACAAACGGATTTGTTTAAACTCAATTAGAGGGGAGAGTTTGTGTTAAAACCACTTAATTCATTAATCGTATCGTCTGTGCTAGCAATTTCATCATTTGCTATCGCTAAACCAACATTAAACCAAAAAATCGTTGGTGGAGAGAATGCTCAAAAAGGAGAAATCTCTTATAT
CP176530.1_gap33	1234698	1236949	2251	TTTTTTTGGAGGCTCTGGAGGTTTAATCTCTGGAAGTTTAGCGATTTCCGGAGCAGGTAAAGACTCAAGCTTTACGATCGCTTCGTTAACAATGGGTTTTTCGATAAGTTTAACGATTGGTTTGGGTTCGATAACAAGGTCTTTTGTTTTATCAACGATCTTATCGTTAACTTTAACTTCACCTTTTTTAGCTTTAACTTGAATTTTACCGCACTCAGAAGATTTACCGATTTCTAAATCAGCATCGCCTTGGGCTTTGATATCTAAAGCTTTACCGCAATCATCTAAGACTAATTGAGTAGGTAAGTTCTGTGATTTGAAAGAACCGTATTGTAAGCTAAGTTTGATCTTATTGTTTTCAGATTTGAACTTAATAAGAGAGTTGGCGCCGATGGTGATCGATTTACCATCTTCGAAACGGATAACGATCATTGATTCAGGGCCTACGAATAAACTATCGCCTTCAACGATCGAGTCTTCGGTGCGGGCGTTTTCCCAGAAAATATTTTTAGTACCACGTAAACGAACATCGGATTCAACTTCATCAACTGTTGCAATCGTTTGTCCTGAAGTAGCGCGTCCGCCGATATTAAAGAAAGAAAAGTCAGAGTGTAAAGCGTACCAACCGATAAGTAGGCCGATCACACAAACATAAATTGTGATTGTGTCGTCATTAAAGAATTTTTTAAACTTCTGAAATTTCATGTATATAGTATCGACACGAAACGGTGAATTCATAATAGCCCTTAGTCCAGTATTGGGTAGATTTTTTCTTGTTTAGCCAGGACGCATTTACAGAAATGGTCCAAATTTAGACAATCCTGGACCACACAACACCCAAAGATTTAATAATATTTTTAAAGTCCAATATATGAGACACCGACAAGGTTAACGTGGAAGATAATGTTTTTTCTTTTTTTTCAGAGTACTACGATTCTATCCAGGATCCTGTATGCATTTTCGATAACGAAGGTTTCGTTGCTTATTGTAATGAGGCGTTTTCAGCCTTAACAGGTACTTCGCAGATCCGTTTTTTAAATAAAAAGACGACAGTATTTAATTCTTTTATTTCTATTGATGAGAAAGCTTTTGATCTTACGCGCACAGAAGAGTTTTGTGGTTTTACCGGTGTAAGTATTTTAAAGTTTGAAACTAAAAAAGTATTACGTGGTTTAGGGCAGTTTGCGATCCGTAAATTAGCTTTACCGCCGCATGAAAACTTATTTCATTTAACTCTAAAAGATTTAACAGTTGAAGAAGACTTAGTTAAAACATTCCGTTTTGAATTAGCTTCACGTAACAAAAAAATCGACGAGATGAACCAGTTAGTAGAGATCTTTCAAAAGATTCGTTTATTAGATGAGCCAAGTCTTATCGTGAATGAGTTCATGAATTATCAATTATCGTTTTCACAATTTTATGCTGCCGCTAAGCGCGTAAATCAAACGATGTCGATCATTCACGGTGAAGAGCATAATTCAGATCCGGCTTTTGTTGAAGTGCTAAAAGAAGTTGAAAGTTACTTGTCAGCTAACGTTGTTTCTAAATACCAAACACAAAAATCGTCAGTTAAAAACGGTGATAGCCATTATTACTGGTCAGTTGTTCCGTTTAAATTAGCTAACGATAATATGCATGCGATCTTTATTTTTGATTCTTTAGAACAATTAAATAAGTTCTCGCATCAATCAGCGATCATTTTAAGTGAACAGCTGAACTTAATCTTAAATAACTTAACGTTAAAAGAACTTTCGTACACTGACGGTTTAACTAAGCTTAAAAACAATCTTTATTTCAGAAAAAAAATCGAAGAAGTTTGTTCTGCAAGCCAGAATGCTCAGTTGATCTTATTTGACGTGGATTTTTTTAAAAAGGTTAATGATACTTACGGACATCCGGGCGGTGACGCCGTGTTGATGTTCTTAGGTGAAAAAATTCCTGCAGTTATGCAAAAAGTAAATCCAGACTTCGCGGCGGCTACCATTGCGCGCGTGGGTGGTGAAGAGTTTGCGATTGTGATTCCTGATAAAGAGCAGGACTTTGCGCAAATGTTCGCTGAAGCTTTCCGTGCGGAAATCGAAGCGTCGACTGTCATGTTTAATGAAATTGCGATTAAGTTCACAGTGAGTCTGGGAATTTCTTCGTGGACTCCAAAACATTCATTCTCTCCTGAAGCTGTTAAATTATTGTATAAAGCGGCAGATGATGCTCTTTACAATTCTAAACGTTCAGGCCGTAACCGCGTTTCAGT
CP176530.1_gap34	1382761	1383751	990	CTAATTGCTCTTCTTCAGGGGATTTGGCGGCAGGTTTTTGATCAAGATCTGACCATGAGCCCATAGCCGATTTTAGGTTTGTAGACATAGAAGACCATTTAACCTTAGCTAAACTTTGCAGTTCAGACGGGTTTAATGCGCTGCTTTTAGCGCTGCTGCTATTCTTTGAAGACTTCTTGTTGCTCATTACTTTAGTTGTGTTGCCTTTAAACTCTATGGTACTAATATCACTTTGAAAATCAAGGGAGAAGTGCATGTCTCAAGATATTATCTACACAATGAAGGGTGTCTCTAAAGTTTACCCTCCAAATCGTTTCGTTCTAAAAGATATTTATTTATCATATTTTTATGGCGCAAAAATCGGCGTACTAGGTCTGAATGGTTCAGGTAAATCATCATTGCTAAGAATTATGGCGGGTGTTGACACTGAATTTTTAGGTGAAGCATTCCCGGCAAAGAAGATGAAAGTCGGCTACTTAGAGCAAGAACCTCAATTAGATGAAACACTCAATGTTCGCGATAATATTTTTTCTCAAATGGGAGATCTTCCTAAATTGATGAAAGACTACAACGCGATCAACGATAAATTTTCTGATCCTGATTTAGATCCGGACGAAATGAATCGCTTAATTGAAAAACAAGGTGAGCTTCAAGAAAAAATCGAACAAATGGGCGGCTGGGAAGTTGACCAAAAAATCGAATTAGTGATCGATGCTTTACGTTGTCCAGAACCAGACAGCCCAGTGACTCACTTATCAGGTGGTGAAAAACGCCGTGTGGCCCTTGCGCGTTTAATTATGTCTAATCCAGATATCTTATTACTAGATGAGCCGACGAATCACTTGGATGCTGAATCAGTTGGTTGGTTAGAGCAATACTTAGCTAAATTCCCAGGCACAGTTATCGCCGTTACCCATGACCGTTATTTCTTAGATAACGTAGCTGGTTGGATTTTAGAATTAGACCGCGGTGAAGGTATTCCTTGGAAAG
CP176530.1_gap35	1573530	1575437	1907	ACTATACAATCTTCGCAAAACTTGTAAAAACGGAAGAAGAAGAACCGGTTATTCCGTCGTTTGGAACACCTGAATCAGCTCAGACTGTTTATGAGACGATTCATGTTCGCTCGGCGTGGTACCGGGGATTTTTCGGCCAAGGGTTAACGGTAGCGGTTGTTGATACAGGAATAGATCAAAAACATCCAAGCTTGCGCCGTCGTATGGTGCCAGGGTGGAATTTTATTTCGAATGCTGAAAGCGTAGAAGATGAAACCGGGCACGGAACCGCCATGGCTGGCATTATCACCGGGCCTTACTTAAATAGCTCAAGTTTAAGTTTGGCTCCCGATGTAAAAATTCTTCCGATCGATTTTATGACCGCCGATGGAGGCTCTGAGTTTCATGCGCAAGAAGCTTTGGCCTTTGCCATTGCACACAATGCTAAAATTATTAATAATTCGTGGACGGTGAATTGTTCAGAACTTTTACGAACTGCCTTTGTCGGTTGGGCTAATGAAAATGTAGTCTTTGTGAATTCTTCAGGAAACGAACCCGTCGATGTGATCAGTCATGGAGTTTTGCCGGCGGCGTTGAGCTTAGGAAATCATGTGCATGTCGGATCGCTCGATGATCGCGGGCATCGTTCAAGTTTTAGTGGCTTTGGTCAAACGGTTCACATCTATGCGCCAGGTGAACATGTTCCAAGCTTTGCACAAACAGATACTGGCAGCCGCAGTGTTCGCATATCAGGAACCAGTGCTTCAACGGCCATTGTTTCTGCGGCAGCGGCGCTATTGTGGAGTGCTTTTCCACGGGCGACGGCCCAAGAAATTGTAAGTCTACTTATTGAAGGGGCTCAGCAGGAGCCAACGGTCGAACCCACTTTAAATATCCAAGAGTCGTTACGCTTAGGGCGTGAACGCTTTCGCGAATAAAAATAACATATAAACACCCCCTGTTTTTGGGGTTCTTATATGAGTGATTGTTTAAGGTGGATTGTTTTTTTCGCCAATAACAATTTATTTATTTACAAGAGTGTAGAGTGTGCCCGATGCTAGGGACTATCCATGATCATAAATGTCGTTGTAGCCGGTATAGTGTTGTTTTTTATTAATAGCTGTAGGACACCCATCCACTTCGTTGGCTATCAATTCCGGTCGTTAAAACAGCATAAAGAAATCGTTTTAAGTCAGCACATGACTGATCTTTCAGAAGATCAGTACAAATATTTTGTCAGCAATAATTGCAGTTATTATCTTCATAAAAAAAGCGCTCATTACTTTACTGTTTGCAAAAAAGATGAAGATGTCTTTTTCGTAGGAACTGATGTGCGTTCAAATGAACTTTCGCCAGAAAGTGGCGAAGAGATTTTGCAAAAAATGGATCTCGAGGCTTCAGAGAGAATCACTAAAATTAAAGCCATTCTACAAAACCTTCAGCCCGCCGCTATTTCAGGGCCGTCTTTTGTTGTTTACAAAAGTCATGATCTAGAAAATAACTAATAATTATTCATCAACACTTTCGTTTAACAAAGCTTCTGCAATTCGGCCTAAGACTTTGCCTTTTTGTGAAGCTTCAATCGCACGGGCAGCGTAACTGTCTGGTAGGCGGTTATCTAAATCCCAAGATTCAGAAAGCGCTAGATCTTCTGTAGTCATGGCGCGTCCTGTGGCACCGTACGACCAAATGAAATCAGGGCGTGCGTGCGAATGCCATTCTCCACCTATAATGTTGTAGCCTGCATCTAATTCTAAGTCGTAAACAAAATTGTAAGACTTAGTACGGTCATTACGCCCTTCATTTACAGCAGGAGTTATAAGTGACGGAATAAAAGCATCCATTACAACACCTACAATATATTTAGCGCGTGGGCTTCGATAATTTTTATATTTATCCATCGTCATATTTTCGATCGGTTCAACAGC
CP176530.1_gap36	1664378	1668259	3881	AAAAAAGCGGTGATAGCATGACAGGTTCATTAAGTATCACCGGAGATTTAACAATCACGGGAATTCCATATCGTGCCTCTGGTGATATTGCTTGGACTGTGCCATCAGATGCGCGTTTAAAAGATGTAAAGCGCAGCTATAATCGTGGTTTAAAAGAAATTTTAAATATCGACACGATTATTTATTCGTATAAAGAAGGTAATATTAAAAAAATTGATCCGGAAAAAGAATTTACCGGAGTGCTTGCGCAAAATGTACAAGCCAATATTCCTGAGGCAGTGAAAGAAGATAAAGATGGCTTTTTATCATTAAATACAACGCCGATTTTCTGGGCGATGATTAATGCTATTAAAGACCTTTATCATGAGATCACAGGTGTACAGCGTGAGATTGCTTCGCTAAAAGAAGAAAACAAAGCTAAAGATCAAGAAATCAAAGAATTAAAAGAGCGTCTTGATCGCATCGAAAAATCTTTGCCGCAGCAGAAATAATTATTCACATTCGATAAAGTTTATAAGATCTGGCGCTGTTGAATCTTTCCAGATCATGGTGCGTTTGTGTATGTTTACGTTGTAGCTGTAAAAAACTTGCTTCGTAAATAAAGGTACTTCGGGGGCTAGAAACACCACAAGCACATTGTTTGTATTAATTGTCCAAGTATATGACTCTTGAAGTTGTGACGAAACTTGAGTTGAGGTGACTTTAAAGTTTTTATCAAAAATCCAACGGTATTCAGTGGCTCCCGTTGTGGTATTTTGTTGGCACCAGATGTTTGAACTTAAAAGATTTACCGCTTCCTCGGTGACTTGGTCCTGCTTAGGGCGACCGGTGCTGTTTTGATCAGATTGTGGTGCGCAAGAAAATAAAAAACTCGTTAAAGCTAAAACCACGAATGAAAAGATATTCTTAATCATAAAGCCCTCATCTTTTTTAATTTTGGCTTAAGGCCTTTTCGAGTGGCAATCATTTTTTCTTTCTTAAGGTGAAAAGTGCTCGCGGAATTTCATCAATTAAGTCGGAAGCCATTAATGACAGATAATCTTTATCTTTCACCCAGCGATCAGCGATATAGCCATGCACTCCGCAGGCCAGAACAGCGGCGTCTATTGGATTTAGACCTTGCGCAAGAAAACCCACAATCATTCCGGTAAGCACATCTCCAGTTCCGGCTTTAGCTAAGGCTTTGTTGCCAGTTTGAATTTCATAGATCATGGATTTTGTAGCCACTAATGTGTGATGGCCTTTTAAAACGACAATGCCACCAAATTTTTCTTGTGCCATTTTCACCGCTTTAAAGCGGTCTTTGCGAATTTCGTCAGAAGACATATCTAAAAGTTTTGCCAGCTCGCCTTCGTGCGGAGTGATAATCCAGTTTTCTTTTATTTTTTTTACCAGCGCTAAAGCTCCCGCATCGATAATTACAGGTTTAGCGAATTCTTCTTCGAGGTGATGAAAAAGTTTTTTTATTGTCGGTGTAACAGTTAATCCCGGGCCAATCGCCAAAGCCTTAAAATGATCAAGGTTCATTTTTTCAGAAATTTTGTAAGAGAGAAAATCAGGATAATCGCTTAAGTTTTTTGTCGTTGCCGGTAAATAAACATAACCCGCACCAACGCGAGCTGCACCGAGGGCGGATAAATAACAAGCGCCCCACATTCCTTCAGAGCCTGCAAGGATCAGGCATTTTCCGCCATGAGTTTTATTAGCAGAATCTGCGCGCTGAGGCAGAAATTTTTGAAGATCTTTTTTTGTAATACGAAATATTGACGACATTTAAAAAGAAATATTGCAGTATGGGTGCCATGCCTGAACTACCAGAAGTCGAGATCGTCGTTCGTAATTTAAATGATATTGTGATCGGTAAAAAACTTAAAGCCACCAAGCTTTGGCGCAAGGACGTGCGCTTTCCCATCCCCGATAAAATTATACAAAAGATCGTTAACGGCGAAAATAAACTTCTCAATATTCATCGCCGGGCTAAGTTTATTGTCATTGAGTTTGCTGATTATTTAATCATTTCCCATTTGGGGATGACCGGGGCATGGAGCACCCATAAAGGGCAGTTGTCCCAGTATACCCCGAAAAAGCACGACCACTTAGCGCTCGGTTTTGAAGACGGCAAAGACAAAGAGTTGTGGCTTATTTACAACGATCCACGCCGTTTTGGTTTTGTTCATGCGATTAGAAAACAGGATTTGGCGACCTATTTTGCAAACTACGGTTTTGAACCGCTTGAGATGAATGACCAGCAAATCGAAGAACTGTATCAACAGGCTAAAAAGTCAAAATCCCCTCTGAAAACCTTCATTATGAACCAAAAAAATATCGTCGGTGTTGGTAACATTTATGCCTGCGAAGCCTTGTTTTTAGCCGAACTTAGCCCGTTTAAAATCGCTTCAAAGGTTAAAAAAGAATCATTTTTAAAGCTGGTTCAGGCGATCAAAAAAAATCTCAAACAAGCCATTTCTAAAGGCGGATCGAGTATTAAAAACTACAGAAATGTGAATGAAGAAGAGGGAAGTTTTCAAAAATCACACTTAGTTTATGGCAAAGAAAAGACAAAATGCACTCGGTGTAAGACGGGAATCATAGTTCGTAAAGTTCAAGCAGGTCGATCAACTTTTTTTTGTAACGCTTGCCAAAGGTAGAAATTCGTGATTTCTTTAATTTAACACAAACTTAATAAACAATAACCGTTACCGGTTTTAACAAAAGGACTTTCCATGAAAGCATTATTAGTAACAGCTTTATTAGCTTTATCTTTCACAACAGGTTTTACTTGTTCTAAAAACGCTCCAGAAGCAGCAGCTCCAACTGAAGCAGCTCAACCTACAGCAGAAGCTACTCCAGCAGCTCCAGCTGAAGGCACAGCAGCTCCTACAGAAGGCGCAGCAGCAACTGCAGCTCCTACTGAAGCAGCTCCAGCAGCGCCAGCTACTGAAACTAAGTAATTAGTTTTTTAGCTAGTTATTGCTAGATATGAAAAGCCAGTTCCTGAAAAGGGCTGGCTTTTTGTTTTGATCAGCCTCCGGCTGACCTTATTCTGAAGGGCCGACCTCTCGGTCGTCCTAGTGCTAGAATCGGCGCTTTTATTAATTGGATCGCTTCGCTCTTTGTCCCAATCTTCTTCTTCTTAACTTCTATAAACTTTATTTAGTTCGTAGAGCTAAAACTCGACCATCTCGATACAACACAGGTCATCGTAACTTGTAAGGTATGGGGTATTACCTCTTATAGACTTGAAGAGCTAAGGCTCTAGAGAAAGCTGCTTGTCAGATAGCCCTTAAGGTGCTGAAATATTTGTATATTTACATCATGCAGGCCTGAGGCCCGCAACTTAAGGAGACTTTTGTGGACGCACTATTAGCTTACCAAGGATTTTTGACGAATCTAGCACCCTGCTGGCTTCTGATCGTTGGTTCAATTTTAATCTTTCTTTTTATCGGCTTTTTTAGCCTGCCGTTGTTCGTATGGGCGGTGGTCTCTGTAGGTCTATTATTCGGCCTGGGCGCTTCGACGACAGCCACTGCGGTTGTTGCAGCTTTGTTTGTCTTATTCTTAATTAAACCAATCAGAGCTTTATTGATCTCAACACCGCTGATGAAAGCGATGAAGGGGATTATGCCGAAAATTTCTGACACTGAAAGAACAGCGTTAGAAGCCGGCGTAGTTTGGGTAGAAAAAGATTTATTCTCAGGTAAACCTGATTTCAAAAAAATCTTGAGCGAGCCTTACGCAAAATTAACTGCCGAAGAACAAGCGTTCATGGATGGCCCGGTTGAAGAACTTTGTAAAATGGCTAACCCATGGAAAATCTGGCGTAACCGTGAAATGCCGCAAGAGATGTGGCAATTCATTAAAGACAAAGGTTTCCTAGGAAT
CP176530.1_gap37	1676042	1680083	4041	GTCGCTAGATTACTTAATAAAGACGCCTTGATTTCGTTGGCGATTTTAATCTGGTCTGCAGACGAGATCTTATCTTCAGGATCTTCGGCACTCCAGTCGATATCAAATGATGATCCACCTAAATCGCTTTCAACAGTTTCGGACCAACTTCTTGAGCTAAAAAGCCCACCGCTTGAACCTTGTTCGTTTAAGTATGAATAAACTTTCCATAGATTAACTTTCGCATCAATATCAAAGGCAAATGTTCTGGGAATATCATAAGTCGTATAGATGCTAAAGCTGGGTTTTACCTCAGAGCCAAATAAGCTCGGGTACTTGAAGTAACATGCTCCTAAGGTTGTTAATGTGATATCCGTAGAAAGAATATCAGTTGTGGACTGCATGACTTTATTGCTTAAATCTTTTGAGTTGATACCGTTAACTGCATAGTCAATATAGTGCTTAGCACCTGAATTTTTTAATGTTTCAATATGCATCGAAATTTGTACGTTCTGTCCGATTAGCGGCGTCACTTTAGAAAAGCCAGAATTGTCGTATTGCAGTTGTTTGACATTAGCATCCCAATCCGTTGCGTATTCTAGGTGGATGTAACCTGCAGCGGCTACCGCATCTTTATCATACATGTTTTGTAAGTTTGTTCTGAATTGTCTGATGAGTTCGTCATTGGCCGTGAATTCAGCGCGTAATTCAGCTTTTTGTTCGGCGCTAATAGTTTTATCGGCGCTTAAAGCGCGAAGAATTGTAAATTGCTGAACGGCTAAATCGGCCAGAATTTGTGTTAATTCTTTGGCGCTTTTTTCGATGATCGCTAAATTTTCACATTGCGATCTTGATACGAAAAGGTTTTCAGTTTTCTTTGCGATTTTTCCTTGTTTTGGCGGTAGCACATAGATTCGGTTTGTTTCTACGCTGTCGCGTAAGACGGGGGAGCTGGTGTTGTTACGGATAACACGGCCATCATAAACTTCGGCGGGGGCCGCATTGGCGATAGCTGATAAGGTTAGAATCCCGGAAACGATCATTTTTTTCATTTTTACATCCTTTTAGTTAGGGTTTTAGTGTTCTCGACTAGGGCTTATTTCGAAATTGAGGCCATTTATGGTGGGCTTTAAACCCTGTTTATTTTGATCTGAGGTCCGAAAAAGCGGATTTTCTACGGATTTTCGGAAAGCTTCCAGGAAATAAGAAAAAGTGAGAGGATGAGGCTATGGGTTCACCACGAGTAAAAGTTAAGGCGCAGGTTCTGATAATCAATGGCGATAAGGTGCTTGTTTATCGCGTAAAAGATAAAGCTTCAGGGCAACATATATATAGACTGGTTGGTGGGCGGGTTGAGTTTGGTGAGCTGTCTGAAAAAGCAGCTGTACGAGAATTTTTTGAAGAGACGCATTTAGAAGTTAGAGTTATTGCTCATGCGGGAAGTTTTGAAAGTATCTATATAATGCATGGAAAACAAAAACATGAGCTTGTTCAAGTTTATGTCTGCGAATTTATTGATAAGTCTCATTATAATAAAACGCGCATTAAACTTTTTGAACCCGGCGAAATTTTAAATGACGCGGAATGGGTTGATGCTAATTTTTTAAGTCAAAAATCAACGCCATTTTATCCCGAGATGTTAAAAGAGACTTTATCCGACAATCTGCTTGATAAGAAAAAAATCTAATCCTATAGTAGTGGCACAACACTTAACCATCCATGTGTTCAGTAGACTAGTAACATATGTGATGTTTTTTTATAGGAGTACCCATGTGCGGTGTAATTGGAGTTTTTGGAACTCCGTATTCATCTCAAGAGGTTCAACAAGGTCTGCAACTCTTGCAGCACCGTGGTCAAGACGCAGCTGGGATCCTTTCGTTCAATTCCCAATCAAAAAATTTCTCATTATATAAAGATGTAGGTCTCGTTTCTAAAGTTTTCGACGAATCAAAACTTTATGGCATCAGCGGCGATATCAGTATCGGGCACACAAGATACGCGACGGTGGGGCCAAAGACTGCACTCGATGCCAAGAGGGATTTGCAACCAATGATGGTGAATTATCCTTTCGGTATCGGGATGGTTCATAATGGTAATATAGTAAATTATTACCAGTTAAAAAAAGACCTGAAAGAAACCACGAACCGAATCCTCTTTACGCAGAACGATCTTGAAGCCTTATTAAATATTCTTTCGCAAAATCTATTAGCAACAAATGACCTAAACTTTTCTTTCGATAAATTTCAATCCTCAGTTAAATCCCTCTTTGACCAAGCCAAAGGGGGATTTTCAGTTTTGGGGGTTGTTGCAGAAAAAGGGTTCTTTGCCTTTCGTGATCCGCACGGAATTAGGCCATTAATTTTAGGCCGCAGACGTCTAACTGACGAAGAAAAGAAACAACAACCGAATAACTTTGGCATCAGTTACTGCGCAAGCTCTGAAACGAATGCGCTTAATTTTTTAGGCTACGAAGTCGTGCGCGATTTAAGCCCTGGTGAAATTATTTTTATCGATCATACAGGTGAAGTTTATTCGTCATCGAATTATTCAACCCAGAATAAGATTCCGGCTAAAACTTGTATGTTTGAGTATGTGTATTTTTCTAATCCTGAATCTAAATTAGAAAACGTCAGTATCTATGGCGCACGTTTAAATTTCGGCAAACACCTAGCCGAAGAAATTCGCTCGAAAATTGATTCCGGTGCTATTAAGCCAGATATTATTGTTCCTATTCCTGAAACATCACGTGTGGCCGCAATCAGTATGAGTGAAACTTTAGGAATTCCGTACCGCGAAGTTCTTATTAAAAATCGCTATATCCAGCGCAGTTTTATTTTAAATACGCAAGAATCACGCAAGCGCGCCGTGCAGTTAAAACTCACAGCGATTGCCTCTGAAATTAAAGGTAAAAACGTGATGCTTGTGGATGATTCAGTGGTGCGCGGAACCACGTCTAAAAAAATCATCGATATGGTTCGTGAAGCCGGGGCGAATGAAGTTTATCTAGCGTCAACTTGTCCGCCGATTCGTCATCCTTGTTTTTACGGGGTCGATTTTCCAGATCCGAATGAATTAGTGGCGCATGGTAAAACCGAGCCCGAAGTGGCTAAGATGTTGGGCGCTGATCATATTTTTTATTTAACCACTGAAGGTTTAAAGAAATCTATCGGTTCAGAGAAACTTTGTATGGCTTGCATTGACGGAAAATACCCGGTTGATTGCAACACGAAATCATTTAGTGAAATGCGCCAAGCGCACCGAGAGGCGTAGTTATGAATCAATTGCCTCCTTTATTGTACCAAGGCTCAGTTAAAAATGTACGTGGATCTACGTCGGATGATTCTTTAGTTTTTGAATATTCAGATCGTTATTCGATTTTTGATTGGGGTGAGATGCCCGATCAAATTTCGGGTAAAGGTTCAGCTTTAAATTTAATGGGCTATGCTTTTTTTCAATATCTAGAAAAACACATAGGTCTTAAACATCATATGTTGGGGCTTGTAGGATCGGGTATTACCAATTGCTGTAAAGTTAAAAATGTTAAAGTCGTTCGCCCAACCAAGCAAGGTGCTGTTTATAACTACCGGGCTTACCAAGACCGTTTAGTAAATGCTTTGGTTCCGCTAGAAGTGATTTTTCGCTTAGGACTACCGAAAGGTAATTCATTATCAAAACGTTTTAAGACAAATCCTGAATTAGTAAAACAATTTGGCTTAACGGCAGTTCCTTTAGAGGGGGCGCTATTAGAAGTCCCGTTAATTGATTTTTCAACCAAATTAGAAACTGGTGATCGTTATTTAACTTATGACGAGGCCCGCACGATTTCTGGAATGAGTGAAGGTGAGTTTCAAAAGCTAAAAAATCTGGCGACTGAAATCGCACTCAGTTTAAAAGACTTTCATCAGAAGATGGGTCTTGAGCTTTGGGATGGAAAAGTTGAATTTGCTTTTACGCAAGGTGAAGGTTTGGAGCGTGATTTTATGCTGGTCGATTCTATCGGCATTGATGAACTTCGTTTGATCAGCCATGGTAAAAGTCTTTCTAAAGAATTTTTACGCGAAG
CP176530.1_gap38	1686340	1688454	2114	CTCACCCGAAGATGTGTTAATTGAAAACATCGATATCGGTGGACCATTAATGTTACGTGCCGCTGCTAAAAACTATGAATCAGTCACGGTTTTATCTGGTGCAAATGAGTACATGAACTTTATGACTCACTTTATGGAAAATAAAGCGAATACAAGTTTTGAATTCAGAAGAAATCAAGCAATCAAAACCTTAGTACGCGTGGCTGAATACGATCAAGCCATCGCTCAAGAGCTAACTAAAAATTATATGCCAAAATTAAATCAGACTTTACGTTATGGTGAGAATCCTCATCAAAGCGCAAGCTTAATGATTAAGAATAATACTGACTCAACAATCACTTTAGCCAAAGCACAGTTTATTCAAGGCAAAGAATTATCTTACAATAACTGGATGGATGCTGATAGCGCTTGGCGCGTGATGAGTGATGTGGCTCACGCCTCACCAAATAAGTTTGTGACTGCGGTTATTAAGCACGCTAACCCTTGTGGTTTAGCTGCCACGACAGAGAGTTTTGATTCTTTAATGCAAGCTTGGAATGGTGATAATATCTCAGCTTTCGGTGGCATCATTGCTTGTTCTTATAGAGTAGAAGCAAAGCATGCTGAGTTTCTTACGCAAAATTTTATTGAAGTCTTGATCGCTCCTGAGTTCTCGCCTGAAGCTTTAGAGTTCTTCACAAAAAAGAAAAACGTAAGACTTCTTAAAACGCCAATTCGTGAATACAAACAAAAAGAAACGATGATGCGTTCTATCTCTGGCGGCATCTTAATTCAGGATGAAGATGAAAGATCTGCAAAAATTGAAGAAGTAAAACTTGTGACTCAAAATGCATTAACAGCTCATCATCAAGAGTTAGTCGATTTCGGCGTGTTAGCTTGTAAACATTTAAAATCAAACGGTATTGCGTTAGTTGCAAAAACTGACAAAGGTTTTTCATTAGTAGGCACAGGCATGGGACAACCAAACCGCCTCGACTCATTACGTTTATTAGCGGTTCACCGTGCGAAGATGAAAAATATCCCGATGGATCAAGTGTTAATGATTTCTGATGCGTTCTTTCCGTTTGCTGATTCAGTCGATGTTTGCAACGAAGTAGGCATTAAAGCGATCGTTCAGCCGGGTGGAAGTATCCGTGATAACGAAGTGATCGAAGCGTGTAACAAGTACGGTATCGCTATGGTGATGACTGGCGTAAGACATTTTCGTCATTAGAAGAGGGTAATATGGCTATTTCATATAAAGACAGTGGTGTAGATATCGATAAAGCGGATGTGTTTGTGAATAAAATTTCACAAATGGTAAAATCCACATACAACCAAAGTGTGCAGGCGGGGATCGGGGGATTCTGCGCTCTTTATAAAATGGATCAAGAAAGATTCTTAGCTTCAAGCACAGACGGGGTGGGCACTAAACTTAAATTAGCCATCGAATTAGATAAGCACGACACCATCGGTATTGATTTAGTGGCGATGTGTGTGAACGATCTTATTTGCTCCGGTGCCAAACCGTTATTTTTCTTAGATTATTTTGCCAGTTCAAAATTAGAACTCAAAACTTCAGAAAAAATTATCGAAGGTATTGTTGAAGGGTGTCTGCAAGCAAAAATGGTTTTAATCGGTGGCGAAACCGCAGAAATGCCCGGTATGTACCAAGAAGGTGATTATGACTTAGCCGGCTTTTCTGTGGGTGAGGTGTTTACGCATAACTTAGTCGACGGCACTAAGTTAAAAGCCGGTGATACCTTAGTGGCGATTCAAAGTTCGGGATTTCATTCAAATGGCTATTCGTTAGTTAGAAAGATCATTACAGATATCGCAAGTCAGAAGCTTTCAACTCAAGAACTAGAGCAGTTAAAAAAAGATTGTCTGACACCGACAAAAATTTACGTAAATAGCATTTTATCTCTTCTTACTAAATTTAAAGACAACGTTAAAGGTCTAGCAAATATCACAGGTTCTGGATTTTTAAATATCCCGCGTATGAATGAAAAATTCGATTACGAAGTCACGCAAACCGCAAGCTTACCCGCTTTTATGCAGTCAGTGTGCGCGATGAGTGGTTTAACAGAGTTAGAACTTCACAAAACGTTTAATATGGGCGTAGGCTTTGTGAT
CP176530.1_gap39	1695071	1696236	1165	CGTTCATCTTCTTCAAGCTGGAATTGGTCTTGCGCTTCTTTAACGATATCGGCCGCTTCTTCTTTAGCTTCTTTAAGAACCATACGCTGAACAGCGCGAGAAATTGCAAAGATAACTCCGCCACCGAATATTAACCCGATAATAAAATTTAAAACGACATCTAAACTCATAATTAAATTTGTCCCTGAACTTCAGCCTCTACCATCGCTTCATGATCGGTAGCTGTTGGCTGATCTAAATATTTTAATTTCTGTAAAATCACTAATGTGAATAAGCCAACACCGATGGCCATGTAACCAACTGTTGGGTAATTTAATAAACGTCCATCTTTGGGATCAATTGTTACAATTAATCCAGCGATATAAGCACCAGCGGCCATCGCTAATGATTGAAGGCAGCTTAGTAAGCTCATAAATGTTCCGCGCTGTTGTGATGAAACTGCCGCCGAAACTAAAGCTTGTGCCGGAATCATACGAGAGCCTGCCGAGATAAAAAATAATCCCGCATACAGTAAGATCAACCAAAGACCATCACGACCTTGATGTGTGATAAGAATAATTGGCACAATCGAAAACATAATCGAGTAAAAATAAACTTTAGCTTTGCCGTAGCTGTCTGACATACGACCCACAATGGGAGCACTAAAGAAAGAACAGATTCCGCCGATCAAATAGATCCATGTTAATTGCTGTTCGCTTAAGCCCGCGTTAACAACCTGAGAAGTAGCAATAAACGGAATGATGCTAAAATGCGAAAACATCACAAAAAACATAAAAATCAAAGAAACACGCTGAACGGGTGATTGCAGAACAGAAACAACGGGTTGCCAGAAAGTCGTGCGTGGCACGTGCTGTACCGGTTGTTCATTTAAGTGCTGATTAATGCTTGGAACATATCTGTGAATGCCCACTAAGATAATTAAGCATAAAAGAGCTAAGAAAATAAATGGGGCGTACCACATCAGAGATTGTGATAAGAAAATTGAAAATGGAACACCCATAATTGAAGCGGCTGAAAAGGCTGTCGCTAAAAAGCCCATGGCCATGCCACGGCGTTTGTAATCAATTAAGTCTGACGTGATTGAAAGAATAATTGAATTCATCACGCCGCCAAAAAATCCTGTCATCGCACGAGCGATCAGTAGGCTGTGATAGTCACGCGCTAA
CP176530.1_gap40	1735178	1737313	2135	TCAAAATCTTGGTGCGATCTTCAGGGTTGCTTATAAAATACCAATGTAAAAATGCATCTGACACGACGGCTATATCTCCACGATCGTGAAGGATCATTTTAACGCTTCCCTCGTTACTGGTAGATGCTTGCATGTTGTAGGTTTTACGTAAAAAATCAGCGTCAGCATTGAAGTTGGCAAAACCATAGTGGTAACCAAGCATTCCGACCATGGACTTTCCATTAAAATTGGTAAAGTAGTCTTCCGTGCGGCCTGGCTTCTTTTTAGCGATGTAGACTTCTTTACCGCGCATAAAAATCAGCGAAGCTTCCACATCAGCTTCACTCCATCCCCATTTGATATTGTCAAAAAAGCTCAAATCATATGAGCCATTTTTAAAATCGCGAATTTTTCGCATAGCTGATGTTTGAACAGGTGAGAATTTGTAATCGCTCTGAGCGGTGTTCATGAAGTCTAAAAGCTCGATGATTATGCCGCCTGTCTTGCCGTTAGGTTCGACCTCGATATACGGTGGAAAGTGAACTACGCCAACTTTTATGATTAATGGTTTTTTGTTGGCAGAAACCGCAGCCCAGGCATTGTTTATACTAAAGATTATGATCAAACAATAAAGGGCGGCAGTTATAAACTTCACTGCTTAAATAGTTGCGTACACTTTGTGAGTGTCGTCTAGATCATCAACAGCTTCTAGAAACTCTTGGACTTCTTTTTGTTGAGCCTCTGATAGCTCAGTCGTGTTGTTAGATTTGTAACCTAAATAAGATTCAGTAATTGTCCAGCCACGGCCTTTAAGTGTGTCGCCTACAGCAGCTAAGTTGTCTGTTGATGTGATGAATTCGTATGAGCCATCATCATTTTTAGAAACATCATCAGCGCCTGATTCAATAGCTTCTTCGTCGATATCAAATGATCCAGCTTTTGAAGCTACAATGAATCCGCAGTGAGTAAACATCCACGCCACCGATCCAGATTCGCCTAAGTTTCCGTCGTGCTTTTTAAATACAGCGCGCATCTCAGGAGCTGTTCTGTGTTTGTTATCTGTTTGGCATTCAACGATCACGCCTACACCGTGTGGAGCGTAACCTTCGTATGTTAACTCTTCGATAATTTTACCGTCATCTAAGAGACCAGCACCTTTTTTGATCGCGCGGTCAATCGTATCATTCGGACAAGAGATTTTTTTAGCCATATCGATCGCTAAACGAAGACGGGCATTCATGTCGGGATTAGGGCCTCCAGCTTTTGCAGCTACCGCGATCTCTCTCGCAGCTTTAGTGAACATTTGCCCTTTTTTCTGAGCGTTTTCTGATTTACCGGCGGCTTTCCAACCTTTTCCCATTTCGTACCTCTATAAAAAGTAATTTAAGAGACTATGTTAGATCTGGGGCTAGGGGTTTGTCTAGAGATGAGCTTGCGCGCGAGGTAATTTTGGACTATTTCAATGGATATCCGGTGGGTCAATATGTGGGCATTTGCTGAAAAAAACATCTTTAAGAAAATCGAAATGGTCAGAAATATGACCAACTTAGAGAATACTGTTCAATTATCAACTGAAGGTATGACACCGGCTCGTGATGTTCCCGTAATGCCATTAAGATTTCATCCTGATAAAAAAGGCCTATCAACAAATGAAGGCCAGGCCCGTATGCTTCATGATTTGGCCAACATTGAATTGCAAGCGATGGAGCTAGGTTTGCGAACGCTTTGCGACTTTCAAGACGCGCCACAGGCTTTTAAAGAAGAATTGTTCGCTGTTACAAAGTCGGAAGCTGATCATTTGGAAATGTGTTTGATTGAAATCGAAAAATTGGGTTTTAAATGGGGTGATTGGCCGGCTCATACGGCGTTATGGGATTGTACAAGTACAAAAGACACATTGCTTGACCGTATTCTTATCGTTCACCGTTATCTGGAAGGCAGTGGGCTGGATGCCGGAGACACTTTGATCCGCCGGTTAAAAGGCGTAGATTCAAAATCAGTTTTAATGGCGGTTGAAAGAATTAACCGCGAAGAAGTGGGACATGTTTTGTTTGGCTCTGAGTGGTATGTTAAAATTTGTAATCAGGGTAAAATTGATCCTGAAACAGATTATCCAAAACGTATGCGTGATCTTCGTTGGTCGCTGCCAAAACGCA
CP176530.1_gap41	1738777	1739958	1181	GTCCAAGTTGATTGTTCTGAGCCGAAAAAGAAAATGCTTTCAGCGATATATTCAGGGCGTCCGATTTTTTTAAGCAATTGCAAATCTGTAATGCCAGCATGAAATTTATCTTTTTCACTGGCTTTCGCGCTATAAAATCCATGAAGTGGAGTTTCAATAATTCCGGGGCAAATCACGTTTGCACGGATATTAAATTCTCCGCCTTCTTGGGCTAGGCATATTGTCCAGTTCACCATAGCTGCTTTTGATGCCGAATAGGCTGAAGTATTTGGTACTGGTTTTATACCAGAAGTGGATGCAACATTAACTATCGAGCCTTTTTTGTTATCTTTAAAAATCGGCCATAAAGCCTGAGTGATTTTAACCGAGCCAAAAAGATTTACGTCGAACATATCTTGCCAAACAATCATAGATGAATCGTCGGGTTTATTTTTTGTATAAACTCCTGCATTATTTACTAAAATTATTGGTTTTGAGAGTTTAGAAAGTTTTTCTTGAAGTTTTGTAGCGTCGAATTCTTTTAGATCCATCGCTAGCGTTTCAATTTTAATATTGATATTTCTTGATTGTGCTTGGGCTTTAACTTTATCTAATTTTTCAGAAGATCTTCCGATTAAAAGTAAATCAAAACCTTCGCTCGCAAACTTATAAGCTGTAGCTTCGCCGATTCCGCTACTTGCGCCAGTGATAACTACAGCTTCTTTCATAATTTAGGCTTTATCCATTTCAATTTTTGCAATCGTTTGTAATTGCATATTTGAAGTACCTTCGTAGATTTGACCGATTTTAGCATCGCGCCAGAATTTTTCTACAGGGTATTCTTTAGTAAAGCCGTTACCACCGAACAAATCGATAGCCATTGAAGTAACTTTCTCAGCTACTTTAGAAGAGTAGTATTTTGCCATAGCTGCTGATTCGATAAAATCTTGACCAGCGTCTTTTAAACGAGCGGCATTGTAAACCATTAAACGAGAAGCTTCTAATTCAATACGCATTTGCGCTAATTGAAATTGAACACCTTGGAATTGGCCAATCGCTTTACCGAATTGCTCACGACCTTTGATGTAGTTAAGAGTTGCTTCGTAAGCGCCTTGAGCGATACCAACCATTTGAGCGCCGATACCGATACGGCCTTCATTTAAAGTTTCGATGGCGATTTTATACCCTTTGCCAACTTCACC
CP176530.1_gap42	1741768	1746452	4684	TTTGATATCGAAGTTGCCGGCGATTTTATCGCTATGGCTTCAACGTTAATTCAAATCAAATCGCGTATGCTTTTACCTCAGTATGACGAAAACGGTGAAATCGTTGAGGGTGCTGAGGATCCACGTAAAGAATTGGTTCAAAAATTATTAGAGTACGAAAAATTCAAAGAAGCTGCAAAAGCACTTTATGAACGTCCATTATTAAACCGCGACCAGTGGCCTCGTGGTTTCCGTGAAAAAATGGATGAAAAAGAAGACGAGATTGAATTAGAAGATAACGCTTTATTCTCGCTTATTGGTTCGTACCGTAAAATGGTTAAAGCTTCGCTTAAACGTATTCATAAAGTAACAGTTAAGCTTCAATCGATCGGAAGCCGTATCTTAGAAATGAAAGATATGTTAATTCCTGGTCGTCAGATCACGATGTTCGAACTTTTAAATCACTCAATCGAAGATTTAAAAGAACGTTCGCGTAATAAATTAATCACATTCTTATCTTTGTTAGAGCTTGGTAAAATCGGCTACGTTTCTGTTTATCAAACAGAAAACTACGGCGATATTTACGTAAATCCTAAGAAATCTATCGAGGGTGATGTTTTATCTAAAGTTGAAGAGTATGGTAATATCAACGCTGACCAGGTGGCTGATAACTTATTCCAAAAAACAAATGTTATCACGGAAGAAGAGCTTGAAAATATTGATCAAGAGCCGTCGAATTTTGTCTTACAAGATGGTGACGTCAATGCACAAACTGAACAGCTATCGTTTGAGCAAACTTTTGCAGCAAGCTTAACTGAAGGCGAAAACTTATCTTTATCTGAAGATATGGCTTCAGATGATGAGATTTTAGCCGCTGAAATGGAAATTGATTCAGCAGAAATCGCATTAGACTTAAATGCTGTTAATTTTGCTGCAGACGAAGCTTCAACAGTGAACGAAGAAGTTATCGAAATTTCACAAAATGAGACCGAAGCTCCGCAAGCTGAAATCGCAACTCATGAATTATCATTTGAACCACAAATCGAAGAGTCTGTTCAGTTTGTTGAAGAACAAGAAATTTCATTTGTCGAAGATGAGCAAAATACAACAACAGAAGAGCAAATTTCTGAAGTTGTAATGCAAGCTGAAGAACAATTAACAGAAGAGTCGGTTGTGATTTCAGAACAACCAGAATCTTCTGTGGTAGAAAGTCTGGTGGCTAACGCTATTCAAGCTTTTGAATCATTTAATGAAGAACCTCAAGAACCCATCACAGAAGCGCAACAACAAGAAGTTGTAGAAAAATTTTCTGAATTTAATCGTGAACCAGAAGGACAAGTGTAATCATGGCTAAAAAGTCTAAAAAATCTAAAAAAATTGAACTTCAACAAGAAGAACAACAAAACTTAGAAATTCAAAACGAAGAAACAGCCAATCAAGAAGCCACTGCTCTTGAAGCAGCTTCAAATGAAGCTGAAACTTTAGCTGAAGACCTGTCTGCTGATTTAGGTGGAGACATTGAAATTTCTGCAAATTTATTCCAATCTGAAGAAGCTGAATCTGAAGGTTTTTTACCCGAAGCTTCTGAAGATGAAGAAAACGAAGCTGATGAAATGATGGCTGAAGGTTCTGATGTTGATTTAGAAGGTTCAGAGCTTGATGGCTTTGAATCAGCACAAATTGACGAAGTTGAATTCGTTGAAGATGAACAAGCGCAAAGTATCGTTGAAAGTATTTTATTTGCCTCTGACCGTCCGGTTTCTTTAGCTTCTATCAGAGAAGTATTTAAAGGTACAAATGTACGTAAAGATAAAATCAAACGCATCTTAGATAATTTAGCTGTCGAATACGCAAGTGGTGCTCGCGGAGTCACTTTAGAAGAGATCACAGCCGGTTACCAATTACGTACTAAAATTGATAATATGAATTTCATCAGACGTACGATCAAAGCTCGTTCGTTTAAATTATCAGGCCCAGCTTTAGAAACTCTAGCGATCGTGGCTTACAAACAACCAGTTGTTAAAAATGAAATCGATCAAATCCGTGGCGTTGAATCAGGTCACTTATTACGCGCTTTAATGGAAAAAGGTCTATGTAATTTCGAGGGTAAAGCTGAAAACTTACCGGGTCGTCCAATGCAATACGGAACAACAAGAAGGTTCTTAGAGATCTTCGGTCTTCGTAACTTAAAAGAACTTCCAACACTTTCTCAAATCGATGAATTATTGCCTGAAGGTATCGGTGAAGAGGAAGAAGAAAAACCAACTTTATCAATGGTGACAGATTCAATGTCGACTGAAGTTAAAGAAGTTTCTTACTCTCAAGGTGAAGAAGAATTAGGTTTAATCGAAGCTGACTTAGAAACAATTACAACTTCTTCTGATTTCTTTGAACAAGAAAAAATCCGCCAAAAGCAAAAACGCGATGCTGAAAAAGCTCAAGATATTCGCGACGCTATGGTGATGGGTGAAGATGTTCCTCGTCGTGATATTAACTGGCTAAAAAAATACGAAGAAGCTTTAGCCTTAGCTGAACAAGGTGCCAATGTGCCGGCTGACTTCGTAGAAGACGCGCAGAACACTGAAGAACTGCAAGCTACTGAACAAAACATCGACCAAATCGAAGCGGGTGAAGGAGCAATGCTTGCTTCTGAAGACAGCGATGATTCTGAAGATGATGAAATGTCAGATGAGCTTCCAATGTTCGAAGAGGCTGATGATGACGGAGAAGGTTCGATCGACGGAGAATTAGTATAAGCCGTATAATTTTAACCGGAGTCTTTCTGTATTTTGTTTCTATGATGATTGTCATGGGAAACGGCTCCTCGTTCTTAGGCCGCTATTTAGGCCAGTATTATTTTCCCGTAGCCAATACTACGGGAGTAAATACGACCTGGAATTTCTTTTCTCCAGATCCAGCGCACATTATGTATGTTCATTACATCGTGCATTTTGAAGATGATTACGGAAATCCGACCAAAGACCCTAAAGAGTATTTCTACCCTGAACAAAAAGATGGATCTAACTTTGCGATGAATGTACGTCGTCATAATTATATGATGCGCTTTATGGTGATTGATCCAATTCGCGTGGCACAGTTTTTTGTGCCCTGGGTTTGTAAACAAAATCCTGGATCTACTAAAGTTCAGTTCGCCTTAATTTTAAATCGTATTCCAAGTTTAGATAAGGTTATCACTCTTAAAGATACTCCTTATAGCGATCTATTAACCACTGAAGAGTTAAATCAAAATGTTTATAGCTGCCAAAAACCAAATTAGAAACTTTCAAAAATTGGTTAACGATTTTCTTTTTGGCGAAGGTCATTTTGAACGTCTTGGTGTGTTTCGTTTTTTACTTTGCGGGGTGATGTTTTACATCGCTTGCTGGCGTCAGTTGAATGTTGACCAGTACGGCCCCAATTCTTTAATTCCTGCCTCTCAAGCGTTTGATGTTTTTAGTGAATTTTATAAACCTTATTTAAAATTATTTTTCTGGCCAGACACTTTAGCTTCGACAGTGCACTGGATTTATATCGGCCTGTTAGGCTTAGCCACAGTGGGTTTGTCTAATCGGGTATTGATGATTTTGACATGGGTGATAGCTCAAGGGTTTATTCAAAGAAATTTTTCAGTACTTTTTGGTGCTGATGTCATCGGTACGTTATTCTTATTTTTCTTAAGTTTTACCCGTTGTAACGAATATTTTTCTTTGCGTGGTTTTTTTCGCAAAAAGAAAGTCGTGTATAACCCAAACTCTTGGGCAGACCAGTTAAGCACAGTCTTTTTTAGACTTTTGCAATTACAACTTTTTACAATTTATGCCTATACAGGTTTTGAAAAATTAAAAGGTCAAACTTGGTGGGACGGAACCGCTCTTTGGACGGTTTTAGTAAATCCACAATTTACTTCGTTTGATTTATTGTTTTTAAAAAACTTTCCTACTTTTTTTGCGATTGGAACTTTCGTAACAATTATTTTTGAAGTTTATTTCTGGGTGATGGTTTCAATCAAACGTACTCGTTTTCTGTGGCTGTGTTTGGGAGTTCTTTTTCACTTGATGATCGGCGTGCTCTTAGGACTTATGTCGTTCTCACTTGTGATGGTCTCGACTTACGTTTTATTCAGTTATCGCGCCAATCTGAGACAGTTTATGGAAAAAGCTCTTCCAGTGCGCTTACAAAAGCTTATAAGCCTGTAGAACCCTTAAGAATTTTCAAAAAATTACCGATAAATAAAGGGTATGCTTCTTCGTTTATCGGCTTTAATTTCTATGTTTGTTTTGCACGGTTGTACTGGCGCTATGAATGCCAAATCACTTCTGTCTGAAAATACACCCTGCACTGAAAACTGTTCAACAAGTACACCAGGTGTAATTTCTGGTGATTTAGCAATCCTTCCAGATGACGGTGAGATTTTTGCTTCTACAGAAGGTTCTGATTTAGTTGAAATCACAGGAGCTTGTAAAGATTTAGGCCGTAAAGCTAACCGCATTCTTGTGCAAGTTTACGAAGGCGAAAACGATGCAGTAGCGCCTATTATCGATAACTCTATCGGAGTTAATTGCCAAGAAGACATTACAACGACATCACTTCGTGGTGGCACAACATGTTTATTGATTTCTCAAGGTATTGGTTTAGCAGACTCTGGCGGTACGACATCGCAGTTTCCGCAATGTTTTAACGGCCGCTTTAGTTTTCAATTACGTAT
CP176530.1_gap43	1747500	1749957	2457	ATTGAAATTGAACAAATAAAAAAGGCCTACTTCAACAGTAAGCCTTTTTTATTAATAAATCATCGATTCTAGCACTAAGGAGCGCGTGAAGCGCTCCCTTTAGAATAAGGTCTGCCGGAGGCAGATCAAAACAAGAGGCGATAAAAACGCCGCCCGTCTCTTAACTAAAAAGTCTCGTCAAACGCAACTTGCCCCGAAACTCCCATTTGATAAGCCGATACACGGCGCTCGAAGAAGTTTGCAAGCTCTTGCATGTCTTGTAATTCCATGAAAGAGAACGGGTTTTTAGCGTTGTAACGTTTAGGAATGCTTAACATCTCTAAACGTTGGTCAGCGATGTATTCTAAGTATTGGCGCATATCAGTTACTGATAAACCAGCAATACCGTGAGTTAAAAGATCTTCGGCAAAAGTCATTTCGCACTCGATAGCGTCTTCTAACATTTGAACAACCATCTCTTGCATTTGTTCGTTGAATAAACCGGGATCTTCTTTACGAACTGTATTGATAACTTCCATCGCGAAAGCCATGTGCATGCTCTCGTCACGGAATACCCAGTTAGTACCACTTGCAAGACCTGCTAATAAACCTTTAGAGCGTAAGAAGTAAACGTAAGCAAACGCTGCGAAGAAGAATAAACCTTCAATGCAAGTTGCAAAGCAGATTAAGTTCATTACGAATTTTCTGCGGTCTTCAGTTGTTTCTAATTTGTCTAAATCATTGATTGAATCAATCCATTTGAAAGCAAATTCAGCTTTCTTTTTGATAGATGGAATGTTTTCAACCGCAGCAAATGCTTTCGCACGCTCATCCGGATGTGGGATGTAGTTATCTAATAAAGTTAGATAGAATTGTACGTGTAAAGCCTCTTCGTAAAGCTGGCGTGATAAGTATAAACGTGCTTCAGGAGAATTGATGTGTTTGTAAAGGTTTAATACTAAGTTGTTACCAACGATAGAATCGCCTGTTGCAAAGAAAGCCACTAATCTGTGGATTAAGTGCTTCTCTGAAGCTGTCATTTTTGAGTGTAAATCAACTAAGTCAGTTGAAAAATCAACTTCTTCAACTGTCCAAGTGTTTTTAATACCGTTTTTGTACATTTCGTAGAAAAGCGGGTATTTCATCGGACGTAAATTTAAATCAAAACCTGGATCTAAAATCATTTTCTATTCCTCTCTCTATATATTTCGTTGAGTTGTCAGTATCCTTTAAGGACTACTGGCAAGCCTCACATGCTTCTGGGTTTTCTAAGCTACAAGCGATCACTTCTGACTCTGTGTATTCTTTTTTAGCTGGAGCTGCAGATGCTGCATCCATTGCTGGAATGCTAGATGCTTCAGTTTTAGCCGCAGAAGATTTTGTTACAGTCGTTTTAGCGATTGAAGTCGCAGGACGAGAGCGTAAGTAATAAGTTGTTTTGATTCCGCGTTTCCAAGCGTACATGTACATTGAAGATAATTTTCCGATCGTTGGAGATTCAGAGAATAAGTTCAATGATTGTGATTGATCGATAAACGCACCACGATCAGCACCCATGTCGATTAATGCTTTCATCGGAACTTCCCAAACTGTGCGGTAAAGTTCTTGAACGTCAGCAGGAATTGAAGCTAGGCCTTGGATCGAACCTTCACTTAATTTGATTTCGTTACGTAATTCTTCATTCCAAAGACCACGTTGTTTTAAATCAGCTACTAAGTAACGGTTAACTTGCATGAATTCACCAGAAAGTGTTTCACGTTTAAATAAGTTAGAAACTTGTGGTTCAGTCGCTTCGTAACAACCAACGATAGATGCGATAGTTGCAGTTGGTGCAATCGCGATCATTAATGAGTTACGTAAACCAGTTTTTTTAATTTTTGCTTTAAGGTTGTTCCAACGAGTTTCGTCAGTTGGTTTAACACCCCAAAGGTCAAATTGTAATAAACCTTGAGCGGCTTTTGTATCAGCAAACGCTGTATGAGCACCGTGCTTCTCAGCTAATTCAGCAGAAGCTGTTAAAGCGTGGAAGTAGATCTCTTCTTGGATACGAGCTGATAATTTTTGCGCTGCTTCAGAGTCAAAAGCGTATTTTAATTGGAAGAAAGCATCTTGAAGACCCATGATACCTAAACCAACTGGACGCCATTTGTGATTTGAATCTTTAGCTGTGTCGATCGGGTAGAAGTTGATATCAACTACGCGGTCTAAGTATTTAACTGCTGTTTGAACAGTTTTAGCTAATTTTTCGAAATCAAATTGGCCATTAACAATGTGGCGGCCTAAGTTCACAGAACCTAAGTTACAAACGGCTGTTTCTTTATTTGAAGTCACTTCTAAAATCTCTGTGCAAAGATTTGATAAGTGGATCACATTTTCAGGTTTACCAGTTTGGTTCGCTTTCATGTTTGAAGCGTCTTTGAAAGTCATCCAACCGTTACCAGTTTGAGCCAATGTCTTCATCATACGAGCGTAAAGATC
CP176530.1_gap44	1830752	1831813	1061	ACATCTGTCGTGATCGCAATGATTTGCGCTTTCGGGCGGAACGTTGAAATAATTTGCGCTGTTTTTCCTGAAGTTGTTAAGCACACGATTGCTGAAGCATTTAACTTTAAAGCTGAAAGCACCGAACTTGCCGCAATGGCCGCTGGTGTTGATAACAATTCGTTCTCTAAAGAAAGTTTGTAATAGTTCTCTTCAGACTTTTCCACTTCAAGAATAATTTCGTGCATCGTACGAATCGCTTTAAATGGGTATTTACCACTCGCCGATTCAGCTGAAAGCATTAAAGCATCGGTTCCATCTAACACGGCATTAGCAACGTCTGTGATTTCAGCACGTGTCGGGCGCGGATTTTCAACCATTGAATCAAGCATTTGAGTCGCTGTGATTACGGGTTTTCCTAATTTATTACATAAAGAAATAATTCTTTTTTGCGAACTTGGTAAACGGCTTTGACCAACTTCTACAGCTAAGTCACCACGGGCTACCATCACAACGTCAGATAAACGCACGATTTCTTCTAGGTTTTCTAGCGCTTCTAACATTTCAATTTTAGCGACAATACGAGCCGGAGATTTATGTGAATCAATAATTTCACGCAATTGGCGAATATCTTTACCAAAACGCACGAAACTTAAAGCGATATAATCAACACCGTTTTTTAAACCGAAATCTAAATCTTTAAGATCTTTTTCAGTCATAGCTTCAACTGGAAGCATAACACCTGGAAGATTCATTCCTTTACGGTTTTTTAAAATTCCGCCGTAGATAACCTTAGCTTCTAAAGCTTTTTCACCGACTTTTAAAACTTCAAGTTCGATAAGACCGTCATCAATTAAAATTTTATTGCCGGGCTTAGCCGCTTTGCAAAGTTCTTTAAAATCACTTGGAATTAAACCTTCTTTACCTAACACGTCTTCAATCGTCACTGTGACAACTTGGTTTGGACTCAAGTTGATCGAGCCTTTTTCAAAAAGACCCACGCGAACTTTTGGCCCTTGAAGATCTTGTAAGATTGTAACTGGGGCATTGAGCTCTTTTGATTTTTCGCGAACAGCATGAAT
CP176530.1_gap45	1834833	1836430	1597	CCACCGGCATTTAACGCGATAATAGGAACTTTATTTTGACTGGCCCACTTCATTAACGGACGCGTGAATTCCCACGGAAAACCCCAAATTTTCTTCCATTCGATTTTTTTTAAAAATTCGCGCTCGCTTAAGTGACCTTGAAGATACGTGTTAATAACTTTTTGATGTTCTGTGAAAAAACATTCTAAGCCTAAGCACACATTTTGAGCGCCAAGCTTACGCGCGATACGAAGAACCGCACGCGTTGATTGAGCTTGCGCGTGAAAATCGCCGATATAAACGATTTGACTTTTATCCATTTGTTTAAATAGTTCTTGTTTACGGCCCACTTCCCAGGGGGAACGGTTCAATTCTTGCTCGTAATTTTGTTGGTATTTTTGGATAGAACGCGTACGAAAGCCTACTAAGTCTTCAACCTTGCTGCGAATTCTCATGTAGTAATCATACTTAACTTTAACCAAAGTCATTGCACTATGTTAATAAATGATTGCTTGATTTCAACCTTTAATCGTCAAAAAATAACATTTAGTTATAATAATTTACTTTAGGAATACAAAATATGAGTAAAAAACTGAACTTTTTGTTATTAAGTTTCTTGGCTTCAATCGGTGTTTTTGGGTACCTGTCTTACCACCACTACATGGTAAAACTGGGCATGAGCGGAAGCTCTCTTTGTCAAATTAACGAAAAATTAAACTGCGATGTCGCAGCCATGAGTTCTTACGCTGAAATTTTCACGATCCCCATCGCAGTTCTTGGCCTAAGCTATTCAATTATTATGTTGGGCATTTTTCTTTTTGCCAAATTAGGTTGGTTTGAAGAAAGCGATGGCTATAAAACTATCGTTAAAGGCTTAACGGCTGTTTCGGCAGTTTTTTCGCTTGTACTTTTCTTCGTTTCTACAACGCAGCTAAAAACATTCTGCCCGTTCTGTATCGCTGGATATGTTCTATCATTTATCATTGTGTTTTTAACTTGGTCGCTATACTCAGACAGCAAGTTTAATTTCGCAGCTATTGCTGGCGAGAAAAATATTCTTGGAACTTTAGTAGCTGTGCCTGTTTTGGCTTGGTTTATTTCTGGTTCTGTTCGCGATAACTTTGGCTTATCGCAAATGGAAAAAATCGTTCCTGAAAAAGTTTATCACTGGCAACAATCACCAGTGGTTAATTTTGATAACGGTTTAGGCCTTGTTAAAGGCAGCAGCGAAGCTTCAGCTCCAGTTTTAACTGAATTTGCTGACTTTAAATGCCCGCACTGCAAAGTAGCCGCTGGAACAATCAAAAACTTCTTAGCTAGTAACAAAAACGTAAAAATGGTTTTCAAACCTTACCCACTTGATGGCGCGTGTAACCCACACATCCCTTCTAAAGGCGATGGTTCACGTTGTGAATTAGCTGGCTGGGCTTTATGTGGCGAAAAGCTATTCCAAAAAGGTTGGGATATTCACTACTGGATTTTTGATCATCAAGAAGCCATGATGCATGATTCAAATCTATCGTCTTATTTAGAACAAATGAGTAAAGAACTTGGCATAGACGGTGCGCAATTAAAAACTTGCGCAACTTCAGCTGAAACTTACGATATCATCAAAAAA
CP176530.1_gap46	1838053	1838961	908	TTGAAAGAAAACGATTTACAACGTCAATTGACTGAAAGCCAATTGTCAGAATCGAACCATAAAAATCAAATGAATGTGACGAAGGCTGAGATGGAGCGACAAACTGAACTGCTTGACGCTACAAGAAAACAATTAAGTCATAAAATCACAGAAGTAGAAGATTTAACTTTAAGACTCAAAATGCTTGAAAAGTTAAATTCTAATCTTTCTTTAAATCTAAAAGATCATCAGATCTAATAGCATCCGATAAAGTCAAATAGGTCTTCATATTGATCCCTTTAAGCTCTAACAGGCGATAGAAATCATGCTGAAGGCCAACGACTTTTGCCTCAGGAATAACATTAATAGACTCAAAAAATGTGGTAATATTGGCTGACGCTGTGAATGATAAGCCTTCAAGGCAGAAAACGACCTTACGACCCTTTAATTTTCTCTCGCACACGTCTCTAAATGGTTTATTTTGATCTGGTTCGATACGGCCTTTAATTTCAACAACTGTAACTTGGCCAACTTCATAGAACTTTGCTTGCATATTCACCCGCCTACAAGACTTATCGAAATTACGCAAAAATAGTGAATAGACCTCAGTCTTGAAGTGACAAATTATTTTTCTCTTTTTAGACTTTTATTCAGTGATTTACACCTGGATTAGACTACTTTTATTAACGATCTTATTTTGTGCCAACAACGCGCTTGCTCAAACAGGACCGACGTCGCAAACGGCAACAGCTGCGCCATCTCCTTCAGAAAAACTTTCTTCAGGGGCTTTAACCACATCTAAAATTTCTGGCTTTACGATTACCGCAGAAAATTTGTACCGCGACTTAGAAAAAGGCTTAGTTCAAATTTCTGGAAACGTACAGATCATTTATCAAAACCAACATTTCAGTGCTGACTTTGTTGAATTA
CP176530.1_gap47	1895861	1896911	1050	CAGGTTGCAAAGCTTGCTTGGGCTAAGAAGGTCGTAAGAAGCAAAGAAGTTAGCGCGCGAGACAGTTTCATAAAGATCCTCCAACAGCTGATCACAAAGCAACGAAAGTGCCACCTGGGCTGGTGTTAATTTGTCTTATAATCCTTAAAAAGTGCAAAGAGGCTCCATAGAGTGCCCCTCTGTCGAAAACCTTAACAGGCCTAAGCTATTTAAATCGCTTTAATTCTTACGCCTTTGGCACCCCGTCTGCAGTCTTAAAATCGCTTTTACGGGAGTTAAATACATGTCGAAGTTCAAATTCTCATACTTCATTCTGCCCTGCCTGATTTCTTCAAGTGTTTTTGCCTATATGGATTTAAAAACTTCACGAGGTGAAAAAACTTTAACTTTTGCTAAAAACGAGATCTGTGTAATTCCCAGAAAATTTCCGAATATTGATCCAAAAAAACTTGGCCAATCAAACTATTCAGCGAAAGATTTAGAGAGCGAACTAGAACTTTGCCGCATGGATTTTCAAGCACAAACTCCGGTTACGAAAAACACAACTCAAAACTATGCCGTTGGCATCTGCCCGAAACTTCACAACACAAACCCGGGCCTAGAAATTTATGAAATTGGTGCAGGATTTACCAAACAATCACTTGAAACCAAAATTTGCGATATGCCTTCAAACCTTCGTGAAGGAACAAAACTAGCAAAATACAAACTCAGCACAAGCTGTAGCTATACACCTTCAATTCTAGCTTACTATCACGTATCCCGCATTATGGGTGATATTTTAAAAGTTCCGCCAGTGGTTTTAAGAACGATGGATGCTGAAGCTTACAAAGCTGTGCCGGCAAAGGGTAAAAAAACACTCTCTAAAGGCGGCGTTATCGCAGCCACCTGGAAAGCTGTGATTAACCAATTAAATAACCCGGCAACTGATAAACGTGGCCCTTACTTATTCACGAATGATTACATGCAAACTTTTGGTGGCCTAATGAAAAACGCCAAAGGCGAAGCGGCTTGGTTAGAAATTTCTAACGATGCTGGCGGCGAACAAATGGC
CP176530.1_gap48	1904485	1907708	3223	CAACACAAGAGTTAGATTCACCACATAAGATTTATGTTACGCAGGCGAATTTTGAAAAACATTTAGAGTTTTACAAAAATGCTGGCTTTGAAACCGTGACTTTTTCTGAATTAAAACAATTTAAAAACGGCACACGTTCATTTGATCAGTTTCCGAAAAAACCATTAGTGCTAACTTTTGATGATGGTTACTGGGATAATTTAAATAACGCTGACCCCTTACTTAAAAAGTATAACTTCAAAGCACAGATCTTTCTATTAGCGAATAACGAAATCAGCCACAACCAATGGGATGAAGCTAATTCTGAAAAAGGCGATAAGATTATCTCAGGCACTGACCGTAAACTTTGGCTTAACTCAAATTTTGAAATCGGCTCACACGGTTTTAGTCATAAACGCATTACTGAGATGACGCCTGACCAAGCGTTTGCCGAACTAATTGATTCAAAACGTGCGCTAGAGAAAGAATTTGAACGCGAAGTGTGTGTCTACGCTTACACTTACGGTGATACCAACGCCGCTTGTGCAAAGCTAGCTGAGGCCGCTGGGTATGACTTTGCCGTTAATACAGACACCGGCGGACTTAAAATGTTCGATGACCCGTTTCAGATTTTTAGAGTAAATATTTTTCCAGATGAGACAAAGTTCTCTCTATGGAAAAAAACTGCTTCTTGGTATCGTTCGTACTATTTTAAAAAACGTAAGAAGTAGTTATCTAAACACGACCTAAAGCTTCCTCTAGATCGCCGATAAGATCATCAATGCTCTCAAGGCCTACACTTAAACGAATAAGCTTTGGATCAATACCGCAGTTATCCAGCTTATCTTTAGGATACGCTGAGTGAGTCATATAACCTGGCACTTCGATTAAAGTTTTATTTAAACCAAGACTCACAGCTAGAGTGATACTGTATGAATTTTTCGCGATATCATCGACAAACTTCGCTGTCTTTTTCATATCACCTTTTAGCGTGAAGGCGATCATTAAACCTGGAGCAAATTTTCCTTCAGGAGTTTTTAAGTATTTTTTAGCTAATTTTTTTTCAGGAAAGCTTTCAAGACCTGGGTAAAAAATCTTTTCTACTTTTTTACTCTTAGCTAAAAACTTCGCTATAGCCATAGCATTTTCTTGTTGTTTTTCAAAACGTAATGACTGCGTTGATAAACCATAAACCATGATGTGCCACGCCGAAAATGGATTAATGATAGCCCCAAAATCTTTACGACCAAGTTTCAGAGTCGCTTCGTATTTTTTAGCCGTCATCACAGCGCCGCCCATATCAGTTCCAAAACCTGACATATTTTTTGTCAAACTTTGAATCACGATATCTACGCCCCACTCAATTGGGCGTAATCCCCAAGGTGTGGCGAAAGTATTATCCACAGCGAATAAAATTTTATTATCGTCTTTACGAGTTTTGTTGGCTTTAGCGATCGCTTTAACAACGCGTTCAAGATCAATGATTTCTAAATTCGGATTACAAACAGATTCACAATAAACTAAACGAACTGATTTATCTTTAAACGCTTCATCAAGATCTGTGTCATTTAAATTACATAACTCAGTTTCAACACCAAACTTCGGCATCCAGCTTGTCAGTAAACTGTACGTACAACCGTATAAAGTTTTATGCGAAATAACTTTTTGCCCTTGTTTTACAAATGACAAAATCGTTGTTGAAATTGCGCCCATGCCGCTTCCGAAACTTACGGCACATTCGGCTGATTCCATAATTTTTAACTGTTCTTCAAGCATCAATGTCGTTGGTTCATCTAGGCGATCGTAAATTAAAATCGGCGTTTCATTTTTGGGATTACCGAACTGGTTAAAACCTTCGGCACCACGTTGTAAACTTTCAAGACGAAATGTTGTTGAGGCGGTTAACGGTGGAATAATGTGATGTGAATAATCCCAGGCTGACGTTGTATGTTCGCCGTGAATGGACTGAGTTCTTTTCGAAACTTTTTTAGATAAAAGAGATTTTTTGTTCGCCATGTATTCCTCGTGTGTCAAAATACTAGAGTTTGAACACTAGAACGAGCAAGGCATGTCTCTGTGTATTAATGCATGGTCAGGAAATTTACCCCAACCATGCTAATGAAACGATCTGATTATAGCCCAAATGCTTTAAGAGATTGCACAACAATAACGGCTAATAAGTAAGCAAATGCGTTACTTCCCACTAATTGTAAACCTGTCCACAACCAGCTGCCATTTTCTTTCTTTAAAACGCCCACAGTTGTTAAACACTGCATAGCAATCATAAAGAAAATAAAAATACCGACAACAGAAGCTACGGTAAAGATTGGCGTGCCATCAGCAAATTTAGCTTCAGCCATTTTCTCTAAAATTGGCGTCGTGTTTTCCTCATCTTCAACTTTTGCATTCAGTGACAAGGCTAAGCTTGATACGAAAACTTCGCGTGCTGCAAATGAAGCTACGTACGCGAAACCCACGCGACCATCTAAACCCAGCGGTTTAAAAATTGGCTCAATCGCTGTTGAAACTTGCATCGCATATGATGGTGGAGCTTGATCTTCTGGAGTACCTTCAGCTGCTTTCGGGAATGTTGTCGCAAACCAAAGAATAACTGTAAGACCAACGATCACCGGCCCTGCTTTTTTCACGAATGAAACCGATTTATCCCAAGATTGGCGAAGAATCGTTCTAAAACGTGGTCTACGATAAAATGGTAAATCCATCATTAAGCGCGAAGACTGTTGGCTTTCGATCATTTTTGATAAAATTGCAGACGCTACTGCGCCAATCACGATTGAACCAAAGTATAGCGACGCCATAATAAAGCCGCCCATTAAAACACTGGTTGTACCACCAGCGATTAAAAAACCGATTAGTAAACCGTACACCGGTAAACGTGCCGAGCACGACATAAACGGAATTGTGAATTGCGCGATCATTCTTTCTTTACGAGATGTAATATTACGAGTCGCCATGATCGCTGGAATTGCGCAAGCAAAACCAGATAACATCGGAACGAATGAACGGCCACCAAGACCTACTTTTTTAAGAGGCCCGTCGATTAACGCCGCCACACGAGATAAGTACCCTGTGCTTTCAAATAAACCGATACCGATAAATAGAATGAAAATTTGTGGAACGAAAATAATCACGCCGTTAATCGCCGCTAAGATACCATCACCGATAAATTCGCCCAGTAATCCCGGAATGTGTGCTTTTGTGTAATCAATCGATGTAGCCATGG
CP176530.1_gap49	1916362	1917004	642	AGCTGATGGTTCTTTTCTTCAGTCGAAGCACGAGCAAGCTCAATTTTCGGCGGAATATAACCAGCTTCTAAAGTTTTCGGATCGATAAATGTGTTCACACCAATAATCGGTAATTCGCCAGAGTGTTTAAGATGTTCGTAGTACATCGACTCTTCTTGAATTTTTGAACGTTGGTACTGAGTTTCCATAGCGCCTAATACACCACCGCGCTCAGAGATACGTTTAAATTCAGCTAATACCGCTTCTTCAACTAGATCAGTTAATTCTTCAACGAAGTAAGAACCTTGATTGATGTTTTCATTTTTCATCGCTCCGTATTCACGGTTGATGATCATTTGAATGGCCATCGCACGGCGAACTGACTCTTGCGTAGGTGTTGTGATCGCTTCGTCATAGGCATTTGTGTGTAACGAGTTACAGTTATCGTTTAACGCAACTAAGGCCTGTAATGTTGTACGAATGTCGTTAAAATCGATCTCTTGCGCATGCAGAGAACGCCCAGATGTTTGGATATGGTATTTAAGCTTTTGTGAACGTTCGTTACCTTTGTAAAGATCACGCATCGCCACAGCCCAGATACGACGAGCTACGCGGCCTAAAACCGTGTACTCAGGATCAAGACCATTTGAGAAGAAGAAACTT
CP176530.1_gap50	1930565	1935434	4869	GAAGATTTTGGGCCACGGATAACTTCTACCAGAGGCATTTTGTGAACCGGAGAGAAAAAGTGCATACCTGCGAAATACTGTGGATTTGGATGACCGTCAGCCATTTCAGTCACTGATAATGATGACGTGTTCGTCACGATAATAGCATCTTCACGCATATTCTTCGCCGTCTCATTGATCACTTTCTTTTTGATATTCATATCTTCAACGATCGCTTCAACAACAACGTCTAAAGTTTTAAAACCTGAGAAATCTAAAGTCGTAGAAACAAGAGAAGTTTTTTGTGAGAATTGGTAATTATCAATGACTTTTTTCTTAACTAACTTCTTCCATAAATCATAAGCGTGTTTTAAAGCTTTTGTATTGGCATCATGAGAAATATCTTTAACACGAACGCCGATACCTTTATCAGCCGCTACGTAAGCGATACCGCCACCCATAGTTCCCGCACCTAAAACACCGATATTTTTAACTGGTCTAGCTTTTACGTTTTTATCAGCCACACCCGTAGATTTTTTAACCATTTCAGTTAAATAAAATACGTGAATTAAGTTTTTAGAAATATCAGTTAAAGCACAACGAACAAAGTGGTCTTTTTCGATTTCTAAAGCTTTAGCACGATTAGACATGCCATAAGATTTTTTAACCACTTCTAACGCTTCAATCGGAGCAGGATAGTGACCTTTAGTCGCTTTTAAAGTTGCTTTTTTCGCTTGCGAAAATACAACACCTTTTAAAGGCCCTTCTAAAAGTTTACCCATCATGCCGCGCGCTTGAAACGTTTTACGGCGTTTACCACGACCCGAAGATAAAATCTTTTCGATTTCTTTTTCTGCAAAAGTTTCTAGTAAGTTCGGATGAACCACGTAATCAACTAAACCGATTTTTAAAGCTTTTTTAGCATTTAATAATTTACCAGCTAAAATCACATCAAGTGCTGCTTGAATACCAACTACACGTGGTAAACGCACACAGCCGCCGAAACCCGGTAAAATACCTAATTGAGTTTCAGGAAGACCAATACGTGTTGATGAATCATCTGAGGCAATACGGTAATCACAAGCTAAGATAAATTCACAACCACCACCAGCGCACGCCCCGTTAATTAAAGCCATTGTTGGCATCGGAAGATCTTCAACCATATTCATGATCTCTTGACCACCGCCAACCGCTTCGCGAACCGCCGCTTCAGTTGTTAACGCTTTGATTTCTTCAATATCAGCACCCGCAATAAAGATTTTTGATTTTGCTGATTTGAAAACTACAAATTTGTAACTTGAAGTTTTTAATTTTTCGATAAGAGCTTTAAACTCCATCATAACAGGAGTTGAAAATTTATTTACTTTTTCACCTGGTAAATCAAACGTAACGTGAGCCACGCCATTTTTTTCGTTGAGAGAGAAAGCTTTGCCTGATGTATTGCCAGTTGATTGTGTGGTTTGCATTTCCATTTGTCTTTATTACCCTTCGTTTTCAATAACCATGGAGCCGCCTTGGCCGCCACCGATACATAAAGTTGCAAGTCCAAACTGTTTATTTGAACGTTTTAATTCTTTAGCTAAAGTTAAAACTAAACGAGTTCCTGTGGCACCGACCGGATGACCTAGCGCAATCGCTCCGCCATTCACGTTTAAGATGTCATCATTCACTGTTCCAACTTTTGCTGATAAACCTAATTTTTCTTGCGCGAATTTGTCTGAATCCATCGCTTTTTGACAAGCCATTACTTGTGCCGCGAAAGCTTCATTAAGTTCAACACGGCCCATGTCTTTCATTGTAAGACCGGCACGTTTAAGAGCGATCGGCGTTGAATACACCGGACCTAATCCCATTCTTTCTGGCTCACAACCCGCAAACGCATAACCGCGAATTTTTGCGATTGGTTTATAACCTAAGCTTTGAGCTTTTTCGCGCGACATAATTAACATCATCGCGGCACCATCAGTGATTGGACACGCGTTACCCGCCGTGATTGTTCCCGTCACTTTATCGATCATTGGCTTTAATTTACCTAAAGCTTGCATTGTTTGTTCAGCGCGCGGACCAATATCTTCAGTCACCACATCTTTGAAATCTGGTTCAACATAAAGCGGAGTCATTTCTTCTGCAAATTTGGCTTTAGCACCGGCTGCTTTTAAGTGTGAGGCTAATGCGAAAGCATCTTGCGCTTCACGAGTTAAACCCCACTCTTTTGCTAAAATTTCAGCTGTACCCATCATGTTGATTCCGACAAAAGGATCAGTCAGACCTTCAACGATTGAAATGATTGGTTTGTATTTTGTTTTCGCCATCGGAGCAGTGGTTACCATCTCTTTAATTTGCGAAAGATCAGCTTTAAACCAATCCCATAAAGCAGCTAAACGTTGACCGCCTGTTTTTGCCGACCCTAATCTTTCGATAATTGATGTGATCGACGGAGGCATAATCAATGGCATTTGCGACATGTTTTCAGTACCACCGACAAGCACTACATCCATTGTTCCAGATTTAATTTTTTCGTAACCTGCAGAAATAGATTCTAAAGCTGAAGCACAGTTACGGTGCACAGTGACTGCAGAAGTTTTTTGTGGGATTCCGGCATTTAATGCCACCACACGCGAAATGTTTACGGCGTCAGATGGTGAACCTGTATTACCGATGATTACTTCATCAACAACATTCACATCCAAGTTTGTACGCGCCAACAAATCTTTCATAGCCACTTGGCCAAGTTTTGCTGCATGCACGCCTTTTAATTTTGTTCCTGCTTTTGCAAATGGAGTACGCACTCCTTCGACAATCACTACATCCCTGTTTGACATCACTTACCTCACTGTAACTTTAAAATGACCTATTAAGCGTACGCCCAAATTTAAGCTAAAGCAAATGACGCCTATCAATATAGGACACAGGTGTTGTTGACCCTTTAAAGGGGTAAAACTTAGAATGAAAACTCTAGGAGTTTATTTTGCAAAAATCGTCTACTCACAACAAAACTACTCAATCTGATAAATCAACTGACCGTTCAAATTTTGATAAACAAGCCCTTGAATTCCACCAAATGGGAAGGCCAGGTAAGATCGAAGTTGTCTCAACAAAACCGTGTAACACTGAGAAAGCATTAGCTTTAGCGTATTCGCCAGGCGTTGCTGTGCCTTGTAAAGTGATCGCGAAAAACCCGGAAGCGGTTTACGACTACACGACAAAAGGTAATTTAGTGGCCGTGATCTCGGACGGTACTGCTGTACTGGGCTTAGGTAATATCGGACCCTTAGCTTCAAAACCCGTTATGGAAGGTAAAGGAATTTTATTTAAGAACTTTGCCGGCATCGACGTTTTCGATATCGAAGTTAAATCTTCTTCAGCGGCTGAATTTATTGCCGCAGTTAGAACTTTAGAACCAACATTCGGCGGAATTAATCTTGAAGATATCAAAGCCCCTGAATGTTTTGAAATTGAAGAAACATTAAAAAAAGAAATGAACATTCCGGTATTCCATGATGACCAACATGGAACAGCGATTGTTTCTGGCGCAGCCCTAATTAATGCTTGCCAAATCGTAGGTAAAAAACTTTCTGAAATTAAATTAGTTGTTAACGGCGCTGGTGCTTCTGCCATTGCCTGTACAAAACTTATTGTAAGCCTTGGTGTAAAAAAAGAAAACGTTATCATGTGTGATACAACCGGCGTGATTTTCAAAGGTCGTACAAACGGCATGAACAAGTACAAAGAAGAATTTGCTAATAACACGACAAAACGCACTCTTTCTGAAGCCTTAGAAGGTGCTGATGTGTTTTTGGGACTTTCTGCTGCAGGTGCCGTAACAGGTGATATGGTTAAAACCATGGCGAAAGATCCCATCATTTTCGCCATGGCAAATCCAGATCCAGAAATCACTCCGGATGCAGCTCGTGCCGCACGCGCTGATGCGATCGTTGCCACTGGCCGCTCTGATTACCCTAACCAAGTAAATAACGTTTTAGGCTTCCCGTCGATTTTCCGTGGTGCGCTTGATACGCGTGCGACACAAATCAATGAAGAAATGAAATTAGCGGCGGTTCACGCTTTAGCTAAATTAGCACGCGAAGAAGTTCCTGATACAGTTTCTGCCAGCTACGGCGGGCAAAAATTTAAATTCGGCCGCGATTATTTAATTCCAAAACCATTTGATACGCGCGTATTAATGTGGGTTGCTCCGGCTGTTGCCAAAGCGGCAATGGATACAGGTGTTGCCCGTGTTAAAATTGATGACTGGAACAAATACCATGAACGCTTAGAAGCGATTCAAGGCCCACAAAAAGTATTTATCCGTTCAGTGATCAACCAAGTTCACGCAAATTCTGAACGCCAAGGAGCTCTTCCGCGCGTTGTGTTTCCAGAGGGTTCAAGCTCAAAAATTTTAAAATCAATCCGCGCTTTAATCGACGAAAAAATCTGCAGCCCGATCGTCATCGGTAATCCGGATACAATTCGCGAAAAAGCCAAAAAACATAATGTCGATATGGATGGTATTGAAATTTTAAATATCCAAGGACATCCAAAATTTCACCAATACGCTGAAGAGCTTTACAAACGCCGCCAACGTAAAGGCGTAAACATTAAAGAAGCTGAACGTTTAATGAATGACCCAAGCTATTTTGCATCGATGATGATCGATCAAGGCGACGCTGATGGTATGGTGAACGGCGCAACTACGAATTACGCTGATGCGGTAAAACCAATTCTTCACACAATCGGTTTAGCTAAAGACCACGTTCCTGCTGGTTTAAATATTTTAATTTCTGATAACAGATTTTTATTCTTGTCAGATACAACGGTGAATTTTAACCCGACAGCTGAACAGTTGGCGCAAATCGCAATTCAAACAGCGGTTGTGGCTGAACACTTCGG
CP176530.1_gap51	1956685	1959137	2452	GTACTTAAAAAAATGGTAGCTTCTGCGACTGTGATTGATCCGGAAAAAAATAATCACGCTTATTTTAAGCGTGATAAACCTGAAACATTACTGATTGATGAAATTGAAGCGATCTGGAAACCGATCAGTGATAAAGACGACTGGACTTTATTTGAAAATAAAATCCAGTCTTTAAGATTACTTAGAGGCCTCTACAAGCTCTGAAGATTTATTTTCATAAGTCGCAGTAGCTGCTGCTGGGTGAACTTCATCCTCACTACCTTGGATTCTTCTCGCCATTTTTTGCGACCATTTACGGAATCTTTCAATGTATCCGTAAGCGGCAGGAACCACGATTAACGTTAAGATTGTCGAACTGATAACACCGCAGATAATCGCCACACCCATTGAACGGCGTTGCGAACCTAATGCTGTTACACCGATCGCGATAGGTAACATACCGGCGATTAACGCTAACGACGTCATTAAGATCGGACGAAGACGTGTACGGCAAGCTTTAACTAAAGCTTGGTTCATAGCCATACCTTGTTCGATAAGTTGGTTCGTATAATCCACAAGAAGGATCGAGTTCTTCGCCACAACCCCCATAAGTAAGATCATACCAATCATCGAGAAGATATCGATAGAAAGATCGAACACCACTAAACCAACGAATGCTCCCGAGATACCCAGTGGTAACGCAAGCAAGATCGTGATCGGAGTTACGAAACTTTCGTAAAGCGAAGCTAATACTAAGTAGATTAACAACACACCAAAGCCCATGGCTAATAACATATTGGCCATTAACTCTTGGAAGTCTTTCGCCATACCTTCGAAGCGGTATTCAACACCAGCTGGTGGTTTCATATCCGTCGCAAGCATTTTCTGAATTTCAGTAGTTGCTGTACCTAATTGACCATTCGGACCAAGGTTGGCAGTGATCGCAATATAACGGCCTTTATTTTGACGGTTAATTTGCGAGTAACCTAAAGCCTCTTCACCTTTAGCCACGCGGCTTAATGGAACCATGTTGAAGTTTGAATTCGGAACAAATGTTGTTCTAAATTCTTTTTCTAAATTCATTTCTGAATCTGGGAATTTTAAACGCACATCATATTCAATACCATTTTGACGGTATACCGCTGGTAACGCGCCTTCAGTGCGGTAACGAAGTTCTGCACCGGCAGTTACAGTCGAAATACCTAAAGCTTCTGAACGATCACGGTCAAACACCACATGGTATTCGGGTTTACCACCGCGGAAGTTTGTATCAACGTCCACTAAGCCAGGAATTGCTTGAATGCGTTTCTGTAAAGCGGCTGCATATGTTGATAACTCTTCTAAATTTTCGCTCACTAGGTATAGATTTAATGGTTTTTGACCACCACCACCGATATCGTAGTCACCGACCGCGATATTAGCTTGTGAACGATGCTTTTCAGTTAACGCTCTGACTTTTTCTTTTACGTCTGTTGTCGACATACCTTTTCTAAGTTTCGCGTCTTTTAAAGCCACGTAGAAATCAGCTTTATTGGCTTCAAGAGTTACCGAACCCACTGTTAATGAAACTAAATGTACTTCTGGTACAGACTTAATTTCAGCTTCTAGTATTTTAGCAAAACTAAAAGTGTGTTCTAATGAAGTACCTACAGGCATTTCAAGCGACACTGTAAATTCACCGGTATCAGCAGCTGGTAAGAACGTTTTCTTAACCATCGCACCACCGGCAATCGTTGTAACAAGGAAGAAAACCACCGCAGAAACTAAAACTTTAATACGGTTATTTAAAGTCCAACGTAAAGAGGATTCATAGATATCTTCAAGTTTAGTTTGAAAACGGTCGAATGATTTTAACATGCGGTCTACAAAGCCATCACCTTTTTCATGGCTGTGTTTATTAACCATGTAAGCTGATAACATCGGAGCCACCGTAAACGCATCCCAAATCGAAATGATCATCGTAAATACGACGGTTAAACCAAACTGTTTAAAGAACTGACCAATCATACCCGGAACGAAAGCAATCGGACCGAACACGGCGATAACTACTAGAGTTGTCGCGATTACGGCCATAGTTACTTCTTTTGTTCCTTCAATGGCCGCTGTTTTTGGATCTTTACCCATCTCTAAGTGACGGAAGATATTTTCACGCACAACGATGGCATCATCAATTAATAGACCGACCGCTAACGATAAGGCGATTAACGTCATGATGTTTAACGAGAAACCCATCGCATACATTAACACGAAACCACCCAACAATGAGTTCGGAAGTGCAAGACCTGTGATGAATGTTGATTTCGCTGAACCTAAGAAGAAGAAAACCACGATAATACAAAGTAAGATACCTAGACCTATTGATTCTTGTACGTCGGCTACGTTAAGACGAATTGGTACCGAACCATCACGCACCATTTGCGCTTCGGCATTGATTTTTTTATCTTTTAAAAATGTATTTACTTGATCAATCTGC
CP176530.1_gap52	1961702	1964113	2411	GAATCATCGGGTAAAAAATCTCTTCATGCACTTCTTTACATAAAGGCATACCTTCGATTTTTTCACGCGCTAAGATCACCGAAATTTCAGGATGAGCGGTACGCATTTCGATCATGTTATCGATCATCGTTTCAACTTCTTTACGAAAAAGTTCTTTGCTCATTGGCTGATTTTTAAACTCGGTCAAAGAAGGTTGAACTTTATCACGTACTTTTAACGCAAATTCACGAATCACTTCACGGTACAAACCTTCTTTACCGCCAAAGTGATATGAGATTAATGAAATGTTCGCATGCGATTCTTTTGAAATATCGCGAGTCGATGTTTTATCTAAACCAAGTTTAGAAAATAACTTAGCTGCAGATTCCAAAATACATTTCTTCGCATCTTGTTTTGAGTTCATTTTTGCAGACATAAAATCCTCGTTATGTATTAAAGCTACCTTAGCATCGGTTAAAAAGCAGTAAAAATTTAATCAATCGTTTGATTTTTATGTAAGTATTTAATATTACTTATAAATTTCTGTATCAACACGCTAATCCATAGTGTGTTTACTCTAGTTTAAGGCAGGATTTTAGACGGTCATTTCGGGCGATTTGGGACAGATTTTGTGTGTTTTGGGGAAATAAAAAAAACCCTAAAGACTTAATCATCTTTAGGGTTTTTAAAAGTAGCTTAAATAAACTTAAGTAAATTACTTACCAGCGCACTCTGTGCATTTTTCTGTAGAAGCTGCTTTAGCTTCTGTACCGCAAGCGCATTTAGCACCCGCTTTATCACACGCACAAGCAGCACCTGAGCTGTGATCGTGTTTGTGGCCCGACATATGACCGCAGCCAGATGCAGTGACAAAAAGTGTAAATAGAATTGACGTTGCTAGGATTTTTTTCATGAATTCTCCACGGTTGGGTTTAGTTATAAAAGAAAATTACTGATAAATTAGAAATTCTCTCTCACCTTTGATATTTTTGCTCAGTTTTCAGTTCAATGCAACTGGAGCAAAGGCTGGGGGGACTCTATGAAAAAGCCTATGATGATCAATTCTATTTTAGCGGTGGTGCTAGCCAGTAATTTAGCTGGTCATTTCGCTTACGCGCAACTGCAAGAAGGTTCTGGATTAACAGGATCAACTGATGTCGTGATTGGTGCAGCACCAACTGCACTGCCTGAAGAGGCGTTTGAACCTTATACGCCACGAAACAAAGTGTATTACATCAAGATTCATAAAATCGCAGACAAAGTGATTTCAATTGTTTCAAGCATGAATATGTTCTTAATGGATAACTTGATCGGTAAAAATAACGAAGCAATGTCGTTATTAGATTTCGAATACCGCGAAAATCCAGAGATCACTGTCGAAGCTTATGATCGTATTAAACATTTCGGCGGCTGGGTAAAAAACAAAAAAAGTGGTGATTGCTTTAATACGCGCAATAAAGTTTTAGTGCGCGAAAATACCGGAACCATCGTACTTAAAGAAGATAATAAATGTTCGGTAGCCCACGGTGAATGGCTTGATCCTTATTCGGGAATCACTATGACTGATGCGCAGGCTGAAATTCAAATCGATCACATGGTTCCCTTACGTGAAGCCTACGTTTCTGGTGCTTACAAATGGACATTTAAAGAACGTTGTTTGTATGGCAACTACTTAGGTTATAAAAACCATTTAGTGGCAGCCTACGGCGAAGAGAACAACGAGAAAAGCGCAAAAACCCCTGAAGACTACATGCCACCAAACCAAGCTTATCGCTGTGAATACTTAAAAGACTGGTTAAAGATTAAATCTTTCTGGGGCTTAAGCTTAGTGCCGGAAGAAATGAAAGCGATCAAAGAACTCGTTGCTGAAAATCACTGTGACACATCAGTTTTTTCTGTGACGAAGACAGAACTTCAAGAGCAAGAAAACTTCTTTAAAGCCAACGCTGAACTTTGTCGTATCTACGAACAGAATCAAAAATAATTGTCAGATATCGACTGTCTAACTAGTGGACAACGTCGATATCTTTTACTCTTGTTGTAAATAAAAAAGCCTGTAAAGCATCTGAAAGCCGGTATCCCCGGCTTAATCCTTGCTAAGTCACAATATATGAAATTTCTAAGTATTCTTTTTTTGGCTTTATTTTTAACTTTGCAAGCTCAGGCTCAGTCTCAGTTTTCACTTAAGTATATTGTTGAAGTTAAAATAGCCACAAACCTTCTGCACGTTGAAATGATTCAAAACCTGTTAGTTAAACCTGCGGCTTCAATCAGTACAAATACCCTCACTGACGAAGTTCTGATTAAACTTATCGATCCGACGGTTGAAACAACCGATTATATCAACGCTTTAGAAGCCGCTAACCTATTAACTAAAGTCAGCGAGACGATGGACATTGTTGATGATACTTGCTCAGGCCCTTACTGCATCG
CP176530.1_gap53	1966331	1968304	1973	TGGCCACACAAGTTGCCCACGATATCAGATCACCGCTTTCGACTATACAAATGATATCAGCGGCTCCTGATTTAAACACAGCAGAAGCCCGTGAACTTATGAATGCGGCGGCAACTCGTATTGATGAAATTGCACAAGATCTCGTAGATACCGCAAAAAGAAATAAAATTTCTAAGCTTGATGTTGAACGCGTAGAACTTATGCCGTTATTAAATTCTTTGGTTACAGCAAAACGTTTAGAATTTAAAAAAGATGATGCTGTAACCATTCAAGTACAGGCCTTTGAAGGCTTAAAGATCTTAGCCAACAAGAAAGAGCTTAACCGCGTTTTATCAAATTTGATCAACAACGCTACTGAAGCCAAAAAAAGTAACCAGATTCAAATTAACATTACAGCAGAAAAGAAAAATGCAGATATCGTTATCTCAGTCAGCGATAACGGCACCGGGATGCCTCAGTCAGTGATCAATGACATTCTTAAAGGTCAGCACCAATCAACAAAAACTGGCCGTAGCGGACTTGGGTTAGGACTTAAACATGCTATTCAGGCTGTGCAACAAATGGATGGGCGTATCGCTATCTCGTCACAAATGGATCAGGGAACAACTATTATGTTGTCGTTTATTTCCCAATAAACCTTAATCACAAAATAAAAAAGCCGCTGGTTTAAAGCGGCTTTTTTATTCAAAACTTTAAATCTTAAAACTAGTTTAAATTCTTTTTAAAGAATTCGATCGTGTGACCAATTTCTAAAACTTGGTTTTCTTTTTTACTTGAACCATGGCCTTCATCAGAAAAAACAATCAATTGTGATTCGATTTTTTTCTTTTGTAATGTTTCATGGATCTGAATCGCCTCACCCACTGGTACACGTGGATCATTCGCACCTTGAATAATCATTAATGGATCACGAACTTGATTCACATAAGTGATTGGCGAAAGCTTCACCAAAGCTTCTTTGTCTTTTTCTGGATCACCGTACTCAGTGATACGTAAAATACGACGGTAAGGAGCTGTGTTATTTAAGAAAGAAACTAAGTCACTCATACCCACCATGCCCACACCAGCGTTATAGCTGCCAGCAAAGCGAGTCATCGCAAGTAATGTTGAATAACCGCCGTAACTCCAACCCATTACGCCTACTTTTGGCGTAACACCATTACGAGCCCAGTTCTTTTTCATCCAAACTGAAGCATCTTCGATATCCGTAATTACGTTTTCACGTTTTGGACCGTTATCCATATCAATCCATGTTTTACCGTAACCATCACTTCCTCGCACATTCGGCTCAGCAAAAATAAACCCCTCATCAACGAAAGCTTGCGCTAACGGCGAAAAACCTGCGTCAGACTGACCTTCTGGGCCACCGTGGAAGTGAACCACAACCGGGCATGTTTTTTCTTTACAGCCTTTTGGAAAACGCACGAACATCGGAATCTTAACACCGTCACGCGTTTCGTAGTTCATAAGCTCAGCTACCGCAAAAGACTTAAGATCAACTTCCGGTGCTGACGGCAACACCCATTGAACCATTTGTTTTGTGTTCCAATTATACGTGTAGCTGATACGCGGACTCTGCGCTGAAATCACACCTAACATTGTGATTGAACCATCACGAGTTGTTTTACCGGCAAACACATGGTCGGCACCTTTAAATTTTGGCAATGTGATTGGTTTAAAAGTTTTAGCATCCATTGCATAAAGCTCAGTGTAACCTTCGCGATTTACGTTGTAGGTGATGCGTGTTCTTTTTTCGTTAATCGTGTAACCAGAAACGTCGTATTTTATTTTGCCGTCAGTTAATGGCTTTAGATCTTTAGATTTAGCTGGAGCATATAAGTATAATCTTTTGAACTCTTCTTTCGGCGTTAAAACTAAGTACTCCCCTTTTTTTGCGGCGAAAGCCACATCAAACTCACCTTTTTCTTCAACACCGATCACCGGATCTAACTTTTTAGCAGCTTGATCGTAAG
CP176530.1_gap54	1971347	1974022	2675	GGTAAGTGATAAAAAATGTAAGCGATAAACCCGGCGATCGAGAAAATCACGACCGCCGCGAAAATAAATAAAATCTTAACGATTAATTTTGATTTACTTTTTGTTTCCATTTTTTTGCATTAACGAAGCTAAGTTACCAAATTTGTTTGTTGTAAATCCACCCGGAGCACCTTTTTGAGATGTCGCCGATGAATGGTCACGCCAAGAATGATCTTCAGCTAAACCTGGAATACCCAAAGAAATACGTTTTAATTCAAATAACACTTCATCGATTTGCACTGGGAAAGTGTCGCCTTTTTTCTTATTTTCAAAAGCTGCTGCTTCTGTCGAATCACGCCATTTAGCACGTGGAAGTAAGCCTGTGATACCTGGAGCAATTTGTACGAATAAACCGTACTGCTCTTTTTTCTCAACGATACCTGTGTGAACAGATCCTACTTTGAATTTCTCTGGAACCATATTCCATGGATCACCTTCGCCACCAGCTTGTTTCACTGATAAAGAAATTTTCACACGACCATCTACGTCTTCAACTTTTAAAACTTTAACTTGCACAGTTTGGTTTAAAGATAAAACTTCAGATGGATCTTGAATACGTGACCAACCGATTTCAGAAATATGACAAAGACCTTCAACACCGCCACCAAGTTCGATGAACGCGCCGAATTTTTCAAAACGTTTAACTGTACCGTTTAAGATATCGCCTGCTTTAGTGTTAGCTAAGAAGCTACCTTCGTTTTCAGCTTTTTGTAGATCTAATAATTTACGACGAGAAACAACTAAGTTACGACCACGTGGATCGAACTGAGTAATTAAGAAATCGAATTTTTTGTTAATGTAAGCCTGTTGGTCAGTTACTTTGTAATCCATTTGGCTTAACGGGCAGAACGCTGTTTTATTATGGATAGAAACACGGAAACCACCGTTACAAACTTCTAGTACACGGCCTTCAACAGGTAATTCCATGTCGTGAGCGTCTTCTAAAGAATCCATATCTGGATTTGATTTTTTCATACCCGCACGTGATACACGGATTTCTCCGCCACGGTTGGCAACAACCACAACGTCTAACTTATCGCCGACTTTGTATTTTAATTCTTTATTTTCGTCTAATAAATCATTACGTAAAATCATCGCATCTTGGTGAGATGGCGTTGATACGAAAGCTTCTTCTTTACTGATTGATAAGATTTCAGCTGTGTAAGCGAAACCAACAGACATTTTTTTACCAACACCGCCAAGGCTATCTTCAAACATTGAAGCAAAGTCTTGCGATTTGTTATTACTAGAAACATCATCACCGAAAACATCTTTTTTAGACATAGTAAATCCTTAACCTTTTTCTATACAGAATAGAGAGAGGATTTACTCTAGCTGATGTAGGTATTTAGGGCTAAGATTTTTTCTTAACTCGACGCTTAACTGACAGCGTCAACTCAAATTCTGCCACTCTTTCAGTCTCGCTGATCGACGGAACAATCGCATAGGCCGTCATAGTGCGGTTAATGCGTTCTTCAGAGGTTTTAGCCGCCTGAATTTGCTCGACCACAACAGAGGCTTGTTCACAGATAAAGTGCACATCCCCCTCAGCGCGTTTTAAAAAATTGGCCTTATAATCTTTAAACAAGAAATCAATACGCTCGCCCGATTCCTGGATTTTTTTAACTGCAAGCATCGCGATACAAAGCTCTGAACCCACCGCCAAGGCTCCGAAGTACATCGCGCCTAAGTGGTTTTTAGTTCTAAAGTTTAACGGAACTTTAAGCACTGTTCTTTGATCGTTGGCTTCGATCACCTTAGGGCCAACAAAGCCAATCAAGGGAATTTTTGTCCAAGCGTATAATGTCAAAAACAGATTTTCTTTAAATTTACCCATATGGATTATTCTAGCTTCATTTAAAGAAATAAGACAAACTTTTAATATGACAACACAAGCAAGCGCACTCACTAGAATAGAAACTCCACTGACAGAAATGTTAGGCATCCGTTACCCGATCATTCAAGCTCCGATGTTTTTAGTTTCAAATGTCGACATGGTCGTAGCCGCTTCTGAAGCCGGAGCGATTGGAACTTTTCCAGCGTTAAATTACCGCCCGATTGAAAAATACGTTGAAGCTTTAAAAGAAATGAAAAAGCGCACGAAAAAGCCGATCGGTTTAAATATCATCGTGAACAAATCAAACACACGCGCCAAAGAAGATTTAAAACACGCACTTGATGCCGGAGTGAATTTATTTATCACTTCACTGGGCTCACCCAAAGAAGTGATCACTGAAGCCCATAAAAACGGAGCAAAAGTCGTTTGTGATGTGATTAATCTTGAACACGCTAAAAAAGTTCAAGACCTTGGAGCTGATGGCGTGATCGCCGTAGGTGCTGGAGCCGGTGGACACGCGGGCCCCCTATCACCAATCGTTTTAGTGAACTGGTTAAAACATGAACTAGATATTCCAGTGATCGCAGCCGGTGGTATCGCCAATGGCGCAACTATGGCTTCGATGTTAGCTGTAGGAGCTGCCGGCGTGAGTATCGGTACTCGCTTTATTGCCAGCACTGAAGCACGTGTTGAGCAAGCTTATAAAGATGCTATCGTGAACTCTTCGCCAGAAGATATTGTTATGACAACCCGTATTTCAGGAACCCCTGCTGCGGTTATTAAAACGCCATACGTTGAA
CP176530.1_gap55	1976919	1980714	3795	AAATTCACTTAAACGCCTTAAGCGAAAAAGAACACAGCCATTTATCAAACATCACTTCGCGCGAAGTTTTAAAAGTGGCGAACAAGGTTAAAATTTCAGAAATTTCTGAGTTGTATGTGAATCTTGTGTACAGCCGTGAATTAAACTTTAGAGAATTTCGTGAATTTGTTTTCTTAAGTGAAGACGAAACTCAAAATGTCGAATTACCAGCTTTTTGCCACTACACAGAAAAACAACCGAGCACCGGTGGTAAAGACGACCCTGCAGGCTTTTTACATCAATTTGTTTTCTTTGGAATGACCGATCATTTATTAAAACAGATCCGTCTATGGTTACTTCACAATTACATCATATCTAATCAAAAAGAATAGCGAGTCTTAATCGTGACTATCTAGCGTTCACGATTAATCGTGAACTTGCGATTGCACACCGTATTTTTCGCCGGCGGCAACAATGGTTTTTGGCAACACCGCCGAGTTCGGAAGAACCGTGGCTTTTTCTTCGATCGTGACTCCACCTAAAAGTTTTGCGCCTAAGCCAATCATAGCCCCGCGTTTTAAATGTAACTTGTCGATAATTAAATAACCCTTCATTCCGTAGTGAGCCATCATAAAAGCTGATCCGCCGATCGTGACATAGTCATCAAGCTGGATAAGACATGGGTCAGAAATATTTGATGTGTTAATCACCACGTTTTTTCCGATCTTCATACCCATCATTTTGAAAAATAAAATATTTAATGGCGAAGGCGTTAAAAACTCTAAGATCGTGTACCGCACTAAATATGTTAAAGCATTATGGTAATACCAAGGAATTGATTCTAACGAATACCAAGCCCCGCGGTACGGGCGCACAAACGGAATTAATGGTGCATTAAAAATCGGAACGATAAAAATTAAACACAAAATAAACGAAATAAATCCAGCGCCCGCGCACATGCCATAACACAAAGATTTGGCAAATAACGAATACCCCTCAACCCAGATATTTGCTTTTTGAAATAGGTAAATCGCCGGTGTTATCGAGAAGCCCAAAATCATCACATATAAGAAAACTAAGGGTAATAAAAACAGGATAAAGGCCACTGTTGAAAACTTACGAATCGTGTTTTCAAGCAAGGCCATAGGGCCCTTTTTAAGAGAACGTGTAGAATTTATATCGGTATGGCCCTGTCGAGTACTCATATACTTATGATCGGCCTTGAGAGTTTATAAGTAAACACAAAAAATCGAATTTCCCTTAAAGATTGCTCCCGTTTCGTGGTAGTTAATCCCCTATGGAAAACTCTCAAACAAATTCTGGTTGCTGTGCTATCTGCCAAAGTAAAAAAACACCTTACCAATGCGGCGTTTGCGTTGATTCATTGTGCAAATCTTGCGTGCAATTCCTACCAGAAACAGCTTTCCAATTCTTAACAAATCGCCCGAAAGAGTTAAGCCATAACACTTACTGCACGGTTTGTTTTGACCAACATGTTTCAGCACCCTTAGCAAATTACGAGGCGACTTTAGCTCAAGCTCAAGAGATTTTAGTTTTTGATAAAACTCAAGGTAAAGAAACTCGCTTCATTAAACGCATAGAAAAACCGGTCTCTGTAGAAGGTGTTGATGAAGAAGACGTAACGATGCGTTTAGCTTTTATCGCGGTTGAAAAAAAATATAACGCTTTAGTGGATGTCGATATTAAAGCCATTAAGGTACGTGATGGTGCTTACCAGACAATGGCTTATTCAGCCAAAGCCATCCCAGCTAACGTGAACGATCGTAAGCTTATGAAAGACCGCTCTCTTTGGTCTGACCCTAACTAAGGCCGTTTAAGTCGATATGATTATCTTGGTAAAGCCCAAAGCCAAAGCGCCAACGGCTTCCACGGTAGTCGGTACGGATTCCCGCTTTATAAAAATCATCATGTAGTGACTTAGTCATTTCAGCAGAATTAATCTCGAAAGTTAAAAAATGCCCGTGATGATTTAAATCATGCGCAAGCAAGTTTTTTTCATTCAGCCATTTACTGTATTTCGGATGCATCCATTGACCAATATCACTTAAAAATACTTTTTGCAGAGCCTGCACATGCTGATGGATTTTTTCGACCGAGAGATTGTGTTCAGCAAATAACGAAAGTGAAGCATCAAGTCTATAGAGCGCAGAAAAATCCATGGTGCTTCCGGCAAAGCGATAGCCATCATCTGAATACACCACTTGGCTACCTTGACCTGCTAAATCAGAAAAGCCCGCAAACCAGCCCGTATTAGACGGTTTAAGGGTCGTACCCTTGGGTACAACCATAAAGCACGCGCCTTCGCCGCCTTGAGCGTATTTGTAAGAACCTGCGATATAAAAAATACGATTTTCAATAGCTTGTAAGTCTGTCGGCACAGCCATAAAGGCGTGATAGCCATCAACCACCATAATCGTTTCTGGATTTGTGACTTGGCTTACAATGCCCACTAAATCTTTAATCGCAAAACCTGAATTAAAAAACACCTGGCTAAAAAATACTAAATCCCAGTCTTGCGCTTTAAGATGTTCTTTAAAACGATTTTCAAAAATTTCAAAAGGCTGCGTTGGAACTTTCACAACTTCAACAACTTGCTCTTCGATAAGACGATTAATCTGGCGATCGAAACTATAAAACTCTGAATCTGTCGTTAGAATTCTGATTTTCTTGCCCGGTTTAAAACAACTTAAGATACGTCCTACAAATTCATGCGTGTTCGGCGCAAAAACAATTTGCTCTGGGTGCGACAGATTTAAAATATCAGCGATCAACTTCTGCGTGCGTGGAATTTTGTTTCCAAAAATATAATTCCACTTATCATCGACAAATTTCGCTGAATCGTTCCAGTATTCTAGCATCGCCTCGCGGGTGACATCAGGCCAATAGTGATGCGAATGACTGGCATAATGTTGTACGCCAGGATTCGCATTGAGAAAGTGTTGATAGAACTTTTTATACATTCGTTACTATGCCGTAGGCGTACTATTAAAGTTAAGCTGCTTTTTAATTTCTGCTGGAATTTTCGGTAAACGTGAACGCGGAATTAAGTAAGTCGATAAATTAAATAAATCGACAAACACACGATTATTATCAGCAGCCTTCTTTAAGTAAGTATGACCTGACGATCCACCCGTTCCGATTTTTGTACCTAACATGCGCTGAGCTAAAAGCGCATGACGGTAACGCCATGTCGTGAAATTTTCATCAATATCCATCATGATCGTCATCATTTGATGAGGCATCGTTAACATCGGCTCGTCACGGTAAAGCATAATGAAGAGCGCATTTAAAATCGCTTTCTGCGACAACTTACGTGCACCTTCAGCGACGATTTTATTATGCGCTTCTTCATTAAATAGATTCGCAAACGTTTCTTTAGTAATACGCAGATTTTCTAATTGCATGGCTTTATCTTTATCTGACAAGTGAGCCACATTAGCTTGGATAGTGGCTTCATCATCAGATAAAATCTTTTGGATTGAATTCTGGTACTCTGTCCAAAAGTTAAAGTTTTCTTTATTCGTAAATGGTGTTCTTTCTAACCATTTTTCTAAAAGACGTAATAGCGACGGCGTATTCTCTAAAGCTGATAAACGAGCACGGTCTTTTTCATTGAGACGCCCCAGGAAGAACTCACGATCCACACCCTGGCGGTCTACAGTATTAAGACCTAGCTTAATTTCAATTTCACGAAACTGCGTACTTTGAAAACCAGACGCCGGGATCAGTAAATTACGAAACTCTAGAAAATCCATTGGCGTCATTGTTTCTAGAATTTCAAAGTGTGAATTGAAG
CP176530.1_gap56	1992081	1995149	3068	ATCGTGTTAACACCAATGTTTCCGTCGTCACTTATATAAAATGCTGAGTTGTTTGAGGAATCAGTCACATTGAGTGCCGATGTCGCCGATGTTGCTCCAGACCCCTTAACTACAAGTTTTGATCCTGGCGTAGTGATACCAATACCAACAGCACCCGAAGACGTTATTCGCATTTTCTCCTGAGTTCCACCATTAGTTAAAAAAGCTAAATACCCGGATCCATCGCCAGATGTGGCTGTGTGTTTACCCGCACGAACTTCGCCTAAAAAAGTTGAAGTTCCTGCTGCGATATTTCCCCAAAATGAAATACCGCCACCAACATCAGCTGCAAATGGCGAGCTATCAAAAACACGCAGGTTCACTCCGGTTTTAGCATTCGATGAGTTATTACCATAAACCACTAAAGGCCATGCATTCGCAGATGATAAACCTGCATCACCGATAATAACACCACCGCTTGTACCGGTTCCTGTTCTAGCACCTGGAGTGATATAGATATTACCGCCCCAGCGGTTACCACCGTCATTCGCCCCATCTTGCCCATAGATATAAGAAGTTACGCCATTCCCAGTGGTAGCCTCGCCTCCATTAAGTCGGAATGTTCCACTCACATCAAGTTGGTAAAACGGGTTTGTTATTCCGATACCAACATTTCCACCGGCTGCATTCATAATCGTAGGACCGGCATTAACATCATTGATTGAAAAACGGCTGTTCGTTGCATCCCAATATATATTGGCTTTTTTAATTCCAGCAGCTCTGAAATCTAAATAGGTATTTGAGCTAGAAGCATCGATAGCTATGCCAGAATTTGCTCCGCCCTTGATATTTAAAAGAGCCGTCGGAGTACTCGTACCGATGCCCACATTACCCGTGTTATAAAAAACGGTTGTACCGCTCGTTACCCATTGAGAGGAAGAAATTGCTGCAAACGAAGCTGCTGTTGAAGTAGTTAAACTTGAAACCGCAGACGATACTGAGTTGATATTATTCGTAACCGTCGTCAAAGAAGCCACTGTTGTTGCAAATGATGCTGCAACAGTAGAAGATAAACTTGTCACAGTGGAACTATTTGCTGGTGTGTACCCCAGCGCCGAAGCAATTGCCGACGACGTCACACCACCGGCGGCAATCGAGCTTAAACTACGGCGCACATTTGCACTGTCAGTAAAATAATAATCAGAACCATCGTATTCAACAGTTCCTGATTGTGGCGAAGATAATAAAGTACCTGGATTAAATTTTAATGGCGCATTTGTACTGGTTCCTGCTGCTAAATGCAGTTTTGCTGATGGAGCCACAACACCAAAACCAATATTACCAGCATCTGTAATACGCATACGTTCTGATGTCGCATCTGCGCCACCATTGTTCGTATAAAATCGCATATCACCACCGATAAGACCAACGGCAGGAGCACTTGTGACAAAAGATGAAATTCTTGCTGTGCGTGTGTACGAAGCCGCGCCCGTATCACCACCAAAACTAATATGACCCGTACCATCACCAACAACAACAGTTCCTGATCCTGCTTTGTTTTTCTGAAGATAAATATCTGGCGCAGTCCCATTAGCCGTCGAACGAGTTAATCTAAAAGCGCCCAACGCTCCAGCGACATCTAAGTCAGCCGTTGGATCAGATACGCCAATACCAACGCGTCCAGTATTATAGAAAATGCTAGTTCCACTTGTTACCCATTGTGAGCTTGTGATTGCTGTAAGCGAAGCCGCTGTCGCTGCCTGTAAACTTGCGACTGCAGATGAAACTGAATTTATATTATTTGTTAAAAGCGTTGATGAAGCAGTTGTCGCTGATTGCAATGAGCTTACAGTACTACTTAAGGCGTTTAACGCTGCAGTGTCAGCTGGAGTGTAACCAAGTGTTGCGATGATCGCGCCGCTTGTTGCGTTTTGTTTATTGTTAAAAACAGTCCAATCACTTGATGATAAATAACCACTTTGAGCTCCCGTGGCCATTTGAATACTGATCACCGGCGCACTTGCTGTACCACCCGTTGTTAACACAGACCCGCTTGTTGTCACACTCGTAATACCACTGCCTGCAGCGCCAACAGCAATACAACTAAAACTCACACCGTTAAACTTAATCGCTTCGTTGGCTTGGCAATTTAAACTTGCAAGCGTTGCGTATTCAACAAAGTTTGTGTCAGCTTTACCGTTTAACTTTTCAGAGTTTTGCGCTTTGGTTGCAAACATTGAATAAGGCACAGCATTGATCGCCATCGCTGGTAGTGTCTGCCAGCCATTGCCATCGTTAAACTGCATCACAATACTGCGATTGTGATCAGGCATTGGATTATAAATCCCTGGCGACTGGCACGCTAATGAAGGCACTGAATTATCAAAAGCTTTTTCAAAAGTAACTGTTCCACTTGTCGGATAAGTTTTAGTACCCATCCCTAACGCGAAAGAAATAAGACCGCGCGTTCCCGTCATATCAACGGCTGCATAATCTTCGATGTACAGAACACACGAAGCCGATGGATCTAAAATTGTAAATCTAAAATTAACACTGACAGATTCAAGAGGATAACCATCGGGTTTAACAATTCTGGCTTGGTAAGTTGTACGCCCAGGACCCGCAAAAACAAAGCATGACATCAGCAGCATCATCGCTGAAATGATTTTTGACAAAAAGCTTCGCAAACGTACAATCTTCACTCTGTATTTATCGGTAAATTGAAAGCCTCACTTAACCGCTAAATCTCAGTTTGAAACACTCAATGCAAAAATTAATGTCTTACGTCACGACTAAAATAATTTTGCCTACGGTTTTACCTGACTCAAGGGCCTGATGAGCCGGCCCAACATCTTCTAGTTTATAGATTGTGGTTTTCAGAGGTTTGATTTTTTTCTCAAGAGCTAAGCGCATAAGATCAGCCATAGCCTCGATGGCCAGATCTTGTCTTGCAAAAAGAAAAGATAAATTAAAACCGACGACTGATTTATTATCAGTGATTAATTGCAGCGGATTAAAACGTGGACTTTTAATTAAACCGATCACCGCTTTTAAATAATTTACTCTTCCTGATCCGCCACCGCGTGGAA
CP176530.1_gap57	1999656	2001404	1748	AGCGTACTGCTGCAAAGCCTCGTTATTCACCCAAACACGTAAGTTGGGTTCTAAATAACCAGGCATCCATAAATTTCCCACACCGGGCACCGTCGTTAAACGGTCACGAATGTCATTTTTAACAAACACCATCAGATCATTTAATTTCATTTTATCGCTAGTCACAGAAATCCACATGATCGGAAATTCTGAAATCGCGATTTTCATAGCCGTAATCGGCTCCATGCCAGTGGGTAACATCTCTTGAGCTTGTGAAATTTTAGCCTGCACATCTTGAAAGGCCGCATCGATATCACGGCTTAAATCAAACTCTAAAGTAATTTCAGCAACACCGACGCGTGATTTTGAGGTGATATTTTTAATACCTTGAATACTGATCAAAACGTCTTCCAGCGGATCAACAACGTCAGCTTCAATAACTTCAGGCGCTGCGCCTTCATATCTGGCCGTTAAAGCAATAATCGGAAATTCTACGTCAGGCATGTCGCTCACACCCATACGTGTAAAGCTGATCGCGCCAAACACGATCAAACCAAACATCAACATCCATGCAAATACCGGTCTACGAATTGATAAGTCTGAAAGAGTCATTTCTACATTTCCTTATTTAAGACAGCTGGAATCTGCGCCGAAGCTAAATCTAAACGAATGTGATCTAAGCGCGCTTGATAACGAGCTTGATCGTAATTTCTTTTGGCTAACCGGTATTCGGTTAAACCTAATTGCACATCAAGGCTTCGCGCTAATCCGCGACGTGAGTCACGCTGAAGAAGTTGATAATTTTTTTCTGCCAAGTCAGAAGCTAGCTTTAAAGCTTTTAACTGATCAACGCGCGTGCGAAGTGCATCATGCAACGATCTGATTTCAGCTTCAGCTTTACGACGGGCTTGAGTCATCGCTAAATCCTTTTCTGAACGTTGAAGGACTGCCATACGTACTTTTGACTGTGTTACTCCCCCTTCAAATAAGGGAAGAGTCGCGCGAATTTGAACATCCCAGTCTAAGTCTTCGCTGAATCCTTCGGGACGAGTAAAATAATAATTACCTGTGAGATCAACGGTTGGCCAATGGGCACCTTTCGCAATAGATACTTCTTCGTCGGCGGCTTCAGCCATTGATTTACTGGCTTTTAAATCAGGGCGATTTTCAAGACGGGATAAATAATCTTCAAGAGGTTTTACTTTTCCGTTAATTTCATTTTCAGGCAGATCAGTTAACTTAGTGCCTGAGGGTAACCCCGTTAACAGCGCGAAATTTTCACGAGCTGAACGAAGTCTTGAACTTTGAATCTGATATTCGGCATCAAGAGCTGCGGCGGTAGACTGAGCTTGTAAAGCTTCAGCAGAGCTTGATTGCCCACGACGAGCACGGCCTTGAAGATCACGCACACGCTCTTTATAGATTTTTTGTTGCGCTTCAAGATTACGAAGATCTTGCTCTAAGGCTAACACATCTAAATAGCTTTGCGCTGTTTGTTGGTACAAATCCATCATCTGAACTAAATGTGTTTGTTTTTGCGCTGTTCGTAAATCTTTCTGACGATCAAGCGCTGAAAATTCACGAAGCCCGCGAAAAATCGGCTGTGTTAACGTCAGATTCGTTGTCATTTGTTCTTCTGGAAAAAATCCAGCGGCCACGGGATCAGTTAAACGTGGCTGGCGCAAGTAAGTCGCGTTTAATGAAAGATTCGGTAAAATATTTCCACGAATCTGATCGACGGCTTCTTCAGCTTGTTTAACTTGCGAACG
CP176530.1_gap58	2127853	2131225	3372	ATTGTGGTTCGAAGTCTATTAAGCTTTTCAGATATTGAGCGCTCTCCGACGGTCATTGCACGGCTTTTAAGTCTGAAATTAGACGAACTTCAGCCTATTCTACAACTCTTAGAAAAAGAGGGTTTAATCAAATTTAATGGACACGAATGGACTGCCGTTCACGATAATGTTAAGGTTCCTGACTCTCCTGGAAGAGAAGCCATTCTCGCCTACCACAGGCTAAGCCTTCTCAAAGCTATCGAAGCGCAAAACCTTTCTCCCGAAGAAAGAACGTACCGAAGCCTAGGAATTGCTTTAACACGCGAAGAATACACAGAGTTTCTCCACGACTTTGATGCTTTTGCAAAAAAAGTTTACGCAAAATACTCTGGCGACCAATTCTTTGAACGCCGATTTTATCAATTTAATTTCAATCTATTCCCATGGACTGAAAAACAAAACACGATTGAATCCCGTGCTCAATCTGTAACCGACCATCCTTAAGCGTCTGCTTTAAAGACGACCGACTACCAATTCAACAGTTTTTGTTAGCACGAAGTAAGGCTAACTCATCTAAGCCCGTTTTTAAACGTGGCCTTGCGCTTGCAATCTAATCTTCACAACAAGGCAACGTCTTTCGTGAGTATTTTCATCATCCACAAGAGGCTTCGCGTTTAACAAACTCATTCACGAAAAGGAATAACTTATGAAAACAGCTCTTAACACTTTAGCTACTCTACTATTAATGACTTCGGCTTCAGCCTTCGCACAAGGTGGACACGATATTGGCAATGCTAACGCACAACAAATTTTAAATTTAAAACAAACAGATGATTTAACTGGATACAAAATTGAAATAGAAAAATACGACAAAACCATCTCAGAAACCGCTGTTTTCATCGACGACAGCAATGTTCAATTTAAGTTTAATGATGGCATTGTTTGCCGTGGAACTTACGATATCAAAAGACCTAGAACTGATTTTGTTTGGCACCAACAGGCCAGAGCTTATCTAGCAACATCTTACACGCCATCGAGTGAAGAGGTGGAAGAATCTAATACACGCCTAAAAACAAAGTCTGACTTGGTTATGAAACTTGATTGTTCAAATGGACGCTCTACAGTTCGTATTTACCGCCTACATAATCAAATGGATATTTCAAATTACGTTGGCGCTCTAACGGGTTGGTATAAAATTATTCCGTTCACAGAAGAAGATGGCCGCGCCGAATCTCTAAAGATTACGCGCACGAAATAGAAACACTCGCATCAATAAAAAAAGGCAGCTACAAGCTGCCTTTTTTCGTTTTTAGATGTGATCTAAGAACTATTGACCTAATACATATGCGAACATTAATGGCGCACAGATAGAAGCGTCAGATTCAACGATAAACTTAGGTGTATCAACACCTAATTTACCCCAAGTGATTTTCTCATTAGGAACTGCACCAGAGTATGAGCCGTATGAAGTTGTTGAGTCAGAGATTTGGCAGAAGTAGCCCCATAAAGGAACGTTATCTTGCTCTAAATCTTGATCTAACATTGGAACAACGCAAATTGGGAAGTCACCAGCAATACCGCCACCGATTTGGAAGAATCCAACATTTTGTTTTTTAGCCGCTAAGCCCATGTACCATTCAGCCCAGTAAGTCATGTACTGAATACCACCTTTTACAGTGTGAACATTTTTGATGTTACCTTTCATCACGTGACCAGCGAAGATGTTACCAGTTGTTGAATCTTCCCAACCTGGAACAACCATTGGAAGATTTTTTTCAGCAGCAGCTAATAACCAAGAATTTTTTGGATCGATTTGGTAAAACTCTTTTAATTTACCGCTCAATAAAATTTTGTACATGAATTCATGTGGGAAATAAGATTTACCCTCTTTATCAGCTTTAGCCCACTCTTCGAAAACTACGCGCTCAATACGACGGATAGCTTCTTCTTCAGGGATACAAGTGTCCGTTACACGGTTTAAGTGACGGTCTAACAACTCTTGCTCTTGTTCTGGAGTTAAATCACGGTAGTTCGGGATACGCACGTAGTGATCGTGAGCTACTAAGTTGTAGATATCTTCTTCTAAGTTTGCACCAGTACAAGAAATCGCGTGAACTTTACCAGCACGGATCATTTCAGCTAAAGATAAACCTAACTCTGCAGAAGACATTGCCCCCGCAAGAGTTACTAACATTTGGCCACCGTTATTGATGTGTGTTTTGTATCCAATGGCAGCGTCACGTAAAGCAGCCGCATTGAAATGTCTGAAGTGATGATCAATAAAGTTTGTAATAGTCATTTTATAAAACTCCGTTTTATTTTATTAAAATTTGAAGACGTTGAAATTTAGCCTAAGTCTTTCCACGAAGGAAGGGCTTTTTTCTGTTTTTTCATGTCGTACCATTTGTAAAGAGTCACTCCCACAACTGTAAGACCCGCTAAAAAAACCATTAATGAAAAACCGAAGAAGATCACTAAGCTCATTAGTTCACCACATCTGATGTCGGCGCTGTTGCAGCTGCAGCTAACACTTGGTTTTGCGTCATTACATCACGCACAACCCATGAAGCCATCACTAAGCCAAATGCACCAGTGACGAAACTTGCTGTTCCGTAGATCACGCTTCTATGAAGGCATGAATGCGGATCATATTCACCTTGTGGACAAACGCATTTAAAACCTTGGCCGTTATCGTAGTTAAGTTCGATTGAAGGCATTGGTAATTCATCTGAATAAACACATGGAATACCGAAAGCACCGCGACCACGTGGAAAGTTATACTCTTGGCGTAAAATTTTACGTAATGAGTGCGCTAAAGGATCAACTTCAGTTTTTGCAAGGTCTGCAATCTTAACGCGAGTTGGATCCATCTTAGCTGAAGCCCCACAGCTTGTGATGACTTTTAAGTTTTGTGTGCGGCATTCATTTAAAAGAAAAGTTTTTGCCGTGATATTGTCGATGCAATCTAAAATATAATCAGGTTTTGCTGATAAAATTTCTGCAGAAGTGTCTTTGTTGTAAAACACCGGTTTTGCAATCACTTCAGCTTGCGGATTAATTTTACGTAAACGTTCTGCCATGATCTCGGCTTTTTTCTTACCAACCATACCTTGAAGAGCATGTAACTGACGGTTGGCATTCGTAATACAAATCTCATCGTGATCGATTAAGGTAATTTTACCTACACCTGAACGCGCTAAAGATTCAGCCGCCCATGAACCAACACCACCAAGACCTAAAATCATCACGTGCGTGTTGAAAAGAGTTTTCATATTTTGATCGCCCACAAGACGACCCATGCGGTCGAAACGGCGGTGCAAAACGTAGTTAGTTTCTTGAATCTCAAACGGTTTAGTTGGCTGAATTTCCATAGGGAAATACAACTACCAAAGA
CP176530.1_gap59	2235841	2237083	1242	TTTTTAGCACGACTGGCTACTTTCGAAGAGTCCTGGTTTAGGTTGACCCAAATTGACATCCCTCCGGTTGGCGCGTGCCAAGATAAATCAAACTTTTTTTGCAAAGTTAAAAGGTGATCTTGTAAATGTAGAAATCTTTTTTCGTAAGTTCTGCGCATACGGCGCAAGTGCTTTTCAAAACCACCGTCTTTAAGCCAAGCAGCCAATGCTAACTGTGATAAACAATCAGTTTGGCGGCTCACTAAATATTTCTGATAGATCAAATGCTCTTTTAACTGCGCATCGCAGGCAATAACTCCTAAACGCGCTCCGGGAAATAACACTTTTGAAAAGCTGCAAATATAAATTCCGTACGCTGTTTCTTGCGATAACGGCGCTGGTGGAGGCCCTGAATAGTGAAACTCGTAATCATAGTCATCTTCTAAAATCGGAATCTGATGTTTTTCACAAAGCTGAATCAACGCCTGCCTGCGGCGCGGGCTAAGACTTACCGTTGTGGGATACTGATGCAGCGGTGTCGCGTAGATCATTTTAACTTTTTTAATGGCGATAAGCTTTTCTAGCTGGTCAGTGACTAAACCTTCTGCGTCGACGTCAATCGGAATAATCTTCGCTCCCAATGCTTCAAATAACCGCCAAGCCGGAGGATAACCTTTAGCTTCAACAGCAATCGCATCACCTGGTTTAATCAATGCTTGTGCGATTAAATGCAAGGCTTCTTGTGATCCGTTAGTGATAATAAATTCTTTATCTAATAAATTGCGGGTTCGTCTTAAGTAACCAGCGATTTCTTTTTTCGCGCTGTCTAAGCCATCGATGTGGCCATAATTTAATAAATCAGGCTTTGTCTTTTCTAAAGTGGCCGACAAAACTCTTCGAAACTCGTCTTTTGGAAAAAGACGCAGATCAGGCTGCCCGCCCCAAAATTCTAAGCGAAAACGTTCACGCTCAGTAAAGATCTCAGGTTTTGGGCGAACAATTTTAAACTGGGCTGATTTTTTCGAGTTCATCGGCGCCGTTTTTGAAGTGGTCACTGGAACTTTTTCCGAAACACGGTAGCGGGTTTTTTCTGAGTTTTCAACCCACCCTTCAGCCACTAAGGTTTGTAGTGCCGTCATTGCGGTAAAGCGGTGGCATTTAAAAAGTTTTGCCAGTTCACGTGTAGAAGGCAGCACTTCGCCGCTCTTAAGAATGCCATCTTTGATATGACTGACAAAATGATTGTAGATCTTCTGCTGCTTT
CP176530.1_gap60	2250892	2254739	3847	ATTTTTGACGACGATATCGAAAGTGAAATCGTTGGCCAAAACACAAAAATGAAAGAAGTGTTCAACTTAATCTACAAACTTTGCAAAGTAGATACGACAGTTCTTATTCGTGGCGAAAACGGAACTGGTAAAGAGTTAGTAGCTAAAGCTATTCACTTCAACTCTCCTCGTAAATCAGGCGCCTTTGTGGCGATTAACTGTGGTGCGATTCCTGAACATTTAATGGAGTCAGAATTATTCGGTCACGAAAAAGGCGCTTTCACAGGTGCTATCGAGCGTAAAATCGGTAAATTTCAATTAGCCAATAACGGCACATTGTTCTTAGACGAGATCGCTGAACTAAAACCTGAAATGCAGGTGAAGTTACTTCGCGCTCTGCAAGAAAAGAAATTTACTCCGGTGGGTTCAAATCGCGAAGTTAAAACGAACGCGCGTATTATTGCGGCCACGAATAGAAACTTAGAAAAAATGATGGAAGACCAAGAATTCCGTGAAGATTTATTCTATCGTTTAAATGTGATGCCGATCTTCTTACCACCATTACGTGAGCGTTCTGATGATATTCCTGAGTTAGCGTTAAACTTCTTAGAAAAATTCTCAAAATCACACGCCAAACAAATTCACAGCATCGCTCCAGATGTTTTAGATTTAATGAAAACTTACCGTTGGCCAGGTAACATCCGTGAATTAGAAAACGTGATTGAACGCGCGTTTATCGTTGAATCCAGCCAAGTGATGACAACAGCAAGCTTACCGGAAAATATCCGCAACGCCGCTGGAGCAAAACCTGCCGCTGCGATAACAACTGCAGTTGGTGGAGTAAAAACCGAAGCTCCTGCCGCTGGTGGTGCTTTAGATTTCGAATTATTTAAAGAGCAGGCCGAAAAAGATTTTATCATCAGCGCGCTTAAAGCGAACAAAGGTAAGATCAACCAAACTGTGGCTCAGGCAAATATTCCGAAAAATACGCTGCTACGTAAGATTCGTAAGTACAATATCAACGTTAAAGATTTTTCTTAAATCAGTTAGGAAAGCGAAGCTGGCACTGCCCGGCTTCGCATTGAGCTTCTTTTACTTTTGCATCTGACATACAAGCCCCAGCCACCGCACAAGTTTGCGGATCATCAAATTTTTGCCAAGGCTTCGTTTTTTTATAAAGATCTAAAAACTTTTTATTAATCGCTTTTTTCGTCGATCCACAGCAGTGGCTGTACAGCACGATCACACAGTCGCTATCGCTCTTACACTGTGTGATATCAACTTCTTTCGCCAATGGCTTTGTCGCAAAGGCGTTCACAGCCAAACTTAAAATAACTGCAAAAATTAATGTTTTCACGATTGTGCCTTTAAAACTTTTTTTGCTGAATGAAACACATGCTCTGGCATAATTTCTTTCATACACTTGTGATGCCCTAACGGACATTTATGATGCCCATGCAGACCACACGGCCTGCATTCGAGACTGCGGTTTTCAATCACTATGCTTTTATCTTCCCATGGTCTAAAACCCAAATTCAAGGTTGTCGGCCCGAAAATAGCGATCACCGGAGTTCCAACACTTGCCCCTAGATGCGATGGTGAAGAGTCGTTTCCGATAATTAAATCGCACGACTTTAAAAAATCGATTGAATCAACCAGCTTCATTTTACCCGCCAGCATTTCTGCTTTTGGATTTCTACCTTGAATTTCTTGGCATAAAGAAGCCTCATCAGGGCCTCCCATAAGGTAAACCTGATAGCCTTCATTTAATAACTTTTCTGTAAGTTCAGAGTAATAATTCACCGGCCATTTTTTAGTTTCCCAAACAGAACCCGGAAATAACGCTATTTTTTTATGAGTATTAAACGCATGCGTTGGCACATGCATCGAGAAAAACTCTGGAATAGGTTTAAATCTTCCTTCTTGGTCAGAAAAATTTAAATAACTCCAATCCTGTTCATTGATTTTTTCAGCCGTCTTTGGGTCAACAGGGGCTAATAAAGCCATCTGACGAATAGCATCTGGCAAAGCTTTTAAATACTTTACACTTTCACTAAAAAATAAAAAATTAAGCCCTTGAGAAAAACCAAATTTCTTTTTGGCTTTAATCTTCCAGGTAAAAAGCGCCGAACGCAGTGATCTGTGCAAACAGAAAACATTTTCAACCGCATGCGAGTTAATTTTTTTAACGGCATCGTTGTAAGAGGCTTTATCACCCTTATTGACCGTAATCAGCTCGTCAATAATATTTAGTTTCAACAGATAATCTGCGACACCTTTTTTGGCGACAAAGATTACTTTATCATTCGGGTACAGCGCTTTAAGCCTTTTTAAAAAAGGAATAGATAAAAATACATCACCGATAAAGGCCGTCTGCACGACCACATGATAAGACATTATTATGACCCTGGTTCGATCTCGATCACTTCAGACACTAAAGTGCCGATTTTGATTTTAGCTTCGATTCTTAAAATATATTTACGGTCATCATCCGAAAGCCAGATAAAGATATCGCCCGTTTGCGATAAAGCCCCGCGTGAGACGATACTGGCTTTAATTTTAACCGCATTAAATTCACCGGCTTCAGTTGATAATTTTTCTTTACCGACGAAAGTTCCCGTAAATACTATATTTTTTTTATCTTCGGCCACACGGAAAGAAATTTGTTTGCCTTCTTTCCAGTTAAATACACGCATATAGAAAATACCGCTGAAGGCATTTTGTGAAAAAGGTAAAATATCCCAAGTGTATTTCTTTTCTTCTTCACCGCTTTTTTCAGTGTATTGTTTTTCCCAGTAGTTGGCTGTTAAAGTGTCATTATTAAAATACGACTGGGCTTGTTTAAGTTTGCCTGTTTCTTTGATGTTAATTTTTAAAACGTGCGGCACCAGTGATTCATAATCTAAAAAAGTATTTACGGTATCATCGACCGAATAAAAGCTAGAAAAAATACGGCTTGATTCTAAGCCTACAAAAAAATTGTAGCTTTTACGGTTATTCACCTGCGCAAAAGGTTTTACTTGCATGGTTAAGGTTCCAGCTTGTGCTGAAAAATAGCTAACTTCATGAACAACTTTTTCACCAACTTTAAATGGATCTTTTAGCGGTCGACGAGAAGCCCCTTCAAATCCATCGTTATCTTCAATTTCAGGCTGACGTTTTGTTGATTTGGCAGCTGTTTTAGCATCTGCTTTTTTAGGTTTAGCTTTCGGCTCTTCTTTTTTAACCGCAGTTTTTTTAATTTCTTTAACCGCTGTTGTTGCACTGACTGCAGACGTTTTTTCTTCAGCTTCAGTTTTCGCAGCCTCTACTTTAGCAGGCTCTTCTTTGACAGCTTCTTCTTGAATTTTAACTTCACGTTCAAACTCTTCGTTCTTAAAAAACTTATCTTCTTTATCGTATTTTAAAAAACTGCTCGAGCAGCTAAAAAGGCTGAATAACAAAACTAAGCTGATAATTCTCATTCGAAGTCCTTCCAACGTCTATGCACCCACATCCACTGTGCCGGCCAACGTTTTATGATACTTTCTAAGGCTGCGTTAAAACGATTCGTAATAATTCGTTGAGCTTCCAGTTTATCGTCTGTCGGCACATCGTCAATTTTAACTGCAGGATCAATACCTATATGCAGCTTATTGGCTTCATCCCAATAACTGTACAGTGGCAACACTGGAGCTTTTGTCTTTAGCGCAAACAAAGCTAGACCATAGGCGGTACCCGTCTTCTTACCGAAGAACTCGGTCTCGATGCCATAAGGTTTACCCATAAATTGATCGAGCACAAAAACTATGGCTCGTTTTAAGCGAAGCGCTTTTAAAATCTCGAAGGCATTATTCTTACCATGGGCATCGATAAATTCTGTTTTTGA
CP176530.1_gap61	2260214	2263613	3399	ATTTTAAATCGCCACCAAAACCTGTGCGCTCATAACTAATATCAGTATAGATACCTTTTGACGGCTCAGCACGGTCATTACGTGAATCGTATTCTAAAGTTGTTTGAATAGCTGATGTCACACCGCGAGCCGTATCTAATGGAAAGATCAACGGGTCAGTGTTTTCATTATCGAATAACTCAGTTTTATCTAAACGGTATCTCACATAAGCACGCGTGTAATCACCGTACACCGGGTGACCAAATCTTAAGTTACCACCCGCTTTACGGATGTCGTAGTTAATACGTGCTTTATTTTCGATGTAGAATAAATCAAAACCTGAAGACCATTTTGTGTCTAAGAAGTACGGGTCAGTTAAACCTAATTTATAATCCTGACGGTTTTTCGAGGCATCAATACGCGCTTCTAAAGACTGACCAAGACCGCGGAAGTTGTTTTGCTGAATTGATCCACCAAGACTGAAACCTTGTGTGTTACCGTAAGCTGCCGTTAACTGGATTTGCCCGGTGTTACGTTCTTTAACCACGATTTCGATATTTAACTGATCTGGTTTTTCTGGAGGCGTGCTTGTTTTAAAGTTCACTTCTTCAAAGAAACCTAAACGTTGGATATTTTCTTGTGATAAACGTTTACGAGTTTCGTTGTAAAGCTCACCCTCTTCGATTTTTAATTCGCGGCGAACTACTTTATCACGCGTTTTGCTGTTACCAGAAACGATGATATCGCCGAAGTAAACTTTGTTACCTTTTTCAAATTCAAACACTAAATCAACTTTTTTGTCTGAATCACGAAAGTTGTAACGAGGAATAACGTTGGCAAAAGCGTAACCTAAGTCACCGTACTTCGCTTGAAGGTCAGTGATATCTTTACGCATAACTTCAACCGAGAAGATGCCGTTATCTTTGATTTTTACCGCATCATAAAGCTCAGATTTCGGAAATAATAAATCACCCGAAAAATCAACTTCACCTACATAGTACTGTTCACCCTCTTCGATGTGATAAGTGATGTAGATTGATTTTTTATCTGGAGTTACAGTCACTAACGGACGGTCGATCTTAACTTGTAAAAAACCTTGGTTCCAATAGATGTATTTTAAAACTTGAATGTCTTGGTCAAACGCTTCTTGTTTGAAAGAACCAGAGTTTGACATACCCGAGAAAAAGCCCGCTTCTTTTGTGAATAAACGGTCTTTTAATTGGTTGTCTTTTAACTGTTTGTTACCGATGAAAGTGATTTTTTTAACTTTCACTTTATCGTTTTCAGTGATCACAAATTTAACACGAACAGTTTCACCCGCCGTGATGTCTTCAATCACCGGTTCGATCTTAACTAGGTAATAACCTTTTTCTTCGTAGTACTTTAATAACTTATCAATCGCTGTTTGAATTTTAGCGTTGTTAACGACTTCAAAAGTTCTTAAGCCTGACTGAGTTTCTAGATCTTCAGTTTTAAGTTCTGATTGGCCTTCAAATACGATTTCAGCCACCACAGGTTTTTCTACGATTTTGTAGATTAATTTTAATCCTTTAGCTGTGTTTTCTTTTAAAACTTCAACCTGGATAAAATAAGTCATCGCAAATAAATTTTGGATATCTTGTTTTACGTTTTGTGGATCGAACTGCGCGCCAACTTTAGAAACGATCTTTCCTAAAACCGCATCTTTTTCGATTTTTTTAAGACCAACAACTTCGATTTCAGCGATCGTTTGTTTGGATTGGGCAGCCGATGTTTTTGGAGCTTGCGCCGACGCAACCTGAACCATAAAAATGCCCATGGTGAACGTCGTGATGAAGAATAAAAAGTTCAGTTGTTTTAATAAGTTATTTAACACCAGAAAAGGCTAGCTAGACTTTAGTTTGATGTCAAATAGCCATCTTTCATGCGGTAGATTTTCGAGAACGCCTGCGCAAATTGCAGATCATGCGTTACGACAATCAAAGTCAATCCGAGCTTTTTTTGCAACTCAAAGAATAGCCCCTGAATTTTAGCCGAATTTTCTGAATCTAAATTACCTGTAGGCTCATCTGCTAACAAAATGCGCGGATTGCGAATTAAAGCTCTCGCAATAGCCACTCTTTGCAGCTCTCCACCACTTAATTGGTTCGGATAATGGTCAACACGATCACGTAAACCCATAAACTCTAACCACTCTAAGGCTTTTTGTTTGGTCTCTTCTTTGGGTTGTTTAGCCAATAAACCTGGCAACATGACGTTTTCTAAAGCACTTAGCTCATGAATTAAGTGATGAAACTGGAACACAAAACCCATTGTCTCGTTGCGAAATAAAGCTAACTCATCATCTGATTTTTCAAATAAAGAAGCCCCTTCAAAAAGCACTTGGCCTTCAGTGGGACGATCTAAAGTTCCTAAAATTTGCAAAAGCGTAGATTTTCCCGCACCCGATGAACCCAGCAAACAAACCGCTTCACCTGCTTGAATATTTAAATCAACCCCGCGAAGAACAGAAACATGTGAAGCACCAGTTATGTAATTTTTAGTTAAACTTTGAACTTGAATCATCTAGTCCTCCCGTAACCCTTCAACCACTGTTAGTCGGCTACCTTTACGGGCCGGCGGATAAGTGGCTAATAAGCACGCTGTTGTTGTGGCGATAAAAATAAAAAAGAAATCAATCCAACTTAAACGAATATCAATGCGGTCAATTTTATAAACTGAACCTGAAATCAGAGTGTACTGCGATTGTAAAAACATAAAACCTTGCGACAGCAAATAGCCCACAAAAAAGCCGCACAAACACCCAAGACAAGCCACAAATAATCCCTGCATAACAAAGATAATTTGAATATTTCTTTGCGTAGAACCTAAAGCCTTTAAAATCGCGATATCTTGGTAACGTTGGCGAATTAACACATACAATGTGCTCGAAATATTAAACGCAGCTACAACCACGATTAAGAACACCACAAAGAAGATCACAACACTTTCGTATTTGACCGCTTTGAATAAGTTTTTATTCACTTCATACCAGTTTAAAACTGCGTATCTAGAACCTAATTCATTTTCAATTTTATGAGATAATTCGGGGGCTTTTTCTGAATCTGCAATTTTAACAAAAGCTCCGGTATAACGATCACCAATTTGAGTTAACCCTTGAAAATCCGGAAGCTGTGATAACACTAATCTTTCGTTCCAATCATTTTTACCAAAATCTAAGATCGCCGCGATTTTAAAAGCCTGAGCTTGGCGTTTAAAATTATCGTCTTCAAAAGGTGTAGCTAAAGACACCGCTAAATAAACTTCATCGCCTAATTTTAAACTATACCGTTTTGCTAAACCTTGGCCAATCGCCACAGTTCCTGGAGCTGAATTTAAACTGCCTTCACGCACCCGTGAATTTAAATTTAAAATTTCGCCAACTTGCTCAAAATCAAAACC
CP176530.1_gap62	2269008	2270351	1343	GACCGTCTTAAACTGCATGTTAAGTCTGATGAAAAAGACTCAGTGCCGTTTAATGTCGAGTGCGAAGTAATCAGAAAAAACTTTTCAAAACAGCGACTTAACTCAAAATCTGGCCTCTATTATGCGGTACGTTTTCACGATATTCAACCAGTGGGAGTGCAGACAATCCAGACCTGGATACAAGCACCGGAAAAGTCCGCATAACCGCTTGGAATTAACCAAGCACTAAATTTTAGAAATTAAAACGAAAGAAAAATTTACGGAGGATTTATGGTAACAGAAATTTTAGGTTTTATTAAGGATTCAGGAGTGGTCGGTTGGACGATTCTTGGTACTGGCGTAGCAGTGGGTGCTCTAGTTGTAGAACGTTCACGTGCTCTTTACTTTCACTATGGTATGAATGTGGATGCCTTCACAGGTAAAATCCACACACTAGTTTTATCTAAAAAAGTTGATGAAGCTATCGTGACTTGCGCACAAATGGAAGATAAACCATTAGCACGCGCTTTCAAAACGATCTTAGAAAAAGCTGATCGTGATGATGAAACGATTTTCCAAGCTCAAGATATCGCGATGTCTGAGTGTGTACCTCTTTACACTAAACGTTTACACTACTTATCAATGTTAGCCAACGTGGCGACATTACTTGGTCTATTAGGTACGATCCACGGTCTTATCTTATCGTTCCAAGCAGTAGCTCAAGCTGACCCTGCAACAAAACAACAAATGTTAGCCAACGGTATCGCAGTATCGATGTATACGACGGCATTAGGTCTTGCGGTTGCGATTCCAGCCATGGTTCTTTATTCGTTCTTAATTTCTCGTCAAAATGAGTTACTAGAGCAATTACAAGAAAAATGCTCGAAATTAACTGAAACATTAACAAGCAGTTCTATCCCAGGTCTTGCTAAAAACCATGTATATCCAGACGTAGCTAACGCTCCAGCTGGTGCGCAAGTACCTCCATCGCATTCATCTAAAGCTTCTTAATTAGAAGCTTTTTAGGAGAGAACCTTATGGGTAAACGTTTTAAACTACAAATTGACCGCAACGCTGAGTTCGAATTGGACTTGGCGCCGTTACTTGCGGTGATGGTAAAACTTGTACCGGTTCTGTTAGTGTCATCGGCCTTCGTGCAAATGATGATTATCGAAACTGAACTGCCACAAGTTGTTCAAGATGCTGTAAAAAAACAAGAAGCTGATCCAAATGCCGCTTCAATTTCTGTGACTGTAACTAAATCAGACGGTGTGAAAATCACATTAACTGAAAAAGGCCAAGCACACGTTGAAGTTGTTGGTTTAAATCAAGAAAAACAGATCGACTACCCGACTTTACATGCT
CP176530.1_gap63	2278204	2281185	2981	ACCACACGTCTTACCTACTTAAAAAAGCGAAATACTATTCTGAAAAAGGTAACTTAAAAGAATTCGAAAACGCTTTATTAATGATTCCAACAGAAGCTCCTGAATACAAAGAAGGAACTTTACTAAAAGCCGTATTAAACTACCGCCGTGGTCAAGTTGATGAAGGTATCACGGAATTAGAAGTTTTATGGCCTTTAGTTGAAGAAAAGAAAAAAGACCAAATCAGAAACTTAACAGCTCTAACGTTAGCGCGCCTATACTTCCAAAAAGGTGATTATAAAGCCGCTTACAAATACTATCTGTCTGTAGATAAATCTTCAGGCCAATGGTTACAAAGTATGGTTGAGCAAGCTTGGACACAAATCTTAGCTAACGACAACATCGGTGCTGCCGGTAACATGTTTACCCTACACACTGAGTTCTTCACAAAAGCTTACGCGCCAGAAACTTACGTAGTGCGTACGGTGGGCTATTTAAATCTTTGCCAATACGGTGACGGCGTTCACGTTCTAGAAGATTTAAATAAACGTTATAAAAAGGTTCAAGAAGAATTAGAAGGTTACCAAAAAGCCAACCCTAAAGGGCTTGCTTACTATGATTTAGTTAAATCTTTCTTGAAAAATACAAAACAAGAAATTTTTGAAGGCGTACCTCGTTCATTCGTGGTGGAGTTAGCCCGTCACCCGACTTATATGAACATTCAATCGCAAATCAACGCATACGAAGACGAAAACTCACGTTTTAACAAAGTGACAATCGACCTAATTCGTAAAGAACGTGATGCGCGTTTAGAAATGTTAAAAGCTAAAAACGAATTTTCGCAAGCGCAACGCGATGGTAAAAAAGGCGATGGCTTACGTAATTTAGAGAAAAAGTATTTAGCTAAAGGTGTTGAGCATTTAATTTATTCTCGTGCTAGAAACGGAATTAAAAAAATGCGTGAAGCTGCTTTAGCCCGCTTAACTAAAGAAGAAAATACTTTACGTGAAAAAGCAGGCAAAAACTTACAAGGTCGTTTTGGTGAATTAGTGGCATCACTTGACCGCTTAATCGACCAACAAGAAGTTTTAAGTTATGAAATCTATTCTGGTGCCGGTGAACATATCCGTTACCAAATGGCCGGTGGCGAAGGAAAACAAGCTGACAAAGCACCAGCTTCTTTAACTCCGGATGATAAAGATAACTATGCATGGAAATTTAAAGGCGAAGTTTGGGATGATGAGATCGGTCACTACCGTTCTTCATTAAAAAACGTTTGCCCGCAGGATGAAAATGAACGTTCTCCAAGTTCAGAGAACGCTTCAACTGATGCAGGCGACGCCAACGAAAAACATAACTAATTTTAAATTTAATAAAAGGAATAATTTATGAAACAGACTCAAAAAACAATCTTAGCCTTAATTACCCTGAGCTCGATCGTAGCCAGCGCGGAACCTTATTCAGCGCAACAAGGTCTTGATAAAATTAAGATCAACGTTGAAACAGCTAAGGCTAATAAAGTGGATTACGAAAAGAACTTAGGCGTGATTAACACGAATATGACTGAAATCGGTAAAGCTAAGGGCCAGGCGCAAAAACAAAAAGATACAGTGAACACTGAAATCTTAAATAACAACGAAGCTCTTAAAAAAGTAGTTTTACAAGAAAAAGAACTACAAGCTTTAATTACTGCCGAAGAAAATAAGCGTGTTGAAGAAGACAAGCAATTAAAAGAGCTTGCCGCTTTAACAACAAAAATCTCTGAAAACCAAAAAAAACGTGAGCAATTGATTGCTGACTATAAAAGACAAATGGAAATGGTCGCTGAAGAGAAAAAATCTTGGAAAGGCCGCGAATCAGAATTACGTGCCCAAGAAGGTAAAGCCATTGAATCTTTACGTGGTTTAGCTTCTCAAGAAGTCGCTTGGAACACGAAAAAGAAATCTTACGAAGGCGAAGTTAAAAAATGGTCAGCCGAAGTTGATAAACAAGAAAAAATCTCTGAAACTTACCAAGGTTTAAAAGAGAACAAATAATCGGAATAATCGGTAGGCCGTACCTTTTTGCGTAACGCCGTATCAAAATAAAAAAGCCGCAGCTAAATGCGGCTTTTTTATTTGTGCGATTACTTCTGGCTGGCGACTCCGCGCTTACACCAGTTGATCTTTTCTTTAGTTGCCCCTTCATAGGCATAGGCTAAGTTATTCTTAATCAACGTTTCGGCGATGTCTTTACCGTCGACTTTAACATCAGCTAAAACGCGAAAGTATTTATCACGTTCGATATTTACTAAATCAATGCGTTTAGCATTTTTAAGCATATTTTCAATTAAACGTTTAGACGTACGCGCCACATCTTTTTCACAAGGAAGCTTTCCTTTAATTTCCGGCGAATCGACATGTTTTACACGAACGCTGATCTTCTCCCCGATTAACGGATGAACTCCGGGAATATCAAAGGTGATCGTATCGGCATCGTAATTTTTAAGATACTTCACACAGTTAAAAGAATTCGCTGTGTGGGCACATTGGTCGGCCAAAGAATTTAAAGAGAATAAAAATATCAAAGCTGCAATACTAAGTTTCATATAAAAATCTTAAGTGATGCAGCTTTAGTTTGAAAAGAAAAAAATGTTATCTCGGGCAAATTCTAGCTTGGTCTTCAGCTGAAATTTTTAAATCATCAAAAATTTGAAAACGGCTCATACGCATAATTTTATTAGCGTCACCTTTAGGAACATTCGCGTTCCAGTAAGCTTGAGCTTCTTGATTTGAAAAACCGCAGAACTGCATTAAAGCATAAGAAGCCATTTCACCAGAGGCATGCCAGCCATTCCAACAGTGAACGTATAACGGGCCTTTTCTGTTTTCGATAACATCTTTGATTTTCATTAAATATTCTTTTTGCGAAGCACGGTTTCTTGTATCAGAGATAAATGAATAATTAATACCGTAAGTGTCTGCAGGTTTTTGTGACCAGCCGTAAGGATACATATAAACCGC
CP176530.1_gap64	2353635	2355539	1904	CTTAATGAAGAGCAAATGGATTACACCGTTTCTATTCGTAAATCGGCTGAAAGTTTACTTTCTATTATCAATGATATTTTAGATTTTTCGAAAATCGAAGCCGGAAAGCTCACTTTTGAAAATGTAGATTTCAATATTGAGTCTTGTCTTTTAGATGTTAAAGATTCTTTTCTTGTGGCTCTTAGTGAAAAAGGTTTAGCTTTTAATATCACTCTAGATCCGCAAATTCCGCAGACCGTAAATGGCGATCCAGGCCGTCTGCAACAAATTTTACGTAACTTAGTGGGAAATGCTGTTAAATTCACACCACATGGTGCAATCACCCTAACGGCCAAACTTCGTGATAAAACGACTTCTGGAATGGAGCTTTATTTCGAAGTTAAAGATACCGGCATCGGTATCGATCCCAAAATGCACACTGGGCTATTCGAAAAATTTTCGCAAACGGATTCGTCAAACACCCGCAAGTACGGCGGAACGGGCCTTGGGCTTTCAATTTGTAAAAGCTTGACTCATATGATGGGTGGCATAATCGGCCTAAGTAGTGAAACCGGTAAAGGTTCGACATTCTGGTTTACCGCTAAAATGAATATTGCAAAATCAAATGTAGCCCCGGCTTCGCACCAAAAAATTCCGCAGTACACGAGTGAAAAAATACTAGGACGTGTTTTGATTGCCGAAGATAACCCCATCAATCAAAAAATTGCGATTAAGCTTGTCGAAAAAATGGGTTGCCGTGCCGATGCTGTCGCCAACGGTGAAGAAGTAATCAACGCTTTAAGTAAAGTGCCTTATGATTTAATTTTAATGGATTGCCAGATGCCCGAAATGGATGGCTTTGAAGCCACTAAAAAAATTCGTGAAACCGAAAAAGCTTCTGGGCATAAAAGAATTCCGATTATCGCCCTCACCGCTTCGGCCATGGGTGCCGACCAACAAAAATGTCTCGATGTAGGCATGGATGACTATTTAACTAAACCTGTCGACTTTCAAAAAGTTTGGCAATCTTTAGAAAAATGGCTTAAACCGAAACAATGATCCTATACTAAACGATACCCTACTCCGGGCTCTGTAATTAGATGTTTCGGCTCAGATGGCGTTTTCTCGATCTTTTTTCTTAACTGGTTAACATAAATTCTTAGATAGTGAGTTTGCTCTTCGTCAAGTTTTCCCCAAACCAACTTCATCAGCTGTTTTTGCGGGACAACTTTACCTTGATCGCGCACTAAAACTGCTAAAAGTTCGTATTCAGTCGCTGTTAAGTGAACTTCTTCATTAGATACAAAAACCTTTTTTTGGGCCAGATTCACTTCTAAATCATCGGATTTAAAAACCGGAGTTGCTTCGATTAATCCCAAATGTCTTAACGTTACCCGCACACGGGCCAGTAATTCTTTAGCACTAAAAGGCTTAGTTAAATAATCATCAGCCCCGGCATCGAGTAAGCGCACTTTAGTTTGCTCATCATCACTGACTGTCAGAATAATAATCGGAACACGCGACCACTTACGCAGTTCTTTTAATACGGCAACACCATTCATGTCTGGCAAGCCTAAATCTAATAAAATTAAATGCGGATGAAAACTTGAAATCTGAGCAATACCCGACTGTCCGTCGATGGCTTCAGAAATTTTATAACCACTGGATTCAAGATTCATTTTAAGAACGTTACGAATCGCCGCTTCGTCATCAATAATCAAAATACGAACTTCTTGGTTATTATCCATTATTCACCTCATTTGGTAAGCTTGGCTGCTCTTCCAGCGGAAGACTTACAATAAACCGTGCCCCGTGAGGAATTACGTTTTCAACATGGATACTGCCTTGGTGAAGTTCTACAATACTTTTAACAATCGAAAGACCAAGCCCGGTTCCGCCAGTAGGACTTCCCGGTACGCGGTAGA
CP176530.1_gap65	2429194	2433321	4127	TCAACCAATAGCCCGCTTCCAGAAACGGCATTCATCGTCACTTTACCAGTTGTACGGTTCATTGATAAAACTGTAGTTTCAGATGATTCAATCACACCTAAATCTAACGAATTATTCAATGAATGATAACGAACAAAACCACCGTTTTCAGCCAGATCTTCGGTTAAACGAATTGTCGGGCCACTTGCAGGATCATTTGAAGCACTGCGAATACGTAATGTTGGGCTTGCAGAAGCATAAAGATCCATTAAATAACTTGGTGAATTTGTGCCTAAACCTAATTTACCGTCGCCGGTTAAACGCATGTATTCGATTAAGTTATAATTTGGTGAAGCTGAACGCACGTGAACAAAGCGTAAATTCTCATTGAAATCATCACCGTAAAAAACAGCGGTATCTGATCTGTTCACTCCTGAATTTAATAAACCGATGCCACCAAAATCAGAACCACCATCATGGGCGCGGTAATTCATCTTAAAAGCTGTTGATGATATCACTGTAACATCATTCACAAAACTCACAACGTTTGTTGTTCCACTGACATCTAATGTAAAGGCTGGTGTCGATGTACCAACACCCACATTACCACCACCAGAAGCCAGAAGCACATTACCTTTTGTAGCGTGAGTTGTTGATTCTAAACGTAACGACCCACCTGGGGCGGTTGAACCGTAAACGTAAGGTGTAATCATTGATGATGTCGCTGTAATATCTGAACCTTGAATGTCGGATGAAGTTATGATTGTACCTGATGAATAGATGTTACCAGCCACACCCATTCCGCCTTTAACGATTAAAGCTCCCGTGCTTGAATTTGTTGAAGCCGTTGTTGATGAAACAATTACTGATCCGGCCCCAGGAACCATGGTGATGTTTCCTGTCGAGTTGATCGTTGACGCGTTGTCGATAGAGCCAGAAGATGTACCCGTTGCTAAAGCACGACGTGTGTTTGTTCCGTCAGTAAAATATAAATTAAAACCATCGTATTCAACGGCACCGGCTTGCGCTGCGGTCGTTAAAGCACCTGATGTAAATTTTAATGGTGCGATAGTTGTTGTACCTGAAACAATTTGTAATTTAGCCGTTGGCGCATTTACACCAATACCCACGTTACCCGTATTACTGATCGCCACTCTAACAGTATCACTACTAAAAAGTTGGAACGAACCCATGCCTTTTGTACCAATGAAAAGATCATCTTCGGCGGCAATTGTATTACCATCCATATTTAACGTTGTACTTGTCGCTTCTTGAATACGCACAACAGAGTTGTTTAAATTCAATGATCCGACCGAACCCAAAGTTGTAGATCTATAAAAGTGATTTGGCACTGCCGGAGTCGTCGTACCAAATCCCACACGGCTGGTTCTTGTAATCACCATCGGTGTAGTACTATCACCGTCAGCACCATCACCCGCAGAAAAGTTAATTCCATTTTCACCACGTAAGAATAAAGTATCACCGAACTGCTGAATTTCATTGGCGTCAAAGGCAAGAACACCACTTGCACCACCTTCAATTAAAAGACCGGCATTTGCCGTATTCGAAGAAGTTTGGTTTATTGTTGTTCCGGTAGATCTTGCCACATGCAATAACGCGGTTGGTGCAGATGTGCCTACACCAACACTGCCCGCATTAAAATAAGAATCGCCGTTGCTATGAATTAAAGTTTTCGTCGCACCCGTCTCATCATCTAACTGCACATACATTCTGTTGCCCGCACTTTCATTTGCAAGCATACGGCTAGAGCCTGTCGAGGCATTGATTCTTAACACAGTTGCTGCCGCTGCAGAACTAGCCAGAGTTAAACGCGCCGTAGGAGCATTTGTTCCAACACCGACATTTCCTAAATTATAATAAATAGACGAACCATTATTTAACCACTGTGTTGAAGAGCTTGATTGCGCCGGAGTAAAACCTAAAGCCGCTGTTACATCAGAAGATGATAACTGCGCACCACTCACCACACGGCCTTTACCATCTACTGTCACTTTCGTGTATTGTGTGCCAGATGTTACACCAGTTTGATTTGCTAATCTGGCATCAGCGATAATACCTGTTGCACTAGCACTTCCTAAATCCACTGTATTGGCTGTTGCAAACGCACCTAATCCTAAATTCGTACGCGCTGTCGCGCTCGATGTTAAATCAGATAAGTTATTCGCTTTTACGAGATAAGTTCCAGAGGCTGCATTATTTGCCGGTGTATAACCTAAAGCGGCAATCACCGCTGCTGATGTGGCATTTAATTTGTTTAAGAAAGTTAAATAGTCTGCATTCGAAATAAGACCTGCTGTTACCGAGCCTGTCGCCGATGCTAACGGAATATTTAATGTATGCACACCATTCGCTGTTACAAATGCTGGCGCATTGCCAGTAACACCGTTTGCAAAAGTTTGTGTTTGCGAAGCTGAACCATTCAACGAATTTACACCAACCGTTGCAGCACCGAAAGCTATCCACGTTGAACCGTTACAGTATTCTACATTGCCTGAATTATAACGTAATGTACCTGCATAACTGGCAGCACAGGTTGCGGCTTCCATACTGATTTTTAATCCGCCTGCTACATCTAATTTTGTAACCGGCACTGAAGTACCAACACCCACATTGCCGATGTTGTAGAAAATCGCTGAACCTGATGTTGTCCATTGCGTAGAAGCTGAAGCACTTGCCGGAGTATAACCTAAAGCTGTTGTAACATCCGTCACAGAAAGCTGAGCACCACTGACGACCCGGCCTTTGCCATCAACCGTTACTTTTGTATATTGCGTGCCACTTGTTACTCCAACGCCTACTGAAGCCAACGTTAATACTGAAGATCCAAGTGGCGATGTTGCATCACCAGAAAAAGCCGGAAGTCTCGCCGCCGCTATAGTTCCTGAGGCAAATGAAGAACCTAAATCTAAAAAGTTAAGTGTCGCTAAAGAACCTAAACCTAAGTTATTGCGAGCCACTGTTGCTGAAGTTAAATCTGATAAATTATTAGCTTTAACAAGATAAGTTCCAGAAGCTGCATTATCTGCCGGCGTATAACCTAAAGCCGAAACCACATCAGAAGATGATAATGCACTTCCGCTTGTTACACGGCCTTTTGCATCCACCGTAACTTTTGTATAACTTCCAGCTGTTACGCCAGAATTCGCTAACACCAGGGAATTGTATACTCCCGAAACATCACCTGCAAAATTTGTCGATGTTGTTAAAACGGTTGCACTATTTGCTGGAGTATAACCTAAAGCAGAAGCTACAGCCGCCGATGTTGAATTTAATTTGTTTGAGAAAATTAAGTAATCTGCATTTGACACTAAACCCGCAGTTACAGAACCTGAAGCCGCTAAAGGAATATTAAATGTGTGAATACCATCCGCTGTAGAAATGTTAAAAGCTGTTCCTGTCGTTCCTGCAGCAAATGTTTGCGCACCTGAAGTAGAACCATTGATATTCGTAATACCGGCGCCCGCTACACCAAATGGCATCCATGAAGTTCCATTACAATATTCAACAGTTCCCGAATTATAACGTAATGCCCCCGCAAGACCTGAAGCACATCCTGTTGTATCCATACCGATGCGGATAGCACCTGACACATCTAATTTTGTTGCCGGAATTACGCTGCCAATACCCACTGATCCAGAGGCAGTTATTACAAACGGAACACTCCAGGCAGTCCCATTCCAGTATGAAGCTTCAAAATTATTTCTGCGTGTTGTCGCTGCGTTTTGATCACCAATTGAACCTACCGACCAACCTTTATTATCAGCGCTTGGATTCGAACTTCCTAAAGTTTCGCCTGGGCTTCCACGTTTAGAAAAATAACGAACAGAGGCTCCGGAGTTGTCTGCACCTTGTAAGTTGATATGCATTGAAGCTGTCGAACTTACTAGTTCTAACGCCGACATTGGATTACTTGTACCGATACCCACAAAACCGGAATTGTAATAAATTTTGCTGCCGTTACTTTCCCACTGCGAAGAAACAAGGGCCGCCATCGAAGCAGATAATCCTGAAACTGTGTTTGAAATTCCAGAAACTGTCGAAGTTAAATTTGAAACTGTTGTTGAAAGCGAAGATACTGTCGACGAAACAGCAAATACATCCGAAGCTACAACGCTAACGCTTGAAGA
CP176530.1_gap66	2448005	2450440	2435	TGTGAAAGACGGCGACATTTTATTCTTCAAATTTAACGTTTAATCGGTGCCAGGCCTTTTTCGCTACGGTTATATTTTACTTAATAACTAATAAAAAAGAGCACTGTTTTTTACAGTGCTCTTTTTTTATTTTTCATACTTTTATCGCGCTCTGTACTTCAGACAACAATGTGGACTGAAACCCCGAGCACAAACCTGGCGTCAATTAATTCTGGGAGCGACGAAATTCAGATCTAAATGGTTCCCATTCTTCTTTTAACGAAATAGGGCCATCTAACTTCATTGGAATAGGATTTAACAGGTACGAATACTTCTCGTGTTCGATCGCTTTGTTATAAAGCTTATCGTAAGTCGCACGGTACGTAAGTACACGTTTTACGTAAGTTCTAGTTTCAGCAAACGGAATATGTTCAATAAATTTATCAAACTCTAACTGCCCTAGATTTTTAATCCATGATTTTACTCTGTGCGGGCCACCGTTGTACGCGGCTGCGACTAGCGGTTTTTGGTTATCCATCTCTAGAGATAATTTTTTTAAGTACGCAGCCCCAAACTCAATCGATTTTTCTGGTGTGAATAATTGATCGGTTTGAATTTTTTGATCCATGATATCAGCCACTTTTTGTGCTGAGTACGGCATAAACTGCATTAAGCCAACCGCGCCCACTGGTGAAATCGCATCTGACTTGTACTGAGTTTCTGCACGCATAATTGATAAGATTAAATACGGATCAATTTTTCTTTTTTCTGCGTATTGAAACACTTTATCTTTATACGCCTCTGGATAAAGCGATGCCCACATCACTGGATCAGCTTTAACTTGTAAAGCTGTTTTCTCAGTTGATGAAAAGCGGTTCATTAACGATAAAGCGCGGTAGTAAAATTGCTGCGTTAAATAGAACTGCGCCATTTGCTCAGCTTTTTTACGCGAGTTAATTTTCTTTTCGATTTCGTATAAATGCCAACGCGCTAAATCTGGTTCGTTTTGTAAAATTAAAAATTTAGCCCAGTTAATTTGTGTCGCTAAATCTTTTTCTGTTTCAACTTCGATACCGGTTGAATCCGTATTTTGAATCACTTCATTTTCAGAGTTCACAATTTGTACGGAACCTTCATCAGTTTCATAACCTGATTGATCTAAGAAACTGTACGATTCCATAATTTGTGAATAGCTTTGTGTTTCAGAAGCTACCGGAAAAGGCCCTTTGTTCATCTTAGCGACAAGCGCGATACTTTTTAAAACCCCGTTATCACGGAATCCTTTTTTCACATTTTCATAACGTAACCACGCAAGTAAGTTGTAGTAAGAAAACGCCTTTTGATCTAATACTGGTGTTGATAGTTTTTTAAAACCGGCAATCGCTGAGCTTTCATCACCCAGTTTTAGTTTTGTATCAGCCATCCAATACGCTAAACGGGCTTCGTCAACCGCGTAACTTGTTGTGGATTCAAAAGCGTCTAAAGCTTTTTGGTATTGGCCATCAAGATATAATGTCCATGCGCGAAGCCAAGCAATCTGGTCAAAATCACGTGTTGGGCGATTACGACGCTTTTTCTTTTTCATGTACGGATGATTTTTGTAAAGCTCATCAAAAATCGCGTGGGCTTGAGTGTACTTTTTAACTTGATACAACAAGAAGGCCTGCTGAAAACGCATCTCTTCGTATTCTTTGCCTTTTGTTTTTGTTAAAATTTTAGCGATGATTTGTTCCGCTTTTTCTAATTCACCGGCACGCTGGGCGATGAAAAAGTAATTGTCTTTGTAATCAGTTTCGAAAAGCTCTTTTTCATATTTCGCTAAATTTTTAAAAGCCGTAACCGGGTCACCTTGGTTTGAATCATAAACAGCACGAATATATGTGCGCTCCCAATCTTGCAATTTCGCGTAACCCGAAAACAGTTCGATTTCACGTAGGGCTTGGTATTCTTTAGCTGCAAATAACAAACGGCGCATACGAGTTAAAAAATCATCTAATGTAACAGGGCATCTTTCTGTTGCCGTTGTCAATTCTACGAAATCAATTCCAGGTTCTGCAATCCAACGGTCACGCTCAGTGTGACAGATTTCATCAAAGTATTTATTTCTTTGAAGCCATTTTAAGTATTCTTCTTCAAAAACTTCACCTTCAGAAGAGCCGCGCAATTGGCGAAGTAACGAACGTGATTCTGTTTTAATAAAACCCACCGCATTGGCAAATTTTAATTGGTCTACCGGAGAATTAATTAAGAAAACGATTAACTCTAAACGAATACGAATAAATTTTTTCTCTTTTTTTAGAGCCAAGTAGTGCTTGTACACATCTTCGTAATTACCCGACCACGTTGATAAAAAATAATCTTTGTAATTATTTAAAATCGGTTGCGACGGAGTCCATTTTTTAATGCTATCAATGGCATTATTTACGTTCTGATTTTTTTTCGTAAATTCAGAGAAA
CP176530.1_gap67	2469958	2473069	3111	ACCATGAAAATCACCGAAGTAAAAATCTTTCCTGTTAATGAGGATCGATTAAAAGCATATGTAACGATCACGATCGAAAATTGTTTCGTTGTACGTGATCTTAAGGTCATTCAAGGCCCTGGCGGTTTGTTTGTGGCTATGCCCAGCAAAAAGCGTAAAGATGGCCAGTTTCGTGATATAGCGCATCCGTTAAATCAGGAAACGCGAGAAACGATTGAAAATTTAGTTTTTGAGGCTTATGAAAATGAGCTACGTTCGATGGGAGAAACTCTGACGACTTTAAAAAGGCAGAAGGCTCCGCAAACCTATCAAGGTGACGATTAAGCCACCAGCAATGATGGTCAGACTTCTAAAGGAAACCTTAGATTTCTAAAGTCGCCCGATAGGAATGCAATAGGGGAAGCTTTTCGCTCCAAAAAGTGGTTAGAAATATAGCAGCTAAGATCAACACAAGTAAAAAGAAAGACCCTGCTCAAAAAACCTTTCTTCTAACCCCATCAAACCAACCAGCCCAAACTTATTATAGTAAGTTTGGGCTTTATTTTTTCTTGCGCTAATCGCCAAAATTAATTAACTTGGGTCTCACGTCATTCGACTCAGTTGGGGTATCGCCAAGTTGGTAAGGCAATAGATTTTGATTCTATCATTCGGAGGTTCAAGTCCTCCTACCCCATCCAATTAACCTGCCATCGAGCAGGTTTTTTAGTTTTTGGCCCCTATTCAATAAAATTCAACACTTAATAAGAAAAAATGAAATCTACGTCAAAACAGCTATTCCCTTGTTGTCACTTCGAAGACACTGCTTCTGTCGTCAAAATGTAATACGCAAGCGTGGTGATCAAATAAGCTGTTGTGATTTTTTTCACTACAACCCTACACTTAGAGTTCCATTTAACTAAACCTTGGTATGCCTTATGTCTTAGGGCCTTGTGCTATTCTTAATTTGAATTAGTTATCGACTTAATTCTCGATTTAATCAGATCTTCATTAAAGTCATGAGTCGAAACGTATGCAGCAAACGTTATTACTTGGTCTTTAACTAATCGCAATAACCGTTTTGTACCACTCGCAGAATTACCTGCTTTATGCGGCTCAATAACGTCGCATCTTTCAATATGAAACCCCTGATGCTTACTCATGATGGTTTCGGGATGATAATCAATACTGAAATGACAGCGATCTGCTTTTTTTGAAGATACATAGGCCAAACTACGAAACATAGAAAAGGCGATCTCGACAATTTCTACAGCCCCAAGCCCGCGAATTTCAGAAAGACAACTTTTGGAAATTTCAATATCGTTTGCAAAACGTAAAAGTGTCATATCAACTCCTTGATTAAAAGCTTCAAAGAGTGCAAATTTTCGAATGTCCAATAAATCCCAACCAGTATTTTTTCGCTTTAACTCAGCATAATTGTCTGCATTCAAAGTCGCAATGTTTGCAACTAAATTCCCGACCGTTAAATCTGTTGTAGCTATATCTCTAACATCACCACACATATATCTTCCTGTGCACGTAGCACAGTTGTCCTTTTGAACTTGTCTAATCAAATTATCAAAAAGCAATGGAGTCTTTTGGTTTATGTAATCATTTATAATTTGCACGGGTGTATAAATTATATTTTGAATATTCACAAATTGAGTTGATACATCAGCCGTCATACAGTCAGCCGACTTTACTGTACTTTCAAAAAGAATATTTGATTGAGTATCCTCCAAAACAGACTCAATAAAAATTCTCAAATAAGAATTACCATAAAATGACTGCATTAATTCTTTCGGAATTATTAATGCAAAAGAGAACCTCAAGTCGCCAAACAACTTTTTTACCTGAATGAGGCTTCTGCCTAGATTATCCAGATTAGTTTGAGACAGTATGTCCGACTCAACATGAGGTGAAAAATTTAAAATTACTCTAGCGCTCATCGTCATTTGCGGTTTAAATTTGATAGTCTTATTTCGTTAAGCTCTTCAGCTATTTTTTTCTGTTCGCTCAAAAAACCTAACGGTGAGTTTTTAATGTACCCCAACTCATCATACTCGATAGAGTACACTTTAGACTGTTCTTGCTCACGCGCAACCCAATATAATTTTATTTTTTCTTTTTGCTCACTATATTTAAGACTTAAAAAGATTAATTTATTTATCAAATACTCACTATGAGTTTCGATAATGATCTGCTTCCCAATTAATGCCATTTCGAAAAAGAAGTCTGCAAGCTTAGATTGTAGCTGTGGATGCAAATGAACCTCTGGCTCATCAATTACAAACATCTTCTTCTTAGGATGTTGCAACACTTGGTAAATCACCGGAAGAATCTGGCTGACTCCAAAACCTACATTGTTAATCGCGAATTCTTTGTTTCCTATTTTCACCATGATCGCCGATGCATAGTTACCAAGGACTTCTTTGACATAAACATCGTCAACTAAGTTAAATCTGTCTTTTAACCAATATTTTAAGGCGACTTCGATTTTAGCATTCTCATTTTTATTGTCTTTAAAATTAAATTTATAGGGAATATTTGAATCCAATTTATCTTGAAACTGACTCAATGGGTTTGGTAGAACAGAATCTATATATAACCTCTCTGGTTGGCCACGAAAAGCAGGCTGATACAAATACTCATTGCTATTTAAATTCGTCAAAGGAAGAAGAAAAGAATTTTTTAAAGTTATTGTACCGTCGTAAGCCACACCATTATTTCGACACATTTTTTCAAATATATCTTCATCTAGGCAATCTTGATATTCGGGCTGAATACAATTTATAAATTGATCGAACTTTACTTTTACTGAGTGCAGTTGGGCTGATAATATTTTAATAGACACGGCTTCAAATTTAACTTCATTTTCATAAAAACGCTCTATCCCTTTATGCTTATCTTGGATTAACTTTTGAATAATCATCGCCTGAACTGCATCATTCAAAGAAAATGTTTTTACACCTACCACACTCCATGAACCTTTATTCATAACCGCGCTATAGCTAACAACTTCGTTTTTCTTTAATGTTTTTTCATATGAGATTTTAGTCAAAACTAATTTTTCAGATTCACTTCGCAAATTAAATACCGATTCAAGAAAACTGTCATCAGCCCAAGAAAATTTAA
CP176530.1_gap68	2481859	2485760	3901	TTGGATCGTTAAAGAAATCGTGACCGCTTTTAACGGCAAGGTGTGGGTGAAAAGTACTTTAAACAAAGGTTCTACTTTTAGCGTCGAACTACCCATTAAGGCGCAAGGATAATTATGCCAACATCTGATGTCTTGTTAATTGATGACGAACCCGATCTTAGAGAATGTATCGCCGAACTTTTAGAAAGCGAAGGCTACACGGTCAAACAAGCCGAAAACGGAAAAACAGGGCTTGAGATTTTAAAATCAGGCCATACACCAAAAGTCATCGTACTAGATTATATGATGCCCGTTATGGATGGTAAAACTTTCTGCGAGCACGCCATCAAAGATCAGCTGATCAGTGCAATTCCGATTATTCTCTTAACAGCAGCCAATGTTCCCGCCGAAATGGCCGCCGATATGAAAGTAGCTTCTCAGTTAGAAAAACCAATCGATATCGAAAAGTTTTTGAACGCTGTAAAAACGTATTTATCTAAACCAGCTTAAGCTAACGGTAACTTTAAAGTAAAACACGACGGTGAAACTGTGCGGTCTAAGTAAAGTTCGCCATTGTTCGCACGGGCGATGCCTAACGCAATACTAAGCCCTAAACCTGTGCCCTGCCCGATGTCTTTGGTGGTAAAAAAGGGCTGCATAATTTGATTTTCAATCGCTTTAGAAACACCAGGCCCGTTATCTATAACAGATATTTTAATATCACCATTATCAGTTGTCAGAATCACTTTAATCTGTGGATGTGAAAGTTTCACACAGGCATCATGGGCATTTAAAAGTAAATTTGATAAAACTTGGGTCAGTTGATTTTTCTGACAAAAAGCCATCACCGGCTGTTCAGGCAGCGTGGTTTTAAGCTCAATACCACTTGTGCGAAATTTTTCAAAATAAAGTTCACAAGCATTGCTTATGATTTCGCGGGTATCTACTCTAGAAAAAGTTTCTGAGCTATCGCCTTGTGAAAAACTATGTAAGCCTTGAACAATGCGGGCAATGCGATTAACCGCTTTATTAATTTTATCTAAAGATGATTGAACCGTCGCTTTATTTTTCGACCCGTCTTCTAAAGATTCTTCGATCTGATCAGCGCTGTTTGTGATAATGGCTAAAGGATTATTAATTTCATGCGAAACACCTGATGACATTTGCCCTAGGGCTGTCATTTTTGAATTTTGAACTAAGTTATCGGTTAATTTAATCACCTGATCGCGATATTCAAAATTTGACTTAATCGTTATACCGATCACAATAAAAGTCACAATATTAGCCGCATGAAAATGCACCTGCGCTAAAGCTGTCAGCGGACCAAACGGCCCCAAAACCACCGGCATTAACAGAGCAAGAATAGCTGTATAAAGATAATCCCGCCAGGTAAGACCAACTGTCGCCATAATCGCAATCACCACAAAGTACGACCAGCGGTGAAAGACCGACCAATCGTTAAGTGTCAGCAAATAGAAGTACATGATAATGTAGCTCCACATCAGCATGTTCACACAATATCTTCTTCTGGTAAAAGAGGTCGAAGGTATCAACGAGGCCACGAAGGCTATGAGCGAAATAATCGCGATGATCACTCTTCCTAAAAACCAATCCTTATGTGAAGGGTCGATATTCACCATGAAGTAAAAAAAAGTAAATGTGCTGATAAAGCCACAAATCGAGAAAATTTTTAACTTCAACACCGATTGATCATGGTGAATCTTTTCAAAAAGACCTGACATAACCTTATGATACATCAATTCGCCTCTGAATCCAATTAACGGCTGTTTTGACAATTTTTTGATAGCAGGCTGGCCTAAGGCCTATCAAATTCGAGAAAGCCAATGCCACTCTGCCGATATGGTGATAGCTTGACCAGGTGGAAAGTGTTCCTTTTGATTGGTCCAAAGTAAGTATTCTTGTCGTTGATGATGACAGTGATTTACTTGAGACCTTATGTGACTACTATAAAAGTTTAGGAGCCATGATCTATGGTGCCTTGAACGGACAAGAAGCTCTTAAGATTATCCAGAGCGAACAGGTAGATCTTATTCTTTCTGATTTACAAATGCCCATTATGGATGGAGCAGCTTTACTTGAAGCCGTGCTTGAGAAAAATTTAAAAATTCCTTTTGTTTTTATCACTGGCCAATTTCACTTCACTGAAGAAAAAGCTCTGCATCTGGGAGCGCAAGGCTTGGTTTACAAACCTTATAAGCTTAAAACAATGAATGAAAAAATTCAGAACGTTTTAATTGAAGCGCAAAATTAGTCTTCGTTAAAACTCTTAATTCCTTTAAGCAACTTGCAAATGATGGCTACTAAAGTGCGTGACTCTTCTTTCGTTAAAATTTCGGTGAATTTTTTTATGCGCTGAAAATGATCTGGTAAGATAACTTTCATTAACGCTACACCTTTTTTCGCTAGCACCAATGAGTGAATACGGCGATCAACTTCAGAATCAGTTTTAATCACCAGCTCATCTTCAACTAACGAATCCAGTAAACCCGTCATGGTCGCGCGGCTTACCCCTAAACCTTCGGCAATTTCAGTGGCCTTTAGTGGTCGATCAGCTTGCCATAAAGCCATCAGTACAAAAAAGCGCCCTTCAGACATTTTATATCTTTTTAAGTTCTCGGCTTTTCCGGCTTCGAGCTCTTTAGTTAAGGCCATAAGACTTACCAGCATTTCGATACGAGTTTCGTCGATAAAATGATTCTTCTTACAAACATTTTTAAAAAGCTCACCCCGAAGCAAGTCCGCATTTGAGCAAATCGTATTTTGTTGAATTGTCTTTTTTGCCATAAAAAACAGCCTCCAGTTCAATTATAACCGATTTAAAATATTTGTCATGTACCTTATTGTTAGCCTCCTAACAAAATGATATAACTATTGTTAGGAGGCTAACAATGTTTCAAGATGTCACAAAAAGAGAGTCTTATCTTTTATCAATCTTAGTTATTTTAGGTTTATTAACATTCACCACAGCCTGTACACCGATGCGAGCCTCACCCTTCTCTGATAAGGTAGAAACAAACCTATCAAACTCTAACGGTTCAACTATTGCACTCTTGCAAGAGCGCCTAAGCCACATGTCTTATGATGAGAAACCGCTGCGCATCGCCCTGCTTGCGGATAGTCATAGTAATTACCGCGATTTAGAACAAGCCGTTCATCTTTTAAATAAGCAACCGATTGATTTTACAATTCACCTTGGAGATATGACTGAATTAGGGCTTGCGGTTGAATACGAAGGTGTTTTAAGTATGTTGGGTCAGTTACGCCACCCTTGGTTAACTGTAATTGGTAATCACGATGCCGTCGGTAATGGTAAATATATCTTTAAAAAAATTTTCGGAGAATATAACCAATCCTTTGTCGTTCAAGGCTACAGATTCATTCTATTTAATAACAACACCTTAGAATTTCAAAATGAAGGCATTCAATTCAATTGGTTAGAAAAAGAAATCGCTAATAGTACCGAACCAGTTATTTTATTTCAGCACGCAGATCCCTTTAACAAACATAACTTCAACACAGCCAACATTAAGCAGATCGAAAGAATTTTACTTCTTCCGAAGTTAAAAGCGGTTTTTCACGGACACTTACATAAGTTTTCTCAAACAACCTTCGGAACAGCGCACATACAAGAAGTTCACCGCACCGAAGAAGTTTCTTACGCCTTAGTTGAGTTAAATAAAAACAGTATGACAACTCACCTTTGTCATGGAGCCTCTTGTGAAAAAAATGTTGTGGATATTTCTGAGTCTGTTGCTTTTTAGTTATCCCAGTTTTGCCACTTGGTCTTTGACGACAGGTACTGGCGCTTATATGGGTGAACAGTACATAGGATCAGCTTATGTGTCTGAAAACCTAAGACACTTAACAGAACTCACCTACGGAAAAACAGAAGGCATCTATG
CP176530.1_gap69	2491003	2494464	3461	TCTTTTTTCGTGATTACGAAATTTCAATCGGTGATAAAAAAATCGGAGAATGCACAAGTACTTTTTCAGTGATTGATATGAACACACGTAAAATGGTCGCTCCTGATCAGAAAAAATTAGGCGCAGTCTACCGAGAAGATCATAACCGCTCTGAAGCCCCTGAAAAAATTCAATGGCAAGCTGAAGCGCAAGAAGTGGCTCAGTTTCAGGTACGTAACAGCGATTTAGATATGAACAATCACGTCAATAACACGAAGTACGCGCAATGGATCTTAGATGCGATTCCGTTAGATATTTTAAAAGGCGATGTGCATTTACAAAAATACGAAGTGAACTTTTTGGCTGAAACTGTATCTGGCGACCAAGTGAATCTGCAAATGTTAAAACCTGCTGAAAATACGAAGCTTACACAATTTCAAGGTGTTCGCGCCGCCGACGGAAAACCTGTTTTCACAGCCCGCTTACACACGACTTAAACTTAAAAAGCAACTTGGCCTGATAATGTCACTTGCCATTCATTTGGCATACGTAGGCGTTCGCTGGTTTCATCAAAGACACTTGTTCCATCATACAATGAACGATTAAAAATACGGGCGTATTCTAAATCAAAGAAAGTGTCTTTTCCTAAAAAAGTTTTAACTGATAAAGCCGCTTTTGAAGTTTCGTAATAAATTTGTTCTTTTTTATCTACTCGGCCCGCGCGAAAGAAAGTCTGCTGACCGTGTTCAAGCTTTGCATTTAATTGAAAAGGCCTTGAAATCATGTACCCCGCCTGAAGGTTCAGTCTCGCGGGAATTAAATAAAACACCGACATCGATAACTTTTCGCTGGGGCGTAACCAGTAAGTTACAAACGGTAAACCGATCACTCCGCCAGATGTTTTATCTTCTTCGATAAAAGTATAAGCAAAACCCGGAAGAGGAATATTGTTTAAAAATGAACGGTTATTTGAATAATTTAAAAAATAAATCCACGAACTTGTCGGTGTTTTTGAAATCTTACGAGTTAAAGTTAAATCAAAGGCGCTGACATCAGCGCTCTCAAAGGGTTTATCACTGGCAGAGCCATAGTTACCTGACAAACCCCAAGTGTTTTTGTCTGCATCTTCTTTAGCCCAAGCAAAACCATACTGCACGCTATGCAGATCATTCACCGGAACAAAATCAGAACTTGAAACTAGATTATTGAAACTTAAGTTATATGACTTAGCCGTAGCTGCATAAGTTGAATTTTCATTTTGATAAAGTGGCAGGTAGAAAAAAACTTCGTTTTGCTCAGACACATAACTTTCATCTGATTCATGAAATGCATCACCGGCTAATTTAAATGAAATGCGGCCTTTGTGTTTTCCGGGCGAGCCAAAATCCGGTGCTAACTGCGCGAAAGCTACAGTTTGAAAACTAAGAGCTGCCATGAAAAATGAAATGACAAAGCGAAAATTCAAGAAAAACTAATCCTTATTTAATCAAAGCCATAAATTGATTATGACTCCAAAACTTCAGATTTACAACACGTGAACCAGTTCCTACGTTTTCTACAAGCTGATCATCCGCGTAAATATTGACGGTATACTGCTTTAGATCAGGAACGCCTGTTAATTTATTCATATCACTTTCAACCATTCCGCCGTGGTCATCGTCGACTTCGTAGCCACCCAGGATCGAACCTTCTTTCACGCGCTCTAAGAACTGCGCTTTAGTGATTTTGGTGAAATCAATCGAGTCATGCACGTAAATACCACGAATCGGTAAATGAATCGTCAGCGCTTCTTGGCTTATCATAAAGTGTCTGGTGATCAGATCTAACTGACTGGTGCGAAGGCATTGGTTATAAAATCCGCCCATCATAATCACCGTGTTTGAACTATACATCACTGAATGTTCACCGTTTTTAGAAAAATAAGCGCGGTCTGGATTTTTATCTTCTAAATACCAAGTCTGATCATGAACGCCGTCATCACTGACTAAGTACACAACTGGCAAGCCTTTAGCTTTTGCTTCCCGAATGGTTTGATCAGCAAAAGTTTTAATTGATTTATCATCGAAGATCGTTGTCGCATGAGTCACTAACACCAGTGGCTTTGTAATCACAGGATCTTTTCCGGCCCAACGTTTTTTCTCGAATTCTTTAACCGTACCTTTAATAAGAGCCTCGCGGTATAAAGGATTTTTTAACCACGGGTTAGAGTCTTTAGAATTTAAAATGTAATTTAATAATTGATAAAGCGCATTTGAAGCATTCGAAGTTTTCTCGTAATTCGGATCTTGAAAGTTAAACTTCATAGCTTCGTCATTATACTTTTTAGCGATTTGATTTAACGCTGTCATATGCGGAGCTAAAAATTTTTGTAAATCAGGATACACAATCGTCATTGCATCAGCATCTAAACGAAGACAGTTAAACTTTGCCCACATATCTTTTGAATCTAAAGTTTGTGAATTGATTTCGAAATCTAGAACTTGTGCCTTAACAGCCGACTGGCAAATTTCTTTAAAACTATAATACTGTTCTTCTTTTGAATCATTCATCCAGAATTCGCGTTTGCCAAAACGATCGCCTTCGGCATCACGACGAATGCGGTACCAAGATTCATAGGGTTTAACGGGCGCATAGGGCTTTACCTGAACTTTTAAGCTAGATCCTGTGACTTGCACGCTAACCACCGCTTGGGCCTTAAAGGCCATGATAAGCGCGAATAATAATGGGTAAATCCAGTGTTTCATAATGAGACTTTCTCTATAAAATAGCGGTCTTAAAATATTCATTTGAAAGAATCATTCCACCTTCGACACCTATTAGAGCAACTACGTTAAGACCGGGTAAAAAATGACTGTACAAAATCCTGACAGCGACGAATAACGCTAATGCATGAAATAAGTCATGGCTTAAGCACGCCAGCTCGAATACTTTGCGTTTAAAACTTGGAACGAATGTAGCTCTAATAAAACGCGAACGAACTTTAGGAGCTACCATGTATAAAAAAATTATCATCAATCTAGCAATGGCCATGATTACACCACTAGTTATCGCAAGCCCAATGGAAGAAGCTGACGAAGCTTTAGCCTATGCCACAGCTGCTGATTCAAATTTTTATTTTGAAACTTCAAGAAATGTGAAGCTTTCGGTGTTTCACCCGGACGTCACAGGTAAAATGTCGGTAACAAGCCAAATCTCTGTACCTGAAAATTCAATCTTAGCCGTGAAACTTTCGTCGTTTTCTTACAACGCGAATGAAAACTGGGTCTGCGGAATCCGTATTGTCGACGTGATGGATGAAGACCTTCGCGAATCTGATGCCGCTGATGAACAAGATTTCTGTATTAGAACCGATGCGATCAAAAACACGAAATTATTAGAAAGTAGTAACGGTAAAAATAAAGAAGCTTTCTTAAACTACTTAAAAACAGGCCAAGTTAAAGAACTTCATGAACTTGGTTTTCAGGCATACAACCCACAAAATG
CP176530.1_gap70	2504118	2504713	595	GATCACTTCACCTAAGGCAAACAGCGAACTTCCTTCTAAACGAATTAAATCAGCGTCAGTATCTAATTGATCTTCGACTGGATAAAATGGACCTTCAGTTTGGCGTGGTGTTAATCCTGGTTTACACATCAACTCATTAGCTGCGGCTGTTCTGCTTAAAGCCATTAAGCCCACAGATGTAATTAGACTATTTTTAATAAGATCACGTCTTTTCATACGTATCCCCCTTAAACAGAAGAAATACGCTGTAAACCATAATAAATATAATGAAAGTTAGAATTGAGTGTGATAACTGATATTTATGATTAATCAAACCGACTTAAAATACTTTTTAGAATTATCTCAGACACTTCACTTAACGCGCGCCTCTGAACGCTTAGGCATAACACAGCCTGCCTTAAGCCACTGTGTAAAGCGCTTAGAGTCAGATTTAAACTGTCAGCTTTTCTTGCGCTCGAAAAAAGGCGTTCAACTTACCCCTGCGGGAATAAAACTTAAACAGTCAGCCAATTCGATGATCATGCAGTGGGAAAATTTAAAACAAAATATCGCTGACGACATCGAAACTCCGCAAGGAATTATCAAGCTTGGCTGT
CP176530.1_gap71	2512196	2513865	1669	ATTTTTTGTGGGCAGATTGAATCATTATTGCCATCAACGCAGTTATAAATTCCATTGGTAAAAGCGTGGGTCTGTAAAGCTATAAACAAAACTAAGACAAAAATTTTCATTAACGCCCCTCAATCATAATATCTTCAAAAAAAGATCCACGCTGGTTTTTATCATCGACGATATGAATCTCTAGTACCCAAATATTTTTAAGCGGGCTTTGTTCAAATTCAAACAATTTATGTTTTGAATATACGTGATGCGGAAAATCACCTAATCTATGCCCGGCCATGCGGTGATCTAGGCGATAACCGTATTCAGCCGTTTTATTTTGCGCAAATTCAAATAACTTGATTCCGGTAGCGCCAGTTTGTTTCCAGTAAGCTTCGGTTTCACGAAAGATAGTTTCACTGGCGCGGGCTAATTTCACGTAATTAGGATTAAGTTCACCACCCGCCTTATTTAAGACGACTGTTCTTCCGAAGTCAGCTTCGTGATTTTCAATAATCGGACCGATATCGATAAACATCATATCTTGATCAGTCACTTTTAAATTTTCATCTGGCAGATCACGAAAAGTTTTAGTGGTATCTGTGCCCATACGAAACTTTGTCGGGTGCCAAAACTTCGTTATATCAAATTCTTTAAAAACATCTTTAACTAAAGCCTGCCCGTCTTTTTCGGTCATACCGATTTCAATACGGTCGATAATAATATCAGCGGCCTTTAAACAAAGCTCACGCGCGTTTAAAAACTTCTGTAAATCAAATTCAGGCCCTAATTGTTCATGATTCATAAGAACTTCCTACACAAGCGATAATCACTAACGACATCGCTCCGATCTGAGTTAAATCTAAACTTTCTTTTAAGAAAATAAATCCAACAGTTGTAGCGACTACTGGCTCAAAGCTCATTAAAATTCCAAAAGTTTTTTCTGGAATCGACTTCATCGCTTTTAATTCTAGGCTATACGGCACAGCACTTGATAAAATCGCCACGCCAAGCCCTGCTAACCAGTAGTTAGGATTAATCACTTGCTGGGTATTGATAAATAATCCTGAAGGCAGGGCTACCATCGCGGCAAAACACATCCCCAAGCTTGCAACAATTAAACTTCCATGATCGTTACGAGTCGCTTTCTTTCCGAAGATAATATATAAAGCCCAAAAGAACGCCGCCACTAATGCTAACAACATACCGATCAGATCTATCTTCATTTCACCGCTATGGAAAAATAAAATCCCAATACCTAAAGCTGCTAGAATCACCCATAAAACATCGATCCACTTACGCGAATATAAAATTGAAACGGCTAATGGCCCGGCAAATTCTAACGTGACCGCTAGTCCTAACGGGATTCTTTCTAATGAAAAATAGAAGAATAAATTCATCAACCCCAGCGATAAACCGTAGGCCGCAATCAATCCCAGTTGTTTACGATCAGTGAGAATATGTTTGAATGTTTTTTTATGTCTCATCGGATTAGCAATGATCACCAAGATGATCGCCGAGAAGAAAACACGCAATGCGGTGACTCCAGCAGGGCCCATTTCAACAAATAAACCCTTCGCAATCGAGGCTCCCGATTGAATAGAAATCATGGCTATCACTAAAAGCAAATATGAAACAATAATGTTAAGACTCCTGAAGTAAAAAAATAACGACCAAACTTTTGACTCTA
CP176530.1_gap72	2518781	2523175	4394	TACGCATATTAAGAAGCTCAACCACAAATGAAAACGCCATCGCAAAGTAGATGTAACCTTTAGCGATATGGCCGCCCATACCTTCAACTGTTAACATCACACCAATTAGAAGTAAGAATGATAAAGCTAAAATCTTAATTGTCGGATGACGGTTCACAAAGCTACTGATTGAACTTGCAGAAACAAGCATGATGACCATTGAAATTAACATCGCAATAACCATGATCATGATTTGATCTGCCATCCCTACAGCGGTAATCACTGAATCTAGCGAGAACACGATATCTAACATTAAGATCTGAAATAAAATTGAAGTGGCATTGGCGTAAACTTTTTTAAGATTGCCGCTACCTTCAGTTGACGGGCCAGCATCATCACCCTCAACTTTGTGGTGAATTTCATAAGTGGCTTTAGCCATTAAGAATAAGCCCCCGCCTAACATAATAAGGTCGCGGCCCGAGAAAGCTTTATCCATCACAGAAAATAAAGGGTCTTTTAATCCCATGATCCAACTTAACGAGAATAATAATCCAATGCGGATCACAAAAGCTAACATCAAACCAATGTTTCTAAGCTTGGCTTGTTTTTCTGGCGCCACTTTAGCGACTAAGATCGCAATAAAAATAATATTGTCGATTCCTAATACAGTTTCCATAGCTGTTAAGGTAAAAAGAGCGATCAAAGCTTCAGAAGTAAAAAGCTGTTCCATGTATTTCCTTTTTTATTTTATTTAAATGATTGGCAAAGACTTAAAAAACTTTGTTGTGCGAAAGCTAGATTTTTTTTCCAGTCTTTCAACGTATTTACGTCCGATGAGTCGGTCACGTATTTAATACTATGAAATGGAATATTTAATTTCTCGCACACTTGGGCGTACGCTAAAGCTTCCATGTCCATGATTTGATATAAATTGTTTGGTGATTTTTCAACTTCAACAAAGTCGGCTGTTCCACACGTGACTTTGGGTAATTCAGTGAATGTCTCAATTTTTTTACGACTGCGTATAAACGAAACCACACTGCCACGCTGGATGATACCATCTACTTCAACCAAAGTTCCAGGTTCCAACGAAAAGCTTCCCGCGGTACCTAAGTTAATAATGCGATGGGGTTTTAGAGTCATTCCAAGCTCAGTCAGTTTAGCTGCTGCATTGACCATTCCCAGCCCACTGTAATGGACATGAAAGCCATGCTGCTCAAGCACTCCGCCTGATTCTTCTCTAAGTGCCATAACGATAAGCACATTCTCATTGGGAAATTTGCTAAATTGATTCATCAAAGTTGCCACTGATCACTATTATCGCTATGAAATGTGGGTATGACAAGCCCGAATGAATTGCTTAGGCGCTACGAAAAAGAATGTTTACACATTTTAGAAATCTGTAAACGATTACACAGCCGAAACATGCTCTCAGCTGCTGACGGAAATATCAGTTTACGAGTCGAGCCCAACCTCATTTTATTTACGCCATCCGGCATAGCCAAAGCTTTTATGAAGCCCTCTGATATGGCGGCGGTGACTTTATCGAACGAAATCGTCTTTGGTAACCCTTCTTCTGAGCGTTTAATGCACTTAGAAGTGTTTCGCCAATGCCCAGAAGCTAAAACTGTGGTTCATGCCCACCCGACAACGGCAATTGCCTGGTCGATCGCTAAACCGCATCTTAAAAAATTACCGTCAGATTGTCTGTCTGAAGTGATCTTAGCGACTGGTGATATTCCGTTTGTTGATTATGCCCGCCCTGGTACTCAAAGCATGGGTGATGTTTTAAAACCTTATTTACCTCAGCACCGGGCGATGATTTTAAAACGTCACGGCGCTTTAACCTGGGGCCTTGACCTCGAAGAAGCTTACCGCGGTATGGAGCGTATCGAAAATTCGGCACAGATCTTAGCGCAAGCTCAAGCTCTAGGTGGATTAAATCCATTACCGCCTGAAGAAGTTTCGTACCTTTACGAATTAAGAAAGAAAATCGGAGATATTTTATTATGATTTCTTGTAACAGCTTAGCGCTTCGATTTTCAGAAAGCAGCTCAGAAAATAAATTTGAAGTCTTAGACCAAACACTTTTACCCCATGAAGAAAAATGGTTAGTGATTGAATCGACTGAGCAAATGATCGAGGCGATCAAAATGCTTCGCGTGCGTGGCGCCCCGTTAATCGGTGTAGCTGCGGCTTTACAAGTGGCGCAAGCAGCTCTTCAAGGTTTTACTAAAACTGAGTTATTAAAAAAAGCCCAAGCTCTTTATGAAGCCCGCCCAACAGCTGTGAATTTAATGAACTGTATTGATCGCATGAAAGCTGTGATCGAAACTGGTGCCGATAAAAATAAAATTTTACAAACAGCGGTTGATATCTTTAACGAAGATGTTCAATTATGCGATCGTATCGCGACATTTGGCGCAGAACTGATTCAAGATGGCGATCAAATTCTGACTCACTGTAATACCGGTGGCCTTGCGACCGTAGGCGTTGGAACAGCTTTAGGTGTTATTTTAAAAGCGCACCAACAAGGTAAAAAAATTCACGTGTGGGTTGATGAAACTAGGCCCTTACTTCAAGGCGGAAGATTAACAACTTGGGAATTACAAAAGCATAAAATCCCTTACACCTTAATCACTGACAATATGGCCGCTCACTTAATGAGTGAAGGTAAAATCAGTAAAGCCATTGTGGGCTCTGATCGCATCGCGCAGAATGGCGATTTCGCTAACAAAATCGGAACTTACTCAGTGGCTGTAAATTGCAAATTTCATAATATTCCATTTTATGTAGCAGCTCCTTTTACAACAGTTGATTTTAACTGTGTCTCTGGAAAACATATTCCGATTGAACAGCGTGCGGCTTCTGAAGTGATCAGCACGTGGGCCCCGAAAGACAGCCCCGTGTACAACCCGTCATTTGACGTAACTCCGGCAACACTAACAACAGGCTGGATTATGGACACTGGCGTATTTAACCATAAAAATATCGAACAAGGCGTTTTTAGAAAGTAGGATGTATGATCGCAATTATCGGCGGATCAGGTTTTGAAAAATTTGACGAATTCACAACGGTAGAAAAAATTAATATTGAAACACCGTTTGGTCCTCACTCATCAGGATTAAAAAAAGTAAAAGTTGATGGCACAGAATTTTTATTCTTATCCCGCCATGGTGAACACCATGAATTACTTCCTTCAGAAATTAACTACCGTGCAAATATCTACGCGTTTAAAAAATTAGGCGCTTCAGCGATCGTTTCATTCAGCGCCGTAGGATCATTACAACAAGAATACGCACCCGGTGATATGGTTGTGCCATTTCAATATATCGACCGCACTAAAGCGCGTATTCCTACGTTCTTAGGCGGCGGCTTAATAGGTCACGTGTCTTTAGCAAAACCTATCTGTGAAGTGATGGCGAATCGTTTACAAGAACTTGTAAAGCCGATGGCGCACAAAACTTTCTTTGGGCCAACTTATGTTTGTATCGAAGGCCCTTACTTTTCAACGAAAGCTGAATCACACACGTACCGCCAAATGGGTGCAGGCATTATTGGTATGTCTAACTTTCCTGAGTACGCTTTAGCGCGCGAAGCAGGGCTTCCGTACTTACCATGCTGCTTTGTCACCGATTACGACTGCTGGGATGACTCAATCCCTCACGTAACCGTTGAAGAAGTGATTAAGGTTATGAAGAACAATAACGCTAAAGCGTTCAATGTTTTAAAAGCGGTGTTAAAAGCCGGCGATATGGCCCAAGGCAGTTACGCGTATGAGGGTGGTCTTAAAACAGGTTTATTTATGCCTAAAGACGCTATCCCTAAAGATAAACTTCCTTGGGTGAATGTTTTATTACAGTAAACTTTTAACAGCGTAATGGTTAACAAGATCTTCAACGATATTGTTAATACGAGATTTGTGACTTTTTTGTAATTGCGTAAACTCTAACCCCAGCACAGTCGTGCCGTTAGGTTTACGCATAATAAAGCGCACGATCGCATCACAAACTACATCTGCGCGCTTAAAGATCTGATACTGAATACGAATCTGATCGCCTTTATTAATACTTAAACTTAATTTAGGAACTTCAAAACGGCAGCCACCGTAAGAGATATCTGTCACTCTGGCTAAATTTTTAATTTTAAGTTCAATCGACCAAACTGCCGCTGTTTGATTCCACTTTTCAGGAATATTATAACGTGGCTCTTTACGACGGCGAAGCTGAACGATTTTAGAACTTTGATCAAAACAGATTTGGTCATCAACAACTTCTAAAGAAGTTTTGATAAAGTACACTTCTGTACCAATAAAAAACTTAATTGAAGTTTGTCCTTGAAATAGCGCAAGCTTGTCTAACTGTGGTGTTTCTAAAAATATTTTTTTATCAGCGAAAAATTGAATTTTTGCTGAA
CP176530.1_gap73	2556243	2559622	3379	GAACCTCTAGGATCTGACCGATATTCATACGTGAAGGAACGCCCAGTGGGTTAAGAACCATATCAACTGGAGAACCATCTGCTAAGTATGGCATGTCTTCTTGAGGTAATACTTTAGAAACAACACCTTTATTACCATGGCGGCCGGCGAACTTATCACCAACTTGTAATTTACGTTTAATAGCTACGTAAACTTTAACCATTTTGATAACGCCAGGAGGAAGTTCGTCACCTTTTTTAAGACGATCGATCTTCTCATTGAATACTAATTTAACTGCATCTAATTGATTACGAGCACCGTCGATGATTTTGTTAACTTGGAATTCAACTTCTTGTTCTAACGGGATGTAGCTTAATAACTCGAAAGGAATTGTTTCAAGGTCAGCATTTGTGATGTCTTGGCCTTTGTTTAATAACTTTTGAGTACCATCTTCATTTAATAAGATACCAGTAGTTTTCTTACCAACTACGATATCGCGTAATTTTTCGATCGCGTTATTTTTGATAACGTTTTGTTCGATCGCTAAATCTTTTTCTAATTTCTTACGTTTTTCTTCGATGATTAAACCTAAACGCTCGTCTCTATCAGAGCCTTCACGCGAGTAAACTTGTGCATCGATAACTGTACCGTAAACGCCAGATGGAGCACGTAAAGATGTATCACGTACGTCGCCAGCTTTTTCACCGAAGATAGCTCTTAAAAGTTTTTCTTCTGGAGATAATTGAGTTTCACCTTTAGGAGTTACTTTACCTACTAAGATGAAGCCTGGTTTAACTTCAGCACCGATACGGATGATACCTGAAGAATCTAGATCTTTTAACGCTTCTTCACCAACGTTGGCGATATCGCGAGTGATCTCTTCTTTACCAAGTTTTGTATCACGAGCTACGCACTCGAACTCTTCAATGTGAACTGAAGTGTACGTGTCGTCTTGTAATAATCTTTCAGAGATTAAGATAGAATCCTCGAAGTTGTAACCCATCCACGGCGTGAACGCTACGCGGATGTTTTGACCTAGAGCTAACTCACCTAACTCTGTAGATGGACCATCGGCGATGATATCGTTTTTAGAAACGCGATCACCTTTTTTAACGATTGGTTTTTGGTTGAAACATGTATTTTGATTTGTACGTTGGTACTTAGTTAAGTTGTAGATATCAACGTTCGCACCAAGTTCTCCGCCTTTTGCAAGACGACGAACAACGATACGAGATGCATCTACTTCTTCAACGATACCATCATTGTTTGCAACGATTGAAGTACCAGAGTCGCGAGCAACTAAACGCTCAACGCCTGTACCAACAAGTGGTGCACGAGATTTTAATAACGGCACAGCTTGACGTTGCATGTTCGATCCCATTAGAGCGCGATTGGCATCGTCATGCTCTAAGAATGGAATTAATGATGCCGCGATAGAAACTAACTGAGACGGAGAAACGTCTTGTAAAGTTACTTTTTCACGGTCAACAACCTCATACTCGCCATCGCGACGTACAGTGTGATTACCCGGAGCTAATTCACGGTTGTACTTCGGCTCTGTCGGAGCTTGAGCTTTATAGTGTCCAGACTCTTCAAGAGCTGACATATAAGTGATTGATTCAGAAATTTTACCAGCTTCAACTTTTTTATACGGTGTCTCGATGAAACCGTAAGAGTTGATGCGTGCGTAAGTCGATAAAGACGCGATAAGACCGATGTTTGGTCCCTCTGGCGTTTCGATCGGACAGATACGACCGTAGTGAGTCGCGTGAACGTCACGTACTTCGAAGCCAGCGCGGTCACGAGTTAAACCTCCGGGGCCTAACGCTGATAAACGACGTTTGTGCGTGATTTCAGATAATGGATTTGTTTGATCCATGAACTGAGATAACTGAGACGAACCGAAGAATTCTTTAACAACAGCGTTCACTGGTTTAGCGTTAACTAAATCGTGAGGCATCATTGTTTCAACGTCTTGTAATGACATTCTTTCTTTGATCGCGCGCTCCATACGAACTAAACCGATACGGTATTGGTTCTCTAATAACTCACCTACTGAACGAACACGGCGGTTACCTAAGTGATCGATATCATCTACAACACCACGACCATTTTTAAGATCGATTAATGTTTTAACTGTAGATAAAATATCTTTGTGAGTTAACACGCGGAAAGATGGAGGACACTCTTCCATCGAGATACCGAATTTGTGGTTGATCTTGATACGACCAACTTCAGATAAATCGTAAGCTTCTGGATCGAAGAATAAACGGTTGAAGTAAGCTTGCGCAGCTTCCATAACCGCAGGCTCACCTGGGCGTAAACGTTTGTAGATCTCGATTAACGCTTCATCTTGGTTTCCAACTTTATCAACTAATAAAGTGTTACGTAAGAAAGGTCCTACAGTTAAACCGTCGAAGAAAATTAAGTAGAAGTTTTCGATACCAGCAGTTAAAGCTTTTTTGATTAACGATACTGATAATTCAGTATTCGCATCAGCGATGATCTCACCAGTTGATTCATCGATTAGAGGTTTAGCTAAAACTTTACCTTCTAAATCTTGTGGTTGAACTTCAACTTCAGTTAAACCTAAGTCTTTAACTTTTTTAACGATAGCGCGAGTGATACGACGGCCAGCTTTTACTAAAGCTTCGCCAGTTGCAGGATCAACGATATCAGCAATCGCACGTTGGCCAGACATTCTTTCGATGTCTAATTTACGGAACAATTGTTTACCTTTTACGAAGATTTCATCTAAGTCGTAGAAGTATTCTAATAATTGCTCAGTGTTCATTCCTAATGCTTTAAGAAGAATTGTAGCTGGGAATTTACGACGACGATCGATACGGACATGGATAACATCCTTTTGATCGAATTCGAAATCTAACCAAGAACCACGGTAAGGAATTACGCGTGCTGAGTAGATTAATTTACCAGAAGCATTGTTTTTACCACCATCGTGGTCAAAGAAAACACCTGGAGATCTGTGTAACTGAGAAACAACTACGCGCTCAGTACCGTTGATGATGAAAGAACCGTTAGCCGTCATTAAAGGAATTTCACCTAAGTAAACTTCTTGTTCTTTCACGTCGCGGATTGAACGTGCTTCAGTTTCTTCATCAACATCAAATACGATTAAACGTAAAGTTACTTTCACAGGAGCTGCGAAAGTCATTCCACGCTGACGGCACTCATCTACGTCGTATTTCGACGGCTCAAGAGTGTATCCCACGAACTCTAAAGAAGATGTGTTGTTGAAATCAGAAATTGGAAATACAGATTTAAATACACCATTTAAACCTTCGTTTCCTCTGCGATCAGCATCAACTTCTTTTAAAAGAAATGCTTCGTAAGATTTTTTCTGAAGTTCAATCAAGTTCGGGATTTCGATAACTTGTTT
CP176530.1_gap74	2575340	2580102	4762	CTTGCTCTTCGTTTTCAGTTGTTAAAACGCCAAAAGCGATTGGTTTTTTGTAATCTAACATTAATCTTGAGCAATTTCGCTCAACAGAACGGCAAACTTCTTCGTAATGAGTCGTTTCGCCGCGGATAACGGCGCCTAAAGTGATCACCGCGTCTACTTTTTGGTATTCTAATAACGCTTGAGCCGCTAACGGAATTTCAACCGCACCCGGAACACGAACCGCTAAGATTTCAACGCCGTCGATAGCTTCTAAGAAATCTAAAGTGCCGTCTTCAAGCTTAGATGTGATCTCTTCGTTAAAACGAGATGTTACAACGCCGATTTTAATTTTTTGCGCTGGTTTTAATTTAGCGGCTTTAGCAGACTTTGCAGATTTTTTAGTTGGCTTAGCACTTTTAACTTTCATTTGATTTCCTATACTGGATTAGATCTTCGATCGTTCCGATTTTAATATTATGTTTTTTTGCAAATACCATAAGATCTGGTAAGCGCGCCATTGAGCCATCGTCGTTGATCACTTCGCAAATAACACTGGCTGGAGTAAGTTTTGTTAACATCGCCATATCCACACTGGCCTCAGTGTGACCGGCACGGCCAAGCACACCTTGTGGATGAGCTTTTAAGGGGAAAATATGACCTGGACAGATCACATCCGTGGCTTGTGCTGATTCACGTGACGCCACTTTAATGGTGTGTGAACGATCCGCAGCAGAGATCCCCGTCGTTACACCGAAGCTCGCTTCGATAGAGTAAGTAAATGCCGTTTCTGTAGGGCCACGTTGATGTGATTTTGAAACCATCATCGGTAATTGTAATTTTTCAATTTGTGAAGCGGTCATTGATAGACAAATCAAACCACGCGCTTCTTTCGCCATAAAGTTTACAGCTTCTGGCGTGATAAAATCAGCGGCGATAACCAAGTCACCTTCGTTTTCGCGGTTTTCATCATCAACCAGGATCACAAATTTTCCGGCTTTAAAATCAATTAGAATTTCTTCGATAGAATTCATTTGGCTAGACATTAGTTATTTCCTTGCGCGCGAATGTAGGCCTTCGCCAAATAATCAGATTCAAGATTTACGTAATCACCTTTTTTAAAATACTGAAGGTTAGTTACTTTTAAAGTTTCTGGAATTAAACAAAAGAAAATAAAACAGTTTTCAATTTTATTAATCGTAAGACTTACGCCGTTTACACAGGCTGAACCTTTTTGCCAAAAGTGTTTGGCAAGTTCAGGAGAAGTTTCAACCGCTAGATCCCACACATCACCGTTCGCTTCTGAAACAGCGATCTTAGCCGACTCATCCACATGACCAGTTACAAGATGACCATGTACACGATCACCGAATTTTAATGAGCGTTCTAAATTTAACGGAAACTTTTCCCAGAACGGAAGGCTTTTTGAAAGTAATGTCAGAGTTTCTAAACCTAAGCAGAACTGCATTTCGTTTTGATCGAAAGCTTCAACAGTTAGGCAAACACCGTTGACGCAAATACTGTCGCCGATTTTGATATCATCAAAAAACGTTGGACGTTTTACCCAAAGGCGCGAAGCCTGGTTCATTTTTTCAGTGCGGATTACGGTAGATGTGGTCTCGACAATTCCAGAAAACATATGCTGCTTTAACTATCACGTTAAAGCAGCGTTAGTCTATTGATTACTCTAAGAGCTTATTTCTTTTTCTTAGATGATTTGCTATTAGTTTGTACCGGTTGATCTTGCACCAGCTGACTGACGCGAGTTAAGGCACCAACCTCAATAGATTCGTCCTCACGAGGGTTTAAAACGCGGGCTTTGGCCATTAAGTTACCAGCATCTTCGATTTCGATAATCCAAGGATCGTTTGTTACCGACACCGAACCTAGTAACACGCTGCCTTCACCACACGGTTCGCCCATCCAGTCATGCACTTCATTTTCAACTTTTAAGCGGTCGCCTTTTTTTAGACCAAGTTCTGCACCACCCACAATAACCACGTAGTTATCACGGCTGATTAATACACGCGTATGCCATTCTTGGCGTTGCAGTGATTTTAATTTCTCAGAAATATCTTTGATCGACTGTTTTAATCCTTTAAGAACAGTTTCAGCCATACCTGTTACACGGTAAAATTCAGGACCGATGTGGATGATACCCAAATCAATACCAAATCCTGCCGAATAATCTTTCTTGATCACTTCAGAATTTACCGCAGCCATTTGTTGCGAACTCCATGGATCAAACGCATGAAAGCTAAGATCCATACGCATTTTATCCATTTTAAATTTTGCAGATAAAGGAATTTGTACAGTTGATGAATTAAACCCAAACTGTAAAGCCATTCCCGAATACGCTTCTAAAGAATTAATTTTACCGTAAAGTAAATGCTGTGGACGAGACACCAAACAACTTGAATCACGCGATAATTGCACATCACTTGATTTCATCGTCGGGAACCAAGTTTTTAATTGGGTCATTTGTTTTTGTTCAACAGAGGCTTTTTGTAAACCGGCAGAAGATTGTGGATCAGCTTGATCTACTTTCGGGTAAACATTGCGTTCAAACATTGATTCTTCTTCAAAGATCACACCTGATAATTGGTTTTGCGCCACTTCAGAGAAATTGAAGCCTGAGTTATCTAAGAACGATGAAGCTTCCATCTTTAGAATCTGCACATTCTTTTTTAACTGTCTGGCTTTAACGACAGGCTGTTCTTCACATTTTTGATTGGCCATTGTTAATAACGCCAATGTTGTTAAACTCGCCACGGACAATAACTTTTTATTGATGGTAGACATCAACCCCTCCAATTTTTTGTCCAGTACGGCGATTACATGAGTTCTCCAGACGAACAACTAGTTCGGCAATTATTACCTAGACCTTTAGCGGGTTTGGAACAGGAAAACATAATCTTAAAAATGTGAAAAGATTTTAGACATAAAAAAAGGGATTGCGATGTGCGCAATCCCTTCAAGAAAAATTATGTAACGAGATTAGCTGTCGACTACTTACCGAAAGAAGTATTTCCAGAAATATTGATGAAGTAGTTTACATCTTCATTTTTTAAAATTTCGCCATCAGAGTTGAAGCGGTCTTTGTCATACTTTAAGTACTTCGCACCACCACTTAAACCAAAGCCACCGAAGTTTGCACCGATACCGGCCTCGCCGATCACAGCGTTGTTAATCTCTTTACTTGACCAACGATAACCGGGGCCTAAGAAAAAGTTGAAGCTTCCGCTTTGACCTAATTTAGTTCTTAAAACTAAACGTAAAGTCGAATCTAAGCCTGTGATTGTCTCGATTTTATCGCCGGTTCTTTGAAAACCCGAGTTACGCCAAGTTAACCAGTCAGTGAAATTTAAATTCACCCCTAAGTGAACTTCTTGATAAGTGACTCCGTTGTTATTACCCGTAGATCCCCCGATGTCACCAGTGATCAGCGGGGTCTCTTTAGCAAAAGATGTTGAAGCGACTACGATACTACTTAAAAGAAATAGAATTATTTTCATAATCTATTTTTACCATAGAATCGGACTTAATATCACCAGCAATCATTTTTTTCGCCAATGGATTTAAGACCTCTGTCTGGATAACTCTTTTAAGCGGTCTGGCACCAAATACAGGATCAAAACCTTTCTCACCTAGATACACTATTGCACTATCAGTGAATTCAGCTTTAATACTTTTTTGCGCTAAACGATCAATCACTTGTTGTAATTGAATTTTCACGATGCCGTTTAAGTTTTCTTGGCTTAACGGTTTAAATTCAATCACATCATCCACACGGTTTAAAAATTCCGGGCGGAAGAAAGATTTAAGCGCTGTCTGAATCGCTTCACTGCCTTGGCTGGCTCCTAAGTTCGAAGTCATGACAATCACTGTATTTTTAAAATCTACAGTGCGGCCCTGACCATCAGTTAAACGACCTTCATCTAATAACTGAAGTAAAACGTTAAACACATCCGGATGCGCTTTTTCAATCTCATCTAATAAGATCACAGCATACGGTTTACGACGAACCACTTCAGTTAACTGACCACCCTCTTCGTAACCCACATAGCCCGGAGGAGCACCGATCAAACGAGACACAGAATGTTTTTCCATGTACTCAGACATATCAATGCGCACAACGGCTGTTGAATCATCGAATAGGAAATCAGCTAAGGCTTTGACCGTTTCAGTTTTACCTACACCGGTTGGCCCCACGAAAATAAAAGTCCCGATCGGACGGTTCGGATCAGCGATTTCCGCACGCGATCTTCGAACAGCATCAGCAATCACTTCTAAAGCTTTGTCTTGGCCGACAACTTTTTTCTTTAAAGTGTCTTCCATGTGTAAAAGTTTTTGCGTTTCGCTTTCTAACATGCGGCTCACTGGAATATGTGTCCATTTAGAAACCACATCAGCGATATCTTCTGCATCAACTTTTTCTTTTAATAAAGAGCCGTCTTTAGTTTTAAGTTTACTTTCTAAATCTTGCAGAGTTTTTTCAAGCTCTGGAAGTTTTCCGTATTTTAACTGCGCCGCTTTTTCATACTGCGCATCACGCTCAGCACGACTGATATCGTTTTTAATTTGTTCGATGTCTGATTTCAAAGATTTTACTTTATCAATCTGGCCACGTTCAAAGTTCCACTTTTCACGTAATGCCTGCGACTTCAACTGAAGTTCATTTAACTCTGTTGAAATTTTATCTTTACGTTCTAAAGATTGTTTATCCGTATCTTTTTTTAACGCTTCTAATTCGATTTTATAATTTAAAATCTGGCGTTCGATTTGA
CP176530.1_gap75	2649662	2651889	2227	AGACCACGAAGGCGCAAAAAACTTCTATATGTCGAATACAACCCTTCGCCTTTCACATAAAACAGCTGAAATTAATCCTACATTAACATGGAGAAACCGCATTGACGGTATTGCACCGACAAACCGTGATTCGCAATTAACAGACCGCTTACAAGGCGCAGTGGGTGTTGGAACATCACTCACTTACGCTAATAAAAACACGACTTTACCATTTACCATCGTTGGCCTTTTATCTGCTCAACGCAATTTTCATGAGTACGATATGAATGCTGATGGCGCGAAAAACAACCAGTACGGCATTACACAAGGTCTTTCTTTAGATCTAAGCTTCACTGATAGCTTAACTTTAAGTATTGCCGGCAACTACAGAACTGCAATGAATTACGATAACAAACCAAAATACTCATACGATACGTCGATTGATTTAGATTACGGTTTAACTGACAACTTCAGTATTTCAACAGGAATCTCTAACGGTGGCAGTGCTTTAAAAGCCAACGGTATTGATTCAAACATCAGCTTTACTGATAAAAAAACAGCAGAGCTAAATGTGGCGATGAATTTTTCATACTAATTTAAAAGTTTAAAAGAATAAGGAATTAAGGATTACGAAAATGAATACGAACAAGAGAGGGAACATGAAACCATATAAACACTCGAGAATTGGGGCAGCCTTTTTAATGTCGCTGGCAATCTTTGCCGGTTGTACAAAAAAAGTGGCTTATGATTACGAAAACCATGAAGATGTTCATGCTAAGTCGCAAATCGACACGGCGGCAGAATATCTTTACGTTCCTTCTACAGCGAATTCTACGCGTACATCTGACGTTGCCCGCCCTTACTGGCAAGGTCAGGAAAAGCTGGTTAAGTTTCAGTTCACTGAAAAAACACTTCAAGTTTTAGAACTTGATCGTGAATCACGCTTTGATGCCAATGCGACAAATAAAAAACTGGTGATGGAAATCCCGGTTGAACATATTCAATTTAAATGTGCTGAAGATAAACACGGCGATTGTACGCAATCTGAAACAAAAGATTCAGATATGAAATGGAGCGCCCGCGCTGATTTCAAACCTGACTTTGACAGTGCAAGAATTGTCGAAACAAATACTTTACCGATTGAACTTGAAAACTTATTCACAGGTAACTGTTACCGTGAATCAAGCAGCAAGTTCTTAGGTTATGAAATGAAAGACGGTAAAATCAACTTCCAGGTTGAAAGAATTTTTACAGCTGGTCTTGATTGCGTATCAAAACTTGATTCGTTATCTGATTTAACGTTTTCACAAGTGTATCATTACTCGTTTGTAAAACTTAACTCGATCGCTTCTAAAGACTTTAAAGCTGTTAAGTACCCAACGACAGATGACGGCACTTTCGGATTCTTTGCTACTGAAAACGTGAAGTTAGATGTTGATAATAACGCTTCTGAAAAAGACAAAGAAGTATTAATGAATCACTGGAATCCAAACCGTAAAGTGATTGATTACTATTTAGATGCAAACTACAGCAAGCCAGAAAACGCTGACGTTCGTGCTGCGACTTATCTTGCTTTTGACCGTGTGAATGAAGGTTTAGCTGAAGCTAACGTAAACTTTCGCTTAAAATTACACGACAACAAAGGTGAAGTGCCGGGCGACATCACAAAAAGTATGATCGTTCTAGTTGAAGACCCTTCAGCTTCAAGCGTTTTAGGATACGGCCCTTCTGCGGTAAATCCTTTAACTGGTGAGATTTTAAGTGCCCGTGTAATCATGTACAAAGGTATCCTTGAGACTTACATCAAGTACACTTACGATGATTTCCGTCGTCATAAACTTTCTGAGCAATCAAAAGCTAAAGCGGTTCCGTTCACTGCCGGTAAAAATATTTTCTTACAAGCTGCGACGGCGAATCAACCAGCAGCTGCAGCACAAAAACAAGCTAAAGCCGCAAAAGCTCTTCAAGCTAAGTCTAAGTTAACTGCGGGTAAAGGTTCTGACTTTACTATTAAAGACATCAACATGATTAAAAATTCGGTAAAAAACTATACTAAGTTTTCGAATATTAAATCAAATGATGCTATTTACGCCGCTTCTAAACACTGTCTATATACGCCAGAAGCTTTAGGTATTGATGGTAAATTAAGTGCTGGTGTTGAAGAAATCCTTGGTAATGACTTACGCCCTTGGGAAGAATTATCTTCTTCTGAAAAACAACGTTTAATCAACGCGATCTTACCAGGAAC
CP176530.1_gap76	2671536	2673964	2428	CTGGTGCTTGGATGACATCATACCGCGAACAAGGCATGTGGGCTGGCGAAGTAAAACGTCCACACGCAAGTATCGTTTGTAACTTTACAAAACCAACACCGACTAAACCTTCACTTCTTTCTTATGACGAAGTGGCAACACTATTTCATGAAATGGGCCACGCCCTTCATGGATTACTTTCTCAGTGTAAATACAAATCATTAGCCGGTACTAACGTGTACTGGGATTTCGTAGAGCTTCCATCACAAATCATGGAAAACTGGGTTAAAGAAAAAGAAGGCTTAGATGTTTTTGCTAAACACTATGAAACAGGCGCGCCGATTCCGCCTGAGTTAGTTGAAAAAATTAAACGTTCAGCACAATTTCAAGCTGGCTGGATGAGCTTACGCCAATTAACATTCGGTTGGTTAGATATGAACTGGTATACAACTAGCCCAAGCCAAATCACTGACGTTGATGCTTTTGAAACGAAAACTTTAGAGCGCTTAAGACTATTACCAAAAGAACAAGGGCAGAATATGTCTGTAAGCTTTGGTCATATCTTCGGTGGTGGCTACGCTGCCGGATACTACTCTTACAAATGGGCTGAAGTTTTAGATGCGGATGCGTTTGAATACTTCAAAGAAAAAGGTTTATTCAATAAAGAGATCGGTACGAAATTTAAGAATGCTATTCTTAGCCGTGGTGGCACTGCCCACCCGATGGATCTATTTAAAGAATTCCGCGGCCGCGAACCAGATACTGCTGCTTTACTAAAACGAGATGGATTGGTGTAAGGCCGATGAAAGAGAAACATTTAAGACTTAGAGAAAATAAAAAAATTGCAATCGTTTACCGTATTCATTCACCTGAAGCGGTTCGTATGGCGAAAAAAGTGGTCACAAAACTTAAAGCGAAACGCATTAAAGTTTTCACGGCTCCTGAGCAAAAACAATTAGACGGCACAACCATGCTGATCAGCTCAAACGAATTAAAAGAGATGAGCTTAGTGATTGTTCTTGGCGGCGATGGAACTTACTTACGTGCGGTTCGTTTACTTAAGGGCCACCAAGTTCCGATTCTCGGTTTTAACATGGGTTACCTTGGCTTTTTAACGGCTCACAGTGCTGACGATGCTTTTGCAATCATTGATGAAACGTTAAAAAACAAAATGGTTGTGCAATCAAGATCACGCATTCATGCTTCAGTAAAAACGAAAACAGGACGCCGCGTGGCTTTTGATGCACTTAATGACGTGGTGATCGAACGTGGTTCGTTTTCACAGTTAATTTCAACAGCGGTTTACTTTGATAAATCTTACGTAAATCATATTAAAGCTGACGGTTTGATTGTATCAACGCCGACAGGATCTACAGCGTATAACTTAGCTGCGGGTGGTCCGTTACTTCACCCTGAAACGAAGGCTTTAGTGTTAACGCCAGTAGCCCCACACTCGTTAACAACTCGTCCGTTAATTTTTCCGGATGATAAAAAAATGGTTCTTAAGCTTGAGCAACAAACTTCAATGGCTCACTTAATTATCGACGGGCAAAAAGTTTTAGAATTATCGCAAGATGATGAAGTGACTATCAGCCGCTGCGAAATGGATCACATTATGATTCGTCGCTCAGGCCATAACTTTTTTGAATTATTGAAAGAAAAATTAAAATTCGGAGATCGCTATGCTTCAGGAACTTAGAGTTTCTCAGTTTGCTATTATTGATTCTTTAAATATCGAATTTCAAAACGGATTAAATATTTTATCCGGCGAGACAGGTTCGGGAAAATCAGTGCTGTTAAAATCTTTAGCGCTGTTAATGGGCGAAAAAGCTTCAGCTGATACAATCCGTACAGGCTGCACGCAAGCCACTGTTGAAGGGTCTTTCTATTTAAAAGGCCGTCCTGATCTGCAAAAACATTTAGAATCTTTAGGTATTGAAATCGAAGATAACCAATTAATCGTTCGCCGTATTATTTCTTCTGGCGATAAATCAAAAGTTTACTTAAATGGTGTTTTATCACCGCTGGCGCAATTACGTGATATCGTAGCCCCGCTGATCGAAGTGACTGGGCCTTCGGCTCCGCTGATTGAAATGACTGGCCAGCACGATAACAGAAACCTTTTATCTAAGACTTATCATTTAGATTTATTAGACCAATACGCTGGTCACTGGGATAAACGTTTAACGTTTGAAACCCAATACCAAAACTGGTTAGAGCTCAAATCCCAAATCGCTGATTTTGAAAAAAAAGCCCAAGATAAAGCGCAACGTTTAGATTTCTTAAAATTTCAATTTCAAGAGTTTGAAAAATTAGATCTTCAACCTGAAGATGCACAGTTAGATATCGAAATTAAGAAATTAAAAAATTCTTCTAAGTTATTACAATTCGCTGATCTGTGTGATCAGTTAGTTTACCAAGATGATGGTAGCGTTTCTGCCCGTTTAAA
CP176530.1_gap77	2676565	2679929	3364	GGTTGAGTGAAAGCTTGAACAGACTCTTGCACTTGTGCCATCGGTGGTAAAACCGGAGCTTGTTGTGGAGCTGGAGTTTGCGGCGGCATCATCATAGATGGTTGCGGCTGAGCAAATTGCTGAGCTTGCATCATTTGAGCGTACATCGCTGCTTGCTGTTGAGCTTGTTGCATTTGCATCGCTGCATGATTCGGAGCTTGCGGCATTTGCGGCATCGCTTGAGTCATTGGCTGAGCAAAGTGCTGAGCTGGAGCTTGTGGAAGATCGAACATGATTGATGGACCCGCATTTAAGAAAGATTGCATGCTGTTCATCTGTGGCATCGCATCCATTTTCTCTTCACGAGCAAAACCGGTAGCGATAACTGTTACACGAACTTCGTCAGTTAAGTTAGGATCGATAACCGCACCGAAGATCACTTCAGCATCTTCAGAAGCTGCTTCAGTGATTAACATAGAAGCTTCATTTACTTCATATAATGATAAATCAGATCCACCCGTTACATTGATGATGATACCAGTCGCGCCATCAATTCTTACGTTCTCTAATAAAGGAGAAGAAATCGCTTGTGTCGCTGCTTCAACGGCACGGTTTTCACCTTTTGCAGAACCAGTTCCCATTAACGCTAAACCTTTGTTAGACATAACAGTTCTGATATCAGCGAAGTCTAAGTTGATTAAACCGCGGATGTTAATTAAATCAGAGATACCTTTAACGGCTTGAAGTAAAACTTCATCAGCTTTTTTGAAAGTATCTAATAGAGGAGTTTTATCTCCAGAGATTGATAATAATTTTTGATTCGGGATAACGATTAACGCATCTACGTTTTCTTTTAATTCAGAAAGACCGCCTTCAGCGTGTTTAGTACGTTTTTTACCTTCGAACATGAATGGCTTAGTAACAACACCGATTGTTAATGCACCTAATTCACGAGCTACTTTGGCTACAACCGGCGCGCCGCCAGTACCAGTTCCGCCGCCCATTCCGGCAGTAACGAAAACCATGTCTGAACCTTTTAATTGTTCAACGATTTGGTTGTAAGATTCGATTGCAGATCTGCGGCCTACATCTGGATTTGCACCAGCGCCTAAACCTTTAGTAAGATCAGCACCTAATTGGATTTTGTATCCAGCTTTAGATGAATTTAAAGCCTGGATATCAGTGTTAGCTACGCAAAACTCAACGCCGGCCATTCCGCCTTCGATCATTGTTGCAATTGCATTCGATCCGCCACCGCCGACGCCGACTACTTTAATATTGGCGCCGATATTTACGTTCTCTTCTAATTCAAACATGGGTTCCCTCCCGAGTGATAAAAATTCCCTTTAAAAAATTAAAACAAATCTGTGAAAAACTTTTTCATCTTAGATGCCACATCCCCGATAGAGTCAGACATCGCCTCACCTAATAAAGATGTTGTTGAAAGATCTTGCGGCATTTGCGCGTAATAATCTTTCTTAGTTTCTAAGGCATGAAACAGTAAGCCGATAGCTGTTGCAAACTCGCCACCTTTTACTACATCTTTTAAACCACCCACTAATGCCGGATAACCACGGCGAAGTGGAAGATCAAAAATAAATTCACCCATTTCGATCAATCCGTCTAATTGACTTGATCCACCTGTGATCACTAGGCCTGATCCAAGTAATGGTTGAAGACCACTCATTTTAATATCGTGAGCGATCATATTTAAAACTTCTTCAGCACGAGCTTCTAGAATGTGAGCTAACTCTTTACGCGGAACTGTACGTGATTTTCTTCCGCCTACACCGTCAACTTCGATGGATTCATGTTCATCAACTAAAGTTGCCAATGCGCAGCCGTGTTTTTTCTTTAAAATTTCAGCTGAAACTTGTGGAGTACGAAGACCAACTGCCACGTCATGAGTAAAGTGCATACCACCAACTGGTACCATTGATGTGTGAGCTACAGATCCGTTAATTAAGTAAACCATTTTCGAAGCGCCGCCACCGATATCAGCGACACAAACACCAAGATTCTTTTCATCAGAGCTGATAACAGATTTTGTTACAGCCACTTGATCCATCACTAATCCCGCAACACGTAACCCAGCTTTTTCGATACATTTTGTAAGGTTGGAAATCGCAGACTGTGATGCCGTCACAATGTGAACATTCGCTTCTAAACGCACACCCATCATACCGATTGGGTCAGTGATTCCGTCTTGTTGGTCGATCTTAAATTCGCGAGGTAGTACATGTAAAACCATACGGTCAGCAGGAATCATGATGGCTTTTGCCGCTTCAATTACGCGGTCGATATCTTGCTGGTTAACTTCTTTATTTTTAACAGCAACCATGCCTTTTGAATCGAAAGATTGAATGTGTGATCCAGAAACCGAAACCCACACTTCAGAAACTTTAGAACCTGACATTAATTCAGCTTCTTCTTTCGCGCGACGGATACATTCAGTTGTCGCTTCGATGTTAACAACTACGCCTTGCTTGATTCCAGAATTTGGAACTAAGCCTACGCCAGTCACTTCGATTTTAGTTTCATTTTTTTCATTAAGAGTTACATGGGACATCACTAGCTTTACAGCTGATGATCCAATGTCTAAAGACGCCAGAACAGGTCCAGAATATTTTGAAGCACTCATCCGTAAGCTCCATTAGTGTTCGTCTAATACTTTTTCGATATCGACGAACGTGTTGCAAATTCATTAAGCAGAAAAATCATAGACTAACGTCATCCAGACTATAGTCCCTTTTTTAAGCTTAAGGAGTCTGCTGCAACCTGACAAGAACTTTTTTTGAAAGATTTGCGTCTATGACGCGTGCTTTAAGATCACGCTTTTCAAGATAATCTAACACTTGAGAAACGCGCGCCGATTTCACAGCGAATTGATCTTCGCCTAATTTGATTTTGATATTGGTTTTCGCCACTTCAACCCAGTAACCTTCTTTGTTATCAAAGCCGATTTCTGAAATGATTTTGTGAGAGAGTTTTCCTTCTTCAGGAAGAGATTTTAAGAGTTCAACCGCGGTTTTTCTTTTCGCTTCATCTTTTACAAAAACTTCACCTTTTAGCATCGCAAGAGGTGGAGCTTGAGCCGTATCAACTTCAGGTAGGATGGCACCATCAGTTGTTACCGGACGCACGAAACCTTCAGCTAATCTTTTTTGATCAACGTAAAGCAAACTTAAGATTTTTGGTTCGATTTCAACGTTGATAGCGTTTGGCCATGAACGCGAAATACGAAAATCTTTGATCCAACTTTTAGCTTTTAATTTATCTGAAACTTGAGATAAAGACAGTCGCCATAACGACTGCCCTTTATATGAAGATAACTCTTGATTGAGTTTATCTAAGTACGGCTTAGAAAAGTTTAACTGTTCTGATT
CP176530.1_gap78	2691385	2694859	3474	AGATTGAATACATTACTTTTTTCAAAGTTAAATAATCCATATCTTTATCCGCTTGTAAAGTGACTTTTCTCCAAGCGTTCGGATCTACTTCTTCGTTACCCACAGTTTTATCAACTACGTTACGAATTTTATTCTGTAATTTAGCTTCTTGGTCAGATTTTGCTTTTTCAAGAAGTACACGCACCTGGTCACGTAAATTCGGAATAACCCAGTCTGTTGAAGCTTGCACTTCAGCAAATGTCGCAACAGGAGTTCTGTCGATCAAAACTTCTTTTGCTGATACAGTAACCACAACCGCTGGTTTTAATTCATTCACTCGAGCCGCTTTCGGAAGAGTGACTTCTTTAGGGATGTAAAGAATTTCGCCTGTTGTATTGTAGTTTTGTAATAAGAAAATAACTAACACGGTGAACATATCAACCATCGCTGTTAACGATAAAATCGCTGTTACGGAACGTTTTCCGCCACGGCGTTTTAAAAGTCTATGATAGCGATGTCTTTGACCGGGTTTTTGAATTGCCATTAGTTAGGTCCCCCAGTTAATAATTCCGGAGAAAAACCTGCGCGTAACCCTAAATCCATAGCTGTTACCACATGTTCATATTTAATTTCATTTTCGATGGCCATTTTAATGCCACCTTTATCAGGATACATTTGTTTAACTTTTTCTAAATCAGCAACTAAGGCTTCTTTATCATATTCACCGTTTAACATCGGGATGGCACGTACATCTTTACCAACATAAAGAACGTATCCCGTAGCTTTGATATCCAAACGTAAAACTAAATCTTCAAGAGGTGGAGGAGTAATCACCTCTTGATTTGGATCTTTCGGCGAAGCAAATGAAGCGCCTAATTGAATCATCGAAACTTGAGTCCACACAGCCGAGATCAATAGAAAGGTGATCAACACTGACATTAAGTCAATGAACGGAACTAGATTCAGATCAAAATTTTTACTTCGTCCCCGGCCACCGGTTTCAATATGAGCCATGCGTTTACCTCAAAAAATTCTAAACAATTAGTCTTTCATTTTATCGCGATTAGCAGCTACTAAGTTCATTAGTGACATGCTTGTCTCGATCATTTCGTTTTCAGATTTTTGGATCATGTGCTGGAATAAACCGTAAGCTACGATAGCTACGATTGAAACCGAAAGACCAAAACCCGTACAGTTTAAGGCATGCGAGATACCTTGAGAAAGTAATGTCGCTTTCGTTGCTGGATCTGCTGAAGATACCGCGCGGAATGAACCGATCATACCTAAGATTGTACCTAATAGACCCGCTAATACGGCGATGTTACCGAATACAGCTAAGAATGAAGTCCAACCTTCTAACTTTGGCATTTCGCGCATAACTGCTGCGTCCATAGCTACTTGGATTTCTTCATCTGGACGTTTATTTAAAGCGCCAACTAAACCTGCTTTAACTGTATTTGCAAGTGGTGTTGGGCGAGAATCACAAAATGAAATCGCTTGTCTGATGTCGCCACCAATGATCATACGAAACACTTGGTCTGCGAATTCTTTTTTATCCACGCGCAATGATTTTAAAGTCATGAATCTTTCCACAACTAAAATCAAAGTTAATACCGCGATGAATGCGATGATGTACATTACGCTTCCACCTTCGGTGAACGCACGTACGATCGGATTCACGTTATCTGCTGTTGCTACTACTGCTGCTGTTGGTTCCACTATACTCTCCTCGTATAATTATCTTTGCCCCTGAAACAAGAACGGATAAACGGCTTCAGCCATTGCACCCGGAGGTGGTTCAGGGAATCTTAATGTCATTAATCTTGCACGTACACACTCTTCAACCGCTGAATTGCCCAGTGTTGATTTGTCTTTAAGTACGCGGGCATTTTTTGCGATCCCTTTTTCATGGATTTCCCACGAGATCACAACTTTACCTTCTAACTTAGTATCTTTTTTGTATTCACGGTCATAACAAGCTTTGAAAGATAAAAGCGCTGATCTTACCGCACGGCGAACAGCTTCTTTATCGATAGAACCGATAAATTCTTCTTCTGCTCCACCCGCTTGAATTGCAACTGAATCTTTGTTACCAAAACCCGATCCACCAGTTCCTGTGCCGTAACCAGAACCACCTTTAGTTCCCACTCCAGAGATACCTTGAGTGGCAGTTCCTTTACCGCCCGCTCCTGTATCTTTGAATTTTGAACCTAGGTCGTTACCTGCACGGTTTTCGTTAAAGCCCGAAGCACCCGTTGCTTTTTCACCGGCACCTAACGCTTCACCAGAACCTGAGTAAGCTTTATCTAACTGTGAACGTGCTCCACCTGAACCGAACGCTGAAAGAAGACCCGCATTTGTTGGATCTGGCTCTTTTGATTGCGCATTCGCTCCTGCTTTAGGACCTGTCTTAACAGCTCCACCTTGCTTAGTTGAAGTGAACATTTTCGTTTTAAGTTTTGAATCTTTCGGTTTAACTTCGCTTGCGCGCCCAGATGATGAAGCTGCTTGAGCTTTTTGCTCTTGCTTATTCGGATCACCTTTCGTTTTAACCTCTTGCACCTTATCAGTGATAGCCACTTTTTTCGGTGGTTCAGGTGGTTTCGGTGGCGGCGGTGGTTGTACCTCTGGCGGTTTAGGCGGTGGTACAGGAATCACCGGCGGATTCACCGGAACTGGCGGTTTATTAAAGATCACTTGCGCTACACGCTGAACTTCTTCTTCTTGTTCAGTCGCCTTAGGAGCAAGAACCGACATAATTAAACTTAACAACACGGCAAAGATCGACGCTGCTAAAATTCCTGTGAACTCTGAAGATGTTAAAATCAACGGAGAATCTAAAGGAATTAGTTTTGTCTTCGGTGCAAAACGAATTGCTAATTGCATGCCGTTTGGTAACTGCACGAATAGAACTTCGTTTTGCTGTAAGCGGTAATTAGATTCTGCTAACACCATGATGTCTTCAGCACGGTGAACTTCAGATTTCATATCTTGAGTCATGCGAACAACAACACCTGACGAGCAATCTAACATTACCCAGTCTTTAGGAGCTGCACCCAGTGGTAACTGGATCGCTTGATCAGGACCTGATCTATATTGGCCAGTAGGTTCGAAGTGGTGAGTTGATAAAACACGCTCTTTCCACGATACGATCACTTGCACTAAACTTCCTTGGCCAGGCTTGATGAACTCATTTAAGTTCTGATGCTCACTGCTTGGTGCGAAAGTTTTTTGATTTTTAGATTTTTTAATACGTGCATAAGCTGCGCTCTTGTTCACGGCACGTTGACCCACGAAAGCCGCATTGATTGTTGGCTTAGCTTGAGTTGGCGCTGGCGGAACCACGGCCACAGGCGGAGCCGGTGGTGGTGGAACAACCGTTCTTACTGGTGGTTCACTTGGCTTAGCCGAAACCACAAGTTCAGAACTTGTTTCTTGATTGTGAACAGGTTTCGGTACGCCCACAAAGAACACAACTTTAAATGGACCAACTTG
CP176530.1_gap79	2765658	2769745	4087	TTTGAAAAGCTCAGGATCTAAACCTAAATCATTTGCAAATGCGTCGTCCGAGGTCGCCTTGTCGACGTCCTTCAAATCTTCCATTAACGAAGATAAAATATCATCCGCTGTTTGCGCTTTTTCTGATTTCGGTTTTTGGTCTTTTGCCATAATCGCCCTAACCCACTAAATTACCTAAGTATTTATCGGACTTTAGAGCGGGAAACTGAATGCTTGTTGTATCAAAATATTCATTCGCAAAAAAACGCTCGCGAATGTTTCAGTCTGAGACGCTTACTTTAGTCGGTATTTCCAGAGATCGTTCAGATTACCCGTCGAACCGCTACCACTATAACCAGTACCGCCAAACAACCAAAGATTTCCGTCTGAGCCATACCAACCGACGGCCGTTTGTCGGCTGCCTGGTGCATTTAACACAGATGGCGTTTGTAATGTACCGTAGACGCCGTTCGTATTTGTCACATTTGATCCACTCATCCAAGCCCACTGATTTGTGGTTGGATTATATTTCCACAGATCAGCTAAGTTCTGATAAGAGGCTTCTGCATAACCCCAACCGCCGAAAATCCAAATATTATCATTCGCATCGATCCACCCTGTGGCTCTGTCTCTTCCGCCGGGTCTAAAATTTGCACCTTCTCTTCCAAGAGCGCCGTAAGTACCGTAATTGCTTGTCGTATTTGGACCTTTCATCCATGTCCATTGACCAGTCGCTGGGTTGTACTTCCAAAGATCATACAGATAACCACTCCCCACAATGGCAGGGTGGCCATTTCCACCGAACAACCAAAAATTTCCGCTCGAATCCGTCAAACCTACAGAGTTATAACGCGCTCCCGGATAATTTGTCGGCGCGGTAACACCTTGTGTTCCATAATTTCCGGCTTGGCTTGTTCCACTCGCTCCAGCTGTCCATGTCCACTGGTTGGTGCTGATATCATACTTCCATAAATCATTTAAAAAGCCAGATGAACCGCTAGAATAACCGTTTCCGCCGAAGACAAAAAGATTTCCGCTGGCATCTTTAAAGCCCACGCCGCTACTGCGTGAGCCTGGTGTTGTCGTCGACGAAGCCACACCTTGCGTACCATAAGTGCCGAAAACATTTTGTCCTGCTGATCCTGTCATCCACGTCCATTGATTGGTCGCAGGATCGTACTTCCATAAATCATTTAAAAACCCAGTGCTAGCTGTGCTTTGACCATAACCACCCAACAACCAAAAATTTCCGCTGGCATCGACCCAAGTCAACGGACTGTAGCGCGATCCAGGCATGTTTGTTGGGGCAGTTACACCTTTTGTTCCGTAAACTCCATAATTAGTTGGTCCACTTGATCCTGAAATCCAAGTCCATTGATCTGATGTTGGATTATATTTCCAAAGATCATTATAGTTTCCTAAAAGATTTGCTCCACCGAATAACCAAAAATTTCCGCTGGCATCTTTCCAAGAAGCTGCATTACTTCGGGCCATAGGCATTGGTGGAACTAAAGCTGTTGAACCTTGCTTACCATAGGCACCAACCCCGTTCACCGTGTTTGCGCCAGAGACCCAGGTCCATTGATTTGTACCCGGATCGTACTTCCATAAATCACTCGCGTTTCCTGCGTTATCATAACCACCGAAAATCCAAAAATAATTAGCCGAAGCCGACCAAGTCACAGAGCTGTAGCGAGAACCCGGTGTATTTGCAGCAGCGGCCACACCTTGCGTACCGTAAACTCCTAATTGATTCCCCGTATTTGAACCGGTCATCCACGTCCACTGATTTGTACTTTGATCGTATTTCCAAAGATCATTAAGTCTGCTGCCGTTTTGTCCGCCGAATAAATACAGATTGTTGCTGGCATCAGCCCAGCCCACAGCAGATTGGCGTGCGCCCGGAACATTTGAAGCGGCTGGAGTTCCTTGTGTACCATACACACCGGCTTGTGTAATAGTGTTTGAACCTGAGATCCACGTCCACTGCGCAGCTACAGAATCATACTTCCATAAATCATTTAAATTTCCGATACCTGCTATTTCGAATTCACCGTTACCGTATCCGCCGTGCAACCAAAATATTCCGTTCGCGTCTGTCCAACTCGCGCTGGAATATCTTGAACCCGGAAATGGTGAAACTCCTGCGGCTGAACCTTTCGTTCCGAAAACACTGTTGGCTCCCGTGGCTGAGGAACCAGAGACCCAAGTCCATTCACCAGCCGTTGGATTAAATTTCCACAAATCATTTAGTGCGCCTAAGCTTCCACTGATCGGATAACCATTACCACCCAGTAACCAAAGATTACCCGAGCCATCACTCCAACGTGCTGATACGTTGCGAGCGCCGGGCGAATTTGCTGATGAGCCCACACCTTTAGCGCCATAAATACCCAGTGCATTTGTTGAACTCACTCCTGCGGTCCACGTCCATTGATTCGATGTTGAATCAAATTTCCATAAATCATTCAGATAACCTGAACTACCGCTTCCGCCGTAACCATTACCACCGAAAACCCAAAACTTTCCGCTAGTATCTTGAAACCCAACACTTCCTGTTCGCGCGCCCGGAGTATTTGCTGCGGCCGCAACTCCTTTTGTTCCGTAAGTGCCGTACGCACTGATTGAAATTCCACCGGACATCCAAGCCCACTCACCAGAAGTAGGATCATATTTCCATAAATCATTTAAATTTCCAGAAGCGTTTGTGCTCGAATAACCATTTCCACCGAACAACCAAAAATTTCCGCTGCTATCTTTCCAGAACGCTGTTTGGTAACGAGATCCAGGAAATGGTGGAACTCCCACTGTCGAACCCTTAGTGCCGTTGACATTAACCACATCAAGAATGTTTCCGCCAGAAATCCAAGTCCACTGATTCGATATGGGATCATACCTCCACAGATCACTTAAATTTCCGTAAGTCGCGGAATTTGTGTGACCATTTCCACCAAAGAGCCAAAGTTTATTGCTGCTATCTACCCAAGTGACCATATTATTTCGGGCTCCTGGAGTATTTGAAACACCGGCAACACCTTGTGTACCGTAAGTTCCGATTTGATTAACTCCATTTGAACCTAACATCCATGTCCATTGATTTGTGCCAATATCATACTTCCATAAATCGTTGTAACGACTCGCAGAATTAGAGCCGCCAAACAACCAGACAACGTTGTTTGAATCTATGGACATACTTGAAGAAGTTCGTGAACCAGGAATATTGGCGCCGGCTGCAACACCTTGTGTGCCGTAGGTCGCTCCTTGATTGGCTGTACTAGGCCCCGAAACCCACGTCCACTGATTTGTCGTCGTATTAAACTTCCATAAATCATTATAGTTACTTGGGCTATATCCGCCAAACAACCACAGAGTACCACTAACATCTTTTGCACCGGCAACACCTGCTCGCGCCCCCGGAGTTGTTGAAACAGTTGGAGTTCCTTTTGTACCGTAATATCCTGCAGATCCGGTTGAACTTGAACCGGTCATCCACGTCCATTGATTTGCGCCTACATCATATTTCCAGAGATCGTTAAAATAATTAGAACCATTAGTCCCGCCAAATAACCAAAAATTACCGCTAGCATCGGTCCAACCAAAAGCATTCGTTCTTGCTCCGGGAGTAGTCGTTGATGAAGCCACACCTTGCGTGCCGTACACGCCGGTGGCTCCAGCCGTGTTTGATCCTGTCATCCAAGTCCACTGATTAGTTGTTCGATCGTACTTCCACAGATCGTTCATATAACTGCCGGTTAAACCACCGAACAACCACAGGTTTCCGCTTGAATCAGACCACGTTGCAGAGCCTTGGCGCGCACCCGGAATATTTGAAACCGCCGGAGTTCCTTTCGTTCCATAGCTTGCGGCACCACCTGTTGTCGTTGGGCCATTGACCCAGGTCCATTGATTGGATGTGGAATTATATTTCCATAAATCATTCCAGTAACCATTCGCATAACCGCCGAAGAACCATTGTTCACCGCTTGAGTCAGTCCAAGTCGCTGTATTGTAACGACTTCCCAGAGCCGGAGGTGCTAATGCTGAAGAGCCTTGAGTTCCATACACTGAGTTAGTCGCTGTATTTGAAGGAGTTCCTGAAACCCACATC
CP176530.1_gap80	2777310	2782032	4722	TAAATAACCAAAGAATCCACCGGCAAAAGAATCCCCCGCACCCGTTGGATCCACCACTTTTTCAACTGGTAAAGCCGGGCATTGAAAGAAACCGTGAGTTTTTGAATAAACTGTAGAACCGTATTCACCGCGTTTAACAACAACATACTCAGGACCAAGTTCAGCCACTTTTTTAATAGCAACGATGGCATTATCAACCTGAGTTAACATTTTTGCCTCGCCTTCATTGACGAAAACGATATCAACTTTTTTCATCACTTCGATTAAGTCCGCTTGTTTTGAATCAATCCAAAAGTTCATTGAATCCATACCCACGAAAAGTGGTTTTTGAATTTGTGATAAGACTTTTAATTGTAATACCGGATCAATATTCGCTAAGAACACAAAACGCGTGTCTTTGTATTTCGCTGGTAATTCGGGATTGAAATCCGCAAATACGTTTAACTCAGTTTTTAAAGTCACTGCTTCATTTAAATTATGCTCGTAAGTGCCTTCCCAGTGGAAAGTTTTACCATTCACAACTTGCATACCGTCTAAATCAACGCCACGAGTTTTTAAAATTTCACGGTCAGCATCTGAGTAATCAGAACCCACAACACCAACAACACGCACTTTAGAAAAAAGACTAGAAGAAACTGAGAAGTAATTCGCAGATCCACCTAATGAACGCTCGGCTTTTCCTGATGGGGTTTTTACCGAATCGTACGCTAAACTACCCACGACTAAAACTTCTGACATTTGTTCCTCCGATTTTTGAGTTTGAGATGTCCATAGTTTCAGGACGTTCAACATTTTTAGTAGTTAATTGGCCGCACGCCGCGAAGATATCGCGACCCATTGTACGGCGTAATAGAACCTGCGCTCCCAGTTTCATCGTCTCTTGGTGGAAAGCTTGAACCGTTTCATCACTCGGACGCTCGAAACCAGAACCTGGATGTTCGTTAAATGGAATAATATTAATTTTGCATGGAACATCTCTTAAAAGTTTAACTAACGCACGCGCGTGATCGATTTGATCAGTTACACCTTTAAGTAAAACGTATTCCATTGTGATTTTCTCACCCGTTGCACGATAGTAACGGCGGCATTCGTCTAATAAATCTTTTAATGGATATTTTTTATTGATCGGCATAACTTGCGAACGAACTTCGTCGCTCCAGCCGTTAAGGCTTACCGCTAAACGCACTTTCGCCTCAGCCACTTTGTACATTTCTGGAATTAAACCAGAAGTTGAAACCGTGATTTTCTTTTTAGATAAGTTAACACCCCATGGAGAGTGGATCACTTCGATCGCTTTAAACACGTTATCAGAGTTATCTAACGGTTCGCCCATACCCATGAATACGATGTTTGATAGTTTACGGCCTTTGCCTTCTTTATCTAAAGAATCTTGCACCACCATAAACTGACCCACGATTTCGTCAGCTGTTAAACGGCGTTTTAACTTTTGTTTTCCGGTAAAGCAGAATTGGCAGGCCATATTACAGCCGATTTCTGAAGACACACATAAAGTTAAACGGTCATCAGAAGGAATCACAACCGCTTCGATCGAGTTACCATCGCGCACGTCGAATAAGAATTTTTGCGTTCCATCAACCGAGATTAAGTGTTTTAGAACTGGAGGTAATTTAAAAGTAATTAAGTTTTTTAATTCAGAACGTAAATCTTTAGATAGATTTAACATTTGATCGAAGTCAGTTACGCGTTGCTCGTAAACCCATTTGAAAATTTGCTGGGCGCGGAATTTTTCTTTACCGTATTTTTTTAAAAATGCTTCTAGGTCTGGGAGTGTGAAGCTGTAGAAATTAACTACTTCGGTTTGCGTTGCAGTAGATTGATCTGCGGGCGTAGATAGACCCTGTTGAGTCTGTTCAGATAGCGTCATAGGCCGTCCTTCTTTGGACAGCGTCCAAGGCCGTCCGTTTCTGTGACTTATTACAGTCGTTAAATTGAGTCGTCTTTGTAACCCAAAACTCCCCCGTTTGTCCATGGGTGTTTCCCTCTTGTTCCAATCTTTTTGGAACACTTTGTTCCAAAATAGCGTGACTTTACCCCCTACCCCCGATAATTCTGTTTTTACAGCAGAGACGTAAAGTTTTTGCCAAACACCACAAGGGGGATTTATGAAAAATTTATTCATCGGTTTAGTGATCGGATTGAGTTCAGTGACTGCATTAGCCCAAATCGGAAATGTGGCTATTGGTGGAAGCGGATGTCCACAAGGAGAAGTTTACTTCGGTTCTGTCGAAGACAAAATGTTAATCGAGTACACAAAAATGTACGCTGACAATCAAGACGGAAAAACCATCAGCCGCGTAGCTTGTAACTTAAGATTGCCAGTAACAGTTCCAGCGGGAATGCGCTTAGTGGCTTCGTTACAATCTGACGCCGCAGTAAATGTTTGGGCTAACAACAAAGTGATTTTAAACCAAGAGTTGTTCGTGGTGGGATCAAGCGAAGTACCGCACGAAGAACAGCTACAAAACCATGGTGGCGAAGTGATTCTATTTTCACAAACATCTACAGCTTGCGACACTGAAAAAGAGGTCGTTTTGGCCTATAACCTAAACGCAACGCTTATGAATATCTCAAAACATGTAGATTCTTCTGCTTATGTTACAAAATCGATCTTAGATGTGAAATTTGAGAGCTGTTTTGACTCCGAAATTCCAGGTGAAGACTCGGTCGGAGATTTGCAGTTAGGTAACGAAGGGAACTAAAAGTCACTACGCTGAATCGAAAATCAGCGTTAGCTGTAAAAAAGAAAGGGGCAAGGTATGAACGAACAATTAGCCATCCAAGCTAAAATTCGCTCGCACTTTGCCCAGCTTCAACGCAAAAATCCAGCTTTCTCATTACGTGCCTTTGCCCTAAAACTTGATATCAGCCCCAGCGCTTTAAGCGAGATCATGGCTGGTAAACGCAAAGTTTCAAAAAAGATGGCGGTTAAACTTTTAGACCGCATGTACTTAGACCCGAAAGAATCTGAAGAAATTAAACTTCTTTTCGATAGCCGCCCCAGCAACCAAACAGTTGAAGGCGATGGCAAATCGGTTCTACAAAAGTACAAAAAGAATATTAACTTTCTAAAATTAAGTTCAGATCAGTTTAACGTGATCAGCGAATGGCAACATTTTGCTTTATTGTCGTTAATGGAAACAACTGACTTTCAGTCGGATGTCGAATGGATGGCAAAACGCCTTTCACTTTCAGTTCCCGAAGTGCAAAAGACTTTACAGCGTTTAATTGATTTAAACTTAGTGACTAAAAAATATAATCGCTACACGCCAACGAATGAATCGTTAACAACATCGGATGATGTGGCTAACCAAGCCGTTAGAAAATCTCACTATGAAGATTTAAAAGTGGCTGAAAAAGTTTTAGACCACTGCCCGGTTGAGTTACGTGACTTTACCGCCGTGACTGTCGCTGTTGATAAAACAAAAATCTCTGAAGCGAAACAAATGATCCGCGAATTTCAAGATCGTTTAACGCAGTTTTTAGAAGATGGCGAAAAATCTGAAGTTTATAAATTAACTTTTTACATGTATCCCCTTTCACACTCTTCCCCACCAGGAGACAAGAATGAAAACTAAACACCTAATTATGCTCGTGATCGGCTTTTTGATCAGCGTTGGTCTTGCATCGCAAGCTCAGGCTTTCAATATTTTAAAAGCTTTAGAAGTTCAGCTTCCCGAGATCGTTCAAGTTGGCGACAAAGCTTATGTCATTCCGGCCAGCGTGAAGTTAGTGAAACTTGCCGACGGTCGTTTTACAACCGAGACTAAAATTTTAGGTCATAAAGTAGGTAACGGTGGCGACTATATCCGTTCTACATTTATTCAGATGGGTGAAAACGTTGTCGAATTCTTAGAGACAACTCAAGAAGGCCAACAGGTTCTCACTCAGCACGGTTTAGTAATTGAAGATTTAAAAGCAACTCTTACAACTGAGCGTATCGTTGTGACTAACGATATCTTAATGGATAACACAGGCTCTATCGTTGATGCGATTGGCGTTCCTGGTTTAGTGATTTTAAATAGCGCAAGCTGGTTAGATCATTTCGAAAAAGAAAGAAACGTGTACTTTATCGTGTTTCACGAAATGTTACGTAGCCTTGCTGTTAACGATGACGACTATGTAATTTCAAAAGATTTAATCAACTTTCCGAGCCAATTTAAAATGTCGACTAGGCTTTTACCGTTAATTCCTATGTTAGAATCAGATTCAATCACTGAACTTGTGACCTTAGATAACGTGACAGTTCAAGGTTCTGGCTGTTCAGCTAAAGCTCCGGCTTACACTGAATTAGATCTAACTAAAAATGTGATCGACATCACGCTTAAAAGTTTTGTGGTTTCAAACTCTGAGGCCCGCAAAATGGATTACAAAGCTTGTAACTTATCGGTGCCGTTAAAATTACCGGCTGGTAAACGTTTAACAATTTCACTAATCGATGTGTCTGGCGAGGTTCGCCCACAATCAGCAGATCTTCAATCTACAAGCACATTACGTTTTGAAGGCTTCTTAGCCGGTCAAAAAGGTAAAGTGCACACTAAAACTGTGGCTTTAGGTTCTGAAGCACGTACGGTTTTATTTAGAAAAACTGATGTGATCACAACAGGCTGCGGAACTTCTGAAATCTTACGCCTAAATGTGAACAACGCTTTAGCTTCAAAAGGCAGCGCTGCTGGTCTTGAGCAAAACCAATCCCAAATCAAA
CP176530.1_gap81	2815861	2817334	1473	ACTTGTCTCTACAGACTCATACCGAGATGGAGGAACTTCGATAGATTTAGAAATTTCCGAAATAAACTCTTCTACTTCATGATTATTTAATAACATCAGTACTTTTTCTTAGATTTTCAGGTAAAAATTTATCAATTTCAGAATCTGAAAAAGTATACTCTTCATACTCCTTCAATGCTTTTTGAGCCATACTGTAAGCTTTAAAATTAGTACTCGGAGCCGAACTGTACACAGTAACTAATTGCTTTTGAAGATCGTCTCTTTTTTTAACAATTGCATCAGCTACTAGCAAATTGCTACGAATATCTACCAATAATGACAAGTAACTCTCTCGAATGTTTAAAATTTTAAGGGCAGCGTCACGGTGCTTTTGCGCCAAAGAACCCATATCAAATGACTTTAAATATGCAGTTACGAATAAAGAAATTGCGGAAACTATAGCCGTCACAATCTTTGTGCCCTCTTGATCATTCTTAAATAAAGTTACTACTCCACCCGTTGTAATCACGTTTAAGACGATTTGCGCCGTTTTGTAGCACCCAAGTCTATCTATTAACAAATCGGCCATTTTTTCATGAGTTTTATGAGTGTAAACAACTCTACCAAAACACTGTCTAATCTGATCTTCTAATAAGTTATTCATGCAATTGTTTGTTAAAATAGAATGAGCATGCTGTCATTTAAAAACGATCTATTGCGTGCGGCATTAGATAAAGAAATATTTATTTAAAAAAGCATGCCTGACCAAGATAATCTTAAAACCCAATTAGAAATCGCTCTTGAAGATTTAAAGTATTACGCCAACGTCGAAAACTACGGCCAAGGCGAATCGTTTGGTGAGCTTTCGGCTTAAATGACGATGGATCACAAAGGCCTGCTGCGCGATCGCACGAACAAGCCAAAATAAAAAAATAACTATCTTAAAAATTCTTTTACGCACGAATGAGTTTCGCGCATTCCTGTTTGAATAACAGCTTTGCATAAAACTTTGTTATCTTTAGCACGAATAAAATTAAATTCAGCAGAATCCCCGCCTGAAGTGATTTGCTGAACCCAGTAAGGTTGGGCCGACAAATAAATTTGTGACTTTACTTGAATACCTTCTTGCACGTTATTCACAGGGCTTCCTTTGTCCGGAGACTGCGCACTGCCAGAAACAATCACGGGTAAATTATCAAAGTTGATTAACGCCGCTACATGATCGTGCCCCACGATGACTGCGGTGATTTTACTTCTGTAAGTTTTAAACAAAGAACGGATTTTAGTTTGAAACGCTTTTTTCTCGGTCCACTTGTGTTCGCCGATTGTTAAACTTGGGTGATGATAAACTGCATACACTTGTTTTGCTGTTGTTGATTTTAATTGCGATTCAAACCACGTCATTTGTTCGTTAACAGTTTTCGTATTGTCAGAATTTAAAACTAAAAATAAAACTTCGCCGTTTAAGTAACTTTTAGCAAAATATTCACCAGG
CP176530.1_gap82	2821600	2824446	2846	CCTTTTAAGATTGGTGAAAAAGAACGTGATCAGTGGCTTTACTGTATGTTTAAAGCTTTAGAAGATGTTGTTTCATCTGAACAATTAAAGAGTGATCTTAAAAAAAGTTTTGCTCACATCGCTGATTTTATGCGAAACCAAGCACCGCAAGGTTAACTTCTACTCGATCAAGCCACCCTTTTTATTGGGATCTTCACCACTTGATGAACCGACATCACGCTCGGCCGTTTTCATCTGACCAAAGCCACCCGTGCTAAAACCACCAAAGCCACCTTGGCCACCTGGAAATCCCCCGAATTGAAAATTCATAAAGTTGAATTTATGCAAACGGGGTTGAAGATAAATACTTTTCTCGCCTGAAAAACTGTGAACCACCGAATAGAAAAGATAAACCCAGATAAACATCGTGTAATCAAGAAGCCCCAAACAAAGCACAACAGCTGTCCATTTTAAACGTGTTACTCCCGCAAACACCGCAAAAGCACCAAGTACCGAACCTAACAATAAACTTTCACCGTAGAACTGCGCCCCTGTTACCCCAAGACCAACACCCACTAAAACTAACGGTACGTATTCGCCGCCAAAAAAGCCCAACGAAACACACAGTAAAGTTAAAATGAGTTTTAATAACACTAATTGCATATCATAAGCTGTCATTAACGAGCCTGAACTAAAACGTTCAACTAAATCTAAACTTAGACTTTGCAAGACGCGCACATCCGTATTGTAAAGCGCATAACCGACAGCTCCCGACATCGCAATGGCCCAGATAATATTTTTCGCGGCAAAAAAATCTGATAAGAAGAAATAACTTTTCTTATACAGACGCGAAATATAACCAATAATCATGCCTAAAACGAAAATAAAGAAAAAACGTTTTAACCAAGATTCGCTATCAGGAATCGTCACCACTGATAATAAATGCGGAAATTTAAGCGACTGAAGAATTAAGATGGCCACCCACGCGCCAAAGAACGTCCACACTTTTTGTGAAAACTGTGTGCGGTACATTTCAATCAGAAAAATAACACCGACCCATTTATTTCCGGTAATGGCCGCAAAACCGATACTGGCTGCCACGGGCCCCCAATATTTAAGACTTAAATTAAATAAACGCGCCACACCTGTTGTTGTTAGAACAATCACACCTTCACGGCCAACACTCGCACCAAAGATATGGCTTAAACTTGCTCCGACAAAATGATAAACCGCTTTCCAACGGTTCCAGAAAAAATTTTTCTCTTCGGTCATTTCATGAAGGTCTTTGACCTTGTGGGGATAGTACAAAGTTTTCTTTTTTAATAAAACGGTAAGAATAAATAAAATCGGAAGACCTAAAACAAGTTGTGGGTACTCTAGACGTAACTTTTCAGAAAAATTAACTACAGTTTGAAAGCCGTAACTTAAGCCCGCTGCTGCGGCCCCAAGAAGTAACGCCAAAATTAAATTTAATGGGTTCATGCGTTTTGTTTTCTCACATTAATCATCATATAGCCAATCACAATCCAATAGAAGCGATCGGCCATACCACCCAATGAGAGATGCACATGATAGATAAACAGAATCGGTATGTGTGTTAAGATATAAATAGCTAAAATTTTAAACTCTGGCGGAGCTGATCTTAGTTTTTGAAAGCTAACTGCAATAAGACCTGCAAAACCGATAAACACGATGGCGATAAAACCAATACCGCCAATCACCCCAGCTGAAACTAAAATATTATGCGGATCTTTATTGGCGTTATACTGGCCGACTTCGGTTTCGTTAATTTCGCCAAACTTAGATAACAACCCTTGGCCGATAATTGGGTTCTTCGAAAAGATTTCGTAACCACGTTCAAATTCACTAAACCGTGAAGCCACCCCGTCCTGCGCCGCACGTAAACCCACCGCACTTTCACCGCGCACGATTTCAAGCGCATAGTTACTAACTGATTGGCCAAATAACAATATCGCAATCACTAATGAAAACGCCACCGACACTTTAATAAATTGGCTCGCCGCTTTTCTGGCTGGAAAAAATAAGAACGCTAAGAAGTAACTAAGAACAACTGCAAATAAAGCAGAACGAGTTCCCGTTAGAATTAAAGCTGCCATTGCAACCGCAACACTCACCAATAAATAGATCTTACGCGGACGAGAGTTCTCTTTAGCGAATAATTCATAAATTAAAAAGATACTGGCTAAAGTAGCCACTGTAACCATGTACGGGATATGTTTAAACACCCCGATAAAGCGCCCACCTTTAAAAGTCATCGCCGGAGCAATAACAAGTAAAGCTAAACTTACATAACAAAGAAAGACCGAAATCTTTTGCGTGTAGTTTATAAATTTAGCCACCGATAACTCACTTGGAATCACACGCGCAAATAACACCACTGTAAAACAAGCTGATAACGCCGCCGAGATTTGTAACCACCATGGGTTGGCCGCCTCATTAAGAACGGTCTGCATCGCAGTCACCGCTAACAAGTACAAACAAAAAATAAACAGATAAAACTTAAAGAAACGGTTTTGTAAGTAGTGATGATTACTCTTCCAGAAAAATTTAATGATCAGTATCGAACCAATTATTATGTTAAAGAAGATATTAATAAAAGGATGCATACCCTTTTGAAAAATAAAAAAGGATTCCTGGTAAGGGAATCCCGGAATAAATCCTAAAGAGATCTTCGATAAAAAAATCAGGGCGATTAAAAATAACATGACACTCTAGTCAGAGTTTTTTTCAATCAGAACGCTGGTTAAGATAATGCTAGTGATTAAAGACACGATCGTTACCGATTGTGCAATATCACTTGAAATCCAAGGCTGCTTTTTCGGGACATAAACGAAATCATCCTGCGC
CP176530.1_gap83	2831333	2833555	2222	GGGAATTAACAATCAACGTGGACAAGTCATCGCCGAATACGTTTTAACGATTTTACTATTCACAGCGATGCTAACAGCCGTTTCAACTATGGCGAAACATCAGCGTGAATTTTCCAATAAATACAAAATTTCAAAATCGGTAAAGGGCCAATAATGGATATTAAATCACGCTTAAAAATTTCATTACAACAGCATAAGTACTTTGTATTTATGTTTGTGTTCTTTGTTTTTGTTTATATCTACACAACCCTAGATGAACGCGGCGAAAAACCACAGGAAAAACTACTCACCGTAGATACATTAATTCCTAACGGCTACGCGCTGGTGCCGATTGAATTAGAAAATATCACAGCCATTGCCAGTCTGATTGAAGGTTATGGTGTTGTGGATATTTACTTAGGTAAAAACAGTTCACGTCATTCTAAAAAGCTTTTTCAGAAAGTTAAAATCTTACGTGCTCCGAATAACCCGAACGCTTACTCGTTACTTCTGCCCGATCATTTATCGAGTGAATTACTTAAATACGATGGGCCATTTTTTGCGGTGATTCAGAATAAAAATGAAGCCAGTGACAACCCCGCGGTTCGTGAACAAGCAGCCGCCAGCAAAAAAAGCGTAAAGATCGAATACAACGGAGGATAGAATGAAATTTTTAGTTTTATTATTAGTTTTAATCAGCTGTACAAGTTTTGCAGACGAAGGCATCGTGCTTGTTGCACATAAAAATACTCCGCTTGAAGATTATAAAAAAATCTGTGCTAAGAATAATTACCTTTGTTTTCCTAAGGCTTTTATTTCGCTCTCAAAAAATCAAACACCGCATTTTGATTTCTTGATTGAAAACTTTGACTTAGATAACAAGGATTATGTTACGCAGTTTTCTAAAAAGTTAGCGTTAAGCTTAAAAGAAGATGATTTAACTTTAGAACAAATTAAAAACTTAATTTTAGCGACTGAGAAAATTGTTTTAAATAAAGATGCGAAACTTTCTGATGAACTTAAAAAGCTTAAAAAGATCTACGAAGTTTTCGGTAAGTTAACAGATGAAGATTCAGATAAAATGATTTTTGTCGCTGGTAAAAACGTGGCGAACAACTTACGTAATCGTTTGTTACTTGATCCTTATTTGAATGCTTTAAAACATTCAGACCTTGATTACGTATCTATGACCCAAAATGGCGAAAAGAAATTCTTTTTAAACGGTGACTGTGATCATCCCCGTTACACTGAGTTTGTAAGCCAGCTTGATTTACAGGTGCTGCCACATTTTTCAGAAGGTGGTTGTAACTTAAGCCAGAAATACAACTGGGGCACAGATTTAATGACTGACCATTTTAAAGAACACAAAAATAAATATCTGATCGGTCTTGCGACGGTAGCTACGATTTTCTTTTTAAAATCTTACGAGATTTCTAGCGGAAGCGAATAACTTCGCCTTCAAAGTTAATGGCAATGATCCCCTGATCGTCAAACTCAGTTTGGCATTGCCCCCACCCAGAAGTTGGATAAGCGTGAAAGCGCTTCCAATCTTCTGACGGCTTTGGGATTGATTTAGCGCTCTCTAATAAAGCTTTACGAGTTAATAATAAATTTGTCGGTTCAATCGGTGAATCTGATCCAAAATCAACATGAATACGGTTTTTGCGAAGAGCTTCCCATTGAAATAAGTATTTTGTTAAATCACCGATACAGTCTTGTAACCACGGGTGATCTGATAACCAATGGCAAGGCTGCATGTGCACGTACACATGTAATGGTTTTAAAAGCGGAATTGTTTCTGGTCGCAATAACTGCGCATGCTCAATATGAATTTTACCAAGTAAACCAGCCGCAGAAACTTCACGGGCACATTGAGCCACCGTGTGAACCGACTCATCACCGATACAGTGAATGGCAACTTCCATTTTATTACGCCAACAGTAAGCAATCGTGGCTTTAATATCTGTGGCTGACCAAATTAATAAACCACGTTGGTTTTCGCCCACATAGTTTTGCGATAGATACGCTGTTTTAGATCCTAATGAGCCATCGATAAAGATTTTTAAACCTTTAACTTTTAATTGCGCACACGGATTATCTAAACACCTTTGATATTCACTTAAACCGCGGTCTAAATCCTTTACGGATTCAACCGTGATAAAACCTTCGCAGTAAATTTTTAGCTTTTGCTGTTCACACAAAGCTTTTTGCAATTGCCACTGGCGAAAAGTCATCGACATGTC
CP176530.1_gap84	2837637	2841216	3579	TGAATCACTCTGTCGGTATGGGATTAGGCTTAACCATTTGCCAAACTCTTTTAAAAGCGCACCATGGCCGTCTTGAAATCAGCAATACGGAAGACGGAGTGAGCGTTCGTTTTATCTTTCCGGAAATCCGAAAATAGGATTTTGATTTAACCATTAGGCTTTAAAACCTCTGGAACGGTTTATGAACTGTTTTAGGGTTATGAAAAAGCTCTTTTTATTATTTATTCTTTTTCCATTTTCTACCCTGCTGGCTGAAACTCTTTCTTCAGGCCCTCGTTACGACATTATGGTCGAAATGGGTGATGAACATGTCTTAAAAAACGTGTCGCACAAACTATGGATTGAAAACCCTAAGATCTTTTCTGCTTCTGGTAGCGGAAGCTCAGTCACCTTAAAGCCCTTAGCTTTAGGATCATCGAAAGTTCGTATCGATCAAAAAGAGATCGTGGCTTTATCAGTTCCTACAGGATTTAAAGAATCTTTTAAAATTTGGACGCAGCTCGCCCGCAAGAGCCCCCAACTCAGCGTAGCTTTCTGCGAACAAAGTTTATGTTTAAAAGGTGAAATCTTTAATTTAGATGAATTTAAAAAAATCATTTCTACGATGGAAGAAAAAAACGCCTTTCTCTTTTTAAAATTAGACATGAGCGATAAATTAAGTTCTGAAGTTGAAAAATGGTACGTGCAGTATTTTAGAAATCATGAAATCACCCCGCCAAAGATTATTTTTTCATCTTCACCTTGGAAAGCTGTTTTATCTTCAAAAGATAATAGCATTACCAGCCGCAATCAAACTAATCAGGTTGGGCTATTTACCCAAGATAATCCTAATAAAATTGAGATCAGCGATAACATTAAAGTAGCAGTTAAGTTTGTTGAAATTAAAAAATCAACCGCTAGAAAACTGGGTATTGATTGGCAAAAAGCTGTGCGTGGCCAGCTATTAGATTCAAAAGTCACTTTTGATAATTCGATTGATTTAGTTTTAAATGCCGAAGAATCATCTGGCAATTCTAAGACTTTAGCTAACCCCACGCTTATTTGCCGTAATGGTAAAGAGGCTGAATTTTTTGCGGGTGGCGAAATTCCTATTGTTTTAACTAAGTATAAAACCCGCGAAGTGGTTTGGAAGAAATATGGCGTAAGTCTTAAAATTAAACCTGTCGTTGATCCGTTAGGGCAAATGAGTATTGCTATCGAAACTGAAGTTTCAACACCTGATGAATCTAAATCGATCGATGGTATTCCTGGAATTTCAGCAAATAAAGTTTCAAGTCACTTTGATTTAGTGAAATCGCGCACTATTGTTTTATCGGGCTTAATTCATAATGGTATTGGCGATAGCGCCACGGGCCTTCCGTACCTAACGCAGATTCCTGTGATCGGCAAACTCTTTTCAAGCCAAGGCTTTCGTGAAAGCGAAACTGAAATGATGATCTTCGTAACCCCTGAGATTTTTGAATGAACTTAAGTGAAGCTAAAAATATTTTTCAAAAACTGCGCGCTGATAAAACCGCGATCTTAGCATCTGATGTAATGACCGCTACAGCGCCTGAACTTAAAGAAAAAAGTTTGTTGCTGTCGCTAGATGAAAACTTACAAGCTGTTGATTTAGCGGTGCGTGAACGAATTTTAAATGAACTTAATGGTTTTGGACCGATCACTCATCTGTTAGCTGATGAGTCGGTGACTGAAATTCTAATAAACCAGTTTGATCAGATTTATTTTGAACGTTTAGGAAAACTGCAAAGATCGGAAGATCACTTTTTTGATTCTAATAGTTATAAAGACTTTATCGAAAAGCTTTGTAACTTTTGTCAGACCTATATTAATGCTGAAAAACCATTTATCGAAGTGCAGTTAAACAATTTACGTATCACAGTGCTCTTTCCTGAAATCTGCCGTGGCGAATTTATCGTGTCGATTCGTAAACAGCCTTTAACGCGTTGGACTTTTGATCGTTTAAGCGCGCAAGAATGGGCTAAGCCCGAAGAAATTGCAGCGATTAAACATTTAATCCAGCAGAAAAAGAATTTTCTGGTCGTTGGCGGAACGGGCTCTGGAAAAACCAGTTTACTGCAAGCTTGCATTAACGAAATGCCTCAAGACCGTTTAGTGATTATTGAAGATACACAAGAGTTAAATCCGGTATTTTCGCAGAATACTTCGTTATTAACCCGCCTTGATCCGACAAAAAAGCTGATTGATGTAACCATGAATGATCTGATTAAAAAAGCTTTACGTTTACGCCCTGATCGTATTTGCGTGGGCGAGATTCGCGGCGAAGAAGCGACAGCTTTACTGATGGCTTTGGCCACAGGTCATGACGGAAGTTTCGGTTCACTTCACGCGCGCACGGCGCATGAAGCTTTGCTACGTCTTGAGATGTTAATTCAAATGGGAGCACCACAATGGTCGTTGCAATCAATTCGCCGACTTATTGGTTTAACGGTGCAGAATATTTTGGTTGTTGAAAAGCGCGATGGAAAACGCTGTTTACAAGGAATCTATGAACTTGGTTCTGTTGAAGAGTACGGGATTACTTTGCAACAGCTGGAAACCTAGACTTAAGCAGAGCTTAGGGGTTTATCTAATATTCCGATAAACCTAATATGACAAATGAGCAAAGTTTGCAAAACATCGAAGTCGTTAAAAAATTGATTCATCTTTATCAAAACGACTACGTATATCTTAAGTTTAAAAGTGCGACTGAGTTCGAAATTATTCGACTTCCTAAATACAATGAGCATTTTCATGATTTAATGTTAAACCATCTGTATATAGACAAATTACCCTACGCTCATTTATGGCAACCTCCCTTAAAAGCTGAACCATATCTGCGTTACATAGACTCGAACCTGGATTTTTTTATGAATCTAACCACAAATGAATACACGATATGTTATGAAGATACTCCCATCGATATCGAAGAAGCCCGTAATGAATTTCAAGAATTAATCGGAAAGCTTAAATAACTCTGACTTGATTAGATTATTAACATCGCCGGAAACTATTTTGTTTGTATTCAATACTTTACAAACAAACATTTCCAAATTCGTATGTCCCGAGTCAGTTCCTCTCAACCAATAGTTTACTCTCTTACACAAATAAATTTTTTGGTGGCTATTTATTCCAAGGTACAATTTTTCATTTGTAATGAAGAACTTAGCTTCGGTTTGCTCGTTCACTATCTTATTACCCTTATTTACAAGAGCTACAATTTCAAAATAACTTTTAATACAGTCTGTGCGAAAATAATCCATGTCATAGCACAGTTCAAAAAAAAGACCCGGTTTAAAATAACTTAAACCGGGTCTAACAATTTTTAATTCCGAAAGACGAAAACTATTTTAAGCCTTTATCTTCTAAAAACTTTTCGGCTTGAGCGTTTAACTTAATACCTACTTCGTTTAACTGGTCGCGGTTCACTGGGCTTGGGCAGTCTGACATTAAGCAAGACGCCTGAGCTGTTTTCGGGAACGCGATCACTTCACGGATAGCTTCAGTTTGAGTTAATAACATCACTAAACGGTCCATACCCCAAGCGATACCGCCATGTGGAGGAGTTCCGTATTTTAA
CP176530.1_gap85	2871574	2873872	2298	ACTTCCAGAAATAAATACTCTTGTCGTGTCGCTTGCAAACAAATGAAAATTATTTGAGTTTTTTGTACCTAAGAATAAATCAGCTTCGGCCGCAATGGTATTTCCATCGATGTTAATGGAAGTTCCAGAAGCTTCTTGCACCCGCAAGACAGCGCTGTTCAAATTCAACGAACCAACTGAACCCATCGTTGTCGACTCAAAAACATGAAACTTTGTCACTGGAGCAGTCGTCCCGACCCCAACATTACCGTTAGAATCCACGCGCATCTTTTCTGAACGAGTTCCATTATCACGTGTATAAAATAAAAGATTTCCTGATTCCGAGCCTGAAGTCACATTTGTCATCTGAGCAAATATGTTTGAACTATCAGATGCGTACCCGCCCGAATTTATGCCTTGAAAATAAATTCCACCTGTAAAATCACCATTACTTAATGATCCACCCGCACGAGAGTGTTTTAATTCGATATATGCACCTGAAGGACCATTGTAAGATTGTTCTAATTTAAAAGAATTACCACCAGCGCTATTCAATATATGTAAAGTTGCACTTGCGGTACTTGTTCCGATACCGACGTTACCGCCATTAGCATTAAGTAATAAACTTTTCACAGTTACGCCGTCTGTGGCTAACGCCGAAATATCACCAGAACTAGGACTTAATCGTAAAATCGTGTTTGAAGTATTTTGAGTTAGCTTCGCACTGTCACCAATCCATAACTGACGATTACCAGTTCTGTTGACTCCTAAAAGTAAAGCTAAACCTTCTGTATCAGTGTTTCCAGCTTGATAAAACTCCTGACCTGAAAGACGAATTTTTTCTATCGTTTGTGATGCCCCCGAAATATGTAAGAGAGCCCCTGGAGTGGTCGTGCCCACACCCATATGACCTAACGAATTCACAGCAACTCGAGTTACACCACTCACATTAAATCTTAATTCTGGCGAAGCACTGGTGCCTGAATAAATGCGAGCACGCTCAGTCATATCATTGTTATACCAGACCACATCACCCGGATCAGTAGGAGATCCTGATGTGGCTACAAATCGTAAATCAGCGGCATTTGCAATTGTTGTCGCATTCAATGTTGTCGCTCCAGAAACACCTAAGTCTCCGGCGGTGTTAATGTTACCCGCTACTCCGACGCCGCCTTTAACAACAAGTGCACCTGTTTGTGAATTGGTCGAAGCAGTCGTTGATGAAACAACAACTGATCCCACGGGCACCATCGTAATGTTTCCGGATGAATTAATCACCGAAGCATTATCGATTGACCCTGCTGAAGATCCTGTAGCAATTGCACGACGAGTGTTACTTCCATCTGTTAAATAAAAGTTTGCACCGTCATATTCCATCGTACCCGATTGCGGAGAAGTTAATAAAGTACCTGACGTCAGTTTAAAAGAGGCTTTGCTAGAAGTTCCCGCTGCTAAATGTAAACGGGCCGTCGGAGTTGTAGTTCCGATACCAATATCACCGGCTGAAGTAATGCGAACTCTTTCAGTGCCACTTGCAGAAAACGACAAGGTGCCCGCACTTGGATTGAACATTCCGGTATTTGTCGTAGTTCCAAAACTAAATGTCGGAGCCGTGGCGTTACCATAACCGTTTCCGGCCCGTACGGCATTCATATTATAAAATGTTGTAATGTTTGTTGTCGTATTAATATCAAGATATGGCGACATGGGACCACAAGTTGAGTCTTGGCATTTTCCAAAAGACAACGTACCGCTGTTCCATTGTAAGCGGCTAAGTGATGCTGCTCCACCGTCAAACACAATTTGTGAAGCACCCACCAGAACTGCAGAACTGGCTGTACCGGTGTAATTCATTGTACCACCACCGATACCAACGTTACCTGAATTATAGTAAATCGCGCTACCACTGGTTATCCATTGTGATGAAACAAGTGTAGCACTATTGGCAGGTGTATAACCAAGAGCTGTGGTCACGTCTGAATTTGTAAGTTGAGTTCCACTAGTCACGCGACCTTTGCTATCGACCATAACTTTTGTATATGTGCCTGCATCCACACCACTATTTGCTAACGTGATTGTATTTGAAGCTGCTGCGATTGTTGCATCTCCGGTAAAACTTGGAAGTCTGGCGATAGCTAATGTTCCTGTGGCACTGGCACTTCCTAAGTCCAAACTATTTGCTGTTGCAAATGTGCCCAACCCTAAATTTGTTCTTGCCGTTGCTATGTTTGTTAAATCAGAAAGGTTATTTGCTTTTTGCGCGTAAGTTCCACTGACTGCATTATCCGCCGGAACATAACCTAGCACCTGAGCGATGCT
CP176530.1_gap86	2888296	2890241	1945	ATTAGTTGCTCGCGGTTATAAGGCTAACGCTGTACCAGCAAATGTAAATGGTAAAACAATGTACCGCGTGCAAGTCGGTTTATTTAATAACTTAAACGAAGCGCAAGAATACAAAAAAGAGTTAATGGAGAAAAACCGTTTAACTTCAGCTTTCGTACAAAAAGTTGCAAAATAATTTCTGATCTTAAAAATTTAGAAATGCGAATGAAGAGCCTGCACTGTCAGGCTCTTTTTTTTGACATAGCGGACAGACCTAACAGCTTTGTGTCCGTGTGCTACCGTTCACACAAGGATTTTAAATCCCCTGTCCATAGGGTGCCACCGTCACAGGACAATGGTCTTGATTACAAATCAAGAAGATCTAGGAACAAACGTGCAACAAGCTAGATCTCTAAATACTTCGAATTACTATAATGACCACAAGGATCATCAAAAATAATCTTAGGACTTCTTTAGAAATACTAAGCAGGCGTCGATAACGTAAATAATTGGATTTACGCATGCTTGCCTCCTTTCCGGATCTACTAAATCCGAAAGCTGGATGTCAGGCATCACAAAAAGCTGTTAGGTTATCCACTTAACAGCTTTTTCATTTTTTATACCCAGAAATTTTAATAATCGAAATTCACACCAAGTTTTACAGTGCTGACTGAAACTGCATTAGGTTCGTAGGCTTTTGATTGCATGTAACGTGTATCAAGCCCCACGATAAAATAATCTAAGCGAAATAAAACTAAACCACCTAAGCCCAACACTTGTTCTGAATCAGACGTATCAGTTTGTGATTGGCCGTTTAATGATGTTTCAACTTCTGCTTTTGTTTGGCCGACCACTCCAAAAATTAATAATTCAAGATTTGTATTCGGCGTTACGTTTTGAAATTCCATTTTAGCTAAACTAAATCCAGCTAAGAAATTCCACTCTTTCATTTGCGTTTTTACGCCTAACGAAGTGCTGCCCGTATTGTCTTGTGAACTGTTGTGTTCAATTCCCAGCAACAAACTTTGATACATGTAGTTTACAGAGTAATGCGAATACCCACGAAGATCGATGCTTTGATCAGAGCCTTCTTCGTAGCGAAATTGAAAACCCGGCGCATAAATTTGAATTTCATGCTGGGCTTGTGCAGAGACTGCAGAAACCAAAAGACTTAACAAAATAAAAAAACGAATCATCATGGAGCCACCACTTTATAAGAATCTACGTTTTCTTCTTTTTCGCAAGTGTATTTTGCAGCGATAACGTCTTCTTTTTGCAGTGGTGAATTTAGATACTGAATAATAAGCTCACATTGTTCTTGTGATTGGCGACCGGCATCGGCCTCAGCAACGGCTTTAAACAATGACTGAGTCGAAAGACGTTCTGACTTATTTAAAGCCAAAGCATCATGGCCAAGATGTTCGATAAAGCGAATAACAAACTGGCTTACAGCTTTTTTAGCATCAGCACGCATTAAGCCTTCGTTTTTCATTTTCACTGTGACAAGTTCTTTTAAAAAACGCGCATACGGCGTCCCCACATCGTAAACGAAATTTGATAGAGCCTGTGATGGATCATCAGCAATACTGCGCGCTTCAACAACGGCTGTTTCGATATCCTGATCAGTTTTATACATCACCTGTGCAGGCTTATTTAAACTACGCTTTTTAACATGAGCTGGCAACGACCACTTAATAAAATCCGGATCATCTGTATAAGCCCAACCCCAGAAGTCGGCTAAACCTTCGTTGATACCACGTAAGTAAGTCTCATTAAACAGTTCAACTTCAGATAAATTTCCGGCCGCGATTTTTTTATGTTTGCCCCAGCCTTCTAAACTATGCACATTTTCATCCGATAAACGCTGTGAGATTGTCACGTGCTTTTTGCTTAATGGCCCTAAAACTTTGCTATAAAAGATCGAATGAAAAAATTCATGCGCGATAATTCCGGCGTTCACAGAAAT
CP176530.1_gap87	3041748	3044304	2556	GCAGATGAAAGAAATAGAAACGATACTAATAGCGTCGCTTTAAACATTGTGTGCTCCTTGTAGTTTAGAAAACTCAAGAAAGTTTAAACGACAAATTTTCAAAAATCATGCATAAGTATGCATAATCTATTTTTAGAAACACCGTGTACTGTACTTACGTCCAGTCACTTATCGCTGATATAAAAAAACACTATTCGCCTCAACCCTTGTCACTTCTGTTCTGTGTGAAAGACTCGCAGGCCCTAAGCCTTCTTAAGGCCTGCTCATCCCAAGGATTTGGAAAAATGTTTTTGCGTACTTAGTCAGTTGCCTGACTTACAATTAGCCTAATAACTTAAGAGCTAATTGAGTGTTTGTGTTAGCTTGACCCAACACTGAAGTCGCAGCTTGCATAAGAACGTTGTTCTTCGCTAATTCTGTCGACTCTGCTGCGATATCCGCATCTCTGATACGAGAGTTCGCTGCTGCATAGTTCTCCTCAGCTGTCGCTAAGTTCTGAGAAGTCGATTGTAATCTATTTTGAAACGCACCTAAATTTGCGCGCGAAGAGTTCACTCGTGCAATCGCATCATCGACTGCTGCTAAGCTTGTCTGCGCTGACAATTTATCGCCTACGTTTGCATCTACTAGCTGTAATGATTCTAATGTTGCATTAGATTCATCACTTCTAAAGCTGATGCGGTCTAAGTTCGGATCATTCTGAGTACCGATTTGGATATCCAGAACTCCACCTTGTCCATTTAACAGAGGTGTTCCGTTGAATTTTGTACTTTGAGCAATACGCTCCATTTCAGCTTTGAGCTGTTGATACTCTACGTTCGTCAACACGCGCTCTTTATCGCTGATCGTGTCTGAAGCGGCTTGTACGCCCAGCTCACGTAAACGAACTAACATGTTAGCCATTTCACCCAAGCTACCTTCGGCAACTTGAACTAATGAGATACCATCGTTCGCATTTCTGTTGGCTTGTCTAAGGCCGCGCACTTGCGCTTTAATGTTTTCAGAAATCGCCAATCCTGCAGCATCATCTGCGGCTTGGTTAATTCTTGACCCCGATGATAGACGTGCCATCGAAGTGTTCTGTTTAATGCCTAGCGAGTACAGGTTTTTACCTGCATTAATCGCGGCTACGTTGGTTGCAATACGCATCCCCATTTTATCCTCCTTGTAATGTATTCATCCTTGAATGTCCCTTTCCTTGGTAAAGCAGAGTCCGTTCTGCCTAGTTAAACTTACAAAAACTAAAATCTAAAAAATCAAAATCTAAAATTCATTTTAAAAAACTTACGTCACAAAACATGCGTCTATAAAACGCGAGTCTACAAATCACGAGTCAAAAAATCATTTTCAAGACTCAAAATTTATTAGCTCTTCAACAACTGCAACGCGATGTTGGGTTGTTGGTTCGCTTGTGACAACACCGAAGTACCTGCTTGCAGAAGGATATTCTGTTTCGCTAACTCAGTACTTTCATCCGCGATATCCGCATCACGGATACGTGAATTCGCTGTTGCTAAGTTCTCTAAGCTTGTTTGCAATCCTTCAACCGTTGAGTTCAATCGGTTTTGAATCGCACCAAACCCTGCACGCAGCTGGCTCACCTGGTTGATCGCCGAATCGATATTAGCTAAAGAATTCTGTGCCGAAGGCTTATCCAATATGCTTGTTAAATCCAAGCCTAAAGCCGTCGTTCCACCGTCTGCTTGAGCCGTATTAAAACTAATGCGGTCAAACTGCGGCGAATTTCTTACGCCAATTTGGAAGTCTAAAAGTCCGCCGGTTCCATTTAATAACGGAGTTCCGTTAAACTCTGCACTTCCGGTGATGCGATCGATCTCTTCTAATAAATTAGAATACTCGATATTTGCTAAACCACGTTCGCGATCACCAATCGTATCTGATGCTGCTTGCACCCCTAATTCACGTAAACGAATGAGCATGTTACTTACTTCGTTTAATGCACCCTCAGCAGTTTGGATCAGCGAGATACCATCTTGAGCGTTTCTGTTAGCTTGTTTAAGACCTCTCATTTGAGCCTTAATATTTTCTGAAATCGCTAAACCTGCTGCATCATCAGCTGATTTGTTAATGCGGTTTCCTGAAGCCAACCTAGCCATCGCTGTATCCATTTTATTCTTCGTACCATACAACGCTTTTTGTGCATTCAATGCCGTAACATTTGTACCAATTCTTAATCCCATAACTTCCTCCGTGAAGTTGTCCCGGGTTTGACTACTTTGCGAAACTCCTGTCTCACTTCGTCCCACACCGAGGCGGTTTATTTTGAGAATCCATCCTTGAATTCTCAGAATCGTATTACTCTTGTACACTTTTTCGGATCATCCTGAGAAAACTTGAGACACTTGTCTCAACAAAAGCCATTTTTAGCCTTAAGTCTGTCCTGTAATGCAATTAAACACGTCCTGACGAATTTTTTTTCAGATTTCTGGACCTCAAGGCGTAACAGTTTTTTGACCGTTTTTTGGTGACTCTAAGGGTTATGCAGTAGTAATTTCGTATTCCATATATGGAAATACGCGATCCCATTCACGGTAG
CP176530.1_gap88	3047152	3047667	515	AAACATGGCTTTCATTGTCGAAATTTTTTCTAAAGTCACTTCGGGTTTTGGGTGTTCGTCTTTATCAATGATGATCTCACCTTTTTTAGTCACAACTTTTACCGCGGTGATTTCATCTTTGAATAAACCAGCATCTAAAGCTTTTTTATATTTTTGTTGAGTCAGAATTGAATACTCATCACATTGTTGACGAGTAATTCCATACATTTCACCCAGATTTTCAGCGGTGATCGCCATCGGAGTATTTGTATAAGCATCCGTTAAAGCTGATGTCATCGCATCTTCTAATTCAAAGTTACCCATGCGCATACCATCAAATCTAACTTTTCTGGCAACGTAAGGAATTTGCGACATCTGTTCAACACCGCCGGCAAGAACCGCTTGGCCGTGACCCATCAAAATCATTTCAGCGGCATTAGCGATAGCTTGAAAACCGGAACCGCATAAACGATTCACGATGTAAGCGCCGCGATCTACAGGCACTCCTAATTTTAAACCTACGTGACGAGCCACAT
CP176530.1_gap89	3141818	3145517	3699	TGTTTCTGAGCTTGAAGCAAAGATAGCGATTTCTTTAATTCCCGTCTCCATGGCGCCCTTAAGACCGATTTCATTCGGAACAAGTACGCTTGAGTGGAATTTCTTTTGATCAGGATATTTTTTTAACACTAAGTCAGTTAATTCTTTTGAAACAGCCATCTGTGGCACCCACTTAGGTGAAACAAACGCGCCCACTTCAAAAGTTTTTGTACCCGCAGCAATTAGTTTTTCTAAAAGTTCAAAACGTTGCTGTGTAGTTAGAACAGTGGATTCGTTTTGTAATCCATCTCGTAAACCTACCTCAACAATTTTTACTTTTCCTTTTGCCACGTTTAACTCTCTTTTATGAACTGACTATTGCTTTACTAATTTAACAAGAACTGCGCCAACTTGCACTTGGTCATTCACCTTGGCAGAAACACCTTCTACTGTTGTTTCTAAATCAGATTTTAGTGTGTATTCCATTTTCATGGCTTCCATAACTAATAGAGCCTGACCCACTGTGACGCTATCGCCTTCTTTAACAAACACTTTGGTAATTTTACCCGGCATCGGGGCAACAATCACATCTGGTGACGCCGTATTTGATTTTTTACGACGCTGACCTTCAGACGATAAATCAATAATATCATAAGACCATGTTTGATCGCCGGATTTGATCCAAAGAGTTTGACCAACTTTTTCAACTTGAACGTTATCGATCAATTTCATTAGATACCTCTCCAGTGACTTAACCATGGCGAATTTGTTTGGCCAGGAGTTAATGCATTTAATGAACCGGCATCAGCGCCGGCACCACTTGCGATAAATTTTTTGTAGATGTCTTGGCTTAATTTTTTACGCTCGTCTTCGTTATGAGTCGCTTTTAAACCTTCAGCAAAGTTCTTTTCGATAAAACGAGTTGTCATCGTTCCATCAACAAATTCAGGGTGCGATAAAATTTCAATTAAATACGGAATATTCGTGTGAACACCAAACACTGTCGCGTCTTTTAAAACACGAATCATTTTTTCAATCGCACGTGGGCGAGATTCATCCCATACAATCGCTTTAGCAATCATCGGATCGTAGTAAGAAGTGATTGTATCACCTTTTTCAAAACCGAACTCATAACGACGGCGTGGGCCTTCTGGCCAGTGAACTGTTCCAAGTAAGCCTGTTGAAGGAACGCCACCCATATAAGAGTTTTCAGCGTAGATACGGCATTCAATCGAATGACCGCGTGGAATTCTAACTTCGTTATCATTCCATACGAATTGATTTTGCGCTGTTAAGATCTGCATCTTAACTAAATCAACACCAAGAACTTCTTCTGTGACCGGATGTTCTACTTGTAAACGCGTGTTTACTTCTAAAAGATAGAATTTGCCGTCTTGTAATAAAAATTCAACAGTACCTGCGCCTTTGTACTTTCCTAAAGTACCAAGCGTTACAGCCACTTCACCCATTTTGCGACGTAGCTCTTCAGTTAATGAAGGCGATGTGGCTTCTTCGATAATTTTTTGGTGACGACGTTGCACTGAACATTCGCGGTCAAAGAGGTGCATCACTTTTCCAGTGCTATCACCGAAAATTTGAAATTCGATATGTTTGGCGCGATCTAAATATTTTTCTAAGAAAACAACTTCTGAACCGAAAGCAGATTTAGCTTCACGTTGTGCTGATTCAATTTGTTCAGCCGCTTCAGACATTTGTTTAATTAACTTCATACCGCGGCCACCACCACCGGCAGCAGCTTTTACGATCACAGGTAAACCGATCGCTTCAACTTCTTTCATTAAAGTATTTAAAGTTTGATCTTCACCTTCATAACCAGGAACTAGCGGTAAACCTGCTTTTTTAGCTAAGGCTTTACAGCTTACTTTATCACCAAGGGTGCGAATCGCATCCGCAGAAGGACCGATAAATGTTAAACCGGCCTGCTCACACTGTTGAGCGAAGTGTGCGTTTTCAGACAGGAATCCAAAACCTGGGTGAACCGCTTGGGCTCCCATGGCTAAAGCGCCCTGGATATTAGCTTCGATATTTAAATAACTTTCGGCTGTCGGTGCTGGACCGATACAAACCTTATGAGTGGCCATACGGTAAGCACGTGAATTCACATCCGCTTCGGAATGTAAAAGCACAGTTTCTAAGCCAAGCTCTTCGCAGGCTTTAATGATTCGAACGGCAACTTCTCCACGATTGGCAATGGCGACACGAGTGAATTTAGACATAAAAAAGGTATAATATCGTTTTATTCTTTTGTACAATGGTACGTATGAAAATCGGGCTATATTTAGATCAAGTTGCTATGCATATATTGAACAGAGGCATATTCGTCAGCTGTGAGCCCGTGGATCGCATAGAATCTGCTCAGCCGGGTCTTGTGGATGAGCGTTTAAGCGAAGTCGGCATGACTTATCTTGTGTGTGATACCGAAAAAGAGATCCAAGGCAAAGCCAAGCTAGTTGATGCTTTCATCACCACTTACGGTGAACCTGATCCAATTATGCTTGAACATATGGGTTTTAAAGACAAACCTGACAAATTCAAAACAGAATATGCAGGCCTTTTTAAACACCAATTCCCTGAAGACGCCCTGGTTGACGAGACCGAACTGTTTGTCTGTATTTACGAACCTGTAAAAGATAGCTAAATCCTTTTTTACTCGCCCTCAAATTGCATCATATTTATCCAAGTCCCAAATCTCAGGACAGATCGAATATATCTGGTTTAACCTGCTTGCAGGTTTCCACATATCGGCACTGTCTATGGATTTGACACCTAAACTTGGAGATTAGTTACAGTGAATCAAGGTGCTATCAAAAGTTTAATAAATGCAGGGTTGAAACTATTCATTTTAGTTTTAATTCTTTCATCATTCTTTTCTTGCGCTAAAAATTCAGACGGACAGGTTAAGGCCGAAGGCGGTGTCGACGTTGGAAATATGAGTTCTGTTGTTGTGTCAATTCCTCAAACAAAAGTAGTTATCACTGTTTCAGGAAATTGGAATTACTCGATCGAGGGTAATACATTGAAAATTACAAACTCTAATTCTTCTAGCATTTTAGCAAATCGCTCTGAACTAACTCAATTGACGTCTCCGAACCAAGTCGGTTTGGAAAAATATCTTGAGTCTGTTCATACCGATAGAGATTATAAACCGATCGAATTCAATGGAATGAAGGGTGTTATAGCAGAATTCACGGATACTGCTGGAAATCCTCAGTCAGATATTTACCTTATTTCGGAACTTAAAGATTTTGTTCACATTGTTGGTCACTTTAATAAAGATGATGATAGTGCAAGCGACGGTAACAAAATAATTTCAACGGTACGAATTAGGTACAAAGGCACTAAAATTCAAAATACTGCGCCTAAAACAGTTGAGCTGAAAAACTACCGCAAACTGAAAAAGGAAATCGACGATTCAGATATCAAAGATAAACCTTGGACAGGCTATTCTGTACTTGATGAATGTGAAACGGATTATAAAGCTGAGTCTAATCTTTCTAATGGCTGCCAAGGCGTTAAATTAAATTTAGCTTTTTGGGCTTCGGATGACGGATTCATACCAGATCTGTTTCTTGGCGGTGAAGGTCGAATAATCGAATTAGGATCTGCAGATCAAATCCCTTTCGATTCAATTTTCATCGACGGCGAATTTTTAGTTTCACCCGAAATGAAGACCCCAGTTTCTGACATCTATTCAGTATT
CP176530.1_gap90	3332784	3335549	2765	GTGTGTCACTTCACAGCGAACGACGATAAGCATTGTTTACTTCTAATTCGCGAATTAATGAACTTTATCCCATCTAATAACTTAGATGATTCTCCAACTTTAGGAACTAAAGACAGCCCAGACCGTATCGTTGAAGCTTTAAATACTTTAATTCCTGATAACCCGAAAAAACCTTACGACATGCTTCAAGTTATTTCTGAAGTTGTGGATGAAGGTTACTTCTTAGAAGTTCACAAAAACTTCGCGCAAAACGTAATTGTAGGTTACGCGCGTATGAATGGTCGTCCAGTAGGTATCGTTGCCAACCAACCACAAATCTTAGCAGGTTGTTTAAATATCGATGCTTCAAGAAAAGCGGCACGTTTCATCCGTTTCTGTGATGCTTTCAATATTCCAATTATTTCATTCGTTGACGTTCCAGGTTTCTTACCGGGCCGTGATCAAGAATGGAATGGTATTATCACTCACGGTGCAAAACTTCTTTACGCTTACGCTGAGGCGACTGTTCCTAAAATTACAGTGATCACTCGTAAAGCTTACGGTGGTGCTTACATCGTTATGGGTTCTAAATTATTACGCGCTGACGTGAACTTAGCTTACCCTTCTGCAGAAATCGCAGTTATGGGTGCTGAAGGTGCGGTAAATATTATTCACCGTGAAAAAATCGCTAAAGCAGAAAATCCAGCTGCGGAACGCGCAAAATTAACGGCTGAATATGAACAAATGTTCTCGAACCCTTATGTGTCTGCAGATCTTGGTTACACTGATGAAGTGATCGAGCCTGCATTAACTCGTAAACGTATTATTGATTCGTTGGAAATGCTTCGCAATAAACGCGACACTAATCCACCGAAAAAACACGGAAATATTCCTCTGTAGGTTGGGCGTTAAATGAAAACTATGCACTCACACGAAATTTCAACACCACAGAACGCCCCGTTCAAAAAGATTTTAATCGCTAACCGCGGTGAAATCGCAATTCGTGTAACTCGCGCTTGCCGTGAGTTAGGAATTGGAACGGTTGCTGTATTCAGTGATGCTGACCGCGAAAGTTTACACGTATTCTTAGCCGATGAAGCTTACCACATTGGACCAAGCCCATCGAAAGAGAGCTACTTAAACTATAAAAAAATTATCGAAGTTGCTAAAGCCGCAGGTGTTGATGCCATTCACCCTGGTTATGGTTTTTTATCTGAAAATCCGATCTTTGTTCGCGCTTGTAAAGAAGCGGGAATCACATTTATCGGCCCAACTCCTGAAAACATGGAATCAATGGGAGATAAATTATCTGCCAAAGCTTTAATGAAAAAAGCCGGTGTTCCCTTAGTTCCAGGTTCTGATGGCGGTGTAGAAACTGTTGAAGAAGCTTTAGCGATCGTTAAAAAAATCGGTTTACCTATTATTATCAAAGCCACTGCCGGCGGTGGTGGTAAAGGTATGCGCGTTGTACGTCATGAATCAGAAATTGAAAGCGCATTCCGCGCTTGTCGATCTGAAGGTCAAAACTACTTCGCAAATCCTACGGTTTATATCGAAAGATTTATCAACGATCCGAAACATATCGAAATTCAAGTGTTCGGTGATACGCACGGTAACGTTGTTCACTTATTTGAACGCGAATGTTCGGTACAACGTCGTCACCAAAAAATCATCGAAGAATCTCCATCTCCATCTGTTCCGATGGATGTAAAATTAAAAATGGGTGAAGCGGCCGTTCGTGCTGCTAAATCAATTGGTTACGTTGGTGCTGGTACGATCGAATTTATCTTCGATAACCAAACTAAAGAATTCTTCTTCATGGAGATGAACACTCGTCTTCAAGTAGAACACCCGATCACAGAACTTGTTATCGGCGTTGATTTAGTGAAAGAGCAAATCTTTGTCGCTAAGGGACAACCACTTAGCTTTAAACAAGAAAACATCAAACAAAAAGGTCATGCGATCGAAGCACGTATCTGCGCTGAAGATCCAACGACATACAAACCATCTCCGGGACAAATTCGCGCTTGCCGTCATCCGCAAGGCCCGTTCTTACGTATCGATTCATACGCGTACCCTGGTTATGAAGTACCTATTTACTACGATCCAATGATTGCGAAAGTAATTACTTGGGGTGATACACGCGAAGAAGCTATCGATCGTATGCAACGTGCTTTAGCTGAGTTCGTATTAACAGGTATTAAAACAAATATCGTTTTACACAGAACAATCTTAGGACATGAAAAATTCTTAGATGGTTCATACACAACACAGTTCATTGAAAAGAACTTTGAAGTGTTAGAGCCGCAAATGTTCCGTGAAGTAAATGATAAAGTTTTCTTAATCGCTGCAGCGATCACGGCTTTTGAAGACCGCAAATCAAAAGACGTTAGAAGATTCAACGTGCGCTCTAACTGGCGCTCATTAAGCCGCAAGATTGCATTAAGAACGTAAGGATTAACGAATATGTATTTTGAAGCAGAACTACAAGGTAGAAAATATAAAGTCGATGTCCATGAAGAACGTCATTCTTGGAAGGTATCTTTACAACTTGAAGGCCAAGACTGGAAACATTACGACGTTTCTAAAACTGACTTTCAACACGCTGAAGAGTACGTAAGCTTTCTTTTTGAAGGAAAGTCTTACTTAATCGACGTATTAGGGCAAGATACTGAATACACAGTATTCGCACGTAACTCGTTCCGTACGATTAAAATCTTCAATGATGAAATGTTACTTCATGAATCTCTTAAAAAAGGCGGCGGTGCTGGTTCAAATGTTGAATT
CP176530.1_gap91	3338077	3340606	2529	AGATGCCATCATTTCAATAGACCAAGATCAAAATATTATTTTATTCAACGAAGGCGCTGAAAAAATTTTTGGTTACAGCAAAAAAGAAATGATGGGGCAAAAGCTGGATCTTCTTATTCCCGAAAGATTTCACATCGGAGAACGTGGCTCCACCATTTACGGCCGCAGGAAAAATGGCGAAGAATTTCCGGCTGATGCCGCAATCTCGAAAATTGATGTTGGCGGAAGCCAAATTATGACTGTAACTTTGCGTGATATTACAGATCGCGTACGCATTGAAAAAGCCCAACTGTTTTTATCCGAAGTCAGTGCGGCTTTGGCCGAAGGACTTATTTTAGAAAGCACCTTACAACGCTTGGCCGAACTTGTTGTTAAAAATTTATCAGACTTCTGCATTTTAGAAATTGCCTGCGATAATGACGAAGAGTCGCTTCTTAAAATTGTCAGTAAAAAAGTTACTCAAGAAAACAAATGTGAAGACTGCATTAAGTTAGCAGAATTAGTAAAATCTTCTCCAAGTGCTTTTTCGCAGCTTATCTTAAAAAGTAGACACCCGTTCATGATAGAACAGATTCGCGAAGAACATCTGACATTACTTTCAAGTAGCGAAGTGCAGCTGCAAACTTTAAAACATTTACATTTTAATTCGCTTTTATCAGTACCCATGATGGCGCACAATAAATTTATCGGCACTCTCGTGTTAGTCTCGACATCGCCAGAACGGCAGTATCATGATAATGATCTGCGGCTAGCCGAAGAGTTGGCCTCGCGCGCTGCTCTTTCAATTGAGAACTCTCATCTTTATAACCAGGCTAAAAATGCCATCGCTACTCGCGAAGATATACTCGCTGTTGTTTCGCATGATTTAAAAAACCCTTTAACGGCGATTAAACTTATTGGTCAAACGTTGCAGCTATTAGAAGCGCCTGATAAAGCCACCTGCGACCGGCTCGCTGCTAAAATTGAAAGTTCCGCGCGGCAGATGCAGGTTCTTATTGGTGATCTGTTAGATTTTGCTAAAATTGAAAGTGGCACATTTGCAGTCGCACAAAAATCAGAACGTTTGTTGGATGCTGTTCGTGAAACCGTTGAATCTATGCAGGTACAGGCTGAAGCCAAACAGCAAAGTTTAATTAACAACCTTTCTAAAGATTTACCCCGCGTGAACATTGATCTTCCGCGCATCGCACAGGTTGTATCAAACCTTGTCGGTAATGCTCTTAAATTTACGCCGGCTGGAGGCCGCATCAGCATTTCTGCAAAACCACGCAAGTTTGATGTTTTAGTTTCAGTTTCAGATACAGGCACGGGAATTCCTGCAGAAAATTTAGCAAAAATTTTTGATCGTTTCTGGCAAGCTGAGGCCACAAAAAATAAAGGCAGTGGCCTTGGGCTCTCTATCGCCAAGGGTATCGTGCAAGCCCACGGCGGAAAAATCTGGGCTGAAAGTCAGGTGGGTGTAGGAACAACGATTCATTTTACTTTGCCCTTAGCAACCAAGGCTTCTATTGAAAGTGATAACGCTATGTCTAAATCATCACCCTCTGAACCCTTAGACCTTTCACAACCGGTTCTTAAAGGTGCAAAAATCTTAGTTGTTGATGATTCGCCAGATAATTTATTTTTAATAAAACATTTATTAGAAAGTATGGGCGCTGAAGTAACTGTCGCTGAAAGTGTTAAATCAGCTCTATCAAATATTAAATTTTCTATGCCGCATATTTTATTTACTGATATCGAAATGCCTGAAGAGACGGGTTATGACTTACTTTCACAGTTACGTCATTCAACAGATGTGAAAAACAAAACTCTTCCGGTGATTGCGCTGACAGCCCATAGCCATGATCAAGAAATGAGCCGTATAAAAAAAGCGGGCTTTGATTTTTATTTATCAAAGCCCATCAACATAGAAAAAATGATTTCTGCGATATTACAATTTGCGAAGCACTAGTACGTTACGTAATAAGTTAGATCTTGCTTAATAACTCTTGTTTTTTAGCGTCGTACTCAGCTTGTGATAAAGCGCCTGATTGATACAATCTGTGTAAATCTTCAATCGCTTTAGAAACATCTGCCGACTGTGCAGAAATAGAAGATGATGAAACCGAGCCTGCCGCATTTGATACAGTCGTTGCGTCACCAGAAAGTCTGTTAAATAAAACTTTCATTTCTGATTTCCAAACTTGAAAGTAATTTAAATCTGGTGGTTCTTGGTTGATGACAACACTTTCAGCGATCATATCGTGAAGTGTTTGGCGTTTCGCCGTAAATAGATTCATCAGATAACCAATACATAAAACTAAACCCGATAAAATGCTGCAGAAATATCTGATATAGGCTTGTTTTAACGTTAAACGATCGCCCGACTCAGAAAGAACAACCATGCCCATCATGGCTTTACCTGGAGTTCCTTTTAAGGCTGAGGCTTCAAATACCGGTTTATAAACTAAACCTAAAATAATTCCGCCGACGTAAGGAAGTAACATTCCTAAAATCCATGCTGGAATCAGCATAATTAAACCATCTAGA
CP176530.1_gap92	3391749	3392249	500	TAGCTTATTTCGTACTACGGCGGAGCCTACTTTTTTTGAAACTGTTGTGCCGAAATACGCAAGATCATCCTTTGAATCCAATAAAATTAGCGTGAGGTAAGAGGAAGCTCTTACCTTACGACCTTTTTTAGTAATTTCAGTGAATTCAGAGGACAGCTTTATTGGAAAGACTTTAGAATTACTTTCCGCCACGTTTAACTGTTAATTTTTTGCGGCCTTTAGCTCTACGACGAGATAATACTTTTTTACCTTTTTCAGTTTTCATTCTAGCACGGAAACCGTGTTTTTTAGCGCGACGTTTTTTGCTTGGTTGGTATGTACGTTTACTCATAATATCCTCGATTTTTCTTCTTACGACGATTGACGTCTATTGCAAGTTTTTTAAGCTCTTTCAAAAAAGAGAACTCTAGTTAAAACACATCGCGGCGTCATGGTCAACTGTTGAAAACTACCCATCCCTTTGGTAGTTATCCACATTCCGTTAATTGCAAGGGGGGCCA
