gap_id	start	end	length	sequence
CP177355.1_gap1	15445	16853	1408	CCCAAGACCGTCGCCATCCCGACGGCCAGGATCACGACCGGGCTCACTCGCCGAACCCGACGCCCCGGGCGGTCACTCGGATGCGGAGCAGCCGGTCGTGGGACGTGAGGTAGAGCGCGTGCCCGTCGTCGCCGAAGGTGAGGTTGGCGGTCGCCCGCTCGGTCCGGATCGTGCCGAGGTGCGTGCCGTCGGGCGCCAGCAGCAGCACGCCGCCGGGCCCGGTCGCGAAGAGCGTCCCGTCGTCGGCCATCGCCATCCCGTCGGGCAGGCCGGGGTTGGCCTCGCCCACCATCGGCGTCGCGTCGAAGAGCAGGCGGCCCTCGCCGAGCGAGCCGTCCGGCGCGACCGGGTACGCGCGCCAGATCGCCTGGGCCGGGTCCGAGTTGGCGACGTAGAGCGTCCGCTCGTCGGCCGATAGGATGACGCCGTTCGGCCACGTGAGGTCGTCGATGAGGAGGGCGACCGTGCCGTCGGGGTCGACGCGGTAGACGCCGTTGTGCGGCTGCTCTTTGTCGGGCGAGTCGTCCCGCCCCGCCAACCCATACGGCGGGTCGGTGACGAACAGGGCGCCGGACGAATGCAGCGCGAGGTCGTTGGGGCTGTTGAAGCGACGCCCCTCGTAGCCGTCGGCGATCGTCTCCCGGACCCAGGAGCCCGGGATGAGCCGGGTGACGGCGCGCGAGCCGTGGTCGGCGAGCAGCAGGCGGCCCTCGGCGTCCAAGATCAGCCCGTTGCTCCCCACGCTGGCGTCTTGGCCCGGCGCCAGCGCCAGCCCGGACGGGCGCAGGAAGACGCTCAGGCCGTCGGCGTCGGACCACCGCCAGACCGTGTTGCCGGGCACGTCGCTAAACAGCAGGTCCCCCTCGGCCGGCCGCCACACCGGGCCCTCGGACCAGATGAATCCCTCCGCCAGCACCTCTGTCTCGGCATCGTCGGGGACGCGCTCGCGGAAGGCGTCGGAGGGCTGACTGCGTGGACCCGTGTCGGGTTGGGCGAGGGCGCTGGCGGCCAGCAGGCCGGCGACGAAGATGAAACGGCGCATGGCGATTCCGGAGGGCTCGACCGGAGGATAGTGCGCCTGCGGCGTCCCTGTTTATCCGAGGGTTCGGGCCGTCGATACTCGGGCACATGGCACCTTCCCGCCCCGATCGCCTCTTCGGCGGACTGTTCCTCGCTGCCGGCGCGGCGCTCGTCGGCATCGGTGCCGGCGTCGTCCCCGTCGACCCCGGCACGGTCCATGCGCCCGGCTGGGTGCTGGCGCTGTGCGGCGCCGTCTTCGGGATGGGCGGGGTGGCGGTGCTGGCGCACCGATGGCCGGCCGTGCAGTCGGCCGCCGTCGGCGTGATCTGGCTGGCGTTCGGCGTGATCGGCGGGTGGGTGGCGCTGTTCGGCAGCGCCGAGCAGTTCT
CP177355.1_gap2	25444	30002	4558	GGAGTCGGTGTGGGCGGCCCGGAACGCCGGGGCCATCGCGCGGGCGGCGTTGCCCGTCGGCGAGAGGAAGAGGTCGTGGTTGCCGTTGGGGTAGTACCCCGCCCGCCGGTCGACGCTGATGCCGGGCGTGGACGTGTCGGAGCCGAGCACGAACGAGACGGAGCCTTGGGCGTGGGCGGCCGAGGCGAGGAGGAGGAGGGCGAGGCCTGCGAGGTGCCGGGTCATGCGGTCCAACCTACCGGTGACCGGGCACCCGCAACCGGAGGCCGCCCCGCCTCCGGCAATCATCGGGCGGGCACCGATGCCGGAGGCCGTACGTTGGCGTCCCCATGCGCCGCGTCCCCGCCCTGCTCCTGCTGGCCGCCCTCGTCGGTGGCCTTTCCGCGTCCGCCGTCCACGCGGCCGGCCATGCGGCGGACTGGGCGGAGGGGCGCGCGCACCAACTCGCGCACCACGGCAGCGACGGCGCCCAGGCGCCCTGTGTCGACGGGGAGGCCCACGCGCTCGACTGCGCGGTCTGCTCTTGGCTGGGCTCGGCGGTCACTCTCCATGAGACCCCTGCGCTGGCGCTGGCGGACGCCGCCGACGTATCCCCGGAGGCCGTCGTGTTCCGCCCCGAGGGGGTGGCGTGCGCCCCGGCCCGAGGCCCCCCCGCTGTCGCCTAGGTCCGCGCTCGCGGACGGTCTCGCCCGGCGCACGTCGCCGGCTTTGGTTCCCGGCCGCACGTCTGCGGCCCAGCGACAGCTCCCATGGTCTTCCGTCTTCTGGCGGTCGCGCTCGCATTCAGCAGCGCGGCCTCCGCCCAATCCCTCGTCGGCCGCGTGGTCGACGCCGAATCCGACGCCCCGCTCGCGGGCGCCGCCATCCAAGTCCCCGCCCTCGACCGAGGCGCGGCCACCGGTGCCGACGGCACCTTCGAACTCCTCGGCCTCCCGCACGGCGACGTGCGCGTCGTCGTCTCCTTTCTCGGCTACCTCAGCCAGACCCGGACGGTCGCCGTCGGCGCGGGCCCGGCGCGGCTCGACGTGGCGCTGGCGCCCTCGATCGTCGAGTCGCCGGACGTGACGGTGACGGCGCGGGCGCGCGCCTCCGACGTGCTCTCGGTCCCCCAGTCGGTCGCCGTCGTCGACCGGGCCGAGCTCGACCGGGCCGGCGGGGCGACGCCGTTCGAGGCGCTCGACGACCTCGCGGGCGTCCGCCTGCTGGAGACCGGGCCGGGCATCGCCAAGCCGGTCGTCCGCGGGCTCACCTCGCAGCGCGTGCTCATCGTCAACGACGGCGTGCGGCAGGAGGGGCAGGGCTGGGGCGACGAGCACGGGCCCGAAATCGGCGCGGCGGACGTGGACCGAATCGAGGTCGTCCGCGGCCCGCTCAGCCTGCTCTACGGGTCCGACGCGCTGGGCGGGGTCGTGCAGACGACCCCGACGCCGCTCTTCGCACACGAGGGCGAGACGTGGGGGACGGCCACCATCGCCGAGGAGACGGCGGCGCAGCAGACCCAGGGCACGCTCGCCGTCGGCGGGCGCTCCGACGACCTGGCGGGGGAGGTCCGCCTCGGCGGCCTCGGCGCGGCGGCCCTGCGCACGCCCGACGGCCTGATCCCCAACACGGCGCTCGACACCCGCACGGCCTCTGCGCGGTTCGGCGCCCGCATCGGGGAGGGGACGCTGGAGGGTGGCGCAAGCGCGTTCCGCCAGACGATCGGGCTCTTCGAAGCTGAGGACGCCGCCGTCCTCCCTGCGTCGCTCCGCGACCGTGGCGCCATCGCCCTACCGCGCCAGACGGTGGAGCACGACCGCGCCGTGCTCCGGCTCGACCAGCCCCTGGGGGCTGACCGCCTCGACGTCGTCGGCGCCGTGCAGCAGAACCGCCGCCGCGAGTTCGAGGACGAGGAGGGCCCCATCGAGCGCTCCTCGGAGGCCGTCGACGACCCCGCCCTTTTCTTGCGCTTGACGACGGCGACGCTCGACGCGCGCCTGCACCACCGGCCGGTCGGCCGCGTCTTCGGGACGGTCGGCGTCAGCGGCCTGTGGCAACGCAACGAGACGCTCGCCGAGGAGGCGCTCATCCCCGGCGGGACGACGCTCAACGGCGCCGTCTACGTCGCCGAGCAGCTCGTCGCCGGGCCCGTCACCGTCGACGCCGGCGCCCGAGTCGACGTGCGCCAGCTCGACGTGGAGGCGAACGACGACCTGGGTGTCGAGGCCCAGACGCGGTCGTACACGGCCCTGACCGGGGCCGTCGGCGCCGCGTGGCAGGTCGGCGGCGGGCTGTCCGTCGCCGCCAACCTGGGCCGCGCGTTCCGGGCGCCGATCCTCCAGGAGCTGTTCGGGAACGGCGTCCACGAGGGGACGCTCCGGTTCGAGCGCGGGACGGCGACGCTCGCGCCCGAGACGAGCGTCGCGCTCGACGGCGTCGTCCGCTACCTCTCGCCCCACGTCTACGCCGAGGCCGGCGCGTTCCTCAACGTCGTCGACGCCTACATCACGCCGCGAGCGAGCGGCGCGGTCGACCCCGAGAGTGGGTTCCAGATCTACGACTTCGTACAGACCGACGCACGGCTGGCGGGCATCGAGGCGCGCGTCGACGTGCACCCGCACGCCCTGCACGGCCTGGGCCTCCACCTCGCCGGCGACTGGACGCGCGGGACGGAGCGGGCGTCCGGCGACCCGCTCCCGTTCGTCCCCCCGGCCCGCCTCGACGTAGCCGTCGAGTACCAGGTTGAGCGCGCGGGCGTCTTCCGCGATGTCGAGGCGCGCGTCGGCCCGATGCTCGTGGCGGCGCAGGACCGGCCCGAGTTGTCGGACGAGATCCCGACCGCGAGCTACGCCGTGTGGTCGGCCTCCGTCTCGGCGTCGCTGACGGTCGGCGGCGCGGTGCTCACGCCGACGCTGGCGGTCGAGAACATCGGCGACGCGCGCTACGTCGACCCGTTGAGCCGGTACCGCCCGTTCGGCGTCCCGGCGGCCGGGCGGAGCGTGCGGCTGGCGCTGCGGGCGGCGTTCTGAGGCGCCCGGTTTCACCATCGCTCCGCTTTGCCCCCCCGGAGCCGCCCGGTACCTTGCGGGTGCCCCTATAGCTCAGTTGGTTAGAGCAGCGGACTCTTAATCCGCGTGTCCCAGGTTCGAATCCTGGTGGGGGCACCCCAGAAATCGGCCCAAAAATGCCTACAGTGGCAATTTTGGGCCGATTCTGTTTCTAGCCGTGATGCAGCCAAATGCGCCGGAACGCAGCGGAATGTCACGAGTGAGGTAACCACAGCCGTAACCGAGTGTCCCATGTCTACAGACAGCCAGAACGTTCAGGGCGATCCTCAATTCCCGTACTGGGGGCGGTACTGGGCCGGAAACGGTCTGGATGGAGAACCAGCCGACCTCGCCACAACGCTGGCGACTCGTCAGCAACTCTATCTGGTTCTGGCTGCCATCGCGGACATCGAGACTGAACTCTCCCTGTTGCTCCGCGACCATCTAGATGGCGGAGTGGTGCTAGAGAAGCTGATCGACAGTCTCGGCATCGCCCGGTTGCGGCAGTGGTCCCACGCGCTTGACTTGATCAGCGATGAGGTCTCGAACGACATCAACCTCTTGGCCAAGGTCCGCAACCATTTGGCCCACGGGTCAGAGAGGCTGATGTCCGACACAAAGGTTGAGGACACGCTCCTCACCCTGGCGACCACTGCCGGAGATGGGCTGACGATCAACGGCCGCGTCGTGAAGATGATGGTGGACGGCGATTGGCGTCCGTTGACGGCCAAGCGTCTGATTGACACCAGCGGAACATGGGGAGCATTCCTGATGACAGCTCAGCGGGTACTCCAACAATTGTATTTCAGCCGCACCGGCCAACAACCTGGGATTCTCCCGCCGGACGGCTCAGGCTGAGAAAGCCCGCTCCATCTCGGCCCGGACATGATCGGCCGCCGCGTGCGTGTAGATCGCCGTCGTCGTGACGCTCGCGTGGCCCAAGACTTCCTTGATGACGACGCCGGGCACGTTGGCCATCGCCAGCATGGAGCCGCACGAGTGGCGGAGCGAGTGGAACCGCAGGCGGTCGTCCAGCTTCGCCAGCCGAACGAAGTGCTTGAACCGCCGGCTCGTCCGGTTCGGGCCGATCCCGTTGCCGCGCGGTCCGGGGAAGAGCGGGCCGTCGAGCACGTCGCCGCGCGCCTCCCGCTCGGCGTGGAGCCGGCGGATCGCGTCGAGCGCAGGCCCCGCCAGCGGCACGGTGCGTTCGCGCCCGCCCTTCGTCCTGAACCCGTCGGAGTGCCGGACGTGGAGCGACCGGGCGCCGAGGTCTACCCACGACCACCGTGCCGCACACAGCTCGCCAAGCCTGAGCCCTGTGTAGGCCGCGACGAGAATCACGTCTTTGAGCCACAGATTCTCGCCGTCTCTCGCGTGGCCAGACGCCTTGTGGATCGCCGTAGAGGCGTCAATAGCTGCGAGCACCCGGTCAAGGTCCGGCGGCGTCAGGAAGGCTGGTAGGCGCCTCTCCGCCCTCGGTAGTGCAATACCCTTCAATGGGTCCCACCCATCGCTTGGTAGACCGGCCTCGT
CP177355.1_gap3	64992	66088	1096	GGACGGGAGCACGGGCGACGGCGGGGTGTGGGGACGGGAGGATAGCGGAGCGCCTCTTGGGGAGAGGGGACTCCGCGAGCGGGGCCGGGGTCGACGACGCGCAGAGCAGCACAACCGAAGAAGCCCCCTTCGGATGAGGGGGCGGCCGGCAGGCGAGGGGTCTCCGCTTGCGTCAGCCGTCCCGCCCGCGCCACCGTCCCCGCTCTATCCTCCACGCGCACCCCGTCCGTGCCCTCCCCGCACACCGCCACGCTCGCCCGCGCCGACCGATGACGCTTCGTTACACCTGGACCGAGGGCTCGATCCCGCCGCCGGGCCACTACAAGCGCGGCGTCGACCTCGACGGCGTCGACGGGCGCGCGTGGATCAAGGCCGGGTATGGCAGCGCGCCGGTCTTCGACGCCACGTTCACCCTGCGCTCGGACACCCGCGACACGCTCCGGGCCGCGCTCGACGCGGCCGGCGTGTGGGACGAGTGGACGCGCCCCGAGCGCCGCACCATCGGCGGGAGCCACTGGCGCCTGCCCCTCACCGACGGCGACCGCCAACCGACGATCCACAACGACGCGCGGGGCCCGGACGACCGGCACCCCGGCCCGATCGCGGAGGCCATCGAGGCAATCGTGCCGGACGCGCTGTGGTCCGATCTCCGCGCCCAGCGCACCGCGTTTATCGCCGACCGATGACGTTCCCGGCGGTCGTCCGCACCCCGCGTCGCCGGTCCGCCGCCGCGCCGTTTTGGGCGAACGGCGTGCTCTACGGGACGTGGGCGTCGCGCATCCCCGAGATCCAGGCACAGACCGGGCTGGGCGAGGGCGCGCTGGGGCTGGCGCTGCTGGGGCTGGCGGTCGGGCTCGTCGTGTCGGCCTCGGCGGCGGGACCGCTGGTGGCGCGGTGGGGGGCGCACCGGGTGACGCTGGCGGCGCTGGCCGTCTTCGCGGCCGTCGTCGTGGGGCCAGGGCTGGCGAGCGGGTTCGGGTCGCTGGGGCTCGCGCTCGTCGGGCTGGGGCTCGCAAGCGGGCTCCTGGATGTAGCGATGAACGCGTGGGCCGCCGAGGTCGAGACCGCCGACGGGGCGACGATCCTGGGCGCGTGC
CP177355.1_gap4	188393	192120	3727	CCGGCGCGGGCGGCCCGAGCGGCGGGCGGCCGCGGCGGCGGCCGTCGGCGGGACGTAGGCCTGGAGGTCGCCGCGCACGATGCCCGAGGCGTCGTGGATGCAGCGGTCGCAGATGTAGACGTCGGGCCCGGCCACCATCGAGGTGACCTCGTGGGCGGTGCGGCTGCAGAAGGAGCAGCGGATGACGTCGTCGCCGCCGGTGGGCATGGCGTGGGTCTCGGGTGCGCCGAGAATGTAGACCCTCGGCGGCGCACGGTCGGGCTCCCCGAGGACGTGGGGGTTATCGAGCGTCCCGGCGTGGGCTTCAGGCTCCGGTCGCCGGAGTGCTGCGTATAGCTCTTGGCTGCGGGCTTGCGGTCAGCTCGCCCCCCACTCCGAAGGCCGTGACCGAGCCCCTTTGTCATCCCGAGCGAGCGCAGCGAGTCGATGGACCTCAGCCGAGCACGGCCCGACTCCAGCGCGGACGGGACGCGGTGCGCGACGGGGATCCCAAGATGCCAAGTTGGGTTGAGCCAGGACTCGGCGGCCCTGGTGTACCGGAGGGAACGGCCTTGGCTCGGTCGGCGCAAGAGGGGGGCTGGCGCCAGCAGGTCTGGCATCCGGGGCGCACGGCCCGCCGGGTATCTTCGGCCGCGCACGCCCCCGACGCCCATGAAGCCGACCCTCGCCGCCCTCGCCCTCGTCCTCGCGCTCGGCGCCTGTCAGCTCTCCGGCGACGCCGCCGACGGCCCCTCGCCGACCGCCACGACGGACGGGCTCGCGGCCGCCAACGCCGCCGACTCCGTCCTGCTCGACAAGCTGGCGCAGTACACGACGGTTCGCCTGACCTCCGACCTGTCGGGCCTGAGCGACTCGACGCGCGCGATGCTGCCGCACCTCATCGCCGCGGCGCGCGCCATGGACGACGTGTTCTGGCAGCAAACGTATGGCGACCGCGACTCGCTGCTCGCGGGCCTGTCGCCCCCCGCCCGGCGCTACGTCGAGGTCAACTACGGGCCGTACGACCGGCTCGACGGCGACGCGGCGTTCCTGCCGGGCGTGCCCGCCAAGGCGCCGGGCGCCAACCTCTACCCGGCCGGCTTGGGCAAAGACGAGCTGCTGGCGGCCGCCGACCTCTACCCGGAGCGCAATCTGACCGGGCTGTACACCGTCGTCCGCCGCGACGAGGCGGGGCAGTTGCAGGGCGTGCCGTACCACCAGGCGTTCGCCAGCGCCCACGAGACGGCCGCGCGGCACCTGCGGGCGGCGGCCGACCTCGCCCAAGACCCCGGTCTGGAGACCTTTCTCCGCCTGCGCGCCGACGCGCTCCTCACCGACGACTACCGCGCCAGCGACCTCGCGTGGATGGACATGCGGACGAACCCGCTCGACATCGTGATCGGGCCCATCGAGACGTACGAGGACGGGCTGGCGGGCTTCAAGGCGGCGCACGAGGCGTTCGTGCTCGTCAAGGACCAGGCGTGGAGCGCGCGGCTGAGCGCCTACGCGGCGCTCTTGCCCGAGCTTCAGCGCGGCCTGCCCGTCGACAGCATTTACCGCGCCGAGTCGCCCGGCGCAGACGCCGACCTGGGGGCCTACGACGTGGTGTTCGTGGCTGGCGACGCCAACTCGGGCTCGAAGACGATCGCCATCAACCTGCCGAATGACGAGTCGGTGCAGCTCGAAAAGGGCTCGCGACGGCTCCAGCTCCAGAACGTGATGCGGGCCAAGTTCGACCGCATCCTGGTCCCCATCGCCGACGTGCTGCTCCCCGACGATCAGCGCCAGCTCGTGACGTTCGAGGCCTTTTTCGGCAACACCATGTTCCACGAGGTGGCGCACGGGCTGGGCATCAAGACCACCGTCGACGGGCGCGGGACGGTCCGCGAGGCGCTGCAGGACCGCGCGAGCGCGCTCGAAGAGGGGAAGGCCGACGTGCTGGGCCTCTACATGGTGCAGCAGCTGATCGCGCGCGGCGACTGGGCCGAGGCCTCGCTCGACGAGCACTACGTGACGTTTGTGGCCTCCATCTTCCGCTCCATCCGCTTCGGCGCGTCGAGCGCGCACGGCCGAGCCAACCTGGTGCGGTTCAACTTTTTCCGCGAGCAGGGCGCCATCGAGCCCGAGGCCACGTCCGACGGGCAGGTCTGGCGCGTGGTCCCGGCGCGGATGGGCCCGGCCATCGAGGCGCTCGCGCGCCGGATCCTGACGCTGCAGGGCGACGGCGACTACGACACCGTCGACGCCTTCGTGCAGCAGTACGGCCGGATGTCGCCCGCGCTCTCGGAGAGCCTGGACCGCGTCGCCGACGCGGGCATCCCGGTCGACGTCGTCTTCGAGCAGGGCGAGGCCGTGCTCGGGCTGGAGCCCGTCGACGGTGAGTAACGGGTGAGAGGCGACGGGGCTCTCCCCACGCCTCGTCCCCACGTCCGACCTTCCCCGTCCCCCGCCCTGCTCGCCCGTGCTCCTCTCCGACCTCACCGTCATCGTCCCGACGAAAGACGAGGCCGCCAACATCGGCCCGTTCCTCGACTCTATCGACCCGGCCGTCGGGCTCGTAGTCGTGGACGCCAGCGACGACGACACGCGCGACATCATCCGTGCCCGGCGCCCGCCGGCCGTCGTCATCGAGGATCGGGGCTCGATCCCCATCGCGAGGCAGATCGGGCTGGAGGCGGCCACGACGGAGTGGGTCCTCTTTACCGACGCCGACATGTCGTTCGGCGACGACTACTGGACCGGCTGGCAGGCCCTCGACCTCGGGCCGAAGGTCGGCGCGGTGCAGGGCGCCAAGCTCTCCGCCGACGACGACTACCGGCTCTACTACAAGCTGTTCTCGTTCGGCATCCGCGCCATGTCGTGGCTGACGGTCCCGGCGGGCTCGGGCTCGAACATGCTCTTCCGCCGGACGGCCCTCCTCGACGCGGGCGGCTTCGACCCGGCGCTGACGGCGAACGAGGACATCTACGCGCTGTGGAGCGTCCGGAAGGCGGGCTGGCGGGTGACGTTCGCGGGCGGCCTCAAGGTCTACGAGCGCGACCACCGCCGCCTCGACCAGGGCCGCGTCAAGAAGACGCTCCACGGCTGGATCCGCCCGCTCATGCTGTTCACCGGGCTCGGCGGCGACCGCGTCCGGAAGTCGAGCTGGGGGTACTGGAAAAACGAGGAGTGAGGGGTCCGGGTCTGCCTCGGCGCCAAGGTGGGGGCGACGGAGCCTCCCTCCTGGACAACGCGAAGCGTCGGCGCAGCCAAGAGGGGTTGGGAGTAGTAGACGATGGGGCTGTGACGCTCGCTCGCCCCCCTCACCCCGTCCCTCTCCCGTGGGGAGAAGGGACGCCGTAGGGTCCGCCGCGACCTATCCGCACGAACCCAACCAAGGACTCACGGGCCTGCCGCCTTGCGCAAGCGGGCCTCGTCGAGGTCCTGCTGGCGGCCGCGCCAGAGCGGGTCGCCGTCAGGCGCCGTGCGGCGGTCGCAGTAGACCTCGACGCGCGTGCCCTCGGGGTCGTGGAAGTACGCCTGCCACGCGATCTGCGCGTCCTGCAGGTCCACCTCCCCGCCTCGCTCGCGGACGCGATCGACGACCGCCAGCAGTTCGGCCGGCGTCTCGGCCTCCCACGCGAAGTGGTCGAACCGGCCGGTCGGGCCCGGCGCGGAGCCCCCCGCCTTCGCGGGGGCAGGCTTGCGCGCTTGGCGGAGCACGAGCCGGTGGTGCATTCCGTCAGCCGCGCCCTCAGGGATGGGCGCG
CP177355.1_gap5	255950	258214	2264	GTGAGGTCGTCGGCGGCCTCCTCTTCGAGCACCTTCGCGATCCCGAAGTCGAGGAGCTTGACTCGGGGCCCGCTTGCGGTGTCGGCCACCAGGAGGTTGCTGGGCTTGAGGTCGCGGTGGACGACCAGGCGCTGGTGGGCGTAGGCGACGGCCTCGCAGGCATCCGCCACGAGCCGGAGCCGGGCCTCGACGCCGAGCCGGCGGCGGTCGCAGTAGTCCGTGATCGGCTCGCCCTCGACGTACTCCATGGCGAGGTACGGCCGCCCGTCCGCCCCCACCCCGCCGTCGACCAGCCGGGCGATGCCGGGGTGCTCGAGCCGCGCCAGGATGCGTCGCTCGGCCTGGAAGCGGCGGAGCACGGCGTCGGTGTCCATCCCGCGCTTGATGAGCTTGAGCGCGACGGCCTGCTCGAACCCCTCGGCGCGCTCGGCGCGGTAGACGGTGCCCATCCCGCCGACGCCGAGGTGCTCGGCCACGCGCCACGCGCCGACGCGCTGCCCGGCGAGGGCGCCCTCGCCGTAGAGCGCCGCCAGGGCCCGCCCCCCGAGCACCGGGGCCGGGGCGGCGTCGGCGTCGAGCAGCGCCGCGACGCGGTCGAAGAGGGCGTCGTCGGCGCCGCACTGCTCGCGGAGCCACGCCTGGCGCGCGTCGGGCGCGTGGCGCAACGCCTCCTCGAACAGGGTCTCGATCCGAGTCCAGGGGACGGGGGGCATGGGGTCGAGGGGTGTGGTGGGAAAGGCGCTCGGCGCGTGGGCTCGTCGTGCGGGTCTCGACCCGTCGCCCCCGCCCGAGCGCTTGAGCCCGCGCGCCGGGCCCCGGTCAGATGTCCTCGCCGAGGGCGACGGTCAGCCACGCCCGCGCCATCCGCCAGTCGCGGCGGACCGTGGCCTCGGAGACGCCGAGGGCCTCGGCGATCTCGGGCTGGGTGAGGCCCCCGAAAAACCACATCTCGACGACGCGCGCGGGCCGCTCGGCCGTCGCCGCGAGCCGGTCGAGCGCCTCGTCGAGGGCGAGGAGTTCGTCGGGCCGCGTCTCCCGAGCCACACCGTCGTCGATCAGGGTGACCGCGTCGGCGCCGCCGCCGCGCTTGTCAGCCGACCGCGCCCGGGCGTAGCTGATCAGGATGTGGCGCATGGTGACCGCGGCGACCCCGAAAAAGTGGGCGCGGTTCTCCCACGGCGTGCCCTCCTGGCGGGCGAGGCGGAGGTAGGCCTCGTGGACGAGCGCGTTCGTGTCGAGCGTGTGGTCGGCGCGCTCGCCCAGGAGGTGCCGGTGCGCAATCGCCTCGAGGTCCGGGTAGACCACCTCCACGAGCTGGTCGACCACGTCCCGGTCGCCGAGGTCGACGCGGTTAAGCAGACGGGTGATGTCGGCGGTCGAAGGCATGGAGGGGGGACGCTCCGCGCAAGCTACCGATGCCCCGGAACGACCACGGCCTCCCGAAGCGCCGGCCATTTTTCTCCGCGAGCCGTGACCGGTTGCGCGCAGGTCCTGCGCGACTAGAGTGACGGCCGGGACGTGATCCGCCTCTCGGCTCGACAGCCCGCCTCTGTGGCACGGCGCCCAAGGCCGGTGCGGGCTCACACCTGTTGGTAACCGGGCTCAACCCCTGGACGGCACGTCGTCTGGTTTCCAACGCGGCCGGCTCCTCCGGGGGCTGGCCGCGTCGTGTGTGGGGCGGGGACGACACAGACCCGGGAGGACGGCGACATCCGCAAGGCGGCCGTCGAGGCGCTCCGCCAGCACGCCGCCCTCACGGCCTCGACGCCGCCTACGCACTGGCCAGCCACCCCCAGCTCCGCGAGCGACTCGGCTTCCTCGAACGCTCCTAAGCCTTGCCCGGAATCCTCCGGACCTGTCATCCTGAGCGGAGCGAAGGATCTCAGCATGGGGATTGACGCCCAACAGAGCAGGATTCGAGGGCCGGATGTAGCGGCGTCGGGATCCTCCGCGGACGCTCAGGATGACACGCTGGCGTTTCAGCCCAGCACCTCGCAAAACAACAGGACGGGACGTCCCATCGCGGACAGGCGCCAGCCCTCCCCCGCCTCCACCCCGCTGCGCGGAGCGGGGGCTCCCGGAGATCGGCGCGAGCGCGGCGTTTTCCGTTGACCGCCGCCCGTGCCAGACCCTACGTTGGCGCCATGTTTGCAGTCGACCACGTTCTCGTCTCCGACGCCGTCCTGGACGCGCCCTTCGCGTGTCACCTCGGCTCGTGCTTCGGCGCGTGCTGCGTCCACGGCGACCAGGGCGCCCCGCTCGAC
CP177355.1_gap6	311376	314959	3583	ACGGGCTCGGCGCGCACACCGCCGCGTGCGGCGCGGGCCCCGGCAACACGCCGCCGTCCTTTACGGCCTCGCTGGCCGACCAGACGATCCCGGCTGGCGCGGCGTTCGCGTTCGACTACGACGCGACCGACGCCGACGGGGACGCGCTGACGTTCGCGCTCGCCGAGGGCCCCGTCGGCGCCACGCTCGACCCGGTCACGGGCGAGTTCGCCTGGACGCCGGCCGACGCCGACCAGGGCCAGGCGGTCGCCGTCACGGTGACGGTCACCGACCGGACGGCGACGACCTCCACCTCCGCGACGCTGACCGTGGTCTCGGACGGGCCCGGCAGCCGCGTCTTCTTCTCGGAGTACGTCGAGGGCAGCTCGAACAACAAGGCCCTCGAGATCCTGAACGCGACCGGCGGGCCGGTCGACCTCTCGGCCTACACGGTCGAGCTGTACTTCAACGGCGCGACGTCGCCGGGCCGGACGGAGACGCTCGCGGGCACGCTCGCGGCGGGCGACGTGTACGTGATCGCGAACGCGTCGGCGGACCCGGCGATTCTGGCCGCCGCCGACATCACCTCGACGGTCACGTTCTTCAACGGCGACGACGCCATCGTGCTTCGCGGCCCGGGCGGGATCGCCGACGCGATCGGGCAGGTCGGCAACGACCCGGGCTCCCAGTGGGGCTCCGGCGACACGTCGACGGCGAACGCCACGCTCCGCCGCAAGGCGGACTCGTGTGAGGGCGACGCGCTGGCGACCGACGCGTTCGACCCGGACACGCGCTACGACGGGCTCGCAAACGACACGTTCGACGGGCTCGGCTCGTACGACGGGACGTGCCTCGACGGCGGCGGCGGGGGCACCGGCGCGCCGGCGTTTACGGCCGCGCTCCCGGACGCCTTCGTCGACGGCGGGACGCCCATCGCGTTCGACTACGACGCCGAAGACCCCGAGGGCGACCCGGTCACGTTCGCCCTCATCGACGGGCCGGCCGGCGCCACGATCGACCCGGCGACCGGCGTGTTCGCCTGGACGACCTCGACGACCGGCGTCTACGCCGTGACCGTCTCGGCCACCGACGGCACCGCGTCGGCCACGACCACGGCGGTCGTCGGCGTCCGCGGCACGCTGTTCCCCGGGCAGAGCGGCGCCGAGCTGCGCGCCTCGATCCGGGCGGCCTACACGCCCGACCTGACGCTGGGCTACGGGCCCGCCCGCGACGTGATGTACGGCGAGATCGACCGGCAGCCCGACGGGACCGTCGCCGGCGTCTACACCGGGTACTCGGTGTTCCTGCCCGACGGCGTGGACCCGAGCACGTACCTGTTCCAGAACGGGATCAACGCCGAGCACACGTGGCCGCAGTCGAAGGGCGCCGGCGACGAGCCGGGCCGGAGCGACATCCACAACCTGTTCCCGGCCAAGGACAACGTGAACTCGGCCCGGAGCAACAAGCCGCTCGTCGAGATCGACGACGCCCAGACCGACGTGTGGTACCGGTTCACCACGTCGACCACGACGCCGCCGGCGACCGACCGCGACAGCTACAGCGAGTCGACCGTGTTCGGGTTCGAGCCGCGCGAGGTCCACGAGGGGAATGCGGCGCGGGCCGGCGTCTACTTCTACACGATCTACGAGGCGCTCGCCGACCTCCCGTTCCTGCTCGAGCAGCGCGACGCGTTCGTGGCCTGGGACGAGACGGACCCGGCGGACATCGCCGAGGTCGTCCGGACGTACGAGATCGCGCGCCGCCAGGGGAACGTCAACCCGTTCCTGCTCGACGACACGCTCCTCGACCGGGCCGTCTCGGACATCGTGCCGCCGACGCCCGACGAGGTCACGATTGCCGAGGCCCGCCAGCGCTCCGACGGCGACCTGGTGGCCGTCGAGGGCGTGGTGACGAGGGCCGAGGGCCGGTTCACCCGGTTCGAGGACGGCGGCGTCGGCCTCACCGTCTTCCAGTCCTCGGGCGCGGTCCGCGCGGCCGTCGAGGACGGGACGATCGCCGAGGGCGACACGCTCCGCATCGTCGGCACGATGGCGACGTTCAACGGGCTCCGCCAGATCAACCCCTCGGCGTTCGAGGTGCTCTCGCGCGGGAACGACCTCCCGACGCCACAGCCCGTCACGCTCGCCGAGCTCGTCGCGAACGGCGAGGCGTACGAGAGCGAGCTCGTCCGGATCGACGGGCTGACCGTCCTCACGGAGGACGCCGTGTTCGCGGCGAACCGCTCGTACACGGTGACCGACGGCGTGACCGAGGTCACGCTCCGGACGCCGTCCGCCGACGACGGCCTGCTCGACGGGACGGCCGTCCCGACCGGCACCGTTTCGTTCGTTGGCGTGATCGGCGAGTTCCGGGGCGACTACCAGCTCGTGCCGGTCCTGGAGACGGACCTCCGCGACGACACGGCCCCGGAGCTGGTGCTCGCCGCCGGGCCGTTCGTGCTCACCCCGCCGAACCACCGGCTCGTCCGGTTCGAGGCGGCCGACGTGGTCGCCTCGGTGACCGACGGCGGCGCCGCGCTCGACCCGGCCTCGGTCGTCGTCGTCTCGGTCTCGAGCGACGAGCCGGCCGACGGCAGCGGCGACGGCTCGACCGGGACGGACATCATGGTCGGGTGCGACGGGTTCGAGGTCCGGGCCGAGCGGTCCGGGCGCGGCGACGGCCGCGTGTACACGGTGACACTGGCCGTGGCCGACCTCGCCGGAAACGTCGGGACGGCCTCGTTCACGATCGGCGTCCCGAAGGGCCGGAAGGACGCCGTCGACAGCGGCGTGGCCTACACCGTCGAGTCCGGCTGCTCGCCCATCGCGGCCCCGGCGGCGGCGATGGTGGCCGCGGCGGCCCCGAGTGCGGCGGCCCGCGTGGCGGACGCAGTGACCTCGCTCGACGCGAACGCGCCGAACCCGTTCTCGACGTCGACCGACGTCTGGTTCTCGCTCGCCGAGGCGGGCGGAGTCCGGCTGGCGGTGTACGACGTGACGGGCCGCGAGGTGGCCGTGCTGGCGTCGGGCGAGACGCCGGCCGGGACGCACCGCGTGACGTGGCGTCCGGCCGGTCTGGCCGGCGGCGTGTACCTGGTGCGGATGACGGCCGGGTCGTTCTCGGCCACGCGTCAGGTGCTGCTCGTCCGGTAGCTCCGGGATTCTAGACAGGCTCAGGGCCCCCGCCGAGACGTCTCGGCGGGGGCTTTTTTTGTCAAGGCAGGATGGCCGGCCGGAGGGGGCGACAGGCGACGCACGGCTCGATCCCGGCTGGGATCGGGGGCGGGCCGCCGGGGGGTGCGGAGACCCAAACCGCCGGGCAGATGCAACAAAATTAACAGGCCCCGTACGGGCCGGGGGTCCACTCCCCCCCTCCTCCCATGCTGAAGTCCCTCCTCTCCGCCGGCCTGCTCGGCGCGCTCGCCCTCTCCGCTCCCGCCGCCCTGGCCCAGCCCGGCCCCACCGACGACCTCGACGCCGCCATCGAGGCCGGCGACGCCGACTGGACGGCCCGCGTGAGTGACCGCCTGGTCGCCGAGATCGAATCCGCCGACGCCGACGTGCGGGCCGCCGCGCTCCACACGGTCGCCTCGATGGCCGTCGCC
CP177355.1_gap7	326386	327437	1051	AGCTCGCCGAGCCACCGCTGGACGGCGCGCCACGGGCCCAACGTGTGCGACGACGACGGGCCGACGCCGATCTTGAGCATGTCGAAGACGCTGAGGGCTTCGGCGTCGAGGGCGGGGGTCTCCATGCCGCAAGGTCGCGCGATCGGGCTCTCTCCGCTCGCGGGGAAATGGGAAAGGGGGACGGGGAACGAGCAGAGGAATGGCGGCCACCCCTCGGCTTTGCTGGCGGGGCCGCTCCTGCAATGGCGCCGGCCAGCCTCGGCATGCGGTGCTCGGTAGGGGCGATCCGGCGGGTCGCCCGTACGGCAGGGGTGCGGCTGTCGGTCAGCCCAGCACGGCCGCGGCGTCCACGCGCTCGGGGAGGGGCCCGACGCGCGCCAGCTTGAGGGCGGCCATCCGGCCCCCGGCGCTCGCGCACTCGGGCGGCGCGAATCCCGCCAGCCACGCGGCCAGGAAGCCCGACCAGAAGGCGTCGCCCGCGCCCGTCGCGTCGACGGCGTCGACGGGCTCGGCGGCGACCTCGACGGAGCCGCCCTCCCAGACGACGAGCGCGCCGTCGGCGCCGCGCGTCAGGCAGACGAGGGAGGCGCCGAGCCCGCGCAGGCGGTCGGCAGCGGCGGTGTCGCTGGCGGGATCGTCGCCCCACAGGCGCGCGAGGTCGTCGCGGCTGCACTTGACGAGCGGGGCGAGGGCCAGGAACTGCCGCGCGGCCGCCTGTTGCTCGGCCCGGCGGGCTGGCGTCTTGGGCGCGAAATTGACGTCGATGGACAGCGCCAGCCCCAGCTCGACGGCGCGCGCGGCGGCGGCCAGGAGCGTCCCGCGCGAGGGCTCGCGGCTGAGCGCGAAGCCGGAGGTGTGGAAGAGGCGCGCGTGGCGGAGCAGGCGGTCCGGGAGCTGGTCCGGGCGCAAGTCGCGGTCGGCCATGCGGTAGACCGCGAAGTCGGGCGTGCCGGCCGACCGGGCGACGGTCACGACGCTCGTGGGGCGGTCCGCGCGCGCCGCAAAGCGGGCGTCGACGCCGACGGACAGGACCTCGCGCTCGAGAAAGCGG
CP177355.1_gap8	347236	349090	1854	GGGATCCACCAGAACTGGGCCCACTCGGCGAGGGGCAGCGCGGCGCGGTCGGACAGGAAGCCGTTGTAGACCTGCCCGGCCACCTGCGCGCCGATCAGCATCCCGACGCCATACGTGACGAGCACGAGCAGCCCCTGCGCCTGTCCGCGTACGGCCGGCGTGCTCTTTTTCTCGACGTAGATCTGGCCCGTCACGAAGAAGAAGTCGTAGCAGATGCCGTGCAGCGCGATGCCGCCGACGATCATCCACGTCACCGACGCGGGCGCGGCGAGCGCGAAGAGCGCGTAGCGGATCACCCACGCCAGCATCCCCGCCGCCAGCATCCACTTGACGCCCCACCGCACGAACAGCAGCGGCATCAGCAACATGAACAGCACCTCGGAGACCTGCCCCAGCGACTGCGTCGCGGCGATGTTCTCGAAGCCCGTCGCCCCGAGGAAGAGCTGGGTGAAGTTGTAGTACGCCGCGAGCGGGATGCAGATCAGGAAGCTGGCGGCCAGGAAGATGTAGAACGGCCGGCTCCCGAGCTGTTTGAAGGCGTCGACGCCGGCGATCGAGCGCAGCGACACCGGCTGGCCCTTGGCGACCGGCGGCGTGTTCGGGAGCGTGAACGAGAACAGGCCCAGCACGATCGACCCGATGCCGGTCAGGTACAGCGGCCACGCCGTCGCCTCGGCGGACTCGACACCGAGCACGGGCGACAGCACGAACGAGATCGCCAGCCCGGCCACGATCCAGCCCAGCGTCCCGAAGACGCGGATGATGGGGAACTCCTTTTCCTGGTCCTCGAGTTGCTCGAACGCGATCGTGTTCGACAGCCCCAGCGTCGGCATGTAGCACAGGTTGTACGCCAGCAGGGCCAGGATGAACAGCGTCGGGCTCCCAATGAGCGACGGGGCCGCCAGCATGAACACGCCGCCCAGCAGGTGCAGCACGCCGAACACGTTCTGGGCCGCGAAGTAACGGTCGGCCACGAGCCCCAGGAAGAACGGCGCGATGATGGCCGCGAGCGGGTTCACGGTGTACGGCCAGTGCGTGAGGTCGCCGAGCCCCTCGGCGGCCATGTAGACGGCGACCGTCGTGTACCACGCCCCCCAGACGAAGAACTCCAAGAACATCATCGTGCTCAGCCGAGCCTTGATCGCGGTCATGCGTGCGTGGGGTTAAAGGGTGCGGATTCGGACGCGCCGGACCCGGAGCGTGTCGCCGTGGTCCTGGAGCCCGACGAAGCCGGCGCGGCGCGTGCCGTAGCCAGGGAAGGCGTCGCCGTCGCGGAACTTGCTGACGGCGATCCGGGCGTCCCAGTCGGCCGAGCCCTGGACGGCTTGGACGACGGTCCGGCCGTCGAGCACGTGCGTGATCCGGTCGCCGTCGGCGACGATGCGGGTCGTGTGCCACGCGCCGCCCTCCGTCGGCGCGTCCGTCTCGGGCGTGTACAGGTCGTAGATCCCGCCGGCGCGGTGGCTGGGGTATTTGCCATCCGGGTGGCAGGTGTCGTCGAGGATCTGGGACTCGAGCGAGGTCCGCCAGATGGGCGCGAGCGCGGGGTCCTCCTCGCCCCGGTAGAAGATGCCCGAGTTGCCGCACGGCTGGACCCACCACTCGACTTCGAGCTCGAAGTCGGCGTACGGCCCGCCGGGCGCGACGAGGTCGCCGTCCCAGTCGCCTTCGGGCGTCAGCGTCATCACGCCGTCGACGACGGACCACTTCGGGGAGCGGTCGGCCGTCGCGTAGCCGTGCCAGCCGTCGAGCGTGGCGCCATCGAAGAGGTCGACCCAGCCGGCCTCGGCGGGTGTTCGGCCACTGGCATTGGCTCCATCCGCGCCGCCGATCTGGCCGCAGGCCGCGAGGAGG
CP177355.1_gap9	395540	398052	2512	GCTCCGCTCGCCCTCGCCCTGCTCGTCGTCGGGGTCCACGCCCAGACGACCCCGCTCTACGCCACGCTCGACCTCCGCGAGCCGCTGGCAGCGGGCTGGGTCGACGACGGCGAGCCGGTCGGCTTGCGCGGCAGCGTCGCCCCGCTCTCGTGGGGCGCCACCACGCCCGCCACCGACCCCGACGGCGACGGCCTCTACCAGCTCGCCGTCCCGTTCATGGTCCCCGAGGGCGGGCTCCGCGTCGAGCTCAAGATCAAGGTGGACGACGGTGACGGCGACGCGCCCAACGACGGGTGGCAGGAGGGCGCCAACCACGCCGTCGAGCTAACCGCAGGCGTGGGCGCTGGGCTGATGCTCCGGTGGTCGGCGCGGCCTGTCGCCCCGCCGTCGAGCATCACCGGGCGGATCGACACGATGCCCGCCGTCGAGGGCGCCGGGCTGGCCCCGCGCGACGTCTACGTCTGGCTCCCCCCGGGCTACGCCGACACCGACGCCCGCTACCCCGTGCTCTACCTCCACGACGGCGCGGGCGTGTTCGGGACCGAGGCCGGATCCGAGTGGGGCATGGACGAGGCCGCGACCGCGCTCATCGAGGCCGGCGAGATCGAGCCGCTGATCATCGTCGCCGTCTCGAACACCGACCGCCGCACCGACGAGTACACGCCGACCGTCCACACCTGGACGCAGACCGCCCTCCGCATCCGGCCGCCGACCGCCGACGGCCCGCTCGGCGCCATCACCGGCGCCTACGCCATCGGCCCCGACTCGCTCGTGATCGCCCTGCGCGACGGGGCGCTCGTGCTCGATCCGCCCGGGACGGAGCGGTCGGTCCCGATGGTCGCCGGCGACGACGGGACGTACACGATGCCCGGCGACCCGACGACGCTGTCGTTCCCCGCCGCCGCCGACGGGACGGTCGCGCGCGTCGTCGCCACGCGCCCGCCGGCGGGCGGGCTCGGCGACACCTACGGCCGGTTCCTCATCGACGTGCTCAAGCCCCAGGTCGACGAGCTGTTCCGGACGCGCCCCGAGGCGGCCCATACCGGCTTGGGCGGCGCGTCGCTCGGCGGCCTGATCACGATGCACCTCGGCGCCACGCGGCCCGACGTGTTCGGGCGTCTGTTGGTTGCCTCCCCGTCCGTCTGGTGGGACGACAAGGTGCTGCTCCGGACCGTCGCGGACGCGACGCCGTCGCCCGGCCAGCGCGTCTGGGTCGACATCGGCACTGAGGAGGGCGGCTCGATGGTCCCCGACGCGCGGCGGCTGGCGGCGCTGCTCGTCGAGACCGGATGGGACGCCGCGCTCGTCCGCTTCGTCGAGGCCCCAGGCGCCGGCCACGACACGGGCGCGTGGCAGGCGCGGGCGCCGGACATGCTGCGCTTCCTCTTCCCCGCCGAGTAGTCCGCCCCGGACCCGAGGCCGAGTTACTCCGCCAGCCCGACCTCGACGAGGAGCGCCTGGTACCGGGGGTCTGCGCGGAGCCCTTCAAAGACCGGCCCGACCCTCATCATCCGGACGAACCAGCTCCGCTCGGCGTGGGCCTGCTCGAGGAGGGGGAACACCCGGTCCGTCTCGCCGAGCGCGTCGTGGACCACGGCCCGCAAGAACGGCGAGACGTAGCGGTCGTCCGCGAGCGCCTCCAGCTCGGCCAAGACGGCCCGGGCCTCGGCGCGCCGCCCGAGCCCCGCGAGCGCCCGCGCCCGCGTGCTCAGCGCGTCGGGGTCCGCCCGCTCAGGATCGGCGCGGTCGAGGGCCGCCAGACTCTCGCGGTAGTCCCCCGTGCCCAACAGCACCAGCCCGGCGAACAGATCGGCCGCGGGGTAGGGCCCGTGGACGCGCTCGATGCGCCGGAGCACCGCGAGCGCGTCGTCCGGGCGGCTGGCGAACCACAGGATGATCCCCTCGATGAGCCGGGCGTAGGGCGAGAGTGGGTCGAGCGTCTGGGCCGCCGCGATCTCGGCGAGCGCGGCGTCGAACCGGCCCTGGTCGCGCAGGAGCTCGGCGTACGACAGGTGCGCGAGGGCGTCGCTGGGGTCGAGCGCGAGGGCCCGGCGGAAGTGGGCCTCGGCGGCTGGCCAGGCGTGGGGGTCGTTGGCGAGCACCGACGCGAGCGCGTTGTGGGCGCCGGCGCTCTCGTCGTCGAGGGCGAGCGCCCGCTCGGCGGCGGCCTGCCCGCGTGCGGCGGCCTCGGGCGCGGTCAGCAGGCCGAGGTAGCCGAAGATCACAGCCGCGTCGGCGAGGCCGGCCCAGGCGTCGGCGAACGTGGGGTCGCGGTCGAGCGCTCGTTGGAAATGGTCGCGGGCGGCGACCAAGGGCTCCGGGGCCCACGTGTGGAGCAGGTGCCGGCCCTTGAGGTAGTGGTCGTAGGCGACGGCGTCGTCGGTCCCGCGCGTCGCCAGCCGCCGCCGCTCGTCGGCCCGGAGCGTCACGCCGAGCGCCGCGGCCACGCGCGCCGCGATCGCCGGCTGGACCCCAAGCACGTCGCCGCGGTCGGCGTCCACCATGTCGGCCC
CP177355.1_gap10	421692	426109	4417	CGCCGTGCTGGTAGGGGCGGGGCGAGGACGGGAGCGGGCAGATCTCGCCGTTGGTGTAGAACCCGATGGCGGGGATGGTCGTGCCGATGTGCTGTTGCATCAGCCCCAGTTCGTCGCCCACGCGCGTCCCCAGCGTGAGGTGCCGCCCCCCACACGAGAAGACGAGCGCGGCGTCCGGCGTCCCCGTCCCATAGGCGGCCTGGGCTTGCTCCGACGACGTCGACGCCCCGCTCAGGATCTGGTCGCGCGTGGCCATCGCGAACCGGACGCGGGCGCCGTGGAGGGCGGGGTTGAGCGTGACCATGCTCCCGTCGTCCTGGAAGTGCGAGGGCGCGCAGATGTAGAACTCGTCGGAGCGCTCGGTGCCGGCGGCCTGGTCGGGGTAGACGGCGAAGAAGTTGCGGTTGCCGGTGACCTCGAAGGAGCCGAAGTACTGCATCCACAGGTCGTGGGGAGGCCGGCCGTCGATCTCATGGATCACCAGGCCCTCGACGCGCGTGGCGACGTGGTCGTCGCCCATCGGCTCCCACCCGCTGGCGACGCCCGTAGACACGTGGAGCGGCCCGGCGAAGAGCAGGGCCGGCACGGCGTCGGAGTAGACCCGGCCGTTGCAGAACTGGTACGTCCCGGTAAAGCGGACCTGGTCGCCCGCCATCCCGCCGCACACGGGCACGTCGTCGCCCAGCTCGGCGCTGACCGCGTCCAGGAGCCGATCGGAATCCACGCCGAGCCCCTCGGGCAGCACGATGGCCAGCCGGACCGGCTCGGCCAGCCCGTCGCGCGCCGCCGCGATCGACCGCTGGGCGGCGCCCTCGGGGTCGGCGCGGGCGTCCTCCGCGACGCCCACCCCGAACTGCACGCGGTCCGAGTGGAAAAGCATGAGCACGACGGAGTCCTCGGCGATCCCGTCCGACGAGAACTCGCCGTGCGTGGTGCAGCCGATGAGCTGAACCCCCGGATACCGGGCCTCGACGCCGTCGAGGAGCGCCTGGAAGTCGTGGTCGATCCCCGCGTACAGCAGGCCGGCCTGGGGCGTTTTCCCGGCGAGCGCGTCGGCGCAGGCGTCGAGCGCCTCGGCGATGGCGTCGGCGGAGTCGATGTCCTCGCTGTGTCCGGTGGCGACAGTCATGGGGGGTGGGGCGCGGAGCGCCCATCATAGCGATCCGGAGGAGATCTCCGTGCGGGCGCCCGCCGCTTAGTCGGCCCGCGCGGTCTGGAGGGCTCGGAGGCCGTCGTGGAGGTCGGCGCGGAGCGCGTCGAGCGCCGCGGACCGCTCGGCCTCCTGGGCCCCGCGCACGCCGACGACGCGCAACGCCCGGCCGACGGGCCCGGCGACGTCGGCGACCGCCTCGAGGTCGTCCGGCCCATAGCCCGACCCGTCCGGCCGCGGGCCGAGCACGAGCCAGCCCTCCGTCGCGAGGTCGCCGCCACCGCGCTCGGCCCGGAGCGCCACGCGGACGGGGAAGAGGCGGTCGGCCGTCTCTCGCCACACGACCTCTCGCCACGGCTGCCGCCGCCTCGGGGCCATCACAGGCGGGTCCGACAGCCCGGCCAACGCCGCCCACGCGTCCACCGAGGCGGGGTCGACGCCCTCGGTGCCGACGGTCCGCCAGCCCCCGCCATCTGGCGGACTCGCGCCGCATCAGTCGCGTACCTCCCGCTCCAGCGCAGCGCGGATGCGCTGAAGAAGCCTTTCGAGTTGGCCGTACTTGTAGAGCACGTCGTCCTCGATCCAGACCTTCTGCACGAGCGCGTTGCGCAACGCCCGGCTCTGGAGGAGGGGTCGGTGATCTGTGGGCGTCGGCGGGGTGGGAAGCGTCGCGCCCTGGTACGGCTCGCCGCTGCCGGGGACCGTCTCGGCCAGGTTCGAGACCTGGGCGAGCTCGGTCTCGGACCTGAGCAGGGGGACCCACACGTCTTGGAAGTGGGCCAGCTCCACCTCGCGCTGCACCCGGACCGCGGCGAGCTCGGTGTGCCACGTCCCGAGCAAGCGTCGCAGCGAGTCGGCCCGAACGAGGTCGAGCTGGCCGTCTTGGACGGCGGCGTCGAGGACGGCGGTCTGGAGCCTGGTGTAGCTGCCCCACCACGAGACGTCGGTGAGGAGTTGGTCGGCCGAGTCGGCGGAGACGTCCGAGGCGGGGTTTGCGGAGGCCTCCAGGAGCGTCGTCGCGGTTTGCCTGAGTGCGGTGTGGAAGGCCACGATCCGCGCGACCCGTGCCTCGTTGGCCTCGACCTCGCCGAGCAGCGACGCGAGCAGCCGGTGCTCCTCCTGGGCCTGCTGGCGGTCGCCCCACCACGCGTTGAGGGCGAGCGCGATCAGCACGCCCGCCACGACGACGACGATCTCGGCGGCGAACCAGCGGAGCGTGGGCCGCCAGTCCCATCGCCTCGGGGGGGCGGTGGGGTCGGTCGGCGGCGTCGCCGATCCCGGGTCCGGAGCGGAGAGGGGCGTGTCGCTCATCGTGCGCCTCGCCGGTCCAGCTCGCCCTCGATCATCCGGCGGAGCCGGTTCGTGCTGCGGATCGGGCTGTCGTACACGTAGGCCATCCAGCTCGCCGTCGCCGCCTTGTAGCGGACCATCTCGCGGAACTCCAAGTCGTCCAGCAGCGCGTCGTAGTCGAGCGGCTCGGCGCGGAGCCAGCGCTCGGTGATCCGGATCCGCTTGAGGACGACGGGCGCCACCAGGGTGGTCGTGTGGTCGAGTCCCAGGTCTCGGTCGTACTGCGTGAGCCGGTCGTAGACCCGGGTGTAGTGGTCCGCGATCGCCGTCCGGACGCTGTCCGTGCGGATCAGGTCGAGCCCCGTTGAGGTCAGGGTCTCGTAGGTCGACGTGTTGAGGTTGGAGATCCCGCTGTTGAGCAGCCACCCATAGTGGACGTCCATGCTGTCGGCCCACGGCGCCTGCGCGTCCAGGCCCTCAACGACGGTACTTGCCGAGCGCTCGACGCGCTGCCAGAACGCCTGGTTGGCCGCGTGCTCAACGGAGTCCGACCGCAGGTTGACCAGGAGCTCGCCGAGCACCTTGACCTCCTGCGCCTCGCGCGCGCGGTCGGCGTTCCAGGTGTTGACCTGCAGGCCGAGGAACACGCCGAGCACCAGGATGCCGACCTCCAGCGTGACCGCGAACCAGTCCTGCCGCCAGACGGCCGTCGTCACCCGGCCGAGAACGGTCCACGGCCGCCTCGGCGACTCGGCGGAGGGAGCCGGGGCGGCCGGCGGGCCGGCCGAGGTCGGCGGTCCCGCGTCCGGGGCGGGCGGGGTGGGGACGTCAGTCATCGGCTCGGCCCCCGGGCTGGCGGCGGGCGCCGGGGCGAACCGAGCGCGGGGCAGGGAGGGCGAGGCGTCGGAGCACGGCGGGGACGGGCAGGTGGAGAGGAGACTACCCCCGACGGGCCGAACGGCACGCCGGTCAGGGCACCGGGCACGCCACGCCCTCGGCCTCCGCCAAGCGGCCCATCGCGGTGCCCATCGCCTCCACGAAGCCCGCGGGGTAGCGGTCGCGGCGCGCGGTCCACCACGGGCCGCCGCCGGGCGTGCACAGCCACCGGGCCAGGGGCGGGGCCGCCGACCGCTGGAAGTTGGCCGCCTCGAACAGGCCGCGCCGCGTCCGGTCCCAGATGTGGACCGTCGCCCAGGCGTGCTCTTCGAGGAGCCGGTCGAACCGGGCGGCGTCGACGGCGTCGAGCGAATCGCCGGCGAGCCCCTCGGTCCAGACGCGGGCGGCGTCGCGGTCGGTCGCAATCGCGAGCCGGATGGCCTGCCACTGGCTTTGCGTCGCGTTGTTCTCCTGGCGCTCGAGCTGGTCGGTCGCCTGCCGGAGCTGGACGCCGACGTAGACCAGCGACACGAGCACGGCGACCGTGCCCGCGATCTGCGCGAGGTCGGCCCACTCGCTCAGCCGGAGGCGAGGCCGCGGCACGGGACTGGCCGGGGCGTCGTCCGGGGCGTCGGGGAGGGGTGGATCGGTCATGGGAGGGCGGCTAAGAGCCGAAGACACCGGGGAGGAAGTGGAAGACGGACCTGGCCGCGACGTACGTCGCCAGCGCGAGCCCGGGGACCCGGTCCTGCGCGGGGACGGCCAGGGCCGGCCGGCCGGGGAGGGTCCAGGGGCGCCCCGCGCTGGCGGCCTCCGCCGACGGCATGGCGTGGGGCGGGGGTGTCGCTCATCGGTCCAGGTCGGCGTCTACGAGCGCGCGCAGCGTGGCGGCGTCCTGCCGCATCCGCGCCCGACCGCGGCGGAGGTTCTGCGTGCCGAGCACGAGCTGCTCCGCCGCGTGCCGGGCGTCGCCGTCGCTGAGGAACCGGCCGACGTCGAGCGGCAGGGGCGACCGCCGGGGCCCCTCGAAGTACGCGGTCCCCTCGAGCGGGACGCCGAGCGCGCTCTCGATGCGGTCGGGGGGGAGGACGGCCATGATCG
CP177355.1_gap11	591512	595801	4289	ACGCGTCGGGGGCGGAAAAAAGGGCGGTGCGCAGCGTCATCGGTCCGGGGGGAGGCGTCCGCCAACGCCCGACCGGCGCGCAAGCTCCGGCCTCCCCTCCCCGACGCCCCCGGGCGCACGAGAGCCGGGCTACACCGGCATCTGCTGGAGGGTCCACGTGTTGCCGTCCGGGTCGCTGAACCCCGCGTAGAGCACGCCGCCCATGTCGACGGCGGACTCCACCTCGACGCCGCGACCAATCATCTCCTCGCGGACCGCCTCGATGTCGTCGACGACGAGATGGAGACCCCGGAGCGACCCGGGCGCCATCGCCAGCGCCGGGAGGCCGGCGCCCAGGACGATGGAGCACGACGACCCCGGCGGCGTCAGCTGGACGATGCGGACATCGCCACCGGGCTGCACGTCGTGGTCGGCGTGGAACCCGACCCGGTCGACGTAGAACGCCTTGGCGCGGTCGATATCGGAGACGGGGACGGGGAGGAGTTCGAGGCGCATCGGGGGTCGGGGTGAATGGGGATGGCCGCAAGCGGCCCCACTGGCGACAAGGACCGCCAGCAGGGCACACGCAGGGTCAGTCTGACGACGGCACGATGATGGGCAGCTCCTGCTCGCGGACGAGCCGGTTGAACGCGGCCACGTCGGTGTCGAGGATCGCGCGCAGTGTCGTCAGCTCGGCCTCGATCTCGGCCATCACCTCGTCGCGGTAGGCGTAGGCCTGGTCCGTCGGGCGGAAGTCGCCAGAGGCGACGGTGCCGCCGAGAGCGCTCAGCTCGTTGCCCAGGTTGATCCCGTAGTTGAGCGGGTCCTGCCGGCTCTCGCTCCGCGTCTCATAGAGCACCTCCTCGACCGTCGTCATCCGCTCGATGAGCGCCTCGCCGGCCGTCTTGACCGTGTCGACACCCGCTGCATCGTCGGGCAGGCGCGCCAGGAACGCCCGGATCTGCGCGCGCAGGTCGCGCACCTGTTCGACCGACTCGTTCACCTCGGTCACCTTGTCGCGCACCTCGCGCAAGAACTCGAACTGCGCCTGCAGATCCTCCGGCGTCGCCGACGAGCGCGGATCCAAGCGGATCTCGAACGGCACCTGCAGGCTGTCGCCGTCGACGACGAGTCGTGCCGTGTACTGCCCGGGCGTCGCTTGCGGACCGTTGAGCCCGCCGCCCCAGAAGATCATCCCATCGAAGCGCGCCGCATCCGGATACCGGCGGCCCCACACGACGCGGTTCATACCCGCCTCGGTCGCCAGCTCGAAGTCGTCGTCGTCGGGCGTAAACGTCTGCACGACCTCGCCGTCGCGGTCGATGATCTTGAGCGCCGCGTCCGCCGAGTCGGTCAGCGCCTCCGCCAGCAGGTAGTGGATGACCACGCCCGCCTCCGGATTCGTGCCCGCGCCCCGCGTCACGGCCTGCCGGTAGCCGTCGACGCGGTACGTGGGCTTGGGGCGGAACAGCCACATCGGCGCGCTGGCGACGGCGGGCTGGAGCTGATATAGCGGCGTCAGGTCGTCGAGTACGTAAAACCCGCGCCCCTGCGTGGCGACCACCAACTCGCCCTGGCGCACAGCCAAGTCGGTGACGGGCACGATGGGCAGGTTGAGCTGGAACGGCTGCCACCGCTCGCCGTCGTCGAACGAGATGTACATCCCGCGCTCGGTCCCGGCATAGAGCAGGCCCGGACGCATTGGGTCGGCTCGGATGACGCGCGTAAACGCCGGCGCCTCGATGCCGTCGTCGATGCGCTGCCACGTCGCGCCGTAGTCCTCCGTCCGCAAGAGGTACGGCGCGAAGTCGTCCACCTTGTAGCGCGTCGCGGCGACGTAGAGGCCACCGGGGCGCGCGGGGTCGGCCTCGATTGAGTTGATCATGGCGTCGCTCGGCAGCAACCGGTCTCCGGGCGTGATGTCGGTCCACGAGCCGCCGCCGTCGCGCGTGACGTGGAGCAGGCCGTCGTCGGAGCCCACCCAGATCGTGCCCTCGTCGTGCGGACTCTCCGCGAGGGCGAAGATGGTCGCGTAGTACTCGACGGATGTGTTGTCCTGCGTGATCGGGCCGCCGGACGACTCCAGGGTCGCCGGGTCCGCGCGCGTCAGGTCGGGCGAGATGGGCACCCACGTCTGGCCGTAGTTGGTCGAGCGGTACAGGCGATTCCCGGCCGCGAAGAGCGGGTAATCGTTCGTTTCCGCGTCGCGGTACTGCGAGAACAGGAGGGGGAAGTTCCACTGGAAGCGGATCTTGAGGTCCTTCGCCGGCGCGCCGATCGGGTTCTCCGGCCACACGTTGACGATCCGGCTCTCGCCCGTCCGGTGGTTGACCATCTGCAAGAATCCGCCATAGGATCCGCCGAACACGATGTCGGGGTCGTCCGGGTGCGGCGCCAGCCAGCCCGACTCGCCGCCGGCCGAGGGCTCCCAGTCGCGCTCGGTGATGGCGCCGCCCGTGCTGCGGTGCGCGATCCGGATCGTCGAGTTGTCCTGCTGGCCGCCGTAGATGCGGTACGGGAAGTGGCTGTCCGTCGTGACGCGGTAGAACTGGGCCGTCGGCTGGTTGAGGTACGTGCTCCAGGTGTCGCCGCCGTCGAACGTCACCTGCGCGCCGCCGTCGTCGGCGATGACAATGCGGTCGCCGTCCTCGGGCGCGATCCAGATGTCGTGGTGATCGGCGTGGGGCGTGTCCACGCTCTCGAAGGTGCGCCCTCCGTCGGTGCTCACCCAGAGCTGGACGTTGAGCACCCAGACCTTGTCGGGGTCCTCAGAGTCGGCGCCGAGCCGGGTGAAGTACCAGGCCCGCTGGCGGAGATTGCGGTCGGTGGAGACGAGCGTCCACGTTTCGCCCCCATCGTCGGAGCGGAACAGGCCGCCGTTCTCGTTCTCGACGAGCGCGTAGACGCGGTCGGGGTCGGCGGGCGAGATCGAGACGGCGCTGATGCCCCAGATGCCGTCCGGGAAGCCCTCGTTCGCCGAGATGTCCGTCCACGTGTCGCCGCCGTCGGTGCTCTTCCAGATCGACGAGCCCTCGCCCCCGCTCGAAAAGCTGAACGGCGTCCGGCGGACGTTCCAAATGCTGGCGTACAGGATCCGCGGATTCGTCGGGTCCATCTCGAGCTCGAAGGCGCCCGCGTCCTCGTTCACGAACAGGACGTGCTCCCACGTTTCGCCGCCGTCGCGCGAGCGGAAGACGCCGCGGTCGGCGTTCGGCCCGAAGGCGTGGCCGAGCACGGCCGCGAAGACCGTGTTCTCGTCGCGCGGGTGGACCACGACGCGCGGGATGTGCTGCCCGCCCTCGAACCCGATGCTCTCCCACGAGCGCCCCGCGTTCTCCGACTTCCACATCCCCCACCCCGGCGACACGTTCCCGCGCAGCGACTTCTCACCGCCGCCCACGTAGATCACGTTCGGGTCCGACTCGGCGACGGCGACGCTGCCAATCGAGCCGCCGAAATAGCCGTCCGAGATGTTCTCCCAGCTGCCGCCGCCGTCCTGCGTCCGCCAGACGCCGCCGCCGGTCGCGCCCTGGTAGTAGGTCAACGCGTCGCCCGGGATGCCGGCGACGCCCGACGCGCGGCCGCCCCGGAACGGGCCGACGAGACGGTACTCCAGCGACTCGAACAGCGTCGAATCGACGGGCGTGGCGAGTTGGGCGCGGACATCTACAGAGACGAGCGCCAGCAGGACGAGTGAGAGAACCAATCGGGACATCGGGCGGAGCGGTGAGGGACCGTCAGTCTACGGCCGGGCGTGCGGATCCCCGAGAGATGCACGGCATGCGAGGCCGAAAAGGCGGATACTGAGACTGCTCTCCGCCCCGCCCCGATGTCCGACCTCTCCTCCAAGCAGCGCGCCAACCTCCGCAAGCTGGCGCAGTCCCTCAAGCCGACCGTCCACGTCGGCAAGGAGGGCGTCACCGAGGCCGCCCTGCAAGGGCTCCGCCAGACGTTCGCGACGCACGAGGTGGTGAAGGTCCGCGTGCTGGAAGCGGCGCCCGAGTCGGCCAAGGACACGGCGTACGCGCTCGTGGCTGGCGTCGACGAGGCGGAGGTCGTCCAGGTCGTCGGGCGCAACGCTACGCTCTTCCGGCCCATGCCCGATCCGCCGCCCGCCCCTCCGCCCCCGACGCCCGACCCGAAGGCCCGGCGCACGCCGCCGCGGAGCACTCCGAAGCGAGGCACGTCGAACCGCCGCTCCTCGACGCGCGGCAAGGGGCGCAAGTAGCGCGACCACGACCGGAGCCGCTCGCCCCCTTCCGCCTCGGCGCTGAGGTGGGCGAGATCGATCTCGCCCTGACGACGACTCA
CP177355.1_gap12	597555	600034	2479	GACGGAGCCGCCCGCCGTGCGCGTCTCGTTCCCAGAACGGGTGGTGCAGCACCACGTCCAGCCGGTCGTCGCCGTTGAGGTCGGCGAGCCACGCGTACTCGCCGTCGCCCGGGAGTCGGACGGGTACGTCGACCGGATCGGCGAACAGGGCGGGCCCGCCGGTGCCCCGGTGCACGGAGAGCCGGCTCGGGTGGTCGCCGATGAGCAGGTCGGGGCGCCCGTCGCCCGTCACGTCGCCGACGCGGGTGAAGGTGTCGAAGGCGCGCGCCCAGCGCGGATCCGGCTGGACCGCATGCGTCCCGCCGCGCAGGACGACCTCGAGCGGCACCCACCCGGGCTCGCGCGGGCTCGGCGGCCCGTCGAGCGCGAGCCGCCGCGTCGTCGCCTCGACCAGCCGACCGTCGACAGCGCGGACCAGTTCGATCGTCAGCCACACGTCGTCGCCCATGCTGCCCTTGAGCCGCTTCCACCAGCTCCCGGTGAGGAACCGACGCTCGATAGACGTGATCACAAGGTCCGGGGCGCCGTCGCCGTCGAGGTCGGGCGTGTCGAGCGCGATCTGGACGCGGCCGTCGGAGCCGAGCGACTGTGTGGGGTCGGGCGCGAACGCGAGCGCGCCCCCAGCGGCGGTGCCCCGGTGGAAGTCGACGCGCGTCCGGGCCTCTCCCCTGCTGCCGTCGAGCGCGAGGACGAGCAGATCCGGGACGCCGTCGTCGGTAAGGTCGGCGACCGTGTGGATGGCGCGGACCCGACCCACCCCGTCGCCGAGGCGGGCGGTATCGTCCGGCGCGTCGATGTCGACTGCCAGCGTCTCGGCGGCGGCCTCGAACTGCCCGCTCGCGTCCTGTCGGTGGACGAGCAGGCGCGGCCCGTCGGCCGCGACGAGGTCAGGGCGCCCGTCGCCGTCGGCGTCCGTGGCCCACACGCGCGCCTGGGGCCAGGGGTCGAGGCGGTGGCCGTCGGCGCCCGCGATGCGCCGCAGGTCCGGCGCGCTCCCGACGGTGAGGGGCTCGGCGAAGCCGTCGTCGGTCTGGACCGCGACCGCCCAGCCCTCGGCGGTCGGCACCACCACGTCGTCGCGGCCGTCGCCGGTGAGGTCGTGCGACACGTCGGCGTGCGGGATGCCGCCCTCGCGGAGCCCCGGCAGCGCGTCGGCGAGCGCCGCGAGCGGTCGCTGGTCGCCCGTCTCGAAGTCGACCGCGCGGAGCTCGCGCGCGCCGCCAACCACGAGCCGCTCGCGCCCACCGATCTGGACCACGTCGACGAACGCCACGTCCGCGCCGAGCGCGACGCGGCGCCCCGCCGTCCAGGTGCTGTCGCCAAACGCGAAAAGCTGCACCTCGCGCTCCCCATCCGGCCCGACCGTCACCACGGCAAGGTCCGCCATCGGCCCGCCCGTCAAAAACTCCGTCAGAACCGTCGGGCGGCCGGCGACGCCCAGTACCACCTCCACCGGGTCGAAGAGGGACTCGGTGACCGGGGTCGTCGAGAAGCAGCCGGCGAGCGCGAGCGCCGTAGGGAGGAGCCGTCGCATTTCGCAAGGAACGACACTGGCGACGCCCCCAGGGGTCCGACGCCGATGCCGCCCTCGATCCCACGCCCTCCGTCGTCCCTGACGCTCGGGGTCAGTCTGTGACGATGTGGAGCTCCGAGACTCTGGCACCCTCGCCGAGACGGAGGACGAGGTCGTACTCGGCGAAGTAGTCGGTCGGCTCCGGTTCACCGAGCAACGCGACCACCTCCTCTCGGGACTGCCCGACGAGGTCGTGCCGCCGCAGGAGATCGTCCACCATGTCTACCCGCGCTGGCCCGGTCCCCGGATCGATGGACCGCCAGGCGACGGGATCGAAGTCCTCCCCGCTCGACAGTCCGCACCCGCCCCAGACAGCCGCCAGCGCGAGCACGAGAAGAAGACGGGGTCGGGCCGAACGGTGCACAGCCATTGAGTGACCCTACACGTTGAACCGGAACAGCATCACGTCGCCGTCGACCACGGTGTACTCCTTGCCTTCGCTGCGCATGGCGCCCGCCTCGCGCGCCGCCGTCTCGCTCCCCAGCCGGTCGTAGTCGGCGAACTTGATGGTCTCGGCGCGAATGAACCCCTTCTCGAAGTCGGTGTGGATGACGCCCGCCGCCTGGGGCGCCTTCATGCCGCGCGTGATCTGCCACGCCCGCGACTCCTTGGGGCCCGCCGTGAAGTAGGTGATCAGCCCCAAGAGGGCGTACGCTTCCTGCGCCAGCCGGTCCAGCCCGGACTCCGTCACGCCCGCGGCCTCCAGGAAGTCTGCGCGGTCGTCGTCGTCGAGCTCGCCGAGCTGGGCCTCGAACTCGGCCGACACCACCACAACTCCGGCGCCCTCCGCCTCGGCCCGCTCGCGAACTTGGTCGACGTAGGCGTTGCCGTCCGGCAGATCGCCCTCGCCGACGTTCGCCGCGTACAGCACCGGCTTGGCCGTCAGCAGAAACTGAGACTGCAGGA
CP177355.1_gap13	626658	627283	625	CCGGGTGACCTTCTTCGCGCCCGTCAGCCTGTTCCTGTTCTTCTTCGCCGTCTTTGTGCTGTCGGTCCTGCGCGGCGTGCGGCTGCACCCGATGCACTACGTCTTCCTCGGCGCGGCGTGCTTCGCGTTTCACCTCTTGCTGGCGTACCTCGTCGACCACGTGTCGGTCGGCGTGGCGATGGCGGTGGCGTCCGTCGTGAGCGTCGGTCTCGTCGTGTCGTACGTGCGGCTGGTGGCCGGCTTGCGGTTCGCGCTCGTCGAGGTCGGCGGGGCGCAGATGGTGTACCTGGTGGCCTTCGCGGCGACGTTCTTCCTGGAGGGGTTCACCGGGCTCGCGGTCACGCTGCTGTCCGTGGCGACGCTCTTCGTGACGATGCAGGCGACCGGCCGGCTCGACTGGGAGGCAGTCTTGAACCGGCCCGAGGCCGACATCGACGCGGCCCGCCGCGAGCGCCCGGCGGTCGGCGTCCCGGCCTGATCCCTTCCTGCTGGGCGGGCGGGCCCGGCGCCCCCGTTCCTCCCTCTCGCTTTTCCCCTCGACTCATGACCTCTACGACGTCCTATCGCGCGGGTCTCGGCCTGGCCCTGTTCGCGCCCCTCTTCGTGCTCTGGATCTCGGGCGCCG
CP177355.1_gap14	705111	707060	1949	GTTCCCCGACCTCGACCCGTCGATCCTGGGCCACGACCTGGCGTACCCGGCGATGCTGGTCTTCCTGCCCTCGGGCCTGCTGGGCTTGGTCGTGGCGTCGCTCGCGGCGGCCTACATGTCGACCGTCAGCACGCACCTCAACTGGGGCGCGTCGTACGTGGTGCAGGACGTCTACCGCCGGTTCGCCGTCCGCGGCGCGACCGAGGCGCACTACGTCACCGTCGCCCGCGTCACGACGGTCGGGCTGACCGTGTTGATGGGCGTCGTCGCGCTCGGGCTGAGCAACGCGCTCCAGGCGTTCGACATCCTGCTCCAGATCGGCGCCGGGACGGGGCTGGTGTTCTTGCTTCGCTGGTTCTGGTGGCGCATCAACGCGTGGAGTGAGATCAGCGCCATGGTGATCTCGTTCGCCGTCGCCGTCTGGCTGACGGGCGGCCTGTGGGGGCTCTCGTGGGCGTCGCCGGACTGGGACAGCAGCACGAGCCTGGTCATGGCCGTGCTCATCACGACGGTCGGCTGGGTGGCCGTCACGCTGGTGACGCCGCCGGCCGACAGGGAGACGCTCCAGCGCTTCGTCCGCAAGATTCGGCCGCAAGGGCCGGGCTGGGCAAGCGTCCGCGCAAGCATGGAGATCGGCGACGAGGGGGCGGGCGACGGGTCGATCCCGGCCGCGGCGCTCGCGTGGTTCCTGGGCTGCGTCGCCGTCTACGCGGCGCTCTTCGGGACCGGCTACCTGATCTACGGCGAATACGGGGTCGGGATTGCCGTTTTGGCGCTGGCGCTCGTGGCGAGCATCGGCGTGATGCGGCTGTTCCCCCACGTCGGCGTGGGCGACGATGCCTGAGGGCGCGGCTCCGATGATGGCCGACGATCGGCGCGAGGCGGCGCTGGCGCACTTCCGCGAGGTGTTCGGGCGCGAGGCGGACGGCGCGGCGTTCGCGCCGGGGCGCGTGAACCTCATCGGGGAGCACATCGACTACCACGGCGGGCCCGTCCTTCCGGCGGCGCTCGGCCGGGGGATCACCGCCGCGTGGGCGCCACGCGCGGATCGCCAAGTCCAAGCCGTCTCCGTTCGTGAGGCAGGCGTGTCGTTCGACCTACGCGAGATCGGACACGCTCGTCCGGGCGGGGACTGGGCGGCCTACCTCGAAGCCGCCGCGACGATGGTCGACGACGCGGTTGGGGTCGACCTGTTGGTCACGTCCGACCTGCCCGAGGCGTCCGGGCTGTCGTCGTCGTCGGCACTCGTGGTCGCGAGCGGGCTGGCGATGCTGGCCGCCTCTGACCGCCTCGGGGACCTCACCGAGGCGCGGCGGCTCGACCTTGCGACGCGATTTGCCCTGGCCGAGCGTCACGTCGGCACGGCGGGCGGGGGGATGGACCAGGCTGCGAGTCTGGGCGGAAAACCGGGCTGCGCGCTCCGCATCGACTTCGACCCGCTCCGCTGGCGCGCGATCCCGGTCCCCGCGTCCTTCCGACTGGTCGTCGCGCACACCGGCGTCCGGGCCGAGAAGTCGGGGGCGGCGCAGGCGCGCTACAACGAGATCCGCGCGGCGCACCGTCGGCCCGAGGTCGCCGAGCACATCCGGACCGAGGTCGCGCGCGTCGAGGCGTTCGAACGCGCGCTCGTGGCCGGCGACGCGGCGGCGTGCGGCCAGTTGATGGACGCCTCCCACGCCTCGCTGCGGGATCGACTGGGGGTCAGCCACCCGGCGCTGGACGCGCTGGTGGCCGTCGCGCGCGATTTCGGAGCGGCCGGGGCGCGGATGACCGGGGCCGGGTTCGGCGGCTCCATCGTGGCCCTCTCCGAGGCTGGCGGCGCCGACGACGTGGTGGCCGCGCTCCGGCTGGCGCAGGCCGAGATGCCCGGCGCCCAGCCCGCGTTCGTCGCCCGGCCCGGCCCCGGCGCCGACGTCTGGCGGGCGTCGTGATCCCCGTCCCGAGAGCTT
CP177355.1_gap15	711741	712763	1022	AGCTGGGCGACCTCGGGCGTGGTGAACGTCGTCCACGTGATGCCGTCGCGGTCGATGGCGGCGGGCACTTTCAGGATGGCGTTCGTGACCGCCTGCTTGGCCATGTGCTCGCTCATGTGGGTGAGGGCGTACTCGCCGGTGCAGTCGCCGGCGGCCCAGATGTGGCCCTGCGAGGTCCGGCACCGCTCGTCGACGGTGATGCCCTTTTTGGTGAACGCGACGCCCGCCGCCTCCAGCCCCAGGTCCTCGACGTTCGGCGTGCGACCCGTCGCGATCAGCAGCCGGTCGCCCTCGACGGTCTCGCGGGCCCCATCGACCGACAGCGTGACACGGACGCCCGCGTCGGTCTCCTCGACGGTCTCCACGTCCGCGCCGAGCCGGAACTGGACGCCCTCGCGGTCGAGCACGCCCTGCAAGATCTCGGCGTGGTCGCCGTCGTCGCGGCCCAGGATCTCGTCGGCTCGGTCAATGACGGTGACGCGCGAGCCGAGACGGCGGAAGGCCTGGCCCATCTCGCACCCGATCGGCCCGCCGCCGACGATGACGAGGTGCTCGGGGAGCGCGTCGATCTCGAACAGGCCCTCGTTCGTGAGGTAGGGCGTCGCGTCGAGCCCCGGGATGGGCGGCGGCGCGGCGCGGCCGCCGGTGCACAGGATGGCCATGCGGAACGACACGTCGCGCCCGCCTTCGGGCCCGTCGATGTGGACGGCGTGCGGGCCCGTCAGCCGCGCGTCACCCTTCACGACCTCGATGCCGAAGCCCTCGAAGATGGCCGGGTCGTCGGCGTCCTCGTACACCTCCTGCCGCGTCTGGTGCACGTCGGCGATGACCTTGGCAAAGTCGATGGGCGGGGTTGGGTCGCCGTCGGCGTAGGCGCCGAAGGCTTCGGCGTTCGCGCGGAGGTTGGCGATGTGGAGGAGCGTCTTGGAGGGCACGCAGCCCGTCCACGTGCAGTCGCCGCCGAGCCGGTCGCGCTCGACCAGCAGGGTCTTGGCGCCCAAGTTGGCGGCCGTCCCGGCGGC
CP177355.1_gap16	716388	720722	4334	GGCCGGCCGCCAGCACGTCGTCGACGCGGATCGAGCCGCCGTTGAACAGCCCCGCGTCCGCGCCCGAGGCCGCCACGAAGCCGTCGGCGATCAGCGCGCCCAGCCGCGCGGGGCGCGTGCGGACCGTCCCCTCGCGCCCGTCCAGGTCGTCGGTCGTCGTCACGGCCACCTTATCGGGGTCGAAGCCGTCGGCGATGAAGCCCGCGTACGCCGTCTGCACCCACTCGTCGACGACCGCCGCGACGGCGGCGTCCTCGGGCGTCGCGGCGGTGATCGGGACCAGTTCCGACACCACTCTCACCGCTCCGCCCGGCGCGACTGTGATCCGGTGGACATACGCGGTCCGCGCGTTCGCATCCGCCTTCAAGATGGGCACCATCCGCGAGCCCCGGTACGCGCGCACGTTCTCGTGCTCGTGGCCGCCGAGCACCATGTCGAGCCCGTCGATGGTCGCCGCCGCGCGCACGTCGTCGGCGAAGGCCTGGTGCGTCAGCCCGATCACCACGTCCGTCTCTGCGTCGAGCCGGGCCACCTCGGCCCGCAGCGTCGAGTCGGCGTCGAGGTAGTGCACCCAGTCTTTCTGGTTGGAGGGGAGCACCACGCTGGCGATGCCCACGCGGACGGGGCCGCGCGGCGTCGGCACGGTCAGCGTCAGGCGTGCCGGGACGCCGTCGAGGCGGGCGCCGCCGGGCTGGACGGCGTTCGCGGTGATAAACGGGAAGTCGGCCTCGGCCACGCGCGCCGCGAAGGCGTCGGCGCTCACGTCGAACTCGTGGTTGCCGACGGCCGCCACGTCGAGCCCGAGCGCGTTGAGCACGGCCACCATCTGCTTGCCGTAGAGCCGCTCGCCGTCCACGCGCGCCGTCCCCAGCGCCGACGGGCTCAGAAAGTCGCCCGCCATCACCGTGATCGTGTGCGGGTCGTCCGCCAGCAGTTGCTGGCGCAGCCCGGCCACGCGCGCCAGCCCCCCGGACCGCCCGCCCTCGACGGGCGTGATCTCGTAGACGTCGTTGATCTGGAGGACGGTGAACGTCCGCCCGTCGTCGTCGGTCGCCAGCGGGGCGGTCGGCGCGCACCCGGCAAAGACGAGGACGAGGACGGCGGCGGCGAGGTGGAGCGTCTTCATGCGGCACGGGGGAAACCCCGGGGATGCGGATTCATAAAAGGATAGACCGAGCGCGACGAACCGTCGCTCGGCCGGCCGCCCTCCTGTTGGGCGCTCGACTCCCCCCACACTCCGAGGTTTGATTTGGCGCTCTACGAACTCCAGGACGCAACGCTGGCCGGTATCGAAGGTCAAGGCTACGTGTTCCCCGTCGACACGTTCGAGGGCAAGCAGTACAAGGGCGTGTTCTTCGCCAACGACGAGGAGGCCGAGATCTCGACGGATATCGAGGAGGCCACCTTTGAAGGCATCATCTACCACAAGACGACCTCGGGCCCCGGCGACGCCGTCGTCACGGTCGTCAACGTCGTGACGACCGCCGTCGGCAAGCGCGCCGACTTCGAAGTCGTCTCGTAAGGACGGCTTCCCGTCGCCAGCCTGTCGGACGAGCCGTAGGGGCGAGATGCGTCTCGCCCGCGCCTCCCAGCACACGTCATCCCGAGCGTGCGAGGGATCTTAGCGAGATCCCCGTGTCGCGACGAACGGAAGGATGGGCGTGAGGACCGCGCTGAGATCCCTTACGTGCGTGGGACGACGCTGTAGGGCCTCCGTGCCGTCTCTCAACAGGGAAGAGCGCAAGGCTCTGATCACCCCGGCAGCCGGTAGCCCGTGTCGAGGCACGGCTGGACGACCACCAGCGAGCCCCCGCACGACCGCCGTTCCGCCGCGGGCGTCGCCTCCAAGCGCGTGTTGAGGTCCGAGCCGTCGAAGACGTAGGCCCGCAGGATCTCACCGTCGGTGACGGTGGCCGCGCCCTGCAAGCTCTGGTTCATCACGCCCGCCGTCGTGTGCCGAAGCCCAAACTGGTGGCCGAATTCGTGCGCCAGCAGGAGCCCCCGCTGCCCGGTGTGGGCGTCCATGTAGAGCACGCCGCCCGGGCACGCGAAGCCCTGGTAGCCCGGGATGTCGGTGACGTAGCGGACGACGGACCGCGTTGCCTCCGCCGTCGGCGGGCACGGCCCGATGGGCGTGACGGTCGGCGCTAAGGTCGTCCGGTCGATCACGTCGACGGCCCCGACGGTGAGCCCGAGGCCGGAGGTCTGCCAGATGTCGCTCATCCGTGCGGCGTCGCGGAGCGCGGCGTCGCGGTGCGCGGGGAACGGTGGCTCCTGGATCTCGGCACGGACCTCGACCGCCAGCGGCGCTCGGAGCGCGACCTCGATGCGGTCCGCCCCCGGTGTCCACGCGGCGGTGCGGATCGTTGGCGGCCCGTCGACGCCGAACACGACGACCGTCGCGGTGCCGCCGTCGAAGGGCACGAGTGGGATGTCGCGCGCGCCCGTCGTCCGCTCGCGCACGACGACGCGGCGCCCGTCCACGTCCGCCAGCACGATCGCCCCGCGGACGGCGCCACCCGCGACGACGATGCGGTCGGCCTCCGCGTCCGGCACCACCTCAGCGACGGCCTCAGCCCGTGCCCCCTCCGCGTCGATGGCGAGTTGCTGGCGACCCGCCCCGTCCCCGAGCGTCCACGTGGTGGCGGCTCGCCCCGAGGCACTCGTTCGGACCGTCGCCGGGGTGCGCCCCCCGTCCGTCGCCGCCAGCGCCAGCGAAACGCCCGCCGCCGGCGCCCCGCCGCGCCGGACCTCGATGACGACGACCTCCGCGAGCGGCTGCCCCGCCAGCCCCCGCTGCCCGTCGCCGCTCACCACGGCCACCGTCAGCGTGTCGCCGCCCGCCGCGTCACACGCGCCGAGCGCCAGCGCCAGCAGCAAGAGGGGCCGGCGCACGGGCTACGCGAGCGCGGCGTACATCTCGGCGACGGCCCGCGCCTGCGAGATCACCTCGTCGCGCAGGTCGTCCGGACTCACCACTTCGGCGTCGGTGCCGTAACGCAGCAGCCACTTGGCGACATACGCCACGTTCTCGAACTCGAACGTCACCTCGGTCCACCCGTCGCGCTCGAGCTCTTGAAGCACATCCGCCGGGACCGCGCGCCGGGCCCAGCGCCACGCGCGGTTGCGGAAGCGGACGGTCATCCGGACGTTCTCGGGCCGCGTGCCCCGCTCGCGGAGGTGCTCCTTGAGGTCGAACCCGGCCGGCGGCTCAAAGCGGTCGAAGCGCGTGCGGAGCTTTTTGATCTGGTCGAGCCGGAAGTTGCGGATGTCGTCGCGCAGGTGGTCGTAGCCGATCAGGTTCCAATGATCCGAGTAGTAGACGAGCCCGAGCGGGTTGACCTCGCGGATCGTCACCTCGTCGCGGCTGGCGACGTAGTACGTCATCTTGACGACGCGCTGGCGGGCGATGGCCTCGGAGAGCTCGAACCACAGGCCCTGCTCGTCCTCGGTCGCCCCGCTCTCGGCGGGCTCGTTGAACGGCGCCAGCACCGTCCGCTCCTGGAGCCGGTCGATGTAGTCGCGGACGGGCTCGGGCAGCACGTTGCGGATCTTCATCGCCACGGCGTCGGCGTCGGTGCGCAGGCTGGCGTCGGGCTGGAGCTTGGTGAAGCCGGTGCCGACGAGCAGCGTCGCCGCCTCGCGCGCGCTGAACATGAGCGGCGGGAGTTGGTAGCCCTCCAGGATCTCATAGCCCCCGGACTCGGCGTACGTCAGCGGGACGCCGCTCTCGCCCAGCGTCCGTAGATCGCGAAAGATGGTGCGGCGGCTCACCGCGAAGTGCTCCGCGAGGTCGCGGGAGGTCATGTTCGGTCGGTTCTGCAGGAGCAGCACGAGGGCGAACAGGCGTTCGGTCTTGTTCAGCGAGCGGTCGGAGCGGGACATCCAGCGGCGGGGAGCGGGGTGGCGACGGGGGCGGGCAGCGGTGTCCGAAGGATCGGACGGGTGACACCGAATTGTCAACGTCCGATCGCGCGTCGCGGTTCGTTTCGCGGCCGAAGACGGTGTGGAGGCGAGACCCGGCGCCGTTGGCGCGCGGCTTGAAGGCCCGAACGTCGGGCTCCGTAGCCCGCACGCATCCCCCCCATCCCCCCGACCCCATGCGATTCCTTTCTCTCCTTGCCCTTGCCGCCGTCCTCGCGGTCCCCGCCAGCGCCCAGGCCACGTTCGGCCTCAAGGCCGGTCTCAACACGTCCAACTTCGTCGGCGATGACGCCAACGAGTCCGAGGCGCTGCTCGGGTTCGTCGGTGGCCTGACGGCCCAATTCCCCGTCACGCCGCTGGTCTCGATTCAGGCCGAGGCGCTGTACTCGCAAAAGGGCGAGTCCTACTTC
CP177355.1_gap17	726247	727703	1456	GCCGTCACGTACCAGGGCGCCAAGCCGGGCCGTCCCTGCCAACTCCGCCAGCGCGGCGTCGGCGCGCTCGAGCAGGGCTCGCAATTCGGTCCGGTCGGCGAAGGCCACGTCCTCCTCGGCAAAGTCCAGCTCCAGCTCCACGAGGGCGGCCGTCTGAAGGAGCGACTGGCGGACTGTGTCGACGGCGTCGGACACGCGGCCCCGCAGCGCGGCCACCGCCGTGCGCACGCCGAGTCGGCTCTCGGCCGCGATCAGGTCGGCGACGGCCTCCGCTTGCGCCAGGTCCAGCTTGCCGTTGAGGAACGCCCGCTGGGTGAACTCCCCGGCCGTCGCGGGCCGGGCTCCGGCTTCGAACAAAGCCCGCAGCACCGCGCCTGCGACCGCGTCGCCGCCGTGGCACGTCACCTCGACGACATCCTCGCCGGTCGACGAGTGGGGCCCGCGCCAGACCACGCACACCACTTGGTCGATGGGCGCCCTGTCGGCGTCCGTCAGCCACCCGAGGTGGACCGTCCGACCTGGGGCGTCCGCCAGCCCGGCCCCCGAGAACCGGCTGGCGACGATGGGCACGGCCTCCGGTCCGCTGGCGCGGACGACCGCGAGGGCGGCGACCCCGCGCGCGGTCGCGAGGGCGGCGATGGTGTCGCGGCTCATCGTTCTGCGAGCCACGCGCGGATGGCCTCGGCGCCCGCCTGCTTCCCGAACTCCTCCGCCTCCTCGGTGGCCGTCCACCGATCGTCGACCGTCGTCTTGGCGTGTGCGTCGGCGCCCGCGTCGAGCAGCATCCGCACCAAGGCCGGGTCGTCGGTGAGCGCAGCGACGTGGAGGGGACGCCAGCCGTTGTGGCCGACGCGCTCCAGATCCGCTCCGGCGTCGATCAGGACGCGGACGACCGCCCGCCGCTCGGCCGGGTCTTCGGTGTGATGGATGGCGTTGAGGAGGGCGGGGAAGCCGTCATCCGCGACGTAGTCCACGTCGGCGCCGCGTGCGATCAGGGCGCGGAGACCTGGCGCGGGCGCGATCCCGATGGCGTGGTGGATCGGCCTGTCGCCCGTCGCTGCGTCGGTGACCTCGTCGGGGTGACGGGCGCCGAGCAGATCCAGCACCTCCGTTACGTCTCCAGACCAGAGCGCCCGCTCTAGCCGAAGGCGCGCGCGCTCCTCGTCCGTCCGGGCCTGCTCGATGGCGCGACCGAGGCGGCGGAGGTGCGGGGCGTGGGCGTCGGTCACCGCCTGCTACTTCTTGCCCTTCTTCTTGGAGTTCGAGCGGCCGTTCTGCGAGAGCGCCTGCGTGGTGATGCCGCCCTTGCGGCCCGGGCGGCGGCTCCGCTTGCCCGTCGGCTTCTTGCCCGCCGCCTTGTCGAGCGCCGCCGCCGCCTTGTCGATCTCCGGCGTCTCGCCGCGCTCGTGCGCGTCGTGCACCTGCTTGTTCACGAGCCGCTGCTGGACGATCGAGA
CP177355.1_gap18	833297	835085	1788	GCACCCCGAGTGCTACGACGCGGACCTTTTGGAGTACATGCTGACCGACCCCAACCCGTTCGGCTTCGAGCGGCTGGAGTACGTCCGCGAGGCCAAGCGATCCAAAGAGCTCAACGGGCTGACCGTCCCGTTCGTCGTCATCTCGGCGTCGGGGATGGCCGAGGCGGGACGGATCCTGCACCACCTGCGCAACACGGTCGAGGACCCGAAGCACACCGTCCTGATCGTCGGCTACCAGGCCGAGCACACACTCGGGAAGCGGATCGTGGAGCGGCGCGAGACGGTCAAGATCTTCGGCAAGCCGCACCCCCTCCGTGCGCAGGTCGAGGTCATGAACACGTTCTCGGCGCACGCCGACGAGCCCGGCCTGGTGGCCTTTGTGTCCGACCTCGACGCGGACCGGTTGCAGACCGTCTACCTCGTCCACGGCGACCCCGAGCGCCAGACGGCACTCGCGCAAGCCTTCGGCCGAGCAGGCATCGACGCGGATGTCGAGGCGCCGGAGCGGGGGCACCGCGTGGCGCTGTCCTGATTTCACGAACGGTCGCTGGCGTCGGGTCGCTCGCGACCTACCTTGCGGCCTGCTCTTTCGCCCCGCCTCAGGTGCCGCGTGCTCGCGCGGCTGAAAAGGGAATCCGGTGCGTCGCCTCGGCGATCACTCCGGAGCTGTACCCGCAACTGTAGGTAGTCCGCCGCCGGCCGCGACGCCTGCGCCCACTCCCGCAAGGGGGGAAGGGCGAGGCCGAGCCGACGGACGCCAGCCCCGCGCCCTCCGCGGGCGCGCTGGCCGGATTGCAAGCCAGGAGACCTGCCTGTCGCGACGACCCCACCCGCCTCCGGGACCAGAGGCGCGGCGTTCCCGACGGCGGCCGACTGGCCGTGCGCGCGCGATCCCCGTGTCTCCGTGAGGCACGGGCTTTTTTATGCGCGCCTGCGCCCTCGTTCTCCTACTCGCCTCGGCCGTCGCCGCCCAACCGAAGGTCGGCGGCCGCCAGCCGGCCACGCCGGACTCCGCTCTCGCGGAGGTCACCGTGACGGCCGCCCGCCAGCCGGTCGCGACCGCCGACGCGCCGGCGCGGGTGACCATCCTCGATCGGGAAGCGCTGGCGGCGACCGCCTCGCTGGCCGAGGCGCTGACGGCGCGCGCGCCCGTCCACGTCCGCCGCTACGGGCCGAGCGGGCTCGCGAGCGTCTCGATCCGAGGCGCGAGCGCGGCGCAAGCACTCGTGCTCCTCGACGGCCAACCGCTCACCGACCCCGCGCTCGGGCAGGTGGACTTGAGCTTGCTGCCGACGGCGTTGCTGGAGTCGGTCGAGGTGCTGAGCGGGCCCGCCTCCGGCTTGTACGGGACGAGCGCGGTCGGCGGTGTCGTCCACTTGCGCCCGGCGACGGATGGCGTGCGGGCGTCGACCGGGCTCGGGGCATGGGGAGAGCGGACGGTGTCGGCGCTCGCTGGCGGCGGTCGCGGCCGGTTGTCGGTCGTCGCCGCCGGGGACCTCGCGCGAGCGGACGACGACTACACGGTCGCCGATCTGGGGCGCGTCGGGCAGCCACGGATTGCGCGTGAGGGGTGGGGCAGCCGTCGCGCCACGGCGTACGGCGCGCTCCGCCTCGCCGACGGACGCACCGTGGCAGGCCTGAGCCTGTGGGCCGCCGACGCCGAGCGCGGGCTGGGCGGAGCCATGCTCGACGGGGCGCTGGTCGGCGCGCGTCAGTGGGACCGCCGCGTCCGAATCGCGGGCCGCGCCGCGACGGCGCTCGCGGGCGCTCGCGTCCAGGCCGCCGGTC
CP177355.1_gap19	837212	838786	1574	GGACGTTCGCCTCGCTGGCGGACGTCGCGGCCGACTCCGGCGCGAGCACGGTCCCCGAGCTCCAGGCGCACGCCGAGTTCGGGCTCAAGTGCCAGCTCTGCCACCCGTACGTCCGTCGGATGCTGCGGACCGGCGAGACCGTCTTCCACACCGTCGTGACCGAGGCCGACGAACCTGAGGGGAGGAGAGGAAGGAGAGAGGGATAGAGGAGCGGCGGCCAGCGCACCCGTTGCCCGTGTCTCGTTCCCTGTTCCCGTCCCTAGTCCGTCCGGATCAGGTGCTCGGGGGCATCGGGCATAGATTCGTCCCCTCCGCCCCGATGCCCGTGCGCGCGCTCTGCCTCAGCCTGGCCCTGTGGGCGCCCCTCGCGGTGGCCCAGCCCGCTGCCCCGGCCGGCCGGCCCGCCGCATCCGGGTTCGTCTCCGACGGCGGGCGGCTGATCCACTTCAACGTGGTTCGAGACAGCGTCGTCACGTTCGGGCAGGGCGCCGAGGGGCGGCCGCGCGTCTCGATCCCGTACGCCGCCTTCGTGGACGTGCTCGGCCGGGCCGGCCGAGCGGGGGCGCTCGGTACCGCCGACGCCGTCGCGGGCCCGCTCAGCATCGACGTGGACGACCGGTCGGTCGTGCGGCTGGCGACCTCGGTGCCTGTCGGGGCGTTGGCGTTGGCGCTGATGAGCATGGGGCTGATCGTGCTGGCGGGCGGGGCCGTGGCGTGGGAGCGGCGCGCGCGGCGCGCGAGCCGGATGCGGGCTGAGTTCCGGCGGCGGCTGGCGGCGGCGCGCGAGGCCGAGCGCGCCCACCTGGCGCGCGAGCTCCATGACGGGCCGGTGCAGGACCTGTGCGCCGTCCAACTCGCGCTCGGCGCGCTCGACGACGGGCCGTCGCGCACGGCCGTGACCGGCGTCGTCGACGAGCTCCGGGCGCTGTGTGACGAGTTGCGCCCGTCGGCGCTCGACGCCTTCGGCCTGACAGCGGCGCTGGCGGCGCTGGCGGACCGCGCCGACCGGCTCGGGTGGGGCGGCGACGGCGGCGGGCTCGCCGTCCGGTTCTCGGCGACGGATGCCGTCCGGGCCGTCGCCGACAGCCGGGCCCTGGGCGACGAGCGACGGCTGGCGCTCTACCGCATCGCCCAAGAGGCCTTGAACAACGCCGTCGCGCACGCGGGCGGGACGCTGGTGGAGGTCGAGCTCGACCTCGACGACGACCGCATCATCCTGACCATCGACGACGACGGCACCGGGCCGCCGGCCGCCAGTGCCCTCGACTACGCCGCCGACGGCCACTACGGGCTGCTCGGGATGCGCGAGCGGGCGGAGCTGCTCCGCGCCGACCTCACCATCGGGCCGAGCCCGCTCGGCGGCACGCGTGTGGCGCTGGCGGCGCCGGTCCCGATGCACCGGCTGGCGACAGTCGTGGCGTCGGTTTAGGCCGAAGTGCCCTTGTCGGGGCCGGGGCCCGTGCGCACCTTCTCGACTCCCGATCGGCCCTCTCCTCTCGTGTTTCATGCCTGACGTCCCCGTCACCGTCGTCGTCGCCGACGACCATCCCGTGTTCCGCGCCGGCATCCGCGAC
CP177355.1_gap20	943625	946331	2706	ACCGCGCCAGCTTCAGGCCGAACGTCGTCGGCTCGGCGTGGACGCCGTGCGTCCGCCCGACGGTCACAGTGTGCTTGTGCTCGCGCGCCCGCGCCGCCAGCACCTCGCCCAAGCGGACGAGCCCCTCGCGCAGGATCTTGTTGGCCCGCAGCAGCCGCAGCGACTGCGCCGTGTCGACCACGTCGGACGAGGTGAGCCCGTAGTGGACCCACTTGCGCTCCTCGCCCAGCGTCTCGGAGACAGCGCGCGTGAAGGCGACCACGTCGTGCCGCGTCTCGGCCTCGATCTCGTGGATCCGGTCGATGTTGAAGCTCGCGCGCTCGTAGAGCGTCTCGACGTCGGCGTGGGGGATCTGGCCCGTCGCCTCGGCCCAGGCCCAGCAGGCCGCGAGCTCGACGTCGAGCCAGGCCTGGAACTGGGCCTCCTCGGTCCAGATGGCGCCCATCGCGGGGCGGGTGTAGCGGTCGATCACGGCAGCGGGGGCGGTGTGGCCCCAACATCGGGCGCGGGCCGCCGACGGACGCTGAAGCCGCCGCCAAGACGGCTCAGCGGCCGGCCATCGCGCGTGCCGTCCGGAGCCGGCCGAGCACGTCCACGGCGAGGCCGCCCACCGACCCGGCCTGGTTGGCGAGCGCCACGACCGCCAGCCCCTCGTTGGGGACGACGCCGAGCAGCGAGGACGATCCGTACGTGCTGCCCTCGTGGACCGCCAGCGTGCCGCCGCCGTTGAGGTCGAACAGCGACCACGCGAGCCCGTGGGCCTGGCGGTCGCCGAGCGCGACGCGGGGCTCCAGCGTGAGCGCCAGGGCGTCCGCGAGCGGCGTCGCGGCGGGGTCGAGCACGGCCTGGGCGAACGTGAGCAGGTCGGCCACCGACGATCGCAGCCCGCCCGCCCCGACGGTCGCCTCGCCCCACGACCACGCCGGGATAGGCTGGGCCTCCGTGCCGCCCGCCGCGACGCGGTCGGCGAGCGAGTCGGGGACGGTCGTGAACGTCTCGCGCATCGCCAGCGGCGCCAGGACGCGGTCGGCGACGAGCGCGCCGTACGTCGTGTCCGCCTGCCGGGCGAGGGCGTAGCCGAGCGCACCCACGGCGGTGTTGGAGTATTCCGGGGCCTCGCCCGGGCCCGTCGCGGGCTCGGCGTCGGCCAGGAAGGCCAGCAGGTCGTCGGGCCCGTACATCGCGTACGGGTCGCGCGCGTCGTGCCCCTCCGCCTGGTCCATCGCCGGGTCCAGGCGGGGGAGGCCGGACGTGTGTGTCGCCAGGTCGACCAACCGGATCGGGCCTGCGGCGTGCGCGCCGACGGGGGCGCCGAGCACGTCGGCGAGCGGGGCCTCCAGCGTGGTCTCGCCCCGGACGACGGCGTCCGCGAGCAGGACGGAGGTGAACACCTTGGTGACCGACGCGATCTCATAGAGCGTGTGCTCGTCCGGCGCGGCGCCGTTGACCTCGCCGGCGCTCACGACGTACCGCCGGCCGTCGACGACGACGCCGAGGACGACCGAGGGCGCGCCGGTGGTCGCGATGAAGGCGTGGGCGAGCGAGTCGAGATCGACGCCGTGGGGCGTCGGCGCGGGCTGGGCGCTGGCGGAGGCGGCGACCAGCACCACGAGCGTGGTCAGGAGTCGGCGGCGATACGTCGGGTCGGTCAGCAGGCTAGTCATCGTCGGTGAGGGCGTGGAGGGTGGCCGCGAGCCGGTCGCGGAGGGGGAGGAGGTCGCGGGCGACGGCCCGCTGGTTGAGCCAGTAGACGCCCCCAAGCAGGCCGCCCATGAGGGCGAGCACGAAGGCGCCAAAGAGCAGGACGAGGCCCGCTCGCGCCGGCGCGAGCGCCGGCCCGGTGACGAGTTCGAAGACCAGGCCGCCGACGCCCATCAGCACCGGGCCGATCATCAAGGGCAGGAGGTACCACCAGGCGACCGTCCGGAGCAGTCGGATCTGGATCTCGACGCGCTCGAGCGCGACGCGCAACGCCTCGGCCGTCGGGGCGCCGGGCGCGACGGGCGGGCGGCGGCGCTGGGCCCGCCACATCCAGACGCACACGAACGCGGCGCCGAGCACGGCGAGCACGATCCCGACGCGGTCGAGGCCGTCGGCCGACGGGAAGCCGCGCCCGAACATCACGGCGACGAAAATGGCCCCGGCGTACTCGCGCCGGTCGCGCCAGCGGAGGGTGCGGTCGAACCGGTCCGCCTCGTCGCGAGCCTCCGCGAGCGCGTCGGCTCCGACGGTGGGGGCGGGGGCGTCGGCCGTCTGCCAGACGGCCTGCAGGGCGTCGAAGGTGGTCATGAGGGAATGGGGTCGGAAACGAGGGCGGCGAGGCGCGCCTTGGCCCGGTGGAGACGGACGCCGACGTTCGAGACGGACAGCCCGAGCACATCGGCGATCTCGGCATGCGGGCGCTCTTCCAGCGACAGCACCACGAGTGCGCGGTCGGCCTCGGGGAGCTGGCGGACGGCGGCGAACAGCCGCGCAAGCGCGTCGGAGCGGTCGGCCGTCGCGAGCGGGTCCGGGCCGCCGTCGGCCAGCGCGTCTACGGCCGTCGGCGCGTCGACGGTCGCCCGGCGCTCGCGCGAGCGGACGGCCCCGAGCGCCACGTTGAACGCGATGCGCGTCAGCCACGTCCGTTCGGAGGCCTCGCCGCGGAACGACGGGAGCGCCCGCCACACCTGGAGCAGCATCTCTTGGTAGAGGTCCTCGCGGTCG
CP177355.1_gap21	979025	979702	677	AGATGCGGCACCCGCCCCGGCGAGGGAAGGGCATTTCCCTGATCCTCGCCTGAGGGATCGCTGGGGACGCCCCGGTGGGATACCTGCGCTGCGAGGCGGCGTACACCCCGCCCCACCGCTCCCGCCATGACGCCCGCAGTCTCACCCGCCGACACCTCCCGCCCCGAGATCGACGCCGCGCTCGCGGACCTGTCGGCGCACGCCACCGAGTGGGCGCGCCTGCCGATCGCGCGGAAGGTGGCGCTGCTGGAGGGCCTGAGGCCGCGCATCCTGGACGCCGCGACGCGCTGGGTGACGGCGGCCTCGCGCGCCAAGGGGCTCGCGGTCGGGTCGCCGCTGCGCGGCGAGGAGTGGTCGTCGGGCCCGTGGGCGCTCGCCAGCTACGTCGCCCCGCTGGCGACGACGCTGCGCCGGATCGAGGCGGGGACGGTCGGCGAGGCGCTGGCCGGGCGCGTCCGCCAGCGCGACGACGGGCAGACGGTCGTCCGCGTGGTGCCGGGCGACCTAGCCGACCGCGTGGTGCTGGCCGGCCTGGAGGTCGACGTCTGGATGGAGCCCGGCGTCGAGCCGGCGACCGTCGCCGACACGGTCGGGGTGTTCTACGAGGACGATTTCCCCGAGGGCGGCGTCGCGCTCGTACTGGGGGCCGGCAACATCGCGTCGATCCCGCCGCTCGA
CP177355.1_gap22	989952	992587	2635	GTCGCGCGACGAGTGGACGTTGACCCACGGGAAGGCGCGGTACCGGACGTCCTGGATCAGCGGCTGGACCGCGTTCGCCAGCGCCTCGCGGACCGGCGACAGCGACTGGTTCTGGGCCCGGAAGATGTAGGCCGTCTTGTCGAGCGGCGACCCAAAGGTGAGCAGCAGGCGCGTCCGGCCGAGCACGTCGACCGGTTCCTCGGCCGCCTCGTCGAGCGTGAGCGCGCGGTTGAGCGCGTCGTAGGCGACCACCGACCCGAGCGAGTGCCCCACGATGGCGACGCCCGCGTAGGCCGGCTCGCCGTCGGCGTCGCGGCTGTGGTAGACGCCGTGGAGCAGCGTCGTCGTCACCTCGCGGATGGCGCGGCGCAGCTCGGCAAAGCGGTCGAGCGTGTGGGACGACACGTACGCGGCCACGTCACCGAAGTACTGCACGATCACGTTGCGGATGAGGGCCGACACGCCGAACAGGGCGAACCACACGCCGAGCCGGAACCACTGCGCGTCGATGGCGCCGATGCTCCCGGCCGCCAGCGCCTCGGGCAGGCGCTCGACCGTCAACCCGACCACGATCGCTCCGACGACGGCCACCACGGCGGCGGTCAGGGTCACCGACAGGGCCTGCTCGCGCCAGCCGGTGAGCGGCCGGCCGTCGTACGGCTCGCCGCGCTCGCGCGCGGCGCGGTAGCCGGCCTGGAGCCGGCGCCCGTGCCGGCGCGAGAGCACCCCGGCCCCGACCGCGCCGATCGCCAGCAGCCCGGCCCCGATGGCGATCGGCGTCGCCGGCAGCGTCATCGCCGCCTGGCGCCCGACGGCCTTCCAGAGCAGCACCGACAGGGTCAACATGCCGGTGAGCAGGGTCGCGCCGACCCAGCCGACGAGCCCGGCCTCTATCACCGCGAGCAACGCGCGCCGCGCCCGGCTCGGCCGCGCCGCGTCGTAGTTGGCCGTCTTCGCCGCGATCCCAAGCCCCAGGCCGACCACGGTCGTCACCCCGAGGTAGAGCGTCACGATCGTCGTCAACGCCGATGCCAGGGGGCCGCCCGTCTGGGCCCGACCGTTCGCCAGCACGTCGTAGCCGGCTTCGAGGACGACCGCGCCGATGACGCCGTTCAACAGCACCAGCGAGCCGAGCACGAGGGCCGTCGTGAGCAGCCCCAAGAACGTGCCCACCTGGACGCCGTGGATCGCGTTGTGGCCGAACATGAACCGCTCCAGTGGCTGCCCGGCCCCCTTGCGCAAGCCGTTCCACGCGCCCCGGACCAGGAACAGCATCACGTCGCGCAGCGACACGCGGCCTTCGGTGAGCGGCGCCCAGTACGCTTCGTAGAGGTGGACGTCGAGCGGCGTCTCGGCGCCGTCGACCTGCACGCCGAGCTCCAGCCGCTGCGTGCGGATCTCGCCGAGCTGCACCGTCCGCGCACCGACGGAGATGTCTTGGACGGCGCGCCCGCCGAACGTCCACCGGCCGAGCGCCCGCTCGATGCCGCGTGCGGTGAGGTCGAGGGTGGCGAACGGGAGTTGCTGGCCCATCCCGTGCGTCACGAAGACCGCCAGCGGCTTGCGAGCCGGCGGCTCGGGGGGAGGGGGCGGCTCGGCGTCGGGCGCCGGCGGCGGGGCGGCTTCGAAGGTCGGAGCCGGGGCCCCACGGCCGGACGGCGCCTCGGGCGCGGCCGGCGCGGGCGCGGCCCGGTCGATCACGGGCTCGGCCTCGACGTAGGGTGCTGGCCCGCTCTTGGTGGCGAGGGCGGTCGCGGTCTCGACGGACAGCTTCATCAGAGGGCGGAGGCGGGTGGAGAGGGCGGAGGCGGGTGGCCCCCGCATAGACCCGCGAGGCCCCGTCCGCATAACCTCCCGCCGTCGGATTCACACGCCGCCCGGCGCTCGCGGGGCGGTCACGGGTCCCGATACGACACCACGCGCGTCGTCAGCGGAGCCGCCAGCGGGGCCGCCAGTCCCACCGTGCCCGTCGCCTTGGACTGGTACGGCACGTAGTCGAACATCACCTCGGCGCACACCTCCGGCCCGGCGCAGACCTCTACGACGACGTTCTCCGCCACCTTCTGTCCCGTGTTCTCGACCTCGACCGGTACCCCGACGGTCAAGCTGTCCACGGAGGGCTCGCCGAGCCGCACCGACAAGTCGGCGGGGCCGCTGGCGCCAGCCACCAGTTCGTAGACGAAGAAGCCGACCACGAACAGCACGATGAGCGCCCCGACGGCAGTGACGGACCACTCGAGGGCGTTCTTCGCGGGGCTCGCGTCGCCATCGCGCGAGCCCTTCGCCTGGGCATCGTCGGTCGTCGGATCGCCGGGCTCGGTCGTCTCGTCGTCGTCACGGGTGTGTGTGGGCATGGCTAGGGCGTGTGGAGAGTTGCGGGGTCAGGCTCGCACGAGGTCATGATTTCGGCCTCGCGAGGAGGGTGGAGTCTGGCCCGTGGGAGCCGATCTGGGTGGCTGTCCACGCGCCCTTAGAGGAGGAGGCGGCCGATGGCGCCGCCAATAGTGGCGGGCCAGGCGAGGTAGACGGTCATGCTGAGCCCGGCGCCCAAGCCGACGTGGTCGAAGCGGCCCGTCGACCACAGCAGGATGGCGGACAGGACGAGGGCGATGGCGTACGTCACGACGGCGTCGCC
CP177355.1_gap23	1004820	1005325	505	GACGACCGGGTCGGCTACCTTCGGCAGCTGCTCCGGGCCCGCGTAGTACGTCACGGCCTGCTTGGCGCGGCGCTCGTCCTGATCGGCCTTGTGGTCGGCAATCGCCGTGCCCTGGCGGACCTCGTCGATCGACTTGGTGACCGTCGTCGGCGTGATGCCGTGCTCCTCGTTGTAGGCCCGCTGGATGACGCGGCGGCGCTCGGTCTCGTCCATCATGCGCGCCATCGAGTCGGTCACCTTGTCGGCGTAGAGCACCACGAGCGCGTCCGCGTTTCGGGCCGCGCGGCCGGCGGTCTGGATGAGGGACCGCTCCGAGCGCAAAAAGCCCTCCTTGTCGGCGTCGAGAATGGCCACCAGGTTGACCTCGGGCAGGTCGAGCCCCTCGCGCAACAAGTTGATCCCGACCAGCACGTCGAACTCGCCGAGCCGTAGGTCGCGCAAGATGTCGACGCGCTCGAGCGCGTCGATGTCGGAGTGGAGGTACCTCACGCGGACGCCGAAGCTG
CP177355.1_gap24	1010836	1015357	4521	GGGGCGTGCCCGTTTCGCTGGCGCACCGAGACCCAGTCGTTACCGGGGGGCTGGTCTCTTTGGACGGCGGGCGCGTGCTCCATGGCCGTGTTCGATTCGGCTCGCAAGCGGGTCGTGCACGGTTCGAAGTACGTGTCGGGAGCAATGTGGAGGTTGCGTTCTCGGTGTCTGTGCTCCCGTCGAAATTGGGAGAGGGTGAGGTGGCTCAAATGCGGGCCGAGGTCGAGGCCGTCGCGGCCGGTTTGTCGGTCGCGGCGGTCCGCCCGGCGACGCGCCGCGTCGATGCGGGGCCGGCTTCTCCATCGGTGCCGGTGTGGCTGGCTGCCCTCCGGCAGTCTGTGGGCGACCTCTCCCGTGCGGTGCGTGCCATCGATCGACGACCAGCGTTGGATCTGACCGAAATCGTCGAATCCGTTCGGACCGGGCAGATCGTGCGGCCGTTGGCCGAGACGCGAGCGGCGGTGCGCCAGCTTGGGATTGAGTCGGAGACGCTGCCCGCTGGCGTCCCCCAGCTCACCACCGACACGCCCTCCCACCGTTGGCTGGCGGCGCGGATCGCAGGTGTGGCGAGAGGCCTGCGTGCTCTCGATCAAGCCGAGGCACTCCGTCGGCCAAGCGCCCGCCGGGATGTGCTCCGGGCAGAGGTTGGTGGCCTCGCGCAGCAGGTCGGGGTCCTGGCGAGAGTTCCGGTTCTGGCATCGTCGGGAGCACGGGTGCCAAGGGTGCCTCCGCTGATGCTCCGTCGTCGTCCGGCCTACGCCGCCGCCTTCGACGCGCTCCGGCATCTCGACCTCGGGCTGGCGCTTCGAGAGGGCGCCCTCGATGTCGCGATGCAGGATCTCGCCGTGCTCTACGAGACGTGGTCTGCGCTGGCCGTCGTGCGGTCGGTCGCGAGTGTGCTCGGCGTGGACCCACCTGCCCGCCCGTTCGGGATCGACGTTCGCGGGGCGGATGTACGGTTGCGTCGTGGCCGGGCGCACGCGGTGTGGCTGGAGGGCGACGGGGTCGCCGTGGAGATCGTCAACACGCCGCGCTTCCCGGCACCGCCCGCGCTGCTGGCGCAGCGGCCCGACCTGCTGCTCACCGTCCGCCGGGATGGCGAGGTCCGCCGGGTCGTGCTCGACGCGAAGTACCGCCGCGACGACTCCCCCGGATACCGCCGCCGTCACGGCGCGTCGGGGCCGCCCGAAGACGCGCTCGGCACGCTCCACCGCTACCGCGACGCCATTCTCGGTGACATCACGCTCGCGGCTGCGCTTTTCCCAGGCACGCCGGACGATGCGTTCTTCCGCTCGCGCCTGTGGACGAGCCTCGACACGCTCGGCGTCGGGGCCGTCCCGCTGCGGCCGGGCACGACGGACGCGCTCGACCGGCTCGTCACCGGAATCGTCGGGTGACCTCGCGCGCCGCGATCGCCGCCATCGGGACCACGTCGGTCGAGAGCACGTCGGCCCCAGTTGCCAGAATCGGGGCGTAGGGGGCCGGAGAGGCCGTCGCGCGCGCGGCGGCGTCGATGGCGCCGAACGCGCCGACTTGCGCCCGGATGCCCGTCGCGTGGAGCCGCTGGATCACGACGGGGTCGGGGATACCGACGCCCGTCCACGCGATGACGCGAGTGGGGTCGATGGGCGCCGCCAGCAGGGCGTCCACGTCGGAGGTCGTCTCGGCCGTCGCGGAGACGACGAGGTCGGGGGCGAGCGCGAACAGGCGCTGATGGTCGGCCAGCGAGTACGTGATGACGGCGACCCGGTCGGCGGCGTCGTGCCGGCGGATGGCGGCCACCAGCTCGTCGTAGGGCACGTCGGGCTTCACGTCGAGCAGGAGCACGGCCCGGCCGTCGGCCCACGCGAGCGCCTCGGCGAGCGTGGGGACGCGGAACGAGGTGACGACCGAGTCGGCGACCAAGCGGAGTGTGCGGACCTGGGCGAACGTCGTCGCGTCGACGCGGCCGGTGCCGGTCGTCGTCCGGTCGAGCGTCTCGTCGTGCATCAGCACCAAGACGCCGTCGGCCGTGCGCCGAACGTCGGTTTCGATGAGCGCGGGCGCGTGGTTGAGCGCGTACTCGAACGTCTCGACCGAATTCTCAGGCAGGCCGTGGACGGGCGCGCCTCGGTGGGCGCTCACCCAGACCGGCGCGCCCGGGCGCCACCGCAGGCCCGCCGCGAGGTCGGTCGCCGAGTCGTAGTCGCGGTAGTGGACCGACGAGACGGGGACGGCGACGCGGTCGGCCGGGCGCTCGTCAAGAGTGAGCGGGCGTGGGCCGCCGCAGGCCGCCAAGGCGACCGTGAGCAAGAAGACGAGACGGGTCATTCGGACGCGGCGGCGACGCCGTACTTGAGGCGGGCAAGGACGCCAGCGAACCCGCGCTGGCGCTGAGGCCCCAGGAGCGGGGCGATGCCCAAACGGGTGAGCAGGTCGGCCGGGATGGCGGCCACCTCGTCGGGGCGGGCCCCGTTGTAGGCGTCCATCAAGATGGCCACGAGCGCGCGCTGGGTGGGCGCGTGGCCGGGGATGTCGGCCCAGATGTGGACACGGCCGTCCTCGACCTCGGGGAAGAAGTAGACCTCGGCCTGGCACTCGTGGACGCGCCCGAGCCCGGCGTCGCGAGCGGCTTGATAACGTTGGGGGAGCGGAGGAAACTGGTGGGCGTGCTCAAGGAGCAGCTCCACTTGCATGTCTCGCGGGACGGCCGACAGCTCATCGGCAATCTGTTGGAGGCGGGCGTTCATCGGGGATCTGGGGGAGAAGGCAGAGGGCTGGCGTCCGCAGTGGGCCGGGGAGGGTCCCGGATCTCGACCGGTACTAGTCCTCGTCGGGCATGCCCTTCTCGATCGGCACGCCGACCAGGTTGCCCCACTCGGTCCACGAGCCGTCGTAGTTGCGGACATCCTTGAAGCCCAGCAGGTAGCGGAGCACGAACCACGTGTGGCTGGACCGCTCGCCGATCCGGCAGTACGCGATCGTCTCGTCGCGCGGGTCGAGGCCCTGCTCCTCGAGGTAGATGGCCGCCAACTCGTCGCGGCTCTTGAAGGTGCCGTCGTCATTCGCGGCGCGGCTCCAGGGCACGTTCGCGGCGCCCGGGATGTGGCCCGCGCGCAGGGCCGCCTCGGCGCCGGGGTCGTGGGGCGCGTGCGAGATCTCGCCGATGAACTCCTGCGGCGACCGCACGTCGACCATCGGGCCGCCCTTCTTGAGGTGCGCCAGGACGTCGTCGCGGAAGGCGCGGACGGAGGGGTCCGGGTCGGCGCCTTCGTAGTCGGTGCTTTCGTAGGTCGGGACGGTCGTCGTCATCGTCCGCCCCTCGGCCTCCCACTTGGCGCGGCCGCCGTCCATCACCCGGCAGTCGGCGTGGCCATACATGGTGAAGGTCCAGAAGGCGTAGGTGGCCCACCAGTTCGACTTGTCGCCGTAGAAGACGAGCGTCGTGTCGGGCCGGATGCCGAGCCGCGAGCACAGGGCCTCGAACTGGCGCTGGCTGATGTAGTCGCGGACGTCGGGGTCCTGGAGGTCCGTCTGCCAGTCGACGTGGACGGCGTTGTGGAGGTGGCCCGTGGCGTAGAGCAGCACGTCCTCGTTCGATTCGATGACGCGGACGCGGTCGGTGTCCGCGAGGTGCTTGGCGACCCAGTCGGTGGAGACGAGGACCTCGGGGTGGGCGAAATCGGGCATGGGAGGCCGGAGTGGCGGAAGGGGAGAGGCGAGAGGTACGCGCGCGGATGCGGGGCGGTCCGGGCTATTGTGCCGCGCGGGCTCTTCATATGGTCTCCCAACGGCAGGGCTTGCCCCGGCGTGGGCGGCCCTACGCCCGATCTTGGGACCGACACCAGGCGGAAGGAGGTGCGGCGGGTGGGGGGACGCCCGGGTGCCTTGACTCTGTTTTTACGACCCGGCTATATTCGAGCCGTCGCTTAACACGCCCTTTACCCAAGGCCCGCCCGCTCAGGTTGTCACTGTCCTCGCTTATTCAGGACCAGCCGAGCGCGCGTGGGCGCGTGGGGGCGACGCGCGACCGAGAGGTCGCCAGGGCCGCATTGCGGCCAGAGGCCCGAGATCAGGGCTCCGGAGCCCGCTCCGGACACCACACACCGCCCGGCCCCCTCGGGCCACGGCATCCCTCGACCTGCGTCGCTCTTGACGCACCTTCCACCCCGGGCCTCTGGCGCTCGGGCTCACACACCACCCTTCAGGAGGTAGCAATGTTTCGTTCACTGAGCACCGCCGTGCTCTTGCTGCTCTTCGCCCTTCCGGGCGTCGCATCAGCACAGAACACAGGCAAGCTGTCCGGCAGCGTGACAGACGCAGAAACCGGTGACCCGCTCATCGGTGCCAACGTCTTTCTCGCCGACATCCAGCGCGGCGCCGCGACTGACATCGACGGCAATTACACGATCCTCGGCATCCCCGTCGGTCAGTACGACATCCAGTATTCCTACACGGGGTACCAGACGGAGACGCTGACCGGCGTCGAGATCTCGCAGGGGCGTACCCGCAACGTCGACATCACCCTCTCGGGTGCGTCGA
CP177355.1_gap25	1062537	1064350	1813	GTGTCGCCGGCGGCTGGCGCTTTGCTAGGCAGCCGGGCGGGACGGCACGCTGCTGGTTCGTCCAGCAGAACGGGGCGGAGATCGGTCCACGGGGCCGGTGTCCGCCCCGAGCCGGCTCGCTCAGCCCGCGCGTGTAACGGCGACGAGCCCGACCGACTGGCTCTTGCCGCGCAGGGCGGCAGGGCCGAGGGCGGTGTGGGTCGCCTCCGCCAGCGACGGCATCCGGGCCAGCATCTCATCCGAGATGAGGAGCCGATGTCCGCGCGGGCGGCACTCGCCCTCGATGCGAGCCGCCGTGTTGACCACGTCGCCCGAGTGGACGATGTCGCGCTTGAGGTCGCCGACCTCGGCCGTCACCACCTCACCGCCGTGGACCCCGCACTTGAAGGCGGGGACGGCGCCGTAGCGGTCGCGGTAGCGGTCGGCACGCGCGGCGACGCGGGCCTCGACCAGGAAGTAGAACCGGAGCGGCGCGGCGTCGTGCTCGGCCCGCTTCATCGGCCACGACACCATCACCTCGTCGCCGACGTACTGCACGATGCGCCCGCCGGTCGCCAGCACGGGCTCGGCGACGTCGGCGAAGAAGTCGTTCTTGAAGTCGGTGAACGCGAGCGGGCCCAGGCGCTCGGCCCAGACCGTCGAGTCGGTGAGGTCGAGGAAGGCGAAGGCCCGCTCCTCGTGGCGTGGACGGCGGTACGTGCCGAGGAAGAGCGCGCGGAGCGTCTCCGGTCCCAGCACGCGCCGGAGCTGGAGCATCAGGTTCACCACAAAGCTCGACGCAAGGAGAAACACCATGAACCGGAACAGGACGCCGCTCTCCGCGAAGGCCAGAAACGCGGGGTCGTTCCTCAGCTCGCTCGGCGAAAGCCCACCCACGACGTAGCCCAACGTAGCGATCACGGCCACCATCGAGATCTGGACAGCGATCGCATACGTGACCGTTCGCACCACGAGGGCGCCCCAGAGCGGCAGCGCCCGCATCGGGCGGGGCAGGACGGCGGTTTCCAACCATGCCGAGATCAGGCCGACGATCGCGCCGATCGCCAGCGACCGGAGGAGCGTCTGGGCCGGAGACGCGATCTGAACGCCGGGCGTGTCGAAGCCCGACCACGCGACGCCAGACACGTTCGCCGCCAGAAACGCAGCGACCGACCAGCAGACGATGAGGAACGGGGCGAGGCGAAGCGCGCGGCGGACGCGCCCCACGGTCACGAGGCCAGCGGCTCGGACGCCCAGGCGACGGCGTCGTCGCGCTCGGCGCGGGGCCACACCTGCACGTCGAGGCCGGGCAGGAACGTGCCCTGCGCCTTCGCCATCGCCTCGATCCAGCCCGTGTCGGTGACCACGGCGTAGCGGTCGACCTTGCCGATCTTGGTGACGAGCCCGAACGCGCGGCTGAACTGGGCGCCGACGGCGTCGAGCGTCAGCCCGCCGACGCCGGTGATCTCGCCGACGAGGTGGACGTGCCCGCGCGCCATGACGCCCTCGACCTCGCGGAACAGCGCGTCCACGTCCGGGCGGGTGACGGTGCCGTCAAGCACGAAGCCGACGACGTGGGGCGGGAGGCCGGGGAGGAGGCGGAACATGGGGCGGCGGGGAGGGGACCCGCAGAACCCCCGACCGCGCGCGGCGGGTCCCGCCGCTACGCCAGCCCGTGCGGGTCCGCCAGCCGCTCGGCCAGCGTCGTCACGAACCGGGCCGCGTCGACGCCGTGGACGGCGCGGTGGTCGAACGTCAGGCTCAGCGCCAGCCGGTGGCCCGGCACGCACCGCCCGTCGACCGGCTCGCACACCGTTCGGAGCCGCCCGACCCC
CP177355.1_gap26	1076472	1081174	4702	CCGACGTCGTCGGCGGCTCCGATGTGTGGGCCTACACGGCGAACGACGGCGCCGAGTACGCCATCATGGGCAACGTCGAGGGCATCGCCATCGTCGCCGTGCCGAGCCTGGAGGTCGTCGCCCAGATCGCGGGGCCGACGGCCGACGCGCCGTTCTACTGGCGCGACATCAAGACCTACGGGTCGTTCGCCTACATCTCGACCGAGGCCTACGGCCCGAGCGAGGGGCTCCAGGTGATCGACCTGCGCGGGCTCCCGCACCACGCCGAGGAGATCGCCGTCGTCCGCGGTGAGAACGACCGGATGGTCTCGTCGCACAACATCTCGATCGACACGGCCACGGGGTACGCCTACATGCTGAACTCGGACGGCAACGGGATCGTCGTGATCAACCTCGCCGACCCGATCCGCCCGGTCGACATCGGGGAGGTGCCCGTGCCGGACGCGCACGACATCGTGGCCCGCAACGACACGCTGTACGTGGCCGAGGGCCGCAACCCGACGTTCTCGATGTGGGACATGTCGGACAAGACCCACCCCACGCTCATCGGCCGCGTCGACGTGCCGTCGCCGGGCTACGTCCACAACATCTGGCCGAGCGCCGACGGCCGCCACGCGCTGACGACCGAGGAGACCGTCGACAAGACCGTCAAGGTCTGGGACGTGTCCGACTCCGAGAACCCGACGCTCGTCGGCGACTGGCTGGGCGCGAGCCGGCTGGCGCACAACGTCCAGATCGACGGGGACTACGCGTTCGTGTCGCACTACTCGGCCGGCGTCTACATCCTGGACATCTCCGACATCGCCAACCCGGTCGAGGTGGCCCGCTTCGACACGCACGCCGACAACGACGACGCGGCGTTCTACGGCAACTGGGGCGTCTCGCTGCCGTCGCCGAGCGGCTACCTCTACGCGAGCGACCTCGAAGGCACGCTGACGGTCCTCAAGTGGGACCCCAACGCGCCCAACCTGTAGGCTCCGTCTCCGACGGTTCGCGAGCCCGCCTTGGCCCTGCGCTGGGGCGGGCTCGTCAGTGGGGCCCCTGCCCGCGCGGAGGCAGAGAGGGGTGGGGCCCGGCCGACATGTAGGTGCCCAGACTCTGGACTGGCGGTGCCCTCCCGGCGGGGGCGCCTACGCGGGAATGGCGAGGTCATGGGGGACGCGTGGCGAGCCCCCGCGCCCCGTCCACGCCCAGTGGTAAATCGCCCGGCGTGACCTGTGGTTTCGCCGTCTGCCGTAGCCTAGATGAGACCCGCCTCCCCGCCGATCCATGCGCTCGCTCCTGCTTCTCGCCGCCCTCGCCCTCCCGCTCGCCGCCTGCGGCAGCGATGACCCCGCCGACGACGCGATCGAGGAAACCGGCGAGCCGGGCATGCTGGGACGCTTGGGCGAGATGCAGAGCGCCGTGGAGCAGATGCAGGAGGCCGCCGAGCGCCCGCCGGCCGAGCCCGTCAACTTCCGGACTCTGCGCGACCTGCTGCCCGAGGAGGCCGCCGGGCTGGCGAAGGGCGAGGTCGAAGGCTCGACGGACGGCGCCATGGGCTTCTCCATCTCGCGTGTCGAGGCCGTCTACGGCGCCGACGACGCTCGCATCGACCTCGGGATCATGGACTACGGCGCCATCCCGTCGATGGCCATGATGGGGCTGGGCTGGACGATGGCCGACCTCGACCGCGAGTCCGGCTCGAGCTACGAGCGGACCGTCTCGATGGGCGGCCGGCGCGGCTACCGGACGTACGACTCCGACGCCCGCAGCGGCGAGTTCAGCCTGATCGTCGCCGACCGCTTCCACGTCGAGGTGACCGGCACGGGCGTCGACGACGACGATCTCGAAGCCGCCTTGCGTGCTGTCGACCTGGCGGGCTTGGAGGCGCTGCGCGACGAAGGGCGGCCGGACGCCTAGGGGCGAGCGCCGTAGAGAAGACGCGAGGAGGGGAAGCGGCGGAGTGGGGACATGGCGAGGTCCTCTTCTCCTCGTTTCGTCCTCTCCTAGCCCGCAGGGCGAGCCTGCACCGGCCCGGGCGTATCCTCCGGGCATGTTCGACGCCCTCCCCGACGCCGCGCGCGTCTGGCTTTTTCCCCTCGACCGCGACCCCTCCGACCCCGACGTCGTCGTGGCGCCGCTCGCCGGCTGGCTGCCCTCGTGGCAGAGCCACGGGCGCCCGGTGCGTGCCCAAGCGGCGGTGCTGGCCGACCGCGTGCTGGCCGTCGCGGCGGTGATCTCCGAGGCCGACCTCAATGCCGGCGTCTCCGGCTGCGGGATCGACGCGATGGAGCGGGCCGTCGCGGACGCGCTCGCGGCGGGTGGACTTGGGCTGGCGCCCGCGCTCGGCGTGGCGTACCGCGACGCCGACGGCGCGTGGCAGCACGTCCCGCGTCCCGCCTTCCGGCGGATGGTGAAGGCGGGCGAGGCCGGGGCCGAGACCGTCGTGCTCGACGTGACGGCCGCGACGGTCGGCGACCTCCGCGCGCACGGCGTCGAGCGGCCCGCGGGCGAGACGTGGGCGGCCCAAGCCTTCGCCCTCTAGTGGGCTCGCAGACCGGCGCCCTGCGCGAGGTCGTCCTGGGGACGCTCGCCGTCGCCGCGCTGCTGGGGCTCGGGGCGGGCGGCTACATGTTGATCGAGAGGTGGTCGCTGATGGACGCCGTCTACATGTCGGGCATCACGCTGACCACGATCGGGTTCGGCGAGGTCCGCCCGCTGTCGCCGCTCGGCCAGGTGTTCACGCTCGCGCTCGCGTTCGTGGGGATCGGTACGTTCGCCTTCATCGCCTCCCGCGTCGTCCAGATCCTGGTCACCACCGACGCCCTCCGCCAGCGAGCCATGCAACGACGGATCGACAACCTCTCGGGCCACTACGTCATCGCCGGGTACGGCCGCCTCGGGCAGCGCATCGCGCTCGACCTGGTCGCCGCCGGGCGCGACTTCGTGGTCGTCGACCGCCGCGACGACCGGGCCGAGCAGCTCGACGCCGAGGGCTTCCCCTACGTCAAGGACGACGCCGAGGAGGAGTCGACGCTGCAGGCGGCCGGGCTGGAGCGCGCCGCCGGGCTCGTGTTGGTGCTCCCCCAGGACGCGGCGAACGTGTTCGTGGCGCTGACGGCCCGGGAGCTGATGGACGGCCGCGACCTCTTCATCGTGGCCCGGACGAACGAGCAGACCTCGCAGCGCAAGCTGCTCCGCGCCGGGGTCGACAAGGTGATCTCGCCGCTCGAGATCGGCGCCGACCGCATTGCCCAGACCATTCTGCGCCCCCGCGTCGACCGCTTTATGGAGAAGGTGCTCGGCGTCGACGCGCTCGACTTCGACCTGGAAGAGGTGACGGTCGAGGCCGGGAGCCTGCTCGACGGCCGCTCCCTGTCCGAGGTCGACTTCCGGCGCCACTTCCAGGCGATCGTCGTCGGCGTGCTCCGCTCGGCGACGGGCGAGTGGCAGTTCAACCCCGACGCCCAACTCGCGCTCGCCGAGGGCGACACGCTGATCGTGCTGGCGACGGCCGAGCAGATCCGCAAGATCCGCACGGAGGGCGCGACGCCGCTCTCGAAGGTGTCGATCAAGTAGCGAGCGCGGCTGACGCCTCGACGGGAGGGATGGGGCATCGGGCACGGAGCAGGATCGCTACGTGCTTGCTCCACGGTCCCTGACCTGTCATCCTGAGAGTGCGAAGGGTCTCAACGCCGACGCCCCACGCCGTTCGGAACCGGTCCCAACGGCTCGAAAGGCTGGCGTCGAGATCCTGCACGTCCGTTCAGGAGGATAAGTCGAAGGTTCTGCGCTAAGCACGTGGCAGCGCTGTCGGCACGGAGGGATGGGAAGAAGGCTTGCGCCTCGTCCCGCATCCCTATGGGCTCGGCTACCCGTCGAAGTCGCCGCCAGCGACGACCTCGTTGGCGATCTCCAGGCGCTCCAGCGTGCCCATGTCGAGAAAGCGATTCGGGGTCGCGTCCGTGCCGTCGAAGGCGGCCACGCGGGCGCCGTCGCGAGCCTGCCCGAGGTAGACGTCCATGACGGAGAACTTGACCTCGTCGCGCGCGAGCACGGCGTCGAGCAAGGCCGGGCCACACGCCTGGACGCCGCAGAAGTCGACCATCCGGCCCTCACCGTCTGCGTCGCGCATGGGCTTGGGCTCGCCGCCGTCGAGCGTGTAGCCCGCCAGCCCGGCGTCGTCGAACAGCAGCGCGCGGTCCGTCTTCGCCTCGGCGACTGCCAGCGTGGCGACCCGGCCGTCCGTCGCGTCGCGTTGGGCGGCGAAAAGGGCTTCGAGGTCCACGTCCGTCAGGATGTCGGCGTTGTGGACCAGGAACGGCGCGTCGCGGCGGAAAAAGTCGGCCGCCTTCTTGATGCCCCCGCCCGTCTCCAGCGGCCCGTCCGGCTCGTCGCTCACCACGACCTCGACGGGCTCGCCGTCGGGCGTCCGCCAGTCCACGTCCGCGACGTAGGCCTCGACCTGGTCCGACAGATGCGAGACGTTGACCAGGATCCGGTCGGCCCCGGCGGCGATCAAGCGCCGCGCCACGCGCTCCAGCATCGGGACCCCGTCGACCTCGACGAGCGGCTTGGGCGTGTGGTTCGTAATCGGGCGGAGGCGCGTGCCGAAGCCGGCCGCGAGGATCATGGCATCCATAGAGGGACTGTGGGGACTGGAGGAACGGAGGGTGAGTGCGGAGAGAACCGGCGTGGGGTGGACTGGTTCAGCCCGTGG
CP177355.1_gap27	1082387	1085700	3313	GGCCAGGCTTTCGTGGACGGACTCGACGAGGCGGGCACCTTCGACGACTACATCGCGACCGCCCAGCGCGTGCTGACGCCGGGCTCGGTCGTGTTCACCGGCTTCCTCGACCACGACGCGCTGGGGCCGTTTTACGGGCTGGCGGACGCGGGCGCGTTCCCGTCGGTCGTCCGCGAGGCGAGCCCGCTGGTCGTGCCCGAGAGCGCGGCGGCGGGCGTGCTGCCGGTCGGGCCGGACGTGGGCGGGATGGGCGACAGCCTGCGGACACTCGCGGCCGGCCTGCCGGAGGCCGCTCGCGATCTGCTCACGACGCGCCCCGAGGCCGAGCACCGAATCCCCGACCTCGCCGACCGGCTGATCTCCGCATTTGACGAGCCCCGCCGGTTTGCGCCCGAACTCCGTCGCGAGGCCGAGGCACGGTTCGACTGGCGCGCCATCGCCGACCGGCTGGCGACGGAACTGCGGGAGATCGCGGACTGAGGCGGCCGGCGTGCGCGAGTGGGCCAGCTGGCGCACGCAGAAACCCTCACCCTGTCCCGAGGGAAGAGGGGACGTCGTAGGGGGCTCGCGCCCGCCCCAGGTGCTAGCCGAACAGTACCGCTGCTTCGGGCTCGAACACCTTGCGCTCTACGCGGGCGATGGCCATGTCCCAGCCCGCAAAGCGGCGGCCGTCGATGTCCCCCTGGACGACCACCTGAAGACGGCCGTGGCGGGGGTCCGACTTGATCCGCGCCGTGACGACGGCGATGCTCTCCGCAGGCCCCTCGATGACCTGTGCGAACCGGGTGATGCCGGTCTCGTCTTCCAGCACCACCAGCTTGCCCGTCACGTCGTGGCGCGCGTTGAAGCGGCGGGCCGAGAGCAAGAGGTCCGAGAGGTCGCGGTCCGAAAACGCGACGGCCGGGTCGGAGATGTACCCGAAGGTGCGGAGGACGGGCTCTTCGTAACCGACAGCGCTAATCACGACGACAGGAAGGGGGTGCCCTTCACGATACGCCCCAGGGACTGCCCAGGCTACCGGGGGGATCCCGCGAGGTCGCTCGCGGCGGACTCGAACGCGGGCTCCGGGACCGGCTCGATGGCCATGTCCCAGCCCGGGAAGCGGCGGCTGGCGGCCGGGCCTTCGCGGCGGATCTCGATGTCGCGGTGGCGGGGGTCCTTGGCGATGCGGTCCATACACGCGTCGAGCGCGGCGCGCGGGCCCTCGATCCACTGCGCAAACCGGACGATCCCCGAGTCGTCCTCGAGAACGACCAGCTTGCCGGTCAGGCCGTTCGCCGCGTTCCAGTGGCGGGACGCCAGCAGCAGGTCCGACAGGTCACGGTCCGAAAACGGGACCGTCGGGGTCGAGAGGTACGCGACGGCGTGGAGCGGGTCGGGCTCGAGGCCAACGATCTCGGAGGGCTCGGACATGTCTCGGCAGTGCGGGGGCGGGGGCTCGGACGCGGCGGCGGGGAGCGCGCGGCGGGGAGCAAAGGGCCCGAATCTACCGCACGACGGTCGCCGTCTGGGAGCGCTGGCCGGCGGGCGTCTCCAGGCGGAGCACATACGCGCCGGCGGGCAACGCGCCCGCGTCCCAGACGGCTTCGTGCGCGCCGCCCCGGTGGATGCCGTCGGCGAGCTGACCGACTCGGCGGCCGAGCACGTCGTACACCGACACGCGCGCGCGGCCCGTGCCGGGCAGGTGGTAGCGGACGCGCGCCAGCCCCCGCGTCGGGTTCGGGCGGACCGGATCGAGCGCCAGCGCGAGGGCCGGGCTCGCGCCCGTCGACACGGGCGACGCCAGCAGGCCCAGCGGCTCGTAGTCGGCGCCGAGCACGGAGACGGCGTCGTCGGCGGAGAGGCCGAACCAGCCGGTGAGCAGGCTGGCGTAGACGCGCCGGAAGTCGGTCGTGTAGCGCAAGTTGCCCGCCGGGTCGAGCGCGCCGAGGTCGGGGGCGTCGCCGTGGAGCCCGCCCGCGACGGCGGGGCCCGCCAGGAAGAGCGGCGCGGACGTGCCGTGGTCGGTCCCGTTGGAGCCGTTCTGCTCGACGCGCCGGCCGAACTCCGAGAACGTCATCGCCAGCACGCGGTCGGCGTCGCCAGTCACCCCGAGGTCGTCGAAGAACGACGCGAGCCCGTCGCCGAGCTGGCGGAGCAGATTCGCGTGAGAGCCGAGCTGATTCGCGTGCGTGTCGAAGGAGCCGAGGGAGACGAGGTAGACGCGCGTGCCGAGCCGTCCCTTGATCATCTGGGCGACCGCCGCGAGCTCGGCGCCGAACCGGCCGCCGGGGTACGCGACGTCGTTCTGGCCCGACTGCGCGGCCTCGGCGATCGCGTCGCGGTAGCGGAACGACTCGTTGGCCGTCGTGCGGACGAACCCCAACTCCGCGCCCGCTGGCGTGTCGGGCAAGTTCTCGATGGGGAAGGGCTCGCCGCCGGCTGCGATCTGCAGGAAGAGGTCGACGTCGAACAAGGCAGTCCCGTATCCCGCGCCGTCGCCCTGAAAGAGGAGCGGCGCGGCCGTGCCGATCTGCAGGCCCGGCGGCGACGCGGGCGGCTCGGTCTCGCCCGCCGCTTCGATGGCGAGCGTGCGGCCCGCCCAGCCGCTCGTCGGGAGGTCGCCGGTGCCGTCGCTGGCGGTGAGCCAGTGGTCCGTCGAGCGGAAGTGGGACAGGCTGGCGTCGGGGTAGCCCGCCGCGCGGACGACCGCCAGCTCGCCGTCGCCCCACCGGCTCTGCAGGCCCGAGAGCGCGTTGTGCAGGCCCGTGTCGCCGTCGAGCGCGAACGTGTCCTGGCTCCGCAGCGCGATGCCGGGGCGGGCGTTGTAGTAGAGGTCGTTCGTGAGCGGGACGACCGTGTTGAGGCCGTCATTCCCGCCCGAGAGTTGGACGAGCACGAGGACGCGGTCGGTCTCCGCGCGGCCGACGGCGTCGAGCAGCGAGGTGCGGCCGAGCGCGCGCGCCGGGACGGCCCCCACGCCGCCGACCAGCGATGCGCCGACGGCACTGAGGCCCAGCCGAGACATGAACTGGCGCCGCGACCAGGCCTCGTGGTCGTGGTCGTGGGCGGCGCCGTGGTCGAGCGAGATCGCGCGGTCGTGGGAGTGGTCACACATAGCGGTTGTCGGGGGTGTCGTCCGTGGTCCGTCGTCCTCAGGCCAGCTGGTACTCCGGCTGGACGGCGAGGTGGAGGGCCAGGCCCATGAGCCGCGTGCCGGCGCCGGGCGCGGTCGGGTCCCACTCGTACTCGGGGATGTCGCCGAGCAGCACGCCGATCAGGCGGTCCACGGACGGCGTGTCGGCGGGGTCGACGGCCGTGCCGAGCCACAGCG
CP177355.1_gap28	1263303	1264351	1048	TCGTCCGCGTCGACGTACGCGGTGCCGGGCGCGGACGCGGCGCTGTGCACCTCGCGAGCGCCGGTCCGGCGGACGATCTCCACGACGTTGCTCGCGCGGACGCCCCCGCCGGGCATCACCGACACCGCGTCGCCGGCCGCGTGCGCGAGCGTCGCCAGCCGGTCGAGGCCCTCGCGCGCCGTCGCCGCGCCGCCGCTGGTCAGGATGCGGACCGCGCCCGCCGCCCGGACCGCCGCCAGCGCGTCGCTCGCGTCGGGAGCCGCGTCGAAGGCGCGGTGGACGGTCACCGGGTGCGGCGCCACGGCGTCCACCAATGCCGCCAGCGCCTCGGCGTCGACCGTCCCATCCGGGCGGAGCGCGCCCCAGACGACGCCGGCCGCCCCGGCCTCGACGACGGCGCGGGCGTCGTCGCGCATCGCCGCGTGCTCGTCGGGCGTGAACGTCCACCCGTCGGCGTGCGCGCGGACCATCGCCACGACGGGCACCTCCGTCGCCGCCGTCACCTCGCGGACCCAGTCGAGCGGGGGCGTCAGGCCGCCGACCTCGGCGTCGCGGCACAGCTCGATCCGGTCGGCCCCGGCGTCGGCCGCCGCGAGCGCGGAGGCGGGGTCGAAGGCGGCGATTTCCAACAGCACGCGGGGCATTCGAGCGGGGAAGGGGGCTCGCAAGCTAGGTTGGGCGCATGGTGATCTACGAAGTCAATCTCGCCGTCGACGCGGATGTGGCGGAGGCCTATGCCGAGTGGCTAGCGCCGCACATCGACGAGATCGTGGCGCTGCCCGGGTTCGTGTCCGCCGACTGGTGGGCCGTCGAGGAGGCGAGCCCCAAGCGCGTCGGGTGGTGCGTGCAGTACCACGTCGCCGACCGCGCCGCCCTCGCGGACTATTTCACGCATCATGCCGACCGCTTGCGAGGTGATGGGCTGGCGCGGTTCGCCGGGCGGTTCCACGCGTCACGTCGCGTGCTCCTCCCGAGGTAAGGGACAGGGGCGCCCCGGCGTCCGGGGTGGGCGTCGCTGGTAGTTTGGGCGCCCTCCCGCACACGCACG
CP177355.1_gap29	1266583	1267638	1055	TGGCCTGGGCCTGTCCGACGCCCCGTTCGTGGCCATCTTCGACGTCGACTTTCGTCCCGCGCCGGGCCTGCTGCGCGCGATCGTCGGGCCCCTGCTTGCCGATCCCGGGCTGGCGTTCGTGCAGTCGCGCTGGGTGCACGCCCGTGCCGACCGGACAGTGCTGGCCCGGGCGCAGGCGGCCGTGCTCGACCTGCACTTCGCCGTCGAGCAGACGGCGCGCGACCGGGCCGGGTGGGCGTTGCCCTTCAACGGGTCCGGCGGCGCGTGGCGCCGCGCGGCCATCGACGACGCAGGCGGGTGGAGCGGCGAGACGCTGGCCGAAGACGCCGACCTCGCGCTCCGGGCGCAGGCGCGCGGCTGGCGCGGGCGGCTCAACGAAGACGCGTCCGTGGCGGCCGACCTCCCCGAGACCGTCGCGGCGTGGCGGCGCCAGCAGGCGCGGTGGGCGAAGGGGCTCGCCGAGGTCGCCCGGCTCCGCGCGGGGACGCTGTGGCGCTCGCCGCTGCCGCTCGGCTCGAAGCTGGCGTTCACCGGCCACCTCGCGCTGTCGCTGAGCCTTCCGTCGCTGCTGGCCCTCATCGTGCTGCACCCCCTCGTCGTTGGCGCGGCGGCGGCGAGTGTCGGGCCGGGGCTGCCCGGCGCGCTCGCGGTCGGCTACGTCGCGCTCGCGGGCGTCGTCGGCGCGCACGTCGCGGCGATGCGGGCGCTGTACCCCGAGACGTGGCGCCGCAAGCTGGCGCGGATCCCCGCCGCGCTCGTGGCGCCGGTCGGGCTCGTGGCGCCGGCCGCTCGCGCGGTCGGCCAAGCCGTCGCCGGGCGGCGGACGCCGTTCGCGCGGACTCCGAAGGGGGCGCCTCCGGGCCGCGAGCGGGCGGTCCCGGAGCTGGCGCTGGCGGCATATTCGGTCGCTGCGCTGGCGGTGCTGGCCGCCGCCGGGGCGTGGGCGGCCGTGCCGTTCCAGGCCGTAATCGCCATCGGGACGGTCGGGGCGGCGGTCGTCGTCCGGCGCACGCCACACTTGGCCGAGATCGTCTCTGAGGCGGAGGAGGTCCAGT
CP177355.1_gap30	1310919	1314490	3571	GGACGCAGCGCTGGCGGACGGCGCGGCCTAAACGCAAAACGGCTCCGAGGCGGGTGCCTCAGAGCCGTTCGGTGTTGCCCGACAAGGAATCGAACCTTGAACCTCCAGATCCAGAAACTGGCGCTCTGCCAATTGAGCTATCGGGCATCGTCCACGCTGAGCGCGGAACGTCCAAGCTAGGGACTCGGGGGGGCGGGGATCAACTGCCCGCGCCGGGTCGGGGCTCCACAACGGTGCTCTTCGCCCGCTCTTCGCCCGGTCCGGCTGTTTCGGGCGCCTCCTGCGGCAGCAGCAGCTGATCCACGCTCTCCGCCGGCACCTCGCGCCACGCGGCGACGTGCTCGATGATCTGCTGGCGGACACGGTCGCGGAGCTCGGGCAGATCGTCCTCGGAGAGCCCGGCAGTGGGGACCGGCGGCAGCACGTCGAGCCGGACGTCGGCGCGCGAGAACTGCCAGCCGTGCTTGGGGAGCGCGTCCATGGTGCCGTCGAGCGCCAGCGGGAGGATGGGCACGCCGGCCGCGATCGCCAGCCGGAACGCGCCGTCGTGGAACAGCTTGACGCGGCCGTCGCGCGAGCGCGTGCCCTCGGCAAAGAACATCACCGACGTGCCGTGCTCCAGCTTGCGCTGGGCTCGGAGCAGGACGGTCCCTCGGCTGACCGGGTCCTTGCGGTCGACGGCGATGTCGCCGGCCAGCCGCATCAGCCAGCCCATGAACGGGAGGTCGAACAGCTCCTTTTTGCCGACCCACTTCATCTCCCAAGGCAGCAGCGACACGACCGGGATGTCGGCCATCGACTGGTGGTTGCTGACGACCACGAACGGGTGGTCGAGCGTCTTCGGGTCGACGCCGCCGACGGCGATGTGCCACGCGGGGTTGACGCGCGTCGTCCAACTCCCGATCACGCGGAACGTGCGGCCGGTGCGGACCTGCGTCGGGGTCCAGTCGAAGAGCCGGACGAGGAGCATCGTCGGGAGCGCCAGCAGCACCAGCAGGACGACGAACACCCAGGTGAGGGCGGAGGAGACGGCTTTCATCGGGGCGCACGGGCGGTCGAAGGGGGGGAACGTCGCACCGCGCGCGGCGATTCCCCGGCATGGACATCGTGAAAGTCTTCGTCGACGAACCGGTCGGGCTCGAAGCGCTCGTCCCGGACGACCAGCCGGACGCGCGGCGCCGCGACGCGCCTGCGCCGACGCTCGAGGCGTTCCTCGCGCGCGCGCCCGAGCCGTATGCCCGCGCCTACCTCGCAGGCACATCGTTGGGCGAGACCCGCCGGGTCGGGCTGACGGCGCTCGACGACGCCGAGTCGTGGGTGCAGCCGCTGCTGGCGTGGGCGGGTGGCCGGGGCTGGACCGCGCTCGCGGTCGGTGGGACGGCTCGCGGGCTGCTCGACGCCGAGGCCGCCGTCGCCTTGCGCCGGGCCGACGGGCTGGCGCTGGCGGTCGGGCCTGCCCCGCTCGCGGCGCTCGCGGCCGCCGCCGACGGCGAGCGCCGCGACCGGCTCGACGCGCTCCGCGCCGTGCTCGACGCCGGCGCCGCCGCCTTTTTCCCCGAGCCCGCCTTCGACGGCAAGGACTGGAGCCTCTTCGCGAACGCGCCCCTCCACGCCCCGCTCGCCGACGCGTTCCGCCAGCACCCCGCGCCGGGCGTCCGCCGGCTCGTCGCCCCCTTCCGCCGCGCGCGCGGCGAGCACCGCTTTTACCTCGAACAGTGGGCGCTCGACGACCTGCCGGACTGGGTCGAGGAGGTGTAGGAAGGGAAATCGGGAAAGAGACCACGGGGATCGGGTAGAATTCGGCCGGGGCGCGGCGCGGCGCGCACGGCGCAGGCATCTTCCCGGCCCCCAACCCCGCCCCGCCTTGCGCCTCGGCATCGTCTCGGACACTCACGGCTACTACCACCCCGAACTCGACGACGTGTTCGCCGACGTCGACCTGATCCTGCACGCGGGCGACGTGGGGCCGGTCGAGGTCGTCCATCGGCTCGAACAGCTGGCGCCGGTCGTCGGCGTCTACGGGAACGTGGACGGGCCGCCGGTGCGGGGGCAGTTCAAGGAGCACGTCAAGATCCGCGTGGGCGGCGTGCGGCTGTGGATGACGCACATCGGCGGGCGGCCCGGGCGGTGGGCCAAGGGCATCGGGCCCGCGCTCCGGGCCGACCCGCCGGACCTCTTCGTGTGCGGCCACAGCCACATCCTGCGCGTCGAGCGGGTCCCGGCGCTGCGCCGGATGCTGTACCTCAACCCGGGTGCGGCCGGCCGCCAGGGCTTCCACCAAGTCAAGACCTGCGTCCGGCTCACCGTCGAGGACGGGGCGATGAGCCAGGCCGAGGTGATTCACTTGGAGCCGTAGCGCTCCGTCGGTCGCCAGCAGACGCCCACCGCTTGCGCCGGCCGGTCCCCTGCGCCACCTTGACCGTCCCCCGTCCCCCGTTCCTCTGACGCCTCTCGCCCCCCTCGGCGCCGTCGACGACCCCATCGACGCCACGCACACCCTCGACGACCCGCTCGGCGCGCTCGTGCTGGCGCTGATGAGCCGCCTGCTGGCGGCGCGTTCGGTCGCGGCGCTGGCCGAGGGCGACGGGCTCCGCGTGGCCGTCGCGAAGGGCGCGGCAGGACTTGCCGTGGGGGACGCGGTCGACGGGGCGAAGCTGGCGACCGACTTCCCGCTGGTCGTGGAGCTGCGCCACGGCGGCCGGAGGTTCGGCGTCGTCGGCTTGGGGCCGCGGCTCGGCGGCGCGGTCTACGGGCCAGCCGAAGAGGGGCTCGCGCGGTCGCTGGCGAACGCGACGGCGGCGACGCTGGCCGCTCGGCAGTCGGCCGAGGCGCTCGTCGGCGCCAACCGCGCCCTCGCGGCCCGCGCGCACGGGCTGCGGACGCTGCTGGAGCTGGCGCAGACGTTTGGGCAGGCGCTCGACCGCGAGGCCATCGCCGGGCAGATCGCGCGGTCGCTAATGGGCCAGTTGCTCGTTCCCCGCGTCGCCGTGGCCCTGTGCGACGACGACGAGGGTCCGTTGGAGACCGTCCTCGCGCGCGGCGCCCCAGCGCCCGAGGTGCCCCGCGCGCTCGCCCGGCTAGAGCGCCCCGCCGTCATCGACGATCCCGCGCTGGCGGAGACGTGGCGGTGGGCCGTCCCGCTCCGAGCGGGCGACCTGACGCGCGGCGCGGTCGTGCTCGGCGCGCCGTTCGGGACCCCGCCGGACTGGTATCCGGACCGCGATACGTCCGACTTCGTGGCCGCGCTCGCGGCCCTCGCCGTGGGCGCGTTTGAGACCGCCGACCGCGTGGAGGAGCGGCTCGAGCGCGAGCGGCTGCGCGAGGAGGTCCGGCTGGCGCGCGAGGTGCAGGCACGGCTCCTCCCCGAGACGCTGCCCGCGATCCCAGGGCTCGACATCGCCGCGCAGTGGCGGCCCAGCCACGAGGTCTCGGGCGACACGTACCACGCCGCCGACGTCGGCGGCCGGTTGCTCGTGGCCGTCGCCGACGTCGTTGGGAAGGGCATCGGCGCGTCGCTGCTGATGGCGACGCTGCAGGCGGGCTTCCGGCTCGCCGAGCCCGACCTCGCCGG
CP177355.1_gap31	1316061	1320168	4107	GCGCCGTCGACGCGGTGGCCCGGACGCGGACGCCCCAGGGGGCGGCGGCGTGGGCGCTGGCGCTAGCGCTCGTCCCGCTCGTGGCGCTCCCCGCGTACTGGGCGTTCGGGCGGGCCCGGTTCCGCGACTACGCCCGCGTGGTGGCCGATACGGCCGGCCGGATCGCGGCCGCTCGTGCCTCGGCGCTCGCGTCGACCGACTGGGCCGTCGGCCCCGAGGACCTGCCCGACCTCCACGCCGCCACCCGGCTGCGGGGGATCGCCGCGCTCGCCGACGCCTCCTTCACGCGCGCGAATGCCGTCCGGCTGCTCGTCGACGGGCGCGCGACTTACGAGGCCGTGTTCGACGCCATCGACACGGCGACCGATCACCTGCTGATCCAGGCCTACATCGTCCGCGACGACCGGCTCGGCACCGACCTTCAGCAGCGGCTCTTGGCCGCCGCTGCACGCGGCGTCCGAGTGGCCGTGCTCTACGACGAGGTGGGGAGCCTGGGGTTGTCCAGCCGCTGGGTCCGGACGCTCACCCGGGGGGGCGTCCGGGTGAGCGATGCCGGCGGGCACCGCAGTCCGTTGGGCCAGTTCCGCCTCAACTTCCGCAACCATCGCAAGGTGGTCGTGGCCGACGGCCGGGTCGGCCTGACCGGCGGGCTCAACGTGGGCGACGAGTACCTGGGCGAGGGGCCCGATCCCCGGCCCTGGCGCGACACACACATTCGGGTCGAGGGCCCGGCCGCGCTCGGCCTTCAGGCCTCCTTCGCCCGCGACTGGCTCTACGCGACGGGCGAGACGCTCGGCCTCGACTGGACGCCCCACCCCGGCCCCGGCGACCGCGCGGCGCTCGTCGTGCCGTCGGGCCCGGCCGACCGCATGGAAACGGGGCGGCTCCTCGTCGCCCACGCCATCGGCATGGCCGAGCGGCGGTTCTGGGTGGCCTCGCCCTACGTCATCCCCGACAGCCACGTCTTGGGCGAACTCCAGGCGGCGGCCCTGAGGGGCGTGGACGTCCGGGTGCTCACCACGCGGGCCGTCGACCGTGCCCTGTTCCGCTACGCGCCGTTCGCCTACCTCCCCGAGCTCGACCGCGCAGGCGTCGAGACGTGGCTCTACGAGGACGGGTTCATGCACACGAAGGCGTTCGTGGTGGACGACGCGCTCGCGGCGGTCGGGACGGCCAACCTCGACAACCGCTCGTTCCGGCTCAATTTCGAGCTGACGTGCGTCGTCGCCGACGCCGGGTTCGCGGGGGAGGTCGGCGCCATGTTCGAGGCCGACTTCGCCCGCTCGACGCGGCTGACGACGGCCGACCTCGCCGCGCGCGGGGCGTGGGACCGGGCCGGGACCGCGGCCACGCGCCTGCTCGCGCCGATCCTCTAGCTCGGAGCCCGAAGGCCGAGGGCCCGCGCCAGCGCCCGGTCGCGACCGTACACGTCGGGGCGGAGCAGAAGCATCCCGTCGGCGTCGACGCGGGCGGTCCAGTAGACGACGTGGATGGGGACGGGGGCGTCGAGCGCGATCCACACGTCGGTGTCCGTGGCGGCGGTCGCCGCGATCTCGTCGGGGCTCATGCCGGGAAGCAACTGCGCCGCCAGCGCCAGCGGGCGCTCGACGCGGATGCAGCCGTGGCTGAACGCCCGGACGCGCGCCTCGAACAGCGACGGCGCCGACGTGCCGTGGACGCGGACGCCGAACGGGTTGGCGAAGATGAGCTTGGCGGGCCCGAGCGGGTTGTCGGGGCCGGGCCGCTGGCGGATCGTGCCGCCGGGCAGCCGGTCCATGTGGTGGCGGGCGAGGTAGCCGGGGTCGCGCGCCAGCCGCGGGCGGATCTCGGCGCGGGCGATGCTCTCGGGCACCACCCAGTACGGCGCCAGCACGACGTGCTCGACGAGCGACGACAGCCCGGGCGTCGGCGTGCGCGGCGTGCCGACGATGGCGCGGCTCTGCCACACGGCGCGGTCGCCGTCCACCAGCGCGGCCTGCATCCCAGCCACGTCGACGACGAGGTGGCGGGCGCCGAGGTCGGCGGGGAGCCAGCGCCAGCGCTCCAGGTTGAGCACGACCCGGCGGATGGTCTCGGCCGGGCCCGCGTTGAGGGCGGCTCGCGTGGCCGGCCCGACGGCCCCGTCGATGGCGAGCCCCAGCCTCGACTGGGCGCGGCGGACGGCGGTCTCGAGGGCGGCGTCGAACGTGTCGCCGCTAGCCGACAGCGCCGAGTCGTCCGCGAGCCGCCGACGGAGCGCGGCGACGGCGGGGCCTTGGTCGCCGAGACGGAGGATCGGCCCGTCGGGGAGCGGCGTCGGTGCGGGACGGGCGCGGAGGTCGGCCAGGGCGTCTCGGAGACGAGCGTAGCCGGCGTGTGGCGGACGGGCCGCACGGATGGCGGCCTCGGGGCCCCGCCACGCCGCCAGCCGGAGCGCGGCGCTCGCGTCGAGGCGGCGCCGCGTGGCGCGCCAGTCGCGGTGGACCGACGCCGGGTCGACCCGGCCGTGCATCAGGTCCTCGGAAAAGCCCAAGAACGCGGCCGTGAGCCCAGCCTCGGCCGCCACGGGCGCCGACGGCACGGGGGAGAGGTAGGCGGCGGGGTCGAGCCCATCGGCCCCCGCCTGCCCCAGCGCCGTGACGAGCTGGCGGCCGCGTTCGGAGAGCCCGTCGCGGTCGGTCCACAGACGGCTGTCGGCGCGGGCGGCGTAGACCTCGCGCGCCGCCTCTGCTGACGCGGTCGGCAGCGCCCGGTCGAGGGCCCGGCCGAGCGCCGCCGCGTCGAGCGGCTGGGCGCCGAGCGGGGCCGCCAGCAAGGTGAGCAGGATCAGGCCGGTCGTGGGGCGCACGATCACGCGGCGATGGGGGTCTCGAACAGCGCCCGGACGTCGGCAGGCATCGCGCTCAGCACCTGCGTCCACTCGCCCTCGCTCACGCTGTCGCCGAGGGCGCCACCGACGGCCGCGACGGCCGCCTCCGCGGAGAACGGGGTGCCGAGCCGGAGCGAGTCCGAGACGGTGTCGAGGAACGCGTCGCGGTCGTCCTTCCGGGGCGAGCGGCCGGGGTGATAGCCCTCGTAGAACATGCCGCGGACGAGCATCGTGAGCTGGGCTGCGAGGTCGGCCGCCTCGGCGTCCGGGATCCGGTCGCGCAAGGCGGGGAGCACGGCCCGGAGCGCGTGGTACGCGGGGGCGGTCCCGTCGACGCCGAGGCGGCCCGCCACGTCGCGGAGCAGGACGTGCGTCCGGTGGACGGTGTGGCCGAAGCGGGGGGCGCGTGGTCGGCGGGCCCGGGCCTCGTCGGGGCCCTCGTCGTCGGCCCACTCGTCGTCCAGCCAGTCTTCCAGATCCCAGGCCGCGTCGAGGCCACCGGCCGCCAGCCAGCCCTCCATGTCGTCCCTCGGGGAGGGGGCGTCCGCGGCCACGGTCGGCGCCGACCCGATCCAGGCACGGGCGGTGTCGCGGTCGTCGGGGCGGTAGGTGTGGAGCCGCCCGATGGGCAAGATCCGCGCCTCGATCCGGGCGATCCGACGGATCCAGTCCGAGTCGGTGACGAGCGCCACGCGGCCGATGTGACGCAACGCGCCGAGGTGACGGAGGCCGTAGACGAGGTCGAGCCAGAGCGCCCGGGCATCGAACCCGCGCAGTCCCTCCACCTCGGCGTAGAGGTGGACGGTGTCGTGGCGGTTGAGGACGGCGTCGAAGGCGGCCGTCGCCGCCCGCATGTCGTCGTCGGTGACGATGTCGGAGGCGCGGTAGGCGAGGACGTCGTCACGCCCGAGGTCGAGGAGTTGGAACATGGCGGGAGGGGGAGAGGGGGGCGCCCGGGGACGGCCGGCCACCCCGAGAGCGGTCGTTTCCAGGCTAGGCACTCAGCGGTGCCGATCTCGCCAGCCAGTCCGGGGCCGCCGAGTGGGCGGGGCCCCGGAGCCGGTGTGGGGCGGCTCCCCACAGGCCCCGGCCCGCGCCGGTGGTGTTGCGGGGGGCGCCCCCGCAGAGCGTCAGCGACACGCCCGGCACGCGAAGGGGCAGGGACGCGGCAGAGGGTGGGCGATGCGCCCGGTAGCCTGCCCCATCTCCACCCCACGTCCCATGACCCTACGCGATCTCATGACCCGCCACGTCGAGGC
CP177355.1_gap32	1457595	1461462	3867	TCCTTGAGGCCCTGCTCGGTCTCGGCGCCGCGCCACTCGTCGGCAAAGTCGGCCTCGTCGATCCGGCTGGCGAGCGCGGCGAGCATCTGGAGGTGCTGGCCGGGCGGGGTCTCAGGGCTGAGCAGGAAGAACACCGCCTCGACGGGGCGGTCGCCCTCGCCGGGCTCGGCGGGGACGGAGAGCGGCGTCCGGGACCGGACGATGACGAGCTCGGGCTGGTCGATGTCGGGGAGCCGGAGGTGGGGGAGGGCCACCCCACGCGCGACGGGCGTGGCGCCGGTGCGGGAGCCCTCCAGGAACGCCGTCTGGAGCCGCTCGACGTCGAGCCCGGCCCGCCACGCGAGCCGCTCGGCGGCCGTCTGGGCGACCTCCTCGAACTCGCCGCCGTCCACGTCGAGCACGGCGGCGCGCGTGACGAGGGCCTCGAACGGGGTCTCGTCGCTGAGCCCCTTCTCCTTGAGGATGTTCCGGAGCTCGGAGTCGAGCGCGTCGTAGCGGCGCGTCCCCAGGCGGGCGAACAGGTGGTACACGGCGCCCTCGCGCACGACGGCTGGGTTGTCCTTGACGTAGACGACGTACCAGACGATGCAGCCCGCGATGAGCACGGCGGTGAGCCCGATGGCGAGCGCGCCCATCTGGGTGATGAGCACGACCGGCGCCAGGATCCCGACGATCTGAGTCCACGGGTAGAACGGGCTGCGGTAGCCGGGCACGTACCCCGGGATCCGACTCTCGCGCATCACGATCACAGCCACGTTGAGGAGCCCGAAGATGACCAGCTGGAAGGCGCTCGCGAGCTTGGCGATGCCCTCCACGTCGAGGAGGAGGATCACGGCGATCATCAGACCGGCTGTCGCGATGATGCCCAGCGTCGGCGTCCCACTGCGGCCCAAGCGGCCGAGCCGCTCCGTCACCAAGTGGTCGCGCGCCATCGCGAGCGGGTACCGGCTGGCGGACAGGATGCCCGCGTTGCCCGTCGAGGCGAACGCTGCGACGGCCGCGACGACGACCAGCCCCAGCCCCCACCGCCCGGGCAACCAGTGGAAAAAGGACTCGGCCGCCGTCGCGACCGGCGTCAGGTCGCTGCGAAGCTCCGAGGGCTCCAGCACGGCGATCATGATGAACACGCCGACGACGTAGATGAACGTGGCCGTCGCCAGCGACAGCACCATCCCGAGGGGGATGTTGCGGTCCGGGTCCTGCACCTCCTCGGCGACGGACGCCACCTTCGTCAGCCCGGCGTAGCTCACGAAGACGAGCCCGATCGTCGCCAGCAGGCCCTCCGTCCCGAACGGCAGGAACGGCGTGAACTGCCGCTCCAGGTTGCCCGCCCCGAGCGCCCCGACCTCGATCAGCCCCTGGACCACGAAGAACGCCAGCACGGCGATGAGCACAACGACGAACCCCCGCTGCAGCCCGCTCGTCTCCTTTGCCCCAACAATGTTGAGGACGGCAAAGGCGACCGTAAACCCGACGGCGAGCGGCTTTACCGGCACGTCGAGGAAGAACACGAGGTACGCCCCCATCCCGACGAGCGCGAAGGCGCTCTTGAGCACGAGCGCCAGCCACGTCCCTAGCCCGCCAACGGTGCCCGCCAGCGGGCCCAGGCTGCGGTCCAAGAAGTAGTACGTGCCGCCCGCCTTCGGCATCGCGGTCGCCAGCTCGGCCTGCGACAGCATCGCAGGCAGAATGAGCACGCCGGCCAGGAAATACGCGAGCACCGCTGCCGGGCCGGCCGCCGCCGTCGCCAGCCCGGGCAGCAGAAAGAAGCCGGAGCTGAACATGGCACCCGTACTGATCGCGTAGACGTCGAACAGCGTGAGGGTCTTCTTGAGGCGGGGGTCAGGCATGGGCGCGGGCGTGCGGAGCGGGGACTACTCCGCGAGGGCGGACGCCGTTCGGCGGGCACGGAGAGGGTTGGAGATGCCTCTTTTCGGAACCGCATGGCCCGTAGTAACGTGTTTGGCTTCACGGTCCGATCACAATAGGGCCGGTTCATTTCGCTCTCTCCCCACCAACGCCTTTAAGGATGCGACACTTCGCTACCCTCGCCCTCGCGGCGCTCCTCCTCGCCCCTGCGGCCGTCGCGCAGTCGGTGACGGCCTCGCCGTCGCTGACGGCCGCCCCGCTGGCGAGCTTCGCCCCCGGCGACACGACCCTCATCGCCAACCGCTCCCCGTCGGACGCCCTGACCACGTTCTCGGACGGCAGTGGCAATTACCTCTTTGGAACCGGATCGTTCGGCACCGAGATCTTCGGGTCGGGCTACACGCTCCCTAGCGACGCCGCGTTCGACGCGATCGGCGCGACTCTCTTCGTGACCCAGGTGCCCGACGCAGGCGAGACGTTCGACGTCAGCGTCTACGCTGGCAACATCGCCGACGGCCCGACCGGCGACCCGCTCTATACCGAGACGTTCTCGACGGATATCATCCCGCCCCGTGACGGCAACACGATCACGTCCACACGGATCGAGTTTGCCCAAGATGTGCCGATCTTTGGCGAGGCGTTCTTTATCGTTTACGACGTCAACGCCATTACGTCTGTGTTCGCCGCCGGGGCCACAGGGCTCCAGACCGACCCGACGCCGGAGACCGTCATCTTTCGGGACGGTGCGTTCGTCCGTGTCCAGGACGAGTTCAACTCTGGCGGATCCCCTCTGCAAGTCTACCTCTACGGGGAGGCCATCGTCGTTGAGGTCGAGCCACGCGACGCGCCGGCCTCGCCGATCGTCGACGCCCGCTCGGCCGGCATCGGTGCCGACGTAACCGTTGAGGGCACCGTCTCGCGCGCTGAAGGCGACTTCGTGTACCTCCAAGACGAGACCGGCGGCCTCACGCTCCGCCAGTCCGACGAGAACTCGCAGTTCTTCATGGACGTGGCCTCGGGCGCCATCTCCCCGGGCACCACGATCCGCATCTCGGGCACGCTCTCCCAGTTCAATGGCCTGCTCCAGATCAACAACGACGACCTCTCGTCGTATGAGATCACGGGCGCCGGCGACCCCCCGGCGGCCCAGGTGGTCACCCTCGCCGAGCTCGCGGCCAACGGCGAGGACTATGAGGGCGAGCTCGTCACTGTGACCGATGTCACGTTCTCGGATCTCGACTCCGCAACCGGCCGGTTCGAGGCCCGCACGACCTATCAGGTCACCGATCCGTCAGACGCCACGAACGCCGTGACGGTCCGCGTCCCCAATGCCGACGACACGACGATCGACGGCACCGACTTCCTCGGCAGCCCGGCCATCGTGACCGGCGTCGTTGCTCAGTTCTCGTCGACGGACCCGGCTGCGGGCTATCAAATCACGCTCGTCCAGGCCGGCGACGTGTTGTCGGCGGCCGTCGCCGTAGGAGGCGACCCCGACGGGCGGCTCTCGCTCGGGAGTCTTCTCCCGAACCCGTCGGCCGACGAGGCCACCGTCACGGTCTCGCTGGCGTCGGCCGGCCGCGCCACGCTCGTCGTCTACGACGTGTTGGGCCGTGAGGTCGCTCGCGTCCTCGACCGCGACGTGGTCGCCGGCGACCACGTCGTCCGCGTCGACGTCTCGGCATTCGACGCCGGCACGTACCTCGCGCGCCTGACGGCGAACGGCGCTATGGCCGTCCGGCCATTCACGGTCGTCCGCTAACCCGGACCTCCGTCACCGCCTTTTGGGGCGGCGCCACGCACGGCGCCGCCCTTTTTTTTGTGTGCCCCGCCTCGGCGGCGCACGCGAGGAGGGCGGGGCCGCTACAGGTCGGCGCGAGTGTAGACGCGCTTCAAGTGGGGGACGAACGTCGCATCGTCCCCGGCATGATTGACGTAGATCAGCTCGAGGACGACGGGGCCGGCGCTCGGCGAGAGCGCGTCCCGCGTCTCCGCCGT
CP177355.1_gap33	1464208	1467999	3791	TGGACCGAGTCGGCCCGCGTCCTGCTGGCGGACGGGACGCCCGCCGACTTCGGGGCGCTCTCGCCCGAGGCGTGGGCGCACCAGGCCCGGCAGTCGGGGACGCTCGGCGAGATCACCAAGCGTGTCGACGCGCTCCTCACCGTCCACGAGCACGCGATCCGGACCGACACGGCGCGGTGGTGGCGGCGCGCGGGCGGGTACCGGCTGGAGCGGATGATGGAGGCGCCCGAGGTCGACCGCGGCCCGGGGCGGGTGTGGGACGGGACGCGGAATCTGGCCCACTTGCTGGCGGGGTCCGAGGGCACACTCGCGTTCGCGACCGAGATCACGCTCGGGCTCGTGGAGAAGCCGGGGCACGCCACGCTGGGCGTCGTCCACTACGACTCGCGGATGGCGGCGTTGGAGGCCGTCGAGGGGATTCTGGAAACCGGCCCGACGGCCGTCGAGCTGTTCGACCGGATCGCCCTAGAGCGGGCGCTCGACGTGACCGAGTACGCGCCCAAGCTCCACTTCGTCCAGCGCGGCCCGCACGGCGAGCTCCCGGCGGCGCTTCTCATCGTCGAGTACAGCGGGGCCTCGCTGGGCGAGTGCCGCGAGGGGCTCGCGAGCCTGCGGCGGCACCTCGGCGCGGGCGCCGTCATCACGGATCTGGAAGAGGAGGCGCGGATGGCGGACGTGTACGCGGTCCGCAAGGTGGGGTTGGGGCTGGCGATGAGCGCGCGGCTCCCGGTCCAGGCCGCCGCCATCATCGAGGACGCGGCCGTGCCGGTCGAGCACCTCCCGGCGTACATCCGCGAACTCGAGGAGGCCATGGCCGCCGACGCGGTCGAGGCCGTCATCTACGCGCACGCGAGCGCGGGCTGCCTGCACGTCCGCCCGTTCCTCGATCTGCGCCAGCCCCAGCAGGTCGCGGCGATGGAGCGGATCGCCCGGGCGTCGGCGCGGCTCGCGAAAAAGTACGGGGGCGTCATCGCGTCGGAGCACGGCGACGGACGCGCGCGCGGAGCGCTGGCGGAGGCGTTTTACTCGCCGGCCCTCTACGCGGCGTACCAGGCCACCAAGCGCGCCTTCGACCCCGGCGGGCGCCTCAACCCCGGCAAGATCGTCGACGTGCCGCCGCTGACGGAGGCGCTGCGGATGGGGCCCGACTACCGCCCGTCGCCCGTCGCGACCGGCCTCGCGTTTTACGACTCGGCCGGCCAAGACATCGGGTTTCTGGCGGCCGTCGAGGCGTGCAACGGGTCGGCGGTCTGCCGCAAGACCGACGTCGGCACGATGTGCCCACCGTTCATGGCGACGCGCGAGGAGAAGGACTCGACGCGCGGCCGGGCGAACGCGCTCCGCGAGGCGCTGTCGGGCGGGCTCGACGCGCTCACCGGGCCGGAGGTGGCCGAGGCGCTCGACCTGTGCGTCTCGTGCAAGGCCTGCAAGGCCGAGTGCCCGGCGTCGGTCGACATGGCGGCGCTCAAGACGGTCTGGCAGTCCAAAAAGTGGGAGTCCGAGACGCCCTCGGCGCGGACGCGCCTGTTCGCGCACCTGCCCGTCGTGGCCCGGCGCGTCGCCGGACCGCTGGCGCGCGTGGCGAACGTCGTCAACCGGCTGCCCCCCGCTCGCGCGGCGCTCGCGGCGATCGGCGTCTCGCGCGAGCGAGCGCTCCCGCCGTTCGCGACGAACCCGTTCTCAGAAAAGGAGGCCCCGGCGCCCGCCGGCGACGGCCCGCGCGTGGCGCTCTTCGCCGACACCTTCGGCCGCTTCCAGGAGCCGTCGATCCCCCGCGCCGCGCTCGCCGTCCTGACCGCCGCCGGGGCGCGCGTCGAGGTCCCGCCGTACCGCTGCTGCGGGCGGACGTACCTCTCGAAGGGCTATCTGCCCCACGCGACGCGCCTCGCGCACCGGCTCGTCGAGACGTACGCCCCGCTCGCGCACGACGGCGTCGCGATCGTCGGCCTGGAGCCGTCGTGCATCCTGACGCTGCGCGACGAGATCCCGCGCCTCGTCCAGTCCGACGACGCCCGCGCGGTCGCGGCGGCGGCGGTCACGTTTGAGGAGTGGTGCGCGGCGCACGCCGACCGCCTAGAGGCCCTCGACTGGGCGGATGCGGCCGACGCGCTCGTCCACGGCCACTGCCACCAGAAGGCGCTGTCGACGATGACCGCCAGCCACGCCTGCCTGGGCGCGGCCGGGCTGGCGGTGTCCGAGACGAAGGCGGGCTGCTGCGGCGTGGCCGGGGCGTTCGGCTACGAGGCCGAGCACTACGACGTGTCGGTCGCCATCGCCGAGGACCGCCTCGCGCCCGCCGTCCGCGCCGCGCCCAGTGCGGTCGTCGTCGCGGCGGGGACGAGCTGCCGCGAGCAGATCGAGCACACGACGGGGCGCCAGGCGCTCCACCCGGCCGAGGCGCTGGCGGCGCGGTTACGCTAGTTGAGCGTCAATACAGCGGTTTGCGACCCTGGGAGCGCGAGGATTGCGTCGGCTGCGTCGCGGAGAACCTCTTCGATCTCGGCAGTCGAACAGTTGCCGCGTGCGATTCGGACGAGGTGCGGGGGCGGACCTCGGAGGACCGCAATGTCCAACAGGTCCGCGTCCTTCGCGACAACGATCAGCCCGTGCTCCTTCGCGTGGTGCCAGACCTCAAGGTCATCCGCCCGATCAAGCCCCACCTGTGAGACGGCGACAGAGCCGGGGAAGACATCGACCAGTCGGGCGGCGAGTCGCCAGGAGAGATCGTGGTCGAAGAGGAGCACACGGATGTCCAGTCGTTTCCGGAATGTGTACTTCCGTTTGTCTAACTGCAAACGGAAATGGAGCGTGGCGGAATGTCGTGGAGTCCTGATTGCCCAAATTCACATTTCTATGCCTCCGCAAGACCCCGCTCGCGCTCTGCTGCATACTGCAGCGCCGCGAGCACGTCCTCGCGCTCCAGGCTCGGGAAGTCCGCCAGCACCTCGTCCACGGTCATCCCCGAGCCGAGGTAGCTCAGCACGTCGTACACGGTGATGCGCAAGCCGCGGATGCAGGGCTTGCCGCCCCGCTTGCCGGGCTCCATCGTGATGCGGTCTCGGAAGTCGGTCATGGCACCAGGGGAGACGGGAACGTACGGCGCCCGGCCGGGGCGCTGGCGCCAGCGGCTCAGTACAGGAACGTCGAGAACCCGACCTGCACGCCGTAAAACGAGAACTCGTTGTCAAAGGTGAGGTCGGAGGTCTGGTAGAACGCCTCGCCCCGGAGCGCCACGTTGCGTGCGATGGGCAGCTCCACGCCCGCCGACAGCCCGCCGCCGACCGAGGTGTCCGACACGGCGCCGTTGCCGAGTGCGCTGCTCAGGTCGCTGCTGAAGCGCGTGTACGACAGCGTGAGGTCGCCCTCGACAAAGGGCCGGAGCGCGGCGCCCGCGGCGTTGCCGAGGTAGTACGTGACCGTGGGGCCCACGCCGAGCTGGGTGTTGGAAAACGTGCCCTGCACGTCCGACGTGGACCGGCTGTAGCCAAGCGTGACGCTCGCGCTGACCGCGAGGTTGTCGGCGACGAACCGGCCGACACGGGGGGAGAGGGTCGCGGACGTGTTGCTCTGGAACCGGACGATGGACCCGCTGCCGCCCAGGATTCGGACGCCCTTGGCGGTCTGGGCCCACGTGCCCGGGTCGTCGGGCCCAGGCTGGGCGGCGAGGGGGAGAGCGACGGTGAGCAGGAGGAGGGCGGCGATCGTGCGCATCGGCAGGGGGGAGGATGGGGCGCGAAACCTCGGGCCGATCTGGGCGCTCGCGCCGTGCGGTTTCGCGTGCCCGAGAGGAA
CP177355.1_gap34	1469076	1473905	4829	GGGCTTCGGCGCCGAGGGCGCGCTGACCGACGCGACGTCGGGCACCATCATCCGCTCGATCATCGTCCCGCGCTTCCGCGAGGGCGCCTACTACGCCGGCATCGACCAGGCGACGGACGCCATCGTGGCCGCGCTCTCCGGCGAGTTCCAAGCGCCGACCGCCGCGACCGGCAACGGCGAGGGGGGGATCCCATCCGTGCTCTGCGTGCTGTTCGTCATCTTTATCGTGCTCGTCGTGCTGTCGTCGCGCCACGGCCCGCCCCCGAAGTCGAGCGGATCGGGCGGGCAGCGGCGGCGGCGGCGCGGGCCGGGCGTCATCGTGGTCCCGACCGGCGGGTTCGGCGGGTTCGGTGGCTTCGGCAGCGGCGGCGGCGGCTTCGGCGGGGGCGGGTTCGGTGGCTTTGGCGGCGGCTTCGGCGGCGGCGGCGGCGCGGGCGGAAGCTGGTAGCCTTTCCCGCCTCAGTCAGACGAGGAGGGCCGTTGAGCCGCTGGCTGGGGAAGGCGCGCCTCATTTCCACAACGTCATCCCGAATGCATGTGCGTGATCTCAGCACGGCCGTCTAGCCTCTTCTGCCGTGGGTCCCAAGCTGAGGGCATGCGCTGAGATCACGCGCGCGGCTCGGGATGACGTGTCCTTGGAGGAGGCCGGGCTCTGCCGACAGCTTATTCAGTGCAAACCGGCCTGTCGCGGGCACCGACCGGCGCTTCGGCGTCCGGTATTCCCGACCCACGCCTCCGCCGTTGCACATCCGCACGCCCGAGCCGACCCTTCAGGACCGAACGCCCCGCTCGCGGCCCGCCTATCTTGCGGCATGGACCGCATCGCCGCCCTGGAGGGCTTCCTCGCCGACGACCCCGACGACCCGTTCACGCGGTTCGCGCTGGCGCAGGAGCACGCCAAGCGTGGCGACACCGACCGCGCCCTCGTCTTCTACCAGGCGCTCGTCGCCGACCGGCCCGACTACGTCGGCACGTACTTCCACCTCGGCGCGTTGTACCGCGCGCTCGGCCGCGACGACGATGCGCTCGACACGTACCGCGCCGGCATCGGCGCGGCCACCTCGGCCGGCGACCTCCACGCCCGCGCCGAGCTCCAGAGCGCGCTTCTGGAGGCCGAGTTCGACGACTAGCCCCTTCCGCATGACCCGCCGAATTGCCCTCGTTCTCGCCCTCGCGCTCGCCTCGCTGGCGGCCGAGCCCGTCTTGGCTCAGCAGGCCGACACGTACGTCGTGCAGCCCGGCGACACGCTCTTCCGCATCTCGCGCGCGAACGGGCTCACCGTCGAGGCACTCCGCACGCTCAACGACCTCGAGGACAACTACATCACCGTTGGCCAGACGCTGCGCCTGACCAACCGCGCCCCCCAGGGCCAGCCGCCCCGGCTGGAGGCGCCCGATCCGCCCCCCGGCGTCGGCGAGGCCATCCCGGAGCGCCCGACGCCCGACGCCCCCGCCCCTCGCGGCGGGGCCTCCAGCGGGCTCGTCCATGTCGTCACGGCCGGCGAGACGCTCTTCCGCATCGCCCTCCGCTACGACACGTCTGTGGACGATCTCCGCCGGCTCAATGGGATCACCGGCGACCAGATCGAGATCGGCCAGCGGCTCGTCGTGGGCGGCGGGGGCGTCGGCGCCCCGGTGGCCGGGGGGCCGGTCCCGATCGGCCCGCCGCGCGCGTGGTCCATCAACGAGACGACGGTCGCGGCCGACCTCGTCCACTTCGTCGAGCCCGGCGAGACGCTGTACTCGATCGCCGCCGCGCTCCGGATCGACGTCGACGCCTTGGCCCGCCTCAACGCGCTCTCGACGGCGCCGCTGGCGCCCGGGACCATGCTCCGCCTGCCCCTCGCCGTCAACCCGGCCGTCGCCTCGCGCGCCGACCTCCGCGACCCCGACGAGTCGGGCCTGGCGCTCGTCTACCCCGACGTCATGCGTGGGCGGCCGACCGAGAGCGGCGAGGCCTACGACCCGCTGGCGTTTACCGTCAGCCACCGCACGCTGCCCTTCGGGACCGTCGTCCTGGTGACGAACCCCACCAGCGGGCGCAGCACCTTCGCCCGCGTCACGGACCGCGGCCCCGTCAGCCGGTCGTACCTCATCGAGCTCTCGGCGGCGGCGGCGACGGCCCTCGAACTCGACCCGAACGCCGCCCGCCGCGTCGACCTGCGCGAGGTGCGCTAGGGACAGGGAAGGAGGGGCGAAAAGAGGAGACGAGGACCGAAGGAGGTTGTTCAATCTCTCCGCCTCCGTCCCTCTCCGCTCCGGGCCTCCCCGTGGCGACCAGGGCCCGCGCATCTCAGCCGGGCGACGTGCGTAGGGGCCGGAGTCCCCCGCTCGTCCCCCATGCCGTCGCCCGCTGACGAAACCGCCCGCCTCGCCGCCGAGTCCGCCCGCCTCGCGGACGAGATGGAGCAGCTGGCGACCCCGACCCCGGCCTCCGACCCCGCGCCCGGCCCCGTCGCCCCCGTCACCTACCTCTCCGCGACGCGCTCGGCGACGTATGGCTTCCTGGCCGCGCTGCCCCTCTTCGTGCTCTACGAGGTCGGCGTGATCCTGGCGAATGGCGACTCGCCCGCCCAGGTCCGTGTCGGCGCGGACGTGTGGCTCAAGGGACTGATCGCGTCGGTCGGCGGGACTGGCTGGGCCGCCATCGGGGCGTTCGTGGTCGCCCTCGGCGCCGTGGTGATGTGGCGCGAGCGGGCCCGCCGGCCGCCCCTCCGGGCAAAATGGTTCGGGCTGATCGTGGCCGAGTCGCTGGTCTATGCCGTCGTGCTGGCGTTCCTGGTGAGCGGCGTCGTCGGCGCCATCTTCGGAAGCTGGGTCGTCCCGAGCCTCGCGCTGGCGCAGCTCGCGGACTTCGGGCTCGGGCTCCAGCTGGCGCTCAGCATCGGCGCCGGGCTCTACGAGGAGCTGGTGTTCCGCGTGATCTTGGTCGGCGGCCTGTTCCTGCTCCTGCGCCGCGTGTCGCCGCTGGCGGACCGCCGCGCCTACATCGTCGCGGCCGTCGTCGGGGCGCTCGTCTTCAGCGCCGTCCACCACATCGGCGCGTTCGGCGACCCGTTCACGCTGTCCGTGTTCACCTTCCGGTTCCTGTTCGGGCTGGCGCTGAACGCCGTCTTCTTGGTCCGCGGCTTCGCCGTCGCCGCCTGGACGCACGCCTTGTACGACGTGCTGGTGGTGACGGGGAGCTTGTAGGGATCAGGGATCAGGGATCGGGAATCGGGAGTCAGGGGGGCGTCCGTCCGCGGCGCCGGTGGGGTGCGGTGAGTCGTGCCCCTGATTCCTCTTTCCTGACCCCTGATGCCTCTCCACCCCGACAGCTTGGCCGTCCACGCCGGCCGCGACGACCTCCGTGCGCTCGGCGTGCACGCCCCGCCCCTCGACCAGTCGACGACGTACCCGTTCGAGTCGCTCGACGCCGCCGTCGACAGCCTCGACGCGATGATGAGCGGCGCGGGCCCGACCGACGGAGGGCCCGTCTACTCGCGCTTGCACAACCCGACCGTCGCCCGATTCGAGGCGGGGCTGGCGGCGATGGAGGGCGCTGAGGCGTCCGTGGCCTTCGCCAGCGGGATGGCCGCACTTACAGCCGCATACCTCGCGGCCAAGACCGACGACAAGCAGCACGTCGTCGGCGTCCGCCCGATCTATGGGACGACCGATAAGCTCCTCTCATCCGGCCTCCTTGGCCTCGACGTGACCTGGACCGACGCCCACGGCGTCGCCGACGCGGTCCGTCCCGACACCTGCTTGGTCTCCATCGAGACGCCCGTCAACCCCACGCTCGACGTGATCGACATCGCGGACGTGGTCGCCCAGGCCGGCGGCGTGCCCGTGCTCGTCGACTCGACGTTCGCGACGCCCGTTCTGCAGCAGCCGCTCGCGCACGGGGCGGCGCTCGTGATGCACTCGGCCACCAAGTTCATCGGCGGCCACGGCGACGTGCTGGCGGGCGTCGTGGCGTGCAGCGACGCGTGGGCGGCGCGCTTGCGGCAGGTCCGGATCCTGACCGGCGCCAACCTCCACCCACAGGCCGCCTACGCCCTCCACCGGGGGCTGGCGACGCTGCCGCTCCGCGTGCGACGTGCGCAGGAGACGGCGACCGCGCTCGCCGCCTGGCTCGACGCGCACGAAGGCGTGGGGGCGGTCTACCACCCGAGCCGCCCCGGCCGCGACGGCGGGCTGGTGGGGGAGGGGCGCCAGCTCAGCGGGCCCGGGCCGATGCTGTCGTTCGAGATCCTGGGCCCGGACGGCACGCCCAACGGGCCCGGCGCGCACACGGCCGCCGCCCGCTTCTTGGCCGCGCTCCGCCTCGCGACGCCCGCCGTCAGCCTGGGCTCGACGGACACGCTCGCGCAGCACCCCGCCGGCCTGACCCAGCGCGTCTCGACCGGCGACGCCCGAGCGGCCGGCGGCATCACCGCCGGGCTCGTCCGGGTCTCGGTCGGGCTGGAGGAGGCGACCGACCTGTGGGAGGATCTCCGCCAAGCCCTCGAGTCCGGGAGGGCCGGCTAGCGGGGTCTCACTTCGTCTCGGTGTCACGGCCCCGTTCCGGCGCTGCCCGGTGAGGCTCGATTAACCGCCTGTGGCCCAAGGACTGGAAGGGAGGTCCGTGCCGGTGTCCCACCCGCCGCACCGGCTTGCGTGCTCGCCCCGCATGGAACGCGGAGGGGGCGCGAAAACCGAACTGTTAAGGAACTCCACCCTGAAGCGTCGATACGACCCCGGTTCGCCCGACGCGCGCCCGGGGTCTTCCCCTACCTTCGTCGGCTGTGCCTGGAGGGCACGGGAGGGCTCCCACTTTTATCTCATAGACCCAAGACGACGATGTA
CP177355.1_gap35	1659171	1661285	2114	GCAGAGCGCGGCCTATGCACTGGGTCTTCTCGGTAAAGCGGCAGCCCCGGCCGTGGGCGACCTCCGGGCCCTGCTCCGCGACGAGTCCGAGGGCGTCCGGCAGAGTGCCGCTTATGCCCTGGGTGGTCTCGGTGAGGTGGCTGCCCCGGCCGTGGACGACCTCATGGACTTGCTCCGGGACGAGTCCAAAGCCGTCCGGCAGAGCGCGGCCTATGCACTGAGACAGGTGGGCGAGACCCAGGAAAAGGCCGCCAGGGCCCTTATCGCAGCGTTCATTAGCCTAGACGGGAGCGTGTCGGCTCCCGCCGCCGCTGCCCTCGCTCCTTCCATTTTTGAGGAACGGCCTACACAAATTCCTCCACCGGGGACGAAGGAAGCGCTCATAGGACTCCTCGAAAGCGGACGACTCGTCGAAAACCCGAGCGGCCCGGATGTCCGAGTTCGCGACGTGGCGTGGGACCTTCTGTACGCCCTCCACCAGCAAGACGCCGGGTCAAGGGACCTGGCTGCATCCCCCCAGCCCCAATGAGCGGGCTCAAGGATTGGGCTAAGACGCCGCAGGGGATCGCCACGCTAGGAGTCGCCGCCGTGACCGTCCCTGCAGCTCTAGCTACAGCGTTGAGGCCGGAAAGTCCGCCCTGGGTCTGGGTTGGGCTCGTCATCCTCCTAATTCTCCTCATCTGGCTTGGCATCGACGCAGTCTGGGGCCGTCTCATTCAGGAGCCGAGGCTGGACCGCGCCCGCCTCCAAGGCGAAAACGCCAAACTGGTGTTGGCTAACGAGGGGCTGAGACAGGCTCTTGAACGGGAGGAAGGTCGGGTAGAGCGGATTCATGAGCGGCTTCTCGCCCTCGCCACGGACCCAGAACGAGCGCTCAAGTGCTCCCTTGTCGCCAAGCTCGAGGCGCGCGATGCCTCGTTCAAGGTCGAGTGGGTCGACGATGACCAGCAGCATTTGGGGCTCCGGTCGATAAACGTGCTCGCCGCCGACCTTGATGAGCCCGGCTACCATGGCTTGCGGGTGACGGTCCTCTCGCGCGATCACCAGCAGACGGCCGCAGGCATCCTCACGCGGGTCGAGGGCACCCGCCTCCTTATCAGCCTAGACGCTCCAACTGAGTGGATAGAGCCGGACCTCGCGGCCATGCCCGCTTTGCCAGAACAGACCACCGAGCAAGACCGACGGGTTGGGAGCATCCTTCTCAACCTCGAAGAGCAGGCGTCCCTGGACTTTGTACCAGACGCGCCGCCAGGCTCGGAAGCGATCTCGGCAGGCCCCCGTCCACGGCTGACTGCCCCCGAGTTTGTCGAGCCTGACGACCCCGCAGTAAGCGGTCCCTCTCCCCGGCGCCCTGTCCGGTGAGAAGGAGCACACGTTGTGTTTCGGTGTGCTCTCTAACCCGATTGCTCGTGGATATGGTTAAAGCAACCTTCTGGAGCGATCCGAGACTTAGGTGCGTCTCGGCGGCATTTCAGGGGCGTCTCGGGACCGGAGACGCCGCCTCTCGGCCTCCGAGACGCCGCTGTAATTTTGTAACTCCCTAGACGGCCGTCAGCACGGCGTCCAGGCGGCCGGTGCGGGTCTCGTCTCCAAAGACGGCGCGGATCTCGACGCGGTAGTCGCCAGCGGCCAGAGCCTTGGGCACCTGGAAAAGCAGGCGCGAGGGGGCGTTCTGGGCCACCACGTCCGCACGAGTGGTAGTGCCGTCGGCCTCGGCGACGAAGAAGATGCCCTGGGCTGGGTCGTCGGCGTCGAAGCTCAGGCGCGAGCCGGTGATCTCGCCCATGCCGCTCGTGGTGAGGGCGCCATCCTGCTCGGCCGCGTTGTGGTCGGTGTAGTGGAGGAGCGAGGAGCCAGGCCGCCTCTGGGGCCTCCACCTCGGCGCTGAGTCGGGCAAGGGGGGCGACCGCTACTCGTGATCGCCGGTCGTCAGCCAGTCGATGATGGCAGGGGTCACGTCGAGCAGCGAGCGGCAGTCGGCGAAGGCGGCAGCGCCGGGGCCCCAGGCCACCAGGGGGACCGGGTTCGTGGTGTGGCTCTTGGTGCCGAGCGCCTCGATGTTGCCGTGGTCGCTCGTGATCAGCAGCGTCACGTCGTCGGGCAGCGTGTCGAGG
CP177355.1_gap36	1665667	1666876	1209	GCGAGTACCCCGCCAAGCTCCGCCCGCTGGCGCTCGCGCCAGCCGTGCGTGAGGCGACGCGCGAGATCGCGGCCGAGGCCGAGGCCAAGGGCCTGCGCTTCGACCTCGAACTCGACGACGAGGTCGCCGCCGAACTCGACCCCGACGCCCTCGCCCGCATCATCGGCCACGTCGCCGGCAACGCCGTCAAGTTTACCGACGCGGGCGGCGTGCTCGTGTCCGTCGAGCGCGCCAGCGACGACGCCGTGCTGCGCGTGGCGGACACGGGCCTGGGCATCTCGCCCTCGTTCGTCGACCAGGTGTCCGGGGCCTTCCACCAGGAAGACTCCGGACACGCCCGCAGCCACGAGGGCGCCGGTCTTGGCCTGACGGTCGCCGACCGGCTCGTGTCGCTGCTCGGCGGCACCATCTCCATCGAGTCCCAGCGGCCCGGCGGCACCGTCGTCACCATCGCGTTCGCGAGCGTGCCCTCGCCCGAGCCCGCCAGCCCCGCCCCGCCCGTCGCCCCACCCGCCGGCGACGGCCAGTCCGGCGACACCCTCCCCGAGCCGCTCGCCGACCCCGGCAACCTCCTCGGCGAACCCTTCGACTTCACGTTCCTCTCGGCGCCGGCCCTGTCCGCCGTCGCCGAGGCCCCCGAGCCTCCCCCCCTCGACTCCCCCGCGCCTCCCCCGACTGACATGTTCGACTTCCGTTTCGGGCGGTCTACCGACCCGCCGCCTGCCGAGCCCGTAGTGCCGCCCCAGGCCGCCACGCCCGCGTCCTCCCCGGCCCCGACGTACGCGCCCCCTTCGGCCGCGCCACCGCCTGCCCCGCCGCCGCCCGCGGCCGAGCCGGTGATGATCGTCCGGAACCCGGACCCCGCCCCGGCCCCCACCATCCCGCTCGCCACGGCCCCGCCTGTGGAGGATGCCGAGGTGGTCGCCGAGTCCGACCCGCGCCCGACCGTGCTGGTCGTCGAGGACAACGACGACACGCGGATGCTGCTGGAGCGGATCCTGCGCTCGACGTACCGCGTGACGGCCGTCGGCGACGCGCGCTCGGCGCTGCTGGCCATGAACGCCCAGCGGTTCTCCGGGCTCGTGCTCGACATCAACCTGGGCGGCAAAGAGACCGGCGCGGACGTGCTCCGCATCGCGCGGTCGCTCCCCGACTACGGCTCTGTCTTCGCTATCGCCCTGACGGCGTACGCGCTCCCCGGCGACCGCG
CP177355.1_gap37	1680897	1681868	971	GCGACGGAGACGGTGGCGAGGTCGAGCGCCGGGTCGTACTCGTCTGCGAGGTGCGCCCCGAGACTGGCGTTGACGTGCAACGTCCACGCGTCGGGGCCGGGGGTGACGAATAGGCTGTAGGCGCCCGGCAGCACCTCGACGCCGCCGACCGCGAGCGGGACCGTCATGACCAGCTCTGTCGCGCGGTGGGCGCCGGCGGCCCAGACCGTCCCGTCGGCCACGAGCCCGCCCCAGACGGTGCGGCCCCGGACGTACGGCCGGCCGTAGACGACCGACGCGTAGCCGCCGTCGCCATAGCGGAGCCCGGCGCGCCCGACTGCGCTCCCCGGTGGCGGGGCGGCCTCGTCGAGGCGCAGGCCGGTGACGACGAACGTCTCGGCGACGGCCTGCGCCTCGCCCGGAGCGGGCGCGGGGTGCGCGTGCTGAGCGGTGGCGGCGCACGTCGTCAGGAGCGCGAGCGCGAGCGCGAGCGAGCGGAGCATCGAGTTCGGGGGCGGCGTGGACGAACGGGGGCCGGAGCCGTACCCGTGTCGGACGGTCTCCGTTCTCGCGCGTCACCAAGCGAGACGGGGCCGCCCGCGAAGGCGACCCCGTGCCGTGGGTCCCGCTGGCGGCCCGTCTCGTAGCCGCCAGCGGGGAGGGGCGGGGCCGGGTGGCTCGTCCGGCTGGTCGCCCCTGTCTAGCCGAGCCAGTAGCTCAGCTTGAGGACGAAGACATTTGTGACGGGGTCGGTGAAGAGCCCCGACACGTCGCGGTCGAACTCGAAGCCGCCGTCGTTCGAGAACCCGCTCCGCTGCTGCTGCCAGACCAGGAAGAGCGCCGAGCCGGGCCGGTACTCCCAGCGCAGGACGGCATTCCCCTGGAGCGAGCGGACGGTAAAGTTGGGGTTGCCGAACTCCGTGGTCCCGCCGTCGGGGCCGGTCACGCGGTAGCGCTCGGGCTGATCTGTCGCCGGGTCGGCCCCGTCGGCG
CP177355.1_gap38	1684903	1689895	4992	ATCCGCCCGGACAAGCCGTGGACGTCCAGCGGCCCGTTGAGCACGGCGACCTCCAGGTCGGTCCCGGCCGGCGCGAACACTTGGTAGCTCACCGACACCCAGCGGTCGCGCTCGTGCTCGGTCCGGGACGCGGAGTCGCGGACACGTCCGCCGTCGATCGTGATCCGCGTTTCGTCGACGAGCCGGTCGGCCTCGGTCTGGGTCGGCGCCGCCGCCAGCACGCGGCTGCGCACCAGGACGTCGGTCCGGTCCCACCGCGAGACGGAGACGCTGCCATTGGTGGCCGCGAGGTCGAGCCCCTCGGCCTGGGTCACCTGCTCGCGGACTTCGCACGCGATCTCCCGGTCGTCGTCTGTCCAGCCCCAGGGCGCGTCGCACCAGTCGTCCGTCGGAGCGGAGGGGACGAGGGGGGAGGGCGTCGCCGTGCGCGAGGGCGCGGTGCCGAGGGAGACGAGCGAGGCGAGGACGAGGGGACGCAGGAGAAGGTGGGTCATGGTTCTAATTTTTTAACATCTGTGATGTGAGGCTCTCCCACTGAAACCGAGGGAGGTCCGTCGTCGACGCGGCTAGACCGAGTCCGGGCAGCGCTCGCGGACGACGTGAACAGTTGGCGCTGCCGGAGCCGCGACGCGGACGGTCGGGGCCACGCGCGTCATCACGCGGAAGGACGGCGGGGTACTCGGGCCGGCCTGGGCCTGGGGAGACGACCGGGGGCGGGGGAGCTGCTTGGCTTCGATCCGGTCACGGCGGGCGTCGCGGCGGTCCTGCTCGGCCTCACGAGCGGCCTCGCGGCGCTCGCGCTCGGCGTCGCGGAGGTCCTCGTGGGCTTCCTTCTGCGCCTCGCGGATGTCCTCCATGGATTCCCGGATGTCCTCTCGGGCCTCCTCCATCGCCTCCCGCTGAATCTCCTCCCAGTCGACGGACGTGAGGGCCTGGCGCTGGGCGGCGCGGATCTCCTTCCAGTCGATCTCGTCGAGGGCGCGCTGGGCTTCACGGAGCCCCAACTCCTGCGCGCGGTGGACCTCTTGCCAATCGACCTCGGCGAGGGCGCGCTGGGCGGCGCGCATGCCCTCACGCTGAGCCTCCCGAACGGCCTCCCAGTCGACCTCGTCCATCGCGCGGCGCGCGGCGCGCATGCCCTCAGCCTGGGCGATCTCGACCTCCGCCCAGTCGACCTCGTCGAGGGCACGGTGGGCGTCGTCGAGCGCCTTGCGGCGGATCTGGTAGACCTCATTGTCGGACATCTCAACGCGAGCGCGGTCGAGGTCGCGGCGGGCGCGGTCGATCTCGCGACGGGCGCCCTCGAGGTCCGGGCGGTAGCGGACGCGGACGGAATCGGTGTCGGCGCGGACGGGGGCCGGAGCAAAGGCCGGGAGCGCTGGGTCGGCGACTGGGGCGACCTCGGCGAAGGCGACGGTCTCGACCATCGGCGCGGTGTCGAGGGCACGCGCGACGGGCTGGATGGCCGCGAGCGGCACCAGCACGAGGGTGGCGAGGGCGACCGTCCCGACCCCACCAAGTCGGCCGAGCGCGCCCCGTTGGCGGTCGGCGTCCAAGATCGAGACGATGCGGCCTTCGAGCGGGCCGCGCCGCGCCATCGGGGCGACGGCGGCGAGCGCGTGGGACTCGCGCCGGAGCCCCCGGGCGACGGTCACCAGGTGCGCGGCGTAGTCGGACGGGCGGGCGCCGCCGGCGAGCACGGCGTCGTCGCAGGCCTGCTCTCGCGCGACCAGGAAGTGGCGGTAGCCCCACCATGCGAGCGGGTTCAGCCAGTGGAGCGTGAGGGCGGCCTGCGCCAGCGCCTGCGTCCAGGCGTCGCGGCGGCGGAGGTGGGCCATCTCGTGGAGCAGGACGGCCTCGCGGCGGTCCTCGTCCCAGTCGTCGGCGGACGCCGGGAGAACGACGGCCGGCGCGCTGTAGCCCCACGCGATCGGCACGTCGAGCGCGTCGGTGCGAAGCAGGCGGACCGGGCCCTCGATGCCGGACAGCCGGCGCGCACGCTCAGCGAGCACGCCCCAGTCGGCGTCGGTCTCGGGCCGGGCGTTGCGGACGATCCGACGGGCGGCCAGGAATGCGGCCAGCCAACCAAGGCCGACGACGAGCACGCCGAGCAGCCAGACGGCTCCGGCCCAGAACCCGGCGCGGCGGCCGGCGAGCGTCACCGGCGGGGCGGGTCGCTCCAGGGCGAACGCGAACGCCGACGCGCCCTCGCCGAAGGACTCCATCTCGGCCTCGAAGGCGCCCATCTCGTGTTCGAAGGCGGCAATCTCATGTTCGAACGCGGCCATCTCCGCCTCGACCTCGCCCTCGAAGGCGGCGACCTCGGCGTCGAACCGCGCGTCCGCTCCGTCGAACGCCGGCACCGGGGCGGGGGCGACCGGCGGGGCCGGCGGAACGGGGGGCACGGGCGCGAGCGGCGCCAGCGGGGCGACGGCGACGTGCGGCGCGAACTCGACCACTTCGTGCTCGGCAGGCAGCACGCCCAGCGTCCAGTCCGGCCCGACGGCCTCCAGCACGGGCAGCAACAGCAAGGCTCCGAAGGCCGCCGCCCAGACGCCGTGCCGGGCGCTGGCGGGGGCCCGACGCAGCAGGCGAGCGGCGAGCGAGGCGACCAGGAGGACCAGCAGGCCCTTCAAGGCGATCGTCAGCAGGAGAGAGGTCATCGTCCTTGGGAGCGTGCGCTCCGGATGAGGGTGTCGAGACGGTCGAGGTCGGCCTCGGAGAGGTCCTCCGAGGCCTCATCGAGCAGGGCGGCGACGGCGCGCTCCGGAGCGCCGTCGAAGAACGTCGTCATCAGATGACGCAGGGCCGAACGGCCGGCCGCGTCGCGGGTCTGCATCGGGAGGTAGACGTAGCGGGGCCCGTCCTGCTCGTGGCGCACGTGGCCCTTCTCCTCCAGGATGCGGAGGTGAGTGCGAACGGCGGAGTCGCTGGGTGGGTCGGCAAGCGCCTCGCGGACGTCGGCCGCCGACGCACGGCCGAGACGGTGGAGAACATCGAGCACTTGGCGCTCGCGGCGGGAGAGGGCGGGGACAGACATTGGCGTGTGCTAAAAAGTTAGCGGAGTGTAGGGCGCCTGTCGCGTCAAGTCAAGTGAACTGCCAATTTTTTAACAGACCCACACTCCCGGACAACTCTGAGCGCTCTTCGGATGCAGCGCCGGAAGGTTGCATCGGCTGGCGAGCTGGCGCGCGTGGACCTGCGGGCGGGAGCGGGGCCGGCGCCTCCATCGGGCGGCCGTCCACAGGAGAGCGAGGCGCGGCTCACACCGCCGTAGCTTCGGCCCGCAGACGGACGCGCCCGTCGCTCGCGTTCACCGACCCCGCTTCGACCATGGCCTTGCCCGCACAGACCTCCCTCCTCCGCAAGCTGCTCCTCGGCGTCGCCCTGCTGGGCATCGTCGTGGTCACCCACCTCGCCCTCCAGAAGGCCAACGGGTTCGCCGCCGGCTGCACCGGGCTCGGCGGCGTCGACTTCTCGGCCGGCGCCGCGACGACGGGCGAGGGCTCGGGCTGCGCGACCGTCACCGAGGGCGAGTACGCCGACTTTCTGGGCATCCCGAACGTGACGCTGGGGCTGCTCTTCTACGTCCTGATCGCCGGGCTCCGGCTGGCCTACGTCGCAGTGCGCGACGACCGGCTCCGGCTGGCGTCGTTCGGCGTCGTCGGCGTGGGCGCTGCGTACACGACGTACCTCGTCTACCTCCAGGCCGCCGTCATCGGCTCGTTCTGCGCGCTGTGCATGACCTCGGCCGCCCTCGTCCTGACCCTCCTCGTCCTCCACGTGCTCGAACACCGCCGCATGCCCTCCGACGCCCCCTCGCCCGACGACGCCCCGCGCCGCCGCCGCGCCGCCCAGCCGACCGGCCTCGCCCTGTTCCGCCCGTACCTCCCCGTACTGGGCGGGTTCGTGGTCCTGTTGCTGGGTGTCTTCGCCCTCGCCGCCCGCACCGCGCCGGACGACGGCCCCGGCTCCCCGCTCGCGACGGCCTCCGGCGACGTGCCGACGGTCCCGACGCCTCGCATTCAGGACGTCACCGGCGAGTGCACCTACGACCCGGAGTACGAGCCGATCGCGGACCTGTCCGCGTTCACCACGGGCCCCTACCTCGGCAGCGCCGACGCGCCGGTCACCATTGTCAAGGTGTTCGACCCGAACTGCCCGCACTGCCGCGCGCTGTCGGAGACGCTCGACGGCGTGATCGCGGAGAACGGCGAGCGCGCCAAGTTCTACTACGTGCCGTACCCACTGCGCCAGCAGTCGCTCGGCCAGGTCGTCGCGCTCAAGATGGCCCAGCAGCAGGGCAAGTTCTTCGACCTCATGCACGAGATGTTCGAGCGCCAGAACGCGACGTGGGGCATGACGTTGCCCGAGCTGGTGTCCACGGTCAACGCGGTCGGGATGGACGGTGCGGCGTTCGAGGCCACGCTCAACGACGACGCACAGCTCCAGGTCTACCTTGCCGACATCCAGGCCCAGGCGGATGCCGTGACCGGCGCCTTCGCTCGGGAGGACGGCGGCATCTCCGTTCCCAAGCTGGCCGTCAACGGCCGCGTCGTCGAGTCGACGTTCGCGTCGTACAGCGAGCGCTGCCTCGGCCAGTTTATCGCCGAGGCCGAGTAGCCCGTGGCCCAGGCCAACGCGATCACGGAAAGATTCGGCGGCGCGCTCAACGACATTGTCGAATTGGGGCCTGAAGGAACCGAGAACCTGATCTGGTCGGTCGTCCTGATCGTCGCGGTCTGGGCCGTCCGCCAGCTCGCGCTCCGCGCCATCCGCCAGCGGGCGCCTGACGACTCGCGCCGGATCTACCGCTGGCGCAAGGTCACGACCTACATCGCGACGGCCGTGCTGACGGTCGGGCTGTTCTCGATCTGGATCTCGGAGGCGGGCGGGCTCGGCACCTTTCTCGGCCTGCTGACGGCGGGCGTGGCGATCGCGCTCAAGGACCCGCTCGTCGACCTCGCCGGCTGGGCGTTCGTCCTGTGGCGC
CP177355.1_gap39	1706029	1707255	1226	GGGCAAGCTCTTGCTCATCGCGGGGCATTACAAAAACGTCGACCAGCGCGTCCGCGACACGCTCGTCACGCGCGAGATCTCGGTCGGCGACTACGTGCTCTCCGGCGGCGAGCTCCCGGCGCTCGTGCTCATCGACGCCGTCGCCCGGCTCGTCCCGGGCGTGCTCGGCGACGCGGGCTCGGCGCTCAGCGACTCGTTCCAGGACGGCCTGCTCGACGCGCCCAGCTACACGCGCCCCGCCGACTTCCGGGGCCTCGAGGTCCCGCCCGTCCTGCGCTCGGGCGACCACAACGCCATCCTGGCGTGGCGCGAGGCGCAGCGCCTGGAGCGCACGCGCGAGCGCCGCCCGGACCTCCTGGGCGGTGCCGACGACGGCGCAGAGGGGGCGGGCGAAGAATCGCTGTAGACCGCATCCCGGGCGCGTCTCTGCCTCGCCACTCCCTACCTTTCATGTTCGCGCCGACGGCGCACTCACCCCAGCCGATTCAGCCATGGCGACCGACCTCATGGGCCTCGTGGAGGCCACCCAGCTCCGCGACGACATCCCCACCTTCGACTCGGGCGACACCGTCCGCGTGCACGTCCGCGTGATCGAGGGCGACAAGGAGCGCGTCCAGCTCTTCGAGGGCGTCGTGATCTCGATCCAGAACGGCGGGACGGCCGAGAGCTTCACCGTGCGCAAGATCTCGAACGGCGTCGGCGTCGAGCGGATCTTCCCGTTCGCCAGCCCGCGCGTCTCCAAGATCGAGGTCGTCCGCTACGGCCGCGTCCGCCGCGCCAAGCTCTACTACCTCCGCGGGCTCCGCGGCAAGGCCGCCCGGATCACCGAGCGCCGCCGCTCCTAAGGGCAGGAGGAGACGAGCAGACGTGTAGAGGAGAAGAGGACGCGCTCCAGCCCGCGCGGGCCGGCGCTCTGTCGTCTTCTCCTCTCATTTTCTCCCTTCTCTCTGCGATCTCATGCGTCTCGCTGTCTGGCCTGTTCCGCCCGCACGGGCGCTAGCGTCGGCCCTGGCCGACCTCGTCACTGAGACCGTCGAGATCGAGCCGCACGAGGCTCGCGCGGCGCTCGACGAAGGCGGCGTCGACCTCGCGCTCGTCCCGACGCTCGACGTGCTGCGCGCCCCCAGCGGGCTCGCCGTCGTGCCGGGCGTGGTGCTCGCCGGCGAGCGGAGCCCGCGTCGCCAACTGGTCGTCGGCTCGGCCCTCGATGCCATCGAGACGATCGC
CP177355.1_gap40	1711943	1713815	1872	CCTGATGGGGCAGGGGCTCCTCATCGGGATCGTCGGGCTCCCGGTCTTGGGGCTCGTCCAGAAGTACCGCCGCTCGGCGGCGGCCGACGTCCGCCAGCAGATGAAGTGGGTCGTGCTCCCGCTCGGCGTGTTCGTCGCGATGCTGGTGGCCGTCCCGTACGCCCACGAACTCGTGCCGGCGCTCGACCCTGGGCGCCGCGCGACGGGGTACCTGTTCCAGAAGGGCACGACGATCCTGCTCAACCTCGGGCTGGCGGCCATCCCGCTCGGCGTGCTCGCGGGCGCCCTCAAGTTCCGGCCGTGGGACGCCGACCTGTGGATCGCCCGGTCCGCCGCGGTCGGCGCGGCGACGCTGGGGCTGGCGGCCGTCTTCGCGGGCGGCGCCGAGGCGCTGCGCGTCGGGCTCCGGGTCTCGATGGGCGACGGGGCCGACTCGGTCGCGGCGGCGCTCGCGGCCGTCGTGGCGCTCGTCGTGTTCAACCCTGTCCGCGAGTGGCTGACGAGCCGGGCCGATGCGGACCTCGCGCGGGCGCGCGAGAGGATCACCGAGCGGCTGCCGCTCCTGCTGGCGGGGCGCCAGGTCGTCGCCTCGCCGGGCGAGATCGGGCGCGTCGCGATCGCCGCCGTCCGCGAGGCGCTCCACACCGACCGCGCGGCCGTGCTCGACCTCGACCCCGAGGGCTGGGAGGCCGTCGCCGTCGAGGGCGTGACGCGGGAGGAGGCGCTGGCGTGGGCCGAGGCCACGCTCGACGCGGCGGCGCTGCCGGCCTGCTCGGAGCAGGTCTGGGAAGACCCCACGTTCGTGCTCCGCGTGCCGCTGCGGTCGGCCGAGGACGAGGTCGTCGGTGTGCTCGCGCTGGGCACGCACGGGCAGGGGCGCGGCTACAGCACCGAGGAGCGCAAGGCGCTCGACGCCGCGTCGCGGTCGCTAGCGGAGGCGCTCCGCGTGGCCGAGCGGCGCGAGCAAGCGCAGGCGCGGCAGTACGCGCGGCTGGCGACACTCGTGGACCGGTTCGAGGGCGCGGGCGGGGACGGGGCGCCGCCCGCAGGCTGACCGCGTCACCGAGCCGAGGGGACTGCCGCTAGCCGGCGGCCTTCGCCTGCACCGACGCGTCCATCCCGGCCACCTGATCGCGGAGGTCGGCCTTGTACGCCTCCAGCGCGACCGCCAGCATCGGGTCGGCCGTCGCCAGGATCTGGACCGCCAGCAGCGCTGCGTTCTTGGCCTGCCCAATGGCGACCGTCGCGACGGGCACCCCGCCCGGCATCTGGACGATCGACAGCAGCGAGTCCATCCCGTCGAGCGCCCGCGTCTGCACCGGCACGCCGACCACGGGGAGCGTCGTCGAGGCGGCGATCATGCCTGGGAGGTGCGCCGCGCCGCCAGCCCCGGCCACGATCACCTTGAGGCCTCGGCCCCGGGCCGTCCGGGCGTAGTCGGCCATCGCGTCCGGCGTGCGGTGGGCGGAGAGGACGCGCGCTTCGAACGGGACGCCGAAGGCGCGGAGCACGTCGGCGGCGGCCTCCATGGTGGGCCAGTCGGACTCGGAGCCCATGGCGAGGCCGACGAAAGGGGAGGACATCGGAGAGGGGGAGGGTGGAGGGGAAAGATCGCGCTCCCAGAGGGTCCGCCCCCCACACTCGCTATTGGTCGCCTTCGAAGCGCCGGTACCGGGCGTTGATTCCGCAGTACAGCCCGTACGCCGCCAGCCCGAGCCCGACCCCGCCGAGCAAGACCGCGCCGTAGGGCTGGTCGCGCAACGTCGTGAGCGCGCCGTCGAGGCCCACGGCCTCCGACGCGTCGGACTGGAGCGCGGCGACCGCCAGCGCCACCCCGATGATGCCGTAGACCACGCCGCGAGCCGTGAGGCC
CP177355.1_gap41	1771216	1776139	4923	CGTCCGCAAGACGAACCGGACGGGCACCGACACCATCGCCAGCTTTGCCGAGCACTACAGCGTGGACCTCGCCGATGGCTACCCGCTGCTGACGACCAAGAAGGTCTACTTCGGGTCCATGCTCCGCGAGGTGCTCTGGTACTTGTCCGGCGCCGACCACATCCGCGAGCTCCAGCGCCACACCAAGATCTGGGACGCCTGGGCCGACGACGAGGGCCGTCTCCAGACCGCGTACGGCCGGTTCTGGCGTCGCTTCCCCGTGCCTGCCTCGGGCGTCGCGCTCGGCGACGAGGTCTGGGTCGACGCCGACCACCCGCGCGTCCGCCGCGAGGCCGACGGGTCGCTGTCGTTCGACCAACTGGGCCACGTGCTTGACCTGTTGCGCACCAACCCCATGAGCCGGCGGATGGTCGTCAGCGCGTGGCACCCGGCGAACGCGGCCGTCAGCCGGTTGCCGCCGTGCCACTACACGTTCTGCTTTCAGGTGACGCCCGCCGACGACGGCCCCGACCGCCTCAACTGCCACCTTACGCAGCGCTCGGCCGACCTCGCGCTCGGCGTCCCGTTCAACCTCGCCTGCTACGCGCTCTTGACGCGCCTGCTCGCGGACGCCGCCGGCCTGCGCGTCGGCCGCTTTGCCCACACCCTCGTCGACGCCCACATCTACGTCGACCACGTGGACGGCTTGCGCGAGCAGCTGGCGCGCACGCCGACGCCGGCGCCCCGGCTCCACATCGCGCCCGGCCCCGACGGGGCGCCCCGTGGCCTGGACGACATCGCTTTCGAGGACGTGACGCTGGAGGGCTACGACCCCCAGCCCGCCATCCGCTTCCCTGTCGCCGTGTAGCGCTCCGGGGACTAGGGATTGGCTCGCTTCGCTCGCGGGATTGGGGAGTGCTGGCGAGACGCCACAGCGCCCACCCAGTTGACGAACCGTTTGCATTTTCCGTCCCCCGTCCCCCGTCCCCCGTCCCCCGTCCCCCGTCCCCCGTCCCCCGTCCCCATGCCTGAGATCGTCGTCATCGCCGCCGTCGCCGAGGCGCCCGGAACGCCGGGCGACCGGCTCATCGGCGACGGGATGGACCTGCCGTGGCACCTCCCGGCCGACCTCCAGCGCTTTAAGGCGCTTACGACCGGGTGGCCGCTCGTGATGGGCCGGAAGACGTTCGAGAGCCTGCTCCACCAGTTTGGCCGCCCGCTCCCGAACCGCGAGAACGTCGTGCTGACGCGCTCCGCGAGCCGCGTCGACCACCCCGGCATCCACGTCTACTCCGGGCTCGACCCCGTGCTGGCGGCGTTCGCCGACCGCGAGCGAGTCTTTGTCGGCGGCGGCGCCAGCCTCTACCAAGCCGCGCTCGACGGCCCAGAGCCGCTGGCGGACCGGCTCGAACTGACCTTCGTCGAGGGCACGTTCTCGGGCGACACCTACTTCCCCGAGTACCGCCACCTCGTCGGCGATGACGGCCCGTACCGGCTCGCCGCCAGCGAGCCTCACCCCGCCGACGGCGGCCGCCCCGCGTTCCGGTTCGACACGTTCGTCCGGCGGTAGTCACAAAAAACGCCGGCCCTCCGAAGAGAGCCGGCGTGGTCGGGATGGCGGGATTCGAACCCACGACCTCCTCGTCCCGAACGAGGCGCGCTACCGGGCTGCGCTACATCCCGAACTCCAGCGCATCCGCTGGCGGGACCCGAAGCTACGACGGTGCGGACGGCCCGCCTAGCCGGGAGGCAGTGAAGCGCCGACGAACCCGGAGCCACGCATACTGGGTGTGCGGAGCGCTGGGCCCAGATATCGGGCTGTCCCACTAAGCCCCGGGGGCAGATCCTCGATACTCTGACCCTCTCCCGCTCGCTTCAGCTGCCACTCATGGCTCCGACAGACTCCCTCCGCCTCTTTGTCGAAAGTTCGCCGACCCCCAAGGCGCTGTTCGACCGGGAGATGCGGTTCCTCGCGCACAGCCCCACGTGGGGGGGGGGCGTCGGGGTGGAGCCGGGCACGCCGCTCCTCGGGCAGACCATCTACGAGGTCCACCCCCATGTGATGGAGGAGTGGAGCCCGATCTACGAGGCGTGCCTGCGCGGGGAGAGCGAGCGCATGGACGCCGCGCCGGTTGACGGGCCGACCGGGACCAAGTGGGTGCGCTATGCGATCCAGCCGTGGTACTCGGCGCCCGACGAGGTCGCCGGGCTGATCATCGAAGTGGAGGACCTGACCGACGAGGTCAAGGCCGTCAAAAAGCTGGGACAGGATTCCGTGCTGCTCGACGCCGCGCTCGCGAGTGCGCCGGTCCTGGTGTTCGCCTTCGACGCCGACGGCCGCATCACACTTCGGCGCGGCCGCGTGCTGGAGGCCGTCGGCAGCGACCCCTCCGACTTTATCGGCGACCGCGTCGTCGACCGGTTCCAGGGCGACGAGACGATCGCCGACGGGGTGGCGCGCGTGCTGGCGGGCGAGACCGTCCACTGGACGATCTCCGTCGCCGGGCGCGTGCTGGAGACCACTGTCGCCCCGCTGCTCGGCCCAGGCGATCAGGTCGAGGGTGGAATCGGCGTCTCGGTCGACGCCACCGAGCGGGTGGCCGCCGACACCGACCGCCAGCAGCGCGAGGCGCTCTTCGACGCCGTCGGCGAGGCCGCCGCCGTTGTGTGGGCCTTCGACGCCGAGGGCCGCGTCACGCTGATGCGCGGCCGGCCTCTGGAACGGATCGGGATCGAGCCAGACCTCGTCATCGGGGAACGCGTGGGGGCCCTCTACGCCGACTACTCCGAGATCCTCGACGGGGTAGCCCAGGTGCTCGCGGGCGAGCCGGCCGAGTGGGCCGTCGCGTTCGCCGACCGGCAGTTCGAGACGACGGCCCGGCCCATCTGGGACAATGAGGGCACGGTCACGGGCGGCGTCGCCATCAGCCTCGACGTCACCGACCGCAACGCCGCCGACGCCGCCGCCGTCGAGCGCCAGCGACTCCTGGACACCGCACTCACTGGCGCGCCGATGGTCCTGTACGCCTGCGACGCCGCGGGCACCATCACCACCAGTCGCGGGCGAGCCCTCCGGGCGCTGGGGCTGGAGGACGACCAGACCGTCGGGGCCTCCATCTGGGACTTTATCCCGGCCGAGGAGCGTCCAGGGCACCCTTTCGAGGCGGTGCTCGCCGGAACGCCTCAGTCGTGGACTACCCGCTACGCCGACCACGTGATGGAGACGACGGCGGTCCCCATTGAGGGCGGCGGCGCCGTCGCCGTATCGAACCTGGTGACCGAGCGCGTGCGCGCCGAGGAGCGCGCCGCCACCCAGGCCGCCCACCTCCGCCGCCTGCTCGCGACGACTTCCGTCGAGGGCCCCCTGGACGAGCGGGCAGGGGCCGTGCTTCGCGAGATGACCGACATGCTGGGCCTGGAGTTCGGGCTGCTGGCGACGGTGTCCGGCGGCGTCTACACGGCCCTCGCGAGCCACGCCGTAGAGGGCGAGCCGTTGGCGGTCGGGACGGAACTGCCCATCGGGCGGACGTACTGCCTGCTGCCCGTCGCCTCGGGCGAACTCGTCGCCATCTCCGACCTCGCCGAGACCCACCTGGACCCGACCGACCGGCTCCCGGAGGGGCTCGCGTCCTATGTGGGCGCGCCGGTGGTGATCGACGGGGCGGTCGCAGGGGCGCTCAGCTTCTGGGCCACGTCGGCCACGGACGCCTTCTCGGAGGCCAACCAGGACTTGGTCCGGATGGCCGCGCTGTGGGCCGGGGCCCTGCTCGAACGGGACCTCCGCCAGCAGGAGGCCGAGGCCGACATCGCGCGCATCGAAGCGCTCGCCGACGCCTTCGCGCTTCGCTCTGCCGATGACGCAGGCAAAGTCGGGGAGGTCATCGAGACCCTCCGCGCTCAGCTCGGCCTCAAGACCGGCATCTTCAGTCGGATCGATGCCGACGAGGACCGCCTCCAAGTCGTCGCGTGCGCGGCGCCCGAGGGGTCCGAACTGGCACCCGGCGACGTGTTCGCCCTCAGCGACACGTACGCGGACATCGTGTACTCGGCCGACGACGAGGTCGTGGCCATCGACGAGATGTCGTCCTCGGTCCATAGTCGTCACCCGAGCTTCCAGAAATTCGGCCTCGAGTCGCACATCGGGGCGACGGTCGTCGTCGACGGCGAACGGTACGGGACCATCAACTTTTCGGCCACGGAGGCCCGCCCGCGCGGGTTCTCCGCCGCCGACCGCCAACTCGTCCGGCTGGCGGCGCGCTGGGTGGGCGGCGTCGTCGAGCGGGACCTCCGTCAGCACCGCCTCGACGGGGCGGAGCGTCGGTACCAGGCCATCTTCCACTCGCAGTACCAGTTCCAAGGGTTGATGACGCCGGACGGGACGCTCGTCGAGGTCAACGACGCGGCGATCGAGTTCGCAGGGGTCGATCGCGAAGCGGTCGTGGGGCGCAAGTTCTGGGAGGGCCGCTGGTGGCAGACCACCGAACCGGCCCGCCAGCGGCTCCGGGACGCTATCGCCGAGGCCGCCGGGGGTGCGTTCGTTCGCTACACCGCCGAGGTGCGCGGGGCCGACGGCACGGTCGTCCCGATTGACTTCTCGCTCAAGCCGGTCCGTGACGAGGCCGGCGACGTGGTGCTGCTGATCCCCGAGGGGCGCATCATCACCGAGATGGTGGAGGCGGAGAAGCGGCTGCGCGAGTCGGTGGTCGCCTTGGCCGAGGCGCGGGATCAGGCCGAGGTCGCGAACCGCGCCAAGAGCGCCTTCCTGGCCTCGATGAGCCACGAGATCCGGACGCCCATGAACGCCGTGATCGGGTTCGGCGAGTTGCTGGGAACGACCCCGCTCGACGGCTTGCAACGCGAGTATGTCCGCACGATGCAGCGCGCGGGCGAGCGGCTGCTGTCGCTCATCGACGACATCCTGGACTTCTCGAAGATCGAGGCCGG
CP177355.1_gap42	1785472	1789684	4212	TCACCGAGGAGCTGTGGTGGACGCTGCGCCCGCGCCCGGCCGGCGACGCCCTCATCGCCGCCGACTGGCCCGCGCCGTCGGCCGACGAGACGGATGCCCAAGCGGCCGCGACGTTCGCGACCGTGCAGGACGTGGTGACCGCCATCCGCCAGGTCCGCGCCCAGTACAACGTGCCGCCGTCGCAGGCCGTCCGCGCCGTGTGCCGGATCGGGGACGCGGCGACGGCCCAGGCGCTCGACGGGGCGCGCGAGTACGTCGAGCGGCTGGCGGGGCTCTCGGGCCTCGTCATCGGGGCCGACCTTGAGGCGCCGGCCGCGAGCGCGGCGGTCGTCGTGGGCGCGCACACGATCTACATGCCGCTCGAAGGCATGATCGACTTGGAGGTCGAACGCACACGGCTCCGCAAGGAGATCGAGGGCAAGCGCAGCTTCCTGGGCAGCGTGGAGCGCAAGCTGCGCAACGAGGCGTTCACGAGCCGCGCGCCCGAGGCCGTCGTGGCGAAGGAGCGCCAGAAGGCGGCCGACGCGCTCGCCGAAATCGGGGCGCTGGAGGCCAGCCTGGCCGAGCTGGGGTGACCGCCGCCCGCCGCGCGACCCCTGCGCACGGACAATTCCGCTCGTCCCACCCGTTCTTCTCCCGTCCCCCCACCACGCCCATGCTTCGCCTCGCCCTGTTCGCCGCCGTCCTCATCCCGCTCGCGGGCTGCCCGGCGCCCGCCGAGATCGACCCCATCGAGCCGCCGATGCTGCCCGGTGGGCCTGCTGCCGTCCGCTCGCCCGACCTCGACGCGGCCATGGCGAAGTGGGCGGACGCAGAGCTCGATGCGTACACGATGACGCTGCGGCGGATGTGCTTCTGCCCCACGCCCGACTACACCGGACCGTTCTCCGTGACGGTCCGCGACGGCGAGGTGGCCACGGTCCGCCTCGACGGCGCGACGGTCCCGGCCGAGCGTGGGATGTCGGTCGAGGACTTGTTCGAGCTGTTGGAGGACGCCTACGCCCGAGAGGCCGAGGTCGTCGAGGTCTCCTTCGACCCCGACCTCGGCTACCCGTCGGCCATCAACATCGACTACAGCTCGAGGATGGCCGACGAGGAGATCGCGTACGGCGTCTCCGACCTCAAGCCGGCCGGCCGCTAGCGGCCCTCGCCCATTCTTCAGGCGCCCGTCAGGCAATGCGGACGCCGCGCGCCGTTGTTTGGGTGGTCGCCTACCCGAACCCGCCCGTGCAGCGCTTCCTCCTCGTCGCCCTCGCCCTCCTCGTCTCCGCCTGTGGCGGGGCCGGCACCCCGCAGGCGGACGTGACCGACCTCCGGCTGCAACGAAAGGGGACCGCGTACCCGACGCTGACGGGCGTCCTCGTCAACAGCGGCGACGCGCGGATCGCGTCGGCGGACGTGTTCGTGACGCTCTACGACGCCGACAACCGGCCGATGGAGGACGTGCTGGTGCAGGTCCGCAACGTGGCCGCCGGCGACTCGGCGCGGTTCGAGCAGCGGCTCGACTTGGCGGCGGGCGCGGCCAAGCTCAAGTACGTGGGGGTGAACTAAGGGAGCAGCCCGAGCGGCCCAGTAGCCTCGATACGGCGCGCCCTGGACTCGCTGTGGCATGGGCCTGGATACTGTGGCAAAGGGCACCCCGTGCCCCGTGCCCCACGTCGCTTGATCCGAGCCCCCCCTTAGGACCCTGCCAGTCCCCTAGGGGCCCTGCGGATAGGGCGCGAAGCACGGGCACCGGCCGGTGGTCGGTGGCATCTTGCAGGCCTAACCCATCGGATCTATGACGCCCCGCGCCTACCTCTCCTGCCGGCCCCTCACTTTCGGCCACCAGCTCGACCAAGTGGGCGGGGTGGAGTGGATGAAGGCGGCGCTCGAACGCGCGGCCGAGACCGACGACACGATCGACGCCCACCGCGCTTCGCGGTACTACGACATCGTGTCGCGGCGCTCGAGCATTACGTCGCGGCGGTCCGCCATCGACGACTACCTCCACCGCGATTGGGACGCCATGCAGCTCCACCGCCCCGCGACGGGCGAGGACGGGCTCCCGGCGCCGTGGTACCAGGCCCCCCTCGACCGCCGCATGGAGCTCTACTGCGAGACCGCCGAGGCCGTCGCGCGCGACGCCTTCGCCGACGACGAGACGCCGCCCGACATCGCCTTCCAGGTCTCGTGCACGGGGTACGACAGTCCCAGCGCCGTCCAGCGCGCGCTTGCCGACCGGGGGTGGTCCGACCACGTCCGCGTGCTGACCGTCGGCCACATGGGCTGCTACGCGGCGCTCCCGGCCCTCGCGACGGCCGCGGATGTGGTGACGGCGGAGGCCGCCCGCCAGCCCGACGGCCACGCGAACGCCGTCATCGTCGACGTCGAGTTCTGCACGCTGCACCACTACCCGGCGACGACGGACCCCGAGCAGATCGTCCAGCAGTGCCTGTTCGCCGACGGCGCCATCCGCATCGACGTGGACTCGTCGCCCGACGGCGCCGAGTTCGCTCTGCTCGACCACCTCGAGGCCATCATCCCCGACACGCTCGGTGAGATGACGTGGCGGCCGGCGTCGGACGGCTTCCGGATGACGCTGAGCCGGGAGGTCCCGAACCACATCCGGAGCAACGTCGCGGGCGTCATCGAGGGCTTCTTGGAGAAGCATGGGCTCGGCGTCGCGGACGTCGACGTGTGGGCCATCCACCCCGGCGGCCCGCGCGTGATCGAGAGCACGTCGGCCGCGCTCGGCGTGGACGACAAGGTCCGCGCGCGCCACAGCCACGACGTGCTCCGCGAGCGCGGCAACATGTCATCGACGACGCTGCCCCACATTTGGGACCGGATCGCCCAGGACGACGAGGCGCCGTCCGGCGCCCTTGTCTGCTCGATCGCCTTCGGGCCGGGCCTGACGGTCGTCGCCAACCTGATGCGCAAGCTCTGATCGCAAACGGGGCAGGGAACGGAGCGCCGGTGAGGGGGGCGGCTCCGGCCGCCGCCATGCAGACCCCCCCCGTCCATGCCGACGCCGATGCCCGAGATCAACAACCGCTTCTACGACGACCTCGGGGACACGTGGTTCGAGGGCGACGACCACGCGATCGCGCTGTTGCGCGCGGAGGGCCGGCTGAAGCTGGCGTACACGCACGACGTGTTTGCGCAGCACGACATCGGGCCCGGCGCGCGCGTGCTCGACGTGGCGTGCGGGGGTGGGCTGATCGCGCTGCCGTTGGCGGAGGCGGGGTACCGCGTCAAGGGCGTGGATCTGTCGGAGGGCTCGCTGGCGCAAGCCCGCAAGCGGGTCCCGGAGGGCGCCCACGCCACGTTCCGACATGGCGACGCGACATCGCTCGACGCGGCCGACGCCAGCCACGATGCGGTGCTGCTGTTCGACATGCTGGAGCACGTCGAGGACCCGGCGACGGTGATCGCGGAGGCGGGCCGCGTGGTGCGGCCGGGCGGGCTCGTCCTGTTCAACACGTTCAACCAGACGCCTCTGGCGTGGCTGGTGGCCGTTCACGGCTTCCGGTTCGTCGTCCGCGAGGCGCCGGACCACATCCACGTCTGGCGCCTGTTCCTGCCGCCGTCGGACCTCGAAGCGATGGCCGACACGGCTGGGCTCGACGTGACGCACCTGACGGGCGTTCGGCCCCGCCTCGACGGGCCGTTCCTGCGGTCCGTCCTGCGGCGGCGGCTCGACCCCGACTTCGCGTTCACGACGACGGGTACACTCGCAGTCGGCTACATGGGCACGGCCGTCAGGCGCGGCGCCTAGGCCGCTCGCAAACCGCCAGCGACCGCTCGCGCCGGTGGAAGATCGAGCGCTGGCGGTGGTGCGCTACGTTCGCGCCGTCCCATCGCCGATAGCCATGTCTCGGATCCCGCTTGCGGGGCGCACGCTCGTCCTCGCCGCCCTCGCCCTGTCCCTCGCCGCCTGCGACTCCACCGACGACGACTGGCCGTTTCCCGGCGCCGAGGTCGACGCCGAGGCGGGCGTCGAGGTGACCGACGCCGCGGCGCTGGCTGGCCTCCGCGCCGCCTGGGTCGCCGACCGGCCCGACGGGTACTGGCTCCGCTACGAGGTGGTCTGCTTTTGCGCGCCGACCGTCGTCGACGTGCGCGTGGTTGGGGATCAGATCCTCGAGACACGGCTAAACGGGGAGGTGGCCCCGCCCGAGCGGTCACTCGTCGTGCCGCTGCGGGTGACGGACCTCTACGACCAGGCCA
CP177355.1_gap43	1836942	1839223	2281	CCCCGCGATGGAGGCCCCCGCCAGCGCGCGCGTGACCGTGCCGGCCTTCCCGACGATGGCCCCGAGCCCCGACCCCCGCGTCGGCCTGGCTGCCGGGCTCTTCGACGCCGAGGAGGCGACCTGGAACCTGCGCGTCGTCTCGTCGACGCCGCCGCCGGCCGACTTCCTCGGCGTCACGAACTCGGACCTCGCCTTTAAGGGCGACTACGCGATCCAGGGCAACTACAACGGCATAGTCGTGTGGGACCTCAGCGACCCCGCCAACCCGTCGGTCGTCACGGAGTACGTCTGCCCGGCGTCGCAGAGCGACGTCTCGGTCTACGGCGACCTCATGTTCGTCTCGGGCGAAGGCCTCGGCGGCCGTCTCGACTGCGGCACCGAGGGCGTCTCCGAGGCCGTCAGCGCGGACCGCTTGCGCGGCATCCGCATCTTCGACATCACGGACATCCGCAATCCGGAGTACGTCTCGAACGTGCAGACCTGCCGCGGCTCGCACACGCACTCCGTCCTCAAAGACCCCAACGACGACGACAACGTCTACGTCTACGTGTCGGGCTCGGCGGGCGTCCGCCCGGCCGAGGAGCTGCCCGGCTGCTCAGGCGCGGCCCCCGGCGAGGACCCGAACACGGCGCTGTTCCGGATCGAGGTGATCCGCGTGCCGCTGGCCAACCCGGCCGCCGCCGAGATCGTCAACTCGCCCCGCATCTTTGAGGGCCTGACGGAGGCGCCGAGCCACGGGCTCGCGCCCGCCGACATCGCGGCCATCGAGGAGGCGAAGGCGCGCGGTGCCTACGTCCTGTACTTCGGCGGCCAGGACCGCGTGATGCCGGACCGCTTCGTCCGCATGTTCCTGGCCGAGATCGTCGCCGAGCGCGGCGGCGAGGGCGAGCCCACGGCGGCCGACTCGACGCTGCTCCGCGAGCGGCTCCCGGCGCTCGTCCAGGAGCGCTTCGGGATCACCGTCGGGAGCGACGACGACGACGACGGCGAGCCCGGCCCGGGCCCGAACCAGTGCCACGACATCACGCTGTACCCGGCCGTCGGGCTGGCGGGCGGTGCGTGCGAGGGCTACGGCTTGTTGCTCGACATCACCAACCCCATCGCGCCGCGCCGGATCGACGCCGTGGCCGACTCGAACTTCTCGTACTGGCACTCGGCGACGTTCAACAACGACGCCACCAAGGTCCTCTTTACCGATGAGTGGGGCGGCGGCGGCCAGCCGAAGTGCCGCGCGACCGACCCCAAGGAGTGGGGCGCGAACGCCATCTTTACGCTGACGGACGGCAAGATGGACTTCCAGAGCTACTACAAGCTCCCCGCACCGCAGACGTCTGAGGAGAACTGCGTGGCCCACAACGGCTCGCTGATCCCCGTCCCCGGCCGCGACATCATGGTGCAGAGCTGGTACCAGGGCGGCATCTCGGTCTTCGATTGGACCGACGCCTCCAACCCCATCGAGATCGCGTTCCACGACCGCGGCCCGGCCGACGCCGAGCAGATGGCGTCGGGCGGCAGCTGGTCCGTCTACTGGTACAACGGCGACCTCGTCAGCTCCGAGATCGCGCGTGGCCTGGACGTGTTCCAGCTGACGCCGAGCCCGTACCTGACGCAGAACGAGATCGACGCCTCCAACACCGTCGAGCTCGACTACCTCAACGCGCAGGGCCAGCCGGTCTACGAGTGGCCCGCCACGTTCGCGCTGGCGCGCGCCTACACCGACCAGCTGGACCGCGCCGACGCCATGTCGCCGGCCGAGCTTCTGCTGGTGCGGACGGCGCTGTACAACGCCGAGAACCAGTCCGGCGCCACGCGCGCGCGGACGCTGACCGAGCTGGCCGACGGCGTCGCCGGCATGGCGATGGCCTCGGGCGACCCGGCCAAGGCTCAGATGCTCGCGGACGCCGTCCGCATGCTCGCGCAGGGCTAGACCTCCGTCTCTGTTCGGATCGTTCCGCCCCGCTGGTGCTTGCCGCCGGCGGGGCGGTGTGCGTGGTGGGGATGCCGGCGGCAGCGCGTGCTCGCGCTCCGGTGTCTCTGGCCCGCGAGCCAAACGAGCGGAGAAACGGCGTGTCGGCCGCTGGCGCTAGGTTGCGCGTCTCCCGTCGCTCCGTCGCCCCGTGGCCGATCTCGTCTACTACGTCGCCGCCAGCCTGGACGGCTTCATCGCCCATCCCGACGGGTCGTTCGACGGGTTCGAGTGGGACGACGAGGTGGTCGCCGACTTCTTCGCCGAGCTGGAGGGGTTCGGGACGGTGCTGATGGGGCGCAAGACGTACGACGT
CP177355.1_gap44	1841131	1842926	1795	GGTGCAGAGAGACTGAAGGAAAATCTAACATCGACGCTGGAGACACTGCGACGAGACAGCTTCTCTGAGGCTCAAATCGTACCGTATAGTCAGGAAAACAGCTTCGCAGACGCAAACGATCGGATCGAGGCACAAGTAATGAACGTGACACCAGAGCGCGTGTCACTGCGGCTTTCGACCGGCGACAACGCTACTCTCCACTCGGACGACTTCTCGTGGCACTATAAGATCAGAGATCTTAGGCACAAATTCAGCATTGGCGACTCTGCCCGCGGAGTTCTGATCGGCCATAGGGACGGTGTAAGACGCTTCTCGGTAAAGCACCAGTGGCCCGACCCATGGCCTGACTTCGTATCAAATCACCCCCAAGGGTCGGAGTTCGTGGGCACAGTTGTCGCTATCCACCACTTCGGAGCGTTCGTCCAGATCGAGGATCGATTCAACGGTCTGCTTCCTTCAAACCAGATAGGAGCAGAGGAGCTCCATGTTGGCGGCCAAGTGAGGGCGAGGGTCGAATCGGTTGACTCAAATAACGCTAACATTTCTCTGTCGCTCATTGAGAATCTCGGTGGCGGCCTATCGGAAGGCGCAACAATTGAAGGCGAGGTAGTTAAATGCCAAGCCGACTACTGCTTAGTTCAGTTCGAAGATGGCAAGCGGGGCATGTGCCACATTAGCAACTTCGATAGTGTTGAGCCACCCGATATGGTTGAGTCGTTCCCAGTAGGCCTCAAGGCGAACTGGAGGATCAGATCGATTCGTCAAGGTGGCTCGCGTATCGACTTAGTGCCTGCCGACTTCGGTGACGGAGAACAGGGAAGTAGCCAGGAGGCGGCCTAACTCACCGCTGCAGGCCGACAGCACGCGTGAGCGTTCTTACCTCGTCCGAGCGCCAGTGTCTACGTTGCCTCGTCCCACCCGCCAGTCGTCAGCGTGCTGCGGCTGAGCGGTCAACTGTTCTACCGCGCTCATAACCGGCTGCATTGATGGCCAGACGAACCGCTTTCATCCTCGCGGTGTGCGCCATGATGGGGGCCCTCGCAACCCCTGTCCGCAGTCAAACGGAGGCCGAGCAGATCGCCGAGTACGTCGCCCAGGCCCACGCGAGCGGTCGCTTACACGGGGCCGTGCTCGTCGCGCGGGACGGAGACGTCCTCTACGAAGGAGCGGTCGGGGAGGCGGACGAGACGTGGGGCGTCCCGAACGGGCCGGACGTGAAGTACGGACTCGCCTCGATCACGAAGACGCTCACGGCCCTCCTGGTGCTCCAGCAGGCCGAGCGCGGGGCGCTGAGCCTCGAGGCCCCAGCGCTGGACTACCTCCCGCGCTTCGCCGGCGCCCTCGACCCGCGCATCACGCTCGACCACCTGCTATCCCACCGGTCCGGCCTCGTCGACTTCGCCAACGACCTCCCGTGGGCCGAGTACGAGGCCCGTTACCTCCCCCGGCCCGTCCCGCCCGACACCATCGTCGCCGACATGCTCGCGCGCCCGCTCGAGTTCGAGCCCGGCGGGGGAAGCGACTACAGCAACACGGGCTACGTCCTCCTCGGCCTCGTGCTGGGGCGGTGACGGGGCGGCCATACTGCGCGTTGCTCCGCGAGGAGATCTTCGAGCCGGCAGGGATGGCCGACAGCGGGTGCCGCTCGTTCGAGGCCGTCATCCCACGCATGGCTACCCAGTACGCGACGGAGGACGGCCAGCCCTGGCACGTCCGCTACGACCACTCGGTGTATGCCGACGGGGTCGGGTACTCGACGGTGCGCGACCTCTTCCGGCTGGACGCGGCGCTCCGC
CP177355.1_gap45	1844272	1848345	4073	GCACGCCTGGCGCAGCTCGCGCTCGCGCGCCGCCACGTCGATGGCGACCGGGCGGGCCCGCTCCTTGGGCACCTCGCGGTGGAACTGGTCCGACGAGCGGTAGCCCGGCATCTGGTCGAGGGACAGCGTCTGGCTGGTCCCCTGGCGGACCGACTTGAGCTCCCACACCGACGCCTCTGACGGCTCGACGGCCGCGCCCTCGCCCCCGCCCGTCCCGTTCTTCGACTTTTTGGTCCCCATCGTCTCCTCGGCCGCGATCCAGCGCAGCGTCTCGGCCACGCCCGAGTCCTCGGCGGCGTACAGGTCGCAGGCGTTCGCCTCCTCGGGCCAGTCCGGCACGTAGCGCATCCCGCGGAAGACCTGCTGCATCGTCTTACCGACCGCGCGGACCAAGTCGGCCTTGACGAGCACGGAGATCGGCTTGATGTCGGTCCCCTCGCCGATCATGTCGACCTGCACCATCACGTCGAGGTCGCCGCCACGGTAGGCGTCGAGAAGCTGCTGGCGCTCGGCGGCGGGCACGTCCTGGCCGATGCGCGCCGAGCGCACGTCGGGGTGGCGGCGGCGAACGAAATCGAGGATCGCGGCGGCGTGCGCGTTGCTCATCGCGATGACCAGCATCTGGTGGTCGCGGTAGCCGGCCCAACCGCCGGACCGCGCCATCTGCCGCGCGAGCTGCCCCCGCTTCTCGGCAAACCGCGTGAACGCCGGGCCGAGCAGCGTTTCGAGGTAGACCTCGTGGAAGCGGAGCTTGCGCCGTGCGAGGTACGCGTCGACGTCGCGGCTCGCCTCGGGGTCGTCGCGCAGGGCCGTCAGCGACACCTCGACCTCCTCGCCGGTGTCGGTCCGCACCATGCGGACGGCGTAGTCGACGACGTGCGCCTCGACGCGCTTCAGGATGCCGCCCTCGGCGTGCGCCTCGCGCATCCCGACCTCGTGGAGCGCGTCGTAGTACTCGAACCCCTCGGCGTCGGTCGTCGTCGGCACGCCGAAGAGCGACTTCGAGTCGCCGCGCATCGGGGTGCCCGAGAGGGCGACCGAGGCGGCGTGCGGGAACCGCTCGATAGCCTGCGCCCACGTCCCGTCGTGCGCGAGGTGGTGGACCTCGTCGAACACGAACAGCGCCTTCGACTGGCGGCAGAACGCCTGGAGCGCGTCGTTGCCGCGCTCGCCTGAGGCGTACTGGTAGGTCGTCACCACGACCTCGGTCTTGAGGTTCTTGAGGAACACCCGGTCCGAGTCGGCGGCGCAGAACGAGACGGACTCGGCGCCGAGCCAGTGGAAGACTTGCGCCAGCTCGTCGACGTCCGCGTACTGGTCGCGCAGGTTGCCGCGCGGCACGAACACGACGAGCCGGTCGGCGACGCCGAGCGCGCGGGCGACCACGTACGCCGCGAGCGCCGTGATCGTCTTGCCGTAGCCGGGCACGAACACGCCCAGCGCGTTCCGCTCGGTCCCCTGAAGGAGGGTCGCCCACCGCTCCAGGAACACCCGCTGGCCCTCGCGCAGCGCGAACCCGTCGCGCAGGCGGACGCCGGGGAGGACGTCCGTGCCGGAGGGCAGCGGGCGGGCGGGGACGGACAACGGGACGATCTCGGGGGGGGCGTCGAACCTACGCGCGCCCCCCGCGACAGCGGTGCGTCACCGCCTGTGAACTCAGGGCGAGCGGACGCGACCGCCTGTCGGCAGGGCCCGCATAGGTCCACGGCCGCAGGCTCCGCCTTGACGCTGTGCGGGGGGTGGCCGCGGGCATGCCCGGCGTCGCACGCGCTACGGGCGCCACGAGAGGCCAACTCCTAGGCGGATCGTCGTGGCCGAGATGTCGTCCGGTCGGCCATCCGTGGAGAGGGTGGTGAACGTGGCCCCGACCCCGCCGGTGAGCGACAGCGACCGCGAGAGCGCGTAGAGCACGCCGCCCTCCAGCTCGCCGCCGGGGCCGGAGTAGTCGAGCGAGCCGAGGCCGGTGGCGTCGAAGGTGGCCGTCTGGTAGGCCGCGCCCGCCCCGATGTAGGGGACCACCTTGCCGTGTCCGAACGCGAACCGCCCGCCGAGGCTGACGCCGCCGAGCGCGACCGAGAGGGCGCCGTCGCCGTTGCCGCTGGAGCCTCGGAGCTGCGTGTAGACCGTGATCGACGGCGTCACGTCGTAGCCGAGCGTGAGGTCGCCGCCGCCGCCGGTGAACGAGTCGGAGTCGGAGTCGGAGTAGCTCAGGCCGTGGGCTCGGACGGCCGCGCCGAACCGGGACGACGCGGCGCGCCTCGGCCCGCCCGTCGCGGAGGGCCGCCGCCGCCGCTCCTCCGACACCAGCCGGACAAATGGCGGGGGGTCGAGGGCCGGGTCCGCCTCGTAGTTCGGCGCCACCTCCAGCAGCCGCGCCACCGCGTCGCGGGCGTCGGCCTCGCGGTCCTTGCCGATGTAGCTCAGGCCGATCAAGCGGTAGGCGTTCCGCCGCTCCTCGGTCGAGAAGCGGTCGGCGTCGAGGCACGAGGTGAGCCGGTCGATGGTGGCGTCGAAGTCGCCCGTCTGGTAGCTCTCCTGGGCCCTCGGGAGGGCGCGCGAGCAGGTCTGGGCGAGGGCCGGGGCCGCGCACAGGGCGAGGGCGGCGAGGACGAAAGCGCGGGTCATGGGTCAGGGGGTCTGGAGGGTGAGGCGCACGCGAGCCGGGGACTGCCCGGCGGTGATGGTGATGGTGGTCGAGGCGGAAGTGTCCTCGCGCTCGGCGCCGATCGTGTGGCGGCCAGGCGGGACCGTGATCGCGGCCGGCGTGTAGCGGCCGGTGCGGCGCCCGTCGAGCAGGATCTCGGCGTTGAGCGGGTCCGAGGTCACGGTGACCTCGACGGGGGTGGCGAACTGGAGCTGCACGTCGGCCGTCCGCCCGGCCTGGACGCGGACGGTCTCGGTGATCTCGCCGAAGTCGGGGTGCGTGGCGCGGACGGTGTAGGTGCCGGGCGCGAGCTCGGCGCTCACAGCGGCGTTCGTGGCGCGCGCCAGCCGCTGGCCGTCGAGGTAGATGTCGCCGAACGGACGGACCACGATGCGGGCCGTGCCGGTCTGGGGGCGGAGTGCGGGCTCGGGGGCCGGCGCGGGCGGCGGCGGCGGCTCGGGCCGCCGGTCGGGCGGCGGCGCTTGTTGGTCGGGCGTCGCGGCCGGCGTGCGGCGCGGCTCCGGAGCCCGCTCGGCGGGCGGTCGGCCCTCGGCGGCGTCGGTGGGGCCGGTCGGTGCCGAGTCGATGGCGGGCGGAGGCCCGGTGGGGAGGGCGAACGCCGCGGCACCCTCGACCGGGGTGGCCGGGCCACCGGGCGCCGTTTGCTCCGCGACACGCTCCGGGCGGTCGTCGGTCGCGCGGTCCGGGGTGGGCGACGGGCGCCACGTCCACAGGCCCATAGCCACCACGAGCGCCGCGCCAGCGACCGCGAGTACGGCTCGGGGCACCGGCCGGAGGGAGCGCCACGCCGGGCGGCCCGGGGCGCCCGGCGCCGGCGCGAGCACGGTCGCGGGGGTGCCCGCCACGACGGTCGTTGGGGGCGCCATCCGGTGACGCGGGCCCTCGACGGTCGCCAGCGGGTCTGCGACGACGGTCGGGGGCGGGGATTGGCGTCGCGCCTCGGGGGCGGCCCCGGTCTCCGGGTCGACGGGGGGGCCGGCCACCGGGTCGTCGTCCGGGAGCGTCTCGCCGGGCTCGGCGGCAGCCGGTGCCTCGTCCCCAACGGTAGGCGGCGCCGCGACCGGGGGAGCGGAGTCGTCCGACGGCGCCTCGTCCGAGGACCCCGGGGCACGCTCGCCGATCTCCTGCGCCGGCGGCTCGTCCGTGTCCAGGCTCTCGGCGGGCGGGGCCGCTTTCGGGCGCTCGGCCACGACGGTGGGCGGGGCGGGGGTCGTGGGGGCAGCCGGTCTCGTCGACGGCCGCTCGGCAGGACTGCCGATGGGCCGGGGCGCCTCGAGGTCGGGCAGGGCGTCGCGGAAGGCGGCGACACTCGGGAACCGGTCGGCGGGGTCTTTGGCGAGCGCGGTCAGGATGGCGCGCGCCACCTCGGTCGGCAGGTCGGGCACCCAGCGGCTGGGGGCGGGCGGTT
CP177355.1_gap46	2002483	2004716	2233	AGATGGACGTGCTCGCGTGACCGACCCCGAACGTGTCGTACTCGGACTCGGAGCGCTTGGGGAAGCCGCTCAGCCCGCCGTACTTGCGGTTGGTCGGGAAGGCCTCGCGACGTCCCGTCAGGATCTTGTGCCCGTACGCCTGGTGGCCGACGTCCCAGACGAGCTGGTCCTCCGGCGTCTCGTAGGCCCAGTGCAGCGCGACCGTCAGCTCGACCACGCCCAGGCTGGCGCCGAAGTGGCCGCCGTGGACGGCCACGATGTCCACGATAAAGTCGCGGAGCTCGTCGCAGAGCTGCGGCAACCGCTCGACCGGAAGCGCACGCACGTCGGCGGGGCTGGCGATGGTGGCCAGCAGGGGGCCGGGCGTGTGGGTCGGGGCGCTCACGGGCATACGTCGGGTCTCGGATCAGCCGATGGGTCTCCGGTAGACCGGCGAGGCCGGGGCCCGGTTTCAACGGACAGTGAAAGGCGCCGCGAAGACGGGCTGAGGGGCGATCGTGACGCGGAGCCCGCCGTCTGCCGTGCGCAGGCGGTGGTGCTGGGCGCCAGCCCCGCCGTCGCCAACGCGCCGTCGCGCCGGGCGACCACGCGGCCGAAGGCGTCGGCGAGCGCGAGCGGAAGGAGGCGGAGCATGGGGGAGAGGGGGCCGCGCAAAGGTATCCGGCCGGCCGGACCTCCGCACACGGCGACGGGGTAGTCTCGACGAAAGCCCCCCGATGCCCGTGCCTTCCGATCGCCCCGTCCGCGTTTTGTTCGTCTGCCTCGGCAACATTTGTCGGAGCCCGCTCGCGGAGGGCTTGTTCCAGGACAAGGTGACCGCGGCCGGCCTGGCCGACCGCGTCGTCGTGGACTCCGCCGGCACCGGCGGCTGGCACGTGGGCGCCCCGCCGGACCGACGCATGACGGCGACGGCCGCCACGCACGGCACCGACCTCTCGCGCCTCAAGGCGCGCCAACTCGTCCGCCACGACCTCGACGAGTACGACCACGTCTTCGTGATGGACAAGGACAACCTCCACGACACGCTGGCGCTGGACCCCGACGGCGACCACGGCACCCGCGTCCGTCTCTTCCGCGAGTTCGACCCCGAGCCCGGCGACTACCAGGTGCCCGACCCGTACTACGGCGGGCCCGACGGCTTCGAGCACGTCTACGCGATCGCGGACCGGACGACGGACGCCATCTTGGACCGGCTCCGTGCGGTCTACGACTGGAGCACGGCGTGACCTGACGCCCCGTCTCCGCTGGGGCCGACCGACGCGGAGGGGAGGACGACCGTGATGCGCGTGCCGCGCCCGGGTTCGGAGTCGACCTCGATGCGGCCGTTGTGGAGCGCGACGATCTGCTGGACGATGGCGAGGCCGAGGCCTGTGGACGGCTCGCCGGCCGTCGTGGGCGCCGCGAGCCGAGCAAAGGGCTCGAACATGCGCGACTGATCCTCGACCGGGACGCCGGGCCCGGAGTCGCCGACGCACACCCACACCTCGTCCTCCGTCCCCCGCACTGCCACCTCGACCGTCCCGCCTCGGGGGGTGTACTTCACGGCGTTCGAGACCAGGTTGTCGACGACCTCGGTGAACCGATCCGCGTCGAGCTGCGCAGTGTGTCCGCGCGGGGCCAGGACGATCAGGGCCTGCCCCTTGGCCTTGGCCCGCGCGGCGAATGGCCGGGTGGCGGCCTCGACGAGGACGCCGAGGTCGGCAAGGTCGGGGACCATAGGGAGGTGGCCACCGTCGAGCGCGGCCGTCACCAGGAGGTCGTCGATCAGCCGCAGCAGGCGCCGCGCCTCGCCGCCGATGTGCTGGGCGTGGGAGGCCACGTCGGAGGATCGGGCCCCCGCGATCACGAGCTCGGTCAGGCCGAGCACGTTCGACAGGGGCGTCCGGAGATCGTGGGCGGCGAAACCGAGCAGGTTCGACCGGAGCTGGACGGCCTCCTCGAGCGTCGCCGCCGCCGTCTCCGCCTCGCGCCGCTGCGTCTCGGACACCGCCAACGCCGTCGACGCTCGGGACCGGGCGGTGCGCAGCTCCGCCACCCGCCAGGCCAGGGCGACCGCCAGCAGCAACGCCTCCAGGGCCAGCCCCGCCTGCACCGCTTCCATCGCCCAGTCCACCGGGGGCGCGCCGAACTGGGGGGCGACGAACCCGGCCGTGCTCCCCGCCAGCACCACGAACGACACCAGCAGCAGCCCCGACGGCGTATACCCGCTCCGCCATCCCCGCCAGATCGCGGC
CP177355.1_gap47	2012637	2014651	2014	AGCTGCTGGCGCTGATGGGCGACAGCGCCGACAACGTGCCGGGCGTGCCGGGCATCGGCGAGAAGACGGCCATCAAGCTCATCGAGGAGTACGGGACGGTCGAGAACCTGATCGCGCACGCGGGCGACCTCAAAGGCAAGCGCGCGCGCGAGGGGATGACCACGTACGCCGACGACGCGCGGCTCTCGAAGCAGCTGGTCACCATCCGCTGCGACGTGCCGCTGACGGGGCCCGATGGGCAAGAGCTCGACTGGCACACGCTGCGCCGGACCGACCCCGACCTCGACGAGGTCGAGGCGCTGTTCAACGAGGTCGGGTTCGGCTCGCGCCTGCGCAACCGGGTCCGCGACTACGCCGCCGGCCGCCAGCGCACGCCGCGGACGGCCACGACGCTGCCCGAGGAGGACCCGTCGCTGAGCTTCGACTTCGGCCCGTATGAGCCCGTGACGGCGCTCGACGCGGGCGGGGTGAGCTACGCGACGGTCTACGAGGTCGAAGACATCGGGCTCGCGACCGAGGCCGTGACCGACGCCGACCAGCTGTCGTTCGACACGGAGACCACGTCGGTCGACCCGATGCACGCCGAGCTCGTCGGCGTGGCGCTGTCGAAGGAGGAGGAGACGGCCGTCTACCTCCCGACGCCGCTCCCCGACGGGACGCCGACGGAGACCGCGCTCGACGCGATCCGCGCGGCGCTCGAGGACCCGGACCTGCCCAAGGTGGGCCACAACGTCAAGTACGACCTCAAGGTGCTGGCGCGGCACGGCGTGACCGTGAGGGGCGACATCTTCGACACGATGGTGGCGCACTACCTCATCAACCCCGAGGCCAGCCACAAGCTCGACGACGTCGCCAGCTTCCACCTCAACTACCGCCCGCAGCCGATCACCGACCTGATCGGGACCGGGAAGAACGCGATCACCATGCGCGAGGTGGCCGTCGAGGACGCCGGGCCGTACGCGTGTGAGGACGCGGACGTGGCGCTCCGGTTGGTCCCGATCCTGACCGACGCGCTCGAAGCGGTCGACGACGGAGAGGGGCGGCTGTTGCAGATCGCGAACGAGATCGAGTTCCCGCTCGTCCCCGTGCTGGCGGCGATGGAGATGGCGGGCGTCAAGGTGGACGAGAAGGTGCTCGCCGACATCCGGGTCCAGCTCGACGCCCAGATCGAGGAGCTGGAGGGCCAGATCTTCGAGCAGACCGGTCGGGAGTTCGGGATCGGGTCGCCGAAGCAGATCGGGGAGGTGCTCTTCAATCCGCCCCCGACCGACGAGGACCACGCGGCGTACCAGACGTGGCTCCAGGACATGCGGGACTACGAGGCGGGCGAGGTGGCCGGCGACCCCGACGCCAAGCCCAAGACCAAAAAGCAACTTGCCGAGGAGGCGCCGACGTTCGGGCTCGGGCTGATCCCGCTCGGCAAGACAAAGTCCGGCCAGCCGAAGACCGACGAGAAGGTGCTCAGCGAGCTGGCCCAGGAGCACGCGCTCCCGGCGCTCATCCTCGACTGGCGCAAGGTCTCGAAGCTCAAGAGCACGTACGTCGACAAGCTGCCTGAGCTGATCCACCCCGACACGGGCCGCGTCCACACCGACTTCAACCAGACCGTCACGGCGACCGGGCGGCTGTCGTCGTCCAACCCGAACCTCCAGAACATCCCGATCCGGACGGACCTGGGCAAGGAGATCCGGCGCGCGTTCGTCGCCGAGCCTGGCCACGTGCTGATGGCGGCGGACTACGCCCAGATCGAGCTCCGCATCATCGCCTCGATGTCCGGCGACCCCGACATGACGGCGGCGTTCGCGGCCGACCAGGACATCCACACCGCCGCCGCCGCGCGCGTGTTCGACGTGGCCTACGACGAGGTAACGCGCGCCCAGCGCGACCGCGTCAAACAGGTCAACTACGGCATCCCGTACGGCATCTCGGCGTTCGGGCTCGCGAGCCGGCTGCGCATCGGGAACGCCGAGGCCAAGGAATTGATCGACCAGTACCGGGCCTCATACCCGCGCGT
CP177355.1_gap48	2044541	2046849	2308	TGGCGGAAGCGATGGGCGCCAGGAGCTAGCGGGCGACCGTGATCGTGCGGGAGAGGCGCGAGCCGTCGGCGTCGAGCACGACGAGGTAGAGGCCGGCTGCCAGCGCGCTCGCATCCATCGTCGCCGTGTGCGCCCCCGGCTGGCGTGGGCCGCTCGCGAGCACGGCCACCTCGCGACCCAACACGTCGAGCACACGGACGCGCACCGGACCCACGCCTGCGACCGAGTACCGGACGGTCGCCGCGCCGCGCGCCGGGTTCGGGCCGACCGCCAGCGCCAGCCCAGCGGGGGAGGGGGCTGGGTCCTCTGCGGCCACGCCGAGGAGGTCGCTCGAGATCAGCCGGAAGACGGTCCCCGGCTCGGGGTAAGGCGCGGCGTAGGGCGGCTCCGACCCGAGGTTCCAGCCAACAAATGCGGTCCGCGCCAGCACCTCCGGGCCGTGCGCCTCCGGGGCACTGTCGGCAGTCGTCAGCCACGCCTTGTAGCCGGCGTCGCCGGGCGTCATGTCGAGCGGCTCGAACCAGTAGATCCAGTCGGTCACCGGGTCGTCCACCGCGGACGAGATCGGGGAGTCGGCGGCCGAGAGGTTGTAGGTCCCATCCTGGTCGACGTCGAGGATCGCCGGGATTAGACGCACGTCATCGCTCGGGTCGTCCGGGGTGCCGATGCCAACGTTCCAGATCTCGAAGGGGACCTCGACGAGCGAGAGGTCTCCGAACCGCTGGTAGGCGGTGCTGGTGCTCGTGAACCGAGCCTCGTAGTCGTAGGGGAAGGCGCGCTCGGGGTTGTCCCCGCGGAGGACGCGGGGGAGGAAGCTCTCGTACGACCCGTCGAAGGCGCCCGAGTTGCCTGTCGCGAACAGCCAGCGCGTGCCGTTGGTCTGCTGAACGCCCGCGACCGGGCTCCCGGCACCAGGGGTCGGGAAGCCTTGGAAGGCGGCAGCGCCCGGGTGCGACGCGATGGGCCCGCTGGCGTTGGCGACCACCTCGAACGACGAGAACGCCCGGCGGATAAACTGGAACTGGCGGTAGTCGGAGGCGGGGCCGACGGCGCCGAGGTTGGCGGCGCGGACGCGCCAGAACCGAGTCGTGAGGTCGTTGTAGCCGAACACCTCGGGCCCGATCTCTACCGCGAGCGTGTCGACATCGCGGGACACGAGCAGGGTGTCGAAGGCGGCTGTCGGGGCGATTTCGAACCGGTACTCGGTCGCGCCCGGGACGGCCGTCCACGAGAACGTCGCGATCGGCTCCGAGACCGTGGCGCCGTCGGCGGGAGTCAGCAGCGCCGGCCGGCCAGCCGGCGCAGGGGGCTCGGCGACCCGGCCGGTGAGGGCGCCGTCGTCATAGAGCGCCTGGGCCTGGTCCGACACCTCGAACAGCTCGTAGACGCTGTCGATCTGGTCTCTCCCGCGCGCGAACAGGATGGCGAGGTCGACCGTGATGCGCTCGCCCGGCGCCAGCGTCGGGAACGCGGTTGAGATCAAGCCGGTCCGGTCGGAGGGGGTGTTCTGACTGCCATTCCCGTCCGCATTGTACTCTGTCCAGAAGTGCGGCGGATCGCCGTTGAACATCCACTGGGTGACAGGTCCGTTGGTGTTGTAGCCGTCCCCCCCCGTCTTTAGGGGCGTCCCGTCCTTCCAGAGCGCTTGCTGGAAGGTATAGGCCTCGCTCGCATTGCCGGGGTCCGAGGTGACTCCGGCGCCTCCGATGAAGAACATCGACGACGACGCGCCGCTGAGGATGTCGATGCCGAGGGCGGGAGGCGGCACGCCGTACCCGCCCTCGCCGTCATCATCCGTGTCCCCGTTGTACACGTAGTAGAGGGAGCGCTCTGGGTCCGAGCCCTGGTAGTCGTCGTTGAAGTTACCGAGGTCGGGGTCCATGTACATCGAGACATAGCCGTCCTCAATCGCGCTCTCGCTGCGGTTGATGATCTCGTAGCGGTAGAAGCTGGATTCGTAGAGGGCGGTGTCGGCCTCCCCTCCGCGGACCCAGGCCGTCACGCGCACTTCGATTCCCAGCGGTTCGGTGCCGCCCCATTCGTGCGGGCCGCCCGCGTCGTTCATGACCCACCACGCCGTCTGACGGCCGAAGATCACCGGTCGCTCGCCAGCTGCGAGGTCGAGCGTCTTGGTGCCGTAGCCGGGGTCGCCGAGGTCGAGCGAGACCGTCGGCTCGTCGTCGCCCTGCACGCCGTCGCCGTCGGTGTCGACGAAGTACGGGGCGCCGACGCCGACCGGCCACTCGACGAGGTCTTGCGTGGTGGCTCCGGTCGTCTCGTACGCGGTGAGGTCGACGCCTGCGACCGT
CP177355.1_gap49	2072416	2075962	3546	GGCGAGTTCTACGTCACCGAGGCGCCGGTCGCCCGGCTCGGGAGTCTGTTGCAGACCATCGGCCCGGCCGAAGTCGTGGTCGACAAGCGCCACGTCGACCGCTTGCGGCAGGCCGTCTCGGCCGTGCAGGGCGGCGCGCTGCCGTTCGCGGTCACCAAGCAGGAGGACTGGGTGTTCGGGCTCGACTTCGCGACCGAGACCCTCCTTCGCCACTTCAAGACACACAGCCTGAAGGGCTTCGGCGTCGACGGCCTGACGGTCGGCGTGACGGCGGCGGGGGCGGCGCTGTACTACCTCGGCGAGACGCAGAAGGGGCGCATCCCCCACGTCCGCAGGCTCCAACGCTACCGCGCCGAGGACCACATCGCGCTCGACCCGGCCACCAAGCGCAACCTCGAGCTCGTCGCCTCGATGCACGACGGCCGTCGCGACGGCTCGCTCGTCGGCGTCCTCGACGCGACGCTGACGCCGATGGGGGGGAGGTTGCTTCGCCAGTGGCTCGTGCGGCCCCTCCGAGACGTGTCTCGCATCAACGCCCGTCTCGACGCCGTCGCCGCGCTGGGCGGCGCACGGTTCCGTCGGGCCGCCCGTGAGGAACTGCGACACGTGGGCGACCTCGAACGGCTGGCGGGCAAGGTCTGCACGGGCCGCGCCGGACCCCGTGACCTCGCGACGCTCGGCAACACCCTGCGCCGCGTCCCCGTGATCGCGGACACGCTGGCGGACGTGCCCGACGGCCTGCTGGCGCGCTTGCGCGACCGACTCGAGCCGTGTGACGACACCGTCGACGACATCGCGGCAACGCTCGTCGACGATCCGCCGGCCCAGCTCAAAGCGGGCGGGCTGATCCGAGAGGGCGTCGACGCCGAGCTCGACCGCTTGCGGGCCGTGGCGGGCGACGGGAAGGCGTACCTCGCCGATCTCCAAGCGCGCGAGGCAAAGCGGACCGGCATCACTAGCCTCAAAGTGGGCTACAACCGCGTCTTCGGCTACTACCTCGAAGTCTCCAACGCGCACAAGGACAAGGCGCCCGACGATTGGGCCCGCAAGCAGACGCTGACGAACGCCGAGCGCTACATCACGGCCGAGCTCAAGGAGTACGAGGAGACGATCCTGACGGCGCAGGACCGCATCGGGACGCTGGAGACGACGCTGTTCGAAGACCTGCGCGTCCGCGTCGCCGAGGCCGTCGCGCCGATCCAGGCGAACGCGCAGGCGCTGGCGACGCTCGACGTGCTGGCGGGCTTCGCGGAGGTCGCCGAGCGCAACCACTACGCGCGCCCCGAGGTCGACGGCTCGACCGTTCTCGACATTGTCGACGGGCGGCACCCGGTCGTGGAGCAGATGCTGCCGGCGGGCGAGGCGTTCATTCCCAACTCGGTGCGCTTGGTGGCCCCGGGCGGCGGCGAGCCTGGCTCGCAGATCCTGCTCATCACCGGGCCCAACATGGCGGGCAAGAGCGTCGTGCTCCGGCAGACCGCGCTCGTGGTGCTGCTGGCGCAGGTCGGCTGCTTCGTGCCCGCCGCGTCCGCCCGCGTCGGCGCCGTCGACGCCCTGTTCACGCGCGTCGGCGCGTCGGACAACCTGGCGGCCGGCGAGTCGACGTTCCTGGTCGAGATGAACGAGACGGCCAACATCCTGAACAACGCGACCGAGCGGAGCCTCATCCTGCTCGACGAGGTCGGCCGGGGCACGAGCACCTTCGACGGGCTGTCGCTGGCGTGGGCCATCGTCGAGCACCTCCACGAGACACCCGCGTGCGCGGCGCGGACCCTCTTCGCGACGCACTACCACGAGCTCGACGCGTTGTCGGAGCGGCTCGACCGGGTCGCCAGCTACAGCGTCCGCGTCCGCGAGCACGAGGGGCGCGTGGTGTTTTTGCGAACGCTGGTGCCGGGCGGGGCCGACCACAGCTACGGCATCGAGGTGGCGCGGATGGCCGGCCTCCCGGCGTCGGTCGTGGCGCGGGCCAAGTCCGTTCTCCGGCATCTCGAAGCGCACGACGTGGCGGCCGAGGTCGGCGTCGGCGGGGCGCCTCGGAGCGACGGGCTTCCGGGGAGCGCACGGCCGTCCGTCGGAGCGCTTCCCGCGCCGTCTCCCGCGCCGGTCGCGCTCGCGGCGCCCGATCCGATCGCCACGGATGTCCTCGATCACCTCTCGGCCATGGAGCCGGATCGGATGACACCCATCGAGGCGCTGATGGCCCTCGCGGACCTCAAAAAGACCGCCGAGCGCTAAGCGCCTCCGCACACATACGGATCCGGGGAGCACCGATCAGAGCGTCGTGGCGCGGCGGCCTCTTCACAAAGCAGCCAGCCGGAACCGGGATTGCAGGCCAAAAACGGCGTCGTGCCCGTGTTTCGTGAACACCTTATGGAGAGCTCGTGATTGTGCGCGGTCCAGATCGGGGTATGTTGTGGTCGCTCCCGCCGGGAGTCCGGCAGCCGCCGCATATCGCTCGCGTCGCCTGTCGGTCGTATCACCCCACACCCCTATCACAATGCGCGCATTCATTCTGGCCCTCGCCCTCACGTTCACCTTCGGCCTCACGGCCTGCGCCGACTCCGCCACGGAGGAGGCCTACGAGGAGGGCGCCCCCGCTGGCGACGAGGCTGATGTCATCGGCGACGGCGAAGTCTTCGACGAGCCCGGCGAGCCCGATGCGGACGTCCTCGGCGACGGCCTCGACGACACCATGAACGAGATCGAGGCCGACGCCTCCGACATGGCCGACGATGTCGACGCCGAGCTCGACGGCGACATGGACGGTGACGGCATGTAAGTCGGCTCTGCCGTCTTGCCTGTGCGCCCCCCGGCTTCGGCCGGGGGGCGCCTTTTTTGGGGCCTGCCGCGAGGTCGGCACCGGCGCCGGCGGTGGCGCGTAGGGGGGCTATGAGCCGAGCCTTCGTCAAAGAGGGCGCCCCCGAGGTGCCCGTCGTCGTCCCCCCGCGCCCGCCGCTACCGGCCGGCGTGGCCAATTACGTGACGCCCGCTGGGCTGGTGGCCTTGCGGGCCGAGCGCGCCGACGTCGAGCGCCAACGCGCTGAGATCGACGCCGAGGACCCCGACGCGGGACGGACGCGGGAGATGCTGACGGGGCGCCTGAAGCTGCTCGTCGAGCGGATCGCCCGCTCTCAGGTCGTCGACCCGTCCACCACCGATCGCGAAGACATTCGCTTTGGGGCGACCGTGACCGTCCGCGAGGCGGATGGGGCCGAGCGGACCGTCCAGATCGTCGGCGTGGACCAGGCGGCGTCCGGGGGGGACACGGTGGCCTTCACGTCCCCGTTTGCCCGAGCACTGACAGGCAAGCAGGCCGGCGACACAGCCGCGCTCACCACGCCCGCGGGCAACCGCGAACTGACCGTCGTCGCAGTCCGCTACGTCTAGCAACCCTGCGGCACGCGCACGGAGCCGGGCTTGACGCGCTCACGCCGCTTGCCGGTGGTCGACGAGAACGGCCGCGGCCACCTGTGCCCGCGCCGGCACATCGAGCTTGGCCATCACGCGCTCGGTGTGCCGCCGTGCCGTGTGTGGGCTGATGCA
CP177355.1_gap50	2086530	2089574	3044	GCCCACTCGCGCAACGGGTCGCCCATGCCCTCGCTCCCGAACGTCGGGTCGCCGGAGCCGACGATGACCAGGTCGCCCGTGAGCGTGCCGTCGTCGGAGACGTCGCCGAGGTGGAAGAGCTGGGTCGTGTAGCGGAAGTCGGGCCCCAGCCGGTCGAGCGCGGCGGCGGTCGTGAACAGCTTGAGGTTGCTGGCGGGCAGCAGGTTTTTGTCGCCGTTGCGGCTCAGCACGAGCCGCCCGTCGCGCGCGTCGCGGATCTCGATGCCCCAGATCGCCGACGGCAGGTCGGGGTCGTTGAGGATCTCGTCGACGATCGCGAGCGCCTGCGCCTCGGCGCCGTCGGCGTCGGCCTGCGACGGCCCGGCCCACAACGCCGCGCCGACGACGGCAAGGATGGACAGGGCGGCGAGAACGCGGGACATCGGCAACGGGAGAGGGGGGACGCGAGCAACGCCCGCAAGCTACCCGTGGTGCCTGCCGGGTCGAGGTGTCGAGGGCGAGGTGTGTGGAGTCTCTTCCCGATCGCGAGCCCTGACCTCTGAGACTGTGGGGAGCTCGACAAACAAGTCCTCCCCCTGGACAGGGGGAGTCAGAGGGGGTAGATCGGCCAGAGTGCGACGCTTGCCCATCCACCACCCCTAGCCCCTCCTGTCCAGGAGGGGGACTATCGCGGGCAGCGGCCTTGCCAACCAGGCGCTCGACCCGCACTCGCGCCCCGCTATCTTGCGGCACCCCCACGCCCTCCCGCATGGCCCGCTCCCGCCGACCCGCCCCGACCACGACGCGCGGCGTCACCACGATGCCGTTCGACCGGCTCAACTACCGCCTCCTGCTGGCGGCGGTCGGCCTGATCGTGCTCGGCTACGCCGTCATGATGGTCGACAACGCGACGAGCGACAACCCGGTCGACAGCGCGCTGTCGCTCGTCGTCGCCCCGCTGCTCCTCCTGGGCGGGTACCTCGGCGTGGCCGTGGCCGTGCTCTGGGGCGTTCCTCGCGACGCCGGCCCGGACGTGGCCGAGCCCGAGGCGTAGTGCGCCGCCCGGCCCTGGCGTTTGCGCTCGCGCTCGCCGCCTGCGGGGGCGACGAGCCCAAGGGCATCGCCGTGACCGAGGCGCCGGATGTGGGCACCCGCGCCGACCTCCGGCCGCTCGCGCTCGACACGACGTACGCCGACTCCGGCCTCTTCGTCGACCCCCGCTTGCGCCCGGACTCCCTGCGCGCCGACTCGCTCCGCCGCGATAGCCTGCGCGCCGACTCGCTCGCGCAAGCCGCCCGCCCCGACTTCCGGGCCTTTTTTCCGCGCTTCCGCGCCGCCGTCGAAGCAGGCACGGCCGCTGGGCTGGCGACCGACGGCGTCGACCGCGAGCGGCTGGCGGCGGCGCTCGCGCCCCCGTTCCGCGCCGGCGTGCTGGCGCTCACGGCCCGCGACTTCGCGCGAGAGGGGACCGCGCGCACGGCGATGGTGATCGTCGGGTTCGACGTGGAGGGGGCCGTGGTGCCCGTGGACGAGGCCGACACCGAGTCCGCCGCCGTCCTCCGCTTCGACGTGGTGGACGGGGCGTACCGCCTGGTGGCCGTCGACCTCGCGGGGTAGCGCGATCCTCAGCGCTCGGGCGTCTGCCGTCGGTCCCTCAAATTGTGCTGGTCGTCCGATCAGCCCAATGTCCGTAGGTAGCCGTGGAGTCACCATATGGAGAGGCCGTCACTAAAGTTGCCAGCAGGTCACTTCATGGAGTGACTCTCCCCGCCGCTGAAGCAGTGGTTACACGGCCTCGAACCGATGCCGAGTCGTTAGCAGCATGGAATGATTCTTTGCGGTGGCTACGTCCGAGAGGCACTGTTGATTGTCAAGTATCTTTGCCTTATGCTTGGGGATCCGATGCTGCCCCCTCCTGCTGCCTCCTTCTCCTGACCCATGAGCGACCACATTGTCCGCCCCGTCGAAGACTACCTGACTGAGTACAGGGCAAAGAAAGACACTATCGTCAAGACGATCCAGAACGACCCGGACCTGTCACTACCGGAAAAACTTCAGGCAATCGAGCGAGAGCTGAACAATTTGCGGGACGATTTTTCGGAGGAGAGAACCGAAGAATACGAGTCAAAGAGTGTAACTAAATCAAAAAATTTCTCGTGCACCAAGGGGAATAGCGGTGGCTCAAAGATCTGCAAGGACGGATGTGTATCTTCTCCGCACCCGGGCATGTATACCACTAGGCAGTGGACCACATTTGGTGGTTCCGGGCGCAACCATCGTATCGGTTCCGGTGGTCGCTCCGCCTGCCTGGATATCAAGATCTCTGGCAGGGGCAGGAAGACCGCAAGTATCACTTCGGTTTTCAGGTACAATCCCTCTTATGTGAGGACAGAGGTGCTACAGGATGTAACCGATCTGTTCAACATGATGTCTGATTCTGCAGAGATAGCATCTATTGATGTGGTCGACGATGAGTCGGGGGCCGTGTAATCCACCGCTGCAGGCCGACAGCACGCGCCGTCGCTATGCTTCATGCAAGCGGCGGCGTTTTCTTTGCCTCGTTCTACCCGCAAGCCACCAGCGTACCGCGGCTGAACGGTCACCTGTTAGGCAGCCTTTAAACCCCTATGACATCTCCGAGCCCCGACAAGTTTGACAGGTGGAAGCTGGGTTGGAACAGGACATGGGCATACAGGCTGTTTCAGCGCCACCATACGCAGATCAATCAGTTATACTGGTCTCATGTCGGTGTTGCCAATTTCGCCTTCGCCGCGACTAAGCCTTTTGACGAGACGGACCACACCAGTGTCTTGTTTTCGCTCGACGATCCGGCGAATTCCAATTTGGATATTCCTCTCGGACAGTGGGCTAGTCAATACGACAGCTTTTGCAACTGGGTGAGGCTCAGTAGTCTGGTCGCGATTACAGGATATATGGAGGTGTATCTTAAAACTGTCATCAGGCTGGCCCTCGAATCCGACCCCGGCATCACCAACGGGGTTAGCAAGGCCGTTGACGGCGTAGCCTTTCTTAAATCCAATCCTAAATACTCATTTAGGGACGAG
CP177355.1_gap51	2114534	2117870	3336	GACTTCCCTCGGGACCATGCGCGCTCTCGCCTTCGTCGCTTTCCTGCTCGTCGCGACGGCGGGGGCGCAGACGGACCCACTGAGCCTGCAGGTCTTCAGTGGGGTGGACCGCGAGGCGGTCGAGGCGGGCGGATACCTCGAAGTCGAGGTCGAAGCGCTGGCGGTGCCGCAGAGCCCGCAAGCTGACGACGCGCTCGCACTCGCGTTTGCGGGCTGGGATTTGGCGAGCCAACTCGGCGCTCCGTTCGAGGTCGTCCGTCAGACCGCGCCGATGCGGCGCGAGACCGACGGCGTGGTCGAGTGGCAGCGCCGCGCGATCGTCCGCGTGGGGGAGGGCGCGACCATGATTCCCGAGCTCCGGCTGGCGGTGCGCCTCGACGGCCGGGCCATCGAGCAGACGACCCCGGCGCGCGCCATCCACACCTTCGCTGGGCTCGACGCCACGCGCCGTCATGGGCGATCCGTGGTCGGCGTGACCGCCGAGGGCGAGGTCGACGGCATCGCGTTCCGCCGCGTCGGCTCCGCCTTTTCCGTCGGTGGCGACGCCCTCGTGACCGCGTACCACGTTGTCGTGGGCGCCCGCCGCGTCCGCCTGGCGTTTCCCAATGGCGACGAGGTCGTGGTCGACCAGGCGTGGGCGCTCGACCCGGTCCGCGACGTGGCCATCTTGCACCTGCCGCATGCGGTCCGCCAGCGGGCCGGGCTGGCGCCGCTCGTCATCGCCCCGGCGGACGCCGCCAGCGACGTCGCGTTCACGGCCGGGTGGCCCGGCGGTGTTCAGCGGGTGACGGTCGCGGTGCGGTACCGCGATTTGCAGATTGGCGACCACCGCGTCCGCGTCGCGGGCAACGCGGTCCGGCCGGGCGACAGCGGCGGGCCGCTGCTCGACGAGACGGGCCGCGTGCTCGGCGTCGTCATCTCGGGTCGACAGGCCAGCCCCACGCCCGACCTCTTGCGTGGGTCGATCGCGCTGGCGTCCGACCCCGGCCCCGCGCTCGCGGCGTACGCCGCCGCCGACCGCCCCGTCCGCCTCGACCGCGCGCTCGCGGCGTCCTCCGAGTCGTTCGTGGCGGGCCGCGTGCTCGAAGCTGTCGGCGCCATCCAGGTCCCCGCCCGGCGCCGGGGCGACGACCGCCAGCGCTATTTCGACGCCTTGCGAGAGGCGCTCCTCCAGTCGCCCGACGACGCCGTGCTCCAGTACACGGGCGGGATGGCCCTCGACGACGCGGGCCAGCGCCGCCCCGCCGCGACGGCCCTCGACGCCTCCCGACGTGCTGGCTACGTGCCTGCCGCGTACTCGCTAGCGCACCACCACCTGGGCCGGGGCGAGATGGACGCCGCCGCCGCGCTGTTCGGCGAGATCGCCGGTGCCGAGGACGGCCCGTACCGCCGGCTGGCGTCGTTCGGCGAGGCGCAAGCCCTCATCGGGCTCGGCCGCTACGAGGCCGCCGACGCCGCGCTCGACGTTGTGCTCGCGCACGACGCCCGGTTTGCCCCGGCGCTGTACCTGCTGGGCATCGTCCGGCTCGCGCAGGGACGCCCGGCCGAGGCGCGAGCGCTGGCGGTGCGGCTCGCCGCCCGGCCCGCGTGGGCGCGCGCGCTGCGGCTGCCGGTCGAGACCGAGGCGCTCCGCCCGCCGGTCCTCCGCCCGATCGACCGCGTCGCCGCACAGCGGTAGCGGGAGGGAGTCGTCAGTTCTCGGTTTCGGTCTTCGGAAGCTGGCGGTTGGGAGGGTGGGACTTGGGGAGGGGCATAGGGCCGAGACCGAAAACCGATCCACTGACCACCGAGAACCGGGTAGTGAATGCGGAATGAACCGCGGATCGCGGTCGGGGCGGGGGGGTAGGTTCGCGCCGTGCCGATGCTGCTTCCCCTCGTCCCCTACGCCGACCGCCGCGCCCGGCTCTCGGCCGTCCTCGACCGCCGCGCCGTCTTCGACGACGCCGTAGAGGCCTCCGTCCGCGCCATCCTCGACGACGTCCGCCAGCGCGGCGACGCCGCGCTGCTCGACCTCACCGAGCGCTTCGACGGCGTCCGCCCCGATGCGCTCGCGGTCCCCGTCGCCGCCCTCGACCGTGCGCTCCGGGACCTCGACCCCGAGCTGCGCGCGACGCTGGAGCAGGCCGCCGCCAACGTCCGCCGCTTCCACGAGCGCGAGATGCCCGCCTCGTGGACGCACGACGACGGCGACGGCGTCGCCTACGGCCAGCGCATCGTGCCCGTCAACCGCGCCGGGCTGTACGTGCCCGCCGGCACGGCGCCGCTCCCGTCGAGCGTCATCATGAACGCCGTGCCCGCGCTTGTCGCCGGCGTCCGCGAGATCGTCGTCGCCAGCCCGCCCGGGCCCGACGGCCTGCCGCACCCGCTCATCCTGGCGACCGCCCGCCTGCTCGGCTTGGATCACGTCGTCGCCGTGGGCGGCGCCCAGGCCATCGGCGCGCTCGCGTTCGGGACCGAGACCATCCCCCGCGTCGACGTCGTCGTCGGGCCGGGCAACGCGTATGTGGCGACCGCCAAAAAGCTCGTCGTCGGCCAGGTCGGCATCGACTCGGTCGCCGGGCCCAGCGAGGTCGTCGTGCTGGCGGACGACTCCGCGAACCCCACGCACGCCGCCGCCGATCTGCTGGCGCAAGCCGAGCACGATGTTCGCGCGAGTGCCGTGCTCGTTACGCCCTCCGCCGAGCTGGCGCGCGCCGTGCAGGCCGAGGTCGAGCGGTTGGTGCCGACGCTGCCCCGGGCCGAGACGCTGCGCGCCTCGCTTCCCGCGTACGGTGCCGCCGTCGTGACCGAGTCGATGGCGCAAGCCCTCGCGTGCGTCGACGAACTGGCGCCGGAGCACTTGGTCATCCTGTCCGACGACGCGGACGCGCTGTGGGGCCAGATCCGCCACGCGGGCGCCGCCTTCCTGGGCCACGACTCGCCCGAGCCCGTCGGCGACTACTTCGCGGGCCCCAACCACGTGCTCCCGACCGGCGGGACGGCGCGATTCGCGTCCGCGCTCGGCGTCGGCGTGTTCTTGCGCCGCCAGTCCGTCGTCCGCTACTCCGCCGCCCGCTTGCGCCAGTCTGGCGAGGCCATCGCCCGCTTCGCCGAGGCCGAGGGCTTGGACGCCCACGCCTTGGCCGTCCGCGTTCGGCTGGACGTTGAACATGCGGGGTTGAATGTGGAAGGTTCAAAGCCTTGAGTCCTCAAGCCGGCCTCGGCTTCTTTCGAGCGAGCCTTTAACCTTCCACGCTCTCACATACCACGTTCCACCGTCCCATGCCCCCCATCGACCTCGTCCGCCCCGAGATCCGCGCCGAGCGGGCCTACCGCGTGCCCACCACGCTCGTCGCC
CP177355.1_gap52	2125223	2127711	2488	GGCGCAGGACAACTACCGCTTCGGCAAGCACCTCGCGCAGATCGTGGTCGCCTAAGGCCCCGAGCCTGCTCTGACGGTTGTGATGCGTGGGTCTCCTCCGGGAGGCTCACGCATCACTGTTTCGGGCCCAGCCCGTAGCGCCGCAGCGCGTTGCGGACGATGCCGGTGAACACCGGGTCGACGCCCAGTCCGGAGGCGCTGTGGATGGCGCCGGTCGCCAGCACGCCGTGCGTCGCCGAGCGTTCGGTGAGCGCGATCGTGCCGCCGGCCGCGCCGTTCCACGCCGGGTTGCCGCGCTGGTAGAGGGTGTAGTCGCCGTCGACGGCGTCGGCGCGGTTCATCCCGCGTGCGACCACCTCGGTGGCCAGCCCGGAGATGGCCGTCGGCGCGTCGGTCTCGTCGCCGCAGATGGGCAGGGGCGTGGTCCCCGACATCCCGAACAGGTCGCCGTCGGAGACGCCCAAGCCGTCGTAGAGCCAGTGGCTCGCGTCGGCGACGCGGTACGGGGCGTAGGTGCCCGTGCCGGGCGCCGTGAAGCGGACGCCGAGCAGCTCGTCCTCGGGACGCCCGCGCCGCCGCCACAGCCCGCCTCGCGCGCCGTCGGCAAAGCGCGAGCCGTCCTTGCGGCACTCGACCACGGCGTTGGCATCGTCCCACCGGACCCGCCAGTAGAGCTGGTTCGCCCCGATCGCCAGCAGCGTCCGGCCCCCGTCTACCAACTCACTGACGCCGCCGACCATCGCGTCGCTCGCGTACTCGCAGTGGTACGCGAGCGCGAGTGCACTGTAGCTCGCAAGCCGGTCGGGGTGCTCGAGCATCCAGTCCGGGTAGAGGTCGGCGCCCACCTCCGTGTCGAGCCAGTCGAAGACGGGCGCCTCGGCGGCCATCGCGTGGATGGCACCAACCGGCGACCAGTCGAGCGAGGGGTTCGGCCGTCCAGCGTGCGCAAGGGTTGTGGTGGCGGTGTCTATCTCGTTGTGGTACAGCGACTGGCCTCCGTAGGGGTTGTACGCCAGCCACGTCGTGACCGGCGCAAACACGGCAACCCGAGCCCCGGGGGAGGCCGGCCCGACCAAGAACGTGATCGTCGAGCGTTCGCTTGCGTCAGCGTCGTCGGCGTCCGCTTCGATGCGCGCGCGGTACGTGCCCTGGCGCCAGCCGGTGGTGTCGAGCGTGAGCGTCTCGGGCCACCCGCACCCGCTGACAGGGGCGTCGATCGGCGTCTCGGGCCGACACCGCCCGAAGGGCTGGCGGGCGACCTCCTCGAAGGCGTCCGGTCCCGCGTAGCGCTCAACGACGAGTGTGTTGGCGTCGAACGGCGACCGGAGGTGGAAGGCGCGGGGCTGGCCGGTCGGGGCCCACAGCTCGGCGGGGTAGCCTTCGAGCGGGCGCGGCTGGGCTTCGGGCATCGGCGCCGTGCGGACGAACGGGCCGCGCCGATGCCGCCAGCGCAAGGCCGGGGCGACGGCCGCGACGGCCGCGCGGCGTGCGGCGAAGAGGGGGGAGAGGGATCGCCGGGTCACAGGATGCCCGGCTGGCAGATTCTCCCCTCTCCCCGTCCCTTCCCCCCTGGGGGTGGGGACGCCGTCGGTGGTGCTTGCGCCAGCCCGGCCTGTGAAACCGCCCGACGCCCCGGATTCGACCTCCCCTCCCGGACGGGAGGGGCCGGGGGAGGGCGCCGGGCTGGCGCCAGCAGGTGGGCTTGAGCCTGGCCCGCTTGCGCCAGCAGATGGGCTCTCGCTCGTTCGGCACCCTCACCCTCACCCTGTCCCTCTCCCGAGGGGAGAGGGGACGACTTAGGAGATGAGGGCGTGGGCGTGGGGCCGCCAGCGCAAGAGCGCTGTGTCGACAGCCCCGTGCCCCGTGCCCCGTGCCTCATGCCCTTAAAGGATGTACTGGCTGAGGTCGCGGTCCTCGACCACGCCCGCGAGCGTGTCCTTGACGTTGGCTGCCGTGATCTCGTAGGTGTCCGGCCCGTCGGGCGCGTCGAAGAGCATGTCTTCGAGCAGCGTCGTCAGGATCGTGTGCAAGCGCCGCGCGCCGATGTTCTCGACCTCGTCGTTGACCTTTGCGGCGGTCTCCGCGATCGCCTGGACCGCGTCGTCGGTGAACGTCATGGTGACGCCCTCCGACGCGAAGAGCGCCGAGTACTGCTTGAGGAGCGCGTTCTGCGGCGTTTTGAGGATCTGGACGAAGTCCTCGACGCTTAGCGAGCCGAGCTCCACGCGGATCGGAAAGCGGCCTTGGAGCTCAGGGATCAGGTCCGACGGCTTGGCGATGTGGAAGGCGCCGGACGCGATGAACAGGACGTGGTCGGTCTTGACGGCCCCGTGCTTGGTCATCACCGTCGAGCCCTCGACGATGGGCAGCAAGTCGCGCTGGACGCCCTCGCGCGACACGTCCGGGCCGCCCCCGGCGCCGCCCTGTTGGCGGCCGGCCACCTTGTCGATCTCGTCGATAAAGACGATGCCGCCCTGCTCGACGCGGC
CP177355.1_gap53	2256373	2260207	3834	GATCCGGTCCACGACGCGCTGGCGGTCCTGCTTCCGCCCGGTCGCGCGGATCTCCTTCGCGGCGCTTTTCTTGATCGCGCTGGCGAATGCTTAGCCGGCCGCTGCGGGGAGGGCTCAGCAGTGCGGTGCCGTCAGGCGGTACCGGCGAAAGGGGTGCCCCCCGACATTCACCTCACCGTCCGGCCGGAACCCGAGCCGTGCGATCCCGCTGACCCGGACCCGGCTCGGCGGAAGCAGGACCACGACCGACAGCGCGGCCAACTCCTCAAACGCCGTCGCCACGAACCGCGCGTAGAGCGCGCGCCCGATCCCCCAGAACGCTGGGTGCAGTACGAGCCCGAGGTCCACGTCGTCGCCCTCCGGCTGCAGCCCGCCCCACCCGGCGAACCGCCCGCTAACCTCGAACGCCCAGGGCCCGTAGCCATGCTCGGCCCACAGCCTCTCCTTCGCCGCGACGAAGTGTGCGCACTCTGCCGGGCCGAACGTGCCGCGTGCCAGCGGGAGGTGGCGCCGCACGCGCGGGTCGTTCATCAGCGCGATCAGCTCGGCCGGATCCACCGCCGGCAGGCGCTTGAAGAGGATGGCAGGGGGTGGGGCAGGGGGCACGCGATGCGACGAGGTACACCAGGCAGGCGCTGCCGAACAGTGGACCGCTCAGCCGCCCAAAGCTGAGGGCTGGCGGGTGGGACGAGCGGCAGAATACACGATGCTCGAACGAGGCTGAGAACGCTGACGCTTGGGGTCGGCCTGCAGCTGTGAGTTCTACGGCGCGGTGGAAGTGTGTGGAGGAGGTGACACCAACAGCTCATCCACGAACTCCTGGAAGTCCGTGTTGAACAGAAACCGCTCGCTCGTCCACGCCCACGACATGAGCCGGCTCCGAACCTCGATCTCACCCGAGGGCTCAGCCGTCAAAGGAGGCCCTGCGTAACTCGATATCTCGCGAACGACCGAGTCGTAGATCGCGGGGTCCACGGTCCCATTCAGGTGCTGCCGGTGGACGTTGGACCAGATGTGGAACAGCGCCCGCCAGAACCCGAGCATGAGCACTTGGGCCTCTCCGGGGGCGGAAGCAGGGTCGGCGGCGTGGGCCGCGAAGGCACTCGCGAGCGCGGGGCTCGTTGCCTGGGCCACGCTCAACTCCCGGAAGGAGTCGGCGATGGCCGCGTCCGTGGCCGCCCTCGTAGTGACCGAGTTCTGCCTGATCTCGATGCCGACGAAGATGAGCGAGCCTACGATACCGATGATCCCGATAGCCTCGACGACTCGGCGGGCGGCCTTGCTTTCCATACGGGATCAGAAAAGGTGAGGAAGCGCCGTAGAACACATTGCCACTCAGCCGCGGGGGCAAGCAGCGAGATGTGGAGACGAAGCTAGGGAAACGTAAGCGGTCGGACGAGCCGGGGCCGCTGAAGCCCCACGTCCGCCTGAAGTGGCGGCTTCAGCGGCCCGGCGTTCTGGCGCTCTAGTGGGCCGCTGCCACGCCGTCCCTCCGTGAGTCCGAGCCCGCGACGTACCCTCTGGAGTTCCGCATGACCGCTTGGCCGCCGCCGAACACGAGGCCCCGGTTCGTGCCCAGAAAGATCGTCTGCGCCGTCGCTCCCAGGGGATTCTGGGGTTCGTGTCCCATGGACCGGAGGTCGTCCACCACCTCTTCGGGGATCGACGACTCGAAGCTGACACGGTTCTTCCGCCAATGCCGGAAGCGTGGGGCGTCGAGGGCCTGCTGCACGTCCATGCCGAAGAGGACGATGTTCAGCAAGACCTGCACGTGCGCCTGCGGCTGCTGGGGCCCCCCGACGATGCCGTAGCTGAGCCACGGCTCCTGCTCGCCGTCGGCGCCAGCCCGCGTCACGAAGCCCGGGATGATGGTGTGGAACGGGCGCCGCCCGGGGGCAACGGTGTTCGCCCGGCCCTCCTCGTACGAGAGCCCGACGCCCCGATTCTGAAGCGCGAACCCCGTCCCCGGAACGACCACCCCCGACCCGAACCCCCCGGCCAAGCTCTGGATGAAGGAGATCATGTTCCCCTCGGCGTCGGCCACCGTGAGGTACGTCGTCTCGCTCGTCGTCAGGGAGGTGTCGGGGTCCGCGCGTGGTAGGGCACGGTCGGGGTCGATGAGCGCCCGGCGCTGGGTGATGAAGCCGTCTGCGAGGAGCTGCTCGGGCGTGGCCGCCATGTGCTCCGGGTCGCCGACGAAGTGCTCGAGGTCCGCGTAGGCCAGCTTCTTCGCCTCGATGAGGTGGTGCAGGTAGGCGGCCGAGTTGTGGCCCATGGCCGCGAGGTCGACCGGCTCCAGGATGCGGAGCATCTCGAGCGCGGCGATCCCCTGGCCGTTGGGGGGGAGCTCCCAGAGCCGGTATTCCTTGTACGGGACCGAAAGAGGCTCGACCCATTCGGCCGTGTGACGACCGAAGTCGTCCGGCGTCAGGAATCCGCCGAGCCCTTCCACGTGCGTGGCGATACGCTCGCCCAGGTCTCCCCCGTAAAGCACCTCAGGCCCCTCGCGCGCGATCGTCCGCAGTGTAGCGGCGAAGTCGGGGTTGGAGAACCACTCGCCCACGGCGGGGGCGCGCTCCCCGTCCACGAGGAACGTCGCGCTGGCTCCGGGGTCCTTCTTCAGCAGGCCCGTGAAGATGGCCCACTCCGCGGCCGTGACGTCGGAAACAGGGAACCCGTCCTCGGCGAGCGCGATGGCTGGTGCCAGCGCCTCCGCGAGTGTGATCGTGCCGTGTTGCTCCAGCAGCGCCGCCCACCCGGACAGAGCCCCCGGTACCGTGACCGTCTCGGCGCCGTCGCTCGGTACCGTCCCGAGGTGGGCCAGCGCCTCACGGGTCATCAGCGACCCCGACCGGCCGCTCGCGTTGAGGCCCACGAGCCGCCCCTCCTCCGCCGACCAGAGCATGGCGAACAGGTCCCCGCCCACCCCGGTCATGTACGGCTCGACCACGCTCAGCACGGCGGCGGTCGTGACGGCGGCGTCGACCGCGTTCCCCCCCCGCTGGAGCACCGCCAGCCCGGCCTGGCTCGCGAGAGGCTGGCTCGATGCGACCACCCCGTGGGGCGCATAGACCGCGCGTGGCGGCGAGGCCTCGACGGGCGGCCCGAGGGCGGAGCGAAAGCTGAGGCCGGCCGCGGCGGCCGCGATCACTACGACGAACAGGACGGTGAACGTCCACACCAGAAATCGCTTCGCGCTCTTCAATACGACGTGCCTCTTGCGGTTGGGAGATCAGAGAGGCGCGTCCCTACGAGGCCACTTCGGGCAGGTTACGCCGCCCACATCCCTAGCCGCAGAACAGGTGGCCGCTTAGCCGCGACGGGCGGCGCCAGCGGTGAGGACGAGCGAAATGATACGCCCATGCTCGGGCGAGCCGAGAACGCTCACGCCCGGCGTCGGCGTACGGCGGCGGGTTCGGCGGCGTCTCGTGGCGGGTCCGGTCCGACACCCGTCTACGCCGAGCCTCCCGTCGACGCGCTGCGGTACAGGGATACCGAGAGCCCGACGACCCAAACCGAGATCGCCAGCAGCACGAGACGTTGCCACACCCCCCCGAGCGATCGGCCCGGGTCGAAAACACCTAGGAACAGGGCGATACTGGCGACCATCACGACCGCCATGAGTGCGCTGAAGGCGTACACCGGACGGTGGGGAGAGCGCCGGAACGCGCGGCTGCCCAGGACGAGAGCCGCGAGGGGAGCGAGTTGGAACCCCACTCCCGCGCCGATTCCATGGAGCACGGCGCTCTGGAGCTCGCTCGGGCCGCAGCCGACGTCACACCGCATCGCCCCGGCGACGGCGAAGCCGAGCCCGGAGGCGACCAGCAGGCCCCC
CP177355.1_gap54	2268549	2270344	1795	CGGCCAGTCGGCAGAACGGGCGGATTCGGTAAATATAGACCCCGCCAGTCGGCATAAGAGGCGGAATGCGTACATATCGCGTACGCGCCCCACGCTCCGATGTCCGACCTCCTGGAGGCCACCCGCTCTGCTCTGCGACTGCGGCAAATGAGCTACCGCACCGAACAGACCTACGTCCGCTGGGTCGAGCGCTACCTCCGGTTCTCTGCTCGGGCAGCCGGGCAATGGCGGCATCCTCGGGAGCTTGCGGAGCCCGACGTCACCCGTTCCTCAACCACCTCGCGAATGACCGGGGCGTCGCCGCGAGCACACAGTCACAGGCGCTCTCGGCCCTCCTGTTCCTGTACGACGCTGTGCTCGGCCGTCCGCTGGCCGACCTCGCCGGGCTCGTCCGCGTTCGAAAGCCGGCGCGGCTCCCCACCGTGCTGTCTCGCTCGGAGGTGGCGGCCCTGCTCGGCGAACTCGACGGGACCCCGGCCCTCGTCGCCCGTCTGCTGTACGGCGCCGGGCTGCGCTTGAGGGGGGCCTTGCGCCTCCGTGTCAAGGATCTGGACGTGGAGAGGCGCCAACTCACGATCCGGCGCGGCAAGGGCGACCGGGACCGGCCCGCTGTCATGCCCGAGGCGACGGTTGCGGCGCTCGTGGCCCAGATCGAACGGGCTCGCGTGCTCCACCGTGCCGACCTCGCAGCGGGGGAGGGGCGGGCCTCGCTTCCGCGTGCCTACCTCCGCAAGCATCCCGGTGCGGCGACGGCCTTCGGGTGGCAATTCGTCTTCCCGAGCCCCCGTCTGAGCCAGGACCCTCGGACGGGCCTGACGCATCGGCACCACCTCTCCCCGTCGACGCTTCAGAAAGCCGTCGCTCGCGCCGCGCGGCGTGCGGGCATCGACCGGCGGGCCACCTGCCACACGCTCCGCCACTCGTTCGCGACCCATCTGCTGGAGGATGGGACCGACATCCGGACCGTGCAGGAATTGCTCGGCCACGCCCGGCTGGCGACGACCCAGGTCTACACGCACGTCGCCGGGCTCAACGGGCTCGGCGTGCGCAGCCCGCTCGACCGGCTGGCGACCCGGTGGCACGCCACGGCTGGGCTGGGAGCCACCGCGTAGGGGAGGGGACGCGCGCCCACTACCTTTGGGGCCCACCCACCCGAACGCCGCACGATGCCTCGCCTGTCCGTCCTCGTCGCTCTCGCCCTGGTCGCCCTCGCCGCCCCTGCCAGCGCCCAGCACTTCCCCACCGACGACCCCGTGATCCGCGCGATGTGGACCGAGGGCATGGAGCGGTCGCAGACCGAACCCCTCGCGCACCACCTCATCGACGTCATCGGCCCCCGGCTGGCGGGCTCGCCCGGGCTGGCGCAGGCGCAGGACTGGCTGCTGGAGACCTACGCCGAGTGGGGCGTCCCGGCGCGGCGCGAGGCGTACGGGACGTGGAACGGCTGGCAGCCCGGCGCCCTGCACGTCGAGATGACGGCGCCCCGCGTCCAGCCGCTCGTCGCCGAGCTCCTGGCGTGGAGCCCGGCCACCCGGGGGCCCGTCGAGGGCCCCGTCGTGATGCCGCCCCCCGACCTCACGCCCGAGACCGCCGACGCGTGGCTGGCGACGCTCGACGGCGCGTTCGTGCTGCTCGACGCCCCCCAGCCGACGTGCCGGGCGGCCCAGGAGATGACGGCCAACGCACGCCCCGAGACCATCGAGCGGCTCGACGCCCTGCGCGACACCCTGCGGGCGGACTGGTCGCGCCGGTGGGACGCCGTCGGCAACGCCCGCGAGCGGACCGGGCGGCTCGA
CP177355.1_gap55	2340349	2343576	3227	GATCGACGGGCCGATCGTCGTGGCCGGCGACCTCAATGACGTGGCCTGGAGCCACACGACACGCCTTTTTCAGACGCTCTCCGGTCTCCTCGACCCGCGCGTCGGGCGCGGAGCGTTCTCGACGTTTCACGCCGAGCACTGGTGGCTGCGCTACCCGCTCGATCACGTCTTCCACTCCCACCACTTCTCTCTCGTCGAACTCCGCCGCCTGGACGCCGTCGGCAGCGACCACTTTCCGATCCTGATCGAGCTCGAGATGGACCCGGCCGTCGCCCCGATCCAGTCCGGCCCGGATGCCGCCACCGCAGAGCTTGACGAGGGGCGCGAGATGGTGGAGGACGCCGCCGAGATGAAGACGGAGGAGTCCGAGGCCGCCCACCAGGAGCGCGTCGAGAAGGACCAGTAGGGTGCTGTCGGCAGGGCGAGGGTGCGCAGAGCAGGCTCGCCTGCCATGGCTGCGCGAGTCGCTTGCGGCCCGGCTTTCCCTGCTCTCCTCACCGTGCGCCCACCGATCGCAGAACCGGCGCCCGTAGCTTTCCCAGCCCTCGACACGACGCCTTATGTGGTCCGACTCCATCCTCGACACGATCGGCAACACGCCGCTCGTCCGGCTCCGCGCTCTCGGGGCCGACCTCCCATGCACGGTGCTCGCGAAGGTCGAGTTTTTCAACCCCGGTGGGTCGGTCAAGGACCGGATCGGCGTCGCGATGATCGAGGACGCCGAGGCGAAGGGGCTGATCCAGCCCGGCGGGACCATCATCGAAGGGACGAGTGGCAACACGGGCGCCGGGCTGGCGATCGCGGCCATCGCCAAGGGCTACTCGTGCATCTTTACCACGACGGACAAGCAGAGCCCCGAGAAGGCCGACGTGCTCCGCGCCTTCGGCGCCGAGGTCATCGTCTGCCCGACAAACGTCGAGCCCGACGACCCGCGCAGCTACTACTCCGTCGCCCGGCGGCTGAGCGAGGAGATCCCCAACTCGTTCTACCCCAACCAGTACGACCACCCGGCAAACGCCGACGCGCACTACCGGACGACGGGGCCGGAGCTGTGGGACCAGACCGACGGACGGATCACCCACTACATCGCGGGCGCCGGGACGGGCGGCACCATCTCGGGCACGACCCGCTACCTCAAGGAGCAGAACCCCGGCCTGAAGACCATCGGCGTCGACCCGTACGGCAGCGTCTACGCCGAGTACTGGCGGACGGGCGAGTTCAAGGCGTCCGAGATCTACCCGTACTTCACTGAGGGCGTCGGTGAGGACATCCTGGCGGGCAACATGGACTTCTCGCTGGTCGACGACTACGTCCAGGTGGACGACGCGGCGGCGATGACGATGACGCGACGGCTGGCGCGCGAGGAGGGCTTGTTCTGTGGGCAGTCGTGCGGGATGGCCGTCGCCGGTGCGCTGGACTGGCTGGAGGCGCACCGCGCGGATCTGTTGGATGAAGACGTCGTCGTCATCCTGTTGCCGGACAGCGGCTTCCGCTATCTCTCGAAGACCTACAACGACGACTGGATGCGCGAGCACGGTTTCCTCGGCGCGGCGGCCGAGGTCAGCGATCCCTCGTAGCAACGCCCCATTCGGCCGCAGGTGACCGGCGGGCAACGGGGGGCCGTCTGTCAAGGGATGAGGGGTGGGATGGCCTCCTTCTCTCCATCCCGTTCTGCCTCTCGACCGGCGCTTAAAACCCGCCTTGGTAGGCGTCGAGGGTAGGCTCGTCGACCGCAGGCGGGAGGCCCGCCTCGCCGTCGCCCACCGACAGCGTGGCCTCGGCCCAGACCTCGGCCACGGTCGCGAGCAGGCGGTCGAGGTCGGCGCGCGTGTGGACGGCCGAGACGCTGAGCCGGAACCGCTGCTCGCGAGCAGGGACGACGGGCGCCTCGACGTGGTTGACGAACACGTCCCGCGCGTCGAACGCGTGCGCCATGGCGCGGACGTCGGCGCTGGGCGGGGCGGGGAGCGAGAAGATGGGCGTGAGGCCCTCGGCCTCGAACCCCTGCGCGCGGAGCCCCTCGGCGAGGTACGCCGCGTTCTCGACGAGCCGGGCGTGGATCTCGGGCTCGGCTTCCATCACGTCGAGCCCTGCGAGCACGGCGGCACACACGGCTGGCGACGGCGAGGCGCTGAACACGTAGGCGCGGGAAAAGTAGCGGAGGTACTCGACCACGGCCCGGTCGGCCGCGACAAACCCGCCCGAGACGGCGAACGACTTCGAGAAGGTGCCCACGACGGCGGTCGCGGCGTCGCACGCGTCGAACATCGCCAGCGTCCCGCGGCCGCCCGGCCCGGTCACGCCGGTCCCGTGCGCGTCATCGACGATGAGCGCGGCGGCGTGCCGCCGGCAGAGCTCGGCGACGCGGTCGAGCCGGGCCACGTCGCCCGTCATGGAGTACACCCCCTCGACGTTGACGAACACGTCCCGGTGGGCGGGCCGGTGCTCGGCGAGTGTGGCCTCGAGCGCCCGGAGGTCGCCGTGGGGGACCGACCGGCCCTCGATCCCACCAAGCTTCAGGCCGTCGAGGAAGGAGGCGTGGCTGTGGGCATCGTAGACGACGAGGTCGCCCGGGGCGGGGAGCGCGCTGAGAAGCCCCACATTTGCGGCGTAGCCGCTCCCGTAGAGGAGCGCGGCCTCTTGGCCTTCGAGCGCCGCCAGCCGCTCCTCGAGCGCGCGGTGGAGTGGGCCGTGCCCGTTGAGCGCAGGCGGCCCTCCGACCCCCGCGCCGTACTCGGCGACCGCCGACTGTATCCGGGCGACCACGGTCGGGTGGGTCGCCAGCCCGAGGTAATTGTTGGACCCGAACATCAGCATCGGCCGGGGCTCGCCGGTATGGCTCTGCACTTGGACCTCGCGGCCCATCGGCCCGAGCACACGCCGGTACTGGAGGCCGTCGGTGCCGGCGGCGCGCTCGTCGTGGATCCAGTCAGTGAAGGCCGTCGTCCGGTCGGCCAGCCCAAGTCCGGTCCGCATGCGGAGGAGGTCGCGGTAGCTCATCCGCTTGCGCGGGTGGCGAGAGGGAGTCGTCATGGGGGGTGGTGGGAGCTCGGATTCCTTCCGTGCGTGGGAGTCCGGTGTGTCGATTCGAACGTGTCGTCGAGCCCTGGTGGCCCGTCGTGGCATGCGTGCGTAGGCGTGGGCAACCCTGCGCTTGTCGTGGCGTGGCGGTCGTTGGGAAGCGTCTGAGCGTGGGCCGTCAGGCGGTGAGGGAGGGCCACAGGGGG
CP177355.1_gap56	2357306	2358381	1075	CTCGCGCGGCAAGGGCGGCTCGATGCATTTTTTCGACGTGTCGCGCCACTTCTACGGCGGCCACGGCATCGTCGGCGGGCAGATCCCGGTCGGCGTCGGGATGGGCTTCGCGTGCAAGTACAAGGAGACCGGCGGCGTCGCGATGGCCTTCTTCGGCGACGGCGCCATCAACCAGGGCGCCTTCCACGAGGCCACGAATCTGGCGGCGCTCTACGACGTGCCGGTTCTGATCATCGTCGAGAACAACGCGTACGCGATGGGCACCTCGATCGAGCGCTCGCGCGGCGACGCCGAGCTCTACAAGCAGGCCTACCCCTACGGCATGCCCGCCGCCGTCATCGACGGGATGGACCTGTTCGAGGTCTACGGCGCCTTCAAGGAGATCGCCGACGACGCCCGCGGCGCGACCGACGGCCAGACCAAGCCCTACTTCGTCGAGGTCCAGACGTACCGCTACCGCGGCCACTCGATGTCGGACCCGCAGAAGTACCGGACGAAGGAGGAGATGGAGTCCAAGAAGAACGAGGACCCCATCATTCGCACCAAGACCTACCTGCTGGAGAACGACCTCGCGACCGAGGAGCAGCTCGACGCCATCGACGAGAAGGTCAAGGCCGAGGTCATGGAGGCCGTCGAGTTCGCCGAGAACAGCCCGCTCCCCGGCCTCGAGACCATGTACGAGGACGTGTACGCCGAAGACGGCGTCCCGATCGTCGAGTAACCCACCCACGAACCACGAACCGCGCCGTTTCCGGTCTCTCTTCGTAGAGCGTCGGGCGTCGAGCGCGGGCAGAACAGAATGGCAGAGCTGCAATACCGGGAGGCCCTCCGCGCCGCGATGGTGGAGGAGATGGAGCGCGACGAGAACGTCTACCTCATCGGCGAGGAAGTCGCCGAGTACGACGGGGCCTACAAGGTGTCGCAGGGGATGCTCGACCAGTTCGGGCCCAAGCGCATCATCGACACGCCCATCTCCGAGGCCGGCTTCGCCGGGCTGAGCATCGGCGCTGCGATCATGGGGCTCCGGCCGATCGTCGAGTTCATGACGTGGAACTTCACGTTCGTGGCGTTCGAC
CP177355.1_gap57	2394736	2398746	4010	GCTCCGCGAGCGCCTGCGCGAGGTCGGCGTCGGTGCCGTCGGCAAAGTGCAAGATGACCGGGTGCCCGGCAAGGGTGGCAAGGTCGACCAGGCCGTTCTGGGTCGGGACCACGACTTGCGGCGCGCGCTCCCGAGTGGTCACGCCGCCGCCGGACGCGGACGTCAGCGGGGCGTCGGCGGGGTCGGCGCAGGCGGAGAGGCTCAGCGCGGCGAGCAGGAGCACCCGGAACGTCATGCGGCCTGGGCGTGGGCGTCGCGGAGGGCGGCCAAGCGGATCGAGCCGTGGCTCTTGACGTCGACGGCTTCGCCGTCTCGAATCAGGATGGCCTGTGGCGTCTCGTGCTGGACGTGGAGCTGCTCGGCGATGTACGCCGACACGTCGCGGGCGTACTGCACGACGACGGCGTAGAGCTTGGGGTCGGTGTCGCCTTCGAGCCCGACGAACTCCATCTGGCCGCGCGCCGAGATCGGGCACGCGATCGAGTGCTTGAGGAGATAAACGGGCGCCTCGTGCGAGGCGTCGAGCATGGCGTCGGCGTCGGCCGTCGACGCGAGCTCCTGGACTTGGGCCATGGGAGTTCGAGCGGAGTGGAGCGGGCCGTACCTTCGGCGTCGCCCTTCACGACGCCCGCGGCCCACGCCAGAAGCTACTCGCGGCCGGGCCTCGATGTCGCTCAAACCCCCCTCAGGAACGTCCCTATGTCCGCCGTCGCCGATCGCCCCACGGGCGCCGAAGAAGTCCGCTGGGACCTCGCCGACCTCTACGCCTCCGACGCCGCGCTCGCCGCCGACCTCGCCCTCGCCGAAGCCGACGCGCTGGGGCTCGCGGAACGCTACCGGGGCCGCTTGGCGGAGCTGACGGCGGCCGAGCTGGGGGAGGCGCTCGCCACGCTCGCCGTCGTCCACGACCGGGCGGGCAAGGCGTACACGTACGCGTTCCTGGCGTGGAGCACCGATACGGAGACGCCGGAGTCCGGCGCCAGGCTGCAGCGCGTCCGCGAGGCGTACAACCGGATTGGGCAGGAGCTGCTGTTCGTGGACGTGGAGTGGGCCCGGCTCGACCCCGACCGCGCGACCGCGCTCACCGACGCGCCCGAGCTTGCGCCGTACCGGCACTACCTCGAACTCAAGACGCAGGCGCGCGACCACGTGCTGTCCGAGCCCGAGGAGCGGATCTTGTCCGAGAAGGCGGTCACCGGGTGGAGCGCGTGGAACCGGTTCTTCGACGAGACGCTCGGCGCAGCGCGCTTCGACGTCGGCGGCGAACTCCTCCCGCTCCAGCAGGCGACCGTCAAGCTCCACGACGGCGACCGGGCTGTCCGCCAGCAGGCGGCGCAGGCGGTGACCGACGGGCTCGACGGGCTCCAGCGCCCGCTCGCCTACGTGTTCAACACCATCCTGGCTGACAAGGCGTCCAGCGACCGGCTCCGGGGCTACGACTCGTGGATCGCCAGCCGCAACGAGTCGAACGAGATCGACGACGCGAGTGTCGACGCCCTCGTCGAGGCGGTGACCGGGCGGTACGATTTGGTGCAGCGCTTCTACACGCTCAAGCGGACGTTGCTCGGCCTCGACACGCTGTACGACTACGACCGCTACGCGCCGACGGCCGAGGCGGCGGCGTTCGTGCCGTGGGCCGAGGCGCGCGAGACGGTCACGGCGGCGTATGCCGGCTTTGACCCCGAGATGGGCGAGATCGTCGAGCGGTTCTTCGACGACCGCTGGATCGACGCGCCGGCGCAGGCGGGCAAGCGGGGCGGCGCGTTCAGCCACGGGGCCGTGCCGAGCGCGCACCCCTACATCCTGCTCAACTACACCGGCCAGCTCCGCGACGTCCAGACGCTGGCGCACGAGCTCGGCCACGGGGTCCACCAGTTTCTCGCGCGCGAGCAGGGCGTCTACCACGCCGACACGCCGCTGACGACGGCTGAGACCGCGTCGGTCTTTGGCGAGATGCTCACCTTCCAGCGGATGCTCGCAAGCCTCGACGACCCCGCCGACCGGCTCGCGCTGCTGATGGAGAAGATCGACGACACGATGGCGACGGTCTTCCGGCAGGTGACGATGAACCGCTTCGAGGCTCGGATCCACGCCCACCGCCGCTCGGAGGGCGAGCTGTCCCCGGACGACTTTGCCGAGCACTGGATGGCGACGCAGCGCGCGATGTACGGCGACAGCGTGACGCTGACCGACGGCTACCGCCAGTGGTGGAGCTACATCCCGCACTTTGTGCACACGCCGGGCTACGTCTACGCCTACGCCTTCGGCGAGCTCTTGGTGCTGGCGCTGTACGCGCGGTACCAGTCGGAGGGCCCGGGCTTCCCCGCGAAGTACCGCGACCTGCTGGCGGCGGGCGGGTCGGACTGGCCGCACGTCCTCGTTGGCCGGCTCGGGATCGACCTCCGGGATCCGGGGTTCTGGGACCGGGGGCTCGACGCCGTCGAGGTCCTGATCGCTGAGGCCGAGGCGCTCGCGGGTCACCCCCAAAACGGATAGTCTGAGCGGTGGGGCAGGGGATGGCGGTCGGCTCCTGCCGTCTCGCGCGCACCCACCGGCCACTCCCGGCACCGTCGAGATATCCACACCGCCCGGCTCCGGTCGGCCCCGCCCGTATGTTGCAGGGCGCGCGTCCCCCCATGCCCTCCACCACTTTCGTCGCCCGTCGTCCGGGGCCGTTCTCGGCTCTGGTGCAGGCCCCCGAACTCGGGGGACTCCGGCTCGATCCGCACCCGCCGGTCCGCGTCCTGGATCGGTACTTCGACACCGAGGACGGTGAACTGCTGCGCCGCGGGGTCGCGCTCCGGGTCCGCGAGCAGGGGGGAGGGGCGACCGTATCCCTCCGCCGCTTCGAGCCCGAGGCCGGGCCTGTCTGTGCGGACCTCGACCTGGTGACGATCCCCGGCGACGGCGTGCTGGCGCTCCCGCCGAGCGCCCTCTCCGATGCCCTCGCGATGCTGACCGGCGGCGACGCCGTGCACCCGCTCTTGTCGATCCGCCTGTACCGTACGCCGCGGCTGGTGCTCCGGGACGGCCACCCCGCCGCCGTCATCTCGTTCGACGTGGTGGTCTACGAGGTGCCCGGCGCTCGCGTCGTTTCGAACGAGGTCGAGGTCGAGCCGGTGCCCGGAGGGTCCGTCGACGGCTTGGCAGAGGCGTTTCTGGAGGCCGGGCTCGAACGCGTGGACCAGTCGCGGCTGGAGCGCGCCGTGCGTCGCTTCCCGCGCACCCTCGACGAGCCCGCCCTGCTGCTTCCCGACGAGGTCGAGGCGCTCGACGTGGCAGCGGCCGGCGACGACGACCGCGCCCTCCGCGCTCGAATCGTCCAGCTCGATGGGCGTGGCTTCCGGGCCGACACCATCGCGGCTCAGACCGGCGTCAGCATGGGCCATGTTCGGGCCGTGCGTGAGGGCTTCCGGTCGCTGCGGCTCGGCGTCCTGGACCCGTCGCCCGTCGCCCCGGCGCCCGATCCCGGCTCTTCGGGGGATGGCCGGCCGGGAGCCGATGAGGCGGCGGACATGGCCGAGTTGCTCGATCTCTTTTCGAATCACACGCCCCCCGTCACACCCCTCTTTGCGGGCGGGGACCTCGACGGCCCCGAGCCGAACGCTTCCCCGAGGCCGGCGCCCGTCCCGGCGTCGCTGTCCCCGTCAGCCCCCGCCCAGCCGACTCCCGCGCCACCTGTTGCGGCCGGCCCGTTGCCTGCGGCCCCGTCGCCGGTCCCGACTCCGACTCCTGGGCCGGTTCTGGCCCCAGCGGCCCCGGCCACCGTCTCGCATCCCCGACCCGAGGCGGCCGCGCCCCCGCTGGCCGTCGAGCACACGCGCCCGTCGACCCCGCTCGATCCGTACCCGGTGGTGCTTGGTCCGGTGCCGATCGTCGCCCGCGAGCCTCAGGGCGACGGCCACCGCCCGCGCGCCGCCCCCTCGACAGGGGACGAGCCGCGCTTTCCCGCGTTCGTCGGCGACATGCCGGTCTTGAGGGCGGCAGAGTCCCTCGTGAGCTACCACGTC
CP177355.1_gap58	2400002	2400516	514	CTCCGAGCAGGCGCGAGCCCTGGAAGACCGGCTCAATAGCCGCTTTGGCGGGGCGCTCAGCGCCGAATTCCGCACCTACGTCGCGATGCGCCACGGCGACCCCTCGATGGCCACCGCGCGACGCCGGATGGCAGAGGACGGGGTCTCGAAGGTGATCCTGCTGCCACTCCAGCCCCACTTTTCCGCGTCCACCGGCGGGTCGTCGCTGGCGTACTGGCGGGCCCACGGGCCGGTTGAGGCGCCCACTACGCTGGTCTCGGAGTACGCCACCCACCCGAAGCTCATCCGCGCGCTCAACGAGCGGATCGACGAAGGGCTCCAGCGGTTCGACCGCGAGGTCCGGGGCCGCGTCCGCATCCTCTTCGCCGCGCACGGCGCGGCCAAGCGGCACCTCACGCGGCTCGGCGACCCCTACTGCTGCCAGGTACACGCCACCGTCCGTGCCGTTCTGGACGCCCGCACCGACGGCCGGGAGTCCTCGGTGGCCTTCCTGCCCACACTCGGCTCAGGCGCG
CP177355.1_gap59	2403129	2404080	951	GGGGAGCATCGGGATGACGCGGTCGACGAGGTAGGTGCTCGTCGCGCGGTCGTAGGCCTCCTTGTCGATGGTCCCGCCCTCGGGGACGTAGAAGCTCACGTCGGCGATGTGGACGCCGACCTCGGTCATGCCGTCGCCCAGGTCGCGCGTGTGGATCGCGTCGTCGAAGTCCTCGGCGTCCTCGGGGTCGATGGTGAAGACGGGGTAGTCGCGCAGATCCAGCCGGCGGGCGATTTCCTTCTTGGTGATGCCCGGCGTGATCTGCTCGGCGGCGGCCTCGACCTCCGGCGGGAAGTCGGACGGCGTGCCGTGCGCCATCGCCAGCGCCAGGACGTCGACGCCGGGGTCGCCGACCTTGCCAATCACCTGAACGACCGTGCCCTCGGGCGAGGCCTTGGGGTCGTCGTAGGCGTCAATCGTCACGACCACCTTGTCGCCCGGCAGCGCGCCGTTCCAGTTGTCGCGCGGGACGTAGATGTCGTGCGTCATCCGCTGGTCGTCGGGGACCACCCAGCCGGACTTGCCGGTCGTGGCGAACGTGCCGACGGTCTGCGACCGGCCGCGCTCGACGACCTCCAGCACCTCGCACTCGCGGAGCTGATCGGAGGGGCGGCCCTTCTTCTCGGCCGCCAGTGCCACGCGGACGCGGTCGCCGTGCATCGCCGTCTTCATGCGGCGCGGGCGGACGAAGTACTCCGTCCCGTCATCGGTCTTGAGGAAGCCGTAGCCCTGGGGGGAGACGGACAGCCGGCCGACGGCCTCGTGCCCGTCCGTCTTGTGCTGGATGCGCCCGCCCTTGAGCTTGTCGACGGCGCTCGAGTCGCGCAGTTCGTCGAAGGCGTCGAGGAGCGCCTGGTACCGGTCCTGATTCTTGATGCCGATCGCCCGGGACAGCTCCTTGGCGCGGTACGCGCGGTCGTGGTGCTTGTCGAGAAAGGCGAGGATTTGCGG
CP177355.1_gap60	2407070	2410977	3907	AGCGTGCGGTTGGCCCGGATGCCCCGGTAGCGGCGCGCGAGCCGGCCCTGCTGCGGCGGCCGGCGGGCGTAGGTCGTGACGCGGACCGCTTCGCCCGCGTGGGCCGGAACCACGAAGGTGGACCGCAAGCTGGGCCGGATGGCCTCCTGAGCCTGGGTGGGGGCGGCGAAGGCGAGGGCCAGCAGGCCGAGGGCGACGAGGCGCATGCGACGAGGAAGAGAGAGACCTGAGCCAAGGCAAGCGCAACCCCGGTCGAACATGCGCCCGACTCAGACGGGAACGATGGAATGCAAGCGTTCCGCAAGTGGGTGGCAAATGGCTTGTGCGGATGCGCCGTCCCAGAAGTGAGGCACGCCACGCCTTGCGTTCCGATGGTCCGCTGAGCCGATGATCCGCTAAAAGAGGGCGTAGACGAATGGCGCGAGCGCGCTCCCAGAGGCGGCCGTCACGATCCCGCCGAGCAGCAGGAGCACGATAACGATCGGGAGCAGCCACCACTTTTTGCGGACGCGGAGGAACTGCCAGAACTGGCGGACGACGGTGAGCTTCGCCATAGCGGGGGAGGGGGCGGACGCGAACCTACCGGCGCGTCGCTGGCGGTCGAGGTTGTGCGGGCCTCGCGTCGGTAGGTCGAACAAAAAACGCCCCCGGAGGCATCTCCGGGGGCGTCTGGAGCGGAACACGGGACTCGAACCCGCGACCTCCACCTTGGCAAGGTGGCGCTCTACCAGCTGAGCTAGTTCCGCATGCGCCCGGTGACCCGAGCGGACGACGAAGGTACGGGCCCCCCCGCGCGGGAGTCAACGCGGGATGCGTGCCGAGCGCCCTCTTCACGCCGTCTCAGCGCCCGGCTAGCTTTGGGCATGGACACGCCTCGCCCCTGGACGCCGCTCGCCTCCCATCGAATCGTCGACCGCCCGTGGCTCGGGCTCCGCGCCGACCGCGTCCGGCTGCCCTCCGGCCACGTCATCGACGAGTTCCACGTCGTCGAAGCGCCGGACTGGGCGTGTGTGCTGGCGCTCACGGACGACGGCGAGGCCGTGCTCGTGGAGCAGCATCGGTACGCGCTCGGGGTCGCGTCGCTGGAGCTGCCCGCCGGAGTCGTCGATCCTGGGGAGACGCCGGCGGCGGCGGCGCGGCGCGAGCTCCGCGAGGAGACCGGATACGAGACAGGGGTACTGCTGGCGCTCGGCGCGCTGGCGCCGGAGCCCGGGCGGCAGACGAACGTCGGACACGTCTTCGTGGGCACCGGGTGCCGGAAGGTGGCCGAGCCGGACCCCGAGGTGTCGGAGGATCTCCGTGTCCGCGTCGTCGCAGTCGACTCGCTGGTGGGGCTGGTGGAGGAGGGGAGGGTCGTTCACGCGGTGCATGCGGCCGCTGTGTTGTGGGCGCTCGCCCGCGGGCTCCTCTGAACCCCGGCTCGCGTCCGGGCGTTGACCCGGCCACTTCTCCCCCTCAGACCATGCAGAAAGAACTCCAGACCCTTCTCGTCTCCGTCAACGTCGAAGAGCACGACGGCCAGGACCAGCACATGACCGAGATCGGTCGCCAGATCGGCCAGGGCTGGAAGGTGATCCAGGCCATCCCGTTGTCCGGCGAGGAAGCCGGTCCGGGCGGCCTGTCGGAAGACTTCATGCGCTACCAGGTGACGGTCGAGCGCGCGGTCGACTCCGACAACGTGATCGTCGACGCCGATCGGGGCGGGGCCGCCGCGCTGAAGGACGTCGGGCAGGTGTCCGCCGCCTTCGACGGCCCGATCAACGACGAGGAGGAGTAGTCCGGGGAGCAGGGAGCGAGCAGGGGCAGAGCGCGGACCCTGCTCGCCCCCGCTCCCAGACCTAGCGTCGCTCCGCGCGGTAGCCCGCCGCGTTGAGAGCCTGGAGGGCGGCGTCGGCGTCGCCGGCCGTCTCGAACCCGAAGCGAAACGTCCCGACCTCCCCAGAGCGGATGCGTAGGAGCTCTGCGTCCCGCAGATTGAGCCCGGCCTCGGCGACGGCCCCGGTGAGCCCGTGCAAGAATCCGGGCCGGTCATCGGCCCACACGACGATGTCGGCGAGGGGCGTCAGCGAGCCCTTCGAGGCCGAGGGCAACGCCGCGCGCGTCTGCCCGGCGTGTTCAAAGGCGGTCGCCAGGGCGTCCGGCGTCTCCGCCACCGCGTTCCGGACGGCGTCGAGCTGGCGCCGGAAGCCGTCGAGCGCCCTGAGGACGGCGTCGCGGTTGTCGCGCAGGATCGGTCCCCACGTCGAAAACGGCGAGCCAGCGATCCGCGTCATGTCCCGAAACCCGCCCGCCGCCAGCGCCAGCGCGTCGTCTCCAGCCTCGGCGGCCGACTCGACAAGGGCAACCGCCAGCAGTTGGGGCAGATGGCTCACGGCGGCGACGGCGCGGTCGTGCCGCTCGGCCTCCATCACCACGGCCCGCGCGCCGACGGCGTCGACCAGCCACAGCGCCTCCGGCGCGAGGTCGTCCGCGTCCTCCGGCGTGAGCACGTAGACCGCATTCTCGAACAGCAGCGCGTCGGCCTGCCCAGGACCCCCGGCCGCCGCGCCCGCCATCGGGTGGCCGCCGATGAACCGAACGCCGGGCAGGGCCCGCGCCGCCGCCATGATGCTCGTCTTGACCGAGCCGACGTCTGTGACGAGCGCGCCGGGTTGGGCGTGCTCGGCGGCCGTCGCCAACAGGTGGGGGAGGGCGTCGAGCGGCGCCGCCAGCACCACGACGTCGCCGACCGCGGCGGCACCGGCCAGGGAGGAGAGTCGCGACACGGCGCCGCGCGTGAGGGCCGTCTGCGCGTGGTCCACGTTCGGGTCGGCGCCTACGACCTCGACCGCAGGAAACCGTCGCCGGATGGCTAGGCCAAGCGAGGCGCCGATCAGGCCGGTGCCCAGGATGGAAACAGTCGTTGGACCCGGGGACACGGCGGCGCGGTTGGAGGGGCCGCAACGTACCGACCCCCCGGATGCTCTTCCCGATCAGCGACGACGACCGCCACCTTGACGGCCGCGCCTGGGCCACGATCCTGCTCGTGGTCGCGAACGTGCTCGTCTTCGGCTACCAGCTCGCCGACCCCGCGTTCACCTACGGCTGGAGCGTCGTTCCGGCCGAGCTGACGACCGGGGAGGACCTCGTCAACGACAAGCCGATCCCGGGGCTCGACGGCGGCGTCGAGATCCGGTCGTCGGCCGACATCCCGCAGCGGCCGGCCCCGGGCCCGGGCGCGCTGCTCTACCTGACGATCCTGTCGGCCATGTTCATGCACGGCGGGTGGGCCCACATTGCTGGCAATGTGTTGTATCTGTGGATATTTGGAGACAATGTCGAGCATCGGTTCGGAACCGGCCCGTTCCTGCTCTTCTACCTTGCCAGCGGCATCGTGGCGACGCTTGTGCAGGTCGCCATGAGCCCGAGCGGACTGATCCCAAACCTCGGCGCCAGCGGGGCCATTGCCGGGGTGCTTGGCGCCTATCTGGTGTTGTTTCCGAAGAACCGGGTCCACGCCGTGTTCTTCATCCGCGTCGTATCCGTCCCTGCGGTTCTCGTCTTGGGGCTGTGGATCGGGCTCCAGTTTTTTAACCAGTGGGGCGCGTCGGCGATTACGGAGGAGACCGGGGGAGTGGCCTATGGCGCCCACATCGGCGGCTTTCTGACGGGGATGGCGGTCGCGCTCATGCACCGCTCGTTCGGCGGGAAGGAGCGGCCGAACGTGCTGGACCCGGCCATCCGCGCCGATACCCGAACTCGAAGACTCTGGTAGGGCACGCTTCGGCCCCCGGATCCGTTTGGATCTCTTACCCGTAGACCCGACCTTACCGCCGGTCCCCCCCCCACGCCGATGGCCCTTTTCTACTCCGTCCGACGTTTCGCCCTCGTGGCCGCCCTGCTGGCGGTCGGCGCCGTCCCCGCGCTC
CP177355.1_gap61	2412191	2416199	4008	GTCGAAGGCGTCGTCGGACAGGGAGAAGCCGATCCCCTTGCCCATGTTCTTGATGTCCCGGGCCCCGATGTTCGAGGTCATGATGATGATCGTGTTCCGGAAGTCCACGCGGCGGCCGAGGCCGTCGGTCAGGATCCCGTCGTCGAGCACCTGGAGCAGGATGTTGAACACGTCGGGGTGCGCCTTCTCGATCTCGTCGAGGAGCACGACCGAGTACGGCTTGCGGCGGACCTTCTCGGTCAGCTGCCCGCCCTCCTCGTAGCCGACGTAGCCGGGAGGCGCACCGACGAGCCGCGACACGGAGAACTTCTCCATGTACTCCGACATGTCGATCCGGATGAGCGCGTCCTGGCTGTCGAAGAGGTACTCGGTGAGCCGCTTCGCCAACTCCGTCTTGCCGACGCCCGTGGGCCCCAGGAAAATGAACGAGCCGATGGGACGCTTGGGGTCCTTGAGGCCCGCGCGCGTTCGGCGGATCGACCGAGACAGCTTGACGAGCGCCTCGCTCTGCCCGACGACCTTGCCCTTGAGCTCCTCCTCCATGTTGAGCAGCTTGGCGCCCTCGGTCGTCTGCACGCGGTCGACCGGCACGCCGGTCATCATGGCGACGACGGCCGAGATGTCGGTCTCGGTAACGGGGTACGTCTCGTCCTCGGCCTGCCGCTCCCACTCCTCCTTGACGTTCTGGAGCTCCTCTTGGAGCTTCTTCTCGCGGTCGCGGAGCTGAGCGGCCTTCTCGAAGTTCTGCGACTTGACGACCTGGTTTTTCTCCTCCTTGACGGCCTCGATCTGCTCTTCGAGCTCGATGACCTCCGGCGGGACCTTGATGTTGGCGAGGTGGACGCGAGCGCCCGCCTCATCCAAGACGTCGATGGCCTTGTCGGGGAGGTGCCGGTCGGTGATGTAGCGCTCGGACAGCTTGACGATCAGCTCGATCGTGCCCTCGGCGTACTCGACGTTGTGGTGCTCCTCGTACTTGCCCTGGATCTGGGTCAGGATCTCGACGGCCTCCTCCGGCGTGGCCGGGTCGACCAGGATCTTCTGGAAGCGGCGGTCGAGCGCGCCGTCCTTCTCGATGTACTGGCGGTATTCGTCGAGCGTCGTCGCGCCGACGCACTGGATCTCGCCGCGCGCGAGCGCGGGCTTGAACATGTTTGAGGCGTCGAGCGACCCGCTGGCGCCGCCGGCGCCGACGAGCGTGTGGAGCTCGTCGATGAACAGGATCACGTCCTGGTTCTTCTCGAGCTCCGTCATGACGGCCTTCATCCGCTCCTCGAACTGGCCACGGTACTTCGTCCCGGCCACGAGCGCGGCCAGGTCGAGCGTCACGATGCGCTTGTCGTAGAGGATGCGGGAGACCTTGCGCTGGACGATGCGCAGCGCGAGCCCCTCGGCGATGGCCGTCTTGCCGACGCCGGGCTCGCCGATGAGCACGGGGTTGTTCTTTTTGCGGCGGGACAAGACCTGCGCCACGCGCTCAATCTCGACCTCGCGGCCGACGATCGGGTCGAGCTTGCCGTCCTCGGCGAGTGTGGTAAGGTCCCGGCCGAAGTTGTCGAGGACCGGGGTCTTGGATTTTTCAGCCATCTCTCGTTTGCTGCTGGATCGGGAGCGCCCGCCGCGCGAGGGCGGCTCGTCGGACGACGCGGCGCGGGGGGAGGCCTTGCCGGACAGGATCGAGTCGAGCTCGGCGCGGACGGCGTCGTAGCTCACCGAGAAGGCCTGCTGCAGGATCTGGGCGGCGACGTTCTCGTCGTCGCGCAGGAGCGAGAGCAGCAGGTGCTCGGTCCCGATCACGTCGCTCTTGTAGAGCTTGGCCTCGAGGTAGGTGATCTTGAGGACCTTCTCGGCCTGCTTCGTCAGCGGGATGTTGCCGACCGTGAGCGTGCCGCCCGACGAGCGGACGGTGTCCTCGACAGCCTTCTTGAGCTTGAAGAGGTCGCAGCCGAGGTTGCGCAGGATCTTGACGGCGATGCCTTCGCCCTCCCGGATGATGCCGAGGAGGAGGTGCTCGGTGCCGATGTAGTCGTGCCCGAGCCGGATGGCCTCCTCTCGGGAGTACGAGATCACGTCGCGGACGCGGTTGGAAAAGTTGCCTTCCATGGGGATCAGTGGGTCGGTCGGTGGATCAGTCTGTAAGAACGCGGGGGGGGTGAACGCCGGTCACCGACCCAGGGATCTACCGACCCACCGGTTTAGGCCGCGAACGACGAGCCGCAGCCGCAGGTCTGGGTGGCCTGGGGGTTCTCGAAGACGAACCCGCGGGCGTCGAGGCCGTCGTGGTAGTCGACGGTCGTGCCCATGAGGTAGAGGCCGTGGCGCTTGTCCATGAACACGGCGATCGGGTCGCCGCCCTCGGCGGCGAGGTCGAACGCCAGGTCGTGCTCGCGGCGCTTGTCGAAGCCGAGCACGTAGCTCATGCCCGAGCAGCCGCCGCCCTTGACGCCGACGCGCAAGCCGTACTCGGCGGGGATCTGCTTGTTGGCGACGATCCGGCGCACCTCGGCCGCGGCGCGGTCGCTGAGGGAGACGGGGGGCGGGAGCGTCGGGGCGCCGGCAGGCGCGGTCGGGGCGATCGGGGTCGTGTTCATGGGTCCGGGGGCGGTCGGGTCGAATCGTAAACGGCCACCGCTGTTCCGTCCGTGCCGCTGGCCCGGGTGGATTCCTCGCGCAGCCACCGCAAGGTACGGGGCTGCCGGAGCGCCGGACCGCACGCGCAGGAACGCAGGGTCGAGGGCCTCGTTTGCGCTCGTGCGTTCCGGCGTGCCTACCCCCGAGGCCGCGCCAACACGATCGCCCCGCGCAGCGCCTCCGTGGTCCCGCCCTGCGCGTCGACAGCCTCGACGAGGACGACGTAGATCCCCGCGCGCAGCGGGCGCCCGTCGTCGCCGGTGCCGTCCCACGTGAGCGTCGCCGTCGATCCGCTCAGGCGGCCCGGCTCGAGCTCGCGGACGAGCCGGCCGCCGCCGTCGTAGACCCGGGCGCGGACGAGCGCGGCCTCAGTCGACAGCGCGTACGTGATCCGGGCGGCCTCCCCCAACGTCGGCGCGAACGGGCTGGTGACCGTCAGCGATGCATCGCGCTCGACGGGCGTCCCGGCGATGGCGACGGAGTTTGGCGCCGACGGCGTACCCCCGGCTTGCGCCAGCGACGACGACCAGTTGGCGGCCACGTTCGGGTCGGCCCTCGCGTCCCGACGCTCCAGGCTGATCCCGGTCGAGACGTCGAGCTCGATGCGGTGCCACCCAGGCTGGTAAACGACGGAGTCGAGGACGGTGCCCGCCGCGCGCAGGACGATCGCCTCGCCGCTGTTCGACAGGCTGATGGCGGTGCCGCCGACCACGAACGGGGCGTCCGGGAACGCGGCCCGGAAGCCGTCGGCGTCGCGGACGACGGCGACGTATTCGCCCGGCAGCAACACGGCGGGCTCGGACGCCAGCGGGGCGCCGTCCCCGTCGCCGTCGTCGAGCGTCACGCGGTCGAGCGAGAAGACGCCCGAGGCGGACGTGTTGAGCGCTTCGACGTACTCGCCCGCGCTCCCGACCGCCGGGTCGTACAGGATCTCGGTGATCGCCAGGTCGCCCGCGCCCGGCGTGTCGGGCGTGCCGACGAAAAAGCGCGCCGACGTGCTGGCGGTCGTGTTGCCCGCCAGGTCGGTCAGTCCGGAGACCGAGAGCGTGTACACATTCGGCTCGGCGAGGTCGCCCGCCAGCACCACCTCGACCGCCTCGACCCCGCCGTCTGCCGTGTCGGTCGCCGTCACGCTCGCGACGGTCGCCGTCTCGACGGCGTAGGCGCCAGCGTTGGTTGCCGAGGACTCAATCACGGGCTCGGAGAACGTGACCCGGAGCCGCGACGGCGACAGCGCGGTGACGCGCGCGATCACGGGGGCCAGCGTGTCGGGCGTGAAGTCGACCGTCGTGGAGCTGCTCGCGGTCGTGTTGCCCAGCAGGTCGGTCAGGCCGGTCGCGGTGACCGTCGAGGTCCCGGCGGCAAGCGGGGCGGAGA
CP177355.1_gap62	2421133	2424140	3007	GGCCGACAGGGTGCCACCGAGCGGGCTCGTGACGTCGGCGCCGTCGAACGGGTCGAGGCCCGTGTCGCCGATCCCGACGCGAAGCGCAAGGAGGTCCCCGGGCGTCTCCGTAGCAGGGGCCCCATTGGACGGCTGCGGGCGGAGCTCGAGGACGACTGCCGTCTCGCCGTCCGTCGGCACGAAGGCCGCGCCCTCGATGAGCGTCCCCGTGGACGCGTCTCCGGGGGTGAGCGTCACGGAGACGGCCTCCTCGCCGGCGGGCGTCACCTGGACGATGACGGCAGAGTAGGCGCTGAGCGCGAAGTCTTCGATGTCACCGTCGAGACCCGCGAGGGAGACCGGGCGGAACGCGCCGAGGGCCGCGTCGAACACCAGCACCACGTCGGCGAGCGTGCCGCCCTCGACCGCGAGGTCGGCCAGCGACACGGCGGCGCCGGTCGGGTTGCCGACCGAGAACAGGACGCGGCCCCCGTCGGCGACGGCCGTGCCGTCGAACGAGAGCGCGCCGGTCGAGGCCGAGCCGGTAAGCTCGAACGCGCCGCCGCTCTCGATCAGCACCGATTGGCCCGCCGACAGGACCGCGTCGTCCGCTGCGGGCACGAAGCCTGTCCCCTCAAGGACGAAGACAGTCTCGACGGCGGCGGCGGCGGCAAGGTCGGCCGCCGTGGCCCCGCTGACCGGGACCGACAGCAAGCGGACCTCTCCGTCGCTGGCGGGGACCGCCACCGTGACCGCGTCGCCGTCGTTGTCGACGACGACGAGGACCGTCTGGTCGATGCCGCCCACTTCCAGCGCAAAGCCGCCGCTGTCATCGGGGTCCTCGATGGAGAGCCCGAACACGAAGGTCTCCCGGTCTTCGGGCCGGGCGTCGTCGGTGATTGGAATCGTGACGACGTACTGGCCGTTCTCGTCCGCCCCGTCGTTTTCGCCGCCGATCGTGACCGTCGCAGACGTGAACCCCCCGAGATCGTCGGGGTCGCCGGAGACGAGCGAGACGGTGACCTCGGTGGGCTCGTCGGGATCGCCCCCAATCTGGATGACGAGATCGACCGAGCCGGCGTCCTCGAGGACGGCCTGTTGCACAGCGGCGAACTGCACCGTGTTGTCCCGGCCGCCGACGTCCGTCACGGTCACGGTCACGTCGTTCGGATCTTCCATGTCGTACCCCGCGTCGCGCGAGGTCGCCCGGCCCACCGCCACGGTCACCACCTGGTCGCCATCGGTCAAGTCGTCGTTGACGCCAGTCACGGTCACCGTCTGTGTCAGGGTGGAAGTCCCTGCCGCGAAGGTCAGCGAGCTCGTGGACACAGTCGCTTCTGCCGGGTTGCCCGACGAGATCGGAATGGTCACGTCGCCGCCGGGCGCGCGCGAGAGGGTCACGTCGAACGTGGCCGTCTCGGCCGACTCCGCGATGGTGAGGGCGAGCGGCGAGACGGTGATGACGCCCTCGCCGGTCAGGATCTCGAAGGCGTCCGGCAGGAAGTCCAGCGGGTTCCGGTCGGCGTCGTCCACTCCGGAGACCCGTTGCGGCAGCACGTAGTAGCCGACGTCGTTGAAGGCCGCGAGCAACTCGTCCCGCGAGCCGGAGGTGGGGGCTTCCGTGGCCCCATCGGCATCGTAGTAGAACCCGCGGAGGTTGCCCGGCTGGAACACGACCGACGCGTCGAGGACGCTCGGGGGCACCGACCCGCTGTCGGGAAGCTCGGTGTAGTAGAGGAAGTCGCCCGGCGATGGCGAGGTGGGGCTCCCCTGGTACGCGAAGAAGGCGTCGCCCACGAACTCGGAGAGGATGAACCCACCCTCGACAATCGCGACGGTCCCCTGAGACCCGTCGGCGAGCAGGCCGGTGTTCAGGTTGACGGTCACGACCGTTCCGGCCGCAAGCGCATTCAGCGTGACGGTGACGATCCCGTCGAAGCCGCCCTCCGCAATCGTGCCGTTCGCGCTGACGGTGTAGTCCGAGAAGTTGATCTGGGTGTTTGTCTCGACGTCGGTCAGCAGGACGAAGGAGAACTCTTCTCCGTCATTCCCACCGATCGACGAGGAGCCACCGTTCACGGGCGCCACCGCCACGATCGCGAGGTCACCTGGGACGAGTTCGGTTCCGAGGTCGACGTCGACGTCGGTGACGGTCAGAAAGATGTCGGCGGGGTCGGTCCCCGCGAAGGCGGCATCCCCGGTCGCCGCGCCCGTCGTGATGGTGACTGTCTGGTCGCCGTCGACGAGTCCATCCACGACGCCGTCCACGTCGAACGTCTGGCTCGTCGTGGAGGCCGCGACCACGACGGAGGCGGGGACGCTGGCTTCGGTGGCGTCGCCCGACGAGAGCGAGACGGTCACGTCGGTCGCCGGGGCTTCCGAGAGCGTCACGGTGAACGTCCGCGACCCGTCCTCGGCAAGCACCAGCCGCGACCCGGTGCTGCTCGACGGCGTGATGGTGATGGTGGGGCCGCCGTCCGTGATGGTGAACGCCGCCGGCAGGTAGTTCCCAGGAGTGAAGTTGACGGTCGTGAGCTCGTAGTTGCTCACGTCGTTGAACGCGGCGATGAGCTCGGCGACGGTGCCGGAGACTCGTGCGCCCTTCCCCGTCGGAGCCGCACGGGTGTCGTAGACGAACCCATCGCCGCCGTCCAGGAACACGGCGTCGGCGCCGAGGCTGGCCGGCGCCTGGGAGTTCGAGTCGTCGAGCTCGACGTAGTAGAGGTACGTGCCGCCCGTGGCCGACGTGGCGCTCCCGCCTTGGTACGCGACGATGGAGTCTCCGAAGGTCGAGAGGAGGAATCCACTGTTCGTGATCGTGATGGACCCTTGGCTGGGGTCTGCGAGGGTCGCTCCAGACAGGTTCACGGTGACGACGGCCCCTGCGGACAGGGCGTTAAGCGTCACCTCCGCGATGCCGTCCCCAGTCCCATCCCCCCCATTGTCCTCGCTCGTGCCGCCGCCCGCCAGCAGGTCGATGTCCGAAAACCGGATGACCGTGCCACCCTGGACATCGGTGAGGAGGACG
CP177355.1_gap63	2491675	2494575	2900	CTCGCGGGCGTAGTTCTCGTTCGGCGCCCAGCTCCGGTTCTGGTTGCCGTTGAGGTAGACCAGCATCGCCGGGTTCGTGCCGACCTCGTGGATGAACGTCCGCAGGTCGCCGAGGGCGTGGCGGCGGAGCATCCGCCAGTAGCGCGCCAGGACAGGCGCGAAAAAGTACGACTCGTGCTCCGTCACAAAGTGGTTGCTCCAGATCAGCGCGAGGTGCTCGCGAAACGCGACGGCTGCCTGGTCGACCGGGTCGCCGTCCCCGCCCCCCATCAAGCGGCTGTAGACGCCCCACTCGGTCTCGTCGAGCCAGGCAGGCTGCTCGGCCACGTAGGCGTCGAACGCCGGCGTGTCCCACGGCGGGTACGCGTCGTCGAACCAAACGGGCTCGGGCGTCTCGGGGAGGGCGGCCGCTCGGTCGAGGAGGGTGTCGGCCGCACCTGCGCCGAGGGCGAAGACGGCGTCGACACGGGCCTGGGGGCCTCCGAGCGCGGTCCGCTGGAGCAGGTGGTTGGCGCGGTCGGGCGTCCACGGCGCGTCGTCGGTGGGGACGTAGCGCTCGAGCCCACCGGAGGTTACGAGCGCGGCGCTGGCGACACGGGCTGACGTCCGGGCCTCGGCCTCGCGGCGAAACGACCAGCCCAGCGGGGCGCCAGCAGGCGCAAAGGTGCCGGGAGCGACCTCGCGAGGCGTGGACGTGAGCGGCGGGCGGGACCAGCGCGGCGGGGCGTCGTCGGTCGCGGGGAGTCGCAGGGCCATGGGCGGGGGCGCGGGGAGACGGGAGTATCGGTGGGTCGGGGAGCCGACGCGGGCCCTCGGGTTCATCGTCCGGGACGGGCACGCCTCGGCGCTTCTGGACCGGGTCATCAGGCCCCGCCGCGCCGCGATCGCCTGACGGCCCTCCCAGTCGGTGGCGTCTCTGCGCGGCCGAAGCCGACACGGTTGCCCATGGAAGTATTTGGCGGCGGGCCGATGCTGCGCATGCGTCGGCACCCGGCCGGAGACTAGCGGACGACGGTGGCTTGAACCAGTCGGGTCTGCCCCAGGGCGTCCAGTCGGAGGAGGTACACCCCGGCCGGCAAGCGGCTCGCATCGAAGTCCACCGAGTAGGAGCCCGGCGGGTAGGTCCGGTCCGCTAGGCGGGCCACCAATCGGCCGCGCACATCGAAGGCGCGGATCGTTGCGTGCGCAGTCGATCCTACCGAGAACGGAATCCGGGCCCGGTCGCGCACCGGGTTGGGCGAGGGCGACCCCAGAACGAGCGCTGCATCGGGTGCCGACGGATCGGCCGAGACGCCGCGCGCCCCGACGAATCCGACGGGGTCGTAGTCGCCGCCAAGGATGCCGACGAGGTCGGTGGGTTCGAGTCCGAGCCAGGAGCCGAGCGCGGCGGCATAGACGGACCGGAAATCCGTCGAGTGGCGCACGTTGCCCGTGTTGTCCAGGTCGCTGAGGTCCGGCGCCGCGCCGAAGAAGCCGCCCTGTACCCCCTTACCCAGTGCGAACAGCGGGGCGGCGGTACCGTGGTCGGTGCCGTTCGAGCCGTTCTCGGCGACGCGCCGCCCGAACTCGGAGAACGTCATCGTCAGGACGCGCTCGTCGTCCCCGGACGCGCCGAGGTCGGCCTGGAATGCCGCCAGCGCGCCGCCGAGTTGGCCGAGAAGGGTCTGCTGACGGTCGAGCTGGTTGGCGTGGGTGTCGAACCCGCCCAGCGAGACCAGGTAGATCCGGGAGTCGAGGCCCCCTTTGATGAGCCGAGCGACCGCGGCCAGGTTGTTCGCCAGCGTGGACGACGGGTACTCGACGGCGTTCGTCCCGTCGGTGCCGGCCTGCTGAACCGCGCCGATGTAGACGTTCGAGGCGTTCGAGATGGCGCGGATGAATCCGAGCTCCGAGCCCGACGGCGTCGGAGCGATGTCGCTGGGGTCGTAGAGCCCCTGCCCGGCGACGATCTGTTCGAGCAGGTTCGTGCTCGCGATCCGCATGCTGAGGTCGCTCTCTCCGCTCTGGAACAGCAGCGGGTTGTACGATCCGAGCTGGACCGCCGGCGGGTGCTCCGGGAGCTGGTCTTCGTACGTCGGAAACGCGGTGCGAAGGCCTCCGCCGACCCAGCCGCCGTCGTAGCGGTCCGGTTCCGTTCGGGCCGTCGACCAGATGTCGGTCGCCGCAAAGTGCGACAGGCTGGAGTCGTCGTAGCCGACCCCGTGGACGATGCCGAGGTGGCCGTCTCCCCACAGCCCTTCCAGCGGAGCCAGCCCGGAATGCATCCCGACGTCCGCGCTGAGCGCCACCGTGTCCTGGCTGGCGATGGCGATCGACGGGCGCGCCTGGTAGTAGAGGTCGTTGCGGATCGGGACGATGGTGTTCAACCCATCGTTGCCACCGGAGAGCTGGACCAGCACCAACACCCGGTCCGTGTCGAGCGCGGAGAGGCGACCTAGCAACGAGCCCCCGTCGAGGGCGTAGGCGCGGGTGCTGCCCAGAGTGACCGCCGCCGCCGTTCCGAGGCCGGCGCGGAGGATGAAGTCCCGGCGCGTCCAGTCGTGGTGGTCGCGATCGTGCGCGGCGCCGTGGTCGAGAGAAGCTGCGCGGGGCCGATGCGCGTGGGAGTGGCACATGGCTAGAGGAGCTGGTACTCGGGCAGCCGAGCGAGAAACTGAAGGGTCGCCCGGATGCGAGCGGGGGCGGTGGACGCCTTAGGGTTCCACTCGTAATCCGGAATGCCGGCGAGGAGAATCTCGACGGCTTCAGTGCGCGTGGGCTCGGGCACGGGGACCGAGATCATCCGGTCGGCGAGATCGTCGACGAGGAGGTACGGATCGAACGGGTTCGGCAGGGAGAGCGCGAAATCCTGCGCGATGGAGCCTCGGCTTATCACGTCGTCGCTGGTGAGCCACCGCGTC
CP177355.1_gap64	2540385	2544962	4577	TTCCGAGCGGTGTTCGACGACGTGTGCCGCGAGCTCGACGCCGAGGGCGCCGACTACGGCGGCGACGTGCCCCTGGGCATCATGGTCGAGGTCCCGGCCGTGGCGCTCCAGGCGGAGACGTTCGCCGCGCAGGTCGACTTCTTCTCGATCGGGACCAACGACCTCACCCAGTTCACCCTGGCCGTCGACCGGGGCAACGACCTTGTGGCCGATCTTTACCGCGAGCTCCACCCGGCCGTGCTCGCGCTCGTCGCCCGGACCGCGGCCGCCGGCCGGGCCGCCGGCATCCCGGTCTCGGTCTGTGGCGAACTGGCCGCCGACCCGCGCGTGACCCCGCTGCTCGTCGGGCTCGGCGTCCGGTCGCTCAGCGCTTCACCGGCCTACCTGACGCTCGTCAAGCGCGTGCTCCGCGCCTTCACCCTCGCGGAGGCCGAGGCGCTCGCCGCCCACGCGCTGCGCCAGCCCGACGCCGACGCGGTCCGCGGCTTGCTCGACGACTTCCTAGCCTGCCACAACCGCGACCTCGCGGCCCTCCTCGGCCTCGACGCCGATACCTGCTAATGACCCTCTACGACCCGTCCTTCGACCCCGGCGACATGCGCGCCGCTGTCCGGGCCTTCCCCGATCACCTCGCCCTGGGCTGGGACCGGGGCGCGGCTCTCGCCGACCTCGGCCTCGACGCGTCTACCCTCGACGGCATCGTGCTCTGCGGCATGGGCGGCTCGGCCATCGGCGGCGACCTCGTCCGGGGCCTCGTTGCCCCGACGTCGCCGCTGGCGATGACCGTCAACCGGGCCTACGGGCTGCCGGGCTGGGTGGGGGAGAAGACGCTCGTCGTGGCGTCGAGCTACTCGGGCGGGACGGAGGAGACGCTGTCGGCGTACGCCGAGGCGACCTCGCGCGGCGCGACAATCCTGGCGATCACGTCGGGCGGGGAGTTGGCGGAGCGGGCCGCGGAGGCGGGCCACGCCACCGTCACGATCCCCGGCGGGTTGCAGCCGCGAGCCGCGCTCGGGTACTCGCTCGGGGTCGGCCTGCGGCTGGCGCAGACGCTGGGCCTGGCGGAGCTGTCCGACGCGACGTTCGCCACAGCCCTCGACGCGGCCCGCCGCCGCGCCACCCGCAACGACGAGGACGGGGAGGGCAACCAGGCCCGCGACCTCGCGGAGCGGTTCGAGGGCGCGCTGGCGGTCGTGTACACCGGCCCGGGGCTGCTGGAGCCCGTCGGGATGCGCTGGCGGACGCAGATCCACGAGAACGCCAAGCACCCGGCGGTCGGCAACGTGCTCCCGGAGCTCGACCACAACGAGATCATGGGCTTCGAGGCCGGGCCGCGCGAGCTGCTCACTCGGATGCAGGTCATCGCCCTGCGCGACGCCGAGGAGCACCCGCAGGTCGCCAAGCGGTTCGAGGCCACCCGGGCGCTCGTCGCCCCGTCCATCGGTGGGTGGACGAAGATCCCGGCGGAGGGAGAGTCGCGCCTCGATCGGATGCTGGCGATGATCCAGCTTGGCGACGCGCTCAGCTTCTGGCTGGCCGTGCGCAAGGGGGTCGACCCGACGCCGGTCGAGACCATCCAGCAGCTCAAGAAGACGCTGGCGTAGGCCGTCGCTATCCTCGACGCTCACCCCCTGACCGTCGATGCGCCCGCTGTTCGTTCTCGCCCTCGTCCTCGCCGGACCGCTCGTTCAGGCCCAGTCTGAGATCCCCGCCATCCTCCCGATGCGCGAGCGGGCGGCGGTGCAGGACGCCTGGCTCCAGATGCGTCTCGACGCGGTCGTCCCGGCGCTGATGCGGCGCGAGGGGATCGACCTGTGGATCGTCTCGGCGCGCGAGTACAACGAGGACCCCGTCATCGAGACGATGCTGCCGGCGACGTGGCTGGCGGCGCGGCGGCGGACCGTGCTCGTCTTTCACGACGACGGGACGGCGTTCGAGCGGCTGGCCGTCGCGCGGTACGACGTGGGACCGTTCCCGCGCGCCTGGGACCCCGAATCGCAGCCCGACCAGTGGGCGCGCGTGGCCGAGATCGTCGCCGAGCGCGACCCCCGGCGGATCGCCGTCAACCGATCCGAGACGTTCGCGCTCGCGGACGGCATCACGGCCTCGGAACTGGACGGGCTGACGGCGGCGCTGCCGGCGCGGTACCGTGACCGCGTCGTGTCCGGGGAGCGGCTGGCGGTCGGGTGGCTCGAAACGCGGACGGAGGCCGAGATGGCGGTCTATCCGACGGTCGTCCGCATCGCGCGCGGCATCTTGCACGAGGGGCTGAGCGAGGCGGGGATCACGCCGGGCGTGACGACGACCGACGACCTGGGGTGGTGGTACCGCGACCGGATCCGGTCGCTCGGGCTCACGACGTGGTTCCACCCCGGCGTCTCGGTCCAGCGCGCCGACGCGCCCGGCACCGGCGACGACTTTTCGAGCCGCCCCGCCGACAACGTGATCCAGCCCGGCGACCTCGTCTGGGTCGACTTCGGGATCTCGTACCTCGGGCTTCAGACCGACACGCAGCAGATGGCGTACGTGCTCCGCCCGGGCGAGACCGCGGCACCGGCCGGGCTGGCGGCGGGGCTCGCGGCGGCGAACCGGACGCAGGACCTGCTCACCGGCGCCTTCGCAAGCGGGCGCTCGGGCAACGACATCCTGCGCGCGGCGCTCGACGGCGCGCAGGCGGAGGACCTCGCGGCGACCATCTACACGCACCCCATCGGGACGCACGGGCACGGCGCGGGCCCGACGATCGGGCTGTGGGACCAGCAGGCCGGCGTGCCGGGGCGTGGCGACTACCCGCTGTACCCGAACACGGCGCACTCGATCGAGCTCAACGCGGCCGTTGCGGTGCCGGAGTGGGGCGGAAAGACCGTCCGGTTCATGCTGGAAGAGGACGCCTTTTTCGACGGCGAGTCGGTGCGGTACATCGACCCGCGTCAGGAGGCGCTGCTTTTGATCCCGCGCCAGCCGTAGCGGCCGGCGGGCGACCGGGCGGAGCCGGTGCACCGGCGCGTTGATCGCCCGCGCTGGCCCGATGACCGCTTGCGCGTGCCGGTTGATCGGGGGGGGGAAGGGCCCAGGGGCTATTCAAGCGGAGGGCGTTGGGGCTGGCGCCCGCCGTCCATCCTGGGCGCGGCGCGGACGGGGGATGGGCGTGCGCCATGGCCACGCACGATTCGGCTCAGCCCGACGGTTCTGCCCTTGCACCCGCGCGCAGGTGTGCCTAGCGTCTGACACCCCCGACCCGATGACCCGGACGACGCGAGCCTTGCGACTGCTGACCGTGGTGGCCGCCCTCATCGGGCTGGCCGCCAGCGCGCAGGCGCAGGGCTTCGGCCGCAACAAGATCCAGTACCAGGGCTTCGACTGGCACGTGCTCCGGACGGAGCACTTCGACGTCTACTACTACCCCGAGGCGGAGGACCTGGCGGCGATCGGTGCCCAGTCGGCCGAGGAGTGGTACGAGGTGCTGGAGACGCGCTTCGACCTGTCGCTGAACCACCGGGTCCCGCTGGTCTTCTACGCGACCAACCTGCACTTTAAGCAGACCAACATTACTCCCGGGTTCATCCCAGACGGTGTCGGGGGCTTCTTCGAGTTCCTCAAGGGCCGGGTCGTGATCCCGGCGGACGGCGACCTGGGGCGGTTCCAACGCGTGATCCGCCACGAGCTGGTCCACGTGTTCACGTTCAACAAGCTGGCGCGCGTGCTCCGCGACCACCGCCGGCCGACCGACCAGTTCCTGCCGCTGTGGTTCACGGAGGGGCTGGCGGAGTTCTGGAGCGGCGAGCCCGACATGCAGCACGAGATGATCATGCGCGACGCCGTCGCGTCCAACTTTTTCGTGCCGCTCCACGACATGGGCCGGATTGCGGGCTCGTTTGTGATGTACAAAGAGGGCGAGGCCTTCTGCCGATTCGTCGCCGAGGAGTACGGCGAGGAGCGGCTGCTGGACCTGATCGAGGAGTCGTGGCGGGGCAGCGACTTTGGCGACGTGCTGGCCGTCGTGCTCGGCGAGGAAGACGTGTCGGACGACTGGGAGGCGTGGATCCGGGCGCAGTACACGCCGAAGCTCGTCGGTGCCGATGTGGCCTCGCTAACGACGGCACCGGTCGCCGTGCGCGGCTTTAACGCCAAACCAGCCGTGTGGACGCGGCCCGACGGAGGGCGCGAGGTCGTGTTCTACTCCAACCGGGGCAGCTACTCAGCAATCTTGGCGCAAGAAGTTGGGCCAAACCTGGAGCCGCTCGGCACGCCGCGCCGGGTCGTGGAGTCCGGCCGGTCGCTCGACTTCGAGGCGTTCCACCTGTTCGAGAGCCGTCTGGACGTGAGCCCCGACGGCGTCCTCGCGTTCGTCTCCAAGCGCGGGGCGACCGACGTGATCCACCTGCTCGACCTGGCGACCGGCGACCGGCTGGCGATGCTGGGCTTCGACGAACTGGTGGCCATTTACTCACCGACCGTCGCCGAGGGCGGCGACCGGGTCGTCTTCGCCGGCATCGACCGGGGCGGGCAGGCCGACCTCTACGTCTACGACCGGGACTCGGGCGTCTTGCGCCAGCTGACCAACGACGCCTACACAG
CP177355.1_gap65	2718568	2723316	4748	ACGACGCCCATCGCGAGCAGGTTGCCGTACTCCTCGGTGCGGGCGTTGAAGCCGTAGTCGGCCTCGCCGTCCTTCACCTTCTGGACCACGACCGAGCCCTCGAGCCCGGCGTTGTTGACGATCTGGCGGAGCGGCTCCTCGAGCGCGCGGCGCACGATCTTGACGCCGATCTGCTGGTCCTCGTTTTCGACCTCGAACCCGTCGAGGGCCGAGAGCGCGCGGACGAGCGCGACACCGCCGCCGGGCACGATGCCCTCCTCGACGGCCGCGCGCGTGGCGTGCAGCGCGTCCTCGACGCGGGCCTTCTTCTCCTTCATCTCGGGCTCGGTCGCCGCACCGATCTTGAGAACGGCGACGCCGCCGGACAGCTTGGCGAGCCGCTCCTGGAGCTTCTCACGGTCGTAGTCCGAGGTCGTGTTCTCGATCTGGTTGCGGATCTGGCCGATGCGGCCGGTGATCTCCTCCTGCGTGCCGGCACCGTCGACGAGGGTCGTGCTGTCCTTCGTGATGACGACGCGCTGGACCTTGCCGAGCGAATCGAGCGTCGCGTTCTCGAGCTTGTAGCCCATCTCCTCGGACAAGAGCGTGCCGCCGGTCAGCGTGGCGATGTCGCCCAGCATGGCCTTGCGGCGGTCGCCGAAGCCGGGGGCCTTGACGGCCGCGACCTTGAGCGTGCCGCGGAGCTTGTTGACCACGAGCGTCGCGAGCGCCTCGCCGTCGATGTCCTCGGCCACGATCAGGAGCGGGGAGCCCGTCTGGGCCACCTTCTCGAGAACGGGGAGGAGGTCCTTCATCGCCGAGATCTTCTTGTCGTGGATCATCACGACGGCGTTCTCCATCACGACCTCCATCGCGTCCGGGTCGGTCACGAAGTAGGGCGAGAGGTAGCCGCGGTCGAACTGCATGCCCTCGACGGTGTCGAGCGACGTCTCGGTGCCCTTGGCCTCGTCGACCGTGATGACGCCGTCCTTGCCGACCTTCTCCATCGCCTCGGCGATGAGGTCGCCGATCTCGGTGTCGTTGTTGGCCGAGATGGAGCCGACGGAGGCGATCTCCTCTTTGCCACCGACGTCGCGCGAGAGCTTCTTGAGCTCGGCGACGACCTGGATGACGGCCTTGTCGATGCCGCGCTTGAGGTCCATCGGGTTGGCGCCCGAGTTGACCGAGCGCAGGCCCTGGGTCATGATCGCCTGGGCGAGGACGGTCGCCGTCGTGGTGCCGTCACCGGCGACGTCGGACGTCTTGGAGGCGACCTCCTTGACCATCTGCGCGCCGACGTTGGCAATCTTGTCCTCGAGCTCGATCTCCTTGGCGACGGTGACGCCGTCCTTGGTGACGGTCGGGGCACCAAACTTCTTCTCGATGATGACGTTGCGGCCCTTGGGGCCGAGCGTCACCTTGACGGCGTTGGCGAGCGCGTCGACGCCCTCCTTGAGCTGGTTGCGGGCGTCCGCGTCGAATGTGATCTGCTTAGACATAGTCTGGGTTGAGTTGCGTGAGGGGTGGGGGGAGAGACGTGGGCGGAGCGGAGGCCGCTCGACGCCCGGCTCGCTACGAGTTGACGATCCCGAGGATGTCGGACTCGCGCATGATGAGGACGTCGTCCCCGTCGAGCTGGATCTCGGTGCCGGCGTACTTGCCGTAGAGCACGGTGTCGTCGGCGGAGACGGTCATGTCGACCTTGGTGCCGTTCTCGACCTTGCCCGGGCCGACCGCGAGGACGGTGCCGCGCTGCGGCTTCTCCTTGGCGGTGTCGGGGATGTAGAGACCGCCGGCGGTCTGGGTCTCAGCGGCCTGGGGCTTGACGACGACGCGGTCGCCGAGCGGCTTGATGGATGCAGCCATGGTAGGGGGGGAGGGTGGGTCGGAAAAGAGCGGGCGCGAACGCCCGGGGAGAGATTAGCACTCTCCCTGTCAGAGTGCTAGGGTCTTACCAGGCATCTGGCCCAGGGGTCCCGGACAGTCCGTTAAGACAGCGTGAGCGAGCCGCATCCTTGGCGGCTCAGCTACCGTAGGTTTCGGCATGGAAGTCGCTCCCCTACGGACCGGATGGGTCGTCGCGCTCGGCGTGTCGACCGGGCTCGCGGTGGTGGCCGTCGCCGCACCAGTGGTCGGCGGAGAGGCGGGCGCTGTGATGCATGCCGCCTTCGCGAGCGTCTGTCACCAGCTGGCTGACCGCTCGCCCCACCTCGCGGGCGGTCCGGTCGCCCTGTGCCACCGGTGCTCCGGCATCCTGGGTGGCCTCGTGCTCGGGCTCGCCGCCGCCCCGCTCCTCGGCCGCCACCTGCTGGCGTCGCTGACCACGAAGGCGCAGGGCTGGTGGCTGTTGCTGGCCGTGCTCCCGACCGCCCTCGACTGGGCGCTTGGGGCTTCGGGCGTGTGGGCCAATACCCCCACATCTCGGCTTTTGACGGGCGCCTTGTTCGGCCTGGTCGCAGGCGTGGTGCTCGCCGCCAATCTCCTCACCTCCCGCTCTGCGCGGGCCCCTGCTCTCTCACCCTCTTGAACATGCAACCCAAGGTCCCCTCCATCGCGCTCGGCGCCGCTGTGTACACCGTCCTCGGACTCATCATCGGGTTCTTCGCTCTCAACGCAAGCGGCTCAGCTCAGTACCTGACCGGGGTGCTTTGCTGCCTGGCGGCGATCTCAGGCCCTGCGGTGGCGGTCTGGCACTACACGTCCACGCACGACCTGACCATTCAGGCGGGGACCGGCGCCGGGCTTGGCGCGGCGGCGATCGTGGCAGGTGGGCTCGTGAGCCTCGCCATCACCAAGCTGTTGCAGATGGTGAGCATCTACCCCTCCGATGCCGAGATCATGGACCGCCAGCGCGACCAGCTGATCGCGCAGGGCCTGGAGCCTGAGATGATCGAGCAGTCGATGCAGATGGGCGAGATGATGCAGGGCGTCGGCGGTGCGCTGATCAACATCGTGATCGCGGCGCTGATCGGCGCCATCGCCGGGGCCGTGGCCGCGTCGGTGTTCAAGCGCGGCCCTGCGGGCGACACGCTCGATCCGATGTAGGCGGTCAGCGGCGGTCGCCTTTGCGGCCGCCGCGCTTGCCGAAGACCGTCTGGAGCACGAAGGCGTCGCGCGCCGCGGCCGGGTCGCTCAGCCGTTGGCGCCAGCGCGTCCGGGTCGGCCGGGGCCGTCGCTTGCGACGGAGTCCATGCGGGTCGAAGTCCTCCGAGGCGCGAGCCGGCTCCACGAAGGCCGGGGCCCTCTCAAACCGCTCTTCCGAGTACGGGTTCTCGGCCCCGAAGCCGTGCGCATCGTGGTCGACGGGCACGAGCGCGTCGAACGATCCGGTGGGGGCTGCGAACTCGGACCCGAGCGCAGGGATTGGCCGCGCGGGCGGGGGTGCAGCGGGGAGAATCGGCTCAGGAGCGGGGGCGGCCAGGGGCGCGGTCTGGTCCTCAGGCTCGACACCGCCGGCTTGCGCCAGCGACTGCTCCAGGTTGGCGAGGAAAGCCTCGAACGGCGTGGGGCTCTTTTCAGGACGGGCCCCGCTGACCAGCGGAGTCTGTGCGGCCTGCTTGCGTTTTTGCGCCTTGCGGCGGCTCGTCAGCAAGTAGTACGCCCCGATAAACAACAGGGGCAGGAGTTCGAGAATCGCTTCCACAGATCCGGGGCTGGCGTGCCATGAACGTACGCCGTGCGTCCGGTCGAGATGCAGCCCAGCGCTGGACTACAGGAGTCGAGGGGCGCGGGCCTCGTCGCGGAGCGCCTCGATCACCCGGCGGTTCGCTCGCGGGAACGCGTAGTCGTCCAACTCGGAGACGGAGACCCACGCCCACGGCTCGCCGGTCTCTGTGGCCGGTTCGCCCTCAAGATGGCGGCACCTGAAGGCGTGCATCGTGATCCGAAAGTGAGAGTAGGCGTGCTCGACGATGGCGACAGGCCGTCCGACCTCGACGGCGATCCCCAACTCCTCGGCGACCTCGCGCGCGCACGCCTCCTCCGTCGACTCCCCGACCTCGACTTTTCCACCGGGAAACTCCCACAGCCCCCCGAGCATGGCGTCCTCCGGTCGTCGCTGGATGAGCACGCGTCCGACGGCGTCGAACACGAGCCCGGCGGCGATGGTGTGGTGGGGCACGGCTTTGCGCTTCGAGACGACCGGGTACGCTTCCGGCTCGCCGCCGGCGGCTGCGCGGCAGATCGGGCGGAGCGGGCAGCGGGGGCACGCCGGCTGGCGGGGCGTGCACAACGTCGCGCCAAGCTCCATGACGGCCTCATTCCACCGCCCCGGGTGCTCCCGGTCGAGCAGGTCGTCCGCGAGCCGCTGGAGGGCCGCCCGCGTTCTGCCTGCGCGAGCGTCGGCGTCGATGGCGAAGACGCGCGCCAGCACCCGAATCACATTCCCGTCCAAGACCGCCAGGGGCGTGTCGAACGACAGCGACAGGACGGCGGCGGCTGTGTACGGGCCTACCCCGGGGAGCGCGCGGAAGGCGTCGGGGTCGGAGGGGATCCTTCCGCCATGGTCGGCGACGACGACGCCCGCGGCGCGGTGCAGATTCCGGGCACGCGAGTAGTAGCCGAGGCCCTCCCACAGCTTGAGCACGTCGTCAATGGGCGCCGCCGCTAGATCGGCCACGTCCGGGAAGCGGGCGACGAACCGGCGGAAGTACGGGGTCGCGGTGTCGACGCGGGTCTGCTGGAGCATGACCTCCGAGACCCAGACGCGGTAGGGGTCGCGGCGGCCGTCCGGCCCGGGCTCGCGCCAGGGCATCGCCCGTCGCGCGCCG
CP177355.1_gap66	2724483	2725129	646	CGACGGGCTCCGGCAGCGTGGTCGGACGGGGCCGGGTCGACCTGCGCAACCCCTTCGGCGGTGGCCGCGCGCTGTCGGTCGAGCTAGAGCGGACGCCCGGGCTGGCGTCGTCCTTCCGCGTCGCCGCCAGCGACCCGTTCGTGCTCGGCACACCGATTGGCGCCGGGCTCGCCTTCGACGGCGACGCGCGCGATTCCACCTTCTCCCGCCAGCGGCTTGCGGGCTTGCTGATCTACGCGGTCGACCCCGGCCTCGACCTCGTCGCCAGCGTGGCCGCCGAGCAGGTCCGGCCCGGAACGTTCGGGGCCGGGCTCGTGGATGGGCGCCCGCGCATTCGGCGAACGGACGATGTGCTGGTCGGGCTCGGGGTCGTGGTCCGCCGTCTCGACCGTGCCCGGAACACACGTCGAGGCGTCGAGGCGAGCGTCTTTGCTGAGCAGGCGAGGCGGGCTAGCGAGGCCTTCGAGACGCCGGGTGGCCGCCGGAGACTTACGCTGGCCTCGCGGGGGTACCTCCCGACTCTCGCTCGCCAGACCCTCGTGCTCGGCGTGGACGCGACGGTGACGCAGCAGAGCGCCGGCCCCGACGGGCTCGTGGACGAAGGGGATCTGGTGCGCGTGGGCGGCGCCGCTCGCTTCCGTGGCTA
CP177355.1_gap67	2733227	2734964	1737	GGGCCCGGCGATCTACCGGCAGACGCGTGTAGGGCGGCTCGGCAAGCCGTTCACGATGCTCAAGTTCCGGACCATGGTCGACGACGCCGAGCGCCACACGGGGCCCGTCTGGGCGGAGAAGCGCGACGACCGCGTGACGCCCATCGGCCGCTGGCTCCGGCGCCTGCGCATCGACGAGATCCCCCAGATGTGGAACGTGTTCGTCGGCCAGATGAGCCTGGTGGGCCCGCGCCCCGAGCGCCCGTACTTCGTCGACAAGCTGGTGGACCGGATCCCGCTGTACAGCCGCCGCCACCGGATCCAGCCGGGCGTTACCGGGCTCGCCCAGGTCAAGTGGCGCTACGACTCCGACCTCGACGACGTCCGCCAGAAGCTCAAGTACGACCTGTTCTACATCGAGACGATGAGCCTGGGGCTGGACACCAAGATCCTGTTCCGTACGATCCGCACCGCGCTCGCCGGCGGCGGGCACTGAGCGGAGGGCTGGCGTTAGCAGGTCCGGCGTCCAAGGTTGGGGATTGGAGGTTCGCGGGCGGGTACCTTCGGTGGCCCCTCCCCGGACCCATGCCCCGCCCGACCGCAACCGCCGCCCCCACGGCCGTCGACCTCGACCTGTACCGCGCGCTCCAGATGCCCCGCACGGTGGAGGACAAGATGCTCCGCCTGATCCGCCAGAGCCGGATCTCGAAGTGGTTCAGCGGCTACGGCCAGGAGGCCATCGCGGTCGGCTGCGCGTATGCGCTAGAGGACCGCGACTGGCTGCTCCCGATGCACCGAAACCTCGGCGTGTGGACGACGCGGGGCGTGCCGCTCCGCCCGCTGTTCTGCCAGATGATGGGGCGCGAGGGCGGGTTCACCAAGGGCCGCGACCGGACCTTCCACTTTGGCTTGCCCGAGCGCCGAGTCGTCGGCATGATCTCGCACCTCGCCGCGATGCTACCTGTCGCAGACGGTCTGGGGCTGGCGTCAGCGCTGCGGGGCGAGGATGCCGTCGCACTCGCCTTTACCGGCGAGGGGGCTACACGCGAGGGGGACTTCCACGAGGCGCTGAATCTCGCCGCTGTCTGGAAGCTGCCCGTCGTGTTTGTGGTCGAGAACAACGGATACGGGCTGTCCACCCCGACGGCCGACGCGCTGCCCGTCGCCGACATCGCGGACGCGGCGGCGGGCTACGGGATGCCCGGCGTCGTCGTGGACGGCAACGACGTCGACGCCGTGATCTCGGCCGTCCGCGACGCCGCGGCGCGCGCGCGAGCCGGGGAGGGGCCGACCCTGCTCGAAATGAAGACGTTCCGCGTGCGGGGCCACGAGGAAGCGTCGGGCACCAAGTACGTCCCGGACGCGCTCATCGCCGAGTGGGAGGCCCGCGACCCCATCGCCGGCTACCGCCAGCGGCTCCTCGACGCCGGCATCGCAGAGGCGACTCTCGACGCCATCGACGCCGAGCTGGCCGACGAGATCGAGGCCGTCGCCGAGTGGGCGCTGACCCAGCCCGAGGTGACCTCCACGGACGCCGCCGAACACGTCGACTTGTTTGCCCCCGCATCGTTCTCGCCGGCCCCCGCAAGCCCCGCCGAAGACGGCGTGCGGTTTATCGACGCCGTCACCGCTGGACTCCGGGACGCCTTCCTCGGCGACGACTCGGTGTTGCTGATGGGCCAGGACGTGGCCGAGTACGGCGGTGTCTTCAAGGTGACGGCTGGGTTCGTCGAGCAGTTCGGCGCCGACCGCGTGCGC
CP177355.1_gap68	2755438	2759386	3948	CATCTGGTCGACCCTCGCATGGATCCGGGCGTACAGGTCCTCGCGCGGTCGATCGAGCACGACCAACCTCGACGGGACGCCAGGGCGTTGGGACTCCGCCCATAGCTCGGACGGACGCCGGCGCGTGCTCCTTAGCACACCGACCCACCGAATCAGGCGGTGGGACTTGGTGGGATCGAGGGTCCGTGCAGCCTCCGGATCTGCATTTCGCAACTCCTCGAACAAACGGCTGGCCCCGCCAGACTCGGTGACCTCCTCGGTGAGCTGGTGCTCGATGTCTGAGGGGACGGGGGGGAGGTCCGCCAACCCATCCACGAGAGCGTGAACGTAGAGCGTGGATCCGCCCACAACGACGGCCGGCTTGCCCCGCGATGCCAGCGTCTCGATGCTGCCCTTCGCCAGCTCCAGCCAGCGACCGGCGGTGATTCGCGTCCCAGGCTCTACTACGTCGATCAAGGAATGGGGCACACGAGCGCGATCTTCCGGCGAAGGCTTGGCCGTGCCGATGTCCATGCCCCGGTAGAGCTGGCGGCTGTCGGCCGACACGATCTCGCCTCCGATGGCTTCCGCCACAGCCATCGCCAGTGACGATTTTCCGACCGCCGTCGGGCCAGCGAGTACGAGCACGGGAGGCGTCACGGGAGACGCCGGAACGCGTCGAGGCCTCCTCGGAGGCTGAGAACGCGGTGGCCCTGCTCCGCAAGCAGCCGAGCAGCCTGTGCAGACCTCCCTCCGGCTTTGCAGTAGACCACGACCTCCTCCGACTTGAGCTTCTCCAATTCGAACAGGCGGGCCTCGAGCAGTCCCAGAGGGATATGGGTGCCACCGATGTGGCCCTCTGATCGTTCCTCCGATTCGCGCACGTCCAGCAACTGCAAGCCGCCGGATGCCATCCGCGCGCGCACCTCTCTGGGAGAGATCTCGCCAGCCTCCACTGTTGGTGGTAGCCGGCCCAGGCCGCACGCGGGGCACTGGGGATCCCGGTCGATACCGATCTCGCGAACCTCGACCGCGAGCAGGTCGATCATCAAGAGCCGCCCGATCAATGGGTCTCCGATGCCAAGCAGCAGCTTGAGCACCTCCGAGGCCTGGATCGTCCCAAAGAGCGAAGGCACGACGCCGAGGACACCGCCATCCGCGCAGTTGGGGATGAGGCCCGGCGGAGGCGGTTCAGGGAAAAGGCACCGGTAGCACGGCCCGCCGGCGGCCGCGAAGATGGAGGCCTGCCCCGAGAACGGCCCCACCGAGGCAAAGACGTCCGGCGTCCCCGTCCGGACGGCGGCGTCGTTGACCACATAGCGCGTGGCGAACGTGTCGGAGCCGTCGACGACGACATCGTACCCCGCTAGCAGGGCATCGGCGTTGCCGACGCCCAATCGTTTGGGGTGGCTTACGACCGTTACCTCCGGATTCACGGCTTGGAGCCGATCCAGCGCTGCATCGGACTTGGGACGCCCAATATCTCGCGTCGAAAACAGGGTCTGCCGATGCAAGTTCGTGATATCGACATCGTCGAACTCTACGAACCCAACGCGTCCCACGCCCGATGCGACGAGATGGTGCAGCGCTGGCGAGCCGAGCCCGCCCGTTCCCACGACGAGGCAAGAGGAGTCCGCCAGCCGCTGTTGGCCGGCTTCTCCGATCTCCGGGAGCTGAATCTGCCGCGCGTACCGCTGGCTCTGGCCGGGTCTCATCACTTGGTGTCGAGGTAATGCAAAACGACACGAGCGGCATTCCGTCCGGATGCCCCCATGATTCCGCCGCCGGGGTGCATGCTCGCGCCTGTCAGGAAAAGTCCATCTACCGGGCCTCGGTAGTCGGAGAGGGAGGTCGATGGGCGCAGGCTGAACATCTGGTCGATGCTCATCTCGAGGTGCATCACGTTCCCCCGGAACAGGCCGAGCTCGCGTTCGAGCCAGAGCGGATGCTGGAAGAGGCTCCCGACGACGGAGGCCTTGGTCCCCGGTGCGTAAGGCTCAAAGGTATCGAGGATCCGGTCGGCCACCTCGGCACCAATGTCATCCCAGTGCCGCCCACCCGTCATCTCATAGGGGAAGTACTGCGCCCACAGCCAGAGCACCTCCCCGCCAGGCGGCGCGAGCGTGTCGTCAACGGCCGAAAAGCTCATCCCGACGATCGGCGGGTCGGTCGCCGGATGGCCCTTCAGATAATCGGCGTAGGCGTCGAGGATCTGCTGGCGGTCGCGGCAGACGAGTTGGAGCGCAGTGCGTGCCTCGTCGCCCGGGCTTGCGGCGTAGCGAACGGGTTTGTCGAGGGCAAGCCGGAGGATGGCCCCGAAGCCGTTCCCGACGCGCATCCCGTCCGCCTCGGGAGGCCGGTGCTCTGCTGGCAACAGTCGGTCGAGGGTTTCCAGGATGTGGGTGCCCGAGAGCACGGCTCGCGCCGTGTACATCTCTTTCCCAACACGGACCCCTTCCACTTTCCCATTCTTGACCACCAGATTGTCCACTGGTGACGAGGTGTGGATGTCGCCCCCGTGCGCGCGGATCATCGCCGCCAGCGCCTTCGTGAGTCCACCAGACCCGCCCCGAGGCCGGGCGACCCCGCTCTCGTGATACAGCGGATGCCACAGCAAGAACGGCGCACTCATGGCCTCGGTAGGGGGGGGGCCGCTCTGGGCCGCCATCCACACAAGCGGCGTCTTGACCTTCTCCTCGGTGAAGTACTGATCCACCACCTCGCCATACGGGCGCATGATGACCGACAGCGCCTTCTGCCAATCGATCTGGGCCGAGTCACCCATCAAAAACGTCTTCCCGAGTTCGAAGGGGCTGGGGGTCGAGAGGAATACGTCGCGGACGGTTTCCGAGAACGGCCGCCACGTGTCTACGAAGCGCCGGTAGTTGTCTCCCTCACCGGGGAACTGCTGCTCCAAGTGCTGGCACGTGCGGTCCACGTCGCGGTAGATGAACACCGAGCTCTCGTCTTCGTAGGGAGCGAAGAACAGAGGGTCGAGTTCGAGATACTCAAGGCCATAGCTATATAGGTCCAATTCGTCGACGATCGGCGTCAACCGAATGAGGATATGTGCTGAGCCCCCAAGGTCGAACTGGTACCCCGGGACATGCTCCACCGTCGAGACTGCACCGCCGACGATGTCTCGCCGCTCGAACACCCCGACACGGTACCCAGCTTTCGCCGCGTAGGCGGCCGATATCAGCGCGTTATGCCCGGCCCCAACAACGACAAGATCGTAATCCATTAGAGATCGATAAAGTCGGCCGCGCTATCGTTGAGCCGGTCGCGTTGATGAACGTATCGCATCGTAGTCTCGATGCTTTTGTGTCTCGCGTGGGTCTGGACCTGCTGCAAGGAGGCCCCGCCTTCGATCGCCAGCGTGCAACCTGTATGACGGAGTGTGTGGGCGCCAACTCGCGCCGTCACGCCCGCTCGCTCCCCGAGCTTGCGAACAATCTTATAGATGGACGACCCCGACAAACGACGCCCATTGGACTGGTTGGTCGAGAACGACCGCCAGACGGGTCCTGTCCGATAGCCCTGGGAGGCAGCGAACTGGAAGATGGTATCGGCCACATGAGGAGGCACCTTCACGATCTGATTGGCCCCGCCCTTGGCCTCGCGGATCGTCAGCACGGTGTGATCGCCGGCTTGTGCCAGGTCCTCGACGTTCATCGCTGACGCTTCGGATCTGCGCAATACGCAGTGAAGAAGGGTTTTTACGAGGGCAAAATCCCGCCTGCCCGTAGCCGTCGACGTGTCAACCGCATCGAGCATCGCCGTGGCCTGGTCGCGAGTCAGAACGGTCACCAGTTGCTCGTTCGTCGGGGACTTGCGAACCTTGCGAACAAGGTGCCGGTCCGCAGGATTGAGATCCAAAAACCCGAGCGCCGTGAGCCACGCAAAAAAACCCCTCAACGATGCGAGAAAACGCCGCCGCGTCGCCGGGCTCTTGCCATTGGCCTCGAG
CP177355.1_gap69	2942044	2942843	799	GCTGGACGTCTCGGCCCGGACGGCCGCCCGCATGTGGAAGCGGGCGCGGGCCCACCTCCGCGCCTTCCTGGACGATCCCGAGCTGTGACGCGAGGGGCGGACGCGCGGGCCCGGCACGGTGCCATGGCACGACATCGTGGGAAACGTCGCGGATAGAGACAGGCCCCCCAACCGGGGTCCGGCCTGAACCTCTCCGCCATCCTCGGTTCCCCCTCGCTCATGTCACTTCGCTTCCGCCCCCTCTGCCTCGGCCTGTTGGCCGTCGCCCTCGCCGCTCCCGCCCAGCCCGCCCGCGCCGAGGCGCGGACGGCCGCCGGCGCCGTCTTCACCGTCACGACTGCGGCCGATGCCGGGCCCGGGTCGCTGCGGCAGGCGATCACGGACGCCAACGCCAGCGTGGGACTCGACGCCATCGAGTTCTCGATCGACGGGGGCGGCTCGTATCAAGAGATCTTCCTCCTCTCGACGCTCCCCCACATCACCGATCCGGTCACCATCGACGGGGATACGCAGGGGTGCGACACGTCCGAGGGCAAATGCATCCGCCTCGATGGCGACGCGCTCGTCGACGACCCGACAGTGAACGACGGTGGCCTCATCTTGCTCGCGGGAGGGAGCACCGTCGATGGGCTCGTGCTCACCCGATTCTACCGCGACGACGTCCTCGCTGCGATCGGCATCTACTCCGCCGACAACGCCATCACCGGGTGCTACGTCGGGACCGACCGCACGGGCATGATCACGGACCCCGACGGGACCCCTGACTCCGGCGACGAGCTCGGCAACGGGTTTGGCATTG
CP177355.1_gap70	2975932	2977028	1096	GGCCGCGCTGGCGACGGACGCGCGAGCGGTCGGGCGGGTGTTCGAGGCCAAGGAGCGGCCGGCCGACAACCCGTTGATCGTCCACCTTGGCGACGCGGCCGACGCGCGCGCCGTAGCGGTCGTGACGGCGCTCGGCCGGGCGTTGCTGGCGGCGTTCGCCCCCGGGCCGCTCACAGTCGTGCTCCCCGCACGAGCCGGACTGCCTGAGGCCGTGACCGCTGGGCTCGACACCGTCGCCGTCCGGGTCCCTTCCAGCCCCGAGGCGCGCGCCGTGCTTGCGGCGCTGGCGGCGCCCCTGGTCGCGCCGTCGGCGAACCGGAGCGGGCGGCCCAGCCCGACGACGTGGCAAGCGGTCGCAGCCGACCTCGACGGCCGGATCGACGCCATTTTGCAGGGCCCCCCGGCAACCGTCGGGCTCGAATCGACGGTCGTGGACGCGACGGGCGACGCGCCCCTCGTGCTCCGTCCCGGGGCCATCACACTGACGCAGCTGCAGGCCAAGTGGCCGCGCGCGACGTCGGTCGGGACCGCCCACGACGCCAGCCGCCGATCGCCCGGCACCCGCCACCGGCACTACGCGCCGCGCGCGCGCGTCCGGTTGGTGGCGACGGCCGACGCCGCGCACCCGGCGCCCGATGCGGCCTTTATCGGCCTCGACGCCCCACCTCCCGGCTTCGCCCTGACCGTCGCCTGTCCCACCGTCGCCGACTACGCGCACCGCCTGTTCGACACTTTCCGCCGCGCCGACGCCCTCGGGCTGGCGCGGATCGACGCCCAACGGGTTCCCGACGAGGGGCTGGGGACCGCGCTGCTCGACCGGCTCCGCCGCGCGGCTGAGGGCTGAGGTCCGCCCGCTATCCGCCGATGACGCCCCGGCCGATGTACATCAGCACGAAGATGCCCATCCAGACGGCGTGGCCGATGCCCAGCCCCAGCGCGATCCGCTTGCGGCCCGTCTCGGCGACCGGCGTGCCGGCCCCGTTGGTGAGCCCAGCCCACCCTGGACGGATCAACCCGAACTGGACGACCACCAGCACCAGCCCGAGCGTCAGCGCGGTGTGGTACGGCCAGGCGTTGTACTGCGCTTCAAGGCCGA
CP177355.1_gap71	2978443	2981628	3185	TCCGAGCGGCGCCTGCCGGCGTCTTCGCCGAGGCCGGCTACGCGTCGAGCAGCGCCTCCTGGCCGTTGACCGAGACCTCGTCCTCCGTCGCCGCGTCAGGCTCAACGGGGGCGTTGGGGTCGGGGATCATGCCGAGGGCGACCTTGACCGAGTTCTTGACGGCCTCGCGGCGGTCGTCGTTCGTCTTCAGCCACTCCTTGGTGACGTCGCGGCCCTGGCCGATGCGCTCGTCGCCATACGAGTACCACGAGCCCGACTTCTGGATGATGTCGTGCTCGAGCCCGAGGTCGACGAGCTCGCCGAGCGACGAGACGCCCTCGCCGTAGATGATGTCGAACTCGGCCTGCCGGAACGGCGGGGCCACCTTGTTCTTGACCACCTTGACGCGCGTGCGGTTGCCCGTCACCTCCTGGCCGTCCTTGATGGCGCCGATGCGGCGGATGTCCATCCGGACCGAGGCGTAGAACTTGAGCGCGCGGCCACCAGCGGTCGTCTCGGGCGAGCCGAACATGACGCCGATCTTCATCCGGATCTGGTTGATGAAGATGAGGATCGTGTTCGTCCGCTTGATGGTGCCGGTGATCTTTCGGAGCGCCTGGCTCATGAGCCGGGCCTGGATGCCGACGTGGCTGGCGCCCATCTCGCCCTCGATCTCGGCCTTGGGCACGAGCGCGGCGACGGAGTCGATGACGACCACGTCGATGGCGCCGGAGCGGACCAGCATGTCGCAGATCTCGAGCGCCTGCTCGCCGGTGTCCGGCTGGGACATCAGCAGGTTGTCGATGTCGACGCCCAGCTTCTCGGCGTAGGTCGGGTCGAAGGCGTGCTCGGCGTCGATAAAGGCGCAGGTGCCGCCCATCTTCTGGGCCTCGGCGATGATCTGGGTCGCCAGCGTCGTCTTGCCGGACGACTCGGGGCCGTAGATCTCGATGATGCGGCCGCGTGGGACGCCGCCGATTCCAAGCGCGTGGTCGAGGGTGAGGGAGCCGGTGGAGACGGCGTCCATCGAGACGGGCGGGGCGTCGCCCATCTTCATCACGGCGCCCTTGCCGAACTGCTTGTCGATCTGCTTCATCGCGAGATCGAGAGCCTTCGACTTGGCGGCGGCATCAACGGGGACGGTGGCGGGGGACTTCGCCATGAGGGCAAGCTCCGAAGAGCGGGTCTGTGGATGTAAAAGGGCCGGGTGCGTGGCCCCTCAGGCAATGGGAATGCGACAGGGTACGCAGGCCGGGTGACACCTCCGCGTCACGCCCGTCCCGTGCATAGACCCTCGCGCCGTGGATCACATAACCTCGGGGCGCGAAAAAAGTTTGGCCGGGCCCGTCACGAGCCCGGGCGCTCAGGGCTCAGCCGTCGGTGCGACGCGCCAGCTGGCGGCGCGCGAGGTCGAGGACGGCCGTCGCCGACAGCGCGATGTTGACGGCGCGGTTCGGCGTCAGCTTGAGGTGGACAGCGCGGGCGTGGACCCCATCGTCGTACGCGATCCAGACCGTCCCGACCGGCTTGTCGGGCGTGCCTCCGGTCGGCCCGGCGATCCCGGTCGTCGCCAGCCCCACATCGGCGCCGAGCCGCCTGCGAGCGCCCGCCGCCATCGCGAGGGCGACGGGCTCGCTGACGGCGCCGTGGTCGTCGAGGTGTTCGTCGGGAACGTCGAGCAAGTCCCGCTTGGCCGCATTGGAATACGCCACGACGCCGCCACAGACGACCGCGCTGGCGCCCGGGATGGCGGTCAGCCGCGAGAGGACGGTGCCCCCGGTGCAGCTCTCGGCGACGGCGAGCGTCTGCCCGGCGGCGCGGAAGGCGTCGAGCACGACGGCCTCCAGCGTCGTCTCGCCCTCCCCGAACGCCAGCCGTCCGACCGCGCCCCGGACCGTCTCGAAGGCGCCGTCGAGATCGGCTTGCGCGGCGTCGCGGCTCGGGCCCCGGGCCGTCAGCCGGACGCGGACGTGTCCGGTGCTCGGCAGGTACGCCAACTTGACGGCGTCGGGCAGCGCGGCCGCCGCGTCGATCATCTCCGACAAGTCGCTCTCCCCCTTCCCCACCGTCAGCAGCGTCCTCGAGAGCACGACGCCGTCCTGACGCTCGACGAGCCGGGGGAGCACGGCCCCGTTGGCGATGGCCTCCATCTCGTGCGGCACGCCGGGCATCACGGCGACCATCCGCCCCTCGCCCTCCCCCCACAAGCCGGGCGCGCTGCCGGTCGGGTTGGGAAGCGCGTCGAACCCGGCGGGCACCTCGGCCATCACGCGGCCGACAGCCGGCATGGTCCGCCCCCGCGACGCGTAGCGGGCCTCGATCCGGTCGAGCACGTCCGGGCGGAACTCCAGCTCGCGACCGAACACCTCCGCGACCGCCGCCTTCGTCACGTCGTCGTGCGTCGGCCCCAGCCCGCCCGTCACGATGACGACCGCCGCGCCGTCGGCGTAGGCGCGCTCGAGGGCGCGGACGATCTCACCGTGGTCGTCGCCGACCGTCTCGGAGCGCCGAACGTCGACGCCGGCCGCTGCGAGCCGTTCGCCGAGCCACGCGGCGTTCGTGTCGACGATCTGCCCGAGCAAGATCTCGTCGCCGACGGTCAGGAGGTGGCCGGTCATGGCAGGGGAAGAGGAGATGTGGGAGTGAGCTGAGGACGAGCGGGCTTGCGAACGGTTCGAGCGATTCGCACCTCCCCGGCTCGGACACTTACCCTCCCTGCTTTGCCATCCACCGCTCGCTCCAAGCACGCGGGTCGCGGCGCCAGTCGTCGAGCGTGTCGCGGTCGGCGTCCGCCAGCATGCCCGTCTCGCGAGCCCCGTGCGCGAGCGCGTCGAGGCCGGTCAACGTCGCCAGTGAGATGCCCGCCTCGTCGAACGCGGCCTCGGCCTCGGGGAATCCGTACGAAAAGACGGCGACGATCGCGACCACGTCGACGCCCCGCTGGCGAAGCGCTTCGGCGGCCGAGAGCGCCGAGCCGCCGGTCGAGATCAAGTCCTCGACGAGGACGACGCGCGCGCCCTCCGCGACGGCCCCCTCGATCCGGTTTCCCTTGCCGTGCCCCTTGGGCGCCGAGCGGACGTAGCTGAACGGAAGGCCGAGCCGATCCGCCAGCAGGGCGCCGTGCGGGATGCCGGCGGTCGCCGTCGCCGAGATCGCGTCCGGGGCGAACGAGCGGGCGATCTCCACGAAGGCGTCGGCGATGCGAC
CP177355.1_gap72	2982722	2987471	4749	GCAACGAGCCTGTCGTCGTCCCCAACGCCGAAGGCGGCCGGACGACCCCGTCCGTCGTCGCGTTCAAGAAGGACGGCGAGCGCCTCGTCGGCGCGCCGGCCAAGCGCCAGGCCATCACCAACCCCCAGAACACCATCTTCTCGGCCAAGCGGTTCATGGGCCGCCAGCACTCCGAAGTCGCCGAGGAGATGAAGACGGTCCCCTACACAGTCGCGGCCGCCGACGGCGGCGTGGCCCGGATCCAGGTCGAGGTGGGCGGCGAGAACAAGCTGTACACGCCGCAGGAGATCTCGGCGATGGTGCTCGCGAAGCTCAAGCAGACCGCCGAGGACTATCTCGGCGAGCGCGTGACGGAGGCGGTCATCACCGTCCCGGCCTACTTCAACGACGCCCAGCGCAAGGCCACGCAGGAGGCGGGCCAGATCGCCGGCCTCGAGGTCAAGCGCATCCTGAACGAGCCCACCGCCGCCGCGCTCGCGTACGGCCTCGACAAAAAGTCCGAGGACGAGATCATCGCGGTCTACGACCTCGGTGGCGGCACCTACGACATCTCCATCCTGGAGCTCGGCGACGGCGTCTTCGAGGTCAAGAGCACGAACGGCGACACGCACCTCGGCGGCGACGACTTCGACCAGCGCCTGATCGACTGGATCGCCGACGAGTTCAAGCGCGAGGAGGGCATCGACCTCCGCACCGACCCGATGGCGCTCCAGCGCCTCAAGGAGGCCGCCGAGAAGGCCAAGATCGAGCTGTCCGCCGCCTCGCAGACGACCATCAACCTCCCGTTCATCACGGCGACGCAGGAGGGCCCCAAGCACCTCACGCTCGACCTCACGCGGAGCACCTTCGAAAAGCTCGTCGACGACCTGGTGCAGCGCACCATCCCGCCGATGCAGAAGGCGCTCAAGGACGCCGGGCTGACGAAGGAGCAGGTCGACGAGGTCATCTTGGTGGGCGGCTCGTCGCGCATCCCCAAGATCCAGGAGGTCGTCGAGCAGTTCTTCGGCAAGAAGCCGAACCGCTCGGTCAACCCCGACGAGGTCGTCGCGCTCGGCGCGGCGATCCAGGGCGGCGTCCTCTCGGGCGACGTCTCGGACGTGCTCCTGCTCGACGTGACGCCGCTGAACCTCGGCATCGAGACGTTGGGCGGCGTGATGACGCCGCTCATCCCGGCCAACACGACCATCCCGACGCGGAAGTCGGAGACGTTCTCGACCGCCAGCGACAACCAGCCGTCGGTCGAGATCCACGTGCTCCAGGGCGACCGCTCGATGGCCGTCGACAACAAGACGATCGGCCGGTTCCACCTCGACGGCATCCCCCCCGCCCCGCGCGGCCTGCCCCAGGTCGAGGTCACGTTCGACATCGACGCCGACGGCATCCTGTCGGTCTCGGCCAAGGACAAGGCGACCGGCAAGGAGCAGTCGATCCGCATCGAGGCCTCGTCCGGCCTCAGCGATCAGGAGATCGAGGACATGCGCCGGTCCGCTCGCGAGAACGCGGCGGAGGACGCCAAGCGCAAGGACTCGATCGACAAGCTCAACCAGGCCGACAGCCTGATCTTCTCGACCGAGAAGAACCTCGCGGACTACGGCGACAAGCTCCCGGCCGAAAAGCGCTCTCAGATCGAAGCCGGTTTGGAGCGCCTCAAGGAGGTCCACAAGGGCCAGGACCTGGAGCAGCTCGAGTCGGCGATGGAGCAGCTCAACACGGCCTGGTCCGGCGCGGCCGAGGACCTCTACCGCGCCCAGCAGGCCGAGGCCGAAGCCGGCGGCGCTGAGGCCGCGGCCGACGCTCAGGCCGGCGAGACCGCCGAGGCGACGGACGCCACGGAGGACGCCGACTTCGAAGTCGTCGACGAAGGCGACGCGACGACCTAGCGTCCGTCACCGGTTCGATCCGATGCCCCGGCCGCTCACGCGGCCGGGGCGTTTTTGTTGATGGGCCCTGTGGGCATCTGCGAGCACCGAGCCGACCTGGCCATCGCCGGCTCGGAATCCGGTGAGAAGAGGCCCGGGGCGGCCTCCTTCGCTCACCTGCCGTGCGTCGATTCCCTTTTTTCGCGCTCTCCATCCTGCTCTTCGCCTGCGGCGTCGACGGTGAGTCCGCTGCCCAGCCCACGGAGCCGAGCGGGACCTTTCCCACGGGCGGGCCGGTGACACCGGTGGCCGGCGAGCGCCAGCGGCTCTCCGTCGCACAGCTCCTCGCTTACCTCCCGGAGACCGCCGACCGCTTCGCCGCCCGGCGGCTCGACAGCAGCGCAGAGTCGGACGAGTTCGACGCGACTGGCGCCGTCTCCGGGGGCGTCACCGACTTGACAGCCACTTACGAGGACACGGAGCCGCGGTCCTCGCTCTCGCGCTTTGCCGTCAGTCTGCGCGACCCGATTGACGAACCGATGACGATGGGCTACGAGCGAGGCCAGATTGACGGGCGGAGCTATGCCGGAATGACGGCCGGGTACAACGGCGTCTCGTTCACCGACGGGACGGCTGGCGGGCTCGCCACGCAAGAGATGCGCGGCGCAAGTGTCGGTCCCATCCTCCGGATGCTCATCGCCGACCGATTCATCGTGACGGTCCAGCAGGCCGGTGGAGACAGCGAGATCGGGGACTTCGTCGAGTCGTCGTTCATCCCTGCCCTCGCCACCGCGCCAGCCTTTGCCGACGCTGGCGACCCGCCCATCCCCGAGTGGGCGGCGACCGGGATGGCCCTGAGCGAAGAACGTCAGGCCCCGGGCGACCGCGAGCGCGAGGCCGAAGGAGCCGAGGCGGCGGCGGCCGGCACGCTCCCCCCCCCCTGCGACGACCTCTTGTCGGCCGACGATGTGGTGTCCGTATTGGGCGCCCAGGTCCGCGTCGTTCCCAGTCCGTTTGCCACCGAGGACGGCAGCGCCTGCACCCGGAGCTATCTGGCCGTGGGCGTGGCCGGGTCCGTGATCCTGATCGTCTCCCACTTTACGCAAGCGCGGCAGGCCGAGGGCGCGCTCCGCGTTGCGAGCGACCACGACGACAAGGTGAGCCTGGAGCCGCTCGCGGGCGGCCTCGACGGCGTTCGCTACACGCACGACCTGACCCCAGACACCCACGTGTCGCACTTTGCGCAAGGCGTCGACTTTGTCGAACTGAAGGCGGCGCCCGGGCTCGACAACGCGCCAGGCGTCACGCCCGATCAGCTGGCCGACCTCACGGCGTGGGCCGACGGCTCCGGGAGTAGGCGCGGAGCGGTAGCTCGGCGGGGCTTCCGTAGGGCGTGCGGATGGAAGCGACCAACGTCGGCCCCGTGCCTACGTTGCTCCGCGTCCGCCCCTCCCCCATGTCCGACCCCGGTTCTCCCCCGCCTGCTCCCCCGACACCCACGGCCCCCGTGGCCGGACGCCGATCGCTGAGTGCTCCGTCCCCGCGCCGCTCGCTTGTGTGGAAGGTGGTCGCTATCGTCGCAATCGTGCTCCTGCTGATGGTCCCACTGTCGCTCCTCGGCGGACTCATCAACGAGCGCGAGTCGCTGCGCGAGCAGGCACGACTGGAGGTGTCTGCCCAGTGGGGCCAGGACCAGACGTTGGGCGGGCCCGTGCTGACGATCCCGTACACGGCGACCGAGCCGGCCCCGAACGGCGGCCAACAGCGGGTGACGCGCTACGCGCACCTCTTTCCCGACGCGCTCGACGTCGAGGGTCGGATGGAGCCCCAGGTCCGCACGCGCGGCATCTTCCGGGTCGTGCTCTACGAGGCGCAGCTGGCCGTCCGCGGGCGCTTCCCGTCGGTCGACTCCGCCGCGTTTGGCATCCCGCAGAGCGCCTTGCGCCTCGACGAGGCGTTCGTGCAGATCGGCATCTCGGACCTGGTTGGGGTACGCGAGCCGATTCGCCTGAGTTGGGACGGTGCCACCCGGGAGGCCGACCCGGGGATCGTCACGAACGACGTGTTCTCGGCCGGCGTCACCGTGCCTGTGCGCGTCGACGGCGACGGTGCGGCCTTCTCGTTCTCCTTGAGCCTCAATGGCAGCGGCAGCCTGGGCGTGCTGCCCGTCGGGCGCGAGACGACCCTGCGACTGAGGTCGCCCTGGGACACGCCCCGCTTTGCGGGCGCCTTCCTACCCGAGGAGCGCGCGGTCGCCGACAGCGGGTTCGTCGCCCAGTGGCGCGTGCTGCACCTCAACCGCAACTACCCGCAGGCGTTCACCGGCGGCTTCGGGCGACCCACAGGCCTACCGCTCCGCCGCGCCAGCGTCGACTATTACGAGATCGAGGCCGCGCGCGTCGGCGGCGCGTCGGCGTTCGGCGTTGAGCTGTTGCTGCCCGTTGACGAGTACCAGAAGACAACCCGCGCGGCCAAGTACGGGGTGCTGTTCGTCTTCTTGACCTTCCTGACCTTCTTCTTCGTCGAGGTCCTGGGGGGCCGACGGATCCACCCGATTCAGTACCTGTTGGTCGGCTTCGCGGTCACGCTGTTCTACCTGCTGCTGCTCGCATTCGCCGAGTACCTGCCCTTTAACGGGGCGTACGGCGTCGCGGCGGCCGCCATTCTGTCGCTGGTGACGCTCTACGCCCGCGCCGTCTTCGGCGGCTGGCGGCTGGCGGCGCTGGTCGGCGGCCTGCTGACGCTGTTCTACGGCTACTTCTTCGTGCTCCTCCAGTTGGAGGCCTACGCTCTGCTCGCGGGGAGCCTGGGCTTGCTCGTCACGCTCGCCGTGGTGATGTACCTCTCGCGCCAGGTGGACTGGTACGGCGACCCCTTCGGCGGCATCGGC
CP177355.1_gap73	3002075	3004561	2486	TCGAAACAACAGCGGCCCCGACTCGCTGGGAATCGGGGCCGCGCGGCGGAGAGGGTGGGATTCGAACCCACGGTACCCGTAAGGGCACAACAGTTTTCGAGACTGCCCCATTCGACCACTCTGGCACCTCTCCGAAGGGGACTGCAAAACTACGCGCGGCGTGCCCTGGCGCCCGGGCCGTCCGGTGAAGAGTCCCGGAACGCGGGCGTCACCCGCCCTCGATGAGCAGGAACGCCGTCGCGAGCGCGCCGAGGTAGACGAGCGCCACCAGCGCCGCCGCCGCCACTCGGGCCACGAGCCCCTTCCGGACCGTCGATCGATACGCGACGTACGCCACCGCGCCCAACACGACCTCGGGGAGCACGACGTACGCGGCGACGGGCCCCACCGTCGCCACGCCGACGGCCCGCCAGATCGGGACCGCCCACAGCGTGGCCTCTGCGGCCACGAGCACGACGCCGGCCAGGACGGCGGCCCACCCGACTCCCCACCCCAGCATCCCACGCGCCAGACGGTCGGCGGCGTACAGCGGCGGCCACAGGGCGACCGTCCACATCCCGGCCATCGCCAGCGGGAGCTCCCAGACGCGCGGGCCGCCAGTGTCGGGGAAGTCGAGGACGCCGAGGACGACGGCGAGGAAGGCGTCGGGGACAACCAAGAAGGCGCCCAACGGGACCAGGAACGCCCACAGGCGCACCCAGTCGGTGTGCCCCCGCCAGTGCCCGACGACGGGCAGGGCCACGTTGTACAGGACGACCAGCGCCAGCAAGCGCCAGCCGAGGTCGCCGACGGGCGCCGCCAACGTGGCGACGGCAACGGCCCCGAACGCCGCGTGCCCCGCGAGCGCGTCGCGGACCGCGCGGCCGGCGGCCCGGCTCGGAGGAGGCGGGGAGAGCGTGCGCACCGGGCTACTCGGCGAGCTCGGCGACTTCCAGGGTCACGTACCGGGGCCGGTCGCCGCTCGGGAGTGCGTCGCCGAGCACGTAGCTCACGAACCGGACCTTGGCGGCGGAGCCGTCCGCGCGGCGGACGACCAGGGTGCGGTCGGCGAGCGGCTGGACGCCGTTGGACTCGTACGAGTACCAGCCGTTGCCGGAGCCGTTGCAGACGACGCGCGCCGCGCCGCGCGGGCACTCGCCGTTGCCGTCCGAGTCGAGCGCCTCGGGCAGCGCGGTGACGGCGTTGAACGGCTGCTCGACGAGCGCGCCGAGCACGGCACCGGGCCCGCTGGCGCCGCCGTTGAGGATCACCTCGGTCCCCCGCAGGCCGATGTCCCAGGCCGCCGAGGCGGAGTCGGCACGGACGGCGGCGTCCCCCGCGACGATCACGGCGCCGTCGCGGAGCGAGAGGAGCGTGAACGGGCCGTCGGAGCGCCCCATCCCGGCGGAGAACGTGGGCACATCCTCGATCAGCAGCGTCTGGGCGCTGGCGGGGAGCGACAACCCGAGGAGGGTCGACGTGGTCAACAGGACGAGGGCGGTCAGTCGGAGTGTCATCATCATCGGGAAGGGCTCGTGGGCAGAGACACTCCAAGCAGCGTCAGCCTGAACCGAAGGTCGCCATAGCTAGCTTGTCGCGGGATCTCCACCGGGCACGAAGTCGCTCGCCAGAGATCGTACGACGCCGGCCCGTTGGCCCTCTGTTCAGGACGACAAGATGGGGGTGATCTGTGTGTTCGGCAAGGTCAGCCGAGGAGGGCGCGGAGTTCGTCGGCCGCGGCCGCGAGGGCGTCGTCCAGGCCCGCCGGGTTCTTGCCGCCGGCCGTGGCGAGGTGGGGACGGCCGCCGCCCCCGCCGCCGACGCGCTTGGCCAACGCCCCGACCAGCTTGCCCGCCTGCACGCCGCGCTTCACCAGGTCGTCCGTGACGGACGCGGCGAGGTACGCCTTGCCCTCGGCCTCATCGGCCGCGCCGAAGACGGCGACGCCGGAGTCGAGCTGCTCGCGAGCGGCCTCGGCCAAATCGCGGAGCGTGTCCATGTCGGCCCCGTCGATCCGCGCCGTCGCCAGCGCCACGCCGTCGATGTCGGCCGCATTCGCCAACGTCTCCCCCAGTCCGGCGGCGGCGTTCTGGCCCTTCAGCGCCGCCAGCTCCGTCTCGAGCGCCTTGACGGCGTCCTGCAGGCTGGCGACGGCGGGCGCGAGCCCGTCGGGGAGCTGCTTGAAGTGGCCGCGCGCAGCGTCGAGCTCGGCGATCTGGCCGTCGAGCCACGCCAGCGCGGCCTCGCCCGCGACGGCCTCGACGCGGCGGACGCCGGACGCGACGGAGCCCTCGGCGGTGAGCCGGAACAGGCCGACCTCGCCGGTGCTCGCGACGTGCGTGCCGCCGCACAGCTCCACCGAGTCGGGCCCGAAGGTGATGACGCGGACGCGCTCGCCGTACTTCTCGCCGAACAGCGCCGTCGCGCCGCGGGACTTGGCCTCGTCGAGCGGCACGTCGCGCTCCTCGGTCTTGGGGATGTTCGCCAGCACGAGGTCGTTGACGCGC
CP177355.1_gap74	3118091	3120473	2382	GGGGCCGTGCCGCTGAGCGACGAGGGCTACCGGCTCACCACCGAGCGCTACCGCACCCGGTCGACGGGGAGCGTGTTCGCCGGCCGCGTCGGCACGCAGGTGGTGGAGGTGCTCCGGGAGGCCGCAGCGCCCGTCCGCGTCGCCGCTCGATGAGCACCCTCCCCTCGCGCGCCGCCGCCCCGTCGGCCCCGCGCGCGCCCTCCTTTGAAGGGACCGTCTCGAAGAGCGCTCGCGAGCGGACCGTCGGCGGGCTCCTCGCCGCCTGCGCCCTCGTCACCGTCGCGACGACGCTCGGCATCGTGGCCGTCCTCGTCTGGGAGACCGTCGGGTTCTTCCGGCAGGTCTCGCCCGTCGAGTTCCTCACCGCGACCGAGTGGACGCCGCTCTTCGTCGGCGGCCAGTTCGGGGTCTGGCCGCTCGTGGCCGGGACTGTCCTCATCACCGTCATCGCGGCCGTCGTGGCGCTCCCGCTCGGGCTGCTGGCGGCCGTCTACGTGAGCCAGTTCGCGAGCGCCGGGGTCCGACGCGTCGTCAAGCCCGCGCTCGAGCTGCTGGCCGGCATCCCGACGGTCGTCTACGGCTACTTCGCGCTGACCTTCGTGACGCCCCTCCTCCAGGCCGTCATCCCCGGGCTGGGCGTCTACAACGCGCTCTCGGCCGGGCTCGTCGTCGGCGTGATGATCCTGCCGCTCGTGGCGTCGCTGTCCGAGGACGCGCTCCGGGCCGTCCCGCGGCGGCTCGCCGAGGGCGCCTACGCGCTGGGCGCGACCGAGGGCGAGGTCGTCTGGCAGGTCACGATCCCGGCGGCGCTCAGTGGCATCGTCGCCTCGTTCATCCTGTCGCTGGGCCGGGCCGTCGGCGAGACCATGATCGTGGTGCTGGCGGCCGGCGCCACGCCCGCGCTCACGCTCGACCCCCGCGAGAGCGTCCTCACCATGACCTCGTTCATCGTCAACGCGACGCTGGGCGACGCGGCCCAGGGCTCGGCCGTCTTCCAGAGCCTGTTCGCCGTCGGCCTCTTGCTGTTCCTGATCACGCTCGCGATGAACGTCGGCGCCCAACGGGTCGTCCGCCGCTTCGCCGAGCGGGCCTAGTCCCGCCCGAGGCCCACGGCACGCCGACCTACCCACCACGCACCACGACTGTGACCGCTCTCTCGTTCGATCTCACCGCGCCGTCGCCCGCGCTCGCCCGTCGGCAGCGCCGGGGGCGCGTGTTGCGCGGACTGTCGCTGGCGGCCGTGGCCGTCGGCCTCGGGACGCTGGCGGCGCTCCTCGGGCAGGTCTTGGTCGACGGGCTCCCGTGGCTCAGCGCCGACCTGCTGACCGAGTACCCGTCGCGGATCGCCGAGCGGGCCGGGCTGAAGGCGGCGCTCGTCGGGACGTTCTGGCTGATGCTCGTGACGGCCACCGTCGCCGTGCCGATCGGCGTCGGGGCGGCCGTCTACCTCGAGGAGTACGCCCGCCCGGGACGGGGTCTGGATCTCGTCTCGGTCAACATCGCCAACCTCGCCGGCGTGCCGAGCGTGATCTACGGGGTCCTCGGGCTGGCCGTGTTCGTGCGCGTGCTCGGGCTCGGGGCCAGCTTCTTGGCCGGTGGGATCACGCTTGCGCTCCTCGTCCTCCCCGTCATCGTGATCGCGACCCAGGAGGCGCTCCGGTCGATCCCCAAGGGCGTCCGCGAGAGTGCCTACGCGCTCGGCGCCACGCGCTGGCAGGTCGTCCGTGCGCACCTGCTGCCCCTCGCGGCGCCCGGCGCGCTGACGGGCGTGATCCTGGCGCTCAGCCGCGCCATCGGCGAGACGGCCCCGATCCTCGTCGTCGGCGCGGCCACGTTCCTGGCCTTCCTCCCGGCGACGCCGCTCGACGCCTTCTCCGCGCTCCCGGTCCAGATCTACAACTGGGCGTCGCGGCCGCAGGACGAGTTCCGCGGCCTCGCCGCGGCCGGCATCCTCGTGCTCCTCGCCGTCCTCCTCGTGATGAACGGGCTCGCCCTCTGGCTCCGCGACCGCGCCGAGCGCCGGACGGCCCGCTGACCTCTCCCCCCATGTCCACGACCACCGCCCTCCCGCCCCGTCCCATGCCCCCCACCGTCCTCCCCCGCCCCGCCGCCGTTCGCGCCGAGGCGGTCGAGGCCCGTTCCGCGCTGGAGGTCCGCGACCTCTCGGTGTGGTACGGCGCCACCCAGGCGCTCCACGCCGTCTCGCTCGACGTCCCCGAGCGGACCGTCCTCGCGATGATCGGGGCGTCGGGCTCGGGCAAGAGCACGCTCCTCCGGGCGATGAACCGGATCCACGAGCTCACGCCCGGCACGCGGACGGAGGGCGACGTCCGCGTCGACGGCCAGTCGGTCTACGGCGCGGCCGACCCGGCGCTCGTCCGG
CP177355.1_gap75	3262670	3265913	3243	GGCGCCCGGGCCAACCACTCCCTCGGCCCCCCTTGCGAGGGCGGCGTCCTCGGCCTCCGGCGTCGCCGCGATCACCAGAACGGGCGGGCGCGAACGCGGGCGCCGGAGCCAATCGGCCAGGTCTCCGGTGCCGCTCGCGAGCACGACCAACTCGGCGTCGCCGTAGCCGAGAGCCGACGGCGCGTCGACGGCGCGCCGGTCGCCGAGCGCATCCGCAAAGGGCGTGAGCGGTCCGCTCCAGACGATGGGGCCGGGCGCGGGCATCAAGCGGTGAGCGCGAGGAGCCGCGACACAACGCGGCCGACGGTGTCGGCGGCCCGGGCGACCTCGGCGGTCGTCGTCGTGCGGCCGAGCGAGAACCGCAGGGTGGCGGCGGCGAGCTCCCGAGGGACGCCGAGCGCCAGCAGCACGTGGCTCGGCTCCAGCGCACCCGACGTGCAGGCGCTCCCGGCCGAGACCGCCACGCCGTCGAGGTCGAGTGCGGCGAGCAGCATCTCGCCGTCGAGCCCGCCCGCGATGGAGACGCTCAGGATGTGGGGCGCGCAGGCGTCGGGCGTGTTCGGGTGGAGCCGGTCGCCGAGCGCCTCACGGAGCCGCGCCAGCAGATCGCGCCGCAAGCCGTCGATGCGGGCGGCGGTCGCCTCGCGCTCGGCCTCCGCGAGCGCGAGCGCCGTCGCGAAGCCGACGATGCCGGCGACGTTCTCCGTCCCCCCTCTCCGGCCGCGCTCCTGCGCCCCGCCCGTCTGCGGCCCCGCGAACGGCGTCCCCGCGCGGACGTACAGCGCCCCGACGCCTTGGGGCCCGCCGAGCTTATGGGCCGACAGCGACAGCAGATCCACGCCGAGCGCGTCGACGTCGAGCGAGAAATGGCCCGCGGCCTGGACCGCGTCGGTGTGCGCGAGGGCGCCCGACTCGTGGGCGACGCTCGCGATCTCGGCGACGGGGTTCACGGCGCCGGTCTCGTTGTTGACCCACATCGCAGACACGAGCCCGGTCGTGGCGTCGCAGGCCTGGGCGACCGCGTCGGGCGCCAGTCGCCCGTCGGAGCCGGGGGGAAGAATGGCGACCGGGTGGCCGGCCGCTGCCAGCGCCTTGGCGGTCGCGAGGACGGCCTTGTGCTCGGTCGACCCGGTCACGAGCCCGGGGCGGTCTGGCTGGGCTGCCAGCGCGCCACGGATCGCGGCATTGTCGGATTCGGTGCCGCCGGAGGTAAACACGACCTCGCCGGGCTCGCAGCCGAGCACGTCGGCGACCGTGCCGCGCGCGCGGTCGACGGCGACACGCGCGCGGCGACCGGCGGTGTGCAGCGACGACGGGTTGCCGACGGCGCCGAGGTGGGGCAGCATGGCCGCGAGCGCCTCCGGGTGGAGCGGCGTCGTGGCGGCGTGGTCGAGGTAAATCAGAGGAGCGGGGATTCGGCGGGCGGGCGCCAGGGCGCGGTGGCTGGCGGGGATCCTACGCACGAAGCGGTCTGAACGCACCGGGGCGCCTCCGACACGCGGAGCCGCCCCAAGGGATTGGACCGACCGGTCGGCGGGCTACCTCGTCTCCTCTGCGGCCGGGTCCTCGGACACGGTCGCCCCCGTCCAGGTTGTGGCGCCCGCGTCGGTCTCGGCCGGGCCGCCGAAGCCGACCGTGCCGAGCGCGACGCCGTCGCCGCCGGTCTCCGACGTCACGGACGCGGGCTCGATAGCGCTGGCGAAGTAGTCCTCGTTGTCGAAGCTGTCGACCTGGATGGCGTCGTTGCGGGCCTCCTCGGCGCGGCGGAGCAGGTCTGCCTCCACGGCCGTCAGGATGCCCGCTTCGACGGCTTGCGGGATCAGCGTGGCCGGGTGCCGGCGGGGCAGCTCGCGGCGCTTGATGGCGTCCTTGACCTTTTTGACGACGCCCTCCGCTTCGTAACACAGCTTCATCGTGGTCTCGAACCGGCCGAGCGCGTGCGTCGGGTCGTCCGACTCGAAGACCAGGCCCGTGAGGCGGTCGCGCTGGGCGCCGGGCACCTGGAGCGCCGCGGCCACCCGGCCGCCGACGGCGTCGGAGGGCAGCGACGAGAGGCGGTTAAAGCGGGACCACGCCGCGAGCGGGCCGCGGAAGAGCCACGTCGCGCCGGGCAGCTGGAGGTTGGCGAACAGGCCGTCGAACGCGTCCTGCATCTGGGCGAACGCGTACTGCATCGAGTAGTCGAGGAACGGGCGGTCTTCGGGGCGCTGGCCCTCGGCCTCGAAGCGGCGGAGCGTGGCGGTGCCGAGGTACATCCACGAGAAGATGTCGGCGAACCGGCCCGTCAGCTTCTCCTTGCGCTTGAGGTCGCCACCGAGGGTGCCCATCGCGAGGTCGGCCAGGAAGGCGAACGTCGCGGACGCCCACGACATCTTGCGCCAGTAGGTCGCGGCCGGGCCGCTCACCGGCGAGCCCGCCAGCCAGCCGCGGCTCAGCGAGAGGCCGATCCCGCGGAAGGCGTTGCGGACGACGTGGCCGATGTGGGGCCAGAACGCCGCGTCGAACGCCTTGGCGTCGCCGGCCATCAGCGCCTGCATCTCGCGCAACGCGTACGGGTGGCAACGGATCGCGCCCTGCCCGAAGATCATCAGCGTCCGCGTCAGGATGTTGGCTCCCTCGACGGTGATCGAGACGGGCAGGCCGATGTAGGCGTGGGCGATCGGGTTGCGCGGGCCGCGCGAGATCGCATTCCCGCCCAGGATGTCCATCGCGTCGTTGACCGCCTTCCGGAAGAGCTCGGTCGCGTTGTACTTCATCATGGCCGTCACGACGGCCGGGGCGGCGCCCTGGTCGAGCGCGCCGTTCGTGTAGCGGCGCGCGGCGTCGAGCGTGTACGCCCAGCCGCCGATCCGCGCGAGCGGCTCCTCGATGCCCTCGAACTTGCCGATCGACAGCCCGAACTGCTTGCGGATGAGCGCGTGCGCGCCGGCGATCCGCGCCGACTGCAGCACGCCCGCCGTGGCGCTCGCGGGCAGCGAGATCCCACGGCCCGCCGCCAGCGACTGCATCAGCATCCGCCAGCCACGACCGGCACCGGCCGCGCCGCCGATGATGGCGTCCTCCAGCTTGACGACGACGCCGTGGCCCTCGGTCGGGCAGTTCCAGAACGGGACGCCGAGCGGGTCGTGGCGCTGCCCGAGGACGACGCCCTCGGTGTCGGCCGGGACGAGCGCGCACGTGATGCCCAAGTCCGTCCCCTTCCCGAGCAGCTCCTCGGGGTCCTCCAGCTTGAACGCCAGCCCG
CP177355.1_gap76	3267340	3268450	1110	ACGCCGGGCGCGTGGTGTGGCTGTCGAGCATCGCCCACAAGGACGGCAAGATCCGGCTCGACGACCTCAACAGCGAGCGGCGCTACGACCCGTGGCGGGCCTACCAGCAGAGCAAGCTGGCCGACCTCATGCTGGCGTTCGAGTTCGACCGCCGGCTCGACGGGACGTCGGCGATCTCACTCGCGGCGCACCCGGGCGTGTCGTCGACCGAGCTGATGGACGACATGGTCGGCGGCTCACGGCTGATGGCGTTCGCGGCAAACGCCGTGATGCCGCTGATCGCGATGCCCGCGTGGCGCGGCGCGCTGCCGTCGCTCGTGGCGGCCGCCTCGCCCGACGTGGCGGGCAGCGCCTACGTCGGGCCCCAGGGCTTCCGCGACATGCGCGGCGACCCGGGCCCGGCCGACGTGGCCTCGCAAGCGACCGACCGCGCCACGGCGGCGGCGCTCTTCGAGGCCTGCGAGCGGCTCGCCAGCGAGACGATGCCGCTCGCCCTCGCCGCCTAGCGCTTGGGCGCTGAGGCGCCGCGCCCGCTCAGCCGCCTGCGGCGACCGCCTGGCGGAGCGTCGGGAGGAACGGGAGGAGCGCCTCGCCGGGGCAGACGGTCTGCCCCGGCGCCCGGTCGCCGTGGCCGGCGACGGCCTCGGCCGGCACGTCCCACTGCCGGGCGATCGCCACGACCAGTTGCGTCAGCGACGCGAGCTGCTGCGGGGTCGGCTCGGTCTCCTCGAAGTTGCCCTCGACCACGACCTGGACGTGGCCCGCCAGCGGGTAGTCGGTGTTGGTCTCGCCCTCGTACCGCACATCGCGCCCCTCCAGCACCACGCCGTCGGTCGCGATGTAGTAGTGGTAGGGGACGTCCGGCCACGCGACCTTCGGGCTGCCGTCGCCGAGCGGGGCGTCGCTCTGGGAGAACGCCTGGAGCGCCCGGAGCTTCTCGGCGTTCGGGCGGTCCGGCTGGGCGGGCGTGCCCGTGTGGTGGACGGTGATGGTGGCCGGCGCGTGGGGCCGCATCGGGCCCGTCGGGGCGAGAGCGCCCCACTCGGCACGGGGGACGTAAGCGAGGTCGGCCGGGAGCCCGACGCGGTTGACGGACGTGGGCGCGGAGCC
CP177355.1_gap77	3452970	3453984	1014	TCTCCAGGCGCAGCTTGCGCGTGACCTCCGCGTGGACGGCCTCGCTGTAGATGGCGACGCCCCCCCGGCCCTCGGCTTTGGCCTCGTACATCGCCAGGTCAGCGTCGCCCAACAGGGCGTCCGCGGTGTCGTGGTCGGGGCGCCCCACCACCAGGCCGAGAGAGGCCCCGGCGTAGAGCGGCCGGCCGTCGATGTCGACGGGTGCGGACAAGTCTTCGATGACGCGGGCGGCCACGTTCTCAGCGTACCCGGGCCGGGGCAGGCCGTCGAGGAGCACGGCGAACTCGTCGCCGCCGATGCGCGCCACCATGTCGTCGGCGCGGACCACGGCGGACAACCGCTTGCCGACCTCTTGGAGCAGCCGGTCGCCGGCGGTGTGGCCGAGCGTGTCGTTGACCACCTTGAAGCGATCGAGGTCGAGGAAGAGCACGGCGAACCCCTCGCTCTCGTCGTACCGCGCAATGACCTCCTCCAGCCGGGCCGAGAAGAGCGCCCGGTTGGGGAGGTCGGTCAGGGCGTCGTGGTACGCTTGGTGGTAGAGCCGCTCCTCCATCTCGACCCGGTCCGTCACGTCGCGCGACGAGGTCTGGAGCCGAACGACGGAGCCGTCCGCCCCGAGGATCGGCTTGGTGAGCGTCTCGAACCAGACGTAGTGCCCCTCGCGGTGGCGGATGCGGTAGACCGCGTTGGCGTCGTCGACGTTCTTGAGCGCCTGGCGATGGCTCCCGTCGCGGATGGCCACCGCATCGCCGGGGTGGAACAGGGTGTAGGGGCTGGTCCCGACGAGCTCCTCTGGTGTGTAGCCGAGCAGGGTCGTGACCGAGGGGCTGACCCATTCGTAGGACCCGTCGGGGGTGTGGAGGGCCACCAGGTCCTGCATGTTCTCGGCGAGCAGCCGGTAGCGTACCTCGCGCGAGCGCAGCTGGGCGTCGGCGGCCACTCGGTCGGTGACGTCGCAGTAGAGCCAGAGGTGGGCGACGTGACCGTCTCCGACCGACACGGGGATGTAGTCGC
CP177355.1_gap78	3455087	3456047	960	TGGGAAGGGGTTAACCCACGCACGTTTAGTGGCCTGTGGCGACCACGTGACGCACCGCCACGCCGCGGGCGCCGCGAATCCGCCCTGCGAAGCGGCCCGCCGACGGCGCCCGCTACGGCACGGCGACCAGCTCAGTGGTCACCACCCGCCTCACATGTCGTACCCCTCCACCCGGACCGGGCCTGGCGCCTCGACCGCCCACCGCACGGCGGTTAGACGACGAGCGAGTCGACGCGGTGTGCGGTGCCGAGACCAGGCTCGACCGGGGGTGAGGTTGGCGGCGAGGGCACGCCATCGTTCGGACGAGATGAGGAGGGAATACCCTGGCCGATCAGACCGGTTACGGCCTAGTCGTTTTCGCCATCGTTTTCGAGGCCCACGACCTCGCCCCACCCCGGCCTGTGAGGTCGCCCCCGCCGCTCGCGCGCCGTTCGAGGCGACGCCGAGGGCTGTCTGGAGGAAGAGTGGACAAACGAGGCGCTCCCACCCTCTACCCCTCCCCTCTTCCTAGCGCGGCGACCACGCGGCCGGGCGCGTCCGCAAAGAGCCCGTCGACGCCGGCTTCGACGAGCGCTCGCGCCTCGGCGCCGAGGTCGCCGTGCGCGGCCGGGTCGTCGCCGGAGCGCAGAGGCGTCGGCAGAAAAACGTTCTCGGGGCGCAACGTCCAGACGTGGACGGCCAGTCCCGCCGCGTGGGCGTCGGCTGCCAGCGACGATGGCGCCAGCGACTCGGGATCGAGCACCATCGCCTTCGCCACCCCGATCGCGTCGGCGTAGGTGGCGACAGTCGCGAGCCCGTCGGGCGTCATCATCTCTCCGTACGACCTCTCGGGCCGGTCCGCTGGCGAGGCGCCGGGCATCGCGAGTTGGACCAGCCGCAGGCGCGTCATCCCGCGCAGCAGCTCCAGATTCCCGACCTCGAACGACTGGATCCAGACCGGCGCCTCAGGCGCGGTGTACC
CP177355.1_gap79	3460247	3462490	2243	GCCCCTCGCAAGGCATGGTGGTGGTGCCGCTCGAACCCCTCCCCTGCCGTCATTCCCGCGCAGGCGGGCCCCCGCAAGGGAAGGCGCCAGCCGATCCAGGGTAGTGGCACTTGCCTGCAAGCTGCCTGGCCCGCTCGCGGACAACGTTGGGAGGTTGGAGCTGGCTTGTAATGATGGCTCCGCACTCTGGACTCCCGCGTTTGCGGGAATGACGGCGGGTCGGGAGCGCTTGCGCCTTGAGCGAGACGCCAGCGCGAAAGCGGGGGTCACGGAGCGCGCTGGCCCGCCCTTACCCGAAGAGCACGTCTTCGAGCTTGCGCATCTTGTCGTCGTGGCGCGCCATCGCGGCCTCCTTGCTCTCGAACGTCTCGCGGTTGCGCTCCGACCGCTCGCGGCGGGCGCGCTCGACGGGGGTGGCGACGTCCGCCACCGGGGTCTCCGCGACCGGCGTGGCCAGCGACGCCCCGGCCTGCTCGGCCGCGATCTCGGCGTCGACCAGATCCTGGAAGGGCGTCTGAGCGCGGGCGAACATCACATGCGGCTCCTCGACGGGGTAGCCGGCCGTCTGGCGCTCGCGGTAGAGCTTGAGGCAGCCGTTCCACAGCGCGCGCCGGATCCCCCACTTCTCGACCGAGAACGAGCCGGCCTTCCGCTTGCCCGCCGCGTCGACCCAGTTGAGCTGGACGTAGAGCTTGGCGACGCCGGTCGTCGTCTTCTCGCGGACCGACAGCCCGACGACGCCCGTGTTGCTCCACGCCTTGCGTGGCTTCTGCGGCTCTTCGGGGAGCGACGCCAGTAGGCGGTCGCGGTAGGCGATGGCCGCCTCGAGGGCGTCCTCGCGGCCCTCGTGCTTGGCGTCGGCGAAGAACTTCGACAGGCGCTGGCCGTCGCGTCGGGCGCGCACCTGCCAGCCGTGCGTGGCGTGGCGGCGCGGGTGCTCCGGCGACGGGTCGATGTCGATCCGCGTGATGTGGTGCAGCCGACGCGGTTCGGCCTGGCGCTCGTCGGCAGCGCCCGGTGTGGCAAGGTCCATCGGGTCTCGGGTGCGGTGCGTGCCGCGTCCGTGGGCTAGGCGGCGGACGGGGCGACGGCCTCGACGCGGGTGACCTCGGGGACGGCACGGCGGATGGCCTGCTCGATCCCGGCGCGAAGCGTCATCATGCTCATCGGGCAAGTGCCGCAGGCACCCAGCAATTCGAGCTCGACGACAAACTCGTCGGTCACGTCTTGCAGGCGCACGCTGCCGCCGTCGGCCATGAGGTACGGCCGGATCGAGTCGAGGGTGTCCTCGATGCGCTGGCGGAGCGCGGGGTCGGTGGGCGAAGCGACGGCCATGTCCGGAGGGGTGAGCCCGAAGGTACGACGGGCGGCGGGAGGGATCGGGGGCGCCGCGCACGGCCGGCCGGCGAGGGCGGCGTCGGGCGGCGAGGTGCGGAAGAGGCGGCGGACGGCGTCGAGCATCACTTGTAGAGGATCTCGATGGGCTGCGTCGGCGGCGCGTCCGCGTTGCGGCGCGTGACCTCCGAGGCGACGTTTGTCGCCAGCTCGCGGAAGGCGGCGGCGGTGACGGTCTCGGGCTCGGCGAGCACGACCGGCGTGCCGTTGTCGCCGGCCTCGCGCGTGGCCTGCTCGATGGGCACCATCGCCAGGACGGGCACGTCGAGCTCGGCCGCGAGCCGCTGCGCGCCGCCCTCGCCGAAGAGGTAGTACTTGCGGTCCGGCAGGTCCGGCGGCGTGAAGTAGGCCATGTTCTCGACGACCCCGAGGACCGGCACGTGGACGTTCTCGAACATCTTGACCGCCTTCCGGGCGTCCGCCAGCGCCACGTCCTGCGGCGTCGACACGACGACGGCGCCGGTGATCGGGACGGTCTGGACGAGCGTCAGCTGGATGTCGCCCGTCCCGGGCGGCAGGTCGAGGATCAGGTAGTCGAGCTCGCCCCAGGCGGCCTGGCCCAAAAACTGGCGGACGGCGCTCGACACCATCGGCCCGCGCCAGATGACGGCGTTCGCGTCGTCGACCAAAAATCCCATCGACAGCAGCTTGACGCCGAACCGCTCCAGCGGCACGATGTGGCGCTGCTCGTTGACCTGGGGCTTCTCGCCGGCCGGGACGCCGAACATCAGCGGGACGCTCGGCCCGTACACGTCGGCGTCCATCAGCCCGACCTTGGCGCCGGTCGCCGCGAGGGCACACGCGAGGTTGGCGGCGACGGTGCTCTTGCCCACGCCGCCCTTGCCCGA
CP177355.1_gap80	3492163	3496880	4717	ACGGGGTTCGCCCTCGCCGTCTCGCCAGACATACTCGCCCAGGTCCTGCCCGACGCGGACGAACGTCTCCTGCAGGATCGGCGCGCGTTCGGTGAGCGCGTCGTAGACGATCCGGCCGTCGAGGGCGCCCCCTCCGACCGACCCGCGCGAGGCGAGGCGCAAGGCGACCGACTCGGCGTCGGACCGCCCCTGCTCGCGGAAGGGGTCGGTGTAGCGCTTGCGGCGGTAGCCGAGCCGGCCCTCAGTCTGGACCGTGCCACCGACTGCGCGGCCCGAGGCCTCGACGGTCAGCGCCGTCGCGGCGTCGGCGAAGCTCTCTCCCCCACCGGGCGCCAGCGGCTCGGACTCGCGGCGGAGTTCGACGAAGGCTTGCGCGTCGGATCCGCCAGAGGCCACACCGAGGCCGGGGCGGACAGCCAAGAACGAGTAGGAGGCCGACAAGAGCGAGTCATGAGGGAAGACGCCCGACTGGCTGCGGCGCTCGTGTTCGACACCGAGGCTGGGGCGGAACGCGCCGACCGTGACCGCGCCGACGGTCTGCACGCGGCGGAAGGCGCCGGTGCCGATCTGGCTCGCGATCGGCCCGTCGCCCGAGGTCTCGGTCGCGGCCCCTTCGAGCGCCAGCGACCGCCGCTCGTCGCCGATGGTGGCCGTGAGCGCGGCGCGCGACGCGGTGAGGTCCGCCAGCGCCAGCCGGCCCGCGTGCGCCTCGGCCGTGACGCCGTCTCTCGCCCACGCCAGCACGCCTTCCGTCGTCGACTCGCCGAGCGTGTCGAGGGCGCTCCCGAAGGGCGTCCCGCCGCGCGCCAGGTTCCAGCGACGGTTGAAGTCGACGCCCCGAACGCGGTCGAGCGGACGGAAGTCGTCGGCGCGCTGGCGCACGGCGAGCTGGCCGGTGAGCGCGCCGCCCCCGAGGGGGACGGCTGCCAGCCGCAAGCCGGTCTCGAAGGCGCCCGCGCCGTCGTCCCCATCGCCCAAGTCGGACAACGTGTTGCCGTCGTCGACGGAGCGCGCGATCTCGCCGAACGCCTCCACCCCGGGGACGAGGGTGACGGCCCCGCGCGCGTCGACGAGCGTGCGAGACGCGGGGCGCGGCAGGATGCGGAACGGCACAGAGTCGCCCCGGCCCGGCCCGACGTACTCGTACAGGATGCCGTTGAGCGCGGCGCCGCCCCGGCGGTAGTCGCCCTGCCCGGCGCCGACGCGCGAGAAGCGGACGCGGAAGACCTCGGCGTCGCCGGGGCGGGCGGGGACGAAAATGGAAACCGGCTGCCCGGCCTCCGTCGTGTCGCGCCGCGTGTAGAGCACGAACGGGCTCTCGGCGTCGAACGGGACGGCTTGCTCGCCGGGGACGAGAACGGGCGCATCGCCGGCGGCGCGAATCAAGTCGAGTTCGGCGTCGCCCAGGCCGAGGTCGGCCGCGCTGCCGATGGCGTCGGCCTCCCGGTAGACGCGGACCCCGACGGAGCCGCGCGCCTCTTCCCCCCTCCCCAACTCCAGATCCACGCCCGACGCCACAAGCGTTTGCGTGAACCCGCCGGAGGAGTACTCGAAGTCGACGGTGATGCGCCGCTCGGCGGTGATGAGGTGGGCCGGGGTAAAGGTGATCTCGCCGGTGCCGTAGTCGACGGTGTAGTCAGCGCTGGCGCCTCGCGCGAGCAGGCGGCCGTCCAGAAAGACGCGCTCGCTGCCGGGCACGACGATGACGAATGCCTGCCCGGCCTCGCCCTCCAGTCGGTACGGGCCCTGCACGCCCTCGGCAGGCACGAGGTCCTGGCTCCGAAACCGTCCGCGTGTGGCGCTGGCGGAGCCCAACACGCGCCCTCCCCGCACGAATCCGGCCGCTGGGATTCGGGTCTCGACGACGGCGCCCTGCACCTGGCGCGCGAGCGGGGCGAAGGCGGTTCCGGGGAGCGCGAGGTCGACGTCGCCCAGGCGCGCGCGTACGCCCGGCCCGTCGACCTCGACGTAGACGCGGTCGAGGTCGCTGAGCTGGCGCGTCGTCCCCTCGGGCAAGATCGGCGTGTCCTCGTCGGTGAGCGCGGCGCGGAGCGCGACGCCCGGCGCCACCTCGCCTTCGAGCGACAGGCGGAGCGCGGAGGTGACGGACACGTCGCGGTTCGACCCGGCGACCACGCCGCGCGTGATGGACCCGGACGTGCGGATCGCGGGTGGCGGGCGCGTGCTCGGCGGCGCCCGGCGCCGGCCGGTCGTGTCGGGCGCGTACAGCGCACGCAGCGAGTCGACGGACGGGATCTGCGCGCGGACGGGCCCGACGACGGGCGCGGCTCGGTACGCGATCGCGATGTAGCGGACGGAGTCGGATGGCGCCAGCTCCAGCCGCCCCGTCCCGTCGAGCGTGTAGTCGCCGGGCGCGAGCGGGACGAACACGGAGTCGCGGAAGAGCGCGACGGTCTCGGTCCCGACGATGGGCCGGGCGCTCAAGAGGGCGGCTCGCTGGCCGGGCCCGAGCGCGAGCGTGTCGCGGCGGACCTGGGCGGCAGGCGCGGCGGCGCCGACGAGTAGGAGGACGAGCAGGACCCTCATCGGGGGGGCAAGCCGGGGTGGCGGGGTCGCGGTGCTCGGGGGCGTCGTCGGGGCGGGAGCGGCAACCTAGCGCCGCTGGCGGAGTGGGGCGGGTCACTCCGGGGTGGGATGAGACGGCACGTGGCCGCGGTGGGTGCCCGCCTCGTGAGGCTGGGAGGGGGTGTCGAAGCGCATCGAGATCGCGTCGGGGTGCACTCCGGTGCCTTCGGGACGCACTCCGGGAGCAGGGTGCTCGGCAGACCCCTCGCTCGGACGCGCCGGTTGAGCGCCAGTCCTGAATCGCTGGCGGTGTGCCCCCAAGCTGTTCCCCTTGGCAAGGGGGGACAGTCCGCGCGGCGTCGTGCCGCTCAGGCGGCGTCGCCCCATGGCTGGCGCCAGACATCCTACGCGCCGCGCGGACGGGGGGTCTGCCGAGCGCCATTCCTTCAAGCCCTTGCTAGCGCAGCGGGGTCGCGAGCCGGCCCACCTCGCTGGCGGCGGGCCCGTCGAAGGCGGTGGCGGAGAGGAGCAGCGCCCGCCCTCGCCACACGACGGCACCCCGGACGGTGCCGAGAGCGCCAGCCTCCGTCCGAGCGACGATCTCTCCCCCGACCGTGAGCACCGCCGCGTCCGTGCCGACGACCAGCAGACCGCTCCGGCCGACACTCACGCCCACGATCCGCCCGAGGCCGGGTGCGGGCACGAAGGCGCCCGCCGACCCAAAGGCGTCGAAGGGCTGGACGCCGCCGCGCCCGGCATCGGCGACCCACAACGTGCCGTCGTCGGCGAGGGAGAGGGCGACGGGATCCCCCAGGGTGCCCGCGCCCAAGACGCGCTCGACGGTGCCCTCGTTGCTGAGGCGCAGGACGTGCCCGCGCCCGCCGTCGATCACGAAGACGGTGCCGTCGGAGGCGGCGGCGACGGCCATGGGCTGGCCGCGCGTAGTCTCGCGCCCAAAGTCGCCGGCGGGCTGGCGGGCGGATGCGCCGTCGAGGTCGGGGACGACGAGCGCGCCCGCGCGTCGGCCCTGGGCGGTGAACTGGACGACGAGCCCGGCGGCGCGGTCGGCGACGTAGATCGCCTGGCCATTCGTGGGATCCACGCCGACGGGGTCGAGGAAAGCCTGGTCGCCGGTGCCAACGCCGCCTAGGCGCTGGACGACCGCGCCGTCGCGGATCGCGAGCACGGTCCCGTCGGCGCCCTCGACCACCCAGAGTGTGCCGTCGGGCGTAACGGCGAGCGCGCGGGCGTCGCGGAACGGCTGGCCGGGGGCGGAGGGCGGGCCGGTGCAGGCGCCCAAGACGAGCGCCAGCCCGGTCGCAAGCGCGAGCAGTCCAGCAGCGCGCCCGTTCGCCCCCCTCCCACCCTCCCCCCGCTGGGGGGCGGGGAATCGATTCCGACTCCCCGCGGGCGCCGAGGCCACAGGCTCGCGCGGTCGCGCCCTCATCGCGCCAGCCCCTTCTGGCCGATGTCGCGGCGCAGCGTCTTGCCGTCGAAGGCGATCTCGTCGGCGCCCGCGTAGGCGGTGTCGAGCGCGGCCTGCAGGGTGTCGCCGATGCCGGTGATGCCCAACACCCGGCCGCCGGCGGTGACGACGTTGCCCTCGGGCGAGCGAGCGGTGCCCGCGTGGTAGACCGTCGCGTGCTCGGCCGCGCGGTCGAGCCCCGTGATCGTCTTGCCGGACTCGTAGCCAGCGGGGTACCCCGCCGACGCCAGCACGACGCAGGCCGCGGCGCGGCCGTCGACCTCGACGGCCGCCTCCGCCAGCCGATCGGTCGCGAGCGCCTCGAAGAGGTCGAGCGGGTCCGACGCCAGCAGGGGCAGCAGGACCTGCGCCTCGGGGTCGCCAAAGCGGCAGTTGAACTCGACCACGCTGGGGGCGCCGTCGTCGATCATGAGCCCGACGTACAGGATCCCCCGGTACGGATTCCCCTCGGCGCGCATCCCGTCGAGGACGGGCCGGACGACCTCGGCCTCCACACGTCGGCGGACGGCGTCCGTTACGACCGGCGCGGGGGCGTAGGCGCCCATGCCGCCCGTGTTGGGGCCGGTGTCCCCCTCGCCGATGCGCTTGTGGTCCTGGGCCGCCGGGAGCAAGACGTAGTCCGTACCGTCGGTGAGCACGAAGAGCGACGCCTCCTCGCCCGTGAGGAACGCCTCCACCAAGACCGTCGCGCCAGCGGTACCGAAG
CP177355.1_gap81	3527529	3532271	4742	TCGTGGTCCTCGACGATCTTGTCGGCGTACGAGCCGCTGGTGTACCAGTTGGAGTCCCAGCCTCGGATGACACCGAGACGGAAGCCGATGGGGTTGGTTTTCTGGCCCATGTCTAAGTCTGGGTGTAGGGTTACGCCTCGTCGGCGAGGTCGGGGGTACCGACGACGACCGTGAGGTGGCTGGAGCGCTTGAGGATCGGGTGGGCCCGGCCTCGCGAGACGGGCTGGAACCGCTTGATGACCGGCGCCTCGTCGACCATGATGGTCTTGACGATGAGCGCGTCGTCGTCGATCCGCTCGTCCTGGTTCTGGTCGACCAGGTTGCCGTAGGCGTCCTGGATGGCCCGGCGGACCATCGCGGCGGCCTTCTGGGGCATGAACTCGAGCGTCTCGATCGCCTTCTGGGCATTCTTGCCCCGGACGACGTTGACCACGATCCGCATCTTGCGCGGGCTGATGCGGAGGTACCTCCGCTTGGCGATTGCTTCCATTGGATTAGTCAGGATTGGGGTTCGGTGGTCGGGTCGCGGCGGTCGGTAGGAACCGGGCGCCGATCACCGAAGACCCTTAGCGGCGGCGGTCCTTCTTGCCACCGGCGTGGCCTCGGAAGGTCCGCGTCGGAGCGAACTCGCCCAGGCGGTGGCCGATCATGTTCTCGGTCACGTAGACCGGGATGAACTGCTTCCCGTTGTGGACGGCGAACGTGTGGCCGAGCATGTCGGGCGTGATCATCGACCCACGGCTCCACGTCTTGACGACGCGCTTTTTGCCGCCGTCGTTCATCTCCTCGACCTTGCGGCGGAGCTTGTAGTGGACGAAAGGTCCCTTTTTGAGCGAGCGTGCCATATCGGTTACTTCTTAGCCTTGCGGCGGCGGACGATGAACTTGTTGGAGGGCTTGTTCTTCTTGCGGGTCTTGAAGCCCTTGGCGTAGACGCCGGTCGGGCTCTTCGGGTGGCCGCCGGAGGACTTGCCCTCGCCGCCGCCCATCGGGTGATCGACCGGGTTCATCGCCACACCACGCGTCTGGGGGCGGATGCCGAGCCAGCGCGAGCGGCCCGCCTTGCCGATGTCGATGTTCATGTGGTCCGGGTTGGACGTCTGGCCGATCGTGGCCACACACCCGACGGGGACCCGGCGAACCTCACCGGAAGGAAGCTTGAGGTTGGCGAACTTGCCCTCGCGAGCCGTCAGCTGCGCCGACGTGCCAGCGGAGCGGGCCATCTGAGCGCCCTTGCCCGGCTTCATCTCGATGGCGTGGACCGTCGTGCCGAGCGGGATCTCCGAGAGCGGCAGGCAGTTGCCCACGTCGGGCGACGAGCCCGGGCCCGAGTGGAGCGTCATCCCGACCGTCACCTTGTCCGGCGCGATGATGTAGCGCTTCTCGCCGTCGGCGTAAGACAGCAGGGCGATCCGGGCGCTGCGGTTCGGATCGTACTCGATCGTGGCGACGCGCGCGGGGATGCCGTGCTTGTTGCGCTTGAAGTCGATGATCCGGTAGCGGCGCTTGTGGCCGCCGCCGCGGTGGCGGGAGGTCTTGCGACCGTTGTTGTTTCGGCCGCCCGTCCGCTTGCGCGTGTCGAGGAGGCTCTTCTCCGGGGTGTCCGTCGTAATTGTCTCGAAGGCCGAGACCGACTTGTGACGCTGACCCGGAGTGGTCGGCTTGAGTTTGCGGATTGCCATGGTATAGAGGGCTTGCCTGCCGGCGGCGACCGCCGGCTTTGCGCCCTGGTGGGGTTATACGGACTCGTAGAAGTCGATCTCGCCGTCGACGAGCGTCACGATGGCCTTCTTCCAGCCGGCCTGACGGCCCTGGACGAGACCACGCTTGGTGGCCTGGCGGCGGCGCTTGCCGCGGACGACCATCGTCCGGACCTCCTTGATGGAGATGTCCGGGTACCGCTCTTCGACCGCCTTGCGGATCTCGAGCTTGTTGGCGGTCTTGGCGACACGGAAGGTGTAGTGACGGCCCTCGTCGATGAGGCGCGTCGACTTCTCCGTCAGGACGGGAGCGATGAGGATCTCAGGCATGTCTAGGCGTCGGTGTCGGTGGCGGTGGCCTTCGTCGGGGGACGGAGGGCCTCCGTGAACGACTCGACGGCCCCCTCCTGGAGGAGGATCGTCTTGGCGTTCATGAGGTCGAGCGTCGAGGCCTGGTCGGCCGCGAGCACCTTGATGCCGGCGATGTTGCGGGCCGAGCGGTAGAACACGTCGTCGCGACCGTTAGTCAGGACGAGCGCCTTGCCGCCGCCGTTGTTCTTGAGCATCCCGGCGACCTCGCTCGTCTTGGGCACGTCCATCTGGACGTCCTCGACGATGCGCAGGGCGTCGTTGTTCAGCTTGTGCACGATGGCGCTTCGCCGAGCGAGCCGCTTCGTCTTGATGTTGACGCGGACCTTGTACTCGTGCGGGCGGGGCCCGAAGATGGTGCCGCCGCCCTTGCGGAGCGGGCTCTTGGCATCACCGGCACGGGCGTTGCCTGTGCCCTTCTGGCGATACAGCTTGCGGCGGGACTTCGAAACCTCGCCGCGCTCCTTGGTCTTGTGCGTGCCCTGGCGGCCGGCGGCCTGGATGGAGCGCACGTCGAGCCAGATGGCGTGGTCGTTCGGCTCGATGCCAAAGACGGCGTCGTCGAGCTCGACCGTACGGCCGGCCTCGGCGCCCTCGCGGTTGTAGACAGTCAGTTTCATGGATCTAGGCCTTGCGGATCTCGACGATCCCGTTCTTGTGGCCGGGCACGGCCCCCTTGACGAGGATCAGGTTGTTGTCGGGGAAGGTGCGGACGATGCGGACGTTCTTCTGCGTCACGCGGTCGCCGCCGGTCCGGCCACCCATCTTGGTGCCCTTGAAGACACGCGACGGGTCGGACGCCTGCCCGATCGAGCCCGGGGCCCGCTGGCGGTTGTGCTGACCGTGCGTGGCGTCGCCGACGCCCTTGAAGTTGTGGCGCTTGACGACGCCCTGGAAGCCCTTGCCCTTGGACGTCCCCGTGACGGCCACGCGGTCGCCCTCGGCGAACGCCTCGACCGTGATCTCGTCGCCGAGCGTCACGTCGCCGAAGTCGACGCCGCGGAACTCCACGATGTGGCGCTTGGCGGGGACGCCGGCGGCCTCGAAGTGGCCCTGCATGGCCTTCGTGGTGTGCTTCTCCTTTTTGTCCTTGTAGCCGAGCTGGACGGCGCTGTAGCCGTCCGTGTCGGGCGTTTTGACCTGGGTGACGGCACAGGGGCCGGCCTCGATCACCGTGACGACGGTCTGCCGTCCGGAGGCATCGAAGACGCTTGTCATGCCGACCTTGCGGCCGAGAATCGCGCTCATTGAACCTGGGGTTAGTTAAGCGTGGGGCCGGCGCGGGCGCCGGCTAAGGAAGTCTGATCAGACCTTGATTTCGACGTGGACGCCACTCGGAAGCTCCAGCTTCATGAGGGCATCGACCGTCTTCGACGAGGTCGACAGGATGTCGATGAGCCGCTTGTGATCGCGCGTCTCGAACTGGTCGCGCGCCTTTTTGTCGACGTGCGGCCCGGAGAGGACGGTGTAGATCTTCTTGCGGGTCGGGAGCGGGATCGGCCCGCTCACGACGGCACCGGTCGACTTGACCGTGCGGATGATCTTCTCAGCGCTCTTGTCCACAAGGGTGTGGTCGAACGACTTGAGCTTGATCCGGATCTTCTGGTTCGCCATGAGTCAGGCTAGGTGAGAACGGCGGAAGCGGCCGTCAGGTAAGGTCCCGACAGCCGCTCCGTTCGTGTGTGCGTTAGTCGAGGATCTTGGAGACGACGCCGGCGCCGACCGTCCGCCCGCCCTCGCGGATCGCGAACCGGAGCCCCTGCTCCATGGCCACCGGCTGGATCAGCTTGACCGAGAACTGCGTGTTGTCCCCCGGCATCACCATCTCGACCCCCTCGGCCAGCTCGATGTCGCCGGTCACGTCGGTCGTCCGGAAGTAGAACTGCGGGCGGTACCCCTTGAAGAACGGCGTGTGACGGCCGCCCTCGTCCTTCGACAGGATGTACACCTCGCACTCGAACTCCTTGTGCGGCGTGACGGCCCCGGGCTTCGTCAGCACCATCCCGCGCTCGACGGCGTCCTTCTCGATCCCACGGAGCAGGATCCCCGCGTTGTCCCCGGCCTGGGCCGAGTCCAGGAGCTTCCTGAACATCTCGACACCGGTCACGGTGCTCGTCATCTTCGGCTCGCGGATCCCCACGATCTCGACCGGCTCGCCGACCTTGATCTGGCCGCGCTCGACGCGGCCCGTGACCACCGTCCCGCGGCCCGTGATCGAGAACACGTCCTCGACCGGCATCAAGAACGGCTGGTCGACCGCCCGCTCCGGGGTCGGGATGTAGTCGTCGACCGCGGCCATCAGCTCGTTCACCTTCTCGACCCACTCGGGCTCCCCGTTCAGCGCGCCCAGCGCCGAGCCCTGGATGACGGGCAGGTCGTCGCCCGGGAACTCGTACGAGTCGAGGAGCTCGCGGACCTCCATCTCGACGAGCTCCAGGAGCTCCTCGTCGTCGACGAGGTCGGCCTTGTTCATGAAGACCACGATGTACGGCACGCCCACCTGGCGGGCGAGCAGGATGTGCTCCCGCGTCTGGGGCATCGGGCCGTCGGTGGCCGCGACGACCAGGATCGCCCCGTCCATCTGGGCCGCGCCCGTCACCATGTTCTTGACGTAGTCGGCGTGGCCGGGGCAGTCGACGTGGGCGTAGTGCCGGGCCTCCGTCTCGTACTCGAC
CP177355.1_gap82	3533420	3535673	2253	CATGGCCTCCAGCACGACGGGAGCGTTGGGGTCGCACAAAGTGTCGCCCGTCTTCGTGTCCTTCAGGCCCACGATCGCGCAGATGTCGCCGGCCTTGACCGACTCGACGTCCTCGCGTGTGTTGGCGTGCATGAACAGCAAGCGGCCGGCGCGCTCCTTCTTCTCCGTCGTGGCGTTGATCAGCGCGTCGCCCTTGTTGAGCGTTCCCGAGTAGACGCGAGCGAACGTGATGCGGCCGACGTAGGGATCGGTCGCGATCTTGAAGGCGATGGCCGCGAACGGGGCGTCCGGGTCGGCCTCACGCGTCACGATCTCCTCGGTACGCGGCTTGTGGCCCTCCATCGGCGGCACGTCGTGCGGCGAGGGGAGGTAATCGATAATGCCGTCGAGCAGCTGCTGGACGCCCTTGTTCTTGAAGGCCGACCCGCAGAAGACCGGTGTGATGTCCATCGAGATGGCGGCTTCGCGGACGGTCGCCTTGACGACGTCGACGGGGAGCTCTTCGCCCTCGAGGTACATCATCAGGAGCTCGTCGTTGTGCTCGGCGACGGCCTCGAGCATGACGATGCGCGCCTTCTTGGCGGTCGGCTTGAGGTCCTCCGGGATCTCGACCTCGTCCCAGGTCGAGCCCTGCGTCGCGTCGTCGAAGATGAACGCCTTGTTGGAGATGAGGTCGATATGCCCGCGGAACATCTCGCCGTCGCCGATCGGGATCTGGACGGGCACGGCGTTGGCGCCGAGCCGGTCCTTCATCATCGCGATGGCGTTCTCGAAGTTGGCGCCCGTCCGGTCCATCTTGTTGACGAACGCGATGCGGGGGACGTTGTACTTGTCCATCTGGCGCCAGACCGTCTCGGACTGGGGCTCCACGCCGCCGACCGAGCAGAACAGCGCGACGGCGCCGTCGAGCACGCGGAGCGAGCGCTCCACCTCGACGGTGAAGTCGACGTGGCCGGGCGTGTCGATGATGTTGATGCGGTGGCCCTTCCACTCGGCCGTGGTCGCGGCCGAGGTGATGGTGATGCCGCGCTCCTTCTCCTGCTCCATCCAGTCCATCGTCGCGCCGCCCTCGTGGACCTCGCCGATCCGGTGCGTCTTGCCGGTGTAATAGAGGATGCGCTCGGTCGTGGTCGTCTTGCCCGCGTCGATGTGCGCCGAGATCCCGATGTTGCGGGTCTTGGTGAGCGAGAAGGTCTTGCCTTGGAGGTCTTCGGACATGGAAGTCGTCGGTTCGGTGGGGGGGCCGAGAGAACGGGCCGGCCTCTGCGCGGAGCAGAAGGGCGCGTGACGGTCTGGTTAGAAGCGGGCGAAGTGGGCGAACGCCTTGTTGGCCTCGGCCATCCGGTGCGTGTCGTCCTTCTTCTTGACGGCGCCGCCCTCGCCGCGCGAGGCGGCGATGAGCTCGGCCGCCAAGCGGTTGGCCATCGACTTGTCGCCGCGGGCCTTGGCGTACTGAAGGAGCCAGCGGAACGCCAGCGACGTGCGGCGCTCGGGGCGGACCTCGATCGGCACCTGGTACGTGGCGCCACCGACGCGGCGGCTGCGCACCTCCACGAGGGGGGCCGCGTTCGTCAGCGCCTGGCGGAACACCTCGACGCCGGGCTCGCCGATGCGCTCCTCGACCAGGTCGAAGGCGCCGTAGACGAGGCCCTGGGCCACGGACTTCTTGCCGTCACGCATGACGGCGGCGATGAACTTGGCGACGGTGACGTCACCGTAGATCGGGTCCGGCGTGGGGATCCGCTTTTCTGCTTGCTTCCTGCGCATGGGGTCGGGAGATCGGTAGGTCGGTAATTCGGAGGGCTCGCGAACGGGGTGGCGCAGAGCGCGCCGATCGACCGTTCCGCGGACGAACCGACGGTCTACTTGGGCTTCTTGGCGCCGTACTTGGAACGGCTCTGGCGACGGTCGGCGACGCCGGCCGTATCGAGCGCGCCACGGACGATGTGGTACTTGACGCCCGGGAGGTCCTTGGCGCCGCCGCCACGGACGAGCACGATGGAGTGCTCCTGGAGGTTGTGGCCCTCGCCTGGGATGTAGGCGATGACTTCGTACCCGTTGGTCAGGCGCACCTTGGCGACCTTCCGGAGGGCGGAGTTCGGCTTCTTCGGCGTCGTCGTGTACACGCGGGTGCAGACGCCGCGGCGCTGCGGGTTGCCCTGGAGCGCGATGGCCCCTGAGGTCTTGCGCTTCGGGGTACGGCCCTTGCGGACGAGTTGGTTGATCGTAGGCACGGCGGTGCGGGCGGGTGGA
CP177355.1_gap83	3538417	3542815	4398	CCGTCGCGGGGGTTCTTGGGTACGGAGGGCATTCGGGGGCGCGGTCCTGCCCGCGCGGTCAGAGCAAAGGGGGGCGGTACCCGACCCTTCGGGAGGGGGTTCCGAGCGGCGAACGGACAGCGGTCGCCTAGAAGTCCTCGGCGGGGCTCTCGTCGTCCACGACGGCCCCCTGAGCGGCCTCGAAGTCGGCCAGCGGCTTGATCGTTCCACGGAGCTGCGCCCACGCCGGCAAGGCGCCCTGAGCGGTCGTGGCCTGCGCCTCAGAGTCGAACTGGCCAATAACGATCGCATAGGCGCCAGTGTCGGACTCCCGGACGATGGCCGCGCGATAGCCCGCGCCGGTCAGCACGTCCAGCATCGGCGCGCCCTCGGTCGGAATCGACAACGAGCGGACCTGCCACGTATACCCGTCACCTCCGGGCTCGACCGGATCGGCACCCCGCAAGCCAGGGACCTCCAGCAGCGGCGCCGGACCCTGCGCGCTGTCTTCGTCACGCGGCAGGTCCGTCAGAAGGTCGTCGTCCGACGGTTCCGCCAAGTCCGTGGGGTCGGGAGCTGGCGTGTCCTGGAGGAGGGGGATGGCCGTCGAGTCGACAGCAGGGGCGGGCGGCGGAGGCGGAACGGGGAGGCCGTTGACGAGCGCCGTGGCGCGGGCGGCGTACGGCGTCTGGGCGTAGCGGGCCGCCAGCGCCTGAAGGTGGTGGCGGAGCGTGAACGTGGCCGAGTCGACGGAGACGGGCGCGCGCGCGGCCGCCGGCGGCGGCAGGGCGACCGGTGGGGAAGCGACCGGTGGAGAGGTGACCGGCGGCGACTCAACGAGATCCGGCGCCTCCTCGATGGCCTCTGGCATGGGTGGCTCGGTCGGCTCCGGCCGCTGGGTGGCGGACGTCTCCTGCCGGGCCCGTCCGGGAATGCGCTTGCCGGTGTCGAGGACCCGCTCCTCGATCTCCTCCAACACCGCCGGCGCCCGTCGCTCCGGCTCGACCCTCGGCGCGGGCTGAGTGGCCGGTGCACGCTGGGGAACCGCCGTCACCGGGGCACCCCGCGAGAGCGAGTCGGCGAGGGCGAGGAGCAGCGAGGACTGGAGCGAATCCGGGAGCGGCTGGGCAAGCCGCAGCGAGTCGCCGTCGGCCCACTCCAGCAGGGCGATGGCCGCGCCGAGGTAGGCGCGGGGCGCGCCCGCCGCATCCGGGTCGGCATCTCCGAGGGCCACCAGGTCGCTCGCGGCGCCGATCCGGTCACCGGCCGCCCAGCGGGCGCGGGCCGCGATGTAGACCGGCGAGGCCTCTGGCGCGGCCGACTCCGCCTCGGCCAGTTCCTCGGGGCTCTCCAACCCCAGCCGGATGCGCGAGGCGCGGCCCAGCGCCAGCGTGTCCGCCGCGGCGACGGCCTCGTAGTACGGACGCGCGGCCTCGTCGCGACCGGCGGCCCGCTCGATCTCCGCCAGCGCATACTGCGCACGGACGGCCACCGGGAGCGTTGGGGTCTCGTCGAGGATGGAGCGGTACAGGGCTGCGGCCGTGTCGGCACGGCCGAGGGAGAGGAAGAAGGCGTTCGCCAGCTCGTAGCGGAGCGAGGCGAGGCCGGTGACCAGCTCGGAGCGCTTCTCCGGGGTTCGGGGCACGCGCGTCAGGTCGAGCGGCGGGGGCCCTTCGCCGACCTCGAACCCGCCGGTCTCGGCCCCGACGACGCCCCGGGCGGCGACCACATCGCCAGCCTGCACGGCCGAGCGGCGGCGCCAGTTGGGCACGAGCGGGCGGTCGCCCCAGGCCTGCTGGAAGGAGATGAGGCCCGCCTGCACCGACGTCGGCGAGCGGTACGAGAGGAAACCGACGTCCCCGCCCTGCCCCGGCGTGCCCGCCGTCTCGCCTGGGACGGGGACCCGCCCGGACTGTCCGGAGCCTTCCGATCCATCATCGAAGGAGCCGGCGCCGGAGCCGGAGAACGCGGCGGCCGTCCGAGCCGCCTGCAGCCGTCGCTGCTCCTCGCGATACACGCGGAGCCGCTCGGCCTCGATGGACGCGATGCGTGTCTGGAACTCGGCCTCAGAGAGCGCGCCGAGCGCGAGCAGCGAGTCCGTCTCGGCGATCTGGCGGGCCGCGCTTGCGAGCGTCGCGTAGATGCGCGCCTGCTCGGTGACTCGACGCAACGCCCCGGCGGCCGGGCGGACCTCGGGGCCGGGGGCGCGCACGGCGGTGGCGGCCGAGTCGAAGTGGGCCGACGCGCGGACGAAGTCGTTGCGCTGGTCGCGGTAGAACTCGCCGAGCCGGAAATGCGCTTCGCCAGCGACCACCCGCCCGTTGAGCTCCTCGTCGTACAGCACGGACCGGAAAAGCCGGTACGCGCGGTCGGGCTCGCCGGAGGCCGCGCGCAAGCGGGCCTCGACGAGGGCCAGCTCCCCGCGCCGCTCGTAGTTCTTGTCGTCGCCCCGCATGTCCCGGATGATCTGGAGCCCGTCCGCCGGGCGGTCCGCGGACAGCCCGATCACGAGGGCCCGGTTAACGCGGGCGGCGTAGCCGAGCTCGTAGGCCGGCTTGCGGGACAACGCCTCCGCATACGCCGCCGCCGCCTCGTCCCACTGCCCGACGTGCTCCTCGACCTGCCCCAGCAGCACGTAGGCACGGGCGGCGACATCCGCGTCGTCCTCGGCCGGCGCCCCCGCGAGGAGCGCCTCGGTGGCCTCCTCCCACCGACCGGCACGCGCGTAGAGCTCGCCCAGCGCGAGCTGCATGCGGGCCGTCCAACGGCGGTCTCCGCCCTCGGCCGCCAGCCCCTCTTCGAGCACGCCGACGCCCTCTTCGAAGCGGTCGGCGGCGGCGAAGGTGCGGCCGAGCCAGAACCGGGCCTCATCGCCCAGCCGACGGTCGCCGGCCGCCTCGGAGGCCGCCAGCGTCTCTCTGAATTTCTGCTCCGCGCCCGCGAAGTTGCGCTGGTAGAAGTAGGCCTTGCCAATGACCAGGAGGGCATCGTCGGCCCACTTCGAGGTCGGCCGGTTGCGCAGCAGCTCCGCGCTCTTGTCGATGGCGTCCTGGAACGGGCCCGAGGTCGATCCGGCCGTGGTGGCCGGGAAGACCGACACCAGCGCGTTCCGGTCGAGCGTGACGGCCTGCCGCTGCAGCGCCTCCTCGCCGCTGTCCAGCGACCGGGTGGCGTTGTAGTACGTGTTGTAGTACGCCCGGAAGTTGTTGTAGCGGCTGTGCAGCGCGGTGCCGGGCCGGCAACCAGAAAGCACGCCAGCCCCAAGAAGGGCGGCGGCGAGACACAGACGGACCGGCAGCGCTGTACGCATCGAGACCAGAGTCGGGACGAAAAATGCGGAGTAGCGGAAGGGCCGGACGGTCAGGGGGCTGGTGTGCGGAGAAACTACGCCTCCGTTCCCGGGACGCCAGGGCACGAACGGCGCGCCGACGGCCAGAGTGTGCACGGCCGCCACACCGCCGGCCGCCCCCGCTGCCCGAGCGGCCCTACGCTGTCGCGTCGGCGCGGACGAGCACGCGGCGGCGGTCCAGCGCGACCACGCGGACTCGGCTCCCGGCGGCCACGAACGAGCCCTCCGTCTCCACCTCCACACGGACGCCGTCTAGCTCGACCACGCCTCCCGGTCGGAGCGGCGTGATCGCCACGCCTGTCTGGCCCAGCAGCCGCGCCCGCGACTCCGACTCCAGCGCGTCGGCGTCGGCGTCGCGACGCAGGCTGTCCGACAGGATGAACCGGTCCCAGGCGCCAGTTTCGTAGAGCACATACCCGACGCCGCACGCCGTGAGGACGGTCGCCGCCAGCGCGCCGAGCCCGCCCGCCACGCCGAACTCGACGAACGCGATGACGACGCCGACGGCCGCCCCCAACACGCCCGCCACACCGACCACGTTGAGGCCGGGCACGACGGTCACCTCGACCACGACGAGCGCGAGGCCGACCAGGATGAGCGCGACGGGGACCAGCAGTTCCATAACGGCAACCTAGGGACGGGCACGCGTGCGTGCCCTATGCGACCTCGCGGACGACGACGACCGCGCCGCGCGCGCGGACCACCTCGACCGAGGCGCCCGCCGAGACGAACCCGCCCTCCGAGACGACGTCGACGCGCCGGCCGTCCACGTCGGCCGTCCCGGACGGGCGGAGCGACGTGAGGGCGGTGCCGATCTGGCCGACGAGGTCGGCGCCGAGGTCGGCGGACGTGTAGCCGTCGGCGGCGGAGAGCTCGGGCGCCAGCACCAGCCGGTTCAGCCGTTCGGAGCGGGGGAGCATCCGGCCGAGCGACATCGTGAAGAGGACCAGCAGCACGAGGGCGGCGGCGAGCGTCGTTGTGGCGCGGGCGATCTCGCCGTCGCTGGGGAATTTGAACCCGACGTTGGGGATCAGGGCCACCAGCAGCGCGGCGAGTACGAGCACGAGGCC
CP177355.1_gap84	3600355	3604752	4397	GAGAACTTGGTCGCCGTCACAGGTGCGACGACAGCCACCGACGTACCCCCGGCCAACGACGTCTACACTTACGTGGTGACGAGCGTGAGCCCGAACTCGATCGAGAGCGCGCCGAGCAACGCCGTCACCGTGCAGAGCGGCGTCGCCACCGAGCGGGAGGCCCCACCGGCGCTGGCGCTCGCCGTGCCGCGGCCCAACCCGGCCCGCAGCCACGCCGAGGTGGGCTTCTCGCTCCGCGAACCTGCCCGCGTCACGCTCCGCGTGGTCGACGTGCTCGGCCGCGAGGTCGCTCGCCTGCTCGACGACGCCCCCCGCGCCTCGGGCAGCCACACGGCAACGTGGCAGACGGCAGGGGCCAGCAGTGGGACGTACCTCCTCGTGCTCGAGGTGGACGGCCTGCGGGCCTCCCGCCCAGTGGTCGTGACGCGCTAGCGGCAGGTCCTCTCGCCCGTCCCAAATAAAGACGGCCGCTCGGAATGCACTCCGGGCGGCCGTCTTTGTGTACCGAAAACGGGGCTAGCGGGCCATTACCATCCGGACGGTGGCCTGCTCAGCGCCTGCCTCGACGCGAGCGACATAGACGCCGGCCGCGACGGACGCTGCATCCCAAGTCAGGACGTGCGCCCCACCCGCGAACGCCTCGCGGTCGGCGAGGACGGCCACCTGCTGGCCGAGGGCGTTGAACACGCGGACCGTCACGTCGGCGGGGCTGGCGAGGCGGAACGCGATCTCGGTCCGTGTGCGGAACGGGTTCGGACGCGCGGGAAGCACCTCCAACGGCGCGTCACCTGCGAACCCGCCCTCCGTGGCGACGTTGCCGGGCCGCGTGAGCTCGAGATCGTCGACGTAGAGCTCACCGAAGACGGGCGAGGTGCCGTCGTAGCCGAGTTGGATGGAGTCGAACCGGAGGGTCCCCTCAAGGACGCCGTTGCCGATCCACTCGCCGGTCTCGCCGGTCGTCATGTCCCACTCGATCGGCTGCCAGCCGTACCAGTCGACGACGACCCACGGGCTGACCTCAGTCCCTGAGGCGTCGTCCACAGCGAACCGGAACAGCGTGCCATTGCCATCGCCAAAGACGCGTGCGCGAAGGGTGGCGGTAGCGTCGAAGGTGACGGCGCGCGGCGGGCCGCCGTTGAGGTACTCGCGGATGAGCCACGACGACGCGGCGGCGTCCCAGCCGTAGTCGATCCGCATCGAGGTGGTGCCCCCCAAGAGGTGGGCGCGCGCGCTGGCCGCGGCGTTCGTGGAGTCCGGCACGATGCCGGCCGTCGATCCGCTCTGCGCCGGGACCCACCAGTTGTCCACGATGCTCGACCCCTCGAACGCCTCGACGACGGTGACGAGCGGCGCCGCCGAGCCCGTCCGGAACGTGAAGGCGTAGCGGGCTGCCGAGGCGTTGAGGTACGCGTCTTCGACGCCGGGCTCGATGGCAAAGCGGTAGAGCGTGGCCGGCGCGAGCGAGGCGTCGGGCACGAAACTGACCGTGCTCCGGGGCATGGGGTCGTCCCCGACGACGCCCGCCAGCGCGTGCTCGAACCGGCCGGCGACGACCGTGCCTGTCGTGGCGTTCTCCAGCGTCACCCGGCCGTCGAGCGTCGCGGCCACGACGGGCTCGTCGAACGCGACCGTGACGACGGGCCGGAGCTCCACGTCGGTGGCATTCGGGCGGGGGGAGCTTTGCGAGAGGCGGGGCGCGTCGGTGTCGGGGAAGCTCGACGTGAACGTCACGACGAGGGCGTCGCCGCCGGTTCCGTCGCCGTCGCCGTCGAGGAGCGAGCCGTTGGCCGTGGCCGCGGTGCCCGCGAGCGTGGCGACGTATTCGGTCCGCGCCACGAGCGGCGCGTCAGGCGTAAACACCAGCCGGGTGCCTCCGGCTTCGTAGCTCACCGTGCCCGAGACCGCCGAACCATCCGAGCTCCGCGTGAGCGAGAACGCGGGCGTCGCCGTCGCCGGGTCAAGCGGGCGGCTGAACGTGAACCGGAGCGGGTCGGTCACCGGGAAGTTGGGCTCGCCCTCGGCCGGGTCCGCGTCGGTGAGCACCGGCGGGACGTTGGACACGATCTGAACGTCGGCGAACGAGAACTCGGTGTCGAGCATCGTCACCTGAGCTGTCGCCGTTTCGTAGCCCTCGGCCTCGACGGTCACAGTGTGCGTGCCCGCCCCTAGGTCCTCGAGGTAGTAGAACCCGTTCGCAAGCTGGTCGGGGTCCGACGAGTAGCGGTTGAACAGCGATGCGTAGGTGTCGGTGGTGTACGTCTGCCCGTCGATGGTGACCGTGGCCCCGTTGACCGGCCGGCCGCTCTCGGCGTCCGTGACGATCCCCGTCGCGATGCGGTGCGTCGAGCGTGGGACGCCGTGCCAATCGAGGATGGCCCAATAGAAGGCCTGGGCCTCCATCCGCTTCCACTCCGCGTTCATGTTGAGCTGATTCTGGCGCGGGTTCGTGTGGAATCCGCCCTCACTCAACACCGACGCCATTGCCGACCGTCGGTTGACGGAGAGGTAGGGGAACTGGTTGTCGTGGGTGTCCGGGAAGCCCTGGTAGAACGTCCGGTCGGCGTAGTTGCCGATCGTCGGGAGGCGCATGGCCGCGGAGAGGGCCTCCTCGTACTCGTCGCCCATCCGGCCGCCGCCTTCGGGCGTCTTCTCGACGGTCTGGCCGTTGAGCCGCCAGCCGCCGTAGAGCATCAGCACGTTGTTGGCGGTCGCCGACCCAGCGTTGCTGTGGATCGAGTGGTAGAAGTCGGCACCGAGGGCGTTGGCCATGTCCGTCCGCTGCGAGAGCCCGACCACCTCGGCGTCGGTGGTGCGCGACATGTAGACCGTGTCGATGTCGGTCCGGCTGAGCAGCATCTCGCGGAGCGCGAGGCCCACGCGGAGCACCTTCTGGGGCTCGGAGTAGCCGTAGATGCCGACGTTTTCGGCGGTGCCGCTGTGGCCGGGGTCGATAAACAGGTCCCAGTCGGAGAGGCCCGTCACCTGAGCCTGGGGGGCACGGGCGCCGAGCACCAGCACGAGGGCGAGGAGCCCGAGAGTCAAAAACTTGGACATCGGGTTACTCGGCGAGGGGGAGGAGGTACAGGGCGCCATCGGTGGCGTCGTCAAAGGCGATCGCGCGGCCGTCGGGCGACCACGACGGGTTCATCTCGAGGCGGTCGGGCGACTGGGTCAGCGCGACGCGGGCCGAGCCGTCCGCACGGGCGGCGACGAGGTCGGCAGCGGTGTAGGCGTGGCCGTCGTCCTCGGTCACCATAAAGGCCACCCAGCGGCCGTCGGGCGACCATGTCGGACGCGAGCCGCGCCCAAGGTCGATGCGGTTGGACCCGTCGGCGTCCACCACGAACAGGTTGCCGGCGAGGACCTCGAAGGCCACTCGGCGGCCGTCCGGCGAGGGCGTCACGTTGAGGAGCGTCGCGTCGGCGAAGCTGGCGAGGGCGCGGAGGCCACCCGTGTCGGCGACGGCGAGGCCGCCCGTGGGCCGCGCCAGCAGCACCGGCTCAGCGGCCACCGTCCGCGCTTGGGCGTCGACCGCCAGCATCTCGACGGTGCCGTCGCTCAGGAGGGCTACGTGGTGCGGGCCGGCCCAGCGGGGCAGCGCCGGCATCTGTGCCCGCTCGTCGGTGAGGGCCTCGACCGTGCCGTCGAGGCGGACGAGGGCGGCGGTGTGGAACCGACGCAGGCCCTCGGTGCGAGCCACCCGGGCGACGAGCGCCTGCCCGTCGGGGGCCCACTCGAAGCCGAAGCCGGCGGCCGGGGCGTCGGTCAGCGCACGGGCGTCGGAGCCGTCGGCCTCGACGATCCACACGCCGCGGTACTGGTCGCGGGTGAAGGCGAGGCGGGTGCCGTCGGGGGCCCACACGGGGTGGAGCGCCGGGGCGCCGTCGGCGAGAAGCCGGACAGGCGGGCCGGACGCCCGGAGGGTTTGAGCGGGGGCTGGGACGGCCGCCATGAGGGCGAGCAGTCCGGCGAGGCCGCGGAGGGGGAAACGCACGGGGACGAGAGGGATGATGGGGCCTCAAGCTAGGCCCGTTTGGGAGGCCCACCGTGCCCATCCGCCGCCTTATGCCCCTGCGAGCTCGGCTTCGAGCTGCTGCTTGCGGTACAGCGTCGCGTAGGCGCCACCGGCGGCCACCAGCTCGTCGTGCGTGCCGCGCTCCGAGACGTGGCCGTCGTCGAGGACGAGGATCTGGTCGGCGTCCTGCACGGCCGAGATCCGGTGGCTGACGACGATGACGGTCCGCTGGCCAAACTGGGCGCGCAAGTTCTCCAGGATCGTCGCCTCGGTCCGCGTGTCGACGGCGCTGAGAGCGTCGTCGAAAATCAGGACCGGCGCGCGGCGGATGAGCGCGCGGGCGATGGCCGTCCGCTGCTTCTGTCCGCCCGAGAGCGTGATC
CP177355.1_gap85	3704531	3705641	1110	GGCGCTGCTCTCGCAGTTCGGCCCGGAAAACCCGAGCGTCGTCGCGGCCAAGGCCGGCGTCGACGCGGCGCGGCGCCAGGTCACGCGTCTTCGGAGCGGCGCTGAGGCGGGGATGCCCGGCCTCAGCGGCCTGCCCCGCGTCCAGCGCCAGTACGCCGAGGTGATGCAGGAGCTAACGCTGCAGCGCGCCATCATCGAGACCGTGCAGCCGCTCTATGAGCAGGCCGCGCTCCAAGAGCGCCGCGAGGCCGACGCCGTCCAGATCCTGGACACGGCGACACCGCCGGTCAAGAAGGCCGAGCCGCGCCGCTCGCTGATCGTGCTGGCGGCGACGTTCTCGGCGGGGATCGTGATGGTGGCCCTGGTGCTGCTGCTCGCCGTGATCCGTCGGTGGGGCCCGCCCGTGCTCGCCCGGCTCCGGACGGCGTGAGCCCGGCCGCTCCCCCGGCCCCGGCCGGCCGCGCGGTCCTCGCGGCGGTCTCGGCCGGCGTCGTCGCGCTCGGCCTGGGCGTGCTGGCGCTCGTGCTGATGCTGGCGGCCGAGGGCGAGACGATGGGGCTGACAGCGCTCGCGCTCGCCGTCGGCCTGGGGCTGGCCGTCGCCCTTGCCAAGCCAAGCCCGCTGGCACGGCTGGTGGGCGTGCTGCTTCTCCAGATCACTCAGATCGGCGGCGAGGCCGGGCTGTCGGCCATCGAGGTTGTCGCCGGGCTCGCGCTGGTGGGCTACCTCGCCCAGTGGTACGTCGTGGCGCTGGCGTCGGCCCGTCCGCTCATCCGCACCGTCTTCGACGCGGCGGCCGTCGCGTGGGGGACCGTCGGGCTCGTCGTCGCCGCGGGCCTCGGCCTGATGTTCGGCGCCGACGCCTACGACTTCCGGGCCGACCTGCTGGCGACGCTGCCGTTCCTGTTCTACCTCCCCGTCAAGGACCTCTGCGTGCGCGAGGACCGGGGGGCCGTCGCGATCGCGGCCGTGCTGTGCGCGTTCGGCGTCGCGGCGTCGCTGCAGAACGCCGTGCTCTTCCGCAACGCCATCTCGGGCGCGGCGGCGCTCTACGAGATCGCCGACGCCCGCTTCAACGTCAGCGAGATCTCGATCACGGCCGGAATGCTG
CP177355.1_gap86	3734687	3736204	1517	AAGTAGATATCTCATGAGGTGTTCCTATCATTTATTCGTGTGTGTCCAAGGTAGGTGAGGACTCCGAAATCGTCCTAGTCCATCTGGCCCATTCGAGGGAAACGCACCGGGCCCCTCGTCGGGCCGCCCGCGCCCCGCCGCCCCGCGGATCCGCTCGACCGCGCCCCCCCTGGGACCCGCCAGCGGCCACGGCCCCTGCGCTCGGGCCCGCCCGCCTCGGTGCCAGGCGGGGCTACTGGTCCGCTGTGAGCGCCCGGATCTCGTCGTCGAGCCCCGTCATCTCCCACCGCGCCAGCGAAATCGGGATGCTGTCGATGGCGTGGAGACGGTCGAAAAAGGCGCCGAGAGGAAGCGCCTCGCCACGCGCGGCGGCGAGACGCGTGGCGTCCGCCAGCGTCCGCTCCAGGAGGTACTTGCCGGTCACGTAGCTCGTCCCGTAGCCGGGCTGGCGGAGGTAGAGGTGCTGCTCGAAGATGAGCAGCTCCGGCTCGGTGCTCATCCAGCCGCGCGGCGTACCCGTCACGTGGACGCTGCCCGCCTCCTCCATCGTCATCTCGTTGGCGTGCGCGTAGAGCGAGCCCAGCCCGCGCGCCGCGCGCTGCGCCAGCAGGACCCACACCAGCTCGCGCGAGCGGGGGCTGTCGTCGTAGAGGCCGGCGTGCATGAACATCTCTTCGACGCCGGTCGCCGTGCCCTCGTTGCGGCTGTCCCAGATGTTGTAGAGGAGCGGCCCGCGCACGGGGCTGGGGTGCGGCGTCGTGTCCATCCGCGCCAATTCGAACCAGTGGACAAAGTGGGTGAACAGCGGGAGCGGGTCGAGGTGGGAGGTGATGAGGAAGAAGTTGCGCCGGTCCTCGGGCACGAAGCTTCCCACCTTCTCGCGCAGCGCCGGCTCCATCTCGCCCGTCACCGTCATCACGTCTTGGTCGTCGAGGAACGCCATGAACCGCTGGACGGCGTCTTCCGCCAGCGCGTCGTACTCGGCGGGCGTCGAGGCCGCGGAAAGCGGCGCGAGGTCGCGGTTGCGGTGCTCCTCGAGCGCCAGCGACGCCCACGCCCGGTCGAGCTCGCGCTTGAGGAGGCGGACCTCGTCCTCCCACGTCAGCGGCACGAGGTGGACGTTCTGCTGCCACCACGTGTAGTTGTTCTTCCCGATGCCCGACGGCCCCGTCTTGCTCGGCGCTTGGGCCTCCAGCCACGCCACCAGCGTGTCGGTCGCCGCTGCCGCCTCGGCGATCACCGCCAGCAGGGCCTCGCTGCCGCCCTCCCGGCTCGCCTGCTCGCGCACGCCATCGAGGATTGTCCGCTGCGTCCGGATGTTGCGGATGCCCGCGATCCACAGCTCACGGGCATTGCCGGTCAGGTTGAGCTGCGCTTGCGCCATCAGCGGCGCGATCACGCCCAGGTCGGCGATCAGGCGCTCTTCTTCGAGAGGCGAGAGCGGGAAACTGTACGTCCACAGCTCCGTGACCGCGTGGTGCGTCGGCCCCTCGTGCGCGGGCACGTCGCTGCGGTAC
CP177355.1_gap87	3737967	3738676	709	TGATCTCCAGCAGATGCCCGTCGGGGTCGCGGAAGAAGGCCCGAATCTCCCCGCCCCGGTCGACCGGCGGCGCGAGGAACGCCGCTCCGCGAGCCCGGAGGGTCTCATATGCGCCGTGGCAGTCGGGCACCCGCACCGTCAGCTGATGGCTCACCCGGTCCGGGTCGGCGGGCGGGGCGAAGGTGACCGTCGGCTTCCCCGGCGTCGGGCCGCCGCCGGTGACCAGCAGGAGCCACGTGCCCTGAAACTTCAGCACGGCCGAGTTGCCGCCGTACTCCCGAAAGACCTCGGCGCCGAGCACGTCGCGGTAGAAGTCGCGCGAGCGGCCCACGTCGGCGACGACGAGCAACTGAGTCAGGGCCACGTCGGGGGTCGGGAAGTCGTCCATGGGTCGGTGCGGGGGTCGCGAGCAGAGTACGGGGCGCGCGGCGAACAGCGCCCGGGACCCCGGCACGGCCCGCGCGTTCAGGTCTCTCCCCCACCCCGCCGCCGTGGAGCCCGTCCGCAACCTGATCTCCAAAAAGAAGCCGGCGTACCCGGTGAGCGACCACCTCGTCGAGTACCTCGACAAGTACGGCCGCCGCGCCACCGGCGGCGTGAGCTACGACGACCTGACGCGCCACGTCGGCCAGTTCCCGCTCTACGACGAGCACGGCGACGACACGCTCTGGAGCACCGTTTTCTTCGGGCCCACCGAGCAGACGGAGAT
CP177355.1_gap88	3749659	3753699	4040	TCCAGGTCTACGCTCAGTACGACTCTGACGCGGCCTACTTCTGGCAGTATCAGATTGGCCACATGTACGCGCGGTACTTTATGTGGAACTTCGTCGGCAAGGCGGCCGATACCCAGGACGCCGGCTGGATCTCCGGGATCGGCGAGAGACCGGCGACGGGCCCAACGCCCTCTGAACAGGCAGGGCAGAACGCCTACTTCTGGCTCCCGCTGCTGCTCGGATTGATCGGCATCGGCGTCCACGTCCAGCGCGACTGGCGGCGCGCGCTCGCGGTCGGCGTGCTGTTCCTGGTCACGGGCATCGGCATCATCCTGTACCTGAACCAGACGCCGTACCAGCCGCGCGAGCGGGACTACTCGTACGTGGCCTCGTTCTTCGCCTTCTCGCTGTGGATCGGGATCGGGGCGACCGGGCTGATCGAGCTGGCGTCGGAGGCGCTCGAGAAGAAGACGGCCGCGCTGCGGAGCGCGACGGCGCTGGCGATCGCCGCCGCGCTGTTCCTGGTCGTCCCCGGGTGGATGGCCGTCGAGAACTACGACGACCACGACCGCTCGGGCCGCCGCATCGCGACGGACTTCGCGCGCAACCTGCTCGAGAGCACGGCGCCGAACGCGATCCTGCTGACGAACGGCGACAACGACACCTTCCCGCTGTGGTACCTCCAGGAGGTGATGGGTGTCCGCCGCGACGTGCGCGTGGTGAACCTGTCGCTGCTCAACACGCCGTGGTACATCCGCCAGCTCCGCGACCAGGCCAGCCGCGAGAGCGCGCCGCTCCCGCTGTCGTTCACCGACGCCGACCTCGACGGCATCTCGGGCCCGCCCTCTATGCGGGCGACCGGTCCGCTGGCGCCGCGCGTGATCGAGGACACCGAGGTGGCCCTGCCCGTCGACGCGCGCGCGTTCGCCGACGACCGCGTGGCTGGCCGCATCGCCCCAGGCGACGTTCCCGACCGGATGACATGGACGCTACGTGGGCAGCCGCTCGGGGAGGGCCAGAGCGTGCTCTACACGGCCGACCTCGCCGTGCTCGACCTGCTCCGCAACGTGGCCGAGGAGGGCTGGCAGCGGCCGGTCTACTTTGCCGGGACCGTCTCGCAAGCCTCGGAGTTGGGCCTCCAGCCCTACTTCCAGAACGAGGGGCTGGCGCGGCGCGTGGTCCCCCTCGCACGCGGCGGCGGCGACCCCGACGGCGCGGTCGTCCCGGAGGTCGCGCTCGCCCGGCTGTCCAAGTTCGAGTTCCGCGGCCTCGACGACCCCGACGTGTACCTCGACCAGAACGCCCGCAACATGGCCGACGGCTACCGCATCCGTGTCGGCACCATTGCCGGGCGGCTCGCGGGCCAGGGCCGCGCCGACGCCGCCGTCGCCCTGCTCGACCGCCTCGCGCAGCAGGTCCCGACCACCACGGTCCCCGCCAGCTTCGGGTCGCTGCTGACACTGGCCGACGCCTATGAGCGGGCTGGCGCCTCGGACAAGGCGGCCACCATCTTCCGCGAGGCGGAGACCATCGCCCTCGGACAGCTCCAGTCTGCACGGTCCGCCGGCTCGCAGGACCAGGCGTTCCAGTTCGTCCAGTACATCCAGTCGGCCTACATCCTGGGCGGCGACTACGAGGCCGCCTCGGCGTTCATGGGCCGCATCGCGGACGTGATCGGCGACGAGACCTTCCGCCGCTCGGCCGACGAGATCCGCGCCGAGGCCGAGGCCATGATGGCGCCGCCCACCGACTCGGCGGGGCAGTAGACCCGTGGGCCCGGCGGTTCCCCTCACGCGTGAGGGGAACCGCTGGTCGACCCTGAGCGCTGCGATGGGCGATCGGCGGGGGGAGCCCAGCCACTCACCGCCCGCCGACCGACGGATGCACGGACGCACCGACCCGCTGCTCGCCCGGCCGTAGATTCCGGCCGTCCTCCGCCCCCGACCGATGCCCGAGACCCTGCCCGACGCCGACCTCGACCGCGCTGCGGCCGTCCTGGGCGTGACGCCCGAGCGCGACGGCGCGCTCACCCGACTCGCGCTCTCCGACCCCGCCAGCGGGCGGCGGCTGGCCGTCGAGGTCACCCGCACGGACGAGGGCAGCGCCATCGTCAAGGTGTATGGGACCGAGGCGCACCTCGAGCTCCACGACTGCGCCGGGCTCGTCACGTCTGAGGACCTGGGCGAGGTCATCTTCTTCGCTCGCGGCGGCGGACGCGTCGCTGGGCTCGTGATCGAGCGTGAGGCCGCGTGCTCGCTCTACGCGAATGTCGCCGAGCGACTGCTCTCCGCCGATTTCCTGACCGTCGCCCCCGAAGTCGCGCAAGCGGCCGTCGTGCTGTCGCTCAGCGAGCCGCTCTTCGAAGGCGACTGGACGCCGGAGTCGGAGGCGTGACGGACGTCGACGGCGGCCCCCCTGCGGGCGGCGTCGAGGTCCACCTCGCGCACGAGACGCGGTCGCTCGATGTCGACACGGCTCGGGCGGTCGCGCAGGCCGTGATCGACGGAGAAGGGCTCTCCACGGGCGACGTGGGGATCGTGCTCGCGGACCACGCGACGGTCCACAACCTCAACCGGGAGTGGCTCGGCCACGACTACGAGACCGACGTGGTGTCGTTTGTGCTCGACGAGGCGCCGGGCATCGTCGACGGCGAGGTCTACGTCGACCTCGACACGGCGCACGAGCGGGCGGCCGAGTTCGACACGACGCCCGAGCGCGAGGCGCTGCGCTACGTGGCACACGGCGTCCTCCACTTGTGCGGGCACGACGACGCGACGGACGCGCAGCGCGCGGCGATGCGGGCGCTGGAGGACCGCTACCTGGCGGCGGCGGGCTGCTAGGTATCGTCCGGTGATTCCGCACGCAGCCGCGATCGAGGCCTGGGCATCGACGTCAAGACGTGCGAAGCAGACGTAGCCGTCGCCACGGCGATGCCGCGCGACGCGGAGGGCGGCGATCAGGGCCAACCGCACGCCGTGAGGCATTCACCTGACAGCGCCTACCCCACCAGCTTGCGCAGCGGCTCGGCGACCTTGACGACGTGCTTCGCGGTCGACATGATGTAGAAGTGGATGCCGGGGACGCCCGCGTCGACCAGTTCGGCGGCCTGCTGGCGGGCCCACTCGACGCCCACGTCCGCCACGTGCTCGGGCTTGGCGGCCTCGACCTCCGCCGCCAGCGCCTCCGGTATCTCCGTGTGGAACGTCCGGGGCAGCGTGCGGAGTTGCTGTTTGGAGGTCAGGATCTTGACGCCCGGCACGATCGGGACCGTCACCCCGACCTCGCGGCACGTCTCGGCCCACGCCAAAAAGTGGGCGTTGTCGAAAAACATCTGGCTGACCACGTAGTCGGCGCCCGCGTCCACCTTGCGCTTGAGGTTGAGTACGTCCCACGTCAGGTTGGGCGCGTCGACGTGCTTTTCGGGGTAGCCGCCCACGCCGACGCAAAAGTCGGTGGGCGCCGCGTCAAGGAGGTCGGCCAGGTAGCGGCCCGCGTTCATGGCCTGGATCTGGGCCACCAGGTCCGCCGCGTAGGCGTTGTGGTGGCGGCCCGGCCGCTCGGGCTTGTCGGCCGCGGCCTCGTCGCCCTTCACCGCCAGCACGTTGTGGATGCCGAGGTAGTTGAGTTCGATGAGCGCGTCCTCGGTCTCCTCCTGCGTGAACCCGCGGCACAACAGGTGCGGCACGGCATCGATGCCGAAGCGGTACTGGATGGCCGCGCACAGCCCCAGCGTGCCCGGCCGCTTACGCTTGACGCGCTTGCGGACGGTCCCGTCGGGCTGCTCGTCGTACACCGTCTCGGCCGAGTGGCTCGTCACGTCGATGAACGGCGGCCGGTACGGCGCCAGCGCCTCGACGACCGCCAGCACATCCGCGACGGACGTGCCGCGCGTGGGTGGGATGATCTCGTACGAGAACAGCGGGCCGTCGGCCTGGTCGTAGTGCTCCGTGACCTTCATGGCGCGTCGGGGGGAGGCGCGAGGATACCGCGAGACACGGGCCAGCGGCTAGTTCCGGCGGAGCCAGAGGTCCTCGGTGAGGGCCGAGCGTCCGGGCGCTTGG
CP177355.1_gap89	3914341	3917206	2865	GGAGGTCCGTCGCCGCGGCGGAGTTGGCGCTCGGCGCCGGCCGCCCCGACGTGGCCCTGGCGCTTCTCGACGGCGCCGACGAGGCGCTCCGGACCCACCGCCTCGACGAGTGGGACCCGGCCACGGCTGCCCCCGCCCTGCGTCTCCTCCACACGGCGTGCTCGGCGCTCAAGGCCGCGCCCGGGTCGCCTGCTCGCAAGGCCGCCCTCTCGGGCCGCGCCGACGACGCCTTCGCCCGGCTCGCCCGGATCGACCCCGCCTTCGCCTTGCGCACGGCCGCGCCGACCGGGTAAGCCGCGCCAAGCGGGTACGCCGCCCCTCTGCCTCGGCCTCTCGCCGGAGCCCGCAACGGGCAACCGCTGAAAACCCAAGGACGCGTGACGGCACGCGCCATCCTTTCCGGTATCCACACACAGAGCCCCCTCCCCCGCCGATGTCCCAGAGTTTCCAACACGAGAAGCCCCCGTCCCGCGTCAACCTGTTCCTCGAAGTCGCCAAGGGCGATGCCAAGGAGCGCGTCGAGCTCCCGATGCGGATGCTCGTCGTCGGTGACTTCACCGGTCGCGAGGACGGAACCGCCGTCGAAGACCGCGAGGTGATCAACCTCAACAAAGACAACTTCGGGGACGTCCTGAAGTCCCAGGAGCTGCGTGTCCAGACGACCGTCGAGAACACGCTGACCGACGAGGACGACCTCGCCGTCGACCTGACGTTCGACTCGATGGCCTCGTTCAACCCCGAGCAGATCGCTCGGCAGGTGCCCGAGCTGTCGCGTCTGCTGGCGACCCGCAACCTGCTTCAGGACTTGCGCAACCGACTCATCTCGGCGGCCGACTTCCGCAAGCAGATCGAGTCCGTCATCAACGACCCGGCCGCTCGCGAGCAGCTCCTGTCCGAGCTCGACGCCATCATCCAAGAGGATGACGCGCCGGCGGACGACGCCTAACCCACCGCTGGCGCCCTGCGCCGACGCCCTTTCTCCACCGACGACCCCCGCACGTATGGCCGAGAGCCAACTGCAGACCGACGACGCTGCCCAGGCCACCGAGGCCGAGGGCTCCCTCCTCGACTCCATCCTCGCGAAAGTCGATGTCAAGGCCCCCAAGGGCGACGTCACGATCAACTCGTTCTCCGACGCCGACGCCATCGGCGGTCAGGAGCGGGGAGCCATGATGTCCGCCGCACTCCGTGTCTTCGTCGACGCGGTCGCCAAGAGCGGGAAGCCCGTCGCCAAGATCGACAAGCATCTCGTCGACGGCTTGGTCTCCGACATCGACGCGACGATCAGCCGCCAGCTCGACCGGATCCTCCACTCCGACAAGGTCCAGAAGCTGGAGTCCGCATGGCGCGGACTGAAGTTCCTGGTCGACCGGACGGACTTCCGCAAGAACGTCAAGATCGAGCTCCTCAACGTGTCCAAGGACACGCTGCGGGAAAGCTTCGAAGACGCCCCGGAGCTGATTCAGAGCGCGCTCTACCGGCACGTCTACACCAACGCCTACGACCAGCCGGGCGCCGACCCGTACTCGGCCATCGTCTCGGCCTACGAGTTCGACGCCTCGCCGCAAGACATGGCCCTGCTGCAGGACGTGTCGAAGGTGGCCTCGTCCGCCCACGCCCCGTTCCTGGGCGCCGTCGGCCCGCAGTTCTTCGGCAAGGAGTCCATGGAGGAGTGGAAGAAGATCCCCGACCTCTCCGCCTACATGGAGCTGACGGACTTCACCAAGTGGAACGCCCTCCGCGACACCGAGGACGCCCGGTACCTGGGCCTGACGTTCCCGCGCTTCCTGCTCCGCCTCCCCTACGGCCAGGACACCGTCCCGGTCAAGTCCTTCAACTACGAGGAGGAGGTGAGCGGCGCCGACCACGACCGCTACCTCTGGGGCAACTCGTCGTTCGCCTTCGCCAGCAACATGGTCCGCGCCTTCCAGCGCGACGGCTGGGCCGTCCAGATCCGAGGCCCGCAGTCCGGCGGCAAGGTCGACGACCTGCCCGTCCACCTCTACGACGTGGGCAAGGGCAAGCAGGCCAAGATCCCGACCGAGGTCCCGATCTCGGAGACGCTGGAGTTCGAGGCCGCGAACCTCGGGTTCATGCCGCTCTCGCACTACCAGGGCCGCGACTTCGCCGCGTTCTTCTCGGCCAACTCGACCCAGCGCCCGAAGCTCTACGACGACGACGCGGCGACGGCCAACAGCCGGATCAACGCGCGGCTCCCGTACATCTTCCTCGCCTCCCGCATCGCGCACTACCTGAAGGTCTTGCAGCGCGAGAACATCGGGGCGACGAAGGACGCCGGCGCCATCGAGCACGAGCTCAACACCTGGCTCAAGGGGCTCGTCACCGAGATGGACAACCCGAGCGCCGAGCAGGTCGCCAAGTACCCGCTCAAGGCGGCCTCGGTGACGGTCGTCGAGCTCGACGACAACCCGGGCTTTTTCCGGGTCCAGACGGCGATCAAGCCGCACTTCCAGATCGAGGGGATGGACATCTCCCTCTCCCTCGTGGGCAAGATGCCCAAGAAGTAGCCCGGCCGCGGGCGCCCGCCCGCGCCGGTCGACCTCCCGCCACACGCTGGCGCCACGACTGTGGCGTCGGGGCCTCGTACACCCTATTCCCAAACCGCTCGCGAGAGCACCGCTATGCCCACTCCCATCTACATGAGCATCAACGACAACGGGGTCGCTGGCTCCGTTGAGATCGCTGGCCGTGAGGAGACCATCGAGATCATTGAGGTCGAGCACGACGTGCACATCCCGACCGACATCCACTCGGGCCGCTCGTCGGGCGTCCGCCAGCACGGCCGGTTCACGGTCCGCGCGGCCATCGACAAGGCCACGCCGTACCTCTACAAGGCGGTCACCG
CP177355.1_gap90	3994096	3996228	2132	CAGATCTACCACGAGTCGCTACCGGACGAGGCCTATGCCCCTCCGCCTCGGCAGCTCCGCGGGGGGACCGTGACAGACGGGCCATGCTATGCTCGGTGCGCGGCGAAAAACGCCACGGCCGCCGCCGCCGCCGTCAGAAGGTGCCACACCCCGTGGCCCCACGGCACGATCGGGAACCGTCGCGCCTTGTCGGCCGCCCAACATGCGTACGCCACGGCGAACAGACCGATCGATGCCAGCACCCAGGGCCACACGGCCAGGTTGTGGAGCAGCGTCGCCGCGTAGGCGACGACGAGCAGCACCCCGATCTTGATCTCCATGTCCTTCCGATACCGCGGGGCCAGCAGGCTCACCGCTAGGCCGGCCCCCACCAGCATCAGCAGGGCGACGAGCCACGCGCCGATCGGCCCGTCGGGCGCCAGGCCGCCAACGCCCCACGACAGGACCCACTCGGCGACCGCATAGAGGGCCGTCGCCGAGAACACCGCATAGATGCCCGTCACGTCGAGCATCTGCCCCCAGTGCGTCGAGACGGCGTGGAACAGCATCGACCCGACGCAGAGGTAGCCCATCGCCAGGGCGAAGACCCAGGCGGCGGGGGTCCCGAGCCAGGCCGCGACAAAGACCCCGGCGGCGAGGTAGGCGGCATTCGTGTAGGTGTTGATCGGCTGCTGGGGCACGTAGAGCAACCCCTGGCCGCACCCGTTGATCTCCGCCTCGTGCCAGTGCTCATAGCAGCGCGCGTAGTCGTCGACCACGTGGCGGGGCTTCAGGACGGCGAAAAAGGCCCGGCCCACCAAGGCCAGGAACGCGACGCTCCCGAGGGCCAGGAGCAACGGACCAAGGATCGTTGGAGGCATCGGCGTGGAGGTGTGGTCTCGGGGTGCGGTCGGCTACGCCCGGTCCGCTCAGGCGGCGGGCCGGGGGATCTGAAGGAGGAACGAGGCGCCCTCCCCCTCGTGGCTCCGCACGGCCAGCGACCCGCCGTGGCGGTTGGTCACCGTGTCGTAGGCGAGGGAAAGTCCCAAGCCGGCCCCCTCGCCGGCCGGGCGCGTGGTCACGAACGGCTCGAACAGGCGCTCCCGGACCGTCCCCGGGATGCCCGCGCCATTGTCTGAGACCTCGATCTCGACGCCCTCCTCGACGGCCCGCGTCGCCACGGCGATCCGGGGCCGAGCGTGGCCCGCTTCGAGGGCCGCCCGGAAGGCGTTGTCGAGCAGGTTGAGCAGCGCGACCGACATCTCGTGCACGTCGACCTCGACGGCGCCCGCGTCGGCGTCGTAGACCCGCTCCACCCGGACGGCAGCGGGCCCCTCGACGGCCTCCGCCCCCAAGCGGGCGTGGACGTGCCGGACGGCCGCGCAGAGCGTCTCCTCGACGAACCGGTTCACGTCGACTGACACCACCCGCGCCGTCGTGGCCCGGCTGTGCTCCAGCATCCGCCGGACGACCCGCGCTGCCCGTCGCCCATGGCCCTCGACGGCCTCAGCGTTGAGAGCGAGCTCGTCCAGGAGTTCGTCGGCGAGGGCCCTCCGCTCGAGGGCGTCGGGCTCGGCGAGGGCGCCCCGGAGGTCGTCCACCAGCCCCCGGTTCAGCCCGGCAAAGTTGACGACGAAGTTGAGCGGGTTCTGGATCTCGTGGGCCACCCCGGCCGTGACCTTCCCCAGCGCCGCGAAGCGCTCGTGGGAGAGGAGCGCGGCCTGGGTCTGGCGGAGGTCGCGAAACGACACCTCCAACGCCTCCGACCGAACCGCCAGCTCGTCCTTCAGCCGACGCACCTGCTCGAGCGCCTCGTGCTGCCCGTACCGCGCCGCGTAGAGGTACGAGGAGAGCGTCACCACGATCACGATGGCGAATAGGAAGTACGCGAGGCGATGGACGATCAGGTCCGGCGCGATCGCGTCCGGGTACACCGAGAGCATCCACAGATACACCCCTAGCAGAGCCCCGGCGATGCCGAGTGCCTGCCGAGGCGTGTATGGGACCGTCCCTATGGCGACGAGTTGGACGAGAACCAGCCACGCGGTCGTGAACGAGAAGTCGTTCTGGGCGACGTCGTCGAGGACGATGGCGAGGCCCGAGGCGACGATGATGGCCGCGAGCAGCAATCGCCCCCAGGTCCGTACACCCTG
CP177355.1_gap91	3999230	4002103	2873	CGACGGCGCGTCGCGGTCGTCGCCGAGCCACCGCACGTCGTCGCCCCGAACGCCCGGCTGGAGGGCGTGGCCCGCGCCCCGGCCCGTCCCCGCGTGATGGAACTCGGCGCGCCGCTCGGCCGACTCGTTGCGAAACGCCGTCGTGGCGGCCTGGTCGAGAAAGTCGGGCTGGACGGACCAGCCGTAGGCGTCGAGGTCAGTGGCGATCCGGTCGCCGACGTCAGAGGCGAGGCTCACAAGGTGCGGCCAAAGGGAGAGGGCGGCCACCCGTCAGAGGCCGCGAGCGCCCGGTTCGTTCCACGCGGGCCAACGTTCACGCCCTCTCAGGCCGTCCCGCCGATGTCGTCGGTGCGCGCGGCGACGGCCTCGTAGTCGTCGCGGCCGGACAGGATGGCGGAGACCTCGCGGTGGCGCTCGCGCACCGCGAGGCGGTCGGCCTCAATGCCGAGCGCGTCGGTGGCGCCTTGCAAGAGGGCGTCGGCCTGGGCGCGGAGCGCGACGCGTTGGGACGGGTCGGTGGCTCGGCCTGCGACCTCGGCGAGCGTGGCGAGCGCGTGGAGCACGGCGTTGGGGTCGCCGGCGAGGTAGGGCCGGAGCTGTCCATAGACGCCGTCCACGAACTCGGCGTAGGTCGTCGGCTCGGCGACCACGCGCAAGGCGCCCGTCTCGTCGTGGCGCGTCGGCTCGGGGAAGTCGCGGTCGGCGAGCGCCTTGAGGGCCGCCGCCAGCCAGTCGAGGCACGAGATGGCCGTGAACGGGTCGTTGACGCCGGGCGACAGCGCGCGGGCGGCGATCTCGACGAGCTCGTCGATCAAAAAGCGCACGTCCTGGCGGGCCGAGCGCTGGGCGCCCCACGCGAACGCGACCCGGATCGCGTCGGCGGCGTCATCGCTCACCCGGTCCGGCGGCCACGCCAGCACGAGCGCGTCGCCGTCGGCCACGAAGTCGCCCGGGCGGTGGCGGATGCGCAAGACCACGTCGTGCTCGGTCGCCAGCGCCAGCAGGGCCTCCGCGTCCACGCCGCGCACGTAGCCGGCGCTGTCGGCCGCGACCCGCCGCGCTTGGGCAAAGAACTCCGGGGGGACGGCCGTGAGGGCGTCGTCGTCGGCTTGCGCGTGTCGCGTGGTGTCGCCCTCGCCGATGCGTTCGGGGAAGAGCGTGTCGAGTTGCTGACGCAAGTCGCGCCCGATCCCAGCCACCAGGTTCGAGACGTGGATGCTCTCGGGGACGTGGTGGATGAAGTAGATGAACACGCCGATGGAGGCGAGCGCCAGCGCCAGCGCCACCAGAATGGCGATGTGGGGCACGAACTCGGCCCCGCCGCCCTCGTCCGCCGACCGGATCGTGCGGAGCACCAAGAGACCGTAGAGGAACGTCGCGATAAAGGTGCCGAGCGTGATCTGGTTGCCCCGGTCGTCCATGAAATTGCTCAACAGCCGCGGCCCGTACTGGCCCGTCGCGTAGACCACGCTGGCGATCGTGATCGAGAACGTGACGCCGGCCACGCCGATCATCGACCCGGCGATCGTCGACAGGAAGGCGCGGGCGCCGTCGGGCTTGTTGCCGGTCAGGAACGAGACGCCATCGATCCATTCCGGCCCGACCCGCTCGTCGACGGCCACCACGGCCAGCGCCAGCACGCCCGAGGCGACGGTCATCAGCGACGGGATAAACCAGTAGCTGGAGCGGATGTCTTCCCAGAGGTCGAGGAGGCGGGCGGTCGAGTCGAACACGGCGGCGCAAGCAGGGGCCGGGCGAACGCCGCGTCGGACAGACGCGGATCCGCCACGCATGGTGCGCCGCGTACGTTGCCGTCCGCCGCCGCCGCCCCGATGCACACAAACGCCGCCCTCGTCACGCAGTTTTCGGACGCCCTCGCCCGCCGCGACGGCGACGCCATGGCGGCGTGCTACCATCCCGAGGTCCACTTCCAGGACCCCGTCTTCGACCTCCGAGGCCCCCGCGCCGGGGCGATGTGGCGGATGCTCTGTGCGCGCGGAAACGACCTCGCCGTCGTCGCGTCGGGCATCACGGCCGACGACGACGCGGGGGCGGCGCATTGGGAGGCCGACTACACGTTCTCCACGACCGGCCGCCCGGTCCACAACGTCATCGACGCGGCGTTCACGTTCCGCGACGGGCTCATTGCGACGCACCGCGACACGTTCAGTCTGTGGGCGTGGACTCGGCAGGCGCTCGGGGCGCCGGGCCTGCTCCTCGGGTGGTCGCCGCTCCTCCAACGCAGGGTGCGCGCGACGGCCGCCCAGAGCCTCGACGCGTACATCGAGCGCCACCCGGAGGCGCTCGGCTAGCTCGCGAGGGCGGCTACGGCGGCGGTCTGGCTGACGACGCGCTCGGCGGCCAGCCCCGCAATCCGGCGGCGGACCTCGGCGCCGTTCGCCAGCGCGAACGCGCGCTCGTCGGCGGTGAGCACGCCCAACACGAGCCCGAGCACGACGCGCCCGAGGCGGGCGTCCTGCTTCATCCGCTGCGCCAGCCGCGCCCGCTGGTCGGCGGGGTCGAACCCGGCGAACCCGGGCACCTGCCGACGGATCGTGTCGGCGACGACCGCCAGCAGGGCATCGTTCTGGAGTTTGAGGACGGGCCGCAGGGTGCGGTGCAGGAATGCCTCGGCCGGCGTGTCCGCGGGCTCGGTCGGGATCGTCGGGCGCAGGGCGAGGAGGGCGGCGTCGCGGTCTGTCATGGGGCGCGGACGCCCCGTCGACGCGCGGGGCTCCCGGTCGGGCCTTGCGGAAATAGCGACACGCCCTACTCTGTCCGGATCCACACGCCCATGCGCCCGCTCTCCGCCCTCGCCCTCGCCCTCGTTCTTGCTGCCTGCGACGCGAGCGCGCCGCCGAGCGGTCCCGTCG
CP177355.1_gap92	4023684	4024339	655	GACCTCGACGCCGACGCCAGCCAGGTCCGTGAGGCCGGCGAGGCCGTCGAGATCGGGCAGGGCCGCGTTGTCGCGAACAATGAGGGACACGACCTCATGCAGGCCCAAGAGGGCGTCGAGGTCCGCGAGCCGCTCATTGCCGACGACCTCAAGCCGAAAGGCCGCTTCGATCCCCTCCAGCCCCTCCAGGCTCTCGAGCGTATCGTTGTCCCAGACGTAGACAGAGCGCACGACCGGGCCCACCCCGGCGAGCGCGGCGAGGCTCGTCAGCGCCGGGTTCCTCTGGATGGAGATCGACGTCCGGTCGCCGTCCAACGAGGATCCGGCGAGGGAGCCGATGTCCGCGAGCCGCGCGTTGTCCTCGATCCGCAGGGTCTCCAGGCCGTCCAGCAGGCCCAGGCCTTCGAGGTTTTCGAGGACATCGCTGCCGGTGACAATCACGACCCGGGCCCAGGTCACGCCGCCGAGCCCGTCGAGCGACGCCAGCACCGGGTTGTCCCCGATTATTAGAACGTCGACACCGGTGAGACTCGCCAGCCCATCGACCGTCCGGAGGACCGGGTTGCCCTGGATTATGATGTCCTCCGCACCCTGGAGGCTGGCGAGGCCGTCGATCTGTTCGAGAGCCGCGTTGTCGCGGATCTCCAACCTCCCG
CP177355.1_gap93	4064396	4068764	4368	GCGCCCGGGACCTCGGCCTGCCCGCCCAGCTGCCCCTCGACGCCCACCTCTCGGGCGACCGTCGTGACCTGCTCGGCGAACGTGTCGAGCGTGTCGATCATGGCGTTGATCGTGTCGCGGAGCTCGGCGATCTCGCCCTGCGCCTCGACCTGGAGCTTGCGGTCCAGGTTGCCCTTGGCGACGGCCGTCACGACCGCCGCGATCCCGCGGACCTGGGTCGTCAGGTTGTCGGCCATCGAGTTCACGTTGTCGGTCAGGTCCTTCCACGTCCCCGACACGCCCGGCACCTGGGCCTGGCCGCCCAGCTCGCCCTCGGTCCCCACCTCACGCGCCACGCGCGTCACCTCGCTCGCGAACGAGCTCAGCTGGTCCACCATCGTGTTGATGGTGTCCTTCAGCTCGGCGATCTCGCCCTGAACCTCGACGGTGATCTTCTTCGACAGGTCGCCGTTCGCGACGGCCGTCGTGACCTCGGCGATGTTGCGGACCTGGGTCGTGAGGTTGTTGGCCATCGAGTTGACGTTGTCCGTCAGCTCCTTCCACGTCCCGGACACGCCCGGCACCTTGGCCTGGCCGCCCAGCTCGCCCTCCGTCCCGACCTCGCGCGCCACGCGCGTCACTTCGGAGGCGAACGCCGAGAGCTGGTCCACCATCGTGTTGATCGTGTCCTTGAGCTCCAAGATCTCGCCCTTCACGTCGACCGTGATCTTCTTGGACAGGTCGCCATTCGCGACGGCCGTCGTGACCTCAGCAATGGCACGGACCTGGGTGGTCAGGTCGCCGGCCATGTAGTTCACGTTGTCCGTCAGGTCCTTCCACGTCCCGGACACGCCCTCGACCTCGGCCTGGCCGCCCAGCTTGCCCTCGGTCCCCACCTCGCGCGCCACGCGCGTCACTTCCGAGGCAAAGCTGGAGAGCTGGTCGACCATCGTGTTGATGGTGCTCTTGAGTTCGAGGATCTCGCCGCGGGCCTCGACGGTGATCTCTTTCGACAGGTCGCCGTTCGCGACGGCCGTCGTGACCTCGGCGATGTTGCGGACCTGGGTCGTCAGGTTGTCCGCCATCGAGTTCACGTTGTCGGTCAGGTCCTTCCACGTCCCGGACACGCCGGGCACCTCGGCCTGACCGCCGAGCTCCCCTTCGGTCCCCACCTCGCGCGCCACGCGCGTCACCTCGGACGCGAACGAGCTCAGCTGGTCGACCATCCGGTTGATCACGTTCTTGATCTGCAGGATCTCGCCCTTCACGTCGACCGTGATCTTCTGGGTCAGGTCGCCATTCGCAATCGCCGTGGCCACCTTCGACACGTCGCGGAGCTGGACGGTCAGGTTGCCGGCCATCGCGTTCACGTTGTCCGTCAGGTCCTTCCAGGTCCCGGAGACGCCCTCGACCTCGGCCTGGCCGCCCAGCTCGCCCTCGGTGCCGACCTCGCGCGCCACGCGTGTCACCTCGGAGGCGAAGCTCTGGAGCTGGTCGACCATCGTGTTGATCGTGTTCTTGAGCTCGGCGATCTCGCCCTGCGCCTCGACGGTGATCTTCTTCGACAGGTCGCCATTCGCGACCGCCGTGGTCACCTCGGCGATGTTGCGGACCTGAGCCGTCAGGTTGTCCGCCATCGAGTTGACGTTGTCGGTCAGGTCCTTCCACGTCCCGGAGACGCCGGAGACCCGAGCTTGGCCGCCGAGCTGGCCTTCGGTGCCGACCTCACGGGCCACGCGCGTCACCTCCGAGGCGAACGCCGAGAGCTGGTCGACCATCGTGTTGACCATCTTGGCCGTCCGCAAAAACTCACCGCGGACCGGCCGGCCCTCGACCTCCAGCTCCACCTTCTGCGACAGGTCGCCCTGGGCGACCGCCCCGATCACGCGCTCGACCTCCGCCACGGGCTGGCCCAGGTCGATGATGAGCTCGTTGACCGACGCCACGGCCGTCCGCCAGCCGCCGGTCGCGCCGGCCAGCGCGGCCCGCTCGGCCAGCCGCCCCTTCTTGCCGACCTCGTCGCGCACGCGCTCCAGCTCGTCGGTGAGCTGCTCGTTGAGCGAGATGATGGCGTTCAGCGTGTCGGCCACGCGCCCGACGGTTCCGTTCTGCTCGACGACGAGCCGGGCCGAAAAGTCGCCCTTGTGGACGGCCGTCAGGACCGCCAGCAGGTCTTTCGCGTCGAGGTCGCACAGCGCGCCGGGCGTCGCGGCAGACGCCTTCCGCGCGGGGCTCGGGGGCGGGGACGTCGATCCGTCCGTGGTGGGCGTCGGCTTTTTGGTAGCCATCGGGAGCAGGGGGGGCCAGGGAGTCCGTCGGAGCGCAAAGTATCGGCGCCGACCGAGCCTTCTCTACTCGGGCATTCCCTATATGTGCCCGGCGATGTGGAACCGCCGCGTTCCCGGCCCTACAGCCGCTCCTTGCGCTCCAGGTACAGCGCCCGGCTCAGCATCACCGCCGCTTGCGCCGTCTGGTCCGTGAACCAGTAGTTGACGCCCGCGCCGACGGCCGCGCCCGCGATCGGGATGGACTGCGCCAGCTTCTGCGCCCCGAGGTTTTTGGCGATCTCGCGCGGGACGTGGCCGAGCTGCTCGCGCAGCGTGCCCTGCGCCGACCGCGCCCGGTAGCCGCCGCCGTCGATGGCCGACGCCGCGACCGCCAGCTCGCGCAGCGCGTCGGACTTGGCCTCGCGCGACCCGCTCGCGGCGACGTTGAAGATGGACACCACGAGCGGCGTGTAGCCGGGCCCCTGGAGCGGGAAGCCGTACGCGGCCGCCACCTGCTGGATGAGCCGGAAGTTGACCGTGAACAGGACGGGGATGTCGGCCGCCAGCAACAGTGCGCCGCCCAGCCCGGCCCCGCCGCCCGAGAGCGCCGCGAGGACGGAGTTCTGCGAGGCGTACTGCTTGGCCAGCTTGTCGAGGTCTTCCAGCGGCTGGTCCCGCAGCTCGCCGACCGTCGCCACGTCGACGCCGGCCTCGGCGGCCTTCGCCAGCACGTCGTCGGCGTCGAAGGTCCAGGCGCTGGCGTCGTTGAGCGTCGACAGGGTCTGGGTCAGCGCCGTCGTCAAGCCGTCGAGGACGGACTCGGGGACGAACTGGTCGAAGGCCCAGTCGACCGGCTTCATGGCGAAGCCGAGCGCCTGCTGGAGCAGGGTCTCGCCGCGCTCCCAGCGCTCGATCTCTCGCTGGGCGGTCCGCTCGTACTCGGTAAGGCGCATCGTGGGGCGTGTGCGTGGGGGAACGGCGCCCCGCGCGGAGCGCGGCGCCTAGTCGGCGTTAATGTCGTACTTCTTGAGCAAGCGGTACATGGTGGCCCGGCCGATGCCGAGCTCGGCCGCGGCCCGCTCCACGTTCCCGTCGCAGGCCTGGAACGCGGCCTCGACGGCGCGGCGCTTGAGCTCGTCGAGGGGGACGATGTCTGCACTACCGGCCGCAGACGCGCCGGGTTGCACGGCGGGGACGGCGAGGGGCGGGAGGTCGTCCCAGGACGCCGGGGGCCCGCTGGCGGCCGGCGCCGCGGCGGCGGCCTCGCTGCGGGCGGGCTCGGCGACCGTCGGGATCTCCTGAAGCGCGCTGCCCGAGCTGTTGCCGCGCACCTGTCCGTCGCCGCCGGTCAAGCCGTCGGCGCTCGGCATCCGGGCGCCCGGGCGCTCGGCCCAGGGCTGGATGGCTTGCGGCCCGCCGATCAGCAGGTCGTCGACGGCGATCTCGTCGGCGTCCGAGATCAGCAGCGCGCGCTCGACGGTCGACTTCAGCTCGCGGACGTTGCCCGGCCACGCGTAGTCGAGGATGGCGCGGACGGCGTCGCCGCCCAGCCGCTTGCCCTTGAACTGCGGGTGCGCCGTCGTGTAGGCCTCCAGGAAGCCCTGCGCCAGCAGCAGCACGTCGTTGCCGCGCTCGCGGAGCGGCGGCAGGCCGATGGGGAACTGGAACAGGCGGTAGTACAGGTCCTCCCGGAACGTCCCCGCGCGGACCATCTCGAGCACGCTCTTGTTGGTCGCCGAGATCACGCGGCACTCGAACTTGATGGTGCCTTGCCCGCCGACGCGCGTTACCTCGCGGTTCTGCAGCGCCCGCAGCAGCTTGGCCTGGAGCCCCAGGTCCAGCTCCCCGACCTCGTCGAGGAACAGGGTCCCGCCGTCGGCCTGCTCGAACTTGCCGATGTGGCGGGCGTGCGCGCCGGTGAACGAGCCCTTTTCGTGGCCGAAGAACTCGGACTCCATGAGCTCCGCCGGGATCGCCGCGCAGTTGACGACCACGAACGGGCCGACTTCGGGCTCGCCGGGGGGCGGATCGGAGTTGAAGTGGATGGCCCGGGCGACGAGTTCCTTGCCCGTTCCGGACTCGCCCTCGATCGCGACCGTCAGGTTCCCGCGCAGCGTCTTCT
CP177355.1_gap94	4070773	4072893	2120	GCGCTTGGACCCGAACGCGGCCTCGACGTCGAACGGGACGACGACGAAGGCGCCGCCCCCATCGTTTGCGAGGATCGTCGCGGTGAAGGCGTGCTCGGCCATGGCTAGATCCAGATGAGCCCCGCGATGCCGATCGCGAAGCAGTAGTAGGCGAAGTACTGGAGCGACCGCCGCTGGACGAGCACCTGGACCGCCCGGATCGCGAACACGCCGCTCGCGAAGGCCACGACGGTCCCGACGATGAGCGGGAGCGGCTCGACGGTCATCCCAACGTCCAGCATGTCGAGCGTCTTGAGCAGCGTGGCCCCGAGCACGACCGGGAGCAGCATCAGGAACGAGAAGTCGGCGGCCTCCTTGCGGTCCACGTTGAGGTAGATCGCGGTGCAGATCGTCGAGCCCGAGCGGCTGATGCCGGGGATCAGCGCGGCGGTCTGGGCGATGCCGACGAGCACGGCCTTGGCCGGCGACAGCACACCGTTGGGATCCGGCCGCAAGCGCGTGAGCAGCAGCAGGATGCCCGTCACGATCAGCGCACCGCTCACAAAGCGCGGGTCGCCAAACAGCGCCTCCAGCCGCTCCTCGAACAGCAGATAGCCAATAAACGTGGGCACCATCGTGATCAGGATGAGGATCGCCAGGCGCAGCGACGGGACCGGCCCGCCGGATGCCTCGGGCGCGTCGTAGCTGATCTCGTCGCCGCGCGCCCGTTCGATGGGGCCGGGGCGGACGGCCTGCCGCCACGCGCTGGCGTTCGTGAGCGCGCCGACGGCGTCGCGCAGGATGCGCCCGATCCGCTGGCGGTAGACGACCAGGATCGAGAGCGCCGTCCCGAAGTGGACGAACACCTCGAACGTCACATCCTTAGCGTTGCTCGTGTCAAGCCCGAGCACGTACTCGCCCAAGACGAGGTGGCCGGAGGACGAGATGGGGAGGAACTCGGCCAAGCCCTGGATGAGGCCGAGAATCGCGGCTTGCCACCACGTCATAGAGAAACCGGAGAGGGGACGGTCGGAGAGGGGCATCACCTACGCGCATGGGCCGGGGGCGGTCCCGCTGGCGCGTGCGGAGCCCGTGGAGTGCAGGGGCGCAAGCAAGTGGAGACCGGGACGCCCCGCTTCGGCATCCCCCCGCTCAGGCGCGCACACGAACTGCCAACCTTCACGGCTGGCGTCGCGCCATTCGGGCGGGAACGCTGAAGGCTTGCGCTAGCCTCACCTCAGGGCGCCGCCGGCGTCACGTCGAGCACGTCCTCCCGGTCCACGCGGACGAGCCCGGGCGGGCCGCCTTTGATGGGCCGCACGTACTTCCGCTCCGTCACCGTCACTGGGACGACGGACTGCGTCTTGGCCGTCGAGAACCACGCCGCCAGCCGGGCCGCGGCGGCGACCGTCGCGGGCGGGACCTCCGTCGACCGCCCCGCGCGCTTGATGACCACGTGGCTGCCCGGCACGCCGCGCGCGTGGAGCCACAGGTCGTGGGGGCTGGCGACACGCGTCGTCAGGTGCGCGTTGCCCTTGGCGTGCTTGCCGACGAGCGCTTCGAAGCCACCGGGCAGGGCGATCCGGCGGAACGGCTCGACGGGCCCCTCGTCGCCGCGCTGGCCGAGCACGCGCGCGAAGGCGTCGCTCTCGGCCTCCCGGAGCGCCCGCAGCTCGCCGAGCCCCGTCGTCGCGCGGAGCCGCGCCAGCAGGTCCGCCAGCGCCTCGGCCTCGCCGTGGACCGACTCCCACCGCTCCTCGGCCGCCGCTCGCGCGCCCCGCGTCCGCCGCGCCTTGTCGTAGAACCGCTCCGCGTTCTCGACGGCCGAGCGCGCCGGGTCGAGCGGGATCTCGATGTCTCCCGTCCCGCCCACGATGTCGTCGACCGTCACGGACTCGCGGCCCGGCCCGGCGCCCGCTTCGAGCGCCATCAGCAGGTGCGCCCACGTCTCGTAGCCGTCGGCGCGCGAGGGCTGCGCCAGCTCGGTCAGCATCGCCTCGGCGGACCGCTGGCGGCGCCCGGCGGCCGTCGCGAGCGCCTTTTCGAGCGGCCGGTACGCCGCGTCGTACGCGGCCTGCCCCAGCGACCGCTTCGACCACACCGCGAGGGTCGCCTCGACGGTCTCGAACGGCTCGGCCCGC
CP177355.1_gap95	4093923	4097315	3392	GTGTAGGCGTAGAACGCGAGCAGGGCGAGATACAGCCCAAACGGGGGACCCAGGGCAGCCCCGGCGGCCCCCGCAACCCCGACGACTCCTACGAACCCGACGATCCACCCCGGCCTCCCGATCGCATACAGGGCCGTCAGGAGGTACGGCACGAAGGCCACGGCGGCCGTGCCGAGCAACGCCGCGAGCAGGCCCGTCGGGACCCAGTACCCCGCGGCGGCGAGCGTCCCCGTCCATCCCTCGAGGGTGAGCCAGTGGTGGAGGCGGTCGAGCCGGGCCCTCAGGGACGGGTCGGGTGGGGAGGTCATGGGGGAGCGCGCAGGGCACCGCGTGGTGGCGTTCGTATCGGCATGGGTGGAAGGGCCCTTGAGCCTAGACTCGTTCCTTGCCGACCTCAGCGCCGAGGCCGGCGGAGCGGCCCGTCCGAGCCCGGACTTCCCGAACCCTCAGCAGCCGCTGGCGCCGGACCGCCCGATCTTGCCGCCGATGCTCGCCGTCCTCCTCGCCCTGCTCTCCGCCGTCGCCGGCCTCCCTGCCAGCGGGACGGCCGAGACCGAGACGGCCGCAGCAAGCGCGGAGTCGGTGTGGCTCGCGGGGCCCGCCGACGACTGCTGCGGCGAGATCGCGTCCGAGTCCACGAGGCATCCGTGTCCTCCCGGTGAGCCGTGCCCGCCGACCGGGGGCTGCTGCGCCTGCGTCTCGTGCGGCAAGCGCGTCGCCGACACGCCGCCCGTCGACCGCCCGGTCGACGCGGAGGGCGACACCATGGTCCGGGCCCCGTCGCAGGAGCCCACGGGCGTCGACGAGGGCGACGCGGTCTGGCATCCGCCGCAGGGGTAGCCGTCGACCTGACGGCCGGGCGCGTCGCGCTCGGTACCCCTTGCCCTGCCAGACCTCCGCCGCCCGCCGCTCGTGCGTGTGGCGTCCCCCCGACCCCATGATGTCCCCCCTCCGAGCCCTCGTTGGGCTCGCCCTCCTGCTGGCGCTCGCCGGCGCCCCCGCCGCCCAGCACGCCCTCACGGTCCGCGTGACCGACGAGCACAGCGGCGCCCCGCTCACGGGCGCGACGGTCGTCTTCTCCACCGACGGCACGCCCATCGGCGCCTCCGCCGACGCCGACGGCCTGGCGACCCTGACCGGCTTGCCGGCCGGTGATCTCACCTTGACCGTCTCGTTTATCGGCTACCAGCCCGCGACCGTCCGGGCCACCCTCCCCCGCCCCGACGGCGCGCCCATCGAGGTGGCGCTCGAGGAGGACGAGGAAGCGCTCGACGACGTGGTCGTGTCCGCGACGCGGACGAGCCGCACGATTGCCGACCTGCCGACGCGCGTCGAGACGATCGCGGGCGAGGAGATCGACGAGAAGGTCTCGATGGACCCGTCGAACATCACGATGCTGCTCAACGAGTCGCCGGGGATCGTCGTCCAGCAGACCTCGGCGGTCTCGGGGAACGCGTCGATCCGGATCCAGGGGCTCGACGGCCGCTACACGCAGCTCTTGAAGGACGGCTTCCCGCTCTACGGCGGGTTCTCGGGCGGGCTGTCGATCCTGCAGGTCCCGCCGCTCGACCTCCGTCAGGTCGAGGTCATCAAGGGCCCGGCGTCGACGTTGTACGGCGCGGGCGCCATCGCCGGGCTCGTCAACCTCGTCTCGCGCGAGCCCCGCCTCGGGGCGCCCGAGCGGTCCGTGTTGCTGAATGTGACGAGCGCGGGCGGCGTCGACGTCGGCTCGTTCCTGTCCGGCCGGAACGAGCGGCTCGGCTACACCCTCCTGGCCTCGGCGAACGGGCAGGGCGCCTACGACGGCGACGGCGACGCCTTTACCAACCTCCCCCGGACGCGACGCCTGACCGTCGCGCCGCGCATCTACGCCTACCTCTCCGACGCGACGACGCTGTGGGGCGGGCTCTCGGGGACGGTCGAGGACCGCGAGGGCGGCGACGTGGCCGTCATCGAGGACGGCGCGGCCGGCTACACCGAGCACAGCGAGAGCGCGCGGCTGACCTCGCAGCTCCGGCTCGACCACGCGGTGTCCGAAGCCGTCACGCTGACCGCCAAGCAGAGCACCAGCCTGTTCGACCGCCGCCTCGCTCTGCCCGACTACCGCTTCGAGGGGGACCAACTGTCGACGTACGCCGAGGCCTCAGCGCTCGTCGACCACGACACGCACGACGTCGTCGTCGGCCTCGACCTCCGCACGGACGCCTTCGACCAGCGCGACGCGGTCGGGCCGGAGCTGGACGACGATCAGTTCACGGTCGGCGCGTTCGTCCAAGACACACGCGACATCGGCGACCGGGTGGCGGTCGAGCTCGGGCTGAGGGGCGACTGGCACGACACCTACGGCGTGTTCGTCCTGCCCCGCGCCTCGGCGCTCGTCCGGGTCGCCGAGGGCGTGGCGTTGCGCGCGACGGCCGGGCTCGGCTACCAGGCGCCGACGGTCTTTCTCGAGCCGTCGGAGGCCCGCGCCTTCCGCAGCGTCGCCCCCCTCGATGAGACGGTCCGGGCGGAGACCTCCGCCGGCGGCACCGTCGACCTCAACCTCCGCACCGTCCTGGGCGGCCGGGTGACGCTGTCGCTCAACCAGGCCGTCTTCGCGACGCGCCTCGACGACGCGCTCGTCCCGGCGATGCCGCAAGTCCAGGGCGACCCGGACGTGCTCCGCTACCAAAACGCCGACGGGCCGGTCTGGTCGCGCGGGACGGAGACGAACGCCCGGTTCGGGCTCGGCGACCTCAAGCTCTTTCTGGGCTACGTGTACCTCCAGGCGACGGAGGCCGCGATTGGCCCGGCCGACGGGATCGTGCGCCGCCGCGTCCCGCTGACACCCGCCCACAAGACGTACTCCGTGCTCGTGTGGGAGCGCCACGGCCAGGGCCGGATCGGGCTGGAGGCGTACTACACCAGCGCGCAGGACCTCCCCGACGGCGGCCGCACCGACGGCTACTGGGTGACGGGCCTCATGGGCGAGTGGCGCGTCGGCCCGGCCCGCGTCTTCCTCAACCTCGAGAACCTCCTCGACACGCAGCAGACGAACTACGGCCCGGTCGTCCTCGGCCCGCGCGGCGCGCCGACGTTCGCCGATCTCTGGGCGCCGACCGACGGGTTCATCGCCAACGGCGGCGTCAAGCTGTCGCTCTGATCCACCCCGCCTCGGTGACTCTCCCGAAGGAGTCGCCGAGGCGGGACGGGGCTAGTGGCTGCCCGCGGGGGCGAGGGCGCCCGGCTTGTCGTGGACGGCGAGCCGGTCGTGGAGCGACTGGCTGGCGTCGTTGAGCCCGACGATCTCCACCTCGACACCCCGACGGCGGAAGCGGAGGACGGCCCGGTCGATGGCGTCGACGGCCGAGCCGTCCCAGACGTGCGCCGCCGAGAGGTCGAGGACCACGCGG
CP177355.1_gap96	4098506	4102369	3863	AAGGCGATGGCCTCGGGGATCAAGGCCAGGGCGACGACCACGCCCGCCAGCAGGTCGGGGCGGACGTTGCCGAACCACTCGTGGCGGAGCGTGGCGGGGTCGAGGGAGGCGGGCAGGCGGAGCGTCAAGCGGACTCGGGGATGCGTCGAAACAAAAAGGACCCGCGCACCGGGCGCAGGTCCTGTAGCGACGGCACCAACCGTGCCGCGCACCCTGAAATTACCCGCCGCTGCAGCTCGCCGGCCGGTTTGGGCCCGTCTTCTCCCGACTTCTGCGCCGGAAGCCCTTCCAGTTCACACCGCCCGCACGGACGGGCCGTGACGGGTTAGCCGGCCTCGGCGGTTTCTTCCAATCGGGTGGCCAGGTCGTGGCCGAGATACCGGTCGATGGCGGCGTGCGCGGCGTACACGAGCGGCGTGATGGCGATGGCGATCACGACCTTGTAACCGTAGTTGAAGAGGGTGATCGCGACGATCTCGCCGATCGCCAGCTGCCCCGCGAAGGCGATCGCCAGCACGACGAACGTGTCCAGAAACTGCGAGCCGAGGGTGGAGCCGGTCGCCCGGAGCCACAGGTGGCGGCCGGCGGTCAGCCGACGGAGCCAGTGGAAAAGGGAGATGTCGACGAGCTGGCCGACGAGGTAGGCGATCAGGCTGGCGACGATGACGCGCGAGGTCGTCCCGAAGACGGCGGCGAAGGCGGCGTCGGGGACGGGCGAGTTCGGGGCGGTCGGGACGGCGAGCGCGATCTGCAACAGGCCGAAGGCGAAGACCACCATCGCCAGCCCCACGAACGTCACGAACCGGATGCCCGCCGTGCCGAAGTACTCGTTCATCACGTCCGTCACGATGAACGTGACCGGGAATGCGATGACGCCGGCCGTCATGACGACGCTGGGGAACTCGACGCCCAGAATCCGGACCGCGACGGGGAGGTCGAACGCCGTAAAAAACTTGCCCGCCGTCGCCTCGGCGATGACGAGCGCCGTCAGGAAGACGGCGGCGCAGACGACGAAGACGCGCTGGGGCCGCGTGAGGACGTGCATGGGCAGAGTCTACCGCCGTTCCCGGTCGCCCCCGTCGCGGTTTAGCGCCCCAGCCCTAGACTCCGGCGCGCTTCACCTCACGTCATGAGACCCCTCCTCCTCGCGCTCCTCGTCGCCGGGGCTGCTCCGGTGACGGCACAACGGGCCTCGAGCCCGTACGTCGTCTCGGACTGCCCGAACGCTGAGGACGCGGCGGGCGTCGAGTGCGGGCGCCTCGCCGTCCCCGAGCGGTGGGGCGACCCCGCGAGTCCCGAGATCGGCCTCGCCGTAGCCCGCGTCCCCAGCCTGAGCCCGACGCCGGCTCCCGACCCCGTCGTCTTCCTGAACGGGGGGCCCGGCTTCGGGGCCGTGCGCCTGATCCGCTCGGCCCTGGCGCACCCGTTCTGGCGGGCGGTCCGGGCCGAGCGCGACCTGATCCTGGTCGACGTGCGCGGGACGGGGGCCTCCGACCCCGCGTTCTGCCCCGCCGAGAACCGGGCGATCGCGGCGGCGCTGAGCCGGGGGGGCGCCGCGGCCCCCACCGAGGCGGCCGTCGCCGACGCGCTCCGGGCGTGCCGGGCGCGGATGGCCGCGGCGGGCCACGACGTCGCGGCCTACACGAGTGCCGCCGTCGCCCGCGACCTCGACGCCCTCCGCCACGCGCTGGGCGTCGCCGAGTGGAACCTGCTCGGAGTCTCGTACGGCTCGCGCTTGGCGCTGACCGCGCTCCGCGACACGCCCGGCGGGATCCGGAGCGCGGTGCTCCTGGCCCCGGCCGTCCCGAACGCGCCCGTCGCGTACTCGCCGGCCCGCTACACGCGGACGCTCGGGCTGGTGTTCGAGCGGTGCGCGGCCGACCGCGCCTGCCGGGCGGCGTACCCCGACCTCCAAGACGACTTCTACCGAGCTCTCGCGGCGCTCGAGCGCGAGCCGGTCCGCCTCGCGATGGCCGACACCGCGCGCTTCCCGGGGGGCCAGGTCGTCCTCGACGGGACGCTCCTGGCCGCGAGCGTCTACCAGGGGCTCTACGGCCGGCCGTTCGTCGAGGTGTTCCCGCTCGCCGTCCGAGCGGTGCTGGCGCGCGACGAGCGGGCCCTCCGGACGATGGCGGAGGGCATCGGCGTCGGGCCGGACGTGTTCAACCGGCCACTGAACTACGCGATGACGTGCTTCGACGCGGCGCCCCACCTCGGGGCCGCTGAGGCCGAGCGGCCGGACTACCCCCGCCTAGCGCCCTGGTACGACCAGCCGCGCGAGCGGGCGCTCTGCGACGCGATCCACGACGCGCGCGGCGACTCCGCCGAGGCCCGCGCCGTCCGGAGCGACGTCCCGATGCTGGCCCTCGTCGGCGCCCTCGACCCCGTCACGCCGCCGGCGTATGCGCGGCTGGCGGTCGCGGGGCTGGCGAACGGGACCGTCGTCGAGGTCCCGCACCACAGCCACCACGTCGTGCTCAGCGAGGACGCGGGGTGCGCCGTCGGCCTGGTGCGCGCGTTCCTCGACGCTCCGGGGCGGCCGCTGGACACCCGGTGCCTCGCCGACGTCCCGCCGCTGGCGTTCGTGACCGACGTGACGCCCGCGAGCGGGGTCGGCCGGGTCGCCTCGGCGCTCTCGCGGCGCCCGGCGCTCCTGCTCCCGGTCGGGCTGGCCGTGCTCGTCCTGCTGTCGGCGGTCGTGGGGTGGCCGGTCGCCGCCCTCCGACGACGCGGGGCAGACGGGCCGCGCGGGCCGCGCTGGGTGGCCGGGGCCGCCGCGACGGCGGCGCTCGTGTGGGTCGGGGGGCTCGGGGCCGCCGTGGCCCAGGCGGCGGCCGTGAACCCGTACCTCCTTGCCTTCGGGCTGCCGGGCGACGCGGCCTGGCTGCTCGTGCTGCCGTGGCTGACCGCCGCGCTGGCGGCCGGGGCCGTGGGGCTCGCCATCGTCGCGTGGCGGCGGCGCTGGTGGACCGCGATGTGGCGCGCGCACTACGCCCTTGTGGCTGCAGCCTCGGGGACGGTGGTCGCTGTCGCTGCGATGGCGGGGCTGCTGTAGACCCGGCCGGCCTCTACAGGCGCCTGTAGAGGCCGGCCGGCGACGGCTCGGGGCGGCCGGACTCAGTCGCCGGCCGCGCCGGCCTCGACGTCGAGGCCGGAGGTGGGTGTGGCCAGCTTGACGTAGCGCTCGAGCCACTGGTCCTCCTCCCACAGCATGTGGAGCAGCGACTCGCGGCCGCGGTAGCCGTGGCTCTCGGCCGGGAGCAGGACCAGCCGGGCCGTCCCGCCGAGCCCCTTGAGCGCCCCGTAGAGCCGCTCCGACTGGAGCGTGAACGTGCCCGGGTTGTTGTCGGCCTGCCCGTGGATGAGCAGGATCGGCTCGTCGATCTTGTCGGCGTGCATGAACGGGCTCATGCCGACGTAGAGCATCGGGTCGTCCCAGAACGTCCGCTCCTCGCGCTGGAAGCCGAACGGCGTCAGCGTCCGGTTGTAGGCGCCCGACCGGGCGATCCCGGCGCGGAACAGGTCCGAGTGCGCGAGCAGGTTGCCGACCATGAACGCCCCGTAGCTGTGGCCCCCGACGGCCACGCGGTCCGGGTCGACGACGCCGCGCGCGACGCCGGCGGCAATGGCGGCCCGGCCGTTCATCACGAGCTGCTCGCGGAAGCTGTCGTTGGGCTCCGTGTCGCCCTCGCCGACGACCGGGAACGAGGCGTCGTCCAAGACGGCGTAGCCCCGCGTCACGAACGGGACGGCGCCCCAGTAGCTGACGTAGGTGAACTGGTAGGGGCTGTCGGAGCGCTGGCCGGCCGCGTCGGCGCTCTTGAACTCCGTCGGGTACGCCCAGACGAGCGTCGGGAGCGGGC
CP177355.1_gap97	4123269	4126262	2993	GCCGACGACGTCCTCGCCATCTGCCAGGCCCTCGACCTCGAGGACGTCGTCTTCGTGGGCCACTCCGTTAGCGCCATGATCGGGGTGCTCGCCTCCATCCGCGAGCCCCACCGATTCCGGCGGCTCATCCTGGTCGGGCCCTCGCCGCGCTACCTCAACGACGGCGACTACATCGGCGGGTTCGAGCGCGAGGACATCGACGGGCTCCTCGACACGATGGAGAAGAACTACGGGGGCTGGGCCGAGGCCATGGCCCCGGTCATCATGCAGAACCCCGAGCGCCCCGAACTCGCCGGCGAGCTCCAGGACCGGTTCTGCGAGACCGACCCCGCCATCGCCCGGGCGTTTGCCGAGGTCACGTTCCTCTCGGACAACCGGGCCGACCTCCCCGAGGTCACCGTCCCCTCGCTCATCCTCCAGTGCAGCGCCGACGCCATCGCTCCAGAGACCGTCGGCGTGTACCTCCGGGATCACCTCCCGCAGAGCACGTTCCACCAGCTCCGCGCGACCGGCCACTGCCCGCACCTTAGCCACCCCGAGGAGATGGCTGCGGCCATGCTCGGCTACCTCGACGCCGAGCGCGTGACGTGGACGGGCTGACCGACGTGGTCCCGTGTGGGGTCGCGTTGGTCCGCGAGGACGGCCGGATCGTCGATGCGAACCAGGCCTTCGCGACGGCGCTCGGCCTCGAGCCGGCCGCGCTCCACGGGACCCCGTTCCACACGGTCCTCTCGCCCCAGGACCGGCTCTACTACGAGACCCACCTCGCCCCCCTCCTGCGGCTCCGCGGCCGGCTCCGCGAGGTGCACCTCACGCTCCGCGGGCCCGACGGCATCGACGTCCCGGTTTTGGTCAACGCCGTCCACCGCGACGGCCCGCGCGGACCGGTCACCGTGCTCGCCGCGATGCCCATCGACCAGCGGTCGCAGTTCGAGGACGAGTTGCTCGAAGCCCGGCGGGCGGCCGAGACCGCGAGCGAGTCCCGGGCCCGGCTCCTCGCCATGCTCTCGCACGACATCCGCTCCCCGCTCAGCGCCATCACGTTCGCGGCCGACCTGATGCGGCAGGGGGCCCACGGGCCGGTCGCCGGCGACCAGGCCGATGAGCTCGACCGCATCGCGGAGGCGGGCCGCTACGTGCTCCGTCTCGTGACCGACGTCCTCGAGTTCTCCCGGCTCGAGAACGGCCGGATCGATGTCCGCCCTTCCTCCGTCGATGTGGGCGCGGAGGCGAGGGCGGCCCTGGCGCTCGTCGAGTCCCAAGCGGAGGCAGCCGGCGTCGCCGTCTCGGCCGAGGGGCCCGACGGCGTCCGCGCCTGGGCCGACCGCGACCGGCTCCGCCAGATTCTGGTCAACCTGTTGGGCAACGCCGTCAAGTTCGCCGGGGCGGGCCAGGCCGCTACCGTGCAGTGGGCTAGCGACCGCAACGGCGTCCGCGTCTGGGTCAGCGACACCGGGCCGGGCGTCGCGGCGGACCGCCTCGACGCCGTGTTCGTGCCGTTCTTCCAGGGCGACAGCCGGGCGGAAGGGGCCGGCCTGGGCCTCGCCATCTGCCGCGAGCTGGCCCTCGCTATGGGGGGTACGCTGACGGTCGAGAGCGTGGTCGGCGAGGGGGCCACGTTCGCCGTCGCCCTGCCCGCCGAAGCCGGCACCGAGACCTGACCCGTCCCGAACCCACGCGGGTCCCGAGTGCTACGCCCCGAGCGCGTCCGCCAGCGCGGGCAGCGCCTCGCCGAGCGGCGCGTCGACGACGACGGTCGCGTGGCGGTGGGCCCGCGTCTCCCCCAGCGTCACGATCGCGACCGGCGTGCCCTCGGTCTCCGCCTGCCGCACGAAGCGGTAGCCGCTGTACACGGCCAGGCTCGATCCCACGACGAGCAGCGCGTCCGCTTGTGAGACCATCCCCGCCGCCAGCGCCACCCGCGGCTTGGGCACGCTCTCGCCGAAGAACACCACGTCCGGCTTGAGGATGCCGTCGCAGGCCGGGCACGCGGGCGGGTCGAACCCGGCGACGGCCACCTCGGCGTCGCCGTCGGGCGCCAGCCGGCCGGCGGGGACCGGAGCCGTCATCCAGCCCGGGTTGCGCGCCTCGACCTGCGCCTGCACCGTTTGGCGGGCGAGCCGCCCGCCGCAGCCTAGGCACACGACCGCGCCGAGCGTCCCGTGCAGCTCGACGACGGCGTGAGAGCCGGCCGCCTGGTGCAGCCCGTCCACGTTCTGCGTGACCACGCCCTCGACGAGCCCGGCGGCTTCGAGCCGCGCCAGCGCCCGGTGGCCGGCGTTCGGCCGGGCGTCGGCGACGCGGCCCCAGCCCCGGCTGGCGCGGGCCCAGTAGCGCTGGCGCGCGGCGGCGTCGCGGACGAAGTCGTCGTACTGGACCGGCCGGCGCTCGACGTGCCGCGTCTGCGGGCCCCGGTAGTCGGGGATGCCGGACTCGGTCGAGATCCCGGCGCCCGCCAGCACGGCGATCCGGCGGTGGCGCAGGAGGTCGGTGAGCGCATCGATCATGGCCCGCCAACGCAGGCCGGACGTGCGGCGTGCCCAGGCTGGCCGACACGTCGAACGATCCGCACAGATCGGGCCTCGGGGCACTAACCGGAGCGACGGTGCGTATGACCGCCGCCTTCCCTTCTCCACCTCCGCCCTTCCCATGCGCCTTCGCCTCTCCGCCCTCGCGGCCCTCCTCCTCCTGGTCGGCTGCGACTCCAGCAGCCCCGAAGCCCTCGTCAACATCAGCGGCACCTACCGGCTCGCCGTCTTGACGTTCAACCCGTCCGCGGCCTCCGTCGCCGACGCCAACATCGCCAGCAAGCTCAACACCAGCGGCACGACGCTCCAGGTGTTCGGCGACGACGACGAGGCCCTCTTTACGGTCCCGTTCCTGGCCGGCGACACGCGCCGCATCAACCTGAACGTCCGCGCCAACGACACGCGAGCCACCTTCACGGCCATCAGTGGCGAGGACCGCGACGACCTCGAGGACCTCCTGCTCCC
CP177355.1_gap98	4130725	4135000	4275	AGGTCGAGCAGGTAGCGGCCCTGCGCCGTCAGGATGGTCTGGCTGATGTCGTTGTCCGCCACGTCCCGCTGCAGCGTCTGGCCTTCGAGGAACCGGTCGAGGTCGGCCTGGGAGCCCTCCGGCCGTTGCTCGCGGCGGTAGAGCGAGGTCCGCGAGGTCACGTCGTAGGTCTCGAACTCGTCGATGGAGAACACCGACACGCGGTGCTCGGCCCGGACGGCCTCGCCGAACGTGCTGCTCAGGAGCGCGCCGCCGAAGGCGATGTCATAGCCGTCCTCCTCGACGCCCTCGAAGTCGCGCGCGACGGTCTGGACGAGGTTCGGGTAGATGCCGAACGTGGTCTGCTGCTGGCGTGGCGCGAGCCGGAAGCGGTGGCGGGCGTAGAGGCCGAGACCGCGCAGCGTGTGGTTGTCCGCCAGTTCCCAGTCGAGGACGCCCTGGGCGTCGCGGAAGTCGGGGTCGTAGGCGCCGTCGAGCTCCTGGCCGGCGAAGAACCGCTGAGGGCGGGCACTGCGAGCGGCGACCGCCAGCCCGAGCCGCTCGCCGAGCTGGCCACCGACTTGGGCGCCGGCGTCGAGCGTCGAGACGTAGGCGGTCCCGCTCGGGACGCCCTCGGGCACGGCGTAGGTCGCGTCCAAGACCGAGGCGAGCTTGCCGCCGTAGCGGACCGGGAAGCCCCCCGCGAAGAGCGTCATCCGCGAGGTCAGGTCGCCGTTGATGAGCCCCAGCCCCTCCTGCTCGCCCTGGCTGATCCGGAGGGGCCGGTAGATCTCGAAGCCGTCGATAAAGAACTGGTTCTCGTCGTAGCTCCCACCGCGGACGGAGAAGCTGTTGGACAGCTCGTTCGACGAGGTCACGCCCAGCTCCGTCTTGACGCCTCGGATGGCGTCGGCCATGGGCAGGGGCATATCGCGGACGGTCCGAGGGTCGATGCGGGACACGCCCACGCCCCGCTCGGCCGCCCCCTCGACGGCCACGTCGCCGATCTCGCCGATGGCACCCGCCAGCACGGCGTCGTAGCGCGTCGTCGCGCCGCGCCGGATGACGACGGTGTCGCGGACGGTCGTGTAGCCGACGAACGAGACGCGGATCGGGTACGTCCCCTCGGGGACCCGGAAGCCGTAGCGGCCGTCGCCGTCGGTGTTCGTGCCGAAGGAGGTCCCCTCGATGAGCACGGACGCGGCCGGGACGGCGACGCCGGTGTCGTCGGTGACGCGGCCGGAGAGCTCGCCCCAGACCTGGGCACTCGCGCCCGTCGCGGCGACGGTCAGGGCGAGGGCCAGGAGGGCGAAACGGAGGGCACCTGCGAGAGGCTGGACGGAGACACGCATGGGGAGCGGAGGGCTCAACCGGAGAGATTCAGGGCGTGTCGAACGGTCGATAGGCAGGGCGCGTGCGCAGGGGGACCGCCAAGATACCGCGCGGGCGGGCCGGGGTCGTCCCGGACGGCGTGCCCCGCCGGGTACCTTCGGCCGTGCTCCCCTCGTCCCCCCGCCTCTTCCGCTCCGCCGCCGCGGCCGTGCTCGACGCCGTCGCGCGGCGGACGGCCCCGCCGGTCGTCACCGATGTCCGCGACGCGGGCCTGACGACGCTGCCGGCCGCCGTCCTCGCGGAGCTCCACCAGCACGTGCTGGAGGCCGAGCGCGAGCGCGTCCCAGGCGTGCTCGTTGTGGCGGGCGACAAGCGGGGCGGGGCGGCGGTCGTCGTGGCGGACGGCCGGACGTCGTCGCGCGAGGTCCGCGTCTACGGGGTCGCCGACCGGCCGGCGCTGGCGGCGTCGCTCACCGCGCAGGGCTTCCGGCCGGACGCCACGCGCGTGTCGCTGCTCGATGGGTGGCCAAGCGCCGACGACCCCGAGCCGGTCGCCGTGGCGTATCTCGGGCGCCGCGCCGTTGGCCCCGCGCTGGCGCCGCTGGCGGCGCGGCTCGCGCCCGGCGGCGTCGTGGTCGTCGCGGCCTTCGGTGCCGACGAGCGCCGCGCCGTCGAGGCGGTGGCACAGGCGCACGGGCTCGCAGTGGCGCGCAAGCCGCGCCGGCTGACGCTGCGGTGGGAGGCGTAGACGGAGCGTTCGGTAGTAGAGCCGTATCGCAATACGCCGCTACGGGCGAGCCACCGGCACCGGTCGTGCCGCGATCAATCGTCGCTGGCCGGGGCCGCCGTCCGCACCACGAAATCGTCGCCGTGGCCGGGCTCGGCGTCCGGCGCCATCGTCACAATGAGCACACGCGCGCCGGGCGCGAGCCGGGCGAGGTGCTCGGGGATGCCGCGCCCGCCCGCGCTGTGGAAGCTGCCGTTGACGTGGAGCACGAGCGCGCCAGGGTTCAGCGCCAGCGCCTCCGCGATCTGCCACGCCATCGTCGCGTCGCGCAGGTTCTGCGCCGCCAGCATGCCTTCGACCGACGGGCCGGAGCCGTGCGGCATCCCGCCCATTAGCTCCGTGAACGCCGTCACCACCGCCTCGGACGGCGGGGCCACGACGGGCGGCAGCCATGCCTGCGCTGTCGCCGACAGGCTGTCCAAGACGGCGATCCCGCCGCGCCGCGAGACCAGGCTCACGTAGCGCCCCGGCGCGTTCGTCCCGACGACCGGGTGGCCCTCGGCCTTGGCGAACTCGATCAACGGCCGGTAATCCTCCTCGTAGTTGCCCCACGGGCGGGCCGCCGCCAGCCAGTCGCGCTCGCGGATGAGGTCGTCGAGGTACTCATCGAGCGCCGGCTGCACGTCGGTCTCGACCATCTCCAACGCCAGCACCAGCGGTCGATCGGCGGAACGAGCACTCGCGCTGGCGGTCGCCAGCAGCTCGAGCTGGATGGCGTGCGCCGTGGCGTCGTCGTGCTGCTCCCCGAGGAACACCACATCCGCGTCGGCGATAGCGCCGCAGACCGCCGCCAGCTCCACCTGCGCGCCCCGAGCGTCGTACGCCTGGAAGGCGACCGAGTCGGGGGCGGCGGCGAACAGGAGGGCGGCGGTGCAGAGCTCGATCATCGCTTAGCCCTCGTCGCTGGCGTCCATCTCAGCGACCGGCTCGGCCGAGGTCTCCGACCCCTCACGCGAGGCCGACGACTTCTTCTTGCGGCGGCGGCGCTTCTTCTTGGGCGCCGCGTCGCCCTCGGGACGGTCGTCGTCGGACCGCTGGCGGTCGTCCTCGGAGGGCTGGCGCTCGTCGCGCGCCTCGGGCTCCGGCTGGACGTCGTCGCGGGCGTCGGCGTGGGGCGCGTCGTCGTCGGACGTGTCGTCCGAGTCGTCGGCACGAGCCTCTTCGTCGCGGCGGGAGCGGCGGCGCGGGCGCTCGTCGTCGTCGTCGCGGCGACGGGAGCGGCTGCGGCCGCCGCCCTCGCGCTCCTCCTTGGCCTCGCGCTGCTGCACGTCGTACGCCGACTCCGAGCGGTCCATGGCCGGGCCCGCCGAGGGCGTGCCCAGGCTCTGCTGGTAGGCCTCGTCGAGCAGCATCGCCAGCACTTCGGGCTCGCCCTCCTCGACGAGCGCCTTGGCGACGGCGACAAAGCGGCTCTGGCGCTCGCGCTCCAGGTTCGAGCGGTCGCGCATCCGGTCCTCCAAGAGGTTCGTCAGGCGCTGGCCGACGCGGCTCGCGAGCTCCGCCTCGGTCGGCATCTCGCGCTCTTCGAGCGGGATGTCATACTTCCGCGCGATCAGGCGAAGCGTCGGCATGTCGGACGCCGTGGTGATGGCGATGGACACGCCGGCCTTGCCCGCGCGCGCCGTCCGGCCCGAGCGGTGGACGTAGTACTCGCGGTCCTGGGGGATGTCGTACTGGAACACGTGGCTGAGGTCTTCCACGTCGATGCCGCGCGCGGCCACGTCGGTGGCGACCAGGAAGCGGAGGTCGCCGTCGCGCAGGCGCTTCATCGTCTTCTCGCGCGCCTTCTGCGTGAGGTCGGACGAGATGCCGGCCGCGTTGTAGCCGTAGTTATTGAGGAAGTTGGCGAGGTACTCGACCTCGCGGCGCGTGTTGGCGAAGATGATCGCCGAGGTCGGGTTCTCCCACGCGATGAGCGTCGCCAGCGACCGGTCCTTGTCCATCGGGTGGACCTGGTACGCGCGGTGCGTCATCTGCTCGACGTGGATCTGGCCGCCGGCCGTCGCTAGGAACACGGGGTCGGTCAGGAACTCCTGGCCGATGCGCTGCACCTGGAACGGCATGGTCGCCGAGAACATGTACGAGTCGCGCTCGCGCGGGAGGTACCGGCGGACCTTGATCATGTCGGGGAAGAAGCCCATCGACAGCATCTCGTCGGCCTCATCGAGAATGATGGT
CP177355.1_gap99	4139159	4141879	2720	AAGTAACGACTTATGTACAAGTAGGTTGCGGCGCTCCTCAGACCGGGACCGCGTCATCTGGCTGGCGGAGGCCCGGCCAGATGATGTGGTCCCGGGCGACGTGCCGTACCACACGGCTGAGGGCCGCACCCACCGCCGGCGTGGGGAGCCGCACGCCGGTCGGCGGGACGCCCTACATCGCCATCCCGCCGTCGACGTGCAAGACGTGGCCGGTCACGTAGGCGGCGGCGTCGGACAAGAGGTAGAGCACGGCCGCGGCGATGTCGCCGGGCTGGCCGAGCCGCTTGAGTGGGATCTGCGCCTGGAGCGCCTCGGCGGCGGCCCCGAGGTCGGCCGTCATGTCGGTCTCGATGTACCCCGGCGCGACCACGTTGGCGCGGACGCCGCGCCCGCCCAGCTCGCGCGCCAGGCTCTTCGTGAGTCCGATCAGCCCAGCCTTCGAGGCCGCGTAGTTGGCCTGCCCTGCGTTCCCGGTCACGCCAACGACCGACGAGATGGTGACGATGCTCCCGGCCCGCTGCTTCATCATTGGGCGGTACGCCGCCTTCGTGACGTGGAAGGCGCCCGTCAGGTTCGTGTCGATCACGGCCTGCCACGCTTCGGCGTCCATCCGGATCATCAGCCCGTCGCGCGTGATGCCAGCGTTGACGACGAGTCCGTCGATGGTGCCCCACGTGTCGGTGACCGTCGCGACGGCCGCCGCCGCATCCTCCGCGTTCGCGGCGTCGGCCTGGATGCCGATGGCGCGGTCGGTCCCGCCGAGCGCCTCGACGAGTTGGTCGGCGGTCTCGGCGGACGAGCGGTACGTGAACGCGACGCGCGCGCCGGCGGCGGCGGCCGCCTCGACGATGGCCCGGCCGATGCCGCGCGTGCCGCCGGTGACGAGGACGTTCTTGTCGGTGAGGTCGAGAGTCATGGGCGTTGAAGCAAGGGGCTGGGAAGATCGCACCGGCGACTAGCTGCGGGCACGGCGTGACGCCGAGCCCGAGCCCTCCGCATCCGGCGGCTCAGGGTCCAGGTCGTCGAGATCGAGAAGGGGACGAGCCGGCGCCGGGGGCTCCGCCACGTGCGAGGGCCCTGAGACCAGAGGAGCCAGGCCGTCGGCGAGCGCGTCGAGGTCACGCAGCTTCTTGTCGCGCCAGCGCCGGTCGAGGACCATCGTCGCCGGGGCCGCCAGGGCCCACACGAGCGCGAACGTCGCGAACCCGACCGCGCCGCTGGCGGCGGCCGTCGCGATGAACGCCGCTACGACGGCGATCGCCAGCCCGTAGATCACGCCCTCCGTCCGCACGCCGGCCGAGCCGACGAGCTGGCGCAAGCGGAGCCGGGTCCGCCCGTCGCGCGGGCTTGCGGTGACGGTCGTTCGGATCCCCAGGCCCGACGTGTGGCTCCACTCGTAGGCGTTGCCGACCTGCTGGACGGTCCCGGGGTGCGTGAGGGCGGTGTCGAGTCCGATCTCTGCTTCGAGGCGAGCGACGATGTCCTCCCACCCCTCGGGCGTCAGCGACGCATCGACCCAGCGCTCGACGGTGACGTGCGTGTTCGTGTGGCCCGACTGGCGCGACAAGGTCCGGCCGGCGGCATCCATCTCGGCCGCGGCGGCGCGCAGGTGCGTCGGGTCGATGCCGGTCTCGCGGCCGATCCGCTCGACCTCCGCCAGCGTCAGGCCGACCTCGGCGTGGGGCGTCGCGGCCTCCTGCTGGCGCTCGACGGCTCGGCCGATGAGGTCGGCGACTTCGCGCTCGGAGTAGGTCCGGTCAGCCATGGTCAGGCCTCGACCGCGGCCACCTCGGCGGCGGTCCCCGCTTGCGCCGTCACGGCGTCGCGCCCGAGCGTGCGGCGGACGAGCCCGGAGAGCACCTTGCCGGTGCCGACCTCGACGTAGCGCGTCGCGCCCTCGGCGGCCATCCGCTCGACGGACTGGGCCCAGCGCACGGGCGCGGTGAGCTGGTCGAGCAGCCGCTGGCGGATCTCCTCGGGGTCGGTCGTCGGCTCGGCCGTCACGTTGAGCACGACCGGGCACGACGGCGCGCGGAGGTCGAGGGCCGCCAGCGTCTCCGCCAAGCCGTCGCGCGCGAACGCCATCAAGGGGCTGTGGAAGGCGCCCGAGACGGGGAGCGGGACGACGCGCCGCGCGCCGGCCTCGCTCGCGAGCGCACCCGCCCGCTCGACGGCCGGGCCGTCGCCCGAGATCACGATCTGGCCGGGGTCATTGTAGTTGGCCGGGACGACCTCGCCCTCACCGGCCTCGGTCGCCTGCTGGCAGACGGCCTCGAGGGCGGCCGCGTCCATCCCGAGCACGGCCGACATCGCGCCGGGGCGGACGTCGCCCGCGCTCGCCATCAGCTCGCCGCGGCGGCGCACGGCGCGCAGGCCGTCGGCAAACGACATCGCGCCGACGGCCGCGAGCGCGCTCCACTCGCCCAGGCTGTGCCCGGCGGCCACGTCGGGCGTCACGCCCCGCTCGCCCAGCGCGGCGGCGGCGGCCAGGCTGTGCGTGTACAGCGCCGGCTGCGTGATCTCGGTCGGCTTCAGCGCCTCGCCGTCGTCGCCGAACATGAGGTCCGTCAGCGAGAAGCCCAAGACGGCGTCGGCCTCGTCGTAGAGGGCGCGAGCGGCCGGGAGGTCGGCGAGGTCGGCGCCCATGCCGGGGGTCTGGGAGCCCTGGCCGGGGAAGAGGAAGGCGAGCATCGAAGAACAGGAAAGAGGAAAGAGGGACG
CP177355.1_gap100	4143383	4145451	2068	AGCGTCGCGTGCGCCTCCTTGATGGTGTCGGTCCCCTTGCCCGGCTCCTCGCCCACGTTGACGAGCCCGACGCTCGGGTCGTCCTTGCCCAGGAACGCCGAGCCGAAGACGGCGCCCATGCGGGCGAACTGGACCAAGTGCTCAGGGCGGACCTCGACGTTCGCGCCGACGTCGAGCAGGATGCACGTGCCCGAGGGTGTCGGGAGGTAGCCGGGGAGCGCGGGGCGCAGCACGCCGGGCAGCCGCCCCAGCCCGAACAGCGACGCGGCCATCACAGCGCCCGTGTTGCCAGCGCTCGCGAACGCGTCCGCGCGGCCGGACTTGACGGCGCCGACGCCGACGTGGATCGACGACTGCGGCTTGGCACGGAGCGCGATGGTCGGGCTCTCGCCCATCCCGATCACCTCGGCCGCGTCGACGACGCGGACGCGGTCGGCCCCGCCACCCAGCCGGTCGAACTCGGCGGCGATCTCGGTCGCGCGCCCGACCAGGATCACGTCGACCCGGTCGCCAGCCTCGGCGGCCGCTTCCAGCGCGCCCTCCACGACGACGCCCGGGGCGTGATCTCCGCCCATGGCGTCGACGGCGACTCGGACGGGCATGGCAGGCGGGACGGGCAGGCGGAGAGGGGACGCCAAGATACCCCGATTACAGACGGCGCCCGCCCCCACCCTCAGCGGGCGGACGCGGGCGTCGACGGGGCGAGACGGCGGAGCGCTAGAGCGCGTCGGCGGTCTCGATCACGGCACGGCCACGGTAGTGCCCACACGTCGGGCAGGCGCGGTGCTGGAGCTTGGCGTTGCCGCAGTTCGGGCACTCGGTGGGCGTCGGCACGTTCTTGACCTTGTACTGCGAGCGGCGGTGGCCGGTGCGGGCCTTCGAGTGCTTGCGTTTGGGGTTGGCCATCGGAGTCGGAGGGTGCGCCCTACGGGCGGAGGATCGGGATTAAGAGTCGTCGCCGCCGTCGGGGCGGAGGGCCTGGAGGGCGGCCCATCGGTCGTCGGCCGGCTCGTCCTTGGACGGGCTGCCGAACGCGGTCGGGAGCTCCGCCTCGGCGGCGGCCGGGCTGACGTGCCGGAGCGGGACCGCCAGCAGCAGCGTGTCGTGCACGGACTGCGTGAGGTCGACCTCCTGGGCGTCGGCCTCGAGCGGCAGCGTCTCGTCGTCGTCGGCGCTGATGGCGTCGACGGTGAACACGACGGCGTGCGAGCCCTCAACCGGCTGGTCGTACAGGTCCAGCGTCCGGTCGCATTCGAGCCGGGCGGTCGCCCGGGCCGTGTACGCCGCGAGCACGCGGCGCTCGGACAGGTCGAGCGTCAGGGCCACCTCCACGTCCGAGAAGACGTCGGGGTCGAGGCCGAGGTCGTCGGCCGTCGGGTGGGCGGTCTCCTGGTGGAGGCCGTCGGTGAGCGAGGCAATGGAGACCCGGAACACGGCGTCGGTCGAGCGCTGGTCGTCAAGGAACGCGGGCCGAGGCCCGCAGAGAGGGCATCCGCCCTCGGGAGCCCGCGAAGGTAGGTCGCCGAGCAAGCACGCGACAAGGGCCTCACGCGATGTTGACACGCCCCCCACACGCCCTCCTCGGCCCGCGCCGCGGCGGCGGCACCACGTCCGACGGCCGGTGGGCGGGCTCCCGCACGGCCCTGTGCGCCGCCCCCAGCCGACGGCAAAGGCCCCGCCCGGAGGGTACTCGCATGTGCATCGGGAATCTCCGGAGGGCACCTCGCCCTTCACTCGAAGCGCTGCGTTGACACGGTGTGGATAACCTGATTGCGAAACCATGACGCAGACGCCCACCCCCGTCATCTCCGTGCAATCTGACGGTCCACGACTCCACAGGCGGACTACATCCCGTTGCCCCCCAACCACATCGCCTTTCCACCAACGGCGGCGGCGCCCGTGGACAACCAAACTGCGGAACCTGCCCCCAGAGGGCCTACAGGGCAGCGACACTCGTTTGACATGTGGACAACTCCGACCTTTCGGTGCCCACCCCCCTACCCGATGGGGCCGGCATGTCCGATATTCCGGGTCCCCCTCGCTCCCATTTTTCCCAGACGACTCGCCC
