gap_id	start	end	length	sequence
CP179891.1_gap1	1704	4852	3148	TTCACTTAAGCCAACAATTTCTAAAACCTTTGGTACATCTCTGGCAATCTCTTTATCTGAAGCTCCAATCACTTCCATCGCATAGGCAACATTTTCATAAGCGGTTTTAGAGGGAAGAAGTTTGTAGTCTTGAAAGATAGCTCCTATCTTTTTACGAAGTTCTGGTAATTCTTCCGAATTTATCTTATGAACATTCTGTCCTTCAAAAAAAACTTTACCGGAGGTAGGTTTTTCTTCAACTAAAAGTAGCTTTAATAAAGTTGTCTTTCCGGCGCCAGATTTACCAACAATCGAAACAAATTCTTTTGGTTTAACTTCAAAAGATATATTTTCCAATGCTACGGTAGGTTTTGATTGAGGAAGATTAAAAGGATAAATTTTGGTAATATTTTGAAATTTAATCATTTTTTTGTCTTATTTTTGTCTTATTTCGGCTTCAATGAATTGGTCAATTTGACCATCCAAAACTCTTTCAACTTTAGTAGTCTCTACTTGTGTTCTAAGGTCTTTTACTAACTTATAGGGATGCAAAACATAACTCCTGATTTGGTTTCCCCAACTGGCTGAAACTCTTTTTTGTTTTACTTTAGATATTTCTCTTCTGCGATTTTTTTGATAAAAATCATAAAGTCTTGAATAAACTAACTCCATTGCTTTTTTTCTATTTTGTGCCTGGGATCTCTCTGACTGACAAGAAGCTACAATACCCGTCGGCAAATGTTTAATTCTCACCGCTGTCTCTCTTTTATTTACATATTGACCTCCGGGGCCCGAAGCTCGATAAAACCCGGTCTTTAAATCGTCAGGATTAATAACGATTCCTTCCTGAGATAAATCTTCAATTTTAGGAATCACTTCAACTAAAGCAAAAGATGTATGACGAAGATTTTTTACTGAAAAAGGAGAAATTCTTACTAATCTATGGACTCCGTTCTCGTTCTTAAAAAATCCGTAAGCAAATAATCCTTTAATTTCTAAAGTAACTGATTTTGTTCCAATTCTTCCTTCAGGTCCTCCACCTTCTCCAAAAGATTGGTGTAAAATATTAGTTTTAAATCCTTTTCTCTGACAATACCTTTCATACATTCTCAAAAGCATTGTCGTCCAATCTTGAGCATCTTGTCCTCCAGCCCCTGCATAAATAGATAGAACAGCTCCCCGTCTATCATATTTTTTTGAAAAGAAAATTTTCTTTTCTTTCTCTTTTAACTTTTTCTCTAATCGATGAATCTGTTCTTTGCTATTTATTTTATTTAACTCTTTTTTTAGATTTTCAAAACCGGCTATCTCTTCTTTCAACTGGTTAAATTCTCGAGAAATCTTTACTGCTCTTTCCTGATTCTGCCAAAACTTGGTGTTCTGAATTTCTTTTTCTAATTCCTTAAGTTTTTTTCTCTTTTTTTTAATGTCAAAGACAGTCCTCAAGATTGAGGAGTTTAGTTTTTAAATCTTCAATTCTCTCAGAAATATTTTTCATAGCAATATTACACATTATATACTAAAACTATCAAAAATTAAAGAGGTTTTGCATAAGCCGCCTCTCGGGATTGAACCGAGAACCTACCGCTTACGGGGCGATTGCTCTACCATTGAGCTAAGGCGGCAAATTTTAATAATTGGGAGCGAGAGACGGGATTTGAACCCGCGACGTCGTCCTTGGGAAGGACGCATTCTACCACTGAATTACTCTCGCAAGTAAAGATTTAATTTTCTCTAATAGTCTCTGTGAAAAACCTTGTGTCTTCTCTAATTCTTCTTCTTGAGCTCCTGTTAAAGGAATAATCACAACAGGATTTTCTCCCTCTTTCACATATCCTTCTTCTCTGACTCTTTCTTCCCAATAACTTTCCTTTTCTGTTTGAGAAATTCCAGCTTCAAATTGCTCTTTTTCTTTTTCTAAAAATTCAATTTCTTCTTTCAGAGATTCGATTTTCTCTGTCAACTCTGCTCTTTTTTTATTTATCTTAAAACTGGAAAAAGCTAAAAATCCAATAAAAGATAATGTCAAAATTAAAAAGAAAGTCTGAAAAACTATATCTTTTTTAGATTTTTTCTTTTTCTGAATCTTAGTTTTTGTTATCATAATAATGAAGGAACCGGTCGCTTCGTTCCCTGTAATTACTTCGTAATTAAATGAAAAAGGTGAAATCTCAAAAAATATTCAAGTTCTTCTGGCTTATTTTAGTAGTTTTAGTGATTTTGAGTATGATTTTCTTTTTATTACTCCCTCTGTTTTGATAGTAATAAAATTCTCAATGGTTTTCAACCTCTAAACATCTTTAAAAAAACATTGGGAGGAATATGAATCTGTCCTCTTTCTTTCAGCTTTTTCTTTCCCTTCTTTTGTCTTTCTAATAATTTTCTCTTTCTGGTGACATCACCCCCATAAAGGGGAGCTGTAACATCTCTTCTTTTAGCTTTTATTGTTGTCCTGGCAATAACTTTACCTGAAACTGCTGCTTGAATGGGTAAAGCAAAAAGCTGAGCAGGTAAAATTTCTTTTAATTTTAAAACTATTTTTTTCCCTTCCTTAAAAGCATTTTCTCTATCTACAATCTTTGAAAAAACATCTTCTTTTTTACCTCCAATTAATATATCAAGTTTAACTAAGTCTCCTTTCTTATAACCTAAAACCTCGTAATTCATTGAAGCAAAACCCTGGCTAACTCCTTTAAGCCGGTCAAAAAATCCAACAATTATTTTTCTTAAAGGAACCTCGTAAGTCAAAATTAGTCTTTGCTGGCTCAGATATTTAGTCTCAATGTATTTCCCTTTCAAGTTCTCTAAACTCTCCAGAATCCCTCCAAGATAATCAACGGGAGTTATTACCTCTAATTTTGTCCAGGGTTCTTTTATTTCTTTAATTTCACTTCTATCTATCCAGTCACTGGCTAAAAAAATAAGTCTCTCTCTATCTTTTTTATCAATAATTTTATAAATTACAGAAGGAGTGGAAATTATTAAGTCCAAATTATACTCTCTTTTTAACCTTTCACAGATTATTTCAGCGTGTAAAGAACCTAAAAACCCACATTTAAAACCTCGCCCCAAAAATTCTTTTGTCTCTGTCTCAAAGAATAAGGAGGCATCATTTAATTTTAGTTTATTCAATGCTTCTTTCAGGGTTTCAAAATTATCAGGGTTTTCA
CP179891.1_gap2	8115	9052	937	AAACTGTAATAAATAATGATTGAATTTTTTGCTCTAAAATTTTATACTTTCCGTTTAATTGTTTAACCAACAACTCTGAATCAGACTTTATTTGAACTTCGCTAACTTTTGCAATTTTTTTTCCAAAAAGCTGTTTAAACTTTTTTAAGGCAAAAATTACAGCTAAATATTCAGCCTCATTATTAGTAAGGTCTTCCCCTAAATATTGCGAATATTTTTTAAAAGGTTGACCTTTTTCATTATAAAAAACAATTCCAGCAGCAGATGGTCCCGGATTACCCCTTGAGCCACCGTCAGTATGAATTACTATCTTTTTCATAGATTTTTAATTAAGCAACTTTTAAATTTCTCCAGATTTTCATTTTTTATTCTAAAACCAGAAGCTTTAGCATGACCGCCGTAAGTTATCAGATATTTTTTACATTTTCCCATTAAAGAAACACTGTCAATATTAGAAGGAACTCTGACCGTACCCTGACTTTCTTCTTTCAATTTTTTAAAGATGAAAGTTGGCTTTCCAAAATCTCTACAGACAATTGAAGCTACGGAAGAAATTAAAGGGTATTCCCATAGAGAGTCTCCTTCAAAAATAATAAGTTCTTTACTTTTAAAAATTCTTTCTTCAAGCTCTTGAATAATTTCTTTAACTCTCTCTTTTCTGAGCTTATTCTTTTCTCTTAATCTTTGAATCATTTCTGCTAATTTTTGAGATGAAGAAGTCGTCAAAATTAAAAATGAAGTAGGTATTTTATTTTCTACATCACGAACGTTCAACATAGAAATAATCTTTGAAACTTTCTCGTATAAATTAAAGTTTTTTAAAAAATCAGCTTCAAATAATGTTTTTATTCCCGGCCGCCATGAACTTTCCATATATCCTAATCCTTCTTCAATAAAAAGTTTATTATCATTAACTTTAGGCATCATATCAGCCATG
CP179891.1_gap3	13419	14018	599	CCCATTCCTCCCACCAATTGGGAGGATGATAAACAACCCTATGAAGACTGTTCATTACATCCTCCATTGCTCTTATTGGTTTGGAAATCTCCTTTGGAATCTTAATCTCCAGTAAAATTGGTTTAAAAACATTTTTTAAAAAAATCTCAAATCTCCACCAATGCCAGAAAAATAAAAAAGGCTTTACCAAAATAAAAAGTAAAACCAACCACCACCAATTTTTAATAATTTCCAAAAAGGGTCCGAAAAATATTCCCTTTACTCCCTCTATCACCGTATTATACACACTCAAAAACTCAAAGAACATTTTAAGCTTCGTTTATTTTATATCTACCTTCTGAATCTTTTAAAAAATATTGTTTATTGCTTAAGTTTAATAAAATGGTATTTTTCTTGATTAGTCTTTGTTTTAAAACTTTTTCTAAAATCTCTTCTCTTGTTAAAGATTCCTCAGCTTCCTGTAAAATTTTTACAATTACATCTTTTACCTGACCTGGATAGTATCCCCACTCAGCCAAAGCATAAATTCCCCTGCCCACTAAAATAAATCTATCGTCTTTTATCAATTCATTATGAACGGTTTGAACGTGGCTATCTTT
CP179891.1_gap4	89928	92789	2861	TCTTCTTTCAACTCCCTTTTCTTTTTTAATTCCCTCTTTTTCAATTTTTAATTTTTTGATTTCTTTTCTTAAATTCTCCAATTCAGGAGGTTCTGATTCAATTTCCAACCTTAAAGCACTCATTGATTCATCCATCAAATCAACGGCTTTGTCGGGTAAAAATCTATCAGTGATATACCTTGCTGCTAACTGAGCACAGGTGACTAAAACAGAATCTCCTATTTTTACTCCGTGATGCAATTCATATTTTTCTTTAATGCCTCTTAGAATTTCAATAGTATCTTCAATGGAAGGTTCTGCAACATAAATTGGCTGAAATCTTCTTTCTAAAGCCTGGTCTCTTTCGATGTATTTTTGATATTCTCTTAAAGTGGTAGCTCCTATCGCTTTTAATTCTCCTCTTGATAAAGCAGGCTTTAATAAATTCGAAGCATCAATTGCACCTTCAGCGGCTCCAGCCCCCACCAAGGTATGAAGTTCATCAATAAATAACAAATATCTACCCTTTGCCCTATTAATTTCTCTCAAGAGAGCTTTTACCCTATCTTCAAATTCTCCCCTGTATCTTGTTCCTGCGACCAAAGCTCCTAAATCCAAAGCTATTATTTCTTTGTCTTTTAAGCTTTCCGGAACCTGTCCCGAAACAATCCTTTGAGCCAAACCTTCAACAATAGCTGTTTTACCCACTCCAGCTTCCCCAATCAAAACAGGATTGTTTTTTGTTCTCCGAGAAAGAATTTGCATCAGTCTTTTTATTTCATTCTCCCTGCCAATAACAGGATCTAATTTTCCCTTTTTGGCTAAGGACGTTAAATTCCTGGCATATTTTTCAATTACCTGATATTTTGTCTCAGGTTTTGGGTCGGTAATTCTCTGTCCACCCCTGATTTTAGCTAATTCTTTCAAGACAGCATCATAATCTAATTTTCCAAACTCAAGTGAGCTACTTTTGCTCTCTGGTTTTAAAAAAGTAGCTTTATCTAAAATTCCTTTTGCTTTTGTGTCGGTAGATAAAAGGGCTAAAAATAAATGTTCAACTGAAATATAGTCATCTCCCATCCTTATAGATTCTTTCTTTGCCTTATCTAAAATCTTTGCCATATCTTGCGTTAAATAAAACTGCCCAAAGGTATGAGGAGTAATAATGGTTGTAATTTTGTCTAAGGTTAATTCTGTTTTTCTTTTTAAGCTATCGACATTTACACCTATTCTATCGAGCAAACTTAAAACAATGCTTTCCTCTTGATTTAACAAAGCATAAAGTAAATGTAAGGCATCTATTTGCTGCTGATCCCTTTTTCTGCTTAATTCCTGGGCAGTAATTATTGCTTCTTGAGCTTTATGAGTAAATTGACCTCCGTTCATCGTATTTAATTTTACCCTAAAAATTTAAAAAATCAAGTTTAAAAAACAAACAAAATTACCTTTATTTGTCCAAACTAATAAGAAAACGGGTTGCTTACATTTCTCCCAGAGTCGCATTAATAAGCTTTTCTGTATTGTCTCTTAAGATTTTCAAAGAAACTTTATCCCCCGGATTATAGTTTATAATGATTTTTGCTAAACTATTCTCCATAGTAATTTTCTCTCCGTTAAACTCCAAAATTATATCTCTTTCTTTTAAACCCGCCTTTTCTGCAGCTGAGTCTGGAAAAATAGCAGGCTTACCTTGATATGATACTACCCAGGCTCCGTAATCAACCCCAAGATTATTTTCTCTTTGAACATCTTCATTAATTAAGATGTACCTTACTCCTAAAAAGGGATAAACGATTTTACCTAAAGCTTTAACCTGTTCAATATCTCTCTTTGCTTTATTAATGGGAATAGCAAAGCCAATATTTTGCCCTTCGATATCAATGGCTGTATTAATGCCTATTACTTCGCCTTTTAAATTTAAGAGAGGACCTCCTGAATTTCCCATGTTAATAGCAGCATCTGTCTGAATTATATCTTCAAGGGTCTCATAAAACCCTCCGCCTGAAGCTATAATTGTTCTGCCTAAACCAGAAACAACACCAACTGAAACTGCATTTTGATATTTCCCTAAAACATAACCTATGGCAATTGCCGTCTGACCAATCTTTATTTCATCTGAATCTCCCAGGTTTATTTTTGGAAAAGGTTTTATTTCTTCTGGAGCAGATTCTTCCTGTCCAATCCTCAATATTGCTATATCTTGAATAGGATCTCTTGCTAAAACTTCAGCCGGAAATTTTTTATTATCTAATGTTAAAACGGTATATTCGGCTGTTTCATCTAAAACCACATGTTTATTGGTTAAAACCATTCCATCTTCAGAAATAATAAATCCTGTTCCTCCCCCAATCTGTCTTTTTTCAAACACTGGTTGCTCTTTAGTGATAATAATACTGACAACGGCAGGAGAAACTTTCTCAACAACCTCAACTATTATTTGTTCTTGGGAAACCTGGGGAAGATAATTATTTTGGGGAACTATCTTGATGTTATTAATTTCGGTATTTAATTTATTCAAAAGATTTACCATTTCTTGATAAAAATAGGTGCCAGAGACTATTCCCGCCAAAAAACCAGAAAAAGAGGAAATTAAAATAACTAAAATTAAAATCTGAGAGAGTTTTGTTTTTCTCAACCCTGAAGATTTAATTTTTGGCGCTTTCAATTTTGGCAGTTTAAATTTGGGTAATTGATAGTTAACCATAATAAATTTATTATCTATTATTTTTTAATGAATTGACAAACCGGTATTTAAAAATATCTGATTTTATTGGTCCAAAAAATATCATATAAATCCCAGCTAAAACATATTTTAAATATATCTTTATTCTTCCTTCGTTCTCCAATCTCCGAGAAGAGGTTAAAATGGGTTCTATTTCGAG
CP179891.1_gap5	161898	162839	941	ACTTACTCTTTAATTATTGATTTATAGCTTTACTCCTCTCTATATTTTATAGACTTTATAGCCTTCTCTGACTTTTTGCTCAACTTTTAAACCAATGGTTTCGCCCTTTTTAGCTGCTTTAACTTTTTTGTGGTCAATTTCTATTGATTCAATCGTTTGTTCAAAATCTGTTTCTCCACCTATTATCCTAATATTATCACCTACTTTTAAATTATCTGACAGTTCAATAATAGCCACTTCAATCTTGCTGAAATAATGAGTGATTTTCCCTATTAATTCTCCTTCCTCATGTATGGGTGGTTTATCTGACATATCTAAATTGATGTTATTATCTTCCGACCTTTAATTTTTCTTTTTTTATTTGCTTAATTAATCTTCTCACTAATTTTTTCGGCTCTCTATCATAAATAATTCTTCTCACCCCCCTAAAAGGGCCTTTAGTTATATATCTTATTTTATCTGCTGTTCCACCTGTTCCTTCTAAAACACCTATTGGTTTTTGAGTTTCAAAAGCAGTCACAAACTCGTGTAAGGTTCCCATTCGACCGCAAATTACAATTACTCCGTCTGCAGCTTTTGTCATTATAACATCTCTACCAGTATAATCAGCTCCGGTATAAACTATCACATCAAAAGCATCTATTGGAAGTCTATAGGTCTTTAAGTGAGCAGCCTCAGAGGTTGCGGGAGAAAAACCAATTGAAATTCCATCTATTTCTTTAAATCCTAAAGCAGCTAAATAGGGAATGCCTGTCGTAGCTCCTGTGACCAAAACACATCCTTGACGGGCAATCTCTCTACCAACTTCTTTGGCTATATTTTCGATATCTTTACAACAATGCTTTATTTGAGCCGCCCCAGATACTACAATTTTATATCGCATAATAAATATATTTTACACTTCCGGTCTTTAAAAAGCAAATTCCAAAATCTTATAAATA
CP179891.1_gap6	237002	239278	2276	CTTGGGGCAAAGAAGTGAATTTTTTTAAAAGGACAATTGCTTATACCAAAAGAAGTATTGCTAAATTAAATTATTATGTTAGAGCAAAAAAGAGGAAAATTTAAAAAGATTGAGGTTAAAACAGGAGAAATTTTTTCTAAATTTGGTTTAAACCCTAATCACTATACTTTACTGTCTATTTTCTTTGCTGTCATTTCTTTTTATTTTTTAATTAAGATAAAGCTGATTTTAGCTTTAGCTTTTTTCTTCTTTGCTGTTTCTTTGGATTTTGTTGATGGAGCTGTAGCCAGAATAACAAAAAGGGCCACAAAAAAAGGAGCCTATATAGACACAATATGTGACCGTTATGTTGAGGGAATTATTTTATTGGGTTTTCTTTTTTTACCCTTGTCTTATATTTTTTTACCTTCTAAAATTTGGGTTTTCCTTGCTTTTTTTGGTTCTTTAATGACTACCTATTCAAAAGCAGCGGCTAAAGAAAAAGAACTGGTAGTAAAAGAGCTCAAAAGAGGTTTTTTTGGCAGGGCGGAAAGAGTAATTTTAATTTTTTTAGCAATTGCTTTGGGAATTTTTAGATTTTCTTTAATAATCTATCCGATAATAATTTTGGCTATTCTTTCCAACCTTACAGCTGTCCAACGGATATATTTAGCCCTCAACCCAGGAGAGGATTAAAACATCAGGTCCGGCTAAAGTTCCAATAATATCATTAAGTATATTTATAAATAAGACCTCACCTCCTTCTAATTCTTTTTCAATCATATCTTTTAATCTCTGGGCTGCTTTTACATCATCTCCATGGGTAATAATTACCCTGATTTTTTTATTTTGATTCCTTAATTTTCTGGTTTTTCCTTTTATCTCTTTAAAGAGAGCAATAACAATATCTTTTGCTCCAGTTTTTATTCCTACTGGCTTTAAGACACCATCTTTAATTCCAATTAAGGGACGGATTCCAACCTTTTCCATTCTTCTCACCCAGTTAGCTATCGTAGGGGACATTCTTCCTGCAGCTTCCACCCATTTTGGGTCTTTGAATATTACCCGGCAATTAATTTTTGAACGTAATTCTTCCAATTCTTTTTTAATTTCTTTCATTGTTTTTTCTCCTTCATTTATTAAATCAAACAATCTAAAAGCTAAAAGTGCTTGTCCGCCACTGACATTTAGGGAATCTACAACAAAAACTCTTTCTTGGTTCTGTGGTTTTAAAAAATTCTTTGCTTGAATAGCAGAATTATAGGTTCCGGAGAGTTTTGAGGTTAAAGTAATACAAAAAACATTTTCAAATTTTTCTAATTGTTTTTTATATGCGTCTAAAAAAACCTTTGGTGAGGGCTGGGATGTTTTGACAAAAGTTTTGATTTCTTTTTTTTCAGCCTCTCTCATTTTTTGGAAAATATTTTCACCTGGAAGACCCTCGACTTCAGGCCAGTCTGCTTTGTAAGAAATAATCTCTATTTGATGTTTTTCAATTATTTCTTTAGGTAAATCAGCGCCTTTGCCGATAACTAAACCTGTCTTTTTCATGATAAATATATAAAATTAAAGTTATATTATATTCCGACTTTAATTAAGTTTTAAAATATCTGATTTTTGCTTCTTTTTCAACTAAATTTATTGTTATTGCAATAATATTTATTTGCCATTTAGAATCTAATGGAATTTTGTTCTTAGTTAACCAATATTCAGCAGTTTTTCTTAATCTTTTTCTCTTAAGGAAATTTACTTTGTCTTCCGGAGAAAATATTCTTGATAACCCTTTGTTTTGTAATGTTTTTACTTCGATAAAAGAAATGACACCATCTTTTTTAGCTATAATATCTATTTCACCTTTTTGAGGACTGCCCGGTATTCTAAAACAATAATTTTTATCCAGGATTTTATACCCTTTGTTTTTTAAATAATCTTGGGCTATTTTTTCACCTAAATTTCCAAGTTCTTTAGTATTCATGTGGACCCAGGCAGAATCGAACTGCCGTTTGCGCAATGCGAATGCGCCGTTCTACCATTAAACTACGGGCCCTTAATCATTTTCTAAAAGCTTTTTTAATTCTTTAAATGAATTAATTCTGATTCCTTGATAATCTTGAAATTTATTTTCTCTATCAATTAATACAGGTTTTATTCCTAAGTTTTTAGCCGGAACTAAATCCCTTTCTATGTCGTCACCAACCATTACTGCCTCTTCTGCTTTTATTTTGAACTCATTTATGACTGTTAAAAAAACCCTTGAGTCTGGCTTTAAGGCCTTTGTTTCGGCTGGAGTAAAAATT
CP179891.1_gap7	240431	242903	2472	ATCTTACATATTTATTAAAACTTCTTTTAGCCGCATAATCTAAAGAGCGCACAAAATGTTCATAGCAGTTATAAATATGATGTTTATTTTGAGCGATACCATAACCTTCTTCTATTTCAGGGATAATATATTTTAACAAATCTAATTTTCTTAAGAGTTCAATCCCTTCTGCTGCTCTTTCTGCCATAATAATTTTCATAAATTCATCTCTAATTCTTTCTTTAGAAATAGCCTGCAGCCAGATTGAGTTCTTTTTAATGGCTTTGGCTGTTTTTTCTTCAATCTTCCAATTTTTTCCTAATTTTACAGCGAATCTTACTCCTCTCATCATTCGAAGAGCATCTTCTGAAAATCTTTTTTCTGAATTTCCCACAGCTCTAATAATTTTGTTTTCTAAATCTTTCCTTCCATTAAAAGGGTCAACAATCTTTAATTCCGAACTTTGAATTTTGACCTTCGAACGTGGAACTTCTATTGCTATTGCATTGACTGTAAAATCTCTTCTGGCTAAATCTTCTTTGACGGTTTTGGCAAATTTGACTTCGCTTGGATGACGTTTGTCAGTGTATCTTGTTTCCAAACGAAAGGTGGTAATCTCAATTTCTTTTAATTTAGGGTTTTTGCTTTTAGTTTGAACGGTCACTGTCAAAAACTTGTTTTTATAAAAACTTTTCGGAAATATTTGCTGAATTTCTTTTGGTTTAGCATTTGTTGTAATGTCCCAGTCTTCAGGTTCTACATTCCTTAAAAAATCTCTCACGCATCCCCCAACAACATAAGCTTCAAACTTTTTGTTTTTTAATTTTTCAATAACAAATTTTACTTCTTTTGGGATATCCATACCTGAATCTTATCTTAAATCCTTGTTTTTTTCAATTATTTTGATAGAATTGAAAAAGCCCCCGTGGTATAATGGATAACACGAGGCACTTCGGATGCCTAATTGAGGGTTCGAATCCTTCCGGGGGCACAGGCTCTTCACTAAATTAAAAATTCAAAATGAAAAATAAAAGATTATTAGTAACAATTCTTTCAATTTTGTTTTTTTTATCTTTAGCTAATCAAGTTTTAGCTATCTGTGGAGGACCTTTAGTTCCTTGCGGTCGTCCTGGGAAACCAGCTTGTTCACTCTGTCATATCTTTGAACTTTTAAACAACATTCTTAAATTTTTCCTTACCTGTTTGGTTCCAATTGTGGCCGGTTTAATACTGGTTATTGGTGGAATGATGTTTATGTTTGCTTATTTTAGTGAACCAGAAATGCTTGCAGGGGAAAAGAAAGGAGGACCAGTCCTTTTATCTCAGGCGAAAAAAACAATCACGGCTGTTGTTATTGGTGTGGTAATCATTTTTTCCTCCTGGGTCTTTCTAAACGCTTTCTTAGGCGCTATTGGAATAGCTAAATGGACAGGATTAGGAACCTGGTGGGAGATTAAATGTGCCCCGCCCGTATATTGTGAACAGTGCTCTGATTGTTCTTCTGGAGAGTATTGCAAAGAATCAATTCATACCTGCAGTGATTTACCTGCTTGTGCAGAGTGTAATTCTGGTTTTGGTTATAATCGTCAGGAGAATGGTGAAGACCTCTGGGGTGATTGTTCAATCTGTCATGCATGTTCAGGCCTGGATACGGGTCCAGAAGAGTGTGTTCCTATAACAGATAATACCCAGGATGATGGCTGCGATGGAACCTGTCAAGCCTGCCAATCAGGTTTGTGTGGAAATGCTACAGCTGGTACTAACCCCGGAGGTAAATGTTGGCCTGACCCGGAGTATAGAAATGGTGGAGGTCCGAACTTGAGCTTTTGTCAATCAAGAACTAAAGATGGTAAGTGTAATGACTCAGGTTCTTGTAATGACGTTTATGGGCCCTGGGTAAATATAAACGAAGGATTACCTTGCTCGGGTAGTTATGGTTGTGAAGGTAATACTTTTTACGCTCCAACTACTTGTAGTTCGGGAACTTGTAGTGGAGGTTCTGTTGATATAGGTTGTTGTGCTTGTTCTAAATGTTCTTCTGGAAAATATTGTAAAAAATCAAATCATACTTGCACTGATTTACGTACTTGTGCAGAGTGTAATTCTGGTTTTGGTTATAATCGTCAGGAGAATAATGAGGATAAATGGCATGAGTGTAGTCAAGGTTCAACGGCGTCTGATGGCTGCAGTTCTGAGTACTGCAGTGGTACATATTATTCTTGTGGTGTTCAAAGCTCAGGTGACGGTGGTTGCCCCATCTGTTACACCTGTAAAGATGATAATAATATAGACTGCGAGTTTCATTCAGAGGGCTTTCGTGATAGTGGTTGTTCCAGCTGCAAGCTCTGTAATGGTGTAGGTTCATGTATTAAGAATTCTCCAGATAGTGGTTGGGGAGCAGGTTCATATGGATGTACAGCTTATAACCAGCGTTGCTTTGAGGGTGAGTGTAAAAAGTGTAGTAGCAGAACAGGCGGCGGCTATTTATATAGT
CP179891.1_gap8	245195	248276	3081	CTTTTGACAAAAAAACGAGCGGGATTTAACCCGCCGTTCATTTTTAAAACTGAAAAACTTAAGAAATTTTATTTGAGCGAAGCGAAAACAAGGTTCTTCTGCTTCGCAGAAGGTTCTTACTCTTCTTTTGCCGCTTCAATAATGTCTTTAGCTCCTTCAACACCACTGGCAAGTGCGTCTTTTACAGCGCCTAATGTTTCTCCTCCAATATCTTTGGCAGCTTCTATAGCAGCTGAAACAGCTTCTTTTGTTGCCTGAACCGTATCACCACCTACTGTTGTAACGGCCTGGATTGAACCTTTCACTGCTTCTACAGCAACTTCTCCAATATCTAATCCTAATTCTTTTGCACTATTGATTGCTTGGGCGACTGCTCCTTGAATAGCAGGTTTTTGTTCACCACCAGCCTCCATAAAACCACCCACCGTTCCTCTAACAATATTCCTGATTGCACTTACAATTGATATTCCGATATCAGAAACTCCATAAATAGCACCTTTTACAATTGAAGCAGTAGCTTCAACGCCTTTTGAAAGAAGTTCACCTGTCTCTCCTAAGGTAGTGGTGGTTAAATCTTTTACAACACCGACAATAGCACTGCCAATGTCACTAACTCCTTTTAGACTCGTTTTTATCCCCTCTTTTGCACTATTCACTATACGTGAGATAAGAGAGAAAACCATATATTTTTTAATATTATTTTATTGAATAAAACGATAAAAAAGCGACCTTTATAATTTTCTAAGTTGATGTTTGTAAAAAGTACAAAACCGCTATTTTTTCTCTTCTAATTGCACTTTTATATTTATTTTTTTTTCTTCTCTAAGAATTTTTAACAAAACCTTTTCTCCAATCTTATGTTTCTGTAAAATATCAGCTAAAGGATTTTCTTCATTTATTTTTTTTCCATTACATTCCAAAATAATGTCATATTCTTTCAGCCCCACTTTATCAGCAGGTGATTCTTTTACTATTGCTTTTTCCCCTAAGCTTTCTCTGACAATTAAAGCTCCATAGTCAACGGGAAGTTTATTTACTTTGGCTATTTCTTTGTTTAAAAGAAAATATCTTACTCCTAAAAACGGCTTTTTTATCTTTCCATATTTTATTACTTCTTCCAGATTTCTTTTGGCGTAGTTAATTGGTATAGCAAATCCAATATTTTGGGCTCCCATAACCATTGCAGTATTAATTCCGATAGCTTTTCCTTCCATGTTTACTAAGGGTCCTCCACTATTGCCGGGATTTATTGCTGCATCAGTTTGAATTAAGCCTCTTAAACTTGTAGCTCTAAACGATAATCCTCCGTAAGCTGTAATCTTTCTACTTAAGCCGGATACGATTCCAGAAGAAAGGGTGTCTTCAAATTCCCCCAGAGGATTTCCAATCGCTACTACAGTTTCTCCTAATTCAATTTTTGAGGAATTGCCTATTTCTAAGCAGGGAAAATCTTTTCCTTCTATCTTTAAGATAGCTACATCAATTAATGGGTCTTTAGCTAAAACCTTAGCAGGATATTTTTTTGTTGGTTCTAAAATTACCGTATAATCGGCTGTTGAATCTTTAACCACATGGTTGCAGGTTATAACATAACCGTTAGGAGAAACAACAAATCCTGAACCTCCTCCAATTTTTGTTTTTTCTTTCCCTCTCTTTTCTATTTGAGGAATAACAAATTGCCGTCCGCCGAAAGGAAAAATGTAATACCCTTCTATTTTGGGTAAGTCCTTGCTAATAACAATAGTTATTACCGCCGGACAAACTCTTTTTGCTATTTCAACAATTGGTGATTTTTCCATATGTTTTTATTTTATCATTAACTTCTATTGTCAACAAGACCAGAAGTTGCTATTATATTTTTGAAAGTAATATTTGATACTTAAAAACAATTTCTGTAGGAATTGCCCTCGTAGCTCAACAGGATAGAGCAAGGCACTCCTAACGCCTAGGTTGGAGGTTCGAGTCCCCCCGAGGGCATCAATTGAAGGGCCCATAGTCTATCGGTAAAATACTTCCTCGGCATGGAAGAGTGGAGGGTTCGACTCCCTCTGGGTCCACATAATTTGCAGATAGCCGCGGTAGCTCAGTGGTAGAGCATATAGCTGAAAACTATAGGGTCGCCAGTTCGATTCTGGCCCGCGGCACCTCTTTGTGAATCTGCGGGAGTAGTTTAGTTGGTTAGAACACAACTTTGCCAAAGTTGAGGTCGCGGGTTCGAACCCCGTCTCCCGCTTAACTTCAATTAATGAGTTTGCTTTTTTGAACCTGCCCATTTTATTTTTTAGCCTTTAGTATTGACATGCTTTGGTGAATGAGTTAGGATAATTCAACCCTAAAAATAAGGGTTTTTAAGATGAAAATTTCTGGTCCTAAAAAAAGAAAAAAACAAAGCTCTTGTAAAAAGCAAGGGTTTAATTGCAAACGCCCAAAGGTTTGGACGTTGATTAGCTTAGTTTTTCTAATATTCTTTGGGGTTTTGTTTAAAGTTTACTCTCTTTCTGAGTTAAAAAGTAATAATCAATCAGAACTGGATAATATCCAGAGTTTTGTTGTTTTTCAAGAAAACACTTTAGCTTCTCTTTCCAATCCAAATAACCCGCCTTTAAAGGCTACCGAAAAGTTACGGGTAGTAATAACTGCTTATTCAAGTACACCCTGTCAAACCGATGATAGTCCCTATATTACTGCATCCGGGACTTTTGTGAGAGAGGGAGTTATAGCAAATAATTTTTTGCCTTTTGGTACAAAGATTAGAATTCCTGAAATATATGATGATAAGGTTTTTATTGTTGAGGATAGAATGAGTTGGAAAAAGGGTAATTATCACATTGATATTTGGTTTTCTGAATATTCCCAAGCTCTTGCTTTTGGAGCAAAAAGAACATATATTGAAATCTTAGAAAGATAACATTTATCTTAAACTTTAAAAATTAAGAGCTTAATGAAAAAACCACCCTTTCGGGTGGTTTTTTCAATTTGTGCCGCGGGTGGGACTCGAACCCACACGGGATATAATCCCAAGTGATTTTAAGTCACTCGCGTAATGCCAATTCCGCCACCGCGGCAATTATATTTATTTTA
CP179891.1_gap9	254914	259486	4572	AACTCAAGATTCCCTGAATGAAAATATTTTTTACCTCATACTCTCCAGGTCCTTCAATTAAAAAAGGATTTCCAGCAACAGCTGCAACATTATTATGGTCATGATGCTGATGGGTAACTAATACAATATCAGCTTCAAGTTTCGGTACTCTTAATCCAATACTTTTATCATAGGGGTCAATTACAATCTTTACCTGATTGTTTTTCTCAGGAATGGTTGTTATTTGAAATAAAGAATGACCATGCCAAATAATTTGCATAGGGGTAAAATAAAGAATATAATTTATTCTTATCATAAATCTCCTTATAATTCAACCATTAATGGGGTTGAAAATTTAAATGAAACATTGTAAGATAAATAGCATCTAATAGATAATATTAATATGAAAGAATTATTAGAAAAAAACAATTTTTTGAAACCGGCAAAAATCGGAGATATTATTGAAGGAACAGTTGTTGGTAGGGGAAGGTCCTCAATTTTTTTGGATTTAGGAGCAATTGGAACAGGAAAAATTTATGGAAGAGAGTTTTATCAAGCTAAAGAAAAATTAAAAAATTTAAAAATTGGTGATAAAATTTTCAGTAAGATAATCGAGCTTGATGCAGAAGAGGGATTCATTGAATTATCGGTAAGTGGGGCATTTAAGGAGTTATCTTTTGAAACCCTTAGAGAGAAGAAGGAGAAAGGTGAATTGATAAAAATAAGAATTTTGGGAGCAAATAAGGGCGGTTTAATAAGCGAGATTTCAGGCATTTCTGCTTTTTTGCCAGTTTCTCAATTAGCAAGTGAGCACTACCCAAAAGTTGAGGGAGGAGATAAAGCAAAAATTTTGAAAGAGCTTCAAGAATTCATTGGTCAAGAGCTTGATGTAAAGATACTTGATTTATTCCCAGAGAAAGAACAAATTATTTTATCAGAGAAAGCAAAAGATTTAGACAAGATAAAAGAAATATTGAAAAATTATAAAATAGGAGACGTTGTGAAGGGAGAAATTACTGGTATTACTAATTTTGGAGCATTTATTAAATTTCCCTTGTCCTCCAAATCCTCGGCGAAGGAGAAAGGTTCTTCCAAAAAGGAGCAGCTTGAGGGCTTAATTCATATTTCCGAGTTGGATTGGAAAATCATCGAGGACCCAGCAGAAACTGTTAAAGTAGGTGATAAAGTAAAAGCAAAAATTCTTGATATATCTAACGGTAAGGTTTCTTTATCTCTAAAAGCCTTAAAAAAAGACCCCTGGAAAGGCATTGAGAAAAAATATAAGAAAGGCGAAATAATTAAAGGCAAGGTAACTAAACTTAATCCTTTTGGAGCTTTCATTCAAATAGATAAAGAGATTCAAGCACTTTGTCACGTTTCTGAGTTTGAAGGCGAGAAAATGGTAGATGTTTTAGAGATAGAGAAAAAATACAAATTCCAAATTTTATCAATTGACGAGAAAGAACATCGAATGAGTTTAAAATTAATCAAGGATAAGTAAAGTTAAATAATTTTTATTGCAAAAATGAAAATTTTAGTTAAAAATTTTTTACTCATTTTATTTATTTTTCTAACAATATCTGCCCTTTTTAGTTTATTTTTCCAGCCGCTGAAAGAAATAAAAGAATTATCAATTACCCAACTGATTGAAGATATTAATCAGGATAAAGTTGAAAAAATTACTGTTTCTGGAGATGAGATTGAAGCGATATATAAAGATGAAACAATAGCTAAATCCAAGAAAGAACCAGAAGCTTCTTTGTTTGAATCATTAATAAACTACGGAGTAGAGAAAGAAAAGTTAGCTCAACTTAAGGTTGATATAAAAGAAAGAGATGGAAATTGGAGTTGGCTTGGACCTGTTTTATTCTCAGTGCTTCCTGTTTTACTTTTTGGTGTCTTTTTTTGGATGCTTTTTCGGCAAGCTAAAAGTGGAGCGATGCAGGCTTTTGATTTTACTAAGGCAAAAGCTAAATTATTTGGGGCAGAAGGTCATCCAAAAGAAAAAATCACTTTTAAAGATGTTGCTGGTTTAAAGGAGGTAAAGGAGGAATTAAAAGAAATAGTAGATTTTCTTAAAAATCCAAAAAAATATTTGAAAATGGGAGCGAGAATTCCAAGAGGAATATTACTCTTGGGCCCAGCCGGAGTAGGAAAAACTTTGTTAGCAAGAGCAGTAGCCGGGGAAGCTAATGTCCCCTTTTTCCACACTTCAGGTTCCACTTTTGTAGAGCTTTTTGTCGGCACAGGCGCAGCCAGGATACGAGATTTATTTGCCACTGCAAAAAAGAACGCTCCATCCTTGGTTTTTATAGATGAACTTGACGCTGTAGGTCGTATGCGAGGAGCAGGAATTGGTGGAGGCCATGATGAAAGGGAACAAACTCTAAATCAATTATTGGTAGAAATGGATGGTTTTGAAAGAGATACCAATGTCATAATTATCAGTGCGACCAATCGCCCTGATATTTTAGACTCTGCACTTTTACGTCCTGGTAGATTTGATAGAAGGGTAGTTTTAGACTTACCAGATATTAATGACAGGGAAGAAGTTTTAAAAATTCATTGTAGAGGAAAACCATTAGCTTTAGATATAAATTTAAGAGAGGTTGCTGAAAGGACTCCCGGATTTTCTGGAGCAGATTTAGCAAACATTGCTAACGAAGCAGCAATTTTCGCTGCAAGAAGGAATAAAACCCAAATTTTTCAAGAAGAATTTTTAGAGTCTATTGAAAAAGTTTTATTGGGCCCTGAAAGAAAAAGCCATATCTTATCAAAAAAGGAGAAAGAAATAGCTGCTTTTCATGAAGCAGGTCATGCTTTGGTTTCTTCTTTTCTTTTAGAAGCAGAACCTATTAGAAAGATTTCAATTATTGCCAGGGGATTTGCGGCTGGTTATACCTTAAAAATGCCCAAAGAGGAAAAGAGGATTAAAACAAAAACAGAATTTTTAGCAGAGATGGCAACTTTGCTTGGAGGATATGTTGCTGAGAAATTAAAATTCGGCCAGATCACAACTGGAGCTGCCGATGATTTAAAAAAAGCTTCTGGTTTAGCTAGAAGATTGGTTAAAAAATATGGAATGTCTAAGTTAGGGCCAGTTTCTTTTGGTGAAAAAGAAGAATTAATTTTTTTAGGAAGAGAGATTTCAGAACAAAGGAACTATTCTGAAAAAGTCGCTGCTTTAATTGATAAAGAAGTAGAAAAATTTATCAAGGATGCTGAAAAAAGAGCCAAAAAAATCTTATTGAAAAAGAAAAAATTATTAGAAAAGATTGCAAAAACCTTAATTGAGAAAGAAACAATTGAAAAAGAGGAGTTTGAAAAATTAATTAAAAAGAAAGAGGTAAAAACATTCAAAACTTCAAAACCAACCAGAAAAAAAGAAAAATCAATTAAAGTAAAAGTTAAAAGTTTATAAGTTTATAGTTTGAGGTTTATAATTTAATTACGGGCGTGTAGCTCAGTGGTGGAGCATGTCTCTTATAAAGACAAGGTCCGTGGTTCGAATCCACGCACGCCCACAAATTTGTCGCAGGCAAATATGGGCGATTGGCGCAGTTGGTTAGCGCGTCACACTGACATTGTGGAGGTCACAGGTTCAAGTCCTGTATCGCCCACAAAAAATAGAATATATGAAATTGAAAATTATCTACCAAGATAAAAATCTTTTAGTAATAGATAAACCAGCTAATATTATTGTTTTTCCAGAAAAAGCGACTATTGAAAGAACATTAATTGACATACTTTTAAAACAATTTCCTTATTTAAGAAAAGTAGGTGAACCCCCAAGATATGGAATAGTTCACAGATTGGATAAAGATACTTCGGGAATCTTATTGATAGCTAAAAATAATAAAAGTTTATCTTTTTTACAAAAACAATTCAAAAACAGGAAAGTAGTTAAAAGATACATTGCTTTACTTTCAGGGAAATTAAAAGAAAACCAAGGAGAGATTAAAACCTTGATTGGCCGTTCGCCCAAAAACAGATTAAAACAAAAAGTTTATCTTCCACTTGAGCCGGGTTCTGAAGGGAAAAGAACAGCTGTTACAAAATATAGAGTTTTATTACCCCTCCGAAGCATTAGTAAGGGAGGGCGAAGAAATTATTATACTTTAGTCGGAGTTACATTAAGAACCGGTAGAAAGCATCAGATTAGAACTCATTTTAGTTATTTAGGTCATCCTGTTGCGGGAGATAGATTATACTCTTTTAAGAATCAAGTCCATCCAGAAAGTTTAAAAAGACAATTCTTGCACGCTGGTTTTTTGAAAATAAAACTTTTAAATGATAAAGAAAAAGAATTTAAATCCGAAATACCAAGAGATTTAAAAAAAGTTTTAGAAAAAATGGAGGAGGATTCTCAATAACCTTTATAGATTATTAAATGAAAAAAGATAAAAAAGAACCAAATAAGGAACTTGCTAAAGTACAAACAAGAGAGATTACCAAAGAGATGAAGGAATCATATATTGATTATGCTATGTCAGTGATTATCTCTCGAGCTTTGCCCGATGTTAGAGACGGCTTAAAACCTGTCCAGAGAAGAATTTTGTATGCCATGTATGATATGGGATTGCGTCATGATGC
CP179891.1_gap10	392974	397932	4958	TTCAGGTATAGATAAAGAACTTGTAGGTTTAATTGCAGCAAAGACAAGGAAAGTGAAACCTCCCGAACCCTATAAAGGAAAGGGAATTAGATATGTAGGTGAAGAGGTAAGAAGAAAAGCAGGAAAGAAAGTAGTAACAGGAGGCGTAGCTGGATAGAAAATATTATTCGCAAAAATAAATGTTAAAAGACAATAATTAATCTATGAATGTAAAGGGGAAAAGAAGAAAAAAATATAGACGACATAAGAGAGTAAGAGGTAAAATTTCTGGTACAGCAAAGAGACCCCGTCTTTGTGTTTTTCGTTCAAACAAACATATATACGCTCAATTAATTGATGATGAAAGAAATAGGATTATTGCTTCAGCCAGTGATTTGGAGCTGAATGTAGTAAAGAAGAGTAAGAAGTCGATAAAGAAAGCTAGGGCGGGCAAGGAAGAATTTTCAGGTAAATTAGCTCCAGCATTTGAAGTTGGTAAATTAATCGCCAAGAAAGCCAAAGAGTTAAAGATTAAGGAGATTGTTTTTGATAGGGGAGGATATAAATATCATGGAAGAGTAAAATCATTAGCAGAGGGAGCTCGAGCAGGAGAACTAAAATTTTAATATTAAAAAAATAGTTAAGATTTAATAAAATGAGAAATAAAAGAATAGATAGATTCCAGAGAGATAAAGATGAGTTTGAATCAAAGCTTTTAGATTTAGCCCGCGTTTCTCATACCCGGGAAGGAGGTAGAAAACTAAGATTTAGAGCAGTGATGGTGGTGGGAGATAAGCAAGGGAAAGTAGGAGTAGGAGTAGCTTCAGGTTCAGACGTTGCCAAAGCTATTGAGAAAGCAACTAGATTGTCTAAGAAGAATTTAATTGAAATACCGATTGTCGAAGACACCATTCCTCATCAGGTTGAAGCTAAATTTGGGGCAGCTAAAATACTTTTAAAACCCCAGAGAAAAGGAAGAGGATTGGTAGCCGGGGGAACAGTAAGAATTATCTGTACTTTAGCTGGAATAAAAAATATATCTTCTAAGATTTTGGGAGCAACAAGCAATAAGTTAAATAATGCTAAGGCAATGATTGAGGCATTGAAGAGATTGAAAGTAAGAAAAGACAGGCAATAAGGAAAATGAAAATAAGTGTTACCACTATGCAATTACACCAATTAAAACCAATTCATAAAAGGAAAAAGCAGAAGCGAATCGGACGTGGCGGTAAAAGAGGTACTTATTCTGGCCGGGGAATAAAAGGACAAAAAACAAGGGCAGGCCGAAAAATGGTGCCTCCGATTCGGCAGTTGATTAAAAAATATCCTAAACTTAGAGGGTATAGGTTTAAATCAAGAAAGAAAAAACCAGCCATTATTAACATCAAAGATTTAGATAAAGTTTTTAAAAAGGGAGATTTAATTTCACCTCAGGTATTGATTGAAAAGAGATTAATCCGTAAAATAAAAGGAATGTTGCCAGAAGTAAAAATTTTGGCACAAGGTAATTTGACTAAAAAGTTGATAGTTAAAGGATGTCAGCTTTCAGAAAAAGCCAAAGAGAAAATAAAGAAAGCAGGAGGAGAAATAAAATCATAAAAGCAATTGAAATGTGGTATAACGCAATTATCCAAATATTTAAAGCGAAAGATTTAAGGAATAAAATTCTTTTTGTTTTGGGTATCTTTGTTATTTTTCGAGTAATGGCTAATATTCCTATTCCAGGGATTGATCCTGCGAAAATAAAGGAGTTTTTTGGACAATTTCAACTACTGGGTCTTATGAATATCTTTACGGGTGGTGCACTTGAAAGATTTTCTATTATTATGCTGGGACTAGGTCCTTATATTACAGCCACAATTATTCTTCAGTTGCTAACAATGATATTTCCTAAACTTGAAGAAATGTATAAAGAAGAAGGAGAAGAAGGTAGAAGGAAGTTTGAACAATACGGAAGAATTTTAACAATGCCTTTAGCCATTCTTCAATCTTTTGGAATGCTTACTTTATTTTCTCGTCAGGGATTGATTGGAGAAATTAGTCCTTTAGCTAAAATAAGTTCTATTGTTACCGTTACAGCTGGAAGTATCTTTTTAATGTGGTTGGGAGAATTAATTTCAGAAAAAGGGATTGGAAACGGTGTATCCCTTTTAATTTTTGCAGGGATTATTGCTGATTTTCCTAGAAACTTAGGTCAGCTAATCGCTATTTTTCAGGAAGGAAAAATCCCTTTTTATTTAATTTTGGTTTTCTTTGCTGCTTCTTTGCTTATTATTGCAGGAGTTACTATTATTAACGAAGCAAGGAGAAATATTCCAGTTTCTTATGCAAAAAGGGTGAGAGGAAGAATGGTTTATGGAGGAGCTTCCACTTACCTGCCTTTAAGTGTTAATCCGGCTGGAGTAATTCCAATTATTTTTGCTTTATCGATTTTGACTTTCCCTTCAATGATTGCTAATTTCTTATTAGGTTCTGAAGGTTTTTGGGGTATAGCAGCTCAAGGGATTATAGATTTTTTTAACAACCCCTGGCTTTACGGGATTTTATATTTTATTTTAATTTTCCTTTTTACTTATTTTTATACTCTTATTACTTTTGAACCAGATTCAGTGGCAGAAAACTTGAAAAAAATGGGCGGTTTTGTTCCTGGTATTCGACCCGGCAAATCCACTGCTAAATACTTAAACTTTATATTAAATCGAATTTTACCTATTGGAGCTTTGTTTTTAGCCTTAATAGCCTTAATGCCTTCAATTATTCAAGGCATGACGAAAATTACTGCTTTTAGTTTCTTGATTGGGGGAACTTCAATCATAATTATTGTTTCGGTAGTTTTGGAAACAATAAAGCAAATACAAGCTCAATTAGAAATGAGAGAGTATGACACATTTTAGAAAAATAAAAAATAAAAAAGTCATTATTATTTTAGGGCCTCCGGGTTCAGGAAAGGGAACTCAAGCAAAACTTTTGAAAAAGAAATTTGGTCTGGAATATGTTGGAAGTGGAGATTTATTAAGAGCTAGGAAAAAGAAAAAAGATTTTACCGGGATTAAAATTAGTAAGGAAATTGACCAGGGGAAAAGAGTTCCAACGCCAGTTATCTTTAAAATATGGATGGATGAATTTGAAAAGTTTAAGAAAAAGGAGGAATTCAAAGGGATAATTATAGATGGAAGCCCTAGAACTGATTTGGAAGCGGAAATGGTAGAACAGGCTCTGGGATGGTATGGATGGACAAAAAACAAAAGAGTTCTCCTTATAGAAATTTCTCAAAGAGAAGTTATTAAGAGATTAACCAAGAGAAGAATGTGCAGAGAATGTGGGAGGATTATCCCTTTTATTGGTGAGTTTAAAAAACTTAAAAAATGTGACAAATGTGGAGGAGATTTATTTACTAGAAGGGATGATTCAATAGAGGGGGTTAAAAAAAGACTTGCATGGTACAAGACAGATGTAAAACCTGCAGTTAGATATTACCAAAAGAGAGGAGAATTAATAAAAATCAATGGTGAACAGAGTATTGAAGATGTTTTTAAAGATGTCTTAAAAGTTGTGAAATGATTCCTATAAAAACAGAGGAAGAAATCAAAATAATGTCAGAAGGTGGTAAGATTTTAGCTCAGATAATGAAAGAATTAGAGAAAAGAATAACGCCCGGAATTACCACCAAAGAATTAGATAGACTCACAGAGAGTCTAATTTTTAAATACAAAGTAAAACCTTCCTTTAAGGGATATGAAGGATATCCGGCTGCTTTATGTACTTCAATAAACGAAGAGATTGTTCATGCTTTACCTTCTAAAAGGGTTTTGAAAGAAGGAGATATAATATCTTTAGATTTAGGTATTTTTTATAATGGTTTTCATAGTGATATGGCAATTACCTTACCTGTAGGAGATATTAAACCCGAAGTGAGGAGGCTTTTAAGAGCTACAAAAAAAGCCTTAAAGAGAGGAATTAAAAAGGCACGTATTGGAAATACTTTTGGTGATATTTCAAATACAATTCAGAGATACGCAGAAAACCAGGGTTTTAATGTTGTAAAAGAGCTTTGCGGTCATGGAATTGGGAGAAAATTACATGAAGAACCTCAGATATTAAATTATGGTAAAAGAAGGACTGGGCCTAAGATTAAAGAAGGTATGTGTTTTTGTTTAGAGCCAATGTTAACGATGAGAGGATATGAGATAAAAAAATCAAAAGATGGATTCGGCCTTGAAACAAAAGATGGTTCTTTATCAGCACATTTTGAACATACATTAATTGTAACCAAAAAGGGCTGTCAGATATTAACAAAATTTGAGTAATAAGATATGAAGTGTCTTTTCTAAAAGTTCTTTTCAATCTTTTCTGAGGCTGAGGCCTCTTTTTTATTTATTTTGAAATTGTGATAAAATGAAAAAATGTTTCTAGAAATTCATCTTTCAGTTATTATTCCTGCTTATAATGAGGAAAAGCGGTTACATAAAACTTTACGAGAGATTGCAAAGTATTTGAGAACCCAATCTTATAATTGGGAAATTTTGCTAGTTAATGATGGTTCAAAAGATAACACAGCTCAAGTTGTCAAAGAACTATCTTATGAAATTGAGAATTTAAGACTGGTTGATAACAAAGAAAATCACGGTAAGGGTTATGTTGTAAGACAGGGAATGTTAACAGCCAGGGGAAAATACAGGGTTTTTACAGATGCTGATAATTCAACCTCCATTGACCAGGTAGAAAAAATGTGGCCAGAATTTAAGAAAGGATATGATGTTGTCATAGGTTCCAGAGACATAAAAGGTGCTGTGCTTTCTGTTCCTCAAACTTGGCTAAGAAGAAGAATAGGAGATGTTTTTAATTTAATGGTTCAGGTTGTTTGTGGTCTTTGGGGAATCTGGGATACACAGTGTGGATTTAAAGGATTTACAAAAAAAGCTGCAGAAGATATTTTTCCTAAGTGCATAATTGACCGTTTTGCTTTTGACCCCGAGATA
CP179891.1_gap11	399298	403913	4615	TTTATTGGGAGCTCCCTCCTCCGCTCGCCGCAGGGCGAGCTACGGAGGACTCGCCTTCGGCTCACAGAATTGTTTCCGGGAAGAAAGAGGCGCTTTTACAGGAGAGATATCTCCTTTGATGCTTACGGATTTGGGTTGTAAATACGTAATTATTGGTCATTCTGAAAGACGAAGTCATCTTTCAGAAAAAGACGCAGAAATTAATAAGAAGCTAAAAGCAGCTCTTAAACAAAATTTAAGACCTATTTTATGCATTGATAAGATTTCTCAAATTAAAAGAGGTATTAAGGGAATTTTAAAAAGCCAAATTAAAAAGATAATTGTGGCTTACGAACCAATATGGGCGATTGGAACCGGAAAAGCCTGTAGTTTTTCCCAAGCCAAAAGATTCAATCTTTCAATTAAAAAGGTTTTAGGAAAGAAGCATCCTGTTTTATACGGTGGCAGCGTTAATTCTCAAAATGCCTTAGGTTATATTAAAGAATCCAAATTTCAAGGTCTTTTAATTGGAGGAGCTTCTTTAAAACCAAAAGAATTTATTAAGATAGTTAAACTGTTATCTAAAAGTAACTATTGACAAATATTTTAATTTTGCTATTAAATAATTAGTAATTCTAAATTAAATAATTACAGATGATTGAAATGAAAGAAAGAAGTAGATTAGAGTTTTTGGGCATTTACCTTTTGATAATATTTCCCTTCATATTGCTATGGGTAGGACTTGGGATTCTTGGTGCTTCTATGTTTGGAGGATATATTGTAGAATATATATTTTACTGGGGAGGTTTATTAGGGATGGTATTGCTTACAGCGTTTGTTATCGTACTTTATGATAACTATTTTTAATAATAATCAAAGTTTTAAAGGGTTTAACCCTTTTTTTTTATCCCAAAGGGTCTTGCCCTGAGCTTGCCGAAGGGTTGATTTTTTATATTTTTTTTGTTATATTAAGTATATGAAAGATATTATGCAATCTCGTTTATCTTCTGAGAAAAAAAATCCTGTTTTTGGAGGTTATTTTTATAACCTCACTAAAGGGAGGTTAAAATTAGATCAAGTCATTGATGAGATTTTAGCTTACATAGAATCTGAAACTGATAATTTTTATGATATCATTATTGGTTGTGATTCTTCTTCTGAGAAAGTTCCTAATTTCCCGGTGGCAATTGTTGTTTTAAAAATGGGAGAAGGAGGAAGATTTTTTCTTAAAAAAATTAGCTATAAAAATCGAAAATTTCACTCATGGAGAGAAAGAATATTAGAAGAGGTTTTGTTATCTTGTAAATTGGCCCTTCTTTTTAAAGAAAAACTTGAAAAAAGAATTGAGAGTAAAGATAAAAATTATAATTATAGATTTTGCTATATTCATGCTGACATAGGAGAAAATGGAGGCACGAAAGATATGATAAAAGAAGTAGTTGGATTGATAAGAGGAAATGGTTTTGAGCCAAAAATAAAACCCGAAGCATATGTCGCTTCGTCGGTAGCAGATAGATACGCTTAAACTTTTAACTTTGAAATTTAGGTAATGATTTCAAAAGAGATAAGAAAAAAATTCTTAAACTTCTTTAGGAAAAAGGGGCATAAAATTGTGCCTTCTTCTTCATTATTGCCAGAAGATACAACAGTTTTATTTACTACAGCCGGAATGCAGCAATTTACTTTATATTTACAAGGAGAAAAAGACCCTATCGTAGATTTTGGTCGGAGACATTTGGCTTCTTGCCAGAAATGTTTTAGAACGGACGATATTGATGAGGTGGGAGATGATACTCATCATACTTTTTTTGAAATGTTAGGGAATTGGTCGATTGGGCAAGATGCAGAGAAAGGTTATTTCAAAGAAGGGGCTGTTAAATATGCTTTAGAATTTTTCGTGGATGTTTTAGGTTTAGATAAAAATAGACTTTGGGTAACTATTTTTAAAGGCGAGAAGAACATACCTAAAGATGAAGAGTTAAGGAGAATCTGGCAAGAAAACCGAATTCCAGAAGAAAGAATAAGAGAATTTGGAATAAAAGATAATTTTTGGGGACCGGTTGGGAAAAGGGGTCCCTGCGGACCTTGTTCAGAAATCTTTTATGATAGAGGTGAGTCATTTGGTTGTGGGGCAGTTGAATGCGGTCCTAATTGCGGCAATTGCAAGCGTTTTGTAGAATTATGGAATTTAGTTTTTATGGAATATTTTAAAGATGAGGATGGAAGTTATAAACTTCTTTCTCAAAAAAATGTAGACACAGGAGTAGGTTTTGAAAGGTTGGCAGCTCTTTTACAGCACAAAAGTTCAGCTTATGAAACAGATTTATTTTTGCCAGTGATTCAGGAACTTGAAAGAATCTCTTCTAAAAAATATGAGGAATTAAGGGAATTAAAGGAAGAAAAGAGAATTTTTAGAATTTTGGCTGACCACATCAGGTCAATTGTTTTTCTAACAGCTGATGGAGTTCTTCCATCAAACGTGGAGCAAGGATATATCTTGAGACGCATTTTAAGAAGAGCAATAAGATTTGGAAAAGTGCTCAATTTACCAAATAATTTCTTGGTTCCTTTAGCCAAAAAAGTGATTGAAATTTACAAAGATGTATATCCTGAAGTAAAATCTAGCCAAACAGATAGTTTAACCGTAATTCAAAAAGAAGAAGAAAGATTTGAGAAAACCTTAAAAAAGGGTTTGAAACAGCTTGAAAAAGTCTCAGCAAAAGGAAAAATTTCAGGCAGTGATGCTTTCCATCTTTACGATACTTATGGATTCCCCCTGGAATTAACCGAGGAGTTAGCTAAAGAAAAGGGGATAAAGGTTGATAAAGAAGGATTTAAAGAGGAATTTAAGAAACATCAGGAGATTTCAAGAGCAGGGGTTGAAAAGAAATTTGGTGGAATTGGCAAAGGAGCTACTTATACAGCTACAAAACTTCACACTGCTACTCATTTACTTCATCAATCCTTGAGGAATGTTTTAGGCTTTCATGTAAAGCAGATGGGTTCTGATATTACCCCTCAACGTTTAAGGTTTGATTTTTCTCACCCTCAAAAATTAACAGATAAAGAACTTAAAAGAATTCAAGACTTGGTTAACCAGAAAATAAAAGAAGATTTAGAGGTTATAAAAGAGGAATTGCCCTATCAAACAGCCGTAAAATCAGGAGCCCTGGCTTTTTTCAAAGATAAATACCCTGATAGGGTGACGGTATATTCTATTAGGGAGTCTGGAGGAAAAATTTTTTCAAAAGAGATTTGTGCCGGGCCCCATGAAAATAGTACAGGGGAATTAGGGCATTTTAAAATTGTAAAAGAAGAGTCAGTAGGAGCCGGGATAAGAAGAATTCGAGCAATTCTTGAATAAATTCCACCTCATTAATCCTTTTTTAATCCTTCATTTTAAAGTAAAGGATTTTTTGATATAATATATAAAGTATGACAAGGAAAATCTGGGACATTTTACCGCCTGAAGAACCTTCTTCCTCTTTAAAAATGGAAAAACCATTAGTAGAAGAGAAAGAAGAATTACCTAAAAAAATCAAGATAAACTGGGTTTGGTTTTTAATTCCTTTATCCTTAATAATAGCTGTTATCGTTGGTTTTCAGCTCTCAAAAGTTGAGATTAAAATTTGGCCGGAGACAAAGACAGATTTTTCTAAGACAAACTTAACCATAGATACAGAAGTTGAAAAACCTGATTTTGAAAACAAAACTATTCCCGGTCAATTTCTTAAGATTGAAGAAAGTATCTCTGACAGTTTTTTATCTTCCGGCAGAACTTTAAAGAAAGCAGAAGGTATTATTAGACTTTATAATGCTTATAGTACAAAATCCGAAAATTGGTTAGCAGAAACAAGATTTGTATCCTCTGAAGGAAAACTATATAAATCAAAAGATAAAATTGCCGTGCCCGGAGCTGAAATCGAAAATGGAAAAATTATTCCAAAATATGTTGACGTTCCGGTAATAGCTGCTGAAGCAGGTGAAAATTATAATATTGGACATTCCCATTTTTCTATTTTTGTTTTTAGAGGAACTCCAAGGTATACTAAATTTTACGGAGAGTCTTTTGAAGAAATAAAAGGAGGAGGAGATTCACCTCAAATTACTACAGAAGATATAGAAAATGCAAAAGAGAGTGTCTCAAAGAAAGCAAAAACAAAAGCTGTAGCAAGTTTAGAAAACAAGGTTACAGATGAATTCGTATTTTTGGACGACATTTTAGAGACAGAGATTAAAGACATATTTTCTTTAGCAAAGGAAGGAGATGAGGTAGAAAGATTTAATTCCGGAGCAACGGTAGAAGCTACTACGATTATTTTTAAAAAAGAAGAAGTCCAAAATTTTGTAAAAGAATTTATCTTTTCTGAAACTCATGAAGAAAAATTACTTTACGAGGAGAGCTTAAAAATAGATTATACTCCTCAAATTGTTGATTTTGAATCTGGGAAGGTTGTCCTCTCTTTGAGTTTTTCAATTAAGATGTATCCCGATATTAATTTACAAGTTTTAAAGGAATCGTTAGTCGGAAAATCCTTAATTGAAACAAAAATTTTTCTGGAAAAACAATCAGAATTTATCAATACAGAAATTAGATTTTGGCCATTTTGGGTGAAAAGTGTACCAGAGGATTTAA
CP179891.1_gap12	406267	407703	1436	CTACTTAATTTAAAAAAGTTAAGATTTAAGATTTTCACAAAAGAGCCTCAAAAAGCTGTTTTAAAGGTAAAAGGTGAAAAGAAAGTGACAGGTTCTGATTTTAAACTTCCAGCCCAATTAGAGTTAGTGGATAAAGAAGCCCATATTGCCACTTTGACCGAAAAAAAAGCAGAATTAGAGATAGAAATTCAGGTTGAAAAAGGAACAGGATATGTACCAAAAGAAGCAAGGAAGAAAGAAAAATTAGAAGTTGGAGTAATTCTTTTGGACTCTATCTTTACTCCGGTAAAAAGAGTGGCTTTTAAGGTAGAGAATATGAGGGTGGGGAAGAGAACAGATTTTGATAGGTTATTTTTAGAGATTGAGACTGATGGTATTATATCTCCCCAAGAGGCATTTTTCAGAGCTTCAAAGATTTTATTAAATCACTTTGATTTATTTTCTCAGACCTTCAAAAAGGAATCCTCCTTAGTTAAAGCTGAAGATAAGAGAAAGAGAGAGTTGAAAAAAGAACACGATAAAACAGTTAAAAGCAAAAAACATGAAAAAAAGAAAAAAAGGAAGAAAGCTTAGCAGGAAAAGAAACCAAAGAAGAGCACTTTTGAGGTCTTTGGCCAGAGAATTTTTCTTAAAAGAAAAGATTAAAACTACGAAAGCTAAAGCTAAAGAGCTTTCTATTTTTGCCGAAAAACAAATTACTAAAGCCAAGAAGGCTGATCTGTCAGCAAGAAGACTATTAGCTAAGAATTTTTCTTCACAAATGGTAAAAAAAATAGTCGAGGAAATAGCTCCGAGGTATAAAGAGAGGAAAGGAGGATACACAAGAATTATTAAATTGGGACCAAGAAAGAGCAACGGGGCAAAAATGGCAATAATAGAATTAGTAGAATGAATGGCAACCATTTAGCTATGCAACGGAAAACTCATACTATTGATGCTGAAGATAAAGTTTTGGGTAGGCTAGCTAGCAAAGTCGCCATTCTTTTGCGTGGCAAACAAAAACCTGACTTTGTACCCTATAAAGATATGGGTGATATTGTAATTGTTAAAAATGTTGAGAAGTTAAAAATTACGGGAAGGAAAATGGAGCAGAAAAAATATTATCGATATTCAGGATATCCCGGTGGATTGAAAGAAATTCCTTTAAAACGACTTTTTAAGACAAAACCTGAAGAAGTTTTAAAAAAAGCAGTTTATGGGATGTTGCCAAAAAATAAATTAAGGTCAAAACAGATAAAAAGATTAAGATTTGAAAAATCTAAATAGGTTTTAAATTAATATTATATGGTAAAAGCTAAAACAGAAACAAAAACTAAAACAAAAACTAAAACAAAAACCAAGAAAAAACCTAAAGCTCCTAAGAAAGAAAAGAAAAAGAAGAAAGTAGAGAAACCCTCCGTAGTCAAGGATGTGGAGGACAAGAGAAGAAAAGAAAT
CP179891.1_gap13	411264	414122	2858	GTGTTCCAGCCGGTATTACTTCTACTGAAAAAAGGGCGGTAATTGAAGCCGGCATGAATGTCGGAGCGAAAACAGTTTATTTAGCGAAAGAGCCCATCTTAGCAGCTATTGGAGCGGGGGTTCCAATTGATAGTTGTTCCGGTAATATGATTGTTGATATTGGGGGAGGGACAACTGAAGCTGCAGTGATTTCTTTGGGTGGAATTGTTAATTTTCATTCTATAAGAATAGCAGGAGATAAAATGGATATTGCTATTTCTGATTATATTAGGAAGAAATACAATTTAGCTATCGGAGAACAAACATCAGAGGAGATAAAGAAGAGAATCGGTACCGCTCTTCCCGAGAAGGAAGAAAAAAAGATGGAGATTCGAGGAAGAGATATGTCTTTAGGATTACCTAAAAATATTAAAATTTCGTCAAATGATATGTGCGAAGCCCTCTCTGATATTCTTTCCGAGATTATTCACGTAATTAAATTAGTACTTAGAGATACCCCACCTGAACTGTCGGCTGATATCATGAATAAAGGGATGGTAATGACAGGAGGAGGTTCTCTATTAGATAATCTTCCAGAATTAATTGCCAAATCCATAGGTGTTCCAGCTATTTTAGCTGAGGACCCGTCTTTATGCGTAGCAAAGGGAACAGGAGTAATGTTAGAAAATTTAGACCTCTATAAAAAAACAATAATGAGGAAGAAACAGTGATTATTGGTCATAAAAAACAACAAGAGTTTTTAAAAAAAATAGTTAGCTCAGGAAAAATTCCTCATGCTTTACTGTTTACCGGACCCGAAGAGTTAGGTAAAAGAACAATAGCTTTAGAACTAATTTCTTCTCTTTTTAAAGAAGAACTGCCCCGTCATCCAGATTTTATTTTGATTGTCCCAAGAACAAAACATCCCAGACCAGAACAAAGTTCGGTTGGGCGCAACACCCCCGCTCCGAGGTCTGCTCTGATGCGTGGGCAGATTCAAATTGCTCAGATTAGAGAGCTTAATTGGAAATTATCCTTAAAACCCATAAAAGCACCTCTTTTAGGCGTAATAGTTGATAAAGCTCATTTAATGACCCGGGAGGCCCAAAACTGTTTTTTAAAGAGCTTAGAAGAACCAAAAACTAAAAGTCTTTTAATTTTAATTACAGAACATCCAGGTTATCTTTTACCTACTATCCTTTCAAGGTGTGAGAATGTTAAGTTTTACTCCGTGAAAAATGAAGAAATAAGTCTTTACTTGAAACAAAAAAAAGTTCCGAAGGAAGATATTAAACAAATTGTTGAACTTTCATTAGGGAGACCCGGAAAAGCTATTAATTTTTTGCAAAACTCCGAGAAATTAGAACAGAGAAAGAAAAAGATAAAAAAATTGGAAAAAATTTCAAATTCTCCACTTTCTTTACGTTTTCAATATGTTAAAGAATTATCCCAAAAAGAAGACCTGAAAGAAACATTGGATGCTTGGTTGTTTTATTTCAGAAAGAATTTACTTTTTGCTAAAAACAGACCAAATTTATTAAAAATAAAAAACATTCTCGACGCTATTCAAGAAACAATTTATGTAATTTCAACCACGAACATTAACCCAAGATTAGCTTTAGAAATATTAATGATGAAACTTTAAGCCATTTTATGTCAGAAGAAAGAATTTCTTACAAAGATATTATTGAAAAAATAAAACCTGAATTAGAAAAGGTTGTCAATTTTTTGAATAGAGAATTGCAAAAAATTAGAGCCGAGAGAGCTTCTCCTTCTTTAGTTGAGAATATTAGCGTCGGATATTTTGGCAAGATATATTCTTTGAAGCAGTTAGCTGCAATATCAATTCCTCAGCCAAGAGAGATTTTAATTCAACCTTGGGATAAATCCTATATCGAGGAAATTGTAAAGTCTTTGGAAAAAAGCAGTATCGGAGCTTCACCAATAGTTGACAAAGCCCTAATTAGAATCACCCTGCCGCCTTTAAGCGAAGAGTTTAGAAATGATTTGATTCGTTTAGTTATTGAGAAACAAGAACAGGTTAAAAAAACAATCAGGAAGTGGAGAGATGAGGCTTGGAGAGAGATACAGGAAACATTTAGAGAAAGCAAGCTTAGTGAAGATGATAAGTATAAAGGAAAAGATGAACTAGAGGATTTAATAAAGGAGTTTCAAGAGAAAATTGAAGAAATAGTACAAAAAAAGAAAAAAGAAATAGAAGGTTAAAGTGGTTAGATGATTTTAACATTTATAATAGGTCTAATCAGTCTTATTAGTTTAATAACTCTCCATGAGCTGGGTCATTTTATATTGGCTAAAAAGTTTAGAGTAAAAGTTGAAGAGTTTGGGATAGGTTATCCCCCAAGAATAATTGCAAAAAAAATTGGGGAAACTATTTATTCTCTTAATCTTTTGCCCTTCGGTGCTTTTGTCAGGATGCCGGGAGAGATTGAAAAAAGCCGTGATCCTCGTAGTTTTTCTCGACAATCGGTTGGAAAAAGATTTTTGATTGCTTTGGGAGGGGTGCTTTCTTTTTGGGTAATAGCAGCAATTCTTTTTAGTATTGTCTTTGGTCTCGGCGCTCCTATTATGATTGAAGATGAAGAAATTTCTAATTTTTTAAATCCTAAAGTCAATATTATAGATATAGCTTCAGATTCGCCGGCTGATATTGCGGGTTTAAAAGTAGGGGATATAATAAAAGGTTTTAAGATTGGAGGTTTGAGGTTTGATGTAACTAAGATCAAAGAAATAAAAGAGATTATTAACCAGAATAAAGGTCAGGATATTATTTTGATAATTGAGAGAGGAAAAGAGGCTTTTGAAGCTTCTTTAATACCAAGAGTTTTGCCGCCCGAAGGTGAGGGACCAATGGGAGT
CP179891.1_gap14	415662	420113	4451	AACAAAATATTGAAATATTATATGATGATAGAAAAGATAAATCAGCAGGAGAAAAATTTGCAGATTGTGATTTGATAGGTATTCCAATGAGGATTGTTGTTTCTGAAAAGACGTTAAGGAAAAACTATGTTGAGTTAAAAAGAAGAGATGAAAATAAAGTAAAATTAATAGAAATTACTAATTTAAAAAAGAATGTTGAAAAAAATCTTTAAAGCTTTATCAGATGATATTGCTATTGATCTTGGTACTGCCAACTCTGTGGTCTATGTACGTGGAAGGGGTATTGTTATGCAAGAGCCTTCGATAGTTGCTGTAAATAAAAAAACAGGTCAGGTTTTAGCAATTGGTTCTGAAGCTAAAAAAATGGTAGGGAGAACCCCTTCTTATATTGTGGCAACCAGACCTTTAAGGGCCGGAGTGGTTTCTGACTTTGAAGTCACAGAACAAATGCTGAGGTATTTTATTGAGAAAACCAGGAAAAAAAGGTGGCTCAGACCAAGAATTATCATTGGTATACCTTCTGGAGTAACTGAAGTAGAAAAAAAAGCAGTGATTGATGCTGCAAAATCAGGGGGAGCAAGAGAAGTTTTCTTAATTGACGAACCAATGGCATCAGCCATTGGGGCTAGATTGCCTGTTCAGGAAGCAGGCGGGAATTTTATTGTCGATATCGGAGGAGGTACAACAGAGGTGGCAGTAATTTCCTTAGGAGGTATAGTTTTATCAAAAAGTCTTAGAATAGCTGGAGATAAGCTTAATGATGACATAATTCATTTTGCCCAGGAAGAATATAAACTATTAATCGGGGAGAGAACAGCTGAAATGATTAAAATTGGTATAGGTTCAGCCCATCTTTTAAAAGAGAAAAAAGAAATTCCAATGCGAGGAAGAAATTTAGTAACCGGTCTTCCTGAAGAAGTTTTGATTTCTCATAGGGAAGTAAGGAGGGCGATGGAAAAATCTATAGGAAGAATTGTGACAGAAATTAAAATAGCTATTGAAGAGACACCGCCTGAACTTTTAGCTGACGTAATGACAAAAGGAATTTATTTGTCAGGTGGCGGAGCTCTTTTAAGAGGATTAAATGTATTAATTCAGAAAGAGACAAGGATACCAACAAGAATTATTGAAGACCCAATGACAGCTGTTGTTAGGGGAGCGGGGATGGTTTTAGAGAATTTAGATGAGTTAGAGGAAGTATTAGTGGAGACAGCAGAGTTAGAACCTCCACATTAATGTTACATTTATGATTTCCAAAAAAGAAGTTCAACATGTAGCTAAGCTTGCCAGATTAGGATTGAGTGAAAAAGAAATGGAGGAAATGCAAAAAGAGCTATCTGCAATCTTAGATTATATCGAGAAATTAAAAGAAGTTGATATTTCAGGTGTTGATTTTTTTATTTCTTCAGGAAAGCTTAAGAATGTAATGAGAGAAGACAAAGAGGATGAAAAATCAAAACTAAAAAATAAAAAATTATTAGAATTAGCACCCGAAGAAAAGGGCGGATACCTGAAGGTAAAACAGATACTTTAATGGAATTAATAAATCTTACAATAAAAAAAGTTCACCAGGGTTTATTAAAAAAAGAATTTTCGGCAGTGGAATTAACCAAAGCATATTTAGAAAAGATTAAAAAAGAAGATAAAAAAATTCATTCTTTTTTAACTGTTTCTGAAGATTCAGCTCTCTCTGAAGCAAAAAAGGTAGATGAGATGATTTCTAAAGAAAAGGAAATTTCTTTCCTTGCAGGAAGTCCGGTAGCTATAAAAGATAATATCTTGGTGGAGGGAATAAAATGTACTGCAGGTTCTAAGATTTTAGAAAATTACATAGCTCCCTATGATGCTACTTGTATAAAGGAATTAAAGGAACAAGGAGCTGTAATTTTGGCCAAAACAAATCTGGATGAGTTTGCAATGGGTTCTTCTACAGAGAATTCTGCTTTTGGTCCGACGAAAAACCCGATTGATTTAACCAGAGTACCTGGAGGCTCTTCAGGAGGGTCAGCTGCTGCAGTAGCTGCCAATTTTTGCCTTTTTGCTTTAGGTTCTGATACAGGAGGTTCAATCAGACAACCTGCTTCTTTTTGTGGCCTGGTTGGCTTAAAACCTACTTATGGTTCTGTATCAAGATATGGCTTGATTGCTTTTGCTTCTTCTTTAGACCAGATAGGACCCATTACAAAAACGGTTCAAGATTGTAAAATTGTATTTGATGTTATAAAAGGAAAGGACCCATTAGATTCTACTTCAGTCGAATCTAAAATTTCCAATATTCAATATCCAATTTCCAATTTAGTTATTGGTGTTCCCAAAGAGTATTTTGTTGAAGGGACTGACCCTGAAGTGATAAAATTAATAAAAAAGGCAATAAAAAAATATGAAAAAGAAGGAGCTAAAATTGAAGAAGTTAGTCTTCCTCATACAGAATATGCTTTACCGTGTTATTATATAATTGCTCCTTCTGAAGCTAGTGCCAATCTTGCTCGTTATGATGGAATTAAATACGGATACTCAATATCCAACAATCCAACAATCAAACAATCCAACAATTTATTGAATGTTTATTTAAAAAGTAGGGGAGAAGGTTTTGGAAATGAGGTGAGAAGAAGAATAATGTTAGGGACATATGCTCTGTCCTCGGGTTATTATGAAGCTTATTATGTAAGAGCCCAAAAAGTTAGAACATTAATTAAAAAAGATTTTGATAAAGCCTTTGAAAAAGTCGATGTTATTTTTACTCCTACTTCTCCAACCCCTGCATTTAAATTAGGAGAGAGAGCCAAAGACCCCTTACAAATGTATTTATCTGATATTTTCACTGCCTCTGTTAATTTAGCTGGATTGCCTGCAATATCCGTTTCCTGCGGTAGAGTTCAAAATTTACCTGTTGGCTTGCAAATTATTGGGAAGCCCTTTGAGGAGGAAAAGATAATGAATATAGCTGAGGTTTTGGAAAAAGAATATATTTAAAGAATACATTTATGACCTTAGATAATATAATTCAATTTATTTTAAACCCCATTCTTCCTGACTGGCTTTTGATTGTAAAATTTATCTTTTTAGCTCTAAATTTATTTTTCATTGTAACAATTGTTCTTGTTTTACTTAGAACCACCTGGTTAAAAAGACTAATATTTTGGGACATTAAAGAATACTTAACTTTTCGACATTATGGATTACCAAGAATCGATAAGAAATGGGTTAAGATTAGAGAAAAATTGGATACAGGCAGTGAACCTGAAGCAAAGTTAGCCATAATTGAAGCAGAAGCTATTTTGAACGATATTTTACAAAAAGAGGGTTTTTTAGGTCAGACTTTAGAAGAGAGATTAAACAAGTTAACTACCAACGTTATTGAGAATATTGAAGAAGTCAGAGAGGCTCACAAAGTATGTTTGAATATTGTTCATGATATAAGTTATCGCTTGGATATAAAAGAGTCAAAAAGGGTTTTAGATGTATACGAAAAAGCTTTGGTTGATTTGGAGGCGTTGTGATAAGTTGTCCTGAGCCCGCGCCGAAGGATTGACTCTTGTGTTCAAAAAAGCTAAAATTAGCGATATTGTCGCGGTGTAGAGGAGTAGTACCTCGCCAGTCCCATAAGCTGGAGGCCCTGGTGCAATTCCAGGCACCGCAAAGCCGGTGTAGCTCAATGGTTAGAGCGATAGCATCATAAGCTAGAGGTTACAGGTTCGAGTCCCGTCACCGGCACAACCTCTTATGTCACATTTTCGTTTGGCGGTCAATGAAAATTTCTTTAAAATTTGGTCCCCAGAAATGGCTTATGTCTTAGGATATTTCACCGCTGATGGGTACATGTTTATCAATTCAGGAGGTTCTTATTACATTGCGTTTGTATCAACTGATTATGATTTGATATCTAAGGTTAGAGAAATGCTCTACTCTAGACAAAAGATAAGTTCAAGAAAATATAAGAATCGTAAGGGGAAGATTATATATCGCTTACAAATTGGGAGTAAGAAACTATTCCGAGATTTATTGGATTTTGGATTAATACCAAATAAAAGCAAAAAAATAAAATTACCCAAAATCCCTAAATCTTATTTCAGACATTTTGTCAGAGGTTATTTTGATGGAGATGGATGTGTAGATTTTGGTTTTTATCGAAAAAGAGGTAAAAAAAAGGCTACCCTGATGACAAAGTTTTACTCTAGTAATAAAACATTTCTTCAAGATTTATGGCAGATTCTTAAAAGATATGCTCAAGTCAAGGGAGGTTCTCTATATAAAAGGGAAAGGAAGTTCGATTTATCGCTTAGTGTCCGGGATAGCTTTAGACTTTATAATTTTATGTATAAAGGAGTAAAAAAGAACCAATTTCTAGAGAGAAAGTATAATGAATTTCAACAAGCAATAAATTATTATGCGGGTGTGGCTTAGTTCGGCTTAAAGCGCTGCCCTGTCACGGCAGAGATCGTGGGTTCAAA
CP179891.1_gap15	430140	431425	1285	ATCCTGATGAAAGACATCCTAATATCAATATATGCCCGGTATGTCTTGGACACCCGGGTACGCTTCCAGTTATTAACGAAGAAGCTGTGAAGAAAGTAATTAAAACAGGCCTATCCCTAAATTGTAAAATAGCAGAGCATTCAAAATTCGATAGAAAGAGTTATTTTTATCCCGATTTACCCAAGGGATATCAGATTTCTCAGGAGTATATGCCTCTTTGTACAACTGGATTTTTAAAAAGCGATGGAAGAAAAATTAGAATTGGAAACATTCATTTAGAAGAAGATACGGGAAGACTTTTGCATCCAGAGGGTCTAGATTATAGTTTGGTGGATTTTAATCGAGCAGGTATTCCCTTAATGGAATTGGTAACAGATCCTGATATTACTTCAGCTGCAGAAGCCAGAAAATTTGCTCAGGAACTTCAATTGATTTTAAGATATCTTGGTGTTTCTGATGCTGATATGGAAAAGGGGCAACTGAGGGTAGAAGCCAATATTTCTCTTAAAAAATCAAAGTCTGAATCTTTGGGTACTAAAGTAGAAATAAAAAACCTTAATTCTTTTAAGGCGGTAGAAAGAGCAATTGATTATGAAATAGAAAGACAAGCTAAAGTTTTAAAAAAGGGTAAAAAAGTTATTCAAGAGACAAGAGGCTGGGATGCGGTTAGAGGAGTAACAATTTCTCAAAGGCAAAAAGAAGAAGCTCATGATTACCGTTATTTTCCAGAGCCTGATTTACCTCCTCTTAGTTTCACTAAAGAAGGCATTGCAGAAATTAAAGCTGAAATACCAGAACTTCCTCAAGGAAAAAGAGAAAGATTAGCCATTGAGTATAAATTAGACGAGCCAAGTGTTGAGTTCTTTGTTCAAAACAAAGAATTGGGAGAGTATTTTGAAAAAGTAGTTAGTGAATTTGAGCCGAGAATTTCCAAAGAAAAACTCTATACTCTAATAAAGTTAACTGCAAACTATCTGATTAGTGATTTACAAGGACTGTTAAAAGGAGGTAAGGTTTCTGCCGAAGGTTTTTTAATTACTCCGGAAAATTTTGCTGAGTTTATTTCTTTAATTGATAAGGGAGAAATATCAAGTAAAATTGCAAAAACCGTTTTGAACTTAATGTTTGAAAAAGGAGCTGACCCTTCCCAGATTATTGAGGAGAAGGGATTAAGCCAAATCACTAATGAAGAGGAAGTTTTAAATGTTGTAAAAGAGGTAATTTCAAAAAACCAAAAGGCAGTTTTAGATTTCAAGAAAGGAAAGAAAAATGCCCTTCAGTTTTT
CP179891.1_gap16	463320	468171	4851	AAAGTAGAAAAAATAATAAATTGGGTTAAGAAAGGTCCAGTTTCTGCTGAGGTAGATAATTGTGAAGTTAAATGGCAGAAATATAAAGGAGAATTTAGAGATTTTGATATTAGATTTTAATAATATGAGCAAATTTTTTAAAACAACAGCAATAGCCCCTCCTCGATTAGGAAAATCAGGAAAGTTCCTATTTACTTCCGAATCGGTAACGGAGGGGCATCCCTGACAAGGTCTGTGATCAAATAGCAGATTCTATCTTAGACAATCTTATAAAAAAAGATAAATATTCCAGGGTAGCCTGTGAAGTAATGACAGGAATGGGTTATGTAATCGTAGGAGGAGAAATAACAACCCGTAGCTGGATAGACGTTTCTCAGATTGCCAGGGATGTGGTGGGAGATATAGGTTATACAAAGCCTGAATATGGAGTTGATTCTCATACCCTGGCTGTTTTTAATACAGTTCATTCCCAGTCACCGGATATTGCCAGGGGAGTGAAGAAAGCAGGGACCAAAAAACAAGGAGCAGGAGACCAGGGATTTGTAATTGGCTATGCTTGTAAAGAAACCCCTGAATTAATGCCTTTGCCAATAATGTTGGCTCACAAATTAGTTAGAAGATTAGCTCAAGTTCGGAAAAAGAAAATTATACCTTATTTGAGGCCCGACGGTAAAAGTCAGGTAAGCGTTGAATATAGAAACGGGATTGCTAAAAGATTAAATAACGTGGTGATTGCAGCCCAGCACGACCCTGATGTTTCTTTAAAAAAGATTAAACAGGATATCAAAAAACACGTAATTAGACCTGTTTGCCAGAGGTTTTTGGATAGAAGAACGAGATATTATATAAATAATACAGGTCGATTTGTTATTGGAGGACCTGTGGCTGATACAGGGGCTACCGGGAGAAAAACAGTTGTTGATTCTTATGGAGGAGTAGTTCCTATCGGAGGTGGCAGTTTTTCAGGCAAGGACCCGACTAAAGTTGATAGGTCTGGAGCTTATATGTCTCGCTATATTGCAAAGAATATTGTAGCTGCAGGTTTGGCAGAAAAATGTGAAGTTCAAATAGGTTATGTAATAGGGGGAGTAGAACCTTTGTCCTTAAAAATAGAAACTTTTGGAACGGGAAAAGTTTCTAATGAAAAATTGGTAAAAGTAGTTCCCAGGGTTTTTGAGTTAAACCCGGGGGGAATTATTAAACAGCTTAAACTTTTAAGACCTATTTACCGCAATACAGCAGCTTACGGACATTTTGGGAGAGAAGAACCAGGTTTTACTTGGGAAAAAATAGATAGAGTAAAACAACTCTTGAAATTATTCCCTTAAAATGGTTCATCTGAGCAAAACCTATGACAAGGTTAATCAAAAAAACATTTAAGCTATTTAAGAAAGTAGTTAAAAGATTGTTTGGTTTAGTTGAACTTTTCTTATTCTTAAGATTATTGCTTAAATTCTTAAATGCCAATCCAAAAACTATTGTAATTAGTTTTATTTATAAATATAGTGATGTTTTAATTTCTCCTTTTAATTTTATTTTCTCAGATATTTATTGGAATGGTAAACTCATTGAAACAGCTACCATTTCAGCAATGATAGGTTATGCTATTTTTGTTTTTGTATTCTTGAGACTTTTACATCTCTTTAGCAGAGATTAATTATCTCAAATTTGAATTGGTTAGTTTTTTAGTCCGCTTTAGCGAGTTTTTTTATGGAAAGCATTGAAAAAATCCCAAAACAGAGGTATGGTGAAGAAAGAAGATTTGAGAATAAATATTGAAATAAAGGTCGGAAGTTTTAATAAATAAAACATTTATTAATTATGGCTCGTGAAGTTATAAAAAAAGACGGGACAAGGGAACCCTTTGATCCTGAAAAAATTAGAAAATCAATTGTAGTTGCTGCTGAAGAAGCAAATCTCCCAGAAGAAAGAAAAAATGAGGTAGTAGAGAAGGTGGCAACCGCTGTAATCCAGATGGCAGATGCAAGAGAGGAAATAGCGACAAGCGAGATTAAAGAAAAGATTTTAAGCGAATTGGACAGTATAGAACCTACTGTTTCAGCAGCTTGGAGGAAATACGATCAAGAAAAGAAAGAAACCTAAATATTTTAAGACCCGTTTTTGCCCAAGAGAAAAATCGGCTTGAAAAGGCCGGTTTTTCGTGTCAAAATGAAAATGATTATAAGCAATTTACTCTTGACAAATTTAAAATAGTATTATATAATCAAAGTATAAAAATAGAAATGGATTTATGATAGAAATGACAGAATATATAGAATTGCAAGAATTTCCATGGGAGGATGGTTGGGAAATCAAATTCCCTTTACCGTCTGTTGAGAAAATGGGTTTAAGGCAGGCAACAATTGAAGAGAAAACAACAAGAGCAATACTTTGGGCAATAGATACAATAAAAATAGCTTTGGATTTGGAAACTTCAGGAAAAAAGCCAGAATGTCTAAGAGAATTAAACAAAGAATTGCAGAGATTACATAACAAGATAGTATTGTAAAAATCAAATTCATTTTTTTTTAATTTTCCTTATTTACTTTCTTCTTTTGAGTCTTTTAAAATAATTAAAAGATTCAAAAGAGGTTAAAGGGTTCTTTTAATAAAAGTAAATAGGGAAAAGAACCAAAACAAAGACTGTCTAGTAATCCAGGCAGTTTTTGTTTTACAAAGGCGTTTTTTAAAGCACTTGTCCTGAGCTTGCCGAGGGAACTTGTACTGAGAGAGCGGAGCGAACCGAAGGATTGAAAAAATCCCAAAACAGGGGTATGGTGAAGGAGGAAATGCCTAATTTATTAAAAGAAAATGCAGGATTTGTTTGATAAAAAATTTAAAGAGAGTCTGAAAAAACAAGCTCCTTTGGCTGATAGGATAAGACCCCAAGATTTTGAGGAATTTTTTGGTCAGAACGAATTAGTGGGCCCTGATAGTCCTTTGCGTCGCGCTGTTCAGGATGATAATTTGGCTTCCTTGATTTTTTGGGGACCGCCAGGCTGCGGTAAAACCACTTTAGCCAGGATTATTGCTAAAAAAACCAAGGCTCATTTTGTGAAATTCTCAGCTGCTAATACCAGCATTAATGATGTTCGTAAAGCCATTAAAGAAGCCAGAGAGCGTCGAAAGTTCCACAACAAAGGAACCATACTTTTTATTGATGAAATCCATAGATTCAATAAAGCCCAGCAAGATGCTTTTTTACCTTTTGTGGAAGATGGAACAGTTATCTTAATTGGAGCCACTACTGAAAACCCTTCTTTTGAGGTGATTTCTCCTTTGCTTTCCCGTTCTGCTGTTTATGTGTTAAAACCTCTTGATGAGGAAGCAATGAAATTAATCTTATTGAGGGCGCTTAAAGATAAAGAACAGGGTTTGGGTGAAATGAAAATGAAGATTACCAACAAAGCTTTAAAGAGATTGATTAATTTTGCTGATGGCGATGCCAGAGTAGGATTAAATGGTCTTGAATTTGTGGTTAATTTTTTAAAAAGCCGCAATCAATATGAGATTAGAGAAAAACAAGTTTCTGAAATCTTAAAAGAGCATGCCTTGCGTTATGATAAAAAAGGAGAAGAACATTATAATGTCATTTCAGCTTTTATTAAGAGTATGCGGGATTCAGATCCTGACGGTGCTCTTTATTGGTTGGCGCGAATGGTAGAATCAGGAGAAGACCCTCGTTTTATTGCCCGTCGCATGGTTATTTTTGCTTCTGAAGACATTGGTAATGCTGATACCAATGCCTTAACTGTTGCTACTTCAGTAGCTAGGGCAGTTGAATTTGTAGGGTTTCCCGAAGCCCAGATTAACTTAGCCCAGGGAGTAACTTATTTAGCCGCAGCTCCCAAAGATAATTCTTCTTATATTGCTTTATTGAGCGCTAAAAAAGATGCCAAAAAAGGCTCTTTTGGCGTTCCCTTACACCTGAGAAACGCAGTTACCAACTTAATGAAAGATTTAGGTTATGGTAAAGACTATAAATACGCTCATAACGTCCCTGGTAAAAAGCCCAGCCAAACCCATTTTCCAGAAGAAATAGGGGAGCAGAAATACTACCTTCCAGAAAAAGATAAAAAATTTGAGAAAAGAGTAAAAGAAGGGTAAATTTAAATAATAAACAATGAGCATAAAAAATTTACCAAAAGTCGAGCGACCGAGGGAAAAATTAGTTGCTAAAGGACCTCAGAATTTAAAAGATGAGGAACTTTTAGCAATTTTACTCCGAACCGGCCGGGAAGGGAAAAGCGCTATTCAAACAGCAAAGCAAATTTTAAATAAACATTCTAAAAAAAGATTACTGGGATTAAGTTATGAGGATTTAATGAAAGTTAAAGGAGTAGGGCCAGCTAAAGCTTGTACAATATTGGCAGCTTCTGAATTAGTAAAAAGAGCTTTAAAAGTAAGAGAAGAGACCTTACCTATAATTCGTTCTACTGATGATGTATTAGCTCAGGCAGTTTATTTAAGAGATAGGACTCGAGAACACTTAATGACAATTTATCTTAATGCCAGAAATGAAATGGTTTATAAAAAGCAGTCAACCTTTATTGGTACTTTGAATGCAAATTTGGTTCATCCACGCGAAATCTTTGAGCAAGCTTTACTGCATAATGCTGCTTCAGTAATTTTAGTCCATAACCATCCTTCGGGCGACGCAGAACCTTCTGAAGCAGATTTAGAAATCACCAAAAGAGTTATTGAAGCTGGCAAAATTATGGGAATTGATGTCTTAGACCATATTATAATCACCAAAACTAAGATTTTCAGCTTTAAGGAGAAAAAATTAATTTAAAATTATGGCAAATAAGCCCAAAAATTGGTTAGTAATTGGGATTCCTAAAAACTGGG
CP179891.1_gap17	472469	476125	3656	ATTAAAAATATCGCTGATGATTTAGAGAAGACCAGATTATATGCGACATTAAGTTTCTTAAACTACACATATAAAATTAAAGAAAGTAGTTATAGTTTTCGATTACTTGGTTCACTGTTTTTATTGGAATCCCTAATTGCTGCAAAAGAGAAAAATAAACTCAAAAAAATTCAGAAACTTTCAAGAGATAATTTAGATTTTGGGGATAAAATCTCATTACTTGCGGGTTTTATTTTTTCGAGGAAATATACATTTAGAAAAGATGAGATATATCCATTAAGACATATAATGTTTGAGGATTTTAATAAAGATACTAATTTCAAAAATAAAAACTACATAACAAGAAAAATTGATTATTGTAGTGGATCTAATACTCCCCTTTGCTACTGTGCTGATTGGCTTAAAGAAAGCCAAAATAGAATTGATACTTATTTGGATACTCTAATTAAATATTTTTATGAGATGAGACACGCTGTGGTACATGAAGCATTCCCTGTTTTTGGTTTACCAAATTATAGTAAGAAATATACAGCAGGAGTGTCCCATAGTTCATTATTGGACGCGTATCCGATCAGCAAAGATAAAAAGTATTTCAGGAGTTATGAGGTGTATATTAATCCAGATGATTTTTTTAGAATTATGAAAAGTTGTATTAAGAATTACTTAATTAAAAAATATATTATTAAAATCCAAAAATGATTACATACTCCATTATCCAAAAGTCCTAACTTGAAGGTGACTGTGAATGGATACCTAACACTTTTATAGATACGTATGAATAAAGCTAAACAAGTACAGAGACAACACGAAAAAGTAGTATGTGATCGCTTTATTGTCTTATACAATACTCAATATGGGTTTAATCGCTTTGGAAACGACCAAGATGAACCAGATTGTATTTATAAGAGCAAAAGCGAAATTTTAGGTATTGAAGTTGCATCTGTCTATTATCGAAACATAGACGCTAAACAAGAATGGACGGTGGTGCGTGGTGAAAGAAAGCCATCAAAAATTGAACCAAGCTGGGGCGACGTGATACGTAATCCCGACGATTTAATGTGCCAGCGAATACAACAGGAAATAACTGACAAATGCAATAAACAATATCGGGGAGCTTCACGATTTATACTTTGCATCGAAGAAAGAGCAGCGTTGAGTGATGAAAAATCTATCAAACGCTGCATCTCACAATTAAGAGTACCAGAACAGCACATATTTTCAGAAATATATTTACTACATTTAGCTCCATTACATGAAGGTGGTGGAGATAAAAATTTTCGTATTTACCCAAAATGACTAGTTACTCAATAATTCCCGAAAGTAAATTAGAAGGAGTTTTGCGGATAGATGTAAAATACTCTCAGCCACAGAAGAAATTGGAATTTTTAAAGTGAAAACATGGACAAACCAGAGGAAAAATTTGAAAAATTTTGTAAAAATCGGAAGTGGAAAACTTATAAAATCCCAAGATTGCCTAATATCAAAACCCCAGATTATTTTGTGGTAGCTGATAACCAAATCTTTATAATTGAGGTAAAAATTCTTTATGAAAGTAAACCAAGAGATAGAAAGGATATAGAAAAGATAGAAATAAATGGAAAAATAATAGGGCAATCTGGCGATTATAATAAAGAAATCGGTTCAATAATTAAAAAAATCAATGGAGCAAATCAACAATTAAAAACTACTGCGTCATTTAATGTTCCACAAATACTTATTATTTATTCAACCCGAAAGTTTGTTCCACTTAATAAGAATATTCTATTAAAAGCTATGTATGGAAAGGTATTTCAACGATTGCGTATTAAAACTTCCAGAGATGGTTCTAAGAATGCTTCCAGTTTACCACCTCTTATTACTGACAGAACATTAAGAAAGGATAAAAATACTTTTATAAGTGCAGTTGCTATTCCAAATAATAAGAATGGAATGTTTGTATTACATAACTTATGGGCAAATATTTTACTCCCTGTTTCTGTGTTTAATAAAGAAAATGATATAAATTACATACCAGAGGAAATTAGATTTAAAGAAATCAAATTTGAAAAGAAAAAATGATCACTCAATCAACAATTCAAAAATCTAAATTAGAAGGTGCTCTGCGGTTGGATGCGGAATATTATCAGCCAGAGTATTTAAATTTAGTAAAAAAATTAGATTCTTTAGGGGCGATACCTATAAAAGAAATAGCAAAATCAGTAAAAAGAAAGTTTAGACCGGAAGAAAACGAACTTTTTGATTACATTGAAATTGCTGAAGTTAATTTAGGAACAGGAGAATATAATATTCAAAAAATCATAGGGAGAGAAAAGCCCGATAGAGCCCAATGGATTGTTAAAAAAAATGATGTTTTAATTTCTACAGTTAGACCAATTAGAAATGCGATTGTTTTAATTAAAGAAGAAAAAGAAAATTTAGTATGTTCATCTGGTTTTGCTATTTTGAAGCCCAAAAAAATCTCTCCTCAATATCTTTTCATTTATTTAAAAACTAGACCAATTGTAAAACTATTACAAAGACACGTTACTGCTTCAATGTATCCCGCGATAACTTTAAATGATATTTTAAATACAAAAATCTATTTAGGTAAAAAATCTTTCCGTGATGAAATTGCTAAATCTGTTAGGGAAGCATTGGACCTACTTGAAAACGCCAAATTCTTCTACTCTAAAGCAGAGGATTTACTTCTGGAAGAACTGGGATTGAGAAATTTTAAGTCCGAAGATGATTTGTCTTACACTGTTAATCTTTCTGATGCCAAAAAAGCTCGTCGAACAGATGCCGAATACTTTCAGCCGAAGTATGAAAAATTAATTTCAAAAATTAAGAACCAAAATGTAAAATTACTCGGCAATTTAGTTTTAATGAAAAAAGGAATTGAGCCAGGAAGTGAGGTATACCAAGAAAAAGGTAAGTTGTTTGTTCGTGTCAGCAGTCTTTCGAAGCAAGGCTTATTAGATAAGGATCAAAAATACATTTCTGAAGACTTATATACGAGGCTCAAAAAAGATTATCAACCCAAAACAGGGGAAATTTTACTTACAAAAGATGCTACACCCGGTATTGCTTACGTAATAAAAGAGCCTATCGAAGGTATTATTTCGGCTGGTATTTTGCGGTTGAAACTGAAAGAAAAAATTGAGCCAGAATATTTGGTTTTAGTCATGAACTCAATTGCAGGACAGATGCAGGCAGAACGAGATACTGGCGGTTCAGTAATTATTCATTGGCGACCAGATCAAATTAAAAATTGTTTAATTCCAATCTTACCAAAATCTACTCAACAAAAAATTGCAGATTTAGTTCGTCAGTCTCACGAATCTCGCAAAAAAGCAAAAAGATTATTAGGAAAAGCAAAAAGAAAAGTTGAAAATTTAATTTATATAAATTAAAATAGACTAAGAAAATGAATTAATTTTTATAGTTATGGCAGAATTACAATGGTCCAATTTAATACCCCTTACTTATGAAAAAATTCAAAACATTTCTAGCTTAGCAGGTGTTTATAGATTATCCTATGGACCAGGCGATGGTAATTTTTATATTTTTTACATAGGGAGAACAAAAAATTTAAGACGGAGAATTCTTAATCATATAGGTAATTTAGAAGATAATCTTTGTATCAAAAACTATATAAGAAAATACCCGTGCCGTTT
CP179891.1_gap18	480625	482746	2121	ACAAGACCGATATCTGTTCAAGTAATTATCAATAAAATAGAGGAAATAGAAAGACTTGGAGACGGAATAATTTTTTCTACCAGGACAGGTTCCTCAGCTTACAATAGATCTGCCGGAGGACCCATATTGGTAAAAGAAGATAAGTTTGTTATAACGATAGTCTCTCCCGTTGATTTAGAGAAATCATCTTATTTTGTAAGACCAGCGGATTCAGTTCTTCAGGTGAATAAAATAAAAGGTGATGCGAGAATAGTAATAGATGGTGATGAGCTGTTAAAAATGTCAAAAGATGATGTTGTTACAATTAGAAAGTCGCCACAAAATACTTTGTTTATAGAATTCGGAAGTATATAAATAACTCTTTTAAGGGGTGAATTTTTTACCCCTTTTTTTATTTAGCTTGAATTTTTTAAGAAATAGAGGTATTCTAAAGATAGAGAAAAAATGCTAAAAGAGATAAAAGAAAAAAGGAAAGAAAAAGAAAAAGAAAAAGTTTAGTAAATATTAATTTTGGTAAATATGCCAAATCCAGATAGAGAAAAATTTTTTCCTCATAAAGAAAAAACACCAGAAAAAAAAGAAGTTTTTTCTGAAATTAAAGAAGGAGAAGAAGAAAAGGAAAAAGAAATAGGAGAGATAAAATTCTTTTTTTGTGAGAAAGCAAAAGGACCGGCGAGTGAAATAATTAGAGGTATGAGGCAAATCTTAGAATTCGTTGACAAATCTGATGCTATAAAGATTTTTGGTTCAGGGGGAGCTTTAAAGCAGGATAAAGAAGTTTCTTTAGCTGAGGTTCTGGCAAAAAAAAGTTTCACAGAGGAGACTGAGAAAATTGATTTAGATAAATTAGGTATTACTCTTCTGAAGCTGCAGGAAAAAACAAGAGGTGTTTATACTTTTGTATTTAATTACCCATTTAAGAGAACGGTTTATGGAGATACACTTACTCATCCAGAGACAGGTAAAAAATTTGCATTATTATTCTCAACACACTACTTCGAAGGAATAAAAAAACGAGAAGATCGTAATCTTGCATTCAGGCAGCTGGGGAGGCACGAAACAGGGCATCTGCTTGGACTTGTCCAACGAGAATCTTCTTCCGCCGATAGCAGGGGAGGTATCTATAAATCTCACTGCTTAAACTTATGCAATATGAAACAATCTATGAACGTTAAAGAAGTTTTAGATTTAGCAAAGATGCTGGAAAAAAATAAGATAATGCTCTGTAAGGACTGTCAACAAGAACTTAAAGATCGCTTTAGTTCAAAGACTATCTATAAATAATAAACTTTGTTTAGAGGATAAAAATCGCCCTTTGGGCGATTTTTTGGTAGAGTAAGAATATGAAATCTATCGTTATTTATTATTCTGAAACCGGTAATACTAAAAAGATTGCTAAAGTAATCGCTGTGAGTTTGGGGGCGGATTTAAAAAGAATTGAAGAGACAAAAACAGATGACGTTTCCAACTATGATCTAATATGTTTAGGAACACCTGTTCACAGTTTTGCTCCGGCAAAAATCGTAAGAAGATTTTTAAAAGAACTACCTAATTTGTCTTCTAAAAAAGGAATAGCTTTTTGTACTATGCATGCTTTCGGAGATAAAAGAACTTTTAGAATTATAAAAGAAAATTTTGAAGCTAAGGGGATTTCTTTTATTGATGGCTTTTCTTGTATAGGATTGAGTAGGATTGTTGGAAACTTTGGACCTAGAATTTTTAACAGAGGCAGACCGAATAAAAAAGATCTAAAAAATGCAGAAGCTTTTGGGAGAAAGATTTTAGACAGTATCAAAAATTATTAGTATTGTACGATATTTAATACATGGAAGAGAACCGTTAGGGTTCTCTTTCATCTCCGCTAGCTGGTGGAGCTACGGAAGGACGAGGGAGGGAACTAGCGGTTTTTTCTTGAATTTTTTAAGAAATAGAGCTATTTTAAAGATAGGAGGAAAGAAAAAAGTTAAAATTTCGGAAGTTTAATTTTAAAATATAAAAAATTATGGTGCAATTTTTAATAGAAAATCAATGGGTGATTTTGTTGATTATTTTGTGGGTTTTACCTTGGAAAGGAGTAGCTTTATGGAAAGCAGCCAGAAATAACCATAAAAAGTGGTTTAT
CP179891.1_gap19	494934	498379	3445	AAGTTGGGTAAATCTAGTGCAATTTTTAAGAAAAGAGGGATTTACTTTGGTTTCTACTTGAGAAAGATGGCCTATAAACTTTAAAAGCCGAAAGGTTCTTATACCAAGTAGGCATTTTTTATTTTTTTAAATAAATTGAAGCAATAAATCGCCCTTTCACCTTCGCTGAAGCTTCGGCGGACAAGCGGGCGATTTTTTGATAAGATAGAATAATGAAAAATTATCCGAAAATAGTTTTTAAATATTCTTGGATTTATGACCAAAATTGGAAAGAATGGATAAAGATTTATAAGAAAAAAGTTAAGAATTACCCTTCTACAAGGAAGATTTTAAATTACATTAAAAAGATAGAGAGATTATGGAGAAAGGAAGAGAAAAAAGTTCTACAAGAACTTTCTAAGATTACCCATCTGCAATGGAAAGAAAAATCTATTATCTGTTATGTGGTAGGGAAGTGCAGGCCTTTTTCTGTTCCTTTAACTATGTCTGTTTATGAAAATTATCCAGAAGATTATTTTATTGATGTTTTAATTCATGAACTAATTCACAATCTTTTTTATCAGAATTATAAGAGAACGGAAAAAGGCTGGGAATATATTTACCGAAAATATAAAAAAGAGTCAGGAAAAACAAAGCATCATATACTTTTACACGCAATTCATTCTCACATTTATCTAAAATTCTATGATAAAAAAAGATTGAAAAGAGATATTGATTCTCTTCCCATTAGTGATTATAAAAGATCGTGGCAAATTGTTCAGAAAGAAGGCTATCAAAATATAATTACTGAGTTTGTAAAAAGAATAAAATAATTTTGATTGTCTTCTGGGCGATTTTGGTAAAATATAAAATCTAGTAAAGCTATGAAAAAACTTCTAATTGCAACTCATAATATTGGAAAATTTAAAGAGTATCAAATCATATTTGGTGCTTTTTTGAATGGTTTAAAAGTTGAGTTAGTTGCATTAAAAGATTTAGGAATTAAAGAAAAAGTTGAAGAGTCTGGAAAGAGTTATAAAGAGAACGCTGTTTTGAAGGCAAAATTTTACTCTCAATTTTCAGATTTGCCAATTTTGGCTGATGACTCTGGGTTAGAGATTGAAGCTTTAGGTGGCTGGCCGGGAGTAAAGAGTAGAAGAGCTAATGGATACGAAGCTTCAGATAAAAAACTAATTGAGATTGTACTGAATCGATTAGAAGGTATTCCTTTTAAGGAAAGAGTGGCTAAGTACAAGGTAGTAATAGCTTTAGCTTATAAAGATAAAATTTATACGTACGAGGGAAAAAGGAGAGGATTTATTTCAGAAAATAGGCAGAGGGTGATTTGGAGAGGTTTTCCATTTGACTCTATTTTTTATCTTCCAGAAAAAAAGAAGGTTTTTGTAAAATTAACCAGAGAGGAGAAGGCGGAGTTTTCCCATAGAACTATAGCTTTAAAAAAAGCTTTACCAATTTTAAAGGAAATTTTAGCTTAGAAACTGTATGACAATTAAAGAGTTCAAGGGAGTAGTAATTGCTATCATACATAGAATAGATAATAATGAGGATAAATTGGTAATAGCGCCTAAAGGAAAAGGTTTTAGTGATGAGGAAATTAAAAACTTAACGAACTTTCAGGAAAGATACTTTAAATCAAAAATAATTAGATAGTTAAATTTAAAAATTAGAATAAATTTCTCGGGAAATAGAGATATTTTTTGATTTTCAAAAATCTTGACTTTATTTTTTCAAAAGCTAATATGGAAGTGGTCCTTAAGGAATCCTCTTGTTGTGCAAAGGAATAATAAGTAAAGAAGCTCAACCCTTAACCTGATTTACTTTTTTTGCTACCTCTATTCCTTTGAGTTTTTATTGTTAAGGTGGATACTTTCTCCGAGAAAGTTTCCTTTTCTAACCCTATTGGCTCAATTCGAGCCTTTCGCACAAAAACTTAAGTCCAGCACTTAAGTTAAAGAGGATTCCTACCCAAAACTGAACTTTTTGTTTCAGTTTTTTTTGAATTTTCCAAAAAATGAACTATATTGAAAACAGAAATAAGCTTTATCTATGAGAAAGAAGATTTATTCTCGGGATTTGGGAATTAATCTCAAGTCAGGAAAGGAGAAAGAGCTTTTTAAATGGTTTTTAGCTTGTTTGCTCTTTGGAAAACCAATTCAACAAGGAGTTGCCAAAAGAGCTTATTTTGAATTTGAAAAGGAGAAAATATTAACTCCAGAAAAGATTTTAAAAGCTGGTTGGGATAAACTCGTTAAAATTTTAGATAAAGGTCATTATGTGCGTTACGATTTTTCTACTGCTACAAAATTATTGAATATTTGTAAGAAATTAAAAAAAGAGTATGGAAGTTTGGATACTCTTTTTAAAAAAGCAAAAAGCAAAAAGGATTTGGAAAGAAGACTGAAAGAATTTAAAGGAATAGGACTTGTTACTGTTAGGATATTTTTGCGAGACTTGAAGTTATTCTGGCCAGATACGAAAATTTTATCTTGAACTTTTGAGGAAATAAGGTTATTCTTGAAATAGAGAAGGAATATACAAAGGTCGTAATTGAGAAAAGACAAAATAATAAAAATATGTCAGGAGAACTAAAAGAACCAGGAATTGGTGAAAGACCAGAAGAAAACTCCAAAGAGGCCCCAGAATCACTATGGAATGTTTTAGCATTAACGCAGGAAAAAATAGAAAAGTGGAAAAGAGAGAAGAAAAAACTTAAGAATTTAGGAGCGGACAAAGAAGAGATAAGAGAGTTTGAAAAAAAGATAAAAATAGCCGAAGCAGAAAAAGATAGATTAGAAAAAGCAGCAAAGGAAGAGTTAAAGAAGGAAAAAGAAAATATCCCTTTTAGTAAACTCTCGAAGGAACAACAAGAAAAGGTGAAAGACGTACTGAAACAAGAATTAGAGATAGGAGAAGAGGAAGAAAAGAAAGAATCTTCAGGAGAATAAAAGCTACCTATATAATGCTTAAAACAGAAAAATCGCCTCTCCGCCTTCTGGCGGAGGCGATTTTTTAATAAAATGATTGAGAAAATTTAAGAAAATGATAGAATAAAATATGGCAAAGCTACACAAAGATTTGAAAAATAAAGAATTTTGGTACAAAGATATTACCTTAATTCCCAATAGATTGCCTGATTTTGAAAGAGATGAGGTTGATTTAACTACTCTTTTTACCAAAAAAATAGTTCTTAAAGCTCCACTTGTTTCTTCACCTATGGATACGGTTACGGGCTTTGAGATGGCAATTTTAATGGCTTTGTATGGCGGTATAGGGGTCATCCATTATAATTATCCAACCATTGATGAACAAATTGAAGAGGTAGAAAAAGTGAAAAGATTCGAAGCAGGATTTGTTTACAATCCCATAGTTTTATCTCCCAATCATACAATTGGAGATGTTTATGACATTAATGATAAATACGGATTTTTCAGCGTACCTATAACAA
CP179891.1_gap20	571599	574294	2695	TCATTTCAAAAATGTCCTTTTCTTGGGGAGGTAAAAGCTTCAAATCTTCTTTAACTCCTTGAACCCCCGCTGCCTGGATAATAGCTAAAGCTAAATAGATATTACAGGCAGGGTCAGGAGACCTAACTTCAATTCTGGTGGAAGTGTTTGCTTTTGCCAGATGAGTCTCAGGAACTCTGATATAGGCTGATCTGTTTTTTCTTCCCCAAGCCAAATATACAGGAGCTTCATAACCTGGAATTAATCTTTTGTAAGAATTAACCCATTGATTCAAGACTAATTGAGTTTCTCTGCCATACTTGATTAATCCTGTTAGATATTTTTTAGCTAAATTAGATAAGGGTTCTTTTTTGTCTTTAAAGAATAAATTTTTGTCTTTTTCCCACAAAGATAAATGGAGATGCATCCCGGAACCATTAATTTTGGCGATTGGTTTTGGCATAAAAGAAGCGAAAAAGCCAAAATTTCGAGCCACTCTTTTTATTACATATTTGGCTAAAACTATTGAGTCAGCCACACTTAGAGCATCGCTATATCTTAAATTTATTTCGTGCTGACTTGAAGCTGCTTCATGATGGTCGCACTCAGCTTTAATTCCCATTTCTTGAAGATAAATTTGAACAATTTTTCTAATTTCTCCCAATTTCCCCCCATAAAAATAACCTCCATGGTCTAATAATTTTGGTTGTTTTTCATTTTCAAAAATAAAAAATTCAAGTTCAGGACCTACGTAAAAGTTGCCAAATTTTTTTGTTTTTTCTAAGCTTTTCTTTAAAACATACCTAGAATCTCCTTGAAAGCGATTTCCTTTTGATGTAAAAATATCACCAAAAACAACAGCCTCCTTCCACCCCACATCTTGAAACTCATAACCCCAGGGCAAAACCCTGAAGGTTTCAGGAGCAGGAACGATGATCAAATCCGACTCTTCAACTCTGGCAAAACCCTCCACCGAGCTACCGTCAAATCCCACTCCTTGTAAAAAAGCAGATTTCATTTTTTCTGAGGGAATGCAAAAGCTCATTTCTCTTCCTAAAACATCAGGGAAGATTATCCTAACAAATCGAATATTGTTTTCATTCTTTTTAAGAAAACTTAAAACATCAGTTTCTGTCTTAAAATTTAAATTTTTCATAGATTAAAATTGGCTACTAAATAACCTACACCAAAAGGTCCTTCATAAGATAAGATTTCTGGCTTCCAATCTATCTGTCCTGAACCTACCGAACGGAAAGCCTCTAAAATTCCCAAAAGAAAACAAAAAGAACGAAGACCGCATTCTCCGGCTTCGGGAAAATATTCATTTAGTTTTAAAAAATTATCAATATCCTTTTTTTTCAAATATTCAATTAAGGCTTTATCAAATTTGGGACCCTGTGGATTAAAACCATAAGGCCCTTCCTCTTTTAAACAATGGGAAAGGTCACCTGAAGCAATCAAAGCATATTTTTTACCTTTTTCAAGACTTTGGTAGACTTTTTTCCCTTCTTTAAAATAAAACTCAGGTTCTCTTACTCCCATTAAGTGGGTTTTTATTTTACCGCTGAAATTTTTAGCTAAAAAAAACAAAGGAACGTTAAATCCCCAATCAGGATGAGGAGAAGAAATTAAAATTACATCAGGCGCCTTTTCTTTCAGCTTTTCTCCTAAGGTTTCCAAACTTTGAATAGTTTTTTTAAGCTTAAGGCGATCTTGTTCAGAACCAACAGAAGGAAGAAGTATTGGAGGATGAGGAGCAAAAGCTGCAAAAACTATTTTAGGCATTTTATTTTAAAATTAAATTTAAATCTTGGCCACACTTTGGACATTTACCATCTTTGTCGTGGCGTTTAATAATATAACCTGTTCTATCAATAGCTAAAGCTTTGCATTTGGGACAAATTGTATCTTCAGACGGCAAACCCGGGATATTTCCGGTATAAACATATCTTAAACCTGCTTCTTTACCGATATTATAAGCTTTCTCTAAGGTTTTAACAGGGGTTTCGGGCAGATGTTGAAGTTTCCAGGAAATAGCTCCTGAGAATTGAGTTATATGCCAGGGTGTTTCAGGTCCTAATTCGGTTTTAATGAATTTGGCAATTTCTTTAAACATTTGCTCAGAGTCGCTCAAGGTGGGAATAACCAATGTTGTAATTTCTACCCAAACTCCAGATTTTTTCATTAGTTTTGCTGTTTCTAAAACAGGTTTGAGTTTAGCTCCGCAGTATTTCTTATAAAATTCATCAGAAAAACTTTTAATATCAATATTGTTGGCATCAAGATGGGGGATAACTAATTTTGCTGATTCTTCTGTCATAAACCCATTGCTCACCCAGGTATTTTTTATTCCCTCTTTTTTTGCCAATTTCATAGTATCTAAAGCATACTCTAAGAATATAGTGGGTTCTGTATAGGTGTAAGAAATAGCTGGTAAATTATTTTTGATTGCCAATTTAACAATATCTTTTGGAGTTAAATTTTGACCCGGAATTTCTTTTTTTTCTTTAAAACCCTGGGAAATATCCCAATTCTGACAACTCAAACACCTCAAATTGCATCCAACCGTTGCAATGGATAAGGAATGACTGCCTGGCAAAAAATGGAAAAAAGGTTTTTTCTCAATCGGATCAATATTTACTGCTATTGCTTTTTTATAATTTAAGGCATATAATTTTCCATCAACATTTTCTCTGACACCGCAAATTCCTCTTTT
CP179891.1_gap21	584329	587411	3082	TTTTACATTTGGTAGAAGAAGTAGGGGAGACAGCCAGAAGTATCTTGTACAAAGAAACGAAAAGAAGCTCTTTTCATGTTTCTACGGAACCATCAAATTTAGAAGACGAAGTAGCAGATATTTTTTGGCAGACATTAAAGCTAGCTTCATATCTTGATATTGATCTGGAGTCTTGTTTTTTAAAAAAGTACGAAAAGAATAAAGCAAAGAAGAAATAATTATATGAATGTTGAAGTAGAAATAAAAGTTAAAATAAATAGCTTTAAGGAAGTAAAAAAGATTCTGCCTGGATTTGGTAAATTAGTAAAATCAATAAAGCAAATTGATGAATATTATATTCCTTGCCATAGAGATTTTTTTGCTAACAAGACCCGTCCTCGTAGAATTCCATACCAATAAAATCAATTGACAGTATAATAATTGGTCTGATAAAATAAAAATATGAAGAAAAAAAATACTAAAAATACAACAATTAACCAATTAGCTAGAATGATAAAGCGTGGTTTTGATGGAGTAGATAAGAATTTTAATAAAGCAGATAAGAGGTTCGATAAAATTGAGACAAAGCTTACTAACTTGGAAAACGGACAAGAAGAGATAAAACTTAAATTAGATAGAGTAGCATATAGGTTTGAAGTAGAAGAATTGGACCGCCGGCTGAAAAGAGTGGAGTCTAAATTAGGTTTAAAATAAATAAGAATTTAGCAAAATTTTAAAAAGGTCGGGATTTATCCCGGTCCTTTTTGTTTTAATAATTATTTAATTATATCAGCGATTACTTTAAAAATTTATTTTTTAATTTTTATCTTAAATTTGGCTAAAATTTGGGGTTATGGATAATTACTCTACGAGGCTGGTCCCCTTAGAATAATTTAAAACAATAAGATATAATGAATAGATGCCTAAGCTGATTTATGAATAGTTTATATTCTCAATGGAAGAAAGAAGAACAAGCGCCATTTAGTGGTTGGGATTTTTCGTATATCAGAAAAAGGTTGAAAAAGGAAAATCCTCCATGGGATTATAAGAGGAGAGCAAAAGATTTGATTAAAAAAGCAACAACGGTACTAGATATGGGTACAGGGGGAGGTGAGTTTCTTTCATCACTTGGTCCTTTTCCGAAACATACAATGGCTACAGAAAGCTAGCCTCCTAATATGCCGATAGCAAGAAAGAAATTAAAACCTCTGGGAATAAAAGTAGTCCAAGTGGATAAATCGGGAAAATTACCATTTACTAATCAAGAATTTAATTTGGTGTTAAATCGTCATAGCTCTTATAACACACAAGAGGTATTTAGAGTACTAAAAAAAGATGGAGTCTTTTTAACCCAACAAGTTGGGGGAGATAATCTAGAAGATTTAAGAAAAGAATTTAATGTTGGATCGAAATTCAAAAACTGGAAACTTGAGAAAACAAAAAGAGATTTAAAAGGAGTTGGCTTTAAAATAGAACAGGCCGAAAGCTGGTCCGGGAAGATAGAGTTTAAAGATGTTGGTGCTCTTGTACATTGCCTTAAAGCTATACCTTGGATTGTAGAAAACTTCAGTGTTGATAATTATTTACCTATACTCGAAAGTCTTCAAAAGAGAATAGACGAAGGGAAAAAACTTATTTTTACAGAAACTAAATTTTTAATTCAAGCTAAAAAGTAATTAATATTGTACGATATTTATTGAGCAATAGAAAACCGCTAGGGTGGGTTACTAACGGTTTTTTAGTAAAAATTAAGTTATTTTTATTTTTGTCGGAAGTTGCTTTACAAATTTAATTTTTAATTTTTATCTTAAATTTGGCTAAAATTTGGGGCTATGGACAATTATTGTACAAGAAGACTCATCGTCGCAGAATCCTATATCAATAAAATCAGTTGACAACAACGATTGACTTAATAGAATAAAGAATGGAAGTAAATAATTTCCAAAATATGCTTACCAATGAAGATATCCATAAAATCATTGAGGCTAATCGAGAAGTTTTCCCCACTAAGGAAGATTTTGAGAATTTAAAGTCAAGAAATGCAGATAAACGATAAATTTCTCCGAGTAACCGAATCAGATCGAGAAAGCATTCTTGAGGCACTTAGCAATTTAAAACTTTCAGGAACAAGCAAGACTGTTGGAAACTACGAGAAGGCCCTGGCAAATTTCTTCTCGGCTAAATATGCCATTGCAATCTCTTCAGGAACAGCAGCAATCCACGCTTGTTTGGTAGCGCTAGGAATTTCAGATGATGATGAAATTTTGCTTCCCGCAACAGCTCCAATAATGACAGGTTTTCCTATAATATTCCAAAGAGCAAAGCCAGTTTTTGTTGATACTAATGGAAAAAATTTTGGATTTGATATCCAAGATTTAAAAAGAAAAGTCACCTCTAAGACGAAAGCAATAATTTGCGTTCCTATGTGGGGCTATCCCTTTGATTACAAAGACCTATTACAATTTTCTAAAAATTATGGAGTGTCATTGATTGAGGATGCTGCCGAGGCTCATAATACAGAATATAATGGGAAAAAAATCGGTTCTTTAGGAGATTTTGGTTGTTTTAGTACCCATGATAGAAAATTATTAGCTACGGGCGAAGGAGGATTTATCCTTACAAACAACCCAAAATATTATAAAAAAATTAAATCTTTCATCAACTACAGTGGAATGGATGGTAAAGCGATAGGAACAAACTATAAATTATCTACTTTACAAGCTGCTATAGGATTGTCAAGAATAAAGCAAATGGATTGGCAGGTTAAAATGCGTCGTCAAAATGCAATGAAGATTCTTTCTGGTATTAACTCTAATAAAGTTAGCGAACTGCCTTTTCCTGTAAGTTCTAAACTTAATTATCAAAGTTTGCTTTTGAATTTTAACCTTCCTTCTAAAAAAACCGCAAGAATAATCTCTAAATTATTTAAAATGGGAATTCCCTCGGATGTCGTAAAATACGATTACAAACCAATGTACCACTATCCAATTTTTAGAAAATGGGCTATAGGATGTCCTAATACAGAAAAATTAGTGAAATCATTTACAACTATCCCTGTTCATCCCGGAATAGATGATAAGGCTATTGAGTATATAATCAAATC
CP179891.1_gap22	589292	593892	4600	TTTTTAAAAATTGATTTTTCTGAGAGAATTTTTGTTCATAAATGTCGGCGGTTACTTTAAAGATTTATTTTTTAATTTTTATCTTAAATTCGCCCAAAATTTTGTGCTACTAAAAATAGAGTTGACATTATTTTTCTATCAACCAGAAAACAGTAAAAGTGTTACCTATGTACCTTTCTAGTACAATTTATTGCCAAAAACTCTTTAATGTGTTATAAAAGAATTAGGAACTTAACTAAATTAAATAAGGAATAAAAGGAGGTAATAAAGATTTGGGTCATATTTACAGCTTCAATTTCTCCTCAGTGGAGGAGATGAGAGAAAGAATGGTATATGCTACCAGGTACTTATTAGATTTGTTTTTGGAGATTGAAGAAAATCCATACAATAGGGAAACTTGGAGAAGGGTGGTTGAAGAAGCTCGAAGCGAAGATTGGAAGAATAGTTCTTTGTTTCACGGCATTCCATCAGCTGAAATAATAGAAATAGGGGAAAGAATTCGAGCAACAAAAGATTTTAATGAGAAGTTTAGAATTCTCTCAGAAAAGTGTTCAACGAGTGAATTGTGGTACGACATCATTCTTGAAGAAAATCAAATAGGTATTAAGGCATTAGAAATGAAAATTGGTCAGAGAAAATGGCCTATAGCCCTCGATGTTGGATGTGGTACTGGAAACTCTACTCGTCCAATCGCAAGATATTGTGAAAGTATTCATGGTTTAGACGCTTCTTCTTTTATATTAAAAGTTGCTAAAGACCATCCGAGATTTCCCAATAACATGGATTTAATCACTGGAAATGCAATGAATCTACCTTTTAGTGATGATACGTTCGACCTAGTATACAGTAATGGTCTATCTGGTCATCTTACAGAACAAGAGCTTATCAAATTTTATCAAGAAGCGACACGAATTCTAAAAGGTGGGGGTAAGTATTTCGAAGTTTTGCGCGAAAGAGAAGAAAAAAGAGTCCCTACTAATGGAAAGGCTCTATTGGCCTATCTGATAAACATAATGGTTACGGGGAAAGACAAGGAAAGACCGTTAACTCCAATTTTTGAAGCAACATTTTTAAAGGAGAAATTCGAATTCCTAGTCTATAAAGTAGAGATAGACTACTGCCATAAGAATACTTTAAAATCTCAAATGCCAATACCTTATTTCAGCCTCTCTAAACCTGATCTTCCTAAAAGGATAGTATTAGAATTTAGAAAGAATGAGAACTCCTAGTCCCAAGACTATAGGTGGTCATCTAAAAGAAGTCCACCTTTTTTATTTTAAAATATATGAGTTCACTATTGACTTGACAAACATTTTTGGTTTTGATAATTTAATAATATCAAGTTGAGAAAATTACAATTATAAAATCCAACTAGATCCCGAACATGATTATTACCTGTTTCGGGGCTGGGTCTAGTTTGCCTCGTTTTTACGAGAAGGATGGTTTCTGCGATAGTGGAAACCCGGCAGCCTCCGTAACCATGGGCTAGCTAATGCTGTTTCTTAAAGAAGCAAAGTTGGTAAAGTGATTTTGAATTCGTTTTACTAACGGATTTTTCCGTTTTTATATCATGATTTCAAAATAAAAAAGGTGGCACCGCGGGAAATACCTCTCGTCCTTTTATCCAAGTGTATCGCATTTGGATCAAAAGACGAGAGGTTTTTTATTAACCTCTCAACAAATGATAGAACTTTTAAAAAAAATAAAATAAAAGGAGGTATGATATGAAATGCCCTTTCGAGAAATAACCTATAACAAACAGGGATTAATAGGCATTGGATTGGACATCACTGAAAGATGTAACCGCGATTGCCTGTTCTGCTTTACAGAAAGAACTCCACAAGATATGAACCGGAAAGTCTATAAGCGTATTGTGGATGAAGGATTATTGCTTGGTTTTCCTGAACTCTACATCCTTGGCGGTGAGCCAGGGATGCGTAGAGATATATTGGATATCTTGCATTATGGAGCAGAAAGGTTTCCATTAGTCATTCTGGTGACCAACGTTGATTTTTTGGCTAATGAAACGCTTTGCCAAAAGATAGCTAAAATAGAGCAAGTAGTTGTAGCAGCTCAACGTCATACGTTAGCTGATGATAAAGAGGCTCACCGTATGGAATATTCACTGACACATGGTGATCATTTAGCAACCAGTCACGCTGGATGGCAAAATATTGAAAAGTATTTCCCACCAAACAGAGTATGTGTTCAGTGTTGTATTCTACAACCAGTCGTCAAGTTAGGCAGTATCTTTAATATCTTCAGGTGGATTCGCAAAAGAGGTTATGAGCCCGTTATGGAATTCACCAAAGAAGGTCGACGGTTTATGCGAGGGTGCACATTTGATGTTCCACCAGAACAGATGATGAAAGTGCTTGAAGAATTTCGAAGAATCGACCGCGAAGAATTCGGATTACCAGGCGCTGAAATCCTTACTCCACAAGCATATGGTAAAACCTGTCACATGCAAGAAACTTCCATACATTTTCGAGTGAATGGAGATGCAATCCCTTGTGTAGGATTCCCAAAACTTACCTATGGAAATATCGTAAAAAAAAGTCTTGAGGAAATCCTTGCCCATCCATTACGTCAGCACATCAAAGATCCTGAAAATTGGATATATGGTTACTGCAAGAATGAGTGTCCTTATTTCAAACAATGTACTGGTGGGTGTCGAGGAAGCGCTTTTGATATTGCGGGTTGCTACAGAGCAAGTTTCTACTATTGTCCTCATATTCCTAGGGAAAGATTAACAATCGCAGACATGATACCCCCCACCTGTGATGGGTGTCCCCTGGAAGGTAATTTAACGTGTAACCCGCGGCGATGATAAAAAAAATGGTCAGGAATGAAAAACAGTTCCTCCGGAAATCAAAAACTCTTTGGAGTAATTACAGATTGATTTAACAAAAGAGGTAAAAACGAAAAAGAGTTAAAAATTTAGGGGCGAGGAGAATTGAATTTATTCTCTAAGGAAGCAATAATTTCCAGAAAAAAGAGATGATTCAATTTGAGCCCCAACTTTTTTTAAAATTCAAAATAATAAAAATATAAAATTTATTTTATGCTAAACAAAAAAATAAAACAATTTAAAAAAACTCTAAAAATAAAAGATGAAATCATTGGTATTGGCTTTACAAAATATTTACCACCTGGGTATAGATTTTATCGTGATACTGCCTGCACCGCTTTGGCTCGATCAATTGCAAGAAAGGAGAGGGTGATTTTTGGTACTAAAAAGTTCCCTCAACTATGCCAAGGAGCAAATTATTTTTTGAGATTGTCTGAAGTAAAAAATAGTAAGGCATGTAATACTTATGTCAAAGAAGAACAGGTTTTTGCAAATAAAGAAATTTGTAAAATTTTTTTGAAGAATTTACCAAAATTTCCCAATACCTTAAAGAATAAATTCATCATAGCCAAGCCATTCGAACCAAAGGATAACCCTCAAGTGATTATTTTATTAGCAAATCCTGCTCAGGCAGGAAGGATACTTGGTCTTTTAAATTACGATCAATATAAGAAAATAGAAATTTATCCTAATCAACCAACATGTCTGTCATTCTTTACTCCCTTGGTCACAAAAAAGCCCCATATTAATTTTATTGATTATTATGATCGTTATTATCAGGGCAGAATAAATGGAAGAAGGATTTGGCCAGAGAATAAAATGATTATTTCTTTAAGATTTCAAGATTTTAAAAAAATCTTGAATAATTTAGAAAAAAGTCCCCAAGGCGTTTTTCGACCCAAATTATCACCCCAACAGATTGATGATCTGTAAAAAGACTTAATATTTTTTTATTTTGTCAGGGGGTGCTTTACAATATTAAAAATCGTAAAATAAAAAAATGAAAGGAGAAAAGAAAATGAAAAAAAGAATTCTTACGGGTGATCGACCAACTGGACCTCTACATTTAGGACATTATGTTGGCTCATTGGAAAACCGAGTTAAACTTCAAGATGAATACGATTGTTTTTTCATTATTGCAGATTATCAAGTTCTTACCGATCACTTAAAAGAAACAAAAAAAATCAGCCGATTCATTAAAGAGATTACTCTTGATTATCTTTCTGTTGGGATTGATCCCGAAAAAAGTACAATTTTTATTCAGTCTCGAATCCCAGAAATCGCTGAATTAACAATGTATTTTTCAATGATGGTTAGTTTAGCAAGAGTACAAAGAAATCCAACGGTAAAAGAAGAGATAAAGGCATCTAAGCTTTCTGAGATAAGTTATGGGTTTATAGGATATCCTATTTCCCAAGCTGCAGATATTTTATTTGTAAGAGCCCATCTTATACCTGTAGGCGAGGATCAATTACCTCACATTGAACTAACTAAAGAAATAGCTAGAAGATTTAACCGTTTGTTTAGAGAAGTTTTTCCAATTCCTGAAGCTTTGGTAGGGAAGGTGGCTAGATTACCTGGTCTTGACGGCCAAAAAATGGGCAAGAGTCTGGGTAACGCAATTTATCTTTCAGATTCTCCAAAAGCAGTAGCAAAAAAAATAAGAAGTGCTGTCACTGATCCGGCCAGAATTCATACGATTGATAAAGGACATCCAGAAATTTGTAATATTTTTCATTATCACAAATC
CP179891.1_gap23	694248	694748	500	TGATATCAGGTTCTTGCGGGGTAGACCCTCCGGAAACCGTACAAACAATCTGGTCTTTTTTATATCCTTTCAATCCAACAAAAGTGCCATCAGCCATATTGTAAAGGTCCTTTTCAAAACCTCTATCTATCAAAAAAGACTCAACGCTGTCATACTGCTCGCTTGATATGCGTGTAGCTTCAAATCCTTTTCCTGATATATCCACCTCTTCCACTTTTGGATCTACCTTAACCACCCATTTAAATTCAACTGGTTGTATCTCTGAAAAATCTATCCCAGTTTCTTGTTCAAGGTCTTCAAGAAGATTTGAAACTTCATCTAAAGATACGCACTCACTTCCATCAAAACATTTATCAGGTCCGCAGTCACAAACTTTTATTTCATGGCTGTTTTCTGGGGAACAACCACAGGGACCGATAAGACACAGGTTTGGGAAATCACCAGTTGCTTTACAACACAATGATGTTAATACCTCTCCTCCAGAATTTATACACGCCTGT
