gap_id	start	end	length	sequence
CP176813.1_gap1	140892	141728	836	AGGTCTTTGAGTAACTAAACAAAGTCCTAAACCAAATTTTCTTCCTTCCCTTGCAATTCTTGAAATCCAGTATCTTGATTTTGTATTAATTGTAGATGATGCTAAGATATGAGCCTCTTCTAAAATCATAAAAACTGGAAATTCAAGTCCTCCTGTTTCATTTCTAACATGAGCTTTCCTCTTTTCCAGAATATTCCTTAAAACGTGGCTTACAACAATGTCAGCTATTTTTTCATCAACGTGGGATAGATCTATCACGTTGAGTTTTCCAAATTCAATTTGATCAACTATTGGAGTTTGGAGAAGGTTAAAAAGATTAGCATAAAGATCTTTCATATCTTCAACCTTACTAATAATACCGATAATTGATTTTTGATAATCCTTAGGTTCCTCTTCTAAAAACCTATAGAGTTCTCCTAAGAGCCTTCCCCAAAAGTTTGAAGCTGAAATCTGTCCGTTTTGAATTTCTTCTACTGTTATTTTAAAGGCTCTTCTTAAATATCTATCTTGGATGTAAGCACTATCATCAACGTTGGCAAAGAGTCTGAATTCATGGTAGCTTAATCTTGTTGGATTAAGTTCAAGATCTATTCTTCTTACACAGGGTTTACCATTTCTTCTATAATCAAAATTAACATATTCCCCATGCATATCAAAAACTAAAATTGTTCCAAACTTATCAAGCATACCCTCAAGAATTACTGAAACTGTATTTGATTTACCTCCACCTGTAACTGCAAGAATTGCAAGGTGTCTACTAACTATACTATCTATATCAATGAAGACATCTACATCTTCTCTTGTAAGTAAATGTCCTATGTGAATTTTTCTATCGT
CP176813.1_gap2	145063	146627	1564	TTCTTCTCCAAAGTGAGGTCCAAACGAAGATACCATTGGTTTATCTGTTACCTTGCAAAAACCAACTTCTTCTTTATTCCTTAAACTTTTGCAGTTTCTTGGGCAGAGAGTACAAGGAGAAAGGTATTTATAGAGTTTGTCTATTTTTTCCATAAAAGTTTACTCCTAATAAATTTTTGTTTGCAAATGTTTTAAGTACATAGTAGCATAAGACCCCTTGGGTAAATAGAAAAAAACGTAATTTCCAACTTTTTTAAAATCCCTTACTAAAACGTAAGTCATTCTATAATCGCCTTTTATTCTTAGTTTTCGTAAAAGTTCCAAAAATTCTTTTAGTTCAAACCCTTCCTCTCTTAAAATCTTTTCGTAGTAAATTTCACTTTCTAAGAGCTTTTTCTTATAACCTAAAATAGTCCAAAATTTTGGAAGAACTTGGAAACCTTCAAGTTCTGGAATAAAGAAGATTTCATTTTTTTCTTTTATGAAATATCCGCTTACTCTTTCTTTTAAGTAGAGCTCCAAGCTTTTATTCCACAGATAAGAAAGATAAGAATCTATAAAGAAATTCTCTCTCCATTTGAGTTTTCTTTTTGGACTTTCAAAAAGTTTTTTTATTAAATTCCTTCCCTTTTTCCAGTTATTATTTATTCTCTGAATATCGTAGTAGTTAATAAACCAATTTCTTTCTTCTGTTTTAAGATTGCGTAAGTTAATAAAAAAACGATTTCCTTTTAGCTGTCCTATCTTTATTTTTTTCTTTATCCTTCCAACAAACTTTAGAATGTACCAGCTTTTACTGTCTATCTCTTCTTTTTTATAGTTTCCAATGAATTTATCAAAGGATACGTACTGAAATGTTAACGCCAGTTTATCCTTCATTCCAGCATAGCTAAATTGCAATTTTTCTGCTAAATCTCTTGTACTAAGGTTTCTTTTGATAAGTAGATAAAGATAGTAATTTCCGCTATCAGAAAATGGATATTCAGCAATTTCTTTTACAATGAAATCTTCTGGAATTTCCCTTTTCCACTTAAATTCTGTTAATTCCATCTAATTTCTCCACGATATAAAAAGAGCCTGTGATGATAGTGTCGTTTTTTATGTAGTTAATGTCAATTCTATCAACTCTTTTTGTTTTTTCTATTCCTACTTTTCTTGTAAGTTCAAGTAGCTTTTCAAATTTCATTCCTCTTGGATTATCAATTTCGGTTACAAAAAGTGTTCCTTTTGAATAGTTTAAGTAATCCCTAATAACTTTTAGATTGTTCTCAATATCTTTGTCTTTTAATCCTGAAAAGATAACATCAGCTTTTATTCCAATTTCTTTAGCTGTTTTAAACAAATTCTTTAGGGCATCTACGTTGTGAGCAACATCAAAAATGACAGTAGGATTTTTCCTTATTAATTGAAATCTTCCAAGAAGAGAAATTTTTAAACCTTTGTTTGAAAGTTCTGGTTTGAATTTTTCTCCAAGTATAGTTTCGCAAACTTTTAGTGCGGTTACGGCATTTATAGCTTGGTGTCTTCCTATTAAGGTTGTTAAATAAGTATTTCCACCATACTT
CP176813.1_gap3	216535	217698	1163	AGCAAAAATAAATTCGTCTTCTTTGCTTTTTTACCACTAACTCTATTCAAGCTGCAGATAAACTAATGTGCCTTTCTTGTAGCAATGGCTCACTTGCAGATGATAAGGTTAACATTTATAGGTTTTGGACACTTTTCTCATCCAGTTGATAAGAAAATCCCTAAGGATTAAACTACCAAAGGACTTTCCTACAAAGATGGGAAACTCTACTGTGGAACGTGTCATACTCCACATACAAAAGCAGGAAGCGAGAAAAAAACTTGACTATACTTTTATGAGAAAACAGAATAAAAATTCTTCTCTTTGTATGGACTGTCATAGAGAAAATGCTGCTCCATGGAATGAACCACCCTATACTTGAAGATACTGCCGGCAAATTAACTTCAACAGAAGTTCTGGAAATTAAGGATATTGGCGGTAAGATTACCCAAAATAACGAAGTTCAATGTGAATCTTGTCACTCAGCACACAAAGGAAAGGCAAATTATGCTCTTGTTGAACCATTAGCAAATTCTCAGTTATGTACTGCATGCCATACTCAAGAACTTAACAGTAAAGAGCATGTTGACCCAAGAAACCATAAGATTCACGTAAACTTTCCAGAGTATATGACTGTATCTGAATTTATTAGACAAAGGCTTCCACAAAATACTGTTGAATGTTTTACATGTCATAAAATGCATAAAGAACCTAATCCTAATTTAACAGTTCTTTCAGCCAACGAACTTTGTTCTTCATGTCATACAGCTGAAAGTCCTGTAGTCCATTCTCCTCATAATAAAAATAATCGCGGTTGTTTAATGTGTCACACTGCACATAAAGCAAAGACTGACGAGTACTTATTTGCCGTAGTACCATCTTCAACTGGAGGATATAAGAATTACGATATAAGTAGTAGAGTGTGTGTTTCCTGCCATAATGGAGGTATTTCGAAGGTAAAAGTTGGTCCGGCAAGTGCATCTCACAGAGGTGAATGTACAGACTGTCATAATCCTCATATTTGGGATCCTAATAACCCAAATAAAAAGGTTTCTGTTAATGCAAAAGGAACTCCTCGAAATAGTTTCCTTAAGATTAGTAGTCCTGAACTTTGTATAATGTGTCATGGTAAACGTAGTGTAGAAGGAACTTTCCATGATTTTTCAGGCAAGAAGATAAAGGTT
CP176813.1_gap4	219444	221134	1690	ATAGAGGCTCTTTATAGATACAAGTTTTTCCACTCTAAAAATGTACATCATTAAGTAAATAATAATTAGGAGGTTTAAAATATGGCAAGAGAAGTTAGTTCCAGAGATATAGAAAAAGAGGCCTGGATAGTTTTGATAGCTACACTAGCAATTTTACTTTTACCTATTTTAGGAGTTTGGCTTGTTAAATTCGTTCATTGGTATTCAGAATCTATATTCATGTGGTTCTAAGGAGGAAATTATGGGAAGAGCTCTTAAAAACATATTCTTTTTCAGAAAATGGATATCTGCTGTTGAATTAGTTCTCTATATTTTTATGTTGCTTACACTCCTTTTAACTGCTTACAAGCATTTATTTGGAGGTCATCACTAATTTACTTATCAGCGGGACTTTTTTAAGAGGTCCCGTTGAAATTTTCTTTTTTTTTATTTTGCTTTATCTTCCTATCTGATTTCTACCTTTTCCTATAAATTAATCCATTTTTTCTTTCTCAGTAAAATTGCCACTTAGGAAAATATTTCGAAATTTGAAGAAAATTATTTTAGTAAGGGAAGAACCCCTAAATGGGATTCTTCCCTTTATTTTAGTGTTTCTTTCTTCTGAATCTTAAGCCTAATGCTCCAAGAGCCATTAAGAAGAAATTAAGAATTCCTGAAGTTGGAGATACAGCTGGAGCAATAGAACATCCACCTCCACCAGTAGCAGTAGTTGTCGTTGTTTGAGGATAGCTTTCTGTAGAAGCAGTTCCTACAATAGCAAAATAGCTAAGTGTAGAACGAGAGAATGTAACGTAAGGATTATTAGGATCTACATCAAAATCTCCAATCTTAGTCCAAGTTTTTCCATCTTCACTGGTAAATAAGGAAACCTTTCCAGTAACTTTTGTTGGATCATAAGGAAGTGTTATCTGAATTGGAGAATTAAATCTGTTTGTTTTTGTATGAATATGAAGAATTTCAGAGGCAAGTACAGCGGTTTTTATACCTTCTTTTGATGCTTCTTCTAGCACGGAAGACTGTAATTCTGGAACTTCGGCTTTTTCTACTTTAATTATAGTTGGAACATCTACAGCTCCAGGTGATACAGAAATTACTATGCCTTCTTTGGATACTATTCCTCCTTCTCTTGTAACAAGAGCGAAGGCAGCGTATTCCTTGCTTTCAACTGGAACAGATTCAAACTGGGCGAGAGCTCCCTGAGTTAATCCCATTATTTCTCTACCATCTGGAGTTTTAATGGTTGTGACTCCTTCTGGCACATGCCAACCACCGTAAGCTTTTGATTCTTTAATAGCTTTATCTGGAAGAGCAAATGGTACAAGAGTTACAAATCTTCCAGCGTTAAAGTTTCCACTTTTCACAGCTGGACTGTATCTGTTCTTTGATTCGTCTGAATTGTGGCATGCATTAACACAAGAAAGAGGACCAGAGCTTTGAGCTCCAAGAGCATACTTAGCTGGAAGAACTCCGTGATCAACACCAAATGGAGCTATTCCTAAATATATTACAGGATTATGAGAATGGTTAGGATCTTCCTCGTTGAGAACCTGTGTTAAAGCTTCTTTCATAGCATCGTATTCATAATCGCTATCAATTTCTGGATTCATGTCTCCGTCGTTATCATAAATAAACTTACCATTTATTAGCTTAACTGCTGCTACCATTCCTGTGTCGTTTCCATTTAAGTCTT
CP176813.1_gap5	235246	235893	647	GAATTAACGTTAAAGATGATATATGGAAACTTAAAAATTGTTTTGAAAGGGAATTAAAAGAGCTTAAAACAACGAAAATTTCTGAAAAAGAAATCAATCTTGGAATTGGAAAGAAAGATTTAATATTTACACAAATTGAAACTGAAACGATGAGCTCTTTCTTGCTTTATAAAGTTATAAAGCAGCTTAAAAGAGCTGGATATGATACTACTGGCTACTTAGTAGATTTATACTCAAAACTTGCAATTTCTTTGCTTCCATTGGTTGTCGCAGTTATAGGAATTCCTTTAGGAGTTTTTAACCCTCGTAACAAAAAAGGTTATACCCTTGTTATAGCTGCAGCTCTTATAGTTTTCATGTGGATAACGATATCTTTCTTTTCAAGTCTTGGAAAAAGCGGGGTACTCCCTCCTTTTTATTCTGCCTTTGCACCTGAGGTTATGTTCTTGTCAATTGGTTTACTTCTTCTTGCGAGGATGGATACTTGAAGTTTGATTTTAAGAAAGCAAAAAGAGCTCAAGAAATATTAAAGAAAAAACTATCTCTTAAACCTTTAGGAAATGTAAAACTTATTGCTGGTTGCGATCTTACCTTCTTGAATCCCTATAAAACTCCTACACTTGGAATAGGAGCTTTTGTAGTTCTTT
CP176813.1_gap6	306692	311216	4524	GGAATGACAAAAAAATTGTAAGAATAATGCCAAACATTCTTATAAAGGTAAAAAAAGGGATAACTGCATTATGTCATAATTTTAGACTTCTTAATGAAGACTTGAAACTTGTAGAAAGTCTTCTCTCAAGCTGTTCTGAAGTTGTCAGTGTGGATGAAAAACTTTTTGATGGAGTAACAGCTCTTTCTGGAAGTGGTCCAGCTTTTATTTTTCTTATGATAGAGGCACTATCTGATGGAGGAGTAAAGGTTGGACTTCCAAGAGATGTTGCACTTAAATTAGCAATTGAAACCATAATTGGTTCTGCTACTATGGTAAAGTTAGGGGAACATCCAGAAGTTTTAAAGGATAAAGTTACGTCACCTGCAGGTACCACAATTGCGGGACTTTCAGCTCTTGAAGAAAATAGAACTCGCTATGCTTTTATGAAAGCAATAGAAGAGGCTTACAAAAGATCTATTGGAATTACAAAGCTAATAGAAGAGATGTAATGATAAAAAAACCGAAGCCTGAAAAGCGTTTTTACCGAAAGCTAATAAGGAAGAAAGAATTTCTTTCTTTTGAACTCGTAGCTGGAGAAAGTGATATTTGGGTTTCTGTTCCTAAGAAAGAAGTTACTGATTTGAAGTTTCTTAAAGAAATTCTTACCGATTATTTAATTTCATTAAGAAGTCAAATTTTATCTTACAGTGAAAGATTTCCCAAGTTTTTGAAATCACTAAAACCTCTTAGGGTAGATCTTTTAGCTCCTTCAATAGTAAAAGAAATGGCTGTTGCATCAGCAAAAGTGGGTGTTGGCCCTATGGCAGGAGTAGCTGGTGCGGTTAACAAGTTCTTAGGCAAAAGGCTAAAGTCCTTAGGAATATCACAGTTTATAGTTGAAAACGGTGGAGATGTCTTTATTTCAAGTTCTGAACCTATAGTTTCAGCTATCTTAACTGGAAATCCTAATATAGATGGAAAACTTGGAATAGAAATTCCTCCAGGGGAATGGGGACTTTGTAGTTCTTCAAGTAAAATAGGACATTCTTTAAGTTTGGGATATACTCAGATTGCAACTGTTTTATCTACTGATCCTATACTTTCAGATTGTGTTGCTACGTTTCTTGGAAATAGTAAAACGGAAGAAGAGTTTGTAAAGAGATGTAGGTCTATATCTGATATTGAGGGAACTATAGGATTAGTAAATGGGAAATTCGTGGTTTTTGGTAACTTGAAACTTGTAAAGCTTTCTTGACATGTAAACTGAGTTTTTAATAAATTAATTACAATATTTGAATTAAAGGGGTTAGTTATGAAATCGAAGTTAGTTGCTCTTTTTCTGCTTTTAACAAGTAGTGCTTATGGAATTACCCTTGAGAAGGCTATAGAAACAGCACTTAAAAAGAACAATCTTATTCTTGCAAAAAGATATGAACTAAAAGAGAAAGAATCTGACTTAAAAATTTCTAAACTTCATCTTCTTCCAACTATTGATCTCTATTCAGAATACAATAAGACAACTGATCCTCCTTATGCCATAATGAACAGAATGGAAGTTCATGATTTAAACATGGTAAGCACAAACTTTAACGATCCTGGTAAATCTCAGCTTTTTAAAACGGGAGTAAGAGCAACTGTTCCTATATGGTTTGGTGGAAAGCTAAGAATAAATACAGACCTTAAAAAGAAAGAAGTAGAAGCAACTAAAAAGCAGCTAAAGAAGGATATCGAGAAAGTTATTTTTGATGTTGTTAATGCTTACTACAATCTTTTGACAGCAAAAGCTTTTGTTGAGACAGCCCAACTTGCAGTGAAAGACGCTGAGAAACGTTTAAAAGACGCTGAAGTTACTTATAGATCAGGACTTGGTCTAAAGTCAGACTATCTTAGAGCAAAAGTTTATCTTAAAGAAATGGAAGAAAACTTAGTAAAAGCAAAAAGTAACTATGAAATAGCAAAGAGAGCTCTAAACTTAGCAATAGGATTACCAATATCTCATCAAATAGAAGTTAACGAGGATCTTACCTTTAAAAATTTTCAGTTTAACCTTAGTGATCTTATAAAAACTGCCTTAAAGAATAGACCTGAACTTAAAGAGTTAAGAGTAAGACTTTCTCAAGCCAAAGATATGGAAAGACTTGCTAGGTCTGATTTTTCACCACGTATTGGAGCTTTTGGCGATTATTTCATAGCAAGTGATAAAGCTCCTTGGAATAAAGAAAATTCCAGTTGGGTCTTTGGAGTGCAAGCATCTCTAAATATCTTTGATGGTGGTATTAAATTTGAAAAATTGAGAAAGTCAAGAATTTCCCAACTTAAAATTAAAGAATACATAGAAAAAGCAAAAAAAGGAATAGAGTTTGAGGTTTCAAAGGCATACTTTAGATTTCAGGAAGCAAAAAAAAGAGTTGAATTAGCAGAAGAAGCAATAAGGGAAGCCCAAGAATCTCTTAGAATTGTTGAGAAACGATACAAAAATGGACTTGCAACTATATCAGGGCTTCTTGACACTCAAACTGCTCTAAATCAGGCAAGAAGTAACTATGTAGCAGCTTTATCAGCTTATAGACGAGCTGTTGCTGAAATCTACTATGCAGAGGGTATCCTCAAAAATCGTTATCTTGACCTTGCTAATTAGACAACAAAATTGTTAAATTCTTTAGGCTCAACATTAGGACTATCGTACTCTTGGAGTTTCCATAAAATTTAGGAAAAATTTTGCGCTAATCCTCCCCTTTTAAAAGGGGAGATACAGCGCACGGCGTAAGCCGTTTTTTTGACTATGCGTGTGTGAAGAATAAGCGCTTTTACTTTGGTTTACTCCGTAATTTGTTATACTATATGTATGAACAAAACAAATCTGAAATCCAACGTAAAGAGAGGTAGAACCTGCGTATATAACTGCAACTACCACATAGTTTTTTCAACCAAATACAGGAGAAAGGTATTAACTCCAAAGGTAGAGGAATATCTGAAAAAGGTGATTATAAAAACAGGAATAGAGAAAGGATTTGACGTAGCAATGGTGGAAGTAAGAGAACAAGACCACGTTCACATATTTGTATCTGCACATCCCAAAATAGCACCTTCCTACATAGTGAAGATGATAAAAGGAATAAGTGCGAGAAAGTTGTTTTTGAAGTTTCCAGAACTTAAAAAGAAACTGTGGAAAGGACACTTGTGGAATCCCTCTTACTACATAGAAACCATAGGCTCAATTTCTGAAGAAGTGATACGCAAATACATAGAGAACCAAAAGAGGAAGTAGATGCTCTACGTTTACAGGTTCAGACTTTATCCTAAGAAAGGACAAGCAGAGTTTTTAAACCGTCAAATAGGTCATTGCAGGTTTGTTTACAACAAGCTTCTTGAAATAGCTAAAGAGTCTTATGAAAAAGAAGGAAAAAAGTGGAACTACTATGAATACAAGAGACTACTGCCAAAACTTAAAGAGGAATTCCCGTTTCTTAAAGAAGCTAACAGTCAATCGCTTCAAGAAGCCGTAAAGTGGCTTGATAGAGCATTCAAGAATTTCTTTAAAGGACTTGCGAAATCTCCCAGATTCAAGAGTAAAAAGAGAGTAAACAGCATATCAATTCCCCAGTACTTCCGTATAGAGGGAGACAAAATCAAAATACCAAAACTCAAAACACCGATAAAGTTTAAAAAGCATAGAAGTATAGAAGGGAAAGTCAAAAGTATTTCAATAACAAAACTATCCTCTGGAAAATTTTACCTCAACGTTCTCGTTGACAGGGAAAAGGAGCCACTACCAGAAACAGATAAAGTAGTAGCAATAGACGTAGGACTTACGCATTTTTGCACCTTATCAACAGGAGAGAAGATAGAAAATCCGAGACCCCTGCTAAAAACAGAAAGGAAACTAAAAAAGCTCCAGAGGAAGCTATCAAGGAAAGTGAAGGGTAGCAATAAGTATCAGAAACTACAAAAGAAAATAGCGAAACTCCACGAAAAGATAGTGAACCAGAGGAATGACTTTCTCCACAAGTTAAGCAAGAGGATAATCGGCGATAACCAAGCCGTGATAGTAGAGGACTTGAATGTCAAAGGAATGCTGAAGAACTCAAGACTTGCAAAGCACATAGCAGATGCAAGCTGGAGGAAGTTTGTCCAGTTCCTTGAATACAAGGCGAAGCTGTATGGTAGAGGGTTAATCAAGGTGGACCCGTTCTACCCATCATCAAAACTGTGTAGCAGGTGCGGATACAAGAACGAGGAGTTAAAACTCTCTGATAGGAAGTGGACTTGTCCTAAATGTGGAGCGGAACACGATAGGGACATTAATGCAACGCTAAACTTGTTGAAAGAAGGACTCACCCGCCTTAAAAGGGTGGTAGGGGTGGACTGCCCCGAACTTACGCCCGTGGAGAGTGCGAGTGCACTCGTTGAAGCGGGAAGCTCCTCATTTCAATGAGGAGTAGTTCACGAGAATCTGACTCTTTGAACGTCATACAGGATATTTAAGAAATGACATTTAACTTTTTAAAGATTAGATTTAACTTTCCAAAAGTAATGAAATCA
CP176813.1_gap7	459749	460417	668	ATGGAAAAGAAACAGAAAGTACTTTTAAAGTATTTAAAGGCAAAAAATTTTACTTTACAAGTCAGGAAGAACTTGTTAAGTTTATTGAAACTTTCCATTTCCAAGGTAAAGCTGTTTTAGTGAAAGGTTCTCGAGGAAACCGGTTAGAGAAGATTGCAAGAATAATAAGAGAGAGGTATAAAAGTTGAAAGTAGCTGTTATATATGGAGGTCCTTCTCCGGAAGCTGAGATTTCAAGGAAAAGTGCTAAAAGTGTTATCTTTGCTTTGAAAAAATTAGGGCATCAGGTTTTTGAGTTGGAGCTTGATGAGAATATTACAGAAAAACTAAAACAGCAAAAACCTGATAAAGTCTTTATTGCTCTTCACGGATCTCCCGGAGAAGATGGTACAGTTCAAGGACTTCTTGAAATAGCAGGTTACAATTATACAGGTTGTAACACACAAACCAGTGCTATCTGTATGGATAAAGACATTACTAAAAGAGTGTTAAAAACTTACAATATACCTGTTCCTGCAGGAGAGACTTTCTTTCAGGGAGATAAAATAGAACCTGTTGAAATTCCTTGTGTTGTAAAGCCGGCAAGGACAGGCTCTACAGTTGGAATTAGTGTAGTAAAAGATGAAAATTCATTCCAAAAAGCAGTAGAAGAAGCTTTTAAGTATGACT
CP176813.1_gap8	505828	507343	1515	TGTTTTTATACTAAGAAGTGCTACACCTTTGTTTGTATAAGTCTCTCTTCCTAAAAATTTTGTAAGAACTCCTTCTTTAACTTTTGGTCTTTGATCAAGAAGAATTCCAACATATCTATTTTTCTTTAAATCTTTCACTATTTCAATCACGTTTCCTGTAGGAATAACCTTTATTCCCCACTTTTGGCGAATAGAATTTATAAGTTCATTTACTCTATGATTTTTCATCGGTTTTGCAACAACAGAAAGCTTTCCATCACTAAGAACAGAAAATAAAGCTCCCATAAGCTCCCAGTTTCCAATATGAGCTGTAAGAAGAATTCCACCTTCAGATGGTATAGTAGATGGATCAACAGGTTTAAACAATTTTTTCAAGTACTCAAAAGAATAGTTAGTAGACTTAATGAAATCTATTGAGCACCTTATGAAACTTTTAAGACTTTCTTTTCCTACTTCGAGAGGAAATCCAGCAAATAAAAGATTTTCCTCAGTTACTCTTTTTATCCGAGGATAATAGTAAATAATTTCAGCCAGAATATCTCCTGTCTTAAAAGCCTTATCTCTACCAATTTTCCTTATTAAAGAAAGACTCCCCTTTAAAAGTAGATATTCCAGAAGGTATGAAACCTCTTTCAACTTCTTCCTCTAATTTTTCTGTATTTTCAATGTTAGAACTCAAGTATTCCTTAAGGCCGTAAGCATCAAATCTTATAACTGGTGCTTTTAATCTAAGTCCAGATTTTCTAAGCTTAATCAAGTCTTTTTCGGTAGTTACAAGATTTTTAAACCTCTTAAGCTCTTTAATGTCATCTTGCGTATAGGCATGATGATCATCATATATAACATAATTTCTAATTTTATAGCCCATATTTATCAGCATTTCCACAAATTGAGAAGGGTTACCTATTCCACAGAAAACGTCTATTTCCTTTTCAGGCGGTTCTGTCCTTTCAAAACTTTCATTTATCCAAAATTTAAAGACTTGCTCGGCAAAAAAAATAGGTTTTCTAAAACTTCTTAAGTAGAGCTCCAATGAATTAAGCCTTTTAGAGTCAATAAGATTGCTTCTTGTAATTACAAAACAGTCTGCCCTTTCAAGATTCTTAGGTGCTTCTCTTAAAAGACCTAGAGGCAAGCAGTAGTTGTCTCCAAACGGATTAAAAGGATCTATAACTGCAATGTTTATTTTCGGTAGTAACTTCCTGTACTGAAATCCGTCGTCAAGGATGACAACGTTTGCTCCTTTCAAAAAAGCGTATTCTATTCCTTTGAGCTTATTCTTGCTGACTATTGTTTTATAGCCTTTTACAGCGTATAACGATGCTTCATCTCCAAAGAGTTCTACATTATCAGTTGCAAAAGCTGGCCCTTTCTCTTTTCCTTTGTAGCCTCTACTTACAATTGCAGGTGAAAATCCCATTTCTTCAAGAATGAGATATATAGATTCAGTAAGAGGAGTTTTCCCAGAACCCCCAGCAACTATATTTCCAACAGAAATAACGGGAAAAGGAAAAG
CP176813.1_gap9	525907	529011	3104	TGCTTCTTGCAAACTCTGACTGTTGGCTTCTTTAAGGAATGGATACTCTTTCTTGAGTGTTGGTAGTAGTTTCTTATATTCGTAGTAATTCCACTTTTTGTTTTCTCTTTCGTAGTTTTCTTTTGCTTTTTCAAGGAGCTTGTTGTAAACGAATCTGCAATGCCCTATCTGTTTGTTAAGGAGTTCTTATAGTCTGAATCTGTAAACATAGAACATTGGTTATACCTTTACTTTTATGCATAAATTTAAGTCTTTCACTACTTCAGAACAACGCATTACGGCGTGTGCTGTATCTTCTCTTTTCAAAGGGGAGGATTAGCACAAAATTTTTCCTAAAAGTTGAAGAGAGAGTTAGAAAAAAAAGAAAAGGCTAAAATTGAAGGAACAAAGAAATTGATATTTCTAGTTTGAAAGTTTTTTAAATCTCTTATGAGTATTCAATTTTAAGCACAACTTTATTATACTTCGAATTGCAATGAATATAGTCAATATAGTCAAAAAAATTTTAATAAAAGAATGGCTTTTCTCGCTGTCATTTCTTGGCTTTTTACTAACAAGTGTCTATTTTTTTAGAATACCTCACTACTCAATTGATGATTTTAAAGTTTTATTTACGCTCTTTGTTTTTCTTATCCTTACCAAAGGACTTGAGAAAAGTAATTTCCTGAAATACCTTGCAATAAAGGCTGAAAGAGGCAGATTTGTCTCTTTAAAGATAGTTCTCTTTACAGCTTTCATTTCTGCCTTTATTACAAATGATGTTGCACTAATAGTCATCGTTCCTCTTACTCTTTTGATGAAAATACCGAAATTGGAACTCCTTATTGTTCTTGAAGCAATGGCTGCAAATAGCGGTTCAGCACTAAGCCCCTTTGGAAATCCACAAAATATTTTTATCTATTATCACTACAACCTTCACTTCAAAGAATTCGTTGAAACGATATTTCCTTTCGTTTTTGTTTCACTTATCCTCCTCATACTCCTGACACCAAAAGGAAAAGAAAAAATAAAACCCATGGAAGAAGAGGTTAAGTACTCCTGGGAATCTTATTTACTCCTATTTTTCTTTGGAACCTTTATCTTGAGTGTTTTAAAGTTCATCCCGCTGTGGGCTGGTATCTTGCCCGTTACCTATGCATTCTTTTTCAATAGAGAAATCTTGAAGATTGACTACTTTCTTCTTTTTACTTTCTTTTTCTTTTTTGGACTTACCGACAACTTAGTTCATACTCTGAACTTAAGACTGGAGAATCCAACAGAAGTCTTCCTCTATTCAGCTATTGGAAGTCAGATAATGAGTAATGTTCCAGCAACTCTTTTCTTTGCAGATTTCACAAACCAGTGGGAACCTCTTCTCTGGGGAGTAAACGTTGGGGGATTTGGAAATCTGATAGGTTCTCTTGCAAATCTACTTGCCTATAAACTTTACGTTGAAAAAGTTGGAAACAGCAAAAAAATCTTTATCAAGTTTCATGTAATTGGCTATCTCTTTTTTATAGTTGGAATTCTTACTTTTTTAATAACAACCCATTTAAAGTAAAAATTCGTTCTTTCATAAAAAATTTCTTAAAACCAGTCAACTTTTATAGATTTTATCAATAAAAAAATAGATTTGCAAAATAGTGTAAACGTATTTAGGAAGGTAAAAGGTAACTATGTCTAGCTATCTGTAAAGATGAGAAAGTATGCCATTTAAGAATTTTAAAGAAAAAGAGAGGTATACTAATGAAGAGAAGAGAGTTTGTTAAAGATTTAATTGTAACTTCTGGCGCAGAATTTATAGGCTTTTCACAAGCTAATCTAGGTAAAAAAACTCACACTATTTCCAACTCGAGAGAAGTACCTCTTCTTCCGTGGGGTTACGTAGAACTTGACCCTGAAGAAGCAATGAAGCGTGGTTATCTTGGATTCCTCGTATCTGAATGCTCGGCAGGTTGTTTTTTGGCTATAACTTCTCTTCTTAGAGAAAAGAAGGGATATCCTTACACACTACTTCCACTTCCTACTTTTGAAGAAATGGTTGCTGCAAGAAAAGCACACAAACACTTACCTCTTCCAATGAAATATGGACATGTTGGAATTGAAGGATATGGAACCATCTGTGGTACACTAAATGGCGCAGCCTGTGCTATTGAATGGGCAGTAGGCCCAAAACTTGGGAAGAAAATTATTAGAAGACTCTTTAGGTGGTATGAAGAAACTGCATTTCCAACTCCACTAACAAATGGATATGCTGTAAACCATAAATTTCCTGTTAAAGGAAAGTGGGATAAACCACTTCCATCAGTTCGTTGTAATTCTGTTCTTTGTCACGTTGTAGTGTCTAAGTGGTGTTCTCTTGCTGGATATGCAAGTGGTTCAAAGCAAAGATCAGAAAGATGTGGAAGAATCACAGCTGATGTTGCAAGACAAGCTGTTATTCTTCTTAATGCTGCGCTAAAAGGAGAACTTGAAAAAGTATTCCCATTCAAGGTAAGTAATGAAACCGCAAGCTGTAGAACATGCCACTTAAAAGGTAAAAAGTTTGAACAAGGAAACTTCTCAAGAGGGTTTATTGCTTGTGAATCATGTCACGTAGAAGATATTAAAGCTCACGTTAAAGCTGCTCCTCTTCCAACAGCCTTTGGAACAAACCTTGGAACATGGATGGGAGCTGCAGCAATTGGAACTGTAGCGGGTATAGGTGCCCACCTTGTAGCAACAAACATTGGCAGAAAAGGGGGCAACGATGAAAGATAAAAAGCCATGATAACTTTAGGCTTGAGGAAAATTTAATTTGACTTTATATCCCACTACGTTCAGATAAAACCTATGGGCAAGATGTTCTTTTCTATTGCGAATTTGCTTTATATCCCACTACGTTCAGATAAAACTATCTCGGGAAACTTATTTGGGTACGTAAAAAACTCTTTATATCCCACTACGTTCAGATAAAACTCCAGCTTTTGCGGTTGATCCTGCTACTGCTACTTCCTTTATATCCCACTACGTTCAGATAAAACTATTGCAGTTCCTCATGATGATTTTAATAAGCAAGTACTTTATATCCCACTACGTTCAGATAAAACTCGAATGGGCTTTACCTTCGCTGATAAGGATTTTCT
CP176813.1_gap10	544589	548763	4174	AAGACCTCCTTCTTCAAAGAGAGCTATCCAGCGGTAGAGGGTTTTAACGGTGAGTTTGTGAATGCCAGCCTCTAAGGCTTCTATGACGTTTATTTTTCCGTTGTTGTATGCCTTTACAAATCTTTCTTTTGCTTCTGTTTCCCTTAACTCTTTGTTTCTTTTCCTGAAAGTCTTGTAAGCCTTTACGAGCTTGTATCTTGCTCTTGCCTCGTTTTTGTGTTCTTCTTCCGCTACTTCAAAAAGTCTCATCCATTCTTTGAGCTGTTCTGTATCTACAACCGAGTGAGCAGGAATGAACTCTTCCGGAACTCCAATAAAGTGTTCAAGGATTTTTGACTGAATCTCTTCGGGGAGATTCTCTACAAGAAACTCTTTCTGGTAACCGCCACGGGTGGGGACTTCTCTGTATGTCCAACTTTCCTCATTTGCTTTTTTAAGGAGTGCAGGTTTTGAAATTTTCAAAATTGAAGCCAGTTCAGGTAAAGAAATCCACTCTGGAAGGTTAATGCTTTCGGTTGCATTTTCGGTCTGGTTGCATTTTTGGGTTGCATTTTCAGAAGAAATTTCGCAGGTTGCATTTTCAGTTGCATTTAAATTGTAGATTGCATTTTTAATACCTTGATTTTCAATGGTTACCTTTGAGTTAACGCTTTGGTTAACGCTTTCTGGATTGGTTGCATTTAAAAGTGTTAACCTGTCTGAGTTAACGCTTTCTGCTGAATTTTGACCTGAAAGTGTTAACTTTTCTGGCTGATTTTCAGCAGTTTCATTTTTACCATCTTTTAAGGATAGATTTTGATTTTCAATTGCTATCTCTGATTTTTTATTTTTGGCTGGATTTTGATTTTGACCGCAGGTTGCATTTTCGAAAGTTGCATTTTTACAGGTGGTTGCATTTAGGTTGCATTTTTGGAGTTTATCTTTGACGTCTGAAGGAAGAGCTTCTACGATATAGTATTTCTTTGGTTTTCCTCTGCCTTCTTTAACTTCTTCATATTTCCAGTTTTCTACTTTTGCTCTTTTATTTACTGCCTGTCTTGAAATGCCGAGCAGTTTAGCGATTTCACCTGCGGTCAATTTCATTGGAGAACCTCCACAGTGGTAACCTTTCCACCTTTGGGGGAAAAGAGTGCTATTTCTTTTCTGGAACTCGTAAAAGGAGCTCGTAGTCTGTAAACGGAATTTCGAGCTTCACTTCTACCTGCCACTCCTTCTTCACAAGTTGCAGGAGATAGGTAAAGCAGAAGTAGAGGAATCCTGTGGAAAACAGAAGAAAGAGAAGTGTTCCAAGAATGGGTTGCAGTAAAAAGAAAATCAGATACCGTGCCACTTTTGAGATAAAAGTTTTGAACTTCATTTTTGTTCCTCTTTTTTTCAGTAAAATTGATAGAAAGAAGGGCAAAGGGGGAATAAAAGACAAGAGTTTGAATATGAGTGATAAACCCTGTTATAAACCCGGAGAGGAAGTTCCTGCACCGGGCATTTACATTAATCCTGTTACAGGAGAAAAAACTAATGAAGACTTCCTCTCTAAATTCTGGCAACTTGGAACACTTATTCATTGTTTTGCCTCTTGTTTTCTCTGGATTCAGAGCCTATTTTGATTAATGGGATGAGGTTTGTTATTGGGATGGAGATTGACCTTCTGAACTCTTCTGTGAGTCCTTTCGGGTCAATCTCTGTCCCACCCTTAAACAGGGCTTTTGCAAGTGTCCTCTCGAAAGCTTTAAGAACGTGGTCTCTGTAGCTGTCAAGAGTTTTTTCAATGAGAGTAACGAGCTCCTGTTTTTCAGGTTCTTCAACCTCGACGTAACCGCAATCGATAAAAATCCTGATACCGCCTGCTGTTTTAGTTGTCTTGATACCGCCAAAGTGAGGACAGTCAAAACAGACACTTCCGTTAATTGTCTTTTCTCTTTTTGGACAGTAAACCATCATCTGAACTGGCATCGGTAGAGTACCTTCCACTCTCATAGCTTTCCTCCTTCTTTTGTTGTGGTAATAGTTGTTTAATAACACTCAATAAGGCTGCTGCATTTTTGTATTCAAAAGAAAAATCCTTTTTGAGGATCTCCAGTATGAATTGACAATATGCAAGGTCTTTTTCATCCTTGATATAAAAATCCCAACAAAACCTATCGAAAGAAGGGATTGCTGATATTGGTAATCGAACATTGAGCTCCGTTAAAAGATCAGAAAGTTTTTTACCTTCTTTGCTGTGTCCATTCAGATACACCCGCATACAAAATCCCATGCTTGTAATTTCAAAACCCACGCGAATTACACCTTTCATGCTTCCCTCCCTGTTGGACTTAAGACTTCCTCTCCAAACTCTTTTATAAGGGCTTCTTTTATTTTTAGAGCCTTCCCACTTTTTGCTGGAATTCTGTGGGTAACGACAGCCTGGGCAAGTTTGTATGAAAAACCTCTTTTTCTGCACCAATCAATGAGGCTTGAGTAGCCCTTCCTCATAAGAGCAATCTTGAGTTCGGTCGAGTATGTGAAAGGAGGTTTCCTCATTTCCAGTTTCCTTAATAAGTTTTAATTAGCATCGTGCTAATTAAATGATAGTCCGATTTTCGGACATTGTCAAGTTTTCTGACATAGGAGGCTTTCATGGACAAGAAGATTGACAAGAAACCTATTGGAGAAAGACTCAAGCTCTTAAGAAAGAAATATCTGAGACTTTCTCAAGAACAGTTGGCTGAGATCTTAGGAGTGAAGCGAAACACTCTTTCTAATTGGGAAAGGGGAGAGAATGAGATAAACTATGAAGCCCTTTCCATTCTCCATAAGAAGTTTGGAGTCAATACAAACTGGCTTCTTTTTGGTGAAGGCTCAATGTTCACAGAAGAGAAAAAAGAAAAACAAGAAGAACCAGAAGCTGAATACATACCTTATACTCAGGCTGGTATAGATAAAGAACTTGCTATTATGATAGCAATGCTTTCTCCAGAGCAACAGGAATCCCTAAAACTTATTTTTAAAGAGTTCCTCAAGAAGGGTGGAGAGAGGCAGTCAAGTTTTTGTTTGGAAAAACAAAAGGAGAGGGGTAATGTGGTAGAGGATTCTCACGATGAGAATATGATAGAATGAAATAAATTTCGCATAAAAATCTGAGATAACAACTTGGATCCTGGAAGAGGTGAGTCATGATATTGCTATCCTTATTGTTTTTGGTTATCGGTATAGGAACTCTTATGGGTTCTTTAGCACCAGAAACGAAAAGAAAATATCCACCACATAAAATCAAGAAAATGAGGATAATTTCTGCTGTTTTCACCGGAATAGGACTTATATTGTTTGCTGGTTCACTCTCTACAGACAATAGATGTCCTCTTAACGTCGGAAGCGAATATATTTAAAAATCAACGACACCATGCTCCCAGTTCCTGCGGCAACTGACCCTAAATATTTGGATTTACACCTTAGAGTTCTGACTAACGACAAAACTCTGACTTTAAAGGAAAAAGTGCTGGATAACGAATTATTGAAAAGGAAAGCAATTGTAATGCTCAAACCAGGAACAAAAGTGGAGTTGGAAGATTTAGGTATAAAGAATTCCCAAGTTTTTATAGAAGAAGGAAAGTACATGGGTGCTATAGTTTATGTAAGAACCGATTGGTTACAATGTGAAAACCAAAAGAATGAATAAATAAGAGATTCTCACGATGAGAATGTGGTAGAATAATCATTGGAAATTAAGCTTTTGGGAGGGAGCAGTGGGATTGCGTTTCCAAAAGCGTAAAAAGTTGGGACTTCTAAACATTTCTCTTGGTAAGAAAGGAATAGGAATTTCTATAGGAAGTAAGTGGGGTTTTACCAAAGAGATATGGTTATAACTGGGGGTGTAATGCTTTCCAACCAAGAAGCCTATGCCCTTATAAGAGAAAAGAAAATATTTATAAACCCGCCAATTGTTAATCTTGCTCACACTAAATACAGGTTTGAAATGGAAAGTGTCGAGCAGAGAAACCTTAAGTTTTTCGTTGACATGGAAGTTAAAGCAGAAACCATCAAGATTAAGCTTTCTGTTGGTGAATATAAAACATGGAAAACCAGTCATAATCATCGTTCTAAAAGCGTAGGAAATATAGGATTATTAAGAGTTGATTTTGGTGGAAAACATGAAAACCCTCCGAGGGCTAATCAGCATGTCCCAAACTGGATAGCC
CP176813.1_gap11	560847	564840	3993	TCTCTCAGCAAGTTCCTGTAGTCCTCTGAGCTGCTCTTCCGTGAGATACATAAACGGTCTTGCCGGGATGGTTACCTCTTCTTTCCTTACAAACAAAAGTTTTGGTTTGGACTTCTTTCGCTTAGCTGGAGGAATGCCAAGTATTACTCTTTTTCTAAAAACAATCTCCCAGCCTTCTCCCTTGAGCTTTTCAAGGTAACCTCTTACTCCCAGAGTTTCTACTTCTCTTCTAACTTTCTTGTCTGCTGGGATAACAAGGGTTTTGCTCTTTTTCGGAGTAATCGTTCCTCCAAAATGCTGAATTGGAGCATACCGCAGATTCGTTCCTGCTATTACTTTCAAACCTTCTACTTTTCCAGCAATAGAATTCCTTAAATGCCCTTTATCTCTTAATGGAGGTTTTCTCCCTTTAACTTTAAGGGTTATAGGAGCATTACGTGGTTCTTTAACATTATCAATATTCTTCTGAATTTCCCGAATAAGGAACGGTTTAATTTCTTCGGGAAGTTCCTTAGCTTGTTCTCCAAACTTCTTTACAGCTTCAACAAATTCAAGTAGCGGTTCCATCATAAGGCTTAATCTACAGTTCTTTCCTTTCCAAAGTGGTAAGGTTACCACCTGCCCTTTCTCTTTGCTCTACTATAAAACCACTATGAGTAAGAAACTGCTACCGGACGTTTTAAAGGGCGACAAAAGAGCAACAGCTCTTGCAGAGCTAATTGAAAAGGACAGGCAAGAGATCCAGGAGCTATTGCCGTTTCTCTTTGTTTATAACCTTTCCACACTCTCGGACTCTGAACTCGAAGACCTTGCCTGGCAGTTTGACGTTTCTAAAACTGCCTGGAAACTTACACAGGATAGAAGTCAGAAGGAAGAACTCGTAAAAAATGCAATCATTCTCAAAATGAAACTTGGAACACCGTGGGCTATCAAAAAAGTTCTGGAGATTTTGAAACTCGGAAGGGAAATACACGAATGGTTTACATACAACGGTAAGCCTTATCACTTTAAAATAGACCTGTTCTTTGAAGAGTTGATTAAGAACGGAATTACACTTACTCCCGAAATTGAAGAAAAACTTTTGAGGCTCATAAATGCCTACAAAAACGAAAGAAGCTGGTTAGAGGAACTAAAGTTTAACGTCTTCTTTGAAAACGAGCAGGAAATAGGAGCAAGCTCTAACCTCTCCACCTTCACAAAAGCCACATTTGAAGAAGACAGTGAAAAGAAAATCCTTATGTCCCAGGATGGAGAATACAAAATCCTCGGAACTGGCATAAAGCCAGTTACTTTCACCACTGCCACTTTCGAGGAAAACAGCGAAAAAGTAATCACCGCTGGAGACGGAATCTCAATCTTCGCTGGAAACGTTACCGCAGATGGTTTCTTGAAAGCTTCCTTTGAATCAACAGAAACAGAATGGGATTTCTCCTCTACTTGTGCAGTTACAGGCAGTTTCAACTCAGTTGCCTTTGTCAGGATTAACCTCACTGGAGGAATTAATGGCAGAAGAAATTAAACTAATTCCGATAACCACAACAGCAGGATTGCAAAAATTCTTTCAGGTTAGTGGACTTCCAGAAGTAAGGCTAAAGCTTACTCACATAGGTTTTGGAGATGCAGGATATACTCCAGAGAAAAGCCAAACAAGTCTGAAAAACGAAATAATCAGAGTTCCAATTGCTTCTGGAAAGGTTTTCCCTTCCGATGGCTACATGGACTTATCTGCCCTCCTTCCAGAAGATGCCCCTGAATTTTGGATAAGGGAAATAGGCTGGTATCTTGAAGACGGCACTCTCGCTTTTGTCTGGTCTCATCCAGAAGTCCCAATTGCCTGGAAAAACAAAAATCTAAAGCTTTTGACTGGAATATCTGTAAGAGTAACAGACGTTCCTCTGGACAAGATAGAGATAGTTGAAAGCAATCCAGACTTGAAACTTCTTTACACGGAAGAGTTTGCTCAAATATCCCGAATTCTTACAAACCATGAAATTGCGATTGTAGCCATCAAGGAGAAAGCAGATGAAGCCATCGCAACTGCTAATGCTGTAAAAGAGGAGCTTGAAAATGTCCATGTACCGAGGATAACTGTATTAGAGGAAAGAGCAGACAAAACAGAGGAGAACCTTCTTTTAGAACAACTCACAGACCAGACAGTCCTTGCAAGAATAGGACAGGCTATTACAACCCTTACAGAAAAGCTGAACCTTGTTAACACAAGTAAACTTCAAGAGGTAGAAGAGGAAATAGACCGAATAGAAAAACTCCTCCAGCAGGTCAAGGATAAAGTTGACTCAGATGTAGTTGCAGGTTTTCAGAAAGAAATAGACAGCCTCAAAAGCCAGGTTGACTCCCTGAAAGACTCAAAAGCAGATAAAACTTATGTTGATAATACTTTTGTAAAAACCACAACTCTTGAAGATTACGCAACTAAAAGCTACGTAGATAACAACTTCACGAAAACAGCAGACTTTGCCACTTCAAAAAGACGTTTTTCCGATTCTTCACCAACCCTTAGAGTAGGAGATTCTATCGTAGTTGAATTTGATGGAACTGAAGCCAAAGTATCTTCAATCTTAGGAAAGGGGATCTACACCGTGGCAGTTTTTGTGGATGACTGCCACGGCAACAACGGAACGCCGGTAATACAGATAACAGACAACAAAGGAAATGTTCGAGAGTTTAAAGCGATTGGAGACGGAACAATCAACGACGACGCATTCTTCCTATTCAGACTTTTCTGCGGAAACGAGGGACTAACTATAGTTGGAGAGGCAAGCTACGACATAGACACAAGCAAGGGTTTTAACAGCACCTATTCTTCCTTCAATCAGCACTTTGGCGTAGATGCTTCAACGGTAAAAGACATCACATTCAAAGTTTTAGACAACAACGGCAGTGCCATTTCAATAGCTGGAAAACTCTCAATAACAAAACTCATATAAGGAGGCAAGTATGGATTTAACACAAACGATACTGGAGCTTAAAGAAAACACTTCCAAACTTGTGGAGAGAATGGCAACACAGTCAGATAAGTGGGACAAGCAGGTTAATGATTTAGTTAACTATGGGAAAAGTAAGATTGATGGATTCATAGCCGGAGCAAGAAAAGAATATCCTGCCCTCAACCTATATAAAAACCCTCTGTTCAAGGGAGAAAAGGGAAAAGACTTTTCCTTTGGTGGCTGGAACCCACAAAAACATAAATACACTTATGAAGCTGTTCCCTGGGATTACAACGATATAACAAAGCAAATGGCTCAAAAAATAGGAAGCATTACTAAGGATGACAAAGGTAATTTGGTTGTCCGTTGCTGTTCAATCATAGGAGAGGCTGGACTCAGATTCCTTAAGGTTCACATGGAGAAAACTCCCAATACAGATGGATATTTTCTAATGTCTGGAGTAAACCCAAGACCACCTATCCATTGGGGACAATACACTGCAATAATTACCGTATTCGGAGTAGGACAAGGTAGGGTTAGAGTTTCTCCAGCTGGGGAACTCGGAAGTGGCGATGTTGTAGTTAATGGTCTCGTTACCCACCAAACTTTAAACGGCTGGCATCATGTAGACACTTTCACCATTCACTTACTTGAAGATGTAGTTGAGTTCTACATTGGACTTCCTGTCCTTACGCCTGGATACGTTGAAGATGCCTTCAAAGTTCTGATAGCAGATATCTATGCCTAAGGGAGGTTTATGATGGAAATCAAAGTTTACAGGCAAGGAGAAAGTATTCCGGTACTTGTTTTTATGGCTAACTCTTTAAAGGACTTGCAGTTGGCAATAAGGTTTATAGAGGAAGAAGATAAGAAAACTGGTGTAACAGCCGTCTACGAAGCACCATCTGCTAAGGATTTAGCAAAGCGTGAAATTTCTTCTATTACCGACTTCTATATCAATCAAAAACTTGGAGAGATAGACGAAGATCTTGCAGACATAACCTCGGAAGCTCAGGTAATAGAAGGAAGGATACTCTACATAGCTGCT
CP176813.1_gap12	566093	570097	4004	ATTAATTACAAAGAGAGGTAGATAATGGCTCCCATAGTTGCTGCTCTTGCTGGGGAAGGACTTAAACTCCTTGCTAAAGTGATAGAAAAGAAAGGCAAGGAAGTGGTCAAAGAAAAATTCGGTGTAGATGTTCCAGACTCTCCAGAAGAACTGGATCCTCAGACATTAGTTAAGCTCAAAGAGATAGAAGTAAAACATAGAGAAGAACTTCAGCACCTTCTCCTTGAAGAAAAAAGAACGTATCTTCAAGATACACAGGACGCAAGAGCAACCTACAGAGAAGTAAGTAAATCTTCAGATGCTCCCTACATAAACAAAATCTTTCCCTCAATTCTCGCAGGCATAACAGTCCTTCTCACATTTGCTCTATTTACCCTCTTTGCTTTTAACAAAGTGGATGGAGCTCAAAAAGATATAGTGATTTACATCCTCGGAGTTCTCTCTACCATAACCACTCAAATATTCGCCTTTTACTTTGGGAGCTCTGCTGGAAGTAAAGAAAAAACAGAGATTCTCAAAAAATTAAACACTGGGAGATAGGAGACATCCTTGAACTCCTGCCGTTCCCCTCCTTTTGTTTCAGAATCCTTCTCTCTTAAAACAAAAAACCTCTTTTTAATTCTGAAAGTAAATGGAGGTTTACATGTTTGCATGGATTGGAGGTAAAAATAGACTTGCTAAGTGGATAATCTCCAATTTCCCGCTCAACTATACAAAAATGACATACGTAGAAGTGTTTGGAGGAGCAGGCTGGGTTCTGTTTAAAAAAGAACCTTCCCTTGTGGAAATTTACAACGACAATGACGAACTACTTGTCAATCTTTTTGTTGTTTTAAGAGACCACTTCCAGGAGTTCAGAAGAAGAGCGTACAGAACTCTCCACTCAAGACGTCTTTTTCAAATGACACTCCAGCAAATTAGAGAAGGTTATTTCAAAGACAACATAGACAAAGCAGTCTGCTATGCCATCGTGATAGTCCAGTCCTTCTCTGGAACTCAAAACAGTTGGGGATACTACATTTCCGCCAACACCAGAAAAAGTAGTAGCACAAGATGGTTACCATTTTTAAGGAGACTCAATCAGATAAGATACAGGCTTTCTACTGTTCAGATAGAATGTCTGGACTTCCGCAAAGTAATCTCAAAATACGACACCCCGAATACACTTTTTTATCTTGATCCTCCCTACGTTGGAAAAGAACATTACTATAGAACTGGATTTACAAAGAAGGATCACATAGAACTTGCTGAGATTCTTAAAACGATAAAAGGTAAGTTTGTTCTTTCTTACTATCCATGCGAGCTGGTTGAAGAACTTTATAGAGACTTCAACTGGCAAACAAAAGAAGTAAGCAAGCCCAGTTATGGAATAACAGAATTTTCAAGGATGAGGAGCCGTCCCAGAGGAACGGAGCTCCTCATAAAGAACTTTTAACCCGCCGTCCCCCTGAAGGGGGACACATAAATTGTATCAAATCCCGCCGTTATTACGAGCGTTTAACATTAAAAATAATTTTCATAAAATTACCTCATGGGAAAAATACAATTAGTGTCTAAGTTTTTGAAGGGAAAAAGTAAAGACGTTCATATTACGATTAATCCAGAACTGTGGAAACTTTTTAAGGATTATTGTGAAGAGCAAGAAGGTATCAAACCAAACCACAAAATATCGGAACTTATCCTGGAATTTCTGGATAAGAAGGGTGTCTTAGAGCAGTATCAAAAATCTCCATCCTCTAAAGGTTCAACATAACCATGTTTTTCAAGCAAAGCTCCAACTGCTATATCGTCAAAAAGATTACTCCTGGCAAGCCATTCTGAATAGCGAAGGTTTCTCAGGACAGTCCTATCCCGACGTGATAAACCCTCATACATATCTTCTCTATTCCAGATTTCCCGAAGGTCTATCAATCCTTCTTTCATAAAAACCTCTCTCTCCTGACGATTTGATCGTATATTCAAGTCTTACATTTATAGAACTTCCATCCTCGTTGATTTCTGTAATCTTTACAGTAGCAATAGAAATTGCGGGAACATTTCTACTAACATCTTTATAGATTGATCCAACCAAAACAGGAACTGTGGTTATTCCCTCGTCAAGATAATCCCAAATACCACATCCATATTCTGGGTCAAGAGTCTTTTCCCCTTTACGTGTCAAGAGAACCATTTCTATCTGCTGGTTAATGTCCTCTATTAACGATGAAAACTCAATGCCAAAAAGTCTTCCACCCATAGTAATTCTGATTTTAATCTTCCTCTGTAACTCTTGCAACTGTTAAGTTAACCTAACAAATTTCTCAACTTTTTCTTTAAAATCAAGAAATAAATGAGAAAAAATCTCGCAAAAATTTCTCAACTATTTCTTTACTTTTTGAAAATTTCTCATCTTTTTCTTGATTTTTTTTACAGTTAGGAGTTCCTATTTCTCACTTTTTCTTTTATGCTTAGAAAAGCCAGAAACTCTACGAAATTTAGCAGTTATATGACAAAAAGAAATTTCTCATCTTTTTCTTTACTCCAGAATTGTATATTCAATTTCTCAAATACTTTTTAATGACTTTATATCCCACTACGTTCAGATAAAACTCAATATCCTCTTCAGTTAAGTTATCCCAATCAATTCTTTATATCCCACTACGTTCAGATAAAACTTCTCCAGCAAATACTACATATTCTTCAGCAAGATGCTTTATATCCCACTACGTTCAGATAAAACAAGGCTATCGGATAGTGGGTGCGTTGCCCACCCAGCCTTTATATCCCACTACGTTCAGATAAAACTTGTAGCCCACAGAAAGCTCGTTACAGTTGATTATCTGCTTTATATCCCACTACGTTCAGATAAAACAGAACTTGGAATCTCTGATACTCAGCTCTACAAAATGACCTTTATATCCCACTACGTTCAGATAAAACGATCGTTACTGTACCTGTTCCAAAGTTTATATCCTCTTTATATCCCACTACGTTCAGATAAAACCCAGTGATTATCGGCATTCACACCCACTACGACTATAGCTTTATATCCCACTACGTTCAGATAAAACCCAGACTTCGACGTCCTCTGTGCGGGATTCCCTTGTCCTTTATATCCCACTACGTTCAGATAAAACAGCTAACGCTTTCATAATCCCTTGCCATATCAAACCCCTTTATATCCCACTACGTTCAGATAAAACGTTGACTATATTTAGATTTAGAAAAGCTTAAAAGGCTTTATATCCCACTACGTTCAGATAAAACCAAGAATTTAGGTTTTTTGAAAAAAATGAAGATTATACTTTATATCCCACTACGTTCAGATAAAACCAAGAAATCCATGTTCTTTTAAGTCAAAGAACCACAATTAATTTTCTAATCATACCAAATCGCAAAAGAGTAGTTAATTGCAGCAAATCATTAGTAAGGTTATTAGAATAATAAAATAAAGATAGTTGTAACAACTATGGTACAAGGGATTTCCTGTTTCCTATTTTGAAATCGATCTACTGCAACTATAGGAACTCATCAAACAAACTTTTTTCTGTGCCAAGAACTCTTTTTCTAAATACATATGGGTTTTTAAGTTCATAAAAATATATAGAGTCGTTATCTTTAATAATCTCTTTGAGCTCTGTCTTGCATCTTGTTAAATTTGAGATATTTATTTCACCTTCAAAGACCGAGTTCTGAACCCAGTTTAAGTACTTTCTCAAAATTTTTCTTACTTTATTAACTCTCTTCACGTCTACATCGTAAGTTACAATCACAAACATCTACCACCACGCTTTAAGAGGAATATAAAGTTCATCTCCTATTAGATGTTTAATCAATTTATAACATTCAAGACGAATTAGATAACGATAGGAAACTTTCCTTCTCAGCTTTCTATGCTTTATAGTAGAGTTTAGTCTATCGTTAAATGCCTTAACAAATTTCTTTCTTCCAGTTTCTGACAAATATGCATAGTTTAGATCCCTATCAAAATCATCTTTGCCTATGATCTTTTTGTTAATCAAAGA
CP176813.1_gap13	574546	575566	1020	CTTTCTACTTTGCTTGTTGTACTCCACCTTTAATCTATTCAGGAAAAACGGATTTTTAACATTGTAAACGCCACCAATAGCAAACAGTGGATTTAAACTTTCCATTCTTCCCTTGATGTTCCTGTTTAGAACCTTTAAAACGTCCAGCAACATATTAACTCTTCTCGCTTTTTCCTTAGGATCAAGATGAATATCGTCGTTGGGATCTTCTCCAACTCTGTCAAGTTCTACTGTTATCGTGTAAGTGTATAAGGAACTATGGTGTTCAAACTGAAAAGGATCAGGAGTGGAACCTGCTCTCTGTGCGAAATTTAAGTTTGTTCCAAATTCTACATCCAAGTTCATAGGTTCTAAAGCTATAGCTGGTGTAATTCTTACTACCGCTGGTCTTGTAATAGATCCTTTATTTTTTTCCGTTTTCATATAACCAAAAAGATCTGCTTCTACATAATCTTTTATGTTAGCTTCTGGTTTAAACTGCACTACGTCGTTCTGGGGAGTTAATGGTTCATCTTTATCATCCATGTTAAAAATCTCTTTAAGCAACCTGTAAATATCATACCTAATAGCCTGTCTTGACTCGTAAGAATAAAGTTCACCACCTTTAGAAAGTTTTTTAAGTTCAGAAATGTTTCCAACTCCTTCACCGTAGTTCAAACTCATTGCGTCAAAAATAATTGAAACTGTCAATCCTTTTGGTTGTAGATCAGCCATCTTACTCTACCTCCCCTTTTTCTTTTCCAAGTAGTCCATTTAAAAAGCTGTATCCAATTGAATAAAAATTTTGTTGGTTAGAAATTGTCTTTACGAAAGAAGAAGGTATTTTTTCTCCATACGCCATGTAAGTTCTAATGAGAACATCCATAAATTGGTTTACATTTCCAACTCTCAAAGCATTGAGTAGCCTGTAGGCTATGGATTGAATCTTGTTTTCTGCATTAGAATTTCTTAACTTCCTCGCTGGGAGTGTCCATAGAACTGTGTAAATTCTATCATGCCTCTAACCTCTCTTCGAAAATC
CP176813.1_gap14	576601	577491	890	CCAAGGAAATCTTCAAGCTCTGCTTCTAATGCTTCTTTTAGTGTTTGTTGGATGAGCTTTCTAAGATCATCCTTAATGAGTTCTGGATCATATCTCTTTTTCATGTGTCCACCCTCCTTTAGGTTTAATTTTTACACACTTGGGTGGACACTCCCTCCTCGCTAATTCTTCACCTTTCCTATAGATATACCATAGTTCTCTATCTTCTACGCCCACGGTTTTCCCTCCAAAAACTATTTGGTTTAAGAACTTACTAACGATGGTGTTTAACGTTTGAAGGTGATAAGTTTCAAAATTGACTTTGTAGTATTCCGATTTATCTTTGTTAAGATATAACCTAATTAGTTTGGCAAGATATGAGTAATCCAAGCCATTGCTTAGTAACCTCTCTATAACCTCTGGAAGAACTGAAAATCTTTCTTTCTTTATATCGTAATAAAGCTTTGATAACTTCTTAAGGTTTTCCTTATTATCCTTAAAGAATTTAGCTTTTTCTTTTGAAAGATTGAAAGAATAAATTTTTGGCATTGTTTCATTATTTAAATCAAGCTCTATGACTGCTACATTTTGAAGAGTATATTCTGCCTTTTTTTGTTTCTGCTATTAAAATCAGCTCTGTGAAAAACTCCAGAAGAAAATTCTCTTTTGCATCTCTCTTTAAGATGCTCTCAAGCAATAAATTTTCTTTTAATAGCTCTTCGACCGAAGAATCAGAATTAACAAAGTAGAAATGAGTTTTTTCATTTTTCCTGACTGGAGTTAATCCAGCAAAATATGAAAAGTAGATAATTTCACATATATCACACAACGGAAGTTTAGATTTAAAATTCCACATAAAATTTACGCTGTCTGGATTTAATCCGTAAAATTTAGATATTCCTGTATCAAAA
CP176813.1_gap15	581108	583939	2831	GATATTTCGTCATCCGTTGTTCTTTCTTTATATAGTTATGAAGAGCTTTTTAGAGAAAGAGCTCCTATAAAAAAAATTATCTTGATTGGAAGACTTACATTTCCCTTTGAAGATGTCTTAGGTAAGATTTTCCCTATTCCTATTGAAAAGCTTGATGGAAAAGAAATGATAGGCTTATCAGCTGTTAATCCTATCTTTAAAGTTTCCCTTAGGAAAATAGATTTTCCGTTAGATGGTCGTTTCCCGAATTTGAAAATTCCTTCCTTAGATTCTAGTGATGAAGTAAACGTTTCTCTTTTAAGAAAGTACTACAATAAGCAAGATTTAAAAGGAATTTTTTTAATAGAAAAATTAACAGAAAAGCAACTTTCAGACAAAGAAAAAGAGCAGTTCATTTTTGAACTTCTTTCTATTTTGAAAAGGAGTTCTTACAGAACTAAAGAAAGTATTCTTTACTTAAACTACGCTATATCTGCTCTTTCAAAACTTGATATTCCCGAAAACCTATTCCAGAAAGTTTTAGAAGAAATGATAGAAAAAGCTTTTAATTGGTTTTTACCTCTTGAAACAAAAATGAACATACTTTATTTTTGTTATAAATTTTCTGATAAACTTAAAGACGAAAGATTTAAAATATTTTTACCTCTTCTTCTCACGTATATAAGAGACAAAAAGTTAACAGAAGGAGAGAGGAATTTCATTCGAACAGCAGTTGAAACAACCTTTACTAACATCAAGATTTCTTTAAGAGGACAAGATGAAATTAGCAGAATTTCATAGAATGTGTCCAAACTGTGGTGGAATAATATCTGATGAAAGACTTAAAGCAGGACTTCCATGCGAAAAATGTTTACCAAAGGAACTTTTCTATACAAATAGAAAAGAAATATGTAATGCTCTTGGGAATAAACTCCAAGATTTTAAGAAAATTTGTCTTTTAGATGAATTTACTGAAAATTATGTAAAGTTTTTTAAAGAAAAAACAGGCTTTACTCCTTGGACTCTCCAAGTTATGTGGGCAAGAAGAGTTGCTCTTAGTAAATCTTTTACGATGATTGCTCCGACAGGTGTTGGGAAAACAACTTGGGGACTTGTTACTTCTGCTTATTTAAGTGGAAGAGTTTATATACTTGTTCCAACGAAATTACTTGTTCTTCAAACTGTAGAAAAACTTTCAAAGTTAACCAACAAAAAGATAGTTGCTTATACAGGAAAAAAGTCGGAAAAGGAAACAATACAATCTGGAAACTTTGAAATTTTAGTTACGACAACAAATTTTCTTTACAGAAACTTTGAGATAATTCCTAAACCTTTTGATTTTGTTTTTGTTGATGATGTGGATTCTCTCTTAAAAAGCGCAAAGAATGTGGACAAAGTTATCCGTCTTTTAGGATTTACAGAAGAAGATATAAGTATTGCAGAAAAAGTTTTAGAACTTAAATCCTTAGTTGCTAAACTTGGAGAAAAATTAGATAAAAAACTTATTGAAAAATTAAAAAAACTTGAAAATTTTCTTGAAAAAAGAAAAAGCGAAATAAAAAACGTTCTCGTTGTTTCCTCTGCAACTTCTCAACCAAAGTCAAAGAGAGTTAAACTGTTTAGAGAGCTCCTTGGTTTTGAAGTTGGAAAATCTGCAACTGCACTTAGAAATGTTGAAGATGTCTTAATATATACGGATAAAGATTATCTTGAAGAAACAGTAAAAATCATAGAAAAGTACGGAAAAGGAGTTTTTGTCTTTATTTCGGAAGACTTAGGTAAGGATTACGTTGAGGAAGTTGTCGACTTTTTAAATAAGAAAGGTATTTCCACAGTTTCTTATGAAAACTTTTCATCTGAAAATCAGGAAAACTTTATTGACGGAAAAATTCAGGCAGTTGTTGGAATAGCAAGCTACAGAAATCCTCTTGCAAGAGGAATAGATCTTCCTCAAGCAGTTAGATATGCAGTTTTTTTGGGTGTTCCCAAATTAGAGTTTAATTTAAAACTCTCTTTAGCACCGGTTAAACTTTTTGGAATTCTTCTTGTTCTAAGGGAATTAATAGAAGATAAAACTAAGGTAATGTCTTATTTAAGCTACTTAAAAAAATATCTAAGTTTAAAGGAAGAACTTCTTGATAAATATCCGAAAATAAAGGAGAAATTAGAAGAAATCAAAGGTTTTCTTGAAGGTTATCTTAGTAACAAAGAGTTTTTAGAAAAGGTTAGAAAATCTGAAGATGTATCCTTAAAGGAAAAAAATGGAGAGCTCTTTGTCGTTGTTGGTGATGCTACAGGTTATGTTCAAGCTTCTGGAAGAACGTCAAGAATGTTTGCAGGAGGGCTTACAAAGGGCGTTAGTCTTATGCTTGTTGATGACTTAAAGGCTCTCAACTCTCTAAAAAAAAGACTTTCCATATTTCTTGAAGATTTAAATTTCAAAGTCCTTGATTACGATAAAGGAAAAGAGCTTACAAAAAAGTTTGGTTTTGAATTAATAGATGAAGAAAAACTTAACAAAATTTTTAAAACTGTTGATGAAGATAGAAAAAGAGTTAAAGAAATATTAGAAGGCAAGATAAAAGCAGAAACAAAAAATCTTGTAAATACTGCTCTTATAGTTGTCGAATCTCCAAATAAAGCAAGAACGATAGCTAGTTTCTTTGGAAAACCAGTTAGAAGAAAAGTCTTAGATATTGATGTTTATGAAATAAACATAGGAGATAGACTACTCCTTCTAACAGCTTCAAAGGGACACGTTTTTGATCTTACGGTTAAGGATGGTTTATGGGGAGTTAAAGAAGAAGAAAGCAGTTATATTCCAGTCTACGATACTATAAAGTACTGTACAA
CP176813.1_gap16	597188	598693	1505	TATTGTAAAGTCTCTTCTCATCAAATCTTTTTTTAGTGGTGCCATGTCAACTTCAGGTAGAGCTCCAGGAGCTTTATAAACTTCTGTTCTTGCAGAGGCAAAATCAATTCGAAAACCATCAGGAAAAACGACTGTAGCCGTTTTAAATCTTTCAAATGTGTGAACTTTTGCATTTGCTTTTTTGGCAATTTTCTTTGCAAACTCTGTAGCATCCCCTTCAATAACTATATCTACGTCAAAGTTTTTACGCCCTAAGATTAAATCCCTTACAAAACCTCCAACAATGTAAGCATTAACTCCAAACTCATCTGCAAATTCTCCAATTTTTTTTATGAGAAATAGGAGTTCCTTAGGTAAACTTTCTTTTAGCTTTTGAACTATATTTTTGTACTTAGGTGACGATAGAACTCTTTTCTCGTAAAACTTTGAAATATTAGAAATTTCATCTTTATAAAGATTCATAAGAATATCTGTTCTTGTAATAACTCCGATAGGTTTTCCATCTTGAACAACAGGAACAAAGCTCTGATGTCTATCTATTATTATCTTTTCTACATCACCGATAGGTGTTTCAGGAAAAACTTGTAAGAAATCTCTCTCCATAATCTCAAAAATAGGTTCTTCCTTAAGTCCCATATATATCGCTTTATCTATTAAAGTTCTATTAACAACACCAACTATATTTCCCTTTTTATCTACAACCGGAGCAGCATTTATACTGTTTTTCATAAGAGTAGTTCTTGCTTTCTCAATGGAAGAGTCAAAAGAAACAACAATAGGAGGATAAGTCATTATATCCTTTGCTTTTTTGAGAGGTTCTACAACTTCTTCTAAGACCTTTTTTAGCTCTTCAAGAACCTCAAAAACAGTTTTTCCTTTTATAGAAGCTGACGCTGCTTCTACGTGTCCCCCACCTCCAAAGTATTCTGTAACTTTTGAAACATCTACCTTTGGTGTCTTTGATCTTCCTATTAAAGATACACTTCCCTCAAACTCAAGTACAGCGATGATAGCCGGCAAACCACTAATTTCTAAAAGTTTACTAACAAGCGAAGAAATGTCCTTAATGTAAGAATCAAATCTTTTATAAGTAATTCCGATTAAGTTTCCATGGACTTCCGTTATCTTCAAGTTATCCTTTAAGTTTTTAAGTATGTCTAACTCTTTATCTGAGAGGTCTGATGGTAGGTACTTTTTAACAAATTCGATATTAGCTCCTATAGATACAAGATAAGCTGCCGCTAAAAAATCTATAGGAGAAGTTGAAGAAAACCTGAAGTTTCCAGTATCAGAATAAATTCCTGCTAACATAACAGAAGCTTCAATTGGAGTGGGCGTGATTCCCTTGCCTTTTAATAGAAGAACCATAAGTGAAGTTACAGAACCTGAAGCTTTGTAATGATGCTCAATGTCTTTAAAGCTAAACTCTGCAGAGTGATGATCATAAACAATTGTCTCAACGTTTTTTTCTTTTATTAGTTTTCTTATGCTATCAGGAATTCTAT
CP176813.1_gap17	600254	601644	1390	ATTTATAGAATCTTTGTTTATCTTTCAGAAACAAGAGCTATTCAAATCTTAATAGGTCTTTTAGTTCTTTTAATGTTTAGCGTTATAGCAAAGTTTTTTCACTTTTACACCCTGTCCTTTATATTTAACAATTTAATAACAATAGGAATATTTGCACTAATCGTTATTTTTCAGCCTGAAATTAGGAGAATTCTTGCAAGGATAGGGGAAAAGCAGTTTGGTATTTTTACCACTGAAGAAGAAGCAGAAAAAGTTATAGAGGAAATAGTTAGAGCTTCTGCTTCTATGTCTGAAGATAGAATAGGTGCTTTAATTGTAGTAGAAAGAGATATAAAACTGGATAATTATATTGAAGCAGGAACGTTAATAAACGGAGTGGTTTCTAAAGAGCTCCTCATAACTATTTTTTGGCCTGGAACACCCCTTCATGATGGCGCAACGATAATAAGGAAAGATAAGATATACAAAGCAGGTGCGTTTCTTCCCTTATCTTTAAACCCTCATCTTCCCCAAACTGTAGGAACAAGACATAGAGCAGCCATAGGAATTACAGAAGAAACCGATGCAATAGCAGTAGTTATTTCTGAGGAAACAGGAGCTGTATCTATTTCGTATGCAGGAAAATTGATAAAAAATCTTGATCCTCCAAAACTAAAAAAGGTACTAAAAGGACTGCTTGTTAAAAAAGCTAAGGAAAAGAAAAACTTTGTTGACTATTTCAAGAGGAGAAATGAAGAAAGCTTTTGATTTTATCTTTTATAAGTTTCACTATAAGGTACTTGCTCTACTCTCTGCTATCTTACTTTGGCTTCTTGCCACAAACAAAGAAATTACAGAAGCTGAGTTAAAAGTTAAAGTAAGCCCTCTTTCTAGGGGAAATTATAAGATTATTGATTACTTTCCCAAGGAAATAAATCTTACTGTAGAAGGTTATAGAAAAGATTTACTTATTCTTAAGGAAAAAAATTTGGTTAGGATTCTTTTACCAGAAAAGATTCAAACTAACGAAAGTGGAACTGCTTTAGTAAAAATAAAGAAAGATAAGCTCTTGCTTCCTATATCTTCTGTTAAAGTAAAAAAGATCGATCCAAACTATTTAAGAATTAAGGCTGAAAAGCTAATAAAAAAGGTAGTTCCTGTAAAACTAGAAGCTATAGGAATAAGAAAAAATCTTAAACTTATTCTATCTCCTAACTATGTTATTGTTTACATTCCTGAAAAACTAAAAAATAAAGTACATTTTGTTAGAACAGAAAAGATTGACTTATCAAGTATAAAGGGAAATGCAGAAATATATCTAAATATTGTTAGCAATTATAAAGTAGAGCCAAGCAGGGTAAAATTGATAATCAGGAAGAACAGGAGGTAGAATGAAAGCTCCAAAGAGAAA
CP176813.1_gap18	602745	606433	3688	AAAGAACCTAAGAGTGAAAGAAAAGAAACCTATAGAGAAAATGGAAGGAGTTAGTAAAGCAATAGAAGAAGCAGGAAAACAACTTAGTGGAAGAGGAAGAGTTCTTGTAAGATATTCAGGAACAGAACCTCTTATTAGAATTATGGTTGAAGCAGACAGTGAAGAGCTAATTGAAGAAATGATAGAGCTCATAGAAAAAGCATTAAGAGAAGAAGGTATAGTTGAAGAATAATGTTAATAGGAGGTGAAATGAGACAGCTTCTAACCGTCTTAGCTTTGTTTCTTTTTCCATTAAAAGTTCTTGCAGATACTTACGGAGCAGAGATTCTATATGACCATACTTTTATTAAGTTTTTCCCCGATGGAAGAAAAATTTGGAAAGAAGAAAGAGCAATTAAAATTCTTGACAAGAGAGGAATTAAGGACTTTGGAGAAATAGTAATTCCATTTTCCACTGAACACCAAAAGCTAAAAATTCTTTATGCCTACACGGTTTTACCTAACGGTAAAATAGTAAAACCAGATAAAAAAGCTTTCAATATCGTATATCCTCCTTTTGTATCGGAAGCGCCAATTTATTCAGACCTAAAATATCAAACTATCTCAATGCCTGCAGTAACTAAGGGAGCAATAATAAAGTATGCATTTGAAGTAGAAACCGTAAAACCTTATATGAAAAACGAGTTTTGGAGCACAAACTTTTTCCAGGATGAATATCCAATAAAAGAAGCTTCTTTTACAGCCTACATTCCTAAAGGTAAGTACTTTAAGTATAAAGAATATAACATGACAGAAAAACCTCAGGTTAAAGAGGAAAGTAACTATAAAGTCCTTAGTTGGAAACTTAGAGACATTCCTCCTATAGAGAAAGAACCTAATATGCCTCCAATGGGAGAACTTGTTAAAAAAGTTGTAATTACTTCCCTTAAAAACTGGAACCAAGTTGCTAAATGGTATTCGGATCTTGCAAGAGAAGCTATTGAACCTGATGAAACAATTATAAAAACTGTACAAGAAATAACTGCTGGAAAGAGAACACAAGAGGAAAAAATAAGAGCTATCTATAATTTTGTAGCTCAAAACATAAGATACGTCGGAATGGAGTTTGGAATAAATGGTTATAAACCCCATAGAGCTTCAGAAATCTTGAAAAATAGGTATGGAGACTGTAAAGATCATGCAACACTTCTAATTTCAATGTTAAAAGTCATTGGAGTAAAAGGTTATCCCGTTTTAATCCCTACACTTAGTACTCCCAACATGGATCCTGAAGTTCCAATTCCTACAGCCTTTAATCATGAAATAGCAGCTATAAAAACTGAAAATGGTTATCTTTTCATGGATACAACCAGTGATGTTACACCTATTGGTTATCTTCCTGCTGGAGATCAAGGAAGAAGAGTTTTAATTGTAGATGTTGAAAAAGAAGAAGGGAAAGTCTCAGAAACACCTATAGCCCCTTCAGAAAAAAATGTTGAAGGCTTTAAAGGAGAATTTAAACTTCATCCGTTTGGAAAATTAAGCGGTGAGTTCACATTTACTTATAGTGGTGTTTACAGCGAATTTGAAAGAAGCAGACTTTTATCACTTTCTCCTGATTCAACAAAAAGGCACGTTGAAGAATTAGCCTCAAAAGTTTCTCCAGGTTTTGATGTAGACAGCTTTAAGCTATCAAACTTTAAAGACCTTAACATTCCAGACATTGAAGTGAAAATAAAAGGGGAAGATACAACTTATGGAACTTTAACTTCTCACCTTTTAATGGCAAAAGTCCCAGCTCCTGATTACAGCAGGATTGTTTCGTTAGTGGCTTCAAAGAAGAGGAAGTATCCTTACGTTATTGGATATAAGATGACAAAAGAATCAGTAGTAAAAGTAGAGTTACCAAAAGGTTTTGAGCTATATCTAAAACCAGAAAACTTTTACTTTGAAAATAGAGTTGGTTCTTTTGAAATAAAGTGGAAAATAGAAGGAAAAACTTTGAAGTTTCATTCAAAAATGATTTTAAAGAAAAATGTAGTACCTCCTGAAGAGTACAAAGACTTAAGAGAACTTTTTAACACTACTGTAAAAACGTTAAGAAATCAAACAATTGTTCTTAAGAGGAAAAGTTAATGATAGTTTTAGGAATAGATACTTCTTGTGATGACACTTCTATAGCAGTTTATAATGGTAAAGAAAATAGAATACTTTCTAATATTGTTTCTTCTCAGTATCAATTTCATCAAGAGTTTGGAGGAGTAGTACCTGAGATTGCAGCAAGAAAACATGCAGAAAATATAGATATAGTTTTTAATGAAGCTTTAAAGGTTGCAGGTATTGAAGTTAGTGATATAGAACTTGTTGCTGTTACAAGAACTCCCGGTCTTCTTCCTGCTCTTTTAGTTGGAGTTACATTTGGAAAGGGCATTGCTTACTGGAGGGAAATTCCTTTAAAAGGAGTTCACCACATCGAAGCTCATATTTTCTCTCCTTTTATTGGTAAAGTTCCTGAGTTTCCTTTTTTATCCTTAGTTGTAAGTGGTGGACACACACTTATTGTCTTAGTTGAGGGACTTGGTAAGTATAAGCTCATTGGAAAGACTCTTGATGATGCCGTAGGGGAAGCTTACGACAAGGTAGCAAAAATGCTTGGTTTGGGATATCCGGGAGGTCCCGTAATAGATAAGATTTATAAAAAGTATGATGGAGACTTTATAGATCTTCCAAAACCAAGAGCTCCACAATTTAACTTTAGCTTTAGTGGACTCAAAACAGCAGTTAGAAGACTTATAGAGAAGGGATATCCGGTTGAACAAGTAGCTGCTTCTTTTCAGAAAACGGCAATTGAGTATCTTACAGGAAAACTGAAAAAAGCTATTAAGGAATTAAAAGTGAAAAAAGTAGCAATTGCCGGTGGTGTTTCTGCTAATTCTCTCTTAAGAGAAAGTTTAAAAATAATGCAGGTAGAGAAAAACTTAGACCTCTTCCTTCCTGAAATGGAATTTACATCTGACAATGGAGCAATGGTAGCGTATGTAGGATACAGGAAGTTTTTAATAGAAGGAGAAGATAGTTTAAGTATGAATGCCGTTGCAAGGAGCTCTTTGTAAGGAGGCTTTTAAATGAGTAAGTCCATACTTTTATTACTTGTTTTGTTTTTCTTCTCTCTTAAAAATTCATACGCTGTAACTATTTCTCAACTAAAATCTCTTATTGATAGATATTCTCTAGAAATTGGAATAGAGAAAACCGCTATAGAAAAATCAAAACTTCTAAGAAAAGCAACTTTCCGTTCTTATTTTCCAAGAATTAGTCTAACTGGAGAAGTAGATGAGTTCTATCCTTACACAGGTTTTTTTTCAAAATCTTGGAACCAGCAATATACTTTGGGAATTTCAGTAAGTGCTAATCCTTTAAATCTTCAAAGAAATGTTCAGCTAAAGGTAGATAAGTATTCTATCGAAGTTAACAAAGATGCGTTAGAAAAAACGAGATTGGAGCTTTATTCTCAAGCTATTAATTATCTCCTGAAATTGAAGACCTTGGAAAAATTGATTGAAATAAGAAAAGAGCTTCTTAGAAGCAGCAAAGAGATATTAAAAATTTCCGAAAAAAAGTACAAAAATGGATTAGTTCTCATTACAGACGTTTTAAAATCAAAGGCAAATGTTGAAAAGGCAAAAACTTCTCTAAGAAATACAGAAAA
CP176813.1_gap19	609319	612644	3325	TTTGCTCTAACTTATGGAATTGTTAAACCAATGATGATTTCAAATATCCAAACTTCTAAGTTTTCTGCTGTTTTTGGTGTTGGAGAAAACTGGCTTCTTTCCTGGGATTACAGAATTGAAATGGGCAGAGGTTTTACATTAAATGACCTAAAAAACCTTAGAAAAGTTGCAGTTGTAGGACACGATGTTAGCGATTTCTTCTATCCTGGGCAAAATCCAATAGGAAAAGTTATTCTAATTGGAAAAACACCTTTTAAGATAATTGGAGTCTATAAGAGAAAAGGAAAAACTCCTAACGGACACAACCTTGATAATAGGGTTTTCATTCCCTATAGAGTCTTTGATAAAGTGGTAGAAAAAACGTTTAACAGAGTGTCTATTATAAGATTTAGGGTTCTTGACATTTCACAGTACGAAAAAATAGTCAAAGAGACAAGACAAATTTTATTGAAAAACCACAAGCCAGATGAATTCACAATAATAACTCCTGTTGTTGTTAAGAAGTTTCTTTCAATGCTTTCTGCAAGCTTTGCTCTATTTTTGGGAATAGCTTCAACTACAGCTCTTGTAGTAGGCGGTTTTGTTCTTTCTTCTATTTTTTACATAAATGTTTATGTAAGACAGTGGGAAATTGGTCTTAGGAGAGCCTTAGGAGCAACTAAAAAAGCTGTTTTATTAAGAATTCTCTTTGAAAGTGTTGTTATATCAGTTGTTGCTGCTTTCATTGGAAGTTTTGTTGGTTACTTAGCAGTTCACTACATTTTACCGCTTCTTAACGTTCCGGTAGTTTATCCAGTAAAAGCCTTTTTCTTAGCTACGATATTCTCAATTATCGTTGGTCTTCTTGCTGCTTATTTCCCTGCTAAAAAAGCTTCCCTCTTTGAACCTGTAAAAGCCTTAAAAACGAAGGTGTAGAATGGCTGTTAGATCTCTTGTTGCTTACTTCAAAGAAAATAAAAAGAGAATGATTTTATCTGTGATAGGAGTAGCAATAGGAGTTTTTTCTCTTACTTTCATGATGGGAATTACAGGAGCTTTGAAACAACAGGTTTTAAAAGCTCTTGGAAATCTTGGTTCAGATGTCCTTGCTGTAATTCCAGGAGAAGTTAAAAATCTTGGTGGTAGAACTATTCAGCTTTCATTTTATCCAACTTTAACTTTAAAAGATGCAGAAGCAATTAGGGAAAAATGTCCTTCTGTTAAAGCAGTTTCTCCGTATAAACAGGTTAGTCCTAACGTACACTACGGTGGAAAGTCGGTAAAGGCAGATGTTTTTGGAGTAAATTCTGAATATGTAGAAATTGCAGGTTACACACCTTTATGCGGCAGATTCTTAACAGAAGAAGACATTGAGGAAATCTCTCAAGTAGCTGTTATAGGAATAGAAGTTGCAAAAGAGCTCTATAACAAAACTTGCCCTATTGGAAAAGTAATCTACCTTTTTAATGCTCCTTATAAAATTGTTGGAGTGATGGAAAAAAGGGGTACAGACTTAAGTGGAGAAAACCTTGATGAAAGAGTTTATATTCCAATAACTTCTGCTGTTAAGAGAATCTCAAACGTTGATTACATTGATGGAATCTATGTTCTGCCGTTTTCTTCAGACCTTATTTCTGAAACAATAAAAGAAGTAGAAGGACTTTTACTCAAAAGACATGGAAAAAAAGATTTCACGATAAGTAGATACGAGGATGTGGTAAACACAAAAAAACAGGCAATAGAAATATTTTCAAAGCTTTCAATAATTGTTGCAGTCATAGCTTTTAGCGTAGGAGCTCTCGGAATACTGGCTGTTATGACACTTTCTGTTTATGAAAGATTAATAGAAATTGGAATCAGAAGAACCTTTGGTGCTACAAGATTTGATATTTTTAAACAATTTCTCATCGAATCAACTGTCTTGTCCTTATTAGGAGCTTTTTTTGGAATAGTTACTGCTCTTTTAGTAGTTACTCTAATATCAAAAATAGCCGGTTGGGTAGTTTACATACCTCTTAAAGGAGCAATAATATCTTCCATACTTTCCATACTTATAGGTCTTCTATCTGGAATCTACCCTGCAATCAGAGCAACCTCTTTTGATCCTAAGGAAGTTTTAAAAGAAAAGTAAAACCGTTCTAATTTCCTGCTAATTTATCTTCACTTTCTTCTTCCTCAAAAAGTCCTTCTATAAATTCATCTGGATCAAACTCTCTCAAATCCTCTATTCTTTCGCCGATGCCGACGAACTTGATTGGTATTTTTAGGTCATTGCAGATTGCTATAACAATTCCACCTTTTGCTGTTCCGTCAAGCTTTGTAAGAGCTATGCCTGTTACATCTGTAATTTCCTTAAAAGCTCTTGCCTGAGAAATTGCATTCTGACCTGTGTTTGCATCAAGTACTAATAAAATCTCGGCAGGTTGTCCAGGAAACTCCCTACCAATTACTTTTTTGATCTTGTGGATTTCTTTCATCAATCTGTCTTTATTGTGAAGCCTTCCTGCCGTATCAACTATTAAAACATCATCCCCTTTAGCTTTAACGCTTTGGATTGCATCAAAAACAACAGCTGCAGGGTCGGTTCCTTCCTGCCCTTTTATGATTCTTACTCCTGCTCTTTCAGCCCAGACTTCAAGCTGTTCAATGGCTGCTGCTCTGAAAGTATCTCCTGCTGCAAGGACTACACTGTGGCCTTTGTCTTTTAGTTGCTTTGCAAGCTTTCCAATTGTTGTTGTCTTTCCAACACCGTTAACGCCAAGAACAAGAATGACAGAGGGTTTTTCTGAAATATTGAGAGAACCTTTACACTTTGAGAGCATCTCTTTAAGTTTTTCTTTGAGGAGCTCAAGAAGCTGGTCGGAGCTCTTGATTTTTTTCTTCTTTGCCTCATTTCTCAAGTAGTCTATTAACTCTAAAGTTGTATTTACACCAACATCAGCAAGGATAAGCTTCTCTTCCAGCTCTTCAAAAAGAGATTCATCTACTTCCCTACCTTTAAAAGCTGAAAGACCTAAAGCATCTCTAGTCTTCTTTAAACCTTCTTTAAAGCTCTTTAGTAGTTTTGAGCCAGAGATTCCAAGCTTTTCCTCAAGTTCTCTCTTTTTAACCATAAATTCCAGCTTGTAGTTTTCAGGAACTTTTTCCTCAATCTCTTTGAGTGCTTTGTAGGCTAAGTCGTAGACTTCCTCTTTTGTGTAGATGGAAGCAATGTAGTAGTTTGAAAGAAAAGAAAGAGTGGAATCTTGGCTATTTCTGGCTACATCGTAAAGGTTTCTTGCTTTTTGAAGATTTCCTTTATATTCCTCAACAATTCCTAGTAAAAATGAAGCGTACTCTTTACCAA
CP176813.1_gap20	617077	620439	3362	GATAGAAGCTTTTTCATTAAAGTTTTGTATAGATTTTTTAATTTTTGACTTATAGTTACAGGATACTCTTCTTTTCTATGTATATTTTTGATTCTTTCCGGAAATTTATTAAATTGATAAATGAAATAATCTCTTATTTCATTCAGGGAAGGAAGTTCTTTTACAAGATTTCCATTTTCAATTATTTTCTCTAATAGAGGCTCTCCAGGAAGTTTTTCATCAAAGCTACCTACTACATCACCATTTTTTTGCCTAAAAACCTGCTTCCTTCCTGGATACATCTTTTTTCCTTTACTTGTCTTCATTACAGGTTTTTTATCAAATTCAACGAGCTTATAAACGAAATCTATATAAGGAACATCAGCAGATGTTCCCACTCTCGTGCCAACTCCAAAACCGTCAACAATAGCGCCTTCTTTCAAAATTTCATCTATTTTGTACTCGTCAAGACCACCACTTACAATAATTTTAACGTGATTTAATCCAGCTTCATCAAGGAGTCTTCTTGAAATTTTTGAGAGCTCAACTATATCACCGCTATCAAGTCTTATTCCTTTCAGTTTGTAGCCTTTAGATTCCAGTTCTTTTGCAACTTTTATTGCTTTTTTTACTCCTTCAATGGTATCGTAAGTGTCAACAAGAAGAACTGTATTATGAGGAAATGTTTTAGCATAGGCTCTAAAGGCCTCCTCTTCTGAGTCAAAACAAGTTATAAAAGAGTGAGCTACAGTTCCTACAACAGGTATTTTGTGGATTTTTCCAGCCAATACATTGGAAGTAGAATTAAATCCAGCAATATAACTGTTTCTTGCAACTTTTAAACCTGCATCTATACCGTGTGTTCTTCTTAAAGAAAAATCTGCAAGGAGTTTTCCTTTAGAAACAGAAAAAACACGAGCTGCCTTTGTAGCTATCAAAGAAGAAGCATGAATTTGATTCATGATAGCCGTTTCAAGAAGCTGAGCTTCATAAATGGAAGCTTCTACTCGAAGAACGGGTTCGTGTTGAAAAAAGAGAGTTCCTTCTTTCATGGAATAAAGATTTCCAGAAAATCGATACTCTTTCAAAAAGTCTAAAAACCAATCAGGAAATAGCTTTAAAGAATAAAGATAGTCAATATCTTCTTTTGAAAAACGCAAACTCTCTATTAGATCAACGATTTCTTGAAGTCCTGCATATACTAAGTAATTCCTTTTTTCTGGGAGCTCTCTAACAAATAGTTCAAAAGCTGCCCATTCTTTCTTGTTGTTATCTAAATAAGCGCACATCATTGTAAGCTGATAAAGATCAGTAAAAAGAGGAGAGAGCTTCATTATCTGCTCCTTTTTACATCTCGTTTGTCACAGTATTTTTCAATTGGACACTGAGAACATTTTGGGGATGTTGGATGACATATGTGCTGTCCTAACGAAACAAGAAGGTCATTTATTTCAATCCAATAATCTTTTGGCAGTTTCTCTCTAAGAGCAAATTCTGTTTCTTCGGGTGTTTTTGTATTTACATAGCCAAGTCTATTTGAAATTCTATGAACATGCGTGTCAACACATATACCTGGTTTGCCATATCCCAAGGTAACGACTAAGTTTGCCGTTTTTCTTCCAACACCTGGTAGTTTTAAAAGCTCGTCTATTTCATCTGGTACTTTGCCATTGTACTTTTCTATAAGTATTTTACATATCTCTTTTATACTTTTAGCTTTTCTTCTGTAAAAACCTACAGGATAAATTAAAGAAGCTATTTCTTCTTCTTTAAGCTTTAACATATCGTAAGGGTTATCTGCAACCTGAAAAAGCTTACTAGCTGCTTTAGCTGTAATTTCATCCTTTGTTCTTAAGCTAAGAACAGTGGCAATAAGTATTTTAAAGGGATCTCTTTCAGTTTGTGACATAAGAGAAACTATAGGAGTATTCCACTTTTTCGTTTCTTTTCTGAGAATGTTGACTATATCGTGTATAGAGTCATCTTTCATTTTAGAAGTTCTCCTTCATAAAGGAGTGAAGCTTTATAAGTTTTCCTATTAAAATTTCAAAGTCTTCCAAATTCAGCATGTTAGCTCCGTCAGAAAGAGCTCTTTCAGGTTTAGGATGAATTTCAAAAAAGAGCCCATCAACTCCAGTAGCAATAGCCGCACGAGAAAGATACAGGACAAATTCCCTGTCACCTCCACTAACTTTCCCAAGTCCACCGGGCCTTTGAACTGAATGAGTAGCATCAAAAAGAACTTTTACTCCAAAGTTTTTCATTATTGGAATAGAACGAAAGTCAACAACTAAGTTATTGTAGCCAAACGTTGTTCCTCTTTCGGTTAGTAAAATCTCTGAAGCACCACTTTTTCTTAATTTTTCAACAACATTTGCCATATCCCAAGGCGCCATAAACTGCCCTTTTTTTACATTTACTATCTTCTCTGTTTTTGCAGCAGCAACAATAAGATCAGTCTGACGGCACAAAAAGGCAGGAATTTGGACTATATCTACAACTTTTCCCACAATTTCTGCCTGCCAAGGTTCATGGATATCAGTAGTTATAGGGAGTCCGAACTTTTCTTTCACTTCGGATAAAAGTTCAAGTCCTTTTTCTATTCCTGGTCCCCGATAAGAATCGATTGAACTTCTATTGGCTTTATCAAACGAAGCTTTAAAAATCCACGTGTGCTTGGGGTATTTATTCTTTAATTCCCTTACTTTTTTTGCTACTTCAAAGACTGTATCTCTATCTTCAATTACACAGGGACCAGCAATTATGAGCATCATTCCTCCATCTTTTCAATTTCCGAAATCTTATTTATTCTTCTTTCATGTCTTCCACCATCAAATGGAGTCTCAAGCCACACCTTTACGATTGCTCTTGCTAATTCCTCTCCTAAAATTCTTCCACCAAGACATAAAACATTTGCGTTGTTGTGTCTTCTGCTCATCTCAGCTGAAAACACATTGTAACAAAGGGCTGCTCTAATTCCCTTTACTTTATTAGCCGCAATGGAAATTCCAATTCCCGTTCCACAGATAAAGATTCCTCTATCTGCTTCTCCGTTTACTATTCCTTTGGCAGCCTTATAGGCAAAATCAGGATAATCTACAGACTCCTCTGAATAAGTTCCATAGTCGATATACTCTATTCCAAGTTCTTCAAGGTAAGCCTTAATAGTTTCCTTTAAACGAAAACCACCATGATCACAAGCAAGAGCGATCTTCATTCTCAGCCTCCAAGTTTTGTTTGGAGTTCAAATTATACTTTTAATATGGGATTTTTGACATTGTGTATCTTAGTTTTCCCTGAATAAGAAAGAAATTTTGATTCCCGAAATCTAATTACTTCAGTTTCTCTCTTAATGTTCCTTCAGTAACAGGCCCCATAAGGAC
CP176813.1_gap21	623662	627856	4194	CTTACGTAAATAATGCCTTCGTTTGCTCCTATTGTGTAACCACAAATTATCATTCCTTCTATTATCATATGAGGGTCAGATTCCATTTCGTTTCTGTTCATGTAAGCACCGGGATCGCCTTCGTCAGCGTTGCATATTACGTATTTCACGTCACTTTTTTCTTTCTTTGCAAATTCCCATTTAAGACCAGTAGGAAATCCAGCTCCTCCTCTTCCTCTTAAACCTGATTTTTTTATTTCCTCTATAATTTCATCGGGATTCATTTCTTTAAATGCTTTAAAAAGAGATTTGTATCCACCTACTGCAATGTATTCTTCTATATCTTCTGGATTTATAATACCTGAGTTTCTTAAGACTAATCTTTTTTGATATCTGAAGAAATCGATTTCATTCCAAGTTGGAATTTCTGGAAACTTTTCTCCGTAATCTATAAAAGAAGTAATGTGATCCCATTTATCTATTTGGAAAAATACCTTGGGAAATTTGTATTCGTCATCGGCAATTGTTTTTAATATTTCATCTACATCTTCGGGAGTAACTCTATGAAGAACTACTATGGCTTTACCAGGAATTTTTATATTTACAAGAGGTTCTTCTTTACAAAAACCAATACAACCAGTTTTAGAGAGGTCTACTTTATTTCCTAGTCCAAATTCCTTTATTTTTTTCTCTAATAGATCGTATAAAAGAGCTCCACCTACAGAAATACCACAAGTAGCAAGTCCTACACTAATACGTATTTTGTTTTTTGGTTTAAGCTTCTTTAATCCTTTTTCTGCTACCTTTTGTAAATCTTCGATAGAAACTATTTTCATTTTTCTCTCCATCCATATTCCTTGAGTATCTTAGGAAGATCATTAACCGTAACGTAACCATAGATTTTGTCATCTATTCTGATTACAGGTGCCATAGAGCAGCATCCAAAACATCTTGCAGCAGTAAGAGAAAAACTTCTATCGTGAGTGGTAAGGAAAAATTTAGAATCTTCAGAAACTTCATCTTGTTTTATTCCAAGAAGACGTTCTAGAGTCTTTATAAGTTGAGGAGCTCCCTTTACATGACAAGGAGTTCCTGTACAAACACTGATGATGTGTTTTCCTACAGGCTTCAAGTTAAAAAATGAATAAAATGTAGCAATACTATAAAGCTGGGAAAGAGGTATATTGAGCTTTTCTGAAACGTACTCTAGTGCTTCTTTTGAAAGATATTTATTTTTTTCTTGGATATCTTCTAAGATACTTATAACTTTTCCTGATGGATTTTTATATTTTTCGATTATTTCGTCTATTATCTTTTTTTCTATTGTTTTTTCCATTTTTATTTTACTCCTTGCCTGAATGTGTAAAAAGATATAAAGGAGGAGGTTCTTCCTCCTCCTTTAAGCCCTTAATTAAATACCTAAAGCTTTTCTCTTAGATTCTATATGGTCAATTAAAGTTTTTGCTGCCTTGATAGGATCTGGCTCTACGTAGAAAGCACCACCTACTATATTCATTGCATCTTTTGTTAAAAGTTTTGTTACTTCTACGCTTCCTACAGTTGGAGGCACTATTCCAAGGTGAGTGAGAATTCCTGATGCAACAAAGTAAGTTCCTATACATACAGCTTTTTCTGTCATTGCCTCTGGTGCAGAACCTGCAAGAGGAAGGTCTGAAATGTCAACTCCAAGGTCTCTTGCCATAAGATCTGCAAGAACTAACATCCTTGAACAATCGACACAAGAACCCATGTTAAGAGCAGGAGGAATACCTAACGCCTTGCATACACTCTTTAATCCTTCTCCTGCCTTTTCTGCATATTCTGGCAAGAATATTCCGTGCTCTGCACATGCAGTTGCCCAACAACCAGTTCCTATGATAAGAATATCATTCTTAATTAGTTCATCTGTAAGAACTATGTGATTGTGGTTGTGTCTTATCTTTGCGTTGTTACATCCAACAATTCCAACAACACCACGAATTTTTCCAGAAATTATTGCCTCTTCAAGAGGTTTGAGAGTTCCTCCAAGCGCTTCTAAAATAGCTTCTACTGAGAAACCTCCAATAGCTTCTGATTTACCTTTAGGAATTTGGACTTTGTCTTTATTTCTGTTAGGGAAGTTTTCTACGGCTATTCTTACAATTTCTCTTGCTATTTCATCAGCTCTCATTTCATCAAACTTAACGTGAACTGCTCCTGGGAAAGTAGCTAAGCTACTTGTATCTATAATCTTTGTATGGAAACATCTAGCTACATCAACTAACGAAGGCATGATACACTGAACGTCAACTACCATTGCCTCAACAGCACCTGTAACGATTGCTAATTCTTGCTGAAGGTAATTTCCTGCTATTGGAGTTCCATGTCTCATAAGGAGCTCTAGTCCAGTACAACACATACCAACAGCATTTATACCTTTTGCTCCATATTTTTTCGCTAATTCAATCAGTTCAGGATCTTGAGCTGCTTCAATGATTTTCTCTGAAAGAACAGGCTCGTGACCATGTATAACAATATTTACATAGTCTTCTTTTAAGACACCTAAATTTGCCTCTCCTTTACCTATTTTTGGAGTTCCAAATAGAATGTCTTGGAATTCTGTAGCAATAAGAGAACCTCCCCATCCATCTGCAATGGAAGTCTTTATACCATGGGCTACAAGGGAAAGAGGGTCATGATCAACTCCCATGGTAGTTCTATGCATTGCTTCGACGATTTCTCTATCTATATTTCTTGGTGCAACTCCTGTTTTCTTCCATACTTCTTTTCTTTTTTCGTTTGCGTATGCATCTGCAAATTTAATTATTTCTTCATCTTGCTTACTGAAATCTCCTAAAGCTATTTCTACCAAGTCTTTTGCTATCTCTTCTGCTTTTCTTCCTTCTACTGGTACTCCAAGTTTTTTAGCAACGTCTTTAAGTTTCTTTTCATCCTTAATAGGATAAGGAGCTCCATGCTCTAACGTTTCCTTTAGGGCTAAAACTACATGTCTTCCATGATCTGAGTGACCAGCAGCACCAGCAGCTATAGCTCTTACCAAGTTTCTTGCTACTATTGTTTCAGCTGTTGCTCCACAAACTCCTTTCTGAGGGCCATTTCCAAATGGATCAATTCTACAAGGTCCCTGCATACAAATCCTACAACAAACTCCAAGCTGGCCGTATCCACACTGTGGAAGTTGAGCTTTTAATCTGTCCCAAATTGTTTCTATCCCTTCTTTTTCTGCTTTTCTTATCATTTCCTGTGTTGCTTTATCTATGGACTTGTCCTCAGGCTTCCAACCTTTAAGCATTTTACCCTCCACTTTTATAGATATTTAGGATTTATCTGATCTTTTAAGGTTTTTGTAACCATTTTTGTTACTTCTTCTCTTCTTTCTCTTATTAAGTCATTTACATCTCCAAAGATGAGAGCTCCAGTTTTACAAGCCTCAACACATGCAGGTTTTTTACCTTCCTTTTGTCTATCTATACAGTTATCACACTTTACATTTACACATCTTCGAACAGTATAAGTTTTCTCAAACGTTATAATACCGAAAGGACATGCAATAGCACACATACTACATGCTATACACTTTGCTGGATCTACCAATACAGATTCTGTTTTTTCGTCTCTTGAAATTGCATAGGTAGGACAAACTTCCATACATGGGGCAGGATTACAGTGTCTACACTTGTTAGGAAATGTTAGTAAGTCCTTACCAACTTCTACATGAATACGCGGTTTAGAAATGACTTCTTCTGAAAGCATAGAAAACAAATCCTTTGACAAAGAGTGTTCAATGGCACATGCTATTTCACAGTGTTTACAGCCGATACACCTTTCAGAGTTTACAAGCACTGTGTTCATTTTTGTCCTCCTTCTTACCTCTTCTCAATTTTAAAAGTTTATAAAAAAAAAAGATTGTGTCAAGAAATATCTCTAAAAAAAGAAAAGTGTAAATAATTTTTATAAATCATCTTATTGAATTGTTAATAAACAAACTATGGTAATTAAAAAAAAATATCACTTTCCTTTCATTTTTAGAATTAGTTGAGAATATTGGATTTAAAAAGAGTAATACGGCGATTCGAAGTTCTCTTTTCTTCTTAATTTGGTTTATCAGAGAAGAAAGAAGAAAAAACAATTTTTTTATCTTTTGCAAAATTTATTATATTTAGCGTTATAATAAAAGAAATAAAAACATTTTAACCAAACATCTTTTGGTCTACA
CP176813.1_gap22	699545	702773	3228	GACACTTGCCAAAGCTCTTGGGAACGGCGTTCCAATTGGGGCAATAGTTGCAAAAGGTAAAGCAGCAGATGTTTTAAAACCTGGACTTCACGCTTCAACTTTTGGTGGTAATCCCCTTGCTACAAGAGCAGGTATTGAGGTTATAAAGATTATTTCAAATGAAGAATTTTTAAAAGAAGTGGAAAGAAAAGGAAAATATCTTGCAAAAAAGCTTGAAGAACTTAAAAGAGAATTTCCCGAGATAATTGACTTTGTAAGGGGTAAAGGATTGATGTTAGGAGCTGTTTGCAAAATATCCTGTAGTGACATAGTGAAGTCAGCTCTTGAAAAAGGACTTATTATTAATTGTACGGCAGGAAATGTTTTAAGATTTGTTCCTCCTCTTGTTATAACAGAGGATGAAATAGATTACGGAATAAAAATTCTTAAAGAGGTTTTAAAAGAGCATGCAAGTTAAAGAAACGACTACATATACTCTCTTTGAACTTGACGAATTCCGTCAGGAGCTTGTTATTGACTCTCTTAATTTCTTTATAGATAAGGTAAAAAAACTCAATCCACCTCTTTCTGCTATTTATCCAGCAGATCCTATAGCTTTACCATTTTCAATGTATTTATCAGACAAACTTTCCATTCCAATAAAGACAGAAAAGTTTTTAAATAGAAGCGATAGAATTCTCATGGTTTTCTCATACATGCCTTTTAAGTATTTAACAGATACGTATCTATACGAAAAAATTAGAATTTTTAGGAAAAGTTTTCCTTATTCTCCTTCTCTTTTAATTGCTTCAAGCGAAAAAGCTGAAAACGTTGATTTTCAGCTAATCAAGGTTAAAAAACTTCAGAGAATAAACTCCTATAGATTTTTAACAGAAGGTTTTAAAAATTTCTACTTTCCTTTAGAAGGAGAATTCATCCACTTTACACAAACCCTTTGGGATCTTTCGAAGAAAGAAATAAAAACCTTTGAAAAGGCTAAAAGAATTAGGGACAGTGCACAAAAGTACTTAAGAGAAGAAGTTATTAAATTAGAACCTATTGAAAACTATATAGAAATAGCAATTTGGGAAAAATTTCAGAAAAATCTTCTCGTAATTCCTCAAAAAAAAGAAAAAGAAGAGGAGTCTTTTAGCTTAAAAATTGAAAAACTAATTCAAGTATCGGACAGTATTTTAAATTCTGCAGTTACTTCCCTTCTTGAATATCTTGCTCAAAGTTTTGAATATATTTTTCCTACACATCTTGCATACTCAAACTTAGAAATAATTGAAAGAAGAGGAATTACTATTATTCCTAAGGTTACACAGGTTATGGATGGTGTAGATGTAAAATTGGAAATTGTTTTAAAAAGTGAAAACTTAGAAACCGATTTTAAAAAGTTAGTTGCAGCTTTAAAGGATACTTTAAAAATTTTCTTTGAAGAAATTTTTAAAAGAGAAGCATTCAGACCATCCATGGATTCTATGGTGGAAAAAGAAACAAGTAAAGCAATCGTTTATCTTAACTGGTTTTTAGATAGAGAAATGATTGAAACTTTGTATAAAAAGATAAATAGAAAATGGTTGTTAACTCGACTTTACTATCGTAAACAGCTAAAGTCAAAGTTAAGAGAGTTTTTTAAACTACTAAAGGAATTTAAATTTTCTCCTGAAAACTTAGAAACTCTTTTTTCTTCTCTAGAATCTCTTTGGAAGAAAAATCATCTAATTGTAAAGCTTTATTCAAAAGAAATAAAGAACTTGTTTGAGAGGAAAAACTTATGGCCTCTTATAGGTGTTTATGGTCTTAAATTGGAAAATGCAAATTCTCCTCAGCTAAAAGAACTTTTACATTTCCTTCTTTCCTTAAAGAACTACGAAAACCTTCATCAATTCTTAGCAAAGGAAAATAGATATTTTGTTCCAGTTAAGACAAAAAGGATATATAGACCAAACTGGGAAAGAGTAATTAGAGAAAACCAGGACATTTACCTGAAAGCAGAACCTCTTAATCCTCAAAGTCCTGTTACCTACACTTTACACTCTGAAGATGGTAAGTTTTTAGGAGTAATTCCAGAGATAATAGCTCATTATATTACTGCAAAAGAAACCACAGGTAAAACTATTAAGTGTCGGGAGCTCTATTTTGACCCTGACATCTTTTCAGATACCTCTTACTGGGTAGAGATAGAATGTCTTTGATAGTTGAGAATTTATCTATTAGAACAAACCAATTTCAAATCATTAAAGATGCTTTTTTTAAAGTAGAAAAGGGAGAAAGAGTTGCAGTAGTTGGGGAAAGCGGAAGTGGAAAATCTATCTCGGCTCTTTCTATTTTAAAGCTTCTTCCGGAAAACTTAAAAGTTAGTGGAAACATAGAAGTGGACGGCACAAATGTTAATTCCCTTAAGGGCGAAAATTTAAGAAAGTTCCGCTGGAATAAAGTTTCAATCGTTTTTCAAGATCCTTCTGCTTCTCTTAATCCATTGATGAAGATAAAAGATCAAATAGGAGAAGCTCTTTTATACCACAAAAAAGTTGAAAAAAAGGAAGTAGATAAAAAAGTTGTAGAACTTCTAAGACTAGTTGAAATTCCAGAACCTGAAGAAAGGATAAATGCTTATCCTCACCATCTTTCCGGTGGACTTAAGCAAAGAGTCGCAATAGCAATGGCTCTTGCCTGTAATCCAGATTACATTCTTGCTGATGAACCAACAACTGCTCTTGACGTTACAGTTCAATCAAAGATTTTAGAACTACTAGAAAAGCTCTCTATCAAGAAAAATACAGGTATTCTTCTTATCACTCATGACATGGGAATTGTTGCTGAATTTTCACAAAAAGTCTTTGTAATGTATGCAGGTTATACTGTTGAAGCTGGAAAAACAGAAGATATATTCAAAAGTCCCCTTCATCCTTATACTAAAGGGCTTATAGAATGTTCACCTATTTTAAATGGCGGGAAAAAAAGGAAACTTTTTTATATTCCTGGTAATATTCCTGAACCCTCAGAAAAAATCATTGGCTGCCCTTTTCATCCAAGATGTCCTGAAGCAAAGGAAATCTGTAAAAGAAACATACCTCCTATTTTAGAGATAAATGGTAGAAAGGTAAGATGCTTTCTTTACTTTTAAGAGCTCCAATCTCTTATTTTTTCTAAAACTTCCTTAGCTACCTTTCTTGGTATTCCTATTTTTACAAGTTCTTCTACACTTGCTTCTGCGAGTTCTTTAATATCTGGATAAAATTT
CP176813.1_gap23	704958	707776	2818	GCCTTCTACACTTTGGATAGGTATTTTTTGTCCACTCAGGATTAAGTTTTTGTGAGTAAACAGAATGTGCTGCTGAAAACTCAATTACTTTTGAAATCTCAAACATATCTTACTCCTTTTCTGGATAGAAATTTATAAATGTAACAAGAGTAGTACCATATCCTCTACGTTCTACAATCCATTTTTCATCATCTGGAAGAAATGGTGCATTTTTTGGCTCCTCAAGGATTAAAAGTCCATCTTCATCAAGAAGATCAAAGTTTTTTACCATATTTACAATTCTTGTGTAAAAACCCTTTTCATAGGGAGGATCTGCGTAAATAAAATCAAACTTTTCACCTCTTTTGGCAAGCTTCTTTAGAGCATTAACATAGTCATCACAGATTATCTCGTATTTTCCTCTTTCTACACCAAGTTTTCTTAAGTTTTCTTCTATTAGATTACAGAACCTCTTATCATTTTCTACGAAAACGACCTTTTTTGCTCCTCTACTTATGGCTTCTATACCAACATTTCCTGTACCTGCAAAGAGATCAAGGAATTTAACTCCTTCAAGATAATTATTGAGAATAGAAAAAACAGATTCTTTAACCCGTTCAGTTGTCGGTCTTAAAAGCTTTGTATCAGAACGTTTAGGAAGCGATTTTATTTTCCTTCCTTTATACTTTCCACCAATTATTCTCATTCTATTCTCCTAAACTATATTGATAGAAAATAAATTATGTCCTATAAGAAAGAAGTGTTAATTTTTGAAAAGAAGGAGCACAGGATGAAAAAGATTCTGTCTTTACTCGTTTTAACTTTCTTTTTTGTAGCTCCAGCTTATGGAGACGAAAAATTAGATTCTTTTCTAGAAAAACTAAAGTCTATAAAAACACTGAAGATTGTCTTTTCCCAGGAAACTAAACTTCCTGTAGCTGGGGACACTGTTGATCTTTATGGTGGTGTTATTTATTATGAAAAACCATCAAAATTTCGCTGGGAATATACAAAAGGAAGCGATATTTATCTTGTATCTAATGGAAAGTATTTAGAAACGGTTTTCCCTTCTGATAATCAGTGTCAGATAACAGAGCTTGACACTAAAAGTGAGCTCTTTCCCCTTTTTCAAATCTTCAACAATCCTGAAAACTTTAAAAAGCTTTTTGAAATTGTAAAAATTGAGAAAAGTAGAAATTTTGAAACTGTAGAGCTAAAACCAACTTATGAAAATTCTATCTTTGAAAAAATTATTCTCCTTATAGATAAAAACTGTAATTTAAAAGCTTTTAAAACTGTTCAAATAGACAAAACTTTTGCCACCTACGTAATAAAGAGCTGGAAAGAAAACGTAAAATTTTCAGAAAACCTTTTTAAAATTACTCCCTGCTCTTTAAGTTCTTCAAAATAAGAACTTTGATTTCTGTTTTTGCCTTTTCGACTTTTCCGTTTAAGTAGTAGTAGTAAATAAGAGTGATAACTGCAACAAATATACCTAAAGCTGTTGCTTCAAGAGCTAATCCTATCCCTTTACTAACCTCAACTATATCAGAAACTCCTTTTTCTGCCATTGTTACAAATGACTCCATTATTCCTAAGACAGTTCCTAATAGTCCTAAAAGCGGTGAGGCAGTAATGGTAAAAGATAAAACTCCCTTTCCTCTTGTAAGCTTAGAAACAAAGGTGTGATAATATGTTTCTACTTCTGTTTCCTTTAAGCCTTCAGTTTCCTTTAAAAGAAGTTTTTTTTCTGAAGGAAAGGCAAAGAGAAAATAAAGAAGTCTTTCTATAAACACAACCGTTGCAATAAAAAGAAGAAAATATAATGCAAAGAAAACGGCCTTATGAGCAATTTCCATTGAGAAAGCCAACTTTTCCTCCACGATCAGTTTACTGTTAAAATAATTACGATAAATTTTAATACAAAAAGAAACTTTAAGGATGGTAGGTGATGTTTAAATTCAAAGATGAACCTGTAGAGGAAAAGCCTCAACTCATAATTGTTCCTATGGTAGACGTCATGCTGTTCTTGCTTGCCTTTTTTGTTCTCATAGCTGGAAGTATTATCCCTGGGCTTGCTATAAAGACAAATCCTCCTGAGACAACTCAGAAGACAAAAGTTAACATAAAAAAAGAAACTGTAACTATTACAATAAAGAAAGATGGTTCTATTTATTTTAAAGAAAAGAAAGTTAGTCTTGAAGATTTAAAAAGGCTTTTAAAAGAAGCAAAAAGGAAAAATCCCTTGATCTCTGTTGCTATAAATGCTGACAGAGACTCAAAAGTTCAGCTTTTAGTTAGTGTGATGGATACAGCTCAAGAAGTCGGAATTAACTCAATTGGTTTAATTGCAAAGGAGAAAAATGAAGGTAACCGTTAGATTTTTATTAGCCTTTGTTTTGGCTCTTTTTTTGGAAGCAGGATTTATCTATATTGTAAAAAACCTTCATAAGCCTCATAAACAAGAGGTAAAACAGGTAATCAAAATATCTCTTTTAAAGAATGAACAAAAACCGAAAGTTTTTGTAACAAAGCAGAAGAAAATAGTTAAAGAACCTAAACAGAAGAAAAAAGTAGTTATTCCTAAGGAAAAGCCTAAAGTTGTTACAAAGAAACCTCAAAAGAAGATTCCTCAAGAAGAAAAAAAGGAAGTTCTGGAAAAGAAAAAACCCGGAGGTCTAAAGCCTCTTCAAGGTAATCTTCCGGCTTACTATGTAGATGCAATAAAAAAAGCTATTGAAGAAAACATTTTTTATCCTTTAGAGGCAATAGAAAGAGGAGAGGAAGGAGTTGTTTCAGTTAAATTTGTTTTAGACAAAAGTGGAAAGGTTATTAAGTG
CP176813.1_gap24	715606	718160	2554	TATTCCAAGAACTGCACAAGCACCAGCTTTATCCGACTTCATCGTTTTCATAAACTGTTCTGGTTTTATGTTAAGTCCACCACTATCAAAGGTTACACCTTTCCCAACGATTGCAATTTTCTTTTTAGGATTCTTAGGTTTGTAAGTTATATGAATAAATCTAGGAGGATTTTTACTTCCCTTTCCTACTGTAAGAATTCCAAACATTTTGTTCTTTTCTAGTTCCTTTTCCTTAAAAACTTTGCACTTGAAACCGTACTTTTCGGAAAGCTCCTTTGCAATTTCTGCAAGCTTTTCAGGAGTTACTACATTTCCTGGTTCATTTACTATATCTCTTGTAAAGTTTGCAGCTTCAGCCAAGACATAACCAGATTCAAAATCTTTTTTATACTCTTTTTCACCAGCAACAGTTACTTTTTCTAATTCAAACTTTTCCTCTTCTTTACTTTTGTATTTATTGAAAGAATAATTGCCAAGTACAATTCCTTCTGCAAGAGCTTTTGCAGCTTTCTCTTTTAGTTTATCCGCACCAAAAAGTTCAAAGACTACTTTTTTAGCTTTTATTCTCTTTGCACTCTTTATTCCTTTTGCTGCTGCAAGTCTTACAACATCAGTCTTAAGCTCGGTCTTTTTACCAAGTCCTACATAGATTAGAGTTTTAAAGTTTTCTGTGCTGGGAACAGTTACAACTTCTCCTAGCTTACCTGAAAAGTTTAAGCTTTTAAGCTGAGTTACTTCTTCTTTTGTAAGATTTTTTAATCCTTCATAAACTCCAATTACAAGAGCATCTCCTTTCTTGTTGGCAGGAAGTTCATGAGTGTATGTTATTTTCATTTCTTGCCTCCTCTTTTAAAAAATTCTGTTTCTTCAAAACCAGTTTAATTATAAACTTTAAAGTCAAAATAACCACAGGAAAAGCATAAGTTAAAATATTCCTTAAAAAAATTTATCTTTACAATGGAGATAGAATGAAAAGTATTATAGCTATAATGATAATGATTTTCTCGTTTTATAACTCAGTAGCACAGGAATGTCCCCGTTTTTCAGAAGTACAGGCTATACTTAATAGAACACTAAAGACACCTTTCACTATTAAAGAAATTAAAAATTTGAAAAGCTTTTCCGCTTGCAAAATTTCTACACATGAAGGAGAAACCTTCTTTTTATCCTATGATAAAAGGTTTCTAATAGAAGGAATTTTATTAAAGATTCCTTCTTTTGTCCTTTCTTTTAAAGACTATGGTATTTTAAAAAGGAACGTCCTTTTTTCTATTGGAAGTGGTAAAGAGATAATTGTCCTTACCAATCCTTTATGTAAAGCTTGCCAAGAAAATAAACAAAAATTAACTAAATTGGCAAAAAAATTCCGTTTAAGCTTTGTAATGGTCGGTTTTAGCAAAAAGGAAATAGCCGCTGCTTCTAACGCAGTTTGTAAGAAAAAAAATATTAATGATCTCTTTAATTTAGAAGAAAATCTAGATGTATGTGATACAGGAAAACTAAAGGTTTGGACAGTTTCAGATATCTTGAGAAGATATGGAATAACAGGAACTCCTGTTTTTGTTTTTCCAGATAGAAAAGTAGCAGTTGGTATTAGTGACTTTGAAAGAATGTTAACCAAGTTCACACTTCACTAATTTATTTATTGGTGGAGGTGGCGGGATTCGAACCCGCGTCCGGAGATGCGGTTCAGGTAGCTTCTACACGCTTAGCCTGTGTTTTGCTCTCTCACTCCAGGGTTAGCCCACAGGCAGGCGCCCTGGAGCCAGCCTTCTCTTTTCTCGGCTACCACCTCGAAGGCAAAGGTGGTAACCCAGCCCATCTCTCTGGCGCCCTACCCGGAACCGATGGGCTAAGCTCCGGGGGACGTCGCTGCGTTAATTAGGCAGCGAGAGCAAGTTCTTCGTTGGCAACTATCTTGGGTGCCTTTTTTACGAGGTTGGCTCCTCGGCGTGCCACTACCTGAACCTTTGCATCCCCGTCGAAACCAGTCACCCCCATATTCTACTGTCCAAAACTAAATATATGCTCGATTTGCAAATTTGCAAAAAATATAAAACCCTCCCTTTTTAGGGAGGGTTAGAAGATAGAAATACAAATCTAATTAATAAACTGTTATTTCCTCTTCAACAAGTTTTTTCCAAGTATTTTTCATCTCAGAGAGACAGTCTTTAACGATAGTATCTATTCTTGATTGGAAACTTTCAGGTTTTTCAGAAGTTCTTACCTTTACATCAACAGCAAGCGGTTCATTAACAGGTTTACCAATCTGACTAACCATATAGCAGTAAGCTTCTTCTATTTCAGGAATATTTTCAATAACAGCTTTGGCTATTTCGTTTGCCGTAATGTTATAAAGTTTTCCAACATGAGTTATTGGATTCTTACCGGCTGCAGCTTCAAGACTCATAGGTCTATACGGAGTAATAAGACCATTTACTCTGTTACCTCTTCCTACTTCTCCATCATCACCAGCTTCTGCAGAAGTTCCTGTAACAGTTATATAAACGTTTTGGTTTTCTACGTCGTCACCTGTATTAACGTATATCTGAAC
CP176813.1_gap25	913173	914115	942	AGATTCATAAAACTCAAGAGGAAAATAGCCAAGCTCCACGAAAGGATAAGGAATCAGAGGGATGACTTTCTCCACAAGCTAAGCAAAAGGATAATCGGCGATAACCAAGCCGTAATAGTGGAAGACTTGAACGTTAAAGGAATGCTGAAGAACTCAAGACTTGCAAAGCACATAGCAGATGCAAGTTGGAGGAAGTTTGTCCAGTTCCTTGAATACAAGGCGAAGCTGTATGGTAGAGGGTTAATCAAGGTAGACCCGTTCTACCCATCATCAAAACTGTGTAGCAGGTGCGGACACAAGAACGAGGAGTTAAAACTCTCTGATAGGAAGTGGACTTGTCCTAAATGTGGAGCGGAACACGACAGGGACATTAATGCAACACTAAACTTGTTGAAAGAAGGACTCACCCGCCTTAAAAGGGTGGTAGGGGTGGACTGCCCCGAACTTATGCCCGTGGAGGGTGCAGTAGCACCCTGTGAAGCGGGAAGTCCCTCACTAAAGTGAAGGGATGAGGTCACATCTTATTCTTAAAGCTCAAAGTTAACTGTTATAATGCAATTATTAAAGAGATTGCACAAGCGAAAAAGGAATATATTTTAGTTTATTTGATTTTGAAAACTATAGAGAGAGGTAAAGTGTATGTTTGAAACAAAGGTTCCGATGAGAAAATGTTCTTTTTGCGGAAGAGATCAGTCAAAAGTGGAGGCTCTTATAACAGGTCCAAACGGTGTAGCAATATGTAATTTCTGTGTCGATGAATGTTATGAACTTATCCATGGAGAAGGGGAAAAGAAAAAAGGAGCTCCAGTAAAAGTTGATAAGCTTCCAACTCCAAAAGAAATAAAAGAGTTTTTGGATCAATACGTTGTTGGTCAAGAAGAAGCGAAAAAAGTACTTTCAGTTGCAGTCTACAATCACTACAAAAGAATTATGTCAAACGAA
CP176813.1_gap26	956951	958843	1892	CTGTAGGACTTGCGACTCTGAACTCACGGGCCTGAATTTCCAACCTCACTATCCTGTCTATGAAATCTTTTATCTTTTTAAGTTGTTTTGAGGATAACTCCGGCACTATTTCAGGTTTCAGCTTCTGCTGGTGAAAGTGATTGTGTATCTCTTTTTTCACGTTCCCCATAAGGGAGATGAAATTTTCCCCTCCACTGATGTTCATGGTTAGAAATTTCTCAACTTCCTCATCTTCAAGAAGCCTCTCAAGCTGTTCCAACTTCTTTTTAAGCTCAGACATTTCCTCCTCCCCTATACTATTAGGGCCTCTATCAGTTTCTCTGCCTTCTTTCTTATTTTCTCTTCAATGGTTTTAAGGGCCTCGTCTTCTTCAAGAAGCTCAATCAATATCTTTGCTAACCTGACCCTTTGTTTCGGAGACAACCTTATTCCTTTGCCCTTCTCTAATTTCCTAACAATTTCCAAGGCGAGTAAAACAACTTCCATTTCTTCTTCTGACAATTCTTTAAGAAAGTCTCCCAGTTTGGGCTCCCGAGGCAAGAACATCTCCCCCCTGCCGTGACGGAGCCACTCGGGGTTGACGGAGAAGGTTACCTCAATTTGACGCAACACAGGTTCACTTGGTGTGCGTCTACCAGCTTCCCACTCTTGAACTGCCCTTGTAGACACACCAAGTTCGTCAGCAAATTCTCTTTGAGTTAAGCCTTTAGACATCCTAATCTGTTTAATCCTTTTTCCAAGTTCTATCTGTTCATTCATCTTTAGCACCGTCCTTATTGGTGTGTCCCATTTTTTACCCGGGTAAATTTTGGGACACCTATCTTCACAAAGTGAAGATAAAACTCTTGACAAACCACACATAGTGAACTATACTATCCATAAGCACCCACAACTGCAAATATAAAACCATATGGAGGTAGGAATAATGATAGCAAAATACAACACTTCACGCAGGTATTTTGGCAAGAGGTTAGCCAAGCAAATAAAGAAAAAAATCCTCGCCCAATACCCCACCCTTAAAGCCTTAGCAGAAGAGCTCGGCGTCAATGCCGGAACCTTGCGCGGCGTTGTAAACGGCACCGTCTACTCCAAAAAAATGGCACGAATGATTGAGGAAAAAATCGGAGAAAAGCTGTTCCCCTACACCAAAGAATAAGGAAAAAGCTTTGAGTTTCAATCCTTGTAAGAAGTTGGAAACTGCAACTCAAAAACCAAGTTGGGAGGAGAAAGGAATGAGAAGAAGGAAAACCAAAGTGGAGCTGACTCTACCTTACGAATCAATGAACGCCAAGGAAGCTCTGAACATGGCAAGAGCTTTAAGTGAAAAAACCTACTCGGAAATTGCCGACGACATGGGAATCGGAACAGAAACGGTTCGCCGCTACCACACAGACCCGATTTATAACCCGCCCTTGCCGAGAATCCCGGAGCTTAACAGGGCTTACGGCAACGACGTTCTGGTTCAGTGGATAGCCCGTAAGTGCGGCGGAATCTTTGTGAGAGTAGAAGGTATTGAAAACCCTGCGGAACTCCAAAAAGAGATTGCTTTACTCACCAAAGAGTATGCCGACGTTCTGAAAGTCCACGCAAAAGCAATAGAAGACGGGAAACTCTCCTTAGAGGAGCTTAGGGGCATTCACAAAGAGGCGGAGGAACTTCTTATCAAGTGTGCCGAAGTTGTTTTCGCTGTCAAAAAGGCAATTCAAAACAAGGAAAACGCTCAAAGGGAGGGCGAGTGATGGAGCTGCTCGCCCTCTTCGTCCTCGTTGCGCTTTTTAGCTTCTCAATTCCAGAACCAAGTTGGGAGGACAGAAATGAAAAATAAACCTTTTGACTATTACCTGCAAGAGGCTTTAAAGGAGCTTGAAAGGGAAGATTGGAACCCCAAAAGG
CP176813.1_gap27	1029717	1033271	3554	TCAAACACCAATAGAGGTCTTGGGTAGTGATGGAACGATAATAGTTGCTCATGACAGTGAATACTTTTACTTTTTTGATCAGCATTTAATTCACGAAAGGGTAAACTATGAAGAATTAATAAGTCTGCTCTTTTCAAAAAAAGTTCCATTGAAAAGAATTTCTCCTCCTATGGAAGTTGGTTTTTCCGTTAAATTAACAGATAAACTTGAAAAATTTGGAATAGAGTATGAAAAGGTAGGAAAGACTATTTTTATTCATTCAATTCCAGAGATTTTAAGAGTTGAAGATATAAAGAGGATAATAAATGGAGAAACTCCTAAGTCTATAGCAGAAATCGCCTGTAAAAAAGCAATAAAAAGCGGATATAAACCCTTAAATTTTAATGATATAAAGGAACTTTTTGAAAAATATCTACTTTGCAAAAACAGGGAAACCTGTCCCCATGGAAGACCAATATACTATCGAATTAAAAAGAGCAAAATAATGAGAAAAGTAGGGAGAAATTAATTATCCAAAGCGTCCGGTTATGTAATCCTCTGTAAGTTGTTCCTTAGGTTTAACAAAGAGTTCTTCAGTCTTATTAAATTCTATGAGTTCACCTAAGTACATAAAGGCAGTATAATCTGAAACCCTAGCTGCTTGCTGCATATTGTGAGTTACTATTATTATAGTTAAACGGCCTCGAAAGCTAACAACCAATTCTTCTATCTTCCCTGTTGAAATAGGATCAAGTGCTGAAGTGGGTTCATCAAAAAGTAAAACTTCAGGTTCTACAGCTATAGCCCTTGCTATACAAAGCCTTTGTTGTTGACCTCCTGAAAGACCAGATGCAGGATCTTTCAACCTATCCTTAACTTCATCCCAAAGAGCTGCATCCTTTAGTGCTTTTTCTACTCTATCTTCAAGTTCACTTTTATTCTTTATTCCTTTTAATCTTAAACCATAAGCAACATTATCAAAGATTGACATTGGGAAAGCAGTTGGTTTTTGAAAAACCATTCCAACTCGGCTTCTTAGTCTTATTAGATCGTAATCCTTATCAAGAATATTTTCTTCATCCAAAAGTATCCTTCCCTCATATCTATTACCAGGATAAAGATCATGCATTCTATTAAAACATCTAAGTAATGTTGTTTTTCCACATCCGGAAGGACCTATCAACGCCGTTATTCTATTTTCTGGAACTTTAAAAGAAATATTTTTTAACGCATGTTTACTTCCATAATAAAAGTTTAGATTTTCAACTATTAACTTCGGTTTTTCTTCTATTTGAACTACGTAAGCCATCGAGTAACTCCTCCACTATTTTTTGAACTTATAGTGAGCTATAATCCTTCCAAGAATATTTGCACTTAAAACACCAAAGGTGAGAATAATCGCAGCTGCCCAGGCAAGCTTCTGCCAGTAAGGATATGGACTCATCGCATAATCATACATAGTAACTGTAAGAGAAGCTATAGGCTGAGTCATATCAACAGTAAAGAAGTTATTGTTAAAGGAAGTAAAAAGGAGCGGTGCTGTTTCTCCTCCAATTCTTGCAACAGAGAGAATTATCCCAGTTATAACTCCCGTTATTGCTGCTCTATATACAATGTCCTTTATTACCTTAAACTTTGTAGCTCCTAAAGCATATCCAGCCTCTCTAAGCTCAGGAGGAACAAGTCTTAACATATCATCTGTTGTTCTTAAAACAATCGGAATCATCATTATCGCAAGAGAAAGAGAACCTGCAATTCCCATAAAGTGACCAACAGGCTTTACCAAGATAGCATAAATGAAAGTTCCAATTACTATTGAAGGAACGCTCATCATGATATCCGAAAGATCTCTAACAATATTAGCCAATCTACTATTTCTTCCGTATTCAGAAAGATAAGTTCCAGCAAGTATTCCTAAGGGAATTCCTATAACCGTTGCAACAAAAACTATTAAAGCCTGTCCGACTATAGCGTGTTTCAACCCACCTGTTTCATCTCCTGGAGATGGAGGTTCTCCAATAAAAACTTCTAAAGATAACGTAGAAAACCCTTTATAAAGAAGCGTCCCAAGTATCCAAAAGAGCCACATAATACCAAACAAAGCTGCAGCTGTTGAGAGAACTAAAACTATGCTGTTTACTATCTTTCTCTTTGTAAACGCGTCCAACTTTTACCTCTCAACCTTTCTTAAGAATATAAATTTTCCGATAGCTATAATTAAAAAGCTCATAACAAAAAGAATAAGAGCTAGATAAAAGAGACTGGAAAGATATAAGTCTGTGTCTGCTTCTGTAAATTCGTTAGCAAGAGTAACTGTAATTGAAGTTGCAGGTTCTAACAAAGACTTAGGAATTACAGGTTGATTACCCATTACAAACGTAACTGCCATAGTTTCTCCTAGTGCTCTCCCCAAAGAAAGGATAATACCCCCAATTACACCTAATTTAGTATAAGGAATTACAACATCTTTCATGACGTCCCATTTAGTTGCACCAAGAGCGTATGCAGACTCTTTCAAAATAGGTGGTACCATATTAAAGGAATCTCTTGCAATTGCTGCAGTAAATGGAAGAATCATTATAGAAAGAACAATTGAAGCTGTTAAAAGACCTATTCCTGGAGTGTAGCCTGCAAACCATTCTCCAATTAACGGAAGCTTGGCAAGAGTTTGATGAATTATTGGTTGAACTTTATCTCTCATGAAAGGCGCAAAGTAGAAAAGTCCCCACATACCGTAAATGATACTTGGAATCGCAGCTAAGAGCTCTACTGCAACTCCTACAGGAGTCCTTAGAAAGTAAGGAGAAATTTCTGTAAGAAATATAGCTATACCAATAGCAACAGGAACTGCAATTAAGATAGCTATTACAGTGCTTACTATAGAACCAAATATTGCAGGAGCTCCTCCAAACTTATCTAAAGGAGGATTCCATGTAGTAGAGGTAATAAATTTCCATATTCCAAAAGTTTGAAGGGATAAAGAGGACTCCTTGTAAAGAACTACAAAAAGAACTAGTAAAATAGCTATTACAAGTAAAGTTGAAGCCAGAGCAACTTTTTCAAAAGCCCAATTTATTAGGTAACCTCTCTTCACCGCTACCCCTTAGGTTAGGTTGTAAAATTTCATTGGTAAGTATAGCTTTTTTTCTTGAAAAAGTGTTATCAAATTCTTAACAAAGAGAGGAAAAAATGGCAAATAAAGGAGATTTTGTCCATCTCCATCTTCACTCTCAGTATTCCCTTCTTGATGGTGCTATAAAGATAAAAGACTTAGTAAAAAAAGCCAAAGAGTATGATATGCCTGCAGTTGCAGTTACAGATCATGGTAATATGTATGCTTCGTACGAACTTTATAAAGAGTGTACTGCTGAAGGAATTAAACCAATAATTGGACAGGAATTTTACATAGCTAAGGGATCAAGATTTGATAGAAAAAAGGGAAATGAAGGAGAAAAAGGAAGCTATCACCTAGTTCTTTTGGCAAAGAATGAAACAGGATTAAAAAACCTTATGAAACTTAGCTCAATAGCATTTTTAGAAGGTTTTTACTACAAACCAAGGATAGATAAGGAAGT
CP176813.1_gap28	1036684	1039318	2634	AAAAGAAAAGATAGCAAGAAACTTTGGAATGCCAGTTCCTGAAGATTACAGGAAAGCGTTAAGAGTTATGAAGCTAGCTGAAAAACTAGGAAAACCAATAATAACTCTTGTCGATACTCCAGGAGCATTTCCTGGAATAGAAGCTGAAGAACACGGACAATCAGAAGCAATAGCTAAGAACCTTTTTGAAATGGCAAAGCTAAGGGTTCCTGTAATCAGCGTTGTTATTGGAGAAGGAGGTTCAGGTGGAGCTTTAGCAATAAGTGTAGCCAATAAATTGCTAATGCTTGAAAATGCCATCTATTCTGTTATATCTCCGGAAGGTTGTGCAGCTATCTTATGGCAATCTCAAGATAAAGTAAAAGAAGCTGCGGAGGCTCTTAAGCTTACTTCAAAAGATCTTCTAAAACTTGGAGTCATAGACGGAATTATTCCAGAGCCAATAGAGGGAGCTCATAGAGACTACGAAACTACCTTTAAAAACTTTAAAGAACATGTACTAAAAGCTTTAAATGAACTTTTGAAAATGACTCCTCAAGAGCTTGTAAAACAGAGATACGAAAAATTTAGGAAAATTGCTGAGTAGCTAATTACGAATATTTCAAAATGAAATGAGATGAAAGTACTTTTAGTGGAAGATGAAAAACTATTGGCAAATACCTTAAAGAAAGGTTTAGAAGAAGAAGGATATATTGTGGATGTAGCATACGATGGAGAAGAAGGTTTTTTCTTAGGTAGATGTTATGGTTACGATGTTATTATCTTAGATGTGATGCTTCCTAAGTTAGATGGAATGGAGCTCTTATTGAGATTGAGAGAAGAGGGAGTTAAAACTCCCATTTTAATGCTAACAGCAAAAGATTCTGTAGAAGATAAAGTAAAAGGTTTAGATAGTGGAGCTGACGATTATCTAACAAAACCTTTTTCTTATGATGAACTTCTTGCACGGATAAGAGCTCTGCTTCGGAGAAAATCCGAATCCAAAACTTCATTCATCAAAATAAAAGACTTAGAAATCGATTTAAACAAAAAGATTGTAAAAAGAGCTGGAAATGAAATAAAACTTACAAAAAAAGAATTTAAAGCTTTAACATTACTTGCTTTAAATAAAAACAGAGTAATCAGTAAAGAATTTCTCATAGATAGTCTCTACTCTACAGATAGATTTGTAAGTATTAATGCTGTAGAAGTTTTAATCAATAGATTAAGAAAGAAAATAGATAAAGACTATTCTCAAAAGCTAATACATACTATTAAAGGATTTGGATATATGATAAAGGATGATTAAAAGAAAATCCTTCAAAGGAAGAATTATTCTTTTTTCCATTTTAATTATGGGCTTTTTAGTGATTTTTCTAAGTATTGCTTCTACATTTTTACTAAAAGAAATAAGTCTACATATTACAGAAGATTCTCTAAAAGCAGAATCTCAAGAGATACTAAACGATTTAATCGATGAAAATAACGGTGAAAAGTGTGAATTACCCGATGTCAGGATTTCTAACATTTGTATATCTGAAGAAACACTTAAAACTTATAATCCTGAAAATAAAGAATCAGTATTAGTATTAATTAAAGGTAACAAAATAATTTATAGTTCTTTGCCAGAATTTCCTAAAAACATAAGCTTTCAGTCACCTACATTCCAATTAAAATTAAAAAACAATGATTATCTCTTTTCTACAGTAAGAATTAAAAATAGTGCTATTCTAGGAGTTTCCTTAATTCTAGGAAGAAATATTTCAGATTTAAAAAAGACCCTTAACGAGTTTGTCCTTAGCATAAGTCTACTTGGGATAGGAGTAACCTTCCTTGGAGGGTTAATAATCTATCGAAAATTAAACTCAGAATTTAAATATTTAGAAGACCTTATCCTAAAAATAGAATCAATTTCTGAAAAAAACTTTGGGAATTATAAAATTAACTGTGGACATCAATGTCCACAAGAATTTAAATTCTTAGCTAAGACTTTTAACAACTTAATGAATAGAATCTTTCGACTTGTAGAAAATCAAAAAAATTTTTTATCAAATGCCGCTCATGAGCTTAAAACTCCATTAACGGTAATACTATCTCAAGTGGAAATAGCCCTCAGAAGAGAGAGAAAGCAAGAGGAATATAGGAAAATTTTAGAGAATATTAAAGAAGAAATTTCTCAAATGACAGATACTGTAAAGAAGCTACTTATTCTTTCTAGAATAGAACTTGATAAACAAAAAATTTCCTTTCAAAAAGTTGATTTAAAGGAAGTAATAAAAAAATCGATAAATCTTGTAACTCCTCTGGCAGAAAAAGAAAATATAAAAGTAAGCTTTAAGTTGCAGGGAGATAAATCTCTTAAAATCAAGGGTGATAAAACACTTCTCATTCAACTCTTCGTAAATATTCTTGAAAATGCAATAAAATACAATATATACGGGGGAAATGTTAATATTGATGTAAAAGATACAGAACAGGAATTAATAGTTAGTATTTCTGATACTGGTGTAGGAATTCCTGAAGAAGAAATTAATAGAGTCTTTGAAAAGTTCTACACAGTAAAAGAGTGTGATTTAAAGAAACCAGGAACAGGTATAGGTTTATCAATCGTTAAAGAAATAGCAGAGCTCCATCATGCTTCTCTTAAAATTGAAA
CP176813.1_gap29	1041201	1043050	1849	AGCTCTGAAAGACATTCTTGATAAGTACGAAAAAGCGTATGAAATGAAACTTTGTGATTTCACAATACTTGACAATTATTATAAAGAATACGCCTCAGCAAAGGAATCTTATATAAAGACTAAATATAGAATCTACTTTAAATATCAGCTATTAAAACATCTATCAAAAGGAGATATTTACAGATGAGAAAGCTTTTATACGCACTGGCCTTTATATTTATTATGTCAAGTAAGCTTTACGCTTTGGATTTTGATGACGACGAAATTCCACAAAATATAGTAAAGAAAACAAGAGTACCAGTAAAAGTTTTTAAACCTATAGAAAAAATTTCAGATATAACTGTAGAAGTTCCCGGACGAATAGATTTAAGTAATGTTTGTGCTATTACCTCAAAAACAGAAGGATACATTACAACATATGTAGGAAGAGGAGATTCTGTAAAAAAAGGAAAAGTAATTGCTGATATTCAGAATGAAATTTTAAAAACAAAGGCACTTTTCTTAAAAAATAAAATAAGTCTTATAAAAGGAGAACTCTTAAACTTTAACAAAAAATTAAAAAATTACCAAGAGCTATTTCAATTAGGATTAGTATCTAAAAACGATTTAGTTAATCTAAAAAATACTATTTTGAATAAAAAATTAGAACTTGAGAATTTACAGCATCAACTCAGAATACTTCAGTTTCAAGAAAATTACTCTAAGATAATATCTCCATGTAATGGATATGTTTTAGAAATAGTTCCTAACAAAGGATACGTCAAAATTGGTACACAAATAGCAAAAGTCTATAATCCCCAAAAAGCTTATTTATCTTTATATCTTCCAATTGAGTATCTTTCCGAAATAAAAACAAATAAAAAATTAAAGATAAAAATTCTTAAGAAATGGTATATAGGAAAAATTAAAGAGGTTATTCCTATTACCAACGGAAATTTAGTAGAAGTTAAGGTTTCAGATATTAACAGTCTTTTTCTTCCTTTAAACTATAAGTTTACTGCTAAGATTTCTATAAAAAAACTAAAAGGACTTGTAATTCCCAAAGAAGCTATAGTCATAAAGGACAATAAGCCCATTTTGTTTATAGTGAAAAATAATAAAGCAATAATGAAACAGATAAATGTTTTAAAAGATTTAGGTAACGAAGTATTAGTAACGGGAGATTTATCACCCAAAGATCTTGTAGTTATTTCTAATTCTTACCGGCTTCAAAATGGAACAGAGGTAACAATAAGATGAAAGGAGAAAATTTCTTTTTATTCATACTACAAAGAAAGTTTGCTATTTCACTAACCCTCTTAATACTATCTCTTGTTGGTTATTTAGTATCAAAAGATATACCAAGAGGTGTTTTCCCTAACGTTTTTTTTCCAAGAATTGAGGTAACTATTGAAAATGGCTTTGTTCCCGTAGAGCAAATGCTTTCAGAAGTCACTAAACCAGCAGAAGAATCTTTAAAAACGGTTCAAGATGCAGAAAAGATAGTTTCCAAAACTTCAGTTGGTTCAACGGAAATAAACATATACTTTGACTGGAAAATAAATCCATATTTGGCTTATCAACTTGTTCAGGCAAGAGTTGCAGAACTAAAAAACAGATTACCTTCAACTGCTAATGTAGTAGTAAGACAAGCAACCCCAAGTATTTATCCAGTAGCAATATATGCTATATGTTCCAATTCTTTGCCACGAGACAAATTAACAGAAATTCTTTACTATCAACTTAAACCTCTCTTTCTTTCTATTAAAGGAGTTTATGATATAGAAATAAAGGCACCTGAATGGGAAGAATATCACGTAATTGTTGATCTAAAAAAACTTGCAAACTACAACATAGATATCGGTAAACT
CP176813.1_gap30	1059927	1063078	3151	AATTATTTAACATCTCTTCCATATGATAGTTCCTGTCTTACTGTTGGAATCCGGAATTGTCAAACAGACGCTGGAACCTGTTGTAATGGCTTTGCTGGAGATCCAGAAATAAGTTACTCAGTAGAAAACCTTGAAACAGATATAAAAAAAATATCAGTAACTGTAAAGTTTAAAAGTGGAGATTATGAAGGAGGTGTATCTCTCGAACAGATTAAAGGAAACTGGTAATGAGGAAAGGATTTACTTTAATAGAAATTCTTATTGGAGCTTTAATAGGTATCATAATAGTTTTAGCATCCACAATTTTTTTCTCTTATGGATATCGTTTAATTTTGAATACTATTTCTAATTCAAGAAGTAACACCTCTATTTTTCAAGTAGAGGAAATAATCAATTCTGATTTGAGAAAAGCAGGATATGGAATAGAGGATCCAACTACTTATCCTCCTGTTGAATGGAATTTAGAACTAAAAAAACTTATTATTAGATACGTTGATTATGAAAAAGATGATATAGACTGTGAAAATGAAACTTTTGGGGACAATAACACTCCCGAGTGTGATTATATCATTACCTATCAACTTAAAAATAATAACTTATATAGGTTTGTTGATAAAGGAGCAAATGGTAACAGCTCCTCTGCTCCTATGTTCGACGGAAATCTGATAAAGATAGAGGATTTCTTTGTTTCAATAAATAACACAACTCATGCAGTAGAATATGCTATTAGTGGTACAACACTAGAAGGAAATTTTACAATTGGGGATACAATTATCTGTAGAAATTGGAAATAAACCTCTTTAGAGATTTTAAAATGAAAGCAAAAGAAGGTTTTATACTTACAACAACACTTGCAATCATTACCATTCTCACAATAGCTGGAGCCATTGGTTTATATATTGTAACCAAAGAAACAAGACTAACTGTTGACACTTCAGACTCCATAAAGGCTCTAAAAGCTGCTGAAAGTGGTATAGAAATAGCAATCATAAAATTGAAAAATAGGCTAATTACCTCTTTTCCTTATTCTTTTTCTGGCACAATAGATAATGCAACCTATATAGTTACTCTAGATGTTAATGGAAACAGTTTTATAATAGATTCTGAGGGCAAAAAGAACGATGCAGAAAGAAGAATTGTAGCTTCCGTAGAAAAAAAAGGTTCTACGTTTTTTCCCTTTTCAATAAATGGAAAACTTAAAATTAATCGTTTTCATAATAAAGGAAGAAGTCGAAGCTGGACGGATGCACAGTTAGGTGTAAAGATTATTTCTGAAGAGTTGAAAAGAGCATTTGAAGAAAGTGCTTTTACTGTTAAAGTAGACCCTTCAGGTTTTGATTTTCCAAAAGCTTCTAACATCAATATTTCTCCTGAAAAATACTGTAGTGATGTAGAACTCAACAAGGATAAAAATTTAACACTTAGTGATTTAAAAGAATTGTTAAAAAATAAATCAGGAAACGTTTTTATTTGTGGTAAAAACATATCCATTGGAGGTACAGGCTCAGAAAACGCTTTAGATTTTGATGCAGACTTATTTATAGTGGCAAAGGAAAATGTAACAATAAGTAGTGAACTTAAGTTTACAGGAAACAAGCAGAGTGATAATTCAGCTGATAATTTGTCTTTTATAGCAGGAGGACAGATTATATTTAACAGCAATGCAGGAATAGACTTTTCTGGTTCTCAGGAAGGATATAATATTCTTCTTTATGCTCAAAAAGGGATTGAAAGCACGTCTTTTAATGACTTGATAAAGATCTCAGGAAACCAAAACACAGAATACACCTCAAATGTCTTTATAATAACTCCGGAAACAGTAAGAACTAAAGGAAATTTAATTTTTGAACCATCAACAACAAAAAAAGATGTCAATTTTTTGATTTGGGCAGATAAAGGAATTGAAAGTGAACAAGGAGGATTTAAAATAACTGGAAATTCGGGTAACACTTTTGGTAATAATGAAAGAAATTTTTCAATATTAGTTTCTAATGGAAACGTAAGCCTTAATTCTTGGTTTTTTGCTGGTCAAGAGCAAAGAAGTGGACTAAGCTATTATGAAATAAAATATTATTGTGAAGAAGATACGACTATTCCTAGCTTTTACAAAAATATATACTGCCAACTTAAAGACATGATAGATGGAAGAGACTCAAAAACATTTAAAATTAAAAGCTGGAAAATATATTAGAACGTAAATTGTTCACCTAAGTATATTTTTTTGACAATTTCTTGTTTAGCTACTTCTTGAGGTGAACCTGACGCTATAACCTTTCCATGTCCTATTATATAAGCTCTATCAATAATTCTTAGAGTCTCTCTCACGTTATGGTCAGTAATTAAAATTCCAATGTTCATTTCTTTTAACTCTTCAATTAACTCCTGAATTTCATAAACCGCTATAGGATCAATTCCAGCAAAGGGTTCATCAAGAAGCAAAAATTTGGGATTTATAGTTAAAGCTCTTGCTATTTCTAATCTTCTTCTTTCTCCTCCAGAAAGTGAGTTTGCCTTTTGTTTTCTAAGATGCGTAATTCCAAATCTTTCAAGAAGCCAATCAGTTTTTTCTTTTATTTCTCTTTCTGAAAATCCATGCATTTCAAGAATAGCTTTTATGTTTTCTTCAACTGTTAATTTTCTAAAAATAGAAGGTTCTTGAGGAAGATATGAAATACCTTTTCTTGCTCTTATATAAGTTGGGTCATTAGTAACATCTTCTTCTCCAAGAAGAACTCTGCCACCATCAGGTTTTATTAAACCAACAATACAGTAAAAAGTAGTAGTCTTTCCTGCTCCATTAGGACCTAAAAGCCCTACAACCTCTCCTTCCATTACCTTTATAGTTACGCCGTTAACGACTTTCCTTTTGTTATATATCTTTGTTATGTTTTCAGCTCTGAGAACGTTTAAATCAACGACTCTTTTCACCTTCTTTTCCACCTTCTATGAGGTTTTTGTTCTTTTCTTCTGGAAATATTACAGTTTTTACTCTTTGTTTTATGCCTTCAACTGTTACACGCCCATCTTTGTAAGCTATTATCTTATCTCCAACAACAAGATTCTCTTTTTGCTTTAACTTTGCATTTCCTATAAGAACGGCTTTTTCTTGTGCAGGATAGTAATAAAGCTTGTCGCACCAGCCTTCTCCTCT
CP176813.1_gap31	1068208	1069189	981	GGTATCTTGGGCATTCAGCATTTTACATTGAAGGAGAAGGCATTAAAGCTCTTATAGATCCATTTCTTTCAGAAAATCCTTGGAAAATTGCTAAACCAGAGGATTTTAAAGATCTTAATTATATTTTTGTAACCCATGCTCATGGTGATCATCTTGGTGATGCTATTGAAATAGCAAAGAAAACAAATGCGGTAATAGTTAGTATTTTCGAAGTAGCTCAATACTGCCAATCTAAGGGAGCAAATATTCATGCAATGCATATCGGTGGTACTTTCAATTTCCCATTTGGAAGAGTAAAACTTGTTCCAGCATCTCATGGAAGTTCTGTAATTGAAGGTGATAAAGTCATTACTCTTGGAAGTCCATGCGGAGTAATTATTGAAGTAGAAGGTAAAAACGTTTACCATGCTGGAGATACAGGACTTATTGCCGAAATGGAGCTCCTTGGAAAGTACGAAAATATAGAGATTGCTCTTCTCCCAATTGGTGGGAATTTTACAATGGACATTAAAGATGCGGCCATTGCTTCAGAACTTATAAAACCAAAAGTTGCTATTCCAATGCATTTTAAGACATGGCCAATTATTGATGCTGAGCCTGAAGACTTTAAAACCCTTGCAGAAAAAAGAGGAATTAACGTTCAGATACTCAATCCAGGAGATGAAATAGAGTTCTAATGAAGATAGGAGTAACTCTTTCGGGCGGCTTTGTAAAAGGAGTCGCCCATGCAGGTTTATTAAAAGCTCTTGAGTATAAAGGAATATCTCCTTCTTTTATAGCAGGTTCTAGTTCTGGTGCGGTAATAGGAGCTCTCTATGCTTCTGGATATTCTCCCGACAAAATAAAAGAACTCTCTTTGGATCTTAATTGGAGAAAACTGACAAAACCTTCCTTTAAAGGAGGACTTTTTTCTCTTTCCGGTCTAAGAGCTAAACTTAAAGAACTTATAGGTGATATAGATTTTAAGGATTTAAAAATTCC
CP176813.1_gap32	1081244	1082830	1586	TATATTAACTGCTCCGTTTAGGTCTGCATTCAGTTTTCCACACTTTGGACAGATTACGTAATGTTGATGAGGTCTTTTGACGGAACTACCGCACTTAAAACACCTTGAGCTTGTATTGTATTCTGGAATCGGTTTAAGTCCGATTCCAGCTTCGGTTAGCTTTTCTTCAAGTCTTTTCGTTACATAAGCTCTTACCCAGAAGTTGTGCAGGAGAATATTAAGCTTTCCAAAGTTTTTGTCTTCTCTAATCCCTGTTAGGTTTCCTACATAAACTTCTTTAGCTCCTCTTGAAATACAGCATTGAGTTGATTGACTGCTTTAATCTCCTATCTCTTTTAACGTATAGTTTTTGGAGTCTCTTTGAAGTATAAGCTCCACTTCTATTGAGGATTGACTGATACTTAGCTATCTTCCTGTTCCATCTTTTGTAGTCTTTGATAAGCTCTCTGCTTTTAAACTGGAAAACTTCTATCCCTTTATCTGTTTCCACTACAAGTGTCAGGAAGTTGCGAATCCCAAAGTCTATCCCTGCAGTCTTTTCTCCTACTGGTTTGGTTTCGAAATTCTGAAGATTAACAAATACATAACACCACCACTCCCCAGCTTTATAGAAGATTTCAGCTCTACCAAAGCTTTTAACATTTTTGTAAGGGACAGAATACTTTGCTCTAACCTTTAATCTCTTCCTCCTTATATCTTTCGGAACTGTTAATTCAAAAGAAAAATTTCCTAACCGGTAGCTTCTATCTGTTTTAATGTAGATATTCATAGGAAGAGTCTGTTTTTTCTTTCTATCTTTCTTATACTTTGGTGGAGAAACTTTCTTTATGTGCGGTGGTAACTTTCCACTTTTCTGTAATTTTTTCAGCTTTAAAAACGACTTCCAGTCTTCTGAAAGCTTTTTCAAAACTTCCTGAGCAATATCAGAAGGGAGAGTTTTATACTCTGGTAAGTCTTTAGCTAAATTGTAGAGAATTCCATCAGTAACTTTGAGTTTTCTGAAAGAAAAATATTGCTGTCTCAGAATGTAATTAACACGATTGTATAGGTAACTGCATCTTAACTGAAGCTCTCTTAACTTCTGTTTTTCTTCTTTTTTAGGATACAGTCTAATCTTGACTATGCGTTTCATAGGTTTTAATTTAACTTTAAAACTTATAATGTCAAGGTGTAATGATATGGGTAAGAAAAGATGTGTTCAAACCACCATCAGAGTAGAGGAAGGAGTTTTCAAGGAATATAAGAAGTGGTTAATAGACAAGGGATACAAGTCCATAAATCAGCACTTGAACGAAGTTATAAGAAAAGTGTTAGAAGAAGATAACCGCATTCCTCTCTCTTCTAAAGAGGAGAGCATCCTGCGAAGGGAATCGTGAAAATTTTCTTGAGTTCTATCTACTGGAATTAAACTTTTTCTGTTGAAAGCCCTTAATGGTTTATAATTTTGTTACAAAAACCTAAAGGGAGAAATTGTGGACACTTATATAAGGGAGATATGTTCTTTACCAGTTGGAACTGAATTTGAAGGTTATTTCTTTATAGAACACGTAGAAATAAAAAAACATAGAACGGGAGAACCTTATTTA
CP176813.1_gap33	1092730	1097492	4762	GTCGTTGGTGGAGGAGATTCTGCTCTTGAAGAAGCACTTTATCTAACAAAGTTTGCAAGTAAAGTTTATCTAATCCATAGAAGAGATAAATTTAGAGCAGTAAAATTAATCCAAGATAGAGTAAAGAAGAATGAAAAAATAGAACCTATTCTTAATAAGATAGTGGTTTCTATCAACGGAACGCAATTTGTAGAATCTCTTACTTTAAAAGATACCCAAACAGGAGAAATTACTGAATTACCTGTTGATGGTATCTTTATCTTTATTGGTAATGAGCCAAATGTTGCTCCTATTTTACATCTTGTAGAAACAACCGAAAAAGGATTTATTATTACTGATGAAGAAATGAAGACAAAAACTCCTGGACTCTTTGCAGCAGGAGACGTCAGGCATAAACCCTTAAAACAAGTGGTTACAGCTACAGCAGATGGTGCAACTGCAGCTATGTCTGCTGCAAAATTCTTAGAAGAAAAGGAAGGCTAAGATGAAAAAGCTCTTACTCATAGGATTAGCATTTTCTCTTGCTTTTTCTTTTAGCTGCGAAAAAGATAAAAATCGAGAGCCTCAAAAGGTAAAAACAGAAGAAACTTCTACCAGTCAAAACGGCATTAAGGCTTTTGACTTTAGTTTTACTGATGTTAATGGAAAACCTATAAAACTGTCTGATTATAAGGGAAAGGTAGTTGTTCTTCAGTTTTTTGGAACTTATTGCTCTCCATGCAGAGCAGAAATACCATTTTTAAATAGACTTTATAAAGAATACAATGGAAAAGTAGTAGTTATAGGTCTTTCAGTTGACTATATTGACGAACCTTCGTCAAAACTTAAACCGTTTGTGGAAGAAATGAATATTTCTTATCCAGTTGTTGCTTCTGATGAAAAAGCATGGGAAAATTACGCAGGGAAAATTACGGGAATGGATTCAATTCCTCAAACATTCATAATAGATAAAGAAGGATACATAAGGTACTACAACGTTGGTTACATTCCGCAGTATGACTCTCTTTTTGAAAAAGCAGTAAAAGAGCTCTTAGAAGAGAAGTGATGAAGATAAAGAAGGTTAAACTTTACAAAACAGTTTATATTCCTGAGGAGTTACCCCAAACTCCATATAAAGAAGTAGCTTTTGTAGGAAGATCAAATGTAGGAAAGTCTTCCTTGTTAAATACGCTTGTAAATAACTACAAAATTGCAAAGGTAAGCTCTGAACCAGGAAAAACCCGTTCTGTTAACTTTTACTTAATAAACGACAAATTCTTTATGGTTGATCTTCCAGGATATGGTTTTGCAAAGGTTCCTTTTAAAGAGCAAAAACGCTGGAGAGACCTAATAGAAAAATACTTAAAAGAAAGAGATACATTAAAAGGCGTTTTCCTTTTAGTTGACTCAAAGGTTGGACCTACAGAAAAAGATAAACAAATGAAAGATTGGCTTGACTTTTTTGGAATTCCATACGTTGTTGTTGCAACAAAGGTTGATAAACTAAAGTCCTCTGAAAAACAGAAATTAAAAAGAAAGGTAGAAGAAGGGTTAAAGGATAAAGATTTAGAAATTATTCCTTTTTCTTCAAAGACAAGAGAAGGTAGAGTAGAAGTTTTAAAAAGAATAGAGAGACTCTTAGAAGCATAAAGGATGATAGAAGAACTTAGGCTTTCGTCTTTTGGTTCTATATCGGCAGAACTTTTATTTTCCCAAGGCTTTAACGTTATAATAGGAGAAACTGGAGCAGGTAAATCTCTTCTTCTTAGTTCCATAGAGTTTCTCAAAGGTAAAAAAAGTAATGTTGTTTTTGAGGGTAGTTTTGTTGAAGCAGTTTTTAATGTCCAAGGAGAAGAAATCTTCATAAGAAGAGAAATAAAAAATGGACGTTCCAGATACTTTTTGAATGGAATGAGAGTTCCACAAAATTTAGTGGAGAAAAAGCTTTTTCCTCTAATAACTTTTCAATCCCAAAGACAATCAATAGAACTACTAAAACCTTCCTATCAACTAAAACTTCTTGATGTATTTTCAACGGTAACTCCTTTTCTTAAAGAGTATAAAAAGATTTATGAGCTTTATAGACAGAAGGAAATAGAGTTTAAAAAACTGCTTGATGAAATGTCTGCTAAGGATAGAGAAATAGATATTCTTCGCTTTCAAATAGAAGAAATAAAAAGTGTAAACTTTCAAAAAGGAGAGGAAGAAGAACTCTTAGCTCTAAGGGAAGTTCTTTTAAAATCTGAAAGTGTGAAAAGATTTAAAAGCCTTGCAAGAAGATTTCTTTATGATGGAGAAGATTCAGCTCTTGAAAAGATAGAAGTAGTTATCAGAGAACTTGAAGAACTTGGAGTAGGAGAGGAAATTCTTAATAGACTTAACTCTGTTTACTATGAAATTGAAGATATCTATTCTGAAATAGAAAAGTCTTTTGTAATTCCAGAAGAAGACATTTCTCTTGAAGCTGTTGAAGAGCGTCTTTACGAAATCGAAAAGTTGAAAAGAAAATATGGAAACTCTTACGAAGAAGTTCAGAAATTCTTGAAGAAAATAGAAGGAAGATTAGAAGCTCTTGAAAATTTAGATTTCGAAGTAGAAAAAGTTCAAAGAGATTTAGAAAATTTAAAAAAGGAACTTGAAAGCTTGGCAAGCAAAATTTCTGAACTTAGAAAAAAAGGAGCAGAAAAATTAAAAGAATACTTGATTTCTTCTTTTTCTGAACTTTGTATGGAATCAGCACGGTTTGAAATAAAACTTAAACCATTAGAGGACTTTTTACCAACAGGTAAAGATTCTGTAGAGTTTCTATTTTCAGGAAATCCGAAACTTCCTCTTTCTTTGCTATCTAGTTCTATTTCTGGTGGAGAGCTCTCAAGATTTCTCCTTTCTGTTCTTACTTTTTTTACAGATTCAAAAACAACTATTGTTTTTGATGAAATTGACTCAGGAATGTCTGGTAAAGTGTTGTCAAAGGTTGCAGAAAAGCTAAAAAAAATCTCTCAAAAACAACAAATAATTGCTGTAACTCATTCTCCCCAAATTCTTGCAGCAGCAGATAAAGTTTTCAAAGTAGAAAAAGACCAAAAAGGAGAAGTCATTGTAAAAACTTTATCAGATGAAGAAAAGAAAAGAGAAATTGCTATAATGATTACTGGAAAAATAACTAAAGGAAGCCTAAGTGCAGCTGAAGATCTTTTAAATAGATGGGAGGAGTGATGGGTCACGGAATGGGAAGCACTCATGAAGCAATAGGAGGATTACTTCATGCCTTCAACATTCACTTAACAAAAGCGGAACTTGCTGAACTTTCTGTTCTTTTGTTCGTTGCAACTTATGCCATGATTTTACTTGAAAAGTTCTTCCACAGAACTATTGCAGCCTTAGTTGGAGCTTCTTTAGTTCTTGTTATCGGTGTTATCACTCCTGAAAGAGCTTGGGAAGCAATAGATCAAAATACCATTCTTCTTCTTTTTGGAATGATGAACATTGTCACGGTTATGGGAAAAAGTGGTTTCTTCCATATTGTTGCAGCAAAAGCAGTTAAACTTACTAAAGGTTCTCCAACAAAAGTACTTTGGGTTTTTTCTCTTTTAACAGCAGTTTTCTCAGCATTTCTTGACAACGTTACAACAGTTCTTTTCATGGCACCTGTAATGATTAACATTGCTGAGAAATTAAAACTCAATCCAATCCCTTACCTTATAGCTATAGTTCTTGCTTCAAATACAGGTGGTACTGCTACACTTATTGGTGATCCTCCAAACATAATTATTGGAAGTATTGCAGGAAAAACTTTCAATGATTTCCTTATAGAAGTTGCTCCTTATGCAATTATTGCATTCATTCTTGGCCTTATTGTTATGCACATTATGATGGCAAAGGGCGGATTTTTACAAGCAAAAGCCTCTCAAGAGGAATTAAAAGAAATTCTTTCTGGAAAAGTTGATGAATCACTTCTTGATAGAAAACTTATGAAAAAATCTGTAACTATTTTCATCATAACTATCATCTTATTTATAGTCGGCCACAATCTAGGACTTGAACCGGGAGTTATTGCTCTTTTAATGGCTACAATCTTAGCACTTATTAGCGGACTTTCTCCTGCTTGGATACTAGAAAGAGTAGAGTGGACTACTCTTATCTTTTTCATGGGCTTATTTATGGTCGTTGGAGCTCTTGAAGTTAACGGAGTTTTCGAAACAGCAGCAAATTGGCTCATAAAAGAAATTGGAAATAACATTCATCAAGGTATTCTTATAGTTGGTTTTACTTCTGCAATAATATCAGGATTTGTTGATAACATTCCATTCACTATGTCCATGGCTTATGTCCTAAAAGGAATGGAAGCACAAATGGGAAGTATTATGGATCCGCTTTGGTGGTCTTTATCTCTTGGAGCTTGTCTAGGTGGAAACCTTACAATCATTGGAGCTTCTGCAAATATTGTTACTGCAGATATAGCTGAAAGAAACGGCTATAAAATAGATTTCTTTAAATTTATGAAATATGGAACTCCTGTAGCTATTGTAACAGTTGTAGTTGCACTTGTTTTATTCTACATAGAACATGCCATCTTTGGAGGAATTTAATGTTAAAACTTTTAGAAAAAATCTTTGAAGGAATTTTATGGCGTTCAAGATGGATGGTAATACTAGCTGTAATTTTTTCTCTTTTTGCTGCTTTAAGTCTTTTCATCGTTGCTTCTGTTGAGATATACGAACCAATAAAACATCTTTATGAAAATCATTTCCATATTACATCAGAAGAGCATGGATTTCTTGTA
CP176813.1_gap34	1102584	1107183	4599	TTAAAATTACAGATCTTTCTCCTAATTATGTTGTCTGGAGAAATAAACCAGTAAAGATTATTTACGATATACATAACATACATATTGAACTCTTAGGTATTGCATTGGAAAATGGTGCTATAGGAGATATAATAAGAATTAAAAATATCTCAACTGGAAAAGTTTTGATATGCAAGGTAATTGGAAATGGCATTGTAAAATTTGTTTACAAGTAATAATTGCTTTTACTTCTATCTTTTTATTTTCCTGTGGTTCTTCTGGTAAGAAAGTAGCTATTGTAAAACCTCTTCCACCTCCACCTGTAGAAGAAGCTAAACCTACTTCCCCAGGTTCTCTTTTTTCTGGCTACGACAATTTATTTGCAGATACAAAAGCAAGAAGAGTCGGAGACATAGTTACAGTAAAGATATATGAAGTATTGACAGGTTATGGTAGTACTCAAAGCCAAAGCGGTAAGAAAAGTGCTTTTGATATAAATGTAAATAATCCTACTCTCTTTGGTAAAAAAGTACCAGGGGGCACAAAAGATCCACTCTTAAACTTTTCAACGAAACCTTCAATTGATTTTTCAGGTCAAGGAACAACCAAAAGAGATGCAAAGCTTATAGCCACAATTTCTGCTAGAGTTGTAAAAGTATATCCCAATGGAAACCTTTACATAGTTGGAGAAAAAATAGTAAAAATAAATGATGATACTCAAATTCTAAAGATTTCAGGTATAGTCAAACCAACAGATATAGCTCCTGATAACTCTGTACCTTCCTCTAAAATTGCAAATATGTACGTCGAATACAATGGAAAAGGATATATAGCAGATAACCAAAAACCTGGTTGGTTAGCTCGTTTTTTAATAAAAATATGGCCATTTTAGAGGTTGAAACGTGAAGAGATTATTGTTTTTATTCTTAGTTTTGTTCTTTCCTTATCTAAGCTGGGGAATAGAAGTAAAAATTGGTACCGAAGTTAACATTGTAGGTGTTAGACCTAATTACCTTACTGGTTATGGTATCGTTGTTGGACTGGACGGAACTGGAGATGGAACTACAAGCATTTTTACTCTTCAAAGTATTGCAAACATGCTAAAAAAAATGGAAATTTATGTTGATCCTAAAGCTGTTAAAACGAAAAATGCCGCAGCAGTAATTGTAACAGCGAAACTTCCTCCTTTTGCAAAACCAGGAATGACATTTGATGTTGAAGTAGCCTCTCTTGGAGATGCAAAAAGTCTTGCTAATGGTATTTTGATAAGAACTCCTTTATTGGGACCTGATGGCAGAATATATGCTTTTGCTCAAGGACCTGTTTCAACAGGAGGGGGCTTTACTGAATCAAATAAAGGAGGAAAAATAAAAAAGAATTTTTCTACTACAGGAATGATTCCAAACGGAGGTATAGTAGAAAGAGAGCTCCCCTTTGAGTTATCAAATGAGAAAAACCTTATTCTCACTCTAAAGCATCCCGATTTTTCAAGAGCAAATAATATCGCTTTCGCAATAAACAATTATTTTGGAAAAAATTTAGCTAGAGCAGAAGATTCTAGTACCGTAATAGTTAAGTATCTTCCTAACTATAATAAAGTAAAATTCATTTCAGAGATACTTAACTTAAAAATAAATACCGAGTCAGAACCTACAATCGTTATTTATGAAAGAACAGGTACAGTTATTATGAGTGGAGATATAAAAATAGAACCACCAGTATATGTCTCTCATGGAAACATATATGTTTCGGTAACGAAAACACCTGTGATTTCTCAACCTCCTCCTCTTTCTGGTGGCACTACTGTACAAACAGAAAATGTAACAACTACAGTTAAGGAAGAACATGGACGAATATTTTCAATAACATCTCCCTCTCTTAGAGATTTAGTTAAGGCTTTAAATGACCTTGGAGTTTCTCCTGGAGATCTTATAGCAATAATTCAAGCAATGAAGGCAGCAGGAAAACTTCATGCTAAAATCATCATAATGTAAAAATTTTGGAGAGTTAGATGATTGGAAAAATTGATAAAACTTACTGGGACATAGCAAACATAAAACAGATAAAAAATGAAAGTGAAGCAATAAAAGAATTTGAGGCTTATTTCGTAAGAATATTTTTAAAGGAAGCTAGAAAGTCTATTCCCAAAGGTTTATTTAATACTTCTTTTTCTGCTAATTTCTACTACGACATGCTAGATATGGAACTTGCGGAAGTAATTTCTCAAAAAGATCCTTTACATCTAGAAAAGTTTTTTCAAGAAGCACTATCTAAATATCAGAAAATATCCAAAGGATAGTGCATGAAAGAGTCATTAGCTTTATACTATAGCAAATTTTATAAATATTCAGATGTTGTATTTATTGCTCTTATTCTTTCAATACTTGCTTCTATGATTCTTCCTGTTCCTGCTATTTTCCTTGACATACTTTTAACTGCAAGTATAGCTTTTTCCTTAGTTATACTTATGGCAACGGTTTACATTAATCACCCTCTTGAACTTTCTTCCTTTCCTTCTCTTTTACTTTTAGCAACCTTATTTAGATTATCCCTTAACGTTGCAACGACAAGAAGAATTCTTCTTCACGGACATGAAGGATCTGATGCAGCCGGTAGTGTTATTAAGGCTTTTGGACAATTTGTCGTTGGTGGTAACTATGTTGTTGGAATTATTGTATTCATAATTTTAGTGGTGATTAACTACATTGTAATTACAAAAGGTACAGAAAGAATCTCTGAAGTTGCGGCAAGATTCACTCTTGATGCTATGCCAGGTAAGCAAATGAGTATTGATGCAGATTTAAACGCTGGACTAATAGATGAAAAAGAAGCACAAAGAAGAAGAGAAGAAATTGCTAGAGAAGCAGACTTTTATGGTGCTATGGATGGTGCTTCCAAATTTATAAGAGGTGACGCTATAGCAGGAATAATAATCACCCTTATAAACATTATCGGCGGTCTTGCTATCGGCGTTCTCCAGCATCACATGAGCTTTTCTGATGCAGCTAAAACATTTACACTTCTTACAGTTGGAGATGGTCTCGTTTCTCAAATTCCTTCTCTAATTACTTCCACTGCAGCTGGTCTTATGGTTACAAGAGCAGCTGCAGAAACAGATCTTGGTCACGAAGTGTTTAAACAATTGACAGGCTACTATAAAGCACTTTTTATGGCAGCTGGAGCTATTGCTATCATAGGTATAGTTCCAGGAATGCCTACAATACCTTTTGCTCTTTTAGCCACTCTTATTGCTGCTACTGCCTATATGGTCTACTTAGTAGACAAAAGAAAAGAAATAGAAGAAGCTGAGAGAAAAGCTCGAGAACTCCTTAAGCAAGCAAAAGAAGCAGAAGAAAAACCTGAAGAAATAGTTGTCCAACCAGAACCACTAACACTTGAAATAGGATACTCTCTTATTCCTTACGTTGATGAGTCCCAAAATGGTGAAATAGTAAAGAAAATACGTTCTCTTAGAAAACAACTAGCTAAAGAGTTAGGAATTATTATTCCGCTGGTTCATCTTAAAGACAATCTCGAGCTAAAACCTAATGAGTATAGGATTTTGTTAAGAGATGTTGAAGTAGCACGAGGAGAAGTCCAACCTGGAAAGTACCTTGCAATAGATACAGGTGGAACTAGAGGAAAAATAGAAGGAATACCAACTAAGGAACCAGCTTTTGGTCTTACAGCTTATTGGATAGACGAAAAAAGCAAGGATAAAGCTAAACTATTAGGATATACAGTTGTAGATATTCCAACTGTTATTGTTACTCATCTTTCTGAAGTGATAAAGAAACATGCTTATGAAATACTTGGAAGAGCAGAAGTTAAACAACTTATTGATAACCTTAGTAAAAGATATCCTATTGTAAAAGAAATCATTCCTGAACAAGTATCTCTAGGAACTTTAACAAAGGTTCTTCAGAATTTACTAAGAGAAGGGATACCGGTCAGAGATCTTTTAAGTATTATAGAATCGGTTTCTGATAACATTGATAAAACAAGAGATCCTGAAATTTTAACAGAGTTTGCAAGACAATCTCTATCAAGACTTATTTCTAATCTTTATTCTAAAGACGGTATTTTAACTGCCATTTCTCTAGATCCAGAAACAGAAAATTATATTCTCAAGAAAGTCAAAGAAAATGATGGCTATCTACCTCCTTTAGATCCTGTCTTTGTGCAAAATTTAGTAAAGAGTATAAGTGGAACTCTTGAAAAGTTTATAATTAATCAAGTAACTCCTGTTTTACTTGCCTCACCAGCTGTAAGAAGATTTATAAAGAGAATTATTGAACCTTATTTACCGAGTATAGCAGTTCTTTCTTACTCTGAGATAGAGCCTGGACTTAAGGTTAACCTTATAGGGACGGTAAAGGGCTGATGGAAGTAAAAGTTTATGAAGGAAACAGCTTAGATTCTTTAGTAGAGCAAGCAAAAAGAGAACTTGGAGAAGAAATAGATATTCTTTATTATGAAGTAGAAAAAGAGAGGAGCTTTCTTCCTTTTTTTAGAAAAAAGAAGTATAAACTTTTTGTTGTACCAAAAGAAAAAAGAGAAAATAATGAAATCGAAAAATTAGAAGAAGAGTTAAACGAAGTAAAGGACCTCTTAACGAAC
CP176813.1_gap35	1192886	1196163	3277	ATAACTTTAAGATTTTCAAATGGATATGTAAAGGAACTAAGTTAGAAGTTAAGTATATTGGGGATTGGGGACATCCACGGAATCAAAAAATGTTACTTTTTAGAAAAAAGGACAATTAATGAGGCATATAGAATATGGAACCAGTAATAGTAATTGGAATGCATAGATCAGGAACTTCACTGTTAACTAGAATACTAGAAGAATTAGGAGTATTTATGGGTTATGAAAAAGAAGAAAATGAAGAGTCCATCTATTTTCTTAGGCTTAATGAATGGATTCTATCTCAGGCTAATGCATCTTGGGATAATCCTTACAACTTTAGGTTTCTCAAAGAATTTCATAAAAGGATTATTAAAGAAGTCCTTGTTAAAGAGCTTTCTTCAAAGGAATTTTTAAGTTCTTACTTAGGAAATAAAAAATTTATGTACTCTTCTCTTTTTGACCTAAATTTTCTTTGGGGATGGAAGGATCCAAGAAATACTTTTACTCTAGAAATTTGGAAAAGTATCTTTCCTAGGGCCAAGGTAATTCACGTATATAGAAATCCTGTAGATGTTGCGGAAAGTTTAAGAATTAGAGAAAAAAAATTAAGAAAAAATTTTTTAAGAACTTGGAATTCTTTGAATTATATTCCTAAGGCTAGTAATTGGAAAATTCAAGCTTCTCCAAGGGTGGAAAACCTAAATGAAGGTTTTAAGCTGTGGAGGGATTATATCAAAGAAGCTTTGAGCTGGGAGAAAATTCTTAAGAATAGATTTATGTCTGTTAAGTATGAAGATATATTAACAGAACCCCAATCCTCAATATCTAAAATTGCTAACTTCTTAGGCCTGAAAGTTAATCCGGAATGTTTAGAAGCTATTACATCAAAAATTAATAGTAACAGAAGATATGCTTTTAGAAATAAACAGAAACTTTTATCTTTTTATCAGACAATTAAGAATGATTATTATGTAAAACTTCTTGGATATGACAGAATTATCTAAATTTTCTGGAATTTTAAACTTAACTGCTCCATAGTCTTTTCCTATTCTAACCACTATATGGTTGGATTTTCTTTTTCCTTGAAATTTTCTCTTGTCAACTATCATATTAGGATTTGTTTCAAAAGTAAATGAGTAAAGACTATTTAGCTTTCTTGGTTTTGGAAGTGATGCTTTTTCTCCTATTTTCCACTTCTCTAAGATACTCTTTAACTCTTTTGTTACAACTCCAACAAGAGCTTTTGCTGTGTCTGAACCTATTTTTTTACTCCACAAGATTACTAATTCTTTTTTCCATTCTTTAATTTTTTCATTCTCAAAAGGAAGGGTTTCTCTACCCTTTACAAACTTTTCAAGGAATGTTTTGGAGAGAAAAGGCTTTATATCTTTTGAGTGTTTGTGATATTCTAATGCACACAAGTAAATTAGATTTTTAAACTGCTGAAATGTTTTTGAAGCTCTTTTTAGTTTGTTACAGGTGCTTCTTTTGGTAGTGGAGATGGATAAGGTAAGGAGCAAGGTAGGACTCCTTTTTGATGTTCTAGAACGAATTTATATTCGAGATATAGAAGTGACAAGTTGTATAAAGACTAATGATTTATAAGGAAATGTAATCAAGAACTGTTTGCAAGGAGGAGTTTTGAAAGGTATAAGCGTCCTCATTCCCACCTACAATAGACCTAAATTCTTACGGAGGGCTCTTACTTCTGTCTTGAATCAGACTAGACTTCCCGATGAAATAATAATTTCCGATGATAATCCTCATTCCGCTGAAAACTTCGAGGCAATTAAAGACTTGGTAGAACAATACAAAGGACTGATAAAATATTGGAAAAATAACGAAAGGTTAGGTGTAGAAAAGAATTATTCCAAGTTACTAAAAGAAGCAAATTATGAATATATAAAGTTTCTTGCAGATGATGATTTGTTGCATCCAGAAGCTTTAAAACTGATGGAAGAAATCCTAAACAAGCATGAAGATGTTGTTCTTGTTTCTTCTCACAGAATTCCTGTCAACGAAGAAGAAGAGTTTATTTATGGCATAGAAGCTACTAAACCTTTATGTAAGAAAGATCAAATCCTAAATGGAAAAGAAGTTATAAGAAAATCACTAATTGATTTAAAAAACTACGTAGGAGAATTTTCAACCTATATGTTCAGGAAATCTCTTCTCGATATAAATCCTTTTTACTTCTGCAACTTACATTTTAGAGCAAACGCAGACTGGGTTTTATGGATGTATTTACTGTCGAAGGGAAATCTTTTTTACTACGCTCGTCCTTTATCCTTTTTTACTGTTCATTCTGAAAAAAAAGAACAATCTAATTTAAATCTCCAAGTTTCTGCATTTAAAGAACTTATTGAGTTTATTTTTAATAAAAAGTTTCTTAATTCAATTAACATACATCTAACTCTAAAAGAAAGAGCAGTAGCCGTTGAAAACTTTTTGTCTTATCTTAAGCTTGAGCTTCCAGTAAAGGAAAGGATAAAAATAACAGAAGTTTTACTAGCAAAATATCAGCGTGATTTAGAAAAGTCAAAATTCTTCTTCAAAGAAAGCTACACACGTCCTCCTTTCTCTATCATAATCGTTACTTATAACTCCTCCTCAACTATAGAAATTTTACTTGCGTCTCTTAAAGCTTCCGTAACTGATAGAGACGAAATAATAATTGTTGATAATGCTTCAAAAGATGAAACTCTTTCTTTAGTAAAAAAATTTATAAAAGAAAATAGTTCAAAAAATTTTAAGATTTTAAATCTTAAAGAAAACATAGGTTACGCAGCAGCAATAAATAAGGGAGTAGAAGTATCTAAACATAACTATCTTGCTTTTGTTAATCCTGATACTGTTCTTCCAAACGGTTGGATTAATATCGTCTATGAACATCTTAAAGAAAAAGAAGTTGGGGCTGTAGGTGCAATTTCGAACCAAGTAATTATATCTCAAAATATTTTAGAATTTTCTAATTTTGCTGAAAATATAAAAGAAAAAGATTTCCGCAATTATGTTGATTTAATAAATAAACATTTAAGAATCTTATTCATGAAGCAATCTGAGAAAAAAAAGTTTCTTGTAGGATTTTTCTTAGCAACTAAAAAGAAAATTTTTGAGAAAGTTGGTAAATTTGATGAAGAACTTTTTCTAGGAATGGACGATTTAGATTACTCTTTAAAATTAAGAGAAAACGGATATAAACTTATTCTTCCTAAAGACCTTTTTATTTATCATCAAGGACATGTATCTTTTAAAAAGAATAAAGAAGCCGAGAAACTCAAAGAATTAACAGAAA
CP176813.1_gap36	1200335	1204178	3843	TATCTACAGTAGTTATAGGATACCTTTTAAAAAAATTTTTCCCAAAAGGTATTTTAATTTCTCTAGAACATGAATACGATTTTTATAAAAAAACACTTGAAGAACTAAAACTCCACGAACTTAATAATGTTAAACTCCTCTATACACCTTTAATCAGTTATTGGATAAAGAATAAAGAATGGCTTTGGTATGATACATCTTGCCTGAATAATCTTTTAGGAAACAGAAAAATAGATGTTCTTTTCATAGATGGCCCTCCAGAGATTATTCAAAAAGATGCTCGATACCCGGCACTGCCACTTTTAAGAAAATTTCTTTCAGAAAAATTTCTTTTACTTTTAGATGATGCTAATAGAGAAGGGGAAAGAAACGCTTCTTATGAATGGAAAAAGGAACTAGAAATTTACGAATCTGAAACTGTCCAAACAGAAAAAGGAACTTTAATTATTAAGAAAATATCTGTAAAAGAAAAACCTTTCTTCTCTATATGCATTCCAACATATAATAGAGCAAACTATCTTAAGGAAGCTATAGAAAGCATTCTTAGACAAACTTATTCTAACTTTGAAGTCATTATATACGATGATGGTTCTACAGATGATACTGAAAGAATTGTCAAGAACTTTAATGATAAAAGAATTAAGTATATAAAAGGAAAAGTGAACCAGGGACGTCCTTTTGCAAGAAATAAATGTATTGATTTAGCAAAAGGAAATTGGATTGTCTGGCTAGATGACGACGATAAAATGGAACCCGAGCTTCTTTCATTCTATGCTGTAAATATTAATAGATTTCCTGAAGTTTCTGTATTTTATCCTAAATATATAAAAGCTTTCTATGAGAAAAAACATTCAATACAATTTATAACAATATCCGATTTTTATAAAAATCATTCAAATCTTATTAGAACTCTTATAAGAAAACCGCCTATTCCTAATCCAGGAGTTTGTCTGAAAAAGAAAATTTATTCTCTTTTCGGAAAATATAATGAAGAATTTCTTAGAGCTCAAGATTACGAACTTTGGCTGAGAGTTTTACCCCATGTTGAAGTAAAAGGAATAGATTACGTAGGAATCTTATATAGAATACACTCAAATAATGTTTCCACTAACACGTTAACTATGGATTATTCCTACGAGTCCTTTGCAAAGAGAAGGTTCTTAAGTAACTCTTCTCTTGAAGAGATATACAAATTTTCTCCGGAAAATAGTCTAAAACTATTTGCTGATGACCTATTAGTCCACGATGACTACTTTAACGCAACTTATTATCTATGGATAGGAAATTTCAGAGAAGAATCTAAAGTAGTAGCTCGAAAAGCCGGTCTATACGTTAAACCTGACTCAAGGTTTATAAAACTTCACAGAAAATTCTTTCACTTTCTTGAATCTAAAAATCTTTCAGCAGCTGCTGCTATCTCTCCTAAGTTAGGAAAATTTTACGAATTCTTAGCAAACGCTCTTCTTCTCCTGAACGAAAAACCTAAATTTTCCCTTGCATCTTTCAAACGAGCTGCCCTTATTAACCCTATTTTTGATTTTTCTTATCTAATTCCTTCAAAATGGACAGAAGAAATTAAAAGTGTAAAGAAAAGGATATTAATAGAAGCTAATTCTTTAGAAAAAGAAAAAAAGAATTTTATTTCTTTTATGGAGAAAAACTATGAAGATCTCTGCTTGTATCATAGCGAAAAATGAAGAAGAAAATTTACCCAGATTATTAAGGTCTATAAAAGGAAAGTTTGATGAATTAATTCTCGTTGATACAGGTTCCACTGATAGGACAAAAGAAATTGCCAAAGAGTATGGTTGTAAGGTTATAGAGCACGAATGGAAAGGATTTGCCGATGCAAGAAATAGAGCTATAAAAGAAGCAACTGGGGATTGGATATGGCATTTTGATGCTGATTTTGAACTTGAAGAAGAAGAGTATAAAAAAGCTCTTCTATTTTTTAAATACTTACCCAAAGAAATAGAAGGAATTTCCATATGTATAAGAAACTTTGATGCTGTAGGTAGAATTAAAGCTCTATCTTCAAATATTTTTATTCACCGCAATAAGAAACATATAGTTTGGAAAGGAAAAGTTCATGAAACTCCAGTAGTAAAAGTAGCAATAGGAGTTCCTATTTTTGTTAATCATTATGGATATATAGATAAAAATATATTACTAAAGAAAGCAGAAAGGAACCTGAAACTATTAGAAGATGAGATTAGTACTATACCTAAACAAAGCCGAGAATATGCGCTAAAGCTTTTTTTCTTTGTACAAACATATTTATTATTAGCTGCTCAAGATAAGAATTTCCTAGAGGAAGCAGAAAAGTACGCAAAAGAATTTATAGAAATTTCCCAATATGACATAAAAAAATATGATTTCTTTTTAGCTTACATGTTAAGTTATTTAGCAAACATATATAGAATGAAAAATGACAAAAAAAACAGAAAGAAAATTGAAGATATAATCATTAAGGCAGAAAATTTACAAATTGAACTTCCTGACATCTACATAATTGCTTTTGATTATTATAAAGAGATTGATAAAGAAAAAGCTATTAAATATCTCATCAAAGCAGCTTACCTACTAGATAAAGCAGAGGAAAACCTATTCCAACTTAATTTTGGAGCAGCAGTAGAAGGACAATTATCTTTTGAAAAGGCTCTTGATTTCCTTAAGACAAAAGGAATTCCTCCTGAGCAAAATATAATAGATGAAGCTTACAAGTTATGGAAAAGAGAAAAAGGAAAAAATCTAGGATTACTTCTTTATTTCCTTTTACCTGAAAAAGAAAAGGAAAAGATAGCAAAAAAAATTGCTCGTCGTTATCCTACAAATTCCACTTTAAAAGTTTATTTTGAGGAATTAGAAAAAAAAGAAAAGTGGGAAACTATATTAAAATTAATAGAAATATACAAAAATTATCCAGTAGTATATCTTTATAAAGCAAAACTTAAGGATAAAAAAGGTAACTTCCAATCTGCTATTTCTGATTATCTATACTATCTATTAAAAAATCCTGACAAAGAAGTAGCAAATTATGTAATTCCAAAATTAGCTAAAATTTACCCTTCTACCTCCGATAATAAATAATAGAAACAAATTAAAGAGGAGGTAAGTCATGGCCTTAAGAATTAACTACAACTACCAGTCAGATTTTACACATTTTAACTTGCTTCAAACAGAAGCAAACATGAACAAGTCTCTTGAAAGACTTGCTACAGGTTATAGAATCAACAGAGCTGCTGATGATGCTGCTGGTCTTTATATTGCAGATCAACTCAAAACTTATTCAGTATCTCTTGAACAAGCAACAAGAAACTCACAAGATGGAATTTCTATAGCACAAATTGCTCAATCTGCTTTGTCAAATGTATATAACATCCTTAATGACATTAAAGCAAAGGCCATCGAAGCAGCTAATGATTCACAAGACGATTCAACAAGACAAATCATTCAGCAAGATATTAACAAACTCGTTGACGCTATTAGTAAAATTTTCACAGATACAGAATTTAATGGTAAAAGTATATTTTCTCCAGGAGCAAATACTTTTACCATTCACTATGGAGGAAGAACTAATCAAACACTAGTGATGCAAGTTTGGACAGCAACTGCAGCAGCTGCAGCAGATACAAGCGCTCCATCAACTATTACAATAGGGTCTACAGGTATTACCATCGATGTAACTTCCCAAACAAAGGCTGAAAAAGCAATAGCAAATATTGATAACATTATTAAACAAGTAGATCAACTTAATGCTAAAATAGGTTCCTATCAGATTGAACTTGAAAAGATTATTACTAATAATGAAAGTCAAAGAATTAATGCTCAAGAAGCAGAATC
CP176813.1_gap37	1319418	1322398	2980	TAAGGCTCTGGTGGTCTAAAAGATCTAATTTCAGCAGCTACCTGTCCAACTTTTTGCTTATCAATTCCTCTAACGTAAATGTTGTTATCTCTATCAACCTCTATTTCAATGCCTTCAGGAATCTGATAAAGAACTGGGTGTGAAAAACCAAGATGAAGTTCAAGAACTTTTCCTTTAGCAAACGCTCTATAACCAAGTCCTTTTACTTCAAGAACCTTTTCAAATCCCTTAGATACTCCTATTACCATATTATTGATAAGAGCTCTTGTGGTTCCGTGGAGAGCTCTCATTTGCTTTTCATCAGTAGGTCTTTCAACAATTACCTTATTATCTTCAACCTTTATAGTAAGTCTTGGATTAAAAGTGTACTCAAGAGTTCCCTTTGGACCTTTAACAACTACATGATTTCCTGGTTTTACCTCTACAGTTACACCCTGTGGTATTTCTATAGGCATTCTACCAATCCTTGACATCTTCCCACTCCTTTAATCAGTTTTACCAAACGTAGCAAAGAACTTCTCCACCAACTCCAAGTTTTCTCGCTTTGTAACCAGGAATAATTCCTTTATTGGTGGAAAGAATTGCAACGCCAAGTCCAGCTTTTACGAGAGGGATTTCATCCTTACCAACATAGATTCTTCTACCTGGCTTACTAACCCTCTTAATTTCATTTATAACTCTTTCTTTGTTAGGACCATACTTAAGATAAACTCTTATAAGCTTCTTTTTATTTTCAGGATTTTTTGTTCTATTAAAGTCTTCTTCTCTTATCTCATAATCTTTAATAAAACCTTCTTCTTTAAGAATCTTAGCTATAGCCTCATTAACCTTGGAATAAGGAGCATCTGTATATTCCTGATATACAAAGTTAGCATTTCTAATTCTCGTTAAAAAATCAGCAACTGTATCCATCATCATGGCTGCTCTACCTCTCCTCTGAATTTTTACCAGCTTGCCTTCTTAACTCCAGGAATTTTTCCCTGAAGGGCAAGAGTTCTGAAACAGAGTCTGCACATACCAAACTCTCTAATAAATCCTCTCGGACGACCACACAAAGGACATCTATTATACTTTCTAACTTTGAACTTTGGTTCTCTTTGTGCTTTAACAATCAATGCCTTCCTTGCCATAGTTCCTCCTCAATTATTTCCTGAATGGGAAGCCAAAAGCTTCAAGAAGAGCTTTAGCTTCTTCGTCAGTTTCAGCAGTTGTAACAATAGTAATGTTCATTCCTCTAATCTTGTCAACCTTGTCGTAGTCTATTTCAGGAAAGACTGTCTGCTCTTCTAGACCAAAGTTATAGTTTCCTCTTCCATCAAAAGACTTAGGAGAAAGTCCTTTAAAGTCTCTAACCCTAGGTAAAGCGATAGAAATAAGCCTATCGAGAAATTCATACATTCTATCTCTTCTAAGGGTTACTTTTGCACCAATAGGCATCCCTTTTCTGAGCTTAAATCCAGCTTCAGATCTTTTCGCCCTCCTAACGGAAGGCTTCTGTCCTGTAATTAGTTCAAGATCATTCATAGCATTTTCAAGAGCTTTAATATTCTGAACAGCTTCACCAACACCCATGTTAACAACTATTTTCTCAATCTTTGGAACTTCCATTATATTCTTGTAACCAAACTTCTTCATTAAAAGAGGAACTACTTCTTTCTCATATTTCTCTTTAAGTCTTGGAACATACTTATCAGCCATCTTTCCTCCTTAAATTTAGCGGATTACCGACCCGCTTTTTTTGGTTTACTAATTTCATCAATAACAGCACCGGAACGTTTAGCATACCTTACTTTTTTTCCATTCTCAAATTTTATGCCAACCCTTGTTGGCTTTCCAGTTTTTGGACAAATGAGCATTACATTGCTGATGTGAATAGGAGCTTCTTTCTCAATAATTCCACCTTCAGGATACTTTTGACTTGGTCTAAGGTGCTTTTTTACTATTCTTACACCCTCAACGATAACCCTTTCCTCTTCAGGTAAAACTTTCAAAACTTTTCCTACTTTTCCTTTATCTTTGCCGGCTATAACAATAACTTTATCGCCGGCTTTTATCTTAAACTTCTTCTTAGCCATTAGAATCCTCCTTAAATAACTTCTGGAGCAAGTGAAGCTATCTTGGTATAGCCTTTTTGTCTTGCTTCTCTTGCAACAGGCCCCAATATACGAGTTCCAAGAGGCTCTCCTTGTTTATTAAGTAAAACAACAGCATTATCATCAAACTTAATGTAAGTGCCGTCAGGACGTCTTACCTCTTTCTTTGTTCTGACAACAACAGCTCTGTAAATTTCCCCTTTCTTAGCTGTTGCATTCGGAATTGCATCCTTTACAGTAACTACTATTTGATCTCCTAAGGATGCATATCTTCTATTAGAACCACCTAAAACCCTGATACACTGGACCTTTTTTGCTCCAGTGTTATCAGCAACATTGAGGTATGTTTGAACCTGGATCATCGCTCCACTCCTTTAACAAAAGTTTACTCCTCTACTTCCTCACCACCAAGCTTTTTAGCCTTTTCAATAATTTCTACTACTCTCCATCTTTTGCGCTTAGAAAGTGGTCTAGTTTCCATTATCTTTACAACATCACCAATTTGACACTGATTGTTTTCATCATGAGCCATATACTTTTTAGAGAACTTAACTCTTTTACCGTAAACCGGATGTCTAAATTCCCTTGTAACTCTAACAACTACGGTTTTGTCCATCTTATCACTAACAACAACACCAACCCTTACTTTTCTTCTATTAACTCTGGTTTCAGCCATTCTCTCCTCCATCAAGCCTTAACGCCACGTTCTCTGAGGATAGTGAGAATACGGGCAATCTGTTTCCTTGTTTTCCTAATTTCCATAGGATTTTCAAGTTGACCAAAAGCGTTTTTAAATCTAAGCTTAAGGAGCTTTTCTTTAAGCTCCACAACCATCTTTTTAAGTTCATCAGTTGATTTCTGTCTTAGTTCTTCTGTGTACTTCTTCA
CP176813.1_gap38	1325023	1328150	3127	ATAAAACGCCTACTTGGCGTATATGGTTTAAACTTCTTAATTCCCATTTTTCAACTCCTTACTTAGAGTTTCTCAAGATCTATCTCGTATCCAGGCTTTAAGGTAACAACTGCTTTCTTCCAATCTTTCTTCTTTCCCCTTAAGAACCTAATACCTTTTCTTTTACCTTTAACTATCATTGTATTAACTTTCTCAACCTTAACACCAAAAACTTTCTCAACAGCTTCTTTTATCTCAGGTTTTGTTGCATCCATTGCAACTTCAAAAGTTATCTTCGTAATCTTTTTAGTTTCCTTTGTCTTAGAGCTCTTAGCTTCAAGGTTTGCAAGCTTTACGCTCTTTTCCGTAATAACAGGGCGCAGGATTATATCATAGGGAGTCCTCATAGCGATAACCTCTCCTCTAGTTTAGGTAGAGTTGACTTAAAGAAAATGCATTTGTCATAACAAAGCATATCGTAAACGTTAAGTCCTTCAATCTCAAGAAGTTTAACGTTTGGCAGATTTCTGAAAGATTTATAAGTGTTTTCCTCAAGTTCAGGAACAACAATAAGAACTTTTTCGTTCTCAAGTCCAAGAGTCTTGAGAAACTCTATTGCTTGTTTTGTCTTTGGCTTTTCAAAAGTAAAGTCTTCTACAACAATTAAATTTCCTTCTTGAAGTCTTCCAGCAACAACGCTCCTGAGAGCTACCTTTCTAACCTTCTTTGGAAGTGGGTAGTAGTAGTCTCTTGGCTTTGGACCATGAACAACTCCACCACCTACCCACTGAGGAGCTCTGATAGAACCTTGGCGAGCTCTACCTGTATGTTTTTGTGGCCAAGGCTTCTTACCACCACCTCTTACTTCACCACGAGTTTTTGTGGAATGAGTACCTCTTCTGCGCTTAGCAAGCTGCCACTTAACAGTTTCCCAAACAGCATGCTTTTTTATAGGAGCATTAGCAATTTCATCTTTTATAGTAACTGTTCCTACTTCTTGATTAGCTGCATTTACTACCTTGATCTCCATTTTTCACCCCTTACTTTCCTTTGACTATAACAAGTCCGCCTTTATGTCCAGGAACTGAACCCTTAACGAGAATAAGGTTTTTCTCAGGAATAACATCAACAATTTCAAGATTTTTGATTGTTACAGTTTCATTTCCGTAGTGTCCTGCCATCCTCTTACCTTTGTGTACTCTACCAGGAAAAGCACAAGCACCAATAGAACCTGGACCTTCATGGAAGTCTGAACCGTGGGACTTTCTACCACCACCAAAACCATGTCTTTTGTGGTAACCAGCAAATCCTCTACCTTTTGAAGTTCCAGTAATATCGACTTTCTCTCCAGGCTGGAAAATCTCAACAGTTATTTTGTCACCTACGTTGTACTGGTCTATGTTATCGAACTTAACTTCTTTAAGCCATCTTGTTGGCTTAATTCCAGCCTTTTTAAAGTGGCCAAGGAGCGGCTTTGGAAACTTACTTTCGTGCTTATTCTTTTCCATAAATCCAAGCTGAAGCGCAGAATAACCATCCCTTGCTGGAGTTCTTTTCTGAACTACTGTACATGGACCTGCTTCTATAACAGTAACAGCAATGGCTTTACCATCTTCAGTAAAAATCTGTGTCATTCCAACTTTTCTACCGAGGATACCTTTCATCACTTCACCTCTTAATCAAGCTTTATCTCTACATCAACACCGGCGGGAAGCTTAAGATCCATTAAAGCTTCCACGGTTTGTGGCTTAGGATTTTTAATATCAAGAAGTCTTCTATGTTTTCTAATTTCAAACTGTTCTTGCGAATACTTATACTTGTGCGGAGACCTAATTACACTCCAAACAGAACGCTTTGTTGGAAGAGGAATAGGACCGGCGACAATAGCACCAGTCCTCTTAACTGTATCTATAATTTCCTGAACAGATCTATCAAGAAGTCTGTGATCATAAGCTGTTAACTTTATTCTTATACGATCCTGAGCCATTACCTACCCCTCTATTAGTCAAGAATTTCCGTAACAACACCAGCACCTACAGTTCTACCACCTTCACGAATAGCAAATCTAAGCCCTTCTTCAATAGCTACTGGCTTAAGAAGCTCTACTTCAAATGTAACGTTATCTCCAGGCATTACCATCTCTACGCCTTCTGGAAGCTTTACCTTTCCTGTTACATCTGTTGTTCTAAAGTAAAACTGTGGCTGATATCCATTAAAGAATGGTGTATGTCTTCCTCCTTCTTCCTTGGAGAGAATGTAAACTTCTGCCTTAAACTTCTTGTGTGGATTAATTGAGCCAGGCTTTGCTACTACCATTCCTCTCTCTACTTCGTCCTTTCCTACACCTCTTAAAAGAATTCCTACGTTGTCTCCTGGAAGTGCTTCGTCAAGTACTTTCCTAAACATCTCTATTCCTGTTGCTACTGTCTTAATTGGTTCTTCTCTTAGTCCTACTATCTCTACTTCTTCTCCTACTGTGAGCTTTCCTCTCTCTACTCTTCCTGTTACTACTGTTCCTCTACCAGAAATAGAGAATACGTCTTCTATTGGCATGAGGAATGGCTTGTCTACTTCTCTTACTGGCTCAGGTACATATTCATCTAGAGCGTTTACTAGTTCATAAATTGGCTGGCAGTCAGGACAGTCTGGGGATGTACATTCAAGTGCTTTAAGAGCTGATCCTTTGATTACTGGTACTTCGTCTCCTGGGAAGTCGTATTCGTTAAGTAGTTCTCTTACTTCAAGTTCAACAAGTTCAAGAAGTTCTTCGTCATCTACCATATCTACTTTGTTTAAGAATACTACGATGTATGGAACGTTAACCTGTCTTGCAAGAAGAACGTGTTCTCTTGTTTGTGGCATTGGACCGTCTGCTGCTGATACAACAAGGATAGCTCCGTCCATCTGAGCAGCACCGGTAATCATGTTCTTGATGTAGTCTGCGTGTCCTGGGCAGTCTACGTGAGCGTAGTGGTACTTGTCAGATTCGTACTCAACGTGAGCAGTAGCGATTGTAATTCCTCTTTCTCTTTCTTCTGGAGCTTTGTCAATTTGGTCGTAAGCTACTTCCTGAGCCTTTCCTTGGAGAGCAAGACAGTGTGTGATTGCTGCTGTGAGGGTTGTCTTTCCGTGGTCAACGTGTCCGATT
CP176813.1_gap39	1330074	1334641	4567	TCCACCAACAGAACAAAGAATAGTTACAGCACCATCAAGAACTCTTAAAGAACGTTCAACCTCAATTGTAAAGTCAACGTGTCCTGGAGTATCAACGATGTTAATTCTGTGGTCTCTCCAAAAACACGTTGTTGTAGCAGAGGTAATTGTAATACCTCTTTCCTTTTCTTGTTCCATCCAGTCCATTTCGGCAGCGCCTTCGTGGACCTCTCCAATCTTATGAATCCTACCTGTATAGTAGAGAATACGCTCAGTAGTTGTTGTCTTACCTGCATCAATGTGAGCAATAATTCCAATGTTCCTAACCTTTTCAAGAGGAACCTTAATCTGCTTTATAGCTGCTTGTTTACTCAACTTAGCCTCCTACAATCATGTTGCTTACCATCTGTAGTGAGCAAAAGCCTTGTTTGCTTCTGCCATCTTGTGGGTATCTTCCTTCTTCTTAAATGCCCCACCTCTTTCGTTGTAGGCATCAATTAGTTCATTTGCAAGCTTGTTTACCATTCCGCGCTCAGAACGAGCACGTGCAGCGTCCACGATCCACTTGAGTGCAAGGTGAATCTGTCTTTCTGGTCTTACTTCCATTGGTACTTGATATGTAGCACCACCAACACGGCGTGGACGTACTTCCATAATTGGTTTTACATTTTCTACAGCTTTGTGGAACACGGCAAGTGGATCTTCTCCGAGTTTTTCCTTAATGATGTCAAATGCACCGTAAACAATCTTTTCAGCCTTACTCTTCTTACCATCCTTCATAACCTTGTTGATAAGCTTTGCTACAAGCTTATCACCGTAAACTGGGTCAGGAAGAATTTCTCTTGGTGGAACCGGTCCTTTCCTTGGCATGTCCTTCCTCTCCTAATTATTTTTTCTCTTTAGGTCTTTTTGTTCCGTACTTAGATCTTGACTGTTTTCTACCCTCTACTCCTGCAGCATCAAGAGCTCCACGGATAATCTTATAACGAACACCTGGAAGGTCCTTTACCCTTCCACCCCTTACAAGAACTACAGAGTGCTCTTGAAGGTTGTGTCCAATTCCTGGTATGTAAGCTGTTACTTCAATACCATTAGAAAGTCTAACTCTTGCAACTTTACGAAGAGCAGAGTTAGGTTTCTTAGGTGTGGTTGTAAAAACTCTTACACAAACACCCCTTTTTTGAGGGTTTCCTTGTAGAGCTGGCGCTTTAGAACGCTTAAGCTTTTTCTCACGCCCCTTTCTAACAAGTTGATTTATTGTGGGCATACTACTCCTCCTCTTTTAGTTTGGCGGTTGAATATAATCAAACAGAAAAGAGTTTGTCAAGAATGAGGATATGCAGAAAAAAAAGAAAGTCAAGGGAAGTCTACTTTGTCTTCTTCCTCTTAAGAAGTTCTCTTGATAATATTAAACTTGCTCTCAGTTTCTCTAAACGTTGATAAATTCTTATCAAATCAACATCAGCTATAGGACTAAGCTCTACCTTATAATCAAAATTTCCTTTGCTAATTTCTTCTGCAAACTGTTCAACCTTTTTATAATCTTCAGCAGAAATCTTTGCATACATGTAAGTAATAATAAAAAAGACTGCTCCAACAACTAAAATAGCAACGAGCAATTTAAAAAAAACTTCTTTTGCCAATTCAGAATTATGAATACTTTCTGTTATTATCACATAGGAAGCAACTAGGAAGATGAGCGCAGTAGTGTAATAAAAAATTCCCATTCTTAAAGGATATGAAACACGAATGGGTAAATCCGAAAGGAAAAATTTTCTTAAAAAATTTATTTTCATTATTTCCTCCTAAATCATTCTAACGGCTTTTTCCTATATTTTCTTCTTTCAAGCCTATCAAGAACCTCAAGAAACGCTAAAGCCGAAGCTCTAACTATATCAGGATCAACGCCTCTTCCACTCACTTTTATACCTTCACTCTCTATAGTAAGAAATACTTCTGCAAGAGCATCTGTTCCAGCTGTTAGAGCTCTTATTTTAAAGTCTTTTAGTTTTATCTCCTTATCATAACCTAAAGCATTTTTAATAGCTCTATATGTTGCATCTACTGGACCATTTCCAACTGCAAGACCAAGTTTTTCCCCTTCAGGAGTCTTTATTTTTACAGTTGCAGAAGGAATAATTCCTTCTCCACTAACAGCTTGATTGTAAATGAGCTCAAACTTTCTCCCTTTTTCTCCTTCAAGACCCTCAACAATAAGTTCAATATCAATATCATAAATTTCTTTCTTACGAGAAGCCAATTCTTTAAACCTTCTAAAAGCTTCTTCAACTTTTTCTTCCGGAAGTAAAATTCCCATTTCTTCAAGCTTCTTTCTAAAAGCATGTCTTCCAGAGTGTTTTCCAAGAACAATTTTCGATTCCTTAAGACCAATATCCTCCGGCTTCATGATTTCATAAGTTTCTCTCTTTGCAAGAACCCCGTGCTGGTGAATTCCAGATTCATGAGCAAAAGCATTTTCACCAACAATAGGTTTGTTCTTTGCAATCATCATACCTGTTAATCTACTTACAAGCTGGGAAGTCCTATAAATCTGTGTCGTATCTATGTCAGTATAGACTGGAAACTGGTCTTTCCTAACTTTTATAGCCATTACAATCTCTTCCATTGAAGCATTTCCAGCTCTTTCGCCAATACCGTTAACTGTACACTCAATCTGCCTTGCACCAGCTTTAACAGCCATCAAAGAGTTTGCAGTTGCAAGTCCAAGATCATTATGGCAATGGACACTAATTATCGCCTTATCTATGTTTGGAACATTTTCTTTGATTGAAAGAATTTTTTCATACCACTCATCAGGAACTGCATAACCAACAGTATCAGGAATATTTACAACTTTAGCTCCTGCCTCAATAACAGCTTCAAGAACTTCATAAAGATATTTAAGATCTGTTCTTCCTGCATCTTCAGCTGAAAACTCAACTTCTGCCTTTCCTTCACTTATATCTTGAATAAGCTTTACAGCACTAACAGCTCTTTTTAAAGCTTCTTCTTTAGACATTTTGAGCTTGTACTTAAGATGGATATCAGAAGTAGCAATAAAGGTATGAATTCTTGGTTTCTTAGCCTCTTTCAACGCTTCCCAAGCAGCTTTAATATCAGCCTCAACAGCTCTTGCAAGAGAACAAACAGCTGAGTTTTTAACTTCTTTTGCTATTTGCTGAATAGCTTCAAAGTCTGCTGGGGAACTTATTGCAAAACCGGCTTCTATTACATCAACTCCAAGCCTTTCAAGTTGTTTTGCTATTTGTACCTTCTCTTCAATTGTTAAATTAACTCCAGCAGTTTGCTCACCATCTCTTAAAGTAGTATCAAATATGTAAAGTTTTTCTCTTGTCAAAGCTTCCTCCTTATTGCAAACTGTTTGCAATTACATTAAAATTAATCATATATACTTAATATTTCAATCCAAAAATTTCTCTTTCTCTTTTTCTTCCTCTACGCGGACCAAATAGTATAGTAAGAATAATTCCTGCTAAGAAACCACCAACATGAGCAAACCAGGCAACTCCTCCCATCGATAAGCTATCTATAGAGATGAGAGCACTTGTAAACTGGATAAAGAACCAAATAGCTATCCAGACAGCCGCAGGAATGACAACAATACTTATGAAGATAAAAATGAAAATAAGAGTAACAATCTTAGCTCTTGGAAAGAGCAACATATAAGCTCCCAAAACACCACTTATAGAACCAGATGCTCCAATTAAGGGAATAGTTGCTTCAGGATAGACAGAAACTTGTATGAGAGCAGCTATAATGCCACAGAGAGTATAAAAGAGAAAATACTTTAATCTTCCAAAATAGTCCTCGACATTATCTCCAAAAACCCACAGAAAAAGCATATTACCAATGATATGAAGAAAACCTCCGTGAAGGTATTGATAAGAAATTAAATTACCGTACGGAGTAAGTGGATTAGGTGGAGGAACATCAACTCCATGCGTAATCTCGTAAGGCACAACTCCAAACATTCGAATAAAAATTTCATTATAAGGACCAAGAAAGAGCTCATAGATGAAAACTAAAACACATACAATGATAATAGAAATTGTAACTATAGGAGTAGAGCTACTTGGATTGATGTCTTTTATTGGTATCAACTTTCACCTCTAACCTGTACTTCCAAATCCTCCTTCCCCTCTGATCGTTTTATCAAGGGAAGTTGTAAGTTCAATTTCAATCGGGAAAAATTTCCTTGGAATTAGTTGAACTGCTCTCCAAGGAAGCTCTGGATCTGGTTTTGAAGTATCAACTTTGATAAGAGGAACTTTTATCGTTCCTCTGTAAGTCATGTCTATTATTCCAACAGAATTAGCAAGAATAAAACCGCTTTTATAGATTGAAGATCTTGGAACAAGATCAAAGTAAAAACCAGGAGGTGGCGCTACTCTTACTCCCGTATCAAAAAAGTAAAGATTTCCTTCCTTTTTTATAAGCTTTATTAAGTGAAGATCCCAACCACTATCGGAAATTCTTTTTTTATATGGAGGAAGAGCTCCCTCTTCTAGGGAAACTTTAAAAAATTTCCTTTCCCAAGCTTCTCCAGTAAGTATTGATAAATATCTTT
CP176813.1_gap40	1346912	1348124	1212	ATAATTGTCAACTCAAAGGCGGGAGGAAAAGAATGAAGATACACGAATATCAGGCAAAAGAAATTTTCAAAAAGTATAAACTACCTGTCCCTAATGGAATAGTTGTTTACAACGCTCAAGAAGCTGAAGAAGCTGCTAAAGAACTAGGAACACCTGTAGTTGTTGTAAAAGCTCAGGTCCATGCTGGAGGAAGAGGGAAAGCTGGAGGAGTTAAGCTTGCAAAGTCTCCAGAGGAAGCTAAAAAAATTGCTTCCGAAATGATAGGCAACCGCCTTAGAACTTATCAAAATCCAGAAGGTCTTCCAATAAATTGTGTATTAGTTGAAGCCGGAGTAAATATAGACAAAGAATTTTATGTAGGTCTTACTCTTGATAGAGAAGTTTCAAGACCTGTTTTAATGGTTTCTGCTGCTGGTGGAATGGAAATTGAAGAAATAGCAAAGACAAATCCAGAGCTCATCATTAAAGAACACATTGATCCCGCAATCGGTCTTCTTCCATATCAGGCAAGAAAAATCGCTTATAAAGTTGGAATTACAGACAAGAACCTTCTTTCCCAGTTTGTAAAAATAGCAATGACTTTAAGCAAAATGTACTTTGACCTTGACGCATCATTAATTGAAGTCAACCCGCTTGTTCAGACAAAAGAGGGAGAATTTATATGTCTTGATGCAAAAATTGACTTTGATGACAATGCACTCTTTAGACATAAAGACATACAAGAGCTTGAAGACACAACTCAAATTGATCCTCTTGAGCTTGAAGCTAAAAAGTGGGATCTCAACTACGTTAAGCTTGATGGGAACATCGGTTGTATGGTTAACGGTGCAGGTCTTGCAATGGCTACTATGGACACAATCAAATACTACGGTGGAGAACCTGCAAACTTCTTAGACGTTGGTGGTACTGCAACAGTTGAAAGAGTTGCAGCAGCATTCAAGCTCCTTCTTTCTGACCCAAATGTTAAAGCAATCTTTGTAAACATCTTCGGTGGAATCGTAAGGTGCGATAGGATTGCAGGAGGAATTATTGAAGCTGCGAAGCAGGTTGAACTCGATAGACCTCTCATTGTAAGACTTGAAGGAACAAACGTTGAGCTTGGTAGAAAATTGCTTGAAGAGAGTGGTCTAAACATTATTCCAGCAAAAGACATGGCTGACGGTGCACAAAAAGCTGTAAAAGCTGCTAAAGGTGAACTATAAATAAGAGGGA
CP176813.1_gap41	1393838	1396818	2980	AAACATTATCAAATTTTAAAAAGTCTCCCTCTCCCTTAGAAAACATATTAGCCATAGCCTCTTTCATTCCCTCTTTCCTAGCCATTTGAGTAAAGTAAACAAAACCTTTTATAGACTTTTCTCCGTGAACAGGAAGAGGAATTAAATGAATTTGAAGATCAAGCTCTTTTAGTTTTTCTCCAGCTACCTTCTTAAAGTGGTTAAAACAGAAAGGACAATAAACATCCCAAACTACATAAATCTTATTTTTTCCATTTCCTAAAATATGAGGAATATTTTCTTTATTTAGTTCTTCTTCTATCTTCTTAAGCCAAGAAAGATCTTGCTTTAGTTTAACTTGACTTAAAACGACATTTTTTCCTTCCTGTTTTAATTCAAATAGATCAAGAACAAGATACTTATCATCTTTTGATAGCCATAAGTATTTTTTAATTACTCTGTTATTCCTTTTATCAATCAACGTAACTTCAAATGTTCTTAGACCTTCAACTGGAGAATCTTTTAATTCTTTTATTTCCTTTACTTCTATTCCTTTAGTAGCAAGAGGTTTTAAAATTGCTTTAATAGTTGCTTCTTCTTTCTGTATTTCTTTTTTTTCGCTTTTTAACTCTTTTTCCTGAGCAGCAGAACACGAACAGAAAAAAGACAAAGCAAGAAAAGCTGTAAGAAACCTCATTTTAACCTCCCGGCACTCAATTTTACTTAAATTCTATACAAAAATAAAAAAAAAAGGGGGCAGGAGCCCCCTCTATAAGTAATGAAAAACTCTATTTAAAGCTCTCCCCTCATCTGTCTTATCTTAGCCTGAGCAGCAGCAAGCCTTGCAATTGGTACTCTAAACGGTGAAGGGCTAACGTACTTAACTCCTACTTTCTGGAAAAAGTTTATAGACCTTGGATCTCCTCCATGTTCACCACAAATTCCAGTTTTCATATTAGGTCTTACCTTGTTTCCTTTCTCAACTGCAAGTTTTATAAGCTGGCCTACACCGTTTTCATCTATGTGCATGAATGGATCACCTTTGAGAATTCCAAGTTCCACATACTTACCTATAAACTTACCAGAATCGTCCCTTGATAGACCAAAGGTCATCTGTGTTAAGTCGTTTGTTCCAAATGAGAAGTATTCAGCATATTTAGCAAGTTGATCAGCAATCAAAGCTGCTCTTGGAACTTCAACCATTGTTCCAACTTGGTATTGAACTTTGATACCTGTTTCGTTAAAGACTTCTTCAGCAACCTTGTCTACAAGCTTTTTAAGCTCCTCAAGTTCTTTATCATCGGCAATTAGAGGAAGCATTATTTCCGGAAGAACTTCTATACCTTCTTTCTTGCAGTAACATGCAGCTTCAAGAATAGCTCTTGCTTGCATTTCATAAATTTCAGGATAAGCTATTCCAAGTCTTGAACCTCTAAGTCCAAGCATTGGATTAACTTCATGAAGTTCTTCGGCCCTTCTCTTAATCTCTTCTACAGGAAGTCCCATCTCTTTTGCGGTTCTTTCAAACTCCTCTTCTGTTCTTGGAAGGAATTCATGTAGCGGTGGATCAAGAAGTCTTATGTTTACAGGTAGTCCATTCATTACCTTAAAGATTGCAATAAAGTCCTCTCTCTGCATTGGAAGAAGCTTAGAAAGAGCTCTCTTTCTCTCTTCTTCTGTTTTAGCTAAGATCATCTCACGAACAACAGGAATCCTTTCTTCTTTAAAGAACATGTGTTCTGTTCTACAAAGTCCTATACCTTCTGCACCAAATTCTCTTCCTTGCTTTGCATCTTCCGGAGTATCAGCGTTCACTCTTACCTGAAGATCTCTTATTTCATCTGCCCACTTCATAAGCTCTTCAAATTCACCTGAAATTTGTGCAGGGATTGTCTTTATTTCTCCAAGGAAAACCTCACCAGTAGCACCATCAATTGTAATAACATCTCCTTTCTTAACTACAACATCTCCTACTCTAAATTCTTCATTTTCATAGTCTACATGAATAGATTCAGCTCCAACAATACATGTCTTACCCATACCTCTTGCAACAACCGCAGCGTGTGATGTCATACCACCACGAGATGTGAGGATACCTTGAGCTGCATGCATTCCGTGAATATCCTCTGGAGATGTTTCATGTCTTACAAGAATTACTTTCTTTCCTTTCTCGGCAAGTTCTACAGCTTCATCAGCAGAGAAAACAACTATTCCAGAAACTGCTCCAGGAGCTGCTGGAAGTCCCTTTGTTATAAGTCTTCCTTCAGCTATAGCCTTCTTTCTATCTTCTTCATCAATCATTGGGTGAAGAAGCTGGTTAATCATTAAAGGATCAACTCTAAGTATAGCTTCTTCCTTTGATATTAATCCTTCTTTCACCATATCTACTGCAATCTTAACAGCAGCTCTTGCGGTCCTCTTTCCTGTTCTTGTTTGAAGCATCCATAGTCTACCGTTTTCTATTGTAAACTCAATATCTTGCATATCTTTGTAGTGTTTTTCAAGAACTTCTCTAATTTTTTCAAGCTGCTTATAGACTTCAGGAAATTCTTCTTCAAGAGATGTTTGATCCGAAGATGTCTTTTGAACCTTTGTAAGAGGTTGAGGAGTTCTTATTCCAGCAACTACGTCTTCACCTTGAGCGTTCTTGAGATACTCTCCATAGAAGACGTTTTCGCCTGTGGAAGGATTTCTTGTAAATGCAACTCCAGTTCCAGAAGTTTCTCCCATATTTCCAAAGACCATTGCAACAATGTTTACAGCAGTTCCATAGTCCTCAGGAATATTGTTTATCTCTCTATACTTTATAGCTCTTGGATTATTCCAAGAATCAAATACTGCCTTTATAGCCATTCTAAGTTGTTCATAAGGGTCTTGTGGAAAATCTTTACCCGTTTCTTTCTTAACAAGCTCTTTGTACTGCTTTACAAGATCTTTAAGATCTTCAGCCGTTAAATCAACATCTGCTTTTGCTCCAACTTCTTCTTTTTTCTTCTCAAGT
CP176813.1_gap42	1398119	1400649	2530	AGCATAGTACTTACCCATTGTTCCTTGAAGTTCTGGAAACTCATTTACCATTTCAGTAAGAAGATCTGCTTTAGAAAGTAAGGCAGCTCTTTCTACCTTTTCTTTAACCTTTCCTTTACCTGCAGATTCAGCAACAAAAGGAGCTAGGAGCTCTAACCTTCTTGTCTTATCAAACATTGTTCCAAGCTTCTCGTGAAAGACAATACCGTTTAGTTGAGGTACTCTTTCTTCAAGCTTTTTCTTTCTGTCTTCATTAAAAAAGAAAAGAGCATCTTTTAATCTTGCCCGTAAGACTTTTTCATATCCCTTACGAATAACACTCTCATCAGCAGGTTTTATGTTCGAAATACCAATAAAATAGTTTTTAAGATTTCCATCGTTATCAACAACAGAGAAAAACTTTTGGTGGTCTTTCATAACAACTATAGGAACTTCTTTTGGAAGGTTTAAGAACTCTTTGTCAAAGCTACCAAGTATTGGATACGGATATTCAACAAGATTTGTTACTTCTTCAAGAAGGTCTTCATCTTTTAAAAGTTCTCCCCCTACCTTTTTAGCTAAAGTTTCAGAAACATCTAAAATTATAGATTTTCTTTTCTCAATATCAGCAACTACAAACTTTTCTTCAAGTTCATTTATAAATTCGTTTGCGTTCTCAACTTCAAAACCATTAGGTGTAAGAAATCTATGACCGTAAGAAATATTGCCACTTTTTATTCCATCAACTTCAAAGGGAACTATTTCCTTTCCATAAACTGCAAGTATCCATCTGATAGGCCTTCCAAACCTAATTTTTTTACTTCCCCATCTCATACTCTTTTTGAATGGAATTGAAAGAATAAGTTGAGGAAGGATGAGTGCTAATATCTCTTTAGCAGGTTTTCCTTTAACAAGTTTTTTTATAGCTACATATTCTCCTTTTTTACCTAGAGGATTAGAAACTTTAATTAGTTCTTCTACAACAACCCCTTTTGATCTTGCAAAACCAATTGCTGCCTTTGTAGGATTTCCTTCATTATCAAAAGCTGCTTTTACAGAAGGTCCTACAAGAAGCTCCTCTCTATCTGGCTGAACTTCTGGTATGTCGTAAGCAAGTAAAATCAAGCGTCTTGGTGTTCCAAAAGTTTCTATTTCAGACGGTTTGAGAAATGCGTCCTCAAGTTTTTTGTTTAATTCTGTTTTTAAAAACTCAAGAACTGGTTTTATAAAAGAAGCTGGGAGCTCTTCACATCCTATCTCAAGCAGTAAATTTTGTGCCTTCACTTTTTACCTCTTCACTTTCAAGTTCTAAGTACTTCTTTGCACATTTTCCAGCCAGCTTTCTAACTCTTCCGATAAAAGCTGCTCTTTCAGCAACTGAAATAGCTCCTCTTGCATCAAGAAGATTGAAAATATGAGAACACTTTAAACAACAGTCGTAAGCAGGAAGAACAAGTCCTTCTTCAATAAGTCTGAGAGATTCTTTTTCGTACATGTTAAAAAGCTCAAAAAGCATTTCAACATCAGCTTTCTCAAAATTGTAAACAGACCATTGGTATTCATTTTCTTTATAAAGATCCCCGTACTTTACACCTTCTGTCCATACTATATCGTAAACGCTATCGACTTCTTGAATATACATAGCTATTCTTTCTAAACCGTATGTAATTTCAACGGAAACAGGATCTAAAGTAATTCCTCCAGCCTGTTGAAAATAGGTAAACTGAGTTATCTCCATTCCGTCAAGCCAGACTTCCCAACCAAGTCCCCATGCACCAAGAGTTGGAGATTCCCAATCATCTTCAACAAATCTAATATCATGTTCAGTAAGTTTTATTCCAAGAGCTTCAAGACTTCCAAGATAGAGTTCTTGAGAGTTTTCTGGTGAAGGTTTTAGAATAACTTGAAATTGAAAATAGTGTTGAAGCCTATTAGGATTTTCTCCATACCTTCCATCAGCCGGACGACGGCAAGGCTGAACATAAGCAACGTTCCAAGGCTTTTTATCAAGCACTTTTAAAAATGTAAAAGGGTGCATTGTTCCAGCACCCTGTTCAACATCATAACTTGAAGCAATAATACATCCTTTAGATGCCCAATAGTTTTCAAGAGTAAATATTATCTCCTGGAAAGTCAAGGTTCCTCTCCTGAAATAAATTATAATGAGTGTCAGCGTAATTTTAATTTGTAAAATTTTCTCAGTCAAATTAAGGAGGATTGATGAACTCTGCTATTGTCATACTTTCGGGAGGCCTTGACTCCACTACTGCTTTATACTGGGCAAAGAAAAACTTTAATAAAGTTTTTGCAATTACATTTTACTACGGTCAAAGACACTCTTTAGAAGTAGAAATGGCAAGAATAATTGCAAAAAACGCAAAAGTGGAAGAGCATATCCTCTTTGAAGTTGATATTTCCAAATTTGGAGGATCTGCATTAACGGATAAAAATTTAGAAGTTCCTGAAACACAATCAATTGAAGAGATAAAGGAAAGGGGGATTCCAATTACTTATGTTCCTTTCCGAAACGGCATATTCCTTTCAATAGCAG
CP176813.1_gap43	1403236	1404515	1279	AAAGCGCCAATAAGCTTCTTCAAGAGTCTTGAACGCTTCATAAAAAAGCTCCTTTTTTCGATAGACAGAAATGAGAAGTTTCAAAGCTCTAATCTCAAAAGGGTCTATTCTTAAAACTTTTTTCAGCATAGCAACAGCAACATCAAAGTACTCTTCTCTTATTTTTTCTTCAGTAAAGTTCAAAAGAACTTCTATTGCTTCTTTCTTTTTTCCAAGTTTAATAAGAGCATCACTATAAGAATTAACGATAGATACAGAATTTGGATGTTTACTGATAAGAGCTTTTCCTAATTTAACTACTGTAACGTAGTCTTTACTCTCAATCGCATAGAAAAACTCTTCCTCTTCAGTCTTTTTTCTAAACCTATCAAAAAGCCCCAAACTACCTCCAAAATATCTAGAGTTAAATATTATATAATCAAAATCATTTAAACCAAACTAAAACTCTCTAGGAGATAAAACTTTAATGAAAAAAGCTTTTACTTTGTTAGAGCTTGTAATAGTTCTTTTAATAGTATCTTTAACTTTAACTATTACTCTTCCTGCTTTTTTCAACATAGAAGCAACCTCTATGGAAAACTTCGAAAATAAACTAAAAACAGCAACAAATTCTGTCTTCAATTTTTCTAATCCTATTGAACTCTGTGCAGACTTTAAGGAAAACAGCATCAATGTGGGAAAGGAAAAAATATCCTTACCGAGGGGAAAAAAACTTAAGTACATGATATTACCAGGAAAGATAATTTCCTCAGAAAGTAGTTCTAAATTCTGTATTTCAAGCAAAGGATTTAAAACAATAGGCTTTTTAGCAAAAGAAAGCACAAATAAGTACCTTTCTATCTTAGTATTTTTACCTTCTGGAGAAACCGAAATTAGATTTTTGTCTGAAGCAGAAGGTGAAACATTTAAAGACAAAGTTTCAAAGGGGAGGATAGTGGAGTGGTTCAATTATTACTGATATTAATACTTTTAGTAATAGTTCTCTCTTTTCTTTTTTCCGTAAAGCTTTTTTTCTTTCTAAAAGAGGTTCTTTTAAAAATTGAAGAAATGGAAGCAGAACTTATTAAAGCCGAAAGAAAATTAGCAAACTTAGATGAAAAAATTGCACAAGGTGAAGAAAAAATTAAATTTTTACAAAACCAATATAAAATATTTTTAGAAAGGTTTAGAGGAGAAAAGCAATGAAAGATTTTATATCTATGGTAGATGCAGATAGACTATTTATAGAAAACATTATTTCCTTAAGTTCTTTCTTGAAGGAAAAACAGAAAAAAGGAGA
CP176813.1_gap44	1408087	1408624	537	TTCGAGCTAACTTTTTCTTTAAGAAGTTTTTTTATAAACTCCTTATTTTTATAGACATCAAGAAGCGTCAATGTTATATCTTCTGGATTTGCCCTTTCTTGGAGAAGTTCTGGAACTACCTCTTCGCCAGCAATTATATTTGGGAGCGAAACAAAAGAAATTTTAACAACTCTCCTTGCTATAGCAAAGGTAAGAGGATGGAGCTTATAAACAACTACATGAGGAAGTCCTGCAATAGCTGCTTCTAAACTTGCTGTTCCTGAAGCTATAATCCCAGCATCAGCAGAAAAAAGCAAATTGTACCTTTCTTCTTCAGGAATTAAGAACACTTCCGGATTAATTCTTTTTACAGCAGCTTCCATGTAGTTTCTTTCTATAGAAGAAGCTACAGGAAGAACAAAAGTTCCCTCTATCCTTTTTGAAACTTCAAGCATAGGTTCAAGAAGATATTTAATTTCAGAAAATCTACTTCCAGGCATAAGAGCAAAAACAGGCTCTTTTAAGTCATACTTTTTCCTAAACTCAGTAGAAGAAACA
CP176813.1_gap45	1410860	1411766	906	GGAGCTAACGAAGAAGATGTAGAATCCAATGGCCCCAAAGCTGAAGGTTTCATAGTCAAGGAAATTTCTGAAATATATTCAAATTGGAGAGCCGAGAAATCTTTTGAAGATTACTTAAAAGAATACAACATTGTTGGTATCTGTGAAATTGATACAAGAGAACTAACAAAAAAACTTCGTTCCGTTGGAACTATGAGAGGAGTTATATCTACCGTTGATCTTAATCCTAACAGTCTCATTTTAAAGGCACGCTCGATTCCCAAAATGGAAGGACTTAACTTGGTTGATGAGGTAACTTGTAAAGAACCTTACGAATGGGAAGTTGGAACTTGGAAACTTAACGAAGGATATCCTAAGAAAAAAAATTTAAAATACTCTGTTGTAGTTCTTGACTTTGGAATCAGATATAATATTCTTAGAAATTTAGTTGATGTAGGAATAAAACCAATTGTAGTTCCTGCCCAAACGCCTCCTGAAGAAATCCTAAAATTAAATCCAGATGGCATATTCCTTTCCTGTGGACCAGGAGATCCTGCTGCGGTTACCTACGCTGTAGAGAATATCCGTTATTTGATTGCAACCTATAAAAAGCCAATCTTTGGAATATGTCTTGGTCATCAGCTTACAGCTCTTGCAATGGGAGCAAGCACTTACAAACTAAAGTTTGGACACAGAGGAGCAAATCAGCCTGTAAAAAACAAAAAAACAGGAAAAGTAGAGATTACAGCACAAAATCATGGTTTTGCAGTTGATGAATCTACAATTCCTGATGATCTTGAGGTTACACATTATTCTTTAAACGACGGTACTGTAGAAGGGCTTAAACACAAAACTAAACCGTTATTTACCGTTCAGTACCATCCTGAGAGTTCGCCAGGACCTCATGACTCAAGATATCTATTTAAG
CP176813.1_gap46	1414099	1416898	2799	TGCTAAATCGTTTCCCTGGGAGGTTTAAGTGATAAAAAAGGCTGTTATACCTGTTGCAGGTCTTGGGACAAGATTCTTGCCAGCTACAAAGGCTCAGCCAAAAGAAATGCTTCCAATTGTTGATAAACCTGTAATACAGTACATAGTTGAAGAAGCTGTTAGAGCTGGTATTAAACAGATAGTTTTTGTAACAGGAAAACATAAAAGAGCTATAGAAGACCACTTTGATACAAATTTTGAATTAGAATATACATTGGAGAAAAAAGGAAAAGAAGAGCTCTTAAAACTTGTAAGGGAAGTAACAAATCTTGCAGAAATTGTTTATATAAGACAGAAAGAACCCTTAGGACTTGGACATGCCATATTAACAGCAGAACCAGCTATTGGTAACGAACCATTTGCGGTTTTATTAGGTGATGACATAATGATTTCAAATCCTCCAGCTATAAAACAGTTGATGAATGTTTTTGATAAGTATAGGTGTACAGTCTTAGGAGTTCAAGAAGTTCCAGAAAAGGATGTTAGTAAGTACGGTATAATCGGTGGTAAGGAAATAGAAACAAGTGTATTTAAAGTAGATACTCTTGTAGAAAAACCCTCTTTAGAGGAGGCTCCTTCAAACCTTGCAATTACTGGAAGATACATCTTAACACCGGCAATTTTTGATGCATTAAAGAAAACACCACCTGGCAAAGGTGGCGAGATACAACTTACAGACGGTATCGAAAGGCTTGGAATGAAAGAAGCGCTGTATGCTAAAGTAATGGAAGGAGAAAGATATGATACAGGAAGCAAATTAGGATTTTTGATTGCTACTGTCGATTTTGCTCTTAAAAGAAAAGATTTAAGAGAACCATTTTTGGAATTTTTAAGAGAAAAAATTAAAGAGGAGAAGGATAATGGCTGAAATGATACAGCCTCATGAACAAAATGAGACAAGATTTCCTGAAGAACTTCCTGTTCTTCCCTTAAGAGATATTGTTATCTTTCCAATGATGATAGCTCCTCTTTTTGTTGGAAGAGAATTTTCACTTAATGCTATAGAAGAATCTCTTAAGGAACACAAGTTAATTTTCTTATTAACACAGAAAGACAAAGAAACAGAAGAACCAACCCTTGAAGACCTTTATGAATTTGGAACAGTGGCCGTCGTCCTTAAAGCAATGAAGATGGGAGACGGTCGAGTAAAAATTTTAGTTCAAGGACTTGGAAGAGCAAAAGTTAAAAAGTTAGAAAAAGAAGACGGCTACTATAAAGCTACTCTTGAACACATTGTTGAAGAAGAATATACTCCCCAATCTCTTGAGGAAGAAGCATTAATTAAACTAGTAAAAGATCAAATAGAAAGAATTGTTGCACTTGGAAAGCAAATTCCTCCAGATATGGTTGCAATTCTTCGTTCGATTGAAGATCCTGGAAGATTAGCTGATCTAGTTGCTGGTCAGATAGAGTTATCAACAGAAGAAGCAATGGAACTCCTTTCCATTACTAATCCTATAGAAAGACTTAGAAAGATAAGTGAAAAATTGGAACACGAGATAAAAGTCTTAGAAATTCAGGAACTGATAAGAACAAAAGCTCGAGAATCTATGGAAAAAGAACAAAAAGAATACTTTTTGAGACAGCAACTTCGAGCAATAAGAAAAGAACTGGGAGAGGAAGAAGAAAGAACAAAAGAGATAGAAGAGTACAAGGAAAAGATAAGAAAGGCTAAAATGCCTCAGGAAATAGAAGAAGCAGTTTTAAAAGAGCTCTCCCGCCTTGAAAAAATGCATCCGGAATCTGCAGAAGCAGCGGTTCTCAGAACTTATATAGAATGGATGATTGAACTTCCTTGGTCAAAAAGAACAAGAGATAAGTTAGACATAGAAAAGGCTAGACAGATTCTGGATGAAGATCACTATGACCTTGAAAAGGTTAAAAACAGAATTTTAGAGTATTTAGCAGTAAAGGCTCTCATAAAGAAGAGGAAGAAAAAAGTAAAAGATGCCAAGCAACCAACAATTTGTTTTGTAGGTCCTCCTGGAGTAGGAAAGACTTCATTAGCACGTTCTATAGCAAGAGCTCTTGGTAGAAAGTTTGTAAGAATCTCCCTTGGTGGAGTAAGAGATGAAGCAGAAATAAGAGGACATAGAAGAACTTACGTAGGTGCAATGCCTGGAAAGATAATTCAGGCACTTAAAAAAGCTGGAACAAAGAACCCAGTAATTCTCCTTGACGAAATAGACAAAATGGCTTCAGATTTTCGAGGAGATCCTGCCGCAGCTTTACTTGAAGTCCTTGATCCAGAGCAGAATAGAGAATTTGTCGATAACTATATAAATCATCCTTTTGATCTATCAGAAGTTTTATTCATAGCAACAGCAAATACTCCACATACGATACCAGAACCTTTATACGACAGACTTGAAGTGCTTAATCTTCCCGGATATACCGAATATGAAAAACTCCAGATTGCCAAAAGATATATAGTTCCTAAGCAGATGAAAAATCATGTACTTACAGAAAACGATATTGAATTTACAGACTCAGCACTTCTTCACATAATAAGACATTACACAAGAGAAGCTGGAGTAAGAAATTTAGACAGAAAAATAGCAGCTGTTTGCAGAAAAATAGCTTTATGGATCAGTGAAGGAAAAGAAAAGAAGTATAAGGTTACAAAGAAATTGATTGAAAAAATACTTGGAGCTCCAAAGTTTGTTCCAGAGCTTGAACTTGGTGAGGACGAAGTAGGAGTAGCAACAGGACTTGCTTGGACTCCTGTTGGAGGAGATGTCCTTTTCATAGAAGTTATCG
CP176813.1_gap47	1561859	1562359	500	GCAGAAAAACATTCCAAACTTTATAGAAGCAGCAAAAATTCTTATCAAAAGATATCCAGAAGCTAAGTTTGTTGTAGCAGGAGAAGGAAAGCTAAGAAAAGAGCTCCAGTCGTTAATAGAAAGGTTAAATCTACAGAAAAACTTTAAACTCTTAGGCTTTAAAAAAGATATTCAAAACTACATAAAAGCATTTGACATATTCGTTCTTCCTTCAGATTTTGAAGGGCTTGGAAGTTCTATTCTAATAGCAATGTTTCTGAAAGTACCGGTTGTTTCAACGGATGCCGGTGGTACCAAAGAAGTTGTAATTGATGGAAAAACAGGAATTCTTGTTCCAAAGAAAAATCCACAAGCTCTTGCAGAGGGAATTTTAAGACTTTTAAAAGATGAAAAGCTAAAAGAGCAAGTCACTTCAAATGCCTACAGTATGGTTATAGATAAGTTTTCTGTTGATAAAATGGTAGATGCATATATCGCTCTTTATGGAGAGGTAATCAAAA
