gap_id	start	end	length	sequence
CP179888.1_gap1	79189	80551	1362	AGCAGTTTTGAGAGAACCATCAGAAAGGTCTAAATCAGCTACCTGGGAAGCGGTCGAGTTTAAGAGAGTCAGTGTTCTGGTGGCAGCCCCGGTAATATCAATTACTTTGTTACCTCCAGCCCAGGTAAGAGTAGCTGGATTAAGGATAAGGGTATCTCCGGTGCTATCACCTAAGGTGGTACTGCCCTCAACCGAAAGATCTCCGGTAGTGGTGGTGCCGGTGGTGGTTGAGCCGGTTAAGATCAAGTTTCGAGCAAAAATGTCCCCCTCGGCATCTAAGGAAAAAATAACCGAACCAGCAACAGCAACACCAATTAGGTTGCTGTCAGTGGCAGCACTAGCCGGGTTAATATAGATTGTGGCATTTGCTTGATTCCAAGTTGAGCTGCCGATTAGCCAGGTGCCAGTGTGATCCAAGGTTGGAGCTTTACTAAAGGTTGCTCTTCCGCTGGCATCAAGATTACCAACTGAATCTACATAGGCTACTACAGCTCCTGTAGAATCAGCTATCTGGAATTGTTTAGCTCCTGCTGCATCTCCTAAAACTATTTTTACATTTCCTGAATTAGAATCCAAGATAAGGTCTCCGGCTGTGGCCTCAATAGTTCCTGTTTTCATCTGGAGATTATCAATTAAGGCAGCAAGCCCTGCTCCTGATTGGCTAACAGTTAAGGCAGGGGAAGTTCCAGAAAAAGAAAAGCTGCCTGCTTTGGTTGAGGCAATGGTTAAATCATCGACCACATAGGCATCTTCAATAGACTCTGCCTGCCAGGTGCCAGCACCAATTGTACCTAAGACGCTAACAGTGGTTCCACCTTTTGGGGGAAGAAAGTCTGGAAAAATAACATAGCTAAGGCGGGCAGCTAATTTCAGTTTTTCAACCTTAGTTTCTTGTTGACTGAGAATAGTTCGAATTTTTTTTAAAGATTCGTCATCTAAGGTCTTGATTTCTTTGGTGATTTCCTTTATTGGTTCTATTTTGGTAATTCTGCTTACCTCAATCTCTTTTATTATCTCTCTAACTGGTAGACCTTCTTCTTTAAGTTCTTTAAATTCTTTTTGAAATGCCTCTATTATTTCTCTCTTTGCTTTTTCAACAACCGCTTCTGACAAAGGAACTTCTTTTTTAATCACAACTTTTTTAAATGGCTGGCTAACAATTTTCGGAATCTCTCTTATTCTCTGAGTAAAACCTTTAACCCCGCTGAGGACGGCTCTTGATGCATTGTCGAGTTTCTCTTCAATAAAGTAATTAAAAGCTAAATATCCAGATTTGAGATTGGAGGTTTGATTTTTGACACTTTCATTTACCCACTGACCATATTCTTTGAAAGTATTGAGAGTTGATTTTAAAACATCTGG
CP179888.1_gap2	81777	85892	4115	AACAATCTGAAGATTTTCAAGGCCAATAAAATCTCCCCGAATAACTTTTGGTTCAAATTCTTCTATTATATTTTTTTCTTTATCTACAATACTTTTGGCAACTTGAGGTTTTAATAATTTGCCTCCATTAGCTATTGAAGCAAAACCAGTAGCTACCTCCAAAGGACTAATTTTAAGGTAACCCTGACCAATGGAAAGATTGTAGGTGTCTCCATCCCACCAGCCTTGACCCCAGGTTTTTTTCTTCCATTCTTTATCAGGAATAAAACCTTTTACTTCTCCAGGAATATCAATACCAGTTTTTTCTCCCCAACCAAAAAACTCAAGATATTTTTTGATTTTGGTAGGACCTAAACCTTCCTGGTTCCCATATCCTCCCCCAACTGTATAAAAATAGACATTACAGGATTCAGCAATGGCCGATTTCATATCTGTCCAACCATGACTCTTCCAGTCTCTTTTAATAGTGGGGGAAGATGGATCCCAAGGATTGGGAATTGTAATTTTCCCCTGACAGTTAATCTTTTTTTGAGGCGAAATTATTTTTTCTTCCAAAACAGCTGAAGCAATTAATGGTTTTATGGTAGAACCTGTCAAATAACTGCCCGAAACCGCTCGATTAAAAAGAGGTTCAAGTGGGTCATTTAAAAGACTCTCAAGAGCCTGGGGGTCTGCACCTTTTTGAAATAAATTATTATCAAAACCTGGCAGACTAACCAGGGCTAGGACTCCTCCAGTTTTTGGGTCTAAAGCCACCACCGCTGCCTTTTGAGCTCCGAGATTTTTGAGAACTTTTCCAATTTCCTCTTCAATTTTTTTCTGCAAATCTGAATCTAACCATAAAACTAAACTTTTTCCAGATTCTGGTAGCTGAATTATTTCTTTTGATATTACATTTCCTAAAGCATCTCTTTCTAAGCGAAGTTTCCCAGAGTTTTTTCTCAAAATTTCTTCATAAAATTTCTCAAGGCCAGCCTTGCCAATATAATCAAAAATCGAATAATTTTCGGGGTCAGCTTTTAATTCTTCGGCATCTATCTCTCCAATGTGTCCAATTAGATGAGCGAAACTCGAACCTTCTTTATAATCTCTAACAAAATTTCTTCTGATTTGAAAACCAGGGAGTTCATTAGAATTAATTTTTGCCTCAAGTAAAATCAATGTCTGATGGTCAAGGTTTTTAGAAATTAAAACTGTTGGTAGCTCAGATTTTTCAATCTCCTTTTTTATCTCTTCAATCTCTTTTTTAATAATTAGAGAAACTTCCTTTAAAACTTTAAATTCCGGGCAAAGAGAAGAATCAGGGTCCTGATGAAGGCAGGTTCTTAACTTTTCAGCATCAGTATAAGTTAAATCAAAAGAAGGTTTATTGAAAACTAATTGATTTCCTTCTTTATCATAAATTACTCCCCGGGTAGCCTGAGTTGAATAAATAATAAATTTATTTCCTTCAGCTAAAGCCGAAAACTTTTTGCCGTCTATCAGTTGAAGTTGAAAGGTTTTGGCAAAAAGAATAAGAATTAAAATTAAAAAAACAATGTAAAAACCCGAGAGGACTTTTTTTGAGAGTGGAACTTCAAATTTTTTTTCTGAGATGCCAAATTCTTCTTCTTTTTTTCTGGCAAGTGTATCTAATAAAATTTCCTGGGGCTCTATATCTTCTTTAAATCTTGTTTTGATTTTTTTGTTTCTAAGATATCTTTCCATAAAAGTTTTTTAATTTGCGGAGCAAATTACCCACTGTTCCCACACAGCAATGAGGGCAGCTGACGGTTCCTTTTTAGAACCTATGTCGAATGATTGGACGAAGATAATTTCTTAAAATTACTTTTATGAGAATTGCCAATCCTACCAAAATTAAAATATGAAATCCAATAGGTCTATTAGAAAAAATGTCCCAAAAAAATCCTGAAATTACTGCTCCAAAAATGCCATTATTTTTTCGGGGCTCTTCTAAAAGATTCAAAAGCAAAACCGCAATTAAAATAAAATTGGGGGTTATGTTAAAAAAACTAAGATGTATTAAAAAACTGGTTTGAAGGAGAGCTAAGATATAAAAAACTATAATTAGAATCAGAACTTTTTTCATAAGCTCCTGTAGAGACAGAAATCTTAAAAATCGCTAATAATAAATACAGTTTCTAATTTTTTGATATCGAAAGCCGGTCTAATTTTTGCCTGTTGAAATGGCTCTATGTCACTTCTTAATACTTTTCCGATTTGTCCAACTAATAGCCCTTTGGGGAAAATTCCTCCCAAAGAAGTAGTAATTATAAAATCTCCTTCTTTAATTTCTTCTTCTTGGGGTACTAAATCGAGAAAAAGCTGAAGATTTCCTTTTCCTTTAACTACCCCGGAAATATCCTTTTCTGGGTCTGAGATTTTAGCATCAAAAGAGCTTTCTTTGTTAAAAATTAAGATAACTCTTGAAAAATTTTCATAAACTTCACCGATCTTCCCAATCAAAGTTTTTTGCTGCCCAATTACTGGCCAGTTTTCGGTAATGCCATCTTTAGAGCCTTTATTAATTAAAATAGAATCTTGAGATATATCTTTTGAAATCACCTTGGCTAAGGACAATTTAAACTCTTTCTCTAATCCAATTTCCAGAGCTTCCCTTAAAAGTTTATTTTCTTTTTCTAATTCAATCAATTGAGCAATTTGAGAAATCAGCTCCTGATTTCTGAATCTCAATTCTTCATTTTCTTTTTTTAAATTTTTAATCTCAGAAACTGTCTTAAAAAAATCAGATACTCTATCTCCTGCTCGCCAGAGAATTTTCTGAATGGGTGAAGATATAAAATAAAAAAAGCCTTTTACCTCTTTCTGGAAAAAGTTTAAAGAAAAAATCAGTAAAAGCCCAACAATTATAAGAACCATGCCTCGCTTTGCTCGCCAGAACTTTGATTCGCTAAAGTGTAAAAACATACAGTCTTGAATTAATTAAAATTAAAATTTTTCTTTTTGAAGAAGTAAATTTCATATCAATTAACCCATTATAAGCAGAGCTTGAAATCTTTATAGATTATAGATGAATTTTAGATAAATTAAAAGGACAGGTTATTATTTCCTGCCTTTTTTTGTTCAGATTTGAGCAATAAAAAACTCCAGATATGTATAGGACGACGACCTACTCTCGCACAGATGTACTACCATCGGCTCTGGAGGATTTCACTTCTGTGTTCGGTATGGGAACAGGTGGAGCACCTCCGATATCGTCGCCTTATACAAACCTCGAGCCTATGTAATAACAATGGTCATTAATTGCTAGCCAAAAAGATGTCGAAGAAACTAAAGTTTCTTCTCCACCTTCGCTTTTGCTGCACAAAAGCTTGCTGTATGATTTATTAGTACTGCTCGGCTTAATGCGTTACCGCACTTACACCTGCAGCCTATCAACCTCATAATCTTTGAGGAATCTATGAGTCCTAATCTTGGGGCCTGCTTCGTGCTTAGATGCTTTCAGCGCTTATCAGTTCCCGACATAGCTACCCAGCGATGCTCCTGGCGGAACAACTGGTAGACCAGAGGTCAGTTCAGTCCGATCCTCTCGTACAAGGACCAACTCCCCTCAAGACTCGCCGCCTGCGGTAGATAGGGACCAACCTGTCTCACGACGGTCTGACATATTACTCTGTTATTACTAACAGTACAGACTATATCTTTTCCGATATAAATATCGGAACTGGCGTATTATAGCAGTTTATATATCTGCTATCTTCACTTCAATTTTAAACTGAAGATCCAGTCGTTACGGGGGCAATTTTATATTTCATAGAAGAAATAATATTCGGATATATAATCTTAAATAATTTTTTAGCATTTTCGCTATTAAATCTTAATCGAAATTCGTCTCGATCTTTATTTGTTGTAGATAATAATCCGAATTTTTTCTGGAAAATCTCTTGTAATCTATAATGTTCCTTTATTGAATAATTTTGAGTATTCAATATTAGAGAATTATTATCATTACAACCGTCATCCATAATCCAGACTGCTAAAGTTAATGAATTCAATAAATCAAGAATATTTTTAGGAAGTATTTTCTTTCTATTAAGATAAAATACTTTATAAAGTATTTTGAATTCTGGAAAAGTTCGTGTATGAAAATACCA
CP179888.1_gap3	107388	111721	4333	CTTTAATAAGAATTGTTGGATATCCTTCAATTTCTTTTTCTTGGCATAATTTTTCTTCTTCGGTACATTCAACATAAACGGGTTTTACCGCATCAAAACCTCCCAACATCTCCACTAATCTTTTAGTCCAACCACACCAATTTGCTCCATAGATAACGAAATCAGCTTCTTCGAGGCAGCCTATAAATTTTGTCAGTTCTTCTGGCGATATAGTGTTTTCCAAAGAAGATTGTGGCGCTTCAGTTTCTGGCGCTTGGGCAATAGGCGCTTCTTCTTCTAAATTAATGCCTTCAGCGAACAAAAGTTTTCCATTTTTGCTTATATAAGAATCGTATTCTTGCTCCCCTATCTTAAGGCGAAATTTATAGACTCCATTTTCCTCTACCACGTTTATTAAGGAGGCAGTTGTCCCTTCAGTTAATAGATTTTGGTTAATATAATTTATTGCCTTCTCTGCTGCCTGTTGAGGAGACAAAGTTTCTGAAACTTTCTCTGTAACTTTTCCTTTATTTAGATAAACTAAAGCTCCGGCAATTAGCAACCCGGCAACAATAATAGCTACGGGTATTAAATTTTTACTTGCCCAAAAAAGAAATCTTTGATTTCTAACGGGCTTTAAGTTTCCGGCCATGATACTTTTTTAATTTGCGAAGTAAATTGCCCACTGTTCACACACAGCAGTGAGCTGAGCGAACGGTTCTTTTTAATTTGCGAAGCAAATTACAGTGAGCTGAGCGAACGGTTCTTTATTATATATAACATAAACCTTGTTTTTTTACAATATTATCATTAAATACATAATTGCTCCAGAAATAAGAGCTACTGTAAAATTGTCGTCAATGCCAATGGGCAAGGCTTCAATTATTGAAGCAGAGAGGGCTCCAGCAAATAAAATTAAAAATGGAAAGTTAAGAAAATGAATAAATAAATAGCCAAAAATAAGACAAGCGGTCAGAGAAGCCATTGCCCCTTCCCAAGTTTGTTGAAAGAATTTTCTTTGGCCGAAGAGAAGGCCAAAAATTTTAGAAAATAGGTCTCCGAAAATAAGAAAAACTACTGCGATTATTGCAATTGATTTTTCAAAAACCAGAAAAGAAATAAAGCAGGCCAGCATAAAAAAGCTTAAGGAGGAAAAAACCGTTATTTCTTTCTTTTTAATAAAGAGTTTTTTAAATAAAAAAACGTTTGCTTTTTTAAATCCAAATCTAAAAAGATCTATAAGAATAAAAATAGCAGACAGACTTCCAGTAAAAATTAAAATCAGTTTTTTATCAAAATAAAGATAAAGAATGGGAAATAAAATGGCGAAGGGCCGAAAGAAATTCCGCCAGGAGGTAATATCCTTTATGGTTTTTGCTTTATTAATTATTTCAAAAAATTTCGGGTCTTCCCGAAGGAAACAGGCATTTTTGACAAAAAGAAAAATAAGAAGTAACCCCAGAAATATGGTAGTGGTATTCAAAGGAGCTGTCAGATAGATAAAAGAAAAGAGAGCAAAAAGAATAACGAGGTAGGGAATCGTCTTAGCAGACACTTTATCTTTAGTAATAAAGAAAAACAAAAAACCAGCTAATAAAGGAACTAAAATTGTCAGCCAGGGAATCCATTGATTTTGAAGAGCTCTGACAAGGGAAAAAGATAGCATTCCCACGGCTGTTGCTATTCCAACTCCTCCTCGAAACCGAAGATAAAATGGAAAAATGTGACCCAAAATTGCTGAAAAGCCGGAAAGATAGACAATATAAAGTGGGACATTTAAAAAATTGTAAACTATTCCTATTGTCAAAAGGCCTTTGAAAAAATCGAAAATGCCGGTAGCCAGCCCAGGAATAGTTCCCACCATCAAAAAAGTATTCTTTGCCCCGGTATTATGATACCCATACTCTCTGATATCTATCTTTTTGAGAAATTTACCAAAAAAATAACCTGGCGAAATAGAACCGATTAAATATCCAATAAAAATACTAAAAAAATAATAGAACATTTCTATGTCTAACGGCATTTGCCCTCCTTTATAACCTTCTCAATGGCTCCTTTGACTCTCTCTGTCTTTCCTAAATAATAATGTCTTATAGGTTTTAGATTTTCATCTAACTCATAGATAAGAGGGATTCCAGTGGGGATATTCAATTCCGGTATTTTTTGAGGAGAAATGTTATCAAGATATCTAACCAAGGCTCTTAAGCTGTTTCCGTGAGCAACAATTAAAACTTTCTTGTCTGATTTTATGGCAGGCACTATCTCTGTTTTCCAATAAGGTAGCAATCTCATTTCGGTATCTTTGAGAGATTCGGTGAGGGGAATTTCTTCTTTTTTCAGATTCTTATACAAAGGGTCCTTACCGGGATAACGAGCATCGGTTTCTTTAAGGGCTGGGGGTCTAACCTCATAACTTCTTCTCCACAAAAACACCTGTTCTTCACCATATCTTTTTGCTGTCTCTGATTTATTTAATCCTTGTAAAGCTCCGTAATGTCTTTCATTTAGTCTCCAGGTTTTTTTCACTGGGATATTTGTCAACCCCATTTCTTTTAAGACAAAATCCAAGGTTTTTGTTGCTTTTTTTAAGACAGAGGTAAAAGCAATATCAAAAGTCAATCCTTCTTTTTTAAGAAGCTTACCGGTTTCAATCGCTTCTTTGACGCCTTTTTCAGTTAAATCAACATCGGTCCAGCCAGTAAAACGGTTTTCTTTGTTCCAGATGCTTTCTCCGTGCCGCAAAAGAACTAATTTGTACATACTTTTTCTTCTATTCTTAATAATCTGTTATATTTTGCCACTCTTTCTCCCCTGGCTGGCGCTCCGGCTTTTATGAAATCAGCTGAAATTCCAACTGCAAAATCAGCAATAAAATCATCGCAAGTGTCCCCTCCTCTGTGAGAAACCATAATTTTCCAACCATAATGTTTTGCTAATTTTACAGCTGAAATTGCCTCAGTGACAGTTCCAATCTGATTTGGCTTAATGATAACTGCATTACAGGCGTTCTTCTCTTTTGCCATTTTCATTCTCTTTATATTTGTCGCTAATAAATCATCTCCAATAATCAACAACTTCGAACTTTGAACTTTGAAAGGCGAAGAGAACTTTGTTCTCTTCTTCACCTTCGCTTCCATAGATGGAAGCTCGGTCTTTGAACTTAATGCCTTCCATCCTTCCCAATCCTCCTCTCCAAATGGGTCTTCCAACCCCAAAATTGGATATTTTTTAATTAAAGTAGAATAATAATTAAGCAGGCCTTGCTTAGTAAAAGCCCCTATCTTCATTTTATAAGTTCCTTTTACGTAAAATTGAGAGGCGGCTATATCTAAAATAATCGCTATCTTGTCTTGATAACCAAGATTTTTAGCTACCCTCAAAATAAGCTCTATTGCTTCTTCGGGAACTCTAACTGGTGGAACAAACCCTCCTTCATCCCCAACATTTATGGCTAAATCTATATACTTTTCTTTAATAATATTTTTTAATTCCTGATAAATTTCTGAAGCCATTTCCAAAGCTTTTGAAAATCGTTTTACCTGAGGCACAATCATAAACTCTTGAAAATCTAACTCATTTCCGGCATGAAGCCCACCTTCAATAACAAGAACAGAGGGCGTAGGCAGGATTGGATTTGTTTTAGTAATTTGAGAAATATATTTCCAAAGAGGAAGTTTTTTAGCTTTAGCTCCGGCCCGGCAGACTGCCATTGAAAGACCTAAAATGCTATTTCCTCCCAGTTTTGATTTATTTTTAGTCCCGTCTAATTTAATCATTAAATTGTCTATTTCCATTTGTTTAGTTGGGTCTTTTCCTTTGAGTTTGGGGCCGATAATTTCATTTACATTTTTTACTGCAATTCTAACTCCCTTACCGTGACATCTTTTCCCGCCATCTCTTATTTCAACTGCTTCATATTTTCCTTTGGAGATTCCTGAAGGAACCGAGCTCTGGAAAATACCAAAATCAGTAGTTAGATCTACCTCAACCGTAGGATTTCCCCTTGAGTCTAAAATCTCCCTAGCTTTAATCGATTTAATTTGTCCGCCTTTGGCGGAGAAATCTTCAGCAGAGCTGAACATTTTAGAACTTTTGTAAATATTCATAGGCAGATAAGGCAGCTTTGGCTCCTTCACCAGCAGCAATTACAATTTGACCGCATAAAACATTGGTAACATCGCCACAGGCGAAAAGTCCTTCGGTTTTTGTTTGTAAGTTTTTAGGGTCAACAATTATCTCATCTTTTTCATTAAAATCAACTAAGCCTTTGATGTAATCTGTGGCTGGAGTTTCTCCAATCATAATAAAGATTCCCTGAACATTTAAAGTCTTTTCTTTTTGGGAAATCCGGTCT
CP179888.1_gap4	229014	229529	515	GGGTCTTCAATGGTTGAGATATTTACCCCGGGAATATTCAGAATTTCCATCATGGCATACAAAGAGGTGGTTTTTCCACAGCCGGTTGGTCCGGTAACAAGAATCATCCCTACTGGTTTTCTCAAATTATCCTGAACTCTTTCTAAGGCTTCGTCTCTTAATCCTAATCCCTCTAAGGTAAGAACTTTGGCGGTTTCAGGCAATAGTCTCATAACAATTTTTTCTCCGTTAAAAACCGGCAAAACCGAGACTCTAATTGAGTATCTGTAATCCTCGGTTTCTATCTTAAAACGGCCATCCTGGGGAAGTCTATGCTCGTCTAACTTTAAATTGGAGAGAACTTTTATTCTGGCTACAATTCCTGAGCTAACTTGTTTAGGAAGAGTCATAGCATCATGTAAAATACCATCGATTCGATAGCGGACTATAACTTCTTTTTCCAGGGGTTCTATATGGATATCAGAAGCTCGCTGTAAAATTGCGTGCTTCATTAGGGTATCAACAATCCTAACCAC
CP179888.1_gap5	349683	352079	2396	AGTTTGAGTATTTATTTTGCTGAACATTTCGAGCATGTTTTATGGTTCATTCTTTTTTTGTTTTTACTGAAAAATTACAAACCGTTCGCTCAGCTCCCTGTAATCCCGCGATTAAAGAAAAAATACTGGCCGATGATAATTCAGGCTTTTGGGGCAGCAATTTTAGCAAGATTAGTTGTTGTTAATTTTATTCGCTGGCTTTGGCCAAGACCCAGACCATTTATTGAAAACACTGTTAATTTGCTCCTATCTCATAAGGCAGCTTCTTTTCCTTCTGGTCATGCTGCCTTTTATTTTGCTATATCTACGGTTGTTTATTTTTACAATAAAAAAGCTGGCATCGGATTTTTTGTTGCCAGTTTTTTAATTTCTATTTCCCGAGTGATTTGTGGAATTCACTGGCCATCTGATATTTTGGTTGGAGCTTTGATTGGAATTTTTTCTGCTTGGTTGATTATTCTTTTTTTTCAGCGATTTTTCTCAACCTCATCGAAACAATCACTATAATAATTGTAACTATTATTGCATAAAGAAATTTTCCAATTAATTCATTACTTTTCTCAAAAAAAGTCTCAAACAAACTTTTTATTGCCTCGTTCCAGGCCAAAGCTGCCACTAATCCAAACCCGCCCAAAATTAAAGTAATTGTTTTTTCTTTAAATTCTCTTTTTGTTTCCCCAATCTCCTTCAATGGTTTTATGTTTTTGATTTTATTTATTGGAGATTTCATAATTTAAAATAGTAGTTAAAATTCCACGATTATATTATTATATAAAAAGATCGATTTTTAAGCAAGGGTTCCGGGAAGCCGTCCCGGAGGTGCTATTTTTAAGTAAAGCCCGCCCAAGTATTATCCGAGCGGGTTATTTTTTATGGTGGCCTTCTGTCTATGAGAGTTTAAGGCCCTCAACTTTTGCAGGGTCGAGAGTGTTCTCATTATTTAGCGGAAACAGAGTTACTTTTTCACTAGTGAAGTGAGGAGTAAGGATAAGCTGGCCGCGGATTATTGATATACGATAAAGTTTCAAATTTCTTACATATCCGCAAGAGGCAAATATATCCTCCTTTACCCATTTATTTCCTTCTTTTTTTGCCAACCATTCGCACTGGATCAGAAGCGTATTATTCCTAATGATGGCATTTTTAATTCTGCCTTGGTATAAATAACTTCTGTCTTTATTCTGGTCTTTATTCTGAATTTTTATATCACCTACAAATTCTGTAAGTATTTCATTGGTAAGGTTCATAACTTCCCTCCTTCGTTATGCTATTAAATGTCTTTTATTATATTAGCAAATTGATTTTTTAAAAATTGTGCCGGAGGTGGGACTTGAACCCACAAGCCCTTGCGGACAGTAGATTTTGAATCTACCCTGTTTTCCAATTTCAGCACTCCGGCAAGTACTTTATTCTTTTATTTTGCCATATTTTTCTCGAAATTGCAATCTTTGTCGGAACACTTAATTTTCCTCCCTTTTTCTACCAAAAGTGAGCCGCATTTTGGGCATTTTTTTCCTGTTGGCTTATCCCATAAGGCAAAATCACATTTTGGCCATTGATTGCAGCCATAAAAGATTTTTTTCTTTTTAGTTCTTTTTTCAACTATCTCACCCTTTTTACATTTTGGGCATTTAATTCCCAATTTCTTTTTTTCAAAAGGTTCAGTATATTTACATTTAGGAAAGCGAGAGCAGCCATAGAATTTTCCGAATTTCCCCAGCCGAATTAAAAGTTGGGCTTTGCATTCTGGACAGATTTTTTCGGTTTTTTCAGTTAAAACCTTTTTTGAAACCTCCTGATATTTTTGTTTTAGGTTTTTTTCGAAAGGATTGTAAAAATCTCTTATAACCTGAACCCATTTTTCTTTCCCTTGGGCAATTTTATCTAAATCCTCTTCCATTAGGGCGGTAAATTTAATATCAACAATTTTTGGGAAGTGTTCTACCAAAATATCGTTCACTACTGTTCCAATTTCAGTTGGTTGAAAGCGCTTCTCTGTATTTTTCTCAATATAATTTCTTTCTTGAACTGTAGATAAAATGGGGGCATAAGTTGAGGGTCTGCCAATACCATTTTCTTCCAAAGCCTTAATTAGAGTAGCTTCACTGTATCGAGGAGGAGGCTGAGTAAAGTGCTGGGAAGGAATTAATTTTATAAGTTCTAAAATTTCATTTATCTCTAAAAGTGGCAATTCAGTCTCCTCATATCTTATTGGATATATTTTTAGAAATCCATCAAACTTCAAGACCTGGCCAGTAGCTTTAAAAGTGTAATTTTTAGCGCCAATATCAATAGTCGTTGAGTCAAGAACAGCTTGACTCATCTGACAAGCAATAAATCTTCGCCAGATAAGATCGTAAAGCCGAAACTGCCTCTTGTCTAATTTTGCTTTAATT
CP179888.1_gap6	355991	358709	2718	TAAGACTTTTTCTAATCTTAATCTTGACAAATCCATTTTATTAAATTATAATATAATATAATACTTCTTTTACAAGTTTTGGACTAAAGAATTAAACATTTTTCCTTCCAGTCTACCTGTGAGTGGCTAAACCGAGTACATAAATTTTTTACGTGCTCGGGGATGGATTCTAAGCAATCCCTCCTTAAGCTTAGTAGCCTTAAGTTATGGATTGGAACTTTTGTTCTTAATTTATAGCGCTCGGAGGTAGACTGGAGGGTAAAAAGAAAATTAAAAAGGAGGCAAAATGAAAATATGTGAAATTTGTGGCAATGACGATTTGAGTGAGATCGAAGTTAGGATTGAAGAAAGCAGAGTTACGTTCAAGACATTTAAAGCAAACGACTTGAAAAATCCGATTAAGGTCGATGATGACGTTCCAGAACATATAGTTAAGTCGATAGAAGCAGCAAAATGTACTAAGTGTGGAAACGAGTTTGACGGCGATGAGTTGGACAAGCTATCCAAAGAAATAGGGGTGTCAGTTTTCTGACGCAAAGCCGAGGCGAGGGGTGATTTAAGCTCCCTCTATTCCTTGTCTCGGCTTTTCTATTTATTAAATTTATTCATTCCAGAGCACATAAATATTATTTATGTGCTCGGCCGAGCACATATGTTATATGTGCTCTGGGCTTTTCCTAAACCTGATTTTAAAGAAAGCTCAATCGCCTCAACCGTTTTTTTAATCACTTCTTTAACTATCTTTTCTTCTTCTTTGTTAAATTTTTGAAGAACAAATTTTTCGGGATTTTTAGGTTTGCCAAACTTAGGTTGAATGCCAATTCTAAACCTAACAAAATTTTTAGTTTCAATTTCTTTAATTATTGATTTCACTCCTTTGTGGCCAGCCGAACCACGATTTTTGACAATTCGGATTTTACCCAGGGGCAAATCAATGTCGTCGTGAATTACTAAAACATTTGACATTTGACACTTAACACTTAACACTACTTTTTTTACTGCTTGGCCAGAGAGATTCATAAAAGTAAGCGGTTTTGCGAGTAAAACTTTTTGGCTGTTAATCTCACCTTTACTAATTTCAGCCTGTAATTTTTTTATATTTTTCCAATCCGAAAATTTGTCAATTGTTAATTGTAAATTGTCAATTGTCATAAAGCCAAGATTGTGGCGAGTTTTTTGAAATTTTTCTCCGGGATTACCCAGACCAAGGATAATTCTCATAGTTATTTAATTATAAGCAAAGCTTGAAGTTGGTCGTTCGGGCCCTCACTCCCAATTATACATCTTGTTGCAAAAATAAAAAATTTAACTTATACTTAAAAAAGGCAGAGAGGACTTCGTCCTCTTCTTAACCTTCGCCATTATAAATAAAAGCTCGGTGTATGAAAAATTTCTTATCTTTCATCTGGGAGATCACAAAAATCGTCATCGTTGCCTTAGTAATAGTTATTCCTATTCGTTATTTTTTATTTCAGCCATTTTTTGTTAAAGGCCAGTCAATGGAGCCGAATTTTGAAAATGGTGATTATTTAATTATTGATGAGATTTCCTATCGCCTTCGAACTCCCAAAAGAGGAGAAGTGATAGTTTTTAAATATCCGGAAAATCCTTCCCAGCGCTATATTAAAAGAATTGCCGGTCTTCCCGGAGAAACGATAGAAATAAAAGATGGTAAAGTTATAATTTTTGAAAATAATCAAAGACCCCTCGCTGCGGCTCGGGTATTAGATGAATCTGATTATCTTTCAGGAGATTTAATGTTTATTAATTACCCAGAGATTACTTTAGGCCCAGATGAATACTTTGTTTTGGGAGATAATCGAGCAAGTACCTGGCGGGGAGTAGTTCCTCAGGGAAATATTATTGGCCGAGTATTTTTCCGCGCTTGGCCATTCACCGCCTTGGCAAAAATTGAAGCCCCCTCATATTGATTAACGCAAGATTTAGAAGAAGATCGACACTAGATAATCTTACGTAAATCTTGTTTTAATCTCGTGTAAATCATTACATATGAAGAGACCTAAATTTCAAAGCCCGACAGGGATGCACGATATTTTGCCCGAGGAGCAGAAATATTTCCAGATAATTTATAATGTTTGTGAGGATATAGCCAAATTTTACGGGTTTGGGAAAATAGATACCCCCATTCTTGAGGAAGCTGATCTTTTTTCAAGAGGGATAGGGCTCTCGACTGATATTGTCCAGAAACAAATGTATAGTTTTAAAACTAAAGGAGATGATATTTTAGCTCTCAGGCCAGAATGCACAGCTCCAGTTGTCAGAGCCTATATTGAACATGGAATGTTTAATTTGCCCCAGCCCTTAAAGCTTTGGCATTGGGGCCCCTGTTTTCGATATGAGAGCCCTCAGGCTGGAAGATACCGTCAGTTCTGGCAATTTGGATTCGAGATTTTAGGAGAAAGAAGTCCGGTAATGGATGTTCAAATTATTCAAATTTTTTATAATATTTTAGAGAAAATTCGTTTAAAAAAATTAATTGTCGAGATAAATAGTATCGGAGATAATCAATGCCGGCCTTATTATAAAAAACTTTTGGGAAGTTATTTTAAATCAAGAGCACAGTCTTTGTGTTCTAACTGTAAAAGGAGGCTTAGAGAAAATCCTTTGAGAATTTTAGACTGCAAAGAAGAAAAATGTCAGAGGATTAAAGCTCAGGCTCCCCAAATGATAGATCATCTTTGCGATGAGTGTCACAAT
CP179888.1_gap7	379607	384357	4750	ATAAGAACAGATTTTCAATTCTTAAGAGCGGGTCATTAACTTCTAAGGCATATTTTTCCATTTTCTTCCTCCTTCCTTAATTTTTGACAAATTAAAATTTATTTATAATCACTCCCAATATTAAATTTTTAATTTACGGATTTATTTGAAAAAGTTACATCGCTCTTGATTTAAAGATACCACAATAAATAAAAAAGTCAATTTTATAGGTGTGGATTCAATTTATCTCTATCGATTTACGAAATCAATAGATTGTATTACTCTAAGATTATTTTTTTTATTTTCTCTAGCTCCATTTCTTTTAACCAATTTTTAACGTTATCTTTATAATTTTCTGCTCCACCAAAAATTTTCAAAAGAAATTCTCTTTGGGTAACTGATGGAAAATTCTTTTTGCCGATATAATCTAAATGGCTAGACCAACGAAAAGAATTTAAAATTTCTACGGCTTTTTGGTAGTTTTGGATTTCCCCTTTTCTCCATTCTGGCATCGTTAAATCAAGAGGATTGAAATGGATGTAATAAGGTAAGTGTACAAAATGAAGTTCTGAATTTACTAAAACCAATTTATATCGTCCTTGGAATAAAGTTCCTGATCTTTTATATTTTTGATTAAAATAATTAGCATAACCCACTCCTATTTTTCTCATAAATTTTGTTAAACCACCTTCTTCTCTTTGTCTTAAAAGTAAATGAAAGTGATTTGGCATTAAACAAAAGGCTAAAATTTCAACAATCAGTTTTCTTGGTTTTTTAATATATTGATTTACGAAATCAATAGATTGGATTATAGTAAAATAAAAGGTTACAATATAAAAAATAACCAATAAATCTATGATTAAACTTAATATTAAAAACTTAACAAGAACTGTGTTTTTAGGAATGTTTTTGTTTGGAGTAATAACTGGTGCAAACGCCCAACAAACATTACCAAAAGGTGGAGATAGTTATGAGACTGCGGTTAAGCTGGAGCTAGGAAATTATCAAAGAGAGGCAATGGAAGAGAAAGAATACTTTTATGTAGATGTAAAGGCGGGTCAGGAAATCAATATCAAGTATACCTTCGGTGTTGGGACTGGCAGGGACGGATGGGGCATCCTGTTTTTATATGATGAAGATAGGACAAATTTAGTTGATAAGTGGGATGCGGTTAGCGAGAATGATTTGAAATCGATTACAATTTCTTGGCTGTCAAATTCAGAGAAAGATTCTTATAAATACTACATCAAGGCAGGATATGACTATGGTTATGATGTGAGTTCAGTCTCATTTGATATATCATTGACGGACCGCTACGATACCGGAAGTCAAACAGATGCCGGAAACACATTTGAAAAAGCAATGAGTATTACTGCAGGAAACTACACGGCTTACCTTTCTGGAAAAGAGGGCACAGACACCAAAGACTTTTATAAAGTAGGAATTAAAAAAGAAGAGAAGTTGACTATTAAAATAACTCCGCCAACTGAGGCAAAGCCCAGTTTGAAAATATATAATAGCGATAGAGTGGTAATTAAAGAAGAATATGCGCCAAATCCCGGAGCAATTATTCAAGCTTCTTTGACTACAAAAAAAAGTGAAGATCTGTTCGTTAAAGTTTCCTGTGATAGCTGGTGCAGTAAAAATTTAGTTAAATATGCTTTAAATATCGGAATACAGCCACCACCAGAAGTCGAAACACCGGTTGAGGAAGAAATAGCGCCGGACGGAACATCGTCAGAAGAAGTCCCACCAAAAGAAACACCATTTGAGCAATTGAGTGAGAATAAACAAGTAGAAAAAGAGATGCCGCTCGAAATAGAAGAAGGGTTACCCTTCACAGAGGAAATTGTTGCAGCCCAAGTTGTACCCACGAAGGGTCCAAATTGGACATTAATTTTGGCTATTATCGGTATAATTGCAGCAATAGGAGTAGTGATATACTTCCTTTTCAAAAGGTGCAAAAAGGGGTTAAAGTTAAATAGGATAACTATTTTCTTGTTTATCCTTTTAATAATATTTTTATTAATTGGTACCTGGTTATATTTTTATATATCTCAAAAAAATGATACCGCGATTTATGATAGATCATCCGAATTTGTTTATACTAAAATACTAAAAGTAATATCGCTTACTCCTGATCTTGTTTTGGTTGTTACAGAAAACCCAAAAGGACCGGCCGAATTAGGACCAACTGGAATATACAACTTTGATGCTGTTTTTGCTGCTACCGAGAACCCGGATGACACAGATTCGAGCCTTGAAGTAATTGTTACCGAAAAAGAATTAATTAAATTATATGATAAAAAGATACTTGGTTTTTATGTCCGCATAGGAGGATTACAAGGAGATGTTGAGAAAGCTAATGAGAGATATATATTTAAATTTAGAGGACTAAAATATCTCAAATTATTATTTGAGGAAGGGTATCTTGACAAAGTTGATGTGGGTTTTTTCTACCCAGATCTTTTCGTAACAGAAGAAGGAAGAACAAAAGCATTTATTTTTGCCCATACTTTTATTACCTTTAAGCACGAACTGACACATCACAGATTTGCGACCGACCCGCTTTACCAGCAGGAAGTTATAGGAAAATGGAGAAGATTAGAAAATGAAAACAAAAAGAAGATAATAATGGCCCTAATTAAGAGAGACTACTCTTTTGGGAGGGAAATAGATCTAAAAGAATGGAAAAAGTTAGACGAAGGTCAAAGAAATAAAAAAATAGAAGAGCTAATTAAGAAAGGTGAGAGACTATACGAGTTCATCGAAAAGGGTGAGAACCTACACGAGTTAATTCAAAAGAACAAGGAGATGGAAGAGGTAATCTTAAAGAATAGGTCACTAGTCATAGCCATTGATGAATGGATTGCACACTGCAACGAAGATAATAAGTATGATGCATTTGAGGGCGGTATAGATGTTATGCAGGATATTACACAGAAGGACGGGGTTTGGGATAAACATTGGTATAACCTTGTAGATAAAAACGGAAAAGAACTTTTTTATAATGATAGTAACGATGATGAAACATATAAAAAATATAGAGACAAACATCCTGAAAAATTTAGGACTACAGAAAAGCAGCCAAAGAGAGAAGAAGATATTCAGGAACCAGAAATTTTTAACGAATTAGATGCAAACAAGTATTATAGTATCCATGGTACTTGTCCTCCAGGATATGAGTTGGTTGAATATCCGGGTGAGCGTGATATTCCGGGCCCAACCTATGCGGAGGCAACAAGACGTCTAGAGGAAGCAGGAAAGAGACTCGAGGAAGCTCCAAAAAATGATCCAGAAGCCATAATAAGAGCCATAAAAGAACTTAACGAAGCTACATTACTTTATCATCATGGACGCAGATGTGAAAAACAAAAATGAATCAAATAAAAAATTATCAGGCACTTATGAAAAAGATTAAATTAAATTTAAAATTAAAAATCCTTATTGGGATTCTGATTGTGGGAATTATTTCAATTGTTGGGTGGTGGATTCGGGAAAAACTTGAAACTAAAACCGAGATTAAAAAGAAAGTAGAGGTTCCTCTTGAGAAATGCATTGAAGCCTCTTCTTTTGTGGATTATTATGAAAAAGCTGGAATTCCTTTTGAGCCCGAATGGATGAGTGGATTGATAAAGTCTGAGCCTATTCCAATAAAAATAAATTTCTCCGATATAGAGATCTATAATATCCCTCTTGAGAGGGCTGGCGGTGATTGGTTTACAGAGCCAATAATTAAATCTGATAACTTATATTGCGAATTAATAGATAAAAATATTGAGACACTTTTTGCTCCTATTCAAAAAAAAGAAGCAATAGATTATGTTATTTTTCGATTAGTAACTCTTGGCCAAAGCGGATACGCGGTTGAACGCACTACCATTTTGGATAAGAAAGATTATGAAAATGATTATGAAAATTATGAATGCGGTAAATCTATTTCTGATTTTGAAAAAAGAATTACTACTCTTCAGGAAACAAAAGGTGGCTTTTTGGTAAATTGGGTATATTATACTATCTTTGGCACAAGAGCTGGTTATTATGAGGAGAAAATAAAAGTTGGATATAATGCTAAAATAGAATTGTTTGAGGAAGCCAATGGATTCCTCAAGCCCTTTATTGATTGTGGCGAAGGCGCCATATTTTAAATTAAGAAGAACTACAGGCTTGTCATTTGAGAATAGATAGCATTCAAGTTCACCTGCGAGTTCACCTGAAGTATCATACAATTAAAGCAAAAAAAGCCCATCGCTGGGCTGTCTTTATTTTCCTGTTATGAGTCATAATTGAGCGTTAAAATAACGCTTAGTTTTTACTAATTACTGAAATTTAATTGTATTTATAGCTCTAAATCAAGAATCTTCTTTCTAAGGGGTCGTTTGAATATGCCTTTACAAAGATGATTTATAATTTCAATAATTGCGGAAAGTCCTCTCTTTATTACTTTTTCATATTCAGTAATATCTGTTTGATCTTCATCCTGCCGTGGGTGCGTGATTTTATCCCGAAATCTCTTGAGTTCTAGGAAATGGGGCCAAGAAGGATTACGCTCAAAATCGAAATCGGGGACAAATTTACAGATTAAGAATCTTAACTTATCTTCAAGTTTATGATACTCCATTTGCTCAACAATTTGGAATCTCCCTTGTAAAATATCCAACTTCTTATCAGTTAAAAAAGCTATTTCATAGAGCTGAAAGATTTTACCTTGAGCAAGCGTGTCGCCAACATAATTAATGAACGCTTCAATCGCGCTCATTGCACAAAATAT
CP179888.1_gap8	473648	478129	4481	TGGTTATAAACCTCAGTTTTATATACGAACTACCGATGTGACTGGAGATGTAACCTTGCCAGAAGGAACAGAGATGGTTATGCCTGGTGATACGGCTAATTTAAAAGCTAAATTAATTGTCCCAGTTGCTCTTGAGGAAAAACAGAGATTCGCCATCCGTGAAGGAGGAAAGACAGTGGGAGCAGGAGTAGTAACTAAAATTGTTAAATAAATAATGCGAGATATCGTGCGTTCATCGTGCTCAAAATCTTGTGTTCATTATTAAAAAGCTTCTTTTAAGATGCCAGTAAAAACGGAAGTGAAGAAAAAAGAAGTCGAAGAAGAAGTAAAATCCAGGCTTCGGATTAAACTCCGTGCCTATGACCACAAAGTTATTGATAATAGTACTCGACAGATTGTTGAGGCAGCTTTGCGCTATGGGGTTGAAATTTTAGGGCCGGTTCCCCTTCCAACCGAAACTCATAAATATACAGTGAATAGGTCCTCTTTTATTCATAAAGATTCGAGAGAACAATTCGAAATGAGAGTTCACAAAAGATTGGTTGATATTTTAAATCCTACTCCCAAAGTTATTGATGCCTTAATGAGCCTGACTCTGCCAGCAGGAGTTGATATTGAAATAAAAATGTAGTATAATTAAAATGTTGAAATTATTAAGTTTTTAGAATTTAAGTTATATAAATAGTCACGGAAGAAAACCGGGCTATGCCCGGTTTTTAATTACCAAAATGGCAAAGTTTATTTTAGGATTAAAATTAGGAATGAGTCAAATCTTTGATGAGAAAGGAAATGTTATTCCGGTAACAGTTATTGAAGCAGGTCCCTGTTATGTTACCCAAATAAAGACAAAGGAAAAAGATGGATATTCAGCTGTTCAGATTGGTTTTGGTGAAGCAAAAAAAATAACCAAAGCTTTGGCTGGCCATCTTAAAGGAGCAAAAGTTGGAAAATTGATGTTTTTGAGAGAATTTCGAAACGAAACACCTAAAATTGATGATAAAGAGCTAAAAATAAAGGATAAGATTGATGTTTCAATTTTTAAAGAAGGGGATAAAGTTAAAATTTCTGGAATCTCAAAAGGCAAAGGTTTTCAGGGAGCAGTTAAAAGATGGGGATTTTCAGGAATGGGGGCTAGCCATGGAGTAAAGCATGAGCACCGAACCTTGGGTTCGGTCGGAAGCAGCTTTCCGGAAAGAGTAATCAAGGGCAAGAAGATGCCCGGTCGGATGGGAAACGAAAGAGTAACGGTCAAAAATTTAAAAGTAGTTAAAATTGATAAAGAAAATAATTTATTAGCAGTAAAAGGAGCTGTGCCGGGTAGAAAGGGTATATTATTAGAAATTAGAGGATAATCGCTCGGCAAGCTGGTTTCAGGGTCGTTCGCTCGCCCCAGCGAGGCTCGCTCACTCAGGTAAAGACCTTCGCTCTTCGAGCTAAAGCTCGAAACCATGCCCGCTCAGGCCTTTAACTGTCCCTGAAACCACTGCCTCGCTTAAGGGAAGGGGATTAAAAAATTATGCTTATTGAGACTTATGACCAAAACGGAAAAAAAATTGGACAGGCGAGATTGCCCTCGGAAATTTTTGATGTGAAAATAAATCCTGATTTGGTTCATCAGGTGGTTCGCTCCCAGATAGCAAATCGAAGACGAATTATTGCCCATACTAAAGGTCGGGCTGAGGTTCGCGGCGGGGGCAGAAAACCCTGGCGGCAAAAAGGAACTGGAAGGGCAAGAGCAGGTTCAATTCGTTCCCCAATTTGGAGAGGCGGGGGAGTAACCTTTGGGCCTACAACTGAGAAGGTTTTCAAGAAAAGAATTCCTAAAAAAATGAGAAGGAAAGCTTTATTTATGGTTTTATCAGCTAAGGCAAAAGAGAATTTACTTTTAGTTTTAGATAATTTAAAGATTGAAAAACCTAAAACAAAATTGATGAGAGAGATATTAGATAAATTATTCTTGAAAAAAGGTTCGGGTTTAATTGCCTTGGCCCAGAAAGATGAGAATATAATTAAGGCAGCCAGAAATATTCCAAAAACTGAGACAATGCAAGCTAAAGATTTAAATGTTTTAGATTTGCTTAGTTTTAAATACTTAGTGATGCCAAAAGAAGTAATAAAAGTAATAAAAGAAACATTTATAAAATAAGTGAAAAAATATGGCAATTTTAGATATTTTCAAAAGAAAAAAACCAGAGAAGAAAAAGGAAGTCAAAAAACCCGCCGTCGTTAAAGCTTTGACGGGCAAGGAGGTTAAAAAGATCCCCGAAGTTAAAGGGAAGCCGTCTAAAAAAATTTCTGAATTACCAGTAAAAAAAGGCTTTAATGTTGCCTATCGTACTTTAAAGATACCCCACATTACAGAAAAAGCGGGAGATTTGGCTAAAAAAAATCAATACGTTTTTAAAATTTGGCCAGGGGCAAATAAAACTGAAATAAAAAAAGCGATTCAAGATATTTATGGAGTAGATGTTTTAGATGTAAGAATTATTAAGATTTCGAGAAAACCCAGAAGATTGGGAAGGCAAAGAGGTTGGAGAGAAGGATATAAAAAGGCTATTGTAAAGATAAAAGAGGGACAAAAAATTGAGGTGTTACCGAGATAGCAGTTTGGTAGGTTTGTTTCCCTTAAGGATATGACACAAAAAAAATTACTCACAAAAAAAGAACCGGAAAAAAAGCTGCTAAAATTTATAAAAAAGAAAGCAGGAAGGGCTCGTTCAGGCCGGATAACTGTTCGTCATCGGGGGAAAGGAGCAAAAAGACTTTATAGAATCATTGATTTCGGACAGGAAAAACTCGGTCTCCAGGCTAAAATTGTTGCTTTAGAATACGACCCTTACAGAACCAGTTTTATTGCTCTTTTGGAATACCAGGATGGAGAAAAAAGATACATTTTAGCCCCCCAAAATTTAAAGATTGGGGATGAAATTATTATTTCAGAAAAAGCTGAAATCCGGCCGGGGAATCGAATGAAACTAAAAAATATTCCAGTAGGAACTCAGCTCTATAATATTGAGATTGAGCCTGGCAAAGGAGGAAAGTTGGTCAGGGGAGCAGGAACTACTGCAAGAATCTTGGCTCAGGAAGGAAAGTTCGTCCATTTGGAGATGCCCTCTTCAGAAATTAGGCGGATTTCTCAAGAATGTTTTGCCTCAATTGGGATGGTTTCCCGACCCGAGCATAAATTTACTACTCTTTCAAAGGCAGGCAGAGCTCGCCATATGAGACGGAGGCCAACTGTTCGAGGAACAGCTATGGTTCCTGCTGACCATCCTCATGGAGGAGGTGAAGGTAAAGCCCCAATTGGATTAAAACACCCAAAGACTCCCTGGGGAAAACCAGCTCTAGGGAAAAAAACAAGAAAGAAAAAGTGGACGGATAAATACATTATTAAAAGAAGATCAAAGAGATAAATCTCTTTTCTCCCTTCGTTCCGCTGTGTGGCGGAACTCGGAGAAAAAAGAAAAAGAAATAATTATGGCAAGGTCACTTAAAAAAGGTCCATATGTGTCAGAAAAACTTTTAGGAAAGATTAAGAAATTAAAACCAGGCACAAAGGAAGTTATAAAAACTTGGTGCCGGGCTTGTGTCATTACTCCAGAAATGATTGGTTTTACTTTTGGCGTCCATAATGGAAAAGAACACATCCCTGTTTATGTAACTGAAGATATGGTTGGTCACCGACTTGGGGAATTTGCTCTGACGACTAAATTTTCAAGGCATGGCGGAAGAATGCAGAGGGAGTTAGAGCAAAAAACAACTGAAAAGGAAGTAGAGAAACTTAAAAAATCTGAGTAAAGGAAACAGCTATCATAACTCTTATTATTAATGCTAAATGTAATTTTTTTAATAATATGTCAGTACTTGCTAAATTAAAATATTTACGGATTGCTCCTCGAAAAGTTCGCTTAGTCGCTAATCTCATTCGAGGAAAATCAGTTGAGGAAGCTCAAACTATTTTAGATTTTACTGTAAAAAAAGCGACCCAGCCCCTTTTAAAACTCTTAAAATCTGCTCTTTCTAACGCTAAACATAATTTCCAGTTATTAGATGAATCAAATCTTTATATCTCTAAAATTATAGTTGAGGAGGGACCAAAATTAAAAAGATGGAGGGCTCGGGCCCGGGGAACAGTTGCCTCAATTCAAAAAAAGACTTCTCATATAACAATAATTCTTGATGAAATTTCAAAAAAACCCAAAAAAGTAAAAAAGGTTAGAAAGGTTGAAAAAGCTAAAAAAGTGAAAAGAATTCCCCGGCTGAAAAAACCAAAACTAAAAGCTGAGATGGAAATATCCAAACCCAAAATTGAAAGGGGAGTAAAAAGAATATTTAGGCGAAAAGCCTTTTAATTATATGACTCATAAGGTTCACCCAAAAGCATTTAGAATAAAAGAAGCAACTGACTGGGATTCTCGTGGATTTTATAAAAAAAACTTTCCAGAATACCTGAAAGAGGATTTTGAAATTAGAGAATTTTT
CP179888.1_gap9	539878	544647	4769	CTATAATGTAGGTGTTAAAGGAGAGAGTGAATATTTTAATATTATGACGCCACAGACGACTCTCTCCGAGAGTCGCCTGTTGGGTTAAAAGAACTTTGAAAAAAAATATAGCAAGCGCAGAATTGTTCGTTGGATATTCAGTGAATAATTCTGTCCTTACTATTTCATAGTAAGGTTTAAAATAAAATAAGGAACGCCCGCCGCAGGCGGGCAAGGAGGTAAAAGCGATGAATTTAAGAATCGAAGAGTTAGTTGGATCCTTATCTAAAGAAATCGAAAAAGGATGGGGACATGTAAAATTAGGAGAGGAGGTAAAAGAGATTTTAAGAGGCTATGGGATATGGTTCTACCGCATAATTGATTCCCTGAGCGAGGAAAATATTGCGTGGGAAGTAAGACTCGTGATCAAAAAACTTTCCAAAGCATATTTTTTAGAACTTTGGAAAGAAAGGCACGATTTACGAATCGAAAAAATCCTTCACCAACTAATAGAAAATTTGGAGGAGGAAATCAAAGAGTCCAAAGCGCTTAGGATAGATGCGGCTGGACGACGCTGGGGAAGCAAATTGGATCTCGTCCACTATCAGTTTATCATTGCCGATAGTGGATGTCCTCATCACTTCTATTTTTGCAAAAACAGAGCAGAGATGGAAGAGATGATGGGAGAGAACCAGTGGGAAATCTTTTCATCCTTGAAAGAATTCGAGGAGTGGGAAGATTGGATATATGCTGAGAGGAATTAACAGGAATCTTCGTTAGCCGGACCGTCCTGACCGGCTGGAAAACAAAAGGGTTGGTGAGGTTCTGGTAATCCAGACAATTGCCTTCGGGCGATTGCAAGACCTGCCCTCATTGTAAAAAAATAAGGGTTGTATTATAACAATATAGGGAAAGGAATACTCATTTTTGCCCTTCCCTAATCTCCCAAGTTCAGAATTGACAGAGACCGGGTCTCTGCAAGCTATTCTGGATTTAGGAGATTAGAAATAGTAAATAGCAAGCGCAGAATTGTTCATTGGAATCGCAGTGAATAATTCTGCCCTTGATATTAAACAAGGTTTAACAATAAAAAATAATAAGGAAAAGAAGGAGGGGATGATGGAGCTACTGGCGGTGATACTATGTCTTGTACTATGTCTCGTTTTACACGAGGTGGGGCACGCACTGGCTGCCCTTGCGTGCAAAAGGCGAATTAAATTCCTCATAAATAGGGTTGGATTCGCTCTGCGCCATGACGGAAAAGCCCCCCTTACCCCTTGGCAGAAAATAGTTATTACTATTGCCGGACCGGGCACAAACATAATTGCGGGTCTGGTAGCGCTCATCTTAGGATGGACACAGATTGCAATGATGCAATTTTTATTTGGCGTCATTAATCTACTGTGGCTATCCCGGAAAGCCGACGGCTACAGGGCGTACAGGGAGGTTCGGCAGTTATTAATTGGGCTCCGGGGCCGGTCGGGGGCAAATAAGGAAGGGTAGATCGGCAGCTTCAAATAGTTTACCCTTCCTCCTATACTTCAGTTCATTTCACAAGAAACGAACTGAAAAATGGGAACTTTTGAGGTCAGAAGCGCTCTCACGGAGCGAGAGAAATCTCTCTCCTCGCCTACCGAAGTTTTACTTGTAAAATTTTGGTGGGCTTCGCTCTGCGGGAGCACTTCTGATCTTGGGGCTTGACAAATTTTTTTAAAACAATACAATATTAAAATAGTAGCTTTTTCAGTCTCGCCGATTCTCCCCTAAAGAAAGAGGGTTAGGTGAGGAGCAAAGGTCGGGCTACTTGAATGAACTAAGCGATTGAATGCAGTCTCCAAATTACGAATAGCGATTTTGGGGAGTTTAAAAATATGCCAAAAGCAAGTTCTGATCAGGAATTCCTTGAGTATATTATTAAGGCTTTAGTTGATCACCCAGAGGATGTTAAGATTGATAGAAAAGTTGACGAGATGGGAGTTTTACTTTCTTTGAAAGTAAATGCCGAAGATATGGGTCAGATTATTGGAAGAGCCGGGTCAACTGCCAGAGCAATAAGGTCTTTAGTTCGGATTATTGGTCTAAAAAATCACGCCAGAGTGAACCTAAAGATTGAAGAACCAGCTGGTGGTAGACCTCCTGTTACTCGGGGGAAAAGAGCTCCTACCGGAGGAGAAGAGCTCGAAGAATTGAAATTGTAAACTCATAATTCCGCTAAGTTTACAAAAATCTGAAAGCCGTGCTATCATTAACCGAGCTTCCATTTAGGGAAGTGAAGGTGAAGAAGAGGACGAATTCCTCTTCGCCTTGATAGTGCGGTTTTCGTTTAATTTTATGATTAAGTTTGATATTATTACAATTTTTCCTGAGATTTTTAATTCTTATTTGAAAGAAAGTTTGATTGCCCGGGCTCAAAAAAAGAAATTAATTGAAATTAATATCCACGATTTGAGAAAATGGACATCCGATGTCCACAAGACGGTGGATGATAGACCTTTTGGGGGAGGAATAGGGATGGTGTTAAAAGTTGAACCGATTTATAAAGCTGTAAAAGAGATAAATAAACTTGTCTTTGCTAAAGCTTCGGCGAGGCGAGGAAAATCAAAAATAATTTTATTTACTCCAAGAGGAAGAAAATTTAATCAAAAGATGGCTTATCGGTTGTCAAAATTGAATCAGATAATTATGATTTGCGGTAGATATGAAGGAGTGGATGAGAGAATAGCAAAGTATATTGCCGATTTAGAATTATCAATTGGCGATTACGATTTAATGGGAGGAGAATTACCGGCAATGGTGGTTATTGAGGCAACAACTCGATTAATTCCTGGAGTTTTAGGAAAACCAGAATTATTAAAAGAAAGAATTACCAAGGAAAAGGGATTTATTGAATATCCTCAATATAGTAGACCGGAAGTTTTTTCGCCCAAGAAGGGAGTTTATTGGAAAGTTCCTAAGGTTTTGTTATCCGGCTATCACAAAAAAATTGAAGAGTGGCGAAGAAAACATAGAAAGATCATTGAAAACCCGAGCGATAGCGAAGGGTGAAGATGAAGCGATAGCTTCATCGCCTACCGAAACTAATTGAAAATTCATTGAGAAATAACCATTTTTGTGGTAAAATAACTTAAAGGGTGCGTAGTCCCATAGGGGGTGGGATTTGTCTGTAAAACAAACGTCCGTAAGGGCCCCGTCGGTTCGACTCCGACCGCACCCACAAGCTTTTTTGCCTGGGTAGCTCAGTTAGTTAGAGCGCGGCTTTGGTAAAGCCGAGGTCCGCAGTGCAAATCTGCGCTCAGGCTTAAATAAATATATGCCAGCAAAAAAACCATTTATTAAACTTCAATGTTCTGAGTGTAAAAGAATAAATTATTATACTCACAAATCAAAAAAAATAATTGAGAAGAAATTAGAATTGAAAAAATTCTGTAAATGGTGTAGAAAGCACACGGTACATAAAGAGATGAAGAAGTGATAAATAAAATTTTAAAGACGAGTGTCTTAATATGTTTTGGGAAAATTTTTGGGCAAATTTAATTTCTGGTATTACTTTATTATTTTTTGGGCACAAAAAGAAGAATGCAAGATTAGAACAGGAAAGTAACAATAAACAGAAAAATAAAGCTGGTCCCAATATTGTTCAGAATATTGGTACACAAAATATTCATTATCACTATCATAACTATTATATTGATCCTAAAGATATTCCTTCTTCTAAAATAAAAGACACAAACATTACTGGTACAACACATAATATCAATGAGTAATAAAAAAATAATAATTAATAATAAATTTAAATATGTTTTTTAAGAATAAACTACAGACTAAAATTAAAAAAGTTAAAAATTCAATTATTGCTATTGGCTTTAAACCAAATCCTCAACAGATAACTATAGTTGGTAGCGGTTTTGCTATTAGTGATGACGGGAAGGTTTTAAGTTCTGCCCACCTTTACAATCAGTTAAAACCAGAAAATATCCCTAATCTTATGGGAATGGTTACAGAAAGAGAGGAAAAAGATGGGTTAACGCGTTATAAATGGCTTCCTCTTAAATTAATCGAGGATAAGAAAAATGATAAAGATGATGTAGCCCTTTTTCAATTGGAAGGACACGAGAAGACATTGCTTAATAAGATAAATTTGGGTGATTCAGAAAACGTTGAAGTTGGCGAAGATGTTTATTTCATAGGTTTTCCTTATGCCGCTCAGCTTATTAACGATCATTTTGGGGTTACCCTTATAGTCAATAAAGGGATTATAAGTAATATAAAAAGAGACGGAATTGATCCCAGTCACAAGAAAAACTGGTTTATTGTTGATGCAATAAGCAATCCTGGAAATAGCGGTTGCCCTCTTATAAAATTAGATACAAATGAAATTATTGGTATTATGGCTATTTCTTTCCGTATAAAATCCAGAACAGTTGATAATCTTGATATTAGGGAACCAATGCACATAGCTGGTGCAAAACCCATAAATTTAGCAAAACCTCTTTTAGAAACTTAATTATATGCCAAAAGAATGGATTTTAAATAGTGCTATAAATCGTTGGGGTCTTCAAAGAAAGAAGCAAGTTGGTGCTGTCTCTGATGAGATAAGAAAATGTAGCCCAAAAGATCTTGAAGATTGGGAAGAATATTATTTTAAAAATGTTTATCCAAAGGAACATTTAGTTGAAATTGGTAGAAAGTTATATATAAAAATTTCCGAAGTTTTGGAGGCAGAAATAGAAAGCATTACAGAACAAGATTGTATTGATTATGTAATCAATTTGGTTCTAAATAGGACTTTC
CP179888.1_gap10	570015	574879	4864	GGTGGAAATGAAGACCCATGGAGTCTAACTTCTGAAGTAGTTGATAAGTATATGTTAGAATCTACTACGTATGCAGGTAAGACAACTCACATTATAGTTGAAATCGTGTTTATGGTAGAACAAGCAGACGGGTCACTAGTGTTTATGGCTAAATAGTCATCAGGTTCAAAGTTTACTTCGAATAGCCTTTGTCCGCGAACGGTAACAAAGGTCAAGGTGATGCCTTAACTCTCGACATCACCTTCTTCCTGAACCAGGAACCCTGGTAACCTTTTCCCCAAACTAAAACTCTCAGTTTCTTTCCTTGTCCTCCGAAGCTCCACAAGAGCGAAAGAGGACAAAAGCCCTTAATGATGATTTTTCATCAATAGGGTAAAGCCACCTAAGTTTCTTCGAAATTTTGGCGGCTAAAGCCCAAGTTTCAAAAAACTTGGGCTTATTCTTTATTTTAGATTGATTTAATTTTTTACTGATTTTGTTTTCCGATGGAGATATTATATAATAAAGTCGATGCAAGAAATAGGCCAAAAACAAAATATATTCTGGCAATGGCTCTCTTGGCATTTTTTTGAGGTGCCAAGAGCTATTTTAAGAGCCTGGAAAAACTTTCTTTTATTTAATTTAAATTATTTCTCTGTTCCCATTCTTTTTAAAACCTTCTTTTCTTACTGGCGAAAATATAAATGGTCTTATGGCAGGGGATTTGATTTGAGAAGGTATTTTGAGGCCTTCACTTTTAATCTGATTTCCAGAATTTTGGGAGCAATTGTTAGAAGTATTTTAATATTTATCGGTATTAATGTTGAGATTTTTATATTTATTGGGGGAATGGTAATATTTGTTGGATGGTTTTTATTACCAGTTCTTTTAATTATTGGTCTTTTTTATGGTTTCAAAATTTTACTTTAATTCAAAAAAAGCAGCAATTTTTCAGGCATTAATTTGGGAGAGAGCTTTTCGATTGGCTATATTCCTTAAAAAATTCTTTTTAATTTTATTTATTTTTACTTTTTTAATATTTTTATATGGATTTCTGACAGAAAACTTTAGCCAATCAGCCCTTTCTCTTTTATTTGGTTTTTCGATAATCTTTTTGACATTGACAATTATTCTCTGGATAAAGATACTCTTTTTTGACTTAAAACTAAAGAGGCCGAAATTGAAAATAACAATTCAGGAAGCCCAAAATAGTCTGGAGGAAGGCGATGAACCTTCGGTTCATCTTCGCTCAGCCCAAGGGGGCTTCGTAGGCGATGAACTTCGTTCATCTTCACGCTTCGCTGACGCTCGCGTATATAATTTAGCTGAGTTTTTAAGTTTTGAGGTAGCTAAAAGTATTCGGCAGGCAATTAAATTCTCTAAAAAGAGAAAACTTGCCAAGATTCCTTCTGAAGCCCTACTTTACTTCTTATTAAAAGGGTGGCCCCGGGCAAATTTTATATTCTCTCGAGCCCTCTTAAATCTAAAAGAGATTAAAAAAGAATTGAAAAATTATTTGGATAGTTTAAAAAGCAAGAAGTTTCAAGAAATTTTTTCTGAAGATTTTCAAAAAGTAATTTTAGAAGCTTTAAAAATTGCTCAAAGAAAAGGTCATCAGACCATTGAAATGGGGGATATTTTAACCAGCCAGAGCAAAATTGACCCGACTTTCAAAAAACATCTAATTGTCATGGATATCAAGACCCGGGACATTGAAAATTTAACCAGCTGGTTAGAAAGTTTGGAAGAAAGAATTTCAGAGAGAAAAAAATTTTGGGAATACAAAAATTTGGCCAAAAAAGGAAGTTTAGCCAAAGAATGGGCGGCAGGTTACACTCCTACTTTAGACCAATATTCAATTGATTGGACTAATTTTATTAAAAAGAGAGGATTTGAGGAGATTATTGGCCATAAATCAGCTATTGAGCAAATTACCCGGATTTTGGCTAAATCAGAAATTAATAATGTTTTATTAGTAGGTGAACCAGGAACCGGTCGAGGAGCTACTATCCAGGCCTTGGCTCAAAGAAGTCTTTTTGGCGAGAGCTTACCCAATTTAAATTATAAAAGAGTGGTTGAATTAGATATGACTTCTTTATTGACTCGAATTGAAAAACCTGAAGAGATAGAAGCAATTTTAGACCTAATTTTTCGAGAAGTAATTTTTGCGGGAAATATTATTTTAATAATTAATGAGTTCCATAATTATGTTGGCCAGCTGGCCAGACCAGGGATTATCGACATTTCTGGAGTTCTAGTTCCTTATCTAAGATCTCCCCAGTTTCAGATTGTTGCCATAACTACCTTTATAGGTTTGCATAAATATATTGAGCAAAATCCATCCATTTTATCTTTATTTGAAAAAGTTGAAGTTTCTGAAATTTCAGCCAAAGAGACAATTAGGCTTTTGGAAAATCAGGCTTTAATTCTTGAACAAAAATATAGAAAGTTTGTTTCCTATCTGGCAATAAGAGAAATAGTAAATTATTGCCAGAAATATTTATCAGCCATTCCCTTTCCAAAATCAGCAATGAATCTCTTAGATGAAATTATGGTCTATTTGGTCAGTGAGACAAAAGAGCAAATTTTATTACCAAAACATGTGGCCGAAGTTGTTTCTGAAAAAATTCAAATCCCGGTGGGAGAATTAAAGGTCAGGGAGAGAGAAATTTTGTTAAATTTAGAAAATTTGATTCATCAGAGAATTATTGACCAAGAAGAGGCAGTAAATGAAGTTTCAGCAGCTATGAGAAGGGCTAGGGCTGGCTTTACCATAAGGTCAGGGCCAATGGGTTGCTTCTTATTTTTAGGTCCAACCGGAGTAGGGAAGACTGAAACTTCCAAAGCTCTGGCCGAAATCTACTTTGGTTCAGAAGAGAAAATGATAAGATTAGATATGTCAGAATTTCAGGATACTCGAGATATCCCAAGATTAATTGGTTCTGCCTCAAAAGAGGGTCTTTTAACAACCCCGGTTAGAGAAACCCCTTTTTCCTTAATTTTACTCGATGAAATTGAGAAGGCCCATCCAAATATCTCAAATTTATTTTTACAGGTTTTTGATGAAGGCCACTTGACCGATGGATTAGGCAGAAAAGTTGATTTTAAAAATTCAATTATTATTGCTACCTCAAACGCCGGGGCAAAGATTATCTGGGAGGATATTAGATTGAATAAAAAATTAGACATTGTCAAAGAAGATCTCTTGGGCTATCTTTTTCAAAAAGGGATTTTCCGACCAGAATTCATTAATCGATTTGATGGAGTAGTTGTTTTCAGACCCTTAACTAAAGAAAACCTTTTAGATATTGCTGAACTCTTTCTTCAAAAACTAAAGAAAAATCTTGAAGAAAAAAATATTGAATTTATTATTACCCAACCCCTGAAAAAGAAAATAATTGAATTGGGCTATAATCCAACTTTTGGAGCAAGAGAAATGAGAAGGGTTATTCAAGATAAAGTGGAGAACATTTTAGCCACTGCTCTTTTGTCAGGTCAATTAAAAAAAGGAGATAAAGTTGAAATTGTGCCAAAAGCTAAGCAATTTAAATTAATATTAAAATCTTAATATAGTCAACAATTCATTACCAAGGATAATTGAGAGCAATTTGTTCGCCTTTGGCGAAGAAATCTTCAGTAAAGCTGAACATTTTAATAAAATAGAGGTTTAAAAACCTCTTTTTAATTGTTGACTTTTTCTAAAAATTGTGATATGGTCTAAAGAGGTAAGTCGATGAAAAAATTTCATCTCTATCTTCGTTTTTACTGTGTAAAAACTCGATAAATGACTAAAAGAATAATGTTAAAACTTAAATTAATATTTATTCCCTGTCTAGAGAATAGTTATAGACCGAAGTTTTTAGAAAGTAAATTTTTATTTTACTATCTCTTATTTTTACTTATTTTAAAGTTCATTACTGTTTCTTATTTAATCTACCTTCCCAAAACCATTTTTTTTGCTGACCTCAGCAGCACTTCTTTGATTAAATTGACCAATCAAAAAAGAGAGGCATTAGGTTTTGGCCCTTTAACAGAAAATTCCCAATTAAATAACGCCGCTTTTCTAAAGGCTCAAGATATGATAGCTCAGGATTATTTTGCTCATCAAAGTCCAGAGGGAAAGTCACCTTGGTATTGGATAAAATCAGCAAATTACGATTATCAATATGCCGGAGAGAATTTAGCTATAGGATTTTTAGACTCAGAAGAAGTTTATCAGGCCTGGAATAATTCTCCTTCTCACAAAGCTAATCTTTTTAATCCAAATTATCAAGATACTGGAATTACAGTGCTTAAAGGAGATTTTCAGGGCAATGAAACCTATGTTGTGGTTCAATTGTTTGGTTCTCCTAAAATAAAACCGACCCCAAAAGAACAAGCGACTGAGATTGAGAAAAAAATAATTCAAGAAAAACCAACAATAGAGATTGAACAGGAAATTGCTTCTGAGGAGGCAGTTGATAAGTTAGAGGAGCCTTTAGCTGAAGGCTATGTTTCTTCCGCTGAAAACATAGAAACAGAAAATGAATTTAAAAATAGTTTTAGGTTTAATTTTTTTCAATTCTTATCTTCAGATTATAACAATATAGTTCAAAAGATTATATTTTATTCATTACTCTTCATTACCCTTTCTCTAATTTTGAATATTTTTGTTGAATTTAATATTCAACACAAAGACCTGATTCTAAAAACACTTTTCTTTGTTACTTTGTTAACTTTATTTATCATTTTTGATAAAGAATTAATAATTCGAATTTTGCCCCATAATTTCAATATTTATTGAGGCATTTTGATTTCCTTATGTTAGAAGTTAAAAACAAAAAATTAAAGATGTTTTTAAAAGAAATAAAGGAAAAAAGTAAGAAGCTTTGGAAGTTTTTTATTT
CP179888.1_gap11	576095	578397	2302	ATTCAAGCCTTTCTTCTTGCCAGAATGTTTGCCAACAACCTACAATTACCTGCTGGTCTTGTAATACATATAATCATACCTGTTCTTCCCAGAGTTATACTGGCACTTACTGTCCTTCAGGAACCTATTCAAGCTCTTCTTCCTGCCAGAATGCCTGTCAACAATCTACAATTACCTGCTGGTCTTGTAATACATATAATCATACCTGTTCTTCCCAGAGTTATTCTGGCTATTACTGCCCTTCAGGAACCTATTCAAGCCGTTCCTCTTGCGAGGATGTCTGTGAAGAGCCTCAAATTAAATGTTGGTATTGTAGCAACGATAACTGTTACTCCCGGACCTATTCTGGCTATTACTGCCCTTCAGGAACCTATTCAAGCCGTTCCTCTTGCGAGGATGTCTGTGAAATCCCGCCTTCTCCGGTATTAAATGTTTCAAAAACTGTCCGAAATATTACTGATAATACTACTTTTCAGAATTCAGTATCAGCTGATCCTTTAGAGAGATTAGAATTTAAGATAAGAGTTAGCTCTACTGGAAGCACCAGGGTTCAAAGTGTAACAGTAAAAGACAGTTTGCCTTTACATATAACATATCAGAATAATTTAAAGATTAATGGGATATCTTCTAGCGGCAATATTTTGACAGGATTAAATTTAGGAACAGTATATCCTGGTCAGTCAAAGATAATCATTTTTGAGGCCAAAGTTGCTTCAGAAAACCAATTTATTTATGGAACAACTACTTTAACAAATACAGCTATAGCTTATAGTGCAAATAGCGAGGATACCGATACAGCCAAAGTTATTGTTACTAGAAAAGCTGTAGCCGGGGCTGTTACCGAGGTAAAAACAGGTATTGTTAGTCGGGCTTTAGATTATGTTCTGTTTCCTTTGATAATGACTTTTATAATAATCTTGGTTTTCAAAAATTACCTCATCTTTTTAAATGAATGGTTAGAAAAAGGAAAAAATAGAATGATTGAGCATCGAGCAAATAGAAGCTTAAGAAAAATTATTTCTCGTATTAAAACCAGAGAGAGATTTTAAAAAGAGAGGGCTTTAAAAATTTAAGAAATTAAAAAACCTAAAATCGCCTTTTATAAGGCGATTTTAGGTTTTCTTTTAAGCTACCTGTGGACGTCACTCACCCGCTACCCTTCAATATTGTGGATATCCTGTGGAAAAAAATGGTTTTCTATCTTATTTTTAAGGTATTTTAATTTAGGTTGACTTAGGACTATGAAGTGGAATATAGTAAAGGTGAAAGGGTAGATTGTGGATAAAGGTGGGATAAAGGCCTGAATCTGTGGATAACTTTAAGTATTTAGAAAATAATACTTTTAATAAATTAGCATGTTCATAGGAGAATATAGACATACCATTGATATTAAAAAAAGACTGGCTCTTCCTGCCAAATTCCGAAAGGAACTGGGCAAGACTATAATAATTACCCGCGGCTTGGATAATTGTTTAGTTGTTTATACTTTAAAAGAATGGAAGGTGATGTCTGATAAGTTAGGGAAGTTGCCAGCCAGTCAGCTTGAGGCTCGAGGTTTCGCTAGAATTATGTTGGCCGGAGCTATGGCAGTAGAACTCGATAGACTGGGCCGAATTCTTATTCCGGAGTATTTAAAAATTTATGCTAATTTAAAAAAGAATGTAGTAATTTGCGGTCTTTATAATCGATTGGAAATTTGGGATGGTCGAAATTGGGAAATCTATAAGAAAAAGGTGGAAAAAGAAGTAGGTGATTTCGCAGCTAAATTGGGAGAGCTCGGAATCTAATTTGAGAATGATTCATATCCCGGTTTTACAAAAAGAAGTGCTCAAATATCTTGATCCTAAACCTAATCAGAATTTTATTGATTGTACAATTGGTGAAGCCGGCCATACTTTAGCAATTTGTTCGCCCTTGGCGAAGAAATCTCTAGCTGAGCTGAACATTTTAGAAAAAATACTGCCTCATGGAAAAGTACTTGGTATTGATTGGAGTTCCGAACTAATAAAAAGTTTAGAGTTTAAAGTTAAAAGTTTAAAGTTGAGTCGGAGACTCATCCTTGTTTGTGATAATTTTGCCAATTTAAAAGAGATTGTTGAAAGAGAGAAATTTAGGCCGATTCAAGGAATTCTATTTGACTTAGGAATGTCAAGCTGGCATTTAGAAAAGTCAGGCAGAGGATTCAGTTTTTTGAGAAAAGAGCCTCTAGATATGAGATACAATTCTCAGAATGCTTTAACGGCAGAAAAAATAGTGAATTATTGGTCAGAGTCAGAGATAGAAAAAATTCTAAGAGAATACG
CP179888.1_gap12	585367	588032	2665	ATGGTATTTTATTGCCAGACACCAAACTGAAAGTTAAAGTTTTATGTCTCAGACCAAAAAAATCATTTATGCAATAGCTATTCTTTCTGGAACCATTATTGGCGTTGGGCTTTTTTCTTTGCCTTATATTACCTCAAAGGTTGGCTTTTGGGTAATAACAGGTTTCTTTTTAGTTTTGGGAAGTTTAGTGATTTTAATTCATCTGTTTTTTGGAGAATTATCTTTGCGAACCCCTGATTTTAAGAGATTGCCTGGGTTTGCCAAATTTCATTTGGGAAACTGGGCCGAAAAAATAGCTTATTTTTCAACAACTTTGGGATTATTTGGAGCGATTTTAGCATACTTAATTGTCGGCGGTGAATTTTTAACAGAATTATTTTCACCAATTTTCGGCGGCAATTATTTAATTTATACACTTTTTTATTTTGCGATGGGTGCTATTTTAATTTTCTTTGGAATGAAAGCCATTGCTAAAGTTGAATTTTGGGGATTAATTTTATTTTTTATAATTTTGTTTGCCATATTTTTTCGGGGAGAATCATTTATAGCAATTGAATCCCTTTTTCCTTCTCCAGATATTTCTTATTTTTTCTTACCTTACGGCATTATTCTTTTTTCTTTGTGGGGAGCAGCTTTAATTCCGGAAGTTGAAGAAATATTAGGAAGGCAAAAAAAATTAATTTCAAAAATTATTCCCATTGCCATTTTAATTCCGATAGTTGTTTATCTCTTTTTTATCTATCTAATTTTAGGGATTACGGGGACCGAAACCACAGAATCGGCCTTAACCGGATTGAAAGATGTTTTGGGCGACGGAATAGTTTCTTTGGCTCTCATTTTCGGGGTTTTAACAACTTTTACATCTTTTATTGCCTTAGGGCTAACTTTAAAGAAAGTTTTTTGGTATGATTTAAAAATTGGAAAAAATTTGGCCTGGGTAATTACTTGTTTTTTACCCCTAATTCTTTTTTTGATCGGTATTAAAAGTTTTATTCCGGTGATAGCCCTTGTTGGGGGAATAATGCTGGGAATTGATGGAATTTTGATTTTGCTAATGTACCAGAAAATCAGACCTAAAAGAAAATTCTTAATCTATCCTTTAGTTTTAATATTTTTAGGAGGGATTATTTATGAAATAATATACTTTGTAAAATAATATGATTTTATTTTATATTTTCATTTTTTTAGCTTCTTTTGCCCTACTTTTTTGGTCGGGGAAATGGTTAGTTGATACCTTAACTAGAGTGGCTCGATTTTTGGAATGGAGGGAATTTGTGGTAGCTTTTTTTGTTATGGCAATAGCGGGCTCTTTACCTAATCTTTTTGTTGGCATTTCTTCAGCCCTTCATAAAATTCCTCAACTTTCTTTTGGTGATGTAGTTGGTGGAAACCTCGTTGACCTAACAATAGTTGTAGCTTTGGCGGCTTTAATCGCTAAAGGGCTTCCAGCTAAAAGCAGGATGGTTCAAACTTCTTCAATTTTTACTATCTGCATTGCCATTTTACCCTTACTTTTAATTTTAGATGGGGTTCTGGGCAGGGGAGACGGAATTTTCTTAATTTTAGTTTTCGCTTTTTACGTCTTTTGGCTTTTTTCCAGAGAAGAAAGATTTAAAAAAGTTTATGAAGAAAACAAAATTTCTATCACTAAAGAATTTAAAGTTTTTATAAAAGACCTCGGAAAAGTAATTTTTGGAATAATTTTTTTATTAGCAGCTGCCGAAGGAATTGTTAAATCAGTTCAGTTTTTTGCCGGAAGCTTTAATTTACCAATAGCCCTAATTGGAATTTTAATTGTTGGCTTAGGAAATGCTCTACCTGAAGCCTATTTTGCAATTGCCTCTGCCAGAAAGGGTCAAACCTGGATGATTCTCGGCAATTTGATGGGTGCAATTATGATTCCAGCCACTCTGGTACTCGGGATTGTCGCTCTAATTTGCCCAATTGAGATTGTTGATTTTTCACCATTTGCCATAGGCCGGCTCTTTCTGGTAATTTCAGCTATATTTTTCCTATGGGTAGTCCGAAGCGGTCAAAAAATTACCAAAAAAGAAGCTTTATTTTTATTAGGAATTTATGTTCTCTTTGTCATAATTGAAATTTTAATGAAGTAATTCTTTATTAATAGAACGAGAAATATTCTCGTTCTATTTGTTTTTGACGAGATTTATGAAAAATGCTAATATATTTTAATATTCAATGAATCTTCGATTTATTTCAATCTTCAATAAATTTTCAATTTATTTCGATGAATAATTTTCTTTTTATTTTAATCATATTTTTAGTTGTGGCAGGGGGGGTGGTAATCTTGATTTTTGGGCAGAGAAAATCAAAAACTGATGAGAAACAATCAGAAGCTATAAGGGATTTGGAAAGACGGCTCACTGATTTAATGATAAATCAATTAAAAGAAATTAGGGGAAGCGTGGATGGTACCTCTAAAGCAATGCATGAACAAATTTCTTCTTTTACAAAAGAAACAGTTCAAATTCGTCAAGAATTAAAACAAGTTCAGGAGACAATGAAAAATATATCTTCTTTTCAAGAAATTTTTAAATCCCCGAAACTTAGAGGGCAATGGGGCGAAGCTTCTTTAGAGCATATCTTGAGCCAGCATTTTCCCAAAGAACTTTATCAAACTCAGCATCTTTTTTCTTCTGGAGAA
CP179888.1_gap13	591214	593981	2767	ACAAAGAAATGAGTATGATGGAAAGGACTGGGGTTTGCATTTAGGAGAGGACTGTAATATTAAAGCAGGAACCTTAGTTAGAGCTATCGGCAGAGGAAAAGTGGTTTATTCTGCTCTTCATGCCACAAAAAAAAGCCCAAAGCGCGGCGGCTATCGGAATTGGGGGAATATTATCATTATTGCCCATAAAAATCCTGAGACCAAAAGAGTATTCTTTTCTCTTTATGGACATATCGGAAAAAGGTTAGTAGAAAAAGGAGATAAAGTAGAGAGAGGTCAAAAAATAGGAACGGTGGCTTTAGCTTGGTCCCAGGCAAATGGCTGGTGGGAAGAAAGTCATCTTCATTTGGCTATCTATGTTGGTCTTTGGAGAGGAGTAGTCCTTCCCGGCTATTTCAGCAAAAAAACAGAAAAAAGGACAAAATTAAAATACTGGAGGGGACCAACAAAATTTATTAAGAATTACTAGATTTAAGAAAAAGTACAATAAAAGCCTGTTGCTCGGTCAAGTAATGGGCTTTTTTATTTTATCAAATTTTTTTGATTTTTGGTTTCCCTTTAGTATCTTCAACCCAATAGCCCATCTGCTTTATTTTTTTCCTTATTTGATCAGCTTTTTGCCACTGTTTTTTTTGGCGGTATTCCTTTCTTATTTTTACTAATCTTAAAATATTTTCAGGGATTTTCTTTTTTTTCGGTCTTCCCCAAAAAATAAAATTCAAAACTTTATCAAATTTTCTTAAAAGGTTTAATATATCTCTAGCCTCAATTGAAGTCAGCTTACCTCTATCAAAAAGATAATTTCCCTTGTTAATTAAATGAAAAACTGAAGCTAAGGCTTTTGAAGTATTGAAATCATTATCCATGGCTTTTTCAAATTCCTTTTCGGTTCTCGAAATTAAATTTTTAACTATTTTTGATTTTTGATATTTGTTTTTACCTCTTGCCTTTTGGCTTTTAGCTTTATCTATGAATTCATCAATTTTTTCTAATTCTCTTTTAGTTTGTAAAATTGCTCTTTCTTGATAATCAATAGGGGATTGATAAAGAGTTTTAATTACAAAAAATCTTAAGATTCGAGGAGAATTCTTCTTTAAAAAGTCTCTTATGGTAATAAAATTACCTAAAGATTTTGCCATCTTTTGACCGCTCACAGTTAAAAAACCTGAATGAATCCAATATCTAACCATAGGTTTTCTTCCAGATATAGCTTCCATCTGAGCTATTTCAGCTTCGTGGTGAGGGAAAATTAAATCTTTGGCTCCACCGTGAATATCGTATTGAAAACCGAAATATTTTTCAGTAATGGCAGTATCCTCAATGTGCCAGCCGGGTCGGCCAAAAAACCAATGGCTTTTCCATTTCGGTTCCCCGGGTTTAGACCTTTTCCATAAACAAAAGTCACCCCGGTTCCTTTTCTCTTTTGCCTCATCAATCCTCGATACAGCGTCTTCGGCCTGCAAAACCGTCCTTCTTGACAACTTTCCGTAATCTTTGAATTTCGAAATGTCATAGTAAATTCCATCTTTTGTTTGATAGGCGTAACCTTTTTTCAAAAGTCTTTCAACCTGGCTTATAATTTCTTTAATGTGTTCAGTGGCTCTGGCATATTTTGTTACACTGTCAATTTTTAGACTTTTCATATCCTTCAAATATTCCTTCTCAAAGTCTCGAGCTAATTTCTGAGGAGAAATTTTTTTCTCTTTTGCTCTTTTTATAATCTTATCATCAATATCAGTAATATTTTGAAGATAAAAAACATCAAACTTTTTCTCTCTCAGATATTTTGCAATCACGTCAAAAACAATATAGGTCCTGGCATGTCCAATATGGGAAAGAGCGTAAACCGTCGGTCCACAGACAAACATATTTATCTTTTTTGCTCTTTTTGGTCTGAAATTTTCTTTTTTTCTGGTTAAGGTATTGTATAATTTAAGCATATTGTTTGATTTTAGCATAAAATTTACACTTTTCAAAAACTCCAATTTATGTTAATCTTAAAGAAGATGAAAAAAGTAGACGCGATAATCAGTATTATAATTGGTTTTTTAATAGGAGTTTTTTTCTTTATTGGGTTGAAAAACATCGGGAAAAGCTTTCCTTATAGCTGGTTGCTTTTGATTATTTTCCCTCCTCTTGCCTTGCTTGGAATGTTTATTGCTTCCTACATTGGTAAAAAGCTTTTAATTATTTACCAGGCAGCAAAATGGGTTTTGGTAGGAGCTCTTAATACTTTTATTGATTTGGGACTACTAAATGGATTAATCTGGATTTCAGGTATTGCCACCGGGCTCTTCTTTTCGGTCTTTAAAGGAATCTCTTTTTTAGTTGCAACCCTAAATAGTTATTTTTGGAATAAACACTGGACTTTTCGCAAAAGAGAGAAAGTTTTTGCTCCCAGGGAATTTTCTAAGTTTTTGGTAGTAACTACCATTGGTCTTTTTATTAACGTGGGGATTGCTTCTTTTGTGGTGAATATTATTGGACCTCAATATGGCATAGCAGAGAAAATGTGGGCAAATGTTGGAGCGTTGGCTGCCGTTTTAGTTGCCTGGGTCTGGAATTTTTTAGCATCCAAATTTATTGTATTTAAAAAGTGATGACAAATTTGGTCCTTTATCGCAAATACAGACCGCAAACTTTTGCTGAAATTATCGGTCAAGAACATATTGTTCAGACTTTAACCAATGCCATCTCAACAGGGATGACTTCCCATGCCTATTTGTTTTCCGGGCCTAAAGGATCAGGAAAAACGACAATTGCCAGG
CP179888.1_gap14	597762	599828	2066	GCAATATCGCCTATGGAATTCCAGCAATGTACCGGGCTAAAAAAGCTCTTTTCGTAGGAGATAGTGAACAGATGCGAGATAATACGATTATCTTTAAATCAAATCGCTCTTTCGATGAATTGGCTAAAAAATATCAAATTTCTGAAGATCTTCAAATCAAGGCTACTGGAGAGGCAGTGCAGTCAATTTTAGACATAGCTCGATTAACAGGTTTTGAAGAAGTGCCGTTAAGGAATCATTATCGTTCACCGAGAGAATTAATTGGTTTTAGTAATAAATACTTCTATAAACCAAAAGGCAAAGAATTGATAATCCAAAATACTAACTATTTATCGTATAAAAACACTGATCAGATAATGGTCATTCATCCGATTGAAGTTGATTGGAATAAAGAAATTTCAGAAAGGATAAATGTCTCCGAGGCGGAAAAAATATTAAAGTTTTTCCGTGAACTAAAATCTGATAAACGCTACCAAGACAAATCTATTGGAATTCTTTCGTTTTTTAACGCTCAAGCAGCTTATCTCCGTGAGCTATTTGAAAAAGAAGGATATAAAGAAGAAGTTGATAATTACAAAATCGGGATTATTGAAGGAATTCAGGGCGATGAAAAAGATATTATTATCTATTCCTTTGTTATTCGGACTCCAGATCAAAAAAATAAATATATTCCTCTTACAGGTGAAGGTGGAGACATTAGAGCCGGCATAAACAAAGGCAGAGTAAATGTTGCTTTCTCCCGAGCGCGATTACAAACTCACTGTTTTGTAAGTATGCCTATTGAAGAAATCCCGGACGGAATTTGGATTAAGAAATATCTTGAGTATGTAAAGGATAATTGCAAAATTGATTTTTTCTCAGTAGAGTTAAAACCTTTTGATTCTGAATTTGAAAAGAAGTTTTATAATTTTGTCTATTCAAACTTACCTAAAAAAGGGTATCGCATCCAGAACCAAGTTAGGAGTTGCGGATTTAAAATTGACTTTGTTATCACTAATACTAAGACTGGAGAGAAGGTTGCCATTGAGTGTGATGGCCCAACTCATTTTCAAAATGAAGCTGATGAAGAAATTGGAATCTATGCTGAAGATGATGAAGAAAGACGACAAATATTAGAAGCTGCCGGCTGGGAGTTTTGTAGAATAAAATACTCTGATTGGATTGATGAAAAATTCGATCGTAAACTAATATTAAATGACATTATAAAGATACTCTCATAGAAAATTAAATGAAAAATTAATTATATGAAAAAAATTACAGCTACTAATTTTTACGATTATACTAAATGCAAATATTGTGTATATTTAGAAAAAAACGGAGACCCAAAATTAAAAGATAAGATCTCCAATTTTGTGAAATTATTATGGTATAGAGGTATCCAGCATGAAGAGGCGGTTATTAAAGATTTTATTAAAAGCAAAAATAAATCTTTTGCAGAGGTTGCAAGAGATAAGCCAGCTGGTAAAGCAACTTTTATAGAAACAATTAACCTTATGAAAAGAGGAGTTGACTATATATATCAAGGAGTATTGATGGCTGATAACTTTGTGGGCAGACCTGATTTACTTGAAAAAATAAAAGGTAATTCATCTTTTGGAGAGTACTGTTATATACCTGTTGATATTAAATCAGGAAGGGGTTATGAAGGAGAGGATTTTGATAATGGGAAAGTTAAAGAATCATATTGGCTCCAAATTAATTTCTACAGTCTTTTATTGGGCAAGATTCAAGGGTACCTTCCTAAATTCGGTAAAATTATCAATATAGATTATCAAGAATTAGAATATAAGATCGATTTAGACAACAAAAATTTTATTAAGATTAAAGAAGATATATCATTGATGGCAAAAGGCCGTGAGTTATATCAGCCGACAATTAGTAGCAAGTGCGATTTATGTAGATGGAAAACTTATTGTAAAAAATGGGCAAACAAAAGAAAGGATTTATCTTTATTGTTTTATGTTGGTGAGATTAAATATGGATTACAGGATTGTGGAATTAATAAAATTGAGGAAATACTTAAATTGCCGTTAGAAGAATGGCTTAAAAAACTACCGGAAATAAAA
CP179888.1_gap15	604016	606391	2375	AGGAAGTAAAAGAACATTGAGAGAAAAATAAAAGATCAATCAAAATTTAGCCCGAAATTAATATGAAACAATGGGATAAAATATTTAAAAAATATGGTAAAGTTTTTACAAAAATCGAAAGGGATTTGCCAAAAATTGTAAAAATATTTAAAAAACATAATGTTAAAAAAGTCCTTGATTTAGGTTCAGGCACGGGACGACATGTAATTTATTTAGCTAAAAATGGATTTGAAGTATATGGAATTGATATTTCCGAGGAAGGAATAAAAATTACCAAAAATTGGTTAAGAGAGAACGAATTAAAGGCGGGCCTTAAAGTTGGCTCCATCTACAAAAAGTTGCAATACAAAGATAACTTTTTTGATGCGGTTATATCTACAAGCACGATTCATCATGCCAGAATTAAAACCATCAGAAAAGCAATCAAAGAAATAGAAAGGATATTAAAGCCAGGCGGATTAATTTTTATAACTGTCCGTAAAAGAAAGCTTAAGAAGTTCTGGCCAAAATCTACAATAATTGAGAAATACGGAAAACAAAAATCAAGCTATAAAGTAATTGGACCAAGGACTTATATACCGATAGAAGGAGGCGAAAAAGGATTAATACATTATCTTTTTAATAAAGAATTGATAAAAAAAGAATTTAAGAACTTTAAAATTAATAATATTTGGATTGATTCTAAAAGAAGGCATTATTGTTTCTTAGGGGAATTAAAAAACTTACCAAAATTTAGGCCGAAGTTGAGGGAAATCAATAAAATATGAAATATCCTGATTTGAAGATAAAATTTCAAAATAAAACATTAACTTTTCAATTTTTGGGGCAATTTGAGATCGAGCGAGACGAAAAAGGAACCCCAATTACTTATGAGAGGAAAAATCAAGAAGAAACGAGTTATTTATTAAGTGTTCGGACAGAACTAACAAAAAGTGGTAAACCTGAGGTAATTACAATTCTTCCAAATCATTTACGTACAAAATTAAAACGAAAATATTACGATACAAAAAATCTTGGTGATATCTGGCGATTACCCGGAATTTATGCATTTATATTGACAAAAGATAATAACGTAAAATACAAATATATAGGTCGAGCAAGTATCAGAATTGCAAACCGTTTACGACAATACCTTGCACCGAGCTCTAAAAGAATGACGACTTTTTATGTAAATCGATTGTTGTTTAAAACACTTAAAGAGGGAGACACAGTGCTAATCTATTTTTATCCCGAGCCTGACACAGAAAAGGAATTGCAAATTCTTCTTCGTCCAGATTGGAACCGTGAGATTCCTAGAAATAATTAAAATTTAGGCCAAAGTTGAGAGAAATTCAAAAAGAATATGAATGATATTGAAATCGAGATTCAAGTTAATATTGAAGATAATAAGCCGCTAATAGATTTTTTAGAAAAGAGCGGTCAGTTTATGTCAGAGAACCATCAGATAGACGAGTATTTTTCTCCGGTTCACCGAAATTTTATTGGAGTTCGTCCAGTTAAAGAATGGTTAAGGTTACGAAACTCAGACGGGAAATTCTCTATAAATTATAAAAACTGGTATTTTGATGAAAAAGGAAAAAGCCACCATTGTGATGAATACGAAACTAAAATAGAAGATTTAACCCAAATTAAAAAGATATTAGATGTCCTTAATTTTAAATCTATTATTAAGGTTGATAAACTAAGAAAAACCTGGATATACAAAGATTATGAAATTGATGTAGATTCAGTAAAAGGGCTGAGAGATTTTGTGGAGATTGAATACATCGGAAAAGAAGAAAAAATAGACCCAAAAAAGATTACAGAAGAAATGATGAGCTTTCTTAAAAGTCTTGGGTGCGGAAAAATAAAAAGGAATTATGTAGGTTATCCGTTTCAATTACTATTTCCAGATGAAGTAAAATATGAAGAGCAATAAATCGCCAAGATGGCGGTTTTTTGATAGAATAAATAAAATGAAATATAGTAAAAAACCAATTGATAATAATTTAGAGAAATATTACAAAAAATGGATTTCAGCAATTGCTAATGACGAAACCGGCCGAACAATCAAACGGCATATCATTAGACATGCCAAAGAAATTTATTCAAAAGAATCAAAAGTATGGTCGGCGAGCATGAGAAATTTGATAGAAGTTTTTGATGAGGTCTATAAATCGACTCCGTCAATAAAATTAAAAATAAAAAGACTCCAACATAAGTACAAACTGAATCCAAAAAGATATACCCCTCCACCGTCCAAGTAAGGTTTAAATTTTCGTAATCGCCAAGATAGCGGTTTTTTGGTAGAATAGAAAATATGAAGAAAGAGGAATATTTAGATATAGTTGACGAAAATGACAAGGTAATTGATAGAGATACTAGAAAAAATATAT
CP179888.1_gap16	608125	610414	2289	TTTTGGGCAGGTGGTCTTGAACTCTTTGGTTATTCAGGCGAGTAAAAAAAAGGAGTTAGAAAATGATTGAGGAAATAGAGAGTGCAATAAAAGAAGGGAAGATAGTTGCTCTGGAAGAAGACAGAAGAACTGGCGAATTAAGTATACACACATTTGACGATGATCGTTCATTGCTGTTAGCTTATTTTGCTGGCGCTGATACATCAGAAAAATTTGAGTATACACCAAGAGTCCTGTTCATTAAGGAGATTTATGAGCCAGAGCCTATTCATCAAATATGACGATAATTGGTCGTCATATTAAAGAGGTACGTCCTGTTCAGGAAACGGCCTCTTTCTATTTTGTAAAACTCACAAAATCGATAGCTCAAAATACTTTTTAGACAACTGCCAGTAGGTTCTAATAGTGTTCAATCCTTGCAGTTAATGAATTTCAAAAAAAGTTGCCGAGAAGAAATTTTTTTGGTAAGATAGAATATATGAAATTAGTCAATAAAACAGCTTTAATAACTGGTGGCTCAAAAGGAATTGGAAGGGCTATTGCTCAAATGTTTATTAAAGAAGGAGCAAAAGTTATAGTTTTTGACATTGAAAAACCAGATTACGAAGTGGAATTTTATCAAGTTGATACAGGCAAAGAAGAACAAATAGGAAAGGCGTTTGGTCAGATTAAACAATTAGATATCCTTGTAAATAATGCTGGAGTATATTTTCAGGCATCTGTAGAAGAAACCTCAAAAGAGCAATTGGATAAAATTGTGGATATAAATTTAAAAGGAACATATCTAATGTCAAAATACGCAATTCCCATAATCAGGAAAACCAAGGGCAATATTATCAATATTTCATCAGGATTAGGGGTTGTTCCTGAGCCAGAATCTCCTGCCTATTGTTCAACAAAAGCAGCGATAATAATGCTTACAAAATGTATGGCTCAAGAATACGCGTCAGAGGGATTAAGGATAAATGCGATATTACCAGGACCAATAGATACTCCATTATTAAGAAATGCTTTTTCTTCAGAAAAGGAAATTGAAGAATATGCAAAATTAAATCCTATGAAGAGGATTGGGAGACCGGAAGATGTTGCAAGTATAGCAGTTTTTTTAGCTTCAGATGAAGCAAGCTACGTCACTGGTGGACTATATTCAGTCGATGGTGGAGAGTCTACTTCCAGTGTTTATTCAAAATAAGTCGCCGTAAGGAAAATCGCCAATCAGGCGTTTTTTTGGTAGAATAGGAATATGAATAATAATTTTAACTCAGAAAATTTAGGTAAAATTTTTGATTTTTTACATAAAGTAGGAAAGTTAAAATTAACTTTCAGATTTAGTGAGGTAAAAAACATGCCTAAAGATTTAAAAGACTCAAGTGCTGCGCATTCGTGGAGATTGGTCTTAATGGTATTTATAATAGCTGATGAATTAAATTTGGATATAAATATAGAGCACGCCTTAGAGATTGCTATTATTCACGATATTGTAGAAGCAATTACAGGAGATATAGACCAAGTTTTAATTTTTGATGGTAAGGTATCAAAAGAAGAAAAACAAAGAAATGAAAAAGAAGCGATGAAAAAACTTAAAGAAAGCCTACCTTTAAAACTCGGAAATAAAGTATCTAATTTATGGAATGAATATGAGGGAAGCTCTACAAAAGAAGCGAAATTTGTAAAAGCGCTTGATAAATTAGAAACATTAACTCATTTAATTGAAACTGGTTATAAAACCTATGATAGACCAGAATTTATAGTCAAATATGCCGATAAAACAGTTAAAAATTTCCCCGAATTAACGGGTGTGTTAAAAATAATCAAAAAGAAGCTAAAAGCAGAATTTGATAAGGGCAATATTCCATGGAAAGAAGAATATGATTGTTTAGATTAATAAACTGCCAAAAATCGCCAAAAAGGCGGTTTTTTGATAGAATAGAATAATGAATCTAAAAGACCAACGAACTAATTGGAAATATATTTTAATTGTAGTTATTTTAACTTTTCTTGGAATAACAGTTTTAGCTCAAGAAGCCGAACTTCCATCACCAGGACTTACCCCCGATAGTCCATTTTATTTCTTAGATACTTTAGCAGAGAAAATAGGGATGTTCTTTACTTTGGGTGCTGAGAAGAAAGCCGAGAAAGCTGTACGATATGCCGAAGAGAAATTAGCTGAGCTTAAGGCAATGGCGGAGAAGAATAAAATTCAAGCCCTAGAGAGAGCTAACCAGAAATATCAAGAATTTCTGAGATTGGCTAATATGAAAACCCAGGAAGCCAAAGAGAAAGGAAAAG
CP179888.1_gap17	639034	639534	500	AAGCTATAGGGGATTAAGTCGAAGAAACTAAAGTTTCTTCTCCATCTTCGCTTTTGCTACGCAAAAGCTTGCTGTATGAAAAAAGTAATAACAATTTTAATCCTATTTGGGCTTTTATTGCCAAGTTTTTATTTTGTTCAGGGAGCTAATCAGTCTCCCCAACCACCAGAAACCTTAAAAGAAGCAGAAATTGTTGGAGGGAAGGTTTTAAGACTTCTTCCTGGAACCTTAAAGGAGATATGGCAGGAGGCTTTGGAAATTTGGCAAATAATGGGGGAGAAGGTTAAAAATTTCTGCAATTCTTATATTTGGCCCTGGTTTCAAAATATCTGGCAGAAAATCCTTTCTTCCTTTGGAAAAGAAATTAAAGAAAGAAAACCAACTATTGAAAAAGAATTTAAAAAAGAAAAAGAGGAAATGAAAGAAGAAATACCAAAGGTTGGAAAATCACTCTGGGAAAGATTTAGGGAAATAATAAAATAGTCATCCAATCAGTAGGG
