gap_id	start	end	length	sequence
CP176583.1_gap1	121728	125082	3354	AGGCAAAAGAAGCTTTAGGCTTTGATCCGCAAAAAACTTTTGAAATTCCAGAAGAAGTTAAAATTCGCTTTAATGCCGCAATAGAACTTGGAGATTTAGCACAAGCTAAGTGGAATCAAAAAGTGCAAAATTTAAATGCAGAAAAACAAGCTTTATTAAAAGAGCTTTTAGAACCTGATTTTTCAAAAATACAATTTCCTGATTTTAAAGGAAAAGATTTAGCTACTAGAGATAGTAATGGTATGATTTTAAATGCTATCGCTAAAGCTTTGCCGGGATTTTTAGGTGGTAGTGCAGATTTAGGTCCTTCAAATAAAACTGAACTAAAAGATATGGGCGATTTTCCAAATGGAAAAAATATCCACTATGGCATAAGAGAGCATGCAATGGCTGCTATATCCAATGCTTTTGCAAGATATGGTTTGTTTTTGCCTTATTGTGCTACCTTTTTTATATTTAGTGAGTATTTAAAACCTGCTGCAAGAATAGCAGCTTTGATGAGGGTTAAACACTTTTTCATCTTTACTCATGATAGCATAGGGGTTGGCGAAGATGGCCCAACACACCAACCTATAGAGCAACTTAGTACTTTTAGAGCTATGCCAAATTCATTGACATTTAGAGTAGCTGATGGGGTTGAAAATGTCAAAGCATGGCAGATTGCACTTAAAACTAATATGCCAAGTGTTTTTGTACTATCACGTCAAAAATTAAATGCTTTAAGCGAGCCTGTTTTTGGAGATGTGGAAAATGGAGCTTATTTATTAGAAGAAAATGCAAATGCACAATTTACACTTTTAGCAAGTGGTAGTGAGGTATCATTGTGTTTAAAAGTAGCTAAGGCTTTAAAAGAAAAAGGTGTGATTGCTAATGTAGTTTCTATGCCTTGTTATGAATTATTCATTGCTCAAGAAAAATCTTATAAAGAAAGAATTTTACAAGGTAAGGTTATAGGCGTGGAAGCTGCAAATTCAAATGAGCTTTATAGAATTTGTGATGAGCTTTATAGTATAGAAAGTTTTGGTGAGAGTGGTAAGGATAAAGATGTATTTGAGCATTTTGGATTTAGTGAGGAAAAATTAAGCTCATATGTTTTAAGTTTATGTAATGAAAAATAAAATCATCAAAGACATTAAAAACCAAGAATGTGTTTTTAGTGTTTTTGGTATATGGGATAAAATTAGTGTAGGAAAATTAGAAAAATTAGATTTTCCTACTCAAAAAAATATTATTTTTGATTTTGCAAATTTAGATTTTATAGATACTGCAGGGATTAGGTATTTTCTAGCTTTAGAAAATGAACTTAAGCAAAAAGGTTTTGAGTTTAGTAGGATAAATCTTAAAAGCGAGCATGCTAAGCTTTTTGAACTTTGTCAAAAACACTATAAAAGTTTTCATAATACTCATGAAGATAAAAAAACACTTAAAGATTTTTTTGAAAATTTAGGAAAAAAGGTTGTTGAATCTTTTACACTTTTAGTGCAGTTTTTAAATTTCATAGGACTTATTATTTATACTTGTTTTAAAACACTTTTAAACCCTAAAAAACTTCGCTTTAAGGCATTTTTATATCATGTAGAAAATAGTGCTATTAATGCTTTGCCTATTATTATGCTAACCTCATTGCTTGTGGGTGTGGTACTTGCTTATCAAGCTGCGTATCAGCTTGCACAATTTGGAGCTAATATTTATATTGTTGATTTAATGGGAATTTCTGCTACTAGAGAGCTTGCACCATTAATTAGTGCTATTGTTATAGCTGGTAGGAGTGCAAGTTCTTATACAGCTCAAATTGGAGTAATGAAACTCACTGATGAAATTGATGCGATGAAAACTATGGGTTTTAAAGAAAGTGAATTTATCATTTTACCTAGAGTTTTAGCCTTAGCACTTGCCATGCCTTTAGTGGTAATAGTGGCGGATATTTTAAGCATTATAGGTGGAATTGTAGTTGCTTGGTTTAGTTTAGAAATTAGCGCGAGTGAGTTTATGAGTCGTTTCAAGGAAGCAGTGGAGCTAAAACATATCATCATAGGGCTTATAAAGGCACCTATTTTTGGGTTTTTGATTGCTTCTATTGCTTGTTTTAGGGGATTTTTTGTGCAAAAAACTACTGAAAGCATAGGTGTTTATACGACAAAAAGCGTTGTAAATGCTATTTTTTGGGTGATAGCTTTTGATGCGATTTTTTCTGTATTTTTAACAAAGGCTGGATTTTGATTATAAAGGCTAAAAATATCAGCACTTATTTTGGAAGCAAATGTGTGCATGAGGATATTAGTTTTGAAGTGCAAGATAATGAAATTTTTGGCATTTTAGGTGGTAGTGGTAGTGGTAAATCTGTACTTTTAAGACAAATGTTAATGCTTGAGCATTTTGATAAGGGCGAGTATGAAATTTTAGGTAAGAGATTAAAAAATATAAGTGATGAAAATGCTTTGTTTTTGCAAAAACAATGGGGTGTTGTTTTTCAATATGGAGCATTATTTAGCTTTTTTAATATACTTGAAAACATTAGCATACCTTTGGTTGAATATACAAAACTTAGTAAAAACGATATCAAAGAAATAGCCATGATGAAGCTTAAAATGGTAGGACTTGATGAGAGTGTGGCAAAACTTTATCCAAGTGAATTAAGCGGAGGTATGAAAAAAAGAGTGGCTATAGCTAGAGCTTTGGCGCTTGATTCTAAATTGCTTTTTTTAGATGAGCCAACTTCAGGGCTTGATCCTTATAGCTCAAGAGAATTTGATGAGTTGCTTTTGAGTTTAAAACAAAGCTTTAAATTATGTGTGATTTTAATTACTCATGATAAAGAAAGTATGAAAAATGTATTAAATCGCTTTTTGATTATAGAGAATAAAAAAGTTGGTTTTTTGGGAAATGTTGAGGCTTTGCAAGAGCAAAATCCAAGACTTTATGAGAGGTTTATGCAATAATGGAAAATAAAGCAAATTATATTTTGATCGGAATTTTTGTTTGTGTGTTATTTTTTATCAGCTTGTTTTTTATAGTGTGGTATGGGAATTTAAAAGATGAGAAATCTTTTAAATATTATGAAATTTATATGGAAGAATCAGTTGCAGGGCTTAGCGTCAAAGCTCCGGTTAAATTTTTAGGGGTTGATGTTGGTAGTGTTGAAAATATCAGCATAGATAGCTCAAGTAAGCAACTAAGAGTGAAAATTTTAGTTAAGCTTGATTCTAGTTTAGCGGTTAAAACAGATACTTATGCAAGTTTGCAAATTCAAGGTATAACAGGATTTAAGTTTATTCAGCTTGCAGGGGGTAGTGAGGAAGCTAGTGTTTTAAAAGCAGATGATGATGTTTATCCTATTATAAAATCAAAGGAAAG
CP176583.1_gap2	134902	135422	520	AATTTGGATAAAAATTTCAACCCACCTTTTGAAAATGAAAAAATCTATGATTTTTTAGAGCAAATTTTTAAAGTAAAAATTCAAAAGCAAAAAGCTAAAAATCGCTTGGAAAGGCATATTATCTTACATCAAGCTAAGCTTTTTAAATGGCCTTCTTTGAAAGATGAGGTTATTAGGGAGAGTGGGTGTTGCCATGCTTTAAATGGGCAAATTGCTATTTTAAGTGATGGGACTTTAGTGCCTTGTTGTTTGGATGTTAAAGGGGATATAAAACTAGGAAATTGCTTTGAAAAAGATTTTAATAAGCTTTTAAATTCCTCTTTATATATAGAACTAAAAGAAGGTTTCAAACAAGGAATTTTAAAAGCTGAGCTTTGTAAAAGGTGTGAGTTTTTGGAGGCTAAAAACCTAAATTAACTCCACCTTCATTGTTGATTTGATAGTTTGCGTCTAAACCTTGCTCTATTTCTTCTTCTTGATCGTCTTTAGAATGTTTAAAAATATCTTCTGTAATTTTTGT
CP176583.1_gap3	172047	173624	1577	AGTAGCATTATAACTTTCTAATGCCCCTACATTTTTATTAAAGTTAGCTTCATAGGTGTTCATGAGAGACCTTTTATAAATTTTTTTAGATTTATTAAGGAGTCACTCATAGTTTTAGTCTGTCTTTCTAAGGTATCAATAACTGTTGTTAGCCATTCTTCATGTTTAATTACCCACATAACCATACGAATTTTCTTTTCTTCTTGTGTGTGAGCACTCATCATTGAAATTTTAGCTAATGTGACTTCTTTAGAAGCTAGCGCGCTTGTTAGTACTTCGTTAAAAATAAGCATATCAGCATCTTCTAAAAATTCTTTAATTTTATGTATGCTTTCATTGATGTTTAATAATTTTTTAAAATCTATTTTTTCAAGATCAATTTGATGGCTTGTTTGTTTTATGAGTTTTAAAATAGGTTTTAAAATCTCTTTACATTGTGTGGTTTTTTGATTGGCTAGTGATATGATTTTAAGCAAGGAATTATATGTGTTTTTTGCAAGATTAAGTTGCTCTTGTGTGTTTAGACAACATAAAGACTCAAAAAGAGTTTGTTTTTTTTCTAAAAGTAAACTTTTGCAAATAGTTGCAAAAGTTTCTTCTTTAGCATAGTTAATTCTTGAGCCACCTTCTGTGCAATTGAATGTAATAATGTCTTTTTTTAAAGCTTCTTGTATAAGAAATTCAAAATTTTGTCTATAAGTATTCCAAGCTCCATGGGTATAAACTTCACCATTGCCACCATAGGCTGTAGTTTTTACTATCTCATAGCGATTTGTATCTAGATTACTACCGTGTAAAAATTCTTTTGGATGAGAATTTAAATTCTCATCATAAGCTAAATCTTGGCCTATGAGTATAATGTTTTTGTGTTCAAGTTTTAACGCTAGGCTATATGCCATAGTTGATACATTTAACCCCCCAAGAGTTCCAAAATCTTGCAGGTGTAAAAAATTTTTATGCAAAAGTGTGTTTTTTGAAATGAGTATATAGTTTCTATTGTTGGATTCAAGATATTGTAAGGTTTTAACATGTGCTGAATCTGAGATTATAAATAAAATATCTTTATCAAAAATTCCAAAGTTATTATTAAAAAATTCACTAGACAAATCATTTTGTTCTAAACATACAACATAGTCAGGTTTTATATCATGTTGTGCAAGTATGGGGTAACTTCCATCAACACAAATAATAGTTGCTTTATCTGCATTCTCTTTTAACAAAGGAAGTTGTTTTATAAGACTAGGGCCACTTGCAACGATAATGGCATTAGTATTTTTCTTTTTTCTTTGTTGGATTAAATTTTTTAAAGGAGGATGAGCAATCATTTTGGGTATATTTAGAATATATTTTTGCATGATATCAAAATATCTATCAATATTAAATCCTAAGGCACTATATAAAAGATTTAAAATTTGCTCTAAATCATGATCTATTTTATTCATATCATCTTGAAATATTTTATAGTAATCGCAGTGATTAAAAATCTTACTATCGTATAAATAGCTTCTTAATCCTAAGGTTCCACTAAGATAAGCTAGAATACTTGATAAATCAAAATCATTTGTATCCACCACATA
CP176583.1_gap4	178895	181731	2836	TTTGGCAGCATTTAAAAGATCTTTTTTAAAGCTAATATTAACTTTATGAATAGGTAAAAGTACATCAAATAATTTATTTGCAAAATATGCGCTTTTATCACTATAGTCTATATTAAAACGATCTTGTAAAGATTTTAAACTCGGATTAAAATTAGGTGGAAATTTAGCATTAAATTTTGAAAAATCGGTAGTGTCGTTTTTTATATTGGCATATTTTTGAAAAAGATTGGATAAAAACACGCCCTCTCTTACACCCACTGCTGAGGTGATGATATTTTTGGCTTTTAGGTTTTTTGCTAAGGCTAAAAAGATTACGCAGCCTTCTTTTATGGTATCAAAACGATCCTTTTTGATATTAAAATCAACTAAATTTTTAGCATTTTGAATTTTCTCTATGTGGTTTTTTTCTTTCTCAAAACTATAGCTGAAATTATGGATTATTTTTAATGGATAAGAGTTTTTTTTCATTATAGAATTTGATAACGCTCTTAAGCTCCCACCTATGGCAATAATATTATCATTTTGAAAGCGTTTTGGAACTTGCATTAGCGCTTCTTGTATAAACTGATCTAGCGCATTTAATCTTTTAGTGTCATAAAAGATTTCTTTTAATCTTACCGTACCAAGATCAAGTGAAATACAATCTATAATTTTACCTTCTTTAATCAAGCAAAGCTCGGTTGATCCTCCGCCTATGTCTATAGTAGTGGCATTTTGAATATTTGATAACAAATTTAACGCAGCAAGGCCGCCTAAAAATGATTCGGTTTTTCCGTTGATACATTTGATATTTAAACCTACATTTTTTGCTATTCTAGCTATGAAATCTTTAGCATTCGGTGCATCTCTTAGCGCAGAAGTTCCAACAGCAATAATTTTTCTACATTTTTCTTTTAAAGCTTTTTCTTTAAAGTAAGCCAAAGCTTTTTCCGCTTTAAGCATAGCTTCTTCTTGGAGGATTTTGTTATTATTATAGGCATTTTCTCCAAGTCTTACTTTCTTTTTGTGTTCGCTACAAATGAAAAAACCATATCTTGAGGTTCTTTCAAAAACTACCATACGAACGGAATTAGAACCAAGGTCAATTACTGCTGTTTTTTTGGCCATTAAATATCTTTGTTTTTATGTTTCAAGCGAAGCTCATCGATGCTTTCTACATTGTCAGGATCAGGTATGATACAATCTACAGGACAGGCTACTATACAGGCTGGCTCTGAAAATTCATTCACACATTCAGTGCACAGATCAGGATCTATAACATAGATTGGATCATTATCATAAATAGCCTCATCTGGACATTCTTCCCTGCATGCATCACAGGATATACATTCTCTAGTGATTAAAAGTGACATACTTTTCCTTTTATGAGTAATAAAGCAAACTTATACTATATAAAAACTTATAGCTAATTTAAATGAAAGAAAAAATAGATCCAATTTTTAGAATGATTGAATCATTCTAAAAATTTTTTAGTTAGTTTTTTTAGGAAAACAAAAGCGGTATCCTCTGCGACGTACAGTTTCTATAGTAGAGATATTAAGCGGTTTATCCATTTTTTGTCTTATTTGATTGATTGCAACTTCTATAACATTTGGAGTTACAAGTTCAGGTTCTTCCCAAATAGCATCTAAAAGTTGTTCTTTTGATACGATTTGATCAGAATGTCTAGCAAGGTGAGTTAAAACTTCAAAAGGCTTTCCTTTTAATTCTATATCCTTTCCTTGATAAGTGATTTTTTCTTCATCAGGGTCAATCACTAAATCATCAATTTTAATCACATTAGTTCCACCAAATCTAAGTCTAGCTTCGATTCTTGCCATTAAAATTTCAAAATCTAAAGGTTTTTTTATATAATCATCTGCTCCAGCTTTTAAAGCTTTGATTTCATTTTCTTTGTCTGCTTTTGAGCATATTGTAACTATAGCAGTTCTTGGAGATTTTTGTTTGATAGCATTGATCAAATCGCTTGCATCATTATTGCCTATAGTCCAATTTGATAATACTAAATCATAGTGTCTAATACCTATAAAATACTCAGCGTCTTTAAAATTTTCTGAAGTATCACTTTGGTAACCAAATTCGTTTAAGGTGTTTGATAAGGTTTTGTTAAGCGATGCTTCATCTTCTACAACTAAAATACGCATTTTATTCCTTTGAAGATAGTTTTAGTGCAAAAGTATAACACAAATTAAGCAAATATTCAAAATTCTTTAAAAAATTTTTAATATTTTTTGCTTAAACTAGCTCCAACACGTGCATTTTTAATAATATCAGGCTTATAGCAGGTAATATGTATAAACTGAAGTTTTTTATGGTGCTTTTTAATATCTTTACATATATATTTTAAAGATTTTTCTATAGTTTTAAATTTTTTCTTTTTATAGATTTTTTCTATTCTGGTGCATAATTTTGCATAATCTAAAAATTTTTTACTTTTAGCTTCTAATTCTATTAAGACTTTTTGCTCTTGAATTCTTTCAAAATCCAAAAGTCCTATAATACATTTAAATTCTAAGCTAACTTTTATATGACTTTGCATTCTTGTTTTCCGATTAATCTTAAAATATTTGGTATATGCTTATAAATAACTATAAAAGCGATAATAAATATCGGCGCATGGGTGTTAATCACAGGCATATCATAATGAAATATAAAAGAAGTTATGATTAAAACAACCAAGGCTCCAAGCGAAGCTAAGCTTGAAATTTTAAATATCTTTCCTATGATAAACCAAGCTAAAACCGCAGATATAATTTCAAAAGGTAAAAATACTGCTAAAACTCCAGCTCCAGTAGCTACCCCCTTACCCCCTTCAAATTTTAAATAAGGAGAAAAA
CP176583.1_gap5	206239	210940	4701	TTCAAGTAAAAATTCGGCCTTTTGAAAGCCGTCTGGTAAATCAGCTCCTATGGTTTGTTTAATTACCCTAGCTCCTGCAAATCCTACCAAAGCACTAGGTTCAGCCATGATGATATCTCCAAGCCAAGCAAAGGACGCGCTTACGCCACCCATGGTCGGATCGGTTAATACTGAAATATAAGGAAGTTTTTCTTCTGCTAATAGTTTTAACGCTGCACTTGTTTTACTCATTTGCATTAAAGAATAAGTGCTTTCTTGCATTCTAGCTCCACCACTTGCACTTACTATAACAACAGGAGTTTTTTTCTCAATCGCTCTTTCAATGGCTCTAAGAATTTTTTCACCTTCTACTGAGCCTAAACTTCCACCCATGAAAGAAAAATCAAAAACAACTAATTGAGTTTTAATGCCATCTATATTACATTCACCACTTATTACAGCGCTTTTTCTTCCTGTTTTTTCTTCATTTTCTGCTAATCTTTTTTTATATGATTTACTATCTACAAATTTAAGCGGATCGATTGCATGTAAGTCTTTATCCATTTCTACAAATGTACCTTCATCACTAAGCAATTCAATGCGTTTTAGAGGGTCTAATCTCATATGAAAATTACATTTAGGGCAAACATTATAACAAGTTTCTATTTCTTTATAATACATTAACGCATGGCAAGAATTACATTTTACCCAGTGATTTGGAGCTTCACTTGGAGTAGCTTGTTTGCGTCTTATACTAGAAAAAATATCTAAAAAATTCATTATCTCTACCTAAAATAAAAATTTTAAAATTATAGCAAGATTTTATTATTTTTAAAATCTTGCGCCCAACATAAACTCGAATTTGCTTAAATCGTCTTTTGAGTTGGTGTTAAATGGTTTAGCAAAAACTAAATTTAAAGCACCTAGTGGGGTTAGCCACTCAAAACCAACACCTGTGCTCCATCTTTGAATTTGACTTAAAGAACTCTCTCCGATAGCACCATAATCAAAAAATACACTTCCTCTTAGTTTGATTCTATCAAAGATTGGAAAGCTAAGCTCAACAGAGTTAGCAAAAGCCACTGTACCACCTGTTTCATCACCCCATTCATTTTTAGGACTCACGCTTCTTCTATCAAAACCTCTAATAGTTCCTATACCACCAAGGTATAATTTTTCATTGATAGGCAAATAACCTTGATCCCATACCTTATAAAAGCTTGCTTTATAACGATAAATCAAATCCCAGCCTATAAATTCTTCCAAACCTTGGTAATAATTAAACTTAGTAGTAGAGCTTATAAATTCTTGATCTCCACCTAAGCCTGCATATTCAAGTGAAGTTGAGGCAATAAAACCTGATCTTGGTAAATAATAATCATCTGTATTGTTAAATACTATCGAAGGAGTAATGGAGCTTTTATAGGTTTTTCCAAGTTTATATCCTTGAGCAATTAAGCGATCACTTAAATGATAAATATCACTTTGCTCAAGATTATAAGTTAAATCAACACTTGTATATCTTCCTAAAGTTTTACCAACGCTTATGTCAAAACCATAGTTTCTCTCATCATAGCTATCCCATTCTAAACGATCTGAATATAATGATCCTCCAAGAGAATAATCACTATCATTTATTCTAGGATTTCTTAAAGATACTCTACCTGAAAGTGTATCATCGCCTTTGTCTATACTCACACTTCCTTTCATACCAGAGCCTAAGATATTTGCATCAGATAATGAAGCGCTAAGTAAAATTCCATCACTAGTTCCATAGCCAATACCACCTGAAATGGCTCCAGTTGAAGCTTCCTTGACTTCTACTATCAAATCAATATGCGTATCATCTACTCTTTGTTCTTTAATGTCTACATTTTCAAAATATGCAGTTCTTCTTAGGGCATTTCTTGAGTCTATTAAATCAGTTCTATTATAAAGATTGCCTTCAGTTAGGTAAAGCTCTCTACGAATAACTCTATCAACTGTTTTGGTGTTACCTGAGATGATGACATCTCTTATATATACTTTTTCATTTGGTATGACTTTAAAAATAATCATAGCTTCATGATTTTCTTTATCTTTTTGTATATCAGGTATAACTTGTACAAAAGCATAGCCTAAATCTGCTGTTTTAGTTTCTATAGTCTTTATATCTTCTCTTAGTTTTTCTATATTAACTATTTTTCCAACACTTAATTTTAAATCACTTGCCAAAGCTTCATTTTCTTCATCACTAAAAATTGGATTAAAAATTTTAATCCCTTTGACTTTATAAACCTCACCCTCGTTGATAAAATAAGTCAAATCAGCTTGATAGGTATCTGTGTAAGTATTTAAAAAAGCAGGAGATACACTTACATCAAGATAACCTTCTTTTAAATACACATCTGAAATTCTTGAGCTATCGTTTGCTAAATCAAAGATTTTAAGCTTACCATCATTAAAACCCCACATCCATCCTAGGGCTTCTCTTTGTTTATTTGCTATTGCAGGTTCAACATCTGAATAACTTAAATTTTTTGCACCGCTTAAATGCACTTTTTCTATGATGATATTTTCCCCACGGTTTACAACAAAAGTAAGTTTTAATGAGCTTGAATTACTTAATTTTTCATCTTTGATTTCTACAACAGTGTCGTAAAAACCTTTGGCTTGATAAAAAAGTTTAATTTTTTCAGCAGCTTCTTTAGCTGAATTTTCATCATATAAAATTCCAGGTTTTAAGCCAACAAGGCTTTCTATTTGCTTTCTATCGTTACTTGCTATACCTTGAATGTCTATTTTGCCAATGGAAGGTTTTTCTATTACTTTAAAAGTTAGCACTCCATTTTTTTCTTCTACTACTATATCTTTAAAATAATTTCTATCAAAAAGATTTTTAATCGCTGTATCTATGCTAGCAGGATCGATTTTTTGTCCTATTTTTAATTTAGAAATCGCAATAGTACTTTCTTTAGAAAGTTGCGATAAGCCTTCAAATTTTATATCTTTAATTGTAGCTGCACATAAAGAACTTGAGAGTGCAAAGAAAACAAACCATTTTTTCATTATTCTACCTAAATTTTTATATACAAAATCGTTATAATACCAAAATATTTTTAACTAATGCTTTTTAAGGAAAATTTATGAAAGTAGGTATAGTCGGACTTGGCTTAATAGGTGGATCTTTGGGTCTTAGCCTAAGAGAGAATAAATTAATAGATTTAGTTTGTGGATATGATATAAACAAAGAATTTGAACAAATCGCGCTAGAGCGAAAATTAATAGATAAAATTGTTTCTTTTGAAGAGTTGAAAAAATGTGATGTGATTTTTTTAGCTATTCCTGTAAGAGCTATTGTAAAAATCTTAAAAGAATTTCAAGATATTTCTAAAGATTGCACTATTATTGAGCTTGGAAGTACAAAAGAGGAAATTATTAAAAATTTACCTCCTTATTTGAAAAGTCAATTTATCGCAGCTCATCCTATGGCAGGAACTGAAAATAGTGGTCCAAATGCAGCTATAAAAGATTTATATAAAAATGCAGTTTGTGTTTTGTGCGATGTGCAAAATGCTGATCATATTCATCAAAAAAGGGCTATAGAAATTTTTTCAGATTTAGGAATGAAGCTTGTATTTATGGATAGTATTGCGCATGATCATCATGCTTCTATCATTTCACACTTACCGCATGTGATTAGTTTTTCTTTGGCAAATTTTGTGATGAAAGAAGAAAATAAAAAAAACATAGCTCACCTAGGAGGTCCTTCTTTTAAAGATATGTGTAGGATTGCCAAATCAAACCCTCAAATGTGGAGTGGTATTTTTGAGCAAAATAAACAAAATTTATTAAATTCTATTGATTTATTTCAAAAAGAATTGCAAGAATGTAAAAAAATGATAGAAAAATGTGATATAAATGAGCTTGAAACTTGGATTAAAAGTGCAAATAAATTAAGAGAAATTTTATAAAATTTTTTATAATTTACTCTTAATTTGCTAAAGAATAATATATTTTTAAAAAATATAGATTGAAAGTGAAAATATGGTTTTTGCACGTAAAAGATCAAATAAAAAATGGATTTTTGTAGTTTTTTTAATACTTTTAGCCTTTGTGGTGTTTGTTTTAAATACAAAGTTATTTGAAAAAAATCCTCCGTTGATTCAAACAAAATCAGATGTAATTTATAGTAATCTAACAGATCCTATATCTATAGAAATAAGCGATGAAAGTACTTTAAAAGATATAAAAGTTACTTTATTTAAGGCAAATGAATTAAATGGCGAAATACTTGTTAATGAGCATGTTAAAGGTAATAAAAAAAGCATTCATTTTGATTTAAAATTACCAAAACCAGCTTATAAAGAAAAAGTCGATTCTTATAAACTTGTAATAGAAGCAAGTGATGGTAGTTTTTGGAATTTCTTTTTAGGAAATCAAGCACTTAAAGAAGTAAAAGTTATCATTGACACCAAAAAACCACTTGTAGAAATTTTAGATAACTCTTATCAAATCGAACAAGGTGGAGTAGGTAGTGTGGTATTTAAAGCAAGTGATGAGAATTTACAGGAAGTTTATATTACAACTGATAAAGATAAGATTTTTAAAGCAACTCCTTATGTGAAAGAAGGATATTATGCTGCTTTGATTCCTTGGGAGGCTACTGATGAGCATTTTAGAGCTTATGTGGTGGCAGTAGATAAAGCAGGTAATGTAAACAAACAAAGAATTAGATATTAT
CP176583.1_gap6	233283	234760	1477	CTTTCTTTATTCCATTTTCTTGTATCACATGCTCCATAAACTATTTCATGTTTATTCAAATCGCCATTTTTATAGTTGATATAAACAACATCGCCATATTCTATTTCGCCTCTTGCAACATCTCCTAGCAATCCATCTTGTTCTATTTTAATACCTTCAAAATCTTCAGCTACTTCAGGGTGTTTTTCTTTTAAAGCATTTAAATCAACATCTTTAAGGCTTTTTATCACAACATTAGAGCCATAATCTTTTTTTAAAGTTTTAATGAATAAATCATAACCACCTTTAGAACCTCTACTTGGATCATATTTATAATCTACTCCATTAGCACATGCTATAAAAGAAATTAATGCTAAAGCACCAAACATTGTTTTTTTAATCATTTTTTATCCTTTTCATTTTAGTTTGTGAAGTTTATCATAAACGAAGTTAAACTTAAAAAATTATGGAGTTAAAATATCTCCATAATGCTTATATCAAACCATAAAAGATCAAATTTGAGTAAAATTCCATAAATCACAGCACTAAATAATCCTGCGAAAATTCCTGCTAAAACATCATCTAGCATTACACCTAAACCGCCTTTGGTTTTTTTGTCAATTTTACCTATGATAGAAGGTTTTGTAATATCAAAAAATCTAAACAAAACAAAAGAAAGTAAAAAAGTAAAAACACTCTGTCCGCAAATTGCCAAAGCTAAAAACACCCCAACAACCTCATCTATTACAATATGCTTATCATCGTGTTTGCCTGTTTGTTTTTCATACTGATCGATGATTTTTATAGAGATTAAAAAAAGCAAAATTGCAAGTAAGATTAAAGTTTCTACGCCTAAATACCTTAAAATAAAAAAAGCAGGGATTAGCGCTGCTATCGTGCCAAAAGTTCCTGGAGCTTTATTAACACTACCTGAATAAAAAAAAGTTAAAAATAATTTTTGCATGATTACACCATATATGACATTTGATGAAGTTTTATAAGTTGCTCATAAAATTCTTTGTCGCTTCGATATTCTAAAATACCATGCGTAGGGAAAAGATTACTATAGATATTTTGTTTATTATGAAAGCGATTTGGAAAAAGCTCAGATAAAATCAAAGCTGAAATTTCTCTTCTTATAAAAACTGCTGGTGGAATGATACCAAGTCTGAGTAAATTTTTTAAAGAATCGCCATGGTATTTCATATGATGATGAGCTCCATGCGGGCATGATTTGGTGCTTACTATCATTTTGCATTCATCGCAAAATACAAATTCAGGAAGTATGGTTACTTCTATATTATAATCTTTTGCAAAGTCATCAAGTACAGTAAAGGCTCTGTTTTGATTAAAATACATTCCAAGTCCTGCATGATTTTGTCCTACAAAAAGCTTATTGCAGTCAAAACTTTTAGCCAAAGCACATTCAAGAACTGGATTTAAATGTGAGGCAAAAATTTTGATATTATGCAAAGGTATGAGTAAAACCCTAGAAGAT
CP176583.1_gap7	238413	242826	4413	CTGTAAGTTTTTATATGCCTGAGAGTGTAAGTTCAAAAAGATATTTACAAGCTGCTGAAAAAATTTGGGAATTTATAGAAAAGGTTAATCAAGAAGGTAAAGTAGATAATTCAGCTATTCAACCTGTAATGAATGGCAAAAGTGCGTGCTCGCAATAAGGAGGAAAATATGTCAATAGAAAGTAAAGAAGAATTTTTAAATTTAATCAAGCAAATCGAACAAAGGATTAATTATAAAAAGCCTAAAGCTTTTGCTATAGCAAGGCTTGATCTAAGTCAAGTTGATCCTAGTAAAAAACTTCAAGCTAATTTTGGTGTGATTAATTTTGAGCAAAATTATGCTGCTGCAGCTGTTATGTTTGAAGCTTTTTTTAGAAGAGGGGTTGATGTTGATTTTAATGAAAGTGAGTTTGTGGCTACTTTGATTAAAGAAGATTTGGATTTTGCACTTGAATGCTTTGCACCATTTTTGCAAGAGCAAGGCCATAAAAATATAGAAGCAATCAAAGCAGCAAAGGAAAATTTTAGAGAAAATGCTTTTTCTTTTGTTTGTATTTTTGAAGATGAAGCACCAAAAAGCTTAGAAAGTGTGTATTTAAAACTTTATTTGCTTTCTAATAAAAAAGTACCTTTAAGAAGCTTAAATTTAACAGGTGCTTTTGGGATTTTACCAAATGTTGCATGGAGTGATAATAAGCCTATTGATTTAGACTTTTTAAGAGAAAATGAGATTGATTTAAAAATGAGTGGAAGATATCCAAGGATTGATTATGTAGATAAATTTCCAAGATTTTTAGCTCATGTTATTCCTGAGGATAATACTAGAATTTTAGAAAGCTCTAAAGTAAGAATGGGTGCGGTTTTAGCTGCAGGTACTACTATAATGCCAGGGGCTGCTTATGTGAATTTTAATGCAGGTACAACCGGTGCTTGTATGGTAGAAGGGCGTATTAGTTCTTCAGCCGTTGTGGGTGAAGGTAGCGATGTAGGAGGTGGTGCTTCTATACTTGGTGTTTTAAGTGGTACAAGTGGTAATGCTATTAGCATTGGTAAAGCTTGTCTTTTGGGTGCAAATTCGGTTACGGGAATTCCTTTAGGGGATAATTGTATCGTTGATGCAGGCATTGCTGTTTTAGAAGGGACTAAATTTGCTTTAAAAAATAAAGAAGAACTTCAAAAAATCAATCCTGATTTTAAATTTGATAAAGATATATACAAAGGTTTAGAATTAGCAGGATTAAATGGCTTGCATTTTAGACAAGATTCTCAAAGTGGAGTGATGATAGTTGCTTTGAATAAAAAGGCTGTAAAACTTAATGAAGATTTGCATTAATTCTTAGCCCTTATGGGTTAAGAATTTTAAATAATTCATGTAGTTTATAAATACACACGCTAGGGTGATGTTTAATGCTTCCTGTATGTAGTAAAATCTCTTTGCTATCTTTTTTATAAAGCTTTTGCACAAAATTAAAATTCCACCATTTGTAAGTTTTGAAATTTAAATTATGGGTGGTATTTATATGAAAATTTATATAAGAATGATTTTGAAAGTTTTGGTTTAAACCAGGTGCTTGAAAGGCATAGACTTCTTTCGCTGCACTAGGAAAGGTTCTTGCAAAAGTTTGAGCTAGATACCCTCCTAAAGAATGCCCTATGATGATGAGATTTTTATCAATGGTGTATTTTTACTTGAGTTGATTGTAAAAATATTGCATGGATTGAATTTGGCCTTTTGGAGTTTTGTTAAGTAAAATCAAAAAATCACTATAAAAATCTTTAAAATCAAAACACAAAGGATTTAAATCGCTCCCTGCAAAGGCTAAAATATAATTTTTTCTTTTTTTATCATAAATAAAACTAGCTCTAAAACCCATTTTAGATTGAGGGTGTGTTTCGTTGATGTGTTCAAGTATTTCATAATTTTTTACAAATTTTAAAGCTAAAAATGCATTGTTTAAACCACCTACGGGGATTTTTTCTTTTTTATAAAAAGGATTAGTTAAAGCTTTTATAATGGCTTTGTGTTTTTGCAAACCTTCTTTTTTCAAGCTTTGATTTAAATATACATTAGCACAATAAGCCACCAAACTATAATCATATAATTTTTGCAATAAATCGATATTTTTTTCAAAATGAGTGTGAAGTTTTAATAAGAGTAGTTTTTCTTGAGAGGTTAAATTTGTTTTTTGACTTAAAGCAATAAAGCTTTGCAAGTCAAAAAACATTATAAATTCTTACATAGAGCAAGTATTTTGGATAGTTGAATTAAGCATCCAAAGAACTTTTTCATATTTTGCGATATTTTCTTGAGCAAATGCTGCTGTTGTAGTATCGCTTGCTTTTTCAGCTTCTTCATTTAGCTTTTTAAATTCACCCAAAAGATATTTATAATCTTCTCTAATAAGTTCTAAAACTTCTACTGGAGTAAAGCAATCTTTTTGAGCTTTAGGTGCTTTTGCATTTTCTAGTAATGTTTTTGAGCAAACGATAGCTTTTTCTCCTAGTTGTAAAGCTCTCTCAGCGCAATCATCAAAAAGCTCTGCCATTTCTTCATAAGCTTTTTCTGTATATTCATGAATTGAGAAAAACTGTAAACCTTTTACATTCCAGTGATAATTATGAAATTTAATCCATAAACTATGAGCATCCGCTTGTAATTGTAATAATTGTTTTGTTACTGACATGTTATCTCCTTTTTTATTTTTTAAAATTATAACATAAAATTCTTAAATAATAATAATTATTATCTAATAAATTTTAATATTAGTAATTATTATATTTTCATTATACTCTTTTTTTACAATAAAGCAAATTTATTTACTTAACATATTTTTGAGTATTAATTTTCCTACCTCTACGCCAGGTTGATCATAAGTATTAATTCCAAGCATAATGCCACATGCAGAAGTAAATAACTCATAATAATACATCAAATACCCACAATGATAGGCATCTAATTTTTCAAGCTCTATGACATCAATACTTAAATTTTCAGCAATTAATGCATGCATGGTTGCATCACATTGCGCGTTTAGAAGATCATGCAAATTAACCTCATTAGTAAAATCACAATTTTGCAAATGATTAAAGCTTATATTTGGGATGCTAGGAGATTTTTGACTATCTTTGATTTTTAAAAAAGTAACAGTTTTATCTTTAGGTCCATCCATGATAAGTTGTAAAAAGCTATGCTGATCTCTAGCGCCAATTAAAGCAATAGGAGTTAAACCTATGCGTTTAAAGCCTTGTTTTTTACCTAGACTTTCAGCAATTAGTTGAATATACCATTCATTAAAACCCTTAAAAGCATCTCCGTAAGAAAAAAGCACATTAATATGCGCACTTTTATGTGTGCAATAATGATAAGCTTTTTGCAAAATTTGATCACATTTTTTCTCAAAAAAATCCACATAACAAGCTTTTGCACCTTCTAATAAGGCTTTAGTATCATACCCACAAAAGCTCAAAGGAACAATACCAATAGCAGATAAAACACTAAATCTACCTCCAACATTTTTAGGTATAAAAAAGCATTTTATGTTTAATTCTTCACCTAGTTTATGAAGTTTTGATTCAAAATCAGTAATAAAAACAAAGTTTTCATGCAAATTTTCATTTTTAAAATCAAAATGAGCAATGATGAGTTTAAATAAAGAAATCACCTCTATAGTTGTACCTGATTTGCTTGCTATAATGAAAAGTGTTTTTTGGGGATTTATTTTTTGCATAGTTTGGGTAAAAGTATGTGAGGAGGTATTGTCAATAATAAAAAGTTTTTTTTCTTCTACTTGATCAAATAAAAGCTCTTTTAAAGCTTTAACCCCACAACTTGATCCACCCATACCTACTAAAACGATATTTTCTATATGAGTTTTAGTAGCGATAAATTCTTTGCTTTCTTTGATTAAATCAAAGCTCGTATCTACTAAGTGATAATACCCTATATCGCCACTTTCTAACTCATCATTCATTCTATTTGCATAAGCAGTGATTTTTTTAAAATCTTGGGTTTTAAAAAATAAAGTATTATTTAGCATTTTTACTTTTCTCATAAAAATAATTCGTCGCTTCTACAAAGCCTTCTACGCTTCCACAATCAAACCTTTTTCCTTTGAATTTATAAGCTAAAACCATATTATTGGTTGCTTGCGAAAGTAAGGCATCGGTTAGTTGAATTTCTCCGTTTTTACCTACTTTAGTATTTTCTAAAATACCAAAAATATCAGGCGTTAGAATGTATCTTCCTATGATGGCTAAGTTACTTGGAGCATCTTTTGGATCAGGTTTTTCTACCATAGAATTTACCATGATCAAATCCTCTTCCACGGCATTTCCAGCTATAACCCCATAGTTTGAAACTTGATCAGCTTCAACCTCCATCACAGCTATAACAGAGCAGCGGTATTTTTCATAA
CP176583.1_gap8	248844	250857	2013	CTTCTTGTCTTTGTTTGGCACTTAAAAGTACTCCAAGTTTTTTAAAGCATTTTGCGATTAAACTTTCATCTTTATGAGTAATGTAAATATTTTTAAATTCACAAATATTTTCTTCTTTTAAGTCTTTTTCTAAGTATTTAAAGCTTTTTTTTACTCCATTTGGATAAAGCTTTAAAAACTCATTTGCAAAATTTTTGCGTATGAAATTTCTAAAATATTTTTCATCATCATTACTCTCATCATGAAAATAAGTAATATTGTTTTCTTTTAAGTAATTTGAAATTTCTTTTTTTGGAATTTCAAGCAAGGGTCTTATGATAGTAAAATATTTTCTTTTTTCAATATCTTTAAAGCCAAGTAATTCTCTAAGCCCTGCACCTTTAGAAAATTGCATTAAAAACCATTCTAGTTTATCATTTAAATGATGAGCTAGTAAAAGATTATCATAAGAGTGATTTTTGCAAAGTTCTTCAAAAAACTCATAACGCAAAGCTCTTGCGCAAGCTTCGAAATTTTTTGTTATCTTGGGTGCAGTTTTGATGTAAATTTTTTTATGAAAACGCTTGGCTAATTCTTTGGCACTTTGTTCTTCTTTATCACTATTTTTACGAGTTTTGTAGTTTATAAAAGCAAGATCAAAATCTATATTTTTTTCTAAAAGCATGAAAAATAAAGCACTAGAATCACTCCCGTGAGAAAATGCTAAAAGATTTTTCCCTTGCTTTAAATGATTTAAATATTTGCTATCAATCATCAAACTTTCTTAAGGCTTTTGCAATGAGTTTTTTATCTAAGCTCTGCGTGATTTCACACTCATAAAGCTCACCCATTTCTAAATCTCCACAATCGCTTTCATTGATGAGAATTTCTCCATCAATATTTCTATCCCAACGCAAATCTTTTGCACCGATGAAAAATTCTCCTTCAGAGCTTTGACCTTCGCAAAATGCTAAAGTTTTTTTACCAACTTGTTGATTAAAACTTTTTTCTATGCATTCATCAACAATTTTTTCTATCACTTTTAATCTTGCATTGATGATTTTGCTAGGAATTTGCTCCATTTCAAAAGCTGCGGTATCTTCTTCTTTAGAATAAGCAAAAACACTAATTCTATCAAAACCAAATTCTTTTATAAAAGCGCATAATTCTTCAAAGTCCTCATCACTCTCTCCTGGGTGTCCTACTATAAAACCTGTGCGTAAAAATGAATTTGGGGCTTGTTTCATTAAATTTAAAAGTTCGATTAATTTAGCTTTGTTAGCTCCGCGTTTCATGATTTTAAGCATATTATCACTGATGTGTTGTAAAGGCATATCAAAATAATTTACAAAAACTTTTGATTGAATGATTTTTTCTATCACTTCTTTGCTAATACTTGTTGGATATAGATATAAAATTCTAGCAGCCTTTACACCTTGGATATTTTCTATAGCTTCAATAAGCTTTAAAAGTCCATCTTTTTGACCTTGATCAAACAAATACGAACTTGTATCTTGAGCAATAAAAGAAAAGTCTTTATAGCCTTTTTTAACAAGCTCTTTTACTTCATTTACAATGCTTTCTAGGCTTCTTGATTTGAGTTTTCCTTTAAAACTTGGTATAGCGCAAAATGAACATTTTTGATTACATCCTTCAGCTATTTTGATAAAAGCATGATAATTTGATCCTGTGATTACACGATTGGTATTTTTATCTTGCAAGTAAGTGGAATTTGAAAATAGATTAGTTTTTTTAAGTATCATTTCATCAATTTTTTCATAGTCTCCCACACCGGTAAAAAGATCAACTTCAGGTAGTTCTTTCATTAATTCCTCGCGGTAGCGTTGCATCAAACAACCTGTTACAACCAACAATGAATCTTTTTTTCTTTGCTCGTGTAAGTCTAAAATCGCATTTATGCTTTCTTTTTTAGCACTATCTATAAAGCCACAGGTATTTACAATCAAAACATCAGCTATGCTTGGCTCATCACAAATTTCATAATCACTTAATCTTCCAAGCATGATTTCGCTA
CP176583.1_gap9	252694	253607	913	TGAAAAAGCTTCTTGTGAATTATTAGCTCAAGTAAGTCAAATTTTTAAAGAAGCAAATTTAAATGTACAAACTCAGCATTTAAACGGAGAGATTACTCAGGCTTTATTTGATTTTGGTGAGCAAAATGATATAGATTTGTTGATCATGGGGGCTTATTCACATCATTGGTTAAAAAGTATTTTATTTGGTAGTTTGACAAATGATATTCTAACTAAGGCTAAAAAACCATTGTTGTTAATTCGCTAATGCTATACCATAGACTTTTAAATCACTATATTAGCATTTATCATAAAAGTACCAAACGATTTCTTTTTGTTTGGACTTTGCTTGCTATGGTGCCTTTATTTTGTAGTTTTTTATTTGATGAGCTTGCCATTTATGCAACGGGTAAAATTACTTCTGAAATTTTATTTTTAATTTTAAATATTATTCCTATTATGGTGGCTGTGGCATTGATGATGTTTTTGCTTATTAGCATTTGGGCTGCTTTTAGTAGTAAGATTAATATTAAAGAAAAATTTTTTATTATTTTATATGCTTATGTTTTGATATGGTTTGCGTACGGGAATTTGTATTATTTTTCTTGCGATGTAGATAATTATAATAGAATGTTAATTGCTACTCAAAAAAATGAAAATTTAGAGATTGTGGATTTGCAAGAAAAAATCATAGAAGTGCAGTTTCAAACACCTATAAGAGGAATTCATAATTTTTGGTCTTTAAATGATGAGTTAAAACCTCAAATTCAAAATAGAATAAAAGGTTTGGTTGATTGTTATTATTTTAGCGGAGTTACTATGCTAACGATAGGTTTTGGCGATGTAACACCTGTTAGTTCTTTGTTAAGATTATTTAGCGTATTTCAAGGATTTTTAGGGCAGGTTATTGTTGTGATTGCTATGGGACTTTGGA
CP176583.1_gap10	368006	371160	3154	AGAGAAAAACTTCAAGCAGAAGATGAGATAAATTGTCTATATGTAGCCCTTACTAGAGCTAAAAACTCTCTTTTTATCATAAAAAATGATGAGAGTTTTAAAACCTTTAAGAGCTATTTTCAAGACTATGAAGAAAAACAAATAGGCATTATAGAAGAACAGCTTGTCAAAACAAATGAGCCTTTAGAAAATTTAGAACAAATAGAGAGCTTTGAAGAATTTCAAAAGGTAAATTTGCAAGAAGTTAAAGTAAAAAGTCATCTTTCAAGCACGCAAATACATTTTGGTTTGGCTTTGCATGAGTTTTTGCAATATTTTGATTTTAACACTAAAAGTAATTTTGAATTTTGCAAGCAAATGGTGTATAAAAAATATCGTTTTTACTTAGATAATGAAGCTTTTTATGAGCTTTTTAAAAGACTTGCCATGCTTTTAAAAAATGAGAGCTTTAACGCACTTTTAGTGGGTAAAAAGCTACTAAAAGAGCAAATCATCACTTATAAAGGTGAGCAAAAACAGCTTGATATGCTTGCATTTGATGATAATGAAGCTATCATTATAGACTATAAAACAGGTTTAAATTTAAACGAGCATAAAAAGCAAGTTTTGCTTTACAAAGAAGCCATAGAAAAAATCTTAGCCAAGACTTCCACTAAGGCTTTTTTGGTATATGTTTTAAAGGATAAAGTGGAGATAGTGGAGGTTTAAGGAAATTGTATGAGATGTTTTATTGTAAATTCAAATTATAAATCTACTGATGGTGAAAAATTCTTAATTAAATATTTAAATGATAATTTACCAGAGGATTATGAAATTTATGTCCAACCTAATTTGAATGGAAATAGACCTGATATTATTCTTTTTCACGAGCATAAAGGTGTATTTATTATCGAAATTAAAGATTGGAAATTAGAAAGATTTGAAAAAGATAGTAAAAAGAATAAATATTATAAATATACTAATGGTGGACGTTCTGAAATAGCTAATCCAAATTCTCAGCTTAGAAGATATAAAACTCAATTTAATTATTTTAAGCAACTTCCTGCTATTTGTATTCATTATTTTTATAATAGCTGCACCCAAGATGTCATTGACTTTATAGGGGAAAGAGGTATTGAAATTTTTGGATGTGATAAAAAATATAACTTAATTAAATTTATAATAAATTATCCAAATAGCTTTATTAAATCACCAAACGAAATAAGAGATTTTTTACTTCCAAAAAAACACAAAAAAGAAAATGGAGAATATATAAATTTAACACAACAACAAAAAAGACTTATAGAACATACTCCAAAAACATGGAGAAGATTAAAAGGGGTTGCAGGGAGTGGAAAAACCTTGGTTGTTGCACAAAAAGCGGTAAATATAGCAATAGCTAACAAAAAAGTATTAATTATTTGTTTTAATAGAACATTAAAAAGATATATAAGAGACCAAATAAATAAAACATGCAAAGATTTTGAATGGAAATTTATAGAATATAATCATTTTCATGAATTTATTAAATTATATGTAGAAGAAAATGGATTAGAAGTAAAAAAATATGGCAATAATTTTGATTTATATGAATGTGCTTTAATAGAGCAGGTTTTAAAACTTCAAGAAAAAAAATCAAATTCGAAAAATAGAAAATACGATGCAATATTAATAGATGAAGCACAAGATTTTAAAAAAGAGTGGTTTGATATTTTGCTTTATTTTTTAGATGAAAATAGTGAAGTTTTATTAGCAGCTGATGATAGACAAAATTTATATAACAGAAGTGTATCATGGATTGAAGAAAGTATGGGTGGATATAAATACAAATTTAAAGGCGCTTGGGCTGTTTTAAAAGAAGTGAAAAGATCTACCCGTTTGCCAAGCTTAATTCACAAGACTAATCTATTTTTTGAAACATTCTTAAAGGATTATTTAGAAAATCATCCTGATAAGAACTTTGGTGATTTTTTAAATTCAGAAATTATCATAAATGAAAATACTTTAGATTTGTATTCGTTGGTTTGGGAGAATATTGAAGAAAAAGATCTGTATGATAAAATTTTATATTATTGTAGGTTTTTCATAAATGAGAAATATAAACTAAAAGATATAAGCATTTTAGTACCCAATAAAAATATAGGGCATAGCATGATGTGTTTTTTAGTTAAAAACAATATAAACATTGAACATATGTTTGATAATAAAGATGATTTCTCGTTAGAAAGTGATGCTGTGACAATATCCACCATAAATAGTTTTAAAGGTATGGAAAACAAAGTAATTATTTATATTAGTGAAAATAAAAGTAGTATTTGTAATGATTTTAGAACCTATGTTGCATTAACAAGAGCTAAAGAAGCTTTAGTGGTATTAAATAACAATAAAAAATATTTAGAATATTCTAAAGAATGGATGTAGCATAATTTACAGCCATTCTCAATTGTTTTAAATTTCTAAAGTTTTTCTTGTATTATTTTTTATTTTTCAACCCTAGTATGATAATTTAATCTTTTATAATATTACCTTTTTTGTCAATATATACCCATTTTCCGTTTAGTTTAACTTTTGCTATTCCGCCTCTAAAATACCGTATATCGTCAAATTGAGGTTCTATTGCAATTTTTCCACTTGTATCAATAAAACCCCATTTACCATTCAGTTTAACACCAGTCAAACCTTCACTAAAACTCCACACACCATCAAAATTAAGTTTTATTATCAACTTTCCGCTTTTGTCTATAAAACCCCATTTATTATTCAGTTTAATTGCTGCTAAACCTTCACTAAAATATCCTATACCATCAAATTGAGGTTCTATTGCAATTTTTCCACTTGTATCAATAAAACCCCATTTACCATTCAGTTTAACACCAGTCAAACCTTCATTAAAACCCCACGTATAATCAAATGCATTTTCAACTAAAATTTTATTATTTTCATCGACTAAATTCCATTGATTATTATCTTTGATAGCTCTTAGATCCTTATGTTTGTGTATATAAGCACCTATACAAGCTTTCCTATCTCCCTTGTCGCATTTTTCTTTGTAGATAGCTTGGAGTATTTTACAACTTGCTTCATCGCTGTGGCATTTACTTTCAAGTTCGCTTATGTAAATTCGGCTATATTTTCCACCATAAAAATACTGATACACACTAGCTAAAGCTATCAA
CP176583.1_gap11	388034	390188	2154	TGTGATTTTTAAAGTATTAGATACAGGATCTAAAATACCACCATCTTTCATATCGATTTCATTTTGTCCTAAAGCTACAGTATTGTTTGGATCGATTTTTATAGTGATATCTTTATGGGTAATTAATATAGGCTCAACTTCTATATTTACTCCCGCTACTATAGTTCCTGTTCTTTCATCGATGATCACTTTACTTTCTGGAGTATAAGCTATATCTTGTTCTAATACTCTTGCCATAAATTCAACATGAGAAAATTCTTCAGGTTTTGTTAATTTTATAGTTCTAGAATCTAAAGCCTTTGCTATATCTGTATCAAAAATAGTATTTAAAACTCTTTCTATATTGTTAGCTGTTTTAAAATCTGCTTCTTTTAAGCTTAAAATCAAATCTTCACTTTGACTAAAGTTTTGTGGAATTTCTCTTTCTACTACTGCACCATTAATAACATTTGCTGAGGTTGAGTGTGTTCCTGCTGCACCTGGTCTTGGACTAAGTCCACCTATAGCTAATGAGCCTTGAGCTACTGCATAAATTTCTCCATCAACCCCTTTTAGAGCTGTCATAAGTAAGGTTCCACCTTGTAAAGATTTGGCATCACCTAAAGAAGCCACACTCACATCAAGCTTATCCCCGCTTCTTGCAAAAGCAGGAAGTTTTGCTGTAACCATTACTGCTGCTGTATTTTTTGATTTTATATCACCTGGGCTAACTTTTACATTCATACCTTGAAGCATATTTGAAATAGATTGTAGGGTAAATTCGCTACTTGTGCCATCTCCACTTCCATTTAAACCAACAACCAAACCATATCCTATAAGTTGGTTATCTCTAACACCTACTACATTGGTAAGTTCTTTAATAGTAGCTGCAAAAACGCTTAGACTTAGCACTAAGCTTAAAAATAATATTCTCATCGATTCTTCCTTTAATCTATGCTATTTTCATAAATTAAAGCAAAAAAAGTTCCAAATTTATACAAAGGAGTAAAAACTTAGAGTAGTTGAACCAAATTTTTTTTCTTTAGTTTTTTGATAATTTTGTATTTTAGTTGGAGTTTTAAAAGTACTGTGATGTTCTATGATGATAATTTTAACATTTGAATTTTTTATATTTTCTATCAATTTTAAAGTTTTTTCATAAATATCAAAAAAACCTTCTCTAATATCAAAAGGTGGATCAAGATATAAAATAATATCTTCTTTAGAATTTTGAATAATTTGAGGGGTTTTTTTAAAGGTATCATCATTGAAGCAAATGGTGTTTTGATCAATACTAGATGTATTTTTTAAAGCGATTTCATAAGCTTTTTTATCTTTTTCTATGGCATAGCTTTTTAAGCAACCATTGCTTCTTGCTTCTAATGCCATTAAAGCACTTCCTCCAAAGGCTTCTATGAAAACCTTATCTTGTAAAGAAAAACGCAAAACATTAAAAACGCAAGATTTTACTATGCTTTTGGTACTTCTTGTGGTGTCTAGACTAGGAAGTAAAATTTTTTTACCTTTATAGATTCCACTTTCTATGGTGGTGTAAATTTTTTGAGTTTGCTTTTTTAAGTTTGCTTTTTTATCTTCTTTGTAATTTTTTAAAAAATCTTTTACGCTTTGATATTCTTGTGTTTTATGCATTATTATTTTCTTCTTTGATGAGGTTTTTTAACTCTGTTTTGTAAAGATCAAATATCGCATCGATTTTTTCATGACTTTCTTGACGCAATTGTTCTAAAATGGCTTCACATTTTTGATTCATAAGTTTTTTCTCACGCATAGCAATCTTATAAGCAATACTTTGCAAACTTGCATTGAAATCATTTAAGGCATTAAGCAATTCTTGCATATTAAAAGGAGGGGTTAAAAAATTTGATTTTTTGTTGATGATAAATTGTGGTTTTTGTGTATTGATTTTTTCATCACAGACTAAAAAATCACAATCTTTTTTTAAAACTAAAAAATCTTTCAAGGCAATTTCTAAAGTTTTTTCTAAAATTAAATCTTTACATTCAAGAGCGATTTTCATTGATTAAACTCACTTTTAATTTGTGTTTTTTTAAAGTATATGGTACTATACCTAGGGCTAAATTTGCAAGCTCTGCAAAACTTAAAATATAAAAATCTTCAAAATTTCTATTTGAAATAGCTTGTAATTCTTTATAG
CP176583.1_gap12	391241	392008	767	AAGTCAAAATATATATCATCTTTTTTCACTTGCACTAAAATATCATAAACACTTTTAAAATTTTTACTATCATAAACATAAGGTTTATAATAAGCTAAATAATCACTATCTTTATCAAAACGAAAAATTCTTAAAGTTATTTGCATATTTTATCCTTGGTATTATTTTTCATTATATACATTTTAAACTTATAAAAATTTGATTATTATATAAAATTAAAAGCTTTTTGTATAAAATATTCACATGGATAAAGAAAAAATTATTATCAATGCCTTTGCTAATCCTATCAATGGAGATGATGGGGCAATCATCGATGGATATTGTTATTCTAAAGATTTATTTTGTGAAGACGTGCATTTTAAGCGTTCTTGGATGAGTTTAGAGCAAGTTGGAGCAAAGGCTATGCTTGTTAATATTTCTGATGCAATTGCTATGAATGCTACGCCAAAATATGCTCTTTTAGGGCTTTCTTTGCCAAAATGTTTAAAAATGAAACAAGTTAAAGCTTTACAAAAAGGCTTACTAGATAGTGCAAAAGAATTTGGAGTGCAAATTATAGGCGGAGATACTATAGCGGATAATAAAATCAATATTAGTGTAACTATTATTTCTAAAGTAAATAAAAAGGCTATTTTTAGAAAAGGTTTAAAAAAAGGAGATTTGTTTGCTTTTAGTGGGAAATTAGGTGAGAGTTTAAAAGGTTTAAATATTTTATTTCACGGTGGAAAATTACATTCTAAACATCGTTTTATAAAACCTAGTTTGAG
CP176583.1_gap13	487141	489329	2188	TTTAGAAAGAAAAGAAGGTTTTTCAGTACATGAGTATCTTCTTTCTAAATCTTTTAAATTAGTTGAAAATGAGCGTAATATAAAACATATTGTTGCCAAAGGTGAAAAAGTACTTAGGGTTAATTCCTTGCACGGAAGCTTTTCTTCTATTATCTATCACAATCAAATTTTTTTCTATGTAGAGCAGCTTAACACAAAACATCTTTATGAGTTAAACGCATCTGCACGTCTTGAATATTTATTTTTATTGAGTTTCTTTTTTAGCTTGATTTTGATTATATTTTTATATTTTTCAGTATTAAGATCTTTAATGCCTTTAAAAATTTTAAAAAAGAAAATTAAAAATATTAGTGCAGGTAAAATTGAACCTTTATCTGAGTACTCTCAGATTAATGATGAAATTTCTGAAATTTCCTTTGAATTTGATCATGCTATCAATAAAATTCAAGAACTTGTAAAATCAAGACAGTTTTTCTTAAGAATGATTATGCATGAGCTTAAAACACCTATTGGAAAAGGTAGGATAGTTTGTGAAATGCTAGATAATCAAAAGCAAAAAGATCGTTTGGTGGCGATTTTTGAAAGACTTGAATTATTAATAGATGAATTTGGAAAAATTGAAAAAGTTTTATCAAGAAATTGCCAGCTTAATTTGCAAACCTATCATCTGAGTTTGATTTTAGAGCAGGCTGAAGATTATTTAATGAGAGATGATTTTTATCAAAAAGTAAAGATTACTTATAAAGAGGATACTATGATAGTTGCTGATCTAGAACTCTTTTCTTTAATGCTTAAAAATTTAATTGATAATGCTATTAAATACTCGGTTGATAAAGCTTGTGAGATTATATGTTCTGGAGATTATATTATTGTTAGAAATAAGGGAATTCAACTTAAAAAAACTTTTGATTATTATTTAAAACCTTTTGTAAGAGAGCATAATACTCAAGTAGAAGGAATGGGACTAGGGCTTTATATTATTAATAATATTTGCAATCTTCATGGTTATAATCTAACCTATAGTTATGAAGATGGTTATCATACTTTTAAAATTGTTTTTTCAAGGTTGAAATAATTTTGAAAGGCTTAGAAAAATTTAATGAGCTAGTAGCTGCTTTTTCTGCATTGCCTACTATAGGAAAAAAATCTGCTTTAAGACTTGCATATCATGTTTGTATAAAAGATCCTTTGTTGGGTTCTAAACTTGCTTATCATATTGAAGAATCTATAAGAATGATAAAAAAATGCACACAATGTGGTGCTTTAAGTGAAAATGAATTATGTGAAGTTTGTTCTAATATAGAAAGAAATCGTAATATTATCTGTATAGTTCAAGATTCTAAAGATGTCTTGGTTTTAGAAGATAGCAGAAGTTATGATGGGCTTTATTTTGTACTTGATGATACAAGTGAAGAAAATATTATAAAATTAAGAAGCATGATTGAGTATAATAAAACCACAGAAATATTTTTTGCTTTCACGCAAGGCTTAAATTCTGATGCTATTGTTTTTTTTATAGAAGAAAAATTAAAAGATTTAAATTTAAGTTTTTCGCAAATAGCTCAAGGTATTCCAAGTGGTGTGAGTTTGGAAAATGTTGATTTTATATCTTTGCATAAAGCTATAAATCATAGAACTAAACTTGATTGATATATTGTTTTAACAATGCTAGCCATTCATTTTTGTTAATATCATTTAAGATTATATTGGCAAAATCACAGTTTTTAACTCTATCTTTGGAAAAAAGTAAAATGGTATTTTGTGAATTTTTTATTTTGTATTCTTGCAAAATTTGACTGATATGTGTAAGATCAAATTTTATAACTTCATAATCAATTAAAATCAATTTGAAATTTAATTGTAAAGATTTTTTAAAATCACTTAAATTATTTACAGTTTGGTTGTTTTGGCAAAATTGATTGGTTATATTTAAAATAAGTTCGTTTTCAAAACTAGTAGATTTAAAAATCAAAACATTATAAGAATTTCTTTTTTTGTAAGTTTCTTGTGTGAAATTGGCATTTAAAAAATTAATAATATCTTCAGCACAAATTTTAGTAAAAGTAAAATTTAAAATATCATCAACCTTTTCTTTTGAGATAATAAGGCTAAAATTCTTTTCTTTGTAATCCTTTGTAATTTCACTACTAATTCCTATATTTGATAATATACATTGCAAAAGAAAATT
CP176583.1_gap14	519404	520499	1095	TTTGATAGAAAGTGAGCTTTTTGGTTTTGAAAAAGGTGCATTTACTGATGCTAATACTACTAAAATAGGATTATTTGAGCTTGCTAATGAAGGTACTTTGTTTTTAGATGAAATAGGTGAAATGCCTTATGAAATTCAAGCAAAATTATTAAGAGCCTTGCAAGAAAAAGAAATTACAAGATTAGGAAGTACTAAAAGTATAAAGATTGATGTGAGAATTATCAGTGCAACTAATGCTCATATAGAAAAAAAGATTGCAGATAATGAGTTTAGACAAGATTTATATTATAGACTTAATACTATTCCTATTAATATACCACCACTAAGAGAGCGTCAAGAAGAAATTTTGCAAATTGCACAAAAGGTCTTGCTTGATACGTGTAAAGAATATGATTTTAATGAAAAAACTTTAAGTCAAGAAGCACAAGATGTTTTACTGACTTATGATTTTCCAGGTAATATTAGGGAATTGATTTCTATTATACAAAGAGCTTGTATTTTAAGTGAAAATGATGAGATTAGTGCTCAAGATTTATTTTTAGAAAGTAGAAAAAGTAAAGATATTAAAAATCTTGAAAAAGAATTGATTTTAGAAGCTTTAAAAAATTCACAAGATATTACAGAAGCAGCTAAGCTTATAGGGATGAGTGAGAAAATTTTTAGCGAAAAAATGAAAAAATACAATATTACTTAAAAAGGACGGGCAATGAAAAAAATAGCTATTGTAGGTGCAACAGGAGCAGTTGGTGAAGAACTTTTAAATGTCTTAGATGAGCTTGATTTTCCAGTTGAAAGTATTTTGCCATTAGCAAGTGCAAAAAGTGCAGGTACTGAAGTAGAATTTAGAGGTAAAAGCTATAAAGTAAAAGAATTAACTCCAAGTGTTTTTAAAGAAAATCCTGTAGATATTGCTTTTTTTAGTGCTGGAGGAAATATAAGTGCTGAGTATGCAAAATACGCAGTAGAATGTGGTGCTGTGGTAATTGATAATACAAGTCATTTTAGAATGGATGGGAATGTTCCTTTGGTGGTTCCTGAATGTAATAGTGAAGATATTAAAGATTGGGAAAAAACAGGGATTATTGCTAATCCAAA
CP176583.1_gap15	590754	594997	4243	GTAGCTTTTATGGTTTTTCTTGTGTTTGGCTTTAACCGCCAAATGCAAGAAAAAGCTAAACAAAGAGAAGAAAAACTAAAAACAAAGAAAGATTTTAAAAAAAATAGGTAAAATACACTAAAAATTTTTAAAAAGAGTGTAAAATGAAATTGTTAATAGAAATAGGCACAGAAGAACTTCCTGCTATTCCTTTATTAAAAGAGCTTCCAAATATTACTAAAAAATGGGAAAAGATTTTACAAGAGTATCATTTAGAATCTGAATTTAAATTTTTCTATACTCCCAGAAGATTAGTTTTTATTCATGAAAATTTTAAAGAAAAACAAGATGATTCTTTTGTGGAATTTATAGGTGCACCTAGGGCGATAGCTTATAAAGATGGAAAGCTTACTCAAGCAGGGCTTAGTTTTTTAGAAAAAAGTGGTTTAAAAGAAGAAGAGCTTGAATTTAAAGAAATTAAAGGCAAAGAAGTCTTGTATTGTCAAAAACAAGTGCAAGGATTACAGAGCAAGGCAGTTTTAGCTCAAATGATTGAAGCTTTCTTAAAAAGCTTGAGCTTTGGTAAAACTATGAGATGGGGCGATGGTAGTTTTGAATTTATTAGAGCTATTCGCTCGCTTTGTTGTGTATTAAATGATGAGTTGATTGAGTTTGAAAGCTATGGTGTTAAAAGTGCAAAAAGTACTTTTGTACATAGAAGTGTTAGTTATGATTTGATAGCTTTTGCGAATATTGATGAGTATTTTAAAACTTTAGAGCAAAATTATATTATTTTAGATCAAGAACAAAGAAAAAAGCTTATCATTGAACAGTTAAAGATGCTTGAAAAAGAAAATGATATTACTATTGCAGAAGATGATGAGCTTTTAGCTGAGGTTGTAGCTATTACAGAGTATCCAAAGGCATTATTAGGGCATTTTGAAAAAGAGTATTTAGAAATCCCAAGTGAGGTAATCATCACTTCCATGAGAGAAAACCAACGCTATTTTGCAGTATTTAAAAACAATACTTTAAGCAATCATTTTATTGTGGTTTCTAATGCGGTTTGCGAGGATTATTCTAAAATCATTAATGGAAATGAAAGGGTTTTAAGAGCAAGATTAAGTGATGCGATGTTTTTTTGGAAAAATGACTTAGCACAGGGCTTAAATAATGATAAAATAAGCCAAATGGTTTATCTTGAAGGACTTGGAACCTTAAAAGACAAAATCATTAGAGAACAAAAAATCGCTACTAAGCTTTGTGAGATTTTTGCTAATACCCAAAAAGATGAAATCTTAAAAGCCATAGAATACTCAAAAGCTGATCTAAGCACTCAAATGGTGTATGAATTTACTGATCTTCAAGGCATTATGGGATCTTATTATGCCAAGGCTATGGGTATGAGTGATGAGCTTGCTTTGGCGATTAAAGAACAATACCTTCCAAATGGCGATAATTCAGCTATGCCAAGTAATGAATTTAGTTCTATTGTAGCTTTAGCTTATAAATTTGATACACTTATGGGGCTTTTTTCGATGGGGAAAATCCCAAGTGGCACAAAAGATCCTTATGCTTTAAGAAGAGCAGCAAATGGTGTTTTAAAAATTATTCTAGCTTTAAATAAAAATTTTGATCTTAAGATATTTTTAGAAGTAATAGCTAGTGAATATAAAAGCTTTGATTTGAAAATTTTATTAGACTTTATCTTAGAGCGTTTATATATTTTTTATGAGGTTAATGCTTCTTTTGTTAAAGCTGTGCTTAGCTCTAAAACTTATGATGTTATTTATATTGATTCTTGTATTAAAGCTTTAATTCAAAGTGCAAATAAGGCAGATTTTAGTCAAAATTTTGCTACTTTTAAGCGCTTAGCAAATATTGCAGTATTAAGCGAAGCTCAAGTTAATGAAAATTTGTTTAACACTCAAGAAGAAAAAGATTTATACCAAGCTTTTATGCAGTGTAAAACAAAAGAAAATAATACCCAAGAGCTTTTAGAAAGCCTTTTTGCACTCAAACCGCAAATTGATGCTTTTTTTGATAAAGTAATGATTAATGATAAAGATGAAAATATTAAAAACAATCGCCAAGCTTTAGTATGTGCAATTTATCGTGAGTTTTTAAAAATAGCTGATATTAAAGAGCTTAGTGTATGAGAAAAATTCTTTTTTTTCTATGTTTTTTGATTGTTACTTTAGAAGCTAGAGAGATTGAGCTTGTAAAAGGTCAAGTAGTTTTTTTAGAATTTGATAAAAATAATTTTTTACAAATTAGCTCAAATTCTAAAAAACTTCCTTTTTTTGAGTATAAAAATAAAGTCATTGTTAGTATAGCTATGCCTTATAAAAATCCTAAAGATAGAAAATTAATAGCTGAATTTAAAGATAATTCCAAAGAAGAAATTAACATAAAATTTAGCGAAGGAAATTACAAAAAAGAATTTTTAAAAGTTAGTGCTTCTAAGGTTAATCCACCTAAAGAAACACTTGATCGCATTAGCAAAGAATATCAAGAAGCTATTAAGGTTTATAATGCTTATACTAATACAGCTTTATTTGAAGGCAATTTTGCATATCCTTTAGAAAGTAAAATTACAAGTGCTTTTGGAAAAGCAAGATTGTTTAATGATACTCTTAAAAGTTATCATAGCGGAACTGATTTTAGAGCAGCAAGTGGGACAAAAATTTATGCGAGTAATGATGGTATTGTAAGGATTGCTTCAAATCGTTATTATGCAGGAAATTCGGTAGTGATTGACCATGGATATGGGATTTATTCTCAGTATTATCATCTATCAAAACTTAATGTAAAAGTAGGGCAAAAGGTAAAAAAAGGCGAGCTTGTAGGTTTGAGTGGAGCTAGTGGTAGGGTTACAGGGCCACATTTGCATTTTGGAATTTTAGTCAATGGTGTGCAAGTTGATCCGCTTGATTTTATCGCTAAATTTAATGCTTTATAATGATAGCTTTTAGTGAGTTTTTTCAAAACTGGATTGATAAATATTACTCCCAAGCTGTGAGTGTTGGCAAAAATGGAGATTTTTATACTGTAGTTAGTGTGGGAAATCTTTTTGGAGTGCTCTTAGCCAATCATTTTTTAAAACTTATAGATGATAAAAAATTAACTTTACCGATTGAAGTTGTAGAAATAGGAGCAAATGAAGGGCATTTAATGCTTGATTTTATACAAGCTTTATACACTCTTAGGGTTGATGTTTTAGAGCAGATTGAATGTTTTGTCATAGAGCCGCATGGAAAGTTAAGATGTGTTCAAAAAAAACTTTTTGATGAATATGATTTAGATGTAAAAATTTATAATTCTTTAGAAGAATGTCATTTTAAAAATGCTTTTTTTTATGCTAATGAATTATTTGATTGCTTTGCGTGTGAGCTTATAAAAGATAAAACAATGGCATATGTTGATGATGATTTAAACATTGTTTTTAAGCCTATGCATGAAGATCTTTTAAAAGAATGTGAAAAATATGCTATCACCAATAGCGAGCTTTGTATCTCTTATAAACCTTTTTTATCCAAATTAAAACAAACTTGTGAAAAACTAACTTTTGCATGTTTTGATTATGCAAAAAAAGAAGAAAAAATTAGTATTAGAATGTATAAAAATCATCAAGTGTATAATCTTTTTGAAGAGAATTTAAAAGATTTTTTTGCTAAAAGTGATATTACATATAATGTAAATTTTGACCATTTTTTACAAGTTTTAAAAGAAGAGGGCTTTGAAGTGTTAGAGTATAAAAACCAAAATCAAGCCTTAATTGACTTTGGCTTAGAAGAAATTATCGAGCATGCTAAAAAAGCTAACCCCAAAATTTGTAAAAACTTTATCAACCAAAGTAAAAATTTGATGTTTAACTTTGGCGATAAGTTTAAGTTTTTAGAATTTAAGCTTTAAAATCACTGCTTGTAATATCAAGCCCAAAACCTTTTAAGCCTATAAATTCTTTATCGGTATTTTGACTTAGAAGTTTGATTTTTGAAATTTTTAAATACCTTAAAATTTGCGCTCCTATGCCGTAATTTTTAAATTGTGTGTTTTCTTGTTTTTCATTTTTCATGAAAATGATTACGCCGCCTTTTTGGCTTAAAAACTCAATTTGTTTTAATAATTCATTGAATTTATTAGAAGTTAGAAGCTCAAAGTCGCTTCCACTAAGATAAAATTTAACATTCTCACATTCTTTCAAAGCGCCAAAGCTAAAAGCTATGTGTTCATTTTCATTGTGATCTTTAAAAGTCATTTT
CP176583.1_gap16	602326	604951	2625	GAAATAATCTACAAAGGAAGCCGTTTTAAATTTAGCATGGAAATGCCTGTAAATTCAGAGCAAGATGAAAAAGATTTTAACCATATTCTTGATTTATTATCTAAAAACACTTTTAGAGTAGGTGGGGGCAGTACAAAAGGATATGGAGAAATCAAGGTTATTTCTATCAAATACGATATTTTTGAAAGCTCTTCGCAAAAATATATTGATTTTTCTAGTTCTTTAAATGAAAATCTAAGCCAAGAATACCCTGTAAAAGAAAGTATTGATGATAGTTTTGATCATTATAGATTGCTTTTAAGCCCAGAGGATTATTTTATTTTTGGTTCTTCATGTGCTGATAATGAAGCAGATGATGTAAATTTAAAAGAACAAATCATAGATTATACTAATCAATGTTTAAGTAGGCCTTTGTGTGTTATACCTGCTAGTTCTATAAAAGGCGCTTTATCGCATAGAACATGTTTTCATTATAATAAATTAAAAGGTAATTTTATAGGTTCAAATACCGTTGTTGATAATGTAGAAAGTATATTTGGAAGTAAAAAAGAACAGGCTAATAGCAGTAAAGCAAAAATTTTAATCCATGATGTTTTTTTACAAGAAGCGAAAGAAAAAGTCTTTAACCATGTAGGTATAGATAGATTTACTTCTGGTGTAATAAATGGTGCTTTATTTCAAGAAAAAGCTATTTCTTGCAATGAGTATTGTTTGGATATTTATCTAAAAAAAGATATACAAGATAAAGAAGCCATTGAAGCTTTTGAGTTTGCTTTATGTGATCTTGCAAAGGCTAATTTAGCTCTTGGGGGTAAAAGCACTAAAGGACATGGTTATTTTTATGGAAAAGTTATAAAAAATGGAGAAAGTATATGCTAAAAACCATAGATCAAACAAGAGAATTTTATCAAAGCATTCCAAAAAATGCTCAAGCGTATATACAAATGTCAGATAGTCAAGAAATATTATTTTTTCAAAACGACACACTTTTGCCAAGTTGGGAGTTGCTACATAATGGAAAAAATTTCATATTAGAAGCTTGTTTTTTTGATGGAGAATATTCTATGGCTATACGCCATTATAATCAAGGTTTTATGATAGTAAAGGAAAAAATCACATCTTTTGAGCATATAAACGAGCAAATTTTCTTAGGCAAAAATTCTAAAATAAAATTCTATCAAGTATGGCAAGAATTCAAAGAAGAAAGTTGCAATAAATATACGAGCTTAAGACCTACTATGCTTTTATTTGCAGGATTTTTAGAGAAAGGAAATAAATGAAAATAATCGCTCCATATCGTTTTGTAAATTTACATGAAAAAGTTTTTTATCCAAAAGATGAAGAAATAAGCTTTGATGTTCCATATAAAGATGAACAAAGTGGTGTTATAGATATAAAAATCATTGCTAAAAGTCCTATTTTTGTAGGTGATAAAAAAAGTGAAGATGATAAAGAAGTTAAATTTTTTAAAATAGATGAAAAATTTTGCATTCCCTCTAGTAGTATTCGTGGGGTTGTGAGAACCTTAGCTGAGGTTTTAAGTTTTGCAAAATTAAAAACTCAAGATCTAAGACTTTCTTATAGGGATTTAAACAATCCATCTTATGAAGAAAAAGCAATGGATCAAAATAAAATTTTTAAAGGATGGCTATATAAAAAAGCTAATTTATGGTATATTGAAGATCTAGGAAAGGTAAAACAAAACACCGATAGAATTTTGTATTTTTCAAAAAAGGGTGATTTTGACTTAAAAGCGCATTTTGGAGAAAACATTGCTAGAAAAATACAAAAATCAAAAACAGCTCACGATAAATACAGCTTAATCAAAAATCGTGAAAATTTACTTACACACAAAGGACATATAGTCTTTACAGGAACTACAGGAAGAAAAACTAGAGAATTTTTGTTTCCAAATCAAAGTGGCGTTTCTTATGAGTTATCAAAAGAAGTGATTAAAACTTTCAAACAAGCTTATTATATTGATACTATAAATGAGAGTTTAGATTGGCGTTATTGGAGTGATAAATTCGAACATGGAGAAAAAATTCCTGTATTTTTTCAGAAAGATTCAGCAGGAAATATTATGCATTTTGGCTTATCTATGCTTTATAAACTTCCTTATGAAAAATCCACCTTAGATTTGTTAAAACAAACCCAAATAAATTATGATGATGATAAATTAGACATGGTAGAGAGAATTTTTGGCTATGTAAAAAAAGATGAAGCTTTAAAATCTAGGGTAAATTTTTCAAATTTTTACACTCATAATGCTAAAGAATTACAACCGATCTCTTTGACTTTATCATCTCCAAGGCCTACTTTTTATCCTTATTATATACTTCAAGGTAATGATACTTGCTTTACTTATGATGATGCAAATGCAAAGCTTAGCGGGTTTAAATTTTATGTACCAAAAAACAATATGTATCAAAAAAATAACAAAGAAAATCCAAAGATAGATACCAAAATACAAGCTCTTGATAAAGGTGCTGTTTTTGAAGGAAAAATGCGTTATTTTAATCTCACTCCGCAAGAATTAGGCTTATTGTTACTTACTCTTAGTGTGTTTGATTCTCAAGAGTATTATTATAAAATAGGTGGCGCAAAGGCTTTTGGATATGGGGA
CP176583.1_gap17	749586	752279	2693	GAGCTGCTGAGCTTAGTGATAGACTTCCAGTGATTTGGCTTCATATGGCTGAATGTACAGGATGTTCTGAGAGTTTATTAAGAAGTGATGCTCCTACTATAGATAGTTTGATTTTTGATCATATTTCTTTAGAATATCATGAAACTATAATGGGTGCAGCAGGTTGGCAAGCTGAGCATAATCTTGAAGCTGCTATGGAAAAATATAAAGGTAGATATATTTTAATGGTAGAAGGTGGTATACCAACAGGTGCTACAGAAAACTTTTTAACCATAGGACCACATGGTAAAACAGGAAAGCAAATAGCAGTTCAAGCTTGTGATAATGCTTTGGCCATTTTTGCTATAGGTACCTGTTCAGCTTTTGGTGGTATTCAAGCTGCTAGACCTAATCCAAGTAATGCTGTGAGTTTAAGTAAAGTTACAAATAAAACAGTTATTAATGTTCCAGGTTGTCCTCCAAGCGAGAAAAACATTATAGGTAATGTGATTCATTATATATTGTATCAAACATTACCAGCGCTTGATGCTTACAATAGACCAAAATGGGCTTATGCTTTAAGAATTCATGATCTTTGCGAAAGAAGAGGACGCTTTGACGCGGGTGAGTTTGTGCAACAATTTGGTGATGAGGGGGCAAAAAAAGGATATTGTCTTTATAAGGTAGGTTGTAAAGGACCTTATACTTTTAATAACTGCTCAAAAGAAAGATTTAATCAACATACTTCATGGCCGGTACAAGCTGGACATGGTTGTATAGGTTGTTCTGAACCGGATTTTTGGGATACTATGGGACCTTTTGAAGAAGTGATGGCAGGAAGATTATTTGATACTGTTTATGGTTTGGGTGCGGATAGTATTTCAGATAAAATTGGTATAGGTGTGCTTTGTGTAACAGGTGTTGCTGTTGCTGCGCATGCTGTGATTGCTTCATTAGAAAAGAATAAGGATTGAGAATGTCAAAAAGAATTATTATAGATCCACTTACTAGAATAGAAGGACACTTAAGAGTTGAAGTGGTAGTTGATGAAAATAATGTCATTAAAGAAGCATATTCAGGATCAACTCTATGGAGAGGTTTAGAAACTATTGTAAAAGGTCGTGATCCAAGAGATGCAGGCTTTTTAACTCAAAGAATTTGTGGTGTTTGTACTTTTTCACATTATAGAGCAGGGATTATTGCAGTGGAAAATGCTTTAGGTATTACTCCACCATTAAACGCAGTTTTAACTAGAACTTTAATGAATGCAGCTTTATATATGCATGATCATCCTGTGCATTTTTATCAACTTCATGGGCTTGATTTTGTTGATGTTGTAAGTGCTTTAAGTGCTGATGTAAAAAAAGCAAGTGATGAAGCGTTTAAATATACTGATATGCCTTATGCAACAGGTGCAGATAAACTTTTAGAAGTACAACAAAGACTAAAAACCTTTGTAGATAAAGGAAATCTTGGACCATTTGCAAATGCTTATTATGGACACGCAACTTATCGCTTTACTCCTGAGCAAAACCTTATTGCACTTTCGCATTATTTAGAATGTTTAAGAATTCAAAGAACAATAGCTCAAGCTATGGCGATTTTTGGTGCTAAAAATCCTCATCCACAAAGCTTAACAGTAGGTGGTGTGACTTGTGTTATGGATCTTTTAAACCCATCAAGAATGGCTGAATATATGACTAAATTCCAAGAAGTAGCTGATTTTATTAATCGTGCTTATTATCCGGATTTAATCATGGCAGCAAAAGCTTATTCTAAAGAAGCAAGTGTGCTAAATGATGTAGGGGTAAATAACTTCTATACTGAAAGAGAATTCCAGGTTTCAAGTGATGAGTGGTTGTTTGAAGGTGGTATTATTAGAAATGGTGATTTGAGTAAGGTTGAAGAAGTAGATGAAGCTAAAATCACTGAAGAAGCTACAAGAGCTTGGTATGCGGACAATGAAGCTTTACATCCTTATGATGGTAAAACTAATCCAAACTATACAGGCTTAATTGATGGTGAAAGTATTGATGATAAAGGCAATATGGTTCATAGTAAGGTATTTGATACCAAAGGCAAATACAGTTGGATTAAAGCTCCAAGATATGAAAATTTACCTATGCAAGTTGGACCATTAGCAAATATTTTAGTTAATTATGCTAAGGGTAATAAGATCGTAGTAGAAGCGGTTGATTCATTCTTAAAAGCTACAAATTTACCAGTTAAAGCACTTATGAGTACTTTAGGAAGAACAGGTGCTAGAGCGATTGAAGCTAAAATCATTGCTGATCATGGTTTAAAAGCATTTAATTCTTTGGTTGAAAATTTAAAAACAGATGAAAGTACTTGCGCTACTTATGTAATCGATAAAAATAAAGAATACAAAGGTAGATTTATGGGAAGTGCGCCTCGTGGTGCGTTGAGCCATTGGTGTAGAATTAAAAATGGTGTAATTGAAAATTGGCAAGCAGTAGTACCTTCTACTTGGAATGCAAGTCCAAAAGATGCAAATGGAGTAGGTGGTAGCTATGAGCAATGTCTTATCGGTATGAAACTAGCTGATGTTAAACAGCCTTTAGAGGTAATAAGAGCTATTCACTCTTATGATCCTTGTATAGCATGTGCTGTGCATGTAATGGATACTAAAGGTAATAATCTTAGCGAGTATAAAGTAAATGTAAATTTATAAGGAAAGGACTTTAGTATGGATT
CP176583.1_gap18	947127	950480	3353	CACTCTTTGCACATATAAAATCAACATTAGCTAGATTAAAATCAAGCAATTCTAATTTAAAATTTTCATTTCTTAATGCATTTTCTAAAACCGCTTCATTTTCTTCTCTTAAAAATGTACAAGTACTATACACTAATTCTCCACCATGTTTTAAAGCTAGCAATGCTGAATGTAAAAGTTTTTTTTGTAAATTTGCAATTTGCTTAATTTCTTTTGTATTTTTTTGGATTTCAAAACCCATTTTTGCAAAAGTTGAGCAAGGCGCATCAAGTAAAATTTTATCAAATTTCAAAGGACAAGCTTTACCTATAGTACGTGCATCTTTTAAGAAGCATTTTACAATTTTAACTTGATAATTTTCCATAGTTTTTTTTAAGGTAAAAAAACGTGTTTTAGATAATTCACAACTTGCTAAATAACCCTCATTTTGCATGAAATTAGCTAAATTTAAGCTTTTTCCACCAGGAGCTGCACACATATCCAATGCACTCTCACCAGCTTTAACACCCAAAGTTTTAGCACACAAGTACGAAGAGTAATTTTGTATATAAAACTTACCCTCATTAAAAGCTTTCATTGAGCTTAGTTTGCTTTTGAAGATACTTGGAATTTTATAACAATTCAGATCAATTTTTTCAAATTCTATATTTTCATTATTTAAAATTTCTTCTAGTTTTTCATTATCAACAAGTAAAGAATTTCTAAAAATATTAATATATTTTTCTTGATTAAAACTTTGAAGGATTTGTTCTTTTTGCTCTTTTGTATAAATTTCATCTAAAGCTGTATTTAAATCAAGTAAGGCCATAAAAATCCTTTAAAAACAAATACGCAGCTAAAGAATCAAGTTTGCCATCTTTTTTCTTTAAATTCACCATGCCAAGTTCTTGTGCATTTTTAGAACTAAAACTCTCATCGACAAAAAAAACTTCTTTGTCAAAATCAAGTAAAGATATGAAATGTTCTACCCTTTTTCGCATTTCATCTTCACTAGATCCACCTAAAGGAACTCCTACCACCAAAGTATTTACATCATACTCTTTGATGTACTTTTTTACCTCATTTGCTGCTTGATTGCGATTTTTTCTAATAATAGCTTCAAGTGGCATAGCTATACTTTTATTAATACACAAAGCAACACCAATACGCTTTAAGCCTATATCTAATGCTAAAGTTTTCATAAGCAAGCTCTTATTTTCACTCCAGATATTTCTACCAAACCCTCAAGTTCATATTCATAAACTCTATCACCAAATTTTTTTAAAACTTTTTCTAAATCATCTTCATGTTTTAAAAAACTTAATAAATCATCTTCGCTTTGCTCTTGATGAAACTCTCCAAACATTTTTACAAATTCATCAAAATCATGAATTAAATTTGCCTTTTTTGTGGCTAAAAGCAAATTTGTTCCTTCGCTTTCATTTTTCCTATGAGGTAATACATATATAGGTTTATTCATACCTAAAGCAAGTCTTGCACTTTGCATAGAACCACTTTTTAAATCAGCCTGGGCTATTACAACAACCTCACTTAAAGCAATAATAAGTCTATTTCTTAATAAAAAATCATAAGGCTTTGCCTTGTAATTACCTTCATTTTCACTTAAAGCCAAAGCATTTTCATAAATATTTAAAATTTCATTTGTGTTTGCTTTTGGATAAATCTCATCAAGCCCATTAGCAAATATAGCTATGGTTTGAGGATGGGCTATTTTAGCTGCTTGGATATCCACCCCTAAAGCCCCGCCACTTACTACACAAACCTTAGCTTTTTTTAACAAAGTCACCAATTCAACAAGACAATTTTTAGTATAAACACTCATTTTTCTAGAACCTATAATAGCCACTTTTCTAGTATTTAAAAGCTCTAAATTGCCTTTATAATAAATCTTTGAAGGCGGATTTAAAAGATTTTTAAAATCTTCAATATTCTCAATAAATTTCATTTAAATACACAAGCTCAACTGAATTTAACAAATCTTTACTTTGCACCAAGGCCTTAAAAGTCTTTTCTCTTGGATGACCAATAGCGATAGCAAAACCTTTCTTTTTTGCCTCTTCTACTGCTTGTTTGAGTTGATTTTTAATATATGTTATATCATCTTCATTATCTAAAAAAACATCTCTAGCTATATAAGGCTGATTAAACTGACTTGCTAAGTTTTTGGCTTTAGAATTTCCTATGGTTCTTGAATCAACAAAAATAAAATCATTTTGCTTAAAGGCACTAAATAATTTTTCCATAGCCTGTTTATTTGCGGTAAATAAACTTCCTGTATGGTTGTTAATAAATTTTACTTTTGGAAATTGCTCTTTTACAAAAGCTACGCGTTTGCTTATTTTTTGTATATCATCACTAGGGTGCAAGGTATTTAATTCTGCCTTGTCATATTTTATAGCAGCAAGGGGCAAATGCACCATAAAAAAGTCAAAATCCTTTGTAAACTCAGCTGTATAAGGATGGCGTTTATCAGGTGGAAAAAAAGATGGGATTAATTTTAAATTTGTTTTTTTAAGCATATCTACATGAGTGTGACTTGCCATATCATCTATAATAATTGCTAGACGAGGTTTGCTATTTTTTTGCACTAGGATTTGAGTTTTATTATCCTCATTTTTATCTGATATATTTTGCTCTTTATTGATTAATTCTTTGCTTGTATTTTGATCTATTACTTCTAAAATTAAAGTTTGATTATCCTCTTTAGTTTGATTTAACTCTGTATTTACAGGGTTTAAATTTAAAATTTCACTAATATTTTTATCTAAAAATTCTAATTTTTCATTTTCTAAAGTCAAATTTATATCATTAAAACTAAAATTATTTTCTTGCTCTTTTGTGGGTGGCAATGGTTCTTTTTTAACTATGGTTTGATTATAGTCTAAGGTTTTATTTTCTTCTTTTTTTAAAAACAAAGCTCCAAATGCAAAAAGAAAAATTCCAAACACAATAAGACAAAGTGCTAGAAGCACTTTGTATTTTTTATTTATAGTTTTCAAATTAGTTTTTATCTTTATCAACTAATTTTTTAGCACTAATCCAAGGCATCATAGCGCGAAGTTCGCGTCCTGTTTTTTCTATCAAAGAATCATTCATTAATTTACGCTCTGCGTGCATTCTTGCAAAATTTGCTCTTCTTTCTAAGATAAAATCTTTAGCAAAACTTCCATTTTGTATGTCTTTTAAAACACCTTTCATAGCCTCTTTAGTTTCTTTGGTAATAATCTTAGGCCCTGTGATATAATCTCCATATTCAGCTGTATTAGAAACAGAATATCTCATATCGGCAATACCACCTTGATAAATCAAATCCACAATTAATTTCATTTCATGTAAACACTCAAAATACGCCA
CP176583.1_gap19	995032	995672	640	ATATAACTTCACTTAAATCACTTTGTTCTTTAAGTTGTGCTTGTGATAATTTTTGCTTTAAAAAATTATTTATATCTTTTACACTCTCACAAATATACAAATCATCAACTTCTTGATATAAACTTTCTTGATTAAAAAAATATTTCCCTGAGATAATAACATTATTCCATCTAGCTGCCTCTATGGGATTATGCCCACCTATATTATCTACAAAAGAGCCACATAAAAAAACCACATCACTAATCTTATAAAAACTTTCTAGCTCACCCAAAGTATCTAACAATAAACATTTGGCATTAAAAAAAATTGCAAAATCATTTTCACTTAAAGTAAAGTTTGAAAATTTTTGCATATTATAGTGGTTTTTTTGACAAAAATCTTTTAAAATTCCCTCAACCTCTCCAAAGCGCTCTGGATGTCTTGGGGCAATAATCAATTTATCATTTTCTTCTAAATTAATTTCATCAAGCAATAATCGCTCTTCATTTTCATGCGTACTAGCAAATATAATAATCCTAGCTTTAGGTTTGGAATAGTTTTTCACTTGCTCTTGTTTTATATTAGCTTTGATATTTTTATATGCTATAATATTTTTAGCGCCCAAACACTCTAATCTTTCCTTGTCTTTTTGACTTTGTGC
CP176583.1_gap20	1066383	1069808	3425	AAAAACTGTCAAACTGGAATTTGGAAAATATCCCGAGAAAAAAATATATGTTTTTTAATACTGCTATAAAGCATTAATATAAAAAGTATATTTTACTTGATTTAAAATAAACTCTATAAACTCATCGCTATCATTAGGGCAAGCAATAAGCTCATAATCACTTTTTGCTAAGTGTCTATACTCAACTCCAAGTTCAAAAATAGTTTCAGAACAATCTATACAAAAAGATATAGGATAAATCAAAGCTTTTTGATCTAAACTTTCTAAAATATCACTTGTATTTGGTTCAAGCCATTTAACTGGACCTAGTTTTGATTGATAGGATAAAATGATTTGGTCAAATTCATTTTTTAGTTTTTCTTTTAAGATACCCACATGCTCTTGCACATGTTTTTCATACAAATCGCCTTTTTTAATCACTGAAAGCGGTAAAGAATGGGCAGAAAAAATCAAAGTTTTATAATCACACTCTTTCTTTTTTTCTAAAATATGCTTTATAATCATTTCATTATAAAGTTCATCTTTATAAAAAACATCAATGATTTTTACATTAGCTTGATTTTGGATATTTCTTAGCTCATTTTGCACCACTTCTAAAGAACTAGTTATAGTGGTTTTAGAATGATGAGGATATAAAGGAAATAAAATGATTTCATCATTTTTTTGAAAATCATATTTTGAAAAAACATCATTTGCAAAGGGTGGCACATAAAGACTAATAAAATCAAAGCTATATTCACTAGTTTTAGAATTTAATCTATCACATAAACTTTGTGTGATTTGGGTAAGCGGAGACTTCCCACCCATTTTTTCATAGTTTTGCTTCATAGCTCTTAGTCTTGATTTTCTTATCATAAAGGCTACAAATTTTCTTAAAAAAACATTTTTTATCCCTAAAATATAAGGATCATTAAACATATTTTTTAAAAAAACTTCACATTCATCAAGTTTATTAACCCCGCCCATATTTAAAAAAAATACATATTTCACTATTTAACACCTTCTAAAATTTCTTGCACTCTCAAAGCATCTTCAATACTAGCTAAATTTTCACAAACCCCATTTTGTAAAAACTCGAAAAAAGCCTCATGTTCAGCATACAAAGGAGAGTTTTCATATAAATTTGGAATTTTTTGCATATTGATAAAAAGTTCAAAATTTTTAAGATCAAGTTCATAGGTATGTTTTTTACCTAAAAGCGTGATTTTTCTTATAATGCATTGTCCATTCCAGCTATCATGAATGCTTGCTAAAATATTTTCTAATTTTAAGCTTATCATTACCTCATCTTCGAATTTATTATGATGAAAACTTTTATAAATATTTGCTTTTAAAATTTGCTCTTGACTTAAAAATCTAACTAAGTCAATATCATGCACACCAAGATCACTTAAAACACCTACATCGTTTATTCTTTGTGGATAAGAAGAAATTCTTTGTATGTTAATACTTATAATCTCATCTTCTAAAAGTTTTTCTTTTAAAGTTAAAATAGCAGGGTTAAATCTCTCGCAAAAACCCACCCCTACTCTGACTTTGTTTTCTCTAGCTTTTTGCTCTAAGATTAAAATTTCATCTACATTTAATGCCAAAGGTTTTTCTATCAAAATATTTTTTATTTTAGGAAAAACCTTTAAAGCTATATCTAAATGCGTATGAGTAGGCGTAGCAATGATAACACCATCAAGATTTTGCGCCAAAAAATCATCAAAATTTTTATGAAAAAAGTGTTTAAATTCATCTTTGTAAAAAGGATCATAAAGATGAATTTCTTTTACTTTTAAATTACGCTCGAGTTCTCTTAAATGGTTTTTACCCATTTTACCAAGGCCTATAAGCCCTATTTTCATTTAAAAGCCTCTATCACTCTAGCTTGGTGCTCTTCTTTTAAAAATGCACTCATAGGTAAGGATAAAATTTCATCACTTAATAGCTCCGTATTTGGCAAATCTCCCTTTTTATAAGCAAGATAATCAAAAGCTTCTTGTAAATGAAGCCCTAAAGGATAATGCACCGCAGTAGGTATACCTTGCTCTTGTAATTTTTGCATAAAATTTTCTCTATTCTTTACACGCACGCTATATTGAGCCCAGGCACTCATAAAACCATCTTTCCTTGGCGGTAAAATACAATTTTTTAAATTTTCATCATAAATTTTTGCTATTGCTTCTCTTTTTTTAATCTCTTCATCTAAGTATTTTAATTTCACATTTAAAATAGCTGCTTGGATGGTATCAAGCCTTCCATTAATACCGATGTATTTATGCTTATATCTTTGCACTTGTCCATGATTTAAATAAATTTTTATTTTTTGCGCTAATACATCATCTTGGGTAAAAATCGCTCCACCATCTCCATAAGCACCTAAAGGCTTAGACGGAAAAAAGCTTGTACAAGATATATCAGCTATAGCACATGATTTTATACCCTTTTGACTAGCTCCAAAACTTTGCGCACTATCTTCTATCAAAGCAATATTTTGACTTTTACAAAGCTCTTTTAGAGCAAACATATCAGGCATAAGCCCAAAAATACTCACAGCAATTACAGCTTTAGTTTTAGGCGTGATAGCACTTTGAACTTTTTCTAAACTAAGATTATAATCTTTAAAATCAATATCCACAAAAACAGGCTTAGCACCGATTAGAGCAACCATTTCAGCTGTAGCTATAAAGGTAAAACTTGGCACTATTACCTCATCATCTCTACCCACGCCCAAAGCCATCAAGGCTAAAAATAATGCACTTGTACCACTTGAACAACCTATTGCGTGTTTAATACCTACATATTTAGCTAAATTGTTTTCAAATTCTTCTAATTTTGCACCACCTATAAAAGAGCTGCTTTGTAAAACTTCACTAATAGCCTCATCGATTTCATTTTTATAAGCATTATATTGAGCATTTAAGTCTATAAAAGGAATTTTCATTGTATTACCTTAGTAAATTTAAAATCATGATTATAAGATAGTTTTACTTAATTTAAAGTATTTTTGGTATTATTTTAAGCAAAAAACTAGCTAGGAAAATCTATGGATATAAGAAAAGAATATTTAGAATTTTTTAAGTCAAAAGGACATGAAATCACTCCTTCAAGCCCTTTAGTTCCTGATGATGCAACTTTACTTTTTACTAATGCAGGTATGGTGCCTTTTAAAAGCATATTTACCGGAGAAATACCACGCCCTAATCCTCCGCGTAAAACAAGTTGTCAAACTTGTATAAGAGCTGGTGGAAAACATAATGACTTAGACAATGTAGGCTACACAGCAAGACATCATACTTTCTTTGAAATGCTTGGGAATTTTAGTTTTGGAGATTATTTTAAAGAACAAGCTATTGCTTATGCTTGGGAGTTTGTAACTGAGGTTTTAAAACTACCTAAAGAAAGACTATATGTAACTGTACATGAGAGCGATGATGAAG
CP176583.1_gap21	1076988	1079193	2205	GATCCAATCGAAGGAGAGGCTTTAGCCGAAATGGAAGAGCCATATATCCATCACTGTGCTGATGGCAATGCTACTGTTGCTAGATTAATGGTTAGAAGATTAATTCCTGATGTATCTAAAAAAGGTAAAGATATGGACGAGATTACCTTGGCTCATTTTGATTATTCTAAACTTGATCTTGCTAAAAACAAAGTACGTTTAAGATTAAACAGCACTGTTATAAATGTAGAAAATACAAAAGATGGAGCTTTAGTAACTTACGTTAATAAAGGCAAAAATTACAGAGTAAAAGCTAAAAAAGTTGTAATGGCAAATTATAATAGTATGATTCCATATATAGTTCCAAGCATGCCACAAGATCAAAAAGATGCTTTAAGCAAAAACGTAAAAACCTCTCTTTTGCACACTAAAGTTATCATAAGCAATTGGGAGCCATTTATAAAACTTGGGGTTCATGAAATTTATTCACCAAAAATGCCTTATGCTAGGACTAAACTTGATTACCCTGTGGATATGGGAGGATATCACCACCCAAGAGATCCTAAAAAGCCTATTTGTGTTCACATGGTTTGCTCTCCTTTAGCTTTTGCAAACATCCAAGGGATTGATCTTGATGGAATGGATGCAAGGGATAGAGCTAGAGTAGGCAGAAATTTATTATTTACTATGAGTTTTGAAGAGCATGAGAAAATTATTCGCGATCAGCTTCAAGGTATGCTAGGCTCAGCTGGATTTAATCATGAAAAAGACATTAAAGCTATAGTTGTAAATCGTTGGGGACACTGCTATTCATATACAGAAAACAGTCTTTTTGATGATAGCGAAGAAGCACAAAAAACTATAGAGCTTGCAAGAAAACCTTTTGGCAATATCGTTATAGCAAATTCAGATTCTGATTGGTCAGCTTATATGCATTCAGCAATCGATCAAGCATATCGTGCTGTTAACGAACTTTAACAATCAAACTCCTTTTTAGGAGTTTGATAAATCAATCATCGTTTTTGATACCAATATAAATTAAAGCTAAAAGCATATAATTTACTAATCTAGTAGCATCAGGCAAGCCATTCCAAGTTTTACTCATCCACATACCAAACCACTCCGCAGCTACCACTTGAAAACCAAAAAACCAAAGCAAACAACAACAAGTTAAAGCAATAATTCCAAATTTTTTAGCTTCATGAAAAGTTTTTGCATCTGAATTTCTTGCATTAAACATATCCAAAGCACCTTTTAAAGCAGTTAGCATAATAAAAGCTTCAAAACAGATAATAAAAATATAAGCAACATGATGAATAGTAGGATTTGTAATAGCTCTATAAACAATAGCATTACCTAAATAATCAGGTTTAGTATCCATACTCATAACATGCTTTACAAACTGAAAATTTGAATTATAATCAGTTATATTGCCAAAAACAACAATAGCCGCTAAAGAGGCAACTGTAAGTAAGATAATCATTTTAGAATATCTTACTATGCTCGTCATAGAAAAACCGCAATTGCAATTCATTATGATACTCCTTTTTGTTAAAATTATATTAATATAATATAATAAATATTAAACAAAACTGAAATATCTAACGCAATCTTAAAGAATTGACTACAACTGTTACCGAACTAAAACACATTGCCAAAGCTGCCAAATGTGGACTAAGTGTTATAAATGGCACAAAACCTGCCGCAATAGGAATACACAAAGCATTGTAAATAAAAGCCCAAAAAAGATTAAACTTGATGATGTTTTTAGTTTTTTGAGAAAGCTCAAAACAATAAGCTATTAAAGATAAATCATCTTTTATTAAAATCAAATCTCCGCTTTTTTTAGCAAGCTCACTTGCTTTGGAAAAACTTATGCTTGCACTAGCTAAATTTAAAGCAGGAGCATCATTAATACCATCTCCTATAAAAAGCACTTTTTCTTTTTTGATTTTTTGTTTTATAAAATCAAGCTTTTGCTCGGGTTTTAAGTCAGAATAATATTCATCAATATCTAATTCATTTGCTATTTTGGCAACACTTTTTTCATTATCACCACTTAAAATAATGCTTTTTATATCTTTTTGTTTTAAATTTGCTATCAAATCCTTAGCTTCATTTTTAAGCTCATTTTTCAAGCAAACCCCGCCAAGACAAATTTTATTTTTTGCAAAATACAAACATATGGGTGCTTGATCTTCAAATTCTTGCAAAAATTGCTTGCTT
CP176583.1_gap22	1115753	1119850	4097	CTGGTATATAGCAGGTCGCGCTCCATGGAGTAATGCATATGAGAGCATGGTTTATATAGCTTGGGCTTTATCGTTATCTGGAATTTTCTTTTCTAGAAAAAGTCCTATTGCACTTTCTTTAACTTCTATTTTAGCAGGGGTTACTTTAGGTGTAGCTCATCTTAGCCAAATGGATCCACAAATTACCAACTTAGTTCCAGTGTTGCAATCATACTGGCTTACTATACATGTTTCAGTTATTACTGCTAGCTATGGATTTTTAGGACTATGTGCATTATTGGGTATATTTGTACTTGTTTTATTATGTATGCTAAAAATCAATGGTAAGCATAATGAAAATATTTTAAGAAATATTACAGAAGCTACAAGAATTAATGAAATGGCTATGATTTTAGGACTTTGCTTACTTACAGTTGGAAATTTCTTAGGTGCTATATGGGCAAATGAAAGCTGGGGAAGATATTGGAGCTGGGATTCTAAGGAAACCTGGGCTTTAATTAGTATTTTAGTTTACGCAGCTATTTTACACATTAGAATGGTGCCAAAATGGGCAAATCAATATACTTTTGCAGTTTGCTCTATGTTTGCATACTGGGTAATTATCATGACTTATTTTGGAGTAAATTACTTTTTAACTGGCATGCACTCTTACGCAGCAGGAGATTCAGTAAAAATTCCTGATTATGTATATTGGGGCTTTTTATTTATGGTTGCACTCAGCATAGCAAGTTATTTCAAAAGATCCTATGCAAGAAAATTATAGAAAGGCTTTAAATGAATAATTCTCTTTTTATATTTTTAATTGTAGCTTTAGTTGTTGTTATTATACTTGGTGTTCTTTTGGTATTATTTTTTACCCATAAAGATAAACAACCCAACAAATCTAATGCAACCAAAGCTCCAAAAATAAGCAATATAGAAGACTTTATTTCCAAAGCCAATGGAGCAAAAAATTCTCAAGAAATTCAGGCTTTAATCTTGCAATTTTTAAATTCACAAAAATTTGGTTCCAATCCAAAAGATAGCGCAACCAAAAGAAAACTTGATTTTATTAGTGCAATTTCAGCTAATGCTAATGCCACTCCTAAAAATATTTCATTTTTAAATAATGAACTAAAAAAGCGTTATAAGGCCTTAAAAAAGGAAATAGATGCTTATGAGCAAATAGGTCTAGCAAAAAGAAAAATGAGACAATCTTAAGGGTTTTGAATGAAAAATATTAGAAATTTCTCTATCATAGCTCATATTGACCATGGAAAAAGTACACTAGCTGATAGAATTATTAGTGAATGTGGTGCAATTAGCGATAGACAAATGAGCGCTCAAGTAATGGATACTATGGATATAGAAAAAGAACGCGGTATAACCATAAAAGCTCAATCTGTACGTTTAAATTATAAATTCAACAATGAAGAATATGTATTAAATTTGATAGACACTCCAGGCCATGTTGATTTTTCTTATGAAGTAAGTCGCTCTTTAGCAAGTTGCGAAGGAGCTTTGCTTGTTGTTGATGCTTCACAAGGAGTAGAAGCTCAAACTATAGCTAATGTTTACATAGCCTTAGAAAATGATCTTGAAATCATACCAGTGATTAATAAAATAGATCTTCCTTCGGCTGACATAGAAAAAGTTAAACACGAAATAGAGCATATTATAGGCATTGATTGCTCTAATGCAATTTGTGTTAGCGCAAAAACAGGTGTAGGCATAAAAGAACTCATAGAAACCATTATTACAAAAATTCCTGCGCCAAAAACCGATGATGAAGCACCCACCAAAGCTTTAATCTATGATTCTTGGTTTGATAATTATCTTGGAGCTTTGGCTTTGGTTAGAATTTATGAGGGAAATATAGCTAAAAATGATGAAGTTTTAGTTATGAGTACAGATAAAAAACATCTTGTGCAAGATCTTTTTTACCCTCACCCATTAAGCCCTATAAAAACCAAAAAATTAGAATCAGGTGAAGTAGGTGTTATCGTGCTTGGACTTAAAAATGTTGCTGATGTTCAAGTGGGTGATACTATAACGCTTACCAAAAACAAAGCAAAAGAAGCCATTGGTGGTTTTGAAAAAGCTAAAGCTTTTGTTTTTGCAGGGTTATACCCTATAGAAACAGATAAATTTGAAGATTTAAGAGATGCTTTAGATAAATTAAAACTCAATGATAGTTCTATTACCTATGAACCTGAAACATCACTAGCTTTAGGGTTTGGTTTTAGGGTTGGTTTTTTAGGTCTTTTGCATATGGAGGTTATTAAAGAAAGACTTGAGCGTGAGTTTAATCTTGATTTGATTGCTACTGCTCCAACCGTTACTTATGAAATTTATCAAACTGATGGAGAAGTTTTAAAAATTCAAAATCCAAGTGAACTACCTCCGGTAAATAAAATTGATCACATAAAAGAACCTTATGTAAAAGCAACTATCATAACTCCAAGCGAATATTTAGGAAATTTAATCACTCTTTTAAATCGCAAACGTGGTATGCAGGTTAAGATGGATTATATTACCCCTGAGCGTGTTTTACTTGAGTATGATATACCTTTAAATGAAATCGTTATGGACTTTTACGATAAACTCAAATCACTCACTAAAGGCTATGCTAGTTTTGATTATGAGCCTATTGAATTTAGAGTGGGTGATCTTGTAAAACTTGATATTAAAGTAGCTGGTGAAAATGTTGATGCACTAAGCATCATAGTACCAAATGAAAAGGCACTAAGCAAGGGTAGAGAATTAGTAAAAGCGATGAAAGAAATCGTCCCAAGGCAGCTTTTTGAAGTTGCTATCCAAGCAAGTATAGGAAATAAAATCATCGCAAGAGAAAATGTAAAATCTATGGGTAAAAATGTAACCGCAAAATGCTATGGCGGGGATATTACTAGAAAAAGAAAACTTCTTGAAAAACAAAAAGAAGGTAAAAAAAGAATGAAAGCTATCGGTAAAGTACATTTACCTCAAGAAGCATTTTTAAGTGTTTTAAAAATAGACTAAATCCCTAGCTTAGAACTAGGGATATAAATTTATGCATTGATATCTAAAGAATTTCCACCCATTTCATTGATTTTTTGAGTTACTTTTTCAATAGCCTTATCAATTGTTTCATAGCTGATATCAGGAAGTTTGCCACCCCACATTTTTTCCGCTTGCGCAAATCCTGCCTTTAGACCTTCTAAACCCTTTTGAAGTTTTTCCATATCATCACCAGCCCCATTAATAACAAAATCAGCCAATCTTTGAGATGTTTTTGCTACACCAAAATATCCATCTTCCCCAATAAGCTCTTTTGCTTCATCAGCATTTAAACTAAGTATATCTTTACCTTCATATCCTATAGCTTTAAAATCTACATTTGATAAAATAGCTGTTAAAGAATCCTTAGATTGAGCTCCTTGAAAAATCCCAACTTGAGCCAAACCATTAGAGGAACTCATACTAAATGCTTGTTGCATAAAACTCATAGCATAAAGTTCTGTTATGCCTTTTCCACCTATGCTAGCAAGCTTATTAAGCTTATCCTCATCAATATCTTTTGTGCTATTAGCACTTTTAGTATTGACATCTTCAAGTTTTGTATTCAAATTAGCCTTCCTATTGCCAACTTGCGACTCCACTGCCACACGTGAATACGAATTTATTTGCATCCTTGCTCCTTTTTTGTGGGTTTATAAAAATCGGATAAAAAGAAATAAAATGAATATTAAGCCAAAAATAAAGACTTTTGCAATATAATATTTGTATTATATTAATATAGGATTTTTAAAATTTAGGTGATTTATGTTTTTCAAAGATTATTTTATTGAAATTTCAGATCCATATTTTAAAGATACTATAGAAGGCATAGAATCTCTCTATTAGCTTTATTTTATTCGTAAATTATCAAACAGAACGCAAAATAAACACTAATAAGGAAAACTATGTCATTACACAATTTTTATACTAATACAAACGCTACTATATTGTTTTACAAATGCGCCCTACCTAACATGGCAAGTGCTGCATTTATATATCTTTATGTTATCATTGATGGGGTTTTTGTTGGAAGATACTTAGGAGCAGATGCTCTTGCTGCTATGAATTTAGTAATGCCC
CP176583.1_gap23	1139770	1140593	823	TATGTGCTCTAGCTCTAGCTTTTTGCAACTCATAAATCGTTCTTCTAATAATTACAGTTTTTCTATGATTTAAGAATAAATTTAAAAGCTCAATTAAAGAAAAAACTTTTGGTTCTTTATTGTGTATAGCAAGCATAATCACACCAAAAGTGCTTTCCATAGTGGTAGATTTAAAAAGATTATTCAACACAATCTCACTCATAGCATCGCGTTTTAGTTCAATCACCACGCGAATTCCTTCTCTATCACTCTCATCTCTAACTTCAGCAATACCTTCGATTTGTTTTTCTTTAGCAAGTTCAGCAATTTGCTCTATTAATCTTGCTTTGTTGGTTTGATAAGGAAGTTCATCTATGACGATAATATCTTTATTAGCTCTTTTTTCAATATGGGTTTTTGCTCTTACTTTTACCCTACCACGACCTGTACGGTAAGCTTCTATAATACCTTTTTTACCAAAGATAATACCACCGGTTGGAAAATCAGGGCCTTTGATAAAATGCATGATTTCTTCTAAGCTTGCATTTTTATTGTCAATTAAATAAAGCAAACCATCAATAAGCTCATTCAAACTATGCGGAGGAATATTAGTAGCCATACCTACTGCAATACCACTTGAACCATTAAGTAATAAATTTGGCACCCTAGCAGGTAAAACATCAGGCTCGCTCATAGAATCATCATAATTTGGTATAAAATCAACTGTATCTTTTTCTATATCACGCAAAAGCTCTTCAGCTAAAATCGTCATCCTAGCTTCAGTATAACGCATCGCAGCAGCACCATCACCATCAATAGAACCAAAGTTTCCTTGCCCATCCAC
CP176583.1_gap24	1285032	1286486	1454	GAAAAAAGAGCGGCGCAATTTGCTCCATTTTCAGTGCTAAATGGCTTTAGCAAAGCTATTTTAAAAACGCAAAAAGATATGGAAAAAGCATTAGAAAATAGCAAATATCAAGAAGAAAGCTAAGTTCTTCTTGATAAAATTTTATTTTACATTAGAGTATTTTTCAAACTCTCCACTTTCGTCAATTTCATTACCATAAAGTTTGTGTAATTCATAGTAGTATTTTACAAATTCCTTACACTCTTCATCAAGTGGTAAAAACACCTCATCTTCTAAAAGACAAAACTCATCTAAATAATTTTTAGCATCTTCTTTTAACATATAATGTCTTGCTAACTTATAGTAATTTTGCATAAACACAGCTTTAAAGGCTTCATAAGCCTCCTCATCAAATTTAATGTTTAATTTCTCATTTGCAAAAGATAACACCCCTGATTTAAACAACAATGATAAATGAATCAAACCTTCTGTATAATAAGGCTTAACCTCCTCTACTCTTTGCCAAGCAATCAATCCTATAGCCCTTTTAATAAGCTCATAAAACACAGGAAGCTTTAAGTCATCTTCTTCATGCAAAAAGAAATTTACAAGCCCACCCGCAGTAGCTTTAAACTCTTCTATATTTTTAAACACACCACTTTCATTCATTTTCTTTTCGCTATCATTTGCCACAAAGAAAATATGCCCAAACTCATGACCTATAGTGGAAACTTCATAAATTCTTTTCCATAATTTTTCATTATAAAATAAAATTTCTCTACCATAATCTAAAAATTCTTTTTCAAATACCATAGAAGAAAGCTTCATAAAAGGCTTGGTTTTAGCATTTTCATAAACATAATTTAAAAAAGCAAAAATCTTTTTGCCTGCTATATTGCTTACATACTCATCATTTGGTACTACTTGAGCAGAAAAAAGTCCCTTAAGCTCTGCTCCATAAAAAATCATAGGCATACAAATATAAAGCTGAGTTTTTTCAAGATTAAAATTCACTTCATCAAACAAAGCTTCATCTTCTTCATCTAAATTTGCATACACCATTGCAAAGCTTTCTTTGATTTTATCTTTAAACTCACTCGCATTAAAATCACTCACATCTTCTAAGCGTATATCCCACTCAAGTGCTACTGCATGTGTGTAAGAGTCTTCATAGTATTCTAAAGGATGACCAATTTGTAATGGGCATTTTACTTCCATCCACGCAAGCTCTGCTTCTTGCCATTTTTTAACCACTTCATTATTATCTTTTTCACAAAAAGCAAATTTTAATTTTTCTATATAATCAATATAAGCATTTTTTTCATCATCTAACACACAATTTCTTAGTTTTTCTAAAAGTTTATCAAACTCATATTCAAGCTTTAAAACTTCATTTTCAAAAGCTTTTGCATAAGGTAAAAATCTCCAAAGTGTTCCTATTTTAACTAAAGCCCCATAGCTTCTTTCACAAATTT
CP176583.1_gap25	1312969	1315883	2914	ATTTGATAAATGATCATCTCCTCTTATAACATCACTCACACCCATTAGTGCATCATCAATTACAACGGTTAGATTATAAATTGGGCTACCATCGCTTCTTGCAATTACAAAATCATCTAAAATATCTTCAGCCTTAAAACTAACCTCGCCTTTAATACCATCTATAAATTTGATCTCTCCACTTTGTGGTGCTTTTATACGCACTACAGGCTCAATACCACTTGGGGGGGTTCCTTTAAAATCTCTATATCTACCATCATATTTTGGGCGCTCTTTAGCTGCTTCTTGCTTAGCTCTTAACTCATCAAGCTCTTCTTTGCTCATATAACAATAATAAGCCTTACCCTCATCTAGTAATTTTTGAATGTATTTTTTATAAATATCAAATCTTTGGGATTGATACTCAATCGTCCCATCATAATCAAGCCCACACCATTTAAATGCTTCTATAATAGCTTGTGTAGCTTCTTGTGAATTTCTTTTTAAATCCGTATCTTCAATACGCAATAAAAATTTACCCTTATTTTTTCTTGCATAAAGATAATTATATAAAGCCGTTCTAAGCCCCCCTATGTGCAAATATCCTGTTGGAGAAGGAGCAAAACGCGTTGTGATTTCTTGCATATTTTTACCTTTTTTAAATTTTTATTGTTATAATGCTATATTTACACTTAAATAAAGGTTTTATATGAGAAAATTTTTAATATCTTGTTGTTTTGCTGCAAATATTTTATATGCTCAAACCCTTGGTGGTGTGGCAATGGTAGTAGAAAATCAACCTATTACTCTTTATGATATAGAACAAACCATGAAAGAATTAAAAACCAACGATAGACAAAAAGCTATAGCATTTTTAGTAGATGATAAAATTCAACAAAGTGAAGCTAAAAAGTTAGGAATTTATGTAAGTACTTTTGAACTTAATGAAAAATTAGCCCAAATAGCAAAAGGCAATAAAACTGACATTAATGGTTTGCAAGCAAAGATAGAAAAAGACGGTTTAAGTTTTGAAGTTTTTAAAAACAAGATTAAAAAAGATCTTGAAAGAGAAAAACTTTATAGAAGTATAATGCAAAATGCAAAAATCAATATCGATGATGAAACACTAAAACATTTTTATGAAAGCAATCTTGATAAATTTAGCACTTTTTCAAATATAGACTTAGTTGTTTATAATTCTACTAATCCAGAACTTTTACAGCAACTTGCACAAAATCCTATGTATAAAAATTCTCAAATCAAGTCAAAAGCCATTAGTTTAAATGCGGCTAGTATAGATCCAAGATTACTTGCTTTATTAAATAATACCAAAATAGGAGAATTTACTCCGATATTAAATGGTGAAAATGCCTATATAGTATATTTTGTAAAAGAAAAATATGGTAAAAACCCTATCGAATTTGACTTAATCAAAGATCAAGTTAGCAATGTCTATACTCTAACCCAAAGAGAACAAGCCTTAAAAAATCATCTTGATAAAATAAGAGCAAATGCTCATATAGAAGAATTAAGATAGGTTTAAAAAACCTATCTTAATTAATGTCTTGAAAGATAATTTGTATCATAATTATTATTGATAAAATCTGCATTATCCATCATCGCTAAATGAAAATCTTTAGTTGTTTTTATCCCACCTACAATAAGCTCTTGCAAGGCTATTTTCATTTTAGCTATAGCTGTGTTTCTATCTTCTCCCCATACAACTAATTTTCCAATCATAGAATCATAATAAGGAGGTACGCTATAATCTTGATAGCAATGGCTTTCCATTCTTACATTGCGTCCTGCAGGAGCTACGTATTTTGTGATTTTACCTGGGCAAGGTAAGAAAGTTTTAGAATCTTCAGCAGTGATTCTACATTCTATAGAATGGCCTTTAAGTTTGATTTCTTCTTGTTTTGGCAAAGGATACCCTTCTGCTACTTTAATCATAAGCTCGATAATATCTACCCCACTTACCATCTCACTCACACAATGCTCAACCTGCAAGCGCGTATTCATCTCGATAAAATAAAAATCTAAATTTTTATCCACTAAAAACTCAAAAGTTCCTGCACCCTCATAATCAATAGCCTTAGCAGCTTTTACTGCTGTTTCATGAAGTCTTGCTCTTGTTTTTTCATCTAGTAAAATTGCAGGAGATTCTTCTATAAGCTTTTGATGGCGTCTTTGCATAGAGCAATCTCTCTCACCCAAATGTATCACATTACCAAAGCTATCTCCTATGATCTGCACTTCTATGTGACGTGGGTTTTGGATGTATTTTTCCATATACATAGTTCCATCACCAAAAGCACTCATCGCTTCACTTTCTGCTGACCAATAAGCTTTTTCTAAATCTTTTTCATCTTCAACTACACGCATACCACGGCCACCACCGCCTGCTGCTGCTTTTAAAATCACAGGATAGCCTATTTCTTTGGCAAGCTTTTTAGCTGCTTCAACCCCGCCTAAAGCTCCATCGCTTCCTGGAATTACAGGCACACCTGCTCTTTGCATTACTTGTTTAGCTTTACTTTTATCACTCATTAGCGCCATAGCAGCTACCGAAGGACCTATGAATTTAATGTTGTGTTTTGCACAAATTTCAACAAAATTTTGATTTTCACTTAAAAATCCATATCCTGGAAAAATCGCATCCGCTTCGCTAATTTCAGCCGCACTAATAATAGCTGGGATATTTAAATAACTTTCTGAACTTCTAGCATTTCCTATACAAATACTCGCATCAGCATATTTTAAATACAAAGCATCTTTATCTGCAGTAGAATACACACAAATTGCTTTTTTTCCCATTTCTTTTACAGTTCTTAAAGCTCTTAATGCAATTTCTCCACGATTTGCTATTAAAACTTTTTTAATTTCCATTTTATAATTTCTCCACCGCAAATAAAGGCATACCAAATTCTACAGG
CP176583.1_gap26	1428307	1430127	1820	ATTGCCCCGGATCACTAATACCTGGCATACCCGCATCACTTAAATATGCAATATCTTGTTTAAAAAAATCACCATCTATTTTTGCTAAAAAATCTTTTTCATTATGCGTGTGTAAGGCTAAATATTTATCAGGTTTTATTTCTAAATTAAATTTTTCATTAAGGAGATGGACTAAAGATTTGCAAACTCTCGTATCTTCACATAAAAAGAGTTTGCATTTTTGTAAAATTTCTAAAGAATGAAAAGAAATATCGTTTAAATTTCCTATGGGTGTAGGAATAAAATATAACATTATTGCATTGCGTATTTTTTCTTAAATTTCTCTACACGACCCGCGGCATCTACGATTTTTTCACTACCTGTAAAAAATGGATGACAACTTGAGCAAATATCAACTTTAATTTCTGGTTTATTTGACTTAGTAGTAAAAGAATTTCCACAAGCACAACTAACTTTGCATTCTACATATTCTGGGTGAATTTCTTTTTTCATTGTTTATCCTTTTTCAAAACATTAAGGCGTAATTATATAGATTTTTATATAAAAAATAGCTAAATTTAAGCGTGTTTTTAAATTATGAATTTTGAAGCAACCCCTATTAAAGCTGTTTGCGCTTTGAGTATGAAATTAGCTTGTAATTTTGCTTTTTTTACATTCTCTTCTCTTTCTTTTTGCGAAAATCCACCTTCAGCGCCTATTAAAAACACATGCTCACTAGGTTCAAAACTCGTCAAATCTTCACCTTCAAAGTCTATCAAAACAATGTTCTCATAAACTTGCTGAAATTTTTTAAAATCATCAAAGCTTTCAAGATCCATTAAAGAAGCGCGACCACATTGTTGGGATGATTCTATAAGAATTTTTTCCATTCTTTTAAAATCTAACTTAAAATTTTTTTGTGAATAATCCATATACACAAAAGAAAGCTTTGCTACTCCAAGCTCGTTTAAAAAAGGCAAGGTTTTTTCTATAATCTTTGGATCAATCACTGCTAAAGCTAAATGTAAATGCGTTTTTAATTCTTGTTTTTCTTCTTTTTTATCAAGCAAATTTAATACGCAAGAGCGTCTAGAAAGCTCTATGCATTCATAAGTATAAGCAAAAAAATCTTTTAAATTTTTTAATATGATTTTATCACCTACTTTAATTCTTCGAACCTTTAAGTGCAAAAAAGCTTCATTTTCTAACTCTAAATTTAAAACACCACTTTGTGGGTGATATAAAAATCGCATTAAAAATAAAACCTTTGAAGCAAATAAGGTACAAAAAGTAAAAATATACCCAAACACAAAATAAAAAAGCTTAAAAATCTAAATTTAGCATAACGCTTAAACAATCTTGCTTTTTTAAATAAAACAAATTGATAAATAGCCAAAGCAAAAATCAAAATCCAACAAAACCACATAGAAAGTATGTATAAATTTAGCTCAAAATGCTTTAAAGCCCAAAGCAAACTTCCTGTAAAAAGTGTAATTGCTAAAAATAAATAATAAATTGGCAAAAACAGGCGAATTCTTTTTATAAAAATAAACTCTTGTGAAAAACTACTTTGAGTTAGATATAAATAAAACAACATTAAAAAGCCATTTGCATATAGGCTGTACACATGCAATGCTAAAAAAAACTCATAACTTTGATCCATCACTGTCCTTGTGTGCTATTTTCATCTTTGATATCATCATCTACGGGTATAGGCAGTGTTTCATCATCTATAATAACATTAGAGTCACTTTGCTCAATTTGAACTTGTTCAGTTTGCACTTCTTTTTTTGTATTGTTATTTTCTTGATTTGAGCAAGCCATAAAAAATAACAATGGCA
CP176583.1_gap27	1451128	1451767	639	ACTTATTATCAAAAAAATAAATTTTATGATATTTCAAAATGAAACAATTTTTATCTTTATTGCAAAAACACTTTTTTATGGCATATATCTTGTAAGATTTTTTCTTGATGAGAAATAAATATATAAGTAATATCATGCGTTTTTTGAAAAGCATACAAGTAGTTTAAAATTTTATAAGCGGTCACCACATCAAGCGCTGCTGTGATTTCATCTAAAATAAGCAATTTTGGCCTTAAAAGCAAAGCTCTAATCAAACCTAATCTTTGACTTTGACCACCACTTAGCTTAGAGGGTTTTAAATTTAAAATATCTTTTTCAAGTTCAAAAGCATCAAAAAGCTTAAAAAGCTCTTCAAAATCGGGCTTAAGTTTAAAATTTTCATATACATCAAGCAAAAGTCTTTTAGTGCTTTTGTAAGGATTTAAAGCTAGCTTTTGATCTTGGAAAATATATTGAATTTTTTGGCGTAATTTTCTTTGAGTATTAAAATCTAAATTTAATATATTTTCATTTTCAAACAAAACTTCTCCAGTATTTGCACGTTCAAGCATACAAAGAATTTTAGCCAAAGTGCTTTTGCCACTACCACTTTCCCCACAAAGCAATAAATTCTCATTTTGATTTAAAGCAAAACTCACA
CP176583.1_gap28	1457038	1458531	1493	ATTTGAATGGTGTTGGTTGAAAAAAGCACAAAAAGCATTAAACACACTGCAAAAACCAAATTTGCCTCGCTTAAAATTTTTAAACCCTTTGTCAAACCGCTAATCGATGAAAGCGTAGCTAAAGAAATGATGATGATTATAATCACGCTTTGCTCTAAAAAGCTTTGTTCGTTTAAAATGCCTAAATTTAAAAAGCCAGCATTAAGCTGAGAAGCACTATAACCAAGCGTAGTGCTAATGCCAAAAACCGTGACAATTAAAGCTAGTATATCAACTAAATTTCCCCAAAAACCATAAATTTTTTCTTTAAGCAAAGGGTAAAAAGCACTACGCAAACTAAGAGGCATTTTATATCTAAAACCAAAATACGCCATAGCCAAAGCACACACCCCATAAATAGCCCATGGGTGAATTCCCCAGTGAAAGATAGTATGTAGCATAGCTTCTTCATCGCTTGTTTGTAAGGCTTTTTTATGTATGAGAGGTTCAGCCACACCAAAATACATAAGCCCCACGCCCATGCCCGTAGCAAAAAGCATAGCAAGCCATGAAGTGAATTTAAAGTGAGGTTTTTCATCATCATCGCCGAGCTTGATATCGCCAAATTTGGAAAGTGCGAGTGCTAGCATAAAACACACAAAAAAACTCACGCTTAATATATAAAACCATGAAAAATTTGCAAAAATCCCGCTTTTGATATGGTTTATAAAATCATTTGTAAGCTTAGGTAAGAAAATACAACTAAGACTTAAGATGATTATAATGCTAATGCTTGGAATAAAAACTGATTTTTTAAAACTTGTCTTTAGCATGGTGCTCCTTTTTGGATAATTTTCATTATACCATAAGCTAAAAACGAGATAAAAACCTATTTACAATAACCAATATAATGCTTTATAAGAAAATCTTTCAGAGACTTAAGTGCTATGTGATTAAAATCAAAAATTTCAGCATAAGAATTTTTTCTTGCTTTTTTAGCTTTTTCATCATTTGATGGAAAAAAACCTAATGCTTCAAAATAAGCAAATCTAGCTGATTTTTTATGGATATTTTTACTATATTGTGGATTAAGCTTTTCTATGCATTTTTTATAATTTTCAAAGCACTGACAAATTTGTGCTTCTTTGGCTATGGCAAACAAAAGGGTTTCTAGTTCCCCATTTTCAAAATTATTTGGAAAAAGAAAGATATTTTCATCTTGTAGTAAATCTTTACTTTCTTTTTTAATCCTTTCTAATGTTGAGTTAAAATTTTTATCTGTATCAAAAATAAGTAAATTTTTTTCATTATTATCTTTTGCTTCTTCCATTTTAGATATAGCATCTTCATCAAGATGATTTTTTCCACATGGTATTATATTTGCATTTGGAAGTTTTAAAAAATTTAAATATTGTTCTAAAAATTCTTTATCATGCTTTCCTTCTACAAAAATATTAATTTTCATTATTTTCTCCTCTAGGATCTATCCTATCAAGAGTGAAATAAGCTTCGCC
CP176583.1_gap29	1585342	1586928	1586	TGAGTCAAGATACACCATATTACAGCGTTGAAGATGCTAACTATACCAAAGGACTTTTAAATTCCAAAGGAAGTTTTATAGCTACACTAAATGACTTGCCTTATAGTTTTAAAGTGAATGTGGATTTTTCTAATAATTTTTTTGCAAGTAATAATGCCATCGTTTCTATTTTAAATGAAAATGAAGACTTAAAAGGCATTTTCCCAAATGAAGAAATCTTTAAAATATTAGTTAGTGCAAAAGGTGGAGACATTAACATCAATGCAAAAATAAATGATATTAATTTTACCCGCAATGATACAAATTTAGTTTTAAATAATACATCTTTTAAGATTACAGGTTCTGAGGAATTTGTAAAAAATATGGAACTTAATCTAGGTTATGTTTTATTAGAACAACTATCTCATGAAGAAAAATTAGAAGCAAAAAATATCAAAATTTCTGAATTTCCTATACAAAAATTAAGTTTTAGTGATATTTTTAGCCCTAGTAGAAATAGTGAGCAAAACATAAGCATTGATAGTGCTAATTTTATAAGTTCTATTGCTTTTGACTTTGATAAATTAAAAATTTTTGCAAAAACAGCTCAAAATGCTCAAAATGATTATGATAGTGTTTTAAAACTAGATTTAGCTAAATTTAATCTTGCAAATGAAAACTTTATGCTAAACAACATTAATTTAGATATGAATTTTAATAATCTTTCTAAAAAAGCTTATGATAGCTTAGTGCAAAACTCAAATACTGATATTTTTTCTATGATGCTTTTAGCAAGTCAGTTTTTAAAAGCAAACCCACAAATCATCTTAAATAACCTAAGCTTTGAAAAAGAAGGTAAAAAATTTGACGCAAATGGACAAACTATTTTCACTGAAAATAATATAAAATCACAATTTCACGCAAACACTGAAATTCTTCCTAGTCAAATTTGGCCTGATTTTGCAAATTTTGATACTTATTTCGTAGATAATAATGGCTCTTATGTGCTTGATTTTATCTATGATGATTCTAACAAAAGTGATGTTACAACTATCATTAATGGTGAAAGACTAACCATAAATCCACAATGACAAATTTAAGCTTAACTTTTCGTCCTAAAACTTTAGATGAGGTTTTAGGACAAGAAAATTTAGTAGAAATTTTTAAAAAATTCATACAAGTTTCAAAACTCCCTCATAGTGTATTTTTTGGTCCAGCAGGTTGTGGAAAAACCTCTTTTGCAAGGGTTATAGCGTATGAGTATAAACTAGACTTTTATGAGTTTGATGGAGGAAATTTTAAACTTGAAGAGCTTAGAAAAATACTAAGTAATTATGAAAATTCTTTATACAAACCTTTGATATTTATTGATGAGGTGCATAGGCTTTCAAAAACCCAGCAAGAAATGCTTTTAATCCCTTTGGAAAATCAAAAATGCCTTTTCATAGGCGCAAGCACTGAAAACCCTTATTTTACTTTAACTTCAGGCATAAGAAGTAGAAGTATGCTTTTTGAATTTAAAGGTTTAGAGTATAAAGACTTAGAAAAACTTGCCACAAAGGTACAAGAAAAACTCCAATGTAAAATCGATGATGATGCCAAAGACT
CP176583.1_gap30	1605716	1606216	500	TTTTACCATGAAAGCTACTTGCTCTTTAGTAGCTTTTGCTTTACCTGTTACGGTTTTTTTCACTTGCAAAGGCGTGTATTCTGCAAATTCTCCATGAGTTTGTAAGATTTTTAGACTCAAAGCTCCACGAAATTGTGCTAGTTTTAAAACCGTTTTTGGATTATAAGCAAAAAATATATCTTCTATAGCTACCTCATCAAATTGATGATTTTTAAAGATTAAATCAAGTCCTTCGCATAACTCTGTGATTTGATACTGCAAATCATTAGGTTTGATTTTGATAAGCCCTGCTTCTATGAGTTGATTTTTATTATTTATTCTTTCTACAATAGCATATCCACAATACCTAGAACCAGGATCTATCCCTAAAACTTTCAAACTTTTCACCTTTTTATTCACATAGATGTGAAATTTAAATTTTTATGTGAATAATTTTAACAATTTTTTATAAAAAATAAGCTAGAATTTTAAGTTTTACATCATAATTTATAAGAAAAATA
