gap_id	start	end	length	sequence
CP175953.1_gap1	1101	3911	2810	GCTCTCTGCCGGTATTCGGAGTTTGTCTAGGGTTGGTACCCGGTGAAGGGCCCTAGCCTAATCAGTGCTCTACCTCCGGAGAGACAAAACCAGACGCTATACCTAAATATATTTCAGGGAGTACGAGCTATTTCCAAGTTTGATTGGCCTTTCACCCCTATCCACAGTTCATCCGAAGACTTTTCAACGTCTGGCGGTTCGGGCCTCCATGGGGTTTTACCCCCACTTCACCCTGACCATGGATAGCTCACTTGGTTTCGCGTCTGCCCCGCTGTACTGCACGCCCGTTTCAGACTCGCTTTCGCTGCGGCTCCTCCGCTTAGCGGATTAACCTCGCACAACAGGAGCAACTCGTAGGCTCATTATACAAAAGGCACGCCGTCACCCCTCAAAGAGAGGCTCCGACCGCTTGTAAGCACACGGTTTCAGGTACTATTTCACTCGCCTTCTCGGCGTTCTTTTCACCTTTCCCTCACGGTACTGGTTCACTATCGGTCATACAGATGTATTTAGCCTTACCGGATGGTGCCGGCTGGTTCACGCAGAGTTTCACCTGCCCCGCGCTACTCAGGATACCCGCCTCTCCGCTCGCCGTACGCCTACAGGCCTTTCACCTTCTGTGGGACTGCTTTCCAGGCAGTTTCGACTTAAGCTCGCTTCGATTATGCAGGTCCTACTACCCCGACTCCCCGTAGGAAGCCGGTTTGGGCTGCTTCCCGTTCGCTCGCCGCTACTAGGGAAATCACTGAATTGTTTTCTTTTCCTGGGGGTACTTAGATGTTTCAGTTCCCCCCGTACGCCCTCCTCGAAAGGAGTACTCCGGTAAACCGGAGTGGGTTGCCCCATTCGGAAATCCACGGATCATTGCTCGTATGCAGCTCCCCGCAGCTTATCGCAGCTTTACACGTCCTTCATCGCCTCTGTATGCCTAGGCATCCACCGTGTGCCCTTAGTATGCTTCTACTATATGGTTTGCACGGCGTCTCCGCCGTCAAACCTACTCGTATTCATGCTATTGGTTTATTGTGGGCCGGACGGGGACGAACCTGTCCGGCTACCTTGGCGTAGTACGCAATCCTTAGTAAACTAAGAAAGGCGCCCTACTATCTTTTGTCGCACATACAAGATGTGCGACATCAGACCTATTACTATTGCTATATTGCTTCATCATGTCAAAGAACCCGCGCTCGGCGCGGCACGGCCCGTTCGACGGGCAGCGTGTTTACAACGGATGCATGCGCCCGGCCTCGAAAGACCAGCAAAATACATCCTAAACAATCTTATAAAGAACTTCGCGAGCTTTCCGGGCAAACCGCCTCTCATATCTCAATACTCACGACTACATTACTACCTTAAAATTCCTGTGGAGCTACGGGGATTCGAACCCCGGACCCCTGCCTTGCAAAGGCAGTGCTCTAGCCAGCTGAGCTATAGCCCCTCGGTTACCATTGTGGGCTTGGGAGGACTTGAACCTCCGACCTCACGCTTATCAGGCGTGCGCTCTAACCACCTGAGCTACAAGCCCCCATATCAGGCAGGCCTCGGCTGCAGGCGGTATTCGCCGGCTGCGGCGAGTGTGTGACCCGCCGGGTACACAGTCAATTAAAAGTACAGATCAGATTGTTTGCCACGAGCGATGCGTAGCGTCGTAGTCCCAATATTGCAGGGACGCTCTCCTTGAAAGGAGGTGATCCAGCCGCACCTTCCGGTACGGCTACCTTGTTACGACTTAGCGCCAGTTACCAGGCTTACCCTAGGCACTCCTTGCTGGAGCGACATCAGGTACTCCTGACTTCCATCGCTTGACGGGCGGTGTGTACAAGGCCCGGGAACGTATTCACCGCGTCATTGCTGATACGCGATTACTAGCGATTCCACCTTCATGGAGTCGAGTTGCAGACTCCAATCCGAACTGAGAATGGCTTTGTGGATTTGCTCCTGCTCGCGCAGTGGCTACCCATTGTACCATCCATTGTAGCACGTGTGCAGCCCTGGACGTAAGGGCCATGATGACTTGACGTCGTCCCCACCTTCCTCACTACTTGCGTAGGCAGTCTGGCTAGAGTCCCCACCATTACGTGCTGGTAACTAACCACAGGGGTTGCGCTCGTTGCGGGACTTAACCCAACACCTCACGGCACGAGCTGACGACAGCCATGCAGCACCTTCCATAGTGCCCCGAAGGGACCCTCCTTTTCGGGAGGTTGCACTGTGGATTTAGCCCAGGTAAGGTTCCTCGCGTTGCATCGAATTAAGCCACATGCTCCACCGCTTGTGCGGGCCCCCGTCAATTCCTTTGAGTTTCATCGTTGCCGACGTACTCCCCAGGTGGTATGCTTACTGCGTTAACTGCATCACTGGCCCCGAAGGGCCAACAACTAGCATACATCGTTTACAGCGTGGACTACCAGGGTATCTAATCCTGTTCGCTCCCCACGCTTTCGTGCCTCAGCGTCAGTTACAGTCCAGCCGGCCGCCTTCGCCACTGGTGTTCTTCGTAATATCTATGCATTTCACCGCTACACTACGAATTCCACCGACCTCTTCTGTACTCAAGAAACCCAGTATCCATGGCAATTTTACCGTTAAGCGGCAAGATTTCACCACAGACTTAGGCTCCCGCCTACGCACCCTTTACACCCAATGATTCCGGACAACGCTTGCACCCTCCGTATTACCGCGGCTGCTGGCACGGAGTTAGCCGGTGCTTATTCCAATGGTACCGTCACCCCAGGTCGAAACCCGGGCGTTCTTCCCATTAAAAAGCCGTTTACAACCCATAGGGCCGTCTTCCGGCACGCGGCGTGGCT
CP175953.1_gap2	57288	57985	697	TTTTAAGAATTTGGGCCTTACCGTGCTGGATTCAAAAGGAAACCGCGTTCATACCGATGACCCAAGAATAGATCCTGTTTGGGCTAAAGCCGGAGAGCTGGGAATGCCTGTACTCATTCACACCGGAGAGCCCGCTGTATTCTGGGAACCTATTGACAAACACAATGAACGCTGGCTGGAAATGAAGCAGTTCCCAAGCCGGCACCGTGGCGATTCAACCCGTTACCCAAGCTGGGAAGTGGTGATGAAGGAGCAATGGAATGTGTTTCGCAAGCATCCTGAAACTACGTTTATAAACGCTCATTTTGGATGGATGGCCAATGACCTGGAACGACTTGGCAAGCACCTCGATGAATTCCCGAATGTATATACCGAAACGGCAGCCATTATTGCAGAACTCGGCAGGCAGCCTCGTTTTGCCAAAGAGTTTTTCATTAAGTACCAGGATCGCCTGTTATTTGGCAAAGACACCTATCGCCCACACGAGTATCACACCTACTTCAGAGTACTGGAAAGTGATGACGAATATTTTGACTATTTCCGTCGGCGCCATGCTTTTTGGCAAATGTATGGATTGGATTTGCCGGATGAAGTGTTACAAAAAGTGTATTACAAAAACGCTCTGAAGATCATCCCTGATATTGATGACTCTTTATTTGAAACCAACTAATCAAAACTAAAACCAAGGAATCATGAA
CP175953.1_gap3	59901	60751	850	TTCATCGGATTGTACATTGAAGACAAAATGAAAGTGGGTACCGTCTTAATCCGAATAATCACGCTGGATAAGTCGGATGAGTTAATAGAAGCCTTAAAAGAGGCTGGAGTTGCGATTACCAGTGTGGATGCAAAGGGCGGGTTTAATGACGTAAAAGTTATTTTTACCGTATTAAAGAGGAAAAAGCTCAACAAGGTATATGATATTGTGAAGGAGATTGATCCTGAAGCTTTCTTTTCAACCGAAGATGTAAAGTACTCCAACAAGCATCACGATCATCTGGTTAATCCGAACGACCGGAGCCCCATCGACCGCCTGTTAAGAGTAAGGAAAGGTTTATAGAAGCAGGTGAAATTATTCCCCGCTGAGTGTAACCACCAGCTTCCTGGACCCACCGTGATTGCGGTGCTCGCATAAATAGACCCCCTGCCAGGTTCCGAGATTAAAACGGCCATTTGTGATTGGAATAGAAACAGATGAACCAAGCAAAGAGCTTTTGATATGCGAAGTCATGTCATCGGTGCCTTCCAGTGTGTGCTCGTACAGGGAAGTGTCTTCCGGAACAGCACGATCGAAATGGGATTCAAAATCTCTGCGGACGGATGGATCGGCGTTTTCATTAATAGTAAGTGCGGCACTGGTGTGTTGAATGAAGATGTGCGCCAACCCGGTTTGGATATCTTTTATTTCCGGAATTTCTCTGAGAATTTCATCCGTGACGATGTGGTAGCCTCTTGGCTTAGGCGAAAGTTTAATTTCTTTCTGTATCCACATTTTTCGTTAATTCGTTATTGGTATAATCGTTATTCGTATTTCGCTCCTACCTTAATAACGATAAACCATTCTAAGC
CP175953.1_gap4	71515	74551	3036	CAAATCCGTGCAGCGATACCGGCCTAATGTGCCGGGCACCATTTTCATTAAATCTACCGGTGTAAAGGTGTAAGTAGCAGCTTCATTAGCTGACTCAGAGTTGTTCCGTATTACATACGGTCCCAGACGGGTTTTTCTGACATCCCGTGCCTGAAATTCGATAAAAAAAGCGATGGTGCTTTCATATACCGGGTCAAAGGTAACTTCGACCGGTGTATAGCACTGTTCGTTGACAGGCTCGGCCACGGGAGCAGGATAGGTAGGAGTAGTTGTGGTCAGGGTTACCTGCTCTCCGTCAGATCGGGTTACAGTAAGTTGGTATGCTGTGTTGGCTTCAATATTCTGTGTTACGATAAAATTGTGATGATAAACCCCTGCTTCAAAAAAGCGCTCGAAATTGAGAGCCTCCACAAAGCCTGTATTAAGGTTTTCAAGGGTGACTGTAGCATCGATTTCTGTAGTAGCCTCTTCAGTGAACGGAACATTCAAATCCCGAATCCGAATCTCATTGGTACTATTATTCAAATCAAGAGTCCCATAAACAGAATAAACCCCGGTGTCTTTGTCGAGGGGTTCCAGTGAGTTGTCACACCCGGCTACAAGCAAAGCCAAAAGTGAGAAAACAAACCATGCAGCAAACTTTTTCGGGCACAAAGCGGTTTTGATTTAGACTTGAAAGGTCACTGGAATATTAATTGTTTAGCCGATAACTGGCAAGTTTTCAAGTATTTCCTTTGCTTGTAAAAATTAAAGAAACCTGAAGCCTCTGAATCAGTAGAAACACAAAAACCTCTTTATGAAAATTACATTTCGACATTTTATTACGTGTTTTTTGATGTTTTCGGCTGCTGCTACTTCTATTCAGGCACAACAAAGCGCTCACCCGGATTCCCTCTTACAAAAGGCCCATTCTTATTTCAATCAATCTCTTGAGCAACAGGCTCTCGCTGCCTACCTGGATGTCTTAAAAGCAGACGGTGATAACTTCGAAGCTCTTTGGCACACCAGCCTTATTTATGCACGTGTGGGTTACCGCTACGACTCGGAGCAAGAGATGATGGAGAATTACCAAAAGGCGTTAACTTATGCGGAGAAAACGCTTGAGCTCTATCCCGACGAAGGCTATGCTCATTTTGTATATGCTGTTGCCAACGGACGTATTTCTGATCTTTCCGATTCGCAAACACGCATCAAAAAATCTCATGTTGTAAAGAAACATGCTCAAAAGGCCGTTGAGCTGCTTCCCAATTACGCACCTGCCTGGCACCTGCTGGGGTTGTGGCACAGTAAAATAGCAAATGTGGGTTCGGCCCGGCAGTTTGCTGCCGGTTTGTTTTCTGACGGTCTTCCGGAGGGGGCTTCCAACCAAAAAGCAGTGGAGTACATGCAGAAAGCGATCCGCTTGCAACCGGAACAAACCCTTCGCTACAAACTGGATTTAGCCCGCCATTATGAACGAGCCGGAGAAAACAACAAAGCCATTCAAACCCTGAAAGAAATCGTTCAAATCGCCCCAAAGAATGACATTGATAAGTGGAATTTAGAAAGGGCCCGAGATTTATTAAAAAAACTTTCGTAGCAACTTCAAAAAAATACTACTCCTCCATCAATGTACAGAAACCTTTTTGCCATTATCGCTTTATCACTCTTTCTATATTCGTGTGGACCAAGAGTGATGATAAAATATCAAGGCTCCTCCCCTATTTCCCGGCCTTCTTCAACAGTAGAATCAGTAACTCAAGACTCTTCAAAAGAGACACCCCATACTGTGATTGTACTTTCAGTTCCTGTTCTTGAAGGAGGAAACAGAGCTCTGAGAAATAGAATTGAGTATCCAGATGAGGCAATTGAAAACAATATTGAGGGAATTGTAAGTATCCTGTTCACCATAAATGAAGATGGCAGCACTTCAAATTTCGAAGTACTTCAGGAAATCGGATACGGATGTGAAGAAATGGTAATTAAAGCCATTCAGAATTCTAAATTCGAAACAGGTCAACTTAATCACCAGGTAAATGCCCGCTACAGATGGATGGTAAGTGTAGAGTTTAAATTATAGCCAGCTTTTAACCACCAGCTTTGCTGAACCTAAAGCTTTCCTAATGGGGCAGTACTTTCCTTATTCCTTATCTTAATTGTGCATCTGCCGATAAACCTCAGCAAACAACCTGCTAAATAACCCTATGAAAAAATTCTTTTCTACTGTTCTGCTTTTAATGATTGCTTTGAGCACCTCAGCTTTCGCCCAAATTAAAATCAATGAAATTGTTGCCTCTAACGCATCTTCTCATGCTGACCAAAATGGGGATAACGACGATTGGGTTGAGCTCTACAATGCCGGTTCTGTTTCCGTTAACCTTGCGGGGATGTACGTCTCTGATGATTCCTCACAGCTCGACAAATGGCAGATTCCATCCGGACAAAGTGCAACCACCACCATTTCCCCGGGAGAGTTTCTGATTCTTTGGTTTGATAAAGAAACCGAACAAGGCGCACTACATGTGGACATGAAATTAAGCGCCGATGGTGAAGCAGTGATACTCACCGAGCCTGATGGAGAAACCCTTATCGACTCCGTTTCTTTTGGAGCGCAAACGACAGATATAGCCTGGGGAAGAGTGCCCGACGGTAGCGGGACTTTCAAATTCCTGAACCCTACTCCCGAAGCAAGCAATAACGGCAGTCAAATTTCCGAACAAGCCGAGAAACCGGCTTTTTCTCTGGAATCTGGTTTCTATTCAGGCTCAGAAGTCATCGGAATTTCATCAGCTACTGAAAATGCGGAGATACGATACGAAATTGGCGGATCGGCTCCCACTCCCAACTCACCACTATATGAAAACCCTATAACCGTTGATTCCTCTTCCGTGATCCGGGCTATGGCTTTTGCTCCCGGTTTTGCAGCAAGTGAAATCGCGACCAACAGCTATTTCTTTGAAGACCCGCACACCATCCCCCTGGTGTCATTTGTGATGGAACCCGACAGTCTCTTCGATTATGACAAAGGAATGTATGTAATCGGAGATTCCTCAGAAG
CP175953.1_gap5	99607	103672	4065	TTCGGCTATAACTGAAATGATACGATCCGATTTTTCCAGCCACTTCTTTTCAAGCTTCTTCCATCTTTCTAAAGAAATTAACCACTTGCCAGGCGGACGTGTACTCCAGGCATACTGCGATAAGGCTTCTACATAATTTTCATGCAGGTCTGCAACCAATGGAATTTCAAATTTTTCCTTTATCATGATCCCCGCTTTCACCAGATATAAATCATGGGCATGAACAGCATCAAAAGGTTTCCTGGCATAAGCTTTTTTTGCATACCGATAGAAAAGGTGGGAGTATAAATCAAAAAAGCCTACTGCTCCCCGCAGCTTTTTTATGATTTTGTTCGATAATTTAAAACGATGAACCCTGACCCCATTCACCATTTCAATTTCGGGCCTGTCATCCTCCGCAAGCGAAAGAACCGTAACCTCTAAACCATTCTTAACAAGTGACTCCGCCTCATTCTCAACTCGCTGATCCGGAGGATAGGCATGATCCAGTAGCATTAGTATATGCATATTACAGTGATAAAAATTTCTTAAACAAGGTTAGTTTTTCCGGTTCAATCAATTCATGATTGTGCCATAAAAGCACAAATTCTCCACCAAGCCGGTTTAATTGATTATGGTAAAACACAATCTTTTGACCGGCCTCCTTTACAGTGTATCCCATATACTTATTTGCCAATAAACTGGCTTCCATTACAATGAGCGGATGAAGTTTAATTTTCAATGATTTTTTTGATTCCCAATCGAATGCTCTGAAAGGAAATGCCACACCAGCCCTGTATCCTGTCCTGTCTGCATAGCCAAGAGTATAATCATGTTTAATACCGGCTTTTTGTAAAATACGAGGCGTATGCCTCCAATCCCACCGTAAATAATGCTTTCTGCTGGTTTCTACAGGAGCATCAATACCAAGCGATTTACATACCTTTTGAAGTTTTTGCACTTCTTTGCGTAGCAGATCAGGATTATGCCTGGTTTTGTAGGAAGGGTGCAACCCGATTTTATGTCCTGCTGTGTGTACCTTCTTTAAAATATCGGATATAGCAGGGTGATTGATATCATAGATAGCATCATATTCACTCTTTGGTTCACCCGAAATAAAAAAGAATGTACTTTTTAAATCATGTTTTTCCAGTAACCGAACAAGCTCATTAAAATTATTATAAGGGTCTACTCGATAATTCCCTTGTTTTACTTTTTTGTAAAGCTGATATCTCTTTTTTGCTTTTTGGGGCTTCTTTCGCACCAGCACATCACCGGCCAGCCTTTTTATTAATCGGGTTTTGGAATAGTTGAGGTATTCAAATGGCTGATCAACATCATGAGAAATATGTTTTGAATAGGCAGGCAATTTCTTTCCCGGCTTTAGTTTTTGATCTCCAAACAAGTGTCCGGCCAATATGGTAAACCATTCCTGAATGATGGGGCGGTCAACCAGATTTTTTTTTACCAGGAATGAAGTAGACCCTATCCGGCGCTGATGCGTATCCTTTTCTGCAAAATGAATATCAGCATACCCGCTCATCAGAAAAAAAGCCATTCCGATAACATCAACGGGTAACGTTCTTATACCGGAGTCATTAGTCCTTTGCTTATTGGCAAACCATCCGGGTAGTTTGTCAAGAGATGCATTGTCATAACCCGTTTGATAGGCTTCTACTTCGGGTAATAATTTATGATCCTTTTTATAAATCTGATCAAAGAAAACGTCTGGTATAAGGATCTGTTTTTCTTCAAAAGTAATGGAATAGTTATCCGCTTCATCCAGTATTTCCAGTGCATAGTCCAGTTTCAGGAAATCCCTTACTAATACATCAAAAACGAATTGCTTTTCTGAAATGTAATCAGGGCTTGAAGTTATCTTAACAATCTGATCCGTCATTCCTTGATTCTCTTTAGCAGTTTCTTTCCATAATGAAAGGGAGCAAATCTCCTACTGACTGCTTGAATATTATGAAAGTATACCTGCTTAGCTCCAAAAGAACTAAAATATCGCTCAATAGATTTAATACTTGAGCCTTCAAAATCAAAGGCATTTTCTCTGCTGTTTGCTTCTTTTATGCCGTTCCAGAGCACCAAAGATACTGCCCCGGGAACATCAGAATCCGGGTCAAATCCCCCCGCCAGATAGTATGTTGCATCATCATCATGAATAAACAATTGAGCAGCATGGAGTTTTCCTTTAGAATCTTTGGCCCCGAAGATACTCGCTCTTTCTCTTGCAGACGCTTGTTTAACCAATTCTGTAATAACTTCTTTTGAATACGATGGCTTTAAACCTTGCCGGTCAAAAGTTTTGACAACCATATCATATAACTCTCCTACTTTGATGTTTTTGCTAACTTCAAGCTCTTCTTCGGCCCGGCGAATATCTCTTCGAACAGAGCTTTTCAATCTCTTCCAGGTTTTGTCGGTATCAAATGGATACTCGAACCTAAACGTAGTTAATGAGTGCTGGGTAAACCCATTCCAAATAAAGGGCAGATAATTGATAATGTCTTCGTTCAGATTGTAAGTAAGTTTATCAAAGGGAGGAAGCTTCCCGATAAGCTTTTCGAGCATGGACCGTTCGGTACTGTGAATCGTTTCAATTTTAGGGCTTGTTTGCTTTATCCACGGCCCTAATTTCTGTGTCAAAACAGGCATTTGTACAAACGTAAAGCCTTTCTCTTTCCTTTTCACTACCGGCCAGCGTGCATAAATTTCCCCGCCTTTCTCAATACGAATATCTTCCCACCGGTTAGGTGCTACAATATCTAACCACCAGGGTTGCATAAATATATTTCCGGGCAACTCATGAGGAGTCATTTCAATCATTCCAGATTTTTTTTAATTCTTCTGCCAATTCATCTTCAGGTGCTTTAGAGTATGGAAAAGATGGAGGTATAAGTTCACCTATTTTTTGAACATAATCATTTAGATGAAACTGATGGGCTACCTCTTCAACCAATTTCCGTGGATTCTCACAAATATCTTTATATGATATTTTCATGAACGATACCCGGGCTTCTGCTAAATCTCTTCGAATAATAGATTCAATTTCATTGATTTGCCAAACCACTTTTTCAATTTCAGGAAGTTTGTTTTTTTCAATCCATCCCGGCGGTTTAACACTCCACCACTGTTCTGATCTAATTCCATTTGCATCCCGTGCATTTATAATCGAATGAGCGGTAGCTACCTTATCTCTTGTTACCCACAAGAAGACAGAATCAGGAAAAAGTTTAGCTAGTGCTTTAATTCTCAGAGAATGGACTGTATTCTTAGAAACAAACAGCTTGTTCGGATAGCTGATTGCTTGTATCACTCTCTTGAATTCTTTAGCATCTTTTTCATCCAAATCATCAGCATCTGTGTATGGATACTCTTTCGGGAAGTACTGGTAAAAAAGCGGACCTCCTTCATGCGGGCCATTGGCAGATTGGGTATATCCATAAGCAGATTCAAATGAGGGAGGGATCAATTTTTTGGAGTAAAGGAATCGTTCTGCCATCCTTGTTAACAGTGCTATCCGATATCTCTTCACAACCCGGTTGCTCAGGTAAGAAGTTTTAAAAGCTGTGCAAAAAAGCTGATAAGCTAATGTAGTTCCTGACCTTGGCACCCCGATGATCCAAACCGGCTTCACATTATGATTATAGGTCAATGATTTTCTGAAATATCTTTCAATCGGCTTCAGTGCTATACTTTGTAAGGATATAAGAAATTGACTGAGCTTCATCGGCTTAAATTAATGAGGCAGCAAAGAAATGATGGTTTCTATATCTGTATGAATAGTCTATAGTATACCCGGCTTCTGAAAGTATCTGCTTAATACTTTCAGTAGTTATATGGTTAATACCTAATTCCCAGTGATGATTCTTTGTATGTATGTATTTGCGTTTCCGTCCAATATGTATAGTTCTTCTACCTAGCTTTGGAATATAAAACTCTGCAAAAAAGTAAGTTTTATACGCATGAGGAATACTGAAAAAAAGCTTATCCACTTTATTCTCAGCTAATTCTTTCCAAACTTTTTTGGCGCTTTCAAATGGAATGTGTTCAAATATTTCGAAGGCTAAATACACG
CP175953.1_gap6	111868	112413	545	ATTCTCTTCACTCATACCATAAAGATACCGTTTCTTCAGACGAGTATCTTATCTGCCTCAAAATCTCTAAAACACCAATAAATGAACATGGATAAAGGGGATGGGGCAGATGATCGCAGAAAAGTAGTTCAATTATTTCATATTACCTCTGCGAAAATCCGTAAGATCTTCCTCATCCATGTTCTATTCGGAACTTTATTTTAGCAACCTTCTCTCATTTCCTGCTTTAGAGATTTTGTGGCAAACACCCGGAACATAATTCCGGATTTGACATGGAATAGGCAGGGAATCCTCTTATTTTTACCCCTCATTTACAACAAGCCTATTTATGCAGATTAACGTACTTAAATTTGGCGGCACTTCCATGGCCGACCACAAATCCTGGAAGCAGGTATTAGAAATCATCAGCAAATATGAATTTCCGGTAGTGGTGGTATCCGCTACTGCCCGAACCACCCGACTATTGGTGGAGGCCGGTGAACTTGCCGGACAGGGTAAACTAAATGAAGCCCTGGAAATATCTGATGGCATAAAAAACCGACATA
CP175953.1_gap7	118612	122162	3550	AAAAACAGATAGTATAAATCGTTTCATAAACACCTCTCAAATTGGGTTTGTGAACTAAGATTATAAAAATTCGTTTAATATCAAACCATTAATTTGTCAAGACTAACTTTTTAATTAGCCGCAAAAAACGAACAACTCATATCTCTTTAAGACAAGCTACGATGGATAAGTTCCGCCGGATGGTAAGATTTAATATTCACCCCGTCTTTAATTTGATGACGGCAAGAGAAGCCCGGGGCACAAACTAAAGGATCTTTTTGCTTTTGCAGAGTCGGGAATAGAGCCAACCCACCAATTTCCTGAGATACTTCATAATGCTCTTTTTCATACCCAAAACTGCCGGCCATTCCGCAGCAACCTGTCTCCAGAACATCCACGGTATATCCCGCTGCCGATAGGGCCTCAATGGTTGGGTCGTTCCCAACAAGTGCTTTGGCGTGGCAATGACCGTGAAGGGTGACGGTTTGGTTCTGGGCTTTTGGCGACAATCGTGACTTATTCCGGGCTACAAACTCCTCGAAAAGATAGGTTTGACCGGCCAGCTTTTCGGCCAGGGGTAGTTGTTCATCCGAACATAGCTCCAGGAATTCATCCCGGACAGTCAATATTTCCGATGGCTCCAGTCCTACCACCGGTATGCCGGCTTCCACATATTCTGTAAACTCTTCCAGTACTTTCCCGCAAATATTCTTAGCCTCATCAAGAAATCCTTTGGATAGCTGAGGTCGACCGGTTTCCATTGCTTTCGGGATGAGCACCTCATATCCCATATGCTCCAAAACGCTTACCGCTGACTTACCAATTTCAGGATCATTGTAATTTGTGAATACATCCACAAACAGCACTACTTTCTCGTCACTTTTCACTGCTCCATTCCGGCGATGCTTTTTAAACCACCCCCGAAACGTTTGATCGGCGAATTGGGGAAGATCACGCCGGGAATCAATCCCGAATACTCCTTCCAATACTTTTTTACCTATTGCTGAACCCGCCACTTTGTTGGCAATTTTTGGGGTGATAGAAGCCAGTGGAAAAACCTTGGAAGCATCCGCAAAGAAGCGCTCTTTCAATGTTGAGCCATTTTTTTGATGCCAGCCGTTCATAAACTCCGCTTTCATCTTAGCCATATCCACATTGGCAGGGCACTCACTTTTGCAGGCTTTACAGCTCAGGCATAAATCCAGAGCTTCCTTCAGTTCCTCGGATGCATATCCCGCAGGATTTTCTCCCGCAAACACCTGACGAAATACATTTGCCCTTCCCCGGGTTGAATCTTTTTCGTCTTTGGTAGCCTGATAGGAAGGACACATCGTTCCGCCACTTTCAGCCAGCTTGCGGCATACACCGGCTCCATTGCAAAGCTCCATGGCACTACCAAAATCGCCTTCCTTACGCCAGGAAAGTACCGTTTCCGGCTCGGGTTTTTGGTAGGAAGGTGAGAAACGTAAATCCTGATCAATAGGTTTGGGCTTTACGATTTTCCCGGGATTAAAAATATACTCCGGGTCCCAGATTTCTTTTACCTGCCTGAGAACCGGCAGCATTTCTCTGCCCAAAATCTTTTCGATATACGGAGCTCTCACCCGTCCGTCTCCATGTTCTCCAGATAAAGAACCATTGTATTTCTTCACCAGGTCGGCTATTTCATCAGCCATGGTTTTCATGGTATTCAGCCCGGTTTCGGTAGTGATATCAATTTGGGGGCGTAAATGTAATTCTCCAACCGAAGCATGCGCATAAAACACGCACTTTGTGTTGTGCTTATCTAAAATGGCCCGAAATTCCTTTATGTATTCCGGCAAATCCTGAACACGAACGGCGGTGTCTTCACAAAATGACGGAGAACGTCCATCTGATCCGAGGCCCATCAACAACCCAAGACCGGCTCTTCTCAACTCCCATACTCTTTTCATTTTATCTTCTTCCGGGATGATTGGGTAGGCATATCCCAAAGACTTTTCACTCAGCTTAGCCGAAACTTGCTCAGCCCGCTTTTGGAGTTCCTCAGGGTCATTACCTTCAAACTGAGTGATAAGGATATAGTTGGGTTCACCCTCCAAAAAGAACCTGTTCTTGCGCTGTTCTATATTGCCTTTGGTGGCATTCAAAATGATATGATCTACCAGTTCGACAGCTGCCGGATCAAAATTTACAATCTCAACGGCCGCACGCATCGCCTCTTCCAGCGTTTCGAACTGTGGAACGACCACCAGTTTGTGCTGATCCAATGTACTCAGGTTCAGCCTGGCTGAAACGGTCATAGCCAGCGTCCCCTCACTTCCACAAAGCAATTCACAGAGGTTGAATTTTCTACCGTTGGGATCAAACGGCTGCATCTCACAGAGTTTATCCAGAGCGTAACCGGTGTTTCGGCGAATGATTTCCGGATGGGGATAACTGTTCTGAATCAGCTCACGGTTTCGCTCTATCAGCCTGAGCATAGAACGGTAAATATGCCCTTCTAAGTTATCGAGTTTCTTTTTCCCTTCGAGCTCTTCGGATGTCAGCGGTTTAAAAATAGCCGTTGATCCATCACTCAGCACGGCTTCAATTTCAAGAGTATGCTCGCGCGTTGTTTTGTACTTGATGGAATAGGAACCCGAGGAGTTGTTTCCAATCATCCCGCCAATCATGCAGCGGTTGGTCGTAGCTGTGTCGGGCCCGAAAAGAAGCTGATGTTTTGCCGCTTCCCGGTTCAGCGTATCGCGGATAACACCCGGCTGTACATGCGCTATATGTTGCTCGCCATCAAGCGTAAGAATTTGATTCATATAGCGAGATACGTCCATGATGACACCGCCACCGGTAGTCTGCCCGGCCAGGCTGGTTCCCGCACTTCTGGCTGTAATAGTGAACTTATCTTCGTTGGCTTTTATTACCAGTCGCCGGATATCCTCGCCGGATTTGGGAAAAGAAACTCCTTCCGGAAATTCCTGATACATGGAAGCATCCTGTGCATACAGCTGGCGGGTAAGGTTGTCGCGTTGAATCAAAAAAACTCCTGCTTTGTTAGGGCAGAAGTTTGAGGTTAATTCAGGATAATATCAATACTAAGTTCAGTAAACTTTTGTGATTTAAGCAAACACTAAATCATAAACTTCTGCATGTCGAAACCTATCAGTAAATTCATAGCAAATCTAATCAGGAAACAAATAACTTAGGCTGAGGTTTAAAATTAGCTTCCACCCTTTTCACGATTTCATCACCTATAGCAAGGCCGGCTGTAGCGGCCGGACTCGGAGCATTAAGCACATGGATTTGGCGATCAACCACTTCAAAGTAGAAGTCGTCCAGGATTTCTCCGTTCGGTTGAAGTGCCATAGCCCGGATTCCTGCCGGGGATACTTTAAGGTGTTCTTCCCGTACGTCCGGGATTAATTTTTGCAGTCCTTTTACAAAGGCTTTTTTGGAGAAGGAGCGCTTATACTCATCCAAACCCATTCGCCAGTGTTCTTTAGCCATTTTCCAGAAGCCGGGGAAGTTGAAGGTTTCAGTTGTTTCCTTCAGATTGAAGGAAAGCTTTTTATACCCTTCTCTCTTGAAGGCAAAC
CP175953.1_gap8	123202	125976	2774	GAATTTGATCGATGATATCAGACTGGTTGGCACTTAAGTAGTCACCCAGTCCCCAGGTGTTTCGAACTACGTTGATAGCGTCAACGGCATCAACTAAGTCGGTTCCCTGGTTTCGCTGTGCTAGTGCTTCTGCGTAAATCAGAATCAGCTCCTCATTTCTAAAGAACGGGAATGAATCTCCGGTTCCTGAAAAACGATTATCCTGGTAAGGTGACCCCAAACCCTGAAGGGTTAAGGTATCATTCCTGACAAAGATTTTGTTGTCGATACGCATATCACCTGCTTCTGCACTATCAACCAGTGAAGGATGTGCCATTGGCAACTGAACAGAAGTTGTGTTCGGCACGTAATAGAATGGGTTGAAAATATCAGGTGGATCACCATAAACATGGTACCCGCCTTTATTCATTACATCTGCACCTGTAGCTAACTCAAAGAAAGGAGCAGCATCTTCAACAGCCGTTACTGCTGCATCCCAGTCTTCAGCATAAATTGCAGCTCGTGCTGCGATAGCCCGGTTAAGGTTAACAAATTCAGCCGGTGTGCTAAATTCATCAAAACCATCCGTCAGTACAAAGGCAAAACTTGAGCCTGCTGCATTCAGATCGGTTTGAGCTTCATCCAGAAGATTTCTGATTTCCTGCAGAGCTGCGTCATAATCCAGGAAAGGACCTAAGTCACCCACATTGTCTACATCAATCCGTATACCGTTGGTGTATTGAACATTGAGGGGAATCAGGTAACTGTACGCCTGCAGCGTTTTGGCCACGCCTAAATACCCGTTGCGCTCCTGATCGGAAATCGCATTGGAATTATTGGCAGACTGAATCAGAACATTACCCTGTCTTATAGCCTGATACGGAGTCGTGTATGTTCCGCCTGAGCCAAAGAACGTTGGATCTTCTTCTGCGTTAGCATCAGCACCTACGCCTACCCACTGATTAACAAATCGGGGATCTGAGGCAAAGAGCGGATAAATTTCGCGCCCAAAGGTACTCATGATGTTGTTCGCTCCGGTGGTTGCCCGGTGGCGTTCTGTTAATCCGGTTACAAGGTTTTGAAGCTGTGCTTTGGAAGCATCAGACAATACCCCTTCAATTGATGGATTATTAGGGTCGCTTATTTCATTCGGGTCCAGGAAATCACAGGCCGAAATCCCTGCTGAAAGCAGTACGATTAACAATAGTTTGTTTAAATATTTCATTGTGTTCATTCCTATAAATTAAAAGTCAATATTTACGTGGAACATTACCTGCCGGGAAGTCGGATAAGGAGTTACTTCCACAGAGTTGTTGATGGCCTGAGTACCAAATACGGAGGTTTCCGGATCATAACTTGGGTAGTCAGAGAACAGCAATACATTGTTTGCTGAAGCACCAATCTTTATGTTGCTCACGCTATTGCCAAAAATATTAGTAAGCGTTTCGGTAGGTACGGTGTAGTACAATCCAATCTCACGTAGTTTCACGTAAGACGCATCATATACATATGCTCCGGAACCGCCATTAATTACACGATCAGCTCCTTTTGGAAGGGTTGATCCCTCAACGCTGTCGTTCCAGTCAGGAGATGTACCTCCTGCATCGGTAAGCAGCTGGGAGAGGTTGATATTGTCTCCACCGCTTTTCCAGTGCCACAGGAAGCTGAAATCGAAGTTTTTATAAATGTTGAATTCATTCGAGAATGACATTTCGAAATCAGGCTGTCCGTCACCATAAATAGTGTACAATGAAGGATCACTAACTGCAGGAAGACCTACAATAGTAGATGGTGAGAATCCTTCCTGAATCAGGTAGTTACTCAAACTAGTTCCGAAACCACCGGTTGTATATCCATCAATAGATAGATCTGTGATTTCTGACTCATTCTTCCAGAAAAGTACTGTTGAGAACCAGTTCAGGTTTGGATTGCGAACCGGGTTCAGGTTCAGCGTAAATTCCATTCCTTTGTTTACCAGGTCAGCTGCATTAGTTGCAATCACAGAAATACCGGAAGATGTTGGTACCTGCTCATCCAAAATCAGATCCGCTACTTTTTTGTTGTAATAAGTAGCTTCAAGTGAAATTCGGTTATCAAGCATGGCTACATCAACACCAAACTCAAGCTCCTGAGCACTTTCAGGCTTCAGGTTGGGGTCAATACTACGCCCACCAACTGAAGTGGCTAATAACCCACCGATGTTTCCTGAGTTCAGAGAACTGTAGGTTACACCAAAGTTGGGAAGACCACCCGTCTCGCCATAAGCTATACGCGGCTTCAACTGGTTAAGGAAGTCGCCTTCAATGATGTCGAAGTTTAACAGGTTAATCGCCAACGATGCTTTCGGATAGAAGTAGTATTCATCCTGATCAGCATTTAATGAGGATCGGTCAAAACGACCACCAACGGTAGCAATGATTTTGTCATCCCAGTTAATCTCTTCCTGTCCAAACCAGCTAAGGTCAACAACCTCAACTTCTGTTTGGTTGATTACCGACTGGATAGTGGCATTTGCGATACCGGTTTGTCCGGCAACCAGACCCTGGCCTCGAACTACATTACGTTCCTGGAACTGATCGAACCGGGAAAAACCGAGCTGAGTGTTCAACTGGATATTCGAAGATACCGTTGTTGCATAGCTTAACACAGCCTGCACATTGGAGTTGAAATTATCTTCGATGGTGTGAACCACATCTCCGGGGTTGGCATTACTCTGCTGATTCTGAAGGTAAGTAGGCATCCAAACCATACTCTTAAAGGTCAGGTAGTCAACACCACCGTCCACGGAAAGAGAA
CP175953.1_gap9	155707	158806	3099	AAAGAGCTCAACGAGACCCAAAGACGAGCACTTAAGACCATTGCCCGTGAAATTGTTTCCCGGCTGGAAATCAGACGCACACAAATAAAGCTGGAAAAATTAAACAGGGAAAAGAATCATTTCCTTCGGGTGGTTAATCACGATATTAAAAGTCCGCTCAGTGGCATCGTAAGTACTGCCCATTACCTTCAGAATGTTTGGGATGGAGATCACGATGAATTGAAAAGTATGCTTTCCATGATTGAAATCAGTGGAAGAAAGCTGGTTACTTACACCAGTGAGTTAGTCTCCAACTCTCTGGAAGAAGGAGATTCCCGGTTAATTGTGGATGAAGTTCAGGTTGATGAACTCATTAAAGACCTGATTCTCATTTATACCCCACTCGCTAAAACCAAGCAAGTGGACATTACAACGAATTTCAATATTTCAGACTCATTTGAGCTTGATAACGAAAAATTTAAGCTGATTGTCAGTAACCTGATTTCTAATGCTCTGAAGTTTAGCTCGGCCGGTGACACCATAACGGTTAAAGCTGAAATTGTGGATACCAAAGAAAACCGGATTCTTCATTGTTCTGTATCTGATACCGGCATTGGCATTCCGGAGCAATATATGGATGGATTGTTTACTCAAAACGAGAAACACCGACGCTCAGGTACACAGGGTGAAATCAGTACCGGGTTAGGCCTTCCGCTTGTAAAACAATTTGTAGAATTACATGGTGGCGGAGTTAAAGTTGAAACGGAAGAGGGCGTTGGCTCTACCTTCTATGTCACCATCCCTGAAAAACAATAACTGTTTGTTCATTTTCATTTGTACCCCGAAAAACCAGGGGCTGTGTTCCGGAAGGAAGGCAGCCCTTTTTTTATAAAAATATTTTTTCCTACGCTCCCTCACCTATTGCTTAATGTCAAAAAAGGTGCGAATATAGTTGTAATGTTTCAGGGTGCTCATCTGCCTGAACATGGGTTAGGGATTTGCCAAAACGGGCGAAAGAACATAACCACAATCTTTTGTTTGGAGACCGAAACCATGGCTAACAAAGAACAAAAACCTGCTCCTAAATCTGCCCCCAAAGCAGCTGCCAAAAAGCAGGCTCCTCAAGCTAAAAAAGCAACCAAGAAGTAATCCTTCCTAAGCTTTTTAATCAACTGTAGATTTAAAGAAAGCCGCTTCTGATTTCAGGAGCGGTTTTTTTATTTTGAAGAGCGGTGCCGGAGAATCAAACAGATTATATCAGCAAAAAAATTAACCGGGCTGTTCTAAATTACTTCTCTATAAACTGAAACAGCTTCTGCTCAAGGTCAGCCGGGTTAAAAGGTTTGGTCACAAAGTCGTTCATGCCCGAGGCATACACTTTCTCCCGCACTTCTTTTAGTGCAGCAGCCGTGAGGGCAATAATCGGCGTGTTTCTCTTGTACGGATCATCCAGTTTTCGAATATGCTCGGAGGCTTCGTATCCATCCATGGTTGGCATCTGAAGGTCCATCAGCACCACATCGTAATTATGTTCTTTAATAGCTTCTACAGCTTCTTTGCCATTATCTACCACCGTCATATCCACATTCCAGCGCTCGAGAAACCTCAGCATTACCTTTTGGTTCACCAGGTTATCTTCAGCAAGCAGAACACGCAGACCGCTTAAACTTTCTGCATTATCTTCATTTTTGGTAATTGCCTTAGCCTCGTCAGTTGAAGATCCTTTTTCGAAGGTTAACTCTACAAAGAAGGTGCTTCCTTCTCCTTCCTCACTTTCAACCGAAATTGCTCCACCCTGAAGTTCCGCCAATTGTTTACTGATGGTAAGCCCAAGCCCCGTACCGCCAAACAAGCGCTTCGTATTCTGGCTGGCCTGAGTAAAGCTTTCAAATATAGTATTTACTCGATCTTCTTCAATTCCAATACCCGTATCTGAAATGGCAAACTGAAGGCGTATTGAGTCATCATCATCCTGAAGAGCATTTACCGATAACCTTACATCTCCCTCTTCAGTAAACTTCAATGCATTACTTACCAGGTTATTCAGGATCTGTGTGAGACGCGCCGGGTCGCCGACTAAGATATTCGGTATCCCTTCTCCTATCTCTGTTTTAAGCTCAATGCCTTTGTTTTTAGCTGTAATTTTGAAGCTCTCTACAATGACATTTACAAGTTTATTCAGCTCAAATTCAATGCTTTCGAATTCGATTTTTCCGGCTTCTATTTTTGAGAAATCAAGGACGTCATCAATCAGCGAAAGCAGCGTTTTACCGGAAAAGTCAAGAATGTTGATCGGCTCGATTTGATCTTCGCGCGGACTGTCTTGCTTCAGCAGGTGCGTCATCCCCAAAATAGCATTCATCGGAGTTCTGATCTCGTGACTCATGGTAGCCAGGAATTCCGATTTGGCTTTTGTACTTTTTGCGAGTTCTTCGGTGGCCACTTCAAGCTGCTCAATGTAGGTTTCCAGCTTTTCCTGTTTCAGGCTCAACTCCTGATTCAATTCCTGCTCTTTTTGCAAAAGCTCCAGCGTCTGGTGCTCGGCATCTTCTTTAAACTGTGAAAAGGTGTTGAAAATTAACCAGGTAGTTACGAAAGAGCCCGTCAAAACACTCCATCTTACCAGCGAGAAGCTGCTTTCAGAAATACTGATTCTCTCGAAGATGATATAATCCAGGATGAAGTATGAAAGGATAGATAACAGAATACCCATATTGCGCAGGTGCACCTGGGTATTATCAAAAAGAAGGATGGAAAGCCCCATGGCGGGTATAAAAAATGCCTGAATCATGGCATCGCCACCGAATACGGAACTAAGAATAATAATACCGACATCGGCATAAGCGATAAGCAGAATCTTAGCGGCTTTCACAAATCCCTGCCTGGCCAGCAAAGGAATTAATAAAAAGGCGATAGCTTCAGACAGAAAAAACCACGTCAGGGATACGGATTCGTTGATCTGAAAGGCAATGAGAAAGAGAATGGAAACGCCGGCTAAAAAGAAAGAAACCGAATTCAGGACGGTCATACCCGCCTTTTTGCCAACAACCTCGTTTTCCGATCTCAGGTCTTTACCCAGAGCGATATCAGAAATGCCGGTGAGAGAAAATTTTGAGCTCA
CP175953.1_gap10	312675	315654	2979	GAAACCGGCTTCACTAAAAGTGATATGATGGTTGTTGCCATTTCTGAAGATGCATTGGGCTCTCAGGTTGAAAGCTTTGAACAAGAACTTCTCAATCATCCGGATGTTGTAAAGGCCACCGTTTCTGACCGCTATCCCGGTGAGCAAACTAACCGTACACAAGCAACAATCAGGCTTGATAATGGAGAAGAATTAATCTCTAACATTGGTACATATTTTGTTGGATATAATTTCTTTGATACCTACGGAATAGAACTTATTGCAGGAACGCCTTTTTCCCCGGACCTACGTTCGGATTCATTATTTAACATTATAATAAATAGAAGCAGCCTGCGCCTTCTACAAATTGAATCCGGCCGTCCTGATTTAGCCTTAGAAAGAATAATAACTGTTTTTGGTACTGATGGATTCGTGCAGGGAGTAACAGAAGATTTTCATTTTCGCCCTTTCACCGAACAGATTGAACCCATCGCTTTAATACTGCTGCCAGAGGCATTCAGCTTTATATCTTTAAAATTAAACGCCCAATTTAATGCAGAGACTATTGATGGACTGGAAAAGATCTGGAATAAGTTTGCCCCGGGTCACGACTTTAATTATTTCTTTTTAGAGGACAAACTTAGCCAAAACTACACTTCTCAGTCTAAGCTCAGACAAGTAATTTTTGCTTTCTCTTTTTTAGCCATACTTATTTCTTGTTTGGGATTACTGGGACTTACCAGTTTTACCGCAAAGCAGAAATCAAGCGAAATTGCAGTACGAAAGGTGTTGGGAGCCAGTTATTTTGAAATTATCCAATTGATTTGGAAAGAATTACTCCTCCTCATTCTGTTGGCTTCTGTTTTCGCTATTCCCGTTTCCTGGATCTTTTTAACAGAGTGGTTAGGTAATTTTGCATACAAAGTGGAACCTGGAGTGGCCCCATATGTATTCGGAGTATTGGCGATTTTAATACTGTCTGTATTAGTTACCAGCTATCATTCCCTTAAAGCAGCAATGGTTAACCCAACAGATTATTTAAGGTCGGAATGACCTTTCACTTTTTGGCTCCCTTTAAAACCATCTTTTAACGCGTCCCAAAACGTGCCTTTATCTTCCTTGATGTCTTCCGGTTTGAGGATCTCCAACTTCAATGCACCGCGGTAGAAACAATACATGCTGATCGCCATCACGGTATGGGCTACATCCAAATGATTGAACCATTTATGAATACCGATTTCGCTGGTATAAAAGAAAGCGGCCAGCGTGGCAAAAATAACAGTGAGGAAGAATATACGGCTGCCTTCATTACGGGTACGCCAGTACACCAGAAAATGAAGCGGGAGCACCACGAGTCCCAAACCATAAGCCGAATGCACCTGTATGAAAAAGAAGTTTAAGGTGGTAAAGGTGATCACCGCAAATGTGAGCAACTCCACTACGTTTGCAACCTCCAGAAACTTGCCGAATTTATCATTAATCACGGGCTGAGCATGCATAATGGAGGCCCGCTCAATGGCCATCACCGCCAGCATGCTTATCAGCCAGCCCGGAAGCTTCCACGATAATCCCACCGCATATTGAAAAGCATGCCCCAGAATCCCCCCAAGAAAAGTAGCAATAGCCATAATCAGGAAGTACCACCGAATGTACTGGTGAACTTTCCCTTTTTTATCCAGCTTCACCAGTTTGTAGAATGCATACACGCACACCGAGGTAATCCAAAGATCGGTGAAGGTAACCATCGGCTCCATGATGGTGATATCAAATACTTCAATCGATGGCTGTCCTGAGTCTGACTGCATGTCTCCCTGTTTTGAATTCGGTTAATTAATCCTTTAAAAATAACAGAAATGGAATAATTCCCGAATCTTTAAAAACCCGGGGACTTTTCTGCCCTTAAATTATCCTGATATTATTCCAAAAGGGACTGCGATTTGACTCATTCTTGCCTTATTTTGGCTTGATCGAATTTTAAATACCAAATCAGCTGTAAATGAAGCAAGTATATGTAGGGATGGGTACAGATATTATCCATCACGGCCACATAAATATTATTGAAAAGGCAAGAGAGTTAGGGGAAGTGACCGTAGGTTTATTGTCGGACGAGGCAGTTACCAAATTCAGCCGCATTCCTTTCCTGGAGTATGAAGAACGAAAACGTATTCTGGAAAATATTAAAGGCGTCAGCAAAGTTGTTCTCCAAAAAACACTGGACTATGAGGAAAACCTGCGAAAGCTAAAGCCTGATTATGTGGTTCATGGAACTGATTGGAAAGTAGGTCCCCAAAAACACGTCCGCCAGAAAGTTATTAGCATACTGGACGAGTGGGGAGGCAAGCTGGTTGAGCCGGATTATACCGAGGGGATATCATCATCCGGGCTTCGGGAGGCCTTACGTGAAATTGGCACCACCCCCGATATCCGCAGAAAAATGCTGCGACGTCTTTTGTCGGCGAAGCCTATCGTACGGGTAATGGAAGCTCACAACGGCATCTCAAGCCTTATTGTCGAAGAAACCAAAGTAGAAGCCGAGGGTGAACTCAGAGAGTTTGATGCCATCTGGGTTAGCAGCCTCACCGACTCTACCGCAAAGGGGAAACCAGATACGGAATACGTGGACCGGACATCCCGAATTCAAACCATCAGCGATATTCTCGATGTAACCACTAAACCCATCATTCTGGATGGGGACACCGGTGGACCCATTGAACACTTCGAGCTGATGGTAAAGAACATGGAGCGACTGGGAGTTTCTGCCGTCATTATTGAAGATAAATCCGGCTTGAAAAGAAACTCGTTATTCGGAACTGAAGTGAAGCAGGAGCTGGAAGATATTGATGTATTCTGTGAGAAAATTTCCAACGCCAAGAAAGCTCAGGTAACTTCTGACTTCATGATTATTTCCCGTATCGAGAGCCTGATTGCCAATGCAGGGATGGATGAAGCCCTGAAACGCGCGAAGGCTTACATTGAGGCTGGTACCGATGGAATCATGAT
CP175953.1_gap11	323600	327672	4072	ACTGGAAACTGATTGCCCAACAAATTGAACACATTTATTCACAGTGAAATGGAGATAAAAACAGCAATTATACTGGCTGCAGGTAAAGGCACAAGGCTGAGAAGCGTAACCGGGGACGAAATCCCGAAGCCTTTAACCCCGTTAAAAGAACAACCCCTCATTGAGTACTCCATACAAGCATTGAGAGGCGCGGGGATTCAAAGAATTCTGATCGGTTGTGGTCATTTGCTGCCAGAATTCAACTACCTGGAGAAAAAGTATAGTGAAGTAGCGATCGTTGAGAATCCATTTTATGATACCCGGGCAAGCATTTATACGTTGCTGATGTTTGAGTCGCTGATGGATAAGCCATTCTATTTATTGGAAGCCGATATTTTGTATGACCCCACCATTTTTGAACGGTTCACCCCGACAGATGACAATCAAAACCTAATCCTCACCTCTGCTCCCCTGAACCTGGACGACAATGTATATTTCAGTTCCAAAGCGGGCCGGCTGACCAAGCTCACAAAAAATGCTGAGAAAATAGTGGATCCGGAAGGAGCAATGACAGGAATATGGGCATTTTCGGCTGGGTTTATGAAACGATTTACCACATTCTGTGAACAGATTAACATCGATTACAGTGAGGATTACGAAGTGTTATTGGCACAGTACTCATCAGAACAGGAGCCTATTAATATTGCCCATTTCCGGGAACTGAACTGGTGTGAAATAGATAATGAAGATCACCTTGAGTTTGCTCTGACTGATGTGTTGCCCAAAATCATACAATGATTTTCAGGTTGCTGTTCTGCAGGGGTTCAACTAACCCTAAGGCTTTTCCCAGTAGCCTGTTTCAGGATTTCTAACAGCATCCTTATCCAAACATCCATAAATGGTTTTCAGATACGCTTCTGTCTTGTCAGGTATGCGTGTTTGCAGCCCCCGAATCTCGAAGTCTTTGGTTGGAAAAACCAAGTCCTTCGGGCTTGGAGAATTATAGTTTTCCCAGTCCGTTTCTTCCGTACTAAATAATTGACCTTCTTCCTCTCTGTAAAAATAGATATCAGCATCAAAGCCTTTATAACTCATATACAGTTTGGGGCCGTTATGCCGGTTAGAGGTATCATGCATAGTAAGTTCCGCAGGCAGCTTATCCAGATTATTCAAAATATAGGGATAGTGTTTTTCATGGCAACCATAATCGATATCGATATCGTGGGCAATGATATCATTCTCCCTGTAAAAGCCCAGCAAAGTGCCGAAATCAACCCAATAATCTACCTTTATATCCTGCAAAAACCGGTTGGAAGACTCGAACAGTTCCCAAAGTATTTGTTGCCTTAAGTCTCCGTTATTCATTCTCGTATGAACTAATCTTTGAGTATATTCCTGCAGTCGTCTGAAATGGTAACTTATGGGGTTTAACAAAAAGTCCTCCTTATAATCACTGAATGAATTTTGATGTAGTTTACACGTGGGTCAACGGATCAGATCAAGAGTATGCAAAGACCCGTGATGCCTATGCATCCAAAAAAAAAGATACCAATCCTGAGCGCTATCGTGACACCTTTCAAATGATCCGTTTTAGCCTGCGTTCACTCGAAAAGTACTTTAACAGATTTAACAAGATATACATTTTAACGGCAAGACCACAGGTACCCGAATGGCTTGATGTAAGTAATGAACGAATAGAGCTGGTACATCACGACCAGGTAATTCCGGATAAATATCTCCCTACGTTTAACTCAAATGTTATTGAAAGTTTTCTTCATAATATTCCCGGATTAAGCAAGAATTTTCTCTACATGAACGACGATTTTTTGTTTGGAGCCCCCGTTAGCCTGCAATCATTTTATAAGGATCATAAGTATCGAGTGTACAACACCTTTTTTGGAGAGAATCTGAAATGGAGAATCCATGACGGATACAGAGATATTGTCGGATTGGGCATCATTGAACATCAGCCTATTCTGATAAATAAGAAATACTGGGAAGAAGCCTTCTCGGTATTTCCCGACAAAACCGAGAACACGCGTCAGCATAAATTTCGGAATGACCGCGATTTATTTCCTTTGAAGTTATATCGGTACCACATGCTGAAACATCACCGAGATGAATCGGACCCTGTATGGATTACCGAACTAATTAAAATCTTCAGATTTCATAAATTGACCAACAATTTCAGCAAACAACAATCTTTCTTTGATAAAATGAGAAGAAACAGCCCGGAATTTTATTGCTTGAATGATGACCTCCGCGGGAACCCGAATCCAAAGGTTGTGGAGCTGGTGAAAGATTTTTTGGAACAGAAGTATCCGGCACCTTCTTCGTTTGAATTAACTGATTAGTACACGCCCTGCTTATGCGGTTTATCGCTTTACTTATAAAATCCTCAATGCCCATATTTCTGGTATCCAGTATATCCAGTGCATTGACGGGACTGTGTTCAACTTTTTTAATTAAAACAATACATCAGGCGGTTACGTCTGCTGATTTCACCTTAGATCAGTTTCTGTGGAATTTCGGTTTATTTGCTTTGGGGTATATGATTTTTGCCTTCATAGCTTCTTACTCAGTATCAAAACTCATCCAATCGATTGTCCATAAACTTCGTGAAGATCTCTCCCGCAAAATCCTGAAAGCTTCTTTTGAATCGGTTGAAAAAAAACAGCCGAAGCTTCTGGCAATACTTACGGAAGACATCAAAACAATTGCCTACTCGCTTGACAGACTCCCCGGTGTAACAACCGGTATCGCTACTGTTTTGGGGATTGTAGCCTACCTTGTGTTTTATTCTCCAATCCTTACCGTTGCAACAATTGTACTATTCGCCCTGGTCTTTCTATTTACGAAAGTCACCTTACCATTCGTTAAAAAATATTCTGACCTGGCCCGTGAACAACTCAACGATTTGTACCAGCATTTTGAAGGCTTAGTATTTGGAATAAAAGAACTCACTTTGAATAAAGATTTCAAAGAATCTTACCTGAATAAGGAGATTATTCCTACGAGCAGGATACAGAACCTGCATGCCCTGAAAGAAAATGTTATCGCTTCTTTTTCCAATCGTATGACGGATATCGTATTGCTTATGGGTTTGGGGGGAATGATAATCGCTATATATAAAACCGGTTTTGTTGATCTGGAGTTTTTTGGGCGTTACCTGACACTCGTTTTGTTTACGCTGGCCCCTTTATCCACTGCAAGTGGTTTTTTAAGCAATTTGAAACGTATCGAAACCGCACTGGAGCAAATAGAATCGATTGGCCTCACTATGGAAAATACCGATGGCTCTATAAATGAAATTACATTAGATGACACAAAAACCGGGCTACCCCAAATTGAGTTAGAAGCAGTAGTACATCAGTATCTCAATGATGATGGAGGGAAAGTATTTGAGCTTGGGCCGATTGACTTAAAAATTAATCAAGGTGAAGTAATCTTTCTTGTAGGGGGAAACGGTTCCGGTAAAACCACTCTTGCAAAAATTATTACAGGCTTATATAAACCGGTGGGTGGCAATCTTAAGTATTATGGTCAGCCTGTTAACGACCGAAACCTGAAACACTACCGTTCACATTTTGCTACCGTTTTTTCAGATTCCTATGTATTTGATCACCTTCATCATATCTCTGTAGGAAAAGTTGACAGAGAAGGTGACTATTTGATTGAATTGCTGGAACTAACTGATAAAGTTTCTATCGTTGAAAACAGATTCACCACAAAAAAGCTTTCGGACGGCCAACGTAAAAGGCTCTCATTAATTCAGGCCATACTCGAGGATAAAGATATATATCTACTGGATGAATGGGCTGCTCATCAGGACCCTCACTTCAAGACTATCTTCTATAACAAGATTATTCCCTTCCTTATCGAAAAAGGGAAAACCGTTATCGTAATTACTCATGATGACCGGTATTTTGATACCGCGGATCGTGTGGTGAAAATGCAAGATGGGAAAATTGCAGCAAAAGACTCACTCGTTACTAAATAGAACATAAGCCTTGGGGACGAATCCTAACTATATTATTTCTGCTGCAGATGAAAGATACTTCCGGAGTTTCCTTCAACTCTACCATTCTTACAT
CP175953.1_gap12	361199	365493	4294	TCTTTCCGATGAGTATCAAACCGTTTATGCAAAGGATTTGGGAAGTAAGGCAGCCCCTACGGCCGGACTTCATTTCACTGATGAATTGCTTGCCAAACTGAAAGAAAGTGGGATAAAGAAAACGGAAGTCACCCTGCATGTAGGCTTGGGTACCTTCGCCCCGGTAAAAACGGAAAACCTGGACGAACACAACATGCACAGCGAATGGTTTCAGCTAACCGAGTCAACCTGTGAAGAGCTGAATGCAGCCCGTCATATAACCGCGGTGGGGACCACCAGCATCCGCGTGCTGGAGACTGCATCCAACTCCGAACGAGAATTCACCCCGGAAAGCAGGGAAACTGATATTTTTATCACTCCGGGCTATTCCTTTAAAGCGGTAGATGCTTTGATCACCAATTTTCACCTTCCCAAAAGCACCCTCCTGATGCTGGTGGCTGCTTTTATGGGATTCGATGAAATGAAACGGGTTTATGAACACGCCATCAGCGAGGAATACCGTTTCTACTCCTTCGGCGATGCCATACTGATTCTTTAATAAATTCAGACTTGTTTTTTGCTGTTTCTGAACCCTACTCTTCTTATATTTGATGCCCTTTTGAAAATATCACTCGATGTTCACCCTTCGGTGTTCCTTGTTCGATATTCAAATGCGCCCGTAGCTCAACCGGATAGAGCGTCTGACTTCGGATCAGAAGGCTGAGGGTTCGAATCCTTCCGGGCGTACTTTTATTTATATGCTTTTCCTTCTATTCTACAATTTTCCCACACCTATTATTAAAGGTTTCTAATATTATTATATTACTTAAAGTGTAATAACCCTCTTTAGGTTTTATAAAAGCTTTAACAACCTAATCCACATCAACTTTGTGTGGTTAATTAACCCTGTAAATAATGGGAAGTAACTTTACGGAACTTGAGCGTTCAGAGAATTCAACGTTGAATCTCGCGATGAAATTAATTCACGAGATCACCCAACTCAATGATTATGAGCTTTCGGTTTCTGACCTCATTCGCAACGCTTCTCATCTTATATCTAAATTCTGGCCTGAACAGGCAGGCGTTTTAGTAAGCGTAAGTTTTGATGACATTTCTCATCATTCAGGGCACGAATCCTCAAACACTGAATTTTATAAAACCGGTTATGAAGCAGGCGGGCTTCCTGTGGTGGTTTCAGTTTCTGCGGAGAGCGACCATCACTTCAATGAAGATGATACCTATTTCATTGAGACTGCATGCATGCTTGTAGCATCAAAAATAGACCGTATTCTATCGAAACAGAGAATACAGGAAGAGCAGGAGCTCATTGATAAGGCTTACCAACTCGCTCACATTGGTACCTGGGAATATGATATGATTAACCATGAGCTACACTGGTCCGATATCACCAAACAAGTTCATGGTTTTGAAGCGGATTACCACCCCGATGTAGAAAGTACGATTCAATTGTTTAAGGAAGGTTACCATCGCGAAACCTTTGCCAAAGCCGCCTATGACGCTATTGAACATGAGATCCCATTTGATGTTGAATTAAAAATTATAAGCGGCAAAGGTGATGAACGATGGATAAGAGCTACCGGTGAGCCTGAATACGCTGACGGACAGTGTATCAGGTTTTATGGTATCAGCCAGAATGTAACGGGGCGCAGAAAAGCCGAGGAAGATCTTGAACTTAATGAGAGAAGGTTTAAAGCTTTAGTACAAAACGGGATGGATATGATTGCCATCCTTGATGAAGAAGGCAACTATACGTACGCCAGTCCGGCATCAAAGAACGTACTAAATCTTCCTCCGGAATACTTCATGGATAAAAATGCATTCGACCTTATCCATCAAGATGATAAAGACAGACTCTACACATTATTTACTTCTCTATCTAACAACGAAACAGTTCAGATTAACCCTTTTCGTTTTTTGAATAATGAGAAACAATGGAGGTGGCTGGAAGGCACGATCACAAACCTTAGCAATGACCCTGCTGTTAAGGGATACGTTGTGAATACCAGGGATATAACGGAACGGCAGATTAAACACGAGCAAATTCTGGATTCGCTCAGGGAAAAGGAAACCCTGCTTTCAGAAATCCACCATCGTATTAAGAACAACCTTTCCGTCTTAGTCACCATGCTTCATTTACAAGCTTCTGATGAACAGAATGAAGCTGTTTTAGACCGGTTACTTGACAGCATAGCCAGAATCCATACCATGGCCAGCATTCATGAACAACTTTACCAAACCAAAAACTATGCGGCCTTAGATTTTAGTGAACGCCTTAAGCTTCTGGCTCAAACAATTAAAAAAACATTACAGACAGATGTTGAGGTTGAATTAGTGTTTAATTGTCAACCACTCTCCATCCCCGTTGAGTATGCTTTAACTTGTTCGTTAGTTGTTAATGAAGTACTTACTAATGTTTTCAAACATGCTTTCAGTGGCATGGAGAAGGGCCGTGTGAATTTGGATTTAAACCCTGAAGCAGCCGAGGATAAACCTCACCTTAAAATTTCAGATAATGGTGTCGGGTTACCCAGTAATTTCAATCCCACTGAAAGTGACTCATTAGGACTGTCACTAATAGATATGTTATCTGAACAAATAGCCGAAGACTATTCTTTTAGCTCTTCAGATAAAGGCACCGTTTTTACTCTTACCTTTAGCAAAGAGGTGCTGGAGTCGGATTAATTATTTTCGCCTTAAAGCATTCACTTACAATCTCGGGTTCACCACATTGTTGTAAATAGAACCAAAGCTTAGCTCCAGGCCAAAGCTGAGTTCATAAGAATAGGAGGTTGCCCGTTCTCGCAGGTTCAGCAGCTGCTCCTGTTCGGTAATACCTCCGGCCGGGATAGAAAGTTGATTGTTAATCCAGTCATATTCTCCCCTGAAATAGACCGACAAGCCACGAAAAATTCTGAAGTCCAGTTGCAGATCGGTTCCTATCCTGTTTTTGGTAAAATCATGCAGAAATGCGGAGCCAACAATCCGGGCCTCAAATTCACCCCAGGGTTGCGTAAACCTGATTTGGGAACTTAGTTGTTGCTGTAATAATTTCTCAGAGGTTTTACCGTACACCGTTACTTCATTGTAATCATAATACCCACCTGTAAAGCGATACATAAAAGTAATTTCCCGTTTGGTAAATTCGCTGTACGGGAATACGCTGTACTCTATCGCCGGACTTCCTTCCAGTAATAAATCATAGTTACTTCTTGTAGAATGGCGAGCTTGTGATGAAATACCGGCCGACCAATGGTCTCCCAGGCTTTTAACTACTAGTGCTTCGGCGTCTCTGCTTTCGCGGGTAAAGGTGTCGGTTTCTCCGTCATCTTCAAACGTTTGCTTTTCGTAGTACTGCTGTACCTCAAGCTCAAACTTCCATTCCGGAGTTACCCTTTCTGCACTTAGCCGACCGTTTAGCGAAAATTCATTTTCAGACTTCTCTCCTTCCAGATCCGTATCGGCGTTTATATCAAACACCCAAAAGTTCCAGTCATCTCTTTGCTCTTGTTGTTTTCCTTCATTTGCAGCGTCGAAATCAATAATTAACCGTTGGGCTACCGGCCGATCTTTTAAGTAAGGAAATAAACCCAATTTAATGTACTGGTTTAATCCATTTCTCCTTTCATCCTCGGTATCCGATTCCGGAGAATAGAATATCATTACATCGTTTACCCCTGAAAAGTCATTTTCTCCAATAAACTCAAGCGTATATTCCTGCCCCTCGCTTCCGGTTTGTTGACGGGTGATCAACAAATGCACATCTGCATCTTCATTTGTACGAACGTAATTAACGAACTGAATTTCATCACGGACAAAACTCTCATCACATGTTCTTCGGCAATCCAAAAATACATTGATGGTTGATGTTGAATCCTGAGCCGTTACAGATCCGGGATATATAAAACCGGCCAGCAGCAACAAATACGTTAGTTTCTTTTTCATTTGATGGAATAAATTAACGTTGGTTTTAATCTTGGAAGCATGATTAAGGTAAACAGAGGGTACTGCCTTTTCTGTAATTCTTTATTAAAAAGAGCCTTTTTGCTTACATGACAGTGGACTAACCCACTTGCCGGCCGGTTCATTCAGTCTATGAAAGTCAAATATCAGGGCAATAGGAACTTTCTATTTCCGTGGTGAGTTATATGTGCATACATTTAGTTCAACATTAAACTATTTAATACTAATCTAACTTATATTATTATGGCAACCTGGAATATTGACCCTACTCATTCAGAGATACAGTTTAAAGTGAAGCACCTGGTTATTTCGACCGTAACCGGAAATTTCAAAA
CP175953.1_gap13	367524	369956	2432	GTTCGGAATTAGAAGAAAGGCATGCAATGAAACGATGATAACCAAGGGAACATGGAACAGAAAGGTGTAAATAACATCGATGGTTCGGATGTCGCCTGTACGGCTGAACACTTCCAATCCGGCATAAAAAGAAACTGCCCAGAACACCAGGTACATAAGCAGTTTCTTATTAAACAGTTTACTGAACCGCATTTGGCACCCTTTTCAGTGTTAACGGCTCCTGGTAAGCATCTTCTTCTTCCCCATATTTCTCTACAAACTGTTGCAGTTCAGGGGTTGAAGCTGTGATTAATATCTCCGTAGAATCATCATAATCGGCTTGTACCACTTCGTGCTTTATACGAACACGGTTATTCAGAATTTGATCTTTGATCCAGCTGCTTTCAAGGTGCTCCATCACCAACTTCGAGTCCTGCACATCAATCCTCGAGAAAGTATTAATGTTAAACCTGTGAGTAATAACCGGGGAAGCAGACATCCCCAAATCAACATCAAAAAGCTTAAGATTAAGATAATAGTGGCCATTCAGCTTGCCCACCTTTCCTAAAAATAACACCGGTGTAATGTTAGGTTCATCAGTCTCCTCAAATAAAATCAGGTATGCGTTCATTTTTAGCGAGTCTTCATCTCCGGGATCAAAACTTATATCTTCATCAGGATATTTCCGAATCAACTCCGCGAGCATTTTCGGGTTATTATCTGAAGCGAATGTCCACCGCTGATCTCCATTTTCAAAAGTACCATCCAATCCTTCTAACAGGATGGCTTCTTCAGCTGTAAATAAGGGGTGAACCGATTTCAGAAAACATCCGGACAGGCTGAGCACCACCAACGGAAGGATCAAAACTTTAGTTATCGTCTTTTTCATAATTTCAGTGATTAATTAAGATTGCACACCAAAGAAATAAAGCTTTTAACCGGCATTTAAATTTATTCGATGAACGCACATGATATCTCGATGAACGTTTTGTTTGCTGTGGTTTTTTATCTGCTAAAATAGGTAAATGAAACAAACGGCACTTTAAAATGGAATTTATGTGAGTTATAATCCCTCTTAAATCTAACTAACTACCTGTTATGAAAAACATTTTCTTTGCTCTTCTTTCACTATTAGTACTTAGCAGCTGTACACAACCTCAGAACACTAATGCTCCTCAACCTGAACAAAAAGAGTGGGCTATCGCTTTACATGGCGGGGCGGGATATGTTTCTAAAGATATGCCCGAAGACCGCAAGCAAGCTTACATGGAATCCCTGGAGGAGGCGCTGAACATCGGTGCCGAAATTTTGGAGAATGGTGGCTCAGCCCTCGATGCTATTGAGAAAACGGTTAACTACCTGGAAGACAACGAATTGTATAATGCCGGAAAAGGTGCCGTTTTCACCTCGGAAGGAAAGAATGAGCTGGACGCCGCAATCATGGACGGCGCAACACTGAATGCCGGAGCCATCACGGGAGTTACAACGGTTAAAAACCCGGTTTCACTGGCTCGCAAAGTAATGACTGACTCCAAGCACGTATTCTTTTCTGCGGATGGAGCCGAAACCTTCGCCGATGAAACAGATGTGGAACGTGTAAACCCCGAGTATTTCTACACTGAGCGCCGCCTACAGTCTCTGAAAAGAGCCCAAGCCGCCGAGCAGGAATCGAACCTGATTGAAACCAACCAACAAAAAGCATGGAAATACGGTACCGTTGGCGCTGTTGCCCTTGACAAAAACGGTAAACTTGCGGCCGCAACCTCTACCGGCGGCATGACTAATAAAAAGTATGGGCGTGTAGGTGATGTTCCTATCATCGGGTCCGGAACCTATGCAAACGACCTTGTTGCCGTTTCTGCTACCGGATGGGGAGAAAAGATTATGCTGAATGTATCGGCACACACATTGGCGGCCTACATGGAATTTAAAAATGCCACATTACAGCAATCTATGGATTACCTGGTGGATGATGTACTTGAACCGGGTGATGCGGGCTTCATTGCCGTTGATAAGTATGGGAATTTCTCCATGAAAACGAATACCGGGTCTATGTTCCGTGCGGCAACCGATTCGGACGGAAATAAAGAGGTAGGAATCTGGGAATAATTTCAAATAAACATCGTAGAGACATAAGATTTTTTGTCTCTACTTTTTTTGGAAATTATTCTAACCCGAGGCGAAATTGGTCGCGCAGCTCTTGGATATAGATTCCGATATCATTTCTCAGTTCAAACAATACGGAATGAAATTCCAGGTACTCTTTTTTTGCGAAGAGTGATTTCTTTTTAAGAGACTGTAATAATTCAAGGGCATGATTCGCACTGGCCAGCGCCTTTTTGGAGTATGCGATATTGGCCCCAATGTATTCCGGTTCAAAGCCAAAGGAATGTCCGCCGGCAAGCTTGGCGCCAATTTTTAGGCTTTCATCCACAAAATCCTGGAAATCTTTT
CP175953.1_gap14	525400	528607	3207	TGCTTCCCGATCCATGTTTTCATACATGTCGTCAATCAGCATCACCTCTTCTTCGAAGGCTTCCTTTTCCACGCTCGACATGGACGAAGCTTCAATAGCATCTTCCAGATCAAGAACTTCCGTGACGGCCTTTTTGGCTCCGTGTTCCGTCTTTTGATACATGTGTACTTTCTTCTCAATCACATCATAGATGCCCTGGAATTTCTGTCCGTAGCCCATAGGCCAGCTGGCGGGCACGGCTTCAATCCCCAGCTTATTCTCGATGTTACTGAGAATTTCCAATGGCTCCATCCCGGGGCGGTCACATTTATTCACAAAGGTGATGACCGGCACTTCACGGAGCTTACATACTTCAAATAATTTCTCGGTTTGCTCCTCCACGCCTTTGGCTACGTCAATCACCATCAGGCCGGAGTCGGCAGCTACTAAAGTTCGGAGCGTATCTTCAGAAAAGTCTTTGTGACCCGGTGTATCCAGCAGGTTGTACTTGATCCCTTCTTTCTCAAACCGAAGTACGGATGATGTCACTGAGATACCACGCTCTTGCTCTATCGACATCCAGTCGGAGGCGGCGTGCCGGGTAGCTTTTCTCGCGCGGATAGATCCAGCCTCGTGCAGCGCTCCGCCATACAGCAACAGCTTTTCCGTGAGGGTGGTTTTACCAGCATCCGGGTGAGATATAATGGCGAAGGTTCGTCGCTTTTTCGCCTCTTTGATGATGTTTGATTCGGCTGTGGCCGTGCTCATAGTACTTTTTGACTGCTTGATTAAGCTTTAAAGATACGGCCTTTTGCTTGAAGTTTGTAGTGAATGATTTTCGGAATAAGTGATATGGTGAAATGGTGATGTTGTGATGTGGTGGAGGGGATGATAAGTATGCCCGTGATTGAGACTGATTGAACCTCGTGCCGGACGCTCTGCGTCGGCACGAAGACTTACCGGGCAGGATTTGCTTTCCTTTTCCAACGGGTGGCTGGGAAAGTGGTGAAAATTTTAAACCTGTAATACAAGTTCAATATAGGGTCAATCAATTCAGATAATCACTCAAATCAAGAGTAATAGTTTTACCAAAAGTTCTTCCTTCTGCTATTATTTCTATGTAGCCGTGATACAGGCTTTGCAGCGTATCATTTTCAGGTACAAAGTAAAATTCGTTTCTAGGTCCGAGATGAGTTATCAGATCATAGATATATTTGTTTTGTTTACGAAGAACTGTTAGATCCAAAGTAGGGGTAAGCGTGACCCAAGAGCTAAAGTTTGTGTAGTTCATATTTTCCACCAATGGTGAATAATGGGTCAGCAATCTAACCCGGGGGAATTCAGGGTCAACATCTAAGATTTCAAGACGTTCAATTCTTCCGGTTTTAGGAAAAACGGCTCTTTGTCGGCCACGCTCAACCGGCTCTTCAACTACATGTATATTAAAAGGAAGAAAAACGGTGTGAAGGTCATTTGAGTCATTTCTTCTAATATCAGCACTGCCAACAATAGCCCCTTCAAATTGTCCTGTTTTTTTCCCGATTATAAAGACATAGTCTTCCTGTCGATGAAATTCGACATTCTGAGAATTGGTAATAAAAGTTTCTAAATAGGGCTCTGTTCTGCGGTTTCCTTCACAATCATAGTCGTATTCCCAATAGGGATCGGTGTTAAAGAATACCGTATCTCCCAAAGTAACATATTGATCGGGTATTGGAGAAGTAGAGACGGAACCTATATCCGGGCTCAAAAAAGGAAATCCGCATTCTATACCCTCTACTATAAAACACCCCGGAAGAAAAAGCACAATCAGCAGTAAATAGACAGCTCTCAACATCTTTTACCTCTCTGTTTTTTTCAGAATGTAATTAAAATGAGGTAAATAAGGAACTTAGACCGTAATTATCTCAGCTCCCAAACGCCGGTTGTTTTTCCTGGCACTTCGAAATCTCCGGAAACGTCTATTTTTTCTCCTGAAACCACATTTACCCCATGTTCAAAACCATTTAGAATTTCGGCAAAACGAGTGCTGTTTAAAGTATAAGACCCTTCATTGGCATTCATGACCACCATCACGGTTTGCTTTTCGTGAACCCGAAAATAGACATAGGTATTATTTTCTGGCACAAAGTGAACCAGCCGCCCTTCATGAATTGCTGCAGCATTTTTGCGCCAAGTGGTTAGTTCACTGATCCAATCCAGGATCTCGTTCTCCTTGTCGGTGCGACCTTTTTCGGTAAATACGCTGCGGTCGTCATCAGGCCAGCCGCCGGGCATGGTTTGTCGCCAGGCCTCATCATCACCACCCCGGTTTTCGTGCCCCATCATCAGTTCTGTGCCATAGTAAACCTGTGGAATTCCACGTGTGGTCATCAAAAAAGCATAGGCCATTTTGAAGTAGTCTTCGTCTTTGCCCACCGTTTCGTAGATGCGGCCCATATCGTGGTTATCCAGGAAGTTTACGTTCAGCATGGGGTCGGCATACACAAAATCCTGAGACAGCACGTAATACAATTTGCTTAGTCCGTTCAGCCAGCCAAAGTCTTCATTAAAGGCCTGACGGATAGCATTGGCAATTTGGAAATCGGTTACGCTGGGAAGGTTTGAATCATAGCCATCATCAACTCCGGGCTTATCGTATTGCCAGTAGGCTTCAGCAGGAACGGTGTTCACCCATGATTCTCCCACAATGTTAAAATTGGGATAGGCTTCCAGCACTTCTTTCGCCCAGCGCGCCATATACTGCTGGTCGGGATACACGTAGGTATCCATGCGGATGCCATCGATTCCGGAGTACTCAATCCACCAGATGGTGTTTTGAATCAGGTAATCAGCAAGCAACTCATTCTTCTGATTCAGGTCGGGCATTTCCTTCACAAACCATCCATTCATCAGTTTGTCGGAGTCGTATTCCGAGGCATAAGGGTCGGAGGCCACGGCTCCCCGAAAATTCGTGGTTCCATATTCTTCGATATCATGTACCCAGTCGGAAGTCGGCAAATCATCCATCCACCAGTGCCGGTCGCCGATGTGATTATGAATCATATCCATGATCACTTTCATGTCTTTTTGGTGAGCTTCTTCCACCAGCTTTTTATACTCCTCGTTGCTTCCATAACGGCGGTCAACCCGGTACAAGTCGGTGGCGGCATAACCGTGATAAGCCCCATAATCAGCGCTCATATCATTTTCGATAATCGGCGTGAACCAAATGGCGGTCATTCCTAG
CP175953.1_gap15	556302	558942	2640	TGGACCTACATCATCCTGCTTATCATCGGGATCATCACAATAAGTGCTTATTCCATATTAACCATCCGCAGTTTTTTGTTGGATGAAGGCGTGGAACAGTTTGAGAGGGATGCACTTTCCCTGGCTCTTGCGGCCGGCAGTTTTAAAGATAATGCTCTGTTTGATGATAAAATTCAGCGGCAGGCCCGACTTTCTAAATACGAAATGGCGGTTTATGACAGAGGCGGGGTTCGCTTTTTAACCTTTCCTGATTCTGCTTTTGAGGATGTAGAACCGTATTTGAACGAAGATTTATTAACCGAGCTGGAGCGTGAAGATGGTGACCCTATCGTCCGGTCTGACGAGAACCCGGAAAAGCTTATCGCTTATGTAGATCTGGGGCAGTCGGATAACGCCGCTCAGTACCTCAGAATCAGTCAGAATAAAAAGCAGTATTATGCTGCAGTGGCCAGTATTCGTCATATTATTTATGCGGGGATGTTCTTCTCCATAGCGGCTGTGATCGTTGTTAGTATTTTATTTGCGCGGTACATGGCGGCACCCATTCAGCGGTTGAATGAGGCAGCACTTGATATTGCAAAAGGAAACCTGGACCGCAAAATTGATCTGAACAGAAATGATGAGTTCGGCACATTGGCTGATTCACTAAACCATATGGCTCGCACCCTTCGGGCAGATAATGAGAAGCTGAAAATGCTCAACGAAAAGCAGAGCCAGTTTTTCGCGGATATAACTCACGAAGTCAGAAATCCTCTGCACACCATTTCCGGAGCACTAGAGATGTTAGAGCTGAAAAACCTTCAGCCTGAAAAGAAAAAGCAGTATATGGTGACGGCTCAGAAACAGATAAAAAGAGTCGCACGATTATTCGAGGATATCAAAACGCTGCAGCGGTATGATTTTGACGAAAACTTTATCAACCGTGAGGTTTTTGATTTAAAGGAAATTATTGACGAAGTGATGATGGTGTATGAGCCGATTGCACAGGAAAAAGGACTTCAGCTAAAAGCAGCTAACCTGCAGTCATTTATGGTAAATGCCGACCCAAATAAAATGGAGCAGGTGGTAGATAACCTGATTTCGAATGCCATCAAATACACCCAGGAAGGCGAGGTGGAAGTGGGACTGAAGCAAATGGATGAGCGGGTAGAAGTGTACGTAAAAGATACCGGACCCGGAATTGGCAAGGAGCACCTGGATCGTTTATTCGATCGCTTTTATCGCACGGATAAGGCGCGGTCAAGGGATAAAGGCGGGACAGGTTTAGGCTTATCGGTTGTTAAGGGAATCCTCAATGCACATCAAAGTGATATCAAGGTAGAGAGTGAAGAAGGAGTTGGAAGCCGGTTCTATTTCAGAATTCCGATCTATGAAAATAGCTGAACGCAAAAGCAGCCAATGCTCCGCCGGTTAATGGAGCCAGTGTATAAAGCAGAGAGTGAATAATAGAATTTCCTCCATTGATAAGATCGAAGCTGGCTGTGCCTATGGAGGTTGCCGGATTTAAAATACCGCCTGAAACGGGGGTAGCCACCATCAGCATTCCGCCAAAAGTAAGTCCAACAGCTAAACCGGATAGGGAGTTTTTACGGAAGCTTTTAGTGAATGTGAGGGTAAGCATCACCAGTACAAAAATGAAGGTGAATACAACTTCGGCAAATACCTGTTGATATAAATTAGTAGTTGACGGAGGTTCAATGTAAAAAACAGAAGTGGAGAGAAAGAAAATAGCTGCTGCTGCCAGAAATGCTCCGAAAAGCTGTGCGATCAGGTAGCCTGCCAATTCAGCTCCGGAAAGCCTTCTTTTCAAAAAAAATGCGAGGGAAACGGCAGGGTTATAGTGAGCTCCCGAAACGCGGGAACCAATATAAACCAAAGCCATTAAGGTTAAGCCGATAGCGAGCGGATCTCCTGTAAAGCCAAAAACCAATACAAGAAAAAAGGCACCAATCGCCTCCATTACATATGAATGCATACCCTGATTGTAAGTCTTCAAATAAACTCCGAGTGTCCTTCCTTTCAGCTGAAACTACCTGCCGGAAGAAGGAATTGCAAGAAAGCACATTAGTATTTTTGTAAAAATTTCCTACAAATAAATCTAACTATTTAACTTCATATAGGTTTAGAAAAAGGATATTTTTTGACAAATAAAACTTTTGTGATGAAAATACTTCAACAATTAAAATCCCGGTGGGGAATAACCAGCAACTGGCAAGTGCTGGTGATACTCATCGTTTTTGCTTGCACCGGCTTTACGGCACTTTACGCCAGACGTTTCGTTTTTAACCTGATAGGGATTATCGACACGGATCCGTTCTGGCTTAAGGCGGTTGTTTGGCTGGTAACTATCCTTCCGCTGTACAATATTTTCCTGCTGATCTATGGAGCCTTGTTTGGCCAATTTGAATTTTTCTGGGCTTTCTTTAAGAAGATGATGAGCCGCATGGTGCCAGGTAAATCGGGCTCAGGGGGATAGAGCTTCACGATCTTTTTTGGGAAGCCTGGCTACTACTAAGTCATAAGAATGTTTAATCAGCTCAAACAGTAGCTCATCTCCTAAAGCACCGGTAGTACTCACCGTGTTCCAGTGCTTTTTGTTCATATGATAACCGGGCTTAACCTCTTTATAGGATGCTCGAA
CP175953.1_gap16	575438	578472	3034	TTTCAATGATTACCTGACCGGGCAAGTGGATGGGGATATTTACACCTCCGGCACCTTTTACCTGAATGGGCGGATGCAGTACCGGAAAACCAACTGGTACAACGGATCGTTAGATATCGGGTATTCAAAAGACCGGGGTCTGGAACCTACAGACCCTGATTTTGAACAACGGGTGCAAAAGTCGATTGGCATTCAGCATAACCAAACGATTTCACCATATGCGTCGGTATCTGCAAACGTAAACCTTCGGACAGAAGATTATCTGAGAAGAAATTCCTATGACATTAACGACCGGGCCGAGACGAACTCAAGGTCAACAATGGCGTACAATTACAAACACCCGGAGAACCTGTTTACCTTCAGCACTAACGCTCAGCTGAACCAGAACTTTAGCAATTACTCAACACAGCTAAGCGGTCCATCTGCGAATTTCAGATTTCAAACATTTTCTCCTTTTCAAAACAGTTCATCCGGCAGTGGTCAGCAGCGATGGTACGAAACCATAAACATAAACTACGACAACACACTCCGATCAAGATTCAATTATAACCCTATTGACGCCGATAGTGCCGATGTCACGTTTTTTGAAGCACTGACCGACCGGGACTTGTACGAAGAGGCGACCGGCAATCAAAACTATATTCAGGCAGGGTTCCAGCAGTCGGCAAGTATACAAATCGGGCAACTCGTACCCAGCCAGTTTTTAAATATATCTGCCGGCATAAGCGGAAATGAATACTGGTACCCTTCTTCCATTCGGAAATCATACAATGCTGATTCCAACCGGGTGGAAACGGATAAAATGTATGGTTTTGAAGCGGCCCGCGATTTCAGCACCAACCTGAATTTCAGTACTACGGTATATGGAATTTCCAACATGCGGATCGGGAACCTGCAGGGATTCAGGCATACCGCACGACCGAGGATTGGTTTTAGCTACCGGCCGGATTTTAGTTCGGAAAGATGGGGTTATTACCGAACAGTACAGACCGATAGCCTCGGGAATACACGGAAGTATTCCATTTTTGAAGATGAAATTTTTTCCGGACCGGGCAGAGGAGAGCAGCGATCTATTAACTTCTCGCTCGGAAATGTATTTGAAACGAAAATCGTAAAACGTGACAGCACCGGAGAGGTCACCGAGAAGAATCTGCGCTTTATTGATAACCTATCACTAAGCACTTCCTATAACTTTGCGGCCGACAGCTTGAACCTGAGTCCGCTGAGTACATCCATTAGTTCGAATGCTATTTCGGGACTGAACCTGAGCGCGAACGCCAGTTTTTCATTTTATCAGACAGATTCTTTGGGTCACGAAATAGACCGCTACTACATTGAAGACGGTGACAAACTTGCTCAGCTTCAGTCATTCTCACTGAGTGCGAGTACCTCTTTTCGGGGAGGGAACGGGGTTGAAGTGTACACTCCGGAATATCGCCGCCGCTATGATCCTTATAACCAATCCATATTCAACCCTGTCGATTCCCGGTTCGGTTTGGAGCCGGTTCCGGATTTCAGGTTGCCATGGAGTGTATCCCTGAATTTCAGTTACAGCTGGAATTATCGCTTTAATCAAAGCCCACGGAAAAGGGCAACCATACGTGCAAGCAGCATTTCGTTCAACTTAACGCCGAAATGGAAATTCAACACCAATGTGGGATATGATTTTATTGCGAAGGAATTTACTCCGTCTCAGTTTTCTTTAACCCGAAACCTGGAGTGCTGGAACCTATCCTTTCAGATCAATCCGTTTGGAGAATTTCAATACTACTTCTTCCGGTTGAGTGTAAATAGTTCGCAGATACAGAGCCTGTTCCAGAAGCTTCCGGTACTCAAGAATTTGGAAAGAAGTTCAAGTCCTACGGGCGCAGGATATGGACGTTAAAGAGAATCCCGGCCTATTTTAGCCAGGTATTTAACCACGTATTTCCCAATCACGTCAAACTCGAGGTTAACAGAATCGCCTGCAGATTTTTCTTTAAGGTTGGTGTGTTCCCAGGTGTAAGGGATAATGGCAACGGTGAACTTGTTATCCGATTCACGTGCAACGGTGAGGCTGATGCCCTCCATGGTGATGCTGCCACGACCTACAATCATGTCGGTGAACTTATCGGGGTATTCTACAGTAATCAGCCAGCCGGTTTCTTCTTTTTCAATTTCCGTGATGGTGCCGGTGGTATCTACATGGCCCTGCACCAAATGCCCTTCGATGCCTTTTTGAAGTGTAAGTGATCGTTCCAAATTTACCGGGTTGCCTTTTCCCAGCTCACCGGTAGAGGTTTTGCGCAGGGTTTCTTCCACGGCCTGAACGGTGAAGGTTTCCTCATCAAAAGCAGTGACAGTGAGGCACACTCCATTCACAGCGATACTTTCATCCTCATGGCAGCTACCTGCAAAAGAGCATGCAATTTTCAATTCCTTGCCACCGCCGTTCAGGGATTTGACGGCAGCTACTTTTCCAACTTCTTGTACGATTCCGGTAAACATGATTTTAAAAATATCCGGTTAATAATATATCATCACCGACCCGGGTCCAGCTGACCTCCTTCAGTTCGGCAATTTCTTTCATTTTGTTGATGCCAATGTTAATTAGCGATCGGGTTCCGGCTCCCAACAACTTCGGGGCTATAAATAGTTCGAGTTTATCCACAAGGCCCTGTCGGATTAAGGCGGAAGAGAGCTGCTGACCACCTTCCACTAAAACCGAAGAAATTCCCTTTTCGCCAAGCAGCTTAAACGACTGCCGTAAATCTACATGTCCATCTACTTTGGAAACCTGCAGCACTTCTCCGCGAAAATAGTTCTGCTGCATAACTTTCAGCATGGGGTCGGCATCGGTGGCAGAGGCTTCTTTATTCCAGGTGATGATGGTGGTCTTTTCCTCAAACTTATCTGAAAAAAGATTCAGATCTTTGGGCAGTTCATAGGGGCCGTCAATCACGATGCGCTTGGGCTGACGACCGGAAACATGACGAACGGTTAGGCTTGGATTATCGACCATGGCTGTTGTTCTGCCAACCAAAACGGCATCATA
CP175953.1_gap17	603640	608528	4888	CCTGTAATGTATTGATTTGAGCAAGGTTAGCGAGTCGGGGAAAATTTGGAATGAAGGATTTCGGGGTTTAGCGAACTAAACCCCGTGTAAATTCCAGTTTAGTCACTATTGTCCTTGAACCCGCTCAAGCATGCGAAGCCGGGTGGCTTCAAACTCATCGCCGGAATCCCAGCTTTGCAGGTTCTCAGAATTAAGAGCCCGGAAGCCGGTCATAAAAAACAGGCGGGTGTCAATTTCGGCACCGCTTAAATCCCAATACTCGTTGATCTCATCGTTTACGGTATGGTAATTGGCATCAGCTACACTGTCGCGAACAGCCAGAAAGTTATCCCCCTTGTCAATGTATTCCGTTCCGGGATTGGGAAAGATTGCCGGGATACCAACCTTGGCCATGTTAAAGTGATCGGATCGATAGAAGTAGCCGCGCTCAGGATATGGATCCGGTTTTATGGTTCGGCCTTGCTGCCGGGCTTCTTCTTCCAGCAAATCACTCAGCGAAGTTCTCCCGTATCCCACTACCACAACATCGCGGGTTTTGCCATACACATTCATCCCGTCCAGGTTAATGTTTGCGGTAACCTTGCCCGGCTCAACGGTTGGGTTCTCTGCCCAGTATTGGGAACCCAGCAGCCCAACTTCTTCAGCGCTCACAACCAGGGCCAGCACACTTCGCTTTAGAACAGGCTGTATAGATTTGTAGGCTTCCATCATTTCCAGCAGGGCACTTACTCCCGCAGCATTATCGGAAGCTCCGTTGTTGATTGAATCGCCTTCAACGGGAGTTGTTACTCCAAGGTGATCGAGGTGGGCGGTGAGGACCAGGTATTCATCTTTGAGCTCAGGGTCGCTTCCTTCCACTTTAGCGATTACGTTTTGAGATTCAATTTCCCGGTAATCAGCGTCCATGCTCACATTCATGCGAACGCCGGAAAGCTCGACCGGTTCAAAGTCCCGGCTGTCGGCGGCATCCATCTGTTCGGCTAAATTCAATCCGGCTTCTTCAAACAACAGGCGACTTGCTTCCTGAGTAAGCCAGCCATTGAATTTGGTTGGAGAAGCAGAAGCATCGCCTTCTCCTTTCAGATAAAAACGCTCGCGGCTCCATCCATTAGCAACTACATTCCAGCCATATCCGGCTGTTTCGGTAGTGTGTATAATTATGGCTCCCAGTGCTCCCATCTCTTTTGCTTTTTCATACTTATAGGAATAACGGCCATAGTAAAGCCGGGTTTTTCCGGCAAAAACACCAGGAGAAAATTCCGGGTCGTTGTTTTTGATGACTAAAATCTTGCCTTCTACATCAACGCCTTTAAAATCATCCCACTCTTCTTCCGGGGCCTGGATTCCATATCCTACATATACCAGTTCAGCATTGCGTACATCTACTTCCTCAGCCTGATTTGCCGGCCAGGCCATAAACTCATCATAATACTGAAGGGCGAAAGGAGTACGTCCGTCTGTACGCACCGACATTTCAGCATTGGAAGTGCTTTGTCCCAACAGCGGGAATTCCTGGGTATAACTGTTACCTTCCGCTGCAGGCTCAGCGCCCATGTCTTCAAATTCTGAAATCAGGTAATCCACGGTCATTTGCTCACCTTCCGTTCCGGTTGCCCGTCCCATAAAGTCATCCGAAGAAAGCGTTTCAATATGTCTGAGTAAGGAATCTTTGGTTATGCTATTTGCGGCTTGGTCCGCCGGGGAAGAACTGCAGGCACCAAGGAGGATCAGAGAAGCGATGAACAGATATAATGATTTCATAGTCATGTGAGGATATTTATGTCTTTCTATTTGTGCTGATGTGAAAGCGTTAAGATACTTCAGAAAATGATTCAATAAAAAAGCGAAAGGCAGTTACGCCTTTCGCTTTGGTAAAGTAAAAAAAGATTCGGATCAGTTGGCTGCTTCCAGCTCAACGGTGAATTTCTGAACCATGTCGGTTACCCGTTGGTCGTTAACCATTCCGCCAACCAGGTAAAACTCGTCACCTGCTCTGGCAATGCTGCGGTGATCCATGCTGGCCGTTGGCATTTCACCTAACTCAACCCACGCTTCGGTATCCAAACGATAGGCGAAAACGGTACTTTCAGCGAATGCGGGTTTGGCATTATAGCCAATTCCGTTGTAGTTATAGGGGTTGGTTGATCCGCCCACAAACACAACCATTTCTACCGGAGATGATACACCGACAGCCGCCATACGGTAGCGTGCCTGCCCCGGGTGCTGTTTGATGCGTGTCCAGTTAATTTCTTCCGGGTTCTCGGCGTTAATCTCACCTTTGATACTGCCGGGAGACATCATGAAAATCTGTTCGCCCTCATCAACAACAGTTTGAACACCGTCAGAAAGAACCATCGTGTTGCCAACAATACCACCGGAATGCCCAAATACGGGAGGGCCGGGGTACGGTGTGGCGTGTGACCATGAATTTGTCTGGGTATCATACACCTGCACATTCGAAACGTTGTTGGTGTTATTCCATCCGCTAACCAGGTAGATGTAGCGGTCTAGGTAAACCAGGGAAACAGCGTCTTCAACAGGAAGCAGCATGTCGGCAACCTGCTCGTAAGAATTAGCATCAGGATCATACCTGAATACTTCTTGTGTTGATACTTCAGAACCATCTTCAGCTACGGTATATCCGCCAAAGATGTAAATCTGTCCGTTTACGGTTTCAGTGGTGCTGGCTAACCGGCCGGTTCCGTCAGGGACACCGGGAATTTGCTCCCAGATTCCTTTATTGACGTCGAATCTTGCAGCGAAATCACTTACATCGGCGTGTGTTTTGCCTTCTTCCAGTCCCAGAAAGGTGTACACAAACCAGTCACCGTCAACCTGAGCAGCTGTTACGGCATTGTTGGAAATTCCCATCGGTAATGACTCGGCTTCCTCCCAGTTGAGCGCAACCTTTTGAGGTGCTTGCTGGCAAGAGGCCAACAAAATTGAAAGGGTGAAGAGTAATAATATTCTTTTCATTGTATGAATAATTGACTTATAGTCTGATTTTTAATTTTGCCTGAACACTTGCACATTGGCAACAACATTTGCGTTCAGTATTTGTTTAATTTCAAGCTTTAAAGATACGGTTTTTATATGTCTTCTTTTAAAAATAAAATTGTTTTAATAACCGGCGGAGCCAGTGGTATTGGCTATCTGATGGGGGAAAAATCGTTGCAAAGAGAAGCACGTAAATTGATCATTTGGGATATAAATGAAGACAAATTGCTTGACGCCGCAAAACGTCTTTCCAAACAAGGGTATACTGTGGAGACGGGCGTTGTGGATGTAAGTGACCCTGAGCAGGTTCAGCAAGAGGCAAAAAAAGTTTTAGATGAGCACGGGTCCATCGATATGTTATTCAACAACGCAGGAATTGTAGTGGGTAAAAAGTTTGAAGAGCACTCGATAGAGCACATCAAAAAAACCATGAATATTAACAGCCTTGGTTTGATGTATGTAGCCCGGGCTTTCTTGCCGGCTATGATTGAGAACGGATATGGATATATCATCAATATCGCTTCGGCAGCAGGACTCACCCCAAACCCCGGCATGACAGTATATGCAGCCAGTAAATGGGCGGCTGTGGGCTGGTCGGAATCGTTGAATCTGGAGCTTAAGAAAAATGAGGACCCGGTGAATGTGCTTACCGTAATGCCCAGCTACATAAATACCGGAATGTTTGCGGGGGTTACCGCTCCGTTACTTATGCCCCTGCTCGATCCGGATGACATTTCAACCAAAATACTGGATGCGGTAGAGCGGGAAAAAGAACGGCTCAGAGAACCATTCATGGTAAAACTAACTCCTTTTATAAGGGGAATTCTCCCTGCTAAATTATACGATTTTGTAGCAGGCAAAATTTTTGGTGTTTATGATTCCATGAATACTTTTATTGGCAGAAAAACAGATCATTGATGGACGGAAAAGAATTGTTAGAGCGTCAGCGTACTTACTTTAAGTCCGGGGCTACGAAATCGGTAGAGTTTAGAATACATCAGCTTCAAACGCTGAAAAAGCTCCTCACCGAACACGAGGAAGAATTTATGCAGGCCGTGCATAAAGACTTTAAAAAGCCCGAGCTGGAAATGTATGCCACCGAGCTCGGCATTCTCCATAATGAGATCAGTTATGTGCTGAAAAACCTCAAAAAATGGACGAAGCCGCAAAAGGTCTCAGGCGCTCTGGTCAATTTTCCCTCCAAGAATTATACAGTTGCCGAACCTTACGGATCCGTTCTTATCATTGCGCCATGGAATTACCCGGTTCAGCTGGCTTTGCTGCCTTTGGTGGGTGCTATTGCGGCCGGTAATACGGCGGTAATAAAACCGTCTGAGTTGACGCCCCATACCTCTGCGGCCATCAAAGAAATTCTCGGGAAATGGTTCAAAGAGGAGTTTGTAGCCGTGGTGGAAGGCGGAGTGGAAACAAATCAGGATTTACTTGCCCGGGATTTTGACTACATCTTTTTTACGGGCAGCACCCGGGTTGGTCAAATTGTGATGGAGGCGGCGGCAAAGAACCTGACGCCCGTTACGCTGGAGCTGGGAGGAAAAAGCCCTTGTATTGTGGACGAAACGGCCGACCTTGAAACGGCTGCCCGCCGCATTGCCTGGGGGAAATTTGTGAATGCAGGTCAGACCTGTGTAGCCCCGGATTACTTACTCATTCAGTCAAAGGTGAAAGTTCAGTTTCTGGAACATTTTAAAGAGTCGGTTCGGGATTTTTATGGAGTGAACCCGAAGCTGAGCCCTGATTATCCGCGGGTAATAAATGAATCACATTTTGACCGGCTGGAAGGTTATCTGGATGATGGAAAGATCTATTGTGGGGGCAAAACAGACCGGAATGAACTATACATTGAGCCGACGGTTTTAGTGGATGTCAAAGA
CP175953.1_gap18	655977	658631	2654	GATGTAGAACTAACAGAGTCGGATATTATTATTTTTTGTGCAGGGCATGAGGGCAATTTAATAGAGGAAGCTCGAGAACATGGAAAAGAGTTGTTTGGGAGTTTCGTAACTTTTTTTGAAAACTACCACCGCATTCAATGTCCACCAGCATTTCCTTCCCCTTTATATTTGTCCGTATCTAAAAGCCCGTTTAGTATACAGGTTGACAAAGAAATTGAGTTTATCTCCAGACTCTCCCCGGAAAAGCGCCACCTGATACTCAACCGTCCCTCTAAAGGATTTTTTAAGCAGACAGTTTTGGATGTTGTGTATAGAGCCTTGAAGGCAAATCAAGATGATGGTAATGAAGAGGCAGTCATTCGATATAAAAAACTTAAAAAAAATCTTGAGAGCGCTGGTGCAAAACGGTTAGCGGAGTTAACTGAGGAAGAAAAAGCCGCTTTTAACTAAAACTTTGGCTCCCAACGGCATGCAAATGCATTCCCTCCATTAGCATACACAGGCATATTAGGAGGAATAAGGCTAATATTATTGTACCGAATATGATTAAAAAATTCGTGCGGATTTTCCCCTAATTTCTCCATCACTTCAGGGACCAGCCCAGGCATAGCAAATAAGATAAATTCCCCAAAACTAACGGGCAGCCATTCATACAAATCTCCCTTCCAGTGTGGGTTAGGCAACACATCTGAGGTGCAATATTTAGCAAATCTTTGATGATCTTCCTCCGTCCAGTTGTAAAATACACAAATTGAGGCTGGGTCAGCAGGCAACAAAGGCTGGATTTTCTCTAACCAGTCTTCAGTCACTTTTTTCAGAGGAAAACGATTAACACTCAGCTCTGGATTTAACAACGGTTCCAGGCTAAATTTTAAAAAAAGAGCCACGGCTTGTGACGAATCCTCCACAACCATAGCAGGATGTTCACCACTCCCTCCGCCCAAAACCAATTGACCGGGGTTAGCTTTAAAATCTCCTTCAATATCTTCTAATGGGTGATAAACCGGAATAGAGCCAAAAAGCCCAATAATCTCGTGCTTAAATGAATCAATGTGGCTCATATATTTACTAGGCTATTATTCCTGTGCTGGTTGAAAAATAAGGACTGACTATAATTCCCTTTAAGATTTCTTGCCTATAAATCTTTTTTCAGCATATTTCCTTTTTATCAAGCCTCCTACCAACAGTATGAAACCCATAAATACGGCCCCGTAAGCAATAATACCCCCCTCAAAAAGTGAAGGAATAGTAATCGCGGCACCAACTAAAAACATGATGGTACCAAAAATCGAACTTCTAAGGCCACTTTTCCTCTGATTTTCAATAAGTGCGGTTGCAACATCATTAGAAATAAACTCAGCATCTTGCTGGTTAAACCCTTCATCAATGAGTTTTTGTGTAATCTCATCCCTTTTAATGTTTTTATAAAGCATCAGATTAGCAACATTGTCATATACTTGTTGTAATTCTGAATTAGTACTGTTTGTTTTTTTATTTCCCGAAAACATAACTATATGATTTTATTTATATCGAAGCTGAAGTTATATTAATAAAGGGTTATTATGTCTATAATTCAAGATATTTAGAGATAACACCATGTTATCCTACATTATATTTAATCATCAAATATATTTGATTAAATAATTATTGGTGAAAGGTTATTAACTACAAATAACTTATTTATATGAGCATTCTGCGTTCAATCACTTTAAAAAATTGGGTACTAATTATTGTTGTAGTCTTGCTATCAACAATAACTTTTCTGTTTACCTCTCCCTCATATTTTCGAACAAATCAATCTGAACTTTTCAATCAAAATGAATGGGAAGAAGGTGATAAATCCACCAGATCAAGTATGGCTGACCATATCGTTACATCTGATACTCTCGATGGGTTTACACATGATGAAGTCATAAAACTTCTAAATAAACCAGACTTTGAACACCAGGAAATCTATAGATATGAATTAGATTATGGACACAGTATGTGGCCCGGTGAGTCTTGGATTTATTATTTGAATATACACTTTGATAGTACCGGACATGTTATAAGTGTTGGTATCTCAGATTAGTATAGTTACGCTCACTAAGTTCCAAAAACAGACTTTAGCTTTTCAATAACATTCCCAATAAATCACTAAGTTTGGGGCAATGAAAAACGTAGCAATACAGGTTTGATGGGTAGTAATTAAGACGTTGGTACAATTCGATATACTCTCTAACCACTAATTTGAATTCAGTACATTACATGTCAAAAAAAACACCTTTTTACAGCATTCACGAACAGGCCGGCGCCAAGCTGGTAGATTTTGCCGGATATCAGATGCCGGTTCAATATGCAGGAATTAAAACTGAGCATGCGGCCGTTCGCAAAGCCGTAGGGATATTCGATGTTTCCCACATGGGCGAGTTTTTTATAAGCGGACCGGAAGCCCTGGATTTGATTCAGAAAATAACGGTGAACGATGCCTCCAAGCTGGTTGAAGGAAAGGCGCAATACACCTGCATGTGCTATGAAAACGGTGGCATCGTGGACGACCTGATTGTGTATAAGCTTTTTGATGATGCCGGGTATATTGTGGTTGTAAATGCATCCAATATTGAAAAGGACCTTGAGTGGATCAACCAAAACAACACTTTTGACGCGAATGTCCA
CP175953.1_gap19	697911	699646	1735	CCGATATTGTACCCATCATTGATGAAAACCGTGTGCTTATGAAGGCCGGACTACAGATGATTCAGCGAAGTCCGAGGGTGGGTATTAAGGCATTGCTGGAGCTGATCAAGGTTTCCAAAGAAGATGTAAACACCTCCAAAATTGTGTTTTCGATCGGACCGAGAATTAACGCGGCCGGACGAATGGGAGATGCCAGTACGGCCGTAAAGCTCATGATCTCCGAGACGCTGGGTGAAGCCAAGTCGCATGCTTATGAGCTGGAGTCTGTAAACCTGAAGCGACGAGATACCGACTCCAAGACCATGAAAGAGGCGATGGAGCAGATTGAAAAGGATTTTAACATGGAGGAGACGTCCACCATTGTGCTGTACAGCCAGAACTGGCACCTTGGGGTGATCGGGATTGTAGCTTCCCGACTGGTGGATTTATATCACCGCCCGGCTATCATGCTCAGCAATGTGGATGGGAAGATCAAAGGGTCGGCGCGGAGTATTAAAGGGTTTAATATTTATAATGCCATCAAAAAATGCGATGACTTATTGGAACAATTTGGTGGGCATGAGTTTGCAGCCGGACTTACTCTGGAGGAAGGAAACCTTTCCGAATTCCGTCGCCGGATGAATGAGCTGGCCTATACCGATTTGTCTGAGAATTCTTTTGAACCGGAACTCACCGTAGATGCCAAACTGGAGTTGGGTGAGGTGGATATGAAATTCTGGAAGCTGCTTAGTCAGTTTGAGCCCTTTGGGCCGGGTAATTTACGTCCCGTTTTTGTAAGTGAAGATGTAAAAGTTGTCGGCGTTCCGACCATTGTAGGAAACGGCCACCTGAAGATGAGGGTAAGCCAAAATGGATCCGGTGTTTTTGATACCATCGGTTTTAATATGCACGAATACCTGCCCGATGTTCGAAAAGGAGATCCGTTTAAAATAGCCTATGTGCTTGAAGAAAATAACTGGAACGGCCGGCGTACGCTTCAGCTGAGATTAAAGGACATTCACATTCCGGGGAGGTAGGTATTAGGTGCAAGGTGTTAGGTTTTAGGGTCATCTTGATCGGAAGCGAAAGATCTTTGCCCAAAATGATTGGTAACTAACTATAACAAAGATGCTTCGCTTCCGCTCAGAAAGACTTACTAAAACCTAACACCTTGCCCCTAACACTTAAATACCTTTTTCCCCAATTTATTATTGTATAAAGATTACAAACCCTGTATCTTTGCCGTCCTTGTTGAAAGGGACTGTAGCTCAGTAGGTAGAGCAACGGACTGAAAATCCGTGTGTCGGCGGTTCAAATCCGCCCGGTCCCACATCAAGTAAAGCCTTGTGCACTTTTTAGATGTACGGGGCTTTTTTTTGTTTATGATTTTTGACCTTTTATCTGGTCATTTTGCTTCGTCTATCTAAAATCTGATCGAAAATGCTACTGCGCTTGTTGTTAGGAAGCCATTATAGATCCGATACCTGAAATCCCTAAGCCGTACATTGAAAGCTTATTATGATAGACGAATTCACATCGATTTTCGAGAGTTAAGGCATGCCACCAATTGAAAAAGATGGTTCCCGAAGAAACCGCTTGCAAACCGGCTTATTAATCTCAGGCATAATACTGATTGCTCTCAATCTGAGGCCGGCCCTGGCATCCGTCGGGCCTTTGATAGCTGAAATACGGGAGAGTACCGGACTTTCCAACTCTTTACTGGGCTTGCTTACGACTCTCCCGTTGATTGCATTTG
CP175953.1_gap20	702321	705557	3236	GGGTGCTGTGAGTATGCACATAAAGGTTAAGGACCCGTTAAAAAAATCTCTCCCGGCTTTTACTTTCCTGGCTCTGTCGCTGTTGATTGCTTTTCTATAGATCATAAAGCATCAGCAACAGGAATTTGTAGGCCAAAAAACCGTTTACCAACATAAAGAAAAAAGAAGGTAGCGTTTGGTTCAGAGAATCCCGGACCTTTATGCGCGTGCCAAAGGCTACCGCCATCATCACTGTCAATCCGGTGGCCGCGAGAAAACCCAACAGGCTAATGTATAAACCGGCAAGCAGCCCGGCGGCTCCTGCCAGCTGAGCCGTGCCGGTGAGTTTTCGTACAGTATCGCCCATTCCATAGCGAATAAATTCCTCTTTCATAAAAGGGGACCGGAAGCACTGTATGCCATAGATCAGAAAAAATCCGGCAACAATTACCGAAAGAAATAAAATGGGATTGGTCAAGAGGCTTCCGGTTTCTATTTAAATAAAGATGTTTGTTGATGAGCACCCAAAAACATTGGCAACATAAACATTCGTTCGTTTTATATGATACCGGCCAAGTAAAGAATCCCCCCCGGACCTGAAATCCTGCCTTTCATAGATTTATTTCTTCTTTTTTCCCTATAATTTTAGGCAACTCTATAATCAATAAAAGATCCCTTGAAGCTTAATTACATTATTTGGCTGCTACTATTTCTAGCCGCTTGCCAGTCAACAGAAAAGAAAAACCTAAATATTAATAATTCTATGTTCGGAGATCGTGTGTTGGTGTTTGATGATGGCATGGACCAGAAAGAAATTCAAAAAGCATTGGATGAAATTCATCAAGAGCAGGCCGGTGAGGAGTTTTCTGATCAACGATATGCATTGCTGTTTAAGCCGGGGACCTATGAGGTGGATATTACGGTCGACTTTTATGTGCAGGCTCTGGGACTTGGAAAAACCCCGGGTCAAACCACGGTGCATGGAGCGGTGCAATCGGTGGAAACCAGCAACAACAACAACGTAACCACACAGTTCTGGAGAGGGGCTGAGAATTTCAAAGTGTATCCCGATACTGCTGAGCCCTGGATGTACTGGGCTGTATCGCAAGCAGCGCCAATGAGAAGAATGCATATTATCGGCAATGTAAATTTTGATAAAGGAGGATGGGGCAGTGGGGGCGTGTTAGCGAATTCCATCGTAACCGGTCGGGCCGGTCTGACAACAGGACAGCAATGGTTTACACGAAATTCAGAACTGGGTTCCTGGGAGGGCGGGAACTGGAACCGTGTGTTTGTTGGGGTAAAGGGAGCCCCGGAAAAAAACTGGCCGGAGCAGCCGGTCACGGTAGTAGATGAAGCCCCTGTTATCCGGGATAAGCCGTTTCTGGTATTTAGTGAAGAGCATGGTTATTTCGTCTTTGTTCCGCAGCTGACCAAAAATAGTACAGGAGTAAGCTGGAAAGATGGAAATGAATCCGGCAGAGAGATTCCTATTGAAGATTTTTATATAGCAAAGGCTGGAAAAGATGATGCCGCTAGTATTAACGAAGCCCTGAGTTCAGGGAAGAACCTGTTGCTGACTCCGGGAATTTATGAGTTAAGTCAGGAAATAGTGGTAGGGAAAGAAAACACAGTAGTACTTGGTTTAGGACTTCCTACTTTGGTTCCTACCCAAGGCAATAAAGCACTTGCAGTCGGAGATAAAGAAGGCATTATTGTAGCAGGAATCATGGTTGATGCAGGGGTGCAATCTTCCGATGTCCTGATTCAGGTTGGACAGGAAGGGAGCGATAAAAATTATTCAGGTAATCCCATTAGCCTTCATGATTTATACTGCAGAATAGGTGGAGCCATTGCCGGTACAGCTAAGACATGCCTTGAGATTAATGCAAACCGGGTAATAGGTGATCATTTTTGGTTATGGCGGGCCGATCACGGTACAGGTGCCGATTGGTTTGTCAATAAAAGTGACCACGGCCTGATTGTTAATGGGGATGATGTAACTATTTATGGGCTCTTTAATGAGCACTTTCAGCATTATCAGACATACTGGAAGGGGGAGAGAGGCCGGGTGTATTTTTACCAGTCTGAAATTCCTTATGAGCCCCCAAGCAATGAAGTATGGAATGATAATGGAAAGCCGGGGTATGCATCCTATAAAATAGCCGACGGTGTAGAAGAACATCAGGCTTGGGGATTGGGGATTTATTCTTTCTTCAGAGGTGAGGAAACAGAAAAAAATAATGTTCGTTTGGAAAACGCAATGGAAGCCCCTGAAAAGCCGGGAATTAAAATCACACATATCTCTGCTTTTGCGGGAAGGCTTGGAGGGATGAATCATATTCTTAACGGAAAGGGCCCGGCTACAAATATTGGGGAATTGAACTTGTATAATGGGTGGAATTTTGAAAACTAATTTTGTGCTGGCATGAACTGATGAAACCCCACCGCCCGCTCATCTGTTATAGCTTTTGATGCATTAGACCTGTGAATCAAAAAAGAGGACGCGATTATTATGAGTATAGAAACGATGACAGCCGAAGAAGTAGCAGAAGGTAAATTAAATGAGGCCGAAGACGTGAAAGAAATCCTGGCTTCCGGCGAAGATGTAGGGCTCAGAATCTGGAGAGAGGAAGAGCCGGATGCGGACAAAGAATTTCATACTAATTCTTATGAAACGGTAGGTTATGTACTAAAAGGTAAAGCCGAGCTTCACTTGGAAAATGACCAGGTTGTCGAGTTGACGGAAGGGAATTCATATCTGGTTCCTAAAGAAACAGAGCATACCTACAAAATCATCGAAACCTTTTCGGCAGTGGAAGCCACTTCACCTCCGGCGCATCTGCAGTAAATTATTTCTGAATTTCAAAGAGGTTAAAGCCCGATGTTTTCATCGGGCCTTTTTTATTTATGCATAAAAAACCCCGATTTGTTTTAACCAAATCGGGGTTATAAAGTTGTTCAACAGGTCGAAATGAGGCTATTTAATCAGCATCATTTTTTTGGTGATGACTGTTGAGCTTGTTTGTATAGAGTACAGGTAAAGCCCACTCGACATTGCCGAGGCATCAAATACCACCTGATGCGCACCGGCTTCAGTAAATCCATCAACCAAAGTGGCTACTTGCTGCCCCAGCATGTTGAAGACGGTAACTTTCACGCGCTGCGCTTCCGGCAGGGTGTAAGCAATCTGAGTTGTCGGGTTAAACGGATTAGGGAAGTTGCTCAGGGCAACTTCTGCTGGAAGCTCTTCGCCG
CP175953.1_gap21	706792	709356	2564	GCCCGTCAGATCAATTTGCTGTGAAGTGGGGTTGTACAGTTCAATCCATTCTTCATCAGCATCAGTGCCGGGAGTATCATAGAAGATTTCAGAAAAGAGTACGTGATCTACAGTGGCATCTGTGATTTCAGCAGTAGTTGTTGCTGTAGCTGTTGCCCCCTGATCATCCGTTACCGTTAAAGAAACACTGTAAGTGCCTGAACTTGTGTAAGTATAACCTGGGTTAGCGAGGGTACTACTTCCTCCATCCCCGAAGGTCCAACTGTATGACGAGATCGATCCATCACTGTCAGAAGAGCCGGCACTGCTGAATGTGATGGAGTTTCCGGTGTTCCCCGAATAAGGACCATTGGCCACTGCCGTAGGTGCCTGATTCTGAGGAGCCGAAGCTTGAGTTTGCGGGTCGCCATTATTGACAGCTACTGCCCAGTCGGTGTAGGAGTCAGAGTCAGATCCCGGCGAGCTTCGGTAAATAGATTCTCCGGTTGACGCGGTAGGGTCGGTACTGCTTCCCCATCCTGAAGGCAAACCAGCAGATGCTCCTCCTTCCCAGGCCACAATATCCACTTCGTTACTTTGAGTATCGGTGAGGATTAAAACATCTCCACCATTATTTAAAGCGGGAATGGATCCATATTCATCGGCGTCAAATCCATATATAGCCTGAAAACCGGTTGAGGCTGATGCAACAGTAAAATAAGAACCAGGGGTTATGTTGCTTCCGGCTGGGAAGGTATAGGAAGATCCGGTTCCGTTGTTATCCGTAATGGTATACCCACTTAAATCTACAGTTGTGGAAGTCCCGTTATACAGTTCAATCCATTCTTCATTGCTGTCGGTTCCGGGGGTATCATAAAAAATCTCGGAAAAGACGATAGAACCGGCACTGGTGCCTTCTTCAGCCGTTGTAAATGTGAAGTTGCCGGAACTGGAAGAATTACCGGAGCCATCGGTGCTGCTAACCTGGTAATTGTAGGTAGTATTTGCAGTGAGCCCTGTTAAAGTGAGGGTATGGGAGGTAGTAAAACTTCCGCTGCTTTGGGTAGAACCATAGGATGTTGTGGCTCCATAGTTGACCTGTGAGGTAGCCAGCTCATCTGTACTCCAGGTGATAGTAGCAGAATTAGCTCCGATATTGGAGCTTTGGACTGAACTTATAACAGGGGGAGTAGTATCGTTGCCACCGGTATTCCCATCCGGAAAGAAAGCTCTTCGAACCAGCGAGGTATCCAGAATAAATGGGTTTTCGTTACCCTGATACCCGGCAATGGTACTGCTTCTGTTTAGTTCGTCGGCATCCACTTCATCCAAATAATGCCATTGGTATAAATCGTTCTTCTGTTGATCAAAGAAGTTTTGATCGGCTTGGGCTTGGTAGATTGCTACAAAATAGAATACGGCCCGGGCGGCATTTCCCTTATGTTGTTCTCGGGGTTCAAAGGTGGTGCTTCCGTAATTCTCGGCATATAAATCAATATTGCTAGACGGGATGGATGATTGAGATTGATCGAGGTAATACCAGGTATCGGTCAGGTTGTCGTCAATTTCACCTAAAGGGTCATTATTCCTGGCACTGTTTACATTCGATTTTGTTGGGAACAGATGATGAATATCTGATTTCGCCGGTTCATTCCCGGCCCCCATACTTTGAGGCCACGTGTGCTCGGCATTAACGCCTTTATAAAAAGCATCAGTACTTGGGTCTTCATTAGGATCTAAAGTAATTGTATATCCTGTATAAACACCGGTAAGGTTTCCATTGTCATTATCGATAACTGCATACATGGTATCCCGGGCAGTGTCATATCCCAGCGTTTGGGCAGGGGAGTAGTTTTGCTGCAGGTAATCGATCAGGGCCTGACCTTCCAGTCCGGCACCAATGGTTTGATTCTGAGCAATTGCAGGTTGTATTGAGAAGATGAGAGCAAAAAGGAATGCTGTGAAATAGCCGTACACATTCCTGGGCACATTATTGCCTTGGGTTAATCCTTCCATAATAGATGATGGGGTTTGATTATGTGTTACCGACTTCAGGGTGGTGACAGCAAATTTACGGTTCGCTGGTGGATGCTCCCTGACCATATTTCAGGGATTACACATAATAGCCGTTTGTCGAGTGTAATAAATATTGATCAGCTTTGCGTTACCTAAGTATTAAAAATCCCGGATTCTAATATTGCTGACTCAGAGAGTTGGCCTCTTGATAAAAACTTATCATTAAGTTTTTACTGCTTATGCCATTAAAAAACCCCGGCCTGTTTATCTAAGCCGGGGTTAAAGTCTATCCAATAAGTAAACTTATTCAGGGAGTAATCACCAGTTTACCCCTCGTGTGCAGCGATTCAATTTTCTGAAGTGCTTCACCGGCTTCTTCTAAAGAAAAAGTATCGGTGACCGGTACGGTAATTTTACCACTGTCGGCAAGCACGGTGATATGCTCCAGCTGCTCGGCATTAGGTTCAACAAACACGTATTTAAACTCAATGTCATCGCTGATCTCAGGATTGCTGTTGGTTATGGAAGCCACTTTTCCGCCCTCTTTCAGCACGCCGGTTTCCATAACC
CP175953.1_gap22	743317	744700	1383	ACCGATAAGGTGGATACAGAAGTGCCCTCACCCGAAGCAGGCGTACTTGTGGAAGTACTTGCTGAAGAAGGAGATGTAATTGAAGTAGGCAAACCGATCGCCATTATCGAAACGGATAAAGATGCTGCCGGCGACGTATCCTCGGGTGGATCTGATGAAGCCGAAGAAACGGCACAGGAAGAAACGCAGGAAGCCGAAGCCCAGGAAGAAACGGAAACTCAGGAAGAAACTCCCGCTGCTTCATCCGGCGGTGGTGACGAAGGTGAGCGCATCGAAGTGCAGATGCCTCAAATGGGAGAGTCGGTTGTAGAAGCCACTGTAATCGGATGGTCTAAGCAGGTTGGCGACAAAGTTGAGGAAGATGAAACCCTGCTTGAGATTTCTACTGATAAAGTTGACAGTGAAGTCCCTTCCCCGGCAGCAGGCACCCTCGTCGAAATTTTCGCTGAAGAAAATGATACGATCGAAGTGGGGCAGACAATAGCTGTTATCGCAACCGGAGAAGGAGCATCCGCAAGTTCCGGTTCAAGTAAGTCCGCTCCTAAGAAGGAAGAGAAAAAAGAAACTAAAGCTGAACAGAAGCAGGAAGCTCAACCGGCAGCGGCAACAAATGGTACCTCCGGCGGCTCTGAGCCACAGCGTGTGGGCAGTGACGGACGTTTTTATTCTCCACTGGTTCGCTCCATCGCCAAAGAGGAAGGAATCAGCCAGGAAGAGCTGGAAAACATCGATGGTTCCGGTCAGGGCGGACGCGTTTCCAAGAAAGATATTCTCGCATATGTTGAAGACCGAAAAGCCGGGAAAGTGTCCGCGCCGGCTCAGCAGAAACAAGCTGCTTCTGCAGGACTCAGCAAGCCTTCATCAGGTTCAAAATCTTCCGATGGTTCTATTTCTGCCGGCCAGCTGGACGTGAAGCATTCTCCATCCGGTGATGTAGAAGTGATCAAGATGGACCGAATGCGCAAGATGATTGCCGAACACATGGTTCGATCCAAGCAAACTTCGGCGCATGTAACCACTTTTGCTGAAGTGGATGTAACCAACATGGTAAGATGGAGAAATGCGAATAAAGTTAAGTTCCAGGAGAAAACAGGAACCAAGCTTACCTTCACTCCACTTTTTGTAGAGTCTATTATTAATGCTATGCTGGAGTTTCCGCTTATTAACAGCTCGGTTGTAGATGATGAAATTCACCTTAAAAAAGACATCAACTTTGGCCTGGCGGTAGCGCTTGGAACCGGCGGCGAAGGCGGGTTAATTGTGCCTGTCATCAAAAAAGCACAGGAGAAAAACCTGGTTGGCCTGGCGAACTCTGTAAATGAGGTAGCTGAAAAAGCCCGAAGCAAGAAATTAAGTCCGGATGATTTAGTGGGCGGAACCATC
CP175953.1_gap23	758134	760212	2078	GGCAGAGCAAGTGCCATCCGCTACATATTTTATCTTTTGAAGATTTAAGGTCTTATCTGAGGTAACCGAATCATCCAGAACGTAGGCAATGGCAATGATTACCTCTTTCATATCCTTCTCTATAAACTGGCTCTTTTTCTTTGTACAGATTACAATATGGCTTATTTCCGTGTTGATGTCTTTCTTCTTATCAACCCAAAACACATTGTTCTCCAATTCGGCTATAAAATAATCGGAGCGGTTTTTAGCGGGCACCTGCTTCTGAACGGTAGCATTTATCGGAAGCTGATAGGTAAGCTCTTCAGGTCCTTTTGAAATGGATGTTATTTCTATATCAAATGGTTTCATAGGCGGTGTATGAGATGATAGTTAAACCATTATAAATAAAAAAAGCCTGATCTTTTTACAGATCAGGCTTAGAATTGTTTAATTCTTGACGGCTGCTACTGTTAAGCCAGCACTTTCGAAACTTCTTCAGCAGCTTCCTTAAGCAGTACAGCAGAAATCACATTCAAATCACTGTTGTCGATGATTTCTTTGGCTTCTTTTGCATTGGTTCCCTGAAGACGTACAATAATCGGTACATTTTTCACTTTTTCGGCAATCTCAGGGTCTTTTACCGCTTCGATAACACCGTTTGCGACACGATCACAACGTACAATTCCACCAAAAATATTGATCAGGATCGCCTTCACATTTTTATCTTCAAGAATAATGCGAAATCCATTCTTAACGGTTTCAACATTTGCGCCACCGCCTACATCCAGGAAGTTAGCCGGCTCGCCACCTGAAAGCTTGATGATATCCATGGTTGCCATCGCAAGTCCGGCGCCGTTTACCATACACCCAACATTACCATCCAGTTTGATGTAGTTAAGGTCATATTTTTGTGCTTCAAGTTCCGAAGGATCTTCTTCAGCTTCATCTTTAAGCTCCGCAAGATCCTTATGACGGTAAAGCGCATTGTCATCAAAAGTCACCTTGGCATCCAGTGCGTAAACCTCGTTGTCCGGAGTTACAATCAATGGATTAATCTCGAACATATTGGCATCGGTCTCTTCGTAGGCCTTGTATAATGCCTGTACAAACTTAATACCTTTTTTGAGCGCATCTCCTTCAAGCCCTAATGCAAAAGCAATACGACGTGCCTGATTTGGCTGGAGATCCATTCCCGGCTCAACCCATTCCTTAACAATTTTTTCTGGAGTTTCTTCGGCTACCTTTTCAATTTCAACGCCACCCTCGGTAGAGGCCATGATTACGTTTTTGCTCACTGCGCGATCCATCAAAATACCCAGATAGAACTCGGATTTGATATCAACACCATCGGTTACGTACAGGCGCTGCACCAGCTGCCCTTCTTCACCGGTTTGGATAGTCACGAGCACATCACCCAGTAAAGATTCAGCTGCTTCTTTAACCTCATCAATGCTTTTACAGAGGACAACTCCTTTGGCGTTATTCTTTTTGGTTCGGCCTTTGCCTCGACCACCGGCATGGATCTGAGCCTTCACGACAAAAAGTGAGGCTCCGTCTTCTTTCAGTTTTTTGGCAGCCTCAACCGTTTCTTCTACGGTAGTTGTTGCAATTCCGGCCGGAACGGCGACATTGTATTTTTCAAGAATTTCTTTGGCCTGATACTCGTGTATTTTCATGGATACATTTTTAAGTATTAAAAGCGATTTTTCGGGTGCCAATAATACCGAGATTAGGAGCTAAAAGAAAGGTGACTTTAGCCGACCGGTATTATTAGATATCCTTTTACATTACACTTTATTTCAAAATTGTTAAATCATAACGCTGTAACCGATTGAAAGCGTTTCATTGCGGATATTCCTATTTGAGCTTTCTATACTTTCCTTTGGCATTTACAGCATACAAACGCTAACTTTAGCGTTCAAAAAAAGAAGGTATCCCCGCTTGAAGAAAGCACAAATCATGACGGCCGAAGATCTGGATCGCATTTACCTGCGGTTTGCCCATCAATTTTTGGAAGGCTATGATGATGTTGGGCGCCTTGCCATAGTAGGAATGCAGACGCGCGGTGTCCACATGGGGAAACGCATCGTGGAAGAAAT
CP175953.1_gap24	762175	765521	3346	GCCGGTATGGAATTCTGGAAGTGGAAGAACAGGCGGCAGCTCAGATTGGTGCGATCGCAGAAGTAAGAACCGAGCTGGTGAAGTTGGAAATTCAAATCAACTACCTGCAGGATGTTCTGGGTGAAAACAGTTCAAAGCTTACCGATTTAAGAACTCAGAAAAGAGCCCTTGAACGACGCTATAATAACCTCATTAAAGGCTCGGGTGAAGGATTGGAAACGACCGACGGGCAATTTGATATTTTCCAGCCCGTGGAAAAAATGCCGGCCCTATTTGTTGAGTACTTAAGGAGATATCGTGAGGTCATGGTTCAGGAAGAGATTTATAAGGTGCTTTATCCGCAGTACGAGCAGCAAAAGCTCAGTTTTGAAGAAGCCACATCCGGACTGATGGTGATTGATAATGCCGTGAAGCCAACCTATAAGCACAGCCCCAAGCGAGCATATATCATGATTGCGGCTTTCCTATTTGGCTGTATAGTAGCATTCATAAAAGTTTACTTTGATAAATGGAAAGAAGAGAATCCCGAAGATTATGAGCGGTACCAAAAATTTACTTCGGCTTTAAGTTTTAGAAATGCTGACCATTGATCGGTTATTTAACGGGGTGGTACTTGTAGCGCCGCTTGTTGTAGGGGCTTTATTTACCGGCGTTTTTCTTGTGGCAGAGGACGGTAGTTCTGTGTTACCCATTACGTTTTTTCAAATTGCTCTCATCTTTTCATTGGTAATTTTTTTGGCAAAAAAGCTTATTCATGGAGACGTTACTATAGATGTTTATGGTCTTGAGGTTCTGTATGCGCTTTTTGTCGGTCTGATTTTTTTATCTATAGTTTATACCCCTGATCGGGAAGAAGCACTGTTTTACGTTTTCAGGTTTATTGCGTTGATAATAATGACATACATAGTTTATGGAAGCATCAACTCCTTTGAACAGCTTAAGAAAATATGCTTCATAATTATAGGAGCGGCTTTATTGGTTGGAGCCTATAATCTATTACAAGTCTATATAAACCCTGAAATAGCAGCCTTTAATTATGCCGGTCAGGGGCAGAAATTAATGCGTTCTTCTGGCGGTGCACTGGACCCTAATATTTTTGCAAGCAACTACTTCCTGCCTATAATGATTTTGATGGGCTTTTTTAGTAAAGAAAAATCATTTTTTAAAAGATTGGTTCTATTCGGGTTCATAGGTTTATTGATAGGCTCTGTATTACTAACCTATTCAAGAAGTTCTTGGGTAGCCATTGCTATCGGGACGTTTGTGATAATTTATTACACAAAGAACTACCGCATTTTAGTGTATATGATGGTAGCGTTTTTAATTGCAATAGCAGTAAGCGAGACAGTGCGACAGTTGGCTTTCAGTTTTTTAGAAAGATTTATAAATATTTTTGCCGGTTCTTCTGAAGACTCTTCAAAATACAGAATCTTACTTGGTGTAACAGCGATTTATATGATTTTGGACAGTTATTTAATGGGGGTTGGTTTTCAGGGATTTTCAACCGTTTTCAAAACTTATCATCCGCCAGAAACAACATTAGGTATTTATCAGCCACATAATCAATTTTATTCAGTTTTTGCAGAACTTGGGATCATTGGATTTATACTATTTATTGGCATTCTTTATGTGATATGGAAGACATCGACTCAAACAATAAATGATATGCCAAAAGGGTCAAGTAAAAGGATTATATCAGTTTCACTTTTTGCTACTTTCATTGCTTATCTTGTCTTTTACAACTTTTTGGGGGGTATGTATTATAACAGTATCCTTTTTATAGTAATTGGATTAATATTTGTATCAAATAAATTCATCGAAACTTCGGCAAGCACACAAACGAATTTAGAAACAACTTAGAAGGATCAGAGGCCCTTATCGAAGAAGAAAAGAATCATACTGAAGATTACACAATCTCTGGTGAGCTACCATCGGTAACGGTAGGAATACCGGTACTGAATGAAGAAGATCATATCGAGAGAGTCATATCAGGTTTCCAATCAACCGAATATCCTAATTTGATTGAAATATTAGTCGCCGATGGAGGGAGTTCCGACCGAACACAGGAAATTGTTAATAAAATGTCGGAAGGCGACAGTAGAATAAAATTGATGCAGAATCCAGAAAAGTATCAATCTTTTGCTCTTAATAGAATGATTGAGGAAGCAAAAGGAGATATTTTTGTTCGTGCTGATGGTCACTGTTTATATCAGGAAGATTATCTTGAAAAAAACATCAAGGTATTTCTAACTACCAAGTCAAAAAATGTGGGGGGCTCCCAGCGATATGTAGCTTCCAATAGAGCACAGGCCGGTACTACGCTGGCAGTGAAAAGTTTTTTGGGGAATGGTGGGGCAAAGTATATGAATGAAAATTATACAGGATATGCTGATACTGTTTTTCTTGGATGTTTTTGGACAAAAGACCTCAGGCAAATTGGTGGGTTTAGCACTAAAAACATTACCAATCAGGACTCGGAGCTTAATCTTAGGTTTATTGAAAAGTATGGAGAAGAGAGTATCTATATAAGTCCGGAAATAAAAAGCTGGTATTATCCGAGAAGTACATATTTGGGTTTATTTAAACAATACTTTAGGTATGGAAGGGGACGACTACTTACAAAGCTGTTACATCCTAAGAGCTCTCCTATCCGTGGATTGATCCCCTTTATGTTTATCTGTGGTTTGATGATTTATGGTTTGTTAGACTTTTTTTTAGAACAAGATCTATATTTTTTCATTTTCCTTTTGTTTCTCATCGTTGTACTGTTGGGAGAGTCAATGAGAGTGGTAACTAAGCACAAAGACAATTTTATTAAGGAAAATTGGACCGGAGAATCCCCCTCGCCGGGACTGCTGTCTTTATGGTTACACTCTATGGGCAGCATATTAGTAATGCAGGTAGGTCATTTTAGCGGGTTTCTATATCAATTGATCCGCAAATTCTTATTTCGAGTCAAGGGCTGGTAAACTACAATCACTAATCAGGAATCGTTGAAGAAAATCATTTCCATAGTTGGAGCTCGTCCGCAGTTTATCAAGCTTTCGGCTTTAACCAAAGAGCTGAACAAAAAGTATAATGAAGTCATAGTCCATACAGGTCAGCATTATGACAACAATATGTCTGAAGTATTTTTTGAAGAATTAGGTATTCAAGTGCCTAAGTATAATCTGAATATCGGCTCTGGCTTGCATGGTGAACAGACAGGGAAAATGATGGGCGCTATTGAAGAGGTTATTCATAAAGAGGAGCCCGACCTGGTTATTACCTTTGGGGATACTAATTCAACCCTGGCCGGTGCTATAGTAGCGGCAAAACTTGGAGTAGTAACGATACATATAGAAGC
CP175953.1_gap25	768725	769477	752	TTGGAGTATTTACTATTTATTTGGCCATGCTTTCTCTAATTAGTTCTTTTGCAACCGGGAGGTATGACTTTGCGATTTTAATAACCAAGAGTCGCTATAATGCGCAGCATTTGTTTAAAGTTGCTATGCTATTAACCATTGGCGTTGCAATGGTTGTAATGTTGATTACTTTGGTATTTTGGAAAGAGATTCTCCAGATATTCAATAGTCCCTCTATGGGGGCATATTTATTTTTAGTACCTATAAACATTCTTTTATTTGCTGTTATAAAAGCTTCACAGAATGGGCTAAACAGAGAAAAAGAGTATAGTCCTATATCAGTTAGCAAAACGATCAGGTCAGTTTTAGTGGGGGGCTTCCAGGTAATTCTTGGGGCAATGGGGTTTTTAAGTGGAGGGTTAATTATTGGCAAGCTATCCGGGGATCTATTTTCTTCAGGATACCTTTTAAGAAAATTGAATAAAGTAGATAATTATTTAACCTCTTCTTTTTCATTAAAAAGGGCTTCTTATTTGATGAAAAAGTATGAGAAGTTTTTGAAAGTAAATGCTCCCCATGCATTTGTAAACGCCCTCTCATTAAGTGTAATACCAATACTTCTGAGTTATTTTTTTAATGAAAAAACGGTTGGTTATTACGGTCTGGCCTATATGGTCTGTATTGTACCTGTACAATTAATAGCCAGTGCTTTTTATCAGGTATTCAGTCAAAAAGTATCTGAAATGTATAACGATAAAATTAGTTTAAGAGGT
CP175953.1_gap26	824541	825532	991	AGCCCGCCGGTTTGCCAAAGGGTAAGAAATATAAGTCCCATTGTCACCGCAGCAATAACAATCCCGGCTGCACATTCCATAAACCAGGTTCTATCTAAGTTTAATCCCGAGAAGCTCCATGGACGCCCATCCACATAGCGGAACATGATGTAAAACAGCCCAAGGGTGAGTATGGATCTGCCTATGTAGTCCAGAGCTGTGTAGGGGATCAGGGATGGAATTACCATCATAAAAACAAACAAGAAGATAAACAGGAGTACCCGAAATAAAGATCGAAGCCGGTTTTCTTCCGAATTAAAAAATGGATTTTGCATGGGTAATGGTTGATATAATGTTTGGAGGAAGGTAATAAAAAAAGTGTGTATTTAACGCAGAGGGCGCGGAGAGACACGCAAAGCTCGCAGAGGGAATCGCAAAGGGCGCGGAGTTTATAGTTTGTTTACCACTCGATGTATCCCTTCTTTTAAGAGCTTCACATTGAAGTTTATGAGCAAGCCCAGCTTTTTATTCGATAGTTTTAAATAAGTGAGTAATTGTGAATAATGGACCGGTGCTAAACTTTCTACAGCCTTAATTTCTATGATAACCCGGTTATTTACGAGCAGGTCTAATCTGTAAGCAGTTTCAAAGTGCATCTCTTTATACAATAACGGAACTGAAACCTGACGTTGAACATGCAACCCCTTCTCATTTAATTCAGAAAATAATACTTCTTCATAAACTGATTCCAAAAGCCCGGGGCCAAGCTCCCGATGAATTTCAATGCAAGTTCCTATTATTATTTTTGATAATTCATTTTCTATCATTCCTGATTTAAGCATTTATTCCTGAAAGAGTCAACATAGAAGGCTCAGCATTCTCTGCGAAATCTTTGCGTCTCTGCGTTAAAAAAATGAACAATACCTCAGGCTTTTTTCGTTAACCCTATAAATCAAGCTAAATAATGGATTTATGAAGAGATACGTATTAGAAGCCGATAAATTTATTATTG
CP175953.1_gap27	831401	833250	1849	ATCCAAATTTCAGCTCTTTCACCCACTGTTGCATCTTCTCTTAATTCAACCATAAGATTCAATCTTATTGACTCGTTTGTTTGAGTAAATGCTGTTCTCTTTTCAGGGAGTTCATTATTAGCAGCCTGAATTTTTGGATCTTGGGATTCAGTACTATCACTTTGAAATTTTGATACACCCCAAAACAAAAGTATCAGACCCAATACGACTAAGTAAGCATTTCTCCTTCGATCTTTAAAAACTCTTTCACTTCTCATAATTGCACGATTTATATGATGGTTTTATAAGATAAACAAGTTAATTAAATATGGATAAGTATATGTAAAATAGATCATTGTCGTTGTAATAATTTGCTCTGGTGTGAGTTGAGTTAAAAGAAAGCATTTACTACTTCCCGATACAAAACCGGGAGAAAATAGAATCCAGCACATCTTCATTGGTAATTTCTCCGGTAATGGTTCCCAGCTCTTTCAATGCCGCCCTTAAATCTATGGACAAAAAGTTGCCGGTCATGCCCAGATCCAAAGCTCGCAGAGCGGATTGCACATGATCTTTGGTTTTTTGGAGAGCATCGCGGTGGCGGGTAGAGGTGACAAGCAGGCTGGAGGCATCGTAATGCTTGTTCTCCAACGCGCGGTCTTTAAGCAGCTGCTTAAGTTCTTTGATGCGCTCTCCCTCCAGGGCCGAAATCTTTAAATCAAATTCGGTGCGCCATTCCTGCTCTGCTTCAATATCTGCTTTGGTGCCAATGAGGATAAAGGGAGTATCTTTTGCCCGGGATTGAAAATCCGCAATTTCCTTCCGCTCAGTTTCTGAGAAAGGTTGAGATAAATCTTTCAGGTAAATCACTAAGTCGGCCTGTTCAAAAGCCTTTTGGGAGCGTTTTACCCCTTCCGCCTCCACAACATCTTCGGTTTCCCGGAGTCCGGCGGTGTCAATGAGCTTGAATAATAATCCGTCGTAACTCCAGTCGGCATCGATGGTGTCGCGGGTGGTTCCGGCAATTTCGGTCACAATAGCCCGGTCACTTCCCACCAGGGTATTCAGTAAGGTGGACTTCCCGGCATTGGGCCGACCTATGAGTACCGTTTTAACGCCATCTTTCACCAATCGTCCGGTTTCATAGGTCTCAAGGAGCTCCGTGATTTCGGCATCCAGCTCTTCCAGTAGTTTTTGAAGCTGTTCTTTGTTGGCAAACTCTACATCCTCCTCTATAAAGTCGAGCTCGAGTTCCACCATGGCGGTGGCATCAATAATTTGCTGCCGGAAACTTTTGATATGTTCACCCAAGCGCCCTTCCAGCTGCTGGTGGGCGGCATCCACCGCTTTTGAGCTTTTGGCATGTATGAGGTCGGCTACGGCTTCGGCCTGATCCAGATCCAGTTTGCCATTCAGGAAAGCGCGTTGGGTAAATTCTCCGGGTTCGGCCGATTTCACCCCGAGAGCTAAAATGGTTTCGAGTACCGACTGTGTAACCAACACACCGCCGTGACAGGATATTTCTACTGTCTCTTCACCGGTGTATGATTTTGGGGAATGAAACAGAGTCACCAGCACCTCATCCACAGGCAGTCCTTTACTGTTCATGATCTTCCCGAAATGAACGGTGTGGGAGTCCGGTTTTGTTAGGTCTTTGCCTTTAAAAGCCTTATTTACCAATGCAATAGCATCTTTGCCGGAAACCCGGATGACAGCAATTCCGCCTTCGCCAACCGGTGTAGCTATAGCAGCTATTGGTGTTTTTTCTGAAATTTTTTTATTCATTTATTCGTTCTTTTGGATACAACAAGCTAATTACATATAATTAAGTATGCTTGCAAAGAAAGAAACTACACGAAAATACTATCCG
CP175953.1_gap28	903061	905515	2454	TAATATGTGGTTGCGATCAAGGCCATCAGGCAAAGCAGGGAGGCAAATACAAAACGGTCGATAAGCCGGTCTCTAAATCGACGGTTATGCCCCAGAATGTTGAGATCTTTTTTCCAGAACAGGGAGCCAAGCACGAGGAGACCGGTAATCAACACACAAAAGAAAAACCGGAGCAGCGAAAACAGGTGATTATCAAGGCCGGGGTGATTTGTAGCAGCCCGTATTATTTTCTCACTTGAGGTGGCAATGAAAAACTCCCTGATTTGCTGATCTCCAAGACCCGCTGTTCTGAACATGGTGGAATCATCTTCAACCACAATATCTTCAATAAGCTCTCCGGGAAGTCGCAGGTAACCGGGCATTTCCAGGGGTATACCCACAATGTTTCTGCGGGAAGCAAGACCGTTCACATATTCCGTGATACTGATTGACGCGTTCCAGTTTTCACTGCCCTCTGAAGCAATTACAGCACGCAGTGGTTTCTCAAACTGAGGGCGCTCGCGGTACACGGAGCAAAGAATCCATCCAATACGCTGCGGAGACGAACCATTTTCATAAAGGGGAATCCAAGCCCGGCGGAAAGAGGAATAATTTGAGTTGGCTTCATTTAAAGGCCGTTCCCGGACAATAGGCCGAAGGTTTTCCAGCCGGATTTGTTCCTCCTCAAATGGAATCACCAGCGACATTATATTGAAAGCGCGGGTCCATGCCGGGGAATCTAAATCAGAAGAGTACTCCCCAATGATATCCCCATTATTATTTACAAGCTGGGTTGAGATGGAGAAACGCTCCCATTCTTCGGTAATAAGTTGTTGGGTTTGCTGGGTGAAATAATTCTCAACAAAAGCGGGGCGCTGATTTAAATCTTCTTCGGTAAGATTAGAGACTGAGCGCTCAAGCCCGGTAAGTAAACTTCTGGCAATACGTTCGGCCTGGGTGGCTTCTTCATCAACGAATAACTCGGCTGCCCGCTGCATCTGCCCATTCAATCGTTCAGAATAGCCTTTGTACACAGCTATATACGATAAGCCTACAGAGATAAAGCTGAATAAAAGCAGTAATCGTAAACGGGAGGCATAGGTAAATAAATCAGGATCTCGATTGGCCAGGAAAACGAAGCTAAGGATGGTTCCAAAGAAAATGCCGGTGGTAAGGGAAATCCATCCCGCAATATGGGCATTGGCACTCAGCTCAAAGATGATAAACATCCCAAGGATATATCCTGAAAGGATGAATAAAAAGGGAATAATGGGAGGGGTGACGGTGAGCTTAATGATAAACCAGCCCAGCAAGGTTAACAGCGTGATGCACGAAATGGCGAAAACCCCGGACATCACATAAAAAACGAGGGTGTCCCAGTTGGGGAATACTTCAAGATCTAACACCGGGATAGAAGTCTGGGTAAAAAGAGAGTAAGTTTCAATGATATAAAAGTGAAGCAGGAAGGCGCATAAAAACCCAAAGAAAACCAGGGTTAACGTCAGGGTGATTTTAGGTTGTTTTTGCAGCTCAATCTCTGAAGAAATTAACGGGCGGAAGCAGACGATGGTGAGCAGCAGAACAAATAACGCATGTACTCCATATTTTACCAGGGGTTTGAGCGTCAAAAAATCTTGTTGACCCAAAGCATAGAATATTTCAATCCATCCCACCCCGTAATCAATATTCGAAAAGAAAGCCCATGCCAAAGTGATGGCAAACAATTTCAACAGCAAGGATTTCCAGGTGCTCAATTCCCGGGAAATAGAAATCAAAAACAGGGTAATTAGACATATGAAAACAGCGTAGAAAATAGCCCGGTATAAAAAGTAACGGTTCTGTTGGTTTGACCGATAGGTGGCATAGTCTTCCGAAAGGGTGTAAACGACTCCGGCTGAATCTATATTCGCGGTAGATATTTTTGTTTGGAACTGAATGTTAGCCGGTGGGTTTTCAAAAAAACTAAAGTGAACCGGGTACTCCGATTCTGTCTGAAAAAGAGTTGAAGGACTTATCTCGGCATTGGTGCCAATGGGGAGAATATTTTCCTGCTTAATTTTCTTCCGGGTAATGAGGATAAACGGTACGGAAGAATCCGCCTCATTGACGGTGAAGGAGGTTCGGTATTGCAGAAAAGTGACGTTGTTATTCTGTTCAATGCTTAAAACGGCTTCGCTGCTATCCGAAATGGTGGGGAGAGTCTTTGCGGCAAAGCCGGTCCAAAGCAACTGGTCCTGATCTCTAAAAAGTGACAACCCCCAGAAGTCGAAACCTGCTACTGCTTCTTCGGCCAGAGCATCTGTCGGGACATTGTTTTCTTGAAATTGTTTTGCGGTAGCCGCATACTTTTCACTTTCATTAATGAAGTCCTGCTCAAAATCGCTGTAGTTTTGCAGTGCTTTATAAACCGATTGATTGGCTAATTGAACCTGTTCAATCTCAGAAAGCTGCCCTTGTTCGGTCCATATTTCAAAT
CP175953.1_gap29	960100	963742	3642	TTCGCAAGAACAAACGGGTACGCATTTCCCAGCGGACTACATTCGCCCATTGATTTACAAGGATGGGAAGGTCTCGATACGACTGTATCCACCCGCGGTAGGTGTCCCAGATAATGGTCTCTGAAGTAGGACGTACAATCAGTTCTTCTTCCAGCTTCGATTCGGGATCCACTTCCACTCCGCCATCCACGCTTTTGAGTCGGCTGTGAGTAACTACTGCACATTCCTTGGCAAAGCCCTCAACGTGCTGCGCTTCTTTAGATAAAAATGACTTTGGGATAAACAGGGGGAAGTAGGCATTTTCATGGCCGGTATCTTTAAACATCTGGTCCAGGGCTTCGCGCATGTTTTCCCAGAGCGCCATACCATTCGGGCGAATCACCATGCTTCCGCGCACGGGAGAGTGCTCGGCCAGTTTAGCTTCCCGGACTACATCCAGATACCATTGTGAATAATCTTTTTCCTGTGAAGTTATTTTTTGTGCCATGAACCTGTTTAATGTGATTTTTTACTTGAAGGGTGAAGTTAAGAAATGTAGCGTAGAGAATAAGGCAATGAAGACGAAAACTTTTTGTGCTTAATCAGCCTTTATAACTTAAATATTCATCTTATTTCTCGTTATGAAGCTCCTGCTTCTTAGTGCACTCCGGAAAGCTCCATCTTCAAGTGGAATAAGTGTTAGAGCCTTTACAAATTTGCTTGTTCTTTTGTGCCGACAAAAGAACCAAAAACTCCCCGCTGCGAAAAAGGGGCTAAAGCTGACTTCATTTCGCTAAAAGAAATCAATGCTCCTTCCCGTGCTCTGTTTGCTTCTTGATTTCTCAGCGGTATGATTTCTTTCTTAACGCTTCATTACATCATCTTCTTGACGCACCTTTTTCTAAGGCCGATTAAATAGTATTAACCTTGTACTAAGATTATCAGGGACTGACGATTTCAGATTGTTATTAATGAAGCACATCCACAAAAAAATGTTTTACCCTTTGTTTCAGAATGCCGTATATTTGATGCCCTTCTTGAAAAGGGCCACTAAAGCTCTAAAGCACAAAAGTAAATTTTAGTGTTTTTTGAGATTTCGTGGCGATTCAAAGATGCCGTGGTAGCTCAGATGGTTAGAGCGCACGACTCATAATCGTTTCAAATCGCCCTTCAGAGCGCTGGGACAGCGTTTTTCAGCAACAGTTACCAAGTAGTTACCAATTTCGGACAACTTTTCGTACTACTTTTACCCTTTTTCCGCTAGTGAATTATTCCCTCCAGCGGGATAAATATCCGCCATGGTAGCGAATTTCTATCTGCTCCTTCAACCAAAAAAAGCAGATACCATGGATTACAAAATCTACCCTTACAAACGCGGAAATAGTTACAAGCTTTACCTTCTGTATAAAGAGTCCAACGGAAGAAAGCGCAATCTCTCCACTGGAATCAGTTATCCCCTCAAAGCTTCGAAAAAACAGCAAGCCGATGCCAAAAGGAAGGCTGAAAAAGTGGGACTACAAATGCTGCTTGATGTAAAAGCAAAAGGGCAGCAGAAAAAGCGAAGCACGGAAAAGCTCTCGAATTTCTTGGAGTACAAGTATTTTGTGCACGTTAAGAATAACATGTCTGAGAATTCAGAGCGTATTTATGTGAATGCGCTCAACCGGTTTTTGGACATTTGCGGCAACCGGAACATCAACGATTACAAACGCTCTGATATTCAGAATTATAAGATGCATAGGCTCAATATTGATGGCGTAAAGAAAACCACCATCAACATTGAGCTTCGAAGCATTAAAGCAGGCTTTAACTGGGGGCTGAAAAATGAGTACCTGCAAAAACATCCGTTCAGAGGCCTCGATTTTATGTTTGAAGTGGATGATCGCAGAGAAGAGTTATCCAAGGAGCAGATAAAGAAACTCCTAAAGAAAACCGAGGGAACCATGATTGGCCTGGTGATCCGGTTCGGCTACAACACCGGAGCCCGAATTGGAATGATCTCCAATATGAAATGGAAGATGGTCAACTTCGAGGAGCGCTACATCAACTTCCCCGCCAGCATTATGAAAAGCAATAAACCCTTTACCATGCCTCTTAATGATCAGGCTTTCAACATTGTGCAGGTTTGGTACTCGCTGGCAAAGAAAGACCGAAAGTATAATCCCGACCAGTATGAGGATTTGCCACTAAAGGAATGCTATGTCGTGCAAAAAGAGAAAACGGGAGGCAGGTACACCGTAAGAGGCATGCAGACGATGTTCAACAGGGCAAAGAAGAAGGTTGGAATCCCCAAAACGATCAAGTTTCACAGCCTCCGGCATTCGTTTGCTACACATCTTTTGGAGAATGGCGCTGATATTTATTCGGTCAGTAAACTCATGGCGCATTCCAGTGTACAGGTAACGGCTAGCTTCTACGACCACACCGATGCCCTAAATTATCGGGACGTAGCCAATATGATCGGGCAGTAAATCAAAACCAGTTGACTAAAAAGGGGCGACTTGGGTTAAGCCCCTTTTTTGTATCAATAGGCCGAGAACTACTTCTATAAATTTCGATTTTAAGCCCCGATCTTAGGCTTACTTAATACTAGGACTTGCCTTATAATCTGATAAAATTTTCACTTTCATCATAATGATGACTATTTATTTTATGCTTAAAATAATTATTTGACTCTGTACTATGGTACAGGCCTTATATTAAAAGCAGACAGAACTTTTAATCAAATAGAGGAGATCATTATGCCATTTAAGAAAGGAGAAGTTTATAAATGTCCGGACGAGAACTGTGGATGTGAAGTTACCGTAACCAAGGGAGCTCCTCCATCTTGCGGTGGAACCCAAAACCCAACTTGTTGCTGTGGTAAAACCATGGTGAAGAAATAAATCTCAAAGCAATGCCATCACATAGGTGATGGCATTGTAATAATTGAGGCATCTATGAGAACAGGTATTGAAGAAAAATACGAGGACATCACAACCTTCAAAATTGGGGAGGTTTCTTCAAGGGCACAGGTCAATAAAGAAACCGTACGCTATTATGAAAAGCGGAATTTAATCCCAGAACCAGATCGTAGGCGTTCGGGATACCGCATCTTCACCCAGCGCCATATTGATCAGATCAAGTTTATCAAACGGGCGCAGGAATTAGGTTTTACCCTAAGTGAAATTAAAGAATTGTTAGAATTGCGTCTTGATTCAAATACAACTTGTTCAGAAATCAGGGATGAAGCCCAGGAAAAGTATCAGGATGTCGTTAAAAAAATAGAAGACCTACAGCGAATCAAGGAGACGTTGATAGATCTAATCGATTCGTGTTCAGGTGAAGGGCCAAAAGGGGATTGCCCGATTCTAGGTGCCCTGGAAGGAGAAACGAAGAAAGGTAAAAAACTAAGATAACTGCTCTCTTTAGTGAGAATTGAAGAGGTAACAATATTATTTAAGCATTTAATTAAATAATATAATCATTATACTATCAGTCAATAAAATATAACTTCCAATAGCTATCAATTATGAGCAAGCAAGAATGTATCCGTGAGGTGGCCGACCTTAATCAAATAAATCGGTGTATTGAATCTCTGAACGAGGTAGAAGGATCCATTGACCGGCTTACTAGTATCCTTAAACTAGCCGCTAATGATGTGCGCCTAAAAATACTTTACCT
CP175953.1_gap30	965286	967871	2585	GGCCAAGCCTGCTCCACTACCCATCAAAGGCGGTGAGCATTTAACTACGAGCACGGAGTTTCTGGAGTTGGATGCCCTGCCTGAAACGATTGTATTTGTTGGCGGGGGATTTGTTTCGTTTGAATTTGCCTCTATTGCTGCACGAGCCGGTAGTACCGTTCATATTATCCACCGGGGTGAACATCCTTTGGAAAACTTTGACGAAGACCTTGTAGATATAGTAATCAAAAAAGCAGATGAAATTGGCATTAACATTCATCTTAATGCCGAAGTGAAATCCGTCACTGAATCGCAAACCGGCTTTATTGTAAGTGCAAGCCAAAATGGTTCTACAACTAACATTGAAGGCGATTTGGTGGTGCATGGCGCCGGACGTGTTCCAAACATTGAATCTCTGGACCTTGACAAAGCTAAAGTGGATTCGACCAAACAGGGTATTGTTGTCAACGAATACCTTCAAAGTGTTAGCAATCCAAAAATATATGCTACCGGAGATGTTGCAGCCACCGATGGACTTCCACTAACCCCCGTAGCCGGATTTGAATCGCATATTGTCGCTTCCAATCTGTTGGAGGGAAATCACAAAAAAGCGGATTACCCTGCTCAACCTGTGGTTGTATTTACCATTCCACCATTGGCTATGGTTGGACTTACCGAGAAGCAAGCACTAGAACAAGGATTTGATACCAAAGTTAAATTCCGCAAAACAGATAATTGGTACTCATATAAACGAACCAATGAATCACATACAGCTTGTAAAACCATCATCAATAAAGAAAACGGACAGATTTTAGGCGCTCATGTACTGGGTGATAAATCTGAAGAAATCATAAATCTTTTTGCGATGGCCATCAATCATAATATCAGGGCGGTGGAATTGAAGAAAGTGATATATGCTTATCCCTCCCATGCTTCCGATATTCCATACATGCTATAAATCGCCTGGAAAATTTAATTAACTGGTTGGATTATAGACTTGAGCTATGGTGATATCCAAAAATGGTTGGGATACTATTAGTACATGATTTTCCCGATTTATATGGCATTTTTCGAAATTGCTTGGAATAAATTGAGTTTTGTGGAATATCTCAGCAGTTATGTTTCATATCCGGTTAATGAGCTCAGAACTCATTAACCGGATATGAAACATAATTATAGAAGATGATTGTTATGTTTTGTATCTTGATAATGAGCTTAAAACTCATTTTTAGGATATAAAACATAATTCACTGTCTTTCCTATGGAAATGCTACATAAAAACATATCAACAGAATCTAGCGTGCTGCTGACATATCTGGCAAAGCAGAAGAAACGTTGTTTTGAGGTAGCTGATGCAAAAGAAGCACTTCCGGAATCCTCAGAAAATACGGTGCTTAAGTTGCTTTCTGATATGGTAACAAGGGGGCTCTTAATGAGGTTAAAACACGGAGTGTATTGTGTAATACCATATGAAGAAGACCCAGGTAATTACATGCCCGAATGGCACATGCTCCCGGAACATTTAATATCTGATGGAGAATACTATATCGGATATTATTCAGCTATGGAAATTCATAATCTGATCACACAGCCTTCTCTAAAAGAACAGGTAGTGGTATCAAAGCAGGTGAAGCCAAGCATCCAAAAGATCAAAGATGTGACGTTTCAATTCATCTATCATAATGAAAAGCATTTCTTTGGATACAAAAAGAAATGGATAAACTCATATGATAAAGTTTGGTGCTCAGACCTGGAAAAGACGTTGGTCGATTGTCTGTATAAACCGGATTATGCCGGGGGAATAGTTGAAGTAGCTCGTGGGATTTATAAGGCAAAAGACGATATCTCTTATGATAAGCTGTTAGAGTATGTTACTAAATTTGATACTCAGGTTGTGATTAAACGCTTGGGCTTTATACTGGAAATGCTTGAAATTGAGACGGACATTATTCCGAAATTGCAGTCGCTTAAAACATCCTCCTATACAGTTTTAGATACTGAACTTCCCAAAAAAGGAAAAATGCATAGTCGCTGGAGCATTCGTCAAAATTTGGATACGAAAACAATTAAATCCGCTATATATACATGATTTTACCGGCAGAGATTCAACAAAAAGCCAGAGATGCCGGAGTTCGCGACACTCAAATGGAGAAGGATTACATTCTTTCATGGATTCTTCAGGGAGTTTCAAACCATGATCACTTAAGTGAAGCTTTGGTGTTTAAAGGCGGTACGGTTTTGAAAAAGGTTTACTTTGAAGACTATCGTTTTTCTGAGGATCTGGATTTTACATTGAATGACTCAGAGCTCACCAATGAACAAATATTTGAATGGTTTCAGGAAGTATTTGAGTATGTGCGGGAAGAAGCTAACATTCCATTGGAGCTGATCGACAATAATGAACATGAAGATGGTGGGATCAATTTTTATATAAGCTATATCGGGCCACTGGGAGGAAGAGGTAATCAAAAAAGTGTCAAAGTCGATATTTCGAGAAGTGAGCTCTTATGCTTTGATTCCGAAACACGTCCAGCAATTGGACTATACAGCGATCAGGATGATTTTGAACTTCAGTGTTATTCACTGGATGAAGTTCTGATCGAAAA
CP175953.1_gap31	1069601	1073553	3952	TGCGGTGCAGGCCCGCTGACGGTGAAAGTTGCACAAAACTTTGAAGAGAAATTCGGGATACCAATAATTCACGGGTATGGTCTTTCGGAAACCACCTGCTATTCATGTTTTATTCCGGCCGAACAACCCGAGAAGGAACACAATAAATGGATGCGGGATTTTGGCTATCCAAGTATTGGAATTCCGGTTCCGGCCAATGAGATGGATATTCAGGATGAAGATGGAAACTCTGTTCCTGAAGGCGCGCGGGCAGAAATTGTAATCCGGGGTGTGAACGTGATGAAAGGATATTTCAACAACCGGGAAGCCAATGAGTCGGCCTTTAAGAACGGCTGGTTTCGAAGCGGGGACGAAGGATTTATAAAAAAGGATGAGGAAGGAAACCGATATTTTTTCATTACAGGTCGGTTGAAGGAGTTGATTATCCGGGGCGGCATTAACCTGGCTCCGCTGGAGATTGACGAAGTGATTAACAAAGCCCCGGGCGTAAAAGCCGGAATTTCGGTGGGCTTCGAAAATGATTGGTACGGGGAGGAAGTTGGGGCGTATGTGCAGCTCAAAGAAGGAGCCAAGCAAGACAAAAAAGCTATTTTAGACTATTGTAGAGAACACCTTCCGTTCTCAAAAGCCCCCAAGGTGGTTGTGTTCGGCGAGGAACTTCCGGTCACCTCCACGGGAAAATACCAGCGTCTGAAAGTAGCCCACCTGTTTGAAGAGTGGAAAGAGGTGCAGTTCACCAAACAAGATTAGCCATTAACTGTACCACCGGCACCCTGCTAATACTGGTTATAAACTGCATAATAATGCAGTTTATATAGTCATACATATTTAATTACTTACAGCAGGTAACAGTTGAACAGTAAAAACACGGGGTATAAATGCATAATATAAGCTTCAGTTTATCCATATTCGTACTGCTGGGAAGTTTCCTGATATCAGGGGTGGAGGCTCAGCAGGTTGAACTCAAAGAGAATAAAAACGGTACAGTCGAGTTAATTACGGATTTTAATAAAAGTGCATCACAGCATTATTTATTTCGAAGTAAGTCGATGAGCGTGGAGGACTACACGACGGTAGATCCACTCATGAAATGGGGGCATACACAGCCCTGGGCCGATCCCAAGATTAACTTTGCACCAACAGGGATTTCACAAGCCGTAGGTGACCTGGATGGAGACGGAACTACGGATTTCATCAGAACCTATGAAGTATGGGATGAAAGAACGGATGACTTATCGGACCGGGTACCTAAGACCCTGGTTTTTTTGGGTTCGGGTAATCAGATTGATCATGATTTTATAATCTATGACCGGTTACTGCCTATAGGTGATATTGCCAATACCGGCCAGTCTCAGCTTGTTAGTCAGGACGAAGCCGGAGTAACCCTGTATCAGTTTAGCAGTACCAGCTTTACAACTTCCTCCATTTCCATACCGGAACTAGAAGACCTGGACATTCCCTTTTCCAGCTTTAATATTACCCGGAAGGATATCGACGGGAATTCTATAGATGATGTTATCATCCCTTCAGGAAACACCATATATATAGGTTTGATTGACAGCACGCTGGAAAATTCATCGGTTCTGGAGTTTGATATAAGTACGCAAATTGAGTTTCAGTTTTTCACCATCACTAACATTGAATATGTAGGGTGGAATGGAATTTCATACATACTTGCCACCGTGCGGAATGGACGCACTAATGGTCATTATATATATGTCATGGAGTTGGACCTTACGGCAGAAACCATCTCTCGTGTACAGTCCAGTAAGTTCTCTATGAACAGTTTCTTTTCTACAATTACTCTGGCAGAAGATAGTAACGGATTTCCAAATATTGTTGTGTCCGGTAATGAAAATGAAACAGATTCGACGGGAGGGGCTTACTTGAAAATGTATACCATGTCGAATGATACGAGTTTATATAAAAATCAGCCCGCAGAATTGGATTCTTTGGAAGGTTTTGCTGTCGGTGATCTAAACGGAAACGGATGGTCAGACCTGGTCGTGGATTACTATGGTGAATATAACTTTGCAAGTATCAACCCGTCCGATACCTCGCTTAGCATCGAAGGGGTTATAGGAACACCCCTCGGCAATAATGAATTTGTATCTGTTGACCGGAGCTTTTATCCCCAGGGCGATTTAAATAATGATGGTTATGATGATGCACTACTTTACGTCAGGAACGATGATGTATTTGGTCAGCTTAGGCTTGAAGGGGTGAGCCCAAACGGAACGGTTAATTATGCCAATCCTACCGAATATCTCTATAATGCCGGGGATTACAGGGTAACACGAATTGAAGGAACATTTACATTCGGTGATATTTCCGGAAACGGCCTCGACGATTATGGTTTAATCGTATCGGATGGGTTAAGCGGAAGCCTGGATATTTATGAAGGCGGTAGTGATGGTTCGGCAACTATTGGCACTATTGATTTACCGGGGTTTGTTCAATATGTGACATCCGGCGACTTTAATGTGGACGGCCGGGAAGATATATTAATGCTGATTTCCATAGATGTTGGAACTGACGAAAACCCGGAAAGGTCGAACGAATTACATTTTTATCAACTCGGGTCCACCTCGCCTTATCATGTGATTAAAGGTCAGGATTTTCAGCCGGGTCTGGATGACTACAATAATTTCATAGGTACCATATCTAATGCCGGCGATATTAATGACGACGGACTAGAGGATATACTGGTGGGCGCTCCTTTCCGGGGATTAACACCGATTGGTATATACTACGGCAGTGCATCCCTTTCACTAAACCCGGATGCCCAGGTATCTTTTCCCGAAAACCCGGACATAAACTATAGCTTTGGATGGGGTGGAACTCTTCAGGGCGGCTTTGATTTTAACGGAGATGGCGTTGATGATTTCCTGATTGGCAATAATAATGAAGTGGATCTAAACGACATACCTGACGGAGCCACTTTCGTGAATGATGGCGCCATTCATGTATTTTACGGTTCATCAGGAACCAATGACTTTTCAGGAGGTGCCGATGTAACCCTGAAATCAGATAGCTCAGCCTACAGCGATAATACCTGGCATTGGATTTTCGGATTTAATCAGGTTGCTCATGGGGACTTTAACGGTGACGGAGCTACTGATCTGGCGATTAAGCCTTTCCGGCATATTGAATTCAACGATATAAACCAGGGCAGGCCGGGTATTCATATATTTCACGGGGGTGCTAATTTTGATGGTCAGCCTGACCAGGTGCTTCCCCTTCTTGAGGAAATACATCAGCCTTCCAGGCTTGGAACAGGTAGCGATACCACCGCATTTTCTGGCCGGGCAGAAATTTCAGCAGTGCCCGATATAAACGGGGATGGAGCGGACGAACTACTGTATATTGGCCCGCAATATGAGAGAAACGGTTCCTTCTTCTTTGGAGGAGACACATTATCTTCTACGCCGGATGCCGTATTGAAAGCCCCGAATCAAAGTGTAGGCTTCAACACCAATGGAAACTTCATCAACCGGCAGTATCGTATGTCGATCGGGGAAATGACCGCATCGGGTGTTACCTCGGTACTGGTTTGGCAGCAGGGAGATCTGAATTTCATGGATACACCGGCCTATATATATGAACTGTCACAAATGGCTGTATCTAATGAAGAGCCGGCAGCATCCGGTACGCCTAAGAGCTTCAAACTGGAGCAGAACTACCCGAATCCTTTTAACCCTACCACGAATATTCAGTTTAATATTCCACGAGCAACAGATGTTACGCTGAAGATCTATAATATACTGGGGCAGGAAGTGATGACGGTACTTAACGACTTTAAGTCAGCCGGAACTCACACCGCAACTTTTGATGCCGGCAATCTGGCCAGCGGTATCTATATTTATAGATTACAGGCCGGCGAGTTAAGTCTTCAGCGCAGAATGACGCTCATCAAATAGACGAAAATAACATTCAATTATAAAGCCCGGCT
CP175953.1_gap32	1200411	1205182	4771	AGGTTCTCACCTACTTCAATGTCGCCACCGGTTACAAAGTTGAATACGCCTTTTGGCAGTCCCACTTCCTCGAAAATCTCGGTGAGGATGGAACCCATGCGCGGAGTATCAGGGGCAGGCTTAGCTACAACGGTGTTACCTACAGCGATTGGGGCAACGGCCATTCCCACAAAAATAGCGAAAGGGAAGTTCCACGGAGAAATTGATATACCGGCGCCAATTGGCATATAAATGGTTTTGTTGTAATCGCCCCAGGTTTCAGATAATACATCCATTCCGTCATCAATACGGAGAGCTTCATGGGCGTAATACTCAATAAAGTCGATGGCTTCGCAGGTATCGGCATCTGCTTCCAGGTAGCTTTTACCGGCTTCGCTGATCATCCAGGCATTAATTTCCAGTCTGCGGCGGCGAACTACATCGGCTGCTTTGAATAAATACTCTGCTCTTTTTTCGGCAGAAACATATTGCCAGCTTTCGAAAGCATCCCAGGCTTTTTCTAAAGCGTCAAAGGCTTGGTCTTTGCTGGCCATCTGGAAAGTTCCAATAGTCTCAGAAAGGTTGGATGGGTTCTTACTTTCAAAAGTACCGGCATCACCTTTAACAAATTCGCCATTGATGTAGAGGTCATACTCCTGGCCAAAATCAGACCGGACTTCTTCAAGTGCTTTTTTTTGAGCTTTATCGTTAGTGGGATCAGAAAAATCTAAGTACGTCTCATTTTTGTACTTTTCTAAGGTCTGGTCGGGCATGGTTTTGAATTATTTTTTGATGAATTTTAAGCTTTGTTACACTAAAGATACGCAGAAAAGCGCTCCCAATTCAAAGGCGATGATATTAAACCTGCCAGGTAGCCGAAAACATTGAAAATAGGGCGCGATAATGGTAGCTTTCAACGATTCATAAGAACTTTACAAGTCTGTTTTACATTCTTACTTAGTGAAGTTAGAAGAATAAAAAATTCAATTATAAACAGGATTCGAAATGGCAAAAATTAAAGTGGGAATTAACGGGTTTGGCCGTATTGGTAGAATGGTGACCCGTTCAATCCTAACTAATCATAAAGATACAATTGAAATTGTTGGAGTAAATGATCTGACAGATACCAAAACTCTGGCTCATCTTTTCAAGTACGATTCAGCCCAGGGTACGTATCCCGGAGATGTTTCTGTGGATGGAGACAAAATGACCATCGATGGAATGAGCTTTGATGTGAGTGCTGAGAGAGATCCCGCGAATCTGAAATGGGGAGAGCTCGGCGCTGAAGTTGTTGTGGAGTCAACCGGCTTTTTCCGTGATGCCAAAAGTGCCGGAAAACATTTGGAAGCTGGTGCCAAAAAAGTAGTTATTTCAGCTCCGGCATCCGGCGATATTCAAACCATCGTTCTCGGAGTTAATGATGAAGAGATTTCTGACGATATAGAAATCTATTCCAACGCAAGCTGTACTACCAACTGCCTGGCACCTATGGCCAAGGTACTTGATGACAACTTTGGGTTGGTAAAAGGATTCATGACCACTATTCACTCTTATACCGGTGATCAGCAGTTGGTAGATGGCCCGCATAAAGATCTTCGCCGTGCCCGAGCAGCCGCTGCAAACATTGTACCTACTACAACAGGTGCAGCTAAAGCAGTTGGACTTGTACTTCCTAAGCTGGATGGTAAACTGGATGGAGGAGCTGTTCGTGTTCCAACCCTAACCGGTTCTTTGACTGATTTTGTATGTGAAGTAGAAAAAGAAACCACTGCCGAAGAAGTAAATGCGGCGTTTAAAGCGGCTGCCGAAGGACCTATGAAAGGAATCCTCGAGTATGCGGATGTGGAACTTGTTTCTTCTGACATTGTTGGAAACCCACATTCAAATATTTACGACAGTCAGCTTACGAAAGTAGATGGCAAAATGGTTAAAATTATCGGATGGTATGATAATGAAGCCGGCTATTCTGCACGAACCGCTGATTTAATTACCAAGATCGTTTAATCTGTTAAGCAAGTATTGGTGAACTCGTTTCACCGGACTTGGTATTTTATTGAAACTCCTGCTTTCGAAAGAGGCAGGAGTTTTTTTATGTCTGTTTACTTGTAAAACTCAGCTGATCTCCTCACATTTCTACACACCAAAAAAATGAGGAAGAATTATGTTTAGGGTACCATTTTATATTTTATCGGCACTGTTAATGTTTGCAGCTTCAGGTTGTGTGGAAGTAGATATGGGAAAAGAGGCAACAACTCAGGCTCCTGAAGTTGATTTTGAGCTTACATCCGATCAAACACATAACCGCTGGAGCAGCGCCATTGAACCGGTGTTGACGGTTCCATCAGGTTCAGTCATAAAAGTTGGAACTGAAGAGGCTTCTGATCAACAACTGGATGTAAATTCTACCTTAGAAGATTTAGCCAATCTGAGTTTTGATCCCATCCATCCGTTAACCGGCCCCGTTTATGTGGAAAATGCCGAGCCCGGAGACGTACTTAAAGTAACGCTTCACAAAATTGAGATGGGCGATTGGGGCTGGACCGCCATCGTGCCCGGTTTTGGATTTTTGGCTGATGAATTCACTGAGCCCTACCTGAAAACGTTTGAGCTGGGTAAAGATAAAAAGACAGCGAAATTTTCTGAGAATATTGAGATCCCACTAAAGCCGTTTCCGGGTGTGATGGGAGTTGCTCCTGATACCGAAGAAATGCTTTCGACCATTCCACCCAGGGAAAATGGTGGGAATATGGATGACCCAAACATCACCGAAGGTTCCGTGGTTTATTTCCCGGTGTTAGTGGAAGGGGCCTTATTCTCAATAGGAGATACCCATGCCGCCCAGGGACACGGGGAAGTATGTGGTACTGCTATAGAAGCACCCATGAATATTATTTATGAAGTGGAAGTGATTAAAGGTGGAAGGTCAATCAGTGAGCCGCAATATGAGACAGACGACTATTACGCGGTTACTGCTTTTGCAACCACCATTGATGAGGCGGCCAAGAAAGCCACCCGATATATGATTGATTTCTTAGAGGAAGAGAAAGGAATGGATCGACAGGATGCATATGCGCTATGTTCGCTGGCCGGAGACCTGAAAATAGCTGAAGTGGTGGATGTGCCTCATATGTTGGTTTCCATGCATATCCCTAAGAGTATTTTTAAGTAAAACAAACAGACACTCAACATAAAACTCAAAATTTTGAAGAAGAAATCACTGCTTTTATTAGCTGCATTATTAGTAATCAGCCTGGGCTGTACCACTCAGCAGCAGCAAGTAACGTTAGATACTGAACAGCTTATTGAAGATCTTCGGGTGATTTCTTCCGATGAGATGGAAGGGCGGCGTGCAGGAACGGAAGGCAACCGTAAAGCCCGGGAGTATCTGCTGCAACGATTTGAAGAAGATGGAGCTCAGCCATTTCAGAATTCCTTTACCCATGAGTTCACCTTTACTAATAGAAGCGGCGAGGAGATGACCGGTGTGAACGTAATTGGCCAAATCAAAGGAAAGACGGATTCAGTGATGGTGATTACCGCTCATTATGATCACCTCGGTATTCGTGACAGCCTGATCTATAACGGAGCGGATGACGACGCTTCGGGCACTGCAGCTCTGCTGGCTTACATCGACTATTTTAGCCAGACTCAACCCAATCATACCCTGGTGTTTGCCGCTTTCGATGCCGAAGAGATGGGCTTACAGGGGGCACGAGCTTTTGTAGAAGATTCTGTTTTCCTTGAAAAAGTGAAACTGAACATCAACCTGGATATGATTGCGCAAAATGATTCAAATGAGATCTATGCGGTTGGTACTTTTCATTATCCGGAACTGAAACCAGTATTAGAAAATGTAGAAACCGGTGAAATCAATTTACTATTTGGCCACGATAACCCTGACAGCGGGCTAGATGACTGGACCTATGCATCAGATCACGGGCCATTTCACCAAAAAGGGGTTCCGTTTGTGTACTTCGGGGTGGCAGATCATGAACACTATCATCGCCATACGGATGACTTCGAAACCATTCCTCAGGAGTTTTATAAAGGAACCGTTCGAATGATACGAAATGCCATTGTAGCTTTTGATGAGCAGTAGGTGGAATAGGAAATAGGTTGAGGAGGACGGTGGCTCTCGCTACAAATACCCGCCGATGTAACATGTGGATTAACTTATTCTTCAGTCAGGAACCTTGTCACAAACTCCTCCGGAGTGTAAACGGGAAGTTTGGATGCTTTGTAATCCCGTTTATTACGGGTAATGATCGCATCACACTTATTATCTAATGCGCAGAAATGATGGAGGGCATCTTCAAAATCTTTCCATTTAGCCTGCAATGAATAAGTGAAAACCTCTTGGTCTATGGTTCCAATACTCACGGTTTGGGCCAAACCCTCGAGCACTTCGTAAGCTGCCTGTCTGTCTATTTGATGAGCAATTATATAGAAGATCGTATCGGGTACATGGGCGGCAATTATACCTTCAATCTGACCTGTTTCAGAAGCGGATAAAATTCTGAGAGCCGATTCATTATTTGAGCGCAATAATGCAGCATCAAGGCAAACATTGGTGTCCAATAAATAGCGGGACATCAGAACCTTTTCATTTTACTTTGAAGGGCTCTTCCTTTTAACGACTTGTAATCGTAACTATTCACTTTTTTATTATTAGGAACTGCTTTGGAAATTTGTTCTGTAGCTGATTCTTTTGGAGGGTTCCAATAGTCCTCTTTAGATAATTCAATGATAAAATCTTCGAACAGTCCGGATACACTTTTGCCGCTCTTACCTG
CP175953.1_gap33	1359429	1360408	979	GGGAATGGGACACGACCCTGTTGGGCCAACCAGCGAATTTGGCGCTGAATTAAGAGGCGCGGCTGATCTTGGAAGTTCTAAGTTTAATTACTCACTGTATTTGTCGAATGGTTCCATACTTTCAGTACACGATGAAGATTCAACAACAGCCCCGGAAGTCAGCCTGAGTGGGTTGAACTTTGAGGATAATAATAATGAAAAGGCTGTTGGAGGAAGATTTGGCTTTTTACCTTTTAATAATTCTGCCCTGGAATTAGGGGTATCTGCGCAATACACCTCAAATATTGCAAATAAAGACTTTGAATATGGCTCGGTAGGCATGTTAAATTACGCGTTTGACCTGTCTTTCGTAAAAAACAGCATTCAACCCATTAAAGGTAATATTGATGTTAAGGCTCAATGGAACCAATCCAACATTGATGAATTTGAATTGGTTTTACCCGATGGCGACGAGCTTATTTTCGATCAAAAAAGAAGTGCCTATTACGCTCAGATAGCTTACCGCCCCTCACTTTCAAGCAGCCCTTTTTTGAGCAAGCTTGAATTTGTGGGCCGATACTCAGGTATCGACTTACCAGAGGGCCCTGATGAACATGGGGATGAGCCCGCCACGCCCAAAATATCAGACAATGGTGCCGGTAACAGCTTGCGTTCAAAATCTTTATTTACCCCGGAAGTTGTTGGGGGCGGTGAAGAAGAGGAAGTTCACAATGAAGGTGACCGCACCCAGATAGCATTCGGTGTTAATTACTGGATAACATGGCGTTCGGTCATAAAATTCAGTTATCAGATAACCGACAACAATGAAGAGGCCTTTTCGGGCATCTACCTCCATTACGCTTTAGGATTTTAACACTTAAATAATTACCACTATGAAATTTTCAGGCATTTCAAAATTATTAACCATAGTAATTTTAACAACCTTAGCTTTTACAACGTACAGTTGCAGCACAAGCAAAGAAGCCACCGGGACTGCCTC
CP175953.1_gap34	1433300	1433944	644	TCTTTGTTCGGCGGGCAGGCGGAAAAAGAAACCCGTACCCGGAAGACGTTTATGATGGCCTCGATCTACGTGCTCGGGATCGTCAGCATGTACAGCGTGTTGGGCGTGGCGGCCGCCTACACCGGCAGCCTGTTCGGTAATTGGCTTCAGAGTTCAGCGGTTCTGGCAGGAGTCGGTATTATCCTATTGGCCATGGCGCTGAGCATGTTCGGACTGTACGAACTGCAACCCCCGCAATGGCTGATGCAAAAACTGGGCAGCGCCGGGGGCAGCGTAGGCCCGGCCGGCCATTTTCTGTCCGGGGTGATGGTGGGCATTTTTGCCGCCCCCTGTATCGGTCCGCCGGTCATTGCGCTGCTGACCTTCGTGGGCGCCCAAGGCGATCCGCTGTTTGGTTTCTTTACCTTTTTTGTGATGGCCCTCGGGCTTGGGCTTCCGTATCTCATCCTCGGCACCTTCAGCAGCCTGCTTTCCAAGCTGCCGCGATCCGGCCAGTGGATGGTATGGGTGAAAAAAGTGTTTGGCGTGGTACTGGTCGGCGCTGCTCTGTTCTTTCTGGCACTGGCCTGGTTTCCGAAATATGTGCTGTACACCCTGCCGCCAACGCTGATCCTGGGTGGGATCTACCTCGGCTTTATAGAATC
CP175953.1_gap35	1459923	1461540	1617	ACGTCCCGGTCGAAAATGCCAAACGATTCGTTGATACGGTTAAAAATTATCGATATTAATTAGAACCCATGTAGAGACACAAAATCTTGTGTCTCTACATGTGGTTGCCAATTTTTTCTTGATCAATCATGGATACAAAACTAACATCCAAAAAAGAAGAATTCAGCCGGTTCGTCAAGAATGTGCAACAGCATATTTGCGATGAATTAGAGGCTGTGGATGGAACCCAAAAATTCCGTATTGAGGATTGGGAGCGGGAAGGATTTGGAGGAGGCAGCACGCGCATAATTGCCGGTGGCAATGTGATAGAAAAAGGTGGGGTAAATGTGTCGGCCGTTGGCGGACCTCTGCCCGAAGCAATGCAGAAGAAATTTGAAGTACCGGAATCAGAGTTTTTTGCCACGGGTGTCTCACTGGTCATACATCCCCAAAATCCGTTTGTACCCACGGTTCACGCCAATTACCGGTATTTTGAACTGTATGATAAAGACACCGGAGAGCTGAAAGATCAGTGGTTTGGCGGCGGGGCCGACATGACGCCCTATTACCTGTTCGCGGAAGATGCTAATCATTTTCACCAGGTTCATAAAGAAGTATGTGACCGGTTCAACCCGGATTATTATCCTGATTTTAAAGCCGAGTGTGATGCCTATTTCTACAATCATCACCGGGAGGAAGCTCGTGGAATCGGAGGGCTGTTTTTTGATTATCAGCGCCCGGATAAGAACCGTTCTGCAGATGACTTATTCGAGTTTTGTAAGGCGGCCGGGTTTGCCTTCACCGATGCCTACGTTCCTATCATAAAAAAGCGGAAGGATGATGAGTTTAGCCAGGAACACCGGGACTGGCAGGAAATCCGCCGTGGCCGTTATGTGGAATTTAATTTAATTCACGATCGCGGTACTTTATTCGGGCTGAAGACCAAGGGCCGGATTGAATCTATTTTGATGAGCCTGCCACCGAAAGTGCAGTGGGTGTACGATCATCATCCGGAACCGGGCAGCCCCGAAGCCGAGCTGGTCGACCACCTGAAACCCATTGATTGGATTAATTATAGCTAAGTGAAAGGGGAAAAGTGAAAAGGCAAACGTAATTTTCACTTTTGCCTTTTCACTTTTCACAAGCAAAGAAATATGAAATACCCAACAACCCGATTACGACGAAACCGGCAATCAGATGCCATCCGTGAGATGGTGCAGGAGAACCGTTTACATCCATCCGATTTTATAGCTCCCATTTTCATCATGGAGGGAGAGAACAAGAAAGAGGAAATCCCCAGCATGCCGGAGTATTTTCGGTACTCGTTAGATTTGCTGAAGGATGAACTGGATGAATTGGTTGAAGTTGGGATTCAGTCGGTATTGTTATTTGTAAAGGTTCCGGACGAAAAGAAAGACAATAAAGGCACCGAGGCTTTAAACGATGACGGACTGATGCAAGAATCCGTTAGGTTTATCAAAAAGGATTACCCGGATTTGCTGGTTATGACCGATGTGGCGATGGATCCATATTCCTCATACGGACATGATGGCATTGTGGAAGATGGCGAAATTGTGAATGACCCTTCGGTGGAGGTGCTTGCACAGATGGCTGTGAGTCATGCCAAGGCCGGAGCTG
CP175953.1_gap36	1464384	1466272	1888	TGAGCATATCACTGGCTATCCTGTTGACGGGTTGTGGAACCACCATAGAAACAACTATGACGAAAAAATGGGAAAAAGAACGAATATTCGATTCTGAAGAAGATAAATCATTTTCCCAAATGTACATGACTGATGATGGTTCGGCCGTGACTGTAATCTCACCGGGTGGGGTGCAGGCTGTAAATGTTGAAGGTGAAACAATAGCAGAAGAAAAAAGAGCAGATTTCTACACAACTTTTCTGAATGAAAACACCGGCCTTGATCGCCTGACTGATAAGGTTACTTACATTTACATTCCTCACCGGCATGCATTGCTGGAGTTTAATTATGCCAGCTTCTCAGAATCCGTAAGCTACATTGATCTGGAAAATAAGAATGTAAAATGGATGGCTGATGACCTGAAATGGAGTCTTGAAAGGTATCAGGCATTTGCACGTTCCTTATCTAAAGGATTAAACTTTGGCGGGCAGTTAGCAACTGGTGCTGCAGCTGAAGTAATGTTACCGGAACGGTTTGTAGGAAACCTGACCCGGATAATACCGGAACTGGATGCTTTTATTTTTAAAACACTGGATGGACTTAAGCTTATTAGTTTAAAAGATGGAAGTGTAATATGGACTAATAATAAATTTGATGGGGGCTTGGTGGAGATTATTTATGATAAACCAAGTAATAGTCTGGTTGCCGTTAATAGAGATGATGATGCATTTGCAGTGAAAGGGCTTCAGTTTAATAAACAACTGATGCGCATTGATGCAAGTACGGGACAAACAATTTGGGAAAACTCATACGATGGTAATATCCGTGAAAAACTGGATGGTGTAGGAGTTTGGGCAGACCGTAGGACGGATATCCGGTTAAAGGATGGAAACATCATGATCAATTTTCTGAATGTGGAGGTCTATGATTTTGAGACTGGTGAAAAACACTGGCAGACAACAACAGGAAATGACAAACTTCTGGATATGGTAGCCCCCGAAATGCAAGTCATGAATTTGTTTGCGTTTCCGGAGATTGAGGACGGGAAATTATATTGCGTAACACATGAGAATACCAGTCTTGGCGGGGTTGATGTCGTGATCGAAGCCTATGATTATGATTCCGGTAATCTGCTTTGGAAAACGGATAAGATTACCCGCAACGACCCGGTTAATGATATGGTCGTGGAAGGAGATCATTTGATTGCTTCAACTACGGCCTCAGAAGGTATCATCGCTTTTGATCTCTCGACTGGGGAGGAAGTATGGCAATATACCGGCTTTGGAAAACATGGCATTCAGTTTAAGATGGAAAAAGCAAATGGAACTGTTATTGCCGCAGGCTTCGGGAATATAGTTTCGCTAAACACAGATAATGGAGAACCGATTTATAAGCTCTCAACTTCGGATATTGGATTGGGAGATCTCAACGATATGGATAAAAAAGGAAACGCATTACTGGTATCGGGAAGCAAAGGTTTTGGAAGTTTTGATCTGTCAGACGGTTCCGAAAAGGCTTCCATCCCAACTCCAAGCGGTGGCATTATGAACATACATGAAAGTCAGGGTTTGGTGCTCATTCAACCCAAACCAAATTATGGTGATGCAAAGTATCCGGTAGATGACGCCTATCATTTGGTTGACCTTCAGAATGAAATGTTACTGGGAACCCTTGGCAATGGCAACCGTCGGGGGGTACAAGTGTCTCCTGATTTTAGTCATTTGTATGTATTGACCAATGGTAAAATCATGATGTATTCTGCGAACTAACTCCATAAATCCTTTAGAAAATTACAGGAAAAGACCGGGTGAAAGGCAGGATTTAAAAGAGCTTGAGAATGATAGGATGAGTGTAAAATATTATTGCGTATCGATTTATTAGCTGATCTCATGTAACCTGGCTCACAACT
CP175953.1_gap37	1543524	1546464	2940	TGATCTGCGACGGGGTTATCACATAAGCTCAGAACACCATTATAAACGGCATTTCTCTTCGCTGTTTCATTAGCGATTTTGGCCAGTGTTTTACTCGGGGCAATACCTACGGAAACCGGAATTCCCGTCCACCGATAAACAGTTTCCTTAATGTGACGCCCATACTCCTCTAAATCAGAAAAGGTGTTGGTGGAAACTTCCGCAAATGCTTCATCAATACTGTACACCTCAATATCGTGTGTGAGGTGTCGCAAGGTTTCCATGACCCGGTTCGACATATCTCCATACAGTGGATAGTTCGAAGAACGGACGGTCACATTCTTTTCCCTGAAATATGTACGGTACTTAAATTCCGGTGCCCCCATCGGGATGTCGAGGGCTTTAGCCTCCTCGGATCGGGCAATTACGCAGCCGTCATTATTGGAGAGTATTACAATCGGCTTACCTTCCAGAGAAGGGTTGAACGCGCGTTCGCACGAGGCATAAAAGTTATTACAGTCAATCATTGCATAAGCAATGGAGCTTCGGTTATTGAAATTCTCGAGGTTCAGGATCATACTTCATAACGGTGAATGACGTGAGTGATTACTCCCCAAATGAGCCAGTTGGTATCGGGGTGAATGGTGATCGGTTCAAACCGGGAATCATCAGAAATTAAAAATAGCCGCGACCCTCTCTTAACCAGCCTTCTGATTACGGGCTCCTCTTCGATCGCGGCTATCACAATATTTCCATCTGATGGATGTACGGATCGGTCCACCACAAGGATGTCTCCATCCTGCACCCCCGATGCCTTCATCGCGTTTCCTTCAGCTCGCACATAAAACGTGGCGGCAGGGCGATGCACAATCAATTCTTCCAGGTCCAGCGGTTTTTGGAGATGATCGGCCGCCGGAGATACAAATCCGGTCTCCGCTTTTTGCGAAAGTTTTACCTCGTTTCGCTGTTTTTTGGCCGACCCTCCCTGGTAAATTTTTAGTCCCTCCATACGCACCTCTTTGCTTACATATATTATATGTGTAAAATATGTGTATCACTGGAAAGAGTAAACTATTATCTCAAAAATTTAGTTTGCTAATCGGAAATCAGGATACAATATTAGCGTAAATCAAAAGGGCAGTATGGATTGGCTTTACTTAATCGGATTTATAGGCGTGGGTTTCGCGGGGATGGAAATTGTTTCGTATTGTGTGCACCGGTGGTTATTTCACGGGATTCTATGGAACATTCACGAGTCGCATCACAAACCGAACCATGGATTGTTTGAACTGAATGACATTTTTTCGCTGTTTTTTGCCGGTGTTTCCATTTGGTTGATGGTAGATGGGTCCACCACTATGTTTACGTCGCCGGCATTCGGGATTGGGGCAGGTGTTGCGGTTTACGGAGTGTTGTATTTTATCATTCACGACCTCTTTGCTCATAAAAGATTTGTGCCCTTCAGCAGTGATAATAAAATTATGAAGCTGATCCGGCGGGCTCACCAAAGGCACCATCAGGATGTGGGCAAAGAGGGGCATGAGCCGTATGGACTGTTTCTCTTTCCTTATGATGAATACCCGGAGCGGAAGCGCAAGTTTGACCGGTAATGAACATTAGAATTCCCCAGGGCTGAACCCCATAATTGTAACGGAAAAGATCTGTATAACAATGATGTGCCGGATTTAATGCACCATGTATTCCGGTTCACAAGCCCGCCGTTTATGGCTGCGGCTTAACCTACAGTAAACTGCTCTTTCAAGGCTTTCATCTGCTTAAAATGTCTGCGTTGGTGGGCATCCTGAACGCCAAAGCAGGCTGTCAAAGACATGGGCACAAATTTGATAATAGGATTGCGGGTTTTTATCCGGTCCAGATTTAGCTGTTCCAACTTGGCTTTTTTGATTAAGTGAATGAATTCGTCTTGAAGGGCAAGAAAATCAGACAGTACTTCTTCCCGATTAATCTCATCCACATTTTTCGGTTCAAAAGGTTTAACGGTAGGGACTGCACGGTTGTATTGAGGACTTACAATATGTATAAACCACCGAAAGAGGAAGTTGGGGGCAAAGGGCTCACCGCCTTTCGCTAAATCTTCATCCGGCCTGTTGAGTCCTTTTTTGATTTGCGGCAAATATTCATTTCCGGCCTGTAATAGATGGTTCAATATTTCGCCCATGCACCATTTATCTTCATTCGGCTTGCGTAGAAATACATCATTATCTACGCTTTGAACTAGATCTTCGGCCGTTATTTTTGCCTGTTCAAAAGCACCTGAAAAATAATCATAGGTGTAGGATGAGTTTTTCATATCAGAAAAGTTATTGAGGTAAAAGATTCCAAAACAAACAGATTTAGGATTTCATCTGATGCCGGAATCCACTTTATTTGGAACATCAATTTCATCAAAGTATAGAATCATGCATTCACAAAAAAATCGTTTGTTTCTCATTGTAATTGCCGCTCTTCTTTTTCCGGTTTGGGCTACGGCTCAGGGGGTTTTGAGTTTCGAAGATGTTATGAAATTCGAAGACATCGGCTCCATAGAACTGTCAGCAAATGGCGACTGGGTTGCTTATGAAGTGTGGCCCGATCGTGGTGATGGCCGGGTGGAGGTGAAAAGCACAAACGGACGGAATACCTACTCTATCACTTTAGGTGCATCGCCCGAAATCACACAAAACGGGACCTGGGTAGCTGCTTTCCGGAAGGTACCCCTGGCGGAAGAACTTAAATCCGACAAGAATAAACCGAAACAAGGGCTGTCTTTACTTTCCACAAGCGATGGCTCGATCACGGAGTTTGACAGTGTTCGTTCTTTTGCTTTTTCAGAAGATGGAAGCTGGCTTGCCATTCAGCATCATCAGTCTAAAGAAGTGGAAGACCTCAAATCAGGGAATAAGAAGTTAGGTACAGAGGTTACGCTCTGGAACACCGAATCAGGCTCTGCTTTCTCTTTAC
CP175953.1_gap38	1568997	1570268	1271	CTTCCAATTCATCGAGCGCTTGAACAATTTCATCATCTTCAATTTTCAAAACCTTGGCATAGCTTCGTACAAAGCTGCGAACATAGGTTTTGTTCTTACCCTTGTCAGAAAATATGCTGCCATCCTCAATGCTTTTTAGTGTGCTAAGAGGAATTTTAATAGCATTTTGTATATCCTCTAATGAGAGGTTTTGGCTTTTACGTATAGAGGCAAGGTCTTTTCCCAGAGACATATAAAATAATTTAGGTCTGCTTACAAAATTATAAGAAGCTAAGTAATTAAATGTGATAGGAAAAGCAAACTTTTAGCTTTAATTGATGCGGAAAAATTATGTTGCTTACAAAATTTAAAGAGGGCGTTTTAGAGGTCTTATTTCCCAAAGTATGTACGGTTTGCGGGCTGAAGCTATCGACGAATGAAAACTTTGTATGTACGATGTGTCTAAAAGATAAATTTGAGGAAGCTTACCGGGGTGGAAAACAAGCTTCAAGCGATATCCTGCTTCCGGAAGGGATCAGCCTTCAGCATGCGCTCTGGAATTTTGACAAAGGCGGGCATTTGCAAGAGCTTTTGCATCAGCTTAAGTATAACCGGTTGATCGGAGTTGGGGAAGATGTGGGTCGCCAGCTTGGTAAAAGCCTGCTTGGTAATCCTCTGTTTGTCAATGGAATCAGGAATAAGAAGGCCTTGCTGCTTCCGGTTCCCCTTCATAAAAAGAAAAGAAGAATGCGGGGTTATAATCAGGCTTTCCATATTGCAAAAGGTGTAGCCGAGGTAACGAATCTTCATATTGTAAAGCAGGAAACGGTCATCCGGACTAAGAATACGAGTACGCAAACCGGGTTTTCTCTCGAAAAGAGAAGGAAGAATATTGCCGGGGCTTTTGAGGTTCAGAATCCCGAAGCCATTGAGGATGCCGTTTGCATTGTGATTGATGACGTGTTCACCACCGGAGCCACTACCTTTGAGCTGGCATCCAAACTGAAGAAAGCCGGTTGTAAAGAAATTATGATAGCTACGGTAGCCCAGGCCTGAAACCTTCTTTATTAAAGCCTATATTTGGACATGGAAAATTTTAAAAGAGGACGTTTTGAATGGCAGATGCTGGAGCTTCCGGATGGAATAACCACCTCCAATGGAAACTGGTATCATATTACACGGGATGGAATTGAGAAATACGTGCCGGGCTTGCTGAAAGAAAAACCCCTGGAACAAATCATTCAGGAAGCCGATGCCTGGGTGAAAAGCTCTAACGGGCTGGCACTGATGCT
CP175953.1_gap39	1619510	1621039	1529	AACCGCGCCATCACATGGCGGATTATATTTACAAAGGCGAAGAAGAACTCGATTACGAAGAGCTGGTTCGGCGAACCGACAAGCTGACTATTTATAAGCACTTTGGTAAAGCCATTCCGCTGTATATGAAAAAGCGGAAGCTGAAAACGTTGGAGAAAAAGCGCTGTAAACTGCTTATCCATAACCTGGATGCTAACCTTGTGGCTTCCTATACCGCCAAAGAATGGGCGCAGGTCCTTGAGCTTTTGTTTACCCTATTTGGAGGAGAAGTAGATGCCAAGCTCATTCAGCTATTTTTTGAAGACAAGGGACTGTACCTCACGGCAAAAGCTTTTAACGAACTGGATGAGCAGATAACTAAAGAGCGGTTTATTGAAATTCTGTCCTATCCAGACTTGCTGGATGTGAAGCTTCAGGAGAAATTCAGGGATCAGTTCCGCGAGGAGTTAATTGCCCAGAAAAATCGATTTGACCATCCGGATGAAGAGGAGATGGAAGAAATTGATGAAAAGGAACAGCGATTGTTGGATAGTTTTTTTGGCGATTACAGCGAAGAAGGTCCGCAAATGACGGACGAAGAGTCATTCAATGCTTTGTTTAAAACCGAGCAGAAAGATAAGTCCATTTTTGAGGAGTTTGAAGAAGTGCCCGATGCTGAAAAGATCTCGGAATCACTCAAAACCGGAGATCAAACCGATGAAATCAAGAAGTTTCGGGAGAACCTCGTAACGGTACTTGATCAGGCAGCACATTCGTTCAAAAACCTGACTGAAGAAGAAGAGGAAGAGGAAAAGAAAAAATCAAAAAAGAAGAAAAAGAAGTCCTCTAAAAAAGGAGAGAAGCCTGCAGAACCGGCGCCTGAAAAAGAAGAAGAGGATGTGCTGGATGAATTAGCTGCGGAAGATGATACGGATGAATCTGTTATTGAGGAAGAAGCCGAAGATAATGAAGAGCAGCCCATGTGGCAGCAGTTTATACGTCCCGACCAAATGGATATGTTGATGAGCAGCAAGGGTTCGGATAGTGACGATATGCTGATTGATGAAGAAACGCTGGTCGATGAACTCGTTGATGAAGAGGACGAAGACGACCAGACCATGCCCACACTGAAGGACTTTATGATCAACAATGAAGGCTTTTTTGTAGAAGAAATTTTCAAAGGATCAGATAAGAAATACGAAAAAGCCCTGAGTAAAATTCAGGAGCTGGACAATTGGGATGAGGCTACTGAATTCATTGAAAAAAAAGTATTTTCGACTAATAAAGTTGATATGACATCTGAAGTAGCCATCGATTTTACCGACCGGCTGCAAGCTTACTTTGACGAATATAAATCTTAAACAATACCTTAATTATGGCATCCAATCCAAAAGTAGAACGACTACAGAAACTGCGGGAAGAAGCACTTAAAGGCGGAGGTGAAGCCCGAATCGAGAAGCAACATGATAAAGGCAAACTAACCGCCCGAGAGCGAATCGATCTGTTGGTGGATAAAGGCTCGTTCGAGGAAATTGACAAGTTTGTGACCC
CP175953.1_gap40	1670837	1673294	2457	TCGGGTAAATCCCAATATCTTCGATCGCACGTAATACATTCTTGTACATGATTACTCCTCCATTTGCGGTTTGAAGTTTGCCTGGATACGATCGCTGGATGGAAGTGACTCCCAGGGGTTTTCTTCCCCTTTAATGTCAACTCCCAGCCGCTGCATGTAGGCAATAATGGCGATGATTTTCTTGTCGGAAGTGATCTGAATTCCTTCAATCTGATCAAAGCCATTTTCTTTCAACCCTTGAGTTATTTCCTGAGCCTGTGCCTCCAGGTCGCGAATGGCGATTTCTTCATAGCCTTCCACATAAGGCACGCCTACACTTCTGAGCGCATTAATACGGGCCGGAATGGATTCTTTGTCCATATCCTGAGTGAAAAGCCATGGGTAAGCCGGCATGATAGAGCCCGGTGAAGTGGACGTCGGATCATACATGTGACGCACGTGCCAGGAATCCGGATACTTGCCTCCTAAACGGTGCAGATCAGGGCCGGTACGTTTTGATCCCCATAAGTGTGGGTGATCGTAAACAAACTCACCGGCTTTGGAATATTCGCCGTAACGCTCGGTTTCGGAGCGGAAAGGACGAATCATCTGCGAGTGGCAGTTATTACAACCTTCGGCGATGTAAATATCGCGGCCTTCAATTTCCAGCGGAGTGTATGGCTTCACGCTTTCAATGGTAGGCACATTTGATTTCACAAGAGCCGTTGGTACGTATTCCACAATACCGCCAATTAAAATTACAACCAATACCAATACAGTCATTTGGAGCGGTCGGGATTCAAGGCGTCGGTGCCAGCTTTCTTTATGTCCCTCTGCCGGGTTGATGATTGCCTGGGCTTCATCCACTTCAGATTTCTCCAACGAACCCTGGCGGGCAGTTTTAAAGATATTATAGCTACCGATAGCTGCTCCTATAATGAAGAGCGTTCCACCTACCGCACGCAACGCATACATGGGAATGATCTGAGTTACGGTTTCCAGGAAGTTTGGATATTGCAGAAGACCTTCAGCAGTGAATTGTTTCCACATCAAACTTTGAGTGATTCCACCCCAGTACATAGGGATCACATAGAAGATGGCACCAAGCGTAGCAAACCAGAAGTGGACGTTGGCCAGCTTCACAGAATAAAGCTTGGTCTTGTAGATCTTCGGTGTGATGTAATACAGCATCGCAAAGGTTAAACCACCATTCCAGAGCAGGGCACCGTTATGCACATGACCGATAATGTAATCGGAGTAGTGGGCAATGGCATTTACGTTAGCGATGGAAAGCATGGGGCCTTCAAAAGTAACCATACCGTAAGCGGTAACACCCACTACGAGGAACTTGAGAACGGGATCTTCACGAACCCGGTCCCAGGCTCCGCGAAGGGTAAGCAAACCGTTAAGCATACCACCCCAGCTGGGTGCAATCAGCATTAAACTGAAAACCGTACCCAAGGCCTGCGCCCATCCCGGCAGTGCAGTATAAAGCAGGTGATGAGGTCCGGCCCAGATATAAATGAAAATCAGTGACCAGAAATGAACGATCGATAACCGATAGGAAAAAATAGGTCGGTTCGCTGCCTTCGGGATGAAATAATACATGATCCCCAAAAAGGGCGTGGTAAGGAAGAAGGCTACGGCATTGTGACCATACCACCACTGAACCAGGGCATCCTGAACACCGGCATAGATCGGATAACTTTTCAGGAAAGTGGCGGGCATTTCAAAAGAGTTAACCACGTGCAGTACAGCCACGGTGATAAAAGTAGCGATATAGAACCAAATGGCTACGTAGAGGTGTTTTTCACGACGCTTGAGGATGGTCATGATCATGTTAATACCGAAAATCACCCAAATAAGAGTGATGGCGATATCAATAGGCCATTCCAGCTCAGCATATTCCTTACTGGTGTTAATCCCGAAAGGAAGGGTTAATACGGCCGAAACAATAATAGCCTGCCAGCCCCAAAAGTGAATATTACTGAGTTTCTCACTCCACATACTGGCTTTACAAAGCCGTGGAAGTGAATAATAGACCCCGTAGAATATGGCGTTTCCGGCAAAGGCGAAGATCACAGCATTGGTATGCAGAGGTCGCAGCCGGCCATAAGACAGCTCCGGTATAAAGCCGAGGAAGTCCGGATAAATTAGTTTCAGGGCGATGGTTAGCCCAACGATAAATCCGATTAAGCCCCAGATGATAGTGGCTATCCCGAATTTCCGGACGATTTCGTTATCGTAATGAAAGGTTTCTAATGATGACATTACTCATCCCGATTTTTGTGGTTAGTTGTTTTTTTGTTTGAATTCGTATCGTCAAAAAGTACCCGCATCGATGGAGTGTACTGATCGTCGAACTGTCCGCTTTTCACTGCCCAGAAAAACAGTCCCAGGAAGATTAAAGCGACCATTAAACTGAAGGCAATAAGCAGGTAAATTACTTCCATATAGCCAGCTCCAGTTTTTGCGCTT
CP175953.1_gap41	1780701	1782139	1438	CGCTTCCAGGGCTATATAGCCGGTTATTAACAAAAAGATGAATAATATGAGTTCAAGTTCCCAGTACATTAGCCTTCCGTTTTGTCTTTTTTGTTATCGGGGAACAGGGGTTTGAGTCCCGAATTATAAGCTGCCCGGGCCAGTGCATGGGCTCCAACAGGGTTGGCAAGCAAAATAAATAAGAGCACCAGAACTAATTTCCCACTGTTAATCGTGAGGCCTTCAAAAATAATGAGGCCTATAATAACCAGAATCATTCCAAGGGTATCACTTTTACTGGTGGCATGGGTGCGGGAGTAAAAATCCGGCAGCCGGATGATGCCGATACTTCCCACCAGCAAAAAGAAGATGCCGGCCACAACAAATACAATGGTTAATATGGAGGTGAAATCAATCATCAAATCGGACATCTACTTTTTCGGATGAGAAATATTTTGCAATCGTCAGCGAGCCGATGAATCCAAGAATAGCATAGGCCAGAGTAATATCTATAAACATATCGATGCGGCCGAATACGTATCCAATCAGGCAAATAAGAACAATTGTTTTTGTGGCAATGGCATTGGTACCTACCAACCGGTCAAAAACGGTTGGCCCTTTCATTACCCGGTAGGCGGGAACAACGATAATAGCGGTCAAAATAACGGCGCTGTATAGGAAGAAGGAATCCATTATAAGTCCTCCTTGCTGTGAATCACTTCAAAGTCTGACACCACATCGTGCATTTCTGTAGTAAATAATTTGAGTACCTGTTGGGGCATTTTATCGTTGGCAATTCCCTCAAAGGAAACCGGGGAAATTGCGTGTACTATAAATTCGTCGTCGTTAATATCTACCGTTAGCGTGCCCGGGGTGAGTGTAATAGAATTACCTAAAATCATTTTAGCATGAGGGTTGGGATAATTCACCTTAAAACGAACCACTGATGATTTAATAGGCAGCGAAGGGGTCAGTAAAATTTTTGCAACATGAATTCCGGAAACGATGATCTGCCAGAATAACCAAATAAAATACCAGGGCAGATATAAAAACCGCAGATCTTTAATTACATCACTCTCGTTATCGTAAAAAGAATGTGCCTTTAGCTTATAGTTGATAGCCATTACAATAGTCACGCTGATAACACCCATAATGGTGTGCGTTATATCGAAAAAACCGCTCATGACATACCAAAACCCCATCAGGGTCAGAAAAGATACAATCGGGCTTTGAATTGAAAAAGACTTCAAGATTCTGATGAATTAGGATTTTGGGAATTTTTAATGGCTCCAAACATACAAATTCTGATAATTACCTGAAATTTAAATTGGGTAAATTTGATGATTGGTTTGGGTTATATATTTCGAGTTGGTTTGCAGGCAGTCCATAAATTTAAATAAGCAAACTAATGCCTGATCCGTGCCACCATGATTCATTCATTTTTTTGTTTATCGGCCAA
CP175953.1_gap42	1783222	1786977	3755	ATTCTACCGTTTCTCAGTTAGGATATATGTTTCTGGCTTTGGGGTCGGGGGCTTTCACGGCTGCCATGTTCCATGTAGTAACCCACGCTTTCTTTAAGGCATGTCTGTTCCTTGGTTCAGGATCTGTTATTCATGCCATGCACCATGTAGAGCATGAACTTGAGCACGAAGGCAAAGATGTGCATTTCGACCCGCAGGATATGAGAAATATGGGTGGACTCCGAAAATACATGCCATCTACCTACAAGACTTTTCTGATTTCAACTATTGCCATTGCAGGTATTCCTCCATTGGCCGGGTTCTTTTCTAAGGATGAAATTTTAGCGATGACCGCCAACGCCGGAGCCGGTGAATTCGGAGGCTATATGTATATGGCACTTTGGGGTGTTGGAATGATTACCGCGTTCCTTACTGCTTTTTATATGTTCCGTCTTACACTGACTACTTTCCATGGGGAGTTCAAACTGGGGCAGCGTTTTAAAGAAGCTATCGGAGCTGAAAAATATCTGCACGAAAGTCCTGCAACTATGACTATTCCTCTTTGGACTTTAGCAGGCCTGGCAGCTGTAGGCGGATTTTTAGGTGTACCTAATTTTGTTGTGGAAACTTTCACCGGAGAAACTGCACATATTAATTTACTGCATAACTGGCTGTACAATATTAATGCTGATTATGAACTGATTCTTGGCAAGCCAATCAAGTGGGGTATCATGGCGTTCTCTATTGTGATAGCCATTGCCGGTACCTGGACAGCCTTCAGAATGTACAACAACAATCAGCAGCTTGAGTCGGACGCAAAACTCGCCGATCGATTTGGCGGGCTTTACCAAACCTGGAAAGACAAGTACAACCTCGATGAGGTATATGAAGGATTGATTTCAGATCCTATCGTGAAATTTTCGGATAAAGTATTAGCCGTGTTCGACATGAAAGTAGTGGACGGAATTGTAAACGCTACAGCCGGAACGGTTCGTCTGTTTGGTAGCTTATTCCGGTATGTTCAAACCGGTGTAGTTTCAAGTTATGCGCTGGCTTTTGTGATTGGCGTGATTGTGATCCTTTATTTAATGATAATGTAATTGTCACTGATTAGTAGATGGAAACTCTTTTAAATATCGTTATTTATTTACCGCTGTTAGGCATTCCGCTGATTTTACTGATCAGGAATGAAACCTCCCGTAAGTGGATCGCCCTGTTAGTGACAGCCCTTACTTTTGTGGCTTCATTGCCATTGATGTTAAGTTTTGACGTGGCAGCTTCGGGAACTCCGCAGTTCTTGACTGAGGGCGGGCGACTGATGGAAACTCTGGATATTAAATACCTGGTAGGATTAGATGGATTGAGTCTGCTCTTATTTATGCTGACTACCTTTATGGGGCCAATTGTAATTCTTTCTTCATGGAATTCAGTTAAAAAGCACCTGGCCGGTTATCTGAGCATGTTATTATTGCTTCAAACGGCTTCACTTGGTGTTTTTGCATCTCTCGATCTGATGGTATTCTACGTGTTCTTTGAGCTTTCACTGATCCCGATGTACTTCCTTATTGGAATCTGGGGTGGAGCCGGACGTATTCAGGCTACTGTTAAATTCTTTATCTACACTCTGGTTGGTTCATTAATCATGTTGGTTGGGTTGATTTACCTGGGTTACGATGCCGGTGCTGCAATGGGAGGCGGAACTACCTTTACTACCGACTGGAGATTCCTGTCCGGTGATATGTACAATATTGGCCTGGTTGAGCAGACGTATTTATTCCTGGCCTTTGCATTGGCGTTTTGTATTAAAGTACCACTGTTTCCTTTCCATACATGGTTACCATATGCACACACCGAGGCGCCAACAGCGGGATCAGTTGTGCTTGCTGCCATTATGCTTAAGATGGGTACTTATGGATTGATCCGCGTTTGTCTGCCGATTTTCCCTAATGCTTTTATGGAATTTGCCCCATGGATGGCTACCCTTGCCGTGATCGGAATTATTTATGGTGCACTGGTGGCCATGGTTCAGAAAGATGTGAAGAAATTGGTGGCTTACTCATCGGTGAGTCACTTAGGTTTTGTTGTATTGGGAATTTTTGCTCTGAACACTGTCGCTGTTCAGGGAGCTATCATCCAGATGATTAATCACGGACTTTCAACCGGCGCGCTCTTCCTTATTGTTGGGATGATATATGATCGCCGCCACACCCGAATGATTAAAGATTTCGGAGGCATCGCGAAGAAGGTTCCGGTATTTACTGTAATGTTTATGATTGCAACGCTGGCATCCATCGGGCTTCCGGGACTGAATGGATTTGTAGGTGAATTTTTGATACTGAACGGCTCGTTTTTCTCTGAGCTCTATAACAATAAAGTATTTGCAATACTGGCTGCAACCGGTGTGATTTTAGCGGCCGTTTACATGTTATGGATGTTCCAGCGCGTGATGTTTGGCCCAATCACCAATGAAGAAAATGAGAAATTAGTAGACCTGAATGGTCGTGAAATCGGGCTTTTGGTTCCTTTAGTTATTTTCATGTTTTGGATTGGAATCCACCCTGTTGATTTCACAAAATATTCAGAGGCTCAGGTTGAGGAATTAATTGAAGCATCTCAGGAAAAAAGTATGGCTGTAATAGAGCAGTCCAAACTTGATGAAGACCTTCCTGAGTGGACTGCAAGATTCTATGACGTAGATCAAGTTGAATCACAAATGGCATCCAAGTAACATGGCACAACCACTTTCAGAACAGGACATTCGCGAAGCTCTGAATTCCTTAGAAGGGTGGGAGTTTGGCGATGACGTTATAAAAAAAGAATTTTCATTTAAAGACTTCAGCGAAGCACTCGGATTTATTGTCCGTGTTGGAGTAGAAGCTGAAAAACAGGTACATCATCCGCAATTATTTAATGTGTATAACACAGTAAATATAAGTTTGAATACACATGATGCGGGTGATAAGGTCACACAGAAAGATGTGGATCTTGCCAAAGCAATTGAAAGCGTTTTATAAAATTAGCGAATGGATTATTTAGGCGACATACAAGCTTTTCTTCCCGGTGTAATTACTGCTGTAGCCGGTTTAGTAGTAATCGTGGTTGAATCACTCAAAAAAGACAGCCCGTTAAATTTCTGGATTACCTCACTTTCCCTGATTGCTGCACTCATTGTAAGTGTGCAATCATTAGGTACCAACCTGGATACAGCTTTTTCCGGAATGTTGGTTTATGGTGGCCCGGTAGCATTCGGGAATATGGTTATTCTCACCGGTGCTGTGTTTTGTGTTTTCATTAGTGAAGACTACCTGAGAGACATCGGCCATTACTACGGTGAAATCTATGCACTGATGTTATTTGCTACATCCGGTATGCTTGCGCTTGCCGGTTCCAACGACCTGATTACGCTATTTGTAGGCCTGGAAACCATGTCAATTTGTTTATATGTGATGGCCGGTTTGATTAAAGACGAAAAAGCCGGAGCCGAATCAGCTCTGAAGTATTTCTTGCTGGGTGCCTTCTCAACCGGGTTCCTTTTATATGGAATGGCTCTTCTCTATGGAGCTACCGGTACAACAAACATTCCTGAAATAGGCGCGGCTGCAAGTACCGATTTATTATTCCTTGCCGGAACCGGACTTCTTTTAGTAGGATTTTTATTCAAAGTGTCAGCGGTGCCATTCCATATGTGGACTCCCGATGTTTATCAGGGAACGCCAACTACTTTAACCGCTTACATGGCAACGGCCTCTAAAGCGGGTACGTTTGTAGCCTTTATT
CP175953.1_gap43	1919768	1924286	4518	AAACTTCTCCGATGAAGTTGAGATCAGAGCGCACGACAAGAATAATGTAATTGTGAATTATGACAGTGATCATGCCGATGACGAAAGAGATGCTATGAGAAACGGCATGCGCCGAATTTCAGGCGGAGGGGTAGGTATTGAAGTAACCGAAGATAATAACGAGGTACGGGTAAACACCGGCCCAATGCCAAATGATGATCTGGAAATGATCATCTACGTTCCAAGAAACTTCTCTCTTAAGCTGAATACGGTACAGGGTGATGTAACGGTATCCGGGCTTTCGGGTGAGTTGGAAATTAGTGCCGTGAATGGTGATGTAGAGCTAAGTGACATCTCTGGTACGGTGTTGGTTAATAGCGTAAACGGCGACATTGAAATTGATTTCAATGAGATTACCGCAAACGCACCCATGTCTTTTACCGGGGTGAATGGAGATATCGAAGTATCCTTTCCGGCGGATGCCAAATTCACCGCAAAAATGAAAACGGAGTGGGGCGATGTGTACACCAATTTCGATATGGAGATCGACCGGACTTCTTCCAAACCGGAAGTGAATACCAAAGACGGAGAGTACCGTGTGGCCGTGAACAAATGGATATTTGGGAAAGTGAATGGAGGCGGACCCGAATTTCTGTTCAAAACATTGCATGGAGATATTTCAATTCGTAAAAAATAATTTTTTACAGCAACCTTTTTAGAATCAAATCGTCTAAAGGTTGAAACCATAACTGGAGCTGTAAGCCATTTAAGCCAAGAGGCTTGCAGGGATAGGACTCCTCTTTAAAAATCCCCAAAACTATGAAGCGCGTATATACTACTATGGCAATGGTATGTCTTTGTGTCAACTTGTTTGCACAGACTTCCTATCAAAAACAAACAGACACCATTGCCATTAAAACAGATGATGTAAGAAGAGGAACGGTAGATAATCCTGCCATGCAGGCCATCAGGATTGATGGTGAAAATGAAATTGTGTTAGACGGACTTTTAAGTGAGTCTATTTGGAAGAACGTCCCGATTGCAACTCAATTCACGCAGCGCGCGCCGGACGATGGCAGTGCGGCTTCTGAAAATACAGAGGTTCAGCTGCTATATACCGATGAATATATATTTGTAGGAATTATGGCCTACGACTCGGCTCCGGATTCCATTAATGCCCCACTTTTTCGGCGTGATGGTGATGAGGCCAGCGACTGGGTTTATGTACTCTTTGACAGCTACAACGACAAAAGAACGGCTTTTACCTTTGCAATAAATCCACGGGGTGTACAAAAAGATATCCTGCTTTATGATGATACTGATGAGGATCAGCTTTGGGATGCTGTTTGGCAGGCAGAAACAAAGATTTTAAAAAACGGCTGGTCAGCAGAGATGAAAATTCCCCTTTCACAGTTGCGCTTCAGCTCTAACGATGAAGAGCAATCGTGGGGGGTTAATTTTCAGAGAAGGATTGCCCGTAATGGCGAAATATCCTTCTGGGCACCTACCTCACAGAACGAAACCGGTATTGTTTCAAAGTTTGGAAGACTTAATGGCATTCAAAACCTGAAGGAGCCGCGCAGGCTGGAGGTTACTCCTTACGTTTCGGCCGATTTAACCCGGGTTCCTTCCTTAAATACTGATAATCCCTACTACAGCAGAAATGAATTAGGTGCGGGAATTGGTGGCGACATCAAATACGGACTTACTTCCGATCTTACACTCACAGCTACTATTAACCCGGATTTCGGACAGGTGGAGGCCGATCCGGCCGTTATCAACTTAACGGCCAATGAAAACTTCTTCTCCGAACGCAGGCCTTTTTTCCTTGAAGGGAATGATATCTTTCAATTTGGCAATACCAAGACATTCAGCCGCTTTGGAAATCCCGTTACCTTTTATTCCAGGAGAATAGGGCGGGCTCCACAGGGCAGTTCTAACAGGGCCGGGGTTAATGCTGAGTATGTAGATCGTCCTGATTTTACAACCATTGCAGCGGCCGCCAAAGTGAGTGGAAAAACCCAAAACGGATGGTCTATTGGTTTTCTTGACGCTTATACTTTAGAAGAGGAAGCCCTATATACGGCGCCTTCCGGAAATGAAAGCTCTTTTGCTGTTGAACCGGCCACCAACTATATGGTGGCACGAACCAAGAAAGATTTTAACTCAGGCAACACCTATTTCGGAGGTTTTGCCAGCGCTGTAAACCGCAGTATTGATGGAACCTACTTCGAGGACTTCCTACGCTCATCCGCCTATCTGGGTGGTGTGGATTTTGAACATAGTTTCAACGACCGCAACTGGATTACCAGCGGTGCTTTTTCCTATAGTGTGATAAACGGTTCAAAAGAAGCTATTCAGCGAGCCCAAACTTCACCGGTCAGGCATTATGACCGCGTAGATTCGGATCAGCTTTCGGTAAATCCAAATAATACAAGCTTGTCCGGTTTTGCGACAGAAATTAGTATCCAGAAAAGAGGAGGAGATGATAACTGGATGACCTCTTTAACCTATTCGGATGTTTCTCCCGGATATGAGACAAACGACATCGGCTTCCAAAACCGAGCCGATTACAGGTCTATCAATGGAGGGGTGGTGTTCCGGGAAACTGATCCTAAGTTGTTGCAGTACTTTGAGACATGGTTGTTTAAGGGGAATGCCTGGAATTATGATGGAGATATGATTAACAACTGGTATGGAACCGGCGGCTTCATGCGCTTTGATAACCTCTGGACGTTCAACTACAACGCAAATGTATCCGGTGATCAGTTAATGGATCGCACCACCCGTGGTGGCCCTGTAATGGAGCGGCCGAGAGACTGGAATTTTAATCTGAACCTGAGTACCAATCAAAATAAAGATGTGTCGTTTCATTTTGGCACTTTTCAGCGACAGGATGTTTCCGGTGAATTTGATAATAATATTTGGATGGGGGTTACCTTTCTGCCTACCACATTTATTCAAATATCGGTTTCCCCGGAGTTTGGTTATCAGCGGGATACGGATCAGTACGTGACCAAAGTTCAAGATGTCAACGCTACCTCCACCTATGGCAACCGGTATGTATTTGCGGATATAAAGCAGCGAAGTTTTATGACCAGTGTAAGGGTAAACTGGACCTTCTCGCCTACCATGAGTTTACAGACTTATGTGCGTCCGTTTATAGCCAGCGGTGAATACACGCACTTTAAGGAATTTGCTGAACCGCGAACCTATAATTTTGACCGCTATGGTGAAGATAAGGGAACCATCAGCAAGGCAGGAGACGAGTACTCCGTAGATCCCGATGGAGCAGGAGGTTCGCCGGCTTTTAATTTCCGTGATCCGGATTTTAACTTCCGCTCAGTACAAGGTAACGCGGTATTCCGATGGGAATATGCCCCGGGATCAACTCTGTTTCTTGTGTGGCAGCAACAGCGGGATGATTTTGTTAGAATGGGTAATTTCGATCTCGGCAGAGATCTGGATGGCCTGTTCAGTGCCAAACCAACCAATGTATTTCTCGTGAAACTGAGCTACTGGTTCGGTACCTGATAACCTAATTCATGTATACATAGATATATCAGAAAGGGCGCACAAATGCGCCCTTTTTTATGCTGATTTGGATCAGTTCATGTGATGTAGTTGTTTTACTCCACCGATGTCTTACATGTTTTTAGCCCAAATGGTGCATACAAAGGGCAGAAGCTTACCAGGCTTGTAAGCACAAATACTCCGGCTAGTACCAATAATACGATGCCCCATGTGCCGGTAACCGTTCCGGTGAAGTAAAGAGCAACAAATATAATCGCTAAAACAAAGCGTATAATTTTATCAGCAGAACCCATATTCTTTTTCATAGTAACCTCAGTTTTTTTTGTTAGATAATCCATTTAAATAAAAAAACTAAACCTGTAATTATTAGTACACAGAGTACACAAACGGCAAGAAGTTTTAGTATTTTCACCCGCACAATAAAATTTATTTTTGAAGGTTTTGTGAACTTGTTATCACAGGTGAATAGTAACTGAACTAATTCTTTATTAAAAGCAGCAATGAATACACAGCATCTAACAGCAGAACAGGTAAAATCAATACAATCCAGTTTCATTAATAAAGTTTATGGCTGGATGGCCCTTGCCCTTGCCATAACCGGATTTGTGGCCTTGAGGGTAGTCGATTCCGGCTTTGTGGAAACCATGGCACAAAACCAGATTTTGTTTTTCGGCATTATTATAGCTGAACTGGGTCTGGTAGTTTGGTTGTCAGGAAGAATCAATAGTATGAATGCAAGCATGGCTATCGGGCTTTTCTTGTTATACTCCGCGCTAAACGGGCTCACATTCTCTATTTTATTTCTGGTTTATACCTCGGCTTCTATTGCTTCAACGTTTTTTATAACAGCTGGTACATTCGGGGTGACGAGCGCCTACGGGTATTTCACCAAAAAGGACCTCTCCAGCATTGGTAATATTGCCTTTATGGGGCTGATTGGGATTATCATTGCCACCGTTGTGAATATATTCGTTCATAGTGAGATGCTCTACTGGGGCATAACCT
CP175953.1_gap44	1995931	1997593	1662	TAAACCTCTTTGATTGCATATTTGCCCTCTACCTTTGCAAGCACACCGGTTGATGGTACATCCAGAGATTCATAGTCGAGTTTAGAATATTCTGCGATCGCAGCAAAAGTAGTCATAAAACAACTGCTTATAGAGGCGACGAAAAGATGCTCCGGTGACCAGATCCCTTCAATCCCTCCGGGGAAATCGGGTGGAGTGGCCACTTCAATTTGGTCATCGAGTTTATCAGAACTCAACGTTCCAATGCGGTCGTGTTCCCATTTAAGATCCACATCATACAGGTGCTTGTCAGCCATCATGATTGCTCCAGTTTTTGTTCAATAATTTGCTTTAGCTGCGGCATTTGTACAACGCCCGCTTGTTGCCAAAGCACTTCTCCTTTTCGGAAAAGAATAAGATTTGGGATGCCTCTAACCTGATATCGAATAGCTACGTCAGGATTCCGTTCAGTATCAATTTTGATAATGTTTAACCGATCTCCCATTTCAGATTTCAGTTGTTTTAAAATAGGGGGCATCATTTTACAGGGAGCACACCAATCGGCATAAAAATCAACCAAAACGGGTGTTTCACCTTTTATGAGTTCGGAGAATGATTTCTTTTTCGTGTCGTTGCTTTCCATAATTATTTATTTAATCTCGGTAAAATCCGGTTCTTCATATTCTTTAAAGGATGTTTGGTGTTCATCTACAGGGACTCCACAAGATGGTGAAACCATACAGCCCTTATTGGTAACAGCTTGAAAGAGAAAGAAAGCGGCTAACATCCCGGTTATAATTTCCCTGTCAATAATGGCCAGGGTGGTAAAGAACACAGCAATACCCAAAGCCACCCACCGCATGGTATGCCAGTTCGTGAATAAAGAAATTTTACTGTTCATAATTATAGATAGTCTTTTAATGTGAAGACTATGTTAACCTGATTTCGGGAGGAGGGAGCAGTTGTTATAACAAGTCATCTGAAATTTAAATCAGACATTATGAGCGACTTCAAATAATTGTTTTCATTAAGAAGAATTACTTGTCGGTACGGTCAATTTTTGCTGTCTTTAGGCAAAGGGTAAGGGTGAGACCATAGGCAAGATGCATAAACAAGCCGGCCAGAATCATGAGGCCGGGAAACCAGGTGTTGGTATAAAAGATCCCGAAGTTTTCACCCGCCGCCAGCGACACAAAGGGTGAAATGATGACCCCTGCTACAACGGAAATAATCAGGCCATAAATCAACCCTTGGGTAATCCACCTTCCCGGAATCCTATGCTGTAGAAAGGCTACCCAAATCAGCGCCAGCAGAATTCCGCCGATGTTGTAAGCCAGGTTTCCGAAAACTATATGGTAAGGGTCGCCGGGGAGGGAGTGATTGAAGCTTTCGGTTAATATGTACCCGATGTCTAAAGCGGGAAAGCCCATCCCCCCCAAAAGAAAGGCTACCATGGCCATAACAAAGGTGGCAATAAAACCGGAAATAACGGTGCGAAAAAAGACTGAAGAAGACATGACATTCTGATTAATTGAATAAAGCCAACGGGGGATTATACTAAAGTTTTACTTTTCACACTTCTTACAATTTAACAGGCTCCCCAATCTTGATTTCCGTCCTTCTTTGGAAACCACCCATGGGCGGAGTTGCCAGGGTGGGTTGTGCCGCACATGCTGGGTATGC
CP175953.1_gap45	2012589	2017083	4494	GGCACCACGGGTAAGCCAAAGGGTGCTATGCTTACCCATCATAATATTGTTAGTAATGTAAAGGCAGCTACTCAGCACATTTACTGGGATGATAATGACAGACTGCTTTCCTTTTTACCACTGTGCCATTCATTTGAACGCACGGCCGGCTATTATGCCATGATTTCCTCCGGTGTTGAGGTTTACTATGCGGAAAGTGTGGATACCGTTTCCAAAAACATGCCCGAGGCCAAGCCCACTATTATGATTAGTGTGCCCCGCCTTTTTGAGAAGATGTACAACCTTATTGTGAAAAGTGTGGAAGAGGGCAGTGATACCAAAAAGAAAATATTTAACTGGGCTGTTGAAACCGGTCGCAAGTATTCTGAAGGAAAGCGCGGGCTGGTTACCCTTCAAAAGAAAATAGCTGACAAACTGGTTTTTGATAAGCTGAAAGAACGTACGGGAGGGCATGTTCGCCTGTTTGTTTCAGGTGGTGCTGCACTACCTCCTGAGATTGATACGTTTTTCCAGTGTGCGGGGATGAATATCCTTCAGGGATATGGATTAACAGAAACATCACCCGTAATGGCTGCCAATAAGCCCGGTCAGGAGAAGGTAGGTGCAGTTGGAACCATTATACCGGGCGTCACCGTGGGAATCCAAAGTCTTCAGGATGGTAAATTGCTGGCCCAGATTAGCGGAGAAGATTATCCAACCAATACCAGTTCTGAGGCCGGTGAAATTCTCTGTAAAGGCCCGAACGTGATGAAAGGGTACTGGAACAATGAGGAAGCCACCAAGGAGATGATAGACGATGATGGGTGGCTTCATACCGGAGATGTCGGCAAGTTTGATGAAGGATTCCTGAAAATAACCGATCGCATCAAGCACATGATTGTAAATGCGGGTGGTAAGAACATCTATCCGGGACCTATTGAGGATCTTTTCAAAACCAGTAAGTGGATTGATCAGATTGTAGTTGTGGGAGAAGCACAGAATTTCATGGCCGCTATTATAGTACCTGACTTTGAAGTGGTCGGGAAGTTTGCTAAAGAGCAGGGACTCAAGTTCTCAAACAACGAAGAGCTTATTGAGCTGGACGAAGTGAAGGATATCTACAAGAAAGAGATTCGCTCGTTTTCCAAGGAACTGGCCTCCCATGAAAAAATCCGCGACTTCCGCCTGGTACCCAACGAATTCACCGTAGAAACAGGGGAAATTACTCCAACCCTGAAAGTAAAACGACGGGTGATTTCTGATAAGTACGGTCATCTGATTGAGGATATTTTTAAGGATGACTAAACCAGGTAACCCTAATCCATTGCAATAAAAAAGGCCTCATTTGAGGCCTTTTTATTTTAAATAAATTTCAGAATGAACTGTTAATTCTGGTTTTGCAGGTTACCAATGTTGGCTTCTGCTTTCCCGCTGGCAAGGGCTTCCAGCCGGGCAACCGCATCCCAAAGAGTCATAGATTCCTTCAGGGTTTTATCAAAAATATCGTTGGCAATAGGGTAGAAGTACTGCATGCCCCAAATCTGACGAGCCAGTTCAGCTTTCATCCTGCCCTCAACCAGGTAAGAGATTTCTTCAAAGTGACCGTTAGGCACAAACAGAGAATCATTCTGGAATTTTGGAGAGCTTACAGTATCTGTAATTACCATGCCTCGTTCCATGAGCAATGACTTAACCCCGTCAACATGCTTCTGTTCCCATTTAAAGGTATTTCGGAATCCTTCAAAATTATTTTCCCACTCGTTGCGGAATGCATCTCCCTGCTCATCAAGGAAAGAGCGTACATAATCAAAGGAAGCCCGCTCACGGATAGAAAAGTTGAATACATAGGCAGAGGTGGTAGTATCTGAAGGGACAATATAATCGGGTACAATACCACCGCCGCCATAAACGGTTCGTCCGGCATCAGTAGAATATTTCAATGAATCCGGTACGTGATCAATAAATTCGGAGGCATCATTCATTGCATTATCGCGACGGTAGATTTCATATGCGTATTGCTCACCACCTTCTACAAATGGTTTTTGAATTAGACGCCCGGAAGGAGTGTAATATCTTGAAATGGTAACCCGGACGCTGCTTTTGTCAACCAGTTCATATTGCTGCTGAACCAGGCCTTTCCCAAATGTTCTTTTCCCGACAATAAGTCCGCGATCATGATCCTGTATGGCTCCACTAACAATTTCACTGGCAGATGCAGCACCTTCGTCCACTAAAATGATAACGGGCTCTTCTTTGAGCTCCCCATCTTTACGGGAGAAGTATTCGCCATTAAAGCGGCTGTTCTTGCTCTTGGTTGAAACCAGCTCGGTTCCTCTCGGAAAAAATTCTTCCGCAATGGCAATAGCCTGACTCAGGTACCCGCCCGGATTTCCACGCAGGTCGAGAACAATTCTTTCCATGCCTTCTTTCTCAAGCTCTTCAACGGCCTGCATAAATTCATCGTGAGTGGTGGCCGCAAACCGGTTAATCTTGATATATCCGGTTTTATCATCCAGCATATAGGAGGTATCCACAGTATAAAGCGGGATATCATCCCGGGTAATAACAAAATTGATGGGCTGTTTTACATTCGGTCGCTTAACGGTAACCTTCACTTTTGAGCCTTTCTCACCGCGAAGACGGTTTACAACCATCTCATTCGTGAAACCGATAGCAGAGGAATCTTCGATAGCGATGATACGGTCTCCGGAGCGGATGCCAAGTTGATCACTGGGACCTCCCGAAATAGCAGTAACAACGGTTATGGTGTCCTTAATAACCTGGAACTGAACGCCAATCCCCTGAAACTTACCGGCAAATTCAGCTTGAATCTGCTCATTGTCTTCCGGTTCGATATACATCGAGTGGGGGTCAAGAGTGGAAAACATGCCTTTAATGGCTTCTTCAGTGAGCCGGGTCATGTTCTCTTCAGGGCTGTTATTGGAGATGTACAAATAAGCCTTCTCAAAATTCGAAAAAGAATCCCTGATGCTATTTATCTGAACTCCCTGGAAAGTGGTATCAATCGGGGTGCCGTCAACCAGTAGGGTAGAATCCTTGATAGCCTTAACCATCCGCTTGATACTGGTTTTGTACATGTTATTTAAGTCCGGCTCCCGAAAATAATTAGCTACAATACTACGCTGTGCCTGATGATATTTGGTTAAATTCTTGGTGTCATCCGTTTCGGTCTGAAGTACAGGATCGACACCTGTGAAGCGGAGAGCCGCAAGAATAAATAGTATGAGAAGGTTGGGGTACAGTATTTTTTTCAAGTGCATAAATATCATCTTACATCAGTGTATGGTAGTAAAAACCTAAAAAGTGGCAAATAATTTCATTCCAAACGATTGTACTAAATAATGTAGTATAGTACAATTACAAAGAAGGCGTTAAAACAAGTTAACGCCTTCTCTGATTTTAATACGAAATGAAAGACGACAATGGATTTCCTTACAGGATATAATGGCTTAAATCCTTGTCTTTCACTATGCCGGCCAATTGTTTGTCAACATAGCCTCGATCGATCGTGATCTTACCGGAGTTGATGTTGTCGGGAACGGCAAAAAGCAGCTCATCAAACAGGGACGACATTATGGTATGTAACCTTCTGGCTCCGATATTTTCTACGGATGCATTCACTTCGGCAGCAATGCGGGCAATTTCCTGAATGGCCTCATCTTTGAATTCAATTTCCACGCCTTCGGTATCCAGCATGGCAATGTACTGCTTGGTGAGGGCATTTTTGGGCTTGGACAGAATGTCAATAAAGTCGTTTTCCGTAAGGGAATTCAACTCAACGCGGATTGGGAAACGTCCCTGAAGTTCAGGAATCAAATCCGAAGGTTTTGAGACATGAAATGCTCCGGAACCGATGAATAAAATATGATCGGTTTTTACGATGCCGTGCTTGGTGTTTACGGCGCTGCCTTCAACAATAGGGAGGAGGTCGCGCTGCACGCCCTGACGACTTACATCAGGTCCGCCTTTGCCGCCGCTTCCGGTTGAGGATTCGGCAATTTTATCAATCTCGTCTATAAATACGATCCCTTGTTTCTGCACTCGTTCCAGTGCTTCCTGAACGGCAGATTCATGGTCGATCAGTTTTTCGGCTTCTTCTTCAGTCAGAATTTCCCGGGCTTCTTTAATGGGAAGCTTACGCTTGGTCTTTTTATTTCCTTTGCCAAGGTTGCCGAGCATATCCTGCAGGTTAATGCCCATTTCTTCCATCCCCTGAGGGCCAAATACTTTCATCATCGGGTTTTTGGAAGAGTTTACTTCAATTTCAATTTCCCGGTCTTCCAGTTCTCCATCTCTGAGTTTTTTACGGAAACGGTCGCGGGTTCGTTCGTTCAGTTCGGAATCGCTCGCATTCTGCGGATCAAAATCTTCACTGCTTGAACTGCTGTTAAACCCAGCACCGGATTTTTTAACAGGGGGGATGAGGATATCAAGGATTCGCTCTTCCGCTTTGTGCTCTGCTTTCTCCTTAACCCGATCCTGCATTTCCTGCTT
CP175953.1_gap46	2031812	2032496	684	TATTCACGCGACCACCTACCCAAATGTAATATCGTCCCTCTTCGTTAAATTCAATATTTCTGTTATCCAGCTCTAATAGCTCAGAAGTAGATTGGTTTTCTTCACTGTTACCGGATAATTCATAAGTAAAAGTCAGAGTAGAATTTCCATCAACTTGGGTTAGTTCTCTTTCAGGTAAATAATTTAGTCGAAATTCAGTGTTGGGCATACCTACTGCAATCATAAAACCGGCATTTAAGCTGTTCACCGGATTTACATAAATTTCTCTTTGTCCGGGCTGAAGGTTTGGGAAGGTCATAGAATTAACGGTAATCAATTCTATAGAAGGAATTACAAGGGCACTAACATTAATACTTGCAGATACAACAGGTTCACCTCGTTGATCCTGAGCCTGAAGGGGCTGAGCTGTGTACAAAATTAATATGATTGCTAAGAAGAAATATCTCATAAAAAAGTAATTGCCTGAAACCTTAAAGTTCGAGAGTAAATTTCTCGGTTAAATGAGAGTAAAGCCAGTTAATATATTTTAATTAGAGCATCGTAACCGGCCCGTTACTCTACGTTTTTTCAGCGGTAAAGAACTGCTTCATCTTCAATATATACGAAAAGAATGAGTAGCCGGATTTAGTACAGTAACCGGTCAGTGTGCAATGGCCTCGGAAGCGTTGCGAGAATATGGTTGGT
CP175953.1_gap47	2033955	2037572	3617	GGAGGTGCAAAGGTCTCCGCATCAGTGAAATAGGAATATCTGGAAAAGGAGTCACGTTGCATTAATACTTCAATTTCTGATTGATAACCACCATAGGTTCCATAGCTGGTTAATAAAACACGGTATTCATCATCGGGATCCGGTTGCGTCATATAAAGTGTTCCTGATGCTCCACTTGCCGTTGACATTGATATCTGGTCTGACCATTCCATATCTACCAGCAAGTTCTGAATAGCATTGTCAATGAGGCTGGCAGCTACGTTCTTAGCCTGCTGCTCGTTAAAGTGAGTGGCTGTTCGCTCCGGCAACATTTCGGTCCGGTTCATATTTGCCACCTGAATGATGCCTGATATAATGACTAAACCGCTAACAAGAAATAGCATTGCTCTTCCCATAATACTCTCCTTTTAATTCCAGGGGTGGTTCATAACGTTTGGGATAAACTCTCGGGTCCAGGCTGTACGGTGGTAGATATAATCACCTTGTGGACTTATTCGAATAGGTTCTTCTGACTCAATCATAGTCTCAACCCTGATTTTTATTTCTCTTTGTGAAGTAAGAGAAGCAGGGTTGGAAACTTCTTCCCAATCTCCGGTTACAATATTCTTTCGGTAGTAAACAAGATTAAAGTAGGTGACTAAAAATTGGGACGTGCCATTTTTGTCCTCCCGGTACAGGTAGAAATCATTGGGGTTTGTAGTAGAACCTGCAAGGTCAGTATCGTCGGCGTAAAGTGTTACCAATTCTCCGGAAGTATCATCCCCACTATCTACACAGGCAGGGGAGGTTCTGAACTCAATTCGATCCTCTTCACTTTCCTGAATGGGGTCATTATTGAATACATCGTCTGAATATCCCAGTCCGTTAAAATCACAGGAAAGTAATTGTACCAGGTTATCTCTTTTTTCCTGGTTAATGGTAGAAATGGTGGTTTCCTGTCCGGTGGTATTTAAATTGATATTAAATGCCAGGATGGAAATCAGCATAAAACCTCCGATAACATAACTTGTAACAATACCTATATTCATGGCTATCAGCTGCTAAAGGTTAAAGTTCTGATCAGTTTCTGAGTAACAGTGATCTCAGGTTCAAGAGAATTATTTTCAACGGTTATAGTAATCTCGTAGCAACGTTGAGAAGAGGAATCCAATAAGTCGCAATCATTGCTTACTTCCGCCTTTCGATATATGGTAAAGGTTTCTGAATATTCATTACTTGCCCCATAATCAAACGTACGCTCTATGGGATTATCCTCATATAAATAATATGAACTATTGTCAGAATCGAAGGGATCCTGGCTCTTGTAGCGTGCCTGCACCCAACGGATGGCATCAATTTCTTCCTGCGCTGCAGAAATAGCACGGTATTCCAATTCCGACCTTACCATTGTGTCCAGTGTTACCTGAAAACTTCTGGACGTGTTCATTGTAAGCAAGGAAAACACAACCATTGCTGCACCAAGGTAAATGATATCTGAAAAGTCAGTCATGGTTATTAAGGTTTAGTGTTGTTACACAGTAAGGATTTATCTTAACCCTATTTGTTACAAAATTTCCTGTAGTTAACTTATACAGGGTAAATCAACTGATAATTTTGACATTATTCGATTAGATATTCTCAATAAAAACCGGCCATGTCAAACGAGCCTCTTTGACCACTTTTTTCAGGCCCTCTTTTAAATATTAAAAAATTCTAATCTTAATATACAGCTTTCTTCGGTCAATTCATTGCCAGTTATTAATCGTGATATTAGCTACGCAATTCTCTTGTCCCCGGATTTGATTGCGCTACTTTATCAACACCATCTTATTGGTCATTACCTTTTGATTGGTTATAACCCGATACAAATACACACCGCTGGCCAAACTGCCTGCCCGGAAAGGAATATTGTAAATTCCGGCAGGTAATTTTTCAGAAACCAGCGTCTGTACTTTTCGCCCCAAAATATCAAACACCTCAAGGGTTACTTCGGTCTCTTCCGTTAACCCAAATGGAATAGTGGTAGTTGGATTGAATGGATTTGGATAGTTCTGATACAAATACACCTCTTCCGGAATGTTGGCTTCAATTTCTTCGGTAGTGATTCTGAGCAGGAAGCGTGAAGAAGATTTATTCTTATTCATAGAAGGGGAGCCACTGGTAGGCTGCGCTTGCTTCATTTTCTTCTTAGAGTTGTAGGTGAATACATACTCTTCCTGTTCCCGAAGATTGATCTCCCTGCCGGTTTCATAATCAAACAGAATTACCATCCATTCTTCAGGTACATTACGGAGTCCGGGCCACCTGAGGGTGTAACTTCCTGCTGCTACCTGTCCGCCAAGGTAAGCCTGGAAGTGCAGCGGAATGTTCTGTCGGTGAATGAAGTTGGATGACCGGTTATTAATAACGAGCTCAGTTCCATCATCCAAAGTAGAGTAAAACTCTATGTGTGAATCCGAGAAGGGGAGTAATCGCAGAGCATCCTGCGGGTCTTTACCGGTGGCTCCGTTTTGGCTGAGCATTACATGTGTCACCTTAGCGAGTCCGTTTCCTTCTGCTTTTAGTTCTAATACAGGTGGTGTTCCCTCAAATTGCTGCTGGGCAGGAGCCGCCTCTTTACGAAGGAAATTACCCCCGGTGGTTTTAGCTGCTTTCTTAACTTTAAGAACCGGAGCCGGTGCGTTGGCTTTCACCCAAAATCCCTGGAAGGCCGGAATGATACCGCTTCCCAATGAACCGGTGGACCCATTCCAGGTGAGGAACTCCCCATTACCACTGTTAGCAGCCGGATCCCAGATATAGATGGTGGATTCAATATTGGTTTTCGTCCAGTTGGAGGCATTATTCCAGTTGATAGCAGCCCCAAATGGGTTCCCCACAAAGTTCCAGCCGGAGTCGGCTTCGGGGGTATAGGTAACTCCAAAATCGACTTCTGTTGAGCCTACTCCGAATTCCTGTCCTGCCACATCAAGGGTATCCGGAAGCGGATTATTATAAAGCGGGTCGGCGGCGATATCTCCAAAGAAGTACACCCAATATCCGCGTCCCGACACCAGGGAATTGGTTATGTTTGATGGCGCTCTCAGGCGGTCGTTATCGGTAGCCGGTAAACCTTCTTCGTTAGTATCATAATCTTCAAGATACCACATTACATTAGGCTGAAGGGTATCTCCCGGGTTAGATCCGGTACTGTACGTTGCACCGGTGTAGCCCTGGGTAAGGGTTCCGTCCAGGAAATCACCAATGGTAGAACTTACCGGTGAGGACAACATCCTCCAGCCACGGACGCCGGATATTTTTCTCTGGAATCGAAGCTCACCGGAACCGTATGATTGTGTATTGGCTATCAGGTTCTTGCCGCTTGGAATCAGTAACTCTCCATTGGTGAGGGTGAGGGTGCCGGTAACGGTAAAGTTATCGGTGATTTCAACCGTTCCGGGATTATCAATCTCAACGTTTACGAAAGTGTGTGGACTTTCAATAGTCTGATCGCTGCTGCCGTTGAATATGACATTACCGAGGGTGAACGTAGGAAGGTTCAGGTTGCCGCCAATGGTAAGCGAGTCGTTGTTACTTCCCAGCATATCTCCGCTACCGGTCACATCTCCGGAGACGATAAAATTAACACCACCTGATAC
CP175953.1_gap48	2041238	2045457	4219	AATAATAGCTCCCCCGGCATGTGATTGTTGCGCATCCACATTGTTTAAAGTGATGGCGCTGTTATCATTAATTCTGGCCGACCAGGTTCGGTCTATCAGCGCTCCGGCTGTGGCATCGTGGCTTGCAACGATAATGTAACTTTCGTTGGGCTGAACGGCTCCGAGGTTAATTGATTTATACTGATTACCAACACCCCATTCAGCATTATTCCAAACAAAGGCATAGGCGTTGCCATCTTTGATGCTTATCTGATATCCCCGTGTACCCCCACCTTGTTCGTAAATTATCTGTAAGCCGGCCGTAGAGGCTCCTGTTCTGAATACAATGGCAAATGATTTTTCATCATATGTACCGGTGTTCAAAATAGCATTGTTGGGTGGGTCAAGGTTATCATCGGTTCCATCCCAGAGAATTCCGCCTCGCTCCCCAAAATAGTTGGAATCGAAAATAGGCTGTTGGGCTGCTGTTCCGTTTGATGCCGAAATATCGGTTCCGGAGCCAACGGCGTTATCCGACCGGTCTCCCCAGGTAGCAACCGAAGTTCCGTCTCCGGGTTGGTTGCCCAGGTTTAAATCCCCGTTTACATCCAGCGCATCATAATGAAAAACAGGGTTGGCTAAATCGGTGGATAAATCAGAGAGCGTGGTTATGATATTGATGTCCCGAGTCTGAGTATTACTATCATTCGACCCGTCATTTACCGTAAAAGAGATAGTTCGCGTACTTTGGTCAGGGGTTGAACCATTTGTATTCTCATAAGTTACATCGCGCAAAGCCGCCTGATATTGAGCTAGCGTCGCTGAACCTGAAAGTGACAAGATTCCCGTTCCTGAATTCCAGCTGCCGGTAATTCCATTCTGATCGGTGAAATCGAGCACGTCTTCAGAGGCATTATAATTTCCGGTAATTTCAATCTCAGCACTGGAAAGATTTGATGTATATGGGTGATCAATTGTAATTGCAGAGGTGACAAATACCGGTGAGCCTCCTGCAAAAAAGTTCTGGGGAGAAGATTCAATATCGGCAAGGGTGGGGGGATCAGGAATCTCAGAAATAAAGCTTCCCGGAGCGTTCTGGTTATTATACTCGGTGGAAATCCAGTCAGCGGAACGGGCGACGTTCGAAATCCGCACTTCGTCCATCATGCCATCAAACTGGTAACTACCACTGGAGAGGGTGAGGTTGTCGCCATTTGGGGTGAAATTGAAAGCCGTTGCGTTGGTGACGTCCTGGGCACCATCAATATAAATGGTTCTTCCATTAGCAGTGCTGTTGGTGAAAGTGACGTAATAATCCTGCCCGTCGTTCATCGCACTACCATCAAAGGCCGTTCCGTCGTCATTCACGGTAATGTTGTTGAAATAATAGACGGCATAAGAACTGTTGTAAGCGCCTTTGGTCACTAAATCAGGCCCCACAGAATTAAGGTTAGACCCGTTCATCCAAAATGAAATGGTGATGTCATCTGTAATTTCAATGGAGGGGTCGTTGGCTATGGTAATAATATCATTGGCGCTGCCGGCATTAAAATCTCGTCCGTCTCCTATTATACCATTTACCACAGACGTTCCGCTGGTGGTTGCATCATTGCCATTTGAGGTTGCGTCGCTCAGGTCGTTATCCAGATGAAGCACCATCTGGTATCCTGAATCCCAGGTTGTGTTTACAGACTGATCGGTTGATTGGCTGGAGTTACCGTAATAAATGAAGAATTCGGTATCTGAAGTGGCATTGAGGGTTGGAAACCGAACCCAGAATAAAATCTCTCCGGTAGCGGCATTGTACGATTCCAGCTCATGGTCCAGAAGGGTGGAACCGTCTGACGAAGTAAATACAATATCGTATCCGTTCGCATTTTCGACATCACCGCCGTTACCGGTGGTTCTTAAATCATTGTCGGTGAGAGAGATAAGCACCGGGAAATCAGTAAGGTTGGTTGAGCCAGAAACCTGCCCGTTGTTCACAGCAAACTTTTTACGATGGGTATACCCCGGAACCTGTGCGGATAGCGATTCAATACTTAAAAGTGCTATAAGCAGGGTTAGTAGTCCGATATGTGCGCTGCGGATGATTTTCACACTGGTATTTTAGACTGATTTTACGAGCAAATATAGGTATTGGATGTCAAACCTTGGGAATGATTAGCCATTTCTAACCCGCATGAAAATAATCTATAACAAGTGGAGAAGTACTATTTAATCAAGGTCATTTTCTTCGTGAAAACCCCGTTCCTGGTTACCAACCGATAGAGATAAATACCGCTTGAGAATTGGGAAGCATCCCAGTTAAAAACATGTGTACCCGCCTGTAACTCACCATCTACAAGGGTTGTGATTTTGCGCCCCAGAATATCAAATATTTCGAGCTCCGTATAACTTTTAAGGGGAAGGTCGAACTGAATTTTAGTGGCTGGATTAAAAGGGTTCGGGTAGTTTTGTTCCAATCGAAAGTCGGAGGGGAGGTTCCCGGCATCGGCTCCGGGGTTTATTCTCAATACAAACCGGGTTTTATCGGGATTTGCTTTACTTTGAATTTTAGGCCGTGCAGTTGATCCATTATTGGCTGCTTTTTTTCCGGACTCCCCAATATGATTGAAAATGTAGGAGGGCTGTCGTTCAAGACTGATTTCTTCTGATAGTTTCCTGTCAATAAGCGAAATAGTCCAGCCGTGAGGGAGATGTGAGGCCTCTTGTAGTTTCAGATACATATTCCCGGAAGCGGAAACCCCATTTTCATAGGCTTCTATCTGCAATGGAATCTCAATTGGAATACCAAAATGACGAGGCAGGTTATTGATAGCGTACTTATCACCTGAAGCCGATACGGACGACAACTCGATATAATCGGAAATCCCTGAAAAAGGATTAAGGCGGTATCCGTCTAGGCGATCTTTGCCGTAATTAGCCGATTCGGTAAACATGAAATGAGCAGACACCTCTCTGTTTTCGTTGTCCACCAGGCTTATGGAAAACATGGGGTGGTGGTTTTTGACAGACATGGAATTACTCTTACCAACGTACGAGCCACCAGTGGTTTTAGCGTCTTCTTCCACAATCAGTGAAGGTGAAGGAGCATTTGCTTTTACCCAAAAACCCTGGAAAGGAGAAATCAATCCGTCTCCTAAGTCACCGGTAGTACCATTCCATGTTAAAAACTGGTTAGAGCTGTAATCCCAAATATAAATGGTCTGGTCTATGTTTGTTTTGGTCCACGAGGCACCTTCATCCCAATCGATGGTAGCCGCATATGGATTGCCAACTAAATTCCATCCGGAGTCGGCAGAGGGGGTGTATGTGACACCAAAATCTACCGGACCTTCGTTCTCCTGTCCCTCAACATCAAGTGTTAGCGGGAGGGGAAACACGTCATTGTAATTTGGGTCAGCATCGATATCCCCAAAAATGTAGGTAAATAAACCCAGCCCTTCGCTGATGCTGTTGGATGCATTTGATGGGGCTCTCCAGCGCTGGTTGTCGGTTCCGGGATAGGTTTCATCATAATAAAGTACGTTAGGCTGAAGGGTATCTCCGGGGTTAGAACCGGTTGGATAATATGCTCCCGGATAGCCTTGGGTAACGGTTTTATCCAGCAAATCATCAAAATCGGTTTGAAGCGGAGAGGAGAGTAAACGCCAACCATTAGAACCACTGATCGTGTTTTTCATTCTCAACTTTCCGGATCCGATTGCTTTGGTATTGGCGATCAGGTTGATACCGGATTCAATGCTTAAAATTCCGGAAGTAAGAGAAAGAGTTCCTTCAACCTCAATATCATTATCTAAGCTGACTTCGGACGAATTATTGATGGTCAAATTATTGACTCTGTTTGGAAGCCCGTTTCCGGTAATTTGAGCAGAAGAGCTATAATAGGTATATGATCCGCTTCTTCTGAAATTTCTTGTGCCCGTTTGAATATTGCCGGTTGCACCTGATGTTGCTATTCCATCCGCGGATCCGATTTCTAAGGTCCCATTAGTAACCCGAAATTCTCCGGATCCGGTTATGATTTTTTCTCCAACCGTTAAAGTTCCATTGGTGTGAACCCGTAAAAGTGCTCCGCTTAGTATTTCTAAAGAATTCTGATTTACAATGGATTCGGTGGTAATAATTCGCACGTTATCGCCACCACCAATAATAATGGTAGCGTTATTGGTATTTGATGGGTTTGAGGAAGCGGCAGCCCCATCATGCCCAGTAGTAGACCAGGTCGAATTTCTAT
CP175953.1_gap49	2143813	2145899	2086	GCTATCAGCTCGGCCATTACCTGGAAATCACCGATCATATATATCCTGAAGTTAACGCCCAATGGCTGGTATGAATGAAACCCTACCGATTCAGGTAATAGGATGTACTTACAAGGAAAAGATGGCTGATTCCGCCATCGCTAAAGATATCCTGGGTTCGGTACTGAAGTCCCAATTCAAATTTTTGTTTTGAATTGAAGTACCAGCCCAAACCAACGGAAGCACGGTTTTCAGCATCGGCTTCATCTTTATTGAAGGCAGTCATCATTTCGTCCTTCAGAATCAGGTATTTCTCGCCGGGATCCAGCTTTTCACCTTCCAGTGGGAAGTCATAACTCAACCTATAACGCAACCTGTTTTGGTAGGAACTGGATCGAACGCGCTGTTCCAGTCGCAATCGGTGAGCAAGTCGCCGATCCCCCAAATAAGAAACAAAACCTACCTGTTGCAGAAACCGGTGCTCGTATTGGTAGCCATCAACCATTGGAGTGGAGAGCCGGTAATAATAACCACCGCCGATTTTAGTGCCGGCTGAAAGTCCGTAGGAAAAACTAAACTGAGGCTCGATATACCGAATGGCGGCTTCGTTGTCAAAATCCCTGATGGAGTTGAAGACCGAAAGCTTGGTATTGAAGCCCAGCCGGTCAGAGGACTTCCAGGAATACGAAAGTTCCGGATTCCAGATAAGATCCGCTTGCTGCGAGAAGGCACAAACCGGCAGCAGAATGACTACAGCCAGGAGTGCCTTGAATTTCATAAAGTTCATGTATTACCAAATGTTATCCAGCGAACGTCTCACAATTCTACGTTTCTGAATGAGATTACAGTTTACATCAAACAGCATTTCAAATGAACCGAGTTCTGTCTTGTTTTGTCCGTCAATCTCAATTTCGTAACGAATCAACAGGTCTTCAAAATCCTCTTCGAGAATTTTTTCCAACACCTCTTCATCATCGTCGTTTTCGAAAGCAGAATATTGACGCTGAACACGGGTTAATCTGAATGTTGTGTACTGATTGTTTATTTCTTCTGTGATGGTGTTCTGTAAAGCACGGGGAAGCTCTTCGAACTCGATAAGCTGCTCAATGTCAATGAGCGAACCTGTAGCATCAAATTCGATACTGTACGGGTGATCTTCCCAATTCAGCTTTACTTCATAGCTGATCATTTCACCGTCCGATTGGCGGTAAAAATCTGCTTTTTTTGGCTCTTTCCAAAATTGATTTATCAGTGATAAAGCCCTGGCAGGCATGGCATCACGATCAATCGATTTTTCAACCTCATTTTTTGTGTGCTGAGCTGCACCAAAGCGGGTTGAGGAGAGGATAAGAATCGGCAGAAGTAATAATATTTGGTAATACGTTTTCATACCGGAATATGGAAAACAGGTATTACCAAATCTTTAATAGAGGGTTAAGCGTGGATAAAGGGTTGGTATGTTAAGGCAGATCACAAAAAGTCTTTATAAAAGAATGCATCCTCAAAACAGATGGGTTAACTTAAGCCGATATCTCATCAAAAAACGAACCTATTCTATGCGTAATGTCCTTATTTCCGAAGAAGCATCATTTAACCTCGACGTTCCCTACAAGCTGATTGAAACGGGAGATAAAGGAAAGAAACCCCTCATAGTATATTTGCACGGCTACAATCAAAACATAGAATATTTTGAAAAGAAAACTGCCCCGTTGTTAGAACTTGAAGCTTTTCATTTATTCATTCAGGCTCCGTATCCCATTTATGACACCTCCCGAAAGCTTAAAGTATCGCAATGGGGAAGAGCGTGGTATTTGTATGACGGTTCCCAGCAGCAGTTCTTACAATCGATGGAAAATGCCTCTCGTTTCATTCTGGAAATTATTGAGGATGTGAAAGAAAAGATTGAAATCAGCCGTATATGTCTGTTCGGCTACTCGATGGGTGGTTACCTGGGCGGATATTTTGCACTGTCGCGCTGGAAGCATGTAAACGATTTAATTGTGATTGGTGGACGTATTAAAACGGAAGCCTTTGATGGGAAAAGGGAACAGGCCCGTCACATACGGATATTAGCGCTGCACGGAAAAGACGATGACAGTGTATATCC
CP175953.1_gap50	2197311	2197871	560	AGATTATTTTTTGAATGAAGAAGGCGCCGCTGTTTCCGATGATCATGTAATCGTGAATGAACAAGCCCGGATTCCCATTATAAATGTCATAAATCATAGCCGGACACCCCGGGGTAATGCGCAGTTTGCCCCTCACTGGCACACCCATAATGATAACATGGATATCATTAGCAGGGAAACACTGCAAGCGGTGGGTGATGTAATGGCTGAACTTATTTACAATCGATTATAATGGAATATGTTGAACTTCGGATTTCACTTAATGATGACTTTCACGAACTGCTGATCGCCGAACGTTTTGATCTTGATTTTGAAGGTTTTGAGCAGGATGATGATTTGCTCATTGCTACTATTCCCACTCAGCGGTTTGACGATTCCAAACGGGAGGAAATTGAGAAGCTGCTGATGAAATTCGGAGGGGAGTCATCCATTCTAAGCGAAAAAATTATACCCGATCAAAACTGGAACGAGACTTGGGAACGAACAATACAGCCCCAGGCTATTGGCCGGTTTTATGTGCATCCTACCTGGTCAACAACCGATGCCGACATCAGTGATAA
CP175953.1_gap51	2351882	2355242	3360	GTTCAGGACTTGAAAGACCGGGTTACACAAATTTTTGGAAGTTCCTACAAAGCCAGCCTGATTGAGTTTGGGGAAGAAACCAGCTACGTGAAGATTCACGGCTTTGCATCCGATCCCAAGCTGGCCAAAAAAAGCCGGGGAGAGCAGTTCTTATTTGTGAACGGCCGGCCTTTTCAGCACCGGTACCTTACCCATGTGATATTGAGTTTGTATGATGCATGGACCCGCAATAATGAATACCCGTTTTATGCGCTTTTCTTTGATATTGATCCTTCCAAAGTAGATGTGAACGTACATCCTTCTAAAATGGAGGTGAAATTTGAAGACGAACGCAGTGTGATTCAGCTTGCACGGTCGGTAGTGAACCGGGCTTTGAATAAACATTTCCAGGTGCCCAATATTCAGCAGAATCAGGATGCTTTTTTAAGTGATGATCCGTCCAAAGGATTTGATTCAGGATTCAGTTTTAACAAGCCCCAGTCGTCCGGGCAAAGCGGAGGCGGATTTCAAATTCCATCCCGAATCAATAATCGCTCTTCCAATATTGGAGGGAGAGGGGATGAATTTGGAGAGAAATTGTATGGAGGCGGTTCACCACAACGACCCAACTACTCCGAAGCTGAAAACTTTGATCCTGCCGAGGATGAGCAGAAGAAAGTGACTCAGGAGAAGGGGTTCTGGCAGTTGCATAACACGTATATCCTCACTCAAACCCGAACCGGGCTTACGGTCATTGATCAACATTTGGCCCATAAGCGCATCATTTTTGAAAAGGCGATCAATGCCACTGAAGAAGCACTTCCAAGTACACAGCAGCTGTTATTTGCGCAAACTCTGGAGCTTTCTGCATCCGATTATACGCTCCTGAAAGAGCTGCATTCCATTATTCAGCGGATGGGTTTTTCCGTACAGCTGCTCAGTGGAAATACTGCGATGATCAACGGCGTTCCGGCTGATATTGAAATCGGGAATGAGGAAGAGGTGCTAATTTCGATGCTGCACCAGTATCAGGAGCTGGGCCAAAAGGTGAAGCTGGAAGCCCGGGAGAAGCTGGCCATCGCTTTTGCGGCTAAAGCAGCCATTCCCCGCGGTAAAAAACTCACCGAACAGGAGATGGAGGGACTCGTGGATCAACTTTTTGCCTGTGAGCAACCGTATCTGGATCCATTGAAGAAACCCACGATCAGCTACATCCCGCTGGATGAGATACAGTCGAGGTTTAGGTAGTTTGCGTCATCCTGATCCCGAATGCTCGGGAGAAGGATCTTGCCTTTTGCGAAGCATCGTATGTTTTCTTTAACCGGATTTTGCTACTAACCCTTTAGTGGCAAAAGTAGTCTTCCTAATCATTTCGTGGCAAAGATTCTTCGGGCGTACCCTCAGAAAGACTTAATGTTGTTTGTTGAGCCCCACAGAGGAACCAGTAAATGTCCCACGTCATTGCGAGGAGTTTAAAATATCGAATGTCGGGTTGGGGTGAATAACGACGAAGCAATCTCCCCGAATCGACCTCCCAAGTGGCTTAGGGAGATCGCGTTGTCGTAAAGCATAGAGGCAAAAACATCACCACCAAGCCTCCTCGCGATGACGTATTACAGTTAATCCTGGAAATCCTCTCCATCCTGAAAATCATGGTTCAAAACCTTCTTAACACTACCATTATTCGGTTCAGTAATAAATTTCTTATACTTATCGCTTTCTCAAGATTTAGATTGGTTACATGAATATTCTGGCGGTAGAACCATTTTATAGCGGCTCGCACAAGGCTTTTTTAAAAGGACTGGAAAAGCATTCCCGCCATAATATTATTCCCATCAAGCTTAATTATAAGGGGTGGAAATGGCGGATGCACGGTGACTCGGTTTCACTGGCTGAAATGACCAAGAAGGTGGATGAGAATATCAATCTGTTGCTTACCAGCAGCATGACTAATTTACCGGCGTTCATGGCGCTGACTAATCCCCGATTTGCTCACACACCGGTCATTATGTATATGCATGATAACCAGTTTACACGCCCCATTCCGGAAGGTGAGAGCAGAGATTTGACCTACTGCTATATTAACTATCTGAGCATGCTGGTGGCTGATAAACTATTGTTTTCTTCTCAGTTTCACCTGGATGATTTACTGGAAGCCCTGCCTAAATTTTTGGATAAGTTTCCGGATACCAATCAATACAATACCGTTGAACGTATTGCAAAGAAGAGTATCGTCATGCACCCGGGGCTGGATCTTTCCAGTTTTGACAAGCAGCCGGATACCCGGAATCAGAATGAAAACCCGGTGATTGTCTGGAACCAGCGCTGGCAGTTTGACCGGAATCCCGCCATGTTTTTCAGAGTGCTAAACCGGCTGAATGATATTGATCTGAAATTCGACCTGATTTTAGCAGGGGATACTCAGCACGAAAAGCCCGAAGAGTTTGAGAAAGCCTGGCAGCGGTTCGGGCAGCAGATCACCCATTTTGGGTATGTGGATGACAAGGAAAATTACAGCAAACTACTCCATTCTGGTGATATTGTGGTTTCTACAGCCAGTTATGAATTTTTCTGTGTGGCTATAATGGAAGCCATTTATTGCGGCTGTCATCCGCTGGTACCCAACTCATTGCACTACCCGGAACTGATTCCACAAAGCCTGCACGACCCGCTTTTACATGCCCCGGTTTTATATGAAACGGAGGACGATCTTTTTCATCACCTAAAAGATTTGCTGACCGGTAAAACCAAATCCCTGCCTAAAAATTCCCTTCAGAATATTAACCGACACCTGGACTGGAAGAAGCGGATCAAAGATTTTGACCAGCTTTTTGATGAAGTGGTTGAGGCTAAGTGAAATCGGCTTTGGTAGGGGTTTACTTATCAACCAATGGGAGTCATCCTGAGCGAAAGAAAGCAGAATCAGGATTAAGATGTTAATCGCGAAGGATCTAAGCCAGAAAAATTTGGCAGGCATTTCGTGGCTAAGATTCATCGCTCCGCTCTGAATGACTTTATCCTCGTTCCGCCGCTCTGCTGCGCAACGCATGATGGAAGCTCAGCTTCCTGCTCTTTCTGGTTAATGTGAGGCAGAGCCTCGTTAGGGTATTCCGGAGCGGAGCACCGGAACGAGTTAAATGATCCTGCTTGACAGCCTTTGCTTCTCGGTCTGACGGCTTAAAGTCCGTCTGACCGTTGCTATTCTGCTTAGCAGGCCCATTCAGACAATCCATCAGACGGGTAATCCGTCAGATGGATCTCATATCCTTATCAAGCATCTAAATTAGTTCCTGTCAAAGAATCTTAGGGAGTACCTTCAGAGTGAATTCGGATTCTTAATTAAAACGGGGCGTCTTCGTCGGGGGCGGGGCTGTGTGGCAT
CP175953.1_gap52	2457764	2459790	2026	ATTTAGTTCTTCGACAAATTAAGCAATGATTAATAAAAGACCATTTAAACTTTGTTCGATTTACGAGGATACAAATCTAATGTTTATAAGCTTCACATAATAAATGCACTATTCTAATCTAAGTAGCTTGATAAATATAATTTACGGTCTATATTAGGTATTGCTAATCTTAAAAGAGAATAACTATTAGCGGGGTATTGGCCTGTAGCTGCATTCGGCCAAGAAGTACAAACAATAATTATTTAATAGAAAATTATGGGATACATAAACAAAGGTACTAATAGTACCAGGCTGCTGATATTGGTATGTCTGGGTTTTTTAATCATGGCTTTAATGCCAAAAAATGTTGAAGCAAGTCATTTCAGATATGGAACTATGAGTTGGTCTCCTACCGGTAATCCGGGGGAAGTTGAGATCAGAATGAAAGTTGTGTTTAGATTATTTGGTTCCTTTTCTGTTGGTGATAATATAACTGTAGGTAATTTAGCAATGGGAGATGGCTCTTTTGAACAGGTCATTGCCACTGTTACCAATATAAATGTTGCTGACAACTATTTCGAAGGTGAGGTAGTTATCAGGAAAACATACAGTGGTGCAGGTCCTTATAATGTTAGTTGGAATAGTTGTTGTCGAATTAGCGGTATAAGTAATGCAAGTGGTATATGGAATTTGCAAACAGTGATTACTCCACTATCTGGAAACTCCTCTCCGGTAAGTAATCAATTCCCGATTGTAAATGTAGGGCAAGGTACTGCTTCAACATTTTTTGTAAGTGCCGCTGATCCTGATGGTGATAATCTACGGTTTAGAATTGCAAATCCTTCAGAATTTGGTGCCCAGAGTGCTGTTCCAAATTTGTCCATCGATCCTAATACTGGTTTAATGACATGGAATAATTCAGGGTTACCTTTAGGGAGTCGCTGGGCTGTGATGGTAGTAGTTGAAGACCTGGATGCTAATGGAAACGTCAAGACATCAACACCGGTTGATTTCATGATGGACATTGTTCAAGTTCAAAGTGATCCTCCGGTTTGTGAAATATCAAATGCAGGACCAATAGAGGCAACCGTTGGAAATAATGTAGGGTTTAATATCACAGCTACTGCAGATGATCCAAGTTATGGTATCTCTTTAGCAGGTATAGGTATACCTTCAGGCAGTTCATTCTCCCCTTCTTTACCGGTTTCAGGTACTGGCTCTGTAACTTCCACTTATAATTGGTCTCCCTCAGCAGTTCAGACTGGAAGTTTTGTGCTTACATTTTCAGCTACAGACCAATTTGGCCAGCAGTCTCAATGTAGCATAACTATAAATGTTACAGATAACCGGCCGCCAGTTGCTGATGCAGGCCAAGATATAACGACTACTGCGACAGGACAGACGACACCTGTAACCTTAGATGGCAGTGGTTCATCAGACCCTGATGGTGATGCACTTACTTATAGTTGGACAGATGGAACTACAACGGCTAATGGTGTAAGCCCAACATTAAATCTTGCCGATGGTGTTTACACCTTTACACTTACTGTTTCAGATGGTGATGCAACCGACACCGACGAAGTAACCGTAACCGTTGAAAATACAATACCGATTGCCGATGCAGGTGAAGATGTTACAAACGAGTGCCCGGATTATGAGGTAACTTTAGATGCAAGTGGTACTACAGATGCTGATGGTGATGATCTGACATATACATGGACAGGTTCATTCGGATCTGTTAGTGGGATTTCGAGTACTGTAACACTACCACTAGGTACTCATGAAATTATACTTACAGTTGACGACACGGATGGCGGGTCAGATCAAGACACTGTTTATGTGACTATCGAAGACACAACACCACCCGAACTGTTAACCGATAGTGATCCATATATTCTATGGCCACCAAATCACAAATACCACACCTTTAGTATAACCGATTTTGTAACCTCTGTGGAGGATGCATGTGATGCTAACGTGGATATTTCTTCAGTTGTGATTACCAAGGTTCGAAGCGATGAACCAGAAGAACAAGCTGGTTCTAATA
CP175953.1_gap53	2462834	2464855	2021	GGCGTGGTATTCGGCCTTCAATCCGTGATGATCCAGAGCCGTATTATGCATTAATGGAGAAACGCTGTGACTTATTGGACTGCCAATTAATAAATAATGAGGTTGACGGCTCGATTCTGACTGTAAAAACTTGCTGAAATCCATAGTACTTTAAAAATGACAAAAAAAATGCGCATCGGTGAGATGCGCATCAAGTAATGTAAATAATATAAAGATTGAAATACCTTATGCGGTAACTTCTTCTTCGGTCTCTTCCGTTGGCTCGATTGGAGTTTCCTTGAAGGTTCCGCCTTCAGCTAATTCCTTGAATTTCTCCAGGTCTTTTTTGAGCTGAGCAGGTGAATCTTCAATGAAAGAAGCCAATTCTTCTTCAGGATCACCGAAAAAAGTACGGTAGTCCAGAGAAAACTCAACGCGTGTGCGTTCGCCGTTATCAAGCGGAGTAAATCGAATAGTTCCGGTTTGATTCAGATTACCGTTGATAGTAATCCAGGCAAAGCGAGTATTACGAAGATTATCGATAAGATTGGTTGTCCACTGATACTCTTCTCCTCCAATGTCAGTCTTGTATTCGAAAGTTTGAGAGTTAACTCTCTCTACTAAATCTATACGTTCCAAAAACTTAGGAAATTCAACTGGGTTAGAAAGGAGCTCGTACACTTTGGCAAGAGGTAGATCAATTTCGATTCTTTCGTGCGCCATAATTTATTACTTGGTAGTTATGATCGTTAGAATTGTATTCTTTTGATGAACTGGTTGTCATGGAAACAGGCAGGACTCATCCAGATTGCTTTAAATTTACGGATAAAAAGATTAAGCCTCAATGTTCATCACAGATAAATAATCGGATAACCGTAAAGTTTTTTAAAAAAGACTTCTCCGTCTCCTTTTTGTTACACCAATATCCGTGTTTAAAAAATAACAGCGGGTAAATTAAAGCGATGATTGCAGCTCCTTAAAGATATCATCGTGAATCGAATCTTTATCCTGCCCCGCATCAATGGTTTTAAAACGGGTTTCAGTTTCGGCTAAATGCTCAAATCCATCGAAAACGCGTTTGAAAAAAGAATCTCCTGAGAGCTCCATACGATCTTTTTCAAAGTTCTTGGTCCGCTCGGCAGCCTCTTCCAGGCTAAGCCTCAAATAAAAAGTAAAATCAGGAACCAGGTTGTGCGTAGCTGCTGCATTGATTTGATTAATCTGATCGATGGGCATACTCTTGCGCCCAAACCCCTGGTAAGCAGTTGTAGAGTCATAAAAGCGATCCAGGATTACTATTACATCTTGTTTAAGCAGAGGACGCACTTTCTCGGCAACCAACTGTGAGCGCGCTGATGAAAACAGCAAGAGCTCAGTTATCGGGTCAATATCCAGTTCGGGGTTGAGCAGCATTCCGCGAATCATCTCAGAGACATCGGTTCCTCCGGGCTCCCGAAATACCTCCACTTTATGCCCCAGCTTGGTCAATCGTTCTTTTAACAGGGAAATCTGTGTGGACTTCCCGCTTCCGTCTATTCCTTCAAATGTAATTAGCATGCAGTAAAGTTAAGGAGAAATGAGGAGCAGAAAAATTTATTAAACCTGCCATCGCGAGGAGTCTGCATGCCTGAGCAGGTCACCGCCATCTTACGACGAGGCGATCTCCTTTAACTATTTTGGATATCGCTATCAGGAGATTGCTTCGTCGAAAAGCATCAGATCTCTAAATTCAACATTTAGTCTCCTCGCAATGACGAGGTATTTTTTCAATCCACCTTAAACATTAAACCCACCATTTCTTATCTTCGGAAAAAAGACGGATAAAACTCATTCATGCCCAATAAAAAAAGAATTCTTGTTACTTCGGCGCTGCCCTATGCCAACGGACCTATTCACCTTGGTCACCTTGCCGGAGCTTACCTCACTCCTGACTTTTACTGCCGCTATAAACGCCGTACGGATGCCGATGTAGCCTTCATCTGCGGTTCTGACGAACATGGTGTACCCATAACCATCGCCGCAGAAAAAGAAGGAGTTTCTCC
CP175953.1_gap54	2467988	2471994	4006	CCAAGAAAATCAACCCCAATGTGATTCTTATTGCCGAACCCTGGGGCGGAGATTATAAACCGGCTGGGTTTTCGGATCATGACTGGGCTTGCTGGAATGATAAAATCCGAAATGGATTCAAAGGATATCACCCCAAAGAAAGTAAGGGGTTCATTTTTGGTGAAACTGATCCCAACCTCTCCCGCTTTGGTATCGAAAATTTACTAAGAGGTACACTGGAATCCGGAGAACATGGCTTGTTCAATCATTCCGGTCACTCGGTAAATTACCTCGAAAGTCATGATGGATACACACTGGGAGATTATATCCGAATTGCTTTGGATCATTCAAAAGCAGAAACCGTTTTTGAAGACAAAAGAACACTCACCTCTCTATCTGAAAAAGAACTGAAAATTGCGAAATTGGCTGCGCTATCTTTATTCGTTTCTCAGGGAATAACCATGATCCATGCCGGGCAGGAATGGGCGCGCTCAAAAATGATTCAGGATCCGGACGGTATTGATCCGAAAAATGGAATGCTGGATCACGACAGTTACAATAAAGACAATGAGACGAACTGGCTGAATTTTAATGAAATCAGTCTCAATAAATCTTTATTTGAATATTATAAAGGATTGATAGACTTACGGTTAGATGCACCGGCTCTGAGGAGAGCAGCACCGGATGAAATTAATTTCAAAGTATATAATGATCCGCTTCATATCACTTTTTCCATCGACGGAAAAAGTTCAGGTGATATGTACGATTACTTTGTATCATTGAACGCAAGCAAAGAGCATGCATACGAAATTATACTTCCTGATGGCTATTGGGAGATCGTTGTAAACCCCGACAAAGCGGGCTCTTCAACCATTCAAAGTGTTGAAAAATCAATGATTATTCCCGCTACTTCAGGAGTTGTATTAAGAAAGTTGCGTGTGAGCTAAGCTTAAAATATTTTACCTTTTCATTTAAATAATCCTAAGGAGGAACACACTTGGCTGGAACAACCACAACCGACCGCGGTTCATGGAATTCAAAACTTGGCTTTGTACTCGCAGCTGCCGGCTCAGCGGTAGGACTTGGTAACATTTGGGCTTTCCCTACTAAAGTTGCCACTGAAGGCGGTGCCGCCTATCTGTTAATTTATCTGTTATGTACCTTTGCGATCGGTTTTCCGGTGATGGTAGCCGAGATTACGATTGGTAGAAAATCAGGCAAAAACCCTGTTGGTGCATTTAAAGCTATCAGTTCCAGTAAATTTTTCCCTTTGGTGGGATTATGGGGTGTTATTTGTGGAGTGATGATCCTCTCTTTCTACACGGTAGTAGCCGGTTGGGCTTTTGGTTTCGCCTTTGAGGAAATCTTCTACTTCTTTGGCTGGTCGGGAGCAGCAGATTGGCTCACCGATACTAATAATGGATTTAAGAACGCGATTATTGCTACTGTCTTCATGCTGGGGACTATTAAGATAATTACCGCTGGTGTAAGCGATGGTATTGAACGAGCTACCAAAGCGATGATGCCCTTACTTATCGGGATTATTGTGGTGATGATTATTTATGTGCTGCTACAACCCGGAAGTGCTGAAGGTGTGAGTATTTACTTATTACCGGATTTCAGTAAAATTAATGCAGGGCTTATTTTCTCTGCCATGGGGCAGGCTTTCTTCTCACTTTCTTTAGGGATGGGGGCTCTTATCACCTACGGTTCTTATCTGAATAAGAAAGAGAATATTCCTCAGGCAGCTGCTTTTGTAACCTTAGCTGATGTTGGAATCGCCTTTTTAGCCGGTTTACTTATTGTGCCGGCGATGTACCTTGCTCAAAGTCAGGGTATTAACATTAATGCTGGTGGTTCATTGGCCTCCAGTACCGATCTTGTTTTCCAAATACTTCCTGCCCTCTTCCATACCATTGGCGGTTCCGTAGGTATGTTATTAGGAGTGACGTTCTTCCTGCTGCTTAGTATTGCAGCACTCACATCAACCATTTCGCTGTTGGAAGTTCCGGTTTCTTACGTGATCGATGAATTTGAAGTACAACGAAAGAAAGCAGCCTGGATGGTAGGTTTAGGTATTTTGGTTGTTTCCATTACGGTTGCCTTCTTCCCCGCCTTAATCGGTTGGTTCGACTACCTGTTCAGCACTATCGGTTTACCTCTTGGTGGATTTTTAATCTGCTTGTTTGTGGGTTATGTATGGAAAACCGATCAGGCTTTGAACGAAATGGAATATGGGTTTGCCGGTATCAAACAAACCCTGTTTTCTAAAGTTTGGCCTGTTTTCATCAAATATATTTGTCCTGCAGCCATTCTCTATAATTTGATCTCGAATTTCATCTAAACTCATTTGTTATCCAAGTGGGCAGGTGGTATTTTTGAGCGAAATTTATCGGAGGAAAACTTAAAGAATGTCTAAAGTATCAACATCAGATTTCAGAAACGGTTTGGTTCTGGATCTGGACGGAGAACTCTACTCCATAACTGAGTTTCAGCACGTAAAGCCGGGTAAAGGCCCTGCTTTCGTCCGTACGAAGCTTAAAGGAATTGTAAACGATAAGAATATTGACAAAACCTGGCGTTCAGGTGAAAATGCAGAAGCTGTCCGGGTTGAAACCCGTGAGTATCAGTACCTCTATAACGATGGAGAACTTTTTTACCTGATGCACACCGACACCTACGAGCAAATTCCCGTGAATGCATCCCAGGTAGAACGAAAAGGGTTCCTGATAGATGGCCACAATTGTGTTGTGGTCGTAAACGCTGACGAAGAGTCGGTGTTATATGTAGAACCTAAAGATCATATTGAAGCCACGGTAGAACAAACAGATCCCGGTGTTCGTGGCGACACCGCACAAGGCGGAAGTAAACCCGCTACATTGGAATCTGGAGCTACGGTTCAAGTTCCACTTTTCATCAACGAAGGCGAGAAAATTCGCGTTGATACCCGAACCGGAGAATATATAGAACGAGCTAAATAAGACTTATCATGGATTTAAAACTGATCAAAAACATTTTAGACATGATCGCCGAGAGTGATGTTAACGAAGTATCTCTCGAAGAAGGCGATTTCAAAATTAAAGTTAAGAAACAGGGTGAAGTTCAACAGGTTACCTATTCACAACCTGCCGCAGCGCCTCAAGCACCGGCTCAGCCTGCTGCTCCCGCACAACCGTCAACAACTCCTGCTCAGGGAGAATCGGATGACTCAGCCCCACAGGCTGAAGGTGATACCGTAACTTCCCCTATTGTTGGTACTTTTTATGAATCTCCATCACCCGACTCTGATCCTTTTGTGAAAGTTGGAGATAAAGTTTCTAAAGGCGACACGCTTTGTATTGTGGAAGCCATGAAGATCATGAATGAAATTGAAGCTGAATTCGGCGGAACGGTTAAGCAAATCCTGGTGGATGATGCTCAGCCCGTTGAATACGAACAACCACTTTTCATTATTAAAAAAGACTAAGCGGCTTTCATGTTTAAAAAAATTCTGATTGCCAACCGAGGAGAAATTGCACTGCGAATTATTCGTACCTGCCAGGAAATGGGCATCAAAACTGTAGCCGTGTATTCTACAGCTGATGCTGACAGCCTTCATGTTAAATTCGCTGATGAAGCGGTTTGCATTGGTCCTGCTGCCGGTAAGGAAAGCTACCTTAAAATTCCAAGCATCTTAGCAGCTGCCGAAATTACAAATGCGGAAGCTATTCACCCCGGTTACGGTTTTTTGGCTGAGAATGCTGAATTCTCCCGTATTTGCGGAGAGCATGACATTAAATTTATCGGTCCATCACCTGAAGCTATTGGTAAAATGGGTGATAAATCCGTAGCCAAGGCTACCATGATTGCCAACAACGTACCTGTTGTGCCGGGAAGTGACGGTGAAGTGGATAGCTACGAAGATGCCAAGAAAGTTTGTGATGAAATCGGGTTCCCCGTTATCATTAAAGCATCGGCTGGCGGCGGAGGCCGTGGTATGCGTATGGTAATGGAAGCCTCTGAACTTGAAAAAAATTACAAAATGTGC
CP175953.1_gap55	2478864	2482057	3193	AGATATGTTTCGGGAAGCATCCTTCCGAAAAGTTCTTCTTTGGAAAGATCTTTCTCAGCCAAGAATGAACTGTCATTCATCAATGTTAATAAAGAATCGGAATCAAAATGCAGGTTCTCGGCTGTAGTTTGAGTGAACCTGTCTGTTGTAATACCGGGTAATATAACTACTGAAACCGGGTCCTGAATGCCCCGTGCCATTTTTGACAGGAAGCCGTTGTAAGAATATTCTCCTTCAAATACATACCGCCCACGCTGCATCTTTCTCCATCCCAGAATACGAGCCGCCCACTCCATTTCGGTTTTATCGAACCGGATGTCTTCACTTTCTAAATACTGTTGCAGGTCTAATAATCCGGAATTTCCGGGAAGCAGTATTTCCGTCTGTTCTTCAAAAACGAGAGAAGAACCGGATGTAAGTCGAATGAGCCTTGAACTCAATACCATCACTGCGATTAGTACAAAAAGCAGGATCGTTGTAATGAATTCGGGCTTTGTTACCGCAAATTGTCGTTGAATATTCATGCGCTAAAGATACAAATTGAAATGTAAAAGAGAATATCTGATGTAAAGTTGGTCAGCTGTAACAATTTACGATTCTGCTGAAACATTCCTTTTTCGTGGTCGTATTTGTTGGGCGAAGAGCAAAGAGCTTTTGGATGCTGCATAAGCACCAAATGCCCTAAAGAAAAAAACCCGGGCCTTGATCAGTCCGGGTTTCTTTATTAAGCGAGATTTTGTTTAGAAAGTTGGATTAAATCGTATCCAGAATGACGTTCTCCCCTCCGAACCAGCTATTGGTTTTGCGACCTCAGCTCTGAACATCCCAAAACCTAAACCGATGCCGGCATTATGAGAAAGTTCTGAGAAACTTAGATCAAAATCAGAGAGCGGATTTGTCGTTGCTAAATAACTTTGGTTGAACATGCTCGTGCCTGAATCCAGGAAAAGCGAGATATAAAATGAACTCAAATCCGGCCACCCATCCCGATAAGATGTACTTTTCCCCAGTTCTACTTCCAGATTACTCAATACCATCAGGTTTCCGGTTAACGACTTAAAGCCCAACGCCCGCATACTTCCTATTCCACCAAGAGCAAAGTTTTTGAAATCCGGAGCTTCACCCGTAATACTTCCGGCCATGAGTCTCCACTTGAACAGCGTGGTGTGGTCTAACCGAAAGTAAGACTTTGCTTCTACCTGGTATTTATTATAGAAGAAATCATTCTCTGTTCCTCCAAGATCAGCAATTTCAGCCTTAGCTGACACCGTTGACCATACCGAAGAATGTCTATTTACGGTACGTGGATTTATGGTGAGTCCTAAAGTGAGGCTTTGTTGATTAATTTGCTCAAGGTCACTGTGAATAGCCGGGTTTGGCCGGAAGCTGGAATATTTTGAAATCACAGAAAAATCAGTATTCACTTCCAAAGAGCTAAACTCATCTACATTATAAGATGCTCCAAATTCTAAAAAACGAACAGGTTTAATAATCGCATAGAATCCGTACCCGTCGGCATTGTAATAATCATGATAGTCAAAGCCGGTAGCGAATGATGTAAGCGAATTTTCATAGATACCTGTTCGCCAGTAATCTTCTGTAGAAGTAGTATTATGAAGGTCTCCTCCGAAGAGCAACCACTTTCTATCTGTACCAATACTCTTCTCAGCGCCAATGGAATACTGCAGCTGATCCTGAGCAACGGAATACCCGATCAACCCGTGAAGGTCAACGTTCTCGATTCCCAGAAAATTAGCGTTATTCCAATCCATCTTTTCTTCCTGGTATCCAAGAAATAAACCATCTACCCTGTTATGTCGAATCATTCCGGAAACGGGATAGGCTGAATAGATCGGATTTTTCACTCCAAAATTACTGCCGGAATAAAATTTCTCGTCAATCCCCTCATACAAATCAATACCTTCATAAAAATTGACTTCGAGATCCTGTGCTGGCAACCCAAGTGTAACACTCAGTGCAATCAGAAATGCAGTTATTACTCTCATAGTAATGTACCTCGTATTATGTTTCTCTTAAACCACTATGAATAATAACGTTAAAAATACTTTAAAAAGGAAGTCCCGGTTCTATGACCGAAATACACCGATCAAAAAGGTAATGTGATCATTGAGTTCTTTGCCGATAAGTTCAGCTCCCTTTCTTATATCTTCGCGTGGCACATTGGCTGCGAACTTGGCATCCTTAAGTTTTTTAGTAACCGATTTCACCTTCATATCCTCAAAGCCGTTAGGCCTCATCAATGAAACAGCGTTCATAAAACCGGATAACTCATCGCAGGCAAAAAGATATCGCTCAATCTCACTATTCGGTTCTTTACCCGTCCTTTCTGGAGCATGGGCTTTTATAGCTTCAATTACAGATTCAGGATAATCGTGCTCAGGGAGTATCTCGTTTACAGCTTTGTGTGGATGTTCATCCGGGTATTTCTCCCAATCCAAATCGTGTAACAAACCCGCAGTCCACCACTCTTCTACCTGTTGTTCCGATTTGTTCAATGCACGTCCATAACCTTCCATAGCCCTTGCAACCATCATTGAATGATTCAGCAAACTTTCTCCTTTAATAAATTCCTTTAACAGCTTAACTGAAGCTTCCCTTTTTATTACAGCCATAACATCTGATCTATATTTATGTTCGTATTAACAGTTGCATTAGTTACCCAAAATCATTTAACATTCAACAGTTATTTTTAAATAACTAAATAATTATTTAACCAAGGCTAATATGCGCTATTTTTTTTCAACCCTTGTTCTTTTTCTATTATTCTTTAGTGTTGGTTGTATCAGCAACGTGGAAGATATCTCAGAAACTCCTGATATCGATCCAAATGATATTAGTTATTCTGCTGATATTCAGCCAATACTTACCTCAAATTGTGGAAGTTGCCACATTAATTCTTCAACAAACGGGGTGAATCTCACTTCCTATAATTCTACGATCAATAGCATGGGTTCCGTGGCAGGCGGGCCTATCGTTGTACCCGGTGAGCCGGAAAACAGCCCGTTAGTAGAAAAAATTAAGCCGGATCCCTCTTATGGAAGCAGGATGCCTACCACCGGTCAGTATCTCACCACAACAGAAATCGCACAAATTGAAGCCTGGATTGCAGGCGGTGCGGAGGATAATTAGTATGAAGAAATTTACAACAACGCTCATTTTACTCTTTGGATTT
CP175953.1_gap56	2489579	2492152	2573	AATACCACACCCTGCTGAACGGTGCTGAATTCTGAATGGACGGTATAATTCTAAGCACCGAGGCTAAAATACCTATCCCTACAGCAGCAATGGAATATGGGTTTTCTGGGTTAATGGGAGGTTTCTTAAAAATTCGTTGTTTGAAATCGGCCCAGTTCAGGTTCTTTACTTTTTCAATAAACAGAACGTGGTTGGCTACAATACGGTTTTCGCCCCGGTTAAAAATATCTGTTACCGTACTTCCCTCCCATTTGCGTTTAAAGAAATGAACCAGCAGCGGCAGCATCAAAAGACAAAACAGAATACTGATGAAATCATAGATATGGAGATTCACCAGCATAAAGGTTCCAATGATGATCAAACCACCCAAACCCACCCAGGAAAATACTATACGATCAATTCCCCTTTTATTTCCGGCGTGTTCAAAAAACAAGGGGGTCACAAAACCAAATACAAAGAGGAAACTGATGGTAAGCCTGATCACCGAGAATATGGCTTGAATATCGTAGCTCATGAGCTCCCGGATTTCAGGGTGTTGGCAACTGAATCGGGCTGCACGGGCAGTTCACTCAAACCAATATTGCTAATAAAGTATGGGCGCCCTAAAGTATCCAGGCGGGCTTTAATTTGCTTTCTTTTGGTATCAGAATCAGCAAAACCTACAATAAAATACGGCTTACCGCTTTGGGTGGAATAGTGGTTCAAATATTCAAGCCGGTCGTTGAATTCTGCAGCAGACCGTATCCGATACCGTTTATTTTCAAAGTCATAGTCGGATGCGAGTGCCTCGGTTAAAAAAGCGTCAACATCATCGCCGGTCTCTCCCAGTAAAAAAGCTCCTGCATTCTGGATGATCGTCAACCCGGGGTATCGCTGCCTGATTCCCTCGATCAGCTGAACCATGTAGGGCTGTAAATGTGCGCGTTCTGTGTTCGGAGCTACGGCATCAACGGTATCGAGGAACAGACCATCTACACCTTTTTCCGTGATGGCCGGCAAAACTTCTGTTAAAATGACCCGCCGGGCTTCAGTACTTTCCAGGTCGATAAAAAAACTATTCCAGTTTTCATTTTTCCCCAGAAAACCGATTTCGGCTAAACGGGGATAATACCAGCGGTTAGCATCCACTTCTCCAAGCGTGACATAGGCAATAATCTTTGTGCCGGTTGCACGCAAAGCGTCCATTTCTTCCTCGGTATAAAAATCCGGCTCTATAATTACCATGCGGTAATTCTGCACCTGTTCCGGTGTTACCTTAGCATAACAAACCCCAAATGGAGTGTGATCTGCCATCGAAAAGGAAGCCTGTTTCGTGTTGTTACACTGTGTAAAAAGAAGTGCCATTATGCAAATTGCTGAAAAATTCAGTTTCATTCTTCAACACCTAACCTCACACATTCTTGCCATCCTAAGGCCTGTAAAAGCTGAATGGCCGTTGGAATCAATACCATATCAAATTCCACATCGGCACGTTCCATCAGGTTCTTCGATAATAACTCGAGCCATTCGTCGTCGGTTTTGGAGTCATCACCGGCATATGTTTCTACGAAATCCACCACAAACTCAAACAAGCCGATAATTTTCCCCGTCCACGGAATGCTTTCAGATTTCAACCCGGAAGGAGAACCGTTTCCGTTTACCCATTCGTGGTGGGTTTTTATTCCCTCAAGCACATCACGGTGTATCGAGAGCTGCTCAACCAAGTTAGCCCCAATGAGAGGATGTGAAAGCTCACCTCCAATTGTTTTACCCGGCTCAATACTTATAGCCCCCACATAGCCGATATCATGAAGCTTGGCTGTTTTGATGATAATCTCCATCTCGTCATCTTCCAGACCAAAAAACATTCCGAATCGCTGCACAAAAGCAACCATTCTTGGGGTGTGAAAACGGGTTTTCTCCCGGCTTTGCTCGATGGCGCGTAACATCTTGTAATAACCATCCATAAGCTGATCTGAGAAAAGCTCATTTTTATACCGGTAGTCAAAGAGGTTGGCCAGCGACAGTCCGATTTCTTCTAACAGTCCTTCAACATCAAGCTTTCCTCCTTTGTCGGTTTTCTCAACCATTAGAAATCCTGAATGATGCTCTCCGTTAAAATACTCGACATCAACCTGCTTACCCCACTGTTTTAGAAACTCTTGTCCGAATTCGGTAGCCGAGAGATTGCCGTCACTATCTTTATAGAGGGCTTTTTCTCCTTCAGCCGTAAAATAACCGGCTACTTTTTCCTTCATACCAATAGAGGCAAGCAATTTATGCCCGCCCGGGGTAAACTCAACGATACATCCGGATTCTACTTTTCTTCCATTAACTACATACCTCAGCATAATCTGGGCAACCCCTTCCGTATTCAACTTCCCGCTGCCCAAATCCGAAACTACATCGTCGATTTTCTGCTCATATTCGCGCTGCGGGTTACTCTCTTCATCATCGAGGTTGATGAGCCAGTTGGCCAGCAATCTACCCACAATCGATAGTTTTGGGGTGATTTGATCCGGGCTTTTCGTGTACGGACCTGCGCAGTATATCCCCCATTGCTCTCCATCCTTTTTAAACAGAGGAATATGCTC
CP175953.1_gap57	2504442	2508971	4529	AGATACGGAGTAAGGCATGAAACTCAAAGACATTAACAGTAAGGTAGATCCTAAGTTTTTTAAGGAGCACCAGCGAGGCATATATAAAAGCCTTGAGGATAAGCACACTACCATTGAAGAGATTGACAGCGAAGACCCGCTGAATTCCAAAATGATTTTGAATATGGGTCCGCAGCATCCGGCTACACACGGGGTGTTGCGTCTTATCCTTCAGCTGAGGGGTGAATTGATTGAAAAAACCAAGATTGACATTGGGTACCTGCACCGTGGTGTAGAAAAGATTGCTGAGAATAAGACATACCAGGAATTCATGCCTTACACCGACCGCATGGATTACCTATCTCCTTACAGCAATAACGTAGCTTTATGTACCGCTGTTGAGAAACTGGCTGATGTTGAAGTACCCGAACGTGCTCAATACATTCGCATGATTTGTTGTGAATTGGCTCGTATCTCCTCTCACCTGTTATGGTTAGGTACCATGGTGATGGATGCCGGTGCCATCTCATTTTTCATCTGGACCTTCCGTGAACGTGAAAAAATCTATGACATTTTTGATGAAGTAGCCGGGCACCGTTTTACGGTTTCTCACTCCAGAATTGGGGGTGTGGCGAACGATCTTACCGATGATGCCGTAGCACGTATTAAGGAGTTTGTAGAGAAATTCCCTCAGGAACTTAAAGACTGGCATGGACTTTTAGACCGTAACCGAATTTTTATTGAAAGAAACCAGGATGTTGGGATCCTTCAAACCAAGAATGCTCTAGACCTTGGTGCTACCGGTCCGGTTCTAAGAGCTTCGGGGTATGCTGTTGACCAGCGAATTATTAATCCCTATCTGAAGTATGATGAGGTAGATTTTGAAGTACCAACCCGCCTTGAGGGTGATAATCTTGCCCGATACTTTGTCAGAATGGAAGAGATGGGTGAAAGTATTAAGATTATTCAGCAGTGCTTTGATAAGATGCCAAAAGGCCCGGTTAGAACCAATAACGCCAAGCAGGCCTACCCTTCCAAAGACGAAGTTTACTATTCCATGGAGGGAATGATTCATGATTTCATGATGACGGACACCGGTATTTGTCCACCGGCTGGTAAAGAAGTTTACCATGCGGTAGAATCCCCTAAAGGAGAACTTGGCTACTTTATTCAAAGCGATGGAACCGGACATCCATGGAGATTAAAAGTTAATGCCCCTTCCCTCAGAAACCTTCAGGTGCTGGAGCATATTCTGGATGGCGAGATGGTGGCTGACACGGTTGTTATAATCGGAGGAATTGATCCTGTAATGGGAGAAGCAGATAAATAAATGGAAGAAACGTACGAATTTACAAAAGAAGACTTAGAGGAAATCGAAACCATAAAGGCGAAGTTTCCTACCGTGATGCCTGCTACCCTGCCTACACTTTGGGTAGCTCAACGTCGGTTTGGCCACGTTGAACCGCCGGTTCAACGCCTGGTTGCAGAGACTCTTGACTTGCCTGAATCGCATGTTCACGGAGTGGCAACTTTCTATACCCAATATTATAAAGAGCGCAAAGGTAAATACGTGCTGGACGTTTGTACAACAACCAGCTGTCAGCTTTGCGGCGGATATGAAATGCTGCACTACCTGGAAGATAAACTGGGCATCAAAGCCGGTGAGACTACCGAAGACGGCATGTTCAGCATCCAATCGGTGGAGTGTCTGGGTGCCTGCGGTTACGCCCCTATGATGCAAATCACCAATGATGTATATGTAAATCATCTCACCGAAGATAAGCTGGATAAAGTCATTGAAAGCCTGAAAGATGGTAAAATGCCTGAATTTGAATCGGTAGGAATGCCTCTCCTCGAAAAAAGAAATATTTAAGTAATTATGGCCTCAGACTGGAAATCATTTGAACCCGTTCTTATTCCCGACATCCCAAATCTTGAAAAGATTGAGGTGTATGAGAAGAATGGCGGGTATGAATCTCTTAAGAATGTAGTTACAAGTAGCGACTGGACGCCTGAAGGGGTCGTAAATGAAGTGAAAGCTGCCAATATTCGAGGTCGTGGCGGTGCCGGATTTAATGCCGGCTTGAAATGGTCGTTTATGCCCAAACCTGATGGGGGTCCTCGTTACCTTGCCTGCAATGGTGATGAATCTGAACCCGGGACTTTTAAAGACCGTAAGATTTTTGAATATAATCCCCACCTATTTATTGAGGGGGCGCTGATTGCCGCTTATGCTATGCAAATCACCACCATATATGTGTATGTGCGTGGAGAATATATTTCATGGGTTAACATGATGGAGAAAGCCCTTCAGGATGCCCGGGACAAAGGATATATCGGAAAGAACTTATTTGGAACCGATTATAGTGTTGAATTTGAAATAACCTACGGTGCCGGAGCTTACATTTGCGGCGAAGAAACTTCTATGCTTGAATCGCTGGAAGGAAAGCGAGGATATCCTCGTGTTAAGCCTCCCTTCCCTGCTCAAAAAGGACTTTGGGGGCGCCCAACAACCATTAACAATATCGAAACCCTGGCGAATGTACCGCTGGTAATCAAGAACGGTGCGGACTGGTTTAAAGGCATTGGTGCTGAAAGTCATCCTGGACCGGTTTTATACGGAATTTCAGGTCATGTAAATCGCCCCGGAGTGTATGAATTGCCGACAGGTGTTCCTGTAATGGATTTAATTAATGATGTGGCTCAGGGAATTCGAGGCGGAAAGAAATTAAAAGCTCTGATTCCGGGCGGTTCTTCTACACCGGTTTTAAGAGCAGACCAGCTGGAAAATACTTCTATGGATTCCGATTCACTCCGTGAAGCCGGATCTATGATGGGAACAGCAGGCATGATTGTAATGGATGAAGACACAGACATGGTAGATGCTCTTTGGAGAATTTCCCATTTCTATCACCATGAATCATGTGGACAATGTACTCCGTGCCGTGAAGGAACCGGTTGGGCTGAAAAGATTTTGTTGAAAATTAAGAACGGCGATGGTGAAATCAGAGATCTAGATCTATTACTGGATTTAACTACTCAGATGGAAGGACGAACTATTTGTGCCCTGGCTGATGCAGCCGCATGGCCCATTCGCCACACTATTAACCGCTTTAGAGATGAATTCGAAGCTCGCTGTAAGAAATCAGTTCACGCAGTAGCCTAAAAGTGATGATCTTTTGATTGAATCATCGATCATAAATCAAAAATTGTGAGATGCCAGAAATATTTATAGACGGACAACGATACGAATTTGAAGAAGGTACTGATAAAGGTCTGCTTCAGTTCATTTTAGATAATGGCAAAGAAGTCCCCTTCTTTTGCTACCACCCTTCTATGAGCGCACCGGCAAACTGCCGGCAGTGTTACGTGAAAGTGGGTACTCCTGTGAAAAACCAGGAAACCGGCGAGTATGAACTGGATGAGAACGGGGACCGAGAAATCAGATGGTTTCCAAAGATGCAGACTTCCTGCACCATGCAGATGCAAGATGGTATGGTTGTTGAAACACAGGAAACAAGCGAAGAAGTAGCCCGGGCTCAGAAAGATACTATGGAACTGATCCTGGTAAATCATCCTCTTGACTGTCCTATTTGTGATCAGGCCGGTGAATGTCCGCTGCAAATTCAAACCTACAAATACGGTCCGGAAGGCAGCCGTTTTGAAGTTAAGAAAGTACATAAGCCTAAGCGTGTTGAGCTTGGCCCAAGAGTTACCCTCGATGCTGAACGATGCATTAACTGTACGCGATGTGTTCGGTTTACGGAAGAAATCAGTGAAACACATCAACTCACCATTACTTCCCGTGGCGATAAAAATTATCCGATTACGGCGCCCGGACGTGAGTTTGACGATCCCTATTCAATGAATACCATTGATATTTGTCCGGTTGGAGCACTAACCTCAACCGATTTCCGGTTTAAGGCACGTGTTTGGGAAATGAACCAGACCCCAAGTATTGATGTGACCAATGGTAAGGGAACCAACATAGATATCTGGACGCGTGATAACCTCGTGCTCCGAATCACGCCAAGATTTAATGGTGAAGTTAACGACCACTGGATGGCTGATGAAGGCCGGGAAGTTTACCGAAGATTTAACGAGAACCGTATCTCCCGCCCTGCCCTTAAGCTGGACGGAGACAACCAGTCAAAAACTTCCTGGAACAATGCTATTGAGACCTTTGCTGAAACGCTGGAAGCCGGAAAGCCGGAAGATGTTATAGTGATCGGAAGTGCTCATGCCTCTGTAGAAGAGAATTACGCGCTGATGAAAGTGTTTAATCTTTGGGGCGTTAATAACTTTAAGTTTGCTCCTCATATCATTGAAGGTGCAGGTGATGATTTCTTGCTCACCGACGATCAGGCTCCTAACACAAGTGGTGTGAAGCTGATTGGTTATGAAGAAAGCAACGACCTGAAAGCTGACGTAAATGACGCTAAGATCGTTATTATGCTTTCGGATGAACTTATTGATCGCGAAGTGCTTTCTGCTGAAGATCTGAAAGGTAAATTCAGCATACTTCTTTCAACCAATGAATGCGATACCAG
CP175953.1_gap58	2512482	2516438	3956	AAAACGTTCCAATGGTGACATTTTTGGGGCATTTATATCACTGCGAGAAATTACTTCTGAAAAAGAGGCCAAACAGAGTTTAGAAGAAAAGGAAGCTCGTTTTCGATCCCTTGTTGAACAAGGAGGTGATGTTGTAGTTATCCTTGACAGTAAAGGAGACCCTAAATATATAACCCCTTCTGTAGAACCCGTTTTTGGCTACAAGCCGGAAGAGGCGCAAAATTTAAATGTAACCGATGTTACCCATCCTGAAGATTTTCATCTGGTTGAAAAGGCTCTCCGGGAAGCAATGGAAAACCCCGGAAAGGATGTGAAAGTGCCCCCTGTTCGGATGCAGCAAAGAGACCGAACATGGAGGTGGTACGAAACGTCTATTACCGACTTGAGACATGAACCCTCAGTTGCCGGAATTGTCGATAATATCAGAGACGTTCATGAGCAGGTATTGACAGAAAAACTACTCGAACGATCCAAAGAGAAGTATGAATCGCTGGTGAGAAGTGTTGAAGGTGTTATTTGGGAAGCTAAAGCCGACACCTATGAGTTTACCTACATCAGTCCGCAGTCGGAATATTTGTTTGGATATAGTGCTGAAGAGTGGATCAATAATTCTGATTTCTGGGAGAATAATATTCACCCCGAAGATCGCCAGGAATCCGTAGCATACTGCCAGAACCAGACAAAAAAAGGACTCAATCACGACTTTGAATACCGGTTTAAAAAAGCCTCGGGGGAATATATATGGGTTCGGGATGTAGTTACTGTAATCACCAAAAACGGTAAGCCGGATTTACTGCGGGGACTAATGATCGATATTAATGAGCAAAAAAGGCTCATCAATCTGATGGAGGAAACTTATCAGATTGCCAAAATCGGAAATTGGGAGCTTGATCTTAAGCAGGAAAAATTGTTTTGGTCTCCGTTTATCAAAGAACTTCACGATGTACCGCCAGACTATGAACCGGACCTGAACACTGCGATTGAGTTTTATGAGAAAGGCAAAAGCAGGAAGGAAATTGAAAAAGCAGTAGAAAATGCCATCGAACATAATGAATCCTTCGATGTTGAACTGACCATAATTACAGCCAAGGGAAATAAAAAGTGGATCCGTGCTGTAGGAACTCCTGAACAAGCCAATGGCGAATGTATCCGGATTTTTGGGAGTACACAGGACATCACAGACCGGAAAATAGCCGAGGAAAAACTTAAGAAAGCAGAACAAAAATACCGAAATGTTGTTGAGCACAGCACCAATATGTTTTACACCCATGGTGTTGATGGAGTTCTGAACTACGTGAGTCCTCAATCGAACTACTTTCTTGGGTATGAACCGGAAGAAGCCAAAAAACGATGGACGGAATTCATTACCGATCACCCCATCAATCAAAAAGGAGTGGCAATAACACAGAAAGCAATTGAAACAGGTGAAACCCAACCGCCTTATGAGCTTCAGTTACGAACAGGTAAAGACGAGATTATTTGGGTTGAAGTAAACGAAGCTCCCCTGGTAGTTAATGGTGAAACGGTTTCTATTGTTGGCTCTCTTACAGATATTACCGAACGTAAAAAGTATGAGGAAAAACTCCAGAATAGCCTGGAGCGCTACCACTATGTTTCCAAAGCCACTCGTGATGCCATTTATGACTGGGATGCTGAAAAAAATACCATCCACTGGGGAGATGGCTTGTACTCGCTGTTTGGGTACAAACCTTCGGATATCGATGCCTCTGTTAACCGATGGATCGACCTGATTCACCCCGATGATGTAGAAGAAGTTCGGGAGGCTTTAAAGTTTACCCTTAAGGATGCTTCAATGAATCATTGGGCGTATGAGTATCGGCTGAAGAAAGCGAATGGAGACTATGCGCATGTGAGGGAAAACGGATACATCAAAAGAAATGAAGACGGATGGGCTACCCGGATGATTGGGGCTATTCAGGACATTACCGAAGAAGTCTTCTCAAAACAAGAAATTCAGGCCTCCCTATCTGAAAAAGAAACGCTGCTTTCAGAAATCCATCACCGCGTAAAAAATAATCTGGCCGTTGTTTCCGGGATGATTCAACTGCAGGCCTATGATACCGAAAACGCTGATTTACAAGCTAAACTGTTTGACAGCGTGGTTCGCATCAAAACCATGGCCACAGTACATGAACTGCTGTACCAGTCTCAAAGCTTTTCAAAGCTTGAATTCTCTGATACCCTCCAAAAACTTGTGGAGAATATATCCGACACCCTGCGTTCCAACACCTATATAGATACAACCATTGACTGTGAACCAATTAAATTAAACATAAATCAGGCCATACCCGCTTCATTGATCGTAAATGAAGTGATCACAAATATTTATAAACACGCTTTTAAAGGACGTGAAAAAGGGAATGTGGCGTTCAAGCTGGATAAAAAGAACGAGCTTATAAATATTCAGATAAAAGATGACGGTGTAGGATTTCCCGAAGGTTTTGACGTAGATGTAAACACCTCTTTAGGCTTTCATTTAATTCGGGTTTTAAGTGATCAAATCGATGCCACGTACAAGTATGAGAATGGAACTTCAGGAACTCTTTTTGAATTATCATTCCGAAAACATAACAACAAAGGCATAGGAAACAGGCATCTTAAATAAATGTAATTTTTTCCTAAAGAAAACTCGTTTACCTTCGATAAGTACTAAAACAGGTACGCACTGCAACGCTCTTTGTTAAATAACATATTACTATTCCAAGCTTTTAAGAGTTAGTACTTCATGGTTTCAACCTCATACAGTCGTCAGATACTGGATAACATCCCCAACAGTGTTTTTGTTGTCAATGTACACGACACCGGATTATTCAGCATCAAAGATGTAAACAAAGCTCAACTGGCCTTTATCAATAAAGAGAGAGATGAAATTGTAGGCAAATACACCCATGAGATATTCCCGGCTGAAGTCGCAAATCACCTTAAGAACGTGTACCAACGATGCGTGAACGAAGGTGAAAGAATCTCTTACGAAGAGAAGATAAACTTGCCGGATAAAGGTGAACGATATTATTTGACCACACTGACTCCACTGAAAGATGAGGACGGTGCCGTAACAAGTCTTGTAGGCACATCCATAGATATTACCGAACAAAAGCTTACTGAACAGTCGTTACGAAAAAGCGAGGAACAATATCGTGGCTTTGTACAAAACAGTACGGAGGGCATTTATTTGTTCGAGTTTAGAGATCCTATTGATACTACCCTGCCTCCTCTTGAGCAGATACCACTATTCTTCAAAAAAGGTTATATGGCAGCTTGTAACGAAGTAATGGCAGAAATGTACGGATATAATGATAGCAATATAATCATCGGTAAAAATCTTGAGTTCTTTTTTGGCAATGAAAAGAGCGACCACATTATTGAGTATTTTAAAGGAATAATTGAAGCAAATTATAAAATCAAAGATGCCCTGAGTATTGAGTTAGATAAGGATGGTAACCCTAAATACTTTCTAAACAGTATTACCGGAATTATAAAGGATGGTTATCTGACACGCGTGTGGGGAACCCAGAAAGATGTAACAACAGAAAAGGCGGCTGAAAAACAGCTGCAGGAGTCATTGGCAGAGAAAAATACGTTGCTCTCTGAAATTCATCACCGGGTGAAAAACAATCTCGCTGTTGTTTCCGGAATGATGCAACTACAGGCTTACGAAGCTGAAAATGATAGCCTGAAGGAGAAATTGTACGACAGCGTAGTTCGGATAAAAACCATGGCAACGGTTCATGAATTGTTGTACCAGTCGCAGAGCTTTTCAAAGCTGGAGTTTTCGGATACGCTGACCAGACTTGTAGAGAACATTTCAGAAACCCTGCAAACAAGAACGAATGTAGAGGTTGATATCGATTGTGAACTCATTCACCTGAACATTAATCAGGCTATTCCCGCCTCTCTCATTGTAAATGAGGTATTGACGAATACTTACAAACACG
CP175953.1_gap59	2528497	2530401	1904	CCCGGGCAGCCTGAATGGTCTCAAGAAATAAATAAGTGTCATCCTCTTTCAGAATACGATCTGCGGGCTTGGGATCAGCATAAATAAGGTCAAATTCGGGACGAATGGCTTTTCTCGGAAATACACTTTCATTCATCCCCAATAAAGCTATAAAGCGGAAAGGCACGGAGCGGTATGGAATGTAAGAGCTGACGGTAACCCCCTGCCCAAATCGGCCCGAGGACGAATCATGATTCGACAGTTGACCAACCAGCCAATCTTTCAATAAGGTAAATGGAACTTCTTGGCTAAAGGTTGTAAAAGATGCCTGTTCTTTCAGTTTATCAAGCATCTTCCGCAAGGTACCAGCCTGAAAGTTTTGGGTGTTTTCATCCCCGATAAAATCATCAATAAGCCGACGGGTAAATACAATCCATTCAACCGGAGTCTTCTGATTAGCTATTTTATCTGCGGCTGATCTCAATAAATGTATAAAGTGAGCAAGCCGGGCCGAAAGCATTGCATCATCCGATGAGGAAATACGATCATATGGAACCATTTGCTGATATACATTCAAAGTTTCCGGCTCCATACTAAACCCTGATAATAGCTGATTTACTCCCTTCTTCCAGCTATACCGGGTATTAAAGTCATTCCCTACTCCCTGGTAAATACGATTCTCCAGCACCCAACCTTCTATCAGTTCCAAATCTGCATCAGAAAAAGAAAATTTAGCTTTAACAGGTTCGTTATTTAGCAGCTGGAGTACGGCACTGGCTTTAAATGGAGACGACAAAAGCTCCAGCACTTCACTAAGCGTGTGCTCTGAAGAATGATAATTCCGGCCCGATAATTTCGAAACAGGAACTGCAGGTTCTCCCACATCACTGGTAAAAACCGTCTCTATCATACCGGAATAAGCCTCCACATCCGGAATCATGACTAATACATCGCTAAGCCTGCTTTGAGGGTTATTATCCAGATACCGAAGCACCTCATCTTTAAGCACCTGTACTTCGCGACGTATGTTATGACAAGAATGTACTTTGAACGACGGAAAGGAGACTTCCTCACCGTTTTCCGGACCATTAGTCTCTGTGGGAACTTCATTTTTATCCAATATTTCATGTAGCAGCTGTAGTTGTTCTTGAGTGGATCTCCCCCAATCATCCAGCAAAAGTTTCAGATCCTCATTTGAATGATCATCAGCCTTTTCCGAAGAGAAAAAATGAACGTCGTGCTTTTTCCCAATACGGCTTATGATCTCCATAAACGGCTTTGACAAGTGGGATAAACCAAATACGTACACATTCCCGGGTATTCCACTCCAAAGCTCATGATTGGCATCATCCAGCCATTCTACCAGTTCTGAATAGGCTTGAGACCTGCTCGGTAAATGCTCAATATTTTCGGTTGAGGTCCACTGTTCATTTAATGCATTCCAAATAGATAGCTGCCAGCGCTCATTCGGATCTTTCGTAACCAATTGCCGTTGTAGCCAGCTTTCCATCATTTCCGGTCGATACACCTGATACTGATCAAATATATCGGCGAGCTGTCCGCACAGTTGAAATCTCTTTTTTGAAGTGTCAGAGCCAGAATCGTAAAAAGGTATTTGATCCAAAAGGTTTTTGTTGGATGAAAGCAGTTCAAAGAGAGCCCAATGCATTGAATTTAAGTCGGCAGGTAAAACCTGGGGAATTTCGTCCTTTTGTAGCCGGTAAAGCATCCACAAAAACTCAGAAGGAAAAATGAACCGAATGTTTCCGGCTATACCCTGCTCTTCCGCTATTTTAAGCGACAGCCACTCCTTAATTTCATTGTTTTGAACAATAACCCAGGGCTTAGAGAAAGGATTTTGGCTATCCGGTTTTATGATCCCGGAAAAATGACGTGCAAGCGTTTGTTGTGATTGTGAATGATAA
CP175953.1_gap60	2593908	2595983	2075	TATTGATCCTTCTTATGACCTTAAAGTGAAAGAAGTGTCCGACTTTTCTAACAAAGGAAAACACACCACAACCTATGCTCAATTGATTCCACTCAGTTTTGGTGGATACCTGGCAGACACGCCGGGAATCCGGGAATTCGGGCTCGTTAATATTGAACCATGGGAATTGTCTCTATTTTTCCCTGAGATGCTGGAACCCAGAAAGGAATGCCAGTTTAATAATTGCACGCACGCTCATGAACCGAAATGCGGTGTAGCAAAGGCTTTTGAAGACGGTGAAATTGCTGTCAGCCGGTACAATTCATACCTGAATATGCTTGATTCCCTATAAAAGCGATATTTTCCAAACCCCGGATACAGGTATTCCCTCTCTGCAAAATTATATAGATATTAGGACATAACACTCAACAAATATCAGGAGTACGAATGTTTAATAAATTCAAAAAAATAACGAAAGGCTTATGTGCCCTATCTGTCATAAGCCTCGCTACAGTCGGGAATGCACATGCACAACTCGGGGATGCCGGAGCAATTCTAAGAGCAGGTGCTGAAGATGCGAATACATTGATGGAAAGCTATCTGGCACCTTACACCAAAGGTTTTGGAGCCGGACTGAATACAGGGTGGTTCAATACCGCTAAAGCTCATCCAACCCTTGGCTTTGATATAAGCCTGAATGTATCGGCTGCCGTTATTCCGGGGTCTGATCAAATTTTTGATGTCAGCCAGCTTGCTCTTCAGCAGTTAGAAGTGGTTTCAGGTGGTTCTGAAACGCCTACGGTTGCCGGAGACAAAAGCACCAATACCGAAGTAGGTATCTTTGCCACTAATCCTCAAAATGGAAACAGAGAAGAAGTGGCTCGTTTTGGGCTTCCTGGCGGATCAGGATTTCCATATGCACCTGCTCCTATGATTCAGGCAAGCCTTGGTATTGTTAAAGATACCGACATAAGTCTGCGTTATATCCCGGAATTCACAGCCCCTGTAGTTGATGCCGGCGTTGGGTTATTCGGAGTCGGTGTAAAGCATGGTATCAATCAGTGGTTACCAGGCGGAAAATTATTACCGGTCGATCTTTCTGTTCAAATTGGGTATAACAAGTTTAATGCGAACGCAAACTTTAATGTAGATCCGGAAGAAGGTTCTGACATTTACAACCCTTACAACGCATCTCAGTGGGACGGCCAGGGAATTGACTTAGAAACCACAGCCACCACCTATAATGCCATTGTAGGTAAAACAGTGCCATTCGTTTCTGTCTATGGCGGGATTGGTTTCGAAACTTCGAAAACTTCTCTTAAAACACCCGGTGCCTACCCTGTTACCTCTTTCAACCCGAATTACAATCCGAACTCTACTGATCCGGAGACTCGGGAAAAGAGAATTGAATCTGTGGAAGGTCCCATCGACCTGGAGATTAAGGATAATAACTCCATGCGTGCTTTTGCCGGTTTGAGATTCAGCCTTGCAGTATTCAGAATTTCAGCCAGCTACACCATCTCCAACTACTCTACATTTAACGTAGGTGTTGGTTTTGGTTTAAGATAATCCGGAATCATTTTTTCTGATTAAACAAAAAAGGCGCTCACTTGAGCGCCTTTTTTTATACAGCTATATATTCAAAATCTAAGCTCAGGCAAGCTGATGATCAGCAAGCAACGGACTCTCAACCTTTTCATCCGATTCAATGATTCCGTCTCGGAGCCGCACAATCCGTCGGGCGTGATCAGCAATCTCTTGCTCGTGAGTCACCACGATAATAGTATTACCCTGTCGGTACAGCTCTTCAAACAATAACATAATTTCTTCCCCGGTTTTGGTATCCAGGTTACCGGTTGGCTCATCAGCCAGTAGAATGGACGGATTGTTTACCAGCGCACGAGCAATGGCTACACGCTGTCTTTGTCCACCGGAGAGCTCGTTAGGCTTATGGTCGATACGATCGCCAAGCCCGACCTTGGTCAATACCTCGGTAGCTCGCTGTTTACGCTCTGCCGACTTCATCCCCGCATAAATCAAAGGAAGTTCAGCGTTAGCCAGGCAGGAGGTTCGGGGCAACAGGTTAAAGGTCTGGA
CP175953.1_gap61	2667232	2670998	3766	TCTTCACCATACAGTGTTACCGAATCAAAAGCCGTGGAAAGTCGTGCAGCCGGCATGCCTTCACTCACGTAGTGAAAACGTTTGTTGGTTCGCTCCGGGGTTCCTTCGCCTGCAAACATGCGGGTGGGGTCTTCACCCTCCCTCTTGAACGGGAATACACCTGCGGTGTATGGGAAATATCCCGGCAGATTTTCTTTCAGGGCAAATTTCAGCTGCTCCCCTTTGTTCTTTGTTTTGGGAAGAGCCACACGTGGAATCTGTAATCCACTCAGCGATTCACGATATAATTCATTCTTGAAGGTCTTGTCGCGGATTTGAACCTCAAAATGTTCTTGCTGGTATTGCTCAAATAATTCATTCCAGCCATCCAGGATTTTCTTAGGCAGCACGTCCAGCTTAGTAAGCCAGTGCTCTCGCATTTTATCCAGGTTATCCTGCATCACCTGCTTTTCATCCGGATTCCAGCTTTCCAGCTGATCCATGGTTCCTGAAACCTGATCCAGTTTGGAAGCGGCATCCACCTGCTCTTCCACCCACTCGTGGTAATCACGAACTGTTTCTGAAATTTCGGATAAATACCGAACCCGTTTTCCGGGAATAATGGCCTGCGCCTGAATATCCTCAGCCGGCTTGGGATTCGTATAAATTTTGGTTTCCCAGCCAATTTCATAATGGCCGTTGATCTTATCCACCAGGGCCTTGAACAAACGGTTCACGCCTTCATCATTAAACTGTGCGGCTATAGTTGGGTACACCGGCATATCTTCCTGCTTGGCATGCCATGAGCCCGTGTTTCGAATCATTTGCTTGCGTACATCCCGCAGAGCATCCAATGACCCTTTCTTCTCAAACTTATTAAGCACCACCAAATCAGCGAGATCAAGCATGTTAATCTTCTCAAGCTGTGTGGCTGCCCCGTATTCACTCGTCATTACATACATCGGGATATCGGTGATATCCACAATCTCAGTGCCGCTCTGCCCGATTCCGGAGGTTTCCACTATAATGAGGTCAAATCCGGCTGCTTTGTACAATTCAATGGCACCGAGCAGTCCTTTACTGGTAGATCGATTGGATGCCCGGGTAGCCATACTGCGCATAAATACCCGGTCGGTGTCGATGCTGTTCATGCGGATGCGGTCGCCCAACAAGGCTCCGCCTGTTTTCACTTTGGACGGATCTACGGAAATGATCCCGATGGTCAGGTCTTCAAACTCAGTTAAAAATCGCCGAACCAGTTCATCGGTCAGAGAACTTTTACCGGCTCCACCGGTTCCTGTAATCCCGACCAGGGGTATGGTTTTATCGGATAATTCAATCTCCTTGCCTTTCCCATTAAGGATCTTACCATCTTTCAGCGCTAAAATGTCTTCATGTTCATTCTCAATAGCCGTTAGCGAACGGGAAAGGGCAATCGTATCATGTTTTTTGAGTTTCTTGAAGTCGGGCTTGGCAACAGAAATGGGATCGAAATCACATTCCTCCAGCATGAAGTTGATCATACCCTGCAGACCCATTTTACTGCCATCTTCAACAGAAAAAATGCGGGTTACGCCGGCTTCATGAAGTTCTTCGATTTCATCCCCAACAATAACTCCGCCGCCACCGCCAAATACTTTGATGTGTCCGGCTCCGTGCTCTTCAAGCAGTTCAATCATATACTTGAAGTACTCTACGTGTCCGCCCTGGTACGAGCTGATTGCAATACCCTGAGCATCTTCCTGAATAGCACAATTCACGATTTCATGCACCGAGCGATTGTGCCCGAGATGAATAACTTCGGCCCCGCTGCTTTGCAAAATTCTGCGCATGATATTGATACTGGCATCATGACCGTCAAACAAACTGGCAGCCGTTACAAAACGTATTTTATGCTCAGCCTGGTACGGCTCTTGCACGTGGTTATTCTTATCTGATTTTGCTGCAGCTTTCTTAGCTGGTGATGTTTTCGTTTTTACCGACATAATCTTTTTTCTTGATAGTGGAAGCGGTTCCATAAGATATGGATTTGAACAAGAAGTATTAAATACCTTAATGGAATATTATATCTTGCTCAGGATCTGGCGTTTTCGCCACTTTCAATGCTTTTTGGAGGATCGTTTTTATAAACCAACGTTCGATAAGGGAATGGTATTTCAATTCCTTCGGCGTCAAATCTTTTTTTGATGCTTTCCAGCAGGTCACACCCCATTACAAATGCATCCTGTGGGTTACTTGCCCAGCTCCAGGCTCTTAAGTTCACCGACGATTCTCCCATCATCACAACCCTAACCGGTACGATATCATCACCGGCCTCAATTTGCTCTTCCGTCCGCACATCCACAAAATGTGGATGTTTGAGTACCTCTTCTTTCATGATTTTTTTAGCAAGATCGATGTCAGAATCATAACTGATGCCCATATCAATCCACTTACAGATTTTATTATCCTCGTAGTTTGAATTTATGACCACCTCATTGCTGATCACGGAATTGGGAATAATAATGCGTTTGTTTTCAAAATTACGGATTACGGTGTGGCGGAGATTTATGTCTTCAACAACACCGGTCAAGTCAGTTCTTACCTGAATTCGGTCTGAAATCTTGTAAGGTTTAAACAGAACGATGAACAAACCACTGATCACATTGGAAAGAGCAGCCTGTGATGCAAAACCAACCGCTACGGCTAATAAACCTGCACCGGCCAGCAGGGAAGCTGCAATAACCCGAAGCTGTGGAATCATGTAAATAGCAAAGCTGATACCGGCCAGGTAAATCAACACGATGATTGAGCGCTTGAAAAACACCAGGCTGGTGACATCATCATTGTCTTCCGCCTCACGATTTCGTTTGATAATGGCGTTCAAAATCCTCGACGTGACCCCTGCAATCACAATGGTGATGAGAATAATCACACCAATTAGGATGGGCAGGTGCCAGATTTCATCAATGTAAGTCGAAAGCAGTTCTTTCATGGTTTTAGTCGAATGTGATATTTACTTCGGAAGTAAATCCTTCCTGAACTTTTAAATTACGTTGTACATAATAGTGCTCGGGGGCGTTAAAGGGAATTGCCGTGCCGCGATCCCATTTTTCATTGCCATTCTCGTCTCTGAACAGGATAAGGGTATAAGAAAGCGGGGGCAAACCCGTAAGTACGGTTGACTGACGAAATGAGGTAAATACCCATTCCTCTCCTCCCGGCGATAGCAGTTGTACAAAATGAATATCGGTTGAATCTACATTTTGGAGGTTGATTTCAATATCCCCGTATTCGGTAGAGTCCCATACTTCCGGTTCAAATAGCTTTCTTCTGAGCGTTTTAGGATTCCAAACCAGGAATTGGTAATCGACTCCTTCAATCCACTCCCCCTGCGGTGCCACCCATAATTCGTTTCGGTTTGTTTGAACCTCGGGCCAGTCCTCAAAATCCACCTGTCCCTCTATAACCACCAGTGAGTCTGTTATCTCCGGCTCCGATATCGGGGCGGCGTAAGTCACTTTAAAGACTTCATCCTGAAGTAATCCATTGGTTCCGTTAGCAGAAATGATACGCTGACTCGTAGTGTCTTCCTGGGCGGTTCCCGTAAACGGCATCTCTTCCGTTTCAAGTGGATTACCCGCACCATCTGTAAAACCGGATAACCGAAGCGTGTATTCTGTATTTTCCAGTAAAGGCTGTTCGCTTTGGGCAAAAACCACAAAAAGCTCTTTTTCAGGAATATACAGTGGGTAAGCCGATGTATAGTTTTCGCCTGCTGAATCCTGAACCACTAACTCCGCATCTT
CP175953.1_gap62	2687284	2688432	1148	AATCAATCTTTTAGAAGACTTTTTATCTTTGTCATCTCTGGTTTGAGGTATATTGTTAGTTGTTGTATCCCATTCTTTTTTAAGCCAACAAATAGCTTCATCTTTCTCTTTTTCAGAAATTGACAAATGATCAAACCTAATTAGTTCGATCAGTCCTCTTCTTATAGTTCCTAAATCAGAATGAATATCCGATAGCCACTTGTTTGCTTTTGTTTCTTCAGTAGATTTGTTTAAATCTTGAAAATGCTCAAGTATTCTAATTCTTATATCTTTTTCCATAACATAAAATTTAGTCAATGAGTAGTGTTACAGGCTTACAAGTGGCCCTAATAATCTATATAAATCATACTTTAAAAGTCTAATATCTTCTTAACTTAGACAAAACTGCTATCAGAAATAATTAAATGGACCCCGTCACCCACGGACTTATCGGTGCCTCAGCTTCGCAGTCGTTTGCAGATAAAAGAAGCTTTCGTGCGGCTGCTTTCACCGGACTGGCTTCCGCCATGCTAGCCGATCTGGATATATTCCTTGGCAGTGCCTCCGATCCAATACTCAACCTGGAGTTGCACCGGGAGTTTACCCATTCCATCGTGTTCATCCCCGTTGGAGCGCTGGTGGCTACTCTCCTGCTCTGGTGGTTTGTGAAGAAGTACCTTACCGTCAAAGAAACGTACCTGTTCAGTTTAGCCGGTTACGCAACTGCCGGCATAACCGATGTCTTCACCAGCTACGGCGTGCTCCTCTTCTGGCCCTTCAGCGACACCCGTGTTTCCCTGGATATCATCTCCGTCTTTGATCCACTATTTACATTTGGAGTTATCCTTTTGACCGGCATGGCTTTCTACAAACGGAAGCAACTCTTCGCCTGGCTTGCCCTCGGATGGATGGCCTTCTACCTCTTCTTTGGATTTACCCAACAGCTTAAAGCAACGGAGGTTGCCCGACAAAAAGCCGGACATACAAACCACGAGATTCATCAGCTGATCGTAAAACCCACCATTGCCAACAACTGGCTGTGGAGCATTCGTTATACAGCTAACGATAGCCTACATACAGCCGGCGTAAAACTCATTCCCTTTTCTGATCCCGTAATTTACAACGGCGAAAGCACTCCGCTAATGGATTGGGAATCAGCATTCAGATCG
CP175953.1_gap63	2701244	2702773	1529	CCTTTCGGGAGGACCAGAAACAGACCGTGACGGAGATCAACTTATTCAGCAGTGGAAGGTGAATAATCGCCTCATCGATGATTCCACCTTCACCCCCACCCAACTTCGGGAATATCGCATAACCCTGATTCAGGATGACGGACGTGGGATATCTAACTCGGTAGATTCGGCTGTGGTTCATATTATTCCAATCGGCCATCCGAATATCGATCCCGAGTATCCAGAGCAAATCAGTTTTGGGGGCAGCCTTTCCATCAGCGACCTGAAAATACCCCGGCAGAACGACTGGAAGTTTGTAGTGGACGGATCCTATCAAAACAGCTGGTCGGCCGATACCCCGGGTCCGGACAGCCTGCACCTGATGTGGTTTTATGAGCAGCGGCCCACATCGTCTGTGAAATACCCTATCGTGGTATCCGAGCCGCTACGGTTTACAAATGAAGCCGATACCGTCCGGAATGCGGAATGGAATCCGGCTAATCCTTTTACCGTAATCAGAGCGCCGGAAGTAAACCGTGAGGTTTCACAGGTTAAGTTTACCTGGCTGCAGGACGGGGAAGAAATTGGAGTTGGATACCGCATCAGTCTGCCGGTTCAAAAGGGAGAGAATCGCTTCAGGGTCATAGTTCGAGACTTGCAGGTGAAACAATCATCACCCGTTGAAACCGAAATGGTTATTATCACTGAATAGATCAGTATCTGCAAGATAATATTGGATTTAAAATATTCTATATGGTTTTATTTTCAGTAAAAAAGATGGTAACATTGAACGTTTTATAATTAATCATCAGGCTTCATTTGAAGATTGTTATTATTGGTGCCGGAGAGATTGGATACGACCTCGCCAGCGTACTTTCATCAGAAAAACACGACGTTACCGTGCTTGACCGTGAGAAAGAGTGCCTCAACAAGGTATCAGATTCTCTCGATGTGCTCACCATAGAAGGAAATGCCACCTCCGTTAAAGATCTCGTAAAAACGGATGTAGCTAACGCTGATATACTGATATCGGTTACCAGCATCGATGAGGTGAATATGATTTCCGGTATGATCGGGAAACGACTGGGGGCAAAAATGGTTATTGCCCGGATTCGCAGCGACGAGTTCTCTCAGGATAATGCTCCCCTTACCCCTTCCGATCTTGGTATCGACGTAATGATCCATCCCGAGCTGAGTGCCGCCCAGGAAATCGCCCAGTTGTTGAAGAGGTCATCAGCCAGTGATGTAATTAACCTTGCGGAAGACCGCATGCAGCTAATTGGGATACGCCTGGAGCCTGATTCACCTTTAATTGGCAAATCCTTAAATGAATATTCAGCCCTTCACTCTGATGTCACTTTTCGCGTGGTAGCTATTGGTCGACGTGGCCGCACTATTATTCCCAATGGTTCAGTAAAACTTCAGAAATATGACCAGATGTTTGTTCTGGCTAAAACCGAAAACATTCCCTTCATCATTGAAACGACTGGTAAAAAAGAGATGGAATTGAATTCGGTGATGATTGCCGGTGGTTCCGCTATGGGAGCCAT
CP175953.1_gap64	2731109	2733526	2417	TACATCTTCAAGCTGTTCCAATTTATGCTTGATGGTACCGTCAATAACTGTATCAGCTATTTTTATGGCCATACCGCCTTTCAGGTCTTCCTGCACTTTAACTGTGATATTCACCTTTTTACCGGTTACATCTTCCAGTCTTTTTATGACCTGATCTTTTTGCTTGTCATCCAGTTCGTTGGCAACAAACACTTCTGCTTCTATGATGCCTGCATATTCATTGTAGATATCAGTAAAAGCATGCGTTATTTCGCCAATAATGTTTTGACGATTTTTACGCGCAATCAGGTTGACAAACCTAAACACCAGTTCACTAACTTTTCCTTCGAAAAGAGCTTCCAGTGCATTTGCTTTTTTATCTGGCTTGATAACCGGGCTCTTCAGAAATAACTGCAGATCACGGGATCCTTCAACGGTGTTCTTTATGAATTGAACATCCTCGAAGGTGCGCTCTACTGCATCCTGTTCTTTAGCGAGCCCTAAAAGTGCAGTAGCGTAACGGCGTGCCGCTTTAGATACCAGCATGAATTATTATTAGTTTTTTGGAAGGTTAGATAAAAAATTATCTACCAGCTTGTTATTTTTTTCACTGTCAAGTTCGGCATCAATGATAATAGAAGCTGATTCTACGGCAAGTTTTGCCACTTCTTTCCTCAATTCAACCAAAGCTTGTTTCTTTTCTTGTTCAATAGAGGTGCGAGCTTGCTCAATAAGTTGATCAGCATCTTCCTTAGCTTTCTTAATACGTTCTGCACGTATCAATTCAGCTTCCTCTACTGCTTCTTTTCGAATCTGTTGTGCTTTTACTTCTGCTTCCCGAAGAGCTTTCTCATTATCTTTAGAGATTTTCTCAGCTTTCGCTAATGCATTCTCAGCGGATTCTAAAGACTCCTTAATATTTCGCTCTCGTTCTTGGAGCGCCGTCATAATTGGCGGTACAGCATATTTTGTCATCACCCAGACAAATACAATCATGGATATCAAAATCCATAATGCAAAACCTGTATTAAATGACAGAAAACTGCCGCCTGCTAAAAGTAGAGTCATCTTCTACCTGTTTTTATACTTGGATTCCAAGAGCAAGAAGAATACAAATAACTGCACCAAGAAGGGCAACACCCTCAATGAAAGCTGCAGTTAAGATCATTGCACCACGAATATCACCTGAAGCTTCAGGTTGGCGTGCAATGCTTTCCGTAGCTGCTTTACCGATCATTCCGATACCGATTCCGGCACCAATTGCCACGATTCCAGCACCAATACCAGCTGCTAATAGTCCCATAGTTCTATAAGTTTGTTTATTTAGTTATTGTTGTGTTTATATAATTATGCTTTTTCAGCAATATGTTCTGTATGATATCCTTCTTCCGCATGCGCATGATCTTCTGCTGCCATTCCAATAAAAACAGCTGAGAGCAGAGCAAATATGTAAGCTTGTAATAGAGCTACGAATGCCTTTAGTGCGTATAGTGCGGCTGTTAATGCAACAGAAACCACACTTACTCCATAACCGGCCGCGGCCCCAAATGCTTCTGCAAAAATAAAGATCAATCCCAATACTGCTATAATCATGATCTTACCGGATAACATGTTTGCGAAAAGTCGAATAGCAAGCGCAAAAGGCTTGGTAAAAATCCCAAGTATTTCAACAGGCGTCAGAATTGCGCGAACCCAGGTTGGCACTCCTGGGAACCAAAATATATGCGCCCAATAATCTTTTGTACCGCTAAACTGGGTAATAAAGAATGTGATAACAGCTAATGTACCTGTCACGGTAAGGTCGGCTGTAGCAGTTGCTGCCCAAGGCAACAAGCCAAACAGGTTCATAAATGATATTCCCATGAATACCGTAAATAAATATGGTACGTAACGATCCGCCTTAGTTTTATCAATATTTTCTCTTGCAATATCGTCCCTTACAAAGACAAATAGAATCTCAAAAATATTCTGTAACGCTCCTTTTGGTTCAACGTTACTACCAATCCCCTTTTTATAACGATTAGCCATATATATAGTTAACCAAATTACGGCGCCAAGGCTGAACCAAAAATAGATTAGGTGAGAGGTAATGGAAAGATCAATTATCATGCTTCCACTTACCGGCTTAATAACACCGCCAATCGCCTCAAAGTCACTTGAAGAAGCAGCAGATTTTGTACTTGAATAGAAGCTTAAGCTTTTCACTCCATCCTGGCTTTCCCAAAAGAAAATGCGTGGCAGGTAAAGCTTAGCACCAAATGCTTTGAAATAGTCATGATCTGCAACAGTTCCAACAATATCGATAACAGGTTCATCATCAGAGTTATCCTGAGTATCACTTGCGAATGTATTTGAGGTGCTAATCGATAAAAATAAAAGAGTTAAAAAAACTCGACGCAGGGTTTGAACCATTTTAACTGCTACTCTTTTTGTAGAAT
CP175953.1_gap65	2811567	2812949	1382	GCGGACGTAAAACAGAAGATGCAGAATCAGGAACCCGTGTTGAAACGGCTTCCGATAAAAAGAGTCCGGAAGATTTTGCTCTCTGGAAGAAAGCGGAAGATAAGCACATCATGAAGTGGGACTCACCATGGGGTGTTGGCTACCCAGGCTGGCATATTGAATGTTCGGCTATGAGTACAAAATATCTTGGGGAGAGTTTTGATATCCATGGCGGCGGACTCGAAAATCAGTTTCCACACCATGAATGTGAAATTGCCCAGGCCGAATGTGCACACGACAAAGATTTTGTGAAGTACTGGTTGCATAATAACATGGTAACGCTGGAAGGCCAGAAGATGGGGAAATCGCTTGGAAATGCGATTAACCTGCACGAGTTTTTTACGGGTGATCATAAACTGCTGACCCGAGCCTGGCCACCGGAAGTCATTCGATTCTTCCTGCTTCAAAGTCATTACCGAAGCACTACTGATTTCTCTGAAGAGGCTTTATCCGGAGCTGAATCCGGCTTGAAGAACCTTCACTCCATGATTCAGACTATCGAACAAACAGAGCCCGGTGATGGAAAAGAATTTGATCTGAAGAGCTTTAAAGAAGCATTTGAGTCATCGATGAATGATGATTTCAACTCGGCTCAGGCTATCGCCATTTTGTTTGAGAAGCTAAAGGAAATTCGAAAACGAATTAACGATTCAGACGTTCCTTCAAACCTGGATGAGATAAAAGTATTTCTGCACAGCGTAGTGGAAGAAGTGCTCGGAATTTGGCCGAAGGAGGAAGCCGGCGGAGACGAACAGTTAACCAGCGATTTAATTGAGCTGTTGATTGAGATCCGTAAGGATGCCAGAGCCAATAAGAATTTTGAGCTTTCAGATAAAATCCGGGACGACCTGAGTGAACTGGGTGTTCAGCTTATGGACGGCAAAGATGGTACTTCCTTCGAAATTGACAAATGAACTGGCTGAGCAACATATTCAGCCTGCTGATTGTCAGCTTAGTAAAGTTTTATCAGGCAGCTATATCACCCTGGTTGGGAAAAAGCTGTCGATACTCCCCCACTTGTTCCCGTTACATGATTGAAGCGGTTGAAGAATGGGGACCTTTAAAAGGATTTTGGATGGGCATTAAACGAATAGGGCGATGCCATCCCTGGGGCGGCGATGGATACGATCCTGTTCCTAAAAAGAATACAGAATAACGAATATTGAACATTGAATTACGAAGTAATGAGCAGCATTAATTTCAAAGAACGAAAAACCGTAGAACAAGTTGAAGAAGGAACCGAGCTGGCTCCTAAATTCCAGGAAGACGGACTGATTCCTGTAGTAACCACCGATTTCGAATCCGGTGAATTGCTGATGCACGGTTATATGAACGAGGAAGCC
CP175953.1_gap66	2989222	2991993	2771	TGTTTGCCTCGTCAGCAATTTGTTGCATGCGGGCGCCGGCGTAGCCATCCTTTTGGAAAACCCGGGATGCAGCTTCAAAAATCAGTTCTTCTGTATCCTTTTCTTTGTCAGTCATGTCTGTCTTTTGATTGATTCTGCATCAAATTTATACCAGAAAAAGGATTTTTTCAACCATATGGTTGAACTTGTTGGTTAGTCATTTTAAGGATATGGTTCTCCCATAAAAAACAGCCGGATAGAATTCTACTTCAGTGACTAAATCAGATCAGAGATAGAAAATCTAATCTATTTTAAAGGGAAAGCAGTGCGTCAATAACTCTCATATTGGCAACGGCATCATTTAAAGGAGTGGGGACATCCCTATTCTCGATAATGGCTTTTGAAAAAGCATCTCCCTGGATTGTGTAATGATTAGCTTGTAATGTTTTCTCTTTCAGAACTTGTCCTTCTCCGCTTGTAATTCTTATGGAAGCCTGGCTTTCCTGCGGGTTAAAGGGTATATCCATTTCAATAATACCCGACGTTCCATAAATGATGAGCTTTTGATCGGGACTGGCAAGGGTAGAACAACTAAACGTGGCTGTTCCTTTCGCGAACCTGAGAACGCCTGAGGCTAACGTATCAACCCCAAAGTCCGGATGAATTTCTACCTCCCCTTTTATATTAATAGGTTCATCCTCAAATAAATAACGGGAAGCTGAAATACAGTAACAGCCTATATCCAATAAACCGCCGCCGCCCATATCTGCTTTGTTTCGGATATTTTCAGGATCATCATTGTAATAGGTGAAAGAGGAATGAATGGTTTGTATTGCACCAATTTCTCCATCATCAATCCATTGCTTAATCACCTGCCACTGTGGATGGAAACGATACATGAATGCCTCCATCACTTTAAGTTCCGGATATCGTCCCATTATTTTTACCAGCTCCTCAGCCTCAGCCAGATCGATAGCTATGGGTTTTTCACAAAGCACATGCTTGCCTGCTTCCAGTGCTTTTATGGTCATGGGAACATGCAGATGATTAGGAAGAGGGTTATAAATTGCATCAATATCTTCATCCTCTAAAAGTTCTTCATACGACCCATACGCCTTTTCAATACCCAACCGATCTGCCACTTCTTTTGCCCGGTCCTCCTCTCTTGATGATATAGCCGATATTTTTGATAACTCTCCTTTCTGCATAGCCGGAATAACCTGCTCTACGCCGATTTTTGCTGTACTTAAAACTCCCCATCGTATAAAATTCATTTTGTACACCGTAAGATTAACGTTTCAGTAAGAGTAATTACTTTTTGGATCACCTTCACAAAATATTCACAATGCATGGTTAGTTTTTGATCAACAAAATTAAAACAGGTTGGTAACCACACTTTGGTGCCGCAACTAATAAAACAGACGAATACTATGAGAACTCTATTTTCTTTATTAGCAATTTTTGCTTTCGCATTCACAACAACGGTTCAAGCTCAGGATAAGGTTGAAGTAACCATCGAGAGTAACGACCGGATGCAATTTGACTTGAACGAAATTAAAGTAGAAGCAGGACAAACCGTTGTACTAACCCTTAAGCATGTTGGAAAACTTCCTAAAGCTGCAATGGGCCACAACTGGGTACTGCTGAAGCAAGGTGTTGACATTCAGGCGTTCGGATCAGCTGCCTCTAAAGCCGCTGGCAACGAGTACGTCCCGGAAGGCACCGACGATGTAATTGTACATACAAAACTAATTGGTGGCGGACAAGAAACTACCATCGAGTTTACAGCTCCCGAAGCCGGAACCTACGATTACATTTGTAGCTTCCCCGGCCACTACGCGCTGATGAAAGGTAAACTAATTGTAGAATAAGTAGTTATTTAGCATTTCTAAAACTACTCGTATTATACCCTGAACCCCGGATTTCTGATCGTTTTCCGGGGTTTTTTATTTCTGAAAATTTACTCCAGCTCAGCAATCTCTTGCTCAATGGTGGTATCTCCCTGAAGCAGCTCCAGACTTTTCCCGAAGCTTTTTTCAGCATCCAATAACCCAACTATTACCGACGCTACATCATCACGGGTGATGCTTTTCGTATCAAAGGAATCAATCCGCTCTTTAAGTTCCACATTGCCGGTCCCCTCTTCATTGGTTAGCTGTCCCGGCATCAGCACGGTGTAATTTAAATTCGAATCTCTGAGATGTTCATCGGCTTTGGCCTTGGCATCATAGTAATGTTCCATAGGCTCAGACCATGTTTCCGGGTCACGATTGGCCTTGAGTGCACTCACCATAATGAATCGTTCTGCACCTGACTCCTCTGCTTCGTCAATTGCTTTTATGGCTCCGTCCCGGTCTATGACCTTAGTCTGAGATTTAGGGGTATCTCCGCCCGACCCAGCCGTAAATACTACCGCATCAATATCCTGGTAAGCGTGGCTGAAATCTTTCTCCAGGTCAGCCAGCACCGTGTCAACACCATGCTCTTTAAACTGGTCGATTTGCTCCTCTTTCCGGACCATCGCCACCGGATTGTGCCCGGCTTCCTTCAACTGATCGACCAACCTGTTTCCTATTTGTCCGTTCGCTCCTATAACTAATACGTTCATTATCTTTTTTTGAATTGAATTTCAGTAAGGTAAATGACTGTGAACCCCTTTTCGTTTCGGGCACGTTAGTCCGGTCTGCCCGCACCTTTTTTATTGTTATCCTCGTCCCGACCGTCCATTTTTTTCTCGTTCCGAACGTCCACGTTCGGAACGCCTTTTGGAAGCTCCTGCTTCCACTAAAAGA
CP175953.1_gap67	2995623	2998747	3124	TATTTGTTTGGGCCACCATTCTGATCTTTCCTCCAAATTCAGGTGCCCTATATCTCAATCGTATCTCCCCATCTTCATTAGTAACGGTTTCTATTCGCCCTTGAGCTGAATCAGCTTCTGCTATATCTACTATCCAACCCATTATATTTTGTGGGGGCTGTGCAAGATCATTTCCACCACTATGATTATGGCCTCCGGAACCTTCAATCCATTCAGTACTAATGGTCACCCCTTGGTCAGATATTGGGCTACCACTATTAAACATTTTCACAATTATTTCTCCAATTGTATTATCTACTTGTGCAAAATCAAATAAAGTACTCGCTCCACCTTGAGGTATAGATGGCCAAACCTGAGCTGAATCTGGTAACATTATTTCAATCTGGATAGATGGTTGAATGGTCACCGAAATATCTTCTTTCGTCCTCGTTCGGAACGCCTTTTGGAAGCTCCGGCTTCCAGTACAAAAGAACCTTCTACTTCACCAGCAGCATTTTACGTTGTTCGGTAACCTGCTTGCCATTCTCTGTTTCGACTGATTCCGTAGTAGCAGAATCAGCAAAAAGCAGAATTACGGCACTCATGTCCTGATAGCAAAAAAGCAGCCCAAATTATTTCAGGCTGCTTCAACCAAAAGTTTTAGTTTTTTTGGGGAATTAAACCTTAACCCACCCGAAACTTCAATTCGTCAATTTTTGAGAGAATTTCATCCCGGTTCATATCCCGGTATCGTTCAGGCAGTAATTCCTTGGACGTACATTCAATGACGGCACTCAAGGTCTGAAGCTCTACTTCCTCCGGATAGGTTGGCGGAAGGAAATCGGCCAGTGCAGCATCCAGGACTTCCGGGGTTACTTTCTTCTTGCCTTCTGCAGCTGCACGGAATTTGGCCCGGGTTAAAGCTGCTTCCATATCTGCACCGGAAAAGGTTTTAAAGCCTTCTTCGATTACCGCAGGAATGTATTTCTCAGTCATCTGAAGGCCGGTTTTCTTCCGCATGGCTTCAAAAAGTTCCACGCGTTCTTCATTGGTATGAGGCGGGAACAGGGCAAGGTGTTCCTCGGCTCTTCCCTGTCGTTTCAGGTCAATAGGCATGAGGTCAGGTCGGGCCGTCATCAGGAACCAGACAATGCGTCCGCGGTTGGTGGTATCACTCATAAAGGTAGCGATCTGTGAGAATACGCGACTTGAAACTCCGCTGTCCCCGCTTGCATCACGGTCGCCAAGGTAGGCGTCGGCTTCATCAATCATAACCGCTACAGGGGCCATAGCTTTAAGCAATGAAAGTATCTTCTCCAGATTCCCTTCGGTAACCCCTTGCCATTGGCTTCGGAAGTTTTTGAGTTTCACCATCGGGATGCCCACTTCGCTGGCAAAACAGGTCACTAAAAAGGTTTTACCGGTTCCCACCGGACCACAAACCAGATATCCCATGGGCATTACATCCTGCCGGCCGGCTTTCAGCGCTTTAACGGATTGGCGTAAATGCTTTTTCACATGGGTATGTCCGGCCACATTATCCAGCGAGTACTCGGTTTCCACGAACTCCAGCAGTCCGTATGCTTCTGCTTCAATCAGTTCCTTTTTGGTTTCGGATAAGCCGTCAAAGGTGATCTTTTCTTTATTCTCCCGGGCATGAGATAACACGCTCCGGATGTTTACAAAATTCAAGCCTGCCGTTTGCTGAGCTACAATCTCCGGTTTCACTTCCGAAATATCTTTCCAGGTGTCATCCCGGGTTTCGTAGTCAATAAAATCTCTTCGTTCCTGCTCGGCGGGGATATCAATTTTAATATCCGTGGTGTAAGGGTTTTGGACCAGTGTTTTGTTCAGGTCGGCCAGGTTCTCGGTTATCATCACGGTGGTAAAATCGGAAGCCAGGAACATAGGGTCATGGGCCCATCGCGATAAATAGACCATGGAAGTCCGGTCTTCATTCCCGATAGAAGCTGCATCACTCATTGGCACAATGGTCTCGGCATAATCGATGATCAGTGCCACACTTTTCTTTTGATCGAGGCGGAGACGGAAATACTGCTCCAGCAGCGACATCACCCGAACCGGGTCTTTCGGCATTTTCTTGGCGTATTCGGTGCCCACCAAACTATCCCGCCCGGCAATGGCCTGATTGAAATCAGCCTGAGACTCTTTATCCCGAAAATAGATACCGGAAGCGCGGTCATAGAAAATCACAAAGTCACGAGCCCCGAAAAATTCATCCGAGAGAAAGGATTTAAGGCGGTGAAATTCCGTTCCTTCATCGGTTTTCAGAGAAACCAGGTCATGAACGTTTCCGTGCAGTATAAACTGATTAATGGTTCTGCTCAGATACTTCCGGGCAAATTCGCGCGACCATTTTGGATAGTGATCAAACATGTGTTTTACGTTATGAAAGTGTGAAGGTGTTTACGTGCGAACGTGTTTATAGATTTCCATTTGTAAACACGTTCGCACGTAAACACATAATTACTCGATTAAAATGAGCTTAACCGTTTCAATGCGGCTGGGTGTGGCTTTACTGATAATGAATTTTTTGCCCTCAATCACCACTTCCTCATTTACTTTTGGAATACGCCCTAAATGATTGATTATGAATCCCGCTACGGTATCGTACTGAGAAGGTTCCAGCGGAAGTTCAATTTCTGCAAATTTTTCCATCAGCTCATGGATCTCCACATTCCCGCTTACCACATAGGTATTTTCGGAAAGCTTCTTCATAATTTCATCTTCAACATCATATTCGTCCTGAATGTCACCCACTACCTCTTCCAGTAAATCCTCGATGGTGACCATCCCGGCAGTGCCTCCATATTCATCCAGAACGATGGCTACCGACATATTCGACTGGCGGAATTCGGTGAGCAAAGCTTTCGATTTTTTACTGGACGGCACCAGCTTAACCGGACGTATGATCTCGTTCAGGGATTTGGGCGAATGGAAAAAATCGTGCGCAAACACAACCCCAATCACATCGTCAATAGATTCCCTGTACACCGGGAGCTTGGAATGGCCGGATTGTATAAACATATTCAGCACTTCTTCAATAGGCGCATCTTTTTCAACCGCTTCAATTTCGATGCGGGGTATCATAGAGTCTTTAACCCGCTTATTGGAAAGCTCCAAT
CP175953.1_gap68	3087185	3088023	838	GCCTCGCCGGTAATTTCAACCCGGGAGGCAATGGGCTCAATGCTGATTCTAAAATTCCGGCTGCTTGTAAATGAATAGCTTGAGTCTTCTGCCATAATTATGGTTGTATCTTCATCCTCATCAATAAAATCCAGCTTCCAAAGACTCGAAATATTTTTAAAGCCAGCCCAGCTGATCGTGAACTCACCGGAAAAACCGGCATCTTCCATTTCCAGGTCATAGACCTGCACCGTATCGGGGTATAAATTCCGGGCATCCTGAACCAGGCGCTCGCTGCCACTGCCAAAGTCTTGCAGAAAAAACAAATAGGGATCAGCTGATGAAATCGGAGCCAGCTTTGCACCATCGTATCCATCTTTTCCTTCCGATCCGTTGGCATGAAAGTAGAGCTTGTTGCTGACATCTTCGACTCCGTTGGACGCCACCAGTTTCAGTGAGATTTCCCGGTAGGTGATACTTTCACTTTGAGCAACCGCTGCCGGACTGAAAAATACCCCAATCAAGAAGAAAAGCAGATTGATACTATGTATATGATGACCGATCAACGGCAAAGAATTTGGTTTATATAAAAAAGGTGCCCGATGTTGAGCACCTGATGACTTTATTAAATGTAACCGGTTTTTATAACCCTGATTCCTCTTGCCTCTTTTTGCGATCGCGTAATTTCTTGAGCGCATAGCCTCCGCCGGCAGCGGCCAATAAGCCAAGTCCTCCGTCAATTGGTGCCTGACTTGGGTTGGCTGGTAAACCGGGCTGAGCATGCACAATAACTGATAAGGCAAGTAAAAAAACAATTGTAATGAAGATATAAATGAGGGTTTTCATAATCTGAAATTTT
CP175953.1_gap69	3253034	3254800	1766	TATATTTTACTGACCCACGGGCATGAAGATCATGTGGGCGATACCGTGGAAATTGCCAAAAATACCGGAGCCAAAGTTGTGGGCATTCTGGAACTGATGGGAATCTTACAGGAAGAAGGGTTGCCGGAAGAACAAGCCATTGGTTTTAATAAAGGCGGAACTGTTCATTTTGAAGACTTTTCCGTAACGCTGGTCTCTGCCAACCACAGCTCTTCCTATAAAGGAAAGTATGCCGGCGATCCAGGCGGACTCGTGCTTTCATTTGAAGATGACATCTGCATTTACCATATGGGCGATACCAACATTTTTGCTGATCTTGAGTTCTATGGAGAGCTTTACCGGCCGCATGTGGTACTGGCACCCATTGGGGATCATTTCACTATGGGGCCTGAAGAAGCCGCTTATGCTGTAGAACTGATCGGGGCTAAGATGGCCGTGCCTATGCACTACAATACGTGGCCTCCTATTGAAGCAGACCCTGAGGAATTCAAAGAAATACTGGAAGACATCACCGACACGGAAGTGGTTGTGCCTGAAAAAGGCGCTAATTTCCTGGGGTGATATTCTGAATTTCCCCTCCCTGAGCTACAAATCTGAAAGATGGTTTGTGGCTTTTTTTATGTTTTTTCTGGATCTGATTCGGGCTACTACTACGAAAGAAATTATTCACTCAATAACTCAACAAATTAGTACCTTATGCCTAAAGTTGAATTTTTATCGCTAAACAAATGGGTACAGCACTATGAAATACACAACCGTTCACCTTGGGGATAACAAAATTGAGCTCTTTAATACACTGCTTGGCAAAGAAACGGTAAAGGTAAATGGTGAGGTGGTCTCATCCACCTATTCTATGCTGGGGGCAGAGCATACGTTCACGGTCAGGGAAGATGGCAGAGATGTAGAATGCACCATCCAGTTTGGGTTTGGTATGAATGGAGTGGTATTTGATCTTTATAAAGAAGGTACGCCGATCATCGAATCTGAACAGAAAGGATGCATGGGCATGTTTATCGTATTCATTATTGTATTCAGCATAATCTTTGTGTTATCTCAGATTTGAGTATTAAAAACAGTCATCCACTAAATATTAAAGTCATTACCTGGTCTGATGAAATTTCTTTCCGCTATCACCCTAATTCTCCTCTCAGTTTGTTTGAATGTAAATGCCCAAGTGGCCGTGACAGCAGTTCCTTTTCTTGAGATCAGGCCGGATGCCCAAACCAACATGAATGCCGGAGCATTGGTAGCTCTCCCTTCCAATTATAATGTGGCCTTTTATTACAACCCTGCTCAGCTCGGAAACTTTGGAGCCTCAAAAAATTTCTCTTATCAATTTCACCCAAATGGCAATAACTGGTTGCCTGACCTCTATGATAACCCCAGACTTTACAACTCTTCTCTGGCTGCAGGATATAAGTTTAATGATGTTCCTCTTAGTATTGGTGTTGGAGTAATGAATACCCGGTTTGAACTGGGAGAAATCCAATATTCTGATCTGAATAACCCAATGCCTGACAGTACCTACAATCCCGTTGAAAATTATCAGCTTTACTCGGTTGGACTCAGATATGATTTCGGGATCTGGGTGAGTATTGGCTATTCATTCAAAAAGATTGACTCTGATCTGGGATTATATCAGGCAAAAGTTGAAGCCAACGATTTCGGAATTCAGATCGGTTACCCCTTTTCTATCAATAGTTTCAAAGCAGAAGCATCGATTGGGTATGCCTTGCAAAATGATGGAGCCTTCATCCAGTATGATG
CP175953.1_gap70	3295771	3298277	2506	CTTCAAATGAAAAGGAAAATCTAAAACCGTTATCTGACTCTATTTCGTAGTTGGCAGTAAGCTGATCTATTAACGTCTTAATGAGAGTAACTCCAAGCGTATTTGATTCATCAAAAATATCTTTGTCGAATCCTTTTCCGTCATCTTCATACACTACTTCGATCAGGTCTCCATTCTCTTTCAGGCTGATGAAGATTCTGCCGTTATTCCGGCCGTTAAACGCATGTTTGAATGAATTCGTTATCAGCTCATTCATCAGTAAACCTAACGGAATAGCCTGATTTATATTCAGGCGGCGGGAATCAAACTGATGCTCTATAACTATGCTTTTATCTGAACTGTCAAACATATCTCTAATCCGATCAATCAGCTTAACGGCATACTCTCCAAAGGTGATATCTGTGAAGCTATCGGTATTGTACAACAATTCATGCACGCCGGAAATGGAGTAAATTCGATTCTGTGTTTCCTTCAAAATAAGCTGCAGCTTTTCATCAGATAACCCTTCTTTCTGCAGTTCAATGAGACCCGCAATAATAGCCAGGTTGTTTTTTACCCGGTGGTGGACTTCCGAAAGCAACACTTCTTTTTCATGAACGGAATCCTCAAGCTGTTTTTTATATTCGGCTTCTGTAGTTATATCCTCAGCAATTATCAGCATTTGTTTACTCTCACTGTTGTTTCCTACAATATGGCTGGCACTTACCCTCATGTGAATGGGAGAACCATCTTTACGATACCGTACAATCTCTTTATTCTTGATTTCCCCATTTTTGAAAATGATGGACATCAACCGGAAGAAATCTTCCTTCAATTCTTCCCCCACATGTGGCATGAATGTACCAATCGCCTCTTTCTGGCTCCAACCCAACATATCCTCGGCTGCCTTATTCCAAAAATCCCGGACTATTCCATCCGTATCTATGGTATAAATTGCCATTGGTGACGATTCTATGAGCGCCCGGATTTTATCGTTTGCTTGCAGCGAAGATTTCTGTGCTGCAAAAGCTGTTTGCATGAAATAGAAAATGACAGAAAACAGTATTGATAAGACGATCCCCATAGCAAGATTCAGATATAGTCCACTTGAATTGTTTTCGGCTTCAAAAATGGCATTTGGTGATACACTGACAAGCCAATAATCTTTATTTGTACCTTCAAGGGTGATTTTTTCTTCTACGGAAAACCCATTCAGACCTGAAATACCGGTACTATCTCCATGCTGGTAAAACACTTTGCCTTTACTGTCATATATCTTTACCCGATACTGATCTAAGCCCTGCAAGATCAAGTCAAACCGGGGATTAAAATCCATTCCTGCCGTAATTGTGCCCTGAAAAACACCGTTGTAGTAAACAGGGGCATCCACTAAAAAAGCATCGGGCCCCTGAACCAGCTTAAGCCAATGCGTTACATTGACCACGGAATCTTCTTTCGCCTGAAGCCAGTCGGTACGCCGGTAGTCGAGTTTGGATATATCCAATCCAATGGCATTTTTATTTGGTTCCAACGGCTCTACTTTCCGGATCACCATGCTGCTGTCAATCCACTCAACAAACAGAAAAGAAGAATCCTGATTTACCATCCGTCCGGCATCATATTCCCAAAAATCAAAGTAAGAACCACCGGTTATTTCCAACCGGCTTTTTAAATTCAGAAGAGTATTGATGTTATCGTGGACAGCACTCTTAAACTGCAGGGTTACAAGCTGTGCAGTTTCTTTAACCTTATTCTCTTGGCTTTGTTCAATATTGCTTTTGTTTCCTACCCAGAGCAGAATAACTATAACACTCAGTACTACACCAATCAGGGCGGAACTTATAAACCTGTATTTTTCGAATAGCTGTTTCAATATTAGGAACCTGAATCATTGCCTCGTTCTGGTATAGATATACCAATAATTATCTTATCGGCATATTAAGAAAAGAATTAATCAGAAAGCAGTTCATTTAACTAATATCAGTTTTCCCGTTTTACTTCTTCCATCTACAATAAGCCTGTAAATAAATATCCCGCTGGAAACATTATTGGCCTGAAATGGCTGATTATACCGGCCTGAAGGCTGCCGGGTATCAACCAGTGTTTGTACGTGCTTTCCCAATGCATCAAAAACGTCTAACCTAACATCCGCTGTTTGTGCCAGTGCATACGGTATCGTTGTGGTAGCATTAAATGGATTGGGATAATTTTGATCCAATACAAAGACTTCATTCTCCGGTAAAGCCTCTCCACCCAGTGAAACCACCACAGGATTCTGTCCTTCACTTGCGTTATATGCGATTTCGAGTTCTCCGGTAAACTTTCCTTCTAACGCAGGTTGAAATTGAACCGGTATTTCTAAGGATTCGCCCGGATCGAGCGTGAATATTTCATCCTCAATTTCACTGGTAAATAAATTGCCGGCCGTTGTACGTACACGGCCAACAAGTGGGTCTTGCACGCCGGCATCATTAGAAACCACGATCGTTTGTTCGATGGTTTCCCCAACATTGATCACCCCAAAGTC
CP175953.1_gap71	3333781	3337863	4082	CTTCTTCTTGGGGTGGAGTGGAAACTCCGAACCCAGCCACCTTCCCTGTTCAAAAAACTGAAACATATAGGGATGATGATCTTTCAGCTTGTCACCGGATTCTACCTGATGAAGTTCAAAAAGAAAACCTCTGCCACCAACTGGGGAGATTACAAACCCGATTTAGTGCGCCACGCTGATTACAAGAAATTCGGAGACGGCTTGCGCTTCGTGGCCTCCGGCACCATTCAGCAACGAATGGAAATGACTGAGTTTTTGGAGGGCTTATTTAATGAAGGCAGTGTTGTTTACGGAGTTCATGCATCCTTCGCAGCAATGGTAACCTGCTATGTAAGGAGTTACCAAAGCAATCACATTCACTTTGTAGATGGTACCGAGGGCGGCTACGCAAAAGCTTCTCAGGAGCTTAAAAGCCGGAGGGCTCAACTTGAAGCTCAAGACCATTAAGCAGGAGAAGCCTGACTCAATTTTTTACGAACGACCGGAGCAACTTCTTTGGCAAACAGTTCAATAGAGCGTAAAAGCTTTTCATGAGGAACGCTTCCCACACTCATCTGAAGAAGAAATCGGTCATGATTAAAGATCTCATGCTGGTACATGATTTTATCAATTACATCCTGCGGGCTTCCAACTACATTTGCTCCTTTTAAAGTGATCGATGCATCAAACTGCTGTCGACTCATCACAGGCCACCCTCTCTCCTTTCCGATTTTGTCCATCGTAGTTTTAAAAGCCGGAAAAGCAATATCAGCGGCTTCCTGTGTGGTTTCTGCAATGAATCCGTGAGAATTTATACTCAATGCAGGTTTGGGTTGATTGTGTTCTTCGGCAGCGCGGCGATGCAGGTCGGCCATTTGTTTAAACTGAGCCGGTTGACCTCCAATAATCGCAATAGCCATAGGCATTCCCATTGCTCCCGCTTCATATGCCGACTTTGGCGTTCCACCAACTGCCCGCCATACCGGCATTTTATCCTGATAAGACTGAGGATACACGCCTCTGTTATTAATGGATGGACGATATTTACCCTGCCAGGTGATTTTCTCTTCTTCTCTGAGCTTCATCAACAGCTTTAGTTTTTCGGAAAAAAGCTCTTCATAATTTTGCAAATCGTAGCCAAACAATGGAAAAGACTCAATAAAAGAACCACGCCCCACCATAATTTCTGCCCTTCCTTCCGTAAGCAGGTCAATGGTTGAAAATTGCTGAAACACCCGAACCGGATCTTCCGAACCGAGTACAGTAACCGCACTGCTCAACCGGATATTTTTGGTTCGGCTTGCAGCAGCTGCAAGCAGCGTTGATGGTGAAGATGAGACGTACTCTTCCCGGTGATGCTCCCCAATGGCAAAAACATCCAGCCCAAGTTCATCGGCCAGTTCAATTTCTTCCATCAGGTTTTTAAGCCGTTGAGACGGATGTAACGTTTTTCCGCTTTCAGCATCAGGGGTGTTTTCTACAAAGGTATATATCCCAAATTCCATGTCAGTATCTCTTCAAAGTTTGAAATAATTCAACATTAAACTAACCATATTTTTCCTAAGAATGGTCATTCTGCTTATTGATTTCATCAATGCACTTGATTTTATTTCTCACACATATGAAGCATCAAATAAAACTGAAACGCGTTTACGAAGAGTCTGCTCCGGATGATGGGTACCGAATCCTCACCGAACGGTTGTGGCCACGCGGGGTTTCCAAAGAGCGTGCTAACCTGGACGAGTGGATGAAAGGGGTAGCACCCAGCCACGAGTTAAGAAAATGGTTCGATCACGACCCTGAGAAGTGGGATGAATTCAAGGACCGCTACCGGAAAGAATTATTTGGTTCTGAGGCTGTTCAACAACTTATTGACACGGTAGAAAAGGAAGATGTCATTACCTTTGTATTTGCATCCAAAGATGAGGAGCACAACAGCTCGGTTGTGCTGAAAGAGTTTATAGAACAACTTCTTTCCGAATGATTTCTACGGATTGATGTTCCTGATCAACCATCTTTTTCAGCTTAATCCAGAAAAACAGAACCGCTATAACCGGGAAAATCGCAGCTAAAGCCAGCACGTTAAAAATCCATGGTCCGCTAAGTGATTCCGGCCAAAGTGTAGTCATCAAAACAAGGCTCATTATCAGCAATACAACAGATCCCAGCACAAAGTAGAAGTACTTCTTTTGCATGTTGGCCATGTGATGGAGAAACCAAATCACGCCAACCGTGAATGCCCCCAACAAAGTGGTGTGCAGGTATAGTATTCGCGTGCCATGATCAGAGAGCCACATTTCCATGGGCGATACAGAGGCAACGAGCTGCATCACCGACTTAACCACGAGAAAGAGTAACGGCCAGATCCATATTGAGATGTTACTCCACCTGTTTTTTATTGCAGAATAGACAAACAGCAGCACCCCTTCTGCGATAAGTACGCCTCCGGTACGTGCAGCCACCGACAAGTCGAAATTAATAAGTCCATCAGCTATTCCATACGGGAATGTGAGCGGTGCCCCAATGGCAATCAATCCGATTAATACTGTGGGGGAAACTTCACATTCATCCTCCTTTAATTGCAAAGCTTTGGCAACCAATCCCATCAAAACTAAAATTACCCACCCTTCAATAAAGGTAGCGAGGAAGAAATGCGTGAGTGCTTTGGGTAACAATACCCCGCCAAAGTTTGTGATCTGTAATACTCCAACCGACCAGGCGCCAAGGGAGCTCACAAATAACATCACCAAGGCGCCATCAAAAAAGGGATTCGGCGTATATCCTTTCTTTCTTCGGCGGGTGATCAAATATCCGGCCATAAATCCATACCAGCCCAGCATTACCATCCCCGAAAAAATAACAGACAAGGGAAGGGAAGCATAACCAATAGCTATGGGTTTATACCCATAAAGCAGAAACGGGGGGAACGACAGTAATCCAAATATAACAATCCACCAAAGTGCGTTTTTCATTAAACGAACCCCAAAAGCGGCGTGATAGCCCGAAACGATATCCAGCTTAATCAGGTACAGCGGTAGCAAAGAGGCCCACCCGAAGAACATCAGGTGTGAATGGGCATGCCTCATATTCTCCAGGTTCAGATATACCGGTAACGGCTCCACAAAACCAAAACGGAACAGAAAGCCTGTGAAGCCTGCCAGCACAAAACTGAACATGGCCCACTGCCAGATTCCTGAATTTTTTGCTAATGAAGTCATCAAACAATCCCTCTGCTAATTTCAACTGACAAAGAATACATCCCTTTCATTAAGGTTAGATGAAGATGTCGCTTATAGTTAATCATACGGTTTTAGAAAACAAGTTCTCTCTGGGCTTGCTTTCCTGAAGCTTGCGGTCGAAGGCCATACAAATATTTCGTACAAATGGAATTCCTTCTTTTGTAACCGTCACTTTACGGCCGTTTATATGAACCAGTCCGTCAGATACCAATTCTTCTAAATCCTCCTTAATCTTTTCAAATAAGGGATAATCACCCTCAAACTCCGTTTCAAAACGACACATGATGTTCAGGATATTTTCGCGGAGCAACAGGTCTTCCGTACTCAACAGGTGTCCTCTAAAAACGGGCAAATCACCCTCTTCCACTTGCTGCCGGTAATCTTTAAGCTTTTTCTCGTTCTGGGCAAAACTATACCAGCTGTCGCTAATGGCCGACATCCCCAAACCAATTAAGGCTTTTGTTGAGCCGGACGTGTATCCCATAAAATTACGGTGCAGGTCCCTGGCCTTCATTGCCTGATACAAGGAGTCGGACGGCAAAGCAAAATGATCCATACCTATTTCCCGGTATCCATTTTTAAAAAACATGTGTTTTCCCAGCTCATACAACGCTCGCTTTTCGTGATCTTTGGGCAGGTCTTTTTCATCAAACCCCCGCTGACCGTTCCCCTTCATCCAGGGCACATGCGCATAACTGTAAAAGGCAATCCGGTCCGGACGAAGCTCGTTCGTTTTATTAATGGTATTCTCTATGCTTTCCGGTGTTTGATGAGGGAGCCCGAATACCAGGTCATGATTTACAGAGGTGTAACCAATTTCCTGTGACCACTCATGAACCCGTTTCACATTGTCAAATGGCTGAA
CP175953.1_gap72	3341869	3344973	3104	AAAGATTATTCGTATAATTAATATCAAAATTTACGTTATGCAGGTCTTGATTACGCTGAAAGTATTTATTTCTCAGGTCATCAAGTTGTTTTAGCATTTTTCCTTCGTCTTTTAAAATTGCATCCCCTTCAAAAATATGCCCCGCCATTCGGATTGGAGCCTTATTTTTTTCTGCTCCAATCAAAGACAGATAGTTAGGTGGATGCACCTTAATATTATTATAGTTATAAGAATTAATACGCTCTATCACTTCACCTTCAGGTCCTATTAAAGAATTAGCATTATGTTCTATAATTTCCTCAGAATATCCCAAAGCAGAGTCCCTTACAGACTCTATATAAAATGGAATTTTAGCTATTTTGGATAGGTTATCCTTTCCTTCAACTATGTCTAATATCTGTACAGCAACATCAAGAGATATAATTCTTGTTTCATACGCATCCTCAATCCGATCCTGCATGAGTTTCAATCTTGAATTTATGTAGCTAGTATCTACGTCTGTTGCCATTGTTCCTTGTGAGGGCCCGCCTATAGATATAACAGCAACGATGTTAAATTCATTAATTTTCAGGCTCGGATATATCTCTCTTGCGACTAATCCGCCTAAACTATGTCCAATTAGGATCCATTCATCTTTGGCAGGATCTCCTTTTTCCTTCATATCCTTAATGAATTTACCCACTAAATGATCAAGAGATGCTTGGCTCTTAATATCCATGGTCTCATAGCTAAGAACTACTTTATCATCCAGAATTGCCTGATCCCCGGTAGTCCAAGCTGTAGGAACTCTACTATCTACCGTCCATTTCTCCGGCCCGCCTTGAAAACCATGGATAAATACCCCAATTTTCTTTTGGGCTGAAACGTTTGCAAACATTATCAAACTGAAAATTATCGAAAAAATTATTTTTAGTGATTTCATGATACTATCCCCTAATTATGAATGATTTTAATGTTTTCCCTATTCATTGTTGTTCTCTGAATTATACCCCAGGCGTTATTAATTTTACCATATGTAAACCGCTCTTCGCTGGCAAGAATTGGAAATCCATTTTTGCTCTCAAAGTGGCTACGAGTAAGAGAAATGATTTCTCCTTTTGAGTTAATTTTTGCATACAACAGAATATTCCCGTTTTGTAAGTCTAGCACATACTGTTCCTCTGATATCCCATCTCTTGCATTTTGAGCGTCAGCTTTTCTTCTGAATTCGACATACCTATCTCCCACCCTGTTATAAACTACTCCAGAATTCTCTATTTTCAACAGGTTATTCTTTACCGCTTGTTGAGTATTATCATTGTTTTGTAGCAAAGAATCGAAAAGAGTTGGGTCAACTTTGTATAGTTCTTTATCGACCGGATACCTTTCTATTATTCTACCAGACTTTGCAATATAAATTAGTACACCATCTTTGAATTCTGTCCTGATAATTGGATCATAATTTGCAGACTTAGCGGGCATTGTAGATTTCAGCTCATTATAAGCCTCCTCCGGCATATTCATCTCCCCGTCTCCTTCAAGGAACTCGGTAATCGATGTCATGTAACCTTCTTCATCGTAGGCTATTATTTCTCTTGTCTTCTCATAGTCGACAAGTAATTCACCGCCATTAGTTTGACTTTTATTCAGCCCGGCACTTATCCCTTGTGGCCATAACCGGGAATAGGTAATCTCGGTTTGGTCATAGGATTCTGCATATTTAACATTAATGTTTAATCCTTCAATTGTTTGTTCCTGTTGAGAATCCTGCTCAAAAGGACTATTAACCTGCTTACATGCATACGTAAGCGCAATACTTGTCACGAACAGTACCACCAACATTCGCAACTGTTTAGTTGAGTTTAGATGTGTTTTCATTGTATTTTTGATTTGCAGTTAATTCCATCAAGTAATTGATGGAGTTGTTGTTTACCGTGAGGGGCGGGGTCCATTCCTGCCCTTCACTTTTTTATATGGATTATTCCATATGCTCTTTGTTTATCTTTGAATTCATTTAATAAGCATCACTTTTCCGGTGAATCTTTTGGTCTCATTGCTTCTCTCTCTTTTTAATACAGCCTGAACAAAGTATACTCCGCTAGCCAGGCCATTCAGGGTTATTTTCTGAGAATGATTTCCTGCCTCAAATACTCTTGAAGGCACACTCCTCACACTCCTTCCCAATACATCAATCACTTCCCAGCCCACGATTGCTTTCTCAATCAGAGTAAAAGGAACATTAGTAGATGGATTAAATGGATTCGGATAGTTATTACCCAGAATAAATCCATTTGGGATATCTATACTCCATTCTATGTTATCCCGATATATAGTTTTACCGTCCTGAGATTTATAACTATTTATAAAGGTGTACTGGCCATCTACCATAACCGGGAATTCATAAATGGCTCCATCCTTAGTTAACGCTGTTTGCTTTCCGGTTCTATAACTTCCATCCGGCATAATGGCAGCCGTTTTAATTGATGAGGTATCGAATTTTAATTCAGGTTGTACAAGCACCTGTACATTATCAAATCCATAGTCAATATCACGGATTGAAGAAACCTCTTGAACTCTAACTTCAGGCAGAACTACCCCCATCTCGAATGCCGGATTCCAATTATTTAAAGAATTTCCACCAATCTTATGATTTGATAATGCCCCCCATCCTTGTTGGATATTCGATTCATTAGAATAAAAAGTGGCATTTTTACTTCCATAGTCCAGTCCAAATGCTATAAAATTTTCGTCATCTGAATCGTTACGGAGGATGACCATCACTGAATCCTTTACAGCAGATAAATCGCCATAAAGCTCAAAAAAGGAGAAAGCCTCCTCAACCAACTTTCCTGCCTCTCTCTCAACCTCAATAGTAACAGGACTTGTTATTGGCTGATCCGGCTTTTCTCCTTTTACATTGTATATGAGTATTTCAAAATCTCTCTCTGCGTCTCCATCAACTCCTGACCCTTCAAGCTCCGATTTAAATAGTGTCCAAAGCCTTATCTGTTTTAGCCAATAGGTAGATTCTTCCGGAGGGATGATTATGGCAAGCTTTTCATCACTACCATCCAACATCAAATAAGAAGCGTTTTGGAAAAATATATCAGGAGTGAAGTCGCCAT
CP175953.1_gap73	3345996	3350040	4044	TACCTTTTGAAGAATCAACTGAAAGTCTTGGTGTTCCCTCATGCAAATAGGAATCAAAGCCATTAAGGATTTTTGTCAAAGCATTTGATTTGCTAAGCGAATCATGCGCAGACTTCTCTATCCATAAACTAATTCCATTCCTATTATAGGTCTTGACAAAGATTTCTGAATACCATTTTTGACCCAATAATAAATCCCGAACGAAAAAGCTTTTCTCCTCACCAATTTTATATGTATAACTTCTGCTCTTCTGCTTAGCAAGCTTTTGCTTTGTCCTATAAAACTTGCTCCTAATATCTTGATAGTAACTATCAGCAATAAACTTAGATGTGATTTCTATTTTGTTAAAATCAGTGTAGCCATAGTCATGCCTTACCTCTTTCACATTACCCTTAAAATCTACAGCTTGTGCAACAACATTTATTTTTAAAGTAACGTGAAGAGAAACTATTACGATAAGCCCTATTATATGCTTACTTCTCTGACCCATTTCCCTGACCAACTAATTATGATGTAAAGGTAAGACCCCTAAAAAACTATTTTTACTTACCCCGTTATACCCAAGAGGAACCTGCTTCTCATTTGTTACACTTATTTTGAAATTTTTTTATTTCCCGTTTAAAACTCCTAAACGCATAAGCATAACAACGATACCTGCTATTGAAGGAAAGTGAGTTTTTCTCATTCCTTTTTCGGCATTTTTGCTAAATGTGTACTATCTTTTCGCCCTCACATCTTTAGGGTGTGACCGGAGTCTTGGTCAATCTATTTAGAACAGTTTTAAATAGATGACATTCTGTCCTTTTTCTTCAATTTAGAATGAAAAAATTGATAGATTTGCCCGGCCTAAGAACGGGAGCAATCCTGCTCTATACGTAAACTTAAATCAGCAATCTTTATGGCGCAGATTTTCCCCAAGTGGACAAATCAGGTTCCCCGAAAAATTTTAATTGGATTAATCGTGGTACTGAACGCAATCATTTTTGGTGTTTGGTACTTCTTCTCTCCTGAATACACTGACGTTGGCTACGCTCCGGAACAACCCGTTCCTTATAGTCACAAATTGCACGTGGATCAGCTTGGCCTCGACTGCCAGTACTGCCACACCAGTGTTTGGGATTCCAAGCAGGCTAACATTCCTGCCACGCAAACCTGTATGAATTGTCACAATCAAATTAAGACCGACAGCGATAAGCTGGCGCTGGTGCGTGAGAGCTGGGAAACCGGAAAAGCTATTGAATGGGTTCGCGTGCACAACCTGCCTGATTATGCTTATTTCAATCACTCTGCCCATACTAATGTGGGTGTGGGTTGTGAAAGCTGCCACGGAAGAATTGATAAGATGGAAGTTGTTTACCAGACTGAGCCGCTTAGCATGGGCTGGTGCCTGGATTGTCACCGGGAGCCGGAAAAGTATGTACGTCCCGTTGATGAAGTCACAACCATGGGTTACCAGGTTGAAAACCAGTTAGAAATTGGCCGTGAACTGGTAGATAAGAAGAATATTCATGCTCCAACTTATTGCCAGGGTTGCCATTACTAATGAATGATTTAGAATCTACAGATCGACAGATGAGTGAAGAAGTGAAAGAAACTACGTATTGGAAGAGTTTAAACGAACTAGCCAATAATAAGGAATACCAGAAATTTGCCGAGCGCGAGTTTCCTGAGAACGCCACCGAACTTTCGGATGGTGTATCACGTCGTGGATTTTTACGTGTTATGGGAGCTTCCGTAGCTCTGGCCGGGCTCGCCGCTTGTCGCCGACCGGTTCAAAAAATCCTTCCTTATTCCAAGCAGCCCGAAGATGTAGTTCCCGGCGTACCTTTATATTATGCAACGGCAATGCCGGTTCAGGGCAACCTGGTTGGTTTGATTGCTGAGAATCATGAAGGCCGGCCTACCAAGCTTGAAGGTAACGACATGCATCCTGCCAGCCGTGGCGGAACCAGTATTTTTAATCAGGCAGCCATTCTTGGGCTGTACGATCCTGATCGATCACGATCACCTTTACAAAATGGCGAGAAAGCAACCAAAGCTGACTTTGAAGCTTTTGCCAACTCTCATTTTGCGAATACCGGTCAGCGTATCGCTTTCATTTCTGAAGCAAATTCCTCTCCTACTTACAACAATATTAAGGAGCAGGCCCTTTCGAAATTCAATAATGCAACCTGGGTTACTTATGAGCCATTTGGCGAAGACAATGTATTAGAAGGTAACCGAATTGCTTTTGGCGGACGACTGAGAACCCATTACAATTTTGAGAATGCGGATGTTATTGTTTCTCTGAATGATGACTTCATGAGTTCAACGCATCCAAACAGTGTTGAATACGCCAAACAAGTTTCTTCCCGACGTAAAGTGACCGATACAGACGGTGAAATGAACCGTATTTATTCGGTGGAAGATTCTTTCTCACTCACCGGTTCTTATGCCGATCACCGACTGAGAGTTAAAGCCAGCCAAATGGAAGCCTTTACTTATGCACTGGCTGCAGCGCTTTCTACACGCGTTAATGGATTAAGTGCTTTCAGCGGTTACTCAAACGAATTTTCTGATCACAAGTGGATTACAGCTCTTGCTGATGATCTGGCTGCTAACGCCGGACGTTCAGCACTTACGCTGGGAAGCCAGCACAAACCTGAAGTGCACGCTGCGGTTGCCGCAATTAATAATGCATTAGGAAATACCGGAAGCACAGTTCACTATTTAGAAGTGCCACACCTTGATGAGCAAAACAGCACTGAAGCTTTTGCCAATGTGGTTGCTGAAATGAAAGCCGGCAACATCGACACTGTTGTTATGGTGGGTGTGAACCCGGTATTCAACGCACCGGCTGATCTTGACTTTGAAAACGCCCTCTCTAATGTTGAAACCGTAGTCAATCTATCTGATTACGTTGATGAAACTTCCCTGAAATCTACCTGGCACGTAAACCGTGCACATTTCCTGGAAGCATGGGGAGACGGTTATTCTTATGGCGGAGCACGTTCAGTGATCCAGCCGCAAATCAGGCCTTTGCATGAAGGTTTAAGTGAAATTGAGTTTTTAAATACCATCGTATCCGGTTCTATTACTGCCGGTTATGATCTTGTAAGAGACACCTTTCAGGGATACTACCGTTCCGGTTTTGATAACCGATGGACCAATATCCTGCATGACGGTATTGACACTACCGGCAACTTTAACGAAGTAAATGTTCGGTTAACCTCCGGATTTACTTCCGCAATGAACCGCGCTACATCCAATGTTACTTCTACTTCCGGTATGGAAGTGGTTATTCGTCCTGATGCTACTTTGTACGACGGACGTTACGCCAACCTTGGGTGGCTTCAGGAGCTTCCCGACCCAATGACGAAAGTTACCTGGGATAACGTGGCGCTTATGAGTCCTGCTACGGCAGAGAAACTCGGTATTGAAGAAGCCAGTGCCGGACAAGATGATTACGATGTTGTAGAAATTACCGTAAATGGCAAGAGCATTAATATTGTAGCCTGGATTCAGCCGGGACATGTTGATGACGCCATTACTTTAACCACCGGTTATGGACGGGAAGGAATTGGCCGGGTAGCCAGTTCCTATATTGATTACACCGCAGGTGGGGTGGATGTGTATCCACTGAGAGGTACAGATAATATGCTGTATGCCTCAGCCAGCGTTTCCAAAACCGGTGACACCTATGAAATTGCCTGTGTTCAGGATCACCACAGCCTTGAAGGACGAGATATGTATCGTCAGGCTTCGATTTCTGAATACAAAGACAATCCGGACTTTGCTTCCTTCGCCTCGGTTCACACCTATGAAGTGCCGGGCATGAAAGAAGCAGAAGAAATGGGCGAAGATCAGCCTATTTCTCTCTTTGACGAGCAAACCTACCCCGATCATGAACCACAATGGGGAATGGCTATTGACCTGAACTCCTGTTTTGGTTGTGGTGTATGTGTGATCGCTTGTCAGTCAGAAAACAATATCCCTGTTATCGGGAAAAAAGAAGTGAAAAGCGGCCGTGAGATGCACTGGATCCGTAACGACCGCTACTATGTG
CP175953.1_gap74	3356529	3357852	1323	AGGATGGCTGAATCTCAAAACCGTACCCGATAACGCATACGAAATTCAGGTTTCTGCCTACAAGTGGGGCTGGACTTTCAAATATGAAACCGGAGCACAGGTTGGTAACGAAGTGCATGTACCCGCCGGTCGGCCGGTTAAATTGGTGATGCAGTCTCAGGACGTACTTCACTCCTTTTTTGTACCAGATTACCGAATTAAGCAAGACGTGCTGCCAAACCGATACACCTATGTTTGGTTCCAGGCTGAAGAAGCCGGTGAATCACAGGTTTTCTGTACCGAATATTGCGGTACCTCCCACTCTGATATGTTGGCTAAAGTAATTGTGCACACCGAAGAAGACTTTAAAGCCTGGCTCGATGAGCAAGGAACCGGCGGTGGCGGAACTCCCGTGGAACGCGGTGAACAACTTGCCACCTTACAAGGTTGTGTAAGCTGTCACTCTGTAGATGGATCTGATGGTATTGGCCCAACATGGCAGGGCCTGTGGGAACAAGAACGTAATTTCGAAGACGGTTCTTCTGAAATTGCTGATGCAAACTATATCAGAGAGTCTATTCTGAATCCCGGCGACAAAATTGTTGAAGGATATCAAAACCAAATGGTTAGCTATGAGGGTCGCCTTAGTGACAACGACATCTCCGACATTATTGAATACATTAAAACGTTAGAAGAATAACATGGCAACAGCTGAAGTAACACCTTCCTCTTCAGGGAACGTACGAACATTAAAAGTTAAGCGGTTTAAGCCGTCCGAAGACCCAAAAAATACCTATTTGACCGATGAAAAAGGTCTTTGGGCCTGGATGACGACAGTAGATCACAAGAAAATCGGACTTATGTACCTGGGTTCGGTTGCCCTCTTCTTTCTGCTGGGTGGAGTGCTTGCTCTCTTATTAAGAACCGAGCTCCTGACCCCTGCAAAAACGTTCATCGAAGCCGATACATATAACCAATTCTTTACCCTGCACGGTGCCATTATGGTATTCTTTGTGCTCGTTCCCTCCATCCCGGCCGCTTTGGGTAACTTTGTACTTCCCATGCAGCTTGGAGCCAAGGATGTAGCCTTCCCCCGGCTAAACCTCGCAAGTTTCTACATTTACGTGATTGGAGCCATCTTCACCTTTATTGCTTTGGCAAATAATGGACTGGACACCGGCTGGACGTTCTACACACCTTACAGTACCACCTCTTCATCCAGTGTGATTTGGGTAACCTTAGGAGTCTTTATACTTGGTTTCTCCTCTATTTTAACCGGTACAAATTTTATTTCTACCATTCATAAGATGAGAGCTCCCGGTATTACCTGGGGCAAACTCCCTC
CP175953.1_gap75	3362761	3367211	4450	GGCGACAGTACCAGGAGTTCAAAGAGAGAATGAAGGACAATCCCGAGAATACCGGCTACGAGGAAAAACGGGAACTGGAGCAGGTTCAAAAACAGCAAGAGGAAGTTCAAAAGAAAATTGATGAACTGAATAAGAAGTTTGAAGAGCTCAAAGAAGAGATGAGCCGGGACAATATGCTTTCAGAGGAAACTCAGAAGGCCTACGATGAGCTCCAAAAACTGATGAAGGAAATTGATGACCCTGCCTTCCGGGAAGCTATGGAGAAATTGCAGGAACAACTGGGACAAATGAACCCGGAGCAACTTCGGCAAGCCATGGAGAATCTTGAGTTTAATGAAGAACTGTATCGGGAACGACTGGAACGGACCGTCGAACTTTTCAAGCAACTGAAGCTGAATTCCGATCTTGATAAGCTGGCGAAGTCCTTCGAAGACATGGCCCGGAAAGAAGAAGAACGAGCTCAGAAAGAGGAAACAGACCCGGATGAATCAGCCCAAAACCGTGAGCAGCAACTGGAGCAATCCTTAAAAGAAAATGAAAAGCTTAAAAACCAAGTGGATTCTCTTTCTAACAATACCTCTGCCAAGAATGAAAAAGCAGTTAGTGAATTTCAGGAAGAAACCCGCAAGGAACTGGAACAACTAAGTGATGATTTAAAGGAAGAAATTGAGTCCGGCGAACAGGGAAATCAGGGAGAGCAGAATGAAAACCAAAATTCTCAAAGCCAGCAAAATCAGTCTCAGAATCAACAGAACAATCGGCAACAGAAATATGAGCAGCTGGCCAAGAATACCCGAAGCATGATGCAGAACATGGGTCAGCAGCAGAAGAACATTAACATTGCCGGTTTGCAATATGTACTGTATTCTTTGCTGAATTTATCGCTGGAACAGGAAGATTTAACCACTTTGGCTTCTGCTACTGAAAACCGAAGTCAGGCTTATGTAAATTATGCCCGGAACCAGCGAAATGTGGAGGGGATATTTAAATCCGTCTCTGACTCTCTATTTCAACTTTCAGCTGAAATACCCCAGTTCTCCAATCAAATTAACCGCAAAAAACTGGAGGTTGAGAAGCGACTGCAGCGATCTTTGGAGCAAATGTTGGAGCGAAACCGAAGTCAGTCTTCAGTAGCTTCCCGCCAGGCTTTGGGAGGTATTAATGATATATCTTTTATGATTGCAAACCTGCTTGAGCAGCTTCAGAACTCCCAAAGCGGTGGTGGCGGAGGTGGAATGAGTATGCAGCAAATGATGGAGCAGCTCCAGCAATCCGGACAAATGCAGCAGCAGTTAAACCAACAGCTTCAGGATATTATTAACGACATGCAGGGAGAACGGCTCAATCAAAACCAGATGGAGCGATTGAACCAGATTGCCAAGCAGCAAAACCGAATTCGCAAACAACTTCAGGAGCTGCAGCAGCAAGGCGAGATGGATGGAGATCGCATTGGCAGCGAGCTTGAACGCATGATCGAAGACATGGAGGATACCATCAACGAACTGCGAGGCGGTTCAGCAGACCCTACCATGGTGGAGAGGCAGCAGAATATTTTATCACGCATGTTGCAGGCCGAGCAAGCTATGCAGGAACGGGGCGAGGAAGAAAAACGCGAAGGTAAACTTGCCCAGGAGTTTGAACAATCCCGTCCTCCTGAAATGACGCTTGAGGAGCTTCAAAAAGAAATCAGAAATCGCCTGAACGACCCGAACTTCACCAAATACTCCCCAGACTATCAACGACTGATTGAAAACTATTTCGAGCTGCTAAAAAGCCTCCAGGAACAGCAAGAAAGTATCAACTGAATGCTGCCCTTCATTTGAACCATGATTTGCAGGGTTATTGGATTTTCCTGATTACCCCTATTCAATCCTAAGAATCCTTAAATCCAGTAAATCATGGTTCAAAAACACGACTCCTTTTCCTCAAAACTTAGCTTAACCCGGCAAAATCTTACTAAGGAGTCCTTTCCCCTTACCAAGGGGAAAGACAGAAAGGGGTCTGCTTGTTGTGGCTACCATGTTCAAGCAGACACCATGCTCCTGTTATAAGCTATAATCTCTTCATAAGCTTCCAGGACGCCTTCGGTTGTTTCTTTGGTGACTTGATCAACAGCATCCTTTACAAACGACTTGGCGTTTATCGGAGCAAATGATTTCCCAACAATTTCCAGCCCCGGCATATCTCCGCTGCTATCCCCGATGTAGGCGACTTCATTCAGGTCAATTTCAAGAAGTTCACAGAGTAAGCGGATTCCTACCCCTTTGTTGGCTTTTTTCAGAATGATGTTAACCGAAATATCCGTAGCATGGACTTCGAACATGGGGTATCGCTCAGGCACATAATTCAGCACTTCCTGATGCATGAGGGCGACCTTTGAAGGGTCAGGATTCACCAACCCTACGTCTGTGTATTTGGCAAATTCCGGATAGGTGCCTTTGTAATTCTTGACCAACGTACCGTTTATCCAGTCCTGGATTTCTGCAACGGCTGCTTTGGCTTCATCATTAAAATGAGGGTTCCATGTAATTTCGTTGGTGTTGAAATCATACATTCCCCCTCCGCTTTCAAAAACCATAGGGATGTTCACGTCCAGCCACTGGGCAACGCATTCTACGTAAGGGAACGGACGACCGGAGCAGATGGTCAGAGCCGGAATTTCCTCTTCTTCTCTGCTACGCTGATTTAGTTCTTTAATCTTAGTTACCGCCTCCCAATTTGGACTTACAAAGGGATGAGAGATACAGCCGTCTAAATCGGTGATGAATAGCTTAATCATGAAATAAAATAGATAAGAGTGAGTAAGATTACTTTAAAGGTACATATGAATTACCGGCCGAAGTCATCTTCAAGCCGGACGATATCGTCTTCATCAGAAGGGTTTTCTGCATCCACATGCTGCCATATTTCTGCGATAATCCCCCATTTGTCAAGCCCAACTAATCGGTGGCGTTCGCCTTTTTGGAGGGTTATCAGGTCTCCTGACTTATATTCAAGCACTTCTCCCTGTTCATCCGATTTACTTCGAACTACGCCTACCGGGCCTTCAACTACCTGCCACATTTCAGCCCGTCGATGATGATATTGCCAGGAAAGTCTTTTACCCGGTTCCACCAAAAGAATCTTGGGGCTTATTTTGCCGGAGATATTCACATCACTCATTTCAACGTCATCATCAAAATAGGTATCGATAAATTTTTGAGCCTGATCCTCATCAATCACAAAAAAACCACCCCAGGGACGATTCAAGTCATGAGCTTTTATCTCAAACCCCTGCTCTTCCAATTTCTTTTTCGACTTGTTGAATAGCTGTTCTTTTTCCGTAGAACTCATTTTATGTAACTAATTATTTATCGTTTGAAGTAGAATAGGATGGAATCAACACATAGATGCATAAAAATAAAAGAGCCAATGCTCCCATCCACTGGTACTGGTTTTTGTAATCGGCGTACTCCTGACTGGCAAATTCTCCTTTCTCCAATTCATCCATTCGTGCAAGAAAGGAGTCAATACCATCATTTCCCCGCTCTATGGAGTAATAATCTCCGTTTCCGGCGTTGGCGATACTTCTGAGTATTTGAGGCTGAAGCTCGGTGGTGACCACCCTCCCATCATTATCCCTTTTATATCCAATTAACTCCCCGGTTCCTTCCTCGTAAAGAGGAATGGTGGTTCCGTCTGTGGTTCCAACACCCAGGGTATAGACAGAAATATCCTCCTGAACCAATGCGTTCAAAGCCTCATCATACGACTGGCCATGATCTTCCCCATCCGAAATAATCAGCAGCACCTTAGCCGCTTCCGTTGCATTTTCTTCCAGAGCATTAAACGCTTGCAGTGCCGTTTCCATAGCTGATTTAAAATCGGTAGCTGAACTCGGCATTTGCTCGGTGTCAGCAATGTCAAGGAAAAGGCGAAGAGCAGAATAGTCCAGCGTCATCGGGCTTTGGAGGTAAGCTTCGCCGGTAAAAACAATCAGCCCGACACGATCACCACGAAGTCTTTCAATCAGCCGGTTGATCTCAAATTTGGCTTTTTCCAGTCGGCTTGGGCGGACGTCCTCCGCATTCATACTGGCTGAAAGGTCCAGAGCCACCAGCATATCTATTCCCTGGCGTTTTACTTCCCGAACTTCGGTTCCGATTTTAGGTCCGGCCAGTGCTGCTATCAAAAAAAACATTCCTGCCAGCATGGAGATATTTTTCAGCCGGTTACCCAAAGGCCAAAATCCTTTTCGGAGTGTAGAAAATAATTCACTGCTGAAATACTGCTTCTTCCACCTGCGCACCCTTCGGGATTGCCACCACATCAGTGCAATGAGGGCAGGAATCAATACAAGCAGCCACAAAAATAAAGGTTGTTCCCAGATCATAGATTCAAACTTTTAGACTCCTAAGATAGAGATTTCAAAGCGTTTGTTGCAGTAATAAAATTATAAAAATCCATCTTC
CP175953.1_gap76	3382597	3386704	4107	TCTTTAGCTATCATTAAGTCTAATAATATTTTTTTATGTTCTTATATATAACTCCAAAAGAAACGAAAATTAGTATGATCATTTTTCACTCCATAACTACCTGCGATAATTGATATAGCCAAATAAAGGAAAACAATTGAAATCACAACCAGGAATCTTTTACTTACTATATAGTTTCTTTGAGGTTTAAAATAATAAAGTAAATAGGCTGTTGTGAGTATTGTAAAAATATTGAGATACTCAACTGGTCTTAAGAAGATGTGACTGGCATTCGAAAATAAATTATATAGTAATGCACCAGTAAACATAAAATTAAAATATATCAGATAATTAGTATTACTGAAGTATTTTTTAATTCTTGGTGCGTACCAAATATTGACAAGAACCAAGGCCATAATTAAAATTCTTCTGGGGCCTACCTTCAAAATTTCTTTTTTCTCTATTAATAATTCGAGATTTTGTGAGTACCATTCATATCCAATGATCGAAAGTATTTGTTCTACAATACTTGTTGCTGACAACCAATTAGGATTTAGCCCTATATAAAACGAAGTACCTAAGAGAATTATATTTAAGTACCTATAACTGTAAATATCTTTTCTTGGAAAAAAATAAAATACTATTAATAAAACTGCTGATTTATGAATAGTCGCTGCTGCCATTAGCAATATCAGATAAGGAATAAATTTTCTTTCTTTGATAAATTGGACTGCAAAAACAAACATGCAAGCTACAATCATTTGCCTCATCCCATTCATCCAACTCAAGTAGTACCCTCCCCAAATTATAATAAAACCAACATATGGCATTAGGTAACGCTCTTTTCTAATTGCATAATAAAAGAAAAAGGCTTGAATAAATGCCCAAAATGCAAAAAAGAATACGAAATGCAAGTTGAGTTTAGCTAAGATACTAGAGAGGTATTCGAAGCCAAATTCAGTGCCGTATTTATTGAATTCCGCTCCTTCAACTAAATTTTGATATCCCTCTAAATAACTTAAATAATCAACACCTACATTCCATCGTATTCCAGATATAACTGAAAATATGATAATCGCAAATACTATATCCCAAGTCCAAAATGTTAAATTTTCACCTTTAGTTTTATAAATCTTTTGCCTTTTCCAGGATTCTACTCCTAACCGCCATAACGTAAAAGAAAATAAACCATATAAAATAAAACTTTGAATCATATACGCTTATTTTACTTTTTCATATGAAACCTGTGAATCTTGTGGATAATAAATAAAGAATGAAATTATGAAGGAAAAGTCCCATAAAACCTGATAGAATAGTCTTTCAATAAAATATATTGCTTTAACTTTTTGTGTAGATGTATCAATTGTATTCTTAAATACACGTATTGTAGTTATTAGTAAGTAAATGATTAATGTAATTAACCAAAATTGCGGTAAAACAAGAAAAGAGATTAATACTGCAAAAAGTATTAAACTTGTATATTCAAACCTAAAAGTTCTACTAATTACGATTGGCGTAAAAAAATGATTTCTAAATAGTAAGGCAGGAAATTTATAATACCCTTGACTTAGATTTTTCCACATCCTGCCCTCAAATCTATAGTCAATAGTATGGTGCCTCACTATTAAGTGTGGCAATCTAATTAGCTCATAATTAGCTTTAGAAAGTCTCACAAAAAATTCGATGTCTTGCCCCCTTCTAAATTTGCAATTCATCCCTCCTAATAGATTCCAAACATCTTTTTTTATTAAAAATACACCACCGGTTACATTCAAAAACTCATTTTTTTGCGGCAGGTTATAATTATACGTTCTGCTTTCAATGACCAACAATTGGTCCTTCAAATTATACATATAATCATCTATATGACCTGTCAAGCAATCATACACTAATTCACCATCATGTAATGCAAGCTTCAAAAATTCACTATCTATTTCCATATCCCCGTCAACAAAAAAAAGTATATCGCCAGAGGCTAAACTAGCTCCTATATTTCTAGCTATTGCTGAGTTACAATCACCCGTTAATTCAAAAATTTTTACTTCAGGGAACTCCAAAGCCCTATCTAAACTGTCATCAGAAGATTGAGAATCTATATAAATTATCTCTCCCTCAACAGCTGTGATTTTTATTGCCTTAATAATGCTGTTAAAACAGCTCGTTAATTTCCACCCCTCATTTTTTCCTACAACGATAAATGATATCATCTTAACTTTTAAAATTTAGAATGAGGAAATAAGGTAACTTCCATACTAAATGAATACAATTGTAATGCCTTTTATGAAATTTGATAAACTTAAAAATGTTTTGATGGCTATGAATATCGAATAAGTCTCTTATTTTAAGGTAATAAGTATTTTCTCCACTTTGGCTCCGTATTCTAGTTTCCTGCAGATTTACTTTTACAACAGCATTCCATGAAATGTATATTCGTATGCCTTTTTTACGAGCTCGAAAACAAAAGTCTGTATCAGAACCATACTGAGGAAATTCCTCATCAAAATACCCTAACTCTTTAAGAACTGTATTTGGAATTAAAATTCCCCTTCCTGGCAACTCCATAGTTTTGTGTATCCCCTTTATTTCACTCGAATAGCTTTTTTGTAATGGCTCAATATAATGTTCACTTTTTAATCCAGCTCTTAAATGGTTTTTTACACCTGCGAATAAAATTAAAGGGTTGTCATCACTATTAGAAATTGACATAGAGCCAAGTACCACATCTTGTTCTTTAAGGCTTTTATAGTCATCCAACAATTTTGAAATGTATTCAGGGTTTATCTCAACATCATCATTCAATGTTAAAACAAAATCAGGTTTAAATTTTTGGGCACACTTAAACCCTTCATTCATACTTTTTGTGTACCACCAGTTACCGTTACCATTGATAATGTGAACGGATGGGAATTTGTTTTCCAACATACCAATTGTCCCATCAGATGAACCGTCCACAACCACTATAATTTCAATTCCTATTAAATCATCAGAAGTCATCTGATCTTGCAATTGCGAAATTATAATCTCAAGTTTTTTAGCTCTATTAAAAGTTGGAATAATTATTGCAATTTTAATCATTATTTAAAGCATTTATTATTGAATATTTTCACAATAATCTTCAATCTAAGAGCCAAAATTCTTTTTAATGTATAAATAAAATATTTACCTTTTGTTTTTTTATTAAAATTTTTATAAAGATTTTTATATATATTTATTCTTTTAGAAAGATCATAATTGAATGACAACCCTCCTACATGACTTCTATACACTGCCATTATATCGTTTATATAGTAAATTTTACCTATTTGAGTACTTGATAGCTGAATTGCTTTTTCTCCTGCAGAAATAGAAACAGCCCAACTTGTGAAAAATTCAACGACTTTTTTATTAACAAAAACCATTGAGACAGTAGCAATTCTGGGCTTATTTGAAATTACTTCTCTTATACTGACCCAATTAGATTTTTTATGGCTCTCAATAACCAGTGAATCTTCTATGCTGTTATTTTCATAAGTTGTTTTAACATTATGAAAACATAACGAACAATCCTCATTTCCCTCCATAAACGCTACCTGTTTTTGGAGTTTTAGTGGATCGGTCCAATAGTCATCGCCTTCACAGAGGGCTATGTATTTGCCGCCGGCACTGTATAGGTTATAGAGAAAGTTAAATCGGCCCGTTGGTTGACCGCCTATTTCTATGTTGTTTTCCCGGTGATGAAGAAAAAGACGAATCTTTTCTGGATATTTTTGAGCGTATTCAGTACAAATTTCTCTTGTGCCATCTTTTGAAGCATCCTCACCTAATAAAACTTCAAAAGGAAAATTGGTTTCCTGCATTAAAATACCATCCAGGCATTCTTTTATATAAGGTGCATGATTGTAGGTCTGAACACAAACAGTAACGACCGGATTATCATCAACCTTATGAGGGTAATGCTTTGCAGGAACCTTTTCGTATTGTTCTTTAAACTCTTGAAAATTCATTTATAGTCTTTTTGGATATTGATAAACCTTTCATCATTCAATATTCCTTCAACAATGTCACTTGGCAAAACCTCTTTCCACTCATCTGATCTCTTATTACTTCTGTAAACATCATAAGGATCATCCGAAGATTTCGATGTGCTAT
CP175953.1_gap77	3554373	3558706	4333	GGGTCATTTGCCTGAATTTATCTTCTTCCCAAATAAGGATGTCGCCGGGGAAATTAATGATGAGTTTCTCTTCATCAAATCTCTCAAACCGAACAAAATTATTGTTGCTTGCCCCGTTTTCTGTATCAAATACCTGACGGGAATTTCCATTTTGAATGAGCACCCCATTATCAACCGTTCCGATGAACAGCTGGCCTGAGTGCTTTGGGTATTCAATAACTTCTATATATCCAAGATGGGCGTTCTTTTCCTCGTTCTCGTAATCCTCTATCTGAATAACACTGTCGCCTGCCGTCTTCACAATTTTATACTCGTATGCAAGCCAAATACCTGAACTATCATTCTTGATTACTTCGGCTAAATCAGAATCAACAATTAGTTCTTTCTTTTCAAATTCAGTTCCTGTAAAACGATAGGTATCTCCATACGCAGTCGCCCAGAGCACTCCCCTCTCATCTTCGTTTAACTCAATCCGGCTGCCTCCTTGCTTTCCAAAATCATACGTTTCTATCTTGCCGCCTATATATCGCTGTACATACCCCAAATCACCTTCCAGAAATAACCAAATCCCCCCCTTCCGGTCTTCATATAATTCGAGGATACGCTCAGTCGCCAATCCTTTTAAGTTAGACTTATTGAATACCGTAAATGAATTGCCATCAAAACGCACCAATCCCCCATAGGTAGCCATCCATAGGTAACCATCTTTCGTTTGAATGATATCATTAACGGAGCTTTGGGGAAGCCCGTCTTTAAGACCAAACTGTGTGACTACAAAATTCTGTTCACCTATAGTTTGGCCTTGCACACCTGTAGCACAGAGTACCTGAAAAGCCAACAATAAGAAAAGGGGTAATACTGCTTCCTTCATACATCAATTATGGGCCGCAAAAATACACAGGAGGGGATGAAATACAAATAATAACCGTTATCATTGGCTAAATTTAATACTCCCATACAAAACCATAATCGCTTATTCCAACACATCTTTTGCGTAGCTCTTCATAGCCTGTATAAAGCAATAGGTGGCTAAAAGCCCGCAAACGGTAAATACCAACAGCAGTGCTTTCGAGGGTCCGTAAACACCGGTAAAAATATGATCGATCATCCAGCCGGTTACGGGAGGACCAATTCCAAAACCCACGATGCTCACCACAAACAAATACACCGCGCCGGCCATCCCGCGCATATCGGATTTTACAAAATATTGGATGAGCGCAGCGGCCACTCCGTTATAGGAAGAGGATACGACGTTGGCGAATCCCACCAGTAAGAATGCCGTCAAAGCCGACTCGGCCATCAACCCGAAATAATAGAATGGGAGTCCACCCAGGGCTGCTACGATTCCCATCACAAAACGCTTTTCAGCTCCCCATTTTTTAGCAAAGTAATCAGCCAGCCAGCCGGATGCATTTACACTAACCCCGGTTGCAAACATAAACCAGCCGTATTGAGAAATTAGCGAAGGCATTTCAAAAGTGTCGTTAAGCACCGTCCCGATAAAAGCGAGAATGGTGTATCCGCTGAGGGCCAGAAGGGAAAAACCCGCCAGATGATAACGCACCGTTTTCTTTTGGAGAATGAATTTCAGCACGCTGAAGAATTGCATTGCCGAGCGCTCACTTTTGCCTGAATTGCGTTTCGGCTCACGAATTAACAAAAAGCCAATGACTACTAAAACCAGTCCCGGCCAGCCTACAGTTTTCATGGCTATCCGCCAGTCGTAGAGTTCAGCAAAAGAACCGCCAATCAGAAATGAAAGTCCTACCCCTACAAATATCCCGGATGCATATAATGAGAATACCCTTGCCCTTTTTTCGGGCGGAAAGTAATCGGCCAGCAACGAATATACCGCCGGACTCAATGCCGACTGACTTACCCCTACAAAAAACCGGGCCGTAACCAGAAAAAGGAACGAGCTGGCAAATCCGCTGGCCACCGTCATCAGGCTCCAAATTAATAAACCTGTCAGGATAATTCGCTTACGGGAAAACTGATCAGCAAACCACCCCATGAATATTCCGCAGATGGCATAAATCAGGGAAAAAGCCGGCCCGTACAACACCCCGATTTGCGTATTGCTGAAGCCAAGGTCATCACGGATGGCCGTTCCCAACACGGCCACAATCTGCCGGTCCACAAAGCTGGAGATATAGATAAGGGATAGTAACCCCAACACCAGCCAGGCATAGAATTTGGGAGATTTAGCTTCGAGCGTTTCATATATGAATTTCATGGCTCCAAAGATAACACCGAACAAGGAACATTCAACATTGAGCGTTGAACGGTTAATTCATCATTGTATTCCCTTTATCCTGTAAATCAGGGTTCAAGTCTCTTCTTTATAGAACACGGATGAGTGGATAGGGCTGATGTTCGCTGATAAAATCCAATCATGTTTCAACAAAATATCGGGGCTATTTCAGATTCCGGCTCAGGGCCGGAATGACGACAATGTTGTTTATGAATGAAGAATAGCTGATATCCTATTAATAGTCCGCGAATATTTGCCCTACCTGTTTCATCCGCGTTCTATTACTGACCAGTTTAACAACATACACTCCTTCTTACCTGCCTATGTCAATCAAAAAAACCTTCAATAAAACTATCACATAAAGGGTGAAGAATGTTTATTTTTAAGGCTCACAAAATTTTGATTTAACCACTCACTCAACAATCATGATGAAAGTTGGAATTCTGGGCGCTACAGGCGCTGTTGGCCAAAAATTTATTCGCTTGCTTCAGGGGCACCCCTGGTTTGAAATCGAAGCCCTTGGAGCTTCAGAACGTTCGGCCGGAAAAAAGTATAAAGATGCTGCCAACTGGATTGAAGATGTGGTGTTGCCCGAGCATATCATGGACACCGTTGTCAAAAATTGTGAACCCGGCGAATTTAGTAACATGGATTTTGTGTTTTCCGGGCTGGATTCATCCGTTGCCGGTGATATCGAAAAAGCTTTTGCGGAAGCCGGGATTCCGGTCATTTCCAATGCAAAAAACTACCGGCAGGACCCCACGGTTCCGCTGCTGATACCGGAAATCAACCCGGATCATACCGACCTTATTAAAACACAGTCGTTCAGTAAAGATGGGAAGGGCTGGATTGTGACCAACCCGAATTGTGTGGCCGTGCCGTTATCGCTGGCGCTAAAACCATTGTTTGATTCATTTGGAATTGAAGCCCTTATCCTTACAACCATGCAGGCAGTTTCAGGAGCCGGATATCCCGGTGTGGCCAGCCTGGATATTCTTGGTAACGTGGTTCCTTTTATTTCCGGAGAAGAGCCTAAGGTTGGACCTGAAACACGAAAATTACTGAGTACTTTGTCCGGCGAATCCCTTAACCTTCCCGAATTTAAGGTTCAGGCGACAGCAACCCGTGTTCCGTCTATCAACGGACATATGATTTCAGCTACCGTGAAGCTGGAAAACCCTCCGACTGATTTGGACGAGCTGAAAAAAGCCTACCAAAACTACCAGAATCCTGTTTCCGAATTGGATCTGCCTTTCTCACCGAAAGCACTCTATAACCTTCACGACAATGAATATTACCCACAACCCCGCCTCCATGCAGATTGGGAGAATGGGATGCAGCTGCATTTAGGGCGATTGAGAAAAGCCGAAGTATTTGATGTCAGCTTTGTGGCTATGGCTCACAACACCATTCGGGGTGCAGCCGGCGGTGCCATTTTAAATGCGGAATTGCTGACTAAAAAAGGATTCCTGAAATAGAATAATTTTGCCCTTGAAAACCATCGTAGAGACAGAAAATCTTGTGTCTCTATGATTTGATTGGGGCAAACTGAATTATTCTTCCATATCCCCAAGGCGTTTCTGCGACATATACAGGTTTAATTTGGTTGAAAACCGGATTGCCTCGTTCTTATCGTTTCGTTTGATATTCAATTTAATCTTTCCCTGCTCACTACCCGGCAATGGTTCAAAAAATGCCCATTGGTTGGCTTCGATAATCAATTTGCCTCCGGTAAAAAACAGGAGCCCTTTCTTGTACTGTATCTTTTTGATGTGGTCGAGCTGTATGGAAAACTTGCTCAGGTTACTCAATCCGTTCCCCATCATATCATACACTTTGTATTCAAATAGCAATTCTCCATCCAGGAAGCTCAGAATTCCCTTTACCTCCTTAACCTCCACTTTTACATCTTCGGTTTCATACATCGAATAGTTAAAAGGAATGCTCATGGTTTAATCTTCCAGCTCGTTTAGTTTTTGTTCGGAAAGCTTCAGGTTCAGATTGGATGAGATGCTGGCTGCTACATTTCGGTGCTTCCGTTTCACTTTTAATACACGTTCAGTTAATTCCTTACCCGGC
CP175953.1_gap78	3560870	3563574	2704	GTCAGCAACCTCACCGATATTTTTGGGAATAGTGCTGATCGTGAAACGGACTTCAATTACTATGTGATTTTTTCAGCCGAGCCCAATCAGGTGGTGATTAATGAATTTATGTATGATCCCGGTGACGGATTTTCGGAGTTTGTGGAGCTTTACAACCATTCGGACAGTTCATTCAACCTCCAAAACTGGACCTTCAGTGACAATACCGGCGATGATGAAGTACTCACCACAAACAGCTTTGTTCTTCCCGCTGGCAAATATGTTGTCCTCGCTCCTGATAGTCTTTTAGCCGTTTCCTTTCCAAACATTTCGCTCATTGATATGGGAAGTCGTTTTTCATCCCTGAATAACAGCTCCGATGCCATCGTCATCAAAAACCAAAATGGACTGGTTATTGACTCTCTGAGTTATGAAGACAATTGGGGTGGTGAGGAAATCTCCCTGGAAAGAAGAACAGAAACGGTAACCGGAATTTACCGGGAAAACTGGGGAAACTCCCCTTCTGAGAACCTGGCGACCCCCGGCCGGGAAAATGAAATCCCCGCAGATTCATCCCCTCCACAAATAACCGATGTTTCCCTTACTGCTGAGGATGCCATCCGTGTAATCTACTCAGAGAGAATCAGTCCACAAGCAGCTACAGCAACAGATAACTACGATCTCTCTGCCGAATCTTCCTTTACCGGAGCCATCCCGGGTATTCAATCAGCCACACTCTTTCCACCGGATACGGTATTGCTTCAGTTTGATAACGTTTTGGAGAGTGACCCTTCCGGCACCAACTATCAACTCGACATCTCCGGTCAATCCGATGTATTTGGCAATGTATCGTCTTCCCTGAGTTCCTCATTTTTCCTGATTGAATATGCACATCCTGATTCGGGAGAAGTAGCCATCAGTGAATTTATGTACGATCCCGCTGAAGGTTTTTCGGAATTCGTGGAATTGGTGAACCGAACCGACAGCGCCTTTAACCTGAAACAGTGGACCTTTAATGACAACACGGGAAACAGGCGACGGATCTCGGATACCACCTATACCTTCCCTCCCAACTCCTACCTGGTGCTTACACCAGACAGTACCCTGCTTGAATCTTATCCCGGCATTCCTGCTCTCGTCATCGGCAGCCGGTTTTCTTCGCTTAATAATTCCACCGATGCCATTGTATTCCGAGACGCATCCGGGACACTTCTGGATTCCCTTACTTACACCTCCGGCTGGGGCGGAGACGAAGCTTCTGTTGAACGAAGGTCGTTTGATTTCGCTGCAACTTTTAAAGAAAACTGGGGTACTTCTCCTGCTGAAGAGGCAGCCACACCCGGGGTTCCCAATCAAATCCCGCAAGATGAGGAGCCTCCCGAAATTCAATCGTTGTTAGTTGTAAATGACAGCACGCTTCAGCTTATTTTTAACGAACGGGTGCAGCCGGTGCCGGCCACCAATCCCGAAAATTACGATTTCTCCGCCGTTTCAAATACTACCGGTAATTTAGTCAGCCCTGATTCATTTAACTACCTTGCACCTGACACGGTAATAATTTCTTTCCCGGCTAAAATCCCCAGAGCAGAAACCGGAACTGCCTATCAGCTCAGGGTTGGCAGTCAAATGGACGTGTTTGGAAATACCTCCGAGGATTTGGTAGCTGAATTTTTCCTTATCGATCTGGCCGAAGCCGGAAGGGATGATGTAGTTATAAACGAGTTTATGTATGAACCGGAAGAAAATTACACCGAGTTTATTGAACTGTATAATCCAACCAACAAAAACTACGACCTGCGTAACTGGACGGTGAATGACAATACGGGAAATCGCAGGGAAATTACCGCTTCCGGCCTTGAACTCACCCTTAACTCCTACCTCATTCTTGCCCCGGACAGTTCCTTTCTCGAACTTTTCCCGAACCGGCCAACTATCATTCTCGGCAGCCGGTTTCCTTCATTGAATAATAGCACCGATGCCATTGTAATCCGCAACGCTGCCGGAGAATTGATCGACTCTTTAACCTATACATCCGACTGGGGTGGAGAAGGAGTTTCGTTGGAGCGCAGAAGTCCCGATTTCCCGTCGATTTATAAAGAAAACTGGGGCGACTCTCCTTCCGAAGTAAAAGCCACCCCCGGGTTCGCTAACGAGATTGAACAGGATACTGAAGCGCCTGTACTTGAAAGTGCGTTTATCGCTTCGGCTGACTCCGTTCGACTGATTTTTAATGAACGGATTGATTCTGCTTTAGCCACAGATATTTTCAACTATACCATCTCCTCACCTTTATCGATTGCTGAAGTGACAAACTATGGTGGAGACAGGGTGACCTTAGTCCTGAGCACTTCTTTATCCAGTGGCGACTCGTTCACCATTACCGTTCAGAATCAACGGGATATTTTCGGAAACACCATGACTTCAGCTTCAGCAGATCTTGAGTACACGGTTTTTTCTCCGGTTACCCGAAGGGATGTCATTATTAATGAAATCCTATACCGCAGGGCGAGTGCAGAATCAGCAGAGTTTATCGAGCTCTACAACCGAACGGCCAATAATTTCAACCTCACCGGCTGGATTTTTTCTGATGCCACCGGTTCCGCCACTATTCCGGAAGGAACCATTATCAAAAGTAATGAGTATGTGGTGCTTACCGATTCTGAAGATTTTGCCACAGGCAGCGCCCTTGCCAAAGCTAAAGCAGATGGAAATGTGGTTTATCTTT
CP175953.1_gap79	3569625	3571541	1916	ATTGGATGAGCCCACCAAACCGGCCATGTACCCGGCGACCGATGAAAACAAAAATCCTGCAAACAGCGAAAACACCACTCCGAATGTAATGGCCGTCCAATAAGCTCCCCCGCTCACAGCCAGATGCTCGATATCAATCACGTAGGTAAACACGATAAAAATCGGGATAGATAACCCTAAAATTCCCCACACAACAATATTGATTGGAGTATCCAGTTCTGTGCGGGGAATATTACCGCTTCCGTTGTTTTTTAACTCCTTCACTGCTGCCATGGAAGATTTAATCCCGTCCACCAGTGGCTTGGCCAGAGAAATAAGAGCCCATACACCACCAACAACCATAGCGCCCACACCCAAGTAACGGATTTTCTGACTCCAAATGGCAAGAGCGGCATCATAGCCTTCAGCAGCGCCCACAATAGCTGAAATTTCTTCCGGGCTTGTAACTGCCATATAAATCGGGATTCCAAACAGCCAGGAAATCAAACCTCCTGCAAAAATCAGCACCGCAATATTCAGTCCAACGATATAACCCACCGCTAAGAGCGCCACCGATAAATCGGCACCCATCCCAAAAATAGACTTTCCGGCCTTGACCGAACCACCTACAGATCCTGCAAAAACCTTTAACCCGGTCTGACTAAGCTTAAACAATGCAGCGGCAACACCCGCTTGAATAATCGTTTTAATTCCGGCTCCGCCTTCGGTTCCTGCCTTCAGAACCTCACCCGTAGCTACCCCTTCCGGAAACTGTAGTTCGCTTTCCACAATTAAAGCTCGCCGTAATGGAATGGTGAACAGAACCCCCAAAATCCCGCCAAACATCGCGATGGCCGCCGTTTCCATAAATGGAAAATCCAGCCAGTACTTTAGTAGAATAAGTGCCGGAAGGGTAAAAATAACCCCTGCCGCCAGCGATTCCCCTGCCGATGCTGCCGTTTGCACGATATTGTTTTCGAGGATATTAGACTCTTTAAACAGCTTCAACACTGCCATCGAAATAACGGCTGCGGGAATGGAAGCGGACACCGTCATTCCTACTTTTAGGCCCAAATAAGCATTGGCGCCGGCCAGGATTGCTGATAAAACAAAACCAAGCACAACGGCTTTGACGGTAATTTGGGGAAGGTCGTCTTCGGCAGAAACAAACGGGGTAAATCCTTTCTTACTCATAGGTTCGATTTAGGCTAAAAATTGGGTTTGCCGTAAATAACGATTTTTCACCTTCTATGCATAATGTTTGATGCGAGTGAGTTGATAGGTGTTAGGTGCAAGGTTTTAGGATTTAGTGTTTTCATTAAAAAACAACTAAAACCTAACACCTAAAATTTTCTTAATACGCACAAACTTATTTTACTCCCACGAATGTATTATCGGAGGTTTCGTTAGCCTCTTACCCAAATCTGCGTTATTTTCAGGTGAACGTTTACTTTGAAATAAAATCATTAGTTCATTTATGAAAACTATTGCCCAGCTTACGTACATCCCATTATCTGAAGATGATCCCCGAGAAAAAGTACAGGAATTGCTGGAGCACCTGGCTCAATATGATGTAGAAATAGAGGTTGGCTATTTATCTACAACCATTATCGGAGCTCCCAAAACGGTTTTTGAAGTAATCGAAGATCTTTACGACACCATGTCTCTGGAAAGCGAGAAGTTTCGTTTTCACGTAGAGCTGCTAAGTCCGGAGAAGTAGGTAGTTTTTGGGGCAAGGTGTTAGGTTTTAGTTGTTCTTGAACAAAACACTAAAACCTAACACCTAAAAACTTCCCCTAACACCTACAACAGTTTTGAAGCCAGGTTAGCCAGTTCCGAGCGCTCCCCTTTCTCCAGGTTGATGTGGGCATACATTTCATTGTTATTCATGCGGTCCACGAGGTAACTGAGTCCGTTACTTTGAGCATCCAGGTAAG
CP175953.1_gap80	3629114	3629614	500	GCACATACAAGATGTGCGACATCAGACCTATTACTATTGCTATATTGCTTCATCATGTCAAAGAACCCGCGCTCGGCGCGGCACGGCCCGTTCGACGGGCAGCGTGTTTACAACGGATGCATGCGCCCGGCCTCGAAAGACCAGCAAAATACATCCTAAACAATCTTATAAAGAACTTCGCGAGCTTTCCGGGCAAACCGCCTCTCATATCTCAATACTCACGACTACATTACTACCTTAAAATTCCTGTGGAGCTACGGGGATTCGAACCCCGGACCCCTGCCTTGCAAAGGCAGTGCTCTAGCCAGCTGAGCTATAGCCCCTCGGTTACCATTGTGGGCTTGGGAGGACTTGAACCTCCGACCTCACGCTTATCAGGCGTGCGCTCTAACCACCTGAGCTACAAGCCCCCATATCAGGCAGGCCTCGGCTGCAGGCGGTATTCGCCGGCTGCGGCGAGTGTGTGACCCGCCGGGTACACAGTCAATTAAAAGTACAGA
